Timestamp,F3,FC5,AF3,F7,T7,P7,O1,O2,P8,T8,F8,AF4,FC6,F4,word_label
0.6322066783905029,-10,2,-10,19,13,13,20,7,19,22,-6,-20,-2,4,sil
0.6322066783905029,-27,-9,-16,-1,9,10,15,4,4,9,-26,-33,-17,-15,sil
0.6474101543426514,-23,-14,-15,-6,-1,8,15,0,-4,5,-34,-31,-22,-13,sil
0.6474101543426514,-6,-9,-10,-11,-6,8,17,0,0,11,-15,-18,-12,0,sil
0.6630089282989502,3,-3,-3,-8,-4,16,20,7,22,22,4,-2,6,11,sil
0.6630089282989502,13,0,10,0,-3,9,12,7,32,20,7,15,17,23,sil
0.6787786483764648,20,2,11,-3,-2,-5,0,-4,16,7,13,24,19,22,sil
0.6787786483764648,23,0,2,-17,-2,-7,-7,-5,5,4,24,26,27,21,sil
0.694037675857544,22,0,8,-15,-7,-10,-16,1,18,15,29,31,36,26,sil
0.694037675857544,18,3,8,0,-4,-17,-17,0,30,19,38,32,41,21,sil
0.7099330425262451,16,5,6,5,5,-14,-7,-3,17,3,39,29,32,15,sil
0.7099330425262451,7,7,6,-8,2,-17,-7,0,-8,-13,9,12,7,2,sil
0.7252445220947266,-8,0,-10,-21,-12,-28,-18,-8,-37,-26,-17,-15,-22,-26,sil
0.7252445220947266,-15,-9,-11,-17,-16,-18,-22,-14,-56,-44,-18,-21,-37,-38,sil
0.7409048080444336,-11,-4,0,-5,-7,0,-11,-9,-45,-40,-7,-15,-25,-21,sil
0.7409048080444336,-13,5,6,7,1,0,-7,-3,-23,-19,-11,-26,-15,-16,sil
0.7559609413146973,-15,10,5,24,6,2,-7,0,-10,-9,-19,-28,-23,-21,sil
0.7559609413146973,-14,1,0,23,7,18,2,1,6,2,-14,-10,-17,-13,sil
0.7715997695922852,-14,-7,0,9,10,23,12,7,18,15,-11,-8,-4,-1,sil
0.7715997695922852,-6,-4,0,15,13,20,20,8,13,11,-17,-18,-5,1,sil
0.7874424457550049,0,-1,0,20,4,14,26,5,10,7,-17,-8,-10,0,sil
0.7874424457550049,-10,-15,-10,-7,-7,1,17,5,1,5,-17,-1,-13,-6,sil
0.8030304908752441,-20,-24,-26,-31,-8,-10,0,0,-10,-10,-20,-7,-13,-9,sil
0.8030304908752441,-2,-14,-14,-26,-4,-6,-4,-5,0,-16,-11,5,-5,0,sil
0.8183615207672119,12,0,-2,-14,-1,3,0,1,14,2,5,18,13,11,sil
0.8183615207672119,14,7,-4,-11,2,0,-5,8,10,12,21,18,31,19,sil
0.834630012512207,25,15,12,-4,2,-11,-14,2,9,8,34,28,31,16,sil
0.834630012512207,26,16,21,9,3,-9,-6,-6,7,12,33,21,18,9,sil
0.8502624034881592,6,13,11,19,9,0,0,-4,-11,16,18,0,6,8,sil
0.8502624034881592,-2,12,3,24,5,9,0,0,-9,14,5,-8,2,10,sil
0.8660097122192383,0,7,4,24,3,17,8,1,11,14,0,-5,0,8,sil
0.8660097122192383,-1,-2,0,9,5,8,17,3,15,13,-8,-7,-4,4,sil
0.8814120292663574,-6,-10,-12,-9,-9,-11,1,0,6,4,-18,-8,-7,2,sil
0.8814120292663574,-2,-8,-8,-18,-20,-19,-15,0,3,-8,-12,1,-5,0,sil
0.897026777267456,11,-1,3,-9,-7,-13,-7,4,6,-16,11,16,6,0,sil
0.897026777267456,20,2,5,-4,0,-14,-3,-3,0,-15,27,21,18,-3,sil
0.9130501747131348,4,2,7,-15,-5,-12,-15,-12,-18,-18,18,12,7,-8,sil
0.9130501747131348,-9,0,2,-15,-6,0,-8,-5,-22,-22,0,-5,-13,-14,sil
0.9289300441741944,-8,1,6,0,0,11,17,6,-5,-15,-7,-9,-16,-12,sil
0.9289300441741944,-5,6,14,12,4,20,31,9,5,2,-5,0,-2,-3,sil
0.9443240165710448,-6,0,4,10,8,16,14,0,-1,14,-9,-5,-8,-1,sil
0.9443240165710448,-6,-2,-5,9,5,11,-4,-6,-9,11,-20,-18,-21,-6,sil
0.9603891372680664,-6,0,-6,16,3,17,0,-5,-1,9,-18,-16,-7,-3,sil
0.9603891372680664,-6,-3,-7,6,5,13,13,1,9,14,-9,-8,4,5,sil
0.97627854347229,-6,-6,-19,-16,3,-3,5,8,13,16,-7,-2,5,14,sil
0.97627854347229,0,-1,-21,-17,-1,-10,-6,5,22,13,-1,2,19,15,sil
0.9912898540496826,10,4,2,0,1,-9,-14,0,19,3,15,15,26,7,sil
0.9912898540496826,13,8,5,2,4,-16,-23,-6,-9,-12,27,15,11,-3,sil
1.007361650466919,3,8,0,3,0,-19,-26,-11,-28,-24,14,4,-3,-11,sil
1.007361650466919,-3,13,15,20,2,0,-7,-3,-11,-15,-1,-4,-5,-8,sil
1.0233843326568604,-2,9,17,31,12,18,18,2,0,1,-2,-9,-7,0,sil
1.0233843326568604,-3,-18,-5,7,1,8,14,1,-9,3,-9,-13,-16,-2,sil
1.0393905639648438,-14,-39,-24,-24,-21,-11,-10,-4,-11,0,-24,-20,-17,-12,sil
1.0393905639648438,-13,-25,-20,-31,-22,-21,-19,-6,-8,-9,-25,-13,-7,-12,sil
1.0549213886260986,3,-5,-8,-24,-6,-20,-14,0,-9,-17,-11,2,-3,-4,sil
1.0549213886260986,9,2,0,-16,0,-11,-11,3,-2,-9,2,11,-3,-1,sil
1.0706017017364502,1,13,16,-1,2,3,-3,2,0,0,13,13,1,0,sil
1.0706017017364502,0,16,19,15,11,17,15,3,-4,0,12,6,2,2,sil
1.0853538513183594,0,0,6,14,11,19,23,4,1,7,-2,-7,-9,3,sil
1.0853538513183594,-5,-6,0,6,0,15,15,3,15,13,-13,-8,-14,12,sil
1.1014752388000488,2,-2,-1,0,-6,3,15,2,23,11,-2,6,2,23,sil
1.1014752388000488,15,-2,1,-8,-2,-6,4,1,16,2,11,20,14,15,sil
1.1174240112304688,12,-1,0,-16,0,-2,-10,0,4,-8,14,18,14,-7,sil
1.1174240112304688,7,7,2,-18,0,5,-1,0,9,-4,24,14,19,-6,sil
1.1329338550567627,6,24,21,0,4,5,13,7,15,8,36,19,25,7,sil
1.1329338550567627,0,31,17,29,6,2,6,2,4,7,24,8,16,0,sil
1.1489834785461426,-11,13,-4,31,0,6,6,-4,0,7,-1,-7,0,-4,sil
1.1489834785461426,-9,-3,-11,17,2,13,24,0,7,24,-14,-15,-6,8,sil
1.1650800704956057,0,-6,-3,20,7,11,19,1,1,23,-17,-11,-6,13,sil
1.1650800704956057,0,-10,-1,13,-2,3,0,0,0,9,-15,-4,-1,6,sil
1.1811842918395996,3,-14,-11,-10,-11,-8,-5,0,14,7,-10,-4,0,0,sil
1.1811842918395996,2,-13,-12,-23,-7,-17,-18,-8,0,-6,-13,-8,-8,-11,sil
1.1963660717010498,0,-15,-10,-25,-7,-18,-36,-13,-20,-22,-8,-7,-9,-15,sil
1.1963660717010498,6,-4,-4,-17,-2,-17,-29,-6,-16,-18,10,7,6,-5,sil
1.212029218673706,14,19,9,0,8,-14,-19,-8,-25,-23,14,20,7,-3,sil
1.212029218673706,0,19,3,7,5,-10,-18,-13,-43,-33,2,0,-13,-17,sil
1.2271974086761477,-15,5,-2,3,0,-5,-11,0,-32,-25,-6,-26,-26,-26,sil
1.2271974086761477,-16,6,0,9,3,7,0,4,-11,-12,-13,-27,-17,-14,sil
1.2423243522644043,-11,2,2,11,2,13,4,4,-5,-2,-14,-14,-9,1,sil
1.2580084800720217,-7,-8,10,5,0,13,8,10,3,12,-5,-3,-6,6,sil
1.2580084800720217,-3,-18,0,3,0,16,17,4,18,27,0,-7,0,5,sil
1.2580084800720217,-6,-24,-13,-6,-3,10,19,0,16,28,-13,-15,2,5,sil
1.2732956409454346,-3,-18,-8,-15,-4,3,18,11,14,20,-20,-3,3,4,sil
1.2732956409454346,6,-9,-5,-9,-1,1,17,10,29,14,1,17,18,13,sil
1.289522409439087,11,-7,-5,-13,-4,-6,4,6,34,9,21,29,32,33,sil
1.289522409439087,7,-1,-8,-23,-12,-16,-6,5,17,0,14,20,20,27,sil
1.3051409721374512,0,5,-5,-19,-8,-17,-8,-6,0,-10,6,6,0,0,sil
1.3198163509368896,0,11,5,-6,3,-9,-3,-7,0,-10,16,14,1,-1,sil
1.3198163509368896,7,14,8,0,8,-3,0,0,-2,-13,19,25,1,5,sil
1.3350772857666016,0,12,11,0,2,-4,-5,-5,-15,-25,4,10,-17,-16,sil
1.3350772857666016,-5,16,17,15,5,1,-9,-10,-9,-13,5,-6,-13,-29,sil
1.351139783859253,4,27,21,39,17,14,4,1,9,6,2,-2,0,-12,sil
1.351139783859253,9,24,12,37,16,17,14,7,1,1,-19,-6,-12,-4,sil
1.3664865493774414,1,4,1,22,7,14,9,-2,-20,-4,-16,-17,-13,0,sil
1.3664865493774414,3,-3,8,23,5,18,9,-2,-19,6,4,-7,5,11,sil
1.3822555541992188,4,-10,2,8,0,15,14,6,0,15,1,-3,14,12,sil
1.3822555541992188,-2,-20,-18,-23,-8,-1,3,6,7,17,-4,-10,8,3,sil
1.397433519363403,0,-11,-15,-18,-8,-4,-2,0,7,15,0,0,2,3,sil
1.397433519363403,6,-2,-3,-1,-2,0,-1,-4,5,5,-6,9,0,7,sil
1.413391351699829,0,-14,-5,-21,-8,-9,-13,-3,0,-4,-14,0,-2,1,sil
1.413391351699829,-6,-20,-15,-33,-17,-22,-24,-4,1,-2,0,-5,-1,-7,sil
1.4283955097198486,0,-7,-10,-15,-13,-24,-25,-9,9,0,19,9,6,-9,sil
1.4283955097198486,3,1,3,-6,-5,-22,-30,-7,-2,-11,23,25,2,-9,sil
1.4445369243621826,0,8,7,4,-1,-16,-31,-2,-16,-14,14,9,-8,-15,sil
1.4445369243621826,0,17,21,22,4,-1,-16,-1,-7,-2,4,-5,-2,-11,sil
1.4604535102844238,-7,12,13,19,8,9,2,-3,-4,4,0,-11,4,0,sil
1.4604535102844238,-25,0,-11,2,4,14,17,-1,-13,0,-11,-23,-7,-5,sil
1.4759714603424072,-25,1,-7,4,5,26,30,7,-11,-2,-16,-22,-13,-10,sil
1.4759714603424072,-5,2,-1,10,9,26,34,9,-9,-2,-15,-12,-4,4,sil
1.491688251495361,-3,-9,-12,-7,1,3,23,1,-15,-8,-29,-14,-8,9,sil
1.491688251495361,-7,-13,-17,-19,-7,0,17,5,6,0,-30,-15,-4,1,sil
1.5073957443237305,1,-8,-12,-9,-4,12,20,16,38,21,-6,-3,11,7,sil
1.5073957443237305,0,-13,-10,-13,-1,1,14,17,38,22,0,-1,7,15,sil
1.5223851203918457,0,-16,-14,-20,-4,-14,8,9,23,11,-6,-4,1,9,sil
1.5223851203918457,18,0,4,0,-4,-9,5,3,22,9,12,15,18,12,sil
1.5379705429077148,26,6,15,10,1,-6,-1,0,27,12,34,35,36,22,sil
1.5379705429077148,14,-1,0,-4,3,-14,-12,-3,12,4,22,21,18,16,sil
1.553051471710205,17,9,9,-1,0,-12,-23,-8,-20,-11,7,12,-7,3,sil
1.553051471710205,26,26,24,15,0,-14,-29,-15,-31,-23,15,24,-4,0,sil
1.568225383758545,14,19,16,8,4,-19,-30,-14,-20,-29,15,21,-2,-8,sil
1.568225383758545,0,7,7,-1,0,-7,-28,-10,-28,-28,1,1,-18,-25,sil
1.5842618942260742,-2,8,9,7,-1,-2,-22,-10,-37,-21,0,-1,-20,-28,sil
1.5842618942260742,1,17,23,22,11,1,-9,-2,-21,-8,10,11,-3,-7,sil
1.599703311920166,-4,20,22,29,22,23,6,0,0,6,13,1,1,0,sil
1.599703311920166,-22,7,2,16,6,26,8,-5,-10,1,0,-16,-12,-13,sil
1.6154820919036863,-23,-2,-5,6,-6,15,7,0,-22,-6,-11,-15,-18,-10,sil
1.6154820919036863,-12,0,-5,16,6,19,17,7,2,7,-6,-9,-5,4,sil
1.6310362815856934,-7,-2,-6,11,15,18,19,6,26,16,-4,-8,0,4,sil
1.6310362815856934,-4,-17,-15,-10,0,0,11,6,15,10,-15,-12,-6,0,sil
1.6461615562438965,-6,-26,-16,-24,-16,-6,8,9,6,14,-23,-17,-5,0,sil
1.6461615562438965,-15,-25,-14,-28,-16,5,10,1,14,13,-19,-18,0,-3,sil
1.661821365356445,-11,-21,-21,-24,-13,5,9,-2,12,0,-9,-15,5,1,goodbye
1.661821365356445,-1,-17,-18,-23,-10,-6,9,7,10,3,-9,-12,7,9,goodbye
1.6774065494537354,-6,-15,-14,-24,-5,-5,16,9,24,18,-16,-14,4,3,goodbye
1.6774065494537354,-6,-10,-6,-13,-6,0,11,1,30,17,-13,-13,2,5,goodbye
1.693488836288452,9,0,2,0,-8,-9,-4,3,17,11,0,0,11,16,goodbye
1.693488836288452,18,1,-1,-2,-5,-18,-6,0,7,11,3,13,20,14,goodbye
1.7095367908477783,21,2,4,0,-2,-9,-2,-7,4,5,11,21,21,7,goodbye
1.7095367908477783,32,17,15,18,2,-1,-6,0,-4,1,28,29,15,8,goodbye
1.7254762649536133,28,20,10,20,9,-7,-14,-1,-21,0,24,23,3,4,goodbye
1.7254762649536133,5,6,3,0,10,-10,-16,-8,-21,-10,7,17,3,0,goodbye
1.740938663482666,-4,2,-2,-1,5,-6,-10,-4,-3,-17,11,15,9,-1,goodbye
1.740938663482666,-5,7,2,6,-1,-3,-7,-1,-7,-23,14,13,0,-6,goodbye
1.7561547756195068,-7,5,7,-1,-1,0,-8,-2,-18,-23,9,10,-6,-6,goodbye
1.7561547756195068,-5,3,4,-6,7,2,-7,1,-7,-9,11,8,0,-3,goodbye
1.7717115879058838,-6,0,-1,4,6,-1,-2,5,1,-2,6,-2,-2,-11,goodbye
1.7717115879058838,-16,0,-1,9,0,-8,-1,-1,-7,-13,-4,-14,-13,-21,goodbye
1.7873661518096924,-13,9,10,6,4,0,-6,-6,-19,-21,-9,-10,-23,-19,goodbye
1.7873661518096924,0,16,11,16,9,1,-10,-4,-25,-8,-6,-12,-26,-14,goodbye
1.802478313446045,1,13,2,20,2,-3,-8,-7,-21,1,-4,-15,-14,-10,goodbye
1.802478313446045,-5,4,6,7,-1,10,0,-3,-8,0,-4,-3,-6,0,goodbye
1.8180618286132808,0,0,12,7,4,30,11,5,3,7,0,-2,-3,8,goodbye
1.8180618286132808,11,5,17,19,11,24,18,8,1,14,2,-8,0,9,goodbye
1.8332829475402832,5,3,5,7,0,13,15,2,0,-3,-16,-12,-7,0,goodbye
1.8332829475402832,-8,-15,-19,-21,-14,7,9,2,9,-11,-35,-18,-16,-1,goodbye
1.8499445915222168,-3,-18,-16,-23,-10,1,4,6,22,5,-15,-9,0,12,goodbye
1.8499445915222168,3,-12,-9,-8,-3,-2,9,1,21,14,3,-1,13,15,goodbye
1.8640666007995603,-6,-18,-13,-14,-8,0,13,0,10,6,-6,-8,-1,0,goodbye
1.8640666007995603,-11,-12,-4,-7,-2,4,15,1,14,8,-8,-3,-3,2,goodbye
1.879253625869751,3,4,3,8,8,9,17,3,29,18,5,16,21,21,goodbye
1.879253625869751,13,1,3,-3,2,4,10,5,34,33,15,27,40,29,goodbye
1.8950552940368648,2,-9,-3,-15,-5,-12,-5,0,21,34,11,13,26,10,goodbye
1.9102258682250977,-9,-8,-8,-3,-1,-25,-22,-8,-3,-1,-8,0,-7,-16,goodbye
1.9102258682250977,-6,-4,-7,0,0,-14,-20,-3,-21,-16,-9,2,-13,-14,goodbye
1.927454948425293,8,-1,-3,1,-4,-3,-7,1,-12,7,21,11,15,9,goodbye
1.927454948425293,17,1,10,7,-4,-12,-5,7,2,11,29,17,22,14,goodbye
1.9425594806671145,10,4,9,3,0,-12,-6,4,2,-3,16,15,3,1,goodbye
1.9425594806671145,0,9,1,-3,8,2,2,-7,-8,-9,10,2,-9,-7,goodbye
1.9425594806671145,-7,11,-4,-7,9,4,7,-9,-18,-18,-3,-18,-16,-22,goodbye
1.9581706523895264,-10,-5,-14,-11,-4,-11,-2,-1,-20,-20,-13,-23,-10,-23,goodbye
1.9733121395111084,-4,-15,-7,-11,-14,-17,-10,0,-15,-11,0,-3,-1,-8,goodbye
1.9733121395111084,-5,-1,-4,-3,-3,1,-2,0,-5,-5,0,0,-2,-10,goodbye
1.988955020904541,-7,5,-6,4,4,9,-1,1,-3,-3,-17,-8,-8,-18,goodbye
1.988955020904541,3,2,4,0,0,-3,-9,0,-3,-9,-9,-1,-3,-3,goodbye
2.009910821914673,6,0,10,-12,-3,-3,-6,-3,2,-15,0,1,0,4,goodbye
2.009910821914673,-3,2,9,-9,3,15,-1,0,4,-8,-7,-7,-3,0,goodbye
2.009910821914673,-3,9,3,7,9,16,-4,3,1,-2,-8,-8,-5,0,goodbye
2.019994020462036,6,13,2,13,3,3,-11,-8,-9,-17,0,-3,-8,1,goodbye
2.0350069999694824,11,17,10,17,0,7,-6,-12,-20,-25,0,2,-13,4,goodbye
2.0350069999694824,7,19,8,23,6,12,6,2,-5,-4,7,2,-10,9,goodbye
2.0510241985321045,0,12,2,18,9,3,12,10,17,20,22,9,4,13,goodbye
2.0510241985321045,0,2,3,15,3,0,7,4,13,30,26,17,19,11,goodbye
2.0664618015289307,-5,0,5,13,0,4,4,0,-3,15,9,7,9,2,goodbye
2.0664618015289307,-11,0,2,3,0,2,3,0,-3,1,-10,-8,-7,-1,goodbye
2.0819687843322754,-3,-7,0,5,0,1,9,1,3,8,-14,-5,1,4,goodbye
2.0819687843322754,0,-14,7,12,-2,0,11,2,-3,16,-6,4,9,5,goodbye
2.0980007648468018,-11,-15,-2,7,-6,1,12,0,-6,11,-7,-1,-3,-2,goodbye
2.0980007648468018,0,-10,-12,4,-5,1,14,-1,14,9,-11,0,-1,3,goodbye
2.11336612701416,17,-10,1,-2,-5,-8,6,0,19,9,-11,15,10,16,goodbye
2.11336612701416,11,-17,0,-16,-11,-25,-7,0,0,3,-10,12,7,8,goodbye
2.1293046474456787,4,-14,-8,-21,-9,-21,-15,0,9,-3,-4,1,9,0,goodbye
2.1293046474456787,7,-2,-3,-23,0,-1,-8,5,35,1,12,5,23,1,goodbye
2.1448192596435547,3,4,-4,-28,0,0,-1,5,14,9,25,5,15,-8,goodbye
2.1448192596435547,0,8,-2,-18,0,-2,-3,0,-15,1,17,-1,-2,-17,goodbye
2.160268783569336,2,13,4,6,14,11,0,-3,-9,-7,-1,-10,-10,-3,goodbye
2.160268783569336,1,13,5,16,23,19,5,-1,-8,-14,-14,-17,-25,1,goodbye
2.1758012771606445,-8,-3,-4,-9,6,10,6,1,-4,-10,-11,-17,-28,-7,goodbye
2.1758012771606445,-13,-28,-23,-42,-3,4,4,1,24,10,-7,-18,-2,0,goodbye
2.190968036651612,-8,-26,-27,-44,-1,-1,0,0,25,11,-6,-15,6,2,goodbye
2.190968036651612,-12,-7,-24,-27,-6,-15,-19,-11,-13,-19,2,-10,-2,-13,goodbye
2.206923246383667,-12,13,-5,-10,-6,-17,-28,-13,-31,-32,14,5,0,-19,goodbye
2.206923246383667,6,31,17,11,7,-3,-7,0,-18,-9,21,17,11,-3,goodbye
2.222557306289673,11,25,13,26,10,1,10,6,-14,2,19,7,7,3,goodbye
2.222557306289673,-11,6,1,25,3,2,6,0,-24,-7,-4,-9,-13,-2,goodbye
2.238574743270874,-17,1,-1,27,1,13,6,-3,-23,-1,-21,-15,-20,-4,goodbye
2.238574743270874,3,0,13,25,-5,14,8,-2,-11,8,-10,-4,-7,0,goodbye
2.2543628215789795,11,-2,21,23,-14,-2,-3,0,-4,-8,-9,1,-9,-2,sil
2.2543628215789795,0,-3,4,32,-8,-9,-14,-2,-2,-22,-19,1,-13,-7,sil
2.27005934715271,5,3,12,32,-1,5,0,2,10,3,-2,12,4,7,sil
2.27005934715271,20,17,29,32,-6,15,23,13,34,28,11,21,21,30,sil
2.2851004600524902,16,10,12,25,-6,2,21,7,36,11,-4,13,12,25,sil
2.2851004600524902,0,-10,-11,-2,1,-10,1,-2,15,1,-15,6,2,7,sil
2.300548791885376,-7,-17,-18,-22,1,-8,-10,-1,7,12,-7,3,4,0,sil
2.300548791885376,-8,-13,-9,-20,-2,-4,-18,0,4,2,-5,-1,0,-7,sil
2.316583633422852,-2,-14,-5,-23,3,-1,-10,0,-1,-4,9,3,3,-9,sil
2.316583633422852,6,-12,-8,-35,3,-4,6,4,-4,6,30,16,14,0,sil
2.331658840179444,1,-6,-6,-37,-6,-12,7,0,-8,-4,18,13,9,0,sil
2.331658840179444,-10,-3,-4,-23,-7,-11,-1,-10,-6,-14,11,-1,5,-9,sil
2.347276210784912,-2,7,2,-5,2,-3,-4,-4,2,6,35,5,19,-1,sil
2.347276210784912,12,20,6,6,13,-1,-7,3,0,13,40,13,26,5,sil
2.362859010696411,10,14,7,3,11,-1,-11,-2,-13,0,13,0,11,6,sil
2.362859010696411,3,5,9,-7,3,3,-6,-3,-17,0,-3,-12,-2,7,sil
2.377988338470459,6,12,6,-2,5,3,0,2,-5,0,-4,-13,-6,4,sil
2.377988338470459,7,20,15,18,13,4,0,2,8,-5,-9,-3,-13,4,sil
2.393499851226806,0,10,9,30,9,11,0,0,1,-6,-23,-1,-30,-1,sil
2.393499851226806,-12,-6,-13,16,-2,13,8,-1,-16,-11,-40,-18,-46,-18,sil
2.4092249870300293,-17,-14,-12,4,-7,12,12,-4,-15,-11,-40,-29,-41,-20,sil
2.4092249870300293,-16,-18,-9,6,-2,18,23,0,-2,8,-27,-28,-23,-12,sil
2.4254496097564697,-19,-22,-18,-1,-3,23,29,14,11,23,-28,-26,-13,-7,sil
2.4254496097564697,-21,-19,-21,-12,-5,18,23,17,39,26,-25,-20,-1,3,sil
2.441052198410034,-7,-12,-13,-6,0,4,15,5,49,20,0,-3,18,13,sil
2.441052198410034,7,-4,-1,-1,3,-7,0,-3,18,1,19,13,26,11,sil
2.456839084625244,15,0,3,0,0,-12,-17,-5,-3,-5,21,20,25,11,sil
2.456839084625244,21,3,7,3,0,-16,-20,-3,1,-1,14,24,19,13,sil
2.4719231128692627,14,0,1,-10,-5,-21,-15,-4,1,-12,1,18,5,0,sil
2.4719231128692627,-4,-6,-11,-29,-17,-24,-23,-12,-18,-33,-3,2,-5,-19,sil
2.4871246814727783,-5,-1,-1,-19,-16,-16,-26,-8,-25,-30,4,4,3,-16,sil
2.502257823944092,9,12,12,1,-6,-8,-11,0,-14,-8,14,9,22,1,sil
2.502257823944092,10,21,15,6,1,-8,-6,-2,-12,-1,24,13,21,9,sil
2.502257823944092,6,22,17,5,7,-5,-10,0,-10,-1,37,27,14,7,sil
2.517385959625244,8,17,10,8,3,-7,-10,0,-1,6,31,27,15,5,sil
2.517385959625244,-1,7,3,11,-3,-9,-7,-1,-10,7,8,4,0,-1,sil
2.532922744750977,-17,-5,-3,5,0,1,2,1,-17,0,-11,-15,-20,-10,sil
2.5490288734436035,-14,-15,-3,-12,2,10,13,5,-2,-5,-26,-20,-26,-12,sil
2.5490288734436035,-3,-7,1,-9,-2,12,24,1,4,-9,-24,-16,-26,-15,sil
2.56461501121521,0,0,0,11,2,12,27,0,0,0,-2,-9,-22,-13,sil
2.56461501121521,-6,-2,5,12,9,9,13,3,-1,8,7,-3,-12,0,sil
2.581170558929444,-3,4,4,15,12,16,2,4,2,9,6,-1,0,13,sil
2.581170558929444,10,18,3,27,18,21,3,2,11,14,5,1,8,15,sil
2.581170558929444,13,9,1,16,11,3,1,4,16,18,0,0,2,6,sil
2.5956740379333496,-5,-13,-17,-5,-10,-10,-4,1,9,8,-10,-8,0,-1,sil
2.6112279891967773,-14,-18,-20,-12,-10,0,-5,-2,0,0,-14,-11,7,1,sil
2.6112279891967773,-2,-8,-5,-6,0,11,4,-4,-5,0,-18,-13,-1,1,sil
2.6282644271850586,2,-4,-3,0,0,4,7,-5,-16,-7,-21,-15,-19,-7,sil
2.6282644271850586,3,2,1,2,1,0,3,0,-8,-5,-6,0,-2,2,sil
2.6282644271850586,10,8,7,5,9,10,12,9,25,17,8,15,24,26,sil
2.6433048248291016,10,-1,2,-1,0,6,11,8,34,23,0,11,16,18,sil
2.6433048248291016,4,-12,-5,-11,-9,-15,-10,-4,12,2,-2,2,0,-2,sil
2.6590030193328857,3,-11,-4,-12,-3,-19,-24,-5,3,-5,10,5,6,0,sil
2.6741068363189697,0,-10,-5,-13,-6,-4,-15,2,3,-2,0,0,7,0,sil
2.6741068363189697,-10,-11,-12,-22,-15,-5,-8,0,3,-4,-12,-9,-3,-9,sil
2.6896560192108154,-10,-4,0,-25,-14,-14,-10,0,9,0,1,3,0,-7,sil
2.6896560192108154,-2,3,6,-11,-6,-12,-5,3,4,3,14,13,13,-1,sil
2.705305337905884,9,16,10,2,7,-7,0,0,-8,-8,13,11,12,0,sil
2.705702066421509,23,28,23,7,15,-1,2,-5,-8,-18,19,18,1,0,sil
2.721283435821533,12,17,6,9,5,1,1,-4,-11,-12,17,9,-8,-3,sil
2.721283435821533,-8,0,-4,9,5,2,-1,0,-23,-9,3,-9,-19,-14,sil
2.73667573928833,-9,4,7,11,13,10,1,1,-13,-10,1,-7,-17,-13,sil
2.73667573928833,-1,11,10,21,7,9,6,-2,-1,-8,7,3,-4,-1,sil
2.75240421295166,-1,11,8,26,0,0,0,-2,-8,-6,0,5,-1,4,sil
2.75240421295166,-7,0,0,17,-1,0,0,-1,-14,1,-9,-7,-1,0,sil
2.767678737640381,-21,-15,-14,0,-9,2,7,-2,-16,6,-17,-23,-5,-5,sil
2.767678737640381,-28,-18,-22,-12,-12,5,11,0,-15,2,-26,-24,-11,-5,sil
2.783475160598755,-12,-21,-16,-14,-6,6,10,-1,-4,1,-31,-17,-8,-1,sil
2.783475160598755,0,-23,-2,-9,-6,-2,0,-2,0,1,-16,-4,1,0,sil
2.798471689224243,11,-5,0,-6,0,-5,-6,0,4,0,13,13,20,8,sil
2.798471689224243,22,8,2,-7,9,3,-2,3,14,-3,24,24,26,15,sil
2.814046621322632,18,8,3,-7,5,0,-8,4,10,0,14,12,9,3,sil
2.814046621322632,4,11,0,-3,0,-10,-18,2,3,2,10,-1,-5,-8,sil
2.829972505569458,-5,18,9,4,8,-2,-8,3,11,7,12,0,-4,-3,sil
2.829972505569458,-8,13,12,18,12,7,12,2,18,23,7,0,0,6,sil
2.8450539112091064,0,1,5,17,2,9,12,3,11,34,0,-5,-1,12,sil
2.8450539112091064,10,0,2,7,-5,13,7,5,1,20,-9,-5,-4,11,sil
2.8609986305236816,6,-1,-7,4,-3,12,14,-3,0,-1,-19,-7,-10,5,sil
2.8609986305236816,-3,-15,-10,-4,0,5,15,-6,7,-4,-20,-6,-11,4,sil
2.8766534328460693,-5,-28,-16,-21,-3,-1,10,5,17,0,-16,-7,3,0,sil
2.8766534328460693,5,-20,-14,-22,-10,-16,0,8,12,-12,-12,-2,8,-6,sil
2.8922698497772217,17,0,0,-7,-8,-22,-13,-1,-2,-23,0,9,1,0,sil
2.8922698497772217,14,10,5,-2,0,-16,-20,-7,-15,-16,18,14,13,2,sil
2.9084439277648926,1,11,4,-8,1,-15,-20,-4,-23,-9,25,13,17,-7,sil
2.9084439277648926,-6,9,3,-4,-6,-12,-25,-9,-24,-16,13,8,-1,-17,sil
2.924410343170166,-6,8,5,6,-7,-7,-24,-9,-23,-22,0,-2,-17,-19,sil
2.924410343170166,0,17,17,10,5,0,-6,0,-12,-12,1,-3,-13,-14,sil
2.940513610839844,0,18,15,15,16,9,6,0,3,5,7,0,-8,-1,sil
2.940513610839844,-6,9,10,25,17,20,8,-1,6,15,0,0,-9,8,sil
2.956169843673706,-9,5,5,23,12,25,20,6,8,18,-5,-5,-1,8,sil
2.956169843673706,-10,-5,-4,7,3,20,29,7,14,20,-2,-4,9,6,sil
2.971369504928589,-10,-20,-9,-3,-2,15,20,6,17,24,0,-1,14,10,sil
2.971369504928589,-8,-21,-12,-6,-3,9,17,9,26,31,-4,0,15,16,sil
2.9869418144226074,-2,-22,-8,-20,-4,0,15,11,36,25,-6,4,12,19,sil
2.9869418144226074,4,-22,-9,-31,-6,-6,3,6,29,6,4,9,11,15,sil
3.002973318099976,9,-7,-10,-18,-8,-8,-7,0,10,-7,14,14,11,5,sil
3.002973318099976,8,6,3,-6,-6,-14,-15,-8,-12,-17,3,16,0,-5,sil
3.0190463066101074,10,11,8,-2,-2,-19,-17,-14,-30,-26,0,3,-10,-17,sil
3.0190463066101074,8,17,5,4,-8,-18,-18,-12,-40,-36,7,-6,-11,-24,sil
3.035132646560669,-5,14,-3,0,-9,-13,-28,-12,-48,-44,-6,-16,-28,-32,sil
3.035132646560669,-22,0,-14,-4,-3,-8,-33,-15,-46,-35,-33,-37,-46,-39,sil
3.0505611896514893,-19,-1,-4,6,-7,0,-12,-3,-22,-10,-27,-34,-26,-23,sil
3.0505611896514893,-4,1,5,13,-9,14,15,7,0,8,-4,-6,5,8,sil
3.066678762435913,1,0,7,8,6,23,30,4,4,15,-4,5,8,21,sil
3.066678762435913,2,0,8,17,18,25,39,5,10,20,-8,2,5,21,sil
3.0823025703430176,11,1,4,19,15,12,34,5,20,22,3,1,13,22,sil
3.0823025703430176,17,1,1,-1,10,-1,8,2,19,21,10,9,18,22,sil
3.097365140914917,16,-7,-5,-10,2,-7,-6,10,23,25,9,12,25,20,sil
3.097365140914917,11,-15,-5,-4,-3,-11,-13,14,31,16,13,15,22,13,sil
3.1134583950042725,6,-2,2,-4,0,-15,-23,1,20,0,18,17,11,2,sil
3.1134583950042725,5,11,3,-2,1,-19,-23,-3,5,-4,20,20,11,-2,sil
3.128934383392334,3,10,3,0,-5,-18,-14,0,1,-7,19,16,8,-6,sil
3.128934383392334,-3,12,0,0,0,-6,-8,-2,0,-8,14,-2,-5,-15,sil
3.1450212001800537,-6,18,6,9,9,7,-6,-5,-12,-5,4,-8,-13,-10,sil
3.1450212001800537,-4,16,11,24,12,19,5,-2,-19,-7,-4,0,-12,2,sil
3.162471294403076,0,10,2,22,11,24,21,-2,-9,-6,-6,-4,-13,2,sil
3.162471294403076,5,1,9,11,14,23,23,2,0,8,-4,-9,-16,-1,sil
3.176002025604248,0,-11,12,4,9,23,23,8,8,21,-4,-5,-7,0,sil
3.176002025604248,-12,-19,-6,-8,-6,11,26,3,13,17,-13,-9,2,0,sil
3.1920175552368164,-14,-24,-21,-27,-22,-8,17,-2,5,6,-26,-15,5,0,sil
3.1920175552368164,-13,-34,-28,-35,-25,-17,-1,-5,-6,-4,-27,-15,-1,-6,sil
3.2080845832824707,-25,-36,-30,-46,-26,-18,-23,-6,-13,-22,-26,-13,-16,-20,sil
3.2080845832824707,-26,-23,-28,-46,-30,-27,-39,-12,-21,-33,-25,-11,-14,-22,sil
3.223104476928711,-6,0,-6,-16,-15,-24,-39,-10,-23,-26,0,2,6,-3,sil
3.223104476928711,14,23,22,10,6,-6,-23,0,-8,-14,28,23,8,5,sil
3.2381930351257324,19,27,23,14,12,2,-9,2,0,-9,23,17,-6,-2,sil
3.2381930351257324,16,26,27,18,16,6,0,0,-1,-1,17,14,-3,0,sil
3.254253387451172,21,35,34,38,23,12,12,6,2,14,29,19,17,13,sil
3.254253387451172,12,22,13,39,15,15,20,3,8,16,11,2,13,5,sil
3.270287036895752,-16,-8,-10,13,-4,13,18,-4,8,9,-23,-24,-9,-5,sil
3.270287036895752,-19,-23,-18,-8,-10,6,11,2,17,20,-15,-23,-1,8,sil
3.2857227325439453,8,-14,-11,-9,0,3,9,11,25,29,13,3,24,24,sil
3.2857227325439453,15,-3,-8,-5,3,4,6,1,15,7,13,13,22,14,sil
3.3009510040283203,2,0,-2,-6,0,-5,-2,-4,-5,-12,0,7,2,0,sil
3.3009510040283203,5,7,12,4,2,-7,-2,5,-17,-7,2,8,-4,-1,sil
3.3163113594055176,7,13,7,20,9,7,12,4,-11,-3,-5,0,-12,0,sil
3.3163113594055176,-1,1,0,14,12,14,13,-4,-5,-10,-26,-14,-29,-1,sil
3.3313770294189453,0,-9,-1,2,10,9,7,0,7,5,-14,-7,-20,3,sil
3.3313770294189453,3,-10,-4,-3,0,-2,7,6,23,22,13,10,10,9,sil
3.346929788589477,1,-8,-8,-18,-5,-24,-9,-2,7,0,7,10,18,2,sil
3.346929788589477,-4,-6,-12,-26,-3,-36,-28,-9,-18,-28,-3,-4,0,-16,sil
3.3625497817993164,-6,6,-3,-12,-7,-26,-27,-1,-20,-25,6,-10,-11,-29,sil
3.3625497817993164,1,22,13,13,-1,-6,-12,6,-5,-8,13,-6,-1,-14,sil
3.378204822540283,7,21,13,23,6,6,3,2,8,10,9,-1,17,8,sil
3.378204822540283,-7,0,0,7,0,16,15,0,11,22,10,3,15,9,sil
3.393378496170044,-16,-7,-11,2,-5,21,16,-2,3,16,4,-1,-4,0,sil
3.393378496170044,-3,0,1,13,-1,19,3,-2,-5,6,-14,-4,-17,4,sil
3.4093642234802246,0,-8,6,5,-7,10,-3,-1,-12,1,-22,0,-9,11,sil
3.4093642234802246,-13,-24,-14,-22,-18,0,-2,-2,-13,-1,-22,-3,-1,0,sil
3.424975872039795,-15,-23,-21,-40,-17,-7,-8,0,0,0,-20,-10,0,-5,sil
3.4404938220977783,0,-9,-6,-31,-7,-10,-15,0,15,0,1,5,8,0,sil
3.4404938220977783,13,7,6,-9,1,-10,-14,2,0,-15,18,27,14,-2,sil
3.4404938220977783,7,15,7,1,3,-6,-12,2,-16,-25,5,20,0,-8,sil
3.455952405929565,0,8,1,-1,0,-3,-9,-2,-2,-12,8,2,-6,-5,sil
3.472051858901977,7,7,13,0,2,0,-1,-5,3,-7,21,0,0,-1,sil
3.472051858901977,13,11,18,16,9,7,10,0,-8,-12,1,-3,-5,-5,sil
3.472051858901977,4,7,10,30,14,14,23,3,-7,-2,-12,-7,-8,-4,sil
3.4874463081359863,-3,0,4,16,12,18,29,1,-4,8,-2,-12,-6,-4,sil
3.4874463081359863,-6,-9,-2,0,1,12,16,-6,-14,0,-10,-22,-18,-6,sil
3.5040132999420166,0,-1,5,13,5,0,5,0,-1,2,-12,-6,-11,7,sil
3.5040132999420166,11,11,15,28,19,0,16,12,26,32,15,15,21,28,sil
3.5195982456207275,10,1,3,12,12,2,17,8,28,36,21,4,27,25,sil
3.5195982456207275,-2,-6,-5,-5,0,0,5,2,23,17,0,-3,10,14,sil
3.5347440242767334,-10,-5,-17,-13,0,-3,-2,0,27,11,-5,0,10,12,sil
4.158537149429321,13,-3,1,7,8,12,19,2,25,24,-1,4,13,29,sil
4.158537149429321,0,-15,-10,-6,-1,-4,-2,0,14,9,-9,1,6,5,sil
4.174166679382324,6,-6,-7,-9,-5,-15,4,7,19,12,7,10,26,4,sil
4.174166679382324,16,8,6,-16,-10,-23,0,8,20,11,27,21,37,15,sil
4.189389944076538,15,7,6,-14,-19,-37,-32,-1,8,-5,21,20,21,10,sil
4.189389944076538,12,6,1,2,-16,-40,-44,-11,-10,-12,20,13,6,-6,sil
4.20493483543396,10,11,8,2,-1,-15,-27,-6,-17,-3,27,12,2,-10,sil
4.220467805862427,14,23,15,4,10,5,-12,-3,-6,4,21,11,3,0,sil
4.220467805862427,16,30,24,22,18,4,-9,-11,-7,-2,14,12,3,-1,sil
4.2359678745269775,3,19,17,16,18,4,-6,-13,-18,-13,16,7,0,-13,sil
4.2359678745269775,-3,11,2,4,16,17,3,-5,-11,-2,11,1,-1,-7,sil
4.2359678745269775,1,13,8,21,17,16,10,1,1,10,-1,-1,-6,2,sil
4.250998020172119,-4,-1,4,26,6,2,11,1,-10,1,-19,-16,-22,-5,sil
4.2665770053863525,-19,-20,-8,0,-6,8,9,0,-20,-7,-34,-28,-29,-13,sil
4.2665770053863525,-13,-12,-4,-4,-1,29,14,5,-4,0,-33,-20,-17,-4,sil
4.28327202796936,-5,-9,-5,6,1,23,18,11,7,7,-27,-16,-13,0,sil
4.28327202796936,-13,-17,-10,0,-10,0,15,8,3,3,-25,-13,-17,-1,sil
4.28327202796936,-16,-18,-14,-9,-18,-4,7,0,4,2,-17,-7,0,4,sil
4.2981603145599365,-9,-13,-9,-12,-9,-3,0,0,7,1,-6,0,13,12,sil
4.313169002532959,-8,-17,-5,-14,-1,-7,3,3,5,-2,0,3,9,7,sil
4.313169002532959,-10,-22,-12,-14,-3,-8,7,0,8,-5,4,4,4,-1,sil
4.328361511230469,-7,-16,-9,-19,-7,-6,-2,-1,9,-8,1,5,4,-7,sil
4.328361511230469,-8,-7,-8,-20,-5,-7,-10,-1,3,-8,0,1,1,-9,sil
4.344003200531006,-3,-1,-3,-12,-1,-7,-7,-2,-1,-5,9,5,0,-3,sil
4.344003200531006,16,9,5,0,1,-6,-6,0,0,3,25,20,12,6,sil
4.359692573547363,30,17,3,5,0,-10,-11,-1,5,6,31,21,21,7,sil
4.359692573547363,22,12,5,3,-1,-11,-14,-4,4,-3,24,16,15,5,sil
4.37501335144043,16,14,8,2,3,-3,-3,0,5,0,20,19,17,10,sil
4.37501335144043,19,28,12,11,10,5,7,4,4,4,25,17,18,11,sil
4.391028881072998,12,31,18,20,11,7,2,1,-5,-1,20,1,4,0,sil
4.391028881072998,-3,13,6,16,7,6,-6,-5,-17,-5,-4,-19,-15,-10,sil
4.407081604003906,-19,-6,-7,3,2,7,-3,-5,-25,-11,-39,-38,-41,-22,sil
4.407081604003906,-22,-15,-15,-1,1,14,6,-2,-19,-16,-52,-45,-47,-22,sil
4.423095226287842,-17,-20,-13,-6,2,9,7,0,1,0,-36,-25,-15,-2,sil
4.423095226287842,-12,-19,-12,-18,-4,-5,0,7,22,21,-7,4,17,13,sil
4.43864369392395,-2,0,-16,-17,-9,-17,-9,1,24,23,10,12,21,9,sil
4.43864369392395,10,18,3,0,0,-10,-15,0,3,6,9,10,8,1,sil
4.454288482666016,12,15,21,16,11,3,-2,2,-15,-3,5,7,4,0,sil
4.454288482666016,0,1,8,20,8,14,16,-1,-9,3,5,-3,0,4,sil
4.46929407119751,-14,-1,2,17,0,22,23,0,8,15,0,-8,-9,3,sil
4.46929407119751,-8,-3,3,14,-7,15,22,6,19,21,-1,1,0,0,sil
4.48529839515686,7,-13,1,-3,-6,-7,11,3,20,15,5,17,19,3,sil
4.48529839515686,17,-10,3,-19,-1,-17,-8,-3,11,-2,16,24,19,13,sil
4.500590562820435,17,9,14,-8,0,-13,-19,-5,-7,-21,20,24,3,4,sil
4.500590562820435,12,15,16,2,0,-14,-13,-3,-21,-24,9,14,-10,-12,sil
4.516473054885864,0,5,5,1,-5,-14,-7,-1,-16,-18,-3,-2,-20,-13,sil
4.516473054885864,-14,5,6,6,-5,-3,-5,0,-7,-17,-14,-13,-24,-6,sil
4.53223729133606,-20,0,-1,11,2,11,0,3,-4,-5,-22,-18,-14,-4,sil
4.53223729133606,-13,-18,-18,-3,5,15,5,-1,-7,10,-25,-21,-4,-2,sil
4.547238349914551,0,-23,-16,-21,-5,4,9,-10,-17,-2,-27,-19,-9,3,sil
4.547238349914551,12,-14,-5,-13,-12,-2,9,-4,-18,-19,-21,-12,-7,9,sil
4.562875509262085,12,-11,0,0,-6,0,0,6,0,-3,0,0,12,8,sil
4.562875509262085,0,-14,-10,-12,-7,-2,-7,4,13,10,20,12,24,0,sil
4.577922344207764,-2,-11,-17,-30,-11,-14,-9,0,5,-3,23,13,17,-7,sil
4.577922344207764,7,10,2,-5,0,-14,-13,3,0,-9,29,19,16,0,sil
4.594194889068604,9,29,14,28,14,-1,-17,0,7,7,37,21,17,6,sil
4.594194889068604,-4,19,5,20,18,3,-11,-8,6,10,21,2,2,2,sil
4.609707593917847,-11,6,-3,9,19,7,1,-3,-2,9,4,-14,-4,-1,sil
4.609707593917847,-9,2,-3,23,13,16,15,3,1,25,2,-12,3,0,sil
4.624941349029541,-17,-2,0,15,4,19,17,0,4,20,-11,-8,-6,-4,sil
4.624941349029541,-21,-9,-9,-2,2,15,24,-1,0,0,-29,-17,-25,-11,sil
4.640977144241333,-6,-2,-4,-4,0,18,34,14,18,7,-19,-7,-11,3,sil
4.640977144241333,7,4,5,-7,-6,15,24,24,46,24,2,9,14,19,sil
4.657110929489136,6,0,-5,-14,-17,-11,-1,8,41,8,1,3,11,7,sil
4.657110929489136,7,-1,0,-14,-20,-29,-20,-2,19,-9,-9,2,-3,-3,sil
4.672314882278442,11,6,10,-11,-9,-22,-20,-3,9,-12,-10,6,-3,-2,sil
4.672314882278442,4,5,1,-15,0,-20,-22,-12,-10,-22,0,2,-2,-9,sil
4.688316583633423,0,6,5,-11,0,-16,-29,-17,-35,-26,3,3,-7,-18,sil
4.688316583633423,8,22,15,4,5,-2,-21,-12,-38,-15,-3,0,-5,-12,sil
4.7045578956604,7,21,4,16,7,6,0,-9,-40,-14,-18,-11,-12,-4,sil
4.7045578956604,-5,-3,-9,12,3,10,14,-5,-44,-14,-14,-13,-20,-7,sil
4.720330238342285,0,-8,0,13,6,19,22,5,-26,3,0,-7,-8,0,sil
4.720330238342285,16,5,11,26,14,27,27,13,1,22,9,4,10,22,sil
4.735995054244995,7,-10,-5,15,8,18,17,5,11,20,11,5,13,21,sil
4.735995054244995,-14,-37,-16,-16,-10,0,0,2,10,12,3,-4,2,3,sil
4.752038478851318,-8,-31,-10,-23,-19,-2,-1,6,17,18,-3,-1,5,7,sil
4.752038478851318,0,-20,-7,-12,-12,-6,0,3,21,15,1,9,12,18,sil
4.767180442810059,-8,-16,-3,-16,-9,-21,-8,-2,12,-7,7,7,8,5,sil
4.767180442810059,-1,-1,2,-11,-9,-20,-16,-4,9,-14,12,11,13,-5,sil
4.782592296600342,22,14,20,0,0,-9,-20,-1,4,-7,23,30,20,3,sil
4.782592296600342,24,21,26,8,9,-10,-17,-2,-13,-13,28,29,10,5,sil
4.798603296279907,6,25,17,16,8,-16,-8,-5,-15,-19,19,14,0,-8,sil
4.798603296279907,-4,22,12,14,4,-10,-7,0,-2,-16,6,3,-1,-15,sil
4.814319133758545,-10,8,1,2,2,0,-12,-1,-4,-12,0,-10,-11,-12,sil
4.814319133758545,-10,1,1,10,4,9,-2,-4,-10,-10,-2,-11,-23,-11,sil
4.82950234413147,-8,8,6,29,10,23,20,3,-3,0,-9,-10,-18,-11,sil
4.82950234413147,-7,7,0,24,12,30,30,10,8,13,-14,-20,-7,-6,sil
4.845006942749023,-10,0,-7,7,9,22,22,5,14,18,-16,-20,-8,0,sil
4.845006942749023,-14,-10,-14,0,2,11,16,1,13,17,-19,-16,-12,0,sil
4.86046838760376,-8,-12,-13,-7,-2,8,12,6,8,16,-23,-20,-8,0,sil
4.86046838760376,-2,-11,-16,-16,-7,3,7,6,10,15,-19,-16,1,9,sil
4.876203775405884,-9,-20,-29,-31,-15,-7,-1,-1,18,14,-18,-11,9,7,sil
4.876203775405884,-15,-27,-30,-41,-19,-13,-4,-1,17,10,-23,-15,6,-9,sil
4.891874074935913,-2,-11,-22,-31,-7,-17,-5,0,5,2,-14,-10,4,-6,sil
4.891874074935913,10,1,-12,-31,0,-17,-13,-3,-8,-8,0,5,6,11,sil
4.907383680343628,10,-2,-5,-37,-10,-11,-18,-3,-10,-15,4,10,11,11,sil
4.907383680343628,11,2,2,-11,-3,-13,-9,0,-2,-11,15,7,13,4,sil
4.923066854476929,22,19,18,10,17,-10,-5,0,-3,-1,32,24,15,7,sil
4.923066854476929,22,21,18,3,16,0,-6,-9,-7,-2,38,28,12,2,sil
4.938345193862915,12,22,19,9,8,0,-4,-12,-15,-11,27,14,0,-7,sil
4.953986644744873,5,27,27,37,12,-3,0,-2,-32,-14,10,12,-15,-9,sil
4.953986644744873,-8,8,16,43,3,3,-2,-2,-40,-21,-12,1,-22,-14,sil
4.953986644744873,-22,-10,12,30,-4,16,-5,-7,-28,-21,-26,-16,-30,-16,sil
4.9692676067352295,-8,-5,17,20,-2,28,7,2,0,9,-9,-8,-20,0,sil
4.985814094543457,-2,-3,6,13,-5,26,21,12,18,29,0,3,-2,11,sil
4.985814094543457,-17,-13,-8,12,-6,17,17,7,21,15,-12,-3,0,4,sil
5.000722885131836,-4,-16,-5,15,2,8,14,5,29,17,-2,1,6,12,sil
5.000722885131836,11,-9,5,0,-1,-3,14,9,31,25,19,17,19,22,sil
5.016317844390869,4,-4,-3,-12,-11,-12,0,4,19,11,11,10,16,10,sil
5.016317844390869,6,-1,-11,-1,-7,-16,-11,0,13,-6,-2,1,10,0,sil
5.016317844390869,16,2,-3,-8,-4,-19,-8,1,8,-16,10,14,19,7,sil
5.032938957214356,15,5,0,-22,-3,-15,-3,-4,-5,-16,26,22,22,8,sil
5.032938957214356,18,11,8,-6,6,-5,-4,-2,-12,-10,22,16,12,-2,sil
5.049288272857666,10,13,7,4,12,-4,-6,2,-4,-3,12,0,4,-11,sil
5.049288272857666,-2,5,1,-7,6,-4,-10,-3,-1,-1,4,-15,-3,-9,sil
5.062623977661133,0,7,4,-1,5,-1,-5,-4,-5,0,-4,-13,-10,-3,sil
5.07935357093811,-4,6,-4,5,5,0,1,0,-4,0,-12,-21,-11,-7,sil
5.07935357093811,-28,-11,-15,-14,0,1,-6,-5,-11,-4,-21,-33,-17,-19,sil
5.07935357093811,-31,-19,-19,-21,-4,8,-12,-9,-21,-12,-32,-32,-23,-20,sil
5.094031095504761,-18,-9,-15,-11,-6,5,-2,-5,-20,-10,-31,-19,-22,-10,sil
5.109292984008789,-11,-2,-1,0,-6,2,4,0,-2,8,-16,-7,-12,0,sil
5.109292984008789,-2,0,-2,9,0,6,6,4,11,25,-6,-2,4,6,sil
5.125340700149536,-1,-5,-7,4,3,6,1,4,1,16,-4,0,6,8,sil
5.125340700149536,-2,-12,-4,-7,-2,7,1,-1,-9,1,-6,3,-1,7,sil
5.140600681304932,2,-12,-5,-2,-4,8,8,-3,1,1,-7,11,3,13,sil
5.140600681304932,3,-9,-8,-1,-1,0,5,2,12,2,1,20,13,13,sil
5.15575098991394,10,-3,-6,-10,0,-10,0,6,14,3,19,16,18,0,sil
5.15575098991394,18,6,2,-10,0,-13,1,8,18,5,23,14,21,-2,sil
5.1709630489349365,7,11,5,-6,-4,-12,1,6,17,-2,9,14,11,-2,sil
5.1709630489349365,0,13,5,-3,-3,-12,-2,-3,-1,-22,-3,0,-9,-11,sil
5.18639087677002,8,26,21,13,6,0,0,-6,-20,-28,0,-5,-18,-12,sil
5.18639087677002,12,27,25,33,12,9,7,-5,-19,-18,11,4,-14,-6,sil
5.201943874359131,3,11,16,29,10,9,0,-2,-5,-3,7,2,-18,-3,sil
5.201943874359131,-1,4,10,22,4,9,-6,4,1,10,3,-6,-15,0,sil
5.21795654296875,-6,3,7,24,3,12,-1,2,-1,11,6,-11,-4,1,sil
5.21795654296875,-8,0,8,17,7,15,12,-1,-5,5,-1,-8,-5,8,sil
5.234038352966309,-3,-5,-3,3,2,13,20,1,10,19,-12,-7,-2,19,sil
5.234038352966309,2,-10,-12,-11,-6,-1,7,5,22,25,-1,0,13,18,sil
5.249241590499878,2,-20,-15,-27,-11,-13,-9,0,9,3,8,2,20,4,sil
5.249241590499878,-11,-36,-28,-39,-20,-9,-5,-3,-1,-11,-2,-4,4,-3,sil
5.264510631561279,-14,-31,-17,-36,-22,-2,3,6,3,-2,-10,2,0,3,sil
5.264510631561279,4,-5,1,-13,-2,-6,-2,4,10,4,4,18,24,10,sil
5.280131578445435,7,2,-3,-5,6,-19,-19,-8,5,-5,4,11,27,-2,sil
5.280131578445435,-8,0,-15,-18,0,-18,-17,-6,0,-12,-2,-1,3,-15,sil
5.296176910400391,-2,13,-2,-5,2,-2,-2,3,-6,-1,11,7,2,-5,sil
5.296176910400391,4,19,17,18,7,1,-5,1,-13,0,12,9,1,0,sil
5.312278270721436,-1,6,11,8,1,-6,-15,-3,-11,-10,-6,-5,-11,-8,sil
5.312278270721436,2,8,9,0,0,-7,-14,-2,-12,-14,0,-1,-13,-9,sil
5.327951192855835,13,26,24,20,9,6,-2,-3,-19,-10,15,8,-8,-2,sil
5.327951192855835,13,27,18,37,15,25,20,-3,-6,2,10,1,0,1,sil
5.344478130340576,12,11,11,26,9,27,30,2,10,18,0,-2,6,5,sil
5.344478130340576,6,0,5,12,0,8,15,0,0,20,-8,-3,-6,0,sil
5.360588788986206,-3,-6,-5,13,0,-3,-3,-7,-19,3,-22,-11,-19,-3,sil
5.360588788986206,-9,-16,-6,11,4,8,-2,1,-10,-1,-22,-7,-9,4,sil
5.37639856338501,-3,-19,-6,0,3,11,11,10,19,14,-10,-6,3,13,sil
5.37639856338501,0,-11,-5,-10,-2,-6,9,6,31,18,-8,-9,8,4,sil
5.3921427726745605,-8,-19,-17,-23,-11,-17,-8,0,17,-3,-13,-11,0,-9,sil
5.3921427726745605,-12,-27,-24,-31,-14,-13,-14,-3,1,-16,-9,-9,-9,-7,sil
5.40819263458252,0,-8,-8,-28,-13,-8,0,2,3,-9,0,1,1,0,sil
5.40819263458252,-2,1,-12,-23,-13,-10,6,6,5,-7,3,4,3,-5,sil
5.4263529777526855,-6,0,-12,-19,-7,-9,-4,0,0,-18,14,7,0,-2,sil
5.4263529777526855,11,14,10,-4,3,0,-8,0,0,-15,40,24,15,11,sil
5.439754486083984,8,18,9,0,1,0,-5,0,-3,-8,35,21,9,-2,sil
5.439754486083984,-16,4,-3,3,-1,0,-8,-3,-13,-3,1,-7,-20,-21,sil
5.454794406890869,-10,10,6,24,12,11,-3,-1,-8,5,-6,-18,-14,-6,sil
5.454794406890869,0,19,14,24,20,14,1,-1,-8,1,-6,-7,0,0,sil
5.470247507095337,-9,9,3,13,9,5,-2,-6,-17,-7,-14,-7,-6,-7,sil
5.470247507095337,-11,-1,1,13,1,4,-1,-3,-8,5,-8,-13,-4,-2,sil
5.486367464065552,-5,-8,3,1,0,5,4,0,3,14,-10,-12,2,3,sil
5.486367464065552,0,-10,-2,-7,-2,0,10,0,10,6,-17,0,8,7,sil
5.501755475997925,16,-5,1,7,0,-3,9,-1,11,14,-1,13,14,17,goodbye
5.501755475997925,14,-9,-3,5,-3,-6,9,0,0,25,3,4,14,13,goodbye
5.517377853393555,1,-13,-13,-14,-9,-4,10,1,0,15,-3,0,19,9,goodbye
5.517377853393555,24,5,7,-6,0,-1,3,5,12,1,18,29,25,16,goodbye
5.5323872566223145,46,22,25,16,7,-4,-6,1,1,-5,32,35,7,7,goodbye
5.5323872566223145,12,9,12,4,-3,-13,-17,-5,-21,-25,-1,0,-25,-18,goodbye
5.5479736328125,-26,-5,-1,-11,-8,-10,-12,-5,-16,-26,-23,-21,-36,-24,goodbye
5.5479736328125,-12,0,-3,4,3,8,10,4,8,4,-5,-9,-21,-1,goodbye
5.562613725662232,2,1,3,14,4,21,19,12,20,23,-1,2,-3,13,goodbye
5.562613725662232,-5,-10,-2,-1,-6,10,7,9,15,6,-7,3,11,13,goodbye
5.578171014785767,-4,-12,-13,-13,-8,0,0,5,19,-4,3,11,15,17,goodbye
5.578171014785767,0,-10,-18,-21,0,0,0,1,24,12,14,9,7,5,goodbye
5.593504905700684,-15,-16,-18,-28,5,-5,-13,-10,-3,10,9,-14,0,-28,goodbye
5.593504905700684,-16,1,-1,-17,5,-9,-25,-9,-32,-23,3,-19,-4,-33,goodbye
5.608654260635376,-3,29,8,6,10,1,-7,0,-12,-27,8,2,0,-10,goodbye
5.608654260635376,-7,20,7,15,11,3,5,0,1,-3,6,3,0,-3,goodbye
5.624176263809204,-18,1,2,7,0,0,0,-6,-18,-4,-11,-18,-11,-11,goodbye
5.624176263809204,-6,2,0,8,-7,0,1,-6,-25,-8,-15,-20,-11,-2,goodbye
5.639994144439697,18,15,18,27,0,3,12,1,-4,14,5,8,9,20,goodbye
5.639994144439697,20,11,18,33,8,7,14,8,10,23,8,12,16,25,goodbye
5.655349016189575,0,-13,-12,1,2,1,4,0,1,2,-13,-10,1,6,goodbye
5.655349016189575,-4,-26,-16,-30,-13,-14,-11,-3,-12,-13,-13,-6,-2,-3,goodbye
5.670955181121826,13,-15,-5,-29,-22,-22,-14,-3,-6,-16,-1,4,4,-1,goodbye
5.670955181121826,15,-13,-4,-18,-16,-19,-7,-4,4,-21,-7,3,2,-3,goodbye
5.6870646476745605,0,-13,-9,-15,-8,-14,-9,-3,10,-12,-1,9,3,-6,goodbye
5.6870646476745605,0,3,-4,-13,-2,-7,-18,-1,19,5,20,17,10,-3,goodbye
5.70221471786499,6,19,16,1,7,4,-9,3,21,7,20,11,6,0,goodbye
5.718209743499756,0,18,16,28,15,15,4,7,5,-1,-2,3,-10,1,goodbye
5.718209743499756,-5,15,5,44,11,15,7,5,-12,0,-13,3,-19,1,goodbye
5.718209743499756,8,16,8,35,10,21,17,3,-8,16,13,3,0,9,goodbye
5.73336672782898,11,11,12,22,17,28,30,3,10,31,32,1,15,15,goodbye
5.73336672782898,-6,-4,1,10,7,18,19,0,11,19,-5,-11,-8,4,goodbye
5.748985528945923,-18,-23,-16,-5,-10,0,2,-5,-1,-2,-39,-30,-30,-9,goodbye
5.765203475952148,-17,-26,-20,-19,-8,4,8,-2,0,-1,-19,-25,-18,-10,goodbye
5.765203475952148,-15,-15,-12,-17,4,15,17,4,12,19,3,-9,0,-3,goodbye
5.765203475952148,-7,-6,-5,-8,0,-3,0,3,8,25,1,-4,8,3,goodbye
5.7798051834106445,-1,-6,-5,-13,-14,-22,-18,-4,-8,1,-1,2,10,4,goodbye
5.795126676559448,-2,-7,-12,-22,-12,-14,-12,-8,-16,-10,-1,7,6,-3,goodbye
5.795126676559448,5,1,0,-19,1,-6,-1,0,-6,-1,0,9,11,0,goodbye
5.810290813446045,10,8,10,-15,7,-6,-1,2,0,-4,0,10,11,3,goodbye
5.810290813446045,-4,0,-4,-24,0,-9,-5,-6,-10,-27,-19,-2,-5,-11,goodbye
5.825961351394653,-8,0,-3,-22,-3,-14,-9,-5,-23,-35,-20,-1,-8,-15,goodbye
5.825961351394653,8,11,4,-2,-2,-11,-9,2,-9,-23,2,13,1,-2,goodbye
5.841043710708618,10,13,3,0,-5,-5,-9,1,6,-23,3,7,-8,-9,goodbye
5.841043710708618,4,12,7,8,-7,-6,-9,2,2,-21,4,-6,-10,-14,goodbye
5.857023477554321,18,18,20,34,3,-4,-5,9,5,4,32,9,13,11,goodbye
5.857023477554321,32,20,30,32,14,2,-6,4,13,18,43,30,23,26,goodbye
5.87243914604187,19,11,16,10,8,0,-11,-6,4,2,28,22,13,9,goodbye
5.87243914604187,-9,0,3,8,1,-6,-11,-2,-9,-4,17,4,5,-3,goodbye
5.888439178466797,-21,-4,2,13,7,1,0,0,-16,5,5,-6,-2,0,goodbye
5.888439178466797,-9,-1,-2,16,10,11,15,-5,-12,13,-4,-13,-10,3,goodbye
5.904012680053711,-5,0,-3,23,3,12,15,-1,1,18,-5,-15,-8,1,goodbye
5.904012680053711,-13,-9,-10,15,-4,13,6,2,15,25,-11,-24,-3,-3,goodbye
5.919515371322632,-15,-16,-20,-3,-7,17,13,0,15,22,-21,-27,-5,0,goodbye
5.919515371322632,-7,-14,-7,-3,-3,26,23,5,12,16,-13,-7,-1,12,goodbye
5.935198545455933,-1,-13,-2,3,-4,21,19,4,12,14,-7,4,5,13,goodbye
5.935198545455933,-2,-18,-13,-12,-7,1,15,0,14,9,-24,2,1,5,goodbye
5.9513020515441895,-1,-18,-18,-32,-8,-7,16,2,18,0,-27,0,-1,4,goodbye
5.9513020515441895,10,-8,-10,-25,-6,-6,6,4,14,-6,-6,1,8,7,goodbye
5.966961622238159,20,2,2,-11,-3,-11,-2,1,14,-3,4,10,14,6,goodbye
5.966961622238159,7,0,-4,-12,-7,-19,-13,-2,7,-6,-4,8,0,-7,goodbye
5.982196092605591,-7,-6,-13,-26,-11,-21,-29,-9,-22,-25,-10,1,-15,-28,goodbye
5.982196092605591,-2,1,-2,-21,0,-10,-26,-5,-36,-32,2,0,-12,-28,goodbye
5.997954845428467,0,14,7,3,7,2,-14,-6,-23,-28,6,-3,-7,-16,goodbye
5.997954845428467,-5,12,7,7,2,0,-21,-10,-22,-25,-6,-13,-20,-21,goodbye
6.014028310775757,-2,11,2,-2,8,-6,-15,0,-17,-4,4,0,-14,-16,goodbye
6.014028310775757,3,14,10,2,13,-2,2,4,-4,14,26,18,2,6,goodbye
6.036191463470459,2,14,13,16,5,0,4,-4,-6,4,16,4,3,9,goodbye
6.03719162940979,3,19,10,23,10,-3,-1,-5,-13,-10,5,-5,-1,0,goodbye
6.03719162940979,3,22,19,30,16,1,1,3,-13,-6,11,5,0,4,goodbye
6.045390605926514,-2,9,16,25,7,5,4,7,-5,7,13,6,2,7,goodbye
6.060384035110474,-2,0,8,13,1,3,7,9,8,20,12,2,11,9,goodbye
6.060384035110474,6,5,7,22,8,7,10,12,14,20,13,7,19,22,goodbye
6.075965881347656,4,-1,3,23,8,8,10,7,6,7,-5,0,6,21,sil
6.075965881347656,-13,-22,-11,-7,-7,6,7,0,4,4,-30,-20,-11,0,sil
6.091114044189453,-18,-27,-22,-24,-19,14,16,0,14,15,-16,-23,0,0,sil
6.091114044189453,-3,-15,-7,-12,-5,15,26,6,25,23,11,-5,22,19,sil
6.106279850006104,1,-11,-2,-8,2,2,17,8,24,18,0,0,17,14,sil
6.106279850006104,-8,-23,-17,-26,-12,0,3,0,16,11,-22,-11,0,-4,sil
6.121823310852051,-1,-23,-10,-31,-21,0,0,-8,13,6,-10,-1,0,-1,sil
6.121823310852051,17,-1,-1,-12,-14,-11,-7,-10,12,-2,0,15,6,4,sil
6.137314796447754,13,3,-9,-6,-10,-22,-26,-7,5,-24,-10,15,2,-7,sil
6.137314796447754,0,-10,-10,-24,-13,-26,-37,-7,2,-37,-10,11,-4,-20,sil
6.15291953086853,8,-3,-1,-23,-10,-25,-27,-8,4,-24,7,16,-3,-12,sil
6.15291953086853,17,23,14,6,5,-6,-6,0,-2,-5,20,15,-1,-4,sil
6.16839337348938,2,23,11,21,14,8,0,4,-17,-5,18,0,-1,-10,sil
6.16839337348938,-8,7,3,7,10,-1,-10,-4,-31,-17,7,-3,0,-9,sil
6.184563398361206,0,17,13,7,10,-5,-7,-2,-37,-14,6,3,0,1,sil
6.184563398361206,4,22,15,26,15,3,0,2,-26,-1,8,-6,-6,0,sil
6.200273036956787,-7,7,5,23,8,2,-6,-4,-17,0,-4,-16,-22,-13,sil
6.200273036956787,-14,0,-5,1,0,4,-4,-11,-18,-1,-16,-9,-27,-14,sil
6.215379476547241,-7,0,-3,1,3,21,19,0,-7,4,-10,-2,-14,-3,sil
6.215379476547241,0,1,5,18,12,33,33,16,16,17,5,0,1,7,sil
6.230915784835815,0,1,0,24,12,21,24,9,14,25,9,0,8,13,sil
6.230915784835815,-3,0,0,16,2,6,12,0,-1,18,0,-1,1,10,sil
6.246190786361694,-8,0,-2,12,-3,10,19,-1,8,12,-8,-2,0,11,sil
6.246190786361694,-8,-13,-11,0,-8,11,24,0,23,9,-13,-8,0,12,sil
6.2618021965026855,-5,-26,-9,-24,-15,0,8,6,19,3,-15,-9,1,10,sil
6.2618021965026855,0,-17,-6,-22,-12,-12,-3,6,16,6,-7,-5,8,9,sil
6.27692723274231,7,-1,0,-9,-4,-19,-9,3,9,3,-6,2,7,5,sil
6.293001890182495,7,-5,-2,-19,-4,-22,-20,0,-2,-16,-9,-1,0,-6,sil
6.293001890182495,0,-11,-14,-28,-2,-21,-26,-4,-1,-23,0,-1,4,-10,sil
6.309231996536255,2,0,-5,-14,1,-19,-21,0,4,-7,12,12,14,-2,sil
6.309231996536255,9,9,5,-6,-5,-9,-12,0,1,1,20,13,17,0,sil
6.309231996536255,4,8,4,-10,-7,-1,-11,-2,0,-2,23,6,11,-3,sil
6.324388980865479,4,7,2,0,0,-5,-10,0,4,-1,18,10,9,-5,sil
6.324956178665161,7,10,7,9,2,-7,-7,0,-2,0,12,8,12,-4,sil
6.339318752288818,6,16,17,6,6,4,-2,-1,-19,-1,11,3,6,0,sil
6.354331016540527,4,16,18,14,16,17,5,-1,-17,-1,9,6,-4,0,sil
6.354331016540527,3,8,16,22,14,14,7,-1,-10,0,-2,2,-16,-3,sil
6.370185375213623,0,2,11,15,2,7,0,-5,-21,-8,-14,-10,-23,-3,sil
6.370185375213623,-5,-3,1,6,-1,6,5,-6,-29,-10,-19,-15,-24,-2,sil
6.387348413467407,-11,-7,-6,7,3,14,18,-1,-9,0,-18,-6,-19,0,sil
6.387348413467407,-11,-12,-17,2,1,13,19,0,20,13,-17,-8,-5,4,sil
6.387348413467407,-15,-24,-27,-16,-9,0,10,1,25,14,-19,-21,3,1,sil
6.401919603347778,-11,-27,-24,-27,-7,-6,6,7,18,11,-17,-13,9,0,sil
6.417035341262817,5,-12,-11,-16,3,-5,2,4,28,10,0,8,19,13,sil
6.417035341262817,9,1,0,-13,0,-11,-9,-2,31,-1,20,15,17,10,sil
6.432219743728638,-2,5,-2,-15,-1,-6,-12,-1,6,-15,17,2,0,-8,sil
6.432219743728638,-7,7,-2,3,3,7,-3,0,-11,-9,3,-3,-16,-13,sil
6.44691014289856,-6,13,8,27,2,12,5,1,-8,0,-4,-9,-22,-7,sil
6.44691014289856,-3,10,7,19,0,11,13,4,-4,0,-9,-11,-20,-10,sil
6.462972402572632,0,-2,-2,-4,-3,7,15,2,-9,-2,-16,-5,-13,-11,sil
6.462972402572632,-2,-11,-13,-10,-14,-5,4,-7,-7,0,-18,-6,-4,-2,sil
6.478153467178345,0,-2,-3,2,-16,-16,-9,-4,0,2,0,2,10,11,sil
6.478153467178345,9,3,16,7,-7,-12,-12,4,2,6,23,25,25,19,sil
6.494272232055664,6,1,9,-3,-2,-10,-15,0,0,2,25,25,29,9,sil
6.494272232055664,7,9,9,-4,0,-13,-25,-2,-6,-11,20,19,23,-2,sil
6.509329080581665,19,22,26,19,2,-12,-23,-2,-13,-7,31,28,19,2,sil
6.509329080581665,20,24,28,34,3,-9,-16,-4,-17,0,32,28,12,8,sil
6.525199890136719,14,20,19,27,12,0,-11,-3,-17,-10,14,16,0,6,sil
6.525199890136719,14,14,15,28,20,11,0,0,-17,-9,7,6,-7,5,sil
6.540218353271484,10,11,19,37,12,14,14,4,-9,5,7,1,-13,5,sil
6.540218353271484,1,6,4,25,6,14,27,7,3,6,-4,-7,-12,-1,sil
6.556160926818848,-7,-13,-20,-6,5,14,23,0,7,0,-24,-21,-10,-7,sil
6.556160926818848,-23,-34,-25,-28,0,15,14,1,11,5,-25,-20,-8,-7,sil
6.57164454460144,-26,-26,-19,-22,-5,18,22,11,28,24,-13,-12,1,-4,sil
6.57164454460144,-12,-14,-16,-20,0,9,26,9,36,29,-13,-15,8,0,sil
6.587568759918213,-12,-25,-32,-41,0,-6,8,0,27,10,-29,-32,2,0,sil
6.587568759918213,-21,-32,-43,-59,-11,-15,-6,0,13,-2,-35,-36,-2,0,sil
6.602588415145874,-7,-16,-23,-48,-17,-14,-6,2,5,0,-23,-19,0,0,sil
6.602588415145874,4,-3,-16,-37,-6,-12,-4,-3,2,-6,-14,-19,-1,-5,sil
6.617933034896851,-6,-10,-22,-50,0,-15,-19,-12,-15,-27,-26,-31,-25,-22,sil
6.617933034896851,-10,-5,-14,-46,0,-16,-35,-13,-34,-36,-28,-20,-38,-27,sil
6.634466886520386,0,16,4,-6,5,-9,-27,-12,-32,-27,-3,1,-23,-18,sil
6.634466886520386,0,28,19,24,8,-1,-13,-9,-19,-12,11,4,-10,-12,sil
6.650031328201294,-5,18,15,32,0,2,-3,-4,-12,6,13,0,-7,-2,sil
6.650031328201294,-7,7,9,34,0,14,11,5,-4,17,15,5,-1,9,sil
6.666041851043701,-4,0,14,37,3,31,25,14,19,29,18,14,6,16,sil
6.666041851043701,6,0,24,40,-4,19,22,11,35,38,33,32,23,26,sil
6.681617021560669,24,9,33,37,-11,-7,7,6,22,20,54,57,43,36,sil
6.681617021560669,30,12,25,28,-7,-13,0,2,10,-3,50,54,45,17,sil
6.696755647659302,20,11,27,25,-2,-5,-5,-1,0,-11,30,34,24,-5,sil
6.696755647659302,15,22,40,40,3,0,-2,-5,-24,-18,22,31,5,-1,sil
6.712718486785889,20,27,28,51,8,3,-1,-8,-36,-23,11,26,-2,8,sil
6.712718486785889,13,7,2,29,6,15,3,-4,-17,-8,-12,6,-6,8,sil
6.728312730789185,-3,-16,-19,-4,0,17,13,6,6,12,-27,-15,-4,9,sil
6.728312730789185,-10,-29,-28,-28,-5,-4,3,11,19,10,-28,-23,-4,8,sil
6.743334531784058,-6,-24,-22,-37,-6,-18,-13,2,19,-11,-25,-17,-1,0,sil
6.743334531784058,1,-3,-10,-32,0,-11,-9,-3,9,-20,-7,-4,6,-5,sil
6.758998870849609,1,10,-2,-25,3,-12,-6,-2,-2,-12,6,-1,2,-8,sil
6.758998870849609,-11,-1,-14,-27,0,-13,-11,-3,-10,-1,-5,-21,-9,-19,sil
6.774307012557983,-20,-7,-20,-21,6,0,-6,-5,-14,-1,-17,-34,-12,-28,sil
6.774307012557983,-16,4,-9,-8,15,8,0,0,-14,-1,-7,-24,-12,-24,sil
6.7895588874816895,-14,0,-15,-11,4,0,0,0,-8,0,-6,-18,-18,-17,sil
6.7895588874816895,-15,-9,-10,-10,-4,3,1,1,3,6,-16,-19,-16,-5,sil
6.805428743362427,-4,0,2,13,3,15,11,-1,10,19,-7,-9,-6,8,sil
6.805428743362427,7,7,3,22,6,13,15,-2,6,24,5,2,-5,17,sil
6.82010555267334,11,3,0,8,0,5,18,9,12,19,7,5,0,18,sil
6.835429191589356,8,-2,0,2,6,6,24,10,25,22,0,-1,13,15,sil
6.835429191589356,4,-10,-4,-5,4,4,11,-1,18,14,-16,-6,4,11,sil
6.8507399559021,0,-17,-12,-20,-13,-6,-8,-4,1,0,-14,0,-1,6,sil
6.8507399559021,-1,-11,-7,-19,-20,-17,-12,0,3,1,12,9,13,0,sil
6.866435527801514,3,1,4,-9,-12,-14,-11,3,8,0,16,12,17,-1,sil
6.866435527801514,6,8,3,-5,-14,-11,-18,0,-3,-17,0,8,1,-2,sil
6.882189750671387,5,5,13,-5,-13,-23,-24,-7,-22,-27,6,19,0,-2,sil
6.882189750671387,6,7,20,-4,0,-20,-18,-11,-23,-28,24,27,6,-4,sil
6.898239612579346,0,8,13,2,1,-1,-14,-6,-23,-32,10,13,-5,-8,sil
6.898239612579346,-10,4,12,13,-2,3,-13,-4,-31,-32,-14,-1,-21,-15,sil
6.915347099304199,-13,2,9,16,4,7,-2,-2,-24,-24,-11,-9,-20,-20,sil
6.915347099304199,-8,7,11,16,19,28,13,7,-9,-6,0,-6,-14,-16,sil
6.915347099304199,-7,6,10,28,22,35,21,9,-4,20,0,-4,-6,-4,sil
6.929504156112671,-9,-4,-6,29,12,20,13,-3,-3,26,-5,-15,0,0,sil
6.94531774520874,-11,-12,-15,2,2,15,10,-2,6,14,-16,-22,-3,0,sil
6.94531774520874,-12,-16,-21,-18,-1,12,21,8,24,19,-26,-24,-7,0,sil
6.961203336715698,-9,-18,-25,-20,-8,2,23,13,32,28,-24,-25,0,4,sil
6.961203336715698,1,-8,-16,-8,-8,3,18,9,31,25,-3,-11,12,14,sil
6.976778745651245,20,2,0,5,-2,-1,13,6,32,19,20,17,27,29,sil
6.976778745651245,30,1,13,9,-6,-13,-1,6,28,10,25,34,36,31,sil
6.992591857910156,28,11,15,12,-6,-12,-4,0,19,8,27,30,38,23,sil
6.992591857910156,25,27,18,13,4,-8,0,-5,16,5,37,34,31,17,sil
7.008006095886231,16,14,12,0,4,-15,-8,-1,10,-7,33,37,12,8,sil
7.008006095886231,7,0,3,-6,0,-23,-15,1,-1,-10,19,23,0,0,sil
7.023159503936768,4,9,9,3,6,-22,-12,-3,-14,-4,15,13,-2,-2,sil
7.023159503936768,-4,6,-2,-2,3,-16,-16,-11,-25,-9,8,-1,-9,-12,sil
7.038935661315918,-14,-12,-18,-22,-4,-11,-19,-11,-37,-20,-7,-15,-15,-21,sil
7.038935661315918,-4,-4,-4,-14,-3,0,-9,-5,-30,-22,-12,-8,-10,-13,sil
7.0546159744262695,4,7,5,4,0,7,-6,-8,-12,-15,-10,-7,-13,-4,sil
7.0546159744262695,-3,0,-1,0,0,2,-14,-8,-14,-12,-20,-21,-28,-14,sil
7.070336103439331,-14,-4,-10,-9,0,0,-12,-3,-25,-17,-23,-25,-27,-23,sil
7.070336103439331,-14,0,-7,-4,-1,0,-5,-3,-22,-21,-19,-16,-20,-16,sil
7.086007356643677,-12,1,0,2,-7,3,-1,-1,-20,-12,-22,-17,-25,-10,sil
7.086007356643677,-14,-5,-1,-5,-6,10,0,0,-22,-3,-21,-20,-19,-11,sil
7.1015625,-17,-7,-3,-16,0,13,7,2,-11,-2,-18,-14,-3,-11,sil
7.1015625,-20,-6,-8,-10,0,9,14,4,1,2,-20,-20,-7,-11,sil
7.117358684539795,-14,-8,-9,0,-5,9,14,8,12,12,-13,-20,-15,-5,sil
7.117358684539795,4,1,8,14,2,21,19,13,35,27,8,7,11,18,sil
7.13238000869751,9,6,13,28,17,22,22,11,43,33,14,19,31,30,sil
7.13238000869751,-3,0,0,20,16,9,12,4,24,19,0,1,4,9,sil
7.147990703582764,-2,0,-1,5,6,9,15,6,22,11,-4,0,-4,2,sil
7.147990703582764,11,-1,3,0,-1,9,21,9,34,13,0,9,13,19,sil
7.1630918979644775,7,-18,-4,-5,-4,-5,0,0,16,1,-1,11,12,12,sil
7.1630918979644775,2,-11,-14,-1,-1,-9,-15,-7,-3,-8,4,11,6,-4,sil
7.178341627120972,14,5,0,3,4,0,0,0,5,0,19,23,17,4,sil
7.178341627120972,25,0,10,-1,3,0,11,6,23,12,30,25,29,21,sil
7.194528102874756,18,-9,5,-14,-6,-17,-4,0,15,13,29,22,31,23,sil
7.194528102874756,8,-3,2,-20,-15,-29,-22,-7,-6,1,11,15,17,12,sil
7.2101545333862305,0,0,-3,-11,-11,-23,-19,-12,-22,-8,3,-5,7,-4,sil
7.2101545333862305,-5,0,1,-8,-11,-12,-13,-6,-33,-6,14,-13,5,-16,sil
7.225527048110962,-2,4,7,-12,-12,-13,-15,0,-28,-1,20,-9,0,-14,sil
7.225527048110962,5,12,5,2,4,-12,-18,-5,-16,-6,11,-8,-1,-4,sil
7.2412800788879395,5,22,13,24,15,0,-12,-4,-18,-13,7,-3,1,0,sil
7.2412800788879395,0,20,6,19,7,8,0,-1,-10,-6,5,-22,-7,-3,sil
7.256917476654053,-2,10,-4,4,4,4,4,0,2,-4,-4,-42,-21,-7,sil
7.256917476654053,-9,5,-9,2,8,6,2,3,-4,-16,-22,3,-26,-13,sil
7.272071838378906,-18,-4,-18,3,3,14,8,3,-13,-23,-40,48,-33,-18,sil
7.272071838378906,-13,-8,-9,0,2,20,16,5,1,-7,-26,26,-25,-7,sil
7.288166761398315,1,2,4,5,6,15,13,3,11,7,2,0,-3,2,sil
7.288166761398315,2,4,5,14,0,8,0,-1,0,-1,-9,1,-4,0,sil
7.304211854934692,-9,-9,-10,0,-12,1,-5,-3,-6,-7,-28,-7,-11,-3,sil
7.304211854934692,-5,-16,-17,-14,-16,-7,0,-3,0,-1,-12,-18,-1,-2,sil
7.318824768066406,5,-5,6,-4,-4,-7,0,0,1,-1,0,-6,-2,0,sil
7.318824768066406,2,4,10,7,0,1,0,0,-5,-1,0,-6,-10,0,sil
7.913072347640991,0,15,7,-8,3,-12,-10,-5,-25,-16,-1,0,-1,-2,sil
7.913072347640991,-5,11,-1,-7,5,4,-7,0,-11,0,0,-1,-11,-7,sil
7.9290361404418945,-2,8,4,16,11,10,-2,3,-8,3,-3,-1,-15,-13,sil
7.9290361404418945,-12,0,6,12,8,0,-10,-6,-18,-10,-21,-22,-14,-16,sil
7.944154739379883,-29,-6,-4,-12,-1,0,-7,-5,-20,-22,-34,-35,-26,-18,sil
7.944154739379883,-26,-14,-18,-11,-7,12,12,5,-8,-14,-26,-25,-28,-13,sil
7.959358215332031,-14,-18,-16,3,0,17,24,4,5,1,-16,-25,-14,-3,sil
7.959358215332031,-3,-6,-11,10,12,16,31,0,14,14,-12,-30,-1,0,sil
7.975297689437866,7,1,3,10,8,10,29,1,11,20,-4,-7,4,9,sil
7.975297689437866,12,-5,6,6,-8,0,4,3,13,16,-2,11,6,13,sil
7.990994930267334,4,-13,-12,-4,-16,-10,-14,5,27,10,0,3,9,4,sil
7.990994930267334,0,-10,-14,-11,-17,-14,-12,4,25,1,3,0,11,3,sil
8.006058931350708,3,-5,-4,-5,-19,-11,-7,0,14,-5,-1,7,6,9,sil
8.006058931350708,3,-5,-8,-3,-17,-7,-13,1,11,-4,-7,4,2,10,sil
8.021729230880737,1,-9,-9,-11,-11,-10,-16,0,4,0,1,4,10,10,sil
8.021729230880737,7,-8,-6,-11,-10,-19,-16,-8,-10,-6,8,12,16,4,sil
8.043348550796509,8,4,0,-4,-8,-18,-18,-4,-16,-15,4,11,5,-8,sil
8.043348550796509,3,16,5,3,5,-3,-14,2,-15,-12,5,3,-9,-14,sil
8.043348550796509,7,11,11,11,24,5,-3,0,-15,-7,8,7,-10,-9,sil
8.053396701812744,8,2,13,4,27,5,4,-6,-14,-11,10,17,-2,-8,sil
8.069384336471558,2,10,7,0,16,6,6,-6,-6,-7,15,4,0,-9,sil
8.069384336471558,2,27,13,11,8,9,2,-1,0,2,11,0,-1,-4,sil
8.085211038589478,-2,26,12,16,3,3,-2,0,-3,0,-4,0,-8,-6,sil
8.085211038589478,-10,6,1,4,-1,-2,0,0,-5,-1,-11,-8,-11,-11,sil
8.100224494934082,-4,-1,6,7,1,12,13,5,4,14,3,-6,0,0,sil
8.100224494934082,-6,0,2,17,7,21,19,6,8,16,12,4,4,15,sil
8.11626648902893,-16,-9,-4,5,0,9,10,0,-3,0,0,0,-5,13,sil
8.11626648902893,-6,-14,0,0,0,11,20,2,0,12,0,-5,1,12,sil
8.13162899017334,-1,-15,-2,2,2,12,27,6,11,27,0,-9,3,9,sil
8.13162899017334,-17,-22,-18,-13,-11,-3,3,-4,0,1,-28,-20,-23,-1,sil
8.146936655044556,-13,-23,-22,-27,-16,-7,-11,-8,-3,-11,-32,-16,-19,-2,sil
8.146936655044556,9,-11,-5,-23,-3,-2,-8,4,14,2,2,5,14,6,sil
8.162543296813965,15,-1,1,-12,0,-10,-11,8,14,-4,13,13,18,5,sil
8.162543296813965,10,8,-3,-6,-3,-21,-13,-2,-7,-19,0,1,4,-3,sil
8.17822551727295,8,17,0,-13,0,-19,-12,-2,-12,-7,1,1,6,-9,sil
8.17822551727295,13,19,8,-10,0,-11,-8,0,0,1,15,10,14,-6,sil
8.194318532943726,19,19,14,13,6,-3,6,-2,0,-4,9,9,9,0,sil
8.194318532943726,9,16,14,21,11,2,16,1,-5,-2,-5,-4,0,4,sil
8.209513664245605,-4,2,2,9,5,12,9,3,0,11,-9,-19,-5,0,sil
8.209513664245605,-10,-10,-3,6,3,22,6,0,15,18,-14,-18,-9,-13,sil
8.225108861923218,-19,-16,-18,5,3,14,4,-2,11,7,-33,-23,-19,-25,sil
8.225108861923218,-22,-14,-25,-10,-5,-7,-12,-4,-11,-13,-30,-17,-18,-11,sil
8.240184545516968,-1,-11,-10,-18,-19,-19,-21,-2,-11,-16,6,14,6,13,sil
8.240184545516968,9,-15,-2,-16,-20,-14,-17,0,17,-3,26,31,26,19,sil
8.255756139755249,1,-7,4,-10,-7,-1,-14,2,24,0,19,22,21,5,sil
8.255756139755249,2,12,11,3,4,4,-7,2,4,0,27,21,13,2,sil
8.270923137664795,10,20,21,20,7,1,-3,0,-9,-1,39,26,7,9,sil
8.287163734436035,9,20,29,33,10,5,-2,-1,-12,-12,29,21,0,5,sil
8.287163734436035,1,15,18,32,11,10,7,-5,-14,-8,7,5,-6,-4,sil
8.287163734436035,-3,1,4,15,5,5,17,-4,-18,4,-14,-7,-20,-3,sil
8.301583290100098,-3,-1,1,15,2,7,20,0,-15,8,-17,-11,-24,-3,sil
8.301583290100098,0,8,5,34,4,18,22,4,-1,13,-2,-5,-8,-1,sil
8.316860914230347,0,4,2,25,5,13,13,4,5,22,-1,-1,2,9,sil
8.332504510879517,-10,-15,-14,-13,-3,-4,0,1,5,9,-15,-12,0,11,sil
8.332504510879517,-13,-23,-24,-43,-20,-10,-3,3,11,-9,-18,-13,-2,1,sil
8.348029375076294,-5,-17,-20,-39,-25,-6,0,6,19,0,-12,-4,7,0,sil
8.348029375076294,3,-12,-10,-25,-14,-14,-9,0,6,1,-10,-2,9,-1,sil
8.36339259147644,15,0,2,-19,-2,-24,-19,-3,-8,-29,2,9,6,1,sil
8.36339259147644,29,17,6,0,8,-16,-9,0,-2,-32,25,24,17,12,sil
8.379421472549438,27,24,13,17,19,-4,-2,1,0,0,20,12,13,0,sil
8.379421472549438,3,14,5,4,13,-1,-12,-7,-12,3,-7,-22,-16,-29,sil
8.394992589950562,-14,3,-13,-9,4,5,-10,-15,-22,-13,-21,-38,-30,-33,sil
8.394992589950562,-14,0,-14,-2,12,24,13,-1,-8,4,-13,-27,-12,-12,sil
8.410642147064209,-10,-9,-15,-4,18,30,21,8,14,32,-10,-26,1,1,sil
8.410642147064209,-21,-20,-21,-21,5,14,8,4,10,25,-24,-33,-6,0,sil
8.426777839660645,-34,-27,-29,-36,-9,2,9,3,3,10,-35,-34,-13,-5,sil
8.426777839660645,-29,-34,-37,-51,-14,-3,8,4,18,3,-30,-20,-3,-4,sil
8.442351341247559,-7,-17,-14,-41,-11,-14,-4,3,21,-2,-5,11,7,2,sil
8.442351341247559,18,14,20,0,-2,-20,-4,4,3,-2,35,40,15,13,sil
8.45839810371399,24,26,37,23,-2,-16,-4,2,-8,-7,46,44,12,15,sil
8.45839810371399,8,19,32,27,-6,-8,-14,-7,-13,-19,22,35,0,3,sil
8.474015951156616,7,17,31,45,-2,-3,-16,-10,-18,-18,14,29,-8,-1,sil
8.474015951156616,23,18,49,61,2,0,-6,-3,-18,-7,25,27,0,7,sil
8.489286661148071,16,11,37,50,0,7,4,-4,-7,3,24,21,8,12,sil
8.489286661148071,-1,0,10,35,3,17,11,0,0,10,13,15,3,7,sil
8.50447392463684,0,-2,10,35,10,17,11,5,1,8,5,8,0,5,sil
8.50447392463684,8,-1,7,22,2,8,11,0,7,11,0,-8,9,5,sil
8.520171165466309,-2,-7,-13,-4,-7,6,8,0,20,18,-8,-15,15,4,sil
8.520171165466309,-12,-13,-30,-13,-3,7,8,6,25,17,-12,-15,10,2,sil
8.535263299942017,-10,-14,-27,-17,-1,0,5,6,15,3,-12,-15,8,-2,sil
8.535263299942017,-4,-11,-24,-31,-3,-11,-3,1,5,-2,-14,-14,8,-6,sil
8.551200151443481,0,-1,-23,-35,3,-11,-13,0,3,-9,-12,-1,1,-6,sil
8.551200151443481,4,8,-4,-31,5,-10,-15,0,0,-21,0,11,-2,-6,sil
8.566408395767212,0,9,1,-23,-1,-11,-15,-6,-6,-24,4,3,-5,-7,sil
8.566408395767212,1,7,-2,-4,-5,-13,-19,-15,-17,-21,-3,-3,-13,-5,sil
8.581968307495117,7,10,1,1,-1,-9,-22,-7,-23,-20,-5,0,-15,-3,sil
8.581968307495117,0,5,0,-2,-2,2,-11,0,-15,-5,-1,-7,-8,-6,sil
8.597516059875488,-10,3,-4,1,-1,13,3,1,-4,8,-5,-16,-8,-10,sil
8.597516059875488,0,11,-1,14,6,12,17,4,-1,8,2,-8,-6,-2,sil
8.613353490829468,1,7,7,15,11,10,23,7,-2,14,10,-2,1,11,sil
8.613353490829468,-7,-10,4,2,4,18,22,6,0,31,-6,-8,0,13,sil
8.62939453125,-3,-16,-8,-6,0,12,21,5,3,29,-22,-14,-12,2,sil
8.62939453125,4,-10,0,-10,4,-4,15,3,0,5,-16,-6,-20,2,sil
8.645029306411743,0,-12,3,-8,1,-9,5,0,0,-6,-6,0,-9,7,sil
8.645029306411743,-2,-18,-5,-5,-8,-11,-6,0,3,-4,-2,-3,10,0,sil
8.660584449768066,0,-10,-4,-12,-12,-13,-14,0,3,-6,-1,-2,19,-7,sil
8.660584449768066,2,0,0,-15,-5,-7,-7,-2,1,-8,6,10,19,-2,sil
8.676469087600708,10,2,3,-7,1,-4,-4,-2,1,-5,27,25,18,6,sil
8.676469087600708,8,2,5,0,0,-9,-16,-3,-8,-12,27,15,6,-1,sil
8.692040205001831,-7,2,0,-1,-6,-13,-26,-12,-19,-23,3,-3,-9,-19,sil
8.692040205001831,-12,8,3,2,-2,-11,-18,-8,-10,-18,-1,-1,-12,-24,sil
8.707276821136475,-1,18,11,17,8,-2,-2,1,5,-5,8,8,-5,-14,sil
8.707276821136475,3,21,20,35,16,11,10,5,5,1,11,13,0,0,sil
8.72294282913208,0,16,15,40,19,24,22,6,5,12,6,7,5,10,sil
8.72294282913208,-3,5,4,27,15,26,23,6,16,20,-2,-7,6,10,sil
8.73896336555481,0,0,4,17,5,28,22,7,29,27,-11,-12,4,12,sil
8.73896336555481,4,-4,-3,15,-1,23,23,5,31,41,-7,-7,10,23,sil
8.75432562828064,-2,-16,-12,-2,-12,6,9,1,20,34,-4,-4,6,26,sil
8.75432562828064,-11,-24,-15,-21,-17,0,-3,2,17,13,-10,-3,-1,21,sil
8.769537687301636,-9,-23,-21,-26,-15,-2,-6,3,26,0,-18,-5,-3,10,sil
8.769537687301636,-7,-18,-14,-30,-15,-13,-15,-5,8,-14,-18,-3,-10,-11,sil
8.785301685333252,0,-9,-7,-26,-15,-21,-17,-17,-27,-30,-3,-1,-17,-24,sil
8.785301685333252,9,0,-2,-16,-7,-24,-10,-13,-36,-32,5,2,-14,-12,sil
8.800432205200195,12,7,11,-7,0,-23,-12,0,-25,-31,4,12,-3,-3,sil
8.800432205200195,14,10,15,1,0,-19,-13,3,-24,-26,5,16,1,-9,sil
8.816338777542114,12,4,3,-4,0,-12,-11,-1,-29,-13,7,11,0,-11,sil
8.816338777542114,3,0,-6,-15,4,-4,-11,-5,-23,-4,10,3,0,-8,sil
8.832436084747314,0,15,1,0,13,0,-9,-4,-19,-5,10,1,4,-7,sil
8.832436084747314,0,26,10,27,12,1,-5,-4,-14,-4,4,0,1,-7,sil
8.847970485687256,-1,18,7,29,12,8,1,0,0,10,7,1,6,0,sil
8.847970485687256,2,11,13,13,20,16,13,10,8,27,15,3,14,12,sil
8.863497495651245,0,1,4,7,13,16,18,8,7,20,1,-6,5,9,sil
8.863497495651245,-12,-12,-9,3,-4,9,6,1,8,1,-20,-19,-11,-10,sil
8.879376888275146,-12,-11,-4,0,-7,12,5,7,14,2,-14,-15,-8,-10,sil
8.879376888275146,0,-1,2,5,0,19,18,9,21,13,0,-5,4,9,sil
8.895344972610474,1,-3,-1,2,0,13,14,3,20,11,-3,-2,3,15,sil
8.895344972610474,0,-13,-12,-16,-6,0,0,0,23,16,-6,0,12,12,sil
8.909950733184814,3,-10,-10,-23,-14,-12,0,-1,28,15,2,7,24,20,sil
8.909950733184814,14,2,0,-7,-13,-16,-6,0,17,-6,8,16,16,21,sil
8.925180435180664,18,9,0,-1,-6,-18,-14,0,-3,-19,7,17,0,3,sil
8.940768718719482,2,12,3,-7,-5,-20,-17,-8,-22,-23,2,12,-12,-14,sil
8.940768718719482,-8,19,7,1,0,-12,-10,-11,-33,-29,-2,-6,-21,-20,sil
8.956607818603516,-6,13,5,19,19,11,2,-1,-31,-20,-2,-23,-21,-19,sil
8.956607818603516,-13,-8,6,24,24,27,18,2,-18,1,-1,-17,-18,-14,sil
8.956607818603516,-23,-19,-1,17,8,20,22,0,-1,18,-8,-16,-15,-11,sil
8.972532510757446,-24,-25,-15,0,-2,11,16,2,7,23,-19,-26,-8,-7,sil
8.972532510757446,-18,-31,-16,-14,-2,7,14,5,11,14,-24,-20,-3,-1,sil
8.988168716430664,-7,-16,-2,-5,0,-1,8,2,16,14,-4,3,7,12,sil
8.988168716430664,9,3,11,5,3,-2,0,5,18,23,22,23,24,19,sil
9.002649307250977,21,0,0,-5,-1,0,-3,2,13,11,18,19,20,8,sil
9.017704010009766,20,-2,1,-11,-10,-3,-9,-2,10,-4,0,17,4,6,sil
9.017704010009766,14,10,18,1,-2,-2,-11,0,10,2,3,26,9,18,sil
9.033310413360596,3,3,5,-5,0,-3,-13,-4,1,0,11,20,10,4,sil
9.033310413360596,-7,-8,-15,-23,-13,-11,-18,-11,-10,-23,0,3,-8,-16,sil
9.048663139343262,-4,4,-11,-6,-16,-16,-18,-10,-13,-30,-3,-3,-13,-10,sil
9.048663139343262,11,18,7,9,-4,-21,-16,-3,-12,-19,2,2,-4,2,sil
9.064448595046995,14,9,1,-9,-2,-18,-17,1,-9,-7,11,8,4,7,sil
9.064448595046995,-1,-1,-17,-39,-7,-7,-7,2,-1,-5,5,-1,12,1,sil
9.079986095428469,-7,2,-2,-23,-1,0,3,1,-6,-12,-10,-9,1,-8,sil
9.079986095428469,4,18,14,23,9,2,8,0,-15,-9,-9,-5,-9,-5,sil
9.095080137252808,9,24,11,26,9,5,1,0,-15,-2,1,0,-4,1,sil
9.095080137252808,0,16,4,5,3,1,-14,5,-9,-7,1,-7,-1,-9,sil
9.110557556152344,-3,8,4,18,6,-2,-15,1,-8,-8,0,-6,-4,-20,sil
9.110557556152344,1,2,13,26,10,6,4,0,-1,5,5,0,-1,-5,sil
9.125690698623655,0,-6,5,12,5,19,21,0,7,14,3,-11,-4,0,sil
9.125690698623655,-16,-11,-7,10,4,13,16,-4,-5,1,-12,-27,-20,-12,sil
9.14092230796814,-27,-10,-3,10,6,15,24,-4,-14,1,-21,-19,-23,-14,sil
9.14092230796814,-11,-8,-1,3,5,30,43,7,15,31,-4,-2,1,5,sil
9.15614891052246,5,-6,-4,1,3,20,31,11,33,48,9,2,16,17,sil
9.15614891052246,1,-8,-5,-1,-5,-2,0,3,16,38,1,0,8,18,sil
9.171616315841677,0,-13,-2,0,-9,-5,-4,2,15,25,-3,4,9,22,sil
9.171616315841677,5,-10,-4,4,0,-3,2,5,32,11,0,16,17,18,sil
9.187216520309448,0,-11,-15,-9,5,-11,-1,1,23,-8,-1,9,7,2,sil
9.187216520309448,-4,-15,-16,-29,-7,-10,-7,-4,3,-21,-12,-2,-3,-1,sil
9.202708005905151,5,-8,-6,-19,-18,-7,-7,-6,-4,-25,-9,0,0,1,sil
9.202708005905151,14,4,5,0,-8,-12,-17,-3,-7,-23,4,14,5,0,sil
9.218353271484377,11,11,12,-3,6,-7,-26,0,-8,-20,11,20,9,0,sil
9.218353271484377,7,12,1,-11,8,0,-18,0,-2,-16,12,13,12,0,sil
9.234391927719116,4,19,5,2,3,-2,-10,-2,4,-3,21,9,11,0,sil
9.234391927719116,2,18,10,9,1,-3,-7,-1,0,3,25,4,12,0,sil
9.250213384628296,0,2,0,-10,-1,-4,1,-3,-21,-7,10,-2,5,-6,goodbye
9.250213384628296,-2,-3,-2,-22,-1,-2,15,-1,-36,-17,-6,-8,-11,-15,goodbye
9.26535439491272,-6,0,0,-11,1,2,9,0,-28,-13,-14,-16,-20,-11,goodbye
9.26535439491272,-11,0,-1,-4,-6,-9,-14,-4,-19,-11,-15,-15,-16,-4,goodbye
9.28140950202942,-9,-5,0,0,-15,-22,-24,-1,-8,-4,-3,-5,-13,-8,goodbye
9.28140950202942,-2,0,8,8,-6,-5,-9,4,8,7,2,0,-14,-9,goodbye
9.297447681427002,0,10,15,22,5,13,8,4,12,12,0,2,-11,-1,goodbye
9.297447681427002,-1,7,2,31,6,12,15,-3,2,8,-5,-1,-10,0,goodbye
9.312572002410889,-10,-12,-7,15,0,10,13,-5,-9,0,-19,-11,-19,-2,goodbye
9.312572002410889,-7,-14,-1,4,3,18,17,0,-8,4,-21,-11,-10,3,goodbye
9.32828402519226,6,5,7,17,10,18,23,4,6,30,4,0,13,14,goodbye
9.32828402519226,3,1,3,9,5,11,8,1,11,34,12,0,7,10,goodbye
9.343351125717165,-8,-12,-9,-6,-5,5,-9,-2,11,15,-3,-10,-2,3,goodbye
9.343351125717165,-1,-6,-7,-3,-2,2,-8,5,18,16,2,-1,14,3,goodbye
9.359896421432495,0,-3,-8,-7,4,0,0,10,21,23,12,8,23,1,goodbye
9.359896421432495,-11,-15,-19,-21,-1,-4,-3,1,13,-2,-8,-4,5,0,goodbye
9.375077724456789,0,-6,-7,-11,-5,-6,-5,0,6,-23,-16,-6,-1,0,goodbye
9.375077724456789,11,4,-2,0,0,-4,0,0,8,-9,4,5,10,0,goodbye
9.390587329864502,9,0,-2,-12,-2,-4,2,0,10,-4,10,13,17,6,goodbye
9.390587329864502,20,0,5,-14,-5,-10,3,0,0,-18,6,17,13,11,goodbye
9.406589269638062,24,8,9,0,0,-18,0,-3,-11,-28,14,23,7,2,goodbye
9.406589269638062,13,9,14,1,2,-17,-8,0,-1,-16,26,35,12,4,goodbye
9.422629356384276,16,11,18,-3,2,-13,-11,3,13,0,24,32,19,6,goodbye
9.422629356384276,10,21,16,2,4,-8,-16,-4,1,-13,0,6,-8,-10,goodbye
9.43842625617981,-14,15,8,11,1,0,-16,-9,-20,-29,-20,-13,-37,-20,goodbye
9.43842625617981,-19,-2,-8,6,-1,3,0,-1,-24,-3,-12,-18,-19,-7,goodbye
9.453257083892822,-13,-5,-9,-10,-4,0,10,2,-18,8,-7,-20,-5,-4,goodbye
9.468795537948608,-22,0,-10,-6,-5,10,8,-1,-18,-8,-20,-28,-22,-15,goodbye
9.468795537948608,-18,2,-6,17,3,22,7,-2,-21,-8,-20,-24,-25,-13,goodbye
9.468795537948608,0,7,6,27,18,23,10,2,-10,13,-2,-6,-1,5,goodbye
9.484413862228394,1,4,2,15,13,17,10,5,11,25,7,-2,11,10,goodbye
9.484413862228394,-1,-4,-3,8,-1,7,2,4,12,22,9,-4,11,2,goodbye
9.499920129776,3,-1,0,13,0,-2,1,0,7,23,18,2,19,6,goodbye
9.499920129776,2,-3,-4,4,3,-7,7,0,11,20,14,0,18,10,goodbye
9.51614761352539,-7,-16,-10,-16,-6,-2,1,1,4,4,-6,-12,0,-3,goodbye
9.531195163726808,-4,-12,-9,-10,-10,-3,-7,-1,-4,-4,-9,-12,-12,-10,goodbye
9.531195163726808,1,-2,-6,-2,-4,-11,-3,-4,0,1,-8,-4,-12,-1,goodbye
9.545971632003784,-3,-9,-5,-21,-3,-2,5,0,4,4,-13,-5,-7,3,goodbye
9.545971632003784,-3,-8,0,-25,2,10,7,0,4,2,2,2,2,9,goodbye
9.561108589172363,12,1,13,-1,5,2,6,-1,2,2,16,23,5,15,goodbye
9.561108589172363,21,1,12,5,-5,-9,0,0,4,-3,0,23,0,11,goodbye
9.576742887496948,10,0,11,0,-2,-2,-7,6,10,-3,-6,18,6,7,goodbye
9.576742887496948,0,-1,4,0,5,3,-5,6,15,7,5,12,12,5,goodbye
9.592365741729736,-3,-13,-9,-13,-10,-4,-7,0,8,1,-5,-5,0,-6,goodbye
9.592365741729736,-4,-16,-8,-21,-22,-4,-17,-4,-4,-19,-18,-12,-16,-14,goodbye
9.608007669448853,-4,0,1,2,0,5,-6,0,-7,-13,0,2,-7,-6,goodbye
9.608007669448853,-1,7,0,18,10,3,7,0,-2,-2,10,12,8,0,goodbye
9.624138116836548,3,1,-11,3,-2,-11,-3,-5,-3,-19,-5,1,6,-3,goodbye
9.624138116836548,0,0,-6,-11,-6,-22,-18,-10,-14,-35,-14,-6,-5,-9,goodbye
9.639464855194092,-9,0,3,-9,0,-15,-17,-10,-24,-28,-7,-3,-8,-14,goodbye
9.639464855194092,-8,2,-6,2,-1,-6,-11,-9,-17,-17,0,-2,-2,-13,goodbye
9.65521764755249,0,17,0,10,0,-2,-6,1,4,-7,4,-4,1,-9,goodbye
9.65521764755249,10,31,18,13,6,9,5,16,30,10,20,6,13,0,goodbye
9.671053647994995,21,23,17,16,8,13,18,15,31,28,38,21,21,16,goodbye
9.671053647994995,18,14,18,20,13,7,16,11,4,30,32,13,7,18,goodbye
9.686670064926147,8,17,15,23,19,13,19,11,-8,21,6,-7,-1,6,goodbye
9.686670064926147,3,13,8,19,14,19,28,2,-4,10,-2,-5,4,5,goodbye
9.702462673187256,-4,-2,4,8,7,5,22,-7,-11,4,-2,4,2,8,goodbye
9.702462673187256,-15,-11,-3,2,6,-2,6,-9,-21,1,-12,-11,-11,-6,goodbye
9.71733045578003,-15,-11,-4,3,5,6,0,-2,-9,5,-16,-22,-14,-16,goodbye
9.71733045578003,-10,-18,-8,-1,-1,11,-1,0,1,16,-10,-14,-6,-6,goodbye
9.733391523361206,-10,-28,-21,-22,-8,4,-7,0,-2,12,-18,-11,-5,-1,goodbye
9.733391523361206,-12,-26,-22,-28,-15,1,-3,-4,0,1,-26,-17,-9,-5,goodbye
9.74927306175232,-17,-20,-18,-19,-18,-2,-3,-7,6,-1,-16,-19,-8,-1,goodbye
9.74927306175232,-16,-18,-15,-22,-8,-14,-4,0,6,-1,-7,-8,-5,6,goodbye
9.764577388763428,-3,-15,-18,-25,-2,-14,3,10,19,2,-4,0,4,10,goodbye
9.764577388763428,0,-12,-13,-17,-10,-12,-6,8,21,1,0,1,10,10,goodbye
9.780042171478271,6,2,-1,-8,-9,-13,-23,-2,1,-13,3,14,8,14,goodbye
9.780042171478271,32,20,7,5,0,-11,-17,-6,-1,-13,21,36,20,23,goodbye
9.796000719070436,41,22,13,4,-4,-11,-16,0,0,-4,41,41,27,19,goodbye
9.796000719070436,20,21,8,-6,-7,-14,-21,-2,-14,-17,22,19,0,-5,goodbye
9.811527013778688,3,27,13,11,0,-6,-9,-10,-18,-27,-3,0,-23,-19,goodbye
9.811527013778688,6,26,28,33,7,11,5,-3,-5,-13,8,5,-13,-11,goodbye
9.827131032943726,8,14,20,19,10,14,2,0,0,-3,19,8,-3,-9,sil
9.827131032943726,-1,13,9,7,7,6,-4,-6,-8,-11,-4,-4,-11,-12,sil
9.842281579971312,-18,14,4,20,5,12,5,-4,-17,-12,-24,-18,-17,-13,sil
9.842281579971312,-17,1,3,24,14,25,24,4,0,4,-20,-18,-12,-11,sil
9.858001947402954,-5,-15,6,7,16,24,27,12,24,23,-9,-5,-1,0,sil
9.858001947402954,-11,-26,-8,-3,0,9,21,9,14,24,-12,-11,3,2,sil
9.873244285583496,-20,-27,-16,-5,-7,0,21,2,-8,15,-19,-20,0,-2,sil
9.873244285583496,-12,-23,-5,-5,0,3,16,-1,-3,15,-7,-15,1,0,sil
9.887927532196043,-4,-21,-7,-8,0,-5,-2,-3,-1,10,-4,-9,5,3,sil
9.887927532196043,0,-11,-7,-11,-7,-16,-10,4,-1,0,-11,-2,5,3,sil
9.903352975845335,10,0,0,-11,0,-10,0,9,18,7,5,14,16,15,sil
9.903352975845335,13,0,7,-14,7,-6,-4,3,24,15,30,29,25,19,sil
9.919075012207031,4,0,0,-13,-5,-13,-17,-1,7,6,29,21,18,6,sil
9.919075012207031,0,-2,-11,-16,-17,-16,-15,0,-4,-7,9,-1,2,-7,sil
9.934447288513184,1,-4,-10,-24,-13,-10,-9,1,-5,-14,0,-6,-1,-13,sil
9.934447288513184,5,1,-4,-17,-5,-3,-9,0,0,-6,11,11,5,-5,sil
9.9499933719635,3,12,5,2,1,-2,-15,-8,-4,-8,12,18,4,0,sil
9.9499933719635,0,16,9,13,1,0,-18,-12,-18,-24,-5,0,-5,-2,sil
9.9660382270813,1,16,4,15,0,7,-5,-4,-9,-22,0,-3,-4,-5,sil
9.9660382270813,5,14,12,16,10,14,10,7,5,-4,10,4,-7,-4,sil
9.982046842575071,0,8,8,15,15,7,17,3,0,0,-10,-4,-22,-6,sil
9.982046842575071,-5,4,-5,10,1,1,18,-2,-10,-2,-23,-19,-22,0,sil
9.9972882270813,0,6,-5,11,-2,4,19,1,-4,1,-10,-14,-3,7,sil
9.9972882270813,2,10,3,19,12,4,13,4,2,7,1,-6,0,4,sil
10.013334274291992,1,11,6,24,18,6,5,-1,5,13,5,-3,-7,2,sil
10.013334274291992,-3,-3,-9,14,4,7,0,-5,1,15,-6,-11,-6,9,sil
10.029361248016356,-10,-22,-22,-3,-11,0,-8,-2,0,15,-20,-10,3,13,sil
10.029361248016356,-2,-17,-12,-6,-12,0,-2,0,19,22,-7,5,15,14,sil
10.050999402999878,8,-5,-10,-7,-4,3,4,-6,31,19,4,11,19,12,sil
10.050999402999878,4,-7,-16,-25,-7,-5,-13,-5,3,-11,-4,1,1,-8,sil
10.060049533843994,-3,-8,-21,-28,-6,-13,-24,0,-23,-33,-4,-3,-11,-27,sil
10.060049533843994,0,0,-6,-13,3,-11,-14,0,-18,-26,12,5,-5,-17,sil
10.075932502746582,0,8,17,-7,2,-6,-15,-2,-17,-21,17,9,-4,-7,sil
10.075932502746582,-8,5,16,2,-1,2,-7,0,-30,-16,6,-4,-11,-10,sil
10.091570138931274,-5,4,13,20,4,16,26,12,-13,13,0,-3,0,4,sil
10.091570138931274,8,1,12,17,4,20,42,16,33,50,12,12,23,30,sil
10.106856107711792,4,-14,2,-11,-9,-1,13,4,46,41,12,12,21,26,sil
10.106856107711792,-2,-22,0,-32,-18,-23,-12,4,15,2,-12,7,6,9,sil
10.121995449066162,13,-5,16,-14,-11,-16,-8,7,0,-10,-16,9,7,0,sil
10.13718605041504,21,13,30,5,0,-6,-10,-8,-9,-15,7,15,1,-8,sil
10.138186931610107,5,15,22,-1,2,-13,-23,-23,-35,-32,12,9,-13,-22,sil
10.138186931610107,-8,7,12,-2,-4,-9,-17,-12,-33,-28,-4,-10,-22,-25,sil
10.15228271484375,-11,4,20,19,1,13,7,6,-3,-4,-8,-21,-19,-6,sil
10.167600870132446,-11,2,16,31,16,23,22,7,9,8,-6,-16,-12,6,sil
10.167600870132446,-14,-9,4,15,9,15,9,1,3,9,-18,-15,-13,-1,sil
10.182671070098875,-17,-22,-8,-5,-6,11,0,4,11,6,-20,-20,-6,-6,sil
10.182671070098875,-12,-17,-12,-16,-3,5,3,4,21,1,-4,-10,14,11,sil
10.197816610336304,0,0,-1,-11,4,-2,0,-1,17,0,0,3,21,18,sil
10.197816610336304,7,3,-4,-1,5,-5,-7,-4,13,5,0,6,14,0,sil
10.214019060134888,8,3,-11,-2,4,-7,-7,-3,4,0,14,9,12,-14,sil
10.214019060134888,4,11,-12,-9,6,-8,-4,-2,-8,-9,19,9,6,-12,sil
10.22994089126587,3,18,-15,-7,5,-10,-11,0,-17,-12,8,2,-2,-8,sil
10.22994089126587,12,24,-13,8,4,-12,-12,0,-15,-7,9,12,0,-3,sil
10.245038270950316,9,19,-25,25,12,0,13,-1,0,7,15,12,2,1,sil
10.245038270950316,-9,-3,-60,13,10,16,34,0,13,22,0,-15,-5,0,sil
10.260663270950316,-21,-23,-94,-13,-2,14,27,0,16,25,-19,-30,-9,0,sil
10.260663270950316,-7,-21,-95,-20,-7,9,18,1,23,21,-14,-14,1,16,sil
10.27656316757202,11,-7,-38,-10,-6,12,15,6,26,17,2,4,15,28,sil
10.27656316757202,23,2,26,0,-9,0,0,4,6,10,12,17,17,24,sil
10.29218316078186,25,6,61,2,-10,-19,-24,-4,-23,-10,11,25,0,8,sil
10.29218316078186,16,8,63,2,-3,-11,-30,-5,-37,-32,6,14,-17,-6,sil
10.308058261871338,1,8,61,5,0,0,-24,-3,-39,-30,5,0,-20,-12,sil
10.308058261871338,-11,0,65,7,-2,-5,-21,-4,-29,-19,0,-2,-20,-13,sil
10.323224782943726,-19,-7,45,8,-9,-9,-13,-3,-14,-10,-14,-14,-24,-20,sil
10.323224782943726,-19,-1,26,17,-3,7,0,-1,-8,0,-25,-16,-21,-15,sil
10.339329957962036,-16,1,30,21,2,22,12,2,0,9,-14,1,-7,6,sil
10.339329957962036,-2,-6,25,12,-2,12,20,11,16,12,6,11,19,20,sil
10.3548481464386,15,-9,15,5,-3,0,17,18,24,19,12,18,36,21,sil
10.3548481464386,15,0,3,2,-1,-2,7,7,21,10,6,18,27,15,sil
10.370900392532349,11,3,1,0,-5,-14,-4,-8,7,-16,10,14,13,7,sil
10.370900392532349,20,12,7,1,0,-24,-9,-10,-2,-23,17,23,15,1,sil
10.386584520339966,12,13,-6,-1,3,-20,-11,-10,-1,-12,9,19,12,-9,sil
10.386584520339966,-11,6,-21,-9,-4,-11,-21,-9,-8,-21,0,0,-2,-21,sil
10.402133464813232,-11,4,-17,-6,-2,-1,-9,0,-9,-9,5,-5,-1,-15,sil
10.402133464813232,0,4,-9,-4,10,2,16,4,7,24,6,-6,4,0,sil
10.417173624038696,-5,-1,-11,-4,17,10,16,5,10,22,-6,-14,-8,4,sil
10.417173624038696,-24,-11,-38,-8,12,17,8,4,0,2,-27,-39,-25,-8,sil
10.432751178741457,-36,-23,-58,-33,1,13,9,0,0,3,-53,-65,-37,-24,sil
10.432751178741457,-29,-31,-57,-56,-5,7,10,-3,8,8,-54,-64,-35,-22,sil
10.44799256324768,-9,-20,-43,-51,-3,3,0,0,14,7,-22,-27,-5,0,sil
10.44799256324768,6,-2,-23,-33,0,-2,-14,1,11,1,3,9,17,9,sil
10.464049100875854,12,0,-13,-28,2,-9,-18,-2,10,-6,7,8,5,-2,sil
10.464049100875854,6,0,-2,-23,1,-5,-10,-3,6,-6,6,-5,-9,-9,sil
10.47986888885498,1,12,14,9,6,5,-5,-1,-8,3,14,1,0,-1,sil
10.47986888885498,5,16,28,44,8,7,-1,-2,-23,6,21,23,9,7,sil
10.495225667953491,4,7,29,39,2,5,14,1,-17,-1,16,27,5,13,sil
10.495225667953491,0,4,21,36,0,14,26,7,0,0,13,15,3,14,sil
10.510579824447632,0,4,32,49,-3,16,20,4,-2,7,15,14,5,8,sil
10.510579824447632,11,1,37,47,-13,10,17,2,-6,6,12,26,7,7,sil
10.526087045669556,20,1,19,36,-10,3,16,8,6,0,12,32,14,15,sil
10.526087045669556,20,8,14,33,0,-7,6,8,16,-2,17,33,21,20,sil
10.54173731803894,23,10,15,24,-5,-20,-6,-2,9,-4,20,28,21,15,sil
10.54173731803894,24,11,14,5,-12,-24,-22,-4,0,-10,17,20,13,6,sil
10.55735731124878,18,15,14,0,-5,-15,-28,0,-1,-7,18,19,8,3,sil
10.55735731124878,12,11,8,3,9,-7,-18,-2,0,1,20,14,11,7,sil
10.572965621948242,1,7,6,-4,12,-4,-11,-1,-8,1,7,0,6,3,sil
10.572965621948242,-17,10,0,-10,7,0,-13,-3,-20,-7,-14,-22,-10,-15,sil
10.587988376617432,-22,5,-7,-5,9,9,-4,-10,-23,-11,-24,-34,-27,-27,sil
10.587988376617432,-16,-7,-14,-15,12,14,13,-3,-10,2,-19,-35,-29,-19,sil
10.603200197219849,-28,-20,-28,-32,0,6,14,-3,0,11,-22,-37,-21,-13,sil
10.603200197219849,-38,-27,-33,-32,-12,-5,1,-8,-6,-3,-37,-36,-22,-14,sil
10.619341135025024,-24,-30,-36,-35,-14,-10,1,1,0,-5,-41,-33,-22,-10,sil
10.619341135025024,-8,-33,-30,-50,-13,-8,9,10,24,16,-30,-21,-5,0,sil
10.635035276412964,-4,-24,-12,-42,-11,-1,3,0,31,23,-12,-4,14,13,sil
10.635035276412964,2,-4,-1,-12,-7,0,-5,-8,11,0,1,6,17,16,sil
10.6515531539917,13,7,8,-1,-3,-7,-14,2,-1,-19,2,12,6,6,sil
10.6515531539917,13,2,2,-14,-6,-10,-18,5,-7,-23,0,10,0,-8,sil
10.66603946685791,8,5,1,-7,-1,-2,-13,-2,-18,-23,9,12,-7,-15,sil
10.66603946685791,9,28,21,25,18,10,-4,0,-17,-17,21,17,-11,-12,sil
10.681204795837402,4,30,23,39,20,15,3,6,0,-3,16,9,0,-4,sil
10.681204795837402,-4,10,11,22,7,13,17,5,4,3,1,0,4,0,sil
10.69633173942566,-6,1,4,18,9,12,25,0,10,13,2,-2,1,0,sil
10.71146845817566,-1,-1,-1,20,8,10,18,0,17,23,2,-2,2,9,sil
10.71146845817566,0,-10,-4,8,-6,6,10,7,6,19,-5,2,8,22,sil
10.72665786743164,2,-11,-10,-1,-10,2,6,7,0,11,0,0,12,19,sil
10.72665786743164,6,-5,-8,-5,-2,0,0,-2,12,10,7,0,9,7,sil
10.742339611053469,8,0,-4,0,0,-1,-1,-1,23,9,11,8,12,2,sil
10.742339611053469,8,5,0,3,0,-12,-5,0,11,-3,15,21,15,0,sil
10.757996320724487,11,6,5,-1,0,-20,-17,-5,-10,-14,16,24,9,-6,sil
10.757996320724487,16,4,6,-2,1,-13,-19,-5,-18,-7,19,17,4,-7,sil
10.77425217628479,7,10,14,5,3,-3,-16,0,-14,-6,22,9,2,-7,sil
10.77425217628479,0,19,18,11,4,1,-9,0,-14,-13,15,-1,-3,-9,sil
10.789453268051147,0,18,12,20,8,6,2,-2,-12,2,12,-7,-5,-2,sil
10.789453268051147,0,15,22,33,12,13,11,5,0,22,6,-6,0,9,sil
10.804926872253418,-2,10,21,31,9,15,15,5,2,8,-8,-8,-4,9,sil
10.804926872253418,-11,-6,-4,3,0,9,11,-4,-13,-11,-30,-18,-25,-3,sil
10.820457696914673,-29,-24,-27,-18,-2,11,8,-5,-15,-7,-47,-34,-41,-16,sil
10.820457696914673,-29,-26,-20,-19,-5,6,14,1,4,-1,-47,-35,-31,-13,sil
10.836463689804075,-14,-21,-10,-22,-15,-6,9,5,11,-9,-27,-14,-7,-4,sil
10.836463689804075,-10,-20,-27,-34,-19,-10,-2,-2,0,-16,-19,-4,4,0,sil
10.85197639465332,0,-13,-22,-32,-9,-7,-4,-4,0,-4,-18,0,9,10,sil
10.85197639465332,17,-1,1,-13,-4,-10,-7,1,7,11,12,19,26,19,sil
10.867141246795654,17,0,1,-1,-6,-11,-10,0,7,17,38,30,36,13,sil
10.867141246795654,18,2,1,1,0,-8,0,0,9,12,25,26,25,17,sil
10.882601499557495,18,3,4,0,1,-9,6,3,11,9,10,15,14,19,sil
10.882601499557495,0,-4,-1,-7,-3,-10,-7,0,-4,-5,0,2,-2,-3,sil
10.898349523544312,-8,-3,-2,-10,-1,-1,-11,-6,-19,-22,-15,-5,-22,-24,sil
10.898349523544312,3,10,8,6,8,6,-4,-7,-1,-6,-6,-1,-13,-17,sil
10.914522171020508,1,13,14,18,7,3,-4,0,12,14,14,1,3,-6,sil
10.914522171020508,-7,0,1,7,-1,-1,-7,1,1,2,12,-10,-1,-5,sil
10.929962635040283,-5,-5,-5,-8,-4,-1,-11,0,-5,-15,-3,-17,-12,-6,sil
10.929962635040283,-2,1,-4,-5,-3,0,-14,3,7,-4,-1,-5,-4,-6,sil
10.946017503738403,-1,8,-2,11,1,2,-4,1,17,8,14,2,9,2,sil
10.946017503738403,0,16,10,17,11,14,12,3,13,5,18,7,12,12,sil
10.961218118667604,-1,16,4,7,7,15,19,4,5,2,10,7,6,3,sil
10.961218118667604,2,9,0,1,2,2,12,0,-8,-5,5,8,-2,-6,sil
10.977068662643433,15,13,17,11,9,3,9,1,-15,-6,6,10,-3,0,sil
10.977068662643433,13,9,11,9,10,4,6,0,-7,-2,-1,0,-3,-1,sil
10.992644786834717,3,1,0,0,2,-5,-7,-6,-7,-9,-13,-3,-8,-6,sil
10.992644786834717,6,4,6,3,0,-8,-13,-2,-9,-4,0,10,1,6,sil
11.008285284042358,4,-4,4,0,0,-5,-9,0,-9,5,6,3,6,11,sil
11.008285284042358,-13,-16,-6,-13,1,-2,-7,-6,-16,-7,-18,-17,-12,-6,sil
11.024328231811523,-21,-16,-15,-9,-3,-1,-5,-5,-13,-7,-19,-14,-11,-6,sil
11.024328231811523,-13,-15,-6,-2,-14,-3,-8,0,0,8,0,3,5,5,sil
11.039938926696776,-7,-5,0,4,-8,0,-10,0,1,0,-5,0,0,2,sil
11.039938926696776,0,10,0,17,5,9,7,1,-3,0,-11,-3,-7,0,sil
11.055320739746094,6,7,2,9,4,15,31,7,2,16,0,-1,0,4,sil
11.055320739746094,0,-13,-4,-9,-5,19,34,3,17,16,-3,-11,1,-1,sil
11.070845127105711,-14,-24,-12,-15,-3,14,23,2,20,7,-15,-17,-4,-3,sil
11.070845127105711,-8,-13,-9,-3,4,5,18,10,23,20,-2,-4,1,6,sil
11.086265802383425,4,0,-6,7,3,-1,17,10,31,29,11,1,17,11,sil
11.086265802383425,5,-1,-4,-2,-4,-10,7,8,28,14,4,-2,18,9,sil
11.102277994155884,3,-10,-7,-18,-7,-18,-6,-2,12,-1,-1,0,10,9,sil
11.102277994155884,6,-7,-4,-16,-8,-19,-19,-9,-4,-11,-5,11,7,6,sil
11.118227005004885,3,0,-3,-11,-8,-12,-19,-3,-15,-20,-5,12,4,-4,sil
11.118227005004885,2,3,-7,-13,-5,-11,-19,-12,-25,-28,0,1,-6,-18,sil
11.133241891860962,6,7,1,-7,-7,-15,-31,-19,-40,-35,4,-1,-17,-24,sil
11.133241891860962,3,15,13,7,0,-6,-30,-5,-42,-36,6,3,-16,-18,sil
11.149277210235596,0,23,20,22,16,6,-9,0,-21,-17,13,6,-9,-3,goodbye
11.149277210235596,0,18,17,28,13,8,3,0,-3,7,13,4,-7,6,goodbye
11.165310382843018,-8,-1,0,14,-3,9,6,9,6,21,0,-5,-9,3,goodbye
11.165310382843018,-18,-15,-10,-10,-6,16,13,15,23,29,-4,-10,0,4,goodbye
11.180798292160034,0,-8,-9,-16,0,5,16,6,34,29,8,-1,15,19,goodbye
11.180798292160034,30,8,7,-2,2,-4,6,1,28,14,16,20,20,24,goodbye
11.196258306503296,30,19,21,2,7,0,0,0,21,0,10,26,12,10,goodbye
11.196258306503296,6,14,12,0,9,-5,-7,-4,0,-7,6,10,0,-5,goodbye
11.21147632598877,0,13,8,8,8,-13,-15,-8,-22,-19,13,4,-8,-18,goodbye
11.21147632598877,8,22,18,27,13,0,-4,-9,-9,-16,17,10,0,-13,goodbye
11.226980447769163,8,21,28,32,23,13,13,0,0,-2,10,12,11,2,goodbye
11.226980447769163,-1,0,8,16,12,15,7,2,-18,5,-3,-1,9,3,goodbye
11.242008924484251,-19,-26,-27,-14,-18,2,-6,-5,-25,-1,-22,-27,-5,-11,goodbye
11.242008924484251,-28,-33,-28,-35,-33,-12,-12,-3,-9,-16,-38,-30,-16,-14,goodbye
11.257526874542236,-16,-23,-21,-25,-18,-11,-11,3,1,-13,-24,-12,0,0,goodbye
11.257526874542236,-5,-16,-21,-15,-5,-5,-8,0,0,0,-2,-5,14,6,goodbye
11.273086309432983,-17,-13,-17,-13,-9,-3,2,-3,-4,-1,-10,-12,-5,-7,goodbye
11.289642810821531,-17,-4,-12,0,-5,7,9,1,0,-7,-20,-16,-22,-13,goodbye
11.289642810821531,8,8,6,14,9,17,11,9,9,2,-1,-1,-9,10,goodbye
11.289642810821531,19,7,14,16,13,9,16,6,10,16,8,9,2,22,goodbye
11.304270505905151,0,-7,-1,-1,0,0,19,1,5,17,-6,-2,-5,4,goodbye
11.31943154335022,-12,-14,-7,-16,-8,3,12,1,2,11,-11,-18,-15,-11,goodbye
11.31943154335022,-7,-6,-8,-6,-1,4,6,0,0,5,-4,-16,-7,-7,goodbye
11.31943154335022,-2,-2,-1,0,11,5,4,4,7,7,4,3,5,1,goodbye
11.335053443908691,0,-4,2,-4,11,6,9,10,22,20,13,10,8,7,goodbye
11.350492238998411,-2,0,-1,0,3,0,7,3,20,22,8,2,3,5,goodbye
11.350492238998411,-3,12,-1,5,1,0,-4,1,9,5,0,4,3,-3,goodbye
11.36641001701355,5,15,2,6,0,-7,-9,0,2,-9,2,11,7,-7,goodbye
11.36641001701355,13,10,11,4,-7,-16,-7,-5,-5,-11,0,13,5,2,goodbye
11.381925344467165,16,9,13,4,-15,-4,-5,-8,-4,-3,-4,9,2,15,goodbye
11.381925344467165,17,6,6,9,-10,-4,-5,-9,-5,-5,-4,4,0,8,goodbye
11.39706540107727,11,2,10,14,2,-12,-4,-2,-17,-17,-4,6,-4,1,goodbye
11.39706540107727,11,0,10,7,10,8,3,2,-8,-11,10,10,4,9,goodbye
11.412673711776732,14,0,5,-13,3,16,8,0,6,-1,23,13,17,9,goodbye
11.412673711776732,2,0,-4,-19,-2,-8,-4,-2,-4,-12,13,10,14,-9,goodbye
11.428258419036863,-6,0,-12,-4,6,-16,-17,-3,-16,-16,10,2,3,-12,goodbye
11.428258419036863,0,0,0,-3,7,-5,-14,0,-8,1,24,9,7,0,goodbye
11.44429612159729,4,4,10,-10,-8,-12,-14,0,-4,11,34,19,18,1,goodbye
11.44429612159729,1,11,11,0,-10,-23,-24,0,-13,0,32,12,7,-5,goodbye
11.460999488830566,-5,5,7,10,-1,-11,-19,-4,-12,-9,14,-4,-9,-4,goodbye
11.460999488830566,-14,-6,-2,11,0,5,-1,-5,1,-3,-12,-16,-10,-3,goodbye
11.47605323791504,-11,-1,3,17,8,12,3,-1,3,0,-22,-12,-5,-4,goodbye
11.47605323791504,-7,0,3,16,11,9,0,-2,-6,-2,-19,-15,-8,-2,goodbye
11.492154359817505,-19,-16,-16,-3,-3,5,-2,-9,-19,-9,-36,-23,-20,-5,goodbye
11.492154359817505,-16,-18,-22,-9,-10,5,0,-1,-4,-14,-39,-15,-13,-7,goodbye
11.508129119873049,5,0,-7,2,-4,5,9,12,25,-3,-12,1,6,4,goodbye
11.508129119873049,10,7,3,7,-7,12,9,11,25,6,-3,0,1,6,goodbye
11.52322006225586,4,5,-4,2,-3,19,12,4,13,7,-7,-14,-10,-5,goodbye
11.52322006225586,3,3,-4,0,5,12,21,5,21,13,0,-10,-4,-1,goodbye
11.53839373588562,-5,-1,3,-6,1,4,18,3,17,14,-1,-2,-7,0,goodbye
11.53839373588562,-9,-2,0,-9,0,0,4,-2,-7,3,-14,-5,-15,-9,goodbye
11.554607391357422,4,5,4,-6,13,-5,0,-1,-14,8,-3,3,0,0,goodbye
11.554607391357422,9,7,0,-5,15,-5,8,1,0,25,8,8,10,14,goodbye
11.57021975517273,-1,0,-10,-10,7,0,13,0,2,23,0,-4,-4,5,goodbye
11.57021975517273,-6,-2,-8,-3,8,4,9,4,0,16,-9,-12,-9,0,goodbye
11.585928916931152,-9,-3,-8,-10,6,4,7,9,0,11,-4,-9,10,0,goodbye
11.585928916931152,-12,-8,-11,-31,-2,-1,5,0,0,10,1,-3,13,-4,goodbye
11.600998163223268,-1,-6,-7,-18,-4,-4,5,-3,0,15,11,4,2,0,goodbye
11.600998163223268,4,0,0,4,-3,1,5,4,6,-14,13,6,3,7,goodbye
11.61612868309021,0,-7,3,0,-6,5,4,0,1,-58,-5,-1,-4,-2,goodbye
11.61612868309021,1,-14,5,0,-6,2,-1,-9,-6,-44,-15,0,-14,-5,goodbye
11.63119888305664,10,-6,19,18,-9,0,-14,-4,-2,-9,8,20,6,9,goodbye
11.63119888305664,9,-2,15,22,-11,-10,-21,-1,2,-3,29,26,26,9,goodbye
11.647266626358032,7,-4,3,13,-9,-20,-24,-6,-4,-5,2,6,6,-1,goodbye
11.647266626358032,12,4,7,13,-8,-16,-18,-2,-11,-3,-9,7,-2,2,goodbye
11.6623957157135,14,9,11,20,-9,-9,-4,2,0,6,27,27,21,17,goodbye
11.6623957157135,12,3,6,10,-3,-10,-3,4,9,14,33,21,23,14,goodbye
11.67793321609497,2,2,-4,-6,1,-7,-16,0,4,-1,-1,-4,0,-1,goodbye
11.67793321609497,-5,3,-11,-12,1,-1,-22,-9,-3,-7,0,-4,-4,-9,goodbye
11.694014549255373,-1,6,2,-6,0,0,-15,-4,-5,9,20,12,4,-8,goodbye
11.694014549255373,4,15,8,2,2,0,-7,1,-4,6,9,8,3,-6,goodbye
11.709412574768066,0,20,6,9,5,-3,-5,-2,-7,-5,0,-3,-2,-7,goodbye
11.709412574768066,-7,15,1,3,5,-5,-2,0,-8,0,0,-9,-5,-11,goodbye
11.72511625289917,-6,2,-2,-2,2,0,0,1,-7,-4,-3,-12,-11,-13,goodbye
11.72511625289917,-7,-2,2,-1,2,12,4,-2,-6,-13,-13,-16,-18,-13,goodbye
11.740227699279783,-8,4,0,0,7,20,17,-5,-3,-3,-14,-15,-12,-8,sil
11.740227699279783,0,5,-2,-5,13,13,23,0,-3,5,-9,-6,-5,1,sil
11.755347967147827,3,0,5,-8,9,8,20,0,0,7,-6,-4,-2,9,sil
11.755347967147827,0,3,4,5,8,11,16,2,15,11,-13,-8,-1,11,sil
11.771333456039429,0,3,2,14,13,8,12,11,21,10,-17,-4,-6,12,sil
11.771333456039429,-7,-16,-12,-2,4,1,8,7,5,7,-9,-8,-10,4,sil
11.786935329437256,-17,-20,-18,-15,-5,8,10,0,-10,4,-10,-13,-4,0,sil
11.786935329437256,-17,-8,-14,-5,-1,10,15,4,-5,2,-22,-10,-3,-2,sil
11.8024582862854,-9,-17,-21,-1,0,-2,15,2,0,0,-25,-20,-11,-9,sil
11.8024582862854,0,-19,-11,-4,-2,0,9,2,0,0,-3,-12,-9,-1,sil
11.818500280380247,3,-8,0,0,-8,14,10,3,-1,2,12,8,0,10,sil
11.818500280380247,-5,-13,-7,-3,-14,5,4,-3,-4,4,-6,0,-1,3,sil
11.834068059921265,0,-7,-4,0,-3,0,-4,0,9,4,-10,-7,6,3,sil
11.834068059921265,19,11,9,9,8,0,-3,10,38,14,29,17,30,17,sil
11.849316835403442,13,10,9,0,-4,-19,-8,3,30,9,38,28,26,9,sil
11.849316835403442,0,-3,-1,-11,-17,-32,-24,-7,5,-6,12,9,6,-1,sil
11.864939212799072,6,-1,4,-7,-11,-22,-23,0,8,-2,11,7,9,4,sil
11.864939212799072,15,0,14,-9,-7,-14,-14,3,10,7,24,16,17,6,sil
11.8803391456604,6,-4,3,-10,-11,-13,-20,-10,-6,-3,14,17,13,-5,sil
11.8803391456604,7,3,5,0,0,-6,-25,-11,-17,-22,3,23,7,-9,sil
11.895999431610107,9,18,12,8,12,0,-11,-5,-16,-24,3,18,3,-8,sil
11.911086797714232,-3,15,3,-1,5,2,-4,-11,-19,-21,-3,0,-10,-14,sil
11.911086797714232,-5,11,4,-5,0,3,-9,-12,-26,-19,-7,-1,-14,-15,sil
11.911086797714232,8,21,6,8,8,0,-2,-5,-27,-17,0,4,-2,-6,sil
11.926852226257324,7,19,8,14,11,-3,5,-1,-21,-11,-4,-2,-8,-6,sil
11.944127082824709,-5,5,4,8,3,1,3,3,-9,1,-14,-17,-21,-13,sil
11.944127082824709,-11,-3,-7,4,-3,1,2,7,-4,11,-14,-28,-17,-7,sil
11.944127082824709,-19,-6,-11,1,-7,0,5,5,-13,3,-18,-27,-18,0,sil
11.95924425125122,-22,-1,-1,8,0,12,8,3,-13,0,-19,-19,-20,0,sil
11.95924425125122,-7,0,9,16,9,30,14,6,7,11,-4,-5,-2,2,sil
11.974274396896362,3,-12,-1,11,4,26,20,6,21,24,4,0,11,14,sil
11.974274396896362,-6,-23,-16,0,-4,5,13,0,7,17,-2,-5,-3,12,sil
11.99133014678955,-12,-15,-8,-3,-2,-1,6,4,7,6,-6,-7,-9,4,sil
11.99133014678955,6,-7,-3,0,5,10,19,12,41,16,9,3,17,14,sil
12.007805824279783,15,-9,-4,-8,7,10,25,8,52,20,12,10,27,24,sil
12.007805824279783,0,-9,-8,-21,1,-7,8,4,27,4,-5,1,8,11,sil
12.020520448684692,4,-5,-8,-16,-3,-12,0,2,16,-1,-1,8,9,4,sil
12.036242246627808,22,11,10,1,0,-5,1,-2,19,7,30,37,31,17,sil
12.036242246627808,17,22,17,6,5,-9,0,-11,0,3,40,33,27,15,sil
12.057716846466064,5,10,9,-2,0,-16,-16,-7,-29,-16,15,3,-1,-8,sil
12.057716846466064,0,0,1,-7,-2,-9,-25,-4,-36,-31,-1,-5,-15,-23,sil
12.057716846466064,-5,6,-4,0,4,0,-14,-9,-26,-22,-4,-7,-13,-21,sil
12.06733775138855,-6,4,3,8,10,8,0,-4,-13,0,-11,-8,-12,-10,sil
12.083329439163208,-3,0,5,14,8,9,-3,0,-3,8,-8,-4,-5,-3,sil
12.083329439163208,0,3,1,9,4,-1,-15,-5,-14,-5,0,-5,-2,-7,sil
12.09937620162964,-11,0,-6,-6,-8,-16,-17,-9,-32,-17,-16,-24,-24,-23,sil
12.09937620162964,-28,-14,-18,-18,-22,-12,-12,-7,-25,-9,-34,-35,-34,-27,sil
12.09937620162964,-21,-13,-7,-7,-17,5,0,2,0,8,-24,-13,-5,-6,sil
12.116187334060667,-1,-7,1,3,-4,5,9,14,19,23,-7,5,18,12,sil
12.116187334060667,5,-7,-4,0,0,-8,3,8,27,16,-6,2,11,10,sil
12.13037610054016,11,2,-3,-4,-1,0,1,1,29,2,0,8,7,8,sil
12.145913124084473,23,11,4,-4,-4,10,10,7,32,3,14,23,18,15,sil
12.145913124084473,21,3,8,-10,-8,-2,6,9,21,-1,22,24,17,11,sil
12.161186933517456,9,2,0,-7,-3,-9,-3,-1,0,-15,21,14,4,-2,sil
12.161186933517456,1,17,5,5,7,-5,-7,-2,-10,-14,19,7,0,-6,sil
12.176092386245728,-2,22,20,14,10,-6,-8,1,-10,-4,18,1,2,0,sil
12.176092386245728,-8,5,9,18,6,2,-1,-7,-17,-8,4,-6,-11,-3,sil
12.192104816436768,-10,-6,-4,14,6,17,10,-9,-21,-9,-14,-12,-25,-4,sil
12.192104816436768,-2,-1,0,8,8,21,25,6,-6,16,-8,-11,-7,12,sil
12.208191871643066,2,3,4,7,8,17,34,10,0,25,0,-9,1,21,sil
12.208191871643066,-7,-11,-7,0,0,9,16,-6,-17,-7,-21,-14,-19,0,sil
12.224061012268066,-17,-34,-29,-17,-13,-3,-8,-13,-20,-19,-32,-22,-22,-12,sil
12.224061012268066,-9,-29,-24,-23,-10,-8,-11,-2,0,4,-10,-9,-1,0,sil
12.239100456237791,0,-11,-11,-17,-2,-9,-9,0,2,1,0,4,3,3,sil
12.239100456237791,-1,-9,-9,-18,-3,-14,-20,-7,-4,-18,-8,1,2,-8,sil
12.254473447799684,2,0,1,-15,0,-8,-13,3,16,-1,4,5,18,-8,sil
12.254473447799684,9,18,15,4,6,1,0,13,33,20,36,23,32,0,sil
12.269996643066406,8,23,26,17,4,0,-8,5,11,8,35,29,21,2,sil
12.269996643066406,11,27,24,27,12,7,-6,0,2,6,13,14,8,0,sil
12.285518169403076,14,33,18,38,23,16,12,2,14,18,6,2,5,3,sil
12.285518169403076,5,14,15,27,12,13,15,6,11,19,0,3,3,12,sil
12.301197052001951,1,-8,1,9,0,5,10,5,17,23,-3,3,11,15,sil
12.301197052001951,6,-12,-2,-4,-5,-6,3,1,31,13,-3,4,15,10,sil
12.31725811958313,3,-10,-3,-21,-14,-18,-10,-2,16,-10,-2,8,8,4,sil
12.31725811958313,3,-2,-4,-20,-16,-16,-11,-4,-10,-16,8,12,3,0,sil
12.33284616470337,13,11,8,0,-4,-7,-1,-3,-22,-11,18,12,-3,-3,sil
12.33284616470337,6,7,5,6,1,-6,-1,-6,-27,-19,1,-5,-21,-11,sil
12.348363637924194,-16,-4,-11,0,0,-3,-4,-8,-33,-25,-17,-22,-34,-17,sil
12.348363637924194,-27,-7,-13,0,-2,2,0,-7,-33,-19,-22,-28,-37,-15,sil
12.364471197128296,-24,-14,-16,-5,-3,5,3,-8,-27,-13,-34,-35,-38,-14,sil
12.364471197128296,-24,-21,-25,-12,-7,4,0,-4,-17,-10,-38,-31,-29,-11,sil
12.38003158569336,-20,-20,-31,-12,-8,5,3,2,0,0,-16,-23,-4,-7,sil
12.38003158569336,-6,-16,-14,-14,-3,4,7,5,13,15,-5,-16,11,-4,sil
12.395205974578856,0,-10,-3,-14,-3,0,3,6,16,11,-10,-4,9,1,sil
12.395205974578856,-2,-9,-11,-14,-6,-8,-7,3,10,-4,0,4,11,2,sil
12.410470008850098,1,-2,-3,-17,2,-9,-11,7,8,-1,22,15,24,0,sil
12.410470008850098,18,20,12,0,11,0,-2,9,8,17,31,24,31,8,sil
12.425925970077516,25,30,19,17,3,-2,-8,-1,-1,6,27,29,18,12,sil
12.425925970077516,16,17,21,1,0,-9,-20,-9,-12,-19,23,29,4,-1,sil
12.441541194915771,12,18,22,0,6,-6,-14,-3,-4,-14,23,18,3,-3,sil
12.441541194915771,11,30,31,30,15,5,0,0,7,5,12,6,0,4,sil
12.456633806228638,1,15,21,34,13,13,9,-5,6,10,-7,-4,-13,0,sil
12.456633806228638,-9,-12,-3,4,0,10,17,-4,3,5,-20,-19,-20,-3,sil
12.472275733947754,-4,-16,-7,-3,-2,16,18,5,13,11,-16,-17,-11,6,sil
12.472275733947754,2,-7,-2,11,5,23,22,13,21,19,-17,-6,-2,13,sil
12.488048791885376,-1,-4,-5,10,6,13,24,9,13,18,-25,-8,-3,11,sil
12.488048791885376,-8,-6,-12,-2,-3,0,14,0,6,13,-14,-11,1,5,sil
12.504103660583496,-3,-8,-9,-7,-8,-2,1,-1,4,11,0,0,11,3,sil
12.504103660583496,3,-3,1,-4,-4,0,3,3,0,9,7,10,17,12,sil
12.519480466842651,-1,-7,-5,-6,-3,-6,-2,-1,-8,-5,9,1,13,9,sil
12.519480466842651,-9,-17,-14,-13,-10,-20,-23,-7,-16,-28,3,0,0,-6,sil
12.535104990005491,0,-1,-4,-4,-7,-11,-13,0,-7,-26,6,10,0,-5,sil
12.535104990005491,9,14,9,12,2,2,4,4,3,-9,18,16,11,3,sil
12.550393104553224,5,4,12,8,0,-7,-6,-4,-5,-4,16,15,5,-4,sil
12.550393104553224,3,-2,3,-3,-8,-15,-22,-6,-14,-7,11,17,0,-9,sil
12.566490650177002,5,2,4,-3,-7,-12,-22,-2,-7,-12,10,12,0,0,sil
12.566490650177002,1,3,9,0,-5,-16,-19,-5,-3,-14,5,3,-1,-2,sil
12.5820050239563,1,5,11,3,0,-10,-8,0,-6,-2,6,11,-1,-4,sil
12.5820050239563,8,14,17,12,9,11,-1,6,-6,8,9,18,0,7,sil
12.597127914428713,4,13,3,15,12,17,0,0,0,2,3,-2,-2,0,sil
12.597127914428713,-6,8,-4,10,6,7,12,-2,0,-2,-4,-16,-5,-15,sil
12.612659692764282,-6,3,-1,7,6,12,25,6,4,5,-4,-10,-2,-10,sil
12.612659692764282,-6,-5,-7,-2,9,13,19,1,8,8,-7,-15,-2,-6,sil
12.628358125686646,-18,-15,-21,-22,0,0,6,-1,4,1,-22,-29,-11,-13,sil
12.628358125686646,-21,-17,-28,-26,-7,-4,7,0,0,6,-32,-32,-13,-9,sil
12.643996000289915,-5,-11,-21,-23,1,8,11,0,1,18,-26,-26,-4,-2,sil
12.65919828414917,2,-4,-14,-21,6,8,5,-2,2,11,-22,-26,-11,-4,sil
12.65919828414917,-3,-4,-15,-18,0,-10,-1,-4,-4,-1,-23,-29,-19,-3,sil
12.65919828414917,-8,-6,-11,-20,0,-14,-6,0,0,3,-14,-13,-4,1,sil
12.674330949783323,-5,-4,-11,-26,1,-4,-6,6,10,9,-8,-6,0,1,sil
12.689565181732178,-2,1,0,-14,-3,0,-5,3,6,0,-8,-1,-11,5,sil
12.689565181732178,3,11,14,8,-4,7,-7,0,0,-6,7,12,3,10,sil
12.705435991287231,9,5,11,15,-3,5,-15,-1,3,-8,17,18,19,9,sil
12.705435991287231,8,-4,10,7,-10,0,-11,0,1,-9,14,19,7,6,sil
12.720929384231567,11,0,14,14,-7,0,4,8,6,5,33,30,17,12,sil
12.720929384231567,15,10,18,27,6,1,2,5,8,9,39,37,25,15,sil
12.737030982971191,9,8,19,28,9,-2,-7,-7,-11,-15,12,30,3,4,sil
12.737030982971191,6,1,13,26,0,-10,-7,-12,-23,-27,4,21,-3,-3,sil
12.754072904586792,11,2,21,28,-6,-10,-1,-4,-12,-13,15,20,6,0,sil
12.754072904586792,13,5,21,29,0,4,8,1,0,0,9,18,10,9,sil
12.754072904586792,6,1,10,24,4,7,11,1,-1,4,3,7,7,6,sil
12.76828646659851,-6,-2,0,11,0,-3,1,2,-6,1,0,-10,-4,-7,sil
12.783451557159424,-15,-4,-10,-7,0,0,2,6,1,4,-9,-21,-14,-12,sil
12.783451557159424,-3,0,-6,-11,6,9,11,9,18,19,-5,-10,0,0,sil
12.798404216766356,6,9,-4,0,8,3,14,1,15,22,8,-6,13,9,sil
12.798404216766356,-3,12,-7,-3,0,4,15,-2,2,10,9,-14,6,2,sil
12.814541339874268,-12,3,-4,-18,0,15,9,0,6,9,0,-7,0,-2,sil
12.814541339874268,-9,-3,-8,-15,4,7,0,-2,6,6,-12,-4,-6,-8,sil
12.830188751220703,-11,-8,-11,-17,2,-1,0,-6,-5,-11,-25,-17,-18,-18,sil
12.830188751220703,-15,-15,-14,-27,-9,0,-3,-2,-6,-16,-24,-23,-16,-20,sil
12.845231533050535,-7,-14,-12,-21,-11,-12,-23,-6,-12,-4,-12,-9,-4,-7,sil
12.845231533050535,3,-2,0,-8,-3,-25,-30,-5,-25,-6,-3,4,0,1,sil
12.86110019683838,9,0,-3,-8,-4,-15,-12,0,-3,-11,3,9,7,6,sil
12.86110019683838,12,0,-5,-9,-7,-7,0,5,23,-3,8,10,11,13,sil
12.87624192237854,11,7,5,3,5,-5,3,0,10,4,4,0,1,14,sil
12.87624192237854,4,6,3,9,15,4,8,-4,-9,-1,-3,-5,-8,5,sil
12.891363859176636,-4,-3,-11,-7,1,9,9,-2,-6,-12,-8,0,-6,-4,sil
12.891363859176636,-7,-11,-15,-18,-8,-3,1,-6,-6,-15,-5,-3,-3,-13,sil
12.907254457473757,0,-2,2,0,0,-8,-6,-3,-9,-5,0,-8,-3,-7,sil
12.907254457473757,5,9,10,15,9,8,0,9,1,10,2,0,0,2,sil
12.923253774642944,-12,-4,-6,-1,0,12,0,12,3,6,-2,-7,-8,-6,sil
12.923253774642944,-27,-18,-9,-12,-9,-1,-7,10,6,0,-3,-12,-15,-13,sil
12.938341617584229,-5,3,2,8,0,0,0,11,26,18,11,7,3,2,sil
12.938341617584229,11,20,11,17,6,13,9,6,26,27,15,17,18,14,sil
12.954343795776367,1,1,2,5,2,17,9,2,5,14,5,0,6,5,sil
12.954343795776367,2,-1,5,13,0,13,11,3,3,4,0,0,-3,0,sil
12.969948768615724,18,14,27,31,2,9,9,0,6,0,-5,10,-1,7,goodbye
12.969948768615724,10,8,16,19,0,0,0,-7,-2,2,-8,3,2,11,goodbye
12.985412359237673,-1,-4,0,-5,-9,-20,-17,-9,-20,0,0,1,-2,1,goodbye
12.985412359237673,0,0,1,-5,-13,-26,-23,-11,-30,-18,13,9,-9,-15,goodbye
13.001016855239868,-1,2,1,2,0,-14,-7,-17,-21,-19,5,3,-3,-14,goodbye
13.001016855239868,-4,-2,1,2,11,-1,5,-10,-11,-11,-5,-2,2,0,goodbye
13.01615834236145,3,0,0,5,4,0,2,0,-10,-7,6,3,3,6,goodbye
13.01615834236145,15,7,5,8,3,1,4,3,-1,2,22,13,14,9,goodbye
13.03227162361145,16,11,11,4,15,9,13,6,11,14,15,13,29,14,goodbye
13.03227162361145,1,5,-1,0,2,9,5,2,10,8,0,2,22,7,goodbye
13.048333883285522,-10,-5,-7,-7,-13,3,-8,0,1,-2,-4,-11,3,-1,goodbye
13.048333883285522,-4,-8,-7,-13,0,5,-1,0,4,-3,-10,-16,-1,-3,goodbye
13.063445329666138,1,-1,-4,-12,11,13,10,6,7,-1,-17,-5,0,1,goodbye
13.063445329666138,-5,-6,-5,-12,-4,9,15,9,8,-1,-18,-2,5,1,goodbye
13.079431295394896,-12,-18,-21,-18,-15,-5,13,3,5,-3,-17,-17,6,-5,goodbye
13.079431295394896,-20,-20,-23,-26,-12,-9,1,-2,0,-15,-21,-20,-8,-11,goodbye
13.09452986717224,-23,-17,-20,-22,-11,-4,-4,-1,4,-11,-12,-12,-13,-10,goodbye
13.09452986717224,-8,-13,-5,-10,-8,-11,-10,4,3,5,4,0,0,-2,goodbye
13.110193729400637,5,0,8,5,0,-14,-15,6,0,10,12,9,6,1,goodbye
13.110193729400637,7,5,0,13,1,-5,-8,1,9,7,7,4,-3,-1,goodbye
13.12592887878418,6,9,4,5,0,1,-1,2,13,10,11,9,-7,-1,goodbye
13.12592887878418,5,16,14,13,9,0,0,0,2,13,27,16,-3,0,goodbye
13.141433715820312,2,14,9,21,13,-3,-3,-7,-9,0,17,5,-18,-5,goodbye
13.141433715820312,1,10,10,11,3,5,-4,-7,-15,0,-5,-1,-32,-4,goodbye
13.157111167907717,9,11,12,11,0,7,-3,-6,-6,11,0,10,-19,6,goodbye
13.157111167907717,17,14,19,12,2,-8,-13,0,-5,-3,16,21,-21,9,goodbye
13.172301530838013,9,12,7,4,-3,-11,-13,-1,-9,-11,11,5,-39,-2,goodbye
13.172301530838013,-4,0,-2,0,-5,-1,0,-4,-6,0,-5,-13,-34,-4,goodbye
13.1879301071167,-9,-10,7,0,7,4,2,1,-12,-8,-18,-13,-41,0,goodbye
13.1879301071167,-8,-5,-6,1,10,6,4,-1,-14,-17,-21,-12,-60,-4,goodbye
13.204026460647585,-3,2,-11,0,2,8,10,0,0,-2,-14,-3,-7,0,goodbye
13.204026460647585,6,3,-2,2,5,14,19,7,21,11,-3,0,98,11,goodbye
13.21922755241394,10,-1,-8,-5,3,12,21,4,18,8,-5,-7,130,10,goodbye
13.21922755241394,-1,-8,-9,-26,-8,5,10,2,0,-4,-11,-5,100,5,goodbye
13.235336303710938,-14,-18,-21,-28,-16,2,2,0,-1,-5,-4,-1,86,0,goodbye
13.251396894454956,-4,-14,-17,-17,-11,0,6,0,8,2,1,1,55,1,goodbye
13.251396894454956,10,0,2,0,2,0,16,2,16,12,9,12,0,9,goodbye
13.251396894454956,10,4,4,17,4,-1,5,3,8,9,15,11,-29,5,goodbye
13.267475843429564,2,4,12,9,-3,-5,-13,5,-2,-1,19,10,-32,2,goodbye
13.267475843429564,3,4,9,2,-1,-9,-13,-3,-3,0,22,8,-35,3,goodbye
13.28298544883728,5,0,3,6,-1,-13,-22,-9,-14,-6,0,-2,-46,-5,goodbye
13.28298544883728,-2,-3,7,3,-1,-10,-24,-2,-7,-8,-14,-7,-38,-15,goodbye
13.30012559890747,-4,-6,1,0,3,-8,-3,-1,12,6,4,-5,-17,-13,goodbye
13.30012559890747,-6,-4,2,-3,2,-9,-2,0,-7,-1,0,-6,-25,-12,goodbye
13.314084768295288,-21,-10,-13,-6,-2,-10,-16,-9,-30,-20,-22,-22,-40,-24,goodbye
13.329068183898926,-22,-16,-14,-15,-7,-7,-15,-8,-24,-22,-20,-24,-36,-22,goodbye
13.329068183898926,-3,0,14,-5,-4,10,3,7,-10,-8,-1,-5,-16,0,goodbye
13.345160484313965,3,17,10,15,5,17,13,6,0,8,5,3,2,9,goodbye
13.345160484313965,5,15,15,13,3,8,4,4,0,7,4,8,2,8,goodbye
13.345160484313965,15,16,23,13,8,15,13,9,6,11,16,17,9,17,goodbye
13.361696481704712,18,19,16,23,24,24,26,9,21,23,19,21,24,21,goodbye
13.361696481704712,0,14,11,16,19,15,17,10,28,23,0,20,18,12,goodbye
13.377766370773315,-16,0,-15,3,1,4,13,-2,25,26,-8,0,12,2,goodbye
13.377766370773315,-7,-14,-18,-12,-10,6,10,-6,12,16,-6,-12,14,8,goodbye
13.393308162689207,2,-12,-4,-15,-10,2,4,1,16,-2,-9,-2,15,11,goodbye
13.393308162689207,5,-4,-22,-5,-3,-14,0,-4,23,-10,-5,4,18,2,goodbye
13.409246444702148,8,-3,-6,-18,-6,-20,-16,1,-9,-21,1,13,11,0,goodbye
13.409246444702148,7,-7,0,-14,-14,-10,-20,-4,-25,-19,11,10,4,-3,goodbye
13.425220966339111,6,0,-10,6,-11,-16,-16,-20,-13,-13,7,-6,-2,-13,goodbye
13.425220966339111,0,14,12,5,0,-10,-15,-1,-23,-17,-4,-10,-19,-15,goodbye
13.440053939819336,-17,0,-20,9,6,10,4,-9,-15,5,1,-23,-12,-21,goodbye
13.440053939819336,-13,-25,-26,-4,-5,7,1,-5,-3,9,-12,-21,-10,-1,goodbye
13.456214427947998,-2,-10,-1,-9,-6,5,2,15,0,2,-29,-7,-12,12,goodbye
13.456214427947998,-5,-24,-94,10,4,-13,29,-33,31,32,2,-27,19,-9,goodbye
13.470602750778198,17,-28,31,-48,-18,-33,-25,32,-14,-17,-12,23,1,20,goodbye
13.486260890960692,19,28,86,-15,-6,13,-11,45,0,-17,1,51,13,24,goodbye
13.486260890960692,-9,-10,-244,88,40,-21,69,-140,93,71,69,-73,71,-60,goodbye
13.486260890960692,26,-32,75,-94,-21,-82,-79,54,-73,-82,-38,21,-47,17,goodbye
13.501732587814333,33,95,463,-125,-42,63,-104,229,-135,-133,-67,175,-85,83,goodbye
13.516945600509644,-37,56,-167,158,63,90,117,-147,115,120,110,-51,92,-71,goodbye
13.516945600509644,-13,-63,-254,60,36,-69,27,-137,35,50,44,-119,28,-59,goodbye
13.53302812576294,27,25,287,-115,-43,-9,-110,171,-140,-124,-78,82,-103,67,goodbye
13.53302812576294,-16,58,47,50,8,80,35,5,20,20,25,12,4,-5,goodbye
13.548682928085327,-30,-24,-157,67,23,-2,50,-89,51,53,26,-75,28,-45,goodbye
13.548682928085327,-9,-6,47,-22,-8,-15,-29,37,-46,-30,-47,2,-36,11,goodbye
13.56449055671692,-3,19,2,31,10,23,8,-5,0,19,-2,3,0,4,goodbye
13.56449055671692,1,-6,-32,34,14,8,17,-24,19,35,9,-11,10,-2,goodbye
13.580039262771606,-6,-14,6,0,0,1,-1,11,-4,5,-20,-3,-15,0,goodbye
13.580039262771606,-5,-13,-29,3,1,0,14,-8,12,20,-2,-11,-5,0,goodbye
13.595129013061523,14,-9,-2,-1,-2,2,19,1,13,22,5,4,5,14,sil
13.595129013061523,16,-6,5,-2,-13,5,16,9,15,6,-13,4,2,16,sil
13.611003398895264,8,-14,-21,-15,-14,-1,11,1,36,6,-9,-1,9,13,sil
13.611003398895264,2,-19,-5,-29,-8,-3,6,14,41,22,15,15,24,18,sil
13.626657247543337,-5,-20,-13,-11,-1,-3,4,0,23,22,10,3,20,10,sil
13.626657247543337,-2,-13,-16,-8,-5,-1,-1,-7,4,-4,-14,-6,0,5,sil
13.642426013946531,0,-4,-2,-26,-10,-6,-12,1,1,-25,-13,9,-2,0,sil
13.642426013946531,-10,-10,-18,-28,-6,-29,-23,-10,0,-27,4,7,9,-14,sil
13.657917976379396,-9,-8,-15,-31,-10,-32,-28,-4,-11,-21,14,4,9,-9,sil
13.657917976379396,5,4,2,-16,-9,-11,-18,1,-11,-15,22,17,4,-3,sil
13.673104047775269,3,13,4,4,0,-16,-17,-7,-22,-30,14,14,-6,-17,sil
13.673104047775269,-4,20,14,6,1,-20,-21,-1,-34,-38,2,0,-15,-19,sil
13.68888521194458,2,31,12,15,6,-3,-5,-1,-20,-14,14,-4,-1,-11,sil
13.68888521194458,15,37,21,32,16,4,-3,-5,-15,-8,7,0,-1,-4,sil
13.704601287841797,3,22,24,32,6,14,-3,2,-15,-6,-11,-8,-18,-2,sil
13.704601287841797,-6,0,4,24,2,28,15,6,-3,16,-11,-28,-16,0,sil
13.720318794250488,2,1,11,23,17,33,29,9,1,33,-5,-15,0,13,sil
13.720318794250488,3,-1,5,13,20,27,32,2,9,39,-7,0,9,21,sil
13.7359881401062,0,-22,-5,-13,-6,8,18,2,5,22,-10,0,1,14,sil
13.7359881401062,11,-16,7,-21,-19,-9,-3,3,-3,-4,-7,6,-2,1,sil
13.75107192993164,8,-11,-2,-17,-7,-16,-11,-3,1,-7,-7,7,7,-7,sil
13.75107192993164,-8,-23,-17,-32,-3,-7,-4,-2,1,-6,-9,1,8,-11,sil
13.76657748222351,-6,-4,-2,-18,0,0,0,-4,-7,-15,4,5,-1,-14,sil
13.76657748222351,5,28,20,23,18,1,1,-1,-8,-10,13,14,-5,-1,sil
13.782191753387451,6,28,19,33,25,12,10,6,3,11,10,8,0,12,sil
13.782191753387451,-2,9,4,11,8,17,8,3,4,7,3,-8,-4,4,sil
13.798231363296509,-11,3,-8,15,0,13,7,-3,0,3,-3,-11,-16,-3,sil
13.798231363296509,-11,-2,-15,21,3,12,14,0,11,26,-9,-11,-10,5,sil
13.81330156326294,-12,-12,8,-15,-3,16,4,21,10,23,-23,-12,-6,10,sil
13.81330156326294,-29,-24,-38,-18,-10,4,1,-4,22,13,-23,-33,-1,-16,sil
13.82891035079956,-29,-40,-82,-13,-18,-30,-9,-28,21,0,-16,-38,0,-23,sil
13.82891035079956,0,-23,18,-55,-29,-28,-38,25,-12,-31,-20,9,-9,9,sil
13.844058752059937,7,-2,11,-34,-14,-2,-9,8,16,-5,17,20,21,11,sil
13.844058752059937,8,-15,-56,-2,-6,-28,0,-36,42,9,33,-1,39,0,sil
13.859644174575806,23,-2,15,-22,-16,-43,-38,0,-5,-32,0,18,10,10,sil
13.859644174575806,26,19,30,-5,0,-17,-26,3,-8,-25,15,27,8,3,sil
13.875138998031616,22,15,6,15,12,-11,-7,-10,6,-2,46,22,13,1,sil
13.875138998031616,21,24,36,17,4,-10,-16,3,-12,-5,35,31,4,6,sil
13.890634775161743,16,34,26,28,6,1,0,0,-14,3,27,21,6,-7,sil
13.890634775161743,4,25,16,24,14,10,20,2,-12,-1,16,7,-1,-11,sil
13.90597367286682,-7,14,21,24,13,17,19,-4,-32,-18,-5,0,-20,-11,sil
13.90597367286682,-10,9,12,34,6,24,9,-8,-39,-14,-14,-4,-26,-15,sil
13.921149015426636,-12,4,8,31,10,31,19,6,-12,12,0,-2,-8,-4,sil
13.921149015426636,-16,-2,3,28,17,35,34,10,5,32,-1,-6,3,5,sil
13.93657636642456,-8,-1,-1,24,7,27,27,6,-1,23,-14,-7,-2,5,sil
13.952486991882324,1,-4,2,18,-2,14,15,2,0,14,-12,0,-1,11,sil
13.952486991882324,0,-13,3,12,-2,4,9,3,7,16,-8,3,10,26,sil
13.952486991882324,-2,-13,-7,3,-3,0,2,0,3,11,-10,-5,7,25,sil
13.967517852783203,-5,-17,-20,-16,-13,-3,-5,-5,0,0,-16,-17,-3,8,sil
13.984220027923584,-5,-21,-16,-36,-17,-9,-4,1,8,-4,-20,-11,-3,2,sil
13.984220027923584,0,-15,-20,-40,-8,-11,1,7,24,-1,-11,-4,4,5,sil
13.99842119216919,3,-10,-23,-46,-6,-10,0,10,17,0,-6,-6,3,4,sil
13.99842119216919,2,-14,-20,-58,-9,-14,-9,3,4,-4,-17,-17,-4,-6,sil
13.99941897392273,-6,-18,-28,-63,-7,-29,-25,-9,5,-13,-28,-28,-12,-22,sil
14.014273881912231,-13,-11,-30,-59,-7,-29,-39,-7,3,-25,-24,-27,-14,-25,sil
14.029028177261353,-3,1,-16,-35,0,-9,-30,-3,-1,-17,-6,-16,-2,-22,sil
14.029028177261353,9,17,1,-11,14,1,-15,-2,-4,-11,-1,-8,-2,-17,sil
14.044227600097656,5,25,7,1,18,1,-9,-2,-6,-14,-5,-8,-16,-14,sil
14.044227600097656,-8,18,7,11,17,1,-1,-6,-9,-14,4,-10,-17,-20,sil
14.065293312072754,-10,10,11,29,12,7,7,-2,-9,-5,15,-3,-10,-23,sil
14.065293312072754,-6,6,12,47,0,10,4,0,0,5,9,3,-7,-10,sil
14.065293312072754,-5,4,25,47,-6,4,-1,0,-2,9,7,18,-1,4,sil
14.07525897026062,3,6,32,45,0,3,6,-4,-11,12,31,38,15,10,sil
14.091291427612305,18,10,28,54,0,6,18,-4,-11,16,48,42,25,19,sil
14.091291427612305,17,17,36,60,0,8,20,5,-1,16,41,36,20,32,sil
14.106947183609009,10,20,31,62,10,9,24,6,12,27,35,39,23,36,sil
14.106947183609009,13,4,14,39,6,11,24,8,19,30,32,39,25,29,sil
14.122554779052734,7,-15,-2,6,-7,9,20,10,16,13,16,12,17,15,sil
14.122554779052734,0,-17,-12,-12,-10,-2,11,4,9,0,-8,-8,10,12,sil
14.138689041137695,4,-11,-11,-27,-10,-13,-5,9,3,-4,-14,0,11,19,sil
14.138689041137695,1,-24,-27,-51,-19,-19,-14,0,10,-9,-9,-3,7,3,sil
14.154435396194458,-12,-32,-33,-71,-21,-24,-18,-10,8,-23,-26,-22,-7,-17,sil
14.154435396194458,-10,-7,-18,-52,-12,-17,-23,-10,-7,-28,-33,-15,-14,-21,sil
14.170311689376833,1,15,-3,-21,-2,-7,-29,-9,-21,-19,-5,-1,-8,-18,sil
14.170311689376833,6,23,13,-9,8,1,-22,-1,-22,-15,8,-1,-5,-14,sil
14.185496091842651,-1,18,6,2,19,17,2,0,-5,-4,-2,-15,-5,-15,sil
14.185496091842651,-14,0,-9,4,14,19,15,0,0,0,-22,-29,-20,-17,sil
14.201229572296144,-14,0,-10,2,3,13,7,0,-11,-5,-32,-27,-37,-15,sil
14.201229572296144,-4,9,-5,15,6,13,5,-6,-11,1,-19,-16,-25,-11,sil
14.21632981300354,-8,0,1,10,5,13,5,0,-5,16,-8,-12,-9,-1,sil
14.21632981300354,-17,-15,-8,3,4,10,7,0,-3,19,-16,-21,-10,0,sil
14.231821537017822,-6,-6,-5,11,9,11,12,2,0,10,-21,-17,-10,6,sil
14.231821537017822,9,2,10,12,5,13,15,6,19,17,-1,3,12,24,sil
14.246968507766724,6,-11,-2,-1,-2,0,6,-1,31,30,12,7,31,27,sil
14.246968507766724,0,-15,-5,-12,-4,-15,-8,0,9,7,0,0,18,10,sil
14.262590408325195,7,-5,2,-8,-10,-17,-8,-1,-7,-10,0,7,7,2,sil
14.262590408325195,22,-5,5,-4,-19,-19,-8,-3,-7,-3,17,27,20,11,sil
14.278250217437744,22,1,13,0,-11,-16,-7,9,1,-2,24,36,25,16,sil
14.278250217437744,15,3,0,-2,1,-13,2,4,13,-11,21,20,10,0,sil
14.29419469833374,8,-10,-6,-17,-3,-13,2,4,16,-16,9,7,-9,-14,sil
14.29419469833374,-2,-3,-5,-15,-9,-8,-3,8,10,-8,5,4,-13,-17,sil
14.309253215789797,-14,14,-5,-3,-1,-12,-10,-2,-7,-11,4,0,-10,-21,sil
14.309253215789797,-21,13,-3,0,7,-8,-10,-12,-23,-27,-5,-10,-18,-28,sil
14.32517910003662,-24,3,-13,-1,11,2,-1,-16,-14,-24,-10,-22,-22,-35,sil
14.32517910003662,-13,9,4,0,9,2,-8,0,-7,-10,0,-1,-12,-15,sil
14.340712070465088,6,24,30,22,14,9,-2,7,0,7,21,20,11,12,sil
14.340712070465088,4,16,12,32,18,16,7,-5,4,13,23,-1,13,6,sil
14.355905055999756,-8,-1,0,5,0,12,0,-1,-12,-4,-3,-20,-12,-8,sil
14.355905055999756,0,-5,-3,5,-7,11,7,0,-14,0,-6,-3,-8,0,sil
14.371999502182009,12,2,9,25,3,13,11,2,0,17,11,12,12,21,sil
14.371999502182009,4,6,17,23,5,9,2,1,0,21,15,15,16,19,sil
14.38727068901062,2,4,3,19,0,7,5,-5,0,19,4,11,12,16,sil
14.38727068901062,10,0,0,13,2,5,9,7,4,17,-5,7,8,26,sil
14.402374982833862,5,-6,-9,-2,-1,2,7,9,22,25,-4,-6,14,15,sil
14.402374982833862,6,-10,-8,-16,-7,2,11,3,21,26,-10,-11,15,8,sil
14.420005798339844,11,-9,10,-5,-4,5,11,5,2,16,-17,-2,1,17,sil
14.433021306991575,-6,-21,-11,0,-8,0,5,-1,-3,2,-19,-19,-12,1,sil
14.433021306991575,-21,-34,-26,-37,-24,-3,0,1,0,-10,-30,-31,-14,-11,sil
14.433021306991575,-14,-24,-12,-47,-21,-4,-9,0,3,-13,-22,-10,-2,-5,sil
14.449064254760742,-2,-5,-1,-18,-5,-18,-25,-9,-7,-22,1,9,0,-5,sil
14.449064254760742,13,4,11,-12,-4,-15,-22,1,-17,-35,8,15,-1,-9,sil
14.46509289741516,10,7,1,-17,-4,0,-3,1,0,-26,1,7,-2,-12,sil
14.46509289741516,-2,6,-7,-13,3,-9,-6,-4,7,-19,-10,-2,-17,-13,sil
14.48089838027954,6,17,6,-2,6,-13,-8,4,2,-14,-5,5,-17,-10,sil
14.48089838027954,15,26,2,16,8,1,4,0,3,-1,19,13,1,-7,sil
14.49694037437439,0,22,2,27,15,6,0,-7,-5,-4,17,3,-3,-5,sil
14.49694037437439,-2,23,17,30,23,0,-8,-5,-5,-3,9,3,-5,-2,sil
14.512961149215698,5,16,0,28,19,-1,0,-9,1,9,19,6,9,-4,sil
14.512961149215698,-7,-2,17,3,3,0,2,13,-14,0,0,5,-8,1,sil
14.529001951217651,-32,-16,-3,15,5,17,35,8,13,25,-5,-13,-3,4,sil
14.529001951217651,-20,-26,-56,28,4,2,46,-14,42,48,2,-33,20,5,sil
14.54522156715393,9,-13,66,-40,-23,-9,-19,48,-17,-8,-33,19,-8,35,sil
14.545605897903442,-4,-5,-9,-14,-17,11,1,-5,15,22,0,16,21,10,sil
14.560325860977173,-18,-57,-221,27,2,-37,33,-114,62,64,49,-60,62,-38,sil
14.560325860977173,22,-30,54,-84,-27,-61,-62,47,-58,-58,-28,22,-25,13,sil
14.57610845565796,34,56,189,-55,-12,20,-43,98,-54,-53,-10,87,-20,27,sil
14.57610845565796,7,33,-73,59,27,19,30,-65,34,39,67,-12,44,-36,sil
14.591598510742188,3,4,-6,3,2,-18,-28,-19,-36,-32,7,-18,-16,-20,sil
14.591598510742188,3,36,92,3,0,21,-31,30,-48,-42,-17,15,-38,0,sil
14.607646226882936,1,25,-13,59,26,31,18,-27,1,20,18,-15,0,-10,sil
14.607646226882936,-3,0,1,20,15,18,7,3,-18,0,-3,-12,-14,7,sil
14.623166561126707,-12,0,5,2,0,23,14,12,-5,-3,-10,-11,-9,7,sil
14.623166561126707,-8,-8,-24,7,-7,11,18,-6,8,10,-7,-24,0,0,sil
14.63869285583496,-7,-17,-3,-8,-11,5,3,6,-1,0,-27,-14,-11,3,sil
14.63869285583496,-5,-18,-12,-7,-4,6,8,4,17,4,-23,-6,-5,5,sil
14.65412449836731,2,-6,-14,-3,0,0,9,7,24,8,-5,-1,2,8,sil
14.65412449836731,-5,-5,-4,-8,-8,-4,8,7,14,5,-9,-6,1,4,sil
14.669287919998167,-12,-19,-17,-17,-7,-4,17,-3,20,12,-21,-16,1,-3,sil
14.669287919998167,1,-8,-3,-12,2,6,20,4,34,23,-2,7,9,7,sil
14.685382843017578,7,8,13,10,6,10,17,5,35,17,20,23,16,14,sil
14.685382843017578,1,1,-3,15,7,-6,6,-4,19,1,9,3,11,4,sil
14.700341701507568,4,-7,0,-12,-1,-20,-14,0,0,-10,-9,2,0,1,sil
14.714985370635986,-5,-15,-5,-31,-18,-18,-28,-8,-10,-17,-13,4,-3,-9,sil
14.714985370635986,-26,-28,-28,-27,-23,-24,-32,-26,-26,-34,-19,-17,-14,-33,sil
14.730908155441284,-13,-13,-4,-18,-13,-24,-33,-7,-29,-31,-9,-4,-12,-22,sil
14.730908155441284,19,11,10,0,-3,-9,-15,11,7,8,26,26,18,9,sil
14.745919942855837,23,11,5,7,0,-2,0,7,17,23,35,26,30,19,sil
14.745919942855837,11,10,14,8,10,-2,-1,5,-16,3,15,11,11,12,sil
14.76141095161438,15,21,7,17,19,0,0,-3,-24,0,11,1,0,1,sil
14.76141095161438,17,23,11,10,11,1,8,-4,-11,6,21,12,6,0,sil
14.77750325202942,11,15,17,3,6,3,15,1,-5,8,23,23,13,10,sil
14.77750325202942,17,12,16,8,2,0,0,0,-13,-1,8,11,0,6,sil
14.793113231658936,16,15,17,8,-4,-2,-14,-2,-14,-13,4,1,-4,-3,sil
14.793113231658936,1,10,9,8,-4,1,0,-1,0,-6,14,0,4,-3,sil
14.80854058265686,-9,4,9,7,4,7,4,0,0,-6,0,-3,-10,-2,sil
14.80854058265686,-13,0,1,14,13,9,-2,-1,-5,-12,-22,-12,-35,-14,sil
14.824089050292969,-13,-2,-1,15,13,13,1,2,0,-8,-24,-11,-26,-12,sil
14.824089050292969,-14,1,0,1,5,20,14,12,11,0,-16,-10,-5,-1,sil
14.840146780014038,-15,-5,-17,0,1,15,12,4,7,2,-11,-17,1,-4,sil
14.840146780014038,-10,-11,-13,9,1,9,3,1,-4,1,-7,-11,-4,-3,sil
14.855374813079834,-12,-11,-13,10,0,14,10,-2,-2,15,0,-9,-4,-3,sil
14.855374813079834,-24,-15,-28,-7,-2,9,12,-8,-6,12,-13,-25,-8,-10,sil
14.870975732803345,-28,-16,-18,-11,-2,-1,5,-1,-9,0,-28,-32,-16,-5,goodbye
14.870975732803345,-13,-9,-15,-2,-4,0,8,1,11,12,-10,-25,-7,1,goodbye
14.887099504470823,-4,-7,-10,-16,-12,4,7,0,28,23,8,-6,6,5,goodbye
14.887099504470823,-5,-10,-5,-21,-15,-1,-2,0,23,8,0,-1,8,7,goodbye
14.902231216430664,8,0,-3,0,-7,-13,-8,2,11,-10,-5,0,3,10,goodbye
14.902231216430664,24,4,4,2,0,-21,-10,6,4,-15,5,14,8,5,goodbye
14.917397260665894,11,-8,-4,-20,-3,-19,-14,0,4,-6,2,9,7,-4,goodbye
14.917397260665894,0,-12,-2,-19,-6,-6,-8,-1,4,0,-11,3,1,0,goodbye
14.932926416397097,18,2,13,3,-2,0,4,6,4,4,0,20,13,15,goodbye
14.932926416397097,30,5,16,-4,-1,-8,4,4,0,1,17,28,25,23,goodbye
14.94816541671753,17,5,19,-14,-1,-9,-1,-5,-17,-5,13,17,11,11,goodbye
14.94816541671753,6,15,16,12,5,-5,-3,-10,-15,-5,9,10,4,-3,goodbye
14.964187383651732,8,13,14,11,1,-8,-7,-5,-9,0,19,20,12,-1,goodbye
14.964187383651732,6,1,11,-12,-8,0,-8,0,-5,2,21,24,7,2,goodbye
14.9795880317688,5,1,6,-3,0,3,-6,0,4,0,13,17,2,2,goodbye
14.9795880317688,10,7,12,12,10,2,-4,0,8,0,8,11,5,2,goodbye
14.99535632133484,2,2,0,10,10,12,2,-4,5,4,1,-3,0,-1,goodbye
14.99535632133484,-17,-9,-16,-4,5,8,0,-2,0,0,-9,-18,-13,-17,goodbye
15.010413885116575,-21,-8,-16,-15,0,-10,-8,0,0,-14,-13,-18,-14,-23,goodbye
15.010413885116575,-5,8,-6,0,0,-8,-2,-4,-2,-8,-5,-11,-4,-8,goodbye
15.025918960571287,5,20,19,24,9,6,2,0,-11,0,8,4,5,7,goodbye
15.025918960571287,7,15,13,24,6,6,4,3,-8,3,16,12,12,9,goodbye
15.041411399841309,1,6,-4,7,-1,1,-4,-4,-5,0,0,-2,-2,0,goodbye
15.041411399841309,-8,3,0,14,-3,3,-12,-6,-23,-11,-23,-20,-21,-11,goodbye
15.057322978973389,-14,0,-6,21,1,7,2,0,-31,-17,-28,-20,-20,-18,goodbye
15.057322978973389,-18,-8,-20,-2,3,9,18,4,-14,-14,-13,-9,-16,-14,goodbye
15.072944164276125,-24,-10,-14,-10,0,9,13,3,0,-2,-7,-18,-17,-9,goodbye
15.072944164276125,-16,-6,1,7,-1,8,12,7,8,8,-7,-19,-6,-3,goodbye
15.08893609046936,0,-7,-2,3,0,9,21,16,23,21,2,1,7,9,goodbye
15.08893609046936,-1,-13,-15,-8,5,10,19,6,25,19,1,-2,1,12,goodbye
15.104581832885742,-12,-17,-5,-5,4,9,10,-4,9,2,-19,-23,-12,0,goodbye
15.104581832885742,-2,-11,0,-4,-1,2,6,0,9,10,-10,-11,-2,0,goodbye
15.12020182609558,12,0,2,-10,-5,-11,-7,0,10,18,9,12,3,12,goodbye
15.12020182609558,13,11,10,-3,-6,-19,-21,0,2,4,3,15,0,16,goodbye
15.136488199234009,6,6,1,0,-9,-17,-14,0,10,9,5,8,17,11,goodbye
15.136488199234009,5,-6,-8,-14,-9,-16,-10,0,11,14,10,10,22,12,goodbye
15.152561902999878,13,-8,-7,-15,-3,-15,-13,0,4,-3,0,14,7,13,goodbye
15.152561902999878,26,0,0,-3,-2,-8,-8,2,8,-10,12,23,13,13,goodbye
15.167364120483398,28,9,10,-6,-5,0,0,1,3,0,34,29,24,12,goodbye
15.167364120483398,19,7,4,-13,0,-2,0,-1,-6,0,22,23,14,2,goodbye
15.182941913604736,9,7,8,-12,4,-7,-5,-5,-13,-15,12,19,0,-4,goodbye
15.182941913604736,0,15,13,-3,-2,-4,-9,-12,-23,-26,10,7,-8,-17,goodbye
15.198054552078249,-6,13,3,-1,-8,-10,-14,-14,-32,-34,-7,-16,-26,-34,goodbye
15.198054552078249,-9,2,3,-2,0,-7,-6,-2,-21,-26,-19,-20,-32,-25,goodbye
15.213313341140749,-10,2,5,9,9,12,8,4,-6,1,-9,-13,-24,-5,goodbye
15.213313341140749,-11,3,5,22,7,21,7,2,-1,14,-9,-16,-20,-4,goodbye
15.22939944267273,-11,-2,0,18,2,17,10,0,0,0,-18,-21,-16,-6,goodbye
15.22939944267273,-19,-8,-6,15,4,16,17,-1,-4,-3,-21,-23,-14,-2,goodbye
15.245421171188354,-22,-13,0,21,6,16,12,6,1,14,-21,-23,-10,0,goodbye
15.26098895072937,-14,-19,0,19,7,14,18,11,33,31,-9,-14,6,4,goodbye
15.26098895072937,-13,-16,-9,-1,8,11,19,5,35,26,1,-3,20,11,goodbye
15.26098895072937,-18,-12,-14,-14,1,7,0,0,12,15,-2,-3,19,10,goodbye
15.27710223197937,-12,-15,-16,-12,-4,3,-1,0,15,10,-7,-1,22,3,goodbye
15.27710223197937,0,-6,-3,-10,-7,-4,-2,-2,17,2,0,10,27,1,goodbye
15.292243719100952,18,7,2,-4,-3,-8,-7,-2,3,0,13,21,39,9,goodbye
15.292243719100952,31,11,11,1,5,0,5,9,4,4,26,33,56,24,goodbye
15.307510375976562,24,9,9,0,2,-5,10,9,8,3,25,32,52,22,goodbye
15.307510375976562,10,6,0,-8,-12,-20,-12,-8,-10,-9,9,12,23,-1,goodbye
15.323066234588625,11,7,3,-12,-12,-21,-26,-11,-27,-15,6,11,6,-10,goodbye
15.323066234588625,16,12,7,-8,-1,-20,-23,-6,-25,-15,20,21,12,0,goodbye
15.338201761245728,16,14,5,-4,-2,-23,-26,-5,-21,-20,18,15,8,-2,goodbye
15.35574984550476,18,16,10,2,-1,-11,-16,0,-19,-14,10,6,-9,-13,goodbye
15.35574984550476,9,20,7,16,10,2,3,4,-12,-4,6,-2,-27,-9,goodbye
15.370129108428957,-14,10,-2,10,8,0,0,0,-9,-9,-12,-18,-47,-10,goodbye
15.370129108428957,-26,-12,-16,-8,-4,0,-4,-3,-5,-6,-23,-30,-64,-18,goodbye
15.38614821434021,-11,-10,-7,0,0,5,4,-2,-2,-1,-19,-26,-76,-15,goodbye
15.38614821434021,0,9,8,23,16,15,13,0,-5,-10,-23,-20,-85,-7,goodbye
15.38614821434021,-6,6,-1,21,4,16,9,-3,0,-3,-14,-15,-82,-3,goodbye
15.40170431137085,-14,-9,-7,2,-10,5,5,0,5,7,-1,-9,-101,-2,goodbye
15.40170431137085,-13,-11,-4,1,-2,2,7,2,-3,-3,-19,-18,-112,-6,goodbye
15.41695785522461,-17,-14,-12,0,0,12,6,0,-6,-5,-29,-27,-29,-1,goodbye
15.43404483795166,-19,-22,-16,-11,-12,23,12,4,17,17,-5,-10,86,12,goodbye
15.43404483795166,-15,-20,-10,-2,-4,23,26,10,32,34,11,3,112,16,goodbye
15.43404483795166,-10,-18,-1,2,5,8,19,4,21,30,2,2,90,18,goodbye
15.448230981826782,1,-19,-1,-11,-1,-6,3,4,21,22,-5,6,92,24,goodbye
15.463801860809326,21,-4,3,-15,0,-9,0,12,30,20,8,29,93,26,sil
15.463801860809326,27,12,16,-6,11,-2,1,8,22,17,34,41,75,21,sil
15.479031801223757,10,6,13,-12,3,-5,-4,-7,-3,-1,26,21,45,2,sil
15.479031801223757,2,0,7,-23,-10,-9,-15,-12,-27,-26,-7,0,4,-16,sil
15.4951012134552,15,15,8,-9,-6,-3,-16,-6,-25,-27,-6,5,-4,-10,sil
15.4951012134552,28,27,15,11,4,-6,-4,-2,-3,-10,19,22,12,7,sil
15.510382175445557,18,15,20,12,8,-13,1,0,6,-1,20,21,10,1,sil
15.510382175445557,-3,-1,-2,0,4,-10,-9,0,2,-4,0,-6,-10,-18,sil
15.52646017074585,-13,-4,-15,-2,2,-5,-18,-1,-2,-5,-4,-15,-19,-17,sil
15.52646017074585,0,7,0,13,0,-4,-13,1,0,6,14,1,-7,2,sil
15.54448699951172,9,14,4,18,-3,-8,-12,0,3,4,20,10,-4,9,sil
15.54448699951172,-1,2,-3,2,-6,-9,-15,-2,-5,-11,-1,-3,-27,-7,sil
15.557367324829102,-14,-8,-15,-4,-5,0,-1,-2,-18,-6,-15,-21,-44,-16,sil
15.557367324829102,-16,-12,-19,-2,-5,0,4,-1,-19,0,-12,-15,-41,-8,sil
15.572408199310305,-19,-9,-13,-2,-6,0,-4,-4,-11,-9,-8,-2,-31,-5,sil
15.572408199310305,-8,0,3,2,1,3,0,-4,-5,-9,-2,-2,-25,-4,sil
15.587935209274292,9,10,14,6,3,7,19,6,-7,-8,-10,-8,-30,-1,sil
15.587935209274292,-1,-1,-7,-2,-6,8,20,0,-12,-19,-32,-18,-39,-15,sil
15.602956056594849,-25,-15,-20,-12,-1,13,11,-17,-14,-20,-36,-24,-37,-30,sil
15.602956056594849,-17,-4,-6,1,17,20,14,-4,-4,-5,-12,-14,-13,-13,sil
15.61829686164856,4,12,6,25,23,16,16,19,18,14,13,5,14,18,sil
15.61829686164856,16,15,21,28,15,6,12,18,31,29,29,22,26,29,sil
15.634350776672363,18,5,17,13,3,2,9,4,17,25,21,17,23,24,sil
15.634350776672363,16,-5,5,0,-8,3,5,0,-3,13,0,1,14,19,sil
15.650315284729004,11,-10,4,-5,-8,0,3,0,1,22,-8,-2,15,14,sil
15.650315284729004,-1,-15,-8,-19,-7,-9,-2,0,18,27,-6,-9,18,1,sil
15.66633939743042,-17,-18,-22,-36,-12,-11,-19,-3,15,4,-13,-15,12,-6,sil
15.66633939743042,-8,-8,-17,-24,-6,-5,-23,-6,12,-14,-5,0,21,0,sil
15.68245792388916,13,6,5,-3,-1,-11,-14,0,9,-21,22,26,32,14,sil
15.68245792388916,23,13,21,1,-9,-18,-12,5,-7,-22,32,34,22,14,sil
15.698071241378784,19,10,16,-1,-12,-16,-17,-7,-26,-18,12,16,5,-1,sil
15.698071241378784,0,5,11,0,-5,-17,-23,-14,-36,-18,-2,-1,-8,-21,sil
15.713173627853394,-18,11,4,10,6,0,-12,-1,-28,-8,2,-8,-16,-25,sil
15.713173627853394,-24,14,-4,27,22,30,11,6,-8,17,3,-14,-10,-14,sil
15.727933645248411,-24,0,-9,28,24,29,24,3,7,28,-3,-19,-3,-6,sil
15.727933645248411,-18,-10,-9,16,13,9,27,5,23,18,0,-6,0,8,sil
15.744606971740724,2,-9,-1,3,3,8,29,14,36,11,2,14,5,34,sil
15.744606971740724,25,-10,-1,-10,-8,0,17,8,28,5,-7,16,12,37,sil
15.760300159454346,39,-6,8,-20,-13,-21,-7,-2,6,-2,-7,17,16,16,sil
15.760300159454346,42,7,25,-9,-3,-18,-14,-4,-5,-2,3,29,16,8,sil
15.776402711868286,18,6,6,-2,0,-11,-5,-6,-7,-4,0,12,1,-3,sil
15.776402711868286,-20,-5,-21,-18,-7,-16,-5,-9,-8,-18,-8,-25,-17,-38,sil
15.79230284690857,-41,-8,-25,-19,-8,-7,-5,-5,-10,-19,-4,-37,-23,-52,sil
15.79230284690857,-39,-3,-15,6,0,7,2,-1,-17,-9,-2,-29,-26,-36,sil
15.807771682739258,-31,3,-8,13,5,13,2,2,-18,-11,-13,-24,-33,-20,sil
15.807771682739258,-10,9,-4,10,9,16,2,3,-3,-5,-12,-12,-24,-3,sil
15.823290824890137,18,13,18,26,14,22,11,0,11,14,0,9,-5,20,sil
15.823290824890137,26,10,28,26,6,20,14,0,10,22,2,12,9,28,sil
15.838424444198608,8,-9,-4,-15,-15,5,3,2,0,5,-7,0,11,15,sil
15.838424444198608,-11,-36,-34,-48,-27,-10,-11,0,-7,-8,-15,-10,0,-2,sil
15.854002714157104,-21,-35,-32,-41,-18,-11,-15,-4,0,-3,-10,-9,0,-11,sil
15.854002714157104,-13,-11,-9,-24,-4,-7,-11,1,9,7,6,14,15,-2,sil
15.869287967681885,9,4,9,-4,0,-17,-14,4,9,10,23,35,25,11,sil
15.869287967681885,26,10,20,10,0,-27,-27,-3,-4,0,23,25,9,10,sil
15.885011911392212,19,20,24,8,1,-10,-23,-4,-14,-12,13,13,-6,0,sil
15.885011911392212,12,24,15,7,10,7,0,0,-6,-16,14,11,0,-3,sil
15.90015745162964,15,26,13,17,17,6,7,2,-3,-14,10,0,3,0,sil
15.90015745162964,1,24,9,25,12,10,10,3,-3,-5,-2,-17,0,1,sil
15.915910720825195,-13,15,1,30,11,20,22,5,7,7,-1,-7,9,8,sil
15.915910720825195,0,10,9,30,16,16,19,4,5,6,1,7,11,17,sil
15.931091070175173,5,0,3,15,9,6,12,0,-8,0,-11,-9,-3,10,sil
15.931091070175173,-10,-16,-5,1,1,3,18,0,0,8,-16,-25,-10,1,sil
15.947289228439333,-8,-15,3,7,1,4,17,-3,16,14,-2,-14,-3,1,sil
15.947289228439333,-8,-13,-4,0,-5,0,0,-12,9,8,-7,-13,-7,-6,sil
15.96301007270813,-22,-26,-19,-20,-12,-6,-5,-4,0,9,-16,-17,-14,-12,sil
15.96301007270813,-10,-19,-16,-11,-1,0,5,6,8,19,0,-5,0,0,sil
15.978731870651243,11,1,1,11,5,5,0,1,9,12,8,14,15,15,sil
15.978731870651243,10,0,3,2,-1,-2,-7,0,7,2,0,19,9,13,sil
15.99431610107422,0,-17,-12,-19,-14,-11,0,9,13,1,0,6,0,-2,sil
15.99431610107422,-6,-16,-12,-28,-21,-18,-2,9,12,-4,6,6,1,-14,sil
16.00983715057373,-1,0,-6,-26,-17,-21,-9,0,7,-7,6,19,3,-9,sil
16.00983715057373,9,12,-2,-25,-10,-13,-2,-3,0,-3,4,21,2,-3,sil
16.025384187698364,15,15,14,-15,-11,-4,-11,0,-14,-7,3,20,1,-6,sil
16.025384187698364,14,11,24,0,-10,-11,-32,-9,-27,-20,10,19,0,-6,sil
16.040612936019897,5,10,20,7,0,-10,-31,-18,-32,-33,5,6,-14,-11,sil
16.040612936019897,0,15,8,14,11,12,-4,-1,-21,-24,-4,-6,-16,-11,sil
16.056309700012207,0,13,0,16,11,20,7,12,0,-8,-1,-4,-3,1,sil
16.056309700012207,0,7,-5,6,12,7,0,5,4,-4,0,-8,0,0,sil
16.07796335220337,-1,7,-7,9,17,2,0,-4,-5,1,-2,-18,0,-6,sil
16.078959226608276,4,2,2,13,11,6,8,-3,-11,10,-3,-14,-3,5,sil
16.089505434036255,2,-10,0,0,2,10,14,1,0,5,-9,-11,-5,12,sil
16.089505434036255,-2,-10,-10,0,12,17,17,4,11,7,-16,-19,0,2,sil
16.104053258895874,-9,-6,-13,3,16,17,23,1,7,18,-14,-22,1,-2,sil
16.104053258895874,-32,-27,-35,-27,-3,8,26,0,0,17,-14,-33,-4,-3,sil
16.120003700256348,-51,-46,-45,-56,-16,4,11,1,3,8,-21,-39,-8,-7,sil
16.120003700256348,-33,-30,-23,-29,-12,0,-6,-2,8,8,-20,-26,-1,-11,sil
16.135379314422607,1,0,-5,-2,-9,-10,-16,-10,4,6,-11,-2,2,-4,sil
16.135379314422607,12,7,3,-7,-5,-13,-17,0,1,-2,0,8,3,5,sil
16.150968074798584,4,1,8,-2,-1,-7,-12,9,9,-5,11,13,9,3,sil
16.166529655456543,14,10,20,21,-4,-10,-10,2,16,-5,18,29,17,3,sil
16.166529655456543,32,29,37,38,-2,-14,0,3,14,-2,35,49,22,16,sil
16.166529655456543,27,31,43,42,4,-17,4,9,7,0,55,56,22,19,sil
16.182208776474,22,27,42,42,1,-14,-8,0,-3,-4,45,49,13,9,sil
16.182208776474,33,31,36,44,0,2,-6,-5,-9,-5,24,34,0,8,sil
16.198191165924072,24,30,34,40,11,20,16,0,-4,-2,10,18,-9,9,sil
16.198191165924072,6,15,16,31,19,18,24,-4,-12,2,0,2,-7,3,sil
16.21272110939026,0,0,-11,15,9,11,14,-6,-16,8,-10,-16,-9,0,sil
16.228352069854736,-11,-15,-22,-11,-5,11,8,11,10,11,-16,-30,-16,0,sil
16.228352069854736,-21,-21,-24,-25,-9,7,3,9,24,18,-24,-26,-5,8,sil
16.244393825531006,-8,-17,-17,-23,-5,0,-7,-10,-2,18,-27,-17,3,8,sil
16.244393825531006,-2,-16,-18,-31,-7,-2,-10,-8,-14,2,-23,-17,-6,-1,sil
16.260098457336426,-11,-20,-30,-44,-9,-9,-8,1,3,-8,-18,-15,-6,-2,sil
16.260098457336426,-6,-22,-21,-41,-5,-19,-19,-2,3,-11,-6,1,9,2,sil
16.260098457336426,-4,-20,-14,-32,-3,-22,-27,-6,-6,-16,0,5,10,-11,sil
16.275431632995605,-15,-12,-17,-28,-2,-15,-21,0,-9,-26,-7,-1,-2,-29,sil
16.290926218032837,-16,-3,-10,-24,-1,-4,-8,1,-11,-25,-4,-9,-11,-33,sil
16.290926218032837,-8,-2,-3,-16,0,0,-1,-4,-15,-20,2,-19,-12,-30,sil
16.306959629058838,-15,-2,-4,-7,0,-1,-2,-7,-19,-23,-3,-21,-15,-29,sil
16.306959629058838,-21,5,-9,0,0,3,4,0,-14,-14,-5,-18,-16,-23,sil
16.32257342338562,-6,7,5,10,10,17,20,7,0,4,6,-10,-10,-5,sil
16.32257342338562,4,2,20,16,15,22,29,8,8,11,4,-2,1,13,sil
16.338419198989868,0,5,7,20,1,13,23,0,9,16,-4,-3,9,16,sil
16.338419198989868,5,14,12,24,0,11,20,8,14,29,4,3,10,18,sil
16.354451894760132,9,8,19,25,7,19,24,12,21,25,8,17,12,21,sil
16.354451894760132,0,-5,3,4,-5,7,8,0,12,5,-11,12,4,10,sil
16.371227264404297,6,1,1,-3,-14,-8,-7,-5,3,5,-13,10,3,9,sil
16.371227264404297,34,18,17,23,0,-7,-1,0,13,22,12,22,18,28,sil
16.38621759414673,37,14,17,31,6,-6,-9,0,21,19,20,25,17,28,sil
16.38621759414673,15,0,-1,9,-1,-14,-29,-4,8,3,11,16,6,8,sil
16.38621759414673,1,-1,-6,-1,-4,-21,-32,-6,0,-6,12,9,6,-3,sil
16.401402235031128,2,0,-2,-5,-3,-20,-26,-4,-2,-10,15,6,3,-8,sil
16.416946172714233,0,0,-10,-12,-2,-14,-23,-7,-15,-19,6,-2,-10,-15,sil
16.416946172714233,-6,6,-5,-13,0,-7,-14,-7,-31,-33,-4,-3,-18,-12,sil
16.432085752487183,-3,9,7,-8,3,-2,5,3,-20,-25,3,8,-7,0,sil
16.432085752487183,2,11,8,5,7,5,15,9,-2,-1,22,16,4,3,sil
16.447715759277344,0,20,14,28,14,20,15,7,0,11,20,6,1,-3,sil
16.447715759277344,-3,16,9,33,20,27,23,4,0,9,0,-9,-2,-4,sil
16.46295690536499,-7,-10,-1,6,8,19,20,0,-8,0,-16,-15,-8,0,sil
16.46295690536499,-14,-33,-9,-18,-10,15,10,-5,-13,0,-23,-16,-8,-5,sil
16.478160619735718,-19,-31,-17,-21,-8,15,18,0,6,13,-18,-20,0,0,sil
16.478160619735718,-18,-19,-15,-9,2,12,24,10,24,23,-14,-21,4,8,sil
16.49319076538086,-10,-12,-12,0,-4,6,17,7,19,20,-14,-22,0,3,sil
16.49319076538086,1,-7,-1,-1,-14,-2,5,0,5,10,-12,-13,0,0,sil
16.508403301239014,2,-1,1,-9,-7,-9,0,2,0,2,-4,-1,6,7,sil
16.508403301239014,-4,-5,-11,-18,-4,-8,-6,0,4,-3,-3,0,5,3,sil
16.524531841278076,-4,-11,-19,-23,-10,-11,-18,-4,6,-11,-17,-8,-1,-5,sil
16.524531841278076,4,-6,-12,-17,-10,-22,-28,-8,2,-12,-14,-3,-1,-11,sil
16.540154457092285,7,-2,-3,-21,-8,-27,-29,-10,-6,-13,0,7,-3,-17,sil
16.540154457092285,0,-3,-2,-28,-7,-19,-22,-9,-14,-23,-5,5,-11,-19,sil
16.55546522140503,2,1,4,-6,0,-13,-14,-5,-11,-20,-7,5,-4,-10,sil
16.55546522140503,10,12,22,13,7,-11,-10,1,-2,-5,20,24,9,0,sil
16.571113348007202,7,13,16,6,9,-2,-7,2,1,0,34,20,7,4,sil
16.571113348007202,1,9,7,5,9,5,0,0,0,-5,18,4,-4,0,sil
16.58617377281189,1,10,12,12,0,3,4,0,0,-3,12,10,-4,2,sil
16.58617377281189,1,12,7,4,-7,0,8,0,-2,4,23,15,3,10,sil
16.60220217704773,3,21,10,6,1,10,11,1,-9,3,26,9,6,10,sil
16.60220217704773,10,30,18,34,13,15,10,4,-3,0,14,4,3,5,sil
16.617949962615967,12,25,13,41,17,13,2,1,0,-3,0,1,-6,1,sil
16.617949962615967,4,9,3,23,22,19,-1,-1,-13,-6,-12,-6,-17,-8,sil
16.63309907913208,-5,0,-3,13,17,19,0,-2,-19,0,-19,-16,-11,-12,sil
16.63309907913208,-12,-2,-2,13,5,13,9,4,0,12,-19,-15,0,1,sil
16.649147272109985,-9,-11,-5,14,2,18,21,6,17,20,-8,-10,4,12,sil
16.649147272109985,0,-17,-1,13,0,17,18,0,15,22,-2,-5,11,15,sil
16.665318727493286,6,-9,0,3,-3,4,15,0,20,31,-6,-2,17,20,goodbye
16.665318727493286,0,-13,-18,-16,-9,-7,27,5,29,33,-10,-6,11,14,goodbye
16.680541276931763,-7,-30,-24,-33,-18,-13,24,7,22,15,-7,-7,4,3,goodbye
16.680541276931763,-4,-27,-13,-26,-17,-12,7,6,8,-1,-5,-3,3,2,goodbye
16.696651458740234,-7,-17,-18,-22,-9,-17,-8,-1,-4,-10,-11,-4,0,0,goodbye
16.696651458740234,-11,-19,-20,-37,-17,-28,-22,-5,-12,-11,-1,-1,1,-10,goodbye
16.71217632293701,-4,-16,-15,-38,-26,-27,-28,-2,-10,-16,14,2,4,-19,goodbye
16.71217632293701,-8,-1,-4,-22,-16,-17,-36,-8,-18,-35,1,7,-7,-19,goodbye
16.72752547264099,-7,9,3,-11,-3,-15,-41,-16,-21,-34,-4,11,-10,-13,goodbye
16.72752547264099,14,23,13,4,5,-7,-27,-6,-3,-6,16,16,4,-4,goodbye
16.743072986602783,22,37,26,23,16,12,-5,7,4,6,24,21,7,0,goodbye
16.743072986602783,4,27,18,24,20,11,-2,0,-5,3,14,4,-2,-5,goodbye
16.757925510406494,-6,7,5,13,13,0,-16,-8,-18,-4,0,-18,-16,-22,goodbye
16.757925510406494,-3,7,3,14,5,10,-8,-3,-18,-11,-11,-19,-21,-16,goodbye
16.773272037506104,2,13,10,22,2,30,22,3,-2,0,-8,-6,-13,10,goodbye
16.773272037506104,10,0,16,23,4,30,40,8,6,22,-4,-3,-6,21,goodbye
16.788431882858276,8,-14,1,8,4,20,42,6,10,21,-11,-2,0,18,goodbye
16.804080963134766,1,-18,-6,-12,-1,5,31,1,19,1,-10,3,7,18,goodbye
16.804080963134766,4,-11,-1,-11,-6,-11,9,1,19,-5,0,7,11,14,goodbye
16.821027755737305,10,-5,-2,-7,-4,-22,-5,0,4,-5,6,9,10,3,goodbye
16.821027755737305,3,-6,-4,-23,-1,-18,-10,0,-1,-19,7,8,10,-2,goodbye
16.821027755737305,-4,-1,-4,-17,0,-7,-9,1,0,-23,8,6,5,-5,goodbye
16.835293292999268,-6,9,5,9,1,0,-9,2,1,-3,11,6,-1,-10,goodbye
16.85122799873352,-10,10,14,14,1,2,-6,0,-1,5,5,-1,-11,-15,goodbye
16.85122799873352,-14,7,8,17,10,7,-4,-3,-10,-1,-5,-10,-14,-10,goodbye
16.866941452026367,-9,4,5,20,18,14,0,-1,-14,5,-5,-1,-1,3,goodbye
16.866941452026367,-7,-3,-2,7,5,13,10,0,-8,22,-2,-6,7,5,goodbye
16.882018327713013,-7,-1,-12,8,2,6,9,-2,-9,20,-11,-19,0,0,goodbye
16.882018327713013,2,10,-8,21,12,8,9,0,1,19,-7,-5,6,9,goodbye
16.899131298065186,9,5,0,7,2,5,15,8,25,32,11,10,27,19,goodbye
16.899131298065186,0,-7,-2,-13,-12,-9,8,4,29,18,8,2,19,11,goodbye
16.899131298065186,-9,-17,-23,-22,-13,-16,-2,-5,14,-9,-18,-17,-11,-3,goodbye
16.9153151512146,-3,-24,-29,-35,-20,-18,-6,-1,7,-9,-30,-20,-18,-9,goodbye
16.9153151512146,5,-19,-10,-34,-24,-24,-15,0,1,-4,-9,-3,0,-7,goodbye
16.929959058761597,7,-9,-5,-24,-15,-21,-21,-9,-4,-13,13,7,6,-5,goodbye
16.94529366493225,7,-2,-3,-27,-10,-19,-25,-7,-7,-12,16,8,-2,-7,goodbye
16.94529366493225,8,8,1,-12,-5,-17,-24,0,-14,-7,6,8,-4,-8,goodbye
16.960609912872314,13,18,7,13,4,0,-14,1,-19,-21,7,17,0,0,goodbye
16.960609912872314,15,23,18,10,6,12,-2,0,-7,-20,22,28,6,4,goodbye
16.976484537124634,10,20,21,9,3,3,-1,0,0,0,27,18,2,-4,goodbye
16.976484537124634,0,15,19,26,9,4,-1,0,-3,1,18,1,-7,-4,goodbye
16.99126362800598,-5,9,10,21,12,21,8,3,-5,-4,4,-2,-8,2,goodbye
16.99126362800598,-13,1,0,3,5,22,9,0,-9,-8,-11,-6,-10,-3,goodbye
17.00679349899292,-16,4,3,20,10,18,4,0,-19,-11,-23,-10,-18,-11,goodbye
17.00679349899292,-7,5,6,33,13,19,8,3,-10,0,-15,-10,-10,-3,goodbye
17.02241802215576,-5,-9,0,4,-9,9,9,0,2,4,-6,-5,-1,5,goodbye
17.02241802215576,-6,-18,-9,-6,-18,0,9,-1,3,-11,-12,-6,-7,8,goodbye
17.03800129890442,1,-8,0,16,4,4,21,7,5,-1,-10,-2,0,12,goodbye
17.03800129890442,5,-5,11,18,12,12,29,9,16,26,1,2,12,16,goodbye
17.053083658218384,-3,-16,-5,-5,4,4,17,-2,13,22,2,-4,11,9,goodbye
17.053083658218384,-3,-17,-9,-17,9,-10,4,-5,1,5,-2,-9,8,4,goodbye
17.068264722824097,7,-7,-1,-12,9,-6,10,6,12,12,-1,-3,15,9,goodbye
17.068264722824097,4,-2,-7,-10,-3,0,12,5,23,17,-7,-6,12,4,goodbye
17.084287643432617,-3,-3,-13,-17,-7,-12,-5,-5,1,6,-13,-7,1,-10,goodbye
17.084287643432617,-1,-2,-17,-25,-8,-26,-17,-5,-9,-3,-1,-3,1,-17,goodbye
17.100147008895874,-4,-1,-16,-28,-12,-18,-19,0,1,-10,0,-2,0,-13,goodbye
17.100147008895874,-8,-3,-9,-28,-8,-8,-21,-1,1,-8,-12,-2,-6,-11,goodbye
17.11504626274109,0,0,-7,-22,-3,-12,-22,-5,-4,-4,-4,1,-3,-13,goodbye
17.115551710128784,9,12,3,-9,-2,-12,-18,-1,1,-2,17,10,2,-4,goodbye
17.13067603111267,12,20,15,5,-1,-3,-3,4,16,5,30,22,11,11,goodbye
17.13067603111267,10,18,19,16,0,1,2,7,19,11,30,28,16,14,goodbye
17.146278858184814,1,16,16,18,4,1,-2,0,7,8,25,20,5,0,goodbye
17.146278858184814,-3,9,8,14,3,2,-3,-4,-10,-1,13,5,-12,-4,goodbye
17.16298770904541,2,0,9,10,0,7,-2,-1,-24,-18,-6,-2,-21,1,goodbye
17.16298770904541,4,0,6,16,0,7,-3,0,-31,-22,-12,-6,-15,4,goodbye
17.17810368537903,0,7,7,22,11,7,-4,-3,-29,-7,0,-1,-3,6,goodbye
17.17810368537903,0,6,13,27,22,19,5,4,-9,6,4,-5,1,6,goodbye
17.194130659103394,0,0,3,32,12,25,18,5,8,5,-7,-16,-5,0,goodbye
17.194130659103394,-10,-1,-4,23,-3,13,15,-2,2,-4,-23,-19,-18,-3,goodbye
17.20936870574951,-5,-3,-5,11,-3,8,15,-4,5,4,-23,-12,-6,4,goodbye
17.20936870574951,5,-8,-5,0,3,16,23,0,21,26,-4,3,13,11,goodbye
17.225080013275146,-3,-19,-15,-20,-7,5,13,0,9,14,2,7,8,2,sil
17.225080013275146,-18,-25,-27,-35,-23,-18,-5,-6,-12,-15,-13,-9,0,-10,sil
17.241066694259644,-10,-17,-13,-27,-16,-26,-16,1,-1,-15,-9,-5,10,-7,sil
17.241066694259644,7,-2,-2,-18,-5,-19,-16,7,18,2,16,11,23,4,sil
17.256221771240234,11,1,-4,-22,-4,-18,-14,0,13,-2,14,9,11,-3,sil
17.256221771240234,2,0,-2,-24,-5,-13,-10,0,1,-19,-4,0,-5,-21,sil
17.272343158721924,-5,-2,1,-20,-1,-8,-5,5,-2,-12,-1,-3,-9,-17,sil
17.272343158721924,-1,6,6,-12,-2,-14,-7,1,-18,-6,3,0,-10,-5,sil
17.28731942176819,4,12,6,-1,-6,-11,-11,-9,-33,-19,-2,2,-18,-8,sil
17.28731942176819,-3,0,-2,4,0,4,-8,-15,-27,-22,-11,-11,-25,-14,sil
17.303410053253174,-8,-2,1,7,12,12,4,-4,-7,1,-11,-15,-19,-6,sil
17.303410053253174,5,8,7,19,12,9,12,9,12,21,2,3,2,9,sil
17.319495677947998,18,14,15,29,11,13,11,11,23,24,20,18,24,25,sil
17.319495677947998,15,11,16,31,19,22,21,9,20,29,23,14,27,30,sil
17.335310459136963,9,6,10,24,19,21,29,10,17,32,17,9,20,21,sil
17.335310459136963,0,1,7,9,6,14,17,8,14,25,9,2,14,10,sil
17.350676774978638,-11,-2,-5,-3,-1,6,8,-3,1,11,-1,-12,9,8,sil
17.350676774978638,-12,-10,-13,-13,-4,0,1,-11,-10,-4,-15,-18,-3,3,sil
17.366318464279175,-8,-14,-10,-14,-10,1,-6,-5,-4,-11,-22,-14,-13,-6,sil
17.366318464279175,-7,-6,-7,-7,-6,6,-3,5,16,-1,-18,-7,-5,-4,sil
17.382137537002563,-8,1,-5,-3,0,-2,3,9,30,2,-5,-1,3,0,sil
17.382137537002563,-3,0,-5,-1,-9,-16,-3,3,21,-9,4,3,3,-5,sil
17.397990465164185,8,-4,1,-2,-10,-20,-23,-1,0,-15,7,14,2,-3,sil
17.397990465164185,11,-3,2,-6,-1,-16,-31,-8,-11,-9,6,18,0,0,sil
17.413018941879272,8,9,3,3,-1,-17,-28,-10,-14,-6,16,15,-3,-6,sil
17.413018941879272,15,21,16,15,-7,-19,-22,-1,-11,-4,28,24,0,-1,sil
17.428711652755737,12,14,11,2,-6,-19,-10,-2,-8,-7,17,22,-1,-1,sil
17.428711652755737,-1,1,2,-11,5,-10,-2,-8,-21,-21,0,6,-13,-16,sil
17.444194078445435,-5,5,9,4,14,7,3,-4,-32,-26,-1,0,-20,-18,sil
17.444194078445435,-8,5,3,20,4,21,20,-2,-22,-9,-13,-11,-20,-9,sil
17.460251331329346,-15,-14,-4,7,-6,27,36,0,-4,14,-32,-26,-13,-5,sil
17.460251331329346,-12,-28,-13,-11,-5,20,31,7,6,31,-25,-26,0,0,sil
17.476336002349854,-8,-17,-15,-13,0,8,13,8,9,24,-9,-14,13,8,sil
17.476336002349854,-4,-6,-6,-5,4,11,9,5,13,11,-7,-4,18,17,sil
17.491466760635376,5,-9,-8,-10,1,7,2,1,15,4,-7,-4,11,16,sil
17.491466760635376,5,-3,-10,-20,-4,-13,-18,-1,-2,-11,-5,-12,-4,-3,sil
17.50707507133484,0,10,-3,-7,0,-14,-23,-7,-16,-19,2,-14,-5,-14,sil
17.50707507133484,9,18,6,3,12,2,-14,-8,-6,-12,22,3,8,0,sil
17.522496700286865,18,20,8,1,10,0,-12,1,1,-10,27,15,9,6,sil
17.522496700286865,4,8,-3,0,0,-9,-1,7,-1,-9,5,-5,-8,-2,sil
17.538620948791504,-14,-9,-10,-1,-8,-1,10,4,0,0,-13,-23,-19,-8,sil
17.538620948791504,-15,-10,-6,3,-4,10,12,6,16,15,-3,-9,1,2,sil
17.55441451072693,-1,-3,3,15,0,15,14,10,31,30,2,5,19,17,sil
17.55441451072693,-1,-9,0,3,-3,15,18,5,27,32,-12,-1,7,14,sil
17.569405794143677,-13,-18,-14,-14,-9,-1,6,-4,9,13,-23,-11,0,0,sil
17.569405794143677,-12,-14,-6,-11,-11,-18,-11,-6,-5,-14,-13,0,0,-5,sil
17.58590817451477,-2,-6,4,-3,-9,-17,-11,-3,-4,-16,0,10,0,-8,sil
17.58590817451477,4,3,2,-4,1,-16,-11,-6,0,-3,5,11,-1,-6,sil
17.60096788406372,19,16,13,3,7,-16,-13,-3,0,-1,14,25,11,6,sil
17.60096788406372,29,19,23,11,4,-5,-5,0,0,3,34,41,24,15,sil
17.616827726364136,16,11,22,3,7,0,0,0,-3,6,39,40,16,5,sil
17.616827726364136,5,9,13,0,6,-5,0,0,-18,-12,16,22,-3,-9,sil
17.632976770401,5,13,8,8,3,-4,3,0,-23,-24,4,8,-15,-14,sil
17.632976770401,2,19,16,21,11,6,2,3,-6,-8,15,7,-10,-4,sil
17.647166967391968,4,25,23,35,18,18,1,0,5,5,19,10,0,5,sil
17.647166967391968,8,19,27,34,9,16,0,-4,-3,3,12,5,1,9,sil
17.66320252418518,0,0,8,16,-3,11,0,0,-9,0,-1,-10,-8,4,sil
17.66320252418518,-12,-11,-13,4,-13,8,2,2,-7,0,-17,-21,-14,0,sil
17.67898941040039,-8,-11,-5,15,-12,11,8,0,-7,0,-22,-15,-14,0,sil
17.694037675857544,-2,-10,-10,18,-5,15,13,2,1,6,-20,-12,-8,4,sil
17.694037675857544,-3,-14,-21,0,-4,7,12,3,6,7,-22,-13,-5,7,sil
17.709243774414062,-14,-20,-25,-21,-9,-4,5,-3,1,0,-22,-14,-3,4,sil
17.709243774414062,-28,-32,-45,-39,-11,-13,-4,-4,8,-8,-23,-28,-2,-7,sil
17.724348068237305,-28,-36,-49,-54,-11,-15,-15,2,18,0,-29,-32,-3,-18,sil
17.724348068237305,-4,-17,-26,-43,1,-6,-12,0,16,16,-17,-11,4,-10,sil
17.74040699005127,11,3,-12,-29,12,-1,-10,-1,9,10,0,0,17,-1,sil
17.74040699005127,0,0,-15,-39,1,-13,-15,1,2,-10,-6,-15,8,-9,sil
17.756036520004272,-6,-7,-11,-42,-7,-16,-14,-1,-3,-9,-9,-25,-5,-18,sil
17.756036520004272,1,9,6,-24,4,-1,-5,-6,-8,-1,3,-9,-4,-14,sil
17.7715904712677,4,17,11,-4,12,2,4,-3,-8,-6,7,-7,-3,-13,sil
17.7715904712677,0,0,16,0,2,-6,7,0,-10,-8,1,-11,-5,-11,sil
17.78676676750183,0,-1,22,3,1,0,11,1,-10,0,6,-1,0,2,sil
17.78676676750183,-1,12,14,20,13,14,17,0,-1,4,14,9,6,12,sil
17.802284240722656,-1,16,15,40,13,17,20,3,3,6,15,18,13,11,sil
17.802284240722656,5,8,20,46,-2,9,17,3,1,9,19,21,19,12,sil
17.81830883026123,7,2,24,48,-9,8,9,-3,0,2,19,22,-2,15,sil
17.81830883026123,8,14,29,47,0,11,0,-3,-3,-9,8,25,-21,16,sil
17.83402442932129,16,25,21,29,4,5,-1,5,-12,-6,8,24,5,17,sil
17.83402442932129,11,9,10,11,-6,-3,-8,7,-5,5,16,21,28,11,sil
17.8492374420166,4,-9,0,17,-9,-4,-7,3,9,17,19,20,19,4,sil
17.8492374420166,13,-3,2,17,-1,-8,-2,5,11,17,14,25,12,9,sil
17.864640951156616,20,0,6,-6,-6,-13,-6,8,12,9,11,37,16,20,sil
17.864640951156616,12,-8,-7,-21,-12,-11,-6,0,16,0,9,29,11,15,sil
17.879981994628906,6,-3,-16,-17,0,-12,-7,-3,4,-10,1,3,-2,-5,sil
17.879981994628906,1,2,-9,-16,8,-14,-11,-2,-7,-17,-2,-10,-23,-19,sil
17.895405530929565,-7,0,-11,-17,6,-1,-4,-3,-2,-16,-7,-16,-39,-17,sil
17.895405530929565,-22,-2,-19,-11,7,10,6,-5,1,-11,-21,-28,-37,-18,sil
17.911040782928467,-30,-2,-19,-2,6,9,7,-8,-1,-1,-31,-40,-23,-20,sil
17.911040782928467,-21,-3,-5,-1,1,14,8,-6,-9,0,-32,-35,-16,-9,sil
17.92619800567627,-9,-9,-10,-14,-6,7,9,-2,-10,-9,-35,-32,-16,-3,sil
17.92619800567627,-3,-13,-22,-24,-15,-15,-1,-3,1,-1,-26,-24,0,-2,sil
17.941761255264282,7,-8,-4,-17,-13,-10,-9,1,14,18,1,0,31,9,sil
17.941761255264282,13,0,6,-12,-6,-3,-13,1,7,10,21,11,40,9,sil
17.957419872283936,2,3,6,-10,0,-17,-21,-2,-2,-10,18,3,14,-7,sil
17.957419872283936,0,12,12,7,12,0,-11,0,0,-5,18,2,0,-13,sil
17.973106861114502,6,18,16,20,16,15,-2,0,-7,-2,17,5,0,-13,sil
17.973106861114502,0,10,13,11,9,2,-12,-7,-31,-14,-3,-3,-11,-15,sil
17.988322257995605,-13,-4,-4,4,3,6,-1,-3,-25,-9,-17,-15,-14,-9,sil
17.988322257995605,-15,-9,-8,9,0,25,19,6,-3,5,-12,-12,-7,-2,sil
18.004513025283813,-5,-3,3,18,4,17,21,4,2,16,0,0,0,8,sil
18.004513025283813,1,-7,5,7,2,0,17,0,-1,20,6,3,5,21,sil
18.020394325256348,-2,-18,-3,-15,-10,0,8,2,0,11,2,1,6,17,sil
18.020394325256348,-6,-20,-10,-14,-9,9,7,4,12,4,-8,1,0,8,sil
18.03602242469788,-3,-14,-8,-8,0,7,17,5,23,7,-9,0,0,6,sil
18.03602242469788,0,-4,-4,-14,0,1,14,6,21,1,-1,1,7,7,sil
18.05174851417541,7,9,2,3,7,-1,-1,3,14,-7,7,18,16,14,sil
18.05174851417541,12,17,15,13,4,-3,-3,3,4,-1,15,26,18,12,sil
18.067034482955933,5,9,0,-6,-8,-8,3,2,-2,9,10,4,10,-5,sil
18.067034482955933,2,7,-9,-2,-2,-11,0,1,1,1,4,0,0,-6,sil
18.08945846557617,14,16,6,20,6,-13,-1,2,4,-5,14,15,1,6,sil
18.08945846557617,15,13,3,15,0,-13,-4,-4,-1,-1,17,13,3,0,sil
18.08945846557617,1,0,-1,-4,-2,-13,-12,-10,-12,-8,-1,0,-8,-10,sil
18.09797692298889,-2,0,1,-4,-5,-10,-10,-8,-20,-22,-16,-9,-23,-12,sil
18.11306381225586,1,2,5,6,-10,0,2,-4,-16,-14,-12,-10,-22,-10,sil
18.12878465652465,9,6,11,14,0,9,11,3,7,3,0,-1,-1,-1,sil
18.12878465652465,8,4,5,12,7,2,3,2,19,4,1,0,10,1,sil
18.145102500915527,0,-2,0,5,1,-3,-8,-3,0,1,-6,-6,0,-1,sil
18.145102500915527,0,-6,-1,4,2,3,-4,-3,-1,17,-2,0,0,6,sil
18.145102500915527,0,-2,0,-4,2,0,-8,-2,9,16,4,6,7,9,sil
18.15969705581665,-8,-1,-3,-23,-8,-10,-26,-5,-6,-11,-5,-2,-8,-3,sil
18.17559170722961,-9,-2,-5,-24,-10,-9,-22,-2,-16,-14,-9,-2,-16,-6,sil
18.17559170722961,-1,-2,1,-11,0,0,-10,0,0,0,1,7,0,0,sil
18.17559170722961,-8,-2,1,-6,0,5,-12,0,2,-1,7,0,-2,-8,sil
18.193052768707275,-12,-5,-2,-9,-4,8,-11,1,-11,-3,4,-8,-20,-15,sil
18.206247806549072,-6,-11,0,-3,0,11,0,0,-9,6,3,-3,-11,-4,sil
18.206247806549072,-4,-7,-3,10,8,14,17,3,4,8,6,-7,11,7,sil
18.206247806549072,-4,4,3,10,11,12,24,9,12,-1,4,-8,13,3,sil
18.221424341201782,-4,2,0,3,7,3,15,4,9,-7,-6,-6,2,-5,sil
18.23737931251526,-7,-11,-19,-2,-2,-4,3,-3,0,-9,-16,-9,3,-2,sil
18.23737931251526,-1,-10,-11,-7,-2,-3,9,1,1,-2,-6,-4,14,6,sil
18.253071784973145,5,-1,2,-2,5,4,14,4,6,10,7,7,21,10,sil
18.253071784973145,4,4,3,3,7,10,2,-3,-3,7,8,8,14,5,sil
18.268279790878296,2,8,-2,3,4,9,0,-6,-9,-7,-1,-1,-1,-3,sil
18.268279790878296,7,5,1,2,1,4,12,0,-4,-6,-11,2,-9,-5,sil
18.284398794174194,9,5,14,10,3,0,15,5,1,5,-4,14,-1,6,sil
18.284398794174194,3,11,4,20,4,-6,9,4,12,8,8,10,4,10,sil
18.29994988441468,1,12,0,9,-4,-18,0,4,16,9,15,8,6,7,sil
18.29994988441468,11,13,12,-1,-12,-19,-7,2,-1,10,10,14,5,9,sil
18.31514835357666,10,11,11,5,-6,-14,-12,-8,-22,-6,-6,1,-4,7,sil
18.31514835357666,0,1,1,9,-2,-7,-8,-8,-18,-19,-17,-8,-12,0,sil
18.33024430274964,-3,-6,-3,-1,-6,1,-7,-3,-7,-8,-7,-10,-6,-6,sil
18.33024430274964,-7,-11,-4,-16,-12,0,-22,-8,-15,-8,-11,-25,-14,-16,sil
18.34552383422852,-10,-10,-4,-12,-8,-4,-22,-5,-17,-9,-19,-27,-16,-15,sil
18.345927238464355,-3,-2,-6,4,6,0,-3,3,-1,8,2,-6,1,0,sil
18.360922813415527,-4,0,-7,0,10,2,0,2,5,13,16,3,3,0,sil
18.360922813415527,-6,-4,-4,-8,0,5,3,2,15,16,8,0,3,-3,sil
18.37612748146057,1,0,6,8,5,18,26,11,36,33,9,5,12,6,sil
18.37612748146057,0,0,0,12,8,22,22,12,34,24,4,2,0,5,sil
18.392216205596924,-10,-12,-19,-14,-3,9,-1,2,18,0,-8,1,-11,-1,sil
18.392216205596924,-1,-15,-8,-21,-9,-4,0,1,13,-8,-2,13,0,2,sil
18.408069372177124,7,-12,0,-9,-10,-10,13,0,10,-1,4,10,4,4,sil
18.408069372177124,4,-10,-1,-15,-1,0,8,-3,4,1,3,3,0,2,sil
18.423293352127075,5,0,3,-13,14,9,0,0,6,-6,7,14,3,7,sil
18.423293352127075,11,2,0,-1,3,-8,0,0,1,-17,6,15,6,10,sil
18.438937187194824,11,-3,-1,-14,-14,-27,-13,-8,-11,-23,3,7,9,3,sil
18.438937187194824,6,0,0,-18,-10,-23,-30,-12,-20,-30,4,4,9,-8,sil
18.45456433296204,3,19,5,7,1,-18,-29,-7,-31,-37,0,4,0,-16,sil
18.45456433296204,0,28,14,22,12,-9,-18,-2,-40,-25,0,1,-9,-14,sil
19.04744267463684,15,-6,4,-4,-4,-7,-9,4,16,12,8,10,20,13,sil
19.04744267463684,22,4,3,-3,0,-7,-6,12,19,24,32,29,31,21,sil
19.06346607208252,18,12,2,-3,-3,-11,-11,5,9,3,29,33,21,11,sil
19.06346607208252,10,26,7,10,7,-2,-13,-5,-16,-18,24,17,0,-6,sil
19.07918500900269,6,29,16,17,22,10,0,-1,-27,-4,26,8,-9,-8,sil
19.07918500900269,3,12,9,15,12,10,4,0,-25,1,19,6,-2,0,sil
19.094318151474,-3,0,1,19,0,9,2,-7,-25,-5,-3,-11,-8,-1,sil
19.094318151474,-14,-6,1,11,7,17,15,0,-8,5,-24,-25,-20,-6,sil
19.109358310699463,-21,-25,-15,-15,3,14,22,9,13,13,-30,-25,-18,-6,sil
19.109358310699463,-23,-37,-29,-31,-10,3,15,7,18,1,-31,-20,-12,-5,sil
19.125301122665405,-17,-25,-17,-22,-7,0,21,7,20,3,-25,-15,-2,8,sil
19.125301122665405,-7,-13,-8,-17,1,-3,22,7,21,5,-17,-9,7,23,sil
19.14072275161743,1,-9,-5,-20,-4,-5,11,8,22,2,-15,-2,12,11,sil
19.14072275161743,7,-7,-8,-9,-10,-3,11,5,26,4,0,0,15,-2,sil
19.1563572883606,3,-1,-6,0,0,-1,8,0,11,-4,13,4,8,-5,sil
19.1563572883606,0,6,-2,-5,3,-3,-3,-7,-7,-24,-1,2,-7,-9,sil
19.17157769203186,2,0,-7,-16,-10,-12,-15,-15,-13,-32,-18,0,-14,-15,sil
19.17157769203186,0,-11,-5,-22,-18,-13,-25,-17,-12,-23,-6,3,-2,-11,sil
19.18725275993347,1,2,2,-2,0,-5,-26,-8,-8,-4,17,10,11,-1,sil
19.18725275993347,9,19,12,16,9,-8,-22,-2,-12,-3,18,15,4,1,sil
19.2024245262146,9,17,5,1,-4,-15,-21,-5,-22,-18,5,11,-9,0,sil
19.2024245262146,4,17,4,-9,-5,-8,-16,-5,-14,-12,10,3,-5,0,sil
19.218395233154297,12,29,23,17,15,3,-9,1,0,3,24,5,3,0,sil
19.218395233154297,15,36,25,45,22,6,-3,7,0,11,24,13,3,3,sil
19.234021186828613,6,27,17,38,12,1,-3,7,-8,16,14,13,6,5,sil
19.234021186828613,2,6,11,15,4,4,0,6,-2,25,2,1,10,2,sil
19.2493109703064,0,-9,-3,-1,-4,8,9,1,10,24,-3,-9,0,-3,sil
19.265373468399048,-12,-11,-1,-4,-6,3,8,-2,1,0,-12,-9,-14,-11,sil
19.265373468399048,-24,-10,4,0,-4,-1,0,-4,-15,-17,-23,-19,-15,-14,sil
19.265373468399048,-24,-13,-1,0,-6,0,-1,-3,-16,-7,-22,-22,-12,-10,sil
19.28136110305786,-8,-10,-2,0,0,8,8,1,-4,1,-9,-2,-11,0,sil
19.28136110305786,0,-9,1,9,6,16,23,1,6,2,-5,2,-4,7,sil
19.296977281570435,-7,-12,-2,7,-1,13,23,0,10,0,-12,-10,-4,5,sil
19.296977281570435,-8,-11,-12,-4,-5,10,13,0,8,4,-9,-11,-12,1,sil
19.31222248077393,0,-8,-15,-6,7,13,13,1,10,9,3,2,-1,7,sil
19.31222248077393,0,-10,-12,-4,9,11,20,8,22,16,6,3,19,11,sil
19.327348470687863,0,-10,-14,-9,-5,-1,14,13,29,17,0,-3,24,8,sil
19.327348470687863,6,-6,-7,-13,-14,-6,2,6,17,13,6,5,17,10,sil
19.343040943145752,18,-1,-3,-10,-5,-5,1,0,9,14,15,15,19,17,sil
19.343040943145752,20,0,-2,-12,2,-9,-1,1,9,5,7,9,20,20,sil
19.35893964767456,9,-7,-6,-23,-3,-11,-12,0,0,-8,0,7,9,12,sil
19.35893964767456,0,-13,-18,-30,-12,-17,-19,-9,-12,-18,0,10,0,-7,sil
19.374500036239624,0,0,-7,-18,-4,-26,-27,-11,-27,-32,4,5,-6,-23,sil
19.374500036239624,4,17,11,2,5,-18,-22,-10,-34,-38,3,-4,-20,-22,sil
19.389706134796143,2,20,15,9,3,-5,-12,-10,-21,-24,-1,-9,-26,-16,sil
19.389706134796143,-1,17,17,15,0,0,-12,0,-4,-7,-2,-1,-13,-5,sil
19.404927253723145,-4,18,12,26,2,9,-9,10,-1,5,-1,-2,2,5,sil
19.404927253723145,-5,9,3,18,4,20,0,5,-1,10,-9,-14,1,4,sil
19.420409440994263,-13,-10,-8,0,0,13,8,0,3,8,-16,-26,-6,-2,sil
19.43708729743957,-17,-19,-19,-13,0,0,5,4,8,10,-15,-15,-1,-1,sil
19.43708729743957,-1,-6,-7,-18,0,-2,2,4,10,11,-2,14,14,8,sil
19.43708729743957,18,8,9,-10,1,-4,0,-5,3,0,24,32,19,9,sil
19.45122742652893,22,21,24,8,8,-3,-6,-10,-10,-13,36,30,5,-5,sil
19.46639919281006,16,33,28,30,18,2,-7,-2,-10,-5,20,17,0,-17,sil
19.46639919281006,6,24,16,33,15,2,-5,0,-2,7,6,1,1,-8,sil
19.48226833343506,-6,2,4,14,1,2,-6,-3,-5,-1,0,-13,-8,-4,sil
19.48226833343506,-14,-6,-7,4,0,5,10,-4,-7,-10,-14,-21,-20,-13,sil
19.498077869415283,-22,-12,-9,2,0,1,24,3,4,0,-26,-21,-14,-11,sil
19.498077869415283,-20,-19,-8,-8,-9,0,14,10,22,14,-16,-16,-3,3,sil
19.513290643692017,-8,-17,-9,-10,-12,10,11,5,29,19,-2,-9,-1,10,sil
19.513290643692017,-10,-14,-6,1,-4,19,22,2,21,18,-2,-1,-2,5,sil
19.52929735183716,-12,-12,-6,5,-3,15,19,2,12,15,-7,0,0,4,sil
19.52929735183716,4,-6,0,7,-2,6,10,3,4,6,-1,6,0,11,sil
19.54500317573548,16,-3,5,11,2,0,14,0,-1,1,7,19,0,15,sil
19.54500317573548,8,-5,2,2,-3,-5,5,-5,-4,0,5,16,1,11,sil
19.56052565574646,8,-2,6,0,-14,-8,-6,-4,-8,-2,3,14,9,10,sil
19.56052565574646,18,2,4,3,-10,-10,0,6,-4,0,19,23,24,13,sil
19.57598090171814,9,0,-3,-13,-7,-18,-8,4,-1,-5,18,16,24,7,sil
19.57598090171814,-4,-9,-3,-30,-16,-24,-28,-8,-10,-19,-2,-5,9,-3,sil
19.592077016830444,3,-7,-1,-15,-7,-17,-28,-10,-14,-15,0,-3,8,0,sil
19.592077016830444,14,9,12,-2,6,-8,-21,-1,-10,-5,10,10,12,6,sil
19.60721468925476,10,9,0,-17,0,-8,-22,-3,-14,-9,0,2,1,0,sil
19.60721468925476,13,-1,-25,-32,0,-5,-18,-3,-13,-16,-6,-4,-6,-4,sil
19.623304843902588,11,8,-16,-22,17,7,-9,5,0,-11,-5,-10,-6,-5,sil
19.623304843902588,-8,18,1,-2,22,4,-3,3,5,-5,-13,-29,-11,-18,sil
19.639193773269653,-12,14,2,6,13,0,0,3,8,0,-12,-25,-16,-16,sil
19.639193773269653,-2,13,-1,5,14,16,12,10,22,11,0,-4,-8,0,sil
19.654287815094,-16,4,-9,-2,15,17,14,1,12,7,-12,-12,-15,-10,sil
19.654287815094,-28,-9,-14,-7,3,0,0,-7,-15,-7,-26,-24,-30,-28,sil
19.67001748085022,-13,-6,-2,7,0,2,0,-5,-12,-2,-12,-15,-16,-16,sil
19.67001748085022,-7,5,15,27,5,13,10,-3,0,4,0,-5,-3,-4,sil
19.68513250350952,-25,-3,0,21,0,6,5,-4,-9,-1,-9,-13,-15,-16,sil
19.68513250350952,-28,-19,-9,2,-16,-2,-6,-2,-16,0,-6,-9,-16,-16,sil
19.70116829872132,-3,-4,16,12,-12,6,4,0,-2,17,15,17,5,13,sil
19.70116829872132,16,14,27,44,5,18,31,1,12,28,21,27,16,34,sil
19.71718978881836,14,4,17,36,7,15,35,9,11,20,6,14,13,28,sil
19.71718978881836,11,-4,4,5,-2,6,21,9,6,15,11,12,18,18,sil
19.732805252075195,17,0,-3,-3,-11,0,6,0,5,10,16,19,20,14,sil
19.732805252075195,13,-9,-1,-7,-15,-9,-2,0,8,0,-1,15,13,11,sil
19.747971296310425,9,-18,-5,-11,-12,-13,-5,6,19,-4,-2,6,13,8,sil
19.747971296310425,15,-4,-4,-7,-7,-14,-3,2,25,-1,11,10,12,13,sil
19.76339292526245,19,2,3,-10,-8,-13,0,-1,15,0,16,18,13,16,sil
19.76339292526245,8,-3,0,-25,-8,-16,-8,0,6,-3,16,14,18,2,sil
19.77936840057373,-4,-4,-10,-29,-7,-20,-25,-4,-1,-19,5,1,2,-15,sil
19.77936840057373,-4,2,-10,-23,-6,-17,-20,-10,-15,-31,-7,-4,-14,-16,sil
19.79503870010376,0,8,6,-16,0,-7,-14,-3,-25,-30,-3,0,-7,-11,sil
19.79503870010376,-1,5,9,-7,5,-4,-18,0,-20,-25,0,-2,-3,-17,sil
19.8100483417511,-4,2,0,0,8,-3,-10,-2,-7,-6,2,-4,-11,-19,sil
19.8100483417511,1,12,9,8,15,7,5,5,0,12,15,3,-2,-4,sil
19.826228141784668,0,16,13,21,13,13,8,8,0,8,10,1,6,6,sil
19.826228141784668,-10,8,2,25,5,7,-1,-1,-7,-2,-7,-13,-9,-2,sil
19.841985940933228,-9,2,-3,13,5,7,-7,-5,-8,0,-13,-18,-24,-16,sil
19.841985940933228,-5,0,-4,6,11,15,0,-3,-3,8,-14,-15,-16,-10,sil
19.857468843460083,0,5,4,17,18,23,13,0,0,18,-12,-9,-6,9,sil
19.857468843460083,5,8,0,26,20,24,18,0,3,25,-6,-10,-2,18,sil
19.87345623970032,0,-2,-7,14,11,13,9,-3,1,12,-13,-12,-3,7,sil
19.87345623970032,-11,-18,-9,-6,-1,3,9,-3,-6,-2,-26,-19,-11,0,sil
19.889074087142944,-12,-23,-17,-19,-11,0,11,-1,-4,2,-23,-22,-8,5,sil
19.889074087142944,-6,-13,-12,-13,-14,0,3,1,9,12,-10,-5,12,14,sil
19.90531539916992,0,-2,-7,-2,-13,-3,0,3,13,6,-8,5,16,10,sil
19.90531539916992,0,-9,-11,-16,-17,-13,-2,1,-8,-13,-18,-2,-7,-1,sil
19.92033076286316,0,-12,-6,-33,-20,-18,-12,0,-23,-22,-10,-1,-9,-7,sil
19.92033076286316,3,0,-1,-23,-13,-15,-8,0,-3,-8,15,12,12,-2,sil
19.93597912788391,0,1,-1,-12,-10,-11,-1,4,14,0,17,15,5,-10,sil
19.93597912788391,-5,-7,-6,-10,-7,-10,-3,2,13,-5,8,7,-6,-19,sil
19.95151972770691,3,0,3,2,5,-7,-6,2,15,-2,20,11,10,-2,sil
19.95151972770691,14,17,21,19,17,2,0,10,25,12,36,27,30,13,sil
19.967377424240112,9,13,15,18,13,5,10,9,18,15,30,28,22,6,sil
19.967377424240112,0,0,2,-2,4,-3,2,-1,0,0,10,8,0,-7,sil
19.983028650283813,-2,5,1,-5,0,-4,-4,-5,0,0,9,-1,-2,-8,sil
19.983028650283813,4,14,8,12,-1,7,0,0,2,11,15,6,9,6,sil
19.998372793197632,9,3,10,17,-2,8,5,0,-12,1,-2,5,0,14,sil
19.998372793197632,2,-10,-2,0,-7,-3,1,-5,-16,-15,-22,-10,-18,-4,sil
20.01453375816345,-7,-4,-5,-8,-2,-5,-2,-4,0,-13,-9,-11,-9,-11,sil
20.01453375816345,-2,9,4,1,10,5,0,-1,4,-2,6,-3,3,7,sil
20.030165433883667,11,12,12,14,14,11,1,0,0,0,0,-2,0,13,sil
20.030165433883667,15,8,17,12,11,12,0,1,4,3,-1,3,6,8,sil
20.045619010925293,7,3,3,5,12,10,0,-2,0,2,3,4,14,9,sil
20.045619010925293,-1,-6,-2,0,-1,1,-7,-6,-16,-9,-6,-6,-4,0,sil
20.061245441436768,-5,-11,0,-3,-16,-4,-7,0,-22,-11,-15,-13,-15,-6,sil
20.061245441436768,-8,-6,-5,-3,-1,-4,1,0,-15,0,-6,-7,-5,-5,sil
20.07731056213379,-11,-1,-13,-5,2,-8,-3,-5,-19,-9,-6,-8,-15,-15,sil
20.07731056213379,-9,0,-13,0,-12,-3,-8,-10,-15,-17,-13,-12,-26,-19,sil
20.10004019737244,-1,4,4,9,-2,11,2,0,4,6,-4,0,-9,0,sil
20.10004019737244,2,1,8,14,12,14,13,10,18,24,0,4,1,11,sil
20.10004019737244,2,-1,-8,2,2,0,10,2,11,10,-4,-7,-3,5,sil
20.1090567111969,0,1,-6,-4,2,-2,3,3,7,1,0,-3,-1,7,sil
20.1241147518158,-2,0,0,1,7,0,1,9,8,10,3,1,10,6,sil
20.1241147518158,-3,-9,-5,0,-5,-5,0,-4,0,6,-9,-5,5,-1,sil
20.139254331588745,-6,-15,-9,-17,-15,-11,-2,-13,-10,-10,-19,-7,-5,-3,sil
20.139254331588745,-6,-19,-17,-29,-19,-19,-12,-4,-14,-22,-10,0,-2,-10,sil
20.1552848815918,-3,-13,-13,-31,-21,-26,-25,2,-7,-21,4,12,8,-19,sil
20.1552848815918,-5,0,-3,-27,-11,-17,-17,4,5,-8,9,15,11,-13,sil
20.170828819274902,-4,1,2,-20,0,-5,-8,4,7,-2,9,13,6,-4,sil
20.170828819274902,5,8,14,0,5,3,-5,3,7,2,15,10,2,-3,sil
20.185949563980103,8,25,18,31,21,22,12,6,16,20,13,0,3,3,sil
20.185949563980103,0,20,13,39,28,35,29,7,11,25,0,-13,0,11,sil
20.202025651931763,-4,0,3,29,14,30,28,6,0,18,-5,-15,-5,14,sil
20.202025651931763,3,-4,2,15,3,20,24,7,11,21,0,-6,0,20,sil
20.21722841262817,10,-2,-2,2,0,12,19,6,27,23,7,3,17,22,sil
20.21722841262817,7,-6,-11,-3,-2,0,7,-1,16,10,12,8,20,9,sil
20.23235821723938,1,0,-2,-3,-2,-15,-7,-7,-7,-10,12,10,7,-6,sil
20.23235821723938,2,10,3,-2,-1,-20,-13,-11,-13,-15,12,10,5,-7,sil
20.2479214668274,12,12,7,5,2,-5,-9,-6,-1,-3,18,14,12,3,sil
20.82834506034851,-12,-2,0,-15,-5,-2,3,0,-13,-12,-11,-7,-14,-15,sil
20.82834506034851,-12,0,-2,-15,-7,5,8,6,0,-1,-4,-11,-15,-11,sil
20.84353280067444,4,16,13,11,9,23,21,8,6,5,-1,-1,-9,1,sil
20.84353280067444,11,19,14,22,23,20,28,6,2,3,0,6,1,7,sil
20.85952377319336,-6,-2,-5,-4,0,-1,10,3,-4,-1,-6,-2,0,0,sil
20.85952377319336,-22,-20,-15,-23,-18,-7,0,-4,-8,-7,-26,-18,-10,-10,sil
20.87523913383484,-10,-9,-1,-8,-4,3,5,-1,0,0,-25,-11,-2,0,sil
20.87523913383484,5,1,0,12,3,9,10,11,15,15,-1,3,19,17,sil
20.89078140258789,7,-3,-10,5,-2,4,-2,8,22,20,9,1,21,20,sil
20.89078140258789,2,-9,-13,-8,-5,-2,-9,0,16,10,1,-2,6,9,sil
20.906348943710327,1,-12,-18,-6,-9,-10,-5,4,9,2,0,-3,2,2,sil
20.906348943710327,3,-12,-13,-9,-9,-7,-5,6,7,1,6,-4,7,1,sil
20.922361850738525,0,-6,-11,-17,-9,0,-4,-4,2,1,3,-5,0,0,sil
20.922361850738525,0,-6,-12,-13,-11,0,-4,-13,-7,-9,-4,-2,-5,-2,sil
20.93841338157653,11,-3,6,-3,-7,-7,-7,-3,-2,-9,6,8,9,6,sil
20.93841338157653,19,7,17,5,0,-8,-4,1,6,4,19,19,24,17,sil
20.95440077781677,11,9,15,8,4,-8,0,-2,-5,-1,12,21,9,9,sil
20.95440077781677,10,4,9,2,5,-1,8,-3,-1,-1,14,10,-5,-2,sil
20.96999263763428,6,12,4,0,8,1,4,0,7,8,22,0,0,-5,sil
20.96999263763428,-7,16,7,5,8,-1,-14,-4,-16,-9,6,0,-2,-11,sil
20.985258102416992,-7,11,8,10,1,0,-19,-8,-27,-20,-3,4,-12,-13,sil
20.985258102416992,5,15,15,7,0,0,-9,-3,-9,-3,2,10,-4,-1,sil
21.00028967857361,5,16,15,6,7,0,-9,0,-12,-8,-2,9,0,-2,sil
21.00028967857361,-9,-1,-1,0,11,-2,-2,-7,-22,-19,-17,-8,-13,-15,sil
21.016035556793213,-19,-14,-11,-8,6,-1,7,-5,-6,-5,-17,-18,-12,-12,sil
21.016035556793213,-17,-11,-14,0,1,1,5,1,16,3,-10,-10,0,-4,sil
21.03118467330933,-8,-1,-6,16,9,7,1,0,19,2,-1,0,2,-4,sil
21.03118467330933,-8,5,2,15,13,9,12,1,11,7,0,0,-4,-4,sil
21.047133445739743,-17,0,-11,-5,-7,3,10,1,0,0,-13,-10,-11,-9,sil
21.047133445739743,-11,-10,-18,-16,-22,3,0,3,-4,-4,-18,-8,-11,-5,sil
21.062186241149902,4,-5,-7,-4,-5,6,11,12,8,14,5,5,0,8,sil
21.062186241149902,7,-1,5,0,13,4,13,9,10,12,15,4,-1,12,sil
21.07792019844055,3,0,10,0,11,3,-4,-1,-7,-3,-4,-7,-10,6,sil
21.07792019844055,11,3,3,0,-2,2,-9,0,-1,4,-4,-9,-1,7,sil
21.09293866157532,17,1,1,-1,-11,-2,0,8,15,11,16,0,10,9,sil
21.09293866157532,13,0,3,6,-2,-4,3,0,12,11,18,2,17,13,sil
21.108227729797363,9,2,8,16,3,1,6,-3,3,16,6,1,16,17,sil
21.108227729797363,9,0,11,7,-12,6,8,3,-3,8,0,0,3,8,sil
21.12338709831237,4,-10,2,0,-20,2,4,6,-16,-4,-5,1,-4,-3,sil
21.12338709831237,-7,-11,-4,-8,-5,-3,0,-1,-25,-12,-13,-1,-7,-8,sil
21.138527393341064,-15,-11,-14,-23,0,-6,1,-11,-17,-14,-22,-11,-8,-11,sil
21.154135704040527,-11,-8,-11,-15,-2,-4,0,-6,1,-4,-16,-5,0,-6,sil
21.154135704040527,-2,0,2,0,6,0,-5,3,21,8,6,12,16,1,sil
21.154135704040527,1,0,0,-12,5,-5,-1,1,25,3,9,6,15,2,sil
21.169472694396973,2,-1,-2,-12,-4,-11,2,0,17,-3,-7,-6,6,4,sil
21.169472694396973,7,8,1,17,2,0,0,7,22,11,3,3,10,11,sil
21.184847116470337,10,13,1,16,8,0,-10,-1,13,11,27,17,12,5,sil
21.200932502746586,4,0,0,-15,-8,-12,-24,-14,-17,-11,22,17,4,-2,sil
21.200932502746586,0,-5,1,-19,-13,-16,-22,-1,-17,-13,3,8,3,-1,sil
21.216126680374146,2,4,3,0,2,-9,-6,7,3,-2,-1,5,5,-1,sil
21.216126680374146,0,10,-2,7,3,-1,0,-3,0,-1,0,3,-5,-6,sil
21.2314977645874,-9,5,0,2,-1,3,1,-3,-10,0,1,3,-13,-8,sil
21.2314977645874,-14,4,4,1,6,11,4,5,-5,-6,-3,-1,-12,-13,sil
21.247361660003666,-9,2,-5,6,4,11,0,-5,-14,-21,-16,-20,-26,-21,sil
21.247361660003666,-1,4,3,11,0,0,-13,-16,-36,-33,-18,-21,-38,-23,sil
21.263372898101807,6,25,22,24,17,2,-9,-3,-27,-20,2,0,-15,-10,sil
21.263372898101807,5,28,16,33,27,15,8,2,-8,3,20,7,0,5,sil
21.27940368652344,-9,-4,2,19,7,16,16,-2,-11,8,-3,-7,-11,6,sil
21.27940368652344,-22,-28,-15,0,-3,17,23,0,-6,3,-26,-25,-13,0,sil
21.294750928878784,-16,-17,-19,-4,0,26,28,12,23,13,-13,-24,1,6,sil
21.294750928878784,-6,-16,-10,-8,-5,12,22,14,42,28,0,-11,14,13,sil
21.31009411811829,1,-25,-12,-18,-11,-17,7,5,33,26,3,2,26,9,sil
21.31009411811829,13,-13,-4,-25,-8,-26,-5,4,17,13,18,19,31,11,sil
21.325416088104248,20,3,2,-23,-11,-20,-7,1,5,2,22,27,25,16,sil
21.325416088104248,24,9,3,-10,-5,-15,-9,-2,-1,-4,19,24,17,14,sil
21.340945959091187,24,17,11,4,8,-5,-11,-3,-6,-5,14,18,4,5,sil
21.340945959091187,4,13,8,5,0,-6,-10,-7,-12,-10,-13,-8,-18,-8,sil
21.35635566711425,-14,-1,0,1,-4,-7,-4,-5,-12,-3,-28,-22,-22,-10,sil
21.35635566711425,-9,-9,-5,10,7,11,7,9,8,32,-1,-5,3,7,sil
21.37238192558289,-7,-22,-10,-3,-4,14,4,9,20,31,0,-2,6,12,sil
21.37238192558289,-12,-31,-16,-38,-32,-11,-14,-4,4,-19,-26,-18,-11,-5,sil
21.38830089569092,0,-10,-7,-36,-20,-26,-27,-10,-11,-34,-19,-2,-7,-15,sil
21.38830089569092,11,15,18,-4,6,-13,-23,-4,-13,-17,0,20,0,-12,sil
21.404610633850098,9,26,20,21,15,5,0,2,-7,-8,9,11,2,-7,sil
21.404610633850098,11,32,18,35,17,15,21,8,0,4,18,8,13,3,sil
21.42027711868286,4,20,20,30,12,16,17,2,0,15,13,11,6,10,sil
21.42027711868286,-14,-2,2,17,6,17,12,-4,-2,6,-6,-11,-10,0,sil
21.43594789505005,-12,-2,-11,13,9,17,17,3,6,9,-8,-24,-2,0,sil
21.43594789505005,7,1,-5,6,2,8,15,7,22,23,14,3,19,17,sil
21.452040433883667,18,-2,3,-8,-3,0,-2,-1,10,3,29,28,20,11,sil
21.452040433883667,4,7,1,-8,2,0,-17,-5,-18,-27,21,19,0,-17,sil
21.467251300811768,-12,14,-10,2,3,0,-10,-9,-27,-27,9,1,-15,-30,sil
21.467251300811768,-8,5,-2,4,1,2,0,-10,-17,-16,3,0,-14,-10,sil
21.482435703277588,2,5,3,6,2,1,-2,-2,-9,-11,0,-3,-10,1,sil
21.482435703277588,-6,-1,-10,0,-4,-7,0,0,-8,-6,-9,-19,-17,-6,sil
21.49851059913636,-20,-27,-17,-15,-12,-12,5,-3,-8,-1,-23,-24,-21,-8,sil
21.49851059913636,-20,-34,-19,-18,-15,-10,0,-2,0,-1,-32,-27,-16,0,sil
21.51423573493957,-22,-23,-14,-10,-16,-5,-11,0,9,0,-36,-24,-14,0,sil
21.51423573493957,-19,-16,-4,-5,-5,0,-2,7,13,4,-33,-15,-11,-6,sil
21.529497623443604,-1,-8,0,-2,3,0,10,10,17,12,-19,-6,4,3,sil
21.529497623443604,14,0,5,-2,0,-5,12,10,30,23,1,10,22,21,sil
21.54476046562195,14,3,5,-5,-4,-4,7,9,34,28,17,24,23,23,sil
21.54476046562195,8,0,0,-18,-3,-7,-5,2,10,7,15,18,17,8,sil
21.56032109260559,15,0,-1,-20,0,-9,-10,-4,-8,-13,16,16,21,0,sil
21.56032109260559,26,17,15,8,10,-2,-3,-1,-4,-6,35,31,19,7,sil
21.576231956481934,27,27,29,30,16,0,-1,0,-13,1,40,31,8,6,sil
21.576231956481934,20,19,15,12,7,-2,-1,-6,-31,-2,26,13,8,-3,sil
21.591734170913696,11,16,12,1,1,-2,-1,-2,-20,-2,20,11,6,-2,sil
21.591734170913696,1,20,16,22,9,5,0,2,-2,3,11,9,-4,0,sil
21.60725450515747,-5,14,4,28,11,16,2,-1,-6,0,-11,-10,-9,-6,sil
21.60725450515747,-11,6,0,8,4,21,-2,-1,-7,-3,-19,-20,-9,-4,sil
21.623364448547363,-13,-7,-6,0,4,13,1,-1,1,0,-18,-25,-15,-1,sil
21.623364448547363,-20,-23,-18,-2,0,4,8,-3,0,0,-30,-33,-20,-8,sil
21.63899827003479,-23,-23,-16,-9,-10,9,5,1,5,0,-28,-24,-12,-4,sil
21.63899827003479,-12,-21,-14,-13,-2,13,7,3,20,10,-6,-14,0,6,sil
21.65444278717041,-8,-20,-11,-19,2,4,7,0,21,13,-5,-14,4,4,sil
21.65444278717041,-9,-10,-11,-15,-3,-3,0,0,14,9,-16,-13,0,0,sil
21.669166564941406,0,-7,-6,-11,-7,-10,-3,0,12,0,-11,-1,0,0,sil
21.669166564941406,6,-8,-3,-20,-12,-16,-7,0,-1,-16,0,6,0,-14,sil
21.68527603149414,7,0,-3,-21,-18,-20,-17,-2,-15,-23,7,12,2,-19,sil
21.68527603149414,16,11,9,-5,-9,-17,-22,-3,-8,-19,13,25,6,-4,sil
21.701406955719,17,19,15,5,0,-14,-9,-2,0,-11,20,31,10,2,sil
21.701406955719,8,19,10,9,0,-13,0,-1,-10,-6,23,24,2,1,sil
21.7173924446106,7,17,11,16,5,-3,1,1,-17,-5,22,16,-1,4,sil
21.7173924446106,6,18,11,20,7,9,14,5,-12,-1,10,7,0,7,sil
21.73298168182373,-10,12,4,17,6,14,20,3,-9,5,-3,-4,-13,0,sil
21.73298168182373,-20,0,-7,16,7,15,12,-3,-5,17,-5,-15,-19,-3,sil
21.748905897140503,-16,-4,-9,15,8,17,5,-2,-1,20,-5,-19,-6,1,sil
21.748905897140503,-12,-5,-5,8,5,20,12,5,3,10,-18,-23,-5,5,sil
21.76454854011536,-12,-15,-17,-6,1,17,15,7,17,4,-26,-20,-6,5,sil
21.76454854011536,-6,-19,-14,-23,-5,0,3,6,18,2,-17,-3,2,7,sil
21.78021597862244,3,-16,-2,-22,-11,-17,-11,7,11,0,-2,7,9,8,sil
21.78021597862244,10,-17,-2,-16,-10,-20,-26,2,12,0,3,8,14,5,sil
21.795522212982178,11,-9,3,-14,-6,-16,-30,-2,2,-1,6,13,17,2,sil
21.795522212982178,18,13,17,8,0,-14,-16,-6,-5,-6,22,20,18,1,sil
21.81095695495605,31,34,28,32,12,-4,-2,-4,9,0,41,31,26,4,sil
21.81095695495605,27,25,18,20,12,0,1,-2,7,7,35,21,22,6,sil
21.826167583465576,3,0,2,0,0,-8,0,-5,-19,-4,3,-3,-5,-6,sil
21.826167583465576,-6,0,2,5,2,0,4,-3,-18,-11,-14,-8,-23,-21,sil
21.84136176109314,-2,11,1,17,13,21,20,1,5,-2,-16,-11,-17,-12,sil
21.84136176109314,-8,0,0,11,6,20,21,3,3,0,-24,-26,-14,-2,sil
21.85695767402649,-18,-17,-8,0,-2,16,7,0,-8,0,-34,-30,-19,-4,sil
21.85695767402649,-20,-20,-19,-7,0,22,9,-3,-3,4,-28,-23,-19,-1,sil
21.87255072593689,-17,-17,-14,-14,2,18,17,-1,3,7,-18,-20,-9,2,sil
21.87255072593689,-7,-16,-13,-16,-3,0,11,3,7,16,-9,-12,4,0,sil
21.88779902458191,-3,-13,-15,-26,-11,-16,-8,1,8,13,-1,0,5,3,sil
21.88779902458191,-11,-9,-9,-35,-18,-24,-21,-4,0,-6,0,8,0,4,sil
21.90300464630127,-9,-2,-4,-24,-13,-25,-23,-5,-12,-14,7,12,4,-6,sil
21.90300464630127,1,5,1,-9,0,-15,-22,1,-9,0,26,20,11,-8,sil
21.91928124427796,9,13,8,-6,0,-5,-16,5,4,7,38,28,15,0,sil
21.91928124427796,13,21,18,-1,-5,-9,-12,-2,-3,-7,34,27,14,2,sil
21.934360027313232,14,23,20,10,0,-16,-11,-8,-20,-26,25,16,9,1,sil
21.934360027313232,9,18,11,22,0,-11,-4,-2,-16,-21,17,1,1,0,sil
21.950253009796143,5,20,15,34,5,6,8,6,-1,-6,5,0,-4,0,sil
21.950253009796143,5,15,8,38,13,21,22,7,6,0,-1,0,-3,4,sil
21.96540069580078,0,-5,-2,15,7,17,18,4,6,1,-10,-12,-7,5,sil
21.96540069580078,-5,-11,-1,0,0,12,9,5,4,7,-24,-19,-19,-3,sil
21.98092269897461,0,0,-3,10,6,17,15,3,7,7,-33,-16,-17,-4,sil
21.99660587310791,0,-4,-9,10,7,17,20,3,10,3,-30,-12,-7,4,sil
21.99660587310791,-2,-19,-20,-4,1,7,16,4,10,15,-22,-13,-2,9,sil
22.013267993927,0,-25,-26,-9,-2,2,10,2,7,26,-14,-6,0,8,sil
22.013267993927,-2,-20,-18,-12,-7,3,1,-3,3,16,-8,2,4,3,sil
22.013267993927,-10,-12,-12,-18,-7,-3,-5,-5,7,6,-8,-1,9,0,sil
22.0276107788086,-3,-5,-3,-18,-1,-7,-7,0,12,5,-1,-3,10,4,sil
22.04418921470642,4,0,7,-13,0,-4,-6,-5,10,0,13,9,12,4,sil
22.04418921470642,3,5,13,-8,0,-9,-12,-10,6,-8,18,16,12,-3,sil
22.059658527374268,8,12,14,-1,3,-14,-17,-2,-1,-11,9,11,4,-7,sil
22.059658527374268,12,9,10,0,0,-10,-15,-2,-14,-14,10,8,0,-8,sil
22.68235349655152,13,-13,7,21,21,2,0,9,11,-2,9,16,8,9,sil
22.68235349655152,12,-7,12,15,10,1,2,6,11,-8,0,15,0,12,sil
22.69750475883484,10,7,4,15,-1,-4,-2,-2,9,6,8,13,6,10,sil
22.71310019493103,4,4,3,8,0,-5,-7,-5,3,13,19,15,18,8,sil
22.71310019493103,-2,-7,0,-14,-4,-8,-8,-5,-7,-9,12,13,11,-1,sil
22.72894859313965,-4,-6,-2,-18,-14,-11,0,-3,-6,-5,5,7,5,-5,sil
22.72894859313965,-1,5,4,1,-1,0,9,0,1,10,1,0,2,0,sil
22.74425721168518,0,12,7,9,8,13,9,0,-2,0,-6,-3,-3,-4,sil
22.74425721168518,0,8,8,0,0,12,-1,0,-10,-3,-4,0,-3,-8,sil
22.7597451210022,0,11,11,7,1,9,-5,6,-4,9,9,6,0,1,sil
22.7597451210022,3,15,10,21,15,8,-7,1,-2,4,3,-5,-4,0,sil
22.775430917739868,-7,2,2,10,8,2,-16,-3,-16,-10,-16,-22,-12,-12,sil
22.775430917739868,-19,-13,-11,-7,-8,1,-6,-3,-17,-5,-12,-17,-9,-6,sil
22.790973901748657,-10,-7,-9,-4,-6,7,13,0,-2,3,0,-4,-5,2,sil
22.790973901748657,0,4,2,12,3,8,18,0,2,7,-10,-8,-12,-2,sil
22.80708146095276,-4,2,-2,11,-1,2,12,1,0,13,-12,-9,-7,0,sil
22.80708146095276,-1,-8,-6,-7,-10,2,14,7,10,17,2,3,8,14,sil
22.82318377494812,-2,-15,-12,-18,-8,5,17,10,26,7,-9,-7,-2,9,sil
22.82318377494812,-11,-13,-19,-18,-4,5,11,4,23,-11,-28,-24,-22,-4,sil
22.83925461769104,-6,-6,-16,-17,0,5,13,4,12,-6,-12,-8,-2,0,sil
22.83925461769104,2,-5,-13,-17,2,0,7,2,5,3,0,3,15,6,sil
22.854392766952515,-5,-9,-8,-16,-6,-13,-17,-7,-7,-14,-4,-5,0,-4,sil
22.854392766952515,-4,-6,-3,-4,-9,-20,-27,-6,-17,-22,0,-2,-5,-7,sil
22.869521856307983,9,3,3,7,0,-15,-15,0,-10,-4,11,9,2,1,sil
22.869521856307983,16,14,9,9,2,-6,0,-3,2,7,12,9,9,3,sil
22.88508129119873,15,13,5,6,2,2,12,-9,14,14,11,8,15,4,sil
22.885549068450928,9,1,7,6,4,0,8,0,11,14,15,11,13,9,sil
22.90015959739685,1,2,8,9,0,-10,-3,5,0,13,17,4,8,5,sil
22.90015959739685,6,13,10,11,0,-7,-1,4,2,17,12,8,11,0,sil
22.916173934936523,6,7,7,5,5,9,0,1,4,9,0,15,0,0,sil
22.916173934936523,-8,-9,-5,0,1,9,-8,-6,-6,-7,-6,-3,-17,-8,sil
22.931722164154053,-5,-6,3,2,0,0,-6,-5,-11,-9,-1,-8,-12,-14,sil
22.931722164154053,5,0,14,7,7,2,3,0,-4,-2,1,5,1,-5,sil
22.94734907150269,-8,-11,-1,-4,2,0,-3,-2,-10,-12,-11,-6,-5,-5,sil
22.94734907150269,-15,-13,-8,-19,-6,-6,-14,0,-11,-16,-17,-20,-11,-9,sil
22.963351726531982,8,0,8,0,0,4,0,3,6,0,1,2,3,3,sil
22.963351726531982,21,8,20,13,5,10,6,1,7,3,17,31,13,18,sil
22.97938299179077,6,2,3,-5,1,-1,-6,0,-9,-2,10,19,8,11,sil
22.97938299179077,-6,-4,-9,-18,-2,-11,-14,0,-15,-14,-1,-3,0,0,sil
22.99506449699402,-7,-4,-3,-6,-10,-7,-9,-3,-12,-23,-7,-3,-5,-2,sil
22.99506449699402,-10,-4,-13,-5,-16,-2,-4,-2,-5,-15,-6,-5,-6,-8,sil
23.01099443435669,-12,-4,-17,-15,-13,-4,-7,0,5,-3,0,-11,-3,-13,sil
23.01099443435669,-6,2,-6,-9,-3,-5,-1,-2,7,-3,3,-9,-1,-5,sil
23.02692604064941,0,13,4,8,8,1,8,-3,1,-1,3,-3,-1,0,sil
23.02692604064941,13,25,18,21,22,17,11,7,4,10,13,3,5,1,sil
23.042402744293213,22,32,19,28,20,18,11,7,10,18,23,15,21,13,sil
23.042402744293213,5,17,6,21,3,1,8,0,0,14,5,9,13,13,sil
23.058273553848267,-9,-3,-8,7,-4,0,8,6,-3,11,-11,-9,-2,0,sil
23.058273553848267,2,0,-6,7,3,8,19,9,12,18,1,-5,5,5,sil
23.07336592674256,12,15,9,16,10,4,21,7,20,20,8,11,11,17,sil
23.07336592674256,2,9,5,20,8,-2,9,4,14,16,1,4,0,3,sil
23.08891868591309,-3,-8,-3,3,6,1,1,-1,9,8,0,-12,-11,-5,sil
23.08891868591309,-10,-25,-8,-15,0,3,-1,-10,0,-5,-19,-20,-20,-5,sil
23.1046142578125,-19,-35,-18,-23,-15,-5,-9,-14,-16,-19,-42,-25,-30,-17,sil
23.1046142578125,-17,-31,-15,-18,-16,-5,-7,-7,-21,-18,-26,-13,-24,-20,sil
23.12026953697205,-14,-21,-10,-13,-8,6,5,0,-12,-7,-6,-7,-11,-9,sil
23.12026953697205,-20,-20,-12,-15,-11,4,-4,-4,-13,-7,-19,-15,-14,-14,sil
23.13538408279419,-9,-10,-5,-9,-10,-6,-17,-5,-19,-16,-20,-9,-20,-17,sil
23.13538408279419,17,8,7,1,0,-1,0,1,-2,-6,1,11,-3,8,sil
23.15095329284668,24,12,14,0,0,6,10,6,18,13,9,20,19,25,sil
23.15095329284668,5,0,0,-12,-9,-4,0,1,15,12,0,10,18,12,sil
23.16565561294556,-5,-3,-8,-14,0,-14,-6,0,7,2,-1,4,6,4,sil
23.16565561294556,1,10,4,-3,7,-6,-3,4,15,6,9,13,13,12,sil
23.181344270706177,10,16,7,2,4,-5,-5,3,14,8,17,25,26,11,sil
23.181344270706177,7,7,0,-6,1,-12,-12,-1,2,-2,18,23,17,0,sil
23.19697093963623,1,4,-2,-11,3,-11,-12,-1,-1,-7,20,8,7,-7,sil
23.19697093963623,8,11,8,2,5,-8,-15,-1,-11,-10,21,6,11,0,sil
23.213064670562744,17,18,20,14,6,-4,-14,0,-15,-10,22,18,17,8,sil
23.213064670562744,7,16,13,12,7,0,-6,2,-3,-2,21,13,11,0,sil
23.228269815444943,-13,6,0,1,3,1,-9,0,-10,-9,6,-11,-10,-17,sil
23.228269815444943,-14,1,-5,5,3,10,-5,-5,-23,-19,0,-25,-20,-14,sil
23.24409532546997,0,4,4,27,16,24,16,2,-1,2,7,-21,-2,0,sil
23.24409532546997,0,0,11,31,17,21,32,11,22,23,1,-25,1,2,sil
23.259910345077515,-5,-14,-5,7,-1,9,30,6,14,15,-17,-45,-15,0,sil
23.259910345077515,-3,-18,-10,-9,-11,12,24,0,6,12,-18,-43,-13,5,sil
23.275097608566284,0,-16,-1,-3,-11,11,25,2,17,24,-10,-14,7,11,sil
23.275543451309204,2,-9,-1,2,-16,-5,16,4,22,18,-10,18,11,7,sil
23.29024839401245,11,8,-3,0,-13,-18,-5,-3,6,0,-7,37,7,3,sil
23.29024839401245,12,14,2,-4,-9,-17,-24,-9,-14,-15,0,37,2,2,sil
23.30619430541992,4,3,13,-3,-14,-17,-32,-4,-21,-28,3,36,-9,-4,sil
23.30619430541992,0,0,4,0,-9,-14,-27,-8,-20,-32,8,28,-17,-14,sil
23.3226330280304,-4,7,-6,-1,1,-5,-15,-15,-33,-26,8,13,-16,-15,sil
23.33747696876526,-8,5,0,2,5,2,-8,-5,-40,-21,-3,1,-16,-11,sil
23.33747696876526,-7,-3,0,15,8,4,-4,0,-17,-7,-11,-4,-12,-3,sil
23.33747696876526,-2,-3,1,17,14,7,3,0,0,8,-6,0,-4,3,sil
23.35298681259156,-1,3,9,9,17,18,22,10,10,24,-3,1,6,9,sil
23.35298681259156,-2,-6,-11,-4,9,20,27,16,29,30,-17,-13,10,11,sil
23.36903476715088,-4,-25,-33,-30,-4,10,13,10,32,19,-32,-25,0,8,sil
23.384408950805664,-6,-25,-27,-34,-7,0,8,4,15,13,-25,-23,0,2,sil
23.384408950805664,-4,-13,-5,-21,-1,-5,10,1,13,20,-5,-16,11,5,sil
23.40044641494751,5,-1,0,-21,-2,-3,1,0,22,15,10,-3,14,9,sil
23.40044641494751,13,5,-13,-22,-1,-6,-9,0,22,-1,11,-2,9,0,sil
23.40044641494751,2,10,-12,-17,3,-14,-12,0,12,-11,0,-15,-1,-8,sil
23.4161229133606,-12,10,-1,-11,5,-9,-14,-6,2,-12,0,-22,-9,-16,sil
23.434245347976685,-18,1,4,-6,2,-1,-12,-6,-3,-12,12,-13,-4,-21,sil
23.434245347976685,-10,-2,8,-3,2,-4,-3,3,-5,-8,18,-2,0,-10,sil
23.434245347976685,0,10,12,15,2,0,2,0,-17,-6,14,-1,-3,-2,sil
23.44664978981018,3,18,26,46,1,16,0,-10,-36,-7,4,2,-8,-5,sil
23.462234497070312,5,5,24,52,2,17,3,-3,-30,2,0,13,-2,5,sil
23.462234497070312,10,0,17,30,0,2,6,5,-3,12,9,24,9,24,sil
23.463234901428223,14,5,17,16,-10,-1,2,2,4,7,17,22,18,22,sil
23.47835683822632,14,0,6,6,-11,-1,-1,0,1,3,14,21,22,13,sil
23.49596095085144,10,-8,2,-7,-6,-10,-6,1,5,0,15,30,21,9,sil
23.49596095085144,5,-7,2,-10,-9,-15,-12,0,4,-7,21,27,10,-1,sil
23.49596095085144,0,1,0,-7,-10,-8,-4,0,-4,-10,8,11,-6,-13,sil
23.51038956642151,0,11,-5,-10,-2,-7,0,0,-13,-17,-10,3,-19,-16,sil
23.52692604064941,0,11,-12,-9,0,-16,-11,-7,-18,-35,-18,-3,-25,-22,sil
23.52692604064941,-1,10,-2,1,4,-14,-15,-7,-14,-29,-18,-14,-26,-20,sil
23.52692604064941,-4,5,1,13,9,3,2,3,-1,7,-18,-21,-15,-4,sil
23.54095029830933,-11,-8,-17,6,5,20,13,6,12,25,-23,-27,-3,3,sil
23.55700707435608,-19,-18,-26,-8,4,27,19,6,32,15,-30,-24,3,9,sil
23.55700707435608,-12,-24,-22,-16,5,20,22,7,44,15,-20,-14,10,16,sil
23.57284927368164,0,-22,-9,-23,0,2,2,1,27,20,5,2,13,10,sil
23.57284927368164,15,0,3,-12,3,-7,-13,-8,5,6,26,16,17,6,sil
23.587979555130005,27,17,16,12,10,-9,-12,-9,-7,-9,28,19,15,15,sil
23.587979555130005,21,11,21,16,12,-8,-9,-1,-21,-11,14,9,1,10,sil
23.60342741012573,0,5,7,10,8,0,1,-4,-27,-1,1,-5,-9,-5,sil
23.60342741012573,-8,0,0,12,0,16,19,-8,-20,8,-7,-15,-13,-2,sil
23.619027853012085,-7,-8,-4,1,-10,20,21,0,-1,16,-13,-19,-9,8,sil
23.619027853012085,-8,-13,-16,-15,-11,2,16,13,13,18,-15,-14,1,8,sil
23.63407564163208,-7,-8,-10,-15,-13,-11,7,11,6,10,-9,-1,5,-1,sil
23.63407564163208,-2,4,1,-6,-13,-9,-1,-1,0,2,7,12,6,-11,sil
23.64998197555542,-1,12,4,-12,-2,-6,-5,-1,0,0,19,19,11,-9,sil
23.64998197555542,-7,0,-7,-24,0,-11,-6,1,-10,-5,12,9,7,-8,sil
23.66512370109558,-11,-3,-5,-17,-7,-11,-14,-1,-19,-16,8,-1,-5,-17,sil
23.66512370109558,-1,17,18,11,1,4,-18,0,-10,-18,11,4,-5,-11,sil
23.68030309677124,1,20,17,24,10,13,-9,-1,0,-11,0,1,-3,0,sil
23.68030309677124,-7,0,1,14,5,0,-10,-10,-2,-8,-13,-14,-15,-7,sil
23.69640827178955,-11,1,1,19,6,0,-5,0,1,0,-15,-20,-17,-13,sil
23.69640827178955,-6,2,1,26,11,12,8,10,13,13,-21,-15,-7,-2,sil
23.711989402771,-3,-13,0,9,5,10,9,2,21,15,-19,0,0,11,sil
23.711989402771,4,-14,-3,-2,1,1,6,0,24,13,0,8,6,16,sil
23.72716808319092,15,-5,-4,-3,0,0,13,4,16,1,-4,0,0,15,sil
23.72716808319092,18,-9,-3,-7,-7,0,15,6,7,-11,-22,-3,-7,14,sil
23.74273657798767,17,-13,-4,-14,-10,0,9,2,10,-10,-1,10,9,14,sil
23.74273657798767,12,-9,-2,-25,-6,-7,-5,0,9,-9,15,18,15,7,sil
23.7583441734314,0,-8,-7,-24,-13,-25,-21,-6,-2,-18,3,6,-1,-6,sil
23.7583441734314,-9,-4,-11,-9,-17,-26,-26,-10,-10,-22,4,1,1,-10,sil
23.77403450012207,-4,5,-1,-3,-6,-11,-24,-9,-18,-17,23,11,15,-6,sil
23.77403450012207,3,22,6,-1,7,-2,-19,-10,-27,-5,26,12,7,-5,sil
23.78944611549377,8,32,16,13,19,0,-6,-2,-21,1,20,9,0,-7,sil
23.78944611549377,13,23,14,22,17,0,3,0,-8,2,23,9,10,-6,sil
23.805225610733032,5,7,9,10,1,-3,0,-8,-10,6,20,5,9,-6,sil
23.805225610733032,-8,2,8,-1,-6,-2,-1,-1,-14,18,7,-3,-5,-6,sil
23.820237398147583,-8,1,0,7,-1,5,11,11,-11,15,-4,-14,-15,-7,sil
23.820237398147583,-5,1,-3,21,3,13,14,5,-9,0,-15,-20,-16,-4,sil
23.83551669120789,-10,-2,0,20,3,21,18,0,1,1,-26,-17,-12,3,sil
23.83551669120789,-7,-11,1,10,3,23,27,4,15,22,-23,-13,-6,14,sil
23.850989818573,1,-6,1,10,7,27,36,13,15,30,-12,-7,0,17,sil
23.850989818573,2,1,-3,14,5,25,32,10,10,18,-11,-3,1,11,sil
23.866151809692383,-4,-10,-11,-5,-7,4,12,0,11,6,-12,-5,-7,3,sil
23.866151809692383,-12,-26,-21,-28,-12,-7,3,-1,10,4,-10,-11,-7,-2,sil
23.88130736351013,-11,-19,-19,-19,-2,0,7,1,11,5,-6,-5,6,1,sil
23.88130736351013,-3,-6,-3,-6,2,0,0,2,21,4,0,9,16,9,sil
23.89737582206726,1,-3,0,-12,0,-12,-13,2,28,2,0,10,8,3,sil
23.89737582206726,4,-1,3,-18,0,-13,-24,2,21,-1,-1,9,1,-1,sil
23.91339683532715,11,0,6,-11,-2,-11,-26,-4,10,-6,6,12,6,-1,sil
23.91339683532715,12,1,-2,-9,-5,-14,-18,-6,-4,-14,9,10,7,-3,sil
23.92891788482666,7,11,1,-4,-4,-8,-12,2,-18,-22,10,14,4,0,sil
23.92891788482666,8,17,7,7,2,-3,-9,0,-7,-11,25,19,16,9,sil
23.9449942111969,0,7,-4,0,2,-15,-15,-10,-1,-11,15,6,10,0,sil
23.9449942111969,-12,0,-15,-11,-7,-22,-25,-9,-28,-35,-13,-16,-18,-21,sil
23.96062731742859,1,5,6,1,-11,-15,-22,-5,-40,-37,-7,-19,-20,-15,sil
23.96062731742859,26,12,29,11,-8,-8,-17,-6,-22,-16,7,-1,-2,0,sil
23.97528386116028,15,8,10,6,-6,-10,-10,-8,-12,-9,-1,2,-4,-3,sil
23.990947484970093,0,9,3,13,7,0,10,0,-8,-1,0,4,-2,-2,sil
23.990947484970093,1,15,23,28,27,19,31,8,7,18,23,16,12,9,sil
24.006237983703613,-4,6,11,24,22,23,20,1,15,26,21,13,9,9,sil
24.006237983703613,-16,-8,-4,5,1,14,1,2,6,20,6,3,0,0,sil
24.006237983703613,-13,-13,-7,-7,-6,7,4,6,4,17,2,-5,1,-4,sil
24.021713256835938,-18,-11,-8,-11,-8,0,6,-1,-1,0,-16,-20,-18,-16,sil
24.037351608276367,-26,-5,-5,-4,-11,4,3,-7,-22,-20,-42,-28,-45,-25,sil
24.037351608276367,-17,-2,-6,-1,0,14,9,-6,-20,-10,-34,-19,-28,-16,sil
24.053028345108032,-9,-7,-7,-8,8,18,17,2,14,20,-7,-6,5,3,sil
24.053028345108032,-9,-8,-7,-11,0,17,18,11,34,37,0,-2,11,16,sil
24.06838059425354,-9,-2,-3,-4,0,16,13,6,13,26,-9,-9,0,10,sil
24.06838059425354,-8,0,-4,1,6,11,9,2,-5,7,-13,-14,-1,0,sil
24.084017992019653,0,-3,-13,-2,0,-2,6,6,2,4,1,-9,9,4,sil
24.084017992019653,12,-8,-11,-12,-4,-14,4,8,17,4,10,2,9,12,sil
24.099207401275635,12,-10,-12,-9,1,-12,4,2,15,-5,-4,0,0,10,sil
24.099207401275635,7,-12,-12,-7,1,-13,-4,-5,-2,-19,-20,-12,-3,2,sil
24.120291471481323,20,-5,2,-1,0,-14,-10,-3,-6,-17,-4,0,6,4,sil
24.120291471481323,41,8,14,12,0,-5,0,5,17,2,29,28,31,17,sil
24.120291471481323,41,13,15,12,-7,-1,3,8,28,16,41,43,41,26,sil
24.130422115325928,24,2,8,-1,-8,-7,-8,0,9,8,21,27,23,14,sil
24.14613485336304,13,-1,-1,-5,1,-7,-16,-10,-4,-5,3,6,5,-7,goodbye
24.14613485336304,10,1,0,-7,4,-8,-19,-10,-5,-9,4,9,0,-11,goodbye
24.16131067276001,10,0,3,-12,-6,-17,-23,-4,-9,-16,4,18,-1,0,goodbye
24.16131067276001,11,4,10,-2,-12,-25,-27,-6,-22,-30,5,18,-5,-4,goodbye
24.17731237411499,9,30,17,22,0,-15,-19,-7,-20,-14,23,18,4,-15,goodbye
24.17731237411499,3,35,23,36,6,6,2,4,-1,23,38,20,15,0,goodbye
24.19277787208557,-6,14,32,28,-5,16,14,9,1,20,27,17,0,11,goodbye
24.19277787208557,-15,4,15,18,-7,4,-2,-7,-20,-16,0,1,-24,-12,goodbye
24.208890914916992,-20,9,0,8,3,-4,-22,-13,-29,-30,-12,-14,-30,-30,goodbye
24.208890914916992,-26,2,-5,1,8,8,-8,-3,-14,-12,-14,-27,-27,-20,goodbye
24.224575519561768,-34,-8,-14,7,12,24,12,0,-5,0,-26,-39,-32,-17,goodbye
24.224575519561768,-40,-12,-20,3,14,21,13,1,-8,6,-44,-45,-31,-13,goodbye
24.2402024269104,-39,-16,-21,-11,4,13,13,6,-3,13,-39,-38,-17,0,goodbye
24.2402024269104,-35,-17,-17,-19,-6,11,15,4,4,2,-22,-23,-4,4,goodbye
24.25626230239868,-26,-15,-19,-22,-12,9,12,1,10,-5,-17,-17,2,5,goodbye
24.25626230239868,-20,-19,-21,-31,-10,1,13,5,12,8,-22,-17,5,7,goodbye
24.27236318588257,-19,-16,-11,-31,1,0,14,8,11,15,-17,-5,7,2,goodbye
24.27236318588257,-15,-7,-11,-20,7,0,12,5,10,3,-4,1,10,0,goodbye
24.28844690322876,-12,-6,-15,-19,5,-3,3,0,7,-5,0,-3,8,3,goodbye
24.28844690322876,-8,-9,-6,-10,13,-1,2,1,12,1,1,-2,12,5,goodbye
24.30449414253235,1,-1,2,2,17,1,9,3,18,19,15,7,18,10,goodbye
24.30449414253235,12,6,13,0,3,-2,6,0,13,18,22,21,14,10,goodbye
24.32043051719665,26,11,21,3,-4,-4,2,-1,15,7,20,26,19,12,goodbye
24.32043051719665,41,10,19,18,-2,4,4,3,27,13,19,27,29,22,goodbye
24.33662867546081,38,2,8,17,-9,0,0,0,22,11,8,18,13,15,goodbye
24.33662867546081,40,0,2,8,-13,-15,-10,-7,3,0,-1,8,-4,-1,goodbye
24.35169792175293,67,4,6,4,-6,-19,-18,-7,-16,-10,0,2,-13,-8,goodbye
24.35169792175293,71,0,-9,0,-2,-13,-20,-10,-35,-28,-1,-12,-31,-22,goodbye
24.36779808998108,70,-6,-10,4,-6,-13,-18,-12,-37,-42,-6,-12,-30,-24,goodbye
24.36779808998108,126,0,16,16,-14,-12,-18,-5,-27,-19,4,10,1,0,goodbye
24.38422727584839,129,10,21,19,-13,-6,-11,-1,-17,-1,16,22,16,13,goodbye
24.38422727584839,-10,22,18,15,0,0,0,5,-3,-1,25,26,11,7,goodbye
24.399330854415894,-123,24,18,20,5,4,10,12,15,14,32,27,18,11,goodbye
24.399330854415894,-106,14,11,16,1,0,6,7,17,24,23,13,16,14,goodbye
24.415360689163208,-80,6,3,-1,2,-3,-4,0,3,12,7,2,1,1,goodbye
24.415360689163208,-93,-4,-13,-15,-2,0,-8,-3,2,3,-2,-7,-3,-14,goodbye
24.43128275871277,-77,-11,-15,-22,-9,3,-7,-3,1,-6,-10,-11,-10,-18,goodbye
24.43128275871277,-39,0,-1,-17,3,9,-3,0,-12,-16,-8,-7,-14,-12,goodbye
24.446908950805664,-22,12,4,-3,18,16,2,0,-14,-3,-7,-11,-6,-8,goodbye
24.446908950805664,-12,3,-2,1,17,21,14,6,3,5,-13,-21,-3,-8,goodbye
24.46204686164856,-5,-6,-11,4,14,18,16,8,11,-5,-21,-16,-7,0,goodbye
24.46204686164856,-5,-10,-13,6,11,1,0,0,3,-11,-23,-10,-9,5,goodbye
24.47732329368592,0,-15,-12,0,8,-2,-1,1,8,12,-8,-13,1,3,goodbye
24.47732329368592,5,-19,-11,-10,6,13,11,2,11,17,0,-14,8,0,goodbye
24.49263429641724,1,-19,-8,-10,-1,15,11,-3,-1,-10,-14,-14,-7,-5,goodbye
24.49263429641724,9,-8,-8,0,-8,-5,-1,-6,-10,-14,-14,-10,-11,-1,goodbye
24.508357048034668,27,5,1,3,-5,-20,-10,-3,-5,6,-1,0,0,5,goodbye
24.508357048034668,23,2,3,-9,-3,-15,-3,-5,-2,3,-10,-1,0,1,goodbye
24.52440571784973,5,-11,-7,-15,-9,-13,0,-7,-11,-17,-15,-8,-13,-9,goodbye
24.52440571784973,9,-11,-3,-2,-10,-12,-9,-2,-17,-14,1,0,-4,-9,goodbye
24.53995513916016,26,1,1,6,-3,-1,-4,2,-2,10,13,5,13,2,goodbye
24.53995513916016,32,9,8,1,0,4,12,0,6,20,12,4,9,11,goodbye
24.555484533309937,28,6,10,-3,0,1,15,0,4,9,10,15,0,10,goodbye
24.555484533309937,17,-1,1,-4,0,5,12,6,12,8,3,18,4,11,goodbye
24.57269191741944,8,0,3,-1,-5,10,9,9,14,9,-1,10,5,13,goodbye
24.57269191741944,9,8,6,7,-8,1,-1,0,6,7,4,5,5,10,goodbye
24.586232662200928,8,12,2,8,0,-2,-7,0,8,10,15,15,13,11,goodbye
24.586232662200928,6,13,1,10,6,0,-3,1,7,1,13,18,14,15,goodbye
24.601995944976807,7,13,3,18,0,-9,-10,-7,-8,-12,0,1,-7,-5,goodbye
24.601995944976807,-8,-1,0,0,-5,-11,-20,-8,-13,-8,-8,-11,-21,-27,goodbye
24.61803936958313,-29,-18,-14,-22,-1,9,-5,5,4,-8,-4,-12,0,-13,goodbye
24.61803936958313,-19,-8,-7,-10,3,13,11,10,16,-27,2,-5,16,2,goodbye
24.63405203819275,-6,4,10,7,5,-5,6,4,8,-21,0,-1,-3,-6,goodbye
24.63405203819275,-14,0,3,-1,1,-9,-2,0,-2,12,0,0,-7,-7,goodbye
24.649215936660767,-14,-3,-2,-15,-1,-2,4,4,0,28,12,4,15,5,goodbye
24.649215936660767,0,4,0,-4,-3,-5,7,7,8,17,20,9,18,9,goodbye
24.66527485847473,-1,8,0,4,-6,-13,-11,-2,-1,0,5,3,0,5,goodbye
24.66527485847473,-7,9,3,-1,-1,-5,-18,-12,-16,-3,0,-1,-1,-3,goodbye
24.680817127227783,0,10,15,0,12,10,-1,-6,-9,-1,11,2,-2,-9,goodbye
24.680817127227783,5,11,29,20,17,17,8,0,-4,-4,12,4,-16,-4,goodbye
24.69692325592041,-4,10,11,37,12,14,3,-2,-16,-5,-14,-9,-26,-7,goodbye
24.69692325592041,-17,-1,-11,27,9,19,6,-3,-17,0,-35,-23,-21,-12,goodbye
24.712082862854004,-13,-20,-11,2,0,23,18,7,1,6,-23,-16,-7,-1,goodbye
24.712082862854004,-3,-27,-17,-9,-12,4,14,4,10,0,-13,-13,0,2,goodbye
0.2280945777893066,-10,-17,0,1,-6,12,22,9,12,22,-27,-13,-4,18,goodbye
0.2280945777893066,17,-6,7,-2,-6,0,10,6,35,30,6,17,23,31,goodbye
0.244194746017456,25,1,7,-9,-1,-16,-13,4,29,10,28,36,25,20,goodbye
0.244194746017456,3,12,2,-9,0,-19,-27,-6,-6,-16,23,33,5,0,goodbye
0.2594232559204101,4,28,9,18,8,-5,-19,-13,-25,-13,22,22,0,0,goodbye
0.2594232559204101,14,23,22,41,19,13,2,1,-8,17,24,11,2,17,goodbye
0.2746675014495849,0,-8,5,24,16,20,21,4,17,37,16,0,4,20,goodbye
0.2746675014495849,-5,-33,-8,-9,0,6,10,1,31,25,1,-3,11,15,goodbye
0.2897639274597168,9,-20,-3,-23,-7,-16,-12,0,22,6,0,5,21,10,goodbye
0.2897639274597168,18,7,5,-7,-3,-30,-18,-5,-3,-1,19,13,19,1,goodbye
0.3048906326293945,10,20,9,18,-1,-19,-15,-6,-21,-14,17,10,4,-9,goodbye
0.3048906326293945,-6,11,0,30,-2,7,-3,-7,-15,-11,-14,-8,-12,-8,goodbye
0.3201122283935547,-13,-3,-6,12,0,21,22,0,0,14,-40,-24,-11,5,goodbye
0.3201122283935547,-4,-16,-13,-18,-6,4,27,5,17,31,-12,-10,13,17,goodbye
0.3362109661102295,2,-19,-13,-35,-26,-23,-7,1,21,8,16,8,26,7,goodbye
0.3362109661102295,1,1,-2,-24,-25,-29,-34,-2,-1,-25,6,9,7,-12,goodbye
0.3514080047607422,0,27,-5,-4,0,-13,-26,-4,-18,-28,2,8,-10,-24,goodbye
0.3514080047607422,-1,27,-1,0,4,-2,-18,0,-23,-22,17,9,-11,-22,goodbye
0.3674407005310058,-2,19,11,6,3,1,-12,-3,-31,-33,11,0,-10,-22,goodbye
0.3674407005310058,0,14,7,16,16,12,5,-9,-29,-30,-4,-5,-17,-22,goodbye
0.3834211826324463,0,-2,3,9,19,24,16,3,-9,-2,-8,-5,-20,-7,goodbye
0.3834211826324463,-6,-16,4,6,7,23,15,6,3,13,-15,-16,-13,4,goodbye
0.3984909057617187,-7,-17,0,3,0,15,16,1,0,5,-23,-19,-7,7,goodbye
0.3984909057617187,-7,-25,-10,-13,1,12,23,5,6,8,-16,-12,-4,7,goodbye
0.4140100479125976,-4,-33,-10,-25,4,9,25,5,25,26,-11,-13,0,12,goodbye
0.4140100479125976,8,-21,4,-22,-3,-4,10,3,30,25,-8,-3,9,17,goodbye
0.4299890995025635,14,-7,0,-26,-15,-20,-9,-4,18,0,6,15,13,9,goodbye
0.4299890995025635,5,3,-3,-18,-2,-24,-22,-4,-8,-33,5,14,-5,-9,goodbye
0.4459736347198486,5,23,5,15,16,-12,-19,-1,-26,-37,0,5,-16,-13,goodbye
0.4459736347198486,10,31,9,35,13,0,-6,0,-9,-9,15,14,2,0,goodbye
0.4606387615203857,-2,19,11,28,4,4,-4,5,0,1,13,12,3,1,goodbye
0.4606387615203857,-19,9,0,32,4,6,-5,1,-16,-5,-11,-13,-12,-6,goodbye
0.4764180183410644,-18,1,-9,30,0,17,2,1,-16,5,-17,-21,-2,0,goodbye
0.4920141696929931,-11,-13,-7,1,-8,25,18,10,17,38,-2,-2,21,16,goodbye
0.4920141696929931,-6,-21,-7,-14,-13,11,19,6,34,53,5,-1,26,17,goodbye
0.4920141696929931,-5,-13,-3,-5,-14,2,12,2,22,38,0,-15,16,6,goodbye
0.5071957111358643,-4,-10,-3,-1,-13,7,14,2,27,25,-13,-15,12,5,goodbye
0.5071957111358643,4,-11,-2,-12,-10,-4,10,1,36,21,0,8,22,14,goodbye
0.5227746963500977,18,0,5,-15,-4,-27,-10,-2,9,0,26,33,28,12,goodbye
0.5237751007080078,24,15,5,-10,3,-33,-26,-10,-20,-33,24,27,17,-3,goodbye
0.5399658679962158,22,14,8,-17,0,-23,-23,-9,-21,-33,19,15,5,-6,goodbye
0.5399658679962158,14,10,5,-20,-4,-18,-20,-9,-13,-15,31,20,0,-7,goodbye
0.5533826351165771,4,18,2,-2,10,-14,-23,-9,-25,-26,21,16,-15,-18,goodbye
0.571000337600708,0,28,1,14,21,-5,-18,-4,-34,-34,3,-1,-35,-21,goodbye
0.571000337600708,0,23,2,16,8,3,-8,-5,-29,-17,5,-9,-47,-17,goodbye
0.571000337600708,-10,6,2,13,2,14,-3,0,-23,-14,-17,-18,-58,-17,goodbye
0.5841598510742188,-28,-15,-9,12,7,27,14,0,-6,-12,-47,-34,-57,-17,goodbye
0.5993568897247314,-23,-25,-9,7,9,35,39,2,17,16,-37,-28,-40,0,goodbye
0.5993568897247314,0,-11,9,9,11,36,43,12,35,42,-7,-8,-13,20,goodbye
0.6144962310791016,5,-7,-2,11,2,14,28,3,32,30,-3,-5,14,22,goodbye
0.6144962310791016,0,-22,-13,-9,-19,-14,4,0,18,-3,-16,-6,24,13,goodbye
0.6300771236419678,3,-25,-8,-31,-20,-19,-2,7,29,-3,-3,9,32,15,goodbye
0.6300771236419678,8,-17,-9,-38,-13,-20,-13,4,31,12,18,19,51,9,goodbye
0.6461842060089111,2,-8,-5,-29,-13,-28,-33,-5,-6,-9,12,11,48,-9,goodbye
0.6461842060089111,-3,7,0,2,0,-15,-28,-11,-28,-31,-5,0,19,-24,goodbye
0.66123366355896,-8,17,6,22,7,0,-12,0,-26,-19,-5,-1,5,-16,goodbye
0.66123366355896,-5,20,10,23,3,2,-5,10,-34,-9,5,2,8,-4,goodbye
0.6772644519805908,4,20,11,25,10,8,2,3,-28,0,12,8,7,6,goodbye
0.6772644519805908,5,14,17,30,15,24,14,0,-11,13,2,1,-3,10,goodbye
0.6931197643280029,-5,5,10,31,4,34,26,-1,-10,14,-12,-19,-13,5,goodbye
0.6931197643280029,-8,-5,1,10,-3,23,24,2,-11,13,-19,-19,-15,13,goodbye
0.7083308696746826,-2,-14,0,-23,-3,2,10,6,7,21,-14,-1,-10,20,goodbye
0.7083308696746826,3,-11,0,-22,-1,-6,7,1,27,22,-8,4,-5,8,goodbye
0.7234563827514648,5,-13,2,-16,-5,-4,13,2,33,18,-5,4,0,4,goodbye
0.7234563827514648,1,-25,-7,-43,-8,-8,10,2,35,18,12,8,13,13,goodbye
0.7393476963043213,3,-10,-12,-43,-6,-15,-7,0,24,5,28,16,17,2,goodbye
0.7393476963043213,9,18,-2,3,-3,-22,-24,-2,1,-12,24,21,7,-15,goodbye
0.755101203918457,12,18,-2,14,-7,-28,-34,-8,-17,-23,18,13,-2,-21,goodbye
0.755101203918457,9,9,-3,-6,-7,-24,-38,-12,-21,-28,23,3,-8,-16,goodbye
0.7703413963317871,3,21,2,10,9,-9,-30,-12,-5,-22,25,9,-2,-11,goodbye
0.7703413963317871,7,27,11,32,26,6,-10,0,1,-17,15,11,-3,-9,goodbye
0.7864089012145996,1,10,0,23,20,17,9,1,-10,-16,1,-11,-21,-11,goodbye
0.7864089012145996,-22,-8,-14,14,6,21,22,-7,-10,-6,-21,-38,-34,-18,goodbye
0.8021585941314697,-23,-5,-3,16,3,25,26,9,5,8,-36,-29,-20,-4,goodbye
0.8021585941314697,-1,-2,0,15,4,27,27,16,13,24,-23,-10,-3,14,goodbye
0.8173270225524902,1,-14,-7,1,-5,14,21,2,11,28,-8,-8,1,21,goodbye
0.8173270225524902,0,-19,0,-12,-16,0,7,-4,16,18,-8,1,11,21,goodbye
0.8325791358947754,5,-11,4,-17,-15,-21,-13,-5,12,0,-9,15,17,15,goodbye
0.8325791358947754,0,-13,-2,-27,-14,-38,-32,-2,-12,-21,-14,5,4,0,goodbye
0.8479690551757812,-2,-14,-8,-35,-15,-32,-34,-4,-17,-24,0,3,5,-10,goodbye
0.8479690551757812,7,4,3,-26,-9,-17,-26,-5,-6,-16,29,24,19,-5,goodbye
0.8640539646148682,1,27,10,-2,6,-8,-5,0,-18,-14,26,17,7,-9,goodbye
0.8640539646148682,-11,25,-4,24,17,3,18,0,-35,-8,0,-10,-13,-15,goodbye
0.880178689956665,-6,13,5,36,14,20,17,1,-36,0,-3,-10,-17,-5,goodbye
0.880178689956665,-1,13,14,37,16,29,23,6,-16,11,3,-3,-9,2,goodbye
0.8962204456329346,-7,1,-1,20,13,26,38,9,15,26,-8,-9,-5,7,goodbye
0.8962204456329346,-6,-18,-1,1,0,18,24,9,33,30,-20,-10,-2,13,goodbye
0.9115614891052246,-2,-25,1,2,-1,22,8,2,29,28,-17,-14,-2,8,goodbye
0.9115614891052246,-6,-21,-6,2,0,26,22,4,19,26,-19,-21,0,6,goodbye
0.9272358417510986,-5,-20,-10,-13,-11,5,20,5,13,18,-13,-12,9,12,goodbye
0.9272358417510986,9,-21,-3,-27,-18,-16,-12,0,9,-1,-7,1,15,7,goodbye
0.9424560070037842,15,-13,6,-26,-11,-16,-26,-1,4,-17,-10,2,8,1,goodbye
0.9424560070037842,10,0,0,-18,-3,-13,-17,-9,-2,-20,-1,5,6,0,goodbye
0.9582443237304688,15,11,-2,-13,-3,-21,-21,-8,-14,-25,18,15,8,-4,goodbye
0.9582443237304688,17,15,1,-13,-1,-19,-24,0,-4,-21,29,24,8,-6,goodbye
0.974494218826294,7,15,5,-7,5,-11,-16,-2,13,-8,30,25,11,-1,goodbye
0.974494218826294,3,20,9,1,5,-12,-13,-2,7,-11,25,25,12,-3,goodbye
0.9901578426361084,0,18,-1,1,-2,-23,-11,-2,-12,-14,14,13,4,-14,sil
0.9901578426361084,-7,9,-4,-1,-3,-17,-9,-1,-21,-6,2,0,-7,-13,sil
1.005265712738037,-10,6,4,10,7,5,-9,-4,-18,-10,-1,-6,-18,-9,sil
1.005265712738037,-4,12,5,21,10,13,-2,-8,-10,-11,6,-6,-9,-5,sil
1.0209765434265137,2,18,10,14,6,5,2,5,3,9,15,3,9,9,sil
1.0209765434265137,0,7,0,16,6,4,9,4,18,22,7,1,6,9,sil
1.0360455513000488,-14,-10,-9,14,4,13,10,-3,14,10,-16,-17,-15,-9,sil
1.0360455513000488,-19,-11,-7,1,5,24,16,4,2,11,-16,-21,-14,-10,sil
1.0513176918029783,-11,-5,-12,0,11,23,22,8,-2,17,-2,-10,-4,5,sil
1.0513176918029783,-6,-7,-6,7,5,7,20,5,-7,11,-15,-12,-8,13,sil
1.0684418678283691,0,-11,0,11,-6,0,15,-1,-3,12,-27,-15,-11,7,sil
1.0684418678283691,3,-15,4,4,-8,7,5,-1,1,8,-16,-9,-6,3,sil
1.0824341773986816,3,-12,4,-2,-4,6,0,0,3,6,-5,-1,2,9,sil
1.0824341773986816,16,-5,9,0,-3,-4,2,0,11,17,-4,13,15,19,sil
1.0991060733795166,26,-7,15,-5,-13,-16,-1,4,14,9,-1,27,17,24,sil
1.0991060733795166,10,-17,-3,-28,-22,-27,-20,-1,8,-11,7,16,9,0,sil
1.114326000213623,-1,-9,-18,-38,-17,-32,-28,-8,-4,-28,13,1,0,-28,sil
1.114326000213623,1,12,-2,-23,-4,-23,-19,-2,-20,-41,12,9,-11,-30,sil
1.1286158561706543,5,26,4,-2,3,-8,-15,-1,-26,-42,18,14,-14,-15,sil
1.1442251205444336,0,23,2,14,11,5,-11,1,-23,-24,10,0,-17,-6,sil
1.1442251205444336,-14,14,-1,32,16,22,9,1,-13,0,-13,-23,-17,-8,sil
1.1598148345947266,-23,3,-1,27,12,33,29,0,-1,10,-19,-25,-11,-7,sil
1.1598148345947266,-14,0,-4,13,14,38,36,0,7,12,-8,-17,-3,0,sil
1.177138090133667,-1,1,-8,19,23,38,39,2,13,17,-4,-22,3,8,sil
1.177138090133667,0,0,-1,17,16,23,24,10,15,21,-9,-14,10,16,sil
1.177138090133667,-2,-15,-5,-4,-5,-2,5,5,15,20,-11,-2,12,13,sil
1.1917212009429932,0,-27,-5,-24,-20,-16,-3,2,8,17,-10,-2,13,12,sil
1.207263469696045,6,-21,6,-30,-19,-14,-8,6,6,12,3,6,20,16,sil
1.207625389099121,0,-11,-1,-26,-16,-25,-22,-4,6,2,9,14,20,7,sil
1.223363161087036,-5,-6,-2,-26,-18,-37,-41,-5,0,-6,-4,11,13,-1,sil
1.223363161087036,-1,-3,0,-25,-15,-25,-39,-1,6,-2,3,19,14,-1,sil
1.2400751113891602,3,1,-3,-23,-10,-22,-29,-9,6,-6,23,23,13,-5,sil
1.2400751113891602,7,15,15,-15,-4,-24,-27,-6,-14,-26,15,19,3,-6,sil
1.2400751113891602,8,23,20,5,5,-5,-11,-3,-14,-22,8,21,-1,-3,sil
1.2544591426849363,11,16,8,17,7,6,5,-2,-2,-6,19,20,1,-2,sil
1.2700538635253906,15,17,9,17,4,0,4,-2,-9,-3,26,10,4,-5,sil
1.2700538635253906,18,30,15,28,16,2,6,0,-12,-2,20,6,-1,-7,sil
1.2860517501831057,16,27,13,40,29,22,23,5,-4,5,13,6,-7,-1,sil
1.2860517501831057,2,5,-5,38,26,34,35,3,0,9,2,-8,-4,5,sil
1.3013012409210205,-12,-4,-10,27,16,28,30,1,0,6,-18,-31,-18,2,sil
1.3013012409210205,-19,-2,-7,23,14,23,32,4,4,5,-22,-37,-25,-3,sil
1.3171875476837158,-22,-8,-19,19,10,24,37,3,5,17,-9,-26,-9,-2,sil
1.3171875476837158,-23,-23,-14,1,-1,18,27,8,10,31,-20,-21,-5,5,sil
1.3323068618774414,-17,-31,-11,-14,-12,0,10,4,21,24,-32,-20,-13,1,sil
1.3323068618774414,-8,-25,-18,-25,-17,-22,-17,-4,11,-7,-21,-7,-10,-9,sil
1.3474197387695312,-7,-16,-12,-40,-25,-30,-36,-4,-3,-25,-8,2,-4,-8,sil
1.3474197387695312,-3,-22,-6,-50,-27,-20,-28,-4,0,-16,-3,2,1,1,sil
1.362810134887695,11,-17,-2,-40,-17,-18,-27,-3,0,-12,4,10,10,4,sil
1.362810134887695,24,12,10,-11,-6,-20,-34,-4,-12,-15,18,23,5,-1,sil
1.3787295818328855,13,26,23,12,-1,-1,-18,2,-19,-18,8,12,-16,-7,sil
1.3787295818328855,-9,9,11,27,3,24,10,5,-18,-13,-21,-13,-36,-6,sil
1.3947594165802002,-11,-1,-4,25,6,20,19,-2,-6,12,-31,-22,-27,7,sil
1.3947594165802002,9,-1,5,0,0,-1,4,0,13,22,-7,1,4,24,sil
1.4102365970611572,22,0,7,-20,-9,-19,-13,0,11,-1,21,27,25,11,sil
1.4102365970611572,17,7,1,-13,-5,-27,-25,-4,-22,-23,32,24,8,-13,sil
1.4254975318908691,9,25,5,12,7,-17,-20,0,-38,-21,23,10,-7,-16,sil
1.4254975318908691,5,27,5,40,18,7,7,0,-12,-1,12,0,2,-4,sil
1.441354513168335,0,3,8,35,10,27,32,8,12,27,0,-2,10,8,sil
1.441354513168335,-13,-23,-3,-4,-2,16,27,9,35,40,-7,-4,14,14,sil
1.4564530849456787,-13,-22,-15,-35,-7,-15,2,-2,37,10,-2,1,25,5,sil
1.4564530849456787,-1,3,1,-27,0,-27,-16,-5,4,-20,7,14,21,-9,sil
1.472018480300903,1,19,8,2,15,-8,-16,-5,-15,-17,15,14,6,-10,sil
1.472018480300903,-1,19,0,26,23,20,1,-1,-9,-1,7,0,5,2,sil
1.4873149394989014,-7,10,0,29,15,42,31,3,0,15,-4,-18,11,10,sil
1.4873149394989014,-10,-9,0,8,-1,36,40,4,11,27,-8,-21,23,14,sil
1.50331449508667,0,-19,-5,-13,-5,8,23,-1,30,19,2,-2,41,16,sil
1.50331449508667,9,-7,-12,-18,0,-12,2,-3,27,3,13,6,39,-2,sil
1.51835036277771,0,3,-3,-14,0,-14,-11,7,-1,-14,8,-5,12,-29,sil
1.51835036277771,-9,12,0,1,1,0,-5,7,-21,-19,0,-12,-3,-24,sil
1.5335636138916016,-4,10,-6,15,8,12,15,0,-14,-1,-15,-11,-3,1,sil
1.5335636138916016,0,-10,-1,4,2,12,24,4,2,16,-26,-11,-3,17,sil
1.54931902885437,4,-28,2,-13,-9,3,15,3,18,24,-17,-3,3,15,sil
1.54931902885437,7,-24,1,-23,-12,-9,-4,5,27,19,-6,8,9,14,sil
1.5653407573699951,6,-14,-4,-21,-14,-23,-32,0,18,-2,-5,11,-1,4,sil
1.5653407573699951,4,-4,-8,-18,-18,-35,-49,-13,-4,-29,0,9,-19,-11,sil
1.5810506343841553,2,10,0,-18,-10,-33,-46,-7,-26,-35,10,14,-36,-19,sil
1.5810506343841553,-8,21,3,-3,0,-18,-39,-5,-34,-28,13,6,-60,-25,sil
1.5964806079864502,-11,24,8,20,3,0,-31,-9,-36,-26,4,-3,-82,-20,sil
1.5964806079864502,0,15,11,36,6,19,-4,-7,-27,-7,-2,-4,-96,-1,sil
1.6124253273010254,1,-4,1,36,5,27,24,-6,-13,16,-2,-9,-98,8,sil
1.6124253273010254,-8,-15,5,23,-1,21,29,2,-4,18,-8,-15,-77,10,sil
1.6284427642822266,-12,-21,2,7,-9,6,24,4,1,15,-15,-12,-77,10,sil
1.6284427642822266,-3,-28,-3,-8,-20,-10,7,0,-4,4,-18,0,-81,10,sil
1.6441493034362793,9,-17,-1,-22,-27,-24,-14,-2,-11,-12,-2,17,30,8,sil
1.6441493034362793,15,-1,0,-24,-16,-28,-23,-5,-2,-21,18,27,178,0,sil
1.6593859195709229,9,8,10,-13,0,-19,-20,0,1,-23,27,23,180,-6,sil
1.6593859195709229,1,23,2,6,7,-3,-10,1,0,-15,25,17,106,-14,sil
1.6745378971099854,-4,27,-7,14,10,9,-2,-1,-12,-11,14,8,69,-21,sil
1.6745378971099854,-8,22,-3,17,20,22,3,0,-21,-9,1,-5,43,-19,sil
1.6904938220977783,-3,17,-5,27,29,30,18,4,-3,8,-5,-14,21,-2,sil
1.6904938220977783,0,6,-3,23,22,32,37,14,24,27,-13,-16,13,16,sil
1.7063348293304443,-10,-9,-6,5,11,28,47,8,40,31,-25,-26,2,12,sil
1.7063348293304443,-15,-22,-17,-20,2,13,33,3,38,24,-35,-36,-11,2,sil
1.7214386463165283,-1,-20,-13,-40,0,1,18,12,39,21,-27,-24,-13,14,sil
1.7214386463165283,15,-6,-4,-35,4,1,19,11,52,32,4,-3,3,30,sil
1.7371153831481934,24,6,5,-25,6,0,5,7,49,30,20,9,9,25,sil
1.7371153831481934,26,16,7,-16,13,-5,-6,-1,25,11,23,17,-2,8,sil
1.752089023590088,25,28,8,-1,23,-6,1,-5,4,7,37,25,-4,4,sil
1.7682063579559326,15,33,17,16,20,-5,0,-2,-9,8,40,21,-9,4,sil
1.7682063579559326,0,23,15,39,19,1,-2,-5,-13,5,18,3,-25,-1,sil
1.7682063579559326,-3,14,19,52,25,20,16,0,0,18,6,2,-21,4,sil
1.7833425998687744,-3,0,12,39,14,27,37,3,13,37,10,8,-7,15,sil
1.7988231182098389,-4,-23,-2,14,-10,2,19,-3,6,20,-5,7,-19,11,sil
1.7988231182098389,1,-30,4,-2,-30,-26,-14,-4,-9,-18,-17,19,-25,5,sil
1.8146512508392327,9,-27,5,-17,-40,-43,-38,-8,-16,-40,6,31,-8,0,sil
1.8146512508392327,5,-27,0,-28,-45,-51,-59,-13,-31,-47,21,23,-6,-11,sil
1.8303632736206048,-4,-16,0,-19,-43,-48,-69,-18,-59,-55,8,16,-19,-31,sil
1.8303632736206048,-10,-3,-2,-6,-33,-29,-56,-19,-76,-61,-4,8,-25,-37,sil
1.8469531536102293,-23,-14,-15,-13,-32,-9,-34,-5,-69,-60,-29,-23,-40,-35,sil
1.8469531536102293,-52,-38,-42,-24,-39,-2,-23,-6,-58,-54,-64,-66,-59,-46,sil
1.861093282699585,-76,-41,-51,-39,-48,-11,-34,-9,-69,-57,-91,-91,-66,-63,sil
1.861093282699585,-96,-60,-62,-74,-64,-26,-55,-11,-77,-65,-119,-111,-77,-78,sil
1.877171516418457,-87,-77,-60,-85,-60,-20,-46,-11,-46,-51,-111,-99,-63,-62,sil
1.877171516418457,1,-4,5,-21,6,26,14,15,32,5,-18,-5,18,12,sil
1.8926236629486084,92,91,62,56,84,65,74,33,105,77,87,82,102,79,sil
1.8926236629486084,93,96,57,67,92,49,62,25,100,87,101,82,100,68,sil
1.90831995010376,64,74,33,58,73,30,36,13,56,57,77,60,64,37,sil
1.90831995010376,57,75,32,68,70,37,48,9,48,49,75,59,56,37,sil
1.9240388870239256,34,53,36,60,57,40,54,13,50,54,53,35,40,36,sil
1.9240388870239256,7,21,14,50,41,33,46,8,44,60,22,1,21,29,sil
1.9391758441925049,8,9,4,48,27,24,44,9,42,65,16,3,24,35,sil
1.9391758441925049,9,-9,9,22,2,6,37,8,40,57,12,12,32,34,sil
1.954810619354248,1,-34,-7,-19,-13,-16,13,-3,28,32,-2,2,22,17,sil
1.954810619354248,0,-33,-14,-44,-17,-29,-8,-5,5,1,-6,-2,3,9,sil
1.970444202423096,0,-27,-10,-42,-30,-32,-21,-11,-14,-23,0,-1,-3,-4,sil
1.970444202423096,-2,-23,-10,-40,-32,-32,-30,-12,-31,-40,-3,0,-1,-19,sil
1.9864697456359863,-4,-6,-12,-38,-8,-27,-30,-4,-37,-50,1,9,-2,-19,sil
1.9864697456359863,-15,3,-16,-25,0,-19,-23,-10,-42,-51,0,0,-23,-24,sil
2.00805139541626,-30,-2,-3,-6,-13,-5,-15,-10,-51,-41,-26,-26,-45,-30,sil
2.00805139541626,-30,-5,-2,13,-12,7,-2,-1,-43,-28,-37,-32,-40,-25,sil
2.00805139541626,-24,-11,-11,11,-10,7,4,-1,-30,-19,-32,-32,-35,-18,sil
2.017197132110596,-24,-26,-6,-3,-26,2,7,-4,-14,-5,-36,-34,-36,-11,sil
2.03318738937378,-9,-28,-1,-5,-26,0,9,-1,18,10,-27,-15,-9,4,sil
2.03318738937378,9,-16,2,-15,-11,-5,-5,4,33,1,-14,8,6,10,sil
2.0482780933380127,7,-10,-2,-25,-7,-13,-29,-3,17,-10,-8,6,0,-2,sil
2.0482780933380127,7,-2,-2,-10,-8,-20,-41,-8,-1,-8,11,13,9,-7,sil
2.063446044921875,15,15,5,4,-4,-20,-33,2,-14,-16,31,28,16,-6,sil
2.063446044921875,4,29,2,10,5,-6,-10,3,-15,-21,24,13,-2,-20,sil
2.0793890953063965,-4,35,1,24,20,14,1,6,-7,-6,14,-2,-15,-20,sil
2.0793890953063965,-1,29,2,41,26,33,15,7,4,17,11,-3,-6,0,sil
2.0950300693511963,-3,1,3,32,13,34,29,4,21,41,0,-8,3,15,sil
2.0950300693511963,-7,-25,3,0,-2,16,22,4,27,46,-13,-14,8,19,sil
2.1101109981536865,-6,-35,-15,-30,-11,-6,-1,-5,17,26,-18,-12,9,8,sil
2.1101109981536865,-1,-22,-12,-40,-12,-21,-21,-1,3,-2,-6,-1,12,5,sil
2.12636399269104,4,3,8,-25,-9,-24,-27,0,-6,-14,13,10,14,2,sil
2.12636399269104,14,20,11,-6,-2,-16,-19,-6,-16,-12,17,9,6,-8,sil
2.142040252685547,19,23,12,2,5,1,-6,-3,-23,-16,8,15,-3,-7,sil
2.142040252685547,9,27,7,15,11,5,-1,-1,-35,-30,6,17,-12,0,sil
2.157350778579712,0,22,7,22,9,1,1,-2,-38,-31,-5,0,-21,0,sil
2.157350778579712,2,5,10,23,12,16,21,0,-7,0,-18,-8,-15,9,sil
2.172844886779785,-4,-8,4,22,16,37,44,4,15,19,-17,-6,-4,14,sil
2.172844886779785,-21,-17,-8,11,8,37,42,11,5,13,-23,-19,-15,6,sil
2.1887667179107666,-18,-24,-18,-4,1,17,27,2,15,21,-19,-21,-18,3,sil
2.1887667179107666,0,-17,-5,-15,-3,-5,7,0,36,24,1,5,7,8,sil
2.2044918537139893,5,-10,-2,-24,-8,-16,-6,5,33,4,18,15,33,3,sil
2.2044918537139893,7,-8,-10,-30,-6,-18,-5,0,30,0,29,12,39,-1,sil
2.220118761062622,23,6,4,-19,0,-23,-2,0,27,3,46,32,42,4,sil
2.220118761062622,19,20,10,4,2,-31,-8,-3,1,-6,37,25,31,0,sil
2.2363181114196777,-8,13,1,15,2,-21,-20,-6,-28,-19,-2,-14,-7,-21,sil
2.2363181114196777,-17,6,-5,21,8,2,-15,-3,-32,-8,-14,-23,-26,-23,sil
2.2516956329345703,-12,5,-7,36,11,10,-1,-1,-22,7,-3,-11,-16,-14,sil
2.2516956329345703,-16,0,0,29,1,8,1,0,-14,6,-18,-17,-20,-5,sil
2.2670438289642334,-9,-2,2,17,0,16,12,0,5,13,-23,-16,-14,8,sil
2.2670438289642334,12,-4,6,8,-3,17,25,6,23,30,-5,0,5,30,sil
2.2821147441864014,15,-9,5,-9,-20,3,15,11,27,29,-2,9,9,32,sil
2.2821147441864014,11,-11,-5,-26,-23,-6,-3,1,31,16,-1,10,14,20,sil
2.2975997924804688,22,-4,7,-29,-12,-11,-7,1,31,8,14,21,27,23,sil
2.2975997924804688,22,1,10,-25,-9,-17,-9,1,16,0,21,23,22,10,sil
2.313315153121948,7,5,-2,-19,-6,-21,-25,-6,-1,-19,9,13,6,-12,goodbye
2.313315153121948,3,18,4,-8,0,-14,-36,-4,-12,-34,12,15,1,-17,goodbye
2.329096794128418,3,29,4,-2,5,-6,-36,-10,-39,-49,26,15,-10,-25,goodbye
2.329096794128418,-14,14,-6,-7,10,4,-35,-14,-77,-68,-7,-10,-47,-45,goodbye
2.3441717624664307,-46,-15,-25,-6,22,31,-14,-16,-82,-61,-59,-49,-69,-54,goodbye
2.3441717624664307,-53,-30,-27,-2,25,45,8,-10,-57,-29,-62,-52,-55,-35,goodbye
2.3602068424224854,-26,-18,-4,3,9,26,21,9,-12,12,-20,-18,-17,0,goodbye
2.3602068424224854,-2,-8,4,19,-12,5,40,15,38,51,6,3,15,22,goodbye
2.375350952148437,0,-9,0,19,-18,-4,32,10,39,42,-3,0,18,22,goodbye
2.375350952148437,5,-8,5,4,-7,-16,0,4,16,14,-3,2,16,17,goodbye
2.3909811973571777,20,0,12,-5,-1,-19,-3,7,30,24,25,16,36,19,goodbye
2.3909811973571777,27,9,14,-5,-7,-15,9,9,44,28,38,23,39,20,goodbye
2.4070911407470703,15,18,4,4,-12,-24,-1,-4,14,-8,22,15,10,4,goodbye
2.4070911407470703,4,27,9,21,0,-8,-8,0,-19,-27,6,1,-12,-6,goodbye
2.4248054027557373,0,18,8,41,20,38,25,8,1,19,1,-11,-6,5,goodbye
2.4248054027557373,-8,-7,-5,30,18,49,51,5,48,71,-5,-23,8,21,goodbye
2.4384119510650635,-4,-20,-6,-8,0,9,23,1,40,45,-18,-15,6,14,goodbye
2.4384119510650635,4,-17,-6,-27,-6,-19,-8,-9,-2,-26,-20,-1,-1,-2,goodbye
2.455430507659912,0,-26,-12,-34,-8,-22,-9,-6,-14,-47,-17,1,-6,-6,goodbye
2.455430507659912,-2,-27,-18,-43,-10,-24,-9,2,0,-14,-12,2,-2,-7,goodbye
2.4709484577178955,13,-1,-8,-29,-5,-29,-21,-3,-2,-2,5,20,12,-6,goodbye
2.4709484577178955,22,19,11,-2,2,-21,-26,-5,-15,-17,22,31,17,-2,goodbye
2.4864723682403564,4,18,2,8,10,-8,-21,-5,-22,-16,18,10,0,-12,goodbye
2.4864723682403564,0,20,6,13,10,-8,-30,1,-24,-5,11,-1,-12,-15,goodbye
2.5020880699157715,7,26,23,20,6,0,-24,4,-19,-7,23,9,0,0,goodbye
2.5020880699157715,-6,16,6,21,6,26,8,-5,-17,-10,14,-3,-5,1,goodbye
2.518247365951538,-27,-2,-9,17,7,40,26,-1,-14,0,-24,-35,-29,-9,goodbye
2.518247365951538,-14,-14,-3,11,3,28,21,3,14,19,-35,-28,-20,-2,goodbye
2.532259941101074,10,-16,4,-5,-4,3,10,3,33,24,-4,9,16,23,goodbye
2.548330307006836,14,-3,1,-16,-9,-18,-6,1,13,5,27,28,33,21,goodbye
2.548330307006836,7,14,-2,-2,-5,-24,-25,-5,-11,-10,32,20,17,-8,goodbye
2.548330307006836,7,27,12,16,5,-1,-14,-2,-18,-13,20,14,-4,-10,goodbye
2.564425230026245,-2,16,6,32,11,24,17,-1,-12,3,7,-1,-11,3,goodbye
2.564425230026245,-21,-11,-10,16,0,25,24,2,-3,14,-8,-25,-7,3,goodbye
2.580113649368286,-20,-27,-9,-10,-11,10,10,4,8,4,-24,-19,-9,0,goodbye
2.580113649368286,-1,-21,-9,-20,-12,-5,-1,-6,12,-12,-24,0,-7,1,goodbye
2.5944952964782715,4,-4,-4,-28,-13,-21,-18,-4,0,-19,-2,12,0,-5,goodbye
2.610074043273926,-6,10,-3,-32,-9,-18,-21,0,-8,-18,20,13,0,-28,goodbye
2.610074043273926,-19,10,-5,-8,6,2,-9,-1,-15,-19,-3,-8,-23,-34,goodbye
2.610074043273926,-16,0,2,21,17,23,11,1,-7,5,-38,-29,-30,-7,goodbye
2.6271286010742188,-3,-3,4,25,9,24,40,4,23,48,-19,-15,-2,25,goodbye
2.6271286010742188,2,-8,3,1,-5,4,39,10,33,43,0,2,15,31,goodbye
2.6417815685272217,0,-20,-3,-19,-10,-12,10,5,13,10,-16,-1,14,16,goodbye
2.657208204269409,7,-25,-5,-23,-10,-15,-3,0,11,11,-27,0,14,12,goodbye
2.657208204269409,19,-17,6,-19,-16,-14,-1,6,27,15,-12,14,19,19,goodbye
2.672180652618408,17,-7,1,-15,-19,-19,-9,-3,12,-14,5,13,17,3,goodbye
2.672180652618408,16,0,-4,-14,-8,-21,-26,-11,-21,-42,11,9,8,-16,goodbye
2.6883761882781982,20,5,-1,-10,1,-13,-22,-5,-22,-34,19,18,2,-12,goodbye
2.6883761882781982,11,6,-3,-3,0,-8,-12,-4,-13,-22,19,16,1,-10,goodbye
2.703752994537353,2,17,4,14,5,-4,-11,0,-17,-18,11,5,1,-13,goodbye
2.703752994537353,11,31,13,40,24,0,-2,2,-8,-5,21,8,0,-7,goodbye
2.719863176345825,23,33,18,34,27,-1,0,3,-6,1,34,15,-3,2,goodbye
2.719863176345825,15,27,16,22,17,-2,-8,-2,-18,4,28,6,-5,3,goodbye
2.736212015151977,-2,19,8,25,18,12,-3,-4,-15,11,14,-11,-1,2,goodbye
2.736212015151977,-19,2,0,14,18,30,13,4,-3,12,-9,-29,-17,-2,goodbye
2.7520463466644287,-30,-16,-17,2,7,33,27,2,1,13,-30,-47,-36,-12,goodbye
2.7520463466644287,-30,-23,-15,7,0,26,24,0,0,10,-33,-49,-28,-4,goodbye
2.7530357837677,-28,-19,-8,-2,-4,21,18,2,-1,6,-24,-47,-5,4,goodbye
2.7671315670013428,-21,-25,-18,-26,-8,18,17,1,11,18,-17,-43,4,4,goodbye
2.7822866439819336,-5,-19,-7,-24,-11,3,8,8,32,25,-2,-18,15,14,goodbye
2.7822866439819336,5,0,2,-5,-11,-18,-5,5,44,16,18,6,37,22,goodbye
2.798044204711914,11,3,3,-9,-16,-25,-18,1,37,6,21,20,42,22,goodbye
2.798044204711914,9,-1,2,-22,-16,-25,-27,0,22,-3,16,27,25,11,goodbye
2.8141064643859863,1,2,-5,-24,-11,-40,-35,-9,-3,-27,16,21,8,-14,goodbye
2.8141064643859863,0,13,-2,-18,-8,-37,-37,-8,-34,-42,12,10,-10,-31,goodbye
2.829289674758911,1,15,0,0,-3,-11,-27,-9,-44,-31,3,8,-28,-26,goodbye
2.829289674758911,1,12,7,21,3,3,-8,-8,-35,-15,-6,12,-28,-13,goodbye
2.844454526901245,-1,13,13,28,13,14,13,1,-18,-1,-11,20,-16,-5,goodbye
2.844454526901245,0,14,4,29,22,28,22,2,-10,1,-6,27,-12,-5,goodbye
2.859994649887085,5,8,4,29,15,34,20,2,-13,1,-5,40,-10,3,goodbye
2.859994649887085,6,-1,11,30,0,24,25,0,-4,20,-13,46,0,18,goodbye
2.8754994869232178,-3,-13,7,10,-14,9,20,3,-1,21,-25,36,-5,15,goodbye
2.8754994869232178,-14,-30,-10,-22,-19,6,19,1,-7,0,-36,28,-17,-2,goodbye
2.8914542198181152,-12,-36,-19,-40,-11,10,33,1,10,5,-32,32,-2,1,goodbye
2.8914542198181152,9,-23,4,-32,-3,4,30,18,45,28,-13,44,17,25,goodbye
2.9064829349517822,22,-8,11,-10,-2,-5,16,12,56,29,10,50,27,27,goodbye
2.9064829349517822,8,-13,-10,-15,-5,-18,-1,-6,39,6,12,36,27,7,goodbye
2.922072410583496,-6,-22,-23,-45,-8,-25,-24,-2,20,-13,7,16,21,-8,goodbye
2.922072410583496,0,-12,-19,-44,-8,-17,-30,-2,3,-18,16,2,14,-21,goodbye
2.937401294708252,13,14,5,-9,2,-8,-26,-7,-14,-28,16,-10,6,-24,goodbye
2.937401294708252,20,42,14,21,22,-9,-26,-8,-15,-32,19,-29,0,-11,goodbye
2.9529733657836914,20,42,5,25,27,-17,-25,-8,-8,-18,35,-44,-1,1,goodbye
2.9529733657836914,3,23,3,10,11,-19,-24,-4,-21,-8,35,-74,-5,-2,goodbye
2.968955039978028,-6,20,3,21,2,-8,-20,-6,-34,-10,20,-113,-15,-10,goodbye
2.968955039978028,6,34,18,48,10,2,-6,2,-31,-4,12,-131,-14,1,goodbye
2.9836106300354004,10,26,20,50,15,14,15,9,-11,19,8,-177,0,13,goodbye
2.9836106300354004,-7,0,1,25,9,19,16,5,1,29,-1,-245,-1,5,goodbye
2.999391794204712,-17,-10,-4,7,0,15,3,5,-10,8,-15,-227,-16,-1,goodbye
2.999391794204712,-16,-9,-5,7,-1,9,9,0,-9,1,-21,-255,-10,0,goodbye
3.01443099975586,-15,-12,-3,4,-1,12,20,0,7,11,-21,-328,0,1,goodbye
3.01443099975586,-22,-18,-4,1,-11,17,16,-1,0,6,-22,-34,-11,-8,goodbye
3.030182123184204,-29,-21,-12,-2,-15,20,16,-6,-13,6,-20,517,-13,-11,goodbye
3.030182123184204,-15,-14,-4,-7,-5,15,17,3,6,18,-15,676,2,4,goodbye
3.046222925186157,0,-13,-7,-17,-3,-1,7,4,29,7,-19,442,5,10,sil
3.046222925186157,0,-19,-13,-22,-10,-6,0,0,20,-11,-26,271,-6,5,sil
3.061931848526001,-1,-15,-2,-11,-7,10,14,3,17,-1,-12,174,-3,5,sil
3.061931848526001,0,-15,1,-9,0,10,19,8,27,15,-5,39,4,5,sil
3.077216625213623,4,-18,-1,-27,-2,-9,3,7,26,3,-18,-40,3,7,sil
3.077216625213623,17,-10,-4,-31,-10,-26,-11,-10,14,-9,6,-66,13,6,sil
3.0932552814483643,30,2,4,-19,-12,-37,-34,-12,-7,-12,45,-82,22,0,sil
3.0932552814483643,23,11,14,-16,-2,-33,-39,0,-16,-5,44,-91,23,-1,sil
3.1092565059661865,11,8,0,-24,0,-27,-24,-5,-4,-11,27,-101,24,-3,sil
3.1092565059661865,7,7,-4,-26,-12,-36,-32,-9,-17,-35,20,-103,14,-14,sil
3.1245243549346924,2,30,3,-1,-3,-32,-40,-3,-40,-37,22,-102,-3,-25,sil
3.1245243549346924,-3,47,14,33,17,2,-16,2,-26,-15,20,-100,-9,-14,sil
3.139976978302002,-2,29,13,51,26,35,8,7,6,5,13,-85,-2,2,sil
3.139976978302002,-6,5,-2,42,21,38,19,7,14,19,0,-78,-3,5,sil
3.1551742553710938,-15,1,-1,18,10,33,28,8,3,17,-21,-77,-14,2,sil
3.1551742553710938,-9,10,0,27,11,36,35,-1,-1,10,-30,-62,-18,0,sil
3.170380115509033,0,10,-2,42,18,33,29,-8,-8,4,-29,-47,-19,1,sil
3.170380115509033,-14,-12,-8,7,2,21,25,-5,-12,10,-36,-41,-28,1,sil
3.1864795684814453,-24,-35,-16,-32,-15,11,28,-3,3,23,-42,-31,-27,0,sil
3.202055692672729,0,-26,3,-22,-10,5,27,11,26,25,-27,2,-9,13,sil
3.202055692672729,17,-17,12,-3,-3,-1,23,15,37,28,-1,35,12,30,sil
3.202055692672729,5,-29,-1,-18,-11,-16,7,1,26,26,5,44,19,23,sil
3.218206882476806,-1,-28,-2,-35,-19,-28,-16,-5,3,-6,7,46,17,4,sil
3.218206882476806,5,-8,-2,-28,-15,-32,-33,-7,-13,-42,19,54,14,-10,sil
3.233564853668213,12,12,2,-11,-5,-25,-37,-1,-26,-40,24,63,6,-14,sil
3.2513790130615234,12,20,7,2,4,-16,-31,-2,-16,-20,30,69,7,-13,sil
3.2513790130615234,12,18,0,5,1,-21,-29,-2,2,-11,39,68,15,-9,sil
3.2513790130615234,16,23,4,7,0,-22,-31,0,0,-7,33,55,17,-4,sil
3.264978170394897,8,28,7,18,9,-10,-23,-6,-19,-12,13,24,2,-12,sil
3.264978170394897,-8,18,1,19,8,10,-11,-4,-24,-23,-3,2,-19,-14,sil
3.2814276218414307,-15,7,-3,23,7,27,7,-2,-7,-3,-5,2,-19,-5,sil
3.2973949909210205,-12,-1,-2,27,15,28,23,-3,6,23,-8,1,-1,1,sil
3.2973949909210205,-11,-9,0,15,11,23,27,12,4,23,-15,-1,1,7,sil
3.3121256828308105,-4,-5,-3,13,4,25,32,12,2,18,-6,-4,1,17,sil
3.3121256828308105,2,-5,3,18,0,24,33,2,4,22,-12,-10,2,21,sil
3.327425956726074,-4,-20,0,1,-7,10,22,2,10,19,-34,-19,-5,13,sil
3.327425956726074,-15,-31,-15,-26,-14,-1,7,0,15,8,-31,-26,-5,4,sil
3.3443429470062256,-17,-28,-15,-41,-20,-11,-5,-3,13,1,-17,-28,0,-1,sil
3.3443429470062256,-8,-20,-18,-44,-22,-23,-10,-6,17,0,-8,-19,4,-3,sil
3.3600571155548096,14,0,-5,-35,-14,-31,-13,0,18,-4,7,0,10,1,sil
3.3600571155548096,28,26,13,-11,2,-26,-15,1,0,-16,23,3,10,-1,sil
3.3600571155548096,11,31,6,0,13,-19,-15,0,-24,-23,22,-7,-2,-17,sil
3.3740694522857666,-7,23,3,-1,11,-12,-17,0,-23,-20,19,-6,-8,-19,sil
3.3899617195129395,-4,24,5,12,6,-1,-18,-6,-6,-7,24,-1,0,-11,sil
3.3899617195129395,0,15,6,26,11,11,-11,-9,-7,0,4,-14,-8,-8,sil
3.4053962230682373,-12,-7,2,13,16,21,11,-3,-9,1,-28,-33,-28,-9,sil
3.4053962230682373,-22,-21,-8,-2,6,24,30,2,0,10,-42,-36,-29,-6,sil
3.4211368560791016,-13,-21,-2,-7,-7,25,28,10,10,19,-32,-21,-10,10,sil
3.4211368560791016,1,-27,2,-17,-8,13,16,3,23,21,-12,-1,7,19,sil
3.437130689620972,14,-22,1,-32,-11,-10,-6,3,23,2,5,19,18,15,sil
3.437130689620972,25,7,10,-19,-13,-19,-20,12,5,-12,34,37,28,8,sil
3.4523844718933105,26,33,17,19,3,-8,-10,-1,-5,-8,51,29,24,0,sil
3.4523844718933105,11,30,12,39,14,2,0,-7,-17,-8,17,3,1,-1,sil
3.467558622360229,-11,0,-9,31,0,7,8,-6,-29,-14,-20,-15,-15,-3,sil
3.467558622360229,-15,-23,-13,13,-3,14,20,-2,-14,2,-20,-13,-10,1,sil
3.483069896697998,1,-16,2,0,6,19,23,10,20,30,-7,2,10,20,sil
3.483069896697998,6,-5,-3,-6,0,0,4,7,28,29,6,17,27,20,sil
3.498323440551758,1,6,-2,1,-14,-30,-24,-4,0,-5,27,32,16,-8,sil
3.498323440551758,9,30,11,20,-2,-28,-34,-5,-20,-29,38,37,3,-23,sil
3.513965845108032,15,31,11,30,13,-4,-20,0,-23,-23,22,19,-6,-7,sil
3.513965845108032,-2,5,3,30,5,9,3,-5,-16,-6,-6,-3,-18,1,sil
3.5296671390533447,-14,-13,-3,21,-5,10,20,-6,10,13,-17,-10,-11,4,sil
3.5296671390533447,-6,-21,0,-12,-7,7,15,10,28,21,-8,-4,7,10,sil
3.5452656745910645,-2,-21,-4,-37,-8,0,0,2,17,10,-1,1,8,2,sil
3.5452656745910645,8,-3,-4,-25,-13,-14,-15,-8,5,-8,1,13,0,-4,sil
3.560201644897461,31,24,18,-4,-6,-18,-29,1,-2,-22,20,30,3,2,sil
3.560201644897461,20,28,6,2,6,-15,-33,-7,-26,-30,21,17,-5,-9,sil
3.576235294342041,-19,9,-14,-2,6,-9,-18,-14,-46,-34,-18,-21,-33,-32,sil
3.576235294342041,-34,-2,-13,4,12,12,17,1,-26,-5,-34,-41,-27,-21,sil
3.5915021896362305,-17,-8,-8,12,22,34,41,12,15,37,-22,-31,4,13,sil
3.5915021896362305,-10,-22,-7,-12,5,27,30,12,31,43,-26,-20,12,25,sil
3.60685133934021,-17,-32,-22,-37,-8,12,18,5,23,23,-33,-29,-2,7,sil
3.60685133934021,-13,-26,-20,-36,-2,6,11,9,20,11,-41,-40,-15,0,sil
3.622718811035156,-4,-26,-9,-50,-11,-9,-1,6,25,1,-38,-24,-8,0,sil
3.622718811035156,-2,-21,-12,-62,-20,-27,-14,-11,3,-17,-3,2,4,-8,sil
3.638355493545532,-2,14,-3,-14,7,-10,-12,-12,-32,-26,21,9,-1,-13,sil
3.638355493545532,-6,33,3,39,32,23,9,-4,-24,0,15,-8,-7,-8,sil
3.654368162155152,-8,5,2,28,10,29,20,5,18,30,7,-18,5,2,sil
3.654368162155152,0,-9,5,5,-8,5,2,6,41,26,15,0,19,11,sil
3.670414924621582,23,16,20,13,-3,-18,-16,-2,27,-2,30,31,21,7,sil
3.670414924621582,31,36,28,19,0,-27,-18,0,-8,-28,37,42,8,-5,sil
3.685365676879883,-2,16,3,27,1,-9,-3,-4,-43,-36,16,10,-17,-20,sil
3.685365676879883,-28,-11,-9,31,0,12,17,-6,-40,-13,-8,-12,-23,-15,sil
3.701488733291626,-2,-15,9,15,-8,5,26,1,4,26,8,14,14,15,sil
3.701488733291626,33,-3,24,3,-15,-24,-5,0,27,32,43,50,48,31,sil
3.717312812805176,37,17,30,8,-18,-38,-50,0,-4,-9,40,51,34,18,sil
3.717312812805176,22,30,19,27,-8,-15,-44,0,-30,-35,17,30,5,0,sil
3.732424736022949,15,11,10,34,4,18,-5,1,-17,-10,-4,5,-6,3,sil
3.732424736022949,13,-20,8,12,0,31,19,0,13,28,-21,-9,-4,15,sil
3.748411178588867,6,-30,-5,-23,-8,10,19,0,37,26,-22,-11,4,12,sil
3.748411178588867,0,-13,-13,-40,0,-14,-4,-1,10,-21,-17,-4,-1,-2,sil
3.7631561756134033,-5,7,-16,-21,7,-15,-19,-6,-29,-40,-7,-3,-15,-16,sil
3.7631561756134033,-11,15,-10,-1,7,0,-11,0,-25,-7,8,-8,-13,-8,sil
3.779246330261232,-14,12,-3,12,9,10,2,8,-3,9,5,-9,-14,0,sil
3.779246330261232,-15,7,-5,20,10,16,13,-5,-12,-2,-24,-24,-32,-10,sil
3.794713973999024,-18,0,-2,10,3,30,25,0,-17,1,-49,-39,-38,-14,sil
3.794713973999024,-22,-13,-14,-5,2,36,37,15,15,24,-40,-36,-16,-8,sil
3.8102927207946777,-19,-24,-27,-25,4,11,27,8,41,23,-24,-23,0,-7,sil
3.8102927207946777,-13,-22,-18,-52,-1,-14,4,0,30,3,-10,-5,15,-5,sil
3.826332330703736,-7,-8,-18,-54,-5,-22,-5,0,14,-8,11,14,29,0,sil
3.826332330703736,5,9,-5,-25,0,-23,-15,1,4,-14,27,27,22,3,sil
3.842016935348511,18,24,16,8,10,-14,-22,-4,-2,-7,39,25,13,7,sil
3.842016935348511,16,28,19,33,11,2,-12,-8,-10,-5,35,11,8,2,sil
3.857165098190308,3,23,11,42,13,19,12,-1,-18,-11,4,-8,-9,-1,sil
3.857165098190308,-13,2,-3,39,15,25,26,0,-14,3,-19,-32,-24,-2,sil
3.872591018676758,-24,-25,-9,16,-3,9,9,2,-9,18,-18,-35,-15,-1,sil
3.872591018676758,-22,-39,-17,-10,-26,-17,-12,-3,4,24,-5,-13,3,0,sil
3.888299226760864,-9,-29,-15,-27,-25,-30,-17,-6,20,23,-2,0,11,10,sil
3.888299226760864,10,-16,8,-27,-14,-26,-19,-1,12,1,-6,6,8,12,sil
3.9043993949890137,32,-5,14,-16,-9,-25,-19,-7,0,-18,6,25,9,4,sil
3.9043993949890137,41,11,19,-5,-7,-23,-15,-3,6,-11,26,43,18,9,sil
3.918527841567993,33,28,24,8,3,-9,-9,7,0,-2,31,40,15,10,sil
3.934124708175659,11,28,15,15,16,4,-5,0,-23,-10,17,21,-6,-10,sil
3.934124708175659,-8,19,9,13,8,15,0,-3,-34,-11,-9,-2,-28,-18,sil
3.949338912963867,-22,7,-3,19,-2,31,9,-1,-31,-4,-27,-24,-23,-12,sil
3.949338912963867,-27,-6,-8,15,0,40,17,7,-18,0,-27,-25,-10,-7,sil
3.965440511703491,-18,-17,-2,1,2,35,28,14,20,21,-16,-18,1,4,sil
3.965440511703491,3,-25,-2,-12,-6,22,31,8,54,43,-9,-11,13,22,sil
3.981076240539551,15,-22,0,-23,-12,8,14,9,48,24,-4,6,26,25,sil
3.981076240539551,14,-5,4,-19,-4,-13,-4,1,30,0,16,22,35,15,sil
3.996185779571533,17,6,5,-8,0,-34,-26,-9,0,-15,32,25,21,3,sil
3.996185779571533,12,11,-1,-7,1,-30,-29,-11,-30,-32,23,16,-1,-10,sil
4.016390562057495,0,22,-6,3,10,-14,-11,-8,-29,-37,13,2,-8,-24,sil
4.016390562057495,0,34,6,24,15,-11,-7,0,-21,-32,12,0,-13,-26,sil
4.016390562057495,-4,29,0,30,9,-10,-10,-5,-25,-27,-1,-5,-30,-26,sil
4.027188062667847,-20,8,-12,16,2,3,-1,-5,-20,-18,-28,-23,-40,-19,sil
4.043011903762817,-27,-9,-11,8,2,14,11,3,-8,2,-28,-29,-28,-10,sil
4.043011903762817,-23,-17,-13,7,3,11,21,2,1,23,-10,-28,-5,-1,sil
4.058330535888672,-16,-18,-10,1,0,15,23,2,11,32,-17,-21,3,13,sil
4.058330535888672,-9,-19,-10,-5,-4,17,17,1,19,27,-23,-10,6,17,sil
4.073811531066895,-2,-22,-3,-12,-6,4,11,2,20,22,-8,-5,9,15,sil
4.073811531066895,5,-15,8,-17,-5,0,9,10,34,29,4,2,19,21,sil
4.089386701583862,14,-6,3,-15,-4,-4,2,5,44,27,16,23,34,19,sil
4.089386701583862,23,5,3,-18,-6,-21,-21,0,16,-6,26,36,28,9,sil
4.1049864292144775,26,18,10,-11,-3,-24,-36,-9,-18,-33,32,32,9,0,sil
4.1049864292144775,23,21,11,0,0,-17,-34,-14,-28,-27,34,29,3,-9,sil
4.120022773742676,12,23,7,8,4,-7,-25,-7,-30,-14,35,23,0,-11,sil
4.120022773742676,0,22,0,27,14,17,-5,-2,-31,-4,19,2,-14,-4,sil
4.1361777782440186,-12,3,-1,32,12,32,14,7,-27,-1,-20,-21,-28,-3,sil
4.1361777782440186,-26,-19,-9,13,-8,21,28,5,-13,3,-47,-38,-30,-10,sil
4.151683807373047,-24,-24,-10,3,-11,17,35,2,0,18,-41,-32,-20,-4,sil
4.151683807373047,-6,-16,7,2,1,19,35,10,12,28,-33,-13,-2,14,sil
4.167415857315064,0,-14,-1,-12,-4,-1,21,1,18,16,-36,-14,3,10,sil
4.167415857315064,0,-8,-2,-23,-11,-15,-4,-2,13,-6,-19,-11,9,4,sil
4.18268084526062,9,-1,10,-16,0,-8,-14,3,19,-3,15,13,23,13,sil
4.18268084526062,14,-4,6,-18,-2,-13,-13,3,26,0,13,13,15,10,sil
4.198032140731812,14,-3,-1,-25,-5,-20,-15,2,14,-13,-6,0,2,-3,sil
4.198032140731812,16,9,1,-9,8,-10,-9,2,10,-9,16,9,15,-4,sil
4.214060068130493,8,9,3,-4,5,-9,-3,3,4,0,34,19,15,-3,sil
4.214060068130493,-5,-3,-4,-18,-10,-23,-14,-3,-19,-18,17,7,-5,-18,sil
4.229324579238892,-10,-7,-16,-26,-12,-29,-30,-17,-33,-38,5,0,-10,-29,sil
4.229324579238892,-10,6,-10,-13,-7,-15,-23,-6,-22,-29,6,4,-5,-23,sil
4.245348215103149,-9,24,-1,18,7,12,0,1,-3,-1,17,7,0,-6,sil
4.245348215103149,3,38,23,50,24,25,3,1,3,16,29,14,5,14,sil
4.260434150695801,16,38,32,66,21,15,0,-1,-2,10,23,17,-3,14,sil
4.260434150695801,3,15,4,53,7,12,4,-6,-12,0,-4,-3,-22,-1,sil
4.276624917984009,-24,-13,-10,15,1,28,12,-1,-17,4,-27,-30,-30,-6,sil
4.276624917984009,-31,-20,-11,4,4,34,28,-2,-13,17,-30,-34,-20,-5,sil
4.292020797729492,-15,-17,-10,9,1,21,41,0,2,20,-32,-24,-6,3,sil
4.292020797729492,-6,-23,-4,-10,-6,8,24,7,20,18,-30,-16,2,17,sil
4.308061122894287,-1,-28,-2,-28,-11,-1,-3,0,27,18,-12,-2,14,14,sil
4.308061122894287,4,-22,-2,-24,-10,-9,-9,5,33,20,1,7,25,11,sil
4.323097229003906,3,-23,-15,-30,-9,-17,-2,9,39,21,0,2,22,9,sil
4.323097229003906,11,-10,-12,-36,-8,-27,-6,1,19,-4,0,8,12,1,sil
4.338235378265381,27,17,8,-14,-5,-25,-11,-4,-13,-34,18,30,8,-2,sil
4.338235378265381,17,21,4,0,-2,-20,-10,-4,-32,-32,27,21,3,-9,sil
4.353802442550659,1,17,0,-2,4,-12,-9,1,-34,-22,13,7,-6,-16,sil
4.369141817092896,10,33,15,16,17,3,-6,6,-8,-19,13,15,-3,-4,sil
4.370142698287964,24,38,26,42,21,13,-4,3,1,-10,20,20,0,11,sil
4.370142698287964,7,17,16,35,9,15,5,-2,-18,3,3,1,-9,8,sil
4.384379148483276,-16,-10,-11,6,0,19,20,-10,-13,15,-22,-23,-13,-1,sil
4.399986505508423,-13,-30,-10,-19,-9,11,14,-2,14,16,-26,-25,-4,1,sil
4.399986505508423,-2,-27,-2,-17,-12,0,7,0,22,19,-8,-9,5,8,sil
4.415022611618042,-11,-16,-9,-3,-10,6,10,-4,13,22,-8,-13,1,6,sil
4.415022611618042,-13,-19,-6,-13,-9,6,3,4,9,12,-19,-26,-4,4,sil
4.415022611618042,2,-21,-1,-35,-12,-14,-15,5,15,-3,-3,-5,9,4,sil
4.431085109710693,6,-3,-8,-38,-11,-31,-37,0,9,-19,18,19,20,-6,sil
4.447535276412964,-3,18,-8,-12,-2,-34,-41,-6,-21,-32,20,13,2,-24,sil
4.447535276412964,-3,28,11,11,6,-19,-24,0,-41,-32,17,6,-14,-27,sil
4.447535276412964,-2,25,7,22,15,8,1,-3,-27,-16,14,5,-8,-17,sil
4.463229417800903,-9,15,-9,30,20,21,9,-10,-6,-1,1,-1,-6,-10,goodbye
4.463229417800903,-7,14,14,29,19,22,6,9,0,9,-1,2,-9,3,goodbye
4.479423522949219,0,7,10,26,15,25,21,12,18,32,6,5,0,10,goodbye
4.479423522949219,1,-8,-9,15,2,19,37,2,24,31,-8,-8,0,7,goodbye
4.4953293800354,-2,-15,10,-3,-14,9,28,9,4,6,-34,-9,-17,3,goodbye
4.4953293800354,-13,-22,-1,-10,-17,8,16,-6,-7,0,-27,-11,-18,0,goodbye
4.5103795528411865,-10,-28,-16,-5,-5,7,10,-17,-4,1,-16,-15,-6,6,goodbye
4.527003049850464,6,-10,2,0,3,0,5,0,3,0,-10,-4,6,17,goodbye
4.527003049850464,10,-5,0,-8,-3,-19,-7,3,19,3,2,3,23,13,goodbye
4.527003049850464,6,-17,-4,-32,-18,-38,-32,3,17,-2,9,9,30,14,goodbye
4.542093753814697,15,-2,-1,-35,-8,-33,-34,1,-1,-15,14,23,26,12,goodbye
4.558273077011108,27,19,4,-13,12,-20,-17,-4,-12,-19,21,25,16,0,goodbye
4.558273077011108,23,26,13,1,8,-15,-12,0,-5,-17,27,11,0,-9,goodbye
4.558273077011108,3,23,3,8,-4,-13,-14,2,-3,-16,21,1,-13,-20,goodbye
4.57334041595459,-13,25,-1,14,-2,1,-1,0,-13,-9,12,1,-12,-22,goodbye
4.5899622440338135,-9,27,7,30,12,18,9,-4,-13,-1,11,1,-8,-8,goodbye
4.5899622440338135,-1,15,9,36,16,20,10,0,-17,-3,-2,-14,-22,-5,goodbye
4.5899622440338135,-10,-5,-1,22,7,28,20,2,-15,7,-25,-26,-23,-9,goodbye
4.604004621505737,-15,-16,-9,14,0,38,31,1,12,36,-15,-13,0,4,goodbye
4.619614839553833,-5,-15,0,15,0,28,25,10,27,43,0,0,9,24,goodbye
4.619614839553833,-2,-18,-2,9,1,18,19,6,20,40,-11,-7,4,20,goodbye
4.635435104370117,-8,-27,-13,-13,-2,13,12,-3,19,34,-21,-19,6,14,goodbye
4.635435104370117,-11,-29,-11,-34,-14,-6,-7,-6,15,1,-17,-12,3,8,goodbye
4.652198314666748,-3,-19,-8,-38,-13,-18,-20,-6,2,-23,-10,1,0,-1,goodbye
4.652198314666748,12,-7,0,-33,-3,-8,-10,6,7,-12,-2,17,12,0,goodbye
4.652198314666748,16,-3,0,-27,-5,-12,0,10,23,0,10,26,26,9,goodbye
4.666242837905884,13,1,3,-20,-10,-31,-11,0,8,-11,16,22,21,0,goodbye
4.682248115539551,11,15,9,-16,-3,-31,-29,-4,-14,-24,13,12,3,-17,goodbye
4.682248115539551,3,21,-2,-2,0,-23,-25,-6,-18,-31,10,3,-7,-20,goodbye
4.69830060005188,-1,23,1,18,-2,-22,-19,-1,-33,-44,4,1,-16,-15,goodbye
4.69830060005188,0,25,7,27,1,-10,-21,-6,-46,-37,7,-2,-15,-19,goodbye
4.714342832565308,-4,22,1,18,14,7,-12,-9,-28,-12,11,-5,-11,-19,goodbye
4.714342832565308,-12,13,5,16,24,19,1,0,-11,-6,1,-3,-19,-9,goodbye
4.729956865310669,-10,0,-1,25,18,22,11,-5,-15,-9,-7,-9,-26,-5,goodbye
4.729956865310669,-4,-4,-2,20,0,17,17,-3,-15,0,-6,-15,-24,-1,goodbye
4.729956865310669,-9,-6,-2,7,-7,12,26,5,2,22,-11,-11,-11,7,goodbye
4.74648904800415,-13,-19,-12,-3,-5,12,23,8,15,34,-18,-8,3,14,goodbye
4.761869192123413,2,-20,0,-6,-4,14,26,15,21,33,-11,-3,13,27,goodbye
4.761869192123413,19,-7,15,2,2,16,38,11,39,41,-3,0,23,36,goodbye
4.777180433273315,13,-12,9,-8,5,2,17,4,44,37,-3,2,31,26,goodbye
4.777180433273315,0,-17,-4,-31,-8,-18,-19,-1,17,2,5,9,23,0,goodbye
4.792952537536621,-3,3,-6,-20,-10,-25,-33,-10,-14,-24,21,12,5,-18,goodbye
4.793954133987427,0,31,7,10,10,-9,-27,-9,-30,-22,17,5,-6,-17,goodbye
4.793954133987427,4,34,11,35,19,8,-6,-2,-19,-6,6,1,-7,-6,goodbye
4.808002233505249,1,8,6,25,0,15,18,5,3,12,0,0,-3,4,goodbye
4.824090480804443,-7,-19,-6,-9,-13,4,19,4,17,20,-12,-16,-5,4,goodbye
4.824090480804443,-6,-24,-16,-24,-9,-16,-5,-3,19,1,-23,-21,-2,-4,goodbye
4.839227437973023,6,-7,-3,-20,-7,-21,-22,-1,13,-8,0,8,9,-1,goodbye
4.839227437973023,8,5,1,-17,-1,-8,-16,-3,3,-4,29,26,14,1,goodbye
4.854819059371948,-3,3,0,0,2,3,0,-2,-8,-18,12,5,0,-5,goodbye
4.854819059371948,-9,-4,3,27,0,16,17,4,-13,-13,-18,-14,-15,-3,goodbye
4.870391607284546,-10,-14,1,31,7,31,30,3,-3,24,-25,-20,-20,8,goodbye
4.870391607284546,-5,-19,-2,18,13,32,30,6,27,44,-16,-11,0,16,goodbye
4.886042833328247,9,-14,-1,-4,-9,10,17,9,51,29,4,18,33,22,goodbye
4.886042833328247,18,0,2,-31,-21,-14,-11,3,27,0,20,37,29,19,goodbye
4.901762008666992,10,9,-11,-25,0,-20,-29,-12,-7,-27,14,16,3,-6,goodbye
4.901762008666992,5,11,-2,-14,2,-21,-30,-8,-25,-46,-3,1,-10,-30,goodbye
4.917075395584106,3,11,13,-28,-14,-24,-31,4,-33,-45,-1,11,-11,-28,goodbye
4.917075395584106,-1,8,-31,-15,-3,-31,-23,-18,-21,-12,27,8,1,-19,goodbye
4.932248830795288,0,11,-25,7,11,-29,-16,-18,-19,-3,27,-2,0,-9,goodbye
4.932248830795288,-1,18,27,11,4,-7,-14,5,-39,-22,-2,-5,-24,-6,goodbye
4.948010206222534,-8,17,19,19,0,4,-12,-1,-44,-23,-18,-15,-30,-14,goodbye
4.948010206222534,-7,15,12,27,3,7,-8,-1,-29,-8,-17,-19,-17,-1,goodbye
4.963224172592163,-5,6,6,24,7,16,8,2,-9,1,-6,-16,-8,6,goodbye
4.963224172592163,-10,-6,-5,9,5,17,18,1,-5,1,-6,-17,-5,0,goodbye
4.979332685470581,-7,-5,3,7,4,16,14,8,-5,9,-13,-10,-4,0,goodbye
4.979332685470581,0,-4,5,20,9,23,26,3,12,29,-1,-5,2,7,goodbye
4.995414972305298,0,-6,9,14,7,27,38,6,31,29,7,0,8,8,goodbye
4.995414972305298,-5,-5,-6,-2,5,27,38,10,39,29,5,-1,12,3,goodbye
5.0112693309783936,-6,-13,-19,-13,4,17,27,6,34,33,-2,-5,6,4,goodbye
5.0112693309783936,1,-14,0,-13,0,2,11,5,20,12,-11,-2,3,14,goodbye
5.027372360229492,3,-9,0,-7,-4,-8,-1,-6,18,0,-10,5,10,18,goodbye
5.027372360229492,0,-14,0,-18,-10,-11,-10,-4,8,1,-7,15,12,17,goodbye
5.042043685913086,0,-19,3,-26,-20,-11,-6,0,-9,-8,-14,11,6,6,goodbye
5.042043685913086,1,-16,-11,-16,-24,-17,-6,-7,-7,-15,-19,-5,1,-5,goodbye
5.057331800460815,8,-6,-4,-11,-12,-15,-9,-1,11,-5,1,1,7,2,goodbye
5.057331800460815,17,6,13,-10,4,-8,-6,2,24,5,27,19,22,9,goodbye
5.072883367538452,13,16,11,-4,4,-15,-19,5,21,8,26,14,23,0,goodbye
5.072883367538452,5,17,0,6,3,-18,-32,5,14,6,16,12,9,-1,goodbye
5.088541507720947,7,16,-4,7,14,-8,-23,-4,-4,-8,19,17,-5,2,goodbye
5.088541507720947,-1,9,-5,-4,3,-4,-11,-4,-27,-23,14,2,-18,-8,goodbye
5.104130268096924,-18,6,-11,-1,-8,-4,-1,0,-25,-13,2,-14,-21,-25,goodbye
5.104130268096924,-8,10,0,24,2,6,9,-3,-15,-1,-2,-11,-22,-20,goodbye
5.119418621063232,1,6,4,33,11,20,12,-8,-18,-7,-6,-9,-20,-13,goodbye
5.119418621063232,-11,-9,-4,14,6,24,21,0,-16,-4,-12,-16,-12,-13,goodbye
5.135010242462158,-15,-15,-3,2,7,21,31,12,1,16,-15,-11,-5,2,goodbye
5.135010242462158,5,-6,0,9,8,9,24,5,24,30,-7,3,6,24,goodbye
5.1502180099487305,22,0,5,3,-1,-4,1,4,26,17,0,21,18,24,goodbye
5.1502180099487305,15,1,8,-4,-5,-13,-18,6,13,0,11,22,15,5,goodbye
5.166320562362671,0,6,1,-2,-1,-18,-27,-8,-7,-13,10,10,9,-5,goodbye
5.166320562362671,-4,8,-2,-7,-9,-25,-30,-16,-32,-30,0,5,4,-7,goodbye
5.181514739990234,0,6,0,-16,-21,-24,-25,-12,-42,-43,3,0,-4,-10,goodbye
5.181514739990234,5,10,10,-8,-11,-6,-19,-3,-34,-38,9,-6,-9,-11,goodbye
5.1971189975738525,-4,10,2,8,3,6,-8,-6,-23,-14,1,-16,-4,-13,goodbye
5.1971189975738525,-17,1,-4,11,2,4,-1,-9,-18,2,-5,-20,-7,-15,goodbye
5.213025093078613,-13,5,9,9,5,11,4,5,-9,1,-1,-13,-6,-1,goodbye
5.213025093078613,-7,7,4,16,16,27,13,5,3,4,-4,-9,0,2,goodbye
5.229032754898071,-3,-2,-3,11,8,28,17,3,7,17,-12,-11,-7,1,goodbye
5.229032754898071,1,-11,1,1,0,22,26,12,15,25,-9,-5,-9,10,goodbye
6.681124448776245,9,22,1,14,3,2,-11,-5,-14,-15,12,7,-6,-9,goodbye
6.681124448776245,16,22,4,28,16,10,3,-8,-11,0,19,15,6,-4,goodbye
6.697178363800049,12,26,11,29,16,10,2,-4,-18,8,10,14,-3,1,goodbye
6.697178363800049,0,15,-4,29,16,12,6,-9,-19,5,-4,-10,-20,0,goodbye
6.712601900100708,-5,2,13,22,14,16,14,3,-15,-9,-16,-21,-24,-1,goodbye
6.712601900100708,-11,-9,-1,19,8,23,21,7,-8,-10,-22,-25,-19,-2,goodbye
6.728685855865479,-22,-24,-34,4,2,24,29,4,-3,0,-25,-31,-17,-3,goodbye
6.728685855865479,-23,-28,-16,-21,-1,11,27,5,4,5,-27,-26,-10,0,goodbye
6.744529724121094,-13,-27,-7,-36,-11,-13,6,-4,2,0,-32,-26,-1,-2,goodbye
6.744529724121094,-5,-24,-13,-41,-21,-27,-14,0,-3,-2,-25,-19,5,-3,goodbye
6.75999927520752,-7,-16,-11,-33,-16,-20,-8,7,10,9,-2,1,19,8,goodbye
6.75999927520752,0,-10,-4,-26,-8,-16,-2,1,25,10,8,17,32,11,goodbye
6.77607536315918,12,-3,3,-23,-11,-19,-16,4,18,4,20,24,33,7,goodbye
6.77607536315918,11,3,4,-9,-15,-25,-24,3,5,10,43,28,31,4,goodbye
6.792056560516357,6,14,5,0,-8,-23,-18,-7,-5,1,38,20,19,0,goodbye
6.792056560516357,8,20,16,-2,-4,-9,-13,-8,-17,-24,15,6,-4,-5,goodbye
6.807990312576294,4,18,16,7,-5,1,-9,-3,-22,-28,17,2,-20,-10,goodbye
6.807990312576294,2,25,3,26,1,3,-7,-2,-16,-16,24,7,-11,-11,goodbye
6.823349714279175,18,37,21,41,15,4,-9,3,-1,0,20,16,0,1,goodbye
6.823349714279175,25,28,41,48,21,16,0,9,0,13,16,21,0,16,goodbye
6.838872671127319,7,1,11,37,15,25,15,-4,-7,18,1,8,-7,12,goodbye
6.838872671127319,0,-7,-2,19,10,21,15,-7,-5,15,-15,0,-14,12,goodbye
6.854781627655029,6,-4,4,14,5,18,10,8,9,14,-14,0,-9,15,goodbye
6.854781627655029,-7,-17,-12,6,0,14,11,0,19,18,-12,-9,0,1,goodbye
6.870021343231201,-24,-21,-11,-9,0,14,7,-1,8,4,-26,-20,-8,-4,goodbye
6.870021343231201,-15,-3,0,-1,7,25,14,4,11,-4,-34,-20,-16,1,goodbye
6.886188745498657,-7,0,-18,-1,5,20,31,0,32,9,-25,-26,-2,-3,goodbye
6.886188745498657,-11,-13,-20,-29,0,0,26,0,29,19,-14,-21,6,-8,goodbye
6.901526689529419,-8,-12,-6,-31,0,-12,5,3,7,1,-9,-8,9,-7,goodbye
6.901526689529419,-4,-12,-13,-21,0,-14,0,0,2,-11,-9,-1,5,-6,goodbye
6.917174339294434,-3,-23,-20,-38,-10,-15,13,1,9,-4,-11,4,0,0,goodbye
6.917174339294434,3,-19,-5,-43,-15,-18,3,0,4,-2,-5,9,6,2,goodbye
6.9323554039001465,2,-4,-4,-18,-11,-25,-30,-5,-15,-18,1,-1,6,-9,goodbye
6.9323554039001465,-6,3,-14,-3,-12,-25,-43,-9,-35,-37,-3,-19,-15,-26,goodbye
6.948412179946899,-1,5,-13,-2,-13,-13,-27,-2,-32,-37,-7,-10,-18,-21,goodbye
6.948412179946899,12,3,-3,0,-6,-11,-16,0,-18,-16,14,15,7,-4,goodbye
6.964065790176392,15,9,18,8,1,-9,-20,-1,-20,-4,31,28,9,2,goodbye
6.964065790176392,11,26,25,25,11,7,-13,-3,-25,-6,20,20,-1,0,goodbye
6.979150533676148,3,23,10,34,9,4,-1,-1,-9,-1,14,9,6,0,goodbye
6.979150533676148,-8,8,14,11,0,-5,-3,5,4,13,27,11,9,4,goodbye
6.99455714225769,-9,12,12,5,7,11,-6,2,5,18,29,5,0,7,goodbye
6.99455714225769,2,15,9,30,15,18,3,-5,6,13,15,-6,-4,5,goodbye
7.010334730148315,1,2,13,24,-2,6,15,3,10,13,1,-5,-2,4,goodbye
7.010334730148315,-8,-12,3,0,-13,15,19,2,9,21,-5,-2,-5,7,goodbye
7.026369333267212,-3,-15,-2,2,1,24,16,-1,4,18,-10,-9,-3,12,goodbye
7.026369333267212,11,-8,-5,15,7,9,19,-1,16,24,-3,-6,12,20,goodbye
7.042324781417847,7,-12,1,-1,-8,0,21,5,29,24,-12,0,16,22,goodbye
7.042324781417847,-5,-16,5,-23,-8,6,15,10,23,1,-31,-1,1,13,goodbye
7.057256460189819,3,-5,-15,-11,6,-3,1,-6,9,-8,-7,1,4,2,goodbye
7.057256460189819,22,12,1,0,8,-18,-14,0,-13,-16,20,19,11,0,goodbye
7.073276996612549,11,26,17,9,4,-4,-16,15,-21,-27,9,13,-1,-7,goodbye
7.073276996612549,-5,17,-12,18,13,11,3,-1,-7,-11,-4,-12,-11,-14,goodbye
7.089321136474609,-7,-7,-7,2,11,10,21,-3,-7,4,-15,-17,-16,-6,goodbye
7.089321136474609,-14,-25,-9,-19,-5,-4,21,-1,-2,0,-27,-14,-12,-4,goodbye
7.104903221130371,-12,-20,-20,-28,-9,-19,0,-8,13,0,-16,-8,6,-5,goodbye
7.104903221130371,3,0,7,-28,-5,-17,-19,-1,4,-4,8,10,9,-6,goodbye
7.120201349258423,0,9,-2,-17,-6,-15,-23,-7,-16,-16,14,8,-7,-24,goodbye
7.120201349258423,-13,6,-20,-7,-2,-8,-18,-9,-23,-21,0,-5,-15,-28,goodbye
7.135351181030273,-10,0,12,0,2,17,0,11,-8,-6,-16,-6,-5,0,goodbye
7.135351181030273,-9,-14,7,0,-5,15,12,9,16,11,-16,-13,4,12,goodbye
7.151582956314087,-10,-19,-20,-15,-14,-15,-16,-10,15,1,-3,-10,7,-5,goodbye
7.151582956314087,2,3,2,-14,-5,-21,-44,-9,-3,-20,17,14,6,-14,goodbye
7.166298151016235,15,25,22,15,12,-4,-16,3,-9,-15,27,26,7,-4,goodbye
7.166298151016235,15,20,12,35,16,11,21,3,-1,10,19,11,8,8,goodbye
7.181338787078857,5,8,9,32,3,20,18,1,-2,10,2,-4,-4,10,goodbye
7.19649600982666,0,3,0,27,-4,14,4,0,-7,0,-9,-10,-13,4,goodbye
7.19649600982666,7,-1,3,17,0,6,14,0,0,11,-4,0,0,16,goodbye
7.213153600692749,14,-1,9,2,2,6,21,6,23,32,8,13,16,35,goodbye
7.213153600692749,5,0,-2,1,-5,3,8,6,33,33,5,8,9,23,goodbye
7.213153600692749,0,-12,-2,-3,-8,0,0,3,13,19,-11,-2,-9,6,goodbye
7.2282209396362305,3,-19,-11,-18,-1,0,11,-1,8,11,-11,-6,-8,6,goodbye
7.2436559200286865,2,-14,-19,-25,-2,-12,4,-8,13,-7,-3,-4,-1,-2,goodbye
7.2436559200286865,-4,0,17,-21,-5,-12,-26,6,-5,-33,-2,7,-9,-13,goodbye
7.259568452835083,-7,11,5,-7,1,0,-18,4,-14,-21,8,7,-7,-15,goodbye
7.259568452835083,-5,7,-20,-1,1,-8,3,-9,-14,-5,19,-6,-5,-11,goodbye
7.274431943893433,-2,11,12,5,-1,-11,-2,0,-28,-19,12,0,-15,-6,goodbye
7.274431943893433,-1,15,11,20,9,8,0,0,-27,-12,8,6,-9,-12,goodbye
7.29045295715332,-6,4,-5,14,19,14,12,-6,-15,3,2,-4,0,-15,goodbye
7.29045295715332,-16,-4,-2,9,8,8,5,0,-4,11,-7,-20,-3,-5,goodbye
7.306617259979248,-23,-15,-13,10,0,2,1,-2,1,18,-15,-29,-1,-3,goodbye
7.306617259979248,-24,-20,-15,-13,-3,-1,5,-1,-7,5,-28,-24,-1,-8,goodbye
7.322131633758545,-20,-18,-16,-24,-14,0,6,0,-5,-8,-37,-17,3,-5,goodbye
7.322131633758545,-1,-13,-7,-13,-17,0,4,1,17,1,-23,-5,38,8,goodbye
7.339288949966431,22,-1,15,-6,-6,-4,-1,8,28,11,8,20,64,21,goodbye
7.339288949966431,27,6,7,-3,0,-7,-13,0,19,-4,17,31,33,16,goodbye
7.339288949966431,23,9,12,-12,-1,-1,-13,1,12,-9,5,27,-6,14,goodbye
7.354187488555908,28,11,28,-12,2,-1,-2,7,17,12,15,23,1,17,goodbye
7.354187488555908,22,8,1,5,2,-9,-6,-8,13,5,24,17,12,0,goodbye
7.369616031646728,12,10,-3,9,0,-7,-19,-12,-4,-24,13,16,-9,-12,goodbye
7.385443687438965,14,21,24,7,3,-4,-13,-1,-18,-16,19,17,-22,-1,goodbye
7.385443687438965,10,22,9,23,10,-5,-1,-2,-22,-1,25,0,-16,-1,goodbye
7.401028633117676,-8,7,-16,24,15,4,1,-4,-17,-11,5,-18,-14,-17,goodbye
7.401028633117676,-25,0,-8,7,15,12,5,3,-12,-14,-8,-22,-22,-22,goodbye
7.416157722473144,-25,0,-2,11,7,11,11,8,-13,-3,-7,-21,-33,-15,goodbye
7.416157722473144,-18,-3,-5,21,4,17,17,5,-1,6,-12,-15,-25,-3,goodbye
7.431530237197876,-16,-10,-9,7,4,24,22,7,12,15,-23,-8,-8,7,sil
7.431530237197876,-11,-15,-12,-6,-4,20,20,7,9,16,-29,-13,-8,11,sil
7.447151184082031,-8,-15,-5,-11,-14,1,11,3,3,11,-26,-13,-13,7,sil
7.447151184082031,-9,-16,-7,-20,-19,-12,7,-2,3,9,-17,-7,-4,3,sil
7.462160110473633,-1,-18,-6,-23,-18,-10,0,-5,12,19,-5,0,16,12,sil
7.462160110473633,8,-15,9,-13,-11,-12,-12,3,24,24,12,15,25,25,sil
7.477428197860718,10,-5,6,0,-7,-23,-20,1,24,9,20,16,23,14,sil
7.477428197860718,12,6,1,-2,-3,-23,-17,-7,12,-5,14,11,17,-1,sil
7.493020534515381,14,11,3,-14,3,-17,-20,-4,1,-5,18,17,18,-1,sil
7.493020534515381,10,4,2,-12,3,-19,-31,-5,-14,-10,26,21,15,-3,sil
7.509130001068115,12,14,11,3,0,-14,-29,-4,-27,-19,24,20,8,-7,sil
7.509130001068115,16,32,17,21,9,0,-10,-6,-17,-13,21,20,10,-7,sil
7.524616241455078,8,24,9,23,13,10,0,-7,-17,-15,8,7,0,-12,sil
7.524616241455078,-5,2,-3,8,5,22,7,1,-27,-23,-19,-22,-24,-19,sil
7.540191173553467,-15,-10,-16,-6,1,32,28,2,-16,-16,-41,-44,-32,-23,sil
7.540191173553467,-12,-8,-10,-6,7,25,43,3,-3,-9,-33,-32,-19,-13,sil
7.555437803268433,-8,-3,-2,4,10,14,37,3,-6,0,-17,-13,-6,-1,sil
7.555437803268433,-13,-11,1,0,0,7,14,2,-6,12,-15,-12,0,5,sil
7.570990562438965,-14,-16,-15,-4,-10,7,2,-2,5,19,-13,-15,7,4,sil
7.570990562438965,-7,-12,-24,-2,-8,0,10,-5,14,18,-5,-12,8,5,sil
7.586703777313232,-6,-14,13,-12,-4,-1,11,13,16,13,-5,-1,4,13,sil
7.586703777313232,-7,-17,6,-15,-10,0,0,21,36,17,1,3,9,18,sil
7.602260589599609,0,-16,-20,-9,-17,-12,-10,1,37,14,12,7,13,15,sil
7.602260589599609,14,-2,10,-7,-9,-18,-16,0,16,1,15,23,10,14,sil
7.617495536804199,25,8,9,6,8,-14,-11,-2,23,10,31,27,16,9,sil
7.617495536804199,19,10,-1,8,12,-26,-24,-5,17,9,31,22,11,0,sil
7.632505416870117,6,18,20,8,6,-20,-32,3,-11,-10,20,25,0,-7,sil
7.632505416870117,7,31,7,26,11,-2,-14,-7,-12,-16,27,17,-1,-9,sil
7.648040056228638,10,38,5,17,13,-1,-11,-5,-13,-21,12,2,-13,-7,sil
7.648040056228638,0,32,24,0,7,8,-12,7,-22,-19,-11,1,-20,-5,sil
7.664087295532227,0,22,8,17,12,22,8,0,-11,0,2,5,-2,-2,sil
7.664087295532227,3,14,2,22,11,10,5,-7,-12,-2,8,1,0,-2,sil
7.67926812171936,-10,0,10,0,-1,0,-17,-5,-35,-19,-21,-15,-22,-12,sil
7.67926812171936,-23,-13,-3,-11,-6,3,-3,-4,-41,-12,-37,-31,-30,-10,sil
7.695306301116943,-14,-18,-12,-6,-5,7,18,-4,-31,-3,-27,-21,-16,3,sil
7.695306301116943,-9,-29,-9,-5,-10,10,21,0,-10,1,-26,-13,-5,3,sil
7.710447549819946,-15,-41,-25,-16,-11,14,24,-1,15,15,-29,-24,-1,-7,sil
7.710447549819946,-14,-38,-25,-24,-8,2,23,0,25,16,-20,-22,4,-5,sil
7.726539373397827,-8,-26,-10,-17,-8,-8,14,10,26,10,-8,-3,12,5,sil
7.726539373397827,2,-20,-14,-7,-8,-8,5,6,33,20,5,2,17,9,sil
7.742608547210693,12,-13,-4,-12,-7,-4,-2,1,25,16,13,8,15,8,sil
7.742608547210693,11,-3,7,-11,-4,-5,-9,-2,5,-3,11,14,15,3,sil
7.758551359176636,10,-1,5,-6,-6,-18,-12,-10,-6,-12,15,11,14,-1,sil
7.758551359176636,24,9,16,-3,-6,-22,-13,2,-7,-14,29,20,12,0,sil
7.774072885513306,32,37,17,11,3,-4,-6,9,2,-11,43,30,18,5,sil
7.774072885513306,19,43,14,19,8,0,-7,-1,2,-9,40,25,18,9,sil
7.790230274200439,5,28,12,16,9,5,-7,2,0,-2,20,14,2,11,sil
7.790230274200439,-1,23,-3,27,16,18,8,3,4,6,-3,-2,-10,0,sil
7.80527663230896,-11,23,1,31,12,19,11,0,-4,2,-22,-23,-25,-11,sil
7.80527663230896,-24,13,5,27,7,24,18,-1,-4,12,-22,-31,-28,-4,sil
7.81977391242981,-23,-6,-12,17,12,29,34,3,19,41,-18,-25,-10,8,sil
7.835308790206909,-16,-23,-2,-15,0,5,13,13,18,29,-28,-9,0,5,sil
7.835308790206909,-20,-25,-20,-30,-15,-18,-16,-2,5,-1,-25,-5,-4,-11,sil
7.850440263748169,-15,-22,-33,-26,-7,-17,-15,-12,6,-11,-12,-9,-4,-15,sil
7.850440263748169,3,-19,28,-36,-1,-9,-12,11,-5,-15,-9,5,-4,-3,sil
7.86619234085083,11,-10,30,-25,-5,-10,-19,3,-22,-17,0,16,-1,-4,sil
7.86619234085083,9,1,-26,1,-4,-15,-26,-23,-22,-20,17,12,6,-8,sil
7.86619234085083,14,7,-3,2,-2,-16,-25,-12,-18,-27,19,18,9,4,sil
7.881734132766724,20,10,22,2,1,-11,-10,1,-26,-18,18,24,4,10,sil
7.897128582000732,18,17,5,18,12,-1,0,-1,-35,-7,16,15,-6,2,sil
7.897128582000732,10,22,7,26,11,6,-2,-3,-19,-13,4,1,-13,-4,sil
7.912707805633545,0,16,4,25,3,9,6,-2,6,-11,-1,-9,-6,-8,sil
7.912707805633545,-9,0,-2,18,0,13,21,3,8,7,-5,-16,1,-2,sil
7.928343534469604,-15,-16,2,2,-1,23,21,8,4,18,-11,-17,4,10,sil
7.928343534469604,-12,-25,-8,-10,-7,20,15,5,22,21,-14,-16,6,11,sil
7.943396806716919,-13,-27,-17,-20,-12,-7,11,-1,29,24,-16,-12,4,2,sil
7.943396806716919,-20,-26,-16,-29,-14,-21,10,-2,19,19,-16,-14,5,0,sil
7.959090709686279,-6,-17,-16,-33,-14,-10,7,0,22,3,0,-7,16,0,sil
7.959090709686279,16,2,-2,-28,-6,-14,-1,3,33,-3,20,19,24,4,sil
7.9747374057769775,16,21,3,-3,3,-20,-10,0,21,1,20,23,8,-1,sil
7.9747374057769775,6,26,10,20,13,0,-13,3,-2,4,9,1,-9,-9,sil
7.990785598754883,6,23,6,29,17,17,-7,2,-6,8,13,-2,-6,-9,sil
7.990785598754883,0,13,0,18,8,10,-5,-2,-17,2,5,-1,-4,-7,sil
8.006419897079468,-11,8,15,6,2,15,0,6,-36,-6,-15,-6,-13,-1,sil
8.006419897079468,-19,-1,-28,17,14,27,28,-10,-7,15,-6,-21,-5,-3,sil
8.022024393081665,-11,-23,-35,0,9,10,21,-19,13,16,-6,-24,-10,-1,sil
8.022024393081665,3,-20,47,-31,-15,-1,-10,20,-5,-16,-28,6,-21,15,sil
8.043321371078491,8,-6,7,-14,-19,-11,-11,7,0,-11,-6,26,5,18,sil
8.043321371078491,10,-3,-13,-11,-9,-30,-24,-5,-15,-19,16,25,10,3,sil
8.043321371078491,10,16,45,-10,0,-8,-28,15,-45,-39,11,27,-14,-3,sil
8.05438756942749,0,17,-19,34,10,18,8,-18,-16,-5,12,0,-11,-18,sil
8.06928038597107,-12,-8,-18,23,4,9,5,-8,-5,0,-11,-20,-19,-10,sil
8.06928038597107,-8,-11,33,-1,-6,15,1,24,0,-4,-32,-14,-19,9,sil
8.084496259689331,6,-12,-31,22,-3,13,35,-12,46,30,0,-11,21,12,sil
8.084496259689331,22,-6,31,0,0,-9,12,10,36,13,18,24,36,22,sil
8.100109338760376,17,21,98,-17,4,-8,-16,41,5,-14,22,57,27,26,sil
8.100109338760376,12,25,-36,29,5,-13,3,-24,22,15,39,20,33,0,sil
8.116111755371094,21,13,-52,31,0,-35,-4,-37,7,3,30,-2,17,-9,sil
8.116111755371094,14,22,36,0,0,-24,-27,3,-22,-34,7,8,-10,-5,sil
8.130994081497192,-11,19,-5,11,3,1,-6,-4,-13,-14,-2,-3,-14,-12,sil
8.130994081497192,-24,-9,-35,15,0,12,13,-13,-4,13,-21,-25,-12,-5,sil
8.146383047103882,-16,-29,-7,-15,-11,9,13,2,-2,11,-30,-25,-6,3,sil
8.146383047103882,-11,-26,-15,-36,-19,-4,6,3,3,6,-15,-19,2,-3,sil
8.162324666976929,-10,-7,-11,-24,-15,-12,-10,2,-7,5,-2,-8,4,-12,sil
8.162324666976929,0,8,4,-8,0,0,-22,4,-17,0,10,6,5,-10,sil
8.177335739135742,15,9,1,-11,8,2,-13,2,-7,-3,19,11,5,-3,sil
8.177335739135742,6,2,-2,-20,10,3,0,5,-7,-4,0,-4,-9,-1,sil
8.192785739898682,-20,-6,-17,-18,10,22,8,0,-7,2,-26,-35,-24,-11,sil
8.192785739898682,-36,-17,-21,-14,14,33,20,-6,3,13,-43,-47,-26,-17,sil
8.208400011062622,-25,-20,-8,-30,16,23,23,3,20,18,-46,-33,-17,-4,sil
8.208400011062622,0,-21,-11,-45,6,3,5,7,28,13,-25,-16,-1,7,sil
8.22441029548645,10,-10,-3,-31,-5,-16,-17,2,12,-7,0,0,1,0,sil
8.22441029548645,-1,12,2,6,-4,-18,-14,1,-6,-17,7,3,-8,-15,sil
8.239982843399048,-6,11,2,26,0,3,7,2,-5,-6,7,0,-7,-10,sil
8.239982843399048,-3,-6,9,26,-2,17,21,5,1,1,2,1,-6,9,sil
8.25563097000122,-6,-9,4,20,-11,2,18,-1,7,4,0,6,-3,12,sil
8.25563097000122,2,-2,9,9,-14,-12,0,-5,19,12,21,29,19,16,sil
8.270945310592651,22,9,27,11,-8,-15,-20,-1,20,6,50,57,36,29,sil
8.270945310592651,24,23,27,26,-3,-19,-26,-10,-4,-15,45,49,14,19,sil
8.286515235900879,18,29,26,39,0,-8,-17,-6,-32,-26,13,20,-10,0,sil
8.286515235900879,14,19,17,50,6,18,7,3,-21,-4,1,6,-2,2,sil
8.30198335647583,7,-1,5,33,1,19,26,7,7,16,4,9,15,16,sil
8.30198335647583,7,-5,2,1,-8,-3,13,7,8,6,5,14,22,15,sil
8.318115949630737,15,8,-1,0,-2,-16,-10,-3,-7,-7,6,15,19,1,sil
8.318115949630737,15,14,5,0,5,-18,-23,-3,-17,-13,4,12,10,-6,sil
8.333720922470093,3,5,-2,-5,6,-17,-24,-2,-13,-8,5,4,5,-11,sil
8.333720922470093,-1,3,-12,-4,7,-10,-10,-3,-15,-9,9,-5,0,-17,sil
8.349699258804321,-6,7,-3,-5,11,9,5,0,-19,-14,-9,-21,-21,-18,sil
8.349699258804321,-17,-4,-15,-1,6,18,11,-6,-14,-7,-35,-40,-33,-19,sil
8.365224838256836,-15,-15,-15,0,0,19,18,3,1,9,-29,-32,-18,-7,sil
8.365224838256836,-1,-5,0,-5,7,27,33,13,30,34,-6,-7,4,16,sil
8.380580425262451,0,-5,-5,-18,7,16,24,2,37,37,-6,-14,6,22,sil
8.380580425262451,-8,-22,-8,-34,-9,-10,-1,1,19,14,-12,-22,1,3,sil
8.396189451217651,-5,-24,-7,-31,-10,-16,-6,1,18,5,0,-3,10,-6,sil
8.396189451217651,0,-8,-11,-22,3,-10,-5,-3,14,6,10,6,14,0,sil
8.411452770233154,-7,1,-18,-22,0,-16,-18,-2,-14,-11,6,-1,0,-8,sil
8.411452770233154,-16,3,-14,-11,-4,-19,-26,-1,-24,-21,0,-5,-13,-24,sil
8.426955223083496,-15,6,-3,11,4,1,-8,3,-5,-4,-11,-7,-11,-10,sil
8.442565679550171,-11,-12,-10,8,0,19,13,-2,7,7,-31,-21,-10,3,sil
8.442565679550171,-10,-34,-13,-28,-19,4,2,-9,5,-9,-33,-25,-20,-4,sil
8.442565679550171,-4,-14,2,-35,-15,-16,-24,-8,-5,-24,-2,4,-15,-11,sil
8.458627939224243,9,14,11,-2,1,-15,-20,-5,-14,-16,24,29,4,0,sil
8.458627939224243,19,23,18,18,3,0,1,3,-15,-7,21,21,9,10,sil
8.474287986755371,17,25,23,24,4,13,8,3,-3,-4,14,10,3,9,sil
8.474287986755371,9,27,23,31,11,17,5,3,-1,-6,11,15,0,0,sil
8.489363431930542,0,17,13,36,5,17,7,6,1,0,0,8,-5,-1,sil
8.50547194480896,-4,0,4,29,-8,20,17,5,13,17,-5,-3,-4,10,sil
8.50547194480896,-5,-4,14,19,-9,25,23,6,9,18,-3,0,0,19,sil
8.50547194480896,-8,-8,6,14,-2,19,21,0,0,7,-9,-3,-1,7,sil
8.521533727645874,-18,-21,-17,-4,-11,0,8,-3,1,6,-21,-19,-12,-8,sil
8.521533727645874,-8,-20,-17,-21,-20,-10,-2,3,9,15,-4,-3,-1,-2,sil
8.536125183105469,22,0,5,-11,-11,-11,-2,5,20,18,24,26,30,17,sil
8.536125183105469,31,10,13,2,-2,-16,-2,4,25,14,23,27,41,24,sil
8.553922414779663,20,1,-5,0,1,-19,-6,-5,13,14,17,17,32,9,sil
8.553922414779663,24,4,0,-3,13,-16,-15,-7,-1,0,26,25,25,1,sil
8.567239999771118,21,20,8,-3,21,-18,-21,0,-10,-17,18,17,10,-2,sil
8.582331895828247,-2,11,-12,-10,14,-22,-19,-4,-25,-18,5,-5,-2,-18,sil
8.582331895828247,-11,0,-10,-15,14,-15,-8,-4,-35,-17,8,-8,-3,-26,sil
8.598011493682861,-9,7,4,-3,16,-6,0,-3,-20,-17,5,-6,-12,-19,sil
8.598011493682861,-10,0,0,-3,9,-5,0,-3,-8,-14,-4,-11,-21,-6,sil
8.613457441329956,-7,-11,-4,-5,7,2,8,6,-6,-10,-10,-11,-11,4,sil
8.613457441329956,-9,-11,-6,11,11,10,9,2,-1,-14,-22,-21,-15,-5,sil
8.628602504730225,-18,-7,-15,23,12,8,-5,-10,-2,-15,-30,-30,-29,-26,sil
8.628602504730225,-14,-7,-10,7,12,7,-11,-3,-9,-4,-26,-22,-27,-18,sil
8.644333124160767,-10,-8,9,-9,7,9,0,4,-15,-1,-25,-15,-22,5,sil
8.644333124160767,-12,-8,-19,3,14,12,16,-7,8,14,-5,-12,0,5,sil
8.659926652908325,-11,-18,-45,3,1,7,16,-14,24,26,6,-12,12,-5,sil
8.659926652908325,-13,-20,31,-39,-57,4,-14,16,-25,-11,-30,-13,-25,2,sil
8.675439596176147,0,10,60,-26,-53,22,-5,21,-28,-14,-25,-3,-28,22,sil
8.675439596176147,23,27,4,37,18,31,35,-1,41,37,28,17,25,27,sil
8.691157579421997,22,9,28,25,18,17,25,18,50,38,28,32,31,28,sil
8.691157579421997,12,8,54,-5,-27,9,-1,29,16,16,6,32,12,24,sil
8.70632004737854,17,20,-33,23,-24,4,8,-15,29,27,23,14,32,10,sil
8.70632004737854,14,5,-53,23,-8,-10,8,-20,35,15,20,9,31,7,sil
8.72205662727356,-2,-7,35,-31,-22,-17,-16,22,1,-11,-11,20,-2,10,sil
8.72205662727356,-22,-13,-36,-39,-40,-19,-7,-12,-8,-1,-14,-9,-4,-19,sil
8.737574577331543,-18,-28,-121,-12,-31,-31,7,-59,-2,3,4,-39,9,-35,sil
8.737574577331543,14,-5,55,-18,-6,-18,-13,20,-15,-22,10,17,6,8,sil
8.753267049789429,23,23,106,-7,14,8,-15,43,0,-13,22,50,14,16,sil
8.753267049789429,6,1,-54,17,27,-5,-3,-34,19,4,22,1,14,-24,sil
8.769258975982666,2,-10,-23,-2,13,-26,-26,-14,-11,-25,-15,-9,-19,-25,sil
8.769258975982666,-3,8,52,-22,-9,-12,-32,21,-28,-38,-22,7,-26,-15,sil
8.784830570220947,-9,12,-10,-2,14,-2,-14,-11,-15,-16,5,-5,-4,-23,sil
8.784830570220947,-5,4,-22,13,44,-5,-15,-12,-26,-21,1,-21,-13,-20,sil
8.800353765487671,-10,4,9,15,22,1,-8,5,-37,-30,-15,-23,-28,-14,sil
8.800353765487671,-10,15,1,25,18,12,15,0,-11,-5,-1,-14,-9,-2,sil
8.816387414932251,-2,15,1,41,37,15,16,-4,0,11,5,-6,6,4,sil
8.816387414932251,1,0,11,34,27,17,10,4,-13,11,2,-3,3,9,sil
8.83241057395935,10,-2,9,15,16,20,21,13,-2,27,12,8,7,26,sil
8.83241057395935,8,0,1,10,15,13,26,6,17,38,5,7,12,29,sil
8.848065853118896,-8,-14,-7,0,-1,8,27,-1,12,16,-18,-14,0,7,sil
8.848065853118896,-13,-25,-8,-19,-18,10,34,1,6,8,-21,-16,-12,3,sil
8.863153457641602,-7,-23,-4,-29,-21,5,18,4,4,12,-17,-4,-12,10,sil
8.863153457641602,-7,-16,-7,-25,-20,0,1,0,1,1,-21,-4,-9,6,sil
8.87822699546814,-1,-9,-8,-17,-19,0,6,2,22,1,-6,1,4,6,sil
8.87822699546814,4,-5,-3,-13,-20,-8,-2,3,36,7,6,13,13,10,sil
8.894283533096313,3,-5,-6,-17,-25,-31,-38,-3,13,-2,2,11,10,0,goodbye
8.894283533096313,5,-2,-2,-21,-24,-39,-52,-5,0,-6,7,11,8,0,goodbye
8.910364389419556,10,5,2,-12,-18,-18,-35,-3,5,4,24,16,12,5,goodbye
8.910364389419556,9,10,2,0,-7,-4,-21,-12,-8,-7,26,14,12,-9,goodbye
8.926406383514404,8,20,7,2,6,-5,-13,-5,-22,-21,21,12,9,-23,goodbye
8.926406383514404,10,32,15,16,20,5,1,4,-6,-3,29,14,9,-11,goodbye
8.942312955856323,12,26,14,26,21,18,9,4,-1,0,29,12,0,-2,goodbye
8.942312955856323,6,14,4,14,11,19,5,3,-14,-17,6,-1,-9,-10,goodbye
8.958494186401367,-12,11,-4,5,9,20,8,1,-15,-18,-20,-22,-20,-17,goodbye
8.958494186401367,-23,4,0,15,14,26,18,7,-3,-5,-30,-29,-29,-12,goodbye
8.97434687614441,-10,-8,4,24,10,29,31,10,11,3,-24,-18,-20,2,goodbye
8.97434687614441,-2,-17,3,17,3,22,33,-1,16,14,-27,-17,-7,13,goodbye
8.989348411560059,-15,-26,-8,-2,-3,8,16,-7,3,16,-38,-29,-10,7,goodbye
8.989348411560059,-20,-34,-20,-21,-16,-5,0,-4,-1,14,-31,-25,-3,0,goodbye
9.004396200180054,-3,-20,-9,-20,-18,-13,0,3,9,12,-11,0,14,4,goodbye
9.004396200180054,11,6,3,-3,-10,-17,-4,2,9,0,0,16,18,12,goodbye
9.02024793624878,12,10,3,-2,-11,-27,-12,-4,-7,-15,4,16,7,11,goodbye
9.02024793624878,13,1,5,-16,-11,-30,-10,-3,-5,-12,15,19,9,7,goodbye
9.036351442337036,16,0,4,-14,0,-22,-7,-3,10,0,25,27,22,4,goodbye
9.036351442337036,12,9,5,-3,7,-14,-14,-7,9,-1,26,28,23,5,goodbye
9.051802396774292,7,15,-1,2,3,-12,-19,-10,-1,-3,29,25,17,2,goodbye
9.051802396774292,3,4,-2,-2,-2,-17,-24,-4,-7,-3,23,21,6,-6,goodbye
9.06736660003662,-4,0,4,-4,0,-14,-25,9,-16,-6,9,12,-9,-10,goodbye
9.06736660003662,-2,12,3,21,16,3,-9,3,-20,-2,10,-3,-12,-8,goodbye
9.082855224609377,3,16,4,29,21,17,4,-1,-20,-5,11,-11,-9,-6,goodbye
9.082855224609377,-9,2,-4,9,11,26,12,4,-11,-1,-1,-13,-18,-8,goodbye
9.09827756881714,-18,-1,-9,5,10,30,25,8,1,12,-16,-20,-22,-6,goodbye
9.09827756881714,-14,-6,-2,1,9,28,37,8,15,8,-32,-31,-17,-3,goodbye
9.113491535186768,-21,-26,-17,-13,0,22,37,0,26,5,-40,-42,-14,-8,goodbye
9.113491535186768,-18,-28,-14,-16,-12,12,19,0,17,18,-23,-27,-5,-1,goodbye
9.129089832305908,0,-15,-2,-14,-22,-8,-5,0,-3,14,0,-1,8,13,goodbye
9.129089832305908,2,-17,-12,-24,-24,-28,-24,-8,-9,-8,0,0,15,9,goodbye
9.145121812820436,3,-11,0,-22,-12,-20,-24,-1,3,-13,0,1,14,3,goodbye
9.145121812820436,19,12,14,-1,0,-7,-19,0,12,0,15,19,15,7,goodbye
9.16030502319336,22,24,14,3,5,-8,-26,-5,-1,-4,27,28,9,5,goodbye
9.16030502319336,15,27,17,13,13,0,-15,4,-8,-16,24,25,7,3,goodbye
9.1763436794281,15,30,16,36,17,11,11,8,8,0,22,20,9,1,goodbye
9.191421270370483,13,26,17,36,16,16,18,5,5,7,16,12,0,1,goodbye
9.191421270370483,3,13,8,23,16,27,21,1,-13,1,-6,-1,-13,0,goodbye
9.191421270370483,-12,-7,-5,12,10,24,29,-2,-17,-4,-34,-20,-26,-10,goodbye
9.207149028778076,-22,-19,-10,-4,-3,7,14,-6,-13,-6,-37,-25,-29,-18,goodbye
9.222365379333496,-11,-17,-11,-5,-10,1,2,-9,-2,1,-10,-12,-5,0,goodbye
9.222365379333496,2,-13,-2,0,-8,2,13,3,11,17,3,1,13,21,goodbye
9.222365379333496,2,-18,0,-16,-9,-4,16,7,25,30,0,3,17,12,goodbye
9.238043069839478,0,-20,-10,-40,-17,-18,-9,-5,25,22,3,2,18,-1,goodbye
9.238043069839478,0,-8,-11,-34,-19,-25,-35,-6,4,-3,0,-1,7,-2,goodbye
9.253575563430786,0,-6,-5,-20,-9,-25,-26,-1,0,-15,-10,-2,0,1,goodbye
9.269098043441772,10,-4,2,-20,0,-23,-10,2,14,-1,0,10,13,8,goodbye
9.269098043441772,10,13,4,-8,0,-21,-16,2,-1,-4,20,19,15,4,goodbye
9.269098043441772,-5,23,3,11,-2,-21,-24,-2,-26,-25,15,4,-5,-11,goodbye
9.286107301712036,-16,17,-1,20,6,-13,-15,-3,-10,-16,2,-3,-9,-16,goodbye
9.286107301712036,-10,12,-3,19,12,-10,-7,-3,-6,-9,3,0,-3,-14,goodbye
9.301151037216188,-5,4,1,7,1,-7,-3,-3,-33,-46,-2,-4,-17,-15,goodbye
9.30215072631836,-8,-2,-1,10,0,20,16,-3,-24,-52,-15,-9,-35,-9,goodbye
9.317212104797363,-11,0,-2,25,15,46,31,2,2,5,-19,-4,-30,1,goodbye
9.317212104797363,-10,-1,-2,12,15,35,21,8,9,39,-11,-7,-1,6,goodbye
9.333255052566528,0,-12,-8,-7,-3,4,1,0,14,26,6,-9,24,4,goodbye
9.333255052566528,23,0,11,-3,-6,-5,-7,5,17,23,25,13,26,7,goodbye
9.349140167236328,32,19,20,6,1,0,-8,11,11,27,31,28,19,10,goodbye
9.36427354812622,8,13,3,2,0,0,-8,-2,-1,1,18,10,6,0,goodbye
9.36427354812622,-6,0,5,2,0,9,2,0,-21,-12,1,-9,-7,-10,goodbye
9.380385160446169,-2,-10,2,14,0,30,29,0,-11,17,-7,-19,-4,0,goodbye
9.380385160446169,-6,-22,-6,3,-1,23,34,-4,8,29,-15,-13,3,20,goodbye
9.380385160446169,-6,-18,-7,-16,-4,4,17,-3,9,7,-18,0,3,21,goodbye
9.39546012878418,5,-8,-8,-16,-7,-8,-1,-1,6,-5,-10,6,6,7,goodbye
9.39546012878418,11,1,-1,-8,-2,-17,-16,1,6,-10,6,10,7,0,goodbye
9.411438941955566,5,14,0,0,11,-14,-9,0,0,-12,12,8,-3,-8,goodbye
9.427178621292114,-6,14,0,3,15,1,6,-3,-11,-11,-3,-12,-20,-19,goodbye
9.427178621292114,-22,1,0,10,9,15,12,-1,-9,-2,-22,-28,-22,-10,goodbye
9.427178621292114,-16,-7,-4,6,1,10,11,1,9,13,-15,-15,-9,5,goodbye
9.443713903427124,0,-10,-5,-16,-10,-10,-3,4,16,11,-5,3,0,6,goodbye
9.443713903427124,0,-13,-9,-25,-16,-20,-24,-2,12,-1,-5,1,11,-2,goodbye
9.459532260894775,-1,-11,-1,-17,-6,-5,-16,-2,27,4,-2,0,22,3,goodbye
9.459532260894775,10,-1,9,-19,-2,-2,-1,8,32,12,6,16,23,10,goodbye
9.474091529846191,13,4,5,-12,-5,-24,-12,1,2,-1,12,26,14,1,goodbye
9.489303827285768,10,7,5,1,-5,-27,-21,-4,-20,-26,10,22,0,-1,goodbye
9.489303827285768,13,3,5,0,-4,-12,-5,-1,-17,-22,10,12,-6,1,goodbye
9.505356550216677,11,0,0,-6,-3,-13,0,-2,-11,-6,13,2,-3,0,goodbye
9.505356550216677,0,7,0,1,1,-6,-8,-1,-10,-10,11,-1,-9,-4,goodbye
9.520047903060911,-5,13,4,11,1,5,-11,-3,-7,-18,5,-3,-13,-9,goodbye
9.520047903060911,-7,12,4,13,0,-4,-14,-4,-20,-17,-4,-8,-14,-13,goodbye
9.53632116317749,-11,10,-3,21,2,-11,-16,-2,-34,-22,-16,-13,-19,-17,goodbye
9.53632116317749,-10,5,-3,24,8,7,0,0,-25,-21,-10,-11,-13,-13,goodbye
9.551896572113035,-3,9,7,20,13,31,21,2,4,5,7,1,2,2,goodbye
9.551896572113035,0,14,10,25,21,33,23,1,17,26,10,4,1,6,goodbye
9.567060708999634,-3,4,4,24,21,22,19,1,0,18,0,-4,-10,-1,goodbye
9.567060708999634,-2,-10,-3,9,7,19,22,1,0,18,4,-10,-3,0,goodbye
9.582011222839355,0,-10,-1,3,-2,19,15,3,5,24,3,-3,6,6,goodbye
9.582011222839355,1,0,1,13,-5,15,1,5,-3,12,-9,-3,6,7,goodbye
9.59697675704956,3,-2,-1,1,-11,3,1,-3,-7,4,-10,-11,4,10,goodbye
9.59697675704956,2,-20,-1,-27,-18,-4,12,-1,6,12,-6,-8,4,17,goodbye
9.61307454109192,2,-21,-9,-25,-10,-2,19,8,28,23,-2,0,18,18,goodbye
9.61307454109192,4,-9,-10,-10,0,-3,14,5,43,30,4,3,27,13,goodbye
9.628586530685425,-4,-11,-4,-21,-6,-9,3,2,29,22,-2,-1,10,3,goodbye
9.628586530685425,-16,-29,-20,-35,-12,-13,-5,-4,4,-3,-24,-10,-6,-7,goodbye
9.64428448677063,-15,-30,-21,-38,-11,-18,-18,-6,-7,-32,-30,-7,-5,-16,goodbye
9.64428448677063,-11,-8,-9,-30,-14,-22,-28,-2,-10,-31,-6,5,0,-19,goodbye
9.659740686416626,-4,9,-8,-16,-7,-20,-19,0,-9,-15,15,13,5,-11,goodbye
9.659740686416626,8,15,1,-9,11,-8,-6,1,-3,-11,15,16,8,1,goodbye
9.675391674041748,18,16,7,1,15,-3,-10,-4,8,-7,15,20,6,1,sil
9.675391674041748,25,28,24,15,6,-15,-23,-2,6,-8,26,29,2,3,sil
9.691367626190186,21,39,31,30,11,-13,-19,4,-7,-15,24,23,-4,10,sil
9.691367626190186,3,26,11,31,13,0,-5,-3,-17,-18,5,0,-17,1,sil
9.707378625869753,0,14,9,20,8,9,3,2,-17,-13,1,-7,-19,-6,sil
9.707378625869753,8,13,18,26,16,19,17,8,-7,5,13,2,-4,0,sil
9.722927570343018,8,10,13,37,19,22,19,-2,-5,16,12,2,0,3,sil
9.722927570343018,-3,2,3,25,0,19,6,-6,-18,0,-8,-9,-11,-4,sil
9.738436460494995,-17,-17,-6,5,-14,15,0,-2,-26,-12,-26,-18,-17,-9,sil
9.738436460494995,-17,-27,-6,-2,-6,11,3,0,-16,-1,-28,-18,-13,-5,sil
9.753939628601074,-5,-14,-7,0,0,9,7,-4,3,17,-17,-18,0,0,sil
9.753939628601074,-2,-12,-8,-8,-12,8,5,-4,15,25,-15,-17,9,0,sil
9.76965856552124,-14,-22,-12,-25,-24,3,3,3,18,22,-19,-11,10,1,sil
9.76965856552124,-11,-15,-12,-18,-8,-5,11,3,28,22,-6,-5,12,9,sil
9.785259246826172,0,-8,-6,-14,4,-8,16,10,29,14,0,-3,13,13,sil
9.785259246826172,-2,-14,-19,-31,-6,-12,0,6,21,-1,-3,-7,5,-1,sil
9.80098032951355,-5,-9,-21,-39,-14,-23,-17,-3,7,-17,3,-4,-1,-15,sil
9.80098032951355,8,8,0,-16,-4,-23,-11,0,-2,-16,23,18,1,-7,sil
9.816684007644652,17,20,11,5,1,-17,-10,0,-6,-12,28,37,6,1,sil
9.816684007644652,16,27,15,11,5,-11,-16,-1,-3,-9,28,33,13,5,sil
9.832310199737549,9,22,7,18,12,0,-3,-1,4,3,27,17,15,5,sil
9.832310199737549,-5,2,0,13,8,0,2,0,-3,5,9,1,-3,1,sil
9.847383975982666,-12,-3,1,5,0,3,0,0,-20,-3,-4,-8,-21,-1,sil
9.847383975982666,4,3,3,20,4,17,6,-2,-20,0,-1,-8,-10,-4,sil
9.862996578216553,15,11,18,29,10,23,10,-1,-16,0,-5,-4,-2,-2,sil
9.862996578216553,5,8,12,16,13,19,11,-4,-9,-1,-9,-8,-4,0,sil
9.878241777420044,-3,-2,-2,6,13,12,10,-9,-3,3,-11,-13,-1,5,sil
9.878241777420044,-7,-5,0,7,1,6,0,2,-5,-2,-32,-18,-9,1,sil
9.893728733062744,-15,-9,-14,-5,-9,0,-6,1,4,-10,-36,-23,-16,-9,sil
9.893728733062744,-19,-22,-23,-31,-13,-8,-3,-5,8,-5,-17,-15,-6,-7,sil
9.90911102294922,-12,-23,-9,-26,-12,-5,0,-3,0,0,-16,-6,2,3,sil
9.90911102294922,2,-15,5,-1,-6,-1,9,4,15,8,-14,0,11,7,sil
9.92515754699707,19,-5,21,-2,-2,-9,1,13,26,8,14,26,22,9,sil
9.926156282424929,12,0,-1,-19,-5,-20,-16,-3,0,-4,35,32,23,1,sil
9.941473484039308,-1,-2,-19,-20,-8,-22,-19,-8,-14,-10,26,8,8,-8,sil
9.941473484039308,10,9,21,0,0,-5,-13,15,5,0,23,15,8,0,sil
9.957320928573608,21,32,19,30,13,5,-6,7,12,13,32,28,18,9,sil
9.957320928573608,4,29,-11,29,12,4,0,-8,-7,8,22,10,5,0,sil
9.972007989883425,-8,11,3,8,6,11,3,3,-16,-1,0,-4,-12,-4,sil
9.972007989883425,-10,3,7,4,9,20,11,11,-7,2,-8,-12,-16,-4,sil
9.987963676452637,-11,0,-8,11,10,19,23,3,4,16,-16,-21,-16,-3,sil
9.987963676452637,-9,-6,-4,5,0,14,31,-4,11,15,-19,-19,-17,3,sil
10.003512620925903,-6,-18,-3,-12,-12,4,20,-1,12,1,-16,-12,-14,8,sil
10.003512620925903,0,-26,-5,-28,-19,-13,-3,1,14,-3,-9,-3,-3,6,sil
10.01945447921753,9,-12,-2,-28,-17,-26,-19,-6,7,-8,1,15,6,7,sil
10.01945447921753,8,6,-2,-13,-12,-23,-23,-16,-17,-29,1,16,-2,-1,sil
10.0342218875885,-3,10,4,0,-7,-14,-25,-11,-37,-45,-10,-1,-23,-24,sil
10.0342218875885,-7,7,0,8,7,1,-12,2,-26,-26,-12,-10,-21,-27,sil
10.05647087097168,-2,5,0,19,22,23,7,1,-9,6,-5,-9,-4,-5,sil
10.056973934173584,0,0,9,25,14,31,17,-4,0,24,-8,-11,5,9,sil
10.065395593643188,1,-1,-4,15,2,23,19,0,26,32,-2,-9,21,11,sil
10.080573558807371,0,-3,-4,-9,0,5,7,9,38,23,6,-1,28,10,sil
10.080573558807371,-1,-8,-17,-22,-2,-10,-2,-4,21,5,4,-4,16,0,sil
10.09760284423828,0,-8,-19,-23,-11,-26,-13,-14,-1,-3,-1,-5,6,-6,sil
10.09760284423828,10,6,38,-21,-10,-29,-27,13,-19,-14,0,19,5,2,sil
10.09760284423828,6,12,-24,17,8,-20,-9,-4,-2,1,31,20,19,-3,sil
10.111341953277588,2,0,-76,34,18,-20,7,-26,10,20,43,1,20,-7,sil
10.127093076705933,7,14,90,-9,2,-2,-12,39,-24,-5,1,20,-7,20,sil
10.127093076705933,-1,23,88,1,1,26,2,34,-20,-3,-6,15,-7,18,sil
10.143060445785522,-6,-4,-60,39,14,24,38,-25,14,25,8,-24,9,-6,sil
10.143060445785522,-1,-18,-6,2,2,17,28,2,8,12,-20,-21,-8,2,sil
10.158289432525637,-11,-21,21,-29,-16,11,11,12,7,-1,-41,-7,-24,4,sil
10.158289432525637,-8,-29,-36,-17,-18,-8,-1,-11,17,-9,-19,-4,-14,-8,sil
10.173684358596802,4,-14,-10,-17,-12,-21,-23,0,-3,-36,-7,6,-12,-15,sil
10.173684358596802,-6,0,4,-22,-6,-21,-29,3,-28,-45,-5,1,-21,-25,sil
10.188836097717283,-14,11,-11,1,1,-9,-17,-7,-23,-22,9,-2,-20,-21,sil
10.188836097717283,3,28,6,36,10,12,0,-7,-5,-2,23,10,-3,1,sil
10.204514503479004,11,23,27,32,7,21,13,2,-1,0,8,10,1,13,sil
10.204514503479004,-2,0,14,11,0,22,18,7,-1,7,-10,-2,-2,8,sil
10.219985485076904,-12,-12,-11,16,1,24,26,-4,15,29,-2,-6,6,8,sil
10.219985485076904,0,-6,-4,22,0,16,23,-1,27,30,9,4,22,19,sil
10.2355215549469,16,1,13,7,-2,-1,1,6,20,14,4,15,25,23,sil
10.2355215549469,17,0,10,-11,-3,-16,-16,1,4,0,0,15,19,11,sil
10.251101016998293,20,0,2,-8,-2,-18,-18,-4,1,5,15,19,21,2,sil
10.251101016998293,31,7,-1,4,0,-18,-18,-7,8,24,34,18,30,8,sil
10.26616096496582,22,10,13,-12,1,-18,-25,0,-5,9,19,11,15,12,sil
10.26616096496582,-2,7,7,-31,-1,-14,-24,3,-22,-22,-3,6,-10,-3,sil
10.281985521316528,-15,2,-48,-17,1,-15,-13,-15,-8,-20,0,-9,-16,-30,sil
10.281985521316528,-15,-2,-42,-18,0,-12,-5,-12,-6,-11,-7,-30,-22,-29,sil
10.296633958816528,-16,0,11,-34,-6,11,6,11,-21,-15,-27,-29,-32,-13,sil
10.296633958816528,-16,4,-3,-12,11,31,28,7,-9,1,-25,-22,-20,-13,sil
10.31226897239685,-16,-8,-13,4,26,23,24,-4,0,8,-20,-30,-12,-17,sil
10.31226897239685,-25,-21,-5,-4,8,11,6,-5,-9,-1,-28,-41,-24,-17,sil
10.328234672546388,-18,-10,-22,4,1,8,14,-3,5,10,-17,-30,-9,-5,sil
10.328234672546388,2,8,17,21,9,8,23,20,31,22,0,4,16,22,sil
10.343434810638428,0,-1,-3,26,-1,4,21,10,43,22,1,4,17,25,sil
10.343434810638428,-12,-37,-64,2,-20,-17,8,-20,25,11,-4,-20,3,2,sil
10.35898232460022,-4,-31,51,-48,-29,-24,-21,22,-18,-28,-11,14,-7,9,sil
10.35898232460022,-2,4,82,-31,-19,3,-22,32,-14,-26,8,45,7,11,sil
10.374251127243042,0,7,-38,20,-4,2,-6,-25,14,9,36,21,26,-8,sil
10.374251127243042,15,9,7,7,-11,-19,-21,-11,-19,-20,23,19,2,-5,sil
10.388995885849,20,23,50,6,-12,-7,-14,2,-41,-49,4,22,-14,-4,sil
10.388995885849,20,21,-4,39,10,10,5,-19,-15,-22,9,10,0,-8,sil
10.405016422271729,22,25,18,42,22,10,-4,-2,-9,1,15,25,6,7,sil
10.421063423156738,10,19,16,40,19,13,5,5,-1,20,4,16,3,13,sil
10.421063423156738,0,-6,-17,27,14,17,30,4,25,39,-17,-12,5,14,sil
10.421063423156738,2,-12,-6,0,1,0,13,9,26,28,-18,-1,10,20,sil
10.43709397315979,11,-2,-4,-6,-8,-33,-18,-9,7,1,10,16,11,9,sil
10.43709397315979,12,-1,-5,-14,-5,-33,-27,-6,-4,-7,20,15,2,-5,sil
10.45304560661316,0,-6,-7,-27,-4,-16,-16,4,-4,-4,7,1,-4,-16,sil
10.45304560661316,-15,-2,-17,-20,-5,-12,-10,-4,-2,-5,5,-10,-3,-21,sil
10.468417406082152,-21,5,-9,0,5,7,-2,-7,-5,-3,13,-13,-5,-12,sil
10.484450578689575,-19,4,-5,12,13,31,15,1,-15,5,-7,-23,-16,-4,sil
10.484450578689575,-11,-4,-2,4,0,25,24,8,-14,7,-37,-35,-23,-1,sil
10.484450578689575,-3,-13,-11,-9,-10,11,18,1,7,14,-23,-29,-2,5,sil
10.500245809555054,3,-14,-5,-29,-5,1,0,0,20,7,-1,-5,15,13,sil
10.500245809555054,12,1,37,-38,3,-7,-19,15,9,-7,6,26,15,16,sil
10.516370058059692,22,27,25,-1,10,-3,-17,2,9,6,35,39,22,11,sil
10.516370058059692,22,28,-21,23,5,2,0,-15,5,5,35,13,15,2,sil
10.531524658203123,0,3,-12,-2,-3,1,9,-2,-10,-20,-17,-18,-18,-7,sil
10.531524658203123,-19,-18,-6,-20,-2,8,21,5,3,-3,-38,-27,-24,-8,sil
10.547690629959106,-9,-19,-16,-12,1,20,33,-1,28,27,-7,-15,7,9,sil
10.547690629959106,6,-13,2,-13,1,10,22,0,18,11,8,7,25,17,sil
10.562314748764038,1,-6,6,-8,2,-13,-2,2,1,-16,5,18,14,-2,sil
10.563316345214844,-3,5,0,4,0,-22,-20,0,-10,-26,10,5,-6,-27,sil
10.578416347503662,-8,10,4,13,1,-13,-24,-7,-32,-29,4,-7,-27,-29,sil
10.578416347503662,-17,0,-3,20,1,-7,-16,-6,-40,-22,-14,-19,-32,-20,sil
10.594479322433472,-19,-5,-3,19,-9,-4,-11,3,-22,-9,-26,-23,-31,-15,sil
10.594479322433472,-19,-7,-6,14,-11,5,1,0,-5,2,-17,-16,-23,-12,sil
10.610097885131836,-18,-12,-15,13,0,9,16,-6,-2,10,-5,-7,-7,-6,sil
10.610097885131836,-9,-4,25,6,0,14,7,17,-4,10,-10,6,0,10,sil
10.625139713287354,2,3,11,11,-5,25,3,10,16,26,-3,9,15,21,sil
10.625139713287354,9,-11,-48,14,-2,8,10,-25,39,40,19,0,38,19,sil
10.642022609710692,16,-11,6,-12,-7,-16,-9,1,12,10,10,11,24,24,sil
10.642022609710692,15,5,56,-25,-7,-11,-15,23,-6,-8,-6,24,6,19,sil
10.656269550323486,5,0,-2,-16,0,-7,5,-6,10,0,3,10,15,0,sil
10.672977209091188,1,-5,-12,-8,-4,-20,0,-7,11,-6,17,17,17,0,sil
10.672977209091188,13,8,27,-4,-2,-23,-13,3,-1,-16,17,37,9,16,sil
10.68844723701477,25,12,1,-15,6,-12,-3,-8,1,-10,7,19,7,12,sil
10.68844723701477,21,9,-5,-24,0,-7,-6,-1,-3,-15,-3,0,1,-1,sil
10.70333766937256,8,18,15,0,-1,0,-12,11,-14,-17,-2,7,-5,-6,sil
10.70333766937256,-3,15,-39,23,14,2,4,-9,-5,0,8,-6,-5,-13,sil
10.718476057052612,-5,10,-23,3,13,-6,1,-4,-7,-9,3,-15,-10,-15,sil
10.718476057052612,0,24,40,2,6,1,-6,16,-5,-7,5,3,-6,-8,sil
10.734108924865724,-1,12,-13,29,13,13,1,-11,13,23,14,-8,0,-12,sil
10.734108924865724,0,0,24,9,4,10,-15,4,-8,0,-6,-14,-22,-4,sil
10.749341249465942,0,13,58,10,-1,21,-7,23,-19,-14,-9,-1,-24,0,sil
10.749341249465942,-10,-1,-59,36,9,20,26,-26,5,21,14,-18,3,-10,sil
10.765450954437256,-14,-25,-34,6,1,11,17,-8,-6,18,4,-19,0,0,sil
10.765450954437256,-5,-10,26,0,0,27,25,19,-1,15,0,-3,-4,17,sil
10.781111240386965,1,0,-23,31,13,29,44,-8,25,32,4,-9,5,8,sil
10.781111240386965,0,-6,-9,9,2,10,15,-2,10,14,-8,-3,0,5,sil
10.79623532295227,-13,-26,-1,-29,-21,-2,-2,3,2,2,-14,-4,-3,2,sil
10.79623532295227,-20,-44,-17,-44,-24,-9,-1,0,11,1,-23,-20,-1,-1,sil
10.811647176742554,-12,-27,5,-33,-11,-7,-2,9,6,-3,-33,-15,-1,0,sil
10.811647176742554,4,-2,9,-11,-2,-9,0,4,13,3,-13,4,8,7,sil
10.827085494995115,15,6,6,-6,-3,-20,-11,-3,14,0,5,14,17,10,sil
10.827547311782835,8,5,10,-13,-4,-25,-29,0,1,-16,8,14,14,1,sil
10.8423810005188,0,-2,0,-21,-3,-30,-23,1,-2,-12,3,13,6,-2,sil
10.8423810005188,0,-3,-5,-23,-7,-27,-16,0,3,-10,-3,9,0,-5,sil
10.857986211776732,0,6,1,-13,-5,-11,-15,-6,7,-18,0,5,3,-13,sil
10.857986211776732,-2,12,-3,-7,1,-1,-5,-9,-5,-19,12,7,6,-11,sil
10.873371601104736,-5,8,-11,-9,3,-6,-6,-8,-29,-21,13,11,3,-4,sil
10.873371601104736,-4,6,-2,0,0,-6,-17,0,-37,-30,7,12,-5,-9,sil
10.88895845413208,0,17,4,21,7,1,-10,4,-20,-20,5,6,-10,-11,sil
10.88895845413208,1,21,9,28,14,11,6,-3,-8,2,0,0,-12,-1,sil
10.90404987335205,0,14,8,20,13,18,13,-4,-9,10,-1,-1,-7,2,sil
10.90404987335205,7,11,2,27,6,12,8,4,-10,7,3,0,0,0,sil
10.919968605041504,8,12,9,35,-1,2,0,6,-19,0,6,-1,-5,3,sil
10.919968605041504,3,2,10,25,0,13,6,-1,-14,0,2,-3,-7,7,sil
10.936604738235474,5,-6,4,10,5,26,24,1,4,12,-4,-6,-4,7,sil
10.936604738235474,3,-1,-1,12,3,24,23,8,12,25,-10,-8,-9,3,sil
10.95261025428772,0,0,-8,20,0,16,14,3,14,22,-9,-11,-8,2,sil
10.95261025428772,0,-11,0,10,3,12,15,7,24,23,-5,-9,0,10,sil
10.968027353286743,-4,-16,-3,-7,0,6,15,8,32,36,0,-5,5,14,sil
10.968027353286743,-6,-12,-11,-11,-7,-6,0,-4,27,24,0,-6,8,9,sil
10.983583688735962,3,-8,-2,-7,-10,-17,-11,-2,18,1,-4,-3,12,4,sil
10.983583688735962,1,-13,-2,-20,-12,-17,-8,0,18,2,0,0,13,-1,sil
10.999208211898804,-8,-18,-6,-39,-9,-12,-5,-5,13,-2,3,1,8,-4,sil
10.999208211898804,-1,-10,-5,-33,0,-13,-8,-3,-1,-23,0,5,7,-1,sil
11.014300107955933,6,0,-3,-17,0,-19,-10,0,-13,-25,2,6,11,-3,sil
11.014300107955933,0,-1,-3,-23,-3,-15,-7,0,-12,-22,1,3,0,-15,sil
11.03029203414917,-7,-7,-2,-28,-1,-5,-8,0,-2,-18,2,5,-3,-16,sil
11.03029203414917,0,9,9,-4,3,-5,-13,0,2,3,21,17,14,-3,sil
11.046385765075684,14,31,18,17,6,-3,-15,-1,-3,10,24,19,13,1,sil
11.046385765075684,17,26,9,16,4,0,-13,-8,-15,-12,2,11,-5,0,sil
11.062334060668944,8,14,8,16,7,0,-8,-6,-19,-22,-6,5,-11,3,sil
11.062334060668944,-5,10,6,26,11,7,0,-1,-16,-6,-3,-6,-14,0,sil
11.077113628387451,-12,5,6,27,4,22,6,-1,-18,-1,-8,-12,-22,-9,sil
11.07753610610962,-7,0,0,24,2,22,18,0,-14,1,-14,-10,-15,1,sil
11.092257261276243,-1,-8,-6,16,8,15,29,3,1,10,-17,-16,-9,9,sil
11.092257261276243,-10,-14,-8,-1,1,12,22,6,11,12,-18,-14,-15,2,sil
11.10730481147766,-18,-18,-18,-10,-16,0,2,0,9,13,-11,-13,-9,-2,goodbye
11.107725381851196,-14,-24,-21,-18,-23,-13,-2,-2,0,9,-13,-22,1,-8,goodbye
11.123024463653564,-12,-19,-21,-25,-17,-15,0,1,-3,-9,-17,-20,6,-9,goodbye
11.123024463653564,-11,-9,-17,-19,-9,-17,-4,0,1,-17,-5,-3,9,0,goodbye
11.138190984725952,6,2,9,-12,0,-15,-13,3,10,0,19,19,16,10,goodbye
11.138190984725952,31,18,20,-9,5,-7,-14,4,12,6,42,33,28,7,goodbye
11.153764724731444,27,19,16,-4,0,-8,-16,-2,0,-8,29,22,20,0,goodbye
11.153764724731444,4,8,7,3,1,-5,-15,-2,-11,-8,6,8,-3,0,goodbye
11.169190168380736,0,14,0,15,16,6,-2,-2,-17,2,14,9,-12,-6,goodbye
11.169190168380736,2,22,13,25,18,15,5,-2,-19,-3,15,7,-11,-6,goodbye
11.185283660888672,-4,4,10,25,7,15,6,3,0,4,0,0,0,6,goodbye
11.185283660888672,0,-12,1,8,1,15,10,6,20,31,2,9,20,21,goodbye
11.202025413513184,13,-4,11,7,2,21,19,6,20,31,8,19,18,25,goodbye
11.202025413513184,3,3,9,22,5,25,27,0,16,19,-7,-5,-5,11,goodbye
11.216107606887816,-15,-1,-8,7,1,17,26,0,14,10,-32,-27,-22,-4,goodbye
11.216107606887816,-20,-7,-18,-18,-6,3,16,0,3,-4,-31,-22,-17,-10,goodbye
11.232363939285278,-7,-9,-11,-8,-5,-17,-1,-5,-2,-17,-15,-12,-3,-11,goodbye
11.246976852416992,0,-12,-10,-3,-3,-30,-13,-6,0,-11,-17,-10,-3,-11,goodbye
11.246976852416992,-9,-18,-20,-27,-16,-25,-16,-8,0,-12,-29,-13,-12,-14,goodbye
11.262691974639893,-1,-17,-5,-39,-22,-16,-17,0,2,-24,-15,-3,-7,-9,goodbye
11.262691974639893,17,-7,0,-23,-9,-11,-15,4,15,-9,15,14,13,1,goodbye
11.27785348892212,11,-3,-6,-16,3,-15,-18,-3,5,-1,28,16,19,0,goodbye
11.27785348892212,0,6,2,-13,2,-16,-26,-4,-26,-22,18,6,0,-7,goodbye
11.293548107147217,7,20,7,10,0,-6,-18,-5,-31,-29,10,1,-9,-13,goodbye
11.293548107147217,1,18,10,24,6,0,-9,-7,-23,-14,9,3,-9,-7,goodbye
11.308973550796509,-15,9,8,12,9,4,-4,1,-23,-3,4,-3,-6,-1,goodbye
11.308973550796509,-13,4,2,5,4,11,13,10,-8,8,3,-9,0,1,goodbye
11.32506227493286,0,10,12,19,6,23,28,10,14,25,11,2,3,13,goodbye
11.32506227493286,4,9,15,27,6,23,21,1,15,30,7,4,4,21,goodbye
11.340765476226808,2,-5,3,12,-2,12,11,1,10,24,-5,-1,5,14,goodbye
11.340765476226808,5,-6,0,7,4,17,18,8,16,26,-1,7,9,9,goodbye
11.35630226135254,12,1,7,17,19,26,31,8,23,37,3,15,14,17,goodbye
11.35630226135254,8,-8,3,5,3,10,18,4,15,23,-7,5,6,20,goodbye
11.37220048904419,-3,-19,-12,-16,-14,-13,-6,-1,0,-6,-11,-2,0,1,goodbye
11.37220048904419,0,-7,-7,-14,-4,-18,-11,-5,-5,-16,-5,-2,5,-12,goodbye
11.387330532073976,11,2,-1,-2,1,-7,-4,-3,-1,-13,-3,0,8,-5,goodbye
11.387330532073976,3,1,-8,-3,-8,-11,-19,-8,-8,-27,-5,0,-4,-8,goodbye
11.402689695358276,-11,0,-9,-9,-9,-22,-34,-8,-19,-38,-6,-1,-15,-23,goodbye
11.402689695358276,-10,4,-13,-4,0,-14,-18,-2,-4,-19,10,0,0,-19,goodbye
11.41815447807312,8,9,0,-11,0,-8,-6,0,2,-10,27,11,9,0,goodbye
11.41815447807312,13,15,16,-20,1,-11,-14,2,-13,-18,12,10,-8,0,goodbye
11.433265686035156,-8,17,1,-3,12,3,-6,1,-19,-10,-9,-13,-22,-19,goodbye
11.433265686035156,-24,11,-11,15,11,26,18,0,-4,11,-14,-33,-20,-19,goodbye
11.448837041854858,-15,-2,-6,15,-4,23,28,0,6,23,-10,-29,-12,0,goodbye
11.448837041854858,-10,-12,-2,5,-10,6,18,3,12,25,-9,-9,-4,11,goodbye
11.464485168457031,-17,-17,-6,-10,-7,2,10,5,13,18,-11,0,-3,10,goodbye
11.464485168457031,-8,-23,-9,-22,-10,1,6,-1,13,7,-18,-13,-4,3,goodbye
11.480018615722656,5,-15,0,-10,-5,3,7,1,19,10,-16,-7,6,8,goodbye
11.480018615722656,16,1,5,10,4,4,14,7,25,23,5,18,29,22,goodbye
11.495494842529297,24,0,14,12,0,-12,7,1,15,18,23,35,39,22,goodbye
11.495494842529297,13,-13,10,-7,-10,-25,-11,-7,1,-5,18,27,21,4,goodbye
11.51141095161438,-1,-5,-2,-15,-8,-18,-24,-8,-8,-23,8,8,1,-11,goodbye
11.51141095161438,5,18,13,0,6,-8,-26,-1,-26,-24,5,12,-5,-7,goodbye
11.526487827301024,8,20,9,11,13,-4,-21,-3,-26,-15,5,15,-6,-1,goodbye
11.526487827301024,-6,0,-9,-2,0,-2,-21,-3,-19,-17,2,-5,-12,-13,goodbye
11.542343378067017,-14,-2,-3,-4,-6,0,-15,4,-22,-19,-3,-18,-19,-21,goodbye
11.542343378067017,-12,0,-13,12,1,0,3,-3,-16,-9,-15,-20,-18,-14,goodbye
11.557308197021484,-2,0,-5,14,3,4,9,-4,-2,-3,-13,-10,-12,-1,goodbye
11.557308197021484,11,7,16,17,8,23,9,10,2,1,3,5,-2,9,goodbye
11.573323249816896,12,9,5,28,18,32,25,7,4,13,7,3,3,15,goodbye
11.573323249816896,0,4,4,19,9,20,25,5,0,9,-5,-4,2,17,goodbye
11.58935022354126,-7,-1,-5,-1,-3,4,10,-2,7,8,-8,-11,2,6,goodbye
11.58935022354126,-3,-14,-11,-22,-6,-4,7,-3,30,21,-3,-14,0,0,goodbye
11.604768991470335,13,-12,13,-22,-5,-5,9,13,38,22,9,7,12,14,goodbye
11.604768991470335,26,8,5,-4,2,-8,4,5,21,8,32,28,32,15,goodbye
11.620516061782835,16,28,4,-9,5,-16,-16,0,-6,-14,27,18,17,-5,goodbye
11.620516061782835,-5,26,8,-1,0,-7,-22,-2,-18,-21,7,0,-9,-21,goodbye
11.636528730392456,-18,0,-19,29,6,5,-2,-22,-12,-9,-7,-14,-19,-23,goodbye
11.636528730392456,-7,-9,15,13,3,8,6,3,-9,0,-19,-5,-16,1,goodbye
11.652065753936768,2,-2,14,-12,-8,8,12,14,13,24,-6,2,11,19,goodbye
11.652065753936768,2,-16,-51,-10,-6,-5,11,-17,31,27,-1,-10,26,9,goodbye
11.66747498512268,11,-15,17,-23,-9,-19,-14,6,3,-11,-12,11,4,6,goodbye
11.66747498512268,3,10,43,-13,-9,-7,-26,13,-10,-12,10,29,0,-4,goodbye
11.683336734771729,-21,1,-54,15,0,0,-13,-26,-17,0,13,-14,-4,-34,goodbye
11.683336734771729,-28,-18,-22,6,0,2,-7,-2,-41,-20,-31,-33,-32,-28,goodbye
11.699288845062256,-22,-14,13,1,2,18,9,14,-19,-1,-30,-13,-21,1,goodbye
11.699288845062256,-19,-19,-31,2,2,13,20,-11,15,33,-4,-13,5,10,goodbye
11.71410036087036,-12,-29,-6,-20,-16,-10,0,-3,-2,4,-13,-10,-1,3,goodbye
11.71410036087036,0,-23,-2,-29,-20,-18,-4,0,0,-12,-8,0,0,1,goodbye
11.730157375335692,6,-8,-16,-23,-3,-9,8,-5,23,1,5,3,14,8,goodbye
11.730157375335692,12,11,17,-20,0,-4,0,13,9,-12,4,13,7,12,goodbye
11.746252536773682,20,26,8,0,0,-6,-2,8,4,-16,21,18,5,2,goodbye
11.746252536773682,29,32,10,13,10,-7,1,2,21,4,32,22,14,3,goodbye
11.761401176452637,22,43,43,25,14,-4,-11,12,4,-1,13,22,4,0,goodbye
11.761401176452637,7,39,16,41,13,-7,-20,-1,-24,-25,5,9,-10,-16,goodbye
11.777010440826416,5,20,0,36,13,0,0,-7,-22,-18,11,3,-9,-6,goodbye
11.777010440826416,6,10,0,29,9,20,22,-2,0,9,6,0,0,9,goodbye
11.793093204498293,-3,-3,0,16,1,23,16,-4,-1,5,-12,-18,-11,-2,goodbye
11.793093204498293,-18,-20,16,-11,0,19,2,9,-21,-19,-35,-26,-36,-11,goodbye
11.80824065208435,-24,-20,-8,-7,4,28,18,5,-5,3,-25,-21,-18,0,goodbye
11.80824065208435,-7,-16,-35,5,2,22,32,-5,28,41,1,-14,14,13,goodbye
11.824279546737673,4,-20,-8,-6,-9,-1,12,4,22,21,-2,-8,8,16,goodbye
11.824279546737673,-3,-26,1,-17,-15,-15,-19,0,-5,-9,-18,-10,-5,1,goodbye
11.839996337890623,-1,-16,-5,-20,-7,-15,-30,-5,-5,1,0,1,9,0,goodbye
11.839996337890623,9,-6,0,-23,-2,-12,-17,-2,12,11,23,22,27,8,goodbye
11.856225728988647,6,-9,-4,-23,-5,-8,-5,-9,15,-1,15,20,26,4,goodbye
11.856225728988647,0,-9,-16,-24,-1,-12,-8,-14,8,0,11,10,22,-3,goodbye
13.250457763671877,8,4,0,4,0,-26,-18,-8,-20,-5,12,10,9,3,goodbye
13.250457763671877,10,7,9,-9,-8,-26,-12,2,-17,-10,17,20,11,3,goodbye
13.26663303375244,10,14,6,-1,1,-5,-4,4,-1,-5,8,9,12,-2,goodbye
13.26663303375244,0,1,-4,16,11,4,0,-1,1,0,-10,-10,1,-9,goodbye
13.28220009803772,-9,-1,10,10,2,8,1,11,0,0,-11,-6,-5,-3,goodbye
13.28220009803772,-6,9,0,16,7,15,7,2,6,9,0,-3,5,-4,goodbye
13.297706365585327,2,8,-6,28,20,18,1,-14,-8,7,-7,-8,6,0,goodbye
13.313398838043211,-1,-3,22,8,4,15,-10,-4,-39,-12,-27,-2,-10,0,goodbye
13.313398838043211,-24,-18,-16,-4,-12,7,-3,-7,-37,-19,-31,-18,-22,-21,goodbye
13.313398838043211,-37,-21,-45,2,-3,6,6,-10,-19,-11,-35,-42,-25,-33,goodbye
13.328972816467283,-23,-8,6,-2,1,18,8,8,-4,-5,-32,-25,-27,-12,goodbye
13.328972816467283,-8,-5,-3,-9,-8,16,11,5,19,11,-9,-8,-11,3,goodbye
13.34499454498291,-4,-11,-21,0,-7,5,13,0,33,23,2,-5,5,10,goodbye
13.34499454498291,1,0,27,4,1,11,17,17,28,16,-4,8,4,23,goodbye
13.360066175460815,8,5,-6,-2,0,3,24,4,35,17,3,3,8,16,goodbye
13.360066175460815,7,-9,-34,-25,-9,-16,13,-6,34,14,12,-6,18,5,goodbye
13.376068830490112,5,-10,22,-36,-10,-2,2,19,19,-3,1,6,13,17,goodbye
13.376068830490112,7,-1,0,-21,-9,0,0,0,11,-10,1,4,11,10,goodbye
13.39176607131958,11,-7,-34,-22,-11,-35,-25,-25,-7,-17,5,-2,8,-9,goodbye
13.39176607131958,16,-3,19,-23,-2,-31,-37,3,-22,-24,10,18,7,-4,goodbye
13.407791137695312,22,16,16,7,10,-7,-13,1,-1,-9,39,32,26,4,goodbye
13.407791137695312,24,29,-3,21,11,-21,-14,-13,-1,-3,51,28,24,0,goodbye
13.422823190689089,10,27,40,14,8,-18,-26,7,-36,-18,22,19,-6,-8,goodbye
13.438366413116457,-9,11,13,23,13,12,-2,0,-32,-7,0,-2,-15,-16,goodbye
13.438366413116457,-15,-9,-29,12,4,11,5,-16,-14,7,-8,-19,-12,-13,goodbye
13.453957796096802,-8,-1,15,1,-3,2,-8,3,-21,-1,-11,-6,-19,-2,goodbye
13.453957796096802,-3,17,13,28,12,20,10,5,-12,2,0,-3,-12,2,goodbye
13.47051763534546,0,1,-18,19,14,22,24,-3,1,9,-1,-12,-11,1,goodbye
13.47051763534546,0,-14,22,-18,-9,8,4,11,0,0,-24,-3,-30,0,goodbye
13.47051763534546,-4,3,12,1,-5,14,15,5,13,18,-13,1,-15,3,goodbye
13.485029220581056,2,16,-9,25,10,16,23,-7,21,30,9,0,2,11,goodbye
13.50206995010376,0,2,21,3,1,7,1,7,2,3,-4,1,-9,8,goodbye
13.50206995010376,-15,-10,-7,-1,0,4,10,5,10,7,-15,-10,0,0,goodbye
13.50206995010376,-13,-10,-27,2,1,0,28,1,24,30,-3,-11,23,7,goodbye
13.51728105545044,-3,-8,-5,-1,-9,-3,7,4,18,14,-1,4,16,8,goodbye
13.517617225646973,-8,-17,-15,-1,-11,-5,0,-8,13,-5,-13,-1,8,-1,goodbye
13.531280755996704,-12,-19,-6,-13,-6,-5,5,0,4,-8,-24,-7,1,-1,goodbye
13.546649694442747,-5,-15,-12,-15,-7,0,3,0,-1,-3,-16,0,-4,0,goodbye
13.546649694442747,8,-15,-14,-8,-3,0,-4,-7,8,-5,0,8,6,4,goodbye
13.562660455703735,18,-4,18,-13,-4,-2,-7,7,18,-6,12,12,18,9,goodbye
13.562660455703735,5,6,-6,-3,-10,-13,-10,-5,12,2,14,-5,6,-13,goodbye
13.578792810440063,1,13,-11,6,-3,-25,-23,-9,-12,-10,-1,-11,-10,-21,goodbye
13.578792810440063,17,13,25,-3,5,-19,-32,10,-20,-24,0,12,2,4,goodbye
13.594483375549316,20,0,0,-11,0,-14,-27,-8,-8,-9,30,21,26,12,goodbye
13.594483375549316,8,1,-5,-9,-5,-16,-23,-10,-25,-14,32,15,16,0,goodbye
13.609434604644775,2,13,25,-6,0,-5,-15,8,-40,-25,9,14,0,-4,goodbye
13.609434604644775,-2,3,11,-14,9,4,-4,2,-22,-8,6,0,-3,-14,goodbye
13.624570608139038,-10,0,-12,-11,8,4,-4,-3,-1,1,11,-17,-10,-23,goodbye
13.624570608139038,-7,14,-3,10,1,0,-9,0,-4,-9,4,-12,-12,-17,goodbye
13.640191555023192,0,19,11,18,0,0,-11,-1,-15,-12,-5,0,-4,-2,goodbye
13.640191555023192,-6,2,1,9,3,8,-2,-7,-13,-11,-13,-7,-4,0,goodbye
13.656336069107056,-10,-6,-11,7,1,16,14,-8,-6,-10,-25,-19,-18,-2,goodbye
13.656336069107056,-5,-1,-8,4,2,21,24,1,-2,3,-24,-15,-21,0,goodbye
13.671992301940918,-7,-1,-14,0,7,24,28,5,10,23,-3,-11,-10,3,goodbye
13.671992301940918,-8,-2,-4,4,8,25,33,12,26,29,-1,-8,-13,8,goodbye
13.687289476394652,1,5,16,12,6,22,30,17,30,35,-11,-2,-14,22,goodbye
13.687289476394652,2,1,-7,12,3,4,18,0,24,37,-7,-3,0,22,goodbye
13.702434062957764,-3,-9,-20,-4,-3,-7,8,-7,4,5,-8,-4,4,6,goodbye
13.702434062957764,-2,-1,17,-14,-5,0,11,6,-2,-14,-12,3,0,6,goodbye
13.718045949935911,0,0,17,7,1,8,20,6,20,13,0,5,8,18,goodbye
13.718045949935911,1,-15,0,23,0,4,14,-2,31,28,3,0,15,9,goodbye
13.733712911605837,0,-21,4,7,-2,0,0,0,15,8,-1,4,6,-10,goodbye
13.733712911605837,0,-14,-14,-4,-1,-8,-2,-7,9,5,7,5,10,-15,goodbye
13.749671459197998,11,-10,-3,-6,-3,-18,-12,-8,5,3,19,14,18,-5,goodbye
13.749671459197998,19,1,34,-6,-1,-18,-28,10,-5,-8,22,33,15,0,goodbye
13.765241861343384,9,10,6,0,-4,-17,-22,3,0,-6,34,30,25,0,goodbye
13.765241861343384,12,8,-2,-5,-11,-27,-23,-6,0,-10,29,19,30,1,goodbye
13.782378673553469,20,16,19,-18,-5,-24,-29,4,-19,-17,15,15,13,0,goodbye
13.782378673553469,2,22,-12,-2,0,-9,-14,-5,-26,-10,17,4,2,-11,goodbye
13.79638648033142,-10,18,-9,2,-6,0,-6,-3,-20,-19,11,2,-3,-11,goodbye
13.79638648033142,-3,17,16,-4,-6,0,-14,6,-20,-34,-10,-1,-18,-7,goodbye
13.812326431274414,-5,2,-21,0,-2,-8,-14,-17,-27,-31,-29,-29,-32,-19,goodbye
13.812326431274414,-17,-14,-23,3,-6,-6,-9,-18,-31,-28,-37,-35,-38,-17,goodbye
13.82771062850952,-17,-15,9,-1,-7,2,-9,0,-27,-21,-29,-23,-28,-4,goodbye
13.82771062850952,-13,-16,-4,2,1,11,-5,0,-19,-1,-17,-18,-14,0,goodbye
13.843565940856934,-5,-15,-10,3,12,28,9,5,3,20,-13,-7,-6,14,goodbye
13.843565940856934,2,-7,4,-1,14,35,29,14,42,40,-17,-2,-1,22,goodbye
13.859696626663208,0,-10,-4,-5,4,15,27,0,42,33,-26,-14,-1,10,goodbye
13.859696626663208,-6,-15,-9,-15,-3,0,14,-7,14,8,-15,-5,4,4,goodbye
13.875268459320068,4,-4,-4,-21,0,0,16,3,11,1,12,13,20,10,goodbye
13.875268459320068,12,9,-7,-13,8,-5,16,10,9,0,26,11,17,-1,goodbye
13.89129114151001,0,17,1,2,4,-3,5,3,-15,-12,24,2,0,-22,goodbye
13.89129114151001,-6,20,3,16,0,7,6,-2,-10,-4,23,3,0,-12,goodbye
13.907251119613647,1,17,5,24,14,7,14,3,12,15,15,2,7,8,goodbye
13.907251119613647,-1,4,15,29,25,8,14,10,8,13,-4,-1,-1,7,goodbye
13.922651052474976,-13,-12,-8,20,4,14,11,-1,12,11,-14,-12,-8,2,goodbye
13.922651052474976,0,-19,-7,-2,-13,-1,-1,-1,37,28,-8,-6,7,16,goodbye
13.938727378845217,20,-2,27,-13,-5,-18,-16,13,28,27,3,15,23,22,goodbye
13.938727378845217,18,7,1,-3,-2,-22,-25,-7,0,0,21,16,22,0,goodbye
13.9544198513031,18,6,-5,-16,-13,-27,-41,-21,-14,-19,35,20,16,-4,goodbye
13.9544198513031,24,12,24,-22,-17,-21,-50,-2,-18,-17,33,40,12,4,goodbye
13.969984292984009,4,17,3,1,-6,-11,-33,-3,-31,-30,17,20,-2,-10,goodbye
13.969984292984009,-12,16,-3,12,5,0,-4,-1,-40,-35,-4,-9,-23,-17,goodbye
13.98664665222168,-11,3,11,5,4,18,28,11,-16,0,-18,-14,-18,-6,goodbye
13.98664665222168,-16,-19,-10,0,-7,20,40,0,5,14,-26,-25,-16,-10,goodbye
14.002036809921265,-18,-16,-13,2,-9,9,25,-3,-9,-10,-31,-32,-24,-9,goodbye
14.002036809921265,-7,0,4,13,0,14,24,2,-18,-5,-20,-15,-15,3,goodbye
14.017431020736694,-5,-11,-1,11,4,18,26,2,2,15,-9,-5,-3,2,goodbye
14.017431020736694,-9,-18,-5,3,3,6,9,-4,16,9,-7,-11,-2,-3,goodbye
14.032522439956663,-7,-3,1,5,1,0,0,-4,14,4,-10,-9,1,0,goodbye
14.032522439956663,-1,-11,-5,-9,1,0,0,3,13,8,-12,-2,4,1,goodbye
14.048173427581789,1,-25,-13,-29,-1,-11,-14,3,16,0,-14,1,-1,-3,goodbye
14.048173427581789,4,-2,-4,-18,-3,-19,-18,2,18,-6,-7,12,0,2,goodbye
15.44842791557312,-25,-30,-21,-29,-20,-2,-4,-1,13,6,-15,-10,0,-6,goodbye
15.44842791557312,-23,-27,-16,-22,-19,-18,-12,-4,6,-8,-12,-4,0,-4,goodbye
15.464412212371826,-6,-16,0,-20,-13,-14,-11,3,21,-1,1,14,16,4,goodbye
15.479462146759031,3,-4,-1,-22,-4,-5,-9,5,28,13,8,19,26,14,goodbye
15.479462146759031,7,-1,0,-16,-1,-13,-14,-6,3,7,8,15,20,17,goodbye
15.479462146759031,14,6,12,-1,-2,-14,-12,-6,-4,0,20,19,19,13,goodbye
15.494982719421388,16,22,8,13,0,-6,0,1,5,3,29,14,23,4,goodbye
15.494982719421388,11,19,5,8,1,-14,-1,-2,0,2,19,8,17,-2,goodbye
15.510085821151732,23,18,17,1,0,-15,-2,1,3,-4,21,24,18,5,goodbye
15.510085821151732,40,32,24,15,7,-2,5,8,18,2,37,39,27,19,goodbye
15.526095151901243,30,33,23,22,14,-5,2,0,2,-1,26,26,18,12,goodbye
15.526095151901243,12,26,15,16,11,-10,-15,-7,-13,-14,8,12,7,0,goodbye
15.542227506637571,12,24,10,13,5,-6,-31,1,-2,-9,9,13,6,0,goodbye
15.542227506637571,0,11,5,4,7,-8,-35,4,0,0,4,5,-6,-5,goodbye
15.5585834980011,-21,-10,-8,-2,1,-5,-17,-6,-11,0,-10,-12,-23,-17,goodbye
15.5585834980011,-19,-15,-4,-9,-9,11,10,-5,-19,-9,-18,-14,-26,-16,goodbye
15.573301792144775,-5,-10,-2,-5,-4,22,28,-1,-20,-13,-12,-12,-22,-6,goodbye
15.58854866027832,0,-7,-3,12,6,19,30,0,-14,-8,0,-14,-12,3,goodbye
15.58854866027832,0,-3,0,14,8,24,33,9,-4,0,0,-10,-10,2,goodbye
15.605100393295288,-6,-5,-11,0,10,26,33,2,0,5,-19,-21,-24,-9,goodbye
15.605100393295288,-11,-9,-11,-5,8,9,12,-4,-1,2,-31,-26,-24,-8,goodbye
15.605100393295288,-10,-8,-12,-1,2,-2,-4,3,4,6,-17,-13,-10,-2,goodbye
15.620054244995115,-9,-7,-18,1,5,1,-1,1,8,13,-7,-11,-7,-4,goodbye
15.620054244995115,-5,0,6,9,4,4,0,5,3,11,-12,-7,-8,2,goodbye
15.63608193397522,-2,9,3,13,-3,-3,0,0,6,10,-4,0,6,6,goodbye
15.63608193397522,-2,3,-4,5,-4,-14,-3,-9,6,7,6,3,17,2,goodbye
15.651238679885864,-4,-5,14,-3,-5,-11,-7,-1,0,1,8,12,15,2,goodbye
15.667404651641846,-10,-16,-4,-3,-9,0,-2,-2,9,0,2,4,9,-5,goodbye
15.667764902114868,-5,-8,-3,-4,-3,6,-3,-1,7,-13,-7,-3,0,0,goodbye
15.683434009552002,6,7,13,5,0,4,-11,3,-3,-15,-1,8,1,11,goodbye
15.683434009552002,8,-2,-19,10,-10,-10,-11,-5,5,4,13,9,14,8,goodbye
15.683434009552002,16,-2,21,-6,-14,-8,-12,17,10,12,11,19,15,17,goodbye
15.700050354003906,16,15,24,7,0,5,0,9,13,14,16,24,16,14,goodbye
15.714095830917358,-1,-7,-87,18,-3,-15,10,-41,14,16,16,-15,9,-15,goodbye
15.714095830917358,1,-23,8,-44,-18,-18,-7,9,-19,-14,-12,-11,-7,-4,goodbye
15.729331970214844,10,6,101,-51,-2,25,1,48,-26,-23,-13,20,0,15,goodbye
15.729331970214844,-8,0,-57,9,17,14,23,-25,5,-1,2,-19,4,-16,goodbye
15.74543046951294,-13,-18,-51,-7,1,-23,-10,-24,-11,-14,-10,-37,-20,-24,goodbye
15.74543046951294,-4,-2,43,-30,-5,-5,-24,20,-23,-3,-4,-1,-10,0,goodbye
15.760645627975464,-1,0,-17,3,3,0,-3,-9,6,30,18,2,19,0,goodbye
15.760645627975464,7,1,0,4,0,-17,-10,-7,11,11,11,11,12,2,goodbye
15.776394844055176,4,7,19,-5,-1,-4,0,4,9,-6,7,22,4,10,goodbye
15.776394844055176,-2,0,0,-12,-4,-3,18,-1,3,-10,4,9,3,7,goodbye
15.792302131652832,3,6,25,-14,-9,-3,12,13,-3,-15,-3,9,-4,2,goodbye
15.792302131652832,0,14,-30,9,3,9,15,-9,16,5,1,0,-5,-11,goodbye
15.807291746139526,-4,16,16,0,14,12,3,6,0,-8,-5,7,-16,-3,goodbye
15.807291746139526,4,34,70,0,16,14,-6,28,-18,-23,-2,22,-7,6,goodbye
15.822675704956056,4,13,-78,38,20,-1,4,-42,9,12,22,-14,16,-13,goodbye
15.822675704956056,7,-6,-24,19,10,-11,-7,-14,-5,2,0,-14,-9,1,goodbye
15.838681936264038,14,21,87,14,5,16,0,40,-18,-15,-15,17,-20,20,goodbye
15.838681936264038,9,17,-23,45,7,9,17,-17,13,12,3,-7,5,-2,goodbye
15.853852987289429,4,-3,-18,18,-2,-10,-12,-6,1,8,0,-9,-2,1,goodbye
15.853852987289429,-1,-2,31,2,-2,7,-15,15,-10,0,0,11,-3,10,goodbye
15.869205236434937,-3,-11,-14,11,1,6,5,-14,-2,6,10,-5,13,-3,goodbye
15.869205236434937,-1,-11,0,3,-1,-2,1,5,-10,1,-1,-12,-1,-1,goodbye
15.884750366210938,-10,-8,-6,0,-3,0,0,5,-10,-7,-23,-14,-23,-12,goodbye
15.884750366210938,-20,-23,-26,-17,-14,-9,-7,-8,-9,-23,-35,-24,-26,-27,goodbye
15.90041732788086,-13,-23,0,-26,-19,-10,-11,4,-3,-14,-20,-13,-14,-9,goodbye
15.90041732788086,-5,-9,-3,-5,-6,2,2,-2,13,23,0,-1,2,6,goodbye
15.916585206985474,-8,-4,-5,-3,0,11,5,0,7,27,0,-2,4,8,goodbye
15.916585206985474,-11,-1,0,0,2,18,8,5,0,12,4,-2,3,6,goodbye
15.932493686676024,-5,-3,-6,0,5,11,11,0,11,11,9,0,8,5,goodbye
15.932493686676024,0,0,7,-11,0,3,3,13,15,6,1,6,9,11,goodbye
15.948602676391602,0,-2,0,-13,-2,0,5,6,19,9,3,6,12,7,goodbye
15.948602676391602,-11,-19,-22,-19,-8,-14,2,-17,11,2,3,-8,8,-12,goodbye
15.96432113647461,-13,-17,4,-29,-9,-7,-8,-4,-18,-24,-10,-10,-7,-16,goodbye
15.96432113647461,0,5,-3,-2,0,5,-1,-8,-18,-19,-3,-3,2,-7,goodbye
15.979981660842896,18,6,-19,9,0,-12,1,-14,-1,2,10,6,21,4,goodbye
15.979981660842896,26,6,37,-7,-8,-11,-13,22,-2,1,7,30,14,23,goodbye
15.99655795097351,17,18,26,4,0,3,-3,10,13,7,20,26,17,16,goodbye
15.99655795097351,11,13,-22,13,5,-9,5,-10,23,12,24,2,23,-1,goodbye
16.012574434280396,15,3,13,-3,0,-9,-4,13,12,0,1,13,11,8,goodbye
16.012574434280396,15,4,14,-5,4,6,2,10,19,2,4,26,9,19,goodbye
16.028623580932617,14,8,-19,-1,8,-6,13,-3,16,3,20,14,13,10,goodbye
16.028623580932617,11,18,10,2,8,-16,4,2,-12,-7,15,5,-1,-2,goodbye
16.044238567352295,5,23,23,24,14,1,1,-3,-20,-4,6,1,-14,-5,goodbye
16.044238567352295,0,12,-2,24,11,5,0,-13,-8,-2,0,-8,-20,-11,goodbye
16.059770822525024,-9,3,-2,1,-2,-10,-12,-9,-17,-20,-11,-16,-32,-28,goodbye
16.059770822525024,-24,0,-4,-9,-6,-11,-21,-3,-39,-29,-22,-22,-39,-33,goodbye
16.082670211791992,-28,-6,-17,-10,-5,0,-19,-6,-39,-22,-24,-21,-28,-22,goodbye
16.082670211791992,-10,-3,2,-4,-2,4,-13,-1,-15,-10,-15,-5,-8,-8,goodbye
16.082670211791992,8,1,11,14,11,11,1,4,8,12,-3,5,5,9,goodbye
16.09221386909485,0,-11,6,7,9,17,4,1,6,16,-11,-4,0,13,goodbye
16.107228994369507,-17,-24,-4,-15,-7,17,-2,3,-1,-3,-28,-21,-20,-1,goodbye
16.107228994369507,-19,-19,-20,2,-1,18,12,4,7,0,-16,-22,-15,0,goodbye
16.122517347335815,-7,-6,-1,17,8,16,28,6,21,16,0,-7,4,13,goodbye
16.122517347335815,-3,-4,4,-1,-2,14,20,7,24,14,-1,-1,10,16,goodbye
16.138044595718384,-3,-8,-15,-8,-10,11,12,0,20,14,0,0,11,15,goodbye
16.138044595718384,0,-6,-10,-2,-3,0,5,0,12,11,4,11,24,16,goodbye
16.153570652008057,4,-5,-13,-8,-2,-23,-10,-5,0,-4,7,12,26,-8,goodbye
16.153570652008057,7,3,-2,-11,-8,-30,-23,-7,-24,-25,12,6,1,-28,goodbye
16.16942548751831,10,22,19,6,-5,-19,-16,2,-25,-20,21,12,-3,-10,goodbye
16.16942548751831,16,21,15,20,2,-12,-4,4,2,2,27,13,13,7,goodbye
16.184884786605835,15,8,15,21,1,0,3,7,20,21,18,4,8,11,goodbye
16.184884786605835,0,-2,0,15,-3,15,16,3,22,29,3,-8,0,11,goodbye
16.20036292076111,-5,-19,-13,-16,-9,6,9,-1,14,21,0,-7,11,13,goodbye
16.20036292076111,8,-15,-2,-37,-9,-7,-10,-3,0,2,7,14,19,13,goodbye
16.216221809387207,14,5,5,-13,0,-11,-17,-22,-18,-17,11,19,7,-5,goodbye
16.216221809387207,2,16,6,1,6,-7,-12,-14,-34,-33,-2,0,-17,-22,goodbye
16.231393814086914,-4,14,1,9,7,6,2,12,-17,-19,-11,-8,-27,-15,sil
16.231393814086914,-2,11,5,27,9,17,20,17,2,8,-7,-4,-15,0,sil
16.247085094451904,-10,-2,5,17,4,20,29,11,15,28,-10,-11,-2,5,sil
16.247085094451904,-20,-19,-13,-10,0,16,40,6,34,35,-22,-18,4,9,sil
16.2623291015625,-2,-13,-8,-12,0,-1,26,0,31,15,-22,-4,5,11,sil
16.2623291015625,9,-5,0,-3,0,-20,-15,-11,-2,-6,-10,8,2,0,sil
16.277985334396362,-6,-11,-10,-17,-1,-16,-34,-12,-21,-13,-4,1,2,-8,sil
16.277985334396362,-12,-11,-10,-27,-3,-8,-25,-1,-10,-17,-4,0,7,-6,sil
16.293064832687378,2,0,-2,-13,-1,-9,-23,-3,-2,-20,1,4,3,-4,sil
16.293064832687378,11,11,9,0,7,0,-18,-2,-6,-14,8,8,-1,1,sil
16.309152364730835,9,19,8,3,10,9,-1,2,1,-1,21,12,6,7,sil
16.309152364730835,7,7,0,-3,-4,-4,0,1,8,0,22,12,8,0,sil
16.324430465698242,4,-3,-2,-15,-18,-20,-11,1,-7,-9,6,3,-4,-6,sil
16.324430465698242,6,4,-1,-4,-8,-15,-5,-2,-17,-13,9,1,-10,-4,sil
16.3399920463562,10,17,13,13,4,-2,1,-1,-6,-11,15,7,-11,0,sil
16.355526208877563,0,10,20,15,7,8,2,5,3,-8,0,-2,-16,-5,sil
16.355526208877563,-12,3,0,12,5,21,7,1,0,-6,-14,-24,-15,-12,sil
16.355526208877563,-7,6,-8,26,6,27,8,-4,-10,0,-9,-20,-9,-7,sil
16.371060132980347,1,4,1,34,11,21,8,-6,-14,3,-5,-8,-4,0,sil
16.371060132980347,-5,0,3,23,12,15,9,-1,-8,6,-8,-14,-6,-2,sil
16.38625741004944,-19,-10,-5,12,0,10,11,0,-2,15,-15,-21,-13,-6,sil
16.401582956314087,-18,-23,-13,-4,-16,-3,4,0,1,24,-15,-13,-6,0,sil
16.401582956314087,-8,-20,-13,-26,-13,-10,-1,6,11,19,-6,-1,8,8,sil
16.401582956314087,0,-9,-4,-13,0,0,2,8,18,14,-4,12,12,14,sil
16.417336225509644,1,-4,8,5,0,1,6,4,11,13,-7,21,10,16,sil
16.417336225509644,5,-1,3,-7,-5,-9,-3,-3,0,7,7,12,22,8,sil
16.4334397315979,11,0,0,-27,-9,-21,-13,-6,-2,-4,18,6,27,1,sil
16.4334397315979,8,0,2,-16,-5,-17,-6,0,7,-1,7,14,16,9,sil
16.449053287506104,3,7,0,3,4,-7,2,2,25,10,9,16,17,11,sil
16.449053287506104,13,12,8,5,9,-5,0,5,17,-1,25,13,17,6,sil
16.46415090560913,15,11,9,6,7,-3,-2,1,0,-23,23,10,0,-4,sil
16.46415090560913,0,10,0,7,9,8,8,-4,-10,-19,0,-2,-19,-15,sil
16.479770183563232,-11,3,1,5,8,21,20,1,-10,-2,-19,-14,-23,-7,sil
16.495391368865967,-6,-12,-1,8,-3,23,23,5,-5,5,-23,-17,-20,2,sil
16.495391368865967,-1,-14,-5,6,-11,11,9,1,0,7,-15,-12,-11,2,sil
16.495391368865967,-1,-8,-5,-7,-11,-8,-4,-3,0,0,-4,-1,0,0,sil
16.510305643081665,0,-15,-4,-20,-13,-21,-10,-11,-2,-8,-1,4,8,1,sil
16.526323318481445,6,-7,2,-18,-10,-15,-14,-5,-2,-6,3,8,11,0,sil
16.526323318481445,13,9,0,-11,-4,-13,-19,0,-4,-3,13,11,11,0,sil
16.526323318481445,14,9,-3,-10,-1,-20,-20,1,-11,-14,13,10,6,-2,sil
16.541380405426025,7,11,0,0,8,-11,-18,2,-9,-15,5,4,0,-7,sil
16.557236194610596,-2,23,4,15,17,3,-13,-2,-1,-3,4,-2,-7,-11,sil
16.557236194610596,-7,16,7,13,14,10,-2,-2,1,-1,8,-5,-10,-12,sil
16.57247519493103,-2,5,8,15,14,15,9,1,14,4,9,-2,0,-6,sil
16.57247519493103,1,11,10,26,9,14,7,5,15,8,-2,0,-2,0,sil
16.58803677558899,-13,2,-7,13,-3,9,-4,-1,-4,-2,-19,-12,-24,-9,sil
16.58803677558899,-33,-31,-29,-15,-8,5,-4,-11,-13,-3,-27,-30,-32,-15,sil
16.60412836074829,-21,-31,-12,-20,-3,10,8,0,-5,14,-24,-24,-14,0,sil
16.60412836074829,-2,-5,1,1,0,20,30,3,1,31,-18,-10,3,12,sil
16.619247436523438,-5,-7,0,0,-3,17,28,0,8,29,-16,-13,4,13,sil
16.619247436523438,-9,-16,-5,-22,-8,1,1,9,16,18,-5,-11,9,11,sil
16.634833097457886,4,-3,-7,-21,-3,-14,-9,3,12,6,15,9,21,6,sil
16.634833097457886,19,13,13,-6,1,-16,-5,-1,0,-7,22,28,23,8,sil
16.650782823562622,21,10,13,0,-1,-14,-6,0,-3,-14,23,30,19,8,sil
16.650782823562622,9,-2,-17,-2,-2,-21,-13,-7,-9,-18,22,16,9,-5,sil
16.66660451889038,-4,0,2,-8,0,-20,-14,-1,-26,-31,4,6,-5,-11,sil
16.66660451889038,-5,13,28,1,-4,-4,-4,7,-22,-28,-1,3,-4,-3,sil
16.682143449783325,6,16,2,21,0,3,3,-3,-5,-8,13,1,3,-1,sil
16.682143449783325,17,13,3,28,6,2,1,-11,-4,1,6,-3,-4,-3,sil
16.697412967681885,7,3,17,24,3,5,5,0,-8,1,-15,-7,-11,0,sil
16.697412967681885,-2,-2,-3,20,5,18,21,7,3,5,-10,-3,-5,4,sil
16.713420391082764,0,2,-3,23,15,25,27,4,19,15,3,2,0,8,sil
16.713420391082764,-4,1,9,14,5,17,16,3,13,13,0,-1,-8,2,sil
16.729360580444336,-15,-11,-11,0,-4,10,8,1,7,6,-14,-13,-15,-6,sil
16.729360580444336,0,-8,-9,-1,0,11,7,6,23,15,-7,-1,0,7,sil
16.744940519332886,15,0,13,0,-3,-2,0,8,38,31,12,19,23,25,sil
16.744940519332886,7,-8,4,-15,-17,-26,-15,-3,28,17,12,22,26,14,sil
16.760389804840088,5,-13,-2,-18,-11,-22,-19,-1,11,-3,-2,17,10,4,sil
16.760389804840088,10,-9,-3,-8,0,-10,-13,1,4,-3,0,12,8,3,sil
16.776617765426636,3,-11,-2,-21,-11,-22,-16,-12,-10,-9,11,6,13,-1,sil
16.776617765426636,1,-6,0,-32,-20,-27,-26,-15,-28,-28,11,9,5,-10,sil
16.79123091697693,1,5,-10,-20,-8,-19,-26,-9,-30,-30,9,8,-4,-20,sil
16.79123091697693,-5,15,-7,-12,9,-10,-17,0,-23,-20,9,0,-10,-19,sil
16.807331800460815,-3,20,1,0,17,2,-3,0,-19,-7,7,-10,-10,-9,sil
16.807331800460815,0,18,-3,12,14,8,3,-5,-22,-5,-2,-19,-9,-11,sil
16.82276153564453,-10,12,-7,6,12,12,3,2,-23,-12,-17,-26,-15,-13,sil
16.82276153564453,-20,2,-12,-2,13,21,2,5,-14,-5,-22,-38,-26,-13,sil
16.83839225769043,-26,-4,-10,0,8,20,0,2,-11,3,-29,-42,-31,-20,sil
16.83839225769043,-22,3,-4,10,6,25,12,2,-2,6,-29,-28,-22,-13,sil
16.85356640815735,-8,4,-4,22,13,33,28,2,13,15,-15,-18,-9,3,sil
16.85356640815735,-8,-9,-4,10,9,23,23,7,12,14,-17,-20,-14,6,sil
16.86954092979431,-12,-19,-6,-2,-4,13,21,3,17,16,-23,-18,-11,3,sil
16.86954092979431,-2,-17,1,-5,-8,12,29,1,32,25,-4,-3,9,13,sil
16.88507652282715,1,-13,6,-4,-10,5,25,4,38,24,10,2,21,16,sil
16.88507652282715,0,-16,0,-5,-13,-4,15,0,28,13,3,5,15,14,sil
16.901026725769043,10,-14,8,-13,-10,-11,9,0,12,5,-1,17,12,21,sil
16.901026725769043,18,-8,12,-11,-7,-23,-5,-2,3,0,7,27,20,20,sil
16.917299270629883,22,-1,18,0,-13,-33,-21,-4,1,0,27,41,27,16,sil
16.917299270629883,27,8,24,12,-10,-25,-20,0,-6,0,44,59,32,21,sil
16.93241858482361,23,13,9,13,-4,-20,-20,-4,-19,-13,36,51,24,10,sil
16.93241858482361,15,13,9,9,-8,-21,-21,-1,-15,-22,20,32,10,-5,sil
16.947784185409546,17,17,15,11,-5,-11,-13,0,-1,-10,27,26,14,-1,sil
16.947784185409546,15,18,10,5,2,-6,-20,-6,-8,-11,26,18,10,0,sil
16.963040351867676,5,13,1,-4,2,-12,-29,-6,-20,-25,4,3,-8,-9,sil
16.963040351867676,0,7,-7,1,8,-7,-14,1,-6,-14,-7,-5,-10,-11,sil
16.978237628936768,-1,9,0,11,12,7,-3,7,1,-2,-9,-13,-7,-9,sil
16.978237628936768,-5,10,1,9,3,6,-6,-2,-7,-4,-9,-22,-13,-16,sil
16.994256258010864,-13,5,-13,3,0,0,0,-6,-12,-3,-9,-19,-18,-22,sil
16.994256258010864,-19,0,-15,0,9,17,11,8,-5,-4,-13,-22,-24,-19,sil
17.010040998458862,-19,-1,-18,0,12,29,15,4,4,-1,-11,-30,-20,-14,sil
17.010040998458862,-16,1,-12,1,9,21,11,2,3,5,-8,-18,-7,-5,sil
17.025418758392334,-11,0,1,4,9,20,14,7,2,15,-8,-7,0,1,sil
17.025418758392334,-8,-13,-1,2,9,17,19,0,13,24,-8,-12,-4,6,sil
17.040693044662476,-12,-17,-16,-10,3,2,4,-3,11,21,-15,-14,-8,7,sil
17.040693044662476,-11,-12,-14,-12,-5,-3,-1,-3,-9,7,-21,-12,-4,2,sil
17.056498050689697,-3,-13,-9,-6,-8,4,18,-5,-12,1,-11,-12,-2,3,sil
17.056498050689697,-1,-11,-3,-2,-7,8,23,1,5,9,-2,-5,0,12,sil
17.072091102600098,-1,-2,3,0,-5,0,4,2,1,7,-9,-2,0,6,sil
17.072091102600098,8,-1,-7,5,-1,1,1,-9,-3,1,-9,-11,-1,-2,sil
17.08819580078125,13,-5,5,-8,-3,2,6,0,2,-7,-9,-7,-5,4,sil
17.08819580078125,0,-7,9,-22,-10,-6,0,5,-1,-20,-14,-1,-9,2,sil
17.103719472885132,-11,-17,-52,-9,-12,-24,-7,-22,4,-12,-4,-12,-3,-13,sil
17.10471820831299,1,-14,-12,-10,-11,-23,-15,-1,21,1,0,-3,5,0,sil
17.119343519210815,16,6,74,-20,-5,-1,-16,39,20,2,-6,21,11,23,sil
17.119343519210815,4,4,32,-15,-3,-3,-9,13,9,0,2,23,11,7,sil
17.134369611740112,2,5,8,-10,-4,-9,-5,0,0,0,22,22,12,0,sil
17.135371208190918,22,23,31,8,6,5,7,0,0,7,33,23,28,10,sil
17.150489568710327,21,19,12,18,11,-2,4,-10,0,0,28,19,26,4,sil
17.150489568710327,3,1,-7,0,0,-16,-17,-3,-7,-15,17,23,5,-7,sil
17.165492296218872,3,4,-9,0,0,-5,-18,-3,-9,-8,17,19,0,-8,sil
17.165492296218872,7,16,1,13,6,-2,-5,-4,-11,-5,14,1,0,-4,sil
17.184126138687134,0,14,-19,17,2,-7,0,-4,-11,-9,13,-9,0,-12,sil
17.184126138687134,-3,3,-22,14,-1,-2,-7,-9,-12,-11,15,0,-3,-16,sil
17.19646906852722,-2,8,17,1,0,1,-10,-4,-15,-11,15,16,-2,0,sil
17.21335506439209,-9,9,2,-1,10,4,-1,-2,-11,0,8,1,-1,4,sil
17.21335506439209,-8,2,-6,15,13,13,1,4,-14,1,-13,-16,-13,0,sil
17.21335506439209,-7,1,-5,36,10,24,12,7,1,13,-18,-14,-9,-1,sil
17.22769522666931,-15,-4,-22,33,11,18,21,-3,22,30,-4,-11,4,0,sil
17.243255853652954,-13,-13,21,11,7,11,9,10,5,15,-12,-2,-2,7,sil
17.243255853652954,-5,-14,4,10,0,3,16,-1,8,16,-15,-5,-2,9,sil
17.25844407081604,-4,-21,-56,-1,-9,-11,18,-22,22,20,-19,-29,0,0,sil
17.25844407081604,-9,-18,-4,-36,-16,-11,-7,6,0,-14,-41,-27,-18,-4,sil
17.273647785186768,-7,-18,8,-34,-12,-3,-6,9,1,-12,-24,-6,-13,0,sil
17.273647785186768,10,-21,-22,-26,-11,-7,5,0,26,16,15,8,10,5,sil
17.289498805999756,16,-5,9,-28,-11,-11,-12,8,6,-5,13,19,3,0,sil
17.289498805999756,1,13,16,-8,-2,-11,-29,-7,-28,-36,-1,6,-13,-15,sil
17.30501890182495,3,26,16,12,4,4,-15,-3,-27,-23,0,0,-12,-2,sil
17.30501890182495,14,27,32,22,6,28,11,19,0,12,9,11,4,20,sil
17.321043729782104,8,6,35,7,6,25,17,14,3,22,2,13,9,20,sil
17.321043729782104,5,-4,50,-20,-1,14,14,14,-3,7,-12,11,5,18,sil
17.337425470352173,7,-2,-14,-9,-2,6,31,-2,35,24,0,2,25,10,sil
17.337425470352173,7,-8,-79,1,0,-18,10,-27,43,22,20,-9,27,-4,sil
17.353384017944336,4,0,-5,-16,-6,-27,-36,-9,-16,-32,12,0,-5,-15,sil
17.353384017944336,-4,19,14,0,2,-8,-18,0,-34,-46,0,0,-15,-22,sil
17.369060277938843,-16,8,-30,25,11,3,15,-12,-20,-19,-10,-26,-21,-29,goodbye
17.369060277938843,-26,-11,-7,10,7,13,8,-9,-33,-17,-28,-38,-39,-27,goodbye
17.384639978408813,-28,-16,-5,-2,6,22,14,2,-12,-1,-23,-33,-18,-10,goodbye
17.384639978408813,-11,-14,-12,-4,3,13,22,9,27,24,-2,-15,14,7,goodbye
17.40038776397705,0,-11,0,-11,-6,-12,-10,3,17,10,3,2,9,4,goodbye
17.40038776397705,0,-2,-4,-18,-14,-38,-46,-8,-5,-15,7,14,4,-4,goodbye
17.416160345077515,8,8,4,-15,-16,-38,-42,-3,3,-8,18,32,16,3,goodbye
17.416160345077515,13,0,-4,-6,-9,-25,-18,-4,15,8,26,31,20,6,goodbye
17.431423664093018,15,-6,10,-11,0,-22,-18,1,-4,-5,22,29,14,5,goodbye
17.431423664093018,29,25,41,10,7,-11,-18,11,-19,-15,34,47,15,19,goodbye
17.44711470603943,35,38,-18,68,21,0,9,-18,5,23,50,24,26,20,goodbye
17.44711470603943,26,11,18,44,15,5,17,4,3,30,13,1,10,22,goodbye
17.462082862854004,3,9,106,2,0,37,15,54,-15,1,-31,10,-16,23,goodbye
17.462082862854004,-21,8,-17,35,11,46,38,-4,7,18,-21,-19,-18,-5,goodbye
17.47730302810669,-21,-10,-71,31,18,21,37,-30,14,29,-10,-42,-13,-17,goodbye
17.47730302810669,-14,-13,25,-15,3,22,16,21,-5,4,-22,-14,-12,-2,goodbye
17.493340253829956,-22,-17,-11,-11,-5,25,13,1,5,4,-21,-16,-4,-9,goodbye
17.493340253829956,-15,-22,-55,-11,-9,0,3,-21,18,7,-16,-28,-4,-8,goodbye
17.508984565734863,0,-10,8,-29,-13,-5,-7,6,8,-7,-15,-4,-7,7,goodbye
17.508984565734863,-4,-6,-3,-19,-9,2,-2,0,3,-10,-17,-4,-6,-1,goodbye
17.5240478515625,-9,-13,-39,-17,-7,-2,-7,-11,0,-5,-15,-14,-6,-11,goodbye
17.5240478515625,-4,-12,12,-41,-17,-10,-17,9,-1,-13,-4,3,-1,1,goodbye
17.540097951889038,-3,-11,-9,-32,-17,-13,-4,-2,14,-3,12,4,13,-1,goodbye
17.540097951889038,5,-8,-21,-6,-9,-31,-5,-12,5,0,12,6,13,-3,goodbye
17.556176900863647,21,19,96,-13,-9,-25,-31,37,-25,-21,3,45,0,16,goodbye
17.556176900863647,12,30,37,1,0,7,-6,14,2,-6,30,34,15,5,goodbye
17.57139015197754,5,7,-79,17,11,0,10,-44,16,6,36,-11,20,-21,goodbye
17.57139015197754,8,9,10,-5,7,-21,-22,-6,-34,-31,0,-5,-8,-15,goodbye
17.58652901649475,-6,13,8,0,10,-15,-18,1,-37,-38,-3,-9,-14,-19,goodbye
17.58652901649475,-10,4,-27,11,15,-2,5,-10,-14,-17,5,-21,-10,-18,goodbye
17.60207223892212,-2,15,36,14,11,17,10,16,-16,-8,-8,-1,-16,1,goodbye
17.60207223892212,-10,12,-9,45,13,21,14,-6,-9,9,-10,-17,-17,-10,goodbye
17.61816692352295,-8,1,-2,34,12,3,-5,-6,-27,-2,-19,-29,-34,-17,goodbye
17.61816692352295,-7,4,34,13,14,19,3,11,-21,0,-19,-7,-30,0,goodbye
17.634260416030884,-13,-16,-45,32,17,32,42,-18,23,43,-4,-17,2,8,goodbye
17.634260416030884,5,-21,28,5,-2,22,22,21,25,34,-18,1,4,32,goodbye
17.649311065673828,15,-1,38,-8,-11,16,8,24,49,37,0,31,22,37,goodbye
17.649311065673828,5,-24,-138,16,-2,-22,20,-54,83,59,37,0,50,7,goodbye
17.664457321166992,21,-33,-7,-28,-19,-45,-17,3,20,2,-2,14,21,28,goodbye
17.664457321166992,24,-1,126,-50,-30,-4,-21,54,0,-14,-15,50,16,47,goodbye
17.68006658554077,-3,-7,-35,-3,-10,-3,7,-24,31,26,20,9,39,5,goodbye
17.68006658554077,-5,-8,-22,-13,-8,-22,-18,-16,-20,-12,-2,-2,0,-14,goodbye
17.695104122161865,3,9,32,-21,-8,1,-19,16,-45,-46,-12,11,-14,-8,goodbye
17.695104122161865,3,0,-40,-2,-5,-2,7,-12,-3,-15,18,-8,10,-12,goodbye
17.710306644439697,6,9,24,-16,-11,-18,-9,13,-10,-25,13,0,-2,-6,goodbye
17.710306644439697,5,28,29,-6,-2,3,-8,10,-18,-27,13,15,-8,-9,goodbye
17.725335121154785,7,12,-20,1,3,2,0,-16,-10,-11,19,2,0,-15,goodbye
17.725335121154785,1,11,47,-22,-1,-2,-15,19,-21,-23,-5,0,-20,-12,goodbye
17.740983486175537,-23,10,2,0,6,12,-11,4,-8,-16,-16,-23,-30,-33,goodbye
17.757418155670166,-25,-6,-45,18,13,9,-8,-20,-2,2,-5,-27,-18,-32,goodbye
17.757418155670166,1,3,1,14,11,1,-5,2,7,25,19,13,6,7,goodbye
17.773101568222046,15,20,1,32,24,-2,4,-4,31,41,43,24,30,24,goodbye
17.773101568222046,7,17,21,25,24,0,0,-2,4,12,18,13,17,19,goodbye
17.773101568222046,-1,5,5,17,11,14,6,0,-18,3,-1,4,4,7,goodbye
17.787237644195557,-2,-9,-22,24,5,15,18,-9,-11,13,-3,-11,0,-2,goodbye
17.80327010154724,-8,-5,21,11,7,10,12,9,-14,-7,-27,-20,-24,-3,goodbye
17.80327010154724,-25,-10,-21,1,6,8,24,-3,-4,-8,-41,-34,-36,-18,goodbye
17.80327010154724,-29,-31,-42,-12,-13,1,21,-10,-12,-4,-43,-35,-32,-23,goodbye
17.81799554824829,-26,-28,-2,-22,-30,6,5,8,-22,-15,-42,-24,-27,-9,goodbye
17.833070039749146,-21,-13,-24,-17,-16,4,3,-2,7,-5,-24,-27,-13,-1,goodbye
17.833070039749146,0,3,-4,-18,-6,-2,0,2,9,-7,-18,-13,-8,9,goodbye
17.848198890686035,10,14,2,-1,-4,2,10,1,0,-6,-17,-4,-1,8,goodbye
17.848198890686035,7,-3,-1,0,1,0,16,-3,13,0,-10,-9,6,1,goodbye
17.863378524780273,3,-11,33,-25,2,-2,0,17,21,3,0,6,7,9,goodbye
17.863378524780273,0,-14,-34,-17,0,-6,-3,-11,35,27,24,11,28,4,goodbye
17.879435539245605,14,-19,-3,-19,-3,-21,-22,0,23,21,32,29,41,21,goodbye
17.879435539245605,31,10,98,-15,0,-5,-35,44,2,6,34,68,39,50,goodbye
17.895034074783325,28,18,-43,38,8,-5,-3,-24,27,39,56,39,55,21,goodbye
17.895034074783325,27,0,-56,17,-7,-42,-17,-32,6,15,37,17,33,3,goodbye
17.91037368774414,27,17,108,-30,-23,-24,-39,40,-33,-38,9,48,-5,16,goodbye
17.91037368774414,9,24,13,11,-3,5,0,-1,5,-12,21,14,-1,-12,goodbye
17.92642068862915,5,0,-57,19,4,-9,6,-36,13,-5,13,-22,0,-31,goodbye
17.92642068862915,11,12,39,-6,-2,-2,-5,6,-17,-26,5,10,-6,-8,goodbye
17.942264318466187,3,28,14,20,7,15,13,1,3,-8,14,8,-6,-11,goodbye
17.942264318466187,-4,9,-16,20,6,0,9,-10,0,-17,-15,-22,-28,-27,goodbye
17.958057165145874,-10,0,2,-6,0,2,-3,1,-37,-39,-38,-24,-38,-18,goodbye
17.958057165145874,-15,0,-14,4,9,22,9,-1,-36,-11,-20,-22,-22,-10,goodbye
17.973204135894775,-24,-2,-3,9,14,23,15,3,-25,5,-18,-24,-27,-13,goodbye
17.973204135894775,-26,-7,1,10,14,22,12,6,-15,9,-15,-19,-21,-5,goodbye
17.989271879196167,-7,-4,-3,22,15,21,10,1,2,24,3,-10,6,13,goodbye
17.989271879196167,-1,-4,12,14,6,9,-1,8,8,29,0,-4,9,22,goodbye
18.00516438484192,-16,-15,-8,-2,0,0,-2,7,8,27,-10,-6,4,14,goodbye
18.00516438484192,-20,-16,-19,-5,0,0,6,-3,10,21,-12,-9,5,6,goodbye
18.0206561088562,-11,-9,0,-1,0,6,10,-4,7,9,-20,-16,-6,2,goodbye
18.0206561088562,-12,-18,-18,-9,-7,5,14,-5,12,7,-19,-22,-5,-3,goodbye
18.036439418792725,-13,-20,-19,-26,-15,-4,4,0,15,6,-5,-1,9,-1,goodbye
18.036439418792725,-3,-3,0,-25,-14,-10,-10,1,6,-8,8,19,14,-1,goodbye
18.052409887313843,1,-7,-7,-21,-9,-12,-13,-3,0,-17,13,10,10,-10,goodbye
18.052409887313843,0,-22,-15,-40,-13,-15,-6,5,1,-20,-6,0,0,-12,goodbye
18.06717085838318,2,-9,-12,-36,-13,-17,0,0,8,-24,-25,-1,-10,-9,goodbye
18.06717085838318,16,14,6,-1,-1,-17,-7,-5,5,-23,-8,11,-6,-1,goodbye
18.089327573776245,30,24,19,9,0,-18,-12,4,-15,-19,26,26,11,8,goodbye
18.089327573776245,36,26,12,9,0,-15,-6,-2,-27,-18,33,21,16,12,goodbye
18.089327573776245,30,33,24,22,2,-7,-6,-8,-15,-13,14,16,1,12,goodbye
18.098403930664062,18,28,28,31,8,2,-9,0,4,4,19,17,3,11,goodbye
18.11399722099304,12,16,9,30,15,13,-3,7,15,20,38,14,14,15,goodbye
18.11399722099304,7,16,4,30,18,20,5,7,11,27,28,10,12,14,goodbye
18.129162073135376,-9,13,6,28,13,18,6,0,1,25,4,-1,2,1,goodbye
18.129162073135376,-21,-2,-1,18,11,15,8,-1,-3,10,-7,-20,-8,-6,goodbye
18.145044326782227,-16,-14,-6,11,7,19,21,1,9,12,-14,-23,-12,-6,goodbye
18.145044326782227,-11,-21,-7,-1,0,13,23,1,20,28,-10,-13,-2,-4,goodbye
18.160358667373657,-11,-26,-9,-14,-8,2,9,0,8,21,-10,-10,0,-1,goodbye
18.160358667373657,-13,-28,-15,-16,-14,-4,0,-3,-4,0,-28,-19,-15,-2,goodbye
18.175452947616577,-13,-27,-19,-21,-17,-11,0,-4,-4,-6,-34,-20,-17,-9,goodbye
18.175452947616577,-2,-17,-6,-33,-13,-13,-3,0,-9,-9,-11,2,-2,-7,goodbye
18.19155764579773,8,-1,1,-28,-7,-14,-12,-3,-18,-22,0,17,0,-5,goodbye
18.19155764579773,8,2,-4,-16,-6,-21,-24,-9,-19,-34,-3,9,-2,-13,goodbye
18.207266807556152,13,8,27,-17,-8,-20,-33,5,-20,-35,9,22,2,-8,goodbye
18.207661390304565,12,17,3,0,0,-7,-12,1,-9,-14,33,26,13,0,goodbye
18.22236680984497,0,16,-25,21,10,-2,1,-12,1,-5,15,-1,0,-2,sil
18.22236680984497,-5,23,66,13,11,15,-5,23,-8,-17,-18,1,-21,8,sil
18.23814105987549,-9,16,9,30,18,39,24,4,21,25,1,-5,8,13,sil
18.23814105987549,-14,-21,-101,32,16,21,48,-37,46,55,15,-37,28,2,sil
18.253214836120605,-9,-22,11,-12,1,9,19,18,9,8,-30,-22,-16,2,sil
18.26896333694458,-17,-8,27,-16,0,13,9,24,0,0,-32,-15,-23,-4,sil
18.26896333694458,-14,-21,-29,-16,-8,-4,5,-7,14,20,-1,-19,5,-3,sil
18.26896333694458,7,-10,20,-28,-14,-8,-5,13,13,9,-1,11,11,18,sil
18.28403878211975,9,4,-9,0,0,-9,-6,-6,17,0,1,13,10,5,sil
18.28403878211975,0,4,-18,0,-6,-27,-31,-13,-14,-26,7,2,0,-16,sil
18.300386667251587,3,20,21,-16,-14,-26,-37,5,-43,-43,13,15,-11,-13,sil
18.300386667251587,18,31,3,6,3,-16,-16,-7,-29,-25,29,20,0,-4,sil
18.31499147415161,25,29,19,25,8,-3,-11,0,-13,-12,32,26,8,1,sil
18.31499147415161,17,23,26,40,3,12,1,4,0,12,23,23,16,11,sil
18.330436944961548,17,13,21,45,7,18,7,2,1,34,9,14,16,29,sil
18.3464515209198,18,6,16,31,14,25,4,8,3,33,2,10,12,31,sil
18.3464515209198,0,-6,-18,19,14,19,16,-2,20,31,-7,-8,8,8,sil
18.36349534988404,-12,-17,17,-9,-2,4,11,14,6,7,-32,-15,-14,2,sil
18.36449718475341,-23,-24,-12,-24,-17,4,14,0,4,0,-27,-19,-24,-9,sil
18.36449718475341,-26,-40,-81,-25,-16,-12,19,-33,20,7,-10,-37,-10,-26,sil
18.378356218338013,-4,-17,34,-42,-12,-17,-6,17,-10,-20,-15,-7,-11,-9,sil
18.394407987594604,0,9,9,-15,3,3,1,1,-7,-18,10,5,0,-14,sil
18.394407987594604,-17,-18,-128,0,5,-18,16,-61,13,-3,18,-34,0,-43,sil
18.41031789779663,-17,-16,14,-42,-9,-28,-17,8,-32,-44,-30,-21,-41,-28,sil
18.41031789779663,-15,23,80,-19,0,16,-10,41,-40,-41,-31,-1,-41,-14,sil
18.42714786529541,-18,5,-44,20,6,20,21,-13,-1,2,-6,-29,-9,-17,sil
18.42714786529541,-3,-18,0,-5,-13,3,11,2,0,6,-16,-8,-1,11,sil
18.42714786529541,16,-2,41,-9,-4,11,2,21,16,17,0,35,21,40,sil
18.442771911621094,24,6,0,11,8,-2,-6,0,42,34,32,39,51,42,sil
18.442771911621094,36,15,26,12,6,-15,-24,3,26,24,43,45,50,37,sil
18.45797562599182,47,35,34,36,22,1,-14,2,11,15,50,48,42,27,sil
18.45797562599182,28,32,15,53,30,11,-2,-6,-3,-2,35,21,21,10,sil
18.47213077545166,-10,4,4,19,4,11,0,-1,-16,-10,-5,-9,-7,-6,sil
18.487380981445312,-25,-22,-28,-19,-12,5,11,-4,2,7,-27,-22,-12,-14,sil
18.487380981445312,-13,-27,-24,-30,-8,-12,2,-5,14,3,-22,-16,-6,-10,sil
18.502475261688232,-6,-1,-2,-20,-5,-24,-21,-1,-8,-23,-6,-7,-9,-15,sil
18.502475261688232,-16,9,-12,-11,-5,-16,-22,-2,-30,-30,-4,-13,-22,-27,sil
18.51802015304565,-34,-14,-25,-13,-10,1,-3,0,-19,-12,-30,-38,-38,-26,sil
18.51802015304565,-32,-32,-20,-16,-18,6,11,6,13,15,-34,-41,-23,-10,sil
18.53410482406616,1,-11,4,-19,-13,-7,8,12,25,18,-4,-3,9,12,sil
18.53410482406616,22,10,11,-11,0,-13,-3,3,-1,-8,11,21,11,13,sil
18.549744606018063,13,16,5,10,0,-2,-6,-13,-27,-25,5,9,-6,-13,sil
18.549744606018063,10,26,23,25,3,2,0,-4,-25,-12,8,13,-4,-14,sil
18.56606721878052,15,28,20,32,13,8,2,0,-16,8,26,20,9,5,sil
18.56606721878052,5,9,4,26,13,16,-4,-9,-16,8,17,1,0,5,sil
18.58198380470276,-2,0,6,21,5,19,-1,-2,-4,9,-1,-2,-7,1,sil
18.58198380470276,7,1,5,30,11,17,23,1,23,36,9,11,11,19,sil
18.597074508666992,12,-3,13,22,13,19,36,5,38,44,18,12,26,32,sil
18.597074508666992,-4,-21,-3,-12,-6,8,22,7,32,12,-1,-1,11,13,sil
18.61216688156128,-20,-33,-31,-40,-24,-19,-2,0,17,-17,-14,-11,-6,-13,sil
18.61216688156128,-16,-24,-13,-37,-21,-20,-18,4,4,-28,-6,-6,-9,-15,sil
18.62826418876648,-1,-5,-1,-15,-9,-5,-9,2,-1,-20,5,2,0,-7,sil
18.62826418876648,17,10,8,2,2,-11,0,-2,-8,-13,21,22,12,3,sil
18.64308452606201,31,32,28,20,17,-9,1,1,-16,-15,26,33,15,15,sil
18.64308452606201,13,37,8,27,24,1,0,0,-22,-18,3,7,-1,1,sil
18.65882110595703,-15,14,-16,11,13,6,0,-2,-29,-18,-25,-24,-27,-18,sil
18.65882110595703,-14,-9,-10,2,3,15,5,-4,-4,6,-26,-22,-18,-3,sil
18.67408800125122,-1,-14,-4,-4,0,15,3,-2,22,35,-17,-7,7,21,sil
18.67408800125122,-4,-10,-18,-23,-7,-3,-11,1,20,27,-22,-10,11,17,sil
18.690004348754883,-13,-20,-31,-40,-15,-15,-15,0,18,8,-27,-21,1,0,sil
18.690004348754883,-18,-31,-27,-54,-16,-19,-19,-2,15,2,-28,-24,-7,-11,sil
18.70606064796448,-16,-26,-22,-52,-15,-24,-29,-6,-8,-6,-21,-17,-13,-21,sil
18.70606064796448,-3,-6,-4,-22,-10,-20,-21,-5,-28,-17,1,-1,-7,-25,sil
18.72119140625,0,13,14,1,0,-3,-7,5,-19,-16,26,4,-7,-17,sil
18.72119140625,-2,16,15,11,12,8,-1,3,-9,-14,23,-3,-19,-17,sil
18.73634433746338,0,15,20,28,18,17,12,-2,-12,-6,4,-2,-19,-17,sil
18.73634433746338,0,15,20,44,15,25,27,-1,-13,3,3,0,-3,-4,sil
18.7520751953125,-1,8,14,39,5,26,30,4,0,4,10,-2,3,10,sil
18.7520751953125,6,-1,12,22,0,23,35,14,23,14,8,6,8,18,sil
18.76814675331116,12,-8,12,5,-1,7,30,8,30,27,7,17,24,24,sil
18.76814675331116,18,0,9,7,-3,-7,9,-1,23,20,10,19,35,31,sil
18.78335547447205,32,13,14,19,-1,-14,-4,-1,26,15,20,33,41,37,sil
18.78335547447205,29,5,15,1,-3,-22,-12,3,23,15,32,45,46,31,sil
18.79901885986328,10,0,-6,-17,-8,-26,-18,-7,1,1,29,26,31,9,sil
18.79901885986328,10,19,15,-1,-3,-11,-23,-5,-18,-23,15,17,-1,-1,sil
18.81412124633789,9,27,9,21,7,8,-19,-1,-19,-29,8,12,-15,-10,sil
18.81412124633789,-14,0,-60,18,11,2,-6,-24,-20,-21,-6,-24,-23,-37,sil
18.82974314689636,-21,-6,31,-14,1,4,-9,14,-49,-35,-41,-25,-50,-30,sil
18.82974314689636,-18,11,54,4,6,40,10,29,-20,-8,-32,-9,-39,-13,sil
18.84535789489746,-26,-18,-129,47,19,24,41,-50,39,45,-5,-52,-2,-35,sil
18.86109662055969,-14,-39,-31,-12,-4,-17,1,-7,-4,3,-41,-41,-26,-13,sil
18.86109662055969,-5,-9,111,-58,-27,0,-18,63,-34,-24,-51,11,-34,21,sil
18.86109662055969,-19,-17,-80,-10,-11,0,13,-23,29,28,3,-22,11,-7,sil
18.876201391220093,-10,-37,-79,-22,-13,-39,-9,-31,24,8,2,-32,11,-4,sil
18.876201391220093,8,-4,91,-51,-24,-23,-33,42,-11,-28,-16,29,-1,32,sil
18.89178681373596,12,10,6,-12,-5,-4,-4,4,13,9,24,34,28,18,sil
18.89178681373596,19,3,-48,3,5,-20,-7,-20,13,13,50,9,31,6,sil
18.90710020065308,21,18,34,-3,1,-15,-22,10,-12,-16,32,23,4,19,sil
18.90710020065308,12,23,19,11,6,1,-6,0,-9,-11,17,23,-1,9,sil
18.923088550567627,2,10,-15,12,11,6,3,-17,-13,-9,0,-5,-10,-13,sil
18.93929362297058,-11,7,0,6,15,19,9,-7,-20,-15,-21,-29,-26,-24,sil
18.93929362297058,-21,4,0,13,17,33,20,4,-7,-3,-25,-28,-25,-19,sil
18.93929362297058,-19,-3,0,13,6,30,18,11,4,13,-19,-13,-10,-7,sil
18.954834699630737,-12,-3,0,12,1,23,22,5,16,34,-14,-7,4,0,sil
18.954834699630737,6,2,10,22,8,21,35,0,29,47,0,0,22,10,sil
18.97036647796631,21,9,28,20,8,11,27,7,35,34,11,17,27,26,sil
18.97036647796631,10,2,9,0,4,-5,1,3,33,20,2,13,23,23,sil
18.98645853996277,-3,-14,-12,-18,1,-15,-9,-9,18,6,-11,-3,18,0,sil
18.98645853996277,0,-17,-7,-26,-10,-15,-2,-1,0,-12,1,8,14,-9,sil
19.002016305923465,7,-12,-10,-32,-21,-20,-5,0,-2,-24,26,22,13,0,sil
19.002016305923465,2,-18,-11,-39,-22,-32,-28,-6,-9,-34,12,5,2,0,sil
19.017146348953247,-2,-4,-4,-18,-18,-28,-33,-4,-20,-32,-8,-2,-9,-14,sil
19.03319716453552,6,25,3,12,-7,-12,-19,-3,-17,-17,8,13,-7,-16,sil
19.03319716453552,12,29,14,21,8,-1,-14,-1,-16,-17,20,20,-7,-5,sil
19.03319716453552,-7,6,2,19,12,3,-9,-2,-33,-24,2,-1,-18,-10,sil
19.04944658279419,-21,0,-8,15,1,1,-2,-6,-43,-19,-9,-18,-24,-16,sil
19.04944658279419,-7,8,2,16,4,0,0,-3,-29,-9,0,-11,-17,-6,sil
19.06404972076416,1,10,7,22,13,7,1,2,-11,0,0,-8,-8,0,sil
19.078929662704468,-3,3,3,16,4,16,-2,9,-9,12,-7,-11,-9,0,sil
19.078929662704468,0,-2,-2,11,0,18,0,3,-5,20,-2,-10,-5,5,sil
19.094088554382324,9,-3,2,9,5,17,17,0,7,18,0,-8,-2,13,sil
19.094088554382324,2,-7,9,-3,0,17,26,8,14,10,-19,-9,-12,12,sil
19.110195636749268,-5,-21,-9,-15,-7,6,25,0,20,18,-20,-14,-9,5,sil
19.110195636749268,6,-15,0,-8,-2,0,21,2,30,28,-3,-6,5,13,sil
19.12629222869873,11,1,16,2,1,7,15,14,41,25,0,6,15,22,sil
19.12629222869873,-3,-7,-7,-1,2,2,7,3,40,18,-5,6,15,7,sil
19.14215731620789,-7,-12,-13,-13,0,-1,1,-4,24,8,-6,4,12,-1,sil
19.14215731620789,6,3,2,-6,1,0,1,-3,20,6,-1,18,17,6,sil
19.15730619430542,11,2,-7,-6,2,-10,0,-7,23,5,11,28,22,8,sil
19.15730619430542,6,-1,-9,-20,-10,-27,-24,-5,8,-9,22,22,15,1,sil
19.17334198951721,2,10,3,-18,-19,-23,-33,4,-4,-18,26,17,10,-6,sil
19.17334198951721,0,8,-16,-12,-6,-15,-11,-1,-3,-6,18,6,13,-18,sil
19.18903875350952,0,-5,-2,-24,-5,-23,-14,-3,-19,-15,4,-2,0,-22,sil
19.18903875350952,-7,5,24,-14,-12,-19,-27,1,-42,-34,1,-1,-11,-16,sil
19.20418119430542,-13,14,-24,20,0,-3,-6,-15,-35,-22,4,-11,-6,-14,sil
19.20418119430542,-6,7,-11,19,10,8,1,-4,-32,-17,-7,-13,-12,-5,sil
19.22020721435547,-12,4,-1,18,8,16,1,0,-29,-18,-14,-13,-19,-7,sil
19.22020721435547,-19,0,-39,25,10,7,9,-18,-17,-11,-21,-28,-23,-20,sil
19.23629140853882,0,6,45,8,9,14,2,15,-26,-19,-30,-5,-37,2,sil
19.23629140853882,7,13,60,23,13,40,18,21,-13,1,-2,4,-21,14,sil
19.251065969467163,-7,-7,-21,35,11,23,25,-13,16,31,7,-22,1,2,sil
19.251065969467163,-5,-16,5,0,0,1,0,11,22,26,-14,-17,3,15,sil
19.26620817184448,0,-17,11,-15,0,11,6,14,32,33,-5,0,15,22,sil
19.26620817184448,4,-20,-6,-17,0,12,20,-1,35,36,4,0,19,16,sil
19.28129267692566,10,-8,2,-17,-4,-2,11,1,26,19,-2,7,11,15,sil
19.28129267692566,7,-8,-15,-11,-7,-15,0,-11,23,5,1,12,11,4,sil
19.297513723373413,11,-8,-5,-16,-7,-13,-11,-4,13,-2,9,17,16,3,sil
19.297513723373413,24,13,8,-9,0,-11,-16,3,-2,-4,21,23,19,3,sil
19.31305766105652,24,21,1,1,-1,-21,-23,-8,-24,-13,21,16,9,-6,sil
19.31305766105652,10,12,4,-7,-8,-19,-29,-5,-29,-25,8,1,-3,-9,sil
19.3291118144989,-2,10,-4,-9,-4,-9,-16,0,-12,-16,7,-2,-3,-11,sil
19.3291118144989,-7,14,-4,1,4,-4,3,1,-9,-12,6,0,-2,-19,sil
19.344512224197388,-17,6,-1,8,4,1,12,1,-13,-19,-10,-11,-19,-24,sil
19.344512224197388,-32,-10,-8,1,-5,5,6,3,-10,-19,-26,-31,-36,-25,sil
19.36007308959961,-25,-8,-6,5,-3,6,8,0,-5,-10,-20,-20,-26,-14,sil
19.36007308959961,0,5,4,31,11,19,26,-3,1,3,-2,4,-1,12,sil
19.37528967857361,9,0,15,24,6,21,23,5,6,10,-1,11,6,26,sil
19.37528967857361,5,-11,-1,0,-7,2,5,5,21,25,0,8,9,21,sil
19.39126443862915,6,-8,-6,-9,-6,-11,0,1,29,27,7,11,15,18,sil
19.39126443862915,0,-2,0,-11,-2,-10,-4,1,18,8,6,9,14,10,sil
19.40750527381897,-1,-6,-16,-10,-3,-9,-6,-7,19,8,7,4,17,1,sil
19.40750527381897,13,-2,13,-10,-1,-12,-10,5,17,11,13,18,18,9,sil
19.423067331314087,21,7,22,-4,-2,-11,-14,6,0,0,20,30,17,11,sil
19.423067331314087,10,10,-46,10,0,-18,-16,-27,-3,-6,32,14,22,-7,sil
19.4390869140625,-1,14,1,4,6,-15,-25,0,-25,-19,14,1,1,-13,sil
19.4390869140625,-13,17,61,3,10,18,-5,26,-38,-18,-9,-7,-20,-12,sil
19.45463800430298,-18,1,-53,36,21,31,31,-27,-1,19,-2,-32,-6,-18,sil
19.45463800430298,-7,-8,-50,28,13,10,15,-20,1,20,-13,-36,-11,-4,sil
19.46996569633484,-3,2,78,-9,-4,21,-9,39,-30,-11,-47,-17,-42,5,sil
19.46996569633484,-9,0,32,-6,0,41,16,19,-12,3,-40,-20,-31,0,sil
19.48497676849365,-6,-20,-38,-5,6,19,27,-13,15,23,-17,-27,-3,2,sil
19.48497676849365,-5,-25,-9,-27,-6,-4,3,0,7,5,-14,-12,-2,10,sil
19.50101923942566,-4,-17,11,-35,-18,-8,-12,8,-1,-20,-6,6,-9,0,sil
19.50101923942566,0,-7,7,-23,-17,-15,-13,-1,1,-23,1,14,-1,-5,sil
19.516541957855225,2,-3,-42,1,-7,-22,-4,-21,20,-3,8,0,15,-7,sil
19.516541957855225,9,-7,-18,-7,-6,-26,-13,-8,5,-10,9,3,15,0,sil
19.53208994865417,9,2,58,-34,-7,-14,-21,24,-21,-29,10,26,5,7,sil
19.53208994865417,3,13,-9,-7,5,-1,7,-2,5,-2,23,10,16,-4,sil
19.547459840774536,8,14,-41,18,17,-6,16,-17,21,17,28,0,20,-8,goodbye
19.547459840774536,8,22,27,12,11,-5,-5,7,-13,-1,9,5,-1,0,goodbye
19.562663555145264,-4,14,7,14,-1,0,-12,-6,-37,-23,-12,-13,-21,-9,goodbye
19.562663555145264,-15,-4,-10,13,-6,7,-1,-7,-22,-21,-27,-21,-26,-15,goodbye
19.578219175338745,-18,-13,-7,5,0,18,23,6,19,16,-21,-16,-11,-1,goodbye
19.578219175338745,-8,-16,-20,4,0,8,30,0,47,43,-5,-13,11,17,goodbye
19.594255685806274,9,-10,9,0,-7,-3,5,9,30,21,6,15,24,26,goodbye
19.594255685806274,14,2,5,3,0,-5,0,3,16,11,28,32,28,9,goodbye
19.61000967025757,22,20,7,12,8,-12,-2,-1,0,8,39,35,19,1,goodbye
19.61000967025757,30,38,42,26,9,-4,-12,11,-15,2,35,51,14,16,goodbye
19.62620115280152,13,27,-1,41,13,11,-4,-9,-1,8,34,29,11,6,goodbye
19.62620115280152,0,8,4,26,9,6,-3,-6,-9,-3,17,4,-7,0,goodbye
19.64187979698181,4,8,73,13,-1,7,-12,26,-27,-15,-10,16,-17,10,goodbye
19.64187979698181,0,-4,-3,20,-2,10,0,-1,9,11,-11,0,-1,0,goodbye
19.65711641311645,-5,-27,-66,-3,-5,-7,0,-24,32,17,0,-18,8,-6,goodbye
19.65711641311645,4,-15,25,-46,-18,-25,-24,11,-8,-24,-8,8,2,6,goodbye
19.67242693901062,8,4,35,-37,-25,-22,-30,10,-38,-42,-8,15,-6,-4,goodbye
19.67242693901062,-7,0,-30,-2,-14,-7,-20,-16,-31,-29,2,-13,-12,-26,goodbye
19.68795847892761,-28,-9,-24,0,2,12,0,-4,-19,-15,-11,-31,-14,-23,goodbye
19.68795847892761,-35,-16,-46,-6,7,14,27,-8,0,2,-32,-49,-9,-22,goodbye
19.703989028930664,-20,-15,-38,-12,5,6,24,-10,1,5,-40,-50,-14,-15,goodbye
19.703989028930664,-14,-1,25,-15,11,24,15,20,-2,0,-43,-26,-25,1,goodbye
19.719640493392944,-20,-7,-7,-12,17,36,33,15,17,15,-33,-27,-12,0,goodbye
19.719640493392944,-13,-21,-40,-29,12,19,34,0,28,28,-24,-36,0,-2,goodbye
19.735195636749268,-4,-14,-12,-46,6,6,14,4,13,21,-27,-33,-13,2,goodbye
19.735195636749268,-5,-6,-16,-17,5,0,2,-6,6,14,-19,-30,-14,1,goodbye
19.750343561172485,-4,-4,-5,0,2,-8,-5,-7,0,0,-6,-15,-3,2,goodbye
19.750343561172485,-1,1,11,-14,-1,-6,-7,2,2,-5,-1,1,0,2,goodbye
19.76644897460937,9,8,8,0,-6,-8,-1,0,13,3,13,18,6,8,goodbye
19.76695203781128,26,8,19,34,-6,-12,1,0,19,13,39,45,31,23,goodbye
19.78203129768372,25,1,22,24,-8,-14,-1,2,20,18,47,49,41,19,goodbye
19.783032655715942,13,4,14,5,-17,-19,-13,0,8,8,35,32,22,2,goodbye
19.798221349716187,17,14,18,19,-19,-25,-28,-2,-8,-6,38,37,14,2,goodbye
19.798221349716187,34,14,33,12,-4,-23,-27,1,-1,-6,53,56,24,17,goodbye
19.81328392028809,37,15,31,2,4,-8,-18,4,9,-7,48,48,16,16,goodbye
19.81328392028809,16,20,0,18,-1,-5,-21,-9,-10,-22,24,21,-1,-6,goodbye
19.82904028892517,-2,16,1,11,-5,-16,-27,-12,-40,-38,8,18,-8,-17,goodbye
19.82904028892517,-4,10,15,-4,0,-7,-12,-4,-40,-35,6,21,-6,-7,goodbye
19.84634304046631,0,9,-1,11,4,7,1,-12,-28,-18,-1,0,-10,-8,goodbye
19.84634304046631,0,10,-2,25,5,12,0,-2,-19,-6,-17,-14,-17,-13,goodbye
19.86094641685486,-14,8,8,30,9,19,4,6,-6,0,-14,-18,-13,-9,goodbye
19.86094641685486,-17,5,0,40,20,22,17,0,9,13,-4,-18,-3,-2,goodbye
19.875468969345093,-2,5,8,30,22,21,21,13,14,15,-17,-9,2,6,goodbye
19.89105582237244,-14,-11,-3,0,6,22,21,12,4,3,-35,-20,-2,2,goodbye
19.89105582237244,-41,-34,-50,-25,-2,21,22,-5,-7,-1,-40,-53,-20,-10,goodbye
19.90712332725525,-30,-28,-29,-33,-1,20,24,8,-5,-1,-38,-48,-26,-7,goodbye
19.90712332725525,-14,-15,-6,-25,-7,14,24,18,5,3,-28,-24,-14,-2,goodbye
19.90712332725525,-19,-23,-48,-19,-11,-4,15,-8,12,17,-17,-32,-3,-11,goodbye
19.9232656955719,-5,-18,-17,-30,-4,-7,5,-6,8,19,-20,-25,-3,0,goodbye
19.937536239624023,20,0,24,-29,2,8,15,14,20,25,-4,9,11,24,goodbye
19.937536239624023,22,-11,-17,-12,2,1,22,0,46,38,25,18,36,25,goodbye
19.953245162963867,4,-23,-13,-11,-5,-19,0,-5,33,17,8,3,20,11,goodbye
19.953245162963867,-7,-14,5,-25,-11,-22,-20,-3,9,-2,-23,-13,-10,-4,goodbye
19.96843647956848,-6,-5,-14,-34,-12,-21,-23,-10,10,4,-16,-20,-10,-18,goodbye
19.96843647956848,4,9,8,-11,-6,-11,-27,0,1,0,2,5,-2,-14,goodbye
19.983603477478027,19,23,22,28,8,-3,-22,-5,-15,-13,19,28,5,0,goodbye
19.983603477478027,21,12,6,23,9,-16,-22,-22,-19,-15,30,24,14,6,goodbye
19.99897646903992,11,8,24,-4,-7,-18,-35,-2,-26,-20,26,27,8,12,goodbye
19.99897646903992,14,29,24,14,-2,0,-24,7,-23,-16,27,33,11,10,goodbye
20.01413464546204,19,34,5,28,14,0,0,0,-2,-10,23,19,15,2,goodbye
20.01413464546204,0,11,8,-4,5,-6,6,10,8,-11,7,0,-4,-10,goodbye
20.03025794029236,-19,3,10,-17,-7,2,9,13,4,-7,4,3,-17,-18,goodbye
20.03025794029236,-12,13,7,5,-4,4,7,2,-12,-6,12,19,-4,-9,goodbye
20.04631757736206,12,10,5,11,0,-1,-6,-6,-27,-14,15,20,4,0,goodbye
20.04631757736206,25,7,26,5,4,6,-14,1,-30,-23,9,18,-1,10,goodbye
20.06230139732361,3,15,13,30,13,18,6,-2,-25,-18,-4,4,-10,5,goodbye
20.06230139732361,-21,0,-31,38,9,7,25,-15,-15,-4,-20,-26,-18,-11,goodbye
20.077971935272217,-9,-14,16,-2,-2,9,16,17,0,5,-24,-20,-17,0,goodbye
20.077971935272217,-1,-7,2,15,0,30,28,1,22,28,-5,-7,0,5,goodbye
20.09909701347351,-18,-18,-115,65,14,12,38,-59,25,41,13,-37,14,-7,goodbye
20.09909701347351,-9,-18,-14,13,1,-13,-7,0,1,11,-1,-19,8,17,goodbye
20.09909701347351,5,1,97,-39,-13,5,-27,52,10,5,-13,19,11,34,goodbye
20.10912704467773,-6,-19,-23,-12,-4,12,10,-8,34,25,-1,-9,17,3,goodbye
20.125170946121216,-16,-37,-31,-14,2,5,17,1,19,12,-20,-26,-9,-4,goodbye
20.125170946121216,-18,-14,12,-24,-1,13,16,33,34,22,-32,-14,-17,-3,goodbye
20.140303134918213,-4,-11,-33,-13,-13,-2,21,2,53,36,-4,-19,10,-12,goodbye
20.140303134918213,15,-8,27,-38,-18,-17,-12,13,2,-17,3,6,4,2,goodbye
20.155861616134644,3,-1,-18,-37,-3,-10,-22,-15,-24,-36,0,4,-8,-8,goodbye
20.155861616134644,-12,-22,-97,-27,-4,-33,-15,-57,-24,-27,-8,-27,-11,-36,goodbye
20.17137265205384,-1,-11,62,-54,-27,-33,-41,22,-57,-56,-31,13,-25,-7,goodbye
20.17137265205384,0,9,42,-35,-19,-4,-25,20,-30,-21,-9,26,-7,1,goodbye
20.18714714050293,0,0,-71,-3,-1,-24,-6,-39,18,23,20,-6,15,-16,goodbye
20.18714714050293,17,25,48,3,3,-18,-22,13,0,-4,5,15,4,0,goodbye
20.202211380004883,23,50,52,49,25,19,-3,11,-6,-2,8,18,1,3,goodbye
20.202211380004883,28,36,-3,56,31,3,-2,-27,-11,4,23,2,4,0,goodbye
20.21743893623352,32,41,48,33,18,-11,-29,0,-29,-8,35,36,15,17,goodbye
20.21743893623352,22,41,17,56,23,8,-6,0,-12,13,54,37,37,22,goodbye
20.23301196098328,11,21,10,60,29,22,25,7,6,25,36,12,21,19,goodbye
20.23301196098328,-11,5,0,40,24,32,43,12,27,29,3,-3,0,7,goodbye
20.248214960098267,-34,-21,-38,7,13,32,45,3,41,37,-16,-30,-11,-7,goodbye
20.248214960098267,-34,-36,10,-29,-4,31,33,31,25,12,-39,-34,-30,-4,goodbye
20.26385998725891,-39,-44,-65,-10,-10,24,44,-9,31,10,-31,-45,-18,-10,goodbye
20.26385998725891,-26,-52,-61,-25,-19,0,17,-19,11,-7,-26,-30,-9,0,goodbye
20.27998685836792,9,-11,142,-69,-32,10,-21,64,-31,-53,-35,37,-19,38,goodbye
20.27998685836792,11,12,14,-14,-19,17,17,4,6,-9,0,20,10,16,goodbye
20.29661750793457,3,-18,-151,12,-12,-38,20,-70,23,23,12,-30,23,-13,goodbye
20.29661750793457,22,-12,27,-37,-25,-54,-39,6,-25,-25,-10,19,-4,9,goodbye
20.31219244003296,20,9,49,-16,-17,-23,-37,12,-19,-26,3,39,6,8,goodbye
20.31219244003296,10,1,-44,10,-10,-29,-29,-33,-7,-3,19,3,17,-18,goodbye
20.32740950584412,16,10,18,0,-3,-25,-46,-7,-31,-13,10,12,0,-12,goodbye
20.32740950584412,14,21,18,18,18,-1,-29,0,-19,0,20,16,5,2,goodbye
20.343428134918213,4,13,4,18,13,-1,-24,-2,-14,0,21,1,11,-3,goodbye
20.343428134918213,-10,8,10,1,0,0,-24,0,-21,-13,7,-4,-2,-23,goodbye
20.359426975250244,-23,6,-17,6,13,14,1,-8,-9,-5,1,-20,-18,-34,goodbye
20.359426975250244,-26,7,-2,0,14,18,18,4,0,2,-1,-23,-24,-27,goodbye
20.375359296798703,-30,-3,-26,-9,0,13,27,0,6,3,-4,-31,-12,-28,sil
20.375359296798703,-27,-12,-7,-11,-3,14,28,9,5,-3,-21,-26,-9,-14,sil
20.39081859588623,-14,0,26,-10,4,27,37,25,15,7,-13,0,-1,15,sil
20.39081859588623,0,-12,-61,1,12,10,49,-17,44,46,12,-4,20,21,sil
20.40652370452881,19,-23,21,-15,0,-9,12,7,11,16,-20,1,-4,32,sil
20.40652370452881,18,5,116,-17,-10,11,-8,53,-11,-18,-48,21,-30,36,sil
20.42196297645569,0,0,-43,5,-1,3,10,-10,27,15,-13,-11,-2,1,sil
20.42196297645569,8,-19,-38,-10,-6,-23,-12,-14,23,15,-1,-13,10,0,sil
20.43803334236145,26,7,40,3,-2,-14,-30,10,15,1,15,24,17,15,sil
20.43803334236145,32,36,-8,47,22,-14,-23,-24,21,14,55,33,38,8,sil
20.453346729278564,36,42,30,46,25,-13,-39,-11,-17,-5,42,36,21,9,sil
20.453346729278564,13,23,17,45,14,6,-21,-4,-22,-5,16,13,0,4,sil
20.46929717063904,-7,-1,-29,31,11,11,7,-8,3,20,7,-8,0,2,sil
20.46929717063904,-9,-6,2,0,4,15,18,10,0,17,-2,-1,4,5,sil
20.48447346687317,-24,-26,-30,-9,-11,9,29,-11,-1,0,-9,-21,0,-17,sil
20.48447346687317,-36,-42,-23,-33,-26,-4,14,-8,-17,-26,-27,-33,-19,-28,sil
20.50043511390686,-33,-26,-10,-41,-24,2,5,0,-20,-27,-32,-20,-20,-19,sil
20.50043511390686,-24,-29,-46,-36,-24,-4,14,-11,-6,-24,-32,-28,-16,-17,sil
20.51649260520935,-1,-19,38,-52,-33,-14,0,28,-23,-52,-39,-3,-27,0,sil
20.51649260520935,19,13,32,-18,-15,-1,-1,17,-8,-27,-2,30,0,9,sil
20.53214144706726,30,18,-21,2,0,-11,-3,-16,9,0,32,29,22,10,sil
20.53214144706726,31,21,90,-27,-4,-10,-31,29,-24,-26,16,42,-3,23,sil
20.54729914665222,11,33,31,18,12,9,-12,5,-7,1,26,28,4,3,sil
20.54729914665222,0,17,-94,71,34,-1,6,-44,26,46,36,-11,17,-15,sil
20.5628502368927,3,6,14,29,24,0,-8,7,4,23,4,0,-9,5,sil
20.5628502368927,-2,11,29,19,23,31,8,16,9,29,0,2,-2,8,sil
20.578388214111328,-12,3,-40,34,21,29,26,-15,30,49,2,-22,16,-5,sil
20.578388214111328,-22,-15,0,-3,0,9,11,2,12,20,-21,-25,-2,-6,sil
20.594114065170288,-26,-27,-19,-28,-8,-7,0,2,10,4,-18,-26,-2,-11,sil
20.594114065170288,-7,-11,-36,-16,-5,-25,-9,-10,9,-1,7,-16,15,-9,sil
20.61016774177552,1,9,15,-11,-6,-22,-22,3,-12,-18,10,6,9,-3,sil
20.61016774177552,-2,4,5,-14,-10,-11,-18,4,-19,-26,9,6,0,-12,sil
20.625226259231567,5,4,-1,-9,-10,-11,-8,0,-16,-29,11,3,-1,-8,sil
20.64180517196656,7,17,19,8,-4,0,4,-2,-24,-24,-2,4,-10,6,sil
20.64180517196656,0,3,12,15,-2,16,16,-4,-24,-6,-27,-8,-25,8,sil
20.64180517196656,5,-17,14,0,-5,19,16,9,-2,5,-30,-8,-17,19,sil
20.65582227706909,15,-16,10,-4,-3,7,15,8,26,15,-2,5,9,32,sil
20.672290086746216,22,-10,3,-1,-1,-3,1,-3,30,16,14,16,20,26,sil
20.672290086746216,27,-2,12,1,0,-4,-20,1,16,4,8,23,14,12,sil
20.68721318244934,14,8,0,2,6,-11,-26,-5,1,-2,9,13,7,-5,sil
20.68721318244934,-4,14,-11,0,18,-18,-20,-11,-9,-5,9,-2,-10,-23,sil
20.70197105407715,-19,8,-8,0,22,1,-9,-2,-8,-4,-6,-16,-23,-34,sil
20.70197105407715,-39,-9,-15,5,9,21,7,0,0,11,-27,-35,-19,-35,sil
20.717494249343872,-42,-19,-13,1,-2,17,23,3,12,30,-11,-25,-4,-10,sil
20.717494249343872,-13,-12,-5,-5,0,11,27,8,34,40,31,16,29,21,sil
20.73340129852295,6,-2,-1,-16,-3,-1,14,4,24,13,40,38,43,20,sil
20.73340129852295,0,3,0,-11,-16,-17,0,0,-17,-29,15,17,11,-4,sil
20.74936270713806,-5,8,6,10,-12,-7,6,0,-35,-33,-3,-3,-16,-7,sil
20.74936270713806,4,5,14,8,-6,8,22,3,-22,-16,-23,0,-20,12,sil
20.764080047607425,15,-8,-3,-17,-19,-3,19,1,-14,-21,-43,0,-17,20,sil
20.764080047607425,18,-16,-13,-35,-29,-23,-9,-1,-17,-34,-33,-6,-12,10,sil
20.780025959014893,12,0,1,-23,-10,-15,-24,-3,-16,-33,0,8,-2,0,sil
20.780025959014893,16,22,12,7,13,0,-16,-10,-10,-22,6,15,0,0,sil
20.796101808547974,26,27,21,37,17,6,-18,-1,-4,-2,-7,0,-4,2,sil
20.796101808547974,18,16,18,48,13,13,-14,4,15,34,8,-6,7,7,sil
20.811380863189697,7,2,4,28,15,11,0,1,38,60,27,0,26,11,sil
20.811380863189697,3,-3,-8,-7,7,-4,-6,-1,29,40,11,0,20,-1,sil
20.82728409767151,-15,-4,-22,-21,-1,-19,-23,-6,-2,0,1,-10,-3,-34,sil
20.82728409767151,-33,7,-12,0,5,-10,-17,-4,-21,-15,8,-12,-20,-41,sil
20.84326386451721,-21,14,0,32,24,18,7,0,0,2,14,-11,-4,-15,sil
20.84326386451721,-18,-3,-2,28,28,36,21,2,17,18,13,-14,6,0,sil
20.85845303535461,-37,-28,-18,-10,7,26,13,5,-8,0,-8,-23,-10,-11,sil
20.85845303535461,-34,-32,-28,-23,-14,5,14,3,-17,-10,-31,-27,-19,-15,sil
20.87405800819397,-4,-22,-8,-14,-19,-1,28,9,11,5,-22,-8,-6,11,sil
20.87405800819397,16,-13,2,-19,-20,-3,24,7,32,16,-4,10,8,30,sil
20.88919472694397,26,-3,4,-28,-19,-19,0,0,29,8,6,21,17,27,sil
20.88919472694397,32,15,18,-19,-11,-27,-18,1,17,0,17,31,16,23,sil
20.904364824295044,25,21,14,-5,-5,-21,-24,-2,-7,-14,19,33,10,13,sil
20.904364824295044,18,14,8,-4,-7,-16,-25,-2,-31,-34,15,24,2,4,sil
20.920381546020508,17,13,15,0,-5,-11,-22,-4,-33,-30,14,13,-1,0,sil
20.920381546020508,8,16,21,20,6,5,-12,-15,-30,-11,9,4,-4,0,sil
20.9354407787323,0,18,21,37,24,28,9,-1,-16,7,3,1,-2,0,sil
20.9354407787323,-8,7,2,25,25,29,25,7,-2,21,-3,-10,-1,-6,sil
20.951155185699463,-21,-13,-10,0,6,13,22,2,0,18,-22,-25,-11,-17,sil
20.951155185699463,-25,-24,-11,-5,0,14,29,6,30,22,-27,-23,-6,-10,sil
20.967087745666504,-20,-25,-15,-8,1,7,28,5,52,23,-19,-13,3,-2,sil
20.967087745666504,-14,-23,-13,-25,-9,-17,-2,-3,12,-5,-22,-8,0,-5,sil
20.981938362121586,3,-8,-5,-19,-20,-29,-15,-11,-16,-28,-14,1,0,-2,sil
20.981938362121586,18,4,0,-5,-13,-22,-9,-4,-5,-23,5,10,4,2,sil
20.997104167938232,6,3,-7,-12,-4,-17,-21,-3,-8,-23,11,7,1,-1,sil
20.997104167938232,2,8,-5,-9,-1,-15,-30,-9,-25,-30,10,8,0,-8,sil
21.012315273284912,14,22,14,16,1,-3,-17,-2,-28,-28,9,12,-5,-9,sil
21.012315273284912,14,22,12,40,8,8,-1,1,-21,-11,8,5,-9,-7,sil
21.02798128128052,8,15,14,39,10,16,4,1,-18,3,16,10,1,9,sil
21.02798128128052,8,15,13,29,10,23,8,1,-2,18,14,12,10,28,sil
21.04318261146545,2,3,0,18,9,20,11,3,17,32,-6,-13,-1,19,sil
21.058385848999023,-9,-13,-9,3,0,16,18,11,31,47,-11,-25,-1,4,sil
21.058385848999023,-22,-28,-30,-25,-6,15,25,7,45,52,0,-16,15,2,sil
21.073457717895508,-26,-32,-30,-57,-6,0,8,2,36,22,-21,-25,1,-6,sil
21.073457717895508,-18,-15,-12,-43,-8,-14,-14,3,12,-10,-32,-28,-15,-23,sil
21.074459552764893,-6,0,-12,-16,-9,-18,-16,-3,8,-13,4,0,0,-18,sil
21.09041476249695,2,6,3,-23,0,-12,-9,4,10,-10,28,26,7,-2,sil
21.09041476249695,2,10,17,-10,4,-3,-6,5,-2,-13,16,19,-4,0,sil
21.10408091545105,0,7,7,24,0,-4,-6,-9,-21,-15,5,4,-9,-4,sil
21.1200532913208,0,8,6,29,0,-7,-6,-6,-38,-22,1,-1,-16,-8,sil
21.1200532913208,4,9,13,24,4,0,-1,1,-42,-20,-7,-7,-20,-8,sil
21.12105107307434,4,-2,8,18,0,13,7,0,-29,-4,-15,-14,-15,2,sil
21.134711503982544,3,-9,-8,4,-7,13,11,-4,-6,7,-10,-9,-4,13,sil
21.150717735290527,10,0,0,8,-4,0,7,-5,12,9,0,7,12,18,sil
21.150717735290527,18,-1,16,6,0,-8,-1,-5,15,2,2,21,30,21,sil
21.16653251647949,14,-15,0,-19,-4,-16,-13,-14,10,0,8,22,36,14,sil
21.16653251647949,16,0,-2,-25,-3,-18,-19,-4,7,0,26,29,28,5,sil
21.182573318481445,17,28,16,9,11,-1,-8,7,6,0,31,26,16,0,sil
21.182573318481445,1,21,14,24,21,7,9,5,-2,2,13,2,-1,-6,sil
21.198219537734985,-12,4,-2,7,14,5,16,4,-2,5,0,-9,-9,-7,sil
21.198219537734985,-15,0,-11,2,5,13,14,2,6,8,-5,-13,-10,-6,sil
21.213383197784424,-19,-4,-4,6,0,19,18,14,10,9,-10,-15,-15,-7,sil
21.213383197784424,-19,-13,-6,0,5,16,31,22,19,22,-6,-8,-8,-1,sil
21.22936034202576,-5,-11,-6,-2,4,14,30,4,26,28,-9,-6,1,6,sil
21.22936034202576,1,-10,-1,-6,-10,2,4,-4,12,3,-24,-18,-3,5,sil
21.245402812957764,-2,-23,-18,-24,-22,-23,-21,-9,-6,-17,-26,-21,-8,-2,sil
21.245402812957764,0,-17,-14,-32,-20,-25,-29,-10,-12,-13,-14,-1,-5,-1,sil
21.26099133491516,15,11,12,-12,-17,-7,-21,-4,-4,-9,-1,15,1,2,sil
21.26099133491516,18,15,8,-4,-13,-17,-27,-6,-1,-18,12,16,12,-2,sil
21.27619290351868,5,9,-4,-16,-7,-30,-39,-5,-21,-32,17,13,7,-9,sil
21.27619290351868,-2,23,3,-1,3,-10,-24,-4,-38,-35,12,2,-7,-11,sil
21.2915096282959,-8,24,12,23,11,12,-1,-3,-33,-23,0,-16,-19,-15,sil
21.2915096282959,-17,0,-1,21,5,18,6,1,-24,-2,-15,-25,-28,-20,sil
21.307084560394287,-18,-10,-10,12,2,21,18,3,-11,9,-14,-17,-26,-15,sil
21.307084560394287,-15,-1,-2,9,12,27,25,3,3,9,-7,-9,-13,-1,sil
21.32305312156677,-14,-3,-4,10,15,23,22,1,16,17,-7,-9,0,1,sil
21.32305312156677,-7,-11,-5,9,8,8,20,4,18,22,-1,-1,6,8,sil
21.33821439743042,4,-12,0,-1,0,3,15,3,21,17,8,6,16,22,sil
21.33821439743042,14,-12,4,-8,-8,-4,0,-1,27,15,9,11,29,27,sil
21.354224681854248,22,0,17,-5,-3,-17,-4,1,32,17,15,25,34,29,sil
21.354224681854248,21,1,9,-7,2,-16,0,0,31,13,22,27,30,21,sil
21.37029242515564,10,-12,-4,-22,-1,-13,-6,-1,16,-2,7,10,11,0,sil
21.37029242515564,4,-8,-1,-14,-3,-17,-14,3,-5,-12,1,8,0,-6,sil
21.38617706298828,8,10,1,5,3,-15,-12,-1,-23,-9,15,14,0,-1,sil
21.38617706298828,11,18,-1,8,4,-7,-10,-2,-23,-8,15,12,0,0,sil
21.40135288238525,14,16,5,15,4,1,-3,0,-9,-2,8,9,-4,2,sil
21.40135288238525,12,15,11,30,10,13,12,2,-6,10,11,7,-5,0,sil
21.41750955581665,-5,6,-4,21,11,21,19,5,-11,11,1,-6,-10,-12,sil
21.41750955581665,-24,0,-10,3,4,13,5,5,-9,-1,-15,-22,-22,-28,sil
21.43340229988098,-26,6,-14,13,6,14,6,-4,-8,-7,-18,-32,-28,-30,sil
21.43340229988098,-24,-2,-13,15,0,18,19,-10,-13,-8,-29,-38,-23,-10,sil
21.44903063774109,-24,-29,3,-24,-22,6,2,3,-5,-4,-43,-34,-17,4,sil
21.44903063774109,-16,-34,-53,-34,-23,-9,-9,-10,24,16,-19,-28,5,-4,sil
21.465099811553955,0,-15,-39,-17,-8,-19,-9,-9,29,16,-4,-6,16,1,sil
21.465099811553955,6,3,96,-40,-16,-7,-24,43,0,-19,-26,28,-2,23,sil
21.48102045059204,-4,-1,34,-38,-17,3,-16,12,10,-8,-5,22,4,5,sil
21.48102045059204,4,-16,-87,-9,-3,-18,0,-47,23,14,27,1,26,-12,sil
21.497150897979736,26,2,20,-11,-5,-28,-17,-3,-16,-18,9,20,9,8,sil
21.497150897979736,16,22,74,-8,-5,-6,-20,22,-30,-34,3,30,0,13,sil
21.51316380500793,2,11,-26,9,10,-2,-2,-19,-1,-4,30,5,13,0,sil
21.51316380500793,13,16,-7,19,19,-8,-1,-12,1,0,34,9,14,6,sil
21.52925658226013,21,35,62,38,10,1,-1,16,-2,-1,34,36,10,15,sil
21.52925658226013,8,19,-11,51,5,9,19,-8,14,24,46,17,15,0,sil
21.54477310180664,4,0,-21,23,13,4,22,-9,2,14,21,-6,0,-4,sil
21.54477310180664,6,9,64,11,18,18,10,26,-29,-26,-14,5,-17,7,sil
21.559848308563232,-6,1,-9,39,8,20,14,-4,-20,-15,-11,-7,-11,-3,sil
21.559848308563232,-9,-12,-30,19,1,5,9,-8,-5,1,-15,-22,-14,-6,sil
21.57550477981568,-3,6,48,-10,10,23,7,36,5,4,-28,-3,-17,9,sil
21.57550477981568,-19,-3,-57,11,9,26,23,-10,34,39,-10,-25,-2,-9,sil
21.590972185134888,-19,-29,-56,-10,-3,-4,2,-15,3,23,-19,-36,-15,-17,sil
21.590972185134888,-2,-9,60,-42,-4,-2,-17,33,-31,-17,-37,0,-22,1,sil
21.606613159179688,-13,-13,-67,-4,-7,-3,3,-26,12,11,-14,-19,11,-10,sil
21.606613159179688,-17,-40,-96,-15,-31,-32,-4,-34,19,14,-17,-39,10,-11,sil
21.622142791748047,1,-20,67,-64,-29,-19,-20,43,-13,-21,-41,0,-15,11,sil
21.622142791748047,3,-3,28,-42,-7,1,-4,17,14,-1,-17,4,0,4,sil
21.637624263763428,-3,-13,-58,-11,-7,-14,-8,-28,37,18,13,-3,21,-4,sil
21.637624263763428,2,-6,-33,-17,-5,-24,-15,-16,12,-3,24,12,22,-3,sil
21.653254747390747,11,10,-2,-21,8,-17,-8,-3,-14,-24,27,19,14,-2,sil
21.653254747390747,14,28,48,-10,7,-8,-14,9,-28,-34,18,24,-7,0,sil
21.66880750656128,10,36,45,21,7,3,-11,5,-17,-22,11,18,-17,-8,goodbye
21.66880750656128,5,21,0,38,19,11,4,-5,1,4,19,2,0,-8,goodbye
21.684441804885864,0,11,27,27,18,23,8,4,-4,9,19,2,2,5,goodbye
21.684441804885864,-11,16,27,38,6,32,11,3,-14,4,5,-2,-13,1,goodbye
21.70001983642578,-5,12,5,50,6,30,21,-1,-4,18,0,-5,-10,0,goodbye
21.70001983642578,6,-4,14,25,9,26,22,4,12,27,3,8,6,12,goodbye
21.71551632881165,0,-18,-6,-2,-7,7,6,0,19,11,-1,8,8,13,goodbye
21.71551632881165,-8,-13,-13,-4,-20,-13,-3,0,10,4,-13,0,3,11,goodbye
21.731409072875977,-6,-12,-3,-3,-10,-14,7,4,1,13,-17,-4,4,12,goodbye
21.731409072875977,-1,-17,-10,-19,-7,-13,9,0,-1,0,-10,-7,2,1,goodbye
21.746479749679565,9,-1,0,-18,0,-18,-11,2,-6,-17,6,9,5,0,goodbye
21.746479749679565,20,13,4,2,6,-13,-22,-1,-11,-7,21,20,17,1,goodbye
21.762449979782104,14,2,-1,-4,-14,-14,-21,-6,-8,-7,13,11,14,0,goodbye
21.762449979782104,6,-3,-16,-20,-24,-20,-12,-3,11,-16,0,1,3,-1,goodbye
21.77797555923462,15,12,-1,-15,6,-7,0,2,20,-14,-1,2,2,4,goodbye
21.77797555923462,18,27,27,-6,21,15,10,8,11,-9,2,3,-1,2,goodbye
21.79400420188904,-9,0,-33,2,0,4,15,-9,11,-1,-4,-25,-14,-23,goodbye
21.79400420188904,-22,-22,-12,-3,-18,-16,-4,1,-11,-10,-25,-26,-25,-21,goodbye
21.810068130493164,-2,10,83,0,0,12,-14,31,-33,1,-10,17,-9,18,goodbye
21.810068130493164,0,16,-39,37,31,23,3,-29,-2,47,23,-2,19,8,goodbye
21.826069116592407,-14,-20,-75,19,25,-8,-17,-43,-12,14,-6,-36,-4,-20,goodbye
21.826069116592407,-17,-14,67,-16,2,9,-21,27,-37,-34,-41,-3,-36,-6,goodbye
21.84143209457397,-21,-11,-11,6,5,37,39,1,12,11,-11,-11,-11,-5,goodbye
21.84143209457397,-16,-36,-87,-3,-2,2,37,-28,37,28,0,-30,6,-10,goodbye
21.856558084487915,0,-22,24,-40,-17,-22,-15,17,9,-15,-3,13,1,8,goodbye
21.856558084487915,8,10,41,-27,-9,-11,-18,17,0,-26,13,35,1,3,goodbye
21.872090578079224,6,18,-34,2,0,-5,1,-15,-4,-12,20,4,0,-22,goodbye
21.872090578079224,5,15,-8,11,3,-7,-6,-8,-26,-5,13,-1,0,-15,goodbye
21.88809394836425,7,19,70,14,4,3,-17,24,-33,-6,1,10,0,8,goodbye
21.88809394836425,0,12,12,29,-2,17,10,11,1,10,-5,-4,0,12,goodbye
21.90414333343506,-4,-12,-41,7,-13,5,36,-4,39,27,-8,-17,3,15,goodbye
21.90414333343506,3,-14,19,-38,-12,-1,19,24,41,10,-8,6,7,23,goodbye
21.920209169387817,8,0,-21,-14,-1,-6,4,-2,35,0,6,4,19,0,goodbye
21.920209169387817,10,10,-21,11,-4,-20,-20,-16,-1,-14,12,0,4,-16,goodbye
21.93536353111267,13,32,70,7,0,0,-26,21,-29,-19,16,25,-12,1,goodbye
21.93536353111267,0,23,-44,50,25,13,13,-28,8,22,33,4,12,0,goodbye
21.95095133781433,-3,-4,-35,36,12,-12,-1,-19,-10,15,-6,-17,3,7,goodbye
21.95095133781433,5,5,150,-25,-21,10,-34,65,-51,-15,-43,19,-20,35,goodbye
21.96639084815979,-1,2,0,9,-7,30,15,-7,12,29,7,7,19,14,goodbye
21.96639084815979,-3,-26,-116,23,7,-9,35,-58,33,33,14,-25,24,-1,goodbye
21.98217010498047,-2,-27,33,-32,0,-6,4,18,-10,-9,-37,-8,-18,6,goodbye
21.98217010498047,-26,-35,-12,-38,3,16,7,5,13,-2,-30,-16,-11,-15,goodbye
21.99728989601136,-34,-37,-74,-33,-1,-6,-5,-20,26,-13,-7,-24,-5,-32,goodbye
21.99728989601136,-14,-4,7,-35,-11,-13,-18,11,-3,-29,-9,2,-14,-20,goodbye
22.012921810150143,7,10,11,-5,1,-1,1,4,0,0,3,13,2,-12,goodbye
22.012921810150143,24,13,29,3,6,-4,-5,2,-1,1,20,26,12,1,goodbye
22.028464317321777,18,15,1,0,0,-12,-10,-6,-9,-4,29,22,9,-1,goodbye
22.028464317321777,10,7,-14,-12,-4,-23,-11,-10,-21,-17,11,6,-3,-12,goodbye
22.044129133224487,20,25,76,-8,-7,-9,-23,24,-46,-40,-3,25,-16,6,goodbye
22.044129133224487,16,29,-25,55,12,3,3,-24,-10,1,33,8,12,6,goodbye
22.05939030647278,14,6,-58,52,18,-11,4,-39,4,11,32,-12,11,1,goodbye
22.05939030647278,22,26,114,0,0,8,-22,46,-24,-23,-4,25,-13,28,goodbye
22.075345993041992,1,22,23,26,4,29,8,12,6,15,12,12,16,20,goodbye
22.075345993041992,-13,-14,-61,29,10,6,21,-25,18,31,9,-21,20,2,goodbye
22.09031796455384,-9,-9,32,-8,-1,7,1,21,-9,-3,-27,-9,-18,8,goodbye
22.09131860733032,-23,-11,-19,-2,-4,14,9,0,4,4,-25,-26,-15,-7,goodbye
22.111976385116577,-37,-31,-50,-10,-4,3,4,-13,6,5,-28,-43,-18,-25,goodbye
22.111976385116577,-32,-20,-6,-17,1,12,8,7,1,0,-36,-35,-32,-24,goodbye
22.12211775779724,-13,-12,-19,4,5,19,28,2,30,20,-24,-31,-15,-8,goodbye
22.12211775779724,2,-9,-4,2,-4,11,18,9,37,19,-14,-14,1,14,goodbye
22.138299465179443,-2,-6,-2,-18,-13,0,-1,3,20,7,-6,-3,4,6,goodbye
22.138299465179443,-16,-18,-15,-38,-14,-14,-7,-4,9,6,0,-4,6,-10,goodbye
22.15242505073548,-10,-21,-9,-31,-13,-26,-9,0,3,0,1,4,13,-8,goodbye
22.16898226737976,5,-2,-5,-14,-11,-25,-11,0,-3,-6,8,16,17,0,goodbye
22.16898226737976,21,16,11,-13,-3,-8,-12,3,-1,0,23,37,23,7,goodbye
22.16898226737976,33,28,17,3,11,-1,-7,0,15,11,50,59,38,18,goodbye
22.184075593948364,39,32,28,24,11,-14,-14,-1,4,0,52,58,33,21,goodbye
22.1991548538208,30,26,26,27,3,-12,-14,-3,-20,-11,25,31,9,14,goodbye
22.1991548538208,17,17,7,27,12,0,-3,-11,-25,-12,6,9,-7,6,goodbye
22.21429657936096,9,16,21,23,15,6,0,2,-24,-20,-7,3,-18,4,goodbye
22.21429657936096,-12,0,-19,18,0,9,10,-5,-17,-8,-14,-21,-21,-18,goodbye
22.22947478294373,-23,-18,-21,0,-8,5,12,-4,-31,-10,-25,-39,-30,-26,goodbye
22.22947478294373,-12,0,41,-10,-4,14,8,20,-46,-27,-36,-20,-40,-5,goodbye
22.245150804519653,-21,-10,-73,16,0,9,26,-35,2,7,-17,-40,-12,-21,goodbye
22.245150804519653,-27,-40,-65,-16,-15,-22,2,-27,12,4,-19,-46,-5,-22,goodbye
22.2607421875,-5,-10,140,-71,-24,-1,-28,73,-21,-35,-35,17,-17,26,goodbye
22.2607421875,2,11,21,-12,-2,23,13,17,31,11,10,21,26,18,goodbye
22.27640128135681,4,-8,-117,20,7,-17,10,-52,53,32,37,-16,45,-14,goodbye
22.27640128135681,9,6,32,-14,5,-23,-47,8,-12,-21,9,8,-1,-4,goodbye
22.29201340675354,-1,21,32,6,20,11,-29,9,-10,-12,8,14,-10,0,goodbye
22.29201340675354,-2,0,-30,31,19,13,0,-15,13,20,6,-1,1,-1,goodbye
22.30756378173828,4,1,26,15,8,20,2,8,-2,17,-13,4,-6,9,goodbye
22.30756378173828,5,6,8,21,15,30,26,4,14,25,-6,-3,-3,10,goodbye
22.32322382926941,8,-5,-9,19,11,17,44,0,40,30,0,-8,3,13,goodbye
22.32322382926941,0,-18,3,-5,0,14,35,10,28,20,-7,0,2,17,goodbye
22.33928894996643,-12,-24,-21,-29,-9,5,23,0,14,14,-7,-8,1,8,goodbye
22.33928894996643,-4,-20,-14,-38,-22,-22,0,-5,3,-2,-7,-7,1,0,goodbye
22.35526418685913,3,-6,-1,-18,-26,-35,-19,-4,-14,-21,0,10,4,-10,goodbye
22.35526418685913,1,1,-3,-5,-16,-27,-27,-9,-24,-22,14,13,7,-18,goodbye
22.37041735649109,6,8,9,-13,-2,-14,-25,0,-14,-15,20,9,8,-10,goodbye
22.37041735649109,13,20,3,1,7,-3,-15,4,0,0,27,18,13,-2,goodbye
22.38609004020691,7,22,0,16,1,-1,-11,3,-1,1,20,17,3,-5,goodbye
22.38609004020691,-7,10,6,9,-7,-4,-14,3,-13,-17,-5,-8,-19,-12,goodbye
22.401403665542603,-15,8,1,19,6,-1,-8,-4,-24,-23,-11,-20,-20,-8,goodbye
22.401403665542603,-4,12,5,28,18,6,3,-1,-18,-1,-2,-1,-3,12,goodbye
22.41715431213379,3,1,5,16,4,11,12,3,1,17,-1,5,8,21,goodbye
22.41715431213379,-1,-6,-3,9,0,6,14,0,3,20,-3,-3,5,10,goodbye
22.432673454284668,-1,-3,-4,8,5,2,11,0,4,22,-2,-2,1,7,goodbye
22.432673454284668,9,-8,-9,-4,-5,-2,0,2,29,21,-2,2,14,9,goodbye
22.448225021362305,9,-10,-3,-27,-12,-10,-8,0,18,-9,-9,4,12,-2,goodbye
22.448225021362305,0,0,4,-29,-3,-8,-5,-3,-24,-47,-7,3,-9,-23,goodbye
22.46390008926392,-3,3,-4,-17,-5,-6,-5,-7,-34,-49,1,0,-21,-29,goodbye
22.46390008926392,0,4,-6,-3,-4,-4,-14,-3,-21,-32,4,-1,-17,-21,goodbye
22.47933316230774,0,15,7,11,9,-1,-5,0,-10,-14,4,4,-1,-6,goodbye
22.47933316230774,2,14,17,12,8,2,11,8,9,16,7,9,13,13,goodbye
23.95143318176269,-6,-18,-53,-9,-3,-4,13,-20,24,7,12,-1,17,-8,goodbye
23.95143318176269,2,-8,58,-38,-20,-21,-16,30,-5,-26,0,18,5,4,goodbye
23.96704292297364,4,18,55,-22,-16,-5,-17,19,-12,-30,1,30,-1,-1,goodbye
23.96704292297364,4,12,-112,33,12,-16,10,-66,10,11,40,-5,23,-27,goodbye
23.98304414749145,24,12,15,5,12,-24,-23,-4,-27,-7,21,14,8,5,goodbye
23.98304414749145,9,29,82,-7,0,1,-36,29,-44,-23,0,29,-9,14,goodbye
23.998125076293945,-26,1,-69,16,-1,-2,-14,-39,-27,-15,3,-23,-9,-30,goodbye
23.998125076293945,-16,-7,-16,3,-3,-4,-22,-10,-42,-34,-15,-22,-19,-22,goodbye
24.01424717903137,1,10,35,11,5,17,-5,18,-25,-16,-14,0,-10,6,goodbye
24.01424717903137,-3,2,-14,29,11,8,20,-3,-3,10,-7,-15,-3,4,goodbye
24.0295193195343,1,3,10,27,4,5,19,9,-7,7,-9,-13,-12,6,goodbye
24.0295193195343,9,6,7,29,0,20,17,7,11,13,-3,-7,-4,8,goodbye
24.0450279712677,-10,-22,-23,-8,-10,5,6,2,18,3,-20,-21,-7,-3,goodbye
24.0450279712677,-31,-49,-20,-53,-22,-12,0,11,10,-12,-41,-28,-21,-13,goodbye
24.061902284622192,-20,-37,-15,-51,-21,-7,15,9,34,2,-20,-16,-10,-6,goodbye
24.061902284622192,-1,-13,-9,-28,-8,0,21,7,53,24,7,4,8,7,goodbye
24.076155185699463,8,-2,3,-11,-1,-10,5,3,32,19,11,19,20,9,goodbye
24.076155185699463,24,8,18,-2,-4,-15,1,4,13,6,18,29,26,11,goodbye
24.091582775115967,31,20,22,-2,-1,-9,7,2,9,3,35,35,18,16,goodbye
24.117358684539795,18,26,23,12,12,0,-2,-1,-6,3,32,23,4,9,goodbye
24.117358684539795,8,28,14,38,25,7,-14,-3,-17,6,9,0,0,0,goodbye
24.117358684539795,0,20,2,36,20,9,-13,-6,-15,0,-2,-5,-5,-3,goodbye
24.117358684539795,-17,1,0,18,8,9,-3,-3,-31,-16,-4,-7,-17,-4,goodbye
24.13768577575684,-17,-10,-4,11,5,10,6,-2,-24,0,-6,-13,-2,5,goodbye
24.13768577575684,5,-6,1,0,3,4,-1,-6,11,22,-4,0,20,21,goodbye
24.15322184562683,16,6,-1,-5,-2,-5,-26,-10,17,5,4,16,23,15,goodbye
24.15322184562683,9,13,-7,-4,0,-13,-30,-12,-7,-11,15,5,13,-5,goodbye
24.168347358703613,0,14,2,-8,0,-8,-18,-4,-15,-9,16,-1,-2,-20,goodbye
24.168347358703613,-15,4,0,2,-4,4,-3,-3,-14,-14,-7,-9,-22,-29,goodbye
24.18356943130493,-23,-13,-5,4,-2,11,17,0,-12,-10,-32,-27,-30,-23,goodbye
24.18356943130493,-8,-22,-5,-18,0,14,34,10,16,15,-21,-25,-11,-1,goodbye
24.199512481689453,0,-27,-18,-34,-13,0,20,5,31,11,-6,-9,3,0,goodbye
24.199512481689453,-4,-23,-14,-30,-20,-19,-2,1,0,-24,-12,3,-7,-12,goodbye
24.21504020690918,0,0,-6,-12,-5,-11,0,0,-17,-23,3,13,-9,-11,goodbye
24.21504020690918,2,12,4,5,7,4,6,2,-7,-5,19,9,0,-5,goodbye
24.23055648803711,-6,3,12,21,7,11,9,8,-10,-4,-10,-12,-11,-3,goodbye
24.23055648803711,-8,-5,-13,29,3,12,18,-1,0,9,-27,-28,-11,7,goodbye
24.24631905555725,1,-8,-6,-1,-7,0,4,4,12,12,-10,-5,3,26,goodbye
24.24631905555725,11,-2,2,-20,-13,-12,-15,8,16,0,9,27,20,25,goodbye
24.261531591415405,21,1,-17,1,-6,-13,-15,-12,24,7,30,33,35,20,goodbye
24.261531591415405,25,5,37,-9,-5,-7,-22,11,19,5,37,39,35,35,goodbye
24.277226209640503,7,8,-3,-6,-1,-10,-16,-2,10,0,39,28,32,9,goodbye
24.277226209640503,0,2,-56,15,6,-26,-16,-37,-16,-11,24,2,12,-30,goodbye
24.292760848999023,16,23,142,-14,2,0,-34,48,-64,-43,-12,26,-28,-3,goodbye
24.292760848999023,5,49,122,13,16,48,14,52,-24,0,-6,19,-17,4,goodbye
24.30881714820861,-27,10,-140,70,32,20,64,-58,41,62,5,-55,8,-37,goodbye
24.30881714820861,-22,-21,-55,14,4,-19,13,-24,8,14,-30,-52,-26,-31,goodbye
24.324467182159424,-13,0,61,-9,-1,6,-7,28,-12,-12,-31,-12,-41,-8,goodbye
24.324467182159424,-23,-1,-48,18,14,22,21,-13,13,12,-18,-34,-21,-11,goodbye
24.339964151382446,-20,-26,-37,-14,0,10,9,-11,0,-2,-51,-40,-28,-5,goodbye
24.339964151382446,-9,-26,1,-30,-18,0,-9,1,-21,-17,-47,-17,-24,-2,goodbye
24.35649561882019,-4,-20,-22,-17,-13,-8,-8,-11,-15,0,-7,-8,-1,2,goodbye
24.35649561882019,0,-19,3,-32,-14,-9,-11,0,-5,0,0,0,5,20,goodbye
24.37207627296448,14,-5,11,-14,-16,-3,-12,7,3,-3,0,10,11,24,goodbye
24.37207627296448,27,12,4,14,-7,-4,-11,0,4,-6,27,27,28,23,goodbye
24.387470960617065,24,11,16,3,0,-6,-12,0,9,-3,56,46,42,28,goodbye
24.387470960617065,15,2,4,-7,7,-3,-9,1,17,3,52,41,37,15,goodbye
24.40342426300049,4,6,-2,-3,10,2,-6,1,9,0,30,23,19,0,goodbye
24.40342426300049,-3,13,2,0,8,0,0,1,0,-1,26,12,9,-6,goodbye
24.41847538948059,0,18,7,9,13,-7,14,3,4,12,27,3,3,-18,goodbye
24.41847538948059,7,25,17,26,17,-1,24,11,10,16,12,-4,-7,-19,goodbye
24.4340136051178,-1,14,11,29,5,10,24,7,2,6,-9,-16,-15,-7,goodbye
24.4340136051178,-12,-13,-4,6,-6,14,25,0,0,8,-35,-28,-19,-2,goodbye
24.44910216331482,-9,-24,-15,-18,-9,13,28,0,20,18,-51,-30,-15,-2,goodbye
24.44910216331482,-9,-18,-3,-20,-10,7,17,3,26,5,-42,-18,-10,0,goodbye
24.4647183418274,-9,-18,-21,-15,-6,-2,-2,-5,8,-9,-19,-10,-1,-4,goodbye
24.4647183418274,3,-19,-23,-25,-6,-21,-22,-5,-5,-15,0,6,4,1,goodbye
24.4803786277771,29,13,58,-26,-15,-17,-38,20,-16,-29,10,48,9,28,goodbye
24.4803786277771,30,30,-7,22,-2,-8,-21,-21,-3,-7,33,37,27,15,goodbye
24.49648666381836,18,7,-69,39,8,-38,-27,-54,-17,1,30,-5,18,-7,goodbye
24.49648666381836,22,20,103,1,-1,-27,-61,30,-63,-37,5,27,-16,14,goodbye
24.51199841499329,8,36,67,23,13,27,-22,25,-30,-14,21,33,-4,7,goodbye
24.51199841499329,-30,-4,-94,31,27,17,11,-43,1,16,13,-33,-1,-37,goodbye
24.527985095977783,-57,-25,-14,-18,7,-3,-9,0,-31,-13,-36,-41,-33,-35,goodbye
24.527985095977783,-61,-14,2,-10,0,22,7,16,-9,-1,-29,-22,-23,-27,goodbye
24.544066905975345,-46,-19,-45,3,1,27,34,-6,23,20,-11,-31,-7,-27,goodbye
24.544066905975345,-20,-17,0,-13,-5,13,26,9,6,3,-28,-28,-21,-6,goodbye
24.559855699539185,1,-8,0,0,-6,10,29,7,12,10,-21,-17,-12,11,goodbye
24.559855699539185,11,-6,0,4,-6,12,34,6,28,21,-8,-7,1,14,goodbye
24.57550549507141,7,-12,9,-12,-5,9,23,4,32,15,-13,-3,-1,8,goodbye
24.57550549507141,0,-23,-13,-23,-7,1,12,-3,23,6,-26,-13,-11,0,goodbye
24.590744972229004,4,-19,-9,-28,-16,-1,9,2,0,-7,-33,-19,-15,0,goodbye
24.590744972229004,20,-4,4,-18,-17,-8,0,-1,-11,-16,-11,0,0,7,goodbye
24.60639500617981,42,12,15,1,-10,-23,-22,-2,-6,-13,28,37,28,27,goodbye
24.60639500617981,58,36,35,20,1,-21,-28,3,-2,0,61,65,50,50,goodbye
24.622355937957764,65,44,40,30,13,-13,-22,-1,4,14,71,70,63,52,goodbye
24.622355937957764,51,35,27,29,13,-9,-23,-2,9,19,65,59,54,34,goodbye
24.63843536376953,13,24,5,15,10,-7,-18,1,1,11,51,31,28,7,goodbye
24.63843536376953,-21,7,-18,-4,10,-6,-7,1,0,3,29,0,5,-19,goodbye
24.65396523475647,-39,-13,-31,-15,0,-6,-3,3,5,-6,0,-22,-14,-41,goodbye
24.65396523475647,-49,-22,-31,-21,-12,0,-1,0,-8,-21,-30,-42,-38,-53,goodbye
24.67005562782288,-51,-14,-27,-23,0,11,8,-5,-21,-22,-43,-52,-44,-52,goodbye
24.67005562782288,-32,5,-3,0,18,18,20,1,-4,-5,-26,-31,-28,-29,goodbye
24.68609476089477,-7,18,12,31,21,18,21,6,13,14,-4,-10,-16,-4,goodbye
24.68609476089477,-5,0,1,18,8,5,5,0,10,19,-12,-15,-14,-1,goodbye
24.702051401138306,-15,-16,-1,-4,0,0,0,-4,0,4,-33,-23,-13,-9,goodbye
24.702051401138306,-10,-8,3,3,0,10,13,-3,-8,-6,-33,-15,-14,-1,goodbye
24.71727561950684,5,0,16,13,0,19,24,1,-17,-1,-20,0,-14,16,goodbye
24.71727561950684,19,-2,18,7,0,13,14,0,-20,1,-3,14,0,40,goodbye
24.732348203659058,29,-13,9,5,-6,-1,-7,-8,-11,-1,6,20,19,54,sil
24.732348203659058,29,-18,14,0,-19,-15,-20,-4,5,2,3,21,23,49,sil
24.748451709747314,22,-5,13,-4,-20,-14,-19,1,19,6,6,21,24,31,sil
24.748451709747314,11,1,0,-5,-13,-9,-20,0,12,-4,10,14,17,1,sil
24.76395320892334,-5,-5,-21,-7,-4,-4,-12,2,3,-4,5,-2,0,-27,sil
24.76395320892334,-19,-14,-37,-12,0,-4,4,3,14,7,0,-15,0,-36,sil
24.77912020683289,-16,-10,-15,-23,-8,-10,0,2,9,-11,-8,-10,0,-29,sil
24.77912020683289,-15,-5,-12,-28,-12,-11,-15,0,-8,-28,-11,-7,-10,-32,sil
24.7951557636261,-14,-4,-22,-26,0,-10,-10,0,-11,-16,-6,-16,-13,-33,sil
24.7951557636261,-11,1,-6,-21,2,-3,2,0,-2,-9,-5,-9,-11,-25,sil
24.811140537261963,-13,4,-9,-12,2,5,10,-5,-2,-10,0,0,-7,-23,sil
24.811140537261963,-13,2,1,-8,8,6,10,2,-4,3,14,0,0,-14,sil
24.82731580734253,0,20,23,6,12,5,10,15,4,18,21,7,5,3,sil
24.82731580734253,17,36,21,31,12,2,4,0,2,10,20,15,3,18,sil
24.84191870689392,37,33,37,39,10,0,-6,-8,-13,-1,26,28,3,36,sil
24.84191870689392,49,34,40,47,8,0,-3,-3,-12,5,32,39,15,49,sil
24.85705137252808,41,26,20,46,10,0,-2,-2,-13,5,18,31,18,46,sil
24.85705137252808,16,1,7,19,5,2,-8,1,-27,-6,4,10,3,29,sil
24.872333765029907,-8,-11,-12,6,0,9,3,-2,-14,2,5,-10,-4,3,sil
24.872333765029907,-26,-9,-12,9,6,13,10,0,7,17,-6,-23,-6,-15,sil
24.887964963912964,-34,-17,-20,2,8,13,3,0,23,27,-25,-32,-9,-19,sil
24.90499591827393,-24,-28,-30,-17,-7,4,6,-1,33,29,-23,-34,-7,-11,sil
24.90499591827393,-13,-24,-2,-27,-15,4,16,14,23,6,-25,-26,-4,0,sil
24.90499591827393,-19,-26,-26,-18,-6,14,28,5,19,1,-30,-30,0,-3,sil
24.919063568115234,-17,-29,-30,-23,-5,9,20,1,22,11,-20,-20,0,-5,sil
24.934206008911133,0,-5,37,-25,-8,9,4,24,17,5,-7,11,3,6,sil
24.934206008911133,0,-1,-32,7,-4,1,10,-21,21,5,6,-1,14,-11,sil
24.94944429397583,-8,-19,-49,-12,-12,-31,-14,-31,-4,-19,-4,-14,-5,-29,sil
24.94944429397583,8,4,105,-57,-18,-25,-43,43,-37,-53,-21,33,-26,-7,sil
24.965277433395386,17,24,36,-11,-3,-3,-12,6,-1,-18,5,34,9,-2,sil
24.965277433395386,17,0,-84,18,0,-32,-4,-50,4,0,25,0,28,-2,sil
24.98098134994507,27,9,27,-11,-8,-37,-36,4,-43,-42,12,29,-1,20,sil
24.98098134994507,21,32,41,1,3,-9,-27,8,-42,-35,19,32,-6,13,sil
24.99835515022278,11,21,-20,25,15,-9,-12,-23,-21,-2,28,9,6,0,sil
24.99835515022278,19,25,32,29,17,0,-18,2,-17,-1,22,24,6,10,sil
24.99835515022278,13,26,27,42,14,13,-9,8,0,5,14,10,-1,1,sil
25.014375925064087,-12,0,-15,29,3,12,-1,-6,11,24,-1,-26,-11,-19,sil
25.029244661331177,-25,-10,-5,6,5,27,12,5,12,32,-10,-25,-5,-9,sil
25.029244661331177,-19,-5,-12,6,14,37,40,8,12,21,-10,-25,0,0,sil
25.044230699539185,-21,-18,-16,-5,6,17,41,2,0,0,-24,-32,-11,-8,sil
25.044230699539185,-33,-30,-19,-20,-7,8,27,4,4,0,-25,-20,-7,-10,sil
25.06216025352478,-30,-27,-27,-22,-16,7,22,3,23,17,-9,-13,1,-5,sil
25.06216025352478,-15,-19,-7,-32,-16,-1,15,6,16,13,-18,-16,-10,0,sil
25.06216025352478,-6,-10,-5,-28,-9,-5,3,1,7,1,-20,-9,-12,0,sil
25.075378894805908,2,-8,-8,-10,-10,-12,-17,-5,7,-3,0,8,0,-1,sil
25.09105157852173,20,-8,8,-12,-14,-20,-29,-1,1,-13,8,25,5,12,sil
25.09105157852173,28,7,4,-10,0,-16,-22,-6,0,-14,15,28,14,14,sil
25.10769200325012,25,36,14,17,14,-6,-22,-5,-9,-2,28,29,19,6,sil
25.10769200325012,24,44,36,47,20,6,-16,1,-25,5,23,24,11,9,sil
25.122637510299683,18,25,22,48,23,21,5,0,-15,8,5,5,0,14,sil
25.122637510299683,3,10,8,29,19,28,20,5,8,14,2,0,-1,13,sil
25.13781452178955,-8,2,0,17,7,22,30,9,20,27,11,-4,5,9,sil
25.13781452178955,-14,-15,-11,0,-3,3,33,1,15,16,-2,-19,0,6,sil
25.152983903884888,-5,-22,-6,-17,-8,-9,21,-2,6,-11,-17,-13,-12,5,sil
25.152983903884888,7,-9,-5,-21,-7,-16,8,-4,5,-20,-3,1,-4,0,sil
25.168293714523315,7,-6,-9,-25,-13,-22,-4,-2,3,-11,8,2,8,-11,sil
25.168293714523315,-2,-9,-12,-31,-20,-29,-24,-6,-5,-8,8,-1,8,-25,sil
25.184302806854248,-7,-3,-10,-23,-12,-26,-31,-3,-16,-18,8,1,0,-26,sil
25.184302806854248,-3,2,-5,-6,-7,-13,-25,2,-19,-26,5,-3,-5,-21,sil
25.199405908584595,0,7,5,11,-7,-3,-23,-5,-27,-23,0,-11,-7,-19,sil
25.199405908584595,0,12,17,22,0,1,-19,-6,-36,-18,-2,-6,-7,-5,sil
25.214772701263428,-1,2,6,18,9,12,-4,0,-15,1,-8,0,0,18,sil
25.214772701263428,-2,-4,2,11,11,21,3,2,10,24,-12,3,5,29,sil
25.2305076122284,0,2,10,11,10,17,1,3,17,28,-8,4,5,23,sil
25.2305076122284,0,0,4,8,11,8,-2,0,23,24,-5,1,3,13,sil
25.24654459953308,-4,-14,-6,-9,6,1,-5,1,31,22,-8,0,2,3,sil
25.24654459953308,-3,-17,-9,-27,-7,-7,1,5,29,13,-3,4,6,-2,sil
25.262051105499268,-1,-8,-2,-32,-17,-15,10,4,14,0,6,8,9,-5,sil
25.262051105499268,-8,0,-9,-22,-9,-12,3,-1,-6,-13,3,0,0,-15,sil
25.278083324432373,-16,1,-2,-13,0,0,3,1,-27,-30,-16,-9,-26,-27,sil
25.278083324432373,-21,0,-7,3,8,24,36,-1,-18,-14,-22,-16,-30,-23,sil
25.293476581573486,-14,-6,-22,19,8,28,53,-11,4,12,-21,-20,-9,-3,sil
25.293476581573486,7,0,49,-9,-8,7,8,16,0,-10,-17,6,-1,17,sil
25.30934238433838,14,16,35,-13,-8,-2,-14,14,-1,-19,15,23,4,9,sil
25.30934238433838,4,9,-60,24,10,-12,-1,-26,-1,-2,28,-4,3,-16,sil
25.324482679367065,9,6,7,27,11,-4,-3,0,-24,-18,-2,-7,-14,-4,sil
25.324482679367065,15,11,22,31,9,22,10,8,-1,8,4,1,1,22,sil
25.34004235267639,17,-2,-34,23,5,8,11,-14,23,45,19,-5,26,28,sil
25.34004235267639,19,-6,27,-15,-10,-16,-32,13,0,7,4,10,11,19,sil
25.3560688495636,10,4,9,-9,-4,-17,-42,0,0,-2,25,22,9,-1,sil
25.3560688495636,9,15,-29,12,10,-21,-25,-20,10,15,44,15,13,-1,sil
25.371299505233765,10,19,19,9,3,-11,-14,5,-7,0,9,7,1,4,sil
25.371299505233765,-11,-2,-2,13,-3,11,8,5,-9,-7,-18,-17,-4,-8,sil
25.38650298118592,-26,-19,-15,0,1,29,25,12,7,8,-22,-22,-5,-3,sil
25.38650298118592,-25,-17,-4,-23,0,24,27,10,24,19,-18,-10,2,1,sil
25.402567863464355,-25,-23,-32,-30,-10,-9,13,-12,18,9,-17,-18,6,-19,sil
25.402567863464355,-10,-13,-4,-30,-16,-20,-4,-2,2,-4,-9,-7,3,-16,sil
25.41857051849365,8,6,5,-9,-2,-8,-2,0,9,-1,12,12,12,-4,sil
25.41857051849365,13,7,7,0,3,-19,-6,-2,-6,-17,12,17,0,-6,sil
25.43432831764221,19,21,60,-2,0,-14,-17,13,-40,-40,3,26,-22,0,sil
25.43432831764221,16,29,20,26,9,12,-6,-6,-28,-13,12,13,-17,8,sil
25.45044732093811,1,4,-29,39,12,15,3,-22,-9,10,2,-5,-7,10,sil
25.45044732093811,7,-5,24,18,4,16,6,3,0,13,-12,8,-1,28,sil
25.46654677391052,21,1,29,12,3,20,17,6,21,26,0,16,17,39,sil
25.46654677391052,0,-9,-12,0,-4,0,13,-2,24,24,-3,-6,15,14,sil
25.48169445991516,-29,-27,-17,-25,-17,-13,2,5,14,5,-24,-21,-3,-10,sil
25.48169445991516,-22,-25,-19,-28,-16,-8,2,4,9,-8,-15,-15,-2,-10,sil
25.49734044075012,-8,-15,-11,-22,-11,-6,0,-3,-7,-27,1,-2,3,-15,sil
25.49734044075012,-13,-11,-7,-19,-7,-11,-6,-1,-16,-31,1,-1,-4,-27,sil
25.512481927871704,-7,0,-9,-7,-1,-13,-15,0,-8,-19,12,1,-5,-21,sil
25.512481927871704,7,19,1,8,0,-8,-31,-2,-12,-13,25,15,0,-12,sil
25.527135610580444,12,27,8,20,0,-1,-33,0,-17,-12,13,12,-3,-13,sil
25.527135610580444,15,29,18,26,8,0,-17,5,-10,-9,4,5,-7,-4,sil
25.54237580299377,13,26,2,28,13,-2,0,-4,-10,0,9,7,1,2,sil
25.54237580299377,0,3,-6,15,6,0,3,-6,-25,1,-2,-3,-4,1,sil
25.558010816574097,-8,-7,20,-2,0,21,15,12,-23,0,-25,-18,-23,6,sil
25.57455563545227,-10,-12,-45,4,10,30,42,-8,12,26,-17,-35,-4,2,sil
25.57455563545227,-10,-32,-72,-3,14,9,40,-21,34,41,-15,-38,12,3,sil
25.57455563545227,-4,-25,47,-37,1,10,11,25,26,22,-27,-7,1,28,sil
25.58975386619568,4,3,68,-30,5,21,7,33,35,24,-10,12,8,33,sil
25.58975386619568,8,4,-24,-12,11,4,7,-8,39,24,7,-1,24,8,sil
25.60430884361267,-9,-16,-92,-22,0,-25,-4,-40,26,5,0,-23,16,-20,sil
25.619601011276245,-14,-19,-29,-45,-10,-40,-33,-11,-6,-23,-16,-13,-9,-21,sil
25.619601011276245,8,16,94,-36,-5,-14,-41,46,-30,-39,0,30,-20,3,sil
25.63527774810791,9,34,16,22,7,10,3,0,-2,0,42,19,0,-7,sil
25.63527774810791,-8,13,-52,41,6,-3,15,-36,-3,6,30,-17,0,-29,sil
25.650980472564697,-7,3,39,13,-8,0,-7,18,-36,-27,-11,-1,-27,-9,sil
25.650980472564697,1,2,18,17,-12,18,12,9,-11,-7,-1,9,-17,8,sil
25.668424129486084,10,0,-14,36,-5,14,29,-8,10,16,10,9,6,16,sil
25.668424129486084,14,0,27,39,0,19,21,14,8,13,3,31,12,22,sil
25.668424129486084,8,-6,8,25,-1,20,19,0,19,21,9,26,15,18,sil
25.682388305664062,7,-9,0,6,-11,-2,6,-8,15,16,15,11,22,20,sil
25.698351621627808,13,1,16,10,-12,-16,-9,-2,2,2,16,23,31,19,sil
25.698351621627808,13,0,4,9,-5,-17,-15,-6,-1,-1,13,25,22,9,sil
25.71401286125183,3,-9,-4,-14,-9,-21,-26,-5,-12,-15,-2,5,0,-1,sil
25.71401286125183,-6,-11,-7,-25,-14,-19,-30,-5,-19,-28,-7,-3,0,-10,sil
25.728996515274048,-3,1,-5,-17,-1,-9,-13,0,-4,-19,3,1,5,-10,sil
25.728996515274048,1,15,2,0,19,-2,0,6,9,-6,9,1,-2,-12,sil
25.744548559188843,-6,16,-1,3,20,-1,-9,1,-1,-10,1,-8,-15,-26,sil
25.744548559188843,-17,11,-10,-11,4,-1,-20,0,-19,-12,-5,-16,-21,-28,sil
25.760575771331787,-20,7,-10,-12,4,-4,-17,0,-16,-1,-8,-26,-25,-23,sil
25.760575771331787,-16,2,-5,-1,14,-2,-9,-2,-15,-5,-22,-36,-27,-20,sil
25.77609944343567,-5,-7,-1,-2,9,7,5,0,-15,-8,-37,-36,-18,-1,sil
25.77609944343567,-1,-17,-12,-2,0,20,29,1,2,9,-28,-25,-10,11,sil
25.792139768600464,-3,-16,-14,-2,0,26,38,2,16,23,-20,-17,-10,3,sil
25.792139768600464,-1,-11,8,-11,-4,21,24,6,9,18,-24,-7,-3,9,sil
25.807976007461548,3,-7,-2,-3,1,6,6,-6,11,18,-8,1,12,22,sil
25.807976007461548,19,0,-5,7,7,-10,-8,-19,8,17,18,17,26,21,sil
25.82304811477661,31,10,28,-3,-5,-16,-18,-5,-4,4,29,41,28,21,sil
25.82304811477661,13,5,3,-12,-14,-18,-11,0,-6,-13,30,34,22,11,sil
25.839015007019043,-6,-1,-17,-14,-7,-21,-7,2,-13,-34,10,4,1,-11,sil
25.839015007019043,-10,0,0,-22,-4,0,-2,14,-12,-28,-5,-6,-11,-24,sil
25.854084491729736,-18,-1,-15,-9,0,18,13,4,10,-2,0,-13,-11,-21,sil
25.854084491729736,-22,0,-5,8,10,16,13,4,7,-4,-1,-17,-16,-12,sil
25.86933541297913,-18,1,4,13,6,27,6,12,-6,-5,-10,-16,-14,-3,sil
25.86933541297913,-4,-2,-4,20,0,30,19,8,9,23,-1,-4,1,11,sil
25.885436534881592,20,1,18,28,3,13,32,15,37,50,11,21,18,35,sil
25.885436534881592,24,-1,19,15,0,0,22,10,39,42,9,22,26,34,sil
25.901190280914307,1,-18,-1,-5,-16,-12,2,-4,25,9,-5,0,6,4,sil
25.901190280914307,0,-5,-3,-4,-13,-27,-9,-2,21,-2,1,1,-5,-12,sil
25.91623020172119,16,12,3,-1,-4,-29,-25,-6,12,1,29,23,10,-8,sil
25.91623020172119,16,10,6,-9,-5,-26,-42,-16,-12,-12,25,29,16,-3,sil
25.93225932121277,8,12,3,-2,0,-23,-40,-19,-34,-32,3,18,5,-9,sil
25.93225932121277,1,19,2,0,1,-14,-32,-21,-50,-38,1,3,-6,-16,sil
25.94737482070923,-10,13,0,0,0,-3,-22,-13,-52,-26,-4,-12,-20,-13,sil
25.94776701927185,-10,5,2,24,12,11,8,2,-29,1,-14,-19,-15,-3,sil
25.96302342414856,-4,8,11,36,22,25,32,7,-4,11,-5,-9,-2,2,sil
25.96302342414856,-9,6,5,23,11,24,27,4,10,10,2,-6,-2,2,sil
25.978102445602417,-10,-5,-7,9,1,21,20,7,23,26,-8,-11,-9,2,sil
25.978102445602417,-6,-17,-12,-1,-2,22,22,15,19,26,-22,-17,-9,2,sil
25.994425058364868,-12,-26,-13,-11,-8,9,17,7,1,-5,-29,-23,-12,-6,sil
25.994425058364868,-9,-26,-11,-17,-7,-6,1,3,0,-19,-26,-17,-13,-7,sil
26.00999593734741,1,-18,-14,-27,-5,-13,-10,5,14,0,-5,0,3,9,sil
26.00999593734741,7,-5,-1,-29,0,-15,-14,4,20,4,3,15,19,21,sil
26.02602410316468,13,0,10,-16,5,-12,-15,1,16,-10,0,16,14,15,sil
26.02602410316468,13,0,4,-14,-3,-16,-22,-6,8,-11,13,13,14,3,sil
26.0413818359375,4,11,-1,-16,-4,-17,-28,-12,-7,-8,33,16,17,-1,goodbye
26.0413818359375,6,22,1,2,8,-2,-22,-13,-24,-15,30,8,4,-9,goodbye
26.056925296783447,17,21,16,15,8,0,-12,-13,-27,-14,19,3,-4,-10,goodbye
26.056925296783447,11,22,16,9,0,-4,4,-6,-16,1,17,9,3,-2,goodbye
26.073059797286987,-6,16,-8,0,0,1,17,-5,-8,3,3,-3,-4,-9,goodbye
26.073059797286987,-22,0,-12,-2,-4,14,14,1,-15,-6,-21,-26,-30,-25,goodbye
26.089125633239743,-20,-2,-2,4,-2,21,24,13,-3,0,-25,-25,-27,-16,goodbye
26.089125633239743,-8,-1,0,12,3,22,40,12,15,14,-15,-11,-5,7,goodbye
26.104279041290283,-6,-15,-3,12,-1,15,30,6,7,14,-18,-7,0,18,goodbye
26.104279041290283,0,-16,-2,15,-6,9,14,2,2,17,-13,-6,5,21,goodbye
26.125444889068604,7,-9,7,6,0,9,9,8,15,26,-6,4,10,24,goodbye
26.126444816589355,-1,-22,-4,-10,0,0,0,9,21,26,-7,7,6,14,goodbye
26.126444816589355,-2,-27,-10,-9,-1,-20,-10,2,24,23,-1,9,10,4,goodbye
26.13496780395508,9,-14,8,-7,-5,-20,-19,7,29,13,11,19,21,4,goodbye
26.150626182556152,5,-9,0,-19,-12,-14,-30,2,16,-8,18,18,15,-7,goodbye
26.150626182556152,2,0,-7,-14,-11,-20,-40,-9,-3,-24,17,15,2,-13,goodbye
26.166264295578003,9,18,4,0,0,-20,-34,-12,-14,-21,19,14,6,-2,goodbye
26.166264295578003,6,24,7,-2,6,-9,-21,-12,-23,-27,21,7,8,-6,goodbye
26.18145155906677,0,26,1,-1,7,-1,-5,-11,-26,-37,16,3,-6,-19,goodbye
26.18145155906677,-3,27,0,25,6,8,8,-10,-23,-23,0,-5,-15,-23,goodbye
26.19738817214965,-12,17,9,35,5,20,15,-2,-20,-3,-17,-20,-18,-20,goodbye
26.19738817214965,-10,2,2,23,10,23,26,4,-5,6,-17,-26,-17,-8,goodbye
26.212984085083008,-1,-1,-4,16,13,15,38,5,5,9,-16,-28,-17,1,goodbye
26.212984085083008,-6,0,2,8,4,9,28,10,1,2,-28,-22,-18,0,goodbye
26.229029655456543,-7,-9,-5,-6,-4,11,15,6,14,11,-18,-10,-4,5,goodbye
26.229029655456543,3,-17,-6,-16,-4,11,19,5,39,34,5,2,18,30,goodbye
26.245047569274902,8,-13,1,-15,-4,0,14,14,41,38,9,13,27,38,goodbye
26.245047569274902,6,-13,-8,-17,-8,-19,-10,2,23,17,7,17,16,18,goodbye
26.2610890865326,12,-8,-3,-21,-8,-21,-27,-8,0,-6,8,14,2,5,goodbye
26.2610890865326,21,8,5,-9,-3,-14,-28,-8,-24,-22,2,10,0,0,goodbye
26.276264429092407,15,19,3,0,0,-10,-35,-11,-36,-26,0,13,0,-11,goodbye
26.276264429092407,5,18,3,0,5,-4,-31,-9,-32,-21,10,18,0,-9,goodbye
26.29130458831787,4,14,6,11,14,-2,-12,-8,-27,-14,23,16,0,-2,goodbye
26.29130458831787,-2,7,7,17,16,1,0,0,-25,-6,17,6,-8,-5,goodbye
26.307430505752563,-23,-1,-4,2,10,21,8,8,-4,14,-1,-11,-10,-8,goodbye
26.307430505752563,-32,-12,-11,-2,8,30,29,9,24,33,-17,-26,-8,-11,goodbye
26.32291889190674,-27,-25,-10,-1,1,16,36,8,21,21,-28,-33,-12,-16,goodbye
26.32291889190674,-25,-33,-8,-17,-22,-2,18,2,0,-4,-28,-30,-10,-15,goodbye
26.33879327774048,-16,-28,0,-29,-33,-15,6,0,2,-12,-9,-7,9,1,goodbye
26.33879327774048,7,-15,-1,-16,-20,-18,6,-2,15,-4,12,14,28,18,goodbye
26.35432457923889,30,0,4,-2,-13,-23,-13,2,8,-10,13,21,20,20,goodbye
26.37017679214477,36,19,20,10,-9,-21,-34,6,3,-18,7,20,6,17,goodbye
26.37017679214477,36,29,22,22,7,-8,-19,4,14,-5,21,24,11,15,goodbye
26.37017679214477,31,25,15,15,14,0,-6,6,9,4,25,23,6,5,goodbye
26.386224031448364,8,18,-1,5,6,4,-12,-2,-6,-2,11,2,-13,-15,goodbye
26.386224031448364,-20,8,-13,7,9,16,-3,-18,-16,-7,-1,-22,-21,-29,goodbye
26.40163397789001,-29,0,-10,16,15,21,17,-11,-16,2,-18,-29,-20,-19,goodbye
26.40163397789001,-25,-6,-18,13,6,10,22,0,-2,17,-30,-25,-15,-6,goodbye
26.41759705543518,-23,-16,-21,-10,-5,0,13,0,11,20,-24,-18,-2,0,goodbye
26.41759705543518,-15,-14,-16,-23,-6,-4,3,0,13,10,-12,-7,8,0,goodbye
26.433314561843872,-1,0,-4,-13,0,-9,-8,2,10,-1,0,3,9,-10,goodbye
26.433314561843872,0,10,7,-3,7,-7,-7,5,-2,0,13,8,5,-16,goodbye
26.449376583099365,-3,10,9,13,14,12,13,0,-16,2,13,4,-2,-6,goodbye
26.449376583099365,0,5,14,25,7,31,21,0,-15,-3,-9,0,-10,13,goodbye
26.46400666236877,6,-9,6,3,-10,18,6,1,0,-2,-14,-2,-2,23,goodbye
26.46400666236877,16,-19,4,-15,-15,-11,-10,-2,9,-1,2,3,9,18,goodbye
26.47923851013184,34,3,22,-4,2,-19,-19,0,9,-17,15,27,8,18,goodbye
26.49441146850586,41,27,18,17,17,-3,-15,0,-2,-10,18,32,7,17,goodbye
26.49441146850586,21,20,11,30,18,14,5,-3,-12,11,13,9,6,13,goodbye
26.50966191291809,-7,-7,-2,15,6,20,21,2,0,13,-5,-14,-3,6,goodbye
26.50966191291809,-24,-33,-32,-26,-13,1,13,0,15,7,-23,-24,-5,0,goodbye
26.526254415512085,-23,-30,-28,-45,-19,-14,0,0,12,6,-12,-10,8,-4,goodbye
26.526254415512085,-9,-10,-3,-24,-5,-11,0,1,9,0,10,5,14,-7,goodbye
26.541426181793213,-4,-4,0,-17,1,-13,-1,1,7,-11,9,3,-4,-14,goodbye
26.541426181793213,-13,0,-5,-28,-7,-27,-15,0,-6,-19,2,0,-19,-19,goodbye
26.557063817977905,-12,12,-1,-15,-14,-24,-21,0,-11,-15,16,2,-8,-25,goodbye
26.557063817977905,0,14,2,10,-3,-7,-16,2,-1,1,26,4,3,-19,goodbye
26.57253336906433,2,13,2,17,0,-7,-18,0,-5,-2,13,4,3,-8,goodbye
26.57253336906433,2,19,13,18,-5,-12,-22,-4,-18,-20,4,9,0,-4,goodbye
26.588618755340576,13,20,15,28,-1,7,-7,-3,-17,-5,9,11,0,5,goodbye
26.588618755340576,15,8,12,29,5,19,7,-3,-19,5,-2,3,-6,13,goodbye
26.60421633720398,4,0,16,15,-1,7,7,5,-28,-2,-22,-5,-8,16,goodbye
26.60421633720398,5,-3,0,12,0,13,19,7,-10,17,-14,-7,5,20,goodbye
26.619855403900143,2,-5,-8,14,6,27,33,0,6,29,-13,-5,8,18,goodbye
26.619855403900143,-13,-9,-4,7,3,30,26,3,10,13,-32,-16,-5,2,goodbye
26.63751530647278,-17,-18,-16,-3,2,24,21,5,32,27,-22,-24,0,-3,goodbye
26.63751530647278,-7,-24,-11,-16,4,10,19,-2,46,39,-5,-8,17,5,goodbye
26.63751530647278,0,-12,0,-13,0,-8,7,-5,27,5,-6,2,9,4,goodbye
26.653265237808228,7,0,-8,-8,0,-16,0,-3,13,-14,3,3,1,0,goodbye
26.66838002204895,0,-4,-2,-19,4,-7,-4,-2,12,-4,15,9,9,2,goodbye
26.66838002204895,-6,-8,7,-26,0,-7,-18,-4,8,-4,8,11,4,0,goodbye
26.68640875816345,4,2,0,-15,-2,-23,-28,-2,3,-12,8,8,-7,-11,goodbye
26.68640875816345,14,17,-1,-3,1,-24,-27,5,-8,-20,13,5,-9,-12,goodbye
26.68691349029541,7,21,8,5,6,-3,-26,0,-16,-31,11,0,-10,-12,goodbye
26.700482606887817,0,17,4,10,6,2,-24,-5,-19,-33,11,0,-16,-14,goodbye
26.700482606887817,-7,5,-11,0,6,-10,-11,-5,-33,-32,3,-3,-25,-19,goodbye
26.716156482696533,-14,-1,-10,-10,3,-6,0,-5,-44,-32,-22,-20,-31,-19,goodbye
26.716156482696533,-7,1,-8,0,-2,10,4,-6,-32,-13,-28,-25,-19,-11,goodbye
26.732330322265625,3,7,-4,22,2,14,10,-2,-8,18,-3,-9,4,0,goodbye
26.732330322265625,0,2,2,21,13,18,25,13,17,41,17,3,19,15,goodbye
26.746549129486084,-12,-17,-2,-1,0,16,34,15,28,47,9,0,23,16,goodbye
26.761186122894287,-14,-32,-10,-19,-19,-1,22,2,9,21,-22,-9,10,6,goodbye
26.761186122894287,-6,-22,-7,-12,-12,-4,19,-1,5,1,-35,-12,0,13,goodbye
26.776556253433228,10,-6,5,-2,0,8,31,9,31,16,-2,5,18,31,goodbye
26.776556253433228,29,3,18,0,-4,4,14,13,37,24,27,32,34,26,goodbye
26.79232335090637,22,13,12,0,-11,-12,-28,0,8,0,27,31,19,0,goodbye
26.79232335090637,3,17,7,0,-5,-17,-41,-6,-12,-11,28,15,0,-15,goodbye
26.80745553970337,4,18,9,6,1,-10,-23,-2,-9,-9,37,15,0,-7,goodbye
26.80745553970337,13,22,21,19,3,-7,-11,-3,-12,-15,31,25,0,2,goodbye
26.823217391967773,8,20,13,23,0,-6,-9,-6,-24,-11,12,19,0,3,goodbye
26.823217391967773,-4,5,-4,9,-5,-2,-7,-5,-21,-6,-9,-2,-8,-2,goodbye
26.8384268283844,-23,-11,2,-1,-7,2,-6,-6,-22,-20,-34,-22,-29,-16,goodbye
26.8384268283844,-34,-21,-9,-3,-6,8,1,-15,-29,-20,-42,-33,-34,-26,goodbye
26.85470414161682,-20,-19,-11,1,-4,16,13,-11,-7,7,-28,-19,-16,-13,sil
26.85470414161682,1,-6,17,18,5,27,22,10,25,31,-8,3,0,13,sil
26.870278120040894,5,-5,0,24,10,19,24,10,33,34,2,5,18,20,sil
26.870278120040894,5,-7,-6,4,0,0,17,5,21,8,3,8,25,19,sil
26.885389804840088,11,0,7,-7,-3,-7,8,13,24,-6,8,16,23,19,sil
26.885389804840088,18,0,-8,-9,2,-12,-2,4,31,4,18,11,27,11,sil
26.90097975730896,24,5,-1,-16,5,-12,-10,4,30,11,24,15,24,14,sil
26.90097975730896,19,14,6,-4,9,-8,-8,8,24,4,22,17,14,11,sil
26.91647171974182,1,5,-12,-8,6,-18,-22,-8,-3,-15,0,-2,-7,-14,sil
26.91647171974182,-6,-2,-20,-35,-3,-17,-38,-14,-34,-38,-22,-25,-36,-32,sil
26.93208074569702,-4,1,-17,-30,0,-4,-24,-8,-40,-38,-21,-30,-41,-31,sil
26.93208074569702,-10,4,-8,-9,12,-1,-11,-4,-36,-23,-19,-23,-32,-27,sil
26.947153329849243,-16,-4,-13,-11,13,2,-5,-6,-22,-3,-18,-18,-25,-21,sil
26.947153329849243,-18,-5,-15,-11,9,18,8,0,-1,11,-12,-27,-11,-13,sil
26.96323013305664,-20,2,-8,-1,10,33,28,11,1,11,-13,-37,-4,-10,sil
26.96323013305664,-17,-3,-11,5,3,25,36,3,-8,1,-18,-35,-11,-8,sil
26.9782943725586,-8,-14,0,0,-7,4,29,-4,-18,-11,-15,-21,-13,-1,sil
26.9782943725586,-3,-8,8,1,-15,0,17,-3,-15,-6,-7,-6,0,8,sil
26.99439573287964,-1,-7,4,8,-13,-5,2,0,-2,13,0,1,8,16,sil
26.99439573287964,-5,-9,6,14,-6,-12,-10,0,1,18,0,16,3,12,sil
27.009976863861084,-2,0,15,26,-2,-11,-7,0,6,17,4,26,7,8,sil
27.009976863861084,10,7,30,26,-5,-7,0,3,33,33,25,31,25,17,sil
27.02536368370056,16,3,19,8,-8,-5,1,8,56,42,37,33,47,26,sil
27.02536368370056,16,-1,-2,-6,-15,-10,-2,-3,36,19,28,30,49,22,sil
27.04106950759888,14,-6,4,-15,-21,-20,-15,-4,-6,-17,18,31,24,14,sil
27.04106950759888,8,0,0,-9,-10,-18,-16,-1,-21,-27,25,33,11,5,sil
27.05622887611389,11,15,5,0,5,0,-10,3,-10,-15,23,37,9,4,sil
27.05622887611389,17,28,25,8,18,15,-7,7,6,-1,21,33,5,9,sil
27.07143831253052,14,30,8,23,26,16,-1,-3,23,14,35,15,7,2,sil
27.07143831253052,17,33,20,24,18,10,-2,13,9,0,21,10,-4,-4,sil
27.087998628616333,7,18,9,19,2,12,4,12,-8,-20,-19,-4,-30,-19,sil
27.087998628616333,-9,-16,-39,8,-4,7,13,-20,-10,-25,-46,-39,-43,-27,sil
27.10307669639588,-10,-23,31,-18,-9,10,0,14,-42,-45,-59,-27,-51,-5,sil
27.10307669639588,-26,-17,3,-2,1,25,23,12,-36,-20,-44,-24,-34,-9,sil
27.11926436424256,-45,-44,-143,21,14,8,59,-51,17,40,-20,-72,-2,-36,sil
27.11926436424256,-17,-37,-19,-14,0,-10,13,2,15,29,-23,-47,0,-4,sil
27.134300708770752,9,9,95,-18,-2,1,-24,46,4,10,-4,16,9,29,sil
27.151419401168823,4,9,-32,2,9,-11,-14,-22,24,30,22,3,33,9,sil
27.151419401168823,9,-3,-24,-27,-7,-32,-35,-24,3,0,2,-12,10,-4,sil
27.151419401168823,19,4,42,-38,-20,-21,-45,13,-15,-31,-2,3,-2,0,sil
27.16558337211609,15,3,-11,-21,-14,-22,-23,-3,-5,-18,27,13,14,0,sil
27.18226170539856,5,3,-7,-26,-17,-31,-22,-10,-26,-25,20,18,2,0,sil
27.18226170539856,-1,11,17,-8,-11,-18,-13,-5,-47,-36,-5,14,-18,-2,sil
27.18226170539856,0,17,0,16,11,7,14,-10,-29,-12,0,5,-7,0,sil
27.19944739341736,-6,14,1,9,24,31,19,2,-10,8,7,-4,1,1,sil
27.19944739341736,-24,-1,-8,12,19,38,24,7,7,23,0,-28,-3,-16,sil
27.213074445724487,-26,-15,-16,22,13,31,37,2,28,30,-8,-31,-6,-24,sil
27.213074445724487,-17,-11,-2,8,6,23,31,10,44,28,-13,-12,-6,-3,sil
27.22828793525696,-1,-7,-6,-1,1,13,16,9,57,39,-10,-4,3,16,sil
27.22828793525696,15,-7,3,0,1,-9,-1,6,53,40,0,14,26,32,sil
27.2443950176239,19,5,21,-1,-3,-29,-27,0,24,7,22,39,36,29,sil
27.2443950176239,18,18,14,10,-4,-22,-29,-7,-11,-15,38,41,23,9,sil
27.260560035705566,23,20,22,35,9,3,2,1,-28,-7,19,35,4,14,sil
27.260560035705566,11,12,17,36,9,17,27,6,-17,0,-11,16,-5,16,sil
27.277146816253666,-18,-10,-12,2,-14,10,20,1,-5,-16,-31,-15,-20,-8,sil
27.277146816253666,-31,-32,-29,-29,-30,-1,9,2,-4,-36,-33,-34,-30,-22,sil
27.29142475128174,-18,-28,-29,-36,-19,-14,3,2,-1,-25,-7,-23,-15,-21,sil
27.29142475128174,-5,-4,-14,-28,-2,-17,-10,-1,-5,-2,24,1,4,-21,sil
27.306963205337524,-2,16,2,-3,6,-10,-23,-10,-20,-2,27,8,4,-21,sil
27.306963205337524,6,22,14,25,16,-3,-27,-10,-28,-8,0,-8,-10,-12,sil
27.322474718093872,16,13,20,29,16,9,-15,4,-13,15,-8,-10,-4,11,sil
27.338345050811768,16,-2,9,15,0,20,2,1,13,36,0,5,23,33,sil
27.338345050811768,11,-11,-2,-4,-13,10,5,-8,9,8,-8,2,15,23,sil
27.355372428894043,-1,-20,-10,-33,-18,-7,-3,-7,-19,-37,-31,-21,-25,-12,sil
27.355372428894043,-17,-29,-23,-55,-19,-14,-7,-6,-25,-54,-34,-28,-37,-30,sil
27.355372428894043,-8,-13,-20,-39,-10,-7,-3,-2,-5,-27,-8,3,-8,-15,sil
27.37036967277527,10,18,21,-7,5,-6,-4,11,-3,1,21,39,8,3,sil
27.37036967277527,3,34,21,19,16,-8,-2,2,-2,18,35,29,13,2,sil
27.38702154159546,-3,27,-3,37,17,-3,4,-6,8,22,30,6,15,0,sil
27.38702154159546,5,20,50,30,9,14,6,22,5,12,12,17,6,16,sil
27.401538133621216,0,5,16,27,7,23,21,11,18,26,11,7,13,16,sil
27.401538133621216,-7,-20,-52,16,6,6,31,-24,32,40,2,-29,20,4,sil
27.417165756225582,8,-18,23,-15,-3,1,14,8,12,14,-21,-22,0,11,sil
27.432332277297974,19,-1,26,-8,0,6,3,11,17,5,0,1,3,6,sil
27.432332277297974,25,6,-13,3,6,-10,-9,-7,24,0,24,20,20,-5,sil
27.447953462600708,22,17,5,1,2,-19,-21,0,0,-19,10,23,5,-2,sil
27.447953462600708,-2,12,-22,23,6,-7,-7,-18,-13,-19,-8,-11,-24,-5,sil
27.46349239349365,-19,0,3,24,8,8,0,-2,-22,-21,-22,-22,-38,0,sil
27.46349239349365,-22,-7,0,6,2,21,11,12,-9,-9,-26,-19,-19,2,sil
27.479022979736328,-30,-30,-58,-12,-3,7,13,-5,18,12,-28,-36,-7,-5,sil
27.479022979736328,-31,-29,-9,-33,-13,-4,-5,15,16,9,-26,-13,-10,1,sil
27.497059106826782,-16,-11,-4,-15,-14,-4,-7,8,14,16,8,16,17,2,sil
27.497059106826782,6,-1,-8,-3,-7,-16,-15,-8,9,11,31,21,32,-3,sil
27.497059106826782,12,10,28,-8,-4,-16,-24,5,-2,-2,23,27,13,-7,sil
27.51107430458069,-3,2,-24,0,-6,-12,-11,-15,-9,2,13,6,0,-27,sil
27.51207518577576,-4,0,6,-18,-13,-9,-21,0,-36,-23,-11,-3,-20,-16,sil
27.526254892349243,6,20,32,-6,0,14,-6,7,-29,-28,-5,5,-16,3,sil
27.542325019836422,12,8,-55,41,19,16,35,-33,3,15,16,-10,10,-1,sil
27.542325019836422,15,-8,48,4,5,12,20,21,-23,-1,-23,-1,-7,17,sil
27.558347463607788,-1,0,89,-38,-11,26,11,48,-20,-15,-42,9,-17,25,sil
27.558347463607788,-10,-14,-78,-18,-6,0,28,-27,27,12,-2,-20,13,-5,sil
27.558347463607788,20,-13,-30,-11,-4,-25,2,-17,7,-8,8,0,14,-3,sil
27.57542324066162,32,20,61,1,8,1,-6,16,-23,-30,15,33,1,9,sil
27.590030670166016,8,25,-4,31,25,15,13,-13,-9,-4,23,2,0,-3,sil
27.590030670166016,-7,3,1,22,14,8,8,-9,-4,5,-6,-25,-7,-6,sil
27.60615348815918,-17,-16,2,-2,-4,3,-2,1,2,8,-22,-25,-9,-1,sil
27.60615348815918,-16,-18,-33,-18,-17,-18,-19,-1,20,13,-4,-18,0,-7,sil
27.621426343917847,0,2,-3,-11,-14,-27,-39,2,20,5,12,6,11,-7,sil
27.621426343917847,9,19,15,13,1,-9,-29,0,5,-1,26,21,15,0,sil
27.636121034622192,-1,14,7,14,6,1,-8,-2,-13,-4,20,9,0,4,sil
27.636121034622192,-18,0,-13,1,0,5,6,0,-12,3,-11,-12,-17,0,sil
27.65135908126831,-12,-8,-11,-1,0,6,17,2,13,14,-22,-12,-12,-3,sil
27.65135908126831,7,0,13,4,5,-2,15,6,29,12,6,17,8,14,sil
27.66659712791443,13,6,-6,1,3,-14,3,-5,15,0,30,30,18,18,sil
27.66659712791443,6,9,20,-9,-2,-9,-12,3,-13,-16,11,25,-7,1,sil
27.68235230445861,0,15,17,16,1,8,1,5,-10,-1,0,5,-19,-9,sil
27.68235230445861,-2,-3,-56,44,12,9,22,-23,10,26,5,-21,0,-6,sil
27.69746851921081,4,-8,47,0,3,15,3,22,-11,-1,-14,0,0,20,sil
27.69746851921081,1,7,82,-10,0,38,11,44,-4,0,-19,14,1,25,sil
27.712990283966064,-7,-14,-61,20,7,20,33,-21,38,44,-4,-26,19,1,sil
27.712990283966064,3,-29,-23,-10,0,-6,7,-5,35,28,-14,-19,16,8,sil
27.727970361709595,8,-15,8,-24,-8,-9,0,12,22,2,-1,7,15,9,sil
27.727970361709595,1,-17,-49,-13,-6,-18,-1,-20,7,-8,15,0,14,-16,sil
27.74310088157653,1,-9,0,-32,-11,-18,-33,-3,-30,-41,-1,1,-9,-25,sil
27.74310088157653,1,9,6,-20,-10,-11,-34,-2,-36,-45,-5,1,-19,-25,sil
27.758272647857662,0,18,-9,6,3,-12,-17,-14,-27,-23,0,-3,-13,-18,sil
27.758272647857662,-1,19,19,12,10,5,0,3,-15,-5,-2,-1,-10,-4,sil
27.773898363113403,-16,3,4,9,5,18,15,3,0,2,-10,-16,-13,-2,sil
27.773898363113403,-27,-15,-10,-3,-2,10,13,-1,-3,-2,-22,-28,-19,-1,sil
27.78939199447632,-24,-19,-12,-13,-10,2,2,-3,-2,1,-22,-26,-8,0,sil
27.78939199447632,-10,-12,-11,-12,-18,-11,-7,-3,5,3,-9,-11,1,-2,sil
27.805520057678223,8,0,5,-8,-11,-19,-15,-1,0,-6,3,21,7,-1,sil
27.805520057678223,19,9,4,0,0,-8,-8,-5,-8,-3,23,36,19,3,sil
27.821042776107788,17,12,1,3,0,-5,2,2,-5,0,30,28,22,4,sil
27.821042776107788,11,14,6,0,1,-14,0,7,-6,-4,23,24,12,0,sil
27.83717513084412,4,10,4,0,0,-9,-5,1,-18,0,18,17,0,-1,sil
27.83717513084412,0,12,8,10,0,7,-6,0,-17,2,13,1,-5,0,sil
27.85319256782532,2,23,20,39,15,15,0,0,0,3,6,-3,0,7,sil
27.85319256782532,10,23,19,50,24,14,9,7,6,6,2,-2,3,15,sil
27.869324684143063,2,1,3,18,5,18,9,11,3,14,-7,-11,-4,15,sil
27.869324684143063,-12,-19,-11,-13,0,24,16,1,12,23,-20,-21,-14,6,sil
27.885372400283813,-9,-18,-12,-5,13,28,31,-3,24,32,-19,-19,-14,4,sil
27.885372400283813,2,-8,7,0,11,20,32,2,23,30,-14,-8,-3,10,sil
27.901005506515503,0,-5,7,-14,0,5,19,0,24,23,-7,0,10,11,sil
27.901005506515503,2,-4,-4,-11,2,-7,4,-6,33,8,-1,6,18,9,sil
27.91665863990784,12,0,4,-3,1,-18,-15,-2,17,-19,0,14,6,4,sil
27.91665863990784,5,-8,-2,-17,-13,-27,-25,-4,-6,-29,3,10,0,-6,sil
27.932265758514404,-7,-18,-12,-31,-23,-36,-25,-10,-11,-22,-3,-1,2,-13,sil
27.932265758514404,-1,-11,-5,-21,-18,-32,-24,-1,-5,-28,-14,2,0,-10,sil
27.94839358329773,6,0,-11,-12,-11,-15,-19,2,-9,-31,6,12,-1,-12,sil
27.94839358329773,0,4,-6,-15,-4,-4,-16,0,-22,-26,29,6,-6,-20,sil
27.963892459869385,-12,0,-5,-8,0,-7,-17,-4,-27,-28,8,-13,-21,-26,sil
27.963892459869385,-14,0,-8,7,0,-3,-13,-4,-23,-19,-9,-23,-23,-23,sil
27.980005979537964,-3,12,6,23,3,14,-1,4,-15,4,5,-9,-1,-9,sil
27.980005979537964,1,23,8,34,15,23,8,2,-6,20,16,0,14,-2,sil
27.99613142013549,-7,7,0,24,17,17,5,0,-1,18,1,-1,2,-1,sil
27.99613142013549,-17,-13,-12,8,2,18,10,5,0,21,-11,-8,-3,3,sil
28.011463403701782,-8,-14,-11,6,-5,23,28,6,13,32,-11,-10,9,12,sil
28.011463403701782,10,0,13,5,0,23,36,7,33,40,-2,5,13,27,sil
28.02743530273437,17,7,18,13,7,19,33,5,43,41,5,19,9,38,sil
28.02743530273437,15,11,14,24,10,8,23,1,32,30,0,14,15,33,sil
28.042810916900635,12,14,8,12,0,-7,2,0,9,7,-9,3,9,14,sil
28.042810916900635,1,-1,-6,-18,-16,-19,-15,-5,-3,-14,-12,-1,-5,-6,sil
28.05836582183838,-8,-19,-8,-38,-12,-16,-13,-6,-9,-31,-5,-2,-8,-10,sil
28.05836582183838,-5,-14,-5,-28,-4,-18,-8,-8,-15,-32,0,0,0,-6,sil
28.07373952865601,3,-2,0,-12,-14,-32,-19,-9,-20,-30,-1,5,-2,-8,sil
28.07373952865601,12,0,7,-2,-15,-27,-27,0,-20,-24,4,12,-1,-6,sil
28.08930492401123,15,8,7,1,-1,-11,-18,1,-23,-13,18,15,6,-3,sil
28.08930492401123,6,19,2,2,7,-3,-9,-3,-26,-9,18,8,5,-9,sil
28.105397701263428,-3,15,-6,2,13,4,1,2,-13,-6,9,-8,-3,-17,sil
28.105397701263428,-11,1,-3,-4,12,11,3,5,-4,-3,8,-6,-12,-15,sil
28.128070831298828,-17,0,2,-6,4,6,-7,-2,-12,-10,1,1,-25,-13,sil
28.12907242774964,-10,5,-3,7,7,-1,-11,-8,-21,-14,-9,-11,-27,-13,sil
28.12907242774964,-2,1,-2,5,12,4,0,1,-6,6,-8,-16,-11,0,sil
28.13607120513916,-8,-12,0,-11,3,17,12,7,23,34,-1,-8,6,11,sil
28.151742696762085,-12,-21,-3,-1,0,21,16,0,33,34,-11,-12,4,7,sil
28.151742696762085,-10,-14,-6,17,0,20,15,-1,21,11,-25,-19,-6,7,sil
28.167402982711792,-13,-13,-12,3,-3,15,22,0,15,2,-22,-20,-1,9,sil
28.167402982711792,-10,-18,-1,-11,-10,11,23,3,16,8,-6,-9,13,9,sil
28.18303275108337,3,-8,2,-1,-4,4,7,2,20,10,9,5,19,14,goodbye
28.18303275108337,15,2,3,0,0,-11,-15,-4,18,2,9,8,15,7,goodbye
28.19815278053284,17,2,6,-8,-12,-21,-25,-2,7,-4,1,6,11,-5,goodbye
28.21418285369873,19,0,3,-7,-14,-16,-12,0,3,-6,6,12,12,-5,goodbye
28.21418285369873,16,2,6,0,0,-11,0,2,0,-10,12,19,9,0,goodbye
28.21418285369873,11,12,3,10,7,-11,3,2,-6,-5,19,20,6,0,goodbye
28.229325532913208,19,25,10,19,5,-6,0,0,-2,4,35,33,11,9,goodbye
28.229325532913208,30,30,22,18,3,-1,-1,6,6,4,35,40,9,22,goodbye
28.24545741081237,16,20,8,16,4,-7,0,2,0,1,15,16,0,7,goodbye
28.24545741081237,-8,15,0,15,12,-6,0,-4,-19,0,-3,-11,-13,-10,goodbye
28.260507345199585,-20,15,-1,15,19,13,-1,-2,-25,-7,-23,-28,-19,-14,goodbye
28.260507345199585,-24,4,-10,14,12,23,0,-2,-23,-14,-30,-29,-18,-15,goodbye
28.27609395980835,-28,-12,-10,1,-2,13,4,0,-26,-3,-18,-19,-15,-11,goodbye
28.27609395980835,-24,-30,-17,-21,-14,5,8,-3,-27,0,-24,-26,-12,-9,goodbye
28.29221987724304,-21,-35,-22,-34,-13,4,1,-4,-13,-14,-51,-37,-19,-13,goodbye
28.29221987724304,-17,-25,-17,-27,-9,7,3,3,13,-8,-42,-16,-13,-8,goodbye
28.306517839431763,-2,-20,-12,-21,-15,2,9,3,31,16,-5,3,8,2,goodbye
28.32212281227112,10,-15,3,-22,-12,-11,-5,0,26,16,14,10,22,11,goodbye
28.32212281227112,14,0,8,-10,-3,-18,-21,0,14,6,27,16,26,13,goodbye
28.3373498916626,18,8,7,0,-7,-15,-14,0,8,6,36,28,21,10,goodbye
28.3373498916626,18,6,8,-10,-9,-16,-4,4,0,-4,30,29,5,2,goodbye
28.35329413414001,6,10,9,-8,0,-14,-8,1,-7,-19,25,15,-7,0,goodbye
28.35329413414001,0,19,14,17,6,0,-5,0,-7,-9,23,5,-13,4,goodbye
28.3686592578888,0,19,4,31,9,7,8,0,-6,2,11,-2,-16,0,goodbye
28.3686592578888,-5,8,1,28,17,12,11,-3,-17,-6,-6,-10,-17,-14,goodbye
28.384223461151123,-11,5,6,27,16,26,7,-3,-21,-5,-18,-11,-12,-11,goodbye
28.384223461151123,-8,4,2,19,3,24,7,-4,-5,9,-25,-15,-1,-1,goodbye
28.39941167831421,-1,-3,-5,-5,-2,5,5,0,9,7,-25,-14,6,3,goodbye
28.39941167831421,8,-9,-7,-15,0,-1,7,3,25,8,-3,0,19,10,goodbye
28.414985179901123,10,-8,3,-10,-1,-5,3,1,31,19,16,11,23,11,goodbye
28.414985179901123,5,-7,5,-10,0,-13,-4,0,24,12,8,5,12,5,goodbye
28.43048882484436,9,-5,-6,-19,2,-22,-12,-6,8,-5,0,5,1,-4,goodbye
28.43048882484436,9,2,0,-21,0,-28,-32,-5,-11,-23,8,17,-5,-10,goodbye
28.446622848510746,0,13,7,0,0,-12,-29,0,-23,-28,13,6,-13,-10,goodbye
28.446622848510746,-3,12,4,20,8,17,4,1,-16,-5,1,-15,-12,-4,goodbye
28.46183037757873,-8,0,0,13,6,26,25,1,-11,9,-11,-20,-9,0,goodbye
28.46183037757873,-22,-6,-16,14,0,14,27,-1,-12,1,-22,-22,-12,-5,goodbye
28.47756338119507,-14,-4,-8,21,-1,11,25,0,-7,-1,-28,-15,-14,0,goodbye
28.47756338119507,1,-13,-1,0,-1,13,19,12,8,12,-16,-3,0,9,goodbye
28.4930579662323,-3,-20,-13,-16,-1,8,8,11,29,26,-1,0,12,6,goodbye
28.4930579662323,-2,-3,-6,-5,-4,3,0,1,34,22,0,5,17,12,goodbye
28.508637189865112,13,9,-2,0,-7,-2,1,-10,18,6,5,12,23,13,goodbye
28.508637189865112,8,-1,-3,-15,-7,-9,-2,-5,-4,-6,7,7,19,2,goodbye
28.524678230285645,0,-8,0,-16,-9,-12,-16,4,-9,-1,10,10,17,4,goodbye
28.524678230285645,12,0,-4,-8,-12,-25,-29,-5,-8,-4,20,16,20,5,goodbye
28.539602041244507,14,5,7,-15,-13,-32,-37,-1,-23,-29,16,13,0,-2,goodbye
28.539602041244507,-1,8,11,-7,-5,-13,-22,3,-22,-19,11,10,-14,-13,goodbye
28.55512428283692,-1,9,-27,17,9,0,5,-13,0,7,23,3,-3,-23,goodbye
28.55512428283692,8,11,21,0,6,0,0,8,-12,-20,12,2,-16,-12,goodbye
28.57023000717163,4,26,118,-19,-1,17,-9,49,-27,-44,-11,23,-38,8,goodbye
28.57023000717163,-8,35,28,28,16,32,27,7,12,6,-5,9,-14,-1,goodbye
28.5861337184906,-11,7,-91,60,28,13,47,-45,34,42,3,-31,8,-17,goodbye
28.5861337184906,-4,-18,-21,16,5,2,7,-12,-1,8,-13,-25,-9,-1,goodbye
28.60163187980652,-5,-14,18,-5,-2,12,-8,10,-18,-2,-28,-10,-24,5,goodbye
28.60163187980652,-15,-17,-28,4,5,5,10,-11,0,19,-20,-22,-4,2,goodbye
28.61720061302185,-15,-30,-13,-10,-1,-2,10,-1,11,18,-13,-17,12,12,goodbye
28.61760640144348,-6,-25,-1,-20,-13,2,-2,6,15,6,-11,-7,8,7,goodbye
28.63262629508972,2,-10,-8,-1,-7,0,-14,-10,10,3,-8,-3,4,1,goodbye
28.63262629508972,9,-2,6,0,1,-8,-21,-7,3,0,3,8,14,9,goodbye
28.64818000793457,12,-1,2,-11,-1,-17,-14,1,2,-11,19,17,16,2,goodbye
28.64818000793457,18,3,3,-8,-9,-21,-11,6,0,-18,22,21,8,-6,goodbye
28.664076566696167,12,12,8,1,-7,-14,-16,6,-10,-15,19,18,8,-3,goodbye
28.664076566696167,-9,9,-4,-7,0,-10,-20,-10,-32,-27,6,-4,-9,-18,goodbye
28.67926359176636,-19,9,-8,-9,0,-5,-11,-16,-41,-34,-5,-20,-30,-30,goodbye
28.67926359176636,-5,13,1,12,4,14,19,3,-3,0,-2,-9,-11,-7,goodbye
28.69528031349182,4,9,8,22,12,32,45,20,37,39,0,4,10,21,goodbye
28.69528031349182,4,0,0,3,11,19,37,13,41,44,-8,2,12,25,goodbye
28.71064305305481,7,-7,-1,-25,-2,-4,12,5,33,31,-8,3,14,20,goodbye
28.71064305305481,10,-6,-2,-38,-8,-9,-1,5,23,12,-4,9,9,11,goodbye
28.72628355026245,6,0,-1,-21,0,-4,-9,0,-5,0,0,7,0,-5,goodbye
28.74149990081787,0,4,1,-5,0,-7,-18,0,-31,-5,8,0,-3,-13,goodbye
28.74149990081787,-13,2,-7,1,-5,-8,-16,-3,-31,-22,4,-9,-12,-14,goodbye
28.74149990081787,-9,4,3,24,0,8,5,-4,-18,-20,-12,-8,-22,-3,goodbye
28.75738930702209,6,0,17,33,11,31,29,7,5,14,-11,2,-4,20,goodbye
28.75738930702209,5,-18,-4,0,0,16,26,3,27,22,0,0,17,25,goodbye
28.772945165634155,-5,-21,-3,-23,-16,-16,0,-1,17,-7,-9,-6,10,5,goodbye
28.78919529914856,-6,-7,-1,-13,-12,-17,-11,2,2,-18,-2,0,3,-9,goodbye
28.78919529914856,0,0,-8,-8,0,-7,-16,-5,-3,-22,24,7,8,-12,goodbye
28.804283618927,10,23,9,1,3,-10,-30,-12,-18,-33,37,19,9,-12,goodbye
28.804283618927,17,37,18,29,10,-5,-30,-13,-22,-15,37,24,11,-11,goodbye
28.804283618927,1,17,12,36,15,3,-17,-4,-21,0,12,3,-2,-11,goodbye
28.820401668548584,-17,0,1,34,5,6,-5,0,-26,-1,-18,-21,-28,-17,goodbye
28.820401668548584,-11,0,-2,35,-3,6,5,-6,-19,9,-19,-15,-22,-13,goodbye
28.83650851249695,1,2,8,17,0,10,15,1,-1,14,-14,0,-7,5,goodbye
28.83701181411743,0,-3,-8,0,4,11,23,6,13,9,-23,-13,-8,10,goodbye
28.85315084457397,-2,-11,-13,-3,-3,6,23,5,22,17,-17,-11,-5,11,goodbye
28.85315084457397,3,-11,6,-5,-5,3,18,12,33,24,-1,9,10,24,goodbye
28.86740255355835,0,-20,-18,-18,-4,-6,12,0,33,11,-6,-3,12,17,goodbye
28.86740255355835,-12,-32,-15,-46,-18,-17,-4,-2,9,-6,-25,-15,-4,0,goodbye
28.88407039642334,-12,-26,-13,-43,-18,-11,-7,-1,3,0,-13,-9,-2,-12,goodbye
28.88407039642334,-4,-16,-36,-20,-2,-12,-2,-12,7,0,5,-10,14,-17,goodbye
28.89926815032959,5,7,28,-23,0,-10,-22,15,-9,-26,2,18,12,0,goodbye
28.914310216903687,12,25,2,0,8,-4,-17,0,0,-7,21,32,17,0,goodbye
28.914310216903687,14,3,-65,16,17,-19,-3,-27,13,11,34,2,16,-12,goodbye
28.914310216903687,22,13,90,-24,2,-4,-26,43,-18,-21,8,27,-10,18,goodbye
28.930453777313232,15,47,97,0,4,29,-17,34,-11,-4,19,40,0,25,goodbye
28.930453777313232,1,21,-77,50,20,6,4,-50,-2,28,32,-15,13,-11,goodbye
28.946349143981934,-1,3,-3,22,13,0,-5,-13,-43,-7,-2,-19,-23,-6,goodbye
28.946349143981934,-13,10,45,9,7,32,9,11,-28,-10,-17,-4,-33,0,goodbye
28.96097302436829,-29,-13,-44,6,-4,19,24,-15,8,17,-17,-36,-12,-17,goodbye
28.97664976119995,-22,-23,-12,-18,-17,5,15,12,15,18,-20,-31,-10,-5,goodbye
28.97664976119995,-6,-8,1,0,0,17,35,11,41,33,-1,-5,6,19,goodbye
28.992372274398804,3,-16,8,0,-1,0,26,0,25,21,-4,5,19,22,goodbye
28.992372274398804,3,-21,14,-14,-16,-13,3,4,-8,-4,-13,6,14,6,goodbye
29.010272979736328,10,-16,-45,2,-2,-9,12,-20,0,-4,3,-6,18,-5,goodbye
29.010272979736328,21,-2,46,-20,-2,-16,-12,9,-19,-34,-4,15,1,14,goodbye
29.010272979736328,9,13,48,-21,-13,-14,-24,21,-17,-32,4,26,1,8,goodbye
29.024333953857425,0,0,-114,28,-1,-24,-1,-45,21,0,29,-15,14,-29,goodbye
29.024333953857425,12,1,1,3,0,-24,-25,-3,-17,-39,0,0,-15,-17,goodbye
29.04044508934021,9,28,89,-9,2,7,-26,37,-37,-44,-4,36,-24,-2,sil
29.05611801147461,-7,14,-42,21,8,13,3,-17,0,2,18,8,-1,-23,sil
29.05611801147461,-12,0,-15,2,0,2,-8,-10,-18,-13,-12,-9,-18,-23,sil
29.05611801147461,-12,12,23,9,5,14,-5,5,-27,-20,-27,-10,-26,-11,sil
29.071408987045288,-2,13,-15,41,14,18,15,-7,4,17,-4,-11,-3,-2,sil
29.071408987045288,-2,-3,1,17,2,13,15,7,20,36,-2,0,4,9,sil
29.087053060531616,-16,-15,-3,-7,0,14,13,6,23,35,-8,-9,3,6,sil
29.10219621658325,-13,-11,-8,-6,1,8,10,3,23,29,-6,-18,5,10,sil
29.10219621658325,-3,-7,-5,-7,-4,-6,6,5,33,33,1,-3,15,20,sil
29.117992877960205,-2,-18,-12,-21,-11,-23,-3,4,38,29,4,2,22,16,sil
29.117992877960205,-1,-20,0,-31,-14,-23,-22,11,25,5,0,0,17,8,sil
29.13302659988404,1,-10,-1,-20,-7,-17,-20,2,21,2,12,5,19,6,sil
29.13302659988404,16,5,9,-8,5,-19,-15,-1,11,5,34,20,25,11,sil
29.14857244491577,27,23,19,5,10,-14,-19,-3,-7,0,40,24,21,11,sil
29.14857244491577,19,25,11,14,6,-2,-6,-10,-26,-10,18,9,3,2,sil
29.16431975364685,8,16,7,10,6,14,13,-4,-32,-21,-6,-2,-16,0,sil
29.16431975364685,6,7,-14,12,11,18,18,-14,-21,-19,-1,-12,-12,-5,sil
29.1797878742218,8,11,17,9,6,11,3,0,-28,-25,0,0,-9,-4,sil
29.1797878742218,1,18,29,15,2,20,11,9,-31,-24,-6,10,-15,-2,sil
29.19619941711425,-11,-6,-56,30,4,11,30,-30,-3,-2,-8,-21,-17,-17,sil
29.19619941711425,-7,-17,46,-16,-8,0,-4,19,-17,-25,-41,-14,-40,-4,sil
29.21196985244751,-7,2,134,-42,-12,27,-14,69,-28,-30,-50,13,-42,6,sil
29.21196985244751,-28,-16,-92,17,3,25,34,-33,25,31,-7,-36,-3,-23,sil
29.227051496505737,-19,-45,-120,8,-5,-14,25,-48,32,31,-6,-45,5,-14,sil
29.227051496505737,0,-25,48,-43,-25,-13,-9,29,6,-4,-22,14,1,18,sil
29.24246406555176,-13,-18,-25,-27,-14,-12,-3,-3,12,2,-1,6,17,-1,sil
29.24246406555176,-11,-21,-45,-20,-9,-30,-18,-18,-4,-11,0,-3,4,-16,sil
29.258363962173465,8,4,24,-20,0,-17,-29,11,-15,-23,7,25,0,-6,sil
29.258363962173465,8,20,-27,6,10,-13,-17,-13,2,0,29,10,17,-14,sil
29.274040460586548,7,29,30,6,5,-13,-25,3,-16,-7,18,10,5,-2,sil
29.274040460586548,14,40,55,34,15,16,2,18,-6,10,26,28,8,13,sil
29.28913426399231,6,21,-55,72,31,16,32,-28,20,43,36,-1,22,0,sil
29.28913426399231,0,4,26,14,9,5,0,11,-16,10,-10,-4,-1,6,sil
29.30455231666565,0,2,73,-18,-5,27,2,43,-3,8,-15,9,0,19,sil
29.30455231666565,-3,-16,-66,15,1,12,33,-22,55,49,22,-17,24,8,sil
29.32050085067749,-1,-22,-28,-5,-9,-25,0,-15,25,16,1,-14,7,13,sil
29.32050085067749,8,-2,51,-35,-21,-17,-17,25,0,-14,-9,14,1,20,sil
29.336079835891724,13,5,-10,-15,-8,-8,0,1,31,1,25,12,22,2,sil
29.336079835891724,7,14,-6,1,1,-14,-13,-8,10,-8,23,6,9,-9,sil
29.35140824317932,0,21,25,19,7,0,-18,-1,-19,-23,1,2,-14,-6,sil
29.35140824317932,2,11,11,25,14,23,2,4,-2,-5,-3,-1,-12,4,sil
29.3670711517334,-3,-3,-1,10,9,27,19,5,8,11,-11,-4,-1,3,sil
29.3670711517334,-18,-19,-40,1,0,13,30,-13,5,13,-29,-24,-6,-10,sil
29.38231372833252,-14,-30,-29,-23,-6,0,20,-4,1,-9,-40,-26,-21,-5,sil
29.38231372833252,0,-17,20,-53,-16,-10,-9,13,-12,-37,-23,7,-17,1,sil
29.398277759552,4,4,4,-27,-14,-16,-25,0,-22,-33,3,18,0,-9,sil
29.398277759552,9,16,-1,13,2,-7,-15,-5,-27,-19,4,1,-4,-12,sil
29.41389775276184,2,8,20,17,8,4,-5,0,-33,-17,-11,-5,-25,-3,sil
29.41389775276184,-12,-11,-2,1,-5,3,-2,-8,-30,-11,-18,-14,-27,-6,sil
29.42914175987244,-6,-18,-17,-4,-11,0,-1,-7,-4,8,-15,-16,-8,-3,sil
29.42914175987244,12,0,0,-1,-2,-11,-2,4,20,21,2,3,10,8,sil
29.44522857666016,20,20,11,6,2,-20,-12,5,9,8,29,27,21,7,sil
29.44522857666016,14,25,13,15,8,-6,-11,0,-17,-3,29,22,15,2,sil
29.460968255996704,-2,11,0,21,11,12,9,-2,-19,1,5,0,0,-1,sil
29.460968255996704,-18,-1,-3,18,4,16,16,-1,-1,8,-4,-15,-4,-8,sil
29.476362228393555,-21,-11,-5,8,3,17,9,1,13,16,-3,-20,0,-7,sil
29.476362228393555,-16,-23,-16,-14,2,12,6,2,17,19,-15,-16,0,2,sil
29.49202680587769,-9,-24,-14,-29,-7,0,4,-2,21,11,-11,0,7,3,sil
29.49202680587769,0,-16,-12,-24,-10,-16,-2,-5,21,5,15,14,21,-1,sil
29.50727486610413,7,-3,16,-27,-3,-25,-13,8,1,-5,21,26,15,0,sil
29.50727486610413,6,11,7,-10,5,-10,-3,0,-4,-7,19,19,12,-3,sil
29.52339124679565,3,9,-20,20,10,-2,8,-13,2,6,28,0,13,-9,sil
29.52339124679565,13,24,74,13,8,9,0,32,-9,-1,12,18,-6,12,sil
29.53915047645569,12,38,34,33,15,39,19,13,11,15,6,15,1,15,sil
29.53915047645569,-4,-3,-95,50,14,24,35,-45,32,31,-3,-39,7,-7,sil
29.55419683456421,-6,-18,30,-7,-10,0,-1,22,-13,-16,-44,-28,-29,7,sil
29.55419683456421,-1,6,50,-22,-15,8,0,31,-6,-14,-27,0,-18,14,sil
29.569398641586304,-2,-8,-74,-3,-8,-7,11,-36,29,16,3,-16,12,-1,sil
29.569398641586304,4,-15,0,-29,-20,-29,-19,0,5,-14,-17,0,-2,8,sil
29.585368156433105,6,0,18,-21,-18,-25,-23,5,-1,-26,-7,16,0,4,sil
29.585368156433105,1,-7,-26,-9,-11,-28,-19,-21,-3,-18,9,3,4,-15,sil
29.600970029830933,2,0,4,-16,-6,-19,-28,-4,-22,-26,5,7,-7,-13,sil
29.600970029830933,11,21,1,6,6,-5,-16,-5,-17,-12,17,11,-3,-2,sil
29.61622142791748,18,27,26,23,12,3,-4,5,-16,-2,16,14,0,10,sil
29.61622142791748,4,7,7,26,12,18,11,7,-11,4,4,4,0,2,sil
29.632973194122314,-9,-10,-15,17,17,20,15,2,-9,7,-3,-10,-3,-4,sil
29.632973194122314,-5,2,45,8,17,34,10,30,-13,4,-12,0,-14,10,sil
29.64823007583618,-9,-5,-41,29,14,33,33,-6,32,42,3,-15,6,-1,sil
29.66291046142578,-10,-33,-52,-4,-6,-6,17,-14,35,37,-1,-20,17,0,sil
29.66291046142578,1,-7,101,-52,-20,-6,-17,41,-10,-11,-20,29,3,29,sil
29.679182291030884,1,5,-13,-3,0,0,6,-18,13,0,9,15,17,0,sil
29.679182291030884,-1,-11,-97,11,6,-37,0,-48,13,-1,13,-23,9,-34,sil
29.679182291030884,-3,9,52,-28,-6,-30,-40,24,-39,-42,-15,1,-24,-15,sil
29.69354248046875,-15,22,14,-8,1,5,-18,9,-27,-19,-1,-1,-19,-16,sil
29.709162950515747,-17,5,-49,18,5,3,3,-21,-11,5,1,-33,-14,-25,sil
29.709162950515747,-20,0,18,12,0,8,0,4,-27,-6,-21,-29,-26,-13,sil
29.72616672515869,-18,-5,5,15,3,23,16,0,-10,3,-16,-15,-14,-3,sil
29.72616672515869,1,-11,-5,6,-4,18,28,-1,11,21,-2,0,3,13,sil
29.72616672515869,10,-11,6,-12,-16,11,19,12,19,14,-8,6,9,25,sil
29.74222421646118,3,-17,-16,-22,-15,-3,4,1,23,1,-10,1,10,12,sil
29.74222421646118,16,-12,1,-25,-8,-21,-8,-5,20,3,10,22,19,9,sil
29.75643539428711,34,1,20,-14,-3,-19,-8,0,25,13,38,41,38,16,sil
29.77201771736145,27,6,8,-11,0,-16,-16,1,16,-1,34,32,31,8,sil
29.77201771736145,10,12,4,-8,0,-16,-22,-7,-6,-27,11,14,1,-1,sil
29.78754162788391,2,14,7,9,8,-6,-8,-7,-13,-24,3,0,-8,-3,sil
29.78754162788391,-6,4,5,20,11,8,1,5,-5,0,-4,-7,-7,-2,sil
29.803191423416138,-17,0,-7,13,1,18,6,3,-3,13,-17,-11,-11,0,sil
29.803191423416138,-10,4,0,10,0,21,18,2,-3,7,-17,-14,-9,7,sil
29.81842684745789,-3,0,-15,15,4,13,23,0,8,8,-10,-18,-4,3,sil
29.81842684745789,-4,-13,-21,-1,-4,-10,-4,-4,2,0,-9,-14,-4,-7,sil
29.83443689346313,0,2,30,-19,-11,-19,-32,8,-23,-24,0,8,-7,-6,sil
29.83443689346313,0,20,-21,19,11,-4,-9,-10,-7,-6,34,4,3,-14,sil
29.85018110275269,-3,12,-25,40,25,2,2,-13,10,16,24,-5,0,-11,sil
29.85018110275269,3,20,110,1,7,26,-8,45,-7,1,-16,18,-13,15,sil
29.8665075302124,0,14,13,5,2,27,18,8,17,22,0,9,10,8,sil
29.8665075302124,0,-19,-98,6,0,-24,15,-37,33,29,21,-8,30,-4,sil
29.882493019104004,13,-9,12,-24,-7,-31,-17,6,-5,-9,7,24,16,13,sil
29.882493019104004,9,12,14,-6,0,-1,-2,-1,-20,-17,14,19,0,2,sil
29.898112297058105,-6,-2,-16,2,2,1,4,-13,-31,-22,-5,-12,-29,-18,sil
29.898112297058105,-11,-18,13,-10,-4,6,0,13,-29,-15,-36,-19,-34,-10,sil
29.91422176361084,-12,-25,-18,-11,-8,16,16,5,9,18,-27,-19,-2,-1,sil
29.91422176361084,-7,-22,-9,-27,-13,-2,3,3,18,5,-20,-7,4,0,sil
29.92913317680359,3,-5,3,-22,-11,-22,-20,-2,4,-20,-10,2,1,-2,sil
29.92913317680359,10,9,-1,4,-1,-16,-18,-8,-3,-15,11,6,6,-3,sil
29.94468140602112,3,19,22,19,11,6,2,9,-13,2,13,12,5,0,sil
29.94468140602112,-1,20,11,35,21,19,21,0,-10,14,4,0,1,0,sil
29.95976829528809,1,17,9,38,11,18,17,-6,-4,5,1,-9,-5,6,sil
29.95976829528809,0,0,0,12,-3,18,16,1,11,8,-1,-12,-7,9,sil
29.975427865982056,-9,-23,-16,-20,-9,9,22,5,20,17,-15,-20,-6,5,sil
29.975427865982056,-7,-14,15,-19,-5,11,19,13,16,12,-17,-11,-7,13,sil
29.991360425949097,-3,-10,-36,11,0,15,19,-15,34,28,4,-12,6,9,sil
29.991360425949097,0,-27,-21,-22,-11,-7,-11,0,20,16,-2,-6,5,6,sil
30.006607055664062,1,-6,76,-54,-17,-8,-35,45,-4,-11,-10,29,5,18,sil
30.006607055664062,-3,2,-69,3,0,-12,2,-28,31,17,27,6,35,-6,sil
30.022016286849976,-1,-17,-104,0,-6,-49,-14,-54,15,0,19,-19,19,-21,sil
30.022016286849976,7,5,96,-60,-29,-41,-72,32,-48,-60,-17,25,-23,-2,sil
30.03797912597656,-1,20,22,-30,-10,-12,-43,1,-25,-41,5,20,-11,-21,sil
30.03797912597656,-5,5,-53,-4,2,-21,-13,-35,-14,-28,15,-7,-5,-32,sil
30.05343651771545,1,20,44,-7,1,-7,-18,9,-34,-36,5,15,-12,-10,sil
30.05343651771545,2,25,-5,22,15,11,4,-1,-4,0,15,3,0,-11,sil
30.06939172744751,6,14,11,21,19,6,4,0,-10,-4,-3,-5,-9,-3,sil
30.06939172744751,0,14,36,23,17,19,7,3,-26,-7,-10,5,-9,2,sil
30.084992170333862,-5,-2,-66,55,23,17,36,-26,-1,25,11,-12,9,-6,sil
30.084992170333862,19,1,36,39,18,7,26,30,-3,7,0,7,4,24,sil
30.10044288635254,12,17,88,19,4,29,17,46,-1,0,-8,25,3,32,sil
30.10044288635254,-8,-9,-58,33,2,21,34,-28,15,37,6,-9,15,-4,sil
30.11633920669556,27,-11,-1,38,12,-3,23,-3,0,30,18,13,23,22,sil
30.11633920669556,33,16,65,28,14,8,4,32,0,9,12,33,17,39,sil
0.0277321338653564,-14,9,-19,-1,5,16,-1,-7,13,2,-13,-17,-12,-4,sil
0.0277321338653564,-11,0,-8,-14,0,4,3,-8,4,1,-18,-28,-25,-7,sil
0.0432476997375488,0,-2,2,-5,-4,3,9,2,11,19,-1,-15,-10,-2,sil
0.0432476997375488,-16,-15,-27,-9,-10,1,6,1,37,33,-9,-22,0,-19,sil
0.0593535900115966,-17,-24,-6,-22,-17,0,4,14,43,24,-15,-11,2,-3,sil
0.0593535900115966,-20,-31,-16,-32,-26,-3,0,0,25,8,-2,-4,2,8,sil
0.074561595916748,-16,-29,-21,-48,-25,-12,-10,-12,5,-10,0,-3,1,0,sil
0.074561595916748,1,-13,0,-45,-19,-22,-19,-7,-7,-26,-1,8,10,2,sil
0.0902719497680664,4,-7,-10,-28,-24,-32,-30,-14,-21,-26,0,12,15,6,sil
0.0902719497680664,6,-1,-2,-21,-26,-30,-37,-4,-21,-22,7,19,8,2,sil
0.1056902408599853,9,17,5,-7,-4,-11,-25,3,-4,-15,17,18,-2,-6,sil
0.1056902408599853,1,21,-1,10,20,9,-7,0,-12,-7,9,0,-15,-13,sil
0.1226236820220947,-3,10,9,20,21,23,8,0,-27,-6,-15,-13,-21,-9,sil
0.1226236820220947,-3,0,-3,15,8,19,20,-3,-12,-6,-28,-21,-22,-6,sil
0.1383085250854492,-1,-5,-11,-1,5,2,11,-2,4,-5,-13,-13,-14,-1,sil
0.1383085250854492,1,3,3,-11,6,-3,-1,4,12,-4,10,8,8,0,sil
0.1527450084686279,4,12,1,-7,5,-10,-7,0,14,-5,15,11,19,-10,sil
0.1527450084686279,7,9,7,0,9,-11,-12,3,-2,-9,8,7,6,-15,sil
0.1686358451843261,0,7,6,6,9,0,-3,4,-15,-7,14,3,1,-13,sil
0.1686358451843261,-12,7,-6,2,1,5,4,-1,-12,-5,11,-9,4,-11,sil
0.1842103004455566,-14,6,5,1,5,0,5,2,-13,-8,-5,-8,-3,-3,sil
0.1842103004455566,-1,12,9,31,15,7,10,-1,-12,0,-12,-1,-13,3,sil
0.1993982791900634,5,14,9,40,13,12,9,1,-7,13,-10,-6,-9,7,sil
0.1993982791900634,0,0,18,9,0,6,-1,3,-3,16,-14,-11,-5,7,sil
0.2153425216674804,-4,-19,-22,3,-2,9,6,-17,5,23,-8,-20,-2,2,sil
0.2153425216674804,6,-7,1,17,5,18,21,5,7,26,0,-4,0,14,sil
0.231029987335205,13,17,50,15,6,20,29,32,13,24,6,22,14,30,sil
0.2472312450408935,1,-3,-77,26,3,-5,40,-32,39,38,15,-6,27,15,sil
0.2472312450408935,8,-28,-48,-1,-7,-30,-1,-24,9,5,-13,-16,-1,16,sil
0.2612695693969726,18,1,131,-40,-20,-3,-45,59,-28,-34,-36,34,-24,34,sil
0.2612695693969726,-1,7,6,-1,-12,12,-12,0,28,11,9,20,14,7,sil
0.2774603366851806,-7,-27,-84,5,-12,-18,-5,-40,41,15,21,-12,20,-16,sil
0.2774603366851806,-3,-24,32,-43,-23,-20,-37,22,-19,-40,-13,5,-16,-15,sil
0.2925825119018554,-13,-11,-2,-41,-20,-3,-19,4,-8,-23,4,7,-2,-24,sil
0.2925825119018554,-2,-10,-27,-16,-12,-7,-3,-14,14,0,28,13,25,-16,sil
0.30861496925354,7,1,20,-2,-4,-8,-8,3,-13,-20,20,31,18,-3,sil
0.30861496925354,-4,4,-13,-4,-2,-10,-9,-7,-27,-26,23,15,5,-13,sil
0.3247275352478027,0,8,-9,-12,-3,-10,-5,0,-9,-11,25,10,2,-8,sil
0.3247275352478027,13,23,20,13,7,3,13,8,1,7,23,20,8,1,sil
0.3405723571777344,0,24,6,39,13,11,21,-4,-4,11,17,10,0,-1,sil
0.3405723571777344,-2,24,10,30,14,14,7,-1,-9,-1,6,-1,-17,-3,sil
0.3562667369842529,8,25,18,30,22,14,3,-2,-10,-3,-5,-7,-27,-2,sil
0.3566172122955322,1,8,4,32,14,4,1,-8,-18,0,-15,-18,-25,-1,sil
0.3713278770446777,-4,0,5,24,9,12,-1,1,-15,2,-14,-16,-10,7,sil
0.3713278770446777,6,6,8,26,25,31,22,7,0,14,-11,-4,10,17,sil
0.3864994049072265,4,-4,-2,12,18,21,30,5,8,16,-26,-14,9,15,sil
0.3864994049072265,-12,-27,-16,-24,-7,0,11,0,14,15,-39,-34,-7,6,sil
0.4016246795654297,-14,-26,-27,-37,-3,1,17,0,26,25,-34,-37,-8,3,sil
0.4016246795654297,-7,-19,-24,-32,1,5,25,9,31,24,-44,-30,0,7,sil
0.4173154830932617,-15,-26,-33,-54,-9,-6,0,5,27,3,-50,-35,-2,0,sil
0.4173154830932617,-17,-23,-43,-70,-10,-21,-25,-3,25,-5,-21,-30,-7,-16,sil
0.4324052333831787,0,-1,-13,-51,-4,-23,-21,2,15,-1,5,-5,-4,-14,goodbye
0.4324052333831787,1,3,-7,-35,-10,-20,-18,-1,-6,-12,1,-3,-5,-12,goodbye
0.4484813213348388,-15,-9,-15,-35,-20,-27,-33,-12,-28,-36,-4,-13,-10,-25,goodbye
0.4484813213348388,-9,-1,13,-13,-18,-22,-40,0,-21,-31,19,8,-1,-23,goodbye
0.4645140171051025,11,20,31,27,0,1,-19,4,-1,-3,51,37,11,-2,goodbye
0.4645140171051025,22,26,40,49,12,10,-2,-7,-13,-4,56,46,14,12,goodbye
0.4806358814239502,18,24,46,60,5,0,-2,-8,-29,-13,48,51,14,20,goodbye
0.4806358814239502,12,20,33,65,-2,5,0,-1,-28,-3,38,45,10,21,goodbye
0.4959108829498291,9,15,28,56,-1,17,7,0,-29,3,16,25,0,14,goodbye
0.4959108829498291,9,13,16,52,7,14,19,-1,-8,6,4,15,0,4,goodbye
0.5115194320678711,5,4,6,40,12,9,25,3,18,12,2,13,5,4,goodbye
0.5115194320678711,-8,-11,0,12,0,12,24,5,15,11,-9,-2,0,0,goodbye
0.526691198348999,-18,-27,-19,-5,-16,4,19,-5,1,5,-24,-21,-8,-7,goodbye
0.526691198348999,-11,-29,-17,-19,-18,-5,5,0,2,-2,-29,-17,-8,-6,goodbye
0.5422325134277344,3,-15,-15,-30,-8,-2,-1,6,23,9,-18,-5,6,4,goodbye
0.5422325134277344,13,-10,-19,-27,2,-10,-2,-2,33,26,-1,0,25,12,goodbye
0.5574970245361328,6,-15,-1,-33,0,-20,-11,3,7,7,-3,3,16,8,goodbye
0.5574970245361328,-7,-19,-33,-36,-5,-11,-6,-3,6,-4,-1,-8,6,-9,goodbye
0.5733003616333008,-7,-6,-40,-37,0,-10,-3,-5,19,-1,7,-9,0,-20,goodbye
0.5733003616333008,0,28,26,-29,7,-3,-20,22,-9,-18,0,10,-17,-11,goodbye
0.5886266231536865,0,31,-32,11,12,1,-12,-14,-20,-12,11,-5,-9,-15,goodbye
0.5886266231536865,8,9,-34,14,8,-9,-7,-23,-20,-13,14,-19,-4,-6,goodbye
0.6046979427337646,25,41,155,-15,4,15,-19,62,-41,-32,-4,31,-14,31,goodbye
0.6046979427337646,7,60,65,43,27,52,25,23,4,23,21,29,16,18,goodbye
0.6203877925872803,-10,2,-124,79,42,20,54,-52,48,62,30,-36,30,-13,goodbye
0.6203877925872803,0,-15,6,12,18,1,8,13,21,12,-14,-24,-7,7,goodbye
0.6354367733001709,-4,0,38,-6,0,21,-2,22,19,8,-14,-2,-5,17,goodbye
0.6354367733001709,-22,-27,-56,0,-13,-4,4,-30,2,11,-17,-30,-3,-3,goodbye
0.6512391567230225,-14,-32,6,-18,-16,-18,-1,-6,-45,-34,-53,-33,-35,-2,goodbye
0.6512391567230225,-3,-13,-9,-1,0,2,17,-11,-27,-25,-31,-24,-26,0,goodbye
0.666677713394165,-2,-16,-23,-11,-12,-12,4,-13,-7,-2,-10,-16,-8,0,goodbye
0.666677713394165,-1,-11,62,-44,-31,-17,-26,28,-11,-11,-26,8,-12,8,goodbye
0.6825685501098633,-9,-13,-30,-12,-12,3,2,-8,30,13,-4,-2,6,-9,goodbye
0.6825685501098633,-13,-31,-68,-15,-9,-6,10,-25,22,2,4,-15,0,-27,goodbye
0.6979210376739502,-6,-11,72,-52,-26,-6,-22,40,-25,-40,-17,17,-30,-10,goodbye
0.6979210376739502,-6,3,4,-10,-5,5,-10,7,4,-6,-2,15,-5,-6,goodbye
0.713874101638794,-3,-18,-91,15,1,-19,-6,-40,22,22,10,-7,22,-11,goodbye
0.713874101638794,13,-6,38,-21,-19,-23,-34,14,-16,-10,7,25,14,2,goodbye
0.7293910980224609,18,32,62,0,-4,4,-14,18,-2,-3,35,47,18,2,goodbye
0.7293910980224609,17,35,-27,47,21,4,11,-22,25,18,43,24,25,-1,goodbye
0.7453999519348145,22,19,6,25,12,-7,0,-2,2,0,27,25,20,10,goodbye
0.7453999519348145,13,11,27,0,3,-6,-7,10,-5,-4,32,32,19,14,goodbye
0.7602372169494629,5,9,-13,7,13,-7,0,-4,-2,0,29,15,11,4,goodbye
0.7602372169494629,11,8,7,16,12,0,1,0,-20,-9,11,5,1,2,goodbye
0.7753252983093262,3,9,22,18,7,7,5,3,-22,2,10,0,6,3,goodbye
0.7753252983093262,-12,11,3,24,17,6,9,-5,-6,26,3,-11,3,-4,goodbye
0.7911853790283203,-11,10,3,25,17,10,2,-3,-1,15,-8,-10,-9,-6,goodbye
0.7911853790283203,-8,6,4,22,0,18,0,5,-5,-3,-7,-7,-12,-1,goodbye
0.8062984943389893,-12,2,0,18,1,16,12,2,-2,-6,-10,-16,-11,0,goodbye
0.8226828575134277,-5,-3,-2,8,7,12,25,1,8,3,-22,-24,-16,7,goodbye
0.8226828575134277,3,-11,-5,-7,-4,11,21,3,19,19,-23,-21,-13,13,goodbye
0.8226828575134277,-1,-16,-10,-22,-16,6,7,3,11,14,-27,-18,-13,5,goodbye
0.8402659893035889,-6,-19,-14,-26,-14,0,4,1,8,0,-32,-19,-10,3,goodbye
0.8402659893035889,2,-16,-3,-20,-5,1,12,5,27,11,-13,-9,10,19,goodbye
0.852647066116333,5,-12,-12,-13,0,0,11,3,37,23,4,1,25,17,goodbye
0.868746280670166,-2,-15,-17,-26,-12,-10,-6,2,11,-9,-3,3,8,0,goodbye
0.868746280670166,-5,-8,-1,-33,-17,-8,-15,5,-3,-33,-5,9,-2,-5,goodbye
0.8844213485717773,0,1,-34,-10,0,-8,-6,-12,6,-15,9,1,5,-10,goodbye
0.8844213485717773,2,1,13,-17,-4,-22,-28,0,-23,-32,-4,-1,-10,-13,goodbye
0.8994805812835693,-7,2,50,-29,-19,-13,-38,13,-51,-47,-19,1,-30,-21,goodbye
0.8994805812835693,-23,-4,-83,10,5,-10,5,-39,-13,0,8,-24,-10,-45,goodbye
0.9154825210571288,-12,3,-4,13,16,-12,2,-7,-20,-5,2,-10,-16,-27,goodbye
0.9154825210571288,0,34,113,7,6,19,-13,43,-39,-27,-10,24,-30,0,goodbye
0.9325785636901855,-2,19,-64,51,17,20,16,-34,1,17,21,-11,3,-14,goodbye
0.9325785636901855,5,3,-13,29,11,-7,3,-10,-8,14,8,-8,5,7,goodbye
0.9335801601409912,14,14,104,3,0,14,-1,41,-6,10,-12,31,-4,34,goodbye
0.9472825527191162,11,-15,-89,33,11,10,26,-45,58,64,25,0,31,5,goodbye
0.9472825527191162,27,-22,-13,-8,0,-20,-8,-5,27,31,23,11,32,17,goodbye
0.9623267650604248,24,20,164,-39,-19,5,-27,72,-14,-10,1,62,10,43,goodbye
0.9783079624176024,0,5,-32,9,-8,10,14,-19,33,29,31,23,33,10,goodbye
0.9783079624176024,8,-19,-85,6,-1,-26,3,-39,25,13,31,1,39,5,goodbye
0.993321180343628,23,6,58,-21,-4,-15,-19,22,-26,-37,5,32,13,21,goodbye
0.993321180343628,1,7,0,-4,-3,1,-1,-2,-14,-24,9,14,1,-5,goodbye
1.0083916187286377,-14,-10,-41,-4,-5,-9,0,-15,-3,-13,2,-17,-13,-28,goodbye
1.0083916187286377,-15,0,4,-3,0,-1,-1,4,-19,-21,-18,-30,-33,-25,goodbye
1.024405002593994,-19,2,-10,16,14,19,11,-2,-13,-11,-20,-39,-33,-19,goodbye
1.024405002593994,-20,-8,-14,15,12,22,11,2,-1,-1,-23,-32,-23,-8,goodbye
1.0405097007751465,-14,-13,-3,6,0,15,7,8,5,6,-31,-24,-15,4,goodbye
1.0405097007751465,-3,-11,-7,2,0,12,15,-1,17,15,-21,-21,-2,9,goodbye
1.0563528537750244,3,0,6,-9,0,5,14,2,25,13,-7,-3,6,7,goodbye
1.0563528537750244,1,8,2,-11,0,-7,-2,9,22,16,-3,4,11,0,goodbye
1.0713255405426023,0,8,-2,-8,0,-17,-18,5,14,20,0,1,11,-1,goodbye
1.0713255405426023,9,14,7,-1,4,-11,-16,2,7,12,11,16,8,0,goodbye
1.0867514610290527,14,20,6,15,4,0,-4,0,-6,-3,23,26,10,0,goodbye
1.0867514610290527,5,19,3,17,1,0,-4,0,-26,-20,18,11,4,-2,goodbye
1.101949691772461,-7,9,-1,6,-1,-1,-7,-4,-39,-31,-3,-10,-19,-8,goodbye
1.101949691772461,-20,-10,-11,10,-5,4,7,-11,-30,-23,-28,-26,-36,-12,goodbye
1.117264986038208,-32,-24,-17,3,-4,20,26,0,-2,0,-36,-30,-28,-9,goodbye
1.117264986038208,-28,-24,-23,-21,-5,17,22,4,21,20,-25,-23,-10,-2,goodbye
1.1328213214874268,-12,-20,-9,-25,-18,0,8,0,27,31,-8,-3,4,10,goodbye
1.1328213214874268,1,-13,8,-10,-20,-10,5,1,20,24,1,8,19,23,goodbye
1.1485543251037598,11,-8,4,-12,-7,-19,-1,-6,-1,-1,6,8,22,15,goodbye
1.1485543251037598,19,-8,3,-22,-1,-20,-11,-6,-17,-22,15,19,13,0,goodbye
1.16361403465271,25,0,8,-18,-6,-10,-10,0,-8,-18,31,31,13,0,goodbye
1.16361403465271,29,9,16,-9,-3,-15,-12,-1,-5,-13,30,28,13,5,goodbye
1.1792497634887695,22,9,18,-4,5,-16,-22,-3,-21,-21,12,18,2,0,goodbye
1.1792497634887695,9,6,0,2,14,-2,-28,-4,-21,-24,5,10,-5,-16,goodbye
1.194272518157959,13,20,6,6,19,2,-29,0,-8,-16,15,16,-3,-7,goodbye
1.194272518157959,26,35,24,19,18,0,-19,4,6,3,25,28,7,17,goodbye
1.2094407081604004,19,23,19,27,7,0,-6,4,11,15,22,17,11,13,sil
1.2094407081604004,0,10,8,28,2,10,5,5,5,9,8,-3,-2,-8,sil
1.2245502471923828,-10,12,2,34,17,23,22,3,11,14,1,-14,-7,-8,sil
1.2406611442565918,-18,9,-3,23,22,26,25,0,17,25,1,-13,4,0,sil
1.2406611442565918,-27,-2,-17,3,8,17,21,-2,5,15,-7,-19,1,-11,sil
1.2406611442565918,-25,-13,-16,0,0,7,28,0,-3,0,-17,-27,-12,-15,sil
1.2567009925842283,-17,-16,-6,1,-1,10,30,7,-2,0,-19,-23,-12,0,sil
1.2567009925842283,-16,-16,-12,-1,-8,11,15,3,-3,-6,-27,-20,-8,5,sil
1.2713544368743896,-12,-16,-10,-5,-15,0,6,1,-6,-15,-41,-18,-17,1,sil
1.2713544368743896,-1,-17,-6,-10,-19,-7,7,-1,0,-6,-32,-12,-19,6,sil
1.2874536514282229,0,-19,-6,-14,-20,-6,0,-7,12,9,-14,-10,-7,9,sil
1.2874536514282229,-2,-13,2,-11,-13,-5,-7,1,19,19,-9,-7,7,10,sil
1.303901195526123,4,-4,0,-6,-3,-3,-5,3,28,31,-3,0,16,13,sil
1.303901195526123,4,-4,-5,-17,-4,-7,-16,-2,18,23,-4,0,12,2,sil
1.3180789947509766,-2,-5,-4,-24,-7,-9,-31,0,0,4,-3,0,9,-6,sil
1.3336992263793943,5,0,2,-15,-1,-9,-25,-2,3,-2,16,13,16,0,sil
1.3336992263793943,10,2,6,-9,1,-12,-17,-4,7,-8,28,21,14,0,sil
1.3493051528930664,-3,-3,0,-7,1,-13,-14,-4,-11,-12,16,12,6,-15,sil
1.3493051528930664,-6,-1,0,-9,6,-8,-4,1,-28,-13,15,6,0,-18,sil
1.3663222789764404,-1,6,-7,-13,7,0,3,0,-27,-21,15,1,-7,-17,sil
1.3663222789764404,-2,8,-11,-7,1,-1,2,-6,-27,-27,-1,0,-15,-21,sil
1.3663222789764404,8,18,8,4,3,-4,5,3,-22,-24,1,15,-13,-8,sil
1.3813676834106443,20,23,11,14,5,0,9,0,-10,-17,19,24,-5,6,sil
1.396501064300537,13,13,3,19,1,2,0,-10,-11,-15,19,15,-4,9,sil
1.396501064300537,9,16,18,32,4,1,-3,0,-13,-4,15,17,-2,11,sil
1.4125325679779053,7,24,19,40,6,1,5,8,-1,8,12,11,0,8,sil
1.4125325679779053,-1,10,1,20,0,0,3,9,7,1,-11,-8,-7,0,sil
1.428363561630249,-1,-7,0,4,4,7,7,12,16,2,-20,-12,-6,11,sil
1.4293644428253174,4,-10,8,10,12,17,24,7,26,16,-11,-5,8,25,sil
1.4435100555419922,-3,-9,2,11,4,23,24,0,18,16,-21,-18,6,13,sil
1.4435100555419922,-12,-13,-10,2,0,20,12,-2,11,11,-28,-28,-3,2,sil
1.4595236778259275,0,-8,0,-2,4,15,9,0,22,28,-4,-8,7,15,sil
1.4595236778259275,1,-5,0,-8,1,9,8,-5,26,45,14,1,27,18,sil
1.4764251708984375,-13,-15,-11,-21,-10,-5,2,-9,2,29,0,-15,21,0,sil
1.4764251708984375,-12,-15,-12,-24,-9,-14,-2,-3,-8,1,-14,-19,1,-13,sil
1.4764251708984375,3,-8,-4,-25,-3,-15,-10,-4,-6,-9,-4,2,-6,-19,sil
1.490638256072998,0,-4,-1,-39,-12,-26,-27,-4,-24,-27,10,14,-7,-26,sil
1.5063512325286863,-16,3,-13,-33,-21,-35,-36,-2,-42,-50,8,0,-17,-36,sil
1.506739616394043,-8,16,1,0,-10,-16,-27,-5,-30,-43,-1,-4,-26,-26,sil
1.5222601890563965,17,24,28,29,6,10,-11,0,-4,-13,6,8,-10,2,sil
1.5222601890563965,24,21,17,35,11,8,-6,6,11,4,18,16,9,13,sil
1.5372965335845947,5,3,0,19,7,1,-5,11,15,10,6,5,8,7,sil
1.5372965335845947,-9,-13,-3,9,3,20,11,11,16,20,-3,-2,4,14,sil
1.552845478057861,-5,-19,-6,10,2,27,32,10,19,28,0,-1,10,25,sil
1.552845478057861,0,-19,-9,-8,-2,11,29,5,19,16,-10,0,11,20,sil
1.5684702396392822,0,-22,-15,-32,-7,0,10,-10,17,2,-18,0,6,4,sil
1.5684702396392822,3,-11,-5,-27,-4,-4,-3,-8,10,0,0,7,6,0,sil
1.5836257934570312,8,3,-4,-10,0,-14,-9,-2,9,2,15,14,9,0,sil
1.5836257934570312,1,2,-7,-9,-3,-26,-13,-9,0,-11,4,8,0,-14,sil
1.599278450012207,-11,10,0,-1,1,-12,-8,-2,-19,-27,-4,-6,-20,-33,sil
1.599278450012207,-12,24,0,23,20,11,11,3,-25,-15,0,-18,-25,-32,sil
1.6144139766693115,-5,16,4,32,28,13,17,-1,-18,1,-3,-15,-15,-14,sil
1.6144139766693115,-11,6,7,29,15,11,6,-1,-17,3,-17,-14,-14,-3,sil
1.630486011505127,-12,10,4,31,0,14,-1,3,-10,5,-17,-20,-15,0,sil
1.630486011505127,3,5,9,21,-7,5,2,4,4,13,-3,-12,-1,10,sil
1.6464390754699707,10,-6,3,1,-10,-5,11,0,17,25,5,5,21,27,sil
1.6464390754699707,9,-9,7,-11,-14,-5,8,3,20,21,4,16,26,32,sil
1.6618010997772217,6,-13,-2,-26,-18,-10,-9,5,9,-8,2,14,12,14,sil
1.6618010997772217,0,-24,-24,-47,-21,-29,-27,-7,-10,-34,5,8,4,0,sil
1.6771395206451416,12,-6,6,-41,-13,-23,-28,-3,-16,-27,18,29,13,18,sil
1.6771395206451416,33,18,22,0,5,1,-9,-3,2,2,38,49,26,26,sil
1.6923117637634275,23,14,4,16,15,2,-3,-6,1,7,30,25,10,0,sil
1.6923117637634275,1,19,18,8,15,6,-7,5,-24,-9,3,0,-16,-13,sil
1.7075064182281494,-13,19,-16,25,17,18,11,-9,-20,-4,-1,-13,-16,-17,sil
1.7075064182281494,-26,-8,-29,14,9,14,21,-1,-8,0,-8,-18,-16,-24,sil
1.722661018371582,-23,-13,49,-12,0,26,9,38,-6,-6,-34,-11,-24,-9,sil
1.722661018371582,-17,-1,13,4,0,34,23,9,20,14,-33,-23,-12,-4,sil
1.7374751567840576,-12,-14,-70,16,-8,0,32,-30,38,30,-24,-50,-4,-17,sil
1.7374751567840576,2,-20,-11,-8,-20,-22,2,-3,16,7,-25,-34,-7,-9,sil
1.7528865337371826,6,-8,17,-11,-12,-11,-18,3,7,-5,-10,-6,2,0,sil
1.7528865337371826,2,0,-23,-1,-3,-16,-18,-16,9,-3,9,0,14,-5,sil
1.7680509090423584,6,3,0,-14,-2,-24,-25,-1,-2,-13,9,5,10,-1,sil
1.7839226722717283,4,0,11,-23,0,-12,-26,8,-10,-22,6,11,8,2,sil
1.7839226722717283,7,6,1,-8,8,-2,-14,0,-8,-13,18,19,16,10,sil
1.7839226722717283,21,32,25,18,17,2,0,10,2,8,32,38,23,28,sil
1.7999560832977295,15,28,22,22,14,6,6,18,9,15,29,29,13,25,sil
1.7999560832977295,-6,0,1,6,3,7,3,3,-5,2,7,0,-10,4,sil
1.8154194355010984,-14,-6,-4,11,4,14,11,-5,-18,4,-10,-11,-19,-5,sil
1.8154194355010984,-13,-10,-12,10,8,17,27,-4,-9,14,-19,-17,-17,-10,sil
1.8310003280639648,-12,-21,-13,-15,0,16,30,1,-5,6,-22,-20,-16,-6,sil
1.8484680652618408,-5,-12,-11,-14,-3,16,23,0,0,7,-13,-8,-2,7,sil
1.8484680652618408,-4,-10,-9,2,-2,6,14,-8,13,16,-4,1,9,5,sil
1.8484680652618408,-13,-24,-9,-16,-10,-9,0,-3,12,6,-3,0,4,-6,sil
1.861506700515747,-11,-26,-14,-33,-22,-19,-13,0,13,5,4,-2,5,-6,sil
1.8775324821472168,8,-6,4,-18,-19,-22,-21,0,12,7,7,5,11,1,sil
1.8775324821472168,21,14,14,2,-9,-20,-28,-3,0,-12,2,14,4,-3,sil
1.893583297729492,21,26,5,10,-3,-17,-28,-6,-10,-26,21,22,2,-10,sil
1.893583297729492,17,27,19,10,5,-8,-19,0,-8,-16,38,28,9,0,sil
1.9103968143463133,5,15,14,9,11,0,-9,-2,-12,-15,18,11,-2,-2,sil
1.9103968143463133,-8,6,-1,12,6,5,0,-1,-17,-21,-13,-15,-29,-17,sil
1.9103968143463133,-8,5,1,26,10,20,16,9,0,0,-18,-21,-24,-6,sil
1.925592899322509,-3,-6,3,29,13,23,26,3,12,17,-12,-12,2,17,sil
1.925592899322509,-7,-21,0,2,-6,3,9,-5,1,4,-15,-8,4,19,sil
1.9416630268096924,-8,-17,-8,-14,-21,-10,-4,-11,-7,-6,-15,-7,-3,6,sil
1.9416630268096924,6,3,-3,-7,-6,-16,-10,-7,-4,-14,0,4,5,2,sil
1.9574148654937744,17,25,11,4,7,-17,-12,0,-2,-17,17,25,19,1,sil
1.9584157466888428,17,32,14,16,11,-8,-2,1,5,-1,26,30,16,0,sil
1.9725537300109863,14,30,13,23,14,5,6,13,4,8,16,11,1,0,sil
1.989253044128418,-2,17,1,21,13,16,10,16,0,9,-4,-13,-8,-8,sil
1.989253044128418,-20,-2,-8,15,12,25,20,3,4,19,-19,-24,-9,-14,sil
1.989253044128418,-11,-6,0,16,15,36,31,5,7,22,-18,-16,-5,0,sil
2.009329319000244,-8,-10,-9,7,10,30,31,2,6,15,-26,-19,-9,6,sil
2.010331869125366,-30,-34,-25,-35,-9,1,10,-1,0,4,-48,-36,-18,-1,sil
2.018913984298706,-28,-41,-29,-56,-23,-17,-10,-2,0,0,-34,-30,-8,-5,sil
2.0345585346221924,-2,-25,-22,-41,-21,-20,-15,-4,4,3,-3,-6,14,0,sil
2.0345585346221924,7,-15,-12,-44,-14,-20,-11,1,12,4,1,6,20,7,sil
2.0500357151031494,6,-18,-13,-52,-19,-25,-17,0,3,-6,4,7,15,6,sil
2.0500357151031494,9,-10,-1,-37,-21,-22,-29,-5,-15,-21,19,10,7,-1,sil
2.0656514167785645,9,7,12,-13,-3,-10,-27,-5,-19,-12,31,16,0,-8,sil
2.0656514167785645,5,12,13,1,13,-9,-30,-7,-22,-7,34,19,-1,-12,sil
2.081503868103028,6,6,20,15,14,-6,-31,-4,-34,-26,30,15,-3,-11,sil
2.081503868103028,6,16,22,34,15,6,-2,0,-20,-19,30,10,-3,0,sil
2.0963563919067383,3,28,23,40,19,19,28,9,7,7,22,7,-3,4,sil
2.0963563919067383,3,13,12,29,15,24,34,5,17,12,1,0,-8,1,sil
2.1117939949035645,4,-5,-1,21,0,21,37,-4,17,14,-3,-4,-6,8,sil
2.1117939949035645,-1,-1,2,16,-13,16,35,0,14,17,-3,0,3,16,sil
2.1276497840881348,0,0,2,10,-12,6,13,0,20,15,-6,8,9,15,sil
2.1276497840881348,19,-1,5,4,-6,-5,-7,0,31,11,2,26,16,21,sil
2.1436612606048584,34,12,12,9,-3,-5,-9,6,37,19,23,40,26,23,sil
2.1436612606048584,23,24,7,18,5,0,-2,6,31,18,27,29,22,9,sil
2.159717321395874,-3,16,0,11,12,-4,-7,0,2,-6,1,5,0,-5,sil
2.159717321395874,-29,0,-13,3,8,-8,-8,-11,-25,-26,-29,-20,-25,-22,sil
2.175615072250366,-28,-5,-14,4,3,2,0,-9,-25,-15,-44,-35,-39,-26,sil
2.175615072250366,-22,-8,-11,7,0,13,11,4,-13,3,-47,-39,-35,-16,sil
2.190885066986084,-30,-17,-22,4,-5,4,15,1,-21,-1,-54,-48,-27,-16,sil
2.190885066986084,-23,-19,-17,-5,-8,-7,5,-2,-19,-15,-48,-39,-16,-7,sil
2.206770658493042,0,-12,-6,-17,-7,-14,-8,-1,9,-3,-19,-10,6,11,sil
2.206770658493042,6,-12,-5,-31,-8,-24,-24,4,20,5,3,7,20,13,sil
2.222743272781372,3,-13,-5,-34,-9,-26,-33,3,-1,-9,13,7,12,-3,sil
2.222743272781372,0,-4,-7,-25,-2,-17,-26,-7,-16,-18,20,2,6,-15,sil
2.237540006637573,5,14,3,-15,7,-4,-9,-1,-14,-6,26,9,10,-12,sil
2.237540006637573,18,24,10,0,10,1,0,2,-14,0,32,22,15,-5,sil
2.253631591796875,15,9,9,2,2,0,0,-3,-29,-14,28,15,9,-1,sil
2.253631591796875,-2,-2,5,-8,0,6,2,-3,-32,-19,10,-1,0,-2,sil
2.269253969192505,-5,-1,0,0,6,18,8,0,-4,0,3,-2,0,-3,sil
2.269253969192505,8,7,12,19,11,20,4,11,13,13,16,10,9,2,sil
2.2847909927368164,22,17,21,28,11,18,1,13,11,23,30,19,14,21,sil
2.2847909927368164,24,14,18,21,6,13,8,0,7,25,21,16,10,26,sil
2.3007009029388428,11,0,4,7,0,8,16,0,9,10,-2,11,-2,16,sil
2.3007009029388428,-7,-11,-9,7,-1,10,25,0,21,-1,-14,-2,-14,6,sil
2.3158133029937744,-15,-9,-2,7,-4,8,22,-1,22,-4,-17,-19,-20,2,sil
2.3158133029937744,-16,-6,-3,-5,-13,0,5,-6,1,-8,-23,-23,-17,-5,sil
2.331298828125,-11,-12,-16,-21,-13,-6,-6,-8,-18,-9,-28,-12,-12,-14,sil
2.331298828125,-11,-10,-7,-16,-2,0,-3,2,-8,1,-16,-3,-6,-9,sil
2.346497774124145,-20,-11,-4,-5,1,0,8,5,19,21,0,-7,3,-3,sil
2.346497774124145,-11,-14,0,-5,0,-7,8,5,36,30,4,-5,10,4,sil
2.3619537353515625,8,0,5,0,-1,-6,2,1,41,32,3,7,12,15,sil
2.3619537353515625,5,4,-1,-1,-3,-3,-1,-5,23,23,-5,1,0,9,sil
2.377387523651123,-9,-10,-6,-19,-6,-4,-7,-7,-16,-8,-21,-12,-18,-9,sil
2.377387523651123,-4,-15,-10,-20,-6,-12,-15,-12,-29,-32,-7,-2,-6,-15,sil
2.3928472995758057,7,1,-2,-9,-7,-18,-20,-4,-2,-24,12,16,13,-1,sil
2.3928472995758057,15,18,6,1,-5,-4,-16,8,21,0,11,21,18,12,sil
2.408151626586914,20,18,8,14,4,2,-3,8,19,13,16,27,25,20,sil
2.408151626586914,21,18,6,11,7,-12,-1,8,-1,0,24,32,27,13,sil
2.423290729522705,18,19,-1,8,6,-17,-12,0,-18,-21,15,14,11,-4,sil
2.423290729522705,12,20,7,15,14,0,-13,-6,-22,-30,8,0,-5,-10,sil
2.4393434524536133,2,22,16,20,19,11,0,-3,-25,-26,9,-2,-9,-9,sil
2.4393434524536133,-4,7,-1,14,5,-2,-3,-14,-34,-32,-1,-13,-20,-22,sil
2.4548068046569824,-9,-7,-6,3,-4,-13,-17,-16,-46,-49,-19,-20,-38,-31,sil
2.4548068046569824,-19,-6,-2,10,6,2,-1,-2,-29,-32,-18,-18,-30,-22,sil
2.470512866973877,-16,-7,0,18,11,16,19,10,0,16,-5,-17,-7,-1,sil
2.470512866973877,-10,-16,0,8,-2,16,15,12,13,46,0,-15,0,7,sil
2.4866302013397217,-17,-15,-2,-3,-4,18,12,6,11,43,0,-16,2,1,sil
2.4866302013397217,-15,-10,1,1,3,25,22,14,15,40,-4,-18,7,6,sil
2.5026979446411133,-4,-13,-3,5,-1,26,30,12,23,39,-9,-14,7,14,sil
2.5026979446411133,-8,-18,-12,-11,-13,22,25,2,14,26,-11,-8,3,10,sil
2.51823091506958,-7,-10,-4,-19,-11,18,19,2,9,20,-7,-2,8,13,sil
2.51823091506958,6,-2,1,-11,-1,0,10,0,22,18,-3,7,14,21,sil
2.5342533588409424,1,-8,-5,-23,0,-19,-6,-4,8,-8,-4,11,8,11,sil
2.5342533588409424,-3,-10,-6,-29,-6,-16,-19,-6,-18,-27,-6,7,0,0,sil
3.3305366039276123,-5,-19,-12,-19,-19,-19,-14,2,0,-2,-29,-13,0,4,sil
3.3305366039276123,5,-1,-1,-19,-4,-11,-18,6,10,11,0,17,27,21,sil
3.346687078475952,7,5,1,-17,-1,-14,-22,-2,-1,3,31,24,35,12,sil
3.3470983505249023,8,10,6,-16,-1,-19,-24,-2,-11,-17,33,25,20,-2,sil
3.36226773262024,9,13,6,-15,0,-15,-18,0,-10,-17,18,26,7,-10,sil
3.36226773262024,0,10,1,-12,-7,-17,-17,0,-19,-15,14,10,-2,-14,sil
3.377323865890503,-7,9,-3,3,-6,-11,-15,-1,-16,-22,9,-4,-7,-11,sil
3.377323865890503,-4,3,-1,13,7,8,2,1,3,-6,-1,-4,-4,-1,sil
3.3923332691192627,-5,-9,-2,6,5,19,14,5,7,17,-5,-9,-6,-2,sil
3.3923332691192627,-10,-15,-13,1,-1,9,8,0,1,11,-6,-18,-15,-15,sil
3.4075191020965576,-5,-1,-1,6,5,0,5,-3,0,-6,-7,-8,-17,-12,sil
3.4075191020965576,0,2,8,10,8,4,6,1,-5,1,-1,0,-6,2,sil
3.423557996749878,2,-8,1,1,-4,4,4,1,1,17,6,1,2,9,sil
3.423557996749878,12,-3,10,-3,-8,3,5,8,15,16,7,10,9,12,sil
3.43923020362854,12,10,14,7,5,8,14,6,9,12,5,11,14,12,sil
3.43923020362854,3,8,8,15,17,9,13,0,-1,12,-1,2,2,8,sil
3.45458984375,-3,4,2,11,13,8,10,4,3,2,-7,4,-8,1,sil
3.45458984375,-8,4,-5,8,2,5,11,0,10,-2,-10,0,-6,-3,sil
3.470345973968506,0,-2,-1,0,-5,-2,5,-3,5,4,-6,-5,0,0,sil
3.470345973968506,7,-10,0,-13,-10,-18,-6,-2,4,10,6,4,5,5,sil
3.485445499420166,-2,-4,-8,-20,-12,-20,-10,-2,3,-5,7,7,5,-3,sil
3.485445499420166,-13,3,-14,-16,-2,1,-3,1,5,-12,-3,-8,1,-10,sil
3.501228809356689,-5,4,-10,0,7,17,5,1,15,7,0,-10,9,0,sil
3.501228809356689,9,4,9,10,3,5,2,0,13,12,15,6,17,16,sil
3.5167977809906006,15,3,13,11,2,-1,1,-2,2,1,12,5,9,15,sil
3.5167977809906006,7,0,0,6,3,0,4,-6,-4,-3,-5,-7,-1,0,sil
3.5323636531829834,-5,1,-5,0,0,4,2,-3,-7,-4,-12,-13,-9,-8,sil
3.548384666442871,-10,-6,-8,-4,-3,6,0,-5,-7,-6,-4,-14,-12,-9,sil
3.548384666442871,-11,-16,-4,-14,-5,1,-2,-3,-19,-16,-12,-16,-16,-10,sil
3.548384666442871,-13,-13,-3,-10,-8,-5,-9,-2,-29,-25,-19,-14,-16,-15,sil
3.5643043518066406,-1,-3,1,7,-2,-8,-11,-6,-19,-14,-3,0,-4,-8,sil
3.5643043518066406,9,4,7,7,0,-5,-9,0,-6,0,1,11,0,0,sil
3.5796968936920166,-1,1,-2,-6,-5,-9,-16,3,-10,-4,-9,0,-9,-6,sil
3.5796968936920166,-8,-3,-3,-5,-6,-8,-17,4,-18,-12,-7,-9,-9,-9,sil
3.596667051315308,7,7,2,10,-3,0,-5,5,-7,-5,3,4,3,5,sil
3.596667051315308,19,19,3,16,0,0,-3,2,11,0,8,18,10,15,sil
3.612705707550049,17,13,14,10,6,-2,-2,6,12,4,17,18,12,16,sil
3.612705707550049,8,4,19,10,10,5,7,6,13,13,14,8,11,9,sil
3.628245115280152,-4,0,0,6,6,8,10,1,21,13,0,3,2,1,sil
3.628245115280152,-7,0,-14,-3,1,3,5,0,16,12,8,11,6,4,sil
3.6433300971984863,0,-2,-4,-10,0,0,8,1,7,13,21,10,15,7,sil
3.6433300971984863,-1,-1,4,-13,2,-1,9,0,14,11,5,-3,6,0,sil
3.660315752029419,-5,-9,-5,-13,3,-1,10,-3,26,20,-3,0,0,0,sil
3.660315752029419,-2,-18,-7,-18,-2,-1,13,-1,22,23,2,14,11,8,sil
3.673777103424072,0,-10,-2,-18,-4,-2,4,-3,8,3,1,11,11,2,sil
3.68972373008728,-1,0,2,-11,0,-4,-6,-12,-14,-14,1,6,-1,-8,sil
3.68972373008728,-1,4,-2,-5,-1,-9,-7,-4,-32,-15,5,0,-6,-10,sil
3.705367088317871,3,8,-6,3,-2,-16,-5,-2,-24,-20,-1,-5,-9,-12,sil
3.706432819366455,12,14,17,11,5,-7,-12,0,-16,-29,-6,0,-14,-5,sil
3.706432819366455,5,16,16,16,8,9,-12,4,-21,-18,0,-2,-12,-1,sil
3.720542907714844,-6,9,-7,20,0,10,-8,-1,-22,-5,-1,-15,-11,-5,sil
3.7365970611572266,-1,13,8,24,4,9,-3,1,-13,-6,-1,-10,-7,0,sil
3.7365970611572266,1,14,14,32,19,24,13,6,3,6,1,-5,0,5,sil
3.7518832683563232,-15,-10,-7,22,9,29,21,0,8,16,-19,-23,-11,-9,sil
3.7518832683563232,-30,-32,-20,-4,-14,16,14,-1,1,3,-45,-36,-27,-17,sil
3.7670493125915527,-22,-35,-22,-16,-19,5,18,3,11,4,-39,-31,-13,-3,sil
3.7670493125915527,-11,-30,-16,-19,-16,0,23,10,29,17,-25,-20,4,10,sil
3.7824668884277344,-3,-19,-13,-26,-15,-4,9,8,36,15,-12,-10,10,9,sil
3.7824668884277344,5,-6,-3,-31,-10,-9,-13,-4,15,-2,4,-1,12,-1,sil
3.798577308654785,8,1,4,-20,-2,-11,-21,-9,-9,-12,13,9,9,-1,sil
3.798577308654785,7,5,-2,-8,1,-14,-9,-8,-5,-3,17,14,10,7,sil
3.814308404922485,24,13,9,-8,2,-14,-8,0,0,-2,27,20,17,11,sil
3.814308404922485,37,24,30,0,6,-9,-12,5,-8,-5,37,37,20,13,sil
3.830301523208618,23,29,19,10,15,-5,-3,4,-6,4,38,38,17,12,sil
3.830301523208618,3,21,-1,7,15,-2,0,0,1,5,28,17,7,-1,sil
3.84554386138916,-1,10,1,10,2,-12,-16,-10,-11,-9,12,9,-4,-13,sil
3.84554386138916,-1,9,4,15,-2,-23,-28,-10,-30,-16,0,13,-9,-12,sil
3.8617522716522217,-2,9,-2,13,2,-6,-12,-2,-20,-6,0,7,-7,-6,sil
3.8617522716522217,-4,1,4,19,6,16,3,4,0,8,2,3,-7,1,sil
3.877729415893554,-11,-2,5,22,2,10,6,8,7,13,-1,0,-4,2,sil
3.877729415893554,-18,-8,-11,7,-2,0,7,2,11,12,-17,-15,-3,-6,sil
3.893265724182129,-14,-11,-7,0,-2,4,10,-1,12,17,-26,-19,-11,-5,sil
3.893265724182129,-2,-4,0,11,-2,10,14,2,13,20,-13,-4,-9,5,sil
3.909223079681397,0,-5,1,9,-10,8,17,5,10,0,-1,0,4,10,sil
3.909223079681397,0,-14,1,-7,-14,2,14,2,4,-16,-3,-9,9,11,sil
3.924771547317505,8,-15,0,-8,-5,-1,13,-5,1,-8,-5,-6,8,10,sil
3.924771547317505,13,-7,7,-3,0,7,19,0,11,0,-3,6,9,9,sil
3.9408905506134033,8,-3,5,-6,0,13,17,6,26,10,1,6,12,9,sil
3.9408905506134033,9,-8,-4,-22,-1,-5,-7,3,14,4,5,4,10,3,sil
3.956209659576416,13,-1,-2,-32,0,-18,-27,-2,-14,-28,9,8,0,-4,sil
3.956209659576416,2,11,1,-11,3,-10,-22,-12,-29,-37,15,8,-6,-14,sil
3.972315788269043,-4,15,1,7,3,0,-17,-10,-21,-16,16,2,-5,-17,sil
3.972315788269043,-8,14,-9,7,8,4,-13,-1,-17,-6,0,-12,-10,-17,sil
3.987839937210083,-15,7,-12,4,17,10,-8,0,-24,-6,-21,-31,-24,-20,sil
3.987839937210083,-13,0,-4,1,12,12,-2,0,-21,-1,-25,-35,-24,-17,sil
4.009516477584839,-7,1,-8,0,6,13,7,1,-5,6,-18,-26,-7,-5,sil
4.009516477584839,-7,0,0,-4,4,16,17,6,-1,12,-14,-9,1,10,sil
4.009516477584839,-14,-17,-4,-17,-8,10,16,7,0,14,-14,-5,-4,6,sil
4.019555330276489,-23,-30,-18,-25,-17,-1,9,2,10,15,-20,-21,-12,-8,sil
4.035543918609619,-14,-11,-4,-11,-8,2,9,7,22,24,-14,-14,-1,-3,sil
4.035543918609619,2,3,5,6,0,4,7,4,32,34,7,11,17,14,sil
4.050601005554199,-1,-6,3,-1,-6,-18,-14,-5,18,10,5,14,9,11,sil
4.050601005554199,-9,-13,-3,-10,-12,-28,-22,-10,-2,-12,0,6,-1,3,sil
4.065727233886719,10,1,3,-2,-9,-14,-9,-9,0,-3,19,24,14,12,sil
4.065727233886719,24,14,23,6,-2,-4,-4,1,9,-1,27,36,22,15,sil
4.08138918876648,18,17,15,15,0,-7,-2,5,6,-13,17,25,7,0,sil
4.08138918876648,25,22,13,20,0,-10,-4,4,0,-17,28,31,6,0,sil
4.096631765365601,29,23,16,23,6,-5,-6,0,-5,-13,46,37,16,5,sil
4.096631765365601,5,9,0,25,8,-4,-1,-8,-14,-14,27,10,0,-8,sil
4.112733840942383,-13,1,1,15,0,-7,3,-2,-22,-16,-6,-9,-24,-17,sil
4.112733840942383,-10,8,-3,20,0,-2,4,-3,-13,1,-9,-11,-11,-5,sil
4.128499269485474,0,4,-5,29,7,6,6,2,-8,8,-6,-12,-1,5,sil
4.128499269485474,1,-7,1,15,5,16,14,14,-3,2,-23,-17,-8,9,sil
4.143951177597046,-2,-16,-11,1,0,19,34,0,19,21,-21,-18,0,10,sil
4.143951177597046,1,-9,0,-6,0,21,36,2,28,31,-12,-6,12,20,sil
4.159087181091309,5,-2,-6,-13,5,22,23,8,28,21,-11,-5,12,19,sil
4.159087181091309,2,-17,-27,-23,6,3,2,-6,27,13,-9,-12,13,1,sil
4.175610542297363,9,-16,19,-33,0,-18,-24,6,4,-4,0,12,19,3,sil
4.175610542297363,18,1,0,-14,-2,-20,-28,-4,4,-2,31,29,31,4,sil
4.1906349658966064,23,5,-26,-9,0,-21,-23,-17,0,-2,34,11,16,-6,sil
4.1906349658966064,14,20,72,-35,0,-3,-36,25,-42,-37,-7,15,-22,-8,sil
4.206514120101929,-18,18,33,-21,1,15,-27,6,-50,-41,-18,0,-28,-25,sil
4.206514120101929,-38,-13,-75,0,0,-2,-13,-39,-19,-17,-4,-36,-19,-44,sil
4.221749305725098,-29,-9,-39,-1,-3,-12,-14,-20,-17,-17,-5,-30,-25,-30,sil
4.221749305725098,-25,9,-1,3,1,2,-5,-1,-28,-18,-6,-18,-23,-13,sil
4.2376697063446045,-20,6,27,4,2,13,0,12,-31,-16,-19,-9,-22,0,sil
4.2376697063446045,-13,-2,-8,21,1,17,18,-4,4,15,-14,-4,-2,3,sil
4.253271102905273,-12,-14,-51,32,-1,0,16,-16,33,38,2,-17,10,2,sil
4.253271102905273,-3,0,90,-9,-13,0,-9,54,5,4,-15,7,-12,23,sil
4.268341064453125,0,13,63,-1,0,34,31,39,22,11,-15,18,-5,21,sil
4.268341064453125,-4,-12,-88,21,9,19,63,-34,38,38,2,-18,15,0,sil
4.283552646636963,0,-16,8,-14,-14,-13,10,4,-15,7,-8,-9,-3,6,sil
4.283552646636963,1,3,25,-9,-11,-6,0,12,-14,3,-5,5,-2,7,sil
4.299229860305786,12,-5,-49,10,3,-8,11,-21,23,12,5,-2,12,0,sil
4.299229860305786,26,-9,-5,-3,-2,-11,-1,1,26,8,12,9,18,14,sil
4.314608812332153,23,-6,-32,9,-2,-10,4,-6,43,27,31,13,34,12,sil
4.314608812332153,24,-3,-17,5,0,-20,-2,-9,35,9,14,16,20,2,sil
4.329991817474365,25,8,53,-21,-3,-16,-25,16,-3,-29,-11,29,-7,5,sil
4.329991817474365,19,5,4,-12,0,-8,-13,-5,-5,-19,10,24,4,0,sil
4.346225500106812,15,1,1,-3,1,-10,-7,-7,-6,-11,30,28,16,1,sil
4.346225500106812,2,11,33,-6,1,0,-8,14,-22,-23,17,26,0,-1,sil
4.360757350921631,-17,12,-6,3,8,7,-2,-6,-19,-21,1,-6,-16,-20,sil
4.360757350921631,-21,11,-1,3,10,5,-14,-12,-20,-15,-2,-18,-23,-28,sil
4.376611232757568,-22,10,6,6,6,8,-15,-2,-22,-8,0,-18,-18,-21,sil
4.376611232757568,-23,-4,-13,7,0,7,-4,0,-14,-4,-14,-32,-17,-11,sil
4.392982482910156,-17,-5,-3,4,-1,6,-2,6,-6,2,-23,-27,-14,0,sil
4.392982482910156,-9,4,3,21,5,18,3,0,-1,16,-6,-10,3,4,sil
4.407949686050415,-4,-2,0,18,8,20,14,0,-1,22,-5,-7,12,12,sil
4.407949686050415,3,-10,-4,-10,-3,0,11,3,6,22,-12,-8,13,20,sil
4.423551321029663,19,3,0,-18,-7,-21,-3,0,16,10,11,12,28,21,sil
4.424551010131836,29,20,7,0,1,-17,-12,-2,9,-7,42,42,38,16,sil
4.439535617828369,20,18,0,8,6,-11,-14,-10,-13,-19,36,30,20,0,sil
4.439535617828369,2,16,20,3,3,-4,-10,-2,-34,-29,0,-2,-13,-12,sil
4.454612493515015,-8,0,-13,18,2,11,16,-7,-7,-3,-16,-26,-16,-11,sil
4.471236228942871,-10,-37,-41,9,-5,4,31,-7,15,26,-19,-22,-7,0,sil
4.471236228942871,-10,-41,22,-37,-21,0,10,28,3,6,-36,3,-13,7,sil
4.471236228942871,-12,-22,-5,-43,-20,-3,0,9,19,-4,-22,3,-4,-5,sil
4.486280918121338,-1,0,-5,-25,-12,-13,-18,-3,7,-19,2,6,0,-10,sil
4.486280918121338,0,25,42,1,0,0,-24,12,-30,-23,2,14,-25,-14,sil
4.500862121582031,-19,10,-46,40,19,18,5,-24,-19,0,-6,-28,-44,-39,sil
4.516876459121704,-17,-5,-11,27,17,23,13,2,-12,-6,-26,-37,-46,-16,sil
4.516876459121704,-4,10,50,20,15,40,33,31,6,16,-8,-3,-7,22,sil
4.532241582870483,6,0,-37,35,18,19,44,-20,52,72,18,-9,29,15,sil
4.532241582870483,27,-4,46,-10,0,-4,-5,15,26,26,-6,11,10,22,sil
4.547298431396484,14,9,64,-26,-12,13,-5,30,18,3,-6,32,12,28,sil
4.547298431396484,-2,-17,-86,-3,-5,-3,31,-35,56,47,24,-1,41,12,sil
4.56281304359436,14,-22,5,-36,-10,-26,-1,0,21,7,4,11,23,20,sil
4.56281304359436,9,6,48,-32,-11,-6,-18,17,-4,-28,-1,26,13,11,sil
4.577938556671143,-15,-5,-100,12,-3,-17,-3,-48,7,0,27,-17,30,-23,sil
4.577938556671143,-1,-12,-32,-5,-5,-38,-30,-19,-22,-17,19,-15,13,-15,sil
4.593562841415405,11,10,58,-21,-9,-16,-32,24,-39,-40,1,16,-2,2,sil
4.593562841415405,0,9,-16,-4,-8,-17,-11,-9,-20,-28,6,10,0,-6,sil
4.609070062637329,-2,0,-11,-18,-8,-34,-27,-5,-29,-41,0,6,-10,-13,sil
4.609070062637329,-6,4,11,-23,0,-12,-29,9,-35,-37,-3,1,-20,-14,sil
4.624744653701782,-4,13,-9,7,10,6,-11,-8,-21,-1,4,-6,-10,-16,sil
4.624744653701782,8,23,24,31,14,7,-9,-2,-13,1,7,7,-4,-1,sil
4.640221834182739,8,30,28,37,13,5,-3,3,-4,-8,7,17,-2,7,sil
4.640221834182739,0,15,0,30,8,6,3,0,-5,-7,2,7,-2,0,sil
4.655452489852905,-1,1,8,26,7,13,7,8,-11,-4,-3,-1,-4,-5,sil
4.655452489852905,-3,3,7,34,13,17,21,5,1,10,-1,-10,-4,-2,sil
4.670735597610474,-7,0,0,23,9,17,27,5,8,21,-3,-16,-13,-2,sil
4.670735597610474,-9,-12,-6,0,0,24,24,5,5,15,-18,-19,-23,-9,sil
4.68626594543457,-6,-16,-9,-5,0,26,28,-2,5,12,-18,-17,-13,-3,sil
4.68626594543457,1,-7,4,0,5,25,27,7,11,22,-7,-8,2,14,sil
4.702227115631104,-4,-17,-7,-4,3,26,23,6,28,35,-3,-16,3,11,sil
4.702227115631104,-21,-30,-22,-19,-10,10,15,-3,28,25,-10,-23,-2,-1,sil
4.718286991119385,-17,-21,-5,-22,-14,0,9,-2,23,14,-7,-3,9,6,sil
4.718286991119385,-1,-14,0,-16,-5,0,4,0,32,24,-4,9,21,18,sil
4.733427047729492,1,-8,0,-20,-5,-11,-6,2,26,18,-12,2,13,14,goodbye
4.733427047729492,5,2,3,-18,-9,-27,-15,0,5,-3,-4,1,6,9,goodbye
4.748559474945068,11,0,4,-19,-7,-22,-19,-2,0,-14,9,11,14,11,goodbye
4.748559474945068,13,-1,6,-20,-5,-16,-20,1,-1,-15,6,19,18,7,goodbye
4.763698577880859,21,14,7,-2,0,-20,-16,-4,-4,-16,4,22,14,1,goodbye
4.763698577880859,28,25,16,4,4,-17,-16,-3,-7,-22,16,26,4,2,goodbye
4.779266834259033,19,15,5,-9,0,-12,-20,-1,-10,-23,24,23,0,-7,goodbye
4.779266834259033,6,7,-8,-5,-2,-18,-22,-6,-23,-22,12,5,-3,-18,goodbye
4.79528546333313,2,15,0,17,0,-15,-17,-4,-35,-18,-4,0,-11,-14,goodbye
4.79528546333313,-2,17,2,23,2,-3,-3,-2,-19,-4,-2,0,-10,-8,goodbye
4.810550689697266,-7,6,-2,6,-1,-4,-3,2,-5,-2,4,-7,-12,-11,goodbye
4.810550689697266,-10,-1,-7,0,-1,-4,-8,-1,-14,-23,-1,-11,-24,-21,goodbye
4.826747179031372,-17,-5,-11,6,0,9,0,-6,-30,-25,-11,-6,-23,-21,goodbye
4.826747179031372,-22,0,-6,6,0,19,8,1,-34,-1,-3,-17,-8,-10,goodbye
4.842276096343994,-12,9,1,17,8,21,13,-4,-17,6,5,-20,-4,-5,goodbye
4.842276096343994,7,10,17,33,11,24,17,-1,6,2,0,0,-2,6,goodbye
4.857725381851196,8,-1,16,27,4,25,23,8,11,14,-3,4,5,22,goodbye
4.873461961746216,-6,-12,-9,2,3,20,20,7,4,18,-4,-10,1,15,goodbye
4.873461961746216,-14,-13,-14,-6,8,15,13,4,16,11,-6,-9,-5,5,goodbye
4.874461889266968,-14,-12,-11,3,7,10,12,0,33,22,-4,-2,3,5,goodbye
4.888647079467773,-4,-19,-3,-5,0,0,10,4,28,38,0,0,22,12,goodbye
4.888647079467773,3,-23,-1,-28,-7,-12,5,6,24,39,1,-1,23,16,goodbye
4.904612302780151,1,-17,-8,-24,-4,-10,4,3,33,24,-2,-6,13,18,goodbye
4.904612302780151,6,-5,-3,-11,-2,0,9,9,32,9,-4,1,18,17,goodbye
4.919373989105225,17,-6,2,-21,-6,-5,12,6,28,10,5,11,25,7,goodbye
4.919373989105225,12,-12,0,-32,-10,-27,-4,-4,23,0,4,4,5,-3,goodbye
4.935461521148682,-1,0,-2,-26,-12,-37,-35,-10,1,-31,-4,0,-14,-20,goodbye
4.950686693191528,-2,24,-2,-15,-10,-30,-46,-14,-34,-53,6,9,-17,-37,goodbye
4.950686693191528,9,38,11,2,5,-7,-31,-6,-51,-48,21,18,-14,-30,goodbye
4.950686693191528,16,35,23,33,19,13,-13,-2,-35,-26,19,18,-5,-8,goodbye
4.965771198272705,12,19,22,38,7,12,-7,5,-15,-6,14,13,1,6,goodbye
4.981696844100952,5,8,13,30,3,12,7,10,-10,2,14,11,2,14,goodbye
4.981696844100952,0,10,2,41,16,16,23,-2,-10,3,-2,1,-3,5,goodbye
4.997400522232056,-9,3,-1,29,7,5,6,-3,-17,-7,-27,-21,-14,-10,goodbye
4.997400522232056,-21,-15,-11,-7,-16,-1,-6,1,-22,-9,-26,-29,-19,-13,goodbye
5.012431144714356,-22,-19,-10,-17,-16,12,10,-1,-18,1,-22,-18,-21,-4,goodbye
5.012431144714356,-10,-8,1,0,2,19,28,-1,2,11,-25,-14,-17,5,goodbye
5.027585983276367,0,-7,-3,2,8,9,20,0,29,22,-9,-16,1,9,goodbye
5.027585983276367,6,-5,-2,-4,0,6,8,5,31,30,4,0,17,12,goodbye
5.043668985366821,11,-3,0,0,0,10,9,0,33,38,3,18,19,17,goodbye
5.043668985366821,6,-12,-3,-7,-1,3,4,-3,32,42,6,7,19,20,goodbye
5.058814764022827,-4,-17,-8,-28,-12,-7,-17,-3,7,18,7,-1,15,9,goodbye
5.058814764022827,-4,-13,-19,-36,-9,-17,-32,-7,-12,-15,0,4,3,-5,goodbye
5.074401140213013,4,-5,-6,-32,-4,-22,-23,-3,-9,-19,2,12,-1,-2,goodbye
5.074401140213013,0,1,3,-23,-5,-21,-8,-1,-4,-11,7,4,0,-3,goodbye
5.089571952819824,-12,-3,-11,-21,-9,-20,-10,-1,-9,-26,-4,-11,-5,-17,goodbye
5.089571952819824,-4,-8,-12,-18,-5,-19,-14,3,-10,-37,-10,-14,-8,-19,goodbye
5.105792045593262,14,10,6,4,5,-14,-6,1,-6,-22,16,8,5,-2,goodbye
5.105792045593262,25,33,31,25,11,-4,-3,4,-6,-16,33,31,17,12,goodbye
5.121754169464111,16,34,19,30,8,3,1,5,-16,-18,22,22,7,5,goodbye
5.121754169464111,0,18,-4,22,5,4,5,-2,-30,-20,8,1,-13,-11,goodbye
5.137319564819336,-9,7,-5,16,10,15,8,0,-23,-22,0,-12,-26,-16,goodbye
5.137319564819336,-16,8,-3,33,22,43,27,7,6,1,-17,-28,-25,-13,goodbye
5.152532339096069,-18,1,0,47,30,49,44,14,28,44,-28,-34,-20,-8,goodbye
5.152532339096069,-6,-5,9,40,18,30,40,6,31,63,-13,-12,-4,9,goodbye
5.167676210403442,9,-4,10,31,-3,14,22,-4,24,46,1,6,14,25,goodbye
5.167676210403442,6,-12,3,7,-15,0,3,-1,12,20,-7,0,13,19,goodbye
5.183175086975098,-13,-29,-13,-27,-20,-20,-5,-4,12,12,-10,-7,11,5,goodbye
5.183175086975098,-14,-22,-7,-31,-27,-27,-9,-3,20,12,2,7,19,9,goodbye
5.198485374450684,1,-7,1,-18,-23,-17,-14,-2,19,3,4,20,16,7,goodbye
5.198485374450684,8,-14,-6,-28,-10,-13,-15,-4,14,-10,0,13,9,0,goodbye
5.213677167892456,8,-12,-3,-37,-6,-12,-13,4,3,-15,8,17,11,6,goodbye
5.213677167892456,11,4,0,-21,-6,-9,-15,1,-8,-14,17,22,15,8,goodbye
5.229337453842163,10,6,-1,-18,-8,-19,-21,-9,-26,-25,13,17,5,-6,goodbye
5.229337453842163,3,-1,-1,-19,-5,-24,-20,-9,-41,-38,0,0,-13,-16,goodbye
5.245367765426636,1,7,0,-2,5,-7,-11,-4,-28,-22,-4,-9,-18,-13,goodbye
5.245367765426636,6,23,9,7,12,6,-3,6,3,7,3,4,-2,-5,goodbye
5.260892868041992,0,19,0,-2,6,-1,-8,3,11,7,17,9,1,-6,goodbye
5.260892868041992,-1,4,-4,-7,4,-6,-29,0,-10,-15,10,-5,-10,-10,goodbye
5.276459693908691,6,9,6,5,11,4,-24,-4,-16,-9,6,-1,-4,-1,goodbye
5.276459693908691,11,19,4,19,16,12,-1,-8,-9,9,2,0,0,3,goodbye
5.291522264480591,-2,1,-2,9,13,10,0,-3,-22,-7,-23,-25,-25,-9,goodbye
5.291522264480591,-27,-20,-15,-3,8,15,5,-1,-24,-21,-35,-42,-37,-23,goodbye
5.30664849281311,-29,-10,-16,0,14,31,35,1,0,2,-16,-31,-13,-13,goodbye
5.30664849281311,-14,6,0,16,17,39,45,9,12,24,-4,-16,1,1,goodbye
5.323250770568848,-8,-3,5,18,0,24,30,3,8,17,-6,-9,-1,5,goodbye
5.323250770568848,-2,-11,7,10,-12,4,20,2,6,6,-6,-2,4,12,goodbye
5.338403463363648,5,1,4,17,-3,-2,20,6,10,10,-3,2,14,23,goodbye
5.338403463363648,2,1,-1,6,-10,-12,12,4,7,10,-5,5,9,23,goodbye
5.35348653793335,2,-6,-1,-7,-20,-17,9,7,9,4,-18,5,1,12,goodbye
5.368919849395752,10,-6,1,3,-6,-9,19,6,22,10,-15,5,7,5,goodbye
5.368919849395752,6,-3,6,3,-2,-5,13,5,23,8,1,11,13,6,goodbye
5.368919849395752,-2,-2,-1,-3,-10,-13,-5,-4,13,-2,15,16,15,2,goodbye
5.384680509567261,2,-1,-4,5,-5,-18,-24,-4,11,-1,14,15,16,-7,goodbye
5.401281356811523,8,-1,3,1,0,-13,-34,3,12,12,20,13,14,-6,goodbye
5.401281356811523,7,1,0,-7,0,-4,-26,-3,12,20,27,13,14,2,goodbye
5.401281356811523,8,3,2,-1,3,1,-14,-4,3,8,12,13,12,5,goodbye
5.415364742279053,0,-4,-2,-7,-3,-1,-13,-4,-10,-14,-2,-3,1,-6,goodbye
5.430647611618042,-14,-10,-18,-30,-10,-2,-11,-4,-14,-23,-1,-19,-16,-20,goodbye
5.430647611618042,-10,0,-7,-21,4,9,1,6,5,-7,6,-6,-19,-12,goodbye
5.4465413093566895,0,6,3,2,15,8,7,0,14,-1,8,4,-9,-8,goodbye
5.4465413093566895,4,2,6,-6,0,-8,-1,-9,-15,-25,2,1,-12,-11,goodbye
5.462372303009033,6,-2,3,-18,-13,-11,-8,-8,-39,-30,0,10,-20,-4,goodbye
5.462372303009033,10,0,5,-5,-9,-5,-13,-3,-30,-16,0,12,-12,7,goodbye
5.477413177490234,15,12,22,5,-2,-8,-16,3,-19,-13,2,7,1,10,goodbye
5.477413177490234,17,15,18,15,0,-6,-7,2,-7,0,21,19,11,11,goodbye
5.493464708328247,18,13,14,28,6,6,1,3,5,25,32,32,16,21,goodbye
5.493464708328247,15,21,13,36,12,12,3,2,3,23,19,18,10,18,goodbye
5.509546041488648,2,24,5,35,11,1,-1,-11,-17,-2,5,-3,-2,-3,sil
5.509546041488648,-8,10,4,26,12,3,1,-7,-26,-5,0,-10,-6,-9,sil
5.525556325912476,-15,-8,-5,10,14,23,22,1,-2,17,-12,-19,0,1,sil
5.525556325912476,-24,-23,-18,-2,5,29,29,6,9,14,-35,-33,-5,2,sil
5.543302774429321,-38,-29,-24,-5,0,23,22,9,6,2,-47,-44,-20,-8,sil
5.543302774429321,-44,-33,-30,-20,0,20,27,9,25,16,-49,-53,-22,-19,sil
5.543302774429321,-32,-35,-24,-48,-7,7,20,7,42,22,-42,-42,-4,-12,sil
5.557323455810547,-1,-17,-16,-46,-9,-12,0,0,39,7,-21,-9,21,4,sil
5.557323455810547,20,1,-8,-26,-6,-28,-9,2,28,-6,-8,10,28,15,sil
5.573407411575317,19,1,-5,-28,-11,-38,-16,5,3,-17,-6,16,21,7,sil
5.588583946228027,18,2,-5,-28,-12,-42,-26,-6,-20,-28,0,20,16,-7,sil
5.588583946228027,23,21,7,-12,-5,-31,-30,-6,-29,-36,7,15,1,-15,sil
5.604680061340332,12,29,6,-1,1,-14,-27,-8,-28,-34,12,1,-11,-23,sil
5.604680061340332,-6,16,0,-4,5,1,-14,-7,-26,-20,15,-6,-8,-26,sil
5.621315002441406,-10,10,6,12,12,28,5,0,-15,4,17,-2,-3,-14,sil
5.621315002441406,2,22,20,52,21,42,15,2,-2,33,28,10,-1,6,sil
5.621315002441406,7,16,31,57,17,25,7,-1,-5,33,29,15,0,20,sil
5.635532855987549,-5,-11,10,28,-1,8,7,-2,-2,21,13,2,-7,10,sil
5.651290893554688,-9,-16,3,14,-9,14,19,7,9,11,2,2,-19,5,sil
5.651290893554688,0,-2,11,9,-6,14,17,14,19,1,2,15,-19,13,sil
5.666327238082886,-1,-9,-4,-2,-9,0,8,0,25,0,9,14,3,8,sil
5.666327238082886,-1,-13,-5,-5,-9,0,11,1,25,9,10,14,27,7,sil
5.68143892288208,0,-7,4,0,-7,4,17,2,17,6,-1,8,18,12,sil
5.68143892288208,1,-8,0,1,-12,-7,6,-3,2,-6,-12,-3,-1,13,sil
5.697515249252319,17,1,2,6,-8,-11,2,1,3,0,-4,1,0,19,sil
5.697515249252319,24,6,4,10,-1,-12,1,1,10,1,5,5,-9,17,sil
5.712774991989136,12,-1,0,2,-8,-21,-19,-1,-2,-16,-1,-2,-32,3,sil
5.712774991989136,11,0,2,6,0,-10,-23,-5,-8,-7,-3,0,-33,-1,sil
5.728365182876587,16,6,6,11,19,6,-7,-11,2,14,0,6,-40,-2,sil
5.728365182876587,5,0,2,0,18,0,-12,-5,-7,5,8,0,-40,-7,sil
5.744405508041382,-9,-6,-17,-15,3,-10,-22,-6,-27,-7,9,-4,18,-15,sil
5.744405508041382,-19,-8,-20,-24,0,-8,-14,-2,-20,-3,-3,-8,75,-16,sil
5.759604692459106,-25,-7,-12,-27,4,-2,1,6,0,0,-11,-13,58,-18,sil
5.759604692459106,-20,-5,-13,-31,2,-3,7,15,4,-1,-6,-8,28,-15,sil
5.775706768035889,-14,-5,-10,-39,-4,-2,4,12,7,-1,-6,0,29,-4,sil
5.775706768035889,-15,-4,-15,-31,-6,1,3,0,11,-1,-9,-7,26,-5,sil
5.791238307952881,-13,0,-11,-18,-7,-4,-2,-4,-10,-20,-15,-13,0,-16,sil
5.791238307952881,-3,11,-1,-6,-5,-12,-15,-6,-27,-29,-13,-1,-13,-10,sil
5.807245492935181,18,26,15,6,0,-5,-16,-11,-13,-12,4,12,-1,10,sil
5.807245492935181,34,32,30,19,0,2,-5,2,-10,-6,12,19,-1,14,sil
5.822320222854614,19,21,17,27,0,0,0,0,-16,-12,3,10,-21,3,sil
5.822320222854614,6,6,11,27,4,1,-8,-8,-11,-4,-4,-5,-31,4,sil
5.837703466415405,5,0,16,25,7,10,-12,-4,-2,13,1,-8,-17,8,sil
5.837703466415405,-3,-3,0,26,9,15,-1,-4,-3,21,3,-8,-10,-2,sil
5.853215456008911,-11,0,-6,28,14,28,11,0,-2,17,-2,-10,-15,-9,sil
5.853215456008911,-8,0,0,29,19,39,24,0,9,17,0,-5,-9,0,sil
5.868425369262695,-11,-6,1,19,11,31,30,6,20,19,4,-5,-2,7,sil
5.868425369262695,-18,-11,-7,3,2,22,39,22,30,21,1,-13,-2,5,sil
5.88452410697937,-15,-14,-18,-16,0,10,40,18,43,20,-4,-14,0,-1,sil
5.88452410697937,-9,-24,-12,-38,-13,-12,18,7,31,3,-16,-11,-2,-2,sil
5.900306701660156,-10,-31,-14,-28,-23,-19,6,-3,6,-8,-21,-18,-10,-2,sil
5.900306701660156,0,-23,-9,-4,-8,-4,16,-4,0,-2,-12,-11,-10,2,sil
5.915738582611084,14,-9,5,-2,-6,0,19,0,4,1,-7,8,-3,13,sil
5.915738582611084,11,-12,0,-18,-23,-18,5,-3,5,-12,-14,9,6,17,sil
5.930900573730469,6,-16,0,-31,-28,-34,-16,-4,0,-24,-11,10,17,15,sil
5.930900573730469,17,2,7,-27,-17,-36,-35,-3,-1,-15,15,31,26,6,sil
5.946778535842896,26,26,12,-8,-2,-30,-45,-5,-4,-12,43,46,25,1,sil
5.946778535842896,22,36,19,10,12,-18,-41,-4,-9,-14,45,37,16,-2,sil
5.961741209030151,14,34,10,18,22,-1,-27,-6,-11,0,37,18,5,-13,sil
5.961741209030151,5,27,4,14,18,4,-25,0,-27,2,31,10,0,-12,sil
5.977247953414917,-2,24,2,16,11,-5,-29,-7,-36,-8,21,4,-4,-5,sil
5.977247953414917,-2,25,5,26,6,-7,-29,-10,-22,-2,1,-2,-5,-4,sil
5.992707014083862,-1,19,12,29,12,9,-10,4,-3,17,-5,-1,2,-1,sil
5.992707014083862,-13,0,-2,26,17,16,10,2,2,21,-5,-4,6,-4,sil
6.008719205856323,-22,-19,-17,8,5,9,13,-1,-5,1,-20,-23,-11,-13,sil
6.009223937988281,-21,-22,-15,-4,0,19,19,-1,-3,-1,-27,-29,-20,-9,sil
6.024273157119751,-14,-19,-8,-2,4,32,38,1,11,14,-22,-21,-11,0,sil
6.024273157119751,-12,-25,-5,-6,-4,32,45,11,20,14,-28,-25,-6,5,sil
6.039459228515625,-17,-34,-12,-18,-15,26,36,13,27,12,-31,-31,-2,7,sil
6.039459228515625,-9,-29,-6,-24,-13,16,28,11,25,16,-21,-19,4,14,sil
6.056528568267822,4,-17,-4,-25,-20,-8,13,-1,8,0,-14,-3,7,6,sil
6.070650815963745,9,-9,-7,-24,-24,-28,-6,-9,0,-20,-11,1,3,-1,sil
6.070650815963745,19,1,5,-19,-7,-25,-19,-2,4,-21,-1,14,2,4,sil
6.086343288421631,25,11,11,-10,-2,-22,-26,-5,-7,-19,9,22,6,5,sil
6.086343288421631,18,11,10,-10,-11,-27,-32,-8,-31,-28,13,19,2,-1,sil
6.101911306381226,6,15,1,-10,0,-21,-21,-3,-30,-23,20,14,-4,-8,sil
6.101911306381226,-1,24,-3,0,18,-8,-6,-1,-17,-14,28,5,-5,-21,sil
6.118024349212647,-5,35,15,23,22,8,-8,2,-8,-7,23,-1,-4,-23,sil
6.118024349212647,-3,30,14,42,25,23,0,1,8,15,19,1,-2,-9,sil
6.133750677108765,-8,4,0,33,19,22,13,6,5,26,5,3,-8,3,sil
6.133750677108765,-20,-10,-7,13,8,19,23,10,-6,11,-14,-13,-14,7,sil
6.133750677108765,-15,-14,-8,13,7,23,31,0,10,13,-19,-22,-7,11,sil
6.150601625442505,2,-15,3,19,7,16,31,1,31,34,-7,0,5,26,sil
6.150601625442505,10,-12,8,4,-3,-1,15,5,25,34,0,12,16,29,sil
6.166300535202026,14,-8,3,-21,-13,-16,-4,1,15,13,2,10,27,22,sil
6.166300535202026,23,-5,1,-25,-10,-23,-17,-4,23,1,15,23,33,17,sil
6.181989431381226,22,5,3,-12,-3,-29,-32,-7,7,-14,23,32,15,1,sil
6.181989431381226,11,22,8,-4,-6,-23,-45,-4,-36,-43,10,17,-8,-20,sil
6.196572542190552,4,19,3,4,-8,-11,-36,-13,-46,-39,12,8,-10,-27,sil
6.196572542190552,-1,4,0,5,-6,-6,-18,-12,-24,-19,13,1,-10,-26,sil
6.212685823440552,-18,0,-6,4,-1,8,0,-1,-15,-18,-17,-16,-26,-26,sil
6.213687419891357,-25,-1,-19,16,6,28,16,3,-7,-5,-37,-32,-28,-16,sil
6.229288578033447,-21,-11,-15,13,0,22,24,12,4,22,-29,-35,-14,-4,sil
6.229288578033447,-29,-24,-14,-3,-11,10,27,10,11,31,-30,-36,-7,-3,sil
6.244379043579102,-26,-22,-16,-6,-3,17,31,3,23,27,-28,-23,3,7,sil
6.260105848312378,-1,-10,-4,-4,5,14,28,9,36,32,-8,-6,17,21,sil
6.260105848312378,9,-11,-1,-13,-3,-4,14,0,31,25,-1,-5,16,18,sil
6.260105848312378,9,-11,3,-23,-11,-8,0,-1,13,0,-3,0,10,17,sil
6.275619983673096,17,-2,5,-21,-8,-8,-6,4,7,-11,10,15,11,21,sil
6.275619983673096,19,1,2,-19,-13,-23,-13,1,1,-16,17,22,7,7,sil
6.291901350021362,13,0,7,-23,-13,-23,-17,-4,-9,-25,18,23,4,-7,sil
6.291901350021362,14,6,10,-20,-1,-11,-15,-7,-9,-19,32,22,9,-7,sil
6.306625604629517,17,19,15,-2,9,-10,-27,-5,-12,-14,38,25,7,0,sil
6.322282314300537,14,36,14,23,20,-10,-31,-7,-20,-13,33,26,1,-1,sil
6.322282314300537,10,38,7,36,27,0,-15,-8,-25,-6,24,7,-2,-6,sil
6.322282314300537,1,26,10,32,28,13,0,0,-27,-1,5,-12,-12,-12,sil
6.33853554725647,-14,11,0,31,23,20,11,0,-19,2,-8,-15,-21,-20,sil
6.352696895599365,-25,-3,-5,19,7,16,16,3,-11,4,-17,-16,-23,-15,sil
6.352696895599365,-29,-19,-7,3,-6,14,15,3,-8,0,-31,-17,-19,-11,sil
6.368457555770874,-30,-29,-15,-4,-10,16,15,-1,-4,2,-43,-21,-17,-11,sil
6.368457555770874,-26,-31,-9,-12,-14,10,16,5,1,13,-37,-22,-12,3,sil
6.38400411605835,-8,-20,-1,-9,-8,3,26,5,20,23,-21,-14,4,22,sil
6.38400411605835,12,-5,4,0,-3,6,30,6,32,23,-18,0,11,25,sil
6.399200439453125,19,-8,2,-4,-13,2,16,7,31,23,-15,5,11,22,sil
6.399200439453125,16,-14,-7,-20,-16,-9,-1,0,27,15,3,11,19,22,sil
6.414269924163818,21,0,0,-16,0,-16,-18,2,16,-12,19,26,22,15,sil
6.414269924163818,22,10,5,-1,2,-22,-32,-2,5,-27,30,34,18,-1,sil
6.429655313491821,18,4,7,-3,-6,-29,-40,-7,0,-16,34,37,19,-6,sil
6.429655313491821,16,19,13,-2,4,-15,-28,-6,-2,-8,31,30,13,-3,sil
6.445650100708008,9,38,6,16,19,0,-11,-11,-12,-11,22,6,-1,-12,sil
6.445650100708008,-2,27,0,24,9,-2,-5,-8,-27,-14,14,-8,-8,-20,sil
6.461191415786743,-10,11,-5,16,0,-3,-4,-5,-29,-15,10,-10,-10,-19,sil
6.461191415786743,-15,9,-8,5,3,2,-2,1,-16,-7,2,-20,-16,-18,sil
6.476492643356323,-28,-2,-15,1,-3,11,5,11,-6,4,-14,-36,-21,-16,sil
6.476492643356323,-35,-25,-25,0,-10,20,20,7,-7,5,-30,-43,-21,-12,sil
6.491671800613403,-20,-25,-9,-3,0,27,33,5,-4,6,-33,-34,-20,0,sil
6.491671800613403,-6,-18,-2,0,0,24,40,4,10,24,-24,-23,-12,6,sil
6.5076823234558105,-6,-25,-6,-7,-8,11,34,5,16,21,-22,-21,-2,9,sil
6.5076823234558105,-2,-26,2,-26,-8,0,17,4,16,7,-20,-13,5,21,sil
6.523259878158569,5,-14,5,-22,-5,-4,0,0,20,13,-13,-7,12,25,sil
6.523259878158569,17,-3,11,-8,-9,-12,-19,3,14,5,-1,0,14,17,sil
6.5383172035217285,27,5,14,-6,-4,-21,-31,-1,11,-10,23,24,26,15,sil
6.5383172035217285,28,13,11,-9,2,-23,-40,-9,10,-3,39,60,33,18,sil
6.55349063873291,24,18,13,-5,2,-18,-42,-4,1,3,37,77,25,9,sil
6.55349063873291,18,22,9,0,7,-13,-24,-10,-6,-7,35,56,15,-7,sil
6.5686774253845215,2,22,4,0,16,-6,-4,-7,-12,-19,20,20,-3,-20,sil
6.5686774253845215,-10,24,-2,8,19,2,11,1,-8,-10,2,-2,-19,-20,sil
6.586664438247681,-7,26,0,22,17,9,20,0,-5,-3,-2,-11,-20,-13,sil
6.586664438247681,-12,17,4,26,8,13,14,0,-15,-14,-12,-23,-22,-18,sil
6.600681304931641,-27,-5,-14,23,-1,18,12,2,-23,-18,-28,-40,-31,-31,sil
6.600681304931641,-24,-16,-8,18,-7,21,23,5,-20,-4,-33,-36,-24,-15,sil
6.615569591522217,-7,-16,10,15,-8,16,26,0,-8,3,-31,-21,-12,7,sil
6.615569591522217,0,-25,-4,3,-15,3,16,-3,2,7,-23,-23,-8,10,sil
6.630753755569458,3,-27,-11,-15,-23,-5,12,9,14,18,-4,-11,6,20,sil
6.630753755569458,9,-18,-2,-22,-17,-11,8,10,30,29,11,12,25,31,sil
6.646670579910278,13,-10,1,-19,-4,-10,-9,4,30,25,10,13,25,25,sil
6.662193298339844,17,-4,0,-12,1,-5,-27,-5,16,20,14,12,26,16,sil
6.662193298339844,20,5,2,-7,8,-12,-32,-11,6,8,38,32,34,11,sil
6.662193298339844,16,19,4,-8,14,-16,-30,-1,-2,-9,41,39,26,-1,sil
6.678533792495728,2,26,-2,0,13,-3,-18,-3,-13,-17,15,10,1,-21,sil
6.678533792495728,-16,10,-4,6,12,5,-4,-1,-22,-21,-16,-14,-23,-27,sil
6.693568468093872,-35,-12,-10,1,12,10,9,7,-20,-19,-27,-27,-38,-24,sil
6.693568468093872,-36,-22,-18,-1,5,19,28,4,-11,-3,-32,-41,-36,-18,sil
6.709735155105591,-23,-22,-7,-6,-11,16,27,-2,0,2,-37,-39,-21,-9,sil
6.709735155105591,-14,-21,-11,-22,-25,-6,1,-6,8,-1,-22,-12,-1,-5,sil
6.72463321685791,0,-11,-10,-31,-25,-18,-19,1,9,-8,3,13,7,0,sil
6.7413010597229,23,10,17,-11,-9,-11,-9,6,5,-13,24,28,10,10,sil
6.7413010597229,30,30,25,7,0,-18,-4,-6,-7,-19,25,30,8,6,sil
6.7413010597229,20,38,17,17,4,-24,-20,-7,-27,-24,13,16,0,-2,sil
6.756989240646362,13,36,9,38,12,-4,-22,-4,-28,-16,12,0,-9,-6,sil
6.756989240646362,6,25,10,45,14,11,-10,-3,-18,-2,15,-1,-9,2,sil
6.772563219070435,2,10,10,32,14,21,0,2,-7,18,6,0,0,13,sil
6.772563219070435,8,5,5,36,21,40,24,4,19,44,0,-6,10,22,sil
6.788253545761108,9,5,12,38,12,38,44,6,36,50,-2,-10,15,30,sil
6.788253545761108,-9,-18,-6,4,-10,13,36,4,30,38,-11,-14,10,19,sil
6.802648544311523,-16,-38,-22,-25,-12,0,18,5,25,24,-13,-14,10,6,sil
6.802648544311523,-2,-18,-6,-17,0,0,15,10,31,14,-11,-1,9,3,sil
6.817744970321655,-2,-4,-9,-12,1,-2,16,5,26,0,-11,4,0,0,sil
6.83343505859375,-12,-16,-13,-34,0,-4,6,8,7,-8,-7,8,0,-5,sil
6.83343505859375,-9,-21,-5,-36,-1,-15,-2,-1,-2,-8,0,10,9,-3,sil
6.849033355712891,-4,-15,-3,-27,-15,-29,-12,-12,-12,-18,-5,3,-2,-7,sil
6.849033355712891,-1,-10,-1,-30,-22,-24,-22,-6,-16,-31,-9,2,-13,-12,sil
6.864636421203613,7,-7,-1,-26,-12,-16,-21,-7,-1,-18,2,12,-1,-9,sil
6.864636421203613,9,-7,-1,-20,-11,-19,-24,-3,-2,-9,6,9,-2,-12,sil
6.880544424057007,0,-3,-3,-14,-8,-11,-23,-2,-21,-16,6,-3,-12,-21,sil
6.880544424057007,0,7,5,3,5,0,-17,-3,-21,-16,14,1,0,-13,sil
6.895744323730469,14,21,24,16,11,0,-20,-1,-14,-6,28,20,18,9,sil
6.895744323730469,24,30,20,22,7,-6,-24,-6,-15,6,43,30,24,17,sil
6.9116370677948,23,33,17,28,12,2,-11,-4,-5,18,39,27,24,20,sil
6.9116370677948,3,27,10,34,17,19,8,4,3,15,10,5,2,12,sil
6.927756071090698,-22,11,-13,27,10,16,9,3,-5,-2,-23,-33,-32,-19,sil
6.927756071090698,-37,-5,-23,12,4,14,12,2,-11,-17,-42,-53,-46,-45,sil
6.943437576293945,-43,-16,-21,5,5,24,34,0,-1,-14,-43,-50,-38,-37,sil
6.943437576293945,-30,-14,-10,3,0,23,35,3,-5,-11,-41,-37,-26,-5,sil
6.95870566368103,0,-5,1,4,-10,12,17,-2,-6,-2,-25,-11,1,22,sil
6.95870566368103,19,-3,4,-3,-11,-2,5,-8,4,5,5,15,30,35,sil
6.974524259567261,9,-11,-5,-28,-12,-18,-5,4,-1,-7,11,18,18,19,sil
6.974524259567261,-10,-21,-25,-39,-18,-19,-14,4,-2,-10,-18,-12,-11,-8,sil
6.990100860595703,-14,-21,-21,-25,-13,-4,-6,1,18,10,-43,-33,-26,-17,sil
6.990100860595703,2,0,2,-4,3,4,2,6,27,21,-13,-14,-18,-17,sil
7.005767583847046,20,21,10,3,15,3,-6,6,9,13,24,16,-3,-13,sil
7.005767583847046,28,18,20,11,15,0,-22,3,-2,5,24,33,11,14,sil
7.021657228469849,31,10,27,31,15,0,-11,-5,15,23,32,43,41,48,sil
7.021657228469849,30,14,29,36,12,1,3,0,29,45,58,53,62,52,sil
7.837691307067871,-18,4,-14,-20,0,-14,-35,-7,-21,-32,18,0,5,-34,sil
7.837691307067871,-16,18,-9,-3,10,-10,-17,-5,-17,-32,22,12,4,-26,sil
7.852797269821167,-17,19,-4,6,13,-1,-1,-3,-22,-32,9,0,-9,-28,sil
7.852797269821167,-15,18,0,18,13,8,13,0,-22,-26,0,-13,-9,-29,sil
7.868323087692261,-5,20,9,37,12,17,32,5,-19,-16,-4,-12,-7,-8,sil
7.868323087692261,-6,7,3,35,4,23,49,3,-14,0,-17,-19,-19,5,sil
7.883599758148193,-5,-11,-1,6,-7,16,37,3,-5,12,-26,-20,-19,12,sil
7.883599758148193,7,-18,2,-13,-16,0,3,2,11,24,-13,-3,4,26,sil
7.899541854858398,24,-17,9,-12,-14,-14,-8,-1,24,26,3,11,19,35,sil
7.899541854858398,34,-7,20,-12,-7,-18,-9,4,21,11,5,23,11,33,sil
7.9156389236450195,32,0,9,-17,-5,-23,-24,-2,13,-8,12,25,6,23,sil
7.9156389236450195,23,0,2,-23,-3,-26,-44,-7,-1,-21,18,18,5,0,sil
7.931761980056763,14,17,6,-10,6,-15,-42,0,-21,-17,17,22,1,-20,sil
7.931761980056763,3,33,1,13,22,-1,-26,-1,-25,-7,21,19,-1,-21,sil
7.947294950485229,-19,21,-1,18,25,8,-10,0,-17,-4,12,-9,-7,-16,sil
7.947294950485229,-35,2,-6,15,16,17,4,-2,-6,6,-19,-32,-19,-23,sil
7.962834358215332,-25,0,-6,16,8,27,22,2,11,23,-28,-26,-16,-21,sil
7.962834358215332,-16,2,-6,18,6,33,43,12,29,24,-4,-15,-3,-12,sil
7.978864431381226,-26,-9,-17,15,1,22,40,6,19,6,-4,-21,-5,-13,sil
7.978864431381226,-24,-20,-9,0,-13,7,17,3,-6,-3,-23,-21,-10,-8,sil
7.994432210922241,-5,-14,0,0,-8,21,24,7,1,14,-5,-2,6,9,sil
7.994432210922241,13,1,9,16,10,31,35,7,9,25,10,15,18,29,sil
8.014693260192871,20,0,20,14,0,6,13,2,-11,3,-12,11,0,34,sil
8.014693260192871,10,-13,8,-4,-23,-17,-1,-9,-12,-9,-28,-6,-17,26,sil
8.026239395141602,5,-17,0,-15,-21,-12,-1,-1,15,4,-17,-3,-4,22,sil
8.026239395141602,8,-13,-1,-15,-5,-6,-3,5,38,16,3,11,20,19,sil
8.04138469696045,9,-12,-6,-17,-7,-17,-10,0,26,6,14,11,21,6,sil
8.04138469696045,7,-7,-6,-19,-9,-15,-11,-1,2,-4,11,7,13,-1,sil
8.057063102722168,6,-5,-11,-14,-4,-8,-6,-5,2,-1,6,5,18,-1,sil
8.057063102722168,0,-6,-6,-12,-5,-17,-14,-6,6,-3,4,0,16,0,sil
8.071821451187134,0,-1,-3,-6,-1,-22,-20,-2,0,-3,10,6,7,3,sil
8.087329626083374,6,3,-4,-3,9,-5,-8,2,0,3,24,21,12,3,sil
8.087329626083374,4,6,1,-8,10,1,-5,0,-4,-1,25,17,5,-10,sil
8.10285997390747,-10,9,-3,-11,0,-15,-28,-15,-24,-21,9,1,-16,-34,sil
8.10285997390747,-11,6,-3,-14,-3,-28,-42,-12,-34,-40,0,-3,-25,-37,sil
8.10285997390747,1,12,2,-10,0,-18,-22,-2,-23,-35,0,-1,-12,-23,sil
8.119260549545288,10,26,9,4,-1,-6,0,3,-12,-15,7,1,-2,-9,sil
8.120259046554565,12,28,17,15,-3,0,1,9,-20,-13,9,10,-2,0,sil
8.133667469024658,2,12,4,15,-2,0,-5,-1,-28,-24,4,3,-6,0,sil
8.148892164230347,-15,1,-5,11,-3,0,-8,-5,-23,-16,-8,-14,-11,-7,sil
8.148892164230347,-19,6,-4,13,7,13,0,6,-8,4,-15,-17,-10,-6,sil
8.164062976837158,-8,8,0,25,27,26,12,3,-4,8,-13,-12,-10,0,sil
8.164062976837158,0,6,15,32,27,25,20,0,-2,8,-13,-13,-16,1,sil
8.179545640945435,3,2,8,22,18,28,33,3,18,25,-10,-16,-11,6,sil
8.179545640945435,1,-6,-5,0,12,32,39,8,28,28,-15,-17,-3,15,sil
8.195663690567017,-11,-13,-5,-1,6,27,37,4,27,21,-21,-17,-3,9,sil
8.195663690567017,-13,-13,-6,6,1,19,32,1,35,33,-13,-13,-1,-1,sil
8.211649894714355,-6,-18,-6,-2,-3,16,15,9,34,33,-5,-5,3,1,sil
8.211649894714355,-9,-22,-5,-7,-11,10,1,2,24,18,-3,0,6,3,sil
8.227718830108643,0,-10,5,-2,-11,0,0,0,19,13,1,5,10,6,sil
8.227718830108643,19,-1,16,-4,-10,-11,-4,4,11,6,11,18,16,19,sil
8.243302822113037,17,-6,9,1,-15,-20,-14,-1,2,-1,16,28,21,21,sil
8.243302822113037,11,-6,6,7,-15,-18,-10,0,1,0,13,24,24,22,sil
8.258696794509888,7,-10,-3,-12,-13,-14,0,-3,0,-3,2,4,15,14,sil
8.258696794509888,-1,-17,-8,-33,-19,-18,-4,-9,-10,-13,-5,-5,2,0,sil
8.274810791015625,0,-1,-1,-18,-13,-19,-16,-1,-16,-13,3,10,2,-1,sil
8.274810791015625,12,10,-2,0,1,-21,-24,-1,-11,-9,16,18,8,2,sil
8.290359735488892,12,4,-2,-14,0,-22,-31,-3,-17,-15,12,14,5,-4,sil
8.290359735488892,9,9,-1,-22,-4,-14,-26,-2,-21,-11,14,16,5,-11,sil
8.305588006973267,15,20,0,-12,4,-6,-15,-4,-20,-12,22,18,5,-5,sil
8.305588006973267,11,12,2,-10,10,-4,-8,-5,-30,-23,15,13,0,-3,sil
8.321659088134766,-9,-3,-9,-13,4,-7,-4,-8,-37,-21,2,-1,-10,-16,sil
8.321659088134766,-31,-3,-20,-15,1,-9,-5,0,-31,-17,-10,-24,-29,-32,sil
8.337174654006958,-34,7,-20,-4,10,-1,5,1,-18,-10,-14,-35,-30,-31,sil
8.337174654006958,-8,17,0,19,16,11,15,-1,-7,0,-5,-18,-8,-10,sil
8.353274583816528,9,15,17,32,11,18,10,4,2,3,0,-3,-2,4,sil
8.353274583816528,-4,2,4,22,2,18,10,0,5,6,-5,-11,-14,0,sil
8.368353843688965,-12,-2,1,11,-2,16,10,2,5,13,-13,-13,-9,1,sil
8.368353843688965,0,5,9,24,1,15,11,9,20,15,-10,-4,2,9,sil
8.383767127990723,2,15,7,42,11,16,15,5,41,16,-6,-6,-1,4,sil
8.383767127990723,0,7,13,41,12,21,18,4,54,17,-9,-10,-5,1,sil
8.399715900421143,0,-18,1,17,0,17,23,0,62,18,-16,-11,1,3,sil
8.399715900421143,-5,-34,-10,-15,-10,4,20,0,66,10,-25,-15,-2,5,sil
8.415742635726929,-4,-28,-9,-22,-13,0,7,0,76,-1,-30,-16,-13,4,sil
8.415742635726929,1,-22,-10,-21,-16,-10,-11,-3,48,-14,-27,-10,-5,1,sil
8.43126392364502,5,-9,-5,-25,-17,-21,-28,0,-22,-18,-5,11,12,0,sil
8.43126392364502,14,17,2,-13,0,-19,-28,0,-64,-9,31,33,25,-2,sil
8.446599006652832,21,34,17,-2,14,-16,-21,0,-63,-4,44,40,20,-3,sil
8.446599006652832,14,30,19,3,13,-12,-16,-1,-64,-4,34,31,10,-1,sil
8.4630606174469,0,17,0,11,9,5,-4,-2,-59,-2,27,14,8,6,sil
8.4630606174469,-7,5,-3,6,8,18,8,0,-51,0,14,3,3,11,sil
8.478447198867798,-7,0,4,9,6,18,16,-9,-45,3,2,2,-5,11,sil
8.478447198867798,-1,-10,10,5,-1,16,14,-1,-20,9,2,1,-1,19,sil
8.494032859802246,-7,-36,0,-37,-14,11,19,13,13,20,3,-8,12,23,sil
8.494032859802246,-18,-44,-19,-55,-17,3,23,5,25,29,-4,-15,8,9,sil
8.510027647018433,-11,-26,-16,-28,-15,-3,7,5,28,24,-10,-11,-4,-1,sil
8.510027647018433,2,-13,-6,-15,-17,-15,-6,3,39,16,-8,-7,0,-5,sil
8.524689674377441,14,1,8,-7,-9,-21,-12,-4,38,6,-5,0,10,-3,sil
8.524689674377441,23,23,18,16,3,-18,-18,-6,18,-9,-1,13,7,-1,sil
8.540455102920532,19,18,1,16,2,-25,-25,-11,-6,-32,-4,9,-9,-13,sil
8.540455102920532,12,10,-3,2,0,-27,-26,-7,-19,-49,-2,6,-12,-21,sil
8.555606603622437,11,27,0,14,10,-17,-14,-4,-12,-39,20,16,5,-15,sil
8.555606603622437,0,28,0,20,14,-11,-6,-2,-14,-26,19,6,-3,-15,sil
8.570698976516724,-22,4,-6,15,4,0,-9,-4,-28,-23,-11,-18,-36,-30,sil
8.570698976516724,-29,-1,-11,21,4,19,-4,-5,-16,-9,-16,-27,-30,-25,sil
8.586328506469727,-14,6,4,31,13,32,13,6,14,14,-1,-9,-8,4,sil
8.586328506469727,-2,4,7,32,20,34,29,9,35,30,2,0,-5,13,sil
8.601492404937744,-3,-2,-2,20,11,28,27,5,30,29,0,-4,-3,4,sil
8.601492404937744,-4,0,5,8,-2,20,22,8,14,19,-7,-5,3,13,sil
8.616910219192505,-3,-7,0,3,-6,14,23,3,12,19,-18,-8,6,23,sil
8.616910219192505,-3,-25,-11,-13,-7,6,15,12,19,26,-21,-18,8,16,sil
8.632657766342163,-5,-31,-13,-31,-15,-3,8,13,26,26,-12,-19,17,5,sil
8.632657766342163,3,-18,-6,-31,-18,-8,6,1,29,21,-1,0,29,10,sil
8.648298978805542,17,-4,4,-31,-12,-10,0,-1,15,7,1,12,29,18,sil
8.648298978805542,13,-8,1,-32,-10,-20,-17,-11,-14,-21,-6,6,6,-2,sil
8.663897275924683,8,-7,0,-30,-9,-31,-33,-16,-35,-45,-7,8,-4,-17,sil
8.663897275924683,10,16,2,-19,0,-31,-31,-6,-27,-32,16,25,10,-5,sil
8.6807382106781,5,36,4,-2,12,-17,-24,-3,-17,-16,32,31,12,-2,sil
8.6807382106781,2,31,16,10,13,0,-20,-5,-24,-14,26,23,-2,-10,sil
8.695297241210938,3,17,11,18,12,6,-10,-4,-29,-5,23,6,-8,-6,sil
8.695297241210938,-1,13,3,21,10,8,0,6,-27,-6,13,-8,-18,-3,sil
8.710639476776123,-8,8,0,24,6,17,10,4,-19,-9,0,-8,-23,-5,sil
8.726297616958618,-10,-5,-10,13,6,20,20,-2,-14,-1,-8,-5,-17,0,sil
8.726297616958618,-14,-16,-12,2,1,10,20,1,-22,-2,-27,-17,-32,-1,sil
8.726801633834839,-17,-16,-8,14,-1,14,20,-4,-18,-2,-44,-34,-41,-11,sil
8.741432428359985,-12,-18,1,17,0,25,22,0,6,15,-38,-32,-16,-3,sil
8.742430925369263,-11,-19,0,0,0,14,13,8,28,31,-21,-21,-4,3,sil
8.756681203842163,-14,-22,-11,-16,-8,-7,-1,1,35,28,-14,-17,-14,0,sil
8.772278070449829,0,-19,-5,-15,-7,-8,-5,4,39,21,-6,-7,4,8,sil
8.773271799087524,16,-6,3,0,-6,-2,6,6,38,19,10,7,37,22,sil
8.773271799087524,17,0,9,-3,-16,-10,3,1,23,9,15,20,37,19,sil
8.788341760635376,14,3,11,-14,-11,-13,-8,0,15,2,21,31,33,14,sil
8.80442214012146,25,13,14,-1,4,-17,-16,-4,20,-1,46,41,42,14,sil
8.80442214012146,31,22,25,8,1,-24,-28,0,19,-11,58,49,39,9,sil
8.820622682571411,22,23,15,0,0,-15,-28,0,9,-8,51,47,29,0,sil
8.820622682571411,18,22,5,1,8,-5,-13,-1,-15,-11,39,35,20,-2,sil
8.83627986907959,12,17,7,8,6,-10,-6,-4,-44,-35,21,16,0,-10,sil
8.83627986907959,-9,9,-8,2,-5,-13,-3,-8,-49,-46,-1,-5,-27,-26,sil
8.852336883544922,-23,12,-8,2,-3,0,8,-2,-45,-23,-12,-17,-32,-22,sil
8.852336883544922,-15,12,-2,16,6,15,18,0,-28,3,-2,-12,-13,-3,sil
8.866369724273682,-12,-3,-11,11,4,17,11,5,0,21,0,-16,0,4,sil
8.866827726364136,-22,-16,-17,-4,0,16,9,11,22,29,-19,-29,-9,-2,sil
8.882346391677856,-22,-20,-17,-8,7,24,22,-1,26,27,-39,-39,-21,-11,sil
8.882346391677856,-14,-21,-10,-4,9,27,21,-5,10,15,-43,-42,-25,-11,sil
8.883347034454346,-20,-19,-16,0,0,19,11,-1,4,13,-32,-37,-14,-5,sil
8.897368669509888,-18,-13,-16,1,0,9,8,1,18,17,-39,-25,-5,3,sil
8.91338300704956,-10,-11,-7,-15,-4,-2,0,1,19,1,-72,-28,-14,1,sil
8.91338300704956,-12,-17,-14,-29,-14,-13,-8,-4,7,-17,-68,-33,-22,-6,sil
8.929431200027466,1,-9,-4,-17,-7,-12,-8,3,4,-12,-19,-2,-10,2,sil
8.929431200027466,23,6,5,-1,4,-6,-8,4,1,-10,4,20,7,14,sil
8.945516586303711,22,13,0,-5,-2,-19,-22,-4,-21,-33,-1,10,8,2,sil
8.945516586303711,16,24,11,1,-7,-30,-33,-4,-43,-47,20,10,-5,-12,sil
8.945516586303711,20,38,25,31,15,-12,-22,-7,-41,-24,43,19,-10,-13,sil
8.962829113006592,17,22,27,35,28,19,5,0,-23,6,29,16,0,7,sil
8.962829113006592,0,-9,11,11,4,26,32,7,5,26,20,13,11,25,sil
8.977545976638794,-11,-29,-6,-13,-19,2,20,0,25,25,24,14,15,19,sil
8.992594480514526,1,-22,0,-29,-14,-13,-6,-2,20,15,25,20,29,10,sil
8.992594480514526,18,-4,10,-19,-2,-12,-8,1,19,14,38,33,42,9,sil
9.00823140144348,13,2,11,-15,-5,-7,-6,9,22,9,49,39,33,7,sil
9.00823140144348,1,5,3,-19,-4,-2,-12,6,13,4,46,35,19,-3,sil
9.009225845336914,0,19,5,3,5,0,-11,-5,-5,-2,35,17,2,-17,sil
9.023309707641602,-1,23,14,36,8,3,-1,0,-22,-16,8,-1,-26,-20,sil
9.039414167404177,-5,5,3,38,8,18,20,1,-12,-6,-11,-17,-32,-7,sil
9.039414167404177,0,-5,1,28,11,30,35,3,3,21,-13,-16,-11,9,sil
9.0547034740448,-7,-10,0,22,7,23,31,2,9,28,-21,-18,-5,7,sil
9.0547034740448,-16,-17,-18,15,-1,9,24,-4,14,21,-36,-26,-11,1,sil
9.07052993774414,0,-9,-9,11,-3,1,18,3,24,21,-28,-11,9,20,sil
9.07052993774414,7,-4,-2,-2,-3,-3,3,5,29,23,-4,5,36,29,sil
9.085689306259155,-4,-10,-12,-27,-10,-17,-18,-3,15,6,-6,0,22,6,sil
9.085689306259155,-6,0,-9,-20,-11,-26,-34,-12,-6,-25,-15,-4,-4,-12,sil
9.101637363433838,3,10,-5,-8,-10,-24,-38,-13,-20,-42,-9,1,-6,-10,sil
9.101637363433838,3,0,-7,-32,-13,-21,-32,0,-20,-36,-1,-1,1,-2,sil
9.117228031158447,-1,-3,-13,-35,-9,-23,-19,-2,-20,-28,-2,-7,-1,-14,sil
9.117228031158447,-6,0,-6,-20,-5,-21,-14,-5,-33,-36,-12,-11,-18,-29,sil
9.13288187980652,-11,0,-2,-23,-8,-11,-9,0,-39,-39,-16,-12,-27,-31,sil
9.13288187980652,-6,5,-9,-13,-2,-4,-4,-2,-24,-22,-8,-6,-21,-19,sil
9.148088932037354,1,16,4,8,9,6,-5,4,-11,-10,-1,1,-16,-6,sil
9.148088932037354,0,17,8,18,17,18,0,8,0,1,2,-2,-13,-7,sil
9.163986682891846,0,14,1,29,23,21,12,9,13,28,7,-10,-6,-2,sil
9.163986682891846,3,17,10,49,28,36,22,11,22,42,3,-7,-9,5,sil
9.17957639694214,-4,11,15,52,27,47,29,-4,7,28,-3,-9,-12,0,sil
9.17957639694214,-9,-1,14,41,20,35,34,-2,-7,18,-11,-13,-8,1,sil
9.194778203964232,-2,-20,4,24,9,25,47,10,18,35,-17,-16,-3,23,sil
9.194778203964232,-1,-37,-9,-8,-8,22,44,10,43,38,-18,-13,0,29,sil
9.210687398910522,2,-31,-4,-29,-18,5,22,0,39,22,-4,2,20,25,sil
9.210687398910522,16,-16,4,-22,-12,-14,8,-8,37,17,14,17,38,28,sil
9.225722551345823,12,-18,1,-33,-15,-21,-12,-5,19,6,12,16,26,19,sil
9.225722551345823,0,-21,-7,-50,-24,-23,-34,-7,-7,-11,13,20,19,0,sil
9.24160933494568,7,-5,-6,-31,-20,-28,-34,-7,-9,-22,31,37,31,-2,sil
9.24160933494568,16,12,4,-10,-13,-28,-29,4,-9,-30,32,34,23,0,sil
9.256800889968872,12,13,0,-10,-12,-26,-23,4,-14,-25,16,14,0,-13,sil
9.256800889968872,10,18,4,-10,-2,-20,-11,2,-7,-15,21,17,1,-7,sil
9.272294282913208,4,27,6,2,10,-16,-16,0,-3,-13,32,26,12,5,sil
9.272294282913208,-5,13,-7,5,10,-15,-25,-2,-13,-7,17,7,5,-7,sil
9.28830599784851,-9,1,-7,2,4,0,-4,4,-15,4,1,-7,-6,-9,sil
9.28830599784851,-8,9,-5,11,7,14,6,-3,-14,-1,-6,-11,-12,-1,sil
9.303759336471558,-5,10,2,8,3,-1,-14,-10,-28,-23,-19,-15,-19,-11,sil
9.303759336471558,-1,2,9,7,-2,-14,-13,-6,-27,-19,-18,-14,-21,-15,sil
9.319442749023438,-2,5,1,19,0,-2,4,-4,-15,-6,-15,-18,-23,-2,sil
9.319442749023438,-8,9,-4,17,3,5,-1,1,-14,-10,-31,-26,-29,-9,sil
9.335474729537964,-9,0,0,11,8,12,0,3,1,4,-19,-14,-13,-17,sil
9.335474729537964,-4,0,10,18,12,22,16,7,14,24,10,3,1,-1,sil
9.351428508758543,-1,6,8,26,7,20,18,3,4,15,4,0,-4,2,goodbye
9.351428508758543,7,6,3,25,6,15,21,-4,3,11,-5,-1,0,2,goodbye
9.367519855499268,21,5,17,24,14,21,36,1,8,17,0,7,12,19,goodbye
9.367519855499268,8,3,7,19,10,21,36,0,7,8,-1,0,3,15,goodbye
9.38286828994751,-12,-6,-10,1,-1,4,6,0,8,2,-14,-14,-7,-1,goodbye
9.38286828994751,-13,-19,-13,-21,-14,-9,-6,1,14,5,-17,-16,-4,-7,goodbye
9.398514032363892,-16,-30,-24,-40,-22,-2,4,0,23,-3,-27,-25,-9,-8,goodbye
9.398514032363892,-20,-30,-17,-45,-12,15,13,5,31,0,-26,-23,-9,-1,goodbye
9.41461944580078,-5,-14,-7,-21,4,16,7,5,28,21,0,1,9,10,goodbye
9.41461944580078,3,-8,-6,-4,-1,-5,-10,1,8,10,7,10,10,4,goodbye
9.430285692214966,-2,-12,-5,-7,-10,-17,-23,-1,-7,-16,-1,0,-4,-1,goodbye
9.430285692214966,0,-7,0,-5,0,-9,-15,-7,-7,-7,10,5,4,2,goodbye
9.445852518081663,10,-1,10,-5,1,-2,-5,0,-7,4,23,22,22,13,goodbye
9.445852518081663,4,-4,-1,-13,-5,-4,-2,0,-6,-4,14,17,17,8,goodbye
9.461254119873049,5,1,-7,-9,-1,-7,-4,-4,-11,-9,6,4,4,-1,goodbye
9.461254119873049,17,17,9,7,7,-2,-11,0,-19,-8,6,5,-1,-6,goodbye
9.477394580841064,13,19,9,10,6,-4,-7,-2,-15,-6,11,10,1,-1,goodbye
9.477394580841064,8,13,5,1,-2,-10,0,2,-2,1,18,15,16,10,goodbye
9.4933922290802,12,10,5,0,-3,-11,-1,7,11,17,24,13,25,10,goodbye
9.4933922290802,6,8,5,0,0,-9,0,0,12,16,18,4,12,0,goodbye
9.508556127548218,-2,11,3,2,-2,-4,6,-3,0,7,4,2,-1,-4,goodbye
9.508556127548218,0,12,0,12,0,-6,0,-2,-6,0,-2,0,-1,-7,goodbye
9.524588584899902,-3,3,3,2,-3,-15,-13,0,-11,-15,-10,-9,-13,-11,goodbye
9.524588584899902,-14,2,0,-8,-6,-14,-7,-4,-7,-15,-7,-7,-18,-7,goodbye
9.540274143218994,-4,11,1,1,0,-5,-3,-4,1,0,-1,3,-4,0,goodbye
9.540274143218994,5,7,9,3,2,0,-14,4,2,-1,-3,3,-2,-2,goodbye
9.555671215057371,-5,-11,0,-5,0,0,-10,-1,-5,-6,-5,0,-11,-6,goodbye
9.555671215057371,-1,-3,7,7,9,6,0,-5,-3,-4,1,11,-2,2,goodbye
9.571271896362305,13,17,11,19,22,13,1,-2,1,-7,7,15,5,7,goodbye
9.571271896362305,0,1,-14,4,6,10,-1,1,-2,-13,-5,-5,-8,-4,goodbye
9.58666706085205,-9,-17,-10,2,-6,12,11,5,0,-5,-21,-16,-10,0,goodbye
9.58666706085205,4,-4,5,17,5,16,27,1,16,11,-10,-12,6,13,goodbye
9.602694272994995,0,0,0,5,6,4,11,3,3,1,0,-12,-1,1,goodbye
9.602694272994995,-15,-9,-17,-9,-2,-1,-4,1,-18,-23,-9,-17,-22,-19,goodbye
9.618602752685549,-12,-3,-11,-2,6,7,0,-2,-18,-18,-12,-12,-16,-14,goodbye
9.618602752685549,-12,-1,1,3,4,10,-2,4,-17,-3,-2,-7,-11,-6,goodbye
9.634639739990234,-19,-9,-4,5,-9,7,-6,0,-14,-1,-8,-15,-9,-14,goodbye
9.634639739990234,-1,-5,2,7,-5,13,8,1,-3,5,-14,-9,-3,-2,goodbye
9.650649070739746,14,0,9,4,0,17,18,4,3,20,-3,3,-2,13,goodbye
9.650649070739746,4,-6,-1,1,-1,11,12,-5,11,21,2,0,-3,7,goodbye
9.66666054725647,-1,-11,-3,2,2,11,11,0,19,24,-4,-5,0,8,goodbye
9.66666054725647,0,-9,-9,-1,-1,8,15,1,18,31,-4,-4,2,16,goodbye
9.682621002197266,6,-7,-4,-9,-16,-5,5,-1,10,18,-5,-2,5,14,goodbye
9.682621002197266,15,0,15,-12,-11,-12,0,-1,19,12,1,11,19,17,goodbye
9.698660612106323,10,-3,8,-10,-4,-13,0,0,26,17,8,18,27,14,goodbye
9.698660612106323,-2,-10,-3,-17,-11,-17,-5,2,10,3,2,8,23,2,goodbye
9.714366912841797,-3,-12,-4,-19,-6,-14,-6,0,7,-3,6,6,24,0,goodbye
9.714366912841797,0,-10,-2,-17,2,-11,0,0,19,0,10,12,27,0,goodbye
9.730263710021973,0,0,-3,-16,4,-10,1,6,23,4,14,16,26,1,goodbye
9.730263710021973,1,8,-5,-9,6,-8,-6,3,12,6,25,16,22,2,goodbye
9.745896339416504,-3,11,-2,-8,6,-13,-20,-3,-11,-14,20,10,8,-5,goodbye
9.745896339416504,-4,13,-5,-6,0,-20,-22,-8,-25,-36,4,3,-7,-25,goodbye
9.76145601272583,6,17,0,-3,-4,-19,-20,-6,-26,-35,5,4,-15,-22,goodbye
9.76145601272583,6,21,9,1,-1,-12,-27,0,-26,-30,11,5,-12,-10,goodbye
9.77679681777954,0,20,3,9,11,-7,-23,-3,-21,-23,10,-1,-9,-14,goodbye
9.77679681777954,7,23,12,18,15,-3,-15,0,-19,-12,4,0,-19,-10,goodbye
9.792255878448486,12,31,18,28,6,0,-16,0,-21,-8,7,2,-23,0,goodbye
9.792255878448486,9,26,11,31,2,3,-12,-3,-20,-10,6,0,-15,1,goodbye
9.807363510131836,6,6,8,24,4,13,7,5,-17,-5,-5,-4,-13,0,goodbye
9.807363510131836,0,-2,0,21,7,23,26,3,-7,1,-14,-14,-23,1,goodbye
9.822495937347412,-10,0,-3,18,5,23,22,1,1,3,-21,-25,-31,-2,goodbye
9.822495937347412,-15,-10,-5,8,-2,19,15,-1,0,4,-28,-26,-22,-6,goodbye
9.83867049217224,-14,-28,-8,1,-9,19,17,0,-6,4,-24,-15,-11,-2,goodbye
9.83867049217224,-12,-27,-2,2,0,23,27,9,5,10,-13,-4,-9,3,goodbye
9.8536958694458,-15,-22,-10,-3,5,21,32,3,14,17,-15,-13,-8,1,goodbye
9.8536958694458,-16,-28,-9,-22,-9,11,22,-3,-4,9,-26,-22,-7,0,goodbye
9.87028741836548,-10,-20,-3,-18,-10,6,19,-4,-6,12,-17,-6,0,7,goodbye
9.87028741836548,0,-5,-5,0,2,4,20,0,26,31,4,12,19,11,goodbye
9.885380268096924,7,-4,1,5,0,-1,5,9,41,31,9,16,31,16,goodbye
9.885380268096924,13,-8,5,-1,-9,-10,-6,2,36,21,6,12,33,23,goodbye
9.901119709014893,16,-7,11,-15,-13,-16,-10,0,26,18,14,19,43,29,goodbye
9.901119709014893,9,-7,8,-17,-12,-17,-16,0,13,12,21,23,45,20,goodbye
9.91662311553955,3,-5,-1,-2,-8,-13,-18,-5,9,6,8,11,27,12,goodbye
9.91662311553955,5,-9,-4,-13,-9,-9,-13,0,18,1,-6,6,16,12,goodbye
9.93227219581604,9,-11,-9,-36,-9,-13,-11,0,21,-9,1,11,14,1,goodbye
9.94647979736328,18,15,0,-24,5,-12,-12,0,4,-20,13,18,0,-9,goodbye
9.94647979736328,16,39,7,2,19,-3,-8,1,-12,-20,14,13,-10,-14,goodbye
9.961992025375366,0,21,-10,-2,5,-10,-9,-7,-29,-29,11,-1,-15,-23,goodbye
9.961992025375366,-9,11,-11,-15,-9,-19,-17,-6,-48,-49,2,-10,-25,-34,goodbye
9.97799038887024,-9,24,-4,2,5,-11,-7,-3,-43,-40,-7,-14,-32,-40,goodbye
9.97799038887024,-13,21,-3,17,19,0,-4,2,-26,-18,-3,-23,-33,-33,goodbye
9.99354648590088,-16,11,-3,13,13,0,-13,1,-12,-9,11,-20,-21,-18,goodbye
9.99354648590088,-16,5,-4,16,10,2,-12,-5,0,4,14,-9,-7,-10,goodbye
10.01892590522766,-14,0,5,23,7,7,-10,-1,1,16,0,-9,-8,-5,goodbye
10.01892590522766,-8,1,7,29,2,5,-5,1,-10,11,-5,-8,-5,0,goodbye
10.019924402236938,3,6,8,28,11,3,7,1,-10,13,1,1,4,12,goodbye
10.019924402236938,14,-2,13,20,16,14,20,4,9,30,9,5,12,27,goodbye
10.02542757987976,16,-14,6,11,2,21,26,0,22,32,3,1,16,29,goodbye
10.042521238327026,13,-14,9,3,-7,18,27,2,9,12,-14,4,3,21,goodbye
10.042521238327026,1,-11,-1,-1,-4,16,25,2,4,7,-19,1,-15,9,goodbye
10.057631492614746,-8,-10,-9,-11,-10,9,19,0,5,8,-14,-11,-11,6,goodbye
10.057631492614746,-6,-14,-2,-29,-21,7,20,2,-1,-3,-22,-11,1,6,goodbye
10.074156045913696,-10,-26,-7,-41,-19,13,20,5,8,-7,-25,-4,1,-4,goodbye
10.08999800682068,-18,-24,-7,-36,-13,3,5,10,27,1,-15,-4,0,-6,goodbye
10.08999800682068,-4,-10,0,-20,-11,-16,-4,2,28,4,0,0,8,5,goodbye
10.08999800682068,21,-4,9,-6,-13,-22,-13,-5,14,-9,6,16,11,10,goodbye
10.106553077697754,25,5,12,-2,-14,-24,-31,-5,-4,-32,9,23,5,-1,goodbye
10.106963157653809,11,20,4,3,-10,-31,-43,-16,-27,-47,19,22,0,-18,goodbye
10.120591878890991,8,26,8,22,0,-22,-41,-8,-42,-39,33,33,0,-16,goodbye
10.136440992355348,11,32,10,46,17,-1,-29,-1,-27,-1,44,35,9,-3,goodbye
10.137551069259644,6,35,9,57,27,7,-16,-6,-7,23,38,17,17,3,goodbye
10.137551069259644,4,28,19,59,27,13,-2,0,2,26,21,7,18,15,goodbye
10.151240348815918,2,12,6,51,18,21,15,6,10,32,5,3,9,26,sil
10.151240348815918,-9,-8,-12,13,5,23,33,8,10,28,-22,-18,-3,19,sil
10.166451930999756,-22,-24,-23,-16,6,23,48,13,20,18,-44,-38,-10,-1,sil
10.181576013565063,-21,-34,-30,-42,5,19,48,14,44,23,-43,-39,-9,-2,sil
10.181576013565063,-14,-42,-29,-70,-12,4,26,7,37,16,-37,-25,-3,1,sil
10.196794986724854,-4,-29,-27,-67,-16,-14,0,-7,1,-14,-23,-9,2,-10,sil
10.196794986724854,6,0,-10,-53,-6,-26,-14,-2,-22,-29,-4,1,-3,-13,sil
10.212344884872437,4,6,-6,-47,-9,-25,-9,0,-19,-19,-5,-1,-14,-5,sil
10.212344884872437,-3,1,-14,-24,-9,-21,-5,-13,-22,-19,-16,-22,-19,-12,sil
10.228304147720335,0,1,-3,-20,-2,-14,-8,-3,-25,-22,-12,-28,-24,-17,sil
10.228304147720335,-1,-9,1,-28,-1,-1,-3,4,-2,1,0,-16,-14,-5,sil
10.243889808654783,-7,-14,4,2,0,5,-14,0,11,17,3,-3,1,0,sil
10.243889808654783,0,9,20,32,0,0,-38,-7,-5,0,15,1,5,-7,sil
10.25989580154419,12,26,25,22,3,-3,-38,-7,-12,-6,35,12,9,-8,sil
10.25989580154419,14,17,25,34,14,7,-20,4,0,11,50,35,22,6,sil
10.275521755218506,8,16,20,65,17,14,-5,0,11,24,57,41,28,13,sil
10.275521755218506,3,19,19,53,9,11,0,-1,15,17,48,31,23,5,sil
10.290669679641724,-5,9,9,29,11,11,16,4,15,9,26,21,14,-2,sil
10.290669679641724,-21,-1,-8,21,5,8,29,1,6,1,1,3,-1,-11,sil
10.305697441101074,-25,-1,-5,9,-12,0,19,-2,-11,-18,-21,-15,-15,-17,sil
10.305697441101074,-17,-3,-7,1,-12,0,10,-3,-23,-31,-36,-23,-21,-21,sil
10.321288585662842,-9,-9,-12,-3,-8,0,11,-4,-29,-37,-40,-21,-26,-11,sil
10.321288585662842,0,-3,-2,-8,-18,-4,9,-4,-31,-40,-36,-8,-29,4,sil
10.336812019348145,17,6,6,-2,-15,-4,6,-3,-21,-31,-28,0,-20,10,sil
10.336812019348145,31,4,12,-1,-1,1,6,8,-3,-10,-26,2,-12,17,sil
10.35232639312744,26,-3,3,0,3,2,0,8,11,15,-15,3,-6,24,sil
10.35232639312744,17,-2,2,7,3,3,-14,1,14,34,0,8,4,25,sil
10.367928743362429,12,4,7,4,6,11,-10,4,16,32,1,7,13,25,sil
10.367928743362429,6,0,-2,-5,3,11,2,5,27,25,0,1,16,24,sil
10.383556604385376,5,-10,-3,-12,0,1,6,13,35,32,14,8,23,25,sil
10.383556604385376,0,-16,-6,-21,2,-4,13,8,35,43,29,10,34,19,sil
10.399637460708618,-4,-15,-15,-31,0,-3,15,-8,28,23,13,0,23,2,sil
10.399637460708618,-7,-7,-11,-26,-5,-5,2,-9,13,-6,-4,-7,3,-17,sil
10.415745496749878,-21,-16,-18,-24,-6,-14,-3,-6,1,-4,-2,-11,-1,-35,sil
10.415745496749878,-40,-28,-30,-44,-4,-12,-1,-3,-3,0,3,-18,-1,-45,sil
10.431341886520386,-35,-8,-24,-43,3,-1,0,-2,-2,-11,11,-10,1,-37,sil
10.431341886520386,-6,17,0,-9,7,-7,-9,0,-10,-11,17,3,8,-16,sil
10.446427822113035,15,22,20,14,2,-14,-20,2,-28,-6,17,15,6,0,sil
10.446427822113035,27,30,16,26,4,-1,-16,-2,-21,-11,23,24,0,9,sil
10.462307214736938,32,45,27,37,12,3,-11,0,-8,-19,20,23,-1,21,sil
10.462307214736938,25,38,31,44,10,-3,-18,-3,-23,-22,2,9,-11,14,sil
10.477376937866213,10,13,11,39,2,-1,-29,-11,-43,-27,-17,-7,-23,3,sil
10.477376937866213,-1,-3,6,29,1,10,-18,-5,-33,-20,-29,-16,-24,12,sil
10.492957830429075,-12,-14,0,20,2,12,14,2,-3,10,-25,-19,-5,16,sil
10.492957830429075,-16,-28,-12,-1,-5,4,30,10,17,24,-22,-23,0,1,sil
10.5085768699646,-22,-43,-24,-24,-15,2,25,6,27,5,-35,-31,-12,-11,sil
10.5085768699646,-26,-44,-25,-40,-22,0,20,-4,22,-6,-32,-27,-16,-18,sil
10.52423095703125,-13,-27,-12,-40,-19,-5,8,3,3,-2,-2,-6,1,-20,sil
10.52423095703125,0,-4,-5,-16,0,-1,-3,5,5,3,27,7,15,-21,sil
10.539406776428224,-4,8,0,-6,13,1,-13,-2,5,-4,26,12,0,-26,sil
10.539406776428224,-11,17,-3,-7,12,0,-15,-5,-17,-22,14,10,-18,-33,sil
10.55544662475586,-2,30,0,24,21,1,2,-6,-21,-16,12,6,-15,-21,sil
10.55544662475586,10,33,20,52,27,9,19,0,-4,5,9,6,-6,9,sil
10.570683479309082,13,20,19,39,6,5,12,0,-6,11,1,1,-4,23,sil
10.570683479309082,16,14,17,29,-6,7,9,2,-13,6,-3,2,-1,27,sil
10.586262702941896,20,7,21,27,-3,23,23,9,10,27,-7,10,5,41,sil
10.586262702941896,12,-13,1,0,-15,15,12,4,39,46,-7,6,19,39,sil
10.601993799209597,11,-20,0,-24,-26,-6,-15,7,44,36,2,8,34,28,sil
10.617694616317747,12,-18,5,-23,-8,-8,-17,2,41,33,11,19,40,25,sil
10.617694616317747,0,-29,-7,-28,0,-4,-10,-3,26,23,0,10,25,20,sil
10.617694616317747,-7,-19,-15,-36,-14,-15,-11,3,6,-9,-12,-1,4,0,sil
10.63322639465332,-4,0,-10,-29,-12,-17,-7,4,0,-26,-5,0,-1,-15,sil
10.65043830871582,-11,-1,-8,-31,-2,-9,-5,-1,5,-22,-2,-2,-4,-22,sil
10.65043830871582,-23,-6,-22,-30,1,-11,-5,-7,7,-20,-5,-12,-11,-32,sil
10.65043830871582,-14,1,-21,-16,5,-12,1,-5,-3,-22,-3,-15,-16,-35,sil
10.664159536361694,4,16,0,-3,11,0,11,1,-14,-16,7,-3,-8,-24,sil
10.680691242218018,12,25,8,3,12,3,12,-1,-19,-14,20,7,3,-10,sil
10.680691242218018,14,25,15,15,11,-5,3,-1,-42,-31,10,9,0,3,sil
10.680691242218018,18,20,17,38,9,-5,-3,-6,-61,-37,6,12,-8,7,sil
10.694781303405762,21,18,17,43,1,-1,-11,-10,-53,-25,15,17,-8,4,sil
10.71077823638916,11,17,16,27,2,1,-17,-2,-35,-11,15,11,-3,10,sil
10.71077823638916,-1,14,2,30,18,11,-10,0,-11,5,10,2,2,15,sil
10.726456880569458,0,4,3,38,21,17,-2,1,4,21,5,0,8,15,sil
10.726861715316772,0,-6,8,30,2,9,-6,-1,-2,17,-11,-9,-1,9,sil
10.74158525466919,-11,-14,-4,16,-9,2,-11,-2,-9,12,-22,-21,-15,0,sil
10.74158525466919,-24,-23,-11,1,-7,10,-1,0,15,36,-13,-21,-9,-2,sil
10.757457733154297,-33,-40,-20,-13,-5,18,16,-4,39,51,-13,-27,-8,-14,sil
10.757457733154297,-40,-44,-21,-24,-6,19,24,3,28,25,-31,-36,-23,-25,sil
10.77289581298828,-40,-31,-26,-30,-6,13,28,13,23,10,-29,-31,-12,-22,sil
10.77289581298828,-28,-24,-25,-33,-15,-2,27,9,39,16,-17,-24,10,-12,sil
10.788304328918455,-2,-17,-1,-36,-24,-16,14,5,39,2,-19,-11,5,-4,sil
10.788304328918455,17,-3,6,-36,-19,-22,-1,-3,20,-16,-11,8,0,1,sil
10.803510427474976,30,8,6,-27,-9,-20,-7,1,12,-15,8,29,12,16,sil
10.803510427474976,34,15,11,-11,3,-9,0,12,15,-6,22,35,24,20,sil
10.818646669387816,21,10,4,-14,8,-10,-1,3,5,-9,24,28,20,6,sil
10.818646669387816,14,11,4,-16,3,-21,-26,-1,-4,-13,24,27,9,4,sil
10.834748029708862,31,36,13,13,8,-14,-28,-5,0,0,40,32,12,17,sil
10.834748029708862,38,50,20,30,15,-2,-13,-8,-10,0,46,32,17,21,sil
10.850318908691406,23,35,19,22,8,-1,-14,-2,-28,-17,34,25,6,11,sil
10.850318908691406,19,28,18,33,8,1,-22,-2,-28,-18,20,14,-4,1,sil
10.865769624710085,13,33,20,43,13,17,-17,-1,-24,-13,-2,-1,-8,0,sil
10.865769624710085,-17,11,0,29,11,25,6,-3,-21,-8,-28,-24,-16,-6,sil
10.881683826446531,-44,-22,-19,10,3,26,25,-3,-15,-2,-38,-41,-26,-22,sil
10.881683826446531,-42,-31,-21,1,-2,27,31,-3,-14,0,-34,-43,-26,-29,sil
10.897760391235352,-30,-27,-21,-4,-6,22,32,-2,-8,3,-30,-31,-17,-17,sil
10.897760391235352,-24,-31,-9,-19,-6,10,28,3,0,10,-28,-18,-7,0,sil
10.913345336914062,-16,-36,-11,-29,-10,-4,13,0,0,12,-24,-11,0,-2,sil
10.913345336914062,-2,-26,-7,-26,-16,-17,-8,0,-2,5,-12,-5,5,-5,sil
10.929300546646118,7,-8,6,-16,-10,-21,-18,7,11,2,6,10,11,0,sil
10.929300546646118,5,-2,0,-6,0,-25,-14,4,30,5,18,19,16,4,sil
10.944803953170776,9,3,-2,-7,-2,-33,-20,0,19,-3,18,19,15,3,sil
10.944803953170776,20,21,7,0,0,-30,-30,-11,-5,-11,30,20,13,1,sil
10.960464239120483,26,34,17,16,14,-16,-22,-11,-18,-9,42,24,6,5,sil
10.960464239120483,19,34,24,38,21,5,-4,2,-16,-5,23,20,-4,13,sil
10.975718021392822,-1,17,7,40,12,27,6,0,-9,-1,-8,-2,-16,6,sil
10.975718021392822,-20,-8,-10,9,0,31,10,8,-4,1,-26,-28,-26,-6,sil
10.991296768188477,-19,-17,-16,-4,-7,23,21,14,6,15,-20,-28,-17,-1,sil
10.991296768188477,-2,-5,0,15,-9,20,27,7,14,28,-11,-8,0,13,sil
11.006859064102173,7,-6,13,12,-6,20,24,5,14,29,-6,2,8,22,sil
11.006859064102173,2,-24,-5,-24,-4,9,23,-1,18,23,-3,-1,12,17,sil
11.022533178329468,-3,-26,-18,-44,-7,-5,17,-2,22,12,-6,-2,15,11,sil
11.022533178329468,-5,-17,-15,-34,-9,-12,5,-1,20,0,-2,-1,15,0,sil
11.037678956985474,-4,-17,-17,-32,-4,-15,-8,-3,11,-11,2,-5,8,-17,sil
11.037678956985474,1,-4,-5,-30,1,-20,-20,-2,3,-23,2,-2,1,-23,sil
11.053541898727415,13,18,2,-7,6,-22,-25,-4,7,-24,13,16,8,-17,sil
11.053541898727415,21,25,9,6,9,-23,-30,0,1,-19,27,35,14,-8,sil
11.068708658218384,9,21,12,7,9,-24,-28,-1,-19,-18,24,27,2,-8,sil
11.068708658218384,-2,23,4,12,8,-8,-20,-8,-28,-12,11,6,-9,-7,sil
11.084224939346312,6,27,7,26,9,10,-7,1,-9,1,11,11,-1,0,sil
11.084224939346312,10,23,15,36,9,9,6,4,12,11,18,11,6,8,sil
11.099411010742188,-7,7,9,22,-1,0,0,-2,0,-1,0,-12,-8,0,sil
11.099411010742188,-19,-6,-8,6,-8,6,-9,0,-22,-14,-25,-26,-28,-18,sil
11.115443706512451,-13,-5,-10,9,-2,15,11,1,-21,-11,-19,-17,-19,-11,sil
11.115443706512451,-9,0,6,9,0,20,26,1,-19,-4,-11,-15,-7,9,sil
11.131171703338625,-11,-8,0,2,-1,19,17,-5,-25,4,-28,-28,-15,0,sil
11.131171703338625,-4,-18,0,0,-4,14,13,-2,-19,8,-41,-28,-19,-8,sil
11.148732423782349,3,-10,8,1,0,19,26,0,1,9,-20,-10,-7,16,sil
11.148732423782349,0,-7,0,-1,6,21,26,-3,4,10,-7,-2,-4,23,sil
11.162241220474243,-11,-21,-6,-15,0,12,12,4,1,12,-20,-12,-8,3,sil
11.177683115005491,-18,-33,-14,-32,-15,-2,0,6,17,17,-19,-16,-1,-1,sil
11.177683115005491,-12,-26,-12,-34,-12,-15,-13,4,27,14,-4,-8,3,3,sil
11.177683115005491,5,-4,3,-14,-2,-16,-16,1,19,8,7,10,13,4,sil
11.193700313568115,20,8,6,5,-5,-18,-10,-5,17,1,17,27,30,7,sil
11.193700313568115,19,4,5,0,-9,-24,-15,3,14,-10,27,32,32,12,sil
11.209566831588743,12,-1,-1,-9,-5,-22,-16,0,15,-5,43,29,31,6,sil
11.209566831588743,9,6,2,-4,0,-17,-10,-4,18,9,52,30,36,5,sil
11.225430727005005,13,27,13,9,6,-11,-9,2,3,3,43,31,24,6,sil
11.225430727005005,19,30,2,12,12,-6,-12,-2,-16,-14,29,27,0,-5,sil
11.240836143493652,13,19,-3,5,8,-8,-16,-9,-26,-29,18,20,-11,-16,sil
11.240836143493652,-2,19,1,16,10,-4,-6,-6,-26,-22,6,0,-14,-17,sil
11.256765365600586,-7,23,5,32,20,12,12,1,-20,-9,-14,-17,-21,-9,sil
11.256765365600586,-9,6,0,21,13,26,23,9,-2,1,-39,-24,-29,-4,sil
11.272345542907717,-20,-18,-18,4,0,23,25,6,15,20,-42,-41,-26,-12,sil
11.272345542907717,-18,-24,-16,-4,-2,14,19,7,19,28,-29,-37,-12,-5,sil
11.287567615509031,-1,-18,-4,-11,-7,5,13,6,26,18,-14,-4,8,17,sil
11.287567615509031,11,-14,3,-18,-16,-5,2,2,29,10,-2,12,18,20,sil
11.303001165390016,18,-5,7,-19,-14,-13,-10,1,13,2,7,13,16,5,sil
11.303001165390016,18,8,7,-7,-2,-11,-22,-8,-11,-19,12,16,9,-8,sil
11.317697763442991,10,18,16,8,9,-4,-26,-7,-33,-33,13,13,-4,-17,sil
11.317697763442991,-3,23,14,16,18,0,-15,-3,-40,-19,20,3,-12,-14,sil
11.333319664001465,-13,13,-6,13,17,4,-7,-9,-38,-5,17,-5,-15,-5,sil
11.348470449447632,-20,-2,-5,16,6,15,-2,-5,-29,-6,-10,-16,-26,-6,sil
11.348470449447632,-30,-14,-4,21,-1,29,18,-5,-10,1,-33,-28,-29,-13,sil
11.36722707748413,-26,-23,-10,0,-14,22,30,0,-4,11,-33,-33,-19,0,sil
11.36722707748413,-11,-30,-14,-27,-23,4,25,3,-2,5,-30,-27,-11,12,sil
11.36722707748413,-2,-21,-4,-20,-15,3,25,6,10,6,-24,-10,0,16,sil
11.38030457496643,0,0,12,-2,-1,9,17,12,21,17,-12,5,10,22,sil
11.397441148757936,0,0,2,-10,0,-2,-4,3,23,21,-4,0,15,15,sil
11.397441148757936,-1,-11,-7,-27,-8,-14,-11,1,26,7,-11,-8,17,3,sil
11.397441148757936,-1,-13,-8,-24,-11,-15,0,2,33,2,-9,-3,19,0,sil
11.41254448890686,4,-10,-18,-19,-9,-25,-2,3,35,7,4,3,19,0,sil
11.429534673690796,15,1,-5,-12,-2,-25,-10,9,27,3,16,12,22,2,sil
11.429534673690796,19,14,6,1,6,-12,-6,-3,13,-4,25,21,21,1,sil
11.429534673690796,15,9,7,0,9,-10,-11,-13,-5,-12,25,20,10,-4,sil
11.444404363632202,14,5,7,-1,7,-13,-20,0,-10,-7,25,20,7,-3,sil
11.444404363632202,18,20,4,16,12,-6,-16,5,-3,1,31,29,9,0,sil
11.460625886917114,16,30,10,15,10,3,-10,3,-8,-3,25,32,2,-1,sil
11.460625886917114,15,21,15,8,3,5,-7,-1,-9,-13,16,24,0,0,sil
11.475298881530762,14,15,14,11,10,0,-9,-3,-5,-11,17,14,1,-1,sil
11.475298881530762,-3,12,7,13,12,1,-4,-2,-18,-6,17,5,-4,-10,sil
11.490605115890505,-17,-1,-1,17,1,13,4,-3,-30,0,0,-9,-17,-15,sil
11.50571060180664,-9,-3,3,21,0,11,4,0,-24,0,-8,-16,-19,-6,sil
11.50571060180664,-5,7,4,21,6,-2,-6,-8,-19,-6,10,-4,-9,-8,sil
11.521247386932371,-7,9,6,16,0,-6,-16,-10,-28,-13,15,2,-7,-10,sil
11.521247386932371,-3,3,6,18,-4,6,-8,0,-27,-15,-5,-2,-18,0,sil
12.3456609249115,-7,-7,0,11,2,6,30,4,15,9,-25,-23,-12,0,sil
12.3456609249115,3,-14,0,2,-5,8,33,1,20,20,-20,-16,-3,15,sil
12.361618995666504,10,-14,11,-3,-3,9,23,8,17,18,-10,-3,10,25,sil
12.361618995666504,-3,-14,1,-5,-2,4,4,7,13,16,-15,-11,2,11,sil
12.377684354782104,-9,-11,-9,-4,-10,5,0,-1,8,19,-21,-19,-12,0,sil
12.377684354782104,7,3,2,-7,-9,1,-6,-4,8,14,-4,4,3,7,sil
12.393785238265991,15,9,8,-18,-1,-13,-29,-11,10,0,11,22,25,6,sil
12.393785238265991,16,10,12,-24,-5,-16,-34,-6,4,-17,18,25,22,0,sil
12.409316778182983,19,19,7,-16,-7,-7,-19,-6,-6,-20,29,32,13,1,sil
12.409316778182983,15,21,2,-10,0,-10,-14,-6,-19,-18,25,28,6,-2,sil
12.425353050231934,10,21,6,4,9,-10,-9,4,-21,-13,9,10,-6,-11,sil
12.425353050231934,8,20,8,23,15,0,1,9,-4,0,12,0,-6,-3,sil
12.441375494003296,0,8,6,25,19,8,7,11,5,14,13,0,-3,10,sil
12.441375494003296,-14,-4,-2,28,19,21,29,6,8,25,0,-13,-10,10,sil
12.456568717956545,-16,-13,-7,26,6,29,46,5,6,17,-15,-26,-14,7,sil
12.456568717956545,-10,-24,-2,2,-13,18,34,3,2,2,-19,-21,-8,13,sil
12.472527265548706,-1,-35,-10,-18,-20,-1,20,-7,14,12,-14,-7,7,15,sil
12.472527265548706,6,-35,-6,-24,-17,-12,5,-1,30,14,-7,4,24,10,sil
12.487640619277954,0,-24,-6,-30,-16,-18,-19,0,22,-10,0,7,21,-7,sil
12.487640619277954,-12,-12,-23,-35,-13,-24,-43,-13,-5,-30,-2,0,-2,-26,sil
12.503736972808838,-8,3,-13,-18,0,-21,-40,-9,-14,-23,0,1,-12,-16,sil
12.503736972808838,8,21,8,9,6,-17,-23,0,-3,-7,20,15,9,0,sil
12.519623756408691,11,24,16,1,-2,-24,-27,-1,-16,-7,24,21,16,-1,sil
12.519623756408691,5,17,7,-7,-4,-23,-35,-11,-36,-16,0,9,-5,-11,sil
12.5346941947937,10,20,6,13,12,-6,-21,-9,-29,-16,-2,1,-19,-10,sil
12.5346941947937,14,24,19,24,16,5,-2,3,-16,-12,12,12,-10,-4,sil
12.550260066986084,-2,6,3,16,5,8,7,0,-11,-9,7,5,-10,-15,sil
12.550260066986084,-25,-7,-10,13,2,18,15,2,-14,-8,-16,-24,-25,-26,sil
12.565409660339355,-27,-2,-7,19,7,31,23,10,-11,-2,-19,-32,-29,-21,sil
12.565409660339355,-8,5,6,25,11,37,29,6,2,15,2,-5,-8,1,sil
12.58109736442566,6,7,18,25,11,37,27,12,13,34,12,12,15,29,sil
12.58109736442566,1,1,5,14,3,24,21,4,11,36,-2,0,21,34,sil
12.59622859954834,-1,-7,0,6,0,13,16,0,8,21,-21,-13,8,24,sil
12.59622859954834,-1,-16,-5,-1,-2,16,19,7,18,18,-26,-17,-3,15,sil
12.61139440536499,-10,-26,-25,-26,-10,2,18,4,26,18,-29,-27,-3,6,sil
12.61139440536499,-2,-17,-18,-37,-10,-16,4,-1,24,5,-15,-11,9,4,sil
12.62645387649536,24,0,1,-20,-1,-18,0,0,30,1,27,25,33,9,sil
12.64158010482788,26,-4,6,-19,-10,-26,-5,2,31,0,39,31,32,7,sil
12.64158010482788,11,-7,6,-25,-16,-32,-8,0,26,-5,18,14,17,4,sil
12.65833592414856,15,7,3,-8,0,-18,-4,-2,18,-2,17,19,17,5,sil
12.65833592414856,12,16,1,0,9,-9,-11,0,-8,-10,19,21,7,-2,sil
12.65833592414856,-6,17,-1,0,8,-12,-21,-5,-30,-25,10,4,-9,-19,sil
12.672833681106567,-5,19,4,12,8,-4,-16,-8,-31,-23,3,-4,-15,-19,sil
12.688761234283447,-1,14,7,18,0,5,-5,-6,-39,-24,-12,-6,-28,-12,sil
12.688761234283447,-16,0,-7,18,-8,3,-3,-13,-49,-27,-39,-20,-47,-18,sil
12.688761234283447,-26,-19,-10,7,-10,3,-2,-4,-40,-18,-52,-32,-41,-17,sil
12.704474687576294,-22,-30,-13,-7,-3,8,7,1,-6,3,-35,-22,-12,-4,sil
12.719700813293455,-3,-17,-4,-8,0,7,10,4,28,24,0,6,16,8,sil
12.719700813293455,11,-3,7,-7,-5,-1,-4,8,36,22,17,24,26,9,sil
12.73566222190857,0,-15,-10,-25,-14,-17,-22,-2,17,0,1,5,16,0,sil
12.73566222190857,-4,-10,-8,-32,-12,-16,-23,-2,-1,-8,3,1,12,0,sil
12.750452280044556,13,24,13,-1,4,0,-13,0,-1,5,40,23,17,4,sil
12.750452280044556,16,37,15,21,14,0,-12,0,-8,-2,46,23,0,-3,sil
12.765874862670898,0,28,5,22,15,2,-15,1,-29,-23,15,0,-31,-11,sil
12.765874862670898,-2,29,5,29,20,20,-1,0,-32,-10,2,-14,-33,-11,sil
12.781761646270752,0,23,15,34,20,27,12,1,-16,11,0,-18,-18,-1,sil
12.781761646270752,-10,-1,3,25,10,19,19,0,-2,20,-11,-27,-8,3,sil
12.797713041305542,-12,-19,-7,10,3,16,23,4,5,23,-11,-30,2,6,sil
12.797713041305542,0,-19,7,6,6,16,33,13,26,31,-8,-17,22,19,sil
12.813251495361328,0,-22,3,7,3,12,37,5,45,37,-14,-16,28,22,sil
12.813251495361328,-4,-31,-7,-21,-19,0,20,2,35,18,-20,-18,14,10,sil
12.82959485054016,4,-27,-6,-45,-29,-13,1,1,28,-4,-13,19,7,3,sil
12.82959485054016,19,-12,-2,-20,-11,-17,-5,-4,34,-11,-5,59,13,10,sil
12.845324516296388,20,-3,0,-3,-6,-15,-9,3,19,-19,-1,43,11,10,sil
12.845324516296388,7,-4,-11,-22,-14,-20,-10,2,-2,-24,5,11,7,0,sil
12.860853672027588,3,1,-6,-32,-7,-26,-13,-3,-9,-16,17,14,11,-1,sil
12.860853672027588,9,21,8,-11,1,-20,-12,-7,-8,-9,30,26,13,0,sil
12.876601219177246,10,32,6,9,7,-5,-5,-8,-9,-10,29,14,9,-3,sil
12.876601219177246,11,27,7,22,22,9,1,0,-13,-3,11,1,1,-1,sil
12.89199161529541,16,25,9,31,25,12,6,0,-14,5,6,-3,-1,0,sil
12.89199161529541,4,24,5,27,8,2,-2,-6,-30,-9,1,-4,-18,-11,sil
12.907695531845093,-25,-1,-9,11,1,2,-14,-8,-50,-29,-23,-23,-42,-28,sil
12.907695531845093,-48,-30,-25,-3,-4,11,-5,-11,-45,-20,-51,-52,-51,-33,sil
12.923318147659302,-38,-24,-12,-3,-15,14,5,-1,-25,-3,-48,-46,-40,-16,sil
12.923318147659302,-13,-10,0,11,-6,16,13,7,-1,18,-16,-17,-14,3,sil
12.938509941101074,-8,-22,-2,9,-3,20,18,11,25,40,-5,-8,0,8,sil
12.938509941101074,-14,-29,-13,-13,-19,14,14,7,45,40,-11,-13,4,8,sil
12.954085111618042,-3,-16,-12,-28,-13,-6,-2,1,44,31,5,1,21,14,sil
12.954085111618042,14,0,7,-29,3,-24,-23,3,24,11,30,27,43,15,sil
12.969524383544922,15,10,5,-17,0,-32,-31,-5,0,-22,29,28,28,0,sil
12.969524383544922,11,12,1,-11,-5,-32,-32,-9,-18,-46,10,9,-1,-16,sil
12.98564386367798,9,13,8,-18,-6,-24,-32,-3,-22,-32,13,8,-1,-19,sil
12.98564386367798,9,18,6,-4,-1,-8,-25,-4,-8,-6,37,18,17,-7,sil
13.00161099433899,22,33,22,30,17,9,-4,7,1,4,38,19,18,18,sil
13.00161099433899,32,42,28,53,34,17,18,15,4,11,15,15,7,26,sil
13.017240047454834,17,18,8,34,23,9,22,3,-1,3,0,1,-4,10,sil
13.017240047454834,-14,-16,-13,0,0,11,20,0,-4,-3,-18,-22,-20,-3,sil
13.032704830169678,-37,-28,-26,-14,-6,22,23,4,-3,6,-35,-35,-26,-9,sil
13.032704830169678,-28,-20,-9,-6,-4,25,24,1,-2,10,-37,-20,-18,-5,sil
13.04865574836731,-4,-14,4,7,0,21,32,-6,3,8,-23,-5,-6,6,sil
13.04865574836731,8,-9,2,7,4,15,30,-2,12,13,-16,-2,-2,16,sil
13.064318656921388,2,-3,0,-1,0,10,9,3,17,10,-14,-1,0,11,sil
13.064318656921388,-2,-8,-4,-6,-4,5,1,-5,20,5,-10,-4,4,1,sil
13.079436779022217,5,-17,0,-10,-3,-6,0,2,18,7,-3,-1,7,3,sil
13.079436779022217,13,-7,0,-12,-1,-17,0,10,23,13,16,16,18,9,sil
13.094580888748167,12,4,-3,-12,-4,-20,-1,-2,18,4,23,23,22,3,sil
13.094580888748167,3,-2,-1,-20,-11,-25,-19,-7,-16,-20,8,13,5,-12,sil
13.11028218269348,-9,-11,-9,-26,-19,-37,-39,-6,-39,-33,3,10,-6,-26,sil
13.11028218269348,-10,2,-5,-25,-27,-38,-38,-4,-32,-31,12,14,-4,-23,sil
13.126418828964232,1,17,6,-5,-18,-23,-27,-4,-27,-27,18,10,-6,-15,sil
13.126418828964232,6,22,15,31,4,0,-18,-3,-24,-18,20,6,-9,-9,sil
13.142442226409912,6,32,27,54,18,20,-2,7,-6,0,21,8,0,1,sil
13.142442226409912,6,28,16,43,18,24,9,3,2,11,25,5,7,7,sil
13.158563137054443,9,14,9,30,19,23,7,3,-4,8,19,0,7,15,sil
13.158563137054443,9,14,14,44,27,37,15,1,0,16,2,0,4,16,sil
13.173951387405396,-6,1,3,39,21,31,17,-10,2,20,-18,-16,-3,0,sil
13.173951387405396,-28,-25,-12,1,0,4,1,-5,-7,12,-40,-31,-17,-7,sil
13.189634323120115,-18,-31,-20,-17,-5,7,12,5,12,22,-36,-23,-6,10,sil
13.189634323120115,0,-22,-15,-24,-8,18,32,13,37,26,-22,-8,3,21,sil
13.205738306045532,-15,-32,-22,-45,-24,-4,15,4,21,1,-34,-21,-10,0,sil
13.205738306045532,-21,-39,-29,-57,-29,-27,-2,-10,13,-3,-46,-30,-17,-14,sil
13.221368312835692,5,-25,-10,-48,-15,-24,1,0,25,6,-21,-3,5,2,sil
13.221368312835692,11,-14,-8,-46,-10,-30,-13,2,13,-8,2,5,15,0,sil
13.236573696136476,-1,-7,-16,-55,-20,-36,-42,-3,-10,-34,-5,-4,-1,-22,sil
13.236573696136476,2,8,-8,-45,-11,-20,-27,0,-10,-33,0,8,0,-14,sil
13.252116203308104,8,24,0,-10,16,-4,-1,2,-3,-17,26,19,13,3,sil
13.252116203308104,9,30,9,18,34,5,1,2,-9,-5,34,9,10,7,sil
13.26793622970581,10,35,6,32,32,12,5,0,-9,4,29,4,0,0,sil
13.26793622970581,11,44,15,43,27,11,12,0,-8,7,41,11,5,1,sil
13.283576965332031,18,46,35,56,28,16,13,4,-7,12,53,29,13,12,sil
13.283576965332031,10,24,22,49,13,15,6,-5,-10,7,29,21,0,2,sil
13.299261093139648,-9,0,5,24,-11,4,-14,-7,-14,-4,-3,-7,-21,-19,sil
13.299261093139648,-9,-1,8,28,-6,15,-10,-3,-2,7,3,-11,-12,-12,sil
13.314336776733398,-3,-4,15,37,2,26,15,0,-1,15,6,0,-1,3,sil
13.314336776733398,-15,-18,5,16,-15,14,18,1,-22,-3,-23,-11,-17,-3,sil
13.329646348953249,-18,-28,-6,-2,-19,9,15,3,-12,0,-25,-12,-9,-3,sil
13.329646348953249,-4,-25,0,-4,-3,9,18,11,15,20,-12,2,7,12,sil
13.344675064086914,-3,-20,-4,-5,-9,-7,4,0,20,14,-25,-4,-2,12,sil
13.344675064086914,-2,-18,-10,-6,-20,-16,-14,-9,7,1,-31,-6,-3,10,sil
13.360242366790771,10,-18,1,-7,-14,-3,-10,3,2,-2,-14,8,10,14,sil
13.37578296661377,13,-16,0,-17,-6,-2,4,1,2,-14,-16,3,3,2,sil
13.37578296661377,13,-7,0,-24,-5,-11,0,0,0,-27,-25,-4,-2,-2,sil
13.39144492149353,13,0,-1,-13,0,-7,-7,0,1,-18,-8,7,12,8,sil
13.39144492149353,6,-1,-5,-10,0,-7,-13,-5,12,1,9,15,18,9,sil
13.407515048980711,0,0,0,-21,1,-13,-13,1,25,12,16,13,15,1,sil
13.407515048980711,-1,3,-9,-18,4,-11,-4,2,28,9,21,9,16,-2,sil
13.407515048980711,-8,-4,-17,-23,0,-9,0,2,11,-1,15,1,1,-5,sil
13.423539161682127,-11,-3,-15,-33,-4,-12,0,1,1,-2,10,-6,-11,-12,sil
13.423539161682127,-4,11,-9,-14,-1,-12,-5,-4,-5,-1,13,-6,-4,-12,sil
13.439560174942017,-2,21,0,9,3,-8,-8,-8,-26,-19,3,-5,-8,-12,sil
13.439560174942017,-8,19,-1,13,8,-1,-10,-10,-32,-27,-1,-9,-23,-18,sil
13.455601215362549,-3,15,1,11,7,4,-15,-1,-18,-4,12,-7,-14,-12,sil
13.455601215362549,4,8,5,17,7,3,-11,5,-7,20,17,-1,1,-1,sil
13.47123908996582,0,8,4,20,16,6,4,6,-3,14,0,-10,-3,-2,sil
13.47123908996582,-7,12,7,15,18,18,17,11,-2,1,-9,-12,-12,-4,sil
13.487285852432253,-1,13,4,18,11,23,21,1,3,13,-3,-5,0,2,sil
13.487285852432253,9,16,13,31,9,19,12,-1,9,19,-1,0,11,11,sil
13.502307891845703,13,17,22,41,16,18,13,7,13,18,0,6,9,18,sil
13.502307891845703,12,-2,10,26,9,17,30,7,24,31,-4,8,6,22,sil
13.5183424949646,2,-29,-4,-19,-17,7,31,2,29,34,-18,0,6,22,sil
13.5183424949646,-12,-39,-23,-52,-35,-10,10,-11,7,8,-20,-14,2,10,sil
13.53438949584961,-9,-31,-17,-52,-27,-17,-9,-10,-22,-30,-13,-3,1,0,sil
13.53438949584961,9,-14,0,-39,-20,-13,-19,-1,-20,-51,1,23,13,-1,sil
13.55049467086792,16,2,4,-18,-10,-17,-26,-2,-7,-42,23,30,16,-6,sil
13.55049467086792,14,22,15,10,11,-14,-35,-1,-18,-30,30,20,1,-10,sil
13.565654754638672,5,30,9,26,21,-2,-34,-7,-23,-21,20,10,-11,-24,sil
13.565654754638672,-17,9,-12,18,4,-5,-22,-9,-13,-12,-7,-15,-26,-35,sil
13.58170223236084,-35,-7,-10,20,0,0,-2,2,-9,-3,-28,-34,-35,-28,sil
13.58170223236084,-26,-12,-1,26,8,21,21,4,-12,10,-14,-20,-15,-4,sil
13.597318887710571,-9,-24,-1,10,1,23,30,0,-10,22,-4,-6,3,23,sil
13.597318887710571,0,-26,-2,3,-6,9,20,-2,-1,25,-14,-7,4,31,sil
13.61336588859558,11,-9,7,8,-5,5,8,0,9,14,-9,0,5,21,sil
13.61336588859558,12,0,10,-4,-8,2,4,11,24,12,0,6,7,8,sil
13.629468202590942,0,-8,-10,-21,-8,-4,6,12,36,23,-7,-4,2,-3,sil
13.629468202590942,-1,-7,-12,-22,-5,-2,4,12,33,17,-12,-9,-9,-14,sil
13.645515441894531,2,5,-1,-7,-4,4,2,7,24,4,0,-1,-9,-10,sil
13.645515441894531,5,15,7,0,-3,-2,6,4,19,8,16,13,11,7,sil
13.66125226020813,6,12,11,-5,1,-13,8,2,16,11,24,24,28,15,sil
13.66125226020813,5,7,0,-10,2,-16,0,-9,6,-3,16,9,20,3,sil
13.676430463790894,7,8,0,-8,3,-16,-13,-6,-12,-20,0,0,4,0,goodbye
13.676430463790894,2,9,1,-1,9,-18,-11,-4,-21,-17,0,7,0,0,goodbye
13.691588401794434,-8,0,-2,-4,5,-11,-5,-9,-20,-13,1,0,-7,-6,goodbye
13.691588401794434,-6,-4,-2,-12,-3,0,-11,-4,-24,-23,-9,-8,-11,-2,goodbye
13.707530736923218,9,3,-2,-5,0,-1,-20,-11,-18,-23,2,5,-3,3,goodbye
13.707530736923218,24,19,12,10,11,-3,-26,-8,-2,-5,35,26,15,11,goodbye
13.722678661346436,24,22,21,26,12,8,-17,5,16,16,47,35,36,17,goodbye
13.722678661346436,7,4,7,21,5,10,-1,10,26,26,24,19,26,7,goodbye
13.738625288009644,-4,-8,-8,0,-1,3,10,7,18,19,-7,-6,-5,-9,goodbye
13.738625288009644,-9,-5,-20,-4,0,0,14,0,2,3,-23,-26,-19,-17,goodbye
13.753750085830688,-11,0,-9,4,2,-4,7,-3,-18,-18,-28,-31,-22,-17,goodbye
13.753750085830688,-13,-5,-5,-2,-3,-3,-3,-3,-29,-24,-21,-24,-25,-20,goodbye
13.769408226013184,-23,-16,-17,-14,-12,2,-5,-6,-26,-15,-14,-19,-20,-26,goodbye
13.78536581993103,-30,-16,-10,-9,-12,2,0,-6,-27,-20,-26,-22,-23,-28,goodbye
13.78536581993103,-18,-6,-2,2,0,7,15,-3,-25,-14,-27,-20,-23,-17,goodbye
13.78536581993103,2,1,3,10,8,18,21,13,-14,4,-3,-1,-5,5,goodbye
13.800747394561768,5,6,7,14,7,18,17,14,-8,3,9,11,5,17,goodbye
13.817290306091309,0,3,-1,8,0,8,14,-5,-12,-12,-2,3,-2,14,goodbye
13.817290306091309,8,9,4,6,0,8,5,0,-4,0,1,1,2,20,goodbye
13.817290306091309,19,23,17,26,12,13,-1,6,27,35,35,16,29,33,goodbye
13.83238410949707,19,18,18,32,10,5,-8,3,44,47,43,25,37,33,goodbye
13.83238410949707,12,-1,10,11,-3,-4,-16,0,32,31,14,16,21,24,goodbye
13.848660230636597,2,-10,1,-2,-2,-4,-19,-4,19,19,-9,1,4,7,goodbye
13.848660230636597,-4,-9,4,-6,5,-1,-13,0,11,13,-20,-3,-9,-5,goodbye
13.864321947097778,-3,-17,0,-5,1,5,6,0,12,17,-18,-1,-14,-13,goodbye
13.864321947097778,-5,-25,-7,-15,-6,14,26,0,17,11,-12,-4,-8,-11,goodbye
13.878690719604492,-26,-24,-11,-39,-17,0,25,2,8,-13,-26,-21,-17,-21,goodbye
13.894327640533447,-37,-23,-21,-45,-22,-25,14,0,-1,-28,-40,-33,-31,-34,goodbye
13.894327640533447,-20,-21,-15,-32,-16,-20,12,2,5,-18,-29,-19,-20,-21,goodbye
13.894327640533447,0,-10,-8,-20,-8,-2,13,0,21,-3,0,-2,7,0,goodbye
13.909467458724976,18,9,4,-3,-2,-6,5,-1,18,0,19,5,26,14,goodbye
13.92456030845642,34,21,18,7,0,-13,-5,3,3,0,23,23,33,29,goodbye
13.92456030845642,31,13,8,-2,-4,-17,-9,0,-3,-3,35,36,41,32,goodbye
13.940594673156738,33,8,12,-4,-6,-22,-16,0,-14,-18,51,40,35,22,goodbye
13.940594673156738,38,19,17,13,4,-22,-25,-8,-28,-32,43,35,15,3,goodbye
13.95669722557068,17,22,-1,7,9,-20,-32,-20,-45,-39,9,14,-9,-13,goodbye
13.95669722557068,-10,16,-8,-2,5,-15,-42,-12,-51,-33,1,-4,-20,-20,goodbye
13.97180461883545,-10,15,-1,23,8,-4,-45,-8,-34,-6,13,-2,-11,-13,goodbye
13.97180461883545,0,13,3,35,10,4,-30,0,-11,9,1,-1,-1,-1,goodbye
13.987843990325928,-10,5,-3,20,12,15,-1,8,1,2,-18,-16,-9,-6,goodbye
13.987843990325928,-23,-3,-9,11,13,19,12,8,4,4,-27,-27,-23,-19,goodbye
14.003526210784912,-29,-10,-5,2,5,18,14,9,7,24,-23,-29,-22,-16,goodbye
14.003526210784912,-41,-16,-18,-7,3,20,20,4,5,25,-15,-37,-16,-20,goodbye
14.019488334655762,-40,-10,-19,-9,8,26,22,1,-1,1,-17,-32,-17,-30,goodbye
14.019488334655762,-20,-4,-6,-3,5,27,24,-2,2,0,-14,-10,-14,-25,goodbye
14.04175877571106,-2,-9,0,0,-1,13,21,0,7,13,-1,2,-9,-7,goodbye
14.04175877571106,14,-2,10,3,-3,-2,9,7,0,5,1,14,-4,16,goodbye
14.04175877571106,34,12,16,14,-5,-2,8,-2,-3,-8,-3,17,4,33,goodbye
14.051263332366943,35,12,18,15,-4,5,10,-3,-2,-7,-5,14,4,33,goodbye
14.066468715667725,24,7,15,10,3,6,9,9,11,10,10,20,13,36,goodbye
14.066468715667725,21,8,6,4,2,6,14,10,35,33,30,29,40,47,goodbye
14.081842422485352,20,0,12,-2,-7,6,13,8,40,37,27,25,47,36,goodbye
14.081842422485352,3,-3,2,0,-4,1,7,0,30,29,19,13,29,12,goodbye
14.097282648086548,-7,-3,-7,0,-3,-3,2,-3,14,12,5,-2,6,0,goodbye
14.097282648086548,-8,-15,-8,-17,-11,-5,0,-1,0,-11,-22,-21,-16,-11,goodbye
14.112369060516356,-15,-31,-17,-28,-10,-12,-6,-5,-10,-30,-39,-30,-31,-22,goodbye
14.112369060516356,-34,-28,-20,-32,-1,-11,-4,-1,-13,-23,-38,-33,-29,-27,goodbye
14.1284499168396,-44,-18,-21,-24,0,-1,8,-3,-2,-5,-37,-37,-26,-35,goodbye
14.1284499168396,-27,-10,-8,-6,-3,-2,4,-8,0,-10,-30,-28,-22,-33,goodbye
14.144543886184692,2,4,11,6,0,-5,-9,-4,-1,-14,1,-1,-6,-13,goodbye
14.144543886184692,19,14,16,4,2,0,-8,0,2,1,27,19,8,2,goodbye
14.159675359725952,24,11,18,3,-2,-2,-5,4,3,1,20,20,15,12,goodbye
14.159675359725952,28,9,10,11,-7,-15,-14,-4,-1,-2,15,16,18,13,goodbye
14.17535662651062,26,9,4,6,-9,-23,-34,-6,-15,-2,25,19,16,9,goodbye
14.17535662651062,17,11,5,0,-7,-14,-40,0,-35,-15,24,23,11,7,goodbye
14.190700769424438,16,15,5,9,5,0,-19,-7,-29,-15,26,23,20,12,goodbye
14.190700769424438,13,15,8,8,15,1,-6,-2,-7,0,32,23,22,13,goodbye
14.206434726715088,-5,3,-3,-7,8,-16,-17,1,-5,0,24,12,7,0,goodbye
14.206434726715088,-17,-3,-12,-18,0,-27,-25,-2,-8,-5,8,2,0,-7,goodbye
14.22150444984436,-12,-3,-6,-17,-1,-10,-8,2,9,3,1,3,1,-4,goodbye
14.22150444984436,-18,-6,-17,-11,4,10,21,6,20,13,-2,-12,-11,-15,goodbye
14.237502098083496,-28,2,-15,0,14,23,39,12,9,9,-15,-28,-30,-24,goodbye
14.237502098083496,-19,15,-6,24,20,30,43,7,4,2,-23,-24,-26,-19,goodbye
14.25267219543457,0,10,0,36,11,24,38,-5,-7,-11,-30,-21,-24,-15,goodbye
14.25267219543457,4,3,7,25,4,13,26,-4,-27,-17,-36,-21,-31,-7,goodbye
14.268306016921995,0,1,1,13,3,10,17,0,-12,-6,-34,-13,-21,3,goodbye
14.268306016921995,5,0,2,9,-5,13,10,6,8,1,-23,-6,0,11,goodbye
14.283366203308104,18,2,16,20,-7,12,0,0,3,8,-1,4,15,22,goodbye
14.283366203308104,25,0,16,21,-2,4,-14,0,6,19,19,29,27,36,goodbye
14.298579454421995,13,-16,6,-11,-9,-1,-18,10,26,23,18,33,32,30,goodbye
14.298579454421995,-16,-27,-14,-32,-16,-5,-17,1,27,19,4,2,15,0,goodbye
14.313983917236328,-17,-12,-13,-13,-6,0,-13,-3,12,10,5,-6,0,-3,goodbye
14.32969093322754,6,-1,0,0,0,3,-2,-2,14,7,17,12,9,10,goodbye
14.32969093322754,6,-13,-1,-19,-8,-9,-6,-6,14,5,11,8,15,1,goodbye
14.32969093322754,-11,-23,-7,-38,-15,-19,-16,-4,-5,-8,-7,-9,-1,-14,goodbye
14.34574842453003,-18,-14,-14,-29,-5,-12,0,-7,-16,-19,-18,-21,-16,-23,goodbye
14.34574842453003,-14,-6,-5,-15,0,-9,10,-3,-15,-13,-18,-20,-20,-21,goodbye
14.361684322357178,-6,1,3,1,1,-3,8,5,-9,-4,-3,-6,-9,-9,goodbye
14.361684322357178,-1,8,-3,7,7,4,10,4,-3,-3,10,1,5,-2,goodbye
14.37739324569702,0,13,1,-5,5,-1,5,3,-1,-4,2,-3,1,-2,goodbye
14.37739324569702,7,19,10,-1,2,-5,2,0,0,-3,0,-2,-6,0,goodbye
14.393433094024658,19,24,19,24,4,0,-2,-2,-5,-6,9,7,-2,7,goodbye
14.393433094024658,29,27,23,32,9,0,-12,-3,-7,2,27,11,8,16,goodbye
14.408522844314575,30,23,18,24,14,0,-15,-2,1,14,31,8,10,20,goodbye
14.408522844314575,17,17,17,18,6,3,-14,6,2,7,17,10,5,15,goodbye
14.42457151412964,4,13,6,18,2,-2,-8,1,1,3,15,14,9,2,sil
14.42457151412964,-3,2,-1,5,7,-6,0,0,4,0,13,10,10,-4,sil
14.439672231674194,-15,-12,-5,-8,4,7,9,8,1,-3,-1,3,1,-3,sil
14.439672231674194,-24,-18,-17,-8,0,19,24,4,0,7,-8,-2,-1,-1,sil
14.456756591796877,-21,-16,-19,-7,-3,10,28,-1,0,5,-15,-11,-8,-4,sil
14.456756591796877,-14,-18,-21,-9,-11,-4,13,-7,-6,-17,-28,-20,-20,-18,sil
14.471407413482666,-8,-17,-12,-9,-15,-12,0,-9,-21,-32,-31,-19,-25,-22,sil
14.471407413482666,-11,-11,-7,-10,-9,-4,-4,-8,-24,-22,-26,-10,-21,-18,sil
14.486521244049072,-9,-11,-17,-12,-9,0,-5,-9,-11,-7,-22,-7,-14,-14,sil
14.487525224685667,4,-10,-1,-12,-12,-5,-7,0,-3,-1,-17,-5,-6,0,sil
14.50262689590454,4,-4,5,-2,-5,0,-5,0,6,7,-12,-5,0,14,sil
14.50262689590454,0,2,-5,4,3,15,-7,1,21,23,-5,-2,12,18,sil
14.518255949020386,2,6,2,2,7,13,-11,14,27,29,4,4,24,16,sil
14.518255949020386,6,3,9,7,9,1,-14,7,26,25,19,16,31,15,sil
14.536317348480225,11,10,14,16,12,0,-14,1,22,20,29,32,35,21,sil
14.536317348480225,22,17,19,14,9,0,5,4,22,18,33,33,34,24,sil
14.550349950790403,20,2,15,0,0,-5,20,3,14,2,17,15,13,8,sil
14.566832304000854,-1,-7,-1,-12,-2,-8,9,0,-3,-18,-2,-1,-13,-16,sil
14.566832304000854,-20,-5,-21,-13,-5,-9,5,-7,-19,-25,-9,-17,-26,-31,sil
14.566832304000854,-16,-11,-14,-22,-16,-11,6,-3,-26,-24,-15,-29,-31,-26,sil
14.582237482070925,-8,-12,-4,-25,-13,-11,-1,0,-16,-16,-6,-17,-22,-20,sil
14.582237482070925,-2,2,0,-12,-2,-9,-2,1,-3,-1,14,2,-1,-8,sil
14.597669124603271,12,14,12,0,-2,-5,1,7,-7,0,20,12,5,15,sil
14.597669124603271,18,14,11,8,5,0,-3,0,-8,-7,13,7,0,16,sil
14.613032341003418,11,20,9,16,21,5,-16,-3,-3,-2,11,6,2,3,sil
14.613032341003418,10,26,9,22,20,5,-19,-4,-3,4,12,12,0,0,sil
14.628944635391235,8,20,7,28,13,2,-16,-8,-15,-2,9,8,-12,1,sil
14.628944635391235,0,13,12,34,17,12,-7,-5,-29,-8,1,-2,-10,0,sil
14.644504070281982,-11,4,3,39,15,24,10,-6,-17,-1,-11,-19,-2,-4,sil
14.644504070281982,-20,-12,-7,21,-1,19,20,4,4,10,-27,-28,-9,0,sil
14.65964961051941,-26,-28,-15,-8,-11,19,27,18,29,35,-27,-22,-2,12,sil
14.65964961051941,-24,-33,-26,-29,-8,22,34,11,43,44,-20,-14,16,9,sil
14.675471544265749,-19,-29,-23,-37,-14,2,21,2,24,6,-19,-10,11,-1,sil
14.675471544265749,-7,-17,-12,-35,-21,-23,-1,-7,-4,-28,-9,0,3,-5,sil
14.691388368606567,13,-1,5,-31,-18,-26,-17,-11,-22,-35,2,20,10,-3,sil
14.692388534545898,19,9,12,-19,-8,-18,-18,-12,-33,-35,6,22,0,-13,sil
14.707597494125366,5,9,2,4,0,-15,-18,-11,-34,-33,-1,-1,-30,-31,sil
14.707597494125366,0,5,8,22,6,0,-13,2,-12,-14,-14,-20,-35,-22,sil
14.72221851348877,2,3,10,33,14,21,9,4,15,22,-13,-11,-8,5,sil
14.72221851348877,19,3,10,35,16,26,25,5,31,49,5,12,21,33,sil
14.737833261489868,37,1,16,17,1,6,12,12,50,50,26,30,45,52,sil
14.737833261489868,21,-11,1,-11,-16,-15,-7,4,55,37,28,26,48,42,sil
14.754515886306764,0,-17,-6,-27,-13,-26,-17,0,31,21,21,21,35,18,sil
14.754515886306764,4,-2,-2,-20,0,-28,-16,2,18,11,28,20,28,3,sil
14.768714666366575,1,6,-2,-18,-1,-28,-19,7,8,-5,19,4,4,-13,sil
14.784719467163086,-13,8,-8,-16,-1,-19,-16,6,-10,-28,-2,-10,-26,-40,sil
14.784719467163086,-10,21,-4,0,7,-4,1,-3,-15,-33,5,0,-17,-40,sil
14.800699949264526,-3,24,7,3,8,4,6,0,-22,-33,13,10,-7,-16,sil
14.800699949264526,-12,7,-6,-5,-3,5,1,-1,-47,-44,-16,-11,-29,-13,sil
14.816361427307127,-14,-2,-15,-5,-8,8,5,-9,-57,-46,-34,-27,-44,-19,sil
14.816709756851196,-14,0,0,7,0,21,9,-7,-41,-27,-23,-16,-34,-11,sil
14.831503868103027,-22,-4,-6,17,7,25,9,-9,-19,-2,-18,-19,-21,-3,sil
14.831503868103027,-21,-10,-11,13,8,18,6,-1,-5,13,-25,-27,-14,0,sil
14.84679365158081,-18,-9,-5,8,8,18,5,1,1,28,-13,-15,-5,6,sil
14.84679365158081,-4,-2,4,19,7,17,-1,-1,1,35,3,-1,5,15,sil
14.862213373184204,21,9,20,34,4,10,-3,2,9,30,12,10,16,28,sil
14.862213373184204,25,8,17,25,2,4,1,0,20,26,9,10,16,26,sil
14.877665519714355,7,-8,5,-7,0,1,0,0,15,20,0,-5,13,11,sil
14.877665519714355,4,-15,-5,-18,0,-1,0,5,21,17,1,-6,16,9,sil
14.892837285995483,7,-11,-13,-14,-1,-5,9,6,33,13,0,7,21,10,sil
14.892837285995483,-1,-12,-8,-30,-6,-12,11,5,18,-6,-8,8,12,-3,sil
14.90848469734192,0,-13,-11,-40,-9,-16,2,-1,2,-23,-9,0,4,-14,sil
14.90848469734192,15,0,-2,-27,-11,-15,-4,2,3,-25,4,2,5,-2,sil
14.923555374145508,15,16,6,-10,-8,-14,-7,0,-3,-23,12,3,1,-5,sil
14.923555374145508,4,17,3,-10,-1,-17,-17,-13,-29,-30,7,1,-11,-23,sil
14.938383340835571,7,19,7,-5,0,-18,-28,-6,-40,-33,10,10,-15,-23,sil
14.938383340835571,2,22,9,17,5,-5,-14,0,-21,-13,16,7,-12,-14,sil
14.954484939575195,-12,11,8,32,16,15,11,1,-3,16,4,-1,-12,-2,sil
14.954484939575195,-12,-1,15,39,17,24,22,5,11,42,4,4,2,19,sil
14.97059154510498,6,0,21,47,12,16,17,4,40,55,23,14,29,38,sil
14.97059154510498,11,-1,20,31,4,12,12,9,50,48,15,11,33,39,sil
14.985831499099731,0,-19,-2,0,0,15,17,3,36,34,0,7,22,29,sil
14.985831499099731,-4,-23,-11,-11,-4,11,12,2,26,17,-1,4,14,13,sil
15.001283884048462,-6,-13,-8,-13,-13,0,1,2,19,-3,-8,-4,4,-11,sil
15.001283884048462,-11,-19,-19,-22,-20,-18,-5,-7,-7,-29,-18,-3,-8,-35,sil
15.016850471496582,-6,-16,-11,-24,-17,-31,-10,-5,-40,-51,-9,9,-16,-36,sil
15.016850471496582,0,5,-1,-12,-14,-30,-16,-8,-49,-62,-1,5,-25,-32,sil
15.03253698348999,-2,11,-1,-11,-19,-30,-25,-9,-43,-61,-7,-2,-28,-24,sil
15.03253698348999,10,14,9,-2,-10,-18,-16,-2,-24,-39,3,16,-7,-2,sil
15.047646045684814,24,28,12,18,3,-6,-3,0,-9,-6,21,21,6,7,sil
15.047646045684814,10,25,5,15,8,-2,-13,4,-18,1,9,3,-9,6,sil
15.06279444694519,-4,6,-8,4,14,8,-13,1,-22,-3,-4,-11,-18,7,sil
15.06279444694519,-1,4,-8,6,20,26,5,2,-11,2,-12,-24,-17,8,sil
15.078823328018188,-3,15,-2,15,25,30,9,5,-2,22,-28,-32,-23,4,sil
15.078823328018188,-9,11,-4,18,30,29,0,0,6,40,-22,-25,-10,4,sil
15.09436321258545,-12,-7,-9,1,14,29,1,0,12,42,-8,-24,8,3,sil
15.09436321258545,-24,-28,-26,-27,0,24,10,0,15,34,-28,-47,0,-8,sil
15.110440969467165,-36,-33,-31,-35,2,19,20,-1,23,27,-50,-54,-10,-12,sil
15.110440969467165,-28,-24,-17,-20,2,20,29,2,33,28,-27,-29,2,-2,sil
15.126470804214478,-13,-24,-16,-18,-8,14,34,1,37,32,2,-13,18,2,sil
15.126470804214478,-9,-27,-7,-33,-16,0,24,3,34,18,0,-12,11,7,sil
15.142503023147585,-6,-23,0,-32,-15,-12,12,1,30,4,3,0,10,9,sil
15.142503023147585,9,-15,3,-20,-18,-26,-3,-2,18,-7,14,22,17,7,sil
15.15763521194458,27,-2,19,-13,-25,-41,-19,3,-2,-26,19,35,14,6,sil
15.15763521194458,30,14,30,6,-15,-39,-20,-1,-11,-26,38,50,16,4,sil
15.17318844795227,35,29,37,29,0,-24,-21,-3,-16,-19,56,69,26,8,sil
15.17318844795227,41,35,36,31,0,-22,-26,0,-26,-30,51,65,25,12,sil
15.188659191131592,41,33,30,24,-3,-26,-25,0,-24,-35,47,49,17,11,sil
15.188659191131592,37,39,40,34,5,-7,-18,1,-12,-16,47,48,16,18,sil
15.204227924346924,25,38,26,44,14,7,-14,-4,-11,-3,32,43,15,14,sil
15.204227924346924,3,19,1,30,13,2,-11,-2,-21,-15,6,17,0,-6,sil
15.2194344997406,-14,3,-10,18,12,7,0,0,-12,-18,-14,-13,-20,-19,sil
15.235423803329468,-24,-3,-18,15,6,15,9,0,0,-1,-26,-35,-28,-17,sil
15.235423803329468,-26,-6,-16,10,-1,13,11,5,-3,7,-27,-31,-15,-15,sil
15.250565767288208,-24,-2,-17,14,3,21,22,2,-2,12,-25,-29,-9,-16,sil
15.250565767288208,-21,-9,-17,7,9,26,28,-2,-3,9,-37,-44,-26,-18,sil
15.250565767288208,-28,-28,-19,-16,3,19,18,-5,-12,-2,-51,-54,-40,-29,sil
15.26668381690979,-31,-28,-25,-23,4,15,13,-5,-4,-3,-46,-44,-36,-28,sil
15.26668381690979,-12,-9,-10,-11,11,17,13,6,12,13,-24,-20,-15,-1,sil
15.282234191894531,0,-11,-5,-15,1,2,4,2,19,25,-2,-6,7,17,sil
15.297282457351685,-2,-25,-9,-33,-16,-10,-11,0,11,13,-4,-9,7,17,sil
15.297282457351685,0,-16,-5,-27,-15,-5,-10,5,7,6,-5,-5,-2,15,sil
15.312303066253662,7,3,-5,-9,-4,0,-5,1,9,10,-1,0,-1,13,sil
15.312303066253662,-2,2,-4,-16,-11,-7,-15,-1,5,3,-7,-3,2,4,sil
15.327443599700928,-15,-7,-5,-25,-13,-17,-19,-4,2,-2,0,3,5,-1,sil
15.327443599700928,-4,0,3,-21,1,-18,-11,-1,2,3,17,14,10,2,sil
15.342868328094482,7,7,8,-10,6,-12,-7,0,-3,6,17,9,11,6,sil
15.342868328094482,12,0,3,2,-3,-8,-2,-6,-4,0,12,5,11,1,sil
15.358976125717165,13,0,13,4,-7,-6,8,2,5,-3,11,12,12,3,sil
15.358976125717165,5,2,4,-5,-4,-1,15,6,14,0,6,10,11,1,sil
15.37456750869751,2,1,-4,-1,-1,0,3,0,-1,-7,6,2,6,0,sil
15.37456750869751,18,15,16,21,7,6,-3,0,-10,-5,18,11,8,6,sil
15.390289545059204,26,26,21,29,18,8,7,0,4,8,28,27,21,9,sil
15.390289545059204,16,15,10,15,10,3,15,2,8,5,24,32,20,9,sil
15.405725240707396,8,9,4,12,0,0,7,1,1,-6,10,15,3,5,sil
15.405725240707396,9,10,7,17,0,-3,-7,1,1,-4,0,2,-4,0,sil
15.421595335006714,6,3,6,15,0,-2,-13,1,-3,2,2,5,0,-4,sil
15.421595335006714,-4,-2,-6,17,7,13,2,-5,-9,-1,3,-5,-4,-5,sil
15.437218189239502,-14,-5,-7,14,6,23,7,0,-10,-10,-14,-24,-19,-4,sil
15.437218189239502,-19,-13,-13,0,-7,4,-7,-1,-10,-10,-26,-24,-22,-12,sil
15.452296495437622,-24,-20,-26,-16,-17,-16,-20,-14,-19,-18,-26,-15,-19,-21,sil
15.452296495437622,-12,-8,-7,-11,-2,-6,-6,-3,-16,-19,-20,-7,-13,-10,sil
15.468371152877808,6,8,9,8,12,12,15,4,10,6,0,1,1,2,sil
15.468371152877808,2,5,9,-4,6,6,12,5,17,15,9,4,4,1,sil
15.48446249961853,-10,-6,0,-24,0,-1,7,3,2,0,-6,3,-2,-2,sil
15.48446249961853,-1,-4,1,-9,0,0,13,-1,3,3,-10,3,4,1,sil
15.50057339668274,8,2,8,-5,-5,0,8,4,1,10,5,3,12,8,sil
15.50057339668274,0,-2,0,-18,-10,-12,-5,2,-3,2,8,-4,9,0,sil
15.516896963119509,-2,-9,0,-12,-8,-18,-14,0,3,-2,0,-7,4,-1,sil
15.516896963119509,0,-3,4,2,-4,-5,-7,0,12,3,-2,-7,5,3,sil
15.532232999801636,-2,0,-9,-1,-2,0,0,-1,3,7,-1,-11,0,2,sil
15.532232999801636,0,-2,-11,-8,-3,-9,-7,0,-2,-3,-3,-7,-9,0,sil
15.548310279846191,1,-7,-6,-5,1,-12,-13,-5,1,-10,-2,-4,-6,0,sil
15.548310279846191,-3,-3,1,-2,3,-5,-8,-3,0,-3,0,-1,0,2,sil
15.564407348632812,-5,4,2,4,2,1,-5,0,5,5,1,9,1,1,sil
15.564407348632812,0,7,-1,16,7,9,-1,-1,14,8,11,14,0,1,sil
15.581460237503052,4,7,3,16,5,15,1,4,4,4,12,11,-2,1,sil
15.581460237503052,2,5,1,13,-1,7,0,0,-8,3,10,10,-5,0,sil
15.581460237503052,11,9,7,15,1,-1,-3,0,-11,0,10,18,-2,3,sil
15.595640897750854,16,13,15,16,7,4,-1,3,-12,-2,10,19,3,10,sil
15.61133098602295,2,0,1,8,0,7,-1,-4,-19,-4,-1,0,-2,0,sil
15.61133098602295,-2,-5,-2,2,0,1,0,-1,-19,-5,-11,-11,-11,-8,sil
15.62683391571045,2,5,0,9,8,7,12,3,-9,1,-5,-8,-6,-6,sil
15.62683391571045,-4,1,-8,0,2,12,19,1,-8,0,-13,-18,-4,-9,sil
15.642529487609863,-17,-11,-14,-16,-5,6,10,-2,-7,-10,-22,-22,-6,-17,sil
15.642529487609863,-14,-12,-11,-12,2,4,6,-7,2,2,-6,-10,2,-10,sil
15.6576726436615,-7,-10,3,-12,2,6,16,2,11,19,1,-6,9,5,sil
15.6576726436615,-2,-10,-3,-23,-9,-1,14,5,17,4,-3,-11,5,6,sil
15.672802209854126,3,0,-9,-18,-5,-8,-7,1,9,-18,-8,-5,0,4,goodbye
15.672802209854126,7,14,4,6,8,-3,-2,4,8,-4,-4,4,3,11,goodbye
15.688413381576538,6,10,4,15,3,0,18,4,28,14,9,7,11,14,goodbye
15.688413381576538,7,-1,6,-1,-11,-5,1,2,25,0,12,13,10,10,goodbye
15.703413963317873,9,-1,9,-4,-8,-11,-18,-5,1,-13,6,14,8,10,goodbye
15.703413963317873,10,1,7,5,-1,-10,-7,-7,0,-1,1,9,11,13,goodbye
15.719458818435667,13,0,12,9,-1,-2,0,2,20,10,8,13,15,14,goodbye
15.719458818435667,8,1,13,11,2,0,-4,1,28,20,20,17,17,8,goodbye
15.735465049743652,-5,1,5,4,2,-5,-16,1,0,16,10,6,3,-4,goodbye
15.735465049743652,-13,-5,-9,-12,0,-6,-19,0,-22,0,0,0,-7,-12,goodbye
15.750618696212769,-6,-5,-12,-15,-1,-2,-9,0,-13,-3,7,4,0,-7,goodbye
15.750618696212769,-3,0,-3,-6,-1,-1,-8,4,-10,-3,5,-1,0,-10,goodbye
15.766160488128662,-11,-3,-12,-8,-5,-7,-18,-6,-20,-14,-16,-16,-18,-25,goodbye
15.766160488128662,-8,-8,-11,-23,-7,-11,-9,-7,-21,-22,-19,-11,-18,-19,goodbye
15.781684160232544,1,-5,-4,-24,-1,-13,4,-1,-16,-16,0,1,-1,-9,goodbye
15.781684160232544,1,1,-5,-6,4,-15,-1,-2,-23,-15,6,3,-4,-11,goodbye
15.797247648239136,-4,13,1,8,1,-5,-5,-2,-29,-23,0,1,-21,-6,goodbye
15.797247648239136,-6,17,0,17,0,7,5,-4,-15,-19,-4,-4,-21,-2,goodbye
15.81328582763672,2,15,7,22,12,14,8,5,-3,-9,-2,-6,-13,-5,goodbye
15.81328582763672,7,17,13,34,20,24,8,9,-6,2,-2,-4,-14,-7,goodbye
15.828766584396362,0,11,3,39,16,30,12,-3,-7,14,-4,-14,-17,-1,goodbye
15.828766584396362,-6,-2,0,28,6,28,16,0,1,20,-8,-17,-9,11,goodbye
15.844279766082764,-3,-12,2,17,3,28,30,5,14,31,-7,-14,4,18,goodbye
15.844279766082764,0,-17,3,7,0,22,39,6,18,35,-14,-15,10,17,goodbye
15.860256671905518,-7,-21,-3,-3,-7,8,28,0,26,24,-15,-12,14,18,goodbye
15.860256671905518,-10,-26,-12,-10,-11,-1,11,-2,43,21,-5,-1,24,20,goodbye
15.87539553642273,1,-20,-3,-18,-6,-6,2,9,51,28,0,9,30,22,goodbye
15.87539553642273,8,-12,-1,-32,-10,-12,0,7,39,18,0,9,26,17,goodbye
15.890710830688477,3,-15,-8,-46,-26,-19,-20,-4,14,-15,-3,6,10,2,goodbye
15.890710830688477,3,-11,-6,-42,-22,-22,-34,-8,-2,-30,-6,12,2,-7,goodbye
15.906636714935305,7,5,-4,-24,-6,-23,-28,-10,-13,-17,11,19,10,-10,goodbye
15.906636714935305,16,23,13,-6,2,-21,-28,-3,-16,-14,36,26,15,-4,goodbye
15.922390222549438,26,33,18,10,11,-16,-28,0,0,-15,43,35,12,-2,goodbye
15.922390222549438,25,33,14,11,11,-19,-20,2,0,-10,29,30,10,-3,goodbye
15.938473463058472,12,25,9,5,5,-19,-16,0,-25,-21,14,17,0,-10,goodbye
15.938473463058472,-3,20,-2,18,10,-8,-13,-7,-37,-32,9,7,-21,-22,goodbye
15.954517126083374,-10,20,0,30,10,7,-5,0,-30,-23,-1,-4,-26,-16,goodbye
15.954517126083374,-3,10,1,32,5,19,8,0,-25,-5,-10,-15,-19,-5,goodbye
15.969784259796144,-1,1,0,27,1,16,13,-3,-26,-1,-8,-11,-15,-2,goodbye
15.969784259796144,-13,-5,-1,14,-6,6,13,8,-13,2,-8,-10,-13,-2,goodbye
15.985674381256104,-21,-18,-14,-2,-11,7,24,6,7,15,-8,-25,-10,-3,goodbye
15.985674381256104,-21,-21,-15,-14,-5,10,24,-1,1,8,-21,-30,-23,-8,goodbye
16.001389265060425,-25,-16,-12,-16,0,1,8,-9,-15,-7,-37,-30,-27,-14,goodbye
16.001389265060425,-15,-18,-12,-17,5,3,2,-4,-2,4,-26,-24,-5,-2,goodbye
16.01651620864868,3,-13,0,-16,7,20,14,5,16,29,3,-7,15,18,goodbye
16.01651620864868,0,-7,5,-3,7,20,16,2,16,24,4,-5,13,14,goodbye
16.031715154647827,-6,-10,13,3,8,6,2,2,11,11,-13,-8,5,0,goodbye
16.031715154647827,3,-5,14,3,7,8,11,5,29,31,4,9,19,11,goodbye
16.052268743515015,15,0,2,0,6,10,21,5,41,37,20,18,27,24,goodbye
16.052268743515015,7,-7,-2,-2,6,1,6,4,26,7,-1,0,7,10,goodbye
16.063355922698975,0,-9,-2,-1,0,-3,-1,1,9,0,-10,-9,0,0,goodbye
16.063355922698975,0,1,7,0,-9,-4,-2,6,1,1,4,3,15,3,goodbye
16.077488899230957,0,5,3,0,-3,-8,-10,3,0,-10,3,10,6,0,goodbye
16.092698574066162,-6,-2,-12,-1,2,-12,-15,-7,-1,-19,-8,4,-18,-4,goodbye
16.092698574066162,-1,-1,-7,0,-7,-7,-13,0,-2,-16,-4,3,-16,-1,goodbye
16.10826277732849,10,8,-2,9,-7,-1,-11,2,0,-10,6,10,5,-1,goodbye
16.10826277732849,17,14,3,14,3,-2,-7,1,0,-5,9,18,8,4,goodbye
16.123385190963745,12,11,2,1,-7,-12,-7,-4,-8,-11,7,14,-1,6,goodbye
16.123385190963745,10,6,-5,-12,-26,-20,-15,-12,-13,-26,-2,3,-3,-5,goodbye
16.13942003250122,18,6,5,-8,-21,-18,-17,-1,-15,-23,0,15,8,-2,goodbye
16.13942003250122,17,6,5,-9,-12,-16,-10,0,-8,-6,30,28,23,5,goodbye
16.155717372894287,5,1,2,-31,-25,-15,-15,-5,0,-1,31,20,15,-4,goodbye
16.155717372894287,-5,-3,5,-26,-31,-9,-16,-5,1,3,10,5,0,-18,goodbye
16.170783758163452,-10,0,0,1,-6,-7,-11,-4,-12,10,9,0,-4,-16,goodbye
16.170783758163452,-12,8,0,10,21,-4,-9,3,-24,-6,2,-3,-11,-5,goodbye
16.186798572540283,-11,6,-3,11,25,4,3,-3,-18,-17,-12,-10,-21,-8,goodbye
16.186798572540283,-7,1,-8,10,18,5,7,-9,-23,-11,-13,-21,-24,-15,goodbye
16.202409267425537,-9,4,-4,8,23,6,0,-4,-23,-9,-7,-20,-24,-11,goodbye
16.202409267425537,-8,5,2,19,30,16,9,1,-2,-2,-8,-11,-16,-1,goodbye
16.217427968978882,-1,5,9,27,24,20,25,12,11,15,-8,-11,-1,6,goodbye
16.217427968978882,0,6,3,25,13,22,21,12,11,25,-7,-18,3,10,goodbye
16.233516454696655,1,7,5,24,11,26,19,4,16,25,-3,-9,6,15,goodbye
16.233516454696655,1,3,9,24,17,29,35,4,18,25,1,0,12,18,goodbye
16.24873447418213,-6,-11,-3,15,14,27,41,2,12,29,-7,-15,7,9,goodbye
16.24873447418213,-1,-21,0,0,0,22,32,7,18,29,-17,-15,-1,11,goodbye
16.264256715774536,10,-19,0,-8,-7,6,19,8,36,21,0,9,10,21,goodbye
16.264256715774536,0,-20,-12,-26,-13,-19,-9,2,18,-4,7,11,15,11,goodbye
16.279478311538696,-13,-21,-15,-41,-23,-27,-29,-1,-11,-28,-13,-5,-1,-9,goodbye
16.279478311538696,-4,-14,-10,-25,-19,-15,-14,-8,-5,-17,-14,0,-6,-14,goodbye
16.294616222381592,-2,-10,0,-13,-14,-8,-7,-7,-3,-7,-5,4,-2,-7,goodbye
16.294616222381592,-15,-8,-7,-22,-13,-2,-13,-4,-14,-12,-11,-11,-2,-12,goodbye
16.310868740081787,-11,-1,-14,-18,-3,3,-7,-1,0,-8,-9,-6,0,-10,goodbye
16.310868740081787,2,6,-2,-3,0,-1,-8,-2,7,-2,6,13,1,-2,goodbye
16.326421976089478,5,6,2,0,-5,-18,-20,-12,-4,-9,9,8,0,-8,goodbye
16.326421976089478,8,9,8,0,-6,-19,-21,-1,0,-8,6,5,7,-4,goodbye
16.34157705307007,12,15,5,5,-2,-8,-9,4,15,11,18,16,19,11,goodbye
16.34157705307007,12,15,1,5,-2,-8,-7,2,6,16,23,19,13,13,goodbye
16.356720209121704,17,13,18,9,0,-7,-8,6,-4,4,15,19,5,8,goodbye
16.356720209121704,18,7,15,10,-4,0,-6,1,-1,-2,12,17,7,3,goodbye
16.372799396514893,11,1,3,-5,-10,-3,-7,-4,-12,-17,4,8,-4,-3,goodbye
16.372799396514893,0,7,0,-7,-2,-11,0,-4,-24,-27,-8,-1,-22,-14,goodbye
16.388705253601074,-4,12,1,7,4,-5,9,-2,-15,-9,-4,-10,-12,-11,goodbye
16.388705253601074,-5,2,3,7,1,7,10,5,-4,8,3,-7,4,0,goodbye
16.403713941574097,-10,-5,-6,4,3,4,6,-3,-10,1,-10,-10,-5,-1,goodbye
16.403713941574097,-2,2,1,11,8,-4,0,0,-18,-15,-18,-7,-19,0,goodbye
16.41961407661438,15,8,9,16,8,5,0,7,-3,-7,3,6,-4,9,goodbye
16.41961407661438,4,-8,0,1,6,15,7,0,11,10,9,0,7,2,goodbye
16.434705018997192,-16,-17,-2,-11,5,13,7,-2,12,13,-3,-10,2,-2,goodbye
16.434705018997192,-4,-2,-6,0,10,8,4,0,18,9,6,0,5,4,goodbye
16.450284481048584,5,2,-11,6,10,0,0,6,14,1,8,2,5,5,goodbye
16.450284481048584,-2,-1,-2,1,5,-4,1,8,-3,-2,0,-4,2,2,goodbye
16.465508937835693,0,3,3,5,5,0,6,-2,-8,-3,6,0,1,1,goodbye
16.465508937835693,0,11,2,12,7,8,0,-2,-2,-4,5,2,-4,-3,goodbye
16.48139715194702,-12,3,-8,14,10,8,0,0,11,9,-2,-5,-3,-10,sil
16.48139715194702,-12,-9,-7,0,3,3,2,1,21,18,-6,-8,1,-8,sil
16.496450424194336,-6,-14,-4,-12,-8,3,3,-2,5,3,-9,-8,-6,-8,sil
16.51264524459839,-5,-7,-6,-6,-5,10,7,-7,-14,-2,-8,-6,-10,-3,sil
16.51264524459839,1,0,7,4,0,8,9,0,-19,2,-3,2,0,9,sil
16.51264524459839,1,0,6,8,-6,1,5,1,-11,1,-2,8,3,6,sil
16.526883602142334,-2,1,1,0,-14,0,2,0,-2,-1,-6,1,-1,1,sil
16.526883602142334,0,0,2,-14,-13,0,1,2,1,1,-14,-7,-3,7,sil
16.543494701385498,-1,-10,-12,-20,-12,-5,-2,-5,0,3,-19,-15,-4,1,sil
16.543494701385498,-5,-5,-7,-14,-12,-6,-3,-4,0,1,-16,-11,-6,-2,sil
16.5576274394989,0,3,6,-10,-3,-2,4,0,12,10,-4,-3,0,6,sil
16.574673891067505,5,0,9,-12,0,-4,5,3,22,13,8,8,10,11,sil
16.574673891067505,1,-4,7,-4,0,-9,0,10,16,0,11,16,17,5,sil
16.574673891067505,0,1,0,1,4,-14,-2,6,11,-1,8,3,16,1,sil
16.588866233825684,6,3,4,-2,5,-10,-8,6,7,3,6,0,11,3,sil
16.604405879974365,8,-2,3,0,1,-5,-10,0,8,-3,11,11,12,0,sil
16.604405879974365,8,-3,0,9,2,-6,-3,-2,6,-9,14,13,13,-3,sil
16.61960768699646,11,8,5,9,2,-6,-6,-1,-7,-1,16,11,5,-2,sil
16.61960768699646,1,8,-4,-2,-3,-10,-12,-9,-22,-7,15,9,-5,-12,sil
16.635716915130615,-3,-1,-9,-21,-4,-11,-16,-4,-20,-31,5,3,-15,-21,sil
16.635716915130615,6,7,-2,-10,6,-2,-15,-1,-9,-30,8,8,-10,-9,sil
16.65130877494812,12,19,2,14,2,-2,-15,-8,-15,-19,9,12,-4,0,sil
16.65130877494812,2,14,2,12,-3,0,-15,-4,-25,-20,1,0,-13,-5,sil
16.666484832763672,-7,7,-5,12,8,14,-4,-5,-18,-8,1,-12,-20,-13,sil
16.666484832763672,-17,3,-3,23,13,23,5,-5,-19,4,-7,-20,-23,-13,sil
16.6824893951416,-21,-3,-1,25,3,21,10,0,-28,0,-30,-31,-30,-8,sil
16.6824893951416,-12,-8,-1,25,5,25,19,2,-13,7,-29,-33,-25,2,sil
16.698193311691284,-5,-12,1,9,4,26,33,11,22,32,-19,-19,-1,17,sil
16.698193311691284,-8,-28,-7,-19,-7,14,35,12,48,42,-21,-6,18,18,sil
16.714289665222168,-3,-28,0,-20,-8,2,23,10,44,34,-15,6,22,21,sil
16.714289665222168,5,-9,10,-4,-2,0,19,7,36,34,-1,16,25,26,sil
16.72945809364319,14,-6,4,-14,-5,-11,10,0,30,23,3,20,32,23,sil
16.72945809364319,23,-3,8,-25,-10,-28,-12,-2,10,-6,8,28,30,18,sil
16.74582314491272,18,10,6,-15,-10,-35,-23,-8,-8,-22,21,23,15,1,sil
16.74582314491272,4,9,-4,-17,-8,-32,-25,-3,-13,-22,17,8,4,-19,sil
16.76137113571167,1,10,-4,-9,0,-20,-28,-3,-13,-22,12,2,4,-24,sil
16.76137113571167,-1,18,0,11,2,-12,-27,-12,-23,-24,13,2,-5,-19,sil
16.77651858329773,-5,19,4,13,2,-2,-16,-2,-31,-23,10,4,-16,-14,sil
16.77651858329773,5,24,2,18,18,9,2,5,-14,-8,22,13,-1,1,sil
16.791831254959106,11,26,2,24,20,13,9,5,0,0,26,6,2,10,sil
16.791831254959106,-4,13,3,19,8,19,10,5,3,0,4,-15,-13,-3,sil
16.807466745376587,-13,3,-3,19,14,31,19,4,18,14,-6,-17,-8,-6,sil
16.807466745376587,-3,-2,1,8,11,27,19,5,23,23,-4,-7,0,7,sil
16.82260537147522,-4,-14,-1,0,-5,11,13,-1,10,18,-14,-14,-15,3,sil
16.82260537147522,-11,-16,-6,4,-7,1,13,-2,0,7,-25,-22,-19,-3,sil
16.838653564453125,-9,-16,-2,-6,-3,4,20,4,0,1,-20,-16,1,4,sil
16.838653564453125,-9,-27,-9,-24,-5,13,21,1,8,7,-17,-17,0,1,sil
16.854393005371094,-18,-25,-11,-23,-10,6,4,-1,4,4,-29,-24,-19,-6,sil
16.854393005371094,-27,-21,-18,-26,-24,-17,-20,-9,-12,-9,-33,-26,-19,-14,sil
16.869282245635986,-12,-24,-13,-33,-28,-27,-32,-9,-18,-12,-15,-9,0,-10,sil
16.869282245635986,12,-9,11,-10,-9,-14,-24,-1,-11,-3,10,22,14,3,sil
16.88530945777893,16,3,15,1,1,-10,-14,-6,-1,2,24,32,19,9,sil
16.88530945777893,10,1,8,-14,-6,-16,-20,-2,0,0,16,21,15,2,sil
16.90136957168579,11,9,4,-7,-1,-14,-18,0,0,-9,10,19,8,-2,sil
16.90136957168579,15,25,5,13,11,-8,-3,0,0,-15,22,32,11,0,sil
16.916451454162598,19,28,11,13,9,-8,0,5,-4,-13,36,33,13,0,sil
16.916451454162598,13,23,3,12,5,-11,-11,-1,-19,-18,25,11,-1,-9,sil
16.93247652053833,0,23,3,28,18,3,-7,0,-32,-25,-4,-4,-24,-9,sil
16.93247652053833,0,18,9,45,27,27,22,4,-16,4,-13,-7,-18,6,sil
16.94741463661194,5,0,3,36,9,25,38,2,8,34,-11,-13,0,17,sil
16.94741463661194,-1,-16,-5,1,-6,10,24,6,23,20,-18,-13,6,18,sil
16.96343755722046,-4,-17,-15,-19,-1,1,7,6,35,9,-11,0,12,12,sil
16.96343755722046,1,-5,0,-21,0,0,0,0,29,9,6,5,13,1,sil
16.97903871536255,2,3,8,-13,-2,3,2,-2,6,-5,15,-1,0,-9,sil
16.97903871536255,1,5,-3,0,3,0,4,-3,-6,-13,7,-9,-13,-11,sil
16.994749546051025,-4,6,-2,14,6,0,0,1,-9,-2,-11,-15,-15,-4,sil
16.994749546051025,-20,-4,-6,18,-1,16,11,0,-2,10,-23,-30,-12,-4,sil
17.01026201248169,-24,-26,-13,-2,-10,18,23,7,9,20,-23,-35,-1,0,sil
17.01026201248169,-15,-35,-15,-28,-15,0,7,10,22,23,-23,-19,7,3,sil
17.025710344314575,-9,-30,-12,-34,-16,-7,-4,-2,25,19,-22,-6,7,5,sil
17.025710344314575,0,-20,0,-29,-16,-8,-6,-1,19,9,-4,9,9,9,sil
17.041775703430176,19,1,4,-15,-8,-19,-15,1,7,-5,24,33,19,4,sil
17.041775703430176,26,25,15,0,1,-24,-29,0,-9,-26,36,42,13,-2,sil
17.057718515396118,7,24,12,1,2,-20,-25,-7,-18,-25,33,26,5,-5,sil
17.057718515396118,-3,10,1,-2,0,-17,-21,-12,-19,-16,28,16,5,-9,sil
17.07280135154724,13,22,16,11,7,-10,-20,0,-22,-19,26,22,5,0,sil
17.07280135154724,22,37,17,32,17,-1,-8,0,-13,-10,28,19,6,11,sil
17.088677167892456,4,24,4,25,12,1,-2,-4,-11,-4,7,2,-5,-2,sil
17.10421919822693,-6,10,5,14,9,5,0,-2,-17,-9,-12,-7,-26,-18,sil
17.10421919822693,-1,9,4,19,13,15,12,-2,-6,3,-4,-7,-18,-7,sil
17.10421919822693,-4,-3,-4,6,6,16,17,-2,-2,16,-7,-14,-2,0,sil
17.119437217712402,-28,-21,-18,-10,-8,7,2,-5,-21,0,-29,-33,-14,-15,sil
17.119437217712402,-37,-20,-15,-7,-11,7,-1,0,-27,-14,-35,-36,-27,-18,sil
17.135507822036743,-12,-7,-3,4,3,28,17,8,-8,0,-21,-19,-15,1,sil
17.135507822036743,2,-6,-4,7,12,32,31,3,8,14,-14,-14,-6,5,sil
17.15131974220276,-3,-10,-1,1,0,10,26,5,12,12,-17,-12,-5,1,sil
17.15131974220276,-4,-10,-4,1,-7,-1,22,3,14,15,-10,-5,2,9,sil
17.16642689704895,2,-12,-6,4,-4,2,18,0,16,21,-7,-4,10,15,sil
17.16642689704895,4,-12,-3,-4,-4,5,14,11,23,25,-5,1,16,15,sil
17.181591749191284,3,-15,-4,-18,-7,0,10,4,31,20,1,8,20,18,sil
17.182592153549194,1,-17,3,-20,-8,-7,-7,-3,22,-3,-10,0,0,8,sil
17.1982319355011,0,-13,2,-10,-3,-9,-13,-4,19,-13,-20,-13,-7,-5,sil
17.1982319355011,5,-9,-6,-9,-1,-5,-1,0,28,3,0,-1,14,2,sil
17.212377786636353,6,-9,-2,-24,-4,-13,-8,2,19,5,20,19,24,8,sil
17.212377786636353,5,-2,1,-22,-5,-26,-28,-3,-1,-10,24,27,9,-4,sil
17.22892451286316,21,13,11,-3,-8,-27,-32,0,-13,-20,27,32,6,-2,sil
17.22892451286316,26,25,10,2,-7,-25,-27,1,-16,-14,29,32,12,0,sil
17.243606090545654,13,23,1,-6,-2,-26,-28,-4,-18,-8,26,22,7,-12,sil
17.258691549301147,10,23,10,-5,-1,-21,-23,0,-20,-15,30,25,5,-8,sil
17.258691549301147,6,25,7,12,0,-16,-15,-1,-20,-20,34,24,2,-7,sil
17.274388313293457,-4,19,1,24,4,-4,-11,-7,-22,-19,12,2,-9,-11,sil
17.274388313293457,-9,10,2,27,9,18,4,-4,-14,-6,-6,-10,-13,-2,sil
17.289536237716675,-11,1,-7,14,15,27,17,1,-11,0,-9,-12,-13,0,sil
17.289536237716675,-18,-2,-13,-4,14,18,5,1,-19,-11,-21,-25,-28,-16,sil
17.304684162139893,-20,3,-10,3,4,9,-3,-6,-18,-19,-29,-35,-27,-23,sil
17.304684162139893,-8,11,7,23,0,10,3,2,-8,-8,-11,-15,-4,-4,sil
17.32032608985901,4,7,13,27,11,19,22,9,3,7,4,2,8,9,sil
17.32032608985901,13,0,9,18,15,19,31,2,15,21,0,-2,7,18,sil
17.335364818572998,14,0,19,16,3,10,18,1,14,24,-10,-4,7,25,sil
17.335364818572998,0,-4,5,13,0,9,12,-4,11,23,-6,-4,5,14,sil
17.35123348236084,-16,-14,-14,0,4,15,17,2,11,23,-7,-15,-3,0,sil
17.35123348236084,-22,-19,-15,-6,0,18,16,13,12,22,-15,-22,-11,-1,sil
17.366461992263794,-14,-24,-8,-3,-6,14,14,0,16,18,-22,-20,-10,0,sil
17.366461992263794,-6,-26,-4,-14,-1,10,14,-2,15,20,-22,-14,-3,3,sil
17.381510257720947,-10,-25,-13,-26,0,6,13,0,12,24,-12,-6,1,12,sil
17.381510257720947,-10,-25,-15,-29,-8,-1,10,2,14,12,0,1,5,12,sil
17.396684885025024,0,-13,-5,-25,-11,-9,7,4,23,3,6,8,15,4,sil
17.396684885025024,4,0,-2,-16,-7,-17,-7,0,15,0,1,7,18,0,sil
17.412667989730835,0,-1,0,-24,-12,-25,-25,0,-9,-20,-7,2,1,-6,sil
17.412667989730835,0,-8,-12,-32,-18,-27,-22,-6,-15,-33,-9,0,-6,-19,sil
17.428239107131958,7,-5,-10,-26,-15,-25,-17,-8,-5,-29,-10,-1,-2,-14,sil
17.428239107131958,9,0,6,-19,-9,-22,-23,-2,-7,-24,-6,6,-6,-1,sil
17.444300889968872,8,8,5,-9,-3,-11,-20,-3,-13,-17,9,14,-6,-8,sil
17.444300889968872,16,18,14,8,1,-4,-14,-1,-13,-8,25,19,2,-8,sil
17.45953392982483,20,22,17,21,5,-10,-12,0,-4,-4,35,25,14,5,sil
17.45953392982483,22,22,10,12,3,-13,-13,-1,-3,-8,35,32,18,10,sil
17.475484609603882,24,26,14,9,5,-3,-17,-4,-16,-12,27,32,12,2,sil
17.475484609603882,16,29,12,27,11,-3,-17,-8,-22,-5,31,23,6,-6,sil
17.49137783050537,4,27,8,33,9,-5,-11,0,-15,-4,28,12,4,-9,sil
17.49137783050537,-4,20,0,21,6,6,-1,-1,-8,-7,11,-2,-4,-10,sil
17.50654673576355,-6,14,2,22,10,17,3,-4,-8,-1,5,-9,-13,-8,sil
17.50654673576355,-2,14,12,38,11,22,7,8,-1,7,7,0,-3,2,sil
17.52256989479065,-10,4,1,38,10,18,13,9,8,2,-3,0,0,8,sil
17.52256989479065,-19,-8,-3,23,6,8,12,4,1,-3,-16,-15,-17,0,sil
17.53865671157837,-10,-7,0,26,1,11,16,-4,-4,7,-20,-24,-21,-6,sil
17.53865671157837,0,-6,0,29,2,21,24,-2,2,17,-28,-21,-9,1,sil
17.553788661956787,-4,-17,0,11,8,18,28,10,7,11,-25,-15,-5,16,sil
17.553788661956787,-14,-24,-8,-1,0,8,28,2,11,13,-16,-11,-5,17,sil
17.569480895996094,-12,-22,-12,-16,-13,4,26,2,17,23,-26,-9,0,15,sil
17.569480895996094,-9,-25,-12,-31,-7,11,27,13,23,34,-26,-12,6,11,sil
17.58544111251831,-16,-34,-14,-32,1,11,22,5,28,24,-16,-25,4,2,sil
17.58544111251831,-21,-35,-17,-39,-9,-2,2,0,25,3,-26,-30,-7,-2,sil
17.60077476501465,-16,-33,-30,-59,-19,-12,-10,0,18,2,-30,-24,-5,-3,sil
17.60077476501465,-6,-25,-18,-58,-10,-7,-14,-1,3,5,-20,-16,2,-1,sil
17.61578631401062,0,-7,-3,-41,0,0,-16,-7,3,0,-6,-7,5,-3,sil
17.61578631401062,6,1,-7,-44,0,-4,-18,-10,4,0,9,2,12,-7,sil
17.631678819656372,9,5,-1,-48,-7,-12,-20,-1,-15,1,12,10,13,-6,sil
17.631678819656372,11,18,2,-21,-4,-13,-17,-2,-17,-6,18,17,8,-7,sil
17.64725089073181,16,24,6,-6,-3,-15,-20,0,1,-9,37,31,16,-3,sil
17.64725089073181,19,16,15,-5,-9,-26,-23,2,1,-10,42,34,24,4,sil
17.6623272895813,22,18,16,13,-6,-30,-20,-8,-19,-24,31,23,13,4,sil
17.6623272895813,22,30,19,31,7,-21,-20,-7,-30,-42,27,24,-3,-3,sil
17.677594423294067,8,27,12,34,8,-14,-22,-6,-31,-39,23,22,-12,-15,sil
17.677594423294067,1,19,18,39,0,-7,-17,-1,-26,-26,17,17,-16,-14,sil
17.69274926185608,9,30,29,53,5,4,0,3,-9,-15,27,25,-9,-2,sil
17.708292961120605,10,37,19,60,23,15,6,-2,-6,-13,22,19,-6,-4,sil
17.708292961120605,1,24,12,54,24,19,7,1,-17,-13,-7,-2,-14,-3,sil
17.7253520488739,-1,3,4,48,8,22,22,3,-6,3,-23,-12,-14,6,sil
17.7253520488739,-4,-9,-4,34,0,22,34,4,11,20,-23,-9,-5,10,sil
17.7253520488739,-7,-9,-6,18,4,24,29,6,14,23,-22,-6,0,9,sil
17.741462230682373,-4,-7,-3,18,9,15,14,0,15,26,-12,-9,1,13,sil
17.741462230682373,-7,-18,-2,7,-1,4,3,-2,11,27,-14,-18,0,7,sil
17.756563663482666,-19,-33,-18,-19,-12,7,13,0,8,20,-26,-28,-5,-7,sil
17.756563663482666,-18,-29,-18,-30,-4,13,30,3,7,10,-30,-28,-9,-2,sil
17.773564338684082,-7,-10,-1,-14,3,12,26,12,14,12,-20,-16,-3,12,sil
17.773564338684082,-4,-12,-6,-12,-2,3,9,4,18,19,-1,-6,9,11,sil
17.787784814834595,-6,-25,-14,-32,-12,-7,-8,-1,5,9,-1,-6,6,0,goodbye
17.80429434776306,-10,-25,-23,-44,-12,-10,-5,0,6,3,-8,-15,0,-7,goodbye
17.80429434776306,-11,-20,-22,-39,-9,-11,5,2,22,7,-4,-13,6,0,goodbye
17.81929850578308,-7,-13,-6,-33,-10,-15,-4,3,20,5,0,0,15,4,goodbye
17.81929850578308,-4,-3,-10,-30,-12,-15,-20,-3,7,0,4,6,15,-1,goodbye
17.836222648620605,4,0,-7,-31,-8,-9,-21,-4,-7,-7,15,11,10,-3,goodbye
17.836222648620605,10,5,4,-25,0,-14,-23,-10,-23,-17,15,13,4,-3,goodbye
17.836222648620605,9,14,8,-17,-4,-28,-33,-11,-21,-19,5,12,1,-6,goodbye
17.84995150566101,15,13,12,-10,-16,-25,-33,0,-9,-14,15,21,3,-1,goodbye
17.865467309951782,18,12,8,2,-12,-9,-20,-1,-5,-13,30,22,7,-1,goodbye
17.865467309951782,14,28,14,16,11,0,-13,0,-7,-15,21,10,5,-5,goodbye
17.88253664970398,13,36,21,33,33,13,-3,6,0,-3,16,8,-2,-4,goodbye
17.88253664970398,3,20,11,34,27,18,2,0,-1,-5,12,3,-14,-8,goodbye
17.88253664970398,-8,12,6,19,12,8,1,-7,-21,-29,-5,-4,-22,-14,goodbye
17.896493673324585,4,21,9,28,20,9,4,-7,-23,-24,-3,-1,-15,-6,goodbye
17.91246771812439,15,16,13,40,22,19,11,2,-13,-1,5,4,-7,10,goodbye
17.91246771812439,-6,-4,0,30,4,22,25,7,-8,5,-17,-10,-13,7,goodbye
17.92766785621643,-15,-9,-7,28,3,26,56,12,16,23,-32,-21,-11,3,goodbye
17.92766785621643,2,-1,9,34,14,33,64,24,49,47,-14,-6,3,23,goodbye
17.94357919692993,-5,-13,0,19,6,24,40,6,35,40,-9,-3,7,29,goodbye
17.94357919692993,-26,-33,-20,-12,-18,1,14,-10,-10,14,-32,-22,0,9,goodbye
17.959070682525635,-27,-41,-21,-41,-40,-25,-13,-8,-17,1,-35,-26,-1,-6,goodbye
17.959070682525635,-12,-33,-14,-46,-39,-42,-43,-11,-4,-7,-7,-2,2,-8,goodbye
17.975576639175415,10,-9,2,-32,-16,-30,-41,-4,0,-6,16,23,12,3,goodbye
17.975576639175415,19,7,1,-19,3,-12,-10,1,13,4,23,19,24,2,goodbye
17.990532398223877,6,4,-4,-20,0,-18,-6,3,16,0,19,7,17,-11,goodbye
17.990532398223877,0,8,0,-14,-10,-14,-16,3,0,-15,19,13,1,-11,goodbye
18.005542039871216,5,13,0,-8,-6,-5,-18,-4,-7,-16,19,15,-2,-7,goodbye
18.005542039871216,6,13,3,-8,0,-10,-21,-3,-9,-18,14,9,0,-14,goodbye
18.020689487457275,7,25,0,6,9,-5,-17,-3,-16,-19,13,6,-1,-20,goodbye
18.020689487457275,9,28,2,21,16,13,-3,-3,-18,-14,5,1,-9,-9,goodbye
18.036203145980835,4,6,5,16,6,18,4,-3,-17,-7,-4,-4,-14,2,goodbye
18.036203145980835,-10,-7,-3,7,0,14,11,0,-10,0,-10,-14,-10,2,goodbye
18.0572612285614,-16,-3,-1,9,12,22,16,7,-2,1,-22,-23,-10,5,goodbye
18.0572612285614,-10,-11,0,19,13,26,23,1,8,9,-24,-23,-10,10,goodbye
18.0572612285614,-8,-23,-3,17,-5,18,26,-2,12,19,-18,-19,-5,14,goodbye
18.067686796188354,-8,-18,-3,7,-6,15,25,8,21,25,-20,-13,0,19,goodbye
18.083702087402344,-1,-12,-7,-2,2,5,20,8,37,33,-9,2,14,21,goodbye
18.083702087402344,6,-10,0,-18,-10,-16,-1,7,31,25,18,25,32,14,goodbye
18.099670886993408,14,3,12,-14,-11,-26,-19,0,14,1,37,36,32,0,goodbye
18.099670886993408,20,21,10,0,8,-20,-17,-7,-5,-19,25,28,13,-13,goodbye
18.11570858955384,9,22,4,0,13,-16,-11,-1,-29,-22,13,11,-3,-16,goodbye
18.11570858955384,-5,16,-2,12,12,-6,-11,-3,-34,-15,16,-1,-11,-14,goodbye
18.131714820861816,-8,18,0,35,18,11,-10,-2,-20,-13,3,-11,-16,-12,goodbye
18.131714820861816,-9,8,-2,29,9,23,5,4,-8,0,-13,-22,-13,-5,goodbye
18.14774703979492,-11,-21,-7,-2,-5,15,17,6,5,24,-16,-26,-2,6,goodbye
18.14774703979492,-6,-35,-4,-28,-9,-2,13,2,23,26,-23,-14,3,13,goodbye
18.163275957107544,-5,-29,-16,-40,-12,-14,9,-2,32,15,-27,-4,9,7,goodbye
18.163275957107544,-2,-25,-9,-52,-20,-13,0,4,21,0,-14,0,10,9,goodbye
18.1792573928833,8,-8,6,-44,-20,-17,-18,-3,3,-20,1,13,3,5,goodbye
18.1792573928833,21,14,9,-20,-9,-28,-32,-17,-13,-39,11,26,-1,-7,goodbye
18.194303274154663,21,25,18,-3,6,-20,-33,-4,-28,-38,15,29,-3,-11,goodbye
18.194303274154663,8,25,16,7,13,-2,-18,0,-24,-20,19,16,-8,-6,goodbye
18.20967483520508,0,21,4,16,2,4,0,-3,-11,-6,20,4,-8,-1,goodbye
18.20967483520508,-2,20,-4,22,4,10,3,1,-5,0,13,-1,-8,-9,goodbye
18.225674867630005,-6,19,-6,26,13,14,2,1,-11,-3,-1,-10,-16,-22,goodbye
18.225674867630005,-8,4,-3,19,-1,17,12,0,-12,-2,-13,-19,-17,-8,goodbye
18.24124860763549,-10,-10,-14,6,-15,21,29,1,0,11,-11,-22,-9,3,goodbye
18.24124860763549,-11,-6,-15,11,-5,14,17,2,-8,5,-18,-20,-16,-7,goodbye
18.256587266922,-12,2,-6,32,7,7,1,0,-17,-3,-20,-18,-19,-8,goodbye
18.256587266922,-5,0,3,38,15,17,15,3,4,19,-3,-13,0,11,goodbye
18.271632432937626,3,-7,17,23,15,28,28,13,27,42,3,0,15,23,goodbye
18.271632432937626,0,-23,6,5,0,16,12,1,25,37,-8,4,15,22,goodbye
18.28772664070129,0,-30,-4,-6,-8,0,2,-3,19,25,-15,-2,16,20,goodbye
18.28772664070129,3,-19,1,-9,-2,-1,18,4,31,23,0,-2,23,17,goodbye
18.303247451782227,-1,-23,-4,-21,-7,-5,13,-2,44,17,5,2,26,11,goodbye
18.303247451782227,-5,-30,-6,-38,-14,-12,-11,-2,28,-3,-4,8,17,3,goodbye
18.31877374649048,3,-10,-3,-27,-5,-16,-14,0,0,-15,1,18,10,-6,goodbye
18.31877374649048,9,7,2,-20,-5,-25,-13,0,-18,-14,22,25,15,-2,goodbye
18.334556818008423,10,10,6,-22,-10,-28,-29,1,-15,-15,28,31,18,4,goodbye
18.334556818008423,13,18,4,-4,0,-22,-35,-1,-2,-14,24,30,12,-2,goodbye
18.349610090255737,10,22,3,-3,0,-24,-31,0,-11,-23,14,14,-3,-15,goodbye
18.349610090255737,2,15,-3,-19,0,-27,-21,-2,-23,-32,9,-5,-12,-24,goodbye
18.364765405654907,4,20,-3,-10,9,-11,-2,-7,-17,-27,12,-3,-12,-18,goodbye
18.364765405654907,6,29,5,8,11,2,1,-4,-17,-24,6,-1,-16,-12,goodbye
18.380366563797,-3,15,-1,9,1,0,-6,-3,-31,-25,-9,-17,-24,-20,goodbye
18.380366563797,-12,8,0,8,3,6,-6,5,-41,-18,-17,-17,-27,-17,goodbye
18.39639949798584,-8,23,6,26,14,25,3,-1,-31,0,-8,-1,-20,0,goodbye
18.39639949798584,7,21,11,43,17,22,4,-12,-18,9,-4,0,-5,9,goodbye
18.412441968917847,7,0,14,38,10,18,3,5,1,22,-2,-7,4,13,goodbye
18.412441968917847,-5,-8,0,28,9,32,20,13,31,40,3,-9,4,14,goodbye
18.428691625595093,-1,-8,1,27,15,35,39,8,45,38,0,-6,-3,14,goodbye
18.428691625595093,-3,-17,3,12,12,20,43,4,36,23,-20,-9,-8,11,goodbye
18.444223880767822,-25,-28,-14,-15,-5,8,22,0,11,9,-35,-24,-11,1,goodbye
18.444223880767822,-28,-29,-18,-24,-18,3,8,-3,-8,-1,-32,-25,-11,-1,goodbye
18.460272073745728,-14,-30,-16,-22,-19,-2,14,-3,-1,-3,-21,-13,-1,1,goodbye
18.460272073745728,-10,-29,-11,-36,-21,-9,6,2,5,-3,-17,-6,7,6,goodbye
18.475664854049683,-5,-20,-9,-32,-22,-10,-2,-1,4,5,-15,-7,8,3,goodbye
18.475664854049683,5,-13,-6,-16,-18,-13,3,-2,21,17,-5,-2,9,1,goodbye
18.49083566665649,11,-1,1,-14,-8,-16,2,8,43,14,10,11,15,7,goodbye
18.49083566665649,14,7,0,-16,-1,-14,-9,2,41,5,27,18,19,5,goodbye
18.5067355632782,14,0,2,-21,-7,-12,-17,-2,16,-5,27,19,13,-1,goodbye
18.5067355632782,9,-4,2,-23,-14,-15,-20,0,-5,-16,17,17,6,-9,goodbye
18.522279500961304,9,6,2,-9,-10,-23,-36,-7,-20,-23,18,15,2,-15,goodbye
18.522279500961304,12,20,16,3,0,-23,-52,-6,-34,-27,23,23,5,-9,goodbye
18.53840804100037,7,27,11,16,12,-3,-34,-6,-36,-18,33,25,17,-1,goodbye
18.53840804100037,11,34,9,35,20,15,-13,0,-29,-6,31,19,13,0,goodbye
18.553494453430176,23,39,21,42,20,7,-11,2,-17,-2,21,20,0,5,goodbye
18.553494453430176,20,33,13,29,17,-8,-9,-2,-9,-6,17,23,2,6,goodbye
18.569615364074707,7,20,11,17,14,-2,2,3,-2,0,12,10,7,-1,goodbye
18.569615364074707,-2,6,3,15,14,10,18,6,10,15,-6,-12,-8,-5,goodbye
18.58569574356079,-17,-6,-12,3,9,14,22,6,1,7,-33,-30,-32,-6,goodbye
18.58569574356079,-25,-9,-15,1,0,16,21,5,-23,-16,-38,-30,-32,-10,goodbye
19.92824959754944,-21,4,1,22,9,16,6,6,-6,7,-19,-16,-18,-1,goodbye
19.92824959754944,-31,-5,-9,4,6,18,4,7,-3,15,-30,-31,-22,-2,goodbye
19.94433856010437,-25,-15,-17,-1,9,32,20,5,8,27,-35,-28,-14,4,goodbye
19.94433856010437,-16,-28,-10,-20,0,29,24,6,16,30,-39,-18,-8,17,goodbye
19.95945906639099,-9,-33,-15,-48,-5,4,10,-3,19,22,-30,-16,2,15,goodbye
19.95945906639099,1,-17,-10,-53,3,-15,-4,-3,21,4,-5,-14,17,4,goodbye
19.97554850578308,13,6,-1,-28,9,-17,-7,2,28,3,13,1,22,0,goodbye
19.97554850578308,20,15,-2,-15,7,-12,-6,2,34,14,21,18,25,2,goodbye
19.990341424942017,17,10,0,-27,6,-7,-12,2,26,11,22,20,23,1,goodbye
19.990341424942017,5,8,-2,-25,4,-12,-16,-2,7,-4,14,4,5,-3,goodbye
20.00595474243164,0,11,-1,-2,0,-17,-10,0,-9,-21,3,-5,-15,-11,goodbye
20.00595474243164,-2,12,4,6,-2,-4,8,3,-14,-19,13,-3,-14,-17,goodbye
20.021485805511475,-4,13,6,15,0,4,19,0,-17,-7,25,1,-4,-10,goodbye
20.021485805511475,2,15,21,40,2,3,9,3,-22,-4,19,7,-2,3,goodbye
20.0366690158844,8,10,23,53,1,8,13,-3,-14,6,19,14,0,7,goodbye
20.0366690158844,4,2,18,42,-3,13,16,-6,-15,7,8,9,-12,2,goodbye
20.0606689453125,0,-1,14,41,-6,13,6,-1,-19,-12,-16,0,-25,-2,goodbye
20.0606689453125,2,-13,6,37,-8,9,4,-3,0,-16,-18,3,-8,0,goodbye
20.0606689453125,4,-25,4,11,-14,-2,2,0,17,-2,-10,11,7,10,goodbye
20.06802487373352,4,-24,0,-5,-18,-9,0,3,23,7,-6,11,9,18,goodbye
20.08340120315552,14,-12,0,-11,-17,-3,-5,2,23,9,1,19,21,21,goodbye
20.08340120315552,19,0,-2,-14,-7,-5,-21,-1,1,0,6,29,28,18,goodbye
20.0984787940979,7,0,-9,-20,-5,-22,-32,-5,-17,-13,0,15,13,1,goodbye
20.0984787940979,-4,-10,-3,-37,-16,-25,-25,1,-19,-27,-4,-1,-1,-12,goodbye
20.11451745033264,-10,-8,-13,-46,-9,-16,-16,-5,-19,-35,-3,-5,-6,-22,goodbye
20.11451745033264,-17,8,-24,-34,6,-12,-12,-7,-19,-30,-2,-10,-10,-33,goodbye
20.129705905914307,-20,24,-6,-2,14,-1,-8,4,-9,-10,3,-20,-13,-34,goodbye
20.129705905914307,-9,32,5,32,29,21,0,1,-2,12,14,-20,-4,-15,goodbye
20.145814657211304,0,29,6,36,39,38,19,0,-10,24,11,-9,2,7,goodbye
20.145814657211304,-5,9,-2,19,27,41,31,2,-10,21,-7,-17,0,10,goodbye
20.16141629219055,-14,-5,-9,13,13,29,24,2,-7,10,-29,-31,-17,1,goodbye
20.16141629219055,-12,-3,-2,13,11,19,19,6,4,18,-29,-20,-20,5,goodbye
20.176815032958984,-6,-3,-2,6,2,15,23,3,22,33,-6,-6,-4,15,goodbye
20.176815032958984,-1,-11,-1,-8,-9,0,10,4,23,18,-4,-6,0,17,goodbye
20.19262170791626,1,-15,-3,-19,-14,-13,2,3,25,11,-12,-2,0,15,goodbye
20.19262170791626,10,-19,1,-18,-16,-11,5,0,31,28,-2,9,15,14,goodbye
20.208293437957764,12,-18,9,-13,-15,-6,2,0,25,24,11,12,18,7,goodbye
20.208293437957764,-2,-16,-8,-19,-5,-4,2,-3,17,3,5,-4,5,-7,goodbye
20.22374629974365,-6,-15,-12,-23,-1,-3,3,2,13,-3,-9,-13,0,-6,goodbye
20.22374629974365,3,-8,0,-8,-5,-12,-3,0,0,-4,0,5,2,2,goodbye
20.239803552627563,8,0,2,2,-8,-22,-18,-10,-8,-10,18,25,12,1,goodbye
20.239803552627563,16,7,11,2,-9,-22,-23,0,0,-12,23,31,21,9,goodbye
20.25543975830078,26,14,14,4,-9,-24,-19,0,0,-11,22,28,17,14,goodbye
20.25543975830078,18,15,10,0,-9,-27,-21,-6,-22,-28,15,22,0,1,goodbye
20.271036624908447,0,9,-4,-5,-4,-22,-25,-8,-38,-50,0,10,-16,-21,goodbye
20.271036624908447,-12,1,-14,-6,-1,-17,-26,-4,-34,-54,-6,-6,-34,-34,goodbye
20.28667569160461,-8,7,-1,-2,-2,-6,-24,0,-32,-40,-4,-9,-36,-30,goodbye
20.30229640007019,1,28,8,16,10,8,-16,-1,-21,-19,7,0,-8,-18,goodbye
20.30229640007019,7,36,14,32,27,20,0,2,-1,0,20,10,13,0,goodbye
20.30229640007019,1,18,12,29,22,30,21,8,15,21,12,5,15,12,goodbye
20.317328214645386,-5,0,1,21,4,33,35,4,19,36,-8,-14,10,13,goodbye
20.317328214645386,-11,-9,0,7,-1,29,29,10,15,36,-16,-24,3,11,goodbye
20.33336925506592,-18,-16,-7,0,1,26,28,2,12,29,-16,-20,-5,2,goodbye
20.33336925506592,-18,-18,-7,7,3,23,31,-4,3,25,-30,-19,-15,-1,goodbye
20.34841752052307,-12,-21,1,1,0,16,30,1,8,30,-27,-19,-7,9,goodbye
20.364432334899902,-8,-29,-6,-25,-4,1,16,1,17,19,-9,-9,6,9,goodbye
20.364432334899902,-2,-21,-11,-36,-5,-14,-8,-2,0,-16,-6,5,3,-5,goodbye
20.364432334899902,0,-7,-12,-25,-6,-29,-23,-9,-11,-28,0,7,-2,-15,goodbye
20.380454778671265,3,-1,-5,-23,-4,-30,-34,-8,-5,-22,16,6,0,-11,goodbye
20.380454778671265,20,17,12,0,6,-12,-32,0,-8,-16,28,24,9,0,goodbye
20.39651870727539,38,43,23,45,12,0,-10,1,-9,0,35,38,14,13,goodbye
20.39651870727539,29,39,25,56,7,3,1,2,-6,6,28,19,10,17,goodbye
20.411657333374023,0,17,5,38,7,13,0,0,-6,0,7,-10,0,7,goodbye
20.411657333374023,-9,2,-8,24,5,24,12,5,0,14,-13,-18,-5,9,goodbye
20.427751064300537,-10,-16,-7,2,-5,18,27,4,5,24,-30,-19,-9,10,goodbye
20.44325876235962,-25,-43,-24,-30,-18,2,23,-8,8,5,-39,-31,-15,-1,goodbye
20.44325876235962,-26,-44,-27,-46,-21,-3,19,1,18,1,-34,-22,-8,0,goodbye
20.45880126953125,-8,-23,-16,-43,-13,-6,18,9,28,17,-21,-5,4,0,goodbye
20.45880126953125,-2,-16,-11,-44,-14,-19,-3,3,18,3,-13,-5,2,-11,goodbye
20.45880126953125,-4,-11,-5,-37,-17,-23,-20,6,14,-21,1,0,4,-13,goodbye
20.47537660598755,0,0,-3,-18,-5,-13,-4,1,20,-10,22,13,16,-8,goodbye
20.47537660598755,5,6,5,-10,-1,-12,-10,-1,3,-3,25,18,11,-5,goodbye
20.49226546287537,13,18,16,1,-1,-15,-29,-3,-13,-17,29,23,7,4,goodbye
20.49226546287537,23,29,20,15,12,-8,-28,-8,-15,-19,31,28,15,12,goodbye
20.506303310394287,21,28,25,18,23,-1,-21,-5,-17,-1,22,26,17,8,goodbye
20.50752830505371,20,23,18,27,23,-2,-21,-10,-20,9,28,25,12,3,goodbye
20.521990299224854,14,20,10,24,17,-4,-21,-7,-28,-12,24,12,-5,-5,goodbye
20.521990299224854,-8,14,-3,16,9,-4,-13,-4,-31,-32,-2,-12,-34,-22,goodbye
20.53775405883789,-21,9,-10,24,10,0,2,-1,-15,-15,-9,-16,-30,-23,goodbye
20.553316116333008,-12,9,7,28,11,13,22,11,-2,6,2,0,-3,-1,goodbye
20.553316116333008,-4,3,6,21,0,19,26,6,-3,7,-3,-3,-3,3,goodbye
20.554317474365234,-7,-4,-6,8,-13,13,12,0,-10,0,-26,-21,-24,-6,goodbye
20.56996464729309,-16,-9,-12,-1,-12,12,11,-1,-9,0,-29,-28,-22,-12,goodbye
20.56996464729309,-13,-12,-10,-2,-4,13,20,1,-1,9,-13,-22,-5,1,goodbye
20.585519552230835,5,-6,1,7,-1,11,15,10,9,15,-4,-1,5,18,goodbye
20.585519552230835,6,-3,1,8,-2,13,7,1,15,10,-10,0,7,17,goodbye
20.59962010383606,-6,-14,-1,-3,-2,15,5,-6,7,6,-22,-13,-2,9,goodbye
20.61573052406311,-6,-18,-3,-9,4,16,7,0,10,16,-25,-14,-8,7,goodbye
20.61573052406311,2,-18,-6,-9,6,15,16,2,28,18,-22,-7,0,5,goodbye
20.63163709640503,3,-21,-2,-19,-1,4,18,3,34,12,-16,-9,6,0,goodbye
20.63163709640503,-5,-21,-7,-26,-7,-12,8,1,28,18,-6,-6,10,-4,goodbye
20.63163709640503,-8,-16,-10,-30,-9,-17,-4,2,17,12,-6,-2,15,0,goodbye
20.64722323417664,-5,-14,-7,-31,-11,-7,-1,3,12,1,-2,-3,19,8,goodbye
20.66236925125122,0,-11,-10,-22,-11,-8,0,2,16,6,12,4,24,7,goodbye
20.66236925125122,6,0,-4,-15,-10,-19,-11,6,7,-1,16,16,21,6,goodbye
20.67762327194214,6,1,-1,-13,-7,-19,-20,-3,-1,-15,17,19,9,0,goodbye
20.67762327194214,7,1,3,-6,-1,-12,-21,-9,-2,-11,35,27,7,-7,goodbye
20.69364070892334,18,20,17,6,1,-12,-20,-2,-7,-8,47,39,15,-3,goodbye
20.69364070892334,20,37,15,12,3,-20,-21,-6,-22,-15,34,29,7,-2,goodbye
20.709259271621704,4,28,10,5,1,-25,-24,-11,-42,-28,14,9,-19,-11,goodbye
20.709259271621704,0,21,0,9,4,-13,-16,-10,-44,-32,13,8,-23,-17,goodbye
20.72434091567993,18,36,8,27,12,7,-3,6,-20,-19,27,21,1,-2,goodbye
20.72434091567993,18,38,21,37,14,12,2,14,-2,2,26,17,10,12,goodbye
20.739574670791622,-3,14,4,32,11,5,3,-4,-6,9,3,-8,-9,3,goodbye
20.739574670791622,-6,7,3,25,16,15,4,-2,-7,0,-15,-17,-21,-4,goodbye
20.75568675994873,-1,14,6,23,19,20,6,4,-2,-5,-17,-18,-16,-2,goodbye
20.75568675994873,-17,-4,-14,12,1,1,2,-2,-19,-11,-32,-30,-24,-9,goodbye
20.77112340927124,-40,-36,-21,-3,-14,6,2,-2,-32,-14,-54,-41,-35,-24,sil
20.77112340927124,-32,-38,-9,-4,-5,27,20,0,-6,0,-45,-37,-23,-19,sil
20.786574602127075,0,-14,3,-1,3,21,30,2,26,18,-20,-15,-6,7,sil
20.786574602127075,7,-8,-1,-3,-3,9,30,5,38,24,-9,0,0,16,sil
20.801730632781982,-11,-23,-13,-13,-8,12,22,3,24,19,-21,-13,0,0,sil
20.801730632781982,-17,-27,-14,-21,-3,9,9,0,8,13,-28,-27,-2,-1,sil
20.81726551055908,-1,-18,-9,-13,-5,-1,6,-4,14,18,-10,-11,9,14,sil
20.81726551055908,15,-8,9,-9,-9,-6,2,3,24,17,3,10,23,22,sil
20.83331036567688,20,1,12,-12,-5,-8,-10,6,22,12,11,20,29,19,sil
20.83331036567688,9,0,-4,-17,-3,-11,-18,2,18,16,20,17,27,16,sil
20.849408864974976,0,-5,-2,-19,-8,-12,-16,6,17,9,19,15,20,10,sil
20.849408864974976,1,0,2,-13,-6,-15,-21,-1,10,-1,13,19,14,-4,sil
20.865414142608643,12,7,4,-10,-1,-13,-26,-4,-6,-7,21,27,14,-2,sil
20.865414142608643,20,14,8,-7,0,-9,-10,-3,-10,-5,37,33,16,7,sil
20.880578994750977,16,18,6,-4,1,-15,0,-9,-6,-11,35,23,7,0,sil
20.880578994750977,1,17,3,-3,1,-17,-7,-4,-19,-24,10,4,-7,-19,sil
20.89572191238404,-3,15,-8,1,7,-3,-5,-3,-26,-21,6,0,-5,-23,sil
20.89572191238404,4,15,0,7,12,-2,-1,-3,-18,-21,18,10,-1,-10,sil
20.91169571876526,-6,11,7,14,7,-6,-12,-4,-24,-31,1,-4,-21,-12,sil
20.91169571876526,-27,3,-9,19,0,8,-7,-2,-31,-25,-27,-38,-40,-24,sil
20.92765164375305,-15,1,-5,20,0,29,16,11,-8,0,-24,-31,-25,-10,sil
20.92765164375305,0,3,4,32,8,30,30,9,12,13,-8,-11,-8,7,sil
20.94263505935669,-12,-2,4,42,12,23,26,1,0,4,-29,-24,-24,0,sil
20.94263505935669,-18,-14,-5,17,3,17,25,1,1,7,-45,-34,-26,-4,sil
20.95840859413147,-5,-23,-14,-16,-7,2,17,0,27,24,-21,-11,2,5,sil
20.95840859413147,10,-10,2,-12,-4,-7,6,7,40,29,4,16,21,21,sil
20.974085807800293,22,4,14,4,4,-7,7,10,40,24,19,27,28,30,sil
20.974085807800293,20,-2,3,-16,0,-11,-6,4,27,12,21,24,33,21,sil
20.98968195915222,11,-10,-2,-30,-5,-13,-25,-5,2,1,14,21,25,5,sil
20.98968195915222,11,2,1,-6,0,-8,-19,-8,-8,-5,14,23,16,0,sil
21.004741191864014,14,19,14,3,1,-8,-14,6,-24,-20,18,21,8,0,sil
21.004741191864014,5,17,10,3,2,-8,-19,-4,-44,-23,6,1,-8,-13,sil
21.02044129371643,-9,1,-1,14,0,4,-12,-20,-40,-6,-17,-22,-25,-19,sil
21.02044129371643,-22,-10,-7,18,-2,18,6,-3,-20,7,-26,-30,-24,-10,sil
21.035451650619507,-25,-20,-10,1,-7,16,27,8,-4,17,-17,-30,-15,1,sil
21.035451650619507,-11,-28,-3,-27,-21,2,26,6,18,23,-12,-15,-1,12,sil
21.0513117313385,-3,-23,-10,-43,-22,-10,1,-2,27,8,0,4,14,5,sil
21.0513117313385,0,-5,-14,-33,-4,-19,-21,-6,-7,-19,15,14,16,-10,sil
21.06686353683472,6,7,0,-24,-1,-25,-27,-2,-35,-28,25,18,6,-9,sil
21.067870140075684,5,7,-2,-22,-12,-30,-26,-8,-23,-20,26,18,0,-6,sil
21.08278083801269,-1,10,0,0,-4,-18,-29,-6,-18,-25,16,13,-6,-11,sil
21.08278083801269,5,29,11,36,17,5,-17,-1,-21,-21,10,4,-7,-6,sil
21.097776174545288,15,39,10,48,26,14,0,1,-8,-5,4,-2,-8,1,sil
21.097776174545288,13,34,13,44,25,19,14,7,14,10,2,-1,-5,5,sil
21.11337399482727,8,21,10,45,27,31,30,6,46,31,6,0,6,13,sil
21.12959098815918,-2,0,5,24,19,26,30,8,51,28,-6,-9,6,14,sil
21.12959098815918,-16,-19,-2,0,1,14,20,7,45,3,-35,-21,-9,1,sil
21.12959098815918,-13,-20,-10,-5,-6,12,24,2,68,0,-42,-25,-17,-1,sil
21.143808364868164,-7,-23,-8,-14,-7,10,30,2,75,11,-29,-17,-11,8,sil
21.16044855117798,-10,-31,-12,-23,-8,8,24,2,21,15,-24,-14,-1,3,sil
21.16044855117798,-2,-16,-4,-18,-5,12,15,9,-23,19,-26,-13,5,6,sil
21.17565894126892,6,-4,2,-6,-3,7,16,6,-15,22,-8,-1,13,16,sil
21.17565894126892,6,-13,-4,-11,-6,-9,8,-6,-17,6,13,13,19,6,sil
21.17565894126892,2,-12,-3,-24,-10,-18,-17,-3,-43,-11,14,16,11,-5,sil
21.190858602523804,0,-3,-7,-27,-14,-25,-35,-4,-44,-9,18,12,7,-6,sil
21.20645356178284,5,0,-4,-19,-16,-33,-38,-7,-29,-9,27,17,14,-6,sil
21.20645356178284,7,8,7,-6,-6,-26,-32,-10,-25,-22,23,15,10,-18,sil
21.221718788146973,1,14,5,-4,0,-16,-28,-11,-28,-24,17,6,-1,-23,sil
21.221718788146973,-1,13,1,-8,-1,-16,-30,1,-31,-19,21,12,-2,-10,sil
21.237390756607056,-4,15,0,0,3,-14,-27,-3,-31,-21,18,17,-8,-9,sil
21.237390756607056,-6,18,6,18,10,-2,-23,-15,-34,-28,4,8,-26,-15,sil
21.25347685813904,0,22,15,33,15,16,-7,-5,-16,-11,5,3,-16,-5,sil
21.25347685813904,3,15,8,41,20,21,16,4,10,15,13,0,6,4,sil
21.269169092178345,0,1,9,30,10,10,20,5,5,15,0,-8,0,4,sil
21.269169092178345,-6,-5,1,20,-6,8,16,1,0,7,-21,-11,-15,8,sil
21.28549647331237,-4,-12,-5,15,-8,22,28,12,29,17,-24,-13,-5,21,sil
21.28549647331237,0,-18,0,8,0,32,48,22,58,33,-10,-15,6,29,sil
21.30158829689026,2,-16,0,2,3,25,50,7,57,37,-6,-14,3,25,sil
21.30158829689026,2,-20,-3,-13,-4,10,30,0,35,21,-17,-6,-1,17,sil
21.31831192970276,0,-26,-13,-30,-14,-3,4,-1,18,2,-17,-6,2,4,sil
21.31831192970276,5,-13,-11,-31,-12,-19,-13,0,15,-13,-2,-3,12,0,sil
21.31831192970276,21,10,7,-15,-3,-32,-26,-3,7,-23,13,19,17,-1,sil
21.33266854286194,22,19,6,-9,-2,-31,-32,-18,-12,-25,18,29,16,-9,sil
21.348675966262817,11,19,1,-16,-5,-18,-31,-10,-24,-22,8,14,6,-20,sil
21.348675966262817,1,25,-5,-10,1,-10,-23,-1,-22,-21,6,1,-5,-24,sil
21.36426615715027,-2,28,-7,2,8,-6,-19,-4,-32,-27,6,1,-13,-19,sil
21.36426615715027,-5,21,2,9,9,10,-7,4,-34,-17,-3,-5,-10,-6,sil
21.36426615715027,-14,5,-2,16,15,20,13,13,-7,15,-10,-20,-5,-2,sil
21.37937831878662,-22,-5,-4,18,22,18,19,10,6,31,-17,-25,-11,-3,sil
21.395551681518555,-23,-12,-4,8,18,25,23,-2,2,27,-24,-24,-9,-1,sil
21.395551681518555,-23,-18,-11,0,7,22,28,-2,9,23,-28,-27,-13,1,sil
21.41061854362488,-18,-20,-7,-2,-5,8,19,7,21,21,-25,-23,-24,1,sil
21.41061854362488,-6,-23,-10,-9,-16,1,8,0,21,21,-16,-10,-9,4,sil
21.42613458633423,-1,-27,-2,-21,-18,-6,0,-3,7,13,-7,3,14,12,sil
21.42613458633423,-1,-21,3,-20,-11,-14,-11,0,2,0,11,19,16,12,sil
21.44143009185791,5,-8,2,-15,-8,-16,-22,-1,5,-7,32,31,12,3,sil
21.44143009185791,14,0,11,-14,-9,-18,-29,-3,-5,-19,34,35,18,-2,sil
21.45690369606018,16,6,13,-4,-6,-19,-26,-8,-16,-25,36,28,18,-7,sil
21.45690369606018,24,16,18,4,-2,-14,-15,-1,-7,-20,39,24,13,-1,sil
21.472076416015625,24,29,20,16,1,-12,-6,2,-5,-18,30,19,8,5,sil
21.472076416015625,11,28,7,30,3,-8,-1,-3,-21,-24,18,4,-1,-2,sil
21.48762059211731,3,21,8,36,5,8,6,1,-30,-18,6,-2,-12,-5,sil
21.48762059211731,0,17,5,39,16,32,20,1,-17,0,-4,-11,-8,9,sil
21.50363278388977,-2,5,0,35,21,39,26,1,0,17,-15,-17,0,20,sil
21.50363278388977,-5,-10,-1,18,9,23,29,5,17,29,-20,-18,0,16,sil
21.51970648765564,-8,-20,-10,-5,-4,4,22,0,29,30,-31,-23,1,8,sil
21.51970648765564,-4,-23,-13,-24,-12,-5,2,3,25,14,-27,-12,4,3,sil
21.53583788871765,3,-15,-13,-31,-10,-17,-8,1,17,1,0,15,16,-1,sil
21.53583788871765,5,1,-8,-32,-6,-25,-15,-1,2,-10,4,18,9,-11,sil
21.55130410194397,-1,12,-8,-23,0,-15,-12,-4,-14,-24,-10,-4,-22,-29,sil
21.55130410194397,-11,10,-10,4,10,0,-2,-6,-16,-16,-12,-18,-40,-35,sil
21.566515922546387,-21,1,0,14,6,12,1,0,-10,-2,-16,-20,-30,-16,sil
21.56686806678772,-28,-15,-4,2,-11,11,13,7,0,7,-30,-22,-21,0,sil
21.58244776725769,-15,-30,-9,-7,-17,3,27,8,12,17,-27,-14,-10,15,sil
21.58244776725769,7,-26,1,-20,-9,7,15,1,29,28,-6,4,14,29,sil
21.59736394882202,16,-16,-2,-36,-7,0,-11,-6,40,29,12,17,35,18,sil
21.59736394882202,16,-2,0,-37,-10,-22,-28,-1,21,4,28,27,33,5,sil
21.61294865608216,24,20,10,-9,0,-25,-29,0,-3,-16,46,37,25,5,sil
21.61294865608216,31,42,20,20,16,-12,-27,0,-20,-21,49,39,21,4,sil
21.628926515579224,16,38,17,22,15,-7,-27,-2,-40,-26,30,20,3,-11,sil
21.628926515579224,-8,15,-5,3,4,-10,-26,-12,-46,-30,8,-12,-19,-30,sil
21.64375281333924,-10,14,-2,9,10,-7,-17,0,-23,-21,1,-18,-22,-27,sil
21.64375281333924,0,26,13,39,21,6,5,6,-1,-8,4,-4,-3,-10,sil
21.65935134887696,-12,7,2,30,5,13,10,-3,-16,-12,-8,-12,-6,-4,sil
21.65935134887696,-33,-19,-13,1,-9,12,4,-2,-30,-11,-26,-25,-21,0,sil
21.675945281982425,-19,-16,-7,10,4,25,23,-1,0,15,-16,-18,-6,8,sil
21.675945281982425,0,-5,12,26,16,36,33,3,28,37,-7,-7,9,12,sil
21.69165873527527,-9,-19,2,10,3,25,19,1,15,29,-16,-14,-1,4,sil
21.69165873527527,-17,-30,-18,-3,-9,11,20,-2,4,13,-24,-22,-14,5,sil
21.70776581764221,10,-9,-2,4,-9,5,36,12,24,16,-11,-1,0,27,sil
21.70776581764221,27,3,10,3,-10,-1,33,13,35,21,1,18,10,31,sil
21.72329616546631,4,-13,-1,-29,-16,-4,11,0,11,3,-11,0,-4,12,sil
21.72329616546631,-13,-26,-20,-38,-11,-4,5,-2,1,-2,-24,-21,-7,-3,sil
21.73876953125,-1,-7,-12,-12,1,-8,6,3,14,6,-3,-1,12,-2,sil
21.73876953125,10,17,12,2,7,-6,-8,1,12,0,18,23,20,0,sil
21.75430178642273,7,15,3,-2,2,-3,-23,-6,6,-2,19,19,15,-4,sil
21.75430178642273,6,-2,-6,-16,-9,-15,-23,-1,4,2,6,8,7,-10,sil
21.769327878952023,4,-10,-3,-26,-15,-29,-29,-4,-7,-11,-2,8,-2,-15,sil
21.769327878952023,-1,-7,-4,-24,-10,-29,-37,-14,-23,-34,0,5,-3,-19,sil
21.784719705581665,-2,-1,-3,-21,-5,-15,-27,-4,-28,-34,8,2,0,-19,sil
21.784719705581665,-2,3,-4,-11,1,-1,-9,0,-16,-17,8,-2,-3,-19,sil
21.80076026916504,3,15,10,13,10,1,-5,1,0,0,7,1,0,-6,sil
21.80076026916504,19,31,33,37,12,3,-6,8,10,18,24,17,16,18,sil
21.81640815734864,32,32,29,37,13,0,1,6,14,28,37,31,23,29,sil
21.81640815734864,24,19,14,23,11,5,14,5,11,12,19,29,8,23,sil
21.83150362968445,-6,-2,-9,6,2,13,18,0,4,-3,-1,5,-8,6,sil
21.83150362968445,-36,-22,-26,-20,-7,1,0,-1,-12,-18,-21,-25,-26,-16,sil
21.84738564491272,-40,-20,-26,-30,-5,-11,-9,-5,-27,-31,-37,-43,-40,-33,sil
21.84738564491272,-27,-8,-22,-5,1,0,2,-12,-26,-21,-30,-40,-35,-33,sil
21.86293625831604,-11,0,-3,10,1,11,9,0,-17,-2,-4,-17,-10,-7,sil
21.86293625831604,7,15,10,18,3,7,4,5,-6,5,18,12,15,17,sil
21.878568649291992,24,30,18,28,5,1,-4,1,-1,5,27,29,25,28,sil
21.878568649291992,23,16,16,25,3,7,-3,5,8,17,20,22,23,26,sil
21.894225358963013,9,-5,5,14,1,17,13,4,29,38,3,1,14,15,sil
21.894225358963013,0,-7,6,10,-1,25,23,5,26,37,-8,-13,1,1,sil
21.90983533859253,-13,-7,-10,3,0,24,18,0,0,5,-17,-29,-12,-13,sil
21.90983533859253,-26,-18,-29,-14,3,6,9,-7,-17,-23,-37,-43,-26,-22,sil
21.92545437812805,-17,-18,-10,-12,0,-2,5,-3,-19,-22,-42,-26,-29,-12,sil
21.92545437812805,1,-11,5,-2,-2,4,15,0,-4,2,-21,-3,-9,8,sil
21.941684007644653,7,-16,5,-14,-5,5,20,9,22,22,-17,0,2,20,sil
21.941684007644653,8,-15,1,-15,-1,-3,14,11,50,33,-14,6,16,20,sil
21.95660352706909,15,-4,6,-3,-1,-13,-1,4,54,34,17,30,37,18,sil
21.95660352706909,1,-8,0,-23,-17,-28,-25,-1,22,10,34,32,35,0,sil
21.97159504890442,-18,-20,-19,-49,-24,-42,-45,-16,-22,-25,18,12,8,-26,sil
21.97159504890442,0,0,6,-29,-4,-36,-46,-16,-43,-45,18,21,5,-15,sil
21.98640275001526,34,30,32,11,11,-24,-32,-8,-26,-37,40,44,17,5,sil
22.002392530441284,29,20,11,5,2,-21,-23,-2,-21,-38,25,23,-2,-9,goodbye
22.002392530441284,0,9,-5,-10,-2,-9,-16,4,-37,-45,-9,-11,-33,-29,goodbye
22.01753067970276,-7,24,-3,20,4,6,0,3,-22,-19,-3,-14,-25,-20,goodbye
22.01753067970276,0,27,4,49,12,22,16,6,14,18,23,-1,2,5,goodbye
22.033029079437256,-5,14,1,38,19,39,23,6,28,38,25,1,16,18,goodbye
22.033029079437256,-17,0,-6,22,17,41,14,-2,6,29,-1,-11,2,10,goodbye
22.04781579971313,-16,-14,-7,11,0,27,9,1,-17,7,-30,-34,-23,-4,goodbye
22.04781579971313,-19,-22,-17,-3,-8,19,23,2,-8,0,-40,-47,-32,-16,goodbye
22.07181668281555,-16,-8,-11,-8,-2,18,29,1,3,0,-44,-38,-28,-8,goodbye
22.07181668281555,0,2,-1,2,3,9,23,0,5,2,-37,-17,-20,7,goodbye
22.07181668281555,13,-5,-1,2,2,-1,17,-4,11,11,-6,4,4,17,goodbye
22.07873225212097,14,-7,3,-13,-3,-8,7,0,15,15,17,25,31,23,goodbye
22.094311237335205,12,0,5,-9,-10,-17,0,0,21,19,23,23,40,28,goodbye
22.094311237335205,10,-3,8,-2,-16,-19,-4,4,33,26,13,17,32,26,goodbye
22.10960960388184,8,-19,3,-30,-19,-12,0,11,34,18,10,22,24,15,goodbye
22.10960960388184,8,-20,-6,-49,-12,-17,0,5,12,-4,17,17,14,1,goodbye
22.125843048095703,9,0,0,-30,-2,-26,-18,-3,-18,-24,8,0,0,-18,goodbye
22.125843048095703,-3,8,-4,-13,-2,-25,-42,-15,-33,-35,-9,-9,-21,-39,goodbye
22.141028881073,-21,1,-12,-19,-1,-24,-48,-10,-37,-41,-5,-2,-31,-40,goodbye
22.141028881073,-19,10,-5,-10,8,-17,-35,-1,-37,-33,12,5,-21,-23,goodbye
22.156599521636963,-7,28,2,16,21,0,-18,-1,-23,-19,15,6,-8,-12,goodbye
22.156957387924194,-4,31,14,41,21,9,-7,1,-4,-3,11,7,-1,2,goodbye
22.17268753051757,3,24,13,57,14,17,7,0,5,18,12,13,11,17,goodbye
22.17268753051757,25,16,20,53,12,27,21,2,1,23,3,14,15,23,goodbye
22.18838214874268,21,10,23,43,7,31,18,3,-12,5,-9,-1,-3,6,goodbye
22.18838214874268,-9,-7,-3,28,-1,22,9,-8,-19,-3,-13,-28,-16,-20,goodbye
22.20448422431945,-16,-21,-8,4,-1,18,19,1,1,8,-13,-34,-11,-10,goodbye
22.20448422431945,-2,-13,-1,8,11,23,40,13,40,29,-17,-20,-3,18,goodbye
22.21971607208252,0,-5,-5,21,7,21,40,6,45,24,-21,-15,-5,19,goodbye
22.21971607208252,-1,-12,-1,7,-7,14,31,2,29,8,-16,-11,-8,10,goodbye
22.235356330871586,0,-23,0,-15,-16,4,31,-1,26,13,-11,-6,0,17,goodbye
22.235356330871586,-5,-33,-9,-47,-24,-6,8,-1,9,13,-22,-2,7,15,goodbye
22.25123763084412,-14,-38,-19,-67,-30,-16,-19,-6,-7,1,-20,1,13,0,goodbye
22.25123763084412,-8,-27,-13,-60,-23,-28,-26,-8,-1,0,-1,6,23,-3,goodbye
22.26637291908264,-3,-12,-13,-55,-9,-34,-26,-1,-1,0,18,12,29,-4,goodbye
22.26637291908264,0,0,-18,-41,0,-19,-26,-2,-6,-6,35,25,25,-6,goodbye
22.28152346611023,16,25,11,-4,5,-7,-21,6,4,-16,34,31,11,0,goodbye
22.28152346611023,28,43,26,15,4,-19,-16,11,3,-30,14,15,-6,-4,goodbye
22.29749631881714,18,30,9,5,0,-28,-17,2,-20,-40,-3,0,-23,-20,goodbye
22.29749631881714,7,18,7,5,0,-12,-12,-3,-32,-30,-2,3,-19,-18,goodbye
22.31302809715271,0,14,4,9,1,-2,-14,-10,-33,-7,18,7,1,-11,goodbye
22.31302809715271,-11,3,-3,-3,0,-12,-33,-11,-42,-9,25,1,2,-12,goodbye
22.328734874725345,-26,0,-16,5,11,-10,-32,-8,-37,-17,14,-9,-15,-22,goodbye
22.328734874725345,-25,12,-13,36,39,15,-2,-5,-21,0,7,-15,-19,-21,goodbye
22.34424424171448,-6,22,11,50,44,34,17,7,-2,24,7,-6,-3,4,goodbye
22.34424424171448,12,19,16,53,26,23,20,9,23,24,3,0,5,23,goodbye
22.36001753807068,26,16,17,48,6,7,22,12,29,5,-7,1,0,23,goodbye
22.36001753807068,29,6,19,31,-13,14,40,15,25,7,-7,10,-1,26,goodbye
22.375497579574585,17,-14,6,2,-32,23,54,6,39,29,-1,10,6,32,goodbye
22.375497579574585,3,-29,-5,-31,-35,17,35,3,42,26,-18,-1,4,21,goodbye
22.39056944847107,-6,-32,-16,-37,-26,6,10,-5,19,7,-34,-14,-6,0,goodbye
22.39056944847107,-22,-31,-17,-13,-11,5,0,-8,-3,0,-37,-17,-15,-9,goodbye
22.405722856521606,-40,-24,-14,0,9,9,-2,-8,-14,0,-32,-18,-18,-12,goodbye
22.405722856521606,-34,-12,-16,-6,22,8,-2,-10,-8,-1,-25,-21,-11,-11,goodbye
22.42136001586914,-6,1,-4,0,19,3,-4,0,3,2,-17,-17,-4,-3,goodbye
22.42136001586914,7,5,4,14,9,0,-11,0,12,0,-11,-10,-1,-4,goodbye
22.4372136592865,11,1,7,5,0,-5,-10,0,16,-2,2,0,9,-4,goodbye
22.45225048065185,16,4,9,-8,-6,-9,4,7,22,11,32,18,29,7,goodbye
22.45225048065185,10,0,3,-16,-14,-13,3,5,9,20,39,20,33,12,goodbye
22.46747660636902,1,-10,2,-26,-24,-15,-14,-1,-19,3,20,8,20,8,goodbye
22.46747660636902,0,-2,-3,-23,-14,-11,-12,-6,-28,-8,17,6,13,0,goodbye
22.48290324211121,-6,11,-8,-20,0,-10,-11,-1,-28,-21,14,3,4,-10,goodbye
22.48290324211121,-11,11,-6,-22,3,-13,-26,0,-32,-34,-3,-6,-10,-17,goodbye
22.49899816513061,0,10,-3,-7,10,-13,-20,-10,-16,-20,0,-1,-8,-9,goodbye
22.49899816513061,23,16,17,4,15,-9,1,0,2,-1,20,23,3,11,goodbye
22.51461124420166,28,15,23,3,6,-13,3,4,0,-5,17,30,4,11,goodbye
22.51461124420166,19,7,12,0,-8,-20,-14,0,-11,-14,5,19,-4,0,goodbye
22.530238389968872,9,1,6,2,-15,-11,-17,1,-8,-9,10,14,-7,-6,goodbye
22.530238389968872,-6,-4,-9,0,-11,1,-6,-4,2,-8,10,-1,-8,-19,goodbye
22.545754432678223,-26,-9,-15,-7,-10,-3,-12,-4,-4,-20,-15,-25,-23,-30,goodbye
22.545754432678223,-27,-3,-16,1,-3,-2,-9,-1,-5,-14,-25,-29,-27,-23,goodbye
22.56131410598755,-10,6,-13,17,11,14,10,4,3,0,-11,-16,-15,-10,goodbye
22.56131410598755,-13,0,-7,7,11,23,21,6,0,-1,-8,-13,-9,-2,goodbye
22.5773561000824,-22,-14,-11,0,1,23,25,-1,0,2,-14,-19,-7,1,goodbye
22.5773561000824,-2,0,1,24,11,29,27,7,20,28,-6,-3,9,15,goodbye
22.5933690071106,19,17,17,49,24,33,25,10,31,43,3,14,25,34,goodbye
22.5933690071106,14,2,11,35,15,25,19,2,18,41,-1,7,17,35,goodbye
22.611408710479736,0,-15,1,6,2,19,18,4,12,32,-15,-9,0,16,goodbye
22.611408710479736,-6,-16,-5,2,1,10,14,0,13,15,-20,-14,-10,1,goodbye
22.611408710479736,-1,-9,6,4,0,6,10,-2,8,8,-15,-5,-5,12,goodbye
22.626537322998047,8,-7,8,-7,0,7,16,1,14,26,-8,1,10,19,goodbye
22.62689685821533,15,-15,-1,-27,-9,-7,7,0,21,19,-2,3,18,12,goodbye
22.640608310699463,19,-11,2,-32,-17,-29,-15,1,19,-4,14,26,25,16,goodbye
22.65612268447876,24,4,3,-19,-9,-34,-25,0,23,0,37,45,41,14,goodbye
22.65612268447876,20,9,5,-16,-5,-38,-27,-1,3,-15,32,28,28,-8,goodbye
22.671740531921387,8,15,3,-13,-11,-37,-30,-7,-38,-56,17,9,-6,-27,goodbye
22.671740531921387,-1,21,-3,-7,-6,-26,-28,-13,-54,-57,18,5,-15,-28,goodbye
22.68735361099243,-7,21,-2,-2,3,-13,-28,-4,-45,-38,13,-2,-15,-26,goodbye
22.68735361099243,-10,28,-5,20,13,-1,-20,-1,-37,-31,8,-13,-22,-26,goodbye
22.702879905700684,-12,29,-2,33,20,8,-6,0,-35,-24,0,-12,-27,-17,goodbye
22.702879905700684,-16,9,-4,21,13,18,4,0,-23,-3,-9,-17,-22,-10,goodbye
22.71799898147583,-21,-5,-10,15,-1,21,11,-6,-2,14,-15,-26,-22,-11,goodbye
22.71799898147583,-19,-7,-3,8,-8,18,16,0,1,15,-23,-29,-29,-7,goodbye
22.733545780181885,-14,-22,-2,-10,-10,19,29,3,8,19,-20,-22,-17,3,goodbye
22.733545780181885,-7,-30,0,-24,-13,16,19,3,16,21,-7,-8,6,9,goodbye
22.74862241744995,-8,-26,0,-26,-13,-4,-9,-1,-1,-1,-15,-8,3,0,goodbye
22.74862241744995,-12,-29,-14,-34,-10,-18,-15,-6,-10,-21,-28,-19,-13,-9,goodbye
22.76466083526612,-2,-18,-3,-27,-3,1,2,7,24,3,-13,-2,1,1,goodbye
22.76466083526612,7,3,8,4,7,11,4,8,44,34,11,19,26,16,goodbye
22.780282020568848,8,6,3,13,3,-2,-4,0,17,18,18,17,21,18,goodbye
22.780282020568848,16,6,9,5,0,0,6,6,14,9,25,23,20,18,goodbye
22.79581093788147,25,14,11,14,15,11,21,6,39,30,29,34,33,20,goodbye
22.79581093788147,16,4,4,7,11,4,13,4,28,23,8,21,25,17,goodbye
22.81138825416565,5,-8,-9,-12,-6,-2,10,0,13,5,-7,3,11,7,goodbye
22.81138825416565,8,0,-3,-1,-4,-2,7,0,6,-1,-6,2,6,5,goodbye
22.82748413085937,3,12,8,22,4,-7,-9,4,-16,-19,-10,0,-6,-1,goodbye
22.82748413085937,-7,4,1,18,2,-3,-8,0,-24,-22,-17,-11,-12,-8,goodbye
22.843584060668945,-1,-2,3,0,0,9,9,-1,-3,4,-8,-6,-1,0,goodbye
22.843584060668945,3,3,2,3,0,7,12,-4,3,15,7,0,5,6,goodbye
22.85968279838562,-2,5,0,7,3,0,5,-3,-8,-2,-1,-4,-2,-1,goodbye
22.85968279838562,-4,0,3,-7,0,2,1,3,-10,-9,-10,-1,-11,-7,goodbye
22.874839782714844,-3,-8,-8,-19,-13,-12,-13,-6,-10,-7,2,0,-14,-14,sil
22.874839782714844,0,-6,-13,-13,-18,-29,-29,-9,-22,-17,4,-4,-11,-15,sil
22.8909080028534,-2,1,-4,0,-6,-16,-21,-7,-23,-17,0,-7,-8,-6,sil
22.8909080028534,-7,3,0,1,4,-1,-13,-7,-10,-5,6,-3,-9,-7,sil
22.90665030479431,1,9,5,7,9,3,-5,2,3,-1,9,5,-6,-4,sil
22.90699553489685,11,17,3,12,13,5,3,3,5,-9,9,10,0,0,sil
22.921682596206665,0,8,0,-6,5,-9,-14,0,-9,-19,11,2,-2,-4,sil
22.921682596206665,0,6,0,-12,0,-17,-27,0,-16,-12,16,2,-5,-11,sil
22.937667846679688,12,27,6,17,12,0,-6,1,-8,-5,25,10,3,-3,sil
22.937667846679688,10,32,17,33,17,14,8,5,-4,-4,24,7,6,5,sil
22.95316243171692,-3,3,3,20,8,16,8,-1,3,10,9,-4,5,6,sil
22.95316243171692,-8,-19,-1,4,-2,11,5,-3,8,20,-10,-9,3,4,sil
22.9686815738678,-7,-14,-2,1,-7,13,11,0,4,15,-18,-9,-3,-1,sil
22.9686815738678,0,-6,-1,7,0,23,33,-1,11,18,-10,-11,-1,3,sil
22.984028816223145,0,-14,1,-1,3,15,34,6,20,18,-14,-7,5,12,sil
22.984028816223145,-15,-27,-16,-26,-9,-12,8,2,9,6,-24,-9,2,0,sil
22.999624252319336,-19,-21,-16,-26,-14,-9,-1,0,-1,-1,-23,-9,-1,-4,sil
22.999624252319336,-11,-9,-3,-3,-1,15,15,4,4,1,-15,-9,0,3,sil
23.015876531600952,-16,-19,-13,-8,-7,7,10,0,0,-3,-25,-18,-13,-5,sil
23.015876531600952,-16,-22,-9,-24,-21,-6,-6,0,-6,-9,-30,-18,-24,-9,sil
23.03137683868408,0,-8,4,-12,-7,0,-2,5,12,8,-4,-2,-1,2,sil
23.03137683868408,9,-1,6,-7,1,1,0,11,20,19,10,14,15,9,sil
23.047306299209595,4,-1,2,-16,-8,-5,-9,2,6,2,-1,16,5,10,sil
23.047306299209595,0,0,0,-5,-10,-10,-13,-11,2,-10,-13,1,0,5,sil
23.063389778137207,10,0,6,2,-5,-13,-13,-6,1,-6,1,3,11,6,sil
23.063389778137207,23,10,6,5,4,-7,-7,0,4,3,26,23,24,10,sil
23.078796863555908,22,18,11,11,15,-1,-1,2,7,4,20,19,18,8,sil
23.078796863555908,17,13,15,16,8,-4,-2,2,1,4,8,11,9,0,sil
23.094377517700195,20,3,2,9,2,-12,-4,-10,-6,3,27,18,14,0,sil
23.094377517700195,16,-3,0,-4,7,-14,-13,-4,-17,-15,33,17,10,-2,sil
23.10954523086548,4,1,0,0,8,-13,-17,-1,-19,-29,11,2,-1,-11,sil
23.10954523086548,8,27,4,17,2,-9,-6,-6,-9,-19,11,6,-3,-3,sil
23.124694347381592,13,45,10,23,1,-2,5,-1,-3,-3,27,21,-1,8,sil
23.124694347381592,-1,32,0,14,4,3,6,0,-6,-2,18,9,-9,0,sil
23.140704870224,-20,18,-9,-1,3,5,0,0,-13,-13,-6,-10,-25,-14,sil
23.140704870224,-31,15,-13,-6,0,4,1,0,-13,-6,-9,-20,-24,-19,sil
23.156325340271,-23,1,-3,10,1,10,9,1,-11,6,-5,-27,-14,-17,sil
23.156325340271,-11,-14,6,21,10,26,13,4,-6,11,-14,-30,-17,-4,sil
23.17194104194641,-15,-25,-8,8,6,25,11,1,-1,15,-30,-31,-20,0,sil
23.17194104194641,-18,-27,-9,1,-1,13,7,3,-3,14,-36,-26,-3,-2,sil
23.187236785888672,-11,-26,-2,5,0,18,14,0,0,16,-26,-17,9,3,sil
23.187236785888672,-10,-33,-12,-12,-3,18,16,-4,15,20,-24,-13,2,8,sil
23.20336627960205,-9,-35,-15,-42,-17,-2,2,2,24,11,-24,-8,1,2,sil
23.20336627960205,0,-23,-10,-33,-18,-19,-8,3,30,0,-4,7,18,0,sil
23.21948909759521,12,-6,3,-24,-13,-16,-8,5,34,0,19,28,28,15,sil
23.21948909759521,24,2,7,-29,-7,-15,-6,5,24,0,33,37,28,16,sil
23.2356538772583,18,4,1,-18,-1,-24,-15,-4,-8,-22,30,26,6,-6,sil
23.2356538772583,1,15,6,4,1,-24,-29,-4,-38,-46,10,8,-29,-23,sil
23.25149393081665,4,31,7,19,11,-16,-24,-2,-27,-33,2,4,-29,-12,sil
23.25149393081665,14,26,14,26,15,-5,-7,0,-10,-6,12,13,0,5,sil
23.26668500900269,9,13,19,37,9,14,8,0,-8,5,4,6,1,7,sil
23.26668500900269,4,15,15,46,10,29,23,-1,-6,16,-8,-6,-8,6,sil
23.282443523406982,5,14,11,32,12,31,25,4,0,26,-5,-2,1,14,sil
23.282443523406982,-2,-6,-6,5,1,19,20,1,6,26,-3,-7,12,13,sil
23.297628164291385,-6,-24,-10,-11,-8,5,16,3,9,19,-17,-18,7,10,sil
23.297628164291385,-3,-19,-3,-18,-7,10,23,7,16,19,-16,-11,8,12,sil
23.313095331192017,0,-12,-4,-24,-11,10,20,-1,21,13,-6,-3,12,12,sil
23.313095331192017,6,-14,0,-29,-17,-14,-4,-3,17,1,-8,-4,6,7,sil
23.328425645828247,5,-11,-6,-28,-10,-27,-17,-6,21,0,-1,1,9,0,sil
23.328425645828247,1,-2,-11,-29,-1,-20,-13,-3,20,-6,13,12,21,-5,sil
23.34456729888916,-2,0,-6,-27,-8,-27,-24,-1,-2,-26,15,11,15,-16,sil
23.34456729888916,-10,2,-14,-13,-10,-33,-40,-5,-27,-34,7,1,-10,-33,sil
23.35971093177796,-10,19,-3,4,5,-19,-29,0,-33,-22,12,2,-14,-28,sil
23.35971093177796,-1,35,14,23,17,-9,-10,-3,-31,-14,24,10,-1,-17,sil
23.37385082244873,0,31,14,29,4,-10,-21,-11,-36,-21,15,4,-7,-15,sil
23.38928604125977,-1,20,7,37,2,3,-20,-4,-29,-16,0,0,-17,-7,sil
23.38928604125977,-5,13,2,45,19,26,3,-2,-14,0,2,-1,-13,1,sil
23.405351877212524,-9,5,8,33,19,34,8,0,-12,3,-2,-3,-19,1,sil
23.405351877212524,-5,-2,4,29,13,31,11,2,-2,12,-5,-3,-18,4,sil
23.4208505153656,3,-6,4,27,15,30,32,7,14,31,6,-1,-13,20,sil
23.4208505153656,3,-15,2,-2,5,33,40,14,17,36,-6,-8,-24,24,sil
23.436352014541622,-6,-32,-14,-28,-10,20,33,8,21,29,-35,-22,-20,8,sil
23.436352014541622,-6,-35,-16,-25,-16,3,23,9,28,13,-35,-24,3,5,sil
23.45334529876709,-5,-28,-14,-29,-15,0,21,5,31,1,-23,-20,9,12,sil
23.45334529876709,-7,-24,-16,-35,-14,0,18,0,27,-1,-31,-15,2,5,sil
23.467599630355835,-2,-19,-8,-23,-6,-5,13,1,26,2,-25,-5,14,0,sil
23.467599630355835,1,-17,-9,-22,-4,-15,5,-2,25,4,-3,0,24,1,sil
23.483307123184204,5,-12,-3,-33,-17,-24,-11,-1,10,-3,6,7,17,6,sil
23.483307123184204,17,5,3,-22,-16,-27,-22,-2,0,-4,19,20,21,9,sil
23.49925756454468,23,19,5,-9,-1,-27,-22,-2,0,0,28,25,29,4,sil
23.49925756454468,11,21,7,-16,0,-31,-28,0,-11,-15,19,21,20,-4,sil
23.515379428863525,10,24,3,-5,1,-25,-41,-10,-21,-25,24,23,17,-8,sil
23.515379428863525,25,33,20,19,19,-9,-34,-11,-8,-7,44,36,25,0,sil
23.5163836479187,20,39,30,36,26,1,-11,0,0,2,46,34,24,-1,sil
23.530896425247192,0,26,14,35,15,1,-8,1,-18,-8,24,4,7,-17,sil
23.54638290405273,-11,10,4,29,9,6,-8,-3,-36,-15,-1,-10,-12,-21,sil
23.54638290405273,-24,6,-3,26,12,13,6,-7,-27,-10,-9,-15,-27,-22,sil
23.561559200286865,-28,-1,-5,11,3,15,10,0,-27,-19,-10,-25,-36,-20,sil
23.561559200286865,-19,-11,-5,2,-14,12,5,2,-35,-19,-20,-28,-39,-14,sil
23.57728171348572,-11,-12,-2,15,-10,7,10,-3,-26,-2,-21,-19,-30,-6,sil
23.57728171348572,-6,-6,5,17,3,12,11,3,-9,2,-15,-12,-22,4,sil
23.592498540878296,0,-9,-4,2,-1,20,8,1,4,5,-12,-7,-17,13,sil
23.592498540878296,2,-10,-3,0,-11,16,0,1,10,8,-17,3,-14,17,sil
23.6077082157135,0,-8,8,8,-6,6,-7,5,7,10,-11,6,-5,14,sil
23.6077082157135,-3,-10,4,6,-5,2,2,3,13,15,-1,2,4,10,sil
23.62355899810791,6,-8,5,-4,-4,6,24,8,30,20,2,9,11,17,sil
23.62355899810791,15,-5,3,-2,3,6,35,6,36,19,0,9,12,23,sil
23.638941526412964,8,-6,0,-5,0,0,24,2,19,11,-8,2,10,15,sil
23.638941526412964,2,-4,-4,-14,-7,-2,12,-1,7,8,-5,1,12,7,sil
23.654621601104736,5,-2,-13,-14,-2,-5,4,-5,13,4,1,-1,13,3,sil
23.654621601104736,4,-3,-12,-15,5,-11,-7,3,20,-1,-6,-5,7,1,sil
23.67044782638549,6,2,-7,-16,11,-12,-13,8,25,14,-2,2,10,0,sil
23.67044782638549,11,4,-5,-17,10,-14,-13,3,23,26,5,3,19,0,sil
23.68632173538208,-8,-5,-20,-31,2,-12,-10,-1,9,6,-6,-11,11,-9,sil
23.68632173538208,-27,-15,-36,-45,-3,-4,-2,-4,3,-10,-9,-21,0,-19,sil
23.701080560684204,-10,-5,-11,-32,-8,-4,-4,0,0,-9,2,-10,0,-17,sil
23.701080560684204,0,1,0,-12,-13,-12,-10,-7,-6,-6,6,-3,4,-19,sil
23.7166965007782,-6,0,-8,-10,-8,-9,-7,-12,-18,-12,6,-5,-1,-21,sil
23.7166965007782,-4,6,0,-3,3,1,-7,-2,-26,-22,12,-1,-10,-17,sil
23.732096433639526,0,14,13,15,10,0,-12,-4,-25,-22,15,6,-8,-13,sil
23.732096433639526,4,19,28,26,7,-4,-15,-1,-20,-17,16,18,-5,-3,sil
23.747527837753296,18,27,29,33,8,3,-5,4,-13,-8,21,19,-2,9,sil
23.747527837753296,15,20,16,34,5,5,-4,-3,-15,-8,13,3,-7,9,sil
23.763539791107178,-10,8,7,27,0,6,-8,-4,-28,-15,0,-9,-18,-2,sil
23.763539791107178,-23,1,0,29,0,15,0,-1,-29,-13,-11,-14,-17,-7,sil
23.778977394104004,-10,-9,6,24,-1,20,13,4,-19,1,-21,-11,-8,9,sil
23.778977394104004,0,-22,9,15,-6,17,23,0,0,15,-18,0,-6,23,sil
23.794503688812256,6,-16,5,10,-5,12,22,0,18,17,-14,7,-1,22,sil
23.794503688812256,17,-3,9,0,-5,4,10,5,26,17,-13,9,12,25,sil
23.8097562789917,18,-7,0,-12,-6,-4,2,2,24,19,4,21,23,19,sil
23.8097562789917,14,-11,-8,-21,-5,-14,-3,2,14,1,19,29,27,11,sil
23.82586359977722,13,6,-5,-15,-2,-28,-21,0,-1,-21,15,24,22,-1,sil
23.82586359977722,5,22,-1,-3,0,-36,-30,-4,-12,-22,16,16,6,-17,sil
23.841280698776245,-4,17,0,-5,3,-14,-16,2,-9,-8,19,10,-7,-18,sil
23.841280698776245,-7,12,-10,-1,7,8,-1,0,-3,-5,10,-8,-11,-10,sil
23.856670141220093,-5,18,-3,20,15,11,5,1,-8,-15,-4,-19,-17,-12,sil
23.856670141220093,-4,16,7,30,21,21,22,10,4,4,-5,-12,-12,-8,sil
23.872629404068,-3,2,3,20,20,37,34,7,30,47,5,-7,1,8,sil
23.872629404068,-10,-12,-2,4,5,25,18,2,30,46,-3,-15,1,8,sil
23.88751649856568,-16,-31,-16,-13,-10,0,4,-3,17,11,-23,-25,-8,-7,sil
23.88751649856568,0,-34,-10,-22,-19,-2,4,0,15,2,-21,-16,-3,0,sil
23.903637886047363,5,-22,1,-17,-13,6,13,4,17,23,-8,-7,9,17,sil
23.903637886047363,-12,-29,-14,-24,-7,6,16,-2,13,25,-22,-24,2,4,sil
23.91941380500793,-24,-39,-18,-34,-9,0,10,-1,10,1,-43,-34,-18,-11,sil
23.91941380500793,-13,-25,-8,-28,-16,-7,9,0,22,-1,-31,-14,-8,-1,sil
23.93453478813172,0,-6,0,-27,-15,-15,0,5,26,5,-2,5,18,14,sil
23.93453478813172,14,8,5,-21,-4,-25,-20,2,4,-3,18,19,26,12,sil
23.95116686820984,18,23,3,-2,2,-34,-37,-13,-21,-20,30,30,18,-2,sil
23.95116686820984,5,27,4,-1,0,-26,-37,-8,-42,-32,28,29,8,-9,sil
23.966440677642822,2,19,2,-5,2,-11,-26,-8,-50,-42,15,14,-6,-16,sil
23.966440677642822,14,16,2,0,3,-12,-28,-16,-47,-50,5,4,-16,-20,sil
23.9804949760437,12,21,3,6,1,-11,-40,-8,-35,-36,12,11,-12,-15,sil
23.997694730758667,6,23,7,19,6,-5,-37,-3,-26,-10,21,23,-4,-2,sil
23.997694730758667,13,22,25,25,9,-3,-18,-1,-33,-16,10,23,-4,8,sil
23.997694730758667,10,22,16,23,9,5,10,3,-25,-26,5,6,-3,3,sil
24.0132224559784,-3,21,3,31,17,25,35,11,7,3,12,0,1,-1,sil
24.0132224559784,-5,16,9,45,22,39,40,15,33,32,4,-3,4,0,sil
24.02738642692566,-4,6,3,44,16,41,34,4,32,33,-1,-14,5,-3,sil
24.044406175613403,-5,4,2,35,7,32,23,5,14,24,2,-10,0,1,sil
24.044406175613403,-5,-1,0,29,4,22,20,6,-4,21,1,-8,-6,14,sil
24.044406175613403,-10,-21,-15,6,-1,12,20,0,-13,11,-22,-27,-17,4,sil
24.058558702468872,-16,-32,-18,-19,-13,0,18,1,3,10,-33,-29,-20,-5,sil
24.07971572875977,-14,-29,-16,-21,-14,-10,15,0,29,22,-13,-13,-3,4,sil
24.07971572875977,-7,-26,-7,-20,-8,-7,12,3,36,28,-3,-8,11,14,sil
24.07971572875977,-8,-24,-6,-25,-8,0,7,-1,34,27,-10,-7,11,9,sil
24.08923363685608,-14,-32,-12,-36,-14,-5,-2,-7,18,14,-20,-10,0,2,sil
24.10437393188477,-13,-36,-6,-41,-14,-12,-6,0,0,-7,-26,-10,-8,-1,sil
24.10437393188477,0,-12,1,-20,-3,-3,-3,0,6,-12,-15,4,1,0,sil
24.11980104446411,14,8,10,-8,2,-2,-5,2,17,1,7,20,21,15,sil
24.11980104446411,10,1,4,-23,-6,-18,-13,3,7,2,15,15,19,14,sil
24.13547134399414,5,-2,0,-25,-18,-27,-27,-2,-5,-23,1,7,1,-7,sil
24.13547134399414,14,6,10,-13,-15,-17,-32,-1,-12,-36,1,17,0,-12,sil
24.150693893432617,17,6,4,-14,-6,-10,-16,-2,-6,-11,18,14,11,-3,sil
24.150693893432617,12,6,1,-11,-3,-10,-8,0,2,0,24,12,15,0,sil
24.166401147842407,19,22,10,6,7,-1,-9,5,9,0,33,31,20,4,sil
24.166401147842407,27,31,9,16,19,0,-1,-2,4,5,36,34,20,3,sil
24.18149852752685,11,21,4,16,12,-7,-3,-4,-18,-16,1,2,-8,-9,sil
24.18149852752685,-9,16,-5,21,4,-7,-10,-11,-30,-39,-14,-14,-31,-24,sil
24.19755411148072,-10,25,-2,24,13,0,-9,-9,-30,-26,6,0,-27,-22,sil
24.19755411148072,-6,24,-1,28,17,2,-4,-1,-34,-12,0,-1,-24,-15,sil
24.21267008781433,-9,8,-8,28,8,5,-5,0,-35,-19,-27,-23,-30,-14,sil
24.21267008781433,-9,7,4,21,4,11,-3,2,-23,-16,-14,-26,-24,-6,sil
24.228689908981323,-3,16,10,31,11,18,8,0,-2,8,8,-7,-1,7,sil
24.228689908981323,0,9,5,35,12,18,18,5,5,28,6,1,12,20,sil
24.244284629821777,-3,-5,-1,15,2,15,23,12,6,28,0,-5,14,19,sil
24.244284629821777,-9,-12,-11,2,0,19,26,2,7,26,4,-9,12,7,sil
24.25946259498596,-7,-11,-4,3,7,25,24,0,9,30,4,-6,13,8,goodbye
24.25946259498596,-9,-16,0,0,0,15,20,-2,9,26,-4,-13,4,4,goodbye
24.275441646575928,-11,-25,-3,-15,-16,2,13,-2,6,10,-21,-23,-10,-4,goodbye
24.275441646575928,-10,-24,-11,-26,-14,3,7,1,10,6,-24,-15,-11,-6,goodbye
24.29023027420044,-14,-21,-21,-26,-4,2,-1,-2,20,9,-15,-6,-1,-4,goodbye
24.29023027420044,-3,-19,-2,-27,-7,-2,-7,-1,17,4,-10,2,5,4,goodbye
24.305737257003784,14,-7,18,-17,-3,2,7,2,25,14,1,20,22,20,goodbye
24.305737257003784,12,-6,12,-9,-1,5,19,3,36,20,8,24,27,22,goodbye
24.32142972946167,-2,-21,-2,-17,-15,-7,2,3,23,3,-2,9,9,5,goodbye
24.32142972946167,0,-23,-8,-26,-18,-24,-12,-4,10,-9,-3,0,0,1,goodbye
24.33689975738525,12,-11,1,-27,-14,-31,-16,-1,9,-22,-2,5,1,5,goodbye
24.33689975738525,2,-13,-9,-29,-23,-32,-22,1,9,-22,-4,2,0,-9,goodbye
24.352617263793945,-7,-14,-17,-33,-23,-31,-26,0,0,-14,0,2,0,-21,goodbye
24.352617263793945,2,12,3,-20,-1,-18,-17,1,-11,-26,7,11,-4,-11,goodbye
24.368249654769897,17,40,9,11,13,-7,-5,-3,-16,-34,17,13,-1,-4,goodbye
24.369250297546387,16,39,11,25,17,-5,-6,1,-16,-12,31,13,7,0,goodbye
24.38427782058716,12,33,14,23,21,-3,-7,4,-16,-2,33,11,2,0,goodbye
24.38427782058716,10,27,9,25,14,-7,-12,0,-30,-21,13,0,-13,-11,goodbye
24.39886498451233,0,13,1,17,0,-8,-20,-2,-41,-25,-4,-6,-19,-15,goodbye
24.414517879486084,-8,3,-12,13,4,4,-18,-8,-34,-12,-9,-3,-18,-13,goodbye
24.414517879486084,-3,9,-2,26,21,15,-9,-6,-33,-8,-7,2,-19,-6,goodbye
24.429855346679688,6,18,14,38,21,18,5,-3,-25,2,1,3,-9,2,goodbye
24.429855346679688,4,15,12,36,12,21,16,-6,-1,20,11,-3,3,11,goodbye
24.44556307792664,-7,0,6,24,6,20,7,-4,-1,21,6,-9,1,7,goodbye
24.44556307792664,-16,-16,-3,11,3,17,3,0,-11,15,-8,-14,-10,-2,goodbye
24.46246337890625,-14,-6,-1,7,4,27,15,12,4,20,-20,-10,-7,1,goodbye
24.46246337890625,-4,2,1,12,6,33,25,17,32,34,-8,-2,10,16,goodbye
24.46246337890625,0,-14,-2,2,0,17,28,5,45,37,2,1,20,15,goodbye
24.476259231567383,0,-19,-4,-18,-10,1,27,10,42,20,-9,1,14,4,goodbye
24.49229335784912,-4,-1,-14,-17,-9,0,21,5,27,10,-11,0,12,0,goodbye
24.49229335784912,-9,0,-15,-12,-6,-2,12,-5,2,4,-6,-16,7,-3,goodbye
24.51041293144226,-18,-16,-12,-27,-10,-2,6,-4,1,-6,-18,-33,-4,-11,goodbye
24.51041293144226,-18,-21,-21,-46,-22,-3,2,-1,11,-15,-28,-29,-10,-13,goodbye
24.51041293144226,-1,-9,-8,-40,-24,-13,-5,-3,0,-25,-24,-13,-15,-5,goodbye
24.524447679519653,5,-2,1,-13,-8,-18,-4,-14,-5,-20,-10,0,-9,-3,goodbye
24.540536165237427,5,-7,6,-3,0,-8,-4,-4,11,3,10,16,11,8,goodbye
24.540536165237427,8,-3,15,-7,0,-3,-11,10,21,17,24,31,25,30,goodbye
24.540536165237427,6,-4,7,-2,2,-18,-17,0,10,5,13,17,12,21,goodbye
24.55584526062012,2,-16,2,-1,-8,-24,-19,-2,-4,-2,5,4,1,0,goodbye
24.571025609970093,2,-15,4,-6,-11,-12,-9,3,-1,4,15,16,7,-4,goodbye
24.571025609970093,11,2,6,3,8,-4,4,4,1,-2,15,26,7,5,goodbye
24.58611297607422,28,17,8,27,18,-3,9,5,-4,-8,14,22,4,7,goodbye
24.58611297607422,29,23,9,33,7,0,0,-1,-1,0,33,18,14,4,goodbye
24.601662158966064,10,15,11,15,1,0,-9,0,1,0,30,17,14,2,goodbye
24.601662158966064,0,2,-4,4,5,-6,-7,0,-9,-7,0,1,-2,-7,goodbye
24.61773610115052,2,3,-6,9,3,-5,-14,-4,-29,-12,-11,-17,-16,-15,goodbye
24.61773610115052,-4,12,6,9,0,1,-29,-5,-43,-20,-4,-17,-18,-13,goodbye
24.6333110332489,-14,6,-3,-3,0,3,-20,-5,-29,-18,5,-6,-15,-10,goodbye
24.6333110332489,-3,3,0,-7,10,2,-5,-1,-14,-8,4,4,-18,-4,goodbye
24.64937710762024,2,9,5,5,15,6,-1,-8,-18,-8,-4,-1,-27,-5,goodbye
24.64937710762024,-7,1,-6,-1,0,5,-2,-11,-26,-14,-24,-23,-32,-13,goodbye
24.66542291641236,-14,-9,-7,-19,-10,1,1,-2,-12,-7,-38,-29,-28,-14,goodbye
24.66542291641236,-14,-8,-11,-16,-1,0,3,1,4,-1,-25,-16,-18,-16,goodbye
24.68136763572693,-20,-4,-16,-18,-6,0,7,11,10,-1,-2,-6,0,-11,goodbye
24.68136763572693,-15,-1,-10,-15,-12,13,21,16,23,13,3,-1,32,4,goodbye
24.696583032608032,0,5,3,8,6,24,29,11,37,30,-1,3,46,15,goodbye
24.696999073028564,1,10,9,14,10,12,22,8,33,21,1,6,30,14,goodbye
24.712566614151,0,0,-2,1,-3,-2,9,-3,28,15,8,7,17,6,goodbye
24.712566614151,0,-5,0,0,-2,2,-4,-2,15,14,6,2,11,6,goodbye
24.727315664291385,-4,4,3,12,6,12,-6,-1,-5,1,-2,-5,-1,1,goodbye
24.727315664291385,0,8,1,21,2,3,0,-12,-12,-9,-8,-6,-12,-2,goodbye
24.74339413642884,5,0,6,8,-6,-4,1,-6,-6,-7,-5,2,-7,0,goodbye
24.74339413642884,4,0,5,6,0,2,9,2,-4,3,0,0,-1,3,goodbye
24.75951838493347,15,5,8,15,9,8,16,5,-6,6,10,2,0,8,goodbye
24.75951838493347,20,3,7,13,5,2,8,4,-3,5,15,10,-2,11,goodbye
24.7753803730011,7,-8,1,2,-1,-1,4,2,2,9,1,0,-2,5,goodbye
24.7753803730011,1,-13,7,-3,4,2,6,8,10,19,-5,-5,2,7,goodbye
24.7906596660614,0,-12,0,-7,7,-2,0,4,8,15,6,4,8,13,goodbye
24.7906596660614,-2,-10,-5,-7,-9,-13,-1,-1,-4,-13,0,4,-5,6,goodbye
24.808273553848267,-3,-12,-2,-9,-19,-5,7,-3,1,-14,-11,-1,-10,-2,goodbye
24.808273553848267,-11,-20,-11,-23,-14,-7,-1,-4,13,8,-2,-3,0,-7,goodbye
24.822291374206543,-14,-17,-9,-24,-7,-20,-21,-4,0,-2,-4,-3,0,-5,goodbye
24.822291374206543,-5,-4,-3,-6,-1,-11,-15,-14,0,-10,-2,1,-2,-2,goodbye
24.83767318725586,-2,-2,0,-7,0,1,-10,-9,10,5,7,6,0,-4,goodbye
24.83767318725586,2,2,2,-9,6,-5,-17,7,6,-2,7,6,2,-1,goodbye
24.852900743484497,19,14,0,0,7,-14,-18,5,5,-21,5,14,10,6,goodbye
24.852900743484497,12,9,0,-11,-11,-18,-24,2,5,-20,1,11,2,0,goodbye
24.8690025806427,-1,3,-5,-15,-17,-17,-23,0,-8,-16,-3,-1,-14,-16,goodbye
24.8690025806427,12,17,0,5,6,-8,-10,3,-19,-18,7,10,-2,-9,goodbye
24.884520053863525,17,28,10,15,14,0,-2,5,-23,-16,19,20,14,-1,goodbye
24.884520053863525,0,20,4,9,1,0,-4,-7,-33,-14,13,-2,5,-9,goodbye
24.900534629821777,3,22,8,10,5,1,-5,-5,-37,-9,14,0,0,-2,goodbye
24.900534629821777,9,23,12,23,16,11,9,1,-16,3,15,14,7,2,goodbye
24.916430950164795,-8,4,4,29,11,24,32,6,9,14,-10,-11,0,-6,goodbye
24.916430950164795,-22,-14,-1,22,4,38,43,14,22,27,-30,-34,-10,-1,goodbye
24.93165397644043,-16,-23,-7,6,3,40,46,7,33,51,-8,-20,0,20,goodbye
24.93165397644043,0,-22,-6,-17,0,18,29,-1,34,45,3,-1,15,24,goodbye
24.94731879234314,2,-17,-9,-30,-8,-13,-2,-10,9,0,-11,-1,2,1,goodbye
24.94731879234314,-3,-15,-6,-22,-12,-25,-29,-11,-27,-35,-19,-6,-21,-22,goodbye
24.962793588638306,0,-1,2,-7,-4,-9,-28,-5,-40,-30,1,-1,-15,-21,goodbye
24.962793588638306,1,19,-3,6,3,-3,-16,-8,-23,-20,16,4,-5,-12,goodbye
24.97866940498352,-4,22,1,17,3,-5,-14,-4,-15,-26,0,-5,-22,-17,goodbye
24.97866940498352,-9,6,10,26,10,11,0,3,-5,-4,-10,-17,-20,-12,goodbye
24.99423766136169,-9,-2,3,26,11,32,21,5,12,30,-3,-14,-1,7,goodbye
24.99423766136169,-13,-4,-3,20,0,30,25,5,17,27,-18,-15,-9,13,goodbye
25.00966691970825,-21,-16,-13,-1,-7,12,18,-2,20,13,-37,-24,-18,2,goodbye
25.00966691970825,-20,-26,-13,-33,-12,-4,9,2,21,14,-26,-16,5,11,goodbye
25.025673151016235,-7,-13,-8,-27,-10,-9,1,8,19,21,4,8,31,23,goodbye
25.025673151016235,8,-3,0,-3,1,-13,-1,3,27,18,19,22,30,20,goodbye
25.04165983200073,14,-12,12,-13,0,-19,-2,4,36,7,7,21,20,18,goodbye
25.04165983200073,16,-12,6,-24,-10,-19,-3,2,28,1,1,18,21,14,goodbye
25.05771255493164,24,0,3,-13,-11,-21,-10,1,6,-8,11,23,15,1,goodbye
25.05771255493164,23,1,0,-10,-9,-29,-23,-3,-16,-26,15,24,2,-10,goodbye
25.073744535446167,11,-2,-11,-18,-15,-29,-30,-12,-31,-36,8,10,-4,-13,goodbye
25.073744535446167,13,6,0,-13,-13,-11,-19,-5,-25,-30,10,7,-5,-8,goodbye
25.08968687057495,22,21,12,8,6,3,0,0,-2,-9,30,17,3,-2,goodbye
25.08968687057495,15,29,14,22,20,1,4,1,2,-3,36,22,13,4,goodbye
25.10530400276184,0,28,8,18,13,-2,1,3,-1,-4,28,17,11,2,goodbye
25.10530400276184,-3,20,3,12,11,3,4,-2,-4,4,20,5,0,-6,goodbye
25.12055492401123,0,20,9,19,25,15,7,2,-14,8,3,-7,-8,-6,sil
25.12055492401123,2,21,5,41,32,26,11,2,-19,2,-6,-9,-10,-2,sil
25.13660764694214,5,9,5,42,16,24,6,-1,-18,2,-11,-4,-15,0,sil
25.13660764694214,-6,-7,4,17,-2,15,1,-3,-22,1,-18,-17,-26,-1,sil
25.15173721313477,-28,-19,-13,1,-5,15,2,-4,-22,-2,-27,-37,-27,-13,sil
25.15273690223694,-29,-20,-11,1,-3,18,4,0,-14,3,-33,-33,-15,-8,sil
25.1669602394104,-16,-22,-6,-2,-5,16,13,1,4,25,-23,-21,-1,4,sil
25.1669602394104,-14,-29,-12,-19,-6,12,23,3,24,34,-14,-18,6,10,sil
25.18262791633606,-16,-30,-12,-35,-14,6,16,3,27,21,-22,-15,8,11,sil
25.18262791633606,-10,-28,-13,-40,-26,-13,-1,-1,21,2,-20,-13,6,7,sil
25.19823288917541,0,-15,-4,-43,-21,-33,-16,1,13,-13,-3,0,5,-6,sil
25.19823288917541,0,-3,-1,-37,-12,-40,-27,-3,4,-20,4,11,5,-21,sil
25.21367812156677,-2,-5,-5,-27,-21,-42,-40,-13,-10,-31,1,3,0,-23,sil
25.21367812156677,3,5,4,-8,-18,-28,-38,-6,-15,-32,10,10,-1,-12,sil
25.22974872589112,17,36,13,21,11,-1,-9,-1,0,-12,32,32,5,2,sil
25.22974872589112,18,39,15,35,27,11,5,5,4,-4,30,26,-2,8,sil
25.24537754058838,6,21,3,32,25,16,8,5,0,-6,10,0,-11,-1,sil
25.24537754058838,5,18,2,32,26,33,24,4,2,5,-3,-1,1,1,sil
25.26068019866944,4,13,8,25,21,38,36,10,10,24,-11,3,8,15,sil
25.26068019866944,-10,-9,-8,7,1,9,26,4,11,24,-19,-8,-4,4,sil
25.276313304901123,-14,-21,-13,-6,-15,-8,16,5,7,19,-21,-21,-6,0,sil
25.276313304901123,-1,-22,-4,-9,-14,0,22,7,15,23,-8,-7,14,15,sil
25.291592597961422,5,-26,-4,-21,-12,-7,5,0,22,10,3,15,23,16,sil
25.291592597961422,7,-7,2,-26,-11,-23,-21,-3,2,-19,12,23,8,-1,sil
25.306360244750977,11,20,6,0,2,-16,-24,-8,-21,-29,25,17,1,-10,sil
25.306360244750977,14,20,11,8,9,-7,-24,-7,-32,-28,26,15,3,-5,sil
25.321541786193848,2,8,3,1,-1,-5,-29,-6,-34,-27,15,4,-8,-10,sil
25.3386025428772,-11,10,-1,17,0,11,-11,-6,-28,-6,1,-16,-21,-14,sil
25.3386025428772,-8,1,9,29,13,29,18,1,-9,22,-8,-18,-13,4,sil
25.3386025428772,-3,-16,0,15,10,23,30,4,12,39,-12,-17,-3,22,sil
25.35327339172364,0,-9,-4,9,6,16,25,10,17,36,-12,-14,-1,23,sil
25.35327339172364,6,5,6,13,4,12,18,7,23,28,-3,3,4,19,sil
25.368353605270386,9,-2,3,-7,-4,-11,-1,-6,29,21,2,13,7,13,sil
25.368353605270386,13,-7,-1,-28,-8,-28,-23,-3,19,3,-6,6,5,5,sil
25.38397026062012,14,-3,-8,-25,-1,-21,-21,-4,8,-20,-3,5,17,-1,sil
25.40170431137085,11,-1,-1,-21,-8,-22,-13,-7,1,-29,16,21,28,-6,sil
25.40170431137085,14,11,17,-11,-12,-20,-8,3,-3,-17,33,36,25,-6,sil
25.40170431137085,11,18,13,2,-1,-10,-12,7,-13,-19,19,25,5,-12,sil
25.41533589363098,-8,6,-2,1,0,-10,-29,-1,-34,-37,-6,-7,-16,-23,sil
25.43173575401306,-23,5,-13,2,0,-6,-24,-15,-49,-36,-7,-27,-21,-30,sil
25.43173575401306,-23,7,-11,8,4,9,-5,-7,-43,-26,-7,-27,-26,-30,sil
25.43173575401306,-24,0,-8,11,4,24,6,6,-22,-16,-28,-29,-32,-20,sil
25.4464008808136,-23,-4,-12,16,11,34,26,1,-1,7,-30,-28,-20,-5,sil
25.46149444580078,-22,-5,-5,14,12,42,41,7,12,28,-18,-25,-12,5,sil
25.46149444580078,-20,-19,-8,8,0,34,37,12,27,39,-20,-27,-14,7,sil
25.477230548858643,-5,-27,-5,0,-6,8,25,8,38,41,-19,-17,0,17,sil
25.477230548858643,4,-20,-1,-18,-4,-8,13,1,29,28,-4,-1,13,20,sil
25.492632150650024,0,-15,-8,-27,-6,-7,12,-3,21,14,-1,-1,8,11,sil
25.492632150650024,0,-12,-2,-26,-8,-1,14,6,28,13,-7,-1,3,10,sil
25.508729457855225,4,-13,-5,-29,-8,-13,1,6,32,19,2,7,12,7,sil
25.508729457855225,13,-8,-5,-27,-14,-29,-14,-5,20,17,20,22,19,10,sil
25.52426385879517,22,12,17,-8,-9,-18,-17,-4,12,4,22,37,20,17,sil
25.52426385879517,21,25,16,11,0,-9,-21,0,3,-12,15,31,15,3,sil
25.539689779281616,16,15,4,12,0,-20,-31,-2,-18,-26,13,18,5,-11,sil
25.539689779281616,8,5,0,4,-4,-24,-26,-12,-33,-34,18,11,-2,-13,sil
25.55570960044861,5,9,9,4,0,-17,-23,-14,-40,-42,10,5,-10,-16,sil
25.55570960044861,13,23,22,15,7,-11,-24,-5,-38,-38,11,12,-5,-8,sil
25.57125234603882,12,24,12,20,7,-8,-15,-9,-29,-19,26,22,4,0,sil
25.57125234603882,0,14,5,8,2,-1,-9,-2,-25,-18,17,14,-1,-4,sil
25.586355447769165,-2,16,7,15,11,13,4,7,-5,-13,2,2,-8,-1,sil
25.586355447769165,2,21,8,35,23,26,17,6,18,2,5,1,2,6,sil
25.601680040359497,-2,14,11,32,15,26,10,5,6,2,1,0,6,2,sil
25.601680040359497,-16,0,-1,21,3,22,9,0,-6,0,-5,-8,0,-4,sil
25.6176176071167,-15,-8,-4,21,0,20,19,9,-1,6,-8,-18,-3,-2,sil
25.6176176071167,-5,-10,1,25,5,25,26,14,10,25,-9,-16,1,2,sil
25.63272380828857,-3,-15,-6,16,14,27,32,2,22,43,-9,-8,4,10,sil
25.63272380828857,-3,-23,-13,0,5,13,27,-1,17,34,-18,-7,-2,10,sil
25.648364305496216,-4,-28,-16,-10,-14,0,14,1,7,18,-32,-21,-6,0,sil
25.648364305496216,-5,-27,-9,-22,-15,4,13,7,9,25,-29,-24,0,7,sil
25.66350626945496,0,-19,-10,-28,0,10,18,8,17,35,-12,-14,9,18,sil
25.66350626945496,1,-13,-20,-32,-1,0,11,0,12,23,-4,-11,7,15,sil
25.67958974838257,-4,-13,-18,-48,-13,-12,-3,0,6,7,-14,-16,-4,8,sil
25.67958974838257,-9,-14,-19,-55,-20,-24,-17,-6,8,-1,-21,-22,-10,-4,sil
25.69566559791565,-7,-10,-15,-50,-20,-27,-32,-5,-1,-9,-14,-15,-7,-13,sil
25.69566559791565,-3,-4,-12,-51,-11,-25,-34,-2,-22,-19,4,1,-6,-6,sil
25.71153330802917,3,0,-9,-41,-8,-31,-30,-10,-31,-34,15,11,-10,-6,sil
25.71153330802917,6,9,11,-14,-13,-34,-32,-8,-22,-41,13,12,-16,-18,sil
25.72758150100708,2,12,15,0,-8,-20,-24,-6,-7,-26,20,14,-17,-24,sil
25.72758150100708,0,8,7,-4,0,-11,-18,-5,-11,-26,22,15,-20,-21,sil
25.74270820617676,0,15,18,12,5,-9,-17,-4,-16,-37,19,18,-24,-20,sil
25.74270820617676,7,31,31,47,24,-1,-6,-6,3,-23,31,26,-8,-11,sil
25.7582643032074,16,35,34,57,26,9,3,4,18,-1,28,28,14,4,sil
25.7582643032074,5,25,13,55,9,13,8,4,19,3,4,14,17,3,sil
25.77387857437133,-4,20,10,58,6,17,15,2,24,2,0,3,9,3,sil
25.77387857437133,1,23,17,61,18,30,33,9,16,7,6,6,15,12,sil
25.78949761390686,0,13,1,51,18,33,38,5,-9,11,-3,1,18,10,sil
25.78949761390686,-10,-3,-2,27,3,26,22,5,-19,15,-14,-4,13,9,sil
25.805587768554688,-16,-18,-2,12,-2,22,20,3,1,27,-11,-8,22,10,sil
25.805587768554688,-17,-27,-12,0,-4,14,21,1,4,26,-21,-18,27,1,sil
25.82049465179444,-9,-25,-13,-16,-12,3,6,0,-4,13,-32,-24,17,1,sil
25.82049465179444,3,-25,-20,-26,-13,0,9,0,13,14,-18,-16,22,13,sil
25.836365222930908,8,-27,-15,-36,-7,-1,16,2,34,17,-10,-6,36,17,sil
25.836365222930908,4,-21,-10,-40,-8,-11,-1,-2,25,6,-9,-4,30,9,sil
25.851726770401,11,-13,-10,-32,-8,-21,-23,-8,2,-2,-4,1,19,5,sil
25.851726770401,22,-8,-3,-32,0,-19,-17,1,-5,3,11,19,25,11,sil
25.86759185791016,26,3,3,-32,-3,-20,-17,1,-4,10,33,30,28,11,sil
25.86759185791016,31,22,15,-16,-7,-22,-32,3,-14,-4,34,23,0,3,sil
25.88290429115296,21,32,15,5,6,-10,-22,7,-23,-10,15,10,-29,-5,sil
25.898454189300537,-1,21,1,7,16,0,-7,1,-26,-4,5,-5,-48,-13,sil
25.898454189300537,-13,7,-1,-4,6,-3,-12,-4,-33,-19,7,-17,-83,-20,sil
25.898454189300537,-19,3,-8,-1,1,-1,-13,-14,-31,-32,2,-16,-121,-27,sil
25.913593769073486,-27,2,-12,2,0,0,-10,-7,-21,-26,-13,-13,-127,-22,sil
25.913593769073486,-23,1,-11,5,-4,2,-6,-2,-17,-17,-19,-13,-137,-14,sil
25.92929553985596,-17,-3,-3,12,-3,18,5,-6,-17,-13,-16,-10,-161,-7,sil
25.92929553985596,-18,-12,2,17,4,37,20,-2,-3,0,-21,-8,-72,-1,sil
25.94737148284912,-16,-14,-4,14,12,34,40,6,27,25,-20,-14,118,5,sil
25.94737148284912,-3,-9,6,12,4,20,49,12,42,40,-9,-10,196,16,sil
25.95973777770996,3,-10,15,9,-9,6,32,5,41,31,-1,-1,143,19,sil
25.95973777770996,2,-16,-1,-7,-11,-8,7,-2,42,17,4,2,111,14,sil
25.976258993148804,9,-9,0,-17,-6,-22,-13,4,34,4,8,9,104,9,sil
25.976258993148804,15,3,6,-3,-9,-32,-25,0,19,-4,9,13,63,0,sil
25.99127769470215,8,5,2,-4,-10,-31,-25,-3,5,-14,4,15,20,-6,sil
25.99127769470215,1,3,-5,-18,0,-16,-16,1,0,-20,11,20,6,-10,sil
26.00734853744507,9,10,-2,-9,4,-9,-13,-4,-9,-21,22,17,5,-10,sil
26.00734853744507,16,24,15,9,7,-8,-13,-1,-26,-16,16,13,-7,-3,sil
26.02270531654358,2,22,5,16,10,-4,-15,-3,-37,-13,1,6,-30,-5,sil
26.038243532180783,-14,5,-11,6,6,1,-18,-7,-38,-20,-8,-9,-47,-20,sil
26.038243532180783,-12,3,0,11,10,15,-2,0,-23,-11,-5,-17,-46,-20,sil
26.053827047348022,-1,6,6,28,15,27,21,4,-1,16,-5,-15,-37,2,sil
26.053827047348022,-2,-4,2,13,-1,23,28,6,2,20,-22,-18,-37,20,sil
26.069737911224365,-11,-16,-7,-6,-14,17,29,0,8,18,-26,-20,-38,13,sil
26.070739269256592,-1,-17,-5,-3,0,18,26,1,30,35,-8,-7,-21,15,sil
26.094501972198486,14,-14,0,-6,3,9,11,10,44,36,5,11,1,29,sil
26.094501972198486,18,-11,-4,-21,-12,-17,-4,4,33,9,10,16,10,22,sil
26.094501972198486,19,-3,5,-24,-18,-36,-22,0,5,-12,17,20,10,8,sil
26.094501972198486,19,4,5,-19,-9,-29,-28,-6,-10,-10,28,28,12,0,sil
26.116381883621216,15,16,-1,-14,0,-15,-20,-8,-22,-18,31,27,11,-11,sil
26.116381883621216,8,26,2,2,8,0,-4,0,-31,-35,20,12,0,-18,sil
26.131829738616943,0,17,2,22,14,9,7,0,-25,-28,2,-4,-11,-17,sil
26.131829738616943,-6,9,4,28,12,12,7,4,-19,-7,-11,-10,-8,-10,sil
26.14748764038086,-9,11,4,33,17,22,15,1,-14,7,-8,-12,1,-2,sil
26.14748764038086,-14,4,5,37,14,30,27,-3,-3,11,-12,-16,0,1,sil
26.16252565383911,-18,-10,8,21,-1,23,23,-1,8,18,-27,-16,-6,1,sil
26.16252565383911,-19,-19,-11,-5,-10,7,10,-4,15,28,-21,-17,1,3,sil
26.17785692214965,-17,-21,-19,-27,-13,-1,-1,0,11,15,-5,-13,13,11,sil
26.17785692214965,-10,-18,-5,-28,-15,-11,-11,1,6,-1,1,-2,11,7,sil
26.19384384155273,-3,-14,0,-20,-8,-19,-19,-6,2,-6,-5,-1,-2,-9,sil
26.19384384155273,-8,-12,-5,-20,-4,-19,-17,-3,0,-6,-16,-5,-9,-15,sil
26.20947241783142,-20,-19,-20,-27,-14,-16,-12,-3,1,-6,-5,-8,-3,-17,sil
26.20947241783142,-19,-21,-15,-26,-15,-15,-17,0,-2,-13,1,-10,-5,-16,sil
26.225637674331665,-2,-2,-1,-3,2,-14,-13,2,-4,-14,-3,-3,-8,-6,sil
26.225637674331665,12,11,6,11,15,-6,-1,-1,1,-3,3,6,3,3,sil
26.24110078811645,15,8,9,2,7,0,-7,2,-4,-2,5,6,6,1,sil
26.24110078811645,9,4,2,-4,-3,-1,-14,1,-13,-12,-7,-3,-4,-7,sil
26.25667452812195,14,7,3,0,-5,-2,-6,1,-6,-10,-4,1,-5,0,sil
26.25667452812195,19,11,11,3,0,8,0,4,4,0,15,14,9,12,sil
26.27230381965637,17,14,12,5,3,9,-2,-3,3,-2,23,19,19,20,sil
26.27230381965637,16,20,17,5,3,7,2,-1,1,-2,18,22,16,25,sil
26.28761076927185,17,25,9,14,6,11,16,1,17,14,18,18,16,21,sil
26.28761076927185,18,23,11,29,12,15,21,3,26,27,12,14,17,13,sil
26.303624391555783,12,15,10,29,15,19,24,6,24,30,10,11,11,6,sil
26.303624391555783,1,5,-5,20,15,17,33,7,23,27,9,-2,3,-2,sil
26.31869602203369,3,4,0,19,17,12,35,13,25,24,6,-6,3,1,sil
26.31869602203369,3,3,0,17,16,9,19,1,20,20,10,7,9,11,sil
26.33396887779236,-8,-4,-6,2,0,0,-4,-3,-4,1,7,2,0,0,sil
26.33396887779236,-12,-8,-5,0,-17,-10,-6,-2,-21,-19,-6,-18,-14,-14,sil
26.349659204483032,-12,-8,-12,0,-15,-9,0,-11,-26,-31,-24,-18,-25,-18,sil
26.349659204483032,-24,-17,-15,-26,-11,-17,-13,-12,-50,-48,-40,-11,-34,-23,sil
26.365275144577023,-30,-26,-16,-38,-16,-28,-31,-13,-60,-48,-38,-22,-36,-33,sil
26.365275144577023,-21,-26,-12,-26,-16,-22,-32,-5,-36,-24,-23,-25,-26,-22,sil
26.38030815124512,-14,-23,-6,-22,-9,0,-11,5,-8,2,-17,-9,-7,-1,sil
26.38030815124512,-15,-21,-10,-16,-2,17,17,5,16,21,-17,-7,7,6,sil
26.39543843269348,-5,-7,4,-1,4,19,19,10,30,25,-7,-1,8,12,sil
26.39543843269348,12,8,16,7,7,6,0,3,23,18,15,15,9,14,sil
26.41065359115601,16,6,12,1,5,-9,-4,-5,12,16,27,20,15,9,sil
26.41065359115601,2,5,5,-8,5,-13,-7,1,11,14,25,12,13,-1,sil
26.426316261291504,4,15,-1,-2,3,-16,-15,-1,9,8,28,9,12,-4,sil
26.426316261291504,13,17,8,9,-6,-14,-13,0,0,7,17,7,14,7,sil
26.44128942489624,2,1,4,6,-10,-2,-2,4,3,7,3,-1,8,11,sil
26.44128942489624,0,-2,-6,-2,-8,1,-7,-1,2,-6,0,-1,-2,0,sil
26.45632696151733,12,11,1,4,-6,2,-13,-4,-5,-21,-1,6,-3,0,goodbye
26.47182488441468,11,11,1,14,0,5,0,-6,-7,-20,-5,0,-1,0,goodbye
26.47182488441468,4,0,0,0,4,7,0,-2,-15,-19,-4,-5,-6,-1,goodbye
26.47182488441468,13,4,0,-1,4,3,-6,-2,-10,-8,2,4,-2,3,goodbye
26.487877368927,15,6,0,8,3,-1,-2,0,0,0,0,6,0,4,goodbye
26.504563570022583,-3,-9,0,-2,2,-4,0,3,-7,-14,-9,-11,-9,-9,goodbye
26.504563570022583,-19,-14,-9,-16,2,0,-1,-2,-8,-15,-11,-17,-10,-15,goodbye
26.504563570022583,-10,3,-6,-9,0,7,2,4,7,0,-11,-6,-2,-4,goodbye
26.51973390579224,3,16,5,8,0,10,13,7,8,1,-6,0,-4,1,goodbye
26.51973390579224,9,9,11,16,6,8,20,0,11,6,11,5,7,12,goodbye
26.535764932632446,4,-2,10,5,8,1,15,5,20,18,17,15,24,23,goodbye
26.535764932632446,-13,-13,-5,-1,0,1,7,1,0,10,0,3,4,-1,goodbye
26.5493905544281,-22,-9,-7,12,-1,8,3,-7,-26,-10,-21,-14,-29,-28,goodbye
26.5493905544281,-10,7,2,28,9,12,6,-2,-10,-1,-16,-13,-21,-14,goodbye
26.565465927124023,-1,6,4,14,12,10,13,4,11,24,4,-2,7,9,goodbye
26.582082986831665,-2,-5,3,-2,1,11,16,9,8,27,5,2,7,11,goodbye
26.582082986831665,0,-4,-8,4,1,1,12,1,8,11,0,-1,0,0,goodbye
26.59665584564209,3,2,-3,6,9,-11,2,0,9,0,7,1,4,2,goodbye
26.597219944000244,-1,0,5,-5,5,-5,1,2,7,9,14,4,12,6,goodbye
26.6127724647522,-5,-2,-6,-5,0,1,5,-1,6,16,-1,-3,10,1,goodbye
26.6127724647522,6,7,0,3,3,-1,-4,0,0,5,0,0,8,9,goodbye
26.6127724647522,18,15,16,11,7,-3,-17,-2,0,5,19,20,14,15,goodbye
26.630351066589355,8,0,11,-1,-7,0,-21,0,0,3,8,14,4,2,goodbye
26.630351066589355,-3,-19,-2,-28,-21,-2,-9,0,-7,-10,-17,-9,-12,-6,goodbye
26.64377737045288,4,-20,-13,-39,-18,-15,0,-8,-2,-13,-17,-11,-11,-4,goodbye
26.658688068389893,12,-16,-10,-41,-17,-18,-12,-5,2,-8,-10,2,0,0,goodbye
26.658688068389893,0,-16,-13,-30,-19,-2,-16,-4,0,-11,-10,4,0,-6,goodbye
26.67482018470764,-11,-5,-8,-6,-9,4,0,1,3,-12,-5,-2,0,-8,goodbye
26.67482018470764,4,10,3,5,0,-4,7,12,13,-1,10,6,6,-2,goodbye
26.69084119796753,21,9,3,-4,-5,-15,-5,2,10,-2,21,15,18,-1,goodbye
26.69084119796753,3,4,2,-8,-5,-17,-15,-3,-8,-16,9,3,5,-7,goodbye
26.70668601989746,-17,8,0,4,5,-6,-2,-2,-13,-7,1,-15,-9,-7,goodbye
26.70668601989746,-3,9,4,12,7,0,2,-3,-8,3,4,-14,-9,1,goodbye
26.72161650657653,4,7,7,15,1,-4,-12,-2,-20,-12,-2,-3,-11,0,goodbye
26.72161650657653,-14,0,-10,12,0,-7,-18,-8,-24,-20,-2,0,-11,-8,goodbye
26.73736429214477,-12,0,-1,5,0,-2,-9,-2,-9,-15,8,9,-1,3,goodbye
26.73736429214477,3,10,10,19,11,9,0,2,-1,-18,6,10,-3,8,goodbye
26.752827405929565,-4,11,-4,23,18,15,3,0,-14,-10,-13,-7,-13,-8,goodbye
26.752827405929565,-12,0,-3,2,9,13,7,0,-14,9,-9,-13,-7,-9,goodbye
26.768871068954468,3,4,4,14,7,11,6,-5,-6,3,11,-3,2,1,goodbye
26.768871068954468,12,14,7,29,9,14,0,4,-10,-15,8,4,2,4,goodbye
26.78449440002441,2,7,4,10,6,10,5,9,0,5,-3,5,2,2,goodbye
26.78449440002441,3,0,10,1,9,3,10,0,15,35,-2,9,1,2,goodbye
26.799628257751465,13,3,20,7,8,4,10,4,13,32,2,11,1,10,goodbye
26.799628257751465,1,-7,-3,-8,-1,4,15,6,8,18,-8,-9,-1,0,goodbye
26.815612077713013,-14,-20,-18,-21,-6,4,18,4,7,1,-28,-26,-10,-16,goodbye
26.815612077713013,-9,-9,-3,-4,0,10,17,4,18,5,-17,-4,-5,-8,goodbye
26.83100652694702,3,-2,7,8,-1,7,18,8,30,30,12,11,11,14,goodbye
26.83100652694702,4,-9,4,1,-12,1,9,8,21,32,15,2,11,15,goodbye
26.846472024917603,-5,-11,-11,-5,-8,6,3,-7,8,13,-2,-9,3,3,goodbye
26.846472024917603,-9,-9,-10,-8,2,10,4,-8,4,3,-11,-9,1,3,goodbye
26.8616635799408,-4,-8,-4,-6,2,0,6,-2,3,8,-2,-5,7,8,goodbye
26.8616635799408,-4,-7,-13,-3,-7,-6,4,-6,2,5,5,-4,12,8,goodbye
26.87754988670349,-7,-6,-13,-12,-7,0,2,-2,2,-13,-4,-10,5,4,goodbye
26.87754988670349,-10,-6,-10,-23,1,0,5,0,2,-16,-16,-13,0,-5,goodbye
26.892558097839355,-6,-2,-4,-22,0,-14,-6,-1,-2,-9,-19,-6,-9,-5,goodbye
26.892558097839355,7,9,1,-5,-8,-19,-20,0,-1,-16,1,8,-6,-1,goodbye
26.90774297714233,16,19,3,-3,-8,-17,-23,0,0,-22,28,19,6,-4,goodbye
26.90774297714233,6,3,2,-35,-15,-24,-28,3,-6,-18,12,13,4,-8,goodbye
26.92332434654236,1,-14,0,-37,-20,-26,-20,0,1,-12,-4,4,2,-2,goodbye
26.92332434654236,14,-8,6,-4,-9,-16,-10,1,18,-3,14,9,21,8,goodbye
26.93899154663086,12,0,11,1,-3,-19,-22,1,7,-1,18,12,17,1,goodbye
26.93899154663086,4,4,5,-9,-1,-27,-37,-12,-19,-8,3,12,-6,-16,goodbye
26.954729080200195,12,17,16,6,11,-13,-32,-10,-34,-16,15,22,-7,-11,goodbye
26.954729080200195,8,18,12,29,19,5,-18,-6,-36,-21,21,17,-4,-8,goodbye
26.97024393081665,0,13,4,37,11,9,-4,-3,-35,-20,4,1,-18,-10,goodbye
26.97024393081665,9,27,13,44,12,16,11,5,-23,-1,2,2,-16,0,goodbye
26.98649334907532,13,29,8,51,22,28,25,5,-9,8,6,3,-1,11,goodbye
26.98649334907532,3,10,10,45,19,31,29,5,-13,0,-3,2,-5,9,goodbye
27.00155878067017,-3,-2,6,35,12,26,30,2,-12,7,-3,1,-3,5,goodbye
27.00155878067017,-14,-9,-10,18,6,19,24,0,1,20,2,-6,5,2,goodbye
27.01768708229065,-25,-14,-16,4,-2,12,19,3,11,11,-8,-21,-3,-5,goodbye
27.01768708229065,-18,-15,-10,-1,-12,3,22,0,13,0,-11,-17,-10,-4,goodbye
27.033296585083008,3,-6,4,-5,-7,1,16,2,15,7,1,3,4,13,goodbye
27.033296585083008,6,0,6,-1,2,9,10,4,18,21,4,2,8,13,goodbye
27.04849410057068,-11,-8,-3,-5,-4,12,7,1,14,18,-18,-19,-7,-4,goodbye
27.04849410057068,-17,-15,-4,-17,-11,4,3,0,11,6,-28,-17,-10,-1,goodbye
27.06453347206116,-5,-7,-7,-21,-2,-3,2,-3,17,13,-13,-5,-1,12,goodbye
27.06453347206116,-2,0,-5,-32,0,-4,0,3,18,17,-10,-9,2,8,goodbye
27.080229997634888,-14,-8,-14,-43,-7,-1,-2,2,14,6,-22,-22,2,-4,goodbye
27.080229997634888,-15,-19,-27,-36,-3,-5,-3,-6,16,4,-31,-25,-2,-8,goodbye
27.09575462341309,0,-13,-14,-29,1,-9,0,5,27,16,-20,-8,5,3,goodbye
27.09575462341309,8,-4,-8,-29,0,-11,0,6,29,18,-1,0,22,3,goodbye
27.111310482025143,-9,-12,-15,-34,-11,-19,-24,-3,0,-7,-12,-17,1,-16,goodbye
27.111310482025143,-19,-15,-19,-34,-13,-19,-38,-6,-21,-31,-26,-25,-23,-31,goodbye
27.12666368484497,-1,-6,-9,-26,-3,-9,-19,-3,-10,-23,0,-8,-6,-17,goodbye
27.12666368484497,10,-2,6,-19,-4,-5,-8,1,-3,-11,22,10,8,-2,goodbye
27.14239239692688,14,1,9,-3,-7,-7,-13,-1,-11,-13,26,23,11,-5,goodbye
27.14239239692688,30,21,23,25,4,-2,-13,0,-18,-15,42,39,22,1,goodbye
27.157411575317383,37,39,37,49,16,-1,-11,0,-15,-9,59,49,29,17,goodbye
27.17343473434448,30,41,33,53,8,-11,-15,-5,-14,-10,57,52,20,19,goodbye
27.17343473434448,25,35,32,52,0,-11,-13,-5,-26,-14,46,49,5,13,goodbye
27.17343473434448,11,26,18,60,5,7,7,-8,-26,-5,25,19,-8,2,goodbye
27.1902334690094,-4,11,7,60,13,28,25,0,-11,-1,-9,-10,-20,0,goodbye
27.1902334690094,-14,-7,3,43,14,36,41,8,4,1,-29,-18,-23,9,goodbye
27.20575380325317,-24,-26,-9,20,5,28,48,5,11,13,-32,-22,-23,6,goodbye
27.20575380325317,-24,-36,-8,-4,-4,11,32,13,13,18,-33,-22,-15,4,goodbye
27.22139406204224,-13,-27,-9,-20,-10,-5,7,9,19,18,-20,-12,0,9,goodbye
27.22139406204224,-9,-14,-15,-30,-15,-21,-14,-1,7,2,-10,-8,0,0,goodbye
27.236976385116577,-6,-7,-14,-42,-18,-30,-30,-6,-15,-25,-11,-9,-7,-16,goodbye
27.236976385116577,4,1,-12,-42,-10,-26,-31,-9,-19,-36,-4,0,-2,-17,goodbye
27.251877069473267,13,23,-3,-19,1,-12,-23,-2,-7,-23,9,14,2,-11,goodbye
27.26841831207276,13,36,2,13,14,0,-15,0,-2,0,23,22,7,-6,goodbye
27.26841831207276,13,29,12,28,22,10,-5,-6,-6,9,23,13,7,0,goodbye
27.26841831207276,4,17,13,25,16,25,9,-5,-10,9,0,-6,-3,0,goodbye
27.282527685165405,-6,0,-3,23,8,30,20,-2,0,28,-15,-26,-1,4,sil
27.282527685165405,-2,-16,-1,2,2,19,22,10,24,49,-10,-20,14,19,sil
27.29796957969665,0,-22,-2,-22,-5,14,30,12,41,47,-2,-7,22,20,sil
27.31355619430542,-13,-27,-18,-32,-10,13,30,6,34,34,-9,-13,11,6,sil
27.31355619430542,-25,-34,-19,-33,-6,4,10,3,21,28,-23,-25,-4,-4,sil
27.328888416290283,-22,-33,-17,-32,-10,-8,-5,0,19,18,-27,-26,-8,-9,sil
27.328888416290283,-9,-23,-11,-35,-18,-15,-10,1,7,-14,-25,-17,-3,-5,sil
27.345600366592407,-5,-15,-11,-39,-17,-22,-12,-3,-8,-37,-12,-4,0,-8,sil
27.345600366592407,0,-5,-4,-28,-11,-23,-18,-9,-16,-33,2,14,1,-11,sil
27.36027336120605,13,12,15,-4,-1,-13,-15,0,-11,-30,16,25,6,-3,sil
27.36027336120605,15,21,13,6,8,-13,-14,-2,-3,-35,21,21,2,-3,sil
27.375890254974365,12,23,9,2,6,-24,-31,-6,-16,-39,16,18,-5,-8,sil
27.375890254974365,10,30,14,17,6,-16,-28,-3,-30,-24,19,16,-6,-8,sil
27.39164686203003,3,36,14,36,19,6,-1,-3,-22,-3,24,9,-4,-4,sil
27.39164686203003,-3,24,10,39,19,18,6,0,-16,-4,9,5,-7,4,sil
27.40774798393249,-9,-5,-4,36,0,14,0,-3,-20,-12,-9,-6,-17,0,sil
27.40774798393249,-16,-22,-10,21,-9,12,1,2,-18,-6,-19,-26,-28,-8,sil
27.423266887664795,-14,-9,-8,9,0,19,14,8,4,11,-20,-23,-21,-5,sil
27.423266887664795,0,0,-1,17,1,17,27,5,30,32,-9,-7,-1,13,sil
27.43931102752685,9,-5,5,8,-5,9,29,8,36,39,1,1,13,25,sil
27.43931102752685,5,-14,-6,-15,-10,-1,14,2,30,33,2,2,29,20,sil
27.455464601516724,15,-9,1,-20,-8,-15,-8,-1,15,14,6,14,32,15,sil
27.455464601516724,30,9,17,-3,-1,-15,-17,0,5,0,20,31,19,11,sil
27.47076940536499,26,19,12,-2,7,-5,-12,2,6,-3,30,38,15,2,sil
27.47076940536499,13,19,8,-7,8,-6,-8,-1,3,-3,28,34,18,-4,sil
27.486462593078613,5,22,6,6,5,-10,-6,-13,-21,-10,25,18,3,-14,sil
27.486462593078613,0,16,9,26,8,-5,-10,-11,-53,-28,8,1,-23,-18,sil
27.501436948776245,-10,2,5,27,13,3,1,-2,-57,-25,-14,-19,-33,-15,sil
27.501436948776245,-23,-4,-11,15,14,17,27,0,-27,5,-23,-34,-17,-10,sil
27.51682186126709,-21,-9,-4,8,6,30,34,10,8,27,-22,-30,0,3,sil
27.51682186126709,-18,-26,-6,1,-4,23,26,8,32,27,-29,-29,-4,7,sil
27.532331228256226,-22,-38,-21,-28,-15,4,20,2,35,19,-36,-34,-13,3,sil
27.532331228256226,-12,-27,-12,-40,-14,5,17,8,43,26,-17,-16,7,17,sil
27.547227382659912,7,-10,-3,-16,-5,5,9,6,57,35,7,9,32,27,sil
27.547227382659912,17,-6,-1,-15,-8,-13,-12,3,36,12,9,18,26,18,sil
27.562865257263184,16,-10,-3,-29,-16,-29,-36,-7,0,-21,6,15,8,3,sil
27.562865257263184,3,-9,-6,-29,-15,-29,-46,-12,-20,-42,3,7,-2,-10,sil
27.577946424484253,-10,0,-10,-27,-12,-25,-44,-7,-24,-44,0,5,-11,-25,sil
27.577946424484253,-4,9,-12,-21,-6,-20,-31,-5,-15,-26,4,6,-10,-23,sil
27.593664407730103,7,22,3,-1,7,-6,-13,0,-3,-15,9,9,-8,-12,sil
27.593664407730103,0,26,6,9,13,-1,-1,-5,-14,-24,6,2,-11,-19,sil
27.60944247245789,-5,19,0,8,5,-12,-7,-13,-42,-33,2,-6,-16,-28,sil
27.60944247245789,4,20,8,20,10,-6,-9,-5,-41,-22,1,-4,-10,-13,sil
27.6257848739624,11,29,17,41,22,21,7,1,-12,3,12,8,7,5,sil
27.6257848739624,7,27,25,47,18,35,28,10,3,25,19,14,17,14,sil
27.641475915908813,-1,3,9,38,11,28,37,12,3,30,5,-5,5,13,sil
27.641475915908813,-21,-24,-14,13,0,18,19,0,-6,4,-24,-35,-21,-2,sil
27.657437562942505,-30,-32,-14,-14,-12,18,5,0,-14,-13,-40,-35,-37,-14,sil
27.657437562942505,-10,-19,-5,0,-2,25,27,6,6,11,-23,-10,-16,6,sil
27.67321348190308,9,-7,6,20,7,24,42,13,29,45,-1,5,15,34,sil
27.67321348190308,0,-12,-1,-1,-3,5,22,4,33,44,0,0,21,27,sil
27.68823194503784,-5,-28,-13,-32,-18,-12,-4,-4,28,21,-10,-5,6,7,sil
27.68823194503784,7,-20,4,-27,-16,-18,-17,0,21,10,1,9,10,9,sil
27.703357458114624,19,1,8,-9,-6,-23,-11,1,20,17,24,24,27,14,sil
27.703357458114624,21,4,0,-11,-4,-31,-5,4,19,13,24,22,27,17,sil
27.71850275993347,25,2,3,-8,-5,-29,-15,0,14,1,23,30,23,15,sil
27.71850275993347,27,8,8,-7,-1,-25,-31,-7,0,-17,29,38,23,4,sil
27.73395538330078,15,10,7,-18,-2,-19,-30,-4,-16,-39,14,23,2,-11,sil
27.73395538330078,-1,14,-3,-13,0,-9,-15,-7,-17,-41,2,0,-16,-23,sil
27.7497341632843,-5,26,-1,4,5,-2,-18,-5,-12,-32,6,-3,-17,-25,sil
27.7497341632843,-12,24,-3,12,5,3,-21,-5,-26,-24,0,-5,-18,-28,sil
27.765815019607544,-20,13,-7,19,4,15,-1,-10,-39,-13,-1,-14,-25,-27,sil
27.765815019607544,-16,14,4,28,7,22,11,-1,-27,-12,-3,-18,-28,-13,sil
27.78130531311035,-20,5,0,26,10,23,12,0,-18,-15,-17,-26,-31,-12,sil
27.78130531311035,-23,-12,-8,18,13,26,19,-3,-23,-1,-29,-25,-25,-9,sil
27.79723286628723,-9,-8,1,22,17,34,40,6,1,26,-15,-9,-3,10,sil
27.79723286628723,-2,-6,0,20,14,31,42,14,28,40,-4,-6,11,17,sil
27.812482833862305,-7,-22,-7,-4,-2,9,18,11,18,24,-23,-19,6,7,sil
27.812482833862305,-4,-28,-14,-16,-14,-17,0,-1,17,15,-26,-17,4,6,sil
27.827657461166385,3,-16,0,-13,-8,-21,-2,2,36,27,0,1,19,17,sil
27.827657461166385,7,-10,8,-18,-8,-4,3,11,36,25,15,13,26,22,sil
27.843726634979248,16,-7,-2,-19,-12,-1,0,0,22,4,5,15,20,18,sil
27.85959553718567,29,3,6,-15,-7,-15,-12,-1,11,-6,10,23,20,21,sil
27.85959553718567,16,6,8,-18,-8,-28,-23,-1,0,-8,22,21,19,7,sil
27.85959553718567,-2,-1,-3,-30,-18,-31,-27,-11,-17,-25,1,3,-1,-14,sil
27.875813961029053,3,1,1,-23,-11,-19,-24,-10,-32,-33,-13,2,-13,-19,sil
27.875813961029053,12,13,2,-1,1,-9,-19,-5,-31,-24,2,1,-5,-14,sil
27.891573905944824,5,16,0,7,4,-7,-16,0,-24,-22,11,-2,-8,-12,sil
27.891573905944824,0,10,4,9,10,0,-4,-3,-18,-11,9,0,-7,-6,sil
27.907238483428955,0,8,10,17,12,13,11,3,-7,11,14,5,6,4,sil
27.908238410949707,-12,8,4,19,6,21,15,15,7,19,2,-5,1,-1,sil
27.92334485054016,-30,-2,-18,9,4,24,20,1,10,13,-26,-29,-22,-19,sil
27.92334485054016,-37,-25,-18,-1,1,33,33,-4,0,10,-46,-40,-29,-14,sil
27.93863224983216,-29,-33,-11,-7,-4,32,39,4,15,21,-28,-29,-11,4,sil
27.93863224983216,-7,-23,-10,-14,-8,4,17,6,38,28,-10,-7,5,9,sil
27.953787565231323,9,-3,-4,-21,-2,-14,-12,3,35,14,-4,13,8,6,sil
27.953787565231323,11,9,-6,-13,5,-12,-26,-8,14,-10,14,24,7,0,sil
27.968924283981323,15,15,2,0,3,-18,-31,-6,-4,-23,36,27,10,-4,sil
27.984474897384644,26,22,18,16,5,-23,-26,0,-11,-15,37,35,9,2,sil
27.984474897384644,25,24,18,23,9,-16,-13,-5,-11,-13,28,32,-1,3,sil
27.984474897384644,15,24,20,22,2,-7,-2,-4,-18,-18,25,18,-2,1,sil
27.99998426437378,10,27,16,28,4,-1,4,0,-21,-15,24,11,7,6,sil
27.99998426437378,7,22,12,28,7,1,1,5,-25,-19,6,8,-1,5,sil
28.015509605407715,-2,5,3,24,-1,1,-3,-3,-29,-21,-13,-6,-20,-5,sil
28.032040119171143,-9,-10,-5,12,-10,2,-2,-4,-22,-4,-8,-15,-13,-4,sil
28.032040119171143,-10,-17,-4,1,-10,11,3,12,-1,17,3,-5,6,7,sil
28.032040119171143,-8,-18,-2,6,-3,25,20,8,25,34,4,-7,17,10,sil
28.04721212387085,-5,-14,7,11,7,28,34,3,24,31,0,-15,8,9,sil
28.04721212387085,-5,-12,1,1,4,19,30,3,6,16,-8,-13,2,8,sil
28.06225562095642,-5,-19,-17,-12,-4,9,14,-2,11,17,-14,-4,16,9,sil
28.07745862007141,3,-14,-4,-17,0,-1,0,-1,22,20,-14,-1,17,12,sil
28.07745862007141,8,-2,3,-9,3,-7,1,-4,16,10,-9,-5,2,7,sil
28.09856939315796,8,0,-2,-6,0,-2,0,-1,7,7,-12,1,0,4,sil
28.09856939315796,0,-9,-11,-24,-3,-5,-10,3,12,12,-14,3,0,0,sil
28.09856939315796,-15,-18,-19,-42,-12,-25,-21,-6,5,-4,-17,-10,-10,-11,sil
28.10905122756958,-16,-12,-13,-41,-13,-25,-17,-5,-5,-24,-18,-14,-8,-10,sil
28.12467789649964,-3,-3,-18,-28,-2,-8,-6,0,0,-14,-23,-17,-2,-13,sil
28.12467789649964,-11,-9,-27,-35,-9,-8,-15,-3,-5,-17,-51,-38,-16,-34,sil
28.139610767364506,-23,-6,-19,-38,-15,-12,-17,-4,-21,-36,-49,-33,-22,-34,sil
28.139610767364506,-10,8,-8,-13,2,0,3,-1,-16,-27,-4,-4,-8,-13,sil
28.155702114105225,7,20,11,4,12,4,6,8,-3,-12,16,8,-5,-1,sil
28.155702114105225,15,20,17,8,10,-3,-7,6,5,-6,25,17,-2,-4,sil
28.1715943813324,20,22,17,16,15,-4,-2,5,6,-1,46,29,6,1,sil
28.1715943813324,19,28,25,28,19,3,6,8,0,4,46,30,4,9,sil
28.18732094764709,9,26,18,32,8,0,0,-3,-1,15,38,21,2,5,sil
28.18732094764709,4,11,13,35,0,-1,-3,-2,-1,16,39,17,10,5,sil
28.202407598495483,3,-1,9,39,3,7,5,4,-3,6,27,9,12,9,sil
28.202407598495483,0,-3,6,29,0,6,0,0,-9,-1,3,5,0,9,sil
28.220038414001465,-12,0,5,16,-10,3,-15,-8,-20,-3,1,7,-9,2,sil
28.220038414001465,-29,-10,-6,16,-5,10,-13,-15,-30,-5,6,-3,-10,-7,sil
28.233585596084595,-20,-16,-1,15,2,13,-1,-7,-26,-2,-4,-6,-15,-5,sil
28.233585596084595,4,-6,8,13,0,13,12,-2,0,5,-10,5,-2,11,sil
28.249237060546875,10,-1,7,12,-2,16,21,0,15,10,-5,5,10,17,sil
28.249237060546875,3,-5,4,5,0,20,26,9,7,17,-8,-6,7,10,sil
28.264572381973267,10,-4,0,8,2,16,30,7,16,23,-16,-6,9,17,sil
28.264572381973267,19,-4,1,0,-1,4,29,7,32,16,-18,0,15,29,sil
28.280110120773315,8,-12,-10,-28,-13,-7,13,7,33,8,-13,-5,8,16,sil
28.280110120773315,-2,-14,-22,-42,-15,-16,-8,4,22,0,-8,-6,12,-2,sil
28.29549241065979,10,-1,-2,-35,-3,-14,-10,5,14,-1,0,8,26,4,sil
28.29549241065979,21,0,2,-31,0,-15,-6,-4,21,1,3,9,20,6,sil
28.311546564102173,8,-10,-9,-38,-17,-30,-25,-6,21,-8,2,0,7,-2,sil
28.311546564102173,0,1,-12,-27,-15,-30,-35,0,7,-18,12,8,6,-12,sil
28.326942682266235,7,29,-1,0,15,-9,-20,1,-9,-12,23,10,0,-18,sil
28.326942682266235,-1,30,3,13,25,1,-13,0,-35,-18,5,-5,-24,-24,sil
28.34272861480713,-27,12,-11,13,13,-1,-13,-11,-50,-35,-19,-22,-43,-32,sil
28.34272861480713,-27,5,-5,21,16,9,0,-8,-39,-29,-24,-26,-39,-27,sil
28.358303785324097,-20,-1,0,30,22,30,16,0,-15,-1,-24,-29,-26,-12,sil
28.358303785324097,-29,-24,-16,8,2,21,18,-2,-5,13,-28,-28,-18,-5,sil
28.373666524887085,-18,-30,-4,-22,-15,-4,5,0,1,8,-25,-10,-7,0,sil
28.373666524887085,7,-10,15,-16,-11,-17,-1,1,14,11,0,11,14,6,sil
28.389551401138306,17,3,16,-1,-6,-18,-4,1,8,5,22,25,25,8,sil
28.389551401138306,14,10,9,-2,-3,-10,-5,2,-7,-8,36,25,17,2,sil
28.405664682388306,10,24,7,12,7,3,-1,0,-13,-5,32,9,1,1,sil
28.405664682388306,0,21,14,35,13,18,5,7,-20,7,8,-7,-11,4,sil
28.42125344276428,-18,-4,0,32,5,28,19,1,-22,19,-11,-20,-18,-1,sil
28.42125344276428,-22,-16,-11,12,0,31,23,-4,-5,30,-14,-25,-13,-3,sil
28.437241315841675,-9,-7,-1,3,0,22,21,5,26,37,-7,-9,8,21,sil
28.437241315841675,6,-11,2,0,-6,3,23,10,41,26,-5,8,26,35,sil
28.45238447189331,13,-23,0,-13,-17,-3,12,11,34,6,-11,4,17,22,sil
28.45238447189331,9,-20,-8,-24,-20,-8,-7,0,32,0,-11,-2,7,4,sil
28.46761727333069,9,-14,-8,-30,-13,-21,-17,-8,23,-6,-4,10,9,3,sil
28.46761727333069,10,-10,-3,-32,-11,-25,-16,-4,5,-20,1,19,5,-1,sil
28.48329186439514,4,0,-8,-22,-12,-14,-18,-4,2,-24,7,7,-1,-17,sil
28.48329186439514,4,16,2,-8,0,-6,-21,-1,-2,-22,22,16,1,-12,sil
28.49850988388061,17,24,13,6,11,-5,-14,-5,-5,-17,38,38,16,2,sil
28.49850988388061,24,20,10,7,6,-12,-14,-7,-1,-8,34,34,17,1,sil
28.51459789276123,15,20,11,3,1,-17,-26,0,-8,-13,19,20,2,-7,sil
28.51459789276123,4,20,4,13,4,-11,-24,-4,-14,-17,20,17,-3,-5,sil
28.53045678138733,0,18,2,18,4,-1,-5,1,-6,-8,12,9,0,0,sil
28.53045678138733,-7,12,-2,14,5,-1,7,7,-8,0,-15,-12,-6,-8,sil
28.545493125915527,-16,1,-4,14,7,-1,4,-1,-32,-8,-32,-30,-24,-21,sil
28.545493125915527,-17,0,0,19,9,11,2,-3,-34,-13,-28,-29,-33,-18,sil
28.560668230056763,-18,-2,-7,18,13,25,15,-1,-10,-1,-19,-30,-25,-12,sil
28.560668230056763,-15,-12,-5,4,11,24,20,4,-6,6,-22,-36,-15,-5,sil
28.576478481292725,-10,-14,-2,7,9,19,19,5,-12,10,-19,-28,-9,1,sil
28.576478481292725,0,0,-1,24,16,19,24,1,-3,19,-8,-9,-4,10,sil
28.5923125743866,5,3,6,14,13,16,29,0,9,26,2,-3,1,17,sil
28.5923125743866,-1,-6,-3,-1,-1,5,20,-6,11,28,9,-5,7,15,sil
28.60754680633545,-4,-5,-1,-5,-6,-1,0,0,4,12,10,5,15,16,sil
28.623570919036865,-1,-9,1,-27,-7,0,-3,5,6,0,12,14,17,11,sil
28.623570919036865,-5,-30,-11,-55,-18,-5,-1,0,14,10,12,3,16,4,sil
28.623570919036865,0,-24,-3,-35,-20,-10,-5,7,11,17,11,8,20,12,sil
28.638659477233887,12,2,10,3,-5,-7,2,6,18,18,14,19,26,20,goodbye
28.638659477233887,8,3,5,0,0,-5,4,0,27,15,1,10,14,15,goodbye
28.654227256774902,-2,-6,-4,-8,-8,-12,-11,-3,12,-1,-20,-6,-7,-1,goodbye
28.66939783096313,-1,-2,-7,1,-13,-12,-16,-6,-6,-27,-29,-12,-21,-20,goodbye
28.66939783096313,1,8,3,5,-12,-1,-11,5,-3,-31,-25,-3,-22,-21,goodbye
28.68474555015564,0,9,0,-1,-10,-2,-12,1,13,-11,-10,4,-12,-11,goodbye
28.68474555015564,0,0,-3,-12,-8,-4,-7,-4,13,-4,0,6,0,-5,goodbye
28.69970726966858,5,0,0,-8,-2,3,3,0,-1,-9,1,10,3,-4,goodbye
28.69970726966858,0,6,-2,12,3,0,-5,-5,-16,-12,-4,1,-11,-12,goodbye
28.714836359024048,-4,5,-1,7,1,-8,-22,-10,-20,-16,-7,-9,-22,-15,goodbye
28.714836359024048,2,-6,-1,-12,4,0,-11,-6,-1,-3,10,1,2,-2,goodbye
28.73053550720215,4,-10,-3,-13,9,2,-3,5,7,9,25,18,25,8,goodbye
28.73053550720215,-1,0,-3,-2,11,0,-5,6,-3,1,15,11,16,3,goodbye
28.746700525283813,2,10,0,7,12,0,3,-4,-10,-3,8,0,8,-5,goodbye
28.746700525283813,8,8,12,10,9,0,7,1,-13,6,11,5,11,1,goodbye
28.76223945617676,3,6,6,5,3,-3,3,1,-11,8,13,9,7,4,goodbye
28.76223945617676,2,10,3,0,0,-6,2,0,0,-7,10,4,0,0,goodbye
28.777618885040283,6,15,9,3,-2,-4,1,1,4,-11,8,3,-3,-3,goodbye
28.777618885040283,9,15,5,19,0,0,0,-2,1,6,14,0,2,2,goodbye
28.79276657104492,17,20,16,28,5,5,6,4,1,16,22,5,7,18,goodbye
28.79276657104492,15,20,17,31,13,5,7,6,-1,10,19,5,6,20,goodbye
28.808708667755127,-1,4,-4,15,15,1,-2,-4,-15,-5,-6,-10,-9,1,goodbye
28.808708667755127,-16,-7,-11,-3,8,5,-2,-4,-18,-17,-28,-22,-25,-12,goodbye
28.823863983154297,-19,-4,-10,3,9,12,15,-2,-2,-9,-18,-22,-18,-13,goodbye
28.823863983154297,-17,-2,-5,7,9,7,14,2,4,-3,-14,-25,-9,-10,goodbye
28.839910745620728,-20,-10,-11,-4,0,5,6,2,4,-1,-19,-26,-13,-7,goodbye
28.839910745620728,-19,-15,-13,-6,-9,11,11,1,1,10,-16,-13,-12,-1,goodbye
28.85543775558472,-11,-14,1,2,-12,8,10,3,-6,14,-16,-5,-5,0,goodbye
28.85543775558472,-6,-18,-2,2,-11,4,-1,-2,-5,5,-18,-6,-4,0,goodbye
28.871363401412964,0,-17,-7,-6,-8,9,1,0,0,0,-11,5,-7,8,goodbye
28.871363401412964,3,-8,-4,-10,-11,8,10,4,7,2,-8,11,-6,12,goodbye
28.88731050491333,2,-6,-9,-15,-17,-6,-1,1,14,1,-20,-5,-2,1,goodbye
28.88731050491333,1,-14,-3,-30,-16,-17,-14,0,9,1,-24,-4,0,-1,goodbye
28.902950286865234,6,-19,-1,-31,-17,-14,-8,-7,6,8,-10,9,7,3,goodbye
28.902950286865234,7,-12,0,-19,-16,-8,-1,0,16,8,3,8,16,13,goodbye
28.91869640350341,5,-2,4,-15,-8,-5,1,11,33,12,16,11,22,15,goodbye
28.91869640350341,13,-2,3,-16,-2,-8,-1,5,37,20,23,25,34,12,goodbye
28.933938026428223,21,-2,8,-14,0,-9,-10,0,19,12,23,29,43,8,goodbye
28.933938026428223,15,11,10,-10,6,-10,-10,-3,7,-4,34,20,31,-1,goodbye
28.949517250061035,10,25,13,-1,12,-10,-4,-1,3,-9,39,15,11,-8,goodbye
28.949517250061035,6,24,16,19,15,-3,-9,1,-8,-1,26,13,4,-6,goodbye
28.965558528900143,0,16,7,26,14,0,-17,0,-27,-5,18,4,-1,-6,goodbye
28.965558528900143,1,22,7,14,8,-2,-15,-2,-32,-23,23,6,-7,-6,goodbye
28.981545448303223,7,27,4,19,15,3,-1,-8,-19,-20,20,10,-4,-8,goodbye
28.981545448303223,-1,13,6,28,17,9,3,-3,-10,-4,-2,0,-13,-6,goodbye
28.99661040306092,-10,6,4,25,6,9,2,4,-12,-7,-14,-17,-24,-4,goodbye
28.99661040306092,-5,8,-9,17,3,4,4,0,-9,-13,-1,-19,-17,-10,goodbye
29.012715816497803,3,4,-4,9,6,-3,0,-1,-8,-11,1,-8,-6,-9,goodbye
29.012715816497803,-2,-1,0,6,3,-3,2,-8,-20,-11,-10,-9,-10,-2,goodbye
29.028255462646484,-22,-10,-15,-1,-6,-1,4,-15,-34,-23,-29,-29,-34,-9,goodbye
29.028255462646484,-32,-20,-25,-13,-17,-1,-5,-8,-33,-25,-45,-41,-47,-21,goodbye
29.04431653022766,-19,-16,-17,-2,-11,1,-5,-3,-15,0,-35,-20,-28,-11,goodbye
29.04431653022766,-1,-1,-1,10,5,13,8,9,2,22,-13,2,-4,5,goodbye
29.059585094451904,-1,-4,-5,3,7,18,15,15,12,14,-13,-2,-3,4,goodbye
29.059585094451904,-6,-13,-7,0,0,17,7,9,19,5,-25,-12,-2,6,goodbye
29.075809955596924,3,-11,2,0,5,18,12,5,34,27,-12,-1,17,21,goodbye
29.075809955596924,5,-13,0,-17,0,9,16,5,35,38,-1,0,26,18,goodbye
29.091476678848267,-10,-16,-14,-26,-15,0,14,2,15,19,-14,-13,7,0,goodbye
29.091476678848267,-10,-8,-13,-9,-6,5,24,-4,16,15,-8,-9,5,0,goodbye
29.10679626464844,13,-3,23,-15,6,13,26,5,32,21,9,10,20,18,goodbye
29.10679626464844,12,-12,4,-24,0,0,5,2,28,6,6,8,11,12,goodbye
29.122292280197144,-4,-20,-26,-17,-13,-23,-16,-12,9,-7,0,-4,0,-6,goodbye
29.122292280197144,6,-2,49,-21,-18,-25,-30,20,4,-6,15,31,19,13,goodbye
29.13845729827881,18,15,41,-3,-12,-16,-23,11,26,14,50,54,49,25,goodbye
29.13845729827881,21,7,-30,15,-5,-27,-18,-23,18,18,54,30,43,7,goodbye
29.153589963912964,28,8,15,-1,-10,-24,-24,2,-24,-10,32,29,19,2,goodbye
29.153589963912964,19,22,24,-1,-13,-10,-15,3,-32,-33,24,26,5,-4,goodbye
29.16952419281006,10,27,-7,22,-1,-8,-2,-12,-20,-39,15,4,-14,-18,goodbye
29.16952419281006,16,28,14,32,16,0,4,0,-19,-35,8,10,-26,-13,goodbye
29.184785842895508,10,30,15,30,18,7,-2,0,-25,-31,12,19,-17,-9,goodbye
29.184785842895508,-5,27,3,23,11,2,-16,-6,-32,-29,6,4,-11,-10,goodbye
29.20038151741028,-12,17,1,20,20,7,-10,-5,-20,-1,1,-8,-7,-7,goodbye
29.20038151741028,-8,6,-1,15,24,13,1,-1,-14,16,5,-8,-3,-1,goodbye
29.21656036376953,-13,-1,-4,6,6,8,2,-2,-29,2,-2,-16,-12,-6,goodbye
29.21656036376953,-26,-14,-14,0,-1,9,5,-3,-25,-1,-28,-33,-21,-11,goodbye
29.23159098625183,-30,-27,-22,-6,0,20,13,-2,-3,10,-44,-37,-24,-9,goodbye
29.23159098625183,-27,-30,-24,-8,0,23,21,0,6,12,-45,-42,-23,-9,goodbye
29.24706268310547,-27,-30,-19,-11,-3,21,28,2,6,7,-51,-49,-30,-11,goodbye
29.24706268310547,-23,-34,-17,-16,-2,20,26,5,17,14,-46,-44,-28,-10,goodbye
29.262986421585083,-10,-31,-14,-23,-2,8,16,8,42,34,-20,-24,0,10,goodbye
29.262986421585083,0,-17,-6,-28,-4,-4,11,15,61,48,-8,-7,26,29,goodbye
29.27824783325196,2,-11,-9,-27,-3,-9,12,7,58,44,-7,2,25,19,goodbye
29.27824783325196,6,-8,-5,-29,-6,-19,-6,5,39,24,-2,16,17,10,goodbye
29.29362273216248,12,0,-6,-33,-13,-32,-25,3,13,1,4,21,20,10,goodbye
29.29362273216248,24,7,1,-23,-10,-27,-22,-11,-13,-26,7,20,12,1,goodbye
29.30970597267151,35,22,27,2,-1,-14,-22,-12,-34,-57,16,29,-4,-2,goodbye
29.30970597267151,22,30,21,15,-5,-22,-35,-14,-47,-65,28,25,-11,-12,goodbye
29.325717449188232,9,21,12,12,-15,-26,-33,-9,-44,-47,27,14,-8,-20,goodbye
29.325717449188232,20,26,28,25,0,4,-3,0,-11,-11,39,26,10,0,goodbye
29.34161400794983,25,36,30,40,19,17,10,5,4,13,57,43,28,20,goodbye
29.34161400794983,5,18,14,23,11,0,1,14,-4,14,42,35,20,14,goodbye
29.357429265975952,-12,-1,-5,10,3,3,4,4,0,7,8,9,0,0,goodbye
29.357429265975952,-13,-4,1,17,8,24,15,-6,-2,-4,-9,-8,-7,-3,goodbye
29.3727970123291,-12,-7,6,21,9,29,22,0,-11,-7,-7,-12,-6,-2,goodbye
29.3727970123291,-14,-13,-12,16,1,20,25,5,1,0,-9,-15,-9,-3,goodbye
29.38870120048523,-12,-7,-7,11,-4,16,19,6,8,5,-23,-18,-15,-5,goodbye
29.38870120048523,-11,-6,0,14,1,18,18,-3,7,18,-24,-19,-5,-4,goodbye
29.40420699119568,-6,-13,-6,0,3,13,16,-3,11,30,-22,-21,5,1,goodbye
29.40420699119568,-4,-19,-9,-20,-9,-4,1,5,11,23,-29,-24,4,1,goodbye
29.4205539226532,-8,-22,-14,-21,-15,-15,-7,2,14,17,-12,-18,11,2,goodbye
29.4205539226532,0,-9,-5,-14,-6,-12,-19,-1,11,11,14,3,25,12,goodbye
29.435564517974854,12,10,-3,-11,6,-17,-27,-5,0,-4,14,11,20,4,goodbye
29.435564517974854,6,5,-7,-20,6,-26,-21,-5,2,-17,-2,1,0,-11,goodbye
29.450477838516235,2,-7,-5,-27,-5,-21,-12,-1,11,-13,0,5,-5,-8,goodbye
29.450477838516235,14,11,-3,-8,-5,-15,-10,-5,-1,-9,17,16,0,-7,goodbye
29.466339588165283,16,35,7,7,9,-12,-10,1,-28,-17,21,13,-6,-14,goodbye
29.466339588165283,0,26,5,4,9,-2,-8,0,-31,-19,17,2,-17,-13,goodbye
29.48382306098938,-3,14,3,9,4,7,-1,-2,-22,-9,6,1,-14,-4,goodbye
29.48382306098938,-3,10,10,15,14,21,16,7,-9,5,-7,2,-9,5,goodbye
29.49827718734741,-17,-7,0,11,14,25,26,1,0,13,-16,-9,-19,8,goodbye
29.49827718734741,-19,-18,0,10,1,18,15,-4,0,11,-16,-21,-24,12,goodbye
29.51337838172913,-8,-16,2,9,0,19,9,-1,7,21,-20,-18,-14,15,goodbye
0.3564724922180176,-19,-11,-6,12,0,24,28,0,0,21,-26,-27,-17,0,goodbye
0.3564724922180176,-16,-21,-16,3,-7,25,27,0,14,29,-28,-33,-7,0,goodbye
0.3715982437133789,-15,-28,-10,-10,-4,10,16,6,15,17,-30,-26,-3,5,goodbye
0.3715982437133789,-11,-26,-10,-16,-10,-6,-1,-1,8,1,-22,-17,-2,0,goodbye
0.3874192237854004,-2,-21,-10,-23,-21,-17,-20,0,9,-10,-15,-10,0,-10,goodbye
0.3874192237854004,4,-1,-9,-22,-16,-22,-25,7,10,-16,0,3,1,-13,goodbye
0.4027490615844726,11,21,0,-7,-6,-21,-17,0,-4,-14,25,16,0,-15,goodbye
0.4027490615844726,13,25,18,1,0,-9,-17,-4,-21,-17,18,14,-10,-11,goodbye
0.4178121089935303,4,18,14,16,12,8,-7,-4,-15,-21,-7,0,-15,-7,goodbye
0.4178121089935303,-5,13,4,28,21,23,14,6,0,-11,0,-7,-9,-3,goodbye
0.4337730407714844,-14,-1,-5,18,14,27,34,10,11,10,9,-10,-4,4,goodbye
0.4337730407714844,-14,-18,-15,-8,2,16,34,5,15,17,-4,-11,-1,8,goodbye
0.4489014148712158,-6,-15,-6,-22,-3,5,20,6,19,7,-4,0,9,11,goodbye
0.4489014148712158,-3,-13,-10,-21,-2,1,10,0,22,15,5,0,15,5,goodbye
0.4648482799530029,-1,-24,-15,-26,-4,0,10,2,18,31,-5,-6,10,6,goodbye
0.4648482799530029,6,-17,-3,-14,-5,0,9,5,27,33,-3,7,17,19,goodbye
0.4804339408874511,15,-3,1,3,-4,-10,-8,-10,34,18,13,22,28,21,goodbye
0.4804339408874511,16,0,6,-1,-9,-26,-32,-4,6,-4,8,17,15,2,goodbye
0.4955165386199951,11,6,8,0,-4,-19,-24,-1,-17,-9,10,15,10,-2,goodbye
0.4955165386199951,19,14,15,8,4,-9,-8,-10,-9,-3,27,24,23,14,goodbye
0.5116672515869141,27,12,20,1,-1,-16,-12,-7,-9,-7,26,25,23,10,goodbye
0.5116672515869141,12,16,6,1,-2,-20,-17,0,-25,-16,9,14,4,-8,goodbye
0.5275650024414062,0,25,6,9,7,-5,-18,6,-31,-20,8,10,-8,-9,goodbye
0.5275650024414062,0,20,8,10,5,-2,-19,0,-27,-20,16,7,-10,-12,goodbye
0.5429949760437012,4,14,12,10,1,-11,-20,-7,-25,-24,7,8,-14,-19,goodbye
0.5429949760437012,2,22,17,26,9,-3,-17,-3,-18,-20,3,8,-14,-11,goodbye
0.5584101676940918,-1,20,9,39,7,4,-9,2,-6,-15,-1,-4,-14,-7,goodbye
0.5584101676940918,-7,5,4,33,-6,6,0,6,-9,-20,-25,-16,-25,-9,goodbye
0.5744802951812744,-12,0,-2,25,-5,13,11,-1,-11,-11,-31,-18,-24,-5,goodbye
0.5744802951812744,-14,-4,-2,11,3,20,14,-7,-5,7,-14,-19,-8,0,goodbye
0.5905678272247314,-11,-11,1,6,4,30,24,-1,3,14,-17,-17,-10,2,goodbye
0.5905678272247314,-9,-9,-6,19,6,37,39,0,12,16,-23,-13,-18,3,goodbye
0.6057355403900146,-10,0,-6,12,11,27,36,10,9,15,-15,-15,-7,6,goodbye
0.6057355403900146,-11,-5,-10,-3,7,13,32,8,1,14,-11,-21,0,5,goodbye
0.6217844486236572,-18,-24,-24,-24,-5,9,32,0,4,16,-15,-28,-7,1,goodbye
0.6217844486236572,-29,-48,-36,-81,-20,5,24,5,19,16,-16,-31,-4,-1,goodbye
0.6376469135284424,-19,-51,-39,-107,-16,2,15,7,34,22,-7,-25,13,8,goodbye
0.6376469135284424,8,-22,-15,-53,0,1,5,5,40,37,10,-3,26,24,goodbye
0.65289306640625,12,-5,-6,-17,7,-11,-5,-1,41,38,35,10,35,19,goodbye
0.65289306640625,-3,-16,-20,-45,-1,-27,-18,-2,27,7,30,3,30,0,goodbye
0.6684479713439941,-4,-10,-15,-44,-8,-24,-32,1,6,-16,7,0,11,-8,goodbye
0.6684479713439941,6,5,0,-4,-4,-21,-34,-4,8,-4,11,12,7,-4,goodbye
0.6838562488555908,14,7,17,11,0,-26,-25,-2,8,1,23,32,19,1,goodbye
0.6838562488555908,12,8,21,13,1,-22,-18,-2,-8,-6,9,35,9,-4,goodbye
0.699887752532959,7,13,16,20,-2,-24,-26,-10,-23,-17,-9,23,-16,-22,goodbye
0.699887752532959,14,22,23,37,-1,-20,-26,-5,-27,-28,0,24,-14,-16,goodbye
0.7154684066772461,29,35,33,55,9,-1,-11,0,-21,-27,17,37,4,-1,goodbye
0.7154684066772461,25,40,40,49,7,0,-6,0,-22,-22,6,33,-1,0,goodbye
0.7308838367462158,8,32,25,41,-3,-12,-12,-7,-41,-32,-13,7,-19,-8,goodbye
0.7308838367462158,6,26,8,48,-8,-7,-22,-12,-48,-38,-13,-6,-19,-11,goodbye
0.7465767860412598,10,21,11,38,-5,14,-16,5,-20,-14,0,2,-12,0,goodbye
0.7465767860412598,4,13,4,21,0,25,15,8,5,17,14,0,-2,8,goodbye
0.761591911315918,0,7,0,20,3,24,30,0,0,8,4,-24,-9,0,goodbye
0.761591911315918,-10,-2,-5,16,6,26,19,-1,-15,-14,-24,-35,-30,-14,goodbye
0.7774617671966553,-22,-17,-16,-5,8,29,19,-1,-20,-2,-26,-25,-23,-7,goodbye
0.7774617671966553,-12,-14,-7,-13,7,25,23,3,-5,24,-5,-11,4,15,goodbye
0.7925734519958496,-1,-7,-5,-1,3,24,24,2,16,22,1,-9,15,24,goodbye
0.7925734519958496,-11,-20,-12,-11,5,25,25,5,24,14,-11,-12,4,20,goodbye
0.807734489440918,-22,-29,-14,-27,3,16,24,9,25,19,-11,-14,2,17,goodbye
0.8231587409973145,-20,-23,-16,-24,-10,3,19,5,28,2,-6,-15,11,13,goodbye
0.8231587409973145,-15,-17,-13,-24,-13,-3,14,6,26,-10,-11,-9,14,11,goodbye
0.8390295505523682,-6,-17,-12,-30,0,-8,11,1,34,26,0,-4,14,10,goodbye
0.8390295505523682,3,-15,-8,-27,2,-7,7,-1,40,53,12,-1,18,7,goodbye
0.8390295505523682,5,-6,-7,-16,0,-14,2,1,29,30,5,3,20,2,goodbye
0.854637622833252,2,-6,-9,-12,4,-34,-16,-6,10,5,3,8,9,-13,goodbye
0.854637622833252,3,-10,0,-31,0,-34,-33,-6,-10,-13,13,13,0,-24,goodbye
0.8707194328308105,12,2,0,-26,-5,-20,-25,-1,-12,-21,20,23,9,-21,goodbye
0.8707194328308105,24,22,10,1,-2,-22,-17,2,-2,-8,25,30,17,-4,goodbye
0.8877952098846436,20,26,22,5,-1,-21,-19,-2,-13,-4,21,25,3,0,goodbye
0.8877952098846436,1,10,7,-8,-1,-10,-16,-9,-25,-16,4,9,-10,-8,goodbye
0.902702569961548,0,0,2,-7,-6,-10,-19,-2,-21,-17,0,1,-11,-10,goodbye
0.902702569961548,5,11,5,9,-11,-14,-22,0,-17,-17,3,0,-13,-10,goodbye
0.9179577827453612,-6,15,0,13,-8,-7,-20,-6,-33,-30,-8,-14,-27,-20,goodbye
0.9179577827453612,-21,-5,-11,2,-3,4,-15,-6,-37,-30,-24,-22,-32,-22,goodbye
0.934260368347168,-18,-9,-13,3,0,13,-4,-7,-13,-6,-7,-13,-14,-7,goodbye
0.934260368347168,-1,12,9,27,7,19,0,3,0,1,5,-4,0,3,goodbye
0.949798822402954,9,26,17,51,16,23,0,9,-6,0,0,-2,1,1,goodbye
0.9648618698120116,11,16,9,41,13,26,17,7,7,11,-4,5,-1,10,goodbye
0.9648618698120116,4,-3,2,7,3,29,37,10,26,14,-9,0,-4,20,goodbye
0.9648618698120116,-7,-14,-10,3,-2,17,28,0,7,-4,-29,-24,-15,4,goodbye
0.9807252883911132,-6,-10,-1,7,0,6,14,0,-10,-9,-35,-20,-19,2,goodbye
0.9807252883911132,-4,-13,6,-20,4,13,27,6,18,15,-10,2,2,23,goodbye
0.995879888534546,-10,-17,-8,-36,0,12,32,3,29,25,0,-1,15,18,goodbye
0.995879888534546,-4,-1,-6,-1,-5,-1,15,1,3,15,2,-7,9,4,goodbye
1.0119245052337646,10,9,8,24,1,-3,5,0,7,21,21,10,15,9,goodbye
1.027531623840332,9,7,17,14,5,2,-3,0,21,19,23,21,22,15,goodbye
1.027531623840332,0,0,1,6,1,3,-7,-4,15,1,8,8,14,3,goodbye
1.027531623840332,-3,-7,-13,-2,1,-4,0,-3,4,-10,-1,-6,1,-4,goodbye
1.0444550514221191,-1,-7,-7,-11,-1,-18,-6,4,-5,-10,-3,-3,1,-1,goodbye
1.0444550514221191,4,0,-3,2,-5,-21,-19,-3,-1,3,11,10,18,-2,goodbye
1.059584140777588,12,2,5,8,0,-11,-18,-3,4,16,19,19,25,-1,goodbye
1.0737831592559814,10,2,8,-2,2,-6,-14,0,-4,5,6,11,7,-1,goodbye
1.0737831592559814,5,0,0,-13,-2,-12,-17,-4,-20,-9,2,5,-1,-4,goodbye
1.0908136367797852,5,1,4,-14,-4,-14,-15,-2,-20,-13,15,16,4,-5,goodbye
1.091813325881958,8,9,3,-8,0,-3,-8,-3,-9,-11,21,16,1,-5,goodbye
1.091813325881958,10,11,1,-12,1,2,-9,-4,-2,-14,12,7,-7,-7,goodbye
1.105423927307129,5,4,0,-17,0,-5,-6,3,4,-7,11,9,-4,-8,goodbye
1.1229710578918457,-3,0,-1,-11,0,-11,3,3,6,0,11,5,-2,-8,sil
1.1229710578918457,-10,-1,0,-1,3,0,4,0,-8,-12,-8,-13,-15,-8,sil
1.1229710578918457,-16,-5,-5,3,3,6,0,0,-22,-25,-27,-33,-29,-14,sil
1.1368756294250488,-19,-9,-8,0,-7,0,-1,3,-25,-13,-31,-42,-32,-18,sil
1.1516835689544678,-20,-14,-9,-6,-15,1,6,2,-10,4,-37,-35,-24,-6,sil
1.1516835689544678,-19,-14,-11,1,0,18,26,-6,9,12,-38,-21,-13,5,sil
1.16723895072937,-8,-3,1,17,12,33,36,5,23,14,-26,-14,-9,12,sil
1.16723895072937,0,-3,-5,13,1,27,28,7,36,22,-19,-13,-5,10,sil
1.182034969329834,0,-14,-13,-17,-14,1,4,3,37,17,-12,1,9,13,sil
1.182034969329834,2,-8,0,-28,-18,-22,-20,0,9,-1,18,23,28,12,sil
1.1979291439056396,8,7,2,-2,-9,-25,-29,-9,-11,-9,43,27,25,0,sil
1.1979291439056396,13,20,6,8,0,-14,-21,-4,-11,-10,30,21,9,-3,sil
1.2131166458129885,11,23,9,5,6,-3,-14,1,-7,-15,13,15,3,-2,sil
1.2131166458129885,5,18,6,13,11,2,-13,0,-13,-18,9,4,0,-4,sil
1.2286930084228516,3,9,7,20,17,18,-1,-1,-11,2,1,-1,-2,0,sil
1.2286930084228516,2,-2,4,17,13,24,16,-3,-1,19,-5,-7,2,5,sil
1.2447307109832764,0,-8,8,19,8,14,14,-1,-8,10,-5,-7,-1,3,sil
1.2447307109832764,0,1,13,30,15,11,16,2,0,19,6,-1,0,9,sil
1.260395050048828,5,2,10,18,7,7,21,5,21,39,8,2,18,20,sil
1.260395050048828,10,-9,-2,-8,-14,-16,0,7,20,21,0,12,25,18,sil
1.275501012802124,14,-11,-16,-22,-18,-33,-23,-3,0,-8,5,25,18,4,sil
1.275501012802124,11,0,-1,-17,-6,-24,-21,-4,-9,-16,15,23,8,-8,sil
1.2916266918182373,-6,9,3,-4,0,-9,-2,-3,-11,-19,5,2,-10,-22,sil
1.2916266918182373,-16,9,-10,0,1,-3,4,-6,-23,-30,-11,-13,-29,-28,sil
1.3074617385864258,-9,9,-9,0,0,6,3,0,-35,-27,-19,-20,-32,-20,sil
1.3074617385864258,-11,5,-6,8,5,17,8,1,-20,-5,-13,-23,-24,-12,sil
1.3226323127746582,-14,-5,0,1,8,15,17,6,14,9,-4,-15,-12,3,sil
1.3226323127746582,-5,-18,1,-17,0,12,24,7,40,19,-4,-1,7,18,sil
1.3381226062774658,1,-24,-5,-23,-8,7,13,1,40,25,-11,0,18,17,sil
1.3381226062774658,0,-21,-7,-29,-12,-7,-10,3,26,13,-8,-2,12,9,sil
1.3539259433746338,0,-17,-16,-38,-15,-21,-24,0,19,-1,7,2,14,-1,sil
1.3539259433746338,5,-3,-4,-31,-15,-21,-23,-5,8,-15,16,12,14,-8,sil
1.3719558715820312,9,15,17,-1,0,-15,-20,-3,-8,-22,15,14,-2,-9,sil
1.3719558715820312,12,25,20,23,18,-8,-12,-3,-18,-15,17,10,-9,-6,sil
1.3858721256256104,9,24,18,33,17,5,0,-1,-24,-4,10,9,-3,0,sil
1.3858721256256104,-1,13,9,32,4,10,6,-4,-26,-4,0,1,-9,0,sil
1.4019207954406738,-5,-1,3,24,0,7,5,0,-25,-13,-7,-8,-17,0,sil
1.4019207954406738,-1,-1,0,21,3,15,6,4,-17,-2,-6,-5,-3,10,sil
1.4174668788909912,1,3,0,23,0,20,11,0,-4,15,-5,0,6,14,sil
1.4174668788909912,4,-4,7,9,0,12,10,3,6,17,-5,-5,2,13,sil
1.43359375,-3,-14,-8,-7,0,8,13,3,18,21,-5,-20,0,5,sil
1.43359375,-13,-12,-18,-11,-7,6,6,3,19,21,-13,-20,-2,-5,sil
1.4489200115203855,-8,-4,-9,-11,-10,2,2,2,20,10,-10,-5,1,-4,sil
1.4489200115203855,1,-3,-10,-17,-4,-1,3,-3,24,11,0,1,13,1,sil
1.4649035930633545,3,-8,-9,-28,-7,-10,-13,0,6,0,-2,2,14,-3,sil
1.4649035930633545,0,-2,-8,-23,-7,-26,-33,-8,-17,-30,-1,8,3,-21,sil
1.480449914932251,1,12,0,-1,0,-32,-32,-14,-24,-33,11,12,0,-21,sil
1.480449914932251,5,24,9,20,4,-13,-13,1,-20,-7,19,11,1,-5,sil
1.4958584308624268,0,14,7,31,15,10,8,4,-11,9,9,4,-6,1,sil
1.4958584308624268,-8,-1,8,15,19,19,26,0,-4,10,-10,-3,-12,4,sil
1.5109515190124512,-10,-16,-5,-6,0,13,29,3,9,16,-18,-13,-8,7,sil
1.5109515190124512,-6,-27,-13,-18,-13,0,16,6,23,15,-16,-13,0,10,sil
1.5265610218048096,-1,-17,0,-14,-5,-13,1,3,13,2,-10,0,2,12,sil
1.5265610218048096,0,2,2,-10,-7,-20,-8,-8,-3,-14,11,12,5,3,sil
1.5419445037841797,0,6,3,-17,-10,-18,-18,-4,-11,-29,22,16,0,-8,sil
1.5419445037841797,4,11,12,0,8,-3,-14,1,0,-17,23,15,5,-5,sil
1.557114839553833,9,26,17,39,23,17,3,6,8,9,24,8,13,9,sil
1.557114839553833,2,14,11,29,11,31,16,9,3,13,9,-7,1,7,sil
1.572800636291504,-8,-13,-11,-9,-1,26,29,2,6,10,-15,-21,-14,-2,sil
1.572800636291504,-1,-10,-8,-3,-1,13,30,8,20,15,-22,-7,-7,8,sil
1.587918043136597,13,0,0,13,-3,0,3,6,15,7,-9,8,8,17,sil
1.587918043136597,20,-3,-3,-14,-13,-19,-32,-15,-9,-13,2,10,6,2,sil
1.6036944389343262,16,6,0,-33,-8,-27,-43,-14,-24,-21,9,15,0,-7,sil
1.6036944389343262,9,18,1,-4,0,-15,-29,-9,-29,-24,3,15,-5,-17,sil
1.619131088256836,5,12,1,2,-4,-7,-18,-6,-29,-29,-6,-3,-10,-21,sil
1.619131088256836,0,7,0,-3,1,-1,-3,-1,-10,-6,1,-13,-8,-14,sil
1.6348917484283447,-4,6,1,11,20,13,6,3,6,17,12,-4,-3,-5,sil
1.6348917484283447,4,7,11,30,16,25,14,6,9,21,2,1,1,3,sil
1.6495208740234375,4,8,5,31,7,23,27,0,11,22,-7,-8,3,8,sil
1.6495208740234375,-16,-6,-3,14,9,15,21,1,0,11,-16,-19,-8,3,sil
1.6647663116455078,-26,-26,-5,0,7,8,5,3,-6,7,-19,-15,-14,2,sil
1.6808757781982422,-13,-28,-4,-3,-5,1,8,-4,7,24,-10,-12,3,8,sil
1.6818768978118896,-13,-24,-7,-12,-16,0,14,0,14,16,-9,-17,6,6,sil
1.696460485458374,-22,-27,-20,-18,-18,-1,12,8,11,0,-8,-18,0,3,sil
1.69744610786438,-14,-25,-15,-16,-15,-4,12,9,13,1,-3,-4,7,8,sil
1.69744610786438,-9,-17,-9,-19,-14,-18,7,1,10,-4,-3,3,8,0,sil
1.7115709781646729,-9,-6,-11,-25,-15,-33,-11,-5,3,-20,-8,0,-2,-14,sil
1.7268881797790527,4,4,2,-18,-7,-29,-28,0,4,-13,1,6,1,-7,sil
1.7268881797790527,13,9,1,-7,1,-21,-24,-2,4,-1,22,21,18,2,sil
1.7427146434783936,14,17,0,-5,-1,-18,-24,-1,-3,-6,30,33,17,4,sil
1.7427146434783936,19,30,10,-3,-3,-4,-22,1,0,-6,30,32,9,2,sil
1.7577033042907717,15,28,8,-3,1,-1,-15,-7,-4,-5,23,18,2,-6,sil
1.7577033042907717,8,23,14,-2,2,-9,-18,-3,-26,-20,7,15,-4,-9,sil
1.7726869583129885,16,27,18,18,7,3,-11,-1,-24,-21,7,25,-1,-1,sil
1.7726869583129885,23,26,17,26,16,24,8,-2,-8,-10,13,21,0,5,sil
1.7883265018463137,16,18,17,25,20,26,14,1,-12,-7,2,1,-10,2,sil
1.7883265018463137,3,8,5,37,21,23,8,0,-9,-2,-8,-13,-14,-4,sil
1.803849697113037,1,0,6,32,17,23,13,6,3,8,-10,-14,-11,1,sil
1.803849697113037,1,0,5,14,9,21,26,3,5,15,-9,-15,-7,16,sil
1.81988263130188,-8,-5,-7,9,5,15,21,-2,-1,14,-18,-26,-7,8,sil
1.81988263130188,-25,-20,-12,1,0,5,4,0,-1,11,-30,-37,-12,-11,sil
1.835763931274414,-25,-28,-17,-11,-9,0,8,-3,8,16,-23,-41,-7,-12,sil
1.835763931274414,-11,-23,-13,-10,-8,10,23,4,18,21,-12,-27,2,2,sil
1.851874589920044,-4,-21,-9,-3,-2,14,28,9,28,22,-7,-12,3,4,sil
1.851874589920044,-8,-23,-10,-10,-10,-3,12,1,23,9,-11,-11,-5,0,sil
1.8676178455352783,-16,-17,-12,-20,-14,-16,-5,-3,0,-6,-10,-8,-4,-1,sil
1.8676178455352783,-13,-8,-16,-15,-4,-14,-8,-5,-9,-10,0,5,4,-3,sil
1.882798433303833,1,-9,-1,-14,-5,-17,-12,2,0,-6,3,16,6,0,sil
1.882798433303833,5,-8,5,-18,-13,-24,-22,4,2,-1,4,19,9,8,sil
1.898906707763672,11,3,5,-5,-4,-20,-20,-5,2,0,17,27,20,13,sil
1.898906707763672,29,16,22,16,10,-3,1,3,20,7,38,40,33,27,sil
1.9144439697265625,25,7,12,7,9,0,8,9,29,21,41,37,37,23,sil
1.9144439697265625,0,-1,-6,-28,-7,-17,-17,1,0,4,14,13,11,-3,sil
1.930521011352539,-9,2,-7,-31,-17,-18,-33,-9,-18,-28,-7,-3,-20,-28,sil
1.930521011352539,-3,8,0,-10,-9,-2,-16,-12,-8,-27,-1,0,-15,-27,sil
1.9457550048828125,-2,6,2,-8,-2,0,-6,-2,-15,-14,5,4,-3,-18,sil
1.9457550048828125,-6,8,-5,-5,-1,-2,-15,-3,-37,-18,-2,-8,-17,-19,sil
1.96197772026062,0,23,7,11,5,4,-18,-3,-42,-20,-4,-8,-21,-12,sil
1.96197772026062,7,32,17,28,15,12,0,0,-26,-8,1,3,-8,-1,sil
1.977515697479248,-4,14,0,24,11,5,10,-3,-11,-7,-5,-10,-10,-7,sil
1.977515697479248,-19,-7,-8,6,0,1,6,-3,-16,-14,-26,-29,-24,-11,sil
1.993605375289917,-9,-6,-8,8,2,9,15,-2,-22,-8,-26,-20,-21,0,sil
1.993605375289917,5,5,1,25,12,18,28,3,-14,0,-15,-3,-15,5,sil
2.013756513595581,2,6,6,24,12,20,24,9,0,5,-11,-7,-10,5,sil
2.014758586883545,-4,-3,1,13,8,22,15,4,17,15,-8,-13,2,8,sil
2.014758586883545,0,-8,5,10,7,23,12,6,35,28,3,1,18,21,sil
2.024799108505249,1,-10,2,9,2,10,11,2,37,40,8,4,20,27,sil
2.0405969619750977,2,-15,0,0,-7,-6,-1,0,26,33,0,-3,17,21,sil
2.0405969619750977,1,-16,-4,-15,-13,-9,-7,2,34,15,9,3,29,11,sil
2.055583000183105,-8,-17,-16,-30,-15,-5,1,2,52,11,19,7,29,4,sil
2.055583000183105,-5,-18,-6,-32,-14,0,11,9,60,10,-4,-2,13,8,sil
2.070730447769165,17,-5,4,-15,0,0,10,0,54,3,-6,7,15,7,sil
2.070730447769165,24,12,7,-3,11,-11,-6,-8,10,-6,25,30,16,-3,sil
2.0861995220184326,13,15,13,-1,1,-25,-21,0,-38,-14,31,32,1,-12,sil
2.0861995220184326,13,2,5,-2,-7,-32,-23,0,-45,-14,17,19,-1,-11,sil
2.101743221282959,16,4,2,-2,-1,-27,-23,-1,-36,-15,14,10,1,-5,sil
2.101743221282959,9,19,2,12,5,-10,-12,-5,-34,-13,13,5,-3,-5,sil
2.1170575618743896,0,18,4,19,2,-1,-2,-11,-41,-16,9,1,-14,-9,sil
2.1170575618743896,-9,5,0,6,0,1,-2,-6,-47,-22,0,-6,-26,-17,sil
2.1326773166656494,-24,0,-12,5,4,9,4,-4,-34,-15,-19,-27,-30,-22,sil
2.1326773166656494,-27,0,-8,10,5,18,9,4,-11,-4,-32,-35,-30,-13,sil
2.147852897644043,-19,-1,-3,13,6,22,6,9,7,4,-20,-22,-19,-1,sil
2.147852897644043,-8,-3,2,24,10,21,12,4,14,19,-12,-12,-5,6,sil
2.1637110710144043,-4,-10,7,21,3,24,28,2,13,30,-25,-18,-2,18,sil
2.1637110710144043,-11,-27,-8,-10,-15,16,27,1,11,17,-39,-23,-8,14,sil
2.1787750720977783,-18,-34,-19,-46,-24,-7,5,0,4,-12,-35,-14,-6,0,sil
2.1787750720977783,-10,-22,-15,-46,-13,-16,-8,-5,3,-15,-12,-3,3,0,sil
2.194474220275879,5,-10,-7,-27,0,-7,-10,-5,16,0,1,6,12,4,sil
2.20949935913086,15,1,5,-14,0,-7,-13,6,22,2,4,16,18,3,sil
2.20949935913086,13,6,5,-13,-6,-13,-20,1,7,-1,19,20,22,1,sil
2.20949935913086,11,0,3,-22,-10,-12,-22,0,-8,-7,32,22,21,4,sil
2.22588849067688,11,5,4,-8,0,-8,-7,2,0,-7,25,24,15,-1,sil
2.22588849067688,14,27,11,17,8,-5,3,1,16,3,19,21,13,-4,sil
2.240468978881836,15,28,19,19,2,-3,0,1,15,6,18,10,8,0,sil
2.257413387298584,9,18,3,12,3,-3,-4,-9,6,0,17,0,1,-1,sil
2.257413387298584,7,18,1,18,16,0,0,-4,-2,-1,18,3,3,5,sil
2.271777391433716,0,13,2,12,12,4,0,6,-10,-4,14,7,2,4,sil
2.271777391433716,-16,0,-13,-6,-1,2,-4,-3,-13,-12,-3,-8,-13,-20,sil
2.2878661155700684,-14,3,-4,2,2,7,-6,-2,-8,-6,-10,-7,-21,-22,sil
2.2878661155700684,-8,13,4,30,17,8,0,0,-2,6,0,-1,-12,-4,sil
2.303547143936157,-7,1,-1,21,5,-2,-4,-2,-8,1,-3,-9,-14,-4,sil
2.303547143936157,5,-6,0,2,-4,0,1,4,-2,11,-6,-1,-6,2,sil
2.3205721378326416,15,-4,12,14,1,12,21,4,4,21,0,14,8,24,sil
2.3205721378326416,4,-7,20,19,0,11,16,1,-1,1,-7,1,1,19,sil
2.3205721378326416,-11,-15,-7,0,-3,4,6,1,2,-5,-13,-20,-11,-8,sil
2.335697650909424,-13,-15,-19,-6,3,13,14,6,6,6,-10,-14,-7,-11,sil
2.350776433944702,0,-3,7,13,9,24,19,1,-8,2,-9,-1,-3,9,sil
2.3517770767211914,9,3,13,25,0,8,8,-4,-18,-6,-6,-3,-1,13,sil
2.3668770790100098,0,-8,-2,1,-14,-13,-4,4,-12,-11,-9,-7,1,0,sil
2.3668770790100098,-8,-23,-11,-19,-13,-14,-5,0,6,3,-9,-7,2,-3,sil
2.383508443832397,-2,-12,-4,-11,-5,-7,3,-2,23,25,1,-8,6,7,sil
2.383508443832397,7,3,3,-3,-11,-4,8,5,17,19,13,4,16,16,sil
2.3976497650146484,16,4,5,-4,-13,-4,5,-1,1,4,19,24,27,16,sil
2.3986520767211914,18,5,9,-3,0,-5,0,-4,-4,1,8,28,25,20,sil
2.3986520767211914,5,0,0,-8,5,-1,0,-2,5,0,0,15,12,12,sil
2.4128596782684326,-8,-13,-15,-30,-3,0,-1,-1,13,-2,-1,-2,0,-8,sil
3.287863254547119,-10,-6,-1,14,1,13,12,-1,-11,6,-9,-5,-17,-2,sil
3.303950071334839,-32,-19,-18,6,-2,19,23,2,-17,-2,-41,-34,-45,-17,sil
3.303950071334839,-39,-35,-26,-10,-13,19,19,11,0,1,-47,-45,-43,-18,sil
3.32046127319336,-24,-32,-15,-17,-16,7,8,11,27,17,-26,-24,-23,-3,sil
3.32046127319336,-5,-15,-4,-19,-9,-4,-2,8,31,17,-3,-1,-9,2,sil
3.32046127319336,-1,-14,-14,-26,-8,-10,-4,-1,29,8,4,0,-6,-4,sil
3.3346338272094727,-1,-13,-11,-29,-15,-15,-11,0,9,-5,2,-2,-13,-15,sil
3.3498969078063965,0,7,-3,-11,-3,-19,-21,0,-24,-25,4,0,-24,-22,sil
3.3498969078063965,3,26,5,15,11,-10,-16,2,-28,-27,10,5,-28,-14,sil
3.365955352783203,5,31,22,28,11,8,4,7,1,-10,18,12,-16,-1,sil
3.365955352783203,8,25,16,33,20,23,18,-1,8,1,19,3,-7,0,sil
3.3814857006073,10,17,10,41,32,23,17,-4,-5,4,4,-6,-11,7,sil
3.3814857006073,0,9,4,36,18,27,28,-3,7,22,-8,-6,-6,20,sil
3.396611213684082,-8,-2,-7,8,5,35,36,-6,32,38,-7,-7,8,21,sil
3.396611213684082,-3,-10,-3,-3,8,31,30,-1,30,33,-7,-6,11,14,sil
3.4117913246154785,0,-15,-4,0,2,10,25,-3,24,22,-11,-8,4,8,sil
3.4117913246154785,-3,-23,-13,-24,-12,-13,7,0,24,10,-14,-14,2,8,sil
3.4275591373443604,-8,-26,-18,-47,-24,-26,-16,6,15,1,-14,-5,8,0,sil
3.4275591373443604,-10,-23,-18,-39,-24,-30,-29,3,-2,-7,-7,5,12,-14,sil
3.442685842514038,-7,-10,-8,-32,-16,-33,-30,2,-14,-19,4,9,7,-16,sil
3.442685842514038,0,4,-2,-25,-11,-31,-22,-4,-17,-26,11,14,0,-8,sil
3.457972764968872,10,13,7,-8,-12,-21,-11,-7,-32,-29,6,19,-2,-6,sil
3.457972764968872,10,14,10,0,-7,-11,-11,-2,-45,-28,12,13,0,-9,sil
3.474019289016724,4,19,7,9,0,-9,-15,0,-35,-24,19,5,0,-9,sil
3.474019289016724,8,25,20,25,4,-2,-15,3,-23,-25,1,6,-5,2,sil
3.4896905422210693,14,23,18,31,6,4,-12,0,-20,-14,-10,0,-10,6,sil
3.4896905422210693,11,13,14,27,7,13,-11,0,-20,3,0,0,-3,3,sil
3.5055651664733887,12,5,13,40,24,33,9,3,-1,19,12,11,15,20,sil
3.5055651664733887,11,1,3,46,38,40,36,1,26,34,8,9,27,29,sil
3.5216526985168457,-3,-5,0,24,21,28,35,6,35,35,-4,-8,14,15,sil
3.5216526985168457,-17,-16,-8,2,6,21,34,8,35,33,-8,-17,1,3,sil
3.5372087955474854,-14,-27,-13,-18,7,13,31,5,46,35,-7,-10,7,4,sil
3.5372087955474854,-5,-29,-7,-34,-2,-4,14,7,52,31,-3,-2,15,4,sil
3.552512884140014,0,-18,-9,-28,-14,-14,0,1,39,16,3,3,16,0,sil
3.552512884140014,0,-5,-9,-29,-15,-16,-10,-3,9,-6,7,8,4,-8,sil
3.567608594894409,-2,-5,-11,-40,-19,-27,-26,-12,-14,-25,6,4,-5,-17,sil
3.567608594894409,7,2,-2,-28,-20,-33,-33,-9,-21,-28,12,4,-7,-8,sil
3.582881689071656,20,25,15,2,-9,-19,-26,-1,-21,-22,19,8,-5,-4,sil
3.582881689071656,5,19,5,9,-8,-14,-27,-11,-35,-30,5,-7,-21,-25,sil
3.598471641540528,-21,-1,-10,-10,-13,-15,-39,-9,-53,-47,-26,-30,-49,-37,sil
3.5985727310180664,-22,1,-9,0,0,3,-21,3,-41,-35,-25,-23,-41,-23,sil
3.613985300064087,-2,14,10,35,13,21,15,6,-18,-8,-2,-3,-7,-1,sil
3.613985300064087,0,5,16,39,7,22,30,0,-9,0,-9,-2,0,6,sil
3.629994630813599,-18,-15,-7,10,0,11,20,-8,-9,0,-33,-17,-16,0,sil
3.629994630813599,-21,-18,-9,-9,0,5,13,4,-3,8,-29,-18,-12,0,sil
3.645230293273926,-6,-1,0,1,11,17,22,13,27,34,-1,-5,14,21,sil
3.645230293273926,4,4,3,11,13,18,22,4,49,50,10,9,30,29,sil
3.661775827407837,7,-3,1,-3,-4,-4,8,1,34,28,9,14,29,16,sil
3.661775827407837,9,-4,-9,-16,-12,-16,0,0,18,6,9,10,24,6,sil
3.676993370056152,15,1,-3,-17,0,-7,-2,0,11,3,11,20,16,12,sil
3.676993370056152,21,7,5,-14,1,-2,-5,0,0,0,21,32,15,11,sil
3.69240665435791,19,7,1,-9,-4,-7,-12,-1,-7,-13,22,21,9,-1,sil
3.69240665435791,9,7,4,-3,1,-8,-17,1,-12,-23,8,12,-5,-5,sil
3.707853555679321,5,12,9,6,13,-1,-7,-1,-11,-13,12,16,-5,0,sil
3.707853555679321,11,19,20,20,15,7,3,0,-2,5,21,13,3,10,sil
3.7232320308685294,3,11,10,30,12,14,6,2,0,12,1,-4,-5,2,sil
3.7232320308685294,-15,-4,-12,27,8,18,14,-1,-11,3,-20,-26,-21,-8,sil
3.739842176437378,-25,-14,-13,13,1,18,25,3,-6,5,-23,-32,-17,-5,sil
3.739842176437378,-21,-21,-14,-1,-3,9,22,4,26,21,-16,-27,0,-2,sil
3.755292177200317,-4,-19,-6,-20,-6,-4,3,3,36,18,-9,-10,9,0,sil
3.770822525024414,9,-2,0,-23,-11,-14,-10,-4,9,-1,4,6,11,0,sil
3.770822525024414,4,3,-3,-11,-16,-27,-23,-11,-17,-22,10,11,5,-11,sil
3.770822525024414,0,-1,2,-8,-17,-35,-39,-4,-33,-38,5,5,-7,-20,sil
3.785929918289185,-5,0,0,-4,-10,-19,-32,-8,-32,-34,0,-8,-14,-24,sil
3.8017845153808594,-7,5,0,12,3,12,-1,-1,-17,-12,-4,-13,-13,-17,sil
3.8017845153808594,-5,0,4,22,14,31,24,12,1,13,-10,-9,-9,7,sil
3.8017845153808594,-2,-14,-1,3,5,20,24,4,12,28,-13,-8,0,20,sil
3.8169023990631104,2,-14,0,-15,-8,7,14,3,24,31,-8,0,14,19,sil
3.832865715026856,15,-6,6,-7,-3,1,11,5,42,31,10,16,24,22,sil
3.832865715026856,20,-3,12,-9,4,-14,-6,0,36,13,17,24,20,20,sil
3.849543571472168,12,6,10,-25,0,-29,-31,-6,5,-16,8,24,16,4,sil
3.849543571472168,5,18,-4,-18,-3,-25,-37,-13,-20,-32,9,18,5,-10,sil
3.849543571472168,0,20,-5,-4,0,-10,-27,-4,-33,-32,8,4,-19,-20,sil
3.864022970199585,-7,14,-5,1,1,0,-8,-2,-29,-24,1,-8,-27,-25,sil
3.88086462020874,-13,6,-8,5,0,-1,0,-6,-23,-15,-6,-12,-17,-19,sil
3.88086462020874,-19,4,-4,7,2,-1,1,3,-23,-8,-13,-12,-18,-13,sil
3.895103693008423,-16,5,-2,11,4,12,15,5,-17,0,-7,-16,-15,-10,sil
3.895103693008423,0,5,6,17,10,29,32,4,-10,7,-4,-15,-5,2,sil
3.910806179046631,0,0,0,22,12,27,31,1,-3,2,-10,-10,-4,10,sil
3.910806179046631,-6,-1,-1,21,1,17,19,2,6,0,-12,-1,-5,9,sil
3.910806179046631,0,-1,5,14,-4,16,10,10,18,15,-8,0,0,14,sil
3.926454782485962,2,-9,-6,0,-4,8,4,4,19,26,-12,-11,3,12,sil
3.927447080612183,-2,-14,-10,-14,-8,-3,0,-2,9,10,-16,-13,6,5,sil
3.9421215057373047,1,-6,-2,-8,-4,1,12,0,16,13,0,-2,15,6,sil
3.9572207927703857,7,-7,5,1,0,9,21,11,25,25,9,1,15,10,sil
3.9572207927703857,3,-19,3,-5,-2,2,11,11,23,14,4,1,11,14,sil
3.972403287887573,0,-18,-10,-15,-2,-6,0,-6,26,10,10,10,18,12,sil
3.972403287887573,-1,-10,-5,-24,-1,-12,-7,-7,18,12,15,11,18,4,sil
3.987837076187134,-1,-8,2,-22,-3,-13,-14,-1,0,3,11,9,7,-8,sil
3.987837076187134,8,-2,5,-4,2,-11,-16,-5,-3,-6,13,18,7,-11,sil
4.003921508789063,17,15,9,4,6,-15,-14,-2,2,-16,17,26,12,-4,sil
4.003921508789063,15,20,5,3,0,-23,-15,-4,-2,-19,16,22,11,-3,sil
4.0254786014556885,14,13,12,2,-3,-22,-21,-8,-19,-14,15,16,1,-1,sil
4.02647852897644,18,17,17,11,-3,-9,-21,-7,-24,-11,20,19,-3,2,sil
4.02647852897644,13,23,10,21,0,-1,-15,-2,-11,-5,25,22,0,7,sil
4.035539627075195,7,17,9,26,1,0,-14,6,-10,-6,17,13,1,7,sil
4.051729440689087,4,8,1,28,3,3,-13,-2,-22,-13,6,-5,-12,-5,sil
4.051729440689087,-1,2,1,17,4,5,-8,-4,-26,-14,-4,-7,-20,-11,sil
4.066738605499268,-14,0,2,8,4,7,5,0,-9,0,-12,-2,-15,-6,sil
4.066738605499268,-24,-1,-11,4,1,3,13,-4,-5,0,-26,-27,-18,-13,sil
4.082611083984375,-33,-13,-20,-8,-6,1,0,0,-28,-20,-49,-50,-33,-26,sil
4.082611083984375,-40,-22,-21,-24,-8,11,0,5,-25,-23,-50,-45,-31,-24,sil
4.09804105758667,-32,-16,-17,-24,0,23,16,6,6,-7,-37,-34,-21,-11,sil
4.09804105758667,-26,-16,-20,-17,1,20,25,0,15,2,-43,-44,-24,-9,sil
4.113628387451172,-24,-25,-21,-18,-6,12,20,-2,11,11,-50,-50,-17,-14,sil
4.113628387451172,1,-13,-2,-21,-3,14,27,16,35,27,-15,-14,11,10,sil
4.128881216049194,27,2,1,-13,9,12,38,16,66,36,21,23,32,37,sil
4.128881216049194,23,-3,-2,-19,3,-4,15,2,49,27,15,19,24,28,sil
4.144620418548584,25,-6,3,-32,-9,-18,-12,-2,19,19,10,15,23,13,sil
4.144620418548584,41,10,9,-19,-4,-20,-14,-7,11,14,35,39,41,21,sil
4.160284042358398,33,20,16,-6,5,-22,-15,-5,-2,-2,52,54,43,23,sil
4.160284042358398,13,18,9,0,9,-23,-25,-2,-24,-9,55,43,23,3,sil
4.176154375076294,6,23,12,21,9,-13,-20,-2,-28,-3,42,26,1,-7,sil
4.176154375076294,0,22,26,46,10,4,-1,0,-22,-1,19,12,-8,-4,sil
4.191772699356079,-8,8,14,47,12,14,13,-4,-15,-1,15,0,-13,-4,sil
4.191772699356079,-12,2,5,32,5,12,10,0,-16,-1,7,-4,-15,-11,sil
4.207561492919922,-22,-1,-2,27,-7,8,-1,-1,-20,-4,-15,-12,-13,-19,sil
4.207561492919922,-21,-9,-4,26,-9,6,0,-7,-25,-16,-29,-19,-16,-15,sil
4.2226243019104,-8,-8,1,17,-2,12,13,-2,-18,-18,-31,-19,-23,-4,sil
4.2226243019104,-15,-14,-8,0,-7,10,17,1,0,-1,-41,-28,-23,-10,sil
4.238541603088379,-24,-22,-13,-15,-17,2,8,4,11,1,-44,-29,-20,-16,sil
4.238541603088379,-1,-12,-4,-9,-7,4,5,2,17,0,-21,-5,0,5,sil
4.254277467727661,31,0,7,1,6,3,-5,0,27,11,8,22,29,36,sil
4.254277467727661,36,5,10,-4,3,-7,-24,4,36,23,28,32,40,39,sil
4.269799709320068,25,2,1,-13,-6,-19,-25,0,25,11,27,23,30,21,sil
4.269799709320068,13,-6,0,-26,-14,-26,-21,0,0,-18,11,12,13,12,sil
4.28542685508728,0,-1,-8,-37,-15,-24,-19,-2,-4,-25,8,7,-2,0,sil
4.28542685508728,-4,13,-13,-26,0,-13,-13,0,-2,-12,16,7,-5,-17,sil
4.300588130950928,0,16,-5,-6,11,-3,-5,8,-13,-13,13,6,0,-22,sil
4.300588130950928,-5,6,-11,-6,4,-9,-4,1,-22,-20,9,0,-3,-25,sil
4.315856695175171,-20,7,-13,-19,-4,-14,-12,-3,-21,-18,8,-8,-13,-30,sil
4.315856695175171,-22,9,-7,-4,3,0,-1,0,-5,-1,-1,-16,-16,-23,sil
4.3319175243377686,-14,-1,-3,13,10,18,16,-1,12,21,-12,-17,-9,-8,sil
4.3319175243377686,-3,-3,8,15,10,24,12,2,7,20,-8,-10,-8,1,sil
4.346668481826782,5,12,10,31,20,24,11,-3,-6,6,0,-9,-9,3,sil
4.346668481826782,7,12,13,41,20,22,17,-10,-15,7,-9,-12,-9,3,sil
4.361828804016113,5,-3,18,25,8,22,16,-5,-16,16,-13,-8,-8,11,sil
4.361828804016113,6,-6,11,15,11,19,22,0,-6,17,-6,-4,-3,18,sil
4.377502918243408,3,0,7,7,13,9,26,12,4,14,-11,-3,3,18,sil
4.377502918243408,-3,-10,-3,-5,0,0,18,10,16,9,-15,-7,9,12,sil
4.393653392791748,-4,-25,-10,-18,-16,-7,5,2,20,-3,-18,-9,2,4,sil
4.393653392791748,-11,-25,-15,-28,-20,-12,3,0,18,0,-27,-13,-6,-4,sil
4.408737421035767,-22,-26,-17,-36,-22,-5,0,-1,16,13,-24,-13,-7,-8,sil
4.408737421035767,-16,-26,-7,-28,-24,3,-3,1,11,1,-10,-3,0,1,sil
4.42294192314148,-6,-12,-11,-12,-16,-1,-1,0,7,-10,0,-1,6,1,sil
4.438448429107666,0,2,-6,-8,-2,-9,-3,0,5,-12,8,0,5,-4,sil
4.438448429107666,14,9,9,-3,3,-10,-9,-1,-3,-18,16,17,1,-2,sil
4.454082012176514,25,12,16,12,0,-19,-9,-8,-13,-18,20,26,9,4,sil
4.454082012176514,27,20,27,20,0,-18,-12,-3,-15,-13,23,28,23,14,sil
4.469015836715698,25,25,15,17,3,-8,-23,-4,-12,-3,33,41,28,15,sil
4.469015836715698,15,15,-1,3,0,-15,-37,-10,-20,0,31,31,16,3,sil
4.484443426132202,2,6,0,0,-5,-18,-40,-2,-24,-6,15,8,0,-7,sil
4.484443426132202,3,13,-1,9,0,0,-21,5,-2,-1,23,14,8,-4,sil
4.500532150268555,4,16,-3,5,5,7,-1,9,12,13,33,27,19,0,sil
4.500532150268555,-11,1,-11,-7,0,-4,0,0,6,3,11,0,-4,-13,sil
4.516051054000855,-20,0,-14,-4,2,0,1,-1,1,-7,-9,-24,-27,-25,sil
4.516051054000855,-13,9,-3,7,14,17,20,7,6,5,-8,-16,-18,-14,sil
4.531728744506836,-18,3,-3,7,16,18,29,-2,9,9,-13,-22,-16,-12,sil
4.531728744506836,-28,-7,-4,-2,7,11,14,-4,0,-10,-29,-37,-29,-20,sil
4.546897172927856,-21,-2,-4,-1,4,17,13,1,-6,-8,-32,-34,-24,-18,sil
4.546897172927856,-2,0,3,9,2,19,25,0,-16,-5,-31,-24,-22,-8,sil
4.562035322189331,7,0,19,24,0,12,24,6,-18,-14,-24,-12,-20,8,sil
4.562035322189331,4,-2,10,22,-1,4,10,3,-3,2,-11,-3,1,17,sil
4.577473163604736,6,-10,4,0,-7,3,-5,-1,1,23,-3,-1,18,22,sil
4.577473163604736,27,-7,18,6,1,9,-2,-3,5,20,11,10,20,35,sil
4.593610763549805,41,8,22,37,17,10,4,-3,16,19,21,28,26,45,sil
4.593610763549805,32,7,10,26,11,5,4,1,18,24,13,29,31,37,sil
4.608856439590454,9,-21,-10,-17,0,-3,10,0,18,17,3,9,24,16,sil
4.608856439590454,-17,-41,-21,-44,-8,-17,11,1,15,0,-15,-13,0,-5,sil
4.6244542598724365,-32,-35,-27,-46,-16,-21,1,9,13,-2,-30,-21,-19,-20,sil
4.6244542598724365,-21,-22,-20,-44,-16,-11,-4,7,30,8,-7,-7,-2,-11,sil
5.451928853988648,4,-9,3,-22,-1,-3,12,-1,27,12,4,7,11,9,sil
5.451928853988648,6,-2,0,-25,-4,-13,-5,2,2,-3,0,5,1,0,sil
5.467496156692505,2,-2,-8,-29,-8,-14,-12,-3,-10,-17,0,1,3,-6,sil
5.467496156692505,18,-1,5,-18,0,-5,-5,-9,0,-9,11,9,14,5,sil
5.483553647994995,24,3,15,-7,5,-4,-1,-3,3,-9,13,16,12,10,sil
5.483553647994995,16,6,6,-6,0,-15,-9,-3,-6,-17,14,18,5,5,sil
5.499604225158691,22,11,8,0,0,-20,-18,-2,-13,-7,21,26,8,6,sil
5.499604225158691,29,19,9,15,10,-16,-28,-4,-12,-1,22,24,7,5,sil
5.514782667160034,15,15,12,18,2,-17,-40,-1,-10,-17,13,13,0,0,sil
5.514782667160034,-3,9,3,11,-4,-14,-33,-1,-7,-17,3,6,-1,-14,sil
5.530102014541626,-20,9,-13,12,4,-1,-9,-7,-20,-11,-9,-8,-17,-34,sil
5.530102014541626,-35,2,-11,15,13,19,8,0,-30,-17,-26,-32,-39,-32,sil
5.546225547790527,-37,-11,-14,13,8,31,30,4,-7,-2,-34,-44,-29,-15,sil
5.546225547790527,-29,-17,-16,5,-2,27,37,7,13,19,-39,-36,-12,-7,sil
5.56172776222229,-33,-19,-16,2,-7,24,33,12,9,22,-31,-25,-12,-3,sil
5.56172776222229,-28,-23,-13,-2,-5,24,37,3,3,15,-21,-21,-14,2,sil
5.576721906661987,-2,-10,1,-13,-6,12,35,0,8,8,-17,-10,-1,9,sil
5.576721906661987,16,2,5,-15,-10,-3,19,4,29,19,8,14,24,17,sil
5.592975378036499,28,-3,8,-13,-9,-13,0,11,42,27,38,37,38,28,sil
5.592975378036499,39,-2,13,-11,-3,-17,-19,0,20,2,35,36,28,26,sil
5.608975648880005,39,15,9,-4,2,-24,-33,-18,-6,-15,30,29,20,8,sil
5.608975648880005,36,33,22,8,10,-26,-37,-6,-9,-2,44,40,24,7,sil
5.624775171279907,32,31,25,17,8,-23,-42,-9,-5,-1,40,36,17,8,sil
5.624775171279907,10,10,3,0,-2,-17,-49,-20,-27,-33,6,1,-12,-12,sil
5.639910936355591,-20,-3,-15,-10,0,-3,-34,-6,-44,-40,-16,-27,-37,-35,sil
5.639910936355591,-30,-5,-17,7,13,12,-3,2,-21,-7,-10,-26,-27,-29,sil
5.65519118309021,-17,-3,0,13,13,13,10,5,3,2,-4,-17,-13,-9,sil
5.65519118309021,-12,0,1,16,0,9,11,2,0,-13,-13,-13,-20,-10,sil
5.670786619186401,-19,2,-8,21,-3,12,16,1,-10,-18,-24,-13,-26,-16,sil
5.670786619186401,-22,-5,-9,2,-4,14,24,8,-2,-2,-28,-14,-13,-7,sil
5.686110496520996,-22,-14,-10,-13,-10,5,25,8,7,11,-22,-20,-4,1,sil
5.686110496520996,-13,-7,-3,-3,-12,5,17,6,-6,6,-27,-18,-11,2,sil
5.701990604400635,-2,-2,-1,2,-5,19,23,4,-9,2,-26,-9,-6,7,sil
5.701990604400635,7,-3,8,1,2,23,35,8,13,21,-2,6,17,27,sil
5.71721625328064,18,1,20,5,6,12,25,16,26,41,20,22,36,44,sil
5.71721625328064,21,0,6,-1,1,2,10,5,25,43,23,19,39,37,sil
5.733001232147217,13,-1,4,-5,4,3,1,0,29,34,22,15,37,23,sil
5.733001232147217,11,7,11,13,17,0,-5,-5,32,30,26,20,34,17,sil
5.747910976409912,12,-1,4,3,14,-10,-14,-16,16,16,13,13,19,8,sil
5.747910976409912,0,-23,-9,-33,0,-17,-15,-13,-10,-11,-10,-7,-5,-10,sil
5.763500928878784,-12,-16,-22,-27,-2,-21,-15,-11,-25,-32,-20,-25,-21,-31,sil
5.764501094818115,-13,0,-16,-9,-4,-20,-18,-1,-25,-35,-14,-22,-24,-31,sil
5.779522657394409,-10,-7,-13,-19,-11,-9,-10,0,-10,-25,-4,-11,-17,-24,sil
5.779522657394409,-7,-16,-16,-20,-5,-5,-1,-4,1,-12,-5,-8,-11,-21,sil
5.794692277908325,-5,0,-2,-8,0,-6,0,3,1,-7,-11,-5,-12,-16,sil
5.810795307159424,-6,4,0,-5,-5,-6,-1,5,1,-7,-1,0,-11,-14,sil
5.810795307159424,0,-2,3,-3,-12,-15,-6,1,1,-11,8,10,-3,-4,sil
5.810795307159424,10,7,10,8,-10,-19,-8,0,2,-6,15,22,5,11,sil
5.826546907424927,23,25,10,15,-3,-2,-3,2,5,2,23,26,9,15,sil
5.841722249984741,27,23,14,11,-2,0,-7,2,-5,0,17,23,7,12,sil
5.841722249984741,20,11,13,11,-2,-12,-20,-6,-10,-6,14,17,8,14,sil
5.858415126800537,23,16,18,19,2,-7,-27,-4,-5,-2,24,18,13,17,sil
5.858415126800537,19,26,18,21,7,15,-12,1,0,2,23,18,14,10,sil
5.872533082962036,-8,12,1,13,3,21,6,-3,-7,-2,0,0,-1,-3,sil
5.872533082962036,-26,0,-1,8,0,15,7,0,-25,-14,-17,-15,-19,-10,sil
5.889536380767822,-16,4,0,24,8,16,9,-3,-26,-13,-9,-13,-18,-16,sil
5.889536380767822,-11,5,0,28,17,23,16,1,-16,-10,-2,-12,-11,-20,sil
5.903717041015625,-23,-7,-9,12,12,31,18,15,-2,0,-3,-22,-7,-12,sil
5.903717041015625,-29,-16,-20,2,4,23,19,6,11,15,-12,-23,-2,-5,sil
5.919819355010986,-19,-15,-5,1,0,8,21,3,10,12,-26,-15,-9,0,sil
5.919819355010986,-8,-14,0,5,3,5,23,1,4,7,-23,-9,-15,1,sil
5.935841798782349,-4,-13,-7,-4,6,5,14,-2,3,12,-13,-11,-11,6,sil
5.935841798782349,0,-10,-5,-20,-1,-7,0,-1,0,18,-9,-10,-1,13,sil
5.95185399055481,5,-13,-3,-14,-12,-23,-7,0,10,25,0,-3,12,14,sil
5.95185399055481,13,-10,2,-11,-11,-18,-8,-2,25,27,2,3,17,14,sil
5.967901706695557,21,-1,0,-24,-6,-4,-7,-6,23,15,-8,2,7,15,sil
5.967901706695557,21,-4,-1,-24,-7,-9,-10,-3,10,2,-13,0,5,13,sil
5.984435558319092,8,-11,-6,-18,-5,-20,-9,1,6,0,-5,2,11,4,sil
5.984435558319092,-3,-5,-18,-36,0,-16,-1,-1,6,-1,-7,0,6,-3,sil
5.998840808868408,-1,0,-8,-47,2,-3,1,2,5,-6,-13,0,4,-1,sil
5.998840808868408,2,-5,0,-26,1,1,1,3,9,-3,5,6,17,-2,sil
6.015474796295166,-4,-8,-3,-21,-6,-5,-5,-1,0,-7,22,5,16,-11,sil
6.015474796295166,-13,3,-6,-24,-9,-13,-18,-1,-15,-26,17,5,0,-19,sil
6.015474796295166,-5,15,0,2,0,-10,-14,-3,-14,-32,17,8,-9,-20,sil
6.037561655044556,3,21,21,31,0,-2,-8,1,-10,-24,22,7,-12,-13,sil
6.037561655044556,-1,23,17,40,2,3,-3,3,-17,-15,20,5,-12,-7,sil
6.046609401702881,-5,15,5,39,11,15,9,-2,-23,-11,11,8,-11,-3,sil
6.046609401702881,4,9,21,45,12,29,26,5,-13,0,3,8,-8,9,sil
6.06165075302124,12,13,22,65,3,25,29,3,7,20,2,3,1,19,sil
6.076997995376587,9,7,12,54,2,10,15,0,19,31,2,9,9,23,sil
6.076997995376587,8,-2,6,17,3,7,3,0,30,32,4,16,12,21,sil
6.092576026916504,16,-4,1,3,-3,3,-1,-2,33,25,2,10,15,12,sil
6.092576026916504,18,-7,-4,-2,-11,-12,-8,-3,10,2,-3,3,13,2,sil
6.108466863632202,0,-17,-20,-24,-7,-25,-18,-9,-4,-14,0,0,8,-6,sil
6.108466863632202,-12,-9,-15,-40,-7,-23,-24,0,-7,-18,5,1,5,-16,sil
6.123645067214966,-2,6,-5,-31,-12,-11,-21,5,-13,-18,9,3,2,-22,sil
6.123645067214966,-3,3,-15,-21,-6,-12,-19,-8,-23,-21,3,-11,-12,-23,sil
6.138895988464356,-24,-3,-11,-16,7,-13,-21,-4,-31,-22,-16,-30,-31,-23,sil
6.138895988464356,-18,7,1,3,17,6,-2,1,-18,-4,-14,-23,-23,-11,sil
6.154484510421753,3,11,8,14,13,24,17,0,-3,10,-2,-4,-10,8,sil
6.154484510421753,-5,-3,1,0,3,19,19,3,-7,7,-16,-13,-17,8,sil
6.169524431228638,-16,-14,-5,-3,3,18,22,2,-13,2,-31,-31,-19,1,sil
6.169524431228638,3,-9,5,5,5,21,24,2,-6,10,-24,-14,-6,14,sil
6.1846678256988525,11,-6,0,0,-3,3,6,0,0,10,-15,5,0,18,sil
6.1846678256988525,3,-10,-7,-22,-14,-14,-16,0,-3,-2,-11,5,3,7,sil
6.200768232345581,4,-3,-2,-19,-9,-7,-13,3,1,1,4,7,15,10,sil
6.200768232345581,3,9,2,3,3,0,1,0,16,16,14,18,24,18,sil
6.216622829437256,1,13,11,8,8,0,6,2,24,13,3,17,17,13,sil
6.216622829437256,1,3,4,3,2,-1,8,1,28,2,2,3,6,-5,sil
6.2316319942474365,-6,-2,-4,5,0,-6,5,6,22,-3,11,0,3,-16,sil
6.2316319942474365,-16,-2,-6,-1,1,-7,1,6,9,-9,5,-1,1,-16,sil
6.2476465702056885,-22,-16,-23,-23,-8,-7,-1,-13,0,-9,-4,-15,-7,-23,sil
6.2476465702056885,-19,-24,-18,-23,-15,-3,-3,-11,-5,-8,-4,-21,-12,-26,sil
6.262709856033325,-4,-8,2,8,0,9,2,2,0,-3,0,-5,-4,-14,sil
6.262709856033325,14,6,13,19,9,18,11,4,13,7,3,5,4,8,sil
6.278773307800293,30,17,17,13,1,15,12,5,11,18,18,14,12,27,sil
6.278773307800293,33,22,19,19,2,3,10,1,-1,11,29,22,15,27,sil
6.294631481170654,21,10,22,16,0,-11,-1,-2,-16,-9,9,19,4,15,sil
6.294631481170654,11,0,16,7,-8,-16,-13,-4,-12,-11,-2,10,0,7,sil
6.310746908187866,14,5,9,8,0,-7,-15,0,-1,2,5,13,8,7,sil
6.310746908187866,14,8,3,6,8,0,-12,7,0,4,12,14,11,10,sil
6.326403856277466,2,2,-5,3,5,-3,-5,2,2,5,12,8,11,4,sil
6.326403856277466,-11,0,-3,-5,1,-5,-10,0,6,9,6,1,5,-3,sil
6.34193754196167,-30,-9,-17,-20,-3,-7,-18,-3,3,5,-8,-10,-6,-14,sil
6.34193754196167,-38,-19,-30,-32,-11,-12,-14,-6,-4,-1,-17,-19,-15,-28,sil
6.357243061065674,-30,-13,-17,-25,-7,0,1,3,-4,-1,-9,-16,-16,-28,sil
6.357243061065674,-22,-4,-11,-9,0,14,10,-5,-2,-2,-8,-24,-20,-22,sil
6.372549772262573,-12,-5,-3,-7,0,3,3,-6,-14,-16,-21,-29,-22,-15,sil
6.372549772262573,1,-2,-2,-5,2,0,8,1,-16,-18,-17,-9,-13,-3,sil
6.388075828552246,17,7,0,10,3,9,17,1,-2,-5,-1,6,-1,10,sil
6.388075828552246,26,13,16,16,0,5,7,1,-1,-1,1,8,2,15,sil
6.403909206390381,22,5,12,8,0,-5,-9,-2,-5,-10,-1,10,4,13,sil
6.403909206390381,24,8,13,11,-2,-4,-11,-1,-8,-18,-1,14,4,20,sil
6.4198760986328125,30,22,22,27,1,1,0,2,-8,-7,3,15,5,25,sil
6.4198760986328125,16,12,7,17,8,0,0,-3,-2,2,12,10,8,15,sil
6.434973478317261,-1,-7,-5,-4,1,0,-4,-3,3,-1,3,10,9,6,sil
6.434973478317261,-4,-4,-6,1,1,11,11,5,18,6,-1,6,7,5,sil
6.450516700744629,-6,2,-4,9,12,14,18,11,23,21,10,2,7,0,sil
6.450516700744629,-26,-8,-14,-11,8,4,1,6,10,18,13,-6,6,-20,sil
6.465746164321899,-41,-22,-25,-21,-6,-4,-6,-2,-1,4,-7,-24,-3,-40,sil
6.465746164321899,-34,-20,-9,-5,-11,-5,-3,1,1,-2,-14,-25,-15,-36,sil
6.4818336963653564,-20,-4,0,6,-2,-1,5,0,5,6,0,-11,-8,-17,sil
6.4818336963653564,-2,12,9,7,9,0,14,0,0,23,8,-1,4,9,sil
6.497668266296387,17,15,21,15,11,3,18,7,1,26,13,9,8,29,sil
6.497668266296387,16,4,9,9,0,2,10,0,3,9,7,10,-1,12,sil
6.512784957885742,0,-1,2,-10,-6,-3,-9,-5,-15,-13,-18,-6,-16,-5,sil
6.512784957885742,0,0,2,-10,-6,-12,-29,-9,-24,-18,-20,-10,-19,0,sil
6.529448747634888,17,0,0,-3,-11,-8,-36,-9,-16,-15,-2,4,-8,11,sil
6.529448747634888,21,0,-1,-7,-13,1,-31,-5,-20,-21,-3,12,0,8,sil
6.544565677642822,13,-4,-3,-8,-6,0,-19,-6,-14,-19,-6,4,7,5,sil
6.544565677642822,7,-8,2,-10,-4,0,-2,2,6,-3,1,8,14,11,sil
6.560261249542236,-2,-11,2,-11,-8,6,18,6,28,12,7,11,17,9,sil
6.560261249542236,-13,-10,0,-7,-6,7,29,5,32,13,1,-3,12,-3,sil
6.575629472732544,-10,-1,-5,-7,1,3,27,10,24,5,-4,-13,1,-10,sil
6.576631546020508,-6,0,-10,-10,3,-3,21,5,18,6,4,-10,-1,-7,sil
6.590775489807129,-13,-8,-6,-9,-3,-11,14,4,10,3,7,-10,0,-7,sil
6.60646653175354,-14,-4,-12,0,-3,-14,5,3,4,-4,-3,-17,-4,-15,sil
6.60746693611145,-5,4,-10,0,0,-15,-12,-1,-5,-15,-18,-13,-15,-15,sil
6.623769760131836,1,2,4,-3,0,-5,-23,-6,-12,-17,-17,2,-13,0,sil
6.623769760131836,18,5,11,10,11,7,-6,-8,-5,-4,3,22,2,17,sil
6.623769760131836,37,21,22,26,21,8,1,4,0,6,17,30,12,22,sil
6.639334201812744,34,33,18,33,19,13,8,7,-1,15,16,21,11,16,sil
6.639334201812744,30,34,17,36,25,30,23,-4,7,22,29,24,17,16,sil
6.652474403381348,29,27,29,35,30,33,21,0,14,20,45,32,27,23,sil
6.667670726776123,8,15,5,29,20,8,4,-1,1,11,24,14,18,8,sil
6.667670726776123,-17,-2,-23,1,4,-18,-7,-4,-21,-7,-8,-10,-8,-17,sil
6.682496786117554,-41,-30,-33,-36,-13,-26,-21,-6,-23,-18,-14,-29,-22,-35,sil
6.682496786117554,-58,-43,-35,-45,-27,-23,-38,-6,-16,-14,-12,-39,-19,-36,sil
6.697657585144043,-43,-22,-19,-25,-20,-13,-36,1,-8,-3,-16,-24,-16,-21,sil
6.697657585144043,-13,-3,-4,-6,-5,-1,-14,2,8,10,-2,0,-2,-5,sil
6.712953805923462,0,-4,6,-4,-5,1,-1,5,9,8,11,7,11,0,sil
6.712953805923462,-5,-7,2,-10,-10,0,2,3,-5,-7,-5,-2,-3,-1,sil
6.728591203689575,-6,-13,-11,-21,-10,0,3,-5,-15,-18,-32,-24,-27,-7,sil
6.728591203689575,7,-7,1,-20,-10,0,2,-2,-18,-21,-34,-18,-21,-1,sil
6.743647336959839,18,6,12,-1,-15,-4,12,0,-14,-15,-17,0,-6,11,sil
6.743647336959839,13,1,7,1,-16,-6,13,0,-18,-14,-22,-2,-16,8,sil
6.758786678314209,10,-4,7,-5,-7,0,1,3,-14,-13,-18,-8,-13,5,goodbye
6.758786678314209,17,3,11,7,4,10,0,4,10,9,7,7,17,16,goodbye
6.774456024169922,13,8,17,21,11,15,8,10,33,35,18,19,29,27,goodbye
6.774456024169922,-4,1,0,13,9,17,11,0,37,30,7,1,8,9,goodbye
6.789466381072998,-16,-1,-13,0,1,13,4,-7,20,10,-2,-15,-5,-14,goodbye
6.789466381072998,-13,-3,-5,1,3,7,2,0,0,6,0,-6,0,-11,goodbye
6.804909944534302,-8,-6,-3,8,11,5,10,1,-2,8,3,2,4,-5,goodbye
6.804909944534302,-2,0,-1,9,12,4,21,4,7,1,6,3,1,-4,goodbye
6.820426940917969,5,10,5,12,15,3,29,7,22,4,15,14,13,1,goodbye
6.820426940917969,11,10,9,3,9,-2,24,4,21,6,21,23,24,11,goodbye
6.836449384689331,12,6,7,-2,-8,-18,5,-3,0,0,17,22,16,12,goodbye
6.836449384689331,22,11,12,16,-12,-31,-25,-7,-14,-8,24,31,10,16,goodbye
6.851601600646973,29,16,27,26,0,-27,-46,-1,-7,-17,29,39,10,18,goodbye
6.851601600646973,18,10,8,12,4,-17,-37,-8,0,-11,13,16,6,1,goodbye
6.866847038269043,13,2,1,1,-1,-13,-32,-11,-18,-7,2,0,0,-7,goodbye
6.883416414260864,12,9,11,7,0,0,-32,-2,-28,-15,14,5,-2,-3,goodbye
6.883416414260864,0,11,-5,11,5,6,-9,-6,-7,-10,15,0,-1,-4,goodbye
6.883416414260864,-12,-1,-15,-3,0,1,6,-5,-6,-6,-9,-14,-10,-10,goodbye
6.898444890975952,-20,-16,-18,-18,-4,6,13,-3,-17,-7,-19,-21,-22,-17,goodbye
6.899444103240967,-27,-15,-24,-16,0,19,19,0,0,0,-18,-25,-18,-16,goodbye
6.912867784500122,-24,-11,-18,-13,3,24,17,13,15,10,-25,-25,-8,-6,goodbye
6.929183006286621,-18,-11,-17,-16,6,17,12,9,6,15,-24,-26,-8,-9,goodbye
6.929183006286621,-24,-10,-12,-25,3,7,8,4,0,13,-22,-32,-9,-16,goodbye
6.929183006286621,-28,-14,-22,-42,-4,6,7,8,11,16,-31,-35,-7,-15,goodbye
6.943439245223999,-10,-19,-31,-64,-1,9,10,5,19,16,-29,-31,-5,-8,goodbye
6.958922386169434,1,-8,-9,-51,8,5,16,1,15,4,-19,-25,-10,4,goodbye
6.958922386169434,-8,-8,-3,-19,-3,-4,10,-6,4,-7,-21,-23,-16,1,goodbye
6.974809646606445,-6,-11,-6,-11,-21,-11,-6,0,-12,-12,-18,-13,-10,-1,goodbye
6.974809646606445,17,17,13,27,-4,-6,-10,1,-14,-9,5,14,7,11,goodbye
6.990837097167969,30,31,36,65,12,-5,-3,-10,-2,0,28,43,20,25,goodbye
6.990837097167969,28,2,37,31,-7,-14,-4,-3,-2,8,35,49,24,25,goodbye
7.006085157394409,24,0,22,10,-18,-15,-9,1,-6,5,31,33,23,17,goodbye
7.006085157394409,10,12,19,41,2,-5,-7,0,-5,-8,20,25,8,6,goodbye
7.02165961265564,-8,-5,9,40,13,0,0,0,0,-9,16,26,-5,-3,goodbye
7.02165961265564,-11,-7,6,23,0,0,2,0,-2,-5,17,18,-7,-6,goodbye
7.036717176437378,0,18,22,28,-5,8,2,5,-3,-7,10,13,-3,-3,goodbye
7.036717176437378,2,7,12,20,4,8,8,1,13,5,8,12,1,0,goodbye
7.0529398918151855,2,-10,-2,0,2,-1,11,-2,16,7,4,8,1,2,goodbye
7.0529398918151855,4,2,-3,0,-15,-2,4,-4,1,0,3,5,5,6,goodbye
7.068512916564941,1,8,-3,-1,-11,0,-5,-5,0,4,0,0,12,6,goodbye
7.068512916564941,3,5,4,-5,11,0,-9,2,5,1,-10,-8,6,5,goodbye
7.08453893661499,10,12,2,0,14,1,-4,-2,7,-1,-10,-6,2,8,goodbye
7.08453893661499,10,10,-5,-10,0,3,-6,-4,6,9,-1,1,10,15,goodbye
7.100248098373413,5,0,-12,-22,-3,0,-15,2,-1,6,-4,-13,6,3,goodbye
7.100248098373413,-8,-7,-22,-18,1,-9,-24,-3,-26,-22,-20,-35,-17,-28,goodbye
7.1158506870269775,-21,-11,-22,-25,2,-16,-21,-5,-33,-26,-21,-28,-23,-31,goodbye
7.1158506870269775,-8,-12,-20,-32,1,-7,6,-3,4,9,4,-5,1,-5,goodbye
7.131717681884766,7,-8,-10,-20,4,1,24,4,19,18,19,1,9,2,goodbye
7.131717681884766,0,4,-1,-6,4,3,16,9,-2,-9,11,0,-2,-8,goodbye
7.146796703338623,-6,4,-8,-9,-4,3,2,2,0,-10,10,-1,0,-13,goodbye
7.146796703338623,-9,0,-3,-18,-7,1,-9,4,4,0,1,-6,-5,-15,goodbye
7.162828683853149,-14,10,1,0,6,4,-11,-1,-18,-12,-9,-15,-24,-26,goodbye
7.162828683853149,-5,14,8,22,15,10,0,-9,-29,-26,-3,-12,-23,-18,goodbye
7.177933931350708,0,0,9,22,7,16,10,4,-12,-4,-4,-1,-10,5,goodbye
7.177933931350708,-9,-9,-3,13,0,15,11,2,3,26,-19,-1,-3,15,goodbye
7.193797826766968,0,-5,5,14,-1,11,7,-2,17,24,-15,3,7,19,goodbye
7.193797826766968,21,-8,15,14,5,5,15,8,36,26,2,19,25,31,goodbye
7.209361553192139,10,-17,4,1,2,-2,19,12,35,37,-5,14,19,33,goodbye
7.209361553192139,-10,-14,-4,-7,-9,-3,10,1,16,22,-23,-4,1,14,goodbye
7.224501132965088,-7,-9,-9,-7,-11,-4,1,-10,6,0,-14,-6,5,-3,goodbye
7.224501132965088,9,-2,1,-10,-2,-8,-5,0,-4,-7,0,7,11,-3,goodbye
7.24052357673645,7,3,5,-6,0,-7,-8,1,-13,-14,2,8,0,-2,goodbye
7.24052357673645,-13,-5,-10,-8,-12,-6,-7,-5,-8,-26,-1,-3,-13,-11,goodbye
7.255670547485352,-19,-12,-13,-21,-24,-9,-6,0,0,-21,0,-7,-13,-19,goodbye
7.255670547485352,-1,0,1,-3,-5,-8,-1,2,7,-3,16,5,0,-16,goodbye
7.271625757217407,12,19,22,23,15,-1,7,1,3,-2,31,20,7,3,goodbye
7.271625757217407,13,22,19,25,7,3,14,-2,-4,-2,21,14,6,12,goodbye
7.286794662475586,10,17,8,16,-4,0,11,-5,-6,5,5,1,2,7,goodbye
7.286794662475586,10,12,12,11,-5,0,-4,-1,-17,-5,2,4,0,13,goodbye
7.302955150604248,3,1,2,7,-4,-1,-18,-5,-24,-17,6,5,-5,10,goodbye
7.302955150604248,0,0,-3,1,-2,-7,-27,-4,-15,-7,3,-2,-7,-2,goodbye
7.317736625671387,4,8,-2,2,2,-5,-33,-3,-5,4,4,-4,0,-3,goodbye
7.317736625671387,5,3,-2,4,7,6,-24,-8,-2,12,10,-1,6,1,goodbye
7.333408355712891,2,-3,7,2,10,14,-3,1,4,17,7,0,9,7,goodbye
7.333408355712891,2,0,4,-1,11,6,6,1,13,15,7,1,15,7,goodbye
7.34855055809021,-1,1,-9,-14,8,-5,5,-4,6,0,4,1,11,-1,goodbye
7.34855055809021,-19,-6,-15,-22,3,-7,2,6,-3,-11,-7,-7,-10,-23,goodbye
7.363713502883911,-23,-10,-16,-14,-2,0,2,10,0,-6,-18,-16,-21,-34,goodbye
7.37911319732666,-7,-2,-7,-4,0,3,8,7,14,4,-12,-7,-7,-19,goodbye
7.37911319732666,-2,1,-4,-2,13,2,23,5,24,9,-1,-2,2,-5,goodbye
7.37911319732666,-6,-8,-4,-6,8,10,25,11,11,1,-17,-12,-5,-1,goodbye
7.394518375396728,-6,-15,-9,-5,-6,12,19,4,-9,-4,-40,-18,-11,2,goodbye
7.394518375396728,-3,-11,-11,-1,-8,-7,12,-10,-17,-7,-31,-6,-4,1,goodbye
7.410568475723267,0,-2,0,-5,-1,-11,0,-4,-12,-8,-6,6,1,1,goodbye
7.410568475723267,1,-1,0,-4,-6,-1,-6,-7,-6,-5,0,2,0,4,goodbye
7.426720380783081,1,-4,3,5,-15,-1,-14,-8,-5,-5,-6,-1,-4,10,goodbye
7.426720380783081,17,6,23,19,-7,0,-21,-1,0,2,6,11,4,20,goodbye
7.441763877868652,24,18,15,22,1,1,-21,-9,3,14,32,18,13,21,goodbye
7.458529949188232,9,11,5,5,-7,-2,-16,-8,-11,2,26,10,7,12,goodbye
7.458529949188232,2,2,3,0,-3,5,4,4,-3,0,14,8,7,6,goodbye
7.458529949188232,5,2,4,0,14,20,28,11,25,9,12,4,9,4,goodbye
7.472764253616333,-2,1,-3,-5,9,18,28,13,34,7,-1,-5,-2,-4,goodbye
7.487787008285522,-9,-2,-9,-6,-4,7,16,9,24,5,-2,-4,-1,-9,goodbye
7.487787008285522,-5,0,5,0,-1,-8,3,8,18,13,22,13,15,-1,goodbye
7.5034260749816895,-1,1,3,2,2,-20,-3,-1,7,7,21,11,12,-5,goodbye
7.5034260749816895,0,-1,-3,1,-2,-14,-4,-6,-15,-18,-11,0,-8,-12,goodbye
7.519475221633911,2,0,6,2,-6,-6,-7,-2,-30,-30,-16,-1,-12,-3,goodbye
7.519475221633911,-3,0,0,-6,-4,-11,-15,-13,-25,-18,-1,-6,-9,-5,goodbye
7.520475625991821,-2,-4,-1,-10,-2,-11,-21,-9,-25,-15,-7,-12,-17,-9,goodbye
7.534685850143433,8,1,5,10,0,-1,-18,0,-25,-9,-9,-1,-10,0,goodbye
7.549851655960083,11,7,5,19,1,0,-17,-10,-16,0,-6,4,1,3,goodbye
7.549851655960083,-6,0,0,1,7,-1,-13,-15,-13,-4,-11,-6,-4,-5,goodbye
7.565413236618042,-20,-6,-10,-4,10,4,-7,-11,-15,-4,-7,-14,-10,-7,goodbye
7.565413236618042,-8,0,-10,0,7,7,0,2,-9,10,2,-9,0,3,goodbye
7.581935882568359,1,6,-5,4,6,11,19,14,20,24,4,-4,9,10,sil
7.581935882568359,-2,1,-3,7,9,15,34,12,46,29,-1,-4,9,7,sil
7.598031997680664,-9,-2,0,0,5,13,27,14,38,27,-9,-5,-1,-1,sil
7.598031997680664,-16,-7,-17,-18,-6,9,19,11,20,16,-11,-12,-11,-13,sil
7.614012956619263,-19,-13,-17,-26,-16,7,12,10,12,5,-8,-10,-8,-13,sil
7.614012956619263,-6,-10,2,-7,-7,4,5,10,16,7,0,8,5,0,sil
7.629629135131836,14,0,11,4,4,-1,8,5,29,19,16,21,19,19,sil
7.629629135131836,30,6,16,2,0,-2,4,3,26,23,23,25,27,37,sil
7.645596265792847,31,2,13,7,-2,-8,-4,-5,6,6,12,23,25,31,sil
7.645596265792847,18,-7,10,-1,0,-19,-12,-13,-15,-26,-11,7,5,2,sil
7.660768985748291,5,-12,1,-25,-8,-18,-16,-12,-23,-41,-13,-2,-3,-9,sil
7.660768985748291,8,-4,-2,-11,-17,-15,-20,-9,-16,-25,15,12,10,-2,sil
7.675896167755127,13,11,7,13,-8,-21,-30,-5,-18,-20,26,23,7,-8,sil
7.675896167755127,0,21,1,11,-1,-17,-33,-12,-35,-35,8,1,-16,-27,sil
7.691493988037109,-11,21,-2,0,-1,-6,-26,-7,-38,-40,2,-6,-18,-23,sil
7.691493988037109,-15,20,0,2,8,-1,-10,4,-26,-25,11,0,-8,-10,sil
7.706517696380615,-15,13,-8,12,17,5,5,-1,-18,-11,2,-14,-19,-14,sil
7.706517696380615,-10,1,-4,13,13,24,18,5,-10,0,-12,-25,-24,-10,sil
7.722602844238281,-12,-6,-6,8,14,34,28,10,2,20,-9,-17,-7,0,sil
7.722602844238281,-15,-11,-8,6,12,29,28,1,-1,23,-14,-19,-1,-1,sil
7.738260984420776,-12,-8,-3,8,-1,24,21,-4,-13,6,-30,-25,-12,-6,sil
7.738260984420776,-13,-7,-7,8,-5,13,17,-4,0,9,-26,-21,-13,2,sil
7.753425359725952,-8,-14,-1,3,0,3,11,3,18,24,-10,-13,-3,17,sil
7.753425359725952,1,-17,4,3,-1,-1,0,1,22,29,-2,-6,4,14,sil
7.768963575363159,6,-9,7,3,-4,-9,-11,0,15,29,-2,4,8,14,sil
7.768963575363159,15,0,12,4,0,-14,-11,9,22,24,0,24,16,30,sil
7.784653425216675,25,3,5,0,0,-12,-3,7,39,17,10,28,25,25,sil
7.784653425216675,15,0,5,-12,-14,-14,-2,4,32,11,13,15,17,4,sil
7.80054783821106,0,-7,-2,-24,-19,-19,0,0,19,2,-2,2,3,-5,sil
7.80054783821106,-4,-11,-18,-32,-7,-11,4,-4,17,-8,-14,-2,-5,-14,sil
7.816167593002319,0,-4,-13,-33,0,0,8,1,14,-8,3,-1,-1,-17,sil
7.816167593002319,7,2,-2,-22,-3,-2,5,4,5,-4,27,12,14,-9,sil
7.831829786300659,14,10,5,-11,-4,-14,-8,5,-5,-12,27,23,20,3,sil
7.831829786300659,9,16,4,0,3,-13,-18,-2,-15,-18,22,17,8,-1,sil
7.8469398021698,2,13,5,8,5,-8,-20,-12,-29,-27,17,6,-4,-10,sil
7.8469398021698,7,17,19,13,4,0,-12,-5,-31,-33,15,12,-4,1,sil
7.862521409988403,12,23,18,20,9,8,3,0,-15,-10,21,19,7,10,sil
7.862521409988403,0,12,4,16,3,7,4,3,-17,-2,6,3,0,-2,sil
7.878490924835205,-17,1,-11,11,-1,10,-5,-2,-27,-18,-16,-19,-23,-15,sil
7.878490924835205,-18,2,-11,15,7,18,-8,-5,-12,-12,-22,-24,-24,-8,sil
7.8937668800354,-11,0,4,17,14,18,-6,1,0,6,-20,-16,-10,0,sil
7.8937668800354,-11,-6,-1,18,11,11,-3,-8,-5,12,-17,-15,-3,3,sil
7.909494161605835,-11,-6,-6,11,7,8,-3,-7,-16,7,-18,-15,-8,2,sil
7.909494161605835,-15,-12,-4,4,2,11,3,3,-12,8,-27,-19,-15,-9,sil
7.92557692527771,-15,-18,-4,8,1,12,20,4,4,16,-16,-21,-7,-7,sil
7.92557692527771,-2,-12,0,1,3,10,29,4,18,25,3,-5,14,11,sil
7.94163703918457,-3,-12,-11,-17,0,7,33,2,28,28,4,-4,14,4,sil
7.94163703918457,-15,-24,-16,-28,-11,1,30,3,25,15,-16,-21,-6,-8,sil
7.957114934921265,-6,-19,-4,-23,-16,-9,15,2,14,7,-15,-14,-7,3,sil
7.957114934921265,13,-4,0,-13,-12,-21,-1,-5,8,5,3,18,8,17,sil
7.972850322723389,25,2,8,-8,-10,-26,-13,3,13,2,12,33,19,15,sil
7.9732666015625,24,4,5,-3,-10,-25,-18,7,20,3,19,29,22,13,sil
7.988451719284058,21,10,5,-4,-11,-21,-22,0,8,-5,30,32,17,8,sil
7.988451719284058,20,16,11,-7,-10,-19,-23,-5,-5,-23,22,30,7,0,sil
8.003596067428589,17,14,4,-7,-3,-17,-29,-6,-7,-33,2,8,-4,-14,sil
8.003596067428589,0,10,0,-5,5,-3,-31,1,-6,-29,1,-2,-16,-22,sil
8.019102811813354,-10,12,1,3,14,13,-10,0,-5,-14,6,-1,-14,-22,sil
8.019102811813354,-3,18,8,17,17,15,5,-2,-12,-6,1,-8,-7,-12,sil
8.039802551269531,1,22,8,27,13,13,8,2,-21,-5,4,-4,-3,-1,sil
8.042844295501709,-4,18,-3,28,9,14,19,-1,-16,-1,9,0,3,1,sil
8.042844295501709,-10,2,3,14,9,16,21,4,-7,-2,-10,-16,-2,0,sil
8.049965620040894,-14,-15,0,1,0,15,14,4,-4,0,-21,-27,-12,0,sil
8.065614223480225,-20,-23,-10,-6,-16,8,12,-6,-15,2,-14,-23,-11,3,sil
8.065614223480225,-19,-19,-9,-8,-19,4,9,-5,-26,-2,-24,-24,-8,3,sil
8.081639051437378,-12,-14,-10,0,-4,6,10,1,-13,4,-24,-17,-5,0,sil
8.081639051437378,-1,-10,0,4,7,9,14,12,8,24,1,11,7,16,sil
8.096784114837646,12,-6,9,0,9,9,15,6,27,33,14,22,21,35,sil
8.096784114837646,21,-6,5,-6,4,-2,-1,-1,36,25,2,9,23,25,sil
8.112414360046387,17,-8,3,-13,-3,-17,-23,0,34,18,10,11,23,9,sil
8.112414360046387,8,-6,0,-12,-2,-17,-26,-4,30,19,29,25,26,8,sil
8.128001689910889,8,0,1,-16,0,-14,-22,-4,24,12,21,28,19,7,sil
8.128001689910889,3,7,-9,-22,-5,-22,-28,-2,4,-5,6,14,0,-14,sil
8.143661260604858,-2,10,-15,-18,-11,-26,-29,-6,-17,-27,4,6,-16,-35,sil
8.143661260604858,-1,15,3,-9,-3,-15,-12,0,-24,-38,4,7,-26,-32,sil
8.158855199813843,-5,14,4,0,13,-1,-2,0,-22,-32,0,-1,-32,-33,sil
8.158855199813843,-15,11,-5,18,18,14,3,0,-17,-20,-5,-14,-28,-26,sil
8.174419403076172,-18,10,-3,30,11,29,25,3,-5,0,-11,-20,-11,-9,sil
8.189916849136353,-16,0,0,18,5,22,30,1,-5,9,-24,-32,-10,-3,sil
8.189916849136353,-8,-10,6,2,2,10,18,2,-16,0,-34,-34,-21,-1,sil
8.209948301315308,3,-7,4,13,0,11,32,0,-7,2,-19,-18,-4,11,sil
8.209948301315308,13,2,10,29,-5,8,35,2,0,13,0,-4,21,26,sil
8.209948301315308,18,3,11,24,-5,0,6,2,0,15,4,0,19,32,sil
8.22248387336731,14,-9,6,3,-1,1,-5,-5,6,13,-1,5,11,26,sil
8.22248387336731,2,-15,6,-10,-7,4,-2,0,6,6,-4,8,15,14,sil
8.238532543182373,-3,-7,-6,-11,-13,-2,-5,0,8,4,5,2,15,3,sil
8.238532543182373,-5,-8,-13,-21,-12,-11,-12,-2,12,0,5,4,2,-2,sil
8.253553867340088,-8,-14,-9,-32,-10,-11,-9,2,10,-3,-1,9,0,-5,sil
8.268592596054077,-6,-6,-14,-26,-9,-4,-8,2,16,1,2,4,7,-4,sil
8.268592596054077,-1,4,-6,-18,-5,-4,-16,4,17,0,5,0,6,-4,sil
8.283588409423828,-3,1,-5,-11,0,-16,-16,0,1,-8,3,2,0,-11,sil
8.283588409423828,0,1,-2,-3,0,-18,-13,-2,-9,-10,13,13,0,-10,sil
8.299614906311035,13,14,8,1,3,-5,-10,-4,-10,-13,28,21,7,1,sil
8.299614906311035,23,22,10,7,12,-7,-10,-8,-20,-19,28,20,5,0,sil
8.315625190734863,20,26,16,19,18,-10,-9,2,-25,-17,19,15,-7,-4,sil
8.315625190734863,11,25,21,34,17,6,1,2,-12,-4,12,9,-8,3,sil
8.33063554763794,10,16,22,33,12,12,8,-1,-10,0,7,4,0,12,sil
8.33063554763794,5,6,10,25,5,6,-2,0,-14,0,-1,-1,-5,7,sil
8.345782279968262,-6,0,-3,27,1,13,-3,0,0,15,-15,-15,-13,-1,sil
8.345782279968262,-11,-10,2,15,1,26,13,4,7,29,-24,-21,-6,0,sil
8.362059831619263,-15,-22,-8,-5,2,24,25,1,2,22,-28,-20,-3,-2,sil
8.362059831619263,-26,-27,-30,-21,1,10,23,-1,4,4,-33,-23,-15,-10,sil
8.377990007400513,-27,-25,-25,-26,-4,3,25,1,18,3,-33,-18,-13,-7,sil
8.377990007400513,-18,-30,-15,-29,-15,-4,22,-2,33,17,-18,-6,7,0,sil
8.39346432685852,-13,-29,-12,-36,-17,-15,1,3,33,10,-4,3,14,0,sil
8.39346432685852,-9,-11,-20,-33,-7,-20,-16,3,20,-2,6,1,12,-9,sil
8.408657789230347,2,12,-9,-12,-1,-15,-15,-3,0,-12,9,-1,6,-13,sil
8.408657789230347,13,24,13,4,0,-7,-5,0,-15,-24,8,1,-6,-9,sil
8.423785924911499,5,13,6,4,-1,-9,-5,-6,-19,-26,3,0,-19,-11,sil
8.423785924911499,3,7,9,6,0,-7,-19,-2,-10,-9,0,-2,-12,-1,sil
8.43990969657898,20,19,21,26,12,6,-12,6,6,15,16,10,8,23,sil
8.43990969657898,21,16,17,18,11,7,-5,0,-1,12,27,16,18,22,sil
8.455496311187744,3,2,9,-6,-4,-3,-11,-4,-24,-6,19,5,12,6,sil
8.455496311187744,1,4,3,3,-2,0,-3,-5,-7,6,16,3,13,9,sil
8.470707178115845,5,0,6,10,0,7,10,3,10,17,7,4,7,13,sil
8.470707178115845,-2,-12,1,-9,-5,5,18,8,0,3,-7,-3,-8,-1,sil
8.486270666122437,-1,-8,-6,-13,-5,7,25,2,-6,0,-8,-7,-4,1,sil
8.486270666122437,6,0,0,-4,-4,10,17,2,-3,4,-9,-3,4,16,sil
8.501920223236084,3,0,-4,0,-2,1,-3,-1,-2,0,-12,-5,-5,3,sil
8.501920223236084,0,2,-1,5,2,-6,-21,-2,-10,-9,-8,0,-17,-11,sil
8.517501592636108,-2,3,-1,15,4,2,-14,0,-10,-9,-2,8,-7,-8,sil
8.517501592636108,-11,0,-8,15,4,9,10,-1,1,-1,-1,2,5,-5,sil
8.532745361328125,-14,-4,-5,3,0,-3,4,-1,1,-4,-11,-8,0,-11,sil
8.532745361328125,-10,-7,-6,-2,-10,-18,-22,-8,-13,-24,-18,-13,-12,-22,sil
8.547881841659546,-6,-1,-3,-3,-11,-7,-17,-2,-7,-26,-5,-2,-5,-14,sil
8.547881841659546,2,9,5,1,5,10,11,8,29,11,15,12,20,7,sil
8.56346321105957,15,15,11,16,16,4,15,0,41,33,20,16,28,15,sil
8.56346321105957,17,15,13,18,8,-8,-6,-4,13,10,12,14,9,13,sil
8.578549146652222,7,1,1,3,3,-4,-12,-6,-2,-5,7,9,-2,9,sil
8.578549146652222,11,-3,4,1,8,0,1,0,-2,-3,11,14,0,0,sil
8.594674587249756,11,7,14,17,6,-3,17,10,4,2,22,24,6,-1,sil
8.594674587249756,-7,-3,-8,4,0,-2,12,6,12,7,13,9,3,-2,sil
8.609878540039062,-15,-23,-15,-30,-5,-1,-1,2,-2,-7,-17,-17,-16,-9,sil
8.609878540039062,-5,-13,-4,-26,-8,-4,-4,-8,-26,-23,-25,-19,-24,-20,sil
8.625500679016113,-3,1,0,-1,-9,-9,-8,-9,-27,-14,-9,-5,-14,-12,sil
8.625500679016113,-10,0,-6,-2,-1,-4,-4,4,-21,0,-7,-3,-12,1,sil
8.641589164733887,-10,0,-14,-12,3,4,6,4,-9,5,-8,-14,-8,2,sil
8.641589164733887,-1,3,-3,-14,-1,9,2,0,7,2,-2,-14,0,-1,sil
8.657466650009155,6,9,4,-4,0,9,-3,-1,14,6,0,-8,5,1,sil
8.657466650009155,10,14,6,3,9,9,0,2,5,19,3,-5,15,18,sil
8.67254376411438,4,0,5,0,7,8,-5,1,3,24,2,-1,23,22,sil
8.67254376411438,-15,-20,-15,-16,-5,1,-8,-7,8,16,-4,-8,8,-1,sil
8.68860411643982,-24,-20,-22,-29,-7,0,5,0,7,13,-11,-24,-10,-15,sil
8.68860411643982,-16,-13,-16,-27,3,6,19,7,12,19,-1,-27,-8,-13,sil
8.704731941223145,-15,-14,-9,-18,3,7,9,1,1,0,-7,-22,-10,-16,sil
8.704731941223145,-14,-1,3,2,-4,4,-1,1,-18,-24,-19,-17,-15,-6,sil
8.72083044052124,7,14,13,28,0,7,9,-4,-11,-12,2,5,1,14,sil
8.72083044052124,29,11,30,35,4,10,17,0,6,0,28,38,23,26,sil
8.736690521240234,30,6,32,30,0,3,13,2,12,-5,25,41,23,29,sil
8.736690521240234,24,5,19,27,-3,-7,1,0,10,-3,7,24,10,18,sil
8.75291633605957,11,2,10,25,-3,-11,0,5,7,1,-6,12,1,0,sil
8.75291633605957,0,-2,-6,17,-5,-8,3,-1,5,-5,-13,2,-2,-10,sil
8.768884658813477,0,-2,-9,0,-9,-11,-6,-6,-5,-15,-17,2,-14,-5,sil
8.768884658813477,2,3,-3,-5,-8,-14,-27,-2,-10,-13,-7,10,-14,-3,sil
8.78390383720398,2,0,-4,-4,-3,-12,-32,-4,-1,-10,8,11,0,-3,sil
8.78390383720398,5,0,-1,-12,-4,-8,-24,-4,-3,-6,8,12,8,0,sil
8.799883604049683,0,3,-9,-14,-4,-12,-13,-3,-9,0,2,12,0,-5,sil
8.799883604049683,-11,3,-8,-15,0,-19,-7,-2,-12,-10,0,0,-9,-17,sil
8.814563512802124,-8,7,-1,-12,10,-5,0,0,-5,-10,11,1,2,-13,sil
8.814563512802124,3,13,2,0,7,9,5,4,12,17,33,17,26,2,sil
8.830034732818604,5,7,5,0,-2,2,4,14,19,22,33,15,23,5,sil
8.830034732818604,-3,2,0,-4,2,-3,12,4,9,5,15,-5,1,-6,sil
8.845181465148926,-8,9,0,1,14,1,13,0,-4,0,0,-15,-11,-14,sil
8.845181465148926,-17,0,-5,1,7,4,-6,0,-11,3,-19,-35,-25,-24,sil
8.8604736328125,-23,-15,-15,-3,6,6,-10,-3,-10,0,-37,-55,-37,-27,sil
8.8604736328125,-10,1,-2,8,23,19,7,2,-8,3,-22,-27,-22,3,sil
8.877029657363892,4,14,6,28,28,25,16,1,0,15,6,5,9,27,sil
8.877029657363892,13,-2,9,21,6,18,4,-2,0,8,5,5,12,28,sil
8.891582012176514,24,-8,14,2,-5,12,1,-1,-3,-5,-8,3,1,29,sil
8.891582012176514,22,0,8,0,-2,9,7,-4,-1,-1,-14,3,1,22,sil
8.90670132637024,0,-12,-3,-10,-12,2,7,-2,2,7,-15,-6,0,-3,sil
8.921764850616455,-28,-30,-26,-33,-24,-1,11,-8,-1,6,-8,-17,-5,-27,sil
8.921764850616455,-30,-23,-22,-33,-15,-1,10,-2,-4,1,0,-17,0,-20,sil
8.937110185623169,-9,0,-1,-9,-6,-3,0,13,3,-4,2,0,8,2,goodbye
8.937110185623169,3,1,-5,0,-10,-8,-1,5,11,-16,0,14,3,11,goodbye
8.952828168869019,4,-5,-3,-10,-9,-5,6,2,4,-27,-8,7,-1,6,goodbye
8.952828168869019,6,0,7,-7,-7,-3,5,7,-1,-18,-14,-4,-4,0,goodbye
8.968489408493042,11,9,15,14,-12,-8,-5,0,-4,-3,-13,0,-10,1,goodbye
8.968489408493042,11,13,20,28,-4,-5,-12,-6,1,1,-6,11,-7,8,goodbye
8.983920097351074,5,15,6,21,11,-2,-7,-7,9,6,12,18,11,7,goodbye
8.983920097351074,0,11,0,9,11,-3,-3,2,10,14,30,20,25,0,goodbye
8.999444723129272,-1,-6,-2,6,6,1,-3,5,18,23,30,15,28,1,goodbye
8.999444723129272,-1,-19,-4,-7,5,3,0,1,33,25,15,10,23,7,goodbye
9.015007495880129,0,-8,-5,-28,1,-2,1,-1,16,9,0,7,6,1,goodbye
9.015007495880129,6,0,-10,-24,-7,-11,-8,-9,-20,-10,-8,0,-11,-13,goodbye
9.030647993087769,10,2,1,-8,-6,-11,-11,-1,-27,-13,-4,0,-11,-9,goodbye
9.030647993087769,1,7,5,-1,4,-1,4,6,7,1,7,3,1,0,goodbye
9.0462486743927,-13,4,-6,-1,4,0,2,0,14,7,10,-6,-1,-9,goodbye
9.0462486743927,-10,4,-2,6,-3,-8,-15,-1,-14,1,12,-6,-8,-14,goodbye
9.06202244758606,2,13,4,23,0,-11,-14,-2,-24,-6,25,10,-2,-3,goodbye
9.06202244758606,3,15,7,20,9,-14,-14,-1,-24,-22,17,11,-7,-5,goodbye
9.077560424804688,0,15,6,14,11,-7,-23,-6,-24,-20,-2,-3,-17,-15,goodbye
9.077560424804688,12,20,7,22,16,10,-15,-7,-6,-2,3,-4,-2,-3,goodbye
9.0936017036438,24,18,16,28,16,16,2,2,2,-4,9,2,6,16,goodbye
9.0936017036438,9,4,3,13,4,6,13,0,-2,-11,-9,-4,-8,9,goodbye
9.108948945999146,-10,-15,-8,-20,-2,1,16,1,-12,-16,-41,-23,-27,-2,goodbye
9.108948945999146,-21,-26,-12,-32,-10,3,19,6,-20,-25,-56,-35,-28,-6,goodbye
9.124958515167236,-20,-22,-11,-10,-14,11,23,2,-3,-9,-37,-21,-10,-4,goodbye
9.124958515167236,-7,-7,0,7,0,31,29,11,29,30,-5,4,9,7,goodbye
9.140700578689575,-6,-1,-4,9,12,35,30,7,27,45,6,3,14,15,goodbye
9.140700578689575,-16,-9,-12,2,2,13,7,-4,-3,20,-4,-9,2,2,goodbye
9.155718088150024,-16,-17,-13,-3,-8,8,-2,0,1,5,-10,-13,-1,-6,goodbye
9.155718088150024,-8,-19,-13,-2,-6,20,20,3,27,24,-9,-19,-1,-6,goodbye
9.171952486038208,-6,-16,-3,-7,-6,8,24,2,26,28,-11,-19,1,-1,goodbye
9.171952486038208,-1,-14,-3,-22,-10,-21,0,-3,19,8,-1,0,21,9,goodbye
9.187536239624023,17,-4,2,-30,-8,-34,-25,-4,26,0,21,23,41,26,goodbye
9.187536239624023,32,9,16,-18,-4,-28,-32,0,19,5,37,39,34,31,goodbye
9.202666759490969,20,11,11,-7,-6,-24,-26,0,-2,-7,24,36,9,13,goodbye
9.202666759490969,6,5,3,-21,-14,-28,-14,0,-10,-28,5,22,-2,-2,goodbye
9.21809458732605,6,3,-1,-29,-13,-25,-14,-3,-8,-29,10,17,-3,-9,goodbye
9.21809458732605,4,9,4,-5,-1,-14,-24,-3,-27,-31,18,15,-7,-7,goodbye
9.233321189880373,1,21,15,23,8,-2,-21,0,-34,-25,17,15,-4,-8,goodbye
9.233321189880373,10,22,10,25,10,4,-9,-5,-10,0,27,21,6,-9,goodbye
9.248486757278442,12,20,16,18,10,7,-6,-1,-7,15,31,26,5,-5,goodbye
9.248486757278442,2,28,11,32,14,4,-1,-1,-22,2,21,10,-6,-12,goodbye
9.264608144760132,-1,27,1,35,14,1,5,-6,-16,-5,8,-14,-12,-22,goodbye
9.264608144760132,0,8,2,24,15,15,13,-1,-4,2,-7,-28,-10,-13,goodbye
9.279635906219482,0,-1,-1,28,18,24,19,-3,-3,3,-20,-30,-7,-2,goodbye
9.279635906219482,-3,0,-4,26,8,13,10,0,-11,-9,-33,-33,-17,-3,goodbye
9.29508137702942,-15,-9,-10,9,-1,6,2,5,-11,-14,-41,-42,-28,-8,goodbye
9.29508137702942,-24,-28,-14,-7,-4,11,10,4,-2,-6,-43,-34,-22,-3,goodbye
9.310639142990112,-15,-28,-9,-15,-5,20,16,11,14,10,-40,-14,-6,9,goodbye
9.310639142990112,-7,-24,-17,-16,-5,15,18,8,29,35,-25,-14,7,13,goodbye
9.326651573181152,-11,-31,-17,-32,-8,0,15,7,32,35,-8,-13,14,10,goodbye
9.326651573181152,-14,-26,-12,-41,-14,-6,10,2,36,24,0,0,15,9,goodbye
9.344778299331663,-7,-12,-7,-22,-10,-5,7,-5,31,22,-1,7,5,10,goodbye
9.344778299331663,0,-4,-1,-11,-3,-7,11,-6,6,7,2,8,-4,6,goodbye
9.35829758644104,1,0,-1,-9,0,-7,9,-11,-9,-22,1,7,-4,-3,goodbye
9.35829758644104,5,7,6,0,0,-5,-10,-4,-15,-43,-7,9,-8,-5,goodbye
9.373679876327516,2,8,5,0,-3,-13,-24,-1,-19,-35,-1,14,-11,-9,goodbye
9.373679876327516,0,9,-1,-7,-3,-20,-21,-3,-15,-8,10,11,0,-16,goodbye
9.388937950134276,10,16,11,-2,-2,-13,-18,2,-9,4,16,15,14,-6,goodbye
9.388937950134276,23,19,15,8,-2,-5,-14,1,0,4,34,32,21,11,goodbye
9.404843091964722,23,22,18,8,2,0,-8,3,13,5,43,37,28,22,goodbye
9.404843091964722,22,25,16,9,11,0,-4,8,18,8,33,25,26,18,goodbye
9.41988229751587,23,18,10,16,5,-8,-6,-3,0,-3,27,17,13,10,goodbye
9.435452222824097,11,7,15,22,0,-6,-10,-3,-23,-19,23,10,0,0,goodbye
9.435452222824097,-14,-3,-1,19,6,7,-10,-1,-26,-12,10,-10,-4,-15,goodbye
9.435452222824097,-28,-14,-17,0,6,13,-3,1,-21,6,-4,-28,-5,-18,goodbye
9.45197582244873,-19,-13,-11,0,-3,19,10,2,-11,22,-9,-27,-5,1,goodbye
9.45197582244873,-4,-9,-3,16,0,23,26,3,11,35,-8,-16,-4,20,goodbye
9.467925786972046,-4,-15,1,3,2,16,25,12,28,39,-21,-13,-5,16,goodbye
9.467925786972046,-12,-21,-5,-15,-7,7,19,0,20,29,-34,-19,-12,0,goodbye
9.48459529876709,3,-15,-3,-11,-7,5,7,-9,10,6,-23,-11,-12,1,goodbye
9.48459529876709,18,-6,0,-8,7,-1,3,0,22,-12,-3,4,2,8,goodbye
9.499689102172852,0,-10,-14,-20,7,-17,0,1,21,-26,-7,2,10,-13,goodbye
9.499689102172852,-4,-5,-8,-27,-4,-23,-11,0,-2,-31,-11,3,5,-21,goodbye
9.514862060546877,9,11,4,-14,-3,-17,-12,-7,-9,-13,5,18,10,-6,goodbye
9.514862060546877,9,20,7,-3,0,-19,-12,-7,-9,-10,9,11,4,-11,goodbye
9.530399322509766,0,22,7,5,0,-15,-18,2,-23,-25,0,-2,-15,-20,goodbye
9.530399322509766,0,26,4,21,4,1,-13,0,-29,-20,0,0,-14,-12,goodbye
9.547448635101318,-8,18,5,24,5,13,-2,-5,-29,-20,0,-3,-7,-9,goodbye
9.547448635101318,-23,-2,-6,14,0,13,3,-3,-19,-34,-7,-21,-17,-15,goodbye
9.562567710876465,-22,-3,-11,11,0,12,10,4,-3,-14,-10,-22,-23,-5,goodbye
9.562567710876465,-7,9,2,16,3,11,13,7,-2,22,-17,-9,-18,9,goodbye
9.578692197799684,2,0,5,8,-4,4,6,-3,-3,26,-14,-1,-13,13,goodbye
9.578692197799684,6,-17,7,-2,-13,5,1,1,5,17,-1,9,-5,16,goodbye
9.594130039215088,4,-13,6,0,-4,11,13,7,19,32,9,11,10,16,goodbye
9.594130039215088,-1,-9,-4,-3,2,8,19,4,22,38,9,-4,14,7,goodbye
9.609662055969238,-4,-9,-6,-4,0,9,11,4,21,24,9,-8,9,4,goodbye
9.609662055969238,0,-5,-5,1,4,11,2,-3,15,13,16,4,17,13,goodbye
9.625767469406128,5,-10,-3,-18,1,-6,-11,0,-2,0,11,7,22,17,goodbye
9.625767469406128,6,-12,-4,-29,-9,-24,-19,4,-1,-12,-1,6,13,13,goodbye
9.640896558761597,11,-3,5,-11,-5,-19,-12,0,17,-7,-3,13,9,9,goodbye
9.640896558761597,9,-2,3,-18,-1,-12,-5,0,14,-2,-2,5,6,0,goodbye
9.655926942825316,0,-11,-18,-31,-10,-16,-8,-1,-1,-5,-3,-3,0,-15,goodbye
9.655926942825316,0,-3,-5,-9,-10,-14,-12,-2,-1,-7,4,8,5,-9,goodbye
9.672601222991943,3,7,7,2,3,-6,-8,-5,0,-4,18,19,15,-6,goodbye
9.672601222991943,0,5,-5,-1,9,-8,-4,-7,-8,-12,13,5,0,-20,goodbye
9.687097787857056,8,10,6,8,5,-4,0,5,-11,-20,1,-1,-12,-17,goodbye
9.703476428985596,9,19,12,16,5,2,5,1,-1,-3,4,0,-3,-6,goodbye
9.703476428985596,0,19,4,9,4,1,-4,-4,-10,-1,6,1,-2,-2,goodbye
9.703476428985596,-1,18,3,21,6,6,-11,0,-20,-16,5,5,-5,1,goodbye
9.718578815460203,0,15,7,35,11,20,4,2,-4,-5,13,7,4,7,goodbye
9.7337646484375,-2,6,9,17,9,24,17,5,9,14,9,2,4,7,goodbye
9.7337646484375,-5,4,1,7,7,21,20,3,4,16,-3,-6,-3,6,goodbye
9.749305486679075,-5,3,2,20,10,20,20,5,-1,9,-14,-9,-6,7,sil
9.749305486679075,-9,-9,0,20,6,18,20,3,2,10,-33,-18,-19,0,sil
9.764560222625732,-12,-19,-12,0,-5,12,18,-6,5,6,-48,-31,-32,-4,sil
9.764560222625732,-3,-10,-2,-8,-9,4,14,0,5,5,-21,-13,-13,9,sil
9.77963900566101,3,-9,3,-6,-5,-8,6,0,11,16,12,6,10,20,sil
9.77963900566101,0,-21,-6,-20,-12,-19,-11,-6,14,14,-1,-2,10,7,sil
9.79566740989685,0,-15,-5,-31,-20,-22,-23,-4,10,0,-6,-3,15,-2,sil
9.79566740989685,8,0,2,-27,-15,-24,-28,-5,-1,-10,25,16,20,-2,sil
9.81084132194519,6,7,1,-27,-9,-28,-38,0,-16,-20,33,21,8,-6,sil
9.81084132194519,2,9,-1,-12,-2,-25,-26,0,-17,-21,24,11,6,-13,sil
9.826611757278442,6,13,7,8,9,-13,-6,0,-16,-16,17,1,2,-12,sil
9.826611757278442,-1,12,0,7,6,0,-2,0,-27,-16,-4,-12,-19,-15,sil
9.841613054275513,-13,8,-19,6,-5,11,0,-1,-28,-12,-17,-17,-20,-15,sil
9.841613054275513,-6,7,4,22,0,16,9,5,-13,-2,-7,-2,-2,2,sil
9.857349872589111,0,2,11,26,16,18,16,4,0,5,-4,4,-1,9,sil
9.857349872589111,-1,-10,-10,7,12,23,23,-4,3,4,-21,-8,-12,1,sil
9.872739553451538,-9,-18,-14,-5,2,27,28,0,10,0,-34,-17,-18,-1,sil
9.872739553451538,-14,-23,-13,-13,-2,12,23,3,22,5,-26,-16,-12,-3,sil
9.88778018951416,-9,-26,-8,-26,-9,-2,12,4,22,9,-15,-7,0,-1,sil
9.88778018951416,0,-17,-3,-24,-10,-3,6,0,22,11,-1,1,13,7,sil
9.903457164764404,11,-2,4,-13,-2,-6,-1,2,24,9,5,12,19,14,sil
9.903457164764404,18,8,11,-6,0,-24,-20,3,15,5,15,23,17,10,sil
9.91904640197754,14,12,4,3,-3,-37,-37,-9,6,3,32,26,19,-2,sil
9.91904640197754,14,20,10,10,1,-24,-37,-2,8,0,38,30,22,-3,sil
9.934812068939207,19,26,14,19,16,-5,-20,6,10,0,33,28,15,4,sil
9.934812068939207,9,17,8,25,11,-5,-15,-5,-3,-8,18,6,-1,-2,sil
9.950473308563232,-6,11,11,21,0,2,-13,-6,-22,-14,2,-8,-16,-12,sil
9.950473308563232,-16,8,0,19,6,26,2,-2,-27,-3,-1,-11,-20,-8,sil
9.965866088867188,-19,-2,-5,9,9,29,15,2,-34,-1,-11,-20,-19,0,sil
9.965866088867188,-14,-12,-1,-2,-6,19,20,0,-28,0,-24,-27,-14,-1,sil
9.982030391693115,-7,-14,-5,-3,-11,14,24,-3,-9,12,-20,-21,-4,2,sil
9.982030391693115,-1,-9,6,1,0,11,27,5,-1,17,-14,-12,1,17,sil
9.997737646102903,4,0,7,7,5,9,31,2,10,24,-8,-4,13,22,sil
9.997737646102903,8,-3,-3,-3,5,2,26,5,29,28,5,8,23,20,sil
10.012795448303224,5,-8,-8,-21,0,-5,15,13,35,13,9,15,20,17,sil
10.012795448303224,4,-8,-9,-20,-6,-10,6,3,30,0,2,10,12,9,sil
10.028000831604004,19,1,0,-8,-1,-7,1,1,22,-4,6,13,9,3,sil
10.028000831604004,33,17,13,0,12,-5,-1,1,18,-7,26,23,15,3,sil
10.050669193267822,18,19,6,-1,5,-15,-22,-5,0,-22,24,21,7,-5,sil
10.05167007446289,-18,0,-16,-20,-18,-28,-50,-9,-38,-40,0,0,-15,-29,sil
10.05167007446289,-29,-14,-22,-24,-24,-26,-44,-11,-53,-46,-16,-21,-32,-45,sil
10.05923867225647,-16,0,-3,-4,-11,-6,-23,-5,-37,-36,-12,-20,-30,-36,sil
10.074445486068726,-16,11,0,13,0,7,-15,-4,-20,-21,-10,-15,-26,-23,sil
10.074445486068726,-18,6,0,13,7,15,-6,-3,-15,-11,-18,-18,-24,-14,sil
10.090469598770142,-9,0,1,13,10,22,11,-2,-4,4,-17,-14,-12,0,sil
10.090469598770142,-1,-2,2,21,8,20,24,0,11,29,-9,-5,0,14,sil
10.105867385864258,0,-4,11,16,6,13,31,10,18,42,-10,-4,8,21,sil
10.105867385864258,-2,-18,-4,-2,0,4,22,4,20,34,-10,-9,8,7,sil
10.12258529663086,-9,-27,-19,-16,-10,-9,-4,-1,14,16,-10,-8,1,-1,sil
10.12258529663086,-4,-13,-5,-7,-7,-14,-6,5,15,11,-3,7,6,11,sil
10.13849663734436,18,0,7,1,0,-7,9,4,23,15,15,21,22,22,sil
10.13849663734436,32,7,20,-4,0,-9,-3,4,12,1,27,25,22,11,sil
10.154037714004517,17,18,10,0,3,-14,-21,0,-6,-12,25,21,12,-3,sil
10.154037714004517,10,29,9,11,9,-9,-9,-4,-16,-9,27,19,8,-1,sil
10.169694423675535,17,27,21,22,13,9,10,0,-16,1,23,9,2,6,sil
10.169694423675535,-2,6,2,24,10,27,20,0,-2,10,-1,-13,-9,5,sil
10.183894157409668,-22,-17,-11,5,-2,30,21,0,7,10,-32,-28,-16,3,sil
10.199730396270752,-12,-24,-12,-13,-9,16,16,0,16,12,-28,-23,-1,6,sil
10.199730396270752,-4,-21,-12,-25,-9,-1,1,0,17,9,-8,-2,18,5,sil
10.21545958518982,-7,-19,-11,-31,-8,-13,-13,3,15,-5,0,16,19,3,sil
10.21545958518982,0,-15,-15,-27,-7,-24,-20,-6,4,-21,-3,12,0,-7,sil
10.21545958518982,4,-3,-6,-25,-7,-26,-29,-5,-21,-34,-7,0,-17,-23,sil
10.230602741241457,2,13,-1,-23,-6,-20,-26,-4,-37,-40,7,5,-17,-23,sil
10.230602741241457,5,20,-4,-8,-3,-16,-22,-11,-30,-36,20,10,-12,-19,sil
10.245777368545532,6,26,7,12,3,-5,-19,-2,-24,-27,11,4,-9,-15,sil
10.26208996772766,5,37,18,31,15,7,3,2,-18,-14,9,2,-3,-7,sil
10.26208996772766,13,38,25,39,14,9,21,7,-2,0,18,7,0,12,sil
10.27713680267334,14,20,18,40,8,13,19,9,13,19,18,5,5,24,sil
10.27713680267334,4,0,6,34,14,19,18,4,16,39,7,0,18,23,sil
10.29266357421875,0,-2,12,29,21,21,25,7,17,48,1,1,20,22,sil
10.293045282363892,-2,-2,2,28,16,20,31,3,29,49,4,-4,12,19,sil
10.307607650756836,-19,-21,-18,1,-6,12,17,0,14,23,-10,-24,-1,1,sil
10.307607650756836,-32,-37,-29,-29,-25,5,-4,-3,-8,-3,-30,-34,-15,-18,sil
10.323013067245483,-25,-33,-20,-31,-16,6,-1,-2,0,4,-25,-27,-12,-15,sil
10.323013067245483,-15,-26,-5,-28,-4,2,9,4,20,14,-20,-11,-7,-1,sil
10.338463068008425,-12,-26,-8,-32,-12,-6,3,0,16,0,-23,-5,-14,-6,sil
10.338463068008425,-4,-22,-1,-27,-17,-10,-4,-8,-1,-11,-17,-1,-11,-8,sil
10.353870391845703,-3,-17,-1,-24,-9,-13,-8,-4,1,-10,-10,0,0,-1,sil
10.353870391845703,-6,-16,-14,-26,-8,-18,-14,0,10,-10,-18,-2,-1,-6,sil
10.369701862335203,5,0,-2,-14,-8,-21,-16,2,-2,-13,-10,3,0,-4,sil
10.369701862335203,22,16,12,4,1,-19,-11,-7,-16,-12,15,15,12,2,sil
10.384745121002195,23,18,15,6,4,-10,-16,-8,-16,-18,19,18,9,1,sil
10.384745121002195,16,22,10,7,3,0,-13,1,-14,-18,13,16,4,-1,sil
10.400851249694824,15,26,5,21,11,0,-3,-2,-13,-10,23,19,9,0,sil
10.400851249694824,20,23,17,24,15,-1,-3,2,-10,-16,25,22,6,4,sil
10.416743278503418,23,29,19,23,9,0,-2,3,3,-11,22,24,8,7,sil
10.416743278503418,19,31,8,19,3,-3,-6,2,0,-1,26,21,15,8,sil
10.43183660507202,7,17,0,11,4,-4,-15,3,-23,-6,18,7,5,0,sil
10.43183660507202,0,11,-2,14,8,6,-4,2,-15,-2,15,-3,-1,-3,sil
10.446999311447144,-2,11,6,24,8,17,11,3,5,9,16,-2,0,2,sil
10.446999311447144,-13,-4,0,20,9,15,9,-1,0,8,0,-10,-12,-1,sil
10.462504148483276,-27,-23,-15,-2,5,6,0,-2,-12,4,-29,-22,-27,-13,sil
10.462504148483276,-23,-24,-13,-16,-6,9,1,7,-3,5,-28,-13,-19,-8,sil
10.477800846099854,-11,-15,-11,-7,-9,16,13,4,8,10,-6,-8,-4,2,sil
10.477800846099854,-14,-10,-7,-6,-10,11,16,0,7,9,-9,-19,-6,3,sil
10.493239164352415,-25,-17,-15,-15,-16,0,6,-4,6,7,-25,-29,-12,-6,sil
10.493239164352415,-14,-21,-11,-14,-11,-1,5,-2,12,13,-17,-21,-6,-3,sil
10.508873462677002,1,-9,3,-15,-1,1,14,6,18,22,-5,-5,6,14,sil
10.508873462677002,0,-7,-2,-20,-4,-1,14,2,14,11,-18,-2,7,11,sil
10.524730205535889,5,-3,1,-8,0,0,13,1,14,1,-22,-1,-1,0,sil
10.524730205535889,20,12,13,10,11,6,22,3,29,17,0,8,8,6,sil
10.540133476257324,8,2,1,-4,1,-5,12,-3,20,15,1,9,16,5,sil
10.540133476257324,-7,-19,-9,-28,-7,-19,-6,-3,2,-9,-14,-3,0,-6,sil
10.5560040473938,-4,-17,-10,-23,-6,-16,-9,-6,6,-13,-3,-10,-2,-9,sil
10.5560040473938,0,-7,1,-17,-11,-14,-17,-7,1,-9,12,1,11,1,sil
10.57153296470642,7,-1,11,-12,-6,-11,-23,-5,-10,-9,25,22,22,8,sil
10.57153296470642,23,17,9,3,11,-2,-14,0,-7,-3,38,34,24,7,sil
10.58759093284607,23,32,13,18,19,2,-9,7,-13,-5,30,30,13,4,sil
10.58759093284607,10,31,8,27,18,3,-13,0,-26,-16,12,8,-1,-6,sil
10.603423357009888,2,26,4,26,18,5,-14,-4,-29,-23,5,-8,-12,-18,sil
10.603423357009888,-13,10,-2,21,14,8,-2,0,-21,-12,-4,-15,-21,-20,sil
10.618931293487549,-25,-7,-3,26,0,9,11,0,-15,-1,-16,-19,-24,-10,sil
10.618931293487549,-8,-3,8,25,-14,11,13,6,-6,2,-11,-6,-11,6,sil
10.634497165679932,11,0,2,11,-12,3,15,3,14,9,0,9,2,14,sil
10.634497165679932,6,-14,-3,-10,-11,-12,1,-5,5,0,-5,5,0,7,sil
10.649843215942385,-4,-23,-7,-28,-22,-20,-26,-9,-24,-26,-5,2,-5,-2,sil
10.649843215942385,4,-4,-1,-20,-17,-19,-28,-4,-15,-24,18,27,9,-3,sil
10.665006637573242,23,28,25,15,6,-7,-9,9,9,1,41,47,26,11,sil
10.681554079055786,18,30,27,40,15,-1,-6,7,3,9,38,24,11,10,sil
10.681554079055786,3,8,8,31,5,-5,-13,2,-11,-3,11,1,-14,-3,sil
10.681554079055786,3,4,3,24,2,6,4,2,-5,1,-3,1,-6,-2,sil
10.69564700126648,-1,0,-7,17,3,24,21,-7,0,16,-12,-15,0,-4,sil
10.69564700126648,-14,-15,-12,-3,2,25,16,-2,-1,9,-31,-38,-19,-15,sil
10.711729764938354,-14,-14,-13,-6,3,27,20,8,7,9,-40,-31,-24,-11,sil
10.711729764938354,-14,-18,-21,-18,-1,25,26,9,12,13,-43,-28,-15,1,sil
10.7274751663208,-21,-28,-27,-40,-7,11,23,8,14,13,-44,-37,-13,4,sil
10.74297022819519,-10,-10,-20,-31,1,5,27,4,40,27,-25,-30,8,18,sil
10.743594646453856,0,0,-5,-27,8,9,24,7,53,38,-16,-20,30,31,sil
10.743594646453856,-10,-23,-21,-59,1,5,9,-4,40,27,-18,-28,17,8,sil
10.758462905883787,-18,-33,-27,-70,-4,-10,-1,-12,28,7,-12,-30,-2,-10,sil
10.758462905883787,-13,-10,-8,-40,-6,-25,-9,-5,24,-4,-3,-14,1,-4,sil
10.773601770401,-5,-2,-7,-19,-8,-33,-18,-3,17,-6,10,6,14,-3,sil
10.78967809677124,5,-2,-1,-18,-6,-31,-27,0,5,-4,33,32,20,-2,sil
10.78967809677124,13,11,8,-1,-4,-29,-24,-5,-11,-16,41,41,14,-7,sil
10.804868698120115,6,24,16,15,-10,-32,-23,-11,-46,-39,28,31,-2,-22,sil
10.804868698120115,1,25,24,22,-10,-26,-29,0,-63,-41,29,39,-10,-15,sil
10.820483207702637,14,22,22,36,2,-12,-24,1,-50,-25,41,51,-1,1,sil
10.820483207702637,24,18,23,41,7,-1,-14,-5,-46,-25,31,31,-2,0,sil
10.836555242538452,5,15,20,41,6,7,-7,-8,-48,-32,8,4,-18,-11,sil
10.836555242538452,-5,16,16,51,13,16,-1,-5,-39,-30,-9,-3,-28,-17,sil
10.852843999862673,8,22,20,58,20,25,7,5,-23,-15,-9,-2,-20,-7,sil
10.852843999862673,18,21,19,58,21,31,21,3,2,12,2,5,0,9,sil
10.869813442230225,19,15,23,50,13,35,28,7,18,25,4,14,9,23,sil
10.869813442230225,24,9,15,27,6,30,27,12,17,28,6,9,11,26,sil
10.88544249534607,20,-1,3,8,4,15,16,7,19,37,16,2,19,27,sil
10.88544249534607,3,-12,3,0,0,7,1,2,25,34,1,-5,18,16,sil
10.88544249534607,-5,-11,-9,-6,-1,13,-1,-1,29,26,-13,-21,10,4,sil
10.900514364242554,-4,-8,-12,-13,0,11,5,4,32,30,-3,-20,13,17,sil
10.915645837783812,-8,-15,-8,-14,-9,0,12,6,38,27,-5,-9,11,14,sil
10.915645837783812,-18,-25,-24,-29,-20,-6,15,0,34,7,-26,-18,-2,-6,sil
10.931700944900513,-25,-30,-31,-54,-19,-4,10,3,15,-5,-34,-27,-10,-6,sil
10.931700944900513,-31,-37,-39,-65,-13,-13,9,0,0,-7,-38,-26,-12,-4,sil
10.947166919708252,-32,-42,-42,-66,-14,-27,2,-6,-6,-21,-50,-32,-22,-22,sil
10.947166919708252,-31,-33,-35,-57,-16,-27,-13,-6,-8,-28,-40,-37,-23,-32,sil
10.962666988372805,-29,-16,-24,-38,-10,-26,-26,-11,-8,-24,-21,-27,-12,-28,sil
10.962666988372805,-16,-7,-9,-26,-7,-24,-30,-5,-13,-25,-17,-4,-3,-19,sil
10.977914810180664,4,-1,1,-11,-3,-9,-20,-3,-8,-9,0,14,3,-10,sil
10.977914810180664,30,23,20,15,10,8,-6,1,5,17,31,31,14,8,sil
10.993462324142456,46,49,30,37,21,10,-5,9,15,17,51,44,28,26,sil
10.993462324142456,35,40,25,37,12,-4,-21,0,3,-2,51,42,27,16,sil
11.009541511535645,15,20,27,23,5,-11,-25,-4,-19,-8,39,26,2,0,sil
11.009541511535645,7,17,14,16,10,-5,-7,-9,-25,-13,21,3,-16,-10,sil
11.024699687957764,5,18,6,11,9,0,7,0,-23,-27,7,-3,-19,-11,sil
11.024699687957764,3,17,15,14,5,7,17,13,-20,-10,11,6,-16,-7,sil
11.03986668586731,0,12,8,24,9,15,23,5,-6,16,15,6,-13,0,sil
11.03986668586731,-3,7,6,20,8,14,16,2,0,7,3,1,-7,6,sil
11.05553650856018,-5,4,4,17,4,12,11,2,5,5,7,6,8,8,goodbye
11.05553650856018,-2,-1,4,22,0,13,11,3,5,15,9,2,10,10,goodbye
11.07163691520691,-7,-12,0,15,-4,14,4,2,-7,-1,-24,-15,-7,9,goodbye
11.07163691520691,-17,-20,-13,-1,-5,12,2,-9,-17,-10,-48,-26,-15,1,goodbye
11.086499452590942,-14,-20,-5,-14,-5,10,10,-1,-8,6,-38,-20,-5,2,goodbye
11.086499452590942,-3,-16,0,-9,-5,10,22,6,14,13,-18,-15,2,9,goodbye
11.10159969329834,-1,-16,-7,-10,-5,3,18,0,17,5,-10,-11,6,8,goodbye
11.10159969329834,-5,-19,-10,-25,-10,-4,-1,-4,4,4,-8,-3,5,4,goodbye
11.117464780807495,-7,-21,-17,-30,-14,-9,-15,-3,12,7,-10,-3,6,-4,goodbye
11.117464780807495,-2,-5,-5,-15,-6,-10,-17,0,26,2,0,1,16,-4,goodbye
11.132888793945312,8,11,4,2,6,-9,-8,-2,24,6,25,17,26,1,goodbye
11.132888793945312,16,11,-1,0,5,-9,-7,-6,16,14,33,20,20,-3,goodbye
11.148498773574827,20,17,2,6,3,-10,-8,5,14,7,23,19,13,-5,goodbye
11.148498773574827,23,30,4,23,12,-10,-6,9,19,1,36,32,29,1,goodbye
11.16365098953247,14,20,6,7,9,-8,-17,7,2,-7,40,29,23,0,goodbye
11.16365098953247,-5,4,-2,-4,-3,-7,-24,-3,-36,-31,-2,-8,-29,-22,goodbye
11.179238080978394,-14,2,-4,15,-1,-2,-4,-11,-51,-36,-43,-35,-60,-25,goodbye
11.179238080978394,-5,3,14,22,4,10,19,2,-25,-4,-31,-18,-26,6,goodbye
11.194806575775146,-5,-8,3,5,-2,14,19,1,-5,7,-18,-11,-5,18,goodbye
11.194806575775146,-11,-20,-10,-2,-8,6,5,-2,-21,-13,-38,-28,-26,2,goodbye
11.21085286140442,-6,-13,1,0,0,13,8,5,-8,3,-29,-22,-17,7,goodbye
11.21085286140442,3,-6,8,-2,3,17,16,7,29,35,5,6,16,25,goodbye
11.226457595825195,6,-9,3,-15,-1,-4,3,0,21,21,5,15,19,17,goodbye
11.226457595825195,6,-7,-7,-15,-3,-21,-8,-10,1,7,6,8,16,2,goodbye
11.241542100906372,4,-3,-4,-16,-2,-12,-6,-5,8,9,22,14,22,7,goodbye
11.241542100906372,-8,-13,-13,-34,-10,-6,-9,1,13,-6,10,12,7,-4,goodbye
11.257749795913696,-22,-24,-32,-51,-18,-21,-19,-7,-2,-28,-10,-9,-14,-37,goodbye
11.257749795913696,-21,-5,-9,-39,-7,-18,-22,-2,-11,-29,2,-11,-13,-36,goodbye
11.27193021774292,-8,18,8,0,8,3,-4,2,0,-8,26,6,4,-16,goodbye
11.27245545387268,2,18,3,13,8,4,1,2,0,-2,24,14,8,-8,goodbye
11.287543058395386,3,15,1,10,8,0,1,4,-3,-11,16,8,-4,-3,goodbye
11.287543058395386,4,28,10,35,17,13,14,3,1,-1,20,0,-5,2,goodbye
11.302767038345335,16,36,27,54,17,25,21,6,7,16,18,4,5,14,goodbye
11.31880497932434,17,18,19,38,7,14,7,0,0,10,0,0,0,11,goodbye
11.31880497932434,2,2,5,20,3,0,0,-8,-21,-8,-26,-18,-26,1,goodbye
11.319805383682253,-1,0,-1,19,0,6,4,-5,-25,-8,-34,-23,-31,-1,goodbye
11.335437536239624,7,-9,-2,15,-6,13,3,-4,-8,1,-23,-9,-12,3,goodbye
11.335437536239624,13,-11,11,9,-4,8,3,2,1,4,-12,2,0,12,goodbye
11.349583387374878,5,-8,1,14,2,3,12,0,8,16,-12,0,0,12,goodbye
11.364820957183838,-5,-19,-11,3,-7,5,9,-2,13,17,-22,-9,0,3,goodbye
11.364820957183838,-9,-19,-4,-15,-11,9,8,8,16,10,-22,-3,6,2,goodbye
11.380829572677612,-4,-11,-15,-23,0,0,15,8,30,24,-1,7,28,9,goodbye
11.380829572677612,0,-16,-12,-36,-2,-12,2,9,30,21,7,10,33,10,goodbye
11.397448301315308,0,-12,-4,-27,-9,-12,-14,4,19,2,11,9,21,2,goodbye
11.397448301315308,-3,1,-4,-13,1,-18,-19,-4,7,0,21,10,17,-1,goodbye
11.411902904510498,-9,9,-4,-26,0,-22,-19,-4,-5,-2,19,7,14,-4,goodbye
11.411902904510498,-4,1,-11,-30,-4,-13,-16,-4,-7,-16,14,4,12,-4,goodbye
11.427441596984863,13,0,5,-21,-2,-11,-21,-1,-14,-22,18,14,14,3,goodbye
11.427441596984863,13,6,11,-13,-2,-16,-26,-6,-33,-14,24,13,6,3,goodbye
11.443491458892822,5,14,2,-2,0,-16,-18,-12,-38,-14,27,6,-6,-3,goodbye
11.443491458892822,16,21,22,14,4,-6,-9,2,-19,-20,29,15,-4,2,goodbye
11.45887541770935,15,24,17,32,10,4,-2,-1,-9,-13,12,5,-6,0,goodbye
11.45887541770935,-4,22,4,36,13,11,8,-2,-16,-7,-14,-15,-26,-14,goodbye
11.474835395812988,-17,8,7,31,8,18,19,4,-11,-3,-18,-18,-31,-16,goodbye
11.474835395812988,-18,-13,-3,20,2,21,20,1,0,6,-19,-20,-26,-12,goodbye
11.490529298782349,-20,-12,-12,12,3,23,19,5,-2,7,-39,-29,-33,-18,goodbye
11.490529298782349,-24,-2,-15,11,0,18,23,0,-2,-2,-42,-33,-30,-23,goodbye
11.505888223648071,-21,-10,-12,0,-12,11,18,-2,10,-4,-23,-27,-16,-7,goodbye
11.505888223648071,-11,-14,-7,-5,-4,22,22,8,33,13,-10,-11,-1,7,goodbye
11.521899461746216,-4,-4,-2,7,14,28,30,10,50,30,-9,0,8,7,goodbye
11.521899461746216,0,-9,-2,1,2,3,16,3,44,25,-11,3,10,5,goodbye
11.537776231765749,-2,-28,-4,-35,-23,-22,-5,1,23,11,-12,7,8,6,goodbye
11.537776231765749,-4,-32,-16,-43,-17,-21,-14,-1,2,0,-6,7,10,4,goodbye
11.553904056549072,8,-20,-21,-19,-1,-24,-22,-9,-4,-10,11,8,20,3,goodbye
11.553904056549072,37,1,41,-18,-6,-29,-32,5,-10,-17,28,36,24,21,goodbye
11.569544792175291,41,24,22,-3,0,-9,-12,1,-6,-5,30,44,23,25,goodbye
11.569544792175291,24,14,-77,26,15,-15,-1,-40,-3,6,26,4,21,-2,goodbye
11.586456537246704,32,12,32,0,6,-27,-34,2,-37,-18,17,14,13,6,goodbye
11.586456537246704,36,38,109,-5,4,7,-27,35,-38,-17,28,43,14,29,goodbye
11.601532459259031,10,32,-17,29,21,14,7,-17,-6,5,29,6,10,5,goodbye
11.601532459259031,-1,15,-11,10,4,-6,-4,-7,-13,-6,1,-5,-7,-6,goodbye
11.617443084716797,-3,15,25,-7,-5,1,-1,14,-5,2,6,8,0,0,goodbye
11.617443084716797,-22,1,-21,11,13,5,8,0,8,15,9,-20,3,-12,goodbye
11.632720947265623,-38,-9,-10,19,-12,-1,-9,-1,-4,-6,-21,-41,-22,-24,goodbye
11.632720947265623,-36,-14,-10,2,-60,6,0,-4,5,-1,-14,-23,-19,-17,goodbye
11.648149013519289,-33,-18,-20,-21,-15,16,25,3,17,14,3,-7,-1,-7,goodbye
11.648149013519289,-27,-10,-5,-8,51,13,17,11,0,3,-11,-13,-7,-7,goodbye
11.664176225662231,-9,-6,-4,14,22,5,4,-1,0,-3,-26,-17,-19,-4,goodbye
11.664176225662231,0,-16,2,-2,-20,6,7,0,5,0,-20,-4,-18,1,goodbye
11.679694652557371,-4,-18,-2,-5,6,9,15,2,3,6,-14,-2,-9,-1,goodbye
11.679694652557371,2,-5,-6,13,24,7,13,-2,2,8,-17,-7,-7,0,goodbye
11.695733308792114,10,-3,8,0,-3,5,2,-4,2,-1,-20,-6,-8,5,goodbye
11.695733308792114,3,-10,-8,-17,-16,5,1,-15,1,-6,-15,-9,-8,-2,goodbye
11.71161413192749,0,-10,-13,-9,-6,3,3,-5,0,0,-10,-7,-2,-5,goodbye
11.71161413192749,5,-3,16,-10,-3,-1,-6,12,3,1,-4,11,10,6,goodbye
11.726627349853516,14,9,-11,-6,-2,-10,-9,-3,20,10,18,21,27,8,goodbye
11.726627349853516,28,22,10,-7,3,-15,-11,3,7,2,26,28,23,7,goodbye
11.742254257202148,21,25,57,-15,4,-8,-14,23,-14,-16,17,38,9,3,goodbye
11.742254257202148,0,10,-69,14,2,-16,4,-33,9,-3,31,7,20,-18,goodbye
11.757413387298584,10,9,-21,16,0,-34,-11,-14,1,-10,30,5,11,-1,goodbye
11.757413387298584,27,35,156,-2,1,-1,-31,68,-32,-24,14,47,-6,34,goodbye
11.77285885810852,0,17,-13,36,15,22,13,-4,2,16,23,0,6,5,goodbye
11.77285885810852,-16,-21,-119,38,7,-1,25,-49,11,18,0,-58,-4,-17,goodbye
11.78847599029541,-14,-16,19,-3,-7,3,1,18,-18,-5,-41,-30,-32,-1,goodbye
11.78847599029541,-21,-11,17,-3,-5,24,15,13,-9,6,-44,-17,-22,-5,goodbye
11.804505109786987,-14,-16,-6,0,-2,15,19,-5,-1,1,-28,-19,-12,-1,goodbye
11.804505109786987,-1,-13,-3,-1,-4,0,2,-9,13,0,-5,0,0,10,goodbye
11.82013702392578,-4,-9,-10,-10,-12,-10,-14,-10,23,7,-1,0,8,3,goodbye
11.82013702392578,-4,-1,16,-24,-17,-10,-22,6,1,-7,-11,1,2,0,goodbye
11.835890293121338,1,-6,-17,-11,-6,-11,-10,-11,-3,-8,8,13,6,-2,goodbye
11.835890293121338,4,-10,-18,-14,-1,-12,-12,-5,-2,-6,22,18,5,-3,goodbye
11.851534366607666,0,7,18,-19,0,-2,-11,18,-2,0,18,12,1,-1,goodbye
11.851534366607666,0,15,-2,2,8,-1,0,1,4,10,17,5,7,-6,goodbye
11.866731643676758,0,11,-5,6,7,-1,0,-2,-5,0,12,2,3,-5,goodbye
11.866731643676758,-1,11,4,-1,1,3,0,6,-18,-8,13,0,-5,-2,goodbye
11.882717847824097,0,13,4,6,2,0,3,1,-17,-9,12,0,-1,-1,sil
11.882717847824097,1,10,10,18,1,2,6,-1,-22,-12,-6,0,-4,1,sil
11.898090124130247,-2,0,4,17,4,17,16,-8,-18,2,-25,-15,-13,2,sil
11.898090124130247,-2,-8,0,4,9,21,18,-7,4,19,-24,-13,-9,4,sil
11.91385579109192,0,-15,3,-6,0,11,12,2,27,21,-11,2,9,7,sil
11.91385579109192,1,-23,-3,-14,-11,2,4,5,31,16,-4,0,13,8,sil
11.928989171981812,5,-17,-3,-19,-1,0,-7,0,23,8,-3,-2,8,6,sil
11.928989171981812,13,0,3,-10,12,-2,-15,-5,17,7,9,10,18,3,sil
11.9445903301239,12,3,-3,0,5,-14,-12,-6,8,4,21,18,27,5,sil
11.9445903301239,4,7,13,-3,-7,-14,-12,3,-6,-16,14,16,12,2,sil
11.960613250732422,0,15,-1,4,3,-5,-4,0,-6,-21,7,9,-3,-10,sil
11.960613250732422,0,12,-24,13,10,-11,1,-4,0,-11,7,-6,-10,-16,sil
11.976020574569702,-2,17,44,1,0,-8,-8,22,-15,-22,1,0,-18,-5,sil
11.976020574569702,-13,20,23,19,4,12,4,7,-18,-12,1,-1,-16,-8,sil
11.991628885269163,-13,0,-50,43,11,12,23,-25,-12,2,-10,-27,-15,-15,sil
11.991628885269163,-2,-2,12,24,0,16,13,9,-18,-5,-35,-21,-30,4,sil
12.006911754608154,-8,-4,6,5,-5,23,16,15,-2,6,-26,-11,-20,9,sil
12.006911754608154,-14,-22,-33,-4,-9,4,15,-9,11,12,-16,-16,-6,0,sil
12.022547483444214,0,-14,8,-11,-12,0,1,2,11,-1,-23,-8,-8,4,sil
12.022547483444214,0,-9,-15,-8,-5,1,5,0,23,13,-9,-9,2,2,sil
12.037732362747192,-6,-22,-20,-27,-3,-12,5,1,21,20,2,-3,13,4,sil
12.037732362747192,3,-9,11,-27,-3,-15,0,8,15,8,7,17,16,14,sil
12.060171127319336,17,0,-4,-4,-4,-17,-7,-9,16,8,23,24,20,10,sil
12.060171127319336,12,-4,6,-11,-10,-20,-23,-1,1,6,31,33,21,7,sil
12.060171127319336,10,4,15,-18,-4,-11,-22,3,-6,1,29,32,25,8,sil
12.069769144058228,8,11,-4,-11,-1,-13,-19,-15,-13,-4,20,4,13,-4,sil
12.08557391166687,0,4,0,-12,-9,-19,-27,-12,-32,-14,7,-4,-7,-19,sil
12.08557391166687,-1,11,10,-1,-1,-5,-22,0,-32,-15,12,6,-6,-16,sil
12.100155591964722,1,18,0,16,11,12,-5,0,-14,-8,12,1,0,-7,sil
12.100155591964722,-1,10,-1,21,11,15,5,-1,-10,-3,-1,-9,-3,-8,sil
12.115852117538452,-6,7,9,17,12,18,7,2,-9,-2,-13,-8,-11,-7,sil
12.115852117538452,-2,7,6,20,15,24,10,2,-2,-1,-6,-5,-6,2,sil
12.131531715393066,1,4,1,29,9,23,17,-2,0,2,-4,-9,0,5,sil
12.131531715393066,-1,4,0,22,8,17,18,0,0,0,-20,-16,-6,1,sil
12.14667010307312,-6,-4,-6,1,4,7,15,-1,9,-5,-27,-18,-12,0,sil
12.14667010307312,-8,-22,-6,-21,-11,-7,7,-2,15,-3,-20,-11,-4,4,sil
12.162468194961548,-1,-25,-4,-30,-19,-15,-2,3,15,-2,-12,0,0,8,sil
12.163472652435305,19,-3,2,-17,-4,-13,-9,8,27,0,12,17,10,11,sil
12.178093910217283,34,19,12,0,8,-17,-11,5,23,0,42,28,24,10,sil
12.178093910217283,15,15,7,-3,2,-14,-11,3,-5,-10,18,12,0,-8,sil
12.194249391555786,-14,0,-3,-5,1,9,0,5,-18,-14,-19,-3,-29,-24,sil
12.194249391555786,-18,0,-10,11,9,24,19,4,0,9,-8,-11,-8,-9,sil
12.207851648330688,-6,0,6,19,8,19,30,6,10,30,3,-15,14,8,sil
12.223461866378784,-11,-7,3,10,5,16,33,5,7,31,-11,-11,0,9,sil
12.223461866378784,-32,-22,-31,-4,-3,8,26,-3,9,25,-24,-17,-14,-4,sil
12.23853588104248,-34,-29,-21,-25,-19,-6,7,-3,6,14,-30,-27,-13,-10,sil
12.23853588104248,-12,-22,-3,-29,-17,-10,-3,0,6,15,-21,-13,0,4,sil
12.253716230392456,3,-9,-5,-15,-14,-14,-13,-3,6,8,-3,7,15,15,sil
12.253716230392456,4,-1,5,-9,-18,-23,-29,-6,-6,-20,2,16,13,2,sil
12.269036531448364,8,-1,-7,-4,-10,-25,-33,-17,-10,-27,18,15,5,-6,sil
12.269036531448364,25,4,3,0,3,-25,-38,-12,-9,-17,35,30,6,6,sil
12.28474497795105,40,28,37,10,6,-22,-36,6,-13,-13,38,40,13,15,sil
12.28474497795105,38,38,27,20,7,-15,-19,-3,-16,-9,38,25,9,7,sil
12.299503803253174,22,31,16,22,12,-4,-12,-5,-18,-11,32,14,0,1,sil
12.299503803253174,3,25,6,25,16,9,-6,5,-10,-12,17,6,0,-4,sil
12.31471300125122,-6,12,-1,20,12,20,6,4,-3,-10,0,-9,-5,-15,sil
12.31471300125122,-2,0,6,18,5,24,18,3,-7,-11,-13,-14,-15,-12,sil
12.33032512664795,-6,0,5,23,5,21,21,6,-7,-9,-17,-8,-16,-8,sil
12.33032512664795,-22,-3,-9,9,2,19,24,0,-4,-3,-20,-13,-19,-10,sil
12.345879316329956,-19,-9,-16,3,-2,24,34,-3,0,4,-24,-17,-15,-2,sil
12.345879316329956,-2,-2,6,15,0,26,28,4,6,8,-19,-8,2,13,sil
12.360966682434082,-4,-11,5,0,-3,9,10,5,5,7,-16,-6,4,11,sil
12.360966682434082,-13,-31,-26,-23,-12,-10,2,-4,11,15,-17,-15,0,-4,sil
12.376474380493164,-5,-22,-14,-21,-9,-10,-5,1,26,18,-9,-4,12,4,sil
12.376474380493164,11,-5,-1,-8,0,-3,-12,5,33,21,8,13,27,22,sil
12.39167070388794,18,-4,-6,-15,0,-9,-14,0,29,23,19,15,25,12,sil
12.39167070388794,11,-1,-3,-30,0,-17,-16,2,12,11,13,8,17,-4,sil
12.40688705444336,2,-2,-11,-41,-3,-18,-7,2,-2,2,5,0,13,-8,sil
12.40688705444336,-9,-11,-18,-56,-8,-18,-4,-4,-10,-2,2,-10,0,-13,sil
12.422524213790894,-22,-3,-14,-48,-9,-13,-15,-8,-21,-14,0,-21,-22,-29,sil
12.422524213790894,-22,16,-6,-8,3,0,-7,-4,-32,-17,-5,-22,-27,-27,sil
12.438865184783936,-16,16,-2,13,16,8,13,2,-28,-13,-5,-15,-19,-8,sil
12.438865184783936,-17,0,0,16,10,6,9,0,-19,-15,-12,-17,-20,-5,sil
12.453885555267334,-12,0,17,27,5,16,0,-3,-17,-9,-21,-12,-21,0,sil
12.46953535079956,-1,4,20,35,9,26,14,3,3,15,-9,0,-3,17,sil
12.470535278320312,2,-3,14,27,6,17,21,5,23,25,2,0,7,21,sil
12.470535278320312,11,-3,21,27,1,10,12,0,19,12,-1,7,4,21,sil
12.48473596572876,29,7,19,34,2,6,10,-2,14,6,4,21,10,25,sil
12.500823259353638,37,7,11,16,0,-4,0,0,11,1,11,24,15,15,sil
12.500823259353638,19,-2,-8,-3,-10,-12,-5,-1,12,-4,5,14,11,2,sil
12.51685094833374,1,-10,-17,-12,-22,-18,-3,-4,18,-3,5,12,10,2,sil
12.51685094833374,3,-7,10,-17,-15,-21,-13,6,10,-13,4,17,3,0,sil
12.51685094833374,3,-3,1,-9,-2,-12,-20,4,0,-19,2,12,0,-12,sil
12.53296184539795,-3,-5,-23,3,0,-11,-12,-9,1,-7,19,13,10,-10,sil
12.53296184539795,2,3,3,4,0,-13,-6,1,6,-1,31,28,22,6,sil
12.547998189926147,9,19,21,0,0,-7,-6,7,0,-10,22,24,13,6,sil
12.563161134719849,-3,16,-11,-10,-12,-14,-13,-7,-21,-19,9,0,-5,-14,sil
12.563161134719849,-16,3,-21,-9,-16,-21,-22,-9,-37,-24,-5,-15,-23,-30,sil
12.579729080200195,-17,0,0,0,-1,-3,-14,-1,-32,-22,-16,-14,-25,-25,sil
12.579729080200195,-10,4,0,3,6,12,-4,0,-17,0,-10,-15,-11,-13,sil
12.579729080200195,1,12,1,17,11,19,-2,0,-3,22,0,-16,-2,-2,sil
12.593947887420654,5,14,13,27,24,22,0,3,-3,22,4,-6,0,5,sil
12.60946249961853,-4,7,4,17,17,17,10,3,-6,12,-6,-8,0,1,sil
12.60946249961853,0,4,0,9,7,21,23,-1,-3,5,-17,-17,-9,-5,sil
12.624987840652466,15,5,8,10,14,32,40,4,7,13,-7,-6,-9,11,sil
12.624987840652466,17,0,5,0,8,25,46,11,26,34,5,6,13,34,sil
12.640571355819702,6,-10,0,-7,0,14,35,9,34,38,-2,0,23,28,sil
12.640571355819702,-6,-25,-13,-13,4,12,21,0,15,13,-22,-18,-3,6,sil
12.655640840530396,-26,-39,-27,-38,-2,0,3,-11,-11,-8,-36,-34,-29,-6,sil
12.655640840530396,-28,-36,-15,-48,-22,-16,-15,-10,-16,-11,-33,-27,-20,-8,sil
12.671738386154177,-5,-17,0,-24,-17,-16,-25,-4,0,-6,-8,-3,3,0,sil
12.671738386154177,1,-2,1,-5,-4,-13,-23,-3,4,-9,7,11,10,4,sil
12.68642544746399,0,1,-1,0,-6,-14,-16,-2,3,-8,9,10,12,5,sil
12.68642544746399,7,4,2,0,-12,-14,-19,-1,10,0,15,12,22,9,sil
12.702518701553345,10,4,0,-6,-9,-13,-20,0,15,1,16,16,19,5,sil
12.702518701553345,0,-1,-6,-5,1,-10,-3,0,12,-1,8,7,4,-9,sil
12.718611001968384,-7,-6,2,-4,6,-12,1,5,5,-2,6,1,-1,-15,sil
12.718611001968384,-6,-1,0,-12,-2,-18,-8,4,5,-15,9,7,1,-11,sil
12.73376989364624,0,7,-6,-7,-11,-14,-12,0,5,-30,9,10,1,-14,sil
12.73376989364624,4,17,4,4,-5,-4,-4,7,-1,-19,8,8,0,-14,sil
12.749855756759644,7,26,14,18,9,-1,4,5,-6,0,17,13,0,-5,sil
12.749855756759644,12,27,20,29,16,4,6,-2,-9,1,31,21,2,2,sil
12.764801502227783,12,16,16,33,9,12,6,-1,-12,-3,20,15,1,2,sil
12.764801502227783,5,4,5,26,6,9,10,-1,-12,0,-5,2,-8,0,sil
12.780816316604614,-1,0,0,18,10,5,5,-1,-16,2,-14,-6,-17,-1,sil
12.780816316604614,-4,6,0,18,6,8,0,-1,-22,4,-8,-11,-11,0,sil
12.796857833862305,0,10,5,17,3,15,4,-2,-13,0,-10,-3,-3,4,sil
12.796857833862305,9,5,-1,12,6,15,10,-1,4,4,-11,-3,-3,10,sil
12.812499046325684,8,-1,2,3,0,6,0,1,-1,10,-12,-13,-5,9,sil
12.812499046325684,-5,-4,11,0,-4,4,-4,8,-7,11,-12,-10,-2,6,sil
12.82843852043152,-10,-8,-15,1,-1,9,10,2,13,19,-1,-8,0,7,sil
12.82843852043152,-6,-16,-15,-7,-1,7,15,-2,19,17,-2,-13,-2,5,sil
12.84347939491272,-16,-28,-4,-26,-7,8,13,1,11,10,-20,-15,-6,-2,sil
12.84347939491272,-28,-38,-27,-38,-19,3,14,-1,16,15,-20,-17,0,-12,sil
12.859357118606567,-17,-30,-21,-48,-27,-12,-3,0,17,0,-6,-8,3,-6,sil
12.859357118606567,3,-11,-2,-32,-14,-17,-21,3,13,-17,1,8,10,-1,sil
12.874409675598145,15,3,1,-8,0,-15,-20,-7,3,-18,6,22,15,-6,sil
12.874409675598145,10,15,12,-10,-4,-21,-22,-8,-20,-30,11,20,1,-6,sil
12.889947414398192,5,22,8,-9,-2,-15,-16,-5,-31,-39,14,4,-6,0,sil
12.889947414398192,11,19,4,7,15,5,-2,0,-23,-19,11,2,0,3,sil
12.905874013900757,13,20,12,27,20,8,0,4,-19,-4,3,6,-4,-2,sil
12.905874013900757,5,29,13,47,18,2,-1,1,-14,-1,0,4,-8,-2,sil
12.921915531158447,12,27,18,61,26,17,12,2,1,20,7,8,7,16,sil
12.921915531158447,10,3,13,41,23,24,23,5,24,43,9,7,16,25,sil
12.937831401824951,-16,-24,-7,1,-2,0,5,0,22,33,-6,-12,2,7,sil
12.937831401824951,-21,-30,-22,-18,-24,-14,-3,0,10,13,-24,-29,-8,0,sil
12.953784942626951,0,-20,-12,-23,-20,-9,4,1,16,7,-15,-16,-2,3,sil
12.953784942626951,1,-16,-6,-32,-9,-2,8,4,24,5,6,2,6,3,sil
12.969248294830322,-12,-15,-15,-33,-8,-2,4,7,16,1,12,2,7,-1,sil
12.969248294830322,-5,-3,-9,-25,-9,-4,4,0,11,0,11,1,7,-4,sil
12.984568119049072,7,9,3,-14,-6,-4,2,-4,10,0,20,13,11,-1,sil
12.984568119049072,7,12,15,-4,0,-5,-9,1,-2,-7,17,17,7,0,sil
13.000660419464111,5,10,9,0,6,-10,-22,-1,-21,-22,0,10,0,-2,sil
13.000660419464111,8,6,0,0,5,-8,-16,-9,-28,-25,1,10,0,-10,sil
13.015888690948486,1,7,7,0,4,0,-1,0,-26,-17,4,4,-5,-15,sil
13.015888690948486,-3,8,5,11,4,4,4,6,-15,-6,-3,-13,-11,-12,sil
13.031914949417114,5,7,7,22,7,6,0,-2,-6,-1,-3,-4,-6,-2,sil
13.031914949417114,4,8,9,22,8,5,-8,-4,-5,-5,0,13,-6,0,sil
13.047438859939575,-10,0,-7,14,1,0,-7,-4,-6,-3,-11,-8,-13,-10,sil
13.047438859939575,-14,-10,-12,0,-5,6,0,-2,-10,-8,-28,-31,-17,-16,sil
13.06341791152954,-9,-8,-11,0,-5,12,5,-1,-11,-11,-28,-20,-18,-9,sil
13.06341791152954,-7,6,-5,14,0,8,5,-2,-4,3,-5,-3,-11,-2,sil
13.078826427459717,-2,16,4,28,9,9,12,3,10,18,8,0,7,8,sil
13.078826427459717,-5,5,-1,14,2,12,22,8,21,18,-5,-7,2,8,sil
13.09422755241394,-21,-16,-5,-16,-13,5,11,3,7,8,-25,-18,-21,-5,sil
13.09422755241394,-25,-23,-25,-17,-7,2,5,-6,6,10,-14,-20,-11,-5,sil
13.10998249053955,-1,-15,-17,0,9,7,16,-1,25,20,8,2,21,16,sil
13.10998249053955,21,-2,38,-1,9,12,14,18,22,14,13,31,24,33,sil
13.124832153320312,25,1,23,0,-3,0,0,4,3,2,6,16,9,21,sil
13.124832153320312,20,-3,-10,-3,-9,-22,-14,-13,0,3,5,1,11,13,sil
13.140453577041626,25,-4,12,-21,-4,-24,-14,7,17,8,17,29,29,28,sil
13.140453577041626,24,-5,3,-22,-4,-22,-10,3,28,6,27,31,32,21,sil
13.155879974365234,10,-7,-8,-22,-15,-27,-15,-12,8,-4,20,10,15,0,sil
13.155879974365234,11,8,8,-22,-9,-17,-13,1,-8,-8,24,23,11,-3,sil
13.17198610305786,11,21,3,-10,7,-9,-10,4,-12,-15,31,26,9,-10,goodbye
13.17198610305786,-3,12,-3,-4,4,-8,-13,-1,-24,-24,7,-2,-13,-25,goodbye
13.187446355819702,-12,11,3,7,0,10,-2,0,-22,-12,-13,-12,-20,-22,goodbye
13.187446355819702,-10,9,2,26,13,21,3,-5,-10,-5,-7,-9,-12,-17,goodbye
13.202949047088625,-10,1,1,22,8,7,-5,-3,-15,-15,-7,-18,-21,-20,goodbye
13.202949047088625,-12,3,-2,13,-6,2,-8,-2,-24,-11,-15,-20,-24,-14,goodbye
13.218497037887571,-8,5,-2,22,-4,6,0,-2,-29,-10,-17,-17,-18,-9,goodbye
13.218497037887571,-3,0,13,25,6,2,2,-2,-34,-20,-27,-24,-28,-13,goodbye
13.234580993652344,-8,-7,-5,8,3,1,2,-6,-24,-11,-30,-21,-27,-8,goodbye
13.234580993652344,-14,-14,-24,-12,-2,12,2,0,-3,5,-15,-10,-8,2,goodbye
13.250613927841188,-15,-10,0,-18,5,23,13,10,16,15,-5,-6,4,3,goodbye
13.250613927841188,-14,-2,-2,1,17,15,23,1,30,31,-4,-10,9,1,goodbye
13.266212224960327,-7,-1,-10,11,10,4,12,-2,20,30,-4,-7,5,10,goodbye
13.266212224960327,-7,-5,2,-10,-2,3,2,1,4,9,-5,-7,3,15,goodbye
13.282758235931396,-7,-12,-8,-23,-13,-1,3,0,13,4,1,-7,18,15,goodbye
13.282758235931396,7,-11,0,-5,-13,-6,7,8,35,15,18,13,27,22,goodbye
13.2974534034729,16,-3,11,5,-3,0,20,15,45,26,21,19,20,20,goodbye
13.2974534034729,4,-2,-8,-4,1,2,26,0,33,16,5,-1,11,1,goodbye
13.312556266784668,3,2,0,-8,-1,-4,9,0,9,-3,4,6,11,0,goodbye
13.3280827999115,14,11,6,0,-6,-11,-4,6,0,-1,15,24,11,8,goodbye
13.3280827999115,12,7,-6,-4,-6,-16,-14,-2,-9,-8,2,15,-2,0,goodbye
13.344740867614746,15,9,7,0,5,-11,-18,-4,-12,-25,-4,18,-3,-7,goodbye
13.344740867614746,30,23,22,18,15,-4,-13,-1,8,-4,16,32,15,2,goodbye
13.344740867614746,24,15,17,4,5,-9,-22,-4,10,6,18,24,10,2,goodbye
13.359251499176024,0,-3,-1,-19,-8,-17,-33,-4,-15,-17,6,7,-8,-5,goodbye
13.375742197036743,-3,-6,-7,-17,-8,-15,-17,-3,-22,-19,16,6,0,0,goodbye
13.375742197036743,4,0,3,-7,-7,-4,1,0,-11,0,13,9,8,3,goodbye
13.391824960708618,-1,1,0,0,-10,2,-1,0,-4,-1,-2,-5,-4,-5,goodbye
13.391824960708618,-12,3,0,11,-2,7,-12,-4,-9,-13,-3,-13,-15,-12,goodbye
13.391824960708618,-14,3,0,18,4,9,-4,-6,-19,-14,-9,-15,-22,-21,goodbye
13.406919956207275,-18,-2,-7,12,-2,7,3,-6,-31,-17,-22,-27,-32,-34,goodbye
13.406919956207275,-18,-3,-5,10,0,3,0,-1,-38,-27,-23,-27,-31,-21,goodbye
13.42384958267212,-12,-2,-17,19,12,9,10,-2,-26,-18,-21,-22,-16,-2,goodbye
13.42384958267212,-9,-9,-4,3,8,20,23,4,-12,10,-12,-12,0,3,goodbye
13.438223123550417,-1,-9,18,-5,-3,21,21,14,3,41,15,4,15,16,goodbye
13.454073190689089,1,0,0,12,5,5,11,0,23,42,22,5,20,19,goodbye
13.454073190689089,-5,2,-4,13,19,-6,-5,0,18,4,-9,-4,0,3,goodbye
13.454073190689089,-5,2,9,5,12,0,-13,11,3,-11,-24,-9,-19,-5,goodbye
13.469634056091309,0,-5,-6,5,1,3,0,-2,2,0,-13,-13,-12,0,goodbye
13.48493194580078,0,-19,-17,-14,0,4,17,-6,3,0,-17,-15,-5,4,goodbye
13.48493194580078,2,-12,0,-24,0,13,20,5,10,3,-22,-7,-1,8,goodbye
13.500452280044556,7,-2,1,-6,-1,16,17,2,20,22,-9,0,9,15,goodbye
13.500452280044556,3,-7,-6,-5,-11,0,11,2,30,27,3,6,20,17,goodbye
13.500452280044556,0,-4,0,-22,-14,-17,4,8,44,24,8,10,24,11,goodbye
13.51654863357544,6,4,6,-28,-7,-22,0,6,46,29,20,15,33,9,goodbye
13.531770944595335,13,2,9,-33,-9,-28,-9,0,21,10,29,25,33,7,goodbye
13.531770944595335,8,-2,0,-42,-21,-37,-30,-8,-11,-34,17,26,10,-5,goodbye
13.547582864761353,7,0,-9,-27,-24,-33,-40,-12,-27,-48,13,17,-2,-17,goodbye
13.547582864761353,13,12,13,7,-7,-18,-29,-9,-26,-22,27,21,2,-10,goodbye
13.562732696533203,9,28,20,34,16,1,-9,-1,-20,-8,16,13,-2,-6,goodbye
13.562732696533203,0,23,-1,35,19,16,3,0,-14,-13,-2,-10,-14,-10,goodbye
13.578591108322144,0,9,5,22,5,20,4,-2,-8,-10,5,-4,-8,-6,goodbye
13.578591108322144,5,11,7,24,9,15,0,-5,-9,-4,13,10,0,-1,goodbye
13.59373378753662,0,15,-2,27,25,11,-7,-2,-19,-10,2,2,-7,-3,goodbye
13.59373378753662,-8,9,-4,16,20,16,-2,9,-20,-13,0,-7,-14,-2,goodbye
13.609826564788818,-6,2,-8,16,6,21,9,5,-6,-3,-2,-9,-9,0,goodbye
13.609826564788818,-4,2,-2,22,4,17,12,2,0,0,-13,-10,-8,0,goodbye
13.62487769126892,-12,-2,-2,14,0,6,17,6,0,6,-13,-11,-12,0,goodbye
13.62487769126892,-17,-16,-8,1,-5,4,20,6,0,17,-7,-11,-10,0,goodbye
13.640536308288574,-7,-23,-1,-2,-4,6,12,9,4,15,-16,-15,-6,5,goodbye
13.640536308288574,-1,-16,0,-5,-7,5,8,2,8,14,-20,-18,-4,3,goodbye
13.655704259872437,-10,-16,0,-16,-6,2,13,-5,5,24,-12,-9,0,1,goodbye
13.655704259872437,-11,-22,0,-19,-3,0,15,-1,6,24,-8,-4,3,3,goodbye
13.671650648117064,0,-16,-2,-14,-7,-2,8,0,10,6,-15,-10,-1,3,goodbye
13.671650648117064,0,-8,-3,-15,-12,-12,-6,-4,2,-11,-22,-7,-8,-3,goodbye
13.687647342681885,0,-7,-7,-15,-10,-21,-15,-7,0,-12,-11,0,-1,-7,goodbye
13.687647342681885,10,0,2,-11,-5,-14,-10,-9,7,1,6,13,12,13,goodbye
13.702876329421995,17,9,6,-4,-4,-5,-7,0,13,12,10,18,17,26,goodbye
13.702876329421995,11,5,-3,0,-9,-15,-12,5,6,0,6,5,15,3,goodbye
13.717893600463867,9,0,-1,-7,-5,-20,-15,0,0,-16,7,0,13,-5,goodbye
13.717893600463867,2,0,0,-14,5,-7,-11,-5,0,-15,4,4,4,0,goodbye
13.733097791671751,-7,3,-3,-11,7,2,-1,1,4,-4,9,2,0,-11,goodbye
13.733097791671751,-6,8,0,-1,12,6,8,7,13,6,23,5,7,-15,goodbye
13.748684406280518,2,12,7,6,19,0,-2,0,11,9,25,13,11,-4,goodbye
13.748684406280518,10,16,9,6,6,-13,-22,1,-5,0,24,18,7,0,goodbye
13.764034271240234,8,15,0,2,-7,-9,-17,6,-13,-9,17,10,0,0,goodbye
13.764034271240234,-6,6,-7,-4,-3,-1,-12,-5,-22,-24,-2,-3,-14,-14,goodbye
13.779554605484009,-3,1,3,-4,2,-2,-12,-3,-31,-32,-7,-4,-18,-22,goodbye
13.779554605484009,9,8,10,6,0,6,0,5,-20,-15,-3,0,-10,-6,goodbye
13.794670820236206,-8,0,-6,1,-2,19,7,-2,-18,-15,-25,-12,-22,-10,goodbye
13.794670820236206,-27,-15,-20,-5,-1,14,0,-8,-21,-27,-28,-22,-32,-28,goodbye
13.81070852279663,-5,-2,1,10,2,13,6,-1,-3,-1,-1,-1,-10,-6,goodbye
13.81070852279663,16,16,19,33,6,25,21,1,10,29,7,11,13,25,goodbye
13.825941801071169,11,16,14,36,11,31,30,0,11,26,3,1,12,28,goodbye
13.825941801071169,-1,8,6,27,18,24,36,5,20,26,0,-3,4,23,goodbye
13.841540336608888,0,5,-1,24,12,16,35,4,30,38,-2,-3,7,22,goodbye
13.841540336608888,13,9,12,31,10,14,33,5,34,38,6,1,23,30,goodbye
13.857558250427246,24,7,22,29,22,12,35,11,45,41,21,14,32,42,goodbye
13.857558250427246,7,-18,-6,-6,2,-11,11,0,31,30,5,4,11,22,goodbye
13.873831510543823,-18,-43,-24,-45,-36,-44,-32,-11,-12,-18,-26,-21,-17,-16,goodbye
13.873831510543823,-15,-32,-18,-37,-37,-40,-39,-3,-23,-40,-21,-15,-13,-18,goodbye
13.892507553100586,-4,-16,-9,-28,-19,-22,-27,0,-8,-17,2,10,7,-1,goodbye
13.892507553100586,-15,-23,-14,-42,-24,-27,-35,-1,-13,-6,0,4,5,-10,goodbye
13.903881072998049,-15,-20,-19,-41,-25,-26,-31,-4,-10,-10,-7,-12,-4,-20,goodbye
13.903881072998049,1,0,-2,-27,-5,-3,-12,-3,3,-13,3,0,2,-13,goodbye
13.919422149658203,0,8,-4,-14,6,0,-5,-1,-3,-15,10,8,4,-14,goodbye
13.919422149658203,-6,7,0,2,4,-4,-4,2,-18,-16,0,3,-7,-15,goodbye
13.93547821044922,0,9,16,5,4,5,-1,7,-19,-10,0,0,-7,-11,goodbye
13.93547821044922,4,12,2,2,8,3,-6,0,-12,0,11,-2,0,-13,goodbye
13.95199728012085,9,20,0,16,15,-2,-12,-8,-7,0,12,0,-1,-8,goodbye
13.95199728012085,14,25,23,30,20,10,-3,-3,-6,-7,1,7,-9,0,goodbye
13.96800661087036,5,15,10,25,14,17,8,-3,-17,-11,-5,-7,-13,-6,sil
13.983540534973145,-4,7,-6,16,7,14,13,2,-25,-10,-14,-22,-19,-11,sil
13.983540534973145,-5,6,0,21,6,25,24,7,0,4,-23,-14,-20,-2,sil
13.983540534973145,-1,0,7,25,6,33,47,1,34,31,-12,-1,-4,15,sil
13.999581336975098,2,-5,0,14,7,22,45,5,42,37,3,2,10,32,sil
13.999581336975098,0,-9,-2,-3,0,5,10,5,24,19,0,2,7,23,sil
14.015010356903076,-3,-15,-6,-21,-13,-9,-16,0,13,2,-9,1,5,2,sil
14.015010356903076,5,-8,-9,-24,-14,-22,-14,-1,17,-1,7,13,22,3,sil
14.030518054962158,9,5,3,-13,-2,-25,-15,-3,7,-6,23,27,24,11,sil
14.030518054962158,5,7,8,-5,-2,-23,-27,-7,-12,-4,21,20,11,3,sil
14.04594111442566,5,6,3,-8,-6,-15,-23,-4,-17,0,23,12,9,-3,sil
14.04594111442566,-1,7,5,-1,0,-1,-5,2,-18,-8,18,8,4,0,sil
14.067426919937134,-16,-6,-2,9,0,7,1,0,-25,-19,-6,-11,-16,-5,sil
14.067426919937134,-13,-21,-5,2,-9,7,0,0,-19,-14,-27,-24,-26,-12,sil
14.07801389694214,1,-18,-2,-4,-8,8,9,5,1,-1,-24,-11,-8,-2,sil
14.09255075454712,6,-11,-3,-5,-3,0,8,0,18,6,-8,1,8,8,sil
14.09255075454712,8,-7,0,-20,-1,-14,-12,3,18,4,10,12,11,5,sil
14.09255075454712,13,11,0,-9,1,-12,-19,7,4,-1,27,17,6,-4,sil
14.109576225280762,4,31,7,27,10,0,-6,-3,-12,-8,19,8,-6,-11,sil
14.109576225280762,-9,17,11,33,17,11,5,-7,-15,-5,-2,-7,-21,-11,sil
14.123829126358032,-15,-5,0,14,10,19,18,0,-1,6,-12,-21,-17,-4,sil
14.123829126358032,-15,-6,-2,7,0,20,26,5,8,17,-13,-16,0,8,sil
14.138995170593262,-4,-4,-4,2,-5,10,24,4,12,25,-16,-6,16,15,sil
14.154653072357178,5,-11,-11,-8,-7,-3,14,-3,13,19,-10,-6,21,11,sil
14.154653072357178,6,0,-11,-11,-3,-14,1,-5,13,6,8,2,24,5,sil
14.169841527938845,12,12,-4,-10,-1,-14,-14,-6,4,0,23,17,17,0,sil
14.169841527938845,14,12,3,-13,-3,-14,-29,-8,-19,-20,19,10,-3,-11,sil
14.18555188179016,0,13,2,0,4,-12,-23,-4,-27,-32,7,-2,-17,-20,sil
14.18555188179016,-14,11,4,15,15,5,-5,1,-14,-15,-9,-6,-16,-18,sil
14.200722217559814,-16,-9,-3,3,3,22,4,8,-9,-1,-33,-23,-26,-15,sil
14.200722217559814,-19,-23,-14,-2,-9,22,15,6,3,4,-37,-37,-29,-8,sil
14.21589732170105,-11,-9,0,10,3,17,26,6,34,22,-21,-15,-12,5,sil
14.21589732170105,4,-1,7,8,11,12,23,8,48,35,-13,-4,6,16,sil
14.232080698013306,9,-11,-1,-15,0,0,10,4,33,24,-5,-3,17,20,sil
14.232080698013306,9,-15,0,-27,-13,-19,0,1,8,1,3,15,18,22,sil
14.247132778167725,15,-9,1,-24,-20,-29,-8,-1,-5,-15,3,23,8,8,sil
14.247132778167725,15,-6,3,-19,-13,-22,-14,-2,-10,-21,9,18,7,0,sil
14.262601137161257,8,-2,0,-13,0,-14,-20,-5,-18,-14,24,19,17,5,sil
14.262601137161257,5,10,-3,-9,2,-16,-30,-11,-26,-10,28,20,14,1,sil
14.278555393218994,11,22,4,-1,-1,-10,-35,-4,-25,-17,25,25,0,-3,sil
14.278555393218994,15,25,9,18,1,0,-20,0,-18,-11,23,28,-2,4,sil
14.293733835220335,0,18,11,21,11,0,0,-6,-19,-6,13,10,-1,3,sil
14.293733835220335,-17,5,2,7,11,4,4,-1,-18,-13,0,-11,-15,-16,sil
14.30977988243103,-21,-2,-7,3,0,12,2,1,-16,-16,-10,-20,-32,-29,sil
14.30977988243103,-20,0,-4,10,0,16,7,2,-15,-10,-14,-16,-27,-19,sil
14.325426578521729,-19,0,-3,21,6,12,10,2,-3,0,-8,-15,-12,-8,sil
14.325426578521729,-13,-7,0,24,2,7,3,1,13,10,-4,-20,-6,-7,sil
14.340946197509766,-4,-6,7,22,1,14,12,4,26,24,-1,-10,4,0,sil
14.340946197509766,0,0,8,23,6,20,26,3,20,28,0,2,12,6,sil
14.35701298713684,-7,-4,2,16,-2,13,21,0,1,12,-12,-7,2,4,sil
14.35701298713684,-6,-13,-4,2,-15,3,12,-1,6,4,-18,-14,0,6,sil
14.37282681465149,14,-7,4,-2,-7,0,8,4,28,18,4,11,19,20,sil
14.37282681465149,29,2,8,-4,9,1,6,9,38,31,27,30,35,29,sil
14.388463735580444,25,6,3,-4,10,0,5,1,39,26,22,23,37,24,sil
14.388463735580444,20,8,9,-2,0,-10,-1,-3,18,4,8,19,19,9,sil
14.40452480316162,20,10,0,-5,0,-11,-9,0,-6,-10,5,13,2,-3,sil
14.40452480316162,14,5,-11,-24,2,-11,-7,-3,-10,-8,6,4,8,-3,sil
14.419757604599,2,0,-10,-38,-7,-20,-11,-9,-8,-10,1,0,6,-4,sil
14.419757604599,-5,-1,-13,-35,-13,-17,-21,-5,-20,-26,-11,-11,-13,-17,sil
14.43518877029419,-12,-3,-17,-33,-1,-8,-13,3,-30,-34,-25,-24,-24,-21,sil
14.43518877029419,-18,-6,-19,-31,0,-6,0,0,-27,-24,-30,-31,-28,-13,sil
14.450963258743286,-17,-3,-10,-17,3,1,-1,-7,-24,-17,-30,-29,-34,-10,sil
14.450963258743286,-14,-1,-1,-1,13,8,-7,0,-20,-18,-32,-26,-32,-10,sil
14.466648817062378,-21,-6,-3,10,2,3,-2,2,-19,-10,-27,-29,-29,-11,sil
14.466648817062378,-26,-11,-2,17,-5,8,0,-2,-22,0,-22,-28,-29,-12,sil
14.481679916381836,-19,-13,-3,21,2,23,8,0,-8,9,-24,-19,-23,-4,sil
14.481679916381836,-12,-11,-1,21,2,23,16,6,18,21,-9,-5,-5,9,sil
14.49691653251648,-1,-8,5,13,-7,9,11,9,35,42,21,14,23,24,sil
14.49691653251648,11,-1,5,5,-9,-5,5,5,45,49,34,25,41,26,sil
14.51197075843811,12,4,11,10,0,-8,5,8,57,35,32,26,40,21,sil
14.51197075843811,15,3,11,18,10,-4,9,7,56,25,42,37,42,22,sil
14.527221202850342,19,-4,8,-1,-2,-13,1,-7,18,4,43,43,34,11,sil
14.542931079864502,6,-2,8,-35,-25,-26,-16,-13,-27,-30,27,18,10,-13,sil
14.542931079864502,0,9,3,-20,-9,-18,-18,-4,-37,-47,16,10,0,-20,sil
14.542931079864502,16,19,8,19,16,-2,-9,0,-28,-50,9,30,-8,-6,sil
14.55785322189331,21,23,8,30,8,-5,-13,-5,-25,-41,1,23,-12,-9,sil
14.55785322189331,8,25,6,18,-6,-12,-20,-8,-15,-5,8,3,0,-17,sil
14.574466228485107,9,24,15,13,0,-1,-13,0,-2,14,18,12,11,-3,sil
14.574466228485107,16,16,10,12,9,12,1,6,-5,3,11,14,4,9,sil
14.588729858398438,10,7,7,7,15,16,5,-3,-13,-7,-2,2,-2,8,sil
14.604437112808228,4,0,13,7,13,17,1,-8,-4,0,-5,-8,-4,5,sil
14.604437112808228,-4,-3,0,9,4,17,0,0,3,13,-7,-25,-14,0,sil
14.620609045028688,-23,-7,-18,0,0,11,2,7,-3,10,-23,-34,-19,-7,sil
14.620609045028688,-24,-12,-16,-11,-6,2,6,5,-4,4,-31,-27,-13,-5,sil
14.620609045028688,-8,-15,-8,-15,-14,0,11,0,1,3,-33,-25,-14,0,sil
14.634414196014404,-10,-19,-16,-11,-1,10,20,2,8,5,-36,-32,-20,-5,sil
14.64955472946167,-22,-19,-19,-12,11,20,29,7,13,7,-30,-27,-13,-10,sil
14.64955472946167,-16,-12,-11,-19,7,13,31,8,6,9,-16,-15,0,3,sil
14.664954900741575,-9,-4,-20,-17,0,-4,19,0,0,8,-9,-11,5,9,sil
14.664954900741575,-15,-9,-22,-20,-5,-18,-6,-5,-7,-4,-11,-9,-4,-7,sil
14.680978775024414,-12,-16,-13,-21,-15,-21,-19,-2,-11,-19,-12,-10,-22,-17,sil
14.680978775024414,0,-5,-5,0,-12,-11,-4,-4,3,-7,0,-7,-14,-2,sil
14.696829319000244,8,9,17,15,5,0,4,2,23,14,15,10,9,15,sil
14.696829319000244,18,8,24,20,6,-2,-8,8,12,21,19,23,19,19,sil
14.71207571029663,31,3,19,21,-4,-10,-21,-5,-9,8,14,19,14,17,sil
14.71207571029663,24,3,19,9,-2,-3,-16,-7,-3,3,16,20,20,18,sil
14.72777795791626,5,3,12,0,5,12,-5,5,20,14,24,23,32,12,sil
14.72777795791626,3,5,1,5,8,17,-5,8,27,18,28,23,29,0,sil
14.743767261505129,11,7,-4,8,5,2,-4,0,17,11,22,20,19,0,sil
14.743767261505129,0,-2,-7,-16,-7,-11,2,-3,6,1,10,8,11,-1,sil
14.759423017501833,-17,-16,-13,-40,-22,-16,2,0,3,-7,-4,-7,-1,-11,sil
14.759423017501833,-15,-11,-14,-31,-21,-19,-8,0,0,-13,-10,-5,-16,-23,sil
14.775073766708374,-7,0,-2,-10,-8,-15,-5,-4,-9,-17,0,4,-14,-20,sil
14.775073766708374,-2,6,-1,-2,0,0,11,-4,-5,-21,10,0,-2,-11,sil
14.79068636894226,-1,5,2,-8,1,0,8,-5,-4,-25,2,-2,-2,-7,sil
14.79068636894226,-5,7,6,-5,-2,-14,-9,0,-24,-29,-10,1,-11,-6,sil
14.80607557296753,0,16,3,9,-3,-12,-10,1,-32,-30,-9,4,-11,0,sil
14.80607557296753,11,21,14,18,7,-2,-6,0,-18,-22,0,9,-1,5,sil
14.821842193603516,17,22,20,27,20,4,-7,-1,-6,0,10,12,4,10,sil
14.821842193603516,17,24,18,39,28,13,-5,-2,0,15,10,5,7,14,sil
14.837194442749023,22,18,18,42,31,18,-9,0,0,8,2,-2,0,12,sil
14.837194442749023,17,7,9,37,24,17,-13,-1,-7,0,0,-7,-13,4,sil
14.852483987808228,-6,0,-1,18,9,15,-8,-7,-14,6,-1,-12,-16,-2,sil
14.852483987808228,-20,-13,-13,-2,-1,12,2,-3,-14,15,-13,-24,-11,-6,sil
14.867606163024902,-18,-25,-18,-11,-11,12,17,1,-9,11,-24,-27,-16,-11,sil
14.867606163024902,-28,-24,-22,-15,-17,16,29,4,-2,1,-30,-23,-23,-18,sil
14.882912158966064,-36,-20,-27,-10,-15,22,39,8,10,9,-25,-30,-17,-14,sil
14.883324146270752,-23,-18,-11,-6,-4,17,41,9,28,21,-12,-26,-6,-2,sil
14.89842677116394,-9,-17,-2,-14,-2,-6,25,5,28,16,-12,-16,-4,-2,sil
14.89842677116394,-2,-14,-6,-11,-9,-19,7,2,10,7,-18,-12,-1,-1,sil
14.914472341537476,5,-9,4,-6,-9,-5,6,4,6,9,0,4,14,16,sil
14.914472341537476,13,-5,5,-20,-6,-1,0,0,14,6,17,25,26,24,sil
14.93049430847168,25,5,8,-19,-4,-10,-16,1,9,2,17,30,24,22,sil
14.93049430847168,33,16,16,7,0,-4,-10,11,18,19,24,33,31,33,sil
14.946616172790527,25,11,8,12,0,-2,-6,3,35,28,29,31,36,28,sil
14.946616172790527,17,10,9,0,-1,-14,-21,-7,15,7,21,25,25,10,sil
14.962058782577516,14,11,8,0,-5,-17,-28,-11,-12,-11,18,19,13,1,sil
14.962058782577516,0,-5,-8,-16,-6,-16,-28,-11,-15,-27,7,10,1,-13,sil
14.977134943008425,-8,-15,-18,-29,-3,-19,-24,-7,-8,-31,-9,0,-5,-23,sil
14.977134943008425,-2,1,-5,-11,0,-15,-7,-4,-3,-14,0,1,-1,-14,sil
14.992692947387695,-2,14,5,1,3,-5,1,4,-2,-7,18,7,0,-10,sil
14.992692947387695,-10,8,-7,0,3,2,2,7,-4,-13,13,0,-2,-16,sil
15.008000373840332,-21,0,-15,-10,4,6,5,-6,-15,-15,-7,-17,-16,-22,sil
15.008000373840332,-30,-4,-6,-13,0,0,3,-13,-32,-23,-22,-29,-33,-29,sil
15.023464918136597,-15,1,2,2,0,-4,0,-3,-31,-25,-18,-23,-30,-23,sil
15.023464918136597,5,8,6,16,10,1,4,7,-14,-6,-3,-9,-12,0,sil
15.039033889770508,5,7,4,18,7,8,12,10,-6,7,-3,0,-5,11,sil
15.039033889770508,1,7,5,19,-3,5,6,3,-4,1,-11,0,-9,5,sil
15.055115699768066,7,4,7,16,0,0,-5,-1,0,-2,-8,-4,-10,4,sil
15.071645498275757,6,0,7,15,1,0,-9,-3,5,8,0,-5,0,4,sil
15.071645498275757,7,1,16,27,0,11,-6,-2,9,20,4,8,12,9,sil
15.071645498275757,15,12,12,31,15,30,-3,-2,14,17,3,13,13,18,sil
15.08672332763672,6,5,3,13,21,29,-1,-6,6,5,0,0,3,9,sil
15.08672332763672,-4,-3,0,5,9,18,4,0,0,10,0,-7,-2,-2,sil
15.102243900299072,-6,3,-2,9,4,15,19,9,10,23,0,-7,-1,-3,sil
15.102243900299072,-24,-1,-7,-8,0,13,30,11,20,17,-12,-16,-3,-6,sil
15.117793560028076,-39,-26,-21,-31,-12,6,33,5,14,8,-20,-26,-11,-14,sil
15.133710622787476,-27,-30,-20,-29,-13,-1,24,-2,2,6,-22,-20,-10,-8,sil
15.133710622787476,-11,-19,-5,-14,-12,-7,11,0,3,-2,-21,-8,0,6,sil
15.133710622787476,0,-18,-7,-16,-18,-18,-1,4,6,-7,-7,0,8,11,sil
15.149065494537354,10,-14,-6,-39,-20,-31,-13,0,-7,-11,10,10,16,10,sil
15.149065494537354,26,2,1,-36,-13,-29,-13,-8,-14,-18,24,25,21,14,sil
15.164953231811523,52,24,23,3,1,-20,-16,-6,-3,-15,36,43,22,19,sil
15.164953231811523,58,37,38,30,12,-21,-27,1,-6,-12,36,46,18,22,sil
15.180460453033447,32,25,15,29,4,-18,-28,0,-20,-9,18,15,4,13,sil
15.180460453033447,4,0,0,18,-5,0,-19,-5,-18,1,0,-12,-12,-1,sil
15.195425510406494,-4,-13,-5,7,-1,14,-8,-1,0,10,-15,-17,-15,-5,sil
15.210881233215332,-7,-16,-12,-4,2,12,-3,0,21,12,-17,-6,0,0,sil
15.210881233215332,-4,-15,-8,-14,0,4,0,5,32,23,0,15,21,3,sil
15.227446794509888,0,-1,-11,-13,-4,-1,8,7,30,22,23,24,26,0,sil
15.227446794509888,-11,10,-10,-13,0,-7,5,1,7,-12,23,11,6,-14,sil
15.227446794509888,-29,10,-3,-10,10,-2,2,0,-7,-23,9,0,-9,-34,sil
15.241622686386108,-30,15,-5,7,15,8,10,0,0,0,9,-3,-9,-35,sil
15.256949663162231,-27,22,2,22,17,16,8,2,-4,0,8,-7,-9,-20,sil
15.256949663162231,-30,5,2,12,19,13,5,-1,-18,-15,-6,-23,-16,-16,sil
15.27263116836548,-22,-14,-13,-4,9,2,10,-7,-17,-15,-28,-38,-22,-19,sil
15.27263116836548,-4,-5,-10,0,-3,-2,6,-1,-16,-12,-37,-33,-25,-8,sil
15.288618087768556,6,5,8,19,-4,5,3,1,-16,-5,-26,-16,-20,6,sil
15.288618087768556,11,0,14,16,-6,11,9,0,-9,6,-8,-4,-6,16,sil
15.3038227558136,25,-4,7,6,-11,1,6,0,-9,6,-7,0,0,22,sil
15.3038227558136,28,0,11,4,-3,0,-3,-2,-16,-3,-16,0,-9,20,sil
15.319854736328123,13,0,11,9,0,5,-13,-4,-10,2,-8,0,-6,16,goodbye
15.319854736328123,5,-2,5,9,-7,5,-20,-3,5,18,0,5,11,17,goodbye
15.335439920425417,6,-5,0,-1,-2,0,-8,0,21,22,0,4,14,15,goodbye
15.335439920425417,-1,-7,-7,-8,6,0,10,5,34,23,4,-1,7,3,goodbye
15.35075855255127,-14,-16,-7,-13,2,6,15,8,36,19,8,-2,9,-3,goodbye
15.35075855255127,-16,-25,-8,-21,-2,9,16,9,31,11,-3,0,11,-3,goodbye
15.366673707962036,-17,-21,-17,-24,-5,0,16,2,24,4,-5,2,9,-7,goodbye
15.366673707962036,-18,-11,-13,-29,-13,-14,2,-2,4,-12,0,0,2,-15,goodbye
15.382772445678713,-11,-7,-13,-37,-20,-23,-11,-3,-15,-33,-7,-5,-5,-17,goodbye
15.382772445678713,3,0,-5,-25,-13,-21,-12,-3,-26,-33,-2,5,0,-9,goodbye
15.397963285446169,18,6,11,-8,-6,-17,-13,0,-27,-26,21,23,12,0,goodbye
15.397963285446169,26,13,13,-7,-12,-20,-20,-2,-21,-26,23,22,10,4,goodbye
15.41356897354126,25,19,14,0,-8,-21,-25,-6,-16,-19,18,25,3,9,goodbye
15.41356897354126,31,26,18,23,9,-13,-15,-2,-9,3,37,34,6,24,goodbye
15.428727865219116,39,31,26,40,22,0,-5,2,-4,23,45,31,15,31,goodbye
15.428727865219116,26,27,28,43,26,11,-8,3,-2,22,29,27,17,22,goodbye
15.44386386871338,14,27,16,49,23,14,-13,-4,-3,9,17,18,7,5,goodbye
15.44386386871338,10,32,10,45,20,9,-14,-10,-10,0,9,4,-5,-4,goodbye
15.459879875183104,-5,14,0,30,17,8,-10,-6,-7,0,-2,-7,-11,-12,goodbye
15.459879875183104,-32,-10,-13,16,8,13,3,1,10,8,-10,-17,-12,-19,goodbye
15.475789546966553,-43,-14,-19,7,2,24,23,11,13,9,-14,-28,-16,-25,goodbye
15.475789546966553,-41,-17,-28,-2,2,27,36,11,6,11,-26,-45,-18,-30,goodbye
15.492035865783691,-40,-33,-28,-22,-5,16,39,7,6,14,-39,-48,-12,-26,goodbye
15.492035865783691,-38,-30,-23,-26,-11,14,40,11,6,7,-44,-44,-14,-19,goodbye
15.50797724723816,-34,-22,-26,-20,-4,19,37,4,0,-8,-48,-52,-31,-23,goodbye
15.50797724723816,-27,-27,-20,-30,-9,4,26,0,1,-14,-47,-45,-32,-17,goodbye
15.523900032043455,-3,-22,-6,-28,-16,-3,17,0,14,2,-26,-14,-9,12,goodbye
15.523900032043455,20,-7,7,-14,-4,0,8,1,26,10,-14,1,3,31,goodbye
15.539430141448976,19,-10,5,-23,-5,-8,-7,0,28,4,-20,0,7,26,goodbye
15.539430141448976,15,-11,0,-34,-23,-23,-28,-8,14,5,0,7,19,22,goodbye
15.55546236038208,29,5,5,-25,-14,-21,-37,-11,-5,0,25,28,24,25,goodbye
15.55546236038208,35,9,4,-12,0,-20,-28,-7,-12,-12,17,31,16,22,goodbye
15.570843935012816,21,1,9,-9,-10,-27,-28,-5,-7,-11,16,32,19,15,goodbye
15.570843935012816,15,11,17,-3,-8,-14,-22,0,0,-3,41,43,28,9,goodbye
15.586498498916626,20,23,13,8,11,0,2,2,0,-3,45,41,23,0,goodbye
15.586498498916626,9,11,10,8,8,-15,0,-2,-14,-12,26,24,4,-6,goodbye
15.60272479057312,-5,5,4,6,-1,-24,-23,-3,-9,-11,24,16,-2,-13,goodbye
15.60272479057312,-7,20,13,19,9,1,-19,1,0,-5,31,20,3,-22,goodbye
15.617884159088137,-4,29,23,41,19,15,-4,4,-12,-4,25,15,2,-23,goodbye
15.617884159088137,-1,25,18,51,14,3,1,0,-21,0,17,2,-4,-7,goodbye
15.633114337921144,0,14,9,41,15,8,9,2,-12,2,6,0,-7,5,goodbye
15.633114337921144,-2,2,-3,19,7,12,8,4,-21,-10,-12,-9,-11,-2,goodbye
15.649162769317629,-8,-2,-5,7,-4,3,-1,-1,-34,-13,-18,-25,-15,-14,goodbye
15.649162769317629,-9,0,2,14,3,15,5,0,-14,8,-13,-29,-12,-6,goodbye
15.665167331695557,-6,-2,-4,15,5,28,16,5,7,22,-19,-26,-11,1,goodbye
15.665167331695557,-8,-13,-13,0,-7,15,5,1,6,20,-24,-18,-13,3,goodbye
15.680136680603027,-6,-17,-15,-9,-3,8,1,-7,2,16,-16,-12,-10,10,goodbye
15.680136680603027,0,-13,-15,-15,0,7,7,-6,8,4,-19,-11,-7,11,goodbye
15.69609546661377,0,-10,-11,-18,-9,1,7,2,15,0,-22,-6,-5,5,goodbye
15.69609546661377,-4,-12,-12,-12,-14,2,10,4,19,7,-14,0,-1,6,goodbye
15.711622714996338,0,-16,-7,-15,-6,2,12,3,22,0,-13,0,5,11,goodbye
15.711622714996338,7,-13,-3,-23,1,-6,8,3,30,-1,-5,0,16,8,goodbye
15.726874589920044,6,-4,-3,-23,0,-16,5,1,32,5,9,8,20,2,goodbye
15.726874589920044,-1,-3,-9,-21,-13,-21,2,2,19,-4,1,7,8,0,goodbye
15.742343187332152,-3,-10,-16,-25,-9,-17,-1,0,11,-18,-2,0,6,-1,goodbye
15.742343187332152,-5,-10,-2,-30,7,-7,-5,-4,10,-14,6,0,12,-9,goodbye
15.75845718383789,-8,-1,5,-18,7,-5,-5,0,0,-4,3,-6,0,-21,goodbye
15.75845718383789,0,12,12,2,2,-6,-3,0,-11,2,4,-6,-11,-20,goodbye
15.773616075515749,10,19,18,3,5,0,0,-3,-17,0,19,13,-4,-2,goodbye
15.773616075515749,6,15,7,0,4,0,0,-1,-18,-1,18,15,3,0,goodbye
15.789721727371216,0,15,2,13,5,-6,-6,-4,-31,-4,1,-1,-3,-9,goodbye
15.789721727371216,1,17,7,27,6,-7,-18,-9,-46,-16,-1,-5,-17,-11,goodbye
15.8058123588562,5,14,8,31,2,2,-16,-3,-37,-21,7,3,-15,-2,goodbye
15.8058123588562,3,13,9,29,4,13,-3,5,-20,-5,11,6,-1,9,goodbye
15.822030782699583,-4,2,-2,21,6,13,-2,2,-14,2,-4,-5,-5,10,goodbye
15.822030782699583,-20,-17,-6,12,-4,10,-6,0,-10,0,-23,-18,-21,-1,goodbye
15.83767318725586,-18,-18,3,16,-11,19,9,8,11,20,-9,-15,-5,2,goodbye
15.83767318725586,2,-3,7,12,0,25,26,7,39,42,13,2,27,18,goodbye
15.853485107421877,9,0,4,-5,5,9,14,5,44,30,12,20,30,19,goodbye
15.853485107421877,2,-6,-3,-7,-13,-6,-2,4,30,13,7,24,18,17,goodbye
15.869059562683104,3,-11,-5,-7,-18,-8,-6,0,21,6,5,12,15,20,goodbye
15.869059562683104,9,-8,-3,-20,-4,-8,0,1,26,3,-3,3,14,10,goodbye
15.884190082550049,20,2,4,-18,-3,-14,0,0,17,0,0,8,9,0,goodbye
15.884190082550049,23,8,8,-11,-8,-17,-10,-3,-10,-16,8,10,0,-1,goodbye
15.899994611740112,4,1,-5,-16,-2,-16,-13,-7,-23,-31,0,-1,-17,-16,goodbye
15.899994611740112,-10,1,-7,-14,4,-15,-8,-11,-14,-26,-8,-6,-33,-35,goodbye
15.915716409683228,-4,11,0,0,8,-10,-5,-5,-12,-21,-7,-4,-28,-29,goodbye
15.915716409683228,-8,6,-4,9,6,7,-2,0,-23,-15,-11,-16,-16,-16,goodbye
15.931798934936523,-21,-8,-6,7,5,27,10,0,-19,0,-19,-24,-8,-9,goodbye
15.931798934936523,-12,-9,-5,7,12,28,32,0,3,14,-17,-17,0,4,goodbye
15.946962594985962,2,-2,-2,3,13,18,35,3,18,15,-12,-3,8,18,goodbye
15.946962594985962,9,-2,0,0,4,8,13,6,19,16,-6,10,21,22,goodbye
15.962500810623167,15,-2,-2,0,0,-4,-3,1,19,18,13,20,30,21,goodbye
15.962500810623167,6,2,-2,-7,0,-16,-15,-5,4,8,34,19,22,8,goodbye
15.977723121643066,-2,5,-4,-13,-3,-21,-24,-5,-18,-6,29,8,4,-8,goodbye
15.977723121643066,0,8,4,-7,-10,-25,-30,-3,-32,-31,9,5,-11,-15,goodbye
15.993417501449583,-1,14,8,0,-10,-26,-30,-3,-36,-45,0,0,-23,-18,goodbye
15.993417501449583,-16,15,0,11,2,-13,-18,-1,-29,-20,-5,-20,-21,-20,goodbye
16.00862765312195,-20,5,12,28,10,4,1,3,-13,11,-8,-24,-10,-8,goodbye
16.00862765312195,-10,-2,11,27,0,15,16,2,7,20,-2,-9,-3,8,goodbye
16.02464509010315,2,-11,-6,4,0,25,26,1,21,23,-5,-4,0,18,goodbye
16.02464509010315,2,-16,-3,-6,10,34,31,9,18,22,-17,-5,2,18,goodbye
16.040374279022217,-8,-12,0,0,-3,28,24,4,13,18,-12,-5,1,11,goodbye
16.04087805747986,-5,-7,-4,-2,-12,11,13,1,17,17,-4,-5,2,9,goodbye
16.055967330932617,11,-10,0,-9,-2,0,7,7,27,11,-7,0,9,11,goodbye
16.055967330932617,11,-11,3,-11,-6,-9,-4,0,23,-1,-3,8,10,6,goodbye
16.07960867881775,7,-2,0,-15,-9,-17,-11,-1,11,-4,4,16,6,1,goodbye
16.07960867881775,15,6,-3,-6,0,-12,-6,3,16,3,9,19,5,-1,goodbye
16.080607652664185,11,0,-5,-4,-4,-12,-10,1,15,-6,13,18,10,-9,goodbye
16.087626695632935,0,-6,-5,-19,-11,-28,-19,-5,-3,-22,15,9,7,-17,goodbye
17.2854642868042,0,11,-2,4,8,-9,-2,-4,-5,-15,3,-4,-17,-15,goodbye
17.2854642868042,-7,3,-10,1,9,-7,-6,1,-18,-21,-4,-8,-21,-18,goodbye
17.300864696502686,0,8,-3,14,6,0,5,7,0,-4,1,-3,-3,-3,goodbye
17.300864696502686,1,15,6,18,10,11,15,3,11,10,5,0,7,2,goodbye
17.316818237304688,-12,11,-3,11,15,21,16,-1,0,5,-7,-9,-5,-11,goodbye
17.316818237304688,-14,0,-7,7,10,14,12,0,-4,0,-21,-18,-10,-15,goodbye
17.332444667816162,0,-10,-1,8,0,3,6,-1,0,9,-17,-13,0,1,goodbye
17.332817554473877,8,-8,0,11,3,11,6,-1,2,18,0,-5,-2,12,goodbye
17.34784173965454,0,-8,1,6,9,18,10,5,4,22,3,-7,-12,5,goodbye
17.36319875717163,-8,-12,0,-1,0,11,13,5,3,20,-9,-9,-5,0,goodbye
17.36319875717163,-9,-14,-7,-3,-8,5,3,-1,-5,6,-18,-8,-6,3,goodbye
17.36319875717163,-12,-11,-11,-3,-8,3,-3,0,-12,-4,-15,-10,-16,1,goodbye
17.379218816757202,-6,-8,0,-6,-9,6,1,2,-2,3,-10,-6,-5,-1,goodbye
17.379218816757202,-2,-9,9,-14,-8,3,2,0,10,8,-8,1,10,2,goodbye
17.39512348175049,-2,-11,-5,-21,-8,-18,-11,-3,13,3,-2,1,12,5,goodbye
17.39512348175049,1,-6,-5,-25,-14,-36,-27,-3,10,-2,12,9,14,1,goodbye
17.409903287887573,8,2,2,-24,-15,-26,-27,-4,2,-17,18,18,15,0,goodbye
17.425775289535522,9,1,-2,-17,-11,-15,-19,-5,-5,-26,3,11,8,0,goodbye
17.425775289535522,9,0,0,-16,-8,-17,-19,0,-13,-21,6,13,6,-3,goodbye
17.4407856464386,7,8,2,-13,-9,-12,-18,0,-17,-25,19,13,0,-9,goodbye
17.4407856464386,1,20,6,12,-3,0,-9,-2,-25,-26,13,2,-14,-9,goodbye
17.45679497718811,0,20,19,38,9,9,1,1,-19,-1,8,0,-8,-2,goodbye
17.45779585838318,-2,7,8,26,12,19,13,3,-6,17,1,-7,0,0,goodbye
17.474157571792603,-9,-3,-2,7,10,27,27,2,0,17,-16,-20,-2,1,goodbye
17.474157571792603,-7,-3,0,12,15,20,31,1,15,21,-17,-12,0,8,goodbye
17.474157571792603,0,-6,1,2,8,2,19,-4,32,23,-1,2,12,13,goodbye
17.488036632537842,6,-6,-3,-13,0,-2,7,2,34,23,8,8,25,15,goodbye
17.504878044128418,14,7,0,-1,6,-3,2,8,23,16,17,15,23,11,goodbye
17.504878044128418,10,16,5,6,8,-13,-7,-3,0,-15,8,16,0,-3,goodbye
17.504878044128418,8,14,0,1,3,-10,-11,-6,-13,-34,0,5,-18,-16,goodbye
17.520436763763428,13,17,5,6,21,8,0,5,-7,-13,19,9,-4,-6,goodbye
17.534529447555542,7,19,9,24,34,23,22,10,0,14,28,13,8,11,goodbye
17.534529447555542,0,15,3,44,24,31,39,5,8,33,8,0,4,19,goodbye
17.550572156906128,12,10,13,41,17,35,39,10,15,28,-7,0,4,22,goodbye
17.550572156906128,11,-5,2,7,0,15,26,13,19,18,-14,0,9,19,goodbye
17.56580686569214,-18,-40,-25,-29,-35,-19,0,-4,14,14,-28,-23,-2,0,goodbye
17.56580686569214,-38,-62,-31,-56,-51,-38,-34,-20,-10,-13,-42,-39,-22,-25,goodbye
17.58190655708313,-30,-39,-25,-56,-36,-34,-55,-16,-35,-47,-34,-34,-27,-38,goodbye
17.58190655708313,-14,0,-10,-28,-19,-23,-43,-6,-32,-32,-4,-14,-13,-27,goodbye
17.597436666488647,4,12,2,0,-8,-19,-23,-3,-12,0,15,10,5,-5,goodbye
17.597436666488647,17,1,3,-7,-4,-18,-28,-7,-5,-5,15,26,11,0,goodbye
17.612643480300903,5,-1,3,-26,-5,-12,-37,-4,-9,-20,11,23,8,-3,goodbye
17.612643480300903,0,9,5,-3,-4,0,-19,2,-5,-14,10,9,1,-4,goodbye
17.628599166870117,3,18,8,18,-4,4,-1,1,-3,-13,5,0,-15,-5,goodbye
17.628599166870117,-14,5,-1,0,-5,0,0,0,-7,-20,-1,-9,-27,-14,goodbye
17.643741369247437,-28,-4,-6,0,3,4,3,1,-5,-8,-9,-14,-19,-17,goodbye
17.643741369247437,-12,6,6,34,19,18,14,3,-4,7,-15,-7,-13,-3,goodbye
17.659836053848267,-3,10,5,35,16,22,23,2,-11,11,-11,-7,-12,5,goodbye
17.659836053848267,-8,-4,0,13,9,23,30,0,-9,11,0,-9,-1,10,goodbye
17.675515174865723,-2,-7,3,20,13,28,39,4,7,15,-3,-7,5,13,goodbye
17.675515174865723,0,-8,-4,11,10,17,32,4,13,15,-19,-15,-1,2,goodbye
17.690592050552368,2,-10,-6,-15,0,1,15,2,9,15,-10,-9,1,1,goodbye
17.690592050552368,23,5,7,1,2,3,19,2,29,28,16,12,28,25,goodbye
17.706690549850464,29,13,15,17,9,0,21,3,42,35,13,20,39,31,goodbye
17.706690549850464,11,-6,-1,-13,-2,-19,0,5,19,20,-1,7,20,15,goodbye
17.7226665019989,18,-1,-2,-27,-8,-20,-4,5,20,10,18,15,23,20,goodbye
17.723026752471924,39,26,23,-5,12,4,9,6,45,16,51,45,53,36,goodbye
17.737712383270264,26,18,18,-1,15,9,-3,1,20,5,41,39,40,18,goodbye
17.737712383270264,-2,-5,-6,-16,-3,-19,-35,-11,-37,-36,0,4,-9,-20,goodbye
17.752982139587402,0,5,-5,-14,-8,-34,-46,-12,-49,-51,-7,1,-22,-29,goodbye
17.752982139587402,9,19,3,-6,-2,-22,-42,-4,-27,-27,12,16,-10,-13,goodbye
17.768494844436646,-5,6,0,-8,-3,-17,-34,-5,-30,-22,6,5,-19,-15,goodbye
17.768494844436646,-21,0,-9,2,-4,-8,-16,-8,-38,-28,-18,-15,-28,-32,goodbye
17.78461003303528,-18,2,-3,22,0,13,1,-5,-22,-16,-14,-21,-24,-28,goodbye
17.78461003303528,-14,-1,2,23,0,21,9,7,0,-3,-2,-25,-22,-7,goodbye
17.800644397735596,-20,-15,-11,11,-8,14,14,9,8,5,-14,-33,-17,-3,goodbye
17.800644397735596,-18,-12,-9,12,-4,22,27,2,10,17,-14,-22,-7,-2,goodbye
17.81585192680359,-6,0,2,24,13,34,37,-2,15,27,-3,-6,-1,14,goodbye
17.81585192680359,-9,-10,-4,9,7,14,19,-5,10,25,-17,-15,-6,15,goodbye
17.83188509941101,-20,-29,-15,-20,-16,-11,-4,-1,7,14,-28,-20,-6,1,goodbye
17.83188509941101,-16,-20,-13,-17,-14,-4,2,1,26,17,-10,-1,6,4,goodbye
17.846734046936035,-7,-11,-5,-10,-2,4,13,7,35,19,-13,3,9,9,goodbye
17.846734046936035,-4,-23,-12,-24,-11,-12,8,8,15,5,-25,-4,0,0,goodbye
17.862614631652832,0,-16,-9,-27,-17,-18,4,0,1,-5,-2,2,4,-4,goodbye
17.862614631652832,8,5,5,-15,-4,-1,4,-2,2,-5,16,21,10,3,goodbye
17.877934455871582,17,11,7,-7,0,-5,-3,0,-3,-11,12,18,4,0,goodbye
17.877934455871582,13,8,8,-7,-5,-20,-23,-6,-22,-26,10,6,3,-12,goodbye
17.894333124160767,11,15,8,-2,-9,-17,-37,-6,-23,-23,15,8,5,-8,goodbye
17.894333124160767,22,20,8,2,-1,-12,-32,1,-7,-4,23,20,7,1,goodbye
17.909476280212402,24,17,18,4,6,-9,-23,7,-5,-4,24,17,11,-3,goodbye
17.909476280212402,14,17,16,16,13,3,-13,1,-12,-18,13,0,2,-8,goodbye
17.9246084690094,9,23,16,30,22,12,-2,-3,-16,-8,9,0,-5,2,goodbye
17.9246084690094,3,21,11,30,23,7,2,-2,-20,6,12,0,0,3,goodbye
17.940180778503418,-7,8,0,23,18,8,11,-6,-20,1,4,-4,1,-3,goodbye
17.940180778503418,-7,8,2,22,24,23,26,-2,-12,0,-1,-3,0,4,goodbye
17.955522060394287,-1,9,3,20,17,28,25,1,-2,12,0,-3,1,11,goodbye
17.955522060394287,-5,-4,-4,10,0,14,6,0,0,14,-6,-5,1,8,goodbye
17.970704078674316,-8,-11,-8,4,0,6,4,3,3,12,-15,0,2,15,goodbye
17.970704078674316,-2,-6,-2,5,9,14,22,9,23,25,-7,4,9,23,goodbye
17.986735820770264,-5,-16,-3,-8,-4,10,26,11,43,30,-10,-3,6,17,goodbye
18.002803087234497,-22,-34,-27,-37,-21,-6,15,3,41,6,-38,-25,-16,-1,goodbye
18.002803087234497,-24,-36,-33,-46,-23,-6,5,-5,28,-16,-39,-28,-23,-19,goodbye
18.002803087234497,-3,-23,-16,-35,-17,-5,2,-1,23,-7,-4,-8,-1,-14,goodbye
18.01845359802246,6,-9,-3,-26,-15,-21,-8,0,8,0,9,0,5,-8,goodbye
18.033497095108032,7,1,7,-19,-16,-29,-31,-8,-18,-23,2,8,-4,-10,goodbye
18.033497095108032,21,11,6,-5,-13,-21,-32,-5,-16,-29,12,23,-1,-3,goodbye
18.034499645233154,22,13,3,1,-5,-18,-11,3,1,0,25,25,0,2,goodbye
18.04866075515747,2,12,10,0,-2,-18,-2,2,3,10,27,12,-5,-1,goodbye
18.064444541931152,-4,12,6,5,-3,-10,-5,-4,-4,-4,17,1,-3,-7,goodbye
18.064444541931152,-9,9,1,9,2,-3,-4,-3,-16,-10,-1,-3,-8,-7,goodbye
18.08949565887451,-21,0,-1,7,6,3,3,1,-22,-2,-10,-12,-15,-10,goodbye
18.09049701690674,-13,0,3,19,9,20,10,-3,-16,5,1,-11,-1,-9,goodbye
18.09049701690674,4,7,17,37,15,34,11,-2,-13,11,5,-1,6,3,goodbye
18.09049701690674,-1,-6,10,24,4,25,8,0,-14,10,-12,-7,-8,8,goodbye
18.09551858901977,-12,-25,-5,-7,-5,7,3,-1,-6,9,-24,-13,-5,2,goodbye
18.112679719924927,9,-10,-3,-4,6,0,-2,0,14,20,-5,6,27,12,goodbye
18.112679719924927,34,12,10,7,10,-7,-15,3,27,17,25,31,44,27,goodbye
18.12690281867981,29,14,8,-3,-2,-15,-17,3,14,-2,35,36,30,19,goodbye
18.12690281867981,14,17,0,-4,0,-9,-9,0,-8,-15,23,20,14,1,goodbye
18.14344382286072,0,25,2,12,15,0,-17,0,-21,-26,4,0,0,-6,goodbye
18.14344382286072,-9,20,-6,17,14,9,-17,4,-14,-22,-5,-10,-12,-10,goodbye
18.157567262649536,-10,8,-8,16,16,22,18,6,3,5,-7,-14,-12,-7,sil
18.157567262649536,-8,-5,3,11,16,20,41,2,10,13,-19,-19,-5,0,sil
18.17297744750977,-7,-19,-8,-7,-9,0,25,-1,4,2,-36,-25,-5,-3,sil
18.18845057487488,-9,-23,-20,-34,-22,-10,7,-4,4,0,-33,-20,-5,-9,sil
18.18845057487488,-9,-21,-16,-41,-10,-10,0,-2,13,-3,-13,-14,-1,-5,sil
18.20361828804016,-1,-15,-14,-28,-12,-20,-16,-2,9,-20,-3,-8,-5,-8,sil
18.20361828804016,0,-5,-5,-23,-22,-27,-31,-1,-12,-27,-3,-1,-14,-19,sil
18.219075679779053,-2,5,-1,-21,-15,-16,-23,0,-23,-21,1,0,-21,-17,sil
18.219075679779053,0,10,0,-5,0,-4,-4,-1,-23,-19,12,2,-21,-1,sil
18.23454427719116,2,11,7,17,15,5,15,0,-21,-5,14,5,-14,6,sil
18.23454427719116,-6,9,12,29,17,22,27,0,-11,21,6,-1,-5,3,sil
18.249716758728027,-8,0,6,24,7,31,23,6,3,30,0,-8,-4,3,sil
18.249716758728027,-6,-12,-3,18,7,29,20,5,20,27,-5,-11,0,8,sil
18.265847206115723,-9,-7,3,12,9,25,22,1,41,38,-5,-3,13,14,sil
18.265847206115723,-1,-1,8,4,1,11,17,4,53,42,0,8,16,19,sil
18.28194236755371,3,-13,4,-5,-6,-3,3,0,39,23,2,9,7,16,sil
18.28194236755371,-2,-18,5,-16,-10,-11,-6,-2,15,1,-1,11,6,5,sil
18.29704189300537,6,-2,3,-8,-10,-21,-9,1,7,-3,6,19,21,3,sil
18.29704189300537,24,7,11,6,-6,-26,-13,-1,3,-1,20,26,27,11,sil
18.31288146972656,19,1,13,4,-7,-19,-24,-11,-12,-2,21,23,13,3,sil
18.31288146972656,8,0,1,-4,-11,-22,-28,-9,-27,-18,13,13,0,-13,sil
18.32788181304932,9,8,0,-6,-9,-30,-24,0,-29,-38,8,12,-1,-12,sil
18.32788181304932,9,9,-1,-5,-8,-15,-20,0,-22,-36,11,16,0,-2,sil
18.343018293380737,6,9,1,3,-6,0,-14,-1,-23,-24,19,18,1,-1,sil
18.343018293380737,16,23,16,26,6,0,-8,1,-27,-19,21,16,6,0,sil
18.35876965522766,21,28,11,34,18,6,-4,4,-17,-11,16,12,9,3,sil
18.35876965522766,8,22,1,21,21,19,-1,3,-7,-2,7,8,6,2,sil
18.3747718334198,0,19,0,17,11,13,4,0,-10,0,0,-2,-2,-2,sil
18.3747718334198,-4,12,2,17,6,0,5,-5,-12,0,-5,-17,-12,-8,sil
18.3902804851532,-15,-2,-8,0,11,6,6,0,-1,0,-20,-26,-14,-11,sil
18.3902804851532,-24,-13,-24,-21,7,22,18,1,10,11,-33,-35,-11,-14,sil
18.406046628952023,-19,-14,-16,-21,2,25,27,2,16,21,-30,-33,-6,-3,sil
18.406046628952023,-12,-16,-13,-11,7,17,24,6,21,20,-28,-28,-7,10,sil
18.421630859375,-20,-31,-27,-30,4,8,18,0,17,12,-44,-41,-21,0,sil
18.421630859375,-40,-43,-34,-54,-5,8,19,0,7,4,-58,-56,-37,-23,sil
18.43690776824951,-45,-34,-31,-42,-9,9,18,5,11,10,-47,-58,-30,-16,sil
18.43690776824951,-23,-18,-16,-22,-4,2,12,-1,23,24,-24,-39,-9,0,sil
18.45299983024597,0,-10,-3,-16,-3,-6,0,-6,17,19,-12,-12,0,0,sil
18.45299983024597,-3,-11,-2,-16,-17,-15,-25,-2,1,-6,-6,1,-4,-2,sil
18.46849822998047,-1,-5,2,-16,-21,-17,-30,0,0,-12,13,17,4,10,sil
18.46849822998047,24,10,19,3,-4,-11,-6,1,12,4,37,40,27,16,sil
18.48440384864807,31,17,33,22,-2,-12,-1,-1,8,-1,46,47,30,6,sil
18.48440384864807,20,14,28,16,-11,-19,-19,-7,-8,-18,53,45,22,5,sil
18.4998471736908,28,28,25,21,0,-15,-23,-1,-18,-13,58,56,31,16,sil
18.4998471736908,38,38,32,35,13,-12,-12,7,-17,-6,51,53,31,12,sil
18.515872478485107,27,30,25,39,7,-7,1,1,-14,-7,43,31,8,2,sil
18.515872478485107,14,22,19,40,1,3,8,-4,-22,-10,27,23,-3,0,sil
18.531930208206177,6,15,13,42,6,9,1,0,-26,-11,8,21,-3,0,sil
18.531930208206177,9,10,10,46,12,12,2,1,-5,0,8,16,-4,1,sil
18.54741692543029,10,6,9,41,15,17,12,3,8,8,0,13,-5,8,sil
18.54741692543029,-8,-8,-10,15,8,15,9,2,0,0,-28,-7,-11,0,sil
18.562780618667603,-23,-17,-16,-2,2,13,14,0,0,6,-33,-26,-8,-4,sil
18.562780618667603,-5,-8,-3,-1,3,16,27,4,15,24,-16,-14,7,15,sil
18.578155279159542,9,-12,-10,-21,-4,1,6,0,24,19,-17,-6,9,21,sil
18.578155279159542,-4,-28,-27,-57,-22,-19,-23,-7,17,-1,-32,-24,-2,0,sil
18.59404873847961,-20,-27,-32,-62,-23,-26,-18,-7,8,-13,-33,-35,-2,-20,sil
18.59404873847961,-17,-9,-16,-45,-7,-18,-8,-1,-7,-20,-16,-15,-5,-27,sil
18.60972237586975,-10,3,-3,-28,0,0,-13,2,-18,-26,-3,-3,-20,-28,sil
18.60972237586975,-9,0,-7,-5,3,17,-5,0,-6,-13,-4,-19,-23,-21,sil
18.62494373321533,-12,-1,-5,5,10,20,14,-3,2,4,-12,-27,-14,-5,sil
18.62494373321533,-12,-2,-4,0,2,8,23,3,3,8,-17,-27,-9,4,sil
18.64060425758361,-7,-13,-5,-9,-11,-4,11,5,10,12,-13,-22,0,7,sil
18.64060425758361,4,-14,-3,-11,-4,-6,-4,0,15,30,4,-5,17,15,sil
18.65654444694519,6,-2,-5,-14,4,-4,-7,-2,14,28,18,7,24,16,sil
18.65654444694519,-7,-2,-7,-27,-2,-16,-10,5,11,-4,16,6,16,0,sil
18.67285656929016,-7,-1,-3,-22,-8,-28,-25,5,0,-29,11,9,-1,-17,sil
18.67285656929016,4,17,10,0,-1,-23,-32,-8,-26,-31,16,18,-13,-18,sil
18.688896656036377,2,28,14,15,7,-7,-21,-11,-38,-26,16,15,-12,-12,sil
18.688896656036377,0,25,5,33,11,11,0,-5,-29,-13,5,2,-6,-6,sil
18.704806566238403,14,27,21,50,18,22,14,1,-22,2,4,8,0,5,sil
18.704806566238403,18,26,31,54,16,16,17,3,-10,18,14,15,6,13,sil
18.720421314239506,2,7,5,36,0,9,6,1,2,17,7,0,0,10,sil
18.720421314239506,-2,-14,-13,13,-1,14,7,0,4,6,-8,-11,-11,7,sil
18.735451221466064,3,-15,-6,8,2,16,19,0,5,15,-6,-4,-1,9,sil
18.735451221466064,0,-8,7,8,-3,18,15,1,3,21,-2,1,3,9,sil
18.752058744430546,-6,-14,0,1,-2,24,18,9,7,11,-10,-6,-5,8,sil
18.752058744430546,-1,-18,-6,-7,1,16,31,7,24,13,-14,-10,-1,8,sil
18.767613410949707,4,-10,2,-15,-4,-3,14,3,32,14,-8,5,13,2,sil
18.767613410949707,7,-3,3,-13,-11,-14,-5,2,27,6,0,20,13,-1,sil
18.78283858299256,7,0,2,-10,-1,-7,0,0,23,7,8,26,11,5,sil
18.78283858299256,3,1,0,-12,2,-3,5,-1,16,0,4,25,16,14,sil
18.797894716262817,1,0,-4,-13,-2,-11,-5,-2,2,-18,0,11,15,8,sil
18.797894716262817,5,-1,0,-8,-2,-13,-16,0,-4,-16,8,0,10,0,sil
18.81345582008361,7,-4,-2,-7,0,-3,-6,-1,-2,-4,8,0,5,-5,sil
18.81345582008361,-7,-8,-7,-15,-3,-9,-2,-4,-8,-18,-8,-8,-7,-15,sil
18.82861423492432,-16,-3,-5,-11,-6,-19,-19,-5,-16,-25,-9,-13,-15,-15,sil
18.82861423492432,-2,10,2,0,-4,-12,-24,-2,-11,-8,9,-5,-7,-7,sil
18.84392881393433,4,12,9,-1,-4,-10,-15,0,-8,-5,11,-2,-6,-7,sil
18.860860586166385,0,4,2,-10,-7,-18,-17,-1,-15,-14,-1,-9,-14,-12,sil
18.860860586166385,-2,0,-7,-11,-8,-10,-21,-4,-22,-19,-9,-9,-12,-13,sil
18.860860586166385,-5,-4,-14,-8,-6,3,-7,-3,-21,-13,-8,-9,-4,-14,sil
18.87600159645081,-8,0,-12,0,0,4,6,-4,-10,-1,0,-10,-1,-7,sil
18.876999139785767,-6,5,-1,4,3,0,4,1,-3,1,-3,-9,-8,1,sil
18.89066433906555,-10,0,-10,-4,0,-1,-3,5,-8,3,-10,-14,-12,-4,sil
18.90574860572815,-15,-5,-10,-4,2,0,-8,-3,-7,7,-3,-7,-5,-8,sil
18.90574860572815,-5,1,7,13,14,11,-1,-1,5,3,1,6,1,7,sil
18.921927213668823,10,10,11,24,12,19,12,7,14,4,-2,8,5,17,sil
18.921927213668823,18,15,13,18,10,19,23,6,16,19,7,11,16,21,sil
18.937780380249023,16,14,13,19,12,18,31,5,26,34,25,19,27,26,sil
18.937780380249023,14,5,12,24,6,11,25,4,22,27,19,16,18,18,sil
18.953478813171387,14,0,11,12,1,0,7,2,0,13,4,8,2,8,sil
18.953478813171387,10,3,5,1,7,4,8,-3,-7,19,5,3,0,6,sil
18.968624353408813,0,2,-1,7,11,16,11,-3,0,12,3,-1,0,-1,sil
18.968624353408813,-10,-4,-11,13,0,2,-6,-1,-3,-14,-7,-13,-7,-13,sil
18.9838342666626,-20,-16,-13,-5,-14,-13,-22,-4,-16,-21,-12,-16,-10,-17,sil
18.9838342666626,-19,-20,-6,-23,-15,-6,-14,-3,-17,-9,-17,-14,-15,-19,sil
18.99942302703857,-8,-13,-8,-7,-7,0,0,-2,0,-7,-19,-15,-17,-16,sil
18.99942302703857,-5,-3,-3,-2,-9,-4,0,-2,15,-10,-6,-2,-10,0,sil
19.01488709449768,-6,-2,-2,-19,-11,-7,-4,1,10,-8,0,3,-6,4,sil
19.01488709449768,-2,-7,-3,-18,-1,-1,-4,4,2,0,-6,-2,-2,1,sil
19.030967235565186,0,-3,3,-4,6,4,9,6,14,10,1,5,13,10,sil
19.030967235565186,9,6,5,-1,3,2,14,4,23,3,17,20,24,13,sil
19.04690909385681,10,8,3,-7,-1,-7,-1,1,4,-10,11,17,12,2,sil
19.04690909385681,5,3,3,-3,-2,-9,-7,-3,-10,-7,-4,5,0,2,sil
19.06194496154785,4,3,7,4,1,-4,0,-4,-2,-2,-10,0,1,8,sil
19.06194496154785,4,2,6,0,1,-3,1,2,0,-4,-5,0,6,1,sil
19.07786250114441,5,0,-2,-7,-5,-4,1,2,-2,0,1,1,3,0,sil
19.07786250114441,8,-2,0,-4,-4,-3,1,-4,-6,-3,0,4,-1,3,sil
19.0928328037262,5,-2,-3,2,2,-2,0,-1,-6,-12,-3,5,0,-7,sil
19.0928328037262,-3,-2,-17,-3,0,-4,-5,0,-6,-7,-1,-1,-3,-18,sil
19.10861253738404,-5,-2,-9,-11,0,0,-17,-4,-6,-2,3,-2,-9,-11,sil
19.10861253738404,0,0,3,0,4,4,-20,-2,-5,0,11,4,0,-6,sil
19.123740673065186,0,4,9,9,1,-4,-14,3,-9,-1,11,0,4,-11,sil
19.123740673065186,-5,7,0,11,-3,-11,-8,0,-16,-4,4,-14,-6,-9,sil
19.13951349258423,-7,6,-1,10,0,0,0,-3,-12,2,7,-13,-8,-5,sil
19.13951349258423,-6,5,7,7,6,8,4,1,-4,7,7,-8,-3,-3,sil
19.1546323299408,-4,4,2,16,5,4,7,0,-9,-1,-5,-17,-10,-1,sil
19.1546323299408,-6,8,1,28,4,12,7,-3,-13,1,-6,-10,-11,3,sil
19.170726537704468,-5,7,7,22,5,24,13,0,0,26,2,0,-2,14,sil
19.170726537704468,-2,-8,1,3,6,22,24,0,19,32,-11,-18,-1,22,sil
19.186593055725098,0,-15,0,-4,3,8,24,0,33,25,-25,-14,3,23,sil
19.186593055725098,6,-5,0,-10,-5,-5,6,7,36,19,-4,19,19,26,sil
19.20162868499756,10,-5,-6,-30,-11,-19,-8,7,20,-2,5,25,23,16,sil
19.20162868499756,7,-5,-4,-37,-10,-18,-6,5,6,-19,-1,6,9,-3,sil
19.217511653900143,11,5,2,-15,-8,-5,0,0,13,-12,7,14,2,-9,sil
19.217511653900143,7,3,2,-6,-9,-8,-13,-10,7,-19,13,24,4,-5,sil
19.232763528823853,-6,-7,-10,-14,-14,-20,-26,-6,-11,-21,-2,4,0,-13,sil
19.232763528823853,-3,0,-4,-3,-6,-5,-13,1,-14,0,-1,0,-3,-14,sil
19.248777866363525,10,9,11,13,5,13,2,6,0,5,22,22,8,0,sil
19.248777866363525,6,8,3,9,5,4,2,1,4,-4,20,16,6,0,sil
19.26490306854248,0,8,-2,4,11,-2,3,-1,-6,-6,-2,-8,-13,-8,sil
19.26490306854248,6,6,4,19,20,8,15,0,-4,3,0,-9,-6,-5,sil
19.28043484687805,5,-1,4,21,11,10,14,1,2,11,17,4,8,-2,sil
19.28043484687805,-10,0,-5,5,2,0,-3,-1,-17,-3,0,0,-7,-7,sil
19.29572916030884,-12,1,-9,4,6,-1,-14,-11,-40,-25,-20,-18,-21,-11,sil
19.29572916030884,0,0,5,11,4,6,-8,-3,-27,-20,-13,-17,-12,0,sil
19.31175756454468,0,0,3,7,-3,8,4,9,-3,0,-8,-14,-8,4,sil
19.31175756454468,-14,-4,-11,0,-3,4,2,2,-5,0,-22,-25,-16,-6,sil
19.32757019996643,-21,-14,-10,-8,0,3,-7,-7,-20,-12,-28,-24,-21,-11,sil
19.32757019996643,-13,-14,-5,-5,-1,3,0,-6,-16,-4,-15,-14,-11,0,sil
19.343106985092163,-6,0,2,3,3,6,12,-2,0,8,-5,-5,0,6,sil
19.343106985092163,-4,0,4,-2,1,11,11,0,9,14,-6,-3,4,4,sil
19.35875654220581,-1,-9,0,-15,-13,5,6,2,9,16,-5,-2,9,6,goodbye
19.35875654220581,8,-8,4,-7,-12,-5,12,10,20,22,8,13,24,15,goodbye
19.373894453048703,13,-1,7,1,-1,-8,17,12,44,37,24,27,31,27,goodbye
19.373894453048703,9,-3,7,-12,-5,-10,6,5,49,40,19,14,27,27,goodbye
19.38940620422364,8,-3,0,-24,-11,-15,-4,4,40,15,7,1,22,14,goodbye
19.38940620422364,7,-1,-4,-16,-7,-17,-11,-3,31,-9,4,9,10,0,goodbye
19.404608964920044,2,0,0,-6,-5,-11,-14,-7,19,-14,3,16,0,-5,goodbye
19.404608964920044,11,7,-4,-5,-4,-5,-10,-1,6,-10,6,9,0,-9,goodbye
19.419762134552,10,8,-3,-12,-3,-15,-12,0,-19,-22,9,3,-10,-17,goodbye
19.419762134552,-5,1,-3,-9,1,-18,-17,-6,-38,-34,0,0,-24,-25,goodbye
19.43492865562439,-6,13,-2,10,12,0,-14,-5,-23,-23,-5,2,-13,-21,goodbye
19.452895879745483,12,30,15,26,3,10,-7,1,-7,-4,14,11,1,-3,goodbye
19.452895879745483,22,24,15,25,0,2,0,1,-15,-1,32,12,3,7,goodbye
19.452895879745483,9,14,5,15,23,5,6,1,-24,-14,21,8,2,6,goodbye
19.46615028381348,-8,8,0,13,29,12,5,3,-22,-14,-5,-1,-4,-2,goodbye
19.48246169090271,-12,0,-5,18,3,8,1,0,-10,2,-22,-19,-16,-10,goodbye
19.48246169090271,-12,-6,-5,10,0,3,6,-1,-7,8,-12,-16,-6,-4,goodbye
19.497533559799194,-9,-1,-3,5,9,9,11,0,-14,8,1,-1,5,5,goodbye
19.497533559799194,1,2,3,17,9,18,5,0,-7,19,5,2,2,12,goodbye
19.51282501220703,12,5,12,27,8,22,9,1,12,26,6,7,11,21,goodbye
19.513186931610107,7,1,9,19,10,20,19,1,13,16,1,7,21,19,goodbye
19.528772354125977,-2,-10,1,0,4,13,9,-2,0,4,-7,-4,2,5,goodbye
19.528772354125977,-8,-19,-3,-11,-8,3,-1,-1,1,2,-10,-14,-11,2,goodbye
19.528772354125977,-16,-27,-13,-26,-20,-7,-5,-2,1,-3,-20,-17,-11,0,goodbye
19.546433210372925,-32,-39,-31,-47,-29,-20,-15,-6,-13,-11,-37,-33,-23,-24,goodbye
19.546433210372925,-38,-35,-35,-48,-33,-21,-18,-5,-18,-12,-40,-42,-35,-34,goodbye
19.56150269508361,-24,-18,-15,-32,-22,-11,-11,1,-6,-17,-35,-18,-26,-21,goodbye
19.56150269508361,-17,-20,-16,-32,-17,-13,-13,-1,1,-18,-28,-10,-17,-15,goodbye
19.57605481147766,-19,-28,-23,-39,-30,-28,-22,-2,0,-16,-16,-19,-12,-17,goodbye
19.591673851013184,7,1,1,-7,-15,-16,-2,11,14,-3,8,9,10,4,goodbye
19.591673851013184,52,45,33,33,25,15,38,16,55,32,50,52,45,35,goodbye
19.60719013214112,56,45,39,30,34,16,34,5,56,40,58,48,46,34,goodbye
19.60719013214112,34,25,16,18,16,-1,4,-1,11,3,29,20,20,11,goodbye
19.622705698013306,24,28,13,23,14,2,12,0,-7,-9,28,16,12,4,goodbye
19.622705698013306,17,27,25,10,17,11,21,3,0,2,36,19,15,8,goodbye
19.638770818710327,2,12,10,2,10,-4,-7,-1,-4,-4,3,5,1,-2,goodbye
19.638770818710327,-5,8,2,14,9,-13,-23,-7,-9,-12,-14,0,-6,-11,goodbye
19.654492378234863,-2,8,8,20,13,0,-6,0,-3,-2,7,7,0,1,goodbye
19.654492378234863,4,3,7,16,9,6,0,1,-8,-8,14,14,2,12,goodbye
19.67002487182617,3,3,1,14,0,1,-11,-4,-12,-11,0,5,0,2,goodbye
19.67002487182617,-11,0,-7,8,-7,3,-11,-4,-6,9,-2,-14,-2,-7,goodbye
19.685922861099243,-22,-11,-8,0,-3,8,-1,0,-6,19,-2,-16,-8,-4,goodbye
19.685922861099243,-17,-15,-7,4,1,9,5,0,-3,6,-19,-13,-15,0,goodbye
19.70193600654602,-14,-17,-9,6,-1,17,9,0,2,3,-33,-27,-12,-3,goodbye
19.70193600654602,-23,-25,-10,-3,-6,18,15,3,3,16,-29,-32,-8,-4,goodbye
19.7178258895874,-19,-31,-16,-14,-9,0,14,2,8,22,-20,-18,-5,3,goodbye
19.7178258895874,-5,-35,-19,-31,-17,-15,-1,-3,2,3,-18,-6,0,8,goodbye
19.73271346092224,-4,-26,-16,-42,-24,-16,-14,-2,-11,-14,-16,-2,0,0,goodbye
19.73271346092224,0,-4,-5,-28,-20,-19,-11,0,-6,-16,-11,0,-7,-8,goodbye
19.748019218444824,9,4,0,-23,-7,-18,-13,-1,-3,-21,0,3,-9,-12,goodbye
19.748019218444824,16,5,-5,-26,0,-8,-18,-4,-8,-27,18,12,3,-15,goodbye
19.76412606239319,23,26,8,-2,12,-5,-15,-3,-6,-20,31,28,14,-7,goodbye
19.76412606239319,23,38,19,25,19,-8,-16,0,-13,-15,25,27,6,2,goodbye
19.779724836349487,4,23,2,22,11,0,-21,-3,-26,-9,12,5,-3,-3,goodbye
19.779724836349487,-1,16,4,16,10,14,-6,-4,-22,0,9,0,-2,-5,goodbye
19.794819355010983,4,17,10,29,14,22,21,3,-6,10,9,6,0,2,goodbye
19.794819355010983,-1,7,2,28,7,19,27,8,6,9,7,3,1,6,goodbye
19.810937643051147,-9,0,-3,8,0,11,17,8,12,6,4,-5,5,7,goodbye
19.810937643051147,-7,0,-3,0,-3,0,16,2,8,4,-5,-11,0,0,goodbye
19.826812982559204,-6,0,0,0,-7,-1,18,2,13,3,-10,-4,-2,-6,goodbye
19.826812982559204,-2,-1,2,-1,-6,4,17,6,35,11,4,1,5,3,goodbye
19.84178328514099,0,-2,9,1,3,4,13,1,28,18,4,-2,0,9,goodbye
19.84178328514099,-3,-5,13,6,9,1,6,-1,0,13,-16,-15,-17,-1,goodbye
19.85743737220764,-1,-11,0,1,-2,2,-1,0,0,13,-11,-13,-8,1,goodbye
19.85743737220764,0,-14,-5,-7,-15,0,-10,2,12,16,7,1,17,15,goodbye
19.87257719039917,1,-8,0,-2,-6,-5,-6,-1,2,6,3,4,16,12,goodbye
19.87257719039917,5,-4,3,0,3,-8,-7,-13,-15,-5,-10,-5,0,6,goodbye
19.88868188858032,3,-5,-3,-5,0,-4,-14,-11,-20,-7,-14,-9,-2,2,goodbye
19.88868188858032,-3,-8,-10,-13,-1,-1,-13,-2,-4,-2,-15,-9,-2,-5,goodbye
19.904797077178955,-6,-14,0,-15,0,-5,-7,1,16,-3,-14,-1,-6,-3,goodbye
19.904797077178955,1,-12,4,-11,0,-4,5,7,27,0,-4,13,-1,9,goodbye
19.920889377594,4,-2,-3,-13,-5,0,11,8,22,2,2,18,5,4,goodbye
19.920889377594,0,-1,-7,-14,-9,-10,-1,2,0,-8,1,7,2,-8,goodbye
19.936768293380737,0,0,-8,0,-3,-19,-6,0,-15,-17,3,0,-4,-13,goodbye
19.936768293380737,-3,8,-8,3,1,-7,-1,0,-19,-15,4,2,-8,-13,goodbye
19.951951265335083,-11,11,-8,-4,-3,4,-7,-4,-17,-11,2,0,-7,-10,goodbye
19.951951265335083,-2,3,3,1,0,5,-10,-10,-16,-9,9,-3,-2,-6,goodbye
19.967055082321167,9,0,12,13,8,3,-4,0,-12,-3,16,6,5,-3,goodbye
19.967055082321167,4,9,-1,13,1,2,1,10,-3,0,9,5,6,0,goodbye
19.982807636260983,-5,9,1,8,3,3,1,4,-1,0,6,0,1,6,goodbye
19.982807636260983,0,1,9,6,9,12,1,-3,4,10,11,7,9,8,goodbye
19.99846720695496,13,11,4,10,7,18,6,-5,15,24,13,11,21,5,goodbye
19.99846720695496,17,23,4,10,10,8,7,2,7,7,8,4,11,4,goodbye
20.01389145851136,6,8,0,2,5,-6,-1,5,-10,-10,0,-3,-4,1,goodbye
20.01389145851136,-8,-5,-7,-5,-3,-6,-4,0,-11,-6,-11,-9,-9,-4,goodbye
20.029456853866577,-10,0,-5,-7,-3,0,8,-5,-4,-8,-18,-14,-7,-5,goodbye
20.029456853866577,-4,0,-4,-7,-4,-4,10,-3,-3,-10,-22,-11,-9,-6,goodbye
20.04461574554444,-4,-4,0,-9,-2,-3,5,5,10,8,-9,-3,-7,-5,goodbye
20.04461574554444,-2,0,0,-3,3,6,9,6,27,25,10,1,2,3,goodbye
20.06065917015076,-1,-5,1,0,-1,0,-2,-2,7,9,4,2,2,3,goodbye
20.06065917015076,-6,-13,0,-2,-7,-12,-26,-5,-19,-13,-17,-3,-14,-12,goodbye
20.076478958129883,-1,0,2,2,2,-7,-13,-2,-13,-11,-11,-9,-16,-9,goodbye
20.076478958129883,9,9,11,12,4,0,9,0,-1,2,3,0,0,12,goodbye
20.09150242805481,8,1,7,8,-9,-1,-1,0,0,5,2,1,5,12,goodbye
20.09150242805481,3,0,2,7,-6,5,-13,1,-1,0,5,3,-3,1,goodbye
20.10753297805786,10,6,6,17,6,14,0,2,0,0,11,9,-3,7,goodbye
20.10753297805786,8,0,3,18,2,1,2,0,0,0,2,4,3,10,goodbye
20.12363076210022,-5,-10,1,1,-2,-2,0,-3,-4,0,0,2,5,5,goodbye
20.12363076210022,-7,-15,0,-7,-2,13,15,1,0,8,8,5,3,11,goodbye
20.138994693756104,-2,-11,-1,2,-2,10,19,0,4,11,0,0,1,10,goodbye
20.138994693756104,-1,-7,-4,4,2,0,3,0,8,7,-9,-8,0,0,goodbye
20.154130935668945,5,-13,-6,-17,11,9,14,5,33,18,1,0,11,4,goodbye
20.154130935668945,2,-14,-3,-31,0,4,24,9,46,21,4,7,20,10,goodbye
20.16944360733032,-22,-15,-17,-26,-19,-27,-7,-3,12,-10,-13,-8,0,-11,goodbye
20.16944360733032,-31,-16,-26,-35,-21,-37,-39,-13,-19,-37,-14,-18,-15,-32,goodbye
20.18466305732727,-6,9,-4,-29,-7,-16,-27,0,-19,-27,10,7,0,-19,sil
20.18466305732727,5,36,5,4,3,-10,-14,2,-21,-18,21,17,3,-11,sil
20.200151443481445,-2,26,0,12,10,-11,-16,-6,-32,-24,4,-4,-15,-21,sil
20.200151443481445,-5,10,0,6,12,12,-1,-1,-24,-13,-4,-13,-13,-17,sil
20.215347290039062,-3,1,5,16,9,30,16,5,-5,7,-5,-7,0,-2,sil
20.23000931739807,-5,-9,4,10,0,14,16,3,8,17,-17,-8,0,1,sil
20.23000931739807,0,-11,-2,-2,-11,0,18,0,20,21,-20,-11,0,2,sil
20.24608063697815,6,-9,3,-5,-11,9,23,1,15,24,-10,-3,6,11,sil
20.24608063697815,18,-4,10,-1,0,7,19,1,7,20,-4,6,7,23,sil
20.26162910461425,32,8,13,7,7,-10,3,0,10,3,3,20,13,22,sil
20.26162910461425,30,12,16,3,4,-15,-16,0,5,-13,11,27,13,11,sil
20.276981592178345,18,7,2,-6,0,-8,-24,-2,-3,-12,12,20,6,4,sil
20.276981592178345,15,16,0,2,1,-12,-19,-5,-10,-9,17,17,3,1,sil
20.292563438415527,12,21,3,21,7,-8,-12,-1,-15,-13,19,11,-1,0,sil
20.292563438415527,3,14,4,24,17,12,0,-2,-12,-7,18,-1,-7,0,sil
20.30810308456421,-2,16,8,26,22,17,2,-2,-9,0,19,-5,-3,4,sil
20.30810308456421,-8,18,6,37,11,2,-3,0,-15,0,12,-4,-3,-1,sil
20.323996782302856,-17,3,0,25,-2,4,0,2,-13,1,0,-7,-5,-5,sil
20.323996782302856,-20,-11,-6,0,-5,18,7,4,0,8,-6,-11,-7,-2,sil
20.339704275131226,-20,-16,-9,0,0,12,5,0,5,17,-14,-21,-16,-3,sil
20.339704275131226,-17,-13,-3,8,2,12,8,1,12,15,-23,-22,-14,-3,sil
20.35503053665161,-14,-20,-15,-1,-1,24,22,5,27,14,-19,-12,0,1,sil
20.35503053665161,-14,-36,-22,-30,-8,8,20,2,25,11,-17,-13,-1,0,sil
20.370426893234253,-16,-36,-14,-40,-10,-13,15,0,13,0,-20,-17,-2,0,sil
20.370426893234253,-13,-27,-11,-35,-13,-10,9,-3,13,-1,-18,-8,3,1,sil
20.385602474212646,-12,-26,-10,-44,-20,-18,-18,-5,7,-1,-16,0,0,-5,sil
20.385602474212646,-4,-16,-2,-37,-23,-38,-33,-1,0,-3,-7,3,1,-10,sil
20.401843070983887,14,5,15,-10,-15,-28,-18,4,6,-2,13,21,19,0,sil
20.401843070983887,28,16,17,-7,-8,-12,-13,2,10,-5,23,33,22,5,sil
20.417796850204468,23,21,0,-14,-8,-19,-18,-7,-7,-16,21,24,11,-3,sil
20.417796850204468,14,31,7,7,-1,-17,-12,-6,-28,-23,17,18,1,-9,sil
20.43293571472168,14,26,16,21,8,0,-3,1,-28,-24,10,12,-5,-8,sil
20.43293571472168,15,14,8,2,11,7,-1,-3,-27,-27,11,8,-6,-6,sil
20.44860339164734,8,19,2,8,16,10,2,-1,-24,-13,17,9,-1,-2,sil
20.44860339164734,0,19,1,38,22,18,9,4,-8,6,11,-1,-3,0,sil
20.463818550109863,-9,2,0,29,16,24,13,2,-2,4,-2,-17,-9,-5,sil
20.463818550109863,-10,-4,-2,11,6,24,22,0,-6,0,-12,-20,-7,-5,sil
20.47888159751892,-3,2,2,27,8,27,32,1,2,16,-12,-13,-3,6,sil
20.47888159751892,-3,3,9,38,15,28,25,4,17,24,-8,-12,-4,12,sil
20.49485445022583,-5,-3,1,19,7,18,10,0,11,17,-13,-18,-5,8,sil
20.49485445022583,-1,-10,-1,-1,-3,5,6,0,-2,11,-23,-17,-2,12,sil
20.51043176651001,-3,-19,-8,-16,-14,-5,7,1,2,9,-23,-14,1,16,sil
20.51043176651001,-14,-27,-15,-31,-17,-18,-8,0,18,10,-20,-17,0,9,sil
20.525498628616333,-13,-24,-12,-37,-10,-23,-27,-1,11,5,-14,-7,0,3,sil
20.525498628616333,0,-12,-8,-21,-12,-22,-23,2,5,0,4,10,11,3,sil
20.54087281227112,9,0,2,-9,-11,-22,-18,2,17,0,20,25,21,9,sil
20.54087281227112,13,10,5,-6,6,-17,-20,-1,26,5,22,28,20,6,sil
20.556623935699463,19,13,1,-6,17,-10,-14,-3,21,3,25,30,16,-4,sil
20.556623935699463,17,15,9,0,7,-5,-2,0,8,0,32,31,12,-2,sil
20.57184600830078,5,14,6,8,5,0,1,0,-7,-6,21,15,0,-2,sil
20.57184600830078,-4,12,-1,10,9,0,-1,-6,-26,-16,4,-5,-16,-17,sil
20.587533473968502,-7,13,-2,12,2,0,0,-3,-31,-16,0,-9,-21,-22,sil
20.587533473968502,-10,9,3,21,-2,10,8,0,-23,-10,0,-6,-18,-18,sil
20.60271167755127,-12,1,5,21,3,19,21,3,-12,-9,-7,-11,-21,-18,sil
20.603065490722656,-13,-4,-4,16,4,23,28,1,-6,-3,-13,-17,-23,-11,sil
20.61877679824829,-12,-5,-1,16,0,29,27,1,0,6,-20,-14,-11,1,sil
20.61877679824829,-6,-9,4,8,0,23,13,5,13,19,-14,-8,4,10,sil
20.634652614593502,0,-18,-5,-9,-11,-5,-10,4,18,15,-4,-4,14,15,sil
20.634652614593502,0,-25,-10,-23,-23,-22,-20,2,6,-5,-11,-1,13,13,sil
20.650254726409912,9,-22,-3,-26,-23,-13,-4,1,12,-1,-9,0,12,10,sil
20.650254726409912,12,-16,4,-26,-16,-17,2,0,17,11,0,0,10,9,sil
20.665878534317017,6,-11,-2,-24,-14,-30,-4,0,-3,-5,0,1,6,3,sil
20.665878534317017,11,4,-4,-16,-6,-14,-8,-2,-17,-21,11,12,10,2,sil
20.6819372177124,19,17,11,-10,5,2,-9,-1,-8,-14,24,27,19,10,sil
20.6819372177124,16,18,12,0,9,-2,-8,0,2,-2,19,24,18,4,sil
20.69773840904236,7,24,8,12,7,-9,-9,-3,-3,-2,15,17,5,-9,sil
20.69773840904236,-1,27,7,12,6,-5,-18,-10,-22,-18,6,7,-10,-13,sil
20.712905406951904,-8,16,-2,2,7,0,-23,-11,-33,-29,-13,-14,-26,-15,sil
20.712905406951904,-12,11,-3,7,15,13,-16,-1,-28,-11,-23,-26,-33,-23,sil
20.728572130203247,-11,9,-5,19,21,24,6,4,-13,11,-18,-21,-23,-17,sil
20.728572130203247,-9,-2,-10,16,19,28,28,-2,1,12,-13,-17,-8,1,sil
20.745760679244995,-18,-18,-13,5,6,24,26,0,3,6,-20,-28,-11,6,sil
20.745760679244995,-33,-25,-19,-2,-5,10,14,4,6,11,-37,-44,-28,-9,sil
20.760176420211792,-23,-15,-12,-5,-1,6,17,2,24,25,-27,-29,-11,-7,sil
20.760176420211792,4,1,2,5,13,15,27,3,41,40,10,6,25,22,sil
20.77509117126465,12,2,8,14,11,6,21,6,41,37,23,16,30,35,sil
20.79082536697388,6,-9,8,9,-4,-11,4,6,33,19,9,10,16,20,sil
20.79082536697388,15,-7,4,0,-10,-17,-6,0,24,11,16,24,21,9,sil
20.80725860595703,20,-1,4,-13,-7,-23,-18,-5,4,0,31,34,24,7,sil
20.80725860595703,10,-4,-3,-19,-15,-32,-22,0,-6,-14,26,22,12,3,sil
20.80725860595703,8,0,2,-11,-20,-22,-17,5,0,-17,17,18,5,0,sil
20.82259011268616,13,6,13,-9,-7,0,-12,4,-1,-16,18,29,8,0,sil
20.82259011268616,12,2,7,-13,-3,-2,-9,-2,-14,-17,23,28,6,-2,sil
20.837220907211304,5,-1,8,-8,-10,-21,-14,-10,-34,-25,17,12,-9,-11,sil
20.85323214530945,-2,5,6,11,-4,-8,-11,-4,-37,-31,-2,-10,-24,-21,sil
20.85323214530945,-12,8,-3,28,6,29,15,0,-16,-18,-27,-30,-22,-17,sil
20.86878871917725,-16,3,2,24,6,35,33,0,-6,0,-37,-27,-19,-7,sil
20.86878871917725,-13,0,0,20,0,18,20,0,-12,4,-23,-17,-13,-1,sil
20.86878871917725,-8,-8,-5,11,-3,8,2,0,-7,9,-10,-14,3,4,sil
20.88486695289612,-6,-15,-10,-15,-6,-3,0,0,6,10,-20,-16,2,3,sil
20.899953603744507,0,-4,-11,-24,-8,-11,0,-1,12,6,-24,-13,-3,0,sil
20.899953603744507,5,6,-4,-7,-1,-8,-7,3,16,12,0,4,13,7,sil
20.91545271873474,5,0,-4,-11,6,-13,-15,1,15,8,14,17,21,7,sil
20.91545271873474,9,-2,-7,-30,6,-22,-19,-4,0,-14,12,16,6,-9,sil
20.931007623672485,14,13,0,-16,4,-15,-20,-2,-13,-20,19,15,0,-11,sil
20.931007623672485,2,27,6,2,11,0,-19,-1,-17,-10,24,10,-4,-5,sil
20.946685314178467,0,26,10,4,18,11,-7,0,-11,-10,17,8,-4,0,sil
20.946685314178467,9,14,9,16,19,15,4,5,4,3,10,5,2,5,sil
20.961885452270508,0,1,10,27,15,13,9,3,9,26,0,-6,-3,1,sil
20.961885452270508,-10,-4,1,16,4,15,17,-1,1,25,-7,-15,-11,3,sil
20.977895736694336,-2,-2,-3,9,0,13,23,-4,0,8,-7,-7,0,13,sil
20.977895736694336,-2,-3,6,12,1,0,12,-1,2,2,-14,-4,3,8,sil
20.99350118637085,-15,-13,-1,3,-15,-5,0,2,0,5,-25,-20,-8,-7,sil
20.99350118637085,-23,-26,-18,-11,-26,7,0,-3,-5,-4,-24,-24,-16,-12,sil
21.00856852531433,-22,-29,-12,-13,-12,19,14,-3,-4,-13,-15,-14,-13,-7,sil
21.00856852531433,-10,-20,-8,-9,-3,14,25,4,10,6,-5,-13,-4,0,sil
21.02371931076049,2,-10,-6,-11,-6,2,17,7,15,13,-1,-7,4,8,sil
21.02371931076049,8,-2,-2,-5,-5,-11,1,7,8,-3,5,12,13,12,sil
21.039808988571167,12,0,4,-2,-3,-20,-7,5,17,-1,14,22,17,14,sil
21.039808988571167,16,-3,6,-7,-1,-12,-6,6,39,14,11,17,16,16,sil
21.05544424057007,21,5,3,-1,5,-6,-5,0,35,10,10,18,18,13,sil
21.05544424057007,17,11,8,0,1,-16,-14,-10,1,-11,15,21,13,-2,sil
21.070985317230225,2,1,3,-11,-12,-17,-21,-10,-19,-19,12,13,0,-21,sil
21.070985317230225,-5,0,-2,-15,-5,-7,-19,-4,-21,-10,9,6,-8,-21,sil
21.086507320404053,-1,10,0,-8,8,-8,-17,-2,-28,-11,8,3,-5,-10,sil
21.086507320404053,-1,15,2,6,0,-13,-18,-5,-25,-16,3,0,-9,-13,sil
21.10277271270752,-3,16,6,17,0,-6,-17,0,-13,-2,5,-1,-10,-10,sil
21.10277271270752,7,21,6,21,20,7,-1,7,-9,9,12,0,0,7,sil
21.118072032928467,16,19,9,26,24,19,19,3,-7,4,6,2,6,12,sil
21.118072032928467,2,11,8,18,6,15,21,-1,-8,0,-6,-4,-4,0,sil
21.13382673263549,-12,0,-8,6,-1,5,6,-4,-19,0,-23,-22,-21,-8,sil
21.13382673263549,-16,-6,-9,5,2,10,0,0,-19,-9,-30,-21,-19,-5,sil
21.149444103240967,-8,-5,-1,11,0,14,0,6,-3,-5,-16,-7,-2,0,sil
21.149444103240967,-3,0,0,16,-3,14,9,1,-4,5,-6,-5,3,1,sil
21.16511940956116,-9,-7,1,13,0,18,19,0,-8,9,-15,-7,-1,1,sil
21.16511940956116,-15,-29,-8,-12,-6,15,23,6,17,20,-19,-13,-3,8,sil
21.18072366714477,-9,-31,-12,-39,-14,4,14,5,41,26,-9,-13,4,13,sil
21.18072366714477,0,-13,-7,-30,-8,-2,5,0,39,17,1,0,14,11,sil
21.19651913642884,1,-8,-7,-23,-1,-15,0,0,31,6,7,5,19,9,sil
21.19651913642884,0,-12,-3,-39,-8,-24,-6,3,25,-6,10,2,18,7,sil
21.2125186920166,10,-2,2,-30,-10,-18,-4,0,17,-14,16,13,15,4,sil
21.2125186920166,20,9,4,-5,0,-18,-8,-7,2,-15,20,26,5,0,sil
21.22800326347351,9,9,0,-3,0,-25,-23,-5,-16,-22,17,14,-7,-11,sil
21.22800326347351,-4,11,1,-1,-6,-15,-29,0,-26,-29,13,2,-12,-26,sil
21.2436842918396,0,21,12,21,3,0,-19,1,-22,-13,15,11,-8,-14,sil
21.2436842918396,15,27,14,39,16,5,0,2,-8,17,19,23,2,7,sil
21.258865356445312,14,16,14,32,11,7,5,2,0,22,16,18,12,8,sil
21.258865356445312,-3,0,0,17,0,6,-2,-1,-7,-2,0,-5,-2,-2,sil
21.27483892440796,-10,-4,-9,11,0,9,0,-2,-7,-5,-12,-18,-17,-4,sil
21.27483892440796,2,0,5,11,2,13,16,0,2,16,-2,1,1,7,sil
21.28997826576233,11,0,8,15,10,7,13,-2,0,16,0,6,13,10,sil
21.28997826576233,1,-2,1,13,11,9,0,-9,-19,-7,-13,-12,-7,-3,sil
21.30590128898621,-6,-4,2,5,4,19,4,-3,-23,-11,-21,-16,-18,-7,sil
21.30590128898621,-5,-10,-7,0,0,14,7,-1,-5,0,-24,-15,-10,-1,sil
21.322019577026367,-12,-19,-16,-13,0,0,-12,-1,-4,-9,-28,-25,-13,-9,goodbye
21.322019577026367,-25,-15,-21,-25,-6,-5,-15,3,-6,-11,-18,-25,-14,-16,goodbye
21.337433576583862,-20,-6,-14,-17,-5,-2,3,2,10,5,-3,-15,0,-5,goodbye
21.337433576583862,-7,-9,-5,-12,-4,-2,9,1,22,7,-5,-14,6,0,goodbye
21.35300779342652,-6,-8,-6,-25,-13,-7,5,3,21,-1,-11,-11,-1,-1,goodbye
21.35300779342652,-1,2,0,-24,-11,-9,6,4,18,4,0,3,3,6,goodbye
21.36829710006714,11,8,12,3,0,0,4,4,18,20,23,19,20,22,goodbye
21.36829710006714,13,4,10,14,1,4,0,2,14,19,23,23,16,19,goodbye
21.384005069732662,12,7,7,0,-1,0,5,2,6,4,2,17,2,1,goodbye
21.384005069732662,13,17,9,0,0,-6,11,2,-1,-1,3,9,1,-2,goodbye
21.39909839630127,9,18,11,14,0,-8,7,1,-10,-5,15,14,3,4,goodbye
21.39909839630127,7,7,-2,16,1,-6,4,-1,-13,-14,15,17,3,2,goodbye
21.414801120758057,4,-4,-9,3,3,-10,-1,-5,-4,-12,8,6,5,-3,goodbye
21.414801120758057,-3,-7,-2,-9,1,-16,-16,-2,-3,0,-4,0,0,-5,goodbye
21.42994809150696,1,-2,0,-4,0,-8,-16,-2,-11,0,-6,1,-12,-6,goodbye
21.42994809150696,12,0,10,1,6,8,1,-5,-8,-9,11,11,-2,2,goodbye
21.445536613464355,9,2,11,3,8,16,9,1,4,0,17,16,13,13,goodbye
21.445536613464355,0,8,0,8,2,11,0,2,0,1,4,7,4,0,goodbye
21.460601806640625,-4,3,-3,3,0,6,-7,-1,-14,-6,8,-6,-3,-10,goodbye
21.475977897644043,-6,-10,-5,-6,0,6,-8,-2,-2,5,16,-8,7,-1,goodbye
21.475977897644043,-5,-11,-6,-5,-7,-2,-15,-2,5,13,2,-1,8,1,goodbye
21.475977897644043,-9,-3,-2,-2,-14,-13,-16,1,-6,-5,-20,-14,-11,-11,goodbye
21.49159479141236,-17,-3,-1,-8,-4,-3,-4,1,-9,-3,-24,-25,-16,-14,goodbye
21.506771326065063,-17,-2,-2,-5,3,8,5,3,12,22,-3,-9,0,-1,goodbye
21.506771326065063,-8,0,-2,10,-1,5,8,4,26,21,0,0,5,0,goodbye
21.506771326065063,-6,0,0,14,0,0,1,0,11,-5,-20,-15,-8,-7,goodbye
21.52187705039978,-8,0,-4,6,5,-1,-3,-4,-8,-18,-28,-24,-18,-9,goodbye
21.5377140045166,-4,-5,-13,-6,0,-1,0,-5,-11,-16,-18,-17,-14,-7,goodbye
21.5377140045166,0,-8,-3,-14,0,0,6,-3,-10,-18,-14,-6,-10,-2,goodbye
21.55277633666992,7,3,-1,2,11,4,3,-4,-15,-17,-9,-4,-9,2,goodbye
21.55277633666992,8,7,0,11,7,3,-7,-4,-17,-15,-5,-5,-7,3,goodbye
21.568324327468872,2,-2,3,-8,-3,0,-3,2,-1,-8,0,5,0,7,goodbye
21.568324327468872,7,-1,4,-9,-4,0,12,6,19,15,14,17,12,12,goodbye
21.58348250389099,19,8,17,11,5,9,19,9,18,28,24,23,19,13,goodbye
21.58348250389099,21,10,16,21,10,9,20,12,11,20,23,23,20,21,goodbye
21.598567008972168,14,10,5,3,4,0,16,3,17,12,24,23,21,24,goodbye
21.598567008972168,8,9,6,-11,-2,-8,0,-1,13,14,25,26,12,13,goodbye
21.61463499069214,4,1,4,-2,-7,-11,-8,-7,-5,8,13,21,-1,1,goodbye
21.61463499069214,0,-7,0,0,-11,-11,-9,-7,-16,-12,-5,3,-7,-9,goodbye
21.63073706626892,-7,-10,-3,-12,-10,-10,-7,0,-4,-14,-1,-5,0,-16,goodbye
21.63073706626892,-10,-6,-7,-10,-4,-12,-6,2,2,3,13,-2,3,-10,goodbye
21.64679527282715,-12,-6,-12,2,-2,-2,-3,0,-7,3,-5,-12,-6,-5,goodbye
21.64679527282715,-10,-5,-11,7,1,17,3,0,-7,-3,-29,-21,-13,-8,goodbye
21.66271996498108,-2,6,0,2,6,14,2,3,9,0,-6,-5,0,-4,goodbye
21.66271996498108,0,8,0,-1,1,-2,-7,1,13,7,9,0,4,-3,goodbye
21.67873525619507,-4,-8,-8,0,-1,0,-8,-6,-1,1,-14,-17,-5,-9,goodbye
21.67873525619507,-6,-11,-6,4,0,3,-4,-10,-18,-18,-29,-19,-12,-13,goodbye
21.694360733032227,-6,-4,-10,-10,-8,-10,-13,-7,-15,-30,-18,-6,-14,-17,goodbye
21.694360733032227,-9,-5,-5,-27,-9,-9,-11,1,0,-10,-4,2,-7,-8,goodbye
21.709450244903564,2,4,8,-4,13,9,7,8,10,9,8,4,8,11,goodbye
21.709450244903564,15,17,20,23,25,8,8,8,8,9,15,0,12,14,goodbye
21.725534677505493,1,9,15,15,7,-4,-1,5,4,8,14,3,3,8,goodbye
21.725534677505493,0,5,2,4,-4,-1,6,0,6,15,16,17,15,23,goodbye
21.74176049232483,12,7,7,8,0,8,18,-1,4,19,21,19,27,32,goodbye
21.74176049232483,9,-2,6,3,0,2,12,-1,-4,12,10,0,8,12,goodbye
21.756842136383057,-6,-8,-4,-8,-5,-10,-7,-10,-20,-12,-12,-18,-16,-12,goodbye
21.756842136383057,-9,-5,-9,-15,-7,-7,-16,-9,-27,-34,-26,-19,-19,-23,goodbye
21.772417306900024,-7,-7,-17,-14,-2,6,0,1,-8,-22,-24,-14,-16,-19,goodbye
21.772417306900024,-12,-5,-15,-8,3,10,10,3,10,-2,-16,-6,-15,-9,goodbye
21.788507223129272,-8,0,-2,2,0,5,1,3,11,9,-1,0,-5,-4,goodbye
21.788507223129272,3,0,6,8,-5,7,-5,4,7,15,8,3,6,-3,goodbye
21.80365014076233,13,11,11,10,4,9,-4,4,1,8,3,12,11,7,goodbye
21.80365014076233,15,16,6,17,15,1,-3,-1,0,0,0,11,8,12,goodbye
21.8197717666626,6,-6,0,3,-3,-13,-6,-3,0,-3,0,-4,0,0,goodbye
21.8197717666626,-1,-17,-3,-14,-21,-13,-2,0,2,-4,0,-7,-4,-2,goodbye
21.835824489593502,7,6,0,7,-1,3,12,-2,3,0,8,13,-2,6,goodbye
21.835824489593502,18,21,15,29,14,8,17,0,5,9,22,25,8,9,goodbye
21.85201835632324,7,4,8,11,2,-2,5,4,10,14,21,11,12,8,goodbye
21.85201835632324,-10,-9,1,-8,-4,-5,-2,3,7,8,6,3,0,2,goodbye
21.8671190738678,-14,-5,3,-1,0,-1,-4,2,-6,0,2,10,-8,-4,goodbye
21.8671190738678,-2,-3,2,0,-1,-7,-7,0,-5,-5,11,11,2,0,goodbye
21.882654428482056,0,-10,0,-23,-13,-12,-12,-2,8,-13,1,7,5,5,goodbye
21.882654428482056,-10,-12,-15,-31,-14,-4,-11,-1,9,-14,-22,-9,-5,-9,goodbye
21.898480653762817,-15,-9,-19,-16,0,4,-3,-1,-9,-18,-26,-26,-16,-25,goodbye
21.898480653762817,-4,-6,-4,-8,4,3,2,-1,-19,-22,-13,-19,-18,-18,goodbye
21.913531064987183,0,1,-7,-5,-3,-7,0,-10,-15,-5,-10,-12,-8,-7,goodbye
21.913531064987183,-5,8,-10,0,0,-6,-1,-9,-11,6,-11,-14,0,-3,goodbye
21.92954516410828,-2,8,-3,5,9,6,8,5,1,7,0,-8,6,3,goodbye
21.92954516410828,6,11,4,10,9,5,8,7,9,11,12,2,13,12,goodbye
21.94481587409973,6,17,11,19,12,0,-2,1,-3,10,14,7,17,13,goodbye
21.94481587409973,1,9,8,19,8,7,1,1,-2,12,15,7,15,12,goodbye
21.96082901954651,2,1,3,9,3,17,9,6,8,25,20,7,12,14,goodbye
21.96082901954651,3,3,2,12,4,7,2,3,-6,15,0,1,-3,7,goodbye
21.976905584335327,0,-3,3,13,0,0,-1,-4,-25,-13,-27,-9,-24,-5,goodbye
21.976905584335327,0,-11,0,3,-4,6,4,-1,-7,-9,-19,-11,-21,-6,goodbye
21.99242877960205,2,-4,-2,-2,0,14,15,2,23,16,0,-2,0,0,goodbye
21.99242877960205,2,-5,5,-10,2,12,20,4,37,20,4,2,11,4,goodbye
22.008459329605103,6,-7,0,-12,0,8,12,7,39,10,0,1,10,8,goodbye
22.008459329605103,8,0,-5,-2,0,-1,-3,1,24,7,-2,3,4,8,goodbye
22.02451229095459,0,-2,3,-9,0,-18,-11,-5,7,0,1,11,6,2,goodbye
22.02451229095459,3,-9,7,-18,-3,-25,-12,-2,7,-8,12,15,14,0,goodbye
22.040626287460327,16,4,8,-9,-1,-20,-17,-1,-4,-21,17,17,11,2,goodbye
22.040626287460327,13,10,0,-7,0,-15,-19,-8,-27,-31,10,11,0,-5,goodbye
22.05598020553589,-11,-1,-16,-23,-9,-21,-23,-11,-38,-44,-6,-3,-19,-29,goodbye
22.05598020553589,-25,-6,-21,-20,-23,-24,-32,-5,-41,-51,-18,-13,-33,-40,goodbye
22.07159733772278,-7,10,-3,13,-12,-4,-19,1,-25,-15,2,-1,-9,-16,goodbye
22.07159733772278,7,30,19,36,9,14,4,7,-1,26,29,17,22,12,goodbye
22.087013006210327,-7,14,5,23,5,13,12,9,4,22,12,4,7,8,goodbye
22.087013006210327,-27,-22,-18,3,-9,10,9,3,5,8,-17,-27,-20,-11,goodbye
22.10869026184082,-22,-25,-6,4,-3,15,12,0,4,17,-21,-31,-12,-7,goodbye
22.10869026184082,-6,-1,5,15,7,21,25,-1,4,19,-7,-12,2,14,goodbye
22.10969042778015,3,2,5,17,11,26,33,-1,9,8,-2,2,-1,20,goodbye
22.118168592453003,5,-6,6,11,9,25,31,-1,6,5,-12,3,-11,7,goodbye
22.134095668792725,0,-14,0,-5,0,6,17,-4,-4,2,-25,-11,-13,-6,goodbye
22.134095668792725,-5,-14,-6,-20,-5,-10,-4,-3,-10,-8,-22,-18,-8,-7,goodbye
22.14976811408997,2,0,-8,-12,-4,-12,-13,-2,-6,-11,-5,-6,-2,0,goodbye
22.14976811408997,10,9,-1,-7,0,-7,-10,-1,0,-4,8,13,5,11,goodbye
22.16485023498535,7,0,5,-17,0,-6,-16,5,11,0,15,18,17,12,goodbye
22.16485023498535,4,-1,0,-13,0,-9,-20,5,16,5,18,15,21,4,goodbye
22.180495738983154,12,12,0,1,4,-13,-12,2,18,14,26,23,25,8,sil
22.180495738983154,27,17,3,3,8,-12,-2,9,25,25,39,32,34,23,sil
22.19573545455933,29,15,10,-3,4,-12,-7,4,12,11,33,26,22,15,sil
22.19573545455933,19,23,15,10,2,-12,-10,-2,-15,-16,13,12,-3,-7,sil
22.21176528930664,8,24,9,34,10,5,8,-3,-18,-9,0,-3,-12,-13,sil
22.21176528930664,-4,7,2,28,16,28,28,-2,-5,11,-11,-15,-8,-4,sil
22.22648310661316,-14,-5,-2,12,12,25,29,-1,-3,13,-21,-22,-7,0,sil
22.22648310661316,-15,-12,0,5,0,11,20,2,-2,8,-18,-24,-7,0,sil
22.242536544799805,-20,-25,-8,-18,-14,3,3,3,4,3,-25,-25,-8,-1,sil
22.242536544799805,-21,-29,-24,-35,-21,-8,-17,-4,6,-8,-30,-23,-8,-4,sil
22.257713079452515,-4,-10,-8,-20,-9,-20,-25,-1,4,-16,-8,0,1,-2,sil
22.257713079452515,1,0,3,-13,-6,-21,-17,2,6,-15,8,17,4,-3,sil
22.272886514663696,-8,-7,-5,-25,-22,-17,-21,-7,-6,-28,-4,1,-9,-15,sil
22.272886514663696,-13,-7,-6,-23,-20,-11,-26,-11,-29,-46,-15,-14,-29,-27,sil
22.288949728012085,-9,2,-5,-5,4,-2,-7,-3,-25,-34,-5,-11,-27,-32,sil
22.288949728012085,-3,8,1,4,13,5,6,2,-4,-12,8,1,-5,-23,sil
22.304714679718018,0,7,8,15,0,10,3,5,0,0,6,7,1,-4,sil
22.30521869659424,-2,5,8,27,0,9,2,2,-5,8,0,1,-4,4,sil
22.32021999359131,1,8,14,32,15,16,11,4,0,26,9,3,7,16,sil
22.32021999359131,5,3,8,26,18,23,28,6,19,42,17,9,20,32,sil
22.33595848083496,-1,-15,-1,4,2,18,32,0,19,36,0,1,7,23,sil
22.33595848083496,0,-19,-5,-2,-6,12,23,-2,7,19,-14,-8,-2,8,sil
22.35161566734314,14,-2,-1,7,-2,9,16,-1,7,17,-5,-2,4,17,sil
22.35161566734314,12,-4,-4,-1,0,0,11,3,9,22,3,6,9,19,sil
22.367053508758545,2,-15,-15,-21,-5,-8,0,0,4,10,3,5,4,4,sil
22.367053508758545,8,0,-4,-19,-6,-14,-16,-3,2,-3,4,9,9,4,sil
22.382577180862427,19,17,9,-3,-7,-19,-26,0,6,-2,10,15,18,13,sil
22.382577180862427,13,17,8,4,-5,-23,-26,2,7,-1,20,17,22,7,sil
22.39785599708557,1,12,7,1,2,-21,-23,-2,-1,-10,24,19,17,-6,sil
22.39785599708557,6,15,5,0,10,-14,-20,-5,-5,-12,18,14,8,-10,sil
22.41308641433716,8,17,7,-1,8,-11,-10,-2,-5,-14,8,9,-3,-9,sil
22.42870616912841,-8,15,6,-4,2,-9,0,0,-10,-25,0,0,-13,-20,sil
22.42870616912841,-17,13,-1,0,4,0,1,0,-12,-30,-7,-12,-16,-27,sil
22.444669246673584,-9,8,-2,1,9,10,-4,0,-14,-27,-13,-15,-20,-19,sil
22.444669246673584,-21,-7,-10,-5,0,12,-2,-2,-21,-22,-21,-23,-31,-21,sil
22.460644245147705,-33,-16,-15,-4,-5,13,5,-5,-26,-15,-30,-30,-32,-26,sil
22.460644245147705,-10,-4,0,12,5,20,13,3,-20,-2,-20,-15,-12,-6,sil
22.47589993476868,11,2,8,25,10,21,15,2,-4,8,0,0,2,18,sil
22.47589993476868,8,-6,5,16,3,19,18,-1,8,14,-1,-2,6,24,sil
22.493560314178467,14,-11,2,11,0,18,23,2,15,23,-1,-2,13,25,sil
22.493560314178467,22,-8,5,14,0,13,15,6,18,31,10,6,16,25,sil
22.493560314178467,7,-12,-5,5,0,3,6,6,20,28,0,0,6,17,sil
22.50711727142334,-9,-19,-18,-15,-9,-2,11,3,17,20,-17,-15,1,8,sil
22.522989988327023,-9,-19,-4,-24,-20,-5,5,1,11,13,-15,-10,7,5,sil
22.522989988327023,-2,-13,0,-14,-21,-12,-8,-1,6,7,-11,0,4,0,sil
22.53848028182984,-10,-11,-8,-19,-11,-21,-17,0,3,-4,-11,0,-3,-11,sil
22.53848028182984,-19,-15,-17,-39,-2,-22,-14,0,8,-12,-1,0,-2,-16,sil
22.553661346435547,-7,-9,-13,-35,-2,-17,-7,-1,16,-1,9,5,8,-10,sil
22.553661346435547,10,11,8,-10,0,-11,-8,-1,10,4,19,11,11,-4,sil
22.56927847862244,15,23,12,4,6,-1,-8,-1,0,-5,24,10,2,-2,sil
22.56927847862244,7,14,1,4,10,2,0,-2,-4,-14,16,4,-5,-6,sil
22.584476947784424,0,6,4,0,7,-3,-5,-1,-10,-11,9,6,-3,-7,sil
22.584476947784424,3,10,8,11,0,-8,-16,0,-10,-4,15,14,1,0,sil
22.59962558746338,13,19,12,23,1,-6,-13,-2,-4,-3,23,22,7,10,sil
22.59962558746338,10,24,13,22,10,-6,-4,-1,0,-3,20,21,5,12,sil
22.61566996574402,6,18,8,15,2,-4,-5,-4,-5,-5,8,10,-4,5,sil
22.61566996574402,9,10,8,15,-2,1,-7,0,-16,-6,-4,3,-5,4,sil
22.63177275657653,3,8,3,17,1,7,0,6,-14,-4,-9,-1,0,6,sil
22.63177275657653,-6,6,0,12,-4,7,2,1,-18,-12,-11,-9,-7,-3,sil
22.64785432815552,-6,0,-2,7,-5,12,4,-4,-29,-18,-13,-15,-14,-12,sil
22.64785432815552,-6,-8,-1,8,15,23,18,-2,-16,-1,-11,-13,-14,-11,sil
22.66347908973694,-11,-9,1,8,22,25,30,4,7,16,-8,-9,-8,-11,sil
22.66347908973694,-11,-10,-7,1,3,11,26,4,16,15,-3,-11,3,-9,sil
22.67879843711853,-12,-16,-11,-13,-4,2,13,0,10,3,-9,-16,8,-3,sil
22.67879843711853,-14,-18,-11,-21,-1,2,1,-4,3,0,-25,-22,-3,-5,sil
22.69389653205872,-8,-12,-11,-11,-2,3,0,-1,5,2,-24,-22,-4,-7,sil
22.69389653205872,4,-4,-1,-1,-4,6,6,8,12,7,-2,-4,8,8,sil
22.709476709365845,6,0,-1,-1,-1,5,11,8,16,15,2,7,7,20,sil
22.709476709365845,-3,-3,-5,-6,0,-4,0,-1,11,18,-3,3,-3,9,sil
22.725590229034424,-1,-4,-3,-7,-1,-7,-11,-1,8,13,9,9,5,9,sil
22.725590229034424,10,-2,2,-6,-9,-6,-13,2,7,9,25,22,19,20,sil
22.741694688797,9,-7,5,-11,-13,-16,-18,-2,-3,0,10,12,8,10,sil
22.741694688797,6,-9,-1,-11,-6,-22,-12,-8,-6,-8,-4,0,-2,-2,sil
22.75742554664612,12,3,1,-6,0,-12,2,-4,5,-4,6,11,2,9,sil
22.75742554664612,12,12,10,1,0,-3,5,9,18,2,19,20,7,16,sil
22.77256751060486,4,12,4,5,0,-3,0,11,20,4,12,2,3,-5,sil
22.77256751060486,-2,15,2,0,5,-5,-3,-1,3,0,0,-4,-5,-19,sil
22.78787112236023,-6,10,0,-6,0,-8,-9,-8,-16,-10,-5,-4,-13,-11,sil
22.78787112236023,-3,1,-2,-2,-2,-6,-14,-5,-23,-19,-5,-6,-10,-7,sil
22.80353355407715,2,2,0,6,3,1,-7,1,-16,-17,0,-2,-2,-10,sil
22.80353355407715,0,5,0,10,2,4,0,1,-6,-9,-1,-6,-5,-7,sil
22.818746089935303,-10,-2,-2,0,-5,0,-2,0,-7,-12,-11,-12,-9,-6,sil
22.818746089935303,-16,-13,-6,-7,-10,-3,-4,-4,-17,-20,-12,-16,-10,-17,sil
22.833918809890747,-14,-17,-7,-3,-5,-1,-5,-9,-19,-20,-2,-12,-12,-18,sil
22.833918809890747,-6,-11,-3,0,0,4,-7,-5,-12,-11,-1,1,-6,-2,sil
22.849964141845703,1,2,3,3,1,11,0,-1,-6,4,0,12,6,1,sil
22.849964141845703,6,15,17,14,7,15,13,3,0,15,9,12,10,2,sil
22.86591506004333,11,14,14,25,12,18,15,10,18,23,14,14,16,18,sil
22.86591506004333,19,12,8,29,13,20,15,8,31,31,15,19,28,26,sil
22.881782054901123,18,10,10,16,17,15,21,1,20,26,13,13,21,12,sil
22.881782054901123,7,3,2,4,11,0,17,-1,6,13,6,2,2,1,sil
22.896429300308228,2,0,0,1,3,-6,6,2,1,5,4,11,4,10,sil
22.896429300308228,1,1,0,-3,0,-3,2,5,7,6,5,7,6,13,sil
22.91273093223572,-14,-10,-12,-20,-11,-9,-4,-5,2,-3,-15,-20,-15,-4,sil
22.91273093223572,-30,-26,-20,-32,-20,-18,-16,-9,-18,-22,-34,-31,-31,-21,sil
22.92874431610108,-18,-14,-16,-19,-9,-6,-6,0,-13,-14,-18,-14,-16,-13,sil
22.92874431610108,0,4,0,1,-2,4,5,2,7,2,0,-2,-1,2,sil
22.94388628005981,9,5,3,10,-5,0,0,0,2,2,2,-2,-1,6,sil
22.94388628005981,10,0,4,6,0,-2,-11,-1,-6,2,6,4,5,6,sil
22.95942759513855,8,2,5,0,1,0,-12,1,4,6,6,11,10,10,sil
22.95942759513855,2,-1,-8,-4,-3,-2,-8,0,10,0,-4,-1,-2,0,sil
22.97447395324707,-6,-10,-12,-12,-3,-2,0,-4,1,-3,-10,-13,-9,-14,sil
22.97447395324707,-18,-10,-5,-13,0,4,4,0,-5,5,-10,-9,-1,-9,sil
22.99049425125122,-17,-6,-6,-12,0,1,1,0,-13,-2,-12,-8,-4,-5,sil
22.99049425125122,-4,-4,-3,-14,0,-8,0,-1,-14,-21,-9,-9,-11,-10,sil
23.0066306591034,2,0,0,-3,1,-6,2,1,5,-13,2,-5,-1,-6,sil
23.0066306591034,7,10,6,13,6,0,0,3,16,5,13,0,13,3,sil
23.02389240264893,12,12,12,13,3,-1,-9,4,7,7,16,8,15,3,sil
23.02389240264893,9,5,5,1,-6,-7,-16,0,1,1,11,10,7,0,sil
23.037403106689453,9,1,10,-3,-10,-3,-5,0,-1,-8,6,12,1,4,sil
23.037403106689453,20,4,14,4,-2,2,12,3,-1,-5,10,15,6,10,sil
23.053439617156982,12,8,8,10,8,0,10,0,-2,2,13,12,4,2,sil
23.053439617156982,-4,3,1,5,10,-8,-2,-8,-10,-1,3,0,-7,-8,sil
23.06996965408325,-3,0,0,10,3,-2,-2,-8,-13,-9,-3,-4,-8,-3,sil
23.06996965408325,4,6,6,19,4,15,0,-1,-9,-3,4,10,0,8,sil
23.083491563797,1,11,3,18,8,18,2,4,-2,13,10,12,0,9,sil
23.083491563797,-8,3,0,7,8,8,4,1,4,17,6,4,-3,7,sil
23.09955739974976,-18,-6,-4,1,-1,5,0,-4,4,0,0,0,-13,0,sil
23.09955739974976,-26,-9,-13,2,-11,9,1,-3,-1,-10,-18,-11,-18,-16,sil
23.1155788898468,-26,-12,-15,-3,-4,12,10,2,-1,4,-26,-14,-4,-15,sil
23.1155788898468,-11,-14,-10,-14,0,7,15,6,4,12,-13,-4,10,6,sil
23.131673574447632,6,-8,2,-13,-8,-3,13,2,13,0,-3,-4,13,13,sil
23.13285017013549,10,-4,5,-11,-14,-3,9,4,23,-1,-7,-2,15,6,sil
23.14587163925171,10,-5,-4,-15,-10,-3,4,3,22,11,-6,4,18,10,sil
23.14587163925171,21,-1,1,-13,-3,-16,-3,-1,6,4,0,5,15,11,sil
23.16314387321472,26,5,3,-9,5,-25,-15,-4,-3,-11,10,4,8,-7,sil
23.16314387321472,19,9,-1,-10,9,-22,-28,-2,-12,-18,15,13,0,-22,sil
23.17837953567505,16,15,5,0,5,-16,-27,-1,-19,-15,12,17,-1,-9,sil
23.17837953567505,14,19,9,18,5,-7,-15,0,-12,1,16,3,0,5,sil
23.192577838897705,-1,13,8,23,4,0,-11,1,-11,13,17,-4,0,6,sil
23.20809268951416,-18,0,-1,15,-1,4,-7,-3,-24,0,0,-15,-12,-3,sil
23.20809268951416,-25,-5,-11,0,-4,4,0,-11,-29,-11,-25,-33,-30,-17,sil
23.22331714630127,-23,-6,-10,-5,8,12,14,0,-8,8,-23,-33,-23,-9,sil
23.22331714630127,-12,-8,-9,11,19,29,36,14,30,41,0,-15,4,12,sil
23.238885402679443,-12,-13,2,0,5,26,26,11,42,35,-5,-10,2,7,sil
23.238885402679443,-24,-16,-6,-36,-11,2,0,2,24,0,-33,-23,-23,-16,sil
23.25442099571228,-18,-16,-25,-39,-11,-7,0,-6,14,-5,-24,-20,-19,-14,sil
23.25442099571228,-1,-7,-4,-12,-5,2,4,0,5,3,8,13,4,4,sil
23.270533323287964,3,4,13,7,0,3,0,2,-11,-12,14,28,4,4,sil
23.270533323287964,6,6,3,8,0,-8,-8,-8,-25,-36,3,12,-2,-7,sil
23.286588191986084,9,-2,1,2,-14,-12,-13,-4,-17,-26,5,11,4,-2,sil
23.286588191986084,7,-2,6,11,-16,0,-11,0,0,-7,13,25,12,13,sil
23.30282497406006,13,12,12,23,4,5,0,-1,6,-11,15,22,13,17,sil
23.30282497406006,24,25,16,25,9,-1,7,-1,5,-19,21,19,20,12,sil
23.3180091381073,21,16,18,18,0,-7,2,0,0,-17,18,26,22,12,sil
23.3180091381073,8,2,2,11,-1,-1,1,-1,-5,-5,1,13,7,5,sil
23.333192586898804,2,4,-6,10,0,1,6,0,-2,15,-5,-10,-2,-5,sil
23.333192586898804,3,5,8,6,9,-1,7,4,1,26,3,-7,0,-1,sil
23.34877014160156,6,-4,8,-2,10,-6,1,4,2,16,3,-1,2,6,sil
23.34877014160156,3,-5,-3,-12,-4,-8,-3,-2,3,6,-2,-8,0,3,sil
23.364874124526978,0,0,-6,-10,-6,-4,-4,0,8,9,0,-7,0,-1,sil
23.364874124526978,-4,-2,-10,-7,6,0,-3,4,14,8,0,0,3,0,sil
23.380895614624023,-10,-11,-11,-20,5,-2,-5,-2,0,-1,-8,0,0,-2,goodbye
23.380895614624023,-13,-12,-14,-22,0,0,-4,-2,-18,-5,-14,-10,-5,-13,goodbye
23.39683508872986,-13,-7,-8,-10,0,3,-4,2,-19,-4,-16,-10,-13,-16,goodbye
23.39683508872986,-13,-3,-1,-9,-10,2,-5,0,-8,-5,-12,-5,-17,-11,goodbye
23.412042379379272,-6,-3,0,-5,-7,5,-5,-7,0,6,2,-2,-4,-6,goodbye
23.412042379379272,3,0,5,6,9,10,-6,-4,7,23,15,4,12,1,goodbye
23.427404642105103,12,8,11,14,5,5,2,5,16,32,19,9,13,15,goodbye
23.427404642105103,18,16,21,21,9,6,20,9,22,35,15,6,10,21,goodbye
23.4426543712616,11,11,13,20,19,10,21,3,19,16,0,-1,5,11,goodbye
23.4426543712616,-10,-3,-17,5,0,-1,2,-1,-1,-11,-17,-14,-9,-5,goodbye
23.458681106567383,-28,-14,-23,-13,-25,-14,-9,-4,-34,-21,-23,-23,-26,-21,goodbye
23.458681106567383,-29,-15,-17,-34,-39,-13,-7,-8,-42,-38,-30,-31,-37,-29,goodbye
23.47386050224304,-16,-11,-8,-27,-26,-6,-6,-6,-21,-64,-27,-23,-25,-17,goodbye
23.47386050224304,2,3,12,11,20,1,0,3,0,-36,0,7,8,9,goodbye
23.48943519592285,16,21,19,27,37,5,6,2,9,19,19,21,20,20,goodbye
23.48943519592285,17,18,9,12,3,9,6,-2,7,16,18,11,4,13,goodbye
23.5054738521576,12,6,-1,10,-2,13,11,0,9,-7,14,7,3,5,goodbye
23.5054738521576,3,0,-1,-3,5,0,2,0,10,-8,4,5,4,-3,goodbye
23.52156925201416,-5,-9,-4,-27,-13,-15,-19,0,0,-10,-4,0,-3,-8,goodbye
23.52156925201416,1,-3,-10,-5,-14,-8,-11,2,0,2,3,6,6,5,goodbye
23.53646731376648,9,10,0,15,2,2,5,5,12,20,12,18,18,14,goodbye
23.53646731376648,1,-3,2,1,-1,0,-3,2,3,12,6,8,8,0,goodbye
23.55156445503235,0,-17,-2,-3,-5,-1,-11,-5,-1,15,5,4,5,-4,goodbye
23.55156445503235,3,0,6,7,6,0,0,1,14,34,8,17,13,10,goodbye
23.56726098060608,1,1,1,3,10,-6,4,6,19,22,1,5,5,7,goodbye
23.56726098060608,-3,-14,-5,-8,4,-4,0,0,3,-7,-14,-15,-7,-12,goodbye
23.58251142501831,0,-5,-1,0,4,7,3,-3,3,-12,-18,-15,-7,-12,goodbye
23.58251142501831,3,11,1,15,7,5,8,-1,9,1,-6,-6,1,0,goodbye
23.597697496414185,2,6,0,6,4,-7,3,0,-2,1,1,0,3,1,goodbye
23.597697496414185,2,-2,1,0,1,-2,-1,-1,-10,-9,2,0,0,0,goodbye
23.613141775131226,2,0,4,2,3,15,0,0,-8,-17,1,-5,-5,2,goodbye
23.613141775131226,-2,3,1,0,4,17,8,6,-10,-14,-2,-6,-10,0,goodbye
23.628434658050537,-10,0,-4,-6,-2,0,7,0,-10,-7,-8,-3,-11,-2,goodbye
23.628434658050537,-13,-14,-3,-16,-17,-14,-7,-7,-9,-4,-5,-5,-6,-7,goodbye
23.644553422927856,-9,-14,-1,-23,-20,-7,-8,-1,-2,8,12,-1,4,-4,goodbye
23.644553422927856,0,6,4,-5,-1,4,7,2,0,24,22,14,11,4,goodbye
23.660603523254395,1,20,7,18,8,7,8,0,-9,13,7,12,4,4,goodbye
23.660603523254395,4,12,3,15,1,-1,-4,-2,-12,-8,-1,-1,-5,0,goodbye
23.675777196884155,15,4,7,-4,0,-10,-9,-2,1,-4,8,9,0,6,goodbye
23.675777196884155,16,6,1,-8,1,-9,-8,0,7,9,12,14,8,7,goodbye
23.69160008430481,0,6,1,2,1,0,-5,-2,-9,-6,-5,-5,-2,0,goodbye
23.69160008430481,-1,0,7,7,0,2,-4,-5,-17,-24,-14,-12,-13,-3,goodbye
23.70687222480774,1,-1,-5,-4,-10,-1,-9,0,-5,-11,-5,-5,-1,-3,goodbye
23.70687222480774,-6,-2,-9,-11,-11,-2,-13,6,-2,-2,-4,-3,2,-5,goodbye
23.72248697280884,-3,-1,1,8,0,4,-1,2,-2,-10,-13,-2,-7,-3,goodbye
23.72248697280884,6,3,4,18,7,9,10,-2,11,-3,-7,2,0,0,goodbye
23.73853039741516,-1,6,-2,8,7,2,10,5,24,16,12,8,12,3,goodbye
23.73853039741516,-4,1,-6,10,8,-2,10,6,23,20,15,4,9,4,goodbye
23.7546329498291,-1,-7,-7,0,5,2,8,-2,13,2,-2,-8,-4,0,goodbye
23.7546329498291,-8,-12,-8,-12,-5,3,0,0,5,0,-18,-17,-10,-3,goodbye
23.77063250541687,-6,-4,1,3,-6,0,0,3,4,11,-12,-8,-3,-1,goodbye
23.77063250541687,-3,-1,1,9,4,5,10,1,1,3,-5,-1,-2,-2,goodbye
23.7861545085907,-16,-15,-16,-14,4,5,6,-1,-2,-8,-14,-9,-12,-5,goodbye
23.7861545085907,-17,-17,-12,-19,-2,-5,-3,-4,0,1,-11,-9,-7,-1,goodbye
23.801496505737305,-1,-9,-1,-4,-7,-5,-1,0,5,9,3,-2,4,0,goodbye
23.801496505737305,0,-8,-1,-6,-11,0,1,0,0,-2,2,0,2,-3,goodbye
23.81669950485229,3,-1,7,-9,0,0,4,-1,-7,-5,-3,7,1,5,goodbye
23.81669950485229,17,6,12,1,15,1,7,-3,-8,2,1,8,6,14,goodbye
23.83250594139099,18,4,6,3,4,6,-5,1,-13,-2,12,0,5,6,goodbye
23.83250594139099,2,5,-5,-4,-11,-1,-19,6,-10,-6,9,1,4,-5,goodbye
23.848610401153564,0,1,-12,-10,-8,-4,-9,-1,-4,-1,-1,6,0,-5,goodbye
23.848610401153564,9,1,4,-3,3,4,0,-2,1,2,9,10,1,7,goodbye
23.86284232139588,15,14,16,9,12,8,3,0,9,12,29,11,14,9,goodbye
23.877987384796143,7,20,14,12,10,0,6,0,7,14,17,7,16,0,goodbye
23.877987384796143,8,15,13,19,7,-1,7,3,10,10,9,10,15,5,goodbye
23.8934588432312,15,12,13,27,8,0,4,6,19,10,25,18,18,17,goodbye
23.8934588432312,0,8,5,5,0,-5,0,0,6,0,13,13,7,7,goodbye
23.90948438644409,-7,3,-8,-4,-7,-12,0,-8,-9,-16,-11,0,-9,-10,goodbye
23.90948438644409,5,0,-2,2,-5,-11,-6,-9,-7,-25,-21,-5,-16,-17,goodbye
23.92660093307495,0,-4,-1,-10,-8,-7,-14,1,-8,-19,-16,-4,-12,-15,goodbye
23.92660093307495,-16,-5,-12,-21,-12,-5,-10,1,-9,-1,-1,-7,-3,-7,goodbye
23.92660093307495,-16,-6,-5,-7,-6,-4,-10,-6,-16,-6,-2,-13,-9,-5,goodbye
23.94148349761963,-13,-14,-6,-6,-6,-6,-16,-5,-22,-21,-21,-20,-23,-13,goodbye
23.95701265335083,-17,-14,-10,-11,-5,-2,-8,0,-16,-20,-18,-13,-20,-11,goodbye
23.95701265335083,-11,-2,1,2,-3,3,0,0,-10,-15,-1,0,-9,0,goodbye
23.97270083427429,2,10,5,15,-1,7,1,2,-6,-1,3,1,0,3,goodbye
23.97270083427429,10,10,4,13,11,12,7,10,7,22,4,7,9,7,goodbye
23.98788928985596,12,-1,3,18,22,13,14,8,19,27,7,12,11,19,goodbye
23.98788928985596,11,-8,2,7,16,6,11,-3,12,17,9,7,11,19,goodbye
24.0029399394989,1,-6,-2,-11,1,1,3,0,0,12,0,-3,2,0,goodbye
24.0029399394989,-12,-9,-9,-6,-6,0,-1,3,-2,-3,-17,-22,-19,-20,goodbye
24.01883745193481,-22,-15,-15,-4,-11,-1,-1,-3,-3,-13,-17,-28,-20,-18,goodbye
24.01883745193481,-13,-11,-8,-20,-15,1,5,-3,1,10,0,-12,7,3,goodbye
24.033942699432373,6,0,14,-13,-11,5,4,2,5,24,7,4,15,18,goodbye
24.033942699432373,9,5,11,11,3,1,0,0,0,6,0,0,-4,8,goodbye
24.049490213394165,-7,-1,-17,12,6,0,7,-4,3,-1,-14,-18,-12,-7,goodbye
24.049490213394165,-17,-7,-9,-4,0,11,15,4,11,0,-19,-11,-4,-8,goodbye
24.06608486175537,-4,-1,5,-3,0,24,20,11,17,3,-13,5,0,3,goodbye
24.06608486175537,7,3,-2,4,7,14,18,3,23,8,-12,5,1,8,goodbye
24.081533908844,9,4,1,0,6,-6,7,0,22,5,-4,14,7,7,goodbye
24.081533908844,11,3,3,-4,-1,-15,0,1,12,0,15,28,16,9,goodbye
24.09744024276733,4,3,-4,-7,-6,-14,-3,0,1,-10,14,19,12,3,goodbye
24.09744024276733,0,6,-7,-10,-2,-15,-13,-5,0,-13,5,1,5,0,goodbye
24.113433361053467,20,12,4,3,5,-12,-16,-6,-1,-1,25,9,13,4,goodbye
24.113433361053467,33,14,16,16,12,-4,-11,0,-2,2,38,22,23,6,goodbye
24.128988027572632,15,8,9,2,8,-4,-7,1,0,0,24,13,13,-1,goodbye
24.128988027572632,2,9,12,-1,0,-9,-13,-2,-1,0,22,6,3,-3,goodbye
24.14506387710572,12,15,16,13,2,-7,-17,-2,-14,-4,27,10,10,0,goodbye
24.14506387710572,19,10,10,10,10,0,-17,-5,-26,-14,16,11,14,0,goodbye
24.16068696975708,10,11,16,3,11,0,-16,-1,-18,-9,16,15,5,0,goodbye
24.16068696975708,2,16,15,18,5,0,-2,2,-6,1,13,9,-4,1,goodbye
24.176641702651978,-7,0,0,22,-1,4,8,2,-19,2,-9,-4,-15,-1,goodbye
24.176641702651978,-23,-15,-7,8,-5,9,7,-1,-31,0,-22,-14,-19,-7,goodbye
24.19152331352234,-30,-9,-8,-3,-2,4,5,-3,-16,0,-23,-23,-17,-10,goodbye
24.19152331352234,-30,-14,-17,-13,-4,3,2,0,-2,-5,-36,-33,-27,-14,goodbye
24.207214832305908,-28,-28,-29,-16,-13,11,-1,1,1,-6,-36,-34,-34,-15,sil
24.207214832305908,-27,-25,-22,-15,-16,5,-3,0,5,-1,-25,-27,-19,-11,sil
24.22271180152893,-24,-17,-18,-19,-19,-5,-2,1,5,-6,-28,-29,-11,-7,sil
24.22271180152893,-21,-23,-20,-27,-34,-10,-4,-6,0,-15,-38,-34,-23,-12,sil
24.238181591033936,-20,-34,-13,-43,-43,-17,-18,-11,-14,-28,-44,-28,-32,-21,sil
24.238181591033936,-19,-29,-16,-44,-27,-15,-11,-1,-15,-26,-39,-18,-20,-17,sil
24.25284600257873,1,0,-2,-10,5,5,24,7,19,3,-4,6,12,10,sil
24.25284600257873,39,25,25,20,26,14,41,12,53,32,43,44,48,40,sil
24.268405199050903,56,33,26,24,27,2,23,13,40,26,62,57,51,37,sil
24.268405199050903,43,39,28,22,29,1,16,4,9,7,44,42,29,21,sil
24.284422397613525,21,28,21,26,28,10,17,0,0,5,18,23,10,15,sil
24.284422397613525,-1,7,-3,24,21,15,-2,-3,-3,13,3,1,-1,0,sil
24.30045866966248,-7,7,-5,28,23,17,-10,-2,-2,25,-3,-12,-7,-9,sil
24.30045866966248,1,7,8,28,20,19,9,0,6,33,-7,0,-6,0,sil
24.3159122467041,-3,-11,0,1,0,7,10,0,11,14,-12,6,-3,5,sil
24.3159122467041,-8,-19,-12,-17,-12,-8,-10,-3,15,-2,-6,-6,3,0,sil
24.331535577774048,9,-5,0,-13,-10,-13,-23,-4,10,0,19,2,19,0,sil
24.331535577774048,17,3,6,-13,-9,-10,-21,0,-13,-8,35,23,19,-2,sil
24.34691071510315,-1,5,-4,-9,-4,-6,-9,1,-26,-21,24,5,5,-9,sil
24.34691071510315,-9,12,7,11,8,3,0,3,-17,-12,15,-6,0,0,sil
24.362452507019043,0,16,17,35,8,11,6,3,-5,10,13,0,4,11,sil
24.362452507019043,0,4,7,34,4,6,15,1,5,21,2,-12,2,5,sil
24.37811827659607,-4,-6,-4,10,0,-4,11,1,11,15,-13,-22,-3,0,sil
24.37811827659607,-1,-12,-14,-16,-13,-20,-6,-6,0,-2,-19,-9,-3,1,sil
24.393747568130493,0,-15,-8,-30,-22,-27,-19,-10,-7,-16,-13,3,2,4,sil
24.393747568130493,0,-10,-4,-28,-18,-15,-14,0,0,-16,-5,3,-1,0,sil
24.40932989120484,1,0,-9,-20,-12,-3,-5,0,1,-21,-8,0,-14,-21,sil
24.40932989120484,0,4,1,-21,-7,-5,-5,-4,-6,-28,-6,2,-14,-25,sil
24.42509150505066,1,4,7,-19,-6,-7,-12,0,-9,-14,3,15,-3,-1,sil
24.42509150505066,0,0,0,-7,-1,-4,-16,1,-13,-11,0,13,-4,0,sil
24.440772533416748,-8,1,-8,1,10,3,-3,-1,-13,-23,-11,-8,-20,-22,sil
24.440772533416748,-12,8,-3,2,13,11,8,-2,-7,-20,-14,-21,-27,-24,sil
24.45597887039185,-8,4,0,3,5,12,4,2,-4,-6,-5,-5,-3,0,sil
24.45597887039185,-6,-6,-7,7,0,8,0,6,-1,3,4,2,13,11,sil
24.47188925743103,-9,-12,-5,0,-6,5,4,1,-7,3,-5,-3,-5,6,sil
24.47188925743103,-16,-11,0,1,-6,6,6,-2,-16,0,-25,-16,-24,-2,sil
24.48703122138977,-17,-6,-1,18,5,9,8,0,-11,8,-18,-25,-11,-7,sil
24.48703122138977,-8,-4,7,19,7,8,14,6,0,25,0,-11,6,4,sil
24.503088235855103,5,-7,6,8,0,6,23,5,14,42,6,12,21,27,sil
24.503088235855103,11,-7,4,6,2,8,21,-1,25,36,-5,4,13,18,sil
24.519179105758667,7,-1,3,4,8,9,12,-1,20,11,-16,-18,-7,-3,sil
24.519179105758667,8,4,2,5,8,3,9,1,16,13,0,-6,2,6,sil
24.53387260437012,13,1,3,-1,4,-3,2,1,18,26,17,19,27,27,sil
24.53387260437012,8,-9,-5,-13,0,-9,-7,-1,21,12,12,11,22,16,sil
24.549956560134888,6,2,-2,-11,3,-5,-6,1,26,4,16,6,16,2,sil
24.549956560134888,17,24,10,0,7,0,-1,5,24,9,29,18,22,1,sil
24.565464973449707,19,16,3,0,-4,-11,-13,-3,6,-12,25,22,16,0,sil
24.565464973449707,12,6,2,-5,-7,-22,-24,-10,-11,-28,24,32,14,0,sil
24.58161473274231,15,14,6,-2,0,-11,-12,0,-10,-10,28,30,12,-2,sil
24.58161473274231,1,3,-3,-11,-7,-7,-11,2,-12,-17,3,-1,-15,-24,sil
24.59703302383423,-18,-7,-12,-18,-13,-11,-23,-2,-25,-42,-18,-19,-36,-33,sil
24.59703302383423,-1,9,1,4,-2,3,-10,-4,-21,-29,0,-1,-18,-4,sil
24.612839698791504,11,18,15,23,8,16,3,4,-10,-6,13,12,-2,18,sil
24.61384344100952,-10,1,1,18,9,7,0,4,-7,0,0,-3,-11,1,sil
24.626899480819706,-21,-2,-3,15,7,5,3,-4,-10,6,-7,-18,-18,-17,sil
24.64242959022522,-11,-3,5,10,2,11,13,-1,-16,2,-11,-15,-16,-10,sil
24.64242959022522,-17,-15,-7,0,-7,4,7,0,-26,-11,-32,-23,-22,-7,sil
24.65947127342224,-27,-19,-17,-6,-14,1,1,-2,-23,-10,-45,-37,-26,-13,sil
24.65947127342224,-18,-14,-11,2,-1,14,18,4,0,13,-28,-30,-15,-5,sil
24.65947127342224,-8,-13,-1,8,7,18,27,5,14,23,-19,-14,-2,5,sil
24.67409348487854,0,-10,5,0,-1,0,8,-3,13,10,-26,-3,2,11,sil
24.689701318740845,10,-7,1,-12,-6,-16,-5,-7,18,11,-6,7,15,17,sil
24.689701318740845,7,-11,-5,-24,0,-8,-7,-1,21,18,20,16,28,14,sil
24.70483684539795,4,-11,-9,-31,-8,-1,-7,4,18,10,16,11,28,10,sil
24.70483684539795,17,0,-2,-24,-13,-12,-7,2,21,0,7,15,26,20,sil
24.72047758102417,21,10,13,-13,-2,-16,-8,0,9,-8,16,30,24,16,sil
24.72047758102417,6,11,7,-6,-1,-11,-14,-2,-15,-13,18,22,7,-7,sil
24.73654222488404,0,9,1,-5,-4,-14,-19,-5,-20,-15,14,8,-3,-18,sil
24.73654222488404,8,15,4,0,4,-17,-13,-1,-3,-9,15,10,1,-8,sil
24.751749992370605,15,24,12,19,15,-11,-5,3,5,5,21,16,8,1,sil
24.751749992370605,14,24,20,34,15,2,0,6,6,18,27,19,11,5,sil
24.76747369766236,4,17,8,36,11,20,11,1,9,12,24,7,7,-1,sil
24.76747369766236,-2,9,2,27,13,25,21,1,2,0,6,-11,-11,-9,sil
24.7825608253479,-5,1,4,17,17,15,14,5,-6,-2,-15,-21,-21,-3,sil
24.782939672470093,-16,-5,-9,10,9,14,14,2,-5,-2,-26,-29,-17,-4,sil
24.798673391342163,-30,-10,-21,2,0,19,19,0,-6,-8,-28,-39,-25,-13,sil
24.798673391342163,-28,-17,-19,-5,-2,19,15,2,-6,-4,-31,-44,-31,-16,sil
24.814749479293823,-15,-20,-15,-6,0,24,16,4,3,11,-30,-37,-17,-6,sil
24.814749479293823,0,-15,-12,-5,0,21,24,3,15,19,-18,-14,-1,12,sil
24.830846309661865,5,-13,-7,-18,-4,0,5,0,14,13,-11,7,1,19,sil
24.830846309661865,0,-16,-6,-32,-7,-12,-16,-5,6,1,-9,12,6,6,sil
24.846823692321777,4,-13,-3,-21,-16,-11,-11,-1,7,-2,6,13,19,4,sil
24.846823692321777,19,-9,11,-18,-25,-23,-10,-4,3,-8,22,24,24,15,sil
24.86191129684448,16,-12,4,-35,-24,-41,-31,-12,-13,-21,9,24,8,5,sil
24.86191129684448,2,-9,-11,-27,-15,-40,-37,-8,-17,-19,0,15,-3,-8,sil
24.877530336380005,1,10,11,1,-7,-23,-19,1,-4,-6,20,21,3,-2,sil
24.877530336380005,5,27,21,11,-4,-12,-9,2,-1,-7,27,21,6,0,sil
24.892709255218502,2,21,4,2,-4,-12,-18,-7,-16,-18,14,12,-1,-11,sil
24.892709255218502,5,16,10,11,1,-6,-18,-5,-24,-11,22,12,4,-11,sil
24.908747911453247,9,23,18,30,10,10,0,2,-13,0,29,8,11,1,sil
24.908747911453247,0,15,6,28,11,17,0,8,-4,-3,5,0,-5,-1,sil
24.923887252807617,-2,2,0,25,11,7,-7,3,0,-5,-5,3,-14,-8,sil
24.923887252807617,7,14,17,39,17,7,0,-2,0,8,3,14,3,2,sil
24.939549684524536,13,22,25,44,19,21,19,1,-8,15,3,16,11,14,sil
24.939549684524536,6,8,4,33,14,20,25,1,-12,10,-3,1,0,5,sil
24.95566964149475,0,0,-1,22,11,6,18,0,0,9,-13,-12,-4,0,sil
24.95566964149475,-4,-2,-3,17,10,11,20,2,9,19,-20,-22,-6,5,sil
24.970808267593384,-9,-15,-13,0,2,26,25,1,5,14,-13,-26,-5,7,sil
24.970808267593384,-16,-22,-14,-21,-5,18,22,0,12,0,-8,-23,2,9,sil
24.9867103099823,-22,-21,-22,-31,-4,5,23,6,33,7,-24,-31,3,0,sil
24.9867103099823,-27,-29,-33,-49,-3,6,22,4,32,14,-44,-43,-13,-15,sil
25.00290036201477,-28,-38,-35,-63,-8,1,12,2,20,7,-41,-40,-19,-13,sil
25.00290036201477,-18,-32,-28,-53,-9,-8,0,4,19,6,-22,-23,-4,-2,sil
25.018932342529297,-6,-19,-19,-44,-6,-14,-13,0,9,5,-15,-13,3,-4,sil
25.018932342529297,0,-11,-19,-48,-7,-17,-21,-6,3,0,-10,-8,5,-4,sil
25.034542083740234,2,-3,-9,-43,-5,-17,-23,-4,8,0,9,0,4,-1,sil
25.034542083740234,9,10,5,-19,-2,-17,-24,6,4,-3,19,11,0,-7,sil
25.050068140029907,23,18,20,7,-1,-18,-19,2,-2,-10,22,26,4,-1,sil
25.050068140029907,34,23,36,23,-2,-15,-13,0,-2,-11,41,49,17,14,sil
25.06668329238892,30,29,32,32,0,-4,-12,-3,-9,-10,47,50,16,10,sil
25.06668329238892,13,26,26,37,1,4,-15,-8,-27,-20,32,31,5,-3,sil
25.08168125152588,5,16,24,40,-2,1,-14,-8,-38,-25,26,21,1,-4,sil
25.08168125152588,12,18,21,43,-3,-7,-9,-8,-40,-19,25,23,-2,0,sil
25.09754157066345,9,18,18,38,0,-7,-8,-7,-35,-16,15,22,-7,5,sil
25.09754157066345,2,9,12,35,-4,-1,-7,-5,-22,-12,12,13,-2,4,sil
25.11346173286438,3,10,16,41,-4,0,-4,0,-12,-8,7,7,-2,-2,sil
25.11346173286438,-7,8,5,28,9,8,7,8,0,-9,-5,1,-9,0,sil
25.12901544570923,-23,-4,-17,3,13,26,29,10,21,1,-15,-17,-2,4,sil
25.12901544570923,-23,-14,-16,-5,1,27,32,5,22,19,-24,-37,-4,-5,sil
25.145024299621586,-17,-18,-20,-3,-1,13,17,2,7,24,-39,-39,-18,-9,sil
25.145024299621586,-18,-17,-22,-4,4,14,17,1,1,19,-41,-30,-18,0,sil
25.160828351974487,-14,-15,-15,-8,6,20,31,1,4,17,-36,-27,-11,0,sil
25.160828351974487,-8,-21,-18,-19,0,2,19,0,8,18,-38,-25,-8,-2,sil
25.17654776573181,-3,-20,-11,-30,0,-5,0,1,18,19,-24,-8,6,6,sil
25.17654776573181,0,-11,-5,-29,0,5,3,5,32,24,3,7,28,17,sil
25.19169235229492,7,-15,-11,-32,-5,-3,2,1,33,14,16,11,27,9,sil
25.19169235229492,14,-13,-6,-31,-6,-18,-10,1,17,-2,17,12,16,-3,sil
25.20743560791016,15,9,1,-16,0,-13,-13,0,0,-4,17,8,9,-7,sil
25.20743560791016,10,22,5,-10,0,-13,-17,-4,-9,-4,14,8,5,2,sil
25.22293996810913,19,16,15,-1,0,-19,-24,-6,-1,-8,22,21,8,10,sil
25.22293996810913,30,18,23,14,4,-14,-22,-3,0,-10,34,30,11,6,sil
25.23844146728516,17,21,15,14,5,-15,-20,0,-12,-16,25,22,3,0,sil
25.23844146728516,-2,15,0,5,0,-18,-18,-1,-16,-20,5,2,-10,-5,sil
25.25454688072205,-8,5,2,4,0,-2,-14,-5,-19,-23,-4,-7,-22,-9,sil
25.25454688072205,-4,4,5,11,3,11,-6,0,-24,-18,5,-7,-19,-11,sil
25.270259618759155,-9,6,3,14,7,11,7,1,-18,-5,12,-9,-6,-8,sil
25.270259618759155,-20,-6,-2,5,0,10,14,-3,-12,-2,-14,-19,-9,-6,sil
25.28541827201844,-20,-19,-11,0,-11,15,14,-2,-6,-4,-39,-28,-21,-8,sil
25.28541827201844,-12,-17,-6,3,-4,22,21,2,8,6,-18,-14,-9,-5,sil
25.30206847190857,-6,-15,-7,2,7,17,27,3,22,19,2,-2,6,4,sil
25.30206847190857,-8,-14,-9,-1,0,4,17,1,21,18,-7,-6,7,10,sil
25.3176589012146,-13,-5,-2,0,-6,1,11,3,19,14,-17,-10,5,4,sil
25.3176589012146,-9,-5,-3,-2,1,0,10,2,15,8,-10,-6,3,-1,sil
25.332708597183228,1,-7,2,-13,1,-9,-3,1,0,1,-5,5,0,1,sil
25.333143711090088,6,2,3,-7,-4,-12,-9,3,2,8,-1,17,7,11,sil
25.348721027374268,7,6,-4,1,-9,-6,0,1,13,11,3,14,14,12,sil
25.348721027374268,10,0,-1,-8,-12,-10,-8,1,-2,-6,4,7,2,2,sil
25.36477756500244,7,1,0,-5,-10,-15,-22,-5,-21,-18,5,0,-9,-10,sil
25.36477756500244,4,5,3,5,-2,-10,-17,-10,-15,-15,10,4,-2,-14,sil
25.380301475524902,8,4,5,-6,0,-7,-8,-1,-5,-10,17,21,12,-3,sil
25.380301475524902,8,10,0,-9,2,-8,-11,0,-11,-5,19,22,12,3,sil
25.39547538757324,8,21,15,14,5,1,-13,1,-22,-7,12,9,0,0,sil
25.39547538757324,11,17,16,18,10,12,-6,1,-16,-6,8,4,0,-9,sil
25.4114990234375,2,6,0,3,12,15,-7,-5,-9,-9,7,1,-5,-12,sil
25.4114990234375,-8,7,4,14,10,20,-1,0,-17,-12,-3,-11,-18,-10,sil
25.427520513534542,-7,8,10,34,11,25,24,7,-7,5,-10,-23,-13,-3,sil
25.427520513534542,-4,0,0,29,14,21,36,5,9,23,-9,-19,-5,6,sil
25.44265055656433,-3,-1,-6,20,6,20,29,2,7,20,-17,-12,-6,17,sil
25.44265055656433,-1,-3,-2,15,1,15,26,-1,12,22,-19,-11,1,22,sil
25.457826852798465,-1,-17,-6,-3,-2,-4,18,-1,28,35,-4,-13,10,20,sil
25.457826852798465,-4,-26,-15,-27,-17,-24,0,1,22,29,-1,-5,4,15,sil
25.47348189353943,0,-25,-13,-35,-20,-23,-9,0,16,4,-5,7,6,12,sil
25.47348189353943,9,-15,-8,-25,-7,-18,-10,-1,23,-7,5,15,17,9,sil
25.48900604248047,9,-5,1,-21,-4,-22,-19,-2,9,-12,13,20,8,-2,sil
25.48900604248047,2,-6,-2,-26,-9,-25,-24,-2,-9,-22,3,19,-7,-13,sil
25.50490140914917,4,-2,-8,-21,-7,-13,-15,-3,-3,-23,0,6,-3,-13,sil
25.50490140914917,7,13,4,-12,0,0,-6,-3,0,-18,5,3,5,-6,sil
25.519944190979004,6,14,8,-11,0,-1,-4,-2,-3,-23,5,6,5,-5,goodbye
25.519944190979004,-3,-1,0,-6,0,0,-2,3,3,-18,0,0,3,-7,goodbye
25.53555917739868,-19,-5,-2,2,1,3,0,6,16,0,-4,-12,-1,-10,goodbye
25.53555917739868,-13,4,2,8,-1,-2,0,-1,13,2,-7,-13,-10,-12,goodbye
25.55060648918152,2,10,13,7,0,-5,-10,-2,1,-12,-1,-1,-8,-9,goodbye
25.55060648918152,1,11,5,7,8,3,-11,3,5,0,14,3,5,-3,goodbye
25.56643271446228,-2,16,1,13,8,8,-5,1,12,21,20,0,12,0,goodbye
25.58149719238281,0,19,13,22,4,5,-4,0,10,3,14,1,4,-3,goodbye
25.58149719238281,-5,13,8,25,9,8,0,0,0,-8,5,0,-5,-10,goodbye
25.59848141670227,-2,8,3,21,11,17,9,0,-2,6,0,-1,-7,-7,goodbye
25.59848141670227,3,3,1,19,6,21,17,0,10,14,-1,0,-6,6,goodbye
25.59848141670227,-10,-10,-13,6,0,13,15,0,-33,6,-10,-12,-14,4,goodbye
25.612999200820923,-18,-16,-17,-7,-4,4,3,-1,-143,-3,-28,-25,-26,-7,goodbye
25.612999200820923,1,-2,-7,0,-4,6,5,0,-154,-1,-16,-10,-15,3,goodbye
25.62869906425476,8,0,4,1,0,10,12,-2,-56,6,2,5,5,19,goodbye
25.62869906425476,-1,-11,0,-1,-1,3,10,-2,-6,0,-12,-8,2,9,goodbye
25.64393138885498,0,-16,-6,1,-7,-3,11,-1,8,-2,-25,-20,-5,0,goodbye
25.64393138885498,4,-14,-2,0,-10,2,15,9,55,18,-12,-9,2,7,goodbye
25.65949130058289,0,-17,-7,-12,-9,8,12,11,80,27,-11,0,4,7,goodbye
25.6746563911438,-2,-20,-6,-18,-8,-3,1,-1,69,5,-14,10,0,3,goodbye
25.6746563911438,6,-8,4,-11,-2,-12,-6,-1,62,2,10,17,11,12,goodbye
25.69019842147827,21,7,7,0,7,-9,-10,3,59,17,31,21,24,17,goodbye
25.69019842147827,16,6,4,-6,5,-20,-15,0,44,5,25,28,24,7,goodbye
25.70610213279724,0,0,-1,-13,-2,-29,-16,-4,20,-19,12,15,9,-5,goodbye
25.70610213279724,1,8,1,-8,2,-15,-11,-1,6,-23,8,0,-2,-7,goodbye
25.72175693511963,14,15,5,-9,9,-8,-3,1,6,-10,10,7,3,-1,goodbye
25.72175693511963,2,6,2,-8,0,-9,0,0,1,-5,10,9,8,-4,goodbye
25.737801790237427,-16,1,2,6,-3,1,-1,-2,-12,-9,5,-1,-1,-10,goodbye
25.737801790237427,-6,6,1,14,1,9,-2,-1,-11,-3,4,-2,-3,-1,goodbye
25.75256323814392,14,12,1,5,7,5,-3,0,-1,0,7,5,8,6,goodbye
25.75256323814392,17,16,5,3,2,5,-4,3,-1,-1,4,5,10,0,goodbye
25.76765727996826,2,10,4,7,-2,4,-1,1,-12,-5,0,-3,-1,-8,goodbye
25.76765727996826,-9,0,3,0,1,2,-1,-7,-29,-10,-3,-7,-14,-9,goodbye
25.78289675712585,-12,0,-7,-3,2,0,-4,-6,-31,-3,-7,-9,-10,-7,goodbye
25.78289675712585,-8,0,-3,-7,-6,-5,-7,1,-20,4,-3,-2,-3,-7,goodbye
25.798625707626343,-6,1,11,-2,-9,-3,-7,0,-20,-7,-1,0,-8,-9,goodbye
25.798625707626343,-10,0,5,15,-2,-2,-6,-6,-29,-18,-15,-11,-19,-17,goodbye
25.81399130821228,-10,-4,-1,14,1,-3,-5,-2,-23,-9,-16,-15,-19,-17,goodbye
25.81399130821228,-9,-15,-8,-7,0,6,2,2,-2,5,-4,-11,-9,-3,goodbye
25.829888105392456,-16,-22,-13,-16,-5,14,9,0,5,11,-5,-11,-3,5,goodbye
25.829888105392456,-10,-12,-8,-1,-5,9,8,0,-1,7,-5,-4,-8,5,goodbye
25.845548391342163,0,-2,-7,10,-2,2,6,3,-14,-2,3,0,-9,3,goodbye
25.845548391342163,-3,-1,0,7,0,2,0,2,-25,-14,-7,-9,-9,4,goodbye
25.86166954040528,0,0,1,6,3,10,4,5,-12,-3,-11,-3,-5,7,goodbye
25.86166954040528,15,0,0,10,10,16,19,7,14,21,10,14,4,12,goodbye
25.87677407264709,13,-3,4,5,9,10,19,6,25,25,9,10,13,13,goodbye
25.87677407264709,8,0,4,4,5,5,14,2,34,27,-1,-3,21,12,goodbye
25.89256262779236,10,6,11,1,14,8,16,1,42,39,13,7,34,19,goodbye
25.89256262779236,7,1,9,-4,13,3,11,1,29,26,17,16,30,17,goodbye
25.90770888328552,2,0,-3,0,-6,-11,-7,-3,3,-10,-11,0,4,2,goodbye
25.90770888328552,3,6,0,3,-8,-16,-17,-3,-4,-18,-18,-10,-10,-5,goodbye
25.92367935180664,3,7,0,-2,2,-5,-8,-5,3,0,0,0,-2,-9,goodbye
25.92367935180664,-1,0,0,-10,0,-4,-3,-11,3,-2,-1,1,0,-14,goodbye
25.93909859657288,-5,-8,-5,-9,-6,-12,-6,-1,1,-14,-10,-2,-2,-12,goodbye
25.93909859657288,1,0,-8,-1,-11,-10,-3,5,10,-13,1,4,2,-1,goodbye
25.955135583877563,10,11,1,0,-13,-5,4,4,17,-10,11,16,7,7,goodbye
25.955135583877563,0,-2,-5,-14,-8,-10,2,0,12,0,6,8,5,4,goodbye
25.97067713737488,-13,-19,-16,-29,-5,-15,-10,-1,0,3,3,0,2,-6,goodbye
25.97067713737488,-7,-6,0,-17,-7,-7,-15,-3,-18,-16,1,0,-7,-8,goodbye
25.98642945289612,0,6,12,9,-3,1,-9,-5,-21,-18,6,3,-15,-5,goodbye
25.98642945289612,0,4,6,19,3,3,-5,2,-17,3,20,11,0,-1,goodbye
26.001957178115845,2,8,1,11,6,0,-3,9,-14,5,19,12,6,1,goodbye
26.001957178115845,6,13,8,3,6,0,-4,0,-9,-13,-3,0,-10,0,goodbye
26.01791548728943,2,3,5,0,2,0,-3,-6,-7,-16,-15,-9,-19,0,goodbye
26.01791548728943,-8,-7,-4,-6,-2,5,2,-1,-9,-9,-10,-13,-11,-1,goodbye
26.033765077590942,-23,-10,-10,-14,2,15,4,0,-5,-8,-13,-19,-7,-9,goodbye
26.033765077590942,-10,-2,-6,-4,7,16,2,2,6,4,-9,-17,-3,-6,goodbye
26.048806190490723,15,9,11,14,5,7,4,3,11,15,9,0,-1,5,goodbye
26.048806190490723,16,13,18,19,7,0,2,3,6,6,13,11,1,6,goodbye
26.064412117004395,10,10,5,13,8,-3,-4,0,0,4,2,7,13,6,goodbye
26.064412117004395,16,7,3,4,-3,-8,-10,-2,-3,9,2,6,16,10,goodbye
26.08042025566101,5,-4,-7,-5,-9,-8,-3,-2,-3,0,-3,0,4,0,goodbye
26.08042025566101,-14,-15,-13,-14,-3,2,-1,-8,-10,-8,-19,-13,-3,-15,goodbye
26.095834732055664,-13,-7,-4,-12,-3,5,-5,-5,-17,0,-11,-11,-4,-12,goodbye
26.095834732055664,-2,-5,-3,-3,-9,0,0,0,-4,10,4,-2,-1,-2,goodbye
26.11181688308716,-5,-13,-4,0,-3,0,8,1,3,7,5,2,0,-1,goodbye
26.11181688308716,-9,-4,-1,7,4,2,3,0,-4,3,6,7,0,-6,goodbye
26.13452982902527,-2,8,1,13,7,0,0,3,-2,3,13,14,0,0,goodbye
26.13452982902527,6,5,4,9,8,6,15,6,8,1,8,13,0,10,goodbye
26.13452982902527,11,2,3,13,11,8,22,0,9,0,0,0,-5,10,goodbye
26.142547607421875,0,8,5,18,8,6,10,1,0,-2,0,-7,-3,6,goodbye
26.15805983543396,-18,8,-4,13,0,13,7,8,-4,0,-4,-11,-3,0,goodbye
26.15805983543396,-17,0,-5,5,0,9,11,7,6,9,-13,-12,0,-4,goodbye
26.174137830734253,1,-8,6,-12,3,-2,14,5,27,19,-6,0,18,9,goodbye
26.174137830734253,8,-8,0,-24,-5,0,21,6,47,19,0,0,24,23,goodbye
26.190165519714355,0,-8,-4,-14,-11,-1,10,-3,34,9,-19,-10,4,11,goodbye
26.190165519714355,1,-8,2,-4,-5,-15,-14,-15,4,0,-23,-5,-3,-1,goodbye
26.205705642700195,10,-1,1,-11,0,-18,-20,-7,-4,-9,-4,4,1,0,goodbye
26.205705642700195,6,0,-4,-15,0,-9,-13,5,0,-14,4,7,0,0,goodbye
26.221754789352417,0,-3,-9,-3,0,-10,-16,0,-3,-9,6,9,-3,-2,goodbye
26.221754789352417,1,1,0,0,-3,-20,-28,-5,-13,-9,13,13,0,-7,goodbye
26.23779559135437,6,5,-2,-7,-6,-15,-27,3,-14,-15,19,12,4,-2,goodbye
26.23779559135437,6,-2,-11,-12,-10,0,-10,0,-11,-13,16,8,7,-3,goodbye
26.252847909927368,0,-1,-4,-9,-12,0,-4,-6,-25,-19,0,-1,-6,-21,goodbye
26.252847909927368,-1,5,5,-1,-12,-7,-16,-7,-38,-29,2,-7,-21,-25,goodbye
26.26806950569153,10,12,13,7,-4,0,-13,-5,-28,-22,17,6,-11,-4,goodbye
26.26806950569153,12,20,14,15,7,15,5,1,-7,-2,12,7,-4,0,goodbye
26.28381419181824,-2,16,11,21,16,22,12,3,0,14,0,-11,-7,-1,goodbye
26.28381419181824,-10,1,13,27,12,23,11,0,-3,17,-8,-12,-4,7,goodbye
26.299313068389893,-7,-7,0,17,3,16,13,-1,-2,14,-21,-10,-6,10,goodbye
26.299313068389893,-12,-13,-10,-9,4,12,20,4,10,20,-20,-13,-2,5,goodbye
26.31460165977478,-18,-11,-5,-18,5,19,31,7,24,31,-1,-2,11,8,sil
26.31460165977478,-6,-7,-3,-10,-5,7,25,1,26,24,-4,3,10,10,sil
26.33001923561096,7,-14,-4,-20,-11,-15,0,-1,18,0,-14,2,2,11,sil
26.33001923561096,12,-9,-6,-19,-2,-23,-15,0,15,-10,4,12,11,5,sil
26.34692645072937,10,15,0,1,1,-23,-17,1,10,-6,29,20,12,-10,sil
26.36156225204468,14,21,9,7,0,-22,-17,0,3,-3,35,19,7,-7,sil
26.36156225204468,12,9,8,3,6,-17,-17,-3,-4,-9,27,17,10,0,sil
26.37807893753052,-1,11,6,13,16,-7,-17,-3,-20,-19,8,5,-1,-8,sil
26.37807893753052,-7,14,0,32,10,6,-3,5,-23,-12,-7,-9,-14,-6,sil
26.37807893753052,-8,4,-2,33,2,17,12,1,-16,-3,-7,-14,-7,0,sil
26.392577409744263,-16,-4,-7,11,2,16,15,-5,-14,-5,-12,-19,-7,-7,sil
26.409653186798096,-15,-10,-14,1,-1,17,15,-4,-8,1,-28,-26,-16,-8,sil
26.409653186798096,-9,-13,-2,4,-2,18,11,0,-7,6,-33,-25,-16,0,sil
26.409653186798096,-5,-11,3,-3,1,10,9,-1,-7,3,-26,-23,-7,3,sil
26.423827409744263,0,-9,-2,-17,0,1,14,-1,9,9,-15,-13,4,6,sil
26.423827409744263,1,-10,-7,-20,-9,-3,7,6,22,8,-12,-5,8,6,sil
26.43945860862732,0,-13,-11,-15,-14,-5,-2,4,23,1,-13,-6,5,5,sil
26.45491409301757,0,-16,0,-14,-11,-10,-1,-1,27,2,-9,3,6,6,sil
26.45491409301757,0,-15,4,-13,-8,-13,-2,3,29,9,2,14,11,6,sil
26.470921516418457,9,-6,-3,-11,-6,0,-6,7,25,22,17,15,17,8,sil
26.471922636032104,13,2,0,-9,-1,1,-4,4,15,26,25,20,18,8,sil
26.471922636032104,4,5,4,-3,-1,-12,-11,-1,-5,0,15,16,1,-4,sil
26.48745393753052,7,3,6,-2,-3,-9,-18,-9,-22,-20,13,16,-11,-9,sil
26.501829862594604,22,10,6,3,3,1,-5,-4,-14,-5,31,28,-1,2,sil
26.501829862594604,18,19,6,9,9,-2,7,2,-4,0,30,26,6,9,sil
26.517430543899536,2,13,7,0,3,-1,4,4,-6,-12,10,12,0,1,sil
26.517430543899536,0,5,0,0,1,3,-1,-1,-3,-4,2,1,-2,-6,sil
26.53247380256653,3,15,5,10,6,-4,-5,-6,-2,3,7,-2,-1,-5,sil
26.53247380256653,6,22,15,16,8,-4,-9,-1,-5,-4,13,1,1,0,sil
26.548415899276733,0,13,7,15,9,4,-10,0,-14,-20,4,0,0,-4,sil
26.548415899276733,-12,11,1,9,10,0,-12,-7,-27,-33,-11,-13,-16,-16,sil
26.56378412246704,-11,15,0,11,5,-1,-7,-7,-27,-22,-12,-22,-22,-14,sil
26.56378412246704,-13,0,-8,13,0,11,2,1,-16,-6,-15,-22,-17,-5,sil
26.57920455932617,-21,-18,-13,3,0,14,13,6,-10,-1,-28,-21,-13,-2,sil
26.57920455932617,-15,-21,-7,-1,-3,14,26,0,4,13,-20,-18,0,4,sil
26.59523320198059,-7,-18,-5,-6,-10,19,28,0,26,25,-11,-13,10,17,sil
26.59523320198059,-8,-24,-16,-24,-18,0,12,0,30,18,-22,-12,7,9,sil
26.61096882820129,-4,-27,-16,-38,-19,-27,-9,-3,13,7,-20,-6,5,-4,sil
26.61096882820129,1,-15,-9,-29,-12,-22,-18,-1,4,-1,1,7,12,-2,sil
26.62661814689636,1,0,-2,-15,-6,-12,-15,-1,-1,-12,15,16,9,-4,sil
26.62661814689636,5,11,12,-9,-4,-17,-16,-5,-23,-19,10,13,0,-17,sil
26.641876935958862,11,22,11,7,9,-12,-16,0,-30,-17,5,6,0,-15,sil
26.641876935958862,10,26,8,29,25,2,-8,3,-16,-7,10,10,0,-4,sil
26.65707564353943,7,9,12,30,16,13,0,3,-2,13,8,5,-8,-1,sil
26.65707564353943,1,-7,10,22,2,24,10,3,8,34,-6,-13,-16,2,sil
26.67267346382141,-8,-7,2,23,7,32,27,6,15,28,-13,-19,-8,9,sil
26.67267346382141,-6,-3,-5,21,7,29,32,4,21,19,-4,-8,6,14,sil
26.68771505355835,2,-11,0,5,0,12,15,1,26,19,1,0,12,20,sil
26.68771505355835,1,-20,0,-8,-4,0,6,6,23,14,0,4,11,22,sil
26.703325033187863,0,-18,-13,-10,-10,0,13,4,27,15,4,1,16,14,sil
26.703325033187863,2,-7,-7,-15,-7,0,6,1,30,11,5,1,10,5,sil
26.71843934059143,0,-1,-1,-18,0,-10,-4,-1,12,-9,2,5,-2,-2,sil
26.71843934059143,0,-1,-4,-11,-4,-19,-6,-5,-6,-19,11,11,0,-7,sil
26.73441433906555,8,9,4,-3,-8,-13,-7,2,-4,-12,19,21,9,0,sil
26.73441433906555,14,21,7,0,-1,-13,-6,1,-1,-12,5,15,0,4,sil
26.749834299087524,11,18,12,-2,3,-17,-8,-12,-12,-19,0,7,-6,0,sil
26.749834299087524,9,15,9,-4,0,-11,-16,-9,-16,-18,11,7,0,-2,sil
26.76557469367981,6,13,-4,-6,-4,-8,-26,-1,-16,-23,4,2,-6,-11,sil
26.76557469367981,-2,6,-6,-4,0,-15,-29,-2,-22,-28,-7,-2,-13,-19,sil
26.780679941177368,-5,4,-3,3,6,-7,-17,-2,-15,-9,-1,-2,-3,-9,sil
26.780679941177368,-1,9,0,3,6,8,1,1,-4,5,0,-2,5,0,sil
26.79636287689209,-3,6,0,0,5,10,8,3,-4,0,-3,-6,2,0,sil
26.79636287689209,-7,0,1,0,6,5,3,0,-5,-3,-2,-8,-1,-4,sil
26.811999797821045,-8,-1,5,0,0,6,1,1,-2,5,0,-3,-2,-1,sil
26.811999797821045,-7,-8,0,2,-4,6,6,4,-3,12,-3,-4,0,0,sil
26.82758927345276,-4,-15,-1,1,-4,2,0,0,-5,6,-5,-9,-2,0,sil
26.82758927345276,0,-5,6,10,-2,4,-2,-3,0,7,-3,-5,-9,0,sil
26.841726064682007,0,1,8,22,1,13,5,-3,-3,16,-1,-1,-10,0,sil
26.841726064682007,-1,-2,1,14,7,16,11,3,-14,9,-3,-5,-7,0,sil
26.858344793319706,0,-3,-5,5,6,7,15,2,-8,2,2,-6,3,4,sil
26.858344793319706,-7,-4,-2,1,0,0,15,-2,2,7,1,0,9,8,sil
26.8726818561554,-14,-17,-8,-10,-3,0,11,2,4,7,-14,-3,0,3,sil
26.88862419128418,-6,-16,-17,-18,-5,2,14,4,7,4,-15,-9,-2,-3,sil
26.88862419128418,0,0,-6,-9,-4,2,16,0,12,0,-6,-4,2,-2,sil
26.903843641281128,-3,0,-4,-4,-5,-2,2,1,12,-4,-9,-3,1,0,sil
26.903843641281128,-2,-15,-3,-11,-6,-8,-7,2,8,-6,-9,0,0,0,sil
26.91951584815979,8,-9,2,-12,-2,-4,-2,1,12,-2,3,8,6,2,sil
26.91951584815979,15,9,3,1,7,0,-5,-2,18,2,9,7,1,0,sil
26.935632944107056,6,8,5,12,6,-4,-18,-2,9,-2,3,2,-8,-6,sil
26.935632944107056,-5,-1,1,11,-12,-9,-19,0,1,-10,1,0,-4,-6,sil
26.95080590248108,2,4,2,5,-14,-6,-15,0,4,-4,12,6,7,0,sil
26.95080590248108,13,12,10,0,1,-1,-14,1,2,1,16,13,9,7,sil
26.9663724899292,-2,-1,-7,-12,-4,-1,-10,-3,-6,-5,2,-5,0,-1,sil
26.9663724899292,-22,-12,-18,-22,-20,-2,-12,-6,-20,-19,-15,-29,-16,-21,sil
26.98170208930969,-11,-3,-5,-15,-10,0,-10,-1,-27,-17,-16,-15,-17,-17,sil
26.98170208930969,8,8,2,0,6,1,2,-3,-16,-4,0,10,3,2,sil
26.997422456741333,15,12,7,9,9,-1,9,-2,-4,3,7,13,13,16,sil
26.997422456741333,22,13,17,18,14,1,14,5,3,14,6,15,12,22,sil
27.012563943862915,28,22,26,25,25,10,24,8,18,24,21,31,25,28,sil
27.012563943862915,28,29,26,31,30,12,28,9,29,24,34,34,30,27,sil
27.02781867980957,24,25,21,34,30,17,25,6,27,28,28,24,16,20,sil
27.02781867980957,9,14,0,14,24,18,23,1,22,33,25,19,17,18,sil
27.043458461761475,-9,-3,-15,-9,4,4,11,3,10,16,15,10,17,10,sil
27.043458461761475,-22,-23,-9,-13,-12,-18,-6,-2,-8,-5,-10,-4,-12,-10,sil
27.05953788757324,-32,-26,-17,-19,-19,-30,-17,-15,-19,-20,-28,-29,-39,-27,sil
27.05953788757324,-31,-21,-28,-36,-22,-20,-18,-14,-23,-34,-40,-46,-44,-31,sil
27.074705600738525,-21,-17,-16,-28,-21,-11,-14,-1,-18,-35,-39,-33,-39,-29,sil
27.074705600738525,-18,-11,-6,-1,-16,-11,-9,2,0,-16,-18,-17,-24,-18,sil
27.09060788154602,-17,-12,-2,-3,-14,-3,-14,3,3,-5,-12,-11,-11,-3,sil
27.09060788154602,-1,-15,-2,-14,-12,1,-17,3,-2,-2,-18,-5,-8,2,sil
27.10683488845825,8,0,4,-3,0,-1,-7,-1,0,-4,-6,0,-2,0,sil
27.10683488845825,8,11,5,4,5,3,-1,2,-1,-10,6,2,5,-5,sil
27.1218945980072,11,1,-4,0,-1,7,-6,1,-10,-6,8,0,0,-4,sil
27.1218945980072,5,-8,-4,-10,-9,0,-11,-6,-12,-1,3,-9,-6,-4,sil
27.13799905776977,0,-4,-4,-10,-2,3,1,0,-6,2,0,-7,5,-5,sil
27.13799905776977,13,10,5,6,10,15,17,6,-3,10,15,14,16,4,sil
27.15316271781921,23,24,28,23,12,13,8,4,-9,11,30,20,14,13,sil
27.15316271781921,13,20,16,23,4,5,-1,-1,-12,12,19,3,17,3,sil
27.16865396499633,0,6,5,20,6,11,5,0,-11,12,1,1,22,0,sil
27.16865396499633,-11,-3,4,16,11,17,10,0,-2,9,-2,3,16,7,sil
27.18467879295349,-17,-12,-13,-1,2,11,2,-6,13,10,-2,-5,14,6,sil
27.18467879295349,-17,-14,-14,-17,-5,3,2,-3,17,4,-4,-6,14,-4,sil
27.200191974639893,-11,-4,-5,0,0,-3,8,3,11,-4,-3,-4,8,-9,sil
27.200191974639893,0,0,0,10,8,-14,0,-2,2,-9,1,4,8,-3,sil
27.21619772911072,5,0,4,-2,5,-18,-5,-8,-10,-15,4,17,17,-1,sil
27.21619772911072,2,4,2,-4,-5,-10,0,-2,-7,-15,1,14,16,-2,sil
27.23181200027465,0,6,2,0,-10,-3,0,8,12,-1,-1,4,8,4,sil
27.23181200027465,-1,-3,-3,-8,-7,-7,2,9,25,4,-5,1,4,9,sil
27.24768352508545,4,-4,-3,-3,1,-9,5,1,26,3,-4,3,1,8,sil
27.24768352508545,22,11,15,20,7,2,6,9,31,9,2,11,-2,22,sil
27.26285696029663,19,10,13,22,0,8,9,6,28,14,0,5,-11,24,sil
27.26285696029663,1,-1,-1,0,-5,0,8,-6,3,6,-9,-3,-25,8,sil
27.27848482131958,4,8,2,2,2,0,8,-1,-9,8,2,2,-36,9,sil
27.27848482131958,14,15,3,19,4,-2,0,0,-5,13,14,6,-54,8,sil
27.29446911811829,3,0,0,9,1,-16,-21,-6,-9,0,-2,-1,-76,-6,sil
27.29446911811829,0,-2,0,0,7,-9,-22,-4,-14,-6,-4,0,-71,-7,sil
27.309545516967773,4,8,1,6,11,10,-4,0,-13,0,11,2,-79,0,sil
27.309545516967773,-4,3,-6,2,0,8,-1,-2,-16,-5,0,-11,-100,-14,sil
27.324739694595337,-20,-11,-13,-21,-4,4,-7,1,-14,-10,-18,-20,-24,-25,sil
27.324739694595337,-20,-22,-24,-45,-2,9,-10,3,-9,-3,-14,-17,110,-16,sil
27.34079146385193,-20,-24,-34,-49,-10,2,-17,-6,-20,-9,-20,-31,131,-22,sil
27.34079146385193,-23,-20,-19,-46,-16,-8,-14,-9,-31,-30,-29,-37,73,-32,sil
27.356438875198364,-7,-12,0,-39,-13,-1,5,3,-12,-20,-9,-18,67,-14,sil
27.356438875198364,8,0,6,-15,-5,5,11,8,15,7,16,0,69,9,sil
27.37198805809021,5,8,12,7,5,6,8,7,23,18,30,20,44,19,sil
27.37198805809021,2,8,11,12,14,9,16,5,21,13,26,23,34,16,sil
27.38753700256348,2,3,15,7,10,10,19,0,14,4,6,4,18,1,sil
27.38753700256348,1,0,13,11,1,7,15,0,5,6,4,2,-5,0,sil
27.40305089950561,8,2,13,21,2,2,12,0,2,8,22,20,-7,14,sil
27.418810844421387,9,11,12,24,0,-4,0,-1,-3,-5,16,20,-15,15,sil
27.418810844421387,2,9,-3,28,-10,-18,-8,-5,-6,-12,2,8,-35,1,sil
27.418810844421387,1,4,0,30,-13,-23,-7,-7,-1,-4,1,6,-33,0,sil
27.433821201324463,1,8,2,25,-4,-7,-7,-5,3,-5,-5,0,-28,2,sil
27.433821201324463,0,6,-4,15,1,0,-9,-2,-1,-3,-14,-4,-33,-3,sil
27.44940662384033,5,2,4,12,4,-6,-7,2,-7,4,-12,3,-25,-4,sil
27.44940662384033,8,3,3,18,5,-2,0,2,3,5,-4,7,-10,2,sil
27.464510440826416,2,2,-1,10,0,3,-4,2,3,-3,-6,5,-12,1,sil
27.48154711723328,3,0,0,-8,-3,0,-11,6,-14,-9,-15,5,-19,-4,sil
27.48154711723328,9,-1,0,-5,2,5,3,1,-7,-1,-13,5,-11,-2,sil
27.48154711723328,3,0,3,5,13,15,17,0,11,8,-2,3,-2,4,sil
27.49585008621216,-11,-1,-5,-3,10,6,1,-1,1,5,-1,-7,-5,0,sil
27.5120062828064,-16,-5,-15,-21,0,1,-11,-5,-14,-3,0,-10,-2,-6,sil
27.5120062828064,-2,0,3,-14,4,14,0,3,1,11,15,3,14,2,sil
28.36779236793518,11,7,1,6,10,-2,-1,0,14,-3,-7,0,5,0,sil
28.36779236793518,0,0,-2,-1,-2,-11,-26,-13,-21,-30,-15,-3,-8,-6,sil
28.38341999053955,-4,-4,-5,-14,-11,-6,-27,-16,-41,-38,-9,-4,-15,-11,sil
28.38341999053955,3,5,7,-6,-1,0,-25,-7,-42,-30,0,2,-16,-13,sil
28.399032831192017,10,21,12,13,7,2,-15,-3,-25,-6,8,7,-6,0,sil
28.399032831192017,9,15,8,15,2,3,-2,-6,-15,1,13,8,1,6,sil
28.41425061225891,5,2,9,3,0,3,0,-1,-15,-7,11,10,0,0,sil
28.41425061225891,-2,0,2,-1,2,2,0,4,-11,-5,3,0,-7,0,sil
28.429821968078613,-17,-4,-7,-6,2,1,4,1,-13,-4,-8,-14,-20,-4,sil
28.429821968078613,-11,-4,-4,2,1,7,17,0,-7,-4,-5,-8,-10,-4,sil
28.44489860534668,7,8,11,21,8,12,18,6,19,16,10,17,19,13,sil
28.44489860534668,0,5,4,10,4,0,-1,6,25,25,12,17,16,16,sil
28.460474491119385,-19,-17,-22,-17,-10,-9,-14,-1,5,2,-3,-15,-12,-11,sil
28.460474491119385,-17,-20,-15,-19,-14,1,-8,1,0,-9,-18,-34,-22,-25,sil
28.475801944732662,-7,-7,0,-1,-10,4,-2,3,9,-2,-20,-22,-11,-10,sil
28.475801944732662,-6,-4,-1,-1,-7,0,-7,-5,-2,-9,-14,-9,-1,0,sil
28.491822242736816,-4,-4,-6,-7,-2,2,-4,0,-18,-15,-9,-3,0,1,sil
28.491822242736816,7,0,0,0,0,0,7,3,-5,0,3,9,3,6,sil
28.507663011550903,14,8,15,4,0,-1,8,0,9,4,15,22,12,11,sil
28.507663011550903,6,8,7,2,6,0,5,0,7,5,8,8,8,0,sil
28.52285647392273,0,0,-9,1,8,-4,7,0,4,15,-2,-9,-1,-12,sil
28.52285647392273,5,1,1,-3,0,-11,3,0,7,14,3,0,6,-5,sil
28.53887915611267,8,10,10,1,0,-11,0,4,15,9,13,10,15,6,sil
28.53887915611267,1,2,5,10,4,-5,1,0,14,10,10,11,8,7,sil
28.5545117855072,2,-5,3,10,10,8,3,-1,14,7,4,9,4,5,sil
28.5545117855072,8,2,3,8,7,11,2,0,7,1,0,1,4,0,sil
28.570095539093018,0,7,-4,8,0,0,3,-5,-13,-7,-7,-6,-2,-5,sil
28.570095539093018,-5,0,-8,6,2,0,7,-7,-24,-14,-17,-10,-10,-3,sil
28.58526349067688,0,-3,-2,-3,2,5,0,-5,-15,-11,-18,-10,-11,0,sil
28.58526349067688,0,-3,-10,-6,-6,-1,-9,0,-8,-5,-7,-7,0,2,sil
28.600871801376343,-4,-6,-10,-3,-13,-5,-4,4,-2,0,6,1,10,9,sil
28.600871801376343,0,-4,5,-8,-6,-1,3,11,4,5,14,14,7,14,sil
28.61655282974243,4,-1,0,-4,2,3,2,2,8,11,14,10,-1,4,sil
28.61655282974243,1,-1,0,4,3,8,-3,-2,5,0,0,0,-10,-4,sil
28.63171911239624,0,0,7,0,0,3,-8,6,0,-5,-9,-4,-14,0,sil
28.63171911239624,4,1,-3,-4,0,1,-2,3,6,6,9,0,1,6,sil
28.648072242736816,2,4,1,-3,4,5,6,1,18,18,24,13,22,16,sil
28.663084983825684,-5,2,8,0,0,0,3,2,19,12,8,13,16,9,sil
28.663084983825684,-11,-2,1,0,-4,-10,-9,-11,0,-6,-8,-8,-13,-14,sil
28.663084983825684,-4,0,1,0,-3,-1,-9,-10,-21,-24,-11,-19,-27,-22,sil
28.678268671035767,1,5,5,-1,0,4,0,2,-23,-24,-7,-7,-16,-13,sil
28.678268671035767,-1,3,4,-7,1,0,-3,0,-21,-20,-5,-1,-9,-10,sil
28.69388723373413,-3,2,-1,3,-1,2,2,-7,-13,-14,-2,-5,-8,-3,sil
28.709465980529785,-1,3,-1,10,0,3,13,-3,-1,-2,1,2,3,2,sil
28.709465980529785,0,-4,1,-6,1,-7,6,7,0,11,1,10,14,0,sil
28.709465980529785,5,-5,-7,-9,-5,-15,-2,3,-3,11,1,2,15,-3,sil
28.72550940513611,-1,0,-11,0,-9,-13,-6,-2,-7,-4,-2,-7,5,-8,sil
28.72550940513611,-13,-5,-8,-5,-8,-8,-6,0,-4,-8,-17,-19,-12,-16,sil
28.741544723510746,-4,-1,-2,-1,0,7,2,4,7,14,-15,-8,-4,0,sil
28.75724148750305,12,9,6,17,8,20,12,6,20,33,13,21,25,28,sil
28.75724148750305,9,0,6,11,7,11,10,0,20,22,16,14,19,25,sil
28.75724148750305,-3,-10,1,-7,2,0,1,-5,4,0,-23,-19,-17,0,sil
28.773101329803467,-8,-6,-9,-3,2,0,-3,-2,-5,-2,-38,-26,-22,-11,sil
28.788635969161987,-3,0,-3,14,7,7,-7,0,2,11,-7,-4,4,0,sil
28.788635969161987,9,6,14,20,12,10,0,4,18,14,19,14,19,21,sil
28.788635969161987,14,5,4,0,1,0,10,2,19,0,10,10,11,20,sil
28.803502559661865,-4,-11,-13,-29,-10,-15,4,-1,1,-21,-8,-6,-2,-8,sil
28.818909883499146,-15,-16,-11,-30,-11,-12,0,-1,-11,-27,-6,-12,-9,-19,sil
28.818909883499146,-2,-6,0,-25,-19,-11,-9,-4,-13,-16,9,-2,-4,-10,sil
28.834794282913208,7,0,-1,-26,-23,-19,-27,-6,-16,-7,20,11,10,-6,sil
28.834794282913208,11,15,4,0,2,-11,-25,0,-4,4,41,31,24,0,sil
28.85180306434632,12,33,21,35,22,3,-9,4,19,22,58,42,21,8,sil
28.85180306434632,15,29,16,43,13,5,-5,4,26,12,38,25,0,4,sil
28.85180306434632,10,12,3,25,4,0,-3,-1,5,-23,2,-1,-21,-8,sil
28.867339611053467,-2,-4,-4,3,5,-1,4,-2,-16,-36,-20,-17,-30,-14,sil
28.867339611053467,-10,-16,-12,0,1,4,11,0,-23,-9,-28,-16,-21,-8,sil
28.88197922706604,0,-7,1,6,0,15,19,2,-17,15,-18,0,-2,5,sil
28.89755415916443,16,8,12,17,10,18,27,0,-5,28,6,13,11,24,sil
28.89755415916443,12,8,4,21,18,14,19,-6,-6,22,9,2,9,24,sil
28.912745714187626,-9,-1,-1,7,7,10,6,0,-17,-2,-16,-10,-5,5,sil
28.912745714187626,-29,-14,-15,-14,-7,12,2,6,-15,-24,-38,-26,-29,-13,sil
28.92815017700196,-36,-22,-22,-31,-16,5,-1,-4,-7,-38,-49,-44,-41,-23,sil
28.92815017700196,-27,-17,-15,-27,-14,-4,0,-4,2,-23,-38,-32,-16,-15,sil
28.94378876686096,-2,-3,2,-9,-5,-3,12,9,30,29,2,8,28,12,sil
28.94378876686096,8,0,23,-7,-1,0,15,15,41,55,30,24,37,25,sil
28.95884799957276,-1,-8,2,-13,-5,-9,3,0,19,28,8,-3,11,0,sil
28.95884799957276,-4,-5,-14,-5,-2,-20,-13,-12,-10,1,-13,-12,-2,-16,sil
28.974840879440308,5,8,4,6,2,-14,-26,-6,-24,-3,-2,8,0,-3,sil
28.974840879440308,12,11,8,13,2,-6,-24,-1,-13,-1,6,7,0,0,sil
28.990445375442505,11,3,1,6,0,-1,-18,2,4,-2,-6,-5,-1,-7,sil
28.990445375442505,0,0,-4,0,0,1,-14,2,11,-10,-13,-7,0,-11,sil
29.006506204605103,-4,0,0,3,0,1,-2,-1,0,-18,-3,1,-1,-7,sil
29.006506204605103,8,4,8,10,0,3,16,2,3,-5,10,11,6,9,sil
29.021631002426147,8,1,-2,0,0,6,17,3,20,14,17,6,21,17,sil
29.021631002426147,-7,-9,-11,-17,-3,0,-1,0,9,7,11,-2,11,4,sil
29.03724694252014,-5,-11,-9,-15,0,2,0,-1,-3,0,14,0,0,-3,sil
29.03724694252014,6,-6,-3,-17,1,11,13,-2,8,4,22,6,12,1,sil
29.0526180267334,9,-5,5,-25,-1,1,1,3,10,-3,11,10,12,7,sil
29.0526180267334,7,2,-1,-7,0,-10,-8,1,0,-9,7,10,2,2,sil
29.068491220474243,9,21,2,21,6,-1,-1,-4,3,3,20,16,7,5,sil
29.068491220474243,15,32,24,33,13,0,2,0,0,10,20,23,9,16,sil
29.0834755897522,20,22,18,25,8,-13,0,-2,-9,4,13,21,-2,9,sil
29.0834755897522,10,3,0,4,-5,-14,-1,-5,-5,4,10,13,-4,-5,sil
29.09884738922119,-4,-3,0,-2,-13,-5,-5,-3,-15,-5,-1,-1,-10,-11,sil
29.09884738922119,-14,-1,0,5,-2,-3,-10,-5,-38,-32,-17,-15,-33,-13,sil
29.11478281021118,-11,0,-9,4,5,-4,-6,-2,-30,-41,-19,-12,-36,-20,sil
29.11478281021118,0,2,0,0,1,-4,-3,1,-7,-30,-10,0,-15,-16,sil
29.13054895401001,2,2,6,2,0,0,-10,0,-13,-27,-8,-2,-11,-5,sil
29.13054895401001,-7,0,-6,9,1,4,-11,-2,-19,-23,-17,-15,-15,-4,sil
29.14656901359558,-14,3,-2,12,4,9,-4,0,-4,0,-14,-10,0,-4,sil
29.14656901359558,-12,2,0,11,5,12,3,3,6,31,0,-9,14,0,sil
29.162639379501343,-11,-8,-4,4,3,20,8,3,5,36,-2,-20,2,0,sil
29.162639379501343,-14,-14,0,4,4,22,17,9,12,21,-15,-23,-7,0,sil
29.178029775619507,-14,-15,-5,4,2,15,26,10,21,20,-19,-24,-3,3,sil
29.178029775619507,-18,-24,-14,-12,-7,10,22,6,19,19,-30,-28,-7,0,sil
29.1936616897583,-21,-31,-17,-30,-12,6,19,9,21,10,-39,-26,-9,2,sil
29.1936616897583,-4,-21,-5,-25,-8,-2,21,9,34,17,-14,-4,13,19,sil
29.20977473258972,17,-4,19,-11,-1,-5,11,5,42,31,17,28,39,35,sil
29.20977473258972,18,3,12,-7,-1,0,2,-1,37,28,28,36,32,22,sil
29.22549533843994,5,1,-9,-13,-3,-1,-1,-8,14,5,14,14,5,-4,sil
29.22549533843994,2,2,-9,-12,0,-13,-16,-7,-13,-14,1,0,-4,-14,sil
29.24057674407959,7,10,1,-2,0,-18,-25,-6,-24,-17,4,4,2,-10,sil
29.24057674407959,11,10,6,-2,-2,-14,-15,-4,-23,-14,15,17,6,-6,sil
29.25641250610352,17,9,6,0,2,-7,-3,-3,-15,-7,20,26,8,5,sil
29.25641250610352,20,18,16,10,8,-3,-6,-6,-12,-6,20,24,13,14,sil
29.27198338508606,15,20,14,12,3,-9,-10,-7,-17,-12,21,14,12,4,sil
29.27198338508606,12,12,2,7,0,-10,-13,-6,-17,-13,24,9,6,0,sil
29.28692865371704,12,13,10,3,1,-4,-21,-2,-16,-17,16,9,0,0,sil
29.287046670913696,11,13,4,5,0,-5,-17,-1,-8,-21,6,0,-7,-3,sil
29.302696466445923,8,8,-5,8,1,-5,-4,0,3,-7,14,4,-5,-8,sil
29.302696466445923,2,2,2,8,6,-1,1,8,5,8,22,14,2,-2,sil
29.31783556938172,-11,-9,-4,-2,-3,-3,0,3,0,3,3,-1,-3,-7,sil
29.31783556938172,-28,-24,-20,-19,-12,0,0,-2,0,-7,-21,-23,-18,-18,sil
29.33342480659485,-29,-23,-20,-17,-7,15,16,1,10,-1,-28,-27,-20,-16,sil
29.33342480659485,-21,-10,-10,-3,-4,19,29,4,19,-2,-32,-27,-22,-8,sil
29.349576473236084,-17,1,0,3,-3,5,7,2,-1,-19,-30,-21,-31,-10,sil
29.349576473236084,-12,7,3,12,1,-2,-11,-2,-30,-23,-18,-11,-27,-16,sil
29.36377549171448,-3,5,4,22,9,4,-4,-3,-32,-11,-15,-12,-9,-8,sil
29.37915682792664,-1,9,3,33,19,17,3,4,-16,3,-9,-10,3,3,sil
29.37915682792664,-1,12,6,36,19,18,4,6,-12,18,-1,0,6,8,sil
29.37915682792664,3,0,4,12,1,6,5,0,-16,20,-5,2,7,11,sil
29.395345449447632,3,-12,-3,-10,-9,0,8,0,0,18,-8,-1,12,10,sil
29.395345449447632,-1,-8,5,-7,-5,-3,6,1,22,17,0,3,7,10,sil
29.410436868667603,0,-9,9,-8,-5,-12,6,0,32,13,3,8,3,14,sil
29.4274742603302,9,-10,-3,-18,-5,-8,11,0,36,20,14,7,19,19,sil
29.4274742603302,14,1,1,-9,1,8,13,6,43,35,22,12,31,26,sil
29.4274742603302,17,11,11,3,0,9,6,5,42,28,14,10,13,21,sil
29.443803548812863,19,8,4,0,4,1,3,0,28,9,10,8,3,4,sil
29.443803548812863,13,1,-9,-1,11,7,8,0,13,3,12,9,15,2,sil
29.45838165283203,0,-4,-3,-9,-1,7,-2,-2,-4,-5,5,5,8,6,sil
29.45937943458557,-5,-11,3,-24,-19,-1,-18,-4,-20,-18,-2,0,-7,-4,sil
29.4739933013916,-6,-10,-7,-19,-6,-7,-13,-5,-19,-16,-8,-6,-7,-20,sil
29.489610195159912,-11,-7,-9,-11,5,-11,-13,-6,-17,-23,-19,-6,-12,-23,sil
29.489610195159912,-14,-7,-9,-16,0,-11,-18,-1,-22,-28,-20,-6,-19,-18,sil
29.504663467407227,-7,-3,-15,-16,-2,-11,-10,0,-24,-16,-4,-6,-7,-15,sil
29.504663467407227,-6,-3,-10,-10,0,-16,-5,0,-27,-15,-1,-6,-3,-15,sil
29.521695375442505,-6,-7,-11,-7,-9,-9,-9,-1,-18,-18,-9,-10,-12,-13,sil
29.521695375442505,0,-1,-7,-9,-9,4,-3,1,-4,-6,-1,-7,-6,-5,sil
29.521695375442505,-7,3,-3,-12,0,0,2,0,-5,0,11,0,1,-5,sil
29.53541922569275,-13,1,-3,-3,0,-10,-1,-6,-10,-5,7,0,0,-7,sil
29.5508246421814,7,11,13,11,-2,-7,-4,0,-3,-2,6,6,1,5,sil
29.5508246421814,19,21,18,15,-4,-5,2,6,6,7,16,10,10,13,sil
29.56687903404236,13,15,17,19,2,0,9,0,10,13,16,9,9,7,sil
29.56687903404236,20,13,26,34,17,13,13,0,15,20,17,14,11,13,sil
29.58264470100403,20,19,13,35,17,13,13,4,21,16,16,12,10,14,sil
29.58264470100403,1,12,2,19,1,4,5,4,18,0,6,6,0,5,sil
29.59774160385132,0,4,12,27,3,9,4,0,13,7,13,10,2,7,sil
29.59774160385132,12,12,15,41,10,10,0,-3,18,19,12,13,10,10,sil
29.61291670799256,6,15,6,18,0,-1,-11,1,14,-3,-15,3,-2,4,sil
29.61291670799256,-2,4,-6,0,-5,-8,-10,0,-7,-19,-19,-4,-13,0,sil
29.628490924835205,-5,-7,-9,6,4,-3,-3,-9,-29,-11,-2,0,-4,-2,sil
29.628490924835205,-6,-10,2,2,0,3,-6,0,-27,0,0,9,5,3,sil
29.644094944000244,-4,-7,11,-1,-10,5,-5,6,-12,8,5,8,4,11,sil
29.644094944000244,-4,-8,-1,3,-1,0,2,-2,-9,0,0,-4,-8,0,sil
29.65982747077942,-6,-15,-10,-2,1,1,9,-7,-11,-13,-24,-15,-16,-12,sil
29.65982747077942,-14,-18,-8,-20,-2,17,13,3,-1,-2,-16,-14,-7,-3,sil
29.67556118965149,-17,-16,-16,-25,-5,19,10,8,12,14,1,-13,0,0,sil
29.67556118965149,-4,-8,-13,-21,3,5,5,1,17,14,0,-10,3,0,sil
29.69058299064636,1,-1,-12,-20,15,0,5,4,13,8,-4,-6,6,5,sil
29.69058299064636,-8,-8,-28,-27,5,0,5,1,11,1,-21,-24,-3,-9,sil
29.705767154693604,-20,-22,-25,-43,-12,-4,-3,-7,9,-5,-47,-35,-18,-29,sil
29.705767154693604,-19,-24,-22,-47,-12,-1,-3,-5,3,-4,-43,-30,-14,-23,sil
29.72189283370972,-7,-17,-24,-44,0,0,8,-1,-5,-6,-29,-25,-11,-12,sil
29.72189283370972,0,-7,-10,-39,1,-5,11,1,-4,-4,-17,-17,-11,-6,sil
29.737923622131348,3,0,2,-25,-9,-12,0,1,0,2,6,0,3,0,sil
29.737923622131348,7,1,8,-7,-15,-16,-11,0,-9,-4,22,7,11,5,sil
29.753936290740967,8,7,11,6,-2,-16,-11,-1,-14,-10,20,12,3,1,sil
29.753936290740967,9,20,15,20,8,-10,-12,0,-7,-5,26,23,7,0,sil
29.769465684890747,18,26,30,40,7,0,-6,1,0,1,37,35,17,14,sil
29.769465684890747,20,24,32,57,5,1,8,-1,5,14,38,34,13,21,sil
29.78482937812805,1,18,18,53,7,0,5,-3,5,12,26,22,5,6,sil
29.78482937812805,0,12,8,43,6,3,0,1,16,7,26,18,14,2,sil
29.80074906349182,22,16,28,37,0,2,0,6,21,13,33,27,21,16,sil
29.80074906349182,19,14,26,23,-11,-4,-11,3,0,0,12,22,4,10,sil
29.816208124160767,0,2,-2,10,-8,-5,-21,-5,-17,-18,-3,2,-1,0,sil
29.816208124160767,8,7,9,13,6,1,-9,0,-7,-6,10,10,9,7,sil
29.831801652908325,15,8,15,19,7,2,0,1,0,6,8,12,4,6,sil
29.831801652908325,-4,-11,-12,1,-2,-2,-7,-13,-11,-10,-21,-11,-14,-9,sil
29.847877979278564,-13,-15,-13,-17,-1,-5,-6,-4,-13,-24,-20,-18,-13,-9,sil
29.847877979278564,-2,-3,-6,-14,4,0,9,10,5,-3,-1,-4,3,3,sil
29.863428592681885,0,-6,-11,-17,1,13,15,2,17,6,-10,-4,5,7,sil
29.863428592681885,-12,-7,-17,-26,-2,14,1,0,2,-7,-29,-15,-13,-5,sil
29.87952756881714,-11,0,-12,-18,2,-1,-3,0,-5,-13,-22,-19,-21,-14,sil
29.87952756881714,-2,5,-2,-10,4,-4,2,6,5,-2,-2,-10,-6,-3,sil
29.8946590423584,-1,3,-7,-13,-3,2,4,4,3,2,5,-3,2,3,sil
29.8946590423584,-1,-3,-4,-6,-6,0,3,-3,-15,-5,-4,-5,-6,-2,sil
29.910706996917725,2,-5,-1,10,3,5,10,-3,-13,-2,-6,0,-4,-2,sil
29.910706996917725,0,0,-4,4,7,13,8,-2,-2,8,5,2,6,0,sil
29.92573642730713,-12,-4,-8,-13,0,6,-4,-3,-15,5,-3,-8,1,-5,sil
29.92573642730713,-10,-14,-13,-8,0,3,1,-1,-13,6,-21,-18,-8,-7,sil
29.941765785217285,-2,-14,-7,-7,3,6,14,1,2,22,-15,-12,-7,-2,sil
29.941765785217285,-12,-13,-10,-24,4,4,13,5,7,25,-6,-12,0,0,sil
29.95742917060852,-20,-18,-15,-16,2,6,16,2,9,7,-20,-20,-6,-7,sil
29.95742917060852,-15,-11,0,6,0,15,21,2,9,2,-30,-21,-20,-9,sil
29.972500324249268,-12,-2,-2,7,-2,4,16,2,6,19,-10,-14,-11,0,sil
29.972500324249268,-8,-4,-6,-8,-6,-12,0,-1,14,19,10,-1,9,4,sil
29.98851585388184,0,-10,-1,-10,-13,-12,-16,0,18,-2,11,7,14,0,sil
29.98851585388184,7,-5,9,0,-16,-8,-11,-1,18,-1,13,13,15,4,sil
30.00381851196289,20,9,28,4,-8,-9,-3,-4,23,7,21,28,21,20,sil
30.00381851196289,22,15,19,0,-4,-21,-18,-7,11,-13,13,24,9,8,sil
30.01983594894409,14,13,13,0,-7,-27,-44,-9,-11,-37,5,13,-6,-12,sil
30.01983594894409,18,20,13,6,0,-14,-35,0,-5,-21,28,22,4,0,sil
30.03589105606079,18,22,0,0,6,-12,-14,-1,0,0,42,24,11,8,sil
30.03589105606079,2,17,8,1,4,-15,-16,-4,-25,-17,16,9,-7,-8,sil
30.05202627182007,8,27,18,32,9,0,-12,0,-32,-27,11,10,-6,-8,sil
30.05202627182007,27,37,20,50,16,10,1,0,-27,-15,24,17,3,8,sil
30.067646980285645,8,17,7,24,9,5,0,2,-39,-14,2,0,-7,5,sil
30.067646980285645,-11,-4,-14,7,3,13,9,10,-20,1,-12,-14,-10,0,sil
30.082778930664062,4,-4,5,13,9,24,30,12,23,38,10,3,17,19,sil
30.082778930664062,9,-7,4,11,7,15,29,9,31,37,15,8,32,29,sil
30.09818911552429,-4,-24,-19,-6,-12,0,11,0,13,3,-19,-13,6,3,sil
30.1137273311615,-12,-28,-13,-21,-15,0,9,0,4,-17,-46,-20,-20,-16,sil
30.1137273311615,-19,-23,-18,-19,0,0,16,-1,2,-16,-38,-21,-20,-16,sil
30.1137273311615,-17,-21,-17,-19,3,-1,8,-3,0,-11,-27,-18,0,-9,sil
30.12889623641968,-4,-18,-3,-24,4,0,6,1,13,-7,-20,0,26,-1,sil
30.12889623641968,-2,-8,-18,-14,4,0,6,0,16,6,-2,8,22,3,sil
0.0418996810913085,-3,1,-10,0,-3,0,-10,-10,-1,21,9,4,-8,0,sil
0.0418996810913085,0,10,16,3,-2,5,-16,-8,-13,11,2,-1,-25,-4,sil
0.0418996810913085,-4,17,2,8,0,12,-6,0,-10,-1,0,-10,-24,-10,sil
0.0579545497894287,-19,5,-10,2,-13,11,-2,0,-3,8,1,-16,-15,-15,goodbye
0.0579545497894287,-21,-9,-2,-11,-8,18,10,4,1,24,-11,-19,-8,-13,goodbye
0.0739142894744873,-20,-5,-13,-7,8,26,25,5,3,17,-22,-27,-12,-9,goodbye
0.0886046886444091,-19,-4,-10,-1,0,15,21,0,4,4,-13,-18,-13,-4,goodbye
0.0886046886444091,-3,-10,4,-10,-12,-2,16,4,14,16,1,-1,-1,10,goodbye
0.1038072109222412,8,-6,1,-11,-5,-19,5,3,19,23,7,0,7,22,goodbye
0.1038072109222412,10,-2,6,-7,-4,-35,-22,-1,9,0,1,10,9,13,goodbye
0.1189701557159423,21,4,7,0,-3,-38,-39,0,1,-19,12,36,17,6,goodbye
0.1189701557159423,34,21,20,6,11,-30,-36,-4,1,-16,42,49,32,14,goodbye
0.1347489356994629,33,26,31,7,9,-24,-35,-3,-5,-15,49,39,26,10,goodbye
0.1347489356994629,19,21,9,10,0,-17,-30,-7,-21,-27,31,20,1,-10,goodbye
0.1503939628601074,3,21,8,11,4,-5,-12,-1,-30,-45,9,4,-16,-14,goodbye
0.1503939628601074,-6,6,4,5,2,5,10,9,-17,-27,-5,-10,-12,-5,goodbye
0.1657862663269043,0,-10,-4,2,-1,9,17,-1,-1,9,-7,-9,2,0,goodbye
0.1657862663269043,6,-2,6,13,3,10,9,-9,-6,6,-1,0,3,4,goodbye
0.1809256076812744,-8,-2,-5,15,0,9,4,0,-14,-10,-10,-12,-7,-2,goodbye
0.1809256076812744,-17,-14,-10,0,-9,7,5,4,-1,0,-21,-23,-6,-10,goodbye
0.1965746879577636,-1,-7,-5,-6,0,13,11,3,20,16,-8,-9,4,-2,goodbye
0.1965746879577636,0,-2,-12,2,12,18,20,-2,23,18,0,0,4,0,goodbye
0.2116281986236572,-6,-5,-2,10,7,15,20,2,2,10,-11,-5,-4,0,goodbye
0.2116281986236572,0,0,-1,12,7,13,15,5,-7,1,-12,-11,-3,2,goodbye
0.226966381072998,0,1,-6,0,4,3,4,0,-1,0,3,-1,1,0,goodbye
0.226966381072998,0,-1,0,-2,-5,-3,3,3,9,21,15,16,6,7,goodbye
0.2425503730773925,3,-2,0,4,-2,2,7,6,12,27,5,10,4,7,goodbye
0.2425503730773925,-9,-11,-6,-21,0,1,-2,-1,0,-1,-15,-13,-11,-6,goodbye
0.257922887802124,-16,-12,-18,-44,-6,-5,-7,-4,-6,-12,-16,-15,-11,-1,goodbye
0.257922887802124,-1,-1,2,-18,-8,-5,-7,0,-3,-3,-4,4,5,12,goodbye
0.2740464210510254,4,4,15,6,-6,-5,-22,3,-2,-4,-9,7,2,0,goodbye
0.2740464210510254,2,5,-2,1,-8,-2,-16,-6,2,-2,-8,-1,-2,-7,goodbye
0.2898595333099365,4,4,0,-5,-7,10,11,-2,12,8,7,2,4,7,goodbye
0.2898595333099365,0,0,4,2,1,9,16,2,2,2,1,1,0,4,goodbye
0.3049626350402832,-3,0,3,1,9,-5,-2,-1,-17,-12,-11,-1,-14,-9,goodbye
0.3049626350402832,2,0,4,-8,2,-2,-1,0,-2,0,8,7,1,3,goodbye
0.3207933902740478,0,-4,0,0,-6,0,2,0,15,7,16,2,14,9,goodbye
0.3207933902740478,-11,-2,0,14,-7,-10,-15,-9,-9,-20,-13,-17,-12,-16,goodbye
0.3358552455902099,-12,0,-2,6,-5,-17,-19,-8,-13,-22,-7,-17,-19,-21,goodbye
0.3358552455902099,1,5,3,2,3,-9,0,1,16,10,25,5,12,3,goodbye
0.3518955707550049,13,17,18,23,15,0,6,7,13,13,16,15,22,9,goodbye
0.3518955707550049,10,10,0,20,10,0,0,-2,0,0,-4,2,6,-1,goodbye
0.3676121234893799,3,-8,-14,-12,-6,-10,-3,-1,0,0,-2,-1,-1,-1,goodbye
0.3676121234893799,-6,-10,-5,-14,-8,-16,-6,6,-6,-3,-3,0,-8,-3,goodbye
0.382791519165039,-11,-9,-3,0,5,-1,1,-1,-11,-7,-9,-4,-13,-7,goodbye
0.3831570148468017,1,-9,-4,-7,5,14,13,-4,0,1,0,-5,-2,2,goodbye
0.3989112377166748,9,-1,3,-5,-1,10,8,2,0,5,11,2,6,4,goodbye
0.3989112377166748,2,4,12,7,2,-1,0,5,-15,0,4,5,4,-1,goodbye
0.4145393371582031,6,12,10,6,7,3,9,5,-4,0,1,6,3,9,goodbye
0.4145393371582031,13,15,9,0,2,14,16,1,13,11,16,10,9,18,goodbye
0.4300272464752197,7,5,1,3,6,11,5,0,16,11,11,9,11,3,goodbye
0.4300272464752197,2,2,-4,1,11,3,-2,3,7,0,-2,6,7,0,goodbye
0.4452495574951172,1,7,-2,-7,0,-2,-1,2,5,0,9,11,8,8,goodbye
0.4452495574951172,0,1,-7,-10,-10,-4,1,0,16,12,15,6,12,6,goodbye
0.4609644412994385,-2,-3,-8,-5,-10,-1,-5,-2,10,0,0,-6,0,-6,goodbye
0.4766004085540771,-10,-2,-5,-1,-9,-4,-23,-8,-18,-27,-9,-11,-26,-19,goodbye
0.4766004085540771,-9,-4,-7,1,-10,-7,-27,-10,-23,-16,-9,-8,-25,-20,goodbye
0.4766004085540771,-2,-3,3,0,-5,0,-11,-4,-12,10,-5,-2,0,-1,goodbye
0.4927589893341064,-6,-6,0,-5,-4,2,-1,-1,-25,0,-11,-10,0,5,goodbye
0.4927589893341064,-6,-12,-4,-3,-4,-4,-1,1,-34,-25,-26,-17,-15,-4,goodbye
0.5105404853820801,12,1,17,13,3,5,6,12,-2,-6,-10,3,-2,7,goodbye
0.5105404853820801,18,11,16,26,12,18,14,5,22,16,6,14,12,18,goodbye
0.522982120513916,0,1,1,16,10,10,7,-4,8,2,-4,-2,-1,2,goodbye
0.5406818389892578,-7,0,-5,11,2,3,10,1,4,5,6,-8,-6,0,goodbye
0.5406818389892578,-6,0,-8,6,-1,2,16,0,15,14,20,-6,0,4,goodbye
0.5406818389892578,-23,-17,-11,-14,0,-7,0,-5,-2,-15,-27,-22,-20,-14,goodbye
0.5547654628753662,-33,-24,-16,-20,0,-13,-9,0,-12,-21,-48,-25,-27,-24,goodbye
0.5708439350128174,-11,-3,-4,-4,0,-1,2,7,14,11,-2,-2,0,-2,goodbye
0.5708439350128174,5,8,6,-2,0,8,12,5,23,19,9,1,5,4,goodbye
0.5865073204040527,1,0,0,-12,0,3,7,-3,6,7,-12,-3,0,-3,goodbye
0.5865073204040527,6,-1,1,-13,-3,0,7,-1,8,10,0,5,18,4,goodbye
0.5865073204040527,19,0,3,-11,-7,0,8,0,12,5,14,10,25,12,goodbye
0.6036386489868164,11,-9,-2,-21,-10,-10,-8,-3,0,-10,4,3,8,0,goodbye
0.6036386489868164,2,-10,-7,-26,-12,-22,-18,-2,0,-3,13,12,11,0,goodbye
0.6196792125701904,16,9,3,-12,0,-20,-7,3,14,12,45,32,32,12,goodbye
0.6196792125701904,27,20,19,0,10,-11,-9,7,5,1,47,37,25,8,goodbye
0.6347353458404541,17,22,14,12,5,-8,-10,0,-8,-9,24,20,7,-2,goodbye
0.6347353458404541,10,33,13,32,8,-5,-2,-4,-17,-7,21,13,5,0,goodbye
0.6508266925811768,16,37,23,47,18,-1,-10,0,-31,-7,29,19,4,0,goodbye
0.6508266925811768,10,17,11,34,12,4,-19,-3,-32,-14,3,4,-13,-7,goodbye
0.6665821075439453,-11,0,-4,12,0,12,-7,-9,-28,-20,-36,-19,-31,-5,goodbye
0.6665821075439453,-23,-1,-7,17,0,19,7,-3,-26,-14,-37,-28,-31,-2,goodbye
0.6815621852874756,-25,-11,-8,21,0,26,16,4,-2,3,-26,-29,-27,-6,goodbye
0.6815621852874756,-30,-32,-22,-9,-12,30,28,12,28,20,-41,-36,-26,0,goodbye
0.696852445602417,-28,-43,-26,-31,-22,23,30,9,39,22,-42,-34,-16,1,goodbye
0.696852445602417,-19,-32,-10,-13,-8,8,21,2,35,19,-15,-15,4,6,goodbye
0.7124485969543457,-7,-17,-6,0,4,0,3,-2,30,18,-3,1,21,18,goodbye
0.7298498153686523,6,-9,-5,-12,6,-3,-18,-10,8,4,0,9,15,11,goodbye
0.7298498153686523,14,0,-1,-12,6,-6,-16,-6,-8,-6,13,7,2,-4,goodbye
0.7298498153686523,6,11,3,2,6,-12,0,0,-4,0,18,0,4,-5,goodbye
0.7449290752410889,0,14,7,2,1,-13,-9,0,-2,-2,5,4,8,-3,goodbye
0.7449290752410889,10,6,2,-3,0,-9,-14,0,-2,-4,8,15,14,-1,goodbye
0.7595806121826172,20,5,8,-5,0,-8,-2,1,0,2,19,18,18,0,goodbye
0.7747113704681396,9,7,8,-13,0,-8,0,-3,-4,-2,8,10,1,-4,goodbye
0.7747113704681396,-3,-1,-11,-24,-6,-8,-3,-4,-11,-21,-9,-3,-18,-14,goodbye
0.789874792098999,-5,-7,-8,-23,-12,-9,-3,1,-17,-21,-7,-5,-17,-12,goodbye
0.789874792098999,-1,2,3,-4,-3,-5,-1,1,-19,-2,9,4,-1,-5,goodbye
0.804840087890625,0,7,3,0,1,-4,-5,0,-15,-2,15,10,4,0,goodbye
0.804840087890625,1,2,0,-11,-10,-12,-12,2,-11,-22,3,6,-5,-3,goodbye
0.8209395408630371,3,6,2,-4,-14,-11,-12,1,-5,-21,0,0,-11,-9,goodbye
0.8209395408630371,3,15,15,12,1,0,-1,1,5,3,8,-1,2,-1,goodbye
0.8370647430419922,5,11,14,15,6,5,10,0,17,24,15,1,14,13,goodbye
0.8370647430419922,9,4,5,19,4,0,12,-2,16,24,8,6,11,18,goodbye
0.8521463871002197,17,11,17,32,12,1,8,4,8,15,6,10,12,18,sil
0.8521463871002197,16,13,15,33,15,7,7,6,12,8,8,5,14,16,sil
0.8677544593811035,2,0,2,19,3,7,10,-2,10,0,-4,-6,-3,8,sil
0.8677544593811035,-8,-5,-6,12,3,6,12,-2,0,-4,-20,-20,-17,-1,sil
0.8838207721710205,-13,-8,-14,2,10,15,7,2,-4,-7,-28,-20,-12,-3,sil
0.8838207721710205,-20,-20,-18,-13,0,25,5,2,0,-5,-31,-14,-10,-2,sil
0.8998880386352539,-24,-16,-22,-10,-8,22,13,-2,0,6,-21,-20,-14,-10,sil
0.8998880386352539,-22,-6,-17,0,1,10,9,-1,-5,6,-10,-15,-10,-12,sil
0.9159705638885498,-12,-13,-11,-1,6,5,0,5,0,4,-4,2,0,4,sil
0.9159705638885498,-1,-14,0,-6,-1,7,0,4,10,17,10,12,10,15,sil
0.931565761566162,0,-4,5,-7,-7,3,-2,-2,0,12,13,8,7,2,sil
0.931565761566162,0,-1,-1,-7,-7,-6,-11,-10,-10,-5,0,1,-4,-11,sil
0.9467403888702391,9,1,6,-10,-5,-10,-12,-8,-9,-1,0,8,0,-4,sil
0.9467403888702391,7,0,5,-21,-7,-10,-8,1,-5,0,13,13,7,6,sil
0.962843656539917,-5,-13,-8,-27,-8,-15,-15,0,-3,-17,2,0,0,-10,sil
0.962843656539917,-5,-3,-1,-14,-5,-14,-23,-6,-2,-18,-5,-9,-9,-24,sil
0.9789140224456788,4,17,7,0,-1,-6,-15,-3,1,4,6,1,3,-6,sil
0.9789140224456788,13,19,10,0,0,-13,-13,0,2,5,12,9,16,9,sil
0.9945247173309326,20,15,12,8,1,-21,-12,2,5,-6,8,8,13,6,sil
0.9945247173309326,17,11,1,19,0,-13,4,0,15,1,12,7,7,3,sil
1.009587287902832,4,3,-1,6,-1,-9,10,0,6,1,3,5,0,0,sil
1.009587287902832,6,6,5,3,-4,-7,7,6,-6,-13,-4,5,2,-1,sil
1.0247821807861328,17,16,8,17,7,8,16,7,4,-5,11,14,13,10,sil
1.0247821807861328,4,7,2,1,16,10,11,6,14,8,15,10,6,11,sil
1.0407838821411133,-10,-2,-5,-11,4,-5,-1,0,0,-6,1,-6,-6,-8,sil
1.0407838821411133,3,0,0,2,1,-1,4,-4,-8,-17,10,5,6,-2,sil
1.056812763214111,15,-1,7,4,9,8,10,0,-4,-2,15,18,17,24,sil
1.056812763214111,-2,-15,3,-6,0,1,-3,0,-13,0,-5,0,-4,15,sil
1.0719761848449707,-17,-12,-4,1,-10,-3,-12,-1,-19,-11,-18,-18,-20,-12,sil
1.0719761848449707,-11,-7,-9,7,-3,1,0,1,-14,-7,-19,-22,-18,-12,sil
1.087578535079956,-15,-18,-11,-10,0,10,8,-1,-19,2,-27,-27,-21,-6,sil
1.087578535079956,-19,-19,-14,-12,-1,20,5,-4,-20,2,-22,-25,-24,-11,sil
1.1027603149414062,-8,7,0,16,7,25,2,1,-6,3,-4,-11,-20,-8,sil
1.1027603149414062,-4,22,10,35,13,28,12,8,10,11,-3,-4,-17,-3,sil
1.118762493133545,-10,8,3,22,9,29,25,3,20,20,-8,-9,-12,-6,sil
1.118762493133545,-14,-2,-1,7,7,21,26,-1,21,27,-7,-6,-3,-1,sil
1.1339607238769531,-10,-3,-9,1,-3,4,11,-3,18,27,-9,-5,2,6,sil
1.1339607238769531,-5,-8,-13,-20,-20,-11,-10,-4,9,3,-11,-11,2,2,sil
1.1494834423065186,-3,-15,-8,-35,-17,-17,-17,-3,2,-13,-6,-11,5,-3,sil
1.1494834423065186,0,-10,-2,-17,-4,-14,-12,0,13,1,0,0,12,0,sil
1.1656012535095217,8,2,14,-4,-2,-15,-13,1,19,9,7,17,17,12,sil
1.1656012535095217,16,3,8,-3,-7,-18,-9,-2,11,4,19,25,21,11,sil
1.18095064163208,21,-5,1,-3,-5,-17,-7,-6,2,4,22,29,26,4,sil
1.18095064163208,26,0,19,-6,0,-17,-18,4,2,-4,26,40,30,19,sil
1.1965177059173584,28,13,13,-2,0,-23,-23,3,8,-9,35,35,35,26,sil
1.1965177059173584,20,9,7,-2,0,-21,-18,-4,-2,-6,26,22,22,5,sil
1.211597919464111,12,5,8,-2,6,-5,-8,0,-17,-8,12,16,2,-3,sil
1.211597919464111,9,15,1,8,11,4,0,1,-11,-11,11,6,0,0,sil
1.227543592453003,0,14,-2,8,5,1,0,1,-10,-15,1,-5,0,-4,sil
1.227543592453003,-13,-2,-9,-7,0,0,8,8,-15,-17,-14,-13,-16,-11,sil
1.2427773475646973,-22,-10,-17,-12,0,7,15,4,-7,-12,-22,-18,-27,-17,sil
1.2427773475646973,-23,-5,-14,-3,2,7,11,-1,-2,-11,-23,-25,-25,-27,sil
1.2582924365997314,-18,0,-10,12,4,4,10,-6,-9,-10,-17,-26,-20,-26,sil
1.2582924365997314,-11,3,-3,22,4,9,16,-1,-8,-1,-3,-16,-11,-11,sil
1.2742969989776611,-8,2,2,15,-1,9,11,1,0,4,0,-7,-5,-7,sil
1.2742969989776611,-8,-2,0,4,-6,1,-2,-1,-1,0,-7,-5,-9,-6,sil
1.2902343273162842,0,-2,-2,8,-5,5,-8,-3,-16,-1,-9,-8,-12,0,sil
1.2902343273162842,3,0,2,13,-4,12,-1,-3,-15,0,-7,-15,-16,1,sil
1.3057427406311035,0,0,9,6,-1,6,3,0,3,6,-5,-11,-13,4,sil
1.3057427406311035,10,4,8,5,6,2,8,6,11,22,8,7,2,23,sil
1.321850299835205,20,8,6,7,8,4,2,1,-3,16,18,18,12,28,sil
1.321850299835205,5,0,-1,-1,-1,-2,-8,-4,-12,-3,3,7,4,9,sil
1.337634801864624,-2,-6,0,-8,-2,-3,0,0,-2,1,-4,1,3,0,sil
1.337634801864624,4,-3,9,-6,6,12,17,5,5,10,-1,8,7,5,sil
1.3529298305511477,0,-7,-5,-6,2,16,13,2,8,-3,-6,0,-1,0,sil
1.3529298305511477,-14,-11,-15,-18,-3,1,0,-4,14,-5,-8,-7,-5,-9,sil
1.3689920902252195,-11,-3,0,-15,2,-1,0,-1,30,18,3,5,13,2,sil
1.3689920902252195,0,1,6,1,7,3,0,0,37,27,8,10,23,12,sil
1.3846185207366943,7,2,11,4,6,-2,-15,-2,15,6,-3,0,5,8,sil
1.3846185207366943,9,6,6,2,0,-10,-16,-1,-4,0,-12,-10,-2,1,sil
1.3998801708221436,1,0,-4,0,-6,-9,-4,2,-3,2,-8,-11,2,-5,sil
1.3998801708221436,-11,-13,-10,-19,-12,-5,-3,3,4,0,-6,-9,0,-13,sil
1.415480613708496,-15,-20,-17,-27,-12,-6,-9,-3,5,-4,-6,-7,-3,-11,sil
1.430924892425537,-3,-14,-8,-12,-8,-7,-5,-1,-8,-12,-3,-2,5,0,sil
1.430924892425537,3,-9,-3,-6,-6,-4,9,4,-15,-17,-1,1,1,0,sil
1.430924892425537,-2,-10,-13,-18,-3,-1,15,2,-1,-11,0,2,-4,-7,sil
1.4465925693511963,-2,-1,-5,-16,0,-3,6,5,8,0,9,4,7,0,sil
1.4465925693511963,11,14,6,6,2,-4,0,5,10,13,20,12,19,7,sil
1.4632580280303955,14,16,11,11,4,-8,-3,-3,3,5,19,20,9,4,sil
1.4632580280303955,5,8,5,5,1,-11,-7,-4,-10,-13,16,12,-3,0,sil
1.4775161743164062,2,10,2,13,-3,-4,-5,-4,-18,-15,12,0,-4,-1,sil
1.4936325550079346,5,18,10,23,2,2,-1,0,-9,0,12,9,0,1,sil
1.4936325550079346,5,19,11,28,7,4,0,3,0,11,19,14,6,5,sil
1.4936325550079346,6,8,14,28,1,0,-4,-1,-8,8,20,10,11,5,sil
1.509748935699463,7,1,14,22,0,-2,-6,-4,-15,-5,10,11,1,3,sil
1.509748935699463,0,7,6,19,0,0,-4,-4,-10,-13,0,0,-16,-3,sil
1.524876832962036,0,11,0,18,2,4,-3,-2,-10,-13,-8,-13,-18,-12,sil
1.524876832962036,5,9,-2,15,6,7,1,-1,-10,-6,-11,-4,-7,-9,sil
1.540325403213501,4,10,2,11,7,13,7,0,-7,-7,-2,14,-6,-1,sil
1.540325403213501,0,1,5,5,2,16,4,-1,-13,-22,-1,13,-12,0,sil
1.5561566352844238,0,-10,4,-2,0,4,-3,-4,-22,-28,-17,-1,-20,-4,sil
1.5561566352844238,-8,-7,1,-8,-2,-2,-5,0,-14,-9,-32,-13,-24,-10,sil
1.570993185043335,-12,-6,-6,-9,0,3,2,4,6,10,-21,-16,-8,-6,sil
1.570993185043335,-10,-17,-9,-16,3,4,6,2,15,19,0,-9,13,4,sil
1.5865869522094729,-13,-18,-6,-23,-2,-5,2,2,17,25,2,-9,15,9,sil
1.6016273498535156,-5,-11,-9,-23,-4,-5,7,7,29,33,-12,-20,4,8,sil
1.6016273498535156,2,-12,-11,-26,5,6,14,8,34,29,-21,-25,0,5,sil
1.6172146797180176,-13,-12,-25,-36,6,13,6,-1,17,9,-27,-35,-2,-2,sil
1.6172146797180176,-23,-13,-33,-49,-2,8,0,-4,0,-4,-37,-42,-7,-8,sil
1.6329867839813232,-13,-16,-31,-48,-4,4,6,5,2,2,-28,-34,-7,-6,sil
1.6329867839813232,-13,-7,-17,-18,1,6,14,4,18,11,-6,-21,0,0,sil
1.648500919342041,-12,2,0,5,3,6,7,0,15,6,0,-8,9,2,sil
1.648500919342041,-4,-4,-2,8,-8,-3,-1,3,2,11,2,-1,9,-1,sil
1.6638727188110352,-4,-11,4,9,-12,-9,-1,1,4,17,16,10,9,3,sil
1.6638727188110352,4,0,22,15,1,-3,0,2,14,5,38,35,20,18,sil
1.6798863410949707,21,9,17,20,-1,-5,-5,4,12,-2,47,50,26,21,sil
1.6798863410949707,20,10,25,25,-14,-14,-13,0,-3,-3,41,47,17,15,sil
1.6958341598510742,18,12,31,26,-4,-14,-12,-9,-12,-4,31,37,10,6,sil
1.6958341598510742,18,6,17,12,0,-13,-14,-13,-19,-21,17,27,0,-8,sil
1.7108514308929443,13,0,6,4,-9,-10,-13,-6,-30,-38,4,22,-15,-15,sil
1.7108514308929443,26,14,15,25,0,-2,0,-1,-21,-23,17,32,-3,0,sil
1.7268927097320557,40,37,31,37,14,-2,0,1,-1,-3,30,41,19,13,sil
1.7268927097320557,25,25,19,21,2,-14,-8,-1,-1,-15,19,23,10,3,sil
1.742405891418457,8,3,-3,3,-7,-19,-17,-8,-15,-23,6,3,-5,-8,sil
1.742405891418457,2,13,-5,0,0,-16,-23,-6,-24,-17,0,2,-6,-10,sil
1.7580478191375732,-9,19,-9,1,3,-15,-18,-6,-34,-24,-16,-13,-14,-18,sil
1.7580478191375732,-15,4,-8,0,7,-1,-5,-7,-37,-27,-27,-33,-25,-20,sil
1.7739143371582031,-18,0,-6,5,17,23,7,3,-16,-3,-28,-35,-26,-11,sil
1.7739143371582031,-35,-6,-16,0,12,29,16,8,1,14,-40,-45,-35,-17,sil
1.7895784378051758,-37,-21,-23,-16,0,26,24,7,4,17,-48,-52,-40,-20,sil
1.7895784378051758,-9,-16,-16,-6,3,37,46,17,29,37,-24,-30,-7,6,sil
1.8051698207855225,-1,-5,-1,1,9,33,47,18,47,52,0,-9,22,24,sil
1.8051698207855225,-19,-17,-10,-17,-5,13,18,6,31,37,-11,-21,13,6,sil
1.8207993507385247,-18,-26,-21,-28,-10,11,6,0,25,17,-25,-24,3,2,sil
1.8207993507385247,6,-11,-4,-17,0,9,15,3,41,18,-3,1,20,25,sil
1.836836338043213,18,-2,0,-13,-1,-10,4,0,37,23,16,14,29,27,sil
1.836836338043213,8,-7,-4,-16,-10,-21,-19,-11,-3,-1,7,10,12,5,sil
1.852131605148316,-1,-3,-1,-9,-2,-16,-32,-10,-31,-29,7,15,0,-5,sil
1.852131605148316,0,0,7,-9,4,-14,-33,0,-11,-15,25,20,11,-4,sil
1.867887258529663,1,-4,7,-11,1,-8,-23,6,12,6,25,14,15,-2,sil
1.867887258529663,3,5,0,8,-2,-6,0,1,1,0,13,2,-1,-5,sil
1.8834598064422607,5,19,9,26,-3,-13,5,-3,-15,-13,10,3,-14,-6,sil
1.8834598064422607,7,12,17,16,-1,-6,-3,-2,-9,-5,11,12,0,8,sil
1.8985438346862795,6,0,4,0,-2,5,-8,-6,-1,6,12,8,13,12,sil
1.8985438346862795,-1,-4,3,-14,-7,1,-2,-7,-10,-1,3,0,-2,-7,sil
1.9140887260437007,-11,-11,0,-15,-13,-5,7,-6,-17,-24,-10,-5,-19,-21,sil
1.9140887260437007,-12,-10,-5,-8,-13,-7,1,-6,-25,-38,-18,-5,-19,-14,sil
1.92988395690918,2,1,3,0,-4,-8,-18,-1,-28,-28,-10,0,-13,0,sil
1.92988395690918,23,16,12,16,10,-2,-22,3,-5,-3,3,13,3,12,sil
1.9458351135253904,19,17,11,22,16,-1,-13,4,11,6,2,15,11,13,sil
1.9458351135253904,-3,4,-6,4,1,-6,-3,3,1,2,-13,-2,-6,-8,sil
1.96209979057312,-9,-5,-16,-10,-9,0,8,2,-2,5,-14,-11,-12,-21,sil
1.96209979057312,0,-5,-7,0,0,12,21,5,5,5,-3,-3,0,-6,sil
1.977698802947998,2,-1,2,13,9,9,25,0,3,0,0,-4,0,4,sil
1.977698802947998,0,1,7,14,5,5,19,-3,-5,1,1,-9,-2,0,sil
1.99389123916626,-7,2,-5,9,0,9,15,0,-1,9,0,-12,0,-7,sil
1.99389123916626,-8,3,-9,4,2,6,13,-3,1,0,-5,-8,-1,-2,sil
2.0154972076416016,6,10,6,10,8,5,12,-1,9,5,3,10,7,14,sil
2.0154972076416016,18,14,9,20,13,7,10,4,26,34,19,20,20,23,sil
2.0154972076416016,5,7,6,8,15,0,1,4,24,31,18,15,13,11,sil
2.0245344638824463,0,0,0,0,10,-4,-2,2,15,12,10,13,7,6,sil
2.040553331375122,10,0,1,7,7,3,-2,3,19,17,10,9,14,15,sil
2.040553331375122,14,-2,8,-6,2,5,-6,3,10,10,6,4,12,13,sil
2.055901527404785,1,-13,-3,-30,-13,-5,-9,0,-5,-10,0,1,5,2,sil
2.055901527404785,-10,-19,-8,-31,-27,-15,-11,2,-2,-10,-4,-4,1,0,sil
2.0709238052368164,-10,-11,-1,-22,-21,-16,-10,3,5,-4,-8,-11,-4,-5,sil
2.0709238052368164,-6,-4,1,-9,-7,-10,-11,-8,-5,-17,-8,-8,-9,-12,sil
2.0865774154663086,-4,-3,2,6,-2,0,-20,-9,-12,-23,1,0,-4,-6,sil
2.0865774154663086,-2,5,3,14,0,3,-19,3,-2,-10,8,3,-1,-1,sil
2.1027767658233643,-8,9,-1,0,2,2,-12,2,-7,-6,0,0,-10,-15,sil
2.1027767658233643,-15,0,-15,-5,-3,6,-6,-5,-16,-17,-9,-16,-25,-32,sil
2.117788076400757,-13,-1,-10,8,-2,12,5,-7,-14,-21,-14,-26,-32,-27,sil
2.117788076400757,-14,0,-2,7,1,9,6,-6,-28,-17,-18,-24,-28,-10,sil
2.1337177753448486,-23,-9,-16,-12,-9,2,-4,-8,-40,-13,-26,-35,-21,-10,sil
2.1337177753448486,-16,-10,-12,-12,-7,3,9,-1,-17,-2,-19,-29,-6,-3,sil
2.149812936782837,2,1,1,0,12,7,30,8,15,20,0,0,13,22,sil
2.149812936782837,5,0,-2,-5,7,-3,15,4,18,24,-1,8,13,24,sil
2.1655309200286865,1,-1,3,-11,0,-18,1,6,5,5,-5,4,7,6,sil
2.1655309200286865,22,5,14,-1,9,-12,13,10,9,6,15,23,18,10,sil
2.1817007064819336,33,3,14,0,7,-2,9,1,4,9,21,35,20,18,sil
2.1817007064819336,13,0,2,-1,-5,-4,-3,-7,-14,-9,0,19,4,2,sil
2.19728946685791,0,2,0,4,-3,-7,-9,-7,-7,-10,0,8,0,-10,goodbye
2.19728946685791,11,6,14,5,4,-3,-5,0,17,11,15,21,12,1,goodbye
2.212522506713867,20,9,14,14,11,2,6,4,25,25,21,25,19,15,goodbye
2.212522506713867,10,4,3,19,9,7,1,0,16,17,10,12,8,3,goodbye
2.227937936782837,0,2,3,13,-2,0,-17,-1,10,6,0,3,0,-9,goodbye
2.227937936782837,3,10,6,18,0,-7,-19,0,4,5,9,9,12,0,goodbye
2.2439393997192383,11,9,9,19,13,1,-8,0,0,4,26,17,16,10,goodbye
2.2439393997192383,9,-2,0,8,4,11,-2,4,5,3,10,2,3,5,goodbye
2.259065866470337,2,-1,-2,7,-1,9,0,3,9,4,-3,-8,0,4,goodbye
2.259065866470337,0,6,5,14,2,12,6,2,-1,1,6,-2,2,11,goodbye
2.275012731552124,-5,4,-5,5,-7,8,14,1,-7,-6,1,-12,-7,5,goodbye
2.275012731552124,-22,-8,-18,-23,-18,-4,8,1,-1,-18,-23,-33,-24,-13,goodbye
2.290530204772949,-29,-20,-22,-35,-9,-2,4,2,0,-19,-30,-35,-25,-23,goodbye
2.290530204772949,-20,-14,-14,-20,-2,8,16,2,3,-2,-19,-24,-15,-17,goodbye
2.306133508682251,-17,-3,-6,-13,0,9,23,3,8,9,-10,-17,-9,-7,goodbye
2.306133508682251,-18,-4,-4,-12,3,4,17,0,7,0,0,-8,-1,-2,goodbye
2.3217215538024902,-9,-1,0,-1,3,0,4,-3,-1,-13,3,7,3,-1,goodbye
2.3217215538024902,-1,3,0,3,-8,-8,-15,-11,-14,-16,-6,6,-9,-6,goodbye
2.3374693393707275,0,0,2,-6,-13,-15,-27,-16,-18,-13,-10,-6,-18,-8,goodbye
2.3374693393707275,7,-5,5,-12,-3,-13,-23,0,-9,-6,5,0,0,1,goodbye
2.35420560836792,9,-4,-4,-3,0,-11,-18,7,-4,2,15,12,16,9,goodbye
2.35420560836792,5,0,0,0,-1,-8,-14,0,-10,4,3,12,4,4,goodbye
2.3701233863830566,4,2,5,-1,1,0,2,-1,-3,4,-8,2,-9,0,goodbye
2.3701233863830566,4,-4,0,4,4,3,11,0,3,5,-11,0,-9,1,goodbye
2.3851125240325928,4,-5,0,5,1,2,2,-5,-5,4,-4,2,0,0,goodbye
2.3851125240325928,2,0,-5,-1,0,0,0,-2,-10,2,2,0,9,-2,goodbye
2.4007275104522705,-4,-6,-6,-8,0,-5,-2,3,-8,-7,1,0,10,-5,goodbye
2.4007275104522705,-5,-5,-2,-6,-1,-3,-7,0,-9,-10,-1,-3,1,-7,goodbye
2.416513681411743,0,8,4,0,0,2,-7,-4,-9,-2,-1,-6,-5,-10,goodbye
2.416513681411743,3,13,9,7,7,3,-3,1,-9,0,-3,-2,-3,-2,goodbye
2.431913375854492,8,10,5,11,13,6,6,3,-1,10,0,8,5,10,goodbye
2.431913375854492,17,10,11,7,9,8,9,3,17,19,17,25,16,19,goodbye
2.4473445415496826,16,7,14,6,1,1,5,11,29,7,24,27,20,17,goodbye
2.4473445415496826,10,7,6,14,1,0,8,7,20,0,7,3,15,8,goodbye
2.4625508785247803,10,15,14,19,6,10,10,4,8,8,1,-5,4,3,goodbye
2.4625508785247803,13,18,16,22,3,7,5,3,10,13,23,7,4,7,goodbye
2.479086637496948,2,10,1,14,1,-3,0,-3,4,3,27,9,9,6,goodbye
2.479086637496948,-12,-7,-17,-4,-4,-6,-7,-8,-9,-15,-7,-7,-5,-5,goodbye
2.4927682876586914,-14,-21,-17,-8,-16,0,1,-5,-4,-15,-18,-15,-20,-7,goodbye
2.508717060089112,-6,-10,6,4,-10,5,19,2,12,2,0,-3,-6,2,goodbye
2.508717060089112,-7,6,1,13,3,6,9,0,13,3,0,-3,-2,-5,goodbye
2.5239083766937256,-10,1,-13,3,4,0,-10,-7,0,-9,-14,-11,-15,-19,goodbye
2.5239083766937256,-2,-6,-4,-5,6,1,0,2,2,3,-7,0,-3,0,goodbye
2.540489912033081,5,-7,3,-4,7,4,12,10,16,24,2,16,18,18,goodbye
2.540489912033081,0,-16,-5,-16,-4,-8,0,0,1,6,-3,5,8,9,goodbye
2.540489912033081,-11,-24,-18,-29,-15,-15,-8,-2,-17,-11,-16,-17,-12,-8,goodbye
2.554615020751953,-15,-14,-14,-22,-7,0,2,1,-5,-1,-10,-16,-13,-20,goodbye
2.570517063140869,-6,-3,-2,-4,5,8,7,-3,7,7,1,-6,0,-15,goodbye
2.570517063140869,4,-2,1,-4,8,-6,-5,-11,0,2,-2,-5,5,0,goodbye
2.585728883743286,2,0,0,-20,0,-11,-12,-4,-10,-3,-4,3,7,9,goodbye
2.585728883743286,0,4,0,-12,-4,1,-2,2,-14,-3,3,5,4,10,goodbye
2.601770401000977,2,0,0,2,-7,1,-1,1,-14,-10,-6,-7,-9,0,goodbye
2.601770401000977,-3,0,-4,0,-10,-6,-7,2,-4,-15,-14,-3,-14,-2,goodbye
2.6175968647003174,-9,6,0,0,-4,-5,-9,0,0,-7,1,9,-4,0,goodbye
2.6175968647003174,-5,4,4,1,2,0,-19,-3,-18,-10,0,0,-7,-10,goodbye
2.6328258514404297,-2,-3,-8,-8,-7,0,-18,-1,-27,-23,-10,-15,-14,-21,goodbye
2.6328258514404297,1,0,-6,-4,-15,-5,-4,2,-10,-21,5,-3,-2,-9,goodbye
2.6488211154937744,11,14,14,12,0,-5,0,1,0,-7,13,9,1,1,goodbye
2.6488211154937744,12,16,10,16,12,0,3,-2,1,4,1,-1,-3,0,goodbye
2.663525581359864,7,8,9,7,10,6,1,-5,1,5,0,-1,-2,0,goodbye
2.663525581359864,5,8,14,11,6,4,-5,-4,3,8,7,8,2,4,goodbye
2.678554058074951,4,15,9,20,11,3,-2,1,8,25,17,9,10,2,goodbye
2.678554058074951,4,15,7,17,15,10,4,6,8,26,23,10,17,3,goodbye
2.693807363510132,4,3,-1,7,9,12,9,6,11,6,11,9,10,10,goodbye
2.693807363510132,0,-7,-1,-3,-1,0,15,5,12,-5,-11,1,1,11,goodbye
2.709900379180908,-8,-11,-2,-9,-6,-5,22,7,3,0,-14,-4,3,4,goodbye
2.709900379180908,-8,-14,-7,-1,2,2,21,2,3,9,2,-5,9,1,goodbye
2.7254984378814697,-2,-12,-1,13,15,12,11,1,17,20,10,-3,10,7,goodbye
2.7254984378814697,0,-3,1,20,10,10,5,1,17,20,2,-2,7,2,goodbye
2.7405691146850586,-5,-5,-6,3,1,0,9,0,0,-3,-5,-1,0,-3,goodbye
2.7405691146850586,-4,-16,-9,-11,-4,0,19,1,0,-13,-10,-2,-7,7,goodbye
2.755800008773804,11,-8,1,-9,-12,5,23,1,19,5,-11,0,0,23,goodbye
2.755800008773804,17,2,14,-5,-12,0,10,2,24,13,-5,13,13,22,goodbye
2.771829843521118,9,0,8,2,-10,-8,-10,0,10,5,4,18,11,8,goodbye
2.771829843521118,8,1,2,9,-6,-7,-31,-10,-5,1,5,9,-2,-4,goodbye
2.7895658016204834,6,7,0,0,-1,-5,-41,-12,-19,-1,1,5,-4,-7,goodbye
2.7895658016204834,0,2,-8,-6,0,-9,-34,-8,-27,-10,3,5,0,-5,goodbye
2.8026933670043945,0,0,-3,-7,0,-9,-19,-4,-17,-14,0,2,-2,-7,goodbye
2.8026933670043945,0,-2,-4,-15,-3,-12,-13,-2,0,-9,-9,-8,-7,-15,goodbye
2.818657636642456,-10,-5,-12,-25,-11,-15,-8,0,3,-10,-8,-15,-14,-18,goodbye
2.818657636642456,-14,-2,-11,-25,-9,-5,7,8,3,-10,-2,-15,-18,-18,goodbye
2.833712339401245,-24,-6,-22,-30,-4,0,13,6,2,-7,-9,-24,-14,-33,goodbye
2.833712339401245,-39,-19,-27,-48,-14,-10,-2,-1,-14,-22,-18,-30,-12,-43,goodbye
2.8497307300567627,-23,-10,-14,-29,-14,-9,-8,-2,-23,-30,-8,-14,-11,-21,goodbye
2.8497307300567627,0,14,7,18,6,9,1,-4,-15,-12,6,4,-6,1,goodbye
2.8649702072143555,5,23,15,35,19,14,6,0,-13,2,9,6,1,9,goodbye
2.8649702072143555,17,21,12,21,17,0,1,3,-10,0,15,9,9,13,goodbye
2.8804771900177,28,27,24,21,19,-5,-6,-4,-10,-9,21,20,2,13,goodbye
2.8804771900177,25,31,30,40,17,5,-6,-7,-9,-5,19,20,-3,17,goodbye
2.8965208530426025,26,24,28,50,16,17,0,4,0,17,26,24,17,36,goodbye
2.8965208530426025,24,13,21,44,18,16,4,11,3,29,30,30,33,36,goodbye
2.91298770904541,6,1,4,32,9,9,0,0,-10,12,6,5,12,10,goodbye
2.91298770904541,-7,-12,-2,13,0,13,4,0,-12,0,-14,-15,-6,-2,goodbye
2.928614377975464,-15,-25,-5,-2,0,26,30,10,18,20,-15,-12,-3,3,goodbye
2.928614377975464,-20,-29,-15,-7,2,25,46,10,52,43,-23,-18,0,2,goodbye
2.94376802444458,-20,-29,-22,-20,-4,6,29,6,53,37,-34,-31,-4,-9,goodbye
2.94376802444458,-16,-21,-20,-32,-12,-1,15,5,41,21,-21,-27,-7,-10,goodbye
2.959345817565918,-11,-10,-4,-19,-8,0,21,4,34,9,-12,-10,-2,5,goodbye
2.959345817565918,-10,-17,-2,-19,-14,-8,15,0,15,0,-24,-4,-3,4,goodbye
2.9754695892333984,-10,-33,-16,-48,-29,-24,-6,-13,-21,-20,-30,-7,-17,-13,goodbye
2.9754695892333984,0,-19,-10,-45,-26,-27,-23,-17,-41,-35,-17,-7,-15,-9,goodbye
2.992008209228516,11,6,7,-6,-13,-17,-27,-3,-22,-18,6,4,11,6,goodbye
2.992008209228516,21,15,21,8,-6,-11,-30,0,-3,0,18,23,22,3,goodbye
3.006626605987549,28,17,9,4,0,-14,-39,-12,-7,-17,14,25,9,-5,sil
3.006626605987549,24,21,4,7,6,-14,-41,-13,-17,-34,15,21,5,1,sil
3.023216962814331,12,22,20,16,12,-6,-22,4,-9,-12,28,31,15,17,sil
3.023216962814331,4,20,7,21,11,-7,0,8,5,13,34,27,17,8,sil
3.0379345417022705,-8,6,-12,-3,2,-15,-1,-4,-2,0,19,3,1,-15,sil
3.0379345417022705,-16,-9,-17,-24,-3,-11,-7,-3,-13,-17,8,-4,-7,-14,sil
3.0534701347351074,-11,-3,-18,-9,0,0,0,2,2,0,13,-1,-2,-10,sil
3.0534701347351074,-18,2,-15,-6,0,9,4,8,17,9,5,-5,-3,-25,sil
3.068498611450196,-16,0,-6,-6,0,16,5,10,9,1,-7,-9,-8,-23,sil
3.0827815532684326,0,9,6,19,11,22,15,6,-7,-2,-4,-7,-6,-8,sil
3.0827815532684326,4,20,8,28,16,24,22,3,-13,-5,0,-10,-10,-8,sil
3.097944974899292,2,14,1,15,13,13,17,0,-4,-2,-2,-7,-12,-4,sil
3.097944974899292,14,11,13,21,14,1,7,-1,-8,1,2,7,-2,8,sil
3.11407732963562,17,11,15,30,11,7,9,-3,-21,5,3,0,-1,13,sil
3.11407732963562,4,2,8,17,7,14,12,-7,-23,4,-15,-16,-13,13,sil
3.129685163497925,-3,-2,10,12,8,6,5,-7,-21,2,-24,-12,-12,17,sil
3.129685163497925,0,-3,6,19,10,5,1,-4,-14,7,-5,0,-1,17,sil
3.144858837127685,2,-11,6,8,5,13,3,0,3,17,3,0,1,13,sil
3.144858837127685,1,-14,4,-3,-7,2,5,3,28,22,-4,-7,6,14,sil
3.160893201828003,-3,-14,-1,-11,-14,-11,5,5,38,21,-6,-3,16,13,sil
3.160893201828003,-6,-21,-10,-20,-14,-5,3,9,32,16,-6,0,15,2,sil
3.176111459732056,-11,-25,-20,-28,-16,1,3,1,28,9,-21,-12,4,-7,sil
3.176111459732056,-21,-26,-16,-29,-18,-1,2,-1,28,2,-26,-20,0,-6,sil
3.191798448562622,-15,-22,-11,-24,-19,-7,-1,4,15,-3,-5,-7,1,-5,sil
3.191798448562622,-1,-9,-6,-18,-19,-17,-8,0,-3,-24,5,2,2,-7,sil
3.207923412322998,-3,0,-4,-20,-18,-21,-11,-3,-10,-38,-11,0,-7,-4,sil
3.207923412322998,-3,-4,-4,-20,-17,-15,-11,0,-5,-30,-19,-1,-22,-6,sil
3.223546266555786,7,3,0,-14,-12,-8,-13,1,-4,-17,0,4,-11,-5,sil
3.223546266555786,11,18,0,-5,0,-2,-9,1,-2,-4,16,12,12,3,sil
3.2392446994781494,10,19,5,8,17,0,-8,0,0,11,17,16,15,7,sil
3.2392446994781494,15,18,14,16,22,-4,-13,-4,-6,12,21,24,10,1,sil
3.254920244216919,14,24,4,18,17,-8,-14,-6,-16,0,26,24,14,-5,sil
3.254920244216919,1,20,3,16,12,-3,-18,-5,-24,-9,19,12,7,-10,sil
3.2699968814849854,-2,6,6,3,9,-5,-15,-6,-17,0,19,4,-3,-11,sil
3.2699968814849854,0,0,2,-4,8,-5,0,-7,-6,9,27,8,1,-9,sil
3.28554105758667,0,4,4,10,9,9,11,0,-5,9,13,4,3,-3,sil
3.28554105758667,0,9,2,29,10,22,24,3,2,13,-1,-2,-7,0,sil
3.300694465637207,4,1,-4,11,13,18,29,4,18,11,5,6,-2,3,sil
3.300694465637207,0,-4,-7,-2,8,13,16,10,22,7,9,4,10,2,sil
3.315922498703003,0,-1,1,7,-4,11,3,7,10,14,-1,-8,4,0,sil
3.315922498703003,2,3,14,10,-6,6,5,5,-7,7,-12,-9,-5,6,sil
3.3319613933563232,-1,0,3,8,-3,0,3,0,-24,-19,-24,-17,-10,8,sil
3.3319613933563232,-5,-6,-2,8,-6,0,-4,-5,-26,-26,-34,-25,-20,0,sil
3.348043203353882,9,-1,3,5,0,4,0,0,-4,0,-22,-8,-13,6,sil
3.348043203353882,13,2,4,1,9,3,11,6,16,16,-5,2,4,18,sil
3.364140748977661,0,-4,2,-1,0,1,0,1,8,3,-8,0,0,12,sil
3.364140748977661,-10,-13,-4,-8,-14,0,-12,-9,-6,-7,-12,-3,-9,0,sil
3.3797767162323,-13,-9,-8,-12,-12,-5,-5,-7,-5,-7,-10,-5,-2,-6,sil
3.3797767162323,-14,-6,-13,-6,-5,-7,3,4,5,-3,-2,-9,-1,-9,sil
3.3948068618774414,-12,-13,-15,-9,-2,-1,6,0,4,-1,3,-15,-5,-14,sil
3.3948068618774414,-21,-20,-11,-26,-8,-3,1,-7,-4,-11,-1,-20,-4,-22,sil
3.4104044437408447,-25,-17,-16,-25,-19,-9,-2,-1,3,-10,-4,-21,-3,-20,sil
3.4104044437408447,-14,-9,-9,-12,-12,-2,0,1,14,0,0,-12,0,-12,sil
3.425527811050415,-2,-5,2,-8,2,2,8,1,8,1,0,3,5,-6,sil
3.425527811050415,6,2,2,-1,6,-2,6,5,6,-3,9,16,12,4,sil
3.441636085510254,18,18,11,3,5,-6,-8,3,7,-3,22,30,15,20,sil
3.441636085510254,32,26,21,11,8,-4,-12,0,4,9,20,38,18,28,sil
3.457194328308105,39,19,23,18,10,-3,-11,1,7,24,19,33,24,27,sil
3.457194328308105,29,14,19,16,7,-9,-14,3,11,23,24,26,26,25,sil
3.4730210304260254,15,14,9,18,10,-7,-10,-1,9,16,20,23,14,16,sil
3.4730210304260254,8,8,7,14,11,0,0,0,1,15,11,19,2,6,sil
3.4885823726654053,-2,0,-2,-5,-3,0,-1,3,-6,5,3,2,-1,-1,sil
3.4885823726654053,-14,-9,-6,-19,-17,-5,-15,-4,-19,-15,-11,-13,-15,-16,sil
3.5040080547332764,-18,-18,-5,-17,-10,0,-14,-11,-26,-27,-31,-25,-32,-29,sil
3.5040080547332764,-21,-12,-19,-10,0,8,2,-5,-19,-16,-33,-30,-28,-27,sil
3.5201103687286377,-15,5,-11,2,3,14,14,3,-11,-9,-15,-14,-14,-15,sil
3.5201103687286377,0,9,1,16,8,16,15,5,-4,-13,-3,-6,-8,-10,sil
3.535269021987915,-3,0,-5,5,3,9,14,3,3,-12,-13,-20,-10,-13,sil
3.535269021987915,-18,-4,-11,-7,-4,3,15,6,10,0,-14,-25,-6,-10,sil
3.550973415374756,-13,-3,-9,0,-2,1,13,0,13,6,2,-15,3,-2,sil
3.550973415374756,0,1,-1,6,0,-2,0,-4,10,-2,15,-3,8,2,sil
3.566581964492798,4,5,3,6,4,0,0,2,3,0,14,8,9,9,sil
3.581658840179444,12,3,7,4,8,6,11,0,2,18,9,16,12,19,sil
3.581658840179444,18,0,13,3,1,-1,3,-3,0,11,4,15,8,21,sil
3.581658840179444,15,-2,10,11,-9,-14,-11,0,-11,-10,4,10,-1,12,sil
3.5969483852386475,9,-1,9,8,-6,-7,-9,-2,-17,-7,2,6,-5,3,sil
3.5969483852386475,9,0,9,0,8,6,2,-2,1,14,1,5,1,3,sil
3.612542152404785,6,-2,2,2,11,9,5,0,14,19,5,3,10,5,sil
3.612542152404785,-6,-7,-6,0,-2,0,-2,3,-1,0,-4,-6,0,-2,sil
3.627918004989624,-14,-7,-14,-12,-10,-6,-4,0,-9,-9,-21,-19,-16,-12,sil
3.64491605758667,-17,-5,-11,-17,0,-1,1,-1,0,5,-15,-8,-9,-8,sil
3.64491605758667,-17,-7,-4,-12,4,9,7,4,7,20,9,7,12,2,sil
3.64491605758667,-4,0,-2,-7,2,7,3,6,10,14,17,6,15,3,sil
3.659548282623291,3,15,0,0,0,-7,-7,0,6,-2,0,1,5,0,sil
3.659548282623291,3,16,1,6,3,-11,-13,-3,-3,-10,-4,4,5,0,sil
3.6746788024902335,7,4,9,3,2,-5,-4,1,-6,-6,6,9,10,7,sil
3.690120697021485,10,-5,4,-6,-10,-10,-6,2,-6,-9,4,2,2,2,sil
3.690120697021485,4,-10,-9,-7,-17,-15,-19,-4,-8,-21,-8,-7,-11,-7,sil
3.705854654312134,2,-8,1,-1,-8,0,-10,-3,-4,-18,-2,0,-15,-6,sil
3.705854654312134,4,-1,8,0,-7,4,0,3,3,-8,4,1,-9,-2,sil
3.7209415435791016,0,-2,-3,-8,-13,-7,-4,0,2,-11,-1,0,-3,-3,sil
3.7209415435791016,-4,-2,-7,-9,-1,-3,0,-4,-7,-12,-3,0,-1,0,sil
3.7364869117736816,-4,5,0,4,6,7,8,0,-10,0,0,-4,-7,0,sil
3.7364869117736816,-3,8,3,11,5,6,8,-1,0,5,0,0,-6,-6,sil
3.752718448638916,5,5,0,8,9,11,16,-1,20,15,7,12,10,5,sil
3.752718448638916,9,5,4,3,9,13,17,6,28,22,7,10,19,11,sil
3.768689393997192,0,1,7,3,4,0,2,12,17,19,-1,0,8,0,sil
3.768689393997192,-6,0,0,16,7,0,0,3,9,18,0,-4,0,-2,sil
3.783814907073975,-10,0,1,19,11,11,3,-6,-2,8,0,-5,0,2,sil
3.783814907073975,-10,-1,-4,1,2,4,-4,-8,-19,0,-6,-8,-6,-5,sil
3.799232721328736,-1,0,-7,-6,-4,-7,-10,-5,-19,-4,-4,-6,-13,-9,sil
3.799232721328736,4,7,5,2,-1,-4,-2,1,-3,-7,0,-3,-9,0,sil
3.815037250518799,0,6,3,4,0,-3,3,0,1,-8,-5,-11,-4,-3,sil
3.815037250518799,0,0,0,-3,2,-8,0,-2,-6,-9,-12,-8,-7,-5,sil
3.830683946609497,11,2,3,-2,5,-2,1,2,-2,-5,2,7,-1,5,sil
3.830683946609497,15,1,3,0,0,5,2,1,-2,0,17,12,9,13,sil
3.846269607543945,15,0,8,0,0,1,-6,-2,-22,-6,7,10,12,12,sil
3.846269607543945,10,2,4,2,2,-2,-14,-6,-22,-6,6,11,14,10,sil
3.861772775650024,-6,-6,-5,-6,-2,-2,-14,-3,2,2,20,7,13,1,sil
3.861772775650024,-18,-15,-13,-21,-8,0,-7,6,25,14,15,0,8,-3,sil
3.877023696899414,-17,-14,-10,-15,-4,9,13,11,32,25,-8,-6,2,0,sil
3.877023696899414,-17,-21,-12,-4,-3,17,30,4,22,14,-26,-21,-12,-6,sil
3.8926963806152335,-13,-19,-21,-3,-3,4,16,-3,3,-8,-23,-23,-21,-12,sil
3.8926963806152335,-4,1,0,-8,0,-7,0,-5,-15,-17,-11,0,-12,-7,sil
3.9081881046295166,-5,3,4,-15,-4,-5,5,-1,-27,-19,-16,0,-14,-9,sil
3.9081881046295166,-12,-12,-15,-18,-14,-1,7,-3,-21,-20,-25,-22,-23,-16,sil
3.923541784286499,0,-4,-4,-7,-6,-6,-9,2,2,-4,-6,-10,-1,-1,sil
3.923541784286499,23,12,18,14,-4,-12,-22,7,21,11,13,17,26,17,sil
3.938546657562256,24,13,24,23,-8,-8,-10,-1,15,13,16,28,27,25,sil
3.938546657562256,20,14,19,22,3,6,6,-2,14,17,25,25,21,31,sil
3.9546403884887695,27,21,14,24,11,9,3,1,15,14,26,16,16,22,sil
3.9546403884887695,17,14,7,15,3,-7,-9,0,-8,-3,5,7,0,0,sil
3.969785928726196,-7,-3,-5,6,4,-7,-2,-1,-22,-7,-4,0,-9,-10,sil
3.969785928726196,-10,-1,0,11,12,9,6,8,-3,0,2,1,-1,-1,sil
3.9858531951904297,-1,10,4,13,9,8,0,12,10,7,8,9,3,-1,sil
3.9858531951904297,-10,1,-9,-5,-1,-11,-11,-4,8,2,3,0,-2,-20,sil
4.001884698867798,-22,-7,-8,-23,-4,-14,-17,-11,-2,-11,-2,-9,-14,-33,sil
4.001884698867798,-9,6,0,-11,2,-1,-12,-5,-14,-16,2,-5,-13,-22,sil
4.024638414382935,-2,8,0,-4,0,-4,-13,-6,-26,-23,3,-1,-13,-12,sil
4.024638414382935,-11,-5,0,-10,-5,-11,-11,-4,-28,-29,-1,-4,-18,-14,sil
4.024638414382935,-4,0,7,3,5,6,10,0,-10,-4,3,-4,-10,-5,sil
4.03367018699646,13,9,14,18,19,30,29,6,7,13,4,-2,1,11,sil
4.048683166503906,12,3,2,13,11,23,24,14,9,2,-9,-8,1,15,sil
4.048683166503906,2,-4,-5,2,-3,3,10,3,0,0,-14,-10,3,14,sil
4.063809633255005,2,-7,-3,0,-9,10,11,-10,2,15,-14,-8,10,22,sil
4.063809633255005,2,-11,-11,0,-1,21,21,-7,18,27,-12,-5,14,27,sil
4.079360246658325,-3,-15,-16,-8,6,6,11,5,27,31,-5,-2,16,18,sil
4.079360246658325,-9,-17,-19,-19,0,-8,0,4,19,21,-10,-9,12,5,sil
4.095064640045166,-8,-17,-12,-17,-13,-9,-1,-6,5,1,-20,-12,0,0,sil
4.095064640045166,-8,-18,-8,-23,-19,-15,-10,-3,1,-9,-10,-3,-3,-2,sil
4.110621690750122,-8,-16,-19,-35,-15,-23,-11,3,12,-3,2,0,6,-11,sil
4.110621690750122,-1,-3,-9,-24,-7,-20,-11,3,9,0,5,1,9,-21,sil
4.125769376754761,6,5,2,-5,-5,-22,-25,-1,-10,-11,9,4,0,-23,sil
4.125769376754761,5,13,3,-4,-7,-17,-27,-8,-22,-25,16,5,-2,-20,sil
4.141808032989502,8,21,15,1,0,5,-4,-5,-24,-21,13,9,-5,-11,sil
4.141808032989502,7,11,16,18,2,17,10,1,-21,-1,-2,7,-14,2,sil
4.157648086547852,0,-3,16,19,0,14,10,6,-6,4,-10,12,-14,18,sil
4.157648086547852,18,17,27,32,8,16,10,8,15,3,13,25,-5,27,sil
4.173064947128296,38,41,36,54,15,12,4,4,15,7,32,22,-10,21,sil
4.188687086105347,12,19,20,32,12,5,2,0,-1,11,12,5,-15,4,sil
4.188687086105347,-9,-9,-10,1,9,10,18,-3,0,14,-5,-8,0,-5,sil
4.188687086105347,-2,-3,-10,10,5,7,20,-6,4,5,0,-10,12,-3,sil
4.204447031021118,-5,8,6,16,0,-2,0,-1,-2,-13,5,1,7,1,goodbye
4.204447031021118,-19,0,-2,-2,3,-4,-16,2,-2,-17,5,10,4,-2,goodbye
4.219472646713257,-24,-9,-15,-13,6,-5,-17,1,1,-1,-2,0,4,-11,goodbye
4.234872817993164,-25,-8,-12,-11,-3,-11,-7,1,0,7,-10,-17,1,-13,goodbye
4.234872817993164,-17,-10,-9,-13,-9,-5,-1,2,3,0,-11,-16,0,-10,goodbye
4.250911712646484,-7,-15,-18,-15,-3,1,-6,4,10,-1,-13,-9,-3,-6,goodbye
4.250911712646484,-4,-13,-13,-16,-2,-1,-8,1,4,7,-10,-4,1,0,goodbye
4.250911712646484,2,-10,0,-20,-8,-3,-3,1,-2,0,5,2,19,9,goodbye
4.266542673110962,13,-12,-2,-18,-11,0,0,0,-1,-7,7,1,16,8,goodbye
4.266542673110962,13,-4,4,-5,-4,-1,0,-7,-8,-3,-7,-3,-2,2,goodbye
4.281675815582275,10,7,5,6,0,-3,3,-13,-19,-3,-11,-2,-6,0,goodbye
4.297472953796387,10,6,0,5,0,0,4,-6,-14,-8,-1,2,-1,0,goodbye
4.297472953796387,13,4,11,1,9,0,2,3,-7,-4,4,9,-2,8,goodbye
4.298462629318237,19,16,7,8,12,-3,-1,0,-9,0,4,7,-3,10,goodbye
4.312640428543091,13,15,-3,1,3,-3,-13,-9,-18,-7,0,0,-7,-4,goodbye
4.328529357910156,-5,-4,-6,-16,-2,-2,-9,0,-12,-11,0,-7,-12,-17,goodbye
4.328529357910156,-16,-9,-10,-10,-3,2,14,9,4,1,0,-16,-6,-12,goodbye
4.3437159061431885,-8,1,-1,4,-2,12,28,10,14,14,-3,-10,0,0,goodbye
4.3437159061431885,-6,-1,1,5,-5,9,20,4,24,14,-4,0,-3,0,goodbye
4.359837770462036,-14,-3,3,0,-6,2,9,-2,29,8,4,2,0,0,goodbye
4.359837770462036,-2,12,17,9,5,11,11,0,25,16,19,9,17,13,goodbye
4.377445220947266,15,13,12,24,13,10,10,0,22,27,20,11,21,16,goodbye
4.377445220947266,6,-2,3,18,0,-4,-8,-6,12,12,1,5,3,3,goodbye
4.377445220947266,0,-7,2,4,-5,-2,-13,-3,3,-4,-4,3,-3,0,goodbye
4.390616178512573,6,-6,-2,-3,0,0,-8,-1,1,-2,-3,0,-7,0,goodbye
4.405838251113892,0,-10,-3,-12,-6,-10,-16,5,-1,-5,-20,-4,-19,-3,goodbye
4.405838251113892,-11,-7,-6,-10,-7,-4,-8,6,2,0,-14,0,-7,-4,goodbye
4.4221272468566895,-13,-5,-14,-7,1,2,3,-4,0,0,0,-5,0,-4,goodbye
4.4221272468566895,-17,-5,-14,-11,0,-5,-5,-1,-24,-20,-19,-17,-17,-12,goodbye
4.438007354736328,-12,0,-6,-6,-3,-4,-3,5,-17,-19,-18,-2,-12,-3,goodbye
4.438007354736328,6,1,0,-1,2,2,9,5,9,0,15,17,19,9,goodbye
4.453680992126465,9,5,3,-3,3,1,1,0,-2,-6,17,6,16,-1,goodbye
4.453680992126465,-4,8,-1,-3,1,-4,-11,-6,-24,-17,0,-10,-3,-17,goodbye
4.468814134597778,-4,0,-6,-1,0,-14,-12,-2,-17,-7,4,-5,1,-6,goodbye
4.468814134597778,10,-3,6,1,-3,-11,-10,2,-14,-2,15,9,14,9,goodbye
4.484932899475098,12,1,13,10,1,4,-3,1,-13,6,12,11,13,12,goodbye
4.484932899475098,9,3,1,9,9,11,8,5,8,23,9,0,8,11,goodbye
4.500474214553833,10,2,4,3,6,7,6,3,10,7,4,-2,-1,4,goodbye
4.500474214553833,7,6,6,13,5,3,-2,-11,-15,-14,-3,-2,-9,-8,goodbye
4.516036987304688,6,8,7,17,6,0,-6,-14,-21,-5,-3,2,0,-3,goodbye
4.516036987304688,5,8,10,6,-1,-2,-6,0,-9,3,8,13,9,8,goodbye
4.531553268432617,-2,0,-6,0,-14,-2,1,-1,-1,-3,4,2,0,-3,goodbye
4.531553268432617,-9,-5,1,-6,-6,4,11,-1,9,-7,-14,-8,-11,-10,goodbye
4.546951770782471,0,5,15,0,4,13,14,6,25,8,-8,1,0,9,goodbye
4.546951770782471,8,7,0,12,1,6,10,2,27,24,11,7,9,15,goodbye
4.562517881393433,3,-2,6,11,3,4,15,4,18,13,5,5,0,5,goodbye
4.562517881393433,0,-4,2,4,8,8,22,5,15,3,-1,4,-3,6,goodbye
4.577494859695435,-4,-5,-15,-8,-1,-3,6,-2,10,4,1,0,0,0,goodbye
4.577494859695435,-17,-14,-16,-25,-10,-17,-13,0,1,-5,-9,-11,-10,-13,goodbye
4.593507289886475,-23,-17,-15,-25,-3,-9,-13,2,0,-17,-25,-21,-27,-17,goodbye
4.593507289886475,-14,-11,-15,-24,0,1,-5,-1,-4,-13,-17,-19,-20,-12,goodbye
4.60903263092041,-2,0,-9,-11,-1,4,0,-1,-6,0,0,-6,1,-3,goodbye
4.60903263092041,6,6,8,7,0,2,3,-2,-6,4,6,5,6,5,goodbye
4.625013828277588,9,6,14,6,8,2,0,-3,-13,0,1,5,1,5,goodbye
4.625013828277588,5,9,0,5,7,0,-2,-3,-17,-4,2,-3,6,0,goodbye
4.640539884567261,-2,9,-4,10,-2,-9,-8,-1,-11,-3,2,-6,9,-1,goodbye
4.640539884567261,-8,0,-7,-3,-11,-8,-12,-1,-1,3,-9,-5,1,-2,goodbye
4.656390190124512,-3,-5,-8,-12,-11,-5,-7,-1,5,3,-16,-5,-2,-2,goodbye
4.656390190124512,3,-5,0,0,-12,-3,1,6,16,4,-2,-3,2,0,goodbye
4.671894311904907,2,-9,0,-2,-11,0,1,6,21,15,10,0,9,2,goodbye
4.671894311904907,1,-2,1,-7,0,4,-9,1,5,8,13,12,6,0,goodbye
4.687177658081055,6,11,11,14,9,3,-6,4,-5,-5,12,16,2,0,goodbye
4.687177658081055,8,6,14,19,8,0,4,3,1,0,13,14,13,4,goodbye
4.702868461608887,8,-12,4,-8,2,-2,2,0,6,8,9,20,24,12,goodbye
4.702868461608887,6,-9,-2,-9,-5,-7,-1,-8,-10,2,3,11,9,2,goodbye
4.718257427215576,0,10,9,13,1,-3,0,-8,-29,-12,0,0,-10,-7,goodbye
4.718257427215576,4,15,8,19,20,5,1,2,-11,-11,4,7,-12,0,goodbye
4.733930826187134,8,6,0,13,15,9,2,1,13,-3,5,7,-7,5,goodbye
4.733930826187134,3,6,8,11,0,8,3,-4,11,-5,3,-2,-4,1,goodbye
4.749448299407959,1,6,3,5,3,4,5,0,5,-2,6,-4,0,1,goodbye
4.749448299407959,-5,-4,-6,-7,6,1,11,0,-5,0,0,-5,-1,0,goodbye
4.764602184295654,-16,-5,0,-2,0,2,15,-1,-17,-11,-17,-17,-13,0,goodbye
4.764602184295654,-14,0,-5,0,-2,3,5,-1,-6,-10,-15,-18,-16,-1,goodbye
4.78064751625061,-15,-13,-14,-20,-3,0,-10,4,0,-4,-10,-8,-11,-9,goodbye
4.78064751625061,-17,-16,-6,-23,-10,0,-7,7,-5,-6,-16,-5,-8,-14,goodbye
4.796485424041748,-9,-1,0,0,-7,4,0,-3,-1,-4,-21,-17,-16,-11,goodbye
4.796485424041748,-2,-2,-11,2,-1,0,-4,-6,0,2,-24,-25,-20,-9,goodbye
4.812000751495361,2,-5,-9,-2,0,0,-3,4,0,10,-10,-3,2,-1,goodbye
4.812000751495361,17,10,9,5,2,4,10,9,10,22,20,26,28,16,goodbye
4.827737092971802,23,17,17,14,0,0,9,1,10,16,30,22,22,20,goodbye
4.827737092971802,11,8,13,11,-1,-4,-1,0,0,3,15,7,11,4,goodbye
4.843858480453491,0,3,-3,-2,0,-4,-7,-1,0,4,7,3,13,-7,goodbye
4.843858480453491,0,1,-7,-17,0,-12,-17,-1,0,1,11,12,13,-5,goodbye
4.859560966491699,9,3,6,-7,-1,-16,-19,0,1,0,19,23,15,7,goodbye
4.859560966491699,17,4,2,7,-4,-11,-6,0,8,8,15,13,14,12,goodbye
4.874591827392578,4,-2,0,-5,-5,-10,-1,-3,1,4,0,-6,0,0,goodbye
4.874591827392578,-7,0,1,-12,0,-5,0,-4,-3,-5,-5,-10,-8,-4,goodbye
4.890628099441528,0,4,-3,7,4,6,7,0,4,0,-4,-8,-4,3,goodbye
4.890628099441528,-5,-8,-4,4,0,15,14,7,14,9,-7,-5,-2,9,goodbye
4.90618634223938,-22,-21,-11,-8,-5,17,20,4,23,18,-11,-9,-1,1,goodbye
4.90618634223938,-11,-9,-5,0,0,13,14,-4,19,7,-13,-6,-7,-8,goodbye
4.921796798706055,2,0,3,6,6,1,0,-4,1,-18,-6,4,-15,-8,goodbye
4.921796798706055,-17,-9,-9,-2,0,-8,-4,-5,-13,-21,-5,-5,-18,-10,goodbye
4.937822103500366,-28,-17,-16,-9,-3,-6,-9,-6,-31,-18,-21,-23,-21,-17,goodbye
4.937822103500366,-3,-7,-4,-1,0,-2,-10,-1,-28,-28,-13,-7,-16,-8,goodbye
4.952459812164307,11,8,10,8,5,-2,-7,1,-6,-24,15,16,3,7,goodbye
4.967608213424683,12,14,17,13,8,1,-2,5,0,0,16,11,12,6,goodbye
4.967608213424683,17,7,8,11,7,10,8,0,-5,12,0,0,5,4,goodbye
4.967608213424683,12,7,10,5,2,13,13,-3,-2,6,0,7,6,9,goodbye
4.983786344528198,1,8,1,0,0,5,3,0,-2,0,4,3,5,1,goodbye
4.998863935470581,-6,-3,-9,-2,-1,-2,-2,3,-13,0,-4,-15,-6,-9,goodbye
4.999863386154175,-6,-4,3,0,-2,-1,1,4,-10,-1,-9,-10,-4,-1,goodbye
4.999863386154175,7,6,9,4,0,0,5,0,11,4,3,8,11,7,goodbye
5.015125751495361,14,9,2,-2,0,0,0,0,14,9,13,11,9,5,sil
5.030503034591675,6,7,-1,0,-1,4,-3,5,5,12,9,5,2,5,sil
5.030503034591675,7,1,3,6,0,0,-6,3,10,19,4,4,9,7,sil
5.030503034591675,4,-8,0,-9,-5,-19,-13,0,10,13,0,0,5,-3,sil
5.046550989151001,-11,-8,-15,-21,-14,-22,-19,-5,1,0,-2,-7,-4,-12,sil
5.046550989151001,-14,-2,-3,-13,-6,-6,-17,-7,-2,-7,1,1,-2,-3,sil
5.062719345092773,0,2,9,1,4,5,-5,0,0,-6,3,9,3,4,sil
5.062719345092773,9,13,4,14,6,3,9,2,4,-5,4,7,3,6,sil
5.077095031738281,3,8,0,7,4,-4,11,2,1,-4,8,9,0,8,sil
5.093055486679077,-1,-3,-4,-7,0,-8,6,0,-1,-4,5,2,-2,0,sil
5.093055486679077,3,4,1,0,0,-2,4,-2,0,-5,2,-1,-2,-9,sil
5.093055486679077,3,14,0,14,5,3,3,-2,3,0,0,0,0,-8,sil
5.108594655990601,-9,1,-10,9,5,8,-1,-4,0,1,-10,-10,0,-8,sil
5.123448133468628,-19,-9,-9,-4,1,16,1,1,-9,2,-16,-19,-3,-3,sil
5.123448133468628,-17,-18,-9,0,-3,24,18,5,-6,12,-12,-17,-7,6,sil
5.138834476470947,-13,-23,-3,1,-2,29,31,2,5,17,-19,-12,-7,7,sil
5.138834476470947,-6,-13,2,-2,8,22,32,5,17,15,-24,-6,-2,7,sil
5.154199600219727,3,-5,-1,-3,10,-1,24,3,26,14,-5,3,7,16,sil
5.154199600219727,10,-12,0,-13,-8,-24,-6,-2,20,3,10,14,18,13,sil
5.169721603393555,11,-9,0,-23,-17,-32,-41,-1,0,-12,13,13,14,-3,sil
5.169721603393555,6,9,1,-9,-3,-29,-44,-2,-16,-24,16,10,-1,-16,sil
5.185790777206421,3,17,10,6,3,-19,-26,-7,-33,-33,12,4,-13,-25,sil
5.185790777206421,1,9,3,6,-1,-1,-13,-10,-47,-28,-2,-13,-22,-26,sil
5.201715707778931,-1,3,0,12,-1,12,3,-4,-38,-16,-9,-20,-26,-8,sil
5.201715707778931,-3,1,5,22,0,15,17,0,-15,-4,-2,-4,-14,4,sil
5.216907501220703,-2,-5,3,7,-4,8,10,1,4,13,1,4,1,5,sil
5.216907501220703,6,-8,-1,-6,-6,7,9,10,38,39,3,1,17,22,sil
5.232588768005371,15,-2,0,-6,-3,2,9,15,61,41,13,8,28,32,sil
5.232588768005371,11,2,3,-10,-1,-17,-11,3,36,9,20,22,28,13,sil
5.247806549072266,11,6,-1,-10,3,-29,-22,-1,2,-11,19,24,27,0,sil
5.247806549072266,15,6,-1,-9,4,-19,-21,0,-2,-14,18,24,17,-1,sil
5.262455463409424,5,10,8,-16,0,-8,-24,-6,-17,-25,10,12,-12,-15,sil
5.262455463409424,-2,28,8,0,9,0,-12,-13,-45,-31,-2,-9,-28,-27,sil
5.278510332107544,-5,30,1,25,21,18,4,-6,-51,-25,-13,-16,-22,-18,sil
5.278510332107544,-21,3,-11,18,16,28,15,-1,-33,-19,-24,-25,-27,-11,sil
5.294572830200195,-33,-8,-14,3,7,22,27,-1,-9,-9,-36,-42,-33,-12,sil
5.294572830200195,-20,0,-2,11,4,13,29,8,13,12,-24,-24,-10,0,sil
5.310033321380615,0,-2,5,26,0,10,16,13,31,38,2,9,16,22,sil
5.310033321380615,5,-10,9,24,-1,14,17,7,30,41,4,11,17,29,sil
5.326006650924683,0,-9,0,5,-9,13,22,4,22,20,-12,0,1,19,sil
5.326006650924683,-1,-8,-6,-8,-18,0,1,-2,16,6,-9,3,3,9,sil
5.341737985610962,2,-14,0,-10,-15,-6,-15,-4,8,9,4,9,16,5,sil
5.341737985610962,6,-17,0,-8,-7,0,0,3,15,15,7,5,13,5,sil
5.3568525314331055,5,-10,1,-8,0,0,11,1,21,11,2,5,4,5,sil
5.3568525314331055,0,-6,0,-10,0,-12,-6,-8,4,0,-8,-1,4,0,sil
5.372819185256958,-4,-16,-8,-19,-13,-24,-23,-7,-13,-12,-12,-11,0,-12,sil
5.373210430145264,0,-16,-7,-22,-10,-13,-11,-1,-5,-13,4,-1,-3,-9,sil
5.3879334926605225,2,2,-4,-9,8,2,7,1,6,0,17,4,5,-2,sil
5.3879334926605225,-2,5,2,-5,8,-2,1,2,0,1,16,-1,7,-8,sil
5.402938365936279,-2,-6,0,-8,-2,-10,-11,0,-9,0,16,-2,0,-13,sil
5.402938365936279,2,3,-8,-3,0,-1,-7,-6,-9,2,10,1,0,-6,sil
5.4189043045043945,2,18,-3,-8,6,-2,0,3,-7,-6,0,1,1,-2,sil
5.4189043045043945,0,5,0,-18,0,-11,-3,6,-3,-18,-1,0,-4,-7,sil
5.4339375495910645,1,-3,-2,-15,-2,-8,-6,-2,-8,-17,0,2,-6,-8,sil
5.4339375495910645,12,12,0,0,2,0,-1,-1,-5,-12,0,5,0,0,sil
5.450128793716431,18,19,7,13,9,2,1,2,2,-8,5,8,1,6,sil
5.450128793716431,13,12,17,16,9,-5,-7,0,-10,-11,12,19,-4,5,sil
5.464835643768311,14,14,12,27,2,-9,-12,-1,-11,-2,18,29,1,16,sil
5.464835643768311,17,20,17,37,1,1,-3,3,4,11,17,22,15,23,sil
5.480260848999023,10,16,18,29,5,3,0,6,-2,5,1,4,5,7,sil
5.480260848999023,0,7,-1,15,-1,-1,-4,0,-11,-10,-7,-5,-13,-6,sil
5.496517658233643,-16,-3,-10,1,-16,3,-6,-7,-11,-26,-10,-13,-21,-9,sil
5.496517658233643,-26,-11,-10,0,-15,5,-7,-6,-26,-29,-21,-29,-23,-18,sil
5.511518239974976,-19,-6,-4,7,0,5,-2,-2,-30,-13,-24,-28,-20,-17,sil
5.511518239974976,-16,-3,-6,4,5,18,9,-1,-9,2,-17,-19,-11,-3,sil
5.527649641036987,-22,-12,-12,-6,-2,19,19,-3,0,2,-21,-26,-12,-5,sil
5.527649641036987,-16,-14,-2,-5,3,12,15,-1,3,6,-21,-22,-14,-10,sil
5.541879415512085,-7,-7,-4,0,15,16,14,4,14,24,-8,-5,-3,-1,sil
5.558677673339844,-5,-12,-10,-6,6,20,22,4,23,34,-2,0,7,5,sil
5.558677673339844,-1,-15,-1,-13,0,11,26,8,29,36,-4,1,13,9,sil
5.558677673339844,0,-9,1,-10,6,3,18,4,33,40,0,2,17,13,sil
5.57297945022583,0,-4,3,-12,4,0,6,-2,26,28,10,10,24,16,sil
5.588869333267212,16,3,10,-9,3,0,9,-1,28,22,26,22,37,26,sil
5.588869333267212,33,7,9,0,11,-7,5,3,33,23,29,23,39,33,sil
5.604870557785034,19,-4,1,-3,0,-16,-10,6,21,3,6,12,22,14,sil
5.604870557785034,0,-12,-11,-14,-21,-19,-19,0,5,-14,-5,0,6,-10,sil
5.620480060577393,-5,-8,-6,-21,-19,-20,-23,-6,-5,-22,-4,-4,-4,-18,sil
5.620480060577393,-2,-4,-6,-18,-12,-23,-25,-1,-14,-30,-6,0,-14,-14,sil
5.620480060577393,0,0,-9,-14,-15,-21,-21,1,-17,-24,1,2,-8,-7,sil
5.635557413101196,2,7,-2,-15,-14,-16,-22,0,-20,-17,16,6,0,-7,sil
5.651659250259399,0,3,-3,-4,-7,-12,-20,-4,-25,-23,13,0,-7,-16,sil
5.651659250259399,-8,0,-2,3,0,-7,-10,-9,-26,-26,0,-7,-25,-19,sil
5.667480945587158,-6,11,0,2,6,-1,-2,-4,-14,-17,-1,-4,-28,-12,sil
5.667480945587158,9,26,5,15,12,3,4,1,0,-2,9,6,-7,1,sil
5.6827712059021,17,28,20,32,18,5,12,7,-1,7,15,14,10,12,sil
5.6827712059021,13,12,17,23,11,4,11,0,-14,0,2,8,0,4,sil
5.698035478591919,10,-4,5,8,-2,6,1,-9,-24,-10,-3,5,-13,-2,sil
5.698035478591919,7,-2,7,12,-4,8,0,-1,-14,-2,1,10,-1,8,sil
5.71316933631897,0,7,8,25,4,8,6,5,0,10,5,7,13,12,sil
5.71316933631897,-4,5,4,25,8,10,8,1,0,14,0,3,4,4,sil
5.728835105895996,-8,1,1,19,4,17,12,1,2,9,-7,0,-5,0,sil
5.728835105895996,-14,4,0,17,7,18,15,3,9,2,-10,-9,0,0,sil
5.7438249588012695,-13,0,0,10,5,13,10,0,4,0,-10,-16,2,-2,sil
5.7438249588012695,-9,-15,-1,-3,-11,10,0,-7,0,0,-16,-14,-6,-6,sil
5.759920120239258,-7,-16,-5,-10,-12,9,-6,-3,8,-2,-21,-11,-4,-10,sil
5.759920120239258,0,-2,-8,0,1,5,0,5,10,7,-9,-9,3,-5,sil
5.775525808334351,3,-1,-4,-2,5,0,3,4,6,14,0,-3,0,0,sil
5.775525808334351,0,-12,-10,-21,4,-1,1,-1,7,7,-5,-1,0,7,sil
5.790634393692017,-4,-11,-15,-19,0,-2,3,-3,5,0,-8,-7,2,9,sil
5.790634393692017,-8,-9,-11,-10,-9,-7,-3,-2,-5,-7,-13,-14,-7,-3,sil
5.805870056152344,-8,-9,-17,-19,-1,-8,-13,1,-2,-7,-12,-17,-10,-10,sil
5.805870056152344,0,-5,-9,-30,17,-1,0,5,9,6,1,-2,1,2,sil
5.8219099044799805,1,-6,-2,-31,12,-1,16,7,15,18,11,6,8,10,sil
5.8219099044799805,0,-9,-6,-37,-7,-10,11,5,14,12,6,0,8,10,sil
5.837711572647095,5,-4,0,-38,-9,-14,-1,1,12,0,4,0,10,10,sil
5.837711572647095,8,-1,-1,-18,0,-12,-5,-1,8,0,6,0,7,0,sil
5.852816104888916,0,-5,0,-11,-2,-8,-7,-5,4,0,7,-1,0,-13,sil
5.852816104888916,-1,0,14,-6,-12,-5,-2,1,7,-3,11,9,-5,-6,sil
5.868360996246338,8,13,11,22,-7,-3,2,0,6,2,13,18,0,0,sil
5.868360996246338,5,16,16,34,-2,0,-4,-7,-10,5,12,11,6,-5,sil
5.883882761001587,-4,11,18,23,-11,0,-11,-7,-17,-4,17,10,8,-6,sil
5.883882761001587,7,19,15,37,-8,-9,-14,-1,-11,-13,19,25,8,0,sil
5.899497747421265,26,32,26,55,5,-4,-19,2,-18,-15,16,25,8,8,sil
5.899497747421265,15,26,13,46,7,0,-22,-3,-26,-16,6,3,0,7,sil
5.9145896434783936,-3,11,-2,26,4,-4,-18,-7,-28,-19,-9,-6,-17,-8,sil
5.9145896434783936,-1,2,-8,18,6,9,-2,0,-20,-10,-10,-1,-15,-14,sil
5.930012941360474,1,-4,-13,4,7,23,13,5,0,5,0,2,0,0,sil
5.930012941360474,-3,-12,-10,-18,3,9,20,6,8,9,-11,7,4,9,sil
5.94560432434082,-3,-18,-11,-26,2,4,25,5,15,9,-21,0,0,1,sil
5.94560432434082,-4,-23,-9,-22,0,10,20,1,22,10,-10,-11,-2,-1,sil
5.960739850997925,-9,-20,-7,-16,-10,0,7,0,14,5,-3,-11,-4,3,sil
5.960739850997925,-13,-7,-6,-9,-14,-7,0,0,1,-7,-15,-14,-6,0,sil
5.977910041809082,-15,-6,-5,-8,1,-1,0,-2,2,-12,-21,-19,-6,0,sil
5.977910041809082,-11,-9,-7,-7,8,6,8,-4,7,9,-11,-18,-5,5,sil
5.991561412811279,-2,0,3,0,2,11,12,-5,1,19,0,-8,-3,5,sil
6.006940603256226,8,5,9,10,10,8,6,-1,-3,-2,3,2,0,3,sil
6.006940603256226,11,4,2,13,14,1,5,1,-2,-10,6,5,7,8,sil
6.02912163734436,5,6,3,2,0,0,0,5,-1,2,11,8,13,10,sil
6.02912163734436,1,8,0,-1,-3,0,-7,0,-4,0,12,7,6,0,sil
6.02912163734436,0,5,-1,3,11,0,-5,-1,-7,-6,6,0,-1,-2,sil
6.038052320480347,3,10,6,6,14,8,2,10,6,20,13,1,6,6,sil
6.053960800170898,8,7,5,0,-3,4,0,6,22,40,25,7,17,6,sil
6.053960800170898,-2,-3,0,-14,-18,-15,-15,-1,4,8,4,2,0,-8,sil
6.0686914920806885,-10,-5,-5,-20,-15,-18,-19,1,-11,-18,-19,-7,-17,-18,sil
6.0686914920806885,0,-2,-3,-18,-5,-8,-10,-2,-8,-9,-6,-7,-7,-14,sil
6.084696531295776,0,-6,0,-18,-10,-6,-9,-7,-17,-4,0,-11,0,-13,sil
6.084696531295776,-13,-13,-9,-18,-16,-7,-13,-5,-23,-18,-19,-23,-15,-21,sil
6.100264549255371,-16,-12,-6,-16,-4,-4,-7,-4,-4,-18,-19,-17,-18,-20,sil
6.100264549255371,-7,-7,3,-7,5,-2,6,1,9,0,-6,0,-1,-3,sil
6.1162590980529785,5,-2,2,3,-2,0,14,1,12,7,-3,10,6,12,sil
6.1162590980529785,17,0,0,4,-6,0,5,-2,18,-3,5,18,8,20,sil
6.131906747817993,17,10,10,1,3,-1,-7,-1,12,-8,16,26,12,13,sil
6.131906747817993,13,23,16,11,10,-2,-2,1,0,0,17,23,12,4,sil
6.147475957870483,12,24,2,27,10,-1,14,0,3,1,18,16,10,10,sil
6.147475957870483,3,13,4,27,13,4,15,1,6,-5,15,12,7,15,sil
6.162601947784424,-3,4,4,23,14,7,9,1,3,1,0,-2,0,1,sil
6.163106918334961,-5,-1,-13,20,6,3,9,0,4,16,-12,-19,-8,-7,sil
6.177793979644775,-16,-11,-13,-1,-3,3,0,1,-4,2,-20,-19,-10,-9,sil
6.177793979644775,-23,-19,-14,-15,-9,0,-12,1,-18,-15,-25,-18,-14,-16,sil
6.193759202957153,-12,-14,-10,0,-3,-5,-7,-4,-15,-6,-18,-11,-11,-12,sil
6.193759202957153,-1,0,3,4,3,3,0,-2,-4,9,0,-1,2,3,sil
6.209342956542969,2,2,4,-1,0,16,0,0,0,9,8,0,6,6,sil
6.209342956542969,12,-1,12,0,-7,8,0,2,-4,0,0,8,-1,3,sil
6.2250072956085205,18,-1,11,4,-3,0,6,-1,-1,1,0,17,0,8,sil
6.2250072956085205,16,-2,0,0,3,2,5,-1,9,13,17,11,15,16,sil
6.24050498008728,11,-5,3,0,3,11,6,9,15,17,21,7,20,21,sil
6.24050498008728,0,0,1,6,-1,6,9,9,17,13,9,1,9,16,sil
6.257060050964356,-7,0,-4,-4,-1,-8,-4,-1,9,4,4,-2,-2,1,sil
6.257060050964356,-5,-4,-6,-23,-1,-10,-12,-1,3,-5,3,-4,-6,-5,sil
8.390112400054932,1,4,4,-3,4,-2,-8,-1,0,-10,1,4,1,0,goodbye
8.390112400054932,3,0,3,-6,-4,-8,-13,-5,-9,-19,1,-2,-8,-5,goodbye
8.405473232269287,-8,-7,-3,-8,-9,-12,-14,-2,-12,-13,0,-9,-14,-13,goodbye
8.405473232269287,-4,-6,4,0,0,1,0,1,0,11,5,0,0,-2,goodbye
8.422117710113525,11,1,14,11,4,19,11,1,12,23,20,22,18,20,goodbye
8.422117710113525,12,7,2,18,2,13,11,1,18,21,28,20,17,26,goodbye
8.437734603881836,2,10,2,17,9,5,13,6,14,18,18,6,10,11,goodbye
8.437734603881836,-1,10,2,11,10,0,13,0,-3,0,0,0,0,-1,goodbye
8.45285177230835,-1,2,0,3,-2,-11,1,-11,-24,-17,-14,-4,-11,-2,goodbye
8.45285177230835,3,2,9,2,-4,-7,-1,-5,-25,-7,-10,1,-9,0,goodbye
8.467925071716309,5,9,1,11,4,-1,13,1,-9,0,-7,-1,-11,-1,goodbye
8.467925071716309,0,5,-3,10,5,-6,16,1,0,-9,-10,-7,-13,-2,goodbye
8.483482837677002,6,8,14,6,5,0,1,5,1,0,0,3,4,6,goodbye
8.483482837677002,15,20,16,11,7,9,-5,5,2,11,6,7,9,9,goodbye
8.498570680618286,2,5,1,4,0,4,-2,-1,0,4,-5,-3,-8,5,goodbye
8.515991926193237,-11,-19,-16,-3,-3,4,3,-1,0,4,-20,-12,-11,0,goodbye
8.515991926193237,-12,-14,-14,-6,-1,10,1,1,-2,2,-24,-16,-8,-8,goodbye
8.515991926193237,-12,-4,-8,-15,-1,10,-5,-1,-6,-5,-18,-17,-13,-13,goodbye
8.529855728149414,-12,-10,-12,-12,-4,8,-9,-1,0,6,-1,-9,0,-9,goodbye
8.529855728149414,-7,-8,-2,6,-1,1,-8,2,13,18,14,7,19,1,goodbye
8.546773910522461,1,2,3,14,5,-1,1,6,19,10,22,15,27,9,goodbye
8.561647176742554,8,2,0,1,5,4,8,2,11,0,17,8,21,7,goodbye
8.561647176742554,4,-2,-2,-5,-2,4,10,0,10,2,7,0,12,4,goodbye
8.561647176742554,0,-2,-8,-3,1,-1,13,-1,17,7,5,-1,9,3,goodbye
8.576998472213745,0,0,-1,-1,14,-5,3,0,3,-3,4,2,10,0,goodbye
8.576998472213745,3,0,9,0,4,-13,-11,0,-10,-6,8,8,4,-4,goodbye
8.591505527496338,3,-7,2,-7,-12,-20,-8,0,0,4,8,2,0,0,goodbye
8.606675386428833,-5,-21,-12,-25,-8,-8,-1,3,8,-1,-11,-10,-5,-1,goodbye
8.606675386428833,-17,-24,-17,-30,-10,-4,-9,-1,0,-18,-28,-16,-17,-10,goodbye
8.621989727020264,-13,-14,-8,-28,-25,-20,-22,-14,-4,-24,-18,-4,-19,-15,goodbye
8.621989727020264,0,-3,-4,-22,-23,-26,-23,-11,-10,-24,-6,3,-14,-12,goodbye
8.636909246444702,7,5,0,-13,-9,-10,-16,-3,-17,-18,0,6,-10,-8,goodbye
8.636909246444702,9,13,9,-8,-4,-2,-15,0,-15,-9,12,11,-1,-7,goodbye
8.653036117553711,14,22,12,9,3,-4,-14,2,-14,-11,17,15,0,-5,goodbye
8.653036117553711,13,29,21,31,18,0,-7,2,-22,-15,10,11,-11,0,goodbye
8.668562173843384,0,23,17,26,17,13,2,0,-24,-6,4,0,-11,1,goodbye
8.668562173843384,-10,5,4,15,4,23,10,-1,-13,3,1,-14,-8,-2,goodbye
8.683709383010864,-6,3,9,25,3,22,14,5,-4,10,-4,-10,-11,5,goodbye
8.683709383010864,8,17,16,45,15,26,23,7,9,24,0,6,2,22,goodbye
8.698859691619873,9,15,15,41,20,32,32,3,20,39,6,14,25,24,goodbye
8.698859691619873,0,-1,5,18,15,20,33,6,15,38,1,6,25,18,goodbye
8.71451473236084,6,-8,1,10,10,6,35,6,13,28,0,1,14,21,goodbye
8.71451473236084,15,-3,3,13,6,7,34,3,20,19,7,1,9,20,goodbye
8.730095148086548,7,-8,-10,-3,-7,-3,11,1,16,9,3,-5,6,3,goodbye
8.730095148086548,-9,-16,-23,-28,-16,-22,-18,-4,3,-3,-6,-9,0,-10,goodbye
8.745675802230835,-11,-9,-15,-25,-12,-15,-22,-9,7,-13,-11,-12,-5,-10,goodbye
8.745675802230835,-2,-4,-6,-14,-10,-5,-12,-5,14,-15,-15,-15,-6,-8,goodbye
8.761854648590088,-7,-11,-9,-22,-10,-13,-12,0,1,-14,-11,-6,-3,-11,goodbye
8.761854648590088,-20,-17,-21,-26,-10,-13,-5,2,-5,-6,-4,-2,-3,-11,goodbye
8.777873039245605,-15,-13,-10,-23,-4,0,2,1,4,-1,-4,-9,-4,-8,goodbye
8.777873039245605,-5,-4,-2,-23,1,2,-3,1,2,-10,-6,-8,0,-7,goodbye
8.793511629104614,-5,1,-6,-15,0,-3,-10,-6,-14,-18,-5,2,1,-6,goodbye
8.793511629104614,2,3,2,0,-3,-3,-15,-2,-15,-10,0,12,0,-1,goodbye
8.808890342712402,8,4,0,1,2,-1,-24,6,0,2,6,3,1,0,goodbye
8.808890342712402,-2,7,-5,-4,6,-6,-28,1,0,0,3,-2,-2,-3,goodbye
8.82483196258545,-2,2,2,0,3,-6,-18,-2,-7,-10,-1,5,-6,-5,goodbye
8.82483196258545,6,-2,5,10,5,0,0,-4,2,-3,9,12,0,0,goodbye
8.839613199234009,1,0,8,5,6,2,16,-5,4,2,20,11,1,2,goodbye
8.839613199234009,1,4,9,7,3,2,22,-4,-1,4,15,7,0,2,goodbye
8.855667352676392,9,5,8,18,0,4,15,0,0,8,9,6,7,4,goodbye
8.855667352676392,3,6,11,14,-4,-2,4,9,1,8,9,8,10,2,goodbye
8.871617317199707,-2,0,2,3,-11,-16,-7,2,-2,9,5,0,0,-5,goodbye
8.871617317199707,1,-3,-3,-4,-11,-16,-14,-8,-5,6,-5,-11,-1,-4,goodbye
8.88667345046997,6,0,0,0,-8,0,0,-2,-9,0,-9,-6,-3,3,goodbye
8.88667345046997,5,2,2,13,-3,12,11,2,-13,-6,-9,-2,-10,0,goodbye
8.902888774871826,4,4,4,8,0,10,1,0,-16,-16,-11,-4,-9,-2,goodbye
8.902888774871826,4,11,3,0,1,2,-3,0,-13,-16,-7,2,-1,0,goodbye
8.918119192123413,0,12,6,7,7,5,2,-1,-3,0,0,9,-1,7,goodbye
8.918119192123413,2,3,9,17,16,18,9,2,8,15,0,1,-2,14,goodbye
8.93414568901062,5,-4,5,8,12,18,9,4,9,8,1,-1,0,13,goodbye
8.93414568901062,-8,-8,-6,-8,-1,3,2,0,4,-2,0,0,0,2,goodbye
8.950164318084717,-24,-10,-16,-15,-6,-3,-1,-1,7,0,-16,-15,-3,-5,goodbye
8.950164318084717,-11,-11,-5,-8,0,1,3,1,7,0,-19,-18,0,-3,goodbye
8.965780019760132,9,-2,1,2,3,11,12,7,4,-1,4,0,8,1,goodbye
8.965780019760132,8,8,4,1,8,12,12,2,2,0,17,7,11,2,goodbye
8.98184084892273,0,7,7,0,14,2,8,1,8,8,13,5,12,6,goodbye
8.98184084892273,7,0,2,6,8,-7,3,2,22,12,15,9,11,9,goodbye
8.996962547302246,2,0,-4,0,0,-14,-9,0,12,3,8,4,-1,-8,goodbye
8.996962547302246,-14,2,-13,-13,-1,-16,-16,-5,-8,-6,-7,-7,-10,-24,goodbye
9.012694835662842,-11,-5,-10,-15,-5,-12,-9,-4,-1,-4,-5,-4,-1,-9,goodbye
9.012694835662842,3,-15,0,-24,-10,-11,-5,1,11,6,-1,4,1,8,goodbye
9.02816104888916,9,-1,-7,-17,-16,-14,-7,-1,0,14,1,5,4,9,goodbye
9.02816104888916,2,13,-3,9,-12,-11,-15,-3,-11,0,6,7,7,0,goodbye
9.043708562850952,-1,1,10,16,2,-1,-12,-2,-5,-9,3,6,3,0,goodbye
9.043708562850952,2,-3,3,6,2,1,2,-6,4,10,4,4,6,4,goodbye
9.059235095977783,0,3,0,5,-5,0,0,-1,-6,10,4,2,2,0,goodbye
9.059235095977783,-12,-2,-7,1,0,2,-10,0,-22,-22,-10,-10,-18,-15,goodbye
9.074663400650024,-9,-7,-6,-8,3,11,0,-3,-15,-25,-14,-13,-21,-16,goodbye
9.074663400650024,-6,-3,6,-2,-5,14,17,4,2,5,-3,-3,-8,-7,goodbye
9.090125560760498,-13,-6,0,5,-2,13,17,8,12,10,-15,-13,-10,-7,goodbye
9.090125560760498,-9,-10,-10,-16,0,16,12,3,7,-8,-32,-25,-14,-6,goodbye
9.106183290481567,-1,-11,-13,-38,-9,7,12,7,3,-8,-22,-19,-8,-1,goodbye
9.106183290481567,2,-6,0,-15,-9,-2,11,5,7,2,-4,-2,0,3,goodbye
9.121715784072876,19,9,11,19,3,1,4,3,8,6,5,11,12,18,goodbye
9.121715784072876,31,15,3,16,4,-7,-12,-2,0,0,14,16,18,20,goodbye
9.136921644210815,22,15,7,4,1,-28,-29,-9,-12,-11,24,24,16,5,goodbye
9.136921644210815,21,30,21,25,11,-20,-23,-7,-16,-14,38,32,15,0,goodbye
9.152001857757568,13,32,16,36,17,-3,-16,-7,-32,-18,37,17,1,-7,goodbye
9.167176008224487,-13,10,2,25,8,-1,-20,-12,-51,-30,12,-2,-18,-15,goodbye
9.167176008224487,-18,2,4,28,8,6,0,-4,-31,-12,-1,-1,-11,-2,goodbye
9.167176008224487,-6,0,8,22,13,20,27,6,8,19,-2,-5,3,8,goodbye
9.183892965316772,-14,-22,-6,-1,8,20,25,2,21,22,-18,-25,-5,-2,sil
9.183892965316772,-24,-30,-6,-7,2,23,21,2,21,25,-27,-20,-10,0,sil
9.199846744537354,-13,-16,1,-12,-3,22,26,12,39,47,-2,4,14,18,sil
9.199846744537354,-3,-17,-15,-34,-17,-1,9,6,43,34,6,-1,23,12,sil
9.21646785736084,-1,-22,-14,-37,-15,-19,-8,-1,20,4,-13,-10,4,1,sil
9.21646785736084,3,-9,-1,-16,-7,-12,-2,3,16,9,-15,2,5,5,sil
9.23058009147644,9,0,-1,-13,-10,-12,0,3,27,16,4,15,20,10,sil
9.245920658111572,16,1,1,-22,-10,-17,-7,0,18,-1,8,16,12,11,sil
9.245920658111572,19,6,0,-9,-5,-11,-2,0,-2,-11,0,11,-1,4,sil
9.261647701263428,10,12,0,0,0,-12,-12,-1,-21,-25,-4,6,-12,-7,sil
9.261647701263428,8,12,0,0,-1,-15,-22,-4,-24,-39,0,4,-16,-10,sil
9.26265263557434,12,13,4,4,-4,-8,-16,-8,-21,-26,15,5,-5,-7,sil
9.277348518371582,2,15,8,8,-1,-5,-15,0,-21,-10,23,5,0,-8,sil
9.292534112930298,-10,11,-6,9,8,-7,-12,4,-12,-11,7,-3,-9,-15,sil
9.292534112930298,-14,2,-9,12,13,4,4,3,-1,-14,-4,-16,-15,-16,sil
9.307634592056274,-13,3,-3,11,17,23,14,1,-6,-7,-3,-18,-16,-9,sil
9.307634592056274,-14,5,-7,10,17,20,7,-4,-17,1,-9,-19,-22,-12,sil
9.32278609275818,-19,-1,-3,12,6,7,0,-1,-19,0,-19,-22,-18,-18,sil
9.32278609275818,-11,-3,0,16,0,14,7,4,-2,2,-14,-15,-3,-9,sil
9.33887243270874,0,0,3,11,0,29,19,5,14,14,-15,-9,1,2,sil
9.33887243270874,-5,-11,1,1,-2,24,24,3,8,18,-26,-13,0,6,sil
9.354520082473757,-10,-20,-5,-8,-3,11,21,-6,0,16,-15,-6,7,11,sil
9.354520082473757,3,-14,7,-18,-3,6,9,-8,0,18,5,14,17,17,sil
9.370116710662842,10,-11,10,-11,-8,-4,-6,0,18,21,14,21,25,17,sil
9.370116710662842,14,-13,-3,-2,-13,-24,-16,1,35,15,19,19,29,14,sil
9.38623046875,29,-2,3,-10,-11,-30,-13,2,29,4,23,27,26,16,sil
9.38623046875,28,11,9,-13,-4,-24,-5,0,7,-8,18,24,15,12,sil
9.401788711547852,2,10,-2,-8,-5,-24,-7,-7,-21,-32,5,10,-4,-6,sil
9.401788711547852,-8,4,-2,0,-14,-25,-10,-4,-40,-37,5,2,-18,-20,sil
9.417869567871094,2,11,9,12,1,-11,-11,-6,-38,-18,23,6,-6,-11,sil
9.417869567871094,5,22,11,18,25,2,-16,-8,-31,-10,27,8,-1,2,sil
9.433491945266724,-6,16,7,15,16,8,-17,-3,-21,-5,1,-2,-18,0,sil
9.433491945266724,-12,3,5,25,6,17,-3,5,3,14,-15,-11,-14,-5,sil
9.448565483093262,-5,0,0,29,13,27,15,14,27,33,-13,-11,3,6,sil
9.448565483093262,-6,-5,-2,5,10,26,26,17,30,31,-18,-15,-1,18,sil
9.464207887649536,-14,-15,-8,-8,2,23,26,12,25,19,-28,-22,-11,12,sil
9.464207887649536,-10,-17,-11,-7,0,17,26,1,19,14,-22,-18,-6,0,sil
9.479957103729248,-4,-18,-12,-25,-10,3,19,-6,11,7,-12,-11,-5,-5,sil
9.479957103729248,-4,-17,-21,-36,-18,-8,1,-9,7,-8,-13,-13,-3,-3,sil
9.495612859725952,2,-4,-10,-22,-12,-12,-9,-2,10,-15,-9,-2,11,0,sil
9.495612859725952,14,0,4,-15,-9,-15,-11,2,10,-7,4,17,23,2,sil
9.51076340675354,16,-4,1,-19,-13,-20,-16,0,1,-11,16,23,21,2,sil
9.51076340675354,10,0,8,-14,-6,-24,-19,0,-2,-17,19,20,17,0,sil
9.526788711547852,7,14,2,0,5,-24,-16,5,5,-5,19,8,12,-6,sil
9.526788711547852,-5,12,-9,-1,3,-19,-27,0,1,-9,9,0,-6,-21,sil
9.542011022567747,-19,5,-1,-8,-4,-11,-33,-6,-16,-24,0,0,-21,-28,sil
9.542011022567747,-6,13,3,8,3,0,-9,-6,-19,-14,9,-1,-15,-17,sil
9.55802035331726,5,25,17,31,14,15,11,-1,-18,-2,19,-2,-9,-4,sil
9.55802035331726,1,22,21,33,14,25,18,0,-18,4,8,0,-10,-2,sil
9.573934555053713,2,10,6,29,13,17,20,-3,-14,7,-4,-2,-9,0,sil
9.573934555053713,7,4,6,21,12,15,18,-1,-17,-2,-10,-1,-8,8,sil
9.589515924453735,3,0,4,18,3,18,17,0,-12,2,-11,0,-1,15,sil
9.589515924453735,-1,-8,2,20,-4,11,15,-1,0,19,-15,-3,2,11,sil
9.60477328300476,-11,-18,-3,7,-4,8,13,0,-2,12,-11,-8,0,4,sil
9.60477328300476,-18,-17,-15,-7,0,11,12,-2,-6,3,-7,-9,-3,0,sil
9.619997024536133,-14,-12,-10,-2,2,7,7,-1,-4,4,-15,-14,-10,3,sil
9.619997024536133,-7,-15,-8,-5,-5,2,3,1,4,9,-14,-18,-6,8,sil
9.635860204696655,1,-19,-8,-32,-11,0,4,5,22,20,3,-3,16,17,sil
9.635860204696655,13,-12,0,-28,-2,-2,7,11,31,18,4,7,25,22,sil
9.650911331176758,10,-5,0,0,-1,-11,-3,1,20,0,-10,0,8,6,sil
9.650911331176758,1,-9,-8,-12,-17,-22,-25,-5,7,-10,-5,0,2,-7,sil
9.666808605194092,8,-5,-3,-29,-16,-16,-20,4,16,0,13,19,12,-1,sil
9.666808605194092,18,10,9,-11,1,-6,-3,9,28,7,21,27,20,9,sil
9.682881832122805,12,12,1,-5,7,-15,-13,-1,18,0,20,18,17,2,sil
9.682881832122805,2,4,-6,-13,-1,-22,-27,-12,-5,-11,20,8,4,-18,sil
9.698825120925903,2,14,9,-2,0,-12,-19,-8,-21,-20,23,12,0,-22,sil
9.698825120925903,4,20,8,7,6,-6,-15,0,-23,-17,19,7,0,-9,sil
9.71397089958191,0,14,0,7,7,-5,-22,0,-24,-10,10,0,-6,-7,sil
9.71397089958191,-3,20,2,22,10,2,-10,-1,-21,-5,6,4,-13,-9,sil
9.729820013046265,-7,17,1,34,10,10,11,0,-12,-2,0,-2,-15,-6,sil
9.729820013046265,-17,-4,-2,16,6,18,15,1,-5,1,-18,-17,-18,-4,sil
9.745173931121826,-21,-16,-6,8,6,30,21,0,4,11,-28,-22,-20,-6,sil
9.745173931121826,-14,-12,-1,16,2,30,35,-1,3,8,-30,-25,-18,-1,sil
9.761717796325684,-8,-14,-2,2,-7,15,36,0,0,-2,-31,-22,-14,7,sil
9.761717796325684,-10,-24,-9,-23,-10,0,21,0,8,3,-24,-12,-7,10,sil
9.777728080749512,-5,-24,0,-35,-11,-12,2,0,6,3,-17,-3,0,3,sil
9.777728080749512,9,-6,8,-25,-13,-18,-5,0,0,-12,-9,4,9,6,sil
9.792994260787964,18,11,7,-8,-3,-10,-5,-1,4,-22,8,18,19,15,sil
9.792994260787964,15,19,4,-2,4,-5,-8,5,0,-19,23,18,18,6,sil
9.808506488800049,13,23,2,5,0,-9,-12,6,-2,-7,20,5,8,-7,sil
9.808506488800049,10,23,12,23,2,-2,-8,0,1,5,15,6,6,-1,sil
9.823650598526,3,12,9,34,12,16,1,4,7,15,19,10,11,9,sil
9.823650598526,-3,0,-3,24,14,24,12,8,5,23,19,-2,4,6,sil
9.839428663253784,-8,-10,-7,11,8,18,13,0,-3,22,-4,-24,-10,-2,sil
9.839428663253784,-14,-18,-16,4,-3,8,6,-2,-4,12,-35,-37,-22,-8,sil
9.854952335357666,-17,-25,-17,-11,-12,0,-1,0,10,11,-30,-26,-18,-5,sil
9.854952335357666,-12,-28,-8,-28,-14,-10,-7,-1,20,22,0,-4,1,2,sil
9.870610237121582,0,-16,9,-25,-16,-20,-13,-6,13,19,6,14,16,5,sil
9.870610237121582,12,1,10,-10,-11,-23,-13,-5,3,-1,3,26,11,0,sil
9.885843515396118,17,8,-5,-3,-2,-23,-15,-8,-4,-17,17,28,9,-4,sil
9.885843515396118,16,12,14,-8,4,-16,-22,-1,-15,-20,27,35,17,0,sil
9.901956796646118,13,16,7,-4,12,-6,-15,2,-12,-14,27,29,19,1,sil
9.901956796646118,12,20,-12,0,12,-10,-11,-6,-13,-18,22,13,5,-7,sil
9.917127132415771,7,29,26,0,6,-6,-21,2,-27,-35,5,13,-12,-7,sil
9.917127132415771,2,21,5,17,7,9,-8,3,-14,-21,-4,0,-14,-7,sil
9.933040857315063,6,4,-18,27,10,11,10,-5,-4,0,0,-13,-6,-2,sil
9.933040857315063,6,7,33,17,10,16,14,10,-13,1,0,8,4,12,sil
9.948737859725952,-7,0,3,17,8,25,28,3,5,7,-5,0,11,6,sil
9.948737859725952,-19,-24,-45,2,-2,14,30,-10,19,14,-17,-37,-3,-6,sil
9.963910579681396,-19,-27,-8,-18,-12,1,12,0,0,8,-23,-32,-22,-4,sil
9.963910579681396,-19,-14,0,-13,-4,9,8,1,-4,2,-17,-12,-18,0,sil
9.980480432510376,-19,-15,-11,-12,0,13,10,2,1,-4,-15,-18,-13,0,sil
9.980480432510376,-19,-18,-11,-15,-8,0,8,0,3,-1,-14,-27,-15,-6,sil
9.994720935821531,-12,-13,-7,-4,-8,-5,4,-5,6,7,-14,-20,-12,-13,sil
10.01013445854187,0,0,16,-1,-3,5,0,11,5,7,-19,-4,-4,4,sil
10.01013445854187,-3,0,-5,0,-2,11,4,7,14,12,-11,-9,2,11,sil
10.026768445968628,-7,-12,-28,-3,-4,0,9,-4,33,19,-1,-11,4,5,sil
10.026768445968628,8,2,21,-14,-2,-2,0,12,35,15,4,16,6,13,sil
10.026768445968628,11,18,14,-5,7,-2,-4,2,15,10,13,22,8,6,sil
10.049190521240234,3,8,-17,4,8,-13,-10,-11,-10,-9,0,0,-4,-10,sil
10.049190521240234,2,0,3,-5,-4,-12,-13,0,-20,-21,-17,1,-10,-7,sil
10.059231042861938,0,-3,-1,-14,-14,-8,-10,-2,-16,-6,1,6,2,0,sil
10.059231042861938,5,0,4,-2,-14,-7,-6,-2,-13,0,16,5,11,4,sil
10.07485294342041,19,7,24,17,0,2,2,9,8,3,18,18,26,14,sil
10.07485294342041,16,10,8,21,10,1,1,6,21,17,28,25,31,6,sil
10.089279651641846,9,13,12,9,4,-15,-17,-4,-3,6,27,22,14,-2,sil
10.089279651641846,21,17,17,15,2,-19,-19,-8,-17,-11,24,21,11,3,sil
10.10638427734375,26,17,10,21,5,-12,-10,-8,-13,-12,31,27,18,11,sil
10.10638427734375,9,8,12,0,-2,-15,-15,-7,-27,-17,25,28,11,2,sil
10.122510194778442,5,0,-4,-6,-5,-18,-10,-9,-21,-15,20,19,12,-6,sil
10.137933731079102,21,12,8,12,11,0,-4,1,0,-8,30,20,12,0,sil
10.137933731079102,22,31,27,36,20,13,-4,5,-1,-6,20,15,-3,2,sil
10.137933731079102,4,16,-12,45,14,15,8,-6,-4,-3,-8,-8,-13,-5,sil
10.153048992156982,-16,-9,-11,22,7,17,18,0,-2,-9,-34,-29,-23,-15,sil
10.153048992156982,-40,-21,-5,-10,-1,20,10,9,-3,-16,-49,-40,-43,-27,sil
10.167819738388062,-45,-27,-29,-21,-10,17,3,1,0,-3,-47,-40,-37,-26,sil
10.184975385665894,-26,-20,-15,-19,-5,12,6,4,5,9,-27,-24,-17,-6,sil
10.184975385665894,-14,-13,-12,-10,1,6,14,2,1,12,-18,-25,-15,1,sil
10.184975385665894,-12,-17,-15,-14,5,11,16,0,0,13,-27,-31,-21,3,sil
10.199481964111328,-6,-14,-8,-28,4,22,17,5,14,19,-30,-22,-9,14,sil
10.214690446853638,-6,-7,-17,-32,-3,15,14,1,25,21,-24,-20,0,15,sil
10.214690446853638,-19,-14,-18,-34,-8,3,6,-1,13,13,-26,-28,-6,3,sil
10.230792760849,-31,-33,-36,-45,-5,1,8,-1,4,10,-24,-41,-9,-9,sil
10.230792760849,-25,-29,-32,-45,-6,-3,8,1,6,6,-9,-34,-6,-9,sil
10.245959281921388,-1,3,4,-18,-7,-11,4,10,1,2,8,1,0,3,sil
10.245959281921388,9,13,12,0,-4,-14,0,0,-2,0,21,22,10,9,sil
10.262006998062134,7,-1,8,0,-9,-16,-13,-4,3,-2,16,15,16,5,sil
10.262006998062134,14,3,10,13,-13,-20,-19,0,15,4,16,20,19,1,sil
10.277536869049072,28,21,29,23,-3,-21,-13,0,12,7,31,43,28,6,sil
10.277536869049072,26,23,36,19,0,-15,-15,1,6,-2,45,56,39,12,sil
10.277536869049072,19,18,12,24,-8,-14,-18,-4,1,-1,41,48,45,9,sil
10.292893648147585,26,20,23,24,-5,-12,-17,-7,-12,-1,32,43,35,9,sil
10.308857440948486,40,31,36,26,15,-2,-6,-3,-21,-10,29,41,20,12,sil
10.308857440948486,41,28,25,31,14,0,0,-2,-12,-15,18,31,6,4,sil
10.32451629638672,19,5,18,15,0,-2,-9,5,-8,-19,0,17,-5,-3,sil
10.32451629638672,-1,-2,2,10,2,0,-7,1,-12,-17,1,1,-9,-11,sil
10.339593648910522,1,13,6,28,13,4,4,-8,-13,-8,12,1,-3,-6,sil
10.339593648910522,12,19,17,30,13,14,10,2,0,-3,8,5,0,7,sil
10.355530023574827,-3,1,-6,12,9,12,4,7,8,-9,-7,-15,-9,-1,sil
10.355530023574827,-29,-6,-24,0,4,-2,-3,0,-8,-21,-22,-37,-32,-24,sil
10.37072467803955,-30,-8,-21,0,0,-1,-3,-2,-21,-17,-23,-37,-40,-19,sil
10.37072467803955,-20,-17,-19,-8,4,16,2,0,-15,-3,-19,-32,-26,-6,sil
10.385900974273682,-27,-25,-27,-19,4,21,7,-2,-15,0,-25,-37,-23,-15,sil
10.385900974273682,-35,-21,-33,-22,-7,13,9,-5,-12,0,-32,-44,-34,-23,sil
10.4021475315094,-29,-10,-28,-15,-7,16,14,1,0,13,-34,-39,-33,-14,sil
10.4021475315094,-17,-7,-15,-4,6,22,17,4,16,26,-30,-23,-15,-4,sil
10.417644023895264,-9,-11,2,-2,8,13,15,-2,22,31,-10,-10,0,7,sil
10.417644023895264,-1,-10,3,-10,0,4,12,-4,23,33,0,-4,13,24,sil
10.432933330535889,3,-13,-2,-22,-6,5,8,1,17,24,-10,5,19,29,sil
10.432933330535889,8,-14,1,-25,-14,0,7,9,13,12,-6,19,21,26,sil
10.448467493057253,12,-6,0,-15,-20,-11,9,10,20,15,11,22,25,23,sil
10.448467493057253,8,-7,0,-15,-13,-23,0,4,21,9,6,15,22,13,sil
10.464542150497437,8,-10,4,-16,-4,-26,-15,4,8,-2,0,11,13,6,sil
10.464542150497437,13,2,6,-5,-5,-18,-14,0,-1,-6,11,18,10,1,sil
10.480648517608644,13,12,4,-1,-10,-14,-10,-5,-1,-10,16,17,10,-2,sil
10.480648517608644,16,10,7,3,-4,-16,-6,-5,3,-11,15,5,10,-4,sil
10.496768951416016,16,13,19,12,8,-11,-2,1,-1,-6,17,4,8,-8,sil
10.496768951416016,4,15,12,0,3,-8,-12,0,-21,-17,14,10,2,-14,sil
10.512532472610474,-2,10,-1,-11,-8,-13,-30,-11,-33,-31,18,12,0,-14,sil
10.512532472610474,4,14,2,3,5,-10,-32,-8,-19,-23,23,20,4,-10,sil
10.527606725692747,10,22,12,19,21,2,-13,-2,2,-4,22,21,10,-2,sil
10.527606725692747,6,16,14,18,19,11,-2,-9,-3,0,19,9,6,-4,sil
10.54370617866516,-4,5,-1,9,15,11,-3,-8,-21,-17,3,-8,-13,-21,sil
10.54370617866516,-19,0,-12,-1,7,15,2,2,-11,-23,-16,-22,-26,-24,sil
10.559314727783203,-19,0,-4,5,0,22,19,13,12,-4,-10,-16,-12,-4,sil
10.559314727783203,0,2,0,28,2,18,25,17,23,9,0,-6,0,7,sil
10.575006008148192,0,4,5,21,4,6,10,8,18,10,-3,-3,-4,7,goodbye
10.575006008148192,-9,0,-3,4,-6,1,5,-1,11,18,-2,0,-4,10,goodbye
10.590512990951538,-1,-4,-4,6,-12,0,17,0,0,19,-2,0,0,14,goodbye
10.590512990951538,7,-8,11,5,-4,0,17,-2,-22,1,-20,-10,-14,9,goodbye
10.605670928955078,-5,-23,-5,-5,-2,4,6,-8,-25,-3,-39,-28,-31,-5,goodbye
10.605670928955078,-18,-27,-18,-16,-10,2,0,0,-14,0,-37,-30,-30,-10,goodbye
10.62080144882202,-9,-8,-2,-7,-7,2,4,6,-5,1,-15,-12,-9,6,goodbye
10.62080144882202,15,6,6,17,7,10,11,0,6,14,4,3,9,23,goodbye
10.636831283569336,26,5,19,20,13,10,6,-3,16,24,7,17,16,25,goodbye
10.636831283569336,13,1,14,3,3,0,-4,-4,12,25,10,21,19,19,goodbye
10.653031587600708,0,0,-7,-6,0,-7,-11,-9,0,12,13,12,16,5,goodbye
10.653031587600708,1,-2,-12,-9,4,-1,-8,1,3,-2,2,2,6,-5,goodbye
10.668562412261965,-1,-4,-10,-11,3,-1,-1,7,24,0,2,1,7,-8,goodbye
10.668562412261965,-12,-9,-11,-15,3,-10,0,4,27,3,11,4,16,-8,goodbye
10.684616804122925,-15,-10,-16,-19,-5,-14,-1,5,2,-10,0,-3,4,-13,goodbye
10.684616804122925,-11,-2,-12,-23,-25,-11,-5,4,-12,-26,-15,-8,-10,-11,goodbye
10.700734615325928,-8,0,-5,-23,-22,-2,0,3,-2,-23,-13,0,-3,-3,goodbye
10.700734615325928,-5,-3,-6,-14,-2,2,12,0,7,-10,-13,-3,0,-10,goodbye
10.716821670532228,0,-2,3,-11,-1,-8,0,-3,-1,-7,-10,-10,-2,-15,goodbye
10.716821670532228,4,-3,8,-6,-10,-19,-22,0,-6,-2,16,2,11,0,goodbye
10.73290228843689,16,0,12,9,-1,-5,-16,0,8,11,38,23,29,17,goodbye
10.73290228843689,23,16,22,21,10,3,-5,-2,11,11,23,20,14,8,goodbye
10.748186826705933,7,17,7,18,3,-12,-16,-5,-10,-2,5,0,-4,-7,goodbye
10.748186826705933,-2,9,0,9,-7,-14,-24,-6,-28,-14,12,0,-2,-5,goodbye
10.763343811035156,7,13,3,1,3,8,-11,-5,-21,-10,25,13,5,5,goodbye
10.763343811035156,8,13,8,-2,23,17,3,-5,-14,0,20,10,-1,4,goodbye
10.778592824935911,-1,4,1,4,23,6,6,0,-11,-1,2,0,-11,-1,goodbye
10.778592824935911,-5,6,-12,18,11,4,5,3,0,-7,-8,-8,-11,0,goodbye
10.79695463180542,-6,13,0,12,16,10,5,7,2,-5,-13,-8,-17,-4,goodbye
10.79695463180542,-4,11,8,3,21,8,13,8,1,10,-8,-2,-15,-8,goodbye
10.809605836868286,0,0,-1,10,0,3,18,-1,10,18,1,0,2,0,goodbye
10.809605836868286,-4,-14,4,2,-21,5,11,-1,1,0,-6,-6,0,1,goodbye
10.824827671051024,-8,-13,0,-9,-12,9,9,4,-9,-9,-21,-15,-16,-8,goodbye
10.824827671051024,-6,-8,-11,-5,-3,4,11,2,0,-1,-18,-16,-14,-6,goodbye
10.840253353118896,-9,-13,-9,-5,-10,1,8,-1,8,4,-21,-17,-13,-3,goodbye
10.840253353118896,-12,-16,-4,-8,-6,6,3,-3,3,0,-35,-18,-20,-10,goodbye
10.856128454208374,-3,-11,4,-4,0,1,1,-4,-6,0,-20,-2,-9,0,goodbye
10.856128454208374,14,-6,7,-2,-6,-7,0,-1,-4,12,8,14,14,22,goodbye
10.871667861938477,19,-1,2,4,-5,-3,-3,-1,7,13,8,15,18,25,goodbye
10.871667861938477,2,1,-2,23,-6,0,-5,-1,2,-4,0,4,8,10,goodbye
10.886775255203249,-8,0,0,26,-10,3,8,5,4,7,11,-4,9,4,goodbye
10.886775255203249,0,-5,0,4,3,17,22,12,33,36,12,-1,18,10,goodbye
10.902809858322144,-3,-9,-12,-16,7,11,12,9,39,21,-12,-4,6,6,goodbye
10.902809858322144,-15,-8,-11,-20,-6,-10,-7,-4,10,-11,-20,-9,-6,-8,goodbye
10.91819190979004,-7,-4,-3,-16,-4,-12,-13,-5,10,-4,8,2,12,-6,goodbye
10.91819190979004,7,-4,-5,-26,1,-12,-10,0,28,15,28,20,35,11,goodbye
10.933738946914673,10,-4,-1,-35,-11,-30,-16,-3,4,0,17,20,25,11,goodbye
10.949138879776,10,1,4,-17,-16,-36,-26,-10,-29,-25,5,11,0,-5,goodbye
10.949138879776,15,12,12,0,1,-21,-28,-3,-39,-37,9,14,-9,-15,goodbye
10.949138879776,17,19,13,0,15,-6,-14,0,-33,-33,16,19,-6,-12,goodbye
10.964896202087402,13,22,4,5,10,-2,-7,-6,-28,-19,18,17,-2,-10,goodbye
10.964896202087402,13,29,16,19,13,6,-11,0,-32,-10,19,15,0,-4,goodbye
10.980452060699465,13,33,20,31,30,26,1,9,-19,-5,15,6,1,5,goodbye
10.980452060699465,-1,20,1,35,29,27,15,3,8,0,6,-8,-2,0,goodbye
10.996551513671877,-24,3,-17,26,14,12,8,1,9,6,3,-20,-10,-13,goodbye
10.997552156448364,-30,-7,-24,11,5,8,2,0,-5,9,-3,-29,-17,-19,goodbye
11.012649297714232,-32,-16,-11,0,-4,16,11,1,-3,10,-23,-30,-27,-14,goodbye
11.012649297714232,-34,-18,-9,-5,-20,18,29,0,7,3,-28,-31,-29,-13,goodbye
11.028703927993774,-18,-10,-13,-1,-17,13,35,-2,8,0,-21,-34,-18,-14,goodbye
11.028703927993774,2,-5,0,0,-7,5,18,0,10,9,-20,-17,-9,0,goodbye
11.044828176498411,8,-13,8,-9,-11,-9,0,5,17,16,-16,3,-3,17,goodbye
11.044828176498411,7,-18,11,-14,-15,-22,-8,1,12,3,-5,11,5,19,goodbye
11.060916662216188,19,-11,13,1,-4,-13,-3,-1,12,4,-2,12,12,17,goodbye
11.060916662216188,22,-5,11,8,2,6,1,-2,14,17,-10,9,6,19,goodbye
11.076932907104492,7,-10,5,-12,-10,4,-9,-7,-7,3,-19,3,0,13,goodbye
11.076932907104492,6,-11,-3,-22,-19,-9,-18,-6,-23,-9,-9,4,7,13,goodbye
11.092808723449709,15,-2,0,-12,0,-7,-9,1,-4,-3,10,17,22,17,goodbye
11.092808723449709,9,3,0,-8,11,2,0,2,18,6,19,16,23,10,goodbye
11.107947826385498,-2,1,-6,-13,0,0,0,0,23,15,11,1,16,1,goodbye
11.107947826385498,-8,-8,-9,-17,-2,-6,0,7,26,17,4,1,16,0,goodbye
11.123866319656372,-2,-5,-10,-12,2,-8,-1,12,34,12,16,14,26,0,goodbye
11.123866319656372,5,13,1,-5,2,-12,-11,2,20,0,29,22,23,0,goodbye
11.138946771621704,1,19,5,0,0,-15,-18,-6,-16,-22,15,12,-1,-14,goodbye
11.138946771621704,-8,10,0,3,0,-8,-14,-9,-41,-42,1,-1,-21,-33,goodbye
11.155052185058594,-8,16,1,9,4,-3,-6,-2,-32,-36,11,-1,-20,-28,goodbye
11.155052185058594,-2,25,0,19,12,0,4,0,-16,-16,11,-3,-20,-18,goodbye
11.170775890350342,0,19,3,25,17,13,17,0,-15,-3,-1,-10,-22,-10,goodbye
11.170775890350342,4,13,9,29,19,18,17,1,-15,4,-10,-10,-13,-1,goodbye
11.185891151428224,1,6,1,29,13,10,6,1,-14,1,-13,-9,-10,0,goodbye
11.20176076889038,0,-5,8,18,0,11,1,0,-21,0,-3,0,-10,7,goodbye
11.20176076889038,5,-4,9,12,0,13,0,-3,-14,17,3,3,3,21,goodbye
11.20176076889038,4,0,-3,12,7,2,-5,-8,-1,22,-7,-5,10,11,goodbye
11.217791080474854,-5,-12,-4,2,0,1,0,0,0,10,-12,-12,4,0,goodbye
11.217791080474854,-13,-23,-4,-8,-9,8,10,4,2,10,-3,-7,0,1,goodbye
11.23392415046692,-18,-20,-9,-14,-7,5,10,0,13,-1,-12,-7,-6,-3,goodbye
11.23392415046692,-15,-16,-16,-20,-5,5,18,6,31,-9,-22,-17,-12,-3,goodbye
11.248469591140749,-8,-13,-12,-27,-11,8,26,11,43,8,-11,-14,0,6,goodbye
11.248469591140749,-9,-9,-8,-25,-14,-4,9,7,32,12,-2,-1,9,7,goodbye
11.263577699661257,-7,-6,-6,-15,-13,-15,-3,-2,9,-4,-8,-3,0,0,goodbye
11.263577699661257,4,0,6,-9,-12,-13,-2,-8,-5,-11,-11,-7,-5,0,goodbye
11.27964973449707,15,4,9,-5,-9,-15,-13,-5,-7,-6,0,1,2,3,goodbye
11.28065061569214,16,2,2,-2,-3,-13,-30,-1,-4,-4,11,12,10,4,goodbye
11.296576023101808,9,0,4,0,0,-7,-28,-1,-4,-7,7,9,6,0,goodbye
11.296576023101808,10,10,6,6,-2,-10,-15,-2,0,-4,5,13,9,0,goodbye
11.311046361923218,17,7,7,0,-2,-7,-10,-5,2,2,20,27,23,10,goodbye
11.311046361923218,10,-5,3,-14,0,0,-11,-5,-4,4,25,18,14,9,goodbye
11.327070236206056,-1,0,-1,-8,9,-2,-5,1,-11,-2,13,2,-6,0,goodbye
11.34262990951538,0,17,0,10,20,0,4,3,-5,-3,10,11,0,-8,goodbye
11.34262990951538,12,18,3,17,18,7,8,-1,3,6,18,13,12,-5,goodbye
11.34262990951538,9,17,17,17,13,7,6,7,7,16,21,4,9,1,goodbye
11.35923433303833,-3,12,4,14,13,5,9,15,14,20,12,0,6,-4,goodbye
11.35923433303833,-11,0,-9,0,5,1,6,0,11,9,-6,-1,-1,-15,goodbye
11.375123977661133,-10,-1,1,-6,-7,0,4,-1,-10,-5,-13,-1,-18,-11,sil
11.375123977661133,-4,2,3,10,-1,8,16,9,-19,-3,-4,-2,-16,0,sil
11.390658378601074,2,0,3,17,11,12,17,1,-10,-3,-6,-4,-10,4,sil
11.40587329864502,4,3,6,14,1,4,1,-7,-13,-15,-16,-7,-16,0,sil
11.40587329864502,-6,-1,1,16,-10,3,-10,-8,-28,-15,-19,-10,-18,-8,sil
11.40587329864502,-18,-15,-2,7,-3,7,-9,-4,-29,-8,-23,-15,-17,-6,sil
11.42251205444336,-13,-12,-12,-4,-2,5,1,-5,-15,-7,-20,-22,-15,3,sil
11.42251205444336,-3,-4,-11,-6,-12,0,6,-9,-5,-8,-11,-17,-1,11,sil
11.438540697097778,-5,-14,-6,-7,-10,-3,0,-4,2,-3,-20,-10,2,7,sil
11.438540697097778,-14,-24,-18,-20,-3,-1,1,0,12,0,-25,-18,-4,-7,sil
11.453359127044678,-14,-14,-20,-28,-4,1,10,1,22,8,-3,-13,5,-5,sil
11.46846890449524,0,-5,-8,-17,-6,-2,9,4,36,17,5,4,19,12,sil
11.46846890449524,6,-6,1,-7,-3,-13,-4,9,41,8,-1,6,9,7,sil
11.46846890449524,3,-4,1,-14,-1,-11,-5,10,35,7,12,6,10,-5,sil
11.485607624053957,5,6,-1,-17,0,-8,5,2,22,19,33,20,25,0,sil
11.485607624053957,9,15,6,-2,0,-15,-5,-4,-5,2,28,26,15,0,sil
11.499695301055908,12,16,9,13,1,-12,-19,-3,-21,-18,17,14,-1,-10,sil
11.514867067337036,10,13,10,10,4,2,-10,0,-19,-14,18,8,-3,-5,sil
11.514867067337036,7,13,10,1,0,6,-7,1,-25,-6,20,12,0,3,sil
11.530531167984009,12,20,13,15,0,6,-19,0,-29,-5,22,13,0,2,sil
11.530531167984009,14,24,23,35,15,14,-13,-1,-20,-7,11,5,-5,3,sil
11.545616388320925,6,11,14,33,21,17,12,-3,-9,-1,-10,-10,-13,7,sil
11.545616388320925,1,-8,2,17,4,11,24,-4,0,12,-19,-9,-2,16,sil
11.561913967132568,0,-16,-3,4,-5,13,17,0,8,17,-16,-1,11,19,sil
11.561913967132568,-15,-22,-21,-7,-3,13,8,-2,7,11,-26,-17,-1,5,sil
11.577844381332396,-19,-23,-19,-17,-2,0,5,1,13,15,-29,-25,-7,1,sil
11.577844381332396,0,-7,-1,-13,-6,-11,9,12,35,27,-4,0,17,14,sil
11.592644453048706,7,0,2,-15,-9,-16,2,4,32,16,5,12,24,7,sil
11.592644453048706,-4,-13,-11,-28,-7,-23,-19,-4,1,-10,-3,0,1,-18,sil
11.608654022216797,-4,-7,-15,-20,-6,-25,-26,-1,-5,-17,6,0,-5,-25,sil
11.608654022216797,7,14,2,-4,-3,-16,-11,0,0,-13,18,17,0,-14,sil
11.624221563339232,7,18,14,-2,9,-4,0,-1,-14,-18,11,15,-5,-11,sil
11.624221563339232,3,13,9,-2,14,4,2,1,-22,-21,8,3,-15,-17,sil
11.639994382858276,5,12,1,3,1,4,3,0,-13,-21,2,-8,-22,-21,sil
11.639994382858276,3,13,0,16,0,4,3,-5,-7,-21,-7,-14,-24,-11,sil
11.655714511871338,0,13,10,25,10,12,0,-4,-7,-7,-1,0,-9,3,sil
11.655714511871338,-3,5,3,18,5,9,-4,-3,-9,6,3,0,1,4,sil
11.671834468841553,-12,-2,-4,6,-4,0,-7,-3,-12,-1,-5,-13,-3,0,sil
11.671834468841553,-22,-1,-4,9,0,12,3,2,-7,-1,-6,-7,-2,5,sil
11.687366724014282,-19,-10,-18,6,0,19,19,3,3,18,-4,-4,7,8,sil
11.687366724014282,-17,-32,-10,-22,-9,4,10,1,0,10,-14,-21,0,0,sil
11.702622652053831,-19,-31,-2,-26,-12,0,0,4,-4,-6,-22,-23,-9,-3,sil
11.702622652053831,-8,-7,-12,6,-2,4,7,0,-1,2,-16,-10,-2,-3,sil
11.71797800064087,6,1,4,11,-1,2,7,3,2,11,-6,3,2,4,sil
11.71797800064087,14,-3,13,-2,-7,0,0,6,10,12,6,15,12,19,sil
11.733683347702026,25,1,7,0,0,1,1,4,18,22,19,28,28,31,sil
11.733683347702026,30,6,8,6,2,4,2,2,22,29,22,29,27,31,sil
11.749770641326904,18,0,4,4,-4,-2,0,-5,22,18,5,7,10,13,sil
11.749770641326904,10,0,2,-1,0,-7,-2,-6,16,4,-2,-2,7,-3,sil
11.764997243881226,9,9,1,0,12,-2,-5,0,12,4,15,7,13,0,sil
11.764997243881226,3,6,-1,0,8,-7,-9,0,9,3,25,14,12,7,sil
11.781030893325806,0,0,-4,-12,-5,-17,-7,-6,0,-9,2,3,3,-4,sil
11.781030893325806,-11,-4,-12,-29,-13,-14,-4,-6,-6,-21,-11,-10,-5,-22,sil
11.797017097473145,-26,-2,-11,-28,-5,-8,-9,0,-6,-23,-1,-11,-14,-29,sil
11.797017097473145,-12,9,-3,-6,5,-4,-6,1,-1,-20,11,-1,-11,-19,sil
11.81291651725769,6,19,6,6,3,-3,-1,-2,-10,-14,10,6,-1,-7,sil
11.81291651725769,0,12,7,0,-2,-9,-10,-2,-33,-15,-1,1,-9,-9,sil
11.827927589416504,-2,8,2,0,5,-3,-13,0,-37,-25,-12,-5,-29,-16,sil
11.827927589416504,8,17,10,25,21,20,5,4,-21,-24,-8,0,-26,-10,sil
11.84390139579773,14,18,14,41,21,20,21,6,-8,-2,2,4,-10,3,sil
11.84390139579773,1,1,7,25,0,0,10,0,-12,5,0,-5,-11,7,sil
11.85938024520874,-6,-14,1,8,-10,0,0,-1,-15,1,-14,-15,-14,5,sil
11.85938024520874,0,-13,3,16,0,18,12,0,1,15,-21,-13,0,14,sil
11.87515926361084,0,-6,3,14,2,19,17,1,16,30,-11,-7,11,20,sil
11.87515926361084,-19,-9,-11,-1,-8,7,9,0,16,30,-5,-13,13,9,sil
11.890764713287354,-22,-18,-12,-13,-7,4,3,0,24,26,-7,-10,14,4,sil
11.890764713287354,-9,-24,-6,-16,-2,4,4,4,42,23,0,2,19,10,sil
11.90635895729065,0,-19,-14,-22,-10,-6,-1,2,36,16,8,1,22,5,sil
11.90635895729065,2,-8,-2,-27,-19,-17,-17,0,11,0,2,0,14,-6,sil
11.9219012260437,3,-6,0,-21,-17,-18,-21,0,3,-7,0,11,3,-8,sil
11.9219012260437,5,-5,-11,-18,-12,-12,-18,-2,0,-11,4,16,0,-4,sil
11.939809322357178,10,7,1,-21,-1,-7,-17,-3,-11,-20,8,20,0,-5,sil
11.939809322357178,15,20,14,-3,10,-10,-8,0,-11,-19,14,22,1,-4,sil
11.952789545059204,14,22,9,16,17,-8,0,-5,-13,-13,19,15,3,-2,sil
11.952789545059204,10,24,-1,17,13,5,0,-4,-22,-19,10,2,-3,-4,sil
11.968359470367432,1,23,-2,16,6,6,0,1,-27,-29,0,-3,-18,-11,sil
11.968359470367432,-8,13,2,20,8,0,2,-1,-27,-26,-2,-8,-22,-16,sil
11.98364782333374,-8,0,-3,20,11,9,10,-4,-10,-3,-9,-16,-12,-3,sil
11.98364782333374,0,-8,-3,9,9,17,18,1,4,12,-11,-15,-5,15,sil
11.998659133911133,-7,-13,-2,-5,5,12,16,5,0,8,-3,-17,-7,13,sil
11.998659133911133,-24,-17,-10,-12,0,10,15,-2,-2,10,-9,-30,-8,0,sil
12.014503240585327,-20,-21,-5,-5,-4,9,19,4,9,29,-22,-28,-3,2,sil
12.014503240585327,0,-12,0,0,-5,3,24,13,30,40,-5,-1,13,15,sil
12.029906272888184,7,-5,2,-12,-8,-2,12,5,40,27,15,15,23,18,sil
12.029906272888184,2,-17,-1,-21,-21,-15,-11,-1,30,7,2,7,10,2,sil
12.053879976272585,12,-6,8,-5,-19,-20,-24,-2,10,-4,1,13,5,-10,sil
12.054876565933228,34,32,31,17,4,-5,-20,2,-1,-12,27,40,15,-3,sil
12.054876565933228,18,34,16,19,11,1,-18,5,-20,-16,22,30,2,-5,sil
12.06192922592163,-19,4,-7,3,3,-4,-18,-1,-37,-13,-7,-7,-23,-21,sil
12.077789545059204,-16,2,-4,10,8,2,-1,-3,-23,0,-13,-15,-14,-12,sil
12.077789545059204,6,7,6,25,8,14,16,2,7,10,-6,0,11,9,sil
12.093477010726929,1,-4,5,8,-1,5,10,-1,16,10,-6,5,12,16,sil
12.093477010726929,-2,-10,-13,-11,-1,-2,-5,-12,13,12,0,0,9,16,sil
12.108509302139282,9,-2,-8,-13,2,-1,-13,-9,12,8,12,8,19,18,sil
12.123643398284912,13,6,8,-6,-2,-12,-11,0,0,-10,22,26,14,6,sil
12.123643398284912,6,7,2,4,-8,-21,-6,-8,-18,-26,19,19,-8,-9,sil
12.123643398284912,-1,0,-3,0,-5,-8,-7,-13,-32,-27,-1,-5,-21,-14,sil
12.139235734939575,-18,-5,-11,-7,-2,5,-4,4,-28,-22,-30,-29,-27,-19,sil
12.139235734939575,-33,-11,-20,0,-2,11,12,10,-18,-18,-45,-36,-36,-27,sil
12.155012130737305,-24,-16,-13,0,-5,12,25,4,-5,-8,-38,-27,-27,-11,sil
12.155012130737305,-1,-16,-3,-10,-6,5,18,6,17,13,-16,-16,1,10,sil
12.17055082321167,7,-15,4,-16,-1,-1,6,11,37,21,3,0,22,11,sil
12.17055082321167,10,-10,5,-13,0,-7,-1,1,27,6,12,15,20,1,sil
12.185743808746338,17,3,10,-7,-1,-15,-19,-5,-2,-8,18,18,10,-2,sil
12.185743808746338,18,9,12,-6,-2,-19,-31,1,-12,-9,29,20,13,0,sil
12.2018084526062,15,9,4,-8,2,-17,-22,4,-2,0,35,22,21,7,sil
12.2018084526062,11,20,7,3,14,-1,-9,0,-4,1,28,12,5,12,sil
12.218446254730225,3,20,1,22,21,19,9,0,-3,5,11,-4,-10,2,sil
12.218446254730225,-8,6,-8,14,13,26,23,0,2,13,0,-15,-6,-4,sil
12.232755661010742,-21,0,-9,-3,4,22,20,-1,-2,13,-3,-19,-6,-1,sil
12.249258279800417,-23,-1,-16,-4,1,22,19,0,0,13,-12,-28,-16,-1,sil
12.249258279800417,-25,-6,-13,-3,3,16,19,1,5,10,-35,-29,-20,-11,sil
12.249258279800417,-26,-2,-4,-3,6,5,11,-6,-3,3,-39,-25,-14,-15,sil
12.265092849731444,-14,3,4,0,4,9,8,-10,-7,1,-25,-20,-15,-8,sil
12.265092849731444,4,2,13,12,0,10,9,0,2,1,-16,-4,-13,2,sil
12.279855966567991,18,0,6,25,-2,-3,4,5,10,2,0,17,11,15,sil
12.294968366622925,24,-5,11,15,-1,-11,0,3,9,7,19,30,32,25,sil
12.294968366622925,20,-10,17,5,-10,-8,0,7,18,13,18,24,25,24,sil
12.310834646224976,12,-8,9,5,-20,-18,-13,0,25,6,11,19,16,16,sil
12.310834646224976,12,-8,4,-9,-23,-26,-27,-6,11,-6,10,24,17,11,sil
12.325916051864624,10,-16,-8,-23,-20,-18,-18,-1,5,-9,6,21,10,0,sil
12.325916051864624,3,-11,-8,-12,-13,-15,-7,1,9,-10,1,15,5,-10,sil
12.341052055358888,7,4,2,-5,-3,-19,-6,-1,-7,-12,10,13,4,-8,sil
12.341052055358888,11,11,-3,-4,1,-15,-10,-6,-33,-14,14,7,-3,-6,sil
12.356470584869385,1,5,-10,0,5,-4,-11,-6,-33,-24,1,1,-13,-14,sil
12.356470584869385,-3,7,-4,4,14,9,2,0,-14,-16,0,3,-9,-12,sil
12.372747898101808,-1,16,1,0,15,14,5,4,-5,1,17,0,-6,-7,sil
12.372747898101808,-12,10,-7,-15,-1,2,-20,0,-10,-8,8,-15,-13,-18,sil
12.388781309127808,-20,1,-12,-12,-5,-1,-28,-2,-11,-24,-13,-25,-16,-25,sil
12.388781309127808,-8,11,5,9,13,8,-4,0,-5,-9,-4,-15,-10,-6,sil
12.404805898666382,2,22,13,26,17,8,3,2,-4,8,8,-7,-4,8,sil
12.404805898666382,0,7,5,20,6,1,0,1,-12,5,0,-8,0,6,sil
12.420909881591797,-8,-7,7,13,8,12,13,3,-11,5,0,-1,9,13,sil
12.420909881591797,-6,-1,13,18,14,23,31,3,3,21,5,2,11,21,sil
12.43647599220276,-6,1,6,10,11,13,23,-1,13,28,-3,-2,7,12,sil
12.43647599220276,-12,-7,-7,-2,0,9,12,-1,12,23,-13,-9,4,5,sil
12.45215892791748,0,-6,2,0,-12,16,16,3,6,16,-13,-4,0,11,sil
12.45215892791748,10,0,3,3,-8,9,16,5,1,5,-23,-5,-7,6,sil
12.467933416366575,-4,-10,-20,-20,-2,-5,6,-1,7,-2,-30,-22,-12,-9,sil
12.467933416366575,-18,-25,-19,-38,-12,-7,3,-1,13,-3,-28,-29,-19,-18,sil
12.483623504638672,-9,-30,-12,-25,-24,-5,7,-1,18,-4,-27,-23,-23,-17,sil
12.483623504638672,-5,-24,-13,-14,-14,-4,0,-7,19,-11,-19,-10,-13,-10,sil
12.499119758605955,-1,-11,-6,-19,2,-4,-10,-3,12,-13,-3,4,0,-3,sil
12.499119758605955,11,-4,-5,-13,2,-8,-4,0,11,-3,4,11,5,0,sil
12.51494812965393,16,2,2,2,0,-4,3,1,20,5,10,14,13,7,sil
12.51494812965393,16,9,9,16,5,0,0,6,21,11,21,23,24,17,sil
12.53053593635559,19,5,6,10,2,-10,-11,5,7,9,33,30,28,16,sil
12.53053593635559,16,3,5,-7,0,-15,-19,3,-3,4,42,29,21,8,sil
12.54616904258728,12,8,0,-10,0,-10,-16,4,-6,5,36,18,14,4,sil
12.54616904258728,10,12,7,0,0,-12,-13,1,-13,2,23,15,15,4,sil
12.561858415603638,16,20,17,7,0,-13,-8,0,-15,0,27,25,17,4,sil
12.561858415603638,17,23,10,8,0,-7,-11,-2,-19,-9,24,21,4,0,sil
12.576669216156006,1,13,6,6,-3,-6,-19,-5,-32,-27,3,7,-6,-9,sil
12.576669216156006,-8,12,6,16,6,-6,-7,-5,-33,-26,-6,1,-3,-11,sil
12.59191370010376,-12,18,5,20,14,1,2,-7,-25,-20,-12,-5,-10,-11,sil
12.59191370010376,-22,5,-2,14,2,7,-6,-7,-25,-22,-28,-26,-29,-19,sil
12.607459545135498,-26,-3,-3,11,0,11,-6,-5,-17,-12,-34,-31,-33,-23,sil
12.607459545135498,-23,-1,-1,10,9,25,10,1,-1,-2,-17,-21,-22,-13,sil
12.622896432876589,-20,-4,-11,13,10,36,21,3,0,0,-8,-24,-13,-6,sil
12.622896432876589,-14,-8,-7,12,3,20,18,3,0,9,-20,-29,-15,-3,sil
12.6389479637146,-5,-8,-2,0,-2,1,13,5,6,20,-25,-17,-16,2,sil
12.6389479637146,-2,-6,-1,0,-4,7,13,0,11,21,-4,-1,0,10,sil
12.654502630233765,5,-1,9,13,2,16,20,0,21,28,13,9,18,25,sil
12.654502630233765,19,-1,4,9,1,5,20,3,35,40,15,14,25,37,sil
12.669968843460085,17,-13,-9,-15,-5,-1,11,-2,23,27,4,8,16,22,sil
12.669968843460085,2,-20,-10,-28,-6,0,8,-1,5,0,-9,-2,3,0,sil
12.685516595840454,-4,-14,-8,-23,-7,-10,2,3,9,-8,-13,-7,-2,-3,sil
12.685516595840454,-1,-12,-6,-21,-9,-28,-10,-1,10,-4,-9,-2,-1,-1,sil
12.70155119895935,3,-13,-9,-20,-10,-21,-12,-2,11,0,-7,0,6,0,sil
12.70155119895935,3,-9,-7,-24,-13,-3,-13,5,15,-4,-5,0,6,0,sil
12.71754503250122,-4,-8,-7,-30,-12,-6,-14,8,11,-19,0,-3,0,-6,sil
12.71754503250122,-1,0,0,-15,-7,-15,-4,5,10,-10,12,3,8,0,sil
12.732938051223757,11,9,13,-1,-1,-10,-7,-1,9,5,24,15,20,4,goodbye
12.733268022537231,7,9,2,-3,2,-1,-13,-6,-5,-9,12,5,-2,-14,goodbye
12.747885465621948,1,9,1,1,11,4,-3,-3,-14,-23,2,3,-12,-23,goodbye
12.747885465621948,11,12,7,12,13,0,-2,1,-8,-1,17,22,10,-3,goodbye
12.763489246368408,12,9,4,12,5,-8,-10,-1,-13,2,25,16,6,-1,goodbye
12.763489246368408,1,10,17,13,4,-9,-8,-1,-28,-18,9,0,-14,-11,goodbye
12.77897334098816,4,17,15,18,9,-6,-2,-4,-22,-13,4,5,-3,-1,goodbye
12.77897334098816,8,17,3,16,8,-7,-1,-7,-11,0,14,13,8,6,goodbye
12.79454779624939,-3,20,15,18,6,0,-2,1,-16,-2,9,7,0,1,goodbye
12.79454779624939,-7,21,13,25,12,13,0,6,-17,0,1,0,0,2,goodbye
12.809628248214722,7,7,5,20,12,19,1,1,-7,7,5,1,6,11,goodbye
12.809628248214722,3,-4,2,17,1,21,4,-1,-5,8,0,-1,0,12,goodbye
12.824826955795288,-19,-2,-11,14,-3,19,8,-6,-10,3,-25,-20,-16,0,goodbye
12.824826955795288,-25,-8,-20,1,-2,18,14,-4,-11,-3,-36,-28,-23,-9,goodbye
12.840871095657349,-14,-22,-16,0,-8,17,15,0,-1,3,-28,-21,-17,-8,goodbye
12.840871095657349,-18,-26,-11,-7,-13,5,12,1,15,17,-29,-20,-13,-1,goodbye
12.85650873184204,-22,-20,-18,-27,-9,0,14,4,23,21,-32,-29,-8,0,goodbye
12.85650873184204,-12,-20,-21,-32,-11,3,13,2,18,17,-15,-21,4,1,goodbye
12.871619939804075,-4,-19,-5,-15,-12,1,5,0,20,16,2,0,17,6,goodbye
12.887526035308838,0,-2,0,-2,0,-10,1,2,27,12,1,7,12,3,goodbye
12.887526035308838,9,14,5,0,11,-11,0,1,16,-3,5,11,6,-1,goodbye
12.887526035308838,18,6,7,0,7,-1,1,0,7,-10,18,18,11,4,goodbye
12.903050661087036,15,-11,4,-3,-2,-7,0,0,11,-3,12,11,9,12,goodbye
12.919414281845093,6,-11,2,-10,-10,-25,-18,3,9,-9,3,6,-2,2,goodbye
12.919414281845093,9,3,4,-6,-8,-19,-21,2,3,-17,16,15,-2,-5,goodbye
12.919414281845093,19,7,9,-5,3,-2,-7,-2,0,-11,22,19,10,-1,goodbye
12.934475421905518,13,-1,4,-14,3,-13,-6,-3,-5,-4,16,10,15,-4,goodbye
12.934475421905518,0,1,1,-9,-7,-23,-16,0,-9,-9,14,4,0,-12,goodbye
12.948724031448364,6,24,14,12,-2,-2,-7,2,-13,-15,13,9,-9,-4,goodbye
12.964762449264526,17,35,15,25,10,11,6,0,-14,-9,17,14,-2,5,goodbye
12.964762449264526,6,18,9,13,9,-2,-7,-2,-18,-11,13,8,-2,-3,goodbye
12.979928731918337,-5,0,2,-3,-2,-15,-25,-3,-23,-19,0,-1,-17,-13,goodbye
12.979928731918337,2,5,1,2,-4,-2,-7,-2,-15,-5,3,0,-18,-3,goodbye
12.995511770248411,10,21,17,21,16,25,19,0,-9,11,13,12,-5,8,goodbye
12.995511770248411,1,13,8,24,24,34,23,6,-9,14,0,0,-1,10,goodbye
13.011594533920288,-14,-10,-13,8,1,17,10,5,-8,13,-16,-16,0,7,goodbye
13.011594533920288,-22,-13,-10,7,-3,12,11,0,0,14,-17,-16,5,7,goodbye
13.026844024658203,-19,-9,-6,9,11,19,21,-1,11,17,-27,-21,6,3,goodbye
13.026844024658203,-21,-29,-17,-20,0,9,8,0,15,10,-40,-35,0,-2,goodbye
13.042361974716188,-22,-35,-31,-38,-19,-1,-5,-1,12,6,-29,-31,1,-4,goodbye
13.042361974716188,-11,-15,-17,-15,-10,3,2,-2,14,16,-13,-14,16,3,goodbye
13.057934284210203,-4,-9,-2,-6,-1,9,16,1,21,23,-22,-12,18,7,goodbye
13.057934284210203,-3,-13,-7,-14,-5,0,8,0,22,15,-24,-15,6,1,goodbye
13.0734965801239,0,0,-3,0,-1,-13,-4,-2,18,8,0,1,0,-1,goodbye
13.0734965801239,11,5,3,8,-2,-14,-11,-2,15,3,15,12,3,2,goodbye
13.090648412704468,16,0,3,-1,-4,-10,-19,-5,6,-10,12,11,1,5,goodbye
13.090648412704468,10,6,3,-2,-1,-14,-21,-2,-16,-24,16,17,-10,-1,goodbye
13.104521036148071,0,5,1,0,-9,-24,-13,-1,-35,-28,22,17,-13,-15,goodbye
13.104521036148071,-6,0,0,-12,-16,-22,-4,0,-15,-27,22,16,-1,-18,goodbye
13.119910717010498,-1,6,2,-14,-4,-12,0,6,18,-14,23,18,3,-10,goodbye
13.119910717010498,5,10,8,-5,0,-11,-6,4,12,-2,27,19,-1,-12,goodbye
13.135919094085692,4,11,11,4,0,-7,-14,1,-20,-14,24,18,-12,-16,goodbye
13.135919094085692,2,18,10,31,17,9,-6,2,-27,-20,7,11,-20,-8,goodbye
13.151933670043944,3,19,21,38,29,23,4,0,-22,-9,-5,4,-14,0,goodbye
13.151933670043944,3,10,10,22,17,20,7,-8,-36,-7,-7,-4,-6,0,goodbye
13.167508125305176,6,-1,0,17,8,21,13,-10,-43,-11,-16,-14,-6,5,goodbye
13.167508125305176,11,-12,9,11,6,23,22,2,-4,5,-25,-9,5,22,goodbye
13.18284010887146,8,-10,-1,1,-1,15,27,10,39,26,-13,-1,18,28,goodbye
13.18284010887146,0,-5,-9,-4,-6,4,27,8,40,29,-8,-5,14,20,goodbye
13.198853492736816,-2,-6,-4,-12,-6,0,20,7,31,35,-16,-11,14,19,goodbye
13.198853492736816,3,-3,-10,-20,-2,-10,1,4,32,32,-3,-6,13,11,goodbye
13.214244842529297,7,6,-4,-17,0,-19,-19,0,23,2,21,7,8,0,goodbye
13.214244842529297,11,14,6,-7,-5,-21,-25,-3,11,-10,34,22,20,3,goodbye
13.230151653289797,9,13,7,-6,-13,-21,-29,-10,-9,-7,29,22,20,2,goodbye
13.230151653289797,-2,6,-4,-11,-12,-19,-33,-8,-36,-23,6,0,-12,-16,goodbye
13.245774507522585,-8,5,-3,0,-4,-5,-22,-2,-33,-29,-9,-16,-30,-21,goodbye
13.245774507522585,-6,7,9,20,5,14,-1,0,-8,-1,-4,-17,-16,-10,goodbye
13.262033939361572,-10,-7,-1,11,12,20,13,5,3,17,-5,-19,-10,-5,goodbye
13.262033939361572,-17,-23,-13,-7,4,17,19,2,3,10,-23,-22,-17,-4,goodbye
13.27750325202942,-15,-17,-6,1,-1,20,23,-1,2,10,-29,-19,-7,-1,goodbye
13.27750325202942,-13,-16,-9,4,0,20,29,1,12,20,-26,-23,0,0,goodbye
13.292643070220947,-16,-23,-9,-13,0,13,24,2,22,20,-27,-20,-8,3,goodbye
13.292643070220947,-9,-13,-5,-8,-4,8,8,-3,20,22,-10,-3,5,8,goodbye
13.308038711547852,0,-3,-5,0,-2,-2,-6,-4,6,11,10,9,28,6,goodbye
13.308038711547852,0,-9,-8,-13,-3,-17,-15,1,-8,-18,3,12,16,-1,goodbye
13.32317328453064,-4,-11,-4,-20,-5,-18,-12,0,-9,-25,0,15,1,-7,goodbye
13.32317328453064,5,-1,5,-10,-1,-9,-3,-5,4,-5,16,23,9,-1,goodbye
13.338985919952393,13,6,3,-2,6,-9,-3,-2,12,-2,23,24,11,2,goodbye
13.338985919952393,8,8,7,-7,6,-18,-18,2,-5,-21,13,22,-2,-4,goodbye
13.35446000099182,3,6,10,-14,-5,-20,-27,4,-27,-29,9,17,-11,-12,goodbye
13.35446000099182,6,8,-3,0,-9,-12,-19,-4,-22,-22,11,6,-11,-10,goodbye
13.36950421333313,10,20,2,16,0,0,-11,-1,-11,-22,13,1,-7,-3,goodbye
13.36950421333313,11,30,12,18,4,3,-2,4,-9,-17,12,3,-1,1,goodbye
13.384691953659058,7,28,6,16,1,0,4,-3,-6,-4,4,5,1,1,goodbye
13.384691953659058,5,19,13,14,4,0,1,0,-6,-5,-8,1,-2,0,goodbye
13.400725841522217,6,9,9,14,0,0,0,6,-10,-7,-13,-9,-13,-3,goodbye
13.400725841522217,0,1,-1,13,1,0,2,-1,-7,6,-6,-13,-11,-6,goodbye
13.415948867797852,-2,-2,3,9,12,7,8,0,5,23,0,-10,3,0,goodbye
13.415948867797852,1,-4,4,17,15,19,17,7,20,29,2,-6,12,14,goodbye
13.43196988105774,0,0,-4,26,10,21,24,2,20,27,5,-1,8,20,goodbye
13.43196988105774,-3,0,-4,11,5,21,24,5,12,27,3,-5,3,11,goodbye
13.447659492492676,0,-11,-8,-6,3,16,20,4,7,22,-2,-9,4,1,goodbye
13.447659492492676,1,-15,-9,-3,1,4,13,-3,0,7,-5,-6,0,3,goodbye
13.462884664535522,2,-4,11,1,-1,6,12,-1,-1,2,0,0,-4,9,goodbye
13.462884664535522,0,-8,1,-6,-9,8,15,2,8,19,1,-1,3,10,goodbye
13.47827959060669,-8,-19,-20,-14,-17,-5,0,-3,9,16,-9,-12,0,3,goodbye
13.47827959060669,-16,-12,0,-13,-11,-12,-20,-4,-5,-15,-19,-15,-11,-5,goodbye
13.49346661567688,-12,-9,-10,-7,-2,-9,-14,-6,-2,-18,-12,-7,-6,-8,goodbye
13.49346661567688,-8,-19,-24,-14,-9,-10,-10,-7,0,-5,-12,-5,0,-4,goodbye
13.508814573287964,-10,-13,11,-29,-15,-2,-19,5,0,-10,-17,0,0,2,goodbye
13.524883508682253,-6,-2,1,-23,-2,1,-11,2,18,0,-1,9,10,4,goodbye
13.524883508682253,-3,-6,-14,-20,0,-11,-10,-8,10,1,2,6,7,-8,goodbye
13.541555166244509,-11,-9,2,-31,-12,-18,-21,-5,-28,-29,-11,0,-12,-25,goodbye
13.541555166244509,-6,0,1,-22,-8,-9,-16,-2,-22,-34,-2,9,-3,-19,goodbye
13.541555166244509,19,12,4,0,3,-5,0,2,12,-5,22,30,25,7,goodbye
13.555708408355711,35,16,13,7,2,-10,4,8,14,5,31,36,24,17,sil
13.57095456123352,16,11,8,2,2,-15,-4,1,-6,-6,20,17,3,0,sil
13.57095456123352,0,13,2,8,9,-10,-2,0,-5,-11,13,0,-2,-7,sil
13.58654284477234,8,25,4,27,14,3,17,4,10,1,14,3,0,1,sil
13.58654284477234,18,30,13,34,10,11,13,8,3,8,12,13,-6,7,sil
13.602725744247437,8,23,9,31,4,7,-7,3,-11,1,7,1,-11,-1,sil
13.602725744247437,-4,12,0,26,9,8,-10,-6,-18,-8,1,-17,-14,-14,sil
13.617796182632446,-12,1,-6,17,13,11,-8,-4,-26,-13,-10,-24,-22,-18,sil
13.617796182632446,-14,-2,-5,12,9,15,-2,0,-18,-1,-17,-23,-20,-11,sil
13.63382363319397,-11,-1,0,17,13,23,17,-1,6,16,-4,-19,-6,-2,sil
13.63382363319397,-8,-7,-5,18,9,19,28,-3,11,16,-5,-21,-2,0,sil
13.648906230926514,-4,-11,-7,6,-1,7,23,0,0,11,-23,-22,-7,3,sil
13.648906230926514,-3,-7,0,0,2,10,23,8,10,23,-21,-13,0,10,sil
13.664534330368042,-9,-17,-3,-11,0,7,17,6,19,27,-6,-7,14,11,sil
13.664534330368042,-7,-28,0,-26,-19,-3,0,1,9,10,-4,1,20,11,sil
13.680086612701416,5,-17,1,-18,-20,-7,3,1,9,6,-6,11,14,19,sil
13.680086612701416,3,-14,-7,-16,-14,-20,1,-2,12,4,-8,5,2,16,sil
13.695476055145264,-7,-24,-6,-40,-23,-31,-22,-4,1,-10,-8,6,1,0,sil
13.695476055145264,1,-13,-2,-37,-22,-15,-26,0,3,-8,7,23,19,-3,sil
13.711541652679443,15,2,-1,-15,-7,-6,-18,-3,8,1,24,27,22,4,sil
13.711541652679443,17,8,-1,-9,0,-13,-23,-7,-1,-9,22,17,9,2,sil
13.72691559791565,19,22,6,-7,2,-4,-22,-1,-8,-20,21,21,10,-2,sil
13.72691559791565,10,27,10,0,6,2,-13,2,-10,-14,23,21,12,0,sil
13.742629289627075,0,13,6,9,3,-3,-14,0,-18,-9,11,5,-8,0,sil
13.742629289627075,2,10,12,20,8,-4,-10,-3,-24,-17,0,-1,-24,-8,sil
13.758075714111328,4,19,12,27,22,4,8,-4,-19,-18,-6,-9,-22,-8,sil
13.758075714111328,-4,19,6,31,26,20,25,-3,-4,-2,-9,-20,-19,-4,sil
13.773370265960692,-18,2,-4,29,13,20,25,3,8,13,-8,-18,-17,-7,sil
13.773370265960692,-26,-14,-21,11,-2,1,15,10,8,16,-15,-21,-16,-11,sil
13.78926396369934,-22,-19,-16,-8,-5,0,13,3,5,6,-26,-29,-19,-10,sil
13.78926396369934,-7,-18,-5,-9,0,12,23,-3,15,1,-24,-20,-13,0,sil
13.804873943328856,4,-15,-1,-6,-3,9,16,0,25,7,-6,2,6,12,sil
13.804873943328856,7,-10,-1,-13,-10,-8,-5,6,20,7,8,15,25,10,sil
13.820472478866575,7,-4,-5,-18,-7,-16,-16,-1,2,-5,10,12,22,-4,sil
13.820472478866575,11,7,6,-12,1,-3,-18,-3,-16,-17,12,15,6,-12,sil
13.835642337799072,11,20,5,3,6,7,-12,2,-12,0,28,15,6,-7,sil
13.835642337799072,4,19,3,24,5,8,-5,2,-2,16,31,4,12,0,sil
13.851554155349731,-2,12,16,30,2,9,-2,1,-14,2,1,-3,-1,-1,sil
13.851554155349731,-11,0,-9,12,0,12,8,-3,-16,-3,-22,-14,-15,-8,sil
13.867185592651367,-18,-15,-23,-8,0,11,22,-2,0,11,-22,-21,-8,-2,sil
13.867185592651367,-11,-15,10,-10,-6,14,23,11,15,25,-14,-5,7,15,sil
13.882976293563845,4,-6,10,-2,-14,2,14,5,28,28,-9,8,12,23,sil
13.882976293563845,9,-9,-6,-13,-10,-23,-3,-11,21,9,-5,5,6,17,sil
13.89857530593872,7,-7,-1,-24,0,-32,-22,-7,-3,-12,0,3,2,8,sil
13.89857530593872,8,3,2,-19,0,-29,-29,-4,-22,-20,5,14,3,-2,sil
13.91360354423523,10,-1,-2,-13,-9,-25,-26,-5,-27,-25,6,15,-2,-9,sil
13.91360354423523,9,-9,0,-15,-11,-19,-20,-4,-18,-31,14,9,-6,-5,sil
13.929389476776125,3,8,5,-13,0,-15,-16,1,0,-22,18,14,2,-1,sil
13.929389476776125,0,22,5,0,2,-8,-11,2,2,-11,4,7,0,-6,sil
13.944828271865845,0,9,12,19,0,2,-8,0,-9,-14,-3,-12,-17,-5,sil
13.944828271865845,0,2,10,27,5,9,-3,2,-13,-10,0,-12,-17,2,sil
13.960566997528076,-7,7,-2,20,8,18,7,0,-6,6,-1,-4,-4,0,sil
13.960566997528076,-14,8,0,18,11,32,22,-6,2,15,-2,-5,-6,-4,sil
13.975783586502075,-3,6,0,26,20,38,30,0,14,19,0,-6,-10,0,sil
13.975783586502075,0,1,-7,25,22,32,32,13,21,32,-3,-10,3,2,sil
13.991812944412231,-13,-8,-10,12,12,18,30,11,15,31,-10,-14,14,0,sil
14.007534742355348,-12,-14,-11,0,0,9,24,-1,9,12,-8,-16,7,0,sil
14.007534742355348,1,-14,-7,-12,-7,6,16,-3,11,0,-12,-15,0,2,sil
14.007534742355348,0,-16,-7,-20,-15,-2,7,4,14,3,-15,-9,3,1,sil
14.022676944732666,-2,-16,-4,-23,-16,-16,-2,1,6,6,-4,1,12,4,sil
14.022676944732666,7,-7,-2,-24,-13,-16,-8,-3,2,4,8,7,14,7,sil
14.038646221160889,11,3,-3,-15,-6,-9,-11,2,10,9,16,12,12,4,sil
14.062665224075316,12,9,10,-2,6,-7,-14,3,10,6,24,26,14,3,sil
14.062665224075316,19,10,19,6,14,-13,-13,-4,2,-6,24,31,16,5,sil
14.062665224075316,19,18,14,6,5,-19,-22,-8,-15,-20,17,24,8,0,sil
14.062665224075316,3,21,8,-1,-2,-15,-36,-1,-38,-24,8,14,-6,-8,sil
14.069764137268066,-7,6,-9,-2,-4,-14,-22,-6,-29,-23,-3,-3,-23,-15,sil
14.084904432296751,-12,-4,-2,1,-2,-11,-2,-8,-12,-24,-16,-10,-31,-15,sil
14.084904432296751,-15,0,8,3,0,9,1,0,-16,-19,-21,-8,-22,-9,sil
14.101815223693848,-17,-4,-6,0,-2,22,6,0,-17,-11,-22,-23,-19,-7,sil
14.116983413696287,-20,-17,-10,-2,-9,16,15,1,-9,-7,-27,-33,-27,-8,sil
14.117985248565674,-9,-15,0,5,-9,14,17,11,5,12,-26,-20,-15,0,sil
14.117985248565674,4,-11,0,0,-5,6,11,10,29,31,-11,-4,8,11,sil
14.13154911994934,0,-20,-8,-23,-8,-13,1,-1,33,18,0,-1,14,6,sil
14.13154911994934,-2,-19,-14,-26,-12,-24,-8,-5,9,0,5,0,8,-5,sil
14.147104501724243,16,3,3,-5,-7,-20,-11,1,-3,-5,16,20,11,0,sil
14.163840532302856,36,23,20,14,2,-12,-6,1,0,-1,33,40,21,17,sil
14.163840532302856,28,28,18,23,15,-2,-9,-2,-1,0,36,32,25,21,sil
14.163840532302856,7,27,5,18,17,3,-15,1,0,2,26,12,18,7,sil
14.178497552871704,2,23,4,20,12,11,-6,0,3,8,19,6,13,0,sil
14.179497957229614,0,13,10,26,13,19,8,-8,-6,4,10,2,8,0,sil
14.1936776638031,-22,-2,-8,9,9,16,12,-5,-16,0,-11,-17,-12,-10,sil
14.209765672683716,-42,-17,-25,-11,0,18,14,-2,-14,0,-37,-37,-33,-23,sil
14.209765672683716,-35,-14,-17,-4,0,24,27,3,-12,-2,-38,-39,-28,-18,sil
14.224914789199827,-18,-11,-11,2,5,22,37,10,0,9,-18,-30,-8,-4,sil
14.224914789199827,-6,-15,1,-6,2,14,26,8,23,27,-5,-10,1,5,sil
14.240920066833496,9,-10,9,-4,-8,0,7,0,29,13,-9,0,3,13,sil
14.240920066833496,21,-4,2,-4,-14,-18,-3,-3,11,-15,-14,0,6,16,sil
14.256953954696655,19,-5,-2,-19,-13,-24,-13,1,5,-11,-2,13,15,15,sil
14.256953954696655,19,0,3,-18,-5,-17,-12,2,14,6,18,28,19,12,sil
14.272432804107666,28,10,10,3,10,-8,-5,0,16,5,31,31,18,13,sil
14.272432804107666,26,17,6,11,15,-3,-8,-3,7,0,24,21,10,11,sil
14.28744912147522,8,12,2,-1,1,-12,-24,-8,-9,-7,11,10,-7,-6,sil
14.28744912147522,0,2,3,-10,-8,-16,-28,-5,-25,-19,10,8,-15,-15,sil
14.303491830825806,1,3,1,-2,-3,-6,-17,-2,-23,-20,15,6,-6,-8,sil
14.303491830825806,-11,2,-1,6,2,-2,-14,-4,-17,-12,1,-4,-16,-15,sil
14.31951069831848,-22,-4,0,17,0,-3,-8,3,-13,-2,-12,-17,-23,-23,sil
14.31951069831848,-20,-3,1,19,0,6,8,9,-6,1,-9,-17,-5,-15,sil
14.33496642112732,-24,-11,-10,0,-3,15,18,1,-8,0,-16,-24,-5,-12,sil
14.33496642112732,-29,-26,-24,-14,-15,11,13,0,-1,10,-26,-30,-15,-8,sil
14.350478172302246,-18,-14,-4,-11,-14,4,15,4,29,29,-8,-8,11,8,sil
14.350478172302246,3,1,2,-9,0,1,16,-2,38,24,4,7,28,14,sil
14.366250038146973,15,0,0,-16,0,-4,0,-6,5,-7,-1,5,1,0,sil
14.366250038146973,15,5,10,-15,-8,-11,-13,1,-15,-29,1,14,-7,-2,sil
14.38174319267273,12,15,4,0,0,-6,-6,4,-10,-21,8,11,3,3,sil
14.38174319267273,6,11,4,8,7,4,-5,2,-12,-16,-6,-7,-7,0,sil
14.396804571151732,-3,0,5,10,0,9,-7,0,-13,-15,-19,-12,-20,-4,sil
14.396804571151732,-4,-5,0,17,0,11,4,-6,0,4,-12,-7,-2,8,sil
14.413018226623535,7,2,11,21,7,19,22,0,10,31,-4,-2,20,29,sil
14.413018226623535,11,4,7,7,7,14,24,-1,15,34,0,7,22,26,sil
14.428533792495728,-1,-11,-11,-14,1,-5,6,-7,9,12,0,13,13,5,sil
14.428533792495728,-4,-9,-13,-13,-2,-12,-4,-1,2,0,6,11,12,0,sil
14.444461107254028,10,14,-1,3,2,-5,-5,0,5,3,26,16,16,0,sil
14.444461107254028,16,17,9,-2,9,-7,-13,0,2,5,37,27,14,-1,sil
14.461154222488403,0,5,-1,-10,5,-12,-17,0,0,0,27,20,4,-13,sil
14.461154222488403,-13,3,-10,0,-1,-12,-13,-6,-6,-20,5,-3,-10,-23,sil
14.476809740066528,-6,5,2,4,0,-10,-6,-1,-8,-25,-2,-8,-16,-20,sil
14.476809740066528,4,4,11,4,9,2,6,9,-2,0,8,5,-6,-6,sil
14.492746353149414,2,0,8,6,9,15,10,4,-9,4,3,2,-7,1,sil
14.492746353149414,1,-9,1,11,-4,6,2,-1,-22,-15,-18,-17,-20,6,sil
14.508090734481812,6,-4,6,18,0,0,-1,5,-11,-10,-10,-12,-13,14,sil
14.508090734481812,0,0,5,16,9,3,-6,6,1,6,4,-2,-3,9,sil
14.524192094802856,-3,-8,-6,8,-2,0,-4,0,0,3,-15,-18,-14,-3,sil
14.524192094802856,0,-9,-5,1,-12,-7,4,-3,-1,-4,-28,-20,-17,-2,sil
14.539867877960203,-3,-2,-10,-4,-8,0,7,-5,0,0,-11,-6,0,1,sil
14.539867877960203,-17,-9,-20,-17,-7,14,11,-6,-3,7,-9,-17,3,-7,sil
14.55550765991211,-26,-17,-16,-23,-6,11,19,0,1,6,-19,-29,-6,-15,sil
14.55550765991211,-17,-10,-8,-13,0,5,18,6,29,17,-5,-13,0,-3,sil
14.571687936782835,0,0,4,-2,0,9,10,11,53,37,12,7,20,16,sil
14.571687936782835,0,0,3,-5,-2,5,10,9,50,33,4,7,19,15,sil
14.587000370025637,-9,-6,-5,-20,-9,-13,4,-2,21,3,-4,1,5,-5,sil
14.587000370025637,-5,-11,-4,-27,-16,-23,-14,-6,-3,-16,0,4,3,-16,sil
14.602665901184082,8,0,4,-16,-15,-19,-28,-6,-19,-28,-1,8,0,-9,sil
14.602665901184082,21,16,13,0,-7,-15,-30,-7,-30,-35,4,23,2,2,sil
14.617737054824827,29,19,14,5,-2,-12,-27,-6,-20,-14,32,41,19,16,sil
14.617737054824827,26,14,14,3,0,-13,-27,-4,-12,-1,35,41,22,17,sil
14.63298773765564,24,24,21,7,7,-11,-25,0,-25,-17,10,31,3,12,sil
14.63298773765564,28,38,21,25,19,0,-14,1,-26,-14,13,22,0,14,sil
14.648579835891724,15,27,20,37,27,16,-1,-3,-17,0,23,13,5,7,sil
14.648579835891724,-10,1,0,29,21,22,13,-5,-23,-4,0,-10,-8,-13,sil
14.663851976394652,-32,-15,-24,5,11,18,23,-6,-29,-15,-28,-41,-31,-32,sil
14.663851976394652,-39,-17,-22,-5,7,23,22,-3,-16,-11,-33,-50,-35,-35,sil
14.679945945739746,-30,-12,-20,6,6,28,27,5,6,5,-22,-40,-18,-22,sil
14.679945945739746,-22,-13,-16,7,4,15,33,12,15,22,-20,-33,-8,-9,sil
14.695879697799684,-23,-19,-11,-4,-4,4,28,14,21,31,-23,-27,-9,-5,sil
14.695879697799684,-10,-16,-10,-3,-14,8,23,8,37,29,-17,-9,0,1,sil
14.711994409561155,10,-10,2,0,-8,6,26,4,38,21,-10,5,8,18,sil
14.711994409561155,15,-14,2,0,-5,-7,17,0,24,15,-2,4,7,22,sil
14.727495193481444,13,-21,0,-7,-12,-26,-12,1,14,9,8,12,14,18,sil
14.727495193481444,24,-10,9,-15,-11,-30,-27,4,16,9,17,31,26,28,sil
14.743595600128174,32,9,16,-12,-3,-19,-20,2,28,16,31,43,28,36,sil
14.743595600128174,26,17,14,-4,-3,-17,-29,-1,21,6,41,39,26,23,sil
14.759120225906372,12,12,-1,-7,-2,-22,-45,-7,-7,-16,31,20,17,4,sil
14.759120225906372,1,9,-2,-15,0,-15,-42,-16,-24,-25,25,11,3,-1,sil
14.774678707122805,3,16,10,-6,8,-5,-20,-15,-21,-19,28,17,1,-5,goodbye
14.774678707122805,0,20,5,3,13,2,5,-8,-24,-23,6,0,-7,-25,goodbye
14.79067587852478,-24,9,-7,-1,3,8,16,-2,-41,-43,-30,-36,-42,-44,goodbye
14.79067587852478,-42,-2,-19,-2,-12,6,10,2,-44,-43,-41,-47,-58,-41,goodbye
14.806119680404665,-29,-2,-14,1,-15,10,8,5,-20,-15,-19,-22,-29,-27,goodbye
14.806119680404665,-10,6,2,2,-4,18,9,9,5,8,-3,-4,-2,-11,goodbye
14.821726322174072,-7,14,8,19,12,18,9,5,11,15,-11,-16,-2,0,goodbye
14.821726322174072,-10,3,4,21,12,18,14,0,6,16,-18,-19,-3,4,goodbye
14.83745288848877,0,-16,-5,-3,-1,19,21,1,7,20,-16,-9,0,6,goodbye
14.83745288848877,7,-17,-4,-6,-1,15,16,7,9,24,-17,-4,2,14,goodbye
14.852787494659424,10,-6,5,11,7,11,11,7,17,23,-6,4,14,22,goodbye
14.852787494659424,17,-10,8,5,3,2,2,0,21,18,7,20,24,25,goodbye
14.86826205253601,16,-15,7,-8,-2,-15,-19,-10,1,12,-1,15,18,20,goodbye
14.86826205253601,6,-14,-2,-3,-12,-19,-26,-8,-8,13,-9,5,13,14,goodbye
14.88438844680786,9,-7,0,0,-8,-9,-12,0,3,10,12,14,18,11,goodbye
14.88438844680786,9,0,1,-8,4,-11,0,0,1,-9,26,15,8,-5,goodbye
14.90046739578247,-8,-4,-15,-22,-1,-23,7,-2,-2,-25,2,-3,-12,-23,goodbye
14.90046739578247,-14,-13,-14,-25,-10,-18,10,8,10,-23,-12,-7,-10,-15,goodbye
14.916491031646729,0,0,-4,-16,-1,-4,8,14,18,-15,7,4,8,-6,goodbye
14.916491031646729,4,23,2,-4,7,-6,0,0,4,-15,27,10,12,-16,goodbye
14.931947946548462,9,32,12,12,9,-7,-16,-7,-5,-11,25,6,3,-11,goodbye
14.931947946548462,16,22,15,27,7,1,-26,-3,-7,-1,11,1,-3,0,goodbye
14.94753909111023,5,14,8,25,3,8,-20,-4,-16,-3,2,-1,-9,0,goodbye
14.94753909111023,0,20,6,25,11,12,0,0,-15,0,10,4,-1,5,goodbye
14.963598251342772,4,17,15,26,14,21,20,5,-12,8,14,10,6,17,goodbye
14.963598251342772,-4,2,13,15,5,23,13,0,-22,0,-2,-1,-1,13,goodbye
14.979130029678345,-9,-3,-6,16,7,18,5,-7,-12,6,-7,-4,-6,11,goodbye
14.979130029678345,0,-3,-3,17,13,12,12,0,7,28,-3,1,-4,19,goodbye
14.995189428329468,-9,-15,-3,-1,-3,-3,15,2,3,12,-23,-15,-16,3,goodbye
14.995189428329468,-29,-34,-25,-30,-26,-12,9,-3,1,-7,-44,-35,-26,-17,goodbye
15.010807752609251,-22,-34,-23,-42,-27,0,15,5,28,5,-30,-20,-12,-6,goodbye
15.010807752609251,-7,-20,-12,-30,-14,4,18,12,43,9,-10,-6,0,0,goodbye
15.02645468711853,-10,-16,-14,-26,-9,-13,-6,2,21,-10,-18,-18,-7,-21,goodbye
15.02645468711853,-8,-16,-13,-31,-12,-19,-23,-1,6,-8,-15,-13,-2,-23,goodbye
15.041984558105469,12,-3,5,-17,-9,-15,-18,-5,10,4,15,16,19,-4,goodbye
15.041984558105469,28,14,18,2,-1,-18,-25,-6,0,-2,38,33,24,6,goodbye
15.057902574539185,29,22,11,10,0,-13,-28,0,-16,-6,36,26,14,9,goodbye
15.057902574539185,20,18,12,14,2,-2,-16,1,-21,-4,26,24,11,4,goodbye
15.073140144348145,4,9,16,14,7,0,-11,-2,-22,-8,14,22,8,-3,goodbye
15.073140144348145,-2,11,8,18,16,0,-7,-4,-22,-4,9,6,-1,-7,goodbye
15.088879823684692,0,19,0,24,24,1,2,-5,-22,3,9,-2,-7,-4,goodbye
15.088879823684692,-6,10,3,15,15,9,13,-3,-22,0,-4,-4,-5,0,goodbye
15.104505062103271,-18,-2,3,3,0,16,23,2,-20,-11,-31,-17,-13,2,goodbye
15.104505062103271,-17,-4,-15,3,0,17,30,2,-6,-9,-42,-32,-23,0,goodbye
15.119578838348389,-7,-5,-8,4,4,20,31,1,15,15,-20,-22,-10,6,goodbye
15.119578838348389,-1,-5,5,6,2,26,39,12,39,38,2,-9,15,21,goodbye
15.135665655136108,1,-4,-6,7,-3,15,35,15,51,28,-4,-7,20,23,goodbye
15.135665655136108,7,-5,-1,-10,-5,-3,0,5,33,2,-14,3,9,11,goodbye
15.150818347930908,10,-5,2,-24,-1,-12,-21,0,16,-4,8,17,14,8,goodbye
15.150818347930908,14,0,0,-15,-3,-16,-19,-3,13,-1,20,13,20,9,goodbye
15.165965795516968,17,3,11,-11,-11,-23,-26,-8,-7,-13,5,7,6,0,goodbye
15.165965795516968,10,0,1,-16,-10,-23,-29,-15,-27,-19,18,10,-4,-13,goodbye
15.182080507278442,0,-2,-7,-10,-2,-14,-23,-12,-15,-13,38,12,0,-16,goodbye
15.182080507278442,-2,7,-4,0,0,-11,-29,-2,-7,-12,19,4,-5,-19,goodbye
15.19776463508606,-6,15,0,8,-1,-13,-30,-2,-19,-16,-5,-5,-20,-27,goodbye
15.19776463508606,-17,10,-1,4,4,-1,-12,-1,-28,-13,-11,-14,-27,-27,goodbye
15.213462591171265,-26,-2,-14,0,12,16,5,-1,-25,-8,-17,-23,-26,-21,goodbye
15.213462591171265,-23,-10,-11,3,8,23,15,1,-21,-3,-25,-24,-26,-16,goodbye
15.228613138198853,-19,-8,0,13,2,26,29,14,-5,10,-17,-17,-12,-5,goodbye
15.228613138198853,-15,-13,0,13,1,23,38,11,11,22,-11,-8,6,9,goodbye
15.243792295455933,-3,-19,5,0,-1,11,30,2,14,13,-15,0,11,20,goodbye
15.259895324707031,8,-11,3,0,-10,0,20,0,15,8,-7,9,12,22,goodbye
15.259895324707031,17,1,11,10,-16,-9,4,0,18,6,5,21,18,20,goodbye
15.259895324707031,21,5,11,5,-8,-9,-10,3,25,3,11,24,22,22,goodbye
15.275088787078856,22,-1,-1,0,2,-6,-9,0,38,15,17,25,29,24,goodbye
15.275088787078856,25,0,16,4,-2,-11,-15,-3,23,18,29,38,33,23,goodbye
15.290931224822998,32,17,27,13,-6,-16,-25,-5,-5,2,35,40,20,15,goodbye
15.290931224822998,31,22,14,17,6,-17,-17,-8,-21,-11,26,27,1,0,goodbye
15.30655074119568,12,14,7,7,11,-11,-9,-2,-24,-16,14,17,0,-7,goodbye
15.30655074119568,-6,9,-1,0,0,-8,-9,-1,-24,-18,7,2,-5,-17,goodbye
15.321672201156616,-10,2,-7,-5,-2,-8,-4,0,-18,-21,-4,-19,-26,-27,goodbye
15.33812975883484,-15,0,-20,-13,0,0,6,7,-1,-17,-17,-36,-33,-22,goodbye
15.33812975883484,-24,4,-17,-13,0,12,18,5,8,0,-22,-37,-22,-12,goodbye
15.33812975883484,-28,-2,-14,-10,1,14,22,4,1,11,-27,-37,-24,-11,goodbye
15.353172540664673,-29,-15,-36,-18,2,17,17,5,-4,2,-38,-54,-33,-14,goodbye
15.368301630020142,-25,-12,-22,-25,7,18,14,-4,1,1,-40,-49,-24,-9,goodbye
15.368301630020142,-13,-11,-6,-23,20,16,22,-4,10,15,-30,-24,-3,1,goodbye
15.383894681930542,-2,-16,-11,-20,14,15,15,2,12,16,-19,-17,7,11,goodbye
15.383894681930542,3,-9,0,-13,1,10,-5,2,9,10,-3,-5,16,15,goodbye
15.399262428283691,6,0,3,-1,0,6,-11,1,9,14,6,7,23,19,goodbye
15.399262428283691,5,0,-4,2,5,2,-4,0,14,22,10,10,27,19,goodbye
15.414798736572266,7,0,14,2,8,-8,-2,-3,10,17,19,24,28,11,goodbye
15.414798736572266,6,3,17,2,-5,-8,-6,0,2,2,20,25,16,3,goodbye
15.430145263671877,1,-1,3,7,-22,-9,-15,-5,5,-2,21,22,12,-1,goodbye
15.430145263671877,7,-4,19,9,-17,-20,-17,-7,10,-6,36,45,24,-1,goodbye
15.446078062057495,19,0,21,4,-4,-17,-10,1,0,-22,32,44,14,-2,goodbye
15.446078062057495,18,4,9,13,-9,-17,-15,0,-21,-33,12,19,-6,-10,goodbye
15.46160054206848,7,9,12,21,-21,-31,-27,-3,-43,-32,9,14,-14,-20,goodbye
15.46160054206848,-5,8,5,9,-16,-24,-22,-1,-50,-35,12,10,-20,-25,goodbye
15.477465629577637,-9,11,10,5,-4,-5,-6,0,-42,-41,0,1,-26,-21,goodbye
15.477465629577637,0,23,12,33,0,7,8,0,-22,-23,-12,-7,-26,-10,goodbye
15.49350881576538,3,21,-2,49,6,18,14,-2,-11,0,-16,-23,-23,-1,goodbye
15.49350881576538,4,6,5,27,10,22,12,2,-6,18,-15,-18,-13,14,goodbye
15.50859808921814,10,1,7,10,6,21,20,11,25,42,0,2,10,40,goodbye
15.50859808921814,10,0,0,7,6,19,23,4,51,52,7,3,22,40,goodbye
15.5240797996521,2,-13,-4,-12,10,9,2,-1,29,23,-10,-13,7,9,goodbye
15.5240797996521,0,-21,-17,-35,7,-2,-14,-6,2,-3,-9,-12,3,-8,goodbye
15.539769887924194,1,-11,-15,-33,4,-7,-11,-4,0,-5,12,5,12,-7,goodbye
15.539769887924194,-6,0,-17,-18,12,-1,-2,5,0,-2,2,1,2,-13,goodbye
15.554896354675291,-20,-2,-19,-11,14,8,5,5,-2,-8,-25,-24,-22,-21,goodbye
15.554896354675291,-28,-11,-16,-8,4,20,26,0,9,0,-30,-30,-30,-14,goodbye
15.570038557052612,-31,-14,-21,-7,0,29,51,5,26,18,-27,-25,-15,-2,goodbye
15.570038557052612,-21,-17,-6,-9,-2,27,46,13,34,29,-24,-18,1,10,goodbye
15.585706949234009,0,-13,-3,-9,-12,5,16,8,32,26,-7,-5,16,21,goodbye
15.585706949234009,13,-2,-3,-15,-12,-21,-8,-7,20,16,10,6,31,25,goodbye
15.60074496269226,20,2,12,-19,-7,-29,-18,-14,5,0,10,18,32,21,sil
15.60074496269226,24,4,4,-9,-6,-25,-22,-11,-4,-17,7,21,10,3,sil
15.615936756134031,16,4,-2,-8,-8,-28,-33,-2,-8,-25,15,20,0,-12,sil
15.615936756134031,5,4,10,-14,-12,-37,-43,0,-10,-22,18,17,11,-14,sil
15.631555557250977,6,11,17,-6,-8,-31,-37,-3,-19,-20,20,14,10,-11,sil
15.631555557250977,4,17,6,7,6,-4,-19,0,-24,-8,23,11,-4,-6,sil
15.647100448608398,-5,11,1,18,8,4,-11,1,-21,3,15,1,-11,-9,sil
15.647100448608398,-9,10,15,22,0,-1,-11,-4,-25,-5,1,-8,-15,-21,sil
15.662594556808472,-10,8,4,17,2,7,2,-2,-24,-15,3,-10,-14,-19,sil
15.662594556808472,-12,-1,-8,8,7,21,8,-1,-19,-8,4,-7,-8,-7,sil
15.677859544754028,-4,1,7,14,8,19,8,0,-15,-3,-6,-2,-4,-2,sil
15.677859544754028,2,9,4,19,10,18,20,3,-4,2,-10,-4,-4,-5,sil
15.693044185638428,0,-1,-3,0,3,14,21,5,0,3,-11,-13,-17,0,sil
15.693044185638428,-4,-7,6,-4,-1,3,11,5,-9,0,-7,-4,-19,10,sil
15.708673477172852,0,0,9,14,2,1,15,0,-10,0,1,11,4,17,sil
15.708673477172852,9,1,7,20,0,10,20,0,0,0,0,9,13,16,sil
15.723724603652954,12,0,5,11,-2,15,9,5,20,5,-5,4,4,17,sil
15.723724603652954,10,-3,6,9,0,10,-2,2,25,15,-3,8,6,22,sil
15.739766359329224,13,-1,4,11,0,5,-1,-1,16,17,-4,5,6,21,sil
15.739766359329224,16,6,1,9,4,6,3,0,16,17,0,9,5,18,sil
15.754504203796388,5,3,-7,0,2,3,1,3,22,13,2,10,14,10,sil
15.754504203796388,-9,-19,-23,-14,-6,-6,3,0,19,2,-11,-12,9,-6,sil
15.770005464553831,-19,-32,-21,-30,-9,-13,10,-6,9,0,-19,-29,-6,-20,sil
15.7854745388031,-20,-22,-17,-34,-12,-10,11,-5,7,6,-7,-16,-5,-18,sil
15.7854745388031,-14,-12,-20,-28,-7,-5,6,-2,10,0,0,-6,-2,-13,sil
15.801549673080444,-6,0,-13,-17,1,-9,0,0,11,-12,0,-3,-4,-14,sil
15.801549673080444,-7,8,-7,-11,-4,-23,-13,-3,3,-9,1,2,0,-20,sil
15.81673288345337,-9,1,-2,-21,-12,-28,-34,-4,-8,-9,3,4,-1,-17,sil
15.81673288345337,-2,0,1,-22,-3,-15,-33,0,-12,-18,5,6,-9,-6,sil
15.83189058303833,2,10,3,-7,0,-11,-19,1,-12,-19,8,7,-4,-3,sil
15.83189058303833,3,13,11,-2,-3,-12,-20,0,-22,-19,3,0,-3,-9,sil
15.84705638885498,12,14,10,11,6,1,-23,1,-25,-16,1,0,-6,-5,sil
15.84705638885498,17,24,13,34,18,14,-6,2,-13,-3,11,12,2,7,sil
15.862408638000488,7,18,17,28,12,7,5,1,-2,7,17,10,5,12,sil
15.862408638000488,0,0,10,10,3,5,-2,0,-3,8,14,-3,-1,6,sil
15.877496719360352,4,3,9,20,10,17,-1,2,-2,12,11,-3,1,9,sil
15.877496719360352,14,15,8,36,18,26,26,6,10,27,11,2,15,18,sil
15.893540382385254,2,-2,2,21,11,28,42,-2,9,27,0,-6,12,15,sil
15.893540382385254,-16,-24,-4,0,-3,22,32,-1,-2,13,-19,-20,-3,7,sil
15.908775568008425,-16,-13,-5,0,-4,16,27,8,8,15,-25,-13,0,11,sil
15.908775568008425,-1,-4,-2,1,4,15,32,7,30,33,-12,0,20,20,sil
15.923904418945312,6,-15,-5,-9,0,1,23,-1,22,19,0,4,20,18,sil
15.923904418945312,6,-13,-6,-28,-14,-22,-6,-3,0,-20,5,10,3,0,sil
15.93999409675598,9,3,-2,-24,-17,-30,-20,-1,-5,-31,6,20,2,-12,sil
15.93999409675598,14,7,1,-9,-8,-25,-14,-3,-7,-18,9,18,1,-11,sil
15.9556725025177,5,0,-1,-15,-4,-22,-15,-8,-23,-28,3,3,-14,-11,sil
15.9556725025177,0,6,-4,-19,-7,-21,-25,-5,-30,-38,-3,0,-18,-17,sil
15.970829010009766,4,19,1,3,-2,-19,-31,2,-21,-22,0,5,-14,-17,sil
15.970829010009766,3,15,6,20,7,-6,-29,3,-8,-2,0,1,-14,-10,sil
15.98650050163269,0,5,7,16,11,11,-16,-3,0,8,-4,-1,-4,-3,sil
15.98650050163269,-3,5,10,15,10,17,-3,-6,4,11,0,0,4,0,sil
16.00199270248413,-9,-1,-4,13,3,10,1,-7,-2,6,0,-8,-7,-3,sil
16.00199270248413,-17,-17,-11,-1,-5,9,4,-1,-5,0,-21,-24,-22,-11,sil
16.01742911338806,-24,-25,-13,-14,-11,13,15,8,8,5,-27,-25,-21,-14,sil
16.01742911338806,-30,-22,-22,-18,-8,16,28,5,17,8,-23,-23,-17,-14,sil
16.032949686050415,-29,-15,-11,-14,-1,16,28,0,12,0,-24,-21,-11,-9,sil
16.04848861694336,-15,-8,-3,-2,0,11,23,2,18,10,-6,-9,5,2,sil
16.04848861694336,3,-6,2,-1,-3,1,14,3,19,24,14,6,21,17,sil
16.04848861694336,21,1,13,2,0,-6,6,3,12,12,13,19,28,29,sil
16.070887327194214,29,12,10,13,2,-13,-3,0,20,1,22,28,34,36,sil
16.070887327194214,21,12,14,0,-1,-19,-24,0,18,0,35,31,30,30,sil
16.079020738601685,17,12,6,-5,0,-16,-29,0,0,-2,29,23,16,9,sil
16.079020738601685,23,21,-1,8,8,-10,-18,-1,-4,-4,19,14,9,-8,sil
16.09488868713379,20,17,1,-1,8,-14,-18,-1,-2,-9,8,4,0,-12,sil
16.09488868713379,1,6,0,-8,2,-13,-19,-5,-18,-23,-1,-5,-9,-14,sil
16.11097502708435,-1,11,6,16,7,4,-5,-5,-38,-23,4,-3,-6,-14,sil
16.11097502708435,3,20,9,26,16,16,14,1,-32,0,3,-10,-3,-10,sil
16.12557077407837,-6,7,-2,18,13,16,28,1,-14,14,-17,-25,-14,-4,sil
16.140899896621704,-22,-11,-4,13,0,25,27,3,-6,6,-29,-21,-19,1,sil
16.140899896621704,-28,-25,-12,-1,-7,24,20,10,6,10,-24,-19,-12,-1,sil
16.1575186252594,-31,-37,-26,-29,-14,0,12,4,19,15,-21,-31,-9,-13,sil
16.1575186252594,-20,-35,-20,-37,-23,-15,3,-3,13,4,-14,-19,-6,-11,sil
16.1575186252594,4,-10,2,-17,-19,-7,-4,-4,0,-6,2,11,-1,0,sil
16.171615600585938,21,9,15,-2,0,-8,-17,-1,-10,-15,13,26,0,8,sil
16.186803817749023,21,11,9,-4,7,-17,-25,0,-10,-16,12,22,1,16,sil
16.186803817749023,25,14,12,0,6,-8,-11,1,4,0,20,28,8,24,sil
16.20198941230774,27,26,20,21,9,3,1,6,16,15,31,35,14,22,sil
16.20198941230774,7,24,16,26,12,1,-7,-2,1,5,18,20,6,11,sil
16.217543363571167,-7,11,11,14,11,0,-12,-6,-10,-1,-1,3,0,9,sil
16.217543363571167,2,3,5,19,8,11,6,-2,0,10,-4,0,4,7,sil
16.232778787612915,-2,-7,0,17,3,22,20,-3,6,10,-11,-8,-1,-4,sil
16.233165502548218,-27,-26,-13,-6,-2,18,21,0,9,10,-27,-24,-15,-16,sil
16.24777102470398,-27,-34,-19,-26,-14,9,20,6,25,16,-27,-29,-8,-21,sil
16.24777102470398,-11,-30,-17,-31,-22,-4,12,2,31,2,-18,-17,2,-16,sil
16.263896226882935,-8,-22,-23,-31,-21,-19,-1,-1,13,-13,-14,-7,2,-10,sil
16.263896226882935,-9,-12,-21,-35,-17,-19,-9,-2,-11,-23,-9,-8,0,-16,sil
16.279029846191406,-4,0,-14,-32,-13,-18,-15,-8,-30,-42,-4,-8,-5,-29,sil
16.279029846191406,6,13,2,-6,-1,-27,-27,-11,-32,-42,4,6,-4,-24,sil
16.294832468032837,23,33,29,20,8,-26,-27,0,-25,-18,24,26,8,2,sil
16.294832468032837,27,38,22,26,11,-9,-14,7,-15,-4,33,22,16,18,sil
16.310479164123535,11,23,5,20,11,-2,-16,1,-15,-9,22,7,7,7,sil
16.310479164123535,3,15,8,20,6,0,-25,-1,-15,-5,13,0,2,0,sil
16.3256618976593,12,28,19,38,11,18,-11,6,6,21,16,5,15,15,sil
16.3256618976593,15,29,25,56,30,35,18,9,26,47,21,19,25,29,sil
16.34169363975525,3,1,0,40,25,34,30,0,19,42,8,5,10,18,sil
16.34169363975525,-16,-21,-19,-2,1,21,17,0,5,16,-16,-18,-10,0,sil
16.35694146156311,-28,-20,-16,-17,-5,15,14,4,12,10,-21,-18,-7,-3,sil
16.35694146156311,-29,-24,-22,-11,-8,14,26,2,17,18,-13,-23,-1,-5,sil
16.37266182899475,-26,-27,-18,-23,-12,3,21,3,1,0,-32,-37,-21,-14,sil
16.37266182899475,-18,-15,-12,-27,-4,0,17,1,1,-9,-34,-27,-31,-13,sil
16.38776397705078,-9,-14,-10,-26,-2,1,19,-6,16,3,-6,-8,-12,-3,sil
16.38776397705078,-9,-23,-3,-34,-15,-9,6,0,0,-1,-7,-1,-8,-2,sil
16.40347957611084,-2,-11,-1,-21,-11,-19,-2,0,-22,-16,-17,0,-20,0,sil
16.40347957611084,19,1,10,1,2,-11,0,-1,-7,-7,2,14,-17,13,sil
16.41862154006958,32,0,24,-1,0,-2,-4,3,9,0,18,28,-6,20,sil
16.41862154006958,25,2,17,-5,-5,-9,-26,-3,5,0,13,25,-5,15,sil
16.433987617492676,20,11,8,6,2,-13,-29,-6,10,8,19,27,-12,20,sil
16.433987617492676,29,20,12,22,7,-2,-10,4,17,15,34,36,-5,30,sil
16.449613094329834,30,23,17,23,4,3,-3,0,0,2,29,28,30,18,sil
16.449613094329834,16,10,6,7,0,-4,-8,-9,-10,-15,8,4,60,-2,sil
16.46526050567627,1,0,-7,-1,-3,-12,-5,0,-2,-14,5,0,47,-6,sil
16.46526050567627,-8,2,-10,1,0,-11,-1,6,-7,0,6,0,24,-14,sil
16.480981588363647,-23,1,-11,-1,-2,-12,-6,-2,-21,-8,-14,-22,7,-39,sil
16.480981588363647,-37,-8,-14,-15,-13,-11,-8,-13,-36,-41,-29,-39,-10,-50,sil
16.49665069580078,-37,-15,-25,-20,-13,-4,-7,-8,-43,-53,-27,-30,-23,-37,sil
16.49665069580078,-20,-10,-17,-12,0,2,-2,0,-28,-38,-29,-21,-25,-25,sil
16.512892723083496,-5,0,3,-1,9,7,3,6,0,-17,-18,-11,-16,-13,sil
16.512892723083496,2,10,6,8,10,7,3,12,22,13,7,3,4,8,sil
16.527907371520996,9,17,18,21,11,11,1,13,35,40,26,19,22,26,sil
16.527907371520996,18,21,26,40,14,16,4,5,37,49,33,22,21,26,sil
16.543452739715576,19,15,16,31,13,9,2,-2,32,45,27,17,13,22,sil
16.543452739715576,2,3,3,-4,6,5,0,0,16,25,5,8,1,12,sil
16.560471296310425,-7,-2,-14,-8,0,9,4,0,-7,-5,-13,-4,-17,0,sil
16.576507568359375,2,-4,-11,5,-1,4,4,-6,-22,-22,-14,-6,-24,6,sil
16.576507568359375,0,-13,-4,-6,-9,-1,5,-4,-16,-8,-14,-4,-12,12,sil
16.576507568359375,-18,-22,-13,-20,-11,2,14,-2,-2,10,-19,-12,-9,-2,sil
16.590527772903442,-14,-11,-2,-4,2,15,19,0,8,22,-7,-12,-11,-7,sil
16.591528177261353,-5,-6,1,7,3,18,19,6,16,34,6,-10,-4,-2,sil
16.606465339660645,-16,-21,-9,-6,-14,6,15,3,6,22,-9,-19,-12,-11,sil
16.606465339660645,-14,-25,-9,-24,-21,-5,2,-2,-5,-8,-29,-27,-25,-15,sil
16.622889041900635,6,-8,2,-17,-12,-7,-4,-5,0,-11,-14,-14,-8,0,sil
16.622889041900635,16,0,16,-7,-3,-9,-5,-2,4,-11,1,18,13,13,sil
16.63725781440735,24,4,6,-13,0,-20,-14,2,5,-26,9,36,22,18,sil
16.652657508850098,35,16,-1,-19,-1,-30,-28,5,5,-23,26,31,30,18,sil
16.652657508850098,29,26,10,0,1,-24,-26,6,-1,-12,44,35,31,16,sil
16.667850494384766,18,24,15,21,17,-11,-10,-2,-6,-12,44,37,21,11,sil
16.667850494384766,8,15,10,13,18,-5,-7,-6,-14,-6,25,14,4,-4,sil
16.68350338935852,-9,14,-2,16,8,1,-10,-3,-26,0,-1,-12,-16,-22,sil
16.68350338935852,-26,15,-6,36,12,16,-2,-2,-25,-10,-11,-18,-25,-22,sil
16.6985764503479,-29,2,-4,28,16,24,12,0,-14,-18,-12,-19,-21,-15,sil
16.6985764503479,-23,-8,-11,12,4,23,23,2,-8,-4,-26,-30,-23,-13,sil
16.713788509368896,-15,-10,-4,10,-1,15,23,1,-4,3,-38,-30,-22,-8,sil
16.713788509368896,-8,-17,-2,0,-7,3,14,1,7,10,-27,-17,-6,-1,sil
16.72987985610962,-6,-22,-6,-20,-18,2,6,2,23,27,-9,-7,11,4,sil
16.72987985610962,0,-18,-4,-26,-17,3,1,4,27,28,-9,-1,18,9,sil
16.745471000671387,8,-17,-5,-18,-11,-8,-7,-1,19,14,-12,0,13,7,sil
16.745471000671387,10,-10,-1,-14,-8,-18,-24,-6,11,2,4,11,8,4,sil
16.760538578033447,12,3,4,-9,-2,-7,-16,2,23,7,24,20,16,10,sil
16.760538578033447,11,6,4,-6,4,7,9,7,36,19,18,14,24,11,sil
16.77665877342224,4,0,7,-8,3,3,11,0,15,14,3,5,16,5,sil
16.77665877342224,0,0,7,-5,-2,-12,-3,-3,-11,-8,3,1,0,-1,sil
16.791879177093506,-2,0,3,-9,-3,-15,-6,-4,-21,-23,4,3,-7,-12,sil
16.791879177093506,-5,1,-5,-15,0,-3,0,-3,-18,-14,3,2,-9,-16,sil
16.807536363601685,0,6,-3,-2,1,1,4,-4,-19,-12,5,-2,-11,-7,sil
16.807536363601685,10,16,11,15,2,-3,-1,0,-21,-26,9,0,-9,0,sil
16.82267427444458,10,22,4,10,4,-9,-8,0,-12,-24,11,11,-5,-3,sil
16.823087215423584,-2,14,-3,-6,2,-11,-15,-4,-7,-14,5,8,-6,-7,sil
16.837818145751953,-6,10,0,4,1,-6,-9,-1,-12,-6,0,3,0,3,sil
16.837818145751953,4,12,5,30,3,8,0,6,-12,2,5,4,7,16,sil
16.85385751724243,5,5,7,23,5,15,-4,4,-14,1,2,0,4,11,sil
16.85385751724243,1,1,1,15,9,9,-5,0,-8,0,-3,-5,0,6,sil
16.868996620178223,3,4,2,26,10,7,7,3,5,12,-3,1,1,11,sil
16.868996620178223,-6,-9,-3,17,7,14,18,2,8,21,-7,-2,-5,0,sil
16.88454794883728,-19,-19,-14,-1,3,18,20,-4,7,19,-8,-18,-6,-12,sil
16.88454794883728,-11,-9,0,-4,0,14,16,0,15,15,-2,-14,0,-2,sil
16.900681018829346,-3,-13,-2,-7,-8,3,9,5,16,13,-6,-13,-5,-1,sil
16.900681018829346,-10,-26,-14,-16,-6,0,5,1,7,7,-16,-19,-17,-11,sil
16.915858268737793,-8,-16,-1,-6,0,6,11,3,11,6,-14,-13,-9,-1,sil
16.915858268737793,1,-1,5,4,0,4,15,6,19,11,-11,-5,-3,6,sil
16.93189764022827,0,-3,-2,-7,-5,-6,2,0,10,8,-15,-2,-8,0,sil
16.93189764022827,-7,-10,-9,-23,-11,-8,-6,-5,8,1,-13,-1,-4,-1,sil
16.947795391082764,0,-4,0,-15,-12,-2,-5,-4,14,0,3,4,11,3,sil
16.947795391082764,17,8,7,1,0,-2,-7,0,11,0,17,13,22,7,sil
16.963509798049927,21,13,4,1,6,-7,-14,-1,4,0,13,12,29,10,sil
16.963509798049927,15,10,8,-10,-3,-13,-19,-4,-4,-8,9,15,30,13,sil
16.979132413864136,13,3,5,-15,-12,-17,-20,-3,-13,-21,11,17,17,7,sil
16.979132413864136,6,-4,-6,-19,-10,-21,-21,-6,-17,-28,7,10,4,-3,sil
16.99486470222473,0,0,-6,-17,-3,-17,-18,-4,-19,-20,6,13,0,-8,sil
16.99486470222473,0,10,-1,0,3,-4,-5,0,-12,-4,14,14,-7,-8,sil
17.010886907577515,-3,9,-1,7,10,-2,0,0,-9,-10,10,1,-24,-17,sil
17.010886907577515,-13,0,-5,0,8,-17,-3,1,-22,-30,-7,-8,-31,-23,sil
17.02654457092285,-9,3,1,0,3,-15,-7,5,-27,-25,-9,-3,-20,-15,goodbye
17.02654457092285,-2,15,9,7,5,2,-2,4,-11,0,2,0,-11,-7,goodbye
17.042064428329468,-8,12,3,16,4,16,6,0,0,6,0,-4,-15,-5,goodbye
17.042064428329468,-13,4,6,21,4,23,13,1,2,5,-6,-12,-10,0,goodbye
17.05754041671753,0,2,10,21,4,23,20,6,7,21,4,-9,6,10,goodbye
17.05754041671753,12,0,5,16,4,21,22,0,3,24,3,-2,7,14,goodbye
17.07270073890686,8,3,6,17,8,25,15,-1,0,6,-11,-4,-1,9,goodbye
17.07270073890686,3,9,7,28,11,27,16,3,11,11,-4,-7,3,7,goodbye
17.088066816329956,3,-1,10,19,6,19,18,1,11,30,7,-1,4,14,goodbye
17.088066816329956,2,-14,0,0,0,7,12,1,5,33,0,-2,0,16,goodbye
17.10373282432556,-1,-15,-9,-5,-3,3,7,5,18,24,-12,-11,5,11,goodbye
17.11977505683899,-10,-20,-9,-8,-6,8,11,7,30,16,-18,-11,10,9,goodbye
17.11977505683899,-11,-23,-21,-16,-9,5,17,2,33,21,-7,-5,20,11,goodbye
17.11977505683899,0,-20,-13,-24,-8,-12,8,1,35,20,0,0,30,10,goodbye
17.133904457092285,0,-22,-3,-30,-15,-28,-12,-3,18,-13,-11,4,17,0,goodbye
17.150509119033813,-10,-17,-14,-33,-27,-38,-39,-18,-14,-45,-10,10,2,-14,goodbye
17.150509119033813,-6,4,-6,-22,-13,-38,-47,-15,-25,-30,19,19,10,-14,goodbye
17.150509119033813,6,20,4,-3,0,-25,-29,-1,-15,-11,26,14,14,-14,goodbye
17.165117263793945,0,11,-2,-12,-6,-20,-23,-1,-26,-35,3,0,1,-23,goodbye
17.180679321289062,-3,5,-6,-25,-5,-18,-24,-5,-29,-51,-2,0,-9,-20,goodbye
17.180679321289062,4,16,2,-7,10,-6,-7,0,-4,-19,8,5,-5,-8,goodbye
17.195932626724243,4,15,9,12,9,0,0,4,-4,4,4,3,-2,-3,goodbye
17.195932626724243,5,13,2,24,4,10,2,3,-14,1,-1,0,-5,0,goodbye
17.212030172348022,20,26,10,34,18,23,15,1,-7,1,21,17,2,10,goodbye
17.212030172348022,21,23,21,26,24,17,9,7,-8,1,30,19,-1,11,goodbye
17.227612733840942,1,2,10,17,13,4,-2,6,-14,-5,-4,-10,-31,-5,goodbye
17.227612733840942,0,0,8,26,9,10,9,0,-7,0,-14,-16,-38,-9,goodbye
17.242796897888184,9,4,10,28,6,25,23,1,-1,17,7,-1,-22,6,goodbye
17.242796897888184,-3,-7,2,9,0,24,17,1,-4,25,-1,-6,-29,7,goodbye
17.258837699890137,-24,-21,-5,1,-2,16,11,0,-2,24,-23,-17,-38,0,goodbye
17.258837699890137,-20,-17,-13,0,-3,17,16,3,8,22,-23,-22,-31,3,goodbye
17.27446150779724,-13,-9,-7,-13,-6,17,14,1,18,13,-26,-22,-25,4,goodbye
17.27446150779724,-10,-8,-7,-18,-5,1,7,-5,17,11,-18,-3,-19,5,goodbye
17.290499687194824,0,-7,-7,-6,-2,-8,3,-1,15,12,0,11,-16,13,goodbye
17.290499687194824,0,-7,-6,-13,-7,-12,0,3,18,2,-4,0,-5,6,goodbye
17.30565357208252,-4,-9,0,-22,-14,-16,-3,-1,22,-1,-8,-4,44,0,goodbye
17.30565357208252,2,-3,11,-6,-10,-19,-6,0,15,-6,0,10,91,1,goodbye
17.321754693984985,8,-2,1,-1,-12,-15,-8,-1,1,-15,-8,8,85,0,goodbye
17.321754693984985,8,-13,-5,-22,-15,-7,-3,-6,2,-8,1,7,71,6,goodbye
17.337470054626465,12,-8,2,-22,-4,-2,5,2,21,6,33,23,69,21,goodbye
17.337470054626465,4,0,-6,-6,1,-16,-1,6,16,0,14,10,38,0,goodbye
17.353557586669922,-12,-2,-14,-14,-5,-26,-25,-4,-19,-26,-28,-17,-9,-31,goodbye
17.353557586669922,-15,-1,-14,-13,-2,-11,-20,-7,-30,-33,-22,-20,-25,-28,goodbye
17.369224786758423,-8,7,-9,6,9,6,-3,-2,-14,-12,12,-8,-14,-12,goodbye
17.369224786758423,-2,12,3,8,11,9,-5,0,-9,0,25,0,-19,-9,goodbye
17.385013580322266,11,19,4,8,6,2,-4,3,-3,6,26,4,-28,-1,goodbye
17.385013580322266,22,22,18,25,13,0,5,7,5,13,35,21,-19,13,goodbye
17.400532245635986,22,15,25,33,26,14,13,7,9,22,40,29,-5,22,goodbye
17.400532245635986,20,12,9,20,22,22,12,0,4,20,26,17,-10,20,goodbye
17.415915727615356,15,13,9,10,3,5,0,-4,-11,0,4,9,-28,14,goodbye
17.415915727615356,1,12,9,10,-3,-9,-6,-7,-18,-12,-4,8,-36,4,goodbye
17.43199610710144,-6,6,4,0,-3,-3,-10,-7,-14,-4,-13,0,-33,-2,goodbye
17.43199610710144,-8,-3,-6,-12,-17,0,-20,-1,-20,-7,-31,-18,-37,-15,goodbye
17.447978734970093,-15,-18,-16,-12,-23,-8,-25,-3,-33,-35,-33,-29,-41,-32,goodbye
17.447978734970093,-18,-15,-8,0,-7,-4,-9,0,-25,-34,-17,-15,-26,-26,goodbye
17.46306562423706,-10,-6,-6,8,-2,10,14,7,2,0,-5,1,-6,-3,goodbye
17.46306562423706,-8,-10,-5,2,-8,15,23,3,18,11,-1,4,8,2,goodbye
17.47864317893982,-9,-7,4,1,7,12,18,4,18,12,4,0,39,4,goodbye
17.47864317893982,0,6,8,18,24,12,15,7,24,34,9,1,60,15,goodbye
17.49377131462097,6,3,5,16,11,8,7,0,20,23,3,3,36,13,goodbye
17.49377131462097,0,-9,-3,-6,-4,0,-2,-4,4,-8,-5,-4,7,-6,goodbye
17.50979208946228,-10,-8,-5,-17,-8,-9,-10,-4,-8,-13,-17,-20,1,-17,goodbye
17.50979208946228,-4,-4,-4,-15,-6,-12,-9,-5,-13,-5,-21,-25,0,-11,goodbye
17.52506923675537,1,-11,-8,-19,-4,-4,4,-2,-1,0,-9,-16,-4,-2,goodbye
17.52506923675537,-4,-8,-4,-21,0,7,21,8,20,19,0,-4,1,10,goodbye
17.54068350791931,4,7,0,-2,6,13,23,9,35,30,3,5,16,26,goodbye
17.54068350791931,17,8,0,1,6,3,6,0,26,14,4,15,25,20,goodbye
17.555845975875854,3,-2,-8,-16,-1,-9,-4,0,9,3,1,10,12,4,goodbye
17.555845975875854,-5,-3,-11,-15,-2,-10,5,3,8,10,-5,-1,-6,2,goodbye
17.5720694065094,5,0,0,0,1,-3,15,1,7,5,-9,0,-4,6,goodbye
17.5720694065094,1,-7,-1,-4,-4,-15,2,-2,-7,-6,-8,3,5,2,goodbye
17.58768630027771,-6,-7,0,-11,-10,-28,-14,1,-21,-14,-6,4,-3,-3,goodbye
17.58768630027771,1,3,8,0,-2,-12,-19,0,-20,-24,-6,2,-19,-11,goodbye
17.603516817092896,5,8,4,10,1,2,-19,-11,-19,-34,0,-4,-22,-18,goodbye
17.603516817092896,-1,6,12,8,0,0,-19,-10,-16,-28,17,2,-12,-13,goodbye
17.618663787841797,4,7,14,19,-5,1,-8,1,-5,-3,32,22,6,3,goodbye
17.618663787841797,18,9,11,30,-8,8,-2,3,-2,7,27,23,16,14,goodbye
17.63385558128357,12,8,12,19,-4,8,0,1,-6,-3,18,12,2,6,goodbye
17.63385558128357,3,6,3,11,0,9,9,-1,0,2,19,6,-3,1,goodbye
17.649445056915283,0,5,9,13,12,12,6,-3,4,16,17,4,3,6,goodbye
17.649445056915283,-7,0,7,10,13,7,-9,2,2,12,5,0,5,-2,goodbye
17.665346384048462,-14,-9,-13,-4,0,0,-13,-1,1,4,-4,-5,-3,-11,goodbye
17.665346384048462,-6,-11,-15,-18,-6,1,-6,-5,0,0,-7,-4,-4,-4,goodbye
17.680875778198242,-7,-1,-12,-16,-1,5,0,-3,0,-3,-6,-7,0,-5,goodbye
17.680875778198242,-13,5,-11,-12,4,-3,-1,0,4,-5,-4,-4,0,-8,goodbye
17.69679355621338,-3,5,-1,-11,7,-10,2,7,6,2,-1,4,-5,1,goodbye
17.69679355621338,4,5,-4,-1,5,-1,13,7,6,8,-3,0,-3,0,goodbye
17.712659120559692,-1,6,-14,0,2,5,7,3,0,-2,-14,-13,-5,-11,goodbye
17.712659120559692,-1,2,-10,-10,2,1,-8,2,-16,-17,-27,-19,-25,-14,goodbye
17.727838039398193,2,-2,3,-7,2,-3,-3,0,-29,-22,-26,-14,-32,-8,goodbye
17.727838039398193,7,2,9,7,3,-2,13,-2,-16,-10,-11,-5,-11,1,goodbye
17.74324941635132,7,2,5,9,3,0,4,-1,0,1,0,-6,0,6,goodbye
17.74324941635132,-2,-3,2,1,-3,0,-9,0,-3,4,0,-11,-9,5,goodbye
17.759268283843994,-1,1,9,16,-7,1,7,7,5,17,3,-6,0,14,goodbye
17.759268283843994,2,1,15,30,0,9,22,6,28,30,3,2,21,21,goodbye
17.77483034133911,-5,-17,0,12,0,7,10,-2,28,24,-6,2,18,13,goodbye
17.77483034133911,-4,-22,-4,-2,-9,0,8,-7,18,17,-7,1,12,11,goodbye
17.789841175079346,9,-10,4,-1,0,1,22,-3,26,20,9,10,29,14,goodbye
17.789841175079346,9,-12,-7,-13,0,0,16,0,33,15,19,14,35,10,goodbye
17.805902004241943,1,-16,-12,-32,-14,-10,-6,4,23,0,16,16,21,0,sil
17.805902004241943,-3,-2,-6,-26,-15,-14,-18,4,8,-9,11,12,11,-16,sil
17.822110652923584,-11,10,-4,-15,0,-12,-16,-1,-14,-23,1,3,1,-26,sil
17.822110652923584,-11,14,5,-17,0,-14,-20,-3,-46,-39,0,6,-12,-22,sil
17.83798313140869,2,18,3,-2,-3,-9,-20,-2,-45,-30,6,4,-12,-15,sil
17.83798313140869,7,17,6,21,9,3,-10,-5,-28,-17,-1,-1,-9,-13,sil
17.853851318359375,0,6,14,24,8,9,-3,-6,-30,-19,-15,-8,-16,-4,sil
17.853851318359375,-4,0,6,16,0,11,3,-4,-26,-2,-10,-15,-11,9,sil
17.869481801986694,-2,2,5,15,6,19,11,2,-5,16,-3,-13,4,15,sil
17.869481801986694,0,-1,-4,10,8,14,2,2,8,16,-7,-7,7,5,sil
17.884907007217407,-3,-9,-16,-3,-1,0,-9,-5,14,10,-9,-7,5,2,sil
17.884907007217407,-5,-6,-7,-10,-2,1,0,2,22,11,-2,-7,13,11,sil
17.900263786315918,2,-4,-7,-2,4,8,13,6,27,13,4,-1,15,6,sil
17.900263786315918,6,-7,-4,-3,1,-2,0,-1,21,14,4,2,6,3,sil
17.915925979614258,2,-10,-1,-14,-11,-16,-6,3,16,5,3,6,0,11,sil
17.915925979614258,9,0,-3,-11,-4,-11,1,10,18,-4,13,18,-2,3,sil
17.932029485702515,17,19,6,0,9,0,4,2,16,0,23,30,-11,-3,sil
17.932029485702515,9,18,8,-1,3,-1,0,-3,4,3,10,15,-36,-3,sil
17.947458267211914,0,0,2,-4,-4,-8,-6,0,-12,-11,-6,0,-69,-13,sil
17.947458267211914,4,6,6,7,2,-8,-4,1,-19,-24,0,5,-72,-10,sil
17.96369743347168,1,12,7,9,4,-5,-1,-4,-24,-20,2,0,-66,-2,sil
17.96369743347168,-7,-3,-3,-1,-2,-4,-4,-3,-33,-22,-13,-18,-73,-13,sil
17.97875738143921,-5,-1,-7,5,-1,-2,-4,1,-18,-13,-10,-15,-21,-13,sil
17.97875738143921,-3,12,5,18,1,0,-5,-2,-1,1,8,3,87,3,sil
17.994860887527466,-7,0,5,18,0,7,-1,-6,-5,3,3,0,123,0,sil
17.994860887527466,-9,-10,0,14,0,19,11,-1,-6,11,-6,-13,77,-4,sil
18.009896278381348,-5,-5,-1,8,5,25,22,4,7,33,-1,-7,55,9,sil
18.009896278381348,-7,-7,-3,4,7,21,22,6,19,35,1,-1,54,15,sil
18.02577328681945,-14,-9,1,2,6,10,18,4,15,14,-2,-11,23,2,sil
18.02577328681945,-14,-8,-6,2,6,3,13,2,9,11,-10,-17,-3,0,sil
18.041828870773315,-1,-10,-6,-1,1,-2,3,1,14,21,-14,-9,-4,10,sil
18.041828870773315,9,-7,11,-18,-16,-7,-3,1,19,12,-10,0,-3,17,sil
18.057584285736084,10,-5,-6,-25,-25,-16,-8,-6,16,-1,-1,2,-7,11,sil
18.057584285736084,6,-13,-18,-26,-14,-22,-12,-5,5,-8,0,10,-9,5,sil
18.082868576049805,7,-9,1,-29,-5,-14,-8,3,-2,-14,1,15,-13,0,sil
18.082868576049805,13,10,7,-17,-2,-8,-4,-2,-1,-23,9,14,-16,-6,sil
18.082868576049805,15,24,1,0,2,-14,-16,-4,-8,-26,19,16,-19,-9,sil
18.089449167251587,7,15,-4,-1,-2,-15,-27,2,-25,-29,13,10,-30,-17,sil
18.1038556098938,-3,1,1,-2,-2,-3,-24,-3,-35,-35,-6,0,-37,-24,sil
18.1038556098938,-7,0,6,10,7,2,-13,-8,-22,-19,-17,-4,-29,-11,sil
18.11945939064026,-10,1,-5,14,5,7,-5,-3,-8,-5,-14,-12,-22,-3,sil
18.11945939064026,-13,0,-1,12,4,18,0,4,-6,-9,-10,-16,-23,-10,sil
18.13548517227173,-7,0,2,26,17,26,23,10,12,13,-1,-7,-7,4,sil
18.14963841438293,-1,-2,-1,18,9,21,37,7,31,45,8,1,12,23,sil
18.14963841438293,-2,-7,-3,-8,-10,7,21,4,31,35,8,0,22,12,sil
18.16564655303955,1,0,-3,-10,-7,-7,0,0,26,19,9,1,28,1,sil
18.16564655303955,11,6,7,-9,0,-18,-10,-1,8,6,16,12,24,7,sil
18.182780265808105,10,1,9,-24,-1,-19,-14,-3,-9,-14,21,15,12,3,sil
18.182780265808105,4,2,-1,-20,0,-14,-17,-6,-11,-16,22,9,6,-8,sil
18.182780265808105,2,14,-6,2,6,-6,-17,-8,-20,-6,12,1,0,-11,sil
18.198200464248657,4,16,8,23,10,7,-1,-2,-31,-1,-2,-1,-3,-6,sil
18.21251153945923,7,7,28,31,11,17,15,6,-19,4,-9,0,0,4,sil
18.21251153945923,6,3,9,36,7,16,15,0,-8,4,-11,-8,-3,6,sil
18.228594541549683,4,8,0,41,10,17,11,-4,-11,0,-15,-9,-3,4,sil
18.228594541549683,8,10,19,34,19,20,22,12,0,13,-3,10,10,21,sil
18.228594541549683,-1,-3,0,10,11,13,28,13,25,34,6,9,13,24,sil
18.2438325881958,-25,-26,-26,-14,-9,9,24,-2,34,24,-17,-20,-3,0,sil
18.25925326347351,-28,-35,-14,-25,-17,12,22,-1,25,6,-46,-35,-16,-10,sil
18.25925326347351,-20,-31,-17,-31,-15,0,8,-3,14,-5,-42,-32,-17,-8,sil
18.2750186920166,-24,-30,-33,-45,-23,-26,-23,-6,2,-20,-22,-20,-9,-14,sil
18.2750186920166,-15,-21,-23,-45,-25,-34,-36,0,0,-25,-7,-5,0,-12,sil
18.29061532020569,1,0,2,-24,-11,-23,-24,-1,0,-20,7,8,6,-4,sil
18.29061532020569,12,10,8,-8,-9,-18,-13,-1,0,-14,24,22,10,-2,sil
18.30620694160461,21,10,6,-4,-11,-24,-14,0,-5,-13,31,27,10,0,sil
18.30620694160461,18,13,5,0,1,-26,-22,-6,-10,-17,28,17,6,3,sil
18.32194805145264,15,21,10,13,5,-14,-28,-3,-1,-6,30,16,8,5,sil
18.32194805145264,26,28,26,21,7,2,-14,10,12,14,35,33,19,14,sil
18.337824821472168,25,22,16,16,13,11,7,3,11,11,26,28,16,15,sil
18.337824821472168,0,3,-6,-3,3,12,2,-7,-10,-3,6,1,-4,1,sil
18.35392570495605,-12,0,-7,-11,-3,13,-9,4,-26,0,0,-6,-14,-11,sil
18.35392570495605,-7,6,-8,11,11,18,4,9,-15,4,1,-4,-8,-12,sil
18.369934797286987,-7,0,-1,19,18,20,19,-1,-13,-4,-11,-13,-12,-7,sil
18.369934797286987,-13,-9,2,0,0,12,9,-5,-25,-4,-29,-24,-23,-15,sil
18.38526487350464,-13,-2,-4,-3,-4,5,7,-4,-19,0,-24,-21,-20,-21,sil
18.38526487350464,-7,5,4,8,9,15,18,1,-7,0,-11,-9,-11,-4,sil
18.401769161224365,-1,1,11,18,15,23,21,4,5,10,-3,-7,-1,7,sil
18.401769161224365,0,0,8,9,8,14,15,0,17,16,0,-8,7,4,sil
18.417637825012207,1,4,7,0,5,6,10,0,20,19,-5,-3,10,11,sil
18.417637825012207,12,2,10,11,7,1,7,4,21,30,-7,1,12,26,sil
18.432689666748047,15,0,11,21,4,-6,1,-2,19,22,0,2,13,23,sil
18.432689666748047,-1,-11,-11,1,-3,-12,-4,-6,9,1,-6,-8,3,4,sil
18.44768476486206,-17,-27,-25,-22,-10,-14,-5,-3,0,-7,-27,-18,-11,-6,sil
18.44768476486206,-11,-20,-10,-23,-19,-12,0,0,0,-16,-32,-14,-13,-5,sil
18.463744401931763,-4,-8,-5,-15,-28,-9,0,0,1,-23,-15,0,-6,-2,sil
18.463744401931763,-10,-12,-12,-17,-15,-12,-2,2,2,-20,1,12,0,-1,sil
18.47899556159973,-12,-13,-21,-18,0,-11,-1,1,6,-10,13,8,8,-2,sil
18.47899556159973,-5,-5,-12,-13,0,-5,-2,-1,2,-3,17,4,9,-7,sil
18.494375705719,1,-5,0,-13,-6,-8,-10,2,-5,-8,17,12,2,-11,sil
18.494375705719,8,-2,-1,-12,-2,-12,-14,1,0,-13,17,10,0,-11,sil
18.51005387306213,13,11,10,0,1,-12,-10,-1,2,-7,22,12,9,-1,sil
18.51005387306213,18,26,27,16,2,-11,-13,-3,-6,0,18,21,5,5,sil
18.525511741638184,20,31,19,18,0,-7,-25,-5,-17,-4,13,19,-6,0,sil
18.525511741638184,20,29,14,22,4,2,-21,-1,-13,-3,24,21,-1,2,sil
18.54054856300354,19,28,16,36,16,8,-4,4,-3,7,35,23,12,13,sil
18.54054856300354,9,20,14,34,16,10,-2,2,-5,12,22,10,8,8,sil
18.555700540542603,2,6,7,29,4,18,4,1,-4,19,7,2,0,3,sil
18.555700540542603,2,5,5,37,3,31,27,3,2,24,1,1,0,9,sil
18.570843935012817,-7,0,-1,24,8,28,30,2,-3,6,-11,-15,-6,5,sil
18.570843935012817,-22,-19,-13,-2,3,13,23,1,-7,-5,-29,-35,-12,-4,sil
18.58653211593628,-20,-28,-3,-14,-1,14,24,1,4,9,-32,-28,-4,-4,sil
18.58653211593628,-10,-22,-6,-16,-5,17,25,3,17,26,-22,-14,5,2,sil
18.6026029586792,-8,-17,-22,-22,-7,2,17,0,18,12,-24,-15,3,8,sil
18.6026029586792,-9,-19,-18,-27,-4,-5,5,-2,12,-9,-41,-24,-6,2,sil
18.617775917053223,-11,-21,-21,-36,-5,-7,-3,-8,9,-6,-40,-25,-2,-6,sil
18.617775917053223,-20,-25,-27,-59,-18,-23,-15,-6,5,0,-11,-14,7,-9,sil
18.63348150253296,-13,-19,-19,-65,-17,-35,-30,1,-3,-15,-1,-7,0,-13,sil
18.63348150253296,4,0,-9,-40,0,-27,-35,-3,-7,-27,-8,-6,-8,-13,sil
18.649027347564697,2,13,-3,-28,3,-19,-31,-9,-1,-12,5,3,5,-7,sil
18.649027347564697,1,15,3,-32,-5,-15,-25,-1,0,-1,22,10,8,-9,sil
18.664741039276123,20,24,23,-11,5,-6,-16,3,-4,-6,24,19,-3,-8,sil
18.664741039276123,19,26,26,25,20,0,-2,0,0,-5,25,27,1,3,sil
18.679945468902588,0,11,9,38,8,4,7,1,0,-5,18,16,0,1,sil
18.679945468902588,-3,10,13,38,0,14,13,7,-15,-16,4,5,-21,-11,sil
18.695554494857788,1,16,14,61,12,19,20,1,-21,-10,8,10,-23,-9,sil
18.695554494857788,-2,7,14,67,12,12,18,-5,-16,-1,9,12,-9,0,sil
18.71099090576172,-3,0,14,47,-4,13,10,0,-21,-3,0,4,-10,0,sil
18.71099090576172,3,5,11,41,-6,23,15,7,-14,7,5,5,-4,8,sil
18.727100610733032,7,1,14,40,3,18,26,4,8,26,7,11,8,18,sil
18.727100610733032,3,-15,0,19,-1,1,16,0,21,26,-4,-2,5,19,sil
18.743040323257446,0,-21,-14,-2,-14,-6,-2,1,14,16,-8,-15,0,18,sil
18.743040323257446,5,-9,-5,-13,-14,-6,-5,7,12,12,-4,-9,7,18,sil
18.75865721702576,8,-6,-4,-16,-7,-5,-1,0,19,14,0,0,24,15,sil
18.75865721702576,9,-7,-4,-17,0,-2,-8,-7,15,16,16,13,38,21,sil
18.7737045288086,9,3,-3,-20,0,-1,-12,-4,2,2,17,15,33,19,sil
18.7737045288086,1,5,-4,-28,-2,-7,-11,-4,-5,-21,-6,0,10,-4,sil
18.78980588912964,-2,-1,-7,-33,0,-8,-7,0,4,-15,-13,-4,0,-15,sil
18.78980588912964,0,0,-14,-35,2,0,3,5,25,10,0,0,0,-8,sil
18.805037021636963,0,5,-8,-34,4,0,3,4,17,2,-3,0,-4,-12,sil
18.82088303565979,-4,0,-6,-26,5,-11,-8,2,-6,-22,-12,-3,-10,-22,sil
18.82088303565979,-6,-4,-10,-12,0,-21,-18,-1,-16,-23,-2,-7,-10,-25,sil
18.82088303565979,-5,5,0,2,1,-13,-16,-6,-12,-9,4,-6,-10,-18,sil
18.83576083183289,-4,8,3,12,8,0,-2,-5,-13,-2,-4,-10,-9,-11,sil
18.83576083183289,-11,-9,-3,-3,-7,-2,-1,-1,-22,-14,-19,-19,-19,-15,sil
18.852845430374146,-14,-15,-5,-14,-23,-7,-15,0,-26,-23,-18,-15,-24,-13,sil
18.852845430374146,-1,2,3,9,-7,4,-13,-1,-21,-10,-6,0,-11,1,sil
18.86702823638916,4,6,12,26,9,16,5,-5,-14,1,-5,-5,-7,3,sil
18.882771730422974,-3,0,7,23,11,18,25,0,1,12,-7,-13,-7,2,sil
18.882771730422974,-10,5,9,20,16,22,29,5,13,21,-3,-2,2,12,sil
18.89819359779358,-14,-1,-1,13,16,19,20,1,5,14,-11,-7,-4,9,sil
18.89819359779358,-15,-14,-10,8,6,18,21,0,6,17,-14,-15,-10,2,sil
18.914122581481934,0,-3,2,10,2,21,29,9,27,42,10,6,16,18,sil
18.914122581481934,14,4,4,0,0,4,17,9,37,35,24,23,31,29,sil
18.929733276367188,8,-7,0,-17,-11,-18,-8,0,27,2,16,19,13,17,sil
18.929733276367188,8,-9,-2,-16,-17,-20,-10,2,25,0,19,22,14,5,sil
18.94562268257141,26,2,2,-17,-14,-18,-7,3,15,0,26,30,29,2,sil
18.94662308692932,26,8,5,-18,-9,-28,-28,-3,-14,-28,20,32,15,-2,sil
18.94662308692932,10,10,0,-5,-9,-30,-37,-9,-29,-42,18,23,-2,-9,sil
18.960782766342163,13,18,7,1,-6,-20,-22,-1,-26,-28,21,12,-4,-13,sil
18.97581911087036,19,29,17,14,5,-3,-8,4,-25,-20,11,2,-6,-12,sil
18.97581911087036,9,35,13,41,18,17,-2,-4,-20,-10,-3,-3,-7,-1,sil
18.99180769920349,0,23,16,46,28,28,0,-9,-15,2,-6,-3,-5,5,sil
18.99180769920349,-5,0,3,27,22,19,0,-5,-17,3,-4,-13,-9,-3,sil
19.0065393447876,-17,-20,-8,7,2,7,5,-6,-16,-2,-12,-28,-14,-15,sil
19.0065393447876,-24,-27,-12,-5,-5,4,8,0,-5,-1,-26,-29,-13,-9,sil
19.022840976715088,-21,-24,-20,-10,-4,0,9,5,5,6,-31,-25,-9,-1,sil
19.022840976715088,-22,-17,-18,-16,-9,0,13,2,15,10,-29,-21,-4,-5,sil
19.038814067840576,-29,-20,-20,-24,-12,9,18,4,30,17,-23,-18,-3,-9,sil
19.038814067840576,-26,-24,-19,-21,-5,12,19,7,32,23,-18,-12,-9,-5,sil
19.053972482681274,-8,-13,-4,-11,0,3,15,5,17,17,-16,-7,-8,2,sil
19.053972482681274,6,-4,4,-11,0,-2,8,1,13,6,-4,-1,6,8,sil
19.0695538520813,1,-8,0,-24,-9,-2,2,0,12,3,9,4,18,10,sil
19.0695538520813,-5,-12,-8,-28,-18,-5,-1,-2,0,2,0,-2,7,7,sil
19.08526873588562,4,-4,-6,-19,-14,-17,-15,-2,-12,-15,-17,-12,-10,0,sil
19.08526873588562,19,10,6,-3,-2,-17,-25,1,-9,-23,0,4,-2,0,sil
19.101012706756592,24,18,11,14,0,-6,-16,-1,0,0,31,29,20,11,sil
19.101012706756592,19,19,12,15,1,-7,-17,-9,-9,8,39,32,18,8,sil
19.11656284332276,17,23,10,7,9,-13,-21,-6,-19,-4,26,17,0,-5,sil
19.11656284332276,19,22,12,14,12,-7,-14,-1,-15,-18,13,10,0,-4,sil
19.133225202560425,19,14,15,11,7,0,-2,1,-6,-18,16,26,10,9,sil
19.133225202560425,14,11,7,-2,5,-2,4,4,5,0,30,34,15,11,sil
19.14808440208435,5,12,10,3,12,1,9,6,8,10,23,17,5,2,sil
19.14808440208435,-4,8,5,25,13,16,13,5,0,0,2,-1,-4,0,sil
19.16347575187683,-10,4,-4,22,6,25,16,2,0,5,2,-2,-3,1,sil
19.16347575187683,-8,5,-1,12,3,14,15,5,3,15,7,0,0,5,sil
19.178972721099854,-11,0,-2,12,0,-7,8,1,-4,3,-9,-6,-5,0,sil
19.178972721099854,-15,-11,-2,1,-3,-8,-1,-9,-8,-13,-24,-15,-18,-15,sil
19.194841861724854,-14,-11,0,0,0,14,-3,-2,-2,-15,-18,-18,-20,-15,goodbye
19.194841861724854,-14,-6,-3,11,0,19,5,4,1,-3,-18,-20,-7,-4,goodbye
19.2105519771576,-11,-12,-5,0,-2,10,13,0,12,19,-20,-20,2,-1,goodbye
19.2105519771576,0,-13,0,-9,0,15,17,-4,24,31,-11,-14,8,0,goodbye
19.22550296783448,0,-9,0,-8,3,10,6,-5,9,7,-13,-8,4,1,goodbye
19.22550296783448,-9,-17,-15,-12,-4,-10,-7,-6,-12,-10,-31,-18,-9,-7,goodbye
19.24053359031677,-5,-22,-15,-20,-14,-12,-1,-2,-9,1,-28,-26,-14,-7,goodbye
19.24053359031677,0,-18,-4,-25,-13,0,8,5,5,7,-11,-16,-1,4,goodbye
19.255603551864624,-6,-22,-24,-29,-13,-7,0,4,11,-3,-7,-7,5,-4,goodbye
19.255603551864624,-7,-15,-15,-25,-14,-19,-15,3,3,-7,0,2,5,-7,goodbye
19.27200984954834,14,9,17,-11,-8,-10,-8,3,13,4,25,27,19,18,goodbye
19.27200984954834,28,15,9,-1,-5,-11,-12,-2,21,9,47,41,30,19,goodbye
19.28723978996277,15,12,1,-2,-2,-29,-37,0,-8,-15,38,28,13,-2,goodbye
19.28723978996277,3,27,4,6,6,-30,-35,-1,-33,-31,23,10,-2,-7,goodbye
19.303224086761475,10,35,15,19,13,-13,-16,-6,-25,-16,26,15,-2,0,goodbye
19.303224086761475,18,28,27,16,11,0,-12,-1,-22,-5,23,22,-6,3,goodbye
19.318904399871823,9,24,15,17,14,11,-1,0,-25,-10,4,4,-11,1,goodbye
19.318904399871823,-8,14,6,25,19,18,13,-3,-17,-10,-11,-10,-14,-5,goodbye
19.33456826210022,-15,-1,0,23,12,18,17,0,-9,-5,-25,-13,-19,-5,goodbye
19.33456826210022,-3,-5,-6,19,4,24,19,0,-8,-5,-29,-16,-18,-1,goodbye
19.350600957870483,-3,-3,-5,19,4,29,23,1,-2,6,-17,-16,-11,0,goodbye
19.350600957870483,-16,-11,-8,9,2,17,21,5,8,23,-14,-13,-9,0,goodbye
19.366443872451782,-22,-24,-13,-4,-4,3,17,6,12,19,-28,-12,-12,0,goodbye
19.366443872451782,-17,-25,-16,-8,-11,3,19,9,24,17,-22,-11,-4,-3,goodbye
19.38266539573669,-6,-10,-1,-2,-7,8,18,8,44,31,3,0,17,9,goodbye
19.38266539573669,8,0,9,-2,-2,5,13,3,43,31,11,15,27,24,goodbye
19.397894859313965,9,-11,-2,-18,-11,-3,6,-1,21,9,2,10,13,15,goodbye
19.397894859313965,-4,-25,-8,-36,-15,-10,0,-3,7,-7,3,0,6,2,goodbye
19.413523197174072,-4,-15,-6,-27,-5,-13,-6,-1,4,-2,12,-1,14,0,goodbye
19.413523197174072,1,-4,-5,-16,-1,-10,-15,-3,-6,-3,3,-8,10,-5,goodbye
19.42960214614868,-1,-10,-4,-22,-7,-9,-24,-9,-11,-19,-5,-8,0,-15,goodbye
19.42960214614868,5,-4,-2,-19,-3,-12,-19,-8,1,-12,7,2,10,-7,goodbye
19.444746494293213,23,20,11,0,8,0,-5,0,11,3,23,13,21,7,goodbye
19.444746494293213,28,33,12,22,15,8,0,1,7,4,22,13,14,11,goodbye
19.459829330444336,14,20,6,19,3,-7,-11,-1,-6,-3,19,9,1,0,goodbye
19.459829330444336,-1,4,7,-7,-11,-22,-22,-2,-25,-17,5,1,-3,-13,goodbye
19.47556614875793,-3,7,4,-6,-3,-12,-10,0,-18,-12,-3,-3,-4,-11,goodbye
19.47556614875793,2,19,13,18,16,-2,0,1,-6,3,6,6,-6,-1,goodbye
19.491634130477905,0,15,12,21,10,-7,-9,1,-18,-6,8,11,-16,-8,goodbye
19.491634130477905,-4,8,0,14,-2,-7,-16,-3,-24,-21,-2,6,-21,-12,goodbye
19.50757074356079,0,10,8,21,3,0,-4,1,-13,-5,-2,9,-11,0,goodbye
19.50757074356079,5,7,12,23,8,3,4,3,-14,-3,-12,7,-10,1,goodbye
19.52270698547364,-5,-1,0,14,0,0,0,-4,-25,-24,-26,-4,-18,-2,goodbye
19.52270698547364,-13,-10,-10,6,-3,2,1,-6,-25,-23,-19,-11,-12,-1,goodbye
19.537856101989743,-6,-17,-12,-1,0,12,11,0,-13,-4,-10,-15,-5,-4,goodbye
19.537856101989743,0,-9,-12,-1,1,21,18,8,3,8,-10,-17,-2,0,goodbye
19.55359411239624,0,-2,-11,5,0,25,25,8,21,23,-2,-10,8,16,goodbye
19.568758487701416,0,-11,-5,-4,0,21,28,5,29,28,6,0,15,15,goodbye
19.568758487701416,-5,-14,-8,-15,0,18,30,7,27,28,6,-2,12,6,goodbye
19.568758487701416,-10,-4,-9,-12,5,18,26,3,17,25,-2,-13,8,8,goodbye
19.583940267562863,-16,-4,0,-23,3,4,5,-3,8,14,-8,-11,0,3,goodbye
19.599449157714844,-22,-16,-17,-34,-18,-13,-14,-2,13,10,-8,-16,-8,-10,goodbye
19.60045075416565,-19,-19,-20,-23,-26,-13,-17,0,15,2,-20,-25,-14,-13,goodbye
19.6149685382843,-6,-5,0,-6,-4,-4,-12,-4,12,-3,-15,-10,-5,-1,goodbye
19.6149685382843,3,4,5,3,12,-1,-5,-4,18,12,18,15,14,8,goodbye
19.63048815727234,8,2,8,5,9,0,0,4,21,11,29,24,17,9,goodbye
19.63048815727234,11,0,11,10,2,2,2,3,10,-13,10,13,1,1,goodbye
19.64595484733581,9,9,11,17,5,0,-4,-7,-5,-21,6,8,-2,-5,goodbye
19.64595484733581,13,13,12,10,0,-9,-11,-3,-12,-10,8,15,2,0,goodbye
19.66155576705933,20,7,8,-4,-16,-19,-12,0,-7,-7,0,12,2,8,goodbye
19.66155576705933,9,1,5,-10,-19,-22,-17,-3,-7,-14,-7,1,-1,0,goodbye
19.676892280578613,5,5,-1,0,0,-22,-19,-1,-9,-10,0,0,0,-8,goodbye
19.676892280578613,10,5,1,1,6,-19,-12,-1,-15,-1,8,11,9,-1,goodbye
19.692017555236816,0,-5,3,-8,-5,-13,-5,-3,-20,-6,2,7,7,-4,goodbye
19.692017555236816,-9,-8,-7,-12,-4,-7,-2,-4,-12,-11,1,-5,-3,-16,goodbye
19.707712411880493,7,5,0,0,9,0,-2,1,-7,-1,20,4,-1,-8,goodbye
19.707712411880493,22,18,12,15,12,7,2,12,-6,3,27,21,10,8,goodbye
19.72290802001953,20,14,10,15,9,10,7,9,0,-3,13,17,10,8,goodbye
19.72290802001953,10,4,6,3,4,9,8,0,3,-3,1,9,0,5,goodbye
19.73891377449036,0,0,2,1,-3,8,10,0,-1,3,-5,0,-1,4,goodbye
19.73891377449036,-14,0,-6,4,-1,11,10,0,-10,-4,-17,-13,-3,-7,goodbye
19.75449156761169,-26,0,-24,7,7,16,10,-6,-10,-12,-23,-26,-11,-13,goodbye
19.75449156761169,-21,4,-7,12,10,17,9,0,-5,-6,-12,-17,-11,-2,goodbye
19.770044088363647,-6,9,12,13,11,8,0,4,-2,0,-1,-7,0,2,goodbye
19.770044088363647,-5,7,-7,17,6,0,-2,-1,2,10,-10,-19,-2,-3,goodbye
19.785515069961548,-5,3,0,24,0,0,0,-1,1,21,-15,-18,-12,0,goodbye
19.785515069961548,2,-4,16,13,1,5,4,7,0,24,1,0,-5,13,goodbye
19.801629304885864,-5,-19,-9,-9,-3,1,2,1,2,15,4,-2,-1,6,goodbye
19.801629304885864,-25,-20,-16,-18,-14,0,2,0,2,0,-12,-13,-12,-4,goodbye
19.817094564437863,-18,-11,-5,-15,-12,10,15,-1,9,0,-17,-8,-10,0,goodbye
19.817094564437863,-2,-10,-5,-20,-3,12,19,-3,18,7,-12,0,-3,2,goodbye
19.83298945426941,1,-12,-8,-27,-6,4,4,-1,14,8,-8,0,-4,1,goodbye
19.833357095718384,2,-12,-10,-36,-15,-5,-4,0,12,8,4,5,7,5,goodbye
19.84851574897766,5,-10,-7,-28,-12,-13,-1,-2,18,11,11,11,21,8,goodbye
19.84851574897766,3,-3,0,-3,3,-11,-8,-3,21,7,3,3,7,3,goodbye
19.8652446269989,4,-3,7,-2,3,-10,-21,-1,16,-4,1,3,-1,2,goodbye
19.8652446269989,16,-6,4,-17,-10,-18,-15,3,10,-11,15,21,15,5,goodbye
19.88078474998474,20,5,0,-9,-5,-25,-7,1,-1,-16,28,27,24,0,goodbye
19.88078474998474,13,21,16,4,8,-26,-17,-4,-20,-32,25,21,9,-10,goodbye
19.89594912528992,22,28,20,19,8,-19,-16,-2,-19,-33,17,16,1,-10,goodbye
19.89594912528992,22,27,13,31,8,0,-8,1,-21,-16,8,9,-4,-7,goodbye
19.91206741333008,-5,15,6,29,12,6,-14,0,-40,-17,-6,-6,-16,-16,goodbye
19.91206741333008,-15,8,1,35,13,5,-7,6,-22,-16,-9,-18,-13,-13,goodbye
19.92769861221313,6,12,9,42,16,21,15,15,18,11,0,-7,-3,6,goodbye
19.92769861221313,6,2,6,26,7,29,19,3,12,27,-2,-3,-7,12,goodbye
19.943082571029663,-14,-11,-5,5,0,22,18,-12,-14,14,-14,-17,-13,2,goodbye
19.943082571029663,-18,-15,-15,-6,3,19,27,-3,-4,9,-18,-24,-9,0,goodbye
19.9587471485138,-14,-20,-15,-23,-2,4,21,3,8,15,-21,-20,-5,-2,goodbye
19.9587471485138,-15,-19,-9,-34,-21,-13,5,-3,2,5,-17,-12,-3,-3,goodbye
19.97445178031921,-8,-8,-12,-25,-20,-12,2,-7,1,0,-5,-1,7,3,goodbye
19.97445178031921,-4,-9,-4,-27,-12,-8,-3,-1,4,5,1,8,21,7,goodbye
21.37203693389893,3,9,17,11,6,12,0,2,0,10,14,6,-2,-2,goodbye
21.37203693389893,0,17,7,28,2,21,7,-3,0,9,13,4,1,0,goodbye
21.387940645217896,1,13,0,34,1,17,1,-10,-17,-10,-23,-13,-14,-6,goodbye
21.387940645217896,-8,-1,-6,18,6,12,-1,-2,-18,-6,-34,-27,-16,-8,goodbye
21.40350031852722,-20,-11,-2,0,1,22,11,6,4,19,-13,-24,0,1,goodbye
21.40350031852722,-17,-13,-12,-7,-2,26,20,-1,10,25,-13,-21,-7,7,goodbye
21.419557571411133,-14,-14,-22,-7,-3,12,16,-8,1,8,-25,-26,-17,2,goodbye
21.419557571411133,-26,-18,-3,-7,-8,2,13,0,1,0,-31,-28,-12,-3,goodbye
21.43565344810486,-30,-20,-10,-11,-11,-2,12,4,12,4,-29,-28,-9,-7,goodbye
21.43565344810486,-10,-15,-18,-14,0,-6,7,1,22,13,-10,-14,0,0,goodbye
21.45082139968872,8,-7,3,-10,3,-3,7,5,32,22,11,8,16,18,goodbye
21.45082139968872,10,-6,4,-5,-4,-5,6,2,30,18,17,16,17,20,goodbye
21.466082096099854,10,-5,-4,-12,-7,-17,-5,0,11,-1,10,11,13,6,goodbye
21.466082096099854,13,-4,-6,-24,0,-16,-3,4,6,0,3,4,12,4,goodbye
21.481743574142456,5,-11,-3,-30,-2,-6,6,1,15,13,0,0,4,9,goodbye
21.481743574142456,0,-12,-2,-22,-7,-3,0,2,9,0,2,5,2,2,goodbye
21.49685430526733,13,9,0,-8,1,-4,-13,0,-5,-18,9,15,10,-1,goodbye
21.49685430526733,26,26,8,0,15,-6,-17,-4,-16,-6,20,31,18,9,goodbye
21.51288795471192,19,21,14,9,10,-4,-13,-1,-16,3,24,34,17,11,goodbye
21.51288795471192,5,11,9,13,0,-2,-9,-2,-17,-14,10,11,1,-8,goodbye
21.528998613357544,0,7,-1,2,0,-4,-13,-8,-21,-32,0,-3,-8,-19,goodbye
21.528998613357544,3,13,-3,5,7,0,-11,0,-14,-15,15,3,3,-8,goodbye
21.545037031173703,3,18,9,22,12,7,0,9,-1,0,22,6,6,-4,goodbye
21.545037031173703,-7,7,2,20,4,0,5,0,-4,-7,-1,-9,-17,-21,goodbye
21.56097722053528,-18,-6,-7,8,-2,-4,0,-8,-18,-13,-15,-15,-27,-27,goodbye
21.56097722053528,-20,-4,2,5,-1,0,-4,-4,-26,-7,-7,-8,-17,-14,goodbye
21.576557636260983,-12,7,3,7,3,1,-7,-4,-25,-5,-8,-9,-18,-8,goodbye
21.576557636260983,0,16,10,12,6,5,-8,-2,-18,-4,-6,-5,-15,-3,goodbye
21.59161949157715,2,7,10,14,2,15,0,7,-3,4,2,-2,-3,6,goodbye
21.59161949157715,-11,-12,-4,0,-2,10,7,1,7,8,-11,-15,-8,4,goodbye
21.60684037208557,-13,-8,-1,-4,-3,9,9,-4,9,7,-18,-11,-5,4,goodbye
21.60684037208557,9,10,12,12,-2,19,21,2,15,16,1,3,11,21,goodbye
21.62288928031921,13,-1,4,10,0,13,21,4,17,15,-7,-1,0,21,goodbye
21.623237133026123,0,-22,-12,-6,-4,1,8,-3,10,3,-32,-13,-22,4,goodbye
21.638890981674194,0,-12,-9,-9,-8,0,10,0,16,8,-11,-6,0,7,goodbye
21.638890981674194,-1,-7,-4,-16,-5,-4,16,10,37,18,10,0,26,12,goodbye
21.65452218055725,-14,-22,-23,-31,-5,-10,5,4,40,8,-9,-11,9,-2,goodbye
21.65452218055725,-16,-20,-21,-25,-11,-5,-3,-3,13,0,-18,-15,-2,-8,goodbye
21.67011666297913,-1,-7,0,-3,-5,0,3,2,4,15,8,0,18,5,goodbye
21.67011666297913,9,-10,0,-1,3,-1,0,6,15,17,15,13,26,9,goodbye
21.685742139816284,7,-16,-4,-18,0,-11,-13,0,11,0,-3,15,9,1,goodbye
21.685742139816284,14,0,3,-15,-4,-18,-9,-3,2,1,9,24,15,5,goodbye
21.70198655128479,29,21,17,-1,0,-17,-4,0,-1,0,38,37,23,11,goodbye
21.70198655128479,23,20,12,4,3,-18,-18,1,-26,-35,25,33,0,-1,goodbye
21.71773743629456,11,13,8,12,0,-15,-30,-6,-41,-46,3,16,-15,-12,goodbye
21.71773743629456,14,17,16,17,1,-4,-28,-11,-30,-16,14,10,-1,-6,goodbye
21.73289132118225,6,18,4,25,6,2,-19,-8,-25,-1,19,2,5,-7,goodbye
21.73326754570008,-12,14,0,30,10,5,-11,-4,-29,-16,2,-7,-3,-15,goodbye
21.74889874458313,-21,10,-5,19,6,5,-3,1,-10,-9,1,-12,-4,-13,goodbye
21.74889874458313,-19,1,-15,6,3,6,12,6,7,19,9,-13,0,-8,goodbye
21.76447606086731,-17,0,4,9,16,18,25,10,0,24,0,-10,-1,-3,goodbye
21.76447606086731,-15,1,4,7,20,26,27,10,2,10,-11,-18,-9,3,goodbye
21.77999186515808,-15,-7,-12,-5,5,16,26,0,16,10,-15,-31,-14,4,goodbye
21.77999186515808,-12,-10,0,-4,-3,12,25,-3,12,9,-29,-28,-21,2,goodbye
21.79588270187378,-8,-12,-1,-3,-2,11,15,-3,5,0,-37,-20,-27,0,goodbye
21.79588270187378,-9,-23,-15,-25,-9,3,8,0,9,1,-25,-12,-24,0,goodbye
21.81216096878052,0,-20,-6,-34,-14,0,14,3,17,11,-17,-6,-8,3,goodbye
21.81216096878052,7,-10,0,-24,-12,-6,0,-1,14,0,-28,-11,0,0,goodbye
21.827760934829712,3,-13,-7,-28,-16,-19,-22,-6,0,-17,-27,-10,-11,-9,goodbye
21.827760934829712,3,-8,-6,-26,-23,-15,-17,-1,-8,-14,-2,2,-13,-11,goodbye
21.843002796173096,13,13,11,-3,-13,-7,-14,1,-6,-9,23,23,7,2,goodbye
21.843002796173096,27,29,16,17,4,-10,-25,-1,0,-6,41,45,36,20,goodbye
21.85850167274475,35,32,15,23,13,-10,-20,-2,2,0,53,53,50,26,goodbye
21.85850167274475,21,18,15,11,3,-16,-13,-4,-10,0,49,38,37,13,goodbye
21.87420558929444,0,0,2,3,-4,-19,-17,-7,-26,-8,22,13,6,-7,goodbye
21.87420558929444,-10,1,-1,16,7,0,-9,-3,-21,-14,-1,-1,-13,-23,goodbye
21.890111923217773,-14,8,-3,27,19,18,14,8,-2,0,-5,-12,-11,-20,goodbye
21.890111923217773,-17,-1,-1,15,8,13,21,9,-1,17,-1,-12,0,-2,goodbye
21.90600776672364,-9,-11,5,10,-4,7,10,6,-7,9,-8,-8,0,5,goodbye
21.90600776672364,-4,-12,0,16,-1,15,21,5,4,5,-14,-18,-8,1,goodbye
21.921995878219604,-7,-20,-10,2,5,20,33,1,12,11,-18,-29,-9,0,goodbye
21.921995878219604,-9,-22,-9,-11,6,16,22,0,14,8,-20,-22,0,5,goodbye
21.936861038208008,-2,-10,-1,-7,4,16,14,3,37,17,-10,0,6,19,goodbye
21.936861038208008,1,-2,0,-5,0,12,10,3,53,32,-1,6,12,16,goodbye
21.951859951019287,4,0,-6,-4,-5,-5,-9,-2,31,13,-10,-7,8,-2,goodbye
21.951859951019287,6,8,4,-4,-6,-22,-32,-5,3,-18,-13,-1,-5,-5,goodbye
21.967694759368896,9,15,6,-5,-3,-22,-34,-4,7,-18,9,18,-2,3,goodbye
21.967694759368896,11,14,-5,0,4,-21,-25,-1,10,-3,30,21,16,0,goodbye
21.982755661010746,7,8,7,-9,8,-23,-21,1,-20,-9,26,18,12,-3,goodbye
21.982755661010746,0,4,3,-28,-1,-21,-18,-7,-44,-19,19,11,-5,-13,goodbye
21.99834251403809,-3,8,-7,-16,-4,-12,-15,-14,-43,-17,15,0,-14,-23,goodbye
21.99834251403809,-5,9,1,2,3,0,-3,0,-38,-8,0,-3,-14,-8,goodbye
22.014466285705566,-10,0,3,3,-3,8,16,1,-26,1,-11,-10,-11,5,goodbye
22.014466285705566,-14,-8,1,9,-10,18,27,-3,-11,7,-7,-19,-10,-1,goodbye
22.03048324584961,-15,-10,0,15,-1,29,27,8,-7,3,-27,-24,-22,-4,goodbye
22.03048324584961,-20,-20,-13,-3,0,29,32,7,-1,-4,-51,-22,-30,-1,goodbye
22.04552245140076,-9,-23,-12,-12,-9,21,31,0,7,-1,-32,-12,-16,-1,goodbye
22.04552245140076,14,-10,-3,2,-8,10,14,1,11,1,-7,0,-2,6,goodbye
22.06089878082276,20,-4,-1,0,-7,-7,0,5,12,-1,-1,13,8,17,goodbye
22.06089878082276,25,-1,0,-6,-4,-17,-1,3,20,9,24,25,30,22,goodbye
22.076929092407227,31,7,10,4,6,-10,-10,2,21,12,39,22,39,16,goodbye
22.076929092407227,11,12,1,4,10,-13,-28,0,12,-11,6,4,14,-1,goodbye
22.0988609790802,-10,10,-5,0,7,-21,-26,-1,5,-15,-4,-1,0,-9,goodbye
22.0988609790802,-5,9,13,9,8,-11,-13,0,2,2,23,5,7,-3,goodbye
22.0988609790802,-1,14,12,20,5,7,-2,-2,-2,8,20,-1,0,-8,goodbye
22.107725858688354,-11,16,3,20,3,16,6,-2,-10,13,-11,-13,-15,-13,goodbye
22.12384843826294,-18,3,3,16,11,18,17,0,-4,22,-16,-13,-10,-1,goodbye
22.12384843826294,-15,-12,-4,3,4,15,19,0,16,17,-8,-17,3,5,goodbye
22.13988423347473,-4,-10,-1,-12,-7,4,2,0,18,6,-3,-3,13,1,goodbye
22.13988423347473,7,7,4,-10,0,-5,-12,-3,2,2,15,22,16,0,goodbye
22.155547380447388,13,14,4,-7,7,-9,-12,-1,-1,-5,27,27,10,1,goodbye
22.155547380447388,9,-1,1,-27,-2,-14,-9,1,-1,-19,14,20,9,2,goodbye
22.171107530593872,2,-18,-12,-32,-17,-26,-19,-8,-13,-25,0,11,4,-3,goodbye
22.171107530593872,0,-5,-4,-15,-17,-27,-33,-13,-26,-24,-4,-3,-15,-12,goodbye
22.186728954315186,9,16,9,5,1,-4,-23,2,-14,-9,3,-6,-12,-5,goodbye
22.186728954315186,7,14,9,20,18,9,-3,-1,-6,-2,10,2,0,0,goodbye
23.586872339248657,11,17,29,29,20,20,0,1,-18,8,-4,5,-14,14,goodbye
23.586872339248657,16,21,4,44,23,24,20,-2,10,31,3,3,0,16,goodbye
23.602535009384155,10,2,-2,26,12,20,23,-1,21,27,0,-2,8,17,goodbye
23.602535009384155,4,-5,2,8,14,20,20,5,19,19,-2,0,12,24,goodbye
23.618157625198364,-6,-7,-14,4,18,17,17,1,13,13,-11,-11,2,11,goodbye
23.618157625198364,-25,-20,-16,-8,0,10,11,7,9,0,-22,-26,-16,-7,goodbye
23.63396072387696,-31,-23,-10,-19,-15,2,15,11,19,0,-17,-23,-13,-8,goodbye
23.63396072387696,-19,-14,-8,-22,-6,-3,20,2,21,15,-12,-15,4,-1,goodbye
23.64946961402893,-5,-10,-4,-15,-1,-2,20,0,13,19,-7,-6,13,3,goodbye
23.64946961402893,-1,-5,-1,-5,-7,0,17,1,17,11,4,6,19,8,goodbye
23.665568828582764,1,-5,0,-16,-12,-5,5,0,11,0,4,14,21,7,goodbye
23.665568828582764,2,-14,-3,-27,-17,-17,-2,1,-1,0,0,5,9,2,goodbye
23.68160462379456,3,-12,0,-10,-19,-27,-8,0,0,10,6,5,11,6,goodbye
23.68160462379456,18,5,12,7,-10,-20,-16,0,7,12,12,19,22,17,goodbye
23.696739435195923,28,15,14,11,0,-7,-19,-3,0,0,17,25,16,13,goodbye
23.696739435195923,16,16,4,11,2,-9,-15,-10,-7,-13,27,19,3,-1,goodbye
23.71295666694641,6,16,-4,8,6,-11,-18,-10,-13,-11,27,15,2,-4,goodbye
23.713457345962524,10,13,1,0,13,1,-16,-4,-15,-10,18,15,6,0,goodbye
23.72891116142273,5,6,1,-4,8,9,-5,3,0,-7,14,5,5,-6,goodbye
23.72891116142273,-9,0,-9,-12,0,1,-5,4,8,0,11,-4,-4,-18,goodbye
23.74405002593994,-13,-1,-10,-17,0,-2,-12,6,-6,-5,5,-5,-13,-22,goodbye
23.74405002593994,-1,6,-3,-6,1,1,-6,4,-16,-20,-6,-5,-11,-18,goodbye
23.759806394577023,-3,13,4,-3,3,2,-6,-4,-13,-22,-17,-8,-13,-13,goodbye
23.759806394577023,-16,0,-2,-11,0,-1,-17,-9,-16,-16,-19,-14,-24,-13,goodbye
23.77495741844177,-18,-6,-1,-3,-3,-3,-16,-4,-23,-21,-21,-20,-30,-15,goodbye
23.77495741844177,-4,0,12,12,0,0,4,3,-17,-19,-26,-17,-18,-5,goodbye
23.790950059890747,5,-3,6,11,0,2,19,5,-2,-5,-15,-11,-3,10,goodbye
23.790950059890747,2,-14,2,1,-14,2,12,0,-2,-9,-9,-9,-12,14,goodbye
23.805847883224487,2,-2,7,6,-12,9,16,0,-4,-8,-13,-7,-21,11,goodbye
23.805847883224487,14,11,5,20,15,19,33,7,13,18,0,8,0,23,goodbye
23.82195615768433,18,5,8,23,21,17,20,1,15,26,11,22,15,27,goodbye
23.82195615768433,6,-2,3,20,3,5,-3,-9,-4,17,7,13,7,10,goodbye
23.83750629425049,-4,-3,2,15,3,6,-2,-6,-6,19,9,5,9,0,goodbye
23.83750629425049,-7,-5,0,13,14,13,5,1,2,13,8,0,16,0,goodbye
23.85277771949768,-2,-2,-7,18,10,8,8,-1,5,6,-1,-9,8,-2,goodbye
23.85277771949768,-5,0,-1,10,0,2,7,0,13,11,-3,-10,0,-8,goodbye
23.868326902389526,-18,-13,-10,-10,-6,6,5,7,26,12,-4,-13,0,-11,goodbye
23.868326902389526,-19,-22,-24,-21,-6,1,3,5,30,15,-2,-13,7,-9,goodbye
23.883474588394165,-10,-9,-12,-14,-4,-12,2,4,28,22,1,0,10,-5,goodbye
23.883474588394165,-9,-2,-7,-14,-12,-19,-3,0,17,13,-2,4,0,-6,goodbye
23.89866614341736,-7,-7,-6,-26,-17,-16,-17,-2,-2,-5,0,-1,-1,-1,goodbye
23.89866614341736,0,-2,-5,-22,-6,-11,-14,1,-8,-10,5,4,9,5,goodbye
23.91460657119751,4,5,-3,-10,0,-8,-3,0,-2,-8,-1,8,13,8,goodbye
23.91460657119751,12,9,2,-12,-6,-12,-7,-1,-7,-13,-9,3,2,8,goodbye
23.92992162704468,18,8,3,-12,-5,-18,-16,0,-7,-11,-1,4,-4,1,goodbye
23.92992162704468,13,2,8,-7,4,-11,-10,1,8,3,11,12,4,0,goodbye
23.945619344711304,10,4,14,-5,4,0,-1,-1,9,9,17,11,12,11,goodbye
23.945619344711304,8,10,7,-8,1,0,-6,-5,-15,-7,8,0,0,6,goodbye
23.961662530899048,6,8,2,-7,4,1,-3,-2,-27,-24,1,0,-6,-4,goodbye
23.961662530899048,11,14,10,12,11,13,11,0,-11,-12,10,8,2,3,goodbye
23.97692012786865,10,21,14,26,19,13,12,0,0,1,9,7,3,8,goodbye
23.97692012786865,0,6,-1,12,4,1,-2,1,-5,-3,0,0,0,-2,goodbye
23.992441177368164,-6,-4,-7,-5,-16,0,-10,1,-11,-12,4,-3,-2,-13,goodbye
23.992441177368164,-15,-2,-3,0,-6,0,-5,0,-8,-12,7,-5,-15,-17,goodbye
24.008540630340576,-10,0,1,17,-8,-2,4,0,-6,-6,0,-8,-20,-12,goodbye
24.008540630340576,5,0,12,18,-36,1,9,-2,-9,-3,4,1,-8,-4,goodbye
24.023913621902462,5,-3,-1,12,-6,5,10,-7,-9,-6,4,0,-2,-4,goodbye
24.023913621902462,-4,-6,1,11,33,2,7,-4,-14,-16,-9,-7,-9,-5,goodbye
24.03983497619629,-2,-2,20,14,-1,4,-2,4,-16,-13,-14,-2,-9,-2,goodbye
24.03983497619629,-2,-4,-8,14,-10,13,-3,6,0,15,-8,-1,-3,1,goodbye
24.055586576461792,-8,-7,-9,9,40,20,5,6,13,31,-9,-4,-1,8,goodbye
24.055586576461792,-6,-3,8,9,36,19,13,3,11,21,-9,2,-1,11,goodbye
24.07055950164795,-1,-5,-12,8,-2,3,9,-10,9,11,-12,5,3,6,goodbye
24.07055950164795,-1,-3,-13,-3,-2,-4,0,-4,7,14,-18,0,5,6,goodbye
24.0859375,-5,-5,-7,-13,-1,2,3,4,13,16,-15,-12,-2,3,goodbye
24.0859375,-14,-24,-19,-26,-13,-1,8,1,22,3,-16,-24,-6,-2,goodbye
24.10648775100708,-9,-25,-14,-39,-14,-14,7,11,30,4,-14,-9,10,2,goodbye
24.10748696327209,0,-10,-12,-38,-10,-14,-1,14,35,17,3,7,22,8,goodbye
24.11757493019104,-4,-8,-10,-33,-13,-14,-15,-1,18,0,8,1,11,0,goodbye
24.11757493019104,-1,-2,6,-22,-15,-21,-14,-6,1,-17,2,-1,10,-1,goodbye
24.13299250602722,14,14,19,-6,-6,-23,-14,-3,0,-15,13,18,19,0,goodbye
24.13299250602722,21,21,10,-1,1,-25,-33,-4,-12,-23,30,25,12,-4,goodbye
24.148913860321045,18,23,7,8,2,-15,-29,-2,-26,-20,34,8,4,-6,goodbye
24.148913860321045,8,27,19,23,14,11,-1,4,-20,0,17,-2,-1,-4,goodbye
24.16396379470825,-1,22,13,31,22,23,10,3,-12,6,0,-6,-15,-6,goodbye
24.16396379470825,1,18,3,33,7,10,3,-8,-18,5,8,-4,-9,-2,goodbye
24.180514335632324,0,16,6,26,-3,5,0,-7,-29,-3,7,-1,-3,0,goodbye
24.180514335632324,-13,3,4,17,2,14,5,-3,-31,-11,-11,-2,-18,-3,goodbye
24.195525407791138,-2,0,1,19,8,21,23,-2,-7,7,-10,-1,-11,3,goodbye
24.195525407791138,9,6,-1,14,4,25,43,6,33,27,0,3,8,15,goodbye
24.211567401885983,-7,-6,-10,-8,0,21,38,10,43,24,0,1,3,5,goodbye
24.211567401885983,-17,-24,-26,-19,-4,5,11,0,18,12,-4,-4,-7,-6,goodbye
24.22757577896118,0,-18,-18,-11,-10,-6,-2,-1,4,-2,-12,-3,-5,-4,goodbye
24.22757577896118,8,-14,5,-8,-9,-10,0,1,9,-8,-11,2,1,4,goodbye
24.243618726730347,5,-17,2,-9,-8,-12,-1,-3,3,-2,1,5,7,12,goodbye
24.243618726730347,11,-5,3,-9,-11,-14,-13,-3,-17,-17,3,9,7,10,goodbye
24.258857250213623,10,-5,2,-9,-12,-16,-15,0,-22,-26,-2,10,4,1,goodbye
24.259360313415527,0,-21,-15,-17,-7,-24,-14,-2,-12,-8,-10,-6,-2,0,goodbye
24.274633169174194,-1,-16,0,-23,-2,-20,-26,0,-14,-8,-15,-12,-8,-1,goodbye
24.274633169174194,1,0,11,-2,1,-3,-30,-1,-11,-14,-2,-4,-5,-14,goodbye
24.28971695899964,0,0,0,9,0,-5,-26,-8,-9,-7,10,0,-2,-27,goodbye
24.28971695899964,-6,5,11,-5,0,-15,-32,0,-26,-15,5,4,-8,-22,goodbye
24.305877447128296,-15,15,3,2,8,4,-15,5,-18,-15,4,-1,-9,-14,goodbye
24.305877447128296,-20,9,-7,22,19,38,26,5,17,16,3,-12,-6,-8,goodbye
24.32033348083496,-19,0,-3,14,20,44,52,13,38,45,-10,-17,0,0,sil
24.32033348083496,-22,-2,-14,1,15,24,42,8,32,35,-20,-24,0,1,sil
24.3370623588562,-21,0,-15,0,8,12,28,2,25,20,-18,-19,-2,3,sil
24.3370623588562,0,2,2,1,0,9,24,4,38,30,-3,1,9,19,sil
24.351723194122314,21,4,11,-2,-7,-6,5,-2,35,20,11,18,26,28,sil
24.36744379997253,24,5,7,-12,-13,-26,-19,-10,3,-13,12,20,17,19,sil
24.36837124824524,22,6,6,-15,-20,-26,-22,-11,-21,-31,12,18,3,10,sil
24.36837124824524,27,11,10,-6,-19,-24,-18,-7,-24,-34,13,23,3,9,sil
24.38269424438477,28,17,9,10,-9,-20,-21,1,-22,-25,14,30,7,8,sil
24.397783517837524,15,16,9,16,4,-2,-15,6,-22,-1,21,25,9,2,sil
24.397783517837524,3,9,10,11,14,8,-5,-1,-16,1,22,13,8,-2,sil
24.41399884223938,5,13,5,11,14,1,-4,-3,-13,-8,14,4,0,-5,sil
24.41399884223938,0,11,2,12,12,0,-8,0,-18,-10,9,-3,-4,-11,sil
24.42985272407532,-13,-3,-5,8,12,8,0,-1,-13,-2,-1,-12,-10,-17,sil
24.42985272407532,-18,-9,-8,5,5,9,14,0,0,4,-20,-13,-18,-12,sil
24.44462943077088,-19,-11,-16,6,-4,11,20,4,7,13,-26,-25,-21,-9,sil
24.44462943077088,-31,-21,-24,-2,-4,18,18,5,15,15,-25,-42,-16,-14,sil
24.459791898727417,-29,-21,-9,-11,-4,20,21,4,17,13,-18,-30,-13,-6,sil
24.459791898727417,-4,-7,1,0,-7,12,22,1,12,17,0,-9,-8,14,sil
24.47563409805298,7,-7,5,1,-2,0,11,0,10,16,0,-6,0,22,sil
24.47563409805298,-3,-25,-5,-22,-1,0,3,0,8,8,-19,-10,1,8,sil
24.49100470542908,-8,-31,-20,-33,-11,-1,-2,-7,0,-4,-24,-11,-2,-7,sil
24.49100470542908,5,-8,1,-12,-13,-13,-17,-5,-5,-17,-5,0,4,-2,sil
24.50689482688904,28,14,17,6,-3,-19,-17,5,13,-2,18,27,24,20,sil
24.50689482688904,38,8,10,3,5,-14,-9,1,27,18,31,43,34,29,sil
24.5229229927063,33,6,11,-3,10,-11,-16,-3,13,7,30,41,29,18,sil
24.5229229927063,20,21,13,2,6,-8,-24,1,-1,-7,32,34,21,1,sil
24.538504600524902,0,22,5,3,1,-9,-19,0,-11,-14,24,18,8,-16,sil
24.538504600524902,-21,8,-12,-4,2,-13,-8,-4,-22,-25,-2,-8,-17,-35,sil
24.55454134941101,-37,0,-20,-11,0,-2,-4,0,-30,-30,-25,-30,-39,-43,sil
24.55454134941101,-41,-3,-12,-12,-6,8,-2,3,-32,-29,-31,-36,-40,-40,sil
24.57009196281433,-21,1,-2,1,-2,5,9,-1,-27,-23,-30,-30,-27,-25,sil
24.57009196281433,-4,4,8,19,0,8,23,-3,-19,-14,-25,-19,-22,-8,sil
24.585734844207764,-9,-8,1,14,-8,15,24,0,-12,-5,-19,-18,-22,0,sil
24.585734844207764,-9,-15,-3,0,-7,10,23,0,-3,3,-20,-17,-9,7,sil
24.60160183906555,-1,-13,-1,-5,1,7,17,0,12,15,-17,-3,5,19,sil
24.60160183906555,8,-8,-3,-7,-1,3,0,2,30,26,3,11,17,26,sil
24.617031574249268,29,11,12,-7,0,-9,-13,2,38,31,35,31,34,32,sil
24.617031574249268,40,27,19,8,9,-13,-13,3,35,30,48,37,43,29,sil
24.632579565048218,33,28,12,27,12,-1,-11,2,20,27,45,35,34,21,sil
24.632579565048218,25,33,24,34,16,10,-12,6,0,26,41,36,24,22,sil
24.64771413803101,3,15,4,29,14,9,-10,-1,-8,14,14,7,8,11,sil
24.64771413803101,-22,-22,-19,0,2,7,0,-8,-2,-6,-29,-31,-12,-10,sil
24.6627197265625,-22,-26,-16,-24,-3,12,14,0,12,-1,-33,-26,-8,-9,sil
24.6627197265625,-11,-16,-16,-19,0,2,9,0,13,1,-4,-5,3,-5,sil
24.67837929725647,-12,-16,-9,-11,0,-15,-9,-8,-10,-25,6,-3,-7,-17,sil
24.67837929725647,-6,-4,2,-9,-1,-10,0,-3,-27,-34,6,-5,-20,-19,sil
24.693530321121216,-6,0,3,0,1,9,24,6,-22,-9,0,-10,-14,-9,sil
24.693530321121216,-13,-10,-2,4,1,14,32,7,-5,1,-22,-21,-13,-8,sil
24.709231853485107,-3,-13,-5,-6,-12,0,19,0,7,0,-33,-19,-17,-5,sil
24.709231853485107,14,-5,2,-24,-23,-17,-2,0,6,-2,-12,11,-1,11,sil
24.72481155395508,30,5,9,-16,-10,-19,-15,4,5,-4,18,41,27,26,sil
24.72481155395508,35,24,22,11,3,-17,-23,-3,7,-4,36,47,30,21,sil
24.74005889892578,25,31,23,26,1,-16,-30,-5,0,0,30,30,4,6,sil
24.74005889892578,6,22,4,26,5,-2,-23,0,-8,3,12,1,-12,-4,sil
24.755755186080933,-16,7,-4,26,8,10,-14,-2,-14,0,-6,-19,-15,-11,sil
24.755755186080933,-35,-8,-16,14,-1,11,-9,-5,-14,1,-27,-30,-23,-15,sil
24.77168583869934,-33,-21,-24,-8,-7,12,4,-2,-2,2,-32,-30,-26,-18,sil
24.77168583869934,-19,-26,-19,-22,-6,19,25,1,10,-1,-21,-29,-10,-16,sil
24.786938190460205,-17,-24,-13,-21,-5,13,27,1,13,0,-15,-28,3,-7,sil
24.786938190460205,-21,-20,-11,-19,-1,0,15,0,8,0,-11,-18,3,-8,sil
24.80300259590149,-14,-16,-15,-23,-3,-1,9,0,3,-5,-5,-7,1,-17,sil
24.80300259590149,-2,-11,-10,-33,-6,-7,3,0,-5,-22,-3,0,1,-16,sil
24.817744493484497,9,-3,0,-26,0,-20,-10,0,-19,-30,0,9,2,-5,sil
24.833860158920288,17,9,6,-5,0,-20,-18,-4,-21,-13,4,16,3,-2,sil
24.833860158920288,8,18,12,-7,-4,-13,-19,-2,-20,0,8,17,0,-7,sil
24.833860158920288,8,15,6,-8,3,-9,-18,4,-13,0,17,19,-1,0,sil
24.850310564041138,26,24,19,25,17,0,-10,7,0,10,26,22,12,21,sil
24.8644962310791,34,47,45,56,22,15,1,5,11,27,25,26,29,40,sil
24.8644962310791,20,37,31,50,21,21,9,0,13,31,18,16,24,41,sil
24.87991952896118,8,4,11,34,18,26,16,1,20,34,7,-2,11,37,sil
24.87991952896118,3,-5,2,28,14,23,20,8,29,41,-1,-13,6,25,sil
24.87991952896118,-7,-7,-11,7,4,5,15,1,25,30,-7,-11,0,7,sil
24.89663457870484,-17,-23,-23,-23,-11,-2,14,-2,14,7,-15,-14,-9,-4,sil
24.89663457870484,-19,-32,-33,-38,-21,-1,8,0,15,-1,-21,-23,-11,-17,sil
24.910857915878296,-22,-25,-24,-38,-15,-7,-4,-8,8,-8,-7,-12,-12,-22,sil
24.927551746368408,-15,-10,-8,-23,-11,-13,0,-7,-9,-19,10,3,-5,-13,sil
24.927551746368408,0,0,-4,-5,-10,-13,0,-1,-20,-30,5,3,0,-15,sil
24.927551746368408,0,3,-1,-13,-3,-13,-17,-4,-24,-44,-9,2,-15,-25,sil
24.941713333129883,-1,7,5,-10,-3,-11,-19,-5,-22,-38,-7,3,-26,-22,sil
24.9571692943573,7,15,17,23,-3,-2,-5,3,-13,-13,6,6,-11,-4,sil
24.9571692943573,19,20,24,48,10,11,5,9,1,5,14,15,8,19,sil
24.97292709350586,23,14,23,43,16,23,16,6,13,18,9,20,19,34,sil
24.97292709350586,14,-1,16,27,-2,16,15,7,14,21,-8,9,17,28,sil
24.98788785934448,0,-17,-5,10,-15,0,0,4,13,14,-17,-1,11,12,sil
24.98788785934448,-5,-20,-13,-11,-5,-10,-15,-4,6,4,-3,2,13,-5,sil
25.003512620925903,-3,-12,-9,-24,-3,-14,-20,-7,0,-6,12,7,18,-20,sil
25.003512620925903,-1,0,-10,-22,-10,-20,-13,-10,-4,-17,16,3,12,-21,sil
25.018585681915283,-1,7,-6,-16,-3,-16,-12,-12,-18,-22,14,3,-3,-15,sil
25.018585681915283,-1,4,-3,-5,9,-3,-10,-1,-26,-16,14,2,-14,-10,sil
25.03468894958496,2,6,11,5,9,0,0,8,-22,-9,18,2,-14,-2,sil
25.03468894958496,1,14,12,6,0,-3,-1,0,-21,-6,5,-2,-16,-1,sil
25.05071187019348,-11,5,-9,-2,-5,2,-9,-4,-16,2,-16,-18,-21,0,sil
25.05071187019348,-16,-7,-7,-9,2,21,8,2,0,17,-21,-22,-22,8,sil
25.06603741645813,-9,-3,-5,-4,10,22,26,5,3,21,-22,-28,-19,6,sil
25.06603741645813,-10,-4,-14,-10,11,7,12,0,0,11,-40,-38,-15,-3,sil
25.081743001937863,-15,-15,-19,-26,5,2,6,4,17,14,-42,-28,-4,0,sil
25.081743001937863,-11,-17,-20,-34,-3,2,14,4,35,25,-24,-17,3,0,sil
25.09750509262085,-5,-6,-11,-38,-6,0,6,3,28,13,-15,-14,9,0,sil
25.09750509262085,0,1,-10,-30,-1,-5,-2,3,24,-1,-7,-3,16,1,sil
25.112615823745728,4,0,0,-13,0,-13,-14,0,16,-9,9,11,17,0,sil
25.112615823745728,8,2,16,0,2,-11,-19,0,5,-8,25,21,16,-5,sil
25.12824368476868,9,16,12,17,7,0,-4,-2,8,0,41,25,25,-2,sil
25.12824368476868,0,25,16,36,8,1,-2,-5,-11,-10,35,18,10,-5,sil
25.144294261932373,-5,18,17,45,9,11,-1,-5,-44,-28,0,0,-19,-9,sil
25.144294261932373,1,3,8,42,9,26,20,-5,-28,-9,-14,-2,-20,-4,sil
25.16009259223938,0,-10,12,28,0,19,25,0,5,17,4,11,0,2,sil
25.16009259223938,0,-15,12,28,-4,6,13,1,20,24,18,21,7,15,sil
25.17569184303284,21,-4,18,38,-3,4,20,2,21,21,18,32,17,35,sil
25.17569184303284,35,-1,17,25,-12,-3,16,6,17,17,20,31,29,38,sil
25.191814422607425,26,-9,5,-3,-22,-20,-16,2,1,2,13,14,20,20,sil
25.191814422607425,18,-6,4,-20,-20,-26,-34,0,-11,-13,8,17,9,13,sil
25.207550525665283,21,9,5,-9,-10,-22,-20,0,-8,-8,15,26,15,16,sil
25.207550525665283,19,17,5,1,-1,-17,-14,0,-4,-2,15,14,9,5,sil
25.22263264656067,3,9,-6,-7,0,-14,-21,-3,-19,-22,2,0,-13,-15,sil
25.22263264656067,-15,5,-20,-14,3,-11,-11,-9,-31,-40,-7,-7,-27,-30,sil
25.23792028427124,-23,10,-15,-7,10,0,7,-2,-10,-23,-12,-17,-26,-31,sil
25.23792028427124,-25,0,-16,-15,6,13,13,5,15,5,-15,-31,-26,-27,sil
25.253968477249146,-34,-20,-23,-27,4,15,7,1,6,10,-23,-37,-17,-25,sil
25.253968477249146,-25,-9,-16,-7,15,14,9,0,-5,3,-24,-27,-7,-17,sil
25.26978826522827,-6,7,-4,10,14,9,9,0,-1,3,-15,-22,-12,-9,sil
25.26978826522827,-16,-5,-11,-4,-2,0,-1,-1,-1,0,-22,-38,-21,-9,sil
25.284911394119263,-22,-19,-20,-18,-5,5,-6,1,0,0,-32,-43,-13,-2,sil
25.284911394119263,-2,-9,0,-9,0,19,6,4,9,12,-19,-14,2,16,sil
25.30095052719116,11,-2,12,2,0,19,21,-1,12,20,-5,6,16,27,sil
25.30095052719116,9,-5,4,-2,-4,11,17,-1,14,15,-6,11,17,22,sil
25.31691575050354,7,-7,-1,-19,-9,-2,-3,3,14,8,-2,16,8,12,sil
25.31691575050354,6,-11,-2,-19,-14,-15,-18,0,7,5,5,14,10,5,sil
25.331942081451416,6,-8,7,-17,-5,-14,-17,-7,2,-2,15,18,20,0,sil
25.331942081451416,6,4,6,-22,0,-15,-18,-6,-7,-13,22,22,11,-14,sil
25.347857236862183,0,12,-6,-9,-4,-23,-21,0,-18,-16,18,4,-5,-26,sil
25.347857236862183,-6,11,3,9,-3,-14,-14,1,-14,-13,14,0,0,-15,sil
25.36268281936645,0,14,14,12,0,-3,-5,2,-7,-7,20,12,7,0,sil
25.36268281936645,6,17,14,11,9,-7,-7,0,-17,-8,29,17,4,1,sil
25.37802815437317,5,14,16,24,22,-2,-3,-1,-21,-10,25,10,0,6,sil
25.37802815437317,5,12,18,31,15,9,9,-1,-6,-3,4,4,-7,8,sil
25.39345479011536,7,9,13,22,0,17,14,3,0,1,-13,2,-11,3,sil
25.39345479011536,11,4,0,25,0,26,21,5,9,7,-8,0,-4,7,sil
25.408975839614868,14,6,6,36,10,26,36,4,23,11,0,2,1,18,sil
25.408975839614868,9,8,12,31,11,16,37,6,22,16,-2,0,2,17,sil
25.42412495613098,-1,-2,-11,24,9,12,21,-1,7,25,-6,-10,3,13,sil
25.439668893814087,-9,-16,-13,12,-2,8,7,-4,0,20,-9,-13,0,9,sil
25.439668893814087,-11,-17,-12,-7,-13,0,7,2,7,10,-17,-13,-3,0,sil
25.45482850074768,-4,-12,-15,-13,-7,-6,7,2,15,7,-11,-6,3,0,sil
25.45482850074768,5,-10,-2,-10,0,-9,-2,0,10,1,0,6,6,5,sil
25.47045660018921,0,-18,-12,-25,-8,-16,-17,-5,1,-7,-13,-1,-2,-9,sil
25.47045660018921,-17,-30,-23,-42,-20,-17,-24,-3,3,-13,-28,-14,-11,-24,sil
25.4858627319336,-13,-22,-13,-34,-17,-11,-19,2,7,-10,-10,-7,-6,-17,sil
25.4858627319336,-5,-4,-5,-29,-8,-10,-15,-1,-6,-7,4,-1,-1,-16,sil
25.501964330673218,-7,0,-1,-30,-6,-9,-12,-4,-15,-9,4,0,0,-17,sil
25.502472400665283,0,1,0,-13,-7,-8,-7,0,0,-9,13,5,11,0,sil
25.51758599281311,3,8,10,-9,-6,-12,-15,-2,1,-12,14,10,17,12,sil
25.51758599281311,1,6,11,-20,-6,-15,-21,0,-9,-8,4,9,7,2,sil
25.53279995918274,4,10,0,-9,-1,-10,-15,1,-6,0,7,5,2,0,sil
25.53279995918274,10,25,2,9,11,0,-8,1,-11,-1,16,6,3,4,sil
25.54889440536499,10,28,9,18,17,11,0,0,-25,-7,19,8,0,3,sil
25.54889440536499,4,19,14,18,14,13,5,-5,-25,-9,20,4,-7,-1,sil
25.56498408317566,2,15,13,21,13,11,6,-6,-12,-7,14,1,-7,-2,sil
25.56498408317566,3,16,8,26,12,3,6,0,-6,-6,2,2,-4,-2,sil
25.58005285263061,0,10,3,26,8,0,0,1,-9,-12,-6,-1,-7,-1,sil
25.58005285263061,-5,1,-5,25,2,6,2,-1,-1,-3,-5,-7,-5,-2,sil
25.595502614974976,-2,-1,0,24,5,17,16,1,9,13,-4,-4,-1,0,sil
25.595502614974976,1,-7,4,19,10,16,24,6,11,13,-17,-10,-7,0,sil
25.61064624786377,3,-12,-2,9,5,17,22,2,16,19,-23,-16,-6,3,sil
25.61064624786377,-4,-18,-6,-6,-1,17,23,3,26,32,-13,-9,0,9,sil
25.62586164474488,-20,-28,-17,-17,-6,3,18,7,15,15,-16,-14,-12,3,sil
25.62586164474488,-19,-27,-10,-11,-5,-2,3,1,-4,-6,-26,-17,-24,-8,sil
25.641663789749146,0,-8,3,0,-2,5,-1,-3,0,3,-12,0,-8,2,sil
25.641663789749146,13,0,4,-2,-3,0,-2,1,18,17,8,15,13,22,sil
25.65664339065552,14,0,4,-10,-2,-13,-8,5,14,10,13,17,25,16,sil
25.65664339065552,8,-3,-7,-13,-2,-9,-4,-1,9,4,7,10,24,3,sil
25.672019481658936,-2,-10,-8,-24,-12,-8,-6,-3,8,5,0,0,13,2,goodbye
25.672019481658936,-5,-10,-4,-28,-18,-14,-13,0,0,2,-3,0,4,0,goodbye
25.687934398651123,-3,0,-8,-12,-7,-9,-7,-2,0,-9,-4,1,5,-2,goodbye
25.687934398651123,-4,3,0,-8,-1,-6,1,-4,2,-18,3,0,2,-8,goodbye
25.703458786010746,0,5,2,-11,-7,-11,0,-2,-5,-12,13,0,-4,-15,goodbye
25.703458786010746,0,11,0,-2,-3,-9,-1,0,-17,-15,8,2,-7,-16,goodbye
25.719481706619263,2,12,11,4,3,-8,-5,1,-17,-23,1,4,-3,-7,goodbye
25.719481706619263,15,10,7,3,0,-18,-16,-4,-12,-12,15,6,-1,-5,goodbye
25.735531091690063,19,17,9,7,0,-18,-28,-3,-14,-6,31,17,1,0,goodbye
25.735531091690063,8,27,14,22,11,-1,-23,3,-17,-11,24,21,9,10,goodbye
25.751542329788208,4,19,5,25,14,7,-15,-2,-17,-13,6,5,4,4,goodbye
25.751542329788208,-1,3,0,15,6,12,-6,-3,-14,-7,-1,-8,-7,-5,goodbye
25.766908645629883,-24,-6,-9,9,5,22,14,0,-6,4,-14,-21,-12,-5,goodbye
25.766908645629883,-37,-17,-17,0,6,31,27,-4,1,8,-38,-35,-15,-5,goodbye
25.78270983695984,-19,-26,-20,-8,0,32,23,0,15,17,-35,-33,-11,3,goodbye
25.78270983695984,1,-20,-12,-5,-2,22,21,12,31,36,-10,-13,4,18,goodbye
25.798710107803345,10,-11,2,-4,0,0,20,10,30,30,-4,2,12,9,goodbye
25.798710107803345,18,-4,8,-5,-1,-11,9,4,20,9,2,18,18,6,goodbye
25.813862323760983,25,0,9,-5,-4,-15,-5,2,16,6,27,38,26,16,goodbye
25.813862323760983,18,5,1,-3,-5,-28,-19,0,12,3,29,27,17,1,goodbye
25.82992386817932,7,17,3,2,-2,-31,-19,-2,-5,-15,12,5,0,-17,goodbye
25.82992386817932,2,28,13,11,7,-11,-10,-5,-26,-30,8,7,-14,-13,goodbye
25.845778226852417,-3,19,9,14,10,6,-3,-5,-24,-21,9,6,-20,-9,goodbye
25.845778226852417,-12,7,9,14,10,15,7,0,-15,-5,0,-4,-20,-9,goodbye
25.86196970939636,-14,5,2,16,13,21,18,-1,-16,0,-10,-11,-18,-5,goodbye
25.86196970939636,-8,0,-7,16,7,18,12,-8,-8,2,-14,-19,-16,-8,goodbye
25.87758755683899,-5,-8,-4,2,-4,10,1,0,9,9,-15,-21,-11,-2,goodbye
25.87758755683899,-8,-18,-12,-11,-12,7,5,5,12,15,-22,-18,-11,7,goodbye
25.892793893814087,-13,-27,-13,-24,-14,0,6,-3,-3,4,-28,-20,-12,1,goodbye
25.892793893814087,-12,-27,-8,-30,-13,-8,-2,-3,-12,-5,-18,-15,-1,0,goodbye
25.90885829925537,-8,-15,-9,-23,-10,-4,-8,1,-1,-4,-9,-1,7,3,goodbye
25.90885829925537,1,-5,5,-9,-4,1,0,3,10,0,-7,8,9,10,goodbye
25.924949169158936,11,-4,10,-6,-2,-4,5,4,22,13,8,8,22,18,goodbye
25.924949169158936,5,-8,-1,-13,-5,-16,-3,1,25,19,14,1,27,12,goodbye
25.94091820716858,0,0,-6,-3,0,-13,-12,-1,14,0,1,0,13,-1,goodbye
25.94091820716858,11,9,0,5,6,-4,-2,-4,4,-5,12,11,14,1,goodbye
25.95701384544373,21,7,7,-7,-2,-1,0,-3,4,5,29,20,26,9,goodbye
25.95701384544373,10,5,0,-10,-8,-9,-7,-1,1,-3,19,14,15,0,goodbye
25.972877979278564,-3,6,-2,-1,-5,-18,-14,-4,-11,-22,12,8,-3,-10,goodbye
25.972877979278564,0,3,6,0,-2,-10,-12,0,-12,-15,16,10,-2,-4,goodbye
25.987923860549927,20,15,10,13,8,5,-5,6,1,-3,11,17,1,4,goodbye
25.987923860549927,22,31,11,28,26,9,0,3,3,-6,10,21,0,3,goodbye
26.00384330749512,6,27,4,30,25,8,6,-1,-3,-1,9,12,-6,-2,goodbye
26.00384330749512,2,22,6,29,17,15,10,0,-11,3,0,6,-9,-1,goodbye
26.018934965133667,-1,20,3,27,10,15,2,0,-22,-4,-11,-2,-15,-6,goodbye
26.018934965133667,-17,2,-10,17,0,4,-7,-2,-28,-15,-25,-24,-24,-20,goodbye
26.03475499153137,-22,-5,-2,7,-2,6,-2,1,-25,-13,-30,-29,-28,-19,goodbye
26.03475499153137,-18,-5,-2,6,-1,14,14,3,-18,0,-21,-22,-18,-8,goodbye
26.049765586853027,-21,-26,-13,-5,-14,7,14,0,-12,7,-18,-23,-9,-10,goodbye
26.049765586853027,-18,-38,-6,-29,-23,-4,3,0,0,9,-15,-17,-1,-6,goodbye
26.0657856464386,-8,-19,-5,-21,-9,-4,14,3,19,20,2,-7,6,9,goodbye
26.0657856464386,0,-2,0,3,6,7,26,3,22,27,10,-6,7,15,goodbye
26.0809805393219,6,-9,7,2,2,15,16,0,20,23,2,-5,6,15,goodbye
26.0809805393219,6,-16,4,-16,-5,3,0,-5,24,16,0,0,11,17,goodbye
26.09650659561157,7,-7,0,-21,-3,-10,-10,-1,23,10,5,8,14,14,goodbye
26.09650659561157,16,0,-6,-16,-4,-12,-15,2,22,5,13,7,11,6,goodbye
26.1186945438385,11,-5,-3,-21,-9,-17,-24,-3,12,-13,6,8,6,-2,goodbye
26.1186945438385,-7,-15,-10,-31,-12,-30,-32,-7,-1,-29,-2,7,5,-11,goodbye
26.1186945438385,-11,-9,-16,-36,-13,-34,-28,-8,-5,-24,4,5,4,-13,goodbye
26.128811597824097,6,14,4,-19,-4,-25,-25,-3,-6,-21,14,11,0,-12,goodbye
26.144667148590088,20,34,20,18,11,-3,-15,1,-15,-14,13,16,0,-6,goodbye
26.144667148590088,6,29,8,35,16,18,4,1,-11,1,15,17,4,7,goodbye
26.16032600402832,-9,13,-8,23,8,22,21,5,2,4,18,9,3,9,goodbye
26.16032600402832,-3,12,-4,22,12,18,26,5,0,-5,4,-7,-3,-6,goodbye
26.17552137374878,0,10,9,27,18,18,24,0,-20,-11,-18,-17,-14,-10,goodbye
26.17552137374878,-6,-1,3,10,7,13,16,-1,-18,-8,-33,-14,-22,0,goodbye
26.190603494644165,-3,-2,2,1,1,14,17,5,0,9,-31,-4,-15,3,goodbye
26.190603494644165,4,4,9,17,9,21,29,9,11,27,-12,1,0,10,goodbye
26.20673704147339,7,0,10,17,0,9,17,0,4,21,10,0,8,20,goodbye
26.20673704147339,8,-10,7,2,-10,-4,-2,-2,-1,14,18,2,11,19,goodbye
26.222891807556152,7,-10,-1,2,-9,0,0,-1,12,25,0,7,12,13,goodbye
26.222891807556152,1,-12,0,-6,-8,2,-1,0,19,19,-12,3,6,10,goodbye
26.23788332939148,-3,-19,-5,-17,-7,-8,-19,-1,1,-5,-5,-4,-2,1,goodbye
26.23788332939148,-8,-19,-21,-16,-6,-20,-26,-3,-10,-20,-4,-11,-10,-15,goodbye
26.253188133239743,-11,-14,-15,-27,-12,-22,-26,-2,-6,-19,-7,-6,-3,-24,goodbye
26.253188133239743,-5,-9,-13,-25,-13,-17,-15,-1,0,-9,4,2,8,-12,goodbye
26.2690007686615,-1,1,-5,-8,0,-14,-1,-1,-2,-8,11,7,3,-6,goodbye
26.2690007686615,-3,16,7,-1,5,-8,-4,-1,-10,-15,4,6,-3,-14,goodbye
26.28390860557556,7,25,8,9,4,-1,-6,-1,-5,-9,10,11,2,-10,goodbye
26.28390860557556,22,25,22,19,7,-1,3,0,6,1,28,20,9,2,goodbye
26.30093574523925,11,21,21,10,5,0,10,2,14,7,24,7,4,-1,goodbye
26.30093574523925,-4,12,-1,0,0,3,4,-2,7,0,5,-5,-1,-10,goodbye
26.315535068511963,-1,2,-1,0,2,0,-5,0,-5,-17,0,0,-7,-1,goodbye
26.315535068511963,0,1,1,0,3,0,-14,0,-24,-24,3,-1,-14,1,goodbye
26.33097004890442,-12,2,-7,11,4,5,-16,-5,-41,-15,-7,-18,-17,-7,goodbye
26.33097004890442,-13,0,-7,22,10,15,-1,0,-32,-5,-20,-22,-14,-4,goodbye
26.34656929969788,-5,-5,3,19,12,27,14,2,-5,7,-20,-14,-10,10,goodbye
26.34656929969788,1,-6,3,12,8,24,19,5,10,24,-13,-6,-2,17,goodbye
26.361830234527588,2,-4,-2,5,1,7,19,10,25,25,-3,-2,14,17,goodbye
26.361830234527588,-8,-14,-9,-12,-9,5,21,3,29,19,-2,-4,18,13,goodbye
26.376989126205444,-19,-35,-22,-28,-11,13,24,-1,16,19,-15,-14,5,7,goodbye
26.393685340881348,-16,-30,-15,-25,-3,0,16,3,12,13,-22,-20,-3,1,goodbye
26.393685340881348,-9,-13,-4,-14,-3,-13,-1,0,26,5,-15,-12,0,-4,goodbye
26.393685340881348,0,-12,-9,-8,-5,-5,-9,-2,34,22,0,2,10,0,goodbye
26.408199071884155,15,-1,4,-6,-1,0,0,0,24,27,17,24,26,11,goodbye
26.42496967315674,23,19,11,-3,-3,-15,-2,-2,6,-3,18,27,19,9,goodbye
26.42496967315674,19,13,5,-8,-8,-19,-10,-5,-4,-16,7,19,1,-1,goodbye
26.42496967315674,12,-3,10,-17,-8,-7,-5,0,-4,-1,12,26,4,0,goodbye
26.44053745269776,2,-2,1,-10,-11,-13,-16,-6,-10,-14,10,21,2,-5,goodbye
26.44053745269776,-5,0,0,-5,-13,-23,-39,-11,-29,-38,-1,0,-17,-20,goodbye
26.45646953582764,1,5,11,0,-8,-11,-22,0,-23,-22,1,-1,-17,-14,goodbye
26.45646953582764,9,18,12,9,0,-5,2,2,-6,-5,8,6,-5,0,goodbye
26.471076011657715,7,21,8,8,5,-13,-5,0,-15,-24,6,0,-11,-7,sil
26.486501455307007,7,17,4,3,11,-4,-3,1,-25,-26,12,-6,-15,-12,sil
26.486501455307007,5,22,14,18,13,10,11,2,-16,-4,10,5,0,5,sil
26.501770973205566,4,25,14,35,13,7,13,4,-7,0,0,14,3,14,sil
26.501770973205566,9,16,2,34,16,6,10,0,-5,-9,4,8,-3,0,sil
26.517752170562744,3,6,0,21,21,16,5,0,-3,-2,10,-1,-3,-8,sil
26.517752170562744,-13,0,-3,11,16,18,3,6,3,14,-1,-9,1,-4,sil
26.53254866600037,-17,-6,-9,7,0,15,7,1,7,18,-11,-11,4,2,sil
26.53254866600037,-11,-10,-9,1,-5,17,8,-5,-3,8,-15,-13,1,7,sil
26.54762434959412,-12,-13,-15,0,-3,11,9,-6,-7,5,-21,-19,-2,2,sil
26.54762434959412,-12,-15,-11,-4,-2,3,8,-2,4,14,-18,-17,0,1,sil
26.563638925552368,-8,-19,-9,-10,-2,8,6,1,21,28,-3,-13,7,9,sil
26.563638925552368,-9,-23,-7,-15,-1,9,6,1,18,23,-4,-16,1,4,sil
26.57910108566284,-8,-20,-5,-12,-2,3,5,0,5,5,-22,-19,-11,-10,sil
26.57910108566284,-3,-13,-6,-9,-3,3,0,3,8,5,-20,-14,-6,-8,sil
26.59486413002014,-6,-12,-1,-13,-3,0,0,7,21,7,0,0,4,3,sil
26.59486413002014,-9,-11,-5,-12,-7,-14,0,0,19,0,5,6,5,3,sil
26.61053204536438,-1,-8,-8,-12,-10,-21,-11,-6,4,-1,-1,1,3,-5,sil
26.61053204536438,6,-4,-2,-18,-12,-16,-21,0,0,-2,1,0,6,-3,sil
26.625980377197266,8,1,0,-11,-14,-13,-14,0,5,-2,14,11,13,5,sil
26.625980377197266,11,6,10,-3,-8,-16,-9,-1,3,-5,19,26,15,11,sil
26.642075300216675,15,11,15,-4,0,-14,-17,0,-4,-11,15,25,6,5,sil
26.642075300216675,15,17,8,0,3,-8,-16,1,-2,-7,10,12,0,1,sil
26.65744662284851,15,21,9,4,4,-4,2,3,4,3,16,18,9,11,sil
26.65744662284851,18,21,15,9,5,2,10,1,-3,0,22,27,8,15,sil
26.67257595062256,16,18,15,13,7,6,0,-5,-22,-20,13,13,-10,1,sil
26.67257595062256,2,6,-3,3,6,0,-1,-6,-26,-23,-2,-8,-20,-9,sil
26.687999963760376,-10,0,-14,-13,-3,-7,-1,-2,-18,-17,-8,-15,-12,-13,sil
26.687999963760376,-4,3,-1,-6,-7,-3,-3,0,-10,-16,1,-1,-3,-13,sil
26.70398473739624,12,11,4,18,3,10,7,0,0,-4,16,11,1,-3,sil
26.70398473739624,8,10,8,24,16,22,19,1,3,4,10,5,1,-2,sil
26.719486474990845,-12,3,3,14,11,16,17,2,0,0,-13,-20,-8,-17,sil
26.719486474990845,-24,-6,-4,8,2,6,14,0,-4,0,-28,-34,-17,-17,sil
26.73481798171997,-19,-12,-2,10,12,13,16,-2,-2,9,-24,-21,-13,-3,sil
26.73481798171997,-13,-8,-3,9,10,16,10,2,0,12,-21,-13,-8,-3,sil
26.75027847290039,-23,-12,-5,-5,-9,3,-3,2,-4,1,-29,-22,-14,-5,sil
26.75027847290039,-27,-24,-15,-12,-10,0,-4,-3,-5,1,-36,-25,-16,-2,sil
26.765872478485107,-11,-24,-12,-9,0,4,1,-1,5,15,-27,-13,-5,0,sil
26.765872478485107,3,-11,-1,-15,-5,-4,-10,3,11,19,-6,5,7,11,sil
26.78186535835266,10,-5,-6,-9,-12,-17,-18,0,15,12,12,18,24,26,sil
26.78186535835266,21,1,8,0,-4,-15,-8,1,24,10,24,29,39,30,sil
26.7979588508606,27,16,17,0,-1,-7,3,11,36,19,36,33,41,23,sil
26.7979588508606,20,16,-3,0,0,-7,6,1,26,15,43,26,28,9,sil
26.813488483428955,13,4,2,-3,6,-8,-3,-1,-10,-13,29,23,9,-2,sil
26.813488483428955,12,0,7,0,0,-10,-18,0,-31,-27,13,15,-9,-9,sil
26.829504013061523,8,12,1,15,-2,-14,-18,-6,-21,-19,17,4,-15,-12,sil
26.829504013061523,3,21,9,19,0,-3,-4,-1,-11,-17,21,0,-6,-7,sil
26.845532178878784,-4,6,3,8,1,15,4,3,-6,-4,2,-8,-4,0,sil
26.845532178878784,-18,-15,-11,-2,0,20,4,-1,-2,6,-24,-25,-18,-3,sil
26.86091923713684,-24,-20,-11,-8,-1,16,9,0,2,-1,-37,-36,-22,-16,sil
26.86091923713684,-14,-11,-4,-6,-2,13,17,1,5,-2,-26,-29,-10,-8,sil
26.87619423866272,0,-4,1,-1,0,7,12,-2,1,14,-6,-9,4,13,sil
26.87619423866272,4,0,4,0,-5,-1,-3,-7,-4,12,2,10,14,20,sil
26.891721487045288,8,7,7,0,-12,-5,-14,-10,-7,-9,3,22,12,8,sil
26.891721487045288,14,16,3,5,-3,-9,-10,-8,-12,-14,7,19,0,-4,sil
26.906814575195312,12,15,2,0,7,-15,-4,-3,-14,-11,13,13,-3,-17,sil
26.906814575195312,1,10,-1,0,5,-10,-1,2,-5,-16,8,3,-2,-14,sil
26.92253255844116,-12,0,-7,4,0,3,14,6,-1,-10,-5,-12,-11,-6,sil
26.92253255844116,-27,-21,-8,-1,-2,11,24,9,4,7,-23,-25,-15,-8,sil
26.937822818756104,-24,-28,-13,-13,0,14,12,9,27,26,-25,-26,0,-4,sil
26.937822818756104,-4,-13,-8,-25,3,5,0,6,37,34,-9,-11,16,8,sil
26.953702449798584,9,-3,-2,-28,0,-13,-9,6,22,20,0,7,15,9,sil
26.953702449798584,14,3,-4,-10,0,-23,-22,2,5,-9,3,11,1,0,sil
26.9689359664917,8,17,3,1,5,-9,-20,-2,-3,-20,5,7,-3,-6,sil
26.9847309589386,-2,20,3,2,12,7,0,-4,-4,1,2,-1,-8,-8,sil
26.9847309589386,-5,6,1,11,10,12,9,-3,-6,10,-10,-14,-20,-9,sil
26.9847309589386,-3,-7,8,9,-1,10,5,0,-12,-4,-22,-16,-26,0,sil
26.99988031387329,0,-15,3,-9,-9,6,9,0,-3,-4,-12,-2,-7,18,sil
26.99988031387329,8,-20,0,-26,-9,-8,6,-4,7,1,8,15,18,23,sil
27.018868923187256,9,-13,-1,-25,-15,-21,-6,-5,-4,-10,17,21,21,7,sil
27.018868923187256,7,12,4,0,-10,-6,-11,-3,-23,-24,18,16,9,-1,sil
27.0308804512024,13,31,19,30,6,7,-7,0,-24,-18,23,14,7,0,sil
27.0308804512024,12,21,10,36,6,-1,-6,3,-13,-7,17,10,0,-2,sil
27.04690337181092,2,10,5,36,4,1,-3,9,-6,-6,6,2,-4,-6,sil
27.04690337181092,-4,9,3,39,19,23,10,6,-3,-1,0,-7,-4,-8,sil
27.0628662109375,-18,-5,-14,21,21,25,20,-5,-2,10,-15,-19,-13,-16,sil
27.0628662109375,-28,-18,-14,5,7,13,12,-4,-2,15,-20,-17,-18,-13,sil
27.07851529121399,-12,-6,0,19,0,6,11,5,10,21,0,-3,8,9,sil
27.09479141235352,5,0,3,15,-6,0,9,1,27,27,19,10,32,26,sil
27.09479141235352,6,-11,2,-11,-21,-13,-1,-2,31,20,19,21,32,22,sil
27.09479141235352,10,-12,6,-15,-27,-25,-13,-3,18,6,14,24,23,8,sil
27.11046147346497,20,0,8,-7,-16,-28,-24,-5,-2,-2,18,21,11,-1,sil
27.11046147346497,23,14,5,0,-2,-18,-33,-4,-17,-8,28,21,5,-2,sil
27.124593496322632,19,27,24,16,13,-3,-21,0,-19,-9,39,31,5,3,sil
27.13967776298523,13,20,19,30,22,11,10,1,-6,-2,27,22,0,10,sil
27.13967776298523,0,-8,-5,9,3,19,31,1,7,0,-14,-8,-14,8,sil
27.154846906661987,-15,-25,-13,-35,-17,13,32,0,9,-1,-51,-29,-20,0,sil
27.154846906661987,-23,-30,-38,-62,-17,1,22,-1,11,1,-50,-34,-20,-10,sil
27.17003345489502,-15,-24,-37,-57,-11,-4,-2,2,9,-6,-39,-27,-15,-10,sil
27.17003345489502,-3,-3,-18,-38,-5,-8,-16,4,6,-11,-30,-19,-2,-7,sil
27.1855103969574,-7,5,-22,-27,10,-12,-13,-3,4,-10,-18,-23,0,-12,sil
27.1855103969574,-8,13,3,-33,23,-5,-22,2,-12,-27,-21,-27,-16,-20,sil
27.200846672058105,0,23,4,-24,15,2,-18,3,-27,-25,-27,-31,-24,-25,sil
27.200846672058105,-14,0,-34,-12,2,0,-4,-7,-21,-5,-28,-43,-23,-27,sil
27.216635704040527,-41,-21,-29,-28,4,3,-2,3,-11,1,-31,-49,-31,-26,sil
27.216635704040527,-32,-3,-3,-19,25,12,8,12,2,17,-14,-33,-18,-15,sil
27.231727838516235,-4,10,13,35,23,15,17,2,13,34,12,-2,7,6,sil
27.231727838516235,8,4,21,64,-10,14,10,-4,13,24,19,18,17,20,sil
27.247656106948853,11,0,22,42,-23,9,13,-3,13,11,23,26,16,20,sil
27.247656106948853,7,-10,30,26,-6,5,19,6,16,5,31,31,16,22,sil
27.262938261032104,0,-15,24,26,-8,3,8,3,12,4,27,31,9,17,sil
27.262938261032104,7,-6,10,18,-17,-1,0,-9,0,9,28,34,7,9,sil
27.278928995132446,25,6,20,25,-7,-11,-2,-6,-3,2,39,45,19,18,sil
27.278928995132446,38,18,40,36,-2,-16,-9,-1,0,-8,43,63,25,25,sil
27.29388427734375,39,15,21,18,-9,-20,-17,-8,-12,-16,39,63,25,15,sil
27.29388427734375,27,7,-4,0,-12,-24,-22,-7,-29,-32,31,36,23,7,sil
27.309473037719727,14,16,9,2,-3,-16,-19,4,-30,-29,16,16,12,1,sil
27.309473037719727,7,22,5,17,10,0,-2,2,-11,5,11,9,1,-9,sil
27.32506442070008,-4,8,-19,14,20,9,4,-6,2,19,5,-10,0,-9,sil
27.32506442070008,-19,0,-15,-4,18,20,3,0,-2,6,-18,-31,-5,-4,sil
27.340717315673828,-16,0,-9,0,12,29,20,8,0,10,-36,-36,-13,-7,sil
27.340717315673828,-7,-8,-9,5,9,18,29,5,21,18,-32,-32,-8,0,sil
27.356011152267456,-1,-16,-12,-17,3,1,19,6,33,14,-26,-28,0,13,sil
27.356011152267456,-4,-16,-21,-38,-5,-3,12,6,24,8,-26,-27,0,3,sil
27.371585607528687,-17,-14,-25,-41,-19,-17,-5,0,0,-12,-30,-21,-10,-18,sil
27.371585607528687,-15,-10,-21,-44,-21,-29,-28,-4,-14,-26,-23,-11,-17,-21,sil
27.38734722137451,1,-2,-11,-30,-3,-11,-19,-1,4,-6,-3,0,-8,-10,sil
27.40298366546631,7,5,0,-12,4,2,-2,3,20,8,6,5,-3,-2,sil
27.40298366546631,0,9,9,-17,0,-2,-11,0,0,-11,0,0,-13,-7,sil
27.40298366546631,-6,6,1,-13,2,-1,-13,-10,-14,-23,-4,-11,-18,-13,sil
27.418519258499146,-16,-1,-7,12,5,9,2,-7,-7,-8,-7,-13,-8,-7,sil
27.418519258499146,-17,-1,7,12,14,12,4,3,-8,-1,-1,-4,0,0,sil
27.43471956253052,-3,5,9,10,20,12,4,4,-4,0,11,1,8,4,sil
27.43471956253052,2,1,4,22,6,20,11,3,4,19,9,3,10,12,sil
27.449758768081665,-6,-9,5,17,-2,15,8,2,3,26,-1,-1,-4,7,sil
27.449758768081665,-10,-18,-6,3,-4,-4,5,-4,-6,6,-11,-17,-16,-10,sil
27.4648859500885,-10,-21,-10,-1,-22,-7,3,-6,-18,-11,-23,-22,-17,-14,sil
27.4804790019989,-8,-14,-8,-4,-20,1,0,0,-10,-5,-18,-11,-12,-2,sil
27.4804790019989,8,0,7,1,3,-5,0,3,8,4,8,9,5,12,sil
27.4804790019989,22,10,21,8,3,-12,-2,2,3,5,19,22,21,19,sil
27.49772453308105,9,1,-12,-4,-9,-5,-13,-3,-6,9,5,7,18,8,sil
27.49772453308105,-5,-5,-3,-24,-7,-6,-18,4,0,0,0,7,9,1,sil
27.512499809265137,0,7,15,-8,-4,-6,-1,10,16,-1,18,30,16,3,sil
27.527936697006226,14,13,-17,18,-4,-3,14,-6,30,12,37,32,26,2,sil
27.527936697006226,22,7,12,1,-1,-11,0,-2,10,0,30,29,19,6,sil
27.543488264083862,27,18,41,-14,1,-13,-10,7,-17,-19,19,38,7,8,sil
27.543488264083862,23,29,10,2,0,-6,-7,-5,-23,-20,13,20,-3,0,sil
27.543488264083862,11,22,8,17,3,-2,-8,-4,-13,-15,13,0,-9,0,sil
27.55952000617981,1,12,4,29,17,4,-4,-1,0,0,20,2,-3,-2,sil
27.573703289031982,-3,11,-3,36,24,15,6,1,0,9,0,-5,-7,-8,sil
27.573703289031982,-10,6,1,25,15,21,19,6,-6,0,-25,-27,-18,-4,sil
27.589794635772705,-12,-5,-7,19,11,23,21,-4,-6,1,-19,-30,-13,-1,sil
27.589794635772705,-4,-13,-5,16,18,22,18,-6,-3,6,-15,-22,-6,-3,sil
27.60547471046448,-4,-14,4,6,14,18,24,5,8,11,-29,-27,-4,-3,sil
27.60547471046448,-12,-12,-3,-6,-5,12,23,1,22,15,-29,-28,0,0,sil
27.62062907218933,-7,-8,-6,-8,-13,10,16,-3,25,9,-16,-15,2,10,sil
27.62062907218933,-1,-12,-7,-9,-3,5,13,2,26,0,-10,-5,-7,11,sil
27.63576579093933,-11,-26,-23,-33,-13,-14,-6,4,8,1,-14,-4,-12,0,sil
27.63576579093933,-13,-28,-24,-50,-32,-32,-30,0,-9,0,-18,-1,0,0,sil
27.651867151260376,-7,-13,-1,-31,-19,-26,-27,0,-2,-6,-8,3,10,2,sil
27.651867151260376,-12,-12,-10,-19,-5,-16,-22,0,0,-1,0,0,0,-10,sil
27.66765832901001,-18,-19,-23,-35,-16,-23,-37,-5,-15,-4,0,1,-6,-21,sil
27.66765832901001,-8,-2,0,-34,-18,-22,-37,-3,-15,-20,6,14,0,-17,sil
27.68274450302124,3,13,3,-4,-4,-8,-18,0,-5,-22,15,11,4,-16,sil
27.68323493003845,9,12,0,6,4,-8,-12,-2,-12,-21,15,7,3,-6,sil
27.698819875717163,12,20,10,7,-3,-6,-11,-1,-9,-15,21,23,13,9,sil
27.698819875717163,12,27,11,13,-4,4,2,1,6,13,32,25,26,12,sil
27.714134693145752,16,20,15,19,20,2,15,3,11,32,34,14,28,14,sil
27.714134693145752,20,19,20,28,38,-1,15,2,3,15,23,19,15,14,sil
27.72981595993042,13,17,14,29,21,10,7,-1,-12,-5,9,14,-1,0,sil
27.72981595993042,5,2,5,14,0,25,3,0,-20,-9,0,-6,-13,-5,sil
27.74548411369324,3,0,4,13,0,24,12,0,-12,-11,-9,-14,-20,0,sil
27.74548411369324,-4,5,0,28,1,15,24,0,-7,-13,-22,-15,-22,-3,sil
27.76164031028748,-13,0,-2,12,-8,14,24,11,0,-2,-19,-21,-20,-2,sil
27.76164031028748,-7,-10,0,-13,-2,17,19,13,11,15,-4,-15,-12,9,sil
27.77701020240784,0,-8,-10,0,16,11,26,0,16,27,-1,-9,-3,11,sil
27.77701020240784,3,0,4,16,14,6,25,0,16,23,-9,-7,-5,5,sil
27.79265117645264,9,5,23,9,1,8,7,4,19,19,-7,-2,-6,4,sil
27.79265117645264,6,-3,-7,2,1,-8,-10,-8,15,16,2,0,-2,2,sil
27.807837963104248,-10,-13,-13,-10,-4,-24,-20,-12,-8,-3,0,-2,-8,-1,goodbye
27.807837963104248,-19,-9,-6,-17,-15,-8,-15,-5,-20,-25,-15,-9,-14,-13,goodbye
27.823979377746586,-13,-7,-16,-10,-9,-4,-10,-5,-9,-26,-20,-15,-7,-21,goodbye
27.823979377746586,-6,-6,0,-3,0,-11,-11,0,2,-7,-5,-4,9,-8,goodbye
27.840007066726685,4,0,3,0,0,1,0,8,20,21,15,8,29,12,goodbye
27.840007066726685,9,-1,0,-9,0,8,0,6,23,19,19,12,31,16,goodbye
27.85601258277893,0,-6,1,-15,0,-2,-11,0,1,-7,0,8,8,1,goodbye
27.85601258277893,-4,-2,-7,0,0,-3,-4,-5,-3,-8,-13,8,0,-4,goodbye
27.872068643569943,2,1,4,-5,0,0,3,5,6,5,2,18,16,9,goodbye
27.872068643569943,4,-1,11,-16,-1,-4,-1,7,0,1,12,18,20,17,goodbye
27.88765525817871,2,-1,-8,0,-1,-15,-7,-6,-19,-17,-5,1,2,1,goodbye
27.88765525817871,5,3,-6,7,-1,-16,-9,-3,-23,-23,-15,-4,-7,-8,goodbye
27.902947664260864,6,0,1,-7,-7,-5,-4,4,-10,-5,-3,-2,-5,-5,goodbye
27.903340816497803,1,-4,-2,-13,-9,0,0,0,-2,2,3,-1,-5,-9,goodbye
27.91894483566284,-8,-4,-8,-13,-15,0,-1,-1,-4,-7,-5,-6,-12,-16,goodbye
27.91894483566284,-19,-10,-14,-20,-15,5,0,2,-11,-19,-17,-14,-20,-13,goodbye
27.933839559555054,-15,-5,-13,-14,2,10,-1,0,-7,-12,-4,-10,-15,-11,goodbye
27.933839559555054,-4,11,3,4,9,-1,-11,-1,3,5,18,1,1,-7,goodbye
27.949118614196777,-5,16,15,12,-1,-7,-17,-3,7,14,27,6,9,-2,goodbye
27.949118614196777,10,15,10,16,-1,-1,-2,-2,13,16,23,12,12,8,goodbye
27.965006351470947,34,27,23,30,8,-4,7,2,18,14,27,21,20,20,goodbye
27.965006351470947,22,26,18,33,12,-7,4,-2,3,1,28,10,9,13,goodbye
27.980541706085205,6,4,-5,18,13,1,8,-8,-9,-7,10,-2,-8,1,goodbye
27.980541706085205,12,-2,8,12,11,7,17,1,-6,-3,-8,0,-11,6,goodbye
27.995834827423096,2,0,7,15,4,5,19,6,7,4,-10,0,-10,5,goodbye
27.995834827423096,-13,-2,-13,2,5,11,18,2,12,6,-7,-9,-12,-2,goodbye
28.01172423362732,-7,0,-3,2,12,21,15,1,0,1,-11,-10,-8,2,goodbye
28.01172423362732,-3,0,2,16,8,18,5,0,-10,2,-9,-10,-1,9,goodbye
28.027099609375,-8,-11,0,0,0,11,-2,0,-9,8,-6,-13,0,0,goodbye
28.027099609375,-11,-23,-5,-20,1,12,0,0,-3,12,-10,-16,0,-8,goodbye
28.04234552383423,-18,-27,-17,-13,-3,3,-2,-1,-5,9,-15,-18,-8,-8,goodbye
28.04234552383423,-21,-23,-18,-17,-17,-7,-5,1,-6,0,-24,-16,-12,-7,goodbye
28.05777049064636,-7,-16,-21,-33,-18,-9,0,0,8,-5,-30,-9,-4,-9,goodbye
28.05777049064636,7,-3,3,-31,-12,-16,-3,1,19,-2,-11,11,11,-1,goodbye
28.072830200195312,7,4,7,-15,-11,-23,-10,-2,12,5,23,25,32,6,goodbye
28.072830200195312,11,1,-11,-7,-4,-20,-17,-8,0,-1,33,21,26,2,goodbye
28.088847875595093,24,12,39,-6,8,-4,-25,13,-7,-22,17,29,0,7,goodbye
28.088847875595093,25,32,42,9,15,8,-9,18,3,-11,17,33,1,10,goodbye
28.10452651977539,7,19,-21,9,8,0,4,-14,0,-1,14,8,6,-6,goodbye
28.10452651977539,-5,5,-6,-3,0,-5,0,-6,-21,-22,-9,-11,-18,-15,goodbye
28.12562584877014,-14,15,10,23,10,7,13,8,-15,-20,-24,-20,-26,-11,goodbye
28.12562584877014,-19,10,-16,46,19,19,23,-5,-4,0,-25,-26,-11,-9,goodbye
28.135730981826782,-15,-8,-10,26,1,18,18,0,-3,12,-18,-17,-8,5,goodbye
28.135730981826782,-6,-12,0,11,-15,9,21,7,14,32,-1,-4,0,21,goodbye
28.150763511657715,0,-16,-4,0,-15,-7,9,-2,26,26,-2,-2,13,12,goodbye
28.150763511657715,0,-18,-2,-17,-17,-14,-16,-8,11,-8,-9,-5,4,1,goodbye
28.16679811477661,0,-11,-2,-13,-17,-5,-21,-9,-6,-14,8,1,0,0,goodbye
28.16679811477661,10,-3,3,0,-5,-4,-13,-4,-15,1,22,13,7,1,goodbye
28.182440757751465,21,0,7,-1,9,-8,-3,1,-1,6,13,10,9,0,goodbye
28.182440757751465,11,-1,-6,-5,11,-4,7,-1,19,10,5,2,9,2,goodbye
28.197473526000977,3,-1,6,-6,-3,-3,1,6,11,17,8,7,12,10,goodbye
28.21357727050781,6,0,16,-18,-13,-11,-9,10,-5,6,14,7,9,4,goodbye
28.21357727050781,-7,-3,-22,-31,-9,-11,-16,-4,-6,-17,-2,-12,-6,-22,goodbye
28.21357727050781,-16,0,-19,-27,-2,-4,-21,-7,-6,-25,-13,-12,-9,-24,goodbye
28.230619192123413,0,13,13,-14,1,2,-13,8,0,-1,17,15,10,0,goodbye
28.230619192123413,4,7,7,-14,4,7,0,9,7,8,28,17,12,3,goodbye
28.24380826950073,-7,1,-6,-3,11,7,2,-3,5,-5,6,-1,-3,-9,goodbye
28.25944924354553,0,21,-1,28,16,7,10,-1,5,-3,11,-4,-1,-1,goodbye
28.25944924354553,5,27,10,31,14,10,18,6,1,4,13,2,1,8,goodbye
28.27458238601685,-9,5,4,8,16,5,8,0,-11,-2,-13,0,-9,0,goodbye
28.27458238601685,-3,0,-2,12,11,-1,0,-4,-17,-15,-19,-5,-17,-5,goodbye
28.289665937423703,4,9,11,27,-3,1,4,-3,-22,-23,-8,-3,-17,-5,goodbye
28.289665937423703,0,6,5,26,-5,2,10,-6,-21,-20,-14,-9,-17,-8,goodbye
28.30446600914001,5,4,5,20,12,4,11,-4,-7,0,-8,0,-8,0,goodbye
28.30446600914001,8,3,10,15,16,5,9,0,0,22,7,7,2,12,goodbye
28.319533586502075,-5,-17,-6,6,0,-5,2,-6,-2,18,-10,-10,-3,5,goodbye
28.319533586502075,-13,-26,0,-1,-6,0,0,-1,-5,5,-33,-19,-17,-1,goodbye
28.33548641204834,-4,-14,-11,5,0,25,11,3,12,23,-8,-9,-4,4,goodbye
28.33548641204834,-1,-15,-20,5,0,21,4,0,14,31,4,-5,8,8,goodbye
28.3508141040802,-10,-20,7,-12,-6,3,-15,5,-5,-5,-20,-2,-9,0,goodbye
28.3508141040802,-14,-20,-19,-24,-12,-1,-10,0,4,-18,-19,-5,-9,-3,goodbye
28.36666679382324,-2,-18,-20,-33,-20,-10,-5,1,27,2,4,0,21,9,goodbye
28.36666679382324,6,-6,24,-33,-24,-13,-10,15,15,10,1,12,30,17,goodbye
28.382720470428467,0,-5,-3,-21,-18,-10,-6,3,7,3,-8,3,13,2,goodbye
28.382720470428467,-1,-8,-19,-27,-12,-8,-2,0,21,-7,-5,2,9,-2,goodbye
28.39828824996948,10,12,0,-18,-9,-3,9,4,32,-5,8,14,14,3,goodbye
28.39828824996948,15,33,2,8,7,-5,18,-1,18,0,21,12,9,0,goodbye
28.41387796401977,11,23,23,5,16,-8,7,5,-4,-10,18,14,1,-3,goodbye
28.41387796401977,9,8,15,0,0,-7,-1,3,-8,-5,20,15,8,0,goodbye
28.429524183273315,9,5,-8,7,-4,-13,-11,-13,-9,7,31,12,12,-1,goodbye
28.429524183273315,7,10,14,5,9,-11,-19,-2,-18,4,24,12,0,0,goodbye
28.44463896751404,5,15,22,3,13,0,-9,1,-14,3,14,4,2,3,goodbye
28.44463896751404,9,13,-4,19,6,-3,-2,-13,-5,8,21,0,10,0,goodbye
28.46068000793457,6,5,-1,16,0,-5,-13,-10,-13,-3,15,6,-2,-7,goodbye
28.46068000793457,-9,1,1,-5,-4,3,-17,2,-29,-27,-12,-4,-27,-15,goodbye
28.475944995880127,-11,-1,-8,-3,0,3,-8,4,-32,-38,-30,-23,-35,-17,goodbye
28.475944995880127,1,0,-6,17,8,2,0,-4,-18,-24,-19,-14,-24,-15,goodbye
28.4915874004364,2,5,-4,24,11,12,5,-7,0,4,-2,-3,-4,-7,goodbye
28.4915874004364,-9,3,1,14,13,18,12,3,10,23,1,-8,8,4,goodbye
28.506776809692383,-15,-6,3,9,16,13,11,5,8,21,-1,-9,8,0,goodbye
28.506776809692383,-12,-12,-16,5,9,7,3,-4,0,2,-9,-16,-2,-10,goodbye
28.522881031036377,-13,-13,-15,-4,1,8,0,-3,-7,-16,-23,-22,-18,-4,goodbye
28.522881031036377,-17,-11,-3,0,1,12,9,3,3,-4,-25,-18,-18,0,goodbye
28.538546800613403,-13,-6,-5,13,2,13,16,5,21,18,-10,-7,0,0,sil
28.538546800613403,-5,-5,1,0,1,7,13,4,18,13,-1,0,5,8,sil
28.554656267166138,0,-10,-4,-11,-4,0,12,2,3,7,-8,-4,-1,10,sil
28.554656267166138,-3,-9,-4,-5,-13,-2,11,1,-1,11,-13,-6,-2,3,sil
28.57074809074402,-9,-7,4,-9,-10,2,13,0,0,3,-16,0,0,7,sil
28.57074809074402,1,-10,1,-17,-10,0,11,0,6,0,-15,6,0,19,sil
28.585915565490723,13,-12,8,-19,-20,-6,0,4,9,5,2,17,8,21,sil
28.585915565490723,9,-11,2,-26,-18,-5,-3,4,13,11,16,18,17,11,sil
28.60194993019104,10,0,-4,-19,-3,-10,-8,0,12,12,10,13,14,6,sil
28.60194993019104,19,15,17,3,-1,-20,-18,0,6,3,21,23,16,7,sil
28.6175434589386,20,11,10,-6,-7,-16,-16,0,6,-5,37,28,22,4,sil
28.6175434589386,14,-2,-2,-38,-6,-7,-12,-4,2,-16,18,19,11,0,sil
28.63366174697876,10,6,2,-17,-5,-9,-10,-8,-3,-17,7,10,5,-2,sil
28.63366174697876,14,28,6,27,0,-10,-5,-4,-4,-8,23,4,11,-7,sil
28.649154663085938,15,32,17,28,8,-2,-8,4,-7,-10,20,2,2,-8,sil
28.649154663085938,-1,16,2,10,2,-3,-17,0,-13,-19,3,-2,-10,-17,sil
28.66495132446289,-16,3,-16,7,2,-13,-18,-9,-23,-21,0,-11,-15,-29,sil
28.66495132446289,-5,11,2,14,16,-4,-9,-1,-26,-15,-5,-8,-17,-21,sil
28.68051552772522,5,20,13,29,16,12,0,1,-8,0,0,0,-13,-5,sil
28.68051552772522,0,12,0,33,9,17,1,-1,8,12,11,5,-2,0,sil
28.69656634330749,-3,1,-3,21,15,14,3,1,7,12,-2,0,0,5,sil
28.69656634330749,-7,-5,-1,9,16,17,6,3,0,12,-28,-13,-1,7,sil
28.71265411376953,-15,-14,-12,6,3,12,7,1,0,9,-35,-24,-9,0,sil
28.71265411376953,-24,-23,-17,-1,-2,0,8,0,0,-2,-38,-29,-18,-8,sil
28.727823972702023,-26,-25,-10,-15,3,4,15,-1,-10,-4,-31,-28,-17,-9,sil
28.727823972702023,-10,-15,-6,-7,5,19,26,1,-6,11,-3,-17,-4,4,sil
28.743609189987183,-3,-9,1,-1,-3,15,21,0,0,9,2,-4,0,8,sil
28.743609189987183,-17,-23,-5,-25,-18,0,7,-4,-7,-4,-20,-13,-7,-8,sil
28.75966191291809,-19,-29,-20,-35,-23,-4,12,-3,-1,2,-18,-24,0,-7,sil
28.75966191291809,-5,-18,-8,-20,-13,-3,11,1,16,13,5,-3,19,10,sil
28.774802923202515,0,-11,0,-18,-4,-3,0,5,25,18,15,17,23,13,sil
28.774802923202515,10,-7,1,-24,-6,-9,-8,3,27,18,15,17,13,12,sil
28.7905707359314,26,5,5,-10,-8,-15,-12,4,26,12,24,21,15,16,sil
28.7905707359314,36,20,14,10,-7,-16,-11,4,20,9,34,38,21,17,sil
28.80548095703125,39,29,27,15,-4,-13,-10,0,4,-3,31,40,10,11,sil
28.80548095703125,30,26,16,9,1,-13,-16,-2,-10,-22,20,28,-2,1,sil
28.82103943824768,11,17,6,4,9,-4,-13,1,-15,-22,18,24,-1,-7,sil
28.82103943824768,0,16,12,11,9,1,-3,0,-14,-16,13,9,-6,-9,sil
28.8365695476532,-6,14,3,22,8,0,-7,-4,-15,-25,-9,-17,-22,-13,sil
28.85284399986267,-8,9,0,20,15,7,-8,-3,-24,-27,-23,-18,-18,-12,sil
28.85284399986267,-6,7,-1,17,18,22,9,-1,-25,-13,-17,-7,-3,0,sil
28.85284399986267,-9,-2,-3,12,12,21,21,2,-5,4,-15,-9,-3,9,sil
28.86740231513977,-13,-13,-6,-1,3,13,26,5,19,27,-14,-8,0,5,sil
28.88312315940857,-11,-15,-20,-11,-3,3,25,0,26,33,-11,-17,5,-1,sil
28.88375687599182,-11,-11,-4,-15,-6,-5,4,0,18,10,-15,-26,0,0,sil
28.897942066192627,-5,-2,0,-12,-8,-8,-17,-2,9,-2,-9,-12,-3,0,sil
28.897942066192627,4,5,-18,-7,-12,-15,-28,-15,-11,-10,8,1,-1,-13,sil
28.91353130340576,5,8,0,-9,-10,-21,-31,-7,-32,-31,17,3,-7,-15,sil
28.91353130340576,2,8,12,-6,-6,-11,-19,5,-26,-25,13,6,-6,-7,sil
28.93055272102356,-1,7,0,0,-5,-4,-11,1,-20,-8,0,0,-7,-12,sil
28.93055272102356,-10,3,-1,3,-4,-1,-13,0,-17,0,-15,-13,-11,-14,sil
28.93055272102356,-6,0,4,13,-1,9,-1,1,-1,19,-7,-7,6,4,sil
28.945393323898315,8,-2,7,20,3,21,22,6,17,36,11,15,27,25,sil
28.96048402786255,5,-16,0,8,4,17,31,4,27,31,4,14,20,24,sil
28.96048402786255,-12,-31,0,-14,0,8,11,-1,16,12,-19,-6,3,9,sil
28.97663950920105,-10,-28,5,-19,-3,1,0,0,3,-1,-21,-6,0,3,sil
28.97663950920105,4,-17,-8,-4,-1,-7,5,0,19,2,-1,4,11,5,sil
28.991793632507324,7,-15,-18,-4,0,-13,0,-3,37,11,9,10,19,5,sil
28.991793632507324,10,-10,-4,-9,2,-7,-1,3,26,2,9,17,13,1,sil
29.00715208053589,9,0,4,-8,7,-3,5,1,-1,-18,4,14,-7,-12,sil
29.00715208053589,-2,12,-3,-7,7,-5,0,-9,-26,-33,4,0,-22,-26,sil
29.0229549407959,0,29,0,7,13,1,2,-1,-24,-25,12,0,-12,-15,sil
29.0229549407959,8,38,11,26,18,10,8,9,-9,-8,18,3,0,0,sil
29.03888773918152,5,25,7,24,6,6,0,4,-8,3,19,4,-1,6,sil
29.03888773918152,1,14,12,22,4,8,5,1,-7,15,18,10,0,14,sil
29.05391025543213,0,7,5,19,8,13,19,1,4,21,-1,-1,-4,12,sil
29.05391025543213,-7,-7,-12,-3,-7,8,11,-1,9,15,-20,-20,-15,0,sil
29.07255220413208,-5,-8,-3,-13,-17,8,5,-1,0,10,-3,-8,-7,0,sil
29.072927474975582,-2,0,1,-1,-9,4,6,4,2,7,0,-6,1,2,sil
29.08548641204834,-7,-10,-5,-11,-11,-11,-11,0,8,1,-21,-19,-11,1,sil
29.08548641204834,0,-8,-4,-23,-14,-16,-24,-7,9,0,-15,-6,-10,9,sil
29.1008574962616,7,4,-5,-18,-9,-13,-20,-7,2,-8,2,3,12,5,sil
29.1008574962616,-7,-2,-5,-20,-9,-24,-28,-6,-15,-23,-1,-3,15,-16,sil
29.116244554519653,-6,-5,-3,-10,-3,-28,-33,-9,-27,-30,-1,0,2,-17,sil
29.116244554519653,17,9,15,10,6,-14,-21,0,-19,-20,15,16,6,1,sil
29.1318953037262,18,12,23,14,8,0,-6,9,-9,-7,13,13,7,1,sil
29.1318953037262,-2,3,3,12,9,8,4,1,-16,-1,-14,-8,-10,-10,sil
29.14786434173584,-14,-7,0,9,6,15,17,2,-14,1,-22,-14,-14,-7,sil
29.14786434173584,-17,-22,-8,-5,-5,15,23,8,11,12,-7,-7,-2,0,sil
29.16290831565857,-15,-26,-20,-20,-9,6,14,-1,20,11,-14,-7,0,5,sil
29.16290831565857,0,-13,-5,-15,-6,-3,1,-4,11,4,-11,0,9,9,sil
29.17845344543457,13,0,2,0,-4,-5,-5,2,18,6,17,16,22,5,sil
29.17845344543457,12,14,2,13,6,1,-10,2,5,-9,10,14,0,-9,sil
29.193822622299194,10,21,9,23,17,9,-4,0,-24,-26,-10,0,-25,-14,sil
29.193822622299194,5,9,10,30,12,16,16,0,-14,0,0,-1,-15,0,sil
29.20918107032776,-11,-4,-1,10,5,23,34,0,24,34,6,-4,6,6,sil
29.20918107032776,-16,-9,-18,-14,0,14,32,3,39,39,0,-6,18,2,sil
29.224467754364014,2,-4,-5,-17,-5,-3,11,3,27,24,18,13,23,10,sil
29.224467754364014,16,6,9,-9,-8,-14,-7,-1,10,4,32,31,17,15,sil
29.24047946929932,5,10,0,-9,-2,-16,-19,-7,-6,-12,18,14,0,-1,sil
29.24047946929932,-13,0,-5,-6,1,-5,-20,-7,-18,-9,-1,-12,-16,-18,sil
29.2556631565094,-15,-16,-3,4,-1,15,-1,0,-9,7,-16,-21,-17,-5,sil
29.2556631565094,-1,-12,0,7,0,15,9,0,6,8,-13,-9,1,16,sil
29.2719669342041,10,4,-2,0,4,-8,-1,-1,9,0,9,6,19,13,sil
29.2719669342041,14,14,4,-6,-2,-23,-15,0,-6,-11,18,12,11,-3,sil
29.287951946258545,14,20,19,4,1,-14,-17,0,-24,-26,1,7,-6,-7,sil
29.287951946258545,8,26,8,35,20,3,0,0,-22,-19,-4,-3,-14,0,sil
29.30357980728149,-5,4,-1,29,10,11,19,3,-15,3,-9,-18,-15,-1,sil
29.30357980728149,-10,-22,-4,-6,-9,4,19,10,-2,12,-26,-25,-14,0,sil
29.319613695144653,0,-13,-12,-18,-4,-4,4,5,16,3,-18,-7,-1,9,sil
29.319613695144653,1,3,-4,-23,0,-12,-10,-1,12,-10,6,20,12,11,sil
29.3356671333313,-5,-4,-3,-28,-8,-14,-15,-5,0,-14,7,17,6,-3,sil
29.3356671333313,-7,0,0,-3,0,-1,-6,-5,-6,-10,2,-4,-11,-17,sil
29.35170269012451,-3,17,8,26,12,5,1,-2,-13,-10,7,-4,-16,-18,sil
29.35170269012451,-5,9,3,22,9,6,0,-2,-18,-9,0,-3,-10,-11,sil
29.36691117286682,-16,-12,-4,-1,-6,9,-4,-2,-6,0,-19,-21,-12,-3,sil
29.36691117286682,-13,-23,-8,-11,-20,7,9,3,14,16,-22,-22,-5,1,sil
29.382778882980347,4,-23,0,-16,-16,-2,15,4,28,23,-4,9,18,7,sil
29.382778882980347,19,-10,6,-21,-6,-9,-2,0,26,14,9,25,30,15,sil
29.398223400115967,18,4,0,-15,-10,-15,-22,0,10,0,6,11,16,11,sil
29.398223400115967,11,9,8,-8,-10,-16,-29,2,-11,-18,10,12,0,-2,sil
29.41415739059448,0,17,7,0,-1,-1,-21,-1,-25,-20,13,10,-7,-9,sil
29.41415739059448,-10,19,-11,16,6,16,0,-3,-25,-1,-6,-18,-13,-10,sil
29.42976546287537,-14,3,-4,29,7,20,12,0,-18,2,-21,-28,-15,-11,sil
29.42976546287537,-15,-8,0,20,3,19,18,0,-7,2,-12,-16,-10,-8,sil
29.445868968963623,-14,-5,-7,4,3,22,26,2,9,18,-9,-18,-3,4,sil
29.445868968963623,3,-2,-5,2,11,22,32,10,31,27,-2,-13,8,20,sil
29.46196794509888,18,-10,5,1,13,5,17,2,37,19,17,17,21,21,sil
29.46196794509888,8,-17,5,-11,3,-13,-5,-5,23,15,22,33,23,14,sil
29.477635860443115,6,-8,0,-20,-3,-18,-12,-1,9,7,12,21,22,13,sil
29.477635860443115,24,13,12,-7,0,-11,-4,-2,4,-6,15,24,21,7,sil
29.492774724960327,29,19,17,8,7,-12,0,-4,3,-7,26,34,15,0,sil
29.492774724960327,13,12,7,9,9,-16,-4,0,-2,-5,28,27,3,-1,sil
29.50831151008606,2,15,5,0,7,-14,-13,0,-20,-20,9,9,-8,-6,sil
29.50831151008606,-3,9,0,1,0,-8,-19,-4,-34,-31,-12,-10,-24,-17,sil
29.52376866340637,-13,-2,-8,1,-4,-5,-17,-3,-31,-27,-14,-19,-27,-18,sil
29.52376866340637,-18,0,-14,-2,-4,-1,-9,1,-14,-16,-13,-18,-16,-13,sil
29.53963780403137,-17,-1,-10,-5,-5,6,-2,0,0,-4,-25,-26,-15,-13,sil
29.53963780403137,-15,-13,-1,-1,-2,12,3,1,5,4,-21,-24,-15,-7,sil
29.55480146408081,-9,-5,-7,7,1,9,13,6,10,15,-2,-9,-3,3,sil
29.55480146408081,-6,9,0,15,2,7,13,2,4,16,0,-5,0,5,sil
29.57073426246643,-9,3,9,18,2,16,15,0,1,10,-1,-13,-4,0,sil
29.57073426246643,-9,-12,-1,5,-2,14,22,2,13,14,4,-15,-3,0,sil
29.586055994033813,-7,-15,-9,-11,-13,1,20,3,12,20,0,-9,0,5,sil
29.586055994033813,-5,-10,-11,-10,-10,0,11,-2,4,19,-12,-3,3,6,sil
29.60178518295288,-1,-10,-7,-7,0,5,6,-4,16,16,-8,3,10,9,sil
29.60178518295288,3,-9,-6,-12,-8,0,0,2,16,10,-3,2,12,10,sil
29.617472410202023,5,-5,-4,-15,-17,-18,-10,0,-9,-6,-11,0,8,4,sil
29.617472410202023,6,-5,5,-22,-4,-20,-20,-5,-17,-26,-10,7,7,3,sil
29.632534742355347,17,0,5,-18,6,-6,-16,2,2,-19,2,16,11,7,sil
29.632534742355347,25,14,12,0,7,-5,-15,3,7,-10,15,23,9,0,sil
29.647916316986084,16,14,11,1,0,-12,-23,-1,-13,-21,18,20,0,-9,sil
29.647916316986084,6,6,1,-8,-3,-6,-20,-1,-29,-28,13,12,-5,-8,sil
29.664517879486084,9,20,14,0,4,0,-8,0,-19,-16,12,17,-5,-7,sil
29.664517879486084,15,29,11,21,17,1,-1,-6,0,0,22,16,1,-4,sil
29.679620504379272,8,17,5,28,17,9,0,-5,0,5,23,0,2,1,sil
29.679620504379272,-6,9,15,26,12,12,3,5,-5,8,3,-9,-5,0,sil
29.69391942024231,-13,1,2,24,10,10,15,4,9,15,-13,-10,-11,0,sil
29.709492921829224,-12,-7,-10,12,0,7,13,-1,3,6,-19,-12,-11,0,sil
29.709492921829224,-14,-3,-5,6,-5,4,3,0,-19,-6,-28,-18,-19,-9,sil
29.72559642791748,-17,-8,-8,11,-2,2,3,0,-15,-3,-32,-27,-25,-18,sil
29.72559642791748,-17,-21,-16,0,-6,3,7,0,0,4,-18,-19,-13,-9,sil
29.72559642791748,-12,-21,-19,-18,-16,2,9,2,9,11,0,-3,5,2,sil
29.74268579483032,-1,-12,-4,-15,-12,3,10,6,24,19,4,-1,18,14,sil
29.74268579483032,6,-10,-5,-6,-2,3,9,1,39,25,6,-5,23,19,sil
29.75828528404236,7,-13,-8,-21,-2,-1,9,-2,37,25,15,9,27,22,sil
29.77263832092285,6,-10,3,-34,-1,-2,15,4,26,22,20,25,33,27,sil
29.77263832092285,5,-4,1,-20,1,-7,10,2,14,9,18,14,26,13,sil
29.787760734558105,4,0,3,-13,0,-16,-10,-6,-9,-13,14,12,7,-5,sil
29.787760734558105,9,8,15,-8,-4,-15,-19,-7,-19,-24,12,23,-5,-4,sil
29.802751064300537,9,21,12,11,1,-8,-18,-7,-10,-22,6,11,-10,-11,sil
29.802751064300537,4,20,4,17,10,-4,-21,-1,-10,-16,4,-1,-11,-21,sil
29.8178985118866,3,13,4,12,11,1,-12,3,-12,-3,8,3,-6,-10,sil
29.8178985118866,-1,11,6,16,5,3,-4,-2,-11,-7,5,0,-7,-6,sil
29.834006547927856,-8,10,0,18,1,3,-2,-1,-11,-16,-3,-15,-17,-17,sil
29.834006547927856,-6,9,-1,16,4,5,1,6,-14,-7,-12,-15,-23,-18,sil
29.84999632835388,-16,4,0,16,6,0,0,1,-24,-1,-26,-12,-28,-15,sil
29.84999632835388,-23,-12,-14,3,0,0,-4,-1,-18,-5,-35,-25,-24,-12,sil
29.86501622200012,-10,-18,-13,-5,0,9,1,5,1,4,-27,-27,-5,2,sil
29.86501622200012,0,-10,-3,3,4,16,15,6,1,14,-21,-13,0,13,sil
29.88059711456299,-2,-11,-2,6,0,13,19,-1,-5,4,-19,-1,-5,12,sil
29.88059711456299,0,-14,2,-14,-15,6,15,0,9,0,-8,0,3,19,sil
29.89653944969177,10,-9,0,-23,-19,-3,11,5,22,5,2,3,20,25,sil
29.89653944969177,19,-1,-2,-17,-13,-8,6,1,16,10,9,13,25,21,sil
29.911935329437256,21,0,0,-18,-12,-9,-2,0,19,8,23,22,25,17,sil
29.911935329437256,19,4,4,-16,-6,-13,-11,0,19,1,29,24,25,13,sil
29.927526712417603,15,12,11,-4,3,-9,-11,-3,0,-7,23,21,21,4,sil
29.927526712417603,5,13,1,2,4,-6,-6,-1,-6,-1,24,12,12,-2,sil
29.9428608417511,-2,8,-5,-2,3,-16,-14,1,0,-2,21,8,-2,-13,sil
29.9428608417511,-2,8,-3,0,9,-8,-22,-4,-8,-16,4,6,-13,-22,sil
29.9589638710022,-5,9,0,16,10,11,-12,-10,-21,-19,-5,-3,-15,-21,sil
29.9589638710022,-6,6,14,31,8,13,-3,-6,-27,-14,-5,-13,-22,-15,sil
29.974491834640503,0,8,14,27,12,5,1,0,-15,-6,0,-7,-19,-7,sil
29.974491834640503,0,9,2,12,13,10,10,3,0,4,9,4,0,5,sil
29.989616870880127,-12,-2,-2,2,4,14,9,1,-4,10,-5,-2,0,3,sil
29.989616870880127,-16,-19,-4,0,-4,9,5,0,0,10,-32,-26,-12,-10,sil
30.00564742088318,-13,-16,0,3,-4,10,15,2,28,24,-21,-21,-2,-4,sil
30.00564742088318,-8,-9,-3,2,0,8,22,5,36,39,6,0,13,8,sil
30.02089500427246,-2,-11,-8,-13,-3,-4,6,-2,17,30,7,3,15,6,sil
30.02089500427246,-6,-14,-7,-30,-7,-12,0,-3,8,4,-6,0,12,0,sil
30.036460638046265,-8,-15,-13,-24,-8,-12,1,0,5,-12,-11,-2,3,-2,sil
30.036460638046265,1,-7,0,-4,-5,-12,-10,-1,-1,-8,-5,0,-2,0,sil
30.05198383331299,11,9,10,6,1,-3,-14,-1,5,5,4,10,2,5,sil
30.05198383331299,9,8,-1,-1,5,0,0,1,18,5,8,11,7,6,sil
30.067589282989506,0,-6,-3,-13,-1,-6,0,3,5,-9,0,-2,-2,-1,sil
30.067589282989506,-6,-9,-4,-17,-12,-16,-15,0,-19,-21,-13,-13,-21,-13,sil
30.08362054824829,1,1,-6,-9,-9,-15,-10,-1,-28,-21,-12,-8,-22,-13,sil
30.08362054824829,16,15,-1,14,5,3,4,2,-15,-12,5,0,-10,0,sil
30.09877157211304,11,16,-2,24,11,18,9,3,-9,-6,16,4,-5,10,sil
30.09877157211304,-2,11,-4,17,8,14,6,2,-18,-13,9,2,-5,13,sil
30.114785194396973,-2,16,-2,37,16,15,8,0,-27,-16,4,-12,-6,14,sil
30.114785194396973,0,13,2,32,9,12,10,0,-22,-7,0,-13,0,9,sil
0.0410945415496826,11,3,5,-1,-7,0,7,3,2,8,1,11,21,8,sil
0.0410945415496826,15,5,7,-8,-12,-5,-1,-3,16,14,5,20,30,6,sil
0.0568268299102783,-3,-6,6,-29,-16,-6,-11,-9,8,-1,-5,10,13,0,sil
0.0568268299102783,0,-18,6,-33,-11,-6,-2,0,17,-2,-2,15,8,7,sil
0.0727522373199462,24,0,23,11,0,0,4,8,27,18,20,30,18,21,goodbye
0.0727522373199462,7,1,10,8,-4,-5,-2,0,11,14,12,17,8,0,goodbye
0.0882058143615722,-18,-11,-10,-19,0,-8,-7,-7,-8,-5,-15,-5,-11,-26,goodbye
0.0882058143615722,-7,0,1,-3,11,2,-2,-4,-9,-3,-8,-4,-9,-22,goodbye
0.1040256023406982,-2,3,3,-2,4,0,-4,-5,-5,0,9,-6,-4,-14,goodbye
0.1040256023406982,-22,-5,-7,-12,0,-3,-14,-3,-13,-7,-2,-25,-19,-20,goodbye
0.1191301345825195,-24,3,-8,17,8,9,-5,2,-7,-2,-16,-26,-22,-19,goodbye
0.1191301345825195,-8,3,-1,36,11,23,18,4,19,13,-11,-16,-8,0,goodbye
0.1347768306732177,-5,-17,5,11,8,23,28,8,30,29,-6,-12,0,13,goodbye
0.1347768306732177,-1,-19,-7,-11,4,10,20,4,25,36,-9,-5,7,18,goodbye
0.1498558521270752,8,-7,-11,-19,-3,-8,0,-10,10,11,-5,10,15,19,goodbye
0.1498558521270752,9,0,-2,-17,-10,-19,-20,-6,-13,-21,11,18,13,9,goodbye
0.1653578281402588,6,9,-3,-2,-2,-13,-20,5,-18,-17,26,17,11,-1,goodbye
0.1653578281402588,12,15,1,2,11,-6,-7,7,0,0,30,20,9,0,goodbye
0.1814346313476562,8,6,0,-9,4,-16,-12,1,7,-5,17,9,1,0,goodbye
0.1814346313476562,0,2,-5,-14,-14,-20,-23,-3,-9,-25,-4,-7,-8,-13,goodbye
0.1969726085662841,0,5,-2,-1,-13,-6,-10,-2,-13,-20,-10,-5,-15,-18,goodbye
0.1969726085662841,1,3,1,4,-1,1,2,3,-5,3,-4,-1,-9,-3,goodbye
0.2123887538909912,-5,-1,0,2,0,-1,0,1,-6,4,-7,-9,-3,3,goodbye
0.2123887538909912,-11,-8,-6,8,3,3,3,-2,-6,-7,-11,-15,-7,-6,goodbye
0.2280085086822509,-12,-5,-2,12,6,13,15,0,-9,-6,-11,-14,-10,-6,goodbye
0.2280085086822509,-5,2,2,8,2,18,20,2,-14,0,-11,-16,-2,6,goodbye
0.2431282997131347,1,0,0,8,-1,19,23,0,-6,6,-10,-13,0,5,goodbye
0.2431282997131347,0,-4,5,0,-8,10,15,0,-5,0,-21,-6,-5,-2,goodbye
0.2591257095336914,-1,-5,-2,-10,-9,1,7,1,-6,0,-23,-10,-3,5,goodbye
0.2591257095336914,-2,-14,-9,-7,0,9,19,3,20,25,0,-10,12,18,goodbye
0.2742507457733154,-8,-15,1,-5,5,4,22,5,34,25,-6,-6,9,4,goodbye
0.2742507457733154,-3,0,-5,-10,-1,-14,-3,1,18,-7,-26,-7,-10,-15,goodbye
0.2897577285766601,14,9,1,-6,-2,-18,-22,0,20,-14,11,16,1,-1,goodbye
0.2901339530944824,24,12,17,2,0,-17,-17,0,25,-2,54,46,26,22,goodbye
0.3052434921264648,20,17,17,0,-9,-27,-20,-4,0,-7,52,48,20,16,goodbye
0.3052434921264648,12,16,18,3,-10,-19,-21,-9,-18,-12,46,37,4,1,goodbye
0.3207449913024902,-1,5,10,18,5,4,-8,-4,-14,-5,23,18,-4,-2,goodbye
0.3207449913024902,-1,9,12,27,14,10,-9,-1,-19,-2,-5,8,-10,-6,goodbye
0.3368091583251953,18,25,24,28,12,3,-17,-5,-26,0,9,24,-1,-3,goodbye
0.3368091583251953,18,14,18,19,10,12,-8,-4,-21,0,22,23,6,4,goodbye
0.352041482925415,-4,-2,3,15,10,28,2,5,-18,-1,-6,-1,0,3,goodbye
0.352041482925415,-6,0,0,27,11,28,11,3,-16,0,-22,-18,-8,-1,goodbye
0.368072509765625,-4,-7,-4,13,8,16,14,-1,-6,-3,-23,-25,-8,-4,goodbye
0.368072509765625,-13,-24,-25,-15,0,5,13,7,11,3,-28,-33,-2,-3,goodbye
0.3840692043304443,-15,-20,-28,-18,-7,-2,11,10,25,29,-20,-28,8,1,goodbye
0.3840692043304443,-16,-19,-17,-22,-12,-5,15,0,24,25,-15,-21,3,4,goodbye
0.3991715908050537,-23,-29,-36,-40,-8,0,25,-3,29,2,-24,-31,-10,-4,goodbye
0.3991715908050537,-12,-22,-38,-43,-1,-3,16,2,37,0,-25,-28,-8,-10,goodbye
0.4152390956878662,0,-4,-17,-36,-4,-15,-2,2,25,3,-17,-11,4,-5,goodbye
0.4152390956878662,-14,-5,-25,-45,-15,-19,-9,-6,6,-4,-19,-14,8,-12,goodbye
0.4302136898040771,-23,-16,-24,-60,-18,-16,-15,-4,0,-7,-10,-13,8,-18,goodbye
0.4302136898040771,1,-7,0,-38,-10,-17,-26,3,2,2,20,6,11,0,goodbye
0.4471180438995361,18,12,21,0,-2,-23,-26,1,-7,0,31,23,7,10,goodbye
0.4471180438995361,6,22,22,16,0,-21,-23,0,-24,-11,19,17,-5,-7,goodbye
0.4619109630584717,0,27,16,21,5,-10,-21,-1,-26,-20,21,2,-17,-18,goodbye
0.4619109630584717,10,32,29,36,15,3,-13,-6,-29,-29,24,6,-20,-10,goodbye
0.4779655933380127,18,27,37,51,15,13,0,-3,-35,-19,18,22,-12,2,goodbye
0.4779655933380127,15,16,33,56,13,14,14,0,-28,-2,21,26,-2,15,goodbye
0.4935600757598877,12,11,19,44,15,17,22,1,-10,0,15,11,-3,14,goodbye
0.4935600757598877,9,4,7,28,5,26,22,4,0,7,-2,1,-11,4,goodbye
0.5081329345703125,4,-3,9,27,1,25,19,3,3,12,-12,6,-8,2,goodbye
0.5081329345703125,5,-8,3,30,6,15,19,0,11,8,-14,5,3,15,goodbye
0.523961067199707,4,-14,-4,13,0,9,14,1,15,12,-16,-1,10,19,goodbye
0.523961067199707,-10,-14,-8,0,-9,6,12,0,9,13,-18,-8,4,6,goodbye
0.5411262512207031,-19,-9,-12,-2,-12,3,14,-1,5,0,-19,-12,1,1,goodbye
0.5411262512207031,-8,-9,-5,-11,-16,-4,0,0,3,-5,-13,-2,10,6,goodbye
0.5546259880065918,4,-7,-8,-17,-10,-7,-7,3,9,3,-2,5,17,4,goodbye
0.569849967956543,5,0,-17,-16,5,4,2,0,24,9,2,0,12,2,goodbye
0.569849967956543,-1,-4,-18,-24,7,2,1,-2,25,5,4,-3,5,1,goodbye
0.5868270397186279,-6,-11,-15,-33,-2,-19,-17,-1,5,0,1,-2,1,-7,goodbye
0.5868270397186279,0,-5,-3,-30,-8,-23,-26,-2,0,-3,3,0,6,-8,goodbye
0.5868270397186279,6,0,-4,-21,-6,-12,-12,-1,12,-4,9,3,11,-3,goodbye
0.6009140014648438,-2,-4,-4,-23,-2,-12,-1,0,7,-1,10,0,6,-8,goodbye
0.616356372833252,-13,-6,3,-27,-1,-12,-7,0,-3,0,0,-1,-2,-9,goodbye
0.616356372833252,-8,0,-5,-11,-4,-7,-17,0,-1,5,-8,-5,-7,-6,goodbye
0.6324212551116943,0,10,0,1,2,-4,-22,-2,-7,0,0,0,-6,-6,goodbye
0.6324212551116943,11,8,15,0,11,-3,-18,-2,-12,-4,19,14,-4,0,goodbye
0.6480295658111572,14,3,15,2,3,-5,-7,-1,-7,-1,12,14,-8,4,goodbye
0.6480295658111572,3,11,9,19,1,-1,1,2,-13,0,-5,1,-12,3,goodbye
0.6629905700683594,1,16,5,30,7,9,1,-2,-13,-2,0,-4,-6,2,goodbye
0.6629905700683594,3,9,12,25,5,11,0,-2,-4,-7,14,0,4,2,goodbye
0.68068528175354,-4,10,2,15,3,2,12,9,-4,-6,14,0,8,0,goodbye
0.68068528175354,-14,4,-17,7,0,2,22,6,-10,-5,1,-13,0,-8,goodbye
0.6939620971679688,-17,-9,-5,2,-6,0,11,-3,-16,-9,-17,-23,-11,-17,goodbye
0.6939620971679688,-8,0,2,15,0,2,11,-2,-18,0,-16,-18,-10,-14,goodbye
0.7098400592803955,8,12,2,22,16,17,19,0,-16,10,2,-3,-2,2,goodbye
0.7098400592803955,4,-1,-1,0,10,25,7,-1,-10,0,-3,-5,-6,8,goodbye
0.7252035140991211,-13,-13,-11,-12,0,15,0,0,0,-9,-26,-18,-14,-2,goodbye
0.7252035140991211,-15,-12,-7,-4,0,6,12,1,11,-4,-24,-11,-10,-2,goodbye
0.7411036491394043,-1,-20,-5,-7,-1,9,22,1,21,4,-12,0,-1,9,goodbye
0.7411036491394043,5,-21,-5,-20,-7,9,18,2,28,10,-12,1,0,13,goodbye
0.7561166286468506,6,-9,2,-15,-7,0,12,8,30,16,-11,4,6,12,goodbye
0.7561166286468506,3,-4,6,-2,-5,-16,-1,3,28,18,4,11,21,20,goodbye
0.7722005844116211,10,-2,7,-6,-4,-23,-18,0,27,13,20,22,32,22,goodbye
0.7722005844116211,20,4,2,-9,-13,-21,-19,3,29,10,21,29,26,11,goodbye
0.788219690322876,18,15,6,3,-10,-16,-16,-2,15,0,19,25,13,-1,goodbye
0.788219690322876,11,22,10,9,6,-8,-18,-13,-15,-14,25,18,7,-9,goodbye
0.8040890693664551,2,19,3,2,7,-3,-18,-8,-37,-17,20,8,0,-20,goodbye
0.8040890693664551,-13,12,-2,6,0,0,-20,-2,-40,-18,1,-4,-21,-28,goodbye
0.8188562393188477,-10,13,-3,27,2,7,-15,-2,-28,-10,0,-7,-19,-14,goodbye
0.8188562393188477,-4,6,-3,24,6,14,2,1,-17,13,4,-3,3,8,goodbye
0.8349335193634033,-20,-13,-5,0,6,12,16,8,-11,15,-11,-15,2,6,goodbye
0.8349335193634033,-23,-23,-13,-11,0,4,16,2,2,-3,-32,-30,-14,-5,goodbye
0.8503546714782715,-7,-20,-8,-18,-12,-5,7,-1,15,-3,-25,-20,-10,-1,goodbye
0.8503546714782715,2,-16,-8,-23,-10,-14,-5,0,11,-3,-10,-4,-1,0,goodbye
0.8659811019897461,11,-4,0,-19,0,-18,-19,0,0,-20,3,7,0,-4,goodbye
0.8659811019897461,19,10,14,-14,-2,-12,-26,-3,-8,-18,17,21,0,1,goodbye
0.8810524940490723,7,9,4,-10,-2,-1,-18,-1,-13,-6,13,8,-2,2,goodbye
0.8810524940490723,-5,6,1,0,8,10,3,1,-7,-7,0,-10,-12,-1,goodbye
2.981269836425781,2,-13,0,-17,-7,-1,7,-3,21,16,-4,-1,-10,12,sil
2.981269836425781,24,-6,10,-24,-11,-13,-4,-6,14,8,12,13,-4,11,sil
2.9967808723449707,41,15,21,-6,0,-22,-17,-1,0,-16,29,36,-3,19,sil
2.9967808723449707,40,35,23,19,8,-13,-10,1,-11,-19,35,39,-8,23,sil
3.0128190517425537,22,30,14,21,2,-3,-11,-1,-19,-8,24,21,-15,14,sil
3.0128190517425537,7,8,4,19,-1,-2,-15,0,-16,0,5,0,-13,12,sil
3.030888557434082,5,-2,13,28,2,5,0,2,-6,13,-9,-4,-4,17,sil
3.030888557434082,6,1,9,23,8,20,19,1,7,24,-14,-2,1,10,sil
3.030888557434082,-6,-8,-9,-9,1,13,15,-1,14,13,-16,-9,2,-7,sil
3.0442700386047363,-30,-32,-23,-47,-16,-8,-1,-3,2,-16,-28,-18,-4,-30,sil
3.059814691543579,-37,-29,-33,-53,-25,-20,-14,-4,-7,-35,-38,-23,-14,-43,sil
3.060268878936768,-23,-2,-17,-31,-12,-14,-17,0,-1,-29,-18,-11,-5,-36,sil
3.0757806301116943,-6,10,-1,-1,4,2,-2,6,5,-9,12,10,16,-18,sil
3.0757806301116943,-8,8,0,15,15,14,13,3,-7,-3,15,8,16,-14,sil
3.091146469116211,-16,4,-3,14,20,12,13,0,-27,-14,-9,-14,-4,-16,sil
3.091146469116211,-14,0,-10,12,12,12,15,-4,-22,-15,-28,-33,-12,-11,sil
3.1069324016571045,-18,-10,-7,3,-2,14,20,-3,-17,-10,-28,-27,-4,-4,sil
3.1069324016571045,-10,-12,-5,0,-1,6,17,4,-7,3,-10,-9,6,5,sil
3.123047113418579,20,4,3,12,8,4,12,9,26,29,12,3,29,32,sil
3.123047113418579,39,11,26,16,0,0,0,6,43,36,25,17,39,46,sil
3.1382174491882324,40,5,23,8,-13,-18,-18,-1,23,18,31,36,34,32,sil
3.1382174491882324,41,11,14,6,-8,-24,-32,-7,7,3,40,44,34,22,sil
3.1539268493652344,27,19,18,5,1,-12,-24,-2,0,3,38,32,28,17,sil
3.1539268493652344,0,11,5,0,1,-7,-13,-2,-13,0,12,8,-5,-3,sil
3.169069290161133,-20,-5,-10,-7,0,3,-7,-3,-19,-12,-13,-14,-33,-20,sil
3.169069290161133,-29,-20,-23,-14,-5,20,6,-1,-7,-1,-24,-31,-24,-12,sil
3.1849968433380127,-23,-24,-16,-16,-12,17,21,-3,4,15,-23,-22,-9,1,sil
3.1849968433380127,-10,-17,-7,-19,-11,3,9,0,11,6,-15,-8,-10,2,sil
3.20029878616333,-11,-19,-20,-28,-9,-10,-8,1,9,-5,-5,-9,-12,-9,sil
3.20029878616333,-11,-12,-13,-30,-12,-26,-9,0,-4,-10,1,0,-9,-18,sil
3.2161619663238525,4,10,1,-8,-2,-22,-2,-1,-16,-22,7,8,-12,-18,sil
3.2161619663238525,12,22,11,19,14,0,-2,0,-16,-22,11,1,-13,-21,sil
3.231973648071289,7,23,23,39,21,13,5,2,-6,4,13,3,-7,-7,sil
3.231973648071289,8,25,26,51,24,12,18,2,0,24,15,17,-3,21,sil
3.247405529022217,9,18,19,41,27,9,5,1,-8,10,10,14,0,25,sil
3.247405529022217,1,7,1,16,10,7,-13,1,-10,1,-7,-1,3,4,sil
3.262728452682495,1,0,-2,6,-2,6,-7,-1,5,12,-13,-2,10,3,sil
3.262728452682495,5,-5,1,4,2,4,10,0,23,19,0,0,20,16,sil
3.278849601745605,0,-13,-4,-15,-3,-3,15,10,32,12,0,-6,19,16,sil
3.278849601745605,-3,-21,-11,-43,-14,-9,13,8,30,3,-6,-3,8,4,sil
3.2941365242004395,-8,-28,-25,-49,-14,-10,4,-2,16,-9,-8,0,0,-17,sil
3.2941365242004395,-18,-24,-26,-42,-14,-17,-16,-2,-8,-34,-10,-9,-11,-33,sil
3.309030532836914,-15,0,-3,-22,-7,-12,-17,0,-21,-35,-7,-10,-17,-23,sil
3.309030532836914,0,15,5,8,0,8,4,0,-12,-14,-2,-3,-10,-11,sil
3.3245339393615723,0,9,10,20,0,28,16,0,-3,-9,-15,-4,-14,-10,sil
3.3245339393615723,0,2,6,18,0,33,19,5,0,-1,-25,-12,-18,0,sil
3.340153694152832,0,0,-4,13,-1,18,16,-1,1,10,-23,-22,-9,13,sil
3.340153694152832,-2,-10,-2,-3,-12,-5,-3,-10,-2,5,-16,-18,-2,14,sil
3.3557960987091064,18,-3,10,0,-6,-13,-17,-7,-5,10,16,19,14,25,sil
3.3557960987091064,48,25,27,24,11,-12,-23,-5,-18,16,57,56,42,31,sil
3.371220111846924,34,34,19,26,16,-23,-38,-10,-35,0,49,39,34,8,sil
3.371220111846924,-5,18,1,12,12,-22,-37,-9,-28,-8,17,6,4,-10,sil
3.3870975971221924,-19,0,0,8,11,0,-7,3,-7,0,2,-1,0,-10,sil
3.3870975971221924,-21,-18,-12,-2,0,8,14,7,8,6,-12,-13,-2,-14,sil
3.402728796005249,-38,-31,-22,-20,-13,4,16,2,26,13,-18,-26,-11,-15,sil
3.402728796005249,-37,-23,-21,-17,-7,5,26,7,46,24,-1,-16,0,-2,sil
3.419254302978516,-7,-6,-15,-15,0,2,30,10,37,13,2,3,9,0,sil
3.419254302978516,11,7,0,-21,-1,-6,3,3,0,-19,-2,16,-3,-4,sil
3.434810876846313,9,13,3,-7,-6,-8,-12,-6,-33,-35,-3,4,-20,-9,sil
3.434810876846313,1,2,1,11,-3,0,0,-5,-42,-27,-20,-21,-35,-13,sil
3.450212955474853,3,-3,9,20,2,17,15,3,-15,-7,-31,-22,-32,-2,sil
3.450212955474853,15,3,11,17,5,22,17,9,32,25,-5,0,4,22,sil
3.4657232761383057,22,2,12,-4,-6,1,0,6,48,33,12,20,27,29,sil
3.4657232761383057,22,-5,4,-18,-15,-22,-24,-2,20,2,12,23,15,12,sil
3.481173515319824,18,6,0,-5,0,-21,-32,-7,-7,-16,24,18,9,-3,sil
3.481173515319824,4,19,-2,3,16,0,-16,2,-16,-1,26,2,9,-8,sil
3.4968101978302,-10,8,-5,14,16,21,6,7,-7,11,5,-15,-1,-5,sil
3.4968101978302,-15,-3,-4,22,14,23,20,1,7,11,-4,-13,-1,0,sil
3.512549877166748,-15,-8,-8,3,7,2,15,-3,13,11,-4,-8,8,3,sil
3.512549877166748,-14,-14,-8,-26,-5,-13,1,-8,0,4,-7,-6,10,-1,sil
3.528153657913208,-6,-11,-4,-25,-11,-12,-6,-4,-16,-12,0,2,9,-5,sil
3.528153657913208,0,1,-3,-8,-8,-10,-11,-3,-26,-27,3,0,-2,-5,sil
3.543856620788574,-7,2,3,-11,-9,-9,-12,-6,-38,-33,-10,-12,-19,-12,sil
3.543856620788574,-12,-4,0,-6,-14,5,3,1,-25,-9,-22,-14,-15,-9,sil
3.559804916381836,-8,-5,-1,12,-7,15,23,11,7,26,-18,-12,-5,11,sil
3.559804916381836,7,-5,9,16,3,7,27,7,26,34,-7,0,-2,21,sil
3.5750300884246826,31,-4,15,11,4,0,12,0,37,20,11,29,13,19,sil
3.5750300884246826,36,8,20,5,2,-12,-19,0,29,4,21,46,23,16,sil
3.590761661529541,21,24,12,5,8,-26,-35,-1,0,-8,16,28,6,2,sil
3.590761661529541,11,26,8,18,16,-7,-17,-4,-15,-8,16,14,-1,-7,sil
3.6071810722351074,2,20,7,24,16,15,-2,-3,-7,-5,15,12,0,-7,sil
3.6071810722351074,-16,9,-13,13,10,11,-3,-6,-5,-13,1,-7,-14,-19,sil
3.621883869171143,-37,-5,-20,0,6,8,0,-6,-12,-18,-17,-32,-32,-27,sil
3.621883869171143,-41,-14,-17,-5,-1,14,11,0,-8,-9,-27,-37,-28,-22,sil
3.637099027633667,-30,-13,-19,-7,-10,12,19,0,0,-1,-26,-32,-17,-22,sil
3.637099027633667,-21,-22,-15,-17,-8,14,25,2,2,-1,-25,-29,-12,-18,sil
3.652365207672119,-13,-31,-14,-26,-5,10,24,9,9,2,-22,-26,-5,0,sil
3.667948722839356,2,-23,-2,-29,-9,-7,12,8,14,8,-9,-10,7,16,sil
3.667948722839356,17,-12,3,-23,-11,-14,0,3,7,1,-1,0,15,22,sil
3.683682680130005,18,-9,-2,-16,-12,-15,-12,0,0,-6,0,7,19,18,sil
3.683682680130005,22,0,8,-7,-9,-23,-22,-1,2,3,19,26,32,20,sil
3.698812484741211,39,19,26,11,-2,-20,-16,0,16,20,40,44,45,34,sil
3.698812484741211,42,32,32,26,4,-6,-10,2,10,14,46,48,44,35,sil
3.698812484741211,19,30,14,19,0,-10,-23,4,-15,1,39,36,25,9,sil
3.713943958282471,0,14,0,4,-5,-16,-33,-5,-30,-1,18,15,-1,-15,sil
3.7290639877319336,-5,4,0,1,0,-6,-21,-7,-24,-9,3,2,-16,-20,sil
3.7290639877319336,-10,1,-6,3,6,5,-4,0,-14,-8,2,-7,-15,-18,sil
3.744757890701294,-16,0,-7,0,10,11,-2,2,-14,-3,-3,-20,-24,-25,sil
3.744757890701294,-14,1,-2,11,14,16,0,0,-14,-5,-15,-23,-32,-25,sil
3.760888338088989,-17,0,-8,18,11,20,16,0,-6,-3,-18,-23,-23,-9,sil
3.760888338088989,-25,-7,-10,2,6,24,34,0,2,3,-26,-27,-20,0,sil
3.7763571739196777,-21,-15,-14,-1,7,26,38,0,15,7,-32,-31,-26,0,sil
3.7763571739196777,-13,-11,-11,5,10,20,31,-2,21,7,-29,-26,-27,1,sil
3.791731834411621,-6,-1,2,3,9,13,27,1,21,8,-21,-8,-18,10,sil
3.791731834411621,10,-2,6,3,0,1,15,3,26,10,-5,11,5,15,sil
3.8077454566955566,19,-11,9,-4,-8,-11,0,0,28,6,3,21,28,16,sil
3.8077454566955566,14,-6,3,-18,-7,-11,4,-1,26,3,6,21,32,17,sil
3.822839736938477,17,2,0,-16,-5,-11,4,0,19,2,15,24,34,13,sil
3.822839736938477,18,6,2,-8,-12,-21,-14,0,1,-3,15,21,30,4,sil
3.8389697074890137,6,5,0,-9,-13,-19,-18,-3,-9,-10,7,11,9,-1,sil
3.8389697074890137,-2,0,-2,-18,-12,-14,-17,0,-3,-12,16,12,2,-4,sil
3.8545072078704834,-4,0,-3,-13,-16,-19,-29,2,-4,-11,24,11,3,-12,sil
3.8545072078704834,-4,10,3,6,-5,-9,-28,-5,-21,-9,8,0,-9,-16,sil
3.869849920272827,-1,10,10,18,13,7,-15,-8,-34,-12,-3,-6,-15,-13,sil
3.869849920272827,-2,0,3,9,11,7,-11,-3,-30,-15,-1,-11,-13,-14,sil
3.885185718536377,-6,-3,5,5,5,4,-6,2,-18,-11,-5,-21,-18,-12,sil
3.885185718536377,-4,-5,0,12,4,11,7,4,-13,0,-21,-32,-18,-6,sil
3.901257038116455,-3,-17,-8,1,-1,7,12,0,-18,12,-30,-35,-13,0,sil
3.901257038116455,-7,-23,-2,-12,-1,0,6,-1,-11,24,-22,-19,-4,6,sil
3.9171102046966553,0,-11,1,-3,0,1,0,0,6,20,-1,0,17,19,sil
3.9171102046966553,18,13,1,2,-4,-4,-9,1,8,-1,21,23,31,22,sil
3.932278633117676,24,27,2,0,0,-11,-8,3,9,-7,36,40,26,16,sil
3.932278633117676,10,21,4,3,15,-1,0,1,8,0,27,34,17,8,sil
3.947824716567993,-3,14,4,8,9,6,1,0,2,-5,9,14,3,-3,sil
3.947824716567993,-7,15,-4,14,4,6,16,4,13,-1,2,0,-12,-12,sil
3.963261365890503,-14,8,-1,15,13,15,29,5,16,8,-3,-8,-21,-15,sil
3.963261365890503,-23,-8,-9,8,6,21,20,1,0,6,-14,-22,-21,-22,sil
3.978884935379028,-22,-21,-15,-1,-11,12,11,-2,0,5,-15,-28,-14,-20,sil
3.978884935379028,-16,-17,4,-2,-10,9,18,0,15,13,-14,-17,-12,-3,sil
3.994025707244873,-6,-12,3,0,1,11,26,0,25,17,-18,-11,-11,8,sil
3.994025707244873,0,-13,-6,-3,2,0,16,1,23,12,-10,-2,4,11,sil
4.009903192520142,3,-16,-10,-12,-11,-16,0,4,20,3,1,13,17,18,sil
4.010410308837891,6,-16,-12,-23,-21,-24,-11,0,9,-11,0,11,11,16,sil
4.0321738719940186,14,-7,0,-31,-14,-23,-23,-7,-5,-19,-3,8,7,10,sil
4.0321738719940186,22,7,2,-19,-5,-21,-34,-5,-9,-14,11,17,13,11,sil
4.0321738719940186,16,12,-3,-10,-5,-21,-38,-5,-17,-16,19,16,7,2,sil
4.0412209033966064,10,10,1,-7,0,-9,-29,-4,-25,-14,16,11,3,-4,sil
4.056197881698608,16,16,12,3,13,1,-19,-1,-16,0,23,18,11,3,sil
4.056197881698608,5,14,11,0,5,-6,-21,0,-15,-3,15,7,3,-3,sil
4.072126388549805,-19,0,-1,-12,-7,-10,-16,-1,-26,-15,-8,-20,-13,-24,sil
4.072126388549805,-13,3,3,0,1,9,4,3,-20,-12,-11,-17,-10,-16,sil
4.0868096351623535,8,20,14,23,15,22,19,8,-4,0,4,0,0,1,sil
4.0868096351623535,4,20,10,31,11,23,19,0,-3,5,3,-6,-3,2,sil
4.102875471115112,-7,5,9,28,16,28,22,-3,-15,0,-20,-18,-20,-11,sil
4.102875471115112,-11,-5,0,26,15,27,26,3,-13,-3,-41,-27,-33,-26,sil
4.118780136108398,-13,-10,-5,16,0,15,21,4,1,7,-31,-26,-29,-19,sil
4.118780136108398,-7,-8,3,5,-5,8,24,5,20,27,-5,-6,-6,7,sil
4.13410210609436,2,-11,1,4,0,2,24,4,32,39,5,11,12,22,sil
4.13410210609436,1,-17,1,4,-6,-7,0,0,31,33,2,15,19,21,sil
4.150509357452393,0,-12,-4,0,-8,-12,-9,0,32,24,5,10,27,21,sil
4.150509357452393,5,-12,-7,-11,-4,-12,-4,0,30,18,15,12,33,18,sil
4.16510820388794,4,-16,-2,-21,-7,-15,-13,-1,12,-3,16,16,20,11,sil
4.16510820388794,6,0,-4,-9,-4,-15,-18,-6,-1,-27,12,11,4,6,sil
4.180753469467163,9,19,1,0,1,-6,-9,-4,-3,-25,19,16,4,7,sil
4.180753469467163,14,10,6,0,0,-2,0,-2,-2,-9,27,27,6,5,sil
4.195774555206299,15,1,1,0,-1,-7,0,0,-8,-16,14,16,-6,-8,sil
4.212801218032837,0,4,-4,-4,-5,-11,-6,1,-16,-30,-4,0,-19,-21,sil
4.212801218032837,-16,4,-14,-7,-9,-11,-12,0,-16,-21,-9,-6,-18,-18,sil
4.212801218032837,-9,6,-6,-7,-2,-8,-10,-5,-10,-7,-4,-10,-11,-13,sil
4.227859258651733,-3,8,1,-3,0,-1,-3,0,-5,-3,0,-12,0,-14,sil
4.227859258651733,-10,2,-1,-2,0,0,-7,1,-9,0,2,-10,5,-15,sil
4.244784116744995,-12,3,-1,-9,11,0,-12,-1,-12,0,1,-10,4,-7,sil
4.260026931762695,-14,3,-8,-8,12,7,0,-1,-2,7,-9,-19,1,4,sil
4.260026931762695,-22,-12,-17,-4,0,16,17,1,-1,16,-31,-30,-3,4,sil
4.260026931762695,-15,-19,-16,-11,3,21,14,0,-10,10,-37,-38,-14,-5,sil
4.274122476577759,0,-14,-11,-27,4,15,10,-4,-3,9,-20,-30,-8,-2,goodbye
4.274122476577759,3,-22,-8,-33,-9,4,13,2,18,22,-5,-9,12,11,goodbye
4.28982400894165,11,-18,0,-18,-8,0,3,10,29,23,0,5,22,19,goodbye
4.28982400894165,22,3,17,-4,0,-7,-12,0,15,4,10,20,15,18,goodbye
4.305091619491577,15,12,14,-1,-6,-14,-16,-4,-9,-15,17,28,6,7,goodbye
4.320532560348511,1,13,6,12,-4,-8,-13,2,-25,-33,7,22,-9,-7,goodbye
4.320532560348511,6,21,22,34,15,-1,-9,3,-27,-37,10,20,-27,-11,goodbye
4.336095094680786,16,29,29,47,19,8,3,4,-12,-11,22,22,-30,0,goodbye
4.336095094680786,8,30,29,61,11,25,16,10,3,11,10,13,-27,5,goodbye
4.3512938022613525,1,11,17,61,14,26,23,3,4,11,-5,3,-22,1,goodbye
4.3512938022613525,0,-13,5,33,3,12,23,-9,6,9,-6,1,-7,0,goodbye
4.366973400115967,-11,-17,2,9,-15,5,12,-4,16,18,-15,-9,4,-5,goodbye
4.366973400115967,-13,-14,-11,5,-15,1,0,-1,15,20,-18,-19,10,-11,goodbye
4.382110357284546,0,-15,-9,-4,-6,-5,0,-4,5,4,2,0,21,0,goodbye
4.382110357284546,-1,-10,-7,-25,-14,-10,1,-3,6,-2,15,9,29,12,goodbye
4.397790908813477,-3,-7,-20,-28,-12,-14,-2,-2,11,7,5,-4,26,8,goodbye
4.397790908813477,10,0,-6,-11,4,-17,-13,-2,5,6,4,-1,27,10,goodbye
4.412933588027954,11,8,-1,-10,1,-16,-15,-1,0,-4,8,9,26,15,goodbye
4.412933588027954,-5,-1,-16,-39,-13,-13,-3,-1,1,-6,2,2,10,6,goodbye
4.429046154022217,-10,-13,-18,-47,-6,-5,4,3,14,0,3,-2,0,0,goodbye
4.429046154022217,-1,-9,-14,-21,6,-2,-10,6,22,1,6,-2,0,-6,goodbye
4.444836378097534,0,-4,1,-12,0,-9,-33,0,2,-8,-1,0,-13,-19,goodbye
4.444836378097534,2,3,6,-7,-4,-13,-18,-6,-12,-7,3,1,-21,-17,goodbye
4.460028409957886,7,13,5,1,5,-7,1,-2,-14,-3,15,3,-11,-3,goodbye
4.460028409957886,3,12,4,-2,8,0,0,3,-18,-12,0,0,-3,0,goodbye
4.475485563278198,0,9,-6,-5,2,2,7,1,-15,-10,-10,-2,-2,-1,goodbye
4.475485563278198,0,8,0,1,10,6,16,1,-7,-2,-1,-2,-5,-2,goodbye
4.491126775741577,-7,4,9,4,11,6,2,6,-6,-6,-9,-9,-21,-9,goodbye
4.491126775741577,-12,1,2,11,0,4,-5,1,-8,-9,-28,-17,-29,-14,goodbye
4.507220029830933,-2,1,2,22,1,12,5,-4,-6,0,-15,-5,-3,0,goodbye
4.507220029830933,12,2,6,24,8,22,9,-4,-1,13,10,11,20,22,goodbye
4.522769451141357,8,2,7,19,5,14,-2,-1,-8,9,8,7,8,15,goodbye
4.522769451141357,-7,0,0,16,-2,6,-1,-1,-17,-7,-13,-5,-13,-9,goodbye
4.5387959480285645,-17,-8,-5,6,-9,11,12,-1,-13,-12,-15,-8,-11,-15,goodbye
4.5387959480285645,-14,-11,-10,-6,-11,11,17,0,1,-6,0,-3,-2,-4,goodbye
4.554099082946777,-9,-9,-14,-9,-8,1,10,1,17,0,1,-4,-3,0,goodbye
4.554099082946777,-4,-5,1,-4,-2,-4,-2,3,16,3,1,-3,1,1,goodbye
4.570351600646973,5,1,9,0,2,-3,-10,5,7,15,17,3,17,11,goodbye
4.570351600646973,11,2,2,1,0,0,-3,-1,6,21,19,4,17,16,goodbye
4.58634090423584,2,-4,0,-6,-6,-3,1,-5,6,11,-2,0,3,8,goodbye
4.58634090423584,-2,-7,1,-10,-3,-13,0,0,0,0,-12,0,0,-2,goodbye
4.60198450088501,5,0,4,-3,5,-9,0,3,0,3,3,7,7,-3,goodbye
4.60198450088501,13,7,8,7,3,0,1,0,7,10,11,11,12,-2,goodbye
4.617133855819702,15,10,13,17,3,-2,-1,0,9,5,3,13,13,-1,goodbye
4.617133855819702,16,5,18,13,13,-8,-9,1,4,0,3,17,16,6,goodbye
4.63298487663269,11,3,3,4,11,-8,-10,-2,1,0,5,5,15,12,goodbye
4.63298487663269,0,4,-2,-1,-2,-6,0,-4,-7,-8,-7,-10,3,0,goodbye
4.649111986160278,-15,-5,-11,-11,-8,0,10,-1,-12,-12,-18,-20,-9,-10,goodbye
4.649111986160278,-26,-21,-18,-20,-6,0,6,0,-2,-9,-15,-26,-17,-11,goodbye
4.664156436920166,-18,-12,-6,-16,-8,2,3,5,7,-13,-11,-19,-20,-10,goodbye
4.664156436920166,-3,1,-13,-5,-4,13,12,12,24,0,0,-5,-11,-3,goodbye
4.679866313934326,0,3,-15,-1,2,17,14,6,34,19,12,7,-4,9,goodbye
4.679866313934326,1,4,0,0,1,5,4,-1,14,7,8,8,-13,9,goodbye
4.695208787918091,4,4,0,-1,-3,-4,-4,-6,-9,-12,0,2,-21,-1,goodbye
4.695208787918091,7,2,1,-1,0,-6,-11,-3,-17,-8,5,16,-18,-1,goodbye
4.7108235359191895,11,7,3,6,5,-6,-14,-2,-20,3,17,30,-16,4,goodbye
4.7108235359191895,9,10,11,7,0,-12,-21,-7,-23,-3,13,21,-13,5,goodbye
4.726931095123291,6,1,14,-1,-6,-14,-26,-1,-12,-9,0,9,-13,4,goodbye
4.726931095123291,9,-5,1,0,0,-6,-18,1,-1,3,0,8,-23,0,goodbye
4.742061614990234,4,-2,3,5,6,4,-5,-5,-4,0,13,7,-7,0,goodbye
4.742061614990234,2,1,14,10,4,14,7,-8,-4,-8,6,-2,42,7,goodbye
4.758098840713501,5,-4,1,4,6,13,15,-3,-3,5,-8,-10,76,5,goodbye
4.758098840713501,0,-7,-11,0,7,2,19,0,-7,9,-4,-10,68,-4,goodbye
4.773761034011841,-14,0,-7,6,0,2,26,5,-3,-3,-6,-19,34,-10,goodbye
4.773761034011841,-23,-1,-6,1,-6,4,18,6,1,-1,-27,-32,-1,-14,goodbye
4.788829565048218,-25,-10,-25,-18,-3,-2,1,0,2,1,-31,-30,-17,-16,goodbye
4.788829565048218,-16,0,-17,-16,0,-11,-2,-2,0,-10,-7,-11,-8,-7,goodbye
4.804254770278931,-5,10,7,-1,-5,-10,-2,4,-4,-10,3,0,-4,0,goodbye
4.804254770278931,-9,-2,-3,-9,-22,-10,-12,5,-4,-1,-7,-5,-16,-6,goodbye
4.819784879684448,-14,-17,-12,-26,-19,-9,-21,-1,-5,-11,-14,-12,-31,-13,goodbye
4.819784879684448,6,0,6,-9,0,0,-11,2,0,-8,0,0,-20,0,goodbye
4.835810899734497,32,24,27,29,11,5,-1,7,18,20,30,25,7,23,goodbye
4.851358652114868,30,24,24,34,12,5,-7,0,23,24,40,35,9,24,goodbye
4.851358652114868,20,13,5,13,12,5,-5,-5,13,5,16,18,-8,3,goodbye
4.851358652114868,21,11,8,4,13,16,11,-4,12,0,1,8,-1,0,goodbye
4.867333650588989,12,1,10,5,10,18,18,-1,14,0,7,7,5,6,goodbye
4.867333650588989,-3,-11,0,1,4,6,10,0,8,-5,-2,-1,-10,-4,goodbye
4.882590055465698,-10,-14,-2,-1,0,4,11,4,8,1,-17,-6,-12,-6,goodbye
4.882590055465698,-14,-10,-11,-2,1,8,12,8,11,15,-5,-3,4,5,goodbye
4.898209810256958,-24,-11,-10,-2,3,0,8,9,3,9,1,-10,1,1,goodbye
4.898209810256958,-15,-6,-1,7,4,1,19,6,7,7,-4,-17,-9,-3,goodbye
4.914168357849121,0,0,1,9,2,8,26,-2,12,18,0,-7,-2,4,goodbye
4.914168357849121,-3,-3,-2,-7,-5,-2,3,-8,-6,6,-1,2,3,5,goodbye
4.930304527282715,-4,-10,-10,-17,-13,-24,-17,-6,-28,-13,-8,1,1,2,goodbye
4.930304527282715,5,-7,-3,-14,-13,-28,-28,-6,-34,-15,-5,4,-2,0,goodbye
4.946095705032349,10,-1,1,-9,-13,-20,-34,-9,-36,-13,-8,5,-5,-6,goodbye
4.946095705032349,10,2,6,0,-11,-10,-30,-5,-30,-15,-5,8,4,0,goodbye
4.96106481552124,14,9,13,8,0,-2,-27,0,-16,-8,13,18,22,8,goodbye
4.96106481552124,12,13,0,12,5,0,-21,-6,-13,-1,9,4,16,-1,goodbye
4.977091312408447,2,7,-3,6,4,0,-4,-13,-29,-15,-14,-12,-6,-10,goodbye
4.977091312408447,-13,-6,-3,-13,-2,3,3,-8,-40,-27,-16,-8,-17,-15,goodbye
4.992268800735474,-27,-13,-18,-23,-10,8,5,2,-20,-17,-9,-8,-13,-20,goodbye
4.992268800735474,-22,0,-12,-9,3,18,27,17,19,1,-10,-16,-8,-11,goodbye
5.007776498794556,-7,6,-6,4,16,20,44,16,48,17,0,-21,-6,-6,sil
5.007776498794556,-8,0,-7,1,1,3,26,6,46,22,9,-13,-3,-8,sil
5.024764537811279,-4,-1,1,-3,-6,-3,10,11,39,19,13,5,9,6,sil
5.040880918502808,7,0,2,-3,0,0,11,6,37,10,10,13,18,19,sil
5.040880918502808,2,-3,0,-8,-4,-7,0,-4,20,-8,2,8,6,8,sil
5.040880918502808,0,-1,6,0,-7,-7,-8,1,19,-6,8,9,3,9,sil
5.055989503860474,20,10,16,20,13,11,3,4,46,16,24,21,21,23,sil
5.055989503860474,32,22,21,32,24,11,4,0,54,22,17,22,23,23,sil
5.07133936882019,29,17,11,21,10,-10,-8,0,24,13,8,11,16,18,sil
5.07133936882019,27,9,12,7,3,-16,-13,0,3,10,19,14,21,16,sil
5.086961269378662,21,6,8,8,4,-4,-13,-3,0,11,19,15,17,4,sil
5.086961269378662,1,-10,-6,-4,-7,-6,-24,-11,-35,-4,-3,-3,-10,-14,sil
5.102570533752441,-27,-25,-17,-37,-23,-16,-30,-14,-85,-34,-25,-23,-37,-31,sil
5.118937969207764,-43,-18,-20,-36,-18,-13,-19,-7,-75,-37,-32,-33,-42,-35,sil
5.118937969207764,-30,-11,-13,-10,-2,-2,-8,1,-40,-21,-21,-30,-28,-31,sil
5.118937969207764,-14,-8,-10,-6,1,0,-5,-1,-33,-12,-5,-16,-14,-26,sil
5.134225606918335,-15,2,-1,-11,-6,0,-5,-2,-37,-15,-8,-7,-20,-20,sil
5.134225606918335,-17,9,10,0,-6,5,0,2,-34,-25,-19,-9,-26,-11,sil
5.1508073806762695,-6,9,5,19,7,15,16,2,-26,-15,-16,-7,-9,0,sil
5.1508073806762695,5,14,11,32,15,29,36,0,-9,6,-7,6,5,13,sil
5.164928436279297,12,13,17,34,9,36,38,5,18,18,2,14,8,22,sil
5.180363416671753,11,3,9,26,5,23,24,10,43,31,13,11,16,23,sil
5.180363416671753,17,2,10,20,7,9,18,8,47,48,16,12,25,33,sil
5.196082353591919,32,10,8,18,7,2,14,1,41,42,16,15,26,39,sil
5.196082353591919,23,3,3,4,7,-10,-5,-7,35,22,17,24,24,24,sil
5.196082353591919,6,-10,-3,-8,1,-15,-9,-3,31,24,14,20,26,19,sil
5.211769342422485,4,-17,-13,-19,-9,-11,7,1,27,19,0,-3,17,17,sil
5.227792501449585,-6,-24,-17,-35,-17,-21,-1,0,13,-15,-18,-16,-5,-9,sil
5.227792501449585,-23,-24,-28,-31,-16,-26,-16,2,5,-33,-18,-9,-18,-27,sil
5.243186712265015,-25,-17,-24,-27,-6,-8,-4,10,19,-18,-7,-7,-3,-20,sil
5.243186712265015,-27,-19,-19,-38,-3,-1,0,7,23,-9,-9,-17,1,-25,sil
5.2611167430877686,-27,-17,-19,-33,-9,-2,-6,-5,1,-16,-5,-17,-9,-36,sil
5.2611167430877686,-8,1,-3,-15,-1,2,-7,-9,-19,-15,7,-4,-16,-25,sil
5.2611167430877686,3,12,1,-8,5,-5,-10,-6,-32,-16,2,-5,-17,-16,sil
5.274167537689209,8,13,7,0,1,-19,-18,-4,-38,-28,-1,-1,-19,-14,sil
5.289158344268799,27,29,34,23,6,-5,-9,0,-28,-21,17,22,-5,8,sil
5.289158344268799,37,42,39,47,15,11,-3,-3,-18,4,28,29,7,26,sil
5.305245399475098,21,30,17,44,9,10,-19,-6,-27,8,14,10,0,15,sil
5.305245399475098,9,15,3,34,1,5,-25,0,-33,4,5,2,0,8,sil
5.3207688331604,11,12,18,33,3,9,-15,-2,-21,14,10,15,17,22,sil
5.3207688331604,3,0,17,25,1,23,2,-6,-4,16,5,8,9,23,sil
5.336790561676025,-17,-18,-9,4,-2,25,29,-2,4,11,-13,-19,-8,2,sil
5.336790561676025,-27,-23,-20,-15,-1,6,40,7,19,17,-25,-22,0,-8,sil
5.35274863243103,-23,-21,-25,-30,-7,-4,27,12,47,17,-18,-10,10,-6,sil
5.35274863243103,-20,-19,-22,-35,-12,-6,7,6,47,-1,-6,-13,0,-17,sil
5.367771148681641,-17,-10,-13,-28,-7,-14,-4,0,14,-16,-4,-16,-7,-28,sil
5.367771148681641,-4,0,-10,-18,-6,-18,-9,-1,-5,-19,-2,-1,0,-20,sil
5.382760286331177,10,11,8,-4,-1,-11,-10,-2,-13,-25,9,14,2,-3,sil
5.382760286331177,14,17,24,19,10,-4,-2,-4,-24,-25,10,10,-3,3,sil
5.39812159538269,7,2,17,26,12,4,5,-2,-19,-9,-4,-4,-13,6,sil
5.39812159538269,4,-7,4,13,3,18,13,2,3,15,-15,-9,-8,11,sil
5.413607358932495,5,-7,0,5,-2,14,13,3,24,33,-13,-5,3,15,sil
5.413607358932495,11,-10,11,2,0,0,-2,2,30,30,2,12,17,28,sil
5.429266214370728,26,-2,10,1,4,-10,-16,2,23,28,26,37,34,42,sil
5.429266214370728,26,10,-1,-9,2,-17,-18,-2,0,14,23,32,32,21,sil
5.44485068321228,7,8,-4,-26,-4,-15,-20,-3,-17,-17,8,11,0,-13,sil
5.44485068321228,2,9,-5,-9,-2,-2,-11,4,-4,-20,11,0,-16,-16,sil
5.460116863250732,-5,14,-1,13,8,7,9,7,5,0,0,-11,-16,-5,sil
5.460116863250732,-29,-3,-15,6,8,15,17,1,0,2,-25,-37,-26,-20,sil
5.476080656051636,-38,-27,-29,-6,-4,22,15,-1,-5,-3,-33,-47,-35,-34,sil
5.476080656051636,-28,-22,-12,-9,-7,23,28,0,-5,3,-22,-31,-20,-17,sil
5.4917473793029785,-16,-9,-4,-10,2,14,39,-3,0,21,-11,-16,3,5,sil
5.4917473793029785,-4,-10,-4,-14,0,-2,13,-10,-10,9,-9,-3,6,4,sil
5.506880521774292,3,-8,-2,-16,-12,-18,-15,-7,-26,-26,-11,7,-3,-4,sil
5.506880521774292,7,4,0,-15,-9,-17,-24,0,-21,-38,2,16,0,-2,sil
5.522095441818237,12,13,7,-10,0,-13,-29,3,-10,-23,18,25,14,1,sil
5.522095441818237,14,19,9,5,1,-16,-33,-3,0,-5,21,26,21,1,sil
5.53816556930542,14,24,19,19,4,-15,-31,-3,12,9,33,26,29,7,sil
5.53816556930542,18,19,18,19,9,-9,-22,6,18,17,43,32,30,15,sil
5.5537943840026855,11,7,4,19,9,-2,-4,2,8,8,22,19,4,4,sil
5.5537943840026855,-6,5,6,26,6,10,11,-4,-11,-10,-5,-8,-19,-7,sil
5.569291591644287,-10,8,7,33,8,26,24,3,-11,-6,-7,-21,-9,-4,sil
5.569291591644287,-3,0,3,25,9,25,36,9,10,15,-4,-16,0,0,sil
5.58446478843689,-4,-16,-3,10,0,12,30,5,11,12,-18,-16,-15,0,sil
5.58446478843689,-7,-19,-11,6,-13,1,15,2,0,-8,-25,-17,-24,-1,sil
5.600142955780029,-6,-19,-7,-5,-16,-1,9,0,6,-4,-14,-8,-13,0,sil
5.600142955780029,-5,-26,-13,-26,-22,-1,1,-1,17,9,-7,-4,-3,2,sil
5.6157591342926025,-1,-16,-6,-26,-21,0,-7,-4,15,9,-7,1,2,8,sil
5.6157591342926025,12,5,11,-6,-11,-9,-12,-6,10,4,0,14,10,11,sil
5.631959438323975,26,15,17,4,-5,-14,-20,-10,-4,0,7,25,19,10,sil
5.631959438323975,27,14,18,0,1,-8,-27,-4,-15,-8,16,32,23,13,sil
5.647060871124268,17,10,5,-7,9,-14,-21,1,0,-4,22,25,15,11,sil
5.647060871124268,3,7,-6,-16,9,-23,-20,-5,-5,-6,11,2,-5,-6,sil
5.663062572479248,-9,8,-4,-17,6,-10,-19,-4,-25,-18,-5,-12,-19,-24,sil
5.663062572479248,-15,3,-8,-15,7,4,0,4,-9,-13,-12,-19,-21,-28,sil
5.678849458694458,-19,3,-8,-8,14,10,14,8,3,-9,-10,-24,-20,-22,sil
5.678849458694458,-18,14,-8,8,21,17,16,6,-7,-4,-8,-24,-13,-14,sil
5.694145202636719,-9,10,-3,6,23,21,23,5,-6,10,-6,-17,1,0,sil
5.70975399017334,-1,-6,0,-7,17,22,32,8,8,21,0,-12,15,11,sil
5.70975399017334,-2,-9,-7,4,8,21,26,6,11,20,0,-11,13,11,sil
5.710176944732666,-9,-9,-9,13,3,11,14,1,8,14,-10,-11,0,4,sil
5.725752592086792,-15,-26,-16,-15,-10,-1,7,-2,4,9,-20,-15,-5,3,sil
5.725752592086792,-20,-37,-26,-34,-25,-6,0,-4,-2,5,-19,-20,-9,4,sil
5.74206018447876,-18,-25,-14,-12,-16,0,-3,-2,0,2,-19,-14,-15,0,sil
5.74206018447876,-2,-2,2,11,-1,5,2,-1,16,11,-2,3,2,3,sil
5.757030487060547,15,11,18,14,-1,0,3,-2,26,18,24,22,29,14,sil
5.757030487060547,18,8,14,9,-5,-13,-6,-1,16,6,21,21,21,10,sil
5.772634744644165,7,0,3,1,-11,-23,-20,-3,2,-9,5,11,1,-6,sil
5.789232015609741,9,2,10,0,-19,-25,-24,-2,-4,-8,20,21,10,-5,sil
5.789232015609741,22,15,14,10,-17,-18,-16,0,-3,-8,35,39,21,13,sil
5.789232015609741,16,13,10,10,-8,-12,-18,-3,-6,-22,26,36,7,11,sil
5.805306911468506,9,4,6,1,-8,-8,-22,-2,-17,-23,15,22,-3,-7,sil
5.805306911468506,18,20,19,16,2,0,-6,1,-19,-10,23,25,2,-6,sil
5.821240663528442,25,40,34,42,21,5,5,3,-13,-6,27,25,4,8,sil
5.821240663528442,11,28,11,36,16,0,-1,-3,-24,-19,-6,-5,-21,-3,sil
5.836751222610474,-12,0,-5,8,2,4,-6,-8,-48,-42,-48,-33,-44,-30,sil
5.836751222610474,-16,-2,0,4,9,18,7,0,-36,-38,-43,-23,-30,-23,sil
5.851930141448975,0,-1,0,15,13,19,17,4,0,0,-23,-10,-13,0,sil
5.851930141448975,-3,-12,-8,0,0,12,14,2,17,31,-31,-19,-14,0,sil
5.867440223693848,-26,-25,-25,-23,-3,14,17,3,21,37,-35,-34,-6,-11,sil
5.867440223693848,-30,-27,-26,-29,0,17,22,3,22,24,-20,-33,2,-3,sil
5.882609605789185,-20,-20,-15,-27,0,13,19,4,19,15,-8,-19,1,7,sil
5.882609605789185,-10,-18,-17,-33,0,3,7,10,33,25,3,-7,12,14,sil
5.898231267929077,-3,-20,-14,-38,-6,-11,-1,11,50,31,20,9,30,26,sil
5.898231267929077,4,-11,-5,-24,-8,-23,-3,0,39,21,32,24,32,25,sil
5.914801359176636,14,11,7,-16,-2,-24,-10,-12,3,-6,35,27,20,-1,sil
5.914801359176636,13,27,12,-19,0,-22,-24,-13,-23,-30,32,11,7,-22,sil
5.929852247238159,4,26,6,1,6,-13,-23,-7,-24,-21,29,-6,0,-18,sil
5.929852247238159,2,13,9,28,12,-1,-16,-4,-25,-11,18,-12,-7,-11,sil
5.945443868637085,0,2,2,28,8,8,-10,-1,-24,-15,-1,-11,-11,-1,sil
5.945443868637085,4,2,1,18,8,16,2,3,-7,-2,-13,1,-3,15,sil
5.961739778518677,15,0,7,15,9,15,14,7,7,15,-12,17,0,22,sil
5.961739778518677,5,-5,6,15,0,7,15,2,1,13,-11,12,-3,16,sil
5.977770566940308,-9,-2,10,12,-7,6,13,5,-8,10,-15,0,0,7,sil
5.977770566940308,-7,0,0,10,-7,5,14,6,2,20,-14,-3,7,-3,sil
5.991966724395752,-10,-14,-10,3,-7,0,9,0,14,19,-6,-9,5,-8,sil
5.991966724395752,-16,-15,-6,-4,-5,6,6,-2,8,6,-7,-11,-4,-6,sil
6.008049249649048,-3,-1,-7,-2,-4,8,8,-1,2,-5,-20,-5,-11,-5,sil
6.023226976394653,10,4,1,2,-4,-4,0,-5,0,-17,-17,0,-5,0,sil
6.023226976394653,6,0,3,-3,-7,-10,-16,-9,-10,-26,-4,-1,-3,0,sil
6.043154001235962,-5,-5,-8,-21,-7,-8,-17,-8,-23,-33,-10,-7,-14,-14,sil
6.044155120849609,-6,-4,-8,-23,-2,-10,-6,0,-17,-29,-12,-3,-13,-17,sil
6.044155120849609,8,5,1,-5,-3,-8,-1,8,0,-8,11,6,1,-2,sil
6.054220676422119,14,13,10,0,-6,-6,-7,3,0,-1,26,16,3,1,sil
6.069870948791504,6,10,2,2,3,-7,-12,2,-1,-4,23,18,7,1,sil
6.069870948791504,4,7,0,14,14,-10,-15,3,11,6,21,20,15,7,sil
6.085777759552002,5,3,3,1,0,-17,-21,1,6,8,10,11,0,1,sil
6.085777759552002,-2,1,-3,-8,-10,-10,-14,-3,-4,-1,1,-7,-15,-8,sil
6.100781440734863,-3,12,5,11,8,14,6,1,3,6,18,0,0,2,sil
6.100781440734863,0,17,8,26,22,21,16,7,10,16,24,4,6,8,sil
6.1159069538116455,-14,-6,-15,6,3,10,10,-6,-4,3,-9,-29,-15,-18,sil
6.1159069538116455,-33,-27,-18,-10,-7,15,14,-9,-10,0,-37,-43,-16,-24,sil
6.13197922706604,-15,-10,1,4,2,24,32,4,10,17,-20,-15,6,7,sil
6.13197922706604,10,2,18,18,7,21,42,8,23,32,3,5,18,29,sil
6.147160768508911,14,-15,8,-4,2,14,40,4,23,31,1,6,15,28,sil
6.147160768508911,10,-24,-8,-33,-1,1,19,4,25,19,-10,4,13,23,sil
6.162776708602905,10,-5,0,-22,-4,-12,-7,0,18,0,-8,9,16,11,sil
6.162776708602905,13,0,4,-4,-8,-22,-20,-6,3,-8,7,17,19,0,sil
6.178856372833252,15,-1,3,-20,-6,-27,-30,-7,-9,-14,15,20,13,-1,sil
6.178856372833252,10,6,5,-23,0,-21,-37,-6,-17,-25,9,18,0,-2,sil
6.194140911102295,8,17,5,1,0,-17,-30,-4,-23,-29,9,17,-8,-9,sil
6.194140911102295,0,19,5,6,0,-20,-26,-2,-31,-29,9,10,-18,-19,sil
6.210170745849609,-12,15,-1,2,-1,-9,-21,-2,-30,-28,-4,-6,-27,-25,sil
6.2106773853302,-12,13,0,26,6,14,-4,0,-20,-12,-11,-11,-20,-15,sil
6.225762128829956,0,19,4,47,18,25,6,4,-12,8,3,-4,-4,-1,sil
6.225762128829956,-4,16,0,38,15,14,9,2,0,13,12,-8,0,0,sil
6.240801334381104,-16,1,1,23,7,9,12,1,7,10,2,-13,0,0,sil
6.240801334381104,-15,-9,-3,16,2,18,8,1,0,14,-8,-15,-4,4,sil
6.256439924240112,-12,-19,-7,-3,-6,16,1,-4,-9,5,-23,-24,-14,-3,sil
6.256439924240112,-10,-24,-3,-19,-14,1,11,0,3,2,-31,-25,-12,-6,sil
6.271803855895996,-4,-22,-12,-12,-13,4,31,7,20,15,-18,-12,0,2,sil
6.271803855895996,-6,-24,-16,-20,-12,8,31,3,21,11,-12,-5,2,7,sil
6.287858009338379,-5,-23,-14,-30,-12,-6,15,2,22,5,-16,-9,4,8,sil
6.287858009338379,6,-7,-3,-21,-6,-16,1,4,25,6,-4,2,15,18,sil
6.303736925125122,15,0,-1,-18,-3,-13,-4,0,14,-6,4,17,15,17,sil
6.303736925125122,13,1,-10,-18,-9,-14,-8,-7,0,-12,0,7,7,1,sil
6.319086074829102,14,9,0,-9,-11,-12,-17,0,2,0,8,9,10,-2,sil
6.319086074829102,17,16,8,-10,1,-2,-22,5,8,3,26,25,20,3,sil
6.33432936668396,8,10,0,-17,12,-7,-22,0,2,-2,31,25,21,0,sil
6.33432936668396,-1,5,5,-6,7,-16,-16,-3,-10,-8,22,15,4,-11,sil
6.35024619102478,-3,8,5,15,4,-6,-6,-1,-15,-10,11,7,-14,-14,sil
6.35024619102478,-4,11,0,16,10,4,-3,-1,-9,-6,10,3,-14,-9,sil
6.365790843963623,-2,12,4,9,10,4,1,0,0,0,15,0,-2,-10,sil
6.365790843963623,7,19,20,23,11,9,10,2,0,0,15,4,-3,-3,sil
6.381786584854126,13,24,28,37,18,19,7,0,-13,-4,14,14,-9,11,sil
6.381786584854126,12,18,16,34,20,17,3,-4,-17,0,7,9,-4,12,sil
6.39727258682251,11,8,17,33,14,8,7,-4,-15,10,-7,-3,1,6,sil
6.39727258682251,6,0,11,24,0,7,10,1,-4,15,-16,-10,0,10,sil
6.412954807281494,-9,-20,-13,-11,-12,5,15,0,1,0,-25,-19,-7,0,sil
6.412954807281494,-25,-34,-27,-34,-13,0,17,-3,-4,-11,-37,-35,-18,-20,sil
6.42803168296814,-26,-34,-24,-20,-13,5,11,0,-2,-6,-33,-40,-20,-17,sil
6.42803168296814,-25,-29,-9,-11,-12,12,11,5,4,-1,-21,-27,-14,-6,sil
6.443342685699463,-22,-23,-13,-20,-12,1,2,7,4,0,-17,-16,-10,-8,sil
6.443342685699463,-17,-10,-20,-21,-13,-14,-26,0,7,7,-8,-7,0,-4,sil
6.458896398544312,-14,0,-3,-11,-5,-12,-35,-1,11,6,0,5,7,2,sil
6.458896398544312,1,4,5,0,4,0,-4,2,13,6,10,15,12,9,sil
6.474430322647095,29,18,16,10,5,-3,12,5,19,12,29,32,28,24,sil
6.474430322647095,36,27,25,16,2,-13,7,0,18,12,39,43,39,29,sil
6.48995304107666,22,16,9,8,-2,-13,11,-7,4,13,20,25,22,16,sil
6.48995304107666,9,1,-4,-7,-8,-5,7,-3,-3,9,0,2,4,6,sil
6.505834102630615,5,-4,-10,-10,-5,-4,-11,3,0,-5,-2,-4,3,0,sil
6.505834102630615,0,-4,-7,-10,0,-10,-25,0,-6,-19,-3,0,1,-8,sil
6.521270275115967,-10,-1,-8,-12,0,-13,-26,-1,-20,-23,-7,2,-6,-15,goodbye
6.521270275115967,-13,0,-14,-1,0,-10,-18,0,-21,-26,-1,0,-13,-20,goodbye
6.536776065826416,2,10,0,3,6,-3,-11,-6,-23,-33,0,0,-17,-22,goodbye
6.552852630615234,9,17,10,2,8,0,-7,-11,-27,-32,-10,-6,-22,-21,goodbye
6.552852630615234,1,13,9,14,6,11,9,0,-16,-15,-10,-16,-21,-15,goodbye
6.552852630615234,6,6,12,35,10,32,42,12,5,12,-2,-12,-11,3,goodbye
6.5682244300842285,6,-1,5,25,12,34,45,0,17,32,-4,-6,-2,15,goodbye
6.5682244300842285,-11,-14,-5,-8,6,13,12,-5,19,34,-5,-9,1,10,goodbye
6.584218978881836,-15,-17,-14,-17,1,2,-1,6,24,31,5,-7,15,14,goodbye
6.584218978881836,0,-9,-4,-4,0,-2,0,5,25,16,17,7,22,22,goodbye
6.600765943527222,9,0,4,-4,-4,-15,-8,0,24,-1,22,20,20,17,goodbye
6.600765943527222,14,10,1,-6,-4,-15,-9,8,24,-1,26,25,21,8,goodbye
6.615291833877564,5,9,6,-6,-3,-2,-6,6,6,-2,19,18,6,-1,goodbye
6.630996465682983,-10,6,3,-2,-6,0,-11,-4,-18,-22,-1,-2,-22,-19,goodbye
6.630996465682983,-13,10,0,9,-4,1,-10,-7,-29,-31,-15,-14,-30,-24,goodbye
6.63199782371521,-12,8,8,20,3,6,0,-5,-33,-11,-17,-7,-23,-11,goodbye
6.6470372676849365,-13,-3,4,19,6,9,5,-7,-31,14,-19,-11,-13,0,goodbye
6.6470372676849365,-11,-22,-8,0,0,8,3,0,-13,24,-9,-16,3,2,goodbye
6.6631152629852295,-18,-37,-21,-29,-10,2,9,6,11,17,-4,-19,6,0,goodbye
6.679173707962036,-26,-31,-22,-35,-10,0,13,1,15,5,-27,-28,-6,-1,goodbye
6.679173707962036,-8,-14,-4,-12,-7,4,12,0,12,7,-29,-24,-5,0,goodbye
6.679173707962036,11,-8,0,-5,-8,6,13,2,26,17,-2,-7,8,2,goodbye
6.694068908691406,16,-1,4,-11,-5,-4,7,-1,26,7,3,9,16,9,goodbye
6.708916664123535,23,11,17,4,-1,-19,-4,-3,9,0,14,29,25,14,goodbye
6.708916664123535,29,14,19,18,1,-22,-21,0,0,2,32,34,25,6,goodbye
6.72502064704895,19,12,13,4,5,-14,-32,-2,-12,-12,13,24,8,0,goodbye
6.72502064704895,17,18,6,2,5,-14,-23,-4,-19,-23,3,27,3,4,goodbye
6.72502064704895,21,22,9,6,5,-19,-16,1,-17,-22,25,33,5,0,goodbye
6.740156412124634,15,15,0,0,8,-7,-14,6,-7,-24,23,16,-2,-7,goodbye
6.756054878234863,7,18,-4,10,12,10,1,2,6,-13,4,0,-8,-6,goodbye
6.756054878234863,0,25,8,31,17,17,18,4,7,3,7,2,-2,-2,goodbye
6.771079063415527,-11,13,-2,15,8,17,17,0,-3,2,9,-1,0,-3,goodbye
6.771079063415527,-19,-5,-15,-1,-6,8,6,-6,-19,-11,-12,-21,-15,-11,goodbye
6.786276578903198,-22,-12,-13,0,-6,-2,0,-2,-36,-18,-39,-38,-37,-20,goodbye
6.786276578903198,-24,-12,-15,-9,-3,1,6,-2,-34,-8,-34,-33,-25,-7,goodbye
6.802361726760864,-15,-11,-3,-9,-4,16,20,0,-3,9,-11,-12,3,17,goodbye
6.802361726760864,-3,-8,0,15,4,17,18,8,24,20,-8,-13,2,14,goodbye
6.817880392074585,0,-9,-4,8,8,3,4,6,34,20,-9,-16,-2,3,goodbye
6.817880392074585,3,-7,2,-8,1,0,2,-1,33,27,10,5,16,17,goodbye
6.83395266532898,2,-4,6,0,-2,6,6,-4,25,36,16,16,21,20,goodbye
6.83395266532898,-9,-13,1,-10,-12,0,-2,-4,13,17,-5,0,4,2,goodbye
6.849175691604614,-14,-20,-10,-36,-23,-16,-16,0,8,-9,-18,-8,-1,-5,goodbye
6.849175691604614,-2,-11,-7,-27,-10,-10,-13,3,3,-14,-9,0,-4,-9,goodbye
6.86474609375,6,-2,1,-7,5,0,-4,2,-2,-7,6,9,-4,-16,goodbye
6.86474609375,5,1,-1,-9,-1,-7,-8,1,-4,-8,19,10,5,-12,goodbye
6.880338191986084,7,5,-1,-11,-4,-11,-19,0,-9,-14,17,15,7,-8,goodbye
6.880338191986084,9,7,0,0,3,-6,-21,-5,-20,-13,12,13,0,-16,goodbye
6.895984649658203,0,13,4,11,2,-9,-20,-9,-27,-10,13,4,-5,-14,goodbye
6.895984649658203,-7,15,9,20,2,-6,-10,0,-24,-16,7,1,-12,-3,goodbye
6.911126375198364,-3,6,4,24,11,11,10,1,-16,-12,-5,-4,-14,-1,goodbye
6.911126375198364,-6,0,6,16,10,26,26,0,-6,11,-14,-16,-7,3,goodbye
6.927166700363159,-2,2,3,12,0,24,42,4,14,34,-14,-18,1,18,goodbye
6.927166700363159,6,-5,0,9,-2,9,44,4,24,28,-2,-3,12,25,goodbye
6.942789554595947,5,-12,3,-2,-2,-3,17,-1,17,8,14,18,25,23,goodbye
6.942789554595947,14,-4,4,-9,0,-5,-4,2,26,9,21,24,29,26,goodbye
6.959089040756226,28,0,4,-9,0,-9,-11,7,34,17,9,17,21,19,goodbye
6.959089040756226,12,-5,-9,-14,-6,-16,-19,-1,13,0,-10,0,0,-7,goodbye
6.974177598953247,-8,-5,-14,-21,-6,-20,-22,-8,-12,-32,-17,-17,-20,-26,goodbye
6.974177598953247,-3,5,-5,-18,0,-10,-10,-2,-18,-34,0,-7,-17,-19,goodbye
6.98985767364502,2,17,-8,-3,1,0,-3,0,-12,-18,9,3,-7,-12,goodbye
6.98985767364502,1,21,5,12,5,0,-10,2,-19,-16,-3,0,-12,-13,goodbye
7.005919694900513,0,18,13,26,13,-2,-6,7,-18,-5,-1,-7,-9,-9,goodbye
7.005919694900513,-6,11,6,29,11,8,6,2,-3,11,8,-3,0,-1,goodbye
7.022032737731934,-9,6,12,23,7,17,6,-4,-4,8,0,0,-4,7,goodbye
7.022032737731934,-2,3,9,20,2,14,0,-6,-13,13,-7,-4,-5,11,goodbye
7.038106203079224,0,0,3,13,-1,6,-1,-3,-11,21,-8,-2,1,8,goodbye
7.038106203079224,1,-10,5,4,-2,5,5,3,4,13,-11,3,5,6,goodbye
7.053683757781982,1,-20,3,1,-13,10,13,0,23,10,-8,3,8,9,goodbye
7.053683757781982,-6,-20,-5,-10,-23,2,4,-1,15,4,-7,1,7,7,goodbye
7.06926965713501,-16,-19,-23,-28,-10,-14,-1,0,2,-7,-10,-1,6,0,goodbye
7.06926965713501,-18,-29,-26,-42,-4,-16,4,2,6,-12,-10,-5,3,-13,goodbye
7.085243225097656,-17,-26,-20,-49,-15,-5,4,1,5,-16,-9,-11,-5,-22,goodbye
7.085243225097656,-1,-6,-14,-37,-8,-6,-8,-6,-1,-15,5,2,0,-10,goodbye
7.100780725479126,22,14,10,-8,7,-12,-24,-8,-2,-8,32,33,21,7,goodbye
7.100780725479126,26,28,18,17,11,-10,-29,-1,-5,-7,38,34,18,9,goodbye
7.116859197616577,14,33,5,27,17,0,-18,1,0,-5,32,14,0,2,goodbye
7.116859197616577,3,22,3,18,22,7,-1,4,12,7,22,0,-5,-2,goodbye
7.132758855819702,-4,10,6,12,10,4,9,5,2,15,0,-15,-9,-10,goodbye
7.132758855819702,-9,7,4,16,4,1,21,-1,-19,1,-12,-27,-22,-11,goodbye
7.148952722549439,-15,-7,-14,7,1,4,27,-5,-33,-17,-21,-34,-32,-12,goodbye
7.148952722549439,-23,-23,-16,-4,-8,11,25,-2,-36,-17,-38,-36,-30,-13,goodbye
7.164482116699219,-16,-15,-4,0,-8,18,25,5,-19,3,-33,-24,-12,0,goodbye
7.164482116699219,-7,-7,0,9,0,13,18,7,8,20,-14,-13,0,11,goodbye
7.179834365844727,-9,-6,4,8,0,2,-1,4,24,30,-10,-10,7,9,goodbye
7.180253505706787,4,1,9,7,-1,5,-7,4,46,48,2,8,26,25,goodbye
7.195784568786621,29,4,15,0,-1,6,1,8,62,47,25,33,41,42,goodbye
7.195784568786621,26,-2,13,-10,-5,-1,0,9,47,19,19,31,27,30,goodbye
7.210742473602295,11,-7,0,-12,-9,0,-1,2,25,0,0,13,0,7,goodbye
7.210742473602295,4,-9,0,-16,-5,0,-2,-5,3,-19,-6,3,-17,-14,goodbye
7.226242780685425,3,-6,-1,-17,-2,-13,-17,-15,-26,-41,-13,0,-21,-30,goodbye
7.226242780685425,4,-1,-1,-16,-6,-25,-39,-18,-42,-42,-13,4,-7,-21,goodbye
7.241923809051514,5,7,5,-10,-6,-23,-42,-11,-30,-26,9,17,13,0,goodbye
7.241923809051514,11,19,4,10,2,-15,-26,-5,-20,-12,23,24,19,6,goodbye
7.25802755355835,13,20,11,22,9,-9,-15,-4,-28,-14,6,13,2,-1,goodbye
7.25802755355835,6,12,9,15,7,-7,-7,2,-26,-21,2,0,-8,-9,goodbye
7.274353981018066,2,13,2,14,5,-2,0,8,-4,-6,21,3,2,-3,sil
7.274353981018066,3,15,3,19,10,4,9,8,12,20,25,8,13,2,sil
7.290343999862671,-9,5,-8,11,12,4,20,3,6,17,11,-9,1,-5,sil
7.290343999862671,-26,-1,-15,-2,10,1,20,-1,-11,-7,0,-20,-11,-16,sil
7.305735111236572,-22,0,-14,-2,8,8,21,0,-10,-4,-1,-5,-5,-8,sil
7.305735111236572,-7,-1,-9,2,1,14,22,3,3,7,2,1,4,4,sil
7.321150064468384,-4,-6,-4,-4,-4,8,13,2,5,0,0,-11,0,1,sil
7.321150064468384,-5,0,-3,-3,-9,3,7,2,8,-6,-12,-20,-12,-4,sil
7.336660623550415,-4,0,3,1,-11,3,1,2,12,-3,-23,-12,-13,0,sil
7.336660623550415,-11,-23,-3,-12,-14,0,-7,-1,10,3,-23,-9,-9,0,sil
7.352096080780029,-17,-38,-16,-28,-15,-6,-4,-6,3,13,-20,-15,-5,-5,sil
7.352096080780029,-9,-15,0,-8,-3,4,2,-2,0,16,-16,-7,2,-1,sil
7.3675243854522705,1,8,3,21,8,22,2,1,0,16,-2,3,11,8,sil
7.3675243854522705,2,5,0,20,8,25,3,3,3,16,9,3,5,8,sil
7.383117198944092,-1,-5,4,5,4,19,15,5,5,10,0,-2,-8,0,sil
7.383117198944092,-7,-13,-5,-4,1,6,19,1,2,-3,-21,-9,-18,-4,sil
7.398169040679932,-3,-14,-6,-18,-8,-6,6,1,2,-10,-23,-10,-13,-1,sil
7.398169040679932,20,0,13,-11,-8,0,6,6,23,12,0,3,7,15,sil
7.414235830307007,36,21,29,14,8,7,13,3,36,41,23,22,28,35,sil
7.414235830307007,26,16,12,14,13,-9,-3,-4,18,30,20,22,27,31,sil
7.429899454116821,14,0,-10,-9,2,-32,-32,-9,-8,-3,3,8,9,5,sil
7.429899454116821,6,3,-9,-24,0,-31,-43,-8,-27,-27,2,6,0,-6,sil
7.445404767990112,-1,2,-8,-22,-7,-21,-35,-4,-17,-28,5,10,1,-3,sil
7.445404767990112,-2,-7,-1,-18,-21,-19,-25,-2,0,-26,-4,6,0,-7,sil
7.461532115936279,0,-4,-1,-16,-18,-17,-14,0,-6,-29,-9,1,-13,-18,sil
7.461532115936279,-3,-2,-8,-17,-10,-13,-5,0,-14,-29,2,1,-15,-23,sil
7.477305173873901,-5,-5,7,-14,-6,-8,-5,-2,-11,-22,20,2,-4,-18,sil
7.477305173873901,4,11,19,10,5,3,-4,-1,-11,-8,28,3,7,-7,sil
7.492886781692505,4,26,9,35,15,12,-2,1,-17,0,27,5,8,-4,sil
7.492886781692505,-10,12,-3,26,10,10,-5,3,-19,1,14,0,-3,-9,sil
7.508859157562256,-11,2,-6,16,9,14,5,0,-14,4,1,-8,-10,-7,sil
7.508859157562256,0,11,12,31,19,27,24,-4,-6,9,-3,-6,-4,-1,sil
7.524449586868286,-1,10,9,38,20,29,32,0,4,3,-10,-6,-7,0,sil
7.524449586868286,-10,-3,-7,19,13,21,30,9,16,-3,-17,-14,-11,1,sil
7.5399110317230225,-11,-3,-6,12,11,20,30,12,21,5,-17,-14,1,8,sil
7.5399110317230225,-3,2,-3,18,9,19,27,3,21,28,-15,-13,10,13,sil
7.554991245269775,6,1,8,10,7,12,22,0,28,39,-1,0,17,20,sil
7.554991245269775,10,0,8,5,3,2,26,2,40,49,12,15,31,29,sil
7.570599317550659,0,-12,-13,-7,-9,-19,10,0,32,44,0,5,20,20,sil
7.570599317550659,-8,-34,-19,-42,-32,-40,-30,-5,1,4,-17,-6,-7,-1,sil
7.585796594619751,-5,-29,-11,-56,-38,-39,-49,-4,-20,-33,-6,0,-14,-17,sil
7.585796594619751,-7,-6,-3,-46,-25,-29,-36,-5,-35,-46,0,4,-17,-24,sil
7.602118968963623,-5,-1,-5,-32,-13,-17,-22,-4,-42,-45,-7,-1,-25,-24,sil
7.602118968963623,-1,-2,-1,-11,-2,0,-12,-3,-29,-33,-6,-5,-18,-13,sil
7.617162704467773,-3,8,6,12,10,15,1,1,-10,-7,-3,-2,0,1,sil
7.617162704467773,5,13,2,21,12,22,15,9,3,19,1,0,14,10,sil
7.632778167724609,16,0,3,13,6,23,18,4,7,28,3,0,17,7,sil
7.632778167724609,0,-14,-1,1,0,12,8,-4,5,13,-8,-2,8,1,sil
7.649303674697876,-9,-10,-9,-4,-6,0,0,-5,11,0,-10,-2,4,5,sil
7.649303674697876,7,0,-1,-11,-6,-8,-5,3,19,-1,10,12,14,11,sil
7.664215564727783,12,3,-3,-12,-7,-18,-16,1,12,-8,18,18,13,2,sil
7.679235696792602,5,9,-1,-5,-5,-19,-30,-5,-4,-22,10,11,-4,-9,sil
7.679777145385742,12,25,15,10,12,-3,-19,-1,-9,-14,13,6,-19,-2,sil
7.679777145385742,12,22,19,25,27,8,7,4,-7,3,12,3,-22,3,sil
7.69528865814209,-5,0,9,20,12,12,15,3,-8,0,-4,-9,-20,0,sil
7.69528865814209,-7,-4,-2,7,0,13,11,0,0,7,-11,-19,-6,6,sil
7.709990501403809,2,2,6,2,5,6,17,1,24,29,-1,-4,10,20,sil
7.7265849113464355,0,-10,8,-4,3,-2,18,1,32,23,0,7,8,8,sil
7.7265849113464355,-4,-16,-9,-18,-11,-11,-1,-3,12,-7,1,-1,-1,-16,sil
7.7265849113464355,0,7,-7,-14,-9,-17,-20,-5,-18,-27,6,0,0,-23,sil
7.740749359130859,0,20,0,14,7,-9,-12,-1,-30,-24,5,4,0,-19,sil
7.756394386291504,-5,12,8,35,17,7,3,0,-27,-16,0,-1,-6,-19,sil
7.756394386291504,-8,9,7,33,15,24,9,1,-19,-2,-4,-10,-11,-14,sil
7.77182412147522,-16,1,-6,22,10,32,13,0,-7,14,-15,-16,-7,-2,sil
7.77182412147522,-17,-14,-5,5,6,27,19,-1,2,23,-16,-15,-3,8,sil
7.787209510803223,-5,-19,-6,-3,0,14,25,2,22,29,-3,-7,4,19,sil
7.787209510803223,2,-14,-10,-12,-11,4,18,9,41,37,4,3,23,25,sil
7.803259134292602,3,-11,-3,-28,-16,-9,-2,8,34,29,11,20,36,23,sil
7.803259134292602,16,-5,-1,-27,-13,-25,-11,-2,13,2,20,24,21,14,sil
7.819263458251953,28,3,7,-11,-9,-24,-9,-3,0,-17,14,15,7,5,sil
7.819263458251953,15,5,4,-12,-16,-20,-17,-1,-7,-17,1,13,13,0,sil
7.834842443466186,-2,-4,-8,-20,-20,-29,-33,-9,-22,-19,0,17,12,-7,sil
7.834842443466186,-2,-5,-5,-14,-8,-22,-31,-9,-29,-27,1,11,-3,-13,sil
7.850937604904175,0,9,4,0,4,-3,-7,0,-15,-21,0,-2,-11,-14,sil
7.850937604904175,-1,19,12,14,8,2,5,1,-1,-10,0,-9,-9,-9,sil
7.8670549392700195,0,13,8,22,6,4,1,-1,-8,-7,-3,-11,-10,-4,sil
7.8670549392700195,-4,6,2,17,2,6,-3,-1,-23,-12,-7,-12,-16,-4,sil
7.882201910018921,-15,0,-2,9,5,8,0,1,-17,-11,-10,-12,-24,-7,sil
7.882201910018921,-16,-8,-10,7,9,14,11,2,3,4,-15,-20,-22,-6,sil
7.897354364395142,-16,-13,-7,-1,4,13,8,0,1,13,-24,-21,-16,-3,sil
7.897354364395142,-15,-17,-13,-7,-3,8,4,-1,-4,9,-27,-20,-14,0,sil
7.913411378860474,-6,-15,-16,-4,-1,11,14,1,16,14,-25,-25,-10,8,sil
7.913411378860474,3,-11,-1,-11,2,8,16,5,40,26,-11,-10,1,18,sil
7.929068326950073,12,-4,0,-15,0,-2,8,6,36,18,11,19,18,17,sil
7.929068326950073,21,10,8,-6,4,-2,1,2,20,0,28,27,27,9,sil
7.94396162033081,23,22,17,0,7,3,-1,1,11,2,27,16,21,1,sil
7.94396162033081,15,14,3,-8,3,-3,-8,0,1,0,18,17,11,-4,sil
7.9593682289123535,4,7,-6,-13,0,-16,-16,0,-13,-21,18,21,7,-9,sil
7.9593682289123535,0,3,0,-7,-5,-18,-13,0,-18,-24,13,1,0,-15,sil
7.974383592605591,-5,0,10,2,0,-7,-2,-5,-15,-10,0,-9,-11,-16,sil
7.974383592605591,-4,7,1,13,6,5,6,-5,-12,-5,4,4,-8,-4,sil
7.990045070648193,0,4,0,16,1,5,0,-1,-15,-7,11,6,-1,0,sil
7.990045070648193,-4,-5,15,10,0,0,-6,3,-18,-13,-16,-9,-15,-5,sil
8.005766153335571,-5,-1,6,18,5,9,10,5,-4,-8,-25,-15,-22,0,sil
8.005766153335571,-2,2,-1,27,10,28,28,2,7,13,2,-7,-3,8,sil
8.020904779434204,-4,0,3,20,5,23,18,-1,5,30,8,-2,14,8,sil
8.020904779434204,-8,-7,-2,7,-9,0,0,-2,2,26,-3,-2,11,12,sil
8.036994457244873,-9,-17,-9,-5,-21,-14,-15,-3,-2,12,-6,0,6,12,sil
8.036994457244873,-6,-16,-9,-13,-15,-8,-14,-1,3,11,-6,2,10,10,sil
8.060112953186035,2,-3,1,-11,-2,0,0,3,23,17,0,14,16,19,sil
8.060518503189087,9,-1,9,-4,-3,-6,5,0,21,13,5,20,17,19,sil
8.060518503189087,7,-1,1,0,-6,-14,-1,-4,4,2,2,13,15,1,sil
8.06919813156128,11,8,5,0,1,-8,-3,1,4,-5,11,22,16,0,sil
8.085166454315186,21,14,3,3,4,-9,-5,3,10,-7,22,27,12,2,sil
8.085166454315186,18,12,-3,1,0,-21,-19,-6,0,-16,13,7,-3,-9,sil
8.101183891296387,8,14,0,-1,0,-14,-20,-3,-11,-25,3,-2,-16,-19,sil
8.101183891296387,4,14,0,3,6,0,-3,0,-23,-24,6,1,-8,-18,sil
8.116894483566284,0,7,0,0,3,-4,-4,-3,-33,-25,6,-4,-8,-20,sil
8.116894483566284,-12,0,-8,-11,-4,-5,-15,-1,-20,-26,-7,-21,-22,-21,sil
8.132823467254639,-15,2,-7,-9,0,16,0,5,0,-8,-18,-29,-23,-17,sil
8.132823467254639,-11,3,-3,-1,13,28,23,10,-1,6,-26,-32,-16,-10,sil
8.14898133277893,-15,-7,-12,4,12,15,23,2,-10,2,-36,-38,-21,-3,sil
8.14898133277893,-22,-10,-6,8,5,12,18,0,0,6,-26,-31,-14,4,sil
8.164154052734375,-23,-10,-6,-2,2,20,28,4,20,26,-14,-23,0,11,sil
8.164154052734375,-18,-25,-19,-21,0,12,19,-1,19,18,-29,-31,-12,7,sil
8.17987060546875,-7,-31,-14,-22,0,4,-3,-6,7,3,-29,-19,-15,3,sil
8.17987060546875,3,-19,-2,-19,-5,5,-3,0,8,17,0,7,12,11,sil
8.194971799850464,6,-19,1,-30,-11,-2,-1,-3,4,14,9,12,22,14,sil
8.194971799850464,2,-20,-3,-23,-10,-12,-9,-3,6,0,13,8,13,2,sil
8.210326194763184,5,0,-2,-3,-6,-15,-7,0,16,1,29,21,17,-2,sil
8.210326194763184,10,12,10,-8,-7,-24,-8,-2,7,0,33,31,18,0,sil
8.226141452789307,16,9,18,-10,-7,-27,-20,0,1,-5,33,34,15,4,sil
8.226141452789307,24,19,26,20,-8,-17,-23,5,5,-2,37,45,21,6,sil
8.240954637527466,24,38,24,46,-3,-8,-16,3,-8,-12,25,36,14,6,sil
8.240954637527466,12,33,17,40,18,3,-4,0,-19,-17,14,16,-1,1,sil
8.256940603256226,4,19,18,30,22,11,6,3,-15,-3,12,14,-5,-7,sil
8.256940603256226,0,21,6,33,-3,6,8,-2,-21,-8,0,10,-7,-9,sil
8.27231740951538,0,25,8,29,-7,8,4,-4,-22,-17,-7,1,-6,2,sil
8.27231740951538,4,13,10,27,8,15,13,5,-7,0,0,0,0,8,sil
8.287818670272827,7,8,0,35,8,8,18,4,0,10,-5,-4,-3,3,sil
8.287818670272827,5,9,0,29,5,3,9,0,4,1,-10,-3,-5,6,sil
8.303876161575317,0,-12,-10,-2,2,7,5,0,17,9,-3,-2,0,12,sil
8.303876161575317,-16,-40,-21,-33,-9,5,8,0,19,16,-18,-22,-4,1,sil
8.320098161697388,-28,-37,-21,-29,-11,9,11,-4,9,8,-47,-43,-20,-13,sil
8.320098161697388,-17,-23,-22,-22,0,9,10,-2,4,4,-43,-43,-20,-15,sil
8.335387468338013,-10,-22,-14,-38,2,0,2,0,9,3,-13,-28,-3,-7,sil
8.335387468338013,-13,-20,-16,-40,1,-1,-4,0,19,7,0,-19,6,-4,sil
8.351002931594849,-15,-12,-15,-23,0,-1,-11,1,15,6,-11,-14,0,-5,sil
8.351002931594849,-9,-8,-4,-19,-7,-15,-15,0,0,0,-4,-2,-1,-4,sil
8.366635799407959,4,-6,2,-20,-4,-18,-11,-5,1,3,21,17,15,0,sil
8.366635799407959,13,0,2,-24,3,-7,-14,-4,0,-2,20,26,17,1,sil
8.381889820098877,5,3,0,-25,0,-14,-20,0,-19,-22,-1,10,0,-5,sil
8.381889820098877,0,3,4,-11,-4,-28,-15,0,-35,-18,11,9,-1,-7,sil
8.397917747497559,9,11,12,1,6,-16,-6,0,-23,0,41,24,12,1,sil
8.397917747497559,13,19,4,8,3,0,-5,0,-2,2,35,18,12,3,sil
8.413295984268188,8,27,13,26,-6,1,-5,2,-6,-4,16,9,0,0,sil
8.413295984268188,16,35,21,52,1,4,-3,1,-17,-6,13,12,0,6,sil
8.429298877716064,21,25,13,49,8,15,-4,-5,-16,-9,9,4,-2,7,sil
8.429298877716064,2,3,6,23,7,25,3,-1,-15,-10,-14,-14,-19,-1,sil
8.444496393203735,-12,-2,2,20,11,28,25,0,-11,-4,-27,-20,-21,0,sil
8.444496393203735,-14,-4,0,30,10,24,34,0,7,8,-12,-9,-1,11,sil
8.460701942443848,-11,-13,-6,17,1,22,37,15,29,26,-12,-7,3,11,sil
8.460701942443848,-1,-13,-9,0,-7,18,34,18,32,27,-34,-13,-9,6,sil
8.475788116455078,2,-2,-2,-1,-12,3,16,0,20,8,-27,-9,-7,7,sil
8.475788116455078,-5,-8,-5,-8,-9,-10,1,-7,10,0,-1,-5,1,2,sil
8.491793155670166,-16,-29,-13,-35,-12,-17,-7,-5,4,-5,-9,-11,-4,-9,sil
8.491793155670166,-19,-29,-18,-44,-20,-22,-20,-4,2,-16,-23,-11,-7,-14,sil
8.507225275039673,-12,-6,-6,-28,-11,-19,-18,0,13,-12,-4,-1,4,-6,sil
8.507225275039673,0,-4,0,-29,-1,-15,-7,3,28,1,6,7,12,0,sil
8.523825883865356,9,-14,-7,-30,-9,-16,-8,0,27,11,7,11,11,2,sil
8.523825883865356,16,7,9,-5,0,-9,-9,0,18,9,27,20,16,0,sil
8.538881063461304,20,34,14,9,19,-6,-11,0,8,0,33,21,15,-3,sil
8.538881063461304,11,21,0,-4,9,-18,-29,-10,-21,-24,7,10,0,-14,sil
8.554270505905151,6,8,6,-5,0,-20,-33,-10,-50,-34,3,9,-7,-13,sil
8.554270505905151,20,21,16,17,9,-2,-10,-1,-29,-10,24,16,3,2,sil
8.571202516555786,21,25,19,25,13,12,4,0,-12,4,17,18,7,11,sil
8.571202516555786,3,8,8,25,9,18,10,1,-24,0,0,8,-4,7,sil
8.58579158782959,-11,-2,-6,25,14,25,20,4,-15,8,4,-1,-5,6,sil
8.58579158782959,-17,-6,-6,13,15,25,13,6,-3,19,11,-3,0,1,sil
8.600826263427734,-10,-9,-4,13,3,5,0,0,-17,3,-3,-17,-9,-10,sil
8.616283893585205,1,-5,0,20,-1,-4,0,-1,-19,-7,-14,-27,-18,-8,sil
8.616283893585205,-1,1,-1,12,0,11,5,-1,0,6,-10,-15,-7,1,sil
8.631897449493408,-15,-6,-11,1,-6,24,9,0,12,19,-7,-6,6,7,sil
8.631897449493408,-21,-25,-10,-15,-9,19,19,1,14,16,-7,-11,8,5,sil
8.647120714187622,-24,-27,-17,-29,-4,12,23,3,19,13,-16,-26,-3,-3,sil
8.647120714187622,-20,-13,-10,-19,-1,10,15,1,20,15,-26,-22,-13,-5,sil
8.662750482559204,1,0,11,1,0,5,11,1,20,16,-11,3,1,7,sil
8.662750482559204,18,4,5,7,0,-10,2,0,19,8,8,12,18,11,sil
8.6801118850708,15,3,2,0,-2,-22,-12,0,12,-6,5,6,12,10,sil
8.6801118850708,13,-4,3,-3,-7,-17,-6,6,18,0,8,11,9,17,sil
8.694819450378418,11,-5,0,-7,-9,-14,0,1,23,6,15,14,8,14,sil
8.694819450378418,2,0,-3,-17,-10,-22,-17,-5,7,-12,1,6,0,0,sil
8.709920406341553,0,0,-6,-22,-13,-28,-32,-4,-15,-32,-4,8,0,-7,sil
8.709920406341553,1,0,-1,-11,-12,-24,-29,-5,-27,-33,1,15,-1,-9,sil
8.725112199783325,5,12,0,1,-7,-14,-16,-6,-22,-20,3,10,-7,-10,sil
8.725112199783325,5,13,3,-1,-2,-15,-11,-5,-19,-13,5,6,0,-9,sil
8.740559339523315,-3,3,4,-16,0,-14,-13,-3,-24,-23,-2,-2,-10,-18,sil
8.740559339523315,-8,8,-3,-7,1,0,-2,-4,-22,-31,-19,-15,-36,-26,sil
8.756617307662964,2,20,4,13,12,11,2,2,-10,-21,-8,-4,-29,-13,goodbye
8.756617307662964,0,15,5,16,16,6,-3,7,-4,-9,1,0,-8,-5,goodbye
8.772161722183228,-13,1,-7,4,4,7,0,3,-7,-3,-13,-19,-12,-16,goodbye
8.772161722183228,-9,0,-3,4,1,20,18,4,-3,5,-17,-20,-13,-13,goodbye
8.788139343261719,0,-5,3,11,6,24,16,3,2,19,-5,-10,0,0,goodbye
8.788139343261719,-5,-12,7,11,4,22,2,-1,-2,25,-1,-12,6,5,goodbye
8.803297758102417,7,1,15,26,15,36,25,8,16,40,13,1,26,26,goodbye
8.803297758102417,28,13,22,41,32,47,57,17,57,64,30,25,51,46,goodbye
8.818845272064209,18,0,17,29,31,36,53,11,62,71,23,19,43,41,goodbye
8.818845272064209,11,1,5,25,26,21,45,6,55,63,25,12,33,39,goodbye
8.833932638168335,27,13,12,21,15,6,29,1,45,38,32,32,42,42,goodbye
8.833932638168335,16,-10,-3,-17,-18,-26,-15,-17,-2,-9,3,28,20,16,goodbye
8.848975658416748,-21,-41,-36,-57,-45,-55,-54,-25,-49,-51,-25,-8,-24,-21,goodbye
8.848975658416748,-34,-36,-37,-58,-41,-52,-58,-12,-50,-57,-14,-24,-31,-44,goodbye
8.864763498306274,-23,-10,-26,-41,-32,-31,-41,-6,-38,-45,0,-14,-15,-46,goodbye
8.864763498306274,-14,11,-5,-17,-20,-14,-26,-6,-40,-41,-5,-6,-22,-26,goodbye
8.88076400756836,-9,13,5,7,-3,-5,-28,-1,-42,-43,-19,-19,-40,-18,goodbye
8.88076400756836,-14,0,1,10,0,2,-25,-1,-35,-36,-19,-25,-38,-23,goodbye
8.896341562271118,-20,-6,0,-3,0,13,0,3,-8,-5,-5,-6,-14,-9,goodbye
8.896341562271118,-10,-9,-3,-9,1,12,20,14,24,29,-3,0,2,7,goodbye
8.912336111068726,-1,-10,0,-7,-4,-2,17,7,33,31,-10,-8,3,9,goodbye
8.912336111068726,-2,0,0,-6,-10,-18,2,-3,24,7,0,5,4,6,goodbye
8.927165269851685,7,12,-6,-14,-4,-23,-19,-3,12,-11,15,24,10,0,goodbye
8.927165269851685,21,11,6,-17,1,-19,-32,0,-1,-15,20,26,13,-5,goodbye
8.942782640457153,23,12,19,9,8,-3,-10,2,-3,0,19,15,10,2,goodbye
8.942782640457153,17,20,18,39,23,22,21,5,7,13,1,0,0,5,goodbye
8.958330392837524,7,15,11,32,21,32,26,9,6,8,-16,-10,-8,0,goodbye
8.958330392837524,8,5,7,25,10,17,16,5,-4,7,-6,-8,0,3,goodbye
8.974416494369507,21,16,24,39,19,16,25,4,2,18,8,8,9,15,goodbye
8.974416494369507,17,18,18,33,19,28,39,4,20,22,4,12,13,23,goodbye
8.989139556884766,-4,-9,-4,0,-3,13,27,-2,9,11,-8,-7,10,13,goodbye
8.989139556884766,-7,-20,-8,-7,-7,-4,16,-2,-2,1,-15,-16,0,2,goodbye
9.004382133483887,0,-6,-8,2,3,1,16,1,10,8,-8,-4,-1,10,goodbye
9.004382133483887,-14,-13,-19,-12,-4,0,-1,0,9,7,-9,-5,2,10,goodbye
9.019965887069702,-22,-23,-31,-31,-15,-17,-22,-5,-6,-4,-18,-19,-2,-10,goodbye
9.019965887069702,-12,-10,-20,-20,-7,-20,-18,-8,-5,-3,-10,-12,-10,-12,goodbye
9.03606414794922,-7,-3,-5,-10,0,-8,-12,-7,-4,-5,2,0,-8,-3,goodbye
9.03606414794922,-7,-11,-6,-21,-5,-5,-17,-4,-7,-27,0,4,-4,-13,goodbye
9.052089214324951,2,-6,6,-22,-9,-9,-15,0,-2,-32,4,13,0,-16,goodbye
9.052089214324951,12,12,10,0,0,-6,-10,1,0,-5,22,14,2,-5,goodbye
9.067673683166504,9,18,5,12,10,0,-16,0,-9,6,26,12,1,-4,goodbye
9.067673683166504,3,8,7,1,6,4,-19,-1,-14,-3,24,12,0,-7,goodbye
9.082832098007202,1,3,3,0,-5,2,-14,-3,-16,-10,21,4,0,-5,goodbye
9.082832098007202,-1,10,5,8,-4,-3,-9,-2,-23,-4,14,1,-1,-1,goodbye
9.099026679992676,-4,11,4,8,5,3,1,0,-17,6,7,4,3,3,goodbye
9.099026679992676,-8,7,4,4,7,18,14,1,1,12,-1,-7,7,2,goodbye
9.11321496963501,-11,-2,5,6,-1,18,19,3,13,10,-17,-14,0,-6,goodbye
9.129780769348145,-7,-13,-3,8,-6,8,25,1,9,10,-29,-14,-13,-3,goodbye
9.129780769348145,1,-9,0,3,-2,4,23,1,0,4,-29,-18,-14,11,goodbye
9.129780769348145,6,1,2,0,0,0,16,7,8,8,-14,-8,4,17,goodbye
9.14486026763916,1,-4,-4,-11,-7,-5,10,4,29,19,2,7,21,15,goodbye
9.14486026763916,0,-18,-9,-27,-16,-13,-1,0,24,6,-3,2,14,9,goodbye
9.160178184509276,4,-10,-14,-16,-12,-18,-10,2,16,-9,-19,-8,5,1,goodbye
9.175200700759888,4,0,-4,-14,0,-10,-2,7,26,-6,-2,5,12,0,goodbye
9.175200700759888,5,-6,-2,-38,-3,-4,1,6,26,0,22,22,12,4,goodbye
9.191848516464232,10,-6,-1,-24,-11,-20,-18,-6,0,-14,12,16,-2,-4,goodbye
9.191848516464232,6,13,16,23,2,-25,-36,-13,-21,-30,-1,11,-11,-17,goodbye
9.205973386764526,0,26,15,36,18,-2,-20,-7,-24,-18,10,10,-9,-15,goodbye
9.205973386764526,7,21,4,27,16,5,-3,-1,-34,-5,19,7,-7,-5,goodbye
9.221163749694824,15,21,13,44,15,1,-4,-1,-35,-4,15,5,-6,0,goodbye
9.221163749694824,10,21,14,58,22,14,0,-1,-13,8,15,1,-5,6,goodbye
9.237189769744871,-3,4,3,38,21,23,10,0,-5,12,3,-11,-17,2,goodbye
9.237189769744871,-16,-12,-8,15,8,21,12,1,-8,1,-18,-22,-31,-7,goodbye
9.25293493270874,-17,-13,-7,8,3,24,14,1,0,5,-19,-19,-20,-5,goodbye
9.25293493270874,-10,-9,-4,0,2,19,20,10,8,21,-6,-9,9,7,goodbye
9.26823377609253,-9,-11,-11,-19,-3,10,28,10,16,24,-5,-4,26,10,goodbye
9.26823377609253,-13,-14,-6,-30,-7,11,20,0,16,13,-12,-5,11,4,goodbye
9.28377079963684,-7,-16,-4,-23,-11,2,-2,-5,0,-2,-17,-11,-7,0,goodbye
9.28377079963684,-6,-18,-12,-30,-16,-9,-13,-5,-14,-6,-18,-10,-3,0,goodbye
9.299839973449709,-11,-15,-17,-51,-14,-9,-9,-1,-4,3,-12,-1,7,0,goodbye
9.299839973449709,0,-3,-8,-40,-11,-10,-5,0,9,3,-2,2,7,2,goodbye
9.315892696380615,11,2,3,-19,-9,-16,0,0,9,-9,4,5,7,3,goodbye
9.315892696380615,0,-8,-8,-25,-9,-19,2,-1,10,-12,6,2,11,3,goodbye
9.330994129180908,0,-11,-5,-29,-12,-15,-8,-4,18,-4,5,0,9,0,goodbye
9.330994129180908,12,3,14,-10,-12,-9,-19,1,22,-1,10,11,10,0,goodbye
9.346101999282835,9,8,4,2,-3,-11,-14,8,20,0,19,17,15,-1,goodbye
9.346101999282835,5,10,0,10,4,-17,-9,2,10,-1,19,14,11,-5,goodbye
9.361668825149536,23,27,17,28,6,-8,-8,-4,-3,0,20,18,5,0,goodbye
9.361668825149536,31,34,27,38,10,0,-4,-2,-10,0,29,20,2,9,goodbye
9.377745151519775,16,24,21,34,14,1,0,-2,-16,-10,15,9,-11,-2,goodbye
9.377745151519775,0,15,3,27,12,0,2,-7,-24,-20,-13,-5,-23,-20,goodbye
9.393790483474731,-6,9,0,16,7,2,1,-4,-19,-18,-13,-8,-14,-16,goodbye
9.393790483474731,-3,3,-2,14,4,11,0,1,-8,-4,3,-9,-10,-5,goodbye
9.409902811050417,-1,0,-5,23,7,12,1,0,-15,0,-4,-15,-20,-4,goodbye
9.409902811050417,-14,-4,-1,23,9,9,-2,-2,-24,-5,-21,-15,-15,-2,goodbye
9.425034284591677,-23,-10,-4,15,3,14,-4,0,-10,4,-8,-6,3,2,goodbye
9.425034284591677,-8,-11,-1,13,7,21,9,5,1,18,5,3,6,9,goodbye
9.440471649169922,-3,-10,-2,12,10,19,26,7,3,16,-10,0,-1,7,goodbye
9.440471649169922,-20,-14,-9,-2,-6,15,20,1,3,10,-32,-14,-8,-1,goodbye
9.455695152282717,-18,-19,-2,-18,-12,10,12,2,7,14,-21,-12,-3,4,goodbye
9.455695152282717,5,-13,1,-16,-3,1,14,3,20,19,0,5,9,20,goodbye
9.471750497817991,8,-5,-5,-25,-7,-5,4,0,21,7,1,10,13,15,goodbye
9.471750497817991,-9,-14,-17,-39,-16,-5,0,6,15,2,-2,-4,4,4,goodbye
9.487818002700806,-20,-28,-22,-32,-16,-5,0,2,14,7,-5,-17,-2,0,goodbye
9.487818002700806,-10,-15,-6,-22,-11,-8,-10,-7,8,0,-8,-6,-3,-6,goodbye
9.503751039505005,10,12,1,-18,0,-9,-11,-1,5,-7,4,10,3,-4,sil
9.503751039505005,15,10,1,-17,3,-12,0,5,2,-5,18,9,9,-1,sil
9.51916217803955,9,-1,3,-14,-5,-15,-1,-1,-1,-7,11,4,9,-7,sil
9.51916217803955,23,8,7,-2,-2,-12,-10,-1,2,-2,14,15,17,0,sil
9.535046339035034,38,20,17,3,7,-13,-7,1,4,2,30,29,28,13,sil
9.535046339035034,26,14,12,4,5,-17,-10,-3,-3,-9,22,20,16,2,sil
9.55018424987793,1,9,2,3,0,-11,-27,-8,-19,-32,0,-1,-12,-14,sil
9.55018424987793,-7,10,-5,3,0,-5,-27,-2,-31,-40,-9,-16,-29,-18,sil
9.565755128860474,-3,13,-2,20,5,0,-5,0,-23,-20,-3,-10,-20,-19,sil
9.565755128860474,-2,22,16,34,9,9,6,0,-7,0,4,3,-4,-11,sil
9.581824779510498,-5,17,6,25,8,11,7,-1,0,7,8,0,0,1,sil
9.581824779510498,-3,-1,-2,16,11,10,9,-2,2,11,7,-2,-1,8,sil
9.597376108169556,0,-7,4,21,10,10,7,0,5,15,0,-2,-1,9,sil
9.597376108169556,-5,-1,2,17,1,11,7,1,4,13,-12,-11,-3,5,sil
9.61316990852356,-14,-4,0,5,0,18,14,-1,2,14,-13,-9,-7,0,sil
9.61316990852356,-20,-17,-5,5,2,21,17,-1,2,19,-13,-3,-7,0,sil
9.628194332122805,-20,-25,-11,0,-3,14,11,1,2,20,-24,-14,-7,0,sil
9.628194332122805,-11,-15,-6,-11,-8,7,4,1,5,17,-21,-11,0,8,sil
9.643385410308838,1,-2,-1,-8,-9,-5,0,-3,5,9,-3,6,13,12,sil
9.643385410308838,6,-5,3,-4,-10,-17,-1,0,4,3,-1,8,16,8,sil
9.659271955490112,6,-10,-2,-12,-8,-5,4,8,19,11,0,3,16,12,sil
9.659271955490112,6,-7,-5,-24,-2,0,8,8,23,5,10,8,18,8,sil
9.675061702728271,3,-4,-3,-25,-2,-14,-3,3,1,-20,8,4,3,-11,sil
9.675061702728271,5,1,-10,-13,-10,-20,-20,-3,-10,-30,3,-7,-10,-18,sil
9.691073656082152,12,14,7,-3,-2,-10,-26,-2,-8,-22,18,3,-1,-1,sil
9.691073656082152,11,13,13,-2,5,-6,-15,0,-6,-17,25,12,1,0,sil
9.70669436454773,-3,0,-9,-13,-4,-8,-5,-5,-13,-19,0,-6,-20,-22,sil
9.70669436454773,-12,4,-12,-20,-5,0,-5,-6,-23,-21,-19,-11,-26,-25,sil
9.721773147583008,-3,18,0,0,12,7,-1,1,-14,-7,-1,7,-8,-3,sil
9.721773147583008,-5,13,6,15,11,3,1,3,-6,3,10,6,-8,0,sil
9.737840175628662,-9,6,7,18,1,4,4,3,-5,2,-1,-5,-13,0,sil
9.737840175628662,9,11,14,30,6,13,17,3,9,13,-1,9,9,17,sil
9.753127813339232,21,2,15,30,9,13,25,4,19,29,5,20,26,29,sil
9.753127813339232,5,-10,0,11,3,11,26,1,3,21,-4,-3,9,16,sil
9.768938302993774,-5,-9,-2,11,8,19,24,0,0,5,-13,-21,-3,2,sil
9.768938302993774,-5,-10,-6,12,11,14,11,-1,16,8,-15,-16,1,0,sil
9.78408432006836,-3,-16,-14,-11,0,-2,-5,0,19,14,-15,-12,8,1,sil
9.78408432006836,2,-9,-6,-21,-7,-14,-12,-3,16,1,-3,-3,6,1,sil
9.800216913223268,3,-8,-10,-14,-15,-20,-19,-6,9,-15,2,2,2,-6,sil
9.800216913223268,0,-13,-10,-33,-20,-24,-29,-3,-3,-13,11,12,8,-10,sil
9.816155910491943,17,4,4,-32,-9,-20,-21,3,0,4,38,33,25,0,sil
9.816155910491943,32,29,21,18,4,-10,-14,-1,-3,6,44,40,24,8,sil
9.831791162490845,5,24,25,36,8,-1,-24,-13,-36,-11,10,15,0,0,sil
9.831791162490845,-29,-3,-6,0,0,1,-18,-13,-48,-21,-17,-21,-27,-22,sil
9.846963167190552,-35,-13,-14,-17,-7,3,-1,-2,-34,-19,-28,-30,-39,-32,sil
9.846963167190552,-25,-3,4,-1,-9,9,6,10,-19,-11,-27,-18,-28,-16,sil
9.863064050674438,-17,0,1,6,-8,8,17,9,5,1,-16,-15,-11,0,sil
9.863064050674438,-8,-6,-1,3,-2,6,21,6,26,11,-9,-19,-7,4,sil
9.87909483909607,0,-9,0,4,3,7,16,6,26,17,-9,-17,-5,6,sil
9.87909483909607,5,-9,-5,-3,2,6,10,1,22,16,-6,-6,5,10,sil
9.89517307281494,2,-7,-10,-20,-4,6,2,0,17,7,-1,9,16,14,sil
9.89517307281494,-1,-6,-13,-22,-2,3,0,-1,4,-2,5,15,16,11,sil
9.910763263702393,5,-1,-6,-13,3,-10,2,-4,-5,-15,10,10,8,0,sil
9.910763263702393,21,18,0,8,12,-12,0,0,0,-12,15,13,6,-6,sil
9.92679476737976,29,41,16,32,23,6,0,8,10,3,32,28,14,6,sil
9.92679476737976,34,45,31,44,26,21,9,10,19,14,39,33,19,26,sil
9.942830801010132,34,31,23,50,24,15,20,8,22,24,28,24,22,29,sil
9.942830801010132,18,9,17,35,28,11,24,7,16,30,18,13,16,17,sil
9.95888376235962,1,-10,6,0,13,10,22,0,5,17,0,-8,0,4,sil
9.95888376235962,-14,-27,-12,-19,-16,-6,1,-12,-18,-5,-30,-30,-16,-8,sil
9.974188804626465,-36,-36,-23,-21,-29,-20,-24,-16,-46,-23,-47,-37,-30,-23,sil
9.974188804626465,-42,-37,-25,-26,-25,-15,-30,-8,-40,-26,-42,-36,-34,-22,sil
9.989751815795898,-29,-30,-22,-39,-28,-16,-24,-6,-5,-13,-31,-22,-22,-10,sil
9.989751815795898,-11,-24,-19,-41,-31,-23,-16,-7,11,-3,-18,-5,-8,-13,sil
10.00578260421753,0,-16,-6,-30,-23,-15,-16,-1,-1,-16,-2,1,-8,-23,sil
10.005996227264404,-1,0,2,-17,-11,-11,-22,0,-20,-30,12,11,-5,-18,sil
10.021390676498411,-2,20,0,-3,0,-10,-15,-5,-14,-20,25,21,0,-2,sil
10.021390676498411,6,30,14,13,14,4,-2,-2,0,-4,18,14,-6,1,sil
10.036542177200316,11,24,16,33,21,21,7,5,0,5,-2,-8,-14,-2,sil
10.036542177200316,0,10,2,37,14,25,22,2,0,16,-3,-12,-3,5,sil
10.052108764648438,-8,1,1,21,8,25,31,2,15,26,3,0,8,21,sil
10.052108764648438,-4,-5,0,4,9,18,27,9,27,32,-6,-7,14,19,sil
10.073076725006104,1,-13,-3,-10,6,3,18,6,26,27,-11,-16,22,7,sil
10.073076725006104,7,-9,-2,-14,0,-3,12,3,23,12,3,6,25,6,sil
10.083456993103027,17,2,6,-4,0,-2,6,2,23,0,12,27,16,6,sil
10.083456993103027,17,12,13,-5,5,-8,-5,0,10,-10,8,18,7,0,sil
10.09982705116272,0,11,-4,-11,-8,-23,-22,-5,-12,-18,12,6,1,-10,sil
10.114812850952148,-5,9,-4,-1,-10,-25,-33,-3,-18,-16,26,17,6,-9,sil
10.114812850952148,8,10,12,6,6,-10,-28,3,-6,0,25,22,16,3,sil
10.114812850952148,11,9,10,6,4,-7,-20,0,-15,0,10,6,9,4,sil
10.13042402267456,0,10,6,18,-5,-7,-13,-2,-30,-8,3,0,0,-5,sil
10.13042402267456,0,9,2,33,3,12,4,1,-21,-5,-3,-3,5,-4,sil
10.145223379135132,-2,-5,0,17,6,30,16,1,-16,-7,-27,-19,0,0,sil
10.145223379135132,-11,-16,-3,4,-2,25,19,-3,-13,-11,-34,-23,-15,-1,sil
10.160788536071776,-14,-13,-10,7,-1,19,25,0,0,1,-19,-17,-10,-3,sil
10.175814151763916,-15,-19,-8,-8,0,13,24,6,5,9,-17,-18,0,-2,sil
10.175814151763916,-8,-28,-11,-23,-6,-1,11,3,10,6,-17,-15,3,2,sil
10.19096040725708,9,-14,-2,-17,-2,-10,0,-2,27,12,0,6,13,12,sil
10.19096040725708,22,3,8,-11,5,-10,-1,0,38,20,23,28,23,20,sil
10.20612359046936,21,6,3,-13,4,-13,-3,0,30,15,33,33,20,20,sil
10.20612359046936,16,8,7,-11,1,-18,-14,-4,4,-3,28,29,3,5,sil
10.222213745117188,6,13,2,-2,0,-15,-15,-4,-11,-15,14,10,-20,-13,sil
10.222213745117188,-6,9,-8,0,0,-3,-7,-4,-11,-10,4,-11,-41,-16,sil
10.237905263900757,-16,2,-5,-5,0,1,0,-1,-8,-8,-4,-20,-47,-11,sil
10.237905263900757,-16,2,-5,3,1,3,6,0,-6,-3,-8,-22,-40,-11,sil
10.253490447998049,-11,8,0,20,6,12,3,2,-6,3,-9,-18,-38,-9,sil
10.253490447998049,-12,10,0,20,5,9,-7,1,-13,4,-20,-21,-42,-6,sil
10.268917798995972,-17,-4,-11,3,1,1,-7,0,-16,-2,-27,-29,-40,-8,sil
10.268917798995972,-21,-18,-19,-10,-3,5,4,0,-14,-10,-29,-29,-37,-15,sil
10.28374981880188,-18,-17,-13,-9,-14,6,13,-3,-6,-6,-34,-22,-36,-9,sil
10.28374981880188,-5,-7,4,0,-12,5,20,0,13,10,-24,-3,-16,10,sil
10.299377918243408,10,0,6,0,3,17,24,14,34,24,1,13,12,24,sil
10.299377918243408,13,-4,-3,-6,4,11,8,9,28,16,10,15,27,18,sil
10.314773797988892,9,-11,-4,-16,-9,-12,-8,-4,13,3,10,17,36,10,sil
10.314773797988892,17,-1,4,-9,-11,-22,-10,-2,12,5,26,25,52,9,sil
10.330882787704468,19,7,19,-1,-4,-22,-19,-1,0,-5,24,26,65,2,sil
10.330882787704468,7,0,6,-9,-11,-27,-36,-7,-26,-27,6,16,76,-11,sil
10.346429824829102,3,2,-3,-18,-15,-25,-32,-6,-25,-26,16,19,91,-13,sil
10.346429824829102,16,19,23,-4,1,-7,-19,0,-7,-13,35,33,115,0,sil
10.36237359046936,21,21,27,18,18,1,-16,-3,-10,-10,26,24,150,6,sil
10.36237359046936,7,22,11,25,21,0,-11,-1,-23,-11,12,7,128,-4,sil
10.377962589263916,-1,23,5,20,16,0,3,8,-18,-2,17,7,0,-11,sil
10.377962589263916,0,12,4,17,12,8,13,2,-13,2,15,7,-127,-8,sil
10.39305067062378,-2,1,5,22,9,14,15,0,-10,1,0,-4,-134,-1,sil
10.39305067062378,-2,5,2,33,9,26,28,7,14,15,-4,-7,-89,10,sil
10.409226417541504,3,7,5,37,13,34,34,7,32,31,2,2,-77,21,sil
10.409226417541504,1,-1,0,29,10,22,28,0,23,22,0,-6,-75,13,sil
10.424462080001833,-7,-15,-12,9,-1,10,23,0,10,7,-11,-26,-58,4,sil
10.424462080001833,-15,-25,-16,-10,-12,9,18,2,5,7,-17,-22,-38,7,sil
10.440264225006104,-17,-29,-25,-19,-14,4,8,0,6,13,-16,-16,-20,3,sil
10.440264225006104,-11,-26,-17,-22,-10,-8,2,-3,4,10,-17,-27,-10,-5,sil
10.45620346069336,-11,-21,-15,-29,-10,-12,-1,-2,-3,0,-31,-36,-17,-9,sil
10.45620346069336,-23,-24,-29,-37,-17,-6,-8,-6,-10,-10,-52,-37,-26,-15,sil
10.47112202644348,-18,-23,-17,-42,-15,-3,-7,-4,-4,-17,-51,-28,-11,-15,sil
10.47112202644348,3,-7,-4,-31,-2,-4,-3,4,13,-4,-23,-9,12,-1,sil
10.486829280853271,8,6,-3,-21,0,-3,-8,3,21,13,-2,4,27,2,sil
10.486829280853271,0,1,-3,-29,-5,-7,-13,0,4,8,-1,3,29,0,sil
10.502734899520874,0,-6,-3,-33,-9,-16,-21,-4,-15,-16,-3,-1,24,-1,sil
10.502734899520874,-2,0,3,-24,-3,-17,-34,-9,-24,-31,3,5,16,-5,sil
10.518186092376707,-6,12,4,-12,2,-15,-34,-9,-21,-26,12,8,12,-16,sil
10.518186092376707,2,20,4,4,6,-15,-23,-3,-11,-23,14,12,14,-16,sil
10.534185647964478,17,30,20,25,6,-10,-12,2,7,-12,26,35,29,3,sil
10.534185647964478,26,36,27,36,7,-1,0,4,29,16,56,50,47,20,sil
10.550313472747805,25,29,30,39,11,1,3,9,30,25,62,40,36,13,sil
10.550313472747805,17,23,26,50,14,0,7,9,9,7,37,28,13,5,sil
10.56582808494568,11,19,20,49,9,-1,8,-1,-14,-3,23,29,14,9,sil
10.56582808494568,7,11,14,29,0,0,5,-6,-28,-9,16,18,16,0,sil
10.58174180984497,0,0,-1,20,-1,7,11,0,-17,-16,-2,-6,-6,-11,sil
10.58174180984497,-6,-6,-6,18,7,15,18,2,0,-9,-10,-12,-17,-4,sil
10.59682035446167,-8,-10,-7,10,8,20,13,3,3,4,-2,-6,-7,0,sil
10.59682035446167,-9,-10,-8,2,4,18,11,4,0,6,-7,-16,-6,0,sil
10.61207103729248,-7,-7,-3,-1,2,14,15,0,4,7,-19,-22,-7,5,sil
10.61207103729248,-2,-12,-5,-11,-4,8,14,-4,4,17,-17,-16,-5,8,sil
10.627506017684937,-5,-19,-8,-19,-4,11,11,-2,-1,14,-13,-16,-14,0,sil
10.627506017684937,-7,-14,-14,-8,6,21,15,4,4,15,-15,-23,-14,2,sil
10.642803192138672,-8,-12,-14,-4,5,16,15,3,8,25,-17,-19,-2,9,sil
10.642803192138672,-13,-19,-11,-28,-7,0,6,0,-9,13,-22,-14,-8,-1,sil
10.658973693847656,-17,-17,-20,-32,-6,-5,-3,-1,-16,-2,-24,-21,-21,-14,sil
10.658973693847656,-14,-7,-8,-10,0,-5,-6,1,-1,2,-19,-16,-12,0,sil
10.67498254776001,-3,-7,0,-6,-8,-10,-4,4,6,6,-14,0,0,10,sil
10.67498254776001,8,-9,-3,-23,-23,-15,-8,2,0,-3,-5,11,0,2,sil
10.689984321594238,8,-6,2,-23,-22,-14,-10,0,-7,-5,1,15,-3,1,sil
10.705150842666626,5,-1,3,-6,-11,-10,0,-6,-5,3,6,6,2,8,sil
10.705150842666626,16,10,13,2,0,-8,-1,-9,-4,2,13,9,6,2,sil
10.705150842666626,22,23,16,10,3,-14,-14,-3,-11,-4,12,19,0,-3,sil
10.720217227935793,10,9,0,4,-3,-21,-17,-2,-19,-13,8,13,0,-2,sil
10.735844612121582,0,-6,-4,-19,-14,-19,-20,-6,-12,-22,15,10,11,0,sil
10.735844612121582,0,3,-6,-19,-12,-14,-28,-6,6,-26,15,12,8,-7,sil
10.751177787780762,4,17,6,1,-1,-10,-23,0,14,-23,5,10,-6,-14,sil
10.751177787780762,4,15,16,7,5,-5,-14,3,17,-18,12,9,-10,-12,sil
10.766457557678224,-7,8,-2,2,2,-5,-21,0,19,-21,6,-4,-9,-16,sil
10.766457557678224,-15,10,-5,10,-4,-1,-19,0,15,-23,-10,-21,-17,-23,sil
10.781994104385376,-2,25,6,36,5,17,9,7,32,0,8,-7,-6,-4,sil
10.781994104385376,-1,22,4,34,18,25,24,4,56,9,21,7,6,8,sil
10.797106266021729,-14,-5,-3,5,6,15,13,-3,49,-8,-8,-10,-7,-9,sil
10.797106266021729,-9,-11,0,11,8,20,24,0,16,-2,-21,-24,-15,-7,sil
10.812199831008911,-2,5,5,26,28,31,35,7,-32,19,-6,-8,9,17,sil
10.812199831008911,-7,-5,-6,10,16,18,19,8,-75,21,-4,-1,22,19,sil
10.828218936920166,-4,-23,-5,3,5,7,15,5,-61,23,-7,-1,17,14,goodbye
10.828218936920166,7,-7,7,9,32,16,35,8,-11,39,3,7,24,26,goodbye
10.84413719177246,8,0,-1,1,41,19,33,1,1,43,9,4,28,26,goodbye
10.84413719177246,0,-11,-4,-5,22,3,6,-7,-12,24,4,-1,17,12,goodbye
10.859855651855469,2,-12,4,-3,13,-8,-3,-3,0,19,8,10,13,8,goodbye
10.859855651855469,16,0,12,-7,15,-8,0,0,22,26,16,24,15,12,goodbye
10.875289916992188,18,0,7,-14,11,-9,-2,-2,20,10,3,13,3,8,goodbye
10.875289916992188,11,-9,-3,-15,0,-16,-6,-1,15,-5,-10,0,-8,0,goodbye
10.89131212234497,10,-8,-2,-15,-4,-16,-9,3,24,-1,0,8,-1,-3,goodbye
10.89131212234497,2,-4,-10,-21,-8,-22,-20,0,22,-8,6,10,2,-8,goodbye
10.90694284439087,-8,-6,-17,-31,-35,-38,-33,-6,-1,-33,-6,-2,-12,-21,goodbye
10.90694284439087,0,1,1,-25,-47,-27,-28,-2,-20,-41,-7,1,-24,-25,goodbye
10.922478914260864,3,17,6,0,-43,-6,-20,-3,-20,-39,0,3,-23,-22,goodbye
10.922478914260864,-17,8,-5,10,-60,-9,-30,-13,-31,-45,-13,-17,-35,-31,goodbye
10.938135623931885,-26,-9,-13,-11,-75,-6,-32,-10,-44,-41,-30,-30,-44,-35,goodbye
10.938135623931885,-3,-9,1,-39,-79,7,-18,-1,-38,-26,-21,-23,-30,-20,goodbye
10.953866720199583,-2,-3,8,-11,-76,9,-8,1,-26,-12,-12,-18,-16,-4,goodbye
10.953866720199583,-20,0,-8,39,-29,13,4,6,-8,11,-8,-18,-5,4,goodbye
10.96900486946106,-11,13,-5,34,-10,24,29,9,7,21,0,-8,4,11,goodbye
10.96900486946106,-5,17,1,15,-49,28,40,8,10,6,0,-9,2,4,goodbye
10.984190225601196,-15,7,-4,31,-5,27,33,3,5,6,-6,-12,2,3,goodbye
10.984190225601196,1,3,3,32,107,17,25,0,8,26,10,6,20,28,goodbye
10.99988889694214,24,11,12,15,140,6,23,-2,15,30,32,23,30,44,goodbye
10.99988889694214,14,12,15,9,108,4,11,-1,8,17,21,21,27,29,goodbye
11.01579737663269,3,-6,3,0,99,-1,1,1,2,14,3,18,24,13,goodbye
11.01579737663269,13,-17,-3,-11,108,-9,8,5,24,22,9,20,24,13,goodbye
11.03104329109192,15,-1,10,-8,93,-8,6,9,48,24,14,20,24,12,goodbye
11.03104329109192,3,-5,3,-14,17,-16,-9,0,41,12,0,11,18,3,goodbye
11.04640245437622,1,-19,-8,-24,-39,-25,-16,-8,24,-2,0,7,8,0,goodbye
11.04640245437622,17,0,0,-3,-22,-13,-9,-2,27,-5,16,18,8,-1,goodbye
11.0622456073761,16,16,1,11,-20,-4,-9,2,36,-3,22,19,6,-9,goodbye
11.0622456073761,-4,-3,-5,-13,-67,-9,-16,1,46,-4,11,8,-4,-19,goodbye
11.077756881713867,-5,-6,-8,-23,-71,-3,-16,0,62,-6,2,-3,-7,-20,goodbye
11.077756881713867,8,15,3,4,-41,3,-18,-3,28,-13,0,-9,-11,-21,goodbye
11.09316062927246,1,12,5,19,-41,-2,-20,-8,-68,-26,-8,-19,-34,-26,goodbye
11.09316062927246,-21,1,-8,6,-41,-2,-8,-5,-121,-28,-28,-31,-46,-28,goodbye
11.109220027923584,-30,2,-6,0,-11,11,4,5,-88,-19,-30,-28,-30,-21,goodbye
11.109220027923584,-16,2,0,11,3,19,9,7,-52,-4,-16,-19,-14,-9,goodbye
11.125060796737673,-3,0,4,20,1,15,13,-1,-47,4,-8,-14,-9,6,goodbye
11.125060796737673,0,0,6,11,5,21,21,0,-27,21,0,3,4,27,goodbye
11.140970468521118,4,0,7,7,6,29,23,3,12,43,14,20,28,43,goodbye
11.140970468521118,13,-7,11,4,-8,13,10,0,21,25,9,12,29,36,goodbye
11.155810356140137,4,-15,-10,-17,-24,-15,-3,-5,0,-13,-11,-7,4,12,goodbye
11.171327352523804,-8,-21,-20,-40,-25,-31,-11,-7,-4,-30,-14,-10,-13,-4,goodbye
11.171327352523804,-6,-18,-3,-38,-19,-24,-12,-6,1,-27,-5,0,-11,-14,goodbye
11.171327352523804,0,-5,-7,-24,-9,-15,-10,-2,-1,-19,-6,0,-7,-19,goodbye
11.18692708015442,-5,4,-13,-10,6,-11,-6,6,0,-10,0,-4,-6,-13,goodbye
11.18692708015442,-11,6,0,8,25,-1,2,16,17,2,11,-2,2,-3,goodbye
11.20207405090332,-5,6,7,25,35,20,19,7,25,24,-3,-4,0,0,goodbye
11.20207405090332,0,1,5,23,36,36,30,-4,22,40,-22,-10,-3,8,goodbye
11.218228816986084,6,-5,0,11,21,20,21,-2,27,33,-7,-10,9,18,goodbye
11.218228816986084,15,-5,1,-3,5,-5,1,1,24,14,10,4,22,16,goodbye
11.232823133468628,11,-4,-2,-12,4,-11,-4,-1,22,1,4,13,16,7,goodbye
11.232823133468628,0,-4,-3,-16,9,-14,-7,-7,21,-9,-1,9,4,-3,goodbye
11.247991561889648,0,5,4,-15,3,-25,-22,-7,1,-25,4,8,0,-13,goodbye
11.26368260383606,12,21,3,3,2,-24,-25,1,-12,-26,14,10,3,-16,goodbye
11.26368260383606,9,20,6,20,8,-11,-15,8,-5,-15,23,15,1,-13,goodbye
11.27934718132019,0,10,1,10,0,-1,-10,2,0,-10,25,20,0,-6,goodbye
11.27934718132019,0,9,0,0,-9,0,-11,0,-2,-8,12,15,2,-1,goodbye
11.295949697494509,2,16,15,13,2,0,-8,6,-2,0,7,8,7,-1,goodbye
11.295949697494509,4,12,11,24,5,5,0,-1,-4,6,11,6,6,2,goodbye
11.295949697494509,0,-1,4,8,-11,9,3,-12,-21,-2,0,5,-4,8,goodbye
11.310319662094116,-2,-1,6,3,-13,4,1,-7,-34,-7,-11,0,-13,4,goodbye
11.325766324996948,5,7,10,21,-2,2,6,0,-23,0,0,1,-4,3,goodbye
11.325766324996948,4,1,5,16,-2,8,12,0,-7,-1,5,4,-3,9,goodbye
11.341421127319336,-11,-15,-18,-7,-4,9,10,-1,0,0,-9,-14,-20,-2,goodbye
11.341421127319336,-11,-14,-16,-7,-3,9,7,6,9,16,-14,-23,-19,-16,goodbye
11.356622457504272,0,-4,-2,8,-2,17,10,15,20,30,-3,-8,2,-3,goodbye
11.356622457504272,-2,-7,-9,0,-1,12,14,7,17,16,-4,-7,9,6,goodbye
11.37211012840271,-11,-12,-10,-21,-2,1,8,-3,-1,-5,-14,-15,0,1,goodbye
11.37211012840271,-11,-10,-7,-23,-3,4,4,-1,-9,0,-14,-18,-4,0,goodbye
11.38820505142212,-11,-8,-4,-14,2,9,5,-2,-5,6,-9,-13,-2,2,goodbye
11.38820505142212,-13,-8,-4,-18,3,1,0,-2,-4,-6,-12,-11,-1,1,goodbye
11.404184818267822,-4,-9,-8,-19,-2,-2,-8,0,-1,-5,-9,-11,4,4,goodbye
11.404184818267822,7,-9,0,-16,-6,-6,-14,0,0,6,1,-1,10,7,goodbye
11.419257402420044,5,-6,0,-14,-4,-16,-8,-1,2,0,0,1,2,3,goodbye
11.419257402420044,0,-2,-5,-10,2,-12,3,0,11,-7,-12,-3,-1,1,goodbye
11.435312747955322,4,1,1,1,11,2,10,1,24,13,-5,0,8,5,goodbye
11.435312747955322,7,6,9,9,7,0,1,-2,19,27,13,7,13,3,goodbye
11.451204538345335,-1,4,7,1,1,-10,-15,-3,-1,4,15,9,5,-3,goodbye
11.451204538345335,-1,4,0,0,2,-12,-17,-4,-15,-8,4,11,0,-5,goodbye
11.466834783554075,11,8,5,9,0,-10,-13,-5,-18,-9,0,10,-6,-4,goodbye
11.466834783554075,16,5,10,17,-9,-7,-6,3,-11,-19,0,3,-10,-8,goodbye
11.482218503952026,10,3,4,14,-10,-1,11,9,11,-16,7,4,-4,-7,goodbye
11.482218503952026,10,13,12,9,-1,-3,15,6,21,-3,24,15,4,-1,goodbye
11.498159170150757,9,18,2,9,0,-6,3,5,14,-6,17,15,1,-7,goodbye
11.498159170150757,-2,7,-9,5,0,2,3,0,9,-10,-10,-2,-9,-16,goodbye
11.513623237609863,-11,0,2,4,6,9,8,-1,-4,-5,-19,-9,-12,-8,goodbye
11.513623237609863,-6,3,-1,8,0,1,3,-2,-25,-4,0,4,0,0,goodbye
11.529233694076538,0,3,-5,0,-3,-4,0,-5,-19,0,20,21,10,6,goodbye
11.529233694076538,11,1,0,0,10,0,-1,-1,1,7,24,25,22,22,goodbye
11.544809341430664,12,3,3,12,15,1,-2,2,6,10,21,20,26,28,goodbye
11.544809341430664,-8,-6,-1,-4,-2,-1,-6,-3,-6,3,0,0,4,6,goodbye
11.560017347335815,-22,-19,-14,-21,-14,-4,-17,-10,-18,-11,-28,-31,-23,-15,goodbye
11.560017347335815,-14,-10,-9,-8,-7,0,-25,-5,-18,-20,-23,-23,-19,-10,goodbye
11.575780153274536,-1,6,6,2,0,1,-18,0,-6,-5,0,-3,0,0,goodbye
11.575780153274536,0,8,8,6,7,6,-7,1,-4,7,-3,-16,-2,-5,goodbye
11.591867685317991,-5,5,2,12,9,14,2,3,-10,4,-10,-23,-9,-10,goodbye
11.591867685317991,-3,2,0,11,3,16,21,1,0,12,5,-2,2,2,goodbye
11.607223749160768,5,-2,7,4,0,15,30,-1,9,16,4,3,12,8,goodbye
11.607223749160768,1,-10,1,0,2,15,21,3,12,9,-11,-12,0,0,goodbye
11.622768640518188,-12,-18,-14,-15,0,9,8,7,20,8,-11,-16,-11,-3,goodbye
11.622768640518188,-12,-11,-6,-19,0,7,3,3,16,5,-8,0,-11,0,goodbye
11.638845920562744,9,12,7,9,8,12,10,3,15,6,-5,10,-4,8,sil
11.638845920562744,23,17,13,21,10,0,7,4,17,13,4,13,2,13,sil
11.654864072799684,12,-4,0,-6,-5,-20,-8,0,0,0,2,6,-4,0,sil
11.654864072799684,-2,-16,-8,-20,-22,-20,-13,-5,-21,-20,-8,-4,-15,-10,sil
11.671220541000366,-7,-11,-3,-11,-18,-7,-6,-1,-16,-15,-9,-4,-1,-1,sil
11.671220541000366,-2,-9,-8,-14,-4,-5,1,2,0,7,-3,-3,12,6,sil
11.687206268310549,0,-4,-6,-16,2,-3,9,1,11,17,2,-1,11,2,sil
11.687206268310549,2,8,3,2,3,0,8,5,18,8,13,11,20,4,sil
11.702159881591797,10,10,2,11,3,-3,-1,5,14,-2,20,25,31,16,sil
11.702159881591797,13,0,2,-9,2,-17,-9,-3,9,-5,24,28,23,15,sil
11.71818780899048,0,-3,-3,-27,-4,-22,-15,-9,1,-1,20,10,8,0,sil
11.71818780899048,-9,0,-3,-16,-13,-16,-22,-4,-19,-8,0,-12,-6,-14,sil
11.733806133270264,-4,1,-2,2,-7,-10,-18,-2,-31,-19,-14,-13,-18,-17,sil
11.733806133270264,1,2,-4,7,3,0,0,-9,-14,-17,-8,-1,-14,-14,sil
11.75010108947754,0,12,9,8,7,11,7,-5,0,-5,-2,0,-4,-7,sil
11.75010108947754,-4,15,7,23,4,6,4,1,2,0,-4,-10,-9,-10,sil
11.766108512878418,-16,0,-8,26,4,0,0,-1,0,0,-7,-15,-18,-20,sil
11.766108512878418,-20,-5,-1,16,7,8,1,1,3,3,0,-7,-11,-12,sil
11.781752109527588,-6,4,3,16,6,10,0,3,3,8,7,-2,-2,1,sil
11.781752109527588,0,8,6,12,5,6,-8,0,-17,0,0,-1,-7,2,sil
11.79781723022461,0,6,5,7,8,13,0,0,-17,0,-3,0,0,3,sil
11.79781723022461,0,-4,-1,1,0,13,13,1,7,6,0,0,7,7,sil
11.813860177993774,4,-15,-1,-8,-11,12,11,2,7,-5,-14,-3,-8,9,sil
11.813860177993774,13,0,8,3,0,22,20,6,0,-3,-20,0,-11,19,sil
11.830023050308228,15,18,17,22,16,21,29,7,9,13,-2,16,12,26,sil
11.830023050308228,13,8,5,11,8,1,14,6,14,15,10,21,19,18,sil
11.845967531204224,15,-2,-1,-3,0,-7,0,-2,4,12,10,13,11,9,sil
11.845967531204224,7,-3,1,-8,1,-3,2,-9,-1,7,5,6,10,3,sil
11.86099886894226,-8,-8,-14,-13,-2,0,9,-1,4,-2,1,-5,6,-1,sil
11.86099886894226,-9,-12,-15,-27,-10,-8,0,8,8,-4,2,-11,2,0,sil
11.877028942108154,-2,-17,-11,-38,-20,-24,-21,2,2,-3,-5,-11,-1,-8,sil
11.877028942108154,-11,-21,-16,-36,-23,-29,-33,-10,-6,-13,-12,-12,-5,-24,sil
11.893112897872925,-17,-8,-4,-20,-8,-19,-26,-5,-9,-16,4,-5,0,-19,sil
11.893112897872925,-3,3,4,-10,-3,-15,-20,1,-3,-8,18,2,2,-5,sil
11.909176111221312,4,4,4,-11,-10,-21,-25,-5,0,-9,18,8,1,-6,sil
11.909176111221312,1,13,4,4,-3,-15,-21,-4,-1,-8,16,10,6,-4,sil
11.924336433410645,0,19,1,25,11,3,-6,3,3,7,10,4,3,0,sil
11.924336433410645,-2,8,6,20,8,11,2,3,3,15,4,1,-3,0,sil
11.939796209335327,0,2,9,11,2,3,5,-1,-6,8,1,4,0,1,sil
11.939796209335327,9,3,9,15,8,6,7,-1,-11,0,-5,5,1,6,sil
11.95642113685608,9,0,2,14,9,21,13,1,-5,1,-12,3,-6,1,sil
11.95642113685608,1,-5,-3,1,4,20,15,3,-1,0,-15,-5,-17,-3,sil
11.97181224822998,2,0,3,0,5,10,12,2,0,-2,-17,-14,-19,-1,sil
11.97181224822998,5,4,4,15,8,17,17,3,6,2,-7,-12,-9,5,sil
11.987357139587402,-3,2,3,13,4,25,24,3,0,8,-3,-10,-5,6,sil
11.987357139587402,-18,-3,-5,-3,-1,9,19,0,-8,0,-20,-19,-14,-1,sil
12.003419637680054,-18,-10,-16,-8,0,-2,13,0,0,-4,-23,-17,-9,-8,sil
12.003419637680054,-7,-10,-7,-7,6,1,14,0,1,-6,-5,2,5,-3,sil
12.019052505493164,-1,-1,-10,-7,1,-3,4,-6,-7,-9,0,2,6,0,sil
12.019052505493164,-4,2,-10,-4,-8,-15,-17,-12,-5,-12,-4,-3,0,0,sil
12.03493881225586,0,2,1,1,-10,-13,-23,0,6,-6,6,7,7,1,sil
12.03493881225586,13,2,6,4,-5,-5,-5,7,16,5,20,16,21,8,sil
12.05021905899048,15,5,11,4,2,2,7,3,15,15,21,13,20,10,sil
12.05021905899048,15,7,11,13,12,6,7,0,10,19,18,11,12,9,sil
12.06579566001892,18,7,12,16,12,0,5,1,9,16,19,15,12,13,sil
12.06579566001892,14,9,15,9,4,-3,6,6,15,16,19,17,15,18,sil
12.08094573020935,0,6,2,4,0,-3,0,0,15,15,15,7,11,10,sil
12.08094573020935,-13,-10,-6,-8,-5,-11,-12,0,0,1,1,-1,1,-4,sil
12.096458196640016,-9,-20,-12,-24,-12,-6,-16,-1,-8,-7,-8,-4,-2,-7,sil
12.096458196640016,-7,-7,-12,-16,-10,0,-16,-6,-12,-7,-10,-9,-6,-8,sil
12.112297058105469,-14,-2,-10,-6,-10,-7,-21,-5,-18,-19,-17,-18,-19,-22,sil
12.112297058105469,-6,-7,-11,-13,-16,-8,-14,2,-13,-21,-14,-10,-20,-16,sil
12.12786030769348,9,-2,3,-11,-9,0,-1,1,-1,-4,0,6,-4,5,sil
12.12786030769348,0,0,5,-3,0,-2,-7,-4,-5,1,-1,-1,0,0,sil
12.142996072769163,-14,-8,-6,-11,0,-8,-15,-7,-19,-9,-14,-15,-10,-19,sil
12.142996072769163,-4,-4,-1,-14,0,-1,-4,-1,-14,-12,-11,-5,-7,-6,sil
12.159367799758911,6,6,2,1,2,0,3,4,6,-3,0,7,3,5,sil
12.159367799758911,0,6,0,4,1,-2,-1,6,10,-4,2,10,0,-2,sil
12.174896478652954,-3,1,-1,-6,0,-1,0,5,3,-5,0,4,-6,-3,sil
12.174896478652954,0,5,1,-7,2,8,14,0,10,3,4,-1,4,6,sil
12.190200567245483,5,12,8,6,10,11,21,0,14,10,14,7,19,12,sil
12.190200567245483,10,8,6,18,14,5,18,1,0,6,10,14,4,6,sil
12.205771446228027,4,6,3,17,9,6,11,0,-14,-6,0,1,-12,-5,sil
12.205771446228027,1,15,3,17,4,5,4,-1,-12,-9,2,-7,-4,-3,sil
12.221174001693726,7,13,10,22,5,0,1,-1,-3,-2,6,-3,0,8,sil
12.221174001693726,4,1,15,14,4,1,1,-3,-2,1,0,-4,-10,2,sil
12.23718285560608,-8,-7,-9,3,1,6,2,-3,-6,6,-9,-17,-15,-9,sil
12.23718285560608,-14,-9,-16,6,7,2,0,2,-12,6,-11,-17,-6,-6,sil
12.252923965454102,-7,0,0,14,12,6,7,5,-2,8,-1,-1,1,2,sil
12.252923965454102,-1,-5,0,7,3,14,14,-1,12,16,0,-3,1,2,sil
12.268203258514404,-10,-23,-4,-7,-11,15,8,-5,9,17,-20,-16,-5,0,sil
12.268203258514404,-11,-22,-8,-12,-15,11,3,2,8,13,-26,-14,0,4,sil
12.28415060043335,0,-12,-7,-14,-8,5,1,11,17,9,-3,2,16,11,sil
12.28415060043335,11,-7,-2,-17,-7,-2,-4,9,19,6,10,12,21,12,sil
12.29918932914734,13,0,-2,-11,-9,-11,-8,-5,17,5,3,9,16,6,sil
12.29918932914734,15,5,5,-12,-6,-15,-13,-8,10,0,6,19,19,6,sil
12.314890623092651,22,7,6,-12,-5,-18,-20,1,8,-3,28,39,30,14,sil
12.314890623092651,22,18,11,0,-4,-24,-20,-1,0,-12,33,37,21,6,sil
12.33121633529663,8,19,9,1,0,-21,-15,-5,-12,-27,13,10,-6,-11,sil
12.33121633529663,-7,2,-8,-6,0,-8,-9,0,-13,-24,2,-4,-20,-19,sil
12.347272396087646,-21,-1,-11,-3,0,-2,-3,-1,-11,-11,0,-8,-20,-23,sil
12.347272396087646,-26,4,-4,8,8,0,1,-5,-17,-13,-16,-26,-30,-24,sil
12.36285948753357,-21,-3,-2,8,8,7,1,0,-19,-18,-33,-36,-32,-16,sil
12.36285948753357,-13,-10,-1,5,2,17,4,2,-13,0,-21,-18,-14,-2,sil
12.378021240234377,-6,-1,0,10,0,15,15,3,5,30,1,0,9,11,sil
12.378021240234377,2,-3,4,5,-2,0,10,4,29,30,8,4,26,23,sil
12.39323353767395,6,-13,-2,-8,-9,-8,-4,-1,28,9,5,7,23,21,sil
12.39323353767395,4,-1,-8,-17,-6,-8,-9,-4,0,-7,14,15,5,1,sil
12.408855676651,6,13,1,-8,1,-9,-5,0,-23,-22,20,11,-8,-13,sil
12.408855676651,10,12,5,11,6,-7,-3,-2,-20,-20,10,-1,-10,-10,sil
12.424095869064333,10,15,13,20,11,-1,-3,-4,-15,-6,2,0,-4,-1,sil
12.424095869064333,6,21,11,21,14,1,4,2,-22,-4,-4,0,-7,-3,sil
12.439728021621704,-1,9,0,21,11,10,16,3,-26,-5,-18,-15,-28,-5,sil
12.439728021621704,-11,-11,-3,8,6,17,14,0,-17,4,-20,-20,-31,0,sil
12.45527958869934,-11,-15,-7,-3,0,16,7,0,2,18,-16,-16,0,0,sil
12.45527958869934,-4,-9,-3,-3,-3,18,10,5,19,22,-14,-6,15,3,sil
12.471266269683838,1,-12,-1,-5,0,20,17,9,26,29,-6,4,10,16,sil
12.487152576446531,0,-21,-3,-20,3,12,15,2,29,31,0,4,16,22,sil
12.487152576446531,-1,-19,-2,-29,-3,4,10,0,32,15,0,4,26,14,sil
12.487152576446531,6,-7,-3,-16,-9,-2,4,3,28,2,9,14,24,8,sil
12.502089500427246,14,0,4,-10,-13,-12,-9,3,18,5,15,24,25,11,sil
12.502089500427246,13,-2,9,-14,-23,-22,-17,0,19,5,6,13,17,11,sil
12.518850088119509,12,1,4,-7,-20,-26,-16,-3,12,-14,0,3,0,-4,sil
12.518850088119509,10,14,3,-1,0,-21,-19,-5,-13,-35,2,8,-8,-17,sil
12.53469944000244,-2,11,-10,-7,1,-13,-21,-9,-21,-33,4,-2,-10,-22,sil
12.53469944000244,-15,6,-11,0,0,-11,-23,-8,-16,-27,0,-18,-15,-29,sil
12.54783296585083,-6,22,3,24,11,-6,-16,0,-22,-21,9,-3,-11,-23,sil
12.56301212310791,4,27,7,33,11,0,-6,-4,-29,-14,14,4,-12,-8,sil
12.56301212310791,-3,9,2,17,1,3,-10,-10,-32,-16,0,-11,-25,-8,sil
12.578155040740969,-15,1,-9,13,4,12,-2,-1,-23,-7,-6,-17,-21,-6,sil
12.578155040740969,-15,2,-5,19,10,23,20,5,-3,12,4,-5,0,6,sil
12.594245910644531,-7,-6,7,18,9,24,27,6,6,18,3,0,8,7,sil
12.594245910644531,-1,-14,4,11,7,18,20,5,9,16,-2,-2,1,3,sil
12.60982632637024,-1,-14,-3,-5,4,6,9,2,7,11,-7,-3,-4,7,sil
12.60982632637024,-1,-17,-9,-17,-4,-6,-3,0,1,7,-17,-2,-3,9,sil
12.625285148620604,1,-11,-2,-2,-6,0,0,2,7,19,-11,3,3,13,sil
12.625285148620604,7,4,5,8,8,14,19,8,27,32,3,10,13,24,sil
12.640438079833984,4,3,0,-10,12,7,22,5,30,26,-2,5,15,20,sil
12.640438079833984,-5,-12,1,-31,-9,-13,5,-1,12,7,-9,0,10,4,sil
12.65605640411377,0,-11,0,-19,-20,-21,0,0,2,-4,1,2,7,2,sil
12.65605640411377,16,1,-1,-9,-11,-22,-1,0,0,-11,8,11,9,4,sil
12.671769380569458,11,0,-1,-22,-13,-24,-15,-4,-7,-22,-3,8,1,-10,sil
12.671769380569458,-1,0,-3,-23,-15,-20,-22,-7,-12,-30,-8,1,-10,-26,sil
12.686846017837524,8,16,11,0,0,-9,-14,-3,-15,-20,10,13,-6,-12,sil
12.686846017837524,21,26,15,20,5,-2,-10,-3,-14,-3,25,20,8,2,sil
12.70199203491211,7,16,3,15,0,0,-17,-5,-19,-7,15,1,8,-6,sil
12.70199203491211,-6,5,-1,9,9,6,-10,5,-16,-15,4,-12,-6,-12,sil
12.718109369277954,-4,4,-4,16,20,24,9,11,1,1,2,-17,-10,0,sil
12.718109369277954,-1,5,0,20,22,36,26,3,18,27,0,-13,5,9,sil
12.733773946762083,-4,-2,2,17,13,24,30,4,15,31,-4,-9,12,13,sil
12.733773946762083,-17,-18,-1,6,0,9,17,4,0,10,-12,-17,-6,6,sil
12.749002933502195,-29,-26,-6,-6,-6,11,2,-3,0,0,-24,-26,-20,-3,sil
12.749002933502195,-17,-23,-13,-10,-8,7,3,-6,17,11,-24,-18,-11,-7,sil
12.763798236846924,-2,-20,-8,-15,-16,-12,-3,-1,19,6,-12,0,-2,-5,sil
12.763798236846924,-2,-14,-9,-23,-18,-18,-16,-2,3,-6,0,1,2,-3,sil
12.779274702072144,3,-4,-10,-21,-9,-9,-10,-7,3,-5,8,4,9,0,sil
12.779274702072144,16,4,6,-13,-3,-7,-2,0,8,-7,15,21,4,1,sil
12.795268535614014,16,15,12,-1,-4,-13,-13,0,0,-10,17,28,-4,0,sil
12.795268535614014,11,24,13,4,1,-17,-27,-4,-17,-11,13,16,-1,-1,sil
12.810832262039185,8,18,11,9,5,-18,-24,-1,-18,-11,5,8,1,-4,sil
12.810832262039185,0,11,4,15,0,-7,-11,0,-12,-8,4,9,0,-3,sil
12.826857089996338,-4,17,5,19,7,10,0,0,-15,-7,7,6,-2,1,sil
12.826857089996338,1,16,2,23,21,21,14,3,-9,-4,1,-1,-9,4,sil
12.842128276824951,-1,1,0,22,12,23,25,2,-2,0,-9,-7,-11,0,sil
12.842128276824951,-9,-11,-7,5,-2,18,25,-1,-6,3,-16,-15,-9,-3,sil
12.857027530670166,-6,-14,-14,-9,0,5,20,0,0,3,-19,-21,-10,-2,sil
12.857027530670166,-9,-13,-7,-11,0,0,15,5,15,4,-25,-14,-4,0,sil
12.87285017967224,-12,-11,-9,-9,-8,0,11,4,20,10,-18,-5,9,1,sil
12.87285017967224,2,-2,-2,-11,-2,-12,0,1,15,10,4,6,24,11,sil
12.887977600097656,19,2,7,-13,1,-17,-8,0,17,10,24,20,35,23,sil
12.887977600097656,18,-2,2,-15,-4,-11,-7,0,19,19,34,25,42,19,sil
12.904423475265505,14,1,6,-16,-3,-16,-13,3,3,8,43,31,35,7,sil
12.904423475265505,12,23,14,4,5,-18,-25,0,-15,-17,36,29,13,0,sil
12.919231176376345,7,24,13,22,10,-4,-21,-6,-24,-25,12,4,-13,-11,sil
12.93489909172058,-2,5,3,11,4,5,-7,-2,-29,-20,-12,-21,-33,-18,sil
12.93489909172058,-10,-2,-7,6,-5,11,4,0,-22,-10,-30,-27,-39,-18,sil
12.93489909172058,-8,-2,-2,18,-4,21,17,0,-2,8,-28,-21,-28,-12,sil
12.950936079025269,-9,-7,-8,18,-1,19,20,2,8,23,-16,-19,-16,-5,sil
12.950936079025269,-21,-16,-17,0,-8,8,7,0,3,15,-21,-23,-17,-2,sil
12.96533203125,-21,-25,-6,-11,-6,11,7,-1,7,12,-24,-23,-10,1,sil
12.980791330337524,-6,-20,-5,-7,5,14,23,0,16,16,-7,-15,3,8,sil
12.980791330337524,-3,-6,-1,-8,4,0,9,1,5,0,-2,-4,0,8,sil
12.996092796325684,-2,-3,2,-13,-4,-6,-11,-2,-1,-6,-11,2,-4,7,sil
12.996092796325684,3,-7,1,-12,-2,0,-8,-4,1,0,-6,3,7,7,sil
13.011244773864746,0,-3,0,-9,0,-4,-4,0,3,-6,1,0,13,-1,sil
13.011244773864746,1,5,0,-12,-2,-20,-17,4,5,-11,7,8,16,-5,sil
13.026819467544556,17,10,11,-14,-3,-23,-26,0,4,-1,18,28,19,5,sil
13.026819467544556,19,6,7,-6,-2,-9,-21,-1,0,0,16,24,14,4,sil
13.04203200340271,4,3,0,-1,-3,1,-11,0,5,-4,6,13,7,-6,sil
13.04203200340271,3,7,6,0,0,3,1,0,9,-4,15,20,14,-1,sil
13.057126522064207,10,10,3,7,6,4,16,2,4,0,30,17,13,1,sil
13.057126522064207,3,10,-2,14,6,3,13,2,-7,-5,17,-1,-2,-6,sil
13.072964191436768,-5,12,-2,13,1,-3,3,0,-13,-15,2,-6,-14,-10,sil
13.072964191436768,-4,10,-2,9,-1,-11,-1,-2,-8,-17,2,1,-12,-10,sil
13.0890212059021,0,9,0,3,0,-10,-1,1,-3,-7,2,3,-9,-8,sil
13.0890212059021,6,18,6,18,4,0,4,5,4,5,2,0,-6,1,sil
13.104172468185425,12,17,20,35,7,9,8,4,9,13,4,3,0,17,sil
13.104172468185425,4,-4,9,20,2,3,1,-1,-3,10,0,0,0,19,sil
13.119797706604004,-11,-22,-12,-6,-6,-1,-5,-8,-27,-2,-17,-21,-13,0,sil
13.119797706604004,-20,-16,-8,-6,-7,6,0,-4,-32,-18,-37,-31,-23,-9,sil
13.135151863098145,-21,-15,-12,0,-3,10,5,0,-14,-11,-36,-22,-19,-6,sil
13.135151863098145,-17,-23,-13,-15,0,3,1,-1,-9,2,-20,-13,-13,-7,sil
13.15123200416565,-4,-14,-1,-9,7,10,4,1,-4,10,-12,-8,-4,-3,sil
13.15123200416565,8,5,5,12,21,24,17,7,26,24,-2,2,12,13,sil
13.167200088500977,11,5,5,3,15,20,17,5,44,40,8,11,22,19,goodbye
13.167200088500977,6,-8,-6,-14,-2,8,16,-1,32,37,9,6,21,12,goodbye
13.182727575302124,3,-13,-7,-18,-5,0,16,-3,27,25,5,5,29,18,goodbye
13.182727575302124,6,-8,-2,-23,-5,-12,-1,1,25,14,8,10,31,15,goodbye
13.199361324310305,0,-4,-9,-29,-21,-32,-29,-2,1,-11,6,3,8,-7,goodbye
13.199361324310305,-3,0,-6,-29,-24,-33,-34,-8,-15,-37,2,3,-1,-18,goodbye
13.214940547943115,12,10,3,-11,-8,-20,-19,-2,-9,-31,14,21,11,-9,goodbye
13.214940547943115,20,18,13,6,-3,-18,-16,0,-19,-27,31,29,5,-12,goodbye
13.230167388916016,-2,17,8,8,-4,-16,-25,-5,-49,-44,21,7,-29,-29,goodbye
13.230167388916016,-16,14,-1,11,1,0,-19,-9,-47,-38,-2,-18,-41,-26,goodbye
13.246118545532228,-5,10,9,21,7,17,-1,3,-14,-8,-8,-17,-16,-7,goodbye
13.246118545532228,-2,5,10,24,6,17,5,15,8,15,-3,-5,-2,5,goodbye
13.2612943649292,-6,6,2,24,11,10,5,7,8,22,-6,-2,-11,9,goodbye
13.2612943649292,0,8,5,30,20,20,14,0,9,16,-3,-5,-6,10,goodbye
13.27682375907898,5,-2,2,21,18,27,26,1,19,15,0,-10,6,8,goodbye
13.27682375907898,-2,-11,-2,-3,6,10,19,1,6,16,-7,-15,-2,4,goodbye
13.291989088058472,-7,-7,-8,-10,-1,0,12,0,-7,11,-15,-13,-9,2,goodbye
13.291989088058472,4,-5,-1,0,-4,6,13,4,10,7,-3,-2,8,5,goodbye
13.306684494018556,5,-9,0,-2,-2,10,15,3,29,6,-2,5,17,10,goodbye
13.306684494018556,-15,-11,-14,-10,-5,0,9,-4,11,-6,-26,-5,-3,0,goodbye
13.32421612739563,-17,-14,-6,-16,-12,-9,0,-8,-3,-17,-30,-14,-7,-10,goodbye
13.32421612739563,6,-11,-1,-16,-11,-8,0,-1,13,3,1,7,19,8,goodbye
13.337722539901732,16,0,0,-12,0,-7,8,0,17,16,20,29,25,25,goodbye
13.353142499923706,5,4,8,-11,-4,-15,0,-3,-4,-2,8,16,0,1,goodbye
13.353142499923706,1,-1,-5,-10,-16,-19,-18,-4,-8,-9,0,-4,-3,-19,goodbye
13.353142499923706,2,-4,-8,-9,-4,-12,-21,-2,0,0,5,2,5,-6,goodbye
13.36991572380066,3,0,4,-2,6,-13,-14,-4,-1,0,17,13,3,2,goodbye
13.36991572380066,6,9,9,4,-3,-16,-15,-2,-1,0,23,12,2,0,goodbye
13.38484525680542,0,7,1,-1,-8,0,-13,7,-4,0,14,5,1,-1,goodbye
13.38484525680542,-5,-3,-10,-9,0,7,-4,3,-9,-4,0,-6,-11,-4,goodbye
13.399144411087036,1,1,1,0,2,-7,-11,-5,-14,-12,0,-3,-19,-11,goodbye
13.416078329086304,7,18,14,15,6,-5,-20,2,-10,0,13,13,-4,-4,goodbye
13.416078329086304,5,17,4,24,18,15,-8,6,-5,8,21,14,7,1,goodbye
13.416078329086304,-3,12,-3,23,19,18,1,0,-15,-10,0,-1,-1,-6,goodbye
13.430419206619264,-9,9,1,17,10,17,11,0,-21,-14,-17,-13,-13,-6,goodbye
13.446435928344728,0,0,11,13,9,33,33,6,1,18,-5,-8,-3,15,goodbye
13.446435928344728,2,-11,2,13,7,30,45,9,21,34,0,-3,9,22,goodbye
13.462072610855104,-15,-17,-16,0,-6,0,25,0,0,6,-30,-20,0,2,goodbye
13.462072610855104,-16,-19,-13,-23,-17,-18,1,-7,-19,-20,-46,-27,-6,-3,goodbye
13.477232456207275,3,-9,-3,-17,-11,-11,-1,-1,5,-12,-18,-8,5,5,goodbye
13.477232456207275,14,3,1,2,0,-11,-10,-2,22,0,9,5,14,0,goodbye
13.492743968963625,11,2,3,-3,0,-17,-19,-6,13,-1,23,11,13,-1,goodbye
13.492743968963625,8,0,2,-22,-7,-12,-15,-1,9,-6,30,17,12,7,goodbye
13.508859395980837,1,10,5,-6,-7,-12,-19,0,-3,-14,11,7,-3,-5,goodbye
13.508859395980837,0,21,6,28,0,-12,-21,-3,-18,-12,-9,-10,-19,-23,goodbye
13.52428674697876,0,14,10,31,4,4,-1,-2,-17,2,1,-2,-10,-11,goodbye
13.52428674697876,-4,5,5,13,8,22,17,0,-3,7,12,7,-4,-1,goodbye
13.5401132106781,-3,4,2,14,10,28,23,4,8,10,-5,-4,-13,-2,goodbye
13.5401132106781,-3,-5,9,9,8,29,27,8,17,21,-24,-14,-14,3,goodbye
13.556027173995972,-9,-24,-10,-21,2,18,20,2,22,19,-21,-15,-5,8,goodbye
13.556027173995972,-12,-29,-27,-51,-8,1,-1,0,20,9,-4,-10,4,5,goodbye
13.571125268936155,-8,-23,-15,-49,-17,0,-5,10,18,11,0,-1,13,11,goodbye
13.571125268936155,0,-18,-8,-25,-18,-2,9,6,21,6,-10,0,14,18,goodbye
13.586503982543944,2,-9,-3,-11,-9,-14,6,-3,18,-8,-3,4,14,14,goodbye
13.586503982543944,5,-2,-10,-18,0,-23,-7,-1,8,-8,13,13,19,7,goodbye
13.601797342300417,6,2,-7,-24,0,-26,-15,0,-4,-18,11,18,16,-1,goodbye
13.601797342300417,4,14,10,-4,-1,-22,-12,-5,-12,-39,2,13,0,-14,goodbye
13.617862224578856,4,20,4,15,7,-9,-6,-7,-16,-28,8,2,-14,-21,goodbye
13.617862224578856,4,18,0,10,10,-9,-17,-4,-27,-10,19,6,-17,-17,goodbye
13.633015871047974,0,14,9,6,0,-24,-27,-3,-35,-15,13,12,-15,-17,goodbye
13.633015871047974,1,14,18,26,2,-15,-19,-4,-28,0,8,7,-6,-13,goodbye
13.649137258529665,14,21,29,50,14,10,-10,-1,-9,33,23,16,9,3,goodbye
13.649137258529665,11,17,17,52,10,14,-5,0,1,49,22,17,14,12,goodbye
13.665218830108644,-10,-3,-1,24,-3,5,0,0,-11,34,-4,-8,0,0,goodbye
13.665218830108644,-16,-4,-4,10,-3,7,0,1,-32,3,-13,-16,-12,-4,goodbye
13.680827379226685,-2,9,8,30,0,10,0,0,-23,-17,3,5,-5,7,goodbye
13.680827379226685,3,2,15,30,-1,13,8,4,0,-14,4,5,-1,13,goodbye
13.696090698242188,-5,-20,-6,0,-8,18,19,6,3,-9,-18,-22,-17,0,goodbye
13.696090698242188,-19,-33,-17,-20,-15,20,20,-1,-4,-17,-35,-32,-27,-13,goodbye
13.7121479511261,-14,-27,-14,-18,-20,18,16,0,4,-8,-23,-21,-7,-4,goodbye
13.7121479511261,4,-8,-11,-9,-8,11,17,7,25,8,-4,-6,11,18,goodbye
13.727876663208008,7,0,-4,-11,8,4,15,4,30,7,-10,-4,9,22,goodbye
13.727876663208008,0,-6,-9,-22,5,4,11,0,26,6,-23,-13,6,6,goodbye
13.743945837020874,5,-8,-7,-28,3,1,11,0,35,13,-9,-4,17,5,goodbye
13.743945837020874,14,1,-3,-25,13,-2,4,0,42,16,13,15,29,17,goodbye
13.759248971939089,18,11,-2,-20,21,0,-2,3,33,12,14,19,31,17,goodbye
13.759248971939089,25,20,6,-15,29,2,10,7,33,13,12,19,29,15,goodbye
13.775192975997925,25,20,4,-17,22,-3,23,1,33,19,15,9,16,8,goodbye
13.775192975997925,0,6,-8,-31,4,-10,7,-4,5,2,0,-12,-8,-15,goodbye
13.790759801864624,-11,5,-10,-24,7,-7,0,1,-13,-17,-6,-13,-19,-25,goodbye
13.790759801864624,-7,12,-5,-1,12,-11,0,0,-15,-14,12,-3,-9,-17,goodbye
13.806774139404297,-20,-4,-3,-4,-12,-29,-27,-9,-33,-23,4,-11,-18,-24,goodbye
13.806774139404297,-28,-20,-7,-2,-29,-37,-53,-9,-46,-38,-9,-10,-30,-30,goodbye
13.822282791137695,-8,-4,15,32,-18,-24,-44,-2,-34,-22,13,18,-10,-10,goodbye
13.822282791137695,-1,9,35,53,-11,-2,-20,0,-17,2,34,30,8,3,goodbye
13.838062286376951,-11,4,16,44,-13,8,-4,-3,-16,8,19,13,-1,0,goodbye
13.838062286376951,-7,-2,4,31,-13,8,0,-6,-37,-5,-4,0,-20,-8,goodbye
13.853741645812988,-3,-11,0,23,-19,7,3,-5,-42,-10,-17,-3,-23,-9,goodbye
13.853741645812988,-3,-12,2,11,-18,14,5,0,-20,5,-18,-7,-13,-1,goodbye
13.868908643722534,-4,-9,1,-2,-8,16,0,2,-10,9,-17,-10,-6,0,goodbye
13.868908643722534,-10,-16,-7,-11,-8,3,-9,-4,-15,-7,-18,-12,-6,-2,goodbye
13.88425350189209,-6,-17,-9,-15,-8,-10,-14,-1,0,-4,-17,-5,3,3,goodbye
13.88425350189209,-2,-11,-17,-21,-3,-9,-7,2,21,14,-21,-3,14,10,goodbye
13.899948835372925,-8,-16,-20,-35,-7,-9,-6,-2,23,6,-21,-7,11,8,sil
13.900339126586914,0,-15,-14,-39,-13,-18,-14,0,17,-6,-4,-1,8,7,sil
13.916009902954102,13,3,-4,-22,-4,-15,-6,6,13,-8,11,4,6,2,sil
13.916009902954102,10,21,9,-6,9,1,12,1,8,-18,14,7,0,-6,sil
13.932084560394289,7,21,2,-1,16,13,23,4,16,-16,9,8,-5,-8,sil
13.932084560394289,10,17,-3,-3,26,21,25,11,27,5,8,5,0,-2,sil
13.94784379005432,21,39,24,20,45,33,33,6,22,14,23,11,12,9,sil
13.94784379005432,48,62,43,67,59,37,49,5,23,19,39,25,24,27,sil
13.96323013305664,63,54,41,83,67,48,60,17,43,44,44,36,37,49,sil
13.96323013305664,48,38,28,70,63,59,65,21,60,73,52,38,53,63,sil
13.97942280769348,15,18,6,48,38,29,42,2,42,57,42,22,41,42,sil
13.97942280769348,-15,-18,-12,3,-2,-22,-15,-18,-6,5,-2,-14,0,0,sil
13.995336771011353,-29,-42,-28,-27,-37,-43,-55,-19,-38,-16,-38,-40,-26,-18,sil
13.995336771011353,-39,-46,-31,-37,-50,-37,-44,-9,-37,-18,-43,-40,-28,-25,sil
14.010064601898192,-48,-55,-39,-56,-52,-35,-26,-10,-36,-33,-50,-43,-38,-38,sil
14.010509490966797,-35,-50,-32,-65,-47,-33,-29,-14,-37,-28,-49,-34,-36,-28,sil
14.026117086410522,-18,-32,-11,-48,-40,-25,-25,1,-28,-14,-27,-9,-13,-8,sil
14.026117086410522,-25,-29,-20,-42,-37,-18,-9,11,-12,-23,-18,-11,-8,-19,sil
14.041907787322998,-30,-31,-18,-49,-28,-15,-12,2,0,-27,-25,-22,-22,-35,sil
14.041907787322998,-21,-12,-3,-34,-18,-18,-29,-5,0,-15,-17,-13,-19,-31,sil
14.057124137878418,-7,16,2,-9,-14,-13,-34,-10,-11,-15,2,1,-3,-22,sil
14.057124137878418,11,35,22,6,-3,1,-23,-6,-14,-14,22,20,7,-12,sil
14.0730721950531,29,38,35,29,13,4,-7,0,-6,1,39,41,19,0,sil
14.0730721950531,25,32,25,43,20,0,-1,1,-11,13,41,39,17,5,sil
14.096136331558228,10,19,7,31,15,4,-1,0,-22,5,17,11,-1,0,sil
14.096136331558228,0,8,0,19,16,12,0,-4,-19,-14,-7,-9,-12,-6,sil
14.096136331558228,3,12,11,30,24,21,12,0,-4,-15,-3,0,-6,7,sil
14.104224443435667,17,14,18,50,29,35,35,9,17,9,10,17,4,35,sil
14.119394302368164,10,-3,11,37,23,36,45,8,28,17,0,10,8,33,sil
14.119394302368164,-11,-22,-9,-1,6,23,32,6,15,7,-19,-9,0,6,sil
14.134964227676392,-16,-21,-26,-22,-7,8,22,11,11,11,-23,-20,-6,0,sil
14.134964227676392,-3,-11,-10,-20,-6,2,22,12,31,17,-15,-9,1,16,sil
14.150121450424194,13,-2,0,-12,0,0,18,4,47,23,-1,7,20,27,sil
14.150121450424194,28,5,4,-11,5,-8,0,-6,29,14,16,20,25,22,sil
14.165263414382936,24,10,5,-15,2,-20,-19,-9,-6,-11,25,17,8,8,sil
14.165263414382936,5,15,-4,-3,0,-18,-22,-10,-26,-28,16,0,-8,-13,sil
14.180950164794922,0,24,7,21,10,-4,-16,-6,-26,-23,6,-5,-9,-24,sil
14.180950164794922,2,16,15,28,13,8,-4,0,-16,0,6,-5,-1,-8,sil
14.197072505950928,-3,-12,2,9,0,10,5,2,0,24,3,-7,1,6,sil
14.197072505950928,-9,-27,-7,-1,-14,4,3,0,13,30,-3,-6,7,4,sil
14.2117440700531,-7,-20,-10,-2,-18,-6,-5,-5,13,27,-7,-9,8,-1,sil
14.2117440700531,-7,-17,-12,-19,-15,-12,-3,-7,7,20,-4,-14,1,-1,sil
14.228877067565918,-5,-11,-11,-30,-15,-14,0,2,10,6,4,1,10,-1,sil
14.228877067565918,-7,2,-1,-22,-20,-24,-14,7,0,-10,16,20,19,0,sil
14.243889808654783,-10,13,2,-13,-14,-28,-28,1,-22,-21,13,10,1,-4,sil
14.243889808654783,0,23,-1,1,3,-9,-17,1,-12,-15,4,-2,-12,-9,sil
14.258103370666504,2,26,10,18,12,6,0,2,0,-11,-4,0,-13,-13,sil
14.275978326797484,-16,5,6,16,11,9,9,-1,-16,-22,-22,-11,-27,-21,sil
14.275978326797484,-19,-15,-9,4,8,21,19,-1,-24,-20,-34,-21,-35,-18,sil
14.275978326797484,0,-13,0,1,0,30,23,4,-6,-3,-27,-9,-15,2,sil
14.28907299041748,9,-3,4,6,-1,19,20,3,11,5,-15,0,3,19,sil
14.305192708969116,6,-5,1,0,8,1,7,0,21,7,-8,2,7,16,sil
14.305192708969116,12,-6,1,-5,8,-9,-11,-1,24,9,0,2,10,9,sil
14.320759773254396,20,-3,2,-8,-5,-14,-23,-5,18,2,12,7,17,6,sil
14.320759773254396,12,-5,-1,-20,-11,-18,-20,-6,4,-6,27,18,19,6,sil
14.336679697036743,0,-1,-5,-19,-5,-14,-14,-7,-11,-12,15,18,4,-3,sil
14.336679697036743,0,13,2,1,6,0,-9,-6,-29,-20,0,2,-15,-21,sil
14.35229992866516,-1,17,1,20,15,13,8,1,-29,-18,5,-7,-17,-21,sil
14.35229992866516,-14,6,-10,19,13,19,25,4,-24,-7,5,-13,-11,-14,sil
14.367954015731812,-25,-2,-6,8,1,18,16,0,-27,-5,-16,-17,-14,-17,sil
14.367954015731812,-26,-14,-9,0,-5,12,5,0,-10,5,-23,-27,-12,-11,sil
14.383044958114624,-18,-23,-7,-4,-7,11,14,4,15,22,-12,-25,0,8,sil
14.383044958114624,-1,-14,5,0,-6,9,20,2,21,23,-5,0,7,18,sil
14.399135828018188,17,-3,13,4,-3,-4,4,-2,20,23,-1,16,8,20,sil
14.399135828018188,20,-3,17,-4,-1,-17,-11,0,28,28,2,14,12,25,sil
14.4144127368927,18,0,12,-7,-4,-16,-12,7,34,25,22,23,29,29,sil
14.4144127368927,27,15,15,0,0,-14,-17,6,28,19,50,45,45,29,sil
14.430299997329712,32,21,13,0,0,-21,-34,0,10,7,42,35,30,20,sil
14.430299997329712,18,13,0,-4,-5,-23,-37,-5,-8,-16,5,3,-3,0,sil
14.4457905292511,1,7,0,-8,0,-11,-15,-4,-17,-28,-7,-4,-17,-19,sil
14.4457905292511,-9,9,-12,-3,9,2,15,2,-8,-16,-2,-4,-15,-28,sil
14.46143078804016,-20,6,-18,1,4,13,27,5,-4,-10,-11,-16,-20,-26,sil
14.46143078804016,-22,1,-8,10,0,20,22,9,-6,-7,-19,-23,-22,-15,sil
14.476959943771362,-21,0,-12,19,5,19,25,5,-3,6,-16,-18,-17,-4,sil
14.476959943771362,-27,-6,-13,11,5,16,27,-3,-8,6,-21,-18,-14,-3,sil
14.492063283920288,-17,-9,-6,11,6,18,18,-5,-11,0,-28,-25,-14,-4,sil
14.492063283920288,4,0,2,21,9,13,6,0,0,4,-13,-13,-5,4,sil
14.507402896881104,8,0,5,4,0,-2,-5,0,4,0,3,8,7,13,sil
14.507402896881104,0,-19,-8,-29,-22,-20,-22,-7,-7,-21,0,5,9,4,sil
14.52328610420227,3,-25,-9,-40,-25,-26,-31,-12,-9,-26,-7,0,8,-2,sil
14.52328610420227,11,-7,2,-25,-7,-17,-21,-4,3,-11,16,18,22,1,sil
14.53930163383484,7,3,10,-12,0,-15,-13,-1,3,-13,35,26,26,0,sil
14.53930163383484,11,9,11,0,-2,-13,-11,-4,-11,-26,20,14,6,-13,sil
14.555073738098145,24,24,13,23,9,5,4,1,-11,0,13,9,0,-5,sil
14.555073738098145,16,26,20,33,24,22,22,9,1,38,18,11,13,14,sil
14.570000648498535,-8,-3,0,13,6,14,15,3,4,39,-7,-10,5,11,sil
14.570000648498535,-22,-30,-16,-13,-13,0,1,-2,6,20,-34,-26,-14,-1,sil
14.585156679153442,-9,-18,0,-25,-5,-4,-1,2,12,12,-20,-8,-10,1,sil
14.585156679153442,11,3,4,-16,0,-9,-8,2,10,3,1,8,5,4,sil
14.60121774673462,15,15,8,1,-1,-13,-18,0,-2,-12,12,11,0,-6,sil
14.60121774673462,0,16,6,13,13,0,-12,3,-12,-14,11,4,-16,-11,sil
14.61641812324524,-10,9,0,16,24,26,8,0,-9,-2,-1,-11,-21,-2,sil
14.61641812324524,-9,1,3,15,8,34,24,0,1,8,-12,-21,-16,6,sil
14.632478952407835,-15,-9,-5,8,-8,16,22,5,13,8,-17,-17,-17,0,sil
14.632478952407835,-21,-21,-16,-11,-9,-1,4,2,10,-1,-23,-16,-20,-11,sil
14.64829707145691,-11,-16,-14,-23,-11,-8,-3,0,9,-7,-15,-9,-5,-2,sil
14.64829707145691,7,-5,-6,-13,-14,-14,-1,1,17,-9,9,12,17,6,sil
14.66386651992798,12,3,3,2,-2,-17,-7,2,10,-9,25,30,25,2,sil
14.66386651992798,8,17,2,13,11,-6,-4,-3,-7,-9,26,22,15,-2,sil
14.680200815200806,1,23,1,13,12,8,1,-8,-17,-20,14,5,4,-3,sil
14.680200815200806,-8,17,1,15,11,6,-3,-3,-17,-21,-7,-4,-5,-5,sil
14.695615530014038,-9,7,1,20,6,0,0,0,-14,4,-19,-11,-8,-3,sil
14.695615530014038,-5,-13,3,5,-8,4,16,-1,-12,21,-14,-8,1,6,sil
14.711608171463013,-6,-27,-10,-17,-25,4,16,-1,0,18,-10,-7,9,17,sil
14.711608171463013,2,-18,-10,-25,-23,-12,-4,0,17,15,-13,-6,8,18,sil
14.726824760437012,16,-11,4,-21,-14,-18,-13,3,24,20,-1,5,15,12,sil
14.726824760437012,17,-11,0,-15,-7,-8,-2,5,25,25,20,19,27,10,sil
14.742822885513306,20,-1,1,-11,3,-3,-1,1,11,16,29,25,18,6,sil
14.742822885513306,21,8,5,-7,9,-6,-17,-4,-14,3,21,13,-3,-9,sil
14.758846044540403,6,10,2,-8,1,-10,-23,-6,-27,-4,14,0,-13,-19,sil
14.758846044540403,1,15,1,0,0,-6,-11,1,-16,-20,15,3,-9,-9,sil
14.774038553237917,7,21,8,20,14,3,-2,2,-11,-29,9,4,-9,-5,sil
14.774038553237917,-2,15,13,19,23,2,-3,-3,-17,-25,0,-1,-13,-9,sil
14.790250301361084,-10,5,8,14,12,0,0,-3,-10,-21,-2,-6,-10,-6,sil
14.790250301361084,-5,4,6,25,4,12,12,1,-5,-15,-9,-11,-8,-4,sil
14.805758237838743,-11,6,2,24,3,18,18,2,-6,-1,-22,-16,-15,-6,sil
14.805758237838743,-20,-4,-12,2,-4,5,6,0,0,1,-26,-22,-17,-4,sil
14.821799993515016,-17,-17,-11,-6,-8,4,-2,0,7,-1,-28,-24,-11,-2,sil
14.821799993515016,-10,-6,-6,6,6,22,15,3,13,8,-22,-14,-2,3,sil
14.83783197402954,-1,4,0,17,15,24,32,4,28,25,0,0,11,15,sil
14.83783197402954,0,-6,0,4,0,13,22,5,32,32,8,5,21,17,sil
14.853041410446169,-7,-18,-11,-17,-10,9,11,0,24,27,-2,1,17,10,sil
14.853041410446169,-11,-14,-11,-28,-5,0,8,-3,15,7,-7,0,7,2,sil
14.869266033172607,-6,-15,-8,-24,-11,-12,-2,-3,2,-3,-2,-3,0,-2,sil
14.869266033172607,2,-15,-2,-19,-19,-15,-12,-2,-4,-2,0,2,0,2,sil
14.885287523269652,9,-6,4,-24,-12,-18,-14,0,2,-6,3,10,5,6,sil
14.885287523269652,9,0,-4,-28,-7,-24,-23,1,5,-13,10,10,9,-3,sil
14.901406526565552,15,13,3,-11,-5,-20,-31,0,-11,-18,25,21,14,-6,sil
14.901406526565552,26,24,19,10,0,-20,-27,-3,-15,-21,36,29,14,0,sil
14.917026042938232,20,18,19,11,0,-23,-28,-9,-14,-19,26,21,-3,-8,sil
14.917026042938232,8,15,11,8,2,-6,-31,-6,-33,-19,13,17,-18,-16,sil
14.932383060455322,6,13,-1,23,10,5,-12,1,-38,-14,8,5,-7,-7,sil
14.932383060455322,-1,0,0,24,5,3,6,1,-24,0,-2,-16,-4,-1,sil
14.948230028152466,-12,0,5,14,3,13,21,3,-6,16,-6,-18,-12,-1,sil
14.948230028152466,-6,5,0,15,14,26,33,9,8,21,0,-7,-2,7,sil
14.963149309158323,1,0,3,14,14,21,29,12,13,20,-8,-2,5,13,sil
14.963149309158323,1,-2,-1,10,3,13,17,6,10,24,-20,-6,-2,6,sil
14.9792160987854,-11,0,-11,3,0,13,14,-2,5,15,-22,-14,-11,-1,sil
14.9792160987854,-26,-12,-12,-3,0,14,16,-7,0,-1,-35,-31,-20,-12,sil
14.994101524353027,-21,-18,-10,-7,-3,8,20,-8,2,-9,-48,-35,-33,-16,sil
14.994101524353027,-4,-10,-5,-11,-2,0,18,0,13,-6,-22,-11,-18,0,sil
15.010286331176758,0,-5,-10,-7,-2,-6,3,4,18,7,8,4,15,8,sil
15.01069164276123,-9,-10,-5,-3,-6,-9,-8,0,15,10,1,0,19,4,sil
15.02584743499756,-4,-15,-1,-12,-5,-8,-6,-1,18,0,-3,1,12,10,sil
15.02584743499756,9,-10,-9,-21,-4,-4,-10,1,27,5,19,10,26,15,sil
15.041742324829102,5,-4,-5,-24,-11,-9,-22,-5,13,0,20,9,18,1,sil
15.041742324829102,2,-2,2,-12,-15,-16,-20,-8,-7,-11,10,7,0,-1,sil
15.056819200515749,20,10,11,1,-5,-12,-15,0,-8,0,28,25,18,8,sil
15.056819200515749,28,21,14,0,1,-12,-20,2,-6,-1,33,31,20,5,sil
15.072054147720335,11,10,7,0,-2,-14,-19,-4,-14,-18,9,11,-6,-10,sil
15.072054147720335,2,7,12,5,0,-1,-12,-1,-18,-13,7,5,-5,-11,sil
15.087467670440674,11,21,10,11,11,6,-3,9,-14,-5,13,14,4,2,sil
15.087467670440674,10,19,3,9,16,0,-4,6,-14,-17,3,12,-6,3,sil
15.103365898132324,-5,7,2,6,8,2,-7,1,-13,-13,-1,0,-14,-6,sil
15.103365898132324,-8,10,3,16,4,8,3,0,-12,3,-7,-12,-10,-8,sil
15.118903160095217,1,14,13,29,7,6,13,-2,-10,6,-13,-12,-8,0,sil
15.118903160095217,0,8,10,24,8,11,12,0,0,8,-1,-1,0,7,sil
15.134761333465576,-11,0,0,13,7,16,18,3,10,14,3,-6,6,8,sil
15.134761333465576,-16,-9,-4,6,1,12,27,0,0,4,-17,-23,-8,-4,sil
15.149890899658203,-22,-19,-15,-5,-4,11,24,-2,0,0,-22,-23,-21,-17,sil
15.149890899658203,-24,-21,-11,-17,0,15,20,1,19,9,-3,-7,-6,-5,sil
15.16526746749878,-16,-27,-14,-18,2,11,20,2,30,14,-7,-12,3,6,goodbye
15.16526746749878,-12,-33,-27,-23,-5,6,14,1,23,11,-28,-22,-1,2,goodbye
15.18115234375,-5,-21,-11,-22,-3,4,7,3,23,24,-13,-6,8,5,goodbye
15.197845220565796,18,-4,4,-6,0,-7,7,5,26,32,14,12,27,20,goodbye
15.197845220565796,31,-1,0,-6,-9,-26,-7,0,4,1,9,15,16,16,goodbye
15.197845220565796,16,0,-10,-16,-19,-36,-32,-9,-21,-25,-3,13,-2,-1,goodbye
15.21302056312561,7,5,0,-14,-14,-27,-33,-9,-24,-20,11,17,0,-7,goodbye
15.21302056312561,15,15,13,-7,-7,-16,-23,-2,-18,-18,23,24,5,-6,goodbye
15.227400064468384,13,19,6,0,-10,-14,-28,-6,-25,-36,7,15,-8,-20,goodbye
15.24280047416687,1,17,8,2,-9,-14,-32,-11,-43,-45,-3,-1,-30,-32,goodbye
15.243801355361938,-6,16,13,6,3,-7,-20,-1,-34,-26,0,-12,-24,-23,goodbye
15.243801355361938,-10,10,3,14,6,1,-9,2,-8,-2,-1,-17,-4,-10,goodbye
15.259889841079712,-9,3,3,19,0,9,-4,0,-5,2,-11,-14,-4,0,goodbye
15.260893821716309,-4,3,5,26,5,23,4,3,-4,9,-5,-2,-1,12,goodbye
15.27440881729126,-3,5,6,30,16,34,17,6,14,27,1,2,11,16,goodbye
15.290112495422363,-8,2,1,22,17,27,25,7,24,34,-5,-6,8,8,goodbye
15.290112495422363,-9,-2,-7,9,13,20,27,5,25,25,-7,-6,0,5,goodbye
15.305041551589966,-6,-7,-3,0,12,21,27,2,23,10,2,1,0,16,goodbye
15.305041551589966,0,-8,-4,-2,10,8,18,0,13,1,4,0,1,20,goodbye
15.321215867996216,5,-10,-5,-9,0,-9,4,1,11,1,-6,-4,5,8,goodbye
15.321215867996216,3,-13,-4,-17,-8,-7,4,4,24,11,-4,2,13,5,goodbye
15.33685541152954,7,-6,0,-11,-8,-7,11,3,30,21,13,18,18,21,goodbye
15.33685541152954,19,1,12,-8,-3,-17,6,0,24,16,25,31,30,23,goodbye
15.352431535720823,17,-3,-4,-25,-8,-15,-6,0,14,-1,18,22,26,0,goodbye
15.352431535720823,2,-4,-14,-31,-13,-8,-15,-4,-8,-13,11,11,2,-13,goodbye
15.368078708648682,0,8,1,-10,-6,-12,-19,-6,-24,-8,17,15,0,-8,goodbye
15.368078708648682,6,11,8,0,-1,-18,-20,-2,-17,-9,14,9,8,-12,goodbye
15.38409185409546,0,0,2,-13,-5,-12,-19,-5,-23,-29,-1,-7,-8,-23,goodbye
15.38409185409546,-6,3,-2,-6,-7,-3,-10,-11,-35,-29,-10,-12,-23,-20,goodbye
15.399376392364502,-8,18,2,15,7,-1,0,-2,-29,-18,-10,-10,-22,-17,goodbye
15.399376392364502,-9,12,6,22,24,4,3,11,-14,-18,-14,-17,-23,-22,goodbye
15.41493010520935,-5,-2,-1,18,12,14,6,4,-2,-8,-18,-26,-18,-12,goodbye
15.41493010520935,-11,-5,-1,13,-4,12,4,-4,-3,3,-25,-26,-16,0,goodbye
15.430068254470823,-20,-7,-3,15,3,13,10,-2,-8,8,-27,-27,-22,0,goodbye
15.430068254470823,-17,-7,-3,23,13,26,23,2,0,19,-16,-23,-13,7,goodbye
15.445236921310425,-7,-1,5,18,0,28,23,4,14,28,-8,-9,-1,19,goodbye
15.445236921310425,-3,-9,0,3,-10,9,13,2,22,29,-8,-1,4,20,goodbye
15.46082592010498,1,-19,-3,-9,-9,-5,1,-2,18,17,0,4,10,13,goodbye
15.46082592010498,8,-16,-3,-20,-18,-10,-10,-2,7,-3,0,12,8,4,goodbye
15.476855278015137,14,-7,-5,-22,-26,-13,-15,0,2,-13,0,15,3,3,goodbye
15.476855278015137,20,0,3,-6,-7,-13,-10,0,9,-6,16,28,20,14,goodbye
15.492236137390137,27,11,8,8,5,-16,-9,-6,14,-4,35,39,33,12,goodbye
15.492236137390137,17,11,7,-2,1,-22,-18,-8,-3,-12,27,27,17,-4,goodbye
15.50700569152832,2,3,-4,-21,0,-19,-16,-1,-23,-15,12,4,0,-18,goodbye
15.50700569152832,-1,4,-10,-21,0,-15,-15,-1,-22,-14,7,-1,-2,-23,goodbye
15.523107051849363,-6,10,0,-11,0,-13,-22,0,-9,-12,8,4,0,-17,goodbye
15.523107051849363,-12,10,3,-4,8,3,-11,12,1,-4,3,1,0,-5,goodbye
15.53825831413269,-10,5,-2,0,17,17,4,6,-6,-6,-8,-8,-12,-8,goodbye
15.53825831413269,-9,6,-7,13,10,10,2,-6,-16,-9,-8,-15,-22,-14,goodbye
15.553840637207031,-7,14,1,27,15,16,5,2,0,5,8,-10,-5,0,goodbye
15.553840637207031,3,11,13,33,27,33,23,13,17,27,11,0,12,16,goodbye
15.57012176513672,6,-1,0,28,18,31,29,6,17,27,-6,-2,2,18,goodbye
15.57012176513672,-5,-8,-3,6,0,14,17,1,14,12,-16,-11,-9,10,goodbye
15.585186004638672,-6,-10,0,-4,-14,0,17,0,14,8,-12,-15,0,1,goodbye
15.585186004638672,-1,-17,-2,0,-9,0,25,-1,10,20,-8,-15,8,3,goodbye
15.600810050964355,-3,-15,7,-2,9,9,18,0,9,28,-3,-6,7,19,goodbye
15.600810050964355,3,-6,3,-4,-13,0,6,-2,11,16,-8,0,4,19,goodbye
15.615877628326416,8,-7,-3,-14,-46,-23,-4,-8,4,-6,-17,-3,-3,-1,goodbye
15.615877628326416,0,-9,-3,-26,-16,-24,-13,-2,1,-12,-14,-2,-6,-8,goodbye
15.63192868232727,-3,0,-6,-16,10,-14,-14,3,13,0,-5,5,1,1,goodbye
15.63192868232727,-1,1,-2,-14,-12,-12,-11,0,9,0,3,14,4,1,goodbye
15.647948741912842,0,0,-1,-19,-14,-12,-12,-4,-9,-15,13,9,1,-7,goodbye
15.647948741912842,2,4,0,-6,8,-9,-18,-7,-23,-30,14,4,0,-7,goodbye
15.663968324661257,4,12,7,3,4,-10,-24,-3,-26,-29,12,14,2,0,goodbye
15.663968324661257,6,14,10,5,0,-10,-17,-5,-17,-9,19,21,9,0,goodbye
15.6789972782135,8,10,9,9,7,-6,-5,-7,-12,-7,19,16,1,-5,goodbye
15.6789972782135,0,0,-4,4,-2,-5,-5,-1,-17,-19,3,1,-12,-12,goodbye
15.694760084152222,-1,0,0,6,-4,-3,-9,3,-16,-20,-1,0,-10,-12,goodbye
15.694760084152222,11,11,17,27,12,6,-2,5,-11,-12,0,2,-9,-5,goodbye
15.71079969406128,2,1,-4,28,9,20,11,0,-16,-4,-7,-17,-22,-8,goodbye
15.71079969406128,-15,-11,-15,9,2,31,24,1,-7,9,-17,-26,-12,-9,goodbye
15.725821733474731,-9,-2,0,11,17,44,37,9,18,29,-16,-8,4,3,goodbye
15.725821733474731,-6,-2,-6,11,16,36,35,7,20,29,-17,-11,-2,5,goodbye
15.741854190826416,-11,-21,-19,-12,-8,6,16,0,6,10,-21,-25,-10,0,goodbye
15.741854190826416,-3,-20,-14,-33,-15,-10,0,0,17,6,-13,-11,8,4,goodbye
15.75688338279724,0,-1,0,-36,-9,-14,-13,2,24,9,3,9,24,6,goodbye
15.75688338279724,0,9,0,-27,-11,-21,-24,1,9,-5,18,10,11,-3,goodbye
15.772090673446655,8,15,8,-7,-4,-15,-27,-2,-2,-15,26,12,-2,-3,goodbye
15.772090673446655,10,23,22,15,9,-9,-21,-1,-8,-2,26,20,2,3,goodbye
15.788110733032228,3,19,9,29,13,-13,-7,0,-9,6,8,8,6,6,goodbye
15.804755210876465,0,-2,3,17,10,0,11,1,-1,11,-7,-3,3,10,goodbye
15.804755210876465,0,-11,5,9,3,19,27,1,15,35,-4,-1,14,19,goodbye
15.804755210876465,0,2,2,13,2,14,23,-2,25,41,0,0,18,20,goodbye
15.820165872573853,3,0,-3,0,1,0,10,0,27,19,-2,0,9,13,goodbye
15.820165872573853,11,-13,-6,-19,-6,-6,4,5,28,14,10,9,18,15,goodbye
15.835830926895142,9,-5,-1,-11,-11,-14,-7,-2,4,-3,16,15,21,7,goodbye
15.835830926895142,0,5,-3,2,-8,-23,-23,-10,-27,-42,0,0,-9,-18,goodbye
15.850023984909058,1,10,-1,9,0,-20,-23,-7,-33,-49,-10,-14,-28,-26,goodbye
15.850023984909058,8,10,8,13,1,-11,-16,-2,-32,-34,-9,1,-17,-13,goodbye
15.865540504455566,1,-1,-1,3,-6,-2,-14,-1,-31,-24,-8,7,-14,-12,sil
15.880980730056764,-4,-10,0,-5,-4,8,-9,-1,-17,-13,-4,-5,-18,-18,sil
15.880980730056764,-5,-2,2,3,12,17,5,1,-4,-2,0,-7,-14,-12,sil
15.897029399871826,-19,-9,-16,2,5,13,13,5,-6,0,-3,-6,-16,-10,sil
15.897029399871826,-36,-21,-20,-15,-13,6,8,3,-9,-3,-9,-20,-21,-17,sil
15.912186622619627,-32,-15,-10,-14,-5,16,12,-1,-1,0,-14,-25,-16,-15,sil
15.912186622619627,-18,-11,-4,-8,5,25,27,1,12,19,-14,-15,-7,0,sil
15.927809476852415,-8,-17,-3,-17,-6,16,27,7,30,32,-12,-10,0,13,sil
15.927809476852415,5,-3,3,-15,-7,5,7,6,42,27,-2,1,17,22,sil
15.943216562271118,27,19,16,-4,13,-3,-4,6,45,16,20,24,35,26,sil
15.943216562271118,31,24,15,0,14,-16,-3,1,29,9,34,29,33,15,sil
15.959402322769163,19,13,13,-8,-2,-23,-13,-7,0,-1,20,24,14,4,sil
15.959402322769163,22,11,9,-11,-5,-17,-20,-4,-17,-10,10,21,9,10,sil
15.975392580032349,26,18,2,8,0,-11,-6,-1,-22,-17,15,10,11,9,sil
15.975392580032349,9,16,9,21,-3,-9,-1,-6,-32,-27,10,8,-2,-3,sil
15.990270614624023,2,12,5,16,1,-4,-2,-1,-21,-13,5,11,-5,0,sil
15.990270614624023,5,17,1,14,14,4,1,6,-7,2,3,4,3,4,sil
16.005730867385864,-11,8,0,16,6,4,-5,1,-25,-7,-19,-12,-12,-7,sil
16.005730867385864,-23,-13,-11,14,-9,0,-17,-8,-30,-16,-31,-27,-26,-14,sil
16.021229028701782,-10,-17,-2,14,-5,10,-8,-1,-8,0,-8,-19,-7,-4,sil
16.021229028701782,-6,-7,5,20,7,26,13,7,1,16,0,-5,1,4,sil
16.036795139312744,-9,-12,-2,14,5,21,15,1,2,14,-22,-11,-7,2,sil
16.036795139312744,-13,-29,-6,-9,-5,7,5,-2,12,18,-29,-22,-6,-4,sil
16.051870822906494,-19,-32,-10,-18,-7,4,11,2,29,31,-14,-21,2,-6,sil
16.051870822906494,-8,-10,-6,-8,0,3,13,3,35,19,-2,-5,10,1,sil
16.067500114440918,10,8,-5,-6,-1,-5,1,0,23,0,5,8,12,5,sil
16.067500114440918,7,2,-10,-17,-5,-14,0,0,16,2,16,12,13,2,sil
16.082757472991943,0,-6,-7,-21,-2,-13,5,1,22,5,25,12,19,5,sil
16.082757472991943,6,-2,-5,-16,-4,-13,-4,0,17,-4,21,8,11,0,sil
16.098838567733765,1,4,-2,-16,-8,-20,-19,-4,-4,-22,6,5,-11,-17,sil
16.098838567733765,0,15,-4,-11,4,-17,-13,-7,-16,-24,1,4,-15,-20,sil
16.11422348022461,14,28,4,1,19,-5,-1,-4,-14,-14,14,3,-3,-7,sil
16.11422348022461,13,21,13,3,12,-3,-6,0,-22,-14,16,5,-8,-5,sil
16.129743814468384,-3,3,0,2,-5,-6,-13,-4,-34,-18,0,5,-19,-11,sil
16.129743814468384,-6,0,3,15,-3,2,-7,-8,-30,-15,-4,6,-17,-3,sil
16.145841121673584,-3,1,13,18,8,12,1,1,-11,-8,0,2,-10,11,sil
16.145841121673584,-7,-1,4,8,4,14,8,8,0,0,0,-4,-4,11,sil
16.16155743598938,1,0,5,18,1,16,16,10,6,13,-1,0,3,9,sil
16.16155743598938,14,4,8,26,7,15,19,11,14,17,-4,4,9,16,sil
16.177299737930298,2,-4,10,2,1,6,5,1,-3,6,-20,-6,0,13,sil
16.177299737930298,-11,-10,0,-9,-8,9,0,-7,-17,0,-27,-21,-8,0,sil
16.193129301071167,-7,-4,-3,-1,-3,14,11,-1,-6,5,-17,-15,-1,-5,sil
16.193129301071167,-8,-12,0,-14,-3,6,4,4,6,7,-12,-1,7,-5,sil
16.209230184555054,-6,-21,-7,-32,-18,-8,-14,-1,26,10,-3,0,15,0,sil
16.209230184555054,6,-4,-3,-18,-20,-15,-12,-3,40,21,5,4,24,10,sil
16.224905014038086,13,7,9,7,-2,-6,3,4,34,24,8,8,31,16,sil
16.224905014038086,11,-4,-1,0,4,-3,3,4,32,15,19,15,31,10,sil
16.240901231765747,3,-8,-8,-24,-5,-19,-9,-2,13,-4,27,19,15,-2,sil
16.240901231765747,0,11,-5,-9,-6,-23,-12,-1,-22,-23,13,8,-8,-10,sil
16.25661849975586,7,25,3,22,8,-8,-8,-1,-37,-30,3,2,-16,-9,sil
16.25661849975586,5,20,5,23,13,0,-5,-6,-25,-24,2,1,-16,-10,sil
16.27259922027588,-10,6,-9,10,2,3,-1,-7,-14,-11,-4,-16,-23,-13,sil
16.27259922027588,-13,-8,-12,4,0,9,0,1,-11,0,-10,-24,-25,-8,sil
16.28816509246826,-5,-18,-11,4,4,14,6,6,-7,5,-11,-7,-16,0,sil
16.28816509246826,-9,-16,-4,3,8,23,18,-1,-2,9,-12,-4,-10,5,sil
16.304036378860474,-18,-14,0,-5,10,24,24,-1,-1,9,-16,-18,-10,3,sil
16.304036378860474,-11,-15,-5,-15,3,11,17,2,5,10,-17,-12,-4,2,sil
16.319206476211548,10,-2,6,-6,0,0,-1,0,21,14,4,14,16,11,sil
16.319206476211548,31,16,15,5,0,-12,-12,-1,22,18,26,26,36,18,sil
16.334763765335083,28,15,6,0,0,-25,-17,2,5,0,19,17,26,2,sil
16.334763765335083,5,9,2,-3,-3,-24,-25,0,-13,-27,9,7,-3,-17,sil
16.34984302520752,-5,21,3,13,0,-14,-17,-8,-30,-33,5,-6,-22,-23,sil
16.34984302520752,-6,22,2,22,9,-2,6,-5,-31,-17,-5,-15,-19,-16,sil
16.3655846118927,-11,0,-5,11,10,7,19,5,-17,-2,-9,-12,-13,-9,sil
16.3655846118927,-22,-10,-7,2,-2,13,11,8,-8,0,-9,-16,-13,-5,sil
16.381261825561523,-22,-5,-1,-2,-6,14,2,2,0,3,-16,-16,-9,-1,sil
16.381261825561523,-5,-12,-6,-10,-7,8,0,0,17,16,-7,-1,8,9,sil
16.396848440170288,0,-16,-2,-14,-13,-1,-2,0,30,19,9,14,27,18,sil
16.396848440170288,4,0,4,-11,-9,-9,0,5,33,13,14,20,25,16,sil
16.412097454071045,20,5,5,-16,0,-14,0,5,27,8,15,26,14,11,sil
16.412097454071045,31,1,11,-20,-1,-17,-10,0,13,-1,19,31,16,11,sil
16.427908658981323,17,4,8,-4,-7,-16,-8,-5,1,-9,11,20,16,2,sil
16.427908658981323,-1,9,2,7,-3,-9,-4,-4,-5,-12,2,7,1,-12,sil
16.443145751953125,-3,10,1,10,4,4,-2,3,2,-8,3,-1,-10,-11,sil
16.443145751953125,-4,3,4,15,7,20,3,4,11,-2,0,-13,-17,-2,sil
16.458837747573853,-16,-9,3,7,1,23,8,0,-4,-3,-17,-23,-23,-9,sil
16.458837747573853,-17,-11,-13,0,-3,19,9,0,-15,0,-27,-28,-22,-11,sil
16.475077152252197,-8,-6,-8,1,0,19,10,2,-1,13,-22,-21,-11,1,sil
16.475077152252197,-2,-7,0,7,7,22,17,2,4,29,-11,-12,0,12,sil
16.490049123764038,2,-5,-1,7,5,15,15,-3,-7,26,-9,-7,4,11,sil
16.490049123764038,7,-11,0,-9,-3,-3,0,-6,-16,2,-15,-3,1,7,sil
16.505613565444946,2,-19,-9,-29,-10,-20,-8,-5,-11,-6,-10,-1,8,7,sil
16.505613565444946,1,-9,-10,-25,-3,-22,-12,-6,-9,-6,7,3,15,6,sil
16.520792961120605,6,3,-1,-6,0,-17,-17,-6,-16,-17,14,13,8,-2,sil
16.520792961120605,6,7,0,1,0,-19,-15,-3,-15,-17,15,16,1,-6,sil
16.53618860244751,0,15,1,0,6,-19,-15,1,-11,-10,20,10,0,-4,sil
16.55210590362549,-1,19,-2,7,8,-9,-19,2,-16,-12,15,0,-9,-13,sil
16.55210590362549,5,21,6,24,5,3,-5,1,-16,-7,14,6,-7,-13,sil
16.55210590362549,11,27,21,38,14,12,14,6,0,5,22,19,4,3,sil
16.567787647247314,2,15,5,34,21,20,19,4,12,8,7,5,0,0,sil
16.567787647247314,-13,-2,-3,19,11,21,18,0,10,4,-17,-15,-14,-11,sil
16.584766387939453,-17,-9,-4,9,-1,6,18,5,25,11,-24,-20,-8,1,sil
16.584766387939453,-11,-17,-10,-10,-9,-6,9,6,43,8,-20,-13,5,11,sil
16.599764585494995,-3,-22,-8,-31,-12,-6,0,4,36,-2,-11,3,9,6,sil
16.61535358428955,0,-16,-3,-22,-15,-8,-6,1,23,-8,0,13,11,11,sil
16.61535358428955,6,-10,3,-16,-18,-14,-10,0,13,-20,7,9,14,14,sil
16.61535358428955,13,0,0,-21,-16,-15,-7,-1,0,-30,16,9,5,2,sil
16.631479501724243,14,13,4,-9,-1,-13,-9,0,-13,-16,21,14,-10,-6,sil
16.631479501724243,8,14,11,6,10,-6,-13,-2,-23,3,12,6,-13,-11,sil
16.64713740348816,0,8,2,4,5,2,-4,-6,-24,12,1,-8,-11,-21,sil
16.66219162940979,-11,6,1,3,6,9,1,-4,-22,13,-6,-11,-14,-17,sil
16.66219162940979,-11,1,-1,17,12,18,0,1,-21,13,-11,-11,-11,-3,sil
16.677812337875366,-2,-9,-5,11,1,22,1,1,-18,12,-9,-12,0,1,sil
16.677812337875366,-9,-19,0,-6,-12,14,6,-4,-12,12,-12,-10,4,0,sil
16.677812337875366,-11,-16,-3,-2,-11,12,14,-3,3,22,-16,-13,3,11,sil
16.69394016265869,7,-1,0,3,-3,19,24,3,25,34,-3,-4,14,26,sil
16.69394016265869,18,3,2,-6,-3,11,21,6,34,29,11,10,25,21,sil
16.708100080490112,2,-6,-5,-19,-10,-12,-1,-2,18,0,4,10,16,2,sil
16.723594188690186,-6,-10,-5,-26,-9,-23,-21,-4,0,-23,-7,4,3,-1,sil
16.723594188690186,6,7,0,-16,4,-17,-16,0,0,-18,3,7,8,0,sil
16.739218950271606,16,24,13,3,20,-13,-16,-2,-2,-14,19,16,11,-7,sil
16.739218950271606,2,23,11,13,23,-9,-22,-6,-13,-20,16,12,0,-9,sil
16.754768133163452,-15,11,-4,7,12,-2,-15,-2,-19,-23,2,-6,-11,-12,sil
16.754768133163452,-17,0,-4,6,6,-6,-4,7,-14,-24,-10,-15,-15,-20,sil
16.770203828811646,-12,-1,-5,18,10,-3,0,8,-3,-17,-19,-12,-13,-13,sil
16.770203828811646,-12,0,-2,21,8,15,8,2,-1,-6,-21,-12,-14,1,sil
16.785866260528564,-8,-10,-4,13,-3,23,19,0,-5,0,-23,-19,-17,1,sil
16.785866260528564,-2,-20,-13,0,-7,11,24,0,0,7,-26,-17,-15,-1,sil
16.8009250164032,0,-11,-2,-11,-4,2,19,3,16,14,-15,-5,-7,5,sil
16.8009250164032,8,-3,2,-12,-12,-1,13,4,26,21,1,-1,0,8,sil
16.816943645477295,13,-11,-2,-13,-16,-8,7,-2,19,19,11,1,10,6,sil
16.816943645477295,14,-5,-3,-14,-5,-8,3,0,13,9,22,18,14,13,sil
16.832975149154663,22,18,3,0,2,-3,0,5,12,4,32,31,11,16,sil
16.832975149154663,23,17,12,7,-1,-11,-14,-1,-5,-5,28,28,4,8,sil
16.848987102508545,6,1,5,1,-8,-19,-26,-8,-20,-10,23,17,-10,4,sil
16.848987102508545,-2,12,5,10,-2,-6,-21,-3,-18,3,27,17,-21,3,sil
16.86465096473694,2,24,18,32,7,7,-12,0,-22,9,21,15,-19,-3,sil
16.86465096473694,0,12,14,43,16,12,-4,-6,-24,0,3,0,-33,-7,sil
16.879942417144775,-15,-7,2,27,11,20,8,-2,-2,2,-4,-9,-35,-1,sil
16.879942417144775,-21,-23,-13,5,-6,20,18,7,24,18,-4,-7,48,2,sil
16.895873308181763,-8,-22,-9,-5,-12,2,13,3,27,14,-8,-5,131,1,sil
16.895873308181763,-2,-5,-2,-15,-8,-11,3,0,14,-2,-7,-1,82,-1,sil
16.911522150039673,-16,-10,-17,-16,-12,-19,-10,-1,0,-9,5,4,-3,-6,sil
16.911522150039673,-8,-1,-4,-17,0,-18,-25,-8,-19,-21,4,-2,-16,-14,sil
16.927316427230835,27,41,33,-41,17,3,-13,-2,-27,-25,-21,-23,-19,-18,sil
16.927316427230835,20,23,24,-33,5,24,17,9,-8,-3,-33,-28,-34,-4,sil
16.942216396331787,-16,-41,-18,20,-5,17,36,6,15,12,-17,-12,-26,10,sil
16.942216396331787,0,-31,-11,4,0,-3,17,-7,14,0,-14,-1,-15,9,sil
16.95825719833374,24,7,13,-53,-2,-15,-13,-5,3,-22,-12,4,-2,6,sil
16.95825719833374,-7,-10,-30,-28,-11,-17,-21,4,2,-24,5,5,3,0,sil
16.97394299507141,-24,-10,-46,-1,-10,-21,-22,0,-9,-20,5,1,-21,-14,sil
16.97394299507141,6,25,3,-23,5,-12,-27,-6,-23,-16,-10,10,-37,-5,sil
16.99015974998474,10,25,9,-1,21,5,-12,0,-9,-6,-13,5,-11,6,sil
16.99015974998474,-16,0,-7,27,11,10,3,6,1,2,-8,-17,0,-5,sil
17.00611925125122,-16,0,-3,18,0,11,10,6,8,21,-6,-35,-10,-15,sil
17.00611925125122,1,7,6,13,11,18,21,8,24,38,-5,-32,-5,-8,sil
17.02178144454956,0,6,12,20,19,19,27,9,18,31,-3,-13,2,-4,sil
17.02178144454956,-14,0,0,24,5,19,25,-3,3,20,0,-1,0,-1,sil
17.03790259361267,-21,-7,-8,22,0,17,21,-8,7,21,-2,-6,-4,4,sil
17.03790259361267,-12,-9,-3,3,0,8,11,3,14,22,0,-4,3,7,sil
17.05388855934143,-5,-9,0,-9,-8,0,0,0,8,17,9,9,15,7,sil
17.05388855934143,-1,-8,1,-3,-13,-7,-1,-8,0,9,9,17,17,10,sil
17.069095611572266,11,-6,4,6,-8,-12,1,-4,-1,3,19,23,16,16,sil
17.069095611572266,26,-5,23,13,-1,-9,-4,0,-3,-4,37,34,20,23,sil
17.0849928855896,33,1,28,13,0,-10,-13,-3,0,-7,37,37,28,26,sil
17.0849928855896,38,13,14,9,-5,-21,-14,0,5,-4,33,43,31,23,sil
17.100234508514404,37,16,19,7,-9,-22,-11,2,-2,-17,34,47,23,14,sil
17.100234508514404,23,0,17,-2,-12,-19,-14,-2,-26,-39,16,22,1,0,sil
17.115753650665283,3,-9,0,-20,-13,-21,-22,-7,-44,-50,-9,-1,-16,-14,sil
17.115753650665283,-9,4,-8,-17,-8,-16,-23,-3,-42,-39,-13,0,-19,-21,sil
17.131195783615112,-18,13,-14,-7,-2,-5,-21,0,-30,-26,-10,-5,-19,-24,sil
17.131195783615112,-27,2,-15,-12,-1,4,-17,0,-23,-28,-21,-27,-28,-31,sil
17.14614725112915,-26,0,-19,-6,-1,11,-5,2,-11,-16,-30,-39,-26,-33,sil
17.14614725112915,-16,0,-10,10,10,14,8,6,13,13,-20,-28,-6,-16,sil
17.160910844802856,-7,0,-2,16,23,25,17,11,31,35,-10,-14,5,4,sil
17.160910844802856,-3,2,-9,13,19,33,23,6,27,38,-11,-18,1,3,sil
17.17690086364746,-6,-1,-9,1,10,23,26,1,16,23,-14,-26,-7,-9,sil
17.17690086364746,-10,-7,-4,1,12,17,35,4,17,16,-13,-24,-9,0,sil
17.19210386276245,-4,0,2,6,12,22,37,1,27,24,-9,-8,-1,16,sil
17.19210386276245,0,-5,-2,-13,2,17,20,-2,36,27,-8,-4,1,13,sil
17.20817232131958,-4,-23,-14,-34,-7,0,5,-1,43,18,-10,-14,3,10,sil
17.20817232131958,-1,-17,-3,-22,-11,-16,-1,0,38,10,0,-1,17,20,sil
17.22384285926819,14,-2,3,-9,-14,-31,-11,-4,24,11,13,26,27,22,sil
17.22384285926819,18,-4,0,-28,-12,-29,-23,-7,12,8,9,28,21,14,sil
17.23894762992859,10,0,2,-35,-2,-19,-26,-4,3,-3,9,20,19,6,sil
17.23894762992859,13,24,12,-5,0,-18,-17,-2,-11,-14,35,28,17,0,sil
17.254215955734253,11,35,18,17,0,-19,-16,-3,-37,-28,34,23,-6,-8,sil
17.254215955734253,-2,11,2,12,-1,-13,-29,-7,-60,-50,-8,-10,-34,-25,sil
17.269871711730957,-11,-1,0,8,4,-2,-33,-9,-66,-49,-25,-19,-36,-35,sil
17.269871711730957,-3,12,15,25,12,11,-13,0,-45,-18,-1,4,-22,-13,sil
17.285754203796387,1,12,11,45,14,18,14,12,-14,6,6,4,-12,6,sil
17.285754203796387,-1,1,8,41,17,22,31,15,-12,9,1,-10,-5,1,sil
17.301756858825684,-2,3,2,30,17,25,33,7,-27,10,3,-11,1,0,sil
17.31689429283142,-3,-1,-9,20,1,16,17,-4,-27,9,-2,-14,0,4,sil
17.31689429283142,-9,-17,-11,0,-14,1,1,-6,-12,-1,-11,-16,-4,0,sil
17.31689429283142,-13,-22,-12,-15,-14,-7,3,-1,9,-1,-6,-6,5,-2,sil
17.331066131591797,-6,-16,-4,-14,-6,-7,11,0,30,12,1,1,13,2,sil
17.347121715545654,-1,-13,-4,-12,-8,4,8,0,39,23,0,0,8,5,sil
17.347121715545654,-8,-17,-10,-16,-15,8,1,2,39,21,-10,-2,0,4,sil
17.36230158805847,-9,-15,2,-16,-15,0,-1,10,41,15,-9,6,4,6,sil
17.36230158805847,6,-2,4,-11,-15,-5,-4,7,40,16,12,17,19,9,sil
17.377885818481445,16,1,-2,-16,-16,-11,-9,0,14,4,17,13,22,7,goodbye
17.377885818481445,8,0,-3,-10,-5,-14,-4,0,1,-4,0,6,13,4,goodbye
17.393819093704224,9,2,1,0,6,-7,6,0,20,8,0,12,14,11,goodbye
17.393819093704224,15,7,6,-7,6,-7,0,0,20,5,8,15,12,15,goodbye
17.412116289138794,10,6,1,-10,5,-10,-9,-2,-4,-16,0,0,-5,-1,goodbye
17.412116289138794,6,9,-3,4,6,0,-8,-7,-15,-19,-4,-3,-13,-15,goodbye
17.412116289138794,12,15,0,6,0,0,-3,-3,-9,-10,1,10,-6,-3,goodbye
17.426602363586426,15,15,4,-5,0,-10,-6,0,-7,-15,7,11,-5,3,goodbye
17.426602363586426,6,5,8,-15,6,-9,-12,-5,-14,-20,3,1,-10,-7,goodbye
17.44116473197937,-7,2,0,-13,0,-2,-14,-6,-21,-14,-5,-6,-12,-18,goodbye
17.45676612854004,-18,13,-5,1,2,-1,-13,-4,-30,-15,-12,-14,-17,-20,goodbye
17.45676612854004,-13,18,0,17,17,3,-6,-2,-32,-16,-3,-11,-18,-12,goodbye
17.472267389297485,1,17,8,29,24,18,3,0,-17,-1,11,0,-3,0,goodbye
17.472267389297485,5,16,10,39,24,24,8,5,-8,10,9,0,0,4,goodbye
17.487789630889893,-12,2,-3,26,14,8,3,4,-12,0,-9,-20,-11,-6,goodbye
17.487789630889893,-34,-14,-7,1,-2,-3,0,0,-20,-17,-24,-32,-18,-22,goodbye
17.50388264656067,-24,-8,-4,3,-3,11,12,3,-10,-3,-20,-25,-5,-14,goodbye
17.50388264656067,3,3,1,14,6,29,33,10,19,30,0,-3,12,16,goodbye
17.519919872283936,6,-7,6,2,3,15,33,4,31,36,9,9,25,27,goodbye
17.519919872283936,-7,-24,-6,-6,-8,0,17,-1,19,22,-1,-4,17,16,goodbye
17.5350980758667,-7,-21,-4,-3,-10,1,4,1,21,20,-5,-8,1,14,goodbye
17.5350980758667,0,-19,1,-6,-9,-1,0,2,31,22,1,4,0,10,goodbye
17.551201343536377,2,-25,-14,-24,-18,-13,-5,-3,21,14,-1,6,2,6,goodbye
17.551201343536377,4,-19,-2,-34,-24,-12,-21,-3,7,0,-3,9,2,9,goodbye
17.566810131072998,9,-10,3,-21,-21,-9,-21,-1,11,-4,9,18,3,3,goodbye
17.566810131072998,10,-14,-11,-21,-13,-15,-7,-3,8,0,9,11,0,-5,goodbye
17.58281660079956,4,-10,-4,-32,-9,-16,-7,-4,-15,-5,-8,1,-7,-4,goodbye
17.58281660079956,4,1,-2,-12,-13,-17,-14,-1,-24,-15,-6,5,-2,-5,goodbye
17.599913597106934,9,10,0,3,-13,-15,-9,6,-8,-14,17,22,9,-3,goodbye
17.600939989089966,13,21,15,8,0,0,4,8,10,-3,32,28,18,4,goodbye
17.600939989089966,15,28,17,28,17,12,14,0,12,0,25,14,18,8,goodbye
17.614460706710815,3,18,3,27,25,8,6,-2,-2,-7,12,-1,4,0,goodbye
17.6302707195282,-4,9,-3,5,15,-2,-7,0,-13,-16,0,-7,-5,-11,goodbye
17.6302707195282,9,13,8,-2,6,-9,-7,-1,-14,-16,0,3,1,-13,goodbye
17.64518141746521,9,19,3,0,7,-8,-3,-1,-10,-14,0,7,4,-6,goodbye
17.64518141746521,-10,14,-12,8,6,-6,-11,-4,-11,-18,-9,-9,-12,-7,goodbye
17.660754442214966,-8,4,-2,16,3,-4,-16,0,-13,-18,-20,-14,-19,-8,goodbye
17.660754442214966,6,6,8,15,5,2,-3,6,-4,1,-9,0,0,2,goodbye
17.676739931106567,1,12,9,15,7,12,6,0,0,15,4,8,7,10,goodbye
17.676739931106567,-9,3,4,23,1,11,2,-5,-13,1,-2,-7,-3,0,goodbye
17.692764043807983,-12,-8,2,14,0,14,0,-2,-22,-6,-21,-29,-16,-16,goodbye
17.692764043807983,-12,-9,2,1,9,29,15,0,-6,13,-21,-26,-17,-12,goodbye
17.7081458568573,-11,-11,-4,0,10,28,35,0,12,25,-9,-15,-13,2,goodbye
17.7081458568573,-18,-21,-12,-8,1,5,24,4,7,7,-12,-20,-19,-3,goodbye
17.72383403778076,-21,-22,-17,-15,3,2,8,3,6,2,-18,-22,-23,-10,goodbye
17.72383403778076,-7,-11,-9,-13,8,17,13,2,29,24,-4,-4,-1,9,goodbye
17.739423751831055,0,-6,1,-14,-3,8,12,0,37,28,10,7,17,22,goodbye
17.739423751831055,0,-11,-10,-17,-22,-21,-1,-3,13,7,6,-3,10,9,goodbye
17.754957675933838,5,-7,-9,-22,-23,-28,-14,-5,0,-1,0,0,9,5,goodbye
17.754957675933838,14,3,2,-20,-18,-8,-8,2,8,5,8,22,23,19,goodbye
17.771069526672363,12,0,-2,-14,-13,-1,-3,7,9,-1,14,19,18,17,goodbye
17.771069526672363,3,-13,-3,-25,-15,-17,-21,0,-8,-29,0,0,1,-2,goodbye
17.787164211273193,3,-7,0,-22,-14,-19,-27,-6,-6,-24,-2,3,5,-7,goodbye
17.787164211273193,18,14,16,5,7,-4,-6,-1,2,0,21,29,17,4,goodbye
17.802942037582397,21,16,19,13,20,-5,-2,5,-8,0,32,32,14,0,goodbye
17.802942037582397,4,2,-1,2,-1,-12,-14,-2,-17,-9,20,12,2,-15,goodbye
17.818801879882812,-1,8,1,11,-5,-4,-11,-5,-12,-9,14,7,-1,-11,goodbye
17.818801879882812,10,23,11,30,14,2,-3,-2,-7,-4,12,15,0,3,goodbye
17.83424735069275,14,16,9,29,9,2,-6,-1,-5,-3,5,12,-2,2,goodbye
17.83424735069275,-4,2,6,15,-3,5,-2,6,0,-3,-1,0,-11,-9,goodbye
17.849870443344116,-17,8,-2,17,7,9,11,7,2,0,-5,-9,-15,-13,goodbye
17.849870443344116,-10,14,0,26,21,8,13,-3,-4,0,-6,-6,-11,-5,goodbye
17.86501169204712,-5,3,4,20,11,3,3,-9,-11,-1,-16,-16,-10,-2,goodbye
17.86501169204712,-15,-10,-11,2,0,1,3,-4,-10,-5,-28,-34,-14,-11,goodbye
17.88106942176819,-17,-15,-17,-3,-1,8,16,1,-8,-1,-28,-28,-14,-7,goodbye
17.88106942176819,-10,-19,-8,-4,-7,13,18,3,-4,10,-23,-15,-6,7,goodbye
17.899677515029907,-8,-22,-2,-10,-7,4,5,2,7,19,-15,-12,4,14,goodbye
17.899677515029907,0,-13,-10,-9,0,5,11,8,27,33,2,-8,13,15,goodbye
17.91249704360962,11,-1,-1,-10,1,13,28,8,43,51,11,2,23,22,goodbye
17.91249704360962,8,-4,11,-19,-5,-1,17,1,40,33,7,15,27,26,goodbye
17.929017305374146,0,-8,-5,-25,-9,-24,-6,-3,17,-8,8,15,13,6,goodbye
17.929017305374146,-4,0,-14,-30,-9,-19,-20,-8,-12,-32,7,9,-6,-20,goodbye
17.94497776031494,0,10,-5,-27,-5,-2,-25,-6,-25,-32,2,7,-13,-23,goodbye
17.94497776031494,12,13,9,-4,3,-1,-20,-2,-16,-30,5,7,-12,-11,goodbye
17.959998846054077,18,23,22,15,8,-3,-5,2,-14,-24,7,2,-14,-12,goodbye
17.959998846054077,15,23,9,14,5,0,-2,0,-21,-15,-1,-1,-11,-10,goodbye
17.9760525226593,9,6,-2,7,1,0,-15,-3,-22,-18,-4,-2,-5,-1,goodbye
17.9760525226593,0,2,5,13,1,0,-14,0,-10,-13,5,-1,1,4,goodbye
17.99216103553772,-3,8,9,23,3,5,5,5,-2,14,13,1,9,10,goodbye
17.99216103553772,0,0,5,23,6,13,16,6,-2,32,8,3,13,15,goodbye
18.007492542266846,-5,-12,-4,19,5,16,18,1,4,24,2,-6,5,7,goodbye
18.007492542266846,-17,-15,-8,4,4,11,19,-2,11,11,-3,-11,-5,-1,goodbye
18.02310085296631,-15,-20,-14,-15,-2,0,12,0,9,3,-21,-9,-11,-3,goodbye
18.02310085296631,-2,-21,-16,-21,-16,-19,-5,1,12,0,-28,-6,-6,-5,goodbye
18.039268493652344,-7,-15,-4,-22,-18,-29,-19,-3,17,-6,-9,0,5,-6,goodbye
18.039268493652344,-9,-9,-1,-22,-13,-16,-18,-8,6,-13,5,4,10,-7,goodbye
18.05475687980652,5,2,4,-14,-7,-7,-14,-7,-8,-16,10,11,8,-7,sil
18.05475687980652,7,17,6,-2,0,-8,-12,0,-9,-12,16,15,3,-3,sil
18.070862770080566,-5,17,2,10,6,0,-9,0,-7,-6,12,7,-2,-1,sil
18.070862770080566,0,18,12,24,14,14,-3,0,-13,-2,4,6,-2,-3,sil
18.086034297943115,1,15,8,26,16,17,5,1,-13,9,5,0,-5,0,sil
18.086034297943115,-11,0,1,16,9,20,11,1,-3,20,0,-12,-16,5,sil
18.10774612426757,-8,-10,0,9,0,23,19,0,8,23,-8,-11,-11,11,sil
18.10774612426757,7,-8,-4,-1,-4,14,27,2,16,13,-9,-7,4,16,sil
18.10774612426757,11,-12,-1,-16,-8,6,24,4,13,1,-8,-1,14,21,sil
18.117822408676147,22,-2,8,0,0,1,19,5,21,17,7,16,27,31,sil
18.132996320724487,29,7,8,9,6,-9,2,3,26,26,23,23,29,31,sil
18.132996320724487,11,-4,-6,-17,-5,-18,-22,0,5,-5,2,3,5,0,sil
18.148950576782227,-3,-12,-22,-28,-11,-17,-20,-1,-3,-27,-15,-6,-8,-24,sil
18.148950576782227,-1,1,-1,-9,0,-14,-3,3,7,-9,4,5,0,-15,sil
18.164576292037964,3,8,6,-3,0,-10,-4,4,6,1,16,5,-1,-10,sil
18.164576292037964,0,4,-6,-9,-4,-9,-8,-6,-7,-16,-2,-3,-19,-24,sil
18.1798357963562,-8,7,-3,-7,2,-12,-4,-8,-23,-36,-14,-3,-24,-28,sil
18.1798357963562,-14,11,-1,1,8,-9,-7,-3,-32,-25,-6,-5,-18,-18,sil
18.19532251358032,-4,14,3,10,8,3,-9,0,-26,-5,2,-2,-7,-11,sil
18.19532251358032,1,15,13,18,8,9,-2,-1,-14,-5,4,-1,-2,-6,sil
18.210597038269043,-8,7,11,28,5,1,-2,-4,-17,-12,-5,-14,-9,0,sil
18.210597038269043,-14,-4,1,24,-3,4,-1,-1,-18,0,-12,-17,-6,6,sil
18.226341724395752,-10,-14,-14,2,-9,14,10,5,-1,22,-6,-12,9,9,sil
18.226341724395752,-14,-16,-9,-5,-3,19,14,3,5,19,-11,-13,4,7,sil
18.241762161254883,-8,-5,-2,16,8,25,15,0,7,15,-15,-8,-2,9,sil
18.241762161254883,8,0,-3,20,8,28,23,1,25,33,0,0,8,15,sil
18.25745177268982,8,-12,-2,-7,0,16,22,5,39,40,1,0,14,15,sil
18.25745177268982,-3,-24,-7,-25,-5,0,8,0,32,19,-8,0,6,7,sil
18.272876024246216,-4,-20,-7,-30,-9,-21,-13,-5,9,-8,-9,0,0,-5,sil
18.272876024246216,2,-8,0,-26,-13,-26,-22,-1,0,-18,-4,-1,-4,-8,sil
18.28904390335083,8,0,6,-13,-8,-11,-8,0,7,-2,5,2,3,1,sil
18.28904390335083,8,0,8,-11,0,-11,-4,-1,4,2,16,14,15,7,sil
18.30435514450073,5,-1,1,-12,-5,-22,-18,-5,-10,-21,15,15,6,-2,sil
18.30435514450073,8,8,9,-1,-5,-12,-19,-3,-17,-35,20,22,3,-4,sil
18.32031297683716,18,22,16,3,5,-4,-6,2,-9,-16,28,28,14,6,sil
18.32031297683716,12,22,4,3,4,-14,-6,2,-7,-4,20,16,6,5,sil
18.335848569869995,-2,15,3,4,-4,-12,-7,0,-11,-9,14,15,-2,0,sil
18.335848569869995,0,14,4,10,0,6,4,5,-2,0,18,19,6,5,sil
18.35191321372986,11,14,2,12,10,13,4,9,7,11,14,6,8,8,sil
18.35191321372986,3,10,-1,8,10,7,-5,2,0,3,0,-8,-9,3,sil
18.36749053001404,-7,5,-4,16,5,5,-1,-5,-11,-9,-13,-12,-16,-1,sil
18.36749053001404,-6,0,1,26,2,11,6,-6,-17,-7,-20,-12,-13,-8,sil
18.383174180984497,-7,-1,-4,14,1,11,6,-1,-18,4,-17,-22,-16,-15,sil
18.383174180984497,-12,-2,-7,2,3,9,8,0,-14,5,-17,-23,-17,-17,sil
18.3992178440094,-9,-8,-4,11,7,16,17,2,0,3,-21,-14,-12,-15,sil
18.3992178440094,-8,-20,-11,5,2,17,17,0,14,8,-26,-15,-13,-10,sil
18.41475772857666,-17,-28,-10,-14,-4,5,8,-2,9,5,-28,-23,-16,-8,sil
18.41475772857666,-12,-17,-2,-6,-5,2,12,-1,8,4,-20,-22,-9,-1,sil
18.430320739746094,1,-3,2,4,1,8,20,3,18,14,-8,-12,1,11,sil
18.430320739746094,-1,-12,-6,-12,0,0,7,6,17,14,-5,-8,5,18,sil
18.44574522972107,-6,-23,-21,-29,-14,-12,-5,0,13,10,-8,-6,7,11,sil
18.44574522972107,4,-4,0,-23,-12,-12,-4,-2,13,3,1,11,15,6,sil
18.4611451625824,11,9,7,-15,-4,-17,-6,-2,4,-7,17,19,20,2,sil
18.4611451625824,6,1,-8,-18,-10,-25,-21,-4,-2,-11,21,15,22,0,sil
18.476501941680908,12,9,1,-18,-6,-20,-21,0,0,0,25,30,28,7,sil
18.476501941680908,20,23,14,-4,12,-10,-7,3,0,3,35,35,25,5,sil
18.49217319488525,12,16,10,3,14,-5,-10,0,-10,-9,29,21,8,-7,sil
18.49217319488525,0,6,0,5,0,0,-12,0,-7,-11,16,8,-5,-9,sil
18.508281469345093,-2,11,5,18,0,0,-2,0,-6,-5,13,1,-12,-2,sil
18.508281469345093,3,22,19,41,10,4,0,0,-16,-5,11,3,-10,2,sil
18.52417826652527,13,23,18,50,14,19,0,6,-6,5,7,8,0,16,sil
18.52417826652527,0,1,6,26,9,29,4,5,8,16,-6,-10,-6,7,sil
18.539273023605347,-17,-16,-10,2,2,21,6,-2,4,3,-32,-41,-28,-20,sil
18.539273023605347,-16,-10,-5,0,0,10,8,-4,-5,-8,-35,-30,-20,-17,sil
18.5544958114624,-1,-8,6,-10,-5,-2,15,0,-2,-1,-12,0,7,10,sil
18.5544958114624,4,-14,-3,-21,-16,-18,11,0,12,1,-1,7,11,15,sil
18.57009792327881,3,-7,-3,-20,-15,-18,-2,-2,16,-12,2,9,5,1,sil
18.57009792327881,0,-1,3,-19,-6,-9,-13,-4,-3,-20,11,11,5,-8,sil
18.585824966430664,-3,-3,-1,-18,-2,-12,-15,-8,-26,-19,6,4,-4,-13,sil
18.585824966430664,-8,2,-4,-7,-1,-9,-11,-5,-27,-17,-4,0,-18,-7,sil
18.60129737854004,-9,3,-10,9,0,7,3,1,-16,-2,-11,-4,-17,-3,sil
18.60129737854004,-7,-12,-5,13,1,19,18,3,-10,12,-21,-18,-13,-3,sil
18.617055892944336,-8,-21,-7,2,2,21,26,3,3,23,-24,-29,-1,7,sil
18.617055892944336,-8,-12,-20,-9,0,14,14,2,15,23,-12,-18,9,9,sil
18.632751941680908,2,-3,-7,-14,-2,-1,-10,2,6,4,-2,5,7,-1,sil
18.632751941680908,11,-1,1,-5,-3,-10,-15,1,10,2,1,10,10,0,sil
18.64824628829956,10,2,0,0,-4,-13,-6,2,20,11,9,10,19,8,sil
18.64824628829956,11,8,7,-1,-3,-14,-11,4,6,1,15,23,12,2,sil
18.6642427444458,14,12,11,3,2,-10,-13,-1,2,-11,19,23,3,0,sil
18.6642427444458,10,16,4,4,8,-4,-7,-6,14,-9,18,7,1,0,sil
18.678902864456177,1,16,-3,0,8,-2,-2,-1,4,-2,8,-6,-7,-12,sil
18.69402980804444,0,14,9,12,11,3,2,1,-11,-2,0,-8,-10,-16,sil
18.69402980804444,2,13,18,29,12,12,6,0,-5,-6,6,-1,-1,-3,sil
18.70929741859436,-6,8,3,21,11,12,6,4,-2,2,8,-7,-2,-1,sil
18.70929741859436,-20,-2,-3,7,15,15,16,6,-8,15,-6,-19,-8,-1,sil
18.725279092788696,-17,-8,-9,13,8,20,29,1,0,12,-17,-20,0,3,sil
18.725279092788696,-13,-12,-14,3,-8,6,13,-3,5,3,-15,-9,0,2,sil
18.74123692512512,-12,-18,-6,-27,-18,-9,-7,-2,2,2,-12,2,-11,2,sil
18.74123692512512,-3,-17,-4,-30,-18,-7,5,-1,10,10,-1,7,3,13,sil
18.756994009017944,7,-6,2,-9,-11,-2,14,0,22,18,11,14,27,20,sil
18.756994009017944,17,3,5,0,-5,-6,-5,3,25,12,15,21,21,13,sil
18.77260112762451,19,5,3,-7,-7,-7,-15,0,19,-5,11,23,6,7,sil
18.77260112762451,15,2,3,-11,-7,-10,-9,0,2,-17,15,20,5,2,sil
18.787850618362427,19,9,8,-1,0,-20,-17,0,-14,-19,21,20,7,-4,sil
18.787850618362427,22,21,21,13,8,-17,-26,0,-28,-25,17,15,3,-4,sil
18.80378031730652,13,18,16,18,12,1,-10,-1,-32,-22,4,-2,-6,-1,sil
18.80378031730652,-4,0,0,7,8,8,0,-5,-33,-15,-11,-19,-21,-14,sil
18.819159507751465,-23,-9,-7,-1,-4,0,-13,-11,-38,-20,-31,-24,-30,-27,sil
18.819159507751465,-31,-13,-12,-2,-6,4,-10,-6,-26,-10,-29,-29,-23,-17,sil
18.83453750610352,-24,-17,-5,-3,7,18,6,1,-1,13,-8,-21,-7,-3,sil
18.83453750610352,-13,-20,-7,-3,1,13,9,0,4,22,-11,-15,-4,-2,sil
18.84982752799988,0,-13,-7,-1,-14,2,7,-3,4,18,-27,-15,-5,4,sil
18.84982752799988,10,1,5,-2,-6,11,17,5,24,18,-6,0,9,19,sil
18.865928888320923,5,0,-3,-8,0,8,18,9,35,15,8,6,19,21,sil
18.865928888320923,-5,-18,-15,-22,-14,-15,0,1,14,0,-8,-1,11,4,sil
18.881152153015137,-3,-12,-7,-17,-9,-16,-3,2,4,-5,-9,2,11,-8,sil
18.881152153015137,3,10,0,6,14,-4,2,2,10,-4,14,15,16,-10,sil
18.89726161956787,9,23,3,12,18,-8,0,1,0,-10,21,19,0,-5,sil
18.89726161956787,6,22,2,13,9,-7,-2,0,-5,-10,14,9,-15,-1,sil
18.912863969802856,-6,19,7,23,7,6,1,-3,-8,-11,8,-3,-15,-4,sil
18.912863969802856,-9,12,8,24,7,19,11,-1,-7,-3,0,-6,-9,-2,sil
18.929330348968502,4,2,0,17,10,24,24,5,14,24,-3,0,-1,12,sil
18.929330348968502,7,-1,0,2,6,13,19,6,31,32,-5,-1,7,17,sil
18.945088148117065,0,-4,-3,-15,-8,-6,-6,2,24,13,0,0,13,8,sil
18.945088148117065,1,-7,0,-14,-12,-15,-23,2,14,0,15,15,13,4,sil
18.96120285987854,8,-7,0,-6,-8,-19,-25,-1,0,-6,15,12,3,-4,sil
18.96120285987854,1,-4,-7,-17,-13,-25,-26,-11,-26,-14,0,-5,-5,-20,sil
18.97700500488281,0,4,4,-16,-7,-19,-16,-6,-33,-11,12,6,0,-12,sil
18.97700500488281,9,19,12,10,8,-3,0,2,-17,-5,28,20,6,3,sil
18.99228453636169,9,20,11,27,17,11,0,-2,-18,-9,11,1,-4,0,sil
18.99228453636169,0,7,13,21,15,21,3,-2,-24,-10,-10,-8,-12,-1,sil
19.007412433624268,0,-1,5,20,6,22,21,2,-6,2,-14,-3,-5,11,sil
19.007412433624268,0,-9,0,16,0,19,28,0,6,8,-16,-7,-3,13,sil
19.023375034332275,-9,-23,-8,-6,-7,9,13,-2,3,7,-24,-19,-7,-3,sil
19.023375034332275,-13,-31,-15,-31,-14,-3,2,-3,11,10,-29,-19,-5,-8,sil
19.038934230804443,-4,-22,-12,-31,-13,-5,10,0,25,13,-24,-7,-1,4,sil
19.038934230804443,0,-13,-13,-24,-9,-3,8,0,19,4,-17,-8,0,8,sil
19.05421185493469,-5,-11,-8,-28,-8,-12,-16,1,4,-9,-11,-9,2,-2,sil
19.05421185493469,0,-6,-4,-17,-8,-14,-24,3,6,-14,9,5,14,0,sil
19.0697500705719,15,6,3,-2,-2,-4,-10,3,7,-12,33,22,22,10,sil
19.0697500705719,19,20,14,0,4,-1,-7,1,1,-6,31,22,20,8,sil
19.085777282714844,10,28,10,9,8,-5,-13,0,-3,-5,15,10,9,-2,sil
19.085777282714844,0,21,8,22,9,-4,-12,-1,-10,-13,11,3,0,-11,sil
19.1009213924408,-7,8,3,22,13,2,0,3,-7,0,15,2,-3,-11,sil
19.1009213924408,-14,5,0,23,14,7,8,7,-7,17,8,-3,-10,-9,sil
19.11629819869995,-25,0,-3,22,1,4,2,-3,-29,-2,-14,-17,-24,-14,sil
19.11629819869995,-25,-13,-12,5,-10,3,0,-8,-27,-11,-25,-21,-23,-9,sil
19.132296562194824,-12,-14,-1,-7,-1,9,12,2,12,17,-7,-2,0,5,sil
19.132296562194824,0,-4,4,0,4,7,23,6,36,28,1,7,11,10,sil
19.1478328704834,6,-4,-3,2,-7,-7,8,-2,17,7,-8,6,4,11,sil
19.1478328704834,9,-3,-1,-20,-16,-20,-14,-5,-9,-11,-6,11,0,8,sil
19.163309812545776,6,5,-4,-23,-2,-16,-17,-4,-15,-25,3,8,-4,-7,sil
19.163309812545776,13,13,0,1,13,-2,-9,-3,-12,-28,9,3,-10,-15,sil
19.179129123687744,21,17,10,18,8,6,-5,1,-11,-7,12,4,-4,-2,sil
19.179129123687744,13,16,11,21,1,10,0,0,-9,8,4,-4,0,5,sil
19.19510841369629,2,3,10,18,5,18,9,2,-3,8,-15,-15,-9,6,sil
19.19510841369629,-3,-17,-8,0,-1,22,18,4,2,16,-27,-13,-7,6,sil
19.209787130355835,-13,-27,-15,-30,-10,9,18,1,8,23,-23,-9,2,1,sil
19.209787130355835,-11,-25,-10,-38,-7,-4,10,0,12,14,-17,-12,0,-5,sil
19.225830078125,0,-11,-7,-18,-2,-8,0,0,18,3,-4,-4,2,-6,sil
19.225830078125,9,14,9,-2,7,-7,-1,3,24,0,22,22,21,4,sil
19.241284370422363,10,27,8,2,14,-8,-6,2,19,-3,36,30,22,10,sil
19.241284370422363,4,14,1,8,4,-7,-17,-9,0,-23,21,11,0,-1,sil
19.256882667541504,-6,5,0,19,0,0,-10,-5,-10,-28,6,-5,-8,-14,sil
19.256882667541504,-14,2,-2,29,6,10,8,4,-7,-1,1,-16,-2,-8,sil
19.27209544181824,-11,-7,0,19,0,17,15,1,-2,19,0,-16,3,8,sil
19.27209544181824,-1,-17,-4,-2,-10,15,11,-1,13,27,0,-7,11,14,sil
19.288197994232178,1,-15,-5,-9,-7,2,3,1,19,22,0,1,15,9,sil
19.288197994232178,4,-6,2,0,0,-8,6,4,13,10,0,7,14,16,sil
19.303324937820435,11,-2,4,-6,-2,-14,13,0,18,10,10,7,17,20,sil
19.303324937820435,10,-3,2,-23,-7,-24,-4,-3,5,4,12,6,12,3,sil
19.31884717941284,2,0,-1,-14,-7,-27,-24,-2,-23,-20,0,6,-1,-14,sil
19.31884717941284,0,4,-5,-5,-4,-20,-24,-3,-37,-37,-9,8,-15,-18,sil
19.33489298820496,0,1,0,-14,-4,-14,-28,-4,-37,-32,-9,8,-23,-14,sil
19.33489298820496,0,9,7,-5,0,-6,-28,1,-25,-17,-3,8,-20,-11,sil
19.349993467330933,0,20,13,7,3,2,-13,2,-16,-16,-4,6,-16,-13,sil
19.349993467330933,-11,16,0,7,-1,0,-10,-5,-26,-25,-10,-2,-24,-13,sil
19.365344524383545,-17,11,-3,9,3,3,-13,-3,-26,-19,-9,-8,-23,-3,sil
19.365344524383545,-5,12,6,19,17,25,2,10,-5,-1,-8,-8,-9,2,sil
19.380948543548584,3,3,8,27,12,37,25,9,7,14,-13,-15,-7,0,sil
19.396058320999146,-1,-7,6,26,5,32,29,-2,10,24,-12,-16,-3,4,sil
19.396058320999146,-9,-12,-3,13,8,29,32,-1,19,32,0,-10,12,12,sil
19.411227226257324,-5,-15,-8,0,3,22,37,3,28,32,4,-7,19,13,goodbye
19.411227226257324,1,-18,-5,-5,-8,4,29,0,28,20,-15,-12,5,9,goodbye
19.42685270309448,1,-23,-20,-18,-12,-2,13,-4,26,10,-26,-19,0,2,goodbye
19.42685270309448,-5,-24,-20,-33,-8,-3,1,0,24,9,2,-7,11,0,goodbye
19.44231033325196,-8,-18,-12,-32,-13,-18,-8,2,25,9,19,3,17,-4,goodbye
19.44231033325196,5,-4,-8,-23,-15,-28,-14,0,24,1,4,4,8,-5,goodbye
19.45981311798096,17,5,2,-14,-6,-18,-15,3,8,-3,16,20,7,2,goodbye
19.45981311798096,12,10,4,-1,0,-18,-16,1,-6,-6,32,30,13,3,goodbye
19.45981311798096,10,14,8,2,3,-28,-21,-8,-11,-17,16,19,7,-7,goodbye
19.47444224357605,15,18,15,5,8,-19,-14,-7,-7,-13,10,14,2,-4,goodbye
19.48909854888916,5,16,11,10,9,-3,0,1,-7,0,19,15,6,2,goodbye
19.48909854888916,0,12,7,8,4,0,0,7,-11,-2,14,11,8,0,goodbye
19.50486969947815,8,13,6,12,2,3,0,6,-6,3,11,11,9,2,goodbye
19.50486969947815,14,19,19,27,14,10,0,1,0,22,20,15,12,11,goodbye
19.52027130126953,6,19,14,29,20,11,-8,-10,-9,10,13,5,4,7,goodbye
19.52027130126953,-5,1,-4,9,5,4,-15,-15,-30,-22,-11,-13,-17,-6,goodbye
19.536356925964355,-19,-14,-5,-3,-7,1,-7,-2,-37,-31,-33,-21,-32,-14,goodbye
19.536356925964355,-17,-8,-9,1,-2,3,5,2,-24,-25,-30,-19,-27,-11,goodbye
19.551003217697144,-12,0,-12,1,0,6,2,0,-25,-34,-20,-16,-23,-10,goodbye
19.551003217697144,-23,-9,-8,-7,-10,6,0,4,-27,-30,-29,-21,-29,-14,goodbye
19.566631317138672,-21,-12,-11,-7,-7,11,10,6,0,0,-32,-23,-23,-7,goodbye
19.566631317138672,0,-5,-3,-4,1,16,18,1,23,14,-15,-12,-5,3,goodbye
19.58226132392884,3,-4,0,-1,-3,13,16,5,16,15,-1,-7,4,6,goodbye
19.58226132392884,-8,-8,1,3,-7,8,16,6,11,18,-8,-17,0,4,goodbye
19.59778380393982,-7,-16,1,-2,0,7,16,3,21,28,-19,-17,0,7,goodbye
19.59778380393982,1,-19,-8,-17,0,0,9,0,32,34,-7,0,13,8,goodbye
19.613889455795288,2,-7,-3,-18,-2,-6,2,-4,29,22,14,10,25,8,goodbye
19.613889455795288,8,1,2,-6,-4,0,6,-2,25,11,15,6,25,15,goodbye
19.629251956939697,16,-3,0,-3,-7,-3,3,2,28,11,5,7,20,16,goodbye
19.629251956939697,10,-2,-2,-7,-5,-17,-10,1,26,10,14,21,15,4,goodbye
19.644991159439087,6,12,5,0,0,-16,-15,-4,9,6,35,30,16,4,goodbye
19.644991159439087,19,17,21,7,1,-7,-14,-2,-7,0,43,36,20,14,goodbye
19.6606547832489,25,6,8,-3,-1,-10,-15,1,-7,-5,38,32,18,9,goodbye
19.6606547832489,8,0,-4,-24,-1,-15,-17,0,-13,-8,29,16,7,-1,goodbye
19.67629361152649,-6,8,0,-13,3,-12,-19,-2,-27,-18,10,3,-7,-8,goodbye
19.67629361152649,0,16,1,15,7,-6,-18,-2,-27,-25,0,0,-15,-14,goodbye
19.691893815994263,3,13,2,16,5,-6,-12,-1,-26,-21,0,1,-12,-20,goodbye
19.691893815994263,0,9,4,12,3,-9,-7,0,-27,-17,0,0,-9,-19,goodbye
19.707616090774536,0,10,3,24,4,-3,-4,-1,-13,-9,-5,3,-5,-6,goodbye
19.707616090774536,-3,6,0,20,-1,6,0,-4,-5,-9,-14,-1,-11,-2,goodbye
19.72275710105896,-12,-1,-4,7,-6,7,6,-2,-12,-22,-36,-27,-30,-19,goodbye
19.72275710105896,-19,-6,0,5,3,12,15,0,-7,-13,-39,-38,-34,-20,goodbye
19.738805770874023,-18,-4,-2,7,15,23,19,1,5,7,-24,-23,-18,-6,goodbye
19.738805770874023,-12,0,-12,11,13,23,20,3,0,-2,-24,-20,-13,-6,goodbye
19.754854679107662,-11,-4,-4,10,5,22,23,8,-2,-5,-25,-20,-13,-1,goodbye
19.754854679107662,-6,-16,-3,2,2,21,18,6,16,27,-5,-8,3,15,goodbye
19.770339727401733,1,-21,-6,-11,-3,10,7,-1,17,35,6,-2,18,16,goodbye
19.770339727401733,0,-13,-11,-18,-10,3,9,-1,11,21,0,-8,13,6,goodbye
19.78596568107605,-7,-10,-14,-17,-4,6,18,0,20,19,-5,-10,9,6,goodbye
19.78596568107605,-2,-14,-4,-25,-1,0,12,0,18,14,3,0,13,8,goodbye
19.80173420906067,9,-6,-3,-24,-8,-11,-3,3,9,11,11,8,17,12,goodbye
19.80173420906067,11,6,5,-8,-1,-13,-15,1,11,11,11,13,17,15,goodbye
19.8167576789856,4,8,8,-5,4,-15,-13,-2,5,3,13,10,14,11,goodbye
19.8167576789856,3,2,0,-15,-11,-24,-8,-3,-3,-4,10,7,13,8,goodbye
19.832819938659668,4,2,3,-13,-22,-23,-19,-2,0,-12,5,15,12,8,goodbye
19.832819938659668,0,0,1,-4,-8,-14,-25,-2,-1,-17,7,13,0,-2,goodbye
19.84887099266052,5,0,6,-2,2,-12,-20,-6,-13,-14,9,8,-15,-11,goodbye
19.84887099266052,23,10,20,5,0,-6,-17,-1,-7,-9,13,21,-4,0,goodbye
19.864771366119385,25,18,17,14,-2,0,-15,2,-3,-15,17,30,4,3,goodbye
19.864771366119385,7,12,9,10,4,-3,-5,2,-9,-21,12,16,-10,-5,goodbye
19.87991213798523,4,10,6,11,13,0,5,0,1,0,13,4,-9,-6,goodbye
19.87991213798523,13,16,15,29,13,14,8,1,9,11,23,15,8,-1,goodbye
19.895927906036377,6,16,13,37,7,12,5,5,0,0,15,20,3,-3,goodbye
19.895927906036377,-5,8,-1,25,8,2,4,2,-13,-5,-7,-2,-12,-7,goodbye
19.911903381347656,-10,1,-3,16,11,4,7,-1,-30,-8,-16,-20,-13,-9,goodbye
19.911903381347656,-15,-9,-7,18,2,17,11,-2,-26,-7,-11,-19,-5,-8,goodbye
19.927490949630737,-17,-22,-15,5,-5,20,12,0,-2,9,-11,-22,-2,-3,goodbye
19.927490949630737,-21,-24,-20,-12,-3,12,18,5,10,19,-23,-32,-5,1,goodbye
19.94275712966919,-24,-19,-27,-15,-3,4,24,2,16,12,-31,-37,-9,2,goodbye
19.94275712966919,-11,-15,-11,-16,-6,3,14,0,22,9,-25,-29,-4,0,goodbye
19.95937752723694,0,-8,-2,-18,-1,13,11,2,24,20,-17,-17,3,0,goodbye
19.95937752723694,-7,-2,-10,-16,3,17,18,1,20,18,-10,-8,3,-2,goodbye
19.975035905838013,-4,0,-5,-10,5,0,7,0,6,0,0,1,5,1,goodbye
19.975035905838013,8,0,2,-11,4,-14,-8,-4,0,-7,4,8,10,9,goodbye
19.99018120765686,4,0,0,-20,-4,-14,-14,-5,0,-5,-2,9,3,1,goodbye
19.99018120765686,-1,0,-6,-17,-15,-20,-20,-1,0,-5,-3,7,-4,-9,goodbye
20.00621032714844,6,2,0,-9,-12,-26,-23,-3,-1,-4,10,14,0,-1,goodbye
20.00621032714844,13,2,11,-10,-6,-20,-16,-2,-10,-8,19,27,8,7,goodbye
20.021371364593502,18,10,12,-1,-3,-13,-11,2,-16,-11,22,26,14,10,goodbye
20.021371364593502,16,19,14,6,1,-6,-13,0,-13,-6,27,20,10,9,goodbye
20.03699254989624,0,9,4,-3,1,0,-16,-6,-21,-14,6,2,-7,-5,goodbye
20.03699254989624,-3,1,-3,-8,-3,-8,-25,-2,-31,-30,-13,-10,-16,-18,goodbye
20.052172422409058,8,8,9,2,-2,-12,-22,2,-10,-11,7,2,0,-6,goodbye
20.052172422409058,4,7,8,16,0,0,-3,0,4,11,21,6,2,-2,goodbye
20.068054914474487,-9,1,0,24,4,17,6,-3,-12,-4,-8,-12,-18,-13,goodbye
20.068054914474487,-12,-7,-7,17,6,27,10,4,-10,-10,-24,-24,-18,-11,goodbye
20.08321762084961,-16,-23,-9,6,4,24,16,4,12,11,-12,-19,-6,-6,goodbye
20.09912896156311,-17,-14,2,14,8,15,18,-1,13,17,-9,-12,-9,0,goodbye
20.09912896156311,-2,10,3,30,12,15,26,1,8,14,-9,-5,-5,13,goodbye
20.09912896156311,5,3,1,19,4,18,33,8,19,20,-5,0,7,16,goodbye
20.11888146400452,1,-12,-2,-1,-1,12,30,6,30,18,-13,-5,7,12,goodbye
20.119887351989743,4,-2,-4,-1,3,3,24,3,30,17,-8,-4,9,11,goodbye
20.13038182258606,17,6,3,0,11,-5,13,3,24,18,15,13,23,14,sil
20.13038182258606,29,3,10,-1,6,-12,-4,4,29,14,30,32,33,29,sil
20.14698886871338,31,7,18,-2,1,-9,-11,7,34,15,34,42,37,40,sil
20.16176533699036,20,15,10,0,3,-4,-2,0,19,15,35,43,26,20,sil
20.162766695022583,6,11,-4,-5,-1,-18,-10,-14,-15,-11,16,17,-1,-10,sil
20.162766695022583,-9,-3,-3,-21,-17,-32,-31,-13,-46,-42,-1,-8,-19,-26,sil
20.17628741264344,-19,-14,-14,-33,-25,-25,-25,-4,-47,-36,0,-12,-14,-31,sil
20.19503831863404,-20,-10,-15,-26,-12,-12,-10,-6,-34,-30,-4,-8,-20,-34,sil
20.19503831863404,-17,4,0,0,2,-1,-10,-3,-23,-30,-18,-17,-31,-31,sil
20.19503831863404,-7,10,1,22,5,11,-8,2,-10,-1,-8,-25,-16,-13,sil
20.20704984664917,-8,0,-2,9,0,18,-4,2,-7,15,1,-16,-2,0,sil
20.223042249679565,-25,-14,-9,0,-2,14,-4,2,-13,0,-20,-21,-17,-6,sil
20.223042249679565,-26,-12,-8,11,0,9,2,2,-8,0,-39,-29,-23,-13,sil
20.239060401916504,-9,-4,-2,7,0,9,17,3,9,23,-23,-18,-3,1,sil
20.24016785621643,-3,-14,-16,-21,-9,10,23,0,21,23,-10,-10,3,7,sil
20.25420594215393,0,-17,-6,-29,-9,4,11,-1,16,6,-14,-2,6,6,sil
20.25420594215393,19,5,12,-1,0,-2,0,1,21,8,-5,12,17,16,sil
20.269737482070923,24,11,7,7,7,-3,-7,-2,23,7,6,16,16,16,sil
20.269737482070923,3,-4,-2,-16,2,-7,-15,-3,2,-13,10,10,7,0,sil
20.28575754165649,0,0,-2,-20,-4,-18,-19,0,-16,-20,13,12,8,-8,sil
20.28575754165649,17,20,12,9,1,-16,-14,-1,-16,-11,16,17,6,-2,sil
20.28675985336304,15,22,18,27,19,-1,1,-1,-13,-12,14,9,0,0,sil
20.301793098449707,-5,7,5,17,16,5,14,-1,-24,-16,9,-4,-3,-7,sil
20.317811012268063,-16,-6,-4,5,-4,11,15,-1,-32,-15,-6,-19,-12,-4,sil
20.317811012268063,-6,-7,-7,5,-8,24,20,3,-6,-1,-17,-19,-12,7,sil
20.333786249160767,4,1,0,10,5,26,26,10,28,18,-5,3,3,16,sil
20.333786249160767,7,1,0,11,3,7,9,5,35,23,1,13,10,17,sil
20.34892153739929,5,-2,-3,0,-9,-14,-18,-1,16,5,-4,6,0,7,sil
20.34892153739929,9,0,3,-14,-11,-24,-27,-2,0,-8,6,16,-3,-5,sil
20.364691495895386,16,10,8,-10,-1,-21,-16,-1,4,-1,32,29,4,-2,sil
20.364691495895386,11,15,14,7,12,-10,-8,0,16,13,39,26,11,7,sil
20.38076686859131,-2,9,6,25,12,0,-1,0,10,21,22,9,0,4,sil
20.38076686859131,-11,-4,-2,21,0,9,16,0,1,19,0,-9,-11,0,sil
20.39593291282653,-15,-14,0,1,-2,22,30,3,8,15,-11,-13,0,4,sil
20.39593291282653,-10,-15,-2,-3,3,21,23,0,16,18,-9,-7,12,8,sil
20.41108775138855,0,-10,3,-1,1,5,5,-7,14,17,-10,-4,5,8,sil
20.41108775138855,2,-5,-1,-11,-3,-10,-5,-1,11,1,-16,-8,1,-1,sil
20.42683982849121,0,-7,-17,-19,-4,-17,-17,2,0,-17,-9,-9,7,-15,sil
20.42683982849121,5,0,-3,-12,-3,-14,-20,0,-15,-28,8,2,8,-12,sil
20.44199252128601,10,11,8,0,-2,-8,-9,0,-20,-24,12,11,2,-4,sil
20.44199252128601,0,8,0,-5,0,-8,-9,2,-23,-17,2,-1,-7,-13,sil
20.457607984542847,-9,0,-8,-9,0,-3,-15,-3,-25,-19,-1,-13,-8,-19,sil
20.457607984542847,-9,5,-8,6,-3,7,-6,-10,-24,-22,-4,-12,0,-11,sil
20.473430395126343,-5,12,1,15,0,8,2,-5,-27,-13,-10,-8,-4,-1,sil
20.473430395126343,-4,5,-3,3,4,4,4,3,-20,2,-16,-10,-20,0,sil
20.489105701446533,-8,-8,-7,-1,3,12,9,3,0,10,-20,-10,-20,-1,sil
20.489105701446533,-10,-16,-4,-2,-3,15,17,3,10,10,-19,-10,-7,-2,sil
20.504743814468384,-7,-17,-9,-10,-5,5,21,6,16,16,-16,-12,-4,0,sil
20.504743814468384,-7,-17,-4,-17,0,2,17,4,22,19,-13,-7,-2,8,sil
20.52003645896912,-3,-15,-1,-17,-1,0,8,-1,22,19,-3,-1,6,16,sil
20.52003645896912,0,-11,-4,-27,-7,-17,-11,-3,3,1,0,0,8,5,sil
20.53557515144348,0,-5,-4,-31,-12,-30,-31,-1,-17,-27,-3,6,0,-9,sil
20.53557515144348,15,14,4,0,-3,-12,-21,-7,-14,-24,18,23,2,6,sil
20.55107021331787,30,40,25,31,11,4,-8,-7,-6,-1,39,34,6,19,sil
20.55107021331787,21,37,16,32,15,0,-10,1,-7,-6,22,18,-9,-6,sil
20.56713819503784,5,16,3,17,12,2,-4,3,0,-12,6,2,-16,-17,sil
20.56713819503784,0,3,6,16,11,17,12,2,13,6,9,-2,-1,1,sil
20.58278489112854,-7,-7,2,23,0,17,18,3,12,18,-3,-14,6,2,sil
20.58278489112854,-14,-14,-2,12,-5,11,13,1,0,13,-18,-16,6,-4,sil
20.59796166419983,-5,-8,-3,0,1,13,17,0,4,21,-8,-2,14,6,sil
20.59796166419983,2,-7,0,0,3,4,20,2,18,22,6,3,21,19,sil
20.61379766464233,-2,-13,1,-5,-7,-10,2,0,20,6,3,2,16,13,sil
20.61379766464233,-6,-12,-8,-19,-21,-19,-19,-2,13,-3,-4,0,7,-2,sil
20.628829956054688,4,-8,1,-15,-22,-20,-16,1,16,-7,3,9,6,-3,sil
20.628829956054688,22,0,17,4,-5,-13,-1,4,29,-2,30,31,19,14,sil
20.644322872161865,25,15,8,15,10,-9,-8,1,20,-1,43,37,23,9,sil
20.644322872161865,4,22,1,3,7,-9,-20,-1,-4,-16,27,16,2,-13,sil
20.66013479232788,-2,20,5,4,4,0,-9,-3,-5,-8,12,1,-9,-10,sil
20.66013479232788,7,20,17,23,11,8,-2,-2,-10,2,8,1,-9,0,sil
20.675243377685547,3,17,7,27,12,6,-4,0,-33,-11,-3,-8,-14,-2,sil
20.675243377685547,-9,5,-8,14,8,11,11,4,-31,-11,-15,-17,-15,0,sil
20.69079828262329,-11,-12,-3,3,5,20,28,5,-18,6,-24,-15,-14,5,sil
20.69079828262329,-15,-26,-12,-7,-2,18,15,-1,-28,4,-40,-24,-23,-7,sil
20.705938577651978,-17,-20,-23,-18,-6,10,5,-3,-31,6,-45,-32,-26,-13,sil
20.705938577651978,-11,-9,-25,-19,0,11,19,1,-14,23,-35,-33,-16,-3,sil
20.72197985649109,-16,-25,-25,-33,-3,9,15,-5,-9,10,-35,-36,-11,-8,sil
20.72197985649109,-17,-35,-20,-49,-10,-1,-7,-7,-5,-7,-33,-20,-8,-9,sil
20.73737931251526,-1,-14,-22,-39,0,-11,-11,-1,13,9,-15,-3,0,1,sil
20.73737931251526,0,0,-12,-34,0,-18,-11,-5,16,5,-5,-7,6,0,sil
20.75273466110229,-11,-4,1,-37,-16,-22,-21,-6,5,-22,-2,-3,6,-11,sil
20.75273466110229,-1,0,1,-20,-8,-22,-20,3,9,-17,20,16,11,-4,sil
20.76807475090027,13,16,8,-1,8,-14,-10,8,18,-8,35,22,12,0,sil
20.76807475090027,12,19,15,7,6,-7,-11,2,17,-17,21,14,3,-6,sil
20.7837507724762,4,21,19,22,-1,-5,-17,-1,4,-15,14,15,-3,-14,sil
20.7837507724762,4,20,25,35,2,-3,-6,3,-3,-8,28,21,1,-3,sil
20.79889154434204,12,10,28,43,10,6,16,7,10,4,36,26,15,21,sil
20.81564927101136,20,12,27,53,9,20,20,3,17,22,38,34,30,34,sil
20.81564927101136,19,21,16,53,-3,17,9,-1,0,16,29,26,24,20,sil
20.81564927101136,5,6,14,36,-4,10,9,-1,-14,-3,3,4,-3,7,sil
20.83178663253784,-10,-10,2,19,6,18,19,0,-6,-3,-14,-12,-19,3,sil
20.83178663253784,-14,-10,-16,7,3,21,20,0,4,0,-17,-16,-17,-1,sil
20.84520888328552,-4,-8,-5,1,0,3,12,2,10,0,-13,-5,-6,0,sil
20.860472440719604,10,-4,1,8,4,-5,8,5,14,13,-3,2,9,11,sil
20.860472440719604,11,-1,0,-6,0,-5,0,1,13,14,-3,-3,10,9,sil
20.87613701820373,-8,-21,-13,-44,-20,-17,-17,0,8,5,-20,-14,-4,-7,sil
20.87613701820373,-14,-24,-31,-46,-25,-28,-27,-4,2,3,-16,-9,-1,-14,sil
20.891749620437626,1,8,-8,-13,-3,-17,-24,-5,-12,-4,9,7,10,-6,sil
20.891749620437626,14,27,11,2,14,-2,-21,-3,-20,-11,17,10,6,-6,sil
20.9075767993927,9,17,0,-4,12,5,-11,-7,-23,-7,7,0,-4,-16,sil
20.9075767993927,-7,14,2,-3,11,18,8,-5,-26,-2,0,0,-9,-10,sil
20.92262434959412,-9,7,3,16,13,25,23,3,-9,14,-7,-6,-6,5,sil
20.92262434959412,4,-12,-1,14,5,20,25,8,16,30,-12,-12,-2,18,sil
20.937869787216187,3,-16,-7,-10,-1,11,23,8,24,20,-14,-12,2,19,sil
20.937869787216187,-11,-11,-14,-26,-8,-5,8,3,16,0,-16,-12,2,5,sil
20.953943490982056,-13,-20,-13,-33,-15,-22,-11,-1,5,-4,-15,-5,-2,-4,sil
20.953943490982056,-4,-19,-8,-32,-17,-21,-13,-2,0,-7,-7,-2,-3,-2,sil
20.969147205352783,-3,-3,1,-23,-11,-22,-16,-4,-4,-19,2,-2,2,-5,sil
20.969147205352783,-1,2,0,-15,-3,-23,-21,-4,-13,-26,11,6,3,-10,sil
20.98510456085205,7,4,-4,-5,3,-10,-16,-3,-22,-26,11,13,-3,-7,sil
20.98510456085205,4,11,2,4,5,0,-14,0,-26,-32,0,0,-14,-11,sil
20.99988985061645,-5,8,3,15,1,3,-11,2,-17,-26,-8,-16,-18,-20,sil
20.99988985061645,-6,4,12,29,10,11,5,1,-5,-2,2,-7,-11,-12,sil
21.01541304588318,0,7,8,33,20,21,23,3,0,14,8,-1,0,1,sil
21.01541304588318,-3,0,-2,19,12,26,29,3,8,17,-3,-7,0,5,sil
21.031020641326904,-5,-4,8,19,10,26,29,1,11,21,-5,0,-3,12,sil
21.031020641326904,0,-1,11,30,10,16,23,1,6,24,1,7,3,16,sil
21.046165943145752,0,-5,0,12,-4,2,10,0,10,20,0,4,9,6,sil
21.046165943145752,0,-6,0,-7,-11,-2,7,2,28,19,3,8,10,4,sil
21.060964345932007,3,0,5,0,0,-5,2,3,31,14,9,15,14,10,sil
21.060964345932007,7,1,5,2,-3,-14,-21,-1,15,-2,6,16,16,8,sil
21.076332807540894,11,3,0,-3,-13,-17,-28,-6,12,-1,12,18,18,6,sil
21.076332807540894,12,7,1,-11,-7,-13,-15,-5,12,0,18,15,16,4,sil
21.09225511550904,11,11,0,-20,-3,-16,-19,-2,-5,-18,11,9,1,-4,sil
21.09225511550904,19,24,1,-7,-8,-18,-23,-1,-18,-26,15,13,-9,-9,sil
21.107946634292603,11,22,4,0,-5,-8,-10,1,-19,-13,12,7,-8,-13,sil
21.107946634292603,-13,0,-13,-9,4,0,-3,2,-29,-10,-12,-23,-20,-24,sil
21.12338662147522,-22,-8,-13,-3,15,7,-4,-3,-43,-17,-29,-37,-33,-23,sil
21.12338662147522,-12,-2,2,14,10,23,0,-3,-30,-7,-24,-23,-19,-5,sil
21.13927459716797,-5,-7,1,13,-1,29,15,1,2,22,-13,-14,0,12,sil
21.139779090881348,0,-11,-2,3,0,19,22,5,13,28,-7,-9,4,17,sil
21.15485024452209,-2,-13,-10,-3,0,3,19,2,5,5,-8,-11,6,9,sil
21.15485024452209,-8,-21,-9,-19,-12,0,18,1,13,0,-12,-17,10,8,sil
21.170992851257324,-4,-21,-1,-21,-12,2,23,4,27,6,-13,-7,9,16,sil
21.170992851257324,0,-16,-6,-9,-5,-2,14,2,23,6,-10,7,4,12,sil
21.186519145965576,-4,-14,-2,-10,-8,-11,-5,-2,11,6,7,18,7,1,sil
21.186519145965576,0,-2,2,-11,-8,-11,-18,0,3,1,22,26,15,1,sil
21.20146107673645,13,13,3,-1,0,-14,-21,1,0,-9,15,28,16,0,sil
21.20146107673645,21,19,18,8,9,-16,-12,0,0,-5,17,28,16,0,sil
21.217140674591064,22,21,17,11,11,-12,-7,-1,-1,6,40,24,13,2,sil
21.217140674591064,14,20,5,1,5,-9,-17,0,-12,-2,38,16,2,-1,sil
21.23221635818481,2,15,0,4,3,-5,-13,1,-14,-12,8,3,-6,-13,sil
21.249163389205933,-3,16,0,21,12,0,0,0,-11,-7,-9,-11,-15,-17,sil
21.249163389205933,-14,9,-3,15,15,6,1,0,-13,-8,-13,-24,-24,-18,sil
21.249163389205933,-16,-1,-7,10,10,20,5,-5,-5,-3,-17,-31,-22,-14,sil
21.265186548233032,-7,0,4,24,11,25,17,-5,0,7,-20,-23,-16,0,sil
21.27992367744445,-15,-11,-2,15,3,13,21,-1,-6,7,-27,-23,-24,1,sil
21.27992367744445,-32,-36,-22,-14,-14,3,15,-2,-10,0,-39,-38,-33,-8,sil
21.29596495628357,-23,-32,-8,-18,-16,11,8,2,11,4,-37,-29,-12,-3,sil
21.29596495628357,2,-12,0,-7,-7,11,7,7,37,20,-10,2,19,14,sil
21.29596495628357,6,-7,0,-16,-8,-8,0,-2,29,15,8,15,23,18,sil
21.31214714050293,0,-2,1,-22,-12,-16,-12,-5,10,-5,2,5,7,7,sil
21.31214714050293,12,9,6,-10,-11,-10,-21,0,5,-13,3,12,10,1,sil
21.330062866210938,27,13,11,0,-3,-6,-14,3,0,-6,28,35,25,9,sil
21.330062866210938,28,13,6,0,7,-2,0,2,-3,-2,34,32,24,10,sil
21.342076778411865,17,12,3,-13,8,-6,-4,-1,-7,-11,19,17,14,-3,sil
21.35708594322205,11,10,1,-6,-1,-22,-19,-3,-24,-21,18,17,4,-11,sil
21.35708594322205,14,17,-1,18,-4,-21,-14,2,-34,-20,15,13,-5,-6,sil
21.37247061729431,2,23,4,23,10,6,0,5,-31,-18,-1,-1,-16,-5,sil
21.37247061729431,-17,6,-3,9,12,18,5,0,-22,-8,-9,-15,-15,-9,sil
21.388172149658203,-17,-13,-8,4,0,9,9,-1,-5,8,-8,-14,-6,-3,sil
21.388172149658203,-2,-8,-1,13,1,6,13,2,6,18,-12,-8,-4,8,sil
21.404218196868896,-7,3,0,18,13,10,15,2,8,18,-9,-11,-7,8,sil
21.404218196868896,-13,0,5,7,1,11,18,0,14,22,5,-4,0,4,sil
21.41955041885376,0,-8,4,0,-7,6,16,-4,28,26,15,2,13,9,sil
21.41955041885376,3,-15,-2,-8,-2,-1,4,-5,24,9,0,-8,6,5,sil
21.435587644577023,-12,-24,-7,-25,-3,4,0,3,16,0,-24,-17,-6,-8,sil
21.435587644577023,-15,-23,-9,-27,-5,9,2,10,28,14,-20,-1,2,-2,sil
21.45148134231568,0,-11,1,-18,-4,-8,-8,5,24,15,1,18,17,10,sil
21.45148134231568,12,2,4,-7,-4,-19,-19,-2,-4,-8,11,16,11,-1,sil
21.46756720542908,11,17,6,5,6,-2,-12,-5,-20,-18,19,13,0,-11,sil
21.46756720542908,9,27,11,15,17,6,-6,-3,-15,-12,25,14,0,1,sil
21.48317790031433,3,17,0,18,3,0,0,-4,-12,-9,10,-6,-9,0,sil
21.48317790031433,-10,-4,-8,13,-12,3,8,1,-13,-7,-18,-28,-22,-10,sil
21.498311519622803,-16,-15,-12,-2,-11,6,13,5,0,4,-30,-23,-16,1,goodbye
21.498311519622803,-5,-16,-3,-15,-4,-1,10,-5,13,10,-16,-9,2,15,goodbye
21.513853549957275,6,-13,7,-12,-5,-17,-6,-6,7,0,-1,0,14,7,goodbye
21.513853549957275,6,-3,-5,-7,-14,-30,-34,4,-3,-3,2,7,12,-5,goodbye
21.530123472213745,0,7,-3,-16,-14,-28,-38,1,-14,-11,2,13,3,-13,goodbye
21.530123472213745,1,13,5,-14,0,-16,-13,-4,-15,-28,5,9,-2,-12,goodbye
21.546130180358887,5,16,3,8,14,-4,-3,0,-12,-31,7,-1,-6,-8,goodbye
21.546130180358887,0,18,6,25,19,12,-1,-1,-24,-12,0,-11,-20,-8,goodbye
21.56221294403076,0,8,3,26,14,29,21,-7,-30,5,-10,-11,-24,-4,goodbye
21.56221294403076,0,-1,0,22,9,30,34,0,-9,11,-11,0,-6,4,goodbye
21.577746868133545,-3,1,-2,14,10,23,22,6,11,18,-5,1,0,9,goodbye
21.577746868133545,0,3,-4,4,6,21,19,2,25,20,-4,-10,-2,11,goodbye
21.593804121017456,1,-6,0,0,0,17,22,5,37,19,-1,-3,9,16,goodbye
21.593804121017456,1,-12,-3,-3,-9,3,13,6,29,23,4,8,20,17,goodbye
21.609883785247803,0,-9,-6,-13,-8,-12,3,2,3,13,3,12,15,6,goodbye
21.609883785247803,0,-12,-3,-17,-2,-12,5,7,9,-1,7,10,14,1,goodbye
21.625173330307007,0,-16,2,-15,-5,-2,3,5,29,4,10,11,14,3,goodbye
21.625173330307007,3,-14,1,-17,-9,-9,-17,-3,10,3,-1,13,5,-4,goodbye
21.640756845474243,10,0,1,-8,-1,-17,-31,-6,-12,-19,2,17,5,-14,goodbye
21.640756845474243,18,18,10,2,8,-9,-26,-5,-9,-27,28,19,3,-8,goodbye
21.6567931175232,4,18,5,-2,0,-3,-21,-7,-14,-24,19,2,-13,-11,goodbye
21.6567931175232,-11,12,-2,-2,-5,-7,-20,-4,-31,-27,0,-14,-17,-22,goodbye
21.67233109474182,-2,22,11,17,5,-4,-8,0,-29,-22,12,-9,-7,-16,goodbye
21.67233109474182,0,18,4,25,6,0,2,0,-24,-9,8,-11,-10,-4,goodbye
21.68822860717773,-18,-5,-3,5,-7,0,1,-1,-27,-2,-16,-19,-14,1,goodbye
21.68822860717773,-13,-9,-1,0,-1,6,6,0,-13,8,-12,-9,-2,9,goodbye
21.703165769577023,0,0,-4,16,11,9,11,0,3,21,-1,-7,2,10,goodbye
21.703165769577023,-9,-8,-2,8,0,0,0,3,9,22,-16,-12,0,6,goodbye
21.719244480133057,-12,-19,-6,-9,-9,0,0,5,25,18,-21,-8,4,9,goodbye
21.719244480133057,-1,-14,-6,-9,0,14,15,4,37,23,-11,0,8,12,goodbye
21.733835458755493,0,-8,5,0,2,17,22,3,23,27,-13,0,0,7,goodbye
21.733835458755493,-7,-10,-6,-2,-9,-1,8,-4,9,14,-22,-10,-5,0,goodbye
21.748988151550293,-7,-19,-14,-26,-18,-13,-3,-5,9,0,-14,-11,1,-3,goodbye
21.748988151550293,4,-14,-3,-30,-3,-3,2,2,21,12,16,9,17,6,goodbye
21.76473569869995,22,8,5,4,15,3,9,0,19,12,27,28,15,15,goodbye
21.76473569869995,25,15,4,18,10,-3,0,-2,1,-13,6,19,3,8,goodbye
21.78030776977539,20,5,3,-2,-5,-15,-6,1,-4,-6,13,17,11,6,goodbye
21.78030776977539,16,9,9,1,-1,-13,-6,3,-2,0,30,29,15,6,goodbye
21.795753002166748,11,19,0,17,3,3,-4,0,-3,-25,5,13,-4,-9,goodbye
21.795753002166748,3,9,-5,-4,0,10,-4,-1,-2,-30,-4,-6,-15,-21,goodbye
21.81092405319214,-3,1,3,-20,-2,-3,-7,0,-17,-13,14,-3,-13,-16,goodbye
21.81092405319214,-8,7,1,0,0,-7,-5,0,-33,-24,2,-8,-17,-16,goodbye
21.82628989219665,-9,10,3,14,8,8,9,1,-29,-25,-15,-15,-15,-16,goodbye
21.82628989219665,-7,5,7,18,17,14,14,1,-19,0,-4,-10,-9,-4,goodbye
21.84219074249268,-11,1,4,21,8,4,-1,-7,-18,2,-4,-19,-12,-1,goodbye
21.84219074249268,-16,0,-3,10,0,10,-3,-8,-13,-4,-14,-23,-12,-2,goodbye
21.85772728919983,-14,-8,-9,0,2,16,6,1,7,10,-16,-15,-9,0,goodbye
21.85772728919983,-17,-19,-5,0,0,2,-1,4,17,15,-21,-13,-7,0,goodbye
21.872982025146484,-20,-15,-11,-2,-9,-4,-8,0,9,8,-18,-13,5,1,goodbye
21.872982025146484,-7,-8,-13,-10,-8,-4,0,0,7,10,-7,-7,15,11,goodbye
21.88901209831237,4,-15,-1,-19,-6,-11,-4,-2,13,10,-8,-2,8,10,goodbye
21.88901209831237,7,-16,-1,-21,-9,-15,-10,-3,14,16,0,5,14,4,goodbye
21.905142068862915,17,0,6,-14,-3,-12,-4,1,9,12,19,26,29,10,goodbye
21.905142068862915,29,16,14,-4,4,-12,0,5,7,-9,21,36,25,13,goodbye
21.91984248161316,24,20,5,-8,1,-12,-7,1,0,-20,25,33,16,4,goodbye
21.91984248161316,10,15,6,-16,-1,-14,-16,4,-9,-11,32,28,11,0,goodbye
21.935896635055546,7,9,12,0,0,-10,-9,10,-5,-3,21,20,4,-1,goodbye
21.935896635055546,7,12,13,22,3,5,-1,6,0,-1,6,11,0,-1,goodbye
21.95106840133667,2,16,5,26,5,17,-4,-3,-4,-1,5,2,-8,-1,goodbye
21.95106840133667,-4,11,-2,23,5,16,1,-10,-9,-1,-4,-12,-20,-5,goodbye
21.96662020683289,-13,-2,1,16,1,16,17,-7,-10,0,-22,-23,-24,-10,goodbye
21.96662020683289,-16,-16,-9,10,-2,17,22,-4,-4,7,-18,-29,-21,-5,goodbye
21.98177480697632,-20,-20,-16,3,-2,14,17,-4,-1,3,-11,-26,-21,-2,goodbye
21.98177480697632,-22,-17,-10,-2,-2,16,17,5,3,0,-12,-16,-17,-6,goodbye
21.997793674469,-9,-10,-8,0,-4,15,20,7,23,19,-5,-7,-2,0,goodbye
21.997793674469,6,-1,3,2,0,7,15,0,28,31,8,2,8,13,goodbye
22.013914108276367,12,0,7,-4,4,-3,5,1,22,19,10,6,9,16,goodbye
22.013914108276367,12,-4,1,-5,3,-9,1,1,18,15,-1,3,7,13,goodbye
22.03051710128784,11,-3,0,-1,2,-7,6,-2,12,22,-11,1,12,11,goodbye
22.03051710128784,0,-2,-5,-10,0,-4,6,-3,5,8,-8,1,12,4,goodbye
22.04515647888184,-8,-6,-12,-21,-6,-9,-3,-3,-5,-17,-6,1,7,-5,goodbye
22.04515647888184,6,1,-11,-13,-4,-12,-11,-1,-10,-20,-1,1,12,-4,goodbye
22.06085062026977,14,15,1,-9,-1,-12,-17,0,-4,-10,9,4,15,-1,goodbye
22.06085062026977,-4,7,1,-17,-7,-19,-26,-1,-6,-18,3,3,0,-11,goodbye
22.07638120651245,-8,-1,-6,-15,-10,-24,-31,0,-23,-35,-6,0,-4,-17,goodbye
22.07638120651245,8,2,5,-11,-5,-26,-33,0,-38,-34,1,6,3,-11,goodbye
22.0917706489563,0,3,1,-13,-2,-20,-27,-4,-39,-29,-1,1,-11,-18,goodbye
22.0917706489563,-15,0,-8,0,5,0,-12,-3,-31,-39,-20,-17,-33,-31,goodbye
22.107792139053345,0,12,9,23,16,17,-1,5,-11,-27,0,-4,-10,-10,goodbye
22.107792139053345,17,16,18,28,15,15,3,7,10,15,33,17,14,19,goodbye
22.128220081329346,9,4,16,18,11,13,9,4,11,23,26,6,0,16,goodbye
22.128220081329346,-2,2,12,24,12,18,17,4,3,11,6,-5,-10,4,goodbye
22.13976526260376,-9,12,6,35,10,18,18,0,5,26,9,5,0,9,goodbye
22.13976526260376,-10,7,9,28,0,15,14,-1,2,34,6,5,3,14,goodbye
22.15421724319458,-8,-7,1,13,-10,14,15,-1,0,18,-13,-15,-4,7,goodbye
22.15421724319458,-17,-19,-13,-4,-9,12,15,-2,1,6,-23,-17,-10,0,goodbye
22.17078995704651,-18,-20,-15,-11,-4,11,14,3,16,10,-13,-3,-3,4,goodbye
22.17078995704651,3,-9,2,-2,-3,13,19,7,35,17,-3,3,10,17,goodbye
22.18515133857727,13,-2,5,-4,-3,7,17,1,32,10,-11,1,8,10,goodbye
22.201239824295044,-3,-13,-14,-20,-7,-10,3,-2,18,0,-16,-4,0,-4,sil
22.201239824295044,-5,-22,-12,-33,-11,-16,-3,0,20,7,-2,0,9,1,sil
22.201239824295044,12,-9,-6,-30,-8,-10,-8,1,22,13,11,8,19,8,sil
22.21820521354676,9,-1,-13,-19,-10,-21,-23,-5,0,-8,1,0,2,-9,sil
22.21820521354676,-2,-6,-7,-23,-14,-33,-29,-8,-15,-28,-9,-3,-12,-22,sil
22.23375034332276,10,0,-3,-24,-2,-13,-11,-6,-12,-14,7,10,-4,-10,sil
22.23375034332276,24,21,9,0,13,2,0,-4,-17,0,28,24,11,4,sil
22.24815583229065,13,29,17,25,15,-4,1,2,-21,-3,22,14,11,5,sil
22.2637939453125,6,20,11,22,12,-6,1,5,-11,-11,14,5,2,0,sil
22.2637939453125,17,21,18,18,13,6,-2,1,-7,-5,19,17,5,1,sil
22.27887749671936,16,25,14,30,15,16,0,-1,-8,1,14,11,9,4,sil
22.27887749671936,-4,8,2,18,9,9,1,1,-13,-6,0,-11,-1,-5,sil
22.29416847229004,-18,-6,-2,-4,-2,-4,-9,0,-20,-17,-7,-12,-11,-11,sil
22.29416847229004,-14,0,-6,4,-1,-4,-5,-1,-16,-14,-8,-5,-8,-7,sil
22.310193300247192,-11,1,0,15,5,9,12,2,-3,-7,-16,-13,-11,-3,sil
22.310193300247192,-14,-13,-5,-4,-5,12,16,3,4,2,-27,-28,-17,-2,sil
22.32617235183716,-21,-19,-17,-19,-15,4,4,0,0,4,-34,-27,-20,-4,sil
22.32617235183716,-22,-9,-7,0,-5,5,-2,1,-1,1,-24,-14,-16,-3,sil
22.341241121292114,-7,-6,0,12,0,7,2,1,8,16,-2,-5,-4,4,sil
22.341241121292114,2,-14,-3,0,-4,5,9,1,15,29,2,0,8,10,sil
22.35673975944519,-8,-19,-14,-11,-7,0,5,1,18,17,-9,0,7,7,sil
22.35673975944519,-12,-18,-10,-9,-8,-6,0,-5,16,-1,-8,-2,0,0,sil
22.37187075614929,7,-13,0,-11,-6,-8,-2,-3,7,-1,5,3,4,1,sil
22.37187075614929,14,-6,0,-8,-2,-4,-3,4,5,9,10,9,14,4,sil
22.387911319732662,6,1,2,-2,-2,1,-6,4,8,4,7,8,10,3,sil
22.387911319732662,18,8,8,-2,4,6,-1,0,12,-1,14,13,3,7,sil
22.40396404266357,29,11,15,-7,14,0,3,0,21,6,26,22,11,11,sil
22.40396404266357,13,15,15,-6,8,-10,0,1,13,1,24,18,13,1,sil
22.42021107673645,2,19,0,3,1,-18,-6,0,-8,-16,18,7,0,-5,sil
22.42021107673645,2,15,1,1,4,-24,-22,-6,-33,-27,12,8,-4,-4,sil
22.43573117256165,-5,5,1,-13,-1,-24,-37,-8,-43,-29,0,0,-8,-14,sil
22.43573117256165,-14,5,-4,-13,-10,-8,-28,-6,-31,-26,-6,-9,-17,-25,sil
22.450851440429688,-11,10,0,5,0,10,-2,-4,-13,-15,-1,-5,-14,-18,sil
22.450851440429688,-10,10,1,19,9,23,14,-3,-4,0,-3,-6,-7,-5,sil
22.466078758239743,-4,12,10,28,9,27,19,4,1,13,-11,-2,-3,4,sil
22.466078758239743,9,9,12,39,14,22,23,13,14,23,-9,3,8,13,sil
22.48213148117065,12,-5,-3,26,12,19,26,7,24,32,-3,-2,17,22,sil
22.48213148117065,6,-14,0,1,-4,19,29,2,26,35,-3,-7,14,26,sil
22.49717807769776,4,-17,2,-2,-13,9,26,2,19,21,-16,-13,4,11,sil
22.49717807769776,-8,-25,-6,-10,-10,-3,8,0,5,-1,-29,-22,-4,-2,sil
22.51275491714477,-9,-22,-11,-19,-7,-7,-2,0,8,0,-14,-11,0,3,sil
22.51275491714477,11,-5,-2,-9,-3,-9,-4,-2,15,8,4,11,10,7,sil
22.52812671661377,15,0,0,-12,-3,-17,-21,-8,-8,-14,0,23,4,-4,sil
22.52812671661377,0,0,-5,-21,-8,-24,-29,-9,-37,-39,-2,15,-12,-14,sil
22.54380321502685,-4,11,2,-7,-4,-16,-13,-5,-36,-32,17,2,-16,-17,sil
22.54380321502685,-11,11,0,5,-2,-5,-4,2,-16,-8,24,-2,-7,-14,sil
22.558836936950684,-23,-1,-10,1,-3,-3,-3,7,-4,5,11,-3,0,-4,sil
22.558836936950684,-17,-2,-1,4,8,6,2,5,-5,2,0,-7,-3,0,sil
22.57487916946411,-11,0,-4,15,15,19,13,2,0,5,0,-10,-10,-4,sil
22.57487916946411,-11,0,-9,4,1,11,11,1,16,25,-1,-6,0,4,sil
22.589752197265625,2,-2,-4,-19,-7,-1,0,0,23,25,-2,0,12,14,sil
22.589752197265625,17,-2,-5,-23,-6,-5,-7,0,22,-2,1,7,13,4,sil
22.60578274726868,12,-1,3,-13,-5,-11,-8,0,7,-23,6,16,5,-6,sil
22.60578274726868,14,8,12,0,0,-11,-3,0,-7,-16,12,15,0,-4,sil
22.62177276611328,22,24,18,14,14,0,-3,-3,-11,-7,17,11,0,0,sil
22.62177276611328,8,23,13,20,18,1,-4,1,-1,-2,9,0,1,0,sil
22.637494325637817,-8,2,-2,13,6,0,0,2,4,3,-8,-17,0,0,sil
22.637494325637817,-15,-15,-5,0,0,10,3,-2,0,3,-27,-24,-6,0,sil
22.652414560318,-20,-17,-6,-11,0,14,6,0,5,4,-33,-19,-8,0,sil
22.652414560318,-12,-12,-12,-16,-2,4,10,1,24,19,-15,-10,2,5,sil
22.66814947128296,7,-10,-5,-12,-8,-1,1,-1,28,25,-2,0,14,19,sil
22.66814947128296,8,-13,-2,-13,-15,-4,-16,-2,9,0,-5,2,4,10,sil
22.68311643600464,4,1,1,-8,-6,-16,-20,0,-11,-23,12,12,-2,-9,sil
22.68311643600464,17,30,11,17,14,-19,-9,-1,-31,-22,37,23,1,-12,sil
22.69916009902954,10,28,14,30,14,-2,-11,-11,-53,-28,18,11,-11,-16,sil
22.69916009902954,-16,1,3,14,-4,10,-7,-12,-49,-25,-10,-10,-27,-20,sil
22.714417457580566,-7,-7,0,11,-10,13,19,2,-11,9,-5,-12,-7,2,sil
22.714417457580566,12,-6,13,23,1,22,38,13,17,30,4,2,10,18,sil
22.73059773445129,4,-5,5,29,13,31,37,10,26,31,3,2,5,11,sil
22.74588274955749,-4,0,7,23,12,27,34,4,24,31,0,-1,3,13,sil
22.74588274955749,1,0,12,7,-2,17,21,4,14,19,-9,2,3,15,sil
22.76149272918701,0,-8,-16,0,-10,3,0,0,12,4,-8,0,0,5,sil
22.76149272918701,-5,-7,-12,-8,-5,-17,-15,-4,16,-2,0,3,4,2,sil
22.77713823318481,4,0,7,-13,-6,-35,-21,-1,7,-6,6,17,9,3,sil
22.77713823318481,9,1,0,-12,-11,-34,-24,-3,-8,-11,12,24,5,1,sil
22.77713823318481,0,1,-2,-19,-7,-24,-26,-2,-13,-23,8,15,1,0,sil
22.79236674308777,-3,-5,-8,-28,-2,-18,-20,0,-3,-26,-1,3,1,-10,sil
22.79236674308777,-2,-8,-11,-35,-3,-17,-21,-3,-1,-11,1,2,2,-16,sil
22.80915117263794,-3,-1,-9,-35,-5,-18,-26,-5,-10,-6,8,-2,2,-12,sil
22.80915117263794,1,8,-18,-19,0,-10,-19,-3,-15,-11,-2,-20,0,-9,sil
22.824031829833984,0,10,-16,-12,11,11,0,3,-10,-3,-21,-28,-5,-10,sil
22.838839769363403,-20,1,-12,-23,11,21,13,1,-2,0,-25,-31,-12,-21,sil
22.838839769363403,-18,0,-9,-15,3,9,13,-3,-2,-11,-19,-29,-18,-24,sil
22.854003190994263,0,3,-3,8,7,14,15,1,0,1,-11,-16,-14,-2,sil
22.854003190994263,-5,-4,-2,9,11,26,22,6,9,27,-5,-14,-8,12,sil
22.870120763778687,-23,-16,1,1,4,21,21,0,5,16,-15,-21,-11,6,sil
22.870120763778687,-13,-7,8,14,0,16,21,-1,12,9,-12,-10,-6,12,sil
22.88615918159485,14,0,19,30,0,17,21,5,27,27,15,18,14,26,sil
22.88615918159485,21,0,18,35,-5,4,13,7,21,23,24,27,23,19,sil
22.90221929550171,4,0,5,27,-8,-14,0,0,6,-3,9,13,17,1,sil
22.90221929550171,8,3,10,5,-1,-17,-17,-2,0,-13,22,25,20,-4,sil
22.91891193389893,36,20,26,8,2,-4,-19,2,-4,-4,51,52,26,7,sil
22.91891193389893,33,36,27,44,7,0,-6,0,-12,-7,46,44,13,11,sil
22.9346616268158,0,13,6,50,5,-9,-6,-1,-23,-17,11,4,-8,-7,sil
22.9346616268158,-22,-11,-12,13,-8,-8,-17,-5,-33,-14,-17,-23,-23,-22,sil
22.9346616268158,-24,-11,-12,-12,-10,1,-8,-7,-33,-3,-22,-20,-21,-17,sil
22.949272871017456,-17,-12,-12,-8,2,4,10,-1,-10,9,-16,-9,-6,-3,sil
22.96445322036743,0,-18,-4,-6,3,1,11,2,21,22,-16,0,2,11,sil
22.96445322036743,15,-12,2,-22,-10,3,5,4,36,22,-13,4,3,23,sil
22.979920864105225,18,-6,-2,-35,-14,-1,6,8,30,12,-5,5,7,26,sil
22.979920864105225,20,-2,7,-30,-3,-9,3,7,23,1,-2,7,1,22,sil
22.99547576904297,23,5,10,-18,6,-9,1,-6,18,-10,0,10,-15,10,sil
22.99547576904297,12,11,2,-18,4,-10,-4,-11,-3,-20,0,6,-18,-8,sil
23.01060199737549,-4,10,-5,-20,-4,-13,-15,-3,-23,-24,0,0,-3,-22,sil
23.01060199737549,-10,6,-17,-13,-7,-8,-19,-2,-21,-20,1,-8,2,-25,sil
23.0263774394989,-14,7,-13,-8,-3,-2,-20,-3,-15,-14,0,-13,0,-22,sil
23.0263774394989,-23,5,-10,-1,0,-4,-19,-1,-12,-10,0,-20,3,-16,sil
23.04207921028137,-24,2,-8,10,3,-2,-15,-3,-8,-10,0,-21,5,-9,sil
23.04207921028137,-12,5,2,24,15,11,-3,4,-2,2,3,-4,2,0,sil
23.057278394699097,-7,6,-2,33,21,26,11,11,10,22,10,-2,4,3,sil
23.057278394699097,-20,-3,-6,24,12,27,16,3,2,13,-4,-22,-7,-4,sil
23.072986125946045,-25,-17,-8,9,0,17,18,-1,-19,0,-30,-33,-30,-17,sil
23.072986125946045,-11,-24,-13,-1,-4,8,22,-4,-21,1,-27,-19,-29,-6,sil
23.08922529220581,0,-17,-3,-10,-4,9,19,-2,-8,4,-16,-3,-10,11,sil
23.08922529220581,6,-7,1,-3,-5,6,15,2,2,11,-17,-1,3,11,sil
23.10430335998535,12,-5,7,-3,-10,-4,13,1,9,19,-14,3,8,8,sil
23.10430335998535,12,-6,12,-14,-13,-9,10,0,15,13,0,18,11,19,sil
23.119903326034542,17,-1,8,-10,-7,-10,5,6,19,10,17,27,25,24,sil
23.119903326034542,27,8,14,2,0,-12,0,4,20,12,20,23,38,17,sil
23.13516664505005,25,11,17,3,4,-10,-1,0,27,3,18,22,27,10,sil
23.13516664505005,15,2,8,-10,3,-7,0,-1,27,-7,30,34,18,8,sil
23.15113663673401,9,-2,-1,-13,0,-6,-7,0,8,-12,37,34,18,4,sil
23.15113663673401,2,0,-4,-2,-3,-5,-20,0,0,-9,20,12,3,-8,sil
23.16725993156433,-7,4,-1,-1,0,-10,-22,3,5,0,9,2,-5,-14,sil
23.16725993156433,-2,20,0,2,0,-13,-17,3,3,0,17,7,2,-7,sil
23.182800769805908,5,24,6,12,0,-4,-20,1,-13,-4,18,5,4,-7,sil
23.182800769805908,-3,7,0,7,-1,-5,-20,-3,-23,-5,6,-1,-1,-9,sil
23.19795107841492,-10,6,-8,5,2,-11,-11,-7,-17,-6,-4,-8,-6,-1,sil
23.19795107841492,0,16,7,16,14,3,-6,0,-16,-16,-9,-8,-16,-2,sil
23.21314740180969,2,10,9,26,16,18,0,2,-18,-23,-14,-9,-24,-13,sil
23.21314740180969,0,1,2,22,10,13,10,-9,-19,-22,-19,-16,-29,-11,sil
23.229236602783203,-3,-3,-4,8,4,9,13,-9,-22,-18,-25,-28,-39,-7,sil
23.229236602783203,-14,-10,-11,-3,-6,8,2,0,-24,-9,-32,-34,-41,-14,sil
23.244835376739506,-20,-13,-3,-4,-11,9,0,0,-12,0,-30,-26,-23,-8,sil
23.244835376739506,-14,-14,-8,-5,-4,17,21,-4,5,17,-16,-23,-7,5,sil
23.260193586349487,-16,-14,-13,-13,0,18,31,3,11,26,-14,-25,-1,5,sil
23.260193586349487,-16,-10,-1,-8,-1,17,18,11,14,24,-14,-15,10,4,sil
23.2761549949646,-1,-13,0,1,-1,14,11,4,25,28,1,-5,26,18,sil
23.2761549949646,1,-15,-1,-5,-10,2,8,1,28,27,8,-4,26,23,sil
23.291248559951782,0,-10,-4,-13,-11,-2,8,8,29,20,-4,12,18,10,sil
23.291248559951782,13,-7,-1,-9,3,0,10,7,30,14,0,41,18,7,sil
23.30677795410156,13,-7,5,-13,1,-19,-2,-2,16,3,10,37,15,11,sil
23.30677795410156,-9,-11,-11,-27,-22,-40,-25,-11,-5,-16,0,5,4,-4,sil
23.32205939292908,-6,-9,-15,-32,-25,-35,-32,-8,-16,-27,-1,3,2,-20,sil
23.32205939292908,19,4,2,-18,-4,-23,-24,0,-13,-15,16,23,3,-5,sil
23.337084531784058,21,11,7,-2,8,-16,-13,-3,-14,-10,21,22,-1,5,sil
23.337084531784058,5,12,8,1,6,-2,0,-5,-9,-18,18,13,0,1,sil
23.352911710739136,10,21,13,14,7,3,8,0,6,-4,26,11,9,1,sil
23.368099451065063,20,28,20,27,17,5,1,5,10,11,33,13,10,4,sil
23.368099451065063,22,29,17,31,19,13,-1,6,10,9,39,15,14,5,sil
23.368099451065063,20,32,15,32,16,19,7,3,13,2,33,13,15,10,sil
23.38472890853882,10,22,8,27,18,12,3,0,-6,-9,3,-1,-1,2,sil
23.38472890853882,-7,1,-9,11,12,3,-12,-6,-35,-24,-23,-19,-20,-17,sil
23.399831533432007,-21,-9,-12,0,-3,0,-10,-7,-41,-32,-35,-28,-24,-23,sil
23.41444182395935,-23,-17,-12,-4,-10,0,4,3,-30,-25,-32,-27,-21,-12,sil
23.41444182395935,-20,-16,-14,-5,-5,2,8,5,-11,1,-12,-14,-9,-3,sil
23.430249214172363,-14,-5,2,0,0,8,7,0,4,28,0,-2,1,0,sil
23.430249214172363,-1,0,2,4,3,10,13,0,13,27,-6,-9,0,0,sil
23.447190523147583,-7,-9,-9,0,0,0,3,0,8,11,-15,-15,-11,-6,sil
23.447190523147583,-22,-17,-13,-7,-6,-3,-5,-3,4,7,-9,-7,-10,-10,sil
23.46286416053772,-11,-12,-6,-9,-6,3,0,0,9,7,-2,-4,0,0,goodbye
23.46286416053772,3,-3,6,-9,-5,3,-3,0,13,2,-8,-7,0,2,goodbye
23.46286416053772,0,0,2,-1,-4,2,-8,-1,18,8,-10,-4,-1,0,goodbye
23.47705388069153,1,0,6,8,-2,7,2,1,17,14,-4,3,5,3,goodbye
23.49275803565979,4,0,6,0,-8,5,7,5,6,5,-5,5,8,10,goodbye
23.49275803565979,-1,-3,-5,-24,-8,-4,5,1,3,-1,-6,4,0,10,goodbye
23.508277654647827,-2,-13,-3,-29,-1,-8,7,-1,0,0,0,2,0,10,goodbye
23.508277654647827,4,-11,2,-6,-7,-2,9,0,-7,0,4,0,4,8,goodbye
23.52326273918152,7,-3,10,5,-9,0,4,0,-8,-5,-1,4,0,5,goodbye
23.52326273918152,5,-6,5,-4,-1,-8,-6,0,-2,-17,-10,4,-12,3,goodbye
23.539363861083984,1,-5,-7,-2,-3,-11,-10,-1,1,-18,-3,-1,-5,0,goodbye
23.539363861083984,3,7,-1,10,-2,-1,3,0,12,-4,17,2,10,0,goodbye
23.55474543571472,8,9,0,7,7,0,14,-2,20,7,19,9,8,8,goodbye
23.55474543571472,11,5,-1,-6,11,-7,6,-2,13,8,7,9,1,13,goodbye
23.57017588615417,8,12,2,-2,8,-4,-3,0,6,13,11,12,13,3,goodbye
23.57017588615417,0,8,-9,7,5,-7,-12,-2,-7,3,12,7,10,-13,goodbye
23.585760354995728,0,3,-7,0,8,-12,-20,-4,-31,-22,2,4,-4,-15,goodbye
23.585760354995728,9,11,1,-2,11,-2,-12,1,-21,-13,10,16,4,-5,goodbye
23.60121941566468,5,11,-2,5,1,0,-4,1,-7,4,17,15,15,-2,goodbye
23.60121941566468,-3,7,-2,4,-4,0,-7,0,-19,-9,6,-1,0,-5,goodbye
23.61724305152893,0,14,4,6,4,4,-6,-1,-17,-14,0,-5,-10,-7,goodbye
23.61724305152893,6,16,14,13,7,7,-4,-2,-5,-6,-2,1,-4,-6,goodbye
23.63276481628418,2,7,10,15,0,4,-4,-1,-11,-14,-4,0,-4,-4,goodbye
23.63276481628418,-8,-2,0,6,-4,0,-4,2,-7,-10,0,-12,-8,-11,goodbye
23.649290084838867,-16,-13,3,-5,-5,2,-1,8,9,10,0,-19,-1,-10,goodbye
23.649290084838867,-14,-14,1,-4,-3,12,9,7,13,22,-8,-16,0,2,goodbye
23.6653573513031,-9,-6,-2,7,4,10,15,3,8,18,-12,-6,-1,9,goodbye
23.6653573513031,-3,0,1,13,8,7,10,1,10,13,-1,0,1,7,goodbye
23.68090224266052,-1,-3,6,4,1,17,13,0,6,7,-1,2,0,7,goodbye
23.68090224266052,-5,-8,1,2,-1,13,18,2,1,5,-13,4,-9,8,goodbye
23.69621181488037,-7,-8,-11,7,0,-4,10,2,14,12,-12,0,-5,5,goodbye
23.69621181488037,-6,-13,-7,-12,-6,-1,0,-5,18,9,-4,-5,0,4,goodbye
23.71176075935364,-8,-20,-3,-25,-14,8,1,-5,0,-3,-16,-14,-8,0,goodbye
23.71176075935364,-13,-16,-14,-13,-8,0,4,-2,-9,-9,-31,-23,-22,-6,goodbye
23.72778606414795,-11,-11,-13,-17,-5,-8,0,0,-1,0,-25,-24,-15,-5,goodbye
23.72778606414795,3,-6,-8,-19,-4,-7,5,4,19,16,0,-5,14,12,goodbye
23.743825912475582,21,2,6,-3,3,-12,4,5,32,14,28,24,33,23,goodbye
23.743825912475582,22,4,11,-7,0,-20,-13,0,21,-3,38,34,22,7,goodbye
23.75973320007324,20,9,5,-13,-6,-19,-20,-3,14,-3,32,23,14,-4,goodbye
23.7601375579834,22,21,13,0,4,-13,-8,-4,9,0,28,21,17,-2,goodbye
23.7747905254364,14,21,8,3,6,-6,-9,-7,-17,-16,21,20,2,-6,goodbye
23.7747905254364,0,12,0,3,0,0,-23,-9,-46,-34,1,1,-18,-19,goodbye
23.790050745010376,0,15,0,23,7,7,-18,-5,-52,-30,-14,-13,-23,-21,goodbye
23.790050745010376,0,13,1,33,11,16,2,0,-47,-18,-20,-10,-19,-9,goodbye
23.80539631843567,-4,0,2,19,8,19,16,3,-31,-7,-19,-7,-11,0,goodbye
23.80539631843567,-8,-8,-1,10,0,12,19,1,-9,0,-19,-16,-4,3,goodbye
23.820584535598755,-13,-12,-1,1,-11,2,10,1,0,0,-25,-19,-5,3,goodbye
23.820584535598755,-21,-20,-9,-15,-17,-8,-3,5,11,2,-21,-14,-2,4,goodbye
23.836228609085083,-15,-25,-21,-21,-13,-16,-5,3,28,16,-2,-6,9,5,goodbye
23.836228609085083,3,-7,0,-14,-10,-11,-1,1,21,18,13,9,16,8,goodbye
23.85199737548828,12,16,17,3,1,-3,-8,2,9,13,27,26,16,9,goodbye
23.85199737548828,9,18,10,12,14,0,-14,3,9,7,35,29,20,4,goodbye
23.867048501968384,11,9,10,0,14,5,-3,8,11,0,24,21,18,5,goodbye
23.867048501968384,14,13,5,-2,12,7,9,8,13,0,10,9,5,3,goodbye
23.882219076156616,5,15,0,4,13,8,6,-1,5,0,1,0,-9,-8,goodbye
23.882219076156616,-2,3,-2,1,6,8,0,-10,-5,-10,-9,-10,-21,-18,goodbye
23.897785663604736,-8,-2,-1,2,4,5,3,-7,-5,-12,-10,-17,-20,-14,goodbye
23.897785663604736,-14,0,3,17,13,14,9,2,-3,0,1,-12,-2,-4,goodbye
23.913450717926025,-8,0,3,21,8,21,17,1,-1,24,1,-7,1,5,goodbye
23.913450717926025,0,-13,0,8,-4,8,21,-3,4,35,-13,-13,-5,13,goodbye
23.929044008255005,-9,-23,-12,-3,-8,-3,10,-1,12,17,-23,-24,-4,10,goodbye
23.929044008255005,-19,-17,-17,-16,-10,-6,-3,0,15,0,-14,-17,0,1,goodbye
23.944970846176147,-7,-7,-10,-17,-15,-12,0,-3,11,3,1,-1,0,0,goodbye
23.944970846176147,1,-9,-13,-2,-14,-11,7,0,5,0,-5,-5,0,1,goodbye
23.960753202438354,-5,-11,-4,-9,-13,-7,-2,2,-1,-20,-22,-9,-5,-3,goodbye
23.960753202438354,-11,-6,-2,-33,-12,-10,-15,-1,1,-14,-5,0,-4,-6,goodbye
23.976242780685425,-9,-14,-10,-39,-12,-12,-12,-7,5,1,9,3,7,-5,goodbye
23.976242780685425,-5,-17,-5,-28,-16,-15,-15,-1,-11,-12,-4,5,10,-11,goodbye
23.99215078353882,12,6,4,-8,-12,-16,-17,0,-28,-23,-4,14,2,-9,goodbye
23.99215078353882,31,27,18,4,0,0,-6,0,-20,-7,17,17,5,5,goodbye
24.00819158554077,26,20,19,10,10,7,-1,5,0,9,25,25,12,9,goodbye
24.00819158554077,18,13,10,18,15,0,-10,0,0,10,20,32,7,4,goodbye
24.023783922195435,22,19,15,25,23,-3,-12,-5,-15,-2,16,25,1,8,goodbye
24.023783922195435,16,15,11,21,20,0,-2,-1,-11,-5,8,9,0,4,goodbye
24.03886985778809,2,7,2,13,5,-2,-8,1,-1,-3,6,4,-1,-4,goodbye
24.054139137268063,1,12,6,19,0,4,-10,2,-1,-9,12,3,0,2,goodbye
24.054139137268063,3,9,8,26,8,14,6,4,0,-10,4,0,2,8,goodbye
24.054139137268063,-5,0,3,16,18,14,15,5,0,-26,-3,-1,0,0,goodbye
24.069719076156616,-9,4,-4,12,11,16,15,4,-8,-46,3,-9,3,-1,goodbye
24.069719076156616,-8,11,0,18,5,22,22,0,-10,-12,-2,-15,-4,0,goodbye
24.086278438568115,-14,0,-4,6,9,15,26,-2,0,41,-27,-21,-29,-11,goodbye
24.086278438568115,-15,-10,-16,-8,1,3,21,-1,8,42,-29,-26,-27,-10,goodbye
24.10095763206482,-10,-14,-7,-7,-14,4,14,0,8,7,-14,-24,-9,0,goodbye
24.10095763206482,-15,-22,-11,-9,-16,5,9,0,12,-6,-22,-27,-8,0,goodbye
24.116872549057007,-18,-30,-19,-19,-10,0,5,0,18,16,-26,-26,-7,-2,goodbye
24.116872549057007,-17,-30,-12,-24,-13,-2,1,1,17,47,-8,-8,3,5,goodbye
24.139000415802,-10,-22,-7,-24,-14,-8,-6,0,19,42,3,4,12,11,goodbye
24.139000415802,6,-6,0,-18,-7,-13,-16,0,25,25,7,11,24,12,goodbye
24.147762298583984,16,3,1,-4,-10,-12,-18,-1,21,22,8,16,25,8,goodbye
24.147762298583984,5,-2,-2,-8,-16,-15,-13,-3,5,-8,2,11,5,-2,goodbye
24.162409782409668,-1,-10,-4,-27,-12,-19,-12,-2,0,-37,-5,0,-5,-10,goodbye
24.178178787231445,2,-4,-5,-31,-6,-18,-14,-1,1,-19,0,-3,0,-11,goodbye
24.178178787231445,0,4,0,-21,0,-17,-18,0,-15,-19,12,4,1,-14,goodbye
24.193326473236084,0,9,3,-2,2,-10,-13,-2,-30,-38,17,14,-1,-12,goodbye
24.193326473236084,8,17,9,8,3,-4,-5,-2,-21,-21,18,16,7,0,goodbye
24.20904970169068,19,24,17,9,12,-5,-3,3,-11,-2,33,23,17,7,goodbye
24.20904970169068,24,32,14,30,18,0,0,3,-11,-9,45,32,9,3,goodbye
24.224766731262207,14,35,17,44,18,8,-1,-3,-15,-16,24,24,-1,0,goodbye
24.224766731262207,3,27,16,34,22,6,0,-3,-24,-18,-5,0,-13,1,goodbye
24.240960121154785,7,22,15,36,26,19,9,-1,-25,-12,-13,-7,-20,2,sil
24.240960121154785,4,16,14,40,16,37,22,3,-7,12,-4,1,-8,14,sil
24.25642156600952,-10,-4,-5,16,0,28,25,10,6,28,-10,-12,0,13,sil
24.25642156600952,-22,-24,-17,-9,-12,6,15,2,-2,11,-31,-33,-16,-9,sil
24.27159786224365,-21,-26,-15,-13,-9,7,11,-2,1,4,-34,-27,-19,-10,sil
24.27159786224365,-17,-26,-13,-11,2,17,16,2,30,20,-18,-18,-1,5,sil
24.28736925125122,-17,-30,-12,-19,-4,3,8,2,34,20,-16,-23,2,0,sil
24.28736925125122,-10,-23,-11,-21,-21,-13,0,-1,18,17,-20,-22,0,-4,sil
24.302959442138672,4,-15,0,-11,-13,-8,-1,1,15,14,-9,0,10,11,sil
24.302959442138672,9,-17,-3,-12,0,-2,-5,5,21,0,0,12,14,11,sil
24.31811547279358,5,-12,-6,-31,-11,-16,-14,0,14,-11,5,14,11,-1,sil
24.31811547279358,14,1,4,-31,-18,-26,-15,-4,2,-7,19,21,13,-5,sil
24.333771228790283,27,8,2,-6,-9,-19,-12,-5,-3,-4,28,24,12,-1,sil
24.333771228790283,22,15,5,3,-1,-13,-14,-4,-13,-10,19,20,4,6,sil
24.34930205345153,6,25,8,8,2,-4,-12,-2,-18,-13,10,16,0,7,sil
24.34930205345153,-1,17,-1,12,7,3,-9,-1,-13,-2,16,10,0,-5,sil
24.364432334899902,2,7,5,5,8,0,-10,0,-8,6,19,7,0,-11,sil
24.364432334899902,10,18,13,20,11,-6,-7,-3,-7,3,11,9,0,0,sil
24.38021397590637,1,22,7,36,14,0,-1,-5,-8,-7,5,7,1,5,sil
24.38065934181213,-20,2,-3,10,7,8,6,4,-14,-13,-3,-12,-11,-6,sil
24.395790338516235,-31,-9,-14,-13,2,14,21,7,-11,-12,-23,-35,-32,-18,sil
24.395790338516235,-27,-10,-6,-2,8,21,30,-1,-4,-6,-31,-29,-27,-12,sil
24.41119933128357,-22,-16,-7,6,9,16,24,-4,-4,-1,-30,-22,-14,-7,sil
24.41119933128357,-23,-24,-16,-6,-2,6,13,2,-1,0,-28,-29,-12,-11,sil
24.42682719230652,-18,-21,-9,-16,-6,9,11,13,20,19,-16,-23,0,0,sil
24.42682719230652,-4,-13,-3,-11,-6,2,11,9,34,38,-5,-9,13,12,sil
24.441514253616333,0,-9,-2,-13,-13,-12,-1,-3,14,11,-9,-4,7,7,sil
24.441514253616333,6,-1,0,-10,-16,-11,-14,-4,4,-10,0,1,4,3,sil
24.45710778236389,20,9,12,-1,-10,-6,-14,-1,14,-2,20,16,15,9,sil
24.45710778236389,32,15,14,-3,-1,-10,-13,-2,7,-1,27,26,19,13,sil
24.47239136695861,33,18,3,0,4,-10,-16,-3,-9,-9,24,27,14,8,sil
24.47239136695861,26,25,10,16,9,-5,-19,0,-16,-7,26,29,7,3,sil
24.48886775970459,17,22,15,17,8,-3,-11,0,-9,-1,24,27,5,5,sil
24.48886775970459,7,10,6,4,4,-1,-7,-3,-8,-3,11,13,5,2,sil
24.504607915878296,-2,1,0,4,0,0,-13,-1,-20,-15,-4,0,-5,-11,sil
24.504607915878296,-6,3,2,13,1,2,-12,3,-23,-12,-4,-4,-15,-12,sil
24.519731760025024,-5,9,6,19,10,13,0,7,-5,14,5,-4,-7,0,sil
24.519731760025024,-14,0,-7,18,10,22,19,1,12,31,0,-9,3,0,sil
24.53535294532776,-19,-22,-8,2,-3,14,27,0,12,19,-13,-10,3,0,sil
24.551093339920044,-9,-25,4,-10,-14,7,23,2,9,6,-17,-6,0,9,sil
24.551093339920044,-5,-22,-13,-10,-14,4,17,-1,19,10,-15,-11,0,6,sil
24.566734075546265,-9,-23,-12,-22,-6,-4,9,-2,19,6,-10,-8,7,4,sil
24.566734075546265,1,-14,2,-25,-4,-16,3,3,6,-11,-3,5,15,14,sil
24.566734075546265,18,-2,1,-4,-9,-16,1,-1,1,-24,-4,10,9,12,sil
24.581771850585938,20,2,5,4,0,-9,-3,-3,3,-19,-3,12,0,1,sil
24.581771850585938,9,11,0,-1,11,-11,-7,0,-4,-6,10,12,0,-8,sil
24.597808837890625,-2,13,-7,-5,8,-20,-15,-1,-19,-12,13,3,-5,-20,sil
24.597808837890625,-5,11,-3,0,6,-12,-24,-1,-16,-24,-3,-14,-26,-24,sil
24.61346936225891,-3,19,3,9,13,5,-18,-1,-4,-12,-2,-20,-28,-15,sil
24.61346936225891,-9,17,1,6,11,6,-10,-2,-11,0,4,-7,-15,-11,sil
24.629128217697144,-19,-3,-11,-6,0,1,-11,0,-25,-7,-7,-8,-17,-17,sil
24.629128217697144,-18,-6,-7,-10,0,14,0,4,-15,0,-11,-19,-15,-12,sil
24.64429211616516,-9,4,5,4,4,28,27,4,12,23,0,-11,4,4,sil
24.64429211616516,-4,-2,0,15,0,17,28,0,24,30,3,0,9,12,sil
24.65974712371826,-1,-16,-5,0,-9,2,13,0,17,21,1,2,0,12,sil
24.675231218338013,1,-12,-3,-11,-13,7,13,1,20,25,-5,-2,3,12,sil
24.675231218338013,-3,-8,1,-7,-10,13,13,-4,17,23,-17,-6,10,11,sil
24.691782236099243,-4,-15,-2,-5,-7,2,7,-1,0,8,-18,-6,7,12,sil
24.691782236099243,6,-9,-3,-2,-8,-14,5,1,0,-2,-7,-1,9,9,sil
24.691782236099243,14,5,10,0,-10,-19,-3,-1,3,-8,5,12,17,5,sil
24.706160306930546,20,5,5,-2,-4,-11,-12,-1,9,-3,20,26,25,10,sil
24.72219944000244,25,0,0,-12,1,-13,-17,0,7,-7,25,26,23,7,sil
24.72219944000244,9,6,5,-11,-2,-28,-29,0,-13,-26,17,16,6,-12,sil
24.737791299819943,1,22,5,8,0,-22,-27,-1,-24,-28,17,14,-2,-18,sil
24.737791299819943,20,32,13,28,21,0,-13,-1,-13,-14,27,24,2,-1,sil
24.75322914123535,20,26,18,26,18,1,-13,3,-12,-6,23,19,0,0,sil
24.75322914123535,-7,10,9,13,0,1,-11,3,-21,-4,2,-2,-13,-12,sil
24.769073486328125,-17,-3,-3,11,1,14,2,-2,-21,-2,-12,-21,-21,-11,sil
24.769073486328125,-7,-5,-11,15,2,15,5,-2,-14,0,-18,-26,-22,-4,sil
24.78478097915649,-8,0,-2,18,4,18,11,2,2,9,-20,-17,-17,-2,sil
24.78478097915649,-9,0,4,21,19,38,39,3,28,19,-13,-6,-4,5,sil
24.800175189971924,-7,-11,0,9,15,34,41,1,25,14,-9,-5,3,14,sil
24.800175189971924,-16,-25,-12,-9,-12,5,14,0,3,-1,-23,-15,-2,8,sil
24.81612229347229,-17,-27,-20,-22,-25,-14,0,0,3,-7,-23,-18,-6,0,sil
24.81612229347229,-3,-20,-1,-27,-13,-18,-4,3,15,-1,-1,1,9,7,sil
24.831074237823486,13,-7,4,-21,-3,-14,-3,1,25,12,14,18,27,18,sil
24.831074237823486,20,3,0,-18,0,-12,-1,0,23,11,12,17,17,10,sil
24.847083568573,5,0,-5,-32,-3,-17,-12,-1,0,-10,2,7,-2,-8,sil
24.847083568573,-9,-3,-18,-32,-3,-18,-21,-9,-20,-17,-6,-4,-13,-19,sil
24.863116025924683,-7,10,-5,-18,1,-13,-18,-11,-23,-10,-3,-4,-13,-17,sil
24.863116025924683,-4,17,5,-3,3,-4,-6,-1,-16,-2,3,-5,-8,-10,sil
24.87904024124145,-8,0,-2,10,6,16,10,2,-7,13,0,-15,0,0,sil
24.87904024124145,-10,-11,-4,9,12,28,22,1,-3,24,-12,-23,-4,2,sil
24.894731044769287,-13,-11,-12,-9,4,11,18,0,1,15,-18,-25,-6,-5,sil
24.894731044769287,0,-3,-2,-11,-11,-6,3,0,15,11,0,-1,18,1,sil
24.91001319885254,20,6,19,11,-15,-13,-8,5,22,15,26,30,35,13,sil
24.91001319885254,9,8,14,11,-7,-21,-20,1,0,-3,22,23,9,-5,sil
24.92507743835449,0,9,8,0,-4,-13,-20,0,-15,-26,10,6,-14,-21,sil
24.92507743835449,16,19,11,24,2,10,1,4,0,-12,15,13,-4,0,sil
24.940136909484863,9,17,13,52,17,24,17,1,0,4,4,13,-4,13,sil
24.940136909484863,-7,2,5,39,14,25,15,-1,-9,0,-16,0,-18,6,sil
24.95621514320373,2,-7,-1,14,0,14,9,2,5,0,-8,0,-1,7,sil
24.95621514320373,5,-6,-3,0,0,-5,-5,0,11,0,2,6,18,9,sil
24.972314596176147,1,0,-4,-3,-1,-19,-17,-2,-5,-17,2,9,11,3,sil
24.972314596176147,15,5,0,-7,-3,-22,-14,0,-8,-30,17,19,2,0,sil
24.987924098968502,10,4,-5,-13,0,-20,-17,-1,-9,-27,22,12,-2,-10,sil
24.987924098968502,-10,7,-1,2,2,0,-15,-4,-23,-18,-2,-8,-18,-12,sil
25.003610849380493,-7,5,17,22,0,23,10,-2,-16,-3,-12,-15,-19,2,sil
25.003610849380493,-6,-12,-3,5,-2,21,25,0,2,13,-13,-23,-9,5,sil
25.0190486907959,-20,-24,-21,-24,-8,4,9,0,0,12,-35,-37,-13,-3,sil
25.0190486907959,-17,-13,-7,-20,-5,0,5,4,2,13,-36,-30,-9,1,sil
25.033926963806152,-6,-1,-6,-6,2,6,17,2,29,37,-7,-11,12,11,sil
25.033926963806152,0,1,0,-16,1,9,13,0,40,42,5,2,24,12,sil
25.048916816711422,6,3,0,-22,-1,1,0,0,26,18,1,8,19,7,sil
25.048916816711422,4,-2,-6,-20,-4,-13,-10,-4,-4,-9,0,10,7,-4,sil
25.06468319892884,0,-9,-4,-26,-10,-24,-27,-10,-28,-25,6,17,-1,-17,sil
25.06468319892884,8,0,0,-15,-7,-21,-34,-6,-16,-18,21,24,4,-11,sil
25.079838514328003,10,11,11,7,3,-11,-23,0,-7,-7,33,23,10,0,sil
25.079838514328003,3,9,15,10,4,-8,-11,0,-22,-9,23,12,0,-5,sil
25.09593176841736,0,8,3,10,7,-6,-2,0,-20,-11,7,1,-4,-13,sil
25.09593176841736,-1,10,2,23,16,11,15,5,-2,-1,4,-2,0,-1,sil
25.11205530166626,-3,4,2,26,16,24,33,7,8,9,1,-14,-5,6,sil
25.11205530166626,-5,0,1,23,15,21,38,7,19,19,-14,-18,-7,0,sil
25.127599239349365,-1,1,4,29,11,20,39,9,27,29,-20,-10,0,5,sil
25.127599239349365,0,-5,3,16,0,19,27,5,20,21,-11,-7,-3,14,sil
25.1429135799408,1,-16,-3,-6,-5,3,9,0,9,1,-10,-7,-6,9,sil
25.1429135799408,7,-13,-8,-10,-5,-6,2,0,9,0,-16,-6,0,3,sil
25.15805625915528,3,-10,-9,-17,-15,-11,-5,1,8,-2,-15,-11,0,0,sil
25.15805625915528,-8,-14,-15,-25,-21,-20,-20,-1,5,-10,-7,-8,0,-4,sil
25.173356533050537,-7,-9,-8,-22,-13,-21,-29,-8,0,-20,5,7,4,-4,sil
25.173356533050537,0,0,4,-20,-8,-7,-35,-8,-12,-28,12,13,1,-3,sil
25.1890709400177,3,4,0,-9,-8,-4,-31,-5,-18,-22,10,10,-1,-2,sil
25.1890709400177,8,13,5,2,-2,-14,-20,-9,-23,-18,14,18,3,0,sil
25.206258058547974,7,18,13,2,0,-12,-11,-5,-25,-16,18,23,4,1,sil
25.206258058547974,0,16,5,9,-1,5,0,4,-10,3,14,14,3,4,sil
25.21984052658081,-6,13,0,18,6,16,6,6,0,15,0,0,-1,-1,sil
25.21984052658081,-11,8,-4,16,18,12,4,-1,-12,0,-13,-13,-11,-12,sil
25.236218452453613,-5,7,0,17,18,8,10,1,-10,0,-5,-8,-7,-1,sil
25.236218452453613,0,6,-1,19,9,10,19,8,8,17,0,-3,-1,5,sil
25.25185203552246,-14,-9,-12,5,2,14,11,-1,0,19,-22,-30,-16,-13,sil
25.25185203552246,-23,-27,-8,-11,-1,10,5,-7,-11,3,-32,-37,-21,-15,sil
25.26654553413391,0,-17,-4,-9,-6,0,13,0,14,10,-5,-1,4,11,sil
25.26654553413391,19,-1,7,0,-4,-1,19,6,37,28,12,19,25,20,sil
25.28234314918518,14,-6,13,-6,0,0,16,6,32,27,8,7,18,4,sil
25.28234314918518,9,-6,3,-16,-1,-9,2,2,24,7,4,6,11,1,sil
25.29725956916809,20,8,6,-12,-4,-16,-14,0,9,-10,6,21,13,7,sil
25.31294846534729,25,8,7,-5,-5,-14,-17,-2,-3,-20,10,17,10,0,sil
25.31294846534729,10,-2,2,-17,-3,-17,-18,-8,-12,-29,11,6,-3,-14,sil
25.32926106452942,-4,1,-3,-27,0,-16,-20,-1,-16,-31,11,6,-11,-15,sil
25.32926106452942,-7,12,-4,-7,7,-6,-13,4,-13,-24,16,6,-5,-4,sil
25.344849586486816,-8,11,5,11,11,2,-8,-2,-20,-19,7,-3,-10,-4,sil
25.344849586486816,-12,3,1,16,10,13,-4,-7,-22,-12,-14,-18,-23,-12,sil
25.36014413833618,-15,-3,-7,15,3,17,4,0,-10,-4,-18,-18,-14,-6,sil
25.36014413833618,-12,-7,-2,16,-1,11,11,3,-2,6,-5,-11,2,3,sil
25.376098155975345,-5,-4,1,20,0,8,17,2,2,27,-1,-11,5,3,sil
25.376098155975345,-1,4,9,24,1,12,18,6,8,36,0,-4,8,7,sil
25.39173936843872,1,9,3,22,-4,15,17,5,9,31,1,0,12,21,sil
25.39173936843872,8,-3,-2,5,-6,13,16,2,10,26,2,-4,14,24,sil
25.40779590606689,8,-12,3,-9,-2,1,11,8,13,16,4,4,18,20,sil
25.40779590606689,4,0,0,0,-1,-11,2,4,16,7,4,11,16,18,sil
25.42300796508789,6,5,0,7,-2,-9,-2,-3,13,8,-2,6,7,12,sil
25.42300796508789,3,-2,2,-5,-5,-3,-3,-6,0,2,-11,0,0,0,sil
25.43816614151001,-6,-7,-7,-16,-6,-3,-7,-8,-6,-12,-13,-6,-9,-9,sil
25.43816614151001,-6,-9,-8,-13,2,0,-11,-5,4,-13,-7,-2,-13,-10,sil
25.45396900177002,-7,-13,-12,-20,3,0,-11,0,6,-5,-3,-1,-9,-14,goodbye
25.45396900177002,-19,-9,-14,-32,-7,-12,-9,-6,-8,-18,-8,-6,-12,-23,goodbye
25.46901679039001,-14,-1,-10,-19,-13,-11,-4,-9,-11,-28,-4,0,-14,-22,goodbye
25.46901679039001,3,-2,-2,-6,-8,-2,-1,-4,-4,-15,4,13,-12,-10,goodbye
25.484867811203003,6,-5,1,-14,-5,-12,-10,2,-2,-8,7,14,-10,-3,goodbye
25.484867811203003,0,0,-2,-9,-4,-20,-17,5,0,-8,4,5,-3,-3,goodbye
25.500820875167847,3,4,0,0,0,-10,-13,4,-2,-10,1,5,0,-9,goodbye
25.500820875167847,12,9,4,1,3,-1,-11,2,-12,-15,1,5,0,-9,goodbye
25.51644539833069,18,19,10,17,10,2,-14,-1,-15,-14,7,5,3,0,goodbye
25.51644539833069,20,33,26,33,18,9,-3,0,-12,-6,12,11,3,4,goodbye
25.53163290023804,17,28,14,20,15,11,11,5,-6,1,18,11,5,4,goodbye
25.53163290023804,7,11,0,4,8,8,4,8,-1,4,17,2,12,3,goodbye
25.547341108322144,-5,3,-1,9,5,8,1,6,6,8,0,-5,3,3,goodbye
25.547341108322144,-11,0,0,8,7,7,23,0,13,17,-9,-13,-7,7,goodbye
25.56294703483581,-8,-4,2,1,9,7,28,-7,0,22,1,-12,0,11,goodbye
25.56294703483581,-6,-6,1,14,8,11,15,-2,-12,14,1,-13,7,8,goodbye
25.578935861587524,-18,-11,2,12,2,13,9,0,-10,0,-15,-19,-3,-1,goodbye
25.578935861587524,-26,-17,-9,-8,-4,7,4,-1,-5,2,-22,-24,-11,-13,goodbye
25.59435129165649,-13,-16,-14,-7,-12,3,5,1,7,18,-18,-20,-6,-5,goodbye
25.59435129165649,-2,-13,3,4,-6,11,14,6,27,16,-15,-3,1,13,goodbye
25.60997223854065,2,-9,5,3,4,12,19,5,38,16,-4,8,11,23,goodbye
25.60997223854065,12,-6,3,0,0,0,10,4,34,27,12,9,22,25,goodbye
25.625114679336548,10,-8,3,-2,-10,-13,-2,0,24,23,17,6,22,25,goodbye
25.625114679336548,0,-9,-4,-4,-14,-24,-13,-6,7,8,13,4,16,15,goodbye
25.640485048294067,6,-6,0,-10,-15,-26,-13,-4,-4,-1,10,8,11,0,goodbye
25.640485048294067,11,-9,-5,-21,-13,-11,-3,-1,-3,-12,-1,2,1,-9,goodbye
25.656152963638306,1,-10,-12,-29,-8,-5,-10,-2,-7,-27,-15,0,-9,-10,goodbye
25.656152963638306,-2,1,-1,-19,-8,-19,-25,-2,-17,-28,-5,13,-9,-13,goodbye
25.672085285186768,6,13,0,0,-2,-13,-21,-5,-10,-21,7,25,-2,-16,goodbye
25.672085285186768,14,19,2,3,11,8,-18,-1,-10,-20,11,25,0,-9,goodbye
25.68763518333435,10,22,1,3,13,7,-18,0,-24,-20,13,15,-2,-9,goodbye
25.68763518333435,1,18,-3,3,3,-3,-10,-3,-28,-19,12,3,-9,-17,goodbye
25.70342302322388,-4,12,0,-5,0,0,-3,4,-16,-13,2,0,-14,-12,goodbye
25.70342302322388,-10,8,-3,-10,0,1,0,6,-7,-6,-8,-9,-16,-9,goodbye
25.719037294387817,-12,3,-3,-4,0,0,4,-2,-12,-12,-15,-22,-20,-15,goodbye
25.719037294387817,-6,-1,1,5,0,10,7,1,-8,-8,-10,-19,-19,-6,goodbye
25.734115600585938,-3,1,4,15,6,21,9,3,3,11,-1,-6,-9,2,goodbye
25.734115600585938,-10,5,9,20,13,18,8,0,0,15,-5,-7,-8,0,goodbye
25.749748468399048,-17,-3,1,19,7,8,3,0,-10,9,-14,-22,-14,-9,goodbye
25.749748468399048,-16,-12,-9,15,0,5,7,-2,-10,8,-15,-24,-11,-10,goodbye
25.76539301872253,-6,-6,-2,21,2,8,18,-3,-8,7,-7,-10,3,3,goodbye
25.76539301872253,11,0,10,23,8,7,21,-1,12,14,5,4,16,25,goodbye
25.780751943588257,20,2,10,6,8,3,16,0,40,25,9,7,22,29,goodbye
25.780751943588257,11,-2,-3,-3,0,-2,12,2,37,19,-1,0,16,15,goodbye
25.79584693908692,0,-16,-7,-12,-13,-9,5,5,20,5,-8,-3,5,8,goodbye
25.79584693908692,5,-18,-5,-24,-12,-10,-4,2,16,4,3,7,9,13,goodbye
25.81179904937744,17,-4,1,-20,-5,-13,-11,-3,13,5,22,19,27,12,goodbye
25.81179904937744,10,-3,8,-12,-14,-19,-10,0,13,9,28,20,38,10,goodbye
25.82689929008484,3,-7,0,-18,-15,-17,-6,6,20,11,23,17,32,11,goodbye
25.82689929008484,5,2,1,-19,2,-15,-12,1,1,-6,12,17,12,0,goodbye
25.843140602111816,0,7,-3,-4,10,-13,-14,-1,-20,-24,1,9,-6,-13,goodbye
25.843140602111816,-9,11,-3,8,7,2,-9,2,-13,-17,0,6,-8,-11,goodbye
25.85759687423706,-7,21,13,13,15,23,-7,2,-8,-5,-3,6,-12,-9,goodbye
25.85759687423706,-5,14,5,16,20,26,3,-1,-8,1,-23,-16,-29,-11,goodbye
25.8741192817688,-4,0,0,19,13,19,21,0,3,12,-19,-26,-21,0,goodbye
25.8741192817688,5,1,11,20,4,20,31,4,12,20,4,-1,7,12,goodbye
25.888853311538696,7,-2,5,11,-3,18,29,2,8,18,-2,4,7,13,goodbye
25.90401029586792,-3,-20,-3,-10,-8,0,10,-4,4,9,-23,-8,-6,11,goodbye
25.90401029586792,0,-18,-9,-22,-14,-22,-17,-12,-3,-8,-10,-2,-6,2,goodbye
25.91934537887573,7,-1,-11,-27,-24,-40,-39,-10,-30,-42,6,5,-8,-18,goodbye
25.91934537887573,-1,-2,-11,-39,-24,-36,-39,0,-48,-56,5,-1,-22,-31,goodbye
25.93518376350403,-18,-6,-19,-30,-10,-17,-25,-1,-44,-37,-4,-16,-29,-31,goodbye
25.93518376350403,-15,10,-8,0,-2,0,-16,-7,-42,-26,-9,-17,-27,-25,goodbye
25.95072793960572,-3,21,3,18,-2,9,-6,-1,-25,-10,7,-6,-6,-15,goodbye
25.95072793960572,-4,5,4,14,1,20,6,4,-1,13,23,0,10,-3,goodbye
25.96625018119812,-8,-2,4,19,10,23,13,4,5,17,4,-2,1,5,goodbye
25.96625018119812,0,6,0,33,18,16,16,4,15,18,-16,-4,-4,9,goodbye
25.98178672790528,2,2,7,22,19,16,22,6,33,34,-13,3,3,11,goodbye
25.98178672790528,0,-13,3,0,7,22,29,5,46,37,-7,2,10,15,goodbye
25.997806072235107,0,-17,-12,-14,-1,11,24,0,45,18,-14,-5,12,11,goodbye
25.997806072235107,0,-13,-11,-12,-4,-15,3,0,26,0,-12,1,16,6,goodbye
26.01321768760681,6,-8,4,0,-6,-28,-14,-2,13,1,8,18,22,11,goodbye
26.01321768760681,24,9,18,1,4,-18,-14,-5,14,7,30,29,28,18,goodbye
26.029086351394653,31,25,15,0,17,-9,-4,-1,7,1,34,26,30,14,goodbye
26.029086351394653,16,21,13,13,8,-15,-7,2,-12,-13,26,13,15,1,goodbye
26.04448652267456,-1,12,10,16,-2,-12,-12,3,-24,-21,10,0,-10,-8,goodbye
26.04448652267456,-2,7,-4,6,3,9,4,2,-10,-8,-5,-8,-18,-2,goodbye
26.06027674674988,0,0,-3,8,8,24,22,1,3,4,-11,-12,-6,9,goodbye
26.060636043548584,-12,-7,-3,12,-3,11,13,-2,0,6,-12,-13,-3,2,goodbye
26.075750827789307,-25,-18,-18,-10,-18,-2,0,-1,-2,8,-18,-18,-11,-4,goodbye
26.075750827789307,-18,-18,-18,-30,-20,-1,2,2,6,11,-18,-19,-6,3,goodbye
26.09088540077209,5,1,-2,-10,-11,-1,0,1,11,5,0,0,8,5,goodbye
26.09088540077209,27,18,13,1,6,-3,-16,1,-2,-5,23,29,16,-1,goodbye
26.10691237449646,20,11,5,-16,8,-5,-26,-1,-22,-16,18,25,0,-11,goodbye
26.10691237449646,-2,0,-5,-20,-6,-11,-28,-10,-36,-32,-5,-1,-25,-21,goodbye
26.12207579612732,-14,3,9,2,0,-2,-20,-3,-34,-25,-8,-5,-27,-21,goodbye
26.12207579612732,-15,3,12,18,17,21,8,9,-14,12,2,0,-8,-7,goodbye
26.14420175552368,-18,-15,2,6,5,23,26,1,0,27,-2,-7,-1,7,goodbye
26.14420175552368,-21,-27,-4,-4,-13,5,14,-3,13,4,-16,-16,-8,5,goodbye
26.14420175552368,-15,-18,-9,-6,-8,0,7,4,23,0,-15,-14,-5,0,goodbye
26.15376853942871,-1,-10,-7,-10,0,0,18,6,22,12,-10,-8,0,7,goodbye
26.16933798789978,3,-9,-15,-13,0,-1,18,0,19,3,-10,-12,-4,9,goodbye
26.16933798789978,1,-3,-9,-9,0,-8,3,-2,18,-13,-8,-8,-1,-5,goodbye
26.184757471084595,9,-3,0,-3,1,-11,-1,-2,12,-4,0,6,12,-10,goodbye
26.184757471084595,17,-1,-2,-1,0,-5,-1,-2,5,10,12,14,20,0,goodbye
26.200014114379883,14,14,2,-2,0,-1,-8,-1,-4,0,23,17,18,5,goodbye
26.200014114379883,7,16,1,0,-4,-15,-17,-6,-17,-18,17,14,9,0,goodbye
26.215065240859985,4,5,-3,-1,-10,-26,-24,-11,-26,-24,2,4,-1,-7,goodbye
26.215065240859985,8,10,3,1,-6,-11,-21,0,-27,-24,-2,-2,-4,-9,goodbye
26.231040239334103,2,19,4,9,-1,0,-11,6,-21,-13,-2,-12,-5,-9,goodbye
26.231040239334103,-9,19,8,15,4,2,-12,1,-10,0,-1,-13,-4,-7,goodbye
26.24705410003662,-3,18,16,32,21,19,-1,1,-1,11,9,0,0,1,goodbye
26.24705410003662,0,8,14,36,27,35,18,2,-6,9,11,3,-6,6,goodbye
26.263109922409058,-14,-5,-3,13,8,22,18,2,-2,14,-4,-6,-9,4,goodbye
26.263109922409058,-8,-6,-13,6,0,11,17,4,29,31,-9,-6,6,12,goodbye
26.27896881103516,10,-2,9,14,8,19,30,8,46,39,4,7,18,24,sil
26.27896881103516,4,-9,9,2,5,17,30,9,35,36,10,15,10,24,sil
26.29422092437744,-6,-17,-9,-11,-8,-4,7,3,25,23,-5,12,1,18,sil
26.29422092437744,-3,-15,-7,-15,-17,-17,-9,-2,11,0,-20,5,2,4,sil
26.30918025970459,0,-11,-4,-23,-13,-15,-12,-9,-3,-12,-12,0,5,-8,sil
26.30918025970459,3,-6,-3,-28,-1,-14,-13,-7,-13,-16,2,6,2,-8,sil
26.324360370635983,9,1,-1,-20,-7,-19,-14,-2,-22,-25,5,13,-4,-5,sil
26.324360370635983,8,6,5,-14,-19,-23,-18,-7,-31,-31,8,11,-7,-9,sil
26.340206146240234,5,13,7,-6,-8,-22,-23,-6,-28,-32,18,16,-2,-14,sil
26.340206146240234,6,17,0,5,3,-16,-21,2,-18,-28,18,10,-2,-16,sil
26.355366706848145,1,3,2,9,2,-2,-10,0,-15,-16,8,-7,-8,-16,sil
26.355366706848145,-1,-3,11,20,8,16,9,-1,-3,0,2,-18,-4,-4,sil
26.371039867401123,0,3,10,32,16,25,26,4,14,11,-5,-16,3,7,sil
26.371039867401123,-7,-1,5,25,9,17,22,4,17,11,-15,-16,-1,1,sil
26.38649868965149,-12,-11,-2,15,1,16,17,1,19,20,-13,-20,-5,0,sil
26.38649868965149,0,-6,-3,1,1,25,26,5,24,31,-5,-9,5,13,sil
26.402161359786987,2,-10,-7,-12,0,17,27,6,18,25,-13,-1,0,16,sil
26.417192935943604,-16,-24,-16,-19,-6,-5,3,-6,7,0,-27,-16,-17,-2,sil
26.417192935943604,-21,-26,-19,-37,-12,-20,-17,-8,-1,-18,-24,-28,-10,-12,sil
26.433778285980225,-6,-10,-28,-46,-6,-18,-14,0,-5,-14,-10,-13,8,-6,sil
26.433778285980225,3,9,-11,-31,0,-8,-13,7,4,-3,7,11,12,1,sil
26.433778285980225,7,20,5,-24,0,-3,-22,6,13,2,28,24,16,9,sil
26.44780898094177,9,20,0,-20,0,-8,-25,0,-9,0,31,14,13,4,sil
26.46473813056945,1,19,0,0,4,-9,-25,-4,-43,-18,7,0,-6,-13,sil
26.46473813056945,-8,13,-6,12,3,-3,-17,-6,-39,-16,-9,-7,-22,-23,sil
26.47914123535156,-5,10,-3,19,5,0,-5,-6,-22,0,-6,0,-20,-14,sil
26.47914123535156,5,15,15,38,12,9,0,-4,-14,3,1,6,-13,-3,sil
26.49457740783692,10,12,23,44,13,15,12,0,3,6,9,9,2,6,sil
26.49457740783692,4,-1,22,29,10,13,25,1,17,19,9,12,10,11,sil
26.50982594490052,-1,-12,11,27,0,6,23,1,13,21,0,4,-1,4,sil
26.50982594490052,2,-17,5,19,-14,2,16,1,12,8,-5,1,0,9,sil
26.525885105133057,3,-23,2,-6,-21,0,19,4,21,0,-8,4,12,17,sil
26.525885105133057,-1,-27,-5,-14,-22,-4,16,4,26,2,-15,0,7,9,sil
26.54103708267212,0,-16,0,-10,-17,-9,0,0,19,-3,-8,5,5,5,sil
26.54103708267212,7,0,2,-16,-2,-8,-9,-3,6,-14,8,20,7,12,sil
26.55617499351501,6,8,0,-14,5,-8,-8,-4,-12,-19,17,12,0,2,sil
26.55617499351501,10,21,6,4,4,-4,-8,7,-17,-15,15,4,0,-6,sil
26.57226800918579,12,29,9,19,8,2,-6,7,-2,-6,18,7,8,-1,sil
26.57226800918579,0,22,12,22,16,10,2,-1,0,5,17,0,2,0,sil
26.58802628517151,-15,2,-5,14,12,17,15,0,-1,15,-4,-23,-2,-7,sil
26.58802628517151,-22,-18,-28,-9,0,12,11,1,-4,10,-30,-34,-2,-10,sil
26.60323977470398,-18,-23,-19,-23,-9,1,-3,0,-4,2,-28,-19,-2,-3,sil
26.60323977470398,0,-8,0,-9,-1,-3,-7,0,10,12,-8,-1,8,8,sil
26.618830680847168,16,0,8,-3,11,-5,-7,0,20,21,6,7,23,14,sil
26.618830680847168,16,0,0,-13,5,-12,-10,-3,8,7,17,8,22,11,sil
26.63435435295105,12,2,-8,-19,-9,-19,-18,-5,-8,-17,14,6,3,0,sil
26.63435435295105,1,1,-10,-21,-10,-19,-27,-5,-19,-31,2,0,-14,-17,sil
26.649826288223267,-9,4,-14,-12,-8,-12,-23,-3,-23,-18,2,-7,-14,-19,sil
26.649826288223267,-9,12,-1,-1,-3,-2,-8,0,-18,-6,6,-2,-5,-5,sil
26.665026903152462,-2,10,7,1,8,3,4,4,-9,-7,8,3,-7,-5,sil
26.665026903152462,-9,0,4,0,9,9,6,1,-10,-7,0,-7,-18,-18,sil
26.68028259277344,-24,-4,3,3,0,17,3,-1,-15,-2,-18,-20,-29,-17,sil
26.68028259277344,-20,-2,-3,16,1,18,19,-1,0,0,-26,-17,-34,-4,sil
26.696172952651978,-6,-10,-3,11,4,9,29,1,10,0,-21,-9,-28,0,sil
26.696172952651978,0,-19,7,5,0,3,17,1,3,14,-19,-4,-24,4,sil
26.71135711669922,10,-7,10,13,-1,10,15,1,17,33,-5,4,-23,17,sil
26.71135711669922,19,0,3,3,1,16,25,6,40,29,2,12,-8,23,sil
26.72746634483337,7,-12,-17,-17,-9,1,10,1,28,8,-11,0,-7,7,sil
26.72746634483337,-4,-18,-10,-19,-17,-14,-12,-3,9,-5,-11,-3,-21,-4,sil
26.74307918548584,10,-1,12,-8,-3,-7,-11,2,16,0,15,18,43,5,sil
26.74307918548584,26,13,14,2,4,0,-6,4,19,11,33,35,153,15,sil
26.75821137428284,14,19,6,7,-1,-11,-11,-2,-4,-3,30,27,127,5,sil
26.75821137428284,2,17,2,2,0,-17,-13,-7,-28,-25,17,13,8,-6,sil
26.77430868148804,5,17,10,6,10,-11,-17,-6,-34,-26,10,16,-25,-4,sil
26.77430868148804,12,28,13,30,17,-5,-15,1,-31,-16,21,24,0,1,sil
26.790209531784058,2,28,9,40,20,2,-1,1,-29,-13,24,7,-16,0,sil
26.790209531784058,-22,0,4,17,12,6,2,-5,-28,-14,0,-15,-39,-6,sil
26.8061785697937,-34,-26,-15,-1,-5,1,5,-1,-11,-1,-25,-28,-34,-5,sil
26.8061785697937,-19,-25,-22,-5,-13,2,11,6,9,14,-29,-31,-25,-1,sil
26.821730613708496,-10,-15,-9,-11,-10,12,11,6,18,19,-24,-32,-19,0,sil
26.821730613708496,-10,-17,-8,-18,-10,17,9,4,26,23,-16,-26,-9,5,sil
26.837764024734497,-1,-17,-9,-14,-9,9,5,1,35,23,-10,-11,-1,13,sil
26.837764024734497,3,-6,-9,-4,-11,-10,-4,-4,28,9,-7,-7,0,8,sil
26.853360652923584,2,3,0,-12,-11,-20,-18,-3,7,0,4,1,7,-1,sil
26.853360652923584,8,2,1,-23,-2,-10,-16,0,0,1,14,20,10,-4,sil
26.869139671325684,9,1,-3,-13,2,-8,-6,-6,-2,-12,4,14,-3,-13,sil
26.869139671325684,2,11,11,0,1,-12,-8,-4,-19,-32,1,2,-14,-19,sil
26.88487482070923,5,11,9,-2,0,-4,-4,0,-19,-19,7,3,-5,-13,sil
26.88487482070923,9,0,-1,-3,1,3,3,-2,-6,-7,4,0,-7,-9,sil
26.90094542503357,7,9,11,10,13,12,7,0,-7,-10,0,-1,-11,-5,sil
26.90094542503357,6,22,11,29,24,35,24,6,-3,6,-3,0,0,7,sil
26.916112422943115,-1,3,-2,18,21,40,43,3,8,27,-18,-14,0,14,sil
26.916112422943115,-12,-23,-11,-11,5,17,30,0,14,29,-22,-17,-2,14,sil
26.932116270065308,-9,-27,-11,-29,-11,-6,-4,-4,9,16,-12,1,11,10,sil
26.932116270065308,0,-15,-2,-23,-18,-19,-20,-5,0,-5,-2,11,12,1,sil
26.948230981826782,9,0,6,0,-13,-22,-14,3,-5,-12,16,11,3,2,sil
26.948230981826782,15,15,14,11,-5,-17,-12,6,0,-2,34,30,14,11,sil
26.96421456336975,17,17,10,7,-3,-20,-18,0,6,0,34,39,18,6,sil
26.96421456336975,5,13,2,2,-3,-25,-19,-2,0,-14,21,16,0,-7,sil
26.97986125946045,-11,7,-2,3,0,-13,-18,-3,-18,-30,6,-1,-10,-21,sil
26.97986125946045,-15,1,-8,4,5,3,-12,-6,-19,-17,1,-5,-4,-22,sil
26.994967699050903,-11,3,0,7,9,4,-3,1,-7,5,5,-5,0,-10,sil
26.994967699050903,-3,11,7,24,8,4,3,11,-2,9,0,-8,0,0,sil
27.01108360290528,3,6,5,36,12,12,10,6,2,9,-10,-4,7,6,sil
27.01108360290528,1,-4,13,23,21,21,17,4,11,18,-6,-1,13,20,sil
27.02667188644409,-6,-6,-1,11,12,24,21,3,12,22,-5,-12,9,21,sil
27.02667188644409,-10,-6,-12,8,-1,14,13,-6,2,13,-16,-18,0,5,sil
27.04431867599488,-5,-11,-4,-2,-3,3,6,-7,0,0,-21,-15,-9,-5,sil
27.04431867599488,1,-14,-6,-14,-11,5,14,0,5,2,-22,-19,-11,-3,sil
27.057822942733765,-4,-17,-17,-28,-29,8,18,3,9,6,-33,-21,-13,0,sil
27.057822942733765,-17,-28,-28,-54,-28,-2,5,0,7,-3,-35,-19,-13,-2,sil
27.07337617874145,-7,-25,-15,-56,-9,-15,-5,-2,10,-9,-13,-4,1,-4,sil
27.07337617874145,13,0,5,-15,0,-17,-8,0,12,0,8,15,19,2,sil
27.088918924331665,15,18,8,5,-8,-19,-14,0,-5,-6,14,19,11,3,sil
27.088918924331665,8,15,5,-11,-6,-17,-24,-7,-25,-28,23,21,-2,-2,sil
27.104995012283325,13,13,3,0,6,-13,-23,-4,-18,-23,40,28,4,-3,sil
27.104995012283325,13,20,8,24,10,-13,-18,0,-9,-11,36,22,4,-7,sil
27.120886087417603,3,20,9,13,7,-11,-14,0,-14,-13,12,8,-9,-12,sil
27.120886087417603,-4,7,4,5,8,0,-3,0,-9,-6,0,-3,-10,-10,sil
27.136218547821045,-9,-2,8,25,11,21,9,2,0,5,2,-13,-12,-6,sil
27.136218547821045,-9,-2,4,32,13,35,21,1,8,14,-5,-20,-25,-3,sil
27.15208554267884,-9,-1,0,18,14,33,23,1,12,20,-17,-19,-21,0,sil
27.15208554267884,-7,-5,2,3,9,22,17,6,19,27,-11,-10,0,7,sil
27.16717410087585,0,-6,-1,-7,0,7,9,2,28,29,3,4,14,18,sil
27.16717410087585,8,-6,0,-16,-8,-10,0,0,25,15,5,20,19,22,sil
27.18324851989746,16,0,4,-9,-10,-21,-10,0,6,0,1,23,17,9,sil
27.18324851989746,17,9,9,-5,-4,-23,-17,-5,-13,-12,12,18,15,-3,sil
27.199409008026123,3,7,0,-10,-2,-22,-18,-5,-20,-19,16,7,10,-11,sil
27.199409008026123,-7,8,-8,-5,-3,-11,-7,0,-19,-16,0,-3,-1,-10,sil
27.21508312225341,-6,10,5,11,5,5,4,1,-26,-15,-9,-6,-7,-5,sil
27.21508312225341,-12,-4,1,15,5,14,11,1,-31,-14,-17,-17,-9,-7,sil
27.231215000152588,-14,-15,-14,3,-4,13,16,2,-17,2,-32,-27,-9,-2,sil
27.231215000152588,0,-9,-4,2,0,16,26,8,11,22,-19,-11,1,14,sil
27.24572443962097,4,-14,2,9,0,8,21,6,29,21,1,-1,12,17,sil
27.24572443962097,-6,-20,-6,-2,-11,-11,-3,0,18,4,-9,-13,10,4,sil
27.261954069137573,-4,-10,-13,-16,-11,-16,-13,-4,13,-2,-10,-8,6,0,sil
27.261954069137573,10,1,-4,-14,-1,0,-9,-4,18,-1,20,17,7,4,sil
27.27707362174988,14,8,9,-11,0,-5,-22,0,1,-11,24,23,1,0,sil
27.27707362174988,6,9,-1,-7,0,-22,-28,0,-15,-22,6,7,-8,-10,sil
27.29323005676269,1,10,0,-7,0,-14,-12,-2,-8,-14,13,14,-3,-8,sil
27.294229984283447,8,17,12,1,2,4,2,-4,5,9,31,27,11,1,sil
27.307747840881348,9,15,8,17,6,7,4,-3,5,20,24,10,6,3,sil
27.32283520698548,-7,4,2,11,8,9,0,2,-8,1,0,-9,-11,-7,sil
27.32283520698548,-18,0,-13,2,9,12,0,2,-12,-8,-16,-16,-19,-14,sil
27.337987422943115,-15,-3,-14,8,8,7,2,-1,-6,-5,-24,-19,-20,-16,sil
27.337987422943115,-12,-5,0,14,0,12,12,2,-8,-3,-23,-19,-19,-13,sil
27.35379838943481,-11,-6,-1,8,-5,19,23,5,-3,3,-18,-18,-15,-5,sil
27.35379838943481,-12,-12,-8,-5,-5,9,24,0,8,12,-23,-16,-11,-3,sil
27.368948459625244,-7,-14,-8,-15,-7,2,19,-4,13,15,-21,-7,0,4,sil
27.368948459625244,2,-8,0,-12,-4,5,11,0,16,15,-9,0,12,21,sil
27.384801864624023,12,-4,8,0,0,-1,2,6,23,14,0,2,17,26,sil
27.384801864624023,15,-1,14,0,-1,-18,-6,0,17,4,13,10,16,19,sil
27.40005874633789,18,6,17,-10,0,-18,-16,-8,1,-6,27,22,16,15,sil
27.40005874633789,27,15,12,4,2,-8,-19,0,0,0,30,22,23,13,sil
27.41607427597046,27,11,12,16,3,-10,-20,5,0,1,25,23,26,12,sil
27.41607427597046,9,1,1,-10,-2,-16,-24,-1,-19,-19,15,15,11,1,sil
27.43120598793029,-6,2,-13,-26,-11,-15,-25,-6,-32,-33,0,-4,-10,-19,sil
27.43120598793029,-10,6,-3,-9,-10,-13,-19,-2,-26,-24,-6,-5,-16,-28,sil
27.44721746444702,-10,5,0,3,-3,-9,-9,-1,-16,-13,3,2,-11,-21,sil
27.44721746444702,-10,5,0,8,4,4,5,-1,-9,-7,7,-1,-9,-14,sil
27.46277022361756,-10,3,3,7,12,17,21,5,4,3,-2,-3,-6,-2,sil
27.46277022361756,-8,0,-5,0,11,13,18,6,12,9,-11,0,-4,3,sil
27.47786450386048,-8,2,0,10,4,7,0,0,-7,0,-13,-11,-11,-7,sil
27.47786450386048,-4,7,5,35,5,16,3,1,-12,0,-6,-18,-15,-8,sil
27.493025541305546,1,4,1,30,6,22,19,4,6,14,0,-9,-9,4,sil
27.493025541305546,0,-3,-2,8,2,17,20,3,6,14,-9,-8,-3,6,sil
27.50905823707581,-4,-15,-10,-4,0,12,18,0,0,5,-24,-17,0,4,sil
27.50905823707581,-5,-20,-6,-19,-3,6,11,-3,4,7,-24,-10,0,5,sil
27.52509093284607,-3,-17,-3,-14,-9,0,0,-7,5,16,-12,-2,-1,0,sil
27.52509093284607,-5,-19,-9,-5,-3,1,1,-2,5,14,-4,-10,3,0,sil
27.540337324142456,-6,-20,-7,-25,-3,-1,7,1,15,5,0,-8,9,5,sil
27.540337324142456,3,-2,3,-24,-15,-17,-8,-2,26,9,10,11,15,9,sil
27.55575108528137,21,11,13,0,-3,-25,-19,-2,25,17,29,35,32,19,sil
27.55575108528137,21,2,0,2,12,-14,-5,3,20,15,29,34,33,24,sil
27.57094097137451,5,-6,-10,-9,1,-5,-4,3,13,1,12,11,8,4,sil
27.57094097137451,2,3,0,-7,-5,-8,-20,3,3,-16,4,3,-1,-9,sil
27.58704948425293,8,14,-2,-7,2,-15,-14,5,0,-20,7,9,1,-5,sil
27.58704948425293,1,13,-2,-10,4,-13,-5,0,-10,-18,14,9,0,-5,sil
27.60317301750183,-4,15,5,5,0,-4,-5,-2,-21,-23,15,5,-6,-10,goodbye
27.60317301750183,0,20,4,14,1,0,0,-1,-22,-27,0,-1,-13,-11,goodbye
27.61920166015625,0,17,5,6,2,0,7,0,-22,-25,-11,-11,-21,-12,goodbye
27.61920166015625,-2,13,0,13,1,3,5,-2,-25,-19,-8,-10,-18,-10,goodbye
27.6350486278534,0,11,0,22,1,9,0,-2,-26,-14,-12,-7,-17,-9,goodbye
27.6350486278534,-2,7,4,20,1,13,-2,-1,-20,-7,-26,-19,-29,-15,goodbye
27.65083885192871,-7,2,4,27,7,14,0,-5,-10,6,-18,-22,-25,-13,goodbye
27.65083885192871,-5,-8,9,24,5,14,4,-3,0,21,3,-1,2,5,goodbye
27.66590523719788,-2,-23,1,-1,-6,13,11,5,9,24,8,2,12,17,goodbye
27.66590523719788,-2,-16,0,-9,-2,9,13,5,6,18,-1,-4,1,13,goodbye
27.6811363697052,-2,-1,10,9,10,5,10,1,12,28,-2,0,3,11,goodbye
27.6811363697052,-9,-16,0,-2,-1,4,6,0,24,29,-8,-9,1,3,goodbye
27.69723629951477,-22,-31,-14,-41,-21,0,2,0,13,2,-23,-27,-10,-9,goodbye
27.69723629951477,-9,-12,-3,-31,-10,0,0,0,8,0,-2,0,12,5,goodbye
27.712767124176025,11,2,8,-1,2,3,0,1,28,22,22,37,40,30,goodbye
27.712767124176025,6,-9,-4,-12,-5,-4,-3,0,30,17,2,21,22,19,goodbye
27.727957010269165,0,-8,-11,-26,-5,-20,-16,-2,3,-2,-11,-4,4,-2,goodbye
27.727957010269165,11,12,6,-8,0,-15,-18,-5,-11,-13,7,12,11,-2,goodbye
27.74408459663391,23,12,4,2,0,-1,-1,-1,-3,-12,17,27,13,6,goodbye
27.74408459663391,21,0,-3,-10,0,-2,4,1,-2,-9,13,10,13,3,goodbye
27.75983071327209,9,3,-2,-9,0,-10,-6,0,-14,-15,4,-4,9,-9,goodbye
27.75983071327209,0,11,-8,7,2,-7,-6,-1,-14,-29,0,-6,-8,-18,goodbye
27.775253534317017,2,13,0,11,10,2,1,1,-12,-29,12,3,-11,-12,goodbye
27.775253534317017,4,16,1,11,10,4,0,3,-13,-11,21,7,-3,-4,goodbye
27.79110622406006,-7,12,-2,16,2,-2,-8,-2,-12,-7,3,-5,-12,-12,goodbye
27.79110622406006,-19,3,-4,10,0,-2,-17,2,-12,-8,-8,-15,-22,-17,goodbye
27.806108713150024,-18,-3,-9,5,2,6,-4,7,-10,7,-8,-16,-17,-9,goodbye
27.806108713150024,-15,-9,-3,8,4,12,19,1,0,13,-21,-24,-19,-3,goodbye
27.82117319107056,-8,-9,-2,10,2,13,33,-2,13,10,-32,-23,-17,2,goodbye
27.82117319107056,-8,-10,-9,3,-3,11,24,-1,11,14,-18,-9,-3,8,goodbye
27.836628913879395,-13,-14,0,-2,-3,0,8,0,2,8,-12,-7,-5,2,goodbye
27.836628913879395,0,-8,11,3,2,-1,4,1,13,9,-18,-6,-10,2,goodbye
27.852277994155884,18,0,18,4,1,0,7,8,35,28,1,9,11,18,goodbye
27.852277994155884,19,0,12,-5,-4,-11,3,6,37,29,29,18,30,21,goodbye
27.8678719997406,19,4,6,-5,-6,-18,-5,-4,18,12,30,22,24,9,goodbye
27.8678719997406,17,18,8,2,-3,-7,-10,-3,0,-1,23,34,20,8,goodbye
27.884447813034058,3,4,-3,-10,-6,-9,-17,1,-6,-14,23,27,19,5,goodbye
27.884447813034058,-2,-10,-8,-40,-12,-17,-34,-4,-21,-29,20,13,1,-10,goodbye
27.9004385471344,0,10,2,-20,-1,-9,-34,-11,-34,-33,16,12,-13,-19,goodbye
27.9004385471344,-8,30,5,29,15,0,-17,-9,-40,-28,2,2,-15,-13,goodbye
27.914786100387573,-10,13,3,31,10,4,-5,0,-37,-17,-9,-11,-10,-3,goodbye
27.914786100387573,0,-2,-7,7,-7,14,1,1,-23,-3,-12,-17,-7,0,goodbye
27.929988384246823,-3,0,-6,11,-7,15,3,-7,-17,-6,-20,-21,-13,-6,goodbye
27.93099355697632,-9,1,2,22,1,14,3,-3,-13,-1,-23,-20,-13,-9,goodbye
27.945444345474243,-4,-7,-1,12,4,21,17,3,0,17,-15,-15,-2,0,goodbye
27.962109565734863,-8,-14,-10,-2,4,23,30,3,13,25,-13,-13,0,12,goodbye
27.962109565734863,-6,-13,-4,-6,0,15,22,5,26,23,-7,-9,4,10,goodbye
27.962109565734863,2,-11,4,-8,-3,6,5,5,34,17,0,-4,14,0,goodbye
27.977197408676147,0,-16,-4,-15,0,0,4,1,23,11,-12,-8,2,0,goodbye
27.977197408676147,-3,-19,-5,-18,3,0,11,5,19,7,-19,-4,-5,8,goodbye
27.99278974533081,5,-19,-2,-22,-4,-2,0,3,23,0,-5,5,3,9,goodbye
27.99278974533081,3,-16,-15,-24,-4,-7,-8,-1,16,-2,5,5,8,3,goodbye
28.008906602859497,0,0,-2,-17,3,-6,0,5,8,4,7,7,7,0,goodbye
28.02538251876831,9,9,6,-6,5,-6,8,5,13,4,12,17,11,-1,goodbye
28.02538251876831,12,1,-5,-4,0,-17,9,-1,16,4,19,15,12,3,goodbye
28.02538251876831,0,-1,6,-8,-4,-25,1,2,5,2,12,6,4,1,goodbye
28.039962768554688,-7,7,0,-9,-6,-18,-8,2,-9,-4,0,1,-2,-12,goodbye
28.05605983734131,-6,11,-6,-1,-4,-10,-17,-8,-23,-15,1,0,-5,-14,goodbye
28.0570604801178,-4,11,7,8,1,-10,-15,-6,-20,-16,9,-1,-4,-2,goodbye
28.07127571105957,0,14,8,11,4,-7,-4,-3,-10,-9,5,-1,-3,-2,goodbye
28.07127571105957,13,20,16,13,3,4,1,0,-10,0,10,10,3,2,goodbye
28.08689856529236,19,21,19,31,3,9,4,0,-4,1,26,19,15,15,goodbye
28.08689856529236,9,18,5,35,7,0,0,-3,0,-7,24,9,11,7,goodbye
28.102797031402588,1,16,5,14,4,-5,-15,-2,-15,-11,6,-1,0,-7,goodbye
28.102797031402588,0,6,1,2,0,-1,-17,-1,-18,-6,-7,-5,-9,-9,goodbye
28.119861364364624,-6,-5,-4,4,1,4,-9,-2,-5,-10,-16,-4,-17,-8,goodbye
28.119861364364624,-5,-4,-5,5,1,6,-5,-3,-14,-20,-18,-5,-27,-14,goodbye
28.119861364364624,-8,0,-3,5,-10,-4,-11,-8,-33,-24,-16,-8,-31,-19,goodbye
28.134445428848267,-14,-5,0,4,-10,-4,-15,-3,-25,-13,-12,-3,-23,-10,goodbye
28.15524911880493,-6,-9,0,4,-2,12,0,4,0,6,-2,5,-1,10,goodbye
28.15524911880493,0,-8,4,9,0,19,16,1,7,16,5,6,10,17,goodbye
28.15524911880493,2,-7,5,17,1,15,16,2,6,14,2,-1,7,11,goodbye
28.16690707206726,4,-5,-2,9,0,17,10,3,8,11,-2,-10,4,8,goodbye
28.16690707206726,1,-6,-4,-8,-3,13,11,9,12,15,0,-11,11,6,goodbye
28.18110990524292,5,-9,-3,-8,6,7,16,13,32,32,3,-5,18,10,goodbye
28.19708776473999,7,-5,-5,-2,17,14,19,4,38,29,-5,-2,12,9,goodbye
28.19708776473999,-13,-10,-17,-16,6,12,17,0,13,3,-19,-15,-2,-4,goodbye
28.21251559257508,-25,-21,-21,-33,-1,-4,13,6,7,3,-13,-18,-4,-7,goodbye
28.21251559257508,-2,-9,-6,-26,4,-10,10,5,26,21,2,-1,11,6,goodbye
28.229872226715088,6,3,-11,-19,6,-7,4,-6,18,14,-4,-2,11,4,goodbye
28.229872226715088,-5,-10,-14,-44,-7,-13,-7,-6,-7,-3,-19,-18,-5,-5,goodbye
28.229872226715088,-4,-17,-3,-52,-14,-9,-6,-1,-4,0,-11,-13,-6,0,goodbye
28.245954751968384,0,0,3,-24,-4,0,-3,-5,11,4,0,2,5,3,goodbye
28.26036310195923,-2,0,8,-10,-2,-4,-13,-9,2,-9,5,13,5,0,goodbye
28.26036310195923,-1,-1,3,-12,-13,-15,-17,-6,-11,-20,11,14,1,-4,goodbye
28.27597618103028,4,17,8,3,-8,-20,-16,-5,-17,-24,13,15,-3,-9,goodbye
28.27597618103028,13,31,22,32,1,-18,-11,1,-10,-23,20,24,-5,-8,goodbye
28.29189968109131,19,21,19,39,-4,-14,-4,5,0,-18,27,29,6,0,goodbye
28.29189968109131,14,11,11,22,-10,-16,-17,0,-7,-24,20,23,6,1,goodbye
28.307911157608032,8,14,2,27,5,-14,-26,-1,-29,-22,13,15,-6,-2,goodbye
28.307911157608032,0,16,4,53,17,2,-5,0,-31,-8,4,2,-9,-7,goodbye
28.307911157608032,-8,4,6,49,8,20,15,-2,-17,-2,-14,-17,-3,-10,goodbye
28.324557304382324,-10,-7,0,24,2,24,16,0,-6,5,-22,-21,-3,-2,goodbye
28.324557304382324,-8,-6,-3,13,15,23,15,7,0,20,-16,-5,0,10,goodbye
28.339020013809204,-10,-5,-6,3,14,18,20,5,12,28,-11,-5,4,12,goodbye
28.35486364364624,-4,-14,-7,-14,-7,4,11,0,21,21,-8,-10,3,0,sil
28.35486364364624,5,-14,0,-22,-16,-9,-6,0,15,0,-5,1,0,-3,sil
28.37034177780152,19,3,5,-20,-4,-12,-9,0,10,-4,16,21,10,3,sil
28.37034177780152,34,21,16,-12,6,-2,-4,1,8,10,46,31,22,11,sil
28.38594675064087,23,25,9,3,10,4,-8,-1,-6,2,31,15,4,5,sil
28.38594675064087,-2,19,0,13,11,1,-11,-8,-18,-20,0,-8,-22,-3,sil
28.4011013507843,-11,3,0,6,13,3,-1,0,-12,-9,-3,-15,-23,-4,sil
28.4011013507843,-15,-15,-9,0,3,11,5,5,-1,11,-7,-21,-17,-4,sil
28.416237354278564,-18,-17,-7,0,-6,10,11,0,4,7,-24,-25,-19,0,sil
28.416237354278564,-9,-8,-6,-7,-3,5,21,-1,14,6,-22,-16,-16,9,sil
28.43233251571656,-6,-12,-13,-18,-3,3,16,2,10,9,-19,-6,-8,5,sil
28.43233251571656,-14,-16,-11,-14,-14,6,4,1,-6,0,-27,-5,-2,-4,sil
28.44793438911438,-15,-15,-11,-9,-18,7,9,-3,-4,-3,-18,-5,8,0,sil
28.44793438911438,-12,-15,-12,-27,-12,-1,6,-2,7,0,-4,-2,18,1,sil
28.46311020851136,-6,-12,-8,-28,-7,-14,-13,3,8,0,1,-4,20,-5,sil
28.46311020851136,1,-8,2,-4,-3,-15,-16,0,1,0,5,-3,18,-1,sil
28.4782989025116,-1,-10,0,-5,-2,-8,-4,-3,-9,-2,1,1,12,2,sil
28.4782989025116,-2,-8,-12,-18,-4,-5,1,0,-4,0,-3,-1,4,1,sil
28.49417805671692,7,-2,-4,-11,0,-3,2,1,15,6,2,-3,4,2,sil
28.49417805671692,7,-3,1,-7,0,-4,-1,-1,22,4,4,-1,0,-5,sil
28.50979423522949,0,0,-4,-14,-8,-15,-18,-5,1,-14,0,0,-11,-20,sil
28.50979423522949,6,15,4,-2,-1,-17,-23,-3,-8,-23,9,12,-4,-8,sil
28.52495169639588,19,26,13,18,18,-4,-5,1,8,0,32,26,17,9,sil
28.52495169639588,17,24,20,14,20,2,1,6,11,10,37,30,18,5,sil
28.540462255477905,10,18,13,8,7,1,-3,3,-5,-8,24,26,0,-5,sil
28.540462255477905,9,18,5,28,11,0,-5,-1,-9,-8,14,15,-6,-6,sil
28.55621767044068,4,23,18,40,22,4,0,0,-5,0,8,6,-6,0,sil
28.55621767044068,1,22,16,34,9,10,5,0,-10,-6,-2,0,-10,4,sil
28.571828603744507,3,9,10,29,-4,10,0,-3,-23,-2,-17,-6,-13,0,sil
28.571828603744507,1,1,9,27,2,9,0,0,-22,12,-21,-9,-9,-3,sil
28.587490797042847,-6,1,1,24,4,14,12,2,-8,13,-13,-7,-8,4,sil
28.587490797042847,-15,-7,-4,9,-7,18,22,0,-2,2,-17,-13,-13,7,sil
28.60313057899475,-20,-24,-17,-11,-10,13,26,0,3,5,-34,-26,-14,0,sil
28.60313057899475,-20,-33,-22,-23,-7,12,31,4,17,13,-28,-25,-8,-2,sil
28.61921238899231,-11,-21,-5,-22,-5,10,21,6,25,21,1,-8,6,10,sil
28.61921238899231,5,-2,2,-14,0,-4,1,-1,18,25,15,7,24,22,sil
28.63480758666992,17,-2,2,-15,0,-21,-12,-5,5,9,11,18,24,18,sil
28.63480758666992,15,-11,-4,-25,-12,-20,-23,0,4,-15,13,17,17,7,sil
28.649850130081177,8,-6,-12,-35,-18,-21,-34,-3,1,-26,14,14,17,0,sil
28.649850130081177,4,0,-6,-29,-15,-31,-39,-12,-20,-26,9,7,-3,-11,sil
28.66554427146912,-3,2,-3,-7,-9,-19,-25,-11,-34,-29,2,-8,-29,-25,sil
28.66554427146912,-7,9,0,12,3,12,0,0,-24,-27,-6,-15,-26,-21,sil
28.68086838722229,0,8,0,22,17,27,22,6,-12,-6,-12,-14,-16,-2,sil
28.68086838722229,0,1,3,21,18,19,30,3,-5,13,-7,-15,-10,6,sil
28.696192979812626,-6,0,2,16,12,14,23,5,15,19,0,-13,12,8,sil
28.696192979812626,3,-3,-1,10,6,9,5,6,39,28,6,-2,29,8,sil
28.71095442771912,12,-2,2,0,-1,-4,-11,0,33,28,12,14,19,9,sil
28.72796750068665,5,0,-1,-9,-9,-19,-16,0,11,5,8,21,10,6,sil
28.72796750068665,-1,0,-3,-15,-7,-18,-16,3,-2,-17,4,18,4,-5,sil
28.72796750068665,-6,0,0,-14,0,-11,-14,0,-11,-19,10,15,-3,-16,sil
28.742160320281982,-4,4,0,-9,-2,-10,-7,-5,-5,-10,18,9,1,-11,sil
28.742160320281982,7,12,11,-7,-5,-6,-10,0,0,-7,15,3,2,-5,sil
28.75733733177185,0,12,5,-3,-3,-4,-16,0,-8,-12,-1,-7,-17,-15,sil
28.75733733177185,-24,0,-14,0,-3,-4,-15,-4,-18,-17,-22,-25,-28,-24,sil
28.773431062698364,-21,-1,-5,0,0,12,0,1,-8,-6,-28,-21,-10,-9,sil
28.78800797462464,-6,3,2,6,8,28,20,9,4,16,-24,-7,0,6,sil
28.78800797462464,-11,-4,0,8,5,18,28,2,-1,15,-27,-16,-10,3,sil
28.80399370193481,-16,-18,-4,4,-2,11,29,0,-5,5,-29,-24,-16,0,sil
28.80399370193481,-8,-18,-9,-2,0,13,33,6,8,14,-20,-17,-7,8,sil
28.819146156311035,0,-14,-5,-12,6,9,26,7,19,24,-10,-10,0,19,sil
28.819146156311035,12,-5,-2,-5,2,3,12,0,17,23,-2,-2,10,20,sil
28.83511114120484,21,9,11,2,-2,-1,0,-4,6,6,11,15,18,15,sil
28.83511114120484,23,17,18,5,3,-7,-6,-4,-1,-6,21,26,20,9,sil
28.850831747055054,31,20,8,19,20,-1,-2,-4,8,1,27,29,22,13,sil
28.850831747055054,40,24,17,29,23,0,0,0,22,14,44,46,29,25,sil
28.86631202697754,26,18,20,17,5,-10,-7,1,6,2,48,43,21,15,sil
28.86631202697754,0,5,4,2,-6,-14,-20,-1,-25,-21,17,8,-4,-19,sil
28.882230520248413,-15,-1,-8,0,-6,-12,-28,-5,-33,-26,-9,-11,-22,-35,sil
28.882230520248413,-14,-7,-9,-2,-5,-21,-25,-9,-18,-16,-3,-5,-17,-21,sil
28.896875381469727,-7,-5,2,-6,-3,-17,-11,-7,-9,-9,6,-1,-3,-9,sil
28.896875381469727,-7,-1,-1,13,-6,3,-2,-1,-4,0,1,-14,0,-9,sil
28.912081956863403,-21,-6,-8,33,-7,15,-5,-6,-7,-2,-11,-21,-16,-14,sil
28.912081956863403,-21,-11,-1,21,-2,15,7,-1,-7,-10,-19,-15,-23,-8,sil
28.92810678482056,-9,-13,3,-2,-9,16,23,7,11,9,-11,-9,2,11,sil
28.92810678482056,-6,-22,2,-20,-24,5,8,2,23,20,2,0,23,24,sil
28.94377374649048,10,-15,5,-13,-11,-11,-4,0,17,8,11,13,23,25,sil
28.94377374649048,29,6,11,3,5,-15,0,4,14,3,17,28,24,22,sil
28.95891642570496,10,5,-3,-9,-8,-12,-7,0,4,-6,8,17,8,2,sil
28.95891642570496,-16,-7,-24,-35,-18,-14,-17,-7,-14,-25,-11,-6,-18,-19,sil
28.97482442855835,-6,1,-7,-29,3,-8,-8,1,-14,-23,-3,0,-13,-11,sil
28.97482442855835,9,9,0,-17,5,2,-9,6,-7,-13,9,10,-3,0,sil
28.99034357070923,3,5,-11,-18,-10,0,-20,2,-22,-24,-17,-6,-21,-14,sil
28.99034357070923,1,28,-5,-6,9,0,-5,13,-27,-14,-36,-15,-23,-13,sil
29.00581336021424,5,39,0,8,36,12,20,20,-3,18,-10,-13,-3,1,sil
29.00581336021424,-8,11,-6,5,29,22,23,12,8,22,-6,-23,-3,0,sil
29.02100706100464,-20,-10,-18,-10,25,28,23,9,7,13,-30,-41,-12,-9,sil
29.02100706100464,-20,-25,-21,-32,17,28,24,1,6,17,-45,-54,-16,-13,sil
29.03643155097961,-27,-36,-20,-30,-6,13,17,-14,3,13,-49,-52,-24,-17,sil
29.03643155097961,-26,-21,-19,-4,-7,0,15,-17,8,10,-33,-32,-19,-13,sil
29.0512375831604,-7,-8,-1,-1,0,1,8,-9,17,17,-7,-11,-1,0,sil
29.0512375831604,-2,-14,11,3,-9,0,-3,-6,20,22,6,0,10,6,sil
29.0664746761322,-2,-3,19,30,-3,0,-3,-5,23,21,23,18,19,12,sil
29.0664746761322,19,9,36,36,3,-1,3,0,25,17,44,46,37,24,sil
29.082216024398804,34,0,33,29,-15,-13,0,0,24,12,56,58,51,30,sil
29.082216024398804,24,-8,24,25,-27,-18,-12,-1,19,3,56,60,40,24,sil
29.09809160232544,17,0,15,15,-12,-17,-17,2,12,-8,44,55,21,16,sil
29.09809160232544,24,12,10,11,0,-28,-17,-1,-3,-27,35,46,15,5,sil
29.113620042800903,26,18,16,20,0,-30,-22,-4,-29,-38,39,38,10,-3,sil
29.113620042800903,17,25,11,16,-4,-15,-19,-3,-39,-31,30,26,0,0,sil
29.1290249824524,10,33,6,-3,-4,-14,-15,-4,-33,-24,8,13,-3,0,sil
29.1290249824524,6,33,0,-3,2,-11,-13,-2,-30,-19,0,3,-2,-7,sil
29.145015239715576,0,20,-6,17,8,5,0,0,-28,-5,0,-9,-10,-4,sil
29.16052985191345,-8,5,0,20,8,12,8,0,-25,-8,-14,-21,-21,-4,sil
29.16052985191345,-9,0,-11,5,11,13,5,2,-12,-10,-25,-28,-23,-14,sil
29.16052985191345,-12,-10,-21,-1,17,31,13,4,4,7,-26,-35,-17,-13,sil
29.17686367034912,-23,-28,-13,-12,10,39,18,0,1,13,-35,-46,-19,-13,sil
29.17686367034912,-31,-23,-21,-24,1,25,10,0,-7,-1,-50,-51,-34,-21,sil
29.19208025932312,-26,-3,-24,-24,4,14,9,6,0,0,-51,-41,-35,-14,sil
29.19208025932312,-11,-7,-12,-15,4,11,12,9,16,15,-32,-21,-14,2,sil
29.20712184906006,-1,-12,-2,-11,-2,7,8,2,14,19,-10,-6,3,14,sil
29.22319960594177,-6,-6,-6,-11,-7,2,1,0,13,16,-13,-12,0,9,sil
29.22319960594177,-14,-13,-12,-15,-12,-10,-7,0,21,16,-21,-16,0,-6,sil
29.22319960594177,-8,-16,-4,-18,-9,-15,-7,-3,18,12,0,4,17,-5,sil
29.240217208862305,5,-6,-1,-7,-11,-9,4,-2,17,1,9,16,14,10,sil
29.240217208862305,8,-11,0,-5,-19,-12,0,1,19,-12,-8,0,-3,8,sil
29.25575280189514,8,-21,-3,-23,-11,-17,-15,7,17,-9,0,9,6,3,sil
29.25575280189514,20,-9,0,-30,-4,-16,-18,7,11,3,30,31,27,14,sil
29.270747423172,24,9,18,-13,-9,-19,-14,-1,-1,0,33,31,26,17,sil
29.270747423172,10,11,11,4,0,-10,0,-5,-6,3,32,23,23,8,sil
29.286770582199097,1,0,5,0,8,0,11,4,3,14,37,22,21,0,sil
29.286770582199097,8,5,20,0,-2,-9,-4,7,-1,2,23,18,4,-4,sil
29.30230665206909,12,21,17,19,-1,-12,-10,-4,-25,-9,9,8,-7,-5,sil
29.30230665206909,1,21,17,31,15,9,6,-4,-29,3,13,9,0,0,sil
29.31793212890625,3,19,16,23,20,16,7,-2,-10,13,18,9,7,0,sil
29.31793212890625,18,23,8,10,20,1,-5,-8,-3,-9,10,-2,-7,-7,sil
29.3333044052124,14,26,12,22,22,7,-1,0,-9,-25,0,-6,-18,-5,sil
29.349315643310547,-7,23,4,56,16,25,20,7,0,-8,-2,2,-5,4,sil
29.349315643310547,-20,8,-11,51,14,26,27,-3,0,0,-6,0,-8,-1,sil
29.349315643310547,-24,-11,-22,10,7,16,16,-10,-23,-17,-26,-27,-31,-18,sil
29.365190505981445,-28,-21,-23,-4,-7,15,6,-5,-28,-22,-43,-45,-31,-19,sil
29.365190505981445,-23,-20,-11,-6,-11,14,5,0,0,-3,-27,-28,-10,-9,sil
29.381123065948486,-16,-20,-11,-21,-13,-2,5,1,21,10,-8,-14,0,-4,sil
29.381123065948486,-11,-17,-13,-33,-20,-21,-8,-5,15,3,-16,-13,-2,0,sil
29.398165225982662,-2,-14,-7,-27,-18,-17,-21,-6,9,0,-17,-3,0,7,sil
29.398165225982662,4,-12,-4,-21,-12,-13,-20,0,13,4,0,6,11,7,sil
29.41151642799377,5,-8,-4,-26,-13,-23,-21,5,11,2,4,5,14,2,sil
29.41151642799377,7,-8,-3,-22,-19,-24,-25,2,5,0,0,6,10,6,sil
29.427045822143555,10,-2,4,-13,-15,-19,-23,1,1,-1,8,20,14,6,sil
29.4429612159729,21,14,16,-2,7,-10,-10,5,4,1,31,33,22,2,sil
29.4429612159729,25,27,20,25,31,6,0,6,8,13,43,26,15,2,sil
29.45813608169556,10,20,16,44,23,13,3,3,-10,11,16,6,-3,-5,sil
29.45813608169556,-1,6,2,22,4,7,6,1,-35,0,-11,-3,-14,-9,sil
29.4737765789032,-1,2,5,3,5,20,18,3,-23,7,-7,-4,-9,7,sil
29.4737765789032,3,2,11,15,14,41,38,6,16,27,-2,-9,-1,22,sil
29.488858222961422,0,-7,-2,14,4,31,44,4,31,27,-15,-13,-2,15,sil
29.488858222961422,-13,-24,-16,-14,-7,4,23,1,18,10,-25,-14,-2,8,sil
29.50425338745117,-16,-29,-24,-33,-9,-9,1,-3,15,-2,-25,-19,-1,1,sil
29.50425338745117,-3,-16,-13,-33,-8,-12,-6,-9,15,-12,-19,-4,-3,-8,sil
29.52016282081604,8,0,-2,-22,-9,-17,-7,-2,5,-20,-5,19,0,-6,sil
29.52016282081604,12,10,0,-7,-7,-21,-11,0,-3,-22,12,22,10,0,sil
29.53573155403137,17,19,13,0,0,-18,-17,-6,-14,-21,23,17,9,0,sil
29.53573155403137,17,16,14,1,-5,-17,-17,-7,-23,-22,17,12,0,1,sil
29.55179762840271,8,8,4,1,-9,-13,-14,-5,-21,-13,7,2,-1,2,sil
29.55179762840271,-5,4,0,0,0,0,-6,1,-8,8,17,-3,6,0,sil
29.56800150871277,-16,0,-9,-5,0,8,3,1,0,9,18,-10,6,-8,sil
29.56800150871277,-13,1,-7,-4,0,3,6,-3,-5,-11,-3,-17,-12,-16,sil
29.5832097530365,-8,10,-2,5,12,2,0,-1,-5,-11,-4,-11,-18,-17,sil
29.5832097530365,-13,5,-1,9,12,4,-6,7,3,6,15,0,1,-10,sil
29.59941053390503,-10,3,2,19,5,8,-9,6,6,10,13,0,10,-1,sil
29.59941053390503,0,11,9,40,16,15,-2,0,0,6,3,0,0,1,sil
29.61494398117065,-3,6,16,31,22,16,2,0,-4,11,9,7,0,0,sil
29.61494398117065,-7,-1,8,12,8,11,10,2,-3,13,4,6,1,0,sil
29.630342721939087,-7,-1,4,13,0,14,10,1,-2,4,-18,-4,-10,0,sil
29.630342721939087,-5,-9,5,12,0,10,2,-1,-1,1,-27,-11,-15,4,sil
29.645756006240845,-2,-17,-7,-4,-8,-9,1,0,2,8,-19,-14,-10,0,sil
29.645756006240845,-8,-17,-14,-20,-18,-13,-1,3,4,6,-21,-19,-12,-10,sil
29.66124272346497,-12,-17,-13,-15,-14,-1,-9,-1,-1,-1,-26,-15,-11,-3,sil
29.66124272346497,5,-8,-3,-6,-8,-1,-7,-5,-5,-4,-16,0,-1,11,sil
29.67729425430298,28,2,6,-7,-6,-5,4,0,8,0,6,12,11,19,sil
29.67729425430298,21,-2,3,-18,-6,-3,7,1,15,0,12,13,17,13,sil
29.693197011947632,0,-12,0,-22,-5,-7,-2,0,-2,-8,-5,2,6,0,sil
29.693197011947632,-4,-9,-11,-18,0,-9,0,4,5,-7,-16,-6,-2,-4,sil
29.708874702453613,-4,-9,-11,-25,-9,-4,8,5,17,-1,-15,-6,0,0,sil
29.708874702453613,0,-8,2,-30,-19,-5,1,0,0,-1,-8,2,3,2,sil
29.724039554595947,9,1,-3,-10,-4,-11,-3,-6,0,0,12,10,13,9,sil
29.724039554595947,12,12,1,2,11,-8,-6,-2,11,2,28,16,17,8,sil
29.74027895927429,11,16,9,3,10,-1,-5,-2,-1,0,21,15,7,-2,sil
29.74027895927429,8,16,-4,10,4,-8,-8,-10,-9,-11,14,7,0,-11,sil
29.75575828552246,8,22,-1,23,6,-13,-7,-1,0,-12,24,15,10,-4,sil
29.75575828552246,11,24,13,25,10,-2,2,2,-2,4,31,25,16,5,sil
29.771021604537964,9,10,14,8,8,2,5,-5,-11,1,17,10,2,5,sil
29.771021604537964,3,1,8,5,5,4,6,2,-11,-10,8,0,-1,4,sil
29.786769151687626,6,14,9,31,12,19,18,9,-4,0,14,2,0,8,sil
29.786769151687626,10,19,9,38,22,26,20,0,-2,12,10,-2,-7,6,sil
29.80184864997864,-3,1,-6,13,21,21,12,3,-1,9,2,-9,-7,0,sil
29.80184864997864,-22,-7,-13,6,9,23,10,9,5,12,-4,-16,-6,-4,sil
29.81785297393799,-18,-5,-5,20,6,25,16,5,17,25,-12,-21,-12,-6,sil
29.81785297393799,-13,-11,5,16,5,19,14,0,13,23,-22,-18,-14,-3,sil
29.833961725234985,-19,-16,0,0,3,18,13,3,13,19,-27,-16,-10,0,sil
29.833961725234985,-15,-17,-16,-15,-2,5,7,0,24,19,-19,-16,-4,1,sil
29.849154710769653,-13,-26,-6,-32,-23,-21,-24,-6,7,-4,-15,-14,-2,-1,sil
29.849154710769653,-14,-27,0,-31,-34,-28,-35,-3,-6,-17,-19,-7,-5,0,sil
29.865010261535645,-12,-16,-3,-33,-27,-23,-15,-3,-4,-18,-34,-7,-13,-6,sil
29.865010261535645,-9,-16,-4,-53,-29,-25,-19,-6,-20,-42,-40,-7,-21,-22,sil
29.88026762008667,3,-9,-5,-33,-27,-26,-22,-1,-23,-37,-5,6,-2,-17,sil
29.88026762008667,14,10,6,4,-11,-22,-14,2,-10,-10,20,23,18,-2,sil
29.89576458930969,12,17,8,6,-2,-20,-18,-3,-7,-9,15,22,19,1,sil
29.89576458930969,8,10,-1,-12,-5,-21,-27,-9,-10,-9,19,16,11,-5,sil
29.911788940429688,-1,14,6,-24,-6,-9,-29,-3,-21,-2,25,13,-1,-13,sil
29.911788940429688,-5,25,0,-1,12,5,-14,-1,-25,-9,12,4,-7,-12,sil
29.9269380569458,-1,21,0,18,16,7,-15,-1,-26,-24,-1,-8,-11,-7,sil
29.9269380569458,-4,2,7,12,-3,6,-21,4,-23,-21,-4,-12,-14,-4,sil
29.94304251670837,-12,-7,-1,7,-7,11,-2,0,-17,-9,-6,-11,-11,-2,sil
29.94304251670837,-11,-5,-2,9,-1,17,11,-1,-17,-15,-22,-15,-20,-2,sil
29.959084272384644,-1,-3,-4,17,4,17,14,3,-1,-3,-19,-14,-13,4,sil
29.959084272384644,8,-4,1,14,5,13,22,3,26,21,0,-7,6,9,sil
29.975062370300293,9,-4,2,0,3,11,29,3,32,26,7,-6,8,8,sil
29.975062370300293,3,-5,-14,1,6,10,29,-1,17,23,0,-11,0,5,sil
29.989877700805664,0,-8,-7,7,14,12,32,-1,10,18,-8,-11,1,7,sil
29.989877700805664,17,0,4,20,25,16,54,10,42,34,15,11,26,30,sil
30.004962682724,39,14,11,38,32,13,58,12,60,59,41,35,44,44,sil
30.004962682724,34,16,13,38,25,3,36,2,39,51,32,28,31,31,sil
30.02014780044556,33,1,1,30,28,0,36,-3,45,40,28,24,32,28,sil
30.02014780044556,38,-1,4,17,29,2,36,0,55,47,32,36,43,38,sil
30.03537511825561,30,9,-1,15,28,4,28,0,39,48,30,35,36,33,sil
30.03537511825561,25,10,0,23,30,-1,27,-2,24,26,29,32,30,21,sil
30.051873683929443,18,3,5,11,12,-17,10,0,10,-2,25,38,30,12,sil
30.051873683929443,19,11,-3,4,8,-21,2,-1,11,9,30,41,33,14,sil
30.066914081573486,20,20,16,10,19,-3,10,0,12,16,27,30,23,14,sil
30.066914081573486,-5,8,6,-4,1,3,-12,7,-13,-20,1,0,-3,-10,sil
30.08217978477478,-16,-4,-12,-14,-12,-15,-39,0,-22,-31,0,-10,-10,-26,sil
30.08217978477478,-30,-4,5,-35,-21,-19,-67,-4,-36,-42,-19,-20,-29,-41,sil
30.09720492362976,-63,-10,-3,-62,-47,-7,-88,-1,-68,-79,-57,-50,-71,-65,sil
30.114824771881104,-66,-21,-15,-61,-68,-10,-83,-5,-74,-87,-55,-51,-77,-62,sil
30.114824771881104,-105,-36,-16,-95,-115,-22,-127,-13,-126,-132,-100,-92,-118,-100,sil
30.114824771881104,-132,-38,-25,-113,-131,-16,-147,-16,-162,-159,-138,-132,-147,-127,sil
30.128172636032104,-125,-35,-10,-107,-116,-9,-128,-8,-149,-142,-131,-128,-140,-114,sil
30.143357515335083,-233,-68,-27,-201,-205,-20,-231,-8,-239,-242,-231,-220,-237,-199,sil
30.143357515335083,-167,-47,-44,-122,-138,-6,-147,-9,-160,-152,-165,-166,-164,-135,sil
0.029097557067871,152,41,21,168,147,31,190,10,159,197,132,118,151,149,sil
0.0447385311126709,225,59,51,216,208,45,259,21,235,269,188,190,222,215,sil
0.0447385311126709,131,36,17,129,120,36,161,11,150,163,110,114,133,134,sil
0.0593812465667724,141,40,19,123,121,20,163,2,154,160,135,131,142,139,sil
0.0593812465667724,109,21,17,68,81,3,113,1,112,108,98,103,110,100,sil
0.0593812465667724,70,5,3,37,42,-2,69,7,79,71,62,67,80,60,sil
0.0753536224365234,72,11,17,43,48,-8,60,7,82,75,73,71,83,60,sil
0.0753536224365234,39,8,5,7,27,-10,14,0,41,21,47,44,48,26,sil
0.0909225940704345,17,7,-8,-3,16,-10,-3,-4,11,-12,36,29,24,2,sil
0.0909225940704345,7,11,0,3,12,-14,-12,-1,-5,-18,22,17,2,-2,sil
0.106069803237915,-6,11,-1,5,4,-1,-22,-1,-15,-21,-5,-10,-24,-15,sil
0.1205682754516601,-9,1,5,7,1,19,-2,0,-5,-15,-14,-17,-20,-18,sil
0.1205682754516601,-27,-17,-8,-11,-14,20,0,2,-14,-12,-29,-34,-22,-26,sil
0.13576340675354,-47,-20,-27,-30,-25,13,-17,1,-31,-17,-44,-53,-35,-38,sil
0.13576340675354,-46,-1,-9,-33,-17,12,-20,11,-26,-30,-35,-43,-36,-39,sil
0.1514194011688232,-42,3,-11,-24,-11,11,-14,14,-17,-25,-26,-34,-27,-35,sil
0.1514194011688232,-41,-11,-9,-19,-24,4,-13,3,-14,1,-31,-35,-19,-19,sil
0.1670246124267578,-46,-29,-6,-43,-48,-6,-32,-2,-19,-3,-44,-40,-30,-16,sil
0.1670246124267578,-37,-29,-11,-63,-49,-20,-56,-12,-25,-34,-33,-31,-32,-27,sil
0.18217134475708,-6,-1,16,-35,-24,-27,-55,-12,-35,-39,1,6,-9,-21,sil
0.18217134475708,4,24,21,1,-14,-28,-47,-3,-46,-39,13,22,-6,-20,sil
0.1982641220092773,2,23,9,11,-15,-27,-43,-8,-56,-52,-1,3,-28,-21,sil
0.1982641220092773,-1,9,12,3,-5,-8,-26,-12,-61,-55,-19,-12,-41,-15,sil
0.2134802341461181,-17,4,4,6,-1,18,0,-5,-40,-29,-23,-13,-28,-11,sil
0.2134802341461181,-11,6,3,23,0,21,16,0,-4,1,-11,-5,-10,4,sil
0.2290859222412109,-6,-2,-3,21,-1,6,12,-1,1,1,-16,-20,-13,10,sil
0.2290859222412109,-8,-15,-10,3,-1,3,11,-2,5,5,-24,-22,-9,2,sil
0.2442574501037597,-1,-14,-4,-4,2,13,25,5,23,26,-6,1,14,11,sil
0.2442574501037597,-2,-16,-11,-14,0,9,22,-1,26,22,0,0,13,15,sil
0.2603697776794433,3,-17,-7,-11,0,-1,9,-3,25,22,4,4,14,14,sil
0.2603697776794433,26,-3,-1,0,0,-7,3,8,32,36,21,28,35,20,sil
0.2759139537811279,30,0,-1,-6,0,-14,-3,5,25,23,27,31,37,21,sil
0.2759139537811279,20,-3,2,-9,3,-18,2,-1,15,7,20,21,22,21,sil
0.291419506072998,20,0,0,-1,2,-10,11,1,15,5,12,16,17,12,sil
0.291419506072998,27,5,6,1,8,0,6,6,21,-1,10,17,16,-1,sil
0.3073155879974365,22,7,3,7,16,0,0,8,20,-1,22,19,13,0,sil
0.3073155879974365,8,12,0,17,15,-5,3,5,13,9,32,20,11,3,sil
0.3223311901092529,8,25,8,22,22,0,14,3,16,8,28,14,10,1,sil
0.3223311901092529,12,29,9,25,28,5,9,0,20,3,27,5,10,0,sil
0.3382341861724853,10,20,11,25,16,0,-1,0,13,14,29,8,9,0,sil
0.3382341861724853,-9,6,0,8,10,0,-3,-1,-11,5,0,-4,-10,-9,sil
0.3535249233245849,-32,-7,-15,-10,6,7,-3,-7,-41,-25,-36,-36,-36,-27,sil
0.3535249233245849,-23,-11,-7,-1,-4,12,0,-1,-39,-25,-32,-29,-31,-17,sil
0.3693861961364746,-11,-7,-2,12,-4,18,6,1,-24,-8,-20,-14,-22,-1,goodbye
0.3693861961364746,-17,-11,0,7,2,23,12,-3,-22,-2,-31,-22,-26,-5,goodbye
0.3849921226501465,-18,-15,-6,-1,-3,25,17,2,-7,12,-24,-20,-11,-2,goodbye
0.3849921226501465,-12,-9,-5,2,-5,28,26,8,12,31,-8,-10,4,16,goodbye
0.4010772705078125,-6,-6,0,10,3,21,30,0,13,31,-14,-10,4,23,goodbye
0.4010772705078125,-4,-13,-9,-5,-8,0,12,-7,8,17,-25,-13,6,4,goodbye
0.416541576385498,-3,-13,-9,-38,-28,-18,-9,-5,12,0,-12,-5,11,-4,goodbye
0.416541576385498,4,0,6,-35,-23,-26,-19,-2,9,-11,7,11,14,6,goodbye
0.4323675632476806,21,11,16,-6,-16,-27,-30,-4,-3,-14,12,23,16,11,goodbye
0.4323675632476806,29,9,14,-8,-19,-18,-29,0,-2,-13,12,26,14,2,goodbye
0.4481270313262939,8,-6,-4,-32,-19,-19,-21,0,4,-19,15,19,2,-8,goodbye
0.4481270313262939,-7,-10,-10,-30,-12,-25,-25,-1,-6,-23,12,4,-10,-10,goodbye
0.4641377925872803,1,5,2,5,0,-15,-16,-3,-15,-15,6,-2,-2,-4,goodbye
0.4641377925872803,8,10,7,18,6,-6,-5,-4,-9,-18,10,4,6,-10,goodbye
0.4795658588409424,0,7,3,1,10,-7,-11,0,-8,-24,20,15,0,-12,goodbye
0.4795658588409424,-1,9,-1,2,14,2,-5,3,-2,-4,21,15,-1,0,goodbye
0.4952898025512695,6,9,8,23,11,11,6,7,9,12,13,13,4,7,goodbye
0.4952898025512695,6,7,10,33,9,8,4,6,8,6,5,6,2,3,goodbye
0.5103006362915039,-6,6,-5,20,16,5,-5,0,-3,-1,-3,-4,-9,-1,goodbye
0.5103006362915039,-8,2,-4,7,14,6,-5,-1,-3,1,-2,-2,-9,0,goodbye
0.526278018951416,0,0,4,13,2,7,9,1,7,13,8,3,1,7,goodbye
0.526278018951416,-2,0,1,10,0,7,18,3,7,13,-3,-4,0,5,goodbye
0.5422539710998535,-19,-6,-7,-6,3,5,13,4,-6,2,-24,-21,-12,-2,goodbye
0.5422539710998535,-19,-5,-11,-6,-2,7,9,0,-15,0,-23,-29,-17,-8,goodbye
0.5576996803283691,-4,0,-3,9,-5,12,13,0,-13,0,-14,-18,-11,-7,goodbye
0.5576996803283691,0,-1,-6,10,1,13,15,1,-5,3,-16,-11,-4,-8,goodbye
0.5732731819152832,-6,-8,-8,-6,0,14,14,0,6,13,-15,-20,0,-10,goodbye
0.5732731819152832,-7,-12,-4,-15,-5,14,9,0,18,25,-6,-18,7,-1,goodbye
0.5886216163635254,-1,-13,0,-15,-2,4,-1,-2,12,16,-5,-7,9,2,goodbye
0.5886216163635254,0,-11,1,-20,2,-7,-1,-7,0,-1,-10,-12,1,0,goodbye
0.603905439376831,2,-9,-8,-28,0,-11,7,-1,12,0,-9,-14,-6,0,goodbye
0.603905439376831,11,-9,-7,-32,-6,-18,0,6,20,0,-4,3,-1,4,goodbye
0.6199400424957275,22,0,4,-27,-7,-20,-12,1,13,-9,4,22,12,8,goodbye
0.6199400424957275,24,16,9,-6,-4,-13,-15,-6,7,-11,20,27,14,13,goodbye
0.6353404521942139,23,22,14,6,0,-10,-19,-2,-6,-19,27,34,5,9,goodbye
0.6353404521942139,13,16,9,0,2,-8,-15,0,-20,-23,18,30,0,0,goodbye
0.65140700340271,-7,11,8,0,0,-1,-6,-3,-19,-10,7,8,0,-1,goodbye
0.65140700340271,-11,12,17,36,2,7,0,1,-14,0,8,5,0,5,goodbye
0.6664385795593262,0,10,12,60,6,15,15,8,-9,11,12,15,3,8,goodbye
0.6664385795593262,-2,-1,5,36,2,20,27,2,-1,18,2,3,0,8,goodbye
0.6821181774139404,-12,-15,-6,6,-3,19,26,-1,7,16,-5,-6,3,5,goodbye
0.6821181774139404,-9,-18,-9,0,-6,14,19,1,11,15,2,0,15,2,goodbye
0.6974048614501953,-5,-15,-5,-2,-7,0,-2,3,10,12,2,-1,17,4,goodbye
0.7132940292358398,-1,-15,-13,-12,-9,-21,-32,-5,5,-5,-9,-3,7,1,goodbye
0.7132940292358398,9,-10,-12,-17,-8,-22,-34,-10,0,-16,0,8,7,-1,goodbye
0.7132940292358398,9,1,-4,-8,0,-17,-18,-3,0,-10,21,10,6,-6,goodbye
0.7293198108673096,-10,11,-1,-13,0,-21,-19,0,-6,-21,8,-2,-13,-26,goodbye
0.7303187847137451,-18,15,-5,-18,-1,-17,-22,0,-24,-36,-13,-15,-30,-42,goodbye
0.7451436519622803,-5,18,-2,4,9,-1,-13,0,-24,-19,-9,-21,-20,-30,goodbye
0.7605471611022949,-4,17,5,19,21,6,-4,0,-5,1,-1,-19,-13,-10,goodbye
0.7605471611022949,-13,7,-2,7,15,11,6,0,0,0,-19,-20,-29,-5,goodbye
0.7605471611022949,-8,0,-2,3,9,23,20,1,-7,0,-29,-24,-29,0,goodbye
0.7766389846801758,6,3,12,14,10,27,32,6,-2,20,0,-5,4,23,goodbye
0.7766389846801758,17,1,12,15,5,15,31,6,14,36,20,15,24,35,goodbye
0.7923119068145752,7,-13,6,-8,-1,5,10,1,17,24,-1,3,11,15,goodbye
0.7923119068145752,-6,-20,-1,-25,-6,7,6,0,17,16,-15,-12,0,3,goodbye
0.8075776100158691,-4,-12,-7,-13,-14,0,22,0,22,14,-8,-5,-2,12,goodbye
0.8075776100158691,3,-8,-5,-5,-18,-3,17,0,15,2,-12,-4,0,11,goodbye
0.8244767189025879,4,-5,-7,-8,-13,1,0,0,8,-2,-13,-7,6,0,goodbye
0.8244767189025879,1,-1,-7,-9,-7,0,-3,-1,11,-3,-2,4,10,0,goodbye
0.8394830226898193,2,-5,-5,-10,-3,-10,-6,0,12,-6,0,13,8,5,goodbye
0.8394830226898193,8,-9,-2,-11,-3,-16,-15,0,5,-5,3,15,7,3,goodbye
0.8555309772491455,17,2,10,-5,0,-21,-19,0,0,0,18,25,13,-3,goodbye
0.8555309772491455,18,14,9,4,9,-14,-19,0,-1,2,35,30,21,-5,goodbye
0.8713061809539795,13,14,7,9,13,-5,-18,0,-20,-1,39,27,18,-2,goodbye
0.8713061809539795,6,9,3,4,3,-9,-9,-1,-34,-14,33,28,11,0,goodbye
0.8859493732452393,-1,4,2,0,-1,-14,-8,-1,-28,-24,17,17,5,-8,goodbye
0.8859493732452393,-8,10,7,14,6,-7,-12,-1,-16,-25,-5,-5,-9,-15,goodbye
0.9024736881256104,-9,18,3,26,6,5,0,-1,0,-6,-10,-14,-17,-5,goodbye
0.9024736881256104,-16,6,-1,10,-4,15,10,-1,2,0,-4,-8,-11,0,goodbye
0.916924238204956,-23,-10,-7,0,-4,14,3,-3,-17,-15,-19,-18,-19,-11,goodbye
0.9324486255645752,-19,-6,-10,9,6,10,10,-4,-22,-12,-38,-39,-35,-21,goodbye
0.9324486255645752,-11,1,1,7,13,22,18,0,-7,3,-32,-33,-30,-13,goodbye
0.948434829711914,-4,-4,1,-7,7,28,11,2,5,9,-13,-14,-14,3,goodbye
0.948434829711914,-2,-12,0,-5,0,13,4,0,7,13,-9,-13,-5,12,goodbye
0.9644744396209716,-8,-10,3,10,-7,2,-3,2,1,15,-14,-18,-3,7,goodbye
0.9644744396209716,-9,-12,-7,7,-14,6,-4,-1,3,10,-11,-13,0,1,goodbye
0.9644744396209716,-1,-23,-12,-17,-16,4,7,-8,12,8,-8,-6,6,1,goodbye
0.980137586593628,0,-23,-11,-24,-13,-3,17,1,24,10,-17,-6,6,8,goodbye
0.9953458309173584,0,-12,-10,-16,-11,-6,13,11,27,10,-14,0,4,13,goodbye
0.9953458309173584,17,0,0,-6,-1,-8,0,8,17,9,8,18,16,16,goodbye
1.0109364986419678,26,14,8,0,8,-13,-5,4,21,12,33,33,34,17,goodbye
1.0109364986419678,17,20,16,-1,7,-18,0,6,36,23,49,36,41,14,goodbye
1.026463270187378,12,13,7,-2,0,-16,-1,2,27,23,51,27,33,8,goodbye
1.026463270187378,13,10,2,3,-2,-18,-19,-7,-3,-4,29,13,12,0,goodbye
1.0419971942901611,11,14,5,7,0,-21,-25,-7,-14,-19,13,12,0,-6,goodbye
1.0419971942901611,13,15,1,7,7,-17,-11,-2,-12,-11,21,17,6,-9,goodbye
1.057837963104248,9,10,3,-1,9,-10,-11,1,-25,-15,16,16,0,-5,goodbye
1.057837963104248,1,8,4,0,6,-4,-7,2,-19,-14,-2,7,-13,-3,goodbye
1.0731770992279053,4,13,7,20,7,7,6,1,-2,-5,-7,0,-11,-5,goodbye
1.0731770992279053,8,16,8,17,6,12,2,-3,-16,-18,-7,-2,-11,-7,goodbye
1.0891807079315186,0,7,-3,-2,-3,0,-9,-7,-33,-28,-15,-7,-25,-11,goodbye
1.0891807079315186,-13,-3,-2,-10,-3,0,-4,-4,-26,-21,-24,-16,-30,-10,goodbye
1.1051504611968994,-22,-13,0,-10,5,16,8,0,-18,-13,-26,-23,-18,-8,sil
1.1051504611968994,-22,-14,-3,-7,8,28,9,0,-15,-8,-26,-20,-13,-10,sil
1.1204357147216797,-18,-7,0,2,5,20,6,0,-10,-1,-22,-19,-19,-7,sil
1.1204357147216797,-20,-12,-5,7,1,10,6,-3,-12,6,-19,-25,-19,-3,sil
1.1363136768341064,-19,-20,-9,3,-3,16,6,-3,-19,7,-14,-23,-9,-3,sil
1.1363136768341064,-15,-14,-7,2,-3,25,16,2,-1,11,-7,-17,0,2,sil
1.1513795852661133,-14,-13,-10,0,-1,14,25,1,25,20,-8,-15,2,9,sil
1.1513795852661133,-16,-20,-10,-9,-4,-1,12,2,34,19,-12,-15,6,2,sil
1.167290210723877,-6,-18,-11,-6,-9,-2,2,6,39,17,-1,-11,14,-3,sil
1.167290210723877,5,-9,-1,-3,-10,-5,1,6,42,22,14,5,24,5,sil
1.1825120449066162,13,0,1,-7,-11,-20,-3,8,37,22,19,19,23,18,sil
1.1825120449066162,17,7,0,-5,-9,-19,-6,4,29,12,9,18,13,15,sil
1.1980457305908203,20,12,11,3,0,-3,-8,-5,9,-4,2,19,9,5,sil
1.1980457305908203,20,18,12,14,5,-2,-12,-10,-9,-7,17,27,10,2,sil
1.2132813930511477,23,21,8,7,2,-13,-6,-2,-4,0,24,26,10,6,sil
1.2132813930511477,22,9,4,-6,-4,-9,4,6,6,-1,5,17,6,6,sil
1.2286577224731443,15,0,-2,-9,-3,-5,-2,0,-3,-12,0,11,3,2,sil
1.2286577224731443,15,3,5,-9,0,-10,-13,-1,-16,-9,21,22,9,5,sil
1.244781255722046,19,13,11,-1,2,-7,-2,4,-6,5,32,33,17,13,sil
1.244781255722046,8,15,4,9,2,-4,-1,-1,-7,-2,7,12,0,2,sil
1.2604117393493652,-16,2,-4,4,0,-11,-18,-10,-28,-26,-20,-21,-30,-20,sil
1.2604117393493652,-29,-13,-12,-15,-2,-12,-21,-2,-34,-26,-10,-22,-29,-28,sil
1.2763161659240725,-23,-5,-5,-16,1,-4,-11,0,-26,-9,9,1,-9,-18,sil
1.2763161659240725,-9,13,0,11,3,0,-4,-3,-18,-2,0,2,-5,-9,sil
1.2923812866210938,0,20,6,33,4,0,0,-1,-10,-8,-6,-9,-6,-1,sil
1.2923812866210938,0,12,10,22,10,8,4,5,-10,-7,0,-10,-5,2,sil
1.3082594871520996,-9,-5,-7,0,7,11,5,2,-11,1,-10,-18,-15,0,sil
1.3082594871520996,-9,-17,-9,0,3,4,5,1,1,7,-19,-26,-14,-3,sil
1.324392557144165,0,-1,4,20,6,11,14,2,20,13,-1,-15,5,0,sil
1.324392557144165,3,8,11,24,7,22,19,-3,11,14,5,-6,9,2,sil
1.3400323390960691,-3,-6,3,0,1,21,15,0,-1,8,-4,-7,4,5,sil
1.3400323390960691,-1,-22,-10,-17,-1,20,16,3,19,15,-4,-2,17,13,sil
1.3553712368011477,0,-17,-5,-15,-1,22,18,2,40,21,-1,3,19,15,sil
1.3553712368011477,-5,-11,-1,-5,0,14,13,1,28,14,-8,-2,0,4,sil
1.3708806037902832,-11,-14,-6,-5,3,7,6,-1,13,4,-17,-17,-10,-8,sil
1.3708806037902832,-15,-21,-13,-29,0,4,3,-3,10,0,-27,-25,-11,-9,sil
1.3869874477386477,-11,-18,-20,-44,-12,-8,-1,0,12,0,-30,-19,-6,-2,sil
1.3869874477386477,-2,-8,-10,-32,-14,-23,-15,1,7,-2,-14,0,0,1,sil
1.4031054973602295,5,0,1,-16,-11,-26,-18,-1,0,-10,5,18,5,5,sil
1.4031054973602295,18,10,4,-4,-13,-25,-14,-9,-1,-17,23,34,9,7,sil
1.4191758632659912,22,21,10,5,-10,-27,-22,-9,-14,-28,31,35,7,-5,sil
1.4191758632659912,10,25,10,14,-3,-27,-28,-1,-37,-29,20,15,-5,-17,sil
1.4343376159667969,6,22,14,21,0,-16,-18,1,-39,-15,15,13,-6,-6,sil
1.4343376159667969,16,20,15,26,0,-2,-4,3,-16,-6,26,22,2,8,sil
1.4503817558288574,15,21,9,25,4,5,2,4,-13,-9,19,12,-4,4,sil
1.4503817558288574,-3,14,7,32,12,10,5,8,-28,-6,-6,-3,-17,-6,sil
1.4660465717315674,-9,0,1,42,8,20,12,6,-13,13,-18,-10,-9,-6,sil
1.4660465717315674,0,-1,7,29,8,28,24,8,22,42,-1,0,11,8,sil
1.4811935424804688,7,2,6,11,15,20,24,11,38,49,13,10,25,25,sil
1.4811935424804688,6,-1,-2,3,9,4,8,0,21,26,3,0,17,18,sil
1.4972901344299316,3,-9,0,-2,-2,1,-2,-7,9,9,-7,-8,5,3,sil
1.4972901344299316,0,-19,-5,-18,-1,0,-1,-5,23,7,-5,-4,3,0,sil
1.513277292251587,-6,-29,-12,-40,-8,-16,-9,-6,21,-4,-1,-3,2,0,sil
1.513277292251587,-10,-25,-10,-40,-21,-19,-18,-2,0,-11,4,-4,0,-6,sil
1.5283520221710205,-4,-6,-9,-16,-8,-8,-11,0,-2,-6,11,-1,5,-10,sil
1.5283520221710205,0,7,0,-8,10,-4,-5,-5,-4,-18,2,0,1,-12,sil
1.5442326068878174,-6,10,-1,-12,10,-5,-3,-6,-17,-25,-5,-3,-18,-16,sil
1.5442326068878174,-17,6,-7,0,6,2,0,-5,-27,-21,-9,-10,-30,-19,sil
1.5593492984771729,-12,11,-4,19,12,14,6,-2,-24,-19,-13,-15,-20,-14,sil
1.5593492984771729,-3,15,0,24,16,18,13,0,-11,-12,-17,-22,-12,-5,sil
1.5752716064453125,-16,-4,-2,2,3,21,16,1,-5,0,-26,-27,-17,-1,sil
1.5752716064453125,-23,-25,-13,-10,-12,23,22,5,0,13,-32,-23,-5,3,sil
1.5909428596496582,0,-13,-8,-1,-3,17,27,7,19,27,-9,-7,18,18,sil
1.5909428596496582,15,0,0,-7,3,3,16,8,27,24,8,1,21,26,sil
1.606330394744873,7,-9,-11,-33,-19,-12,-2,4,15,8,-4,0,9,14,sil
1.606330394744873,1,-14,-1,-35,-30,-22,-15,2,5,-1,-6,11,9,4,sil
1.6225385665893557,10,0,13,-12,-15,-22,-16,-1,5,-6,18,25,11,11,sil
1.6225385665893557,16,9,7,-8,-6,-20,-23,-7,0,-12,24,21,3,4,sil
1.637963056564331,8,3,2,-16,-8,-19,-31,-5,-8,-13,10,13,-3,-16,sil
1.637963056564331,0,1,7,-1,0,-14,-23,0,-2,-2,13,12,-3,-18,sil
1.653444528579712,2,15,16,19,11,-8,-11,1,2,6,17,16,0,-2,sil
1.653444528579712,9,22,12,25,13,0,-2,-4,-10,0,12,9,-3,-3,sil
1.6693975925445557,3,13,11,28,14,5,0,-4,-24,-13,10,-2,-10,-14,sil
1.6693975925445557,2,8,16,37,17,9,0,1,-19,-13,3,-1,-6,-6,sil
1.6849286556243896,13,9,7,44,14,13,8,0,-5,6,-2,4,3,11,sil
1.6849286556243896,9,8,4,36,15,23,18,-2,1,16,-1,4,5,10,sil
1.700321912765503,-7,5,0,21,16,26,24,2,7,11,-4,-4,-1,-5,sil
1.700321912765503,-12,-4,-8,9,4,11,20,1,10,6,-12,-8,-4,-7,sil
1.716249704360962,-4,-13,-9,0,-6,-1,16,-3,2,2,-13,0,-2,2,sil
1.716249704360962,2,-7,-9,-1,-10,-2,18,-1,1,4,-9,0,2,11,sil
1.7323708534240725,3,-3,0,-6,-12,-1,7,4,11,8,0,2,17,17,sil
1.7323708534240725,0,-7,3,-3,-12,-6,-5,11,25,14,11,12,31,17,sil
1.7481682300567627,0,-12,-5,-3,-14,-13,-4,3,27,11,12,8,22,4,sil
1.7481682300567627,0,-13,-4,-21,-20,-12,-10,-2,18,-1,18,6,9,0,sil
1.7630798816680908,5,-1,-2,-27,-11,-12,-26,-4,5,-10,30,25,9,8,sil
1.7630798816680908,16,16,5,-19,0,-21,-36,-6,-14,-14,24,31,5,8,sil
1.7785148620605469,12,19,9,-13,0,-21,-26,-4,-25,-19,9,9,-8,-4,sil
1.7785148620605469,0,15,-1,-6,2,-4,-7,-4,-23,-19,2,-7,-22,-12,sil
1.7937607765197754,-16,8,-15,-6,8,6,-6,-5,-34,-24,-22,-21,-40,-18,sil
1.7937607765197754,-28,-7,-27,-12,11,18,-8,-1,-38,-23,-53,-49,-49,-30,sil
1.808964252471924,-28,-8,-19,-7,19,32,13,9,-16,-2,-48,-58,-29,-23,sil
1.808964252471924,-25,-4,-13,-3,19,27,33,11,-2,10,-32,-43,-14,-5,sil
1.8242700099945068,-32,-24,-21,-16,0,16,22,0,-7,4,-46,-46,-22,-9,sil
1.841296911239624,-28,-31,-13,-23,-4,19,15,3,3,10,-48,-48,-14,-11,sil
1.841296911239624,-2,-17,0,-11,6,18,29,13,36,33,-16,-29,9,4,sil
1.841296911239624,9,-20,1,-16,-6,-2,17,4,34,28,-2,-12,15,6,sil
1.857285499572754,2,-25,-4,-32,-28,-19,-12,-1,5,1,-2,0,12,0,sil
1.857285499572754,8,-14,0,-17,-17,-23,-17,0,7,-3,25,31,29,11,sil
1.8714630603790283,28,0,27,7,-4,-19,-2,-3,23,4,51,59,41,23,sil
1.8714630603790283,36,22,38,25,-10,-11,5,-6,26,13,47,52,34,21,sil
1.887064933776856,28,36,27,40,-2,0,10,-3,19,9,46,44,25,17,sil
1.887064933776856,25,31,24,41,14,1,5,-3,6,0,43,54,17,16,sil
1.9022283554077148,31,26,25,29,15,-10,-6,-7,1,2,29,53,7,15,sil
1.91913652420044,22,29,26,33,13,-17,-14,-4,3,7,27,32,8,10,sil
1.91913652420044,0,17,7,36,5,-10,-12,-1,-9,-6,18,4,7,0,sil
1.91913652420044,-12,0,-6,7,-9,-5,-17,-7,-29,-37,-4,-4,-14,-16,sil
1.9342072010040283,-12,-5,-10,-11,-13,-6,-22,-7,-25,-45,-11,0,-28,-23,sil
1.9342072010040283,-14,4,-18,4,-7,0,-11,0,-13,-15,-7,-7,-16,-18,sil
1.9496245384216309,-14,10,-11,17,4,15,0,4,-16,6,-13,-19,-10,-12,sil
1.9657881259918213,-9,0,-6,7,18,16,5,0,-13,3,-13,-19,-17,-7,sil
1.9657881259918213,-6,-8,-8,-2,14,8,6,0,-9,0,-14,-16,-15,0,sil
1.9806795120239256,-4,-3,-6,-4,3,7,-1,3,-18,-8,-22,-9,-12,0,sil
1.9806795120239256,-7,-11,-17,-15,-2,3,-12,0,-18,-10,-27,-23,-20,-16,sil
1.9972779750823968,-17,-26,-20,-28,-11,0,-10,0,-4,0,-31,-38,-17,-15,sil
1.9972779750823968,-15,-14,-8,-12,-7,4,3,6,7,9,-18,-19,0,6,sil
1.9972779750823968,-2,6,4,5,12,9,10,8,14,14,3,1,10,14,sil
2.02293062210083,1,7,9,-2,14,6,8,5,18,21,5,0,9,10,sil
2.02293062210083,6,-3,2,-8,1,0,11,2,13,16,0,-2,8,10,sil
2.02293062210083,5,-11,0,-12,-4,-9,8,0,-1,-2,-8,-5,0,3,sil
2.042331457138061,-3,-10,-9,-24,-9,-3,5,2,-1,-5,-12,-13,-2,-6,sil
2.042331457138061,-3,-6,-11,-24,-12,4,8,0,12,7,2,-7,12,0,sil
2.057535409927368,2,-7,3,-15,-7,0,4,0,10,5,10,2,16,4,sil
2.057535409927368,1,-1,1,-6,-6,-1,4,4,10,2,6,2,10,1,sil
2.073326349258423,7,12,6,1,-3,0,9,3,22,13,21,10,16,7,sil
2.073326349258423,20,8,15,5,2,-1,2,0,19,17,32,21,23,18,sil
2.0889792442321777,21,-1,6,9,4,0,-1,-3,6,6,16,16,14,16,sil
2.0889792442321777,10,2,1,11,6,0,7,0,3,-1,4,7,-2,6,sil
2.10411024093628,0,1,-1,6,1,-2,12,0,6,-4,3,2,-11,0,sil
2.10411024093628,-10,-6,0,0,-6,-8,0,-3,0,-3,0,7,0,-3,sil
2.119546413421631,-11,0,0,5,-4,-9,-13,-7,-10,1,-3,9,4,-3,sil
2.119546413421631,-2,4,-1,9,3,-4,-13,-7,-11,0,-4,1,-4,-1,sil
2.135500192642212,2,0,4,4,5,1,-8,-2,-10,-16,-4,0,-9,-2,sil
2.135500192642212,0,1,4,4,2,0,-9,-4,-22,-23,-7,-3,-13,-12,sil
2.151064395904541,-5,4,-2,0,0,-5,-14,-7,-28,-22,-10,-10,-18,-21,sil
2.151064395904541,-14,-2,-9,-9,-5,0,-11,-1,-10,-17,-12,-14,-20,-18,sil
2.166723728179932,-17,-5,-8,-8,0,2,-5,3,1,-5,-18,-16,-18,-15,sil
2.166723728179932,-9,5,7,2,7,6,-6,5,-9,0,-13,-4,-10,-10,sil
2.182036638259888,5,13,11,11,5,10,-6,9,-9,0,7,5,-4,0,sil
2.182036638259888,13,8,7,12,0,3,-5,2,-1,-1,13,6,-3,2,sil
2.1971023082733154,6,2,2,2,0,-3,-3,-1,-5,-1,1,5,0,-1,sil
2.1971023082733154,-8,0,-8,-1,-1,-4,-2,-4,-4,1,-3,0,4,0,sil
2.213106632232666,-14,-3,-1,0,-3,0,-2,-4,1,3,-2,-3,2,7,sil
2.213106632232666,-7,-3,1,0,0,6,6,2,6,6,-4,-3,4,4,sil
2.22843337059021,-6,1,-4,-1,2,3,11,5,1,3,-5,-3,-1,-6,sil
2.22843337059021,0,6,-3,5,2,0,6,1,5,5,3,3,0,0,sil
2.2439615726470947,17,2,0,9,1,4,13,2,19,22,17,12,23,15,sil
2.2439615726470947,19,-5,0,1,-2,8,23,8,16,18,11,7,22,13,sil
2.259990930557251,6,-3,-5,1,-3,2,24,3,12,2,-1,-2,0,8,sil
2.259990930557251,0,-5,-6,-4,0,1,15,-2,20,10,-4,-4,1,11,sil
2.2753281593322754,4,-13,2,-15,0,4,8,1,19,14,0,0,12,15,sil
2.2753281593322754,13,-2,4,-1,0,3,13,4,14,0,2,0,12,17,sil
2.290952682495117,8,5,3,0,0,-2,4,1,7,-9,1,1,8,10,sil
2.290952682495117,-9,-9,-7,-20,-6,-9,-21,-1,-9,-5,0,0,1,-1,sil
2.306363105773926,-8,-11,-6,-9,-7,-13,-24,-5,-12,2,8,-1,1,-3,sil
2.306363105773926,10,8,18,13,0,-15,-7,-2,0,4,18,8,13,5,sil
2.3225135803222656,11,1,8,0,-3,-22,-8,0,0,-4,7,7,9,3,sil
2.3225135803222656,0,-16,-13,-31,-13,-27,-23,-8,-21,-23,-6,-2,-9,-14,sil
2.337649345397949,6,0,-1,-17,-2,-13,-21,-2,-18,-18,2,2,-6,-19,sil
2.337649345397949,18,19,15,17,14,10,-4,4,3,8,19,15,9,0,sil
2.353271961212158,7,12,10,17,10,11,0,1,-1,8,9,7,0,6,sil
2.353271961212158,-5,7,-2,2,2,3,-2,-2,-19,-9,-1,-3,-12,-7,sil
2.3684589862823486,-6,18,0,14,5,11,0,-1,-16,-12,0,0,-14,-13,sil
2.383890151977539,-16,12,-6,19,3,13,-2,-1,-14,-15,-8,-4,-21,-14,goodbye
2.383890151977539,-23,5,-9,8,2,7,-5,-3,-22,-18,-14,-8,-24,-17,goodbye
2.383890151977539,-9,16,8,15,11,18,8,-2,-17,-3,-5,0,-13,-11,goodbye
2.3994665145874023,-11,7,1,18,10,26,22,0,-3,7,-12,-11,-13,-7,goodbye
2.3994665145874023,-32,-16,-16,-5,1,17,20,1,2,3,-26,-32,-20,-12,goodbye
2.414649486541748,-26,-15,-13,-11,3,6,17,4,8,3,-20,-25,-16,-8,goodbye
2.414649486541748,-9,-9,-7,-3,-3,-9,6,3,13,5,-21,-19,-12,-2,goodbye
2.430241823196411,-12,-27,-8,-24,-21,-21,-13,0,10,-3,-30,-22,-11,-7,goodbye
2.430241823196411,-8,-31,-6,-34,-15,-9,-11,-1,15,0,-15,-8,0,0,goodbye
2.445411205291748,14,-9,8,-2,3,2,5,5,33,20,6,18,17,23,goodbye
2.461456537246704,28,-1,16,9,-2,1,10,14,38,26,12,24,26,32,goodbye
2.461456537246704,20,0,7,-1,-11,0,3,5,23,15,18,14,29,23,goodbye
2.4771857261657715,15,8,9,1,0,0,-3,-5,9,9,22,14,30,19,goodbye
2.478186845779419,22,6,7,10,3,-1,0,-2,10,10,11,12,29,18,goodbye
2.478186845779419,25,0,6,2,0,-1,8,0,-5,0,8,10,16,7,goodbye
2.4933013916015625,12,5,3,2,2,0,4,-2,-33,-15,14,11,-4,-1,goodbye
2.509331226348877,-1,18,-5,12,0,0,-2,-4,-26,-13,12,5,-5,0,goodbye
2.509331226348877,-1,14,7,8,2,-2,-4,0,0,2,13,8,10,4,goodbye
2.525010347366333,0,0,2,-5,6,-8,-8,-1,0,8,9,11,6,1,goodbye
2.525010347366333,-10,-9,-15,-23,-11,-15,-18,-8,-13,-2,0,-1,-6,-9,goodbye
2.525010347366333,-10,-2,-9,-21,-25,-7,-9,-2,-14,-6,1,-1,0,-7,goodbye
2.540055751800537,0,1,-2,-4,-7,-1,4,0,-2,2,6,8,0,0,goodbye
2.540055751800537,-3,-3,-5,-5,3,-6,-6,-4,0,1,1,2,-10,-2,goodbye
2.5551979541778564,-4,-5,-6,-12,0,-7,-19,-2,-5,-16,-1,-7,-12,-13,goodbye
2.571295976638794,7,1,0,-4,2,-1,-7,2,-12,-33,-5,-4,-11,-15,goodbye
2.571295976638794,14,13,10,7,12,7,13,5,1,-16,0,8,-4,-2,goodbye
2.588896989822388,13,17,8,18,11,13,18,6,22,11,13,7,1,4,goodbye
2.588896989822388,2,3,2,11,2,0,-4,0,7,-1,-1,-12,-11,-8,goodbye
2.588896989822388,-11,-6,-6,0,1,-11,-20,-5,-15,-19,-20,-28,-19,-19,goodbye
2.602010488510132,-14,2,-7,7,9,5,-8,0,-6,-3,-10,-21,-6,-10,goodbye
2.617180347442627,0,13,4,16,11,17,3,4,8,10,2,-2,0,0,goodbye
2.617180347442627,6,8,3,14,5,7,10,4,10,12,3,1,3,5,goodbye
2.633284330368042,-10,0,0,13,2,1,10,2,-5,3,-8,-9,0,0,goodbye
2.633284330368042,-26,-7,-6,7,1,3,5,-1,-17,-5,-20,-16,-12,-11,goodbye
2.6490578651428223,-18,-15,-10,-10,-4,6,4,-5,0,7,-5,4,-3,-4,goodbye
2.6490578651428223,-9,-7,2,-16,0,13,11,1,20,23,12,21,19,16,goodbye
2.664741277694702,0,4,3,7,12,15,19,3,17,22,4,6,22,23,goodbye
2.664741277694702,10,-3,3,13,5,4,14,1,1,10,-11,-4,8,14,goodbye
2.680365800857544,0,-16,-3,-11,-19,-10,-4,0,-7,-4,-17,-4,-5,2,goodbye
2.680365800857544,-10,-8,-5,-15,-18,-14,-16,-6,-11,-10,-16,-7,-12,-10,goodbye
2.695929765701294,3,5,11,6,0,-5,-8,-4,-6,-6,-8,-1,-5,-5,goodbye
2.695929765701294,18,9,12,11,-1,0,0,3,3,-3,1,8,4,8,goodbye
2.712561845779419,11,6,3,0,-4,0,-4,2,8,-1,7,12,8,3,goodbye
2.712561845779419,6,1,1,-5,1,0,-4,2,3,3,11,11,10,-1,goodbye
2.7281572818756104,7,-2,0,-5,-2,-7,-4,1,0,6,8,0,9,2,goodbye
2.7281572818756104,2,-2,4,-7,-2,-3,-7,-2,-3,1,1,-7,2,0,goodbye
2.743443012237549,2,-4,0,-2,2,7,1,-5,-9,-3,0,-5,-4,-6,goodbye
2.743443012237549,-2,-12,-12,-3,-6,0,3,-3,-15,-15,-7,-8,-8,-5,goodbye
2.759110450744629,-14,-14,-19,-14,-13,-10,-3,4,-7,-16,-17,-14,-11,-4,goodbye
2.759110450744629,-10,-6,-17,-15,-3,0,3,5,11,7,4,-2,-3,-1,goodbye
2.774364948272705,0,-6,0,-5,0,1,9,0,13,15,26,12,10,5,goodbye
2.774364948272705,3,-4,4,1,0,-4,2,-1,14,3,12,11,10,11,goodbye
2.790940999984741,8,3,1,-2,5,3,4,1,26,12,11,16,4,19,goodbye
2.792445659637451,11,2,1,-11,6,4,2,0,21,17,29,19,0,17,goodbye
2.805892944335937,0,0,-3,-6,0,-7,-10,-4,-5,-12,8,-1,-17,-5,goodbye
2.805892944335937,0,9,7,3,-1,-4,-9,-3,-15,-30,-10,-2,-33,-12,goodbye
2.822413921356201,12,16,13,7,0,4,6,2,2,-3,11,18,-16,5,goodbye
2.822413921356201,10,13,8,6,7,0,6,1,7,14,16,14,-7,6,goodbye
2.8383378982543945,-2,12,2,3,11,-9,-5,-4,-10,1,-7,-2,-39,-10,goodbye
2.8383378982543945,-7,9,-2,0,0,-12,-9,-6,-20,-12,-13,-3,-20,-18,goodbye
2.853923797607422,-2,14,5,2,-4,-6,-9,0,-18,-14,-8,0,78,-11,goodbye
2.853923797607422,0,21,8,13,4,-2,-2,4,-7,-9,-6,-5,118,-4,goodbye
2.86979079246521,-3,15,1,19,10,1,2,0,0,-5,-4,-11,37,-8,goodbye
2.86979079246521,-7,9,0,20,13,9,0,0,-7,0,0,-1,-22,-6,goodbye
2.884669065475464,-4,6,-5,21,8,3,-6,0,-11,8,0,0,-10,0,goodbye
2.884669065475464,-7,-8,-7,8,-3,-4,-10,0,-8,2,-12,-14,-13,-1,goodbye
2.9002954959869385,-15,-22,-9,-2,-6,9,-5,0,-8,0,-25,-28,-33,-10,goodbye
2.9002954959869385,-14,-20,-11,7,-2,25,11,-2,-9,7,-15,-29,-29,-9,goodbye
2.915344953536988,-7,-15,-4,13,-5,20,18,-3,-6,6,-7,-19,-20,0,goodbye
2.915344953536988,-2,-20,-6,-4,-8,8,16,3,8,2,-16,-7,-15,8,goodbye
2.9313836097717285,-3,-30,-6,-27,-7,2,17,6,22,0,-20,-6,-11,6,goodbye
2.9313836097717285,-2,-27,-2,-23,-6,0,10,6,19,-1,-15,-10,-6,7,goodbye
2.947374105453491,7,-16,3,-13,-4,-8,-3,7,21,6,0,8,9,17,goodbye
2.947374105453491,19,-5,15,-17,0,-15,-10,5,38,15,30,39,23,19,goodbye
2.963078498840332,18,10,10,-12,2,-9,-14,0,31,9,39,36,10,7,goodbye
2.963078498840332,11,22,2,-8,4,-9,-22,-4,-8,-5,18,17,-7,-5,goodbye
2.9781417846679688,10,17,2,-8,0,-14,-14,-2,-26,-11,12,15,-4,-12,goodbye
2.9781417846679688,5,16,9,9,2,0,4,-1,-13,-5,25,15,1,-7,goodbye
2.9934842586517334,-6,17,11,28,11,18,12,-2,-10,0,13,0,-3,0,goodbye
2.9934842586517334,-12,8,-4,19,7,18,22,-5,-14,0,-18,-22,-16,-6,goodbye
3.008966445922852,-12,-3,-5,0,-4,16,28,-2,-14,-2,-39,-27,-19,-5,goodbye
3.008966445922852,-6,-8,-2,-2,-6,12,20,1,-5,0,-25,-13,-3,10,goodbye
3.024092674255371,0,-12,-9,-8,-6,-7,5,-1,8,10,2,-5,17,15,goodbye
3.024092674255371,0,-17,-7,-30,-15,-21,-9,0,12,11,9,-1,23,10,goodbye
3.039748191833496,10,-8,0,-21,-11,-17,-13,5,14,13,7,14,25,16,goodbye
3.039748191833496,19,12,7,11,4,-12,-10,1,17,11,20,30,31,15,goodbye
3.055429458618164,8,16,0,10,2,-15,-15,-2,-1,-10,20,18,18,-4,goodbye
3.055429458618164,-5,5,-15,-14,-10,-19,-25,-5,-26,-22,6,0,0,-18,goodbye
3.070451021194458,-1,8,-1,-12,-1,-16,-22,-10,-23,-17,8,5,0,-13,goodbye
3.070451021194458,8,14,8,8,9,-7,-11,-3,-9,-14,18,8,0,-9,goodbye
3.0863194465637207,6,14,2,11,7,0,-13,1,-9,-9,12,0,-5,-12,goodbye
3.0863194465637207,-1,16,9,13,9,9,-12,4,0,0,-1,2,-5,-5,goodbye
3.10239052772522,-1,11,9,30,15,20,8,6,19,7,-9,1,-5,1,goodbye
3.10239052772522,0,0,5,28,12,14,13,5,12,7,-10,-8,-9,-2,goodbye
3.117520809173584,-6,-5,0,10,7,10,5,-1,-3,4,-15,-17,-19,-10,goodbye
3.117520809173584,-7,-3,0,13,8,22,15,-4,-10,-6,-26,-24,-33,-9,goodbye
3.133098840713501,-9,-9,-5,17,6,24,27,0,-20,-20,-38,-34,-35,-6,goodbye
3.133098840713501,-24,-23,-16,0,-8,14,24,0,-18,-13,-39,-37,-21,-5,goodbye
3.14917254447937,-26,-27,-9,-12,-9,11,23,5,4,13,-26,-23,-3,0,goodbye
3.14917254447937,-4,-17,-7,-12,0,5,26,13,29,33,-10,-6,14,14,goodbye
3.1649091243743896,1,-21,-13,-23,-8,-6,9,4,32,24,-8,-4,17,14,goodbye
3.1649091243743896,-7,-24,-9,-33,-22,-8,-10,-1,21,7,-5,4,6,8,goodbye
3.180041790008545,1,-5,-4,-19,-12,-7,-11,0,15,6,16,21,16,9,sil
3.180041790008545,16,5,0,-15,0,-18,-14,-5,8,5,34,30,28,7,sil
3.195448398590088,14,5,1,-23,0,-25,-22,-5,0,-2,35,27,21,1,sil
3.210958242416382,17,17,7,-5,0,-16,-16,1,0,-7,36,29,17,2,sil
3.210958242416382,19,19,13,9,-3,-8,-11,-4,-10,-10,27,22,10,0,sil
3.210958242416382,2,4,3,-3,-13,-12,-16,-13,-25,-14,1,-2,-7,-13,sil
3.2274010181427,-6,7,8,-6,-6,-8,-16,-5,-23,-11,7,0,-5,-5,sil
3.243338108062744,6,22,24,18,12,4,-9,7,-7,-1,32,23,10,11,sil
3.243338108062744,13,22,17,24,15,2,-6,1,-4,-3,15,16,0,4,sil
3.243338108062744,0,14,5,8,7,-3,-5,-3,-7,-11,-11,-7,-20,-9,sil
3.2580134868621826,-6,8,-3,12,4,8,3,0,-5,-3,-8,-13,-17,-6,sil
3.2580134868621826,-2,2,2,14,3,16,6,4,-12,-1,-7,-7,-7,-1,sil
3.2750868797302246,0,-4,-2,4,-2,6,7,5,-16,-7,-15,-9,-12,-1,sil
3.2750868797302246,-3,-9,-13,13,0,8,17,0,0,0,-20,-15,-14,0,sil
3.2901175022125244,-3,-4,-4,24,10,22,25,4,18,10,-22,-17,-6,0,sil
3.2901175022125244,-4,-4,-7,10,1,17,24,7,23,11,-17,-18,0,0,sil
3.30517578125,-10,-20,-17,-6,-9,4,16,1,12,14,-18,-15,-1,0,sil
3.306175708770752,-13,-33,-14,-12,-6,4,7,-1,3,9,-23,-10,-1,-1,sil
3.3206326961517334,-13,-23,-8,-23,-3,-2,1,-2,6,0,-16,-10,-1,-3,sil
3.336344242095948,-5,-2,1,-27,-7,-10,0,-3,9,2,-3,0,1,4,sil
3.336344242095948,13,3,8,-1,-1,-2,7,3,16,25,7,18,19,20,sil
3.3373444080352783,21,0,11,6,6,-6,3,7,17,18,16,23,29,24,sil
3.352607488632202,10,6,0,-10,2,-16,-15,-1,2,-6,15,10,14,8,sil
3.3531105518341064,1,12,-7,-7,0,-9,-27,-7,-4,-8,17,9,4,-6,sil
3.368152141571045,5,11,7,1,4,-10,-27,-3,-5,-5,25,21,11,-5,sil
3.3843324184417725,11,14,10,0,5,-15,-24,-1,-11,-18,22,21,8,-1,sil
3.3843324184417725,7,13,-2,-3,-1,-8,-21,-8,-23,-32,6,3,-11,-11,sil
3.3843324184417725,0,4,-1,-3,-2,-3,-9,-7,-29,-38,-2,-5,-24,-21,sil
3.4009451866149902,6,8,6,6,6,0,7,0,-16,-22,4,-3,-18,-8,sil
3.4009451866149902,0,11,14,19,11,17,17,4,-3,6,6,-6,-10,4,sil
3.414268493652344,-19,-2,0,19,6,27,27,3,1,22,-15,-24,-6,-7,sil
3.429401636123657,-26,-12,-8,7,3,25,35,-1,12,32,-28,-32,-4,-11,sil
3.429401636123657,-17,-10,-2,0,3,21,29,0,22,39,-15,-21,0,7,sil
3.444923162460327,-8,-11,-6,0,0,8,18,6,21,32,-2,-7,7,12,sil
3.444923162460327,0,-12,-1,-1,0,-3,8,5,18,16,2,2,17,7,sil
3.4610044956207275,1,-6,0,-5,-5,-9,-1,0,15,4,8,8,18,6,sil
3.4610044956207275,0,-5,-9,-10,-21,-25,-22,-5,0,-7,10,12,11,0,sil
3.4765686988830566,0,-5,-6,-11,-25,-41,-45,-3,-16,-21,8,17,7,-6,sil
3.4765686988830566,4,0,0,-7,-12,-33,-45,1,-19,-26,5,12,1,-8,sil
3.4923994541168213,3,0,-1,-15,-3,-14,-33,0,-13,-35,0,2,-10,-17,sil
3.4923994541168213,-5,1,-5,-21,-6,-11,-23,-2,-13,-36,-1,0,-18,-23,sil
3.5073909759521484,-10,6,0,0,0,0,-6,0,-22,-18,-7,-8,-17,-17,sil
3.5073909759521484,-5,3,3,17,6,25,10,0,-24,-7,-27,-23,-22,-7,sil
3.5231363773345947,-6,-8,-7,8,-1,32,19,-1,-11,-9,-46,-26,-26,1,sil
3.5231363773345947,-8,-9,-2,-2,-7,23,28,3,1,4,-35,-8,-8,12,sil
3.5382559299468994,0,0,9,5,1,23,36,9,22,32,-6,5,14,27,sil
3.5382559299468994,10,-6,9,-4,0,7,14,0,25,27,1,6,14,32,sil
3.553961753845215,8,-14,0,-37,-16,-22,-21,-6,-2,-2,-4,5,-3,11,sil
3.553961753845215,9,-6,-9,-34,-15,-21,-24,-4,-7,-4,11,14,-7,0,sil
3.569753170013428,29,18,11,6,10,1,-1,3,19,17,50,37,16,17,sil
3.569753170013428,44,38,26,30,27,4,8,7,19,24,59,41,31,21,sil
3.585846424102783,25,28,7,26,22,-2,5,-2,-7,4,33,17,13,0,sil
3.585846424102783,4,18,5,31,24,4,9,-3,-10,-6,25,12,1,-7,sil
3.602558135986328,17,33,19,59,40,25,30,5,16,15,40,20,16,5,sil
3.602558135986328,36,50,34,75,54,45,50,10,41,43,48,20,40,29,sil
3.617841005325317,30,42,33,67,62,54,64,12,47,47,38,18,50,44,sil
3.617841005325317,-5,2,-1,28,39,22,43,0,18,20,-5,-14,11,10,sil
3.632967710494995,-60,-51,-41,-34,-24,-30,-17,-20,-30,-33,-74,-72,-54,-50,sil
3.632967710494995,-77,-73,-54,-70,-65,-47,-49,-19,-40,-51,-93,-84,-64,-66,sil
3.6480212211608887,-50,-57,-35,-64,-51,-31,-25,-4,-12,-22,-62,-43,-25,-35,sil
3.6480212211608887,-26,-37,-19,-49,-32,-24,-11,5,6,-3,-39,-12,-7,-7,sil
3.664825916290283,-12,-22,-16,-32,-32,-22,-21,8,11,-4,-21,-4,-5,2,sil
3.664825916290283,0,-13,-2,-25,-28,-18,-28,4,4,-12,-5,1,1,0,sil
3.680438280105591,0,-15,-1,-27,-21,-19,-29,-1,-7,-14,1,0,1,-11,sil
3.680438280105591,-4,-11,-7,-29,-19,-18,-36,-4,-19,-13,15,7,0,-15,sil
3.696417808532715,0,3,0,-25,-18,-13,-38,-1,-29,-19,25,28,6,-2,sil
3.696417808532715,9,14,3,-13,-9,-7,-23,-4,-28,-22,17,25,4,0,sil
3.711992263793945,10,17,7,2,1,0,-14,-4,-27,-17,6,3,-9,-11,sil
3.711992263793945,7,18,4,12,4,1,-10,0,-29,-14,5,0,-14,-9,sil
3.727384805679321,6,23,7,16,9,7,1,0,-20,-6,13,9,-8,3,sil
3.727384805679321,5,27,15,27,24,19,15,3,-7,7,14,4,-8,7,sil
3.743009567260742,4,26,11,48,29,25,19,7,0,17,5,-5,-6,4,sil
3.743009567260742,8,26,15,55,20,21,21,5,9,20,7,0,5,11,sil
3.7583725452423096,16,21,17,43,16,20,28,2,22,25,11,9,14,27,sil
3.7583725452423096,14,3,12,29,16,22,30,-1,18,24,-3,7,13,29,sil
3.773948192596436,4,-11,6,11,8,21,27,-1,13,17,-20,0,7,14,sil
3.773948192596436,-1,-15,-4,-6,0,19,27,2,26,21,-13,-8,11,5,sil
3.789536952972412,0,-16,-2,-8,0,15,28,2,32,21,-1,-5,16,13,sil
3.789536952972412,0,-19,-1,-12,0,4,24,1,28,12,-9,-2,8,13,sil
3.805134296417236,0,-23,-10,-30,-6,-4,13,2,28,2,-22,-8,4,0,sil
3.805134296417236,9,-16,-4,-32,-13,-12,0,4,27,1,-7,0,17,0,sil
3.8201887607574463,10,-5,-4,-17,-13,-22,-10,3,26,1,22,17,19,5,sil
3.8201887607574463,0,-4,-9,-26,-7,-26,-19,2,21,-4,28,22,10,-4,sil
3.8362977504730233,0,0,-10,-33,-6,-23,-19,0,7,-10,14,12,6,-13,sil
3.8362977504730233,2,10,-2,-13,-5,-21,-17,-6,-12,-18,10,3,-2,-10,sil
3.852353811264038,1,9,9,0,2,-13,-20,-4,-29,-26,13,1,-15,-10,sil
3.852353811264038,0,5,2,0,7,-3,-21,-3,-36,-20,12,0,-14,-15,sil
3.867897987365722,-4,12,0,8,6,-4,-21,-8,-41,-19,3,0,-15,-14,sil
3.867897987365722,-5,15,4,27,10,-1,-15,-10,-43,-26,0,0,-23,-10,sil
3.882996082305908,-2,10,3,36,15,4,-5,-10,-37,-18,3,-8,-24,-8,sil
3.882996082305908,-10,12,6,28,15,8,-7,0,-25,-3,0,-13,-19,-10,sil
3.898155689239502,-15,12,2,29,9,9,-8,8,-12,4,-10,-15,-11,-12,sil
3.898155689239502,-10,1,0,29,0,7,0,2,-7,10,-14,-14,-2,-4,sil
3.913311958312988,-8,-3,0,16,-7,7,9,-1,-2,12,-8,-9,0,9,sil
3.913311958312988,-4,-2,-2,9,-7,10,18,3,6,17,-10,-8,2,13,sil
3.9288980960845934,-2,-12,-4,0,-7,9,23,4,12,26,-20,-7,1,5,sil
3.9288980960845934,-4,-26,-15,-13,-7,8,22,2,25,35,-17,-10,4,6,sil
3.9441189765930176,4,-17,-9,-19,-4,6,15,5,39,34,0,-1,18,18,sil
3.9441189765930176,7,-6,-4,-25,-7,0,8,10,33,20,1,3,22,18,sil
3.9612221717834473,-13,-21,-15,-36,-16,-1,6,3,17,0,-20,-10,4,0,sil
3.9612221717834473,-15,-27,-6,-34,-17,0,2,-3,15,-10,-17,-7,2,-4,sil
3.975540161132813,6,-6,6,-17,-6,-3,0,-1,23,0,9,15,21,7,sil
3.975540161132813,5,0,0,-27,-1,-7,-8,1,13,-5,0,10,9,0,sil
3.991157054901123,-4,-10,-10,-47,-8,-12,-18,0,-12,-33,-23,-6,-18,-14,sil
3.991157054901123,4,0,-3,-28,-3,-19,-17,-3,-19,-40,0,4,-9,-7,sil
4.007184982299805,15,25,18,7,9,-10,-10,-2,-17,-23,24,20,2,-2,sil
4.007184982299805,19,37,16,22,11,0,-7,-2,-22,-17,14,14,-11,-12,sil
4.032111883163452,25,33,11,25,8,-4,-12,-11,-24,-27,16,10,-12,-12,sil
4.032111883163452,18,27,20,35,12,-4,-15,-9,-19,-29,31,18,0,-2,sil
4.032111883163452,5,20,15,41,10,4,-5,0,-14,-5,20,16,-4,0,sil
4.0385215282440186,0,8,11,29,4,11,15,5,-3,16,0,4,-8,4,sil
4.054466962814331,-3,-4,1,19,3,17,33,5,13,21,-8,-9,0,10,sil
4.054466962814331,-7,-7,-4,14,1,14,23,6,19,25,-11,-13,0,8,sil
4.071105241775513,-5,-10,0,6,0,6,6,6,19,35,-1,-1,7,17,sil
4.071105241775513,0,-20,-5,-1,0,3,2,0,29,39,10,-1,30,28,sil
4.0862672328948975,-4,-22,-18,-14,-4,-10,-8,-4,16,18,1,-6,25,10,sil
4.0862672328948975,-12,-13,-20,-23,-7,-28,-23,-3,-7,-1,-4,-1,1,-15,sil
4.101407051086426,-7,-1,-8,-19,-4,-22,-24,-4,-10,-10,7,0,-1,-19,sil
4.101407051086426,-4,7,4,-10,-2,-10,-25,-4,-17,-19,12,0,0,-16,sil
4.116330146789551,-1,11,0,2,4,-6,-18,0,-32,-18,15,5,0,-10,sil
4.133894681930542,9,17,5,21,18,10,2,2,-21,0,28,15,3,2,sil
4.133894681930542,7,24,13,39,21,29,17,4,-3,17,21,4,1,7,sil
4.147480726242065,-13,6,4,31,16,32,35,5,0,23,-9,-16,-11,0,sil
4.147480726242065,-19,-21,-6,-2,9,30,52,8,13,15,-33,-27,-20,2,sil
4.1635825634002686,-12,-29,-11,-20,-5,20,42,2,30,12,-36,-27,-17,6,sil
4.1635825634002686,-11,-19,-1,-13,-17,3,15,-7,25,7,-35,-19,-9,4,sil
4.178265571594238,-6,-13,-2,-12,-15,-3,2,-1,11,-4,-31,-12,-8,0,sil
4.178265571594238,4,-11,-6,-18,-12,-13,-5,4,2,-11,-14,-2,-5,0,sil
4.194164991378784,9,-5,1,-19,-17,-20,-18,-2,0,-13,0,11,2,0,sil
4.194164991378784,11,0,-8,-17,-16,-10,-17,-6,5,-17,-5,10,5,-4,sil
4.209595203399658,8,0,-14,-15,-6,-7,-12,2,6,-16,-8,4,1,-9,sil
4.209595203399658,0,5,-3,-8,-1,-15,-13,4,-2,-9,3,10,5,-4,sil
4.225613355636597,0,10,2,-4,-1,-11,-9,0,-5,-5,11,13,10,0,sil
4.225613355636597,5,8,6,-10,4,-3,-11,1,-4,-13,2,8,2,-4,sil
4.241227149963379,1,5,6,-5,2,-7,-20,-1,-13,-17,-3,2,-6,-5,sil
4.241227149963379,0,7,4,6,-4,-8,-21,-9,-22,-12,4,2,-7,-1,sil
4.256770372390747,2,3,1,3,-3,-6,-20,-2,-21,-12,8,0,-10,-4,sil
4.256770372390747,0,-5,-3,-7,0,-10,-24,0,-16,-19,0,-8,-14,-8,sil
4.272032976150513,4,0,8,0,-2,-5,-13,-5,-12,-6,9,0,0,2,sil
4.272032976150513,17,13,15,17,0,2,3,1,0,19,35,20,24,13,sil
4.287286996841431,11,11,5,15,6,0,1,5,2,15,29,15,20,4,sil
4.287286996841431,0,7,0,8,11,1,6,1,4,1,10,0,5,0,sil
4.302804946899414,-4,6,-2,10,7,5,20,0,10,13,13,-1,8,4,sil
4.302804946899414,-8,3,2,6,2,2,9,2,3,17,10,1,9,0,sil
4.31830620765686,0,7,3,11,10,5,8,3,0,6,1,-2,-3,-3,sil
4.31830620765686,10,14,15,24,19,20,26,-1,9,11,4,-2,-4,5,sil
4.334362745285034,2,9,16,26,15,24,25,-1,6,17,1,0,0,6,sil
4.334362745285034,-9,-3,-7,13,11,15,13,1,3,14,-11,-11,-5,-1,sil
4.349842071533203,-19,-18,-12,-10,7,6,10,6,11,10,-20,-15,-12,-1,sil
4.349842071533203,-20,-23,-5,-15,-1,3,10,5,13,6,-17,-6,-5,0,sil
4.365473508834839,-1,-6,1,7,-1,8,12,0,9,6,-8,-1,0,2,sil
4.365473508834839,10,3,1,13,3,11,17,0,3,7,-7,-2,-3,9,sil
4.380999803543091,-4,-13,-12,-4,-7,0,14,-1,0,4,-9,-1,0,11,sil
4.380999803543091,-16,-25,-12,-15,-17,0,6,-1,7,6,-13,2,4,11,sil
4.396203279495239,-8,-21,-7,-18,-16,3,0,0,11,14,-21,-4,4,5,sil
4.396203279495239,0,-17,-13,-28,-21,-8,-12,-1,-7,-3,-28,-15,-1,-9,sil
4.412249803543091,6,-4,-5,-25,-20,-21,-23,-5,-18,-30,-10,0,2,-10,sil
4.412249803543091,16,14,3,0,-2,-12,-21,-1,7,-14,25,22,23,6,sil
4.42805027961731,14,19,6,9,4,-9,-24,-1,12,-5,25,16,18,2,goodbye
4.42805027961731,1,10,1,-4,0,-17,-25,-3,-14,-24,0,-3,-9,-16,goodbye
4.443259239196777,-1,2,-5,-10,-1,-13,-20,-3,-19,-22,8,0,-7,-14,goodbye
4.443259239196777,6,2,2,-5,0,-10,-25,2,-11,-9,21,9,0,-2,goodbye
4.4592649936676025,6,8,4,6,4,-8,-13,4,-8,-5,5,0,-9,-5,goodbye
4.4592649936676025,-1,8,4,11,8,1,5,2,-2,-1,4,-4,-8,-5,goodbye
4.475291013717651,-2,0,-2,-5,-1,1,0,3,-10,-6,8,-2,-9,-4,goodbye
4.475291013717651,0,-5,-11,-18,-9,-6,-8,-2,-27,-25,-15,-4,-29,-14,goodbye
4.490843772888184,0,-1,-1,-6,-3,0,3,-3,-17,-21,-16,0,-22,-13,goodbye
4.490843772888184,-2,0,3,2,0,14,21,3,11,11,0,-3,-4,0,goodbye
4.506014347076416,-8,1,-4,3,9,9,18,3,18,16,-6,-6,-12,1,goodbye
4.506014347076416,-5,11,-1,15,18,3,9,-1,4,-3,-10,0,-8,1,goodbye
4.522054672241211,3,13,17,22,15,8,7,0,6,9,8,6,20,6,goodbye
4.522054672241211,-5,-1,21,9,9,8,0,2,21,33,11,5,30,11,goodbye
4.537348508834839,-9,-7,-1,-2,1,2,0,1,24,29,4,0,17,13,goodbye
4.537348508834839,10,3,3,4,0,3,14,2,11,20,13,1,16,13,goodbye
4.553102493286133,19,10,18,20,7,6,19,2,0,12,16,6,22,14,goodbye
4.553102493286133,2,3,0,10,1,0,7,-4,-5,-4,0,-4,9,10,goodbye
4.568714618682861,-8,-5,-7,-14,-15,-3,5,-7,-2,-6,-11,-14,-8,-1,goodbye
4.568714618682861,-4,-9,-1,-6,-15,0,5,-1,-1,6,-2,-8,-11,-8,goodbye
4.584107875823975,2,-7,1,12,-2,6,-5,1,-8,0,0,0,-5,-7,goodbye
4.584107875823975,3,-1,-3,5,0,8,-7,0,-11,-10,-5,6,-1,-5,goodbye
4.600193500518799,-3,0,-11,-7,-3,0,0,-5,-5,-8,-2,4,-2,-5,goodbye
4.600193500518799,-3,0,-4,-4,2,-8,-4,-2,-6,-8,0,1,-2,0,goodbye
4.615338563919067,0,-5,-6,2,3,-9,-5,0,-1,-2,-6,0,0,1,goodbye
4.615338563919067,-7,-16,-10,-11,-9,-10,-11,-5,0,0,-11,-1,-4,-2,goodbye
4.63144326210022,-12,-17,-6,-26,-17,-5,-19,-3,-5,-9,-4,1,-7,-4,goodbye
4.63144326210022,3,-2,-4,-12,-5,3,-10,2,0,-4,4,9,5,7,goodbye
4.646920204162598,16,6,7,-4,0,0,-2,3,13,8,13,19,24,16,goodbye
4.646920204162598,11,1,6,-10,0,-10,-4,2,12,6,16,17,23,9,goodbye
4.663152933120728,5,0,2,0,1,-6,1,4,1,0,3,8,3,3,goodbye
4.663152933120728,6,6,10,13,5,10,18,7,0,0,-5,4,-10,0,goodbye
4.678572177886963,2,8,2,10,7,12,17,0,1,-8,-1,-5,-14,-9,goodbye
4.678572177886963,-5,2,-5,-1,10,0,0,-4,-8,-19,-3,-14,-15,-14,goodbye
4.694197416305542,-3,4,-1,2,8,0,0,1,0,0,-3,-9,-3,-2,goodbye
4.694197416305542,3,11,1,17,11,7,12,7,19,19,8,-5,5,0,goodbye
4.710276126861572,1,9,1,8,12,3,5,2,7,4,0,-11,-8,-6,goodbye
4.710276126861572,-8,0,-9,-2,-1,0,-4,-3,-9,-6,-21,-22,-20,-11,goodbye
4.725922346115112,-17,-4,-7,2,-9,0,-3,-3,-6,-6,-21,-19,-15,-6,goodbye
4.725922346115112,-11,-1,0,2,2,0,-3,-1,-5,-8,-4,-4,-6,1,goodbye
4.740935802459717,-2,3,1,0,4,1,-5,-3,-9,-2,-3,-2,-4,0,goodbye
4.740935802459717,-5,0,1,4,-5,-2,-6,-3,-7,-1,-4,-10,-4,-9,goodbye
4.757024765014648,-5,-1,-1,6,-7,-11,-2,0,-2,-7,1,-7,5,-5,goodbye
4.757024765014648,0,-2,1,0,-2,-4,0,0,0,0,-2,1,13,6,goodbye
4.773149251937866,2,-7,2,-2,-5,1,0,2,0,15,-3,4,7,9,goodbye
4.773149251937866,5,-7,4,-3,-13,0,-3,2,0,16,17,9,10,10,goodbye
4.788462162017822,13,0,14,-8,-5,0,-1,0,5,10,25,19,23,17,goodbye
4.788462162017822,12,-1,6,-10,7,4,2,-3,5,9,13,15,16,12,goodbye
4.803950309753418,4,-5,-1,-12,2,-1,0,-3,-5,1,6,9,-3,-2,goodbye
4.819990634918213,0,-3,-1,-8,-5,-7,-5,0,-5,-5,3,12,-8,-9,goodbye
4.819990634918213,0,-2,3,-1,0,-5,0,0,8,-1,6,15,1,-1,goodbye
4.819990634918213,-2,0,7,-4,-2,-4,0,0,6,0,12,15,7,4,goodbye
4.835134267807007,-6,0,-9,-7,-14,-2,-4,-4,-7,-1,3,5,0,0,goodbye
4.835134267807007,-4,-3,-7,0,-6,8,0,-4,-4,1,-4,0,-1,0,goodbye
4.851217746734619,7,5,10,14,7,11,11,7,16,4,8,7,11,15,goodbye
4.851217746734619,13,11,3,18,3,-3,4,5,15,0,11,8,13,16,goodbye
4.866877317428589,0,0,-4,3,4,-5,-10,-7,-18,-15,-18,-7,-11,-8,goodbye
4.866877317428589,-13,-6,-13,-4,12,10,1,-2,-24,-13,-32,-24,-18,-22,goodbye
4.882549285888672,-1,0,-12,2,9,12,18,5,0,0,-11,-11,2,-7,goodbye
4.882549285888672,11,3,-1,5,-2,3,14,12,11,-5,0,6,6,0,goodbye
4.898101568222046,4,1,-10,0,0,0,12,6,9,-10,-9,-7,-10,-5,goodbye
4.898101568222046,0,0,-8,-6,10,-1,7,-1,5,0,-10,-20,-15,-6,goodbye
4.913266658782959,-2,-1,0,-9,6,-10,-5,-1,0,3,-8,-16,-13,-10,goodbye
4.928922891616821,-11,-5,-9,-11,-3,-17,-12,-2,-6,-2,-19,-20,-18,-21,goodbye
4.928922891616821,-11,0,-8,-6,2,-6,-12,-4,-2,-2,-14,-14,-9,-11,goodbye
4.94403862953186,0,11,11,3,10,7,-13,-1,6,7,12,8,10,13,goodbye
4.94403862953186,0,12,22,6,0,0,-11,0,6,11,22,16,15,14,goodbye
4.959258079528809,-1,0,12,8,-8,-2,-4,-1,0,5,4,0,1,-2,goodbye
4.959258079528809,0,0,4,10,-2,9,0,-6,-4,0,0,-4,-6,0,goodbye
4.975374698638916,-1,0,7,5,1,6,-4,-3,-13,-8,7,4,-4,11,goodbye
4.975374698638916,0,0,3,9,5,-2,-7,4,-13,-14,0,4,-6,6,goodbye
4.9908833503723145,0,2,0,18,6,3,-2,1,-4,-8,0,-2,-6,-5,goodbye
4.9908833503723145,-2,5,3,11,-2,2,-1,-1,0,6,16,2,4,0,goodbye
5.005968332290649,12,5,13,0,-6,-4,0,0,2,15,31,20,21,15,goodbye
5.005968332290649,23,9,5,2,-5,0,14,-1,2,9,27,23,22,12,goodbye
5.0232322216033936,3,4,-10,10,-19,2,19,-3,-2,4,6,0,2,-1,goodbye
5.0232322216033936,-8,-6,0,9,-21,-2,4,5,2,14,-5,-2,-1,1,goodbye
5.024236440658569,5,-6,6,0,0,0,8,12,13,22,-1,8,14,18,goodbye
5.039289951324463,9,-9,0,-18,14,7,19,2,9,5,-9,1,15,12,goodbye
5.039289951324463,-11,-24,-9,-28,3,6,7,-2,0,-11,-23,-16,-4,-9,goodbye
5.05201530456543,-26,-26,-18,-25,-23,0,0,-2,-2,-10,-30,-27,-20,-21,goodbye
5.067460775375366,-15,-13,-11,-23,-21,-2,-2,1,-5,-12,-37,-21,-18,-14,goodbye
5.067460775375366,0,-4,-9,-19,18,3,-6,4,6,-7,-25,-2,-4,1,goodbye
5.082975149154663,12,0,-7,-3,34,5,1,0,29,14,4,9,5,11,goodbye
5.082975149154663,12,0,5,0,9,0,11,-3,29,18,13,13,3,5,goodbye
5.098998308181763,0,-5,-4,-12,-6,-8,0,-3,7,-1,5,7,-1,-1,goodbye
5.098998308181763,-5,-7,-9,-23,-2,-14,-11,-4,-13,-17,7,6,0,0,goodbye
5.115066051483154,0,0,-2,-13,4,-11,-10,-7,-13,-15,12,10,5,0,goodbye
5.115066051483154,-3,9,-5,6,0,-13,-22,-6,-16,-14,10,4,0,-16,goodbye
5.131076097488403,-7,14,3,10,-12,-18,-38,-2,-30,-20,15,2,-1,-21,goodbye
5.131076097488403,8,19,20,13,-5,-2,-9,0,-14,-2,29,16,14,1,goodbye
5.14609169960022,23,25,26,27,15,7,21,2,7,10,32,25,18,14,goodbye
5.14609169960022,11,28,16,33,15,-1,6,3,-5,-1,14,6,0,-5,goodbye
5.162103652954102,-12,15,-5,25,2,3,-9,0,-19,-3,-7,-18,-16,-24,goodbye
5.162103652954102,-25,0,0,20,3,21,4,0,-14,3,-18,-18,-21,-14,goodbye
5.177300453186035,-12,-3,9,28,3,20,16,4,-4,5,-14,-13,-15,3,goodbye
5.177300453186035,0,-7,0,19,-1,11,1,1,6,14,-16,-20,-3,10,goodbye
5.193142175674439,0,-15,-7,-12,-3,6,-4,3,22,21,-25,-22,0,8,goodbye
5.193142175674439,2,-18,-9,-29,-6,1,5,2,30,9,-22,-14,2,6,goodbye
5.208006143569946,7,-18,-6,-29,-11,-5,1,-1,23,-10,-15,-4,1,4,sil
5.208006143569946,6,-9,-7,-32,-14,-13,-4,-2,8,-17,-10,4,-4,1,sil
5.224061965942383,8,7,-1,-18,-8,-15,3,0,-7,-14,3,9,-1,-3,sil
5.224061965942383,12,20,9,10,2,-4,6,3,-15,-16,14,7,0,-4,sil
5.240158081054688,9,21,5,21,8,0,0,0,-17,-17,13,6,-3,0,sil
5.240158081054688,4,18,9,16,8,-5,-13,-3,-24,-7,14,14,-1,6,sil
5.256275653839111,-1,7,6,25,10,0,-12,-1,-18,8,14,10,0,4,sil
5.256275653839111,-18,-5,-8,22,8,16,8,-1,0,18,-1,-10,-8,0,sil
5.2714619636535645,-28,-15,-15,2,1,24,27,1,8,17,-18,-24,-8,-2,sil
5.2714619636535645,-12,-21,-10,-2,0,17,26,6,14,22,-11,-14,10,6,sil
5.2870752811431885,0,-25,-1,-6,-4,14,16,3,23,29,5,3,25,22,sil
5.2870752811431885,-12,-25,-7,-23,-11,8,10,-3,20,21,1,0,17,16,sil
5.302604675292969,-12,-17,-13,-33,-12,-8,0,-7,5,4,-7,-5,6,-1,sil
5.302604675292969,9,-3,3,-20,-11,-16,-11,0,0,0,4,14,13,5,sil
5.318128347396851,20,0,3,-9,-13,-11,-12,6,10,2,21,28,21,19,sil
5.318128347396851,11,-3,0,-24,-5,-16,-7,6,19,0,22,21,15,9,sil
5.333490371704102,14,4,6,-30,2,-19,-4,7,22,0,11,14,6,-5,sil
5.333832502365112,15,11,5,-10,0,-13,-7,0,18,-4,-2,10,-1,-13,sil
5.348914861679077,0,11,5,4,1,-3,-11,-4,0,-15,-6,6,-9,-16,sil
5.348914861679077,2,16,7,14,8,0,-11,-2,-15,-16,2,2,-10,-16,sil
5.364059686660767,15,17,13,15,7,-6,-21,-4,-20,-21,0,0,-16,-17,sil
5.364059686660767,4,9,2,7,2,-12,-23,-7,-23,-28,-6,-5,-23,-18,sil
5.379435062408447,-4,15,-1,18,7,0,-8,-8,-25,-18,3,-7,-13,-15,sil
5.379435062408447,5,31,20,34,18,4,-3,-6,-34,-16,14,5,0,-11,sil
5.394960165023804,5,23,15,34,20,-3,-7,-4,-36,-22,12,8,-3,-8,sil
5.394960165023804,-12,3,-4,27,7,0,2,-1,-24,-11,3,-10,-9,-2,sil
5.410980463027954,-22,-6,-12,13,0,17,19,3,-10,8,-12,-26,-6,6,sil
5.410980463027954,-19,-16,-13,3,5,24,28,7,0,19,-29,-32,-9,8,sil
5.426111936569214,-18,-25,-12,-1,2,24,24,6,5,15,-31,-29,-14,1,sil
5.426111936569214,-22,-28,-26,-19,-12,16,14,0,4,9,-24,-29,-13,-3,sil
5.442181587219238,-21,-28,-25,-29,-15,6,10,1,9,15,-17,-24,0,2,sil
5.442181587219238,-8,-18,-5,-14,-10,6,14,9,22,27,-11,-7,10,12,sil
5.457985877990723,3,-11,-2,-10,-20,0,8,3,27,20,-15,7,8,10,sil
5.457985877990723,8,-10,4,-18,-20,-7,-1,-3,23,1,-16,15,9,13,sil
5.473043918609619,14,-3,11,-11,-5,-9,5,2,22,0,0,13,20,17,sil
5.473043918609619,17,5,5,-7,-2,-11,3,1,12,-1,17,14,14,7,sil
5.489637136459351,26,15,17,2,-3,-9,-13,0,2,-3,24,33,10,10,sil
5.489637136459351,38,26,29,20,8,-4,-15,1,6,0,36,47,26,23,sil
5.504335880279541,26,23,15,4,10,-12,-12,0,5,-4,36,30,15,8,sil
5.504335880279541,0,7,-7,-17,1,-15,-18,-1,4,-10,17,2,-7,-15,sil
5.5199620723724365,-10,3,-6,-7,5,-6,-15,1,0,-9,9,-1,-7,-17,sil
5.5199620723724365,-1,13,1,3,13,-5,-8,0,-11,-10,19,11,-2,-12,sil
5.53653621673584,0,20,3,9,7,-4,-6,-2,-12,-4,21,9,-4,-9,sil
5.53653621673584,-12,6,0,13,1,4,-6,-1,-7,2,-2,-15,-10,-10,sil
5.552175283432007,-19,-11,-11,5,1,7,-1,-2,-11,8,-16,-29,-16,-11,sil
5.552175283432007,-9,-4,-4,9,8,11,2,0,-10,14,-7,-16,-10,0,sil
5.567440509796143,-6,0,6,17,11,20,8,0,-7,4,-18,-18,-8,6,sil
5.567440509796143,-17,-21,-15,-2,0,16,15,-4,-10,-1,-42,-41,-21,-1,sil
5.58299732208252,-16,-28,-24,-23,-6,7,19,-1,-3,8,-31,-31,-14,-3,sil
5.58299732208252,-2,-11,-5,0,-2,13,24,10,17,12,-9,-3,5,7,sil
5.5975494384765625,-1,-13,-1,7,-3,12,21,8,26,5,-15,-6,8,7,sil
5.614291906356812,-11,-27,-9,-25,-9,-10,3,0,17,5,-12,-9,9,2,sil
5.614291906356812,0,-12,-10,-34,-7,-27,-10,-1,6,1,13,9,19,0,sil
5.614291906356812,22,9,8,-13,-3,-26,-18,0,0,-13,24,26,20,-3,sil
5.6303675174713135,21,7,13,-8,-8,-31,-28,-4,-7,-25,13,19,14,-7,sil
5.6303675174713135,7,7,5,-9,-12,-30,-30,-13,-17,-29,11,15,7,-7,sil
5.64401912689209,11,23,18,6,-1,-7,-17,-8,-25,-21,27,24,4,-5,sil
5.660110950469971,13,28,15,26,10,12,-6,-1,-23,-15,33,22,3,-3,sil
5.660110950469971,2,25,12,35,12,15,-7,1,-23,-20,15,15,-3,1,sil
5.675618648529053,1,27,16,40,5,20,5,6,-16,-2,6,18,-4,10,sil
5.675618648529053,8,17,15,43,3,27,31,7,0,23,14,20,1,13,sil
5.6913347244262695,3,1,13,35,9,20,29,0,-6,11,0,3,-9,4,sil
5.6913347244262695,-9,-5,-1,26,9,11,13,-5,-14,4,-25,-14,-22,-3,sil
5.707248687744141,-12,-11,-9,17,0,15,15,1,4,25,-27,-17,-16,0,sil
5.707248687744141,0,-10,0,-6,-6,13,16,10,16,20,-21,-14,-10,4,sil
5.722081422805786,6,-7,0,-31,-10,0,6,5,19,1,-17,-9,-7,11,sil
5.722081422805786,-6,-23,-16,-28,-7,-5,5,0,31,7,-16,-2,-1,14,sil
5.737375259399414,-14,-34,-24,-11,0,-8,4,0,32,11,-19,-10,0,4,sil
5.737375259399414,-4,-14,-5,-28,-6,-18,-4,0,21,-3,-17,-15,-3,-1,sil
5.753069877624512,-3,-8,-12,-53,-16,-13,-8,2,22,-1,-5,-6,3,0,sil
5.753069877624512,-17,-21,-38,-32,-6,-7,-11,3,26,14,0,-13,12,-7,sil
5.76891565322876,-5,-3,-9,-21,9,-16,-22,1,9,1,-7,-26,9,-15,sil
5.76891565322876,12,15,7,-49,9,-15,-22,-1,-8,-12,-10,-21,0,-15,sil
5.784477233886719,-3,-3,-18,-40,1,-3,-11,-7,-17,-6,5,-10,-1,-14,sil
5.784477233886719,-19,-12,-27,6,-2,-2,-7,-2,-17,-7,18,-7,4,-10,sil
5.8005781173706055,-4,8,-10,10,-3,-7,-12,0,-16,-13,15,-3,4,-4,sil
5.8005781173706055,5,19,13,-9,3,-5,-20,0,-15,-8,18,6,3,-1,sil
5.816247463226318,4,22,16,12,11,0,-14,-1,-4,4,27,13,8,0,sil
5.816247463226318,15,31,20,45,14,6,1,1,2,11,25,19,7,9,sil
5.832352161407471,21,26,31,45,14,8,8,0,-8,0,21,27,-2,15,sil
5.832352161407471,10,14,21,33,6,4,1,-2,-28,-16,12,18,-8,1,sil
5.847962379455566,-1,10,13,29,-3,9,4,0,-32,-13,-2,4,-6,-4,sil
5.847962379455566,0,8,16,39,0,27,28,1,-9,9,-1,10,0,9,sil
5.862988710403442,7,0,19,43,8,27,36,-1,10,18,6,16,6,13,sil
5.862988710403442,0,-12,14,17,0,9,21,-2,4,3,-1,3,6,3,sil
5.878514051437378,-14,-27,-2,-10,-14,3,20,-2,0,-4,-23,-12,0,0,sil
5.878514051437378,-18,-30,-12,-20,-17,2,21,-3,1,-7,-38,-13,-7,0,sil
5.894636869430542,-9,-21,-13,-20,-20,-9,7,0,8,-4,-30,-7,-6,-1,sil
5.894636869430542,0,-13,-11,-15,-20,-13,0,0,24,11,-6,1,5,0,sil
5.91044020652771,4,-11,-8,-14,-10,-12,0,0,31,16,2,9,14,5,sil
5.91044020652771,7,-9,-13,-23,-2,-18,-8,4,25,3,6,11,9,7,sil
5.925890207290649,15,0,-1,-26,2,-20,-20,3,13,0,22,18,9,8,sil
5.925890207290649,23,17,9,-8,9,-16,-24,0,0,0,26,22,15,6,sil
5.941357612609863,15,22,1,1,9,-15,-24,-3,-15,-21,10,6,1,-7,sil
5.941357612609863,-3,12,-6,-8,5,-8,-24,-2,-25,-34,0,-9,-18,-23,sil
5.9570300579071045,-9,10,-14,-3,3,1,-23,-2,-26,-15,-4,-8,-18,-21,sil
5.9570300579071045,0,13,0,10,6,5,-23,-1,-24,-11,-11,-5,-16,-17,sil
5.972998142242432,-4,9,5,8,10,6,-13,2,-24,-26,-16,-19,-26,-20,sil
5.972998142242432,-20,-3,-5,1,10,15,0,1,-21,-10,-15,-27,-25,-12,sil
5.988314628601074,-17,-9,1,4,2,26,10,4,-8,14,-12,-13,-12,5,sil
5.988314628601074,-4,-7,3,5,-4,29,22,3,7,18,-7,-13,-3,9,sil
6.003528833389282,-9,-7,-9,0,2,24,27,-2,12,28,0,-20,4,8,sil
6.003528833389282,-11,-2,-10,4,11,16,26,4,24,50,7,-7,18,20,sil
6.0191802978515625,1,7,4,16,2,3,19,11,39,44,11,4,26,29,sil
6.0191802978515625,6,5,11,7,-7,0,6,5,32,18,7,2,16,20,sil
6.041408538818359,-1,-11,-6,-8,-3,-3,3,0,23,11,0,-3,3,5,sil
6.041408538818359,-5,-19,-11,-16,-2,-15,3,-1,22,3,-4,-1,5,0,sil
6.041408538818359,3,-6,2,-12,-8,-18,2,0,12,-5,-4,6,11,0,sil
6.049975156784058,14,1,3,-2,-7,-18,9,0,0,0,-2,9,7,-2,sil
6.065178394317627,12,-6,1,-11,-6,-26,3,-8,-6,-9,3,9,1,-8,sil
6.065178394317627,8,-8,4,-20,-4,-23,-12,-12,-10,-28,11,12,4,-7,sil
6.080950021743774,12,8,8,-8,-2,-12,-19,-2,-17,-24,10,14,3,-5,sil
6.080950021743774,13,16,7,0,-8,-13,-20,2,-26,-15,9,11,-4,-9,sil
6.0969297885894775,8,10,6,2,-1,-8,-19,-1,-26,-22,17,11,-6,-9,sil
6.0969297885894775,5,9,11,7,20,3,-9,-2,-17,-25,14,17,-5,-4,sil
6.112304925918579,0,7,-3,10,15,5,-5,-3,-6,-15,-3,8,-12,-8,sil
6.112304925918579,-7,5,-3,14,-2,9,-11,-5,-5,-11,-8,-7,-14,-8,sil
6.127742052078247,-13,9,10,22,1,21,-2,0,-11,-8,0,-5,-5,0,sil
6.127742052078247,-17,0,-3,15,11,29,16,0,-7,7,-2,-5,-6,-2,sil
6.14294958114624,-18,-13,-11,1,3,27,22,-1,-4,17,-18,-21,-14,-7,sil
6.14294958114624,-16,-13,-5,7,-4,20,22,4,-3,18,-23,-24,-11,4,sil
6.1583411693573,-14,-13,-3,0,-9,11,19,7,0,19,-21,-16,-2,14,sil
6.1583411693573,-11,-23,-7,-20,-9,2,10,5,9,13,-22,-16,1,7,sil
6.17392373085022,-4,-20,-10,-17,-5,-10,0,0,24,11,-10,-5,10,0,sil
6.17392373085022,4,-2,3,-3,-6,-16,-8,0,27,16,8,19,22,8,sil
6.189959287643433,14,7,7,-4,-8,-6,-4,2,22,14,15,23,24,18,sil
6.189959287643433,17,10,0,-6,0,-7,3,0,18,6,17,14,18,10,sil
6.20519495010376,18,15,10,0,1,-16,-13,0,0,-1,21,20,11,0,sil
6.20519495010376,24,22,13,14,0,-12,-26,-1,-19,-6,21,19,6,0,sil
6.22124171257019,20,17,7,7,6,-8,-18,-1,-15,-10,18,10,3,-1,sil
6.22124171257019,2,3,0,-15,5,-16,-14,-1,0,-14,10,2,-5,-7,sil
6.237347602844238,-7,0,-2,-15,-4,-15,-16,-2,0,-20,-3,-6,-22,-13,sil
6.237347602844238,-9,0,-2,-2,0,0,-4,0,-4,-22,-13,-16,-26,-22,sil
6.253899097442627,-9,-2,-11,3,9,8,11,2,-2,-9,-8,-23,-12,-19,sil
6.253899097442627,-3,0,-5,8,6,5,15,0,-5,0,0,-15,-2,1,sil
6.268423080444336,0,3,2,12,2,10,13,-1,-14,-2,-6,-5,-2,6,sil
6.268423080444336,-9,-2,-10,10,4,22,8,-2,-15,-4,-19,-15,-5,-6,sil
6.284949064254761,-11,0,-8,12,6,24,8,0,-5,0,-17,-18,-7,-1,sil
6.284949064254761,3,7,8,21,4,23,20,3,13,17,0,0,1,21,sil
6.3002331256866455,8,0,9,14,3,19,29,0,20,26,0,7,11,27,sil
6.3002331256866455,0,-17,-9,-3,0,1,20,-1,8,12,-14,-3,1,13,sil
6.316251516342163,0,-21,-8,-9,-7,-12,6,0,8,5,-7,-3,-1,9,sil
6.316251516342163,5,-17,6,-12,-10,-13,0,0,23,13,13,11,14,10,sil
6.331300258636475,4,-11,-5,-21,-9,-20,-9,-1,26,16,22,15,21,0,sil
6.331300258636475,6,0,-4,-20,-2,-26,-21,2,8,5,23,23,20,-2,sil
6.346940279006958,11,13,17,-10,0,-20,-28,3,-5,-5,28,31,15,2,sil
6.346940279006958,4,15,10,-7,-2,-13,-25,0,-15,-14,17,15,-7,-9,sil
6.363049983978272,-9,14,1,-2,5,2,-10,-2,-30,-18,-3,-1,-27,-26,sil
6.363049983978272,-15,16,5,16,17,17,6,-1,-24,-2,-9,-9,-16,-22,sil
6.379195213317871,-15,7,3,20,13,10,4,-2,-11,4,-8,-16,-6,-10,sil
6.379195213317871,-17,-7,-5,3,0,8,-8,-1,-17,-4,-18,-20,-14,-7,sil
6.393054485321045,-17,-18,-16,-10,-11,16,-3,-2,-14,-2,-33,-24,-14,-5,sil
6.408192157745361,-13,-24,-11,-27,-19,4,3,-1,5,6,-38,-27,0,1,sil
6.408192157745361,-2,-22,-11,-34,-22,-9,3,3,18,-3,-21,-12,11,6,sil
6.423346281051636,9,-6,0,-21,-19,-14,2,2,19,-19,3,12,13,3,sil
6.423346281051636,15,8,7,-4,-10,-14,0,3,9,-20,11,19,6,0,sil
6.439010620117188,13,11,1,6,1,-9,-3,1,-7,-20,6,9,-2,1,sil
6.439010620117188,11,13,9,19,12,1,2,0,-10,-8,13,10,0,11,sil
6.45421576499939,12,18,13,35,14,9,11,-1,3,16,21,16,10,18,sil
6.45421576499939,7,14,4,33,9,10,8,-1,6,12,15,6,0,3,sil
6.469827651977539,4,13,4,14,9,10,6,1,4,-3,11,0,-12,-9,sil
6.469827651977539,10,17,4,15,16,11,9,2,10,12,17,4,2,4,sil
6.484907388687134,8,7,7,21,13,8,-2,0,8,21,12,11,11,12,sil
6.484907388687134,0,-7,1,11,3,0,-18,-1,4,5,3,9,3,1,sil
6.50097131729126,-5,-7,-7,0,0,-4,-8,1,2,3,0,0,1,2,sil
6.50097131729126,-6,-6,-5,-5,0,-5,2,0,-12,0,-11,-12,0,0,sil
6.516302347183228,-8,-15,-10,-11,-5,-14,-1,-4,-22,-8,-24,-26,-16,-19,sil
6.516302347183228,-16,-18,-13,-20,-6,-12,-1,0,-14,-10,-20,-25,-18,-18,sil
6.532384157180786,-14,-12,-5,-19,-2,5,11,6,1,2,0,-12,0,0,sil
6.532384157180786,0,-6,1,-10,1,13,15,1,7,18,18,2,17,10,sil
6.547892808914185,8,0,7,0,4,4,3,0,0,16,23,10,18,12,sil
6.547892808914185,6,2,1,6,0,-3,1,1,5,5,8,5,10,7,sil
6.563904523849487,8,3,-1,0,-3,0,1,-2,21,1,0,7,7,0,sil
6.563904523849487,6,6,-8,-14,-4,3,-2,0,21,0,2,10,4,0,sil
6.579540014266968,1,3,-6,-8,-13,-5,-7,6,9,-1,0,1,0,3,sil
6.579540014266968,0,0,8,6,-13,-6,-6,6,-2,2,-6,0,-5,0,sil
6.59537935256958,-5,0,2,5,0,4,-5,0,-12,0,-10,6,-11,-1,sil
6.59537935256958,-17,-2,-5,-11,0,0,-7,-5,-24,-20,-19,0,-18,-11,sil
6.610970735549927,-17,-6,-2,-15,-13,-6,0,-7,-27,-29,-28,-15,-20,-22,sil
6.610970735549927,-11,-3,0,-5,-8,4,19,-8,-11,-15,-25,-17,-13,-14,sil
6.626144886016846,-3,0,5,-5,5,5,21,-1,4,-5,-14,0,-7,0,sil
6.626144886016846,4,0,8,-3,8,-8,0,0,3,-2,0,7,0,-1,sil
6.642155885696411,9,8,8,8,11,-10,-20,-2,-2,0,9,1,9,-4,sil
6.642155885696411,9,17,9,21,15,1,-17,2,2,0,10,4,15,9,sil
6.658003807067871,11,18,8,26,10,9,-4,6,18,11,18,16,15,19,goodbye
6.658003807067871,12,17,10,18,8,10,0,0,17,17,22,16,10,11,goodbye
6.673313617706299,5,8,0,7,5,7,1,0,2,9,5,-5,-1,1,goodbye
6.673313617706299,-4,-9,-3,-4,-8,-1,-4,1,-3,-1,-3,-21,-10,1,goodbye
6.689351320266724,-1,-19,-4,-12,-16,-12,-9,-5,0,-6,0,-12,-10,3,goodbye
6.689351320266724,4,-10,-11,-5,-2,-7,-2,-4,-5,-9,-1,-3,-10,-2,goodbye
6.704970121383667,-1,0,-2,0,7,3,1,1,-11,-2,-2,-2,-3,-4,goodbye
6.704970121383667,-7,-4,-2,0,2,1,2,3,0,10,6,0,8,3,goodbye
6.72007155418396,-1,-10,-8,-3,0,-7,4,2,4,7,3,6,7,3,goodbye
6.72007155418396,2,-3,-4,-3,1,-3,5,3,-1,0,-4,2,0,-1,goodbye
6.735317707061768,0,2,-2,8,3,6,6,0,-1,8,0,-2,4,0,goodbye
6.735317707061768,0,-1,0,9,0,10,6,1,2,11,11,6,19,8,goodbye
6.751352071762085,-7,-9,-6,-6,-10,5,11,4,5,6,10,6,20,5,goodbye
6.751352071762085,-9,-13,-8,-16,-10,4,8,2,7,5,-3,-4,7,-2,goodbye
6.767328262329102,0,-4,3,-5,0,4,0,1,13,5,-1,3,6,3,goodbye
6.767328262329102,8,11,5,3,-3,-4,0,0,25,8,16,16,14,10,goodbye
6.782132863998413,1,9,0,-9,-9,-7,0,0,20,7,4,2,0,-2,goodbye
6.782132863998413,-8,-13,-9,-23,-7,-3,-11,-3,-1,-5,-24,-20,-20,-20,goodbye
6.79738712310791,-12,-16,-10,-15,-2,-7,-15,-11,-22,-21,-20,-17,-24,-23,goodbye
6.79738712310791,-5,1,1,-7,2,-6,0,-7,-26,-19,-4,0,-20,-11,goodbye
6.812975645065308,7,9,0,-8,1,0,8,3,-10,-6,-5,3,-13,0,goodbye
6.81340479850769,17,14,8,5,1,0,0,2,0,-8,0,8,-3,1,goodbye
6.829079389572144,18,30,21,25,11,0,-3,5,1,-10,14,19,3,1,goodbye
6.829079389572144,9,26,9,20,12,0,-4,7,-1,-7,15,11,5,2,goodbye
6.845215082168579,-4,4,4,8,1,-9,-15,1,-13,-15,6,2,0,-2,goodbye
6.845215082168579,-7,0,5,15,6,-5,-14,-5,-23,-16,3,0,-8,-9,goodbye
6.860246896743774,0,10,5,21,11,0,-6,-4,-24,-10,-2,-11,-12,-8,goodbye
6.860246896743774,5,8,1,16,2,-1,-3,-1,-18,-3,-11,-17,-6,0,goodbye
6.875260829925537,7,1,5,11,4,4,3,-3,-7,0,-7,-3,-2,6,goodbye
6.891397953033447,2,0,4,5,14,20,11,0,0,5,-5,-1,-5,10,goodbye
6.891397953033447,-10,-8,-9,-1,0,17,4,4,9,19,-9,-14,1,10,goodbye
6.891397953033447,-20,-21,-10,-15,-15,2,-6,1,20,30,-3,-4,16,6,goodbye
6.906056880950928,-16,-19,-4,-17,-4,5,5,0,23,21,1,6,15,4,goodbye
6.906056880950928,-3,-8,0,-3,5,14,31,1,19,14,-5,-1,6,10,goodbye
6.921441078186035,2,-6,6,2,-3,14,31,1,18,21,-7,-2,7,17,goodbye
6.93745756149292,-8,-19,-14,-7,-12,7,12,-3,18,21,-5,-5,7,7,goodbye
6.938459396362305,-22,-31,-27,-25,-13,0,2,-5,8,1,-12,-12,0,-6,goodbye
6.938459396362305,-5,-20,-4,-23,-10,-6,4,4,5,-4,-4,0,-2,-3,goodbye
6.954046010971069,15,0,5,0,0,-1,4,10,21,13,21,17,14,9,goodbye
6.954046010971069,11,0,5,8,4,-1,0,5,24,17,32,17,24,11,goodbye
6.968588829040527,4,-7,0,-6,-3,-13,-5,-1,9,4,20,5,10,4,goodbye
6.985239744186401,11,-3,0,-12,-12,-21,-11,-6,-3,-3,8,3,0,-1,goodbye
6.985239744186401,15,10,2,-4,-10,-20,-16,0,-11,-18,2,7,0,-8,goodbye
6.985239744186401,10,20,-6,0,-4,-10,-18,0,-17,-38,-2,0,-12,-14,goodbye
6.999349594116211,3,18,-4,-3,0,-2,-18,-8,-24,-39,-6,-4,-18,-16,goodbye
7.0149085521698,2,14,3,-1,1,-11,-17,-4,-28,-28,-6,-4,-9,-16,goodbye
7.0149085521698,8,18,8,0,7,-19,-18,0,-20,-25,-8,0,-14,-11,goodbye
7.030083179473877,12,23,10,7,10,-10,-15,-1,-2,-12,-1,9,-13,-4,goodbye
7.030083179473877,5,20,7,16,6,0,-5,0,-3,1,11,8,3,-3,goodbye
7.045657157897949,-7,8,0,11,10,1,-3,0,-22,-9,4,0,0,-9,goodbye
7.045657157897949,-10,0,-4,7,11,1,-6,-2,-19,-14,-11,-1,-13,-11,goodbye
7.061339855194092,-3,2,7,11,3,8,1,0,0,10,0,6,-5,-2,goodbye
7.061339855194092,-5,7,6,10,6,16,17,6,4,24,12,3,3,5,goodbye
7.077078580856323,-9,3,-10,15,11,13,16,6,-2,10,0,-9,0,5,goodbye
7.077078580856323,-6,-3,4,20,4,10,2,3,-9,0,-9,-6,-1,5,goodbye
7.092234373092651,-2,-7,12,5,0,16,8,1,-3,7,0,-4,-2,8,goodbye
7.092234373092651,-3,-10,-3,-5,1,19,29,-1,7,24,2,-8,-2,11,goodbye
7.107985734939575,-12,-17,-2,-6,0,19,30,-1,8,25,-1,-6,1,8,goodbye
7.107985734939575,-15,-20,0,-9,-6,15,18,2,8,17,-8,-7,2,2,goodbye
7.123227834701538,-7,-15,-2,-11,-6,5,16,3,14,10,-12,-9,0,-1,goodbye
7.123227834701538,-4,-15,-7,-5,-5,0,11,3,17,5,-13,-5,0,0,goodbye
7.138672351837158,-8,-22,-11,-10,-11,-3,-5,1,17,8,-15,-9,1,2,goodbye
7.138672351837158,-4,-20,-3,-24,-13,-10,-12,0,14,3,-15,-15,1,2,goodbye
7.154413461685181,8,-6,-4,-19,-4,-3,0,-1,15,-4,-11,-3,6,4,goodbye
7.154413461685181,16,0,4,-4,3,2,6,1,22,4,-2,16,18,15,goodbye
7.16947078704834,14,0,8,1,0,-9,-2,1,24,15,6,14,23,23,goodbye
7.16947078704834,10,3,-3,0,-8,-25,-14,-7,6,-5,12,0,10,9,goodbye
7.184940576553345,14,8,0,-1,-15,-26,-21,-6,-9,-25,21,7,8,0,goodbye
7.184940576553345,16,5,6,0,-11,-21,-21,-1,-4,-15,30,25,17,4,goodbye
7.200504779815674,6,6,1,-8,0,-16,-24,-6,-8,-17,19,20,1,-4,goodbye
7.200504779815674,0,16,-4,-8,2,-11,-27,-5,-25,-32,-1,1,-22,-26,goodbye
7.216358661651611,0,25,-2,12,7,-2,-13,1,-13,-15,0,0,-12,-20,goodbye
7.216358661651611,7,31,6,28,24,11,2,5,9,16,22,15,5,0,goodbye
7.232494354248047,13,27,6,23,19,13,3,1,0,17,23,17,-4,0,goodbye
7.232494354248047,4,8,1,6,1,1,-8,-2,-22,-3,8,2,-18,-12,goodbye
7.247941732406616,-10,2,-1,-1,5,-1,-13,0,-20,-4,3,0,-6,-4,goodbye
7.247941732406616,-9,10,0,11,11,-1,-6,2,-12,0,1,0,5,5,goodbye
7.263463735580444,-5,2,4,18,2,0,2,0,-24,-11,-8,-5,-1,-4,goodbye
7.263463735580444,-12,-13,-3,4,-3,13,20,1,-17,-9,-13,-14,-3,-16,goodbye
7.279402494430542,-17,-16,-4,-7,-2,21,34,7,0,-3,-15,-12,-6,-9,goodbye
7.279402494430542,-15,-10,2,-2,-1,13,27,7,-1,-5,-25,-10,-19,0,goodbye
7.29500675201416,-10,-9,-6,1,0,11,18,-1,-5,0,-25,-17,-17,1,goodbye
7.29500675201416,-10,-16,-4,-6,0,12,16,-2,7,10,-16,-14,-2,-1,goodbye
7.31104588508606,-11,-21,-3,-9,-6,4,12,2,23,21,-11,-8,1,0,goodbye
7.31104588508606,-3,-10,3,-1,-6,5,7,-1,19,22,-11,-11,0,8,goodbye
7.327076196670532,6,-2,8,0,-5,9,6,-5,2,5,-15,-12,-3,9,goodbye
7.327076196670532,1,-20,-7,-12,-9,0,6,0,0,0,-16,-10,-7,8,goodbye
7.342323064804077,-7,-28,-13,-23,-13,-10,-1,4,10,7,-14,-13,0,5,goodbye
7.342323064804077,-1,-8,-6,-22,-12,-13,-9,-1,10,0,-12,-15,1,-1,goodbye
7.357947111129761,1,5,-5,-15,-3,-17,-13,-5,4,-11,-1,-4,-5,-7,goodbye
7.357947111129761,-1,4,-3,-9,1,-13,-18,-2,3,-1,15,5,5,0,goodbye
7.37315034866333,10,4,0,-5,-1,-2,-21,2,11,11,27,10,25,11,sil
7.37315034866333,28,11,14,-3,0,-6,-18,1,12,6,30,26,27,17,sil
7.388567924499512,26,15,17,0,0,-15,-16,-4,-4,-8,27,35,20,8,sil
7.388567924499512,22,12,7,4,-2,-12,-22,-6,-21,-17,29,26,17,0,sil
7.404122591018677,26,25,16,15,5,-1,-17,1,-17,-14,41,27,16,0,sil
7.404122591018677,15,38,15,36,21,7,0,5,-4,-4,32,29,4,2,sil
7.420163869857788,-4,18,3,40,22,15,12,1,-1,5,4,7,-12,-1,sil
7.420163869857788,-14,0,-2,27,14,18,22,3,7,15,-3,-9,-10,0,sil
7.436049938201904,-17,0,-1,16,6,15,26,1,13,18,-3,-6,0,1,sil
7.436049938201904,-21,-6,-1,11,1,13,16,0,7,13,-15,-9,-5,-2,sil
7.451107025146484,-19,-19,-8,5,0,8,10,0,11,16,-22,-18,-10,-4,sil
7.451107025146484,-9,-15,-11,-14,-5,-2,5,1,18,10,-21,-7,-1,-1,sil
7.467046976089477,2,-11,-14,-32,-14,-12,0,2,11,-5,-16,4,3,2,sil
7.467046976089477,6,-13,-9,-28,-11,-20,-6,-4,0,-11,-4,2,2,5,sil
7.482462406158447,0,-6,-3,-24,-6,-24,-17,-10,-8,-17,-2,0,0,-3,sil
7.482462406158447,-1,1,-11,-25,-10,-23,-22,-7,-16,-23,-5,-3,-6,-20,sil
7.498525142669678,0,9,-1,-16,-6,-19,-24,-3,-28,-22,-2,-4,-12,-23,sil
7.498525142669678,2,18,8,6,5,-8,-18,0,-33,-25,0,1,-14,-12,sil
7.514153242111206,5,16,7,24,9,6,4,2,-21,-20,2,0,-10,-5,sil
7.514153242111206,4,9,16,18,5,22,22,2,-13,0,5,-6,-5,-3,sil
7.530227899551392,-8,-1,2,9,0,27,16,-2,-19,0,-15,-20,-19,-8,sil
7.530227899551392,-26,-17,-12,8,-1,20,8,-3,-23,-13,-40,-34,-33,-16,sil
7.544368028640747,-26,-19,-6,8,6,23,18,6,-6,7,-23,-24,-15,-1,sil
7.544368028640747,-12,-11,-7,3,9,31,32,12,22,37,4,-7,10,18,sil
7.559900522232056,-7,-11,-6,0,0,22,30,5,36,31,0,-11,10,13,sil
7.576965093612671,0,-12,0,2,-1,5,17,2,38,27,-3,-10,10,9,sil
7.576965093612671,14,-4,4,0,3,-2,1,2,29,27,21,13,22,20,sil
7.576965093612671,16,0,5,-9,-3,-12,-16,3,13,12,29,25,24,18,sil
7.591115236282349,10,0,4,-6,-9,-21,-21,-1,12,2,13,13,16,11,sil
7.592115640640259,11,-1,16,-7,-1,-20,-15,-4,15,0,8,13,16,11,sil
7.606351375579834,15,-4,9,-14,-6,-20,-12,-6,0,-9,12,15,12,6,sil
7.621973514556885,20,1,0,-8,-17,-23,-14,-7,-10,-10,12,13,5,0,sil
7.621973514556885,21,17,6,2,-5,-13,-9,0,0,-3,12,17,11,3,sil
7.638031959533691,14,19,4,0,11,0,-5,2,8,0,12,17,20,6,sil
7.638031959533691,4,9,0,-4,7,-1,-14,1,-5,-7,6,8,5,0,sil
7.653177976608276,-4,2,-8,0,-4,-7,-20,0,-16,-20,-9,0,-20,-10,sil
7.653177976608276,-13,0,-12,-5,-3,-11,-18,-4,-14,-25,-20,-11,-27,-21,sil
7.668427467346191,-11,1,-6,-17,2,-13,-16,-6,-19,-19,-6,-3,-17,-22,sil
7.668427467346191,0,13,-5,-3,0,-6,-10,-3,-20,-13,4,6,-17,-15,sil
7.683754205703735,-2,14,-3,10,-3,5,-2,-3,-18,-14,-4,-1,-17,-10,sil
7.683754205703735,-16,0,-4,0,0,13,3,-1,-16,-10,-6,-10,-6,-10,sil
7.6994311809539795,-15,-5,-2,3,7,14,9,-1,-11,-1,-2,-5,-8,-10,sil
7.6994311809539795,-3,2,11,33,13,20,18,1,-3,7,-10,-6,-15,-5,sil
7.714928865432739,0,3,12,40,15,32,32,8,2,27,-6,-9,6,5,sil
7.714928865432739,-5,-14,1,10,12,32,37,10,6,30,3,-5,21,15,sil
7.730055332183838,-14,-24,-7,-3,2,17,25,7,12,16,-3,-10,0,10,sil
7.730055332183838,-12,-9,-2,2,-2,2,12,0,22,12,-10,-14,-4,2,sil
7.745288848876953,-6,-5,4,-2,-2,-2,12,2,27,16,-7,-10,11,0,sil
7.745288848876953,-6,-18,-4,-19,-8,-6,11,3,28,18,-8,-11,9,3,sil
7.760962009429932,0,-11,-3,-16,-10,-6,0,-1,25,15,-5,0,8,11,sil
7.760962009429932,18,8,2,-1,-3,-8,-12,-4,16,7,5,20,19,20,sil
7.776141166687012,16,2,-1,-10,-5,-22,-17,-2,0,-12,7,16,15,12,sil
7.776141166687012,5,-3,-3,-32,-13,-34,-28,-2,-17,-38,8,6,3,-2,sil
7.791275978088379,10,8,-3,-25,-14,-25,-25,-4,-24,-44,18,7,-2,-12,sil
7.791275978088379,12,19,3,-3,0,-6,-5,-1,-22,-29,15,6,-12,-17,sil
7.806940793991089,5,22,10,15,16,5,8,2,-20,-13,1,0,-18,-11,sil
7.806940793991089,7,23,8,33,20,8,7,0,-17,-4,2,-5,-14,-2,sil
7.82318377494812,3,17,8,34,15,11,4,0,-10,7,9,-1,-7,0,sil
7.82318377494812,-9,3,0,22,7,20,8,2,0,20,2,1,-2,1,sil
7.838250398635864,-6,-6,3,16,0,22,9,4,8,25,-5,2,0,12,sil
7.838250398635864,6,-7,5,10,1,13,12,0,16,28,-1,0,6,17,sil
7.853912115097046,6,-11,-7,1,3,5,17,-2,21,33,1,-4,14,16,sil
7.853912115097046,-5,-27,-9,-13,-10,0,8,1,17,23,-4,-4,12,8,sil
7.869447231292725,-11,-31,-15,-26,-18,-8,-6,1,15,4,-13,-5,7,0,sil
7.869447231292725,-6,-18,-13,-25,-9,-15,-16,-5,11,-7,-12,-2,0,-2,sil
7.885094881057739,0,-6,-1,-18,-6,-15,-26,-4,0,-12,-1,4,-3,0,sil
7.885094881057739,0,-4,-4,-22,-14,-21,-36,-4,-9,-25,-2,3,1,-8,sil
7.900571346282959,-6,-7,-6,-31,-15,-26,-38,-5,-21,-38,-4,2,0,-20,sil
7.900571346282959,-12,-2,-2,-23,-9,-21,-27,-2,-25,-29,3,7,-12,-21,sil
7.915818214416504,-5,13,1,-10,-2,-9,-19,-2,-27,-22,3,3,-14,-21,sil
7.915818214416504,6,25,9,3,4,-1,-18,-5,-38,-31,-1,0,-10,-24,sil
7.932392835617065,10,26,14,27,12,8,-3,-3,-27,-18,8,6,-7,-11,sil
7.932392835617065,6,28,22,33,20,26,21,11,4,15,16,16,2,10,sil
7.948455572128296,7,24,14,27,21,35,38,16,22,30,9,5,10,16,sil
7.948455572128296,8,10,5,35,16,26,37,1,11,20,-1,-14,2,6,sil
7.964094400405884,0,0,8,33,12,23,38,0,1,14,-13,-16,-5,5,sil
7.96427059173584,-10,-3,-3,11,9,23,40,4,11,19,-21,-18,-6,7,sil
7.979905605316162,-19,-15,-15,-6,1,8,20,-1,11,10,-24,-28,-15,2,sil
7.979905605316162,-19,-29,-18,-15,-12,-2,6,-1,9,3,-21,-30,-10,0,sil
7.99494481086731,-9,-29,-16,-20,-18,-4,14,2,30,17,-9,-12,11,7,sil
7.99494481086731,1,-16,-2,-22,-11,-11,8,2,40,20,0,6,19,15,sil
8.01074481010437,8,-8,0,-14,-2,-14,-4,0,25,7,8,13,20,15,sil
8.01074481010437,10,-3,-3,-9,1,-12,-9,1,16,4,28,24,32,13,sil
8.025898694992065,17,4,-2,-13,1,-14,-13,5,16,3,38,26,27,9,sil
8.025898694992065,14,5,-2,-22,-6,-20,-19,-1,2,-11,23,15,3,-5,sil
8.050131559371948,0,4,-1,-10,-10,-26,-31,-10,-21,-28,6,9,-12,-18,sil
8.050131559371948,0,19,2,20,3,-19,-32,-8,-37,-27,5,10,-17,-13,sil
8.050131559371948,13,35,20,35,18,-1,-13,0,-35,-16,14,14,-9,-1,sil
8.058228254318237,11,31,23,32,16,10,0,3,-20,-5,18,16,-4,2,sil
8.072415351867676,-3,11,5,29,5,10,0,0,-19,2,9,10,-10,5,sil
8.088956594467163,-8,-10,1,19,0,15,10,-1,-25,8,-3,0,-9,6,sil
8.088956594467163,-9,-20,2,3,-1,22,25,-1,-10,12,-16,-15,-5,2,sil
8.105247974395752,-16,-25,-9,-12,-10,13,7,-3,3,7,-33,-27,-12,-6,sil
8.105247974395752,-17,-34,-19,-24,-17,-6,-9,-7,3,-2,-38,-27,-12,-12,sil
8.105247974395752,-11,-28,-15,-29,-14,-8,-5,-4,3,-1,-24,-25,0,-6,sil
8.120304584503174,-9,-8,-1,-25,-9,0,-7,1,7,6,-13,-18,4,-2,sil
8.136059045791626,1,3,1,-9,-4,-4,-12,3,10,4,-10,-4,5,0,sil
8.136059045791626,14,5,2,-6,-2,-8,-9,0,7,-5,0,8,7,-1,sil
8.136059045791626,8,8,-2,-18,-8,-4,-3,1,2,-9,9,11,2,-7,sil
8.152283668518066,6,13,-1,-6,-5,-5,0,2,1,-6,14,9,0,-5,sil
8.152283668518066,20,27,20,15,13,-4,0,2,-4,-10,19,15,6,0,sil
8.16689920425415,12,29,13,13,21,3,5,0,-10,-12,16,13,3,-10,sil
8.16689920425415,-12,8,-6,4,12,6,12,0,-9,-18,0,-3,-10,-17,sil
8.183886289596558,-19,-2,-4,12,9,7,9,4,-9,-18,-13,-16,-17,-7,sil
8.183886289596558,-14,-3,-2,21,8,15,7,3,-2,2,-16,-13,-11,1,sil
8.19846487045288,-7,-7,1,16,5,23,18,2,15,26,-8,-1,0,16,sil
8.19846487045288,4,-12,-4,1,3,22,26,8,40,37,0,1,18,34,sil
8.214441776275635,9,-16,-5,-12,0,10,18,9,50,38,8,1,21,31,sil
8.229998350143433,8,-18,1,-9,-6,0,7,0,40,27,12,8,12,19,sil
8.229998350143433,9,-13,-3,-5,-9,-9,0,-8,19,12,11,11,13,13,sil
8.229998350143433,4,0,-5,-14,-6,-21,-15,-7,-2,-2,7,7,8,4,sil
8.244307279586792,0,6,-3,-14,-7,-27,-20,-5,-12,-16,7,2,-3,-8,sil
8.259934425354004,2,4,3,-3,-10,-24,-18,-11,-17,-23,7,3,0,-12,sil
8.259934425354004,2,7,10,3,-2,-18,-21,-6,-31,-21,5,10,4,-9,sil
8.275914430618286,1,11,0,3,0,-12,-20,-1,-38,-15,2,5,-10,-8,sil
8.275914430618286,0,10,1,0,0,-6,-14,0,-24,-12,6,2,-12,-9,sil
8.292004585266113,2,16,10,13,8,-3,-8,7,-7,-3,17,12,0,-9,sil
8.292004585266113,2,20,6,28,15,1,-3,1,-11,0,13,9,-5,-10,sil
8.30748462677002,-6,6,5,15,13,13,0,-5,-26,-8,-9,-11,-19,-13,sil
8.30748462677002,-19,-9,0,2,2,17,5,-2,-23,-7,-22,-24,-16,-13,sil
8.323373794555664,-17,-9,-3,7,-1,16,8,0,-9,-2,-28,-20,-15,-10,sil
8.323373794555664,-1,3,-1,16,10,29,21,2,7,4,-25,-12,-13,0,sil
8.338417530059814,0,7,1,16,13,31,31,10,13,15,-8,-7,1,9,sil
8.338417530059814,-11,-8,-2,-1,-13,13,15,9,1,12,-5,-6,7,11,sil
8.35394835472107,-11,-22,-12,-14,-23,4,1,0,4,10,-12,-11,2,4,sil
8.35394835472107,0,-19,-5,-7,-8,0,8,1,22,20,-7,-4,6,3,sil
8.369181632995605,2,-17,-3,-11,-7,-8,16,2,30,18,-3,0,10,11,sil
8.369181632995605,0,-21,-15,-26,-12,-13,9,0,31,6,-4,-5,6,11,sil
8.384373188018799,-2,-24,-15,-34,-9,-16,-2,-2,27,-3,0,-7,3,0,sil
8.384373188018799,-2,-21,-10,-33,-10,-24,-14,-7,20,-6,7,0,10,-3,sil
8.399952411651611,13,-7,2,-26,-8,-22,-23,-6,15,-1,16,17,24,11,sil
8.399952411651611,29,14,10,-12,2,-14,-20,2,11,-1,25,35,26,17,sil
8.415460586547852,14,23,5,-2,5,-12,-15,0,-4,-13,25,20,8,1,sil
8.415460586547852,-4,19,9,4,7,-3,-13,-4,-22,-17,11,0,-12,-10,sil
8.431122303009033,4,25,8,16,13,8,-2,1,-17,-8,0,0,-15,-7,sil
8.431122303009033,18,35,8,18,14,6,2,5,-7,-4,4,9,-6,-5,sil
8.44621753692627,10,28,14,18,7,0,0,1,-14,-5,8,11,-2,-4,sil
8.44621753692627,0,9,12,16,0,2,5,-1,-19,-3,1,3,-6,1,sil
8.462247371673584,-3,0,9,10,3,9,4,0,-12,-5,-4,-8,-6,0,sil
8.462247371673584,-3,0,-1,12,5,5,-3,3,-11,-6,-6,-9,-3,-9,sil
8.47759199142456,-6,-2,-3,12,-1,-1,-10,-6,-28,-14,-9,1,-10,-15,sil
8.47759199142456,-6,-2,0,10,-1,0,-14,-9,-31,-13,-7,2,-14,-9,sil
8.492865085601807,-2,3,-2,18,8,10,-2,0,-10,6,0,-5,-2,-1,sil
8.492865085601807,-5,3,-2,17,12,10,9,2,4,17,4,1,8,2,sil
8.508881092071533,-10,-9,-8,1,0,11,12,0,13,10,-1,5,6,5,sil
8.508881092071533,-10,-14,-4,0,-7,16,12,1,16,9,-11,-6,0,4,sil
8.524275064468384,-4,-5,4,10,0,7,15,8,9,18,-4,-11,0,2,sil
8.524275064468384,-2,-6,-9,8,4,1,14,7,13,20,4,-4,4,2,sil
8.54029631614685,-6,-18,-10,-10,-3,8,10,1,26,14,-4,-2,7,7,sil
8.54029631614685,-4,-16,-5,-17,-8,1,8,-5,18,11,-9,-9,6,11,sil
8.556209802627563,1,-10,-8,-14,-10,-13,-1,-8,-3,0,-4,-9,0,10,sil
8.556209802627563,0,-18,-5,-27,-19,-20,-10,-2,-14,-12,-13,-10,-9,3,sil
8.572271585464478,-2,-22,-8,-37,-16,-23,-5,2,3,-5,-23,-17,-10,0,sil
8.572271585464478,0,-9,-11,-37,-4,-19,0,1,22,1,-13,-7,0,3,sil
8.587231159210205,0,0,-9,-36,-3,-5,-9,-2,16,-11,0,1,0,-6,sil
8.587231159210205,-4,0,-5,-27,0,-6,-20,-7,-1,-26,4,-8,-12,-29,sil
8.60300612449646,-1,15,7,-2,15,-2,-13,-1,-8,-13,16,-6,-9,-25,sil
8.60300612449646,10,29,16,24,20,14,5,6,-2,17,30,10,8,0,sil
8.617939710617065,12,29,20,37,19,24,14,4,-11,14,20,9,3,5,sil
8.617939710617065,0,21,11,39,13,23,22,2,-20,-5,-4,-3,-6,0,sil
8.63406229019165,-3,5,1,34,-1,21,35,2,3,12,-4,0,10,13,sil
8.63406229019165,8,-6,6,18,-10,12,25,8,33,34,7,12,26,26,sil
8.649354696273804,11,-8,7,0,-11,-5,0,7,32,22,4,16,22,13,sil
8.649354696273804,0,-15,0,-20,-18,-25,-14,0,11,3,0,13,20,1,sil
8.665491104125977,0,-15,-9,-27,-18,-33,-18,-3,-8,-19,0,14,8,0,sil
8.665491104125977,16,3,-2,-6,-3,-26,-25,-4,-21,-41,6,26,-2,-5,sil
8.68062424659729,22,16,15,11,2,-15,-34,-8,-25,-39,14,34,2,-7,sil
8.696213722229004,5,10,5,4,-4,-12,-36,-13,-32,-34,9,14,-8,-14,goodbye
8.696213722229004,-2,13,4,5,0,-14,-33,-10,-40,-39,3,4,-26,-17,goodbye
8.696213722229004,3,21,14,28,11,-2,-16,-1,-25,-17,15,16,-11,0,goodbye
8.712251901626587,-3,14,7,30,9,14,2,2,-1,12,14,10,7,7,goodbye
8.712251901626587,-16,3,1,12,8,21,12,7,8,14,-5,-5,1,-4,goodbye
8.728038787841797,-10,-3,-6,12,14,14,17,9,12,17,-14,-8,-9,-4,goodbye
8.728038787841797,-8,-4,-9,14,11,10,13,4,6,27,-10,-14,-13,0,goodbye
8.743240594863892,-8,0,-1,4,5,16,10,0,0,20,-2,-18,-5,-3,goodbye
8.743240594863892,0,-3,-7,-1,4,14,11,-1,0,9,-6,-18,-2,0,goodbye
8.759236097335815,-7,-9,-15,-13,0,3,5,-1,-8,3,-26,-30,-18,0,goodbye
8.759236097335815,-12,-6,-18,-22,-2,4,9,-1,-3,2,-34,-41,-20,-7,goodbye
8.774973154067993,-6,-13,-18,-30,-4,12,23,-1,15,3,-27,-35,-8,-5,goodbye
8.774973154067993,-14,-30,-17,-48,-12,6,19,4,18,2,-28,-34,-9,3,goodbye
8.790048360824585,-16,-27,-19,-54,-9,0,5,2,16,2,-26,-35,-13,2,goodbye
8.790048360824585,-2,-11,-8,-34,2,0,5,0,23,9,-4,-22,1,0,goodbye
8.805402517318726,0,-7,-1,-12,5,2,10,5,28,24,17,-9,26,6,goodbye
8.820920705795288,3,-5,7,-3,4,0,3,3,19,27,19,1,34,16,goodbye
8.820920705795288,22,6,17,4,4,-5,3,-3,8,18,17,24,28,22,goodbye
8.820920705795288,15,9,11,13,-5,-5,9,-1,8,11,28,35,26,15,goodbye
8.836420774459839,-8,-2,7,10,-10,-3,-1,2,6,-4,18,25,12,-3,goodbye
8.854266881942749,-1,-4,8,14,-4,0,-6,0,2,-19,-1,18,-8,-10,goodbye
8.854266881942749,19,4,21,29,-6,0,-1,-2,0,-12,8,33,0,0,goodbye
8.854266881942749,18,3,27,34,-9,-8,-14,0,-8,-11,23,45,15,1,goodbye
8.868429899215698,5,2,5,27,-6,-20,-24,0,-24,-24,10,34,1,-3,goodbye
8.884888172149658,4,16,-1,23,-1,-14,-13,0,-33,-31,2,17,-12,0,goodbye
8.884888172149658,6,22,1,24,0,-4,-3,-1,-27,-26,2,8,-14,-1,goodbye
8.884888172149658,5,17,0,14,0,-12,-10,-4,-15,-20,-2,3,-13,-5,goodbye
8.899911880493164,7,18,4,0,0,-13,-12,0,-7,-8,-2,1,-5,-2,goodbye
8.899911880493164,7,16,2,2,5,-1,-6,2,0,9,4,-2,0,-1,goodbye
8.916961431503296,-1,2,0,1,6,0,-6,-3,1,17,14,-5,0,-4,goodbye
8.916961431503296,-8,-5,-2,-9,2,-2,-9,-1,-9,7,13,-9,0,0,goodbye
8.931039810180664,-10,-1,-10,-14,5,6,-5,0,-17,-7,-6,-18,-3,-2,goodbye
8.946563243865967,-11,3,-7,-13,5,9,0,0,-1,-12,-15,-22,-14,-12,goodbye
8.946563243865967,-12,-1,-8,-12,0,1,0,0,17,2,-1,-18,-7,-8,goodbye
8.963274717330933,-13,-15,-10,-19,1,1,-2,1,12,11,-4,-17,1,1,goodbye
8.963274717330933,-14,-13,-14,-22,4,7,0,3,2,6,-22,-17,0,0,goodbye
8.978979587554932,-9,-4,-10,-12,1,9,12,0,2,1,-18,-8,0,-7,goodbye
8.978979587554932,-2,-1,3,-11,4,11,18,-3,2,0,-3,4,2,-4,goodbye
8.978979587554932,5,1,7,-5,3,11,14,-6,1,3,0,3,6,-1,goodbye
8.994100570678711,12,7,15,13,0,5,2,-2,1,4,-2,0,3,0,goodbye
8.994100570678711,14,2,12,22,5,4,-3,3,6,9,-11,5,-3,7,goodbye
9.010177612304688,8,-7,-6,9,0,2,0,0,9,13,-12,2,0,11,goodbye
9.010177612304688,0,-16,-6,-8,-16,-5,-1,-3,2,3,1,0,9,7,goodbye
9.025609493255615,-3,-14,-4,-11,-18,-7,-4,4,3,0,8,0,9,5,goodbye
9.042157888412476,0,-2,-2,0,0,1,2,8,0,0,-1,-6,0,6,goodbye
9.042157888412476,2,0,4,9,4,9,10,4,-4,-6,-6,-7,-4,6,goodbye
9.042157888412476,7,-2,1,3,-1,6,13,1,4,3,10,8,3,10,goodbye
9.058793067932127,3,4,-2,0,0,0,16,1,4,12,19,15,10,12,goodbye
9.058793067932127,-4,6,0,10,1,1,18,0,-1,5,12,0,1,2,goodbye
9.072364091873167,-4,-1,-1,9,0,4,16,-3,3,2,0,-10,-13,-12,goodbye
9.08738374710083,0,-5,-6,-7,5,0,6,0,2,0,-18,-19,-23,-21,goodbye
9.08738374710083,0,-1,-8,-8,2,-7,-6,-1,-6,-8,-19,-21,-15,-13,goodbye
9.10302710533142,3,3,10,4,-5,-6,-15,-4,-6,-5,11,0,3,7,goodbye
9.10302710533142,1,5,11,14,1,0,-13,-1,-6,5,18,12,7,8,goodbye
9.118739366531372,-15,-2,3,7,12,1,-14,0,-10,10,-5,-1,-3,-3,goodbye
9.118739366531372,-21,-7,1,-8,2,-2,-12,0,-8,1,-5,0,0,0,goodbye
9.134535551071169,-6,0,0,-10,-4,-3,0,0,5,0,11,14,12,8,goodbye
9.134535551071169,0,7,-1,-2,4,-2,5,4,17,8,9,15,8,0,goodbye
9.150150299072266,-3,0,-9,-7,1,-8,0,2,12,0,-3,0,-4,-9,goodbye
9.150150299072266,0,-2,-8,-16,-12,-12,-5,-1,5,-13,-6,-1,-1,0,goodbye
9.165428876876833,12,6,5,-10,-12,-1,0,1,14,-4,5,15,21,14,goodbye
9.165428876876833,23,11,4,-3,-1,0,1,0,19,5,18,23,34,12,goodbye
9.18219256401062,27,13,10,0,0,-15,-9,-2,8,-1,20,20,27,4,goodbye
9.18219256401062,23,19,12,6,-1,-18,-12,-1,1,-1,17,19,17,7,goodbye
9.197563648223875,6,6,-5,-3,-3,-12,-15,-6,-4,-12,4,7,0,-7,goodbye
9.197563648223875,-14,-14,-10,-10,-5,-12,-24,-12,-26,-38,-16,-9,-27,-30,goodbye
9.213408946990969,-17,-7,-3,6,-2,-11,-14,-5,-32,-32,-22,-16,-35,-25,goodbye
9.213408946990969,-8,0,0,5,-3,-3,-3,0,-22,-15,-14,-7,-23,-11,goodbye
9.228967905044556,-8,-5,-4,-2,-7,3,-8,-1,-24,-22,-7,-3,-17,-11,goodbye
9.228967905044556,-9,0,-3,14,5,15,2,1,-27,-16,-4,-12,-19,-12,goodbye
9.244079113006592,-4,13,7,18,23,30,24,11,-6,6,-4,-18,-16,-4,goodbye
9.244079113006592,-4,3,7,8,17,25,20,9,13,10,-1,-10,-7,5,goodbye
9.260097980499268,0,-4,13,20,2,8,4,-2,6,10,3,0,3,12,goodbye
9.260097980499268,7,4,13,33,4,17,7,-1,4,28,3,4,9,14,goodbye
9.275508880615234,2,0,0,17,8,30,17,5,13,34,0,-2,3,13,goodbye
9.275508880615234,-7,-14,-4,-3,3,14,15,2,2,16,-6,-9,-1,5,goodbye
9.292062044143677,-2,-12,-7,-1,-4,3,9,-1,-4,13,-9,-10,0,8,goodbye
9.292062044143677,1,-4,-4,0,-5,17,10,4,11,30,-9,-12,4,25,goodbye
9.30737018585205,-2,-11,-5,-13,0,17,17,10,21,33,-11,-18,4,23,goodbye
9.30737018585205,-5,-22,-14,-28,-4,-6,14,2,18,18,-6,-20,0,2,goodbye
9.32300853729248,0,-19,-5,-31,-14,-17,3,0,14,2,-2,-5,4,-1,goodbye
9.32300853729248,6,-7,3,-16,-6,-13,5,5,19,5,-1,6,20,7,goodbye
9.338032007217407,10,0,3,-7,8,-13,7,2,21,11,4,14,27,13,goodbye
9.338032007217407,7,-3,-4,-18,-1,-16,-7,-7,5,1,10,17,19,6,goodbye
9.35336184501648,-2,-1,-12,-23,-21,-20,-22,-11,-14,-24,6,13,6,-7,goodbye
9.35336184501648,-9,6,-6,-14,-13,-21,-21,-5,-19,-41,7,12,-3,-17,goodbye
9.368650674819946,-2,13,-6,-8,1,-17,-10,0,-1,-16,19,14,0,-18,goodbye
9.368650674819946,8,18,0,-5,2,-11,-11,-2,3,-1,20,14,4,-18,goodbye
9.384089708328249,4,23,11,4,1,-13,-27,-4,-17,-28,8,11,-6,-24,goodbye
9.384089708328249,-3,21,6,16,6,-22,-37,-5,-30,-35,9,9,-16,-25,goodbye
9.399273157119753,6,19,6,22,12,-24,-33,-3,-26,-18,20,18,-7,-11,goodbye
9.399273157119753,13,17,8,23,10,-12,-18,0,-21,-13,18,18,0,0,goodbye
9.414920330047607,-2,4,6,16,0,0,-6,-1,-13,-2,6,0,-2,-1,goodbye
9.414920330047607,-10,0,11,20,-4,10,5,0,1,14,3,-7,0,0,goodbye
9.431031703948976,1,4,5,34,8,27,24,4,18,20,4,-3,9,15,goodbye
9.431031703948976,2,0,-2,20,14,38,30,5,17,14,-4,-2,-1,17,goodbye
9.447055578231812,-2,-12,-7,0,0,29,20,-1,0,0,-21,-12,-24,4,goodbye
9.447055578231812,1,-11,2,1,-7,11,14,-6,-10,-15,-27,-21,-25,0,goodbye
9.463337898254396,-1,-6,8,-5,-2,5,18,-2,-1,-13,-23,-20,-14,6,sil
9.463337898254396,-11,-7,-5,-8,2,17,17,2,10,0,-28,-19,-12,2,sil
9.478411436080933,-11,-7,-2,7,3,28,14,5,17,10,-33,-17,-12,3,sil
9.478411436080933,-6,-8,-2,0,0,18,12,8,29,22,-23,-15,-5,12,sil
9.493942022323608,0,-9,-7,-20,0,3,10,8,47,26,-2,-2,9,15,sil
9.493942022323608,6,-6,2,-14,1,0,8,8,47,19,4,7,21,13,sil
9.509968042373655,3,-6,2,-4,-4,-4,5,5,30,12,-4,-4,8,2,sil
9.509968042373655,-1,-11,-3,-19,-7,-13,-2,0,15,6,-9,-10,0,-3,sil
9.52605366706848,3,-12,-3,-16,-1,-13,-6,-1,17,8,7,6,20,6,sil
9.52605366706848,10,-2,0,-1,0,-12,-8,-4,2,3,17,13,24,6,sil
9.542097330093384,2,5,0,-5,1,-15,-17,-5,-25,-16,11,3,6,-9,sil
9.542097330093384,-7,0,-11,-12,0,-16,-19,-6,-24,-16,10,0,0,-18,sil
9.55815815925598,-12,-10,-16,-15,-14,-14,-17,-5,-17,0,5,6,1,-19,sil
9.55815815925598,-6,-8,-10,-16,-19,-12,-12,0,-25,2,5,12,2,-15,sil
9.57401967048645,4,0,-3,-10,-6,-15,-8,0,-30,-1,27,13,12,-2,sil
9.57401967048645,9,14,8,-5,0,-19,-12,0,-44,-6,33,17,6,-1,sil
9.589146375656128,7,21,2,0,-7,-13,-11,0,-62,-15,10,9,-12,-13,sil
9.589146375656128,3,11,0,2,-7,-6,-10,0,-61,-21,0,-1,-16,-12,sil
9.604347944259644,3,11,8,3,3,-6,-10,-1,-55,-12,12,2,-6,-2,sil
9.604347944259644,6,17,10,21,12,1,2,0,-49,4,14,0,-3,0,sil
9.61991810798645,4,12,15,37,16,22,14,3,-42,1,-5,-6,-5,0,sil
9.61991810798645,0,9,13,30,17,29,12,0,-40,-11,-15,-1,-7,5,sil
9.635335683822632,-1,12,6,14,16,22,10,-8,-46,-10,-2,11,-3,7,sil
9.635335683822632,-4,4,3,11,14,21,13,-1,-27,1,3,9,2,10,sil
9.650907516479492,-7,-5,-1,19,10,11,12,8,15,13,-8,-5,5,13,sil
9.650907516479492,1,1,3,21,9,0,6,3,35,15,-11,-2,3,12,sil
9.66630721092224,12,9,4,13,8,7,9,0,26,7,-1,3,2,13,sil
9.66630721092224,0,-6,-4,1,0,10,12,0,20,0,-7,-7,-2,9,sil
9.682079315185549,-16,-16,-8,0,-10,0,7,2,39,1,-21,-16,-7,1,sil
9.682079315185549,-10,-4,-8,0,-7,0,8,2,79,20,-19,-11,-1,1,sil
9.697492361068726,0,-7,-2,-16,-12,0,9,0,107,28,-9,-11,4,0,sil
9.697492361068726,-15,-28,-17,-33,-21,-9,-5,-1,113,11,-15,-19,-1,-8,sil
9.71347951889038,-23,-31,-29,-38,-16,-19,-17,-1,124,-5,-24,-18,-10,-11,sil
9.71347951889038,-3,-21,-10,-31,-8,-11,-2,7,145,1,-15,-11,-2,-2,sil
9.72833776473999,12,-13,5,-23,-7,-5,0,7,142,11,0,-3,10,3,sil
9.72833776473999,14,-8,6,-25,-7,-15,-26,-9,98,-13,12,10,9,1,sil
9.743240118026732,20,2,3,-15,-5,-14,-30,-12,58,-41,20,19,-1,-5,sil
9.743240118026732,20,18,13,2,1,-2,-6,-1,46,-35,20,15,-9,-13,sil
9.759738683700562,2,20,14,3,7,-3,-8,-6,29,-27,10,8,-17,-16,sil
9.77341604232788,-6,15,3,10,6,-3,-17,-9,10,-24,10,0,-17,-14,sil
9.77341604232788,-3,19,10,36,15,18,3,6,14,3,17,0,0,-5,sil
9.789971590042114,-3,12,6,41,20,35,30,12,12,37,9,0,10,5,sil
9.789971590042114,2,0,-6,17,13,25,34,3,-28,39,-2,2,10,18,sil
9.789971590042114,10,0,4,2,6,11,29,4,-78,27,2,11,20,26,sil
9.804406881332396,-2,-7,1,-4,-4,0,22,3,-116,18,6,8,26,15,sil
9.820156335830688,-11,-12,-9,-19,-12,-13,1,-4,-167,0,-5,0,13,-2,sil
9.820156335830688,8,3,-2,-9,-1,-17,-13,-3,-210,-7,5,12,7,-4,sil
9.835352182388306,17,14,2,4,3,-13,-16,-2,-242,-10,27,21,5,-5,sil
9.835352182388306,-6,4,-5,-3,-7,-14,-23,-1,-281,-24,10,5,-7,-18,sil
9.85092282295227,-18,0,-9,4,-7,-9,-16,0,-294,-14,-12,-14,-11,-19,sil
9.85092282295227,-12,3,4,27,6,4,0,1,-286,6,-17,-20,-9,0,sil
9.866550207138062,-9,-2,3,15,3,6,8,5,-286,6,-24,-19,-15,15,sil
9.866550207138062,-1,-15,-7,-12,-11,-5,4,1,-260,9,-21,-7,-2,20,sil
9.882278680801392,2,-25,-5,-30,-18,-18,-8,-1,-198,8,-8,6,15,15,sil
9.882278680801392,0,-22,-11,-38,-18,-23,-26,-4,-139,-13,-6,0,3,-3,sil
9.897887945175173,2,0,-3,-30,-7,-15,-28,-5,-67,-25,1,2,-6,-18,sil
9.897887945175173,8,21,9,-1,6,-2,-10,-1,62,-18,21,19,0,-12,sil
9.91390347480774,5,24,8,31,12,6,0,1,194,-13,11,8,-4,-7,sil
9.91390347480774,-4,20,9,34,16,17,1,1,319,-4,-3,-13,-17,-12,sil
9.929981708526611,-8,13,1,18,17,23,4,-1,530,7,5,-17,-16,-12,sil
9.929981708526611,-2,5,-1,16,12,22,7,-3,618,0,2,-16,-17,-12,sil
9.945734739303589,6,3,8,26,9,29,11,-2,334,-2,-16,-18,-18,-4,sil
9.945734739303589,17,2,11,26,9,31,27,1,138,21,-7,-9,-1,23,sil
9.961469888687134,16,-8,10,5,4,23,37,5,386,33,12,4,12,38,sil
9.961469888687134,-2,-26,-7,-12,-4,14,32,0,656,19,4,3,7,19,sil
9.977126359939575,-13,-27,-14,-16,-12,7,21,-2,893,13,-11,-8,0,6,sil
9.977126359939575,-3,-14,-4,-16,-6,0,14,3,1238,19,-13,-4,9,11,sil
9.992273092269896,-1,-19,-6,-23,1,-8,6,4,1110,16,-4,12,21,12,sil
9.992273092269896,-6,-19,-3,-25,-1,-14,-6,1,303,2,6,24,21,8,sil
10.008187294006348,0,5,0,-18,-8,-20,-17,4,-699,-4,10,19,11,0,sil
10.008187294006348,-1,11,-6,-15,-8,-29,-29,-1,-1534,-10,3,7,3,-12,sil
10.023330211639404,-6,0,-9,-15,-8,-29,-32,-6,-1732,-15,0,0,2,-14,sil
10.023330211639404,1,2,-8,-17,-9,-26,-18,-1,-1258,-11,6,2,2,-14,sil
10.038960933685305,10,8,7,-15,-7,-27,-17,1,-863,-17,10,15,-3,-22,sil
10.038960933685305,3,6,6,-4,-5,-19,-21,-2,-703,-32,4,6,-8,-23,sil
10.060576915740969,-5,9,-4,-2,-8,-9,-16,-4,-421,-35,-9,-15,-9,-13,sil
10.060576915740969,1,16,7,2,-5,-3,-8,4,-150,-16,-3,-5,-7,-3,sil
10.060576915740969,21,20,20,30,1,7,2,8,-8,6,21,18,1,5,sil
10.070250511169434,14,15,16,37,2,12,0,-1,109,0,15,10,3,5,sil
10.085880517959597,-7,10,3,19,3,7,-7,-7,197,-10,-12,-10,-6,-1,sil
10.085880517959597,-7,9,-2,21,16,17,5,-1,268,7,-16,-13,-6,3,sil
10.102000951766968,-1,4,-1,29,24,32,24,1,329,15,-10,-12,0,14,sil
10.102000951766968,-10,-11,-8,19,13,32,26,-3,351,8,-12,-23,-8,1,sil
10.117761850357056,-19,-19,-7,6,6,27,25,-5,370,15,-8,-22,-18,-10,sil
10.117761850357056,-9,-9,0,9,8,23,31,5,384,29,3,-1,-2,9,sil
10.132874250411987,4,-7,1,7,2,14,28,5,369,29,11,11,18,30,sil
10.132874250411987,2,-19,-4,-15,-10,-2,6,0,324,17,4,3,17,14,sil
10.148919582366943,-3,-18,-14,-27,-14,-20,-9,-2,272,10,-1,-3,6,-2,sil
10.148919582366943,2,-6,-1,-21,0,-26,-11,0,232,10,3,8,10,0,sil
10.16496729850769,9,-2,6,-19,3,-21,-16,2,177,0,7,16,9,0,sil
10.16496729850769,4,5,-4,-17,-9,-16,-25,0,89,-25,2,5,-9,-18,sil
10.180108308792114,0,19,-1,-13,-7,-13,-26,-2,12,-44,3,0,-23,-19,sil
10.180108308792114,1,16,1,-6,3,-7,-24,-1,-29,-38,3,0,-20,-8,sil
10.196079730987549,-2,6,0,8,3,5,-15,0,-61,-22,-10,-4,-19,-10,sil
10.196079730987549,-7,1,0,19,3,16,6,-1,-86,-7,-19,-15,-17,-12,sil
10.212165832519531,-4,-4,-3,12,6,17,19,-1,-98,5,-19,-15,-4,1,sil
10.212165832519531,0,-8,0,6,-2,13,17,6,-94,22,-7,0,11,23,sil
10.226954460144045,2,-5,6,5,-9,3,16,8,-86,43,14,13,26,30,sil
10.226954460144045,3,-8,6,-12,-12,-11,8,-1,-102,34,16,11,30,16,sil
10.243167161941528,1,-15,-4,-36,-20,-17,-2,-1,-118,4,0,1,22,3,sil
10.243167161941528,0,-11,-14,-33,-16,-16,-10,2,-106,0,0,-1,10,-2,sil
10.259106159210203,1,3,-3,-12,2,-14,-16,0,-98,0,12,8,3,-7,sil
10.259106159210203,10,17,1,1,10,-14,-14,-2,-109,-11,11,17,3,-9,sil
10.274208545684814,14,19,5,0,3,-11,-13,-4,-109,-24,13,16,0,-9,sil
10.274208545684814,15,21,16,4,4,0,-10,-4,-94,-26,17,14,-14,-8,sil
10.289364576339722,9,25,12,31,18,18,12,0,-76,-16,4,3,-19,-4,sil
10.289364576339722,-5,21,6,47,29,31,29,4,-55,-3,-9,-14,-13,-1,sil
10.304499626159668,-9,4,2,40,19,31,23,2,-28,3,-9,-18,-11,-1,sil
10.304499626159668,-8,-11,0,16,0,16,12,-2,-18,1,-12,-12,-8,0,sil
10.32050323486328,-15,-22,-1,-1,-9,1,12,-1,-13,5,-29,-16,-10,0,sil
10.32050323486328,-15,-29,-7,-1,-15,-3,14,-3,13,15,-29,-24,-12,-1,sil
10.336261749267578,-7,-28,-8,-12,-18,-9,1,0,39,11,-13,-15,-1,5,sil
10.336261749267578,0,-19,-10,-27,-13,-16,-9,6,46,3,-5,0,13,11,sil
10.352494955062866,10,-7,-2,-17,-2,-14,-17,3,51,1,6,11,22,11,sil
10.352494955062866,11,4,7,-4,0,-9,-21,-3,56,0,30,19,25,9,sil
10.367928266525269,2,16,2,-5,1,-8,-17,-8,49,0,35,18,17,0,sil
10.367928266525269,0,21,4,-1,2,-5,-20,-7,32,-2,20,9,0,-9,sil
10.38335633277893,-5,16,0,6,0,0,-23,0,23,-13,10,0,-9,-14,sil
10.38335633277893,-14,13,-8,11,5,4,-6,4,26,-15,3,-3,-9,-17,sil
10.399004697799684,-6,13,2,16,16,12,9,6,32,-10,-9,-8,-15,-9,sil
10.399004697799684,0,-1,1,13,8,28,19,5,42,1,-25,-23,-20,0,sil
10.414178609848022,-11,-26,-13,-13,-6,28,30,3,54,16,-33,-34,-11,-1,sil
10.414178609848022,-13,-27,-19,-27,0,8,31,7,64,26,-25,-23,2,2,sil
10.430267572402954,3,-10,-8,-5,1,0,18,6,61,27,-5,1,11,17,sil
10.430267572402954,10,-9,5,0,-13,-2,1,2,41,19,1,16,12,16,sil
10.445924997329712,0,-19,-1,-23,-19,-19,-10,0,15,2,-1,14,8,0,sil
10.445924997329712,1,-6,-1,-25,-5,-24,-18,-1,0,-10,8,23,7,-4,sil
10.461263656616213,22,20,13,3,6,-8,-9,-5,-10,-7,25,34,14,6,sil
10.461263656616213,24,21,8,9,0,-7,0,-9,-29,-6,15,27,9,9,sil
10.477192163467407,4,4,-3,-16,-12,-26,-9,-7,-52,-26,2,18,-4,-2,sil
10.477192163467407,7,12,-1,-13,-8,-27,-16,-3,-49,-31,16,18,-3,-3,sil
10.492902278900146,20,29,17,19,8,-10,-12,-3,-40,-13,21,11,1,6,sil
10.492902278900146,12,15,17,28,10,-2,-10,-1,-44,-7,0,-8,-7,1,sil
10.50898003578186,2,0,2,17,3,-1,-9,2,-35,-8,0,-16,-11,-6,sil
10.50898003578186,6,11,11,22,11,6,-6,1,-18,1,20,1,0,2,sil
10.524285793304443,4,17,17,32,11,18,-2,-1,-19,11,19,7,5,8,sil
10.524285793304443,-13,3,5,21,4,25,1,-6,-29,2,-6,-10,-8,-5,sil
10.539328813552856,-22,-5,-5,5,5,23,10,-6,-25,-2,-17,-24,-14,-15,sil
10.539328813552856,-17,-9,-11,2,11,16,20,0,-11,9,-8,-20,-2,-5,sil
10.554922342300417,-20,-11,-4,0,11,18,25,7,-4,14,-11,-13,-3,0,sil
10.554922342300417,-17,-11,-9,2,2,20,24,8,-2,9,-17,-18,-10,-2,sil
10.57148027420044,-5,-14,-10,4,-8,8,12,5,0,8,-15,-21,-4,-2,sil
10.57148027420044,-14,-19,-9,-4,-10,1,5,4,10,3,-24,-19,0,-1,sil
10.58609700202942,-29,-23,-17,-26,-11,1,10,1,22,0,-35,-26,-6,-7,sil
10.58609700202942,-17,-24,-10,-40,-18,-6,2,2,27,5,-28,-30,-2,-10,sil
10.602138757705688,-7,-23,-11,-32,-22,-15,-9,2,34,11,-18,-16,1,-5,sil
10.602138757705688,-12,-25,-17,-30,-18,-13,-3,0,37,14,-15,0,2,0,sil
10.618351936340332,0,-17,-5,-32,-6,-8,2,0,34,14,-9,9,9,7,sil
10.618351936340332,23,0,-3,-18,4,-10,-7,0,29,3,5,18,9,1,sil
10.63299560546875,18,7,0,-17,4,-15,-23,-3,10,-13,18,20,1,-8,sil
10.64839482307434,12,7,2,-21,-5,-16,-20,-1,-4,-18,21,20,6,-1,sil
10.64839482307434,22,20,9,3,-3,-12,-8,-3,0,-18,24,34,17,13,sil
10.664972305297852,31,37,20,25,14,-6,-6,-2,-1,-19,32,46,19,17,sil
10.664972305297852,33,38,19,26,20,0,-6,3,-8,-1,42,40,21,16,sil
10.664972305297852,32,32,21,33,15,1,-2,5,-1,6,47,33,21,17,sil
10.67907214164734,20,25,14,36,12,0,-1,0,-2,-6,35,26,8,10,sil
10.69426655769348,-1,16,-3,19,5,-2,-12,-7,-25,-20,8,7,-9,-8,sil
10.69426655769348,-10,6,0,11,0,-1,-19,-9,-34,-19,0,-6,-18,-17,sil
10.71029567718506,-4,0,7,22,0,0,-7,-6,-24,-7,0,-12,-15,-8,sil
10.71029567718506,-8,0,6,22,0,7,4,-1,-25,0,-8,-14,-14,0,sil
10.7259202003479,-8,8,9,21,4,23,12,4,-20,13,-5,-9,-12,4,sil
10.7259202003479,4,5,13,30,10,26,26,6,6,30,3,-3,0,11,sil
11.536186456680298,4,1,4,-3,2,-8,-15,-5,11,3,1,-2,4,9,sil
11.536186456680298,6,1,2,-8,-1,-18,-17,-8,-5,-1,1,5,1,0,sil
11.552417278289797,4,0,-5,-8,-14,-29,-24,-12,-14,-11,5,13,3,-11,sil
11.552417278289797,2,0,2,-5,-17,-24,-32,-7,-19,-12,13,21,8,-5,sil
11.568002223968506,-2,8,4,-6,-7,-12,-20,-5,-22,-8,8,16,0,-2,sil
11.568002223968506,-4,16,5,-3,0,-7,-10,-7,-27,-20,2,11,-13,-13,sil
11.583803415298462,10,16,10,5,2,-9,-18,0,-25,-33,14,20,-4,-7,sil
11.583803415298462,22,18,13,8,3,-6,-22,1,-18,-28,21,25,2,7,sil
11.598951816558838,25,25,21,13,1,2,-12,-1,-15,-9,11,27,0,10,sil
11.598951816558838,29,23,24,28,0,2,0,0,-8,12,20,33,11,12,sil
11.615012407302856,13,9,22,15,3,-8,0,3,1,13,34,29,18,9,sil
11.615012407302856,-5,3,9,-2,5,-2,-1,-1,0,-5,13,4,-8,-11,sil
11.631105661392212,5,13,5,18,13,11,8,-2,-1,-15,-12,-12,-18,-16,sil
11.631105661392212,10,14,5,30,18,12,15,9,14,-9,-8,-7,1,4,sil
11.646241426467896,-7,-4,-16,8,3,12,18,14,29,-2,-3,-10,7,16,sil
11.646241426467896,-11,-14,-18,4,-6,13,19,5,12,0,-14,-14,-4,8,sil
11.662339687347412,-6,-5,2,16,5,11,12,-2,-9,2,-17,-7,-7,-1,sil
11.662339687347412,-7,-3,0,5,11,11,7,-3,-7,15,-8,-6,-4,-5,sil
11.678256750106812,-8,-8,-9,0,4,14,17,3,2,26,-4,-17,-2,-2,sil
11.678256750106812,-15,-12,-18,10,13,19,27,4,11,27,-9,-30,0,-6,sil
11.693818807601929,-27,-14,-17,0,20,20,20,0,10,16,-14,-36,-3,-16,sil
11.693818807601929,-29,-14,-18,-22,0,6,6,1,4,6,-21,-34,-8,-17,sil
11.708900928497314,-25,-17,-25,-35,-19,-8,-4,-2,0,4,-32,-36,-16,-13,sil
11.708900928497314,-13,-18,-12,-40,-16,-1,-9,-7,-11,0,-35,-32,-15,0,sil
11.725010871887209,3,-8,0,-20,-3,5,1,3,-9,0,-17,-12,0,15,sil
11.725010871887209,11,-1,2,0,0,0,7,3,8,4,4,8,12,19,sil
11.741092205047607,4,-9,3,-8,-6,-7,0,-4,19,12,3,11,7,14,sil
11.741092205047607,-6,-18,-5,-16,-20,-7,-1,-8,12,7,-11,-1,0,0,sil
11.756341695785522,-8,-13,-4,-11,-19,-7,-3,-6,6,-6,-4,-1,-1,-14,sil
11.756341695785522,12,5,11,4,0,-6,-2,2,16,3,28,31,15,5,sil
11.77256202697754,35,18,25,13,9,-9,0,7,24,18,53,62,36,35,sil
11.77256202697754,28,10,20,0,-4,-20,-19,0,4,-3,40,51,25,21,sil
11.788506031036375,13,2,7,-4,-18,-29,-38,-7,-16,-27,17,23,0,-4,sil
11.788506031036375,13,11,15,10,-8,-24,-33,-10,-19,-22,13,19,-2,-3,sil
11.804171800613403,11,21,9,16,0,-15,-22,-8,-15,-22,16,17,0,-5,sil
11.804171800613403,3,24,-3,8,-1,-10,-19,0,-20,-29,8,5,-8,-21,sil
11.819255828857422,8,25,11,15,9,-1,-4,9,-20,-15,9,5,-3,-10,sil
11.819255828857422,15,22,16,27,19,10,9,5,-8,0,16,12,6,10,sil
11.835311889648438,2,13,-2,3,8,6,0,0,-14,-8,3,4,-3,3,sil
11.835311889648438,-8,0,-12,-22,-1,-4,-13,-1,-32,-22,-12,-14,-25,-14,sil
11.850919723510742,-10,-5,0,-6,3,0,0,0,-21,-25,-16,-24,-31,-20,sil
11.850919723510742,-13,3,-1,19,11,15,19,5,0,-14,-20,-27,-20,-19,sil
11.866543531417848,-11,5,-8,23,13,26,24,8,7,7,-22,-35,-6,-8,sil
11.866543531417848,-17,-11,-2,10,15,31,28,4,14,24,-15,-34,0,2,sil
11.882199764251707,-27,-26,-13,-5,8,31,31,-1,26,33,-17,-27,-1,0,sil
11.882199764251707,-13,-25,-18,-7,-2,27,26,0,23,40,-20,-14,7,4,sil
11.898233413696287,0,-19,0,0,-1,15,23,5,17,36,-9,0,19,19,sil
11.898233413696287,-7,-16,-1,-10,-3,-3,17,0,17,23,-9,0,5,14,sil
11.913484573364258,-8,-11,-6,-18,-10,-8,0,-9,11,10,-17,-6,-3,2,sil
11.913484573364258,1,-11,-5,-12,-12,-5,-8,-5,10,7,-9,0,9,7,sil
11.929386138916016,-5,-21,-14,-25,-13,-22,-7,1,15,4,0,7,13,8,sil
11.929386138916016,-3,-13,-9,-35,-17,-34,-15,1,12,-5,4,14,11,4,sil
11.9449200630188,24,17,5,-5,-10,-23,-18,0,6,-4,31,31,20,4,sil
11.9449200630188,39,35,22,16,8,-12,-14,0,-5,2,50,44,17,3,sil
11.960956335067747,24,23,20,15,10,-6,-13,-3,-26,-11,26,31,-2,-2,sil
11.960956335067747,1,13,4,16,2,2,-13,-8,-40,-34,1,2,-15,-13,sil
11.976991891860962,-4,22,6,17,12,13,-3,0,-35,-33,5,-6,-12,-15,sil
11.976991891860962,0,23,4,25,20,20,12,6,-14,-10,2,-8,-11,-5,sil
11.992524147033691,-6,0,-2,26,5,13,13,4,0,1,-15,-23,-15,-1,sil
11.992524147033691,-10,-16,-4,4,-9,2,4,2,2,2,-23,-26,-12,-1,sil
12.00791311264038,-4,-11,-2,-7,-10,1,0,-1,11,4,-25,-14,-6,0,sil
12.00791311264038,-2,-13,1,-12,-9,0,-9,-3,15,0,-19,-3,-3,3,sil
12.023956537246704,2,-20,-6,-25,-15,-12,-18,0,16,0,0,2,9,5,sil
12.023956537246704,12,-4,-4,-19,-13,-14,-19,1,18,5,19,16,18,4,sil
12.039352893829346,8,18,11,5,6,-1,-13,0,12,0,26,20,7,0,sil
12.039352893829346,0,19,6,13,19,1,-5,-1,-9,-16,13,6,-10,-5,sil
12.06089448928833,-9,0,-2,6,5,0,0,-4,-33,-30,-10,-12,-19,-10,sil
12.06089448928833,-28,-14,-12,5,-6,9,10,-1,-17,-10,-24,-25,-15,-11,sil
12.06089448928833,-29,-18,-16,-5,-3,14,24,5,17,20,-15,-20,-1,0,sil
12.069954872131348,-5,-17,-5,-17,-3,0,20,9,36,37,1,-1,16,12,sil
12.085132122039797,13,-4,3,-11,-2,-13,8,1,36,41,20,12,34,21,sil
12.085132122039797,16,8,10,-11,0,-17,-1,-1,19,19,26,16,29,15,sil
12.100311517715454,10,10,1,-17,-1,-15,-12,-2,-9,-10,22,11,7,-2,sil
12.100311517715454,7,15,-1,-3,3,-6,-8,-5,-26,-17,22,14,-2,-5,sil
12.115951776504517,8,26,8,26,17,8,9,0,-32,-10,10,17,-8,2,sil
12.115951776504517,3,13,1,36,14,22,20,0,-30,-8,-21,-3,-20,0,sil
12.131181240081789,-3,-8,3,17,4,25,16,-2,-14,2,-35,-21,-18,0,sil
12.132181406021118,3,-16,6,0,-1,11,11,-1,8,22,-17,-5,1,10,sil
12.147767066955566,9,-17,-3,-10,-7,-7,0,0,17,21,-4,12,14,8,sil
12.147767066955566,-1,-16,-5,-26,-15,-13,-13,-2,8,-1,-6,8,7,-5,sil
12.163437604904177,-9,-4,-1,-24,-15,-16,-22,-3,-5,-24,-5,1,-4,-21,sil
12.163437604904177,-6,12,2,-3,-2,-14,-24,-3,-23,-33,-1,-1,-15,-26,sil
12.178074598312378,-5,18,0,3,6,1,-12,0,-21,-28,-1,-7,-17,-14,sil
12.178074598312378,-6,13,0,12,9,10,0,2,-9,-25,0,-8,-15,-4,sil
12.194249868392944,-6,7,5,28,8,5,-5,3,-9,-23,-9,-16,-19,-11,sil
12.194249868392944,-13,0,-2,27,4,14,4,8,1,0,-27,-32,-20,-13,sil
12.208374977111816,-9,-10,-8,9,4,26,31,6,28,27,-23,-28,0,3,sil
12.224302768707275,4,-14,-8,-3,0,10,29,3,36,36,-1,-9,19,15,sil
12.224302768707275,-1,-20,-10,-13,-15,-12,0,-1,26,21,1,-2,16,8,sil
12.240943431854248,-6,-18,-4,-19,-21,-15,-10,-1,19,4,0,5,11,9,sil
12.240943431854248,15,-3,-6,-18,-9,-14,-4,0,15,4,18,22,14,14,sil
12.240943431854248,15,1,-2,-20,-2,-21,-14,-4,8,5,35,30,16,10,sil
12.255483388900757,4,2,8,-17,-2,-17,-23,-5,2,-2,34,29,16,8,sil
12.271141052246094,16,16,13,-2,3,-5,-10,-3,-5,-5,30,29,11,7,sil
12.271141052246094,16,26,15,7,7,0,-1,-2,-17,-9,23,23,-1,0,sil
12.286373376846312,7,23,13,19,11,7,-3,0,-17,-1,23,18,0,0,sil
12.286373376846312,17,21,16,34,17,17,2,8,-10,20,27,18,17,14,sil
12.30234694480896,11,10,8,29,9,13,11,7,-12,19,6,1,11,11,sil
12.30234694480896,-9,-5,-3,16,0,12,16,0,-13,4,-18,-19,-5,0,sil
12.317392587661743,-9,0,5,17,12,21,25,0,-7,12,-15,-16,-1,3,sil
12.317392587661743,0,0,-1,14,16,13,27,-1,4,16,-16,-13,0,11,sil
12.333236694335938,-11,-16,-19,-8,0,-1,12,-2,8,-3,-35,-27,-20,0,sil
12.333236694335938,-29,-26,-21,-25,-10,-5,4,-1,4,-12,-38,-33,-25,-14,sil
12.348369121551514,-29,-25,-18,-27,-15,-16,2,-1,4,-8,-33,-25,-12,-20,sil
12.348369121551514,-15,-22,-8,-32,-15,-24,-10,-5,1,-16,-24,-12,-6,-19,sil
12.36436367034912,-3,-9,-5,-29,-11,-9,-17,-4,-4,-23,-1,0,-2,-16,sil
12.36436367034912,3,6,-1,-16,-6,-4,-17,-2,-12,-29,12,8,0,-13,sil
12.37938928604126,13,12,10,-4,-3,-15,-23,2,-13,-27,12,16,-3,-7,sil
12.37938928604126,12,9,8,0,-3,-11,-25,0,-4,-6,18,22,-3,-4,sil
12.39527440071106,1,10,2,-1,0,2,-18,0,-4,-1,19,11,-3,-9,sil
12.39527440071106,-9,7,-6,6,7,12,-4,-1,-19,-12,-2,-16,-21,-17,sil
12.410422801971436,-21,-6,-8,13,6,15,2,-7,-23,-5,-29,-37,-28,-12,sil
12.410422801971436,-15,-11,0,7,-1,12,4,-1,0,13,-26,-20,-6,2,sil
12.426416873931885,6,0,-1,4,-5,7,13,8,31,27,0,3,12,17,sil
12.426416873931885,8,0,4,6,-3,8,17,8,36,28,6,1,15,24,sil
12.442582845687866,5,-6,11,8,1,8,13,3,30,21,-4,-2,20,20,sil
12.442582845687866,21,0,14,9,3,0,10,3,30,21,6,17,29,17,sil
12.45799207687378,23,4,9,3,-7,-9,6,3,17,15,24,36,24,19,sil
12.45799207687378,10,3,-3,-3,-12,-10,-2,0,-2,-5,16,26,10,13,sil
12.4739511013031,11,6,6,-7,-2,-12,-9,0,-9,-20,8,15,1,3,sil
12.4739511013031,15,13,13,1,1,-9,-6,0,0,-7,21,16,3,-1,sil
12.489378690719604,8,19,2,11,8,-2,-7,-7,-3,2,28,14,9,-9,sil
12.489378690719604,1,17,0,5,16,-4,-15,-6,-20,-10,14,8,6,-12,sil
12.505483388900757,2,9,2,5,13,-7,-14,6,-25,-19,8,6,-2,-1,sil
12.505483388900757,3,9,6,24,9,1,-3,1,-27,-9,12,7,-7,5,sil
12.52122950553894,-4,6,1,21,13,15,10,-4,-24,4,-1,-3,-8,0,sil
12.52122950553894,-21,-10,-13,0,10,16,26,0,-11,6,-24,-27,-15,-10,sil
12.53693389892578,-28,-25,-11,-10,-3,12,26,5,-3,2,-27,-36,-20,-10,sil
12.53693389892578,-25,-24,-13,-12,-11,15,23,3,1,11,-25,-26,-12,-7,sil
12.552346467971802,-20,-18,-12,-16,0,18,28,5,20,22,-25,-14,-5,-1,sil
12.552346467971802,-16,-20,-8,-16,1,11,24,6,32,15,-18,-11,-6,2,sil
12.567148685455322,-12,-20,-11,-18,-13,-5,0,-2,22,2,-11,-16,-5,-2,sil
12.567148685455322,-2,-5,-2,-9,-16,-10,-17,-7,7,-6,-12,-16,0,-5,sil
12.5830819606781,13,5,1,0,-6,-5,-16,-6,10,-4,-5,-6,6,5,sil
12.5830819606781,18,0,0,-12,-6,-9,-19,-3,12,0,9,11,15,14,sil
12.598549365997314,17,3,2,-17,-6,-19,-25,-1,-4,-12,19,25,15,12,sil
12.598549365997314,20,11,7,1,-5,-22,-25,-7,-19,-23,13,19,8,0,sil
12.614432334899902,8,10,13,0,-4,-18,-30,-9,-16,-19,6,11,2,-11,sil
12.614432334899902,4,12,3,-9,5,-15,-27,0,-3,-8,17,19,7,-6,sil
12.629961252212524,17,20,2,3,14,-11,-15,1,-5,-8,30,31,11,3,sil
12.629961252212524,17,21,11,16,5,-7,-9,0,-16,-16,19,22,3,-2,sil
12.645973682403564,4,17,5,22,0,-3,2,3,-15,-11,0,-2,-8,-7,sil
12.645973682403564,-5,6,2,23,7,11,20,4,-5,9,-5,-14,-6,1,sil
12.661082029342651,-17,-5,-2,19,18,28,26,-1,4,30,-3,-12,1,3,sil
12.661082029342651,-18,-3,-2,15,15,26,21,-2,0,22,-4,-16,-4,-5,sil
12.67633819580078,-5,2,4,14,2,18,22,7,-6,8,-9,-20,-12,-4,sil
12.67633819580078,-10,-6,0,9,-4,18,22,7,0,10,-21,-21,-11,2,sil
12.692579746246338,-25,-23,-10,-16,-11,10,4,-1,4,2,-32,-22,-19,-4,sil
12.692579746246338,-21,-27,-16,-33,-18,0,-11,-2,5,-7,-28,-23,-26,-12,sil
12.708414316177368,-5,-19,-7,-19,-17,1,-1,1,16,4,-18,-12,-13,0,sil
12.708414316177368,2,-13,1,-6,-11,2,13,5,22,16,-8,0,0,12,sil
12.723949432373049,7,-6,1,-5,-5,-6,3,2,21,9,4,9,6,12,sil
12.723949432373049,11,1,10,-8,-2,-10,-13,-1,17,0,12,21,17,16,sil
12.73902702331543,20,5,6,-7,-1,-10,-6,-1,14,-2,21,27,28,15,sil
12.73902702331543,24,10,0,-1,2,-11,0,1,7,-5,37,29,25,2,sil
12.755255460739136,14,17,5,6,6,-14,-8,0,-7,-15,32,27,14,-4,sil
12.755255460739136,1,11,-3,0,0,-18,-9,-3,-14,-19,15,14,8,-9,sil
12.77029299736023,-2,2,-3,-13,0,-17,-6,1,-13,-15,7,5,3,-13,sil
12.77029299736023,3,6,2,-2,5,-6,-2,6,-9,-4,4,6,-1,-6,sil
12.785641431808472,3,10,1,16,6,-2,1,2,-7,0,2,2,-2,1,sil
12.785641431808472,-3,10,4,18,13,-1,-1,1,-12,-3,0,-3,-1,0,sil
12.801188468933104,0,14,5,23,22,8,-4,0,-9,6,0,-4,0,-3,sil
12.81736946105957,5,6,10,24,9,21,1,-2,-1,13,2,0,0,3,sil
12.81736946105957,-6,-9,3,12,3,28,10,-4,0,7,-9,-11,-9,6,sil
12.81736946105957,-22,-10,-14,5,22,23,13,-8,-12,4,-27,-32,-20,-1,sil
12.832230567932127,-24,-14,-16,-10,1,10,7,-5,-27,-3,-33,-43,-23,-14,sil
12.832230567932127,-14,-26,-12,-22,-39,7,7,-1,-17,-10,-35,-36,-20,-14,sil
12.848434209823608,2,-10,0,1,-10,16,20,1,16,10,-16,-7,0,8,sil
12.848434209823608,6,10,5,13,26,9,21,1,33,30,9,10,19,26,sil
12.863611936569214,-3,-6,-5,-15,-2,-19,0,0,17,11,2,0,8,6,goodbye
12.87834858894348,-7,-17,-6,-28,-14,-31,-17,0,2,-12,-13,-1,-5,-8,goodbye
12.87834858894348,0,0,-2,-16,0,-17,-12,0,8,-6,0,8,6,4,goodbye
12.893553018569946,10,3,3,-16,-19,-12,-11,-3,12,6,20,11,19,10,goodbye
12.893553018569946,11,-1,7,-19,-33,-20,-18,-1,2,5,19,19,8,-3,goodbye
12.90912699699402,2,0,2,-15,-19,-16,-20,1,-6,-12,8,24,-1,-15,goodbye
12.90912699699402,8,11,11,-5,-7,-5,-16,1,-8,-24,14,24,4,-8,goodbye
12.925262689590454,27,25,17,22,4,-2,-8,4,-4,-13,28,27,11,5,goodbye
12.925262689590454,18,29,11,31,14,-5,-12,2,-12,-12,23,16,0,0,goodbye
12.941286563873293,-6,19,-2,11,12,-1,-16,0,-18,-20,12,-2,-9,-11,goodbye
12.941286563873293,-14,4,-12,15,6,7,0,1,-10,-11,3,-18,-11,-13,goodbye
12.957351207733154,-18,-5,-7,23,3,17,10,4,-2,-1,-18,-26,-12,-7,goodbye
12.957351207733154,-15,-7,-5,12,7,27,13,0,4,8,-20,-20,-5,2,goodbye
12.972477912902832,-1,-9,3,6,14,29,22,-2,10,22,-8,-8,-2,11,goodbye
12.972477912902832,1,-13,7,4,12,22,25,1,7,21,-16,-5,-9,10,goodbye
12.988015174865724,-2,-17,-9,-4,5,13,19,-1,7,16,-23,-5,-5,5,goodbye
12.988015174865724,-5,-23,-7,-10,-3,4,14,-5,9,11,-18,-3,0,5,goodbye
13.004125356674194,-9,-26,-4,-15,-13,-3,11,-1,9,7,-14,-7,-3,7,goodbye
13.004125356674194,-8,-15,-13,-30,-8,-5,5,2,13,13,-4,-5,6,6,goodbye
13.021206617355348,0,-3,-5,-26,0,-11,2,2,17,15,0,3,14,0,goodbye
13.021206617355348,9,1,5,-6,0,-18,0,0,19,7,4,10,11,2,goodbye
13.034939050674438,19,6,15,-6,-3,-20,-12,1,15,2,26,25,21,10,goodbye
13.034939050674438,23,14,11,-9,-8,-22,-16,-1,0,0,38,32,24,0,goodbye
13.0509831905365,13,23,0,0,-4,-21,-18,-7,-20,-17,19,15,1,-11,goodbye
13.0509831905365,4,25,3,8,12,-11,-22,-2,-28,-27,6,2,-11,-6,goodbye
13.067047357559204,4,19,8,19,16,-6,-12,5,-15,-13,18,0,0,-6,goodbye
13.067047357559204,-3,17,8,23,4,-4,-4,1,-14,-7,14,-5,-2,-14,goodbye
13.086106061935425,-12,15,-1,15,8,9,-7,-3,-24,-18,-15,-23,-21,-14,goodbye
13.086106061935425,-12,7,-1,17,14,28,4,-1,-25,-22,-33,-28,-30,-11,goodbye
13.086106061935425,-6,0,2,21,5,30,23,3,-21,-11,-26,-15,-18,-4,goodbye
13.09813404083252,-4,-9,-9,11,-4,18,20,1,-5,6,-13,-11,0,4,goodbye
13.114160537719728,-8,-16,-11,-3,-6,15,9,0,14,13,-6,-15,5,5,goodbye
13.114160537719728,-13,-17,-5,-4,-5,16,18,3,21,13,-8,-9,4,6,goodbye
13.130171060562134,-9,-22,-10,-5,-8,5,23,5,21,18,-8,-6,9,7,goodbye
13.130171060562134,-7,-26,-6,-18,-14,-9,6,3,20,14,-4,-3,12,3,goodbye
13.14624047279358,-6,-20,-6,-23,-17,-14,-8,-1,13,2,-2,10,9,4,goodbye
13.14624047279358,2,-8,-2,-17,-10,-15,-11,0,5,-2,3,24,9,8,goodbye
13.163896799087524,17,3,5,-12,0,-14,-13,6,10,-1,15,24,7,8,goodbye
13.163896799087524,18,7,5,-9,-3,-16,-18,0,11,-3,14,18,0,3,goodbye
13.163896799087524,8,6,6,-5,-12,-23,-26,-10,-7,-7,14,19,-2,-5,goodbye
13.177913665771484,11,17,8,5,-1,-14,-23,-8,-22,-6,22,23,-1,-11,goodbye
13.193963527679443,14,26,13,21,14,4,-11,-5,-16,-5,19,18,-4,-4,goodbye
13.193963527679443,-2,12,3,22,10,15,-4,-3,-13,-5,3,-3,-14,0,goodbye
13.209112167358398,-17,-6,-10,12,6,19,0,-2,-14,3,-13,-25,-18,-2,goodbye
13.209112167358398,-7,-11,0,0,11,22,11,-1,0,19,-21,-24,-6,3,goodbye
13.224259614944458,4,-10,0,-12,0,9,11,2,20,25,-15,-11,11,12,goodbye
13.224259614944458,2,-6,-6,-26,-8,-10,0,5,20,9,-2,2,17,5,goodbye
13.2403244972229,9,9,5,-17,3,-15,-2,5,8,-6,12,18,19,1,goodbye
13.2403244972229,18,16,10,-1,5,-14,2,1,0,-11,14,16,12,2,goodbye
13.25596809387207,5,10,6,0,0,-9,1,0,-9,-17,3,0,-5,-4,goodbye
13.25596809387207,-6,12,4,16,12,7,10,0,-8,-11,5,-13,-7,-9,goodbye
13.272276163101196,-11,11,7,34,21,18,23,-2,-15,0,0,-24,-2,-7,goodbye
13.272276163101196,-21,-7,-6,22,4,17,24,0,-14,1,-30,-33,-15,-8,goodbye
13.288238048553469,-18,-18,-19,3,-8,17,22,1,17,15,-25,-25,-9,-1,goodbye
13.288238048553469,-8,-13,-2,-2,-5,8,18,1,38,29,-4,-6,12,13,goodbye
13.303107738494871,-14,-18,-9,-17,-9,-12,3,1,18,10,-14,-6,7,7,goodbye
13.303107738494871,-15,-21,-22,-35,-18,-22,-16,0,0,-14,-19,-3,-8,-13,goodbye
13.319223165512083,3,-5,-5,-29,-9,-10,-16,0,-5,-23,0,17,-4,-13,goodbye
13.319223165512083,11,3,0,-9,3,-5,-1,0,-7,-23,15,23,1,0,goodbye
13.334354400634766,7,1,2,-5,0,-13,-10,2,-4,-15,16,11,-1,-1,goodbye
13.334354400634766,11,4,6,-8,-9,-8,-28,2,-2,-5,16,7,-3,-8,goodbye
13.349945545196531,14,13,9,8,5,10,-17,-1,-14,-4,18,9,-3,-2,goodbye
13.349945545196531,9,15,15,30,18,19,0,0,-19,3,12,3,-8,3,goodbye
13.365979194641112,0,15,3,36,15,11,0,2,-9,13,0,-2,-14,-4,goodbye
13.365979194641112,-4,14,1,26,11,6,-7,-2,-17,1,-1,3,-10,-4,goodbye
13.38203191757202,0,1,10,19,-15,3,0,-1,-17,1,4,10,7,15,goodbye
13.38203191757202,3,-8,7,20,-44,0,14,-1,0,16,-1,4,13,20,goodbye
13.398009061813354,0,-6,6,15,-5,10,21,0,11,25,-15,-1,4,9,goodbye
13.398009061813354,4,-11,0,2,42,13,19,1,29,32,-11,1,15,16,goodbye
13.41337275505066,13,-18,0,-13,25,-10,5,1,51,25,9,15,38,32,goodbye
13.41337275505066,18,-3,6,-26,-9,-27,-11,-3,33,0,20,25,35,19,goodbye
13.428720474243164,14,7,-5,-31,-21,-21,-17,-8,-3,-20,9,17,9,-4,goodbye
13.428720474243164,8,5,-8,-24,-16,-15,-13,-1,-12,-24,2,8,-2,-13,goodbye
13.444263458251951,2,8,1,-13,2,-13,-4,2,-3,-17,10,4,0,-12,goodbye
13.444263458251951,-8,7,-1,-18,9,-14,-4,0,-8,-13,10,-9,0,-13,goodbye
13.45999312400818,-18,4,-13,-14,-9,-12,-12,1,-18,-21,-7,-21,-19,-16,goodbye
13.45999312400818,-19,11,-7,8,-12,0,-16,2,-26,-28,-25,-26,-37,-23,goodbye
13.47506833076477,-21,4,-1,5,2,12,-8,-9,-33,-27,-23,-32,-38,-27,goodbye
13.47506833076477,-26,-16,-17,-16,4,18,2,-7,-26,-16,-15,-38,-29,-24,goodbye
13.49069857597351,-21,-15,-16,-3,5,23,6,5,-8,2,-18,-30,-20,-12,goodbye
13.49069857597351,-8,0,-1,25,16,24,10,8,7,22,-14,-12,-9,2,goodbye
13.505899429321287,-2,0,0,20,21,21,26,8,28,38,0,0,9,12,goodbye
13.505899429321287,-2,-9,0,0,10,20,36,7,36,38,0,2,17,12,goodbye
13.521974802017212,-1,-13,-7,-4,-3,11,26,-1,21,23,-7,-7,10,10,goodbye
13.521974802017212,-6,-20,-5,-8,-13,0,8,-2,0,7,-8,-11,2,6,goodbye
13.537896633148192,-9,-22,0,-13,-17,-2,2,5,0,3,-16,-5,0,3,goodbye
13.537896633148192,5,-1,5,-1,-8,-8,0,4,14,10,-8,9,9,8,goodbye
13.55306363105774,25,13,20,5,4,-11,-7,0,21,12,15,27,21,17,goodbye
13.55306363105774,26,9,15,2,2,-8,-10,-1,15,5,24,24,19,17,goodbye
13.569019556045532,21,6,5,-2,-9,-17,-14,-9,0,-7,16,15,7,7,goodbye
13.569019556045532,16,4,5,-7,-14,-33,-28,-5,-21,-26,9,21,0,-1,goodbye
13.58411741256714,7,2,1,-5,-9,-30,-29,0,-24,-35,12,22,-4,-7,goodbye
13.58411741256714,7,13,10,6,0,-12,-18,0,-15,-27,30,25,-1,-8,goodbye
13.599279165267944,16,28,21,20,7,-2,-11,0,-16,-13,45,36,9,1,goodbye
13.599279165267944,18,30,21,30,11,-3,-10,-2,-17,-4,38,30,10,10,goodbye
13.614896774291992,12,26,20,33,12,6,0,-2,-10,0,15,12,-2,2,sil
13.614896774291992,3,19,6,41,15,22,17,0,-3,3,-2,-2,-9,-7,sil
13.630969762802124,-5,8,-1,41,16,28,28,2,0,4,-4,-5,-3,-1,sil
13.630969762802124,-13,-7,-4,21,6,23,32,2,2,9,-4,-10,0,4,sil
13.647099018096924,-18,-19,-9,2,-7,11,29,-2,-6,6,-26,-25,-15,-2,sil
13.647099018096924,-20,-14,-15,0,-11,4,15,-2,-6,0,-45,-33,-27,-7,sil
13.6626877784729,-20,-14,-22,-8,-4,11,8,5,22,15,-30,-20,-5,0,sil
13.6626877784729,-16,-26,-18,-26,-2,10,5,9,39,30,-11,-5,18,7,sil
13.677970886230469,-5,-27,-18,-32,-4,-8,-9,-1,19,10,-5,-6,18,5,sil
13.677970886230469,3,-19,-18,-37,-6,-20,-22,-10,1,-7,-7,-14,8,0,sil
13.69401717185974,0,-17,-11,-42,-7,-8,-13,-3,10,2,-19,-22,2,0,sil
13.69401717185974,-7,-16,-16,-38,-3,-4,-6,0,19,7,-22,-23,0,-3,sil
13.70928192138672,-11,-14,-14,-51,-1,-18,-22,0,0,-15,-11,-14,-1,-13,sil
13.70928192138672,-19,-13,-20,-63,-7,-23,-30,2,-12,-24,-13,-21,-3,-26,sil
13.724892854690552,-22,0,-27,-48,-8,-17,-18,0,-9,-14,-16,-29,-8,-34,sil
13.724892854690552,-1,21,1,-32,0,-6,-9,1,-16,-12,4,-9,-3,-22,sil
13.739914178848268,18,23,21,-10,7,9,2,2,-18,-6,23,9,7,2,sil
13.739914178848268,17,23,25,28,16,14,5,-5,-23,0,16,12,2,13,sil
13.755271911621094,15,38,33,56,26,10,-2,-8,-29,0,17,19,-8,6,sil
13.755271911621094,20,29,34,69,23,18,5,0,-4,10,35,26,-4,8,sil
13.77066969871521,14,2,27,67,5,23,23,4,22,20,26,25,0,23,sil
13.77066969871521,3,-3,14,47,-9,6,30,4,17,11,1,13,-11,20,sil
13.787359714508057,0,0,15,36,-11,3,23,2,6,3,-4,10,-17,7,sil
13.787359714508057,0,-8,16,34,-8,13,15,2,8,4,-6,14,-10,7,sil
13.803670644760132,-3,-19,-1,17,-12,0,8,0,7,4,-5,15,-6,10,sil
13.803670644760132,-6,-17,-3,-3,-14,-13,0,0,0,-3,3,14,-9,11,sil
13.81788444519043,-4,-9,-10,-12,-12,-10,-6,-2,-3,-14,1,3,-14,4,sil
13.81788444519043,5,-4,-21,-20,-11,-11,-10,-5,-5,-18,2,0,-7,-5,sil
13.833354711532593,17,0,-12,-22,-5,-17,-8,2,1,-5,22,20,2,1,sil
13.833354711532593,15,7,-7,-19,-1,-17,-11,7,11,0,23,25,-8,4,sil
13.849797487258911,1,16,-4,-18,-3,-16,-22,3,7,-10,3,7,3,-10,sil
13.849797487258911,-1,22,0,0,4,-5,-15,-1,4,0,5,-1,93,-15,sil
13.865333795547484,3,20,4,21,24,10,2,-4,1,18,12,-6,134,-7,sil
13.865333795547484,-3,12,4,21,32,16,12,1,-8,16,2,-10,43,-1,sil
13.87995433807373,-23,-2,-9,6,16,16,12,6,-14,10,-9,-16,-38,-1,sil
13.89665961265564,-35,-27,-17,-17,-4,20,7,-4,-14,3,-24,-32,-42,-13,sil
13.89665961265564,-27,-38,-11,-36,-7,14,13,-10,-7,0,-41,-44,-40,-18,sil
13.89665961265564,-9,-24,-6,-31,-3,-1,20,-4,5,2,-42,-33,-42,-4,sil
13.913092136383057,5,-10,-5,-20,-8,-8,4,-1,16,1,-26,-11,-23,9,sil
13.91346287727356,18,-5,-2,-17,-10,-11,-17,0,22,0,-7,0,-2,13,sil
13.929140329360962,21,5,8,-16,-5,-23,-27,0,7,-9,4,8,0,3,sil
13.929140329360962,16,27,12,6,0,-25,-26,-5,-18,-23,17,15,-5,-8,sil
13.943111181259155,9,33,13,33,11,0,-15,-5,-24,-14,22,12,-4,-1,sil
13.958259344100952,-1,11,5,28,19,25,4,1,-11,6,7,0,-4,5,sil
13.959262132644652,-6,-4,-9,22,11,29,19,8,-1,12,-7,-10,-8,0,sil
13.97339653968811,-1,-7,-1,18,5,17,18,9,2,6,-6,-9,-4,6,sil
13.97339653968811,-3,-16,0,-6,-4,2,14,2,8,9,-4,-9,4,15,sil
13.98906636238098,-5,-22,-9,-33,-26,-1,11,0,11,9,-9,-8,5,6,sil
13.98906636238098,1,-16,-7,-30,-27,-7,-7,5,10,-4,-9,2,2,-3,sil
14.00436806678772,4,-5,-3,-10,-5,-20,-23,3,6,-15,0,13,0,-10,sil
14.00436806678772,1,7,8,-4,3,-27,-18,-3,-6,-19,14,21,0,-14,sil
14.019920349121094,7,15,10,-7,0,-22,-12,0,-13,-25,20,21,0,-9,sil
14.019920349121094,17,18,5,5,3,-6,-11,0,-3,-18,20,21,2,-1,sil
14.035980939865112,10,24,17,28,11,11,2,0,3,4,22,23,5,4,sil
14.035980939865112,-7,18,8,31,4,14,10,0,0,11,20,8,-1,0,sil
14.052124738693236,-18,2,-4,16,-1,11,0,-4,-8,-3,9,-10,-12,-5,sil
14.052124738693236,-15,-2,-2,10,4,18,5,-2,-3,4,0,-11,-3,0,sil
14.073308229446411,-11,-11,-2,3,2,16,16,0,4,23,-6,-4,9,8,sil
14.073308229446411,-13,-19,-4,-4,-4,6,17,0,4,19,-15,-9,4,7,sil
14.073308229446411,-15,-16,-8,0,1,7,24,-1,13,18,-18,-21,-5,0,sil
14.08302927017212,-10,-15,-4,-1,5,10,19,-2,14,21,-16,-16,-5,-2,sil
14.098040580749512,-1,-15,-4,-15,-5,0,-1,2,-1,6,-10,-5,0,4,sil
14.098040580749512,6,-7,-7,-19,-14,-15,-8,5,0,2,0,0,15,16,sil
14.114157676696776,15,0,4,-16,-8,-18,-1,0,11,12,6,14,28,18,sil
14.114157676696776,23,5,6,-5,2,-8,0,-1,13,10,12,22,26,11,sil
14.129278421401978,23,10,3,-2,2,-8,-8,2,3,-6,17,16,13,1,sil
14.129278421401978,18,10,2,-9,-3,-17,-27,1,-10,-21,13,13,4,-8,sil
14.144762992858888,10,9,-2,-3,2,-13,-30,-7,-26,-29,7,11,-2,-14,sil
14.144762992858888,1,15,5,10,9,-4,-16,-5,-24,-29,5,4,-12,-12,sil
14.160377264022827,-7,17,0,9,7,0,-3,1,-10,-16,-8,-6,-20,-10,sil
14.160377264022827,-13,4,-6,6,7,5,-4,0,-11,-10,-27,-20,-28,-19,sil
14.175948143005373,-12,-1,0,21,3,14,4,0,-18,-11,-22,-21,-27,-21,sil
14.175948143005373,-4,-1,0,28,0,17,27,2,1,4,-11,-17,-9,0,sil
14.191978216171265,-1,-9,-1,9,6,14,27,2,22,19,-17,-19,2,14,sil
14.191978216171265,0,-13,-4,4,-1,13,16,2,21,16,-19,-16,2,14,sil
14.207242012023926,0,-4,-7,11,-11,7,17,3,25,13,-6,-4,4,15,sil
14.207242012023926,-6,-2,-6,-4,0,-8,0,2,23,3,1,5,5,7,sil
14.22313642501831,-6,-4,-8,-17,3,-19,-25,-3,2,-11,11,9,5,-11,sil
14.22313642501831,4,11,4,-3,-4,-10,-23,-7,-8,-9,24,18,4,-14,sil
14.238325357437134,11,23,12,14,0,-4,-13,-4,-10,-5,22,20,-1,-4,sil
14.238325357437134,6,7,2,4,6,-11,-12,0,-17,-19,6,10,-10,-5,sil
14.253949403762816,-1,-4,1,-27,3,-4,0,2,-13,-17,0,-1,-8,-3,sil
14.253949403762816,-4,0,2,-26,3,12,15,6,-1,6,2,-6,-1,7,sil
14.268965721130373,-6,-1,1,-2,4,13,12,4,-2,8,-4,-5,-2,11,sil
14.268965721130373,-15,-19,-6,-5,-6,8,8,0,-3,4,-14,-13,-3,4,sil
14.285024881362917,-19,-27,-15,-23,-14,13,11,0,0,20,-13,-21,1,1,sil
14.285024881362917,-11,-21,-5,-26,-8,17,7,0,-2,31,-8,-16,4,4,sil
14.300524473190308,0,-12,6,-17,-9,7,1,-2,7,29,-3,-2,5,9,sil
14.300524473190308,11,-1,13,-5,-11,-5,-4,-3,18,17,10,13,11,10,sil
14.31656551361084,21,6,8,0,0,-12,-2,1,19,4,23,24,19,4,sil
14.31656551361084,18,6,7,0,3,-18,-6,0,13,0,30,28,24,-1,sil
14.332092046737673,11,12,18,8,-1,-25,-24,-2,0,-10,38,33,21,-1,sil
14.332092046737673,15,26,13,37,4,-16,-21,-1,-10,-21,36,28,9,0,sil
14.347610473632812,6,26,5,49,12,2,-4,0,-20,-22,10,7,-2,0,sil
14.347610473632812,-14,7,-4,36,7,7,2,0,-26,-14,-21,-12,-12,-7,sil
14.363198518753052,-19,-13,-19,12,3,7,8,-2,-14,-7,-41,-28,-24,-21,sil
14.363198518753052,-17,-22,-15,-9,2,8,13,0,0,-3,-41,-25,-21,-14,sil
14.37932538986206,-9,-12,-9,-13,-1,-3,12,1,15,2,-21,-10,0,6,sil
14.37932538986206,11,5,0,-5,-3,-18,2,0,21,5,1,7,14,9,sil
14.394982814788818,20,17,4,-4,-2,-19,-15,1,2,-10,11,16,4,0,sil
14.394982814788818,1,16,-7,-11,-4,-7,-20,0,-14,-26,4,-2,-19,-12,sil
14.41041135787964,-10,3,-7,-9,0,18,6,2,-4,-17,-10,-25,-34,-17,sil
14.41041135787964,-7,-13,-3,2,8,37,38,8,20,16,-19,-25,-15,-6,sil
14.425994157791138,-9,-27,-4,-8,4,28,38,5,25,36,-19,-15,4,8,sil
14.425994157791138,0,-19,0,-21,-2,9,16,2,14,27,-8,-4,4,19,sil
14.441081285476685,30,4,11,0,1,-1,-4,0,11,16,21,26,22,26,sil
14.441081285476685,38,26,22,14,9,-7,-15,-4,10,6,50,52,44,25,sil
14.456326484680176,13,26,7,7,6,-9,-15,-4,-3,-6,34,26,18,6,sil
14.472298860549929,-8,11,-2,12,0,-11,-20,0,-31,-22,-5,-11,-22,-11,sil
14.472298860549929,-7,9,0,21,3,-2,-19,0,-38,-26,-12,-11,-21,-9,sil
14.472298860549929,-5,10,-6,22,11,13,3,-1,-19,-4,1,-1,-3,-2,sil
14.488150835037231,-22,-5,-6,17,5,17,13,-3,-7,12,-12,-17,-7,-8,sil
14.488150835037231,-31,-21,-4,0,-8,0,3,-4,-7,5,-29,-32,-14,-14,sil
14.503268957138062,-24,-23,-12,-23,-12,-11,-1,-6,0,1,-15,-18,-7,-1,sil
14.503268957138062,-21,-28,-11,-29,-14,-6,-2,-4,8,7,-10,-8,-2,4,sil
14.519737243652344,-17,-27,-5,-26,-24,-11,-6,-3,7,0,-29,-18,-8,-8,sil
14.519737243652344,-10,-15,-1,-31,-23,-24,-14,-4,0,-19,-31,-17,-14,-22,sil
14.534384965896606,-7,-11,-9,-30,-11,-13,-14,0,0,-13,-12,0,-6,-19,sil
14.534384965896606,6,-4,-1,-17,-4,-2,-12,4,16,0,5,16,14,-2,sil
14.549951314926147,27,10,19,-3,-3,-11,-7,5,17,-2,21,28,24,11,sil
14.549951314926147,28,14,11,1,-1,-4,3,3,9,-4,27,19,13,7,sil
14.566072702407835,19,15,4,-3,5,11,10,4,6,-1,23,9,2,0,sil
14.582140445709229,21,25,9,5,17,5,7,2,1,-3,25,13,7,5,sil
14.582140445709229,21,27,10,25,26,-1,3,-3,-14,-9,27,15,10,10,sil
14.583146333694458,17,24,13,33,25,4,0,-1,-30,-7,21,10,2,0,sil
14.597750663757324,15,25,11,42,21,13,3,6,-19,4,17,9,0,0,sil
14.61353850364685,12,21,16,47,20,12,5,5,-3,13,18,11,7,13,sil
14.61353850364685,2,9,12,34,9,8,-1,1,-4,19,13,9,10,19,sil
14.61353850364685,-3,0,2,21,-7,8,0,3,-4,22,0,4,4,11,sil
14.62809443473816,-5,-11,-1,7,-8,12,21,6,11,16,-4,4,3,11,sil
14.62809443473816,-14,-24,-12,-11,-2,13,34,-2,26,18,-5,-2,3,8,sil
14.643323421478271,-31,-31,-19,-24,-9,11,22,-7,22,23,-19,-19,-4,-4,sil
14.661275625228882,-30,-33,-19,-31,-16,8,10,0,14,10,-20,-19,-3,-5,sil
14.661275625228882,-11,-27,-18,-32,-10,4,7,0,10,5,2,-7,5,11,sil
14.661275625228882,-4,-21,-6,-25,-5,3,3,-2,11,15,2,-3,-3,18,sil
14.67503023147583,-13,-23,-8,-26,-13,-6,-2,-4,16,9,-14,-11,-12,-1,sil
14.67503023147583,-13,-15,-8,-32,-16,-23,-18,-5,4,-16,-12,-9,-5,-26,sil
14.690490961074827,-2,3,-6,-23,-11,-24,-30,0,-14,-32,-29,-10,-10,-26,sil
14.705167055130005,0,7,-15,-17,-4,-18,-27,3,-7,-28,-59,-16,-22,-11,sil
14.705167055130005,4,1,-6,-22,0,-19,-21,0,2,-17,-29,-7,-9,-4,sil
14.720324993133543,12,11,0,-7,4,-19,-12,-5,-4,-13,5,0,3,-7,sil
14.720324993133543,9,24,0,9,2,-12,-3,-6,-22,-27,-10,-10,-9,-20,sil
14.735952615737917,3,23,2,6,-1,-5,1,0,-26,-30,-14,-10,-14,-19,sil
14.735952615737917,13,21,9,11,3,0,6,0,-15,-6,22,8,2,1,sil
14.7510347366333,20,30,21,34,18,5,0,-3,-17,-1,32,21,8,8,sil
14.7510347366333,12,32,17,51,19,3,-20,-1,-29,-15,11,14,-2,-5,sil
14.766428470611572,1,15,13,47,12,-3,-29,1,-22,-12,6,6,-7,-5,sil
14.766428470611572,0,0,15,30,12,-6,-21,3,0,0,14,6,-3,0,sil
14.782023191452026,0,-3,3,23,9,3,-1,5,11,12,16,2,0,0,sil
14.782023191452026,2,0,5,22,6,20,16,11,13,23,17,2,9,8,sil
14.797314405441284,1,1,10,20,7,35,31,10,20,25,17,6,15,19,sil
14.797314405441284,-13,-11,-2,0,0,32,39,-1,13,10,-2,-5,0,6,sil
14.812402725219728,-26,-30,-14,-25,-9,18,37,-11,-9,-11,-25,-22,-21,-9,sil
14.812402725219728,-13,-27,-15,-27,-8,11,17,-5,-9,-9,-13,-18,-9,-2,sil
14.828389167785645,0,-13,-6,-22,-6,5,-3,2,5,9,7,-1,12,10,sil
14.828389167785645,0,-9,-4,-28,-9,-3,-2,2,11,16,7,4,14,12,sil
14.843915700912476,3,-8,0,-26,-10,-4,4,1,24,21,6,7,14,13,sil
14.843915700912476,14,-1,6,-12,-5,0,3,5,50,38,21,17,25,13,sil
14.859480619430542,8,4,4,0,-1,-7,-3,6,53,39,23,20,24,10,sil
14.859480619430542,-1,-1,7,-8,-6,-18,-13,1,21,13,8,13,14,11,sil
14.875194787979126,1,-9,-3,-13,-7,-8,0,1,0,4,1,3,9,13,goodbye
14.875194787979126,0,-8,-12,-3,-1,3,24,0,2,5,-6,-3,0,3,goodbye
14.890404462814333,-18,-9,-3,-6,-6,-2,21,-4,0,-8,-31,-9,-10,-8,goodbye
14.890404462814333,-14,-12,-8,-12,-10,-16,2,-1,-4,-12,-26,-5,-3,-5,goodbye
14.905967950820925,12,-1,-3,-2,-1,-15,-11,6,-7,-2,8,15,10,11,goodbye
14.905967950820925,19,15,8,10,3,-12,-26,0,-25,-6,11,19,0,10,goodbye
14.921362400054932,11,18,2,12,6,-16,-29,-16,-46,-23,-9,1,-17,-13,goodbye
14.922362804412842,12,12,0,4,12,-11,-21,-8,-44,-27,-4,0,-6,-18,goodbye
14.936925888061523,4,4,-2,-6,6,-6,-20,3,-29,-14,9,1,1,-8,goodbye
14.936925888061523,-6,2,-5,-10,-2,-8,-17,-1,-35,-16,-1,-7,-18,-17,goodbye
14.95345902442932,-5,7,-7,0,-1,1,-6,-2,-43,-32,-20,-21,-30,-28,goodbye
14.95345902442932,0,14,-10,1,0,8,-3,1,-33,-26,-17,-20,-16,-19,goodbye
14.969141960144045,3,19,6,0,0,3,-4,0,-25,-6,4,0,-5,-5,goodbye
14.969141960144045,7,21,21,17,8,7,0,-2,-18,0,16,10,0,0,goodbye
14.984547138214111,6,17,15,32,19,12,-7,0,-13,-13,0,-7,-6,-5,goodbye
15.00014853477478,0,6,2,23,13,2,-9,1,-14,-17,-7,-16,-19,-7,goodbye
15.00014853477478,-10,-3,-4,15,1,3,6,1,1,0,0,-7,-14,-4,goodbye
15.00014853477478,-26,-9,-3,13,0,17,16,0,25,13,-6,-11,-4,-3,goodbye
15.015342235565186,-28,-15,-7,5,-5,15,18,-2,29,16,-14,-23,-7,-9,goodbye
15.015342235565186,-16,-18,-7,5,-6,14,31,-2,31,23,-4,-21,-5,-6,goodbye
15.030375480651855,-10,-11,-2,11,6,27,44,8,55,24,-5,-14,4,10,goodbye
15.030375480651855,-11,-14,-6,-1,0,20,39,9,77,19,-13,-7,10,22,goodbye
15.04654598236084,-2,-20,-5,-17,-14,0,14,0,72,17,0,7,14,20,goodbye
15.061241388320925,13,-3,0,-7,0,-1,-5,-1,61,18,16,18,24,22,goodbye
15.061241388320925,9,-2,3,-18,6,1,-4,1,61,14,8,12,25,26,goodbye
15.07796549797058,-2,-23,-2,-44,-8,-9,0,5,71,12,-2,9,16,24,goodbye
15.07796549797058,13,-11,3,-19,-6,-14,-2,12,78,19,9,27,22,27,goodbye
15.078965902328491,29,13,22,12,0,-14,-12,10,55,11,22,37,33,22,goodbye
15.0924870967865,13,3,9,-3,-11,-25,-19,-1,11,-12,8,17,11,-2,goodbye
15.108384132385254,0,-1,-9,-21,-14,-21,-11,-8,-5,-15,0,4,-10,-17,goodbye
15.108384132385254,11,6,2,-10,0,-1,2,-6,6,4,16,17,0,-8,goodbye
15.124024629592896,19,3,7,1,3,-2,-1,-3,0,10,20,22,15,-5,goodbye
15.124024629592896,9,2,3,-1,-3,-19,-23,-5,-37,-9,11,12,9,-11,goodbye
15.1391282081604,-1,8,-5,-12,-8,-21,-30,-8,-72,-24,9,0,-3,-15,goodbye
15.1391282081604,-3,8,-3,-8,-3,-13,-24,-9,-98,-24,3,-10,-20,-18,goodbye
15.155146598815918,0,14,10,15,2,-4,-21,-7,-112,-24,-3,-11,-22,-14,goodbye
15.155146598815918,4,21,5,28,8,5,-16,-5,-114,-20,-2,-6,-15,-2,goodbye
15.172372102737429,0,20,4,22,11,11,-13,0,-120,-18,0,-2,-18,1,goodbye
15.172372102737429,0,13,5,20,11,9,-9,4,-128,-12,0,-8,-17,-7,goodbye
15.18839693069458,-12,0,-12,12,5,6,0,0,-127,-3,-16,-24,-17,-24,goodbye
15.18839693069458,-28,-4,-18,2,2,15,15,3,-126,-8,-28,-25,-25,-22,goodbye
15.18839693069458,-17,5,-7,20,7,30,31,7,-114,-8,-19,-8,-15,-4,goodbye
15.20394229888916,-4,-2,-6,21,13,33,44,6,-81,4,-17,-11,-1,0,goodbye
15.20394229888916,-18,-20,-18,-2,10,28,46,9,-47,17,-29,-27,-8,-1,goodbye
15.22003936767578,-23,-17,-10,-5,0,21,39,8,-21,18,-20,-23,-5,7,goodbye
15.22003936767578,-4,-14,6,0,-3,13,30,5,8,24,-4,-7,12,20,goodbye
15.235741376876833,2,-22,-3,-10,-3,5,25,4,40,38,-11,-9,18,24,goodbye
15.25035548210144,2,-16,-1,-13,-4,-8,10,0,64,33,-13,-4,17,24,goodbye
15.25035548210144,13,0,10,-3,1,-25,-10,-6,86,13,11,21,22,21,goodbye
15.265969514846802,12,0,5,-9,-2,-30,-30,-7,98,-6,25,25,16,5,goodbye
15.265969514846802,-5,-5,-5,-34,-26,-28,-45,-9,110,-25,5,0,-5,-16,goodbye
15.28212547302246,-9,-5,-9,-38,-26,-29,-44,-10,156,-21,0,-4,-8,-16,goodbye
15.28212547302246,5,0,2,-21,-7,-24,-30,-4,217,-4,20,22,11,0,goodbye
15.28212547302246,15,7,13,-15,-8,-13,-18,0,248,-5,31,28,19,1,goodbye
15.299090385437012,19,14,13,-3,-9,-8,-11,0,260,-12,31,20,12,5,goodbye
15.299090385437012,19,21,21,14,6,-7,-7,0,277,-9,29,24,9,10,goodbye
15.315155744552612,5,18,6,16,5,-4,-3,0,282,-3,12,7,0,-4,goodbye
15.315155744552612,0,11,2,15,-3,2,-1,0,265,-5,-1,-9,-15,-13,goodbye
15.328176975250244,9,11,8,26,5,16,4,4,243,-4,9,3,-13,0,goodbye
15.343387842178345,6,6,-1,25,16,23,13,4,203,0,9,7,-2,0,goodbye
15.343387842178345,-7,0,0,11,19,21,9,7,140,0,-16,-7,-7,-5,goodbye
15.359092235565186,-13,-6,-1,8,17,21,4,2,70,4,-31,-14,-13,-2,goodbye
15.359092235565186,-9,-17,-8,3,5,19,5,-8,-27,13,-19,-11,-5,0,goodbye
15.374134302139282,-2,-15,3,2,4,18,11,0,-145,11,-9,-3,2,3,goodbye
15.374134302139282,-2,-8,1,8,10,14,22,6,-273,11,-16,-7,1,12,goodbye
15.39023733139038,-1,-11,-4,0,3,5,23,1,-430,14,-14,-12,2,15,goodbye
15.39023733139038,9,-8,-8,-3,-3,2,22,2,-617,20,6,-1,15,12,goodbye
15.40634036064148,8,-1,-9,-6,0,-1,24,5,-870,19,11,4,18,4,goodbye
15.40634036064148,0,-5,-5,-24,-6,-15,3,2,-1085,-1,-4,0,3,-4,goodbye
15.422016620635986,-1,-6,-14,-25,-15,-27,-22,0,-1230,-26,-1,0,-2,-17,goodbye
15.422016620635986,-8,2,-13,-12,-11,-27,-24,-4,-1499,-34,10,3,-2,-25,goodbye
15.437143325805664,-8,19,9,-2,-4,-16,-11,0,-1233,-18,7,2,-5,-13,goodbye
15.437143325805664,0,31,15,13,0,-5,-10,-3,251,-7,5,0,-7,-1,goodbye
15.452655792236328,-4,17,5,15,0,-7,-20,-10,1606,-17,0,-6,-13,-7,goodbye
15.452655792236328,-16,0,-3,3,-8,-8,-17,-5,1563,-14,-7,-14,-20,-7,goodbye
15.468172311782835,-12,3,1,15,-2,12,3,1,1113,3,-9,-8,-17,3,goodbye
15.468172311782835,-4,7,1,28,13,29,21,0,1042,13,-15,-6,-9,7,goodbye
15.484230279922484,-5,-13,-10,4,3,18,22,-1,862,21,-13,-6,1,6,goodbye
15.484230279922484,-5,-23,-7,-21,-13,0,11,1,551,26,-5,0,10,8,goodbye
15.499415636062622,3,-15,-5,-18,-7,-4,-2,0,370,16,-11,0,5,0,goodbye
15.499415636062622,16,-7,-1,-11,5,-2,-10,-1,199,5,0,5,9,0,goodbye
15.515439748764038,22,1,4,-9,2,-10,-12,5,31,-3,33,21,24,8,goodbye
15.515439748764038,18,6,8,-7,-5,-21,-25,1,-88,-29,28,20,9,-1,goodbye
15.53093957901001,6,6,10,-7,-1,-18,-37,-5,-187,-43,3,5,-12,-14,goodbye
15.53093957901001,-4,7,8,0,3,1,-19,1,-230,-19,3,-6,-5,-3,goodbye
15.546298503875732,-13,0,4,8,1,23,5,6,-251,6,-1,-16,-2,3,goodbye
15.546298503875732,-15,-14,-4,8,0,27,20,-1,-279,17,-22,-18,-17,0,goodbye
15.562447547912598,-9,-21,-7,-2,-2,14,26,-3,-292,25,-24,-14,-12,2,goodbye
15.562447547912598,-10,-27,-6,-20,-11,1,21,0,-296,17,-18,-10,3,8,goodbye
15.578055143356323,-9,-20,-14,-24,-14,-3,16,0,-286,0,-12,-2,9,5,goodbye
15.578055143356323,8,4,-3,-11,0,-8,10,3,-253,0,14,19,19,4,goodbye
15.593203783035278,24,20,9,2,13,-5,-2,9,-210,14,43,34,30,10,goodbye
15.593203783035278,23,25,7,13,10,1,-6,9,-173,12,35,28,19,8,goodbye
15.6091570854187,23,29,13,13,6,-3,0,2,-152,-5,20,20,5,0,goodbye
15.6091570854187,20,21,10,8,10,-16,0,-4,-124,-6,25,18,9,0,goodbye
15.624241828918455,12,14,11,8,17,-13,-13,-7,-82,-1,16,13,5,1,goodbye
15.624241828918455,12,17,20,29,18,1,-12,0,-46,-12,-5,4,-8,0,goodbye
15.640028476715088,9,18,11,52,12,13,6,0,-14,-8,-8,-3,-4,10,sil
15.640028476715088,-7,7,-1,30,0,8,9,-2,16,4,-4,-7,-1,12,sil
15.655214548110962,-20,-8,-14,-9,-8,-6,-3,-5,40,-7,-17,-19,-21,-18,sil
15.655214548110962,-23,-14,-15,-13,-5,-2,-1,-7,65,-27,-32,-36,-34,-38,sil
15.671252489089966,-29,-7,-5,5,0,10,8,-1,92,-11,-33,-37,-22,-22,sil
15.671252489089966,-31,-8,-17,4,-6,4,5,2,110,18,-20,-27,-13,-9,sil
15.687027215957642,-23,-16,-16,-10,-12,3,2,5,123,19,-8,-17,-7,-3,sil
15.687027215957642,-13,-19,-6,-6,-6,16,16,7,128,14,-10,-11,0,3,sil
15.703239679336548,-7,-17,-6,-2,-6,11,20,1,116,19,-13,-8,1,4,sil
15.703239679336548,-5,-16,-5,-18,-11,1,8,-1,103,9,-10,-3,0,8,sil
15.71916127204895,-5,-15,-5,-26,-8,-3,-4,-3,100,-1,0,5,8,13,sil
15.71916127204895,3,-5,-1,-19,-3,-12,-19,-3,85,-1,12,18,20,7,sil
15.734325408935549,15,0,-1,-17,-8,-12,-23,-3,64,-1,7,16,14,0,sil
15.734325408935549,9,-10,-5,-32,-14,-7,-13,-2,53,-14,-9,3,3,0,sil
15.750357151031494,0,-8,3,-36,-9,-7,-3,0,39,-20,0,6,4,-1,sil
15.750357151031494,15,12,7,-4,1,-9,-5,-1,19,-11,19,18,8,-1,sil
15.765958547592165,25,15,4,8,7,-10,-17,-3,0,-9,16,18,0,-4,sil
15.765958547592165,15,10,0,-7,6,-5,-13,5,-16,-10,17,16,-3,-2,sil
15.781450271606444,17,16,10,3,7,-1,-1,7,-26,-2,32,20,5,6,sil
15.781450271606444,23,17,22,21,7,-9,-6,1,-34,-3,31,25,8,7,sil
15.797023057937622,5,4,6,4,0,-11,-11,-5,-49,-6,17,11,-4,-1,sil
15.797023057937622,-9,2,-2,0,0,-3,-6,-3,-67,-6,0,-8,-16,-6,sil
15.81308937072754,-6,12,-1,27,8,4,-3,2,-68,-11,-11,-17,-12,-3,sil
15.81308937072754,-3,15,4,41,17,14,5,0,-57,-6,-11,-18,-5,-6,sil
15.82918667793274,-4,13,16,40,22,21,20,-1,-46,15,-5,-9,2,0,sil
15.82918667793274,4,12,9,39,16,21,28,6,-26,36,2,3,17,19,sil
15.84532356262207,4,1,0,20,5,18,26,8,-8,34,3,-3,19,25,sil
15.84532356262207,-9,-10,-2,-1,2,9,19,0,-14,22,-4,-17,4,8,sil
15.861372709274292,-18,-14,-8,-6,0,2,12,-1,-18,13,-9,-13,-3,-1,sil
15.861372709274292,-15,-13,-12,-6,-8,5,9,1,-9,1,-19,-10,-8,-1,sil
15.877066850662231,-10,-14,-11,-11,-5,9,14,0,1,0,-30,-17,-14,-5,sil
15.877066850662231,-7,-18,0,-21,-2,7,12,1,7,9,-20,-4,-11,-6,sil
15.892283916473389,-9,-17,2,-22,-8,1,0,3,9,4,-12,2,-1,0,sil
15.892283916473389,-10,-13,-6,-12,-11,-9,-13,-5,0,-12,-17,-8,-2,0,sil
15.907925128936768,-4,-14,-3,-11,-9,-15,-21,-10,-8,-20,-5,0,-5,-3,sil
15.907925128936768,8,-9,-3,-15,-10,-11,-5,0,9,-2,13,23,9,-1,sil
15.92305588722229,14,3,-3,-21,-7,-9,9,3,28,13,16,24,25,2,sil
15.92305588722229,6,0,-2,-30,-12,-15,-3,-1,12,0,6,7,12,-2,sil
15.938194751739502,0,-4,-12,-25,-18,-22,-25,-7,-8,-29,1,1,-6,-10,sil
15.938194751739502,5,13,-2,-8,0,-19,-25,-2,-12,-34,15,14,0,-12,sil
15.953911304473875,10,30,9,8,7,-14,-20,0,-11,-23,29,16,5,-10,sil
15.953911304473875,10,26,9,18,0,-12,-23,-2,-6,-18,19,3,-2,-3,sil
15.969340801239014,10,20,11,21,5,-2,-17,-1,6,-11,10,0,-8,6,sil
15.969340801239014,5,14,7,21,13,7,0,2,14,0,9,-1,-11,0,sil
15.985254526138306,-1,10,8,22,15,13,5,5,9,4,-1,-9,-15,-6,sil
15.985254526138306,1,11,5,31,16,23,9,5,7,8,-9,-8,-9,4,sil
16.000396728515625,5,3,0,32,7,31,20,0,12,22,-6,-5,3,13,sil
16.000396728515625,-8,-13,-2,13,1,30,24,0,21,31,-12,-14,5,10,sil
16.01596164703369,-24,-26,-15,-11,2,18,16,0,31,23,-24,-28,-1,4,sil
16.01596164703369,-21,-29,-22,-27,-2,-2,4,0,23,6,-28,-26,-4,0,sil
16.03288221359253,-1,-17,-10,-25,-9,-14,-1,0,15,6,-10,-1,6,2,sil
16.03288221359253,11,0,2,-16,-4,-8,-6,-2,10,7,17,19,19,4,sil
16.047403812408447,2,-1,0,-19,0,-3,-9,-3,-14,-10,13,15,7,-11,sil
16.047403812408447,-2,-5,-2,-11,0,-9,0,-2,-32,-23,-5,3,-13,-20,sil
16.063507080078125,4,9,15,14,9,-13,5,-2,-23,-21,5,7,-12,-8,sil
16.063507080078125,3,18,18,29,8,0,8,3,-10,-2,19,11,0,1,sil
16.085123777389526,0,0,4,20,0,20,30,10,0,23,7,7,7,15,sil
16.085123777389526,0,-13,4,6,-3,15,36,6,13,27,-5,0,12,23,sil
16.093644380569458,-4,-13,-5,-6,-7,-5,8,1,16,9,-14,-15,1,8,sil
16.109261512756348,-5,-14,-7,-20,-18,-8,-9,1,13,4,-14,-12,-2,2,sil
16.109261512756348,13,-8,1,-19,-16,-7,-10,0,16,8,8,16,20,20,sil
16.109261512756348,21,3,5,-14,-4,-20,-23,-1,5,0,23,29,28,15,sil
16.127970695495605,4,7,0,-12,-4,-22,-40,-5,-23,-21,7,12,2,-12,sil
16.127970695495605,-3,6,-3,-5,-5,-15,-38,-11,-46,-38,-1,-2,-18,-29,sil
16.140554428100586,3,17,8,0,6,-10,-27,-5,-46,-35,6,0,-21,-22,sil
16.156447410583496,1,22,4,5,14,-1,-16,3,-29,-13,7,0,-17,-8,sil
16.156447410583496,-13,7,-12,18,3,6,-1,-1,-16,-1,-9,-13,-16,-8,sil
16.173651456832886,-24,1,-10,20,-2,16,9,-6,-17,-6,-25,-26,-21,-16,sil
16.173651456832886,-18,3,-7,10,5,27,20,1,-8,2,-25,-26,-18,-11,sil
16.173651456832886,-8,-3,-1,7,11,28,29,7,13,18,-16,-17,-5,0,sil
16.187330722808838,-2,-6,2,11,5,20,36,10,35,21,-7,-2,8,12,sil
16.20303726196289,6,0,0,1,2,10,29,8,47,18,3,10,22,19,sil
16.20303726196289,12,0,4,-20,7,-2,7,6,37,13,16,23,30,15,sil
16.218296766281128,11,-1,1,-18,4,-15,-6,-1,14,3,23,24,26,4,sil
16.218296766281128,15,9,8,0,-1,-20,-12,-10,-7,-11,22,16,9,-2,sil
16.234431743621826,14,20,21,12,5,-13,-14,-12,-14,-9,21,11,-3,-2,sil
16.234431743621826,7,13,8,20,11,0,-6,-9,-4,9,14,0,-4,2,sil
16.2500741481781,2,-3,1,20,1,12,2,1,1,19,-9,-6,0,15,sil
16.2500741481781,-1,-18,-6,7,-2,17,11,8,8,20,-20,-11,5,17,sil
16.265677213668823,-10,-26,-18,-12,0,8,19,0,22,19,-12,-21,3,1,sil
16.265677213668823,-15,-29,-11,-27,-12,-1,16,0,21,6,-17,-21,-8,-4,sil
16.280942678451538,-5,-24,-7,-23,-26,-10,-1,6,10,-8,-19,-4,-11,1,sil
16.280942678451538,8,-12,-1,-18,-20,-23,-22,7,7,-19,2,18,1,3,sil
16.296202659606934,11,0,-1,-22,-10,-30,-24,2,1,-20,22,25,12,-1,sil
16.296202659606934,10,15,1,-10,-2,-23,-17,-4,-17,-19,24,14,2,-8,sil
16.312206268310547,9,27,14,10,0,-12,-20,-8,-28,-25,20,9,-8,-12,sil
16.312206268310547,-9,16,-2,14,1,-2,-20,-8,-27,-23,7,0,-12,-15,sil
16.32733154296875,-29,1,-12,5,7,11,-13,-5,-40,-15,-9,-17,-17,-17,sil
16.32733154296875,-19,7,2,17,14,28,2,2,-33,0,-13,-22,-16,-10,sil
16.34247088432312,-7,2,-1,26,4,24,15,0,-5,15,-10,-17,-4,0,sil
16.34247088432312,-18,-13,-5,2,-9,9,9,0,0,9,-25,-21,-5,0,sil
16.358272552490234,-14,-13,-5,-6,-3,13,16,1,7,9,-29,-21,-7,-1,sil
16.358272552490234,2,-9,-5,-2,5,12,25,1,20,16,-10,-2,2,3,sil
16.373913526535034,5,-9,5,-17,0,-8,0,7,11,1,1,12,6,3,sil
16.373913526535034,8,5,2,-12,0,-19,-18,5,7,-1,10,16,8,-3,sil
16.389556646347046,21,20,7,4,7,-14,-9,0,8,3,27,27,16,1,sil
16.389556646347046,22,19,30,0,0,-8,-1,3,-3,-5,29,32,12,10,sil
16.404953718185425,10,19,8,5,3,0,2,-6,-4,-5,21,17,0,0,sil
16.404953718185425,4,20,-4,27,21,9,14,-1,0,3,8,3,-10,-6,sil
16.42042303085327,-5,6,18,28,18,24,21,13,0,7,-15,-5,-13,3,sil
16.42042303085327,-17,-18,-4,8,0,25,20,-2,9,15,-31,-22,-2,9,sil
16.436431646347046,-9,-26,-18,-16,-7,2,10,-6,14,14,-29,-23,1,8,sil
16.436431646347046,-2,-18,5,-19,-6,-6,1,5,8,2,-22,-13,0,8,sil
16.452270984649658,-7,-18,-12,-5,-6,-3,2,-4,7,-1,-13,-17,2,2,sil
16.452270984649658,0,-16,-15,-13,-13,-11,-5,-8,10,-6,-8,-10,7,5,sil
16.46740412712097,17,-2,9,-23,-16,-16,-19,6,22,0,3,12,16,16,sil
16.46740412712097,25,5,-3,-12,-4,-7,-16,5,34,16,29,21,27,18,sil
16.48316216468811,24,9,0,-2,10,-1,-5,1,21,13,42,26,25,12,sil
16.48316216468811,19,13,10,2,7,-7,0,0,-2,-4,33,28,14,1,sil
16.498602390289307,8,12,0,5,-3,-10,-7,-4,-23,-11,22,11,0,-8,sil
16.498602390289307,-3,11,1,4,0,-3,-14,-4,-38,-13,16,2,-13,-14,sil
16.51451086997986,-8,11,-4,18,9,1,-8,-4,-34,-15,6,0,-18,-23,sil
16.51451086997986,-8,11,0,25,3,0,-5,-1,-27,-17,-2,-2,-18,-28,sil
16.53013277053833,-15,6,6,13,-4,-2,-11,2,-28,-14,-10,-6,-20,-23,sil
16.53013277053833,-28,-9,-21,3,-8,-1,-5,-6,-22,-4,-21,-18,-23,-19,sil
16.54604983329773,-26,-19,-11,-3,-6,6,8,-2,-9,-1,-19,-19,-15,-5,sil
16.54604983329773,-2,0,10,4,7,23,26,11,11,10,-3,-4,3,12,sil
16.56139063835144,4,5,4,17,7,19,19,1,18,17,-11,-5,5,11,sil
16.56139063835144,-11,-12,3,0,-9,0,2,-4,2,3,-26,-15,-7,7,sil
16.57691526412964,-11,-18,-5,-22,-9,3,8,0,2,1,-10,-16,0,13,sil
16.57691526412964,4,-6,-2,-19,0,6,12,1,18,2,-5,-6,11,12,sil
16.592244625091553,2,-9,-1,-20,-8,-15,-6,1,21,-9,-19,0,7,2,sil
16.592244625091553,-5,-21,-17,-39,-15,-29,-19,0,23,-9,-5,3,7,-1,sil
16.607266664505005,4,-5,-6,-41,-7,-16,-16,-1,19,-1,21,21,12,0,sil
16.607266664505005,20,22,9,-2,6,-4,-10,0,0,-6,28,28,6,0,sil
16.62416410446167,12,25,15,32,18,1,-9,0,-27,-15,14,9,-5,-7,sil
16.62416410446167,-5,12,11,31,21,17,-2,3,-26,0,1,-6,-13,-10,sil
16.638238430023193,-3,8,6,19,19,23,17,4,2,23,0,-7,-4,-1,sil
16.638238430023193,9,7,11,18,10,16,27,6,13,23,-10,-10,0,10,sil
16.653918981552124,5,-6,2,8,-6,4,12,3,2,9,-24,-17,-11,9,sil
16.653918981552124,-3,-19,-8,-16,-14,-5,-4,-3,3,5,-19,-8,-9,-1,sil
16.670015335083008,6,-9,-7,-21,-8,-8,-4,2,12,5,-1,2,8,0,sil
16.670015335083008,15,2,-2,-6,-4,-10,-5,2,4,-3,10,10,10,5,sil
16.684184074401855,9,11,6,5,-1,-13,-16,-4,-5,-10,17,20,4,0,sil
16.701213121414185,5,20,6,16,3,-1,-1,-3,0,-3,22,15,5,-8,sil
16.701213121414185,0,19,4,21,12,12,15,1,-9,-3,17,3,0,-6,sil
16.717148780822754,-11,10,-2,25,14,15,8,-1,-23,-3,13,-2,-5,0,sil
16.717148780822754,-19,-2,-10,28,0,10,0,-4,-8,18,7,-7,2,2,sil
16.717148780822754,-23,-25,-5,5,-13,1,6,1,9,24,-9,-15,5,4,sil
16.731306552886963,-16,-34,-8,-21,-7,0,8,0,14,9,-20,-13,2,10,sil
16.746726512908936,8,-11,2,-16,2,3,9,-3,21,7,-4,11,12,22,sil
16.746726512908936,25,1,13,-2,0,-3,9,1,19,9,10,30,21,26,sil
16.762112140655518,10,-6,0,-13,-7,-19,-3,-2,0,-13,-3,9,5,4,sil
16.762112140655518,0,-6,-9,-31,-11,-22,-24,-8,-13,-35,-13,-5,-12,-17,sil
16.777619123458862,5,2,-9,-24,-11,-13,-23,-1,-7,-25,4,7,-6,-11,sil
16.777619123458862,0,3,-5,-18,-10,-9,-15,1,-7,-19,9,6,-2,-10,sil
16.792901515960693,-6,4,0,-25,-7,-11,-13,0,-9,-21,-4,-4,-8,-20,sil
16.792901515960693,6,11,3,-11,0,-9,-6,5,2,-8,2,0,-3,-11,sil
16.8089816570282,7,17,9,13,1,-1,-7,1,-1,-1,17,8,0,0,sil
16.8089816570282,0,17,7,21,5,3,-7,-4,-15,-1,8,1,0,-4,sil
16.824117422103882,3,12,5,20,18,9,1,-4,-14,2,-4,-8,-2,-9,sil
16.824117422103882,-3,5,6,15,17,15,1,0,-18,0,-9,-17,-12,-8,sil
16.839265823364258,-26,-2,-6,10,-1,12,-4,0,-20,-7,-14,-20,-18,-13,sil
16.839265823364258,-22,-3,-12,13,-3,9,4,3,-6,0,-21,-17,-12,-12,sil
16.85494303703308,-5,0,-6,21,7,11,17,3,2,9,-18,-19,-7,-5,sil
16.85494303703308,0,0,5,23,7,15,23,-1,9,15,-2,-12,1,8,sil
16.871016025543213,9,-2,14,22,10,24,32,6,27,29,8,8,16,29,sil
16.871016025543213,14,-7,4,13,12,23,30,11,33,42,1,10,17,29,sil
16.886484622955322,4,-15,-1,-7,4,5,15,6,20,31,-3,0,9,11,sil
16.886484622955322,0,-16,-6,-18,-4,-3,8,7,18,12,-2,0,3,6,sil
16.902118921279907,-4,-15,-13,-17,-9,-8,-1,1,10,0,-13,-4,-6,5,sil
16.902118921279907,-7,-14,-5,-26,-11,-15,-20,-7,-6,-10,-15,-7,-10,0,sil
16.917208909988403,0,-4,1,-29,-7,-16,-24,-6,-4,-11,4,0,3,0,sil
16.917208909988403,3,7,4,-14,-2,-14,-15,-4,3,-6,13,9,9,1,sil
16.93300700187683,0,2,-5,-8,-8,-14,-8,-3,6,-3,2,4,0,-3,sil
16.93300700187683,0,-10,-9,-22,-15,-16,-8,0,10,-4,6,1,1,-7,sil
16.94806981086731,6,0,9,-19,-8,-11,-7,1,11,0,27,21,18,1,sil
16.94806981086731,12,18,14,5,3,-3,-4,-4,2,2,29,31,13,3,sil
16.96354579925537,8,16,7,9,1,-6,-12,-8,-22,-18,13,15,-8,-11,sil
16.96354579925537,0,4,-5,-4,-8,-13,-14,-3,-36,-36,6,0,-15,-20,sil
16.978725910186768,-3,2,-12,-12,-10,-11,-5,-1,-28,-30,4,0,-7,-16,sil
16.978725910186768,-1,12,2,0,0,-3,-2,2,-19,-19,2,3,-3,-7,sil
16.994302988052368,3,20,8,31,10,5,2,1,-11,-5,6,6,-1,3,sil
16.994302988052368,3,13,8,44,18,20,13,0,-11,1,0,7,-1,8,sil
17.010355472564697,3,5,9,32,22,27,21,5,-8,3,-16,2,-1,7,sil
17.010355472564697,2,5,5,28,15,20,22,5,9,20,-15,-5,4,7,sil
17.02609658241272,-8,0,-2,24,6,18,13,2,9,28,-6,-11,6,4,sil
17.02609658241272,-6,-4,0,20,5,25,13,1,-1,18,-10,-16,3,4,sil
17.041104316711426,9,-2,12,13,4,15,14,-3,5,8,-16,-9,1,14,sil
17.041104316711426,-4,-17,-4,-13,-8,-6,-4,-5,14,0,-19,-11,-5,6,sil
17.056756019592285,-32,-33,-35,-37,-16,-13,-14,0,14,-2,-26,-29,-16,-14,sil
17.056756019592285,-18,-22,-14,-31,-7,0,1,3,17,7,-21,-25,-12,-12,sil
17.072325944900513,10,-10,1,-18,-4,-1,4,2,16,11,-6,-3,1,4,goodbye
17.087984323501587,7,-16,-10,-23,-10,-17,-14,-4,9,0,-1,1,7,5,goodbye
17.087984323501587,-4,-11,-6,-24,-7,-17,-16,-2,8,-1,3,3,10,0,goodbye
17.087984323501587,11,7,7,-12,1,-11,-9,4,10,1,20,19,16,5,goodbye
17.103885173797607,26,18,12,-6,0,-17,-20,5,5,-8,29,29,15,7,goodbye
17.103885173797607,14,22,7,0,-9,-21,-27,0,0,-16,25,19,7,0,goodbye
17.11940288543701,2,24,8,4,-11,-13,-14,-1,-7,-7,32,12,5,0,goodbye
17.11940288543701,5,18,5,2,1,0,2,0,-15,0,32,8,0,-2,goodbye
17.13532257080078,-5,11,-8,8,11,6,6,0,-26,-11,8,-5,-18,-16,goodbye
17.13532257080078,-25,8,-3,12,6,8,3,-5,-33,-26,-9,-13,-24,-18,goodbye
17.1509907245636,-16,0,-1,12,4,15,12,-3,-23,-16,-6,-7,-11,-5,goodbye
17.1509907245636,0,-8,3,16,13,26,25,-3,-17,2,-11,-11,-8,-3,goodbye
17.16634249687195,-14,-12,0,6,8,22,23,-4,-14,3,-32,-29,-20,-17,goodbye
17.16634249687195,-24,-17,-12,-7,-7,11,11,0,5,7,-36,-33,-22,-15,goodbye
17.18230175971985,-3,-11,1,0,-1,13,11,8,30,30,-10,-2,0,12,goodbye
17.18230175971985,10,0,8,14,11,12,20,8,40,46,12,15,22,34,goodbye
17.197113037109375,2,-4,0,2,5,-1,9,2,28,35,1,1,23,22,goodbye
17.212281227111816,0,-14,1,-18,-7,-11,-9,0,5,14,-14,-1,11,2,goodbye
17.212281227111816,4,-16,-4,-23,-13,-12,-4,-3,0,2,-15,5,2,0,goodbye
17.227811813354492,8,-10,-5,-18,-10,-14,0,-4,3,-13,-20,6,-1,0,goodbye
17.227811813354492,17,0,0,-3,-7,-18,-9,-1,5,-24,-10,11,5,-3,goodbye
17.228803634643555,17,9,0,-2,-9,-17,-13,2,4,-20,23,20,19,-1,goodbye
17.243072032928467,11,12,6,-14,-3,-11,-14,3,0,-16,38,24,19,6,goodbye
17.259063482284546,23,18,12,9,9,-7,-11,-3,0,-5,30,26,11,8,goodbye
17.259063482284546,31,29,24,42,19,-3,-10,-5,-5,0,31,27,8,9,goodbye
17.274502992630005,18,26,17,31,14,0,-16,2,-16,-6,31,24,3,10,goodbye
17.274502992630005,3,15,-2,15,0,-2,-22,0,-20,-12,14,12,-3,1,goodbye
17.29045581817627,-3,6,2,17,-3,0,-11,0,-17,-4,0,2,-6,-2,goodbye
17.29045581817627,-22,-3,-1,6,2,17,11,0,-10,2,-3,-12,-11,-4,goodbye
17.306464433670044,-41,-19,-21,-12,0,21,15,-1,-8,-6,-22,-33,-25,-17,goodbye
17.306464433670044,-37,-18,-24,-12,-5,16,10,1,-8,-11,-32,-37,-25,-20,goodbye
17.32201099395752,-22,-3,-10,0,-1,20,18,3,4,3,-15,-28,-7,-6,goodbye
17.32201099395752,-16,-1,0,1,0,17,18,-3,12,10,-11,-28,-8,-5,goodbye
17.3373441696167,-13,-15,-11,-2,-7,0,6,-6,0,-5,-28,-33,-19,-16,goodbye
17.3373441696167,-8,-21,-14,-13,-4,-2,5,-1,-3,-8,-24,-21,-12,-10,goodbye
17.353004217147827,-3,-13,0,-14,3,7,12,7,15,13,-12,-9,2,7,goodbye
17.353004217147827,9,-3,7,0,1,-3,1,8,19,23,-3,-2,7,11,goodbye
17.369027614593506,30,8,10,7,-4,-26,-18,0,-2,5,20,23,12,10,goodbye
17.369027614593506,30,15,6,-3,-7,-30,-18,-3,-4,-1,30,40,25,14,goodbye
17.384936809539795,13,2,2,-16,-1,-18,-2,-3,13,4,8,25,26,11,goodbye
17.384936809539795,2,-12,-3,-22,0,-11,-1,0,15,2,0,10,10,1,goodbye
17.40031886100769,2,-9,-10,-29,-9,-14,-17,0,0,-10,10,8,5,-6,goodbye
17.40031886100769,-1,7,-1,-24,-8,-14,-23,-4,-15,-23,4,3,0,-12,goodbye
17.41532611846924,-7,20,8,10,4,1,-8,-1,-25,-18,-7,-8,-18,-15,goodbye
17.41532611846924,-9,14,7,33,10,19,6,3,-22,3,-2,-13,-19,-8,goodbye
17.430992603302002,-11,0,2,16,7,26,20,4,-9,17,0,-11,0,0,goodbye
17.430992603302002,-11,-4,0,5,10,24,28,-2,-2,18,-9,-11,1,2,goodbye
17.446341514587402,-2,-2,6,15,10,17,20,-1,2,27,-7,-6,-5,3,goodbye
17.446341514587402,10,-8,0,13,3,16,15,5,19,26,5,3,0,15,goodbye
17.462443113327026,12,-11,1,-7,0,11,13,4,27,2,11,9,20,21,goodbye
17.462443113327026,0,-11,0,-23,2,1,0,0,15,-2,-2,3,12,10,goodbye
17.478487014770508,-4,-12,-11,-16,0,0,-2,-2,9,8,-26,-6,-34,0,goodbye
17.478487014770508,3,-5,-2,-2,-1,1,5,1,19,1,-19,2,-29,4,goodbye
17.49448847770691,9,5,2,0,2,-13,0,3,16,-9,14,10,29,4,goodbye
17.49448847770691,9,13,0,0,-1,-25,-20,-5,-11,-16,20,9,27,-7,goodbye
17.510151863098145,10,18,8,5,-13,-15,-18,-6,-15,-25,9,18,-3,-8,goodbye
17.510151863098145,10,18,4,6,-15,-11,-4,6,13,-10,25,26,20,3,goodbye
17.525187730789185,10,16,-1,2,-4,-13,-10,9,4,0,33,23,34,5,goodbye
17.525187730789185,8,17,0,15,-2,-3,-20,-2,-22,-15,11,8,0,-4,goodbye
17.5412380695343,4,18,4,27,-2,-3,-18,-8,-12,-18,1,-3,-19,-11,goodbye
17.5412380695343,0,14,13,20,10,-8,-8,-1,0,0,10,0,-5,-11,goodbye
17.556971788406372,-12,2,0,15,20,0,1,-3,-3,7,4,-8,-3,-16,goodbye
17.556971788406372,-26,-11,-12,12,8,9,1,-7,-9,-4,-15,-28,-17,-21,goodbye
17.572007179260254,-24,-16,-8,4,-6,2,-4,0,-22,-6,-26,-30,-25,-15,goodbye
17.572007179260254,-20,-18,-10,-3,-5,0,-8,-2,-37,-6,-22,-27,-24,-5,goodbye
17.586942434310913,-21,-21,-7,-13,-2,1,-5,-5,-38,-13,-19,-24,-17,-1,goodbye
17.586942434310913,-12,-22,-7,-13,-4,13,16,2,-16,0,-22,-16,-6,2,goodbye
17.60249638557434,-2,-18,-8,-8,5,27,40,7,5,14,-30,-12,-7,11,goodbye
17.60249638557434,-3,-12,-8,-17,13,23,33,7,14,7,-26,-5,-8,18,goodbye
17.618353843688965,8,-2,4,-13,-2,6,12,7,26,24,4,15,17,32,goodbye
17.618353843688965,29,6,22,4,-7,1,6,6,38,44,30,32,37,44,goodbye
17.636878728866577,24,6,9,0,0,0,9,3,34,23,19,23,29,30,goodbye
17.636878728866577,0,-8,-6,-28,-13,-6,4,1,24,4,0,9,15,0,goodbye
17.6492862701416,-4,-18,-5,-33,-21,-9,-4,-4,14,2,-2,2,4,-13,goodbye
17.6492862701416,2,-5,-1,-18,-2,-8,-9,-8,0,-13,-4,-3,-4,-16,goodbye
17.665349006652832,3,9,-1,-16,2,-13,-12,-5,-12,-28,-5,0,-6,-19,goodbye
17.665349006652832,0,17,-3,-12,-4,-17,-19,-3,-9,-15,6,4,-7,-20,goodbye
17.680866479873657,2,17,2,0,-2,-14,-26,-6,-8,-6,22,5,-5,-18,goodbye
17.680866479873657,4,13,8,7,-1,-12,-22,0,-12,-12,20,0,0,-13,goodbye
17.696239471435547,7,17,6,13,5,-10,-7,5,-12,-13,12,4,0,-3,goodbye
17.696239471435547,14,27,14,27,23,4,2,3,-6,-8,18,20,1,4,goodbye
17.7123920917511,12,21,8,38,22,15,9,1,-3,-1,11,8,1,2,goodbye
17.7123920917511,-8,2,0,28,11,7,12,0,-4,1,-15,-22,-9,-7,goodbye
17.727941036224365,-23,-7,-3,15,10,9,11,2,2,5,-21,-24,-17,-9,goodbye
17.727941036224365,-16,-10,-9,16,11,25,15,6,16,17,-6,-14,-7,1,goodbye
17.743415117263794,-12,-13,-5,15,9,27,22,2,13,23,-10,-22,1,11,goodbye
17.743415117263794,-15,-18,-6,-2,-4,11,20,-3,7,15,-24,-22,2,7,goodbye
17.75845766067505,-2,-22,-7,-22,-21,-7,0,-1,14,0,-17,0,6,2,goodbye
17.75845766067505,11,-16,3,-18,-15,-17,-19,-1,6,-3,0,15,12,8,goodbye
17.77435612678528,19,-1,1,-6,-2,-19,-27,-8,-13,0,18,19,15,10,goodbye
17.77435612678528,23,12,8,-6,-6,-19,-25,-1,-16,-1,38,34,19,13,goodbye
17.789557456970215,14,20,10,-1,-8,-12,-13,3,-8,-3,47,39,15,15,goodbye
17.789557456970215,-4,13,-4,10,-3,-4,-11,-3,-14,-4,16,12,-3,0,goodbye
17.80539608001709,-17,0,-5,7,-1,-1,-12,0,-22,-12,-18,-9,-20,-13,goodbye
17.80539608001709,-13,-8,0,0,1,7,14,6,-1,0,-23,-9,-16,-1,goodbye
17.821247577667236,-8,-14,0,1,0,23,42,2,22,20,-21,-11,-8,5,goodbye
17.821247577667236,-7,-12,-4,0,-8,21,34,6,26,18,-24,-18,-3,0,goodbye
17.83640766143799,-1,-7,-12,-10,-5,0,16,6,18,2,-25,-13,0,0,goodbye
17.83640766143799,5,-10,-17,-27,0,-13,0,-3,9,-11,-20,-1,2,1,goodbye
17.85196566581726,12,-5,-3,-23,-3,-13,-11,-7,4,-12,12,9,7,-4,goodbye
19.142295598983765,2,-9,1,3,-3,12,33,1,9,29,-9,-12,0,5,goodbye
19.142295598983765,3,-16,3,-10,-13,8,22,1,23,16,-20,-8,14,12,goodbye
19.158324480056763,12,-3,5,-14,-10,0,1,0,19,0,-12,3,12,9,goodbye
19.158324480056763,11,9,-1,-13,-8,-21,-23,-9,-2,-13,0,3,3,-12,goodbye
19.174091577529907,2,3,-9,-8,-8,-31,-37,-6,-27,-29,8,0,-4,-25,goodbye
19.174091577529907,-1,5,0,-3,2,-16,-32,0,-31,-37,18,8,-8,-13,goodbye
19.189189910888672,-8,21,4,8,13,0,-23,0,-21,-23,16,1,-8,-6,goodbye
19.189189910888672,-15,15,0,23,11,3,-7,0,-16,-4,0,-22,-11,-12,goodbye
19.204248189926147,-19,-8,-3,17,11,11,18,7,-7,6,-11,-26,-9,-4,goodbye
19.204248189926147,-20,-18,-7,4,7,19,31,11,15,20,-20,-18,-4,8,goodbye
19.21991467475891,-14,-17,-7,-8,-7,14,20,3,35,24,-24,-13,-4,6,goodbye
19.21991467475891,-9,-19,-13,-32,-16,0,5,0,28,9,-20,-3,-1,0,goodbye
19.23596334457397,-9,-22,-22,-42,-13,-10,0,0,4,-10,-18,0,0,-5,goodbye
19.23596334457397,-1,-13,-4,-31,-11,-8,-7,0,-7,-21,-9,0,0,-10,goodbye
19.252058029174805,12,7,5,-12,0,-4,-5,-3,-1,-18,9,6,3,-5,goodbye
19.252058029174805,10,25,6,10,14,-4,-4,-3,-4,-13,10,2,0,-6,goodbye
19.2681097984314,-3,16,7,22,6,2,-6,-1,-14,-10,-8,-17,-14,-14,goodbye
19.2681097984314,-14,-9,-6,11,-2,15,4,-1,-10,-4,-22,-35,-13,-9,goodbye
19.283260822296143,-15,-15,-2,7,3,22,23,-2,-3,6,-24,-29,-3,-1,goodbye
19.283260822296143,-2,0,7,23,4,13,28,0,11,29,-5,0,4,11,goodbye
19.299320459365845,15,5,6,18,-2,-2,12,4,30,42,21,29,21,30,goodbye
19.299320459365845,24,1,6,0,0,-4,-2,6,21,25,30,35,32,27,goodbye
19.31500267982483,22,4,4,2,7,-1,0,1,6,9,32,27,27,9,goodbye
19.31500267982483,18,9,11,5,6,-8,1,-1,10,5,30,30,17,3,goodbye
19.330087423324585,14,7,5,0,2,-12,-10,-1,13,0,20,25,13,6,goodbye
19.330087423324585,10,9,-4,-5,0,-16,-22,0,0,-3,24,17,11,0,goodbye
19.34616994857788,5,13,5,-8,-2,-24,-29,-1,-17,-11,26,15,2,-10,goodbye
19.34616994857788,-6,8,4,-1,-1,-18,-35,-5,-34,-23,4,0,-14,-15,goodbye
19.362385511398315,-20,0,-4,7,0,0,-26,-2,-35,-17,-8,-13,-21,-10,goodbye
19.362385511398315,-15,0,-5,3,0,10,-2,5,-14,1,-11,-9,-14,-9,goodbye
19.37809920310974,-5,-2,0,1,-1,13,10,-1,-3,-1,-27,-15,-23,-13,goodbye
19.37809920310974,-9,-7,3,9,0,16,16,0,-17,-21,-35,-26,-35,-9,goodbye
19.393368005752563,-11,-13,-9,4,-2,14,27,9,-9,-8,-25,-20,-21,0,goodbye
19.393368005752563,-10,-21,-16,-18,-17,9,24,2,21,15,-18,-12,-4,10,goodbye
19.40936517715454,-7,-20,-11,-23,-17,10,22,-4,35,17,-21,-10,0,19,goodbye
19.40936517715454,9,-8,-5,-11,0,2,19,-1,26,11,-9,0,14,17,goodbye
19.424970149993896,15,-1,0,-21,0,-25,-16,-2,9,-2,16,18,22,8,goodbye
19.424970149993896,5,4,-5,-23,-9,-35,-42,-4,-5,-14,28,24,12,4,goodbye
19.44107961654663,12,19,6,5,4,-5,-20,0,-15,-14,19,18,7,1,goodbye
19.44107961654663,21,30,24,26,23,21,3,0,-12,-12,12,7,9,-3,goodbye
19.456214427948,7,25,18,28,19,20,15,0,0,-5,4,-1,0,-1,goodbye
19.456214427948,-9,5,8,20,4,12,25,6,2,6,-10,-11,-12,-3,goodbye
19.47230219841004,-19,-12,-6,4,0,9,24,8,-6,13,-14,-26,-13,-16,goodbye
19.47230219841004,-21,-16,-9,1,6,9,17,-2,-7,18,-9,-28,-12,-14,goodbye
19.488222122192383,-12,-15,3,19,7,11,9,0,0,23,-15,-16,-7,-2,goodbye
19.488222122192383,-4,-14,0,9,-6,3,-4,5,8,9,-13,-7,3,-2,goodbye
19.50341010093689,2,-7,-7,-19,-11,-10,-16,-2,14,-3,3,7,13,-2,goodbye
19.50341010093689,11,0,-3,-12,-5,-13,-3,-3,22,6,14,20,19,8,goodbye
19.518909215927124,8,1,3,-1,-4,-10,0,4,20,11,10,15,19,12,goodbye
19.518909215927124,-1,-1,1,-22,-6,-21,-21,-2,6,-9,0,7,7,1,goodbye
19.534998416900635,0,-5,-9,-30,-9,-27,-40,-17,-6,-29,-2,5,-2,-9,goodbye
19.534998416900635,9,1,-4,-10,-4,-17,-31,-6,-20,-27,10,8,0,-10,goodbye
19.550294399261475,4,15,1,6,3,-7,-7,2,-31,-18,23,10,0,-4,goodbye
19.550294399261475,-3,18,0,10,7,1,5,-4,-32,-14,9,0,-7,-2,goodbye
19.5659248828888,-2,7,-9,9,8,8,4,0,-25,-13,-3,-15,-15,-6,goodbye
19.5659248828888,-3,-3,-11,12,9,11,6,8,-13,-7,-5,-19,-15,-7,goodbye
19.582036018371586,-7,-4,8,18,12,25,18,5,1,12,-14,-15,-11,3,goodbye
19.582036018371586,-4,2,7,19,11,32,32,5,25,44,-13,-7,0,18,goodbye
19.59792876243592,0,0,-4,7,0,8,29,6,35,49,6,5,16,18,goodbye
19.59792876243592,1,-8,3,-10,-11,-4,13,0,29,27,8,10,19,13,goodbye
19.61322236061096,10,-8,8,-11,-9,0,1,0,32,18,-4,9,10,18,goodbye
19.61322236061096,17,4,12,-6,-2,-9,-11,0,22,6,2,20,9,15,goodbye
19.62852716445923,9,11,5,-13,-4,-25,-23,-2,-11,-14,11,19,6,0,goodbye
19.62852716445923,1,5,-5,-19,-10,-21,-22,-9,-35,-32,6,3,-11,-13,goodbye
19.643926858901978,0,9,2,-5,-6,-5,-16,-4,-31,-42,1,0,-21,-20,goodbye
19.643926858901978,-3,15,1,7,3,10,-5,1,-11,-34,-1,-5,-15,-19,goodbye
19.65935158729553,-13,2,-5,6,9,15,1,1,3,-13,-10,-14,-10,-12,goodbye
19.65935158729553,-14,-10,-6,13,6,8,1,3,0,3,-7,-10,-8,-6,goodbye
19.674480676651,-11,-8,-2,21,0,10,3,0,-13,7,-7,-10,-10,-3,goodbye
19.674480676651,-13,-11,6,9,-5,15,12,-1,-11,8,-20,-16,-9,0,goodbye
19.690003395080566,-2,-20,1,0,-11,5,16,0,0,14,-19,-10,0,4,goodbye
19.690003395080566,13,-15,-6,-3,-2,-3,16,0,4,15,-1,4,14,11,goodbye
19.70520853996277,12,-7,-3,-9,6,0,16,-1,15,10,4,10,21,14,goodbye
19.70520853996277,4,-11,1,-14,0,-1,7,1,28,13,2,3,19,12,goodbye
19.72132635116577,4,-16,0,-21,-8,-15,-5,4,20,7,6,3,12,6,goodbye
19.72132635116577,4,-8,-10,-18,-5,-21,-11,5,11,-2,13,10,11,0,goodbye
19.73698472976685,3,9,-2,-6,2,-10,-13,4,12,0,25,23,19,-1,goodbye
19.73698472976685,7,24,10,0,10,0,-7,2,10,4,30,22,15,4,goodbye
19.752123594284058,6,25,7,11,11,-4,-4,-5,-5,-9,16,1,-9,0,goodbye
19.752123594284058,1,24,11,23,4,-9,-11,-11,-32,-32,0,-7,-27,-14,goodbye
19.76729464530945,0,24,5,24,1,0,-4,0,-32,-23,0,-6,-21,-16,goodbye
19.76729464530945,-9,7,-5,14,2,9,1,3,-18,0,-8,-21,-18,-13,goodbye
19.78287601470948,-30,-12,-8,4,1,14,-3,-1,-21,1,-33,-35,-25,-16,goodbye
19.783241510391235,-26,-15,-9,-2,2,20,3,-2,-16,2,-41,-29,-15,-10,goodbye
19.798949480056763,-13,-18,-10,-19,-2,9,12,2,3,6,-29,-17,0,0,goodbye
19.798949480056763,-10,-21,-18,-24,-16,-8,0,-1,11,6,-14,-9,4,5,goodbye
19.81414246559143,6,-4,-7,-12,-13,-3,-3,-7,16,13,6,10,20,14,goodbye
19.81414246559143,35,11,15,0,0,6,0,3,23,18,29,30,38,21,goodbye
19.83018159866333,37,12,11,4,1,-6,-13,2,7,0,30,28,23,12,goodbye
19.83018159866333,15,12,8,-1,2,-17,-23,-5,-13,-23,14,18,-4,0,goodbye
19.845377683639526,4,15,12,0,8,-5,-2,0,-5,-11,13,17,-7,0,goodbye
19.845377683639526,10,17,13,20,6,0,7,4,-1,5,24,18,3,5,goodbye
19.8608992099762,2,11,11,29,5,0,-6,-2,-17,-7,15,10,-1,1,goodbye
19.8608992099762,-21,-3,-2,11,11,15,1,-4,-11,-9,-11,-12,-16,-7,goodbye
19.87698459625244,-32,-19,-6,0,5,21,28,5,12,8,-34,-28,-24,-9,goodbye
19.87698459625244,-27,-25,-4,4,-5,9,36,12,21,20,-33,-26,-20,-3,goodbye
19.89216947555542,-19,-24,-7,1,-5,7,32,7,28,25,-12,-15,-1,6,goodbye
19.90739226341248,-5,-19,-5,-18,-9,1,20,2,29,18,-5,-8,12,8,goodbye
19.90739226341248,3,-15,-8,-25,-17,-17,-3,0,12,-1,-12,-5,3,-3,goodbye
19.922908782958984,9,-10,-8,-24,-10,-24,-19,-4,0,-9,-1,2,4,-5,goodbye
19.922908782958984,17,-3,-6,-23,-5,-20,-18,-2,0,-5,18,12,26,8,goodbye
19.9409339427948,22,2,2,-11,-6,-14,-17,-3,3,-11,24,23,33,9,goodbye
19.9409339427948,24,17,9,6,8,-2,-17,-2,6,-10,23,26,21,2,goodbye
19.9409339427948,23,28,5,15,19,1,-10,1,1,0,19,15,8,2,goodbye
19.954970836639404,8,23,8,14,8,-6,-12,2,-26,-10,15,11,-2,0,goodbye
19.971982955932617,-8,17,0,12,0,-6,-18,-3,-45,-24,5,8,-13,-9,goodbye
19.971982955932617,-17,12,-14,6,3,10,-9,-7,-37,-17,-18,-19,-28,-18,goodbye
19.971982955932617,-26,0,-7,0,3,24,4,0,-26,-6,-35,-36,-40,-20,goodbye
19.98613309860229,-21,-6,0,7,0,20,14,3,-12,-1,-25,-24,-29,-12,goodbye
19.98613309860229,-4,0,5,20,-2,15,18,1,4,13,-13,-8,-5,4,goodbye
20.00214457511902,3,0,10,14,1,23,26,3,21,38,-4,0,7,14,sil
20.00214457511902,0,-14,0,-14,4,11,22,0,29,35,2,-5,10,8,sil
20.018251419067383,-7,-19,-6,-38,-7,-19,-6,-6,14,2,0,-9,10,2,sil
20.03362512588501,4,-8,-6,-23,-18,-30,-30,-6,-6,-13,1,7,8,4,sil
20.03362512588501,20,7,9,4,-3,-16,-25,1,-10,-13,22,34,6,-1,sil
20.04930090904236,9,20,20,16,15,0,-7,6,-5,-15,30,27,5,-5,sil
20.04930090904236,-6,13,3,21,10,7,5,0,-4,-6,10,-4,0,0,sil
20.04930090904236,-12,-11,-7,12,-4,7,14,-6,-2,7,-13,-20,-16,0,sil
20.065974950790405,-11,-23,-8,-2,-7,3,16,0,13,14,-12,-18,-10,-3,sil
20.065974950790405,2,-12,-1,-12,-1,0,9,3,31,11,10,3,17,9,sil
20.080378532409668,22,2,6,-12,4,-7,-1,3,27,0,25,29,27,18,sil
20.095978260040283,18,11,0,1,5,-13,-11,2,3,-8,13,16,2,-2,sil
20.095978260040283,0,7,3,14,6,-1,-3,1,-13,-9,-15,-11,-17,-18,sil
20.113025188446045,-9,-1,0,14,8,21,19,-1,-3,0,-33,-15,-12,-6,sil
20.113025188446045,-14,-10,-9,4,0,20,25,-3,-1,-2,-33,-14,-10,0,sil
20.113025188446045,-21,-22,-13,-15,-15,0,10,0,-9,-7,-29,-21,-12,1,sil
20.12856316566468,-16,-22,-15,-32,-16,-8,5,0,2,0,-17,-16,3,3,sil
20.12856316566468,0,-3,-4,-26,-6,-11,-10,0,2,-1,0,0,14,1,sil
20.143142223358154,9,12,5,-3,0,-11,-28,5,-12,-9,18,15,11,0,sil
20.15934658050537,15,16,8,6,5,-7,-22,5,1,1,38,29,18,7,sil
20.15934658050537,21,17,9,-1,0,-13,-16,1,16,7,34,30,21,5,sil
20.17507696151733,13,20,4,-1,-5,-24,-22,0,-2,-8,13,10,2,-8,sil
20.17507696151733,0,23,8,10,0,-17,-23,-3,-20,-15,10,2,-6,-10,sil
20.176076412200928,1,18,11,23,10,3,-10,-4,-19,1,14,6,-2,2,sil
20.19036316871643,8,8,4,27,13,21,4,0,-5,12,4,0,-8,6,sil
20.205941915512085,-1,4,-3,24,11,24,19,2,4,11,0,-16,-9,0,sil
20.205941915512085,-10,0,-4,24,8,18,25,-1,-2,13,-6,-27,-7,-5,sil
20.22101831436157,-8,-14,-1,8,2,19,27,-5,-12,12,-24,-25,-13,-6,sil
20.22101831436157,-8,-24,-9,-12,-2,18,29,1,4,12,-27,-15,-9,0,sil
20.23629784584045,-5,-22,-9,-7,-3,7,22,2,23,21,-12,-3,0,12,sil
20.23629784584045,2,-17,5,0,-3,3,11,3,25,22,-8,2,0,16,sil
20.251962900161743,0,-17,-4,-18,-14,-3,2,3,27,7,-11,0,5,9,sil
20.251962900161743,-6,-13,-11,-36,-21,-26,-19,0,17,-13,-3,6,13,0,sil
20.267142057418823,2,0,0,-21,-8,-32,-32,-5,-5,-23,10,25,2,-7,sil
20.267142057418823,15,13,9,-1,4,-8,-19,-8,-16,-24,21,29,-1,-11,sil
20.283324241638184,8,16,12,-2,7,5,-13,-5,-27,-28,20,12,0,-16,sil
20.283324241638184,-9,11,-2,-4,4,0,-17,-4,-43,-31,3,-5,-13,-20,sil
20.29818320274353,-18,6,-3,6,6,8,0,0,-35,-25,-13,-14,-25,-16,sil
20.29818320274353,-11,0,5,13,6,34,32,6,-2,-5,-17,-20,-15,-2,sil
20.312966108322144,-5,-11,-4,-1,-2,27,37,8,16,15,-13,-19,3,10,sil
20.312966108322144,0,-14,-6,-20,-11,-4,16,5,18,25,-7,0,18,22,sil
20.32898569107056,9,-3,1,-7,-10,-21,5,4,28,28,1,8,23,22,sil
20.32898569107056,12,0,3,4,-9,-21,-8,1,27,15,11,9,21,10,sil
20.34508228302002,6,1,-1,-11,-4,-22,-31,0,9,-7,15,17,18,-1,sil
20.34508228302002,5,7,-5,-18,0,-24,-37,-1,-7,-17,13,14,6,-12,sil
20.361129999160767,1,11,1,2,0,-19,-31,-6,-28,-20,7,-2,-12,-22,sil
20.361129999160767,-2,17,8,29,1,0,-24,-5,-27,-12,9,-10,-17,-14,sil
20.37695264816284,-1,24,19,41,15,20,-3,0,-5,3,8,2,-6,2,sil
20.37695264816284,0,18,17,43,28,25,18,5,0,9,-1,8,0,8,sil
20.3931884765625,0,0,-1,33,19,17,22,0,-5,13,-8,-10,-8,2,sil
20.3931884765625,-5,-13,-6,1,2,13,18,-2,9,20,-13,-22,-15,0,sil
20.408283710479736,0,-14,-8,-15,0,15,25,6,34,27,-13,-11,-2,12,sil
20.408283710479736,9,-18,-11,-14,2,10,21,11,40,24,-4,1,15,21,sil
20.42438316345215,0,-22,-14,-27,-10,-11,-4,4,20,-3,0,4,13,5,sil
20.42438316345215,-8,-10,-16,-34,-21,-23,-16,-4,-3,-28,1,0,0,-17,sil
20.440062046051025,-4,5,-4,-8,-8,-5,-2,-4,-19,-19,3,-4,-11,-16,sil
20.440062046051025,-4,0,-3,15,-1,12,13,-3,-22,-4,-12,-17,-16,-4,sil
20.455092430114743,-6,-8,-1,12,-9,9,14,-2,-6,1,-19,-13,-3,7,sil
20.455092430114743,4,-2,8,-2,-5,0,13,4,17,19,5,13,22,23,sil
20.470262050628666,11,0,0,-17,1,-12,9,2,24,17,17,19,29,14,sil
20.470262050628666,5,0,-1,-19,-4,-25,-9,-8,4,-16,8,13,14,-11,sil
20.486351251602173,8,11,8,-1,-5,-16,-15,-7,-11,-22,15,22,4,-11,sil
20.486351251602173,15,21,11,15,11,1,-2,-3,-12,3,20,19,1,2,sil
20.502466678619385,10,24,12,17,21,7,-2,0,-9,3,6,0,-8,0,sil
20.502466678619385,-2,17,2,14,6,7,-9,3,-11,-4,-4,-9,-17,-2,sil
20.518085479736328,-12,-7,1,5,-4,13,-2,0,-15,5,-7,-9,-15,0,sil
20.518085479736328,-15,-26,1,-3,-4,20,9,-1,-7,20,-13,-14,-9,-1,sil
20.53306293487549,-17,-20,-9,-15,-6,14,5,0,-3,10,-25,-19,-11,-2,sil
20.53306293487549,-11,-10,-6,-25,-9,-2,-14,-1,-10,-11,-25,-12,-10,0,sil
20.54850959777832,5,-3,3,-11,-5,-12,-20,-1,-5,-13,1,10,7,5,sil
20.54850959777832,13,0,10,0,1,-11,-15,1,-2,-8,26,28,20,5,sil
20.56388640403748,0,1,-1,-16,0,-14,-13,4,-13,-18,18,9,6,-7,sil
20.56388640403748,-9,6,-9,-15,-3,-15,-11,-2,-17,-30,0,-9,-13,-22,sil
20.579851388931274,-2,15,2,12,10,-3,-9,-1,-10,-27,0,0,-13,-18,sil
20.579851388931274,5,16,2,30,20,5,-3,5,1,-6,5,2,0,-5,sil
20.59532809257508,0,9,1,26,9,7,9,5,13,8,0,-9,0,0,sil
20.59532809257508,-7,0,0,25,2,13,22,0,16,14,-14,-12,-8,0,sil
20.610983848571777,-6,-7,-4,23,2,20,29,0,23,26,-12,-12,0,5,sil
20.610983848571777,2,-7,7,7,0,17,30,3,37,35,-3,-7,11,19,sil
20.6262149810791,7,-9,6,-4,-5,5,23,3,44,32,-2,-1,15,25,sil
20.6262149810791,5,-19,-9,-14,-10,-12,4,1,30,14,-5,3,17,18,sil
20.642054796218872,0,-27,-15,-36,-24,-28,-15,-1,2,-13,-3,6,9,0,sil
20.642054796218872,-4,-13,-16,-36,-24,-29,-24,-6,-10,-25,2,3,-5,-15,sil
20.65766453742981,0,14,-1,-8,-2,-15,-19,-7,-11,-13,15,9,-3,-9,sil
20.65766453742981,7,26,5,12,7,0,-4,-1,-15,-2,24,10,3,-1,sil
20.673403024673465,-1,19,0,15,7,9,1,3,-22,-7,12,0,-7,-11,sil
20.673403024673465,-7,13,2,21,17,17,0,8,-16,-6,-4,-6,-20,-12,sil
20.68905019760132,1,1,4,25,21,21,8,3,-9,7,-11,-9,-13,0,sil
20.68905019760132,-2,-12,3,8,1,21,21,0,-9,18,-12,-9,0,12,sil
20.70422124862671,-2,-10,0,-7,-8,15,20,-1,1,20,-8,0,6,19,sil
20.70422124862671,20,-4,3,-8,0,-1,0,-5,11,14,4,11,14,16,sil
20.71937584877014,25,0,7,-10,0,-16,-20,-5,3,2,12,18,17,7,sil
20.735216856002808,4,0,3,-20,-13,-20,-25,-5,-5,-11,12,19,14,3,sil
20.735216856002808,0,3,8,-22,-6,-21,-18,-3,-11,-18,11,17,8,-2,sil
20.751301527023315,6,16,2,-1,11,-11,-4,2,-9,-8,12,11,2,-8,sil
20.75230050086975,-3,23,-5,16,19,7,4,2,-4,0,6,-1,-8,-12,sil
20.767480611801147,-18,4,0,13,7,12,8,-1,-7,-3,-7,-19,-19,-12,sil
20.767480611801147,-19,-14,1,6,-2,9,12,-1,-5,7,-10,-26,-9,-4,sil
20.767480611801147,-13,-15,-3,0,1,13,16,3,9,22,-4,-13,6,9,sil
20.78324007987976,-8,-16,-13,-15,0,7,18,7,24,16,-14,-10,2,8,sil
20.78324007987976,-5,-16,-16,-28,-11,-7,0,0,22,-1,-23,-15,-6,-5,sil
20.79729676246643,1,-1,-1,-20,-11,-15,-27,-8,-4,-28,-4,2,-3,-15,sil
20.81303596496582,2,10,3,2,-2,-14,-23,-6,-35,-48,0,4,-17,-16,sil
20.81303596496582,-16,1,-2,6,-3,-8,-6,-1,-40,-47,-27,-27,-42,-22,sil
20.8285129070282,-26,-8,-8,0,-8,2,0,5,-10,-19,-35,-40,-28,-20,sil
20.8285129070282,-5,-5,0,11,-1,14,12,7,15,9,-12,-9,5,3,sil
20.845632314682007,14,-1,11,20,0,13,18,4,24,20,3,19,17,27,sil
20.845632314682007,19,-1,5,10,-7,2,6,1,34,26,15,27,23,27,sil
20.84663224220276,18,1,9,-2,0,-8,-12,1,35,26,34,37,34,22,sil
20.86043739318848,22,6,12,-1,8,-15,-24,0,16,13,44,42,29,14,sil
20.876474380493164,26,14,8,17,0,-11,-22,-3,-5,-1,33,26,7,-4,sil
20.876474380493164,16,29,17,38,1,2,-12,-1,-25,-6,16,11,-7,-13,sil
20.892032623291016,-2,23,6,34,15,17,4,2,-25,1,5,1,-8,-5,sil
20.892032623291016,-16,-10,-11,-9,7,25,27,3,-3,14,0,-8,-5,2,sil
20.892032623291016,-15,-24,-12,-35,-1,26,41,3,6,21,-5,-11,-3,8,sil
20.9073748588562,-2,-7,-4,-3,0,9,33,0,8,18,-11,-6,2,7,sil
20.923409461975098,5,0,6,12,0,-9,14,-1,19,11,-11,-2,15,4,sil
20.923409461975098,0,-6,-3,-10,-3,-13,-4,-2,16,6,0,2,23,3,sil
20.93834900856018,0,4,-10,-13,0,-16,-22,-3,-9,-4,12,12,10,-4,sil
20.93834900856018,10,22,4,9,4,-23,-26,1,-16,-19,7,12,-10,-10,sil
20.95389032363892,0,14,4,14,9,-13,-13,2,-4,-23,-12,-14,-22,-13,sil
20.95389032363892,-22,0,-9,2,7,5,0,-5,-14,-23,-37,-40,-32,-19,sil
20.96898031234741,-17,-5,-12,5,-2,14,11,-7,-26,-13,-38,-35,-33,-12,sil
20.96898031234741,-4,-14,0,3,-8,12,13,-3,-17,1,-18,-16,-15,5,sil
20.98422384262085,-5,-27,-4,-25,-15,5,8,0,1,8,-8,-13,0,9,sil
20.98422384262085,-1,-25,-17,-48,-16,-6,0,0,22,9,-4,-10,9,11,sil
20.999738216400143,4,-10,-3,-41,-4,-16,-16,1,27,3,11,11,19,18,sil
20.999738216400143,8,0,0,-32,0,-21,-27,0,8,-9,20,19,21,6,sil
21.015782117843628,5,4,-7,-29,0,-21,-27,-7,-9,-22,15,7,7,-14,sil
21.015782117843628,-3,14,-2,-10,10,-7,-20,-2,-17,-19,12,4,-6,-21,sil
21.030922651290894,-11,15,4,10,11,9,-8,5,-19,-3,11,1,-8,-17,sil
21.030922651290894,-6,6,8,15,6,13,1,0,-15,5,8,-4,-5,-8,sil
21.04611110687256,-3,3,4,23,5,13,9,-3,-9,8,-1,-7,-11,-2,sil
21.04611110687256,-11,-1,0,26,-5,20,16,2,-5,12,-18,-10,-12,-1,sil
21.06213879585266,-15,-15,2,16,-19,18,23,9,12,15,-14,-6,5,6,sil
21.06213879585266,0,-14,4,18,-10,3,22,5,33,22,0,3,17,19,sil
21.077865600585938,10,-1,5,16,1,0,10,0,20,17,-5,7,3,13,sil
21.077865600585938,4,-3,0,2,0,8,7,1,10,6,-6,5,-2,0,sil
21.09329128265381,10,-2,4,0,0,6,13,3,25,9,13,14,15,4,sil
21.09329128265381,20,12,12,6,4,-3,5,0,17,3,20,26,22,9,sil
21.108643293380737,16,18,8,13,4,-9,-10,-6,-15,-18,14,18,4,1,sil
21.108643293380737,15,17,20,16,4,-12,-14,-5,-29,-29,19,15,0,-2,sil
21.124531269073486,22,22,23,15,14,-9,-2,-1,-13,-15,19,23,10,0,sil
21.124531269073486,21,25,11,20,22,0,1,-1,-3,-6,11,20,7,4,sil
21.14039802551269,16,25,12,32,12,3,-4,0,-10,-9,4,10,-2,10,sil
21.14039802551269,3,8,-1,26,0,5,0,2,-6,-3,-9,-4,-8,5,sil
21.15524673461914,-17,-21,-20,0,1,13,12,4,9,15,-23,-22,-15,-2,sil
21.15524673461914,-23,-31,-25,-23,2,14,12,8,25,30,-18,-26,-8,5,sil
21.1703736782074,-14,-25,-23,-41,-14,-4,0,0,25,15,-11,-17,1,6,sil
21.1703736782074,-9,-24,-14,-49,-20,-23,-17,-4,7,-12,-8,-6,0,-7,sil
21.18629026412964,-7,-14,-16,-33,-10,-24,-27,-1,-5,-16,2,0,4,-13,sil
21.18629026412964,-7,5,-9,-19,-5,-21,-28,-6,-18,-12,8,2,2,-14,sil
21.202013969421387,-12,9,0,-14,-5,-9,-16,-4,-30,-17,0,-2,-15,-19,sil
21.202013969421387,-16,0,0,5,2,11,6,1,-20,-4,-4,-13,-16,-9,sil
21.21732282638549,-16,-1,3,17,5,19,21,0,0,14,-14,-19,-13,3,sil
21.21732282638549,-17,-8,-5,4,-6,12,20,-2,0,10,-30,-30,-27,-2,sil
21.233015060424805,-11,-22,-16,-17,-11,6,15,2,-1,0,-30,-33,-25,-11,sil
21.23338103294373,1,-20,-4,-31,-3,-1,5,7,6,0,-9,-10,1,-2,sil
21.24818181991577,11,0,8,-20,0,-14,-9,0,12,1,16,16,19,6,sil
21.24818181991577,13,28,20,6,7,-13,-18,-6,1,-2,35,27,22,4,sil
21.263908624649048,11,38,18,33,18,8,-2,-1,-4,-3,28,10,16,-3,sil
21.280078887939453,0,16,2,40,21,28,18,0,-1,8,4,-11,0,-5,sil
21.280078887939453,-6,-10,-6,23,4,23,17,0,3,17,-12,-14,-7,3,sil
21.280078887939453,-3,-19,-6,-6,-14,2,0,-1,3,6,-16,-6,-2,5,sil
21.295047283172607,-2,-15,-2,-19,-16,-8,-12,-6,0,-7,-11,2,6,-1,sil
21.309111833572388,4,-4,0,-2,-8,-12,-8,-4,3,0,2,18,14,2,sil
21.309111833572388,24,6,10,1,-4,-15,-2,3,16,12,20,37,23,18,sil
21.324174642562863,41,16,19,-5,0,-12,-6,7,17,12,36,44,26,24,sil
21.324174642562863,38,24,21,10,6,-12,-14,0,-4,-5,37,36,16,20,sil
21.3393292427063,17,19,19,14,0,-17,-16,0,-24,-35,16,21,0,8,sil
21.3393292427063,-2,1,-3,-3,-4,-7,-4,3,-21,-39,-2,1,-11,-4,sil
21.354459524154663,-9,-2,-8,3,8,12,6,1,-14,-23,-10,-12,-16,-7,sil
21.354459524154663,-13,0,1,27,17,25,7,2,-6,-5,-16,-15,-16,-2,sil
21.37024164199829,-13,-3,-5,21,4,23,16,2,15,25,-13,-10,-1,0,sil
21.37024164199829,-11,-12,-1,-1,0,17,32,3,29,47,0,-6,11,3,sil
21.38595461845398,-18,-16,-6,-11,6,10,31,2,28,37,2,-11,3,-1,sil
21.38595461845398,-24,-13,-24,-12,0,2,13,-1,20,14,-22,-20,-14,-15,sil
21.40104365348816,-13,-2,-16,-17,-9,-2,0,0,6,-7,-34,-14,-17,-17,sil
21.40104365348816,0,7,-5,-14,0,-12,-8,1,0,-23,0,0,0,-6,sil
21.4162175655365,0,15,0,-7,9,-15,-19,-6,-11,-31,25,4,0,-8,goodbye
21.4162175655365,-14,9,-5,1,7,0,-18,-11,-25,-26,-6,-17,-24,-24,goodbye
21.432528257369995,-19,-5,-10,11,1,10,-3,-8,-25,-5,-30,-36,-24,-21,goodbye
21.432528257369995,-7,-7,6,14,2,0,0,0,-19,13,-8,-19,0,0,goodbye
21.44761848449707,0,-6,10,10,-1,-4,0,0,-8,20,1,2,5,12,goodbye
21.44761848449707,1,-18,0,-2,-15,-5,-3,1,4,20,-7,0,0,7,goodbye
21.46326971054077,10,-20,-4,-14,-18,-4,-5,2,3,15,-3,-5,1,8,goodbye
21.46326971054077,15,-8,3,-11,-6,-7,-4,-2,-1,0,7,7,8,14,goodbye
21.478874444961548,11,0,14,-9,-10,-11,-12,-3,0,-21,3,20,10,11,goodbye
21.478874444961548,15,-4,0,-16,-23,-14,-21,2,7,-19,2,15,11,5,goodbye
21.49429154396057,26,0,1,-18,-13,-13,-16,9,19,0,14,26,19,11,goodbye
21.49429154396057,31,26,20,0,6,-9,-2,10,22,6,22,44,27,21,goodbye
21.50989818572998,22,37,14,22,13,-3,0,0,4,-2,21,30,14,6,goodbye
21.50989818572998,-4,16,-5,12,12,3,-6,-6,-16,-10,20,2,-5,-18,goodbye
21.52513217926025,-20,3,-11,-3,12,9,6,0,-14,-4,22,-8,-11,-17,goodbye
21.52513217926025,-7,11,-1,8,16,13,21,1,-3,2,12,-9,-9,-3,goodbye
21.54121685028076,2,14,1,21,15,16,19,0,-4,1,-5,-14,-10,-1,goodbye
21.54121685028076,-4,0,-1,13,9,20,19,2,-1,5,-16,-20,-10,0,goodbye
21.557025909423828,-11,-15,1,5,6,17,21,0,3,11,-19,-17,-10,4,goodbye
21.557025909423828,-11,-17,-6,7,-2,10,17,-1,2,13,-24,-15,-7,0,goodbye
21.573174953460693,-14,-14,-16,6,-7,13,18,1,3,10,-20,-15,0,-1,goodbye
21.573174953460693,-19,-14,-8,0,0,14,22,5,19,18,-4,-7,9,4,goodbye
21.58827209472656,-9,-13,-3,-13,0,0,11,-2,24,20,-4,-6,9,1,goodbye
21.58827209472656,5,-11,0,-28,-14,-21,-13,-12,-1,-8,-16,-7,1,-2,goodbye
21.60404372215271,10,-9,0,-26,-19,-33,-33,-10,-17,-33,-14,5,-3,-2,goodbye
21.60404372215271,5,-3,2,-18,-13,-33,-40,-2,-14,-32,-3,16,-2,-5,goodbye
21.61963796615601,0,4,3,-18,-3,-19,-29,0,-15,-28,3,12,2,-9,goodbye
21.61963796615601,0,10,2,-16,0,-6,-20,-1,-17,-22,11,10,0,-10,goodbye
21.635398864746094,-6,9,9,-11,-6,-10,-35,-4,-17,-17,16,9,-12,-19,goodbye
21.635398864746094,-15,7,5,0,-4,-7,-30,-2,-21,-7,13,-2,-19,-24,goodbye
21.650920629501343,-9,14,5,20,13,16,5,3,-12,7,9,-10,-10,-7,goodbye
21.650920629501343,1,14,9,33,23,32,22,12,7,15,6,-4,-1,9,goodbye
21.666075706481934,3,1,-4,30,14,28,17,9,18,19,0,-4,0,14,goodbye
21.666075706481934,0,-3,-4,24,9,25,24,4,16,30,-9,0,8,22,goodbye
21.68223786354065,2,-6,0,18,6,21,37,6,27,35,-3,5,19,27,goodbye
21.696972846984863,4,-11,-4,7,0,6,35,3,36,30,9,3,17,23,goodbye
21.696972846984863,11,-5,0,0,-5,-3,23,2,28,23,10,6,17,19,goodbye
21.696972846984863,22,2,0,5,-1,-5,9,1,25,14,6,15,28,21,goodbye
21.71291732788086,18,2,-4,1,2,-6,0,-3,20,1,14,17,23,16,goodbye
21.71291732788086,13,5,-1,-8,0,-13,-1,-1,8,2,18,15,14,1,goodbye
21.72830915451049,16,4,5,-17,-8,-27,-10,-3,-1,0,14,14,10,-9,goodbye
21.743476390838623,4,1,5,-18,-14,-32,-31,-6,-23,-34,7,9,-3,-19,goodbye
21.743476390838623,-4,11,-3,0,-7,-16,-30,-2,-40,-50,-2,-2,-21,-24,goodbye
21.76011371612549,0,13,2,6,1,0,-11,1,-35,-29,-15,-12,-23,-17,goodbye
21.76111364364624,-6,-6,0,-14,-5,-2,-6,-1,-31,-19,-25,-20,-25,-13,goodbye
21.76111364364624,-23,-15,-10,-18,-14,-8,-13,-8,-38,-24,-26,-25,-31,-24,goodbye
21.77435207366944,-18,-1,1,4,-4,1,-14,-9,-32,-16,-18,-18,-29,-24,goodbye
21.789454460144043,-14,1,1,19,6,17,0,-5,-12,-4,-18,-20,-27,-14,goodbye
21.789454460144043,-25,-9,-13,2,3,18,15,0,0,1,-25,-29,-20,-11,goodbye
21.8054747581482,-18,-16,-11,-10,0,15,24,4,18,22,-18,-21,-2,5,goodbye
21.8054747581482,-2,-12,2,-5,1,14,22,5,36,40,-5,-7,9,28,goodbye
21.82126235961914,0,-12,7,-12,-3,11,18,3,38,30,-5,-2,16,26,goodbye
21.82126235961914,9,-12,-2,-22,-4,2,7,0,36,16,3,5,23,20,goodbye
21.83692169189453,19,2,-2,-13,8,-2,-13,2,22,7,25,26,25,14,goodbye
21.83692169189453,12,18,1,-8,9,-5,-25,5,-3,-5,33,30,19,-3,goodbye
21.85254406929016,1,13,1,-8,3,-10,-17,0,-12,-16,27,13,7,-16,goodbye
21.85254406929016,-3,10,9,7,9,-7,-13,-4,-21,-18,19,8,-7,-16,goodbye
21.86815071105957,-6,16,5,28,9,-2,-13,-1,-37,-13,6,7,-17,-18,goodbye
21.86815071105957,-2,14,2,28,1,-1,-1,0,-32,-14,-4,0,-15,-14,goodbye
21.88345623016357,0,4,3,20,3,6,13,3,-8,-4,-12,-7,-2,0,goodbye
21.88345623016357,0,-1,-2,14,3,20,24,4,14,19,-14,-5,11,10,goodbye
21.89890503883361,3,-2,5,6,3,19,24,2,29,27,0,9,19,19,goodbye
21.89890503883361,6,-7,0,-3,1,1,11,0,32,22,10,13,16,18,goodbye
21.914958238601685,0,-19,-6,-16,-11,-10,-3,0,27,17,0,3,12,14,goodbye
21.914958238601685,6,-18,0,-19,-22,-13,-5,3,22,5,-1,12,21,20,goodbye
21.93103337287903,20,0,-2,-12,-12,-17,0,4,16,-2,20,25,26,17,goodbye
21.93103337287903,22,15,6,-6,0,-21,-6,4,-1,-12,26,17,8,1,goodbye
21.94715571403504,16,22,19,13,5,-14,-5,0,-15,-24,14,5,-9,-6,goodbye
21.94715571403504,1,19,8,32,9,0,2,-10,-21,-20,0,-9,-17,-10,goodbye
21.96343183517456,-20,1,-3,19,4,9,5,-9,-28,-8,-20,-31,-31,-16,goodbye
21.96343183517456,-24,-16,-10,5,-1,8,5,-1,-15,3,-26,-34,-25,-10,goodbye
21.97879147529602,-6,-19,-8,1,0,11,10,0,6,19,-10,-6,0,7,goodbye
21.97879147529602,7,-12,-4,-13,0,10,8,0,10,18,0,3,5,11,goodbye
21.99442934989929,0,-11,-9,-24,-8,-6,-15,-4,0,-5,0,-1,-1,-3,goodbye
21.99442934989929,-5,-1,-5,-18,-8,-21,-37,-4,-11,-18,3,6,-1,-8,goodbye
22.01005434989929,5,22,2,0,0,-13,-26,0,-23,-12,8,8,-11,-8,goodbye
22.01005434989929,5,25,5,15,8,1,-7,-1,-33,-16,1,-3,-25,-18,goodbye
22.0253746509552,-14,3,-2,14,4,17,3,0,-30,-17,-17,-14,-20,-21,goodbye
22.0253746509552,-24,-11,-8,-6,-6,29,20,6,-1,1,-39,-27,-10,-9,goodbye
22.04090118408203,-16,-24,-10,-31,-10,21,28,5,34,17,-41,-33,-3,0,goodbye
22.04090118408203,-11,-33,-16,-35,-8,-2,12,-1,45,14,-17,-18,8,5,goodbye
22.056898593902588,0,-14,-3,-23,0,-14,-8,2,27,4,6,6,22,5,goodbye
22.056898593902588,14,13,6,-3,10,-8,-7,7,17,2,22,27,27,7,goodbye
22.07234525680542,17,18,8,17,15,-8,0,-2,8,3,37,34,24,9,goodbye
22.07234525680542,10,19,17,28,11,-5,-6,-4,-13,0,33,23,12,3,goodbye
22.08800864219665,1,21,9,28,11,12,2,6,-21,2,7,-1,0,0,goodbye
22.08800864219665,-4,4,1,23,12,20,22,2,-6,13,-10,-15,-5,2,goodbye
22.109392642974854,-4,-21,-1,5,-2,3,17,-4,5,14,-13,-12,-7,2,goodbye
22.109392642974854,-5,-26,-13,-18,-22,-12,-6,-3,10,2,-15,-10,-12,-1,goodbye
22.109392642974854,-6,-5,-7,-24,-15,-18,-17,-2,7,-12,-2,1,-10,0,goodbye
22.118940353393555,8,14,7,-7,0,-17,-13,-4,-3,-11,19,22,5,3,goodbye
22.134981632232662,17,17,14,2,0,-12,-18,-2,-19,-13,19,29,9,-3,goodbye
22.134981632232662,4,17,6,11,1,-2,-25,1,-30,-24,9,9,-8,-13,goodbye
22.15109920501709,-4,20,4,27,9,7,-2,6,-16,-4,12,-5,-8,-7,goodbye
22.15109920501709,-1,9,14,22,7,17,32,10,6,32,6,0,13,12,goodbye
22.166385173797607,5,-7,2,4,0,20,37,3,16,32,-9,0,15,22,goodbye
22.166385173797607,7,-16,-7,-7,-2,11,12,-2,12,2,-5,0,2,14,goodbye
22.18242645263672,0,-17,-3,-16,-6,-4,-6,1,16,-3,3,6,4,3,sil
22.18242645263672,-1,-11,-5,-21,-11,-15,-15,-2,11,-4,0,0,7,-2,sil
22.19795203208924,3,0,-2,-22,-9,-18,-23,-10,-13,-25,-2,-2,-4,-8,sil
22.19795203208924,9,6,0,-7,-1,-14,-18,-7,-24,-36,2,5,-16,-10,sil
22.2132887840271,3,7,-2,10,2,0,-10,-4,-18,-27,0,-3,-15,-10,sil
22.2132887840271,-14,0,-6,12,3,15,2,0,-11,-6,-13,-25,-10,-10,sil
22.229119539260864,-23,-14,-14,4,3,16,27,8,4,19,-22,-30,-5,-5,sil
22.229119539260864,-8,-11,-3,2,4,15,32,7,17,26,-24,-15,0,8,sil
22.244269132614136,6,-1,0,2,-1,11,13,0,20,17,-15,0,7,20,sil
22.244269132614136,6,-3,-3,-9,-9,-4,0,-3,22,14,5,10,9,12,sil
22.260085821151733,5,0,0,-21,-2,-14,-6,0,11,2,20,16,8,-4,sil
22.260085821151733,6,13,0,-10,10,-16,-14,2,-2,-9,15,10,1,-13,sil
22.27514386177063,0,20,1,10,13,-9,-15,6,-4,-5,7,0,-6,-8,sil
22.27514386177063,-6,9,6,22,6,12,0,9,3,18,7,-4,0,2,sil
22.29026222229004,-7,-10,4,14,0,16,15,1,10,36,6,0,17,13,sil
22.29026222229004,7,-10,12,0,2,-5,5,-7,13,22,4,14,24,16,sil
22.306351900100708,20,11,14,5,7,-17,-7,-7,11,2,14,16,16,7,sil
22.306351900100708,8,22,8,21,10,-8,-12,-2,-9,-7,24,12,2,-6,sil
22.32113480567932,-10,11,0,19,6,0,-7,-5,-36,-21,0,-5,-17,-20,sil
22.32113480567932,-17,-9,-11,0,-3,5,7,-12,-36,-29,-46,-33,-39,-22,sil
22.337236881256104,-10,-23,-11,-14,-16,9,16,0,-10,-14,-50,-29,-30,-3,sil
22.337236881256104,-2,-12,-9,-17,-17,4,3,9,12,0,-10,4,4,8,sil
22.353147506713867,-5,3,-2,-20,-6,-2,-15,1,1,-17,9,14,7,-6,sil
22.353147506713867,-14,0,-7,-17,3,7,-9,-1,-18,-26,-1,-7,-18,-20,sil
22.368550777435303,-15,-14,-12,-7,1,21,7,1,-11,-5,-15,-23,-24,-6,sil
22.368550777435303,-8,-18,-1,-8,-11,7,3,3,3,3,-19,-13,-9,9,sil
22.384461879730225,4,-7,0,-14,-15,-17,-11,0,6,-2,3,8,7,6,sil
22.384461879730225,14,5,1,-10,-4,-18,-21,-1,2,-6,33,21,21,-5,sil
22.399037837982178,11,11,13,3,3,-5,-21,0,-5,-5,29,16,11,-8,sil
22.399037837982178,3,6,8,19,5,5,-2,4,-3,8,3,1,-1,4,sil
22.41422772407532,0,-2,-2,10,1,7,13,2,14,29,-5,-8,3,17,sil
22.41422772407532,9,-7,-4,-3,-7,-7,12,-2,27,25,0,-5,16,17,sil
22.42979431152344,24,4,5,-5,-5,-17,3,-1,20,4,15,15,18,16,sil
22.42979431152344,21,15,8,-3,4,-13,3,6,6,-3,26,30,15,12,sil
22.44550943374633,3,15,3,0,1,-12,4,0,-2,-4,15,16,5,0,sil
22.461117267608643,-7,18,8,11,0,-1,5,-9,-15,-9,-2,-1,-6,-9,sil
22.461117267608643,-6,18,6,23,13,18,16,1,-13,0,-5,-4,-7,-1,sil
22.47761082649231,1,12,8,35,22,28,26,11,1,20,0,1,2,7,sil
22.47761082649231,3,4,5,36,18,31,23,7,11,30,-4,-1,8,9,sil
22.47761082649231,-8,-16,-13,7,2,17,12,0,8,18,-19,-16,0,2,sil
22.49300694465637,-11,-29,-8,-24,-6,-8,-6,-4,4,0,-21,-14,-6,-2,sil
22.49340009689331,1,-15,0,-20,-2,-15,-19,-5,10,-5,0,4,5,0,sil
22.50996041297913,7,0,-6,-17,0,-15,-20,-3,8,-5,15,12,18,0,sil
22.50996041297913,0,6,-5,-24,-3,-20,-23,0,-6,-14,18,8,11,-8,sil
22.525195121765137,-5,6,-1,-3,3,-11,-21,-5,-11,-15,17,3,-5,-11,sil
22.525195121765137,-8,5,5,20,9,3,-8,-7,-9,-9,1,-10,-15,-12,sil
22.539633989334103,-18,-1,-1,7,0,10,0,-5,-13,-8,-24,-29,-22,-17,sil
22.539633989334103,-22,-17,-12,-6,-7,13,0,-4,-18,-8,-29,-31,-33,-16,sil
22.55483770370484,-8,-17,-8,0,-1,14,9,0,-9,0,-20,-19,-24,-2,sil
22.57164001464844,2,-7,-4,-1,-7,8,17,5,10,9,-14,-10,0,9,sil
22.57164001464844,6,-12,-1,-21,-18,-6,0,7,19,1,-8,3,9,12,sil
22.586352586746216,7,-13,-3,-32,-16,-24,-18,2,7,-15,-1,13,2,6,sil
22.586352586746216,7,-1,-5,-26,-11,-26,-14,-2,-9,-20,3,14,0,-2,sil
22.60234856605529,14,16,11,-1,-3,-7,-1,0,-15,-11,17,24,6,0,sil
22.60234856605529,23,31,21,34,11,6,3,2,-4,1,30,31,16,7,sil
22.60234856605529,10,27,13,38,21,6,-1,1,-3,4,22,17,9,2,sil
22.618348598480225,-9,9,0,21,14,12,4,5,-10,0,0,-2,-10,-4,sil
22.63306975364685,-14,-3,-4,16,4,22,25,4,0,10,-14,-15,-13,0,sil
22.63306975364685,-15,-14,-5,6,0,14,24,0,9,20,-14,-22,-4,7,sil
22.64820003509521,-14,-23,-16,-9,-7,0,13,-3,12,14,-11,-22,0,2,sil
22.64820003509521,-5,-16,-10,-20,-11,-6,7,1,11,3,-5,-11,7,-4,sil
22.66334724426269,0,-4,-5,-28,-10,-19,-8,2,10,2,0,0,11,-1,sil
22.66334724426269,2,-3,-3,-28,-10,-29,-32,-3,2,-4,0,7,7,0,sil
22.679462671279907,11,0,12,-18,-10,-17,-29,-2,-6,-16,7,16,7,0,sil
22.679462671279907,22,16,11,-7,0,1,-3,1,1,-2,24,18,10,1,sil
22.69492626190185,15,32,10,12,17,10,4,2,8,15,33,17,9,1,sil
22.69492626190185,4,35,18,44,28,17,5,1,0,13,23,15,8,4,sil
22.71038556098938,1,18,13,45,20,21,15,-3,-10,5,0,0,4,5,sil
22.71038556098938,0,-5,6,13,8,13,14,-6,-14,0,-19,-7,-6,0,sil
22.72601199150085,0,-13,-1,3,4,9,10,0,-1,5,-15,-5,-13,3,sil
22.72601199150085,0,-13,-4,6,0,18,13,1,12,13,-16,-9,-10,8,sil
22.74105429649353,-12,-29,-12,-19,-11,8,5,-1,13,5,-34,-20,-7,-3,sil
22.74105429649353,-18,-30,-22,-35,-19,-19,-6,0,6,-10,-23,-17,-4,-14,sil
22.7562952041626,0,0,-4,-19,-11,-23,-4,1,5,-15,12,7,3,0,sil
22.7562952041626,17,15,3,-4,-3,-10,-7,0,6,-8,35,25,15,11,sil
22.77235221862793,6,5,-6,-8,-5,-14,-28,-4,-8,-16,27,15,7,-4,sil
22.77235221862793,-14,2,-7,-5,-4,-14,-29,-1,-25,-33,0,-6,-15,-19,sil
22.788411855697632,-14,3,1,14,8,3,-2,0,-18,-19,-19,-14,-24,-12,sil
22.788411855697632,-8,2,9,26,16,16,17,3,-1,12,-12,-7,-8,0,sil
22.80399250984192,-12,0,0,17,8,15,26,8,6,31,-6,-12,5,7,sil
22.80399250984192,-3,-7,-2,0,0,9,15,2,16,24,-4,-13,8,9,sil
22.81914782524109,13,-3,6,-6,0,0,0,0,25,4,4,7,11,11,sil
22.81914782524109,14,-1,-4,-4,-2,-12,-9,0,16,-1,12,21,12,6,sil
22.834325313568115,5,-3,-4,-13,-8,-27,-22,-6,-14,-4,13,13,2,-4,sil
22.834325313568115,6,8,5,-10,-4,-23,-21,-6,-30,-20,9,-1,-8,-16,sil
22.849952936172485,6,15,6,11,5,4,-1,-2,-20,-22,-3,-10,-11,-17,sil
22.849952936172485,-3,0,3,17,2,19,6,-1,-14,-2,-22,-13,-18,-9,sil
22.865123748779297,-9,-7,0,11,-5,16,17,4,-6,15,-24,-15,-17,-1,sil
22.865123748779297,-2,0,0,3,-1,16,30,8,13,16,-5,-5,3,9,sil
22.88069629669189,-2,-8,-7,-13,-3,5,12,0,17,8,3,2,13,10,sil
22.88069629669189,-9,-19,-16,-28,-16,-14,-12,-5,2,0,-4,0,3,-4,sil
22.896552324295044,0,-5,-2,-22,-12,-14,-13,0,1,-3,-1,11,9,0,sil
22.896552324295044,10,11,7,-7,2,-11,-13,0,4,-4,16,28,20,11,sil
22.91124629974365,1,13,2,-6,5,-14,-20,-4,-14,-15,20,19,4,-2,sil
22.91124629974365,-10,12,-2,-1,2,0,-16,-3,-24,-15,6,0,-12,-15,sil
22.927419900894165,-5,11,0,16,9,23,0,0,-8,0,-6,-14,-11,-5,sil
22.927419900894165,3,4,7,29,20,31,18,8,7,11,-8,-13,-4,4,sil
22.94242811203003,2,-7,0,20,12,27,20,5,17,19,0,-8,1,8,sil
22.94242811203003,0,-13,-1,0,-5,11,15,1,24,24,4,-2,13,17,sil
22.95843625068665,12,-3,2,-7,-7,-4,22,6,32,27,8,8,26,28,sil
22.95843625068665,25,6,9,0,2,-15,20,2,32,18,15,17,27,23,sil
22.974364042282104,11,4,12,-8,0,-22,-3,-8,11,-9,10,11,6,2,sil
22.974364042282104,0,2,0,-17,-9,-21,-19,-8,-8,-30,3,0,-14,-14,sil
22.990290880203247,2,8,4,2,3,-11,-22,-2,-23,-32,6,0,-20,-19,sil
22.990290880203247,-2,9,13,28,16,0,-12,0,-32,-21,1,0,-20,-14,sil
23.004420280456543,-12,1,0,28,6,9,4,4,-20,3,-14,-9,-15,-3,sil
23.020078659057617,-12,-9,-6,12,-2,18,16,5,3,22,-18,-14,-5,4,sil
23.020078659057617,-12,-21,-10,-1,-3,14,15,-1,14,24,-13,-16,-2,4,sil
23.037086248397827,-14,-23,-12,-19,-6,-1,5,-3,10,14,-18,-10,-7,0,sil
23.037086248397827,-2,-4,-9,-22,-4,-6,0,4,9,8,-10,7,4,5,sil
23.037086248397827,11,9,-11,-11,0,-5,-7,4,7,3,4,9,18,11,sil
23.051984786987305,11,4,-2,-16,-7,-17,-20,-6,-6,-16,-3,-5,2,-6,sil
23.06839609146118,12,4,7,-11,-10,-18,-15,-7,-8,-24,0,0,-3,-20,sil
23.06839609146118,16,12,13,0,-3,-5,-3,-3,-5,-13,31,21,14,-2,sil
23.06839609146118,5,10,8,-1,-1,-9,-16,0,-23,-17,23,14,3,-2,sil
23.084981203079224,-11,5,-7,2,0,-11,-23,-4,-34,-26,-8,-7,-20,-23,sil
23.084981203079224,-15,4,-1,19,7,6,-13,-2,-25,-16,-5,-8,-9,-15,sil
23.09899878501892,-9,3,3,23,6,21,-4,0,-18,-2,1,-5,1,3,sil
23.11510133743286,-8,2,0,21,0,18,2,-5,-14,7,-10,-7,-4,3,sil
23.11510133743286,-13,-5,0,17,0,17,15,0,0,17,-16,-6,-6,0,sil
23.13213896751404,-11,-21,-7,-3,-2,18,28,9,28,19,-20,-16,-2,0,sil
23.13213896751404,-7,-21,-10,-26,-9,8,26,8,38,11,-23,-19,3,8,sil
23.147287607193,-6,-13,-14,-23,-4,-3,13,0,22,7,-7,-4,17,15,sil
23.147287607193,2,-16,-9,-23,5,-6,8,-1,12,11,12,9,23,11,sil
23.147287607193,13,-12,2,-36,4,-1,5,0,20,14,23,17,16,9,sil
23.163904428482056,7,3,4,-23,0,-6,-2,4,19,7,31,16,10,7,sil
23.163904428482056,4,14,2,2,6,-15,-8,10,10,-8,29,14,0,-4,sil
23.17793321609497,12,21,4,12,7,-16,-5,7,9,-12,20,16,-8,-12,sil
23.194213151931763,19,29,16,24,3,-9,-4,-5,3,-6,14,19,-9,-3,sil
23.194213151931763,20,30,24,41,9,2,-5,-7,-10,-2,10,13,-6,6,sil
23.194213151931763,6,13,3,40,6,11,0,-1,-18,1,0,-8,-10,4,sil
23.2103111743927,-11,-5,-4,21,-3,11,8,-2,-20,5,-20,-18,-16,0,sil
23.2103111743927,-9,-8,-3,10,0,12,17,-2,-5,17,-32,-14,-15,4,sil
23.22612810134888,1,-6,-3,6,3,15,15,0,13,29,-23,-12,0,9,sil
23.22612810134888,5,-12,7,-5,-6,8,1,4,16,23,-9,-2,11,9,sil
23.240583658218384,5,-11,4,-16,-14,-7,-2,2,11,11,-1,8,13,9,sil
23.257226705551147,3,-6,-4,-24,-11,-21,-11,-1,-6,-3,4,11,14,4,sil
23.257226705551147,0,-8,-4,-30,-7,-20,-25,-3,-25,-26,10,9,11,-3,sil
23.271374702453613,0,-1,-3,-20,-2,-12,-28,-11,-26,-39,6,4,-2,-14,sil
23.271374702453613,-5,10,3,-4,0,-10,-22,-10,-32,-40,-1,-5,-20,-26,sil
23.28693437576294,-13,10,2,5,0,-8,-15,0,-34,-33,-6,-19,-25,-30,sil
23.28693437576294,-21,0,-6,9,3,10,-3,6,-16,-21,-10,-24,-19,-19,sil
23.30245995521545,-26,-11,-13,9,7,25,15,8,4,3,-22,-23,-7,-2,sil
23.30245995521545,-11,-16,-5,3,2,16,31,10,30,28,-20,-14,9,15,sil
23.3178870677948,7,-5,8,-1,3,5,26,5,49,26,1,7,23,21,sil
23.3178870677948,5,-4,-2,-9,0,-2,4,-7,33,0,5,12,17,0,sil
23.336124420166016,-4,-8,-8,-22,-13,-25,-22,-11,-7,-24,-3,6,2,-20,sil
23.336124420166016,4,10,0,-11,-9,-24,-30,0,-22,-28,12,18,5,-15,sil
23.349485397338867,18,27,2,15,7,2,-7,2,-11,-8,34,18,4,0,sil
23.349485397338867,4,12,4,2,2,16,14,-3,-7,7,17,-3,-4,3,sil
23.36537718772888,-11,-2,-4,-10,-4,14,18,0,0,19,-2,-14,-1,3,sil
23.36537718772888,-1,-2,-6,9,6,16,13,6,7,27,-1,-4,2,9,sil
23.381388425827023,9,-3,5,17,12,17,19,5,12,29,0,3,1,23,sil
23.381388425827023,10,-8,5,9,1,18,35,4,28,43,-3,5,11,34,sil
23.39728093147278,10,-12,3,3,-2,13,26,6,35,43,-4,7,16,28,sil
23.39728093147278,7,-8,0,-13,-3,-11,-5,1,18,10,0,7,7,10,sil
23.412992477416992,0,6,0,-22,0,-37,-30,-9,-6,-18,15,13,0,-4,sil
23.412992477416992,1,24,9,5,8,-28,-32,-8,-26,-25,18,13,-19,-18,sil
23.428253889083862,4,22,5,35,6,-1,-19,-4,-33,-28,-4,-4,-36,-24,sil
23.428253889083862,-4,3,1,27,2,11,-8,-2,-27,-23,-22,-18,-29,-16,sil
23.44332981109619,-16,-13,-2,3,0,5,2,-2,-14,-2,-22,-18,-15,-7,sil
23.44332981109619,-6,-15,-2,-6,-4,-8,2,-5,0,4,-14,-10,-1,0,sil
23.459343433380127,16,-1,8,-5,-6,-9,-11,0,5,-6,6,9,21,7,sil
23.459343433380127,24,16,14,4,5,0,-15,5,4,-5,37,30,34,13,sil
23.47497797012329,14,25,15,13,14,-1,-4,5,-1,0,44,33,26,11,sil
23.47497797012329,0,11,2,15,10,0,8,8,-8,-5,12,2,6,1,sil
23.490049362182617,-24,-17,-17,1,1,16,22,9,0,0,-23,-35,-11,-14,sil
23.490049362182617,-39,-32,-28,-25,-12,16,21,0,16,10,-35,-39,-14,-17,sil
23.506170749664307,-26,-28,-29,-40,-23,-8,0,-9,10,0,-31,-22,-8,-12,sil
23.506170749664307,-2,-20,-8,-32,-18,-17,-16,-7,0,-20,-22,-5,-5,-10,sil
23.522224187850952,13,-4,5,-17,-13,-9,-9,0,9,-10,2,10,4,0,goodbye
23.522224187850952,9,15,9,-3,-4,-3,0,1,8,6,21,18,8,8,goodbye
23.53730201721192,-6,17,14,17,14,20,7,2,-4,3,5,3,-5,1,goodbye
23.53730201721192,-9,0,0,25,13,37,21,1,0,6,-15,-25,-13,-5,goodbye
23.55300354957581,-5,-16,-11,-8,-6,10,19,4,12,18,-12,-24,-1,3,goodbye
23.55300354957581,-3,-17,-5,-30,-12,-14,11,9,17,18,2,2,13,14,goodbye
23.56808638572693,4,-3,-5,-15,-6,-12,0,0,10,2,4,13,15,4,goodbye
23.56808638572693,17,13,1,-5,-1,-15,-20,-2,-8,-15,3,13,3,-6,goodbye
23.58407497406006,27,19,9,-1,6,-23,-28,-2,-19,-22,15,21,-4,-5,goodbye
23.58407497406006,26,24,20,18,12,-13,-19,-10,-27,-20,22,25,-4,0,goodbye
23.598862409591675,9,28,16,34,11,0,-17,-8,-33,-21,11,14,-2,0,goodbye
23.598862409591675,-4,17,3,30,10,2,-17,-1,-23,-10,1,-1,-5,-1,goodbye
23.61494898796081,-1,6,8,20,10,6,-1,-2,-12,8,-3,-5,-11,-4,goodbye
23.61494898796081,-1,3,8,19,5,20,18,-1,0,20,-5,-4,-9,0,goodbye
23.63051438331604,-13,-4,0,14,4,30,26,2,12,17,-11,-10,-4,10,goodbye
23.63051438331604,-17,-18,-8,0,6,26,25,1,8,10,-23,-18,-8,8,goodbye
23.645902395248413,-14,-27,-19,-12,-5,4,17,1,4,12,-21,-17,-8,0,goodbye
23.645902395248413,-7,-19,-8,-13,-11,-8,8,4,23,18,1,-1,9,6,goodbye
23.66254115104676,9,-6,5,-1,0,-1,12,5,38,27,13,7,30,21,goodbye
23.66254115104676,12,-6,4,-6,0,0,10,3,29,24,6,8,30,25,goodbye
23.67791056632996,-2,-12,-5,-23,-14,-14,-6,6,21,6,9,12,17,15,goodbye
23.67791056632996,-6,-6,-13,-20,-12,-22,-19,2,13,-15,21,14,13,1,goodbye
23.69349479675293,3,5,-5,-12,-2,-26,-26,-1,-3,-25,22,11,11,-10,goodbye
23.69349479675293,9,14,0,-3,0,-24,-21,-4,-7,-18,17,8,1,-20,goodbye
23.70893597602844,2,16,3,14,4,-6,-11,-2,-7,-15,11,5,-7,-21,goodbye
23.70893597602844,3,18,9,13,7,4,-8,0,-16,-19,9,4,-10,-14,goodbye
23.724985599517822,11,20,7,0,5,1,-4,0,-15,-13,7,1,-15,-11,goodbye
23.724985599517822,0,7,5,6,6,6,0,1,-16,-8,-15,-15,-31,-17,goodbye
23.741023540496823,-17,-8,-3,9,3,20,8,0,-24,-8,-41,-37,-36,-19,goodbye
23.741023540496823,-8,-6,0,-2,0,23,17,-5,-15,0,-32,-28,-21,-2,goodbye
23.75704860687256,-1,-5,0,4,0,20,22,0,-4,7,-18,-10,-11,11,goodbye
23.75704860687256,-21,-19,-16,7,-7,11,14,0,-9,7,-30,-23,-16,0,goodbye
23.773337364196777,-27,-21,-17,-25,-18,-4,-4,-5,-16,0,-36,-32,-11,-13,goodbye
23.773337364196777,0,-14,-11,-35,-13,-12,-8,-1,0,3,-18,-12,7,0,goodbye
23.788912057876587,20,-14,-4,-13,-2,-5,7,3,22,19,5,11,29,29,goodbye
23.788912057876587,7,-11,11,-10,-3,-2,9,-1,19,21,19,25,32,25,goodbye
23.803964853286743,-4,0,5,-6,-10,-10,-10,-5,0,0,12,19,11,-4,goodbye
23.803964853286743,7,12,7,0,-1,-13,-18,-3,2,-12,16,26,8,-8,goodbye
23.82006072998047,25,24,25,0,10,-8,-5,4,21,3,49,53,33,16,goodbye
23.82006072998047,26,28,28,21,11,-8,-1,6,18,12,60,55,37,24,goodbye
23.83613395690918,21,29,21,44,12,-5,-11,4,-2,-1,33,27,9,8,goodbye
23.83613395690918,11,28,3,35,17,6,-6,2,-8,-12,18,4,-6,-2,goodbye
23.85135126113892,-3,16,-7,28,18,22,5,-1,-12,-11,8,-10,-7,-4,goodbye
23.85135126113892,-13,1,-9,33,16,28,14,0,-10,0,-14,-26,-11,-3,goodbye
23.86704397201538,-15,-7,-11,20,7,21,20,2,10,14,-27,-28,-17,-2,goodbye
23.86704397201538,-13,-23,-11,-6,-4,11,20,0,17,9,-36,-25,-21,-3,goodbye
23.883177042007446,-14,-32,-22,-26,-14,5,9,-3,7,0,-45,-32,-20,-3,goodbye
23.883177042007446,-19,-24,-24,-37,-20,-9,-4,1,14,8,-26,-28,-9,-3,goodbye
23.89856266975403,-10,-17,-10,-34,-21,-26,-13,3,14,10,-2,-9,0,-4,goodbye
23.89856266975403,12,-8,4,-19,-12,-27,-20,-2,-6,-12,-2,4,0,-4,goodbye
23.913930416107178,21,5,11,-17,-6,-24,-25,-3,-21,-34,-2,16,-4,-3,goodbye
23.913930416107178,7,5,2,-20,-4,-28,-21,-1,-19,-29,8,14,-1,-8,goodbye
23.930007934570312,-6,0,0,-16,4,-19,-9,-3,-14,-14,13,0,0,-13,goodbye
23.930007934570312,-14,1,-1,-8,14,2,0,0,-14,-8,9,-5,-3,-11,goodbye
23.94531559944153,-20,4,-3,2,11,12,-1,0,-24,-12,0,-10,-15,-16,goodbye
23.94531559944153,-9,10,7,18,9,20,4,0,-21,-6,-5,-8,-12,-12,goodbye
23.960991621017456,13,14,15,35,16,35,30,8,15,31,10,5,11,19,goodbye
23.960991621017456,21,8,18,35,12,32,39,10,32,57,18,18,29,40,goodbye
23.976289749145508,5,0,13,20,0,16,25,2,10,36,-1,5,15,22,goodbye
23.976289749145508,-5,-4,-11,7,-6,14,26,-2,6,11,-13,-10,-4,8,goodbye
23.992284297943115,-3,-8,-16,-4,-16,10,24,0,19,8,-4,-4,1,11,goodbye
23.992284297943115,0,-12,-9,-22,-35,-10,-1,-1,19,7,0,0,16,0,goodbye
24.006996631622314,2,-16,-6,-31,-27,-28,-29,-9,5,-8,-1,0,7,-10,goodbye
24.006996631622314,6,-13,-5,-20,0,-31,-36,-9,-4,-24,0,7,-1,-6,goodbye
24.02208948135376,1,-6,-1,-5,1,-24,-26,1,-5,-12,8,16,11,-6,goodbye
24.02208948135376,0,4,8,-3,0,-14,-19,6,-6,-4,12,22,18,-9,goodbye
24.03821063041687,11,18,10,-2,11,-9,-19,-1,-11,-16,0,16,2,-3,goodbye
24.03821063041687,19,23,11,11,19,-6,-16,-6,-9,-20,-4,2,-8,-2,goodbye
24.05433964729309,10,24,14,28,15,2,-4,-3,-5,-11,13,1,-10,-6,goodbye
24.05433964729309,-3,24,4,26,11,7,0,0,-10,-15,15,0,-18,-7,goodbye
24.070239305496216,-15,14,-1,11,8,4,0,1,-16,-22,-3,-10,-25,-7,goodbye
24.070239305496216,-17,0,-2,6,6,9,5,1,-11,-11,-8,-10,-19,-2,goodbye
24.085000038146973,-17,-8,-2,2,3,20,13,0,-1,4,-1,-7,-3,5,goodbye
24.085000038146973,-18,-10,-1,1,1,25,19,1,-1,17,-7,-13,1,8,goodbye
24.10119676589965,-4,-14,-10,12,2,25,27,4,0,26,-16,-20,-2,7,goodbye
24.10119676589965,3,-19,-7,2,-1,19,23,5,9,25,-14,-12,-3,7,goodbye
24.122339010238647,3,-15,-2,-13,-6,5,16,8,28,29,0,2,12,13,goodbye
24.122339010238647,15,-4,1,-4,0,-2,16,6,36,38,14,11,28,22,goodbye
24.130958795547485,21,0,10,-3,3,-4,9,3,29,24,8,8,22,19,goodbye
24.146048069000244,8,-6,-1,-18,-9,-11,0,-1,28,1,-2,0,9,6,goodbye
24.146048069000244,0,-13,-15,-29,-17,-19,-8,-5,16,-7,-4,0,5,-3,goodbye
24.1621413230896,-5,-10,-17,-31,-11,-20,-19,-1,-6,-10,-5,-1,0,-16,goodbye
24.1621413230896,-14,-7,-15,-27,-8,-25,-25,-5,-18,-22,-9,-10,-15,-29,goodbye
24.17792844772339,-9,0,-3,-20,-9,-27,-27,-12,-29,-40,-9,-8,-21,-31,goodbye
24.17792844772339,5,10,0,-13,-9,-19,-28,-10,-45,-42,-2,0,-18,-24,goodbye
24.193103075027462,12,18,1,0,-7,-15,-25,-3,-46,-32,4,1,-15,-15,goodbye
24.193536281585693,0,20,8,18,0,-8,-16,0,-32,-25,10,8,-8,-9,goodbye
24.20908141136169,-10,18,11,27,14,9,-2,4,-20,-10,9,10,1,-3,goodbye
24.20908141136169,-4,13,13,31,22,30,16,7,-7,11,2,3,2,2,goodbye
24.22425413131714,-4,6,6,36,22,42,30,4,11,28,-1,-7,4,7,goodbye
24.22425413131714,-9,1,11,35,18,37,28,3,21,35,4,0,12,18,goodbye
24.23938465118408,2,2,17,36,9,19,21,7,16,32,14,15,16,30,goodbye
24.23938465118408,11,0,3,23,-1,10,19,2,21,18,6,11,13,26,goodbye
24.25499033927917,1,-15,-5,-7,-9,9,18,-3,32,7,-9,3,10,16,goodbye
24.25499033927917,0,-17,-4,-9,-12,-4,12,-1,32,12,-6,6,8,17,goodbye
24.27014327049256,5,-5,1,-3,-12,-24,-5,0,21,5,6,9,10,11,goodbye
24.27014327049256,-1,-10,-2,-30,-18,-28,-18,4,20,-3,7,5,11,0,goodbye
24.28531265258789,-12,-23,-16,-39,-21,-21,-16,2,21,-4,-1,-4,0,-8,sil
24.28531265258789,-6,-19,-11,-23,-7,-16,-23,-7,-4,-19,-5,-8,-8,-8,sil
24.30136251449585,11,4,-3,-13,6,-11,-25,-7,-24,-28,8,0,-2,-7,sil
24.30136251449585,19,30,4,-6,14,-4,-11,-2,-20,-15,17,5,-6,-11,sil
24.316881895065308,12,27,7,-9,17,0,-5,-3,-34,-17,-4,-13,-30,-25,sil
24.316881895065308,0,7,-4,-9,6,4,-9,-8,-50,-22,-24,-30,-40,-31,sil
24.33212304115296,-10,9,-2,13,2,13,0,-3,-32,0,-11,-17,-23,-13,sil
24.33212304115296,-10,15,-1,23,15,21,18,5,-2,18,-11,-10,-7,0,sil
24.34766173362732,-11,0,-1,8,15,22,29,6,10,18,-28,-18,-6,0,sil
24.34766173362732,-10,-10,5,2,-2,8,25,7,17,21,-22,-7,2,5,sil
24.36293721199036,4,-16,-3,-11,-25,-8,7,5,21,19,0,4,22,14,sil
24.36331796646118,12,-17,-2,-30,-23,-8,-4,1,16,8,18,18,34,15,sil
24.379048824310303,7,-4,14,-8,5,0,0,2,15,12,30,31,35,23,sil
24.379048824310303,14,0,11,16,13,-9,0,4,12,10,23,30,24,21,sil
24.394179582595825,16,2,4,10,0,-11,-10,0,0,-16,19,20,8,2,sil
24.394179582595825,-3,11,2,15,9,6,-9,-3,-6,-17,23,2,-3,-10,sil
24.40937614440918,-26,0,-10,26,14,15,-2,-3,-17,-4,-8,-21,-22,-19,sil
24.40937614440918,-30,-22,-23,16,-7,12,3,-1,-13,-9,-44,-32,-32,-23,sil
24.425179719924927,-14,-17,-12,1,-8,9,14,0,17,1,-24,-18,-11,-2,sil
24.4261794090271,0,-3,2,-12,0,0,10,4,31,20,2,-1,6,16,sil
24.44077754020691,3,-7,-4,-16,-11,-17,-7,0,10,5,0,5,4,7,sil
24.44077754020691,11,1,6,-7,-14,-22,-18,-7,-12,-22,0,18,6,0,sil
24.4568464756012,21,21,15,-3,0,-13,-13,-5,-23,-27,14,26,12,5,sil
24.4568464756012,18,16,5,-10,-4,-16,-16,-6,-21,-21,19,15,4,-1,sil
24.472443342208862,9,7,11,-4,-15,-24,-24,-6,-12,-20,11,3,-7,-11,sil
24.472443342208862,4,17,11,13,-6,-5,-3,-2,-5,-7,7,1,-8,-5,sil
24.489031076431274,-6,12,0,14,13,18,16,2,-5,5,0,-2,-9,-1,sil
24.489031076431274,-16,0,-8,7,20,15,6,7,2,9,-11,-17,-10,-4,sil
24.50393557548523,-8,7,-5,22,16,19,15,8,20,27,-2,-16,5,7,sil
24.50393557548523,0,4,10,26,16,42,40,11,26,46,6,-2,25,22,sil
24.51895356178284,-5,-23,0,-5,5,31,27,6,18,34,-9,-16,12,7,sil
24.51895356178284,-14,-30,-25,-34,-12,-11,-9,-6,7,6,-15,-29,-3,-13,sil
24.53436040878296,-6,-10,-20,-23,-15,-29,-24,-3,1,-6,4,0,2,-9,sil
24.53436040878296,9,-3,0,-7,-6,-17,-20,3,-3,-17,10,26,0,0,sil
24.550917863845825,11,4,10,-11,0,-7,-17,-5,-17,-28,7,20,-9,-3,sil
24.550917863845825,6,24,4,2,9,-1,-5,-8,-17,-16,9,3,-11,-7,sil
24.566166877746586,2,16,2,24,13,11,14,0,-7,3,-2,-6,-11,-3,sil
24.566166877746586,-3,-10,1,11,6,19,28,5,-1,12,-20,-11,-9,6,sil
24.58071613311768,-6,-17,-5,-13,-7,2,20,1,1,13,-21,-10,0,15,sil
24.598406076431274,0,-8,0,-21,-13,-16,-1,0,2,7,-8,3,5,13,sil
24.598406076431274,12,-1,4,-13,-6,-14,-17,0,-2,-4,12,21,7,3,sil
24.598406076431274,11,3,4,-7,-1,-9,-22,-4,-17,-27,18,14,-1,-12,sil
24.61295342445373,-8,3,-2,-5,-7,-7,-16,-7,-29,-39,-15,-15,-24,-27,sil
24.61295342445373,-16,0,-5,2,-1,6,2,-1,-12,-13,-37,-26,-26,-15,sil
24.62914085388184,0,-2,9,13,10,17,17,6,22,18,-8,0,5,15,sil
24.62914085388184,9,-6,3,6,0,0,10,7,37,24,15,14,32,21,sil
24.644420623779297,5,-2,-4,-10,-14,-24,-16,1,14,8,10,9,28,8,sil
24.644420623779297,2,14,6,-5,-7,-19,-32,-3,-8,-11,13,11,15,1,sil
24.66125249862671,2,21,4,20,8,0,-17,-7,-10,-16,18,9,2,-2,sil
24.66125249862671,0,11,5,33,18,16,11,0,-5,-1,6,0,-7,-4,sil
24.675506591796875,-4,0,0,21,8,23,30,4,6,19,-1,-11,-5,0,sil
24.675506591796875,-4,-7,-9,0,-6,11,25,1,22,23,-5,-13,1,1,sil
24.692237377166748,4,-5,-1,-16,-1,-2,11,0,22,5,-4,-1,1,0,sil
24.692237377166748,17,6,5,-1,5,-2,6,4,16,1,16,18,7,2,sil
24.706838846206665,17,20,8,22,5,-1,0,1,3,3,35,29,13,2,sil
24.72420859336853,0,9,1,16,5,-3,-14,-2,-27,-11,16,8,-5,-9,sil
24.72420859336853,-29,-20,-16,-11,-3,3,-13,-7,-48,-20,-15,-25,-32,-20,sil
24.72420859336853,-33,-28,-10,-15,-6,17,10,2,-22,-2,-23,-27,-23,-6,sil
24.738659858703613,-9,-12,1,5,7,17,31,5,21,26,-12,-5,7,18,sil
24.753177881240845,2,-11,0,0,0,1,19,0,28,34,-6,1,22,20,sil
24.753177881240845,-3,-18,-11,-27,-18,-12,-5,4,16,12,-9,0,11,5,sil
24.768356323242188,0,-10,-11,-31,-11,-23,-21,2,16,-13,-10,0,0,-3,sil
24.768356323242188,10,1,1,-21,-5,-27,-33,-9,1,-25,-3,5,-2,-9,sil
24.784111499786377,16,10,6,-7,-11,-19,-32,-8,-19,-21,9,13,-1,-12,sil
24.784111499786377,14,20,11,2,-3,-10,-17,2,-17,-19,12,13,-3,-6,sil
24.79972577095032,0,21,1,-2,9,0,-1,5,-12,-22,-1,-5,-14,-7,sil
24.79972577095032,-11,13,-13,0,12,13,9,-1,-12,-10,-7,-21,-17,-7,sil
24.81497287750244,-4,6,0,23,15,26,23,-1,0,19,0,-10,0,7,sil
24.81497287750244,-2,-1,3,29,12,28,29,2,12,33,0,-5,10,15,sil
24.83105683326721,-12,-10,-10,1,-1,13,13,-1,4,14,-16,-18,-1,2,sil
24.83105683326721,-9,-9,-13,-10,-12,-7,-3,-4,-2,-1,-25,-17,-1,-1,sil
24.84696388244629,5,-3,-6,-3,-10,-13,-8,-4,1,-7,-10,1,9,0,sil
24.84696388244629,8,0,5,-15,0,-14,-12,-4,-7,-22,9,13,7,-8,sil
24.862087726593018,5,11,10,-14,8,-10,-14,0,-17,-22,18,10,5,-13,sil
24.862087726593018,10,21,19,16,12,2,-6,2,-12,-4,17,11,7,-3,sil
24.87760853767395,8,13,22,34,11,12,2,0,-1,11,6,2,2,6,sil
24.87760853767395,-1,-2,8,22,4,12,10,1,6,25,-9,-13,-3,9,sil
24.89344334602356,-7,-14,7,6,2,15,11,9,5,20,-17,-6,-10,10,sil
24.89344334602356,-4,-22,-1,-8,-2,8,12,6,13,9,-9,5,-12,12,sil
24.90895700454712,-1,-23,-11,-27,-18,-15,2,-3,26,10,-1,3,-10,10,sil
24.90895700454712,0,-13,-4,-31,-21,-29,-14,-6,12,-3,0,4,-9,0,sil
24.92503237724304,8,-7,-3,-19,-9,-26,-17,-4,-4,-24,9,14,-13,-9,sil
24.92503237724304,11,2,-1,-8,-3,-18,-8,1,2,-15,29,28,-16,-6,sil
24.94089961051941,14,21,11,10,-1,-5,-4,9,10,0,40,34,-6,4,sil
24.94089961051941,13,26,16,33,4,6,-3,0,-10,-8,32,22,-12,2,sil
24.955990314483643,1,16,6,41,10,16,6,-5,-35,-14,15,8,-37,-8,sil
24.955990314483643,-6,13,-5,45,13,29,21,5,-21,8,5,-1,10,-4,sil
24.971438884735107,-7,7,-2,38,15,30,23,8,0,19,0,-8,116,4,sil
24.971438884735107,-12,-6,-4,17,6,16,18,0,1,4,-16,-17,113,0,sil
24.98730731010437,-14,-11,-11,4,-3,11,17,-5,1,3,-31,-21,14,-1,sil
24.98730731010437,-5,-10,-4,-8,-4,5,7,-1,17,21,-19,-14,-21,6,sil
25.003018617630005,4,-16,-1,-26,-9,-14,-7,0,35,20,0,-4,-2,13,sil
25.003018617630005,7,-17,-2,-30,-12,-18,-12,0,34,0,0,2,-5,11,sil
25.018158674240112,8,-4,-5,-29,-3,-9,-11,-1,17,-3,-1,4,-9,4,sil
25.018158674240112,4,2,-8,-37,0,-20,-22,-9,-4,-4,-1,-3,-7,-2,sil
25.03422904014588,-2,1,-5,-37,-2,-26,-31,-6,-21,-25,-8,-6,-23,-8,sil
25.03422904014588,-6,3,-17,-25,8,-4,-16,6,-18,-22,-13,-4,-30,-13,sil
25.05028200149536,-6,7,-15,-23,16,6,1,7,-5,1,-12,-14,-19,-12,sil
25.05028200149536,-13,1,-5,-19,1,0,3,-1,-8,3,-12,-27,-19,-10,sil
25.06589841842652,-18,-3,-8,-1,-2,5,4,-1,-22,-9,-16,-30,-29,-12,sil
25.06589841842652,-17,0,-5,11,11,22,15,0,-20,-3,-28,-32,-36,-17,sil
25.081458568573,-18,-3,-2,10,8,26,18,-3,-8,10,-37,-35,-32,-15,sil
25.081458568573,-13,-10,1,5,-5,13,12,0,0,14,-22,-16,-11,0,sil
25.09707283973694,4,-10,4,4,-11,0,8,8,16,15,0,10,11,11,sil
25.09707283973694,11,-9,5,0,-16,-15,-7,0,18,4,3,15,13,7,sil
25.1121153831482,9,-3,13,-1,-18,-28,-28,-11,-4,-23,9,17,6,-2,sil
25.1121153831482,22,13,17,9,-5,-27,-19,-3,-10,-20,39,33,21,1,sil
25.127918243408203,26,19,19,15,0,-14,-8,2,-2,0,56,49,35,6,sil
25.127918243408203,10,12,13,11,0,-8,-20,-4,-17,-12,43,42,17,0,sil
25.143019914627075,3,19,8,25,12,0,-13,-6,-25,-28,28,21,-1,0,sil
25.143019914627075,5,28,16,42,24,18,14,5,-1,-7,18,6,3,8,sil
25.15902733802796,-2,10,7,36,12,25,23,7,13,14,1,-6,6,4,sil
25.15902733802796,-6,-7,2,23,6,24,21,0,8,18,-10,-14,1,1,sil
25.17513608932495,2,0,4,26,13,32,31,12,19,27,-8,-5,5,16,sil
25.17513608932495,1,-2,-6,14,5,23,29,14,35,35,-6,-1,9,18,sil
25.19033670425415,-6,-24,-3,-15,-13,-3,10,-1,23,25,-9,0,11,15,sil
25.19033670425415,4,-27,-1,-16,-21,-11,6,-6,15,15,-4,10,18,19,sil
25.205925464630127,19,-5,-2,-9,-14,-8,-1,-1,13,2,2,16,16,12,sil
25.205925464630127,14,7,1,-18,-2,-15,-17,0,0,-11,8,20,9,3,sil
25.22201037406921,11,7,-3,-17,3,-19,-12,2,-4,-9,17,21,11,5,sil
25.22251868247986,9,6,-5,-15,0,-17,-10,1,-5,-13,11,6,1,-6,sil
25.237410068511963,-3,5,-9,-24,-6,-20,-22,-10,-18,-25,-5,-12,-17,-21,sil
25.237410068511963,-12,0,-9,-21,-7,-16,-29,-16,-28,-21,-7,-16,-28,-22,sil
25.2532217502594,-12,3,-1,-10,0,0,-17,-5,-29,-17,-4,-13,-34,-23,sil
25.2532217502594,-13,8,-8,0,9,12,6,2,-25,-14,-21,-25,-29,-17,sil
25.268771409988403,-16,-1,-15,0,2,13,11,4,-16,-3,-31,-32,-16,-4,sil
25.268771409988403,-18,-17,-10,1,-5,16,4,6,-3,5,-27,-31,-14,-6,sil
25.284290075302124,-16,-15,-7,3,6,22,20,6,17,11,-27,-24,-9,-7,sil
25.284290075302124,-9,-12,-3,-8,15,15,33,6,31,21,-26,-13,10,5,sil
25.30001401901245,-9,-24,-8,-26,-2,-5,3,0,25,20,-11,-10,20,10,sil
25.30001401901245,-7,-26,-7,-31,-13,-15,-27,-8,12,1,4,-1,11,0,sil
25.3151695728302,5,-7,0,-18,-4,-10,-18,-1,7,-9,14,11,5,-5,sil
25.3151695728302,19,17,8,14,1,-10,-1,3,2,-3,23,18,7,-5,sil
25.33067035675049,18,35,21,41,3,-8,-7,1,-7,-2,29,22,2,-2,sil
25.33067035675049,4,34,16,38,11,6,-8,0,-17,-11,18,9,-8,-3,sil
25.34627103805542,-10,14,9,21,18,16,8,-3,-19,-9,0,-6,-10,-2,sil
25.34627103805542,-9,0,2,18,11,17,21,-2,2,14,-1,-2,0,8,sil
25.362315893173218,0,-2,-1,13,-5,14,20,9,27,34,3,3,10,19,sil
25.362315893173218,8,-1,1,-1,-9,1,17,13,24,28,3,3,15,25,sil
25.377548456192017,13,-1,-3,-8,-5,-12,5,-4,11,12,8,12,22,20,sil
25.377548456192017,10,-4,-3,-11,-12,-22,-25,-17,-5,-7,14,22,17,0,sil
25.393736362457275,0,-9,-6,-23,-17,-27,-41,-7,-33,-36,7,10,-9,-25,sil
25.393736362457275,-10,-5,-11,-20,-7,-19,-26,-2,-52,-50,-4,-10,-34,-35,sil
25.408676147460938,-10,4,3,-2,0,3,-7,-1,-38,-31,-10,-13,-24,-20,sil
25.408676147460938,-4,0,12,10,3,19,8,1,-3,3,-9,-6,-1,2,sil
25.423926830291748,0,-2,12,17,10,19,22,2,7,18,-10,0,1,12,sil
25.423926830291748,5,7,15,26,9,18,27,0,4,19,-9,0,2,16,sil
25.439293384552,14,5,7,18,1,11,22,0,23,20,0,0,17,24,sil
25.455394506454468,5,-12,-1,-13,-2,-3,0,4,31,13,5,7,20,18,sil
25.455394506454468,1,-15,-10,-34,-9,-14,-13,4,16,5,2,8,4,3,sil
25.470922470092773,18,1,-2,-22,-11,-13,-10,-2,11,-1,10,13,0,3,sil
25.470922470092773,30,16,12,0,1,-6,0,1,19,-9,24,30,8,10,sil
25.48794913291931,10,14,0,0,7,-6,0,5,6,-14,15,15,-1,-10,sil
25.48794913291931,-16,8,-12,-10,0,-9,-10,1,-23,-25,-5,-18,-18,-32,sil
25.48794913291931,-19,5,-9,8,2,0,-7,0,-21,-18,-10,-21,-11,-18,sil
25.502317428588867,-13,0,3,26,7,8,6,0,0,4,-15,-15,-2,-2,sil
25.518527269363403,-19,-8,1,13,4,15,12,0,-1,16,-26,-26,-11,-8,sil
25.518527269363403,-15,-4,-7,14,6,26,16,4,4,27,-11,-17,-2,4,sil
25.518527269363403,3,0,3,26,14,31,22,6,28,39,7,9,18,31,sil
25.53269672393799,1,-13,-1,6,9,13,18,0,26,29,-2,2,12,18,sil
25.54842972755432,-14,-31,-22,-33,-6,-9,0,-8,0,-1,-21,-19,-13,-9,sil
25.54842972755432,-15,-29,-16,-41,-19,-24,-19,-10,-22,-32,-19,-15,-20,-19,sil
25.56399345397949,-3,-9,-6,-12,-16,-31,-25,-10,-23,-35,0,0,-3,-17,sil
25.56399345397949,9,7,0,-11,-2,-21,-18,-6,-7,-15,18,17,9,-7,sil
26.295916080474854,8,14,2,2,0,-7,-23,0,-19,-4,20,3,8,2,sil
26.295916080474854,5,6,5,20,0,-4,-7,2,-9,2,4,-4,6,7,sil
26.311283826828003,1,0,11,28,-1,13,24,8,4,22,4,6,14,23,sil
26.311283826828003,-5,-18,-1,-7,-5,22,29,2,7,14,-11,-5,2,12,sil
26.327356338500977,-10,-31,-14,-31,-3,6,15,-6,1,-4,-36,-24,-13,-4,sil
26.327356338500977,-3,-23,-6,-24,0,-3,0,-5,-8,-12,-25,-3,-2,0,sil
26.342998504638672,11,0,1,-21,0,0,-8,-5,-13,-15,6,19,9,5,sil
26.342998504638672,18,13,3,-21,4,-2,-8,-5,-15,-25,12,15,1,-5,sil
26.358248710632324,5,8,-1,-8,11,-6,-4,-3,-19,-26,8,4,-7,-14,sil
26.358248710632324,-7,8,0,9,10,7,4,-4,-9,0,15,0,-5,-1,sil
26.37372279167176,-8,12,1,20,8,19,22,5,15,27,1,-13,-6,14,sil
26.37372279167176,-10,-1,-8,8,2,15,27,11,25,20,-23,-25,-14,7,sil
26.388405084609985,-22,-14,-8,-6,-3,12,16,3,13,5,-26,-22,-19,-4,sil
26.388405084609985,-26,-15,-15,-4,-9,2,7,-1,6,9,-27,-24,-21,-11,sil
26.404295682907104,-23,-18,-19,-16,-15,-18,-12,-5,2,-2,-27,-28,-13,-22,sil
26.404295682907104,-10,-6,-7,-26,-15,-29,-36,-10,-5,-24,0,-2,3,-21,sil
26.419450283050537,14,17,4,4,-4,-17,-30,-4,-14,-21,23,23,8,-6,sil
26.419450283050537,12,24,14,32,4,0,-7,3,-22,-14,11,13,-7,-7,sil
26.43442130088806,-7,9,3,25,7,5,0,1,-15,-9,-7,-8,-18,-15,sil
26.43442130088806,-3,0,2,20,6,9,1,6,8,13,-3,-3,-3,2,sil
26.44994163513184,19,2,21,18,7,21,23,16,32,43,18,16,23,35,sil
26.44994163513184,21,-10,10,-1,0,15,25,6,35,39,14,13,32,36,sil
26.465932846069336,0,-27,-13,-26,-7,-11,-3,-4,13,0,-19,-3,9,4,sil
26.465932846069336,-7,-12,-12,-22,-7,-17,-5,0,3,-8,-18,0,0,-6,sil
26.481483459472656,6,2,4,-10,-4,-10,7,0,12,12,22,23,19,3,sil
26.481483459472656,16,-2,14,-23,-9,-17,-12,-1,-2,-7,31,28,18,0,sil
26.496997117996216,9,0,3,-24,-7,-25,-31,-4,-26,-45,10,7,-6,-11,sil
26.496997117996216,-1,13,0,-1,6,-10,-21,-5,-30,-39,1,-4,-23,-12,sil
26.5131356716156,-6,10,2,13,8,14,-1,0,-19,-13,-3,-13,-24,-13,sil
26.5131356716156,-5,4,1,21,7,27,17,2,0,7,-6,-17,-8,-7,sil
26.52833819389344,-4,6,9,27,22,26,26,2,11,26,1,-1,14,11,sil
26.52833819389344,1,0,8,26,18,25,22,3,13,36,2,5,19,23,sil
26.544326543807983,13,-6,1,14,-5,18,21,1,21,30,-4,0,15,23,sil
26.544326543807983,11,-4,-5,0,-16,-6,5,-1,24,14,-7,1,14,16,sil
26.559972524642944,0,-3,-11,-14,-10,-28,-23,-6,6,-2,-1,7,7,0,sil
26.559972524642944,0,0,-4,-18,-10,-31,-32,-10,-10,-4,10,13,0,-12,sil
26.5762300491333,1,13,-6,-11,-11,-19,-22,-2,-16,-5,17,16,-2,-11,sil
26.5762300491333,-6,20,0,0,0,-4,-19,1,-23,-22,13,2,-15,-12,sil
26.59087109565735,-7,13,4,16,14,9,-5,-3,-31,-26,-2,-15,-28,-14,sil
26.607442140579224,-7,0,-8,28,8,21,18,-1,-22,-9,-21,-23,-24,-6,sil
26.607442140579224,-16,-16,-8,7,0,20,29,5,0,-3,-23,-25,-12,0,sil
26.607442140579224,-14,-21,-3,-14,0,9,28,10,28,1,-11,-22,-2,4,sil
26.62204051017761,-3,-9,-2,-15,3,0,13,3,38,11,-6,-3,7,7,sil
26.62204051017761,5,5,0,-11,7,-11,-13,-3,13,2,-3,14,12,0,sil
26.63821578025818,8,15,4,-6,1,-15,-25,-4,-21,-14,4,16,2,-6,sil
26.63821578025818,0,11,8,1,0,0,-10,0,-32,-13,2,4,-7,-1,sil
26.65389561653137,-7,0,1,14,9,15,15,1,-16,0,-10,-12,-5,0,sil
26.66809105873108,-8,-7,-1,13,6,19,27,3,2,13,-19,-22,-1,-3,sil
26.66809105873108,-4,-19,-3,-5,-10,15,17,6,19,18,-14,-15,0,0,sil
26.684283018112183,-2,-26,-12,-25,-18,0,0,0,24,16,-1,-1,4,3,sil
26.684283018112183,0,-18,-4,-38,-19,-20,-16,-1,10,8,13,14,11,4,sil
26.700449228286743,15,0,6,-20,-14,-25,-24,1,2,-1,29,26,13,7,sil
26.700449228286743,24,16,15,8,-3,-22,-23,-6,-5,-14,35,27,11,5,sil
26.71617865562439,14,14,8,0,0,-22,-20,-7,-17,-17,24,14,4,-4,sil
26.71617865562439,0,1,-5,-8,3,-6,-1,5,-10,-4,5,-7,-1,-8,sil
26.731117725372314,-1,4,1,23,15,19,19,12,0,2,-5,-17,-5,0,sil
26.731117725372314,-8,8,0,34,8,25,22,4,-3,1,-19,-14,-11,4,sil
26.74628162384033,-13,-5,-11,3,-5,12,15,-3,0,-2,-32,-10,-11,1,sil
26.74628162384033,-6,-13,-8,-8,-5,1,5,-2,11,-1,-24,-3,-2,-1,sil
26.765000820159912,5,-2,0,-1,-2,-3,-7,0,8,6,0,7,3,0,sil
26.765000820159912,16,11,12,0,1,-5,-19,-3,5,8,19,24,8,6,sil
26.778037786483765,23,18,15,7,8,-8,-26,-8,7,-3,23,28,12,1,sil
26.778037786483765,6,11,3,10,2,-13,-25,-8,-9,-24,15,8,-3,-12,sil
26.79309248924256,-11,6,3,15,2,3,-9,-3,-25,-25,3,-4,-16,-9,sil
26.79309248924256,-7,6,8,35,21,29,15,2,-1,13,0,0,0,7,sil
26.809207677841187,-8,-5,6,24,29,28,33,6,22,45,-1,0,16,16,sil
26.809207677841187,-20,-20,-6,-7,8,12,32,8,24,39,-3,-17,9,13,sil
26.82528781890869,-13,-17,-12,-13,-10,0,11,3,24,28,0,-17,8,7,sil
26.82528781890869,5,-8,1,-10,-9,-10,-3,1,21,22,8,4,20,8,sil
26.841299533844,17,-2,-2,-17,-6,-17,0,-1,6,6,4,15,19,9,sil
26.841299533844,10,1,-8,-28,-12,-23,-7,-7,-19,-24,-11,0,-3,-9,sil
26.856887102127075,-8,3,-7,-30,-13,-22,-16,-3,-37,-44,-16,-12,-28,-30,sil
26.856887102127075,-13,9,-8,-12,-3,-4,-4,0,-25,-31,-4,-10,-28,-23,sil
26.872424602508545,0,17,4,14,0,11,11,3,-8,-11,-7,-6,-12,-5,sil
26.872424602508545,0,5,6,16,-3,9,20,5,2,0,-20,-15,-4,3,sil
26.8879816532135,-6,-15,-3,-14,-11,0,15,5,11,8,-12,-11,-4,6,sil
26.8879816532135,1,-9,-6,-27,-12,-4,-5,2,8,-1,10,13,4,3,sil
26.903468132019043,5,11,-1,4,1,-3,-17,-4,-4,-23,20,18,2,-2,sil
26.903468132019043,-13,13,3,32,15,8,-8,-7,-22,-25,2,-10,-20,-14,sil
26.919095754623413,-19,-1,-4,22,5,21,6,-1,-20,-7,-24,-31,-25,-17,sil
26.919095754623413,2,-15,-7,4,-6,15,13,0,0,5,-24,-13,0,2,sil
26.93432641029358,22,-11,1,-4,-8,-4,0,-1,9,3,-1,7,11,13,sil
26.93432641029358,18,4,2,-8,-2,-14,-22,-3,-8,-10,9,7,0,-6,sil
26.950371265411377,-1,6,-1,-5,14,2,-15,-1,-15,-15,6,6,-3,-15,sil
26.950371265411377,-20,-10,-9,4,25,16,13,6,3,13,0,-3,2,0,sil
26.96594476699829,-13,-18,0,2,7,0,12,8,20,36,-1,-11,12,14,sil
26.96594476699829,12,-9,19,-5,-14,-19,-13,4,28,29,12,12,27,27,sil
26.98233652114868,23,2,13,-9,-18,-22,-26,-4,21,13,28,37,27,24,sil
26.98233652114868,14,17,9,-3,-4,-23,-29,-8,-14,-12,26,22,6,2,sil
26.99762296676636,5,23,10,19,13,-1,-9,-4,-30,-16,11,-2,-5,-5,sil
26.99762296676636,-9,1,3,18,14,28,22,1,-2,16,-9,-7,-5,5,sil
27.013020277023315,-18,-21,-7,-17,1,17,18,3,18,27,-23,-1,-2,9,sil
27.013020277023315,6,-4,0,-20,0,-14,-8,0,15,8,3,15,12,8,sil
27.02803564071656,28,24,22,8,0,-20,-12,-2,7,0,35,36,23,10,sil
27.02803564071656,14,21,11,13,-13,-15,-1,3,4,-6,23,28,9,0,sil
27.043912410736084,-1,8,-4,5,-12,0,6,3,1,-13,-2,-1,-4,-11,sil
27.043912410736084,-9,1,-5,7,4,31,24,0,-2,-5,-12,-20,-10,-9,sil
27.059507846832275,-28,-17,-21,2,6,37,37,-1,-2,0,-24,-30,-24,-13,sil
27.059507846832275,-38,-31,-22,-11,4,17,27,1,10,0,-32,-38,-27,-21,sil
27.074631690979004,-16,-17,-9,-14,1,4,11,8,28,9,-18,-33,-1,-15,sil
27.074631690979004,9,0,-8,-11,-5,-8,-5,7,22,9,2,-5,17,-6,sil
27.090383052825928,23,12,3,0,-1,-16,-16,2,-1,-6,20,20,13,2,sil
27.090383052825928,27,23,15,27,8,-4,-4,-1,-13,-9,26,15,2,6,sil
27.10502862930298,6,11,8,25,8,0,3,-3,-25,-5,6,-2,-9,0,sil
27.10502862930298,-21,-4,-10,-2,1,-1,1,-1,-29,-7,-16,-14,-18,-7,sil
27.120534896850582,-20,-5,-17,-2,-3,3,6,1,-12,0,-19,-18,-12,-1,sil
27.120534896850582,-7,-9,-2,2,-7,4,5,1,0,6,-18,-11,1,7,sil
27.13595652580261,0,-17,1,-17,-13,-8,-6,-4,0,3,-19,4,10,11,sil
27.13595652580261,14,-6,4,-34,-12,-19,-24,-7,0,-11,-7,18,7,7,sil
27.151973009109497,25,5,8,-19,-7,-18,-34,-4,-14,-25,6,24,-1,1,sil
27.151973009109497,13,12,6,6,-2,-11,-26,-6,-25,-21,14,20,-2,0,sil
27.167903184890747,0,17,10,16,4,-2,-11,-6,-21,-13,13,6,-4,-2,sil
27.167903184890747,-9,7,-4,9,10,1,-3,-5,-21,-16,-2,-15,-21,-7,sil
27.18300652503968,-17,-4,-11,5,7,7,6,-4,-18,-9,-23,-30,-28,-5,sil
27.18300652503968,-11,3,5,17,8,18,23,6,15,19,-14,-18,-6,5,sil
27.19894242286682,3,6,6,20,16,15,20,12,41,39,11,0,16,13,sil
27.19894242286682,0,-17,-7,-14,5,1,0,8,35,28,15,3,23,9,sil
27.21405339241028,-9,-33,-15,-43,-17,-6,-1,7,32,13,0,-5,18,0,sil
27.21405339241028,0,-15,0,-24,-18,-8,-4,2,33,6,2,4,13,-4,sil
27.229681968688965,19,13,12,5,2,-7,-16,0,15,-5,19,30,13,0,sil
27.229681968688965,21,24,7,4,6,-5,-8,0,-1,-17,16,27,7,0,sil
27.245105028152462,4,13,6,-8,-4,-4,2,0,-11,-20,0,0,-7,-13,sil
27.261221885681152,-14,0,-2,-5,-3,2,0,-4,-20,-14,-8,-13,-23,-24,sil
27.261221885681152,-16,0,-4,14,9,21,5,-3,-24,-2,-5,-5,-19,-7,sil
27.261221885681152,0,11,12,38,19,36,31,4,-5,19,5,3,0,14,sil
27.2764699459076,2,4,9,33,9,25,41,3,11,33,6,-1,9,18,sil
27.2764699459076,-15,-18,-4,-1,-11,-2,15,-3,-1,15,-10,-9,4,10,sil
27.29219436645508,-13,-25,-13,-16,-17,-13,-3,-5,-7,1,-17,-7,8,5,sil
27.29219436645508,3,-15,-6,-17,-9,-13,-6,-5,11,9,-5,4,19,8,sil
27.30832362174988,10,-8,-1,-24,-12,-22,-19,-5,9,8,8,16,20,8,sil
27.30832362174988,19,6,3,0,-9,-24,-31,0,-10,-2,29,21,16,1,sil
27.32257843017578,25,30,19,33,8,-11,-21,4,-13,-7,43,30,10,-4,sil
27.33924388885498,9,27,17,29,13,-6,-11,1,-6,-3,38,25,2,-3,sil
27.33924388885498,-4,8,3,16,9,-1,-9,2,-11,-3,21,1,-8,0,sil
27.33924388885498,-4,3,0,21,13,18,13,9,-13,-7,-7,-18,-22,-2,sil
27.35380792617798,-2,0,-5,19,12,27,38,5,1,0,-37,-28,-23,0,sil
27.368939638137817,3,-5,2,0,4,11,26,1,13,2,-33,-18,-3,11,sil
27.368939638137817,10,-4,0,-16,-2,-3,3,2,12,-8,-14,-5,2,9,sil
27.3849618434906,1,-7,-17,-32,-10,-7,-3,-5,0,-26,-21,-11,-13,-10,sil
27.3849618434906,-11,-9,-16,-41,-10,-4,-11,-9,-5,-31,-28,-14,-15,-24,sil
27.4005389213562,-9,2,-12,-31,0,0,-15,-3,0,-18,-18,-7,-6,-23,sil
27.4005389213562,-13,2,-13,-14,9,4,-7,0,-7,-9,-27,-20,-23,-21,sil
27.416300296783447,-27,-14,-14,-2,4,14,8,4,-7,1,-43,-40,-33,-12,sil
27.416300296783447,-21,-18,-12,-7,-3,9,16,5,16,22,-25,-26,-3,4,sil
27.431457996368408,-7,-13,-5,-23,-9,-8,3,1,25,22,-7,-5,14,14,sil
27.431457996368408,-7,-17,-9,-25,-14,-20,-8,-2,16,12,0,-1,12,9,sil
27.447025060653687,1,-14,-1,-16,-8,-16,-12,-3,15,11,25,14,20,4,sil
27.447025060653687,18,9,7,2,0,-12,-13,-3,0,1,43,30,23,0,sil
27.462190866470337,8,23,5,23,0,-13,-13,-7,-26,-9,32,22,4,-8,sil
27.462190866470337,-8,13,7,21,-9,-12,-15,-6,-31,-7,29,20,-3,-10,sil
27.47811436653137,0,11,16,26,-6,-7,-20,-1,-22,-6,36,27,3,-4,sil
27.47811436653137,10,23,28,48,7,3,-15,2,-21,-6,28,22,4,-1,sil
27.493138313293457,5,15,20,42,13,20,8,3,-9,13,14,10,3,8,sil
27.493138313293457,2,-8,4,17,0,21,25,1,11,25,0,-3,2,20,sil
27.508671045303345,3,-18,6,4,-5,14,16,3,11,2,-15,-11,-3,14,sil
27.508671045303345,2,-11,1,1,2,18,15,4,4,-4,-16,-4,0,8,sil
27.5243616104126,15,0,6,-6,9,16,25,1,13,11,0,13,15,17,sil
27.5243616104126,34,3,17,-13,1,1,17,4,23,13,7,22,23,22,sil
27.539950132369995,27,3,6,-15,-2,-6,0,5,20,0,4,20,20,12,sil
27.539950132369995,9,10,6,-11,5,-2,-4,2,4,-10,10,22,15,0,sil
27.55601906776428,7,17,3,1,13,0,-2,4,-1,-6,15,17,6,-1,sil
27.55601906776428,10,18,2,11,14,-1,-6,2,2,0,6,2,-2,0,sil
27.57120442390442,-5,12,-3,5,8,-4,-12,-2,-1,-2,-9,-12,-12,-7,sil
27.57120442390442,-26,0,-22,-1,0,0,-12,-10,-14,-12,-31,-33,-26,-18,sil
27.58719038963318,-31,-14,-23,-2,-4,9,-4,-6,-14,-11,-37,-46,-31,-12,sil
27.58719038963318,-29,-23,-23,-10,-3,8,9,0,-4,0,-32,-49,-24,-9,sil
27.60228967666626,-35,-31,-35,-30,-10,-6,12,-2,-7,3,-32,-49,-22,-21,sil
27.60228967666626,-24,-24,-23,-32,-14,-16,2,-4,-2,0,-19,-28,-10,-12,sil
27.618295192718502,1,-9,-5,-20,-8,-17,-1,3,20,7,6,1,11,6,sil
27.618295192718502,8,-2,3,-21,-5,-19,-5,3,16,8,14,17,13,-1,sil
27.63383340835572,5,6,6,-9,-3,-21,-17,-3,-8,-8,14,22,6,-12,sil
27.63383340835572,8,20,7,13,1,-15,-26,-6,-16,-19,20,21,4,-4,sil
27.649911165237427,-4,14,3,10,3,-1,-13,-2,-18,-15,5,7,-8,-11,sil
27.649911165237427,-13,2,0,13,5,11,12,0,-16,-4,-12,-10,-20,-16,sil
27.665148735046387,3,3,15,38,7,16,18,1,-3,10,-1,-3,-5,7,sil
27.665148735046387,11,1,18,33,0,14,10,0,2,18,6,6,8,22,sil
27.680757761001587,-3,-12,-2,0,-4,15,11,-1,4,7,-10,-4,0,8,sil
27.680757761001587,0,-13,0,-8,0,16,10,3,21,3,-14,-4,0,9,sil
27.695921421051025,24,0,14,0,-1,6,0,7,33,11,7,22,18,20,sil
27.695921421051025,25,6,7,-8,-5,-9,-6,0,15,-1,22,34,25,11,sil
27.71255588531494,12,2,-1,-14,-7,-18,-10,-1,-7,-15,26,21,16,0,sil
27.71255588531494,16,9,10,3,-7,-10,-15,1,-7,-1,36,24,13,1,sil
27.728217363357544,20,26,19,22,6,3,-12,5,-3,4,36,28,12,7,sil
27.728217363357544,4,28,4,24,18,13,-1,0,-13,0,12,4,0,0,sil
27.74325489997864,-13,9,0,17,12,17,3,-4,-20,4,-12,-17,-12,-7,sil
27.74325489997864,-17,-8,-5,6,5,17,10,1,-10,10,-22,-20,-14,-6,sil
27.75936436653137,-14,-15,-14,-2,5,13,19,4,-1,4,-26,-23,-10,0,sil
27.75936436653137,-18,-21,-8,-11,0,5,23,0,5,4,-29,-24,-4,4,sil
27.774938583374023,-22,-28,-14,-29,-9,-7,16,1,21,6,-26,-20,-3,3,sil
27.774938583374023,-15,-26,-18,-44,-11,-19,-3,0,17,-11,-23,-18,-9,-5,sil
27.79046201705933,-2,-16,-14,-35,-14,-19,-20,-9,1,-22,-16,-12,-5,-14,sil
27.79046201705933,6,-1,-4,-21,-11,-13,-24,-8,6,-4,7,6,11,-2,sil
27.80604767799377,12,14,8,-17,0,-10,-28,0,11,0,31,23,15,4,sil
27.80604767799377,11,18,1,-1,7,-10,-28,-3,-3,-14,27,14,0,-5,sil
27.82209038734436,7,19,7,19,11,-6,-14,-6,-22,-14,16,11,-6,-8,sil
27.82209038734436,8,29,23,32,15,2,2,-1,-19,2,19,18,0,2,sil
27.836918354034424,5,24,15,41,12,12,21,3,-2,8,12,2,-5,5,sil
27.836918354034424,-2,4,5,35,6,17,31,5,0,3,-7,-17,-16,1,sil
27.85304617881775,-8,-9,-4,12,3,13,25,6,0,19,-15,-20,-8,-1,sil
27.85304617881775,-16,-20,-12,-6,0,8,18,1,9,27,-15,-16,0,-1,sil
27.86870121955872,-18,-21,-9,-9,-4,7,20,3,12,3,-26,-16,-5,0,sil
27.86870121955872,-6,-17,-12,-8,-14,-6,8,0,1,-7,-23,-12,0,0,sil
27.883951902389526,6,-11,-1,-11,-20,-26,-18,-1,-2,0,-4,6,14,0,goodbye
27.883951902389526,19,3,12,1,-11,-19,-21,0,3,-2,1,28,12,5,goodbye
27.90003776550293,34,18,17,10,1,-2,-9,0,3,-13,9,31,10,7,goodbye
27.90003776550293,30,19,7,2,6,2,-10,0,0,-10,28,24,13,1,goodbye
27.918211698532104,3,17,-7,1,10,4,-11,0,-1,-4,19,5,0,-7,goodbye
27.918211698532104,-14,8,2,5,5,10,0,-3,-8,-7,2,-8,-8,-9,goodbye
27.93124628067017,-14,-5,5,12,-4,16,10,-2,-13,0,7,-7,0,0,goodbye
27.93124628067017,-17,-9,-9,12,0,21,17,1,-6,11,-4,-14,0,4,goodbye
27.947277545928955,-23,-14,-14,-8,3,14,18,0,1,10,-31,-27,-18,-2,goodbye
27.947277545928955,-15,-26,-16,-29,-13,0,12,-3,8,5,-23,-19,-14,-6,goodbye
27.96324348449707,-5,-22,-11,-28,-16,-6,0,-4,5,-1,-1,2,2,-3,goodbye
27.96324348449707,-3,-10,-2,-18,0,-3,-7,2,5,-2,8,8,6,1,goodbye
27.97795271873474,1,-6,1,-15,0,-7,-16,3,14,1,15,9,10,8,goodbye
27.97795271873474,13,0,4,-14,-9,-15,-29,-2,1,-9,12,14,12,9,goodbye
27.993035793304443,18,18,8,-1,1,-14,-30,0,-15,-23,13,9,0,0,goodbye
27.993035793304443,12,28,11,6,14,-7,-14,4,-7,-14,13,2,-8,-5,goodbye
28.0090754032135,0,19,4,5,12,-5,2,6,8,2,0,-2,-8,-2,goodbye
28.0090754032135,-7,9,1,13,13,-3,1,-2,0,12,-3,-9,-9,0,goodbye
28.02510023117065,-13,7,7,25,13,6,0,-5,-24,15,-1,-13,-10,-7,goodbye
28.02510023117065,-11,0,-1,17,5,17,20,-3,-18,18,-13,-15,-4,-8,goodbye
28.04213500022888,0,-12,2,-4,3,10,22,-1,13,21,-14,-3,7,3,goodbye
28.04213500022888,15,-9,6,-7,-1,-8,2,1,29,16,4,20,22,14,goodbye
28.05631732940674,19,3,1,2,-11,-19,-4,2,19,0,19,37,23,14,goodbye
28.05631732940674,15,11,3,0,-10,-11,-3,0,2,-16,23,27,6,2,goodbye
28.072989463806152,9,12,2,6,-1,8,0,3,-6,-15,11,0,-5,-4,goodbye
28.073320388793945,-3,2,4,21,0,24,12,8,-3,-4,-20,-18,-12,2,goodbye
28.088972568511963,-17,-14,-2,17,0,19,19,5,7,5,-38,-24,-14,7,goodbye
28.088972568511963,-8,-18,-14,-3,-2,1,8,-1,15,8,-16,-18,2,4,goodbye
28.10427641868592,3,-9,-5,-24,-8,-3,-7,-3,3,-6,8,1,19,0,goodbye
28.10427641868592,-1,0,-4,-20,-10,-9,-21,-9,-25,-26,4,4,1,-15,goodbye
28.119309186935425,-3,7,-6,5,0,-19,-23,-15,-51,-37,-8,-7,-25,-29,goodbye
28.14094924926757,-2,4,0,14,10,-4,-2,-2,-42,-26,-13,-16,-23,-17,goodbye
28.14094924926757,-21,-13,-12,3,1,18,23,1,-10,0,-20,-32,-15,-7,goodbye
28.14094924926757,-23,-16,-13,-2,-6,18,32,4,12,15,-23,-32,-10,-1,goodbye
28.14997100830078,0,-7,0,-18,-5,7,29,15,32,25,-1,2,12,15,goodbye
28.16511058807373,7,-12,1,-46,-5,-2,11,9,37,31,24,28,32,21,goodbye
28.16511058807373,1,-8,3,-31,-5,-15,-11,-4,25,12,25,30,22,10,goodbye
28.18070340156555,13,17,9,13,1,-10,-18,-2,19,-6,21,32,6,6,goodbye
28.18223667144776,19,29,17,18,7,-4,-14,5,8,-4,27,36,1,3,goodbye
28.18223667144776,13,21,14,8,5,-12,-15,1,-11,-7,26,28,-3,-6,goodbye
28.19641876220703,11,21,13,27,6,-8,-16,-5,-17,-13,18,17,-4,-5,goodbye
28.212478399276733,11,18,14,38,9,5,-9,-6,-12,0,13,6,-1,2,goodbye
28.212478399276733,2,0,1,25,5,5,-4,-6,-12,12,-5,-15,-14,0,goodbye
28.22956347465515,-16,-10,-13,14,3,6,-5,-4,-7,9,-28,-30,-24,-6,goodbye
28.22956347465515,-26,-12,-18,5,3,19,1,1,3,12,-28,-32,-11,0,goodbye
28.24426412582397,-18,-12,-7,-2,1,16,11,0,4,15,-23,-31,0,3,goodbye
28.24426412582397,-7,-16,0,-11,-6,-2,0,-5,-1,2,-29,-23,-6,-1,goodbye
28.26074504852295,0,-20,-5,-24,-13,-9,-14,0,5,-1,-12,-5,6,-2,goodbye
28.26074504852295,6,-12,0,-29,-1,-2,-7,4,10,2,12,8,28,4,goodbye
28.26074504852295,6,-2,-1,-19,5,-5,6,1,0,-4,8,8,20,2,goodbye
28.27527642250061,6,-4,-3,-15,-3,-18,9,2,-7,-18,3,12,9,-5,goodbye
28.29098606109619,11,2,7,-14,-2,-14,6,6,1,-15,24,24,17,-2,goodbye
28.29098606109619,14,20,6,-4,5,-2,5,3,10,4,28,20,15,2,goodbye
28.306164026260376,9,15,2,-6,0,-11,-1,2,0,4,15,9,1,1,goodbye
28.306164026260376,-2,0,-2,-5,-9,-14,-9,3,-7,-14,7,-1,-7,-5,goodbye
28.3213279247284,-9,3,-3,13,3,11,-1,0,-3,-18,-5,-14,-11,-7,goodbye
28.3213279247284,-6,12,2,22,13,27,14,0,-2,0,-15,-14,-6,0,goodbye
28.33695387840271,-6,0,-7,14,0,18,19,-1,-4,9,-17,-11,-7,7,goodbye
28.33695387840271,-11,-5,-8,13,-2,23,13,-9,-6,0,-28,-17,-22,3,goodbye
28.352580308914185,-13,3,-3,21,8,30,25,-3,1,7,-27,-18,-18,2,goodbye
28.352580308914185,-9,-5,-7,5,-5,2,24,5,10,25,-11,-11,-1,2,goodbye
28.36806559562683,0,-17,-1,-22,-24,-24,-11,3,2,1,-3,3,0,-5,goodbye
28.36806559562683,14,0,5,-15,-7,-20,-27,-4,-11,-22,14,19,0,-3,goodbye
28.38400220870972,10,9,7,-2,11,-13,-19,-7,-17,-11,26,21,1,0,goodbye
28.38400220870972,-6,0,0,-6,4,-18,-28,-5,-21,-10,0,2,-14,-17,goodbye
28.399460554122925,-7,6,2,16,0,-14,-27,-7,-32,-24,-10,-6,-24,-21,goodbye
28.399460554122925,1,12,16,41,8,5,0,0,-34,-14,7,3,-14,0,goodbye
28.41503643989563,0,-6,1,19,8,24,20,6,2,15,5,-2,-3,12,goodbye
28.41503643989563,-1,-20,-8,-14,0,21,21,3,46,30,-10,-9,5,11,goodbye
28.43075108528137,6,-12,5,-18,-7,4,16,6,57,27,-5,9,19,20,goodbye
28.43075108528137,12,-7,2,-17,-7,-3,9,9,53,25,10,19,30,21,goodbye
28.446368932724,6,-13,-4,-29,-7,-12,-9,0,39,13,15,15,32,10,goodbye
28.446368932724,6,-3,-2,-17,-8,-24,-28,-8,9,-7,15,16,26,2,goodbye
28.461180925369263,16,22,2,7,4,-16,-20,-6,-12,-16,18,17,17,-2,goodbye
28.461180925369263,21,31,12,12,15,-3,-3,0,-14,-9,19,17,9,-5,goodbye
28.47716856002808,8,20,5,9,3,0,-3,-1,-20,-13,15,8,-3,-11,goodbye
28.47716856002808,-12,14,-2,17,0,9,-6,-2,-35,-25,-4,-15,-19,-21,goodbye
28.49319720268249,-18,9,-11,20,13,20,4,4,-26,-14,-24,-36,-27,-22,goodbye
28.49319720268249,-12,-2,-9,10,12,14,15,4,-1,9,-19,-28,-14,-5,goodbye
28.508527755737305,-9,-11,1,4,1,12,22,2,6,20,-5,-9,3,11,goodbye
28.508527755737305,-10,-15,-5,0,1,18,27,4,8,25,-9,-15,4,9,goodbye
28.524603843688965,-16,-21,-16,-14,1,12,23,4,9,20,-22,-22,-4,1,goodbye
28.524603843688965,-15,-20,-9,-23,-3,0,17,-2,4,6,-19,-8,-1,9,goodbye
28.540224075317383,-4,-13,1,-22,-9,-8,7,-5,0,0,-6,6,4,15,goodbye
28.540224075317383,0,-7,0,-22,-12,-15,-5,1,3,0,1,7,4,4,goodbye
28.55612254142761,7,0,0,-21,-8,-20,-16,4,4,0,14,11,5,-6,goodbye
28.55612254142761,18,8,14,-17,-4,-21,-29,-2,-10,-14,28,26,3,-7,goodbye
28.571207761764526,9,14,13,0,-2,-12,-34,-2,-23,-23,23,20,-7,-9,goodbye
28.571207761764526,-3,21,7,29,1,0,-18,-1,-26,-16,5,0,-19,-12,goodbye
28.58688998222351,0,19,9,31,4,3,-4,-5,-25,-18,-5,-10,-22,-15,goodbye
28.58688998222351,-2,0,-4,14,0,3,0,-9,-15,-19,-17,-24,-22,-15,goodbye
28.602262020111084,-10,-14,-6,10,0,11,5,-4,2,0,-23,-27,-13,0,goodbye
28.602262020111084,-4,-13,-1,15,-1,15,16,5,20,22,-13,-13,2,15,goodbye
28.61824679374695,2,-8,-9,6,-3,3,10,3,22,17,-11,-7,6,6,goodbye
28.61824679374695,5,-3,-2,-5,0,-7,-1,0,14,3,-11,0,3,0,goodbye
28.63335943222046,15,-1,7,0,3,-8,2,1,18,5,6,20,15,18,goodbye
28.63335943222046,19,-2,7,0,-1,-9,1,2,22,10,22,33,26,21,goodbye
28.64908194541931,11,1,-3,-12,-4,-12,-12,-1,5,0,20,27,20,0,sil
28.64908194541931,8,10,-3,-11,0,-5,-13,0,-6,-8,23,22,14,-5,sil
28.664917945861816,14,21,11,8,9,1,3,5,0,-4,28,24,13,8,sil
28.664917945861816,13,26,5,13,9,-1,9,4,1,-2,19,18,6,8,sil
28.6815505027771,0,16,-1,0,3,-3,-1,0,-11,-12,5,3,-1,-3,sil
28.6815505027771,-14,0,-2,0,3,7,-3,-1,-22,-10,-9,-15,-11,-11,sil
28.696941375732425,-23,-11,-13,1,4,18,12,0,-13,0,-25,-35,-20,-11,sil
28.696941375732425,-27,-16,-12,-3,0,27,25,0,0,1,-30,-38,-18,-11,sil
28.712559461593628,-19,-12,-3,0,0,36,33,0,11,9,-24,-28,-11,-8,sil
28.712559461593628,-12,-10,-1,-4,1,21,29,0,15,24,-16,-18,-5,0,sil
28.72837448120117,-13,-20,-8,-29,-11,-8,0,0,12,18,-15,-12,-2,0,sil
28.72837448120117,-6,-19,-4,-24,-22,-19,-24,0,9,5,-11,0,2,0,sil
28.7439033985138,7,0,12,1,-2,-6,-18,1,19,13,11,24,18,17,sil
28.7439033985138,12,6,3,-1,6,-9,-13,-1,19,16,27,30,27,20,sil
28.75897789001465,15,7,-6,-23,-8,-33,-26,-9,-15,-12,18,18,12,0,sil
28.75897789001465,18,20,14,-6,-2,-33,-30,0,-47,-32,18,16,0,-10,sil
28.77411937713623,10,25,20,31,18,-8,-19,1,-34,-20,20,7,-3,-10,sil
28.77411937713623,1,16,10,37,18,6,-9,-4,-15,-12,7,-1,-11,-8,sil
28.7892484664917,5,8,4,30,3,4,1,0,-11,-3,6,0,-14,0,sil
28.7892484664917,0,-6,2,18,-1,7,13,8,-2,7,-1,-7,-17,7,sil
28.80494809150696,-18,-23,-8,-5,-1,22,28,6,8,-4,-37,-28,-31,-6,sil
28.80494809150696,-20,-21,-17,-11,-1,25,39,3,14,-8,-42,-34,-29,-17,sil
28.82098364830017,-3,-10,-7,0,-4,14,27,5,14,11,-11,-18,0,0,sil
28.837051153182983,4,-6,-2,0,-3,8,8,5,18,21,3,-1,25,23,sil
28.837051153182983,3,-10,0,-10,0,2,-3,-2,23,13,4,3,23,18,sil
28.837051153182983,2,-12,1,-17,-3,-10,-15,-7,21,4,7,5,13,0,sil
28.852185249328613,2,-3,-8,-21,-15,-25,-16,-1,18,0,6,7,16,-4,sil
28.852185249328613,3,5,-7,-21,-20,-34,-10,1,5,-10,7,19,20,-1,sil
28.86839079856873,10,8,-2,-11,-8,-26,-8,-2,-4,-13,17,23,7,-2,sil
28.86839079856873,14,18,2,-1,6,-11,-17,-8,-15,-11,15,13,-6,-7,sil
28.884257316589355,5,25,9,2,5,-4,-28,-7,-35,-15,6,7,-8,-11,sil
28.898656845092773,0,16,5,14,3,1,-19,-6,-39,-10,13,11,0,-1,sil
28.898656845092773,6,21,14,25,17,14,0,0,-23,-3,16,18,3,11,sil
28.914347410202023,11,27,13,21,24,19,5,0,-21,-7,-6,5,-13,5,sil
28.914347410202023,0,2,-6,16,14,20,10,-2,-19,-6,-27,-20,-25,-10,sil
28.914347410202023,-19,-10,-1,23,12,24,28,6,8,12,-15,-21,-9,-10,sil
28.92937564849853,-16,4,5,32,18,27,43,15,33,37,2,-6,10,9,sil
28.944955825805664,0,-7,1,14,6,19,31,4,28,38,-3,-6,8,20,sil
28.944955825805664,-4,-38,-3,-18,-13,4,15,0,27,23,-22,-19,0,5,sil
28.960564136505127,-26,-39,-15,-35,-17,-2,7,6,39,22,-21,-20,0,-6,sil
28.960564136505127,-23,-31,-21,-34,-17,-7,-4,1,28,17,-9,-4,3,-2,sil
28.97660541534424,-1,-20,-11,-28,-25,-23,-18,-11,-6,-14,-2,5,5,0,sil
28.97660541534424,10,-2,2,-19,-24,-32,-21,-16,-33,-40,2,6,4,-4,sil
28.99228882789612,11,3,1,-16,-14,-24,-16,-6,-27,-32,4,7,-2,-7,sil
28.99228882789612,7,5,-2,-10,-2,-11,-9,0,-6,-21,10,10,-8,-10,sil
29.007593154907227,0,17,4,4,12,3,-13,4,0,-20,24,15,-2,-5,sil
29.007593154907227,3,26,1,22,18,8,-21,11,1,-11,27,11,4,5,sil
29.022895336151123,10,24,4,28,12,1,-19,5,2,-3,13,1,0,12,sil
29.022895336151123,2,14,12,25,11,5,-5,0,-10,-4,0,-7,-13,8,sil
29.038920879364014,-12,-4,1,13,13,19,9,-3,-24,0,-16,-20,-20,-6,sil
29.038920879364014,-16,-14,-8,-6,6,19,20,-6,-10,11,-27,-28,-12,-10,sil
29.05504965782165,-1,-11,-6,-15,-10,7,21,0,19,24,-15,-21,4,8,sil
29.05504965782165,14,-11,-1,-19,-23,-8,5,7,20,24,-2,0,11,16,sil
29.07062530517578,17,-6,-1,-20,-19,-24,-9,3,4,2,0,18,8,-2,sil
29.07062530517578,20,10,2,-1,2,-19,-3,0,10,-2,17,25,10,-8,sil
29.086598873138428,22,30,23,20,21,3,3,6,12,10,33,32,15,4,sil
29.086598873138428,8,34,19,24,21,7,0,0,-1,9,30,30,13,1,sil
29.102251291275024,-5,16,3,18,14,0,-5,-7,-5,-9,15,14,4,-6,sil
29.102251291275024,-4,-3,8,18,5,7,5,0,0,-6,-2,0,-5,4,sil
29.118062019348145,0,-8,11,23,-3,19,27,3,3,18,-19,-10,-5,16,sil
29.118062019348145,-2,-10,5,7,-9,12,31,0,13,25,-19,-14,8,14,sil
29.134087324142456,-18,-28,-18,-25,-18,-8,8,-3,14,9,-16,-20,11,5,sil
29.134087324142456,-26,-34,-33,-43,-26,-30,-25,-11,-12,-21,-23,-25,-3,-17,sil
29.149436235427856,-9,-5,-12,-36,-9,-28,-32,-7,-42,-46,-13,-6,-12,-30,sil
29.149436235427856,4,20,0,-10,11,-1,-10,4,-30,-35,3,4,-7,-14,sil
29.165294408798218,-4,12,-3,14,11,17,0,4,-8,-14,-4,-9,-9,-6,sil
29.165294408798218,-9,-3,-5,22,5,18,1,0,-4,2,-17,-19,-11,-6,sil
29.180303812026978,-1,-7,-2,17,7,18,14,0,2,24,-4,-1,0,11,sil
29.180303812026978,0,-8,0,8,5,18,12,0,16,29,9,15,9,25,sil
29.19636702537537,1,-10,-5,-17,-2,0,-7,-2,13,4,5,9,2,6,sil
29.19636702537537,-3,-8,-6,-48,-7,-24,-24,-4,-7,-24,0,-3,-11,-19,sil
29.21261763572693,-10,0,-7,-27,-3,-20,-21,-2,-15,-31,1,-6,-21,-23,sil
29.21261763572693,-4,5,0,18,5,5,0,0,0,-11,5,0,-18,-6,sil
29.228396892547607,1,1,17,22,2,15,17,10,11,17,7,3,-2,12,sil
29.228396892547607,0,0,7,9,-4,4,20,9,20,35,11,3,19,21,sil
29.243905305862427,4,1,0,7,-8,-5,6,0,23,28,6,7,24,20,sil
29.243905305862427,20,2,8,-2,-7,-11,-12,-3,11,5,1,6,10,4,sil
29.25943779945373,26,8,6,0,3,-6,-17,-1,-1,-4,12,8,3,-12,sil
29.25943779945373,13,19,1,15,19,1,-7,2,-1,-8,19,12,1,-12,sil
29.274598121643063,-6,16,0,11,15,1,3,7,0,-8,2,1,-7,-4,sil
29.274598121643063,-10,1,11,10,0,4,19,3,0,8,-12,-9,-8,0,sil
29.29034996032715,5,1,15,25,-6,15,35,-2,11,30,-6,0,12,16,sil
29.29034996032715,16,7,4,13,-8,8,25,-2,22,31,12,13,33,33,sil
29.30598735809326,10,2,2,-11,-5,-8,-2,-1,14,8,21,22,27,23,sil
29.30598735809326,1,0,0,-12,-7,-16,-18,-4,-9,-21,1,9,0,-9,sil
29.32119011878968,-5,-1,-8,-16,-11,-20,-21,-11,-32,-47,-13,-4,-22,-29,sil
29.32119011878968,-5,-3,-11,-29,0,-19,-21,-6,-37,-49,-5,-1,-23,-22,sil
29.33678150177002,0,0,-6,-16,7,-2,-10,3,-27,-28,-8,-6,-19,-11,sil
29.33678150177002,-3,1,4,-4,-4,15,2,6,-11,-9,-26,-19,-19,-3,sil
29.352343559265137,-17,-14,-6,-2,-6,23,10,3,2,5,-31,-27,-14,0,sil
29.352343559265137,-32,-28,-22,6,9,19,11,1,6,15,-31,-31,-5,-1,sil
29.367345571517944,-31,-27,-17,6,5,6,8,0,11,19,-25,-23,4,3,sil
29.367345571517944,-9,-15,-8,-1,-6,-5,0,-4,16,20,2,-1,15,7,sil
29.382999420166016,10,3,5,0,1,-8,-7,0,6,11,30,19,22,0,sil
29.382999420166016,18,17,7,2,15,-4,-10,3,0,0,44,27,18,-1,sil
29.39826464653015,15,17,4,0,11,0,-11,0,-8,-9,39,19,3,0,sil
29.39826464653015,8,17,11,16,6,3,-3,0,-11,-9,13,3,-13,-3,sil
29.414392948150635,3,10,15,30,5,10,13,0,3,10,-5,-6,-15,2,sil
29.414392948150635,-4,-7,10,1,-5,10,15,-3,13,22,-15,-9,-8,6,sil
29.430437564849854,-10,-15,-10,-16,-16,-2,7,-4,11,12,-23,-13,-3,-1,sil
29.430437564849854,-5,-8,-14,-5,-9,-16,3,0,17,1,-21,-8,1,-3,sil
29.446372270584103,10,-9,8,-19,-4,-17,-11,2,12,-3,-6,13,5,4,sil
29.446372270584103,24,-2,10,-27,-7,-17,-28,0,-4,-8,12,34,10,5,sil
29.46200156211853,19,26,4,1,2,-16,-30,-4,-22,-18,29,32,14,0,sil
29.46200156211853,7,33,2,18,2,-3,-20,-3,-30,-25,18,4,2,-8,sil
29.477318048477173,1,13,6,20,-7,16,-1,2,-26,-16,-6,-10,-13,-7,sil
29.477318048477173,-2,8,7,30,11,30,20,12,-9,2,-8,0,-12,2,sil
29.49333882331848,-8,1,-2,7,29,25,35,9,10,18,0,-6,0,12,sil
29.49333882331848,-10,-26,-5,-20,6,9,34,1,19,20,-8,-21,0,11,sil
29.50942587852478,-11,-31,-9,-1,-14,0,21,-1,9,13,-22,-20,-3,4,sil
29.50942587852478,-9,-11,-14,5,-8,0,13,0,14,9,-15,-9,2,5,sil
29.524967908859253,-5,-5,-9,-21,-3,-6,11,7,36,9,1,0,14,6,sil
29.524967908859253,-5,-8,-14,-31,-11,-19,-3,5,25,-1,10,0,11,-6,sil
29.54051160812378,-2,3,-6,-22,-13,-29,-25,-11,-13,-22,14,0,0,-20,sil
29.54051160812378,5,15,6,-6,-1,-13,-18,-13,-24,-20,21,5,-1,-19,sil
29.556507110595703,1,8,3,21,10,7,-7,-3,-18,-8,13,0,-6,-14,sil
29.556507110595703,-6,8,0,35,14,12,-9,0,-26,-8,0,-7,-18,-7,sil
29.571134090423584,0,12,5,25,8,13,2,3,-14,2,0,-2,-12,1,sil
29.571134090423584,0,-2,10,11,0,15,12,2,8,20,-7,0,0,6,sil
29.58690023422241,-13,-19,1,4,-6,6,3,-1,11,16,-24,-8,1,10,sil
29.58690023422241,-11,-12,-4,-5,-14,-2,-2,-2,16,13,-15,-1,9,17,sil
29.602344751358032,10,0,8,-21,-10,-4,-6,1,25,16,2,17,22,18,sil
29.602344751358032,27,3,9,-20,5,-4,-2,5,24,8,7,24,24,17,sil
29.617530345916748,26,3,5,-10,8,-5,-5,1,10,-4,14,28,16,14,sil
29.617530345916748,19,9,1,-6,-4,-11,-22,0,-5,-15,19,28,6,3,sil
29.63357448577881,17,12,-2,-5,-4,-17,-25,-5,-19,-26,6,13,-6,-6,sil
29.63357448577881,7,6,4,-4,10,-9,-14,-10,-31,-34,0,2,-17,-11,sil
29.64928078651428,-7,7,0,4,11,6,-6,-5,-27,-19,3,-8,-18,-17,sil
29.64928078651428,-16,7,-10,15,0,11,0,3,-10,-1,-9,-26,-18,-20,sil
29.664888381958008,-22,-9,-7,4,-2,8,11,0,-9,-3,-34,-36,-31,-19,sil
29.664888381958008,-26,-20,-5,3,3,11,19,-7,-20,-7,-36,-38,-37,-16,sil
29.68091869354248,-14,-5,3,29,9,20,26,3,-13,2,-22,-29,-16,0,sil
29.68091869354248,-2,1,1,26,8,22,30,11,11,22,-7,-11,11,13,sil
29.697052717208862,1,0,0,1,11,19,26,4,27,32,3,0,20,9,sil
29.697052717208862,11,3,6,6,11,12,18,4,24,27,13,3,22,6,sil
29.71212387084961,7,-1,-2,0,-2,-7,6,3,19,13,16,5,22,9,sil
29.71212387084961,-8,-21,-15,-46,-18,-25,-6,-3,16,4,7,4,13,7,sil
29.72822332382202,-2,-23,-13,-38,-21,-21,-8,-2,18,11,6,7,12,8,sil
29.72822332382202,11,-5,0,2,-15,-18,-11,0,14,10,19,20,20,7,sil
29.74333953857422,0,0,0,-12,-11,-28,-22,1,0,-9,19,20,9,-7,sil
29.74333953857422,-11,-2,-8,-18,-16,-32,-26,-1,-16,-27,6,3,-5,-21,sil
29.75917148590088,0,9,5,6,-18,-24,-25,-4,-22,-27,10,11,0,-17,sil
29.75917148590088,20,25,20,-5,-5,-8,-11,-1,-12,-14,24,31,4,0,sil
29.77528738975525,19,25,18,0,10,8,5,1,-1,-7,21,25,-4,7,sil
29.77528738975525,0,25,8,39,18,19,2,3,-5,-11,8,6,-7,0,sil
29.790722608566284,-5,18,1,29,14,18,-2,0,-16,-8,-1,-4,-14,-8,sil
29.790722608566284,0,-6,9,5,6,23,10,-2,-21,-6,-10,-4,-21,4,sil
29.80632066726685,-3,-16,0,19,6,30,19,-1,-11,-6,-18,-12,-11,14,sil
29.82136631011963,-13,3,-15,19,15,21,9,0,1,10,-28,-27,-10,0,sil
29.82136631011963,-9,11,-7,10,19,18,5,0,1,28,-28,-26,-16,-5,sil
29.82136631011963,0,-2,-3,13,10,17,8,0,0,20,-19,-16,-3,4,sil
29.836975574493408,-4,-16,-4,-7,-7,-2,0,1,4,3,-22,-12,2,9,sil
29.836975574493408,-6,-23,-8,-26,-15,-17,0,3,18,4,-18,-9,0,12,sil
29.853029012680054,4,-20,-3,-12,-7,-6,16,2,26,13,-4,-5,9,18,sil
29.869079113006592,-2,-14,-2,-16,-4,-2,17,0,20,9,-11,-8,7,5,sil
29.869079113006592,-12,-18,-18,-39,-12,-16,-1,0,19,0,-12,-9,1,-10,sil
29.8845157623291,4,-14,-3,-31,-7,-16,-13,1,17,-1,9,6,11,-5,sil
29.8845157623291,18,1,13,-6,3,-3,-9,-1,10,0,18,17,18,3,sil
29.8845157623291,9,11,1,-9,0,-5,-10,-2,10,5,10,13,17,0,sil
29.9005286693573,0,11,2,-14,-2,-12,-12,4,9,12,28,18,17,-1,sil
29.9005286693573,6,12,6,7,1,-11,-6,1,-1,3,41,19,11,-2,sil
29.915732860565186,20,24,12,14,0,-9,-9,-5,-17,-21,20,19,0,-6,sil
29.931442499160767,20,30,10,9,0,-5,-13,-2,-30,-30,18,23,3,-9,sil
29.931442499160767,7,17,3,16,5,-4,-14,-5,-34,-21,34,17,4,-11,sil
29.94842743873596,1,16,13,17,8,-6,-19,-6,-35,-21,14,6,-12,-15,sil
29.94842743873596,0,24,8,27,13,-1,-14,-5,-33,-19,-8,-3,-23,-14,sil
29.94842743873596,-4,7,3,44,11,13,0,-8,-23,-6,-10,-8,-16,-5,sil
29.96243691444397,-14,-17,-1,28,5,29,12,0,-4,8,-15,-14,-14,-1,sil
29.978301763534542,-24,-18,-13,0,8,19,19,3,8,14,-16,-23,-13,-3,sil
29.978301763534542,-20,-3,0,7,7,7,16,2,5,13,-10,-14,-4,2,sil
29.99439144134521,-5,-7,0,25,-3,12,19,4,4,19,-14,-6,-1,7,sil
29.99439144134521,-14,-29,-12,-8,-17,13,25,5,2,14,-28,-24,-20,0,sil
29.99439144134521,-36,-34,-23,-52,-23,1,21,5,-2,-3,-39,-39,-28,-3,sil
30.010968446731567,-26,-23,-25,-43,-21,-3,14,5,10,-4,-26,-15,-6,4,sil
30.010968446731567,5,-15,-1,-24,-10,-1,13,7,30,6,-1,11,15,21,sil
30.02622008323669,14,-15,0,-19,-1,-5,15,5,32,11,0,3,16,23,sil
30.02622008323669,7,-7,-2,-12,-10,-8,5,1,21,2,-16,-5,3,12,sil
30.04031658172608,13,7,8,-4,-13,-4,-8,4,15,-6,-10,7,1,10,sil
30.056071519851685,24,13,3,0,1,-9,-11,-1,14,-2,16,23,14,14,sil
30.056071519851685,26,8,9,0,8,-16,-15,-4,4,-3,24,34,19,13,sil
30.072354793548584,20,14,6,0,1,-12,-19,0,2,-8,15,22,15,4,sil
30.072354793548584,11,21,-1,0,0,-7,-18,-6,0,-11,17,7,7,-7,sil
30.08745145797729,1,13,4,2,8,-2,-17,-7,-12,-5,17,14,7,-12,sil
30.08745145797729,0,1,-1,4,14,-2,-13,-2,-12,6,14,7,12,-11,sil
30.102575063705444,-1,4,1,0,12,-5,-11,-3,-10,4,17,-7,5,-12,sil
30.102575063705444,-13,9,4,3,10,8,-6,1,-10,8,6,-15,0,-16,sil
30.11818265914917,-12,6,-8,13,9,13,2,0,0,20,-5,-19,-1,-17,sil
30.11818265914917,-3,11,5,17,10,6,-2,-1,-1,10,0,-14,-3,-9,sil
30.1333236694336,-7,15,12,41,19,28,2,8,0,20,0,-17,1,0,sil
30.1333236694336,0,7,-4,42,16,28,15,6,8,29,4,-9,12,2,sil
0.0421843528747558,8,-8,-7,-8,-6,-17,-3,-14,-16,-16,15,23,2,-7,sil
0.0421843528747558,0,-10,4,-25,-21,-25,-21,-13,-40,-41,4,23,-16,-12,sil
0.0580649375915527,0,5,11,0,-15,-10,-7,0,-12,-19,3,4,-19,0,sil
0.0580649375915527,7,10,13,1,-8,-11,0,2,2,-10,6,10,-10,6,sil
0.0740382671356201,-2,0,4,-8,-3,3,5,0,-9,-13,-13,2,-7,3,sil
0.0740382671356201,-14,-12,-10,-4,-3,15,18,-5,-12,-11,-24,-20,-16,-3,sil
0.0900564193725586,-16,-16,0,-5,-6,9,23,2,-2,-3,-26,-21,-24,0,sil
0.0900564193725586,-9,-11,0,-8,-1,6,22,17,18,22,-14,-6,-1,14,sil
0.1057639122009277,4,-14,-9,-13,3,-5,7,8,36,30,9,9,24,23,sil
0.1057639122009277,14,-13,4,-11,2,-15,-8,-2,27,3,14,21,20,18,sil
0.1209995746612548,16,7,6,1,3,-11,-4,-3,14,-13,10,14,8,6,sil
0.1209995746612548,8,13,9,4,1,-5,2,0,3,-15,11,7,0,-1,sil
0.1369719505310058,-1,0,1,7,2,9,15,4,-2,-2,0,-3,-5,0,sil
0.1369719505310058,0,-7,-12,19,6,23,32,6,0,16,-19,-16,-4,4,sil
0.1531784534454345,0,-13,-5,2,-5,10,19,3,-1,14,-26,-16,-9,1,sil
0.1531784534454345,-14,-29,-21,-23,-22,-11,-12,-6,-16,-6,-29,-24,-20,-14,sil
0.1686594486236572,-15,-25,-31,-29,-21,-15,-29,-9,-15,-20,-33,-25,-17,-20,sil
0.1686594486236572,3,0,-8,-12,-12,-5,-21,0,1,-8,-14,0,5,0,sil
0.1847655773162841,9,18,3,4,-2,-4,-15,1,4,3,23,19,21,11,sil
0.1847655773162841,0,18,7,5,1,0,-19,-1,-10,-3,30,15,15,0,sil
0.2002792358398437,-9,9,-3,-1,-1,6,-13,-3,-11,-5,8,-2,2,-12,sil
0.2002792358398437,-6,4,0,-4,0,3,-4,0,-2,-1,-1,-8,0,-9,sil
0.2162525653839111,1,4,8,-2,12,7,0,3,1,0,4,1,6,1,sil
0.2162525653839111,1,3,1,1,17,19,7,4,6,10,13,9,12,3,sil
0.2318775653839111,1,8,9,6,11,14,11,2,3,11,10,8,4,0,sil
0.2318775653839111,4,14,12,13,7,1,5,-3,0,1,-3,0,-2,-1,sil
0.2469711303710937,5,10,7,9,9,-7,-2,-7,0,0,-2,2,0,-1,sil
0.2469711303710937,9,12,13,4,9,-11,-2,0,2,7,17,17,5,4,sil
0.2631993293762207,5,13,4,14,7,-12,3,3,3,11,23,9,5,5,sil
0.2631993293762207,-3,5,3,16,3,-6,3,0,3,6,8,-1,-1,-1,sil
0.2787673473358154,-3,-2,4,2,3,0,1,1,8,6,0,0,-4,0,sil
0.2787673473358154,4,-7,0,-2,0,-4,1,4,8,4,-1,-1,0,4,sil
0.293907880783081,4,-7,3,0,-14,-9,6,3,5,3,5,-1,1,1,sil
0.293907880783081,-7,-5,-7,-1,-16,-4,10,0,8,9,6,-2,0,0,sil
0.3099966049194336,-12,-8,-11,-13,-6,-4,-6,-1,2,0,-7,-1,-7,0,sil
0.3099966049194336,0,-8,-10,-15,-4,-7,-10,0,-5,-10,-10,-1,-8,-3,sil
0.3261163234710693,8,3,-2,6,0,0,5,0,-4,-4,-2,-2,-11,-5,sil
0.3261163234710693,1,2,9,11,8,9,7,0,-12,-6,-5,0,-12,-1,sil
0.3417203426361084,-4,-22,-5,-20,4,13,3,0,-12,-8,0,-1,4,1,sil
0.3417203426361084,0,-23,-12,-30,-6,9,5,0,-4,0,5,-2,14,5,sil
0.3571703433990478,6,8,0,11,0,5,-3,-1,-9,-2,-3,0,2,4,sil
0.3571703433990478,3,14,6,31,9,3,-14,-2,-9,-9,-6,1,-2,1,sil
0.3726904392242431,-4,-4,6,3,0,3,-7,0,-4,-14,-2,0,0,1,sil
0.3726904392242431,-11,-8,-3,-2,-12,0,-1,-1,-10,-19,-12,-8,0,-7,sil
0.388709545135498,-1,-2,-2,3,-5,-4,-6,-4,-7,-17,-15,-10,-3,-10,sil
0.388709545135498,10,0,3,0,1,2,-4,0,11,-4,-7,2,2,3,sil
0.4047136306762695,5,0,2,-3,0,4,1,1,16,2,-8,7,5,8,sil
0.4047136306762695,-7,2,-2,-7,-3,-5,-1,0,6,-4,-7,0,0,-2,sil
0.4200527667999267,-9,4,-3,-4,-4,-9,-1,-1,1,-1,2,-3,-3,-8,sil
0.4200527667999267,-1,6,2,2,1,0,2,-1,3,16,6,0,-1,-2,sil
0.4360330104827881,3,7,3,2,8,0,2,1,1,19,1,1,-3,5,sil
0.4360330104827881,4,7,-4,-3,4,-6,2,2,-3,7,0,-4,-6,3,sil
0.4522798061370849,0,1,0,-10,-5,-2,7,4,2,6,8,-2,3,-2,sil
0.4522798061370849,-6,-2,-3,-10,-1,5,10,6,15,16,11,-5,13,-7,sil
0.4679188728332519,-6,4,-5,0,11,11,7,3,5,12,6,-5,3,-7,sil
0.4679188728332519,-3,1,-2,-2,4,10,4,0,-7,2,2,-1,-2,-6,sil
0.4829757213592529,-5,-14,-6,-11,-9,0,-1,-1,-3,1,-2,0,0,-3,goodbye
0.4829757213592529,4,-4,7,11,0,0,-1,0,-3,4,-7,8,0,8,goodbye
0.498964786529541,16,6,10,16,7,0,7,-2,-10,3,1,15,3,18,goodbye
0.498964786529541,0,-13,-7,-27,-12,-10,2,-4,-13,-4,3,3,1,11,goodbye
0.5140297412872314,-3,-19,-7,-29,-15,-8,-7,1,-6,-2,0,-3,-4,7,goodbye
0.5140297412872314,15,6,6,23,6,4,-5,6,11,10,7,6,2,16,goodbye
0.5296270847320557,10,14,10,28,8,2,-4,2,20,2,8,13,9,10,goodbye
0.5296270847320557,-9,5,-2,2,0,-5,-7,-3,6,-16,-1,1,-1,-7,goodbye
0.5447268486022949,-11,6,-5,9,5,-7,-7,-4,-1,-18,-1,-6,-14,-16,goodbye
0.5447268486022949,-6,6,2,15,12,-4,-4,-2,6,-16,7,-1,-7,-10,goodbye
0.5607600212097168,-3,0,1,1,1,-4,-6,-4,12,-10,9,2,3,-1,goodbye
0.5607600212097168,0,1,0,0,-5,-6,-8,-4,2,1,1,-1,3,-3,goodbye
0.5759291648864746,0,5,0,7,2,2,0,2,-2,3,-3,-7,-1,-12,goodbye
0.5759291648864746,4,2,6,14,9,13,8,5,0,-2,-3,-9,-4,-8,goodbye
0.5920336246490479,16,4,17,16,7,12,4,0,0,7,0,1,7,5,goodbye
0.5920336246490479,13,5,9,9,5,5,5,1,-2,19,9,11,22,7,goodbye
0.6078536510467529,-1,0,-6,-1,0,1,4,1,-8,2,2,0,6,-3,goodbye
0.6078536510467529,-11,-4,-19,-8,-9,2,-3,-5,-17,-10,-14,-23,-17,-14,goodbye
0.622981071472168,-11,-9,-15,-15,-13,4,0,-1,-12,0,-14,-21,-14,-8,goodbye
0.622981071472168,-7,-14,-6,-20,-11,1,15,10,2,1,-6,0,0,2,goodbye
0.6390776634216309,-7,-16,-6,-20,-8,-8,11,5,4,-4,-7,7,3,6,goodbye
0.6390776634216309,-1,-11,4,-26,-9,-14,-1,0,-6,-1,-4,6,4,9,goodbye
0.654646635055542,11,-2,10,-16,-5,-8,0,-2,-12,0,-4,7,1,15,goodbye
0.654646635055542,9,-3,4,-6,3,1,3,-3,-5,0,-3,8,0,16,goodbye
0.6701858043670654,-3,-12,4,-32,2,3,-2,0,7,9,7,10,8,12,goodbye
0.6701858043670654,-4,-12,-3,-27,-6,-1,-9,-5,3,2,0,0,3,0,goodbye
0.6862552165985107,-8,6,-3,21,0,-1,-21,-7,-15,-18,-23,-13,-22,-20,goodbye
0.6862552165985107,-13,19,1,29,10,2,-19,-1,-14,-18,-16,-9,-21,-20,goodbye
0.7020165920257568,3,16,3,7,7,1,0,0,0,-2,6,0,1,-4,goodbye
0.7173268795013428,20,19,4,21,5,1,5,0,4,0,4,-1,1,-1,goodbye
0.7173268795013428,10,16,-3,28,7,6,3,2,5,0,-1,-8,-4,-10,goodbye
0.7173268795013428,4,4,0,8,1,0,2,1,4,2,4,0,3,0,goodbye
0.7329704761505127,8,4,6,7,-3,-6,2,0,6,4,11,3,7,9,goodbye
0.7329704761505127,4,7,3,17,2,0,7,4,23,13,11,1,4,8,goodbye
0.7482144832611084,0,3,3,14,5,9,7,6,28,19,10,11,5,10,goodbye
0.7482144832611084,-6,-4,1,5,-5,3,-6,-4,6,1,5,5,1,7,goodbye
0.7639758586883545,-15,-13,-8,-6,-6,-5,-14,-7,0,-8,0,-2,-1,-1,goodbye
0.7794463634490967,-3,-7,-5,-5,4,3,0,5,19,12,18,11,9,2,goodbye
0.7794463634490967,6,-3,2,0,3,10,13,7,12,15,26,14,16,9,goodbye
0.7794463634490967,-5,-13,-3,-10,-6,2,12,-1,-13,-8,4,-1,5,-2,goodbye
0.7943735122680664,-11,-16,-16,-19,-4,-7,13,-2,-14,-5,-4,-5,-4,-13,goodbye
0.7943735122680664,0,-5,-5,-10,3,-9,7,1,-1,7,-2,-3,-10,-7,goodbye
0.8110356330871582,-1,-1,1,-3,1,-10,-1,3,-3,2,-13,-3,-7,-1,goodbye
0.8110356330871582,-12,-6,-10,-10,-5,-13,-5,3,-11,0,-16,-4,-1,-5,goodbye
0.8268423080444336,-7,-4,-3,-6,-8,-5,-10,-2,-17,-1,-7,-7,-5,-7,goodbye
0.8268423080444336,5,5,12,8,0,6,-10,-5,-13,-2,0,-2,-2,-2,goodbye
0.8426029682159424,15,16,16,7,11,7,-6,0,-6,3,7,9,9,10,goodbye
0.8426029682159424,14,15,9,0,11,2,-3,0,-3,0,5,7,9,15,goodbye
0.8576462268829346,6,2,4,-1,-1,0,1,-1,-3,-7,-7,-2,-5,4,goodbye
0.8728914260864258,1,-1,12,-1,-6,1,10,1,0,3,-2,0,-9,0,goodbye
0.8728914260864258,1,3,6,0,-2,2,10,0,7,7,8,2,3,4,goodbye
0.8883330821990967,-2,6,-6,6,-1,0,-2,-4,2,-7,-3,-2,6,0,goodbye
0.8883330821990967,0,5,3,6,0,0,-5,0,-4,-8,-9,-1,0,0,goodbye
0.9041485786437988,13,6,14,4,4,4,2,0,0,-6,5,4,8,7,goodbye
0.9041485786437988,6,5,4,-1,1,4,0,-2,-1,-17,-1,2,8,1,goodbye
0.9041485786437988,-9,0,-11,0,-1,0,-4,-1,-10,-14,-21,-9,-12,-12,goodbye
0.9196631908416748,-6,-6,-14,0,1,0,0,-3,-8,-4,-25,-16,-23,-13,goodbye
0.9356670379638672,0,-12,-11,-12,2,1,0,-1,1,-12,-35,-19,-22,-11,goodbye
0.9356670379638672,-8,-12,-13,-12,-2,-2,-1,4,6,-13,-34,-19,-23,-11,goodbye
0.9512012004852296,-13,-6,-5,0,-3,-5,-2,8,11,-1,0,-2,-10,-6,goodbye
0.9512012004852296,-9,-2,-8,1,-3,-3,-1,6,18,9,21,8,11,-1,goodbye
0.9671828746795654,-2,-4,-8,-3,0,-2,1,4,20,11,11,4,16,2,goodbye
0.9671828746795654,2,-5,4,-6,0,0,5,1,12,7,10,4,10,9,goodbye
0.9671828746795654,-3,-4,-2,-8,-5,0,3,0,0,8,23,5,10,9,goodbye
0.9832708835601808,-9,0,-3,1,-2,1,-10,0,-4,11,27,11,11,5,goodbye
0.9979829788208008,0,4,7,17,5,6,-10,-4,1,13,18,14,9,2,goodbye
0.9979829788208008,12,3,9,2,-2,-3,-7,-4,6,16,20,10,7,2,goodbye
1.0141541957855225,13,9,13,-1,-10,-14,-13,0,1,13,37,21,12,8,goodbye
1.0141541957855225,11,10,14,16,1,-7,-11,-4,-2,5,26,19,9,6,goodbye
1.0306813716888428,5,-3,6,5,5,0,-8,-6,-10,1,-10,-3,-7,-6,goodbye
1.0306813716888428,-4,-6,-1,-11,0,1,-7,2,-14,2,-13,-9,-10,-9,goodbye
1.0456552505493164,-2,14,4,7,1,15,9,4,-4,-1,7,6,2,3,goodbye
1.0456552505493164,9,24,7,18,4,16,23,0,-4,-12,1,3,4,3,goodbye
1.061763048171997,5,5,-4,2,5,-3,11,-2,-18,-16,-18,-12,-1,-7,goodbye
1.061763048171997,-4,-6,-3,-5,7,-8,0,-2,-24,-12,-22,-11,-7,-6,goodbye
1.061763048171997,0,0,3,-2,5,2,13,-2,-10,-3,-11,-3,-9,0,goodbye
1.0771286487579346,3,4,-1,0,5,3,22,1,4,2,-7,-8,-5,0,goodbye
1.094223976135254,-8,-1,-3,2,7,2,17,10,15,2,-14,-11,-3,1,goodbye
1.094223976135254,-10,-2,-3,7,8,10,16,7,23,5,-11,-5,0,5,goodbye
1.094223976135254,1,0,-2,8,4,12,17,0,21,11,-6,0,3,7,goodbye
2.245032548904419,1,0,-5,0,2,2,-5,-4,-1,-4,-12,-12,-5,-9,goodbye
2.245032548904419,-1,8,3,10,13,4,1,-6,-1,1,-4,4,0,1,goodbye
2.2605655193328857,-2,4,0,9,0,0,-2,-5,-14,3,3,10,1,2,goodbye
2.2605655193328857,-12,-14,-11,-10,-12,-7,-19,-10,-41,-16,-19,-10,-19,-17,goodbye
2.2605655193328857,-16,-13,-10,-11,0,4,-9,-10,-39,-24,-25,-16,-22,-21,goodbye
2.2756800651550293,-7,5,1,4,11,12,16,0,-8,0,3,0,-2,-2,goodbye
2.2756800651550293,-3,5,7,3,8,4,21,9,6,17,11,4,2,7,goodbye
2.2917380332946777,0,-1,-3,-5,5,2,20,10,12,17,0,0,0,6,goodbye
2.2917380332946777,0,3,-10,-2,3,5,18,2,19,7,-6,-4,0,1,goodbye
2.307071685791016,-5,4,-3,1,-1,2,11,0,15,0,-13,-9,0,0,goodbye
2.322584390640259,-11,-8,-8,-7,-11,-1,7,6,18,2,-18,-14,-6,0,goodbye
2.322584390640259,-13,-20,-14,-24,-23,-2,1,4,22,1,-17,-15,-13,-4,goodbye
2.338620185852051,-5,-14,-6,-20,-17,0,2,-1,13,0,-13,-10,-7,0,goodbye
2.338620185852051,10,0,7,-3,2,0,7,1,11,6,-3,6,7,12,goodbye
2.3547439575195312,11,-2,1,-7,0,-10,-4,0,12,6,0,12,12,5,goodbye
2.3557450771331787,0,-11,-9,-22,-11,-12,-23,-7,-2,-5,0,4,8,-11,goodbye
2.3557450771331787,2,4,4,-13,3,-1,-24,-4,-13,-15,6,9,9,-11,goodbye
2.3709940910339355,17,24,14,5,10,-3,-17,-1,-10,-16,10,10,10,-8,goodbye
2.3709940910339355,24,20,14,8,0,-18,-20,-5,-20,-14,15,8,8,-8,goodbye
2.387694358825684,23,21,25,15,4,-15,-11,-2,-23,-4,38,21,14,4,goodbye
2.387694358825684,18,28,23,31,20,5,0,0,-1,6,43,25,19,18,goodbye
2.402743101119995,3,16,9,30,18,11,-5,0,1,2,12,6,4,8,goodbye
2.402743101119995,-9,-4,-7,16,4,5,-15,-4,-15,-7,-2,-13,-17,-11,goodbye
2.417513132095337,-13,-10,-6,15,3,13,-1,-1,-10,-6,3,-14,-19,-8,goodbye
2.418512344360352,-12,-3,0,19,14,28,24,9,11,4,0,-6,-7,8,goodbye
2.433046340942383,-8,-8,-6,12,13,16,24,10,15,12,-12,-13,-4,9,goodbye
2.448418617248535,-5,-14,-1,0,1,0,6,3,10,24,-12,-13,-11,6,goodbye
2.448418617248535,-8,-8,0,0,0,6,13,1,18,41,-3,-4,-5,10,goodbye
2.464066982269287,-14,-10,-17,-3,-3,5,23,0,20,28,-11,-11,0,-1,goodbye
2.464066982269287,-15,-23,-21,-20,-11,-3,11,-3,4,-4,-35,-18,-9,-12,goodbye
2.479712724685669,-8,-24,-17,-30,-16,-5,7,-1,-1,-14,-35,-4,-10,0,goodbye
2.479712724685669,-3,-11,-10,-27,-21,-9,5,4,2,-6,-15,5,0,7,goodbye
2.4950900077819824,0,0,-6,-14,-18,-11,-5,1,1,-9,-7,0,7,-1,goodbye
2.4950900077819824,11,4,-4,-5,-9,-11,-12,-6,-5,-16,2,7,9,0,goodbye
2.5106890201568604,23,5,2,-10,-10,-20,-12,-5,-9,-21,22,23,17,8,goodbye
2.5106890201568604,21,12,6,-4,-3,-20,-17,-2,-15,-20,19,21,11,1,goodbye
2.5267975330352783,1,20,10,10,6,-12,-25,-7,-27,-24,5,6,-9,-17,goodbye
2.5267975330352783,-9,17,9,12,2,-10,-24,-8,-27,-28,5,-4,-15,-25,goodbye
2.5439701080322266,-7,9,4,7,2,0,-9,0,-14,-15,6,-1,-6,-10,goodbye
2.5439701080322266,-6,4,9,10,11,13,3,9,-4,0,6,2,-1,3,goodbye
2.5439701080322266,-10,0,4,7,7,10,4,4,2,6,4,-6,0,1,goodbye
2.5590760707855225,-7,-4,1,-2,-1,5,0,-1,10,15,-1,-14,0,-2,goodbye
2.574756860733032,0,0,1,0,0,9,5,3,8,20,0,-3,2,4,goodbye
2.574756860733032,6,8,6,10,7,13,15,6,-1,19,5,6,9,12,goodbye
2.5899178981781006,5,2,8,-5,8,19,17,2,6,20,0,1,7,9,goodbye
2.5899178981781006,3,-12,-3,-35,0,18,13,5,31,30,4,-6,5,10,goodbye
2.604959011077881,8,-13,-1,-28,-1,4,8,5,32,32,21,3,15,14,goodbye
2.604959011077881,9,1,7,11,3,0,5,-2,9,17,10,9,7,1,goodbye
2.6209957599639893,0,6,-3,25,4,4,5,-8,-2,-3,-19,-8,-14,-10,goodbye
2.6209957599639893,-5,-3,-7,8,7,7,7,-5,-2,-4,-23,-8,-14,-4,goodbye
2.636622905731201,0,-8,-3,6,7,4,11,-1,-2,2,0,5,2,1,goodbye
2.636622905731201,4,0,2,18,0,1,3,0,4,-2,10,6,7,2,goodbye
2.652332305908203,5,3,4,13,-3,0,-1,2,15,-6,0,-2,0,0,goodbye
2.652332305908203,-1,-6,-8,-5,-6,-11,-2,2,4,-17,-4,-5,-6,-5,goodbye
2.668048143386841,-5,-10,-14,-18,-12,-26,-13,1,-11,-33,-3,0,-4,-5,goodbye
2.668048143386841,-3,-7,-6,-7,-5,-21,-18,-3,-3,-16,-11,1,-1,0,goodbye
2.6837246417999268,-4,-6,0,4,3,-12,-6,-7,-1,3,-18,0,-7,-3,goodbye
2.6837246417999268,-11,-1,-2,-3,-6,-19,-8,-3,-20,-5,-9,-2,-5,-4,goodbye
2.698763370513916,-10,1,-3,-11,-18,-22,-18,-1,-24,-13,5,-3,3,-1,goodbye
2.698763370513916,0,6,8,0,-9,-3,-11,0,-13,-6,10,0,3,1,goodbye
2.714052677154541,10,13,9,10,4,12,-1,2,-4,1,3,6,1,5,goodbye
2.714052677154541,4,7,6,-1,7,7,-4,2,-2,3,2,9,3,0,goodbye
2.729644536972046,-5,1,5,-8,0,-1,-7,1,-4,-2,11,6,0,-4,goodbye
2.729644536972046,2,4,0,6,-3,-3,-6,-5,-4,-3,7,0,0,0,goodbye
2.745756387710572,14,10,6,12,2,4,-5,-1,-1,0,-1,-1,-5,3,goodbye
2.745756387710572,11,10,11,6,15,22,11,8,9,5,7,4,-5,6,goodbye
2.76184630393982,3,9,0,6,17,27,28,5,20,14,7,0,0,6,goodbye
2.76184630393982,-3,4,-8,1,3,16,24,2,16,15,-11,-6,-1,-1,goodbye
2.776886463165283,-11,-3,-14,-8,-1,10,12,3,16,11,-10,-6,-2,-6,goodbye
2.776886463165283,-11,-7,-9,-9,1,4,-3,-4,11,4,-2,-5,1,-4,goodbye
2.793100595474243,-4,-8,-6,0,-4,-2,-12,-11,-16,-13,-26,-16,-11,-13,goodbye
2.793100595474243,-2,-11,-4,3,-9,-2,-1,-3,-32,-31,-29,-17,-21,-18,goodbye
2.808741807937622,-7,-14,-2,-5,-2,0,7,6,-8,-14,7,-2,-1,-5,goodbye
2.808741807937622,-9,-15,-10,-15,-2,-5,2,4,9,16,18,-1,11,4,goodbye
2.824359893798828,-8,-14,-7,-12,-8,-8,0,0,0,15,2,-2,6,4,goodbye
2.824359893798828,-6,-9,-3,-3,-5,-7,4,-1,-2,5,7,7,10,8,goodbye
2.8401525020599365,-2,-1,-4,0,3,-6,-1,-3,0,7,15,13,12,10,goodbye
2.8401525020599365,5,8,11,6,7,0,-10,0,0,8,10,5,8,7,goodbye
2.8551487922668457,18,12,20,15,4,4,-2,4,9,16,19,10,20,15,goodbye
2.8551487922668457,29,9,17,10,5,-2,0,3,24,24,24,31,27,18,goodbye
2.8711187839508057,24,11,17,11,5,-9,-5,0,16,6,13,31,17,9,goodbye
2.8711187839508057,14,16,15,19,2,-6,0,0,6,-11,2,11,6,4,goodbye
2.8867223262786865,9,10,4,3,0,-2,1,0,6,-3,-6,0,-6,0,goodbye
2.8867223262786865,-1,-4,-12,-16,-5,-5,-4,-4,-6,-6,-19,-16,-22,-15,goodbye
2.9030187129974365,-17,-6,-12,-18,-11,-4,0,0,-24,-21,-21,-25,-24,-16,goodbye
2.9030187129974365,-14,0,0,-12,-3,5,15,8,-10,-11,-11,-5,-13,-5,goodbye
2.9186811447143555,-7,-1,2,-10,2,9,11,3,-3,-5,-8,2,-11,-6,goodbye
2.9186811447143555,-7,0,11,0,0,3,0,-2,-17,-19,-7,-2,-11,-4,goodbye
2.934077978134156,1,10,9,9,1,0,0,-3,-3,-4,1,-4,-2,7,sil
2.934077978134156,2,0,-8,2,0,-6,-4,-3,11,14,-3,-5,-2,3,sil
2.949763059616089,-11,-19,-21,-8,-3,-7,-14,0,0,0,-16,-12,-6,-3,sil
2.949763059616089,-7,-8,-10,0,0,1,-8,0,-1,-8,-4,-12,0,0,sil
2.9654102325439453,7,12,8,6,2,11,0,0,8,-4,2,-3,-2,0,sil
2.9654102325439453,0,5,0,0,4,16,6,0,1,-11,0,0,-5,-8,sil
2.9809370040893555,-13,-8,-15,0,4,12,1,2,-3,-5,10,0,8,-10,sil
2.9809370040893555,-4,-3,-7,8,-4,-1,-7,0,3,12,15,1,13,-6,sil
2.996615171432495,7,2,1,5,-7,-12,-3,-3,9,10,4,2,8,2,sil
2.996615171432495,4,-3,-1,-2,0,-11,0,-4,0,0,1,4,13,7,sil
3.0122973918914795,-3,-9,-12,0,0,-6,-7,-7,-11,4,6,-1,11,-2,sil
3.0122973918914795,-2,-2,-4,8,-1,0,-7,-5,-7,8,0,-7,-3,-9,sil
3.027916431427002,1,3,6,6,0,4,0,2,6,7,-10,-4,-10,-3,sil
3.027916431427002,0,0,2,-1,-1,-4,0,6,7,7,-3,0,-9,-1,sil
3.043177366256714,0,-1,5,-1,-4,-3,0,7,0,8,8,7,-3,0,sil
3.043177366256714,3,0,7,-1,1,8,11,2,1,8,4,6,3,5,sil
3.05916690826416,2,-4,0,-5,6,10,12,-2,-2,0,-11,-1,0,10,sil
3.05916690826416,0,0,7,2,4,7,7,0,-9,-7,-10,7,0,15,sil
3.0750598907470703,7,11,13,11,5,7,14,1,-7,-3,3,16,9,13,sil
3.0750598907470703,2,6,2,0,6,0,9,-1,-11,-8,-3,4,-5,0,sil
3.089806318283081,-8,0,-9,-14,0,-2,0,1,-9,-18,-16,-4,-20,-8,sil
3.089806318283081,0,5,-4,-4,-3,0,2,4,6,-5,5,7,0,1,sil
3.1050121784210205,13,9,10,8,-3,-1,0,0,15,8,22,12,15,5,sil
3.1050121784210205,8,-6,2,-10,-3,-7,-12,-1,6,0,2,-5,2,-2,sil
3.121057510375977,2,-17,-4,-42,-2,-7,-10,0,0,-4,-2,-10,2,0,sil
3.121057510375977,-1,-4,-2,-25,-1,-6,0,0,5,7,16,2,13,6,sil
3.136614799499512,-2,8,3,12,-2,-6,4,0,14,18,20,11,11,9,sil
3.136614799499512,6,6,11,15,0,-4,0,4,15,16,9,7,9,10,sil
3.151707649230957,2,2,2,6,0,-1,-6,0,0,2,-2,-6,0,-2,sil
3.151707649230957,-11,3,-8,5,-6,0,-10,-8,-16,-18,-14,-15,-23,-24,sil
3.166634559631348,-6,4,-5,11,-3,2,-4,-8,-15,-19,-9,-10,-18,-17,sil
3.166634559631348,2,3,1,19,9,3,2,-1,-10,-3,2,-4,7,1,sil
3.183082342147827,0,3,7,14,8,3,0,3,-9,0,0,-1,3,2,sil
3.183082342147827,0,3,6,8,0,4,-1,3,1,-3,-3,0,-4,-2,sil
3.197740077972412,6,5,5,16,4,3,-2,0,12,2,0,2,1,0,sil
3.197740077972412,7,7,4,13,7,0,-5,0,7,7,0,6,0,2,sil
3.212996244430542,-1,-1,-3,0,0,0,1,-2,1,2,-5,4,-1,2,sil
3.212996244430542,-10,-16,-8,-9,-1,2,11,0,0,2,-6,0,1,-1,sil
3.2289183139801025,-13,-22,-15,-14,1,7,9,-1,-3,0,-13,-14,-10,-12,sil
3.2437009811401367,-17,-17,-20,-23,-3,1,0,-10,-14,-13,-28,-28,-24,-17,sil
3.2437009811401367,-17,-15,-16,-24,-14,-7,0,-5,-13,-13,-20,-18,-17,-8,sil
3.259233236312866,-5,-13,-12,-16,-12,-4,11,3,1,-3,-2,-2,0,5,sil
3.259233236312866,2,-9,-2,-13,-1,5,13,4,10,0,-3,0,10,8,sil
3.2748818397521973,0,-7,2,-10,-1,4,4,5,6,10,2,0,20,5,sil
3.2748818397521973,5,0,5,1,-7,-9,-14,4,6,22,19,15,23,7,sil
3.290035963058472,16,14,14,8,-3,-9,-20,0,11,16,21,23,15,13,sil
3.290035963058472,20,18,12,8,6,7,-7,2,15,7,24,18,5,15,sil
3.3047425746917725,18,19,12,14,13,14,1,6,11,4,27,19,0,9,sil
3.3047425746917725,11,18,8,11,11,4,1,0,5,0,14,16,2,-1,sil
3.319931983947754,1,8,0,-5,4,-3,-1,0,2,-12,0,-1,0,-12,sil
3.319931983947754,-2,5,-4,-7,1,-4,-3,4,1,-25,-2,-9,-10,-17,sil
3.335087776184082,-1,11,-3,7,3,-4,-4,0,-7,-22,-4,2,-14,-10,sil
3.335087776184082,-1,12,7,11,2,-11,-13,-6,-25,-18,-3,4,-7,-3,sil
3.3506906032562256,-1,8,7,6,0,-11,-10,-5,-36,-17,-2,-8,-8,-5,sil
3.3506906032562256,-2,1,0,11,-2,0,3,-4,-27,-4,-11,-16,-14,0,sil
3.3666017055511475,-9,-5,3,17,-6,6,8,-3,-8,15,-16,-12,-11,10,sil
3.3666017055511475,-7,-7,4,15,-4,3,7,-2,1,19,-9,-12,-2,7,sil
3.382010698318481,4,-8,4,13,0,11,14,0,6,15,-4,-4,3,7,sil
3.382010698318481,7,-10,1,10,0,10,23,6,17,20,-4,3,12,13,sil
3.398031711578369,4,-8,-5,-5,-2,-3,20,10,27,25,3,7,25,14,sil
3.398031711578369,2,-10,-7,-19,2,0,8,7,22,17,15,11,25,12,sil
3.413433790206909,-7,-23,-15,-17,-2,1,-6,-3,4,1,4,0,10,1,sil
3.413433790206909,-11,-23,-16,-19,-11,-12,-11,-6,0,0,-8,-3,2,-8,sil
3.429062604904175,-1,-2,-10,-24,-4,-8,-2,0,11,3,0,4,8,-7,sil
3.429062604904175,-4,2,-12,-25,-1,1,-8,-1,5,-9,7,-2,-7,-16,sil
3.44500732421875,-13,0,-3,-18,-5,-5,-27,-5,-17,-21,0,-8,-28,-25,sil
3.44500732421875,0,16,10,0,1,-6,-20,-3,-15,-12,2,7,-14,-9,sil
3.460529088973999,7,23,20,11,14,4,-6,0,-12,-12,4,8,-9,-1,sil
3.460529088973999,-5,10,13,15,15,8,-3,-2,-22,-19,-5,-11,-22,-9,sil
3.476118564605713,-7,4,1,21,7,12,10,-4,-17,-9,-12,-19,-14,-3,sil
3.476118564605713,0,0,2,16,0,16,21,0,0,2,-18,-16,-5,3,sil
3.492065191268921,1,-13,-1,6,-1,2,14,5,12,2,-19,-13,-5,5,sil
3.492065191268921,4,-12,-3,0,-4,-6,8,6,23,2,-5,0,7,17,sil
3.507198572158813,9,-6,-5,-17,-10,2,15,12,35,14,11,13,31,24,sil
3.507198572158813,6,-17,-16,-37,-8,-3,7,8,33,17,9,11,29,12,sil
3.523024797439575,0,-17,-12,-27,0,-23,-18,-5,2,-10,-5,9,4,-5,sil
3.523024797439575,3,6,0,3,0,-20,-32,-9,-20,-28,4,14,-2,-14,sil
3.5381526947021484,6,17,7,14,0,-6,-26,-6,-13,-7,28,15,6,-10,sil
3.5381526947021484,0,8,7,6,7,-2,-15,-8,-10,4,20,0,0,-9,sil
3.5537924766540527,-11,10,1,6,8,0,-1,-4,-19,-3,-1,-15,-10,-14,sil
3.569277763366699,-10,18,4,18,6,10,11,1,-13,0,-5,-15,-15,-8,sil
3.569277763366699,0,14,8,29,8,23,24,1,4,16,0,-8,-5,1,sil
3.569277763366699,8,5,5,21,5,20,25,5,18,25,8,7,12,9,sil
3.5847067832946777,10,0,9,5,0,5,12,9,18,27,19,24,21,18,sil
3.5847067832946777,13,1,14,8,0,2,8,6,9,17,18,18,17,23,sil
3.6003119945526123,18,13,21,19,0,10,10,5,6,2,4,10,9,22,sil
3.6003119945526123,14,16,8,11,-5,6,-1,0,6,-1,-5,10,-1,12,sil
3.615354537963867,0,-2,-8,-12,-8,-8,-16,-5,-12,-9,-13,-1,-19,-4,sil
3.630958318710327,-15,-17,-10,-26,-12,-17,-7,-6,-32,-27,-26,-17,-27,-15,sil
3.630958318710327,-22,-15,-15,-16,-15,-14,7,-6,-24,-28,-30,-20,-17,-15,sil
3.6461241245269775,-13,-7,-12,0,-8,-8,3,0,-9,-8,-12,-9,-2,-8,sil
3.6461241245269775,-1,-4,-8,1,0,-6,0,8,0,7,7,3,4,0,sil
3.6618573665618896,-3,-11,-6,-3,-2,-9,-3,1,6,12,5,4,3,4,sil
3.6618573665618896,-5,-15,0,1,-3,0,-7,-5,11,10,0,-1,10,3,sil
3.676821708679199,1,-2,3,17,4,11,-4,-3,9,5,5,-1,17,0,sil
3.676821708679199,4,5,4,11,6,5,-8,-4,0,-2,3,2,0,-8,sil
3.6919851303100586,0,-3,0,-13,-2,-10,-17,-9,-12,-10,-6,-2,-15,-10,sil
3.6919851303100586,0,-7,-5,-20,0,-10,-16,-7,-13,-14,-10,-7,-12,-8,sil
3.707910299301148,5,2,0,-6,11,5,-6,2,1,-12,-2,-1,-7,-7,sil
3.707910299301148,3,-1,-2,-6,12,12,0,6,15,-3,1,0,-10,-1,sil
3.7240476608276367,-10,-18,-14,-29,0,5,0,0,12,-5,-5,-9,-10,0,sil
3.7240476608276367,-24,-20,-22,-40,-3,0,5,2,11,-6,-13,-23,-4,-9,sil
3.739482164382935,-20,-16,-23,-39,0,-1,16,7,19,7,-11,-32,0,-7,sil
3.739482164382935,-6,-7,-7,-39,2,1,16,7,13,21,0,-13,4,8,sil
3.755157709121704,3,7,6,-15,1,9,13,0,4,19,10,6,9,12,sil
3.755157709121704,9,20,13,17,7,9,8,0,4,5,6,7,5,2,sil
3.7707674503326416,11,22,13,29,11,2,-1,3,3,1,5,12,7,5,sil
3.7707674503326416,10,16,8,28,6,-3,-8,4,-6,2,18,24,18,15,sil
3.78595781326294,9,16,15,34,1,-5,-6,-1,-14,0,20,25,19,13,sil
3.78595781326294,8,25,16,42,0,-3,1,-6,-3,5,10,15,16,6,sil
3.80112099647522,5,19,13,39,-5,-1,3,1,3,9,3,9,10,2,sil
3.80112099647522,0,0,4,21,-8,2,2,4,-8,0,0,6,0,-1,sil
3.816916704177856,-5,-5,-4,4,-8,1,2,-9,-20,-4,-1,-2,-4,-8,sil
3.816916704177856,0,0,4,12,-10,-8,-4,-14,-19,-6,-2,0,-7,-9,sil
3.8329508304595934,15,3,11,22,-3,-5,-2,-1,-7,-8,2,13,-10,0,sil
3.8329508304595934,24,7,12,12,10,6,7,4,8,0,12,23,1,14,sil
3.848229169845581,17,3,9,0,9,8,6,4,11,7,8,13,11,15,sil
3.848229169845581,1,-8,-5,-5,-6,0,-1,3,-1,-4,-8,-6,-4,2,sil
3.8643581867218018,-7,-15,-12,-16,-15,-4,-6,0,-9,-17,-17,-13,-22,-9,sil
3.8643581867218018,-9,-15,-9,-19,-7,-5,-1,0,-1,-13,-8,-8,-13,-12,sil
3.8802061080932617,-13,-18,-9,-22,-2,-5,0,5,2,-9,-7,-14,-6,-9,sil
3.8802061080932617,-21,-14,-7,-27,-4,-4,-1,3,0,-4,-16,-25,-13,-11,sil
3.895915985107422,-15,-1,-4,-16,3,2,-2,-7,1,6,-5,-11,-7,-9,sil
3.895915985107422,0,3,2,-7,10,6,-1,-3,11,8,16,13,5,0,sil
3.912266492843628,1,0,-4,-11,3,0,0,1,11,2,10,1,2,0,sil
3.912266492843628,-11,-3,-17,-10,1,0,-2,-5,-1,0,-10,-20,-9,-9,sil
3.927630424499512,-12,-5,-13,-5,3,0,-5,-9,-5,1,-8,-11,-10,-10,sil
3.927630424499512,-4,-7,-11,-9,-6,-8,-11,-5,-1,1,0,-5,-3,-8,sil
3.94277024269104,-4,-1,-5,0,-4,-11,-14,2,-3,-4,-5,-7,0,-3,sil
3.94277024269104,-3,7,1,15,8,-4,0,4,-6,-8,-6,-3,5,6,sil
3.958684921264648,4,8,5,5,4,-1,7,-3,-6,-1,0,1,12,11,sil
3.958684921264648,12,5,9,-2,0,4,3,-2,1,7,3,7,12,13,sil
3.973768949508667,13,5,6,12,8,9,7,6,13,13,4,6,13,15,sil
3.973768949508667,8,8,8,13,8,7,7,9,10,10,8,5,18,13,sil
3.9891841411590576,7,5,9,0,-2,1,0,6,7,12,15,11,23,12,sil
3.9891841411590576,8,0,4,0,-6,-6,-8,0,6,7,11,8,12,8,sil
4.004905700683594,0,1,2,1,-4,-3,-7,-1,-13,-9,-6,-4,-8,-4,sil
4.004905700683594,-7,2,0,2,0,8,9,5,-16,-10,-11,-3,-13,-5,sil
4.0267298221588135,-1,-7,3,3,2,11,26,8,9,10,2,8,0,2,sil
4.0267298221588135,-5,-17,-5,-13,-4,6,16,-1,11,12,0,-1,-2,-4,sil
4.0267298221588135,-17,-17,-19,-27,-14,0,-6,-9,-12,-15,-19,-21,-21,-20,sil
4.035833358764648,-3,-3,-2,-4,-3,1,-5,-1,-11,-19,-15,-1,-17,-13,sil
4.0518553256988525,15,12,11,19,13,8,14,5,11,9,11,18,10,3,sil
4.0518553256988525,6,8,4,13,6,5,9,1,11,7,4,3,3,1,sil
4.067328691482544,-2,-1,-2,5,-2,-5,-10,-5,-7,-21,-13,-1,-16,-9,sil
4.067328691482544,7,1,0,11,0,-12,-7,-6,-8,-12,1,14,-3,-5,sil
4.082716941833496,13,8,7,12,3,-10,0,-2,-3,8,9,14,3,3,sil
4.082716941833496,0,4,0,4,1,-8,-6,-2,-5,0,-5,-2,-8,4,sil
4.097948312759399,-2,0,-3,-1,1,-3,-12,-2,0,0,1,0,1,4,sil
4.097948312759399,1,4,5,1,0,1,-1,3,13,13,20,7,19,8,sil
4.114000082015991,0,6,6,7,-1,0,5,5,14,8,15,6,16,7,sil
4.114000082015991,3,6,2,6,-1,0,-1,3,6,1,7,0,13,6,sil
4.130098342895508,6,6,-2,0,1,3,-2,0,5,5,0,-11,8,4,sil
4.130098342895508,-4,2,1,-8,3,-2,0,0,-2,-6,-18,-15,-10,-4,sil
4.1457130908966064,-14,0,3,-10,-2,-4,-2,0,-12,-21,-21,-16,-18,-14,sil
4.1457130908966064,-5,0,-4,-1,-4,6,-3,0,-10,-14,-4,-18,-11,-10,sil
4.160901784896851,-1,0,0,0,0,8,0,-3,-3,2,2,-8,-9,1,sil
4.160901784896851,-10,-10,-4,-11,-2,0,3,-4,-4,8,6,-2,-3,5,sil
4.176721572875977,-16,-19,-14,-18,-7,-4,2,-3,-5,4,10,0,0,0,sil
4.176721572875977,-3,-11,-5,-9,-5,-2,-3,-3,3,4,12,10,0,-1,sil
4.191771507263184,12,0,3,8,0,-1,-4,-4,7,10,18,13,3,4,sil
4.191771507263184,4,-3,-1,7,4,-4,-7,0,-13,-3,12,2,0,-1,sil
4.207050085067749,-10,-12,-12,-8,-1,-10,-12,0,-24,-26,9,-6,-11,-18,goodbye
4.207050085067749,-4,-7,-11,-10,-7,-5,-8,0,-6,-18,21,-4,-4,-12,goodbye
4.222902297973633,6,0,1,1,-1,3,4,2,2,2,-15,8,9,5,goodbye
4.238896131515503,1,2,3,7,0,0,11,2,0,4,-77,4,8,2,goodbye
4.238896131515503,0,6,6,4,0,0,3,2,9,3,-49,0,8,0,goodbye
4.238896131515503,15,8,14,4,5,17,12,7,26,21,10,10,18,20,goodbye
4.254046678543091,23,7,15,8,5,20,20,8,24,27,6,11,18,28,goodbye
4.254046678543091,7,8,7,1,0,4,8,7,14,12,-1,0,6,9,goodbye
4.269723892211914,-3,9,-3,-4,1,0,5,5,11,8,20,-2,6,1,goodbye
4.269723892211914,0,6,-2,0,3,0,8,1,8,6,19,1,3,3,goodbye
4.28554630279541,0,0,-2,1,1,-2,-3,1,2,-1,0,-1,-9,-7,goodbye
4.300677299499512,0,-2,-1,-1,4,0,-7,0,-3,-5,-1,0,-10,-11,goodbye
4.300677299499512,2,-1,3,2,7,1,0,-3,-10,-12,0,3,-8,-2,goodbye
4.316407442092896,-9,-9,-6,0,0,0,-1,-7,-15,-23,-19,-8,-27,-10,goodbye
4.316407442092896,-18,-11,-9,-4,-5,-5,-8,-5,-23,-23,-40,-18,-39,-21,goodbye
4.316407442092896,-10,2,-2,4,0,-3,-6,-6,-24,-17,-12,-10,-19,-11,goodbye
4.332742214202881,0,6,2,6,4,2,-3,-5,-8,-6,29,1,7,0,goodbye
4.332742214202881,1,2,8,-5,0,0,-5,2,10,7,37,7,20,4,goodbye
4.347788572311401,-4,2,-1,0,-3,-12,-10,0,11,11,26,2,15,0,goodbye
4.363003492355347,-9,2,-6,8,-2,-13,-14,-9,-3,0,12,-7,0,-6,goodbye
4.363003492355347,0,6,7,6,-3,0,-8,-8,-10,-2,3,-5,0,-3,goodbye
4.379981994628906,9,5,12,2,-3,1,2,0,0,4,5,6,13,8,goodbye
4.379981994628906,5,-6,3,-4,-1,-3,10,3,6,3,-2,9,7,8,goodbye
4.394120454788208,0,-13,-8,-13,-4,0,14,2,1,1,-15,-6,-3,0,goodbye
4.394120454788208,10,-1,0,-3,-1,6,11,4,1,8,-5,-3,0,1,goodbye
4.4097113609313965,17,11,14,12,7,11,9,7,13,21,9,12,10,16,goodbye
4.4097113609313965,11,6,6,14,5,7,6,3,15,21,12,12,12,22,goodbye
4.425285577774048,4,-8,0,2,-2,0,1,0,0,4,1,6,2,9,goodbye
4.425285577774048,0,-12,-7,-5,-6,1,7,0,-11,-8,-14,0,-6,-1,goodbye
4.440818548202515,-6,-8,-12,-3,0,5,11,0,-3,-10,-19,-7,-8,0,goodbye
4.440818548202515,-3,-1,-2,1,5,-1,1,-3,4,-8,-11,-3,-5,-1,goodbye
4.457001209259033,1,0,0,-1,-3,-5,-8,0,1,-6,-3,1,0,-4,goodbye
4.457001209259033,-8,-12,-16,-22,-18,-6,-15,3,0,-2,-1,-1,4,-6,goodbye
4.472032070159912,-23,-16,-29,-27,-17,-16,-21,0,-1,-5,-8,-11,-6,-16,goodbye
4.472032070159912,-23,2,-11,-9,-2,-14,-21,0,-3,-13,-14,-13,-19,-21,goodbye
4.487938642501831,-7,18,8,7,7,3,-14,2,9,0,5,-1,-5,-7,goodbye
4.487938642501831,7,15,5,5,13,8,-2,-2,15,15,24,8,17,5,goodbye
4.502965688705444,6,11,5,1,11,2,6,-1,-1,0,6,1,10,0,goodbye
4.503337144851685,2,15,10,8,10,9,14,5,-8,-12,-8,-5,0,-3,goodbye
4.518965244293213,10,17,14,14,11,8,8,1,-3,5,4,3,3,5,goodbye
4.518965244293213,9,11,17,6,8,0,-7,-4,-10,13,13,10,7,6,goodbye
4.534888505935669,-2,-2,6,-7,0,0,-10,-4,-12,2,3,0,1,-3,goodbye
4.534888505935669,-1,-12,2,-15,-5,-3,1,0,-6,0,1,5,0,1,goodbye
4.549901962280273,11,-9,-1,-3,-4,-2,10,0,1,6,10,20,10,16,goodbye
4.549901962280273,11,0,-1,10,4,1,13,-1,10,4,7,12,7,13,goodbye
4.565939664840698,2,3,10,13,10,3,16,1,5,-9,0,1,-11,0,goodbye
4.565939664840698,5,0,11,16,4,4,14,4,0,-13,4,3,-12,0,goodbye
4.581811428070068,2,0,0,14,-1,1,0,1,-2,-8,0,-2,-7,0,goodbye
4.581811428070068,-13,-2,-10,3,-5,-2,-4,0,-12,-8,-19,-25,-20,-11,goodbye
4.597261428833008,-17,-18,-15,-1,-10,1,3,0,-11,-12,-27,-26,-21,-16,goodbye
4.597261428833008,-7,-29,-11,-5,-18,1,1,0,-3,-10,-20,-10,-6,-12,goodbye
4.613102197647095,-10,-24,-15,-12,-25,-9,-8,-7,-6,-3,-18,-15,-8,-10,goodbye
4.613102197647095,-11,-9,-4,-11,-11,-5,-9,-4,-3,9,-12,-14,-9,-2,goodbye
4.628708839416504,0,1,4,0,6,13,0,7,18,27,0,0,10,9,goodbye
4.628708839416504,3,1,-5,0,6,14,6,10,26,27,4,1,16,10,goodbye
4.643670558929443,0,4,-1,-5,6,3,4,7,21,10,10,0,6,9,goodbye
4.643670558929443,8,14,6,5,12,0,6,5,19,9,12,11,13,13,goodbye
4.659248113632202,8,14,0,11,6,-4,6,0,4,8,3,7,12,7,goodbye
4.659248113632202,-2,2,-4,-2,-6,-5,-2,-8,-7,-5,0,-1,-3,-2,goodbye
4.67436408996582,2,0,4,-10,-6,-3,-8,-5,-1,-5,10,7,0,0,goodbye
4.67436408996582,16,13,16,0,3,-4,-5,0,0,2,16,22,16,7,goodbye
4.689972400665283,10,18,13,3,8,-6,-9,-3,-11,-1,20,16,15,3,goodbye
4.689972400665283,2,12,3,-4,3,-6,-18,-8,-23,-16,18,7,3,-3,goodbye
4.705967426300049,7,12,6,0,0,-8,-16,-5,-28,-25,11,6,-4,-9,goodbye
4.705967426300049,5,16,9,5,1,-12,-12,0,-21,-22,10,3,-6,-10,goodbye
4.720993995666504,-5,5,-3,-1,4,-8,-13,0,-5,-5,11,2,0,-4,goodbye
4.720993995666504,-6,-4,-16,-2,2,0,-10,1,11,9,2,0,6,-1,goodbye
4.7367103099823,0,-3,-5,-1,0,-4,-4,2,15,9,-7,-2,4,-1,goodbye
4.7367103099823,-3,-5,0,-12,0,-11,1,0,4,-3,-10,-7,4,-3,goodbye
4.752021074295044,-17,-17,-12,-16,0,0,6,-2,-1,-16,-16,-12,-1,-8,goodbye
4.752021074295044,-20,-23,-7,-14,-6,12,3,0,2,-9,-23,-12,-12,-9,goodbye
4.768005609512329,-10,-19,-6,-13,-14,12,8,4,15,13,-15,-7,-4,0,goodbye
4.768005609512329,0,-13,-6,-2,-11,8,18,2,15,19,-2,0,0,12,goodbye
4.783120155334473,8,-2,10,14,-1,17,21,4,6,11,-1,8,-5,16,goodbye
4.783120155334473,12,0,11,20,8,17,22,9,12,21,0,6,0,14,goodbye
4.798654794692993,7,-11,1,12,9,5,21,6,15,21,-6,-1,1,16,goodbye
4.798654794692993,0,-18,-5,8,2,1,17,0,-1,0,-19,-8,-12,6,goodbye
4.813833713531494,-1,-6,-5,9,-1,1,13,0,-11,-10,-22,-12,-21,-8,goodbye
4.829923629760742,1,6,5,13,1,1,6,4,0,-1,-8,-10,-8,-4,goodbye
4.829923629760742,0,6,4,12,6,1,0,2,3,2,1,-7,2,0,goodbye
4.829923629760742,-8,4,-3,1,0,-4,-3,-2,-15,-8,-6,-8,-10,-10,goodbye
4.845259428024292,-7,13,0,8,-3,-1,-5,-5,-23,-13,-4,-9,-18,-13,goodbye
4.845259428024292,0,21,15,19,9,18,0,-3,-6,5,18,-4,0,-1,goodbye
4.861125230789185,0,15,16,7,18,19,4,0,3,15,19,0,9,-1,goodbye
4.861125230789185,-2,8,0,-5,4,-5,-8,-8,-8,-6,1,-4,0,-13,goodbye
4.877134799957275,0,8,0,-14,-8,-20,-33,-18,-25,-31,11,3,1,-15,goodbye
4.877134799957275,0,0,-3,-30,-12,-22,-38,-11,-20,-24,32,14,9,-5,goodbye
4.892810583114624,2,-2,-9,-29,-15,-27,-31,-1,-8,-10,29,15,10,1,sil
4.892810583114624,11,14,3,-1,-8,-22,-22,1,-3,-7,16,25,11,3,sil
4.908730506896973,9,14,1,2,1,-6,-8,4,5,0,7,25,16,5,sil
4.908730506896973,0,-6,-11,-24,0,0,-2,5,16,0,-6,1,9,5,sil
4.92397665977478,6,-5,-4,-16,-1,1,0,0,20,-3,-10,-5,3,8,sil
4.92397665977478,23,10,13,18,8,4,12,0,24,12,1,16,18,18,sil
4.9400177001953125,25,10,16,16,10,1,12,6,25,29,9,31,30,24,sil
4.9400177001953125,6,-4,-3,-5,-1,-5,5,6,14,20,-2,16,11,13,sil
4.956138849258423,-9,-21,-15,-12,-13,-5,6,-3,0,-2,-22,-7,-12,-2,sil
4.956138849258423,-11,-22,-8,-3,-10,0,8,-2,0,-5,-23,-23,-16,-6,sil
4.972240924835205,-13,-18,-13,0,0,2,6,6,-1,0,-12,-25,-10,-3,sil
4.972240924835205,-23,-26,-16,-5,-2,7,12,10,0,3,-6,-19,-7,-7,sil
4.987901926040649,-17,-25,-10,1,-3,12,25,9,12,15,-1,-16,-3,-5,sil
4.987901926040649,1,-6,2,19,7,15,23,8,12,28,1,-7,0,7,sil
5.003020286560059,0,-3,4,17,10,14,9,1,-3,22,-6,-6,-7,8,sil
5.018206357955933,-17,-13,-4,7,1,6,0,-8,-16,0,-12,-20,-22,-2,sil
5.018206357955933,-14,0,4,6,3,4,2,-11,-19,-12,-4,-14,-20,-11,sil
5.033903360366821,-6,15,7,7,8,12,6,-6,-12,-10,0,0,-9,-15,sil
5.033903360366821,-9,8,2,1,0,8,-1,0,-9,-9,-2,-6,-9,-13,sil
5.033903360366821,-4,10,9,0,0,1,-4,2,-8,-3,0,-6,-8,-3,sil
5.050357341766357,9,22,14,4,10,1,0,0,-3,4,10,9,0,0,sil
5.050357341766357,14,26,14,6,9,-5,-5,0,-4,-2,10,17,1,-5,sil
5.066361904144287,12,24,10,2,3,-11,-8,0,-9,-16,4,9,1,-4,sil
5.066361904144287,14,17,6,-4,0,-9,-4,0,-7,-18,2,10,0,2,sil
5.081995964050293,15,8,6,-7,-5,-8,-9,-2,-7,-24,0,16,0,1,sil
5.081995964050293,17,2,4,0,-7,-10,-16,-7,-8,-32,0,12,4,-5,sil
5.097754955291748,21,5,12,1,2,-5,-16,-5,0,-21,10,19,14,1,sil
5.097754955291748,17,5,6,0,4,-5,-12,-2,9,0,17,25,20,14,sil
5.112671375274658,0,-11,-14,-8,-11,-14,-13,-2,8,9,7,3,15,10,sil
5.112671375274658,-13,-26,-21,-19,-18,-12,-11,-1,5,2,-10,-12,3,-2,sil
5.128894805908203,-11,-20,-20,-16,-9,-3,-2,-4,0,-1,-19,-10,-1,-6,sil
5.128894805908203,-4,-10,-12,-7,0,-2,0,0,-1,0,-7,-5,4,4,sil
5.142814874649048,-8,-8,-11,-3,2,1,2,10,13,12,11,-8,11,10,sil
5.158479928970337,-17,-5,-10,-3,2,9,8,11,23,24,7,-9,3,0,sil
5.158479928970337,-15,-1,0,-1,0,10,9,3,9,20,-8,-5,-7,-3,sil
5.1736390590667725,-4,-2,0,2,-5,4,12,0,2,12,-4,-3,-3,5,sil
5.1736390590667725,-5,-2,-4,0,-2,-1,12,-1,4,13,5,-8,1,0,sil
5.188793420791626,-10,0,-1,-1,0,0,6,0,0,17,2,-9,0,-4,sil
5.188793420791626,0,-1,3,3,1,2,2,4,0,11,0,2,4,12,sil
5.204112529754639,10,0,10,9,-1,0,0,9,4,4,2,9,11,22,sil
5.204112529754639,9,-2,3,10,-2,5,4,6,8,10,7,0,10,8,sil
5.219634771347046,6,-1,0,8,4,15,14,1,5,13,8,-1,3,0,sil
5.219634771347046,6,11,11,14,14,15,20,0,6,2,8,6,-5,0,sil
5.235100269317627,5,17,15,18,13,4,10,0,6,-8,4,4,-12,-9,sil
5.235100269317627,2,9,9,7,3,0,-3,0,-2,-9,-4,2,-14,-16,sil
5.25062108039856,1,9,6,0,1,1,-4,-5,-10,-9,-8,2,-15,-11,sil
5.25062108039856,0,9,5,-2,5,0,-4,-12,-13,-18,-4,-4,-18,-11,sil
5.26575493812561,-2,-4,-4,-9,0,-2,-8,-10,-20,-28,-11,-12,-22,-15,sil
5.26575493812561,-10,-14,-17,-11,-7,-2,-9,-12,-27,-27,-28,-14,-18,-15,sil
5.280918836593628,-12,-10,-12,-10,-3,0,-7,-11,-25,-20,-29,-8,-8,-8,sil
5.280918836593628,-3,-6,-6,-6,3,0,-3,0,-13,-9,-8,0,0,3,sil
5.2961015701293945,1,-2,1,0,0,-6,-5,9,0,0,8,6,1,11,sil
5.2961015701293945,0,-2,1,-3,-6,-5,-6,7,2,0,0,1,3,4,sil
5.312285423278809,-3,-7,-11,-12,-5,0,-3,3,-3,-8,-16,-6,6,-3,sil
5.312285423278809,-3,-5,-6,-2,0,-1,-4,0,-7,-12,-11,-1,0,-1,sil
5.327910900115967,0,0,5,4,-5,-11,-10,0,2,0,6,4,0,3,sil
5.327910900115967,8,1,9,-5,-11,-15,-10,2,19,11,20,14,23,8,sil
5.343059301376343,13,5,5,0,-3,-9,-2,2,26,18,24,17,30,9,sil
5.343059301376343,10,11,1,14,4,-4,2,0,23,23,20,9,17,3,sil
5.35870099067688,8,12,10,13,4,-3,4,0,17,20,15,7,12,2,sil
5.35870099067688,5,12,5,6,2,-3,7,0,12,14,14,7,13,3,sil
5.373872756958008,9,15,3,10,6,0,8,3,8,14,17,5,9,8,sil
5.373872756958008,15,16,19,8,10,9,4,3,4,15,22,14,9,14,sil
5.389600992202759,0,0,7,-7,1,6,-2,-6,-10,0,12,6,1,1,sil
5.389600992202759,-15,-10,-12,-15,-8,-6,-7,-6,-27,-18,-8,-14,-13,-11,sil
5.404222965240479,-6,-1,-6,1,0,0,3,1,-16,-12,-3,-10,-5,1,sil
5.420044898986816,1,-4,-1,1,2,16,11,3,-1,0,7,0,2,13,sil
5.420044898986816,-9,-14,-5,-11,-10,14,3,2,-4,0,-6,-6,-11,0,sil
5.435601711273193,-10,-2,-1,0,-4,3,0,1,-1,0,-9,-7,-9,-4,sil
5.435601711273193,-5,0,1,0,6,2,2,2,3,0,-1,0,-1,0,sil
5.45104718208313,-12,-19,-15,-21,-4,3,1,0,-7,-13,-18,-11,-19,-15,sil
5.45104718208313,-15,-22,-18,-13,-13,1,-2,-8,-21,-25,-39,-23,-36,-27,sil
5.467121362686157,-7,-4,0,5,1,7,1,-3,-12,-18,-32,-12,-24,-11,sil
5.467121362686157,-1,0,-5,2,12,16,10,5,9,1,-18,-7,-8,-1,sil
5.483813524246216,-2,-5,-8,0,3,8,1,3,8,7,-15,-7,-7,-9,sil
5.483813524246216,-7,-5,2,5,-2,-4,-5,-5,-4,0,-13,-2,-6,-7,sil
5.483813524246216,-5,-1,-1,2,3,-3,5,-6,5,2,-3,0,3,5,sil
5.497918367385864,3,-2,-4,0,4,3,11,7,28,21,4,0,15,7,sil
5.513980150222778,9,0,1,9,-1,3,3,13,35,32,9,2,24,6,sil
5.513980150222778,12,7,12,15,2,2,4,4,27,21,7,7,20,16,sil
5.529114007949829,12,12,8,10,11,-3,6,-3,14,2,5,8,10,15,sil
5.529114007949829,11,12,0,7,9,-20,-3,-3,7,-1,18,5,12,0,sil
5.544654369354248,15,17,7,5,0,-23,-15,-2,2,2,28,12,14,-3,sil
5.544654369354248,15,11,5,-2,-10,-15,-15,-6,-10,-6,15,14,8,4,sil
5.559920787811279,10,6,5,0,-6,-14,-9,-4,-21,-17,6,10,3,6,sil
5.559920787811279,14,15,13,11,7,-5,-3,4,-12,-5,17,16,6,8,sil
5.575623512268066,8,8,1,-1,1,-5,-7,2,-9,0,19,10,3,3,sil
5.575623512268066,-13,-6,-4,-25,-21,-14,-14,-4,-20,-13,7,0,0,-3,sil
5.591726303100586,-15,0,1,-18,-19,-6,-5,-10,-20,-11,3,0,0,-1,sil
5.591726303100586,-2,0,3,-9,0,3,0,-10,-23,-7,1,4,-11,-2,sil
5.6077024936676025,-3,-7,3,-16,0,0,-5,-1,-32,-23,-4,-1,-20,-12,sil
5.6077024936676025,-9,-4,4,-14,-7,0,-6,0,-22,-24,-4,-1,-8,-10,sil
5.622874736785889,-10,-3,6,-5,0,9,-5,-2,-5,-2,1,0,0,-5,sil
5.622874736785889,-8,-4,1,1,8,26,0,3,2,8,4,-7,-3,-2,sil
5.638936758041382,-5,0,-1,5,4,27,15,9,11,5,-3,-10,-3,2,sil
5.638936758041382,-7,-11,-13,1,0,10,14,1,10,1,-20,-14,-12,-3,sil
5.6546125411987305,-12,-23,-27,2,1,2,3,-1,0,0,-26,-23,-24,-15,sil
5.6546125411987305,-10,-9,-10,13,10,14,6,8,1,2,-18,-16,-17,-11,sil
5.6706273555755615,-1,4,0,18,13,16,17,10,15,10,-13,-6,-7,0,sil
5.6706273555755615,1,1,-2,13,11,0,13,0,22,13,-15,-5,-7,0,sil
5.686674356460571,-2,0,-1,12,6,-6,3,-1,17,9,-9,-1,0,-1,sil
5.686674356460571,-1,1,-2,12,1,0,3,4,12,11,0,2,13,6,sil
5.702682256698608,13,3,5,9,3,1,3,6,18,23,7,8,18,25,sil
5.703062295913696,20,5,9,10,0,0,2,2,25,27,10,10,24,22,sil
5.718740701675415,1,0,-8,7,-9,-3,0,0,14,10,-7,-5,13,0,sil
5.718740701675415,-9,-6,-13,-4,-9,-4,4,1,5,-4,-34,-15,-7,-2,sil
5.733986854553223,5,-4,-2,-11,-2,-4,4,3,17,1,-16,0,6,7,sil
5.733986854553223,22,-1,9,-9,-5,-8,-4,1,18,8,27,26,36,12,sil
5.7500059604644775,23,1,10,-12,-8,-15,-3,-6,0,2,37,28,32,16,sil
5.7500059604644775,18,4,8,-20,-10,-20,-3,-10,-12,-13,25,18,15,13,sil
5.765150785446167,9,5,7,-20,-11,-19,-19,-3,-21,-26,25,13,6,-4,sil
5.765150785446167,-5,4,-3,-15,-7,-15,-31,-8,-32,-26,16,2,-4,-19,sil
5.780853748321533,-11,3,-8,-17,-6,-13,-31,-14,-32,-23,0,-4,-21,-22,sil
5.780853748321533,-7,10,1,-4,-1,-2,-22,-5,-21,-15,4,-3,-23,-16,sil
5.7966954708099365,-3,18,11,18,8,8,-3,0,-18,-7,9,-3,-15,-5,sil
5.7966954708099365,-4,14,19,25,5,15,7,0,-24,-5,-3,-3,-12,0,sil
5.811742782592773,-8,3,3,17,3,24,14,-4,-17,2,-8,-7,-13,0,sil
5.811742782592773,-18,-2,-6,13,13,27,17,-2,-5,9,-12,-18,-19,-4,sil
5.8276355266571045,-23,-6,-4,11,14,14,17,1,-1,2,-18,-22,-22,-9,sil
5.8276355266571045,-12,-12,-8,0,6,1,13,1,7,3,-8,-14,-8,-6,sil
5.842923164367676,-2,-10,-12,-12,1,1,7,7,22,12,3,-3,4,0,sil
5.842923164367676,-5,-5,-10,-7,-3,1,6,15,20,5,0,-1,0,-4,sil
5.857948303222656,-4,-5,-3,-1,-1,0,8,10,10,-5,-10,-2,-8,-10,sil
5.857948303222656,8,-5,0,-10,5,0,6,0,9,2,-8,1,1,1,sil
5.873473644256592,11,-9,0,-10,0,0,0,3,13,16,-2,7,14,15,sil
5.873473644256592,2,-10,4,0,-7,-3,-1,8,14,10,0,13,13,9,sil
5.88915491104126,3,-1,1,2,1,-1,3,1,14,3,1,9,8,2,sil
5.88915491104126,10,5,2,0,9,2,5,-1,6,2,0,3,5,6,sil
5.904602527618408,4,0,0,0,3,1,1,-2,-2,-5,-12,-2,0,3,sil
5.904602527618408,-3,-2,-8,-2,-6,-8,-4,-8,-3,-13,-22,-5,-5,0,sil
5.920190572738648,4,7,4,2,-11,-14,-8,-4,-5,-6,-4,9,3,8,sil
5.920190572738648,20,11,13,12,-2,-7,-2,5,-2,8,25,24,27,22,sil
5.935346841812134,15,3,9,6,5,2,0,6,13,17,28,17,32,22,sil
5.935346841812134,3,8,10,2,4,4,-6,1,16,10,8,1,15,5,sil
5.951064348220825,5,12,4,11,1,-2,-7,-9,-11,-4,-3,-5,2,-12,sil
5.951064348220825,7,2,0,5,0,-9,-9,-12,-30,-12,-3,-3,-3,-9,sil
5.966970682144165,-1,-5,-4,-11,-10,-11,-10,-3,-18,-6,4,-2,-3,0,sil
5.966970682144165,-5,-5,-1,-13,-16,-11,-10,-2,-12,-9,0,-8,-8,-9,sil
5.98252534866333,-8,-3,-2,-7,-10,-5,-6,-8,-16,-16,-11,-15,-18,-21,sil
5.98252534866333,-12,-6,-14,-8,-3,0,1,-8,-1,-6,-4,-11,-14,-10,sil
5.997646808624268,-6,-10,-6,-6,0,2,0,-2,9,6,6,1,-4,0,sil
5.997646808624268,-4,-8,2,2,0,10,-4,0,4,4,9,5,-5,-5,sil
6.012776136398315,-14,4,-3,7,2,14,-1,0,0,-3,11,1,-6,-7,sil
6.012776136398315,-12,14,0,7,6,16,6,9,-1,-6,9,1,1,0,sil
6.035666465759277,0,3,1,10,4,12,11,12,7,2,2,-2,3,4,sil
6.035666465759277,-1,-4,-4,3,3,1,4,7,17,13,3,-2,-7,5,sil
6.035666465759277,-10,0,-4,-1,6,2,0,4,10,9,-4,-3,-13,1,sil
6.0447657108306885,-6,1,-2,0,5,3,0,-1,-2,-7,-24,-13,-14,-7,sil
6.060340642929077,0,-2,-3,-6,0,-6,-3,-4,-7,-13,-21,-11,-18,-12,sil
6.060340642929077,5,0,-4,-5,2,-9,-4,0,-5,-2,-2,2,-12,-5,sil
6.075925350189209,16,8,10,13,8,-2,7,3,0,6,-2,8,0,6,sil
6.075925350189209,17,6,19,17,6,5,20,6,13,14,-1,4,11,15,sil
6.091032981872559,2,-5,-1,-3,1,17,23,8,22,19,5,2,16,12,goodbye
6.091032981872559,-7,-8,-14,-16,1,16,18,6,10,10,-2,-1,8,1,goodbye
6.10675048828125,-3,-2,-5,-6,0,-2,14,0,0,6,-6,-8,6,2,goodbye
6.10675048828125,4,-2,5,-1,0,-7,6,0,2,12,6,0,19,11,goodbye
6.121795654296875,2,-5,-1,-8,6,3,0,-2,1,6,3,5,20,4,goodbye
6.121795654296875,-4,-4,-9,-12,3,-1,-5,-6,-8,-5,-11,-4,2,-9,goodbye
6.136966228485107,-5,-3,-1,-8,-9,-9,-16,-8,-14,-14,-8,-9,-1,-10,goodbye
6.152432918548584,3,-3,1,-5,-15,-10,-19,-8,-8,-15,3,3,10,-2,goodbye
6.152432918548584,12,0,5,-9,-11,-19,-17,-3,0,-6,11,20,14,3,goodbye
6.167735576629639,11,2,7,-9,-13,-23,-14,-1,-4,-2,12,23,9,8,goodbye
6.167735576629639,1,-1,-2,-2,-16,-16,-13,-9,-17,-15,5,4,0,0,goodbye
6.182939052581787,-5,0,-2,2,-5,-10,-15,-8,-16,-17,4,-2,-7,-6,goodbye
6.182939052581787,-5,10,4,10,6,-8,-14,0,-1,-1,13,2,-5,0,goodbye
6.199043273925781,0,11,15,21,7,0,-15,2,1,0,17,12,-5,6,goodbye
6.199043273925781,10,13,25,31,9,13,-4,4,6,1,13,18,-8,6,goodbye
6.215082168579102,14,25,19,37,15,20,13,3,21,14,16,15,-1,7,goodbye
6.215082168579102,6,21,10,26,10,12,12,2,14,11,17,6,0,7,goodbye
6.230701684951782,-1,-1,-4,5,-1,6,2,1,-6,-7,0,-4,-8,-5,goodbye
6.230701684951782,-6,-13,-10,0,-7,6,8,0,-8,-9,-21,-16,-14,-16,goodbye
6.246621370315552,-6,-4,-1,9,-1,8,18,4,8,7,-13,-14,-1,-6,goodbye
6.246621370315552,-1,-1,-3,6,1,10,16,10,15,12,-3,-3,5,7,goodbye
6.261788606643677,-2,-11,-11,-8,-5,8,7,6,2,-1,-17,-3,-6,0,goodbye
6.261788606643677,-12,-20,-17,-16,-11,3,6,-2,-9,-12,-23,-17,-17,-16,goodbye
6.277459383010864,-17,-18,-15,-16,-5,-4,1,-7,-13,-14,-11,-19,-16,-15,goodbye
6.277459383010864,-3,-2,-2,-10,2,-3,-6,-5,-16,-6,-1,-2,-7,-1,goodbye
6.292888402938843,9,2,1,-3,0,0,-2,0,-8,6,0,3,9,4,goodbye
6.292888402938843,-3,-14,-10,-15,-3,-1,0,2,3,5,-13,-7,4,1,goodbye
6.308284997940064,-26,-26,-27,-34,-2,-9,-3,-2,0,-7,-39,-29,-18,-5,goodbye
6.308284997940064,-26,-12,-25,-34,1,-9,-9,-6,-13,-10,-35,-33,-20,-11,goodbye
6.323546409606934,-8,3,-5,-23,9,2,-11,2,-4,0,-2,-9,0,-4,goodbye
6.323546409606934,8,1,-5,-21,8,8,-1,7,14,13,7,-3,8,1,goodbye
6.339645385742188,1,-1,-10,-23,4,5,9,4,21,16,-7,-17,2,1,goodbye
6.339645385742188,-9,6,-8,-11,4,1,9,0,20,12,-5,-16,5,3,goodbye
6.3557116985321045,4,14,2,-4,8,-2,2,-4,13,13,20,7,16,10,goodbye
6.3557116985321045,25,15,19,-1,12,1,4,0,8,17,40,31,30,14,goodbye
6.370852947235107,19,19,21,14,8,7,6,3,7,14,40,39,34,10,goodbye
6.370852947235107,3,16,16,25,-2,-2,-5,-3,-7,0,23,30,13,0,goodbye
6.386855125427246,8,6,22,30,-6,-13,-10,-9,-14,-10,14,24,-1,-4,goodbye
6.386855125427246,23,10,35,51,0,-14,-1,-4,-2,-5,27,29,9,6,goodbye
6.402982711791992,18,14,38,60,-5,-13,-1,2,-2,-10,23,26,5,10,goodbye
6.402982711791992,5,1,16,37,-14,-7,-1,3,-1,-11,4,15,-8,4,goodbye
6.419095516204834,4,-5,11,16,-10,-1,2,1,9,6,7,15,0,7,goodbye
6.419095516204834,2,-2,7,9,-2,-2,3,0,5,10,13,8,9,7,goodbye
6.434890270233154,-2,-1,-6,4,0,-3,-3,0,-9,-11,-2,-1,-2,0,goodbye
6.434890270233154,2,4,-4,7,6,7,-7,0,-11,-20,-19,-2,-14,0,goodbye
6.450326204299927,3,7,-7,5,5,17,6,-1,-4,-1,-19,-11,-8,0,goodbye
6.450326204299927,-4,-8,-17,-18,-1,10,10,0,-1,8,-18,-19,-2,-3,goodbye
6.466196298599243,-13,-23,-24,-41,-10,0,-2,3,-6,0,-24,-18,-7,-3,goodbye
6.466196298599243,-19,-23,-29,-34,-15,0,-6,-1,-13,-4,-32,-23,-15,-2,goodbye
6.481888294219971,-14,-8,-14,-18,-12,2,-1,-3,-11,-3,-27,-18,-13,0,goodbye
6.481888294219971,-2,3,-6,-11,-4,2,-2,0,-4,-7,-10,-12,-6,-4,goodbye
6.497535705566406,-5,0,-11,-12,0,3,-9,0,-6,-17,-6,-14,-13,-15,goodbye
6.497535705566406,-12,-6,-5,-6,0,0,-12,-9,-17,-21,-8,-13,-24,-22,goodbye
6.512977600097656,-1,1,5,7,11,0,-3,-10,-12,-9,0,-7,-14,-15,goodbye
6.512977600097656,3,5,13,9,24,14,8,5,12,8,10,0,3,-2,goodbye
6.528972387313843,-6,-5,2,-6,12,10,7,11,23,6,0,-2,3,-1,goodbye
6.528972387313843,-9,-9,-9,-22,-4,-15,-1,0,10,-6,-9,-4,0,-1,goodbye
6.5441200733184814,6,0,-7,-14,-2,-14,6,2,14,7,2,1,15,6,goodbye
6.5441200733184814,2,0,-13,-4,0,0,10,5,21,19,13,4,21,7,goodbye
6.5597145557403564,-19,-12,-15,-17,-7,-4,-6,-2,2,0,8,0,3,-4,goodbye
6.5597145557403564,-15,-15,-7,-22,-10,-9,-13,-7,-9,-7,2,-2,-2,-7,goodbye
6.575766086578369,3,0,4,3,0,-10,-7,-2,0,5,4,1,7,0,goodbye
6.575766086578369,13,19,17,23,7,-6,2,6,12,19,18,11,14,8,goodbye
6.590956449508667,18,14,19,12,10,5,14,10,22,32,37,17,16,16,goodbye
6.590956449508667,13,3,13,5,13,9,6,1,8,21,21,14,10,10,goodbye
6.606140375137329,9,13,5,28,13,3,-2,-4,-9,0,-3,10,0,2,goodbye
6.606140375137329,18,23,10,37,19,6,7,0,0,8,6,15,4,9,goodbye
6.622274875640869,14,10,13,9,11,7,5,-1,6,22,15,11,4,11,goodbye
6.622274875640869,1,0,2,-4,-7,6,5,-4,-4,9,-2,0,-3,7,goodbye
6.637943267822266,4,2,9,11,7,10,22,8,-6,-13,-8,5,8,17,goodbye
6.637943267822266,1,1,13,19,2,3,17,8,-4,-24,-8,3,14,8,goodbye
6.654086589813232,-3,0,0,1,-62,-14,-13,-10,-17,-36,-17,-9,-10,-19,goodbye
6.654086589813232,0,2,-3,-15,-63,-13,-22,-12,-24,-40,-12,-3,-20,-16,goodbye
6.670110702514648,-10,-8,-7,-14,4,0,-12,-2,-14,-7,-13,-2,-12,-4,goodbye
6.670110702514648,-23,-19,-11,-9,4,0,-12,-4,-15,12,-33,-19,-27,-19,goodbye
6.686211109161377,-12,-12,-9,-12,-14,-8,-17,-7,-28,-20,-31,-19,-31,-23,goodbye
6.686211109161377,-1,-12,-10,-20,13,-10,-15,0,-20,-33,-3,-3,-9,-1,goodbye
6.701791048049927,3,-5,0,-5,26,1,0,9,11,5,17,5,0,10,goodbye
6.701791048049927,5,11,1,16,14,11,17,4,25,25,14,1,-3,2,goodbye
6.7169928550720215,-7,7,-4,7,8,1,15,0,15,12,0,-4,1,0,goodbye
6.7169928550720215,-7,-4,-2,-2,2,-2,8,7,17,17,6,3,12,6,goodbye
6.733030080795288,4,-5,2,6,0,3,8,6,21,15,19,12,9,8,goodbye
6.733030080795288,-4,-7,-2,-1,-2,3,1,-1,5,-3,2,4,0,2,goodbye
6.748166084289551,-10,-7,-8,-11,-9,0,-2,0,3,-4,-7,-8,4,0,goodbye
6.748166084289551,8,3,-1,4,0,8,3,0,15,11,1,-4,15,-2,goodbye
6.764015436172485,8,4,0,8,7,8,5,-4,12,14,3,-1,14,-2,goodbye
6.764015436172485,-8,-3,-6,-2,7,-4,-4,-3,0,2,2,-10,9,0,goodbye
6.780024528503418,-5,0,0,0,10,-3,-9,6,4,-2,7,-5,12,2,goodbye
6.780024528503418,-2,4,0,0,7,3,-5,7,15,11,9,3,22,2,goodbye
6.79541802406311,-5,0,-4,-5,1,1,-4,0,14,19,5,2,16,0,goodbye
6.79541802406311,10,7,5,6,1,5,-2,-1,1,6,0,1,-2,-1,goodbye
6.8110551834106445,17,5,3,4,-9,1,-3,-3,-21,-16,-6,0,-17,-6,goodbye
6.8110551834106445,0,-13,-7,-27,-24,-17,-12,-9,-34,-32,-16,-1,-20,-12,goodbye
6.826917886734009,7,-5,-5,-25,-18,-17,-4,-5,-18,-23,-7,9,-6,-3,sil
6.826917886734009,29,17,12,4,-4,-8,4,2,-6,-9,9,24,0,11,sil
6.84183144569397,17,12,15,3,-7,-16,-4,0,-15,-16,7,18,-13,9,sil
6.84183144569397,-1,1,3,-1,-6,-18,-11,-8,-9,-17,4,6,-11,3,sil
6.857874155044556,-3,8,7,6,2,-6,-6,-2,-3,0,10,6,3,0,sil
6.857874155044556,-5,2,3,4,4,-1,-1,2,-14,4,8,1,5,-3,sil
6.873160600662232,-8,-4,0,6,3,2,8,4,-8,5,5,-5,5,1,sil
6.873160600662232,-2,8,10,25,16,17,19,8,9,18,12,-1,6,13,sil
6.888752937316895,2,11,7,24,23,24,21,8,10,26,9,-1,0,6,sil
6.888752937316895,-1,-3,0,7,14,25,16,5,7,16,-7,-10,-5,-4,sil
6.904703855514526,-12,-3,-4,8,7,25,15,3,13,14,-14,-16,-9,-8,sil
6.904703855514526,-16,-2,-10,6,11,21,14,-1,12,20,-18,-14,-15,-9,sil
6.920264959335327,-15,-16,-12,-15,5,9,3,-4,1,1,-28,-18,-20,-10,sil
6.920264959335327,-14,-21,-22,-24,-6,-3,-4,-2,0,-19,-25,-25,-12,-8,sil
6.936192989349365,-11,-10,-19,-21,-8,-5,-1,0,7,-14,-15,-13,0,-4,sil
6.936192989349365,-9,-6,-7,-18,-10,-3,-2,-3,6,-8,-11,-4,4,-4,sil
6.951761245727539,-4,0,0,-11,-16,-14,-16,-8,-6,-18,-2,-2,0,-7,sil
6.951761245727539,9,7,8,-2,-6,-17,-18,-9,-9,-17,6,4,-1,-8,sil
6.967167854309082,10,1,4,0,0,-3,-8,-4,2,1,3,6,2,0,sil
6.967167854309082,0,-6,0,2,-10,-4,-7,4,9,14,1,9,5,9,sil
6.982813596725464,6,0,5,8,-10,-8,-5,9,8,13,9,18,9,10,sil
6.982813596725464,25,16,14,16,5,-5,4,5,8,10,20,21,18,12,sil
6.997935771942139,25,21,24,22,11,-3,9,4,12,18,28,22,29,20,sil
6.997935771942139,9,7,8,18,1,0,7,5,16,24,16,17,23,16,sil
7.01288914680481,-1,-10,-6,0,-8,-2,0,3,2,4,-4,1,0,5,sil
7.01288914680481,-4,-12,-4,-7,-8,-13,-13,-2,-17,-11,-2,-3,-6,-1,sil
7.028170347213745,1,0,1,2,0,-10,-14,-7,-17,-8,4,0,0,-4,sil
7.028170347213745,9,10,6,7,3,6,-3,0,-6,-10,-1,1,-2,-1,sil
7.04377293586731,0,1,-4,-5,0,9,7,3,-4,-16,-9,-2,-14,3,sil
7.04377293586731,-11,-16,-13,-24,-3,0,6,-4,-15,-19,-12,-8,-15,-5,sil
7.06090259552002,-10,-12,-10,-16,0,0,1,-8,-19,-23,-10,-8,-5,-15,sil
7.06090259552002,-3,5,-9,0,8,2,-1,-2,-8,-14,-3,-5,1,-6,sil
7.074032068252564,-2,0,-7,-4,4,3,0,8,1,0,3,0,5,0,sil
7.089947462081909,0,-6,-5,-10,0,4,3,10,13,11,13,7,12,3,sil
7.089947462081909,7,7,2,0,2,2,0,0,21,14,17,10,13,6,sil
7.104960680007935,6,12,6,1,3,1,-6,-4,6,1,10,3,2,0,sil
7.104960680007935,-4,-2,-4,-3,2,1,-5,-4,-14,-7,10,-8,-1,-8,sil
7.120598793029785,-7,1,0,-1,2,-1,0,-3,-11,2,13,-3,0,-4,sil
7.120598793029785,-1,14,8,1,-3,-6,2,-5,0,2,5,0,-7,-1,sil
7.135816812515259,-11,6,1,1,-5,-6,-6,-3,-1,-11,-4,-6,-15,-13,sil
7.135816812515259,-15,5,4,7,6,3,-3,0,1,1,-5,-8,-9,-14,sil
7.151059865951538,6,17,16,17,16,9,9,3,12,23,0,1,0,2,sil
7.151059865951538,13,12,9,17,8,4,5,1,4,12,0,0,-6,4,sil
7.1669535636901855,0,0,-1,13,2,2,1,1,-11,-4,-9,-9,-15,-11,sil
7.1669535636901855,5,0,7,11,7,8,14,2,-7,0,-17,-10,-11,-8,sil
7.181982517242432,12,-5,10,3,6,13,12,0,0,8,-17,-8,-11,7,sil
7.181982517242432,-4,-15,-3,-7,-8,11,1,0,0,9,-23,-12,-14,7,sil
7.197690725326538,-15,-18,-4,-13,-17,3,2,5,8,6,-24,-8,-3,4,sil
7.197690725326538,-10,-21,-5,-9,-13,0,4,0,18,6,-10,0,8,9,sil
7.212852239608765,-14,-23,-11,-3,-10,4,8,-3,14,14,-7,-2,6,7,sil
7.212852239608765,-19,-23,-12,-9,-7,5,11,2,7,14,-14,-8,3,1,sil
7.227907419204712,-5,-21,-21,-21,-8,-14,0,5,0,-1,-11,-3,5,4,sil
7.227907419204712,5,-11,-13,-18,-9,-28,-11,0,-5,-16,-1,10,9,11,sil
7.243898630142212,5,0,-2,-6,-1,-16,0,0,5,-10,6,11,18,12,sil
7.243898630142212,7,0,-8,-9,0,-8,-3,0,8,-6,11,8,17,5,sil
7.259946346282959,10,6,-4,-12,-4,-8,-15,-1,0,-8,10,10,5,-5,sil
7.259946346282959,9,17,3,0,4,1,-8,-1,3,-4,19,10,6,-6,sil
7.275776863098144,8,23,6,8,16,0,-7,0,0,-8,26,18,10,0,sil
7.275776863098144,14,24,7,13,0,-16,-22,-3,-15,-19,19,21,4,-3,sil
7.291985034942627,19,18,8,18,-9,-16,-20,-6,-18,-17,13,8,2,-3,sil
7.291985034942627,14,13,16,17,7,0,-8,1,-8,-6,21,8,5,0,sil
7.3079588413238525,4,14,15,17,16,9,-2,4,0,0,26,15,6,-1,sil
7.3079588413238525,4,18,12,19,11,5,0,-1,4,6,20,8,6,0,sil
7.322831869125366,8,21,15,24,12,5,5,-5,2,13,15,3,4,9,sil
7.322831869125366,2,14,15,22,10,11,5,-4,-9,4,6,4,-1,2,sil
7.338344812393188,-8,-4,7,10,-2,15,1,-3,-25,-13,-11,-7,-16,-12,sil
7.338344812393188,-17,-15,-9,0,-10,10,3,-4,-24,-14,-22,-21,-27,-15,sil
7.353672981262207,-15,-13,-6,-3,-6,7,9,-5,-12,-3,-18,-16,-20,-8,sil
7.353672981262207,-5,-14,6,-4,-2,14,15,4,-1,5,-14,-6,-7,0,sil
7.369178295135498,-5,-15,-1,-2,-5,12,17,11,10,15,-16,-15,-9,3,sil
7.369178295135498,-20,-14,-13,-6,-4,0,9,0,12,12,-23,-27,-19,-10,sil
7.384828090667725,-20,-21,-20,-16,-3,-3,7,-5,4,3,-30,-25,-15,-19,sil
7.384828090667725,-7,-23,-14,-22,-6,-1,13,3,2,5,-25,-15,-4,-5,sil
7.4009246826171875,-8,-11,-8,-17,-5,-1,13,11,7,12,-12,-15,-1,2,sil
7.4009246826171875,-5,-6,-13,-13,-1,-3,11,11,20,15,-4,-12,2,5,sil
7.416636228561401,9,-11,-7,-25,-5,-7,6,14,32,19,2,7,15,18,sil
7.416636228561401,9,-6,-2,-29,-6,-7,-3,10,31,20,15,17,23,23,sil
7.432159900665283,3,6,-6,-13,4,-8,-15,0,23,13,25,18,24,19,sil
7.432159900665283,12,16,-1,-1,10,-11,-16,-1,22,8,27,27,28,18,sil
7.447631120681763,16,14,-2,-5,8,-11,-17,-7,8,-1,20,18,23,4,sil
7.447631120681763,1,5,-9,-14,6,-10,-26,-12,-17,-21,0,-2,1,-13,sil
7.462877511978149,-10,0,-13,-20,0,-9,-19,-9,-24,-30,-15,-10,-9,-18,sil
7.462877511978149,-10,3,-4,-17,0,1,0,-8,-17,-24,-11,-9,-10,-17,sil
7.478163957595825,1,20,14,7,15,19,7,-5,-15,-17,0,0,-13,-11,sil
7.478163957595825,14,32,24,46,28,20,1,-2,-17,-6,0,8,-13,-2,sil
7.494090795516968,10,19,28,53,11,2,-9,-4,-26,-8,-5,1,-16,-4,sil
7.494090795516968,-5,-2,17,33,-13,-8,-11,-11,-41,-26,-11,-11,-23,-15,sil
7.508995056152344,-14,-10,6,24,-18,1,6,-9,-38,-22,-11,-12,-20,-13,sil
7.508995056152344,-8,-11,8,27,-9,23,33,4,-10,5,-9,-1,-7,6,sil
7.52463698387146,0,-17,0,21,-12,16,30,8,9,16,-9,1,2,17,sil
7.52463698387146,4,-18,0,1,-22,-9,1,5,6,1,-6,4,3,9,sil
7.540669918060303,5,-4,5,-6,-19,-10,-3,7,8,-1,5,7,6,8,sil
7.540669918060303,9,2,1,0,-7,-3,5,3,20,10,18,10,12,12,sil
7.554909229278564,11,-2,4,1,0,-13,-5,5,26,20,27,16,17,8,sil
7.570065975189209,13,-3,4,-1,4,-12,-14,8,31,25,37,18,30,11,sil
7.570065975189209,15,6,0,0,13,1,-1,4,29,25,39,22,35,16,sil
7.5860755443573,11,10,-4,-6,11,8,2,0,20,15,25,21,17,6,sil
7.5860755443573,0,5,-12,-19,5,0,-4,0,18,3,-1,3,-1,-5,sil
7.603092193603516,-12,5,-13,-21,5,-5,-7,1,8,-2,-19,-10,-4,-9,sil
7.6037211418151855,-10,1,-12,-13,7,-4,-5,0,-11,-5,-9,-11,-6,-8,sil
7.6037211418151855,0,-5,-4,-11,1,-4,-12,-4,-19,-13,-5,-6,-12,-6,sil
7.617776393890381,-1,-4,-2,-16,-7,-7,-11,-9,-12,-19,-19,-6,-15,-8,sil
7.6331775188446045,-12,-4,-7,-18,-7,-9,-2,-6,-16,-14,-16,-13,-13,-8,sil
7.6331775188446045,-12,-1,0,-5,5,0,-2,4,-18,-1,2,-9,-3,0,sil
7.649157285690308,-7,8,-3,9,14,9,-1,3,-9,6,0,-12,1,0,sil
7.649157285690308,-12,6,-10,1,7,10,0,-8,-13,-5,-20,-24,-13,-13,sil
7.664350271224976,-13,-4,-3,-6,0,12,5,-6,-22,-21,-22,-22,-17,-15,sil
7.664350271224976,0,-5,1,0,0,14,19,8,-7,-9,-10,-6,0,0,sil
7.6799635887146,4,-1,-1,0,-1,5,25,10,9,6,-7,1,2,10,sil
7.6799635887146,1,0,-1,0,-2,0,20,0,10,12,0,0,-2,7,sil
7.695658922195435,0,0,8,14,1,5,16,0,6,15,9,1,-1,0,sil
7.695658922195435,3,2,12,21,0,6,10,0,3,9,1,-1,-6,0,sil
7.713076829910278,0,0,-4,1,-5,0,0,-7,2,0,-3,-5,-8,-2,sil
7.713076829910278,-9,-2,-7,-13,-4,0,-2,-6,5,-1,0,-2,-2,-11,sil
7.713076829910278,-6,-1,1,-1,-3,7,-3,0,3,-2,-5,0,-3,-13,sil
7.727689981460571,7,-2,8,6,-3,7,-8,0,6,1,-7,10,0,3,sil
7.742932558059692,18,0,9,1,1,0,-7,3,16,12,9,27,13,20,sil
7.742932558059692,14,4,3,5,4,-11,-6,4,13,9,16,23,16,17,sil
7.758973598480225,4,1,3,11,-1,-22,-16,1,0,-5,2,8,9,9,sil
7.758973598480225,0,-5,5,3,-7,-21,-19,-4,-7,-9,1,3,6,5,sil
7.774786710739136,5,-6,3,-4,-9,-18,-18,-10,-7,-12,11,1,1,3,sil
7.774786710739136,11,-4,3,-3,-3,-10,-12,-1,-1,-13,14,2,5,5,sil
7.790878057479858,14,0,2,2,5,-4,0,4,4,-1,13,9,17,7,sil
7.790878057479858,9,10,6,0,2,-9,0,0,-4,0,7,9,8,1,sil
7.807943344116211,-5,5,-3,-3,-7,-6,-5,-2,-10,-11,-5,-8,-12,-11,sil
7.807943344116211,-15,-7,-16,-1,-3,6,0,2,-1,-10,-10,-13,-12,-13,sil
7.807943344116211,-6,0,-5,1,7,19,7,3,9,11,0,5,5,2,sil
7.822567939758301,3,10,2,1,10,16,13,6,10,25,15,9,16,12,sil
7.8386311531066895,0,10,5,4,2,5,8,14,3,13,12,0,6,1,sil
7.8386311531066895,-9,8,1,7,-1,3,1,5,-1,2,-4,-6,-7,-12,sil
7.8567280769348145,-26,2,-15,2,2,9,0,-11,-14,-1,-26,-20,-18,-23,sil
7.8567280769348145,-32,-6,-16,-6,0,8,0,-7,-31,-14,-36,-32,-26,-29,sil
7.8567280769348145,-15,-6,-6,-10,-9,7,3,4,-15,-11,-22,-20,-14,-12,sil
7.870790004730225,6,0,6,-4,1,15,16,6,14,7,0,5,3,13,sil
7.870790004730225,14,2,8,5,14,18,25,0,12,14,6,6,1,16,sil
7.885918140411377,10,-3,-1,1,6,0,11,-8,-8,-2,-1,-10,-11,-3,sil
7.901842832565308,2,-4,-1,-3,-1,-9,-4,-9,-11,-13,-7,-11,-11,-11,sil
7.901842832565308,0,0,1,1,4,-1,-1,0,8,2,7,0,0,1,sil
7.916959047317505,1,-9,-1,-2,3,-5,-4,4,18,11,13,3,5,13,sil
7.916959047317505,1,-15,-6,-9,-6,-17,-10,-2,3,-6,-5,0,1,11,sil
7.932478427886963,10,-1,0,3,-4,-14,0,-4,0,-8,0,6,9,11,sil
7.932478427886963,19,13,14,9,6,-7,-1,3,9,10,33,28,28,16,sil
7.948026418685913,13,11,8,0,2,-11,-16,3,8,3,32,34,25,11,sil
7.948026418685913,11,5,9,0,-6,-15,-16,0,1,-14,11,24,9,6,sil
7.9633753299713135,14,8,15,1,-2,-9,-2,3,3,-3,16,19,12,5,sil
7.9633753299713135,8,7,4,-1,2,-7,0,5,3,5,16,14,7,-3,sil
7.978644371032715,-5,1,0,-6,0,-5,-11,-2,-10,-9,-8,0,-14,-16,sil
7.978644371032715,-16,-2,-3,-4,0,2,-13,-11,-20,-14,-15,-14,-18,-17,sil
7.994733572006226,-17,0,-1,-1,0,12,-5,-9,-14,0,-6,-14,-13,-9,sil
7.994733572006226,-12,2,1,1,0,16,3,0,-9,1,-10,-17,-16,-5,sil
8.010838031768799,-21,-10,-15,-1,-5,9,5,-2,-15,-1,-18,-30,-16,-12,goodbye
8.010838031768799,-29,-24,-21,-18,-12,8,4,-2,-8,3,-29,-32,-17,-13,goodbye
8.02692174911499,-3,-13,-8,-15,-4,20,22,7,22,22,-29,-16,-2,5,goodbye
8.02692174911499,21,2,8,16,7,20,33,11,39,34,0,3,23,26,goodbye
8.047765493392944,8,-2,7,15,-3,4,14,5,19,20,7,0,19,17,goodbye
8.047765493392944,-6,-17,-16,-14,-20,-9,0,1,-1,-7,-26,-15,-4,-6,goodbye
8.047765493392944,3,-5,-12,-9,-14,-10,0,2,-3,-16,-26,-4,-3,-9,goodbye
8.058007955551147,15,14,11,17,0,0,4,3,3,-5,12,14,11,3,goodbye
8.07362151145935,13,16,11,20,15,1,-2,2,2,-6,21,11,8,1,goodbye
8.07362151145935,6,15,1,20,19,-5,-10,-3,-7,-17,6,3,-8,-8,goodbye
8.088755130767822,0,14,0,19,15,-8,-10,-7,-13,-10,5,0,-14,-7,goodbye
8.088755130767822,-2,9,4,8,14,-9,-13,-1,-3,4,15,7,-1,-1,goodbye
8.10471773147583,0,2,2,1,6,-11,-17,-1,0,0,16,11,1,-3,goodbye
8.10471773147583,-8,-7,-6,-12,-5,-8,-16,-10,-17,-19,-4,0,-14,-9,goodbye
8.120384931564331,-14,-8,-3,-25,-2,-1,-9,-5,-20,-18,-13,-1,-14,-3,goodbye
8.120384931564331,2,7,6,-5,4,5,2,5,5,11,14,16,12,12,goodbye
8.136218070983887,16,12,14,12,3,11,9,8,17,22,30,23,24,19,goodbye
8.136218070983887,4,0,4,5,0,6,5,2,3,6,12,11,9,10,goodbye
8.151880264282227,-3,-8,-1,-5,-2,0,0,-3,-6,1,0,3,1,6,goodbye
8.151880264282227,0,-8,2,-6,-4,3,4,-1,3,8,0,1,2,9,goodbye
8.167078733444214,-2,-8,-4,-5,-4,1,14,1,14,2,2,0,2,6,goodbye
8.167078733444214,0,-8,-7,-13,-7,-2,14,3,9,-3,5,0,6,-1,goodbye
8.183136463165283,5,-6,-8,-17,-4,1,11,0,6,5,7,-2,14,-8,goodbye
8.183136463165283,0,-4,-12,-12,0,-4,1,-4,3,5,0,-8,2,-8,goodbye
8.198441505432129,0,0,-4,-3,-4,-10,-8,1,-5,-6,-13,-11,-11,-3,goodbye
8.198441505432129,0,0,-1,4,-3,1,1,11,3,0,-18,-22,-7,-3,goodbye
8.214371681213379,-14,-2,-6,-1,0,7,8,0,8,3,-21,-32,-10,-13,goodbye
8.214371681213379,-20,-3,-7,-12,-3,0,-4,-9,-6,-6,-12,-18,-11,-20,goodbye
8.229236125946045,5,4,5,2,0,0,-10,-1,-4,3,9,9,11,-4,goodbye
8.229236125946045,19,10,23,18,3,4,-5,2,3,17,13,24,17,18,goodbye
8.244402408599854,0,0,6,3,-9,-2,-9,-6,-11,0,-4,3,-6,7,goodbye
8.244402408599854,-11,-7,-7,-3,-12,-7,-21,-5,-26,-27,-16,-15,-25,-13,goodbye
8.260221242904663,-4,0,7,12,1,-1,-14,1,-16,-26,-15,-9,-21,-8,goodbye
8.260221242904663,2,7,13,20,6,-4,1,-2,-4,-6,-4,6,-7,0,goodbye
8.275844097137451,6,9,11,10,6,-4,4,-1,-3,0,7,18,4,4,goodbye
8.275844097137451,7,7,6,5,10,3,5,8,2,-5,6,15,7,13,goodbye
8.291924476623535,3,0,0,1,4,0,3,4,6,-6,2,8,2,12,goodbye
8.291924476623535,0,1,-4,0,-5,0,0,-2,1,0,8,3,0,0,goodbye
8.307005643844604,0,8,-5,1,-1,13,9,0,2,10,3,-5,0,0,goodbye
8.307005643844604,0,1,-3,-8,8,17,23,4,18,10,-14,-12,0,6,goodbye
8.322096586227417,5,-5,-8,-11,10,1,16,4,21,2,-14,-2,0,4,goodbye
8.322096586227417,7,4,-4,10,10,-6,1,2,13,3,1,4,0,0,goodbye
8.337632417678833,2,16,6,21,13,0,4,0,15,17,12,1,10,1,goodbye
8.337632417678833,0,6,2,2,13,3,10,-1,14,15,13,1,18,2,goodbye
8.352747678756714,0,-8,-3,-15,2,3,1,0,-1,0,8,6,4,2,goodbye
8.352747678756714,-1,-14,-9,-12,-5,0,-4,-5,-11,2,9,8,0,1,goodbye
8.367883205413818,-1,-5,-4,-3,-1,-8,-5,-6,-12,7,14,6,11,-2,goodbye
8.367883205413818,1,2,7,0,1,-7,-6,0,-15,5,9,2,15,-4,goodbye
8.38356637954712,0,-4,-2,-3,-11,-4,-8,-2,-12,2,1,-4,4,-5,goodbye
8.38356637954712,-10,-15,-7,-13,-26,-12,-17,-6,-9,-6,0,0,-3,-11,goodbye
8.399311542510986,-9,-13,-2,-9,-22,-11,-20,0,-10,-8,0,-1,-4,-10,goodbye
8.414364576339722,-2,-10,-8,-1,-13,-7,-17,0,-15,-9,-9,-15,-11,-5,goodbye
8.414364576339722,-9,-10,-3,-4,-14,-10,-15,0,-16,-17,-16,-16,-18,-11,goodbye
8.414364576339722,-20,-12,1,-6,-18,0,-4,8,-3,-6,-14,-12,-12,-11,goodbye
8.430964946746826,-18,-18,-5,-2,-15,20,10,15,11,7,-14,-11,-8,0,goodbye
8.445878505706787,0,-9,-1,1,-2,24,21,11,21,9,-8,1,-2,8,goodbye
8.445878505706787,17,15,14,7,13,11,20,0,23,9,6,20,9,12,goodbye
8.446879148483276,7,21,14,5,20,4,13,-2,16,3,0,12,4,10,goodbye
8.461897611618042,-2,6,-3,-3,14,2,11,0,11,-5,-13,-6,-7,5,goodbye
8.477604389190674,3,2,-2,-6,8,-3,4,-2,6,-13,-4,0,-6,7,goodbye
8.477604389190674,5,11,-1,2,6,-5,-2,-9,-5,-25,2,1,-7,2,goodbye
8.477604389190674,0,19,-3,9,10,0,0,-10,-11,-20,-4,-11,-9,-8,goodbye
8.494713068008423,5,24,5,10,17,0,0,0,-2,4,6,-1,3,-3,goodbye
8.494713068008423,14,21,5,12,18,-2,-3,4,1,13,21,11,14,4,goodbye
8.508748769760132,13,12,7,13,14,-3,-6,-3,-8,3,9,1,7,-3,goodbye
8.523898839950562,12,11,19,17,13,-1,-10,-1,-9,5,12,4,5,-6,goodbye
8.523898839950562,11,10,14,20,12,0,-8,2,-1,1,21,15,8,5,goodbye
8.539090156555176,3,1,8,8,0,0,0,0,-3,-8,-3,8,3,9,goodbye
8.539090156555176,-3,-12,2,-5,-16,0,2,0,-6,4,-22,-1,0,6,goodbye
8.554709196090698,-5,-23,-6,-13,-22,-1,-2,1,-4,15,-8,-2,0,7,goodbye
8.554709196090698,-5,-23,-9,-18,-16,0,-2,0,0,4,0,-3,0,5,goodbye
8.569767951965332,-7,-14,-14,-20,-9,4,3,1,6,5,2,-3,5,0,goodbye
8.569767951965332,-7,-8,-11,-15,-6,1,3,2,4,10,9,1,12,-4,goodbye
8.585105657577515,-3,-10,-3,-3,-7,-7,2,-1,-3,2,6,0,8,-4,goodbye
8.585105657577515,-3,-9,0,0,-4,-8,0,-3,0,0,0,5,1,0,goodbye
8.600614309310913,-3,-4,-4,-3,1,-5,0,0,8,7,8,12,5,0,goodbye
8.600614309310913,-4,-8,-12,-5,-3,-2,6,-2,8,4,12,1,6,-8,goodbye
8.616724491119385,-13,-10,-10,-7,-11,1,5,1,2,-10,-12,-12,-9,-11,goodbye
8.616724491119385,-13,0,-11,-5,-4,0,0,6,0,-14,-22,-13,-17,-12,goodbye
8.632041692733765,0,3,-2,0,1,-5,-6,1,2,0,0,-2,-7,-9,goodbye
8.632041692733765,4,4,6,4,-3,0,-4,0,0,7,3,1,-5,1,goodbye
8.647730588912964,1,8,-2,10,-2,5,0,0,-1,-5,-13,-5,-11,5,goodbye
8.647730588912964,6,8,3,12,4,2,0,0,0,-17,-9,-2,-9,4,goodbye
8.663238763809204,11,9,10,12,11,11,8,2,4,-2,-10,0,-7,3,goodbye
8.663238763809204,5,14,3,16,21,25,18,3,0,9,-24,-15,-12,-2,goodbye
8.678924083709717,-4,8,2,16,19,16,14,0,-6,1,-14,-21,-10,-5,goodbye
8.678924083709717,-5,0,1,4,0,-5,0,-3,-6,-7,0,-5,-3,0,goodbye
8.694941282272339,2,2,2,-11,-6,-17,-17,-1,-3,-5,9,10,5,6,sil
8.694941282272339,3,-1,5,-15,-3,-13,-20,-3,1,0,22,11,14,5,sil
8.71099853515625,-1,-6,5,-1,-4,-4,-14,-7,-3,-3,10,0,8,0,sil
8.71099853515625,0,-3,6,2,-1,1,-8,-1,-10,-6,-4,-1,-2,0,sil
8.726137399673462,0,-7,-1,-11,1,0,2,-1,0,4,13,3,1,5,sil
8.726137399673462,0,-8,-1,-15,1,-4,4,-7,6,5,17,8,9,1,sil
8.741774559020996,4,2,6,1,0,0,-3,0,-6,-4,1,6,5,0,sil
8.741774559020996,7,3,3,0,-2,-6,-14,2,-7,-5,6,9,7,9,sil
8.757314443588257,12,6,-4,-8,1,-13,-17,-1,8,4,19,19,23,12,sil
8.757314443588257,11,16,-8,2,8,-1,-5,-1,5,8,14,15,22,0,sil
8.773097038269043,0,11,5,13,0,13,12,7,-8,6,-1,3,-2,-7,sil
8.773097038269043,-5,2,12,10,0,17,23,10,0,8,-9,1,-10,0,sil
8.78905701637268,-3,1,-3,-3,5,4,20,4,8,7,-3,0,0,0,sil
8.78905701637268,-9,-4,-6,-18,-11,-6,0,0,0,-1,0,-1,0,-10,sil
8.803738355636597,-9,-13,-3,-13,-24,-4,-8,0,2,-1,-5,-2,-1,-11,sil
8.803738355636597,-8,-9,-6,-2,-10,-1,1,0,5,0,-12,-12,-2,-8,sil
8.819260597229004,-11,-1,-4,-1,0,-1,7,-1,0,-4,-10,-16,-7,-6,sil
8.819260597229004,-3,-5,3,4,0,2,7,-1,2,0,-1,-3,-5,4,sil
8.834931373596191,8,-14,6,6,0,6,12,5,1,0,0,6,-2,12,sil
8.834931373596191,6,-11,-4,-2,3,-2,13,4,-3,-11,-2,0,-4,7,sil
8.85096287727356,-3,-5,-7,-3,4,-10,0,-2,0,-9,-4,-9,-9,-1,sil
8.85096287727356,-12,-9,-6,1,0,-5,-4,-3,-1,0,-12,-15,-22,-12,sil
8.866654396057129,-8,-10,-9,5,-4,0,0,-3,-9,-1,-16,-18,-22,-10,sil
8.866654396057129,3,5,5,15,2,6,0,-1,-2,3,-6,-4,-2,8,sil
8.88224720954895,14,24,11,30,13,17,4,1,17,26,10,2,11,17,sil
8.88224720954895,16,25,2,29,16,16,3,1,26,29,17,1,13,7,sil
8.89772629737854,13,11,5,10,10,5,-4,1,14,6,13,6,18,4,sil
8.89772629737854,9,8,6,1,1,0,-6,1,6,-6,11,13,24,10,sil
8.912889003753662,6,10,7,0,0,-4,-7,2,5,-1,10,13,15,6,sil
8.912889003753662,0,-1,0,-7,1,-12,-14,0,2,0,1,7,2,-4,sil
8.928279638290405,-5,-6,-4,-14,-3,-13,-20,-3,-9,-13,0,8,-3,-12,sil
8.928279638290405,-5,-1,-6,-22,-11,-9,-22,-5,-23,-29,0,4,-12,-15,sil
8.943683862686157,-7,-4,-14,-28,-13,-9,-14,-9,-22,-33,-14,-9,-18,-17,sil
8.943683862686157,-5,-5,-6,-26,-10,-12,-8,-9,-14,-25,-6,-1,-7,-10,sil
8.959277629852295,0,-1,2,-15,-7,-10,-13,-7,-17,-17,12,16,0,-1,sil
8.959277629852295,0,0,1,-3,0,-3,-12,-2,-16,-12,4,8,-4,-4,sil
8.974733591079712,-4,9,9,7,6,1,7,6,-4,1,-3,-2,-3,-3,sil
8.992681741714478,-9,4,8,6,3,5,24,10,3,22,3,-9,3,6,sil
8.99368667602539,-9,-7,1,1,-1,14,26,9,3,29,-3,-17,2,15,sil
8.99368667602539,-4,-5,-1,12,0,18,29,7,6,21,-22,-24,-3,10,sil
9.006101131439209,-4,-7,-7,12,4,15,26,0,2,13,-24,-23,-12,1,sil
9.006101131439209,-5,-14,-8,0,10,18,17,-3,0,12,-14,-14,-11,0,sil
9.022109985351562,-1,-12,-3,-1,6,17,10,4,8,16,-6,-8,2,0,sil
9.022109985351562,-1,-16,-5,-1,-2,2,-1,4,11,13,-2,-1,9,0,sil
9.03803777694702,2,-9,-7,-5,-3,-3,-9,-4,4,5,-1,4,5,2,sil
9.03803777694702,10,9,1,-1,-1,0,-3,-4,2,0,-1,9,4,6,sil
9.053497791290283,3,4,0,-3,-3,-3,-5,0,6,-3,-1,0,0,-3,sil
9.053497791290283,-12,-14,-19,-17,-3,-13,-9,-1,5,-12,-1,-11,-1,-13,sil
9.068696022033691,-4,-4,-9,-16,0,-17,-4,0,-1,-12,6,3,11,-1,sil
9.068696022033691,23,17,15,0,6,-10,1,2,4,0,27,31,29,15,sil
9.085685014724731,33,18,16,8,4,-11,0,0,19,1,42,34,23,14,sil
9.085685014724731,12,10,11,6,-5,-17,-11,1,13,-8,34,24,5,0,sil
9.10063886642456,-1,14,10,9,-1,-12,-17,3,0,-8,22,21,0,-9,sil
9.10063886642456,-2,18,13,13,6,-3,-21,0,-1,-9,17,22,-3,-7,sil
9.11604642868042,-5,11,12,13,0,-4,-20,-5,-9,-20,14,16,-14,-13,sil
9.11604642868042,-8,6,5,16,-6,-7,-16,-9,-23,-20,3,1,-15,-17,sil
9.131888151168823,-8,9,14,22,0,0,-8,-6,-26,-11,-3,-4,-15,-8,sil
9.131888151168823,0,10,20,33,7,15,7,-1,-15,-3,0,0,-10,2,sil
9.148127317428589,12,7,19,39,7,22,16,1,-4,9,2,7,2,15,sil
9.162329196929932,16,4,16,34,0,22,18,9,8,29,3,6,11,29,sil
9.162329196929932,15,2,7,30,2,19,24,10,19,33,0,-2,11,29,sil
9.177541732788086,16,0,3,24,13,12,27,7,18,19,-8,-6,14,23,sil
9.177541732788086,10,-12,-7,0,5,9,20,2,14,9,-15,-13,15,21,sil
9.193662405014038,-11,-35,-27,-46,-17,0,2,-4,0,-2,-34,-25,0,4,sil
9.193662405014038,-33,-39,-41,-65,-25,-8,-7,-6,-13,-19,-56,-36,-20,-17,sil
9.20920181274414,-30,-22,-41,-45,-11,0,0,-3,-4,-12,-43,-39,-21,-21,sil
9.20920181274414,-15,-10,-24,-35,0,10,5,0,0,0,-21,-29,-18,-18,sil
9.224366426467896,-15,-10,-29,-43,4,2,0,-6,-10,-8,-30,-29,-23,-26,sil
9.224366426467896,-20,-11,-41,-45,8,-9,-1,-5,-12,-12,-42,-39,-24,-32,sil
9.240069389343262,-17,-11,-34,-47,6,-10,-1,6,3,0,-31,-39,-18,-25,sil
9.240069389343262,-17,-10,-29,-45,-3,-9,2,7,15,12,-13,-31,-8,-17,sil
9.255084991455078,-13,0,-11,-23,-3,-8,1,1,7,11,0,-17,0,-12,sil
9.255084991455078,-1,7,7,-2,-2,-9,-4,0,-8,0,10,5,2,-8,sil
9.270776748657228,10,7,15,7,-10,-21,-14,0,-11,-6,30,31,3,0,sil
9.270776748657228,27,12,35,24,-3,-18,-21,0,2,1,47,49,19,16,sil
9.286306619644163,30,19,44,36,14,0,-20,-2,8,9,43,45,22,22,sil
9.286306619644163,12,16,33,32,14,7,-17,-5,-2,0,38,39,8,10,sil
9.302106857299805,9,9,29,32,4,3,-10,-2,-3,-3,44,42,19,7,sil
9.302106857299805,19,9,31,31,4,2,0,0,1,0,39,43,35,21,sil
9.317829370498655,15,14,25,33,4,5,7,0,0,3,33,34,23,22,sil
9.317829370498655,12,14,18,38,0,6,6,-2,1,6,37,23,13,9,sil
9.332860708236694,8,8,20,32,-6,2,-8,0,1,1,22,15,9,4,sil
9.332860708236694,2,5,14,22,-9,-2,-9,1,-9,-9,0,11,-2,8,sil
9.348681449890137,5,5,9,22,-4,0,5,-2,-4,-6,2,12,-4,8,sil
9.348681449890137,4,8,9,17,4,3,2,0,10,1,1,2,-3,0,sil
9.363789319992064,-2,9,-6,6,7,5,-3,8,3,-6,-19,-15,-10,-5,sil
9.363789319992064,-2,1,-12,0,2,2,5,4,-10,-17,-35,-16,-12,1,sil
9.379298448562622,-9,-11,-16,-9,0,0,15,2,-3,-13,-36,-16,-6,0,sil
9.379298448562622,-19,-12,-26,-18,-2,0,13,8,4,-4,-33,-31,-7,-11,sil
9.395026922225952,-8,0,-13,-8,-2,5,13,6,-1,-1,-31,-29,-13,-7,sil
9.395026922225952,-1,0,-12,0,-5,0,14,0,-5,0,-23,-21,-15,-2,sil
9.410159826278688,-10,-13,-25,-21,-8,-1,9,0,0,3,-17,-28,-12,-4,sil
9.410159826278688,-5,-10,-18,-33,-2,10,13,4,7,14,-11,-20,-1,3,sil
9.425698518753052,0,-4,-7,-20,0,6,13,0,12,20,0,-5,2,5,sil
9.425698518753052,-9,-14,-7,-20,-5,-8,0,-3,4,6,0,-10,-9,-8,sil
9.441709280014038,-6,-11,-14,-22,-2,-6,-1,-9,-2,0,-7,-19,-15,-11,sil
9.441709280014038,5,5,-2,-2,10,11,3,-9,3,7,3,-6,-2,0,sil
9.457424402236938,1,1,6,4,13,26,9,1,14,12,10,1,2,3,sil
9.457424402236938,-3,-18,-6,-11,4,20,15,3,18,8,-2,-2,0,1,sil
9.472702026367188,-3,-21,-10,-20,0,0,1,-2,9,0,-7,0,0,0,sil
9.472702026367188,-4,-11,-8,-11,-4,-8,-18,-5,-6,-3,-4,0,5,-3,sil
9.487760305404665,-4,-7,-3,-4,-4,-10,-23,-3,-19,-1,-4,1,6,-10,sil
9.487760305404665,1,1,8,0,7,-12,-21,0,-9,0,10,15,14,-8,sil
9.50286030769348,6,11,7,-1,6,-15,-25,-5,11,-1,28,26,27,-1,sil
9.50286030769348,1,2,0,-12,-15,-26,-37,-9,0,-5,16,20,21,-7,sil
9.519227981567385,-4,-8,-1,-17,-19,-27,-37,-10,-31,-19,0,6,-2,-20,sil
9.519227981567385,-2,0,2,-7,-1,-15,-20,-12,-36,-33,-2,0,-20,-21,sil
9.534141540527344,1,15,10,14,7,-9,-6,0,-21,-23,4,4,-13,-5,sil
9.534141540527344,5,21,21,38,10,-6,0,17,-12,0,13,11,2,12,sil
9.548983573913574,10,17,26,29,4,5,5,16,2,6,8,10,2,15,sil
9.548983573913574,8,15,13,20,3,10,13,11,24,8,0,4,0,11,sil
9.565136194229126,0,12,3,33,16,12,23,19,29,20,2,-1,2,15,sil
9.565136194229126,-6,0,1,11,-3,15,24,12,14,12,0,-8,-2,13,sil
9.579707622528076,-3,-7,-7,-17,-40,10,13,-8,-10,-11,-11,-14,-16,3,sil
9.596816778182983,7,12,1,7,-17,8,11,-3,-25,-9,-9,-2,-7,6,sil
9.596816778182983,19,22,17,24,26,17,25,7,-5,16,6,5,9,16,sil
9.596816778182983,15,1,10,4,26,16,26,0,22,21,11,5,6,16,sil
9.61101531982422,-1,-6,0,7,12,8,15,-6,27,4,2,4,0,8,sil
9.62671709060669,-7,0,-5,20,2,3,8,-5,24,-2,2,4,5,2,sil
9.62671709060669,0,-5,-6,-8,-2,-1,2,1,28,5,16,9,9,1,sil
9.643885612487791,-1,-16,-9,-39,-4,-6,0,4,14,12,18,10,10,0,sil
9.643885612487791,-9,-14,-11,-23,-16,-10,-9,-10,-22,-7,-3,-3,-2,-9,sil
9.643885612487791,-9,-3,-3,5,-15,0,-13,-17,-41,-28,-22,-16,-22,-19,sil
9.659926891326904,-3,0,-3,7,9,14,0,-3,-16,-11,-9,-10,-6,-15,sil
9.675647735595703,2,-4,-1,-9,13,2,1,0,0,2,3,3,14,-3,sil
9.675647735595703,3,0,-4,-12,-7,-13,-15,-5,-1,-7,-3,0,1,-4,sil
9.689803838729858,-1,-3,-15,-11,-16,-14,-21,0,2,-11,-16,-13,-14,-14,sil
9.689803838729858,1,-6,-3,-10,-8,-8,-13,5,13,1,-3,-1,0,-3,sil
9.704985857009888,12,4,5,0,1,-2,-5,2,15,20,19,15,24,15,sil
9.704985857009888,4,9,1,3,9,-2,-8,3,6,26,8,3,16,10,sil
9.72050142288208,-13,-5,-10,0,8,-6,-8,0,-14,5,-20,-19,-14,-10,sil
9.72050142288208,-17,-14,-14,-8,2,-5,0,-3,-25,-14,-26,-20,-18,-10,sil
9.736379384994509,-10,-6,-2,-16,0,0,5,4,-15,-9,-17,0,0,0,sil
9.736379384994509,-5,-2,0,-12,-2,6,4,0,-8,0,-21,-3,-4,-6,sil
9.752019882202148,-2,-7,-5,-7,-1,2,-1,-10,-12,-7,-20,-18,-9,-13,sil
9.752019882202148,0,-3,0,0,-5,-7,-9,-1,1,-2,5,-1,8,0,sil
9.76799702644348,6,7,8,13,-7,-11,-7,4,19,11,30,23,14,11,sil
9.76799702644348,8,8,12,11,0,-3,-3,0,7,0,20,15,-6,4,sil
9.783623933792114,4,4,3,5,5,2,7,4,-6,-16,1,-5,-16,4,goodbye
9.783623933792114,7,13,3,21,6,8,28,10,4,0,3,-4,-5,11,goodbye
9.798712015151978,8,17,13,31,10,13,31,7,19,23,7,5,2,7,goodbye
9.798712015151978,-6,3,-3,11,7,8,8,0,17,16,3,-4,3,-1,goodbye
9.814399242401125,-16,-2,-12,-10,0,2,-10,0,10,-4,1,-11,0,-4,goodbye
9.814399242401125,1,2,6,0,4,4,-1,5,9,-6,5,2,1,0,goodbye
9.83005428314209,12,2,18,9,3,0,6,6,5,0,5,10,3,10,goodbye
9.83005428314209,0,-2,5,-5,-13,-6,-1,0,-7,-5,-1,4,-2,6,goodbye
9.845186710357666,-2,-12,-7,-20,-14,-5,-7,-16,-20,-13,-4,1,-11,-8,goodbye
9.845186710357666,0,-7,2,-17,-2,0,-11,-17,-23,-11,0,1,-12,-15,goodbye
9.86122727394104,-3,6,2,-8,-3,0,-10,-4,-12,-1,0,0,-3,-9,goodbye
9.86122727394104,-3,2,-5,-8,-7,0,-4,2,0,7,0,6,11,2,goodbye
9.877046823501589,6,-3,3,-9,-1,3,-3,0,-1,10,8,18,21,16,goodbye
9.877046823501589,10,7,8,1,4,0,-5,-5,-5,7,12,10,18,9,goodbye
9.892228841781616,1,4,5,8,7,-6,-2,1,0,-2,8,1,11,-4,goodbye
9.892228841781616,-2,-11,-2,1,3,-1,0,12,1,-5,6,2,8,-3,goodbye
9.908297538757324,0,-7,-7,0,2,0,0,1,-2,2,3,-1,6,0,goodbye
9.908297538757324,3,3,-2,9,6,-1,1,-5,-1,7,0,-6,0,-1,goodbye
9.923160076141356,6,0,-6,12,1,0,9,0,8,0,5,0,2,1,goodbye
9.923160076141356,3,-6,-12,4,-3,-1,3,0,7,-7,2,2,2,2,goodbye
9.938689708709717,-2,0,-7,0,4,-1,-1,0,0,-8,-13,-6,-7,-4,goodbye
9.938689708709717,0,11,-1,5,11,6,6,2,5,-2,-15,-10,-8,-3,goodbye
9.954806327819824,6,14,7,12,8,13,14,4,17,1,-3,-2,0,4,goodbye
9.954806327819824,0,5,5,18,6,17,13,0,15,5,-11,0,-2,1,goodbye
9.969958543777466,-8,-1,-2,10,5,12,7,0,2,5,-29,-1,-17,-3,goodbye
9.969958543777466,-5,0,-6,0,0,0,4,4,-1,6,-18,-1,-14,5,goodbye
9.986071586608888,-3,0,-2,1,-4,-4,1,3,-1,6,2,-6,-1,9,goodbye
9.986071586608888,-13,-8,-1,-6,-9,-5,-2,-2,-6,-1,-3,-17,-7,-7,goodbye
10.00228238105774,-28,-22,-14,-28,-16,-8,0,-7,-18,-10,-21,-33,-28,-23,goodbye
10.00228238105774,-30,-22,-13,-33,-19,-11,-3,-7,-17,-4,-13,-27,-26,-15,goodbye
10.017899990081789,-11,-7,3,-21,-11,-13,-17,0,0,6,7,0,3,0,goodbye
10.017899990081789,5,0,4,-19,-5,-15,-17,3,16,5,13,9,18,0,goodbye
10.033136129379272,7,-4,4,-14,-9,-12,-8,-1,12,-1,5,4,0,-9,goodbye
10.033136129379272,12,-1,10,5,-4,-8,-4,-2,4,-3,3,4,-10,0,goodbye
10.054697513580322,22,8,16,15,6,0,-8,3,5,-3,11,16,8,15,goodbye
10.054697513580322,24,21,17,14,7,13,-7,6,11,2,23,30,26,15,goodbye
10.055696487426758,22,18,9,18,5,12,-1,2,6,8,20,28,23,9,goodbye
10.06472873687744,15,2,0,10,3,-1,-4,-2,-10,0,4,15,15,12,goodbye
10.07989501953125,5,-7,-6,-2,0,0,-2,-6,-16,0,8,10,16,8,goodbye
10.07989501953125,2,-4,3,-1,9,9,8,-2,-10,5,22,11,15,4,goodbye
10.095999002456663,3,2,6,0,13,4,12,1,-13,1,15,5,5,8,goodbye
10.095999002456663,-4,5,-12,0,0,-1,4,0,-21,-11,1,0,-2,0,goodbye
10.111214876174929,-15,6,-12,2,2,3,1,0,-20,-21,-7,-3,-12,-14,goodbye
10.111214876174929,-13,7,-4,1,9,5,9,0,-9,-16,-9,-12,-14,-13,goodbye
10.126709699630736,-6,6,-2,-4,4,0,7,-3,0,-1,-9,-14,-9,-7,goodbye
10.126709699630736,-10,2,-1,0,0,3,-3,-3,0,-2,-20,-14,-14,-9,goodbye
10.142039775848389,-10,0,-4,0,0,0,-5,-2,0,-7,-21,-18,-18,-7,goodbye
10.142039775848389,1,0,2,-6,-7,-12,-8,1,6,3,0,-6,0,0,goodbye
10.15762996673584,7,0,7,3,-7,-11,-7,4,16,18,14,10,17,0,goodbye
10.15762996673584,1,0,4,20,0,0,3,0,15,17,5,4,8,0,goodbye
10.1729998588562,0,1,6,21,6,13,21,0,9,14,0,-7,-4,1,goodbye
10.1729998588562,1,0,1,14,13,17,28,3,11,13,-3,-10,-4,-2,goodbye
10.18830943107605,-6,-5,-2,0,7,8,14,4,9,6,-5,-6,0,-2,goodbye
10.20422077178955,-11,-14,-6,-7,-2,3,0,-2,0,-1,-9,-10,-4,0,goodbye
10.20422077178955,-1,-15,-8,0,-2,9,1,-5,-1,-9,-19,-12,-13,-1,goodbye
10.20422077178955,2,-11,-3,0,-6,10,4,5,10,-9,-16,-4,-8,2,goodbye
10.219177722930908,-6,-13,-14,-16,-19,-1,-4,5,17,-1,-1,0,4,10,goodbye
10.234994888305664,-1,-16,-15,-22,-24,-18,-16,-1,12,4,0,4,9,12,goodbye
10.234994888305664,18,-2,7,-7,-9,-16,-14,3,13,11,10,21,20,16,goodbye
10.234994888305664,19,8,14,-1,1,-13,-11,1,10,5,25,29,27,12,goodbye
10.25092077255249,0,1,5,-12,-3,-14,-18,-8,-14,-20,10,20,5,-1,goodbye
10.25092077255249,0,0,1,-10,-2,-6,-6,-4,-24,-22,-4,7,-4,-3,goodbye
10.265571117401125,7,12,6,-2,7,0,11,4,-6,-2,-5,0,-4,-2,goodbye
10.28065013885498,-1,8,0,-14,4,0,3,0,-6,-6,-16,-15,-23,-17,goodbye
10.28065013885498,-15,1,-6,-11,0,3,-11,-6,-20,-13,-15,-22,-29,-20,goodbye
10.296047687530518,-10,9,5,12,5,6,-10,0,-21,-3,6,-6,-10,-7,goodbye
10.296047687530518,0,7,0,16,6,-3,0,2,-14,4,7,0,0,-4,goodbye
10.312151908874512,0,0,0,3,0,-9,2,1,-8,10,0,-2,2,-3,goodbye
10.312151908874512,1,10,12,13,4,0,7,1,-4,17,15,1,15,2,goodbye
10.327698945999146,0,10,4,20,14,8,8,-2,-4,14,19,1,15,5,goodbye
10.327698945999146,-8,-4,-12,0,2,8,3,0,0,3,0,0,3,3,goodbye
10.342911958694458,-8,-5,-11,0,-7,6,5,4,13,0,-6,-4,0,4,goodbye
10.342911958694458,0,2,0,13,4,5,10,0,11,0,7,1,5,4,goodbye
10.358447074890137,6,5,4,3,10,7,8,-3,5,4,22,12,11,6,goodbye
10.358447074890137,5,5,3,-3,0,2,0,0,9,4,16,9,11,8,goodbye
10.374084234237673,8,4,6,11,0,-7,-8,-2,10,-2,-5,-1,-3,3,goodbye
10.374084234237673,9,-4,1,3,0,-8,-10,-4,4,-3,-12,-3,-7,0,goodbye
10.389681577682495,3,-15,-5,-20,-4,0,-5,0,-1,0,-1,1,-1,0,goodbye
10.389681577682495,2,-10,1,-17,-1,5,-3,2,-3,0,2,5,0,2,goodbye
10.40477442741394,2,-1,5,-3,-6,0,-8,-3,-3,-8,-9,-2,-7,-7,goodbye
10.40477442741394,-4,-5,3,-2,-14,-8,-7,-2,-9,-21,-28,-9,-14,-16,goodbye
10.420000791549684,0,-6,0,-8,-2,0,13,8,7,-5,-5,6,2,1,goodbye
10.420000791549684,17,5,3,-5,9,13,27,11,31,17,24,22,23,23,goodbye
10.435603141784668,7,7,4,9,1,6,6,0,10,1,-2,2,4,2,goodbye
10.435603141784668,-12,-11,-8,1,-10,-7,-12,-5,-10,-13,-27,-13,-13,-14,goodbye
10.45229697227478,-7,-16,-7,-18,-15,-6,-6,3,-2,-4,-1,3,-1,1,goodbye
10.45229697227478,-2,3,-3,4,-4,-6,-5,0,-8,-10,0,-1,-2,0,goodbye
10.467970609664915,-20,6,-10,25,8,-7,-11,-7,-21,-17,-17,-26,-19,-22,goodbye
10.467970609664915,-24,-2,-5,1,6,9,1,-3,-7,2,-3,-19,-14,-15,goodbye
10.483672857284546,-5,4,0,0,2,17,11,0,3,16,8,-5,-3,0,goodbye
10.483672857284546,2,13,2,15,6,3,8,5,5,12,2,-2,0,5,goodbye
10.499754428863524,-2,7,0,2,6,3,13,8,12,17,0,-2,0,14,sil
10.499754428863524,1,7,2,1,0,2,16,1,7,16,3,2,4,13,sil
10.51562523841858,16,11,15,14,2,-8,3,0,4,6,14,16,16,7,sil
10.51562523841858,17,4,11,1,4,-8,-3,3,9,10,25,18,21,11,sil
10.531839847564695,-1,-6,-5,-17,-3,-1,-8,0,0,7,3,0,3,0,sil
10.531839847564695,-8,-8,-12,-18,-3,-2,-15,-8,-14,-13,-24,-9,-8,-21,sil
10.547109603881836,-1,-7,-7,-13,5,-4,-14,-12,-21,-22,-12,0,-2,-13,sil
10.547109603881836,-5,-11,-2,-12,-2,0,-10,-2,-19,-9,11,4,1,-2,sil
10.562788724899292,-5,-12,-2,-9,-9,0,-6,3,1,0,9,0,4,-6,sil
10.562788724899292,6,-3,4,2,3,-3,0,0,11,3,0,0,0,-1,sil
10.578763008117676,11,8,8,15,4,0,6,0,4,12,6,9,0,14,sil
10.578763008117676,11,8,2,14,0,6,7,7,9,16,13,13,12,18,sil
10.593874216079712,13,5,9,11,2,5,5,5,9,4,5,2,6,12,sil
10.593874216079712,5,6,6,11,-3,3,1,-1,-1,-3,0,-11,-9,6,sil
10.60992193222046,0,2,-6,-2,-6,7,-1,-2,-5,-1,-4,-9,-7,3,sil
10.60992193222046,-1,-9,-12,-16,-6,2,-5,-3,-9,-11,-15,0,-7,-3,sil
10.62567663192749,-8,-15,-9,-14,-17,-8,-4,-11,-18,-33,-29,-10,-26,-16,sil
10.62567663192749,-10,-7,0,-6,-7,-5,0,-9,-4,-23,-23,-14,-23,-14,sil
10.641112089157104,2,0,-3,-2,11,4,8,3,21,11,0,0,7,3,sil
10.641112089157104,5,-4,-8,-5,1,2,11,12,16,10,10,6,16,5,sil
10.656967878341677,-8,-8,-4,-11,-6,-4,1,5,1,-9,8,0,5,-9,sil
10.656967878341677,-14,2,0,-4,0,-10,-10,-3,3,-1,9,1,11,-7,sil
10.672051668167114,-9,10,2,0,0,-15,-11,0,5,5,6,6,14,2,sil
10.672051668167114,-4,0,0,-4,-2,-9,0,5,4,0,2,5,7,2,sil
10.68807601928711,0,0,2,-5,9,1,2,3,11,7,13,11,8,5,sil
10.68807601928711,7,18,12,6,13,2,0,3,7,12,19,16,9,10,sil
10.703611612319946,6,19,10,15,3,-3,-1,0,-6,1,8,5,0,-1,sil
10.703611612319946,6,13,16,18,1,0,-4,0,-12,-5,3,3,-8,-13,sil
10.71969723701477,10,14,20,21,8,12,-4,0,-11,0,7,9,-5,-2,sil
10.71969723701477,5,6,6,23,9,17,5,-2,-10,9,0,1,-7,7,sil
10.73553991317749,0,0,0,21,3,12,14,-4,-5,13,-9,-8,-13,-2,sil
10.73553991317749,1,4,2,19,5,9,13,-3,-4,5,-9,-11,-8,-6,sil
10.750668048858644,8,3,6,9,7,12,13,1,0,6,-6,-4,0,9,sil
10.750668048858644,7,-5,-2,-7,0,6,11,6,8,10,0,-1,4,15,sil
10.765856981277466,0,-11,-16,-20,-9,-12,0,0,0,-4,-3,-6,4,0,sil
10.765856981277466,-7,-10,-13,-14,-8,-18,-10,-4,-15,-19,-17,-10,-1,-12,sil
10.782002449035645,-7,-14,-12,-6,-9,-11,-15,-11,-21,-18,-16,-8,-6,-12,sil
10.782002449035645,-10,-27,-16,-21,-16,-11,-24,-16,-24,-23,-14,-12,-15,-12,sil
10.797680139541626,-19,-27,-20,-29,-17,-4,-12,-6,-13,-19,-26,-27,-19,-7,sil
10.797680139541626,-16,-16,-13,-12,-11,12,11,4,14,6,-24,-26,-9,1,sil
10.812883138656616,-4,-11,-1,-4,-4,16,10,6,22,9,-9,-8,-1,2,sil
10.812883138656616,-3,-6,-5,-12,0,5,0,6,13,-2,0,0,1,2,sil
10.828352212905884,-3,0,-7,-9,3,-1,1,8,21,11,8,10,13,6,sil
10.828352212905884,8,3,2,0,3,-2,3,4,22,18,17,22,19,7,sil
10.844422578811646,15,3,13,5,4,-3,-2,1,3,-1,18,12,7,5,sil
10.844422578811646,12,11,21,12,3,-3,1,3,4,1,18,13,10,7,sil
10.860010862350464,8,16,8,9,0,-4,2,-1,18,24,21,28,21,11,sil
10.860010862350464,2,9,0,0,1,-7,-2,-1,8,10,22,19,5,7,sil
10.875871658325195,-1,10,1,8,12,0,1,8,-1,-5,22,3,-4,3,sil
10.875871658325195,3,23,8,27,23,3,6,6,-1,2,19,9,7,6,sil
10.892059564590454,8,22,12,18,13,-1,-2,-3,-6,0,12,10,9,4,sil
10.892059564590454,1,8,6,2,0,-2,-2,-2,-9,-8,2,-6,-6,-8,sil
10.907107591629028,-2,7,3,8,7,4,9,3,2,0,0,-6,-9,-14,sil
10.907107591629028,1,10,3,16,10,12,13,3,14,11,5,3,3,-3,sil
10.922871589660645,6,3,-1,1,-2,6,0,-3,4,5,0,0,6,1,sil
10.922871589660645,-4,-3,-4,-18,-13,-12,-10,-6,-20,-5,-19,-7,-6,-9,sil
10.938005447387695,-17,-11,-15,-24,-22,-17,-14,-7,-29,-17,-23,-9,-9,-15,sil
10.938005447387695,-4,-17,-10,-18,-23,-3,-14,-6,-19,-17,-14,-2,0,0,sil
10.953610181808472,14,-8,10,-7,-7,3,-11,0,-11,-4,-8,9,4,14,sil
10.953610181808472,10,0,16,0,0,0,-4,0,-9,-2,-3,8,1,10,sil
10.96875786781311,0,-3,6,0,-5,0,0,-4,-11,-15,-9,-3,-5,1,sil
10.96875786781311,-2,-13,-3,0,-3,2,0,-8,-14,-16,-19,-13,-15,-5,sil
10.984846591949465,-3,-14,-1,1,-1,-2,0,-2,-14,-6,-19,-16,-21,-10,sil
10.984846591949465,-7,-10,0,-1,-2,-5,0,1,-5,-7,-15,-16,-19,-15,sil
11.000279664993286,-12,-13,-11,-3,-1,0,5,0,6,-7,-15,-13,-14,-16,sil
11.000279664993286,-14,-11,-12,3,2,8,13,4,19,5,-7,-3,-8,-5,sil
11.01637601852417,-4,0,-3,12,11,13,20,12,29,19,14,3,5,8,sil
11.01637601852417,9,10,5,7,14,11,17,11,35,23,27,9,20,17,sil
11.032030820846558,3,8,-5,0,4,1,5,3,25,21,16,2,19,7,sil
11.032030820846558,-12,-9,-24,-14,0,-5,-2,-4,7,7,-5,-18,0,-8,sil
11.047627449035645,-8,-12,-21,-31,7,0,3,2,6,0,-13,-19,-10,-8,sil
11.047627449035645,5,4,-6,-16,13,8,5,7,8,9,0,-8,4,0,sil
11.06285047531128,2,14,1,9,8,3,-7,-4,-7,3,14,-2,16,0,sil
11.06285047531128,0,9,1,13,0,-1,-7,-9,-16,-6,12,9,3,-1,sil
11.07849621772766,8,7,8,13,-2,-3,0,-3,-13,-7,9,19,-3,3,sil
11.07849621772766,9,7,23,14,-5,-10,-12,-2,-18,-15,15,19,0,9,sil
11.094722032546995,2,12,17,11,-9,-12,-20,-2,-10,-18,18,18,0,12,sil
11.094722032546995,10,20,18,18,2,-2,-10,0,-1,-4,10,21,0,14,sil
11.109930992126465,18,26,31,29,14,7,0,0,-2,11,9,23,2,12,sil
11.109930992126465,9,9,11,9,0,-3,-3,0,0,8,9,16,5,0,sil
11.125155210494995,-4,-15,-14,-21,-13,-10,-4,0,6,-4,0,4,0,-8,sil
11.125155210494995,-8,-13,-13,-16,-4,2,4,4,8,3,-6,-9,2,-3,sil
11.14081621170044,-2,2,4,-1,0,0,9,3,-1,19,-8,-14,3,0,sil
11.156959533691406,-3,-6,-1,-2,-7,-13,-3,0,-15,5,-15,-15,-6,-4,sil
11.156959533691406,-9,-21,-18,-9,-8,-9,-8,-1,-10,-6,-15,-16,-9,-5,sil
11.17262864112854,-12,-18,-9,-18,-8,0,0,2,5,0,-12,-12,-2,-2,sil
11.17262864112854,-17,-12,-11,-22,-7,2,4,0,12,8,-10,-18,0,-8,sil
11.17262864112854,-5,-1,-7,-5,0,8,11,4,9,3,-5,-12,2,-7,sil
11.187233209609984,11,7,7,11,2,14,24,8,8,-1,-5,6,5,2,sil
11.202961206436155,0,-1,-8,0,0,16,19,-3,4,-10,-10,-3,-1,-2,sil
11.202961206436155,-8,-4,-6,-8,4,19,5,-7,4,-10,-9,-9,-4,-8,sil
11.218084812164308,9,9,10,11,15,17,11,1,12,1,4,10,8,7,sil
11.218084812164308,18,6,8,16,8,2,10,-2,5,-1,13,12,7,18,sil
11.233716249465942,5,0,2,2,-4,-5,-8,-4,-6,-6,9,5,0,11,sil
11.233716249465942,2,3,-5,0,0,-8,-13,-3,-2,0,5,14,7,7,sil
11.249292612075806,5,4,6,1,6,-16,-11,-6,-1,-2,3,16,4,3,sil
11.249292612075806,0,-2,8,3,2,-14,-8,-4,-5,-3,2,0,-9,-5,sil
11.265080690383911,-2,-4,-7,0,0,0,-1,1,-3,9,5,0,-2,-3,sil
11.265080690383911,-1,-4,0,-12,4,10,5,6,-2,10,2,3,4,1,sil
11.280409574508669,-4,-9,-5,-10,3,1,7,1,-3,1,0,-8,-4,-6,sil
11.280409574508669,-12,-11,-15,-6,-3,-17,-4,0,-10,-9,-2,-12,-16,-17,sil
11.296024560928345,-13,-8,-8,-13,-9,-16,-17,5,-12,-11,-8,-8,-19,-19,sil
11.296024560928345,-2,-10,-11,-8,-6,-6,-19,3,0,-2,-1,-12,-6,-9,sil
11.31203317642212,7,1,5,4,-1,-5,-16,0,1,0,7,0,2,2,sil
11.31203317642212,6,22,30,7,0,-4,-14,0,-3,-4,9,15,4,6,sil
11.32806134223938,5,27,18,12,0,-1,-7,-1,-1,-4,7,11,3,1,sil
11.32806134223938,8,24,12,20,4,1,0,0,0,-1,2,5,2,0,sil
11.344085216522217,6,17,15,14,8,6,-2,0,-7,-2,5,6,7,4,sil
11.344085216522217,-1,6,-1,2,1,0,-3,-4,-8,-1,7,2,8,2,sil
11.360568284988403,-3,2,-2,1,-8,0,7,-2,-2,-5,-11,-5,-6,-3,sil
11.360568284988403,-1,-3,3,2,-5,10,16,3,3,-6,-22,-9,-11,-2,sil
11.375713586807253,-1,-6,-7,4,0,12,17,0,3,2,-11,-13,-3,4,sil
11.375713586807253,0,2,0,15,4,13,19,0,1,9,-6,-14,-1,7,sil
11.391830205917358,-6,0,-1,22,4,20,20,1,2,11,-11,-16,-5,0,sil
11.391830205917358,-14,-16,-15,1,2,20,20,-1,3,13,-11,-10,-8,-1,sil
11.407674074172974,-10,-22,-11,-20,3,16,22,2,10,20,-2,0,1,10,sil
11.407674074172974,0,-18,-14,-16,0,2,8,2,21,21,1,1,18,13,sil
11.42282223701477,0,-14,-11,-16,-13,-14,-10,-2,13,7,0,3,11,5,sil
11.42282223701477,0,-17,-14,-24,-12,-17,-10,-3,6,0,10,10,9,6,sil
11.43877625465393,7,-13,-11,-21,0,-14,-10,3,16,2,24,20,25,8,sil
11.43877625465393,16,4,5,-9,3,-14,-17,10,22,5,25,30,29,6,sil
11.453870296478271,9,9,-3,-4,0,-15,-13,3,6,3,19,17,10,-2,sil
11.453870296478271,0,0,-5,-9,-5,-15,-13,-5,-22,-14,3,1,-9,-14,sil
11.469528436660768,2,5,7,-1,-1,-5,-6,-1,-26,-22,-10,0,-13,-14,sil
11.469528436660768,4,14,11,11,7,2,7,2,-4,-7,-9,-1,-10,-7,sil
11.484633922576904,0,7,17,3,-1,-1,1,-1,-3,-7,-7,-3,-15,-9,sil
11.484633922576904,-3,3,13,-3,-7,-4,-6,-4,-15,-14,-6,-6,-15,-11,sil
11.500655889511108,0,15,15,7,5,8,2,4,-6,1,0,-4,-2,0,sil
11.500655889511108,0,15,19,19,8,15,7,8,13,20,7,-1,6,2,sil
11.516022443771362,-6,5,6,15,0,4,-3,-1,8,2,-2,-12,-6,-7,sil
11.516022443771362,-11,5,-1,4,3,1,-7,-10,-19,-24,-17,-22,-22,-11,sil
11.532126903533936,-12,-1,-5,3,11,8,5,-4,-18,-12,-11,-18,-11,-3,sil
11.532126903533936,-5,-14,-5,7,8,10,12,5,5,7,-2,-9,0,7,sil
11.547691345214844,5,-10,0,10,2,3,5,2,1,-1,-6,-3,-4,13,sil
11.547691345214844,11,-1,0,1,2,-3,-1,-8,-15,-17,-6,4,-2,14,sil
11.562817573547363,8,2,-4,-3,0,0,-4,-9,-9,-16,3,8,6,9,sil
11.563303232192991,8,6,-8,13,0,1,0,-2,3,-5,12,5,5,1,sil
11.578193187713625,7,2,1,15,0,-3,1,0,0,6,6,7,0,1,sil
11.578193187713625,-8,-9,-2,-10,-5,-3,-2,1,0,8,-5,3,0,2,sil
11.593779802322388,-16,-11,-19,-18,-12,-5,-6,0,11,4,-3,1,5,-4,sil
11.593779802322388,1,2,-3,-6,-6,-9,-4,6,15,10,21,21,18,-3,sil
11.608821153640749,18,10,12,5,-6,-7,1,4,11,21,34,32,30,7,sil
11.608821153640749,13,1,10,8,-14,-5,1,-2,4,16,14,21,17,8,sil
11.624935626983644,3,-3,3,-1,-11,-3,-5,-3,-3,4,-1,7,-3,0,sil
11.624935626983644,-1,0,-4,-8,0,-1,-9,3,-5,4,0,1,-3,1,sil
11.639983892440796,-2,1,-1,-6,0,1,-2,10,2,9,2,1,9,7,sil
11.639983892440796,-2,-5,-1,-9,-5,2,4,3,8,8,0,-7,8,2,sil
11.65601086616516,-9,-12,-8,-18,-1,-1,0,-4,-4,-4,-16,-23,-11,-12,goodbye
11.65601086616516,-16,-11,-6,-13,5,4,-4,-5,-14,-15,-29,-25,-23,-18,goodbye
11.672279596328735,-10,-3,-5,-1,6,19,9,-1,-1,-12,-25,-22,-17,-11,goodbye
11.672279596328735,-4,0,-8,-8,5,12,14,0,11,-8,-26,-22,-17,-12,goodbye
11.687849283218384,-14,-3,-16,-14,7,-2,8,1,8,-9,-27,-25,-28,-21,goodbye
11.687849283218384,-14,-1,-11,0,9,3,7,3,4,0,-7,-18,-17,-17,goodbye
11.70299243927002,3,7,4,11,9,12,8,2,4,9,10,-2,9,0,goodbye
11.70299243927002,10,5,7,7,5,2,2,-2,1,3,9,3,15,13,goodbye
11.71898341178894,8,0,11,9,0,-5,-1,2,-1,-3,8,7,6,17,goodbye
11.71898341178894,12,3,15,15,2,-4,-2,5,0,2,17,14,11,15,goodbye
11.734620094299316,7,8,13,9,5,-4,-5,0,2,6,24,18,19,12,goodbye
11.734620094299316,3,9,9,5,3,-4,-4,0,6,4,19,13,21,10,goodbye
11.750694513320925,3,4,2,7,0,-3,4,-2,10,10,5,6,16,8,goodbye
11.750694513320925,-3,0,-5,0,-2,-3,6,-8,-5,5,-4,2,0,6,goodbye
11.766021490097046,-8,0,-12,-15,-7,-7,-5,-8,-27,-15,-7,0,-12,-1,goodbye
11.766021490097046,-1,0,-11,-21,-7,-12,-18,-4,-28,-22,-10,0,-16,-18,goodbye
11.782065868377686,0,-3,-4,-13,-3,-4,-7,1,-6,-1,-2,0,-7,-17,goodbye
11.782065868377686,-2,-3,-3,-1,0,0,0,6,6,8,6,1,0,0,goodbye
11.797730922698976,2,2,3,4,-4,-6,-8,2,-8,-9,0,1,-6,2,goodbye
11.797730922698976,16,4,14,10,-6,0,-7,-1,-14,-16,-5,6,-8,2,goodbye
11.812947034835815,23,4,22,11,0,7,7,1,6,3,9,20,7,16,goodbye
11.812947034835815,14,5,19,17,4,9,13,3,17,18,24,22,18,20,goodbye
11.82845163345337,1,-1,9,27,1,15,13,1,17,14,18,4,18,9,goodbye
11.82845163345337,1,-4,13,24,2,18,11,4,22,8,9,0,14,0,goodbye
11.843936681747437,6,6,8,15,6,8,0,0,14,4,11,7,2,-1,goodbye
11.843936681747437,0,9,-1,11,0,-5,-13,-11,-6,0,10,7,-4,-1,goodbye
11.859991550445557,-15,-3,-2,3,-15,-20,-20,-7,-17,-10,0,-1,-6,-7,goodbye
11.859991550445557,-21,-7,-8,-7,-15,-22,-21,-1,-20,-17,-13,-13,-16,-20,goodbye
11.875609874725342,-15,0,-10,-3,1,-1,-9,-2,-18,-11,-17,-10,-20,-18,goodbye
11.875609874725342,-7,0,-10,1,9,13,10,0,-3,0,-8,0,-10,-4,goodbye
11.890742778778076,-6,-15,-13,-20,-3,1,8,3,0,-7,-13,-9,-15,-6,goodbye
11.890742778778076,-8,-18,-12,-40,-11,-9,1,4,0,-18,-33,-20,-24,-17,goodbye
11.905943155288696,-10,-6,-13,-27,-1,-1,7,0,7,-5,-25,-16,-3,-13,goodbye
11.905943155288696,-8,0,-11,-9,3,6,7,0,4,5,-8,-15,10,-1,goodbye
11.922024011611938,-2,0,-10,-5,4,4,0,0,-5,6,-12,-18,0,0,goodbye
11.922024011611938,2,-1,-14,-11,6,0,3,1,0,11,-12,-10,1,-1,goodbye
11.937208652496338,2,-3,-11,-23,8,3,1,7,8,9,-3,-5,13,3,goodbye
11.952949285507202,3,-2,-8,-16,6,1,-2,4,8,3,-6,-16,9,11,goodbye
11.952949285507202,0,-5,-11,-10,-3,-9,4,-2,10,13,-3,-14,0,14,goodbye
11.952949285507202,-8,-13,-21,-31,-6,-5,3,-2,11,20,-1,-13,0,6,goodbye
11.969055652618408,-9,-12,-16,-27,5,8,-5,4,10,6,-13,-16,0,-1,goodbye
11.983692646026611,-1,0,8,10,9,10,2,7,13,0,-5,-1,-3,0,goodbye
11.983692646026611,7,12,16,23,5,7,12,0,7,6,19,13,5,5,goodbye
11.998939990997314,17,14,16,18,7,11,7,0,-4,6,21,17,12,12,goodbye
11.998939990997314,27,13,28,28,2,12,8,5,0,5,25,30,15,25,goodbye
11.998939990997314,25,17,37,36,-7,4,13,2,7,12,53,48,25,27,goodbye
12.01466703414917,16,19,38,38,-7,-1,2,-7,-1,6,54,48,23,15,goodbye
12.030748844146729,7,10,24,37,-2,-8,-11,-12,-9,-11,23,35,0,0,goodbye
12.030748844146729,-3,3,13,16,-5,-21,-21,-4,-17,-22,7,20,-17,-16,goodbye
12.030748844146729,-3,9,8,5,-6,-25,-22,-1,-22,-15,10,12,-6,-16,goodbye
12.04590392112732,9,14,10,17,2,-12,-12,-7,-9,-6,11,8,9,-3,goodbye
12.067302465438845,11,9,17,15,7,0,-3,-2,2,-3,5,3,3,2,goodbye
12.067302465438845,1,1,6,4,1,0,-2,4,2,1,-7,-7,-2,0,goodbye
12.067302465438845,1,2,-3,3,4,-7,-4,3,-6,-1,-17,-6,1,-6,goodbye
12.07691764831543,0,3,-9,-6,6,-7,-10,0,-16,-23,-10,-3,-4,-17,goodbye
12.093131065368652,-22,-6,-24,-23,-12,-2,-8,-4,-16,-39,-17,-23,-26,-22,goodbye
12.093131065368652,-38,-17,-32,-20,-20,5,1,-1,-14,-35,-43,-41,-37,-24,goodbye
12.10909104347229,-32,-24,-35,-15,-1,14,6,0,-10,-16,-42,-42,-27,-21,goodbye
12.10909104347229,-19,-28,-25,-20,10,20,7,-3,0,5,-19,-29,-13,-8,goodbye
12.125723600387571,-10,-21,-8,-12,8,24,18,4,10,24,-8,-11,-7,7,goodbye
12.125723600387571,-5,-14,-6,-3,7,19,23,11,14,31,-10,-7,-1,14,goodbye
12.125723600387571,0,-14,-7,-9,0,12,14,5,17,28,-16,-13,7,14,goodbye
12.139763116836548,11,-7,-4,-10,-7,3,9,1,22,28,-10,-5,13,18,goodbye
12.154924392700195,11,0,-2,-10,-5,-9,2,3,24,20,2,9,7,20,goodbye
12.154924392700195,3,-1,-3,-21,-10,-21,-13,0,11,1,1,4,5,8,goodbye
12.170762300491331,5,-2,-5,-26,-21,-23,-20,-8,-9,-4,-2,0,12,-4,goodbye
12.170762300491331,9,0,0,-20,-14,-24,-21,-2,-16,0,5,9,8,-11,goodbye
12.186156511306764,6,6,3,-9,-1,-20,-22,0,-2,-7,12,12,-1,-12,goodbye
12.186156511306764,7,15,9,1,5,-10,-12,0,1,-13,13,7,1,-4,goodbye
12.202332973480225,8,18,15,9,13,7,1,7,-1,-4,16,9,8,0,goodbye
12.202332973480225,0,10,8,20,13,15,9,10,2,2,16,4,4,-3,goodbye
12.21793007850647,-2,15,14,34,8,8,7,0,0,0,16,5,1,1,goodbye
12.21793007850647,3,23,18,35,12,10,11,0,-5,2,19,14,6,10,goodbye
12.233278274536133,0,7,2,21,16,19,23,0,-5,6,5,2,2,2,goodbye
12.233278274536133,-15,-8,-10,7,7,22,27,-7,-4,1,-14,-13,-8,-1,goodbye
12.24876093864441,-13,-9,-13,-3,-5,15,20,-5,6,9,-18,-13,-3,7,goodbye
12.24876093864441,5,-8,-3,-14,-10,-1,3,7,22,10,-5,4,11,17,goodbye
12.26468276977539,17,-2,8,-3,0,-10,0,8,19,-3,13,23,20,20,goodbye
12.26468276977539,24,11,18,12,11,0,4,1,10,0,32,35,24,21,goodbye
12.280760526657104,24,11,20,3,0,0,0,2,10,8,28,29,20,14,goodbye
12.280760526657104,6,-6,1,-8,-8,-23,-20,-3,-2,-5,10,4,2,-7,goodbye
12.295897960662842,-16,-13,-12,-11,-6,-28,-30,-11,-25,-20,0,-10,-13,-26,goodbye
12.295897960662842,-17,-4,-8,-12,-10,-6,-23,-7,-23,-17,-12,-13,-19,-25,goodbye
12.311075210571287,-5,2,1,1,-7,-1,-19,-4,-11,-14,-12,-12,-23,-19,goodbye
12.311075210571287,-1,17,17,26,10,-7,-15,-3,-9,-6,6,0,-15,-15,goodbye
12.326625108718872,-6,17,13,22,17,3,-5,-1,-4,0,4,4,-6,-8,goodbye
12.326625108718872,-12,1,-1,4,9,13,5,0,-5,-15,-32,-15,-23,-12,goodbye
12.34229040145874,-12,0,-5,5,3,10,13,0,-8,-12,-34,-28,-28,-15,goodbye
12.34229040145874,-4,-4,-4,5,-6,2,10,1,-5,8,-5,-19,-9,1,goodbye
12.357840061187744,-2,-16,-5,-6,-13,1,4,0,-1,6,-14,-16,-7,12,sil
12.357840061187744,-6,-18,-17,-9,-6,5,13,-2,0,2,-32,-22,-8,5,sil
12.373376846313477,-6,-21,-21,-17,-10,8,17,3,5,15,-15,-15,5,8,sil
12.373376846313477,0,-21,-17,-27,-16,8,5,6,10,19,1,-2,17,15,sil
12.38895583152771,6,-6,-13,-11,-6,7,5,1,14,12,4,3,22,13,sil
12.38895583152771,8,0,-4,-4,-1,0,8,3,4,6,3,10,16,7,sil
12.405005931854248,0,-6,-5,-21,-4,-11,-2,1,-5,6,0,4,4,-3,sil
12.405005931854248,0,-1,0,-17,-3,-15,-13,-1,0,5,14,9,7,-3,sil
12.421018362045288,17,10,16,6,0,-10,-10,1,5,2,33,28,21,10,sil
12.421018362045288,18,10,12,4,5,-8,-11,0,1,-4,23,25,18,5,sil
12.43688988685608,5,6,5,-14,3,-8,-12,-5,0,-8,6,11,1,-8,sil
12.43688988685608,6,10,6,-7,-2,-5,-3,0,1,-11,8,9,-6,-9,sil
12.451979637145996,5,15,7,12,4,-1,-1,3,1,-11,0,4,-8,-10,sil
12.451979637145996,-4,14,11,23,19,6,-1,0,3,0,-7,-1,-4,-9,sil
12.467187881469728,-1,15,14,27,18,11,3,1,0,4,4,5,1,0,sil
12.467187881469728,1,20,17,26,11,16,12,2,-10,-9,2,5,-4,5,sil
12.482226848602297,-6,3,0,19,10,24,21,-1,-3,-6,-14,-11,-13,4,sil
12.482226848602297,-11,-23,-19,3,1,10,18,-1,12,8,-13,-19,-6,11,sil
12.497789144515991,-11,-25,-19,-15,-11,-15,-1,3,13,4,-6,-11,0,13,sil
12.497789144515991,-4,-7,-11,-16,-11,-16,-7,5,7,0,0,-1,6,9,sil
12.513034343719482,11,5,5,-7,-2,-3,-5,2,5,4,16,9,12,8,sil
12.513034343719482,8,9,6,-3,0,-4,-16,-3,-4,0,23,3,6,0,sil
12.528170585632324,-12,4,0,4,3,-3,-16,-3,-22,-9,-2,-16,-11,-17,sil
12.528170585632324,-14,0,5,23,8,19,8,0,-11,0,-18,-18,-17,-12,sil
12.543703317642212,-4,-5,0,18,1,20,19,-3,17,18,-1,-11,-5,1,sil
12.560165405273438,-8,-16,-15,-16,-11,-14,0,-2,11,16,3,-4,0,-3,sil
12.560165405273438,-7,-21,-17,-31,-17,-25,-8,1,-5,0,-2,2,5,-11,sil
12.574885129928589,6,-8,-3,-19,-9,-6,3,-2,7,0,2,12,18,-2,sil
12.574885129928589,13,9,14,-9,0,-1,1,-4,9,0,8,23,15,0,sil
12.591108798980711,10,12,14,-5,1,-2,-2,0,-12,-8,8,23,1,-3,sil
12.591108798980711,3,4,7,-1,2,1,-4,0,-20,-11,0,6,-6,-4,sil
12.591108798980711,-4,3,3,3,4,2,-10,-5,-15,-7,-12,-13,-10,-6,sil
12.604743957519531,-4,6,4,15,2,6,-2,-7,-10,-2,-16,-11,-14,-5,sil
12.620327234268188,8,8,10,23,2,15,8,0,-6,-5,-10,0,-9,1,sil
12.620327234268188,9,8,0,19,4,12,9,1,-10,-14,-12,-10,-11,0,sil
12.636018991470335,-6,0,-8,5,1,6,8,-1,-13,-8,-21,-24,-21,-4,sil
12.636018991470335,-8,-16,-8,-5,-3,2,11,5,7,13,-18,-14,-5,5,sil
12.652177095413208,10,-15,-12,-8,-6,-3,4,10,24,17,-3,2,18,21,sil
12.652177095413208,17,-3,-7,-8,-4,-8,-4,3,16,3,5,13,9,18,sil
12.667778253555298,8,-3,-4,-13,-5,-12,-4,0,16,-1,10,15,2,6,sil
12.667778253555298,5,-3,0,-16,-10,-15,-13,2,18,-3,21,20,19,5,sil
12.683693647384644,6,3,1,-13,-10,-13,-22,0,0,-7,30,23,20,4,sil
12.683693647384644,0,9,4,-12,-2,-11,-20,-4,-15,-9,25,13,5,-3,sil
12.699219703674316,-4,14,11,-3,7,-3,-11,-6,-14,-5,17,7,3,-5,sil
12.699219703674316,-3,16,8,16,16,5,0,-5,-12,4,15,1,2,-3,sil
12.714803457260132,-5,12,4,21,16,5,4,1,-12,4,8,-9,-5,-6,sil
12.714803457260132,-13,7,1,15,13,9,7,7,-5,0,-3,-16,-11,-7,sil
12.730367422103882,-22,-1,-5,13,12,15,19,0,0,9,-14,-19,-12,-6,sil
12.730367422103882,-25,-13,-3,9,4,10,19,-1,0,16,-18,-22,-14,-9,sil
12.74623703956604,-16,-12,-1,9,-5,8,11,4,-2,9,-18,-22,-10,-6,sil
12.74623703956604,-4,-6,-4,14,-2,15,19,7,8,13,-20,-19,-5,5,sil
12.76199984550476,-2,-9,-8,2,0,7,19,5,22,15,-21,-10,-4,9,sil
12.76199984550476,-4,-15,-18,-21,-12,-16,-4,0,15,-5,-17,-3,-3,0,sil
12.776828527450562,2,-11,-6,-28,-18,-24,-16,-4,9,-13,-6,5,3,0,sil
12.776828527450562,15,-1,7,-10,-8,-1,0,0,23,2,5,21,21,12,sil
12.792007446289062,19,6,5,0,-2,8,0,0,22,0,7,23,20,8,sil
12.792007446289062,16,8,6,-4,0,-3,-7,-2,6,-14,10,15,8,-6,sil
12.80782985687256,16,3,7,-6,3,-7,-5,0,3,-7,25,19,14,0,sil
12.80782985687256,16,1,8,-6,5,-2,-8,-2,-7,-1,19,24,10,9,sil
12.823122262954712,12,7,8,-1,0,-6,-15,-7,-19,-10,0,9,-4,0,sil
12.82352328300476,10,11,10,12,0,-7,-12,-7,-13,-9,4,3,0,-4,sil
12.838675260543823,6,7,7,9,5,0,-6,-4,-11,0,13,13,8,1,sil
12.838675260543823,0,5,-2,-3,6,4,-4,-2,-21,-1,9,5,0,-4,sil
12.854734897613524,-7,6,0,0,3,1,-6,2,-25,-11,1,-9,-15,-15,sil
12.854734897613524,-16,0,-5,3,0,0,-4,0,-26,-14,-9,-18,-24,-13,sil
12.869861841201782,-24,-8,-20,-4,-2,-1,1,-4,-25,-7,-23,-24,-27,-10,sil
12.869861841201782,-17,-9,-10,-8,-4,6,12,5,-12,4,-19,-25,-16,-8,sil
12.884953737258911,0,-4,1,0,0,18,25,10,7,19,-5,-19,-1,1,sil
12.884953737258911,7,2,5,10,11,16,24,1,14,21,-4,-10,-1,13,sil
12.90035629272461,1,6,8,30,14,14,11,1,8,9,-5,-4,-1,15,sil
12.90035629272461,-2,-1,0,30,2,9,4,5,13,11,0,-6,6,10,sil
12.915856838226318,-4,-9,-7,0,-11,0,2,6,21,22,0,-6,8,6,sil
12.915856838226318,-2,-9,-9,-16,-14,-5,3,3,16,14,-5,0,8,11,sil
12.931050300598145,-1,-10,-1,-9,-9,-9,-4,0,13,-3,-8,7,9,11,sil
12.931050300598145,-7,-15,-3,-16,-13,-17,-21,-6,17,-1,-5,11,11,0,sil
12.946725845336914,-7,-16,-10,-30,-17,-20,-24,-6,10,1,4,11,14,-4,sil
12.946725845336914,6,-3,2,-18,-6,-14,-8,5,3,-11,17,21,15,0,sil
12.96180295944214,15,11,7,3,6,-12,0,4,9,-12,30,25,16,3,sil
12.962344408035278,11,14,7,8,6,-15,-13,-8,4,-8,30,20,14,-3,sil
12.977334022521973,5,12,12,0,2,-15,-19,-8,-16,-21,12,13,-2,-18,sil
12.993948936462402,3,14,8,0,5,-7,-1,0,-21,-22,0,1,-18,-17,sil
12.993948936462402,5,23,10,12,13,9,10,6,-8,-5,0,1,-12,-1,sil
12.993948936462402,5,25,12,24,16,21,9,0,-8,-4,-3,-1,-9,-1,sil
13.007983684539797,-2,12,3,14,11,19,10,-7,-21,-13,-13,-17,-23,-14,sil
13.024739027023315,-6,0,-3,5,7,17,17,-2,-16,-1,-15,-20,-20,-8,sil
13.024739027023315,-6,-5,-5,11,2,17,18,2,-3,11,-16,-9,-7,7,sil
13.039031505584717,-16,-13,-7,6,-8,15,11,-3,-6,2,-21,-13,-12,6,sil
13.039031505584717,-17,-16,-18,-5,-6,12,8,-9,-7,3,-20,-25,-17,-2,sil
13.054659605026243,-5,-15,-24,-7,3,3,2,-2,0,14,-16,-21,-7,-2,sil
13.054659605026243,-3,-15,-12,-6,0,-2,-7,4,7,11,-15,-10,0,0,sil
13.06975507736206,0,-12,-1,-3,-5,-1,-2,7,20,16,-3,-3,13,8,sil
13.06975507736206,9,-7,5,0,0,1,2,10,32,28,12,8,25,23,sil
13.084977626800535,4,-10,-5,-12,-4,-5,-5,6,29,18,16,13,22,18,sil
13.084977626800535,-5,-15,-14,-27,-19,-16,-10,0,16,2,13,2,14,1,sil
13.100072383880615,2,-6,-5,-23,-15,-11,-7,0,3,0,13,3,15,2,sil
13.100072383880615,15,4,0,-16,-6,-7,-12,2,-4,-9,13,18,18,6,sil
13.115830898284912,14,11,10,-13,-12,-19,-22,2,-7,-19,14,29,17,0,sil
13.115830898284912,6,14,18,-3,-11,-21,-19,-1,-10,-13,18,19,7,-10,sil
13.130913972854614,9,16,17,9,4,-7,-12,-4,-17,-12,13,11,-3,-14,sil
13.130913972854614,21,21,30,19,15,0,-3,0,-11,-6,12,18,0,-2,sil
13.145632982254028,10,21,30,25,14,1,8,0,0,5,13,12,2,0,sil
13.145632982254028,-12,9,10,15,10,4,6,-12,-7,-8,-4,-12,-17,-15,sil
13.16080904006958,-12,-1,-8,6,11,10,3,-12,-18,-18,-23,-29,-28,-17,sil
13.16080904006958,0,-4,-2,16,15,19,15,0,-8,4,-17,-18,-10,1,sil
13.175958633422852,0,-3,6,24,11,20,22,5,2,17,-7,-2,0,7,sil
13.175958633422852,-11,-8,-11,11,0,10,21,0,2,9,-12,-9,-10,3,sil
13.192065954208374,-14,-14,-24,-1,-4,9,21,3,4,8,-14,-15,-18,8,sil
13.192065954208374,-7,-16,-19,-6,-3,11,19,10,13,11,-8,-7,-4,11,sil
13.20786952972412,-4,-11,-15,-8,-3,-4,7,6,11,2,-11,-1,2,5,sil
13.20786952972412,0,1,0,-4,-2,-17,-3,2,2,-6,-4,7,3,3,sil
13.223783254623411,5,11,2,0,-3,-17,-13,1,1,-12,19,16,10,1,sil
13.223783254623411,0,7,-3,-14,-4,-17,-27,0,-4,-24,19,12,4,-6,sil
13.239876747131348,-3,4,0,-15,-3,-16,-32,-4,-14,-26,3,6,-4,-12,sil
13.239876747131348,0,13,9,2,-4,-15,-25,-9,-16,-12,5,1,0,-10,sil
13.25500750541687,-2,18,13,14,-1,-2,-11,-7,-16,-7,6,-1,0,-6,sil
13.25500750541687,-3,6,8,19,6,19,8,-3,-15,-1,0,-6,-1,0,sil
13.270206451416016,0,-4,1,9,2,21,15,-1,-6,13,-7,-8,-5,0,sil
13.270206451416016,-11,-12,-15,-12,-7,10,10,0,1,18,-18,-16,-16,-7,sil
13.285698890686035,-16,-21,-25,-20,-8,9,9,0,1,13,-22,-23,-10,-6,sil
13.285698890686035,-1,-23,-5,-15,-6,7,4,0,3,14,-11,-12,4,1,sil
13.30108642578125,0,-19,-4,-18,-11,-1,-2,2,9,7,-7,-6,1,-1,sil
13.30108642578125,-9,-17,-17,-23,-10,-4,1,2,14,0,-18,-14,-5,-5,sil
13.317185163497925,0,-9,-6,-16,0,7,11,4,31,17,-6,-7,7,6,sil
13.317185163497925,19,2,13,4,11,12,8,10,48,37,30,22,29,25,sil
13.332722902297974,30,16,24,27,19,1,3,13,37,24,40,42,33,30,sil
13.332722902297974,36,22,14,25,18,0,11,9,26,13,26,36,33,23,sil
13.348698854446411,33,11,6,-1,9,-2,6,5,22,4,17,23,25,15,sil
13.348698854446411,5,0,3,-21,-1,-19,-14,-5,-5,-25,-1,4,-2,-3,sil
13.36385726928711,-21,-1,-8,-16,-11,-27,-26,-16,-31,-45,-20,-16,-18,-24,sil
13.379897117614746,-16,5,-4,-6,-11,-13,-22,-10,-27,-35,-10,-10,-8,-25,sil
13.379897117614746,-3,14,3,1,0,-2,-14,-6,-21,-23,0,0,-9,-12,sil
13.379897117614746,-8,6,-1,0,4,-4,-12,-10,-27,-20,-9,-13,-24,-13,sil
13.395935535430908,-13,-5,-3,-4,-3,-10,-15,-4,-26,-20,-14,-17,-25,-19,sil
13.395935535430908,-7,0,2,6,-6,-5,-4,3,-15,-6,0,-6,-8,-6,sil
13.41212034225464,-2,11,12,21,6,13,18,7,-3,18,16,2,8,12,sil
13.41212034225464,-4,4,9,21,11,23,21,3,0,24,14,0,12,9,sil
13.427179336547852,-3,0,1,21,2,13,7,-2,-16,3,-2,-10,-10,-2,sil
13.427179336547852,0,6,5,27,0,10,10,-1,-25,-1,-10,-7,-22,0,sil
13.442705631256104,-3,1,1,25,1,12,23,0,-10,15,0,9,0,6,sil
13.442705631256104,-10,-11,1,9,0,10,16,8,0,24,5,13,11,7,sil
13.458733797073364,0,-8,6,6,2,10,12,13,10,31,6,4,3,8,sil
13.458733797073364,8,-2,0,11,3,3,16,0,23,22,-1,6,0,8,sil
13.474040508270264,-3,-9,-3,-3,-9,-4,4,-6,9,-8,-21,1,-6,1,sil
13.474040508270264,-5,-13,-10,-14,-17,-5,-3,-2,-4,-10,-12,-7,-2,0,sil
13.490009784698486,14,-2,1,-6,-6,-9,-2,-1,1,5,19,10,14,10,goodbye
13.490009784698486,21,4,13,-6,-3,-17,-12,0,2,-9,20,25,17,18,goodbye
13.50599765777588,10,0,-9,-18,-9,-22,-27,-5,-6,-31,6,11,6,2,goodbye
13.50599765777588,17,4,-3,-16,0,-15,-30,-4,-8,-24,13,16,5,-2,goodbye
13.521873950958252,31,21,19,-1,13,-1,-18,4,6,-6,20,32,14,4,goodbye
13.521873950958252,17,17,-2,-4,9,-1,-11,-6,19,-8,11,13,8,-6,goodbye
13.53737759590149,-10,0,-20,-23,0,-6,-15,-8,10,-22,-4,-16,-10,-22,goodbye
13.53737759590149,-28,-10,-11,-24,-1,3,-10,9,12,-11,-24,-34,-16,-18,goodbye
13.55394983291626,-34,-17,-26,-18,-3,3,4,5,41,14,-35,-47,-10,-17,goodbye
13.55394983291626,-28,-22,-33,-27,-6,0,10,1,64,20,-37,-46,-12,-15,goodbye
13.568987846374512,-23,-15,-16,-27,0,18,12,8,61,17,-31,-37,-8,-9,goodbye
13.568987846374512,-17,-5,-14,-6,10,26,19,6,16,19,-18,-29,0,-1,goodbye
13.585008144378662,-2,1,-2,0,11,14,21,9,-41,17,-14,-13,-2,13,goodbye
13.585008144378662,0,-2,0,-10,0,13,20,2,-45,14,-14,-7,-3,13,goodbye
13.600368976593018,-11,-15,-17,-11,-6,6,17,-8,-18,12,-6,-18,-2,2,goodbye
13.600368976593018,-3,-3,2,6,0,-10,0,-2,-20,7,6,0,0,2,goodbye
13.616299629211426,15,22,27,27,1,-14,-13,-2,-27,-2,22,34,6,7,goodbye
13.616299629211426,20,26,24,28,-8,-14,-17,-10,-24,-20,42,47,10,2,goodbye
13.632957935333252,15,20,31,29,-1,-16,-17,-8,-34,-31,46,39,4,-5,goodbye
13.632957935333252,13,27,36,46,11,-12,-16,-13,-51,-28,24,29,-7,-8,goodbye
13.64780306816101,12,24,34,57,9,0,-10,-11,-49,-21,7,23,-15,0,goodbye
13.64780306816101,5,3,28,46,0,19,7,4,-16,0,6,10,-8,6,goodbye
13.66299033164978,-1,-18,10,19,-8,23,22,12,12,18,-3,-2,-1,3,goodbye
13.66299033164978,1,-23,4,-6,-11,11,16,10,21,14,-18,-1,-2,7,goodbye
13.678086757659912,4,-18,-2,-17,-5,0,13,8,31,7,-13,-1,5,11,goodbye
13.695287704467772,4,-15,-10,-27,-4,-7,12,5,34,1,1,3,20,10,goodbye
13.695287704467772,14,-11,-6,-29,-8,-19,-3,1,21,0,17,26,30,18,goodbye
13.695287704467772,17,2,-10,-12,0,-22,-18,-9,7,6,20,21,28,14,goodbye
13.71018934249878,0,13,-7,-3,8,-10,-13,-3,6,7,1,-2,11,-6,goodbye
13.71018934249878,-11,5,-13,-10,5,3,2,7,26,9,-4,-17,0,-14,goodbye
13.726297855377195,-6,0,-24,-17,1,3,4,3,34,6,0,-16,-4,-4,goodbye
13.726297855377195,-8,6,-15,-25,0,0,-3,1,7,-4,-12,-9,-13,-6,goodbye
13.74208164215088,-16,1,-19,-19,4,6,1,0,-6,-3,-19,-12,-7,-16,goodbye
13.74208164215088,-12,-5,-11,0,6,8,6,-4,-7,-4,-9,-12,-3,-12,goodbye
13.757655143737791,-4,1,3,12,2,5,-3,-3,-10,-9,-9,-8,-10,-1,goodbye
13.757655143737791,0,7,-1,11,2,0,-12,-4,-4,-1,-5,-9,-5,1,goodbye
13.77278184890747,11,9,5,10,6,-4,-18,1,-1,0,10,-1,6,8,goodbye
13.77278184890747,12,4,5,8,1,0,-11,3,0,1,16,5,12,12,goodbye
13.788981199264526,-10,-7,-9,-6,0,2,1,-5,-1,7,1,-8,0,0,goodbye
13.788981199264526,-20,-16,-10,-16,-3,-2,-4,-7,-9,-10,-12,-22,-22,-12,goodbye
13.80364227294922,-6,-17,-8,-13,-13,-7,-13,-4,-20,-23,-17,-17,-28,-14,goodbye
13.818671464920044,-2,-8,-1,-11,-10,4,1,-1,-15,-2,-9,-1,-11,-5,goodbye
13.818671464920044,-11,4,2,0,3,10,15,0,-2,8,2,3,-1,3,goodbye
13.833887338638306,-5,6,11,10,1,-6,1,5,-2,-4,1,1,-5,2,goodbye
13.833887338638306,10,1,18,6,-7,-9,-1,11,-2,2,0,5,0,0,goodbye
13.849977970123293,8,0,5,0,-5,0,10,3,3,15,3,4,10,0,goodbye
13.849977970123293,-1,0,3,0,-2,-1,12,0,1,-2,-1,3,3,-2,goodbye
13.865253686904907,-1,1,5,-1,-5,0,9,5,0,-12,1,4,0,0,goodbye
13.865253686904907,-1,-8,-5,-11,-8,4,2,-2,0,-4,4,1,3,3,goodbye
13.880877017974854,0,-4,-1,-3,2,2,0,-2,0,-4,-11,-4,-1,-4,goodbye
13.880877017974854,7,18,14,34,24,11,13,8,15,0,-14,0,-4,-7,goodbye
13.896457433700562,8,16,10,32,24,12,9,3,23,6,1,6,0,0,goodbye
13.896457433700562,3,-2,-3,-5,0,-5,-9,-5,13,8,11,7,9,4,goodbye
13.91211438179016,9,2,3,0,-6,-8,-4,-2,8,10,18,15,16,12,goodbye
13.91211438179016,13,8,11,24,4,11,7,-4,-4,0,17,21,8,17,goodbye
13.928035497665403,7,0,0,16,5,17,6,-12,-26,-8,6,7,-4,10,goodbye
13.928035497665403,0,-4,-2,1,0,2,2,-3,-21,5,-1,-6,-1,0,goodbye
13.943610429763794,-7,-8,0,0,1,-6,-1,1,0,21,-4,-8,10,1,goodbye
13.943610429763794,-4,-8,0,-2,0,-4,-11,-3,0,9,-3,-5,6,4,goodbye
13.959168910980225,-3,-3,-6,-10,-9,-2,-11,0,-11,-3,-9,-8,-6,0,goodbye
13.959168910980225,-8,-5,-11,-11,-10,0,0,6,3,3,-16,-11,-10,-10,goodbye
13.97517204284668,-2,-11,-8,-11,-4,-2,2,4,22,15,-3,-1,-4,-5,goodbye
13.97517204284668,0,-11,-14,-20,-4,-10,-4,1,10,12,6,5,2,2,goodbye
13.99069619178772,-2,-5,-14,-26,-3,-4,-4,2,5,9,2,7,10,1,goodbye
13.99069619178772,9,6,5,-9,2,12,8,9,30,21,13,20,20,6,goodbye
14.00618290901184,13,14,3,7,4,3,8,7,28,15,22,17,18,12,goodbye
14.00618290901184,0,12,0,0,7,-17,-7,-5,-4,-13,7,0,0,0,goodbye
14.021703243255615,3,10,1,-4,4,-17,-16,-8,-14,-21,0,-4,-7,-11,goodbye
14.021703243255615,9,8,-1,-1,-7,-14,-15,0,-12,-17,4,3,0,-8,goodbye
14.03682255744934,-2,6,1,0,-7,-16,-12,0,-21,-27,8,1,0,-4,goodbye
14.03682255744934,-5,4,3,0,4,-9,-7,-7,-22,-39,0,-9,-10,-6,goodbye
14.052740335464478,-4,-5,0,-3,0,-8,-14,-6,-22,-48,-15,-14,-15,-10,goodbye
14.052740335464478,-12,-12,-3,-7,-12,-11,-22,-5,-27,-47,-14,-8,-11,-13,goodbye
14.074002742767334,-14,-3,1,-1,-10,1,-6,-7,-16,-43,-4,-10,-13,-15,goodbye
14.074002742767334,-7,0,5,6,-2,21,16,1,4,-43,-16,-20,-20,-10,goodbye
14.074002742767334,-6,-9,-2,3,0,24,27,10,16,-4,-20,-14,-7,2,goodbye
14.083109617233276,-10,-4,0,1,0,20,25,5,9,50,-8,0,1,8,goodbye
14.098629236221312,-9,1,3,10,4,21,23,1,5,55,-2,-2,-7,4,goodbye
14.098629236221312,0,-3,1,22,9,15,21,4,13,46,5,-5,-1,4,goodbye
14.11465835571289,6,4,15,26,15,9,13,8,14,56,10,4,10,9,goodbye
14.11465835571289,6,13,15,19,15,12,10,3,7,49,11,9,8,10,goodbye
14.1301908493042,5,-2,-3,3,8,13,10,-2,8,24,18,6,10,8,goodbye
14.1301908493042,7,0,-2,8,10,8,6,-1,13,18,14,8,18,7,goodbye
14.145808458328249,17,22,12,26,16,1,-2,0,4,14,0,10,11,10,goodbye
14.145808458328249,18,9,9,5,6,-6,-13,-1,-7,-4,-5,8,1,9,goodbye
14.1618173122406,-2,-21,-18,-26,-14,-14,-22,-7,-7,-14,-10,-4,-2,-6,goodbye
14.1618173122406,-16,-19,-24,-23,-19,-16,-25,-7,-11,-12,-22,-14,-14,-16,goodbye
14.17735195159912,-3,-4,-11,-15,-8,-14,-16,-4,-12,-16,-15,-5,-17,-6,goodbye
14.17735195159912,3,-8,-10,-22,-6,-8,-3,-6,3,-18,0,1,0,0,goodbye
14.192801475524902,0,-9,-4,-19,-12,-3,0,0,7,-9,0,5,8,3,sil
14.192801475524902,4,1,4,-4,-11,-8,1,7,1,0,0,11,8,12,sil
14.208739757537842,12,6,3,-4,-6,-17,0,7,0,-1,0,11,3,9,sil
14.208739757537842,8,4,6,-10,-4,-12,2,6,3,-5,2,4,5,0,sil
14.223878622055054,3,6,8,-4,0,-3,8,3,12,-4,10,8,13,6,sil
14.223878622055054,3,6,10,-4,0,-5,3,0,12,-7,13,18,12,10,sil
14.239938974380491,0,3,3,0,-2,-3,-3,-2,3,-7,19,7,8,-2,sil
14.239938974380491,-3,2,3,7,-2,4,-1,-3,2,-8,23,-3,4,-7,sil
14.255889415740969,-5,0,0,-2,1,1,-6,0,-5,-14,16,0,0,-9,sil
14.255889415740969,-6,-3,-15,-10,5,-6,-17,-1,-24,-17,7,-1,-4,-20,sil
14.27100944519043,-12,0,-10,8,7,0,-19,-3,-23,-19,-1,-9,-16,-23,sil
14.27100944519043,-18,8,0,24,11,17,-1,-3,-8,-18,-10,-12,-25,-16,sil
14.28661608695984,-10,7,0,12,17,19,17,0,-3,-4,-9,-13,-11,-4,sil
14.28661608695984,1,0,4,5,10,12,17,8,-1,13,-2,-9,6,6,sil
14.301697731018066,1,0,5,18,0,8,6,3,3,24,-6,-8,5,4,sil
14.301697731018066,2,2,7,21,5,7,11,0,4,23,-15,-5,-2,5,sil
14.31787085533142,4,-5,1,2,2,6,18,3,4,18,-15,-7,-5,14,sil
14.31787085533142,-4,-21,-13,-12,-14,-4,7,2,0,13,-15,-10,-10,4,sil
14.33271312713623,-2,-12,-6,-9,-9,-7,3,2,1,14,-15,-1,-5,0,sil
14.347250938415527,10,0,2,-3,5,0,7,1,18,20,-4,9,14,12,sil
14.347250938415527,10,-6,2,-9,2,-2,-2,1,26,12,5,10,17,13,sil
14.36401629447937,9,-7,1,-9,-4,-11,-12,3,13,-4,6,12,10,5,sil
14.36401629447937,10,5,2,-10,-10,-13,-19,-5,-9,-19,1,11,0,0,sil
14.378612756729126,-2,10,2,-14,-13,-11,-25,-15,-31,-31,0,1,-21,-15,sil
14.378612756729126,-6,10,-1,-2,0,-3,-12,-11,-30,-30,6,-3,-26,-17,sil
14.393938779830933,-2,16,3,14,10,1,-2,-7,-17,-17,6,0,-9,-4,sil
14.393938779830933,-13,13,0,16,2,8,-3,-7,-15,-3,-2,-6,-4,-7,sil
14.409435987472534,-22,-4,-13,6,-4,15,4,-1,-15,4,-12,-24,-13,-12,sil
14.409435987472534,-8,-14,-3,4,-2,21,19,8,1,11,-9,-18,-3,5,sil
14.425068855285645,5,-5,6,15,4,21,27,12,32,34,2,2,20,20,sil
14.425068855285645,0,0,0,6,5,8,21,7,39,47,4,3,23,14,sil
14.44068694114685,-6,-7,-7,-12,-4,-4,3,2,21,24,1,-1,7,10,sil
14.44068694114685,5,-7,0,-5,-7,-5,-1,0,11,2,16,14,14,18,sil
14.455835342407228,21,6,12,7,2,-7,-3,-1,5,-4,29,28,24,8,sil
14.455835342407228,22,13,14,3,6,-20,-17,-1,-6,-19,16,17,7,-11,sil
14.471138954162598,17,6,13,-3,2,-21,-25,0,-9,-33,5,13,-4,-9,sil
14.471138954162598,15,0,2,-8,-1,-11,-13,1,-2,-25,4,15,6,-1,sil
14.48690629005432,11,0,-7,-13,-1,-7,2,6,4,-8,1,4,11,-6,sil
14.48690629005432,0,0,3,-8,3,-2,3,8,6,-4,1,0,0,-5,sil
14.502270460128784,-10,-1,-1,0,1,0,-2,0,0,-5,0,-2,-12,-6,sil
14.502270460128784,-13,-4,-13,2,0,5,0,-5,-5,1,-9,-13,-12,-7,sil
14.51805830001831,-10,-4,-3,5,2,18,13,0,-6,7,-19,-19,-9,0,sil
14.51805830001831,-21,-14,-11,-1,-1,11,14,-1,-14,0,-31,-28,-22,-5,sil
14.533207654953005,-31,-23,-26,-21,-10,0,10,-3,0,1,-33,-30,-24,-5,sil
14.533207654953005,-14,-12,-16,-24,-4,5,13,6,32,21,-9,-5,10,12,sil
14.548843145370483,5,2,2,-11,0,-4,-1,9,18,12,9,12,26,9,sil
14.548843145370483,6,9,12,1,-2,-20,-21,-6,-19,-8,7,7,6,-10,sil
14.564154148101808,9,17,16,8,4,-13,-19,-15,-20,-3,13,10,4,-3,sil
14.564154148101808,17,27,18,12,15,0,-16,-6,-17,0,26,22,14,6,sil
14.580127477645874,8,23,10,13,10,3,-13,-3,-29,-9,21,9,2,0,sil
14.580127477645874,-6,4,3,9,-3,0,-10,-12,-35,-13,0,-11,-16,-8,sil
14.594848155975342,-9,-2,6,10,-7,1,-9,-9,-35,-17,-15,-9,-27,-8,sil
14.594848155975342,0,5,4,25,2,11,1,1,-12,-7,-8,-1,-21,-2,sil
14.609999418258669,4,10,7,29,11,18,21,11,22,11,0,0,-6,9,sil
14.609999418258669,4,-4,5,14,5,16,29,11,31,21,-5,-2,0,14,sil
14.625664472579956,0,-17,-2,2,-2,15,26,7,28,24,-9,-1,1,12,sil
14.625664472579956,-1,-7,-5,0,0,11,24,10,33,20,-7,3,8,9,sil
14.64167833328247,0,0,-12,-2,0,-5,13,3,26,2,-6,1,11,6,sil
14.64167833328247,0,-10,-12,-16,-12,-17,-5,-1,12,-9,0,0,8,6,sil
14.657643556594849,-9,-22,-16,-29,-16,-12,-8,3,11,-4,5,3,11,1,sil
14.657643556594849,-4,-18,-22,-27,-13,-11,-6,0,8,-3,5,3,8,-11,sil
14.673601865768433,13,-2,-3,-16,-12,-11,-13,-8,-1,-7,11,7,0,-12,sil
14.673601865768433,15,8,7,-5,-3,-6,-9,-3,-5,-9,19,9,0,-4,sil
14.68900179862976,0,8,5,-3,1,-12,-14,-3,-18,-19,10,0,-2,-9,sil
14.68900179862976,-10,5,0,-7,0,-14,-29,-10,-33,-29,-2,-13,-12,-18,sil
14.704972982406616,-8,5,-6,-1,3,3,-18,-7,-23,-14,-7,-20,-17,-18,sil
14.704972982406616,-5,4,2,13,17,26,6,3,-4,7,-9,-14,-11,-7,sil
14.720000743865969,-3,4,10,23,19,28,17,6,4,19,-9,-9,0,6,sil
14.720000743865969,-4,0,6,14,9,16,17,4,7,21,-11,-8,3,13,sil
14.735949039459229,-6,-13,-2,-6,0,4,16,1,10,19,-16,-7,2,11,sil
14.735949039459229,0,-22,-8,-20,-9,-5,8,1,12,13,-14,-4,12,10,sil
14.751854658126833,10,-10,3,-19,-10,-14,0,4,7,9,0,16,24,15,sil
14.751854658126833,20,12,19,-3,0,-18,0,4,6,10,23,40,24,17,sil
14.767053365707396,30,29,26,19,16,-12,-4,0,3,2,40,45,14,12,sil
14.767053365707396,16,24,17,22,15,0,-12,-2,-10,-12,29,23,0,-3,sil
14.782281637191772,-12,5,-2,4,0,0,-10,-4,-25,-17,2,-7,-11,-17,sil
14.782281637191772,-11,6,0,9,0,2,0,1,-19,-9,-8,-13,-14,-8,sil
14.798410654067991,9,15,10,32,3,18,16,7,0,3,-7,-3,-4,10,sil
14.798410654067991,5,-10,-3,4,-10,4,14,2,13,3,-10,-6,0,11,sil
14.812702178955078,-16,-38,-28,-40,-26,-19,-6,-3,11,-12,-11,-9,-1,-6,sil
14.827762365341188,-15,-19,-25,-32,-14,-13,-9,-1,10,-13,0,0,3,-12,sil
14.827762365341188,0,10,0,-6,0,-7,-2,0,8,-5,13,9,11,-7,sil
14.842933654785156,0,7,-2,-11,-3,-20,-16,-9,-4,-16,7,0,-4,-15,sil
14.842933654785156,-14,0,-10,-13,0,-9,-25,-14,-18,-21,-7,-17,-23,-20,sil
14.859036684036257,-11,13,6,12,17,19,-3,-1,-12,0,-10,-13,-11,-4,sil
14.859036684036257,5,19,5,29,13,20,12,4,-2,16,-4,-5,1,4,sil
14.874874114990234,5,3,0,16,0,10,7,1,-2,12,-7,-10,-10,1,sil
14.874874114990234,-8,-8,1,4,-1,16,14,0,0,15,-13,-18,-18,0,sil
14.89002799987793,-17,-11,-1,3,0,20,23,0,6,23,-18,-20,-10,0,sil
14.89002799987793,-10,-8,-1,0,0,19,20,6,10,24,-21,-16,-4,5,sil
14.90515685081482,-1,-7,-2,-2,0,12,11,8,9,16,-14,-10,-3,13,sil
14.90515685081482,-8,-10,-10,-4,-2,-2,-1,1,2,0,-9,-4,-2,5,sil
14.921858072280884,-1,-7,-11,-1,-2,-8,-4,3,6,-7,-4,1,7,3,sil
14.921858072280884,21,1,0,7,1,-4,0,9,20,-4,9,19,23,18,sil
14.937163829803469,22,0,8,9,0,-3,0,2,18,-5,24,31,22,19,sil
14.937163829803469,5,-8,2,-3,-2,-5,-1,-5,0,-8,27,23,13,2,sil
14.952958822250366,2,0,1,-10,1,-12,-4,-8,-15,-12,22,16,6,-6,sil
14.952958822250366,1,8,3,-4,0,-15,-16,-8,-20,-16,11,4,-6,-15,sil
14.968432664871216,0,-3,2,-5,-9,-9,-22,-4,-13,-13,5,-2,-9,-19,sil
14.968432664871216,5,-6,7,-12,-10,-11,-21,-2,-8,-8,12,11,3,-8,sil
14.983978033065796,0,4,5,-4,-3,-17,-9,-4,-9,-5,16,17,8,-5,sil
14.983978033065796,-3,9,9,8,4,-5,4,3,-6,0,4,7,1,-8,sil
15.000023603439333,11,14,19,17,10,9,12,9,5,3,3,10,4,4,sil
15.000023603439333,16,17,13,18,9,1,5,0,7,-1,8,15,8,14,sil
15.015612840652466,7,13,12,10,4,-5,-2,-1,0,-3,0,7,2,5,sil
15.015612840652466,15,8,14,4,0,1,7,7,2,6,-6,0,6,10,sil
15.030818462371826,23,1,5,-1,0,8,12,5,6,15,-5,-6,11,18,sil
15.030818462371826,1,-8,-15,-12,-4,6,0,-2,-2,10,-16,-15,0,2,sil
15.046274185180664,-24,-10,-32,-20,-8,0,-5,-9,-9,-5,-32,-27,-14,-11,sil
15.046274185180664,-27,-8,-25,-27,-8,-4,0,-4,-3,-14,-37,-29,-13,-8,sil
15.061819076538086,-19,-10,-22,-24,-8,-4,1,3,2,-3,-27,-24,-1,-2,sil
15.061819076538086,-17,-10,-23,-20,-4,0,-2,3,0,2,-11,-18,-2,0,sil
15.077726125717165,-14,-3,-13,-20,4,8,-1,2,5,1,0,-14,-7,0,sil
15.077726125717165,-9,5,-4,-8,14,15,4,5,21,11,10,-8,-1,-2,sil
15.092811107635498,-11,7,0,12,17,16,10,5,19,17,12,-1,-2,-8,sil
15.092811107635498,-10,0,0,21,17,17,15,0,0,17,7,-3,-13,-12,sil
15.108908653259276,-2,-2,5,16,13,9,10,-3,-9,12,6,-2,-16,-10,sil
15.108908653259276,0,1,12,11,4,-2,-6,-1,-11,0,16,6,-14,-6,sil
15.12495231628418,0,1,5,13,-1,-8,-18,-7,-8,-10,12,9,-12,-3,sil
15.12495231628418,1,0,12,18,-5,-8,-15,-12,-11,-10,-2,6,-10,-2,sil
15.140472173690796,8,2,18,19,-9,-9,-5,-8,-15,-9,3,6,0,-1,sil
15.140472173690796,18,8,19,17,-6,-7,0,0,-9,-7,19,21,14,7,sil
15.156466484069824,22,8,26,19,-5,0,4,5,-5,-8,7,28,11,15,sil
15.156466484069824,15,0,15,12,-14,2,8,1,-3,-9,-13,6,0,7,sil
15.172085285186768,9,-6,5,0,-12,1,8,6,9,-2,-11,-2,5,5,sil
15.172085285186768,7,-7,0,0,0,1,12,15,24,6,1,11,21,13,sil
15.188187599182127,3,-8,-2,2,2,0,12,8,18,7,2,13,16,13,sil
15.188187599182127,0,-3,-7,0,1,6,9,1,10,9,-1,2,6,11,sil
15.203699111938477,-3,-4,-21,-9,0,6,8,2,16,17,0,-6,12,10,sil
15.203699111938477,-5,-11,-20,-23,-5,-3,0,3,15,13,5,-4,10,3,sil
15.219398498535156,-7,-7,-14,-24,-4,-7,-3,-4,5,0,3,0,5,0,sil
15.219398498535156,-6,1,-15,-11,0,-7,-3,-12,-5,-3,-4,-6,6,-2,sil
15.234491109848022,-1,4,-8,-6,0,-13,-15,-9,-14,-7,-12,-11,-3,-10,sil
15.234491109848022,0,1,-5,-7,0,-13,-20,-5,-8,-7,-6,-3,-10,-12,sil
15.250205516815186,0,0,-1,-8,0,-3,-14,0,4,-1,0,5,0,-3,sil
15.250205516815186,0,1,-1,-16,-2,-3,-17,1,0,0,0,2,2,0,sil
15.266328573226929,-4,0,-10,-20,-4,-16,-26,-10,-27,-20,-10,-8,-9,-12,sil
15.266328573226929,-1,2,0,-11,-2,-14,-20,-10,-36,-38,-2,-4,-11,-14,sil
15.281814575195312,16,14,18,5,5,0,-6,3,-9,-16,18,10,3,2,sil
15.281814575195312,15,19,15,10,14,1,-4,5,1,0,18,6,5,4,sil
15.296971559524536,-5,6,3,0,14,12,-3,0,-11,-7,-5,-14,-13,-9,sil
15.296971559524536,-11,0,3,-1,7,20,9,0,-7,0,-17,-18,-24,-9,sil
15.313029050827026,-6,5,12,7,0,9,20,3,7,19,-5,-4,-14,-1,sil
15.313029050827026,-2,7,12,16,4,11,25,10,10,13,5,0,-2,0,sil
15.329147815704346,1,1,14,14,14,20,28,14,8,1,1,-4,-4,0,sil
15.329147815704346,0,-2,9,10,7,9,20,4,7,5,-1,-5,-2,0,sil
15.344748735427856,-1,-4,-1,10,-3,0,7,-5,6,11,8,1,6,2,goodbye
15.344748735427856,4,-5,0,11,-3,5,5,0,4,8,15,14,2,8,goodbye
15.35991644859314,0,-4,-4,5,-5,0,8,0,-1,5,0,7,-6,4,goodbye
15.35991644859314,-7,-4,-9,3,-7,-5,3,-11,-2,7,-8,1,0,1,goodbye
15.375224113464355,-3,-2,0,15,2,1,7,-4,15,18,3,6,11,8,goodbye
15.375224113464355,0,-4,-5,20,6,10,16,6,27,23,6,1,7,6,goodbye
15.391077518463137,-8,-9,-12,1,-3,3,10,2,13,10,-10,-6,0,2,goodbye
15.391077518463137,-11,-9,-17,-11,-6,-7,0,-2,2,0,-10,-2,5,7,goodbye
15.40676975250244,-5,-1,-10,-9,-2,-8,-9,0,6,0,6,6,11,8,goodbye
15.40676975250244,0,1,-2,-11,-6,-3,-17,2,0,0,0,3,9,6,goodbye
15.42181944847107,0,-9,-13,-15,-12,-12,-18,-1,-14,-10,-17,-7,3,0,goodbye
15.42181944847107,0,-12,-9,-15,-4,-14,-20,0,-13,-14,-13,-8,4,-5,goodbye
15.43700623512268,7,-4,3,-14,0,-4,-23,-1,-7,-7,-7,-5,4,-5,goodbye
15.43700623512268,5,-5,0,-17,-6,-10,-18,-7,-11,-16,-18,-9,-11,-8,goodbye
15.452951192855837,1,-3,0,-9,-5,-9,-10,0,-8,-20,-14,-1,-18,-14,goodbye
15.452951192855837,17,15,15,10,3,11,0,0,7,1,9,13,3,-1,goodbye
15.467809438705444,25,21,22,19,8,13,9,-3,9,9,21,13,14,9,goodbye
15.483876705169678,16,6,11,3,5,0,11,2,4,-4,19,8,2,6,goodbye
15.483876705169678,6,0,3,-13,-2,-3,3,4,11,-7,12,7,0,2,goodbye
15.483876705169678,-5,2,-4,-10,-7,-7,-12,-5,1,-12,-1,-1,-3,-10,goodbye
15.499372959136965,-16,4,-10,0,0,-10,-16,-6,-19,-24,-6,-16,-20,-25,goodbye
15.499372959136965,-7,6,4,2,2,-5,-2,0,-22,-14,14,0,-11,-11,goodbye
15.515096426010132,7,9,13,3,-4,-6,3,0,-10,0,35,22,9,5,goodbye
15.515096426010132,3,9,3,5,0,-9,-5,2,-10,-6,19,9,-3,-3,goodbye
15.530603408813477,-12,6,2,8,11,6,2,3,-12,-8,-18,-15,-24,-14,goodbye
15.530603408813477,-18,-2,-2,8,11,22,27,0,-1,16,-22,-15,-8,-3,goodbye
15.545723915100098,-13,-12,-10,-3,2,12,19,1,17,31,4,-1,15,10,goodbye
15.545723915100098,-14,-16,-13,-16,-3,1,0,3,24,21,11,-1,19,15,goodbye
15.560893297195436,-15,-11,-7,-7,0,11,2,2,7,13,-13,-7,7,13,goodbye
15.576045751571655,-1,-2,4,7,4,17,8,2,-9,6,-26,-7,-2,8,goodbye
15.576045751571655,8,-4,0,1,3,7,7,1,-1,2,-12,-8,0,3,goodbye
15.592118263244627,7,-5,-2,-9,5,2,10,8,13,10,0,-2,7,6,goodbye
15.592118263244627,9,9,9,10,9,3,10,10,13,15,0,11,10,10,goodbye
15.609061002731323,14,17,9,27,2,-4,4,0,8,6,6,17,8,7,goodbye
15.609061002731323,10,2,2,1,-6,-6,0,0,12,2,9,16,4,4,goodbye
15.609061002731323,7,-2,-5,-13,0,-2,-4,0,9,2,0,8,1,-1,goodbye
15.624160766601562,6,9,1,9,4,-11,-17,-14,-13,-12,-3,3,-3,-6,goodbye
15.639675617218018,5,10,13,17,0,-14,-18,-13,-26,-21,6,9,-6,0,goodbye
15.639675617218018,5,0,8,0,-4,-1,-3,1,-6,-7,9,10,-2,5,goodbye
15.65480661392212,7,4,4,2,0,6,4,7,11,0,0,3,-3,0,goodbye
15.65480661392212,2,5,0,15,0,0,0,0,7,-7,-8,-7,-11,-12,goodbye
15.672605514526367,-13,-10,-14,0,-8,-7,-10,-9,-3,-12,-7,-19,-16,-21,goodbye
15.672605514526367,-23,-16,-20,-18,-12,-2,-1,-8,-5,-3,0,-20,-7,-16,goodbye
15.672605514526367,-9,-7,-12,-10,-1,4,9,-3,-4,8,4,-8,3,-4,goodbye
15.686745882034302,0,-7,-4,-7,0,2,0,5,-3,1,1,-6,-1,0,goodbye
15.701781272888184,-3,-9,-5,-11,-13,-6,-8,6,-4,-7,-2,-13,-6,0,goodbye
15.701781272888184,-3,-4,3,-7,-10,-12,-3,0,-2,1,-5,-11,2,-4,goodbye
15.717055559158323,0,-4,1,-11,2,0,1,0,7,8,-8,-10,5,-6,goodbye
15.717055559158323,-5,-12,-14,-17,-3,6,0,4,9,-1,-9,-11,-3,0,goodbye
15.732110023498535,-8,-8,-5,-7,-8,-2,-7,-4,-11,-11,-8,0,-7,3,goodbye
15.732110023498535,-3,1,3,0,0,-5,-6,-11,-18,-9,0,11,4,6,goodbye
15.747645616531372,1,1,3,-4,0,4,6,0,0,0,10,12,16,14,goodbye
15.747645616531372,7,2,14,0,2,13,10,8,11,8,5,11,16,15,goodbye
15.762917280197144,6,8,8,11,14,12,6,3,7,10,2,3,12,0,goodbye
15.762917280197144,-1,13,-1,10,18,6,4,3,0,6,6,4,5,-8,goodbye
15.777941703796388,-1,15,1,13,13,2,2,6,-2,5,7,13,-2,2,goodbye
15.777941703796388,7,11,8,13,5,3,1,1,0,0,5,14,-7,9,goodbye
15.79331636428833,9,3,5,1,0,4,6,1,6,-8,0,2,-11,-1,goodbye
15.79331636428833,2,4,-1,3,5,0,11,4,12,0,-6,-6,-11,-8,goodbye
15.808955669403076,-1,8,3,11,7,-2,1,0,4,5,0,2,-2,0,goodbye
15.808955669403076,0,4,1,-1,-3,-2,-6,0,-1,5,11,12,8,6,goodbye
15.825009107589722,7,2,-2,-6,-10,-9,-4,6,9,20,11,11,14,12,goodbye
15.825009107589722,18,9,10,8,-7,-14,-5,1,8,24,9,14,15,17,goodbye
15.841015577316284,20,7,6,6,-5,-8,-12,-8,-6,0,9,10,13,10,goodbye
15.841015577316284,11,2,0,-3,0,-3,-11,-6,-9,-14,9,0,3,0,goodbye
15.857049942016602,0,1,3,-1,2,-5,-8,-4,-9,-10,6,-1,-2,-9,goodbye
15.857049942016602,-6,-9,-2,-9,-2,-12,-13,-12,-16,-9,-1,-2,-4,-18,goodbye
15.87267780303955,-6,-16,-1,-16,-3,-9,-14,-10,-18,-20,-12,-10,-16,-23,goodbye
15.87267780303955,-8,-6,0,0,4,7,0,-4,-22,-38,-17,-18,-28,-20,goodbye
15.887792825698853,-15,-2,-3,11,3,16,9,-2,-26,-42,-14,-18,-18,-9,goodbye
15.887792825698853,-13,-11,0,11,0,10,15,3,-8,-15,-4,-13,1,0,goodbye
15.903905868530272,-13,-19,-4,9,0,8,23,12,17,8,0,-14,7,5,goodbye
15.903905868530272,-23,-21,-18,-4,1,15,22,20,28,29,-14,-21,0,8,goodbye
15.920001983642578,-19,-18,-21,-9,-1,13,11,12,33,46,-34,-29,-8,3,goodbye
15.920001983642578,-1,-12,-5,-4,-7,0,1,0,40,36,-29,-19,-9,2,goodbye
15.936063528060911,1,-13,-7,-20,-15,-6,1,0,33,21,-13,-2,0,9,goodbye
15.936063528060911,0,-9,-21,-29,-15,-5,5,1,12,9,-11,1,1,2,goodbye
15.952194213867188,7,5,-3,-14,-7,-7,4,-3,0,-12,0,4,3,-7,goodbye
15.952194213867188,14,20,12,1,0,-9,-1,-5,-2,-15,30,19,17,0,goodbye
15.967228651046751,15,25,12,6,6,-3,-8,-4,-14,1,28,35,15,6,goodbye
15.967228651046751,16,25,19,16,7,5,-7,-6,-24,5,6,29,3,4,goodbye
15.982986211776732,6,19,16,26,12,13,-1,-8,-17,9,20,13,13,7,goodbye
15.982986211776732,0,17,8,20,22,12,0,0,-11,13,40,19,23,13,goodbye
15.999001264572144,6,18,3,11,15,0,-5,0,-14,0,23,20,8,5,goodbye
15.999001264572144,0,3,0,4,-3,-10,-14,-10,-27,-28,-9,-7,-22,-19,goodbye
16.01410436630249,-13,-12,-7,-9,-3,-3,-23,-7,-29,-47,-23,-24,-35,-31,goodbye
16.01410436630249,-4,-10,-7,-15,1,0,-20,4,-3,-25,-9,-7,-12,-6,goodbye
16.02963423728943,9,-1,5,-9,-2,-7,-6,5,17,7,9,8,8,10,goodbye
16.02963423728943,10,0,8,0,-5,-11,2,5,18,18,13,5,10,1,goodbye
16.045695781707764,2,1,3,1,-5,-7,2,10,14,15,5,1,11,2,goodbye
16.045695781707764,-3,0,1,-1,-8,2,10,8,9,8,2,4,9,12,goodbye
16.061769247055054,-4,-12,-6,-8,-8,3,15,0,0,-11,1,2,-2,6,goodbye
16.061769247055054,-4,-10,-3,-4,-2,-12,-4,-3,-9,-29,-3,-2,-8,-2,goodbye
16.083066701889038,-3,11,7,14,4,-9,-15,-1,-6,-20,0,-1,0,4,sil
16.083066701889038,2,13,8,13,5,5,-1,0,-2,-4,0,0,0,6,sil
16.08407211303711,5,-2,2,1,1,0,1,-2,-13,-11,-15,-7,-13,-5,sil
16.092140913009644,0,-7,-4,1,1,-1,4,0,-2,0,-19,-16,-13,-10,sil
16.108118057250977,-2,-3,-5,5,6,13,16,5,30,36,-6,-9,0,-1,sil
16.108118057250977,-5,-2,-6,8,8,12,14,0,26,36,-4,-9,0,0,sil
16.123730897903442,-10,-3,-1,12,3,7,7,-4,-4,6,-6,-17,-6,-3,sil
16.123730897903442,-11,-8,1,1,1,16,15,1,-4,8,-6,-15,-6,-5,sil
16.139198780059814,-8,-17,-16,-10,1,19,29,7,15,23,-13,-13,-2,0,sil
16.139198780059814,-7,-23,-22,-20,-5,7,19,3,17,13,-12,-10,0,5,sil
16.155197143554688,-5,-14,-8,-24,-12,0,-2,-2,9,4,-3,-9,4,3,sil
16.155197143554688,0,-4,-4,-18,-7,-4,-10,-7,6,7,-3,-8,13,-1,sil
16.169990301132202,10,-1,1,-10,-6,-8,-6,0,8,7,1,15,23,4,sil
16.169990301132202,20,7,10,-1,-12,-13,-9,4,9,0,22,49,28,16,sil
16.18519139289856,24,22,18,9,-5,-14,-15,0,0,-9,28,49,21,14,sil
16.18519139289856,18,23,20,13,3,-10,-13,-5,-5,-12,25,29,12,7,sil
16.200834035873413,5,17,8,6,0,-9,-18,-6,-15,-20,22,16,1,-1,sil
16.200834035873413,-7,9,0,-5,-1,-10,-24,-4,-32,-36,7,5,-19,-20,sil
16.216253995895386,-12,0,-1,-5,5,-8,-14,-7,-38,-31,-3,-9,-30,-26,sil
16.216253995895386,-5,5,6,11,11,0,-8,-8,-27,-12,0,-11,-20,-14,sil
16.232097625732422,-5,15,9,25,12,16,-3,0,-17,-2,-2,-12,-14,-9,sil
16.232658863067627,-16,2,-6,17,9,20,15,7,-8,4,-13,-23,-13,-10,sil
16.24727439880371,-15,-15,-17,-1,6,13,27,12,6,11,-22,-25,-7,2,sil
16.26196575164795,-10,-20,-22,-11,3,15,26,10,27,12,-31,-22,-5,12,sil
16.26196575164795,-11,-18,-18,-17,-5,7,15,2,27,7,-27,-14,-4,7,sil
16.278822898864746,0,-15,-5,-22,-16,-19,-9,1,11,0,-4,0,3,5,sil
16.278822898864746,16,-5,-2,-13,-14,-30,-20,1,1,-1,17,11,12,8,sil
16.278822898864746,24,8,6,2,0,-14,-8,0,-5,0,22,21,17,8,sil
16.294039011001587,23,20,15,9,6,-8,-8,-10,-21,-12,24,28,20,8,sil
16.309626579284668,14,21,18,15,3,-13,-19,-17,-32,-26,20,14,8,2,sil
16.309626579284668,0,17,16,29,6,0,-11,-11,-22,-14,5,-2,-3,-3,sil
16.325262784957886,-8,6,3,24,8,11,-1,-3,-8,5,-7,-12,-7,-8,sil
16.325262784957886,-13,-2,0,6,4,11,4,1,0,9,-12,-19,-12,-13,sil
16.34112572669983,-10,0,8,15,7,20,20,10,20,16,-8,-15,-6,-7,sil
16.34112572669983,-2,0,2,16,7,23,19,12,34,22,-9,-10,0,3,sil
16.356727361679077,-3,-17,-9,-12,-6,15,11,10,29,23,-20,-13,-9,5,sil
16.356727361679077,-5,-20,-17,-26,-9,17,28,13,35,33,-13,-6,0,7,sil
16.371919631958008,-5,-9,-10,-19,0,17,29,15,43,31,6,14,20,17,sil
16.371919631958008,-3,-12,-11,-28,-4,0,11,5,36,19,7,10,17,14,sil
16.387076377868652,4,-19,-12,-34,-15,-17,6,-4,20,15,-1,5,7,2,sil
16.387076377868652,11,-10,3,-24,-12,-26,-3,-5,0,0,10,21,10,2,sil
16.40221881866455,11,0,6,-15,-8,-27,-22,-5,-15,-27,27,22,15,3,sil
16.40221881866455,9,7,5,-11,-7,-17,-27,-6,-17,-31,21,11,7,-6,sil
16.41822600364685,0,15,11,5,-2,-12,-27,-9,-20,-14,12,12,-2,-11,sil
16.41822600364685,-6,18,12,20,2,-18,-29,-13,-30,-17,10,9,-7,-9,sil
16.434122562408447,-1,16,14,20,1,-8,-25,-8,-39,-36,0,-2,-13,-14,sil
16.434122562408447,-3,8,5,15,0,9,-12,-4,-36,-28,-6,-9,-15,-13,sil
16.449687480926514,-9,1,-6,12,10,15,4,-1,-26,-7,-11,-13,-16,-7,sil
16.449687480926514,-7,4,-11,16,19,18,23,4,-18,-4,-25,-26,-22,-14,sil
16.46493935585022,-9,0,-12,16,6,14,26,3,-15,-12,-31,-30,-24,-18,sil
16.46493935585022,-15,-11,-11,4,-3,9,13,1,-7,-10,-20,-17,-14,-8,sil
16.48080015182495,-8,-12,-11,1,1,12,7,5,3,7,-14,-12,0,2,sil
16.48080015182495,5,-2,1,7,2,13,11,6,8,23,-11,-6,4,11,sil
16.496143341064453,17,3,12,7,0,1,6,3,18,22,2,16,11,18,sil
16.496143341064453,21,0,5,1,5,-8,-3,1,31,15,13,23,21,22,sil
16.511729955673218,16,-12,0,-11,1,-10,-4,1,32,12,12,16,26,25,sil
16.511729955673218,12,-11,-2,-17,-3,-7,-4,0,24,11,18,19,28,22,sil
16.52688765525818,16,8,5,-6,1,-8,-14,0,14,7,33,30,29,16,sil
16.52688765525818,13,19,12,0,0,-12,-21,-3,0,2,31,20,12,5,sil
16.542059421539307,0,12,3,-1,-6,-13,-20,-14,-17,-3,6,-3,-18,-16,sil
16.542059421539307,-10,13,3,6,1,-3,-12,-8,-25,-8,-4,-16,-27,-22,sil
16.55765676498413,-13,13,0,7,9,6,4,3,-10,-11,-4,-22,-18,-14,sil
16.55765676498413,-23,-2,-9,-5,0,3,15,1,-2,-13,-26,-35,-22,-20,sil
16.573139905929565,-26,-11,-7,-4,-2,7,19,5,0,1,-31,-31,-15,-13,sil
16.573139905929565,-10,1,-3,13,5,24,32,18,23,24,6,-2,7,13,sil
16.588653326034546,-3,1,-2,11,2,25,32,14,36,25,10,7,11,13,sil
16.588653326034546,-17,-25,-13,-19,-16,4,14,0,12,14,-24,-11,1,-5,sil
16.603851318359375,-18,-35,-13,-34,-24,-11,0,-4,0,4,-25,-14,-4,-2,sil
16.603851318359375,0,-12,2,-15,-14,-6,-4,-4,5,-13,-3,6,-3,5,sil
16.619683504104614,15,-2,3,-2,-2,-1,-9,-4,1,-20,-2,18,12,2,sil
16.619683504104614,18,0,4,-6,0,-10,-15,0,-4,-12,0,25,19,4,sil
16.634979009628296,17,8,7,-5,2,-14,-24,-1,-11,-17,15,28,4,2,sil
16.634979009628296,15,9,1,-7,0,-9,-30,-9,-27,-31,19,16,0,-8,sil
16.65060567855835,16,5,1,-10,-3,-10,-23,-1,-28,-18,18,12,10,-4,sil
16.65060567855835,13,10,4,-1,3,-14,-15,1,-15,1,18,9,6,6,sil
16.66619110107422,0,16,11,8,12,-4,-14,-6,-9,0,16,0,-7,0,sil
16.66619110107422,-3,15,11,19,12,5,-4,-6,0,0,18,-1,-9,-6,sil
16.681850910186768,0,5,4,18,10,0,8,3,1,3,7,0,-6,-8,sil
16.681850910186768,-6,-1,0,6,4,-1,13,3,-5,2,-9,-6,-9,-12,sil
16.697598218917847,-9,1,0,13,0,4,15,-2,-3,5,-7,-10,-9,-6,sil
16.697598218917847,-6,2,5,20,0,2,14,0,-6,4,-8,-9,-12,1,sil
16.713367700576782,-6,-1,2,13,2,11,23,8,-7,5,-17,-18,-13,0,sil
16.72812056541443,-3,0,-5,14,1,23,31,6,11,23,-14,-21,-7,6,sil
16.72812056541443,-3,-5,-2,12,-1,19,17,3,19,23,-12,-18,-9,11,sil
16.72812056541443,-14,-15,-5,3,-2,13,6,0,15,14,-13,-17,-6,5,sil
16.74372172355652,-14,-9,-11,2,2,16,10,0,20,20,-10,-8,6,5,sil
16.74472165107727,0,0,-11,-1,7,9,7,1,20,20,-14,-1,12,7,sil
16.759077072143555,9,0,-3,-9,5,-5,-1,2,13,4,-12,2,13,9,sil
16.774889707565308,8,-2,5,-7,-7,-8,-11,3,10,-3,9,17,21,16,sil
16.774889707565308,6,-5,-7,-13,-15,-5,-18,-3,2,-1,22,21,26,9,sil
16.79096484184265,11,-3,-8,-18,-3,-6,-11,-7,-4,-9,14,16,20,3,sil
16.79096484184265,17,7,4,-3,5,-7,-3,0,0,-18,5,22,9,5,sil
16.79096484184265,7,4,-1,-7,-2,-11,-11,3,-1,-22,8,15,0,-7,sil
16.80671215057373,-3,-9,-3,-31,-4,-16,-19,-2,-15,-26,14,1,-2,-17,sil
16.80671215057373,-7,-3,0,-26,-3,-19,-13,-8,-25,-29,5,-6,-10,-16,sil
16.82175588607788,-10,2,-2,-7,-16,-18,-13,-5,-18,-22,-8,-8,-16,-18,sil
16.82175588607788,-6,-1,1,-5,-15,-12,-16,-1,-6,-3,0,-3,-4,-9,sil
16.837612867355347,3,-1,8,-5,0,-10,-16,-5,-14,-7,6,-1,-3,0,sil
16.85384464263916,0,1,4,-7,-1,-10,-12,-4,-23,-23,-12,-6,-18,-10,sil
16.85384464263916,-6,-1,-7,-6,-2,4,5,5,0,-3,-23,-10,-16,-10,sil
16.85384464263916,-4,-2,-2,8,11,17,20,9,23,19,-14,-8,-9,0,sil
16.868428468704224,0,9,8,23,15,13,16,4,12,11,-4,-6,-7,1,sil
16.884071350097656,2,20,3,23,9,12,15,-1,0,9,5,-2,0,0,sil
16.884071350097656,4,12,8,21,14,13,19,0,3,29,8,1,7,2,sil
16.900073766708374,2,4,11,22,13,6,16,5,12,35,10,9,12,7,sil
16.900073766708374,3,9,9,22,0,0,2,0,11,18,17,18,13,13,sil
16.915642738342285,5,7,10,20,-2,1,-6,0,3,6,17,10,3,8,sil
16.915642738342285,1,-3,1,9,0,6,0,6,0,11,11,-2,0,4,sil
16.930981397628784,0,-5,-4,-6,3,18,8,5,0,11,6,0,5,10,sil
16.930981397628784,-4,-3,-2,-8,2,17,7,-3,-3,0,-2,0,5,3,sil
16.946370363235474,-7,-9,-2,-5,-1,3,3,-4,-8,-8,-14,-16,-7,-6,sil
16.946370363235474,-4,-12,-6,-15,-7,2,11,1,0,-4,-10,-13,-10,0,sil
16.961990356445312,-2,-15,-17,-26,-6,0,15,3,17,0,0,0,3,7,sil
16.961990356445312,-6,-16,-14,-23,-5,-11,0,-1,16,-6,-1,0,5,2,sil
16.977890968322754,-1,-8,-3,-1,-8,-8,-7,-6,1,-10,-9,-1,-2,0,sil
16.977890968322754,11,0,4,14,-11,-9,-6,-3,2,1,-2,7,4,7,sil
16.99391746520996,16,0,3,1,-7,-20,-24,0,2,0,2,14,15,8,sil
16.99391746520996,7,1,-8,-9,0,-20,-37,-4,-18,-30,-1,5,1,-7,sil
17.009389877319336,0,13,4,2,0,-11,-29,-6,-29,-44,-1,6,-14,-19,sil
17.009389877319336,4,23,22,15,2,0,-7,1,-11,-16,3,11,-7,-9,sil
17.024940013885498,6,17,9,15,13,8,6,2,-6,0,-4,-5,-3,-2,sil
17.024940013885498,-13,0,-3,5,12,11,6,-2,-22,-7,-24,-33,-24,-19,sil
17.040085792541504,-36,-17,-16,-12,-1,15,12,-3,-15,2,-35,-44,-35,-32,sil
17.040085792541504,-30,-20,-20,-18,-8,15,18,3,2,17,-34,-30,-22,-14,sil
17.05618667602539,-3,-12,-5,-1,-3,3,11,5,10,11,-16,-6,0,6,sil
17.05618667602539,13,-7,0,0,-4,-10,1,1,18,11,9,14,15,15,sil
17.07205319404602,19,-1,-1,-12,-6,-10,0,7,30,21,30,35,32,26,sil
17.07205319404602,24,5,6,-11,2,-4,5,13,34,25,49,47,51,33,sil
17.08765935897827,24,10,16,-1,10,-10,3,5,20,13,48,41,48,18,sil
17.08765935897827,14,17,6,7,7,-8,-3,-3,0,-4,14,18,14,0,sil
17.10364270210266,3,13,-1,13,0,5,0,-5,-10,-8,-3,-3,-3,0,sil
17.10364270210266,-5,0,1,5,-2,7,5,-5,-18,-1,9,-8,-1,-1,sil
17.119201183319092,-11,0,-5,3,0,-1,-4,-9,-25,-6,7,-11,-10,-10,sil
17.119201183319092,-8,8,3,9,1,1,-18,-6,-12,-5,-1,-7,-19,-6,sil
17.134406089782715,-1,10,21,12,7,13,-5,1,9,12,8,0,-5,6,sil
17.134406089782715,-2,2,5,7,6,8,6,0,12,16,8,-1,0,3,sil
17.150041580200195,-11,-3,-7,-3,0,-1,-1,-1,0,0,-13,-12,-14,-9,sil
17.150041580200195,-12,-6,-10,-9,-4,-5,-5,0,-3,-9,-24,-22,-22,-13,sil
17.165632247924805,-8,-3,-13,-8,-2,-6,0,0,0,-16,-25,-23,-19,-13,sil
17.165632247924805,-7,-4,-5,-11,-2,0,2,3,1,-16,-22,-13,-12,-8,sil
17.180922508239746,-1,-10,-2,-6,-2,2,3,7,3,-4,-7,-3,-2,0,sil
17.180922508239746,4,-8,-1,0,0,-1,-3,3,1,-8,-2,0,0,1,sil
17.196070671081543,7,0,-3,-5,0,0,-6,-5,0,-18,-8,0,-1,-3,sil
17.196070671081543,9,1,2,-5,1,5,0,-3,-2,-10,-4,4,2,0,sil
17.2119460105896,8,2,10,0,4,5,7,4,-1,3,2,11,9,10,sil
17.2119460105896,4,-3,-2,-3,0,0,8,0,0,14,3,9,9,12,sil
17.22708225250244,7,-3,-4,-2,-6,-1,5,-8,-2,15,8,7,6,3,sil
17.22708225250244,4,5,4,12,-3,6,4,-2,0,10,10,5,5,0,sil
17.242807865142822,-2,0,4,5,1,7,4,6,7,12,3,0,4,3,sil
17.242807865142822,-3,-9,0,-9,-2,-1,1,5,3,9,0,-1,2,-2,sil
17.257878303527832,-7,-1,-2,1,-3,-4,-2,-2,-5,-3,1,-1,-1,-14,sil
17.257878303527832,-18,3,2,9,0,0,-7,-1,-6,-6,2,-1,-9,-9,sil
17.273032188415527,-18,-1,0,0,-1,-1,-6,-1,-9,0,-3,-9,-12,-6,sil
17.273032188415527,-5,-4,-6,6,3,2,1,-4,-10,0,-8,-13,-12,-12,sil
17.28888726234436,7,7,4,27,17,15,12,0,4,6,0,0,-5,0,sil
17.28888726234436,10,15,10,27,3,8,13,4,15,10,0,11,4,15,sil
17.304891109466553,2,0,1,3,-13,-11,-4,0,0,-7,-15,5,5,5,goodbye
17.304891109466553,5,-9,1,-3,-11,-16,-13,-1,-9,-13,1,10,11,2,goodbye
17.320931434631348,19,1,12,5,-10,-19,-9,-1,-3,-4,26,24,21,21,goodbye
17.320931434631348,14,7,9,0,-16,-26,-16,-3,-9,-14,14,20,7,17,goodbye
17.336687088012695,4,0,-5,-8,-10,-17,-19,-2,-6,-24,1,8,-3,-2,goodbye
17.336687088012695,16,7,6,4,7,5,-3,2,13,-5,14,17,13,4,goodbye
17.351746082305908,22,19,15,18,19,20,12,7,23,23,26,27,28,19,goodbye
17.351746082305908,4,5,-5,4,18,12,8,3,11,25,13,4,12,6,goodbye
17.367119073867798,-8,-6,-13,-12,10,4,1,0,-2,3,-5,-15,-6,-6,goodbye
17.38265299797058,-8,-3,-10,-10,5,13,10,2,0,-1,-2,-17,-4,-3,goodbye
17.38265299797058,-10,-4,-14,-18,4,13,10,4,9,6,-3,-22,-5,-3,goodbye
17.38265299797058,-18,-9,-22,-34,7,0,5,3,12,1,-18,-30,-14,-11,goodbye
17.398776054382324,-20,-6,-26,-30,8,-2,6,0,10,0,-23,-30,-12,-13,goodbye
17.398776054382324,-23,-11,-22,-34,2,4,5,0,12,5,-24,-34,-9,-14,goodbye
17.414239645004272,-27,-24,-29,-56,-8,-1,3,0,12,3,-32,-43,-14,-18,goodbye
17.430843591690063,-23,-19,-25,-48,-17,-12,-3,-3,-4,-3,-25,-30,-17,-20,goodbye
17.430843591690063,-12,-2,-6,-15,-14,-12,-14,-7,-21,-11,-9,-12,-15,-21,goodbye
17.445929050445557,-3,6,6,2,-3,-6,-12,-6,-14,-15,-1,-4,-9,-15,goodbye
17.445929050445557,7,10,23,16,0,-5,-9,-7,-7,-11,1,8,-4,0,goodbye
17.445929050445557,20,11,29,35,-4,-8,-11,-10,-16,0,13,21,-1,8,goodbye
17.46098232269287,22,10,31,43,-1,-5,-10,-6,-19,8,25,28,4,12,goodbye
17.476926565170288,19,15,39,48,0,9,-8,-1,-7,6,27,39,14,18,goodbye
17.476926565170288,20,12,34,49,-3,13,-6,-1,-5,-1,25,43,17,13,goodbye
17.476926565170288,19,9,25,34,-5,2,3,4,-16,-6,22,37,6,5,goodbye
17.49207854270935,18,16,18,30,0,6,17,8,-13,1,13,30,3,11,goodbye
17.507845640182495,15,17,21,40,11,16,23,7,2,7,5,28,10,22,goodbye
17.507845640182495,5,2,13,28,17,16,28,9,11,4,5,17,11,16,goodbye
17.523057460784912,-11,-10,-18,-3,5,10,24,8,9,0,-2,-11,2,0,goodbye
17.523057460784912,-17,-12,-22,-13,-2,6,8,4,10,1,-16,-22,-4,0,goodbye
17.539933919906616,-5,-11,-11,2,6,3,7,0,19,9,-12,-11,1,12,goodbye
17.539933919906616,-1,-12,-16,-4,11,-3,3,-3,18,3,-7,-12,6,9,goodbye
17.539933919906616,-15,-15,-27,-37,-1,-15,-21,-6,-2,-18,-16,-21,-8,-15,goodbye
17.55413269996643,-20,-17,-33,-39,-13,-24,-32,-15,-21,-28,-14,-25,-19,-34,goodbye
17.56967306137085,-6,-9,-16,-17,-3,-18,-22,-11,-12,-13,-2,-20,-4,-21,goodbye
17.56967306137085,3,4,2,-10,5,0,-13,6,8,-1,-3,-11,4,0,goodbye
17.585204362869263,2,4,-5,-18,-3,-3,-11,6,6,-8,-12,-7,-6,0,goodbye
17.585204362869263,2,-6,-9,-22,-15,-17,-6,3,1,-3,0,-2,-1,-3,goodbye
17.60082483291626,14,0,7,-8,-9,-7,7,16,20,25,23,11,26,16,goodbye
17.60082483291626,12,14,14,2,0,4,12,12,20,28,18,14,21,18,goodbye
17.615926504135132,-3,7,-4,-6,-1,4,6,-6,0,10,-7,-2,-3,-7,goodbye
17.615926504135132,-10,-3,-12,-10,-7,6,7,-5,0,13,0,-4,-5,-11,goodbye
17.63215732574463,-7,0,2,1,-2,14,8,0,5,17,13,4,-3,0,goodbye
17.63215732574463,-9,3,2,5,4,15,3,-6,-2,0,-3,0,-16,-4,goodbye
17.64769220352173,-5,0,1,-2,7,5,-4,-5,-9,-19,-17,-1,-17,-6,goodbye
17.64769220352173,-4,0,-3,-5,0,-6,-9,-1,-10,-15,-6,3,-9,-3,goodbye
17.662909746170044,-5,4,-2,2,2,-4,-1,-4,-8,5,0,-3,-6,-3,goodbye
17.662909746170044,8,10,17,17,23,9,9,0,1,17,0,0,5,7,goodbye
17.678288459777832,23,10,17,23,24,13,14,5,6,15,14,14,22,22,goodbye
17.678288459777832,14,0,2,4,0,5,5,2,4,6,21,15,20,18,goodbye
17.6943256855011,-3,-16,-3,-16,-18,-9,-6,2,0,-5,0,0,2,-2,goodbye
17.6943256855011,-14,-24,-10,-19,-14,-20,-11,0,-10,-22,-23,-20,-14,-26,goodbye
17.709904193878174,-11,-12,-3,-1,-3,-6,0,1,-7,-17,-9,-12,-10,-15,goodbye
17.709904193878174,4,6,11,22,0,10,13,2,7,2,15,1,7,12,goodbye
17.72533082962036,2,4,3,17,-4,2,4,-5,0,-4,0,-5,1,3,goodbye
17.72533082962036,-12,-3,-9,-7,-1,-5,-7,-10,-16,-22,-21,-14,-15,-16,goodbye
17.741960048675537,0,2,2,-4,8,0,-8,-4,-7,-15,0,2,-5,0,goodbye
17.741960048675537,13,10,17,14,10,1,-7,0,1,-9,21,16,10,15,goodbye
17.757166385650635,6,9,10,15,7,-4,-3,0,-1,-7,13,11,11,7,goodbye
17.757166385650635,5,6,4,1,3,-7,0,-1,-3,3,1,8,6,0,goodbye
17.77281093597412,14,7,7,-1,-5,-6,-6,0,-2,11,-1,5,1,-1,goodbye
17.77281093597412,5,11,2,8,-9,-5,-14,2,-4,7,-3,1,0,1,goodbye
17.78795623779297,-8,5,0,13,-8,-8,-18,1,-7,-8,-5,6,-3,-1,goodbye
17.78795623779297,-8,-5,-8,1,-7,-6,-6,0,-3,-9,-2,7,-4,-8,goodbye
17.803659677505493,1,-3,-7,-4,3,3,7,1,1,5,5,2,0,-1,goodbye
17.803659677505493,4,3,5,4,12,16,15,9,8,16,8,6,5,8,goodbye
17.818857669830322,-7,-3,-6,0,0,16,19,7,14,19,0,-1,-4,1,goodbye
17.818857669830322,-19,-12,-17,-15,-14,9,14,0,14,18,-10,-19,-16,-10,goodbye
17.834749937057495,-8,-4,-9,-7,-1,16,17,0,7,12,-5,-15,-8,-9,goodbye
17.834749937057495,3,3,-2,3,12,21,23,0,3,0,-5,-6,-3,-2,goodbye
17.85079789161682,0,0,1,-2,3,8,14,0,1,1,-14,-5,-10,0,goodbye
17.85079789161682,4,-3,3,0,-2,-4,4,1,4,12,0,2,3,6,goodbye
17.866052865982056,14,0,9,1,2,-6,0,6,7,8,21,20,25,17,goodbye
17.866052865982056,13,6,5,0,3,-7,-14,0,-1,-8,22,20,19,18,goodbye
17.881981372833252,12,8,-1,4,6,-11,-17,-10,-15,-10,6,6,1,12,goodbye
17.881981372833252,5,-3,-4,-2,3,-13,-6,-4,-12,-3,-7,-11,-6,8,goodbye
17.89705729484558,-22,-28,-19,-25,-11,-20,-6,-1,0,-2,-20,-29,-15,-6,goodbye
17.89705729484558,-31,-30,-26,-32,-9,-13,-12,-4,1,-9,-25,-30,-21,-24,goodbye
17.912653923034668,-10,-7,-12,-17,2,3,0,-2,5,-11,-24,-19,-17,-17,goodbye
17.912653923034668,-5,-5,-7,-4,-8,-4,-3,-5,8,-8,-16,-14,-11,-8,goodbye
17.927821397781372,-17,-16,-10,-9,-23,-17,-26,-3,0,-14,-9,-12,-6,-14,goodbye
17.927821397781372,-8,-4,-3,-6,-6,-3,-21,6,0,-14,0,0,4,-8,goodbye
17.94311237335205,20,20,23,17,14,7,4,8,12,2,27,29,30,15,goodbye
17.94311237335205,31,27,32,24,3,1,10,3,15,16,45,38,49,19,goodbye
17.95895552635193,14,15,13,8,-11,0,1,0,-4,1,28,19,32,0,goodbye
17.95895552635193,3,17,14,14,5,6,1,-2,-16,-6,13,14,6,-4,goodbye
17.97408175468445,6,27,16,28,23,6,6,-1,-5,4,17,9,3,1,goodbye
17.97408175468445,0,13,7,5,12,2,1,0,-4,3,4,-6,0,-2,goodbye
17.98969340324402,-5,-1,4,-3,5,9,0,0,-21,-7,-5,-4,-11,-5,goodbye
17.98969340324402,-3,6,6,22,12,21,8,0,-17,-1,0,0,-15,0,goodbye
18.007840394973755,-9,10,2,27,11,29,24,1,2,18,-5,-10,-15,1,sil
18.007840394973755,-3,-2,-2,14,8,25,39,5,16,39,-12,-4,-6,7,sil
18.020891904830933,13,-6,2,4,0,3,23,5,18,30,-8,14,3,19,sil
18.020891904830933,13,-9,1,-14,-15,-15,-3,2,13,-2,-12,8,0,14,sil
18.03678274154663,0,-20,-13,-28,-21,-13,-11,-4,8,-12,-19,-5,-5,3,sil
18.03678274154663,0,-18,-12,-26,-11,-11,-17,-9,-1,-12,-12,2,0,0,sil
18.05179452896118,2,-8,-10,-23,-5,-22,-27,-7,-20,-29,-1,6,3,-9,sil
18.05179452896118,0,-4,-13,-17,-9,-25,-27,-2,-28,-32,0,-3,-8,-19,sil
18.06794762611389,-4,0,-4,-5,-11,-16,-26,-7,-24,-19,-2,-7,-19,-16,sil
18.06794762611389,-8,0,-3,-1,0,-13,-20,-8,-26,-19,1,-3,-15,-12,sil
18.08896899223328,-9,0,-4,0,9,-5,-8,7,-15,-17,1,-4,-14,-8,sil
18.08996820449829,-12,0,-3,9,12,10,8,11,11,4,0,-15,-13,-5,sil
18.09939026832581,-19,0,-1,15,9,15,18,3,21,20,-2,-21,-4,-3,sil
18.09939026832581,-20,-9,-4,11,5,16,22,10,15,22,-10,-14,0,2,sil
18.11527943611145,-5,-13,-12,4,1,22,29,15,28,28,-6,-7,7,12,sil
18.11527943611145,13,-3,-3,-8,0,17,25,7,44,28,9,3,19,20,sil
18.130903005599976,16,1,0,-21,-6,-1,5,0,33,19,11,13,22,17,sil
18.130903005599976,13,0,2,-19,-11,-17,-10,-7,7,5,10,12,16,4,sil
18.14702415466309,20,14,13,-2,-5,-13,-9,-8,-4,-9,19,17,12,-3,sil
18.14702415466309,20,30,17,18,3,-4,-4,-5,-5,-11,11,14,3,-5,sil
18.161757946014404,0,20,16,20,10,-2,-7,-3,-14,-9,-5,-3,-13,-12,sil
18.17806386947632,-15,4,10,12,7,4,-4,-4,-21,-15,-11,-21,-16,-12,sil
18.17806386947632,-15,-1,-1,10,2,16,10,-3,-16,-10,-18,-18,-12,0,sil
18.17806386947632,-17,-14,-7,3,-1,17,18,0,-3,7,-23,-6,-9,3,sil
18.19266557693481,-18,-23,-15,-9,-8,3,5,2,9,16,-8,-5,5,1,sil
18.208075761795044,-6,-16,-13,-12,-9,-11,-10,1,11,12,4,0,20,6,sil
18.208075761795044,6,-4,-2,-9,0,-10,-9,0,4,6,13,20,20,7,sil
18.22335290908813,15,3,7,-5,10,-6,-4,-1,0,-6,21,30,17,2,sil
18.22335290908813,20,15,18,8,2,-9,-9,0,-6,-17,21,20,15,4,sil
18.23908495903015,20,22,12,23,-4,-9,-11,0,-8,-10,16,11,5,8,sil
18.23908495903015,21,23,12,21,4,-2,-10,-2,-10,-7,10,11,-2,4,sil
18.25477600097656,16,18,17,5,9,1,-7,0,-17,-12,6,6,-4,-3,sil
18.25477600097656,-2,-3,1,-10,0,0,0,-3,-20,-10,-1,-6,-7,-7,sil
18.269737482070923,-15,-15,-10,-16,-7,1,2,-6,-19,-6,-15,-15,-17,-10,sil
18.269737482070923,-15,-9,-14,-4,-3,3,2,-4,-17,-3,-22,-24,-18,-13,sil
18.285134315490723,-22,-14,-16,0,-3,5,9,-1,-9,2,-22,-30,-16,-13,sil
18.285134315490723,-23,-23,-13,-7,-4,11,16,4,4,10,-23,-22,-18,-10,sil
18.30078721046448,-9,-21,-9,-12,-3,9,14,11,23,14,-13,-9,-10,0,sil
18.30078721046448,-3,-17,-9,-13,-4,0,7,10,32,15,1,1,6,11,sil
18.3162784576416,0,-5,-15,-15,-5,-3,0,2,27,8,4,5,14,11,sil
18.3162784576416,9,9,-7,-15,0,-9,-12,2,17,-7,12,14,8,0,sil
18.332070350646973,18,15,11,-3,4,-14,-19,3,10,-14,26,25,8,0,sil
18.332070350646973,18,25,19,13,8,-10,-16,-1,3,-5,22,24,11,8,sil
18.34783411026001,14,36,20,22,15,-4,-12,0,-3,-3,12,16,1,10,sil
18.34783411026001,7,23,13,20,14,1,-2,5,-3,0,9,3,-5,2,sil
18.362877368927,0,4,9,14,6,14,12,-2,-4,9,0,-13,-5,0,sil
18.362877368927,-6,0,7,12,4,19,19,-10,-15,12,-13,-18,-9,5,sil
18.378363609313965,-15,-5,-6,15,3,11,14,-5,-21,11,-14,-14,-12,0,sil
18.378363609313965,-20,-20,-14,2,-5,3,10,-2,-15,10,-17,-24,-10,-14,sil
18.394460678100582,-15,-23,-17,-15,-14,0,12,-7,-6,0,-28,-31,-12,-14,sil
18.394460678100582,-3,-18,-14,-17,-13,-1,14,-5,3,-2,-28,-13,-8,-1,sil
18.41008996963501,6,-12,1,-11,-5,0,9,6,21,13,-4,16,19,12,sil
18.41008996963501,11,-3,8,-8,-3,-9,0,8,31,20,23,31,43,23,sil
18.42563414573669,10,0,3,-6,-13,-19,-17,1,13,0,20,24,25,10,sil
18.42563414573669,2,-5,-8,-7,-15,-12,-27,-2,-10,-19,0,9,0,-12,sil
18.44100952148437,0,-5,-7,-8,-2,-2,-23,-3,-11,-19,2,7,0,-16,sil
18.44100952148437,5,0,4,-7,3,-2,-8,0,2,-16,14,15,1,-10,sil
18.456254720687863,9,2,0,-3,1,-2,0,5,5,-20,7,4,-1,-7,sil
18.456254720687863,3,10,0,7,5,1,-3,3,-6,-21,2,-1,-1,0,sil
18.472124814987183,4,20,13,16,13,6,-3,-2,-13,-8,13,2,1,2,sil
18.472124814987183,5,17,13,15,12,1,-4,-7,-12,-1,16,-1,-1,-2,sil
18.487497568130493,-3,14,7,15,6,-4,-11,-5,-17,-7,-4,-14,-14,-6,sil
18.487497568130493,-17,4,-7,15,0,4,-2,-5,-19,-7,-23,-27,-23,-9,sil
18.502811670303345,-23,-11,-11,5,-4,16,12,-5,-16,3,-15,-26,-24,-10,sil
18.502811670303345,-19,-8,1,12,3,16,16,0,-9,12,-4,-16,-16,-2,sil
18.51887607574463,-8,1,7,24,15,12,23,7,-3,16,-11,-9,-11,2,sil
18.51887607574463,-3,-6,0,3,7,17,33,9,6,23,-8,-2,-6,11,sil
18.534953832626343,3,-14,-6,-13,-4,16,29,7,28,38,7,3,11,27,sil
18.534953832626343,18,-4,1,-6,0,1,12,12,39,39,5,10,21,31,sil
18.55098581314087,22,4,6,-5,3,-10,1,13,38,26,9,25,26,18,sil
18.55098581314087,14,3,-5,-14,-4,-15,-2,4,35,15,27,32,37,12,sil
18.567312955856323,8,-5,-13,-25,-11,-24,-22,-4,16,-5,13,17,24,2,sil
18.567312955856323,4,-13,-12,-35,-12,-33,-38,-11,-7,-25,-6,4,3,-10,sil
18.582842350006104,7,0,5,-26,-8,-24,-23,-7,-7,-19,8,14,11,-8,sil
18.583172082901,9,14,16,-5,-2,-6,-5,0,-4,-12,19,18,18,-4,sil
18.59791898727417,-2,4,0,-1,0,-1,-11,-4,-19,-25,-5,-3,-9,-13,sil
18.59791898727417,-8,0,-6,-4,0,0,-18,-12,-32,-30,-27,-17,-34,-15,sil
18.613163232803345,3,12,5,9,0,4,-7,-8,-24,-16,-19,-14,-24,-7,sil
18.613163232803345,3,11,10,16,0,8,3,-2,-8,-7,-2,-8,-7,-2,sil
18.628691911697388,-14,-5,-8,0,0,12,4,1,-3,-7,-5,-14,-11,-3,sil
18.628691911697388,-29,-18,-31,-16,-3,10,-1,-2,-16,-12,-23,-33,-25,-17,sil
18.643988847732544,-29,-12,-14,-5,-6,1,-1,-7,-26,-20,-26,-31,-24,-26,sil
18.643988847732544,-14,4,9,16,2,2,9,-2,-15,-12,-6,-8,-11,-12,sil
18.65986609458924,0,7,10,21,11,8,15,3,-1,2,9,8,0,3,sil
18.65986609458924,1,3,6,15,8,12,13,5,11,15,11,8,6,3,sil
18.675127029418945,4,4,3,17,5,11,14,7,21,21,5,2,8,0,sil
18.675127029418945,11,1,7,16,7,8,9,9,18,22,6,2,3,5,sil
18.69063425064087,17,0,11,18,10,9,8,11,20,28,19,13,8,19,sil
18.69063425064087,13,0,12,21,8,7,11,7,25,28,21,16,15,25,sil
18.70577359199524,-1,-7,5,4,0,-6,5,-2,9,9,1,3,4,9,sil
18.70577359199524,-6,-10,-5,-9,-7,-13,0,-8,-6,1,-6,-8,-1,-1,sil
18.72185230255127,0,-4,0,-4,-5,-3,-2,0,0,7,0,-3,4,6,sil
18.72185230255127,0,-2,1,1,-4,0,-6,0,5,0,0,2,6,8,sil
18.73770260810852,1,-6,-5,-5,-15,-6,-10,-5,-2,-10,-5,5,4,0,sil
18.75340795516968,8,-5,-1,-9,-20,-5,-7,0,-2,2,3,15,15,4,sil
18.75340795516968,13,2,1,0,-5,0,0,6,10,13,19,21,26,18,sil
18.75340795516968,13,13,7,10,8,-1,-1,6,10,0,21,26,22,15,sil
18.76865577697754,12,15,7,6,6,-6,-4,1,-4,-10,11,24,14,2,sil
18.769657373428345,5,8,-4,-2,0,-8,-4,-5,-11,-6,0,10,2,-4,sil
18.7846896648407,0,-1,-10,-12,-3,-13,-10,-5,-7,-14,-5,-3,-10,-11,sil
18.80070948600769,-9,-8,-14,-20,-8,-13,-15,0,-8,-25,-5,-12,-15,-19,sil
18.80070948600769,-13,0,-8,-14,-4,1,-1,0,-12,-15,-15,-11,-14,-13,sil
18.80070948600769,-2,13,-1,-9,7,11,11,-1,-5,-1,-19,-8,-13,0,sil
18.81568026542664,3,7,-6,-21,14,-2,0,-1,-1,-6,-10,-14,-12,-1,sil
18.83173942565918,-8,-3,-15,-30,6,-13,-14,-1,-11,-12,-18,-24,-16,-13,sil
18.83173942565918,-20,-10,-24,-29,-1,-4,-8,-3,-14,-4,-30,-32,-21,-14,sil
18.83173942565918,-11,-14,-12,-30,4,6,-5,0,1,0,-19,-26,-17,-5,sil
18.847264528274536,-3,-11,-1,-24,10,10,0,2,15,3,-4,-15,-10,-4,sil
18.863322973251343,-15,-11,-13,-13,0,9,15,3,16,9,-8,-25,-10,-13,sil
18.863322973251343,-16,-3,-10,-2,-5,13,21,6,19,15,-8,-28,-3,-12,sil
18.878472089767456,4,12,11,21,7,14,13,4,18,15,13,-6,12,0,sil
18.878472089767456,14,15,31,40,10,3,4,-1,-3,3,35,14,10,8,sil
18.89504313468933,9,7,38,39,2,4,11,-4,-15,-4,30,16,2,11,sil
18.89504313468933,7,5,23,29,0,12,9,-3,-5,-3,15,18,8,11,sil
18.89504313468933,0,0,10,20,-2,0,-9,-3,-2,-1,16,26,11,4,sil
18.909666061401367,0,0,13,32,-1,-9,-4,0,-2,11,26,31,10,10,sil
18.9252998828888,12,12,24,48,2,3,7,0,-7,24,20,35,12,18,sil
18.9252998828888,10,11,17,37,-3,4,0,-2,-24,5,-1,27,2,5,sil
18.94097852706909,0,-2,-1,15,-12,-7,-1,-2,-26,-15,-13,8,-1,-1,sil
18.94097852706909,0,-10,-2,1,-6,-6,8,2,-3,-9,-3,4,7,9,sil
18.956297159194943,1,-6,-3,-7,0,-2,0,5,11,-3,-3,0,3,4,sil
18.956297159194943,-3,0,-12,-8,-7,-10,-9,0,5,-7,-23,-11,-11,-12,sil
18.971996068954468,-6,0,-14,-2,-8,-9,-6,0,9,1,-26,-12,-5,-8,sil
18.971996068954468,-1,-9,-21,-13,0,0,0,3,20,14,-8,-7,11,2,sil
18.987990617752075,1,-13,-17,-31,0,0,0,3,21,7,-1,-4,12,1,sil
18.987990617752075,6,-4,-12,-29,-7,1,0,4,23,0,0,1,12,3,sil
19.0027244091034,15,0,-12,-24,0,5,-3,4,26,4,1,7,11,15,sil
19.0027244091034,12,-6,-9,-30,5,-3,-10,1,20,3,-1,2,2,8,sil
19.01778674125672,-3,-11,-12,-27,0,-15,-8,3,11,0,1,-8,1,-7,sil
19.01778674125672,-8,-6,-9,-22,-1,-12,-5,1,-3,-7,3,-8,0,-6,sil
19.033113956451416,-1,0,-5,-23,-4,-6,-6,-10,-22,-21,-3,-6,-16,-4,sil
19.033113956451416,2,2,2,-14,-12,-7,-11,-13,-31,-34,-3,-10,-24,-14,sil
19.04862666130066,4,12,13,1,-5,-1,-11,-4,-31,-25,9,-4,-11,-8,goodbye
19.04862666130066,0,19,8,8,9,7,-9,-4,-20,0,18,1,0,0,goodbye
19.06375217437744,-1,19,10,12,16,6,-13,-3,-11,3,13,0,-6,-9,goodbye
19.06375217437744,0,17,17,22,13,2,-6,1,-15,-7,2,-6,-9,-11,goodbye
19.07889437675476,-1,4,6,26,12,4,7,0,-13,3,-4,-9,-7,5,goodbye
19.07889437675476,-15,-3,2,22,16,8,13,-1,-9,18,-9,-11,-11,3,goodbye
19.09444046020508,-23,-3,2,14,15,15,17,-1,-10,6,-6,-14,-15,-13,goodbye
19.09444046020508,-20,-6,-1,2,4,24,21,8,0,0,-4,-12,-9,-11,goodbye
19.1100857257843,-13,-7,-4,6,0,23,24,16,20,18,-8,-3,5,3,goodbye
19.1100857257843,-6,3,0,19,7,8,21,2,21,30,-5,1,15,5,goodbye
19.125306367874146,-2,4,3,12,1,-1,11,-8,12,21,0,2,4,2,goodbye
19.125306367874146,5,-5,0,0,-16,-5,2,-5,13,13,-3,8,3,10,goodbye
19.14089417457581,21,0,7,3,-11,-5,5,7,24,20,5,27,21,21,goodbye
19.14089417457581,27,5,10,11,1,1,16,10,34,27,23,29,25,20,goodbye
19.15691828727722,11,-4,-4,2,-6,-1,9,-1,24,7,7,4,5,10,goodbye
19.15691828727722,5,-2,2,-7,-14,-17,-5,-1,5,-18,-12,5,4,9,goodbye
19.172972917556763,16,4,7,-8,-6,-16,-8,5,-3,-16,0,16,17,8,goodbye
19.172972917556763,5,-15,-8,-19,-11,-9,-16,-2,-14,-16,0,3,0,-3,goodbye
19.18829345703125,-11,-30,-20,-31,-21,-13,-29,-8,-21,-33,-14,-10,-17,-12,goodbye
19.18829345703125,-5,-10,-15,-23,-11,-17,-29,-2,-12,-38,-9,-12,-8,-13,goodbye
19.20400714874268,-3,0,-5,-14,-1,-12,-26,-1,-11,-32,-4,-12,-8,-18,goodbye
19.20400714874268,-10,-7,-9,-18,-4,-6,-23,-5,-16,-27,-3,-5,-13,-20,goodbye
19.218934059143063,0,0,-11,-18,-2,-7,-16,-5,-12,-17,4,1,0,-14,goodbye
19.218934059143063,8,14,-1,-3,5,-6,-8,0,-10,-10,9,-1,2,-12,goodbye
19.234967470169067,4,21,11,21,17,4,5,3,-5,0,15,5,0,-3,goodbye
19.234967470169067,4,29,26,34,26,20,14,2,4,21,29,23,10,11,goodbye
19.25102972984314,5,24,16,29,22,23,19,0,5,33,21,10,7,13,goodbye
19.25102972984314,-15,-4,-4,13,4,13,24,-2,-1,26,-14,-25,-12,0,goodbye
19.26670217514038,-35,-25,-11,-1,-8,11,23,2,1,18,-34,-36,-19,-6,goodbye
19.26670217514038,-20,-20,-11,-1,-6,14,15,5,10,20,-21,-15,-9,1,goodbye
19.28199863433838,2,-8,0,-6,-4,5,3,0,15,23,0,7,4,13,goodbye
19.28199863433838,8,-1,8,-7,-1,-1,1,0,18,15,9,17,18,17,goodbye
19.29714417457581,18,14,16,4,11,0,7,4,13,1,16,24,18,17,goodbye
19.29714417457581,31,25,22,11,15,-4,-1,3,-5,-1,21,21,8,13,goodbye
19.313045024871823,7,13,1,6,0,-14,-19,-6,-21,-8,9,-11,-9,-4,goodbye
19.328782081604004,-23,0,-14,2,-8,-4,-18,-9,-24,-19,-17,-32,-28,-20,goodbye
19.328782081604004,-19,-6,-10,4,-1,17,3,-2,-7,-1,-24,-25,-17,-11,goodbye
19.34495973587036,-6,-18,-11,5,-2,16,16,2,7,12,-15,-14,4,6,goodbye
19.34495973587036,0,-15,-10,0,-9,-2,9,3,10,0,-12,0,7,12,goodbye
19.34495973587036,11,-1,-4,-12,-6,-10,-1,2,14,-1,4,23,12,9,goodbye
19.3599956035614,18,0,3,-17,-1,-6,-10,0,12,0,22,27,16,3,goodbye
19.3599956035614,11,-4,0,-4,-4,-10,-10,0,0,-18,10,13,7,0,goodbye
19.376099586486816,11,-3,-1,-5,-4,-18,-12,1,0,-13,3,15,10,0,goodbye
19.376099586486816,18,7,11,-12,6,-9,-12,1,4,0,13,21,16,0,goodbye
19.3921480178833,13,18,12,0,12,1,0,-3,-6,-9,10,5,0,-2,goodbye
19.3921480178833,0,12,11,11,8,-6,-1,-5,-18,-24,-1,-5,-15,-3,goodbye
19.407763481140137,-4,5,10,1,3,-11,-7,0,-16,-11,-7,-3,-11,-12,goodbye
19.423874139785767,-6,10,4,1,2,1,5,1,-12,1,-4,-7,-8,-19,goodbye
19.423874139785767,-16,6,0,6,-1,5,10,2,-17,-4,-1,-14,-16,-15,goodbye
19.423874139785767,-29,-14,-12,-7,-7,1,6,-2,-11,-13,-17,-21,-20,-14,goodbye
19.439922332763672,-25,-20,-15,-21,-6,14,13,-3,9,2,-28,-22,-11,-10,goodbye
19.439922332763672,-16,-4,-5,0,-2,29,18,6,19,26,-8,-11,0,1,goodbye
19.455970287323,-19,-8,-14,15,-7,16,3,6,2,14,-2,-15,-7,1,goodbye
19.455970287323,-21,-20,-16,4,-7,2,-3,0,-4,-5,-16,-20,-13,-3,goodbye
19.471870183944706,-10,-11,-6,2,5,8,11,3,18,15,1,-4,13,6,goodbye
19.471870183944706,3,0,2,4,3,10,13,6,32,38,25,15,29,22,goodbye
19.48673391342163,15,-2,2,0,-7,0,0,0,19,21,10,12,12,18,goodbye
19.48673391342163,23,-3,2,-1,0,-11,-6,-8,8,4,-4,4,8,8,goodbye
19.50278639793396,21,-2,4,-9,5,-22,-14,-5,7,10,6,13,20,9,goodbye
19.50278639793396,18,3,9,-9,-1,-28,-24,0,3,8,21,24,21,16,goodbye
19.51874709129333,30,12,19,8,-3,-25,-21,0,0,0,23,31,22,18,goodbye
19.51874709129333,37,13,18,5,0,-22,-19,-4,-2,-6,24,36,22,15,goodbye
19.53397417068481,20,14,5,-6,-2,-18,-28,-13,-24,-23,25,22,0,0,goodbye
19.54942226409912,-2,21,9,2,-3,0,-22,-11,-48,-47,6,-4,-28,-20,goodbye
19.54942226409912,-11,12,0,11,4,22,2,-3,-34,-38,-14,-22,-31,-24,goodbye
19.54942226409912,-15,0,-14,4,14,25,16,1,-12,-18,-23,-22,-24,-18,goodbye
19.5650897026062,-16,5,1,9,14,24,18,7,-9,-14,-20,-14,-20,-10,goodbye
19.5650897026062,-2,16,9,19,17,26,23,8,-2,-1,-9,-6,-5,-1,goodbye
19.58066439628601,-1,4,-3,10,22,20,22,6,10,12,-5,-6,2,0,goodbye
19.596256971359253,-19,-8,-17,2,4,3,19,8,9,9,-14,-12,-5,-6,goodbye
19.596256971359253,-27,-11,-17,-3,-22,-10,13,9,3,6,-23,-20,-13,-8,goodbye
19.61180830001831,-25,-14,-17,-23,-20,-5,11,1,6,7,-28,-25,-16,-10,goodbye
19.61180830001831,-15,-18,-17,-20,-3,2,16,0,16,10,-22,-23,-10,-5,goodbye
19.61180830001831,5,-7,11,4,-1,-1,7,4,22,21,0,4,7,12,goodbye
19.627110481262207,14,-2,17,3,-7,-5,-5,2,14,26,16,21,19,19,goodbye
19.627110481262207,5,-13,-8,-14,-8,-5,-6,-6,-1,14,8,5,6,9,goodbye
19.64270401000977,8,-11,-2,-6,-2,-7,0,-1,0,8,9,2,6,10,goodbye
19.658745765686035,17,2,15,9,0,-3,1,5,16,16,28,26,32,22,goodbye
19.658745765686035,14,8,13,6,-5,-4,-6,-1,15,9,33,37,32,18,goodbye
19.673956632614136,6,1,4,-5,-7,-16,-21,-8,1,-2,14,16,5,0,goodbye
19.673956632614136,-1,-10,-2,-21,-3,-17,-27,-3,2,-2,-4,-2,0,-6,goodbye
19.673956632614136,-5,-6,-5,-23,0,-8,-22,-3,2,-1,-10,-3,3,-4,goodbye
19.689987421035767,-1,4,-11,-11,0,-8,-18,-14,-17,-20,-5,-2,-8,-13,goodbye
19.690988063812256,3,9,0,-4,5,-9,-16,-10,-37,-38,1,-1,-12,-20,goodbye
19.70478653907776,9,14,15,6,20,7,-2,3,-20,-22,8,-1,0,-10,goodbye
19.719985723495483,8,17,14,25,25,19,4,3,-2,-1,12,-4,-2,-7,goodbye
19.719985723495483,-3,9,9,22,8,9,-1,0,-18,-13,2,-6,-19,-12,goodbye
19.73562788963318,-8,2,2,12,-2,7,1,0,-23,-17,-5,-8,-18,-10,goodbye
19.73562788963318,-1,8,2,20,0,17,17,6,4,4,-1,-4,-5,0,goodbye
20.8741991519928,8,14,12,21,15,4,6,-1,3,4,15,11,6,1,goodbye
20.8741991519928,10,10,17,14,11,1,-9,0,-6,0,21,17,11,5,goodbye
20.890082120895386,10,13,7,8,2,-6,-14,0,-18,-7,9,14,4,0,goodbye
20.890082120895386,-5,4,-6,-5,-7,-13,-8,-5,-21,-14,-4,2,-9,-11,goodbye
20.90527391433716,-29,-10,-10,-21,-14,-9,-4,-2,-28,-25,-9,-10,-23,-18,goodbye
20.90527391433716,-26,-7,-6,-6,-9,2,2,3,-21,-16,-5,-14,-16,-13,goodbye
20.92094135284424,-10,2,-3,10,-1,9,6,7,0,2,0,-7,0,-1,goodbye
20.92094135284424,-3,0,-1,8,-2,3,4,3,9,14,6,-1,7,8,goodbye
20.9366238117218,0,1,8,17,-2,2,6,0,2,16,9,1,5,11,goodbye
20.95216965675354,2,6,13,30,1,9,15,4,6,11,1,5,5,10,goodbye
20.95216965675354,8,3,5,24,0,14,23,6,12,6,-1,6,7,16,goodbye
20.95216965675354,14,-2,10,13,-1,16,19,1,7,15,4,8,10,20,goodbye
20.96781063079834,9,-6,5,7,0,12,9,0,9,27,3,1,8,9,goodbye
20.96781063079834,3,-8,0,0,-1,2,0,2,15,22,-4,-2,0,2,goodbye
20.983025550842285,6,-1,-1,-1,-4,3,0,1,15,9,-2,0,0,5,goodbye
20.999193906784058,5,3,-2,-2,0,0,-1,-3,5,-2,7,2,5,4,goodbye
20.999193906784058,5,0,2,-4,-3,-9,-14,-7,-11,-8,10,9,4,0,goodbye
21.01334547996521,6,-4,-1,-3,-9,-10,-20,-4,-12,-6,4,6,2,0,goodbye
21.01334547996521,-1,-7,-14,-12,-5,-9,-18,1,1,-7,-3,-3,-1,-2,goodbye
21.028956174850464,-3,-4,-7,-9,5,-3,-5,3,9,-1,-4,-3,0,-7,goodbye
21.028956174850464,4,-2,0,5,15,8,11,0,5,6,1,1,13,0,goodbye
21.04413318634033,0,-8,-1,-10,12,0,5,-3,-3,-6,-4,0,5,6,goodbye
21.04413318634033,-8,-12,-9,-32,1,-12,-6,-3,-3,-19,-15,-4,-11,-1,goodbye
21.05970025062561,-4,-5,-13,-22,3,-1,-2,3,0,-8,-19,-9,-15,-9,goodbye
21.05970025062561,-1,3,-9,-12,12,5,5,7,0,1,-18,-11,-8,-3,goodbye
21.0756893157959,-5,5,-11,-14,3,-1,11,-1,0,-1,-20,-16,-6,-5,goodbye
21.0756893157959,-18,-4,-19,-24,-10,-4,1,-8,0,-12,-28,-29,-21,-22,goodbye
21.091904878616333,-26,-20,-27,-43,-14,-4,-8,-4,-3,-12,-30,-36,-27,-27,goodbye
21.091904878616333,-15,-10,-10,-38,-6,-8,0,0,0,-4,-9,-17,-8,-10,goodbye
21.10733795166016,2,15,19,-1,5,0,12,2,3,0,5,5,4,3,goodbye
21.10733795166016,6,13,14,15,5,0,4,0,0,0,9,4,5,0,goodbye
21.12310647964477,0,-5,1,0,-10,-16,-11,1,-4,-3,17,3,8,-6,goodbye
21.123435974121094,-3,0,8,0,-13,-17,-17,2,-8,-7,16,6,4,-8,goodbye
21.13900065422058,11,19,22,26,3,-1,-19,-4,-14,-10,14,17,0,-1,goodbye
21.13900065422058,22,25,31,35,6,0,-15,-5,-15,-10,33,35,5,7,goodbye
21.15395283699036,13,19,25,36,-1,0,-5,-1,-7,-2,40,32,7,9,goodbye
21.15395283699036,15,17,28,51,1,7,0,-2,-3,5,32,27,9,8,goodbye
21.169591903686523,28,20,34,63,12,7,0,0,-5,4,31,32,18,16,goodbye
21.169591903686523,19,17,21,49,16,6,3,5,-6,3,18,23,7,19,goodbye
21.18470025062561,7,8,7,31,7,15,11,10,2,22,9,14,0,18,goodbye
21.18470025062561,3,-4,-5,20,-1,15,18,6,13,39,17,18,11,19,goodbye
21.200199127197266,-14,-15,-14,1,1,9,14,1,6,23,1,0,3,8,goodbye
21.200199127197266,-27,-15,-21,-15,-10,9,8,4,4,8,-26,-28,-12,-2,goodbye
21.216348886489868,-14,-14,-29,-26,-31,6,11,5,18,17,-24,-30,0,0,goodbye
21.216348886489868,-9,-18,-27,-32,-13,2,11,-2,17,16,-22,-23,1,-1,goodbye
21.232140064239506,-21,-28,-30,-37,0,2,8,-4,8,2,-34,-31,-13,-12,goodbye
21.232140064239506,-18,-28,-23,-42,-15,1,14,5,20,9,-28,-24,-5,0,goodbye
21.24777388572693,4,-10,-3,-23,-2,0,16,5,35,18,-10,-1,14,19,goodbye
21.24777388572693,10,0,-1,1,22,-2,-4,-9,19,-1,-14,-3,8,7,goodbye
21.262722492218018,3,-4,-4,-7,8,-1,-18,-13,-13,-26,-21,-13,-5,-8,goodbye
21.262722492218018,8,-3,-5,-20,0,-2,-6,-9,-29,-30,-13,-8,-8,-7,goodbye
21.278281450271606,3,-5,-9,-19,5,-17,-10,-7,-29,-30,-15,-4,-12,-16,goodbye
21.278281450271606,-8,-11,-10,-22,-1,-15,-21,0,-20,-32,-19,-8,-10,-23,goodbye
21.2941255569458,3,0,3,-12,-1,-2,-12,3,-1,-18,2,1,0,-9,goodbye
21.2941255569458,21,17,19,8,5,-7,-4,0,6,-4,26,18,7,0,goodbye
21.30975580215454,10,18,14,5,1,-16,-5,-1,-8,-10,25,18,4,-9,goodbye
21.30975580215454,-5,12,15,-8,0,-15,-13,-2,-22,-20,18,8,-1,-15,goodbye
21.32488894462585,-3,13,23,-4,10,-7,-14,-4,-11,-7,25,8,1,-10,goodbye
21.32488894462585,1,20,16,8,18,0,-4,-2,-2,9,28,11,10,-2,goodbye
21.340994596481323,-5,21,13,10,6,-3,-11,0,-19,-2,9,2,-6,-7,goodbye
21.340994596481323,-19,9,3,11,-6,-11,-23,0,-27,-20,-3,-7,-21,-18,goodbye
21.356644868850708,-12,3,3,24,-2,4,3,2,0,0,-2,-4,-7,-4,goodbye
21.356644868850708,3,8,10,30,1,30,34,14,25,31,-6,-1,-3,18,goodbye
21.37217783927917,-2,0,-12,14,-6,20,29,10,22,27,-12,-8,-12,15,goodbye
21.37217783927917,-10,-12,-16,5,-14,1,20,5,10,10,-7,-10,-11,5,goodbye
21.38777017593384,2,-7,0,21,-5,16,28,13,19,26,1,0,0,17,goodbye
21.38777017593384,12,0,-1,20,3,27,25,13,29,37,1,4,10,27,goodbye
21.40295791625977,5,-3,-8,0,4,8,3,0,12,10,-4,4,10,13,goodbye
21.40295791625977,0,-14,-10,-1,0,-1,-5,-6,2,-4,-4,0,2,1,goodbye
21.418969869613647,0,-23,-10,-4,-7,4,0,-5,11,8,-6,-4,3,8,goodbye
21.418969869613647,-2,-23,-13,-29,-10,3,2,-9,7,6,-14,-9,7,5,goodbye
21.434641122818,2,-10,-6,-27,-3,-8,-2,-12,-2,-1,-2,1,14,0,goodbye
21.434641122818,13,6,13,5,0,-14,-4,-1,1,3,22,26,28,14,goodbye
21.45067000389099,14,8,10,9,-6,-9,-7,2,0,-3,18,22,22,13,goodbye
21.45067000389099,-4,-7,-10,-23,-13,-11,-21,-1,-10,-23,-6,1,-2,-11,goodbye
21.46593976020813,-10,-9,-12,-30,-6,-14,-21,-2,-7,-15,-1,0,-3,-17,goodbye
21.46593976020813,11,13,10,2,8,-7,-6,1,0,-1,18,12,7,-4,goodbye
21.481977224349976,21,27,24,16,19,0,-6,3,-3,-11,10,14,2,-4,goodbye
21.481977224349976,8,15,7,0,13,-3,-21,-6,-19,-12,6,6,0,-10,goodbye
21.49769616127014,-2,3,2,-3,5,-7,-24,-17,-34,-9,6,-9,-12,-9,goodbye
21.49769616127014,-13,4,-1,9,9,2,-1,-6,-23,-22,-24,-31,-35,-13,goodbye
21.5130078792572,-24,0,-12,17,14,13,19,1,-5,-18,-40,-31,-29,-13,goodbye
21.5130078792572,-18,-11,-5,3,0,12,20,0,1,15,-7,-12,0,0,goodbye
21.528890371322632,-6,-22,-6,-16,-14,1,16,7,21,33,5,-8,3,7,goodbye
21.528890371322632,0,-13,-8,-14,-7,-10,6,13,28,13,-1,-8,-3,-2,goodbye
21.54517936706543,7,2,3,-1,-1,-20,-10,6,7,-4,11,11,7,-10,goodbye
21.54517936706543,8,11,10,-1,-5,-18,-11,-2,0,-7,28,23,16,-6,goodbye
21.560795783996586,10,17,17,8,1,1,2,-2,2,-13,23,19,4,-4,goodbye
21.560795783996586,13,16,16,25,11,14,7,-4,-13,-13,10,3,-3,-1,goodbye
21.576148748397827,0,0,2,8,1,8,2,-6,-29,-7,-8,-9,-7,0,goodbye
21.576148748397827,-19,-7,-10,-8,-7,13,2,0,-19,-10,-26,-17,-15,-3,goodbye
21.591766119003296,-17,-9,-14,-4,-6,25,10,8,3,-1,-28,-20,-15,-5,sil
21.591766119003296,-5,-11,-5,-2,-3,13,19,6,14,18,-14,-6,-1,12,sil
21.60697627067566,8,1,7,6,1,-1,14,0,10,20,0,14,9,36,sil
21.60697627067566,17,8,9,14,4,0,0,3,15,17,-1,15,6,32,sil
21.62292051315308,1,0,-7,-1,-3,5,-6,0,20,18,-6,-3,0,6,sil
21.62292051315308,-15,-6,-17,-8,-9,0,-1,-8,9,7,-6,-11,0,-10,sil
21.63813018798828,-10,-4,-7,-7,0,-3,3,1,6,2,-7,-2,0,-4,sil
21.65403842926025,-3,-5,-10,-19,0,0,3,12,19,14,-3,0,6,1,sil
21.65403842926025,1,-1,-8,-13,-4,-8,-4,5,17,10,9,3,9,-1,sil
21.65403842926025,16,8,12,12,0,-12,-9,1,3,0,25,20,14,-3,sil
21.66959023475647,15,4,12,13,5,-6,-9,0,-4,-2,25,19,18,2,sil
21.66959023475647,-2,-5,0,-8,0,-12,-21,-8,-18,-19,6,4,5,-2,sil
21.68529796600341,-3,-5,-6,-14,-3,-25,-26,-12,-25,-34,0,-1,-2,-15,sil
21.68529796600341,9,3,0,-2,0,-20,-11,-4,-17,-21,12,1,2,-9,sil
21.700007438659668,9,9,11,2,6,-2,-5,-1,-11,-7,15,4,-1,0,sil
21.715420246124268,2,8,3,3,9,8,-9,-3,-5,-6,9,0,-9,-9,sil
21.715420246124268,2,7,2,3,5,10,1,0,1,-2,6,0,-10,-14,sil
21.715420246124268,3,7,13,5,3,6,18,1,2,0,2,6,-9,0,sil
21.731056690216064,0,4,11,12,7,9,19,1,-1,3,-5,0,-5,14,sil
21.746649742126465,-6,-2,1,19,6,19,13,2,-3,9,-18,-16,-7,11,sil
21.746649742126465,-18,-11,-10,11,0,24,8,-4,-10,8,-29,-29,-18,-5,sil
21.76186203956604,-23,-10,-10,2,0,18,12,-5,-11,9,-24,-24,-11,-10,sil
21.76186203956604,-11,-6,-4,5,-3,8,22,6,5,23,-4,-1,11,11,sil
21.777698516845703,-1,-13,-6,-7,-11,0,12,7,15,18,1,10,19,22,sil
21.777698516845703,2,-15,-7,-24,-15,-2,1,1,11,2,-5,1,12,6,sil
21.792782306671143,8,-11,-9,-13,-11,-7,5,2,16,0,-7,-1,11,0,sil
21.792782306671143,5,-8,-5,-12,-11,-19,-12,2,15,-9,-4,5,3,-4,sil
21.808761835098267,5,4,-2,-13,-1,-20,-34,1,4,-22,7,9,-4,-14,sil
21.808761835098267,16,16,3,2,13,-12,-24,0,-1,-12,19,14,2,-5,sil
21.82395052909851,18,13,12,4,7,-9,-12,-2,-12,-8,17,20,6,6,sil
21.82395052909851,6,13,6,-3,-4,-9,-6,-5,-18,-7,14,11,1,0,sil
21.83948802947998,-8,18,2,4,3,-4,0,-4,-18,-2,4,-6,-6,-11,sil
21.83948802947998,-20,16,10,16,17,10,2,-2,-17,0,-9,-12,-16,-14,sil
21.855064630508423,-13,12,11,25,19,24,14,4,-1,6,0,-5,-5,-3,sil
21.855064630508423,3,6,11,22,9,21,29,13,16,15,9,0,9,9,sil
21.87064957618713,3,-11,0,1,-12,5,24,5,13,12,-8,-7,0,13,sil
21.87064957618713,-4,-22,-9,-18,-24,-5,8,-5,9,11,-16,-8,-8,10,sil
21.88667678833008,-6,-18,-12,-24,-16,-6,0,-1,9,9,-15,-9,-2,3,sil
21.88667678833008,-3,-17,-18,-24,-6,-9,-10,-5,3,-5,-23,-17,-9,-9,sil
21.901833057403564,0,-15,-14,-24,-3,-16,-30,-12,-7,-25,-21,-10,-22,-16,sil
21.901833057403564,7,-1,-1,-12,0,-14,-35,-5,-6,-25,-1,7,-8,-7,sil
21.917303562164307,14,11,13,7,8,-7,-16,4,4,-6,24,27,20,13,sil
21.917303562164307,18,20,19,20,10,0,0,6,12,5,47,42,32,23,sil
21.932738542556763,8,26,4,23,9,6,5,0,6,5,42,24,17,3,sil
21.932738542556763,-16,14,0,20,6,16,7,-3,-10,0,5,-12,-12,-22,sil
21.947845935821533,-25,-5,-3,6,-1,15,6,-3,-21,-2,-17,-27,-24,-24,sil
21.947845935821533,-7,-10,-5,-2,1,9,5,2,-16,-4,-15,-19,-14,-8,sil
21.96363139152527,1,-8,-3,1,14,18,9,7,0,2,-12,-15,-6,0,sil
21.96363139152527,-5,-13,-8,5,12,21,17,4,11,11,-16,-15,-3,1,sil
21.97932815551757,0,-2,0,3,5,11,26,1,12,19,-9,-1,10,16,sil
21.97932815551757,12,8,12,6,1,5,24,1,19,32,4,12,27,31,sil
21.995046138763428,9,-3,5,1,-17,-7,0,0,17,27,8,7,21,23,sil
21.995046138763428,1,-18,-3,-16,-34,-24,-13,-1,2,1,0,1,8,5,sil
22.010183095932007,5,-13,-8,-30,-25,-24,-9,-4,-8,-20,-10,0,2,-2,sil
22.010183095932007,7,-5,-9,-28,-8,-23,-16,-8,-21,-31,-13,4,-2,-3,sil
22.02578639984131,3,-4,-4,-13,0,-21,-25,-1,-24,-16,1,16,5,-2,sil
22.02578639984131,0,2,4,-5,5,-9,-18,3,-7,3,19,20,21,-5,sil
22.042293787002563,2,19,8,-2,11,1,-7,2,1,-1,22,14,12,-8,sil
22.042293787002563,3,30,7,14,14,4,1,2,-2,-11,15,9,-6,-2,sil
22.057891130447388,0,23,15,30,9,3,5,1,-2,-4,6,2,-16,-6,sil
22.057891130447388,-5,9,9,24,4,2,1,-4,-3,0,6,-13,-21,-20,sil
22.073105096817017,-15,-3,-9,7,3,7,-1,-5,-9,-9,-6,-22,-28,-19,sil
22.073105096817017,-21,-9,-11,3,1,19,1,3,-8,-11,-38,-19,-28,-11,sil
22.088184595108032,-13,-3,-8,16,3,18,10,2,0,7,-29,-21,-17,-8,sil
22.088184595108032,-11,-3,-6,17,3,5,14,-2,6,21,0,-26,-12,-3,sil
22.11016845703125,-12,-14,-8,-5,-1,6,14,3,12,11,-5,-20,-8,4,sil
22.11016845703125,1,-14,-8,-17,-3,12,14,10,25,6,-13,-5,11,16,sil
22.11016845703125,13,-8,2,-14,0,1,9,7,30,10,2,11,23,24,sil
22.119765043258667,7,-16,-4,-20,-11,-11,3,1,22,1,2,11,11,17,sil
22.13563442230225,3,-23,-12,-31,-18,-13,2,0,13,-4,-1,8,11,13,sil
22.13563442230225,12,-10,-3,-28,-11,-11,-3,-1,5,-1,7,17,23,16,sil
22.152311086654663,13,6,6,-15,-3,-12,-23,-11,-14,-9,9,14,9,0,sil
22.152311086654663,12,24,16,4,1,-7,-28,-15,-23,-13,13,14,-2,-16,sil
22.16799068450928,18,31,18,21,5,-9,-12,-8,-6,-1,24,21,10,-7,sil
22.16799068450928,4,17,9,8,2,-19,-13,-3,-9,-14,11,11,5,-5,sil
22.183215141296387,-16,7,0,0,-1,-8,-19,-1,-28,-34,-5,-9,-16,-17,sil
22.183215141296387,-3,20,5,27,5,14,-1,1,-15,-11,8,-4,-9,-2,sil
22.19862008094788,19,29,31,47,23,22,12,6,3,23,25,15,5,18,sil
22.19862008094788,9,15,22,32,25,21,13,0,-3,24,12,7,0,9,sil
22.21383476257324,-5,-7,-7,6,10,18,16,-7,-15,11,-11,-12,-8,-6,sil
22.21383476257324,-1,-17,-4,-1,0,14,16,1,-11,10,-19,-8,-3,0,sil
22.22988653182984,2,-12,3,6,1,9,12,12,0,13,-11,1,1,11,sil
22.22988653182984,-4,-11,-8,3,-5,3,11,16,11,14,-8,-2,2,12,sil
22.245051383972168,-18,-21,-25,-14,-11,0,12,10,19,17,-8,-8,7,6,sil
22.245051383972168,-20,-30,-26,-27,-6,-1,8,3,28,17,-12,-9,5,0,sil
22.260482788085938,-9,-24,-19,-27,-7,-9,1,0,30,15,-18,-14,-1,-11,sil
22.260482788085938,-6,-15,-22,-28,-17,-24,-10,-3,17,0,-15,-17,-3,-21,sil
22.276095151901245,-11,-9,-16,-34,-19,-33,-28,-8,1,-31,-4,-4,-4,-22,sil
22.276095151901245,-6,0,-7,-26,-13,-27,-34,-10,-12,-45,3,7,-1,-15,sil
22.292181968688965,7,11,3,-2,-1,-14,-25,-12,-23,-26,13,11,3,-5,sil
22.292181968688965,18,22,19,16,10,0,-11,-4,-20,-14,25,17,6,4,sil
22.30766987800598,12,22,19,22,15,5,0,4,-5,-8,24,10,5,4,sil
22.30766987800598,-2,13,11,18,4,1,4,4,-11,-4,2,-8,-9,-7,sil
22.323373794555664,-6,4,2,10,-3,4,4,0,-23,-12,-17,-22,-30,-10,sil
22.323373794555664,-4,2,-1,8,3,21,13,0,-10,-11,-14,-16,-25,1,sil
22.339004039764404,-4,5,6,14,14,31,19,1,1,9,-4,-5,-5,10,sil
22.339004039764404,-3,1,4,12,10,27,17,0,0,17,-8,-8,-2,10,sil
22.355657815933228,-5,-5,0,0,1,21,18,0,5,8,-11,-12,-6,8,sil
22.355657815933228,-4,-12,-3,-2,-4,15,26,7,18,16,-4,-8,0,10,sil
22.369833946228027,0,-17,-12,-1,-13,0,17,7,17,21,-7,-3,8,9,sil
22.369833946228027,-5,-13,-10,-11,-16,-8,0,2,10,8,-11,4,9,2,sil
22.38512873649597,-6,-1,0,-18,-3,-2,2,2,16,9,8,20,20,7,sil
22.40064740180969,8,2,8,-12,2,-10,-2,1,16,16,22,26,21,13,sil
22.40064740180969,22,4,11,-9,-3,-26,-20,-4,1,5,18,24,11,7,sil
22.41663694381714,25,8,11,-13,0,-20,-13,-3,-1,4,28,29,20,9,sil
22.41663694381714,21,17,14,-2,12,-2,-2,0,5,13,36,31,31,14,sil
22.43199110031128,10,21,6,21,7,-7,-12,-6,1,7,24,18,21,-1,sil
22.43199110031128,8,21,13,23,4,-17,-20,-5,-9,-2,19,12,12,-13,sil
22.43199110031128,16,20,18,11,9,-14,-13,2,-13,-14,11,6,6,-7,sil
22.449606895446777,15,10,4,15,9,-7,-7,1,-9,-24,-13,-14,-8,-6,sil
22.462917804718018,9,0,4,20,10,0,-7,1,-1,-7,-23,-13,-20,-4,sil
22.462917804718018,2,-4,0,6,1,0,-9,0,-4,3,-19,-11,-24,-2,sil
22.478151321411133,-19,-16,-18,-10,-13,-7,-17,-8,-20,-25,-28,-33,-35,-19,sil
22.478151321411133,-43,-30,-26,-9,-8,6,-6,-4,-16,-32,-33,-39,-34,-30,sil
22.493444442749023,-35,-23,-20,1,2,28,17,0,1,-1,-21,-17,-17,-13,sil
22.493444442749023,-12,-4,-8,9,-2,22,9,0,-2,0,-11,-5,-5,1,sil
22.51109719276428,-5,-3,-4,6,-8,15,-4,-2,-11,-14,-9,-9,-5,-2,sil
22.51109719276428,-8,-18,-9,-5,-7,24,9,0,2,0,-14,-7,-5,-5,sil
22.5246217250824,-5,-26,-13,-22,-7,16,27,4,22,19,-11,3,1,8,sil
22.5246217250824,0,-15,-16,-28,-5,-9,14,8,25,14,14,12,14,15,sil
22.54064512252808,-4,4,-8,-24,-4,-20,-1,5,1,-3,32,10,16,0,sil
22.54064512252808,-9,18,1,-10,0,-7,8,2,-11,-4,27,4,9,-2,sil
22.55673575401306,3,20,15,8,4,0,24,4,5,10,19,8,6,15,sil
22.55673575401306,21,19,21,18,3,-1,17,5,10,11,5,4,0,14,sil
22.572763442993164,8,10,6,7,0,-5,0,-2,-15,-13,-19,-16,-20,-4,sil
22.572763442993164,-12,0,2,0,3,0,-9,-11,-32,-27,-31,-17,-31,-7,sil
22.588820457458496,-9,-7,2,0,0,6,1,-6,-18,-2,-15,-1,-12,-1,sil
22.588820457458496,-3,-9,-7,-8,-4,1,9,1,4,28,-1,-8,8,0,sil
22.60493803024292,-12,-7,-13,-17,-4,-1,-2,2,18,33,-2,-14,11,-2,sil
22.60493803024292,-2,0,-11,-9,-6,-9,-14,0,18,19,2,0,17,-1,sil
22.620947122573853,25,8,4,0,-4,-21,-15,0,14,9,19,21,29,11,sil
22.620947122573853,38,15,16,7,8,-16,-11,1,21,6,29,30,33,23,sil
22.63763952255249,29,14,15,10,15,-1,-13,4,18,1,24,27,20,12,sil
22.63763952255249,14,12,20,5,7,9,-8,3,-3,-7,8,10,-2,0,sil
22.651779413223267,3,4,15,4,5,21,4,-2,-10,-10,-11,-6,-15,2,sil
22.651779413223267,-7,-11,-7,5,6,18,11,-2,0,-8,-26,-10,-19,-1,sil
22.66753506660461,-22,-17,-23,-1,-1,0,11,0,1,-4,-23,-11,-16,-17,sil
22.66753506660461,-19,-9,-16,-8,-6,-10,0,0,5,-2,-4,-5,0,-14,sil
22.682819604873657,1,-1,2,-7,-4,-14,-19,0,6,-2,12,14,19,4,sil
22.682819604873657,17,1,9,0,-2,-18,-27,-1,-2,-3,27,29,27,11,sil
22.69877886772156,22,12,20,12,2,-12,-23,0,-6,-3,36,32,19,6,sil
22.69877886772156,23,25,29,26,5,-3,-18,0,-5,0,37,30,13,10,sil
22.71400475502014,11,21,23,29,2,-3,-5,-3,-16,3,29,18,14,14,goodbye
22.71400475502014,-3,6,14,23,2,0,4,-6,-18,1,13,5,2,4,goodbye
22.729039192199707,-11,-3,-3,17,0,9,13,-5,-12,-3,-1,-6,-19,-9,goodbye
22.729039192199707,-23,-7,-16,10,-6,9,12,-4,-20,-10,-20,-24,-30,-19,goodbye
22.74462914466858,-26,-7,-13,2,-4,12,2,-4,-27,-18,-34,-40,-33,-28,goodbye
22.74462914466858,-15,-11,-16,-7,3,12,2,-8,-16,-20,-34,-41,-31,-27,goodbye
22.75971364974976,-18,-12,-18,-14,2,6,17,-1,-3,-14,-30,-30,-28,-16,goodbye
22.75971364974976,-27,-8,-18,-5,-3,9,27,7,0,-5,-34,-30,-25,-11,goodbye
22.775032997131348,-20,-14,-15,-1,-1,17,29,9,6,0,-36,-32,-21,-9,goodbye
22.775032997131348,-15,-26,-21,-19,-4,14,34,10,20,6,-27,-23,-12,-6,goodbye
22.79064130783081,-11,-21,-22,-31,-9,8,29,14,28,20,-12,-5,1,4,goodbye
22.79064130783081,14,0,2,-16,1,6,20,14,31,31,3,15,20,30,goodbye
22.80579710006714,37,9,18,0,8,0,6,5,36,26,17,22,28,37,goodbye
22.80579710006714,23,0,1,-10,-1,-12,-19,-7,25,11,8,7,12,15,goodbye
22.82183313369751,0,-10,-18,-33,-8,-15,-35,-9,7,1,-10,-2,-2,5,goodbye
22.82183313369751,-3,-8,-18,-37,-9,-13,-26,0,4,0,-5,2,9,8,goodbye
22.83792519569397,8,6,-1,-19,-1,-9,-14,3,8,5,17,15,29,8,goodbye
22.83792519569397,19,20,4,-3,14,-8,-13,0,1,10,29,15,32,8,goodbye
22.853370904922485,7,13,2,-11,4,-20,-21,-6,-15,-3,19,8,17,0,goodbye
22.853370904922485,-4,0,3,-23,-18,-23,-20,-4,-21,-22,8,9,3,-8,goodbye
22.86908078193665,12,3,11,-2,-6,-9,-6,0,-8,-15,14,15,0,-4,goodbye
22.86908078193665,23,18,30,27,10,-5,-5,-1,-9,-7,21,23,0,-3,goodbye
22.88496375083924,6,16,31,32,0,-9,-12,-7,-18,-13,16,21,0,-13,goodbye
22.88496375083924,-4,8,17,31,-4,-1,-5,-5,-10,-10,10,8,0,-16,goodbye
22.899974822998047,-8,7,13,37,5,8,0,-1,-9,0,12,4,-4,-11,goodbye
22.899974822998047,-4,7,16,33,8,11,-1,-4,-21,1,21,15,-3,-2,goodbye
22.91605353355408,4,13,24,30,6,12,4,-4,-23,-1,23,17,0,2,goodbye
22.91605353355408,0,16,12,32,8,10,3,-1,-21,-10,2,-5,-10,-3,goodbye
22.932291269302368,-13,8,-2,28,8,7,0,0,-17,-9,-14,-21,-21,-9,goodbye
22.932291269302368,-10,3,0,25,5,15,15,3,0,11,-9,-9,-11,0,goodbye
22.94784903526306,-7,-9,-2,10,0,19,25,5,9,14,-11,-3,0,5,goodbye
22.94784903526306,-8,-24,-13,-15,0,9,17,7,9,-1,-26,-13,-7,5,goodbye
22.96310067176819,2,-13,-14,-9,4,3,18,13,25,7,-24,-15,-9,10,goodbye
22.96310067176819,5,-8,-13,-1,4,4,19,8,30,14,-20,-15,-4,8,goodbye
22.978765964508057,-7,-19,-19,-19,0,0,9,-1,21,1,-22,-17,-2,2,goodbye
22.978765964508057,-5,-12,-22,-27,0,0,8,0,21,0,-17,-18,3,7,goodbye
22.99378728866577,-2,-7,-19,-26,-3,2,8,4,17,10,-17,-15,5,13,goodbye
22.99378728866577,-15,-20,-29,-36,-10,3,1,2,1,7,-17,-18,-3,2,goodbye
23.009310007095337,-20,-18,-30,-35,-19,-7,-12,-6,-8,-1,-12,-21,-7,-16,goodbye
23.009310007095337,-10,-11,-17,-20,-24,-21,-24,-10,-14,-10,-13,-13,-7,-22,goodbye
23.025018453598022,6,-11,-7,-11,-13,-22,-27,-6,-11,-7,-4,0,-2,-5,goodbye
23.025018453598022,24,4,14,-2,0,-8,-19,0,5,8,26,26,19,16,goodbye
23.041091680526733,24,22,26,4,4,1,-7,2,19,18,45,38,38,17,goodbye
23.041091680526733,23,20,21,5,10,1,1,1,14,4,28,28,26,7,goodbye
23.0566143989563,25,19,23,6,14,6,11,8,12,0,13,24,11,6,goodbye
23.0566143989563,4,11,14,0,3,2,13,4,4,0,9,16,5,0,goodbye
23.071966409683228,-15,-6,0,-16,-5,-10,3,-8,-19,-21,-8,-2,-16,-19,goodbye
23.071966409683228,-10,-5,-9,-16,0,-7,-2,-3,-20,-25,-8,-8,-18,-20,goodbye
23.0876202583313,-2,8,0,-4,0,-1,-3,4,-1,-7,14,0,1,-5,goodbye
23.0876202583313,0,19,15,12,0,-5,0,0,-1,-7,11,5,2,-1,goodbye
23.10271191596985,0,19,9,32,8,-1,4,-10,-12,-8,5,1,0,-1,goodbye
23.10271191596985,-6,3,6,22,6,2,-7,-11,-16,0,19,1,4,4,goodbye
23.118762016296387,-6,-3,5,4,4,-2,-16,-5,-17,3,18,0,-3,0,goodbye
23.1339213848114,5,9,9,17,8,-2,-11,0,-20,-1,6,3,-12,-7,goodbye
23.1339213848114,3,9,12,25,2,5,-11,0,-21,-14,1,-1,-11,-2,goodbye
23.1339213848114,-10,-11,-6,13,-4,8,-10,-3,-12,-16,-11,-19,-13,-6,goodbye
23.149981021881104,-11,-15,-8,8,-3,7,2,2,-5,0,-22,-18,-18,-6,goodbye
23.149981021881104,-8,-3,-4,14,-1,14,15,8,8,21,-9,-12,-7,7,goodbye
23.16467809677124,-5,-5,-15,4,-1,15,9,1,17,21,-11,-15,0,7,goodbye
23.18078088760376,-3,-11,-7,-1,0,9,3,2,0,-1,-44,-14,-17,0,goodbye
23.18078088760376,-10,-13,-5,0,-1,7,13,7,-4,-5,-47,-17,-25,0,goodbye
23.19635534286499,-13,-15,-8,-18,-8,0,14,3,17,7,-17,-11,-4,4,goodbye
23.19635534286499,0,-15,-10,-32,-12,-6,8,0,25,10,-7,2,8,3,goodbye
23.212141513824463,3,-11,-16,-22,-7,-3,12,0,19,8,-7,3,10,2,goodbye
23.212141513824463,4,-3,1,-13,0,0,9,3,23,18,10,11,23,13,goodbye
23.22769260406494,20,3,8,-2,5,0,3,5,30,27,30,22,41,21,goodbye
23.22769260406494,32,10,12,5,8,-6,0,0,13,20,33,26,38,18,goodbye
23.243247270584103,26,14,27,3,3,-7,-9,0,-3,0,21,30,17,13,goodbye
23.243247270584103,13,5,8,3,0,-3,-12,0,1,-3,17,19,6,6,goodbye
23.258798360824585,1,0,1,1,0,-3,-5,2,4,4,23,8,9,1,goodbye
23.258798360824585,-3,10,11,-2,1,-7,-4,2,-5,1,17,8,5,-2,goodbye
23.2740638256073,-3,16,-11,0,3,-12,-6,-5,-6,-8,10,0,0,-6,goodbye
23.2740638256073,1,14,-8,0,3,-14,-12,-11,-7,-20,5,0,-5,-6,goodbye
23.289729118347168,7,9,11,-2,2,-11,-19,-7,-12,-34,0,6,-10,-11,goodbye
23.289729118347168,3,4,-7,3,10,-4,-8,-4,-18,-18,4,1,-3,-18,goodbye
23.30565404891968,-9,3,-9,4,15,4,5,-4,-26,-8,-1,-9,-10,-17,goodbye
23.30565404891968,-21,0,0,-9,5,9,3,-2,-15,-20,-20,-17,-28,-19,goodbye
23.321717977523804,-25,-9,-18,-16,-8,4,3,2,-4,-13,-24,-27,-27,-23,goodbye
23.321717977523804,-22,-8,-13,-12,-14,3,3,0,-18,-6,-27,-29,-25,-16,goodbye
23.33704805374145,-21,-3,-4,0,-8,6,0,-5,-21,-14,-27,-29,-29,-12,goodbye
23.33704805374145,-11,-1,-2,9,-2,5,2,-1,-4,-7,-14,-23,-16,-8,goodbye
23.35287618637085,3,0,14,15,-1,11,10,2,2,8,-3,-6,0,5,goodbye
23.35287618637085,-2,-7,2,21,-3,13,11,1,5,21,3,-4,6,13,goodbye
23.368319034576416,-13,-17,-10,17,-10,8,7,3,8,18,3,-7,8,13,goodbye
23.368319034576416,0,-13,0,13,-5,14,15,5,15,11,-6,0,7,13,goodbye
23.384050846099854,16,0,4,18,7,17,21,7,24,19,-11,10,10,16,goodbye
23.384050846099854,17,0,11,4,2,4,4,16,22,24,0,21,17,24,goodbye
23.39962673187256,11,-14,4,-18,-11,-11,-8,7,21,15,11,20,22,22,goodbye
23.39962673187256,6,-18,-3,-27,-11,-20,-15,-8,15,6,9,21,20,7,goodbye
23.414632558822632,6,-4,-3,-19,-3,-18,-20,-7,3,-2,10,24,14,0,goodbye
23.414632558822632,8,5,-6,-13,0,-16,-16,-2,-6,-8,15,14,2,-1,goodbye
23.430760622024536,16,11,10,-8,-1,-17,-14,-1,-9,-7,16,7,0,-7,sil
23.430760622024536,20,15,12,-4,3,-14,-13,-1,-1,0,19,11,7,-9,sil
23.446618795394897,5,12,2,-10,9,-7,-5,0,0,3,18,13,3,-7,sil
23.446618795394897,-15,4,0,-16,5,-7,-6,-3,-16,-7,4,1,-5,-13,sil
23.46216082572937,-15,4,-1,-5,2,-11,-15,-12,-26,-15,-1,-10,-8,-21,sil
23.46216082572937,0,14,13,14,13,1,-6,-7,-22,-14,1,0,-10,-7,sil
23.477302312850952,13,24,19,36,27,19,14,1,-13,-13,2,10,-6,16,sil
23.477302312850952,14,22,14,35,28,16,21,2,1,-9,0,0,0,19,sil
23.49246907234192,6,8,10,12,10,8,18,5,13,3,-3,-13,0,5,sil
23.49246907234192,0,-1,1,8,-3,10,16,11,12,7,-10,-16,-4,-2,sil
23.508124589920044,0,4,0,18,3,22,18,11,12,6,-10,-8,-3,4,sil
23.508124589920044,-6,-4,-12,7,4,26,20,3,17,10,-13,-17,-1,7,sil
23.52371406555176,-27,-31,-35,-15,-19,8,10,0,3,1,-34,-40,-17,-6,sil
23.52371406555176,-27,-32,-29,-11,-24,4,3,0,-7,0,-34,-33,-21,-9,sil
23.53971767425537,-15,-18,-18,-4,-5,19,15,3,7,18,-9,-5,0,9,sil
23.53971767425537,-19,-23,-23,-24,-11,4,6,-1,16,15,-4,0,8,14,sil
23.55487513542176,-17,-19,-28,-31,-24,-25,-22,-10,1,-8,-8,-6,0,-6,sil
23.55487513542176,2,2,-8,-12,-14,-28,-29,-11,-5,-12,10,11,3,-18,sil
23.57009744644165,14,10,12,-13,-9,-24,-19,-6,-5,-9,28,28,9,-10,sil
23.57009744644165,11,4,14,-19,-13,-36,-22,-6,-14,-16,24,20,5,-8,sil
23.585718631744385,14,14,25,1,-3,-35,-26,-3,-15,-8,21,24,11,-9,sil
23.585718631744385,21,20,31,16,9,-8,-10,2,3,12,31,34,21,0,sil
23.60177564620972,15,11,20,5,8,14,2,7,7,8,23,18,5,0,sil
23.60177564620972,0,7,9,2,7,20,0,2,-15,-13,-8,-8,-19,-10,sil
23.61690759658813,-3,3,2,17,9,12,1,-3,-22,-19,-25,-19,-21,-8,sil
23.61690759658813,2,2,7,26,11,16,17,5,-5,-7,-8,-4,-5,4,sil
23.632089614868164,0,6,6,27,15,28,22,12,0,4,0,0,0,10,sil
23.632089614868164,-10,-2,-11,11,11,17,9,-2,-8,10,-18,-14,-10,4,sil
23.648056268692017,-12,-12,-14,-5,0,0,5,-6,-3,12,-22,-21,-17,-1,sil
23.648056268692017,-1,-3,0,0,2,1,18,4,20,19,-6,-11,3,6,sil
23.664093732833862,2,-1,0,4,2,5,15,8,35,26,4,4,27,19,sil
23.664093732833862,-4,-16,-16,-19,-6,-1,-7,1,25,15,2,2,25,16,sil
23.67863821983337,-6,-17,-16,-31,-9,-18,-23,-5,4,-7,-9,-1,12,7,sil
23.67863821983337,11,2,3,-8,-3,-28,-23,-5,-5,-14,-4,12,10,3,sil
23.69463014602661,23,17,7,7,2,-22,-11,-1,-7,-8,24,23,7,0,sil
23.69463014602661,12,10,6,0,1,-11,-5,0,-13,-12,32,17,-1,-9,sil
23.7099871635437,1,6,7,-5,-5,-3,-11,-5,-21,-17,17,10,-6,-8,sil
23.7099871635437,-4,6,5,5,0,8,-2,-6,-17,-10,6,4,-13,-1,sil
23.72540926933289,-16,-6,-1,2,7,29,25,1,-2,-1,-9,-13,-23,-3,sil
23.74093461036682,-20,-18,-12,-8,-2,29,38,8,14,4,-26,-34,-24,-5,sil
23.74093461036682,-13,-11,-11,-6,-11,4,25,5,22,6,-23,-33,-22,-4,sil
23.74093461036682,-4,-2,-2,-5,-6,-11,5,-3,14,-1,-11,-17,-13,-8,sil
23.75739312171936,9,6,5,-4,0,-9,-9,-5,-3,-8,10,5,9,0,sil
23.771823167800903,31,25,17,11,11,-6,-19,2,-6,7,39,37,33,22,sil
23.771823167800903,25,25,14,20,12,-7,-24,3,0,19,35,37,30,18,sil
23.78691911697388,-8,10,4,14,3,2,-19,0,-5,1,-5,-5,1,-9,sil
23.78691911697388,-22,-1,-8,17,1,16,3,4,0,4,-28,-34,-14,-16,sil
23.80304265022278,-11,-16,-20,1,-1,13,20,7,20,28,-21,-20,-5,-2,sil
23.80304265022278,-3,-21,-17,-25,-10,0,13,8,23,18,-13,0,7,4,sil
23.81821584701538,5,-1,-2,-12,0,-6,2,5,12,-2,0,12,16,11,sil
23.81821584701538,23,18,19,9,9,-9,-5,-7,-4,-8,21,29,18,11,sil
23.834061861038208,18,13,17,1,0,-9,-12,-18,-33,-25,15,19,0,-7,sil
23.834061861038208,-15,-1,-3,-2,-5,-7,-9,-11,-41,-30,-18,-15,-28,-27,sil
23.849714756011963,-34,-13,-11,6,-3,5,1,0,-20,-8,-38,-31,-37,-23,sil
23.849714756011963,-17,-21,-10,5,-4,17,14,0,4,5,-26,-21,-15,-2,sil
23.86576461791992,2,-19,-4,-1,-5,4,16,0,10,0,-5,-2,8,11,sil
23.86576461791992,1,-14,-3,-10,-7,-12,0,2,0,-8,0,4,10,9,sil
23.881900548934937,-7,-21,-15,-27,-23,-15,-21,-1,-17,-17,-8,-3,0,0,sil
23.881900548934937,-2,-18,-7,-31,-24,-5,-23,-1,-10,-10,-4,-1,2,2,sil
23.896934986114506,13,6,7,-8,2,1,-2,4,16,12,26,20,21,8,sil
23.896934986114506,17,24,12,3,17,0,0,4,19,18,41,29,18,6,sil
23.913153886795044,5,22,8,5,8,-7,-17,0,4,3,25,20,0,0,sil
23.913153886795044,2,22,11,17,12,-6,-10,0,7,0,25,14,0,0,sil
23.92908263206482,5,22,20,21,26,3,14,1,8,5,30,11,0,0,sil
23.92908263206482,-4,7,5,10,18,5,15,-2,-4,-3,7,-8,-11,-9,sil
23.944666147232056,-14,0,-7,7,0,1,0,-5,-10,-18,-11,-23,-16,-13,sil
23.944666147232056,-10,4,-1,11,0,4,3,1,0,-10,-8,-22,-12,-7,sil
23.95979356765747,-6,0,0,13,7,10,13,3,5,16,-16,-15,-9,-3,sil
23.95979356765747,0,-4,0,15,1,15,16,4,6,34,-22,-5,0,2,sil
23.975268840789795,11,-1,0,3,-8,15,18,7,12,30,-10,-4,8,15,sil
23.975268840789795,9,-5,0,-13,-6,1,12,0,6,16,-10,-4,5,18,sil
23.990941762924194,9,-9,5,-6,0,1,11,-3,0,12,-12,9,4,15,sil
23.990941762924194,19,-2,8,6,-3,9,12,6,2,9,0,20,12,16,sil
24.006394624710083,12,-3,2,-6,-12,-6,-4,3,0,-8,5,16,15,13,sil
24.006394624710083,3,-9,-13,-19,-13,-21,-16,-2,0,-17,5,12,16,7,sil
24.021795511245728,10,-6,-12,-13,-7,-15,-12,3,11,-7,8,7,17,2,sil
24.021795511245728,6,0,0,-9,-1,-17,-21,-1,-5,-15,2,2,9,-7,sil
24.03701853752136,-1,10,0,-10,2,-18,-25,-20,-25,-35,2,5,-1,-14,sil
24.03701853752136,2,17,4,0,8,-2,-15,-10,-17,-29,11,5,-7,-12,sil
24.05273413658142,-7,9,2,6,10,4,-11,2,-6,-14,1,-8,-13,-20,sil
24.05273413658142,-29,-4,-12,2,3,3,-10,-2,-7,-11,-17,-26,-25,-29,sil
24.06783509254456,-31,-10,-14,1,-2,10,0,1,0,-1,-18,-25,-30,-19,sil
24.06783509254456,-22,-10,-10,3,-1,10,3,8,0,10,-16,-21,-23,-6,sil
24.08315086364746,-18,-5,-4,2,1,10,8,0,-6,8,-20,-21,-17,-2,sil
24.08315086364746,-13,-3,-3,2,0,16,21,-2,-3,10,-13,-17,-12,0,sil
24.09864926338196,-9,-10,-8,-3,-4,9,24,3,2,14,-7,-7,-7,3,sil
24.09864926338196,-2,-10,-4,-14,-3,3,18,7,11,19,-2,6,1,15,sil
24.120709896087646,13,0,2,-4,4,9,20,9,29,26,12,11,20,22,sil
24.120709896087646,15,0,3,1,5,0,12,11,30,16,9,5,28,9,sil
24.120709896087646,-2,-12,-4,-12,-6,-14,-2,5,22,4,-5,0,16,-2,sil
24.130720138549805,-1,-13,-4,-18,-9,-13,-11,-2,15,3,3,7,13,0,sil
24.146005392074585,14,0,12,-4,0,-9,-12,-5,-6,-5,20,17,18,0,sil
24.146005392074585,9,11,10,4,1,-19,-18,-15,-32,-19,18,15,4,-6,sil
24.16204857826233,1,14,4,6,-5,-25,-32,-21,-43,-24,12,14,-7,-7,sil
24.16204857826233,21,20,16,11,-4,-11,-31,-11,-36,-21,22,25,1,0,sil
24.177181005477905,34,28,27,18,8,0,-11,-2,-18,-12,31,31,10,11,sil
24.177181005477905,16,26,27,22,12,4,5,0,-6,-3,21,18,5,12,sil
24.192816972732544,0,17,17,30,5,17,15,4,0,5,6,1,0,0,sil
24.192816972732544,2,14,12,37,11,26,24,8,7,13,3,0,-8,-1,sil
24.20886206626892,3,8,6,29,15,18,25,10,10,11,1,-2,-8,9,sil
24.20886206626892,-11,-11,-9,12,-4,11,16,6,5,2,-15,-22,-6,7,sil
24.22408699989319,-25,-18,-13,2,-14,11,11,4,8,0,-27,-29,-13,-1,sil
24.22408699989319,-15,-17,-16,-6,-5,-2,12,9,23,7,-15,-13,-6,1,sil
24.23968076705933,-5,-23,-19,-21,-11,-17,3,9,28,12,-8,-2,4,5,sil
24.23968076705933,-5,-18,-14,-23,-15,-4,-2,-1,20,2,-14,-7,-2,0,sil
24.254875421524048,6,-8,-5,-15,-1,3,-1,-12,8,-4,-7,-1,0,2,sil
24.254875421524048,23,-5,6,-21,4,-10,-10,-10,-3,-3,2,18,20,10,sil
24.271482944488525,19,1,6,-21,1,-15,-23,-4,0,1,4,20,25,5,sil
24.271482944488525,3,7,-2,-15,0,-3,-16,1,8,2,8,11,11,-5,sil
24.28725361824036,-5,1,-15,-24,-6,-4,-9,8,3,-3,-3,-6,-6,-13,sil
24.28725361824036,-8,0,-21,-28,-2,-14,-16,6,-4,-9,-28,-29,-18,-20,sil
24.3025975227356,-7,9,-5,-11,10,-11,-17,3,-5,-3,-21,-23,-14,-19,sil
24.3025975227356,-11,3,-8,-11,7,0,-8,-2,-13,3,-6,-12,-8,-12,sil
24.31777119636536,-26,-18,-25,-29,-3,6,-2,-13,-30,-8,-23,-29,-23,-17,sil
24.31777119636536,-28,-12,-14,-15,6,16,3,-11,-29,-13,-28,-36,-32,-23,sil
24.33307838439941,-14,10,0,19,25,24,10,-7,-15,0,0,-17,-15,-13,sil
24.33307838439941,-14,5,1,25,12,19,11,-5,-17,-2,7,-3,0,-7,sil
24.349088430404663,-21,-6,1,19,-10,11,18,0,-19,-10,4,-3,-2,-7,sil
24.349088430404663,-8,2,13,27,-2,8,22,0,-4,2,15,4,0,5,sil
24.364272117614743,12,7,28,29,7,6,18,3,8,15,23,26,14,27,sil
24.37999725341797,23,-2,19,25,-5,2,16,7,21,18,21,33,26,34,sil
24.37999725341797,23,-2,19,24,-9,0,16,13,38,15,18,32,21,28,sil
24.37999725341797,15,-3,14,6,-5,0,8,13,37,9,9,27,5,17,sil
24.395610094070435,9,-15,-8,-13,-17,-10,-4,6,11,0,0,14,0,9,sil
24.395610094070435,17,-5,-2,-4,-20,-18,-11,3,1,-5,7,13,8,9,sil
24.41064739227295,28,21,22,15,-6,-14,-4,5,17,0,31,30,25,12,sil
24.41064739227295,19,25,20,8,0,-6,-6,0,10,1,35,28,27,5,sil
24.426756858825684,1,11,-2,-2,3,-6,-15,-11,-15,-13,4,-3,6,-10,sil
24.44278359413147,-2,3,-13,-2,3,-19,-18,-11,-21,-24,-15,-23,-18,-19,sil
24.44278359413147,0,1,-5,-7,-1,-23,-18,-4,-9,-18,0,-11,-16,-14,sil
24.45880389213562,6,1,1,-7,1,-7,-13,-4,0,0,13,3,8,0,sil
24.45880389213562,9,0,5,0,6,1,-4,-3,-3,13,3,6,15,9,sil
24.473689317703247,0,0,-4,2,6,0,-1,-6,-13,10,-9,-5,2,5,sil
24.473689317703247,-8,0,-9,5,9,3,-3,-11,-13,0,-11,-14,-2,0,sil
24.473689317703247,-5,2,0,6,11,11,-6,0,-7,-1,-7,-3,-4,0,sil
24.48985266685486,-12,-1,-4,-5,3,1,-11,6,-5,0,-12,-9,-16,-8,sil
24.48985266685486,-24,-6,-9,-21,-5,-6,-11,4,-5,-4,-26,-24,-24,-20,sil
24.50410771369934,-14,-4,-6,-17,-6,8,6,9,0,-3,-23,-14,-12,-12,sil
24.51970267295837,-5,-6,-10,-10,-2,18,20,11,4,8,-15,-8,-3,0,sil
24.51970267295837,-17,-13,-7,-16,0,18,12,2,9,13,-23,-21,-16,-6,sil
24.53519058227539,-22,-10,-6,-9,0,28,12,1,20,12,-22,-25,-23,-15,goodbye
24.53519058227539,-14,-5,-7,0,0,30,21,2,21,4,-13,-18,-16,-9,goodbye
24.550722122192383,-11,-13,-8,-9,-5,7,14,-10,-4,-13,-16,-14,-12,-1,goodbye
24.550722122192383,-5,-15,-10,-19,-5,-14,-1,-21,-30,-30,-12,-1,-7,-1,goodbye
24.566099405288696,9,0,5,-6,0,-13,-7,-6,-19,-29,0,9,0,0,goodbye
24.566099405288696,18,3,8,4,1,-3,-2,7,0,-6,8,11,6,3,goodbye
24.58178114891052,13,-2,0,0,4,-5,8,8,7,15,18,19,19,13,goodbye
24.58178114891052,17,11,11,10,13,-3,16,8,24,20,32,27,31,21,goodbye
24.597628116607662,32,28,26,37,14,1,8,4,29,16,37,27,32,27,goodbye
24.597628116607662,28,23,23,33,4,-6,-4,1,3,12,32,31,26,26,goodbye
24.612788915634155,6,10,2,7,-1,-14,-5,1,-11,7,19,18,13,10,goodbye
24.612788915634155,-7,4,-5,3,-2,-8,1,0,3,0,6,-2,2,-3,goodbye
24.628787755966187,-9,0,-4,10,-4,0,5,5,22,7,4,0,4,-2,goodbye
24.628787755966187,-12,-8,-11,-1,-7,1,0,7,19,8,0,-1,0,-9,goodbye
24.644856929779053,-12,-8,-10,-9,-2,0,-5,-1,1,-5,-7,-11,-12,-16,goodbye
24.644856929779053,-10,-1,-7,-5,-3,-4,-4,-10,-4,-4,-1,-8,-10,-12,goodbye
24.66005539894104,-9,-7,-8,-5,-10,-8,-12,-11,-17,-2,0,-7,-7,-13,goodbye
24.66005539894104,-2,-7,8,4,1,2,-18,-7,-36,-14,-6,-9,-10,-8,goodbye
24.675662517547607,10,6,16,20,19,12,-5,0,-27,-3,0,0,0,10,goodbye
24.675662517547607,16,7,11,7,9,2,-4,2,-8,7,7,9,12,13,goodbye
24.690752029418945,6,-4,2,-6,-9,-3,-17,-4,-12,-9,-3,0,4,0,goodbye
24.690752029418945,-4,-5,-3,-2,-8,-1,-12,-7,-16,-21,-17,-7,-9,-4,goodbye
24.705976009368896,-5,-4,-3,-8,-1,-4,3,0,-1,-4,-14,-4,-11,0,goodbye
24.705976009368896,-3,-8,-5,-23,-7,-3,7,2,17,6,-9,-7,-4,0,goodbye
24.722023487091064,-7,-10,-11,-24,-14,-1,-5,1,10,-10,-20,-16,-9,-9,goodbye
24.722023487091064,-15,-14,-14,-17,-14,-7,-12,2,-11,-22,-24,-20,-15,-18,goodbye
24.737885236740112,-17,-10,-6,-10,-11,-9,0,7,-1,0,-2,-1,-2,-6,goodbye
24.737885236740112,-2,3,5,-5,-2,0,5,7,22,14,10,18,4,7,goodbye
24.753305435180664,6,5,-1,3,5,3,0,0,12,-3,-3,1,-6,-2,goodbye
24.753305435180664,0,-1,0,8,2,2,1,1,-2,-8,-9,-11,-13,-9,goodbye
24.76896572113037,0,5,4,0,3,14,17,9,11,13,15,6,5,7,goodbye
24.76896572113037,9,15,4,-2,13,14,19,0,18,17,27,15,18,15,goodbye
24.78408169746399,16,15,11,13,12,0,6,-7,0,1,10,10,7,7,goodbye
24.78408169746399,21,10,14,20,10,-3,5,-6,-7,3,13,19,7,14,goodbye
24.80009174346924,18,13,14,10,19,4,5,-10,0,10,23,21,15,18,goodbye
24.80009174346924,7,14,12,13,16,4,2,-10,1,2,5,1,7,1,goodbye
24.81562042236328,5,4,5,16,4,3,9,0,3,0,-11,-6,-2,0,goodbye
24.81562042236328,8,4,12,8,7,4,9,6,2,6,-8,3,-2,10,goodbye
24.832152605056763,5,8,8,6,6,2,1,2,4,16,0,5,4,0,goodbye
24.832152605056763,-2,-5,-13,-2,-8,5,3,3,12,25,3,-3,7,-4,goodbye
24.847712516784668,-21,-20,-26,-15,-13,5,6,7,4,1,-7,-18,-4,-3,goodbye
24.847712516784668,-31,-12,-23,-11,-4,-4,-8,0,-20,-34,-27,-32,-26,-23,goodbye
24.86377000808716,-18,-5,-8,0,-7,-10,-19,0,-28,-31,-20,-24,-27,-30,goodbye
24.86377000808716,-5,-8,-5,7,-13,-4,-3,3,-16,-2,1,-8,-8,-8,goodbye
24.879321336746216,-4,-6,-7,6,-7,3,11,0,-3,8,2,-1,2,1,goodbye
24.879321336746216,-4,-1,0,2,3,6,8,-3,2,13,0,0,4,3,goodbye
24.894978523254395,-2,-3,3,2,4,-4,-3,-4,0,14,5,1,8,9,goodbye
24.894978523254395,-4,-13,-2,-7,-4,-11,-11,-3,-3,2,0,0,13,7,goodbye
24.910531044006348,-6,-18,-16,-30,-13,-3,-12,0,4,-1,-7,-3,12,6,goodbye
24.910531044006348,-2,-14,-12,-38,-18,-7,-17,0,10,-5,0,3,9,7,goodbye
24.92567014694214,9,-7,5,-27,-17,-14,-17,2,11,-14,4,18,11,4,goodbye
24.92567014694214,18,-3,6,-16,-10,-8,-8,3,15,-11,11,21,12,4,goodbye
24.9408061504364,12,4,6,-13,-5,-4,-10,4,8,-15,15,17,1,-1,goodbye
24.9408061504364,2,17,9,0,0,-6,-13,0,-3,-29,8,10,-10,-14,goodbye
24.95601415634156,3,24,12,22,18,0,-4,-4,-4,-24,10,6,-9,-17,goodbye
24.95601415634156,6,26,21,29,31,11,8,1,-5,-5,17,10,-5,-9,goodbye
24.971388816833496,1,23,8,27,22,17,21,4,-5,7,-2,-5,-12,-3,goodbye
24.971388816833496,-4,12,-7,27,13,14,22,-1,-2,15,-24,-24,-23,-3,goodbye
24.98731303215027,-3,0,-4,20,9,9,11,-4,0,22,-10,-12,-9,0,goodbye
24.98731303215027,5,0,10,13,4,3,7,0,2,27,9,5,16,13,goodbye
25.0029821395874,20,8,21,18,6,2,10,2,11,25,12,7,21,26,goodbye
25.0029821395874,20,0,12,14,3,1,6,-1,11,20,11,6,12,25,goodbye
25.018065690994263,0,-15,-1,-7,-7,-9,-7,-6,-3,5,11,7,10,13,goodbye
25.018065690994263,-10,-13,-10,-16,-9,-17,-11,-4,-14,-4,1,2,5,0,goodbye
25.03411984443665,-9,-12,-16,-14,-7,-10,-6,-1,-14,-11,-18,-9,-6,-13,goodbye
25.03411984443665,-17,-21,-15,-22,-19,-4,-8,-3,-20,-21,-31,-22,-21,-20,goodbye
25.049744129180908,-27,-16,-14,-26,-23,-10,-12,-3,-22,-19,-15,-15,-21,-17,goodbye
25.049744129180908,-11,1,1,-16,-11,-10,-14,0,-12,-8,-1,3,-12,-7,goodbye
25.06494379043579,3,4,3,-4,-1,4,-3,1,-1,-2,-11,0,-10,-2,goodbye
25.06494379043579,-4,-4,-10,0,5,22,16,6,13,2,-17,-12,-7,-1,goodbye
25.08050107955933,-9,-3,-3,4,8,28,27,15,30,13,-4,-5,11,5,goodbye
25.08050107955933,5,-2,0,6,3,17,21,8,31,19,1,-1,20,9,goodbye
25.09566283226013,11,0,1,0,3,6,7,0,11,8,2,-4,8,0,goodbye
25.112713098526,7,12,9,5,4,2,0,0,0,-3,9,2,1,-3,goodbye
25.112713098526,6,13,4,17,1,-1,-2,-4,-2,-12,6,1,-1,0,goodbye
25.12775754928589,3,2,-2,2,5,-1,-3,-9,-9,-13,-4,-1,-9,1,goodbye
25.12775754928589,5,0,-2,-10,5,5,7,0,0,0,1,5,1,0,goodbye
25.12775754928589,6,5,-1,-3,1,6,13,6,17,11,16,13,14,3,goodbye
25.143925189971924,-2,2,-5,1,9,0,8,5,18,14,12,8,4,8,goodbye
25.143925189971924,-2,0,-4,2,13,-7,1,1,7,13,5,3,2,8,goodbye
25.15868186950684,6,6,10,6,3,-18,-7,2,0,5,12,11,19,9,goodbye
25.17448925971985,2,0,5,1,-7,-21,-11,1,0,1,16,12,19,1,goodbye
25.17448925971985,-9,-19,-9,-13,-16,-21,-17,-4,-7,-7,1,0,-3,-12,goodbye
25.189634561538696,-6,-12,-2,-6,-17,-23,-32,-10,-23,-31,-10,-1,-20,-14,sil
25.189634561538696,2,6,7,9,-5,-18,-30,-7,-24,-31,-4,5,-15,-8,sil
25.206738233566284,4,6,9,0,4,0,-8,-1,-9,-8,2,3,-5,-9,sil
25.206738233566284,-2,1,3,-11,0,8,-1,-2,-5,0,8,-5,3,-6,sil
25.206738233566284,-7,2,0,-5,-9,-2,-14,-6,-20,-2,8,-6,3,0,sil
25.22265124320984,-2,0,4,0,-11,-2,-11,-4,-19,0,-4,-4,-4,0,sil
25.22265124320984,5,1,6,6,-2,3,5,0,0,1,-11,-6,-4,0,sil
25.23773670196533,5,8,8,15,4,1,4,3,6,2,-1,0,0,12,sil
25.252917528152462,3,8,5,19,13,12,5,4,4,6,3,8,3,13,sil
25.252917528152462,4,3,0,20,20,31,18,2,5,0,1,1,1,4,sil
25.267958164215088,6,0,-2,10,10,27,21,5,6,4,0,-1,1,4,sil
25.267958164215088,6,-5,-6,-4,-2,9,12,5,11,14,-5,2,4,1,sil
25.284001111984253,0,-7,-4,-7,3,2,9,1,10,7,-10,1,-3,-3,sil
25.284001111984253,-9,-4,-8,-2,6,0,12,0,0,3,-9,-12,-12,-6,sil
25.29908537864685,-13,-7,-17,-4,-10,-2,4,-2,-7,5,-19,-24,-13,-11,sil
25.29908537864685,-6,-3,-3,-3,-12,1,3,0,-1,0,-17,-14,-15,-8,sil
25.314701795578003,4,1,9,0,-1,5,21,6,14,8,6,2,-1,9,sil
25.314701795578003,0,-9,0,-9,-11,0,19,3,12,13,4,4,7,10,sil
25.330727100372314,-20,-20,-18,-21,-17,-4,-4,-3,-5,-5,-20,-14,-9,-6,sil
25.330727100372314,-17,-10,-15,-14,3,2,-9,0,0,-4,-19,-18,-13,-1,sil
25.34683632850647,3,-1,0,-5,11,3,2,6,17,10,-4,-2,8,10,sil
25.34683632850647,2,-5,-10,-9,-2,-6,2,-1,6,3,-6,0,7,-1,sil
25.362870454788208,-8,-10,-12,-16,-1,-7,-6,-4,-3,-10,-4,-3,1,-8,sil
25.362870454788208,0,-5,6,-10,11,0,-3,2,10,-3,11,5,17,2,sil
25.37868595123291,11,9,13,0,13,-10,-5,-1,7,-3,23,20,24,3,sil
25.37868595123291,11,23,15,5,0,-24,-25,-7,-9,-11,25,30,14,1,sil
25.393877744674683,10,21,13,8,-7,-17,-27,-2,-2,-6,29,26,15,0,sil
25.393877744674683,6,13,8,10,-1,-10,-19,0,-2,-7,32,19,16,-6,sil
25.40990900993347,2,18,10,12,3,-8,-18,-3,-14,-13,28,20,7,-10,sil
25.40990900993347,8,27,15,23,6,4,-7,-6,-6,-3,18,15,-5,-3,sil
25.42503571510315,15,26,23,32,15,14,5,-3,-5,3,9,4,-12,0,sil
25.42503571510315,11,14,15,27,17,7,3,1,-17,2,0,-7,-10,-1,sil
25.44069170951844,-1,0,-1,13,5,3,0,5,-13,2,-11,-13,-12,-1,sil
25.44069170951844,-7,-13,-8,1,-10,6,10,3,0,2,-25,-16,-13,7,sil
25.455748796463013,-1,-24,-14,-6,-21,5,22,3,5,7,-28,-24,-6,19,sil
25.455748796463013,-3,-24,-15,-15,-15,10,22,7,11,14,-27,-19,-6,17,sil
25.47174644470215,-13,-21,-17,-23,-5,6,16,4,13,7,-30,-9,-8,6,sil
25.47174644470215,-11,-26,-18,-28,-8,-16,2,-3,5,-4,-29,-11,-6,-4,sil
25.487790822982788,-3,-25,-11,-22,-13,-15,-3,0,5,-4,-10,-6,0,-5,sil
25.487790822982788,3,-7,0,-2,-5,3,2,1,13,7,16,15,19,4,sil
25.50404644012451,4,7,4,1,-1,0,-1,-2,2,5,22,18,18,0,sil
25.50404644012451,-2,10,-3,-1,-4,-11,-13,-8,-23,-14,3,-5,-8,-18,sil
25.51971006393433,-3,9,-3,6,0,0,-13,-9,-33,-25,-5,-14,-21,-20,sil
25.51971006393433,0,13,9,16,8,11,-11,-4,-22,-16,8,1,-8,-7,sil
25.53564643859864,-4,15,11,19,11,12,-5,2,-10,-1,18,8,0,1,sil
25.53564643859864,-5,9,11,25,17,20,11,7,-6,12,8,-2,0,4,sil
25.550781965255737,-7,-4,-1,17,12,26,19,3,0,18,-5,-16,0,2,sil
25.550781965255737,-15,-18,-20,-14,0,12,3,0,11,13,-11,-19,-4,0,sil
25.566399812698364,-7,-17,-18,-32,-1,-2,-1,5,24,13,-10,-9,0,1,sil
25.566399812698364,11,-5,-3,-24,3,-9,7,7,32,17,-8,0,11,1,sil
25.58106064796448,10,1,2,-18,-1,-18,0,2,31,8,0,11,10,2,sil
25.58106064796448,0,-1,-4,-16,-3,-20,-11,0,21,0,7,15,6,1,sil
25.596642017364506,4,-3,-4,-15,0,-16,-8,0,12,-5,0,11,6,-3,sil
25.596642017364506,17,8,13,-18,0,-15,-3,0,5,-12,-4,15,7,0,sil
25.6120662689209,15,21,19,-4,-4,-14,-5,-4,-4,-18,12,24,9,10,sil
25.6120662689209,5,19,20,11,-4,-6,-8,-8,-22,-18,14,17,5,2,sil
25.62703657150269,1,6,11,-1,-4,2,-6,-8,-33,-15,-4,-2,-2,-11,sil
25.62703657150269,0,0,0,-8,-4,3,0,-6,-30,-16,-9,-12,-10,-10,sil
25.642648220062256,-2,11,8,28,3,6,1,0,-19,-14,0,-7,-10,-5,sil
25.642648220062256,0,22,14,55,22,18,3,2,-6,0,8,-7,0,-6,sil
25.658716201782227,2,17,6,40,27,19,8,0,0,10,11,-6,2,4,sil
25.658716201782227,0,5,2,26,11,7,14,4,0,10,10,0,-3,17,sil
25.67424154281616,-9,-3,-7,20,0,5,13,6,5,18,2,-6,-3,8,sil
25.67424154281616,-14,-8,-14,3,0,17,17,4,10,28,-5,-15,-3,0,sil
25.6899254322052,-11,-17,-18,-10,-9,12,24,1,17,27,-8,-11,-5,2,sil
25.6899254322052,-14,-32,-23,-20,-23,-6,9,2,21,20,-6,-6,-2,0,sil
25.706019401550293,-17,-33,-27,-19,-22,-7,-10,3,16,11,-6,-6,-1,0,sil
25.706019401550293,-3,-18,-12,-6,-12,-3,-11,1,10,4,-3,1,2,9,sil
25.72102117538452,7,-9,9,-3,-8,-10,-6,1,14,0,0,15,9,8,sil
25.72102117538452,13,-7,8,-10,-11,-10,-12,2,10,-4,7,20,12,7,sil
25.7367160320282,25,-2,8,-10,-12,-6,-13,0,-1,-7,19,26,13,13,sil
25.7367160320282,27,5,15,-6,-5,-13,-6,0,-3,-11,15,24,11,0,sil
25.75173020362854,18,9,13,0,3,-19,-9,-4,-8,-25,-1,9,2,-15,sil
25.75173020362854,14,10,12,9,5,-12,-21,-6,-28,-34,-5,6,-4,-10,sil
25.767140865325928,10,9,7,2,0,-6,-19,-7,-31,-21,10,13,0,-4,sil
25.767140865325928,-2,6,1,-13,-5,-9,-6,-6,-23,-10,12,5,-2,-12,sil
25.782729387283325,-13,4,-5,-8,0,-8,-3,-7,-26,-21,-6,-10,-21,-17,sil
25.798101902008057,-9,7,0,6,13,4,-6,-9,-22,-25,-14,-13,-23,-12,sil
25.798101902008057,-3,18,9,6,24,21,-2,-1,0,0,-5,-5,-2,-4,sil
25.798101902008057,-7,17,0,0,17,23,3,0,11,20,-3,-13,6,-2,sil
25.814178466796875,-17,3,-13,-6,8,14,0,-5,2,9,-24,-36,-9,-5,sil
25.814178466796875,-26,-2,-24,-15,11,13,3,1,1,-3,-41,-44,-21,-6,sil
25.82968521118164,-18,0,-25,-21,16,20,16,13,14,9,-25,-32,-4,0,sil
25.82968521118164,-2,-1,-7,-20,13,25,29,13,28,31,-7,-17,11,8,sil
25.845342874526978,-4,-6,-8,-16,9,20,36,10,30,33,-16,-24,0,10,sil
25.845342874526978,-22,-10,-20,-19,6,0,29,9,21,26,-19,-29,-11,0,sil
25.86090517044068,-22,-13,-17,-22,0,-19,14,3,9,23,5,-9,1,-4,sil
25.86090517044068,-3,-16,-3,-5,-7,-13,1,-3,3,11,19,11,10,0,sil
25.876937866210938,13,-4,16,21,-3,1,-4,-4,2,0,18,21,7,8,sil
25.876937866210938,19,7,23,35,-1,2,3,0,1,2,24,25,10,10,sil
25.89302396774292,17,4,24,39,-14,-7,9,0,-4,-7,25,28,8,11,sil
25.89302396774292,16,0,25,38,-25,-10,-4,-1,-8,-19,22,37,0,11,sil
25.90722155570984,23,3,23,32,-18,-12,-21,-3,-6,-6,28,48,7,11,sil
25.92316484451294,32,11,28,33,-3,-15,-14,0,-1,0,31,46,18,15,sil
25.92316484451294,26,11,19,33,-1,-9,-4,0,3,-2,21,28,19,14,sil
25.93867516517639,11,2,8,10,-6,-7,-9,-3,-2,-5,9,18,13,3,sil
25.93867516517639,5,0,3,-1,-7,-5,-10,0,-11,-10,7,16,6,-3,sil
25.954712867736816,4,4,-7,0,-4,-1,-4,-1,-9,-16,2,1,0,-7,sil
25.954712867736816,-4,-5,-12,-19,-10,-8,-10,-4,-1,-15,-10,-10,-2,-14,sil
25.970141649246216,-21,-23,-22,-31,-14,-14,-22,0,4,-11,-17,-21,-4,-17,sil
25.970141649246216,-24,-19,-22,-24,-5,-6,-29,0,-2,-13,-16,-19,-10,-15,sil
25.98567008972168,-14,-8,-11,-27,0,4,-23,-3,-11,-12,-18,-11,-13,-13,sil
25.98567008972168,-5,-10,-17,-33,-1,4,-11,-3,-4,-1,-18,-17,-3,-8,sil
26.00104713439941,-5,0,-10,-23,4,0,-9,0,-2,3,-7,-16,0,-4,sil
26.00104713439941,-15,16,-7,-12,15,7,0,0,-7,1,-6,-15,-6,-5,sil
26.01641321182251,-18,6,-10,-13,13,17,17,0,-12,-4,-26,-26,-21,-5,sil
26.01641321182251,-7,1,3,1,10,20,23,7,-13,-6,-34,-29,-29,-1,sil
26.032083988189697,3,10,8,25,9,18,17,4,-1,5,-17,-21,-19,0,sil
26.032083988189697,1,9,6,15,1,19,17,0,11,17,-9,-15,-14,5,sil
26.04774022102356,-8,-3,-9,-6,2,15,21,0,12,19,-12,-15,-10,7,sil
26.04774022102356,-6,-20,-16,-8,2,-1,8,0,3,15,-12,-12,1,11,sil
26.06367015838623,3,-16,2,-1,-3,-11,0,0,4,11,0,1,12,13,sil
26.06367015838623,6,-2,0,-8,3,-5,14,2,21,13,19,8,17,12,sil
26.079655408859253,6,0,1,-14,17,-2,21,4,22,10,23,14,20,17,sil
26.079655408859253,16,16,19,6,23,-6,8,0,2,5,29,29,22,8,sil
26.09488248825073,21,27,17,23,18,-9,3,-11,-14,-3,33,35,13,-11,sil
26.09488248825073,16,30,26,12,19,-5,0,-7,-22,-12,31,30,2,-16,sil
26.11000108718872,22,56,40,24,48,0,3,0,-4,5,56,26,12,-14,sil
26.11000108718872,19,43,8,47,38,0,9,0,18,22,50,15,18,-9,sil
0.0410676002502441,-8,-25,-18,27,-28,9,0,2,5,0,-10,-6,-2,3,goodbye
0.0410676002502441,-23,-47,-8,-3,-55,11,-16,5,-17,-22,-32,-15,-15,0,goodbye
0.05643892288208,-16,-26,-11,-7,-40,-7,-18,4,-5,-15,-16,-6,-9,-7,goodbye
0.05643892288208,-7,-14,-10,1,-29,-10,-3,5,22,-5,-24,2,0,8,goodbye
0.0723955631256103,-1,-11,-1,-3,-21,0,3,2,27,-1,-27,0,6,12,goodbye
0.0723955631256103,-7,-26,-12,-28,-32,-12,-14,0,6,-3,-18,-7,-1,-1,goodbye
0.0880615711212158,-13,-30,-18,-30,-36,-18,-27,0,-4,-11,-16,-13,-17,-9,goodbye
0.0880615711212158,-7,-12,-18,-6,-14,-1,-8,-1,3,-11,-23,-16,-9,-4,goodbye
0.1034886837005615,-3,-13,-7,-18,-7,8,2,0,9,4,-19,-8,2,7,goodbye
0.1034886837005615,-3,-18,-4,-28,-6,0,-15,0,-3,11,-12,-5,-2,3,goodbye
0.1190936565399169,-10,-5,-14,-1,0,-17,-34,-11,-34,-27,-28,-19,-20,-22,goodbye
0.1190936565399169,-9,10,6,1,-2,-19,-28,-10,-41,-48,-17,-7,-14,-21,goodbye
0.1344940662384033,9,30,30,1,11,-1,-3,0,-14,0,40,18,11,9,goodbye
0.1344940662384033,21,44,31,44,40,18,14,0,-9,32,51,23,19,25,goodbye
0.1498410701751709,15,30,21,48,43,30,28,4,-6,34,22,17,13,22,goodbye
0.1498410701751709,10,0,1,0,22,25,32,3,21,43,18,9,17,21,goodbye
0.1655714511871338,10,-6,-2,-14,6,9,18,0,20,22,6,-1,8,15,goodbye
0.1655714511871338,3,-7,-12,-10,5,-4,11,-2,3,1,-9,-6,0,0,goodbye
0.1806752681732177,0,-17,-22,-34,6,-17,2,2,6,5,4,8,7,-4,goodbye
0.1806752681732177,6,-2,-5,-26,4,-18,-20,5,-1,-8,14,16,3,-7,goodbye
0.1967027187347412,3,23,3,10,11,-5,-22,-1,-14,-26,4,-2,-14,-18,goodbye
0.1967027187347412,-1,22,1,7,19,2,-4,-6,-8,-18,-2,-12,-24,-21,goodbye
0.2128143310546875,1,12,1,-4,13,2,5,0,3,-28,-2,-7,-19,-8,goodbye
0.2128143310546875,-4,4,0,0,-4,4,4,1,2,-67,0,-10,-8,-2,goodbye
0.2288541793823242,-20,-4,2,3,-13,9,2,-3,-12,-75,-11,-17,-2,-12,goodbye
0.2288541793823242,-17,-12,-6,1,-7,10,11,-1,-13,-1,-23,-20,-4,-12,goodbye
0.2448306083679199,-3,-15,-5,0,-8,7,23,9,10,82,-8,-7,-3,2,goodbye
0.2448306083679199,3,-14,8,0,-21,0,21,10,24,73,7,15,7,10,goodbye
0.260977029800415,8,-5,11,8,-22,-4,8,0,18,19,4,21,16,9,goodbye
0.260977029800415,13,4,12,15,-9,0,0,-2,14,10,2,9,10,13,goodbye
0.2771353721618652,8,11,6,22,5,8,3,3,21,26,7,2,4,7,goodbye
0.2771353721618652,-4,7,-1,18,7,4,2,5,12,21,4,2,7,-3,goodbye
0.2928071022033691,-20,-4,-9,7,0,-1,-7,0,-3,4,-4,-2,6,-6,goodbye
0.2928071022033691,-19,-7,-9,2,-2,-1,-11,0,-6,-15,-11,-8,1,-4,goodbye
0.3078846931457519,-1,4,0,5,1,-3,-11,0,-1,-11,-8,-3,0,2,goodbye
0.3078846931457519,6,3,1,8,5,-10,-11,-5,-1,12,0,1,2,5,goodbye
0.323106050491333,5,-4,-3,-3,-3,-9,-11,-9,0,1,0,4,2,2,goodbye
0.323106050491333,2,-7,-12,-22,-17,-6,-10,-7,-1,-23,-5,-5,0,0,goodbye
0.3391826152801513,-3,-10,-18,-17,-13,-11,-12,-10,-19,-20,-13,-24,-9,-6,goodbye
0.3391826152801513,-11,-16,-8,-17,0,-9,-7,-7,-35,-17,-25,-20,-19,-9,goodbye
0.3548059463500976,-10,-21,-4,-40,-1,0,1,2,-14,-11,-20,-4,-15,-1,goodbye
0.3548059463500976,-3,-16,-4,-37,-10,0,7,14,6,-9,-3,6,-8,1,goodbye
0.369882583618164,7,4,4,-4,0,2,9,14,-2,-18,7,15,-1,9,goodbye
0.369882583618164,17,19,13,13,14,4,10,4,-4,0,18,20,8,18,goodbye
0.3851346969604492,12,5,8,6,8,-1,3,0,10,25,24,15,10,8,goodbye
0.3851346969604492,4,-8,-2,0,0,-5,-6,-1,10,5,19,10,10,-4,goodbye
0.4017603397369385,7,5,3,0,5,-2,-10,-3,-4,-20,8,9,2,-3,goodbye
0.4017603397369385,3,16,5,5,7,0,-9,-2,-2,-9,2,0,-7,-4,goodbye
0.4167933464050293,0,12,4,14,6,7,-4,1,17,12,16,-1,4,0,goodbye
0.4319713115692138,20,28,29,30,18,19,-1,3,23,17,42,27,30,16,goodbye
0.4319713115692138,27,38,33,35,15,6,-4,-5,2,5,32,25,22,11,goodbye
0.4479908943176269,-2,6,-4,14,0,-10,0,-10,-13,0,-7,-11,-8,-11,goodbye
0.4479908943176269,-22,-16,-27,-7,-3,0,14,0,-3,8,-20,-24,-17,-15,goodbye
0.4479908943176269,-11,-11,-18,-10,0,8,19,7,10,4,-12,-14,-13,-9,goodbye
0.4641084671020508,-10,-10,-4,-10,-6,0,7,6,7,-5,-15,-13,-13,-15,goodbye
0.4641084671020508,-12,-12,-2,-7,-5,0,0,-3,0,-5,-19,-16,-5,-12,goodbye
0.4799096584320068,0,-1,3,5,1,1,-1,-5,-6,-3,-17,-8,1,0,goodbye
0.4954173564910888,4,-2,1,1,-1,-3,-4,-1,-20,-5,-13,-1,0,-1,goodbye
0.4954173564910888,-8,-14,-12,-20,-7,3,-1,-1,-28,-8,-10,-2,-5,-10,goodbye
0.4954173564910888,-14,-10,-10,-16,-3,4,0,0,-19,-16,-17,-5,-17,-6,goodbye
0.5109398365020752,-6,0,-2,7,1,-2,0,2,-3,-6,-16,-6,-14,6,goodbye
0.5109398365020752,-2,6,3,10,1,0,5,-2,-2,12,-1,0,0,12,goodbye
0.5270977020263672,-3,6,5,-2,-1,-1,8,-1,-2,14,8,4,2,11,goodbye
0.5270977020263672,1,6,4,1,-2,-2,4,9,14,11,14,3,4,11,goodbye
0.54172682762146,18,17,19,24,0,8,3,12,28,16,20,8,18,18,goodbye
0.5577764511108398,19,16,19,24,3,5,6,3,22,20,16,9,21,15,goodbye
0.5577764511108398,-2,-11,-4,-9,-1,-11,1,-1,5,7,0,-1,0,-3,goodbye
0.572873592376709,-19,-27,-18,-24,-10,-7,-6,-7,-9,-14,-14,-10,-15,-20,goodbye
0.572873592376709,-9,-10,-4,-7,-10,4,-4,-9,-8,-15,-9,-5,-8,-15,goodbye
0.5738687515258789,-2,0,5,-3,-3,5,0,0,3,0,1,4,7,-2,goodbye
0.588953971862793,-10,-11,-9,-4,3,0,0,5,5,2,0,-4,11,-3,goodbye
0.6040842533111572,-4,-12,-9,5,3,-5,-2,2,6,1,0,-4,5,1,goodbye
0.6040842533111572,16,0,4,5,0,-3,0,5,20,13,7,13,5,16,goodbye
0.6202061176300049,13,2,-5,-1,0,0,-1,0,19,8,0,11,1,10,sil
0.6202061176300049,-1,2,-12,-1,4,-1,-10,-7,-4,-10,-6,-2,-8,-2,sil
0.6367518901824951,4,8,-5,0,6,1,-5,-6,-16,-11,7,4,-4,6,sil
0.6367518901824951,18,6,2,1,6,4,0,-2,-8,-1,10,16,6,14,sil
0.6367518901824951,12,0,4,0,1,0,-4,1,-1,1,-3,3,5,1,sil
0.6510350704193115,0,0,0,-8,-8,-4,-6,5,0,-2,0,-4,1,-6,sil
0.6670186519622803,0,3,9,-11,-5,-1,-2,1,0,-4,16,9,8,1,sil
0.6670186519622803,5,0,12,-9,3,3,-4,0,4,0,15,11,12,5,sil
0.6824231147766113,5,-2,-1,-13,0,0,-11,5,10,3,8,0,1,0,sil
0.6824231147766113,4,5,4,-2,-2,-8,-6,2,2,-4,13,7,-3,0,sil
0.6982769966125488,0,12,9,12,3,-8,3,-8,-22,-16,4,4,-9,-12,sil
0.6982769966125488,-11,4,-3,0,1,-6,-6,-11,-42,-30,-19,-17,-27,-29,sil
0.71364426612854,-10,2,-4,-2,-3,-8,-14,-5,-29,-22,-17,-12,-22,-25,sil
0.71364426612854,0,12,9,14,0,-8,-2,-6,-16,-5,0,2,-3,-10,sil
0.728813886642456,-3,8,6,5,1,-5,1,-3,-25,-13,-8,-12,-14,-12,sil
0.728813886642456,-12,0,-14,5,4,4,6,0,-16,-14,-13,-28,-20,-14,sil
0.7443482875823975,-7,5,-5,31,13,20,20,6,9,9,-1,-12,0,-2,sil
0.7443482875823975,-2,5,15,25,10,20,22,10,11,15,-3,1,6,11,sil
0.759986162185669,-3,-6,2,0,0,6,14,2,7,16,-12,-1,1,14,sil
0.759986162185669,-4,-11,-3,-2,-1,7,12,2,21,27,-6,-1,6,13,sil
0.7759461402893066,-7,-6,10,7,0,19,16,12,31,31,-4,0,10,17,sil
0.7759461402893066,-7,-3,1,14,8,25,26,4,31,35,-3,-5,13,17,sil
0.7911968231201172,3,-9,-9,5,7,25,30,2,36,41,1,-2,17,24,sil
0.7911968231201172,4,-21,-1,-13,-14,11,14,14,35,30,5,7,21,31,sil
0.8067233562469482,-5,-24,-15,-17,-27,-12,-2,2,21,15,3,6,23,15,sil
0.8067233562469482,2,-9,-20,-16,-11,-21,-13,-5,11,3,2,7,13,4,sil
0.8228268623352051,13,1,4,-26,-3,-22,-25,0,6,-11,8,17,5,0,sil
0.8228268623352051,4,-1,-4,-23,-18,-32,-36,-11,-10,-23,14,8,4,-15,sil
0.8378980159759521,0,0,-12,-15,-17,-28,-41,-16,-29,-38,7,2,-4,-22,sil
0.8378980159759521,11,7,10,-12,5,-10,-28,-4,-28,-39,1,8,-12,-12,sil
0.8529634475708008,8,4,2,-5,12,-6,-14,-13,-25,-22,5,1,-11,-15,sil
0.8529634475708008,0,5,1,-3,0,-8,-15,-15,-31,-20,5,0,-16,-14,sil
0.8690388202667236,0,11,10,0,0,1,-7,2,-20,-21,2,5,-11,-9,sil
0.8690388202667236,0,7,-4,4,4,3,1,5,-1,-15,-3,-9,-7,-17,sil
0.8847231864929199,-7,4,0,-1,2,4,1,4,1,-12,-15,-13,-19,-16,sil
0.8847231864929199,-5,0,2,-3,8,9,12,4,9,1,-12,-6,-11,0,sil
0.9002499580383301,0,-2,-5,5,10,0,17,0,7,15,-3,-7,0,7,sil
0.9002499580383301,3,8,2,18,5,0,8,3,-6,6,0,-2,-6,10,sil
0.9159879684448242,13,22,9,32,12,12,10,5,2,8,6,8,2,17,sil
0.9159879684448242,21,20,21,37,18,20,14,5,15,22,10,14,16,19,sil
0.931187391281128,6,8,14,28,7,10,7,0,-7,16,3,6,9,5,sil
0.931187391281128,-15,-7,-10,7,-7,-4,0,-7,-33,-10,-9,-11,-8,-8,sil
0.9468886852264404,-12,-7,-7,-4,-10,-3,2,-1,-23,-19,-14,-18,-18,-9,sil
0.9468886852264404,-3,6,3,6,1,13,10,4,1,0,0,-7,-1,-2,sil
0.9619808197021484,-11,1,-1,10,10,17,12,0,9,12,9,0,7,0,sil
0.9619808197021484,-11,-13,-7,-2,0,3,12,-3,11,9,4,-4,-3,-5,sil
0.9776275157928468,-1,-14,-6,-12,-12,-3,14,1,11,11,-3,-9,-6,-4,sil
0.9776275157928468,-12,-16,-6,-19,-11,3,5,5,10,10,-5,-7,9,5,sil
0.9934735298156738,-14,-25,-11,-21,-12,0,-3,4,14,10,-2,-3,22,12,sil
0.9934735298156738,10,-13,6,-14,-13,-11,-4,5,21,19,0,10,26,20,sil
1.009028673171997,19,3,8,-7,-6,-5,0,5,28,27,5,19,24,23,sil
1.009028673171997,5,0,-2,-13,-4,-8,-6,1,25,11,6,13,11,6,sil
1.0247926712036133,4,-5,2,-17,-12,-21,-27,0,10,-13,1,12,0,-8,sil
1.0247926712036133,13,3,-1,-10,-8,-16,-30,-8,3,-17,7,11,4,-6,sil
1.0399584770202637,10,15,2,-5,8,-11,-20,-14,-3,-11,17,16,6,-2,sil
1.0399584770202637,8,22,17,2,14,-12,-12,-4,-17,-14,18,22,0,-2,sil
1.056074857711792,13,20,14,24,11,1,0,2,-13,-10,15,11,-3,0,sil
1.056074857711792,3,15,6,26,14,13,8,0,-5,-2,3,-6,-11,-2,sil
1.071995735168457,-23,1,-5,3,11,6,2,-7,-19,-9,-15,-24,-26,-21,sil
1.071995735168457,-27,-11,-9,0,0,14,0,-7,-31,-17,-25,-28,-34,-26,sil
1.087418794631958,-4,-4,-2,17,4,31,8,-1,-20,-1,-21,-20,-21,-4,sil
1.087418794631958,0,-1,-13,10,10,16,11,1,0,9,-18,-18,-7,4,sil
1.1027169227600098,-16,-22,-24,-18,-2,-2,7,7,1,0,-25,-26,-14,-2,sil
1.1027169227600098,-21,-26,-23,-25,-12,3,14,9,-5,-3,-31,-28,-19,-1,sil
1.1184000968933103,-16,-11,-20,-18,-4,3,18,8,5,4,-19,-19,-5,3,sil
1.1338231563568115,-8,-11,-18,-27,-2,-8,13,9,28,8,-2,-4,8,0,sil
1.1338231563568115,4,-15,-9,-36,-12,-11,1,4,23,0,0,6,7,3,sil
1.1338231563568115,7,-4,5,-20,-14,-10,-12,0,2,-10,2,13,8,7,sil
1.1530001163482666,13,10,6,3,-2,-17,-16,-6,-6,-8,20,19,22,0,sil
1.165013074874878,33,26,17,15,8,-19,-15,-8,-14,0,39,33,29,0,sil
1.1660115718841553,37,26,33,24,6,-5,-14,-3,-14,-1,38,34,22,4,sil
1.1660115718841553,19,14,31,24,-1,1,-11,-2,-6,-3,27,15,13,0,sil
1.1814956665039062,11,18,28,24,-1,0,0,-2,-6,0,27,16,8,0,sil
1.1814956665039062,10,22,25,40,3,8,11,-3,-6,3,15,18,2,2,sil
1.1970937252044678,-8,4,12,33,0,10,0,-8,-9,-8,-14,-5,-14,-6,sil
1.2126822471618652,-24,-6,-4,3,-7,0,-11,-7,-21,-13,-17,-17,-25,-12,sil
1.2126822471618652,-12,-2,-6,5,0,4,1,1,-11,9,2,3,-7,1,sil
1.2126822471618652,0,-1,9,30,14,20,16,7,14,28,0,11,4,16,sil
1.2277064323425293,-8,-6,1,20,10,17,14,2,25,23,-11,-10,-1,12,sil
1.2277064323425293,-14,-9,-18,-4,-1,5,9,0,24,16,-11,-15,-1,6,sil
1.2437536716461182,-2,-4,-16,-1,0,1,6,5,26,15,-7,2,10,17,sil
1.2437536716461182,7,0,-8,5,3,-5,1,7,25,11,-5,8,16,27,sil
1.259291172027588,6,-4,-8,-15,-1,-11,-9,3,18,-1,-5,4,15,14,sil
1.259291172027588,2,-1,-14,-30,-5,-8,-12,2,9,-9,-1,7,11,-6,sil
1.2749385833740234,1,4,-5,-20,0,-11,-6,2,-1,-15,3,5,-3,-17,sil
1.29009747505188,0,4,4,-11,5,-13,-6,-2,-12,-28,3,-9,-21,-23,sil
1.29009747505188,-7,2,-8,-15,8,2,0,0,-20,-30,-10,-24,-27,-22,sil
1.3061344623565674,-10,-2,-13,-24,5,22,6,7,-19,-12,-28,-28,-29,-15,sil
1.3061344623565674,-10,-17,-14,-22,-3,15,4,0,-11,0,-35,-37,-29,-12,sil
1.3061344623565674,-14,-31,-26,-28,-16,-8,-1,-6,-6,-1,-34,-47,-22,-12,sil
1.3216915130615234,-14,-34,-26,-63,-22,-11,2,3,3,10,-18,-27,0,-2,sil
1.3371715545654297,-3,-24,-17,-70,-16,-7,1,1,19,29,16,3,30,8,sil
1.3371715545654297,3,-4,-1,-34,-2,-19,-11,-2,15,20,37,16,34,6,sil
1.3532462120056152,10,15,13,-4,5,-16,-12,-1,0,7,33,22,19,2,sil
1.3532462120056152,19,29,31,12,8,1,-2,-5,-5,5,42,37,18,9,sil
1.3689334392547607,17,35,39,41,12,7,2,-4,-11,0,46,37,13,4,sil
1.3689334392547607,1,28,23,62,11,7,5,-4,-21,-9,12,8,-9,-12,sil
1.3689334392547607,-14,8,12,57,1,14,7,-7,-26,-20,-26,-10,-27,-15,sil
1.384136438369751,-14,-6,2,43,-5,19,11,-2,-16,-21,-31,-6,-22,-6,sil
1.399796485900879,0,-6,-3,43,0,12,15,2,-1,-2,-14,4,-7,0,sil
1.399796485900879,8,1,13,52,4,2,11,0,2,14,0,11,1,8,sil
1.4149868488311768,8,3,17,48,1,3,6,0,0,5,-3,7,4,16,sil
1.4149868488311768,6,-1,4,23,-3,2,0,2,2,-8,-8,5,6,17,sil
1.430159091949463,2,-4,-6,2,-3,-3,-5,6,13,0,-3,10,12,15,sil
1.430159091949463,0,-4,-8,-4,-1,-9,-2,5,14,16,1,5,13,10,sil
1.4457051753997805,7,0,0,-9,0,-4,-4,0,8,6,2,4,11,11,sil
1.4457051753997805,18,0,-5,-17,0,-5,-10,0,14,-6,11,13,15,15,sil
1.461151123046875,14,-2,-9,-28,-7,-17,-16,2,11,-6,15,15,10,7,sil
1.461151123046875,1,0,-6,-37,-6,-25,-18,-2,-4,-7,6,0,0,-8,sil
1.4766638278961182,-4,-3,-13,-43,0,-21,-17,-4,-6,-11,3,-11,-6,-16,sil
1.4766638278961182,-5,-3,-8,-46,-2,-9,-14,0,-7,-18,1,-4,-13,-16,sil
1.4918670654296875,-5,7,-2,-27,1,3,-5,0,-13,-16,-3,-9,-14,-15,sil
1.4918670654296875,-4,16,-1,0,21,17,7,0,-1,-1,0,-19,-2,-10,sil
1.5075135231018066,-5,15,4,7,23,20,13,4,9,5,5,-10,0,-6,sil
1.5075135231018066,-9,9,4,2,1,10,4,0,0,0,-5,-6,-15,-6,sil
1.5227196216583252,-13,0,1,4,-2,8,1,-3,0,5,-16,-19,-16,-2,sil
1.5227196216583252,-12,-5,-2,14,5,18,14,1,7,20,-10,-25,-6,0,sil
1.5383336544036863,-11,-3,2,14,0,16,20,2,3,22,-9,-19,-8,-3,sil
1.5383336544036863,-9,-3,2,8,-7,5,16,0,1,21,-8,-8,-5,-1,sil
1.5542523860931396,-5,-17,-10,-1,-4,0,17,0,8,22,0,2,11,7,sil
1.5542523860931396,-3,-27,-9,-12,-6,2,9,1,2,6,-4,2,8,5,sil
1.5700912475585938,0,-16,-4,-8,-10,4,-2,-1,-1,0,-11,-2,-3,0,sil
1.5700912475585938,6,0,5,7,-3,-1,2,1,12,10,0,9,5,7,sil
1.5853066444396973,14,-1,13,6,1,-9,8,7,13,11,5,22,15,10,sil
1.5853066444396973,10,-16,-6,-14,-4,-13,-3,-1,-4,-4,-1,9,8,1,sil
1.6007366180419922,2,-14,-12,-21,-9,-14,-21,-8,-12,-16,-1,3,1,1,sil
1.6007366180419922,1,2,3,-1,-3,-9,-23,-5,-5,-15,6,14,4,4,sil
1.6160964965820312,6,10,5,6,0,-1,-18,0,-3,-11,11,17,7,1,sil
1.6160964965820312,11,10,0,1,0,0,-11,2,-4,-8,19,15,12,3,sil
1.6322391033172607,11,13,0,9,7,-8,0,0,-7,-7,20,8,13,0,sil
1.6322391033172607,5,14,3,16,8,-16,0,-3,-18,-9,10,1,1,-8,sil
1.6477644443511963,1,13,-1,10,-1,-11,-3,-1,-19,-14,12,2,-7,-7,sil
1.6477644443511963,1,12,0,7,-5,0,0,-1,-7,-18,9,5,-16,-1,sil
1.663003921508789,0,7,10,8,2,9,5,-1,0,-16,-13,-4,-24,-2,sil
1.663003921508789,-1,1,3,7,5,6,4,0,0,-11,-16,-13,-15,0,sil
1.679090976715088,-6,0,0,-3,0,-4,-6,0,0,-7,1,-4,-1,-3,sil
1.679090976715088,-7,0,1,-15,-3,-9,-9,-1,4,-1,4,-1,0,-14,sil
1.6951186656951904,-4,0,-2,-8,2,-2,2,1,2,0,-5,-5,0,-11,sil
1.6951186656951904,-6,4,5,11,10,12,9,6,0,1,-8,-2,1,0,sil
1.7112481594085691,-5,10,10,18,11,24,9,2,9,12,-4,-4,4,6,sil
1.7112481594085691,1,10,10,13,8,15,3,-2,10,16,-5,-10,0,8,sil
1.7267756462097168,1,2,5,11,8,6,-1,0,0,11,-7,-7,-4,6,sil
1.7267756462097168,-6,-9,-2,6,3,8,0,2,1,11,-8,-8,-4,0,sil
1.742337942123413,-14,-21,-6,-6,-10,0,7,1,4,12,-16,-15,-8,-3,sil
1.742337942123413,-13,-23,-14,-11,-15,-3,6,0,2,19,-15,-19,-8,0,sil
1.7574827671051023,-3,-13,-13,-3,-2,10,8,1,11,31,-1,-10,0,8,sil
1.7574827671051023,6,-4,-4,-3,2,19,16,4,21,30,6,4,13,14,sil
1.773027420043945,4,-10,-11,-13,-1,7,18,6,25,21,6,6,25,16,sil
1.773027420043945,0,-16,-15,-19,-6,-4,10,9,25,15,5,7,26,16,sil
1.7884583473205566,5,-7,-9,-15,-8,-12,3,3,18,8,2,17,19,17,sil
1.7884583473205566,19,8,5,-9,-7,-21,-8,-5,-5,-15,7,30,10,7,sil
1.8036868572235107,19,13,13,-10,-6,-23,-18,-6,-25,-38,14,22,-1,-9,sil
1.8036868572235107,1,2,0,-15,-9,-20,-17,-6,-26,-38,0,0,-15,-18,sil
1.820328712463379,-11,-4,-7,-22,-10,-19,-19,-10,-25,-29,-11,-4,-18,-19,sil
1.820328712463379,-6,2,-2,-15,-4,-12,-18,-9,-16,-21,3,3,-8,-20,sil
1.8359489440917969,7,12,7,2,4,0,-11,0,-2,-9,18,3,0,-14,sil
1.8359489440917969,11,12,12,12,11,9,-8,0,-4,-3,11,-1,4,-4,sil
1.8515894412994385,3,6,5,10,10,6,-5,-1,-14,-3,5,-3,3,0,sil
1.8515894412994385,-2,4,8,10,13,3,0,1,-12,0,8,3,0,4,sil
1.8662176132202148,-4,7,4,21,16,3,1,0,-1,2,8,6,0,0,sil
1.881791591644287,0,16,6,36,13,3,-6,-5,-5,-4,4,-1,-6,-6,sil
1.881791591644287,8,22,19,39,12,11,-8,-3,-14,-9,1,-1,-13,-4,sil
1.881791591644287,0,6,3,24,6,10,-1,-5,-11,-10,-7,0,-10,-1,sil
1.8982274532318115,-14,-9,-5,4,-1,6,9,-1,-5,-5,-15,-6,-12,-4,sil
1.8982274532318115,-13,-5,1,0,0,13,19,7,0,5,-14,-11,-15,1,sil
1.9132859706878664,-5,0,4,2,0,10,19,5,5,6,-13,-7,-8,6,sil
1.929872751235962,1,-2,5,5,-10,-1,11,7,11,9,-1,2,0,6,sil
1.929872751235962,3,-5,0,-2,-11,-5,8,12,18,21,8,2,7,11,sil
1.9457330703735352,-7,-13,-11,-24,-7,-6,6,4,15,18,-4,-7,3,8,sil
1.9457330703735352,-10,-14,-13,-18,-4,2,15,0,19,13,-12,-15,0,7,sil
1.9607505798339844,3,-1,-3,7,3,11,23,6,32,26,-3,-6,3,15,sil
1.9607505798339844,4,0,-5,2,0,0,1,1,16,19,-9,-2,0,5,sil
1.975889682769776,-4,-13,-24,-16,-15,-14,-20,-6,-4,-2,-13,-13,-10,-13,sil
1.975889682769776,-8,-15,-18,-18,-13,-12,-12,-1,7,0,-3,-11,0,-12,sil
1.975889682769776,-5,-4,-3,-11,0,-6,0,3,21,11,0,0,18,0,sil
1.991159439086914,0,-4,-5,-11,-1,-5,0,0,6,0,4,1,16,3,goodbye
2.0121188163757324,2,-11,-8,-18,-1,-1,1,0,-2,-15,5,0,6,2,goodbye
2.013119697570801,0,-2,-3,-14,4,5,-1,-1,1,-11,0,1,13,1,goodbye
2.013119697570801,4,11,10,0,6,9,-2,0,-2,3,8,11,26,5,goodbye
2.022177696228028,11,10,12,1,6,3,3,0,-4,6,25,19,21,5,goodbye
2.0377864837646484,7,0,-3,-12,2,-7,-4,-1,-8,-7,11,10,4,-4,goodbye
2.0377864837646484,2,-5,0,-15,-6,-6,-19,-7,-23,-17,-8,2,-4,-10,goodbye
2.053506851196289,6,-5,4,-12,-5,2,-10,-8,-24,-15,-3,8,1,0,goodbye
2.053506851196289,4,0,3,-12,4,0,-1,-5,-14,-18,-4,7,0,4,goodbye
2.0691142082214355,-8,0,-2,-3,0,1,-5,-4,-22,-21,-21,-11,-12,-10,goodbye
2.0691142082214355,-11,0,-2,10,-5,5,-4,-2,-26,-12,-17,-17,-19,-21,goodbye
2.085110902786255,1,13,13,19,6,0,-2,2,0,4,10,7,-3,-6,goodbye
2.085110902786255,12,24,22,22,15,-5,-5,1,18,10,29,23,17,8,goodbye
2.10103726387024,10,22,22,20,1,-12,-18,-5,-5,-5,19,16,11,1,goodbye
2.10103726387024,7,18,20,20,-4,-16,-26,-5,-27,-17,7,5,-16,-5,goodbye
2.115964412689209,4,15,8,27,8,-7,-5,0,-8,-4,7,1,-32,-1,goodbye
2.115964412689209,-3,8,5,35,14,3,19,4,10,11,8,2,-25,-4,goodbye
2.1310231685638428,-3,2,8,41,10,11,22,5,11,21,15,7,-17,-4,goodbye
2.1310231685638428,8,3,11,38,10,15,13,2,15,20,19,11,-28,6,goodbye
2.146481275558472,2,3,5,18,2,7,3,2,13,6,3,6,-32,7,goodbye
2.146481275558472,-16,-11,-14,-2,-14,-1,4,3,3,-3,-12,-6,-8,0,goodbye
2.161707162857056,-7,-15,-13,-4,-17,6,18,4,5,0,-9,-10,13,5,goodbye
2.161707162857056,8,-2,-3,0,-10,9,19,5,13,8,0,-4,25,16,goodbye
2.177779197692871,-3,-10,-12,-19,-7,-3,4,4,4,4,-8,-7,20,9,goodbye
2.177779197692871,-18,-24,-26,-39,-5,0,4,1,-1,-2,-25,-24,4,-8,goodbye
2.1929140090942383,-13,-20,-31,-39,0,11,14,0,11,3,-26,-37,2,-12,goodbye
2.1929140090942383,-14,-17,-20,-38,0,9,4,2,15,6,-24,-28,6,-5,goodbye
2.208691358566284,-11,-19,-16,-31,-4,2,-4,-2,0,-4,-30,-13,0,-3,goodbye
2.208691358566284,3,-10,-8,-22,-3,-1,2,-6,2,-2,-21,-10,6,0,goodbye
2.22388768196106,10,0,0,-23,2,-1,8,0,18,13,0,-5,29,11,goodbye
2.22388768196106,0,1,-7,-19,2,-5,-3,4,10,13,2,0,28,8,goodbye
2.239920139312744,-7,-1,-9,-14,0,-8,-11,5,-2,6,1,3,14,0,goodbye
2.239920139312744,3,0,0,-14,0,1,0,5,14,21,18,12,23,8,goodbye
2.255988597869873,11,3,4,-3,1,-3,-3,-3,12,16,15,13,16,10,goodbye
2.255988597869873,0,1,8,6,-2,-21,-25,-12,-26,-23,-6,2,-16,-7,goodbye
2.272022485733032,-8,-4,2,-2,-3,-15,-25,-8,-31,-25,4,2,-18,-13,goodbye
2.272022485733032,-4,1,3,-1,-3,0,-14,-2,-7,0,19,13,0,0,goodbye
2.2880609035491943,0,10,9,18,-6,-6,-19,-4,-18,-20,-3,8,-9,-6,goodbye
2.2880609035491943,4,7,8,26,-6,-12,-20,-9,-33,-45,-12,3,-22,-12,goodbye
2.303471803665161,15,6,18,19,0,0,-1,-5,-17,-27,11,20,-13,2,goodbye
2.303471803665161,18,13,20,21,6,12,13,-1,-8,-8,11,20,-11,2,goodbye
2.318334579467773,11,15,14,25,11,12,10,0,-11,-7,-1,3,-15,-10,goodbye
2.318334579467773,10,14,15,23,9,6,7,4,9,7,17,13,-3,0,goodbye
2.333872079849243,16,14,19,22,7,0,12,5,19,17,36,27,8,10,goodbye
2.333872079849243,16,18,25,26,13,0,8,2,-4,0,21,18,0,4,goodbye
2.349909543991089,8,16,15,30,14,4,0,0,-4,-2,6,7,-5,4,goodbye
2.349909543991089,0,7,3,22,5,0,1,2,20,15,6,0,0,5,goodbye
2.365142107009888,-5,0,-3,5,-3,0,2,4,13,19,-3,-16,-1,-1,goodbye
2.365142107009888,-17,-6,-15,-10,-5,4,-3,1,-2,10,-17,-30,-5,-9,goodbye
2.380728006362915,-26,-12,-19,-19,0,5,0,0,7,12,-5,-14,5,-8,goodbye
2.380728006362915,-14,-8,-14,-12,3,3,11,-2,15,14,9,-2,12,0,goodbye
2.395752429962158,-5,-7,-9,-4,0,2,10,-1,-2,8,-8,-14,-1,6,goodbye
2.395752429962158,-17,-18,-17,-9,-5,9,9,2,-8,10,-26,-30,-9,0,goodbye
2.4110653400421143,-23,-29,-32,-24,-13,12,16,2,8,1,-20,-26,-1,-3,goodbye
2.4110653400421143,-11,-28,-24,-37,-13,2,17,12,22,-15,-18,-3,5,2,goodbye
2.426680564880371,1,-19,-11,-37,-11,-6,13,20,29,-1,-18,6,16,10,goodbye
2.426680564880371,16,-7,0,-29,-17,-13,-6,3,25,21,0,7,25,11,goodbye
2.4418652057647705,21,1,7,-18,-17,-25,-40,-14,0,-2,9,13,14,6,goodbye
2.4418652057647705,12,3,-3,-7,-4,-23,-41,-12,-21,-37,0,11,0,-6,goodbye
2.4570112228393555,3,12,-3,-2,6,-4,-10,-4,-13,-21,10,7,-1,-18,goodbye
2.473105192184448,5,32,10,13,10,-1,6,-10,-9,6,33,8,1,-13,goodbye
2.473105192184448,7,30,20,44,13,-1,6,-11,-32,-13,17,2,-7,-4,goodbye
2.473105192184448,-1,6,12,42,18,17,17,0,-33,-31,-14,-10,-22,-8,goodbye
2.488255500793457,-19,-10,-6,6,18,22,20,0,-7,1,-24,-23,-26,-5,goodbye
2.488255500793457,-21,-2,3,-7,2,8,-3,0,0,29,-24,-20,-22,6,goodbye
2.503875970840454,-2,7,14,11,-3,7,-10,12,0,26,-8,0,-6,14,goodbye
2.5189049243927,9,2,2,22,8,11,8,13,14,26,16,18,12,22,goodbye
2.5189049243927,4,-8,-4,1,2,8,9,0,13,16,7,10,8,13,goodbye
2.5345611572265625,-3,-13,-7,-33,-13,6,-6,-5,-2,-15,-25,-15,-12,-15,goodbye
2.5345611572265625,-6,-7,-8,-33,-4,0,-13,-2,-9,-31,-28,-15,-14,-17,goodbye
2.5503625869750977,-1,-1,-6,4,1,-7,-8,2,1,-9,-7,-1,10,6,goodbye
2.5503625869750977,6,-3,1,15,-8,-10,-2,2,6,5,6,3,24,10,goodbye
2.565858125686645,16,-3,17,-3,-5,-9,5,0,0,2,20,16,22,6,goodbye
2.565858125686645,17,0,19,0,1,-7,9,-4,5,4,25,27,24,11,goodbye
2.582007646560669,6,-1,9,7,-2,-9,-2,-4,18,1,18,20,19,5,goodbye
2.582007646560669,-4,-4,-3,-11,-5,-11,-11,0,14,-4,21,11,6,-9,goodbye
2.597484588623047,-7,-4,-11,-21,0,-11,-10,1,3,-6,20,2,-6,-17,goodbye
2.597484588623047,0,0,-3,-1,4,-11,-13,0,-4,-14,1,-2,-15,-15,goodbye
2.613175630569458,10,5,0,2,0,-11,-1,-1,-5,-8,3,7,-3,-5,goodbye
2.613175630569458,12,11,5,-13,-7,0,19,5,5,9,20,15,8,5,goodbye
2.628709077835083,0,10,11,2,2,13,19,4,11,5,3,-1,0,7,goodbye
2.628709077835083,-6,1,-6,26,8,8,3,-4,0,-3,-22,-18,-20,1,goodbye
2.64408016204834,-7,0,-18,7,-4,0,-3,-5,-16,0,-20,-15,-26,-5,goodbye
2.64408016204834,-4,10,-6,2,1,2,-4,-1,-24,-11,-16,-10,-19,-11,goodbye
2.660088300704956,0,20,10,30,18,4,-11,1,-15,-26,-16,-5,-9,-4,goodbye
2.660088300704956,-1,13,5,25,1,5,-6,5,4,2,2,1,3,8,goodbye
2.675097942352295,0,6,1,0,-12,2,5,5,8,35,15,-2,15,8,goodbye
2.675097942352295,4,9,20,3,3,0,1,1,-11,13,1,-3,8,-4,goodbye
2.690978527069092,0,0,7,15,8,11,-1,-6,-19,-10,-1,1,0,-5,goodbye
2.690978527069092,-16,-15,-18,6,-1,29,6,-10,-8,2,1,-6,2,1,goodbye
2.7064783573150635,-19,-10,-14,-5,-1,25,11,-4,-6,13,-14,-24,0,-5,goodbye
2.7064783573150635,-12,-10,-10,-8,1,6,6,-3,-9,6,-21,-20,-14,-10,goodbye
2.72171950340271,-5,-19,-8,-11,4,0,3,0,0,5,-8,0,-15,3,goodbye
2.72171950340271,2,-12,-2,-10,7,2,14,9,16,12,0,4,0,13,goodbye
2.736860036849976,4,-7,2,-7,1,-4,23,14,35,20,0,-5,8,10,goodbye
2.736860036849976,1,-8,4,-17,-10,-8,21,11,43,22,0,-2,9,8,goodbye
2.7522425651550293,8,-6,-4,-25,-14,-10,0,7,27,10,-4,12,11,10,goodbye
2.7522425651550293,15,-8,-8,-14,-11,-22,-25,1,12,-1,2,26,18,14,goodbye
2.767740249633789,5,-19,-11,-15,-12,-26,-26,0,15,-10,14,20,26,14,sil
2.767740249633789,-10,-23,-21,-35,-10,-21,-17,-1,-3,-30,3,1,13,-4,sil
2.783247947692871,-14,-5,-19,-32,-6,-20,-27,-12,-40,-49,-8,-5,-13,-26,sil
2.783247947692871,5,22,10,-6,-1,-19,-28,-17,-35,-41,5,4,-11,-19,sil
2.798774003982544,30,39,45,22,9,-4,-15,-6,-5,-18,21,20,4,4,sil
2.798774003982544,35,42,38,48,20,10,0,1,7,1,27,28,8,15,sil
2.8143022060394287,22,29,22,38,16,12,8,3,6,10,22,14,2,8,sil
2.8143022060394287,3,1,13,2,1,5,12,1,-1,6,1,-7,-8,-7,sil
2.829895257949829,-15,-17,-14,-11,-5,5,13,-1,-14,2,-14,-24,-19,-16,sil
2.829895257949829,-34,-15,-23,-14,0,15,13,0,-22,0,-14,-30,-15,-14,sil
2.845148801803589,-40,-9,-18,-11,0,12,5,-1,-23,-4,-20,-37,-13,-18,sil
2.845148801803589,-23,-3,-13,9,-5,0,-2,-6,-20,-3,-29,-28,-24,-19,sil
2.8609092235565186,9,11,16,30,2,6,4,2,-8,8,-11,0,-12,1,sil
2.8609092235565186,26,18,32,35,15,21,14,3,8,21,11,14,9,21,sil
2.8762574195861816,13,4,16,24,5,17,9,0,15,23,8,10,9,17,sil
2.8762574195861816,0,-6,-2,2,-1,13,10,5,15,25,3,8,9,5,sil
2.892124891281128,-6,-4,-14,-7,7,9,12,2,7,20,9,5,17,-1,sil
2.892124891281128,-20,-1,-21,-2,11,-1,1,-5,-4,-3,0,-2,0,-11,sil
2.907738447189331,-21,-2,-27,9,7,-5,-1,-1,3,-19,-13,-8,-15,-10,sil
2.907738447189331,4,0,-5,6,2,-7,3,6,19,-8,0,3,2,10,sil
2.923679113388061,28,1,19,-6,-12,-13,0,9,24,9,13,23,26,30,sil
2.923679113388061,23,-3,9,-13,-26,-15,-8,6,22,11,1,19,13,28,sil
2.939054012298584,5,-19,-3,-21,-26,-10,-15,1,14,2,-10,8,-6,9,sil
2.939054012298584,-5,-29,-10,-30,-18,-7,-21,-1,-2,-4,-5,2,-3,-10,sil
2.954314708709717,-10,-20,-17,-27,-11,-8,-29,-5,-19,-9,-4,-9,-6,-26,sil
2.970134258270264,-13,-4,-24,-19,-5,-7,-21,-7,-16,-11,-3,-20,-13,-27,sil
2.970134258270264,-14,-2,-24,-19,0,-3,0,-2,2,-13,5,-17,-2,-15,sil
2.970134258270264,-5,0,0,-17,8,-5,11,1,5,-20,7,-5,8,-5,sil
2.9856085777282715,16,16,19,0,14,-6,11,1,2,-8,8,6,14,6,sil
2.9856085777282715,25,28,22,17,13,0,16,4,4,8,21,20,18,18,sil
3.0011706352233887,7,23,18,23,14,10,20,7,1,8,22,21,14,13,sil
3.0011706352233887,-2,19,14,24,18,17,13,2,-4,7,8,9,7,6,sil
3.0177929401397705,1,17,13,24,18,15,0,-5,-12,6,-4,-8,-8,1,sil
3.032216310501098,-6,5,6,19,10,4,-3,-12,-27,-10,-20,-23,-30,-8,sil
3.032216310501098,-12,-3,3,18,4,8,7,-6,-18,-10,-15,-15,-24,-6,sil
3.047837257385254,-3,-1,0,16,1,17,18,4,13,20,0,-4,0,8,sil
3.047837257385254,3,-10,-11,0,-4,2,9,3,18,31,-6,-6,2,11,sil
3.0633676052093506,10,-17,-1,-17,-11,-9,-10,0,2,8,-11,1,1,7,sil
3.0633676052093506,10,-12,3,-21,-15,-10,-25,-1,4,-2,4,11,11,3,sil
3.08005428314209,-3,-15,-11,-26,-18,-20,-32,0,8,-3,4,5,8,-7,sil
3.08005428314209,-7,-13,-12,-28,-12,-20,-23,0,-3,-9,-1,8,-3,-13,sil
3.08005428314209,0,0,-3,-18,-5,-12,-14,-5,-24,-24,0,9,-9,-13,sil
3.095160961151123,-5,5,5,-6,-14,-17,-27,-14,-40,-43,-6,-1,-22,-21,sil
3.110848903656006,-7,9,11,16,-8,-2,-17,-8,-31,-36,-6,-9,-25,-17,sil
3.110848903656006,4,21,17,42,20,29,23,7,0,8,10,0,-1,3,sil
3.126838445663452,5,16,15,38,24,31,37,14,20,35,8,9,14,16,sil
3.126838445663452,-3,-1,-3,21,6,12,26,8,22,22,-9,1,10,14,sil
3.126838445663452,-4,-9,-13,8,2,10,24,5,15,9,-17,-6,4,10,sil
3.142148971557617,-10,-10,-22,-10,0,16,30,8,12,16,-24,-20,2,4,sil
3.142148971557617,-20,-17,-31,-33,-12,6,25,10,16,11,-32,-31,0,1,sil
3.1576409339904785,-16,-20,-20,-39,-15,-11,6,2,13,-5,-20,-18,-2,-3,sil
3.1732542514801025,-3,-16,-11,-25,-13,-18,-12,-10,-3,-16,1,1,0,-14,sil
3.1732542514801025,9,-8,0,-9,-5,-13,-16,-7,-5,-13,18,15,8,-7,sil
3.188939094543457,18,0,8,-6,7,-4,-8,5,14,0,34,28,20,10,sil
3.188939094543457,15,5,0,-12,8,-4,-8,2,16,7,35,21,17,5,sil
3.2042829990386963,8,8,2,-11,0,-12,-15,-3,-1,0,16,1,4,-13,sil
3.2042829990386963,8,9,9,2,4,-21,-25,-6,-4,-9,11,0,0,-13,sil
3.2198691368103027,3,12,14,14,8,-20,-34,-12,-9,-13,15,9,-3,0,sil
3.2198691368103027,1,18,20,21,9,-3,-30,-10,-24,-8,14,13,-4,8,sil
3.235353708267212,11,24,24,36,11,8,-13,0,-18,8,18,15,3,12,sil
3.235353708267212,19,29,27,43,14,12,1,5,-3,19,18,16,8,10,sil
3.250808954238892,14,22,13,33,17,14,17,5,1,18,10,8,4,14,sil
3.250808954238892,5,7,9,25,9,20,32,5,4,15,3,0,2,19,sil
3.26598596572876,1,0,14,28,0,28,36,7,12,16,0,-6,1,10,sil
3.26598596572876,-9,-9,-5,12,0,21,31,1,13,14,-9,-16,-7,-2,sil
3.281788825988769,-28,-22,-26,-19,-4,4,22,-1,2,2,-28,-24,-20,-12,sil
3.281788825988769,-26,-20,-23,-21,-13,5,15,1,-4,0,-38,-30,-16,-14,sil
3.2969183921813965,-12,-14,-12,-6,-9,7,8,4,0,5,-25,-22,-2,-2,sil
3.2969183921813965,-11,-19,-15,-19,-9,-4,-2,1,4,-2,-19,-7,-1,5,sil
3.3120548725128174,-14,-21,-21,-44,-21,-22,-15,-1,-2,-25,-40,-9,-10,-5,sil
3.3120548725128174,-12,-16,-13,-42,-23,-24,-19,-3,-16,-35,-47,-18,-20,-15,sil
3.327199697494507,-9,-17,-17,-31,-11,-8,-9,-7,-9,-28,-25,-15,-17,-11,sil
3.327199697494507,0,-16,-22,-35,-2,0,-2,-2,8,-16,-6,-2,-6,-8,sil
3.342740297317505,11,-4,-6,-26,-1,-5,-7,3,8,-8,4,11,3,-6,sil
3.342740297317505,9,6,0,-6,-7,-13,-17,-3,-4,-8,20,24,10,0,sil
3.358004808425904,11,13,9,0,-3,-12,-24,-4,-4,-5,30,29,16,1,sil
3.358004808425904,16,20,21,16,12,-7,-15,3,10,12,33,24,23,7,sil
3.3740603923797607,10,21,15,25,13,-8,-3,1,12,22,30,16,17,9,sil
3.3740603923797607,5,17,11,10,0,-4,-1,-2,1,9,22,13,0,0,sil
3.390052318572998,10,15,20,9,5,5,3,-1,-4,1,16,6,0,-3,sil
3.390052318572998,6,11,24,18,22,7,4,-3,-15,0,9,2,5,-1,sil
3.4053971767425537,-4,8,5,19,17,0,-9,-8,-25,-6,6,-2,-3,-4,sil
3.4053971767425537,-3,7,1,23,4,0,-11,-5,-13,-1,8,-7,-3,-5,sil
3.4209275245666504,0,0,6,8,0,6,9,1,2,13,6,-5,7,2,sil
3.4209275245666504,0,-7,-6,-8,-2,7,19,3,1,16,7,-7,9,9,sil
3.4369165897369385,-6,-8,-7,2,-4,13,10,2,-4,1,2,-16,-1,3,sil
3.4369165897369385,-14,-12,-4,11,0,18,11,4,0,-2,-22,-19,-12,-6,sil
3.4516758918762207,-6,-13,-11,7,5,12,17,5,5,5,-31,-7,-11,0,sil
3.4516758918762207,11,0,-1,11,0,8,11,5,8,7,-10,1,-4,13,sil
3.467689037322998,4,0,0,5,-1,2,7,3,9,3,-7,-7,-4,6,sil
3.467689037322998,-9,-8,-7,-9,-2,-9,6,4,11,2,-16,-9,-6,-2,sil
3.483675718307495,-1,-3,-3,-3,-7,-5,3,4,18,3,-4,5,5,7,sil
3.483675718307495,3,1,-2,5,-10,3,0,1,25,7,6,11,13,15,sil
3.500204801559448,0,0,0,2,-3,1,0,6,30,10,8,10,10,8,sil
3.500204801559448,4,-1,4,0,2,-5,0,7,23,2,17,13,14,1,sil
3.515756607055664,7,0,6,-5,0,-11,-10,-3,-6,-15,10,15,9,-2,sil
3.515756607055664,5,3,1,-2,-4,-18,-17,-11,-31,-27,2,17,-1,-7,sil
3.5311410427093506,14,12,8,8,0,-20,-14,-10,-22,-19,19,19,0,-6,sil
3.5311410427093506,13,20,21,15,11,-2,-12,-6,-9,0,28,14,5,-6,sil
3.546699047088623,-5,15,-1,13,15,16,-8,-10,-19,1,7,-8,-6,-12,sil
3.546699047088623,-22,-4,-25,0,3,16,-2,-14,-33,-16,-22,-33,-27,-20,sil
3.561978340148926,-20,-13,-13,-8,-1,15,3,-4,-25,-15,-35,-32,-33,-14,sil
3.561978340148926,-8,-9,1,-1,0,19,12,4,-2,14,-24,-14,-22,3,sil
3.57759165763855,-1,-9,6,-4,-8,6,14,6,9,26,-14,0,-3,17,sil
3.57759165763855,0,-16,-8,-21,-14,-9,11,9,18,16,-19,-2,10,18,sil
3.5932414531707764,3,-21,-19,-43,-12,-16,2,9,27,9,-19,-3,11,13,sil
3.5932414531707764,8,-14,-8,-44,-12,-20,-5,2,20,7,-4,2,12,10,sil
3.608742237091065,9,2,-2,-25,-5,-16,-4,-1,2,0,9,8,20,4,sil
3.608742237091065,3,9,-4,-28,0,-8,-3,1,1,-8,7,2,12,-4,sil
3.6243062019348153,-9,3,-9,-40,-5,-13,-8,0,5,-10,0,-14,-3,-16,sil
3.6243062019348153,-21,0,-8,-20,-2,-12,-8,0,-10,-8,-3,-25,-12,-24,sil
3.640676498413086,-19,3,-2,4,10,5,-3,0,-19,-12,-6,-22,-9,-21,sil
3.640676498413086,-2,6,2,8,8,10,-4,-5,-7,-15,-4,-12,-3,-12,sil
3.6557233333587646,0,2,13,12,3,2,-8,-3,-6,-12,5,1,-5,-5,sil
3.6557233333587646,-3,1,16,31,9,8,-5,0,-6,-1,22,16,-2,-1,sil
3.6719791889190674,10,17,20,55,14,16,0,0,5,5,34,27,10,10,sil
3.6719791889190674,28,26,32,61,11,12,4,1,7,8,33,35,15,24,sil
3.687023639678955,26,7,23,41,2,3,7,2,4,13,23,32,13,20,sil
3.687023639678955,17,0,14,28,-3,0,8,0,2,6,16,22,13,8,sil
3.702968835830689,8,5,9,31,0,1,11,0,-5,2,16,13,12,7,sil
3.702968835830689,0,0,0,18,0,2,11,3,-10,8,11,6,4,3,sil
3.7170217037200928,-5,-9,-5,0,-3,-3,4,1,0,3,-6,-2,-6,-8,sil
3.732159614562988,-12,-11,-19,-8,0,0,3,-4,6,-8,-22,-15,-17,-12,sil
3.732159614562988,-12,-8,-21,-11,3,9,5,-2,4,-7,-20,-12,-16,-5,sil
3.747791051864624,-5,0,-9,-3,1,10,0,4,6,2,-12,-6,-8,-3,sil
3.747791051864624,0,9,-4,1,0,6,-1,3,15,9,-10,-6,0,0,sil
3.763128757476807,0,1,-5,-9,-6,0,1,1,14,9,-10,-3,4,10,sil
3.763128757476807,0,-10,-15,-18,-10,-11,0,-4,-7,-4,-15,-6,0,3,sil
3.779233694076538,-3,-8,-10,-15,-5,-9,-7,-9,-24,-14,-20,-10,-11,-5,sil
3.779233694076538,-1,0,0,-14,0,8,0,0,-6,1,-10,-9,-3,1,sil
3.7948291301727295,-1,-15,-6,-24,0,2,6,5,6,14,-7,-18,4,5,goodbye
3.7948291301727295,-3,-20,-5,-26,-1,-10,-2,2,2,7,-12,-18,-3,0,goodbye
3.8099193572998047,2,0,2,-15,-1,-7,-9,0,13,7,0,0,0,5,goodbye
3.8099193572998047,1,2,0,-20,-5,-14,-13,-1,15,2,7,6,6,3,goodbye
3.82504677772522,-5,-1,-3,-25,-3,-19,-15,-2,-6,-15,2,-1,0,-8,goodbye
3.82504677772522,2,16,8,-1,4,-3,-3,-3,-8,-18,12,4,0,-6,goodbye
3.840787410736084,8,20,16,14,9,6,7,1,0,-6,17,9,3,0,goodbye
3.840787410736084,-4,-3,-1,-2,0,0,4,1,-11,-2,0,-5,-2,-9,goodbye
3.856837034225464,-7,-7,-4,-7,-9,-2,-6,-6,-16,-6,-4,-5,-3,-8,goodbye
3.856837034225464,9,11,10,14,1,2,-9,0,0,0,16,16,12,6,goodbye
3.872944593429565,14,10,11,24,16,7,2,12,16,10,24,24,21,11,goodbye
3.872944593429565,0,-3,3,6,8,1,7,6,14,6,11,7,5,4,goodbye
3.889043092727661,-9,-9,-11,0,-8,-10,-4,-3,1,-3,-1,-10,-12,-4,goodbye
3.889043092727661,-3,-7,-10,0,-7,-8,-6,0,0,0,-2,-4,-14,-6,goodbye
3.905151605606079,0,0,4,1,1,7,9,3,0,9,1,8,-4,0,goodbye
3.905151605606079,-7,1,2,7,-2,12,10,0,-10,9,-7,-1,-1,-2,goodbye
3.9203381538391113,-14,-7,-2,5,-12,3,-2,-3,-23,0,-21,-17,-11,-17,goodbye
3.9203381538391113,-5,-7,2,2,0,3,0,-7,-15,-9,-8,-5,-3,-9,goodbye
3.936034679412842,16,12,11,20,19,7,8,0,0,-9,9,15,18,17,goodbye
3.936034679412842,20,14,14,30,13,8,10,2,4,0,10,14,19,16,goodbye
3.9520323276519775,0,-3,0,9,-1,9,9,-4,1,0,0,-4,1,-7,goodbye
3.9520323276519775,-9,-7,-6,-8,0,15,8,-5,0,-6,-11,-12,-3,-11,goodbye
3.967161893844605,8,3,-3,0,4,13,11,3,10,1,-6,-3,3,9,goodbye
3.967161893844605,17,11,1,2,3,-5,4,4,6,8,8,6,0,19,goodbye
3.982747077941896,1,10,1,-9,0,-20,-16,0,-6,-3,3,3,-8,0,goodbye
3.982747077941896,-1,0,-7,-7,-4,-14,-18,-3,0,-2,-4,-2,0,-4,goodbye
3.99883484840393,2,-3,-1,5,-2,-6,0,1,11,14,3,9,5,7,goodbye
3.99883484840393,-6,2,0,6,0,-2,7,2,7,15,9,11,-2,4,goodbye
4.019027471542358,-8,1,-10,0,0,5,3,-2,1,1,0,-2,-8,-5,goodbye
4.020028114318848,0,-8,-7,-10,-2,7,5,0,3,1,-2,-4,-4,0,goodbye
4.020028114318848,-11,-17,-13,-28,-10,-7,-1,2,2,1,-15,-16,-11,-7,goodbye
4.029883861541748,-24,-16,-18,-29,-16,-16,-20,0,-6,-15,-33,-28,-23,-23,goodbye
4.045391082763672,-12,-9,-5,-13,-14,-11,-20,0,-3,-17,-8,-8,-10,-10,goodbye
4.045391082763672,0,-9,2,-12,-9,-8,-9,0,1,-5,15,7,2,6,goodbye
4.0610058307647705,0,-6,-1,-11,0,-1,-5,-3,-8,-12,-3,-3,-5,0,goodbye
4.0610058307647705,10,7,3,4,5,2,-6,0,-7,-10,-10,-2,-3,-5,goodbye
4.076735973358154,12,19,18,12,7,0,-4,3,7,0,4,8,8,0,goodbye
4.076735973358154,8,20,19,16,7,5,4,1,3,0,12,8,14,5,goodbye
4.092261552810669,14,13,13,17,5,11,9,4,-4,6,22,13,23,12,goodbye
4.092261552810669,15,3,20,6,4,0,-2,1,0,13,20,18,21,11,goodbye
4.1080543994903564,5,1,11,4,7,-8,-10,-6,3,3,6,6,7,3,goodbye
4.1080543994903564,4,1,8,9,6,-2,-1,-1,3,3,11,3,3,4,goodbye
4.123306751251221,8,0,12,11,7,8,4,1,-1,11,11,6,7,8,goodbye
4.123306751251221,3,0,3,15,13,12,7,-11,-9,12,-1,0,9,10,goodbye
4.138983011245728,3,4,4,19,11,14,16,-4,2,19,5,4,13,14,goodbye
4.138983011245728,3,0,-5,16,0,15,26,10,12,20,7,2,3,6,goodbye
4.154839515686035,-16,-13,-25,0,-5,10,19,3,-11,-4,-15,-19,-15,-16,goodbye
4.154839515686035,-27,-16,-22,-19,-1,3,12,-2,-18,-13,-18,-21,-11,-19,goodbye
4.170948505401611,-11,-8,-12,-18,-3,-2,16,4,12,0,0,1,4,-4,goodbye
4.170948505401611,-6,-6,-9,-15,-13,-13,3,2,12,-2,-1,5,0,-5,goodbye
4.18634295463562,-14,-9,-13,-19,-10,-18,-11,-5,-12,-13,-13,-11,-16,-13,goodbye
4.18634295463562,-5,-4,-10,-14,-5,-6,-3,-1,-2,-4,-7,-8,-17,-1,goodbye
4.20169472694397,2,0,-4,-7,-10,0,-1,0,6,1,0,2,-6,8,goodbye
4.20169472694397,-2,5,-3,-2,-3,-6,-22,-5,-8,-9,-7,1,-6,-2,goodbye
4.217221021652222,0,11,1,2,8,-2,-25,-1,-11,-18,-11,2,-18,-12,goodbye
4.217221021652222,0,5,-1,1,3,1,-6,4,0,-10,-8,0,-20,-7,goodbye
4.233237504959106,-7,-3,-2,-6,-6,-1,-8,1,2,-6,-9,-11,-8,0,goodbye
4.233237504959106,1,4,9,-1,-3,0,-19,3,2,-8,-7,-2,2,5,goodbye
4.248749732971191,6,8,0,3,0,0,-9,1,8,-3,-7,0,5,2,goodbye
4.248749732971191,-2,-2,-10,-5,0,-6,8,-3,12,6,-15,-14,1,-3,goodbye
4.264116764068604,1,0,2,-3,3,-2,10,0,10,11,2,-7,7,0,goodbye
4.264116764068604,11,6,13,8,2,3,0,3,-6,4,26,14,13,3,goodbye
4.280289173126221,8,-1,10,3,-4,6,1,-4,-14,1,18,16,8,-2,goodbye
4.280289173126221,8,-7,6,-3,-5,4,11,-4,-2,2,3,3,6,-5,goodbye
4.295969009399414,6,0,13,9,4,-4,0,4,-2,-4,5,0,5,-1,goodbye
4.295969009399414,3,10,10,24,10,-3,-8,2,-5,0,12,5,3,7,goodbye
4.311726093292236,14,12,6,18,8,10,6,0,14,20,18,12,11,15,goodbye
4.311726093292236,17,6,14,2,8,8,12,0,24,15,14,18,18,18,goodbye
4.327808618545532,6,0,11,2,10,-5,-1,0,6,-4,9,18,13,18,goodbye
4.327808618545532,4,0,8,8,2,-8,-8,-2,-9,-5,15,14,7,11,goodbye
4.34307336807251,1,0,-2,0,-10,-2,0,-4,-8,0,6,-3,2,-4,goodbye
4.34307336807251,-4,-8,-11,-6,-9,0,2,-6,-4,-5,-13,-15,-7,-10,goodbye
4.358635663986206,-3,-7,-4,1,3,5,1,-3,-6,-4,-10,-5,-10,-4,goodbye
4.358635663986206,-7,-8,-9,-3,4,4,0,-1,-9,3,-1,-5,-3,-8,goodbye
4.373810291290283,-14,-9,-11,-12,-7,-1,0,-1,-6,-5,-13,-18,-8,-14,goodbye
4.373810291290283,-8,-2,-3,-2,-10,-4,2,1,-1,-9,-17,-18,-13,-5,goodbye
4.389200448989868,-6,0,-8,-3,0,0,11,4,0,10,-4,-10,-4,1,goodbye
4.389200448989868,-15,-3,-11,-14,5,10,12,6,3,17,-1,-5,-1,-3,goodbye
4.404728174209595,-18,-1,-14,-5,1,10,10,7,9,7,-5,-3,-4,-8,goodbye
4.404728174209595,-16,1,-11,3,-2,-1,2,3,2,5,-7,-6,-7,-1,goodbye
4.420147895812988,-7,4,1,3,1,-4,0,1,-7,1,-7,-4,-8,0,goodbye
4.420147895812988,6,5,8,4,4,0,-1,1,-1,-7,1,8,-3,0,goodbye
4.435190677642822,11,5,10,4,2,-2,-9,1,11,-2,9,26,9,9,goodbye
4.435190677642822,7,3,3,0,0,-3,-14,-3,8,4,3,18,17,13,goodbye
4.451122045516968,4,0,2,-8,-4,-3,-14,-7,-9,-6,-3,1,3,3,goodbye
4.451122045516968,1,-4,0,-11,-4,0,-10,0,-7,-9,0,-1,-6,-3,goodbye
4.466785430908203,-2,-7,-14,-6,-3,9,7,8,15,5,-1,-2,0,-1,goodbye
4.466785430908203,-4,-6,-10,-8,-4,10,13,3,14,-3,-14,-13,-1,-2,goodbye
4.4829699993133545,0,0,1,0,3,3,4,-7,-7,-29,-23,-24,-16,-9,goodbye
4.4829699993133545,4,1,3,7,13,0,3,-8,-12,-25,-10,-12,-17,-13,goodbye
4.499058246612549,6,-1,0,-7,3,-7,0,-3,-2,0,14,8,0,-6,goodbye
4.499058246612549,8,0,-2,-11,-8,-18,-16,-7,0,2,8,10,8,0,goodbye
4.513239145278931,9,4,7,9,-1,-13,-15,-4,-7,-8,-14,-1,-5,-2,goodbye
4.513239145278931,2,0,5,16,0,0,4,3,-11,0,0,-10,-5,0,goodbye
4.528932809829712,-5,-11,-5,-3,-14,-9,0,3,-4,14,26,-3,13,0,goodbye
4.528932809829712,7,-2,4,-6,-17,-19,-13,3,3,9,28,17,23,2,goodbye
4.5439207553863525,22,21,21,20,0,-3,-7,3,7,6,24,29,17,10,goodbye
4.55986213684082,7,27,19,29,13,8,2,0,4,4,24,20,2,9,goodbye
4.55986213684082,-8,9,0,9,8,4,5,-1,0,1,19,11,0,3,goodbye
5.649029493331909,5,2,7,2,5,6,1,9,17,18,14,5,11,-5,goodbye
5.649029493331909,7,-1,7,3,0,2,-11,-7,5,13,14,8,3,1,goodbye
5.667129039764404,6,3,4,8,-3,-3,0,-3,1,5,0,4,-1,6,goodbye
5.68077540397644,6,-3,-2,2,-4,0,22,17,18,0,-11,0,1,16,goodbye
5.68077540397644,4,-6,-10,-1,-4,4,18,14,20,-1,-2,0,6,24,goodbye
5.68077540397644,3,11,0,0,-7,-6,2,-1,9,-5,6,10,5,22,goodbye
5.696226835250855,2,17,10,-1,-9,-9,0,0,5,-7,1,11,2,18,goodbye
5.696226835250855,2,4,-3,-1,4,-1,3,5,1,-2,2,1,1,24,goodbye
5.712100267410278,0,1,-5,4,18,-5,-3,-3,-9,-1,3,-5,0,37,goodbye
5.712100267410278,-2,2,-1,6,8,-6,-5,-9,-14,-9,-6,-8,-8,40,goodbye
5.7271459102630615,-5,-1,-3,6,-2,0,-2,0,-2,-9,-9,-3,-13,38,goodbye
5.74299955368042,-2,-1,-3,1,-2,3,-9,3,6,-6,-1,0,-10,54,goodbye
5.74299955368042,0,3,-2,-3,-1,1,-8,-5,0,-4,3,0,-4,42,goodbye
5.757952928543091,-4,8,6,9,6,9,-2,-4,-10,5,13,1,0,-30,goodbye
5.757952928543091,-5,10,8,27,18,15,0,0,-6,15,12,1,-2,-85,goodbye
5.773357152938843,1,8,5,22,13,6,-1,-1,-5,8,1,-2,-8,-67,goodbye
5.773357152938843,9,10,14,9,1,0,0,0,-7,1,12,7,3,-35,goodbye
5.789947509765625,7,13,14,15,0,6,2,0,0,5,22,5,20,-29,goodbye
5.789947509765625,-2,2,1,14,0,11,6,-2,3,7,0,-15,11,-27,goodbye
5.805154323577881,-13,-20,-12,-6,-2,9,13,3,6,7,-22,-26,-3,-21,goodbye
5.805154323577881,-15,-28,-15,-28,-5,3,12,5,18,5,-19,-14,2,-7,goodbye
5.820767641067505,-1,-19,-8,-30,-9,0,4,2,29,7,-9,1,17,8,goodbye
5.820767641067505,9,-14,-11,-23,-8,-12,0,3,27,7,-3,9,14,9,goodbye
5.836018323898315,2,-14,-6,-17,-5,-31,-14,0,5,-19,-11,9,-5,-1,goodbye
5.836018323898315,-3,-13,0,-16,-12,-30,-23,-6,-17,-41,-17,5,-17,-4,goodbye
5.852123975753784,-1,-13,-9,-21,-14,-16,-18,-9,-24,-25,-1,7,-7,-1,goodbye
5.852123975753784,-4,-5,-9,-22,-4,-10,-9,-5,-22,-7,13,11,0,-1,goodbye
5.868028163909912,-4,4,0,-9,3,0,-4,0,-12,0,17,8,0,1,goodbye
5.868028163909912,9,9,11,5,9,12,0,6,-3,3,11,7,-7,12,goodbye
5.883583068847656,15,15,11,16,13,7,3,5,-8,0,0,4,-13,19,goodbye
5.883583068847656,2,16,3,25,8,0,6,0,-8,5,-2,-7,-5,14,goodbye
5.898724317550659,-2,10,5,24,0,8,13,2,1,14,-1,-14,0,9,goodbye
5.898724317550659,0,7,0,15,-5,8,15,0,-2,4,-14,-17,-8,8,goodbye
5.913865804672241,2,7,0,8,-6,0,4,-3,-16,-12,-16,-11,-14,6,goodbye
5.913865804672241,5,6,7,11,2,11,6,0,-2,-3,-3,-3,-3,7,goodbye
5.928942680358887,3,6,4,11,10,23,17,3,19,12,-4,-4,0,10,goodbye
5.928942680358887,0,8,3,2,4,13,12,1,20,14,4,8,11,16,goodbye
5.944080114364624,7,4,6,-2,-7,-2,-1,0,14,16,29,25,32,19,goodbye
5.944080114364624,7,-1,4,-3,-9,-10,-10,-5,3,8,15,5,22,6,goodbye
5.960193395614624,-5,-3,0,-5,0,-5,-13,-5,-7,-3,-7,-18,0,-11,goodbye
5.960193395614624,-9,0,-5,-4,6,0,-7,1,0,4,8,-2,11,-10,goodbye
5.975999116897583,-7,2,-1,-1,4,-1,1,7,21,22,25,19,21,0,goodbye
5.975999116897583,-4,-1,-2,5,5,2,5,5,28,25,20,11,13,0,goodbye
5.99175763130188,0,-10,-8,0,0,0,0,0,4,5,3,0,0,-8,goodbye
5.99175763130188,-1,-12,-5,-16,-8,-12,-3,-3,-12,-22,-17,-1,-17,-15,goodbye
6.007130146026611,-6,-12,-5,-21,-2,-9,-5,-6,-5,-23,-22,-6,-19,-14,goodbye
6.007130146026611,-7,-8,1,-2,1,3,-13,-5,-6,-10,-9,-3,-5,-13,goodbye
6.028788089752197,0,3,1,11,0,11,-4,1,-11,-8,-3,3,-3,-10,goodbye
6.028788089752197,8,8,-2,10,0,7,11,6,-4,-9,-5,1,-5,2,goodbye
6.028788089752197,7,0,-1,0,2,0,10,0,-4,-8,-3,-1,-4,5,goodbye
6.038408517837524,-3,-5,-5,-4,-1,-6,0,-5,-11,-12,-7,-5,-12,-9,goodbye
6.054001569747925,-3,0,-4,-4,-7,-4,-10,0,-9,-17,-17,-13,-21,-16,goodbye
6.054001569747925,-2,-1,-6,0,-2,0,-16,0,-10,-7,-17,-19,-17,-11,goodbye
6.069758892059326,-9,-6,-6,4,9,-2,-3,-2,-13,0,-11,-10,-12,-10,goodbye
6.069758892059326,-11,-1,3,3,8,-5,7,0,-5,-5,-6,2,-8,-2,goodbye
6.085129499435425,-5,-4,3,0,-3,-3,1,0,-1,-7,1,0,-3,10,goodbye
6.085129499435425,4,-6,3,-1,-1,0,4,3,1,6,15,1,8,22,goodbye
6.101233005523682,14,5,8,3,2,3,12,12,15,26,20,13,23,22,goodbye
6.101233005523682,11,7,3,0,-4,2,-4,0,12,13,8,12,15,7,goodbye
6.116223812103272,6,2,4,-6,-11,0,-19,-11,-7,-5,2,3,0,0,goodbye
6.116223812103272,12,5,12,-5,-3,0,-4,-1,-5,7,18,9,13,3,goodbye
6.132107734680176,9,6,13,-7,-1,-6,0,2,7,9,20,14,15,2,goodbye
6.132107734680176,4,8,5,-3,-3,-4,-1,-4,11,-3,4,12,5,0,goodbye
6.147713899612427,8,13,1,10,2,3,8,0,19,12,5,14,16,9,goodbye
6.147713899612427,5,7,2,5,7,0,11,10,21,23,10,8,25,9,goodbye
6.1637396812438965,2,0,-3,-8,0,-2,5,1,11,3,2,-3,9,6,goodbye
6.1637396812438965,4,0,-7,-3,1,11,11,-4,0,1,-2,-5,-3,6,goodbye
6.178839683532715,-6,-6,-10,5,7,23,15,0,-9,8,-10,-10,-6,-4,goodbye
6.178839683532715,-16,-1,-8,6,9,10,4,0,-15,-3,-16,-20,-10,-15,goodbye
6.194459915161133,-10,8,0,3,6,-3,-3,-1,-3,-4,-5,-11,-12,-7,goodbye
6.194459915161133,-12,0,-9,-2,-2,-9,-6,4,11,4,-5,-11,-12,-4,goodbye
6.21003794670105,-10,-3,-4,2,-5,-9,-9,1,1,-8,-16,-14,-13,-9,goodbye
6.21003794670105,4,2,9,26,5,2,-1,-2,-7,-12,-4,1,-7,0,goodbye
6.225291013717651,3,-3,0,24,8,16,5,1,6,7,6,7,0,4,goodbye
6.225291013717651,-13,-20,-5,-6,-8,9,-1,0,5,3,-2,-6,-1,-4,goodbye
6.241029977798462,-12,-25,-7,-23,-19,-5,-9,-10,-16,-15,-5,-8,-9,-7,goodbye
6.241029977798462,0,-9,-3,-9,-8,-9,-7,-7,-27,-18,-1,6,-9,2,goodbye
6.257120847702026,6,6,7,5,1,-7,-6,0,-18,-10,-2,10,-2,8,goodbye
6.257120847702026,0,0,0,-1,0,-5,-3,2,0,0,-7,0,0,1,goodbye
6.273165941238403,-5,-11,-9,-18,0,0,2,9,13,8,-11,-6,-4,-4,goodbye
6.273165941238403,-9,-2,-9,-19,1,0,2,1,4,3,-13,-14,-3,-12,goodbye
6.288676738739014,-18,2,-12,-7,-2,-9,-6,-11,-16,-15,-16,-23,-5,-18,goodbye
6.288676738739014,-15,2,-4,1,0,-10,-10,0,-13,-22,-7,-10,-8,-11,goodbye
6.304410219192505,13,11,14,11,4,-4,0,10,4,-3,13,14,2,0,goodbye
6.304410219192505,30,18,29,17,0,-6,2,5,7,18,34,27,19,11,goodbye
6.319237470626831,25,10,14,7,0,-3,0,-1,9,20,39,27,26,19,goodbye
6.319237470626831,22,0,0,-11,5,2,0,-4,3,2,23,18,16,16,goodbye
6.334850549697876,15,0,3,-4,0,4,1,-7,-15,-12,-1,7,0,3,goodbye
6.334850549697876,-1,1,-1,1,-3,2,0,-7,-16,-10,-8,3,-2,-1,goodbye
6.34998631477356,-1,-3,0,-27,-1,2,1,2,3,-2,3,12,6,3,sil
6.34998631477356,13,2,11,-20,0,1,2,12,17,7,18,17,15,11,sil
6.366685152053833,12,11,12,30,2,3,1,7,21,13,12,1,8,9,sil
6.366685152053833,-9,4,-2,30,3,11,5,0,15,1,-16,-19,-10,-10,sil
6.3817572593688965,-24,0,-18,-2,6,9,5,0,4,-2,-29,-28,-19,-24,sil
6.3817572593688965,-24,1,-14,-5,1,0,-1,0,2,9,-10,-19,-11,-16,sil
6.397184371948242,-14,1,-2,2,0,5,3,1,14,14,8,-3,7,-3,sil
6.413257837295532,0,9,6,13,6,9,11,10,21,17,12,9,18,8,sil
6.413257837295532,9,14,18,30,9,4,6,5,23,24,9,13,9,19,sil
6.428809642791748,15,3,12,29,7,4,6,-6,28,20,5,9,6,21,sil
6.428809642791748,12,-8,3,4,2,4,5,-3,12,5,3,9,6,16,sil
6.444891929626465,-4,-24,-7,-21,-13,-9,-12,-6,-33,-7,-7,-1,-10,3,sil
6.444891929626465,-15,-29,-18,-35,-27,-23,-31,-19,-63,-28,-23,-19,-27,-10,sil
6.444891929626465,-9,-16,-10,-29,-15,-15,-24,-9,-52,-41,-26,-20,-25,-12,sil
6.460016965866089,-12,-13,-13,-15,0,1,-1,3,-29,-22,-19,-21,-22,-12,sil
6.476033687591553,-15,-12,-12,-2,1,8,10,4,-13,1,-15,-18,-21,-10,sil
6.476033687591553,5,3,0,6,0,6,13,8,4,4,0,0,-1,1,sil
6.492389440536499,16,9,2,3,-2,0,14,10,17,5,11,7,17,5,sil
6.492389440536499,-1,3,0,-5,-1,-8,9,1,6,4,1,0,8,-7,sil
6.492389440536499,-12,1,-5,-4,0,-10,-1,-8,-14,-9,-12,-8,-7,-16,sil
6.507385969161987,-10,-2,-8,-3,5,0,-5,-7,-14,-20,-13,-12,-10,-14,sil
6.507385969161987,-9,-2,-9,-6,14,10,2,0,5,-7,-5,-6,-2,-13,sil
6.524207592010498,0,7,0,4,16,6,7,4,21,8,10,9,6,-5,sil
6.524207592010498,13,9,17,13,1,-4,2,9,27,11,22,21,17,7,sil
6.540789365768433,16,0,9,7,-17,-4,0,11,34,10,20,20,27,15,sil
6.540789365768433,11,0,4,5,-15,-3,0,6,31,13,14,20,26,18,sil
6.5545172691345215,11,10,10,6,0,-3,2,1,19,14,9,15,16,14,sil
6.5545172691345215,13,14,4,4,9,0,0,-1,13,8,8,10,13,8,sil
6.570652961730957,15,11,12,7,7,0,-12,-9,1,1,19,23,15,14,sil
6.570652961730957,9,4,13,4,1,-2,-16,-18,-22,-6,18,18,3,8,sil
6.587099552154541,-6,-1,-6,-12,0,-6,-19,-13,-34,-24,-7,-12,-19,-19,sil
6.587099552154541,-7,1,-3,-9,1,-5,-27,0,-21,-24,-12,-16,-26,-28,sil
6.6013805866241455,7,6,10,8,1,-7,-19,0,-11,-2,8,3,-12,-8,sil
6.6171064376831055,4,4,6,3,-5,-6,-3,-3,-20,-2,14,3,-8,-1,sil
6.6171064376831055,-11,-1,-6,-6,-6,4,-1,2,-17,-9,2,-12,-11,-4,sil
6.6171064376831055,-15,-7,-7,-2,0,17,5,5,0,7,-1,-14,-2,4,sil
6.633849620819092,-6,0,6,10,9,24,24,5,3,22,2,-1,8,17,sil
6.633849620819092,4,13,13,25,12,25,31,7,-3,12,0,-1,3,20,sil
6.647907018661499,0,8,8,17,2,15,20,3,-15,-2,-25,-10,-16,9,sil
6.663170337677002,-9,-7,-5,-5,-8,1,7,0,-14,0,-35,-16,-18,0,sil
6.663170337677002,-10,-17,-15,-14,-10,-1,2,1,2,4,-23,-17,-2,0,sil
6.678757905960083,-16,-20,-17,-11,-3,2,11,4,26,8,-19,-18,0,-4,sil
6.678757905960083,-16,-21,-22,-12,1,0,20,5,34,19,-12,-10,0,-6,sil
6.694217681884766,-2,-20,-13,-15,4,-12,10,4,25,22,-2,2,7,-1,sil
6.694217681884766,0,-14,-9,-11,-1,-18,0,-1,18,3,-7,-2,7,-4,sil
6.710336208343506,-9,-5,-11,-3,-6,-9,-2,-3,18,-8,-9,-8,2,-8,sil
6.710336208343506,2,1,0,3,1,2,0,0,17,1,2,6,10,5,sil
6.725863695144653,18,9,3,2,7,3,1,0,13,9,13,14,11,14,sil
6.725863695144653,10,11,3,-2,0,-7,-5,-1,-2,-9,12,7,-9,0,sil
6.742123365402222,0,2,5,-4,-7,-9,-15,-3,-24,-31,3,1,-17,-16,sil
6.742123365402222,1,-5,-3,-11,-9,-7,-18,-6,-25,-22,-1,1,2,-14,sil
6.75795841217041,4,-1,-1,-18,-5,-9,-19,0,-6,-5,3,7,15,-2,sil
6.75795841217041,4,0,5,-8,0,-3,-12,-1,1,-2,9,8,10,0,sil
6.773242235183716,8,0,8,0,1,4,-4,-1,-5,-7,7,8,7,0,sil
6.773242235183716,11,4,8,-6,-1,-1,-9,3,-12,-9,15,16,16,3,sil
6.788911581039429,14,11,4,-4,-4,-11,-12,-1,-12,-5,31,25,22,8,sil
6.788911581039429,9,14,8,5,-1,-4,-10,-7,-16,2,27,21,8,2,sil
6.804834604263306,-8,13,7,15,0,0,-12,-2,-24,-2,5,-1,-14,-11,sil
6.804834604263306,-12,13,14,24,3,-4,-10,-1,-21,-9,-1,-13,-26,-16,sil
6.819929838180542,1,17,19,30,12,3,5,0,-3,3,5,-1,-14,-3,sil
6.819929838180542,0,13,7,28,9,12,15,4,8,13,8,6,-1,6,sil
6.834867715835571,0,9,7,31,3,2,7,5,3,5,1,0,-7,3,sil
6.834867715835571,16,10,12,36,8,0,8,9,5,6,0,0,-6,8,sil
6.850417375564575,12,8,7,28,13,16,18,9,8,14,0,4,2,16,sil
6.850417375564575,-4,0,-1,16,3,25,22,0,2,11,-2,-1,0,13,sil
6.866284608840942,-6,-5,-7,10,-2,19,23,0,5,8,-9,-12,0,10,sil
6.866284608840942,-10,-14,-6,3,0,14,18,2,19,9,-21,-19,-3,10,sil
6.882215261459351,-15,-18,-12,-8,1,12,10,-5,19,5,-30,-25,-13,0,sil
6.882215261459351,-8,-18,-19,-22,-2,2,8,-6,6,0,-30,-19,-8,-5,sil
6.897719144821167,-4,-15,-16,-29,0,-1,16,0,10,4,-25,-7,2,0,sil
6.897719144821167,-4,-15,-20,-28,4,0,17,1,29,11,-21,-13,1,0,sil
6.913791179656982,-2,-22,-25,-45,0,-4,0,6,33,8,-13,-13,9,0,sil
6.913791179656982,-6,-25,-31,-61,-10,-19,-18,4,18,2,-3,-2,26,0,sil
6.929988384246826,-13,-21,-29,-60,-20,-33,-29,-8,0,-8,-6,-6,16,-10,sil
6.929988384246826,-17,-26,-24,-76,-32,-36,-37,-14,-15,-25,-11,-8,-4,-25,sil
6.945121049880981,-21,-29,-25,-87,-34,-34,-46,-11,-31,-35,0,-3,-7,-22,sil
6.945121049880981,-9,-3,-2,-38,-11,-23,-42,-4,-35,-29,11,2,-6,-14,sil
6.960847616195679,14,25,25,33,5,-3,-18,2,-20,-11,23,14,-3,-8,sil
6.960847616195679,27,32,41,57,9,8,-5,0,-13,-1,36,27,0,-2,sil
6.9764158725738525,22,37,50,56,20,11,-4,-2,-23,2,42,27,0,1,sil
6.9764158725738525,16,40,43,69,32,17,11,5,-21,8,33,19,-4,4,sil
6.991127252578735,11,27,30,70,24,21,23,8,-10,0,14,12,-9,1,sil
6.991127252578735,6,14,15,47,9,19,14,1,-6,-10,1,5,-8,0,sil
7.006722688674927,10,15,11,35,5,15,17,0,0,6,8,10,7,12,sil
7.006722688674927,17,17,24,37,5,11,30,7,14,30,18,23,24,30,sil
7.022046804428101,16,12,12,29,0,9,27,10,26,28,12,21,24,29,sil
7.022046804428101,5,5,-4,11,0,3,15,4,27,15,-10,6,3,14,sil
7.038138628005981,-9,-4,-16,-2,-6,-2,11,-4,11,-2,-31,-15,-16,0,sil
7.038138628005981,-17,-16,-27,-10,-16,-6,3,-10,-10,-24,-35,-29,-22,-10,sil
7.053267478942871,-8,-8,-9,-4,-13,-2,-7,-2,-5,-12,-22,-18,-12,-9,sil
7.053267478942871,-4,-6,-4,-5,-3,-3,-3,2,16,15,-2,-6,6,2,sil
7.068633556365967,-19,-30,-24,-32,-2,-4,3,0,19,16,-1,-14,11,1,sil
7.068633556365967,-19,-31,-24,-36,1,5,2,0,14,1,-10,-23,0,-10,sil
7.084146976470947,-3,-7,-9,-12,9,5,-1,7,17,2,-3,-18,-4,-8,sil
7.084146976470947,-2,-7,-6,-16,5,-7,-5,5,11,4,6,1,3,-2,sil
7.100031137466431,-4,-16,-13,-27,0,-8,-13,-1,-1,0,1,8,3,-3,sil
7.100031137466431,3,-1,0,-11,0,-2,-18,-5,-17,-9,-5,1,-5,-1,sil
7.116032361984253,3,1,4,-8,-2,-3,-11,-8,-30,-20,-7,-4,-15,0,sil
7.116032361984253,0,-5,-5,-15,-2,-8,-8,-10,-29,-22,-7,-8,-22,-9,sil
7.131693840026856,6,3,1,-2,2,-4,-14,-1,-15,-9,-1,-7,-12,-6,sil
7.131693840026856,4,5,0,0,-1,4,-9,0,-2,6,2,0,11,2,sil
7.147777557373047,-11,-4,-8,-18,-11,0,1,-3,0,9,0,5,17,-2,sil
7.147777557373047,-10,5,-3,-22,-8,-7,4,0,5,6,5,9,12,0,sil
7.163052558898926,2,14,3,-7,-1,-3,-2,4,4,3,11,11,16,11,sil
7.163052558898926,2,5,8,1,-1,0,-7,1,-3,-1,8,16,11,8,sil
7.179131746292114,0,5,14,6,0,0,1,1,0,3,13,15,9,5,sil
7.179131746292114,3,6,11,5,-1,-4,4,2,3,3,11,2,6,4,sil
7.194841623306274,4,4,11,10,-4,0,-3,0,-3,-14,-3,-6,-9,-2,sil
7.194841623306274,15,12,18,26,6,7,3,-2,7,-13,-3,2,-19,-3,sil
7.208938360214233,16,13,19,27,14,9,14,3,16,2,1,7,-13,0,sil
7.208938360214233,0,0,-1,16,5,7,15,8,5,4,0,0,0,-1,sil
7.224517107009888,9,7,1,21,7,11,14,6,7,0,4,4,12,9,sil
7.224517107009888,30,27,29,30,12,5,9,2,14,6,10,18,17,17,sil
7.240991115570068,12,6,14,18,0,-8,1,0,7,20,10,9,17,5,sil
7.257028579711914,-18,-30,-17,-11,-4,-9,0,0,2,13,0,-5,6,-3,sil
7.257028579711914,-30,-36,-34,-25,0,-6,-2,-3,-2,-12,-24,-20,-18,-13,sil
7.257028579711914,-28,-14,-25,-12,-6,-5,-5,-9,-14,-20,-28,-24,-26,-22,sil
7.270915985107422,-13,1,-1,1,0,6,7,-1,-14,-2,-3,-7,-6,-6,sil
7.286694526672363,0,-1,-2,1,6,11,14,2,-5,5,5,0,0,7,sil
7.286694526672363,-5,-6,-10,-4,-2,4,-4,0,-5,3,0,-4,-6,0,sil
7.301692247390747,-8,2,-6,-1,-7,3,-13,0,-7,5,-1,-10,-10,-9,sil
7.301692247390747,-2,3,-6,-1,0,3,-7,-2,-8,0,-8,-12,-10,-4,sil
7.31721568107605,3,-4,-1,-2,2,10,-2,-2,1,1,-6,-4,0,3,sil
7.31721568107605,6,0,0,2,7,16,2,3,8,11,1,0,9,2,sil
7.332928895950317,-5,1,-9,-5,0,-5,-8,0,-9,-8,-6,-6,-2,-6,sil
7.332928895950317,-10,-1,-12,-20,-13,-19,-22,-8,-14,-28,-6,-1,-11,-9,sil
8.12880563735962,-24,0,-7,12,-2,14,24,0,-12,-2,-13,-17,0,-23,sil
8.12880563735962,-23,-10,-10,-3,-3,20,24,4,-12,-2,-27,-25,0,-16,sil
8.144319295883179,-23,-21,-23,-7,-3,15,19,6,-7,-9,-28,-29,-3,-10,sil
8.144319295883179,-18,-16,-17,0,0,13,31,10,16,2,-18,-17,11,0,sil
8.160332202911377,-12,-14,-9,-4,0,6,33,7,25,17,-16,-13,23,4,sil
8.160332202911377,0,-21,-15,-24,-6,-4,16,1,16,12,-10,-12,15,1,sil
8.176103115081787,13,-9,-4,-19,-7,0,15,5,17,2,1,5,13,12,sil
8.176103115081787,22,3,12,-2,1,2,16,6,19,3,10,21,22,29,sil
8.191712856292725,27,4,26,0,0,-9,-2,-1,5,5,10,26,22,26,sil
8.191712856292725,33,17,29,9,0,-11,-13,-7,0,5,16,18,17,16,sil
8.20636534690857,32,28,19,17,5,-8,-9,-3,3,8,27,16,18,19,sil
8.20636534690857,21,17,17,7,4,-14,-21,-1,-2,6,23,30,13,9,sil
8.22238540649414,6,12,17,7,6,-12,-28,-7,-13,0,17,29,0,-8,sil
8.22238540649414,-1,26,13,23,20,1,-12,-4,-19,-1,20,10,-15,-7,sil
8.238262414932251,0,30,7,29,18,12,0,5,-12,-1,20,3,-20,-3,sil
8.238262414932251,-14,0,-10,11,2,6,-4,2,-1,-3,0,-9,-20,-21,sil
8.253151178359985,-37,-22,-25,-6,-1,1,0,0,-6,-5,-31,-38,-30,-33,sil
8.253151178359985,-33,-16,-28,-2,0,12,13,3,-9,-7,-38,-46,-37,-21,sil
8.268792152404785,-25,-15,-19,-3,0,23,18,3,0,-4,-29,-32,-35,-15,sil
8.268792152404785,-37,-29,-25,-21,-4,21,19,0,0,5,-36,-34,-28,-17,sil
8.284107446670532,-36,-31,-35,-28,-14,10,14,0,-14,2,-47,-43,-27,-12,sil
8.284107446670532,-11,-21,-16,-26,-17,3,5,0,-21,-7,-36,-25,-23,-3,sil
8.300265312194824,1,-17,-6,-27,-12,-2,0,-4,-10,-4,-19,-5,-9,8,sil
8.300265312194824,7,-15,-8,-25,-18,-19,-10,-5,-1,-3,-11,3,-1,18,sil
8.3153555393219,17,-10,0,-16,-23,-25,-29,-3,-1,-9,0,11,4,16,sil
8.3153555393219,21,1,8,-1,-6,-10,-24,-4,4,-2,19,18,24,8,sil
8.33096957206726,19,14,16,6,11,1,-8,0,14,8,33,26,34,5,sil
8.33096957206726,20,13,13,4,8,-2,-3,3,15,9,30,31,27,10,sil
8.346144676208496,17,9,13,2,1,-7,-4,0,21,6,29,28,23,16,sil
8.346144676208496,11,12,14,4,7,-4,0,5,30,6,34,22,24,9,sil
8.362048149108887,5,13,4,10,13,-3,6,9,21,5,25,18,20,0,sil
8.362048149108887,-1,14,4,13,10,-2,5,5,10,0,18,15,14,0,sil
8.377161979675293,-3,10,10,16,9,0,4,5,20,7,31,11,18,4,sil
8.377161979675293,0,9,9,20,9,-1,8,6,19,16,30,12,22,5,sil
8.393241882324219,7,20,13,21,2,0,12,0,-3,4,7,10,11,2,sil
8.393241882324219,9,17,12,19,-2,0,8,-4,-12,-13,-4,0,-6,-5,sil
8.409052848815918,4,4,20,18,0,-1,4,0,-9,-14,-6,-4,-15,-10,sil
8.409052848815918,0,1,19,17,3,0,2,0,-15,-11,-11,0,-10,-6,sil
8.424786567687988,4,-1,4,11,-5,-4,-10,-9,-28,-22,-14,1,-6,0,sil
8.424786567687988,8,-5,1,10,-12,-6,-24,-8,-32,-27,-8,1,-6,0,sil
8.441052436828613,8,-2,6,8,-5,2,-22,-3,-24,-12,-4,0,-9,-1,sil
8.441052436828613,5,-1,9,0,5,7,-13,-6,-11,4,-11,-1,-11,0,sil
8.456509828567505,4,1,-3,1,14,9,0,-5,0,13,-4,0,0,7,sil
8.456509828567505,0,5,-16,8,12,17,14,0,4,14,9,-4,0,3,sil
8.472132444381714,-19,-4,-21,-7,-4,14,16,1,-1,4,-11,-27,-20,-17,sil
8.472132444381714,-36,-22,-41,-39,-20,1,11,-2,-11,-7,-48,-49,-40,-25,sil
8.487220764160156,-32,-24,-41,-52,-11,4,12,0,-14,-7,-48,-46,-40,-14,sil
8.487220764160156,-17,-14,-27,-37,4,16,18,1,-5,6,-26,-32,-23,-7,sil
8.502773523330688,-14,-15,-25,-25,3,7,17,0,0,14,-21,-26,-6,-8,sil
8.502773523330688,-22,-29,-26,-42,-6,-3,6,9,5,9,-22,-24,-2,-4,sil
8.518877029418945,-22,-30,-26,-54,-5,2,1,14,19,9,-13,-20,2,5,sil
8.518877029418945,-8,-9,-8,-24,2,6,-2,5,28,16,-3,-9,11,13,sil
8.534077405929565,4,7,14,8,3,-3,-4,1,24,18,9,10,16,14,sil
8.534077405929565,11,10,22,6,0,-4,-4,2,17,13,20,22,21,16,sil
8.549849271774292,20,14,28,6,0,-2,-14,-2,11,6,21,27,23,16,sil
8.549849271774292,30,16,24,29,0,-11,-20,-5,12,5,24,31,26,10,sil
8.565157890319824,27,6,18,31,0,-16,-12,2,13,4,31,33,28,11,sil
8.565157890319824,12,0,12,19,0,-12,-7,0,3,-1,30,34,23,13,sil
8.5801842212677,2,6,7,20,-3,-15,-12,-10,-1,-8,30,33,19,0,sil
8.5801842212677,8,16,14,23,0,-8,-1,-4,1,-10,33,35,22,-7,sil
8.596282720565796,16,20,15,25,9,-1,16,1,0,-17,20,23,10,-6,sil
8.596282720565796,4,20,11,25,6,-9,9,-1,-12,-29,0,14,-17,-11,sil
8.61200499534607,-8,20,16,21,-6,-3,-3,-2,-16,-26,3,17,-20,-14,sil
8.613005638122559,-3,11,14,13,-9,1,-5,-3,-16,-22,12,8,-7,-6,sil
8.628122091293335,-5,0,4,6,-5,-17,-14,-2,-24,-34,-10,-12,-24,-11,sil
8.628122091293335,-8,0,-7,11,-1,-16,-13,-2,-25,-25,-25,-23,-32,-20,sil
8.642761707305908,12,10,7,23,9,14,5,-1,-18,1,-5,-14,-12,-2,sil
8.65835976600647,31,18,27,21,18,21,13,4,-12,7,5,0,-2,23,sil
8.65835976600647,24,7,9,10,8,11,6,1,-4,8,-1,1,-4,24,sil
8.674042224884033,12,-5,-7,5,1,21,4,0,2,23,-3,-13,0,13,sil
8.674042224884033,-1,-9,-15,-2,3,29,6,0,6,27,-5,-28,1,6,sil
8.689203023910522,-25,-19,-29,-24,3,14,4,3,12,19,-17,-32,-7,-4,sil
8.689203023910522,-34,-30,-33,-38,0,4,10,4,19,21,-24,-31,-9,-13,sil
8.706198453903198,-27,-31,-31,-36,-4,8,22,5,23,28,-25,-36,-2,-12,sil
8.706198453903198,-32,-31,-34,-43,-14,9,12,1,15,17,-34,-40,-3,-15,sil
8.706198453903198,-42,-35,-42,-57,-22,0,-2,-2,2,-1,-39,-35,-11,-22,sil
8.72209906578064,-26,-26,-27,-45,-17,-11,-1,0,4,-3,-19,-12,-2,-15,sil
8.72209906578064,2,-6,4,-13,-3,-7,7,3,12,9,12,20,22,4,sil
8.736735105514526,15,4,15,-2,6,-3,0,0,9,10,23,33,34,20,sil
8.752676010131836,16,4,14,-18,5,-18,-22,-3,-1,-7,12,29,20,21,sil
8.752676010131836,25,5,14,-19,-1,-30,-27,0,-6,-18,13,29,12,14,sil
8.767715692520142,36,20,19,9,-2,-24,-15,-1,-6,-17,27,39,19,16,sil
8.767715692520142,34,39,34,37,1,-8,-13,-3,-10,-15,32,43,13,18,sil
8.783113241195679,23,37,29,37,8,1,-16,-8,-23,-17,19,22,-4,6,sil
8.783113241195679,11,22,15,29,11,0,-20,-11,-30,-22,2,1,-17,-7,sil
8.79871129989624,-1,15,10,34,6,0,-11,0,-10,-16,2,-1,-14,-11,sil
8.79871129989624,-16,6,4,33,3,13,12,11,9,0,8,-5,-9,-14,sil
8.814122915267944,-29,-5,-10,14,6,21,26,6,3,8,-4,-20,-14,-17,sil
8.814122915267944,-31,-6,-24,3,7,10,17,0,-1,6,-21,-32,-18,-15,sil
8.82989501953125,-25,-5,-14,1,1,0,8,3,3,10,-18,-24,-18,-13,sil
8.82989501953125,-14,-8,-2,-3,-4,5,16,6,11,17,-4,-4,-5,-7,sil
8.844927787780762,0,-7,3,-1,-6,4,24,1,19,16,0,7,9,7,sil
8.844927787780762,14,-4,8,4,-3,0,12,-2,22,10,2,10,9,19,sil
8.861005306243896,21,-4,1,0,0,0,4,2,18,9,8,7,9,19,sil
8.861510753631592,21,0,1,-4,-1,-2,-1,7,12,5,9,11,16,11,sil
8.876148700714111,22,11,13,5,-1,-4,-4,-1,6,-3,10,16,14,2,sil
8.876148700714111,19,3,5,6,0,-3,-4,-10,-5,-13,6,6,4,0,sil
8.891737937927246,1,-16,-4,-13,-2,-5,-9,-8,-21,-14,-9,-8,-2,0,sil
8.891737937927246,-10,-20,-9,-21,-8,-1,-11,-5,-20,-3,-17,-20,-4,-2,sil
8.907762050628662,-6,-2,-4,-10,-6,4,-8,-1,-9,0,-9,-13,-4,0,sil
8.907762050628662,-5,6,-3,-5,4,5,0,0,-2,-6,-7,-6,-5,0,sil
8.922808408737183,-8,2,-8,-2,11,8,6,0,-1,-1,-7,-11,-5,-7,sil
8.922808408737183,-4,2,-3,0,2,8,0,0,-7,5,0,-3,-1,-8,sil
8.937938928604126,-10,0,-10,-4,-7,-5,-10,-4,-20,-3,0,2,-4,-5,sil
8.937938928604126,-19,-5,-14,-10,-5,-16,-10,-3,-19,-18,-6,-4,-13,-10,sil
8.953106164932251,-9,0,-2,-4,0,-9,-3,5,-5,-13,0,-5,-8,-8,sil
8.953106164932251,3,4,2,-5,0,-3,-1,1,2,-1,6,1,0,-3,sil
8.968685865402222,0,5,5,-8,-3,-7,-5,-1,3,-3,-3,0,-7,-9,sil
8.968685865402222,-1,4,5,6,-1,-8,-4,1,8,-5,-5,0,-10,-8,sil
8.983837366104126,7,-6,2,12,0,0,-1,0,15,13,4,7,6,5,sil
8.983837366104126,6,-13,6,-1,2,7,0,-2,10,20,3,4,12,11,sil
8.999873399734497,3,-8,4,-2,2,3,0,-1,0,8,2,0,2,10,sil
8.999873399734497,13,1,10,9,1,0,0,2,3,14,21,18,11,22,sil
9.015100955963137,21,10,15,10,2,2,2,3,11,29,28,30,27,29,sil
9.015100955963137,6,3,2,-1,0,1,0,0,1,11,0,8,9,9,sil
9.030711650848389,-8,-5,-8,-10,-1,2,0,6,2,-2,-15,-5,-4,-9,sil
9.030711650848389,-9,0,-8,0,0,4,12,11,20,0,3,0,8,-5,sil
9.04579758644104,-10,6,-3,7,-1,0,7,3,11,-15,0,0,3,-6,sil
9.04579758644104,-15,5,-10,0,0,5,0,-2,-6,-27,-16,-10,-11,-16,sil
9.06423306465149,-10,6,-9,0,13,15,7,-3,-4,-7,-5,-6,-1,-6,sil
9.06423306465149,1,11,7,15,14,9,16,0,-8,-1,3,1,4,4,sil
9.075740098953249,9,7,7,12,1,-2,12,7,-7,-12,-2,-5,0,-2,sil
9.0927894115448,8,2,2,-3,-9,-6,0,5,5,-1,0,-4,4,-4,goodbye
9.0927894115448,10,3,5,0,-11,-5,0,-1,7,15,9,6,11,7,goodbye
9.0927894115448,18,4,9,14,0,-6,0,-4,5,16,13,6,10,13,goodbye
9.10792064666748,16,4,13,8,11,-4,-6,-6,2,8,13,7,5,11,goodbye
9.10792064666748,11,7,4,1,1,0,-4,-11,-11,2,10,10,0,11,goodbye
9.12294602394104,2,2,-2,-1,-10,-2,-1,-7,-19,-2,0,-5,-11,0,goodbye
9.138957262039185,-18,-16,-14,-19,-10,-1,-7,-4,-14,-9,-24,-32,-33,-25,goodbye
9.138957262039185,-32,-26,-24,-31,-5,4,-8,-7,-16,-19,-41,-40,-43,-34,goodbye
9.156238317489624,-19,-13,-7,-8,-1,4,0,0,-14,-20,-28,-21,-27,-21,goodbye
9.156238317489624,-14,-10,1,7,-2,0,0,0,-6,-10,-8,-8,-14,-9,goodbye
9.156238317489624,-22,-14,-3,-1,-2,-2,-11,-4,-14,-7,-12,-8,-22,-10,goodbye
9.17076849937439,-9,3,2,7,6,2,-5,0,-13,-3,-9,0,-18,-1,goodbye
9.17076849937439,11,7,6,24,9,12,16,7,14,20,7,6,1,16,goodbye
9.186784029006958,8,-12,-3,3,-1,17,19,8,31,32,3,0,13,18,goodbye
9.186784029006958,1,-14,-14,-15,-10,3,6,9,26,16,0,2,24,11,goodbye
9.201699256896973,13,-1,-2,-14,-1,-12,-4,10,24,5,20,28,40,20,goodbye
9.217029094696043,30,4,10,-1,10,-9,-7,6,20,12,45,45,49,29,goodbye
9.217029094696043,26,13,7,9,13,-6,-15,0,3,6,43,38,44,18,goodbye
9.232587337493896,9,12,6,-6,0,-19,-29,-4,-11,-11,26,24,24,1,goodbye
9.232587337493896,5,6,3,-25,-13,-26,-25,-8,-12,-20,12,12,6,-3,goodbye
9.24813985824585,10,17,10,-2,-6,-14,-10,-7,-13,-21,0,5,-3,0,goodbye
9.24813985824585,0,19,11,12,3,-3,-9,-1,-16,-19,-11,-8,-16,-11,goodbye
9.263288736343384,-27,-5,-15,-12,-3,1,-3,-4,-16,-15,-30,-33,-33,-37,goodbye
9.263288736343384,-35,-16,-20,-21,-4,16,17,-1,-13,-9,-39,-38,-37,-39,goodbye
9.27987027168274,-18,0,0,8,9,27,30,5,1,6,-21,-20,-17,-14,goodbye
9.27987027168274,-8,3,4,9,10,12,19,3,9,12,-5,-4,0,0,goodbye
9.295215129852297,-7,-3,2,-8,-2,0,8,1,1,6,0,0,-1,6,goodbye
9.295215129852297,6,0,9,0,-6,3,11,4,5,11,10,0,4,18,goodbye
9.310906648635864,20,7,16,15,1,6,19,4,21,17,13,1,11,24,goodbye
9.310906648635864,15,8,4,20,2,7,24,3,21,9,3,5,5,18,goodbye
9.326887130737305,17,10,4,25,-1,1,7,3,8,2,1,7,1,13,goodbye
9.326887130737305,23,11,15,25,2,-1,-16,0,1,4,5,11,7,8,goodbye
9.34195113182068,9,1,1,15,7,3,-15,-5,7,10,10,5,9,1,goodbye
9.34195113182068,-13,-3,-8,13,3,5,-1,-4,6,14,9,-2,6,-2,goodbye
9.357518911361694,-23,-9,-14,6,3,0,4,-5,-5,6,-1,-12,0,-11,goodbye
9.357518911361694,-23,-19,-27,-17,1,0,0,-3,-14,-9,-18,-24,-17,-23,goodbye
9.37315058708191,-21,-10,-17,-20,-7,0,-6,0,-14,-18,-22,-24,-25,-20,goodbye
9.37315058708191,-9,4,-4,3,-2,-2,-6,1,-10,-15,-10,0,-9,-4,goodbye
9.389179944992064,6,0,1,5,5,-2,0,4,-6,-1,5,21,1,7,goodbye
9.389179944992064,6,-8,2,-9,-3,-3,0,3,-1,8,2,9,-1,8,goodbye
9.404762744903564,-6,-14,-5,-16,-14,-12,0,-4,-6,-3,-16,-15,-8,-5,goodbye
9.404762744903564,-3,-13,-7,-17,-7,-9,0,-5,-15,-18,-14,-6,-6,-10,goodbye
9.419880390167236,11,-1,1,-11,0,0,-2,-2,-12,-13,8,18,1,2,goodbye
9.419880390167236,21,5,19,-2,0,0,-11,-1,-7,-3,15,20,6,14,goodbye
9.435737371444702,23,8,25,3,3,-2,-13,0,-7,4,7,9,9,12,goodbye
9.435737371444702,23,16,14,11,8,-3,-6,0,-3,6,6,10,14,11,goodbye
9.45187520980835,13,14,7,-2,5,0,-5,-1,12,10,8,15,18,9,goodbye
9.45187520980835,-2,-4,-6,-26,-4,1,-7,0,25,35,7,2,12,0,goodbye
9.4674870967865,-16,-10,-10,-21,-14,-1,-6,1,16,9,3,-19,0,-11,goodbye
9.4674870967865,-21,-3,-4,-3,-7,4,6,1,2,-54,9,-16,0,-12,goodbye
9.483192443847656,-16,-8,-11,-7,9,12,16,2,10,-28,14,2,11,-4,goodbye
9.483192443847656,-12,-11,-10,-12,10,0,5,2,12,35,0,8,0,-3,goodbye
9.498708963394163,-10,-3,-4,0,-2,-10,0,0,-1,17,-7,-3,-15,-6,goodbye
9.498708963394163,-5,4,0,10,0,0,9,0,-10,-18,-8,-4,-14,-3,goodbye
9.51394009590149,4,16,2,23,14,8,13,5,-3,-7,-16,0,-12,0,goodbye
9.51394009590149,13,19,8,31,10,8,12,9,5,3,-12,0,-3,9,goodbye
9.529957056045532,9,9,16,16,-8,5,5,8,7,0,2,1,8,16,goodbye
9.529957056045532,-6,0,0,-5,-13,-6,-6,0,2,-6,-3,-7,3,2,goodbye
9.545926332473757,-6,0,-12,-6,2,-14,-9,-9,5,-5,-13,-14,-5,-10,goodbye
9.545926332473757,16,13,6,14,9,0,-1,-3,16,13,5,6,9,4,goodbye
9.561021327972412,19,14,9,22,-1,5,-1,0,13,19,15,16,22,17,goodbye
9.561021327972412,4,-3,0,2,-8,-7,-9,-6,-4,4,3,1,7,6,goodbye
9.576699018478394,3,-10,-1,-3,-2,-7,-9,-7,-10,7,11,0,3,0,goodbye
9.576699018478394,-5,-6,-3,0,-3,0,-8,-5,-22,1,12,-4,0,-9,goodbye
9.591809034347534,-26,-11,-13,-8,-9,2,0,-5,-39,-24,-19,-27,-27,-29,goodbye
9.591809034347534,-20,-10,-11,-10,-3,5,10,-3,-27,-14,-23,-28,-32,-30,goodbye
9.607901096343994,-2,0,7,-3,0,9,8,3,-2,13,6,0,-4,-15,goodbye
9.607901096343994,0,0,10,0,0,6,8,3,5,7,11,11,-4,-6,goodbye
9.623752355575562,0,-6,1,5,7,0,8,1,1,-6,-7,9,-21,0,goodbye
9.623752355575562,1,-5,1,-3,9,-4,-7,2,-3,-4,-14,11,-9,6,goodbye
9.638922929763794,6,0,3,-9,0,-4,-14,1,0,0,0,6,11,9,goodbye
9.638922929763794,15,8,13,4,6,1,0,5,5,3,14,14,16,20,goodbye
9.654036045074465,13,6,8,5,6,4,5,3,-2,3,3,14,10,25,goodbye
9.654036045074465,6,-3,-4,-12,-13,0,-6,-6,-8,-6,-10,1,3,14,goodbye
9.669946908950806,9,0,4,-6,-6,0,-9,0,7,0,5,9,11,15,goodbye
9.669946908950806,11,6,6,13,13,4,2,12,25,22,25,22,29,25,goodbye
9.684955835342407,2,1,-2,10,8,9,7,5,22,22,14,11,26,14,goodbye
9.684955835342407,-4,-2,-8,2,0,9,7,-5,14,9,0,-7,9,-3,goodbye
9.701013088226318,-15,-7,-14,-1,1,2,7,-4,6,4,0,-24,0,-13,goodbye
9.701013088226318,-22,-13,-18,-15,-2,0,10,0,1,-13,-17,-35,-14,-23,goodbye
9.717040538787842,-18,-14,-22,-24,-7,4,18,2,4,-29,-32,-30,-24,-24,goodbye
9.717040538787842,-16,-10,-17,-15,-6,-1,11,4,10,-14,-25,-18,-14,-18,goodbye
9.73310613632202,-22,-5,-11,0,0,-13,-6,5,7,8,-14,-14,-6,-18,goodbye
9.73310613632202,-14,0,-2,5,1,-17,-7,0,0,6,-4,-7,-11,-14,goodbye
9.74912929534912,7,4,15,2,-9,-16,-5,-8,-7,-11,5,5,-8,-1,goodbye
9.74912929534912,20,8,16,7,-9,-11,-8,-6,-6,-12,7,11,0,6,goodbye
9.765079975128174,26,18,18,16,3,-3,-7,4,-1,0,17,15,6,15,goodbye
9.765079975128174,24,17,15,10,2,0,-5,1,0,5,29,21,16,19,goodbye
9.78018355369568,13,1,-2,-9,-5,-9,-13,-9,-9,4,19,19,17,14,goodbye
9.78018355369568,14,7,6,-11,-2,-11,-19,-6,-14,9,14,29,12,17,goodbye
9.795793533325195,22,20,20,3,-1,-1,-17,-4,-7,5,17,31,8,11,goodbye
9.795793533325195,8,0,6,-4,-8,-1,-22,-9,-14,-21,-9,4,-11,-14,goodbye
9.81081509590149,-17,-15,-9,-26,-11,-3,-11,-5,-32,-45,-31,-17,-36,-25,goodbye
9.81081509590149,-24,-8,-9,-9,3,15,14,0,-21,-31,-19,-20,-29,-12,goodbye
9.826104640960692,-15,-3,0,16,18,30,18,6,5,1,-5,-16,-5,-2,goodbye
9.826104640960692,-12,-2,-4,12,9,16,8,8,10,18,0,-11,8,0,goodbye
9.840861320495604,-11,3,-1,8,6,4,12,2,6,23,5,0,11,6,goodbye
9.840861320495604,2,15,17,24,20,15,20,4,14,40,22,9,21,13,goodbye
9.85697078704834,12,11,14,24,15,14,17,7,18,41,29,12,32,11,goodbye
9.85697078704834,0,-2,0,2,-2,-1,6,2,5,8,0,0,11,-5,goodbye
9.872562408447266,-7,-6,-10,0,-3,-5,2,0,0,-12,-22,-20,-17,-19,goodbye
9.872562408447266,-5,-1,-12,11,0,0,0,1,5,-11,-13,-21,-19,-14,goodbye
9.888185739517212,-1,-2,-7,6,-6,5,-2,5,12,-2,-3,1,-5,-3,goodbye
10.930772066116331,-22,-12,-11,-13,3,4,6,-1,3,11,-13,-24,-1,-7,goodbye
10.930772066116331,-3,2,0,0,13,10,19,9,29,34,16,-3,16,9,goodbye
10.946704387664797,0,8,4,8,8,6,11,7,22,20,8,-6,3,2,goodbye
10.946704387664797,-4,2,0,5,0,0,0,0,-1,-5,-14,-16,-16,0,goodbye
10.962753534317017,5,1,0,3,3,3,6,2,5,-2,-9,-8,-10,7,goodbye
10.962753534317017,11,0,-8,-5,3,4,9,2,21,4,-2,-4,0,5,goodbye
10.977921724319458,-2,-13,-20,-18,-6,-6,-5,-3,6,-5,-9,-14,-1,-1,goodbye
10.977921724319458,-5,-10,-3,-10,-6,-2,-10,-4,-1,0,-5,-11,0,0,goodbye
10.993735074996948,11,0,6,4,-1,4,0,4,8,18,5,2,13,12,goodbye
10.993735074996948,23,-2,2,-1,-5,-3,-1,9,11,8,0,11,16,23,goodbye
11.008753299713137,15,-7,2,-11,0,-1,-3,1,2,-11,-12,4,-2,15,goodbye
11.008753299713137,-5,-10,-6,-11,6,2,3,-9,-9,-15,-13,-6,-18,0,goodbye
11.023891687393188,-23,-10,-10,-11,-3,-3,1,-4,-18,-14,-16,-8,-17,-15,goodbye
11.023891687393188,-16,0,-2,-8,0,1,0,5,-2,-3,-9,-3,-7,-19,goodbye
11.03903865814209,0,2,3,-3,7,6,1,3,-8,5,11,5,0,-5,goodbye
11.03903865814209,0,0,7,1,-4,0,1,0,-40,0,19,18,10,7,goodbye
11.055668115615845,0,1,4,6,-7,0,11,7,-22,0,14,22,17,6,goodbye
11.055668115615845,4,4,4,3,-1,2,9,4,18,-5,6,15,-3,-2,goodbye
11.06973648071289,1,2,-7,-2,-15,-5,-13,-11,8,-35,-4,-2,-20,-10,goodbye
11.085193157196043,-4,-1,-11,0,-17,-7,-18,-14,-8,-29,0,-8,0,-12,goodbye
11.085193157196043,0,-1,0,2,0,-1,-4,-2,5,12,22,7,17,-3,goodbye
11.101811408996582,1,2,0,3,1,-5,-5,-1,8,20,22,7,9,0,goodbye
11.101811408996582,0,3,1,1,1,-12,-13,-6,-11,-3,3,-3,1,-6,goodbye
11.101811408996582,0,-2,0,-4,0,-10,-6,-5,-17,-10,-1,0,0,-10,goodbye
11.115954875946043,-3,-3,0,-7,-6,-4,-3,-1,-3,-11,-11,0,-8,-6,goodbye
11.131287574768066,0,9,11,2,5,3,-4,1,9,-9,-17,-5,-13,-1,goodbye
11.131287574768066,16,20,16,15,18,4,1,4,20,13,1,4,2,7,goodbye
11.146687507629396,26,21,21,24,15,0,2,10,26,33,20,19,21,22,goodbye
11.146687507629396,18,16,17,30,17,7,5,12,22,32,20,14,23,26,goodbye
11.16270661354065,3,4,2,17,15,14,14,7,9,25,13,3,12,14,goodbye
11.16270661354065,-7,-5,-3,1,0,5,9,4,0,10,-8,-4,-1,-1,goodbye
11.178128480911257,-9,-8,-2,5,-6,0,0,2,-3,-6,-23,-13,-12,-4,goodbye
11.178128480911257,-4,-10,0,3,-3,5,0,0,-1,-8,-11,-9,-14,4,goodbye
11.194191455841064,-2,-10,-3,-7,-5,4,8,0,0,4,2,0,-3,8,goodbye
11.194191455841064,-3,-1,-5,-1,0,0,9,-5,-3,2,2,0,5,-4,goodbye
11.210305452346802,0,3,3,8,11,0,5,-4,-6,-6,-4,-2,5,-11,goodbye
11.210305452346802,1,-5,1,-2,9,0,6,1,-1,1,-7,-4,0,0,goodbye
11.225913524627686,-5,-15,-6,-19,-5,-4,1,0,-8,0,-8,-8,-9,-1,goodbye
11.225913524627686,-11,-8,-14,-19,-8,-1,-6,-8,-17,-20,-14,-12,-19,-16,goodbye
11.241153717041016,-2,0,-13,-3,1,5,-2,-4,-5,-14,-12,-7,-10,-9,goodbye
11.241153717041016,2,-7,-2,-13,-2,3,1,0,3,6,4,4,5,9,goodbye
11.25710415840149,-7,-19,-14,-40,-19,-7,-5,-8,-9,1,4,0,5,4,goodbye
11.25710415840149,-11,-7,-13,-21,-16,-10,-13,-7,-19,-18,-8,-8,-3,-11,goodbye
11.272361278533936,-1,14,6,18,-1,-1,-7,7,-3,-9,1,-1,0,-7,goodbye
11.272361278533936,2,11,0,11,-1,0,2,8,16,13,19,5,17,4,goodbye
11.28810715675354,1,0,-6,-6,-3,0,9,1,19,17,18,9,21,7,goodbye
11.28810715675354,7,5,2,7,1,1,7,0,9,1,7,5,4,3,goodbye
11.303677797317505,4,11,5,7,0,-1,-2,0,0,-11,-2,-7,-11,0,goodbye
11.303677797317505,-4,2,0,-9,-5,-10,-8,0,1,-6,-9,-10,-6,0,goodbye
11.320343017578123,0,-3,-2,-5,-4,-7,-2,1,2,1,-14,0,-4,2,goodbye
11.320343017578123,4,2,2,2,0,4,0,4,0,-6,-16,4,-11,1,goodbye
11.33594012260437,3,8,6,0,2,6,0,5,7,-9,0,5,-7,3,goodbye
11.33594012260437,6,5,11,3,3,-5,-9,0,9,-1,9,13,-3,9,goodbye
11.35196089744568,10,3,12,11,-1,-12,-17,-2,0,0,3,20,-3,10,goodbye
11.35196089744568,4,-3,-1,3,-5,-3,-14,-3,-4,0,4,6,3,0,goodbye
11.368011474609377,-8,-9,-4,-1,8,5,-7,-3,-6,3,5,-14,5,-13,goodbye
11.368011474609377,-15,-7,-9,4,16,5,-2,-4,-10,2,6,-10,8,-18,goodbye
11.383747339248655,-9,-6,-12,-3,-4,1,5,-3,-12,-10,13,7,10,-16,goodbye
11.383747339248655,0,-6,-4,-11,-13,8,15,0,-10,-15,6,0,-3,-16,goodbye
11.399756908416748,0,0,0,7,8,5,9,0,-13,-7,-3,-17,-15,-12,goodbye
11.399756908416748,3,5,10,14,17,-5,1,0,-16,0,1,0,-3,-1,goodbye
11.399756908416748,12,8,21,12,10,1,13,0,-3,15,11,18,9,10,goodbye
11.41513466835022,15,20,23,27,15,14,18,1,7,31,8,9,4,17,goodbye
11.430673837661743,11,25,23,32,19,7,6,0,3,24,4,10,0,11,goodbye
11.430673837661743,4,15,14,14,13,2,2,-5,2,13,4,13,3,1,goodbye
11.445776224136353,-3,6,8,5,4,7,6,-4,5,9,0,-2,0,4,goodbye
11.445776224136353,-5,1,-1,5,-1,5,4,2,8,5,-17,-18,-7,16,goodbye
11.461888551712036,-9,-14,-12,-10,-7,0,-3,5,12,0,-35,-21,-9,11,goodbye
11.461888551712036,-25,-33,-18,-35,-20,0,-10,2,3,-11,-39,-23,-13,-3,goodbye
11.47796893119812,-28,-38,-32,-42,-26,-1,-1,0,-2,-13,-25,-24,-9,-11,goodbye
11.47796893119812,-15,-28,-32,-34,-15,-8,2,3,3,-11,-15,-16,1,-10,goodbye
11.493157863616943,-3,-15,-19,-23,-16,-12,-7,6,3,-13,-10,-5,7,-7,goodbye
11.493157863616943,12,-3,-7,-9,-30,-23,-17,0,-1,-9,6,12,16,7,goodbye
11.508742809295654,34,4,12,2,-14,-25,-16,0,14,0,33,31,27,19,goodbye
11.508742809295654,32,17,13,6,18,-1,-3,8,36,6,37,28,28,12,goodbye
11.524771213531494,15,22,4,7,16,16,8,7,29,9,23,18,22,4,goodbye
11.524771213531494,0,6,-2,1,-8,4,6,-2,1,5,15,11,10,1,goodbye
11.540109634399414,-10,-10,-6,-7,0,-3,7,-4,-16,-6,6,-6,-10,-6,goodbye
11.540109634399414,-4,0,6,4,26,18,19,0,-16,-7,-4,-14,-18,-6,goodbye
11.55585241317749,3,12,8,25,22,26,18,0,-11,3,-5,-9,-10,3,goodbye
11.55585241317749,-11,4,-2,10,0,-1,-7,0,-9,-2,-1,-8,-21,-1,goodbye
11.570921897888184,-18,3,-6,-2,-4,-12,-16,0,0,-9,1,-11,-24,-19,goodbye
11.570921897888184,0,13,4,14,3,0,-3,0,10,4,6,0,1,-13,goodbye
11.586782932281494,3,14,12,17,3,0,0,-2,0,5,-2,11,4,0,goodbye
11.586782932281494,-10,0,-4,-5,-8,-13,-2,-11,-30,-12,-24,-4,-20,-7,goodbye
11.601693391799929,-15,-8,-16,-7,-16,-12,0,-13,-53,-15,-25,-19,-23,-15,goodbye
11.601693391799929,-3,7,-3,10,-9,0,0,-3,-49,0,-1,-5,-4,-3,goodbye
11.616826057434082,8,13,5,14,1,13,-12,-3,-20,8,10,10,4,6,goodbye
11.616826057434082,12,-5,11,4,7,16,-17,-6,9,12,6,23,5,7,goodbye
11.631892204284668,15,-14,14,0,10,14,-8,0,24,14,8,29,8,7,goodbye
11.631892204284668,15,-8,15,-7,9,4,-4,8,34,8,14,18,14,6,goodbye
11.6479389667511,2,-9,13,-20,8,-10,-10,7,41,1,14,3,23,6,goodbye
11.6479389667511,-10,-11,0,-23,4,-29,-11,-3,19,-13,0,-9,13,-5,goodbye
11.664023399353027,-16,-5,-6,-16,-5,-32,0,-8,-17,-29,-18,-27,-8,-24,goodbye
11.664023399353027,-13,0,-4,-8,-5,-14,16,1,-14,-13,-4,-24,-2,-11,goodbye
11.680124044418337,0,6,3,-1,4,-3,18,8,10,5,14,0,14,19,goodbye
11.680124044418337,11,19,3,7,0,1,12,8,6,4,4,3,4,15,goodbye
11.695333003997805,7,17,-8,19,-2,13,20,10,-6,10,0,-3,-6,-1,goodbye
11.695333003997805,5,5,1,25,4,19,16,14,-3,13,7,5,-5,4,goodbye
13.553776502609251,-6,5,-6,-1,-7,-13,-6,4,-10,-13,-19,-11,-13,-13,sil
13.553776502609251,-2,8,6,2,-1,6,-15,3,-1,1,5,6,-5,-3,sil
13.56890058517456,0,11,11,11,2,3,-13,-3,0,1,10,16,-12,-1,sil
13.56890058517456,5,14,11,15,6,-2,-4,0,8,2,2,19,-15,1,sil
13.584030866622925,14,18,16,9,13,6,-3,9,15,17,14,19,0,12,sil
13.584030866622925,13,11,12,4,13,8,-7,3,15,29,33,14,12,15,sil
13.600045442581177,0,8,8,12,1,0,-6,-2,16,30,29,7,15,6,sil
13.600045442581177,-5,9,1,7,-3,-4,4,-1,10,29,17,-2,17,-1,sil
13.615769386291504,-8,0,-2,-10,-3,-5,5,-1,-5,14,12,-6,10,-5,sil
13.615769386291504,-5,-8,0,-2,-4,0,0,-4,-10,-4,3,1,4,-1,sil
13.631789445877075,0,-4,-1,9,-1,14,0,0,-3,-4,-12,0,6,0,sil
13.646804094314575,-7,-7,-11,-4,2,15,5,5,-1,-2,-22,-15,3,-5,sil
13.646804094314575,-15,-17,-15,-11,0,0,14,3,0,-12,-17,-25,-3,-4,sil
13.646804094314575,-4,-17,0,-6,-1,-7,14,0,6,-14,-9,-10,-3,1,sil
13.66198205947876,1,-18,-3,-14,-2,-7,0,0,8,-6,-7,0,3,3,sil
13.66198205947876,-4,-26,-24,-18,-7,-14,-7,1,1,-1,-11,-13,6,0,sil
13.679019212722778,0,-19,-8,-9,-10,-13,-4,2,-2,0,-8,-9,0,-4,sil
13.679019212722778,16,1,10,0,-4,3,0,5,0,3,13,22,5,0,sil
13.694103002548218,22,13,6,0,6,9,-2,4,-1,-3,27,33,7,8,sil
13.694103002548218,10,12,-3,-13,0,-10,-1,-1,-17,-15,12,14,0,2,sil
13.71012043952942,6,21,-3,-5,-5,-15,3,-10,-18,-9,5,10,3,-1,sil
13.71012043952942,12,33,9,21,9,11,3,-4,-2,4,15,18,5,3,sil
13.725944757461548,5,19,8,25,19,26,6,0,6,2,14,3,-8,1,sil
13.726943969726562,-4,3,6,19,11,10,8,0,-1,-5,3,-13,-14,0,sil
13.742163181304932,1,14,22,40,10,4,3,0,-9,1,-1,-8,-6,7,sil
13.742163181304932,0,3,8,41,2,15,3,-3,-2,2,-16,-8,-9,6,sil
13.756670236587524,-19,-30,-18,-6,-14,13,2,-7,0,-7,-40,-26,-23,-5,sil
13.771796226501465,-23,-38,-27,-39,-18,-7,-2,-1,1,-1,-46,-41,-23,-14,sil
13.77278971672058,-18,-28,-22,-27,-20,-24,-9,2,12,13,-39,-33,-13,-18,sil
13.77278971672058,-19,-21,-14,-14,-21,-14,-14,4,26,17,-22,-6,-4,-10,sil
13.787014722824097,-5,-4,-11,-18,-2,-4,-15,6,22,15,6,12,13,2,sil
13.802969217300417,12,16,2,-18,9,-12,-13,3,-4,5,22,29,27,6,sil
13.802969217300417,11,23,19,-3,1,-11,-12,0,-17,-4,16,29,12,5,sil
13.818914651870728,1,19,17,10,1,7,-7,0,-2,-2,17,12,-5,5,sil
13.818914651870728,5,9,13,14,11,20,11,0,7,1,29,3,2,4,sil
13.83377194404602,12,1,14,14,11,7,20,-2,5,0,29,10,16,5,sil
13.83377194404602,11,5,18,6,2,-13,0,-3,2,-6,18,16,16,10,sil
13.848849534988403,11,11,3,-4,0,-9,-12,0,0,-13,11,13,15,5,sil
13.848849534988403,12,5,-5,-12,5,1,-4,0,-6,-15,5,8,4,-3,sil
13.863991498947144,4,5,5,-12,6,0,2,0,-15,-16,-1,1,-9,-8,sil
13.863991498947144,-8,5,4,-4,4,3,7,-5,-18,-8,-7,-14,-9,-16,sil
13.880187749862673,-19,-11,-1,0,0,6,12,-8,-8,0,-4,-26,-15,-25,sil
13.880187749862673,-22,-19,-9,2,0,-8,12,-2,-1,0,-5,-27,-27,-18,sil
13.895778894424438,-16,-5,-21,8,0,-11,11,1,-14,-8,-25,-33,-23,-7,sil
13.895778894424438,-8,0,-19,14,0,7,4,1,-18,-6,-35,-29,-15,-6,sil
13.91110110282898,-4,-4,-13,15,-2,24,3,3,1,11,-13,-4,-2,1,sil
13.91110110282898,3,0,1,11,1,23,8,16,18,27,9,20,18,26,sil
13.92692232131958,8,0,11,12,7,18,18,16,29,35,16,22,26,35,sil
13.92692232131958,5,-7,0,8,-1,11,15,-1,36,29,11,6,16,20,sil
13.94203519821167,8,-4,0,-3,-17,-4,-5,-5,25,9,1,7,13,15,sil
13.94203519821167,20,1,6,-12,-15,-24,-17,4,12,5,4,26,24,20,sil
13.958725452423096,19,0,5,-16,-3,-26,-17,2,4,13,11,36,21,11,sil
13.958725452423096,8,-4,-3,-23,-8,-15,-24,-7,-4,-5,12,12,0,-6,sil
13.973889112472534,5,-6,-6,-16,-11,-14,-26,-12,-14,-30,11,-18,-18,-17,sil
13.973889112472534,1,0,8,10,4,-12,-14,-11,-22,-33,0,-16,-15,-16,sil
13.98993968963623,-9,9,4,18,8,-5,-7,-9,-30,-30,-23,-6,-11,-12,sil
13.98993968963623,-15,6,-5,0,0,1,-9,-5,-37,-28,-31,-14,-22,-16,sil
14.00508427619934,-12,1,5,3,3,17,0,-1,-30,-7,-15,-11,-20,-11,sil
14.00508427619934,-13,-5,4,17,1,18,6,0,-6,16,-6,1,0,7,sil
14.02019453048706,-4,-8,-4,-5,-3,5,10,1,15,13,-14,0,8,9,sil
14.02019453048706,10,3,-3,-19,0,11,17,5,20,0,-1,4,10,0,sil
14.036242246627808,4,7,0,-8,3,14,10,7,16,2,20,18,18,0,sil
14.036242246627808,0,-1,0,-12,4,-1,8,9,19,11,21,13,17,0,sil
14.051396369934082,17,3,3,-12,11,-11,16,9,14,10,21,8,10,-3,sil
14.051396369934082,13,15,8,4,9,-11,3,6,-2,1,28,18,3,-1,sil
14.073431015014648,-10,6,-2,10,0,-13,-11,0,-7,-4,14,2,-4,-7,sil
14.07443141937256,-9,2,-2,7,0,-8,-4,-3,-8,-15,0,-22,-12,-13,sil
14.07443141937256,0,12,7,10,4,-1,-3,-5,-13,-13,8,-17,-11,-1,sil
14.082187414169312,-13,0,-4,6,0,-6,-10,-2,3,-1,7,-8,-7,6,sil
14.09716010093689,-13,-11,-8,0,-2,-1,0,2,22,0,-14,-11,-11,-2,sil
14.09716010093689,0,5,-2,9,5,20,12,3,9,4,-24,-15,-18,-6,sil
14.112834215164185,-5,8,-7,20,7,25,8,0,0,16,-16,-13,-20,2,sil
14.112834215164185,-19,-18,-5,4,-4,9,4,-1,11,13,-15,-12,-11,6,sil
14.126991033554075,-13,-20,-5,-10,-9,5,15,-7,12,13,-19,-24,-2,1,sil
14.126991033554075,0,0,-3,-7,-1,17,18,-4,-4,19,-17,-18,-2,0,sil
14.1427903175354,9,-8,3,-9,-2,14,9,0,-2,6,-18,3,-1,9,sil
14.158990859985352,11,-27,2,-21,-8,-6,-5,-3,5,-2,-20,5,9,14,sil
14.158990859985352,2,-19,-9,-22,-9,-8,-21,0,0,18,-5,3,19,4,sil
14.175756216049194,7,-4,-8,-8,-10,0,-21,4,3,23,10,17,26,1,sil
14.175756216049194,21,0,9,-5,-6,-15,-10,1,8,-18,4,22,25,14,sil
14.175756216049194,8,0,9,-23,-4,-25,-9,1,-11,-37,0,19,11,9,sil
14.190648078918455,-2,0,1,-22,-3,-23,-8,4,-19,-15,15,17,1,-6,sil
14.190648078918455,14,8,10,7,7,-19,-4,2,-14,-15,21,8,4,-5,sil
14.205256938934326,16,27,6,22,12,-5,-9,-4,-21,-33,15,1,6,-5,sil
14.220723628997805,0,36,6,18,5,0,-6,-7,-24,-27,18,3,0,-10,sil
14.220723628997805,0,25,14,21,6,-9,7,0,-8,-8,23,6,0,-5,sil
14.236669063568115,7,4,2,15,12,-10,4,0,0,4,16,6,2,0,sil
14.236669063568115,0,6,1,20,8,2,-5,-2,1,8,14,9,3,1,sil
14.252782344818115,-4,25,9,45,7,12,-3,-4,2,7,22,5,6,1,sil
14.253772974014282,-5,15,3,33,4,17,-1,-3,0,5,23,8,2,-6,sil
14.268283605575562,-4,-5,0,-4,-4,14,2,0,0,7,8,15,-5,-5,sil
14.268283605575562,-1,-7,3,-6,-5,8,10,0,-1,10,-12,12,-15,2,sil
14.283557415008543,-4,-9,5,7,-2,8,5,1,0,6,-17,9,-27,-1,sil
14.283557415008543,-6,-15,1,7,-7,18,6,2,11,5,-9,5,-26,-6,sil
14.29992699623108,-2,-12,4,0,-8,17,12,0,14,7,-7,-3,-10,0,sil
14.29992699623108,0,-15,6,-3,-7,0,7,2,11,8,-12,-10,-1,7,sil
14.315723896026611,0,-22,-4,-5,-4,-5,6,5,16,15,-10,-12,0,11,sil
14.315723896026611,-6,-18,-7,-14,0,10,17,5,16,26,-8,-18,3,5,sil
14.330958366394045,-20,-15,-18,-28,0,19,17,0,12,18,-18,-36,0,-5,sil
14.330958366394045,-25,-21,-31,-30,-1,2,6,0,14,1,-32,-43,-3,-1,sil
14.346168994903564,-15,-17,-24,-21,3,-1,2,9,14,3,-28,-26,0,6,sil
14.346168994903564,-1,-3,-22,-16,1,0,-2,8,9,6,-15,-22,4,-2,sil
14.361803531646729,2,3,-24,-21,0,-11,-9,-1,0,-6,-15,-31,1,-8,sil
14.361803531646729,0,0,-24,-37,8,-20,-4,-4,-6,-9,-18,-27,1,0,sil
14.376854658126833,0,0,-22,-48,5,-20,-7,-1,-9,-5,-13,-13,3,-3,sil
14.376854658126833,0,5,-13,-28,-6,-22,-25,-2,-5,-19,-3,0,4,-14,sil
14.39211893081665,0,7,0,-2,-3,-19,-25,-5,-11,-25,-2,1,-2,-11,sil
14.39211893081665,6,15,19,-1,4,-5,-6,-6,-25,-23,-5,3,-12,1,sil
14.407753705978394,13,26,25,4,3,-1,0,-2,-21,-19,13,18,0,9,sil
14.407753705978394,9,20,18,30,-1,-11,-10,0,-11,-8,36,35,15,4,sil
14.422895431518556,9,18,31,40,-4,-13,-17,-2,-19,-2,30,37,4,-2,sil
14.422895431518556,27,30,42,34,0,0,0,-7,-19,-8,33,42,0,9,sil
14.438480377197266,35,18,37,28,8,9,17,-3,-1,0,55,52,20,22,sil
14.438480377197266,23,0,27,37,10,12,14,2,7,15,52,48,26,12,sil
14.454402923583984,15,12,25,51,5,15,-4,0,8,9,29,42,11,6,sil
14.454402923583984,9,21,19,42,-1,14,-11,0,3,3,9,25,0,3,sil
14.470006942749023,-12,-7,-7,13,-12,4,0,0,-11,0,-9,-16,-9,-14,sil
14.470006942749023,-27,-34,-21,-6,-13,1,7,-1,-17,-15,-19,-34,-20,-23,sil
14.485722541809082,-21,-27,-15,-8,-3,6,3,0,1,-4,-19,-16,-14,-14,sil
14.485722541809082,-15,-13,-11,-1,3,3,5,5,11,24,-21,-13,0,-11,sil
14.50127649307251,-7,-5,-3,3,3,10,18,8,8,22,-18,-15,3,0,sil
14.50127649307251,-1,-7,-1,2,6,21,26,4,23,12,-13,-5,0,15,sil
14.516924858093262,-10,-21,-7,-11,5,4,10,0,22,16,-15,-8,0,8,sil
14.516924858093262,-22,-25,-21,-30,-7,-12,-15,-3,-9,0,-18,-27,0,-6,sil
14.533032178878784,-17,-10,-30,-31,-12,-6,-15,0,-13,-18,-13,-33,1,-5,sil
14.533032178878784,-2,4,-6,-16,0,2,2,6,12,-3,2,-10,14,5,sil
14.548728227615356,5,3,2,-4,7,3,6,2,11,6,5,2,19,10,sil
14.548728227615356,-1,-2,-9,-7,2,0,0,-3,2,-1,-12,-11,-3,3,sil
14.563950300216677,-3,-5,-10,-22,-1,-3,4,4,28,5,-10,-17,-15,0,sil
14.563950300216677,3,-2,-12,-33,-3,-10,0,14,36,10,7,1,-2,7,sil
14.57999348640442,0,12,-9,-18,-4,-7,-5,4,0,-4,-2,6,-10,5,sil
14.57999348640442,-2,29,3,4,0,8,15,-11,-14,1,-14,-9,-21,0,sil
14.595681190490724,7,13,9,0,1,7,19,-6,5,22,-8,-8,-23,0,sil
14.595681190490724,9,-8,0,-9,0,-8,-13,5,5,13,-4,8,-32,0,sil
14.611823081970217,8,1,0,13,10,-8,-29,-1,-3,0,10,19,-22,1,sil
14.611823081970217,19,14,19,31,16,0,-10,-6,4,3,31,24,0,7,sil
14.62735104560852,18,-1,6,10,-1,-7,3,-2,4,-1,14,11,-2,-1,sil
14.62735104560852,4,-15,-13,-19,-20,-21,-4,-5,-21,-27,-11,-3,-5,-18,sil
14.643148422241213,3,1,2,-16,-14,-13,-17,-10,-45,-45,0,4,13,-13,sil
14.643148422241213,3,13,9,6,-1,-1,-10,-9,-36,-29,16,11,30,-3,sil
14.659298658370972,-9,0,0,11,3,-5,-3,0,-8,-7,6,0,37,-12,sil
14.659298658370972,-8,-2,7,8,14,0,-5,0,0,-2,5,0,46,-13,sil
14.675028085708618,4,18,25,18,18,11,-1,-7,-9,-4,14,11,37,1,sil
14.675028085708618,0,15,16,16,2,8,-4,-2,-14,0,5,10,11,2,sil
14.693119525909424,-6,-5,-6,2,-8,3,-7,10,-9,1,2,-2,0,0,sil
14.693119525909424,2,0,5,7,0,9,11,9,-12,-3,4,-1,0,6,sil
14.706140518188477,3,9,12,20,1,2,27,0,-11,-3,-12,-5,-11,0,sil
14.706140518188477,-12,-1,-7,8,-2,-1,14,1,-1,5,-21,-16,-24,-4,sil
14.72168755531311,-8,-8,0,0,-1,11,5,9,12,16,-5,-8,-17,6,goodbye
14.72168755531311,8,-2,11,17,0,11,12,7,24,21,2,0,-2,13,goodbye
14.737704277038574,3,1,-3,22,2,6,14,1,20,17,0,-9,-6,5,goodbye
14.737704277038574,-11,-3,-20,-3,1,12,12,2,17,15,1,-5,-12,5,goodbye
14.75375247001648,-15,-26,-21,-30,-13,0,-4,1,28,18,0,5,-4,7,goodbye
14.75375247001648,-18,-40,-15,-35,-23,-13,-22,-1,29,12,-9,-1,-5,0,goodbye
14.76981282234192,-12,-28,-15,-24,-9,-4,-3,0,20,9,-10,-2,-10,2,goodbye
14.76981282234192,4,-12,-5,-10,1,0,14,3,24,10,-4,12,-2,15,goodbye
14.785017728805542,0,-5,-5,-10,0,-2,0,-3,18,1,-5,5,2,8,goodbye
14.785017728805542,-8,2,-12,-19,-1,-5,-20,-7,-4,-14,-8,-5,0,-16,goodbye
14.80056619644165,6,16,8,-20,-1,-19,-21,0,-19,-29,2,8,-2,-24,goodbye
14.80056619644165,14,23,19,-4,0,-23,-11,-5,-30,-34,11,1,-3,-17,goodbye
14.8160879611969,3,27,12,16,15,6,-5,-11,-30,-19,1,-14,-8,-7,goodbye
14.8160879611969,8,28,8,33,23,30,-2,-1,-12,-4,0,-3,-6,3,goodbye
14.832053661346436,14,12,4,33,12,16,11,-1,-6,-4,2,0,0,5,goodbye
14.832053661346436,4,0,2,14,8,7,30,0,-8,10,-9,-8,3,1,goodbye
14.847563982009888,6,3,1,3,10,14,26,13,11,31,-4,4,17,13,goodbye
14.847563982009888,19,7,4,1,0,3,2,10,20,19,17,27,31,29,goodbye
14.863669157028198,27,1,10,-3,-3,-13,-3,-3,3,2,27,31,34,29,goodbye
14.863669157028198,21,-2,9,-9,-3,-26,-7,-4,-8,-1,26,20,28,10,goodbye
14.878743648529053,0,1,6,-3,-15,-28,-26,0,-14,-15,24,8,11,-13,goodbye
14.878743648529053,-16,8,-3,11,-12,-14,-25,0,-17,-19,13,-7,-3,-23,goodbye
14.894008874893188,-19,0,-11,9,2,-9,-1,-1,-16,-5,-5,-25,-18,-25,goodbye
14.894008874893188,-25,-14,-9,-8,1,-2,14,-2,-15,-10,-24,-28,-35,-33,goodbye
14.910277843475342,-24,-20,-6,-11,-3,14,19,-5,-5,-13,-30,-24,-32,-22,goodbye
14.910277843475342,-11,-7,0,0,0,15,16,-2,3,10,-26,-11,-14,0,goodbye
14.926190376281738,-13,1,-10,2,-2,8,0,-2,0,14,-22,-2,-12,2,goodbye
14.926190376281738,-23,-9,-23,-12,-9,14,-15,-3,-5,-4,-18,-15,-23,-7,goodbye
14.942173480987549,-14,-20,-10,-19,-7,17,-8,5,1,11,-12,-21,-21,-2,goodbye
14.942173480987549,1,-13,-1,0,0,18,4,6,18,26,-9,-2,-6,14,goodbye
14.95767855644226,7,-5,4,8,2,14,6,0,30,-3,-6,11,13,22,goodbye
14.95767855644226,5,-7,7,-13,-6,-4,9,1,29,-10,7,3,33,14,goodbye
14.973366498947144,9,-7,5,-15,-6,-13,5,4,22,15,16,0,33,6,goodbye
14.973366498947144,20,5,9,10,2,-5,-10,1,16,13,17,18,23,16,goodbye
14.989866495132446,25,13,7,15,1,-9,-13,0,10,-6,25,30,21,18,goodbye
14.989866495132446,13,12,1,0,0,-15,-11,0,-7,-5,28,20,18,0,goodbye
15.005687713623049,7,21,-1,6,4,-18,-22,1,-24,3,17,15,11,-8,goodbye
15.005687713623049,20,20,9,10,5,-17,-21,5,-17,-6,2,28,1,5,goodbye
15.020946025848389,24,0,22,-9,2,-3,-2,1,3,-22,0,26,-11,9,goodbye
15.020946025848389,4,-3,10,-10,5,0,10,-4,3,-12,6,0,-19,-8,goodbye
15.035916566848757,-18,12,0,12,10,-13,8,-7,-19,-1,0,-16,-26,-25,goodbye
15.035916566848757,-18,10,0,13,7,0,1,0,-23,-8,-9,-7,-29,-12,goodbye
15.05134105682373,-4,0,0,-3,9,30,7,7,-6,-5,-2,1,-15,10,goodbye
15.05134105682373,-2,0,0,-2,16,27,20,3,-2,4,-4,-8,-5,0,goodbye
15.06697678565979,-16,-13,-13,2,6,0,18,-8,-7,0,-23,-29,-8,-21,goodbye
15.06697678565979,-27,-26,-19,-1,-9,-3,8,-7,-13,0,-22,-27,-11,-14,goodbye
15.082141876220703,-24,-9,-15,4,-11,20,8,0,-9,13,-9,-20,-8,-5,goodbye
15.082141876220703,-14,0,-15,10,-8,19,6,3,8,10,-13,-21,-2,-9,goodbye
15.097729921340942,-8,-6,-9,-4,-11,-2,2,8,22,-4,-18,-16,6,-2,goodbye
15.097729921340942,-3,0,-6,-11,-9,-9,8,3,13,1,-8,-14,14,5,goodbye
15.113409280776978,0,8,2,3,-1,-4,7,-3,2,14,6,-5,19,9,goodbye
15.113409280776978,7,6,8,14,-3,0,0,0,7,9,20,20,27,18,goodbye
15.128960609436035,14,8,1,5,-8,4,-1,4,14,3,13,20,29,18,goodbye
15.128960609436035,12,4,2,-8,0,3,-6,0,9,1,-5,0,22,5,goodbye
15.144543886184692,8,-14,0,-4,9,-8,-11,-6,8,-1,0,-9,17,0,goodbye
15.144543886184692,21,-20,0,0,3,-12,-11,-4,11,0,14,5,16,5,goodbye
15.16020679473877,27,-3,9,-15,-1,0,-12,2,2,6,6,24,19,8,goodbye
15.16020679473877,14,11,7,-11,0,0,-17,2,-12,-1,9,25,18,8,goodbye
15.175881385803224,12,20,8,13,0,-20,-17,-1,-11,-8,25,20,13,7,goodbye
15.175881385803224,15,16,20,8,-2,-25,-7,-4,-1,0,23,24,10,0,goodbye
15.191027164459229,3,2,17,-30,-11,-8,-11,-3,-11,-7,10,27,-2,-9,goodbye
15.206202268600464,1,1,1,-29,-10,4,-18,-1,-22,-28,4,18,-27,-13,goodbye
15.206202268600464,2,4,-1,12,11,0,-1,-1,-10,-20,10,10,-36,-9,goodbye
15.221815586090088,-19,0,7,19,16,-3,11,0,-10,-3,3,-4,-43,-9,goodbye
15.221815586090088,-33,-3,-5,-6,1,13,10,0,-18,-6,-21,-28,-74,-17,goodbye
15.221815586090088,-18,-8,-12,0,3,22,18,0,-1,-9,-31,-35,-94,-19,goodbye
15.236921787261965,-14,-14,1,28,16,7,14,8,13,4,-18,-26,-84,-9,goodbye
15.252105236053469,-27,-12,-4,22,11,2,0,6,7,25,-14,-22,-71,0,goodbye
15.252105236053469,-22,1,-12,2,0,21,11,0,7,34,-16,-19,-26,6,goodbye
15.26817226409912,-5,6,-13,1,0,27,31,0,4,23,-10,-26,53,7,goodbye
15.26817226409912,-7,-13,-20,0,-1,0,9,1,-3,1,-15,-28,79,-2,goodbye
15.28374481201172,-14,-29,-20,-7,-9,-21,-18,3,7,-5,-24,-4,53,-5,goodbye
15.28374481201172,-1,-11,-9,-3,-12,-10,-5,4,21,8,-15,5,65,8,goodbye
15.299880981445312,16,11,4,-8,-3,-9,12,1,12,13,0,2,81,15,goodbye
15.299880981445312,21,10,4,-18,-2,-17,0,-3,7,-2,5,10,51,9,goodbye
15.315434217453005,22,2,2,-11,-8,0,-10,-6,7,-18,6,18,13,9,goodbye
15.315434217453005,25,3,10,1,-3,7,-6,-2,4,-20,18,21,4,10,goodbye
15.331125020980837,25,3,9,6,2,-11,-6,1,9,-8,30,30,16,4,goodbye
15.331125020980837,23,3,13,7,0,-13,-1,3,12,7,23,40,25,4,goodbye
15.346673727035522,19,6,22,8,-1,-2,16,2,8,16,21,34,22,12,goodbye
15.346673727035522,6,11,13,-5,-2,-1,9,0,-1,6,23,15,10,12,goodbye
15.36186695098877,-11,17,7,-20,-6,5,-8,-5,-29,-12,0,-2,-14,0,goodbye
15.36186695098877,-15,18,5,-12,-3,12,-2,-10,-42,-22,-18,-20,-31,-9,goodbye
15.377400398254396,-5,16,1,-2,4,6,-6,-7,-24,-17,0,-17,-26,-8,goodbye
15.377400398254396,-9,4,-15,-2,3,6,-25,0,-10,-13,19,-4,-30,-11,goodbye
15.39344334602356,-26,-11,-34,2,0,5,-26,0,-21,-19,-2,-17,-48,-25,goodbye
15.39344334602356,-28,-9,-17,22,3,7,-15,-1,-27,-10,-13,-25,-46,-29,goodbye
15.40885615348816,-7,0,3,38,13,11,-5,2,-2,10,14,-5,-19,-12,goodbye
15.40885615348816,16,-5,11,29,24,2,7,7,22,20,13,3,-2,4,goodbye
15.424038410186768,25,-7,10,18,26,-2,23,12,26,32,-15,0,0,10,goodbye
15.424038410186768,19,-3,11,31,17,6,27,5,26,38,-3,5,6,15,goodbye
15.440267086029053,7,-14,11,23,5,0,14,-6,18,8,9,1,12,12,goodbye
15.440267086029053,-3,-24,-4,-22,-9,-18,0,-5,0,-13,-26,-17,-2,-3,goodbye
15.455702304840088,-12,-16,-13,-46,-21,-18,-4,0,-2,-8,-47,-12,-28,-10,sil
15.455702304840088,-20,-14,-13,-31,-26,-6,-5,0,4,-13,-24,-5,-24,-5,sil
15.471075057983398,-26,-20,-24,-25,-27,-6,-2,0,-4,-27,-15,-24,-6,-10,sil
15.471075057983398,-19,0,-11,-25,-14,-3,0,5,-4,-8,-11,-13,0,-4,sil
15.486738681793211,-3,31,13,-7,0,8,4,5,7,31,19,20,23,17,sil
15.486738681793211,5,27,17,4,-2,7,11,0,0,29,37,22,42,22,sil
15.50181007385254,13,8,8,-4,-2,3,17,-1,2,0,19,10,29,13,sil
15.50181007385254,15,1,0,-21,3,3,10,-3,20,3,6,8,20,9,sil
15.517171144485474,8,6,7,-14,-1,1,-7,-1,13,20,12,11,23,5,sil
15.517171144485474,15,17,15,14,0,4,-1,0,4,2,13,22,20,9,sil
15.532753229141235,12,8,1,21,4,0,0,-3,2,-25,-9,13,0,1,sil
15.532753229141235,-18,-13,-15,1,-5,-17,-18,-10,-17,-27,-27,-19,-19,-26,sil
15.54793667793274,-19,-7,-8,-1,-2,-22,-19,0,-20,-2,-15,-19,-8,-26,sil
15.54793667793274,5,1,7,6,11,-12,-13,7,-4,3,-8,7,5,-5,sil
15.563150405883787,1,-13,-5,7,9,-8,-24,-2,-11,-14,-7,11,-9,-10,sil
15.563150405883787,-3,-15,-11,12,6,0,-24,-6,-21,-18,12,9,-19,-12,sil
15.578659534454346,10,2,0,15,7,19,-8,2,-10,-4,19,14,-12,3,sil
15.578659534454346,10,4,-2,18,2,23,5,0,0,0,11,-4,-13,11,sil
15.594752073287964,7,0,5,21,6,15,17,-4,0,-2,24,-18,-10,8,sil
15.594752073287964,13,9,19,6,13,14,20,0,0,0,25,-14,-5,5,sil
15.61098337173462,6,11,9,-12,6,14,16,4,3,5,-1,-12,-4,10,sil
15.61098337173462,-11,1,0,-14,-5,9,18,9,5,2,-25,-8,3,12,sil
15.626010179519652,-26,-9,-11,-9,-11,-1,14,4,1,5,-33,-8,5,-4,sil
15.626010179519652,-19,-5,-9,0,-1,-11,7,0,0,19,-25,-13,1,-16,sil
15.641656398773192,5,5,5,13,12,-3,14,3,6,23,-9,-3,10,-2,sil
15.641656398773192,12,-1,1,8,4,4,2,1,9,7,-3,12,6,2,sil
15.657084226608276,4,-7,-6,-1,-6,4,-20,0,8,-4,0,17,-4,0,sil
15.672226905822754,12,5,-4,2,0,0,-4,6,11,-4,12,6,7,12,sil
15.672226905822754,13,15,6,-1,-2,-7,19,7,8,-7,18,-4,17,16,sil
15.672226905822754,-11,3,0,-16,-16,-10,7,-5,0,-8,8,-9,3,-2,sil
15.687934637069702,-27,-15,-19,-23,-15,-18,-19,-12,-4,-6,-5,-7,-3,-16,sil
15.704056978225708,-13,-19,-8,-19,-7,-31,-27,1,7,0,4,8,9,-10,sil
15.70505690574646,9,-7,7,-3,-5,-19,-11,13,22,20,39,23,29,3,sil
15.70505690574646,13,-3,4,-1,-2,5,-6,0,12,19,35,20,15,11,sil
15.7187020778656,2,-3,-1,-16,-3,10,-11,-11,-7,-6,-2,4,-16,1,sil
15.73387575149536,0,11,5,-7,-6,6,-4,-5,-14,-17,-15,-8,-23,-12,sil
15.73387575149536,0,16,12,13,4,4,8,0,-19,-2,-11,-7,-15,-18,sil
15.74994969367981,0,-3,4,12,16,-2,5,-8,-17,0,-10,0,-14,-15,sil
15.74994969367981,3,-7,5,4,8,-5,-15,-10,-10,-20,-5,15,-11,-1,sil
15.76567316055298,0,6,3,5,-3,3,-18,-1,-14,-22,-8,14,-5,11,sil
15.76567316055298,-12,6,-10,9,0,10,17,-1,-10,3,-21,-12,-4,9,sil
15.78101682662964,-14,2,-2,11,10,19,33,0,10,18,-23,-22,-3,7,sil
15.78101682662964,-3,0,5,13,11,23,9,4,18,12,-10,-7,-2,9,sil
15.797999620437622,1,-4,-6,15,7,11,3,4,10,11,1,-7,-7,4,sil
15.797999620437622,0,0,-4,10,1,6,23,3,4,10,3,-21,-5,4,sil
15.797999620437622,1,6,0,-7,-6,2,19,5,0,3,-3,-15,7,5,sil
15.811665296554564,6,-2,-1,-24,-9,-18,-5,6,1,2,1,6,17,1,sil
15.827017545700071,6,-16,-8,-25,-6,-27,-22,4,9,-2,19,17,11,-2,sil
15.827017545700071,12,-4,-3,-12,-1,-7,-28,2,-1,-25,13,11,1,-6,sil
15.842430591583252,26,18,16,4,4,4,-12,0,-20,-32,0,5,6,-5,sil
15.842430591583252,20,22,20,12,6,-10,-1,-7,-23,-18,17,6,14,-7,sil
15.858947515487673,0,11,6,7,0,-26,-19,-7,-18,-18,24,9,0,-14,sil
15.858947515487673,-13,0,-7,10,-5,-8,-15,0,-4,-9,3,-1,-10,-4,sil
15.874831199645996,-16,-8,-2,9,-5,20,16,0,4,23,-9,-12,-2,8,sil
15.874831199645996,-9,-3,3,8,1,26,26,4,3,36,-9,-6,-2,-3,sil
15.8901686668396,0,0,-8,16,9,16,19,10,9,20,-7,0,-6,-4,sil
15.8901686668396,-3,-6,-11,1,5,7,13,6,12,6,-9,0,0,16,sil
15.905729293823242,-12,-12,-8,-23,-7,0,5,-2,7,6,-14,-4,9,18,sil
15.905729293823242,-13,-23,-12,-18,-9,0,4,-3,11,9,-17,-10,1,0,sil
15.921925067901611,-11,-30,-8,-11,-5,8,5,1,14,4,-14,-4,-5,-5,sil
15.921925067901611,-2,-7,-6,-19,-9,0,-2,-2,11,1,-2,2,13,6,sil
15.937324047088625,6,17,1,-16,-6,-20,-15,-3,16,8,12,13,30,16,sil
15.937324047088625,9,12,9,-3,11,-16,-15,1,22,8,22,24,16,4,sil
15.953335762023926,8,4,4,-1,12,-6,-10,-2,5,-5,22,13,-5,-10,sil
15.953335762023926,-1,14,4,-1,-5,-9,-14,-8,-16,-14,12,-1,-15,-16,sil
15.969070672988892,-18,10,-6,4,-2,-1,-16,-1,-15,-9,-9,-12,-25,-26,sil
15.969070672988892,-25,-12,-15,-1,1,14,-4,0,-12,-15,-32,-35,-47,-36,sil
15.984951734542848,-19,-11,-8,-5,-5,14,11,-9,-24,-18,-20,-39,-39,-19,sil
15.984951734542848,1,6,3,12,3,5,21,-4,-12,2,5,-1,4,17,sil
16.000987768173218,25,2,14,17,14,6,18,12,13,16,-1,16,14,31,sil
16.000987768173218,24,-7,6,3,-4,5,11,8,9,1,-17,-1,-1,16,sil
16.017094612121582,19,-2,2,0,-12,-5,-2,1,0,-15,8,12,18,16,sil
16.017094612121582,26,1,13,-4,1,-13,-8,6,13,-3,42,46,42,26,sil
16.03272771835327,28,9,21,-2,2,-16,-2,-2,6,7,36,35,20,10,sil
16.03272771835327,22,23,34,21,0,-14,-6,-8,-26,-7,23,18,5,-4,sil
16.048146724700928,9,22,23,31,2,-7,-13,0,-21,-14,27,19,13,-1,sil
16.048146724700928,-6,16,5,19,1,-2,-7,0,-1,0,18,7,0,-5,sil
16.064175605773926,-4,21,16,34,9,0,-3,-9,-17,0,2,-1,-12,-11,sil
16.064175605773926,7,14,18,36,18,0,-4,-5,-25,-9,0,7,1,-2,sil
16.084810495376587,-2,-3,-1,2,3,5,6,2,1,0,-13,-3,2,0,sil
16.085810661315918,-19,-9,-22,-9,-6,16,14,0,7,1,-33,-28,-13,-7,sil
16.085810661315918,-18,-10,-26,-7,0,20,7,0,-12,-2,-20,-19,-9,-7,sil
16.095855474472046,-19,-21,-23,-24,0,20,5,4,-4,12,-8,-11,-5,-6,sil
16.11093306541443,-26,-29,-25,-27,-7,13,-1,2,19,19,-28,-33,-18,-11,sil
16.11093306541443,-22,-15,-26,-15,-2,2,-12,3,22,9,-33,-32,-12,-5,sil
16.12624478340149,-20,-6,-28,-16,4,4,4,5,16,21,-13,-16,8,-2,sil
16.12624478340149,-28,-20,-26,-26,0,7,17,0,8,21,-17,-32,-1,-10,sil
16.141466856002808,-29,-27,-26,-45,-15,-1,2,3,8,-8,-35,-41,-22,-10,sil
16.141466856002808,-20,-27,-31,-59,-21,-12,3,8,20,-4,-34,-24,-18,-5,sil
16.15709400177002,-8,-24,-16,-39,-13,-11,6,0,8,3,-28,-9,-15,-7,sil
16.15709400177002,5,-6,-2,-5,-3,-11,-6,-8,-6,-16,-11,0,-9,-1,sil
16.173081874847412,16,2,5,-2,0,-17,-10,-4,1,-12,10,14,3,13,sil
16.173081874847412,20,5,19,-5,-3,-13,-2,0,3,2,21,24,11,23,sil
16.188676595687866,23,17,23,11,-1,-3,0,0,2,0,34,31,26,21,sil
16.188676595687866,33,24,33,25,8,-1,0,0,10,3,49,39,39,14,sil
16.204217195510864,43,29,40,27,9,-12,-9,6,7,13,45,42,33,17,sil
16.204217195510864,42,41,33,40,5,-16,-15,1,5,7,41,40,25,19,sil
16.219917058944702,33,43,37,53,16,9,-7,-3,2,4,46,34,20,8,sil
16.219917058944702,20,27,29,43,24,23,4,-3,-10,0,38,27,6,6,sil
16.235158681869507,5,13,11,28,12,2,12,-1,-15,-13,18,19,-6,5,sil
16.235158681869507,1,8,7,30,3,-2,11,-6,-13,-14,5,4,-9,-8,sil
16.250978708267212,1,6,9,33,3,6,-6,-7,-21,-10,0,-3,-10,-14,sil
16.250978708267212,-12,0,4,21,-3,3,-14,0,-22,-14,-12,-1,-15,-10,sil
16.265997409820557,-29,-19,-12,-5,-10,-2,0,-5,-21,-15,-19,-14,-19,-19,sil
16.265997409820557,-33,-31,-28,-38,-10,-3,0,-11,-22,-11,-26,-29,-17,-31,sil
16.2822048664093,-21,-17,-24,-29,-5,5,0,0,-1,0,-24,-20,-10,-18,sil
16.2822048664093,-7,-1,-8,-1,2,20,12,8,15,5,-12,-13,-8,3,sil
16.29833483695984,-10,-12,0,-10,3,12,8,2,3,1,-15,-23,-13,1,sil
16.29833483695984,-12,-21,-8,-19,-1,0,0,1,1,2,-22,-26,-7,-1,sil
16.314080953598022,-5,-8,-13,-11,-6,3,0,9,14,6,-16,-12,0,7,sil
16.314080953598022,-13,-8,-15,-28,-11,5,2,8,13,3,-21,-13,-7,0,sil
16.329113006591797,-16,-19,-25,-37,-13,-5,4,5,7,3,-31,-22,-14,-13,sil
16.329113006591797,-7,-16,-21,-15,-9,-8,0,4,2,2,-20,-11,-7,-1,sil
16.344776153564453,-8,-10,-16,-9,-4,-4,-6,-6,2,2,-5,-7,1,1,sil
16.344776153564453,-9,-6,-9,-15,-1,-3,2,-11,1,9,-6,-15,5,-6,sil
16.359954833984375,-3,0,-6,-8,-4,-2,10,-2,0,2,-13,-8,4,-3,sil
16.359954833984375,0,0,-9,-10,-6,-7,-8,0,-2,-4,-2,4,2,1,sil
16.375643014907837,12,5,9,-6,2,-16,-23,0,-1,12,27,20,10,14,sil
16.375643014907837,25,18,18,14,9,-12,-8,1,8,23,36,28,23,27,sil
16.390807390213013,18,15,10,20,4,-2,0,1,10,3,15,18,20,12,sil
16.390807390213013,15,9,21,14,8,2,-7,0,1,-5,14,16,18,1,sil
16.405889987945557,26,16,30,26,19,5,-7,-4,3,9,39,30,31,22,sil
16.405889987945557,28,24,25,33,17,4,8,-1,11,9,36,32,25,29,sil
16.42150092124939,17,18,13,23,12,1,22,10,13,3,11,14,9,8,sil
16.42150092124939,0,6,4,16,9,2,16,11,16,9,1,-2,4,-3,sil
16.436748266220093,-11,1,0,9,1,10,1,0,4,2,1,-6,-7,-9,sil
16.436748266220093,-14,-1,-7,-1,-9,7,-3,-4,-17,-14,-4,-11,-22,-19,sil
16.453026056289673,-9,-10,-2,-11,-12,3,-3,-3,-21,-20,-11,-8,-18,-15,sil
16.453026056289673,0,-15,-3,-12,-2,8,3,-2,-7,-14,-4,0,-11,0,sil
16.467695951461792,-2,-15,-14,-10,-2,3,11,-2,-4,-18,-5,-6,-20,-9,sil
16.467695951461792,-16,-15,-13,-15,-14,-3,1,-4,-14,-23,-27,-25,-34,-31,sil
16.4831862449646,-15,-7,-9,-14,-8,3,-5,-3,-9,-8,-29,-21,-29,-17,sil
16.4831862449646,0,5,3,-1,6,11,5,3,11,8,-3,5,-4,10,sil
16.498713970184326,2,2,5,1,0,-2,8,5,17,6,4,6,9,4,sil
16.514804124832153,-8,-8,-5,-6,-9,-14,-6,-2,-12,-6,-12,-12,-2,-11,sil
16.514804124832153,-9,0,-5,-1,-1,-6,-16,-2,-31,-6,-13,-5,-9,-4,sil
16.530902862548828,0,9,-1,6,0,-9,-11,0,-5,2,2,12,7,11,sil
16.530902862548828,3,7,7,6,-4,-20,-8,0,12,6,5,14,13,13,sil
16.530902862548828,0,2,7,1,-2,-17,-14,-2,0,10,4,2,2,0,sil
16.546186923980713,-10,-9,-13,-13,-5,-11,-15,-2,-12,3,0,-13,-2,-17,sil
16.56283187866211,-16,-16,-17,-18,-6,-2,-4,-2,-11,-17,-12,-14,-2,-14,sil
16.56283187866211,-7,-4,-4,0,4,14,6,-3,-6,-17,0,-5,2,1,sil
16.56283187866211,2,5,8,7,11,15,5,1,3,8,20,1,8,7,sil
16.577263593673706,7,12,16,13,8,6,7,10,21,22,17,12,14,3,sil
16.592767238616943,20,17,11,19,8,8,10,9,25,15,16,18,19,7,sil
16.592767238616943,30,9,10,-2,3,12,6,7,12,8,16,10,14,18,sil
16.60985255241394,21,2,11,-5,0,9,7,4,3,8,0,-2,5,20,sil
16.60985255241394,9,6,12,25,8,7,2,-4,0,7,-11,1,0,14,sil
16.60985255241394,4,4,5,13,11,6,-6,-6,-2,5,-1,10,7,12,sil
16.624067306518555,3,-5,-7,-25,-1,0,0,-2,-2,2,6,5,15,12,sil
16.64019465446472,1,-4,-5,-14,-5,-5,7,-1,-8,-1,2,0,6,3,goodbye
16.64019465446472,-4,1,-3,14,-4,-3,1,-4,0,1,-2,-2,-4,-4,goodbye
16.656249523162842,-13,-4,-9,9,-5,-5,0,-4,16,0,-8,-7,-8,-10,goodbye
16.656249523162842,-17,-12,-14,0,0,-10,5,0,11,-11,-6,-10,-12,-18,goodbye
16.656249523162842,-23,-11,-16,-1,0,-5,6,1,-1,-9,-1,-11,-15,-19,goodbye
16.67217206954956,-20,-11,-5,-9,-3,7,8,3,1,0,-7,-9,-14,-11,goodbye
16.68770456314087,-3,-8,-1,-14,-6,7,5,8,8,3,-4,-1,-6,0,goodbye
16.68770456314087,4,0,0,-2,-5,-7,-9,7,7,8,5,0,-1,2,goodbye
16.703750610351562,2,5,6,8,0,-8,-11,-4,0,9,-2,-7,-2,-3,goodbye
16.703750610351562,2,6,0,9,6,3,0,-8,-5,-3,-14,-5,-4,-6,goodbye
16.703750610351562,4,6,-1,7,4,9,1,1,-1,-13,-9,4,0,3,goodbye
16.71976113319397,6,2,3,5,-1,8,0,3,0,-4,-2,5,4,7,goodbye
16.71976113319397,4,-5,3,-6,-5,-3,-3,0,-11,-1,-3,1,-1,-4,goodbye
16.7360942363739,-5,-16,-6,-26,-9,-16,-6,0,-18,-12,-3,-1,-7,-13,goodbye
16.7360942363739,-10,-17,-14,-27,-6,-12,-4,-3,-11,-18,-1,-5,-2,-7,goodbye
16.749736785888672,0,-1,0,-13,0,-10,-12,-1,-9,-19,-3,-2,-1,-3,goodbye
16.765400648117065,0,2,0,-12,0,-14,-20,-1,-19,-14,-6,0,-3,-8,goodbye
16.765400648117065,-8,-1,-4,-15,-4,-5,-9,-7,-20,-6,2,2,0,-6,goodbye
16.780792236328125,0,6,10,5,0,8,1,-4,-1,1,21,11,10,7,goodbye
16.781178951263428,22,22,18,24,15,10,1,0,10,7,26,20,15,20,goodbye
16.79674196243286,30,33,19,13,22,0,-3,0,0,9,23,23,13,14,goodbye
16.79674196243286,15,35,21,20,12,-3,-9,2,-2,11,17,16,3,0,goodbye
16.811939239501953,3,16,11,38,5,10,1,6,11,20,1,2,-3,2,goodbye
16.811939239501953,8,-4,7,23,7,24,20,6,18,24,-6,-5,0,12,goodbye
16.8280291557312,5,-12,1,0,1,11,20,3,16,16,-5,-10,7,7,goodbye
16.8280291557312,-15,-17,-7,-1,-9,0,9,-4,7,4,-14,-14,-6,-2,goodbye
16.84408712387085,-26,-19,-16,-3,-14,9,7,-9,-2,-1,-19,-19,-14,-4,goodbye
16.84408712387085,-14,-11,-16,-9,-13,7,4,0,3,2,0,-16,4,0,goodbye
16.859744548797607,-6,-1,-6,-8,-11,-5,-4,7,20,9,14,0,15,5,goodbye
16.859744548797607,-15,-8,-14,-10,-14,-13,-7,2,8,2,0,-4,1,0,goodbye
16.87504529953003,-22,-21,-19,-19,-15,-10,-6,-4,-8,-13,-14,-23,-11,-13,goodbye
16.87504529953003,-9,-7,-4,-4,-3,0,6,-3,10,-17,0,-12,-11,-10,goodbye
16.890331268310547,12,14,9,21,11,9,20,5,30,0,15,15,-1,2,goodbye
16.890331268310547,23,19,22,11,17,12,16,12,20,18,13,33,8,12,goodbye
16.90599012374878,23,9,13,-8,9,1,0,4,2,12,6,28,7,14,goodbye
16.90599012374878,20,0,3,0,-1,-17,-12,-4,-18,-16,-6,9,-3,4,goodbye
16.92120623588562,7,-3,0,4,-1,-18,-10,0,-29,-19,-15,-3,-3,-5,goodbye
16.92120623588562,-4,-5,-9,-4,6,-1,-3,0,-14,0,-3,-3,6,0,goodbye
16.936721801757812,-5,0,-3,-3,8,0,-12,-8,-17,-8,0,-3,0,0,goodbye
16.936721801757812,3,1,3,0,0,-9,-9,-10,-33,-23,-12,-13,-5,-9,goodbye
16.95204186439514,11,-4,1,-3,-5,-2,8,-1,-20,-7,-9,-10,4,-3,goodbye
16.95204186439514,2,-2,0,2,1,11,10,6,0,5,0,-1,4,0,goodbye
16.968055248260498,-11,-1,-5,2,8,6,2,3,-1,-5,-6,-8,-11,-13,goodbye
16.968055248260498,-14,-8,-10,-12,0,-5,-6,-2,-13,-11,-19,-14,-16,-18,goodbye
16.98396611213684,-13,-5,-10,-8,-4,0,-19,-6,-18,-4,-11,-6,-7,-7,goodbye
16.98396611213684,-14,0,-4,-2,5,10,-16,-3,-10,3,0,-3,-5,-3,goodbye
16.999977827072144,-14,-1,0,-7,7,4,5,0,8,18,1,-1,-4,-3,goodbye
16.999977827072144,-12,-3,-2,0,0,1,10,0,21,27,12,8,3,5,goodbye
17.01604390144348,0,8,0,9,-2,2,-3,1,24,10,23,14,6,14,goodbye
17.01604390144348,15,18,5,2,-2,-3,4,5,28,1,17,11,9,17,goodbye
17.031461477279663,10,4,7,-3,-5,0,9,2,27,14,9,13,13,17,goodbye
17.031461477279663,-3,-11,4,-7,-13,4,-8,0,14,10,7,9,13,7,goodbye
17.047098875045776,-10,-13,-14,-15,-23,-11,-7,0,6,-6,-5,-12,3,-10,goodbye
17.047098875045776,-7,-13,-18,-16,-20,-17,6,1,13,-6,-18,-16,-4,-13,goodbye
17.063151121139526,0,-7,-9,-4,-17,0,-4,0,20,6,-6,0,-1,0,goodbye
17.063151121139526,5,4,3,1,-15,-5,-21,-5,7,-4,4,3,-5,0,goodbye
17.078691720962524,11,7,21,3,10,-17,-14,-3,-7,-28,4,0,-11,-7,goodbye
17.078691720962524,17,6,16,6,31,-6,-5,1,-8,-24,11,6,3,-5,goodbye
17.09476113319397,10,18,9,5,15,0,-5,-2,-20,-17,13,5,5,-8,goodbye
17.09476113319397,4,23,17,12,7,-2,8,-6,-35,-26,7,-1,-13,-12,goodbye
17.111015796661377,8,17,21,30,18,8,29,4,-19,-11,6,6,-11,1,goodbye
17.111015796661377,6,14,19,37,20,23,29,14,-1,20,1,14,5,13,goodbye
17.127033233642578,2,9,15,31,18,27,24,5,-10,30,-4,0,10,11,goodbye
17.127033233642578,3,3,10,26,13,27,25,2,-18,27,-5,-9,5,16,goodbye
17.143094778060913,0,-2,-3,18,4,24,26,9,0,26,-5,-8,4,26,goodbye
17.143094778060913,0,-9,-11,2,3,20,21,4,14,18,-6,-10,8,22,goodbye
17.158777236938477,2,-10,-8,-8,3,15,4,-2,16,14,-6,-1,10,13,goodbye
17.158777236938477,-4,-15,-24,-15,-5,-3,-10,-5,16,13,-8,9,4,5,goodbye
17.173887491226196,-13,-19,-28,-25,-16,-27,-26,-10,-2,-4,-6,0,-5,-7,goodbye
17.173887491226196,-13,-7,-10,-24,-25,-31,-41,-11,-28,-25,0,-12,-10,-20,goodbye
17.19010329246521,-7,-7,-10,-16,-19,-20,-38,0,-21,-25,-2,-6,-8,-19,goodbye
17.19010329246521,-3,-16,-12,-24,-8,-11,-13,7,1,-15,-12,1,-5,-11,goodbye
17.20574975013733,-7,-14,-10,-32,-19,-5,5,3,15,-7,-11,-3,-5,-4,goodbye
17.20574975013733,-9,-12,-8,-25,-23,-5,3,-1,23,3,3,2,0,0,goodbye
17.220816135406494,1,-10,-6,-19,0,-10,0,-2,17,11,14,15,8,-3,goodbye
17.220816135406494,3,0,-10,-16,6,-10,-8,-9,0,-1,0,4,0,-11,goodbye
17.236300706863403,-5,8,-3,0,-5,-1,-15,-8,-4,-13,-13,-9,-14,-13,goodbye
17.236300706863403,-3,12,6,19,3,0,0,6,4,0,2,-6,-5,-8,goodbye
17.25149416923523,4,16,19,23,20,-1,11,9,6,3,11,3,6,0,goodbye
17.25149416923523,0,5,16,8,15,8,5,-3,5,-8,-8,-1,-1,0,goodbye
17.26668095588684,-7,-10,-4,-4,4,7,1,-9,6,-9,-9,-15,-7,-8,goodbye
17.26668095588684,0,-3,0,4,3,-4,2,1,10,-3,12,-7,0,-3,goodbye
17.281840324401855,6,13,13,21,6,-1,4,7,7,1,14,9,4,14,goodbye
17.281840324401855,1,9,0,6,-1,-3,0,0,-11,2,0,-6,-7,3,goodbye
17.2973952293396,-5,-2,-7,-13,-9,-14,-16,-3,-29,-8,-9,-21,-16,-19,goodbye
17.2973952293396,0,5,5,-1,0,0,-12,3,-21,-16,-8,1,0,-6,goodbye
17.313053369522095,8,13,18,11,9,22,17,7,-12,-5,1,16,13,13,goodbye
17.313053369522095,5,4,7,2,2,17,21,-1,-13,4,12,2,7,7,goodbye
17.32878351211548,3,1,4,2,-2,4,-5,-4,-12,0,7,5,2,4,goodbye
17.32878351211548,12,13,16,15,1,0,-7,4,2,4,4,26,9,20,goodbye
17.343960762023926,19,16,19,17,7,0,15,7,24,34,23,28,22,29,goodbye
17.343960762023926,14,6,18,5,4,7,19,0,18,37,28,18,25,21,goodbye
17.360036611557007,4,-2,6,6,1,11,10,-2,-4,4,1,4,13,6,goodbye
17.360036611557007,4,-4,-9,10,6,7,7,3,-5,-12,-17,-4,0,0,goodbye
17.3758807182312,8,-1,-9,4,3,7,3,2,8,0,-5,0,0,2,sil
17.3758807182312,-2,-4,-14,0,-7,7,2,-3,8,6,0,-7,-2,0,sil
17.391005992889404,-15,-11,-14,-5,-10,-1,0,-1,-2,0,-15,-17,-16,-14,sil
17.391005992889404,-14,-19,-8,-9,-8,-5,-15,2,0,1,-19,-12,-22,-23,sil
17.406473636627197,-8,-18,-8,-3,-8,0,-15,0,15,5,-6,-7,-15,-15,sil
17.406473636627197,-7,-1,-5,-2,1,-1,0,4,21,1,3,-6,-4,0,sil
17.421789407730103,-1,5,-5,-7,16,-12,4,4,9,1,9,-1,3,10,sil
17.421789407730103,-1,-1,-5,-7,9,-12,0,-6,-1,2,1,0,-3,1,sil
17.437913417816162,-13,-1,-12,-12,-8,-8,7,-11,0,-9,-13,-11,-17,-14,sil
17.437913417816162,-19,-4,-22,-23,-18,-19,0,-8,-10,-22,-11,-16,-17,-18,sil
17.453164100646973,-10,-8,-6,-17,-15,-19,-23,-3,-29,-21,1,-6,-4,-10,sil
17.453164100646973,0,0,5,3,-3,1,-16,0,-20,-10,0,0,6,-5,sil
17.469056844711304,-1,0,1,-1,5,9,0,-1,-1,-3,-12,0,3,-6,sil
17.469056844711304,0,-10,-2,-16,0,0,-5,-3,0,0,-10,-1,-5,-4,sil
17.48513436317444,10,5,5,0,-1,-1,-1,0,2,5,7,1,0,5,sil
17.48513436317444,13,20,19,20,8,0,8,5,8,11,19,12,14,13,sil
17.501086711883545,5,5,10,17,9,3,3,5,3,9,17,12,17,11,sil
17.501086711883545,0,0,4,6,2,5,0,2,-7,-5,6,1,7,0,sil
17.51666760444641,-4,3,5,0,2,1,8,-2,-11,-13,-7,-4,0,-10,sil
17.51666760444641,-7,-11,-4,-4,-2,0,7,-3,-8,-4,-15,0,0,-2,sil
17.53286838531494,0,-16,-2,-1,-9,2,-2,5,0,0,-8,7,0,12,sil
17.53286838531494,16,4,7,3,-2,0,-3,9,9,2,1,2,6,10,sil
17.547886848449707,22,14,11,0,7,0,-2,6,13,9,2,6,13,6,sil
17.56449842453003,16,4,5,4,11,4,1,6,16,12,1,16,7,13,sil
17.56449842453003,1,0,-7,7,2,9,10,0,12,5,-1,-1,-4,8,sil
17.56449842453003,-3,3,-3,0,-2,9,7,-5,4,-3,-4,-17,-6,-1,sil
17.5798761844635,0,5,1,-3,0,7,1,-4,3,-7,-1,0,0,-3,sil
17.5798761844635,-1,0,-1,-5,-2,-3,-1,-3,-4,-3,4,11,0,-2,sil
17.595389366149902,-3,0,-1,-11,-3,-9,-7,-6,-10,3,10,3,-5,0,sil
17.595389366149902,0,5,-3,-5,1,-5,-6,-9,5,7,14,0,0,-1,sil
17.610985279083252,0,10,0,2,-2,0,0,-1,11,3,13,6,0,-7,sil
17.610985279083252,-1,2,7,-4,-12,0,-1,1,-4,-1,13,7,2,-7,sil
17.62747025489807,-6,-13,3,-10,-9,-2,-17,-7,-15,-10,1,0,-3,-4,sil
17.62747025489807,-9,-16,-2,-1,-1,-3,-17,-3,-16,-12,-7,-2,-15,-6,sil
17.643100023269653,0,2,2,16,6,-6,1,10,-6,-1,7,1,-6,0,sil
17.659043312072754,12,23,15,29,13,-7,6,10,5,2,17,1,6,5,sil
17.659043312072754,10,23,12,32,9,-2,-4,0,-1,2,0,-4,0,0,sil
17.659043312072754,0,5,-2,18,2,0,-3,-5,-22,2,-12,-10,-8,-7,sil
17.67406988143921,-14,-10,-7,1,1,8,6,0,-27,-5,-19,-15,-12,-5,sil
17.688106060028076,-21,-10,-8,3,5,18,22,1,-11,-4,-17,-11,-7,0,sil
17.688106060028076,-10,-2,0,10,10,17,36,6,9,18,-3,3,6,10,sil
17.70514440536499,1,-4,-7,6,6,11,31,11,29,32,-6,3,9,17,sil
17.70514440536499,-1,-8,-22,-5,0,5,12,7,35,23,-15,-11,0,8,sil
17.70514440536499,-5,-9,-15,-24,0,-1,1,4,30,14,-4,-9,4,0,sil
17.721073389053345,0,-21,-9,-36,-8,-4,-1,5,24,7,-6,-2,13,3,sil
17.721705675125122,0,-26,-9,-31,-17,-7,-13,-1,13,-11,-25,-4,2,-2,sil
17.73684072494507,-7,-10,-7,-23,-12,-13,-19,-11,0,-25,-15,-1,-4,-15,sil
17.751147985458374,-6,-5,-7,-29,-9,-15,-22,-13,-17,-26,6,2,1,-10,sil
17.751147985458374,0,-5,3,-32,-11,-10,-27,-10,-28,-33,3,2,0,-6,sil
17.76654887199402,13,16,18,0,0,-3,-16,-7,-21,-23,8,1,-4,-8,sil
17.76654887199402,18,29,27,37,13,3,3,0,-9,7,26,7,0,0,sil
17.78221893310547,8,10,18,37,9,7,11,3,-2,15,13,5,0,10,sil
17.78221893310547,-3,-7,-4,10,-1,3,8,3,6,1,-10,-9,-4,8,sil
17.79775094985962,-4,-9,-10,-7,-13,-1,5,5,16,1,0,-2,4,4,sil
17.79775094985962,4,0,-7,0,-13,-11,-7,1,11,8,25,21,20,4,sil
17.813671350479126,18,20,6,14,-1,-22,-28,-5,-7,0,28,34,17,2,sil
17.813671350479126,23,28,20,11,-1,-18,-30,-12,-20,-12,22,25,0,-4,sil
17.829061269760132,9,13,9,4,-4,-4,-17,-10,-19,-13,16,5,-14,-7,sil
17.829061269760132,-7,5,5,9,9,10,-2,2,-18,-1,0,0,-16,-3,sil
17.84511113166809,-10,7,4,14,17,20,15,8,-20,2,-12,0,-10,-4,sil
17.84511113166809,-8,0,0,4,7,22,20,2,-18,-8,-19,-12,-11,-3,sil
17.861016273498535,-11,-9,2,-1,6,26,20,9,2,1,-16,-15,-6,6,sil
17.861016273498535,-12,-9,-1,-5,11,21,32,15,30,32,-2,-9,6,5,sil
17.87664532661438,-2,-4,-7,-9,6,5,30,5,31,31,-3,-14,3,-1,sil
17.87664532661438,11,-4,-1,6,6,5,14,0,18,13,-9,-18,0,12,sil
17.89236092567444,9,-8,5,15,7,7,11,4,17,9,-9,-8,6,21,sil
17.89236092567444,-2,-15,-7,-14,0,-1,5,-1,21,10,-14,-3,6,4,sil
17.908225059509277,-3,-16,-22,-39,-5,-9,-4,-6,16,2,-13,-2,10,-2,sil
17.908225059509277,-2,-11,-11,-29,-7,-23,-15,0,5,-15,-3,0,10,-3,sil
17.92380142211914,-10,-8,-15,-20,-18,-37,-24,-4,4,-25,0,-2,0,-14,sil
17.92380142211914,-8,-2,-21,-18,-13,-21,-20,-6,11,-13,11,5,4,-16,sil
17.940060138702393,0,16,3,1,8,1,-7,1,-4,-10,26,26,13,-10,sil
17.940060138702393,1,25,16,30,10,2,-13,-3,-35,-25,3,13,-11,-15,sil
17.955222129821777,-1,17,16,39,0,1,-12,-7,-40,-26,-14,-7,-31,-14,sil
17.955222129821777,-5,7,10,24,5,14,10,0,-19,0,2,-3,-8,-2,sil
17.97080421447754,-6,1,0,3,4,14,6,-2,-3,13,9,1,2,2,sil
17.97080421447754,0,4,0,9,-5,2,-15,-2,-2,11,-5,-3,-8,1,sil
17.98594880104065,5,4,0,24,-7,0,-3,6,-5,16,-4,-9,0,10,sil
17.98594880104065,5,-6,1,11,-5,6,15,7,0,26,3,-3,10,21,sil
18.00123906135559,0,-11,3,-7,-9,8,13,2,6,16,0,0,0,15,sil
18.00123906135559,-5,-13,-3,-10,-10,2,8,-4,-6,-6,-8,-8,-14,0,sil
18.01678586006165,-1,-19,-5,-11,-5,0,14,-6,-16,-7,-11,-11,-7,0,sil
18.01678586006165,8,-16,-2,-14,0,0,17,4,9,13,4,3,16,15,sil
18.03276562690735,8,-3,2,-11,5,0,0,5,27,13,12,10,16,13,sil
18.03276562690735,2,2,-2,-10,4,-5,-18,-8,5,-10,-3,-2,-4,-9,sil
18.048349618911743,0,0,-7,-13,-2,-13,-14,-4,-3,-19,-10,-5,-2,-15,sil
18.048349618911743,0,0,3,-14,-2,-13,-5,10,21,-1,10,15,20,2,sil
18.06432580947876,3,10,7,-6,0,-7,-6,3,27,8,24,25,25,11,sil
18.06432580947876,0,10,1,-6,-2,-10,-19,-7,-2,-8,8,9,2,-7,sil
18.088834047317505,-2,2,0,-7,-2,-7,-15,-5,-6,-20,-2,-2,-15,-16,sil
18.088834047317505,12,12,9,10,7,7,8,2,7,0,6,6,-5,0,sil
18.088834047317505,26,22,19,21,14,11,16,6,-7,6,9,18,2,8,sil
18.095844268798828,9,3,4,9,8,6,6,2,-20,-16,-8,2,-12,-2,sil
18.1117479801178,-7,-7,-8,-2,4,3,6,1,-6,-24,-11,-10,-16,-10,sil
18.1117479801178,-3,0,-4,-3,6,0,7,2,1,-2,6,-3,8,-5,sil
18.12714648246765,-6,0,-6,0,5,0,-5,0,1,11,8,-2,15,0,sil
18.12714648246765,-13,1,0,8,1,8,-5,0,5,10,-1,-11,0,1,sil
18.14251208305359,0,9,0,19,3,14,13,1,9,15,2,-11,0,0,sil
18.14251208305359,-2,-1,-12,6,4,10,7,1,7,12,-5,-9,-1,-3,sil
18.15805459022522,-25,-16,-14,-9,-3,9,-6,0,-1,1,-26,-17,-12,-7,sil
18.15805459022522,-20,-11,-3,0,-7,7,4,-4,-11,4,-18,-16,-6,-2,sil
18.17345428466797,0,-9,3,1,-1,1,11,-8,-18,7,-9,-7,-5,3,sil
18.17345428466797,-1,-15,-8,-14,-5,-2,-3,-9,-23,-4,-22,-13,-19,-5,sil
18.189091205596924,-10,-8,-14,-11,-15,-13,-12,-7,-17,-5,-17,-14,-15,-14,sil
18.189091205596924,-5,2,-4,1,-13,-15,0,2,6,9,1,5,5,5,sil
18.20511603355408,6,0,0,0,-3,-9,2,9,17,12,8,19,19,24,sil
18.20511603355408,16,-2,13,-2,-3,-15,-13,2,4,-7,12,23,18,12,sil
18.220261096954346,15,2,15,0,-6,-21,-16,-4,0,-27,21,30,18,2,sil
18.220261096954346,11,10,9,-7,0,-14,-12,-3,-4,-21,27,29,12,5,sil
18.23538875579834,13,23,18,-1,6,-5,-13,2,-13,-4,26,12,-3,-4,sil
18.23538875579834,7,28,16,25,10,5,-2,4,0,-6,9,-7,-22,-15,sil
18.2511203289032,-1,19,10,40,17,28,14,0,15,-10,-7,-9,-22,-9,sil
18.2511203289032,0,7,3,32,19,39,25,0,9,14,-6,-4,-7,-1,sil
18.26692295074463,-3,-9,-7,17,8,22,29,7,14,33,-4,-10,0,2,sil
18.26692295074463,-7,-21,-10,0,0,9,24,6,27,23,-6,-10,3,10,sil
18.28216290473938,0,-13,-18,-18,-8,5,11,1,26,17,2,-1,17,14,sil
18.298155546188354,-3,-13,-22,-29,-19,-9,-11,1,11,11,0,-5,14,8,sil
18.298155546188354,-11,-22,-17,-30,-23,-25,-24,-2,-4,-3,-17,-14,0,0,sil
18.298155546188354,-3,-13,-7,-20,-11,-16,-11,-9,-16,-15,-13,-5,1,-3,sil
18.31417179107666,9,0,11,-9,-2,-4,-2,-1,-22,-14,7,7,7,-2,sil
18.31417179107666,9,-4,15,-6,-4,-13,-15,-2,-24,-17,15,7,4,-3,sil
18.330252408981323,2,1,11,-4,0,-19,-19,-7,-24,-23,3,9,-1,-2,sil
18.330252408981323,4,16,9,7,10,0,0,3,-3,-9,4,11,0,5,sil
18.346293926239014,9,9,1,11,12,12,10,8,11,13,9,5,1,5,sil
18.346293926239014,3,0,-1,1,1,6,0,-3,0,5,-4,-2,-4,-3,sil
18.362187147140503,-2,-2,-4,-1,0,3,-2,-8,0,-6,-15,-11,-8,-8,sil
18.362187147140503,-9,-4,-5,-7,3,6,0,0,9,0,-9,-15,-6,-9,sil
18.377041339874268,-13,3,-9,-13,3,4,0,0,0,0,-9,-7,-4,-10,sil
18.377041339874268,-11,11,-11,-5,2,0,0,0,-8,-5,-18,-6,-8,-10,sil
18.3923454284668,-11,2,-2,-3,5,0,3,5,-3,-3,-15,-3,-12,-9,sil
18.3923454284668,-4,3,3,-1,8,3,9,1,1,7,5,14,0,0,sil
18.40830636024475,13,22,7,14,9,0,1,-1,7,14,29,24,18,12,sil
18.40830636024475,10,14,6,16,7,-1,-1,7,18,14,21,6,12,10,sil
18.42349934577942,-7,-9,-1,11,3,14,12,7,18,17,-5,-11,0,3,sil
18.42349934577942,-2,-6,5,24,8,27,25,2,7,20,-9,-7,2,9,sil
18.439981698989868,6,0,1,19,6,6,18,1,-1,5,2,-4,0,8,sil
18.439981698989868,-2,-13,-9,-17,-16,-28,-1,-5,-9,-18,0,-7,-11,-2,sil
18.455968856811523,-3,-11,2,-17,-28,-31,-19,-9,-13,-27,-5,-7,-10,-1,sil
18.455968856811523,7,1,8,10,-9,-9,-21,-3,-8,-20,-1,-6,-5,3,sil
18.470964670181274,9,2,5,7,4,0,-12,0,-5,-11,0,3,-3,0,sil
18.470964670181274,5,0,-1,0,-3,0,5,0,-3,4,0,13,5,-2,sil
18.487019777297974,2,0,0,0,-8,0,7,2,-2,12,8,6,10,0,sil
18.487019777297974,0,-3,3,-12,-2,-2,-9,0,-2,0,13,3,0,0,sil
18.502084970474243,-8,-7,-8,-11,-3,-4,-11,-4,-2,-8,0,4,-6,-2,sil
18.502084970474243,-12,-5,-10,0,-7,1,-5,-3,0,2,-8,-2,-3,-7,sil
18.51766896247864,-8,0,0,0,-4,12,-8,0,0,4,0,-4,-3,-12,sil
18.51766896247864,-5,1,3,0,0,12,-9,1,-8,-11,-7,0,-9,-12,sil
18.53336334228516,-1,-2,2,6,1,11,3,3,-4,-10,-15,0,-5,-2,sil
18.53336334228516,10,1,3,9,6,17,15,0,13,11,9,5,10,7,sil
18.548905849456787,13,12,11,8,11,11,14,1,11,18,25,19,15,10,sil
18.548905849456787,2,10,6,6,7,-6,8,8,0,2,6,7,8,6,sil
18.56459093093872,1,0,0,5,0,-15,2,1,2,-4,-3,-9,2,6,sil
18.56459093093872,8,1,8,7,-3,-13,-2,0,6,2,7,-3,3,16,sil
19.359149932861328,-13,-14,-3,13,-3,32,23,12,5,24,-6,-18,-10,11,sil
19.359149932861328,-4,0,-7,8,1,26,33,3,14,34,2,-11,11,25,sil
19.37473511695861,-1,0,-4,-5,-6,15,26,-2,12,27,-6,0,15,21,sil
19.37473511695861,-3,-17,-10,-18,-18,9,9,0,6,8,-23,-8,0,9,sil
19.39099097251892,-2,-22,-14,-16,-9,0,-1,2,3,-4,-20,-10,-2,3,sil
19.3918890953064,0,-17,-6,-13,0,-3,-6,-2,4,-11,-4,11,10,1,sil
19.40690970420837,3,-10,-6,-25,-2,-9,-14,-4,7,-7,11,21,25,0,sil
19.40690970420837,14,0,1,-35,-4,-18,-28,0,6,6,21,13,27,0,sil
19.40690970420837,16,9,11,-16,0,-21,-31,-2,10,6,14,10,11,-6,sil
19.422075033187863,7,17,15,6,7,-17,-19,-4,11,-7,5,15,-2,-12,sil
19.43721604347229,5,19,15,4,18,-3,-5,0,0,-8,10,15,0,-12,sil
19.43721604347229,1,0,0,0,12,3,2,0,-13,-4,9,-7,-5,-12,sil
19.453248023986816,-17,-17,-10,1,-1,-6,0,-6,-22,-24,-4,-29,-23,-23,sil
19.453248023986816,-20,-7,-5,2,-5,-6,0,-4,-22,-33,-15,-18,-23,-19,sil
19.468626499176025,2,12,2,8,0,6,7,0,-2,-15,-7,5,-10,2,sil
19.468626499176025,8,14,10,25,2,3,2,2,7,0,1,7,-5,9,sil
19.48414397239685,0,3,4,33,1,-7,-4,1,-5,4,3,-3,1,0,sil
19.48414397239685,10,6,10,25,4,1,-2,0,-18,2,5,0,6,3,sil
19.500276803970337,22,22,17,25,13,16,1,4,-15,-1,8,0,1,5,sil
19.500276803970337,4,16,-1,20,11,15,9,10,-3,5,-1,-12,-2,1,sil
19.515844106674194,-11,-1,-9,1,0,7,17,9,11,20,-11,-12,0,8,sil
19.515844106674194,-4,0,0,1,3,5,18,3,16,27,2,2,3,17,sil
19.531002521514893,0,5,1,4,7,1,13,-2,5,19,7,0,-2,8,sil
19.531508207321167,-7,-7,-8,-8,-5,6,6,-4,0,7,-10,-15,-9,-4,sil
19.54608058929444,-10,-19,-14,-15,-14,9,1,0,5,6,-11,-5,1,1,sil
19.54608058929444,-3,-15,-4,-18,-9,-3,0,0,13,10,-2,14,11,15,sil
19.56181669235229,-4,-18,-7,-21,-11,-17,-4,-8,8,0,-11,2,0,4,sil
19.56181669235229,-12,-22,-9,-18,-13,-13,-14,-8,-6,-17,-20,-5,-13,-11,sil
19.577004432678223,-10,-10,-5,-16,-10,-12,-16,0,-10,-10,-8,13,-6,-7,sil
19.577004432678223,1,-3,-6,-18,-6,-13,-3,2,2,3,5,13,9,3,sil
19.59274411201477,5,-6,0,-13,0,1,3,2,11,-2,4,0,12,5,sil
19.59274411201477,-1,-4,0,-2,4,12,2,6,11,-11,0,-6,4,-1,sil
19.60881018638611,-2,1,0,0,0,2,0,6,7,-5,1,0,2,-9,sil
19.60881018638611,1,8,1,-2,-1,-1,2,1,8,-2,6,4,3,-6,sil
19.624099254608154,-1,9,-2,1,2,0,0,-2,8,-5,10,3,5,-3,sil
19.624099254608154,0,2,2,0,5,-1,-10,-9,-1,0,20,4,14,-4,sil
19.640315055847168,12,1,5,-4,2,0,-7,-11,-7,3,21,1,16,2,sil
19.640315055847168,13,8,4,7,-1,6,0,-3,-9,-6,1,-9,0,6,sil
19.65609383583069,2,12,6,10,4,0,-2,3,-20,-10,-5,-4,-4,-3,sil
19.65609383583069,0,2,0,-5,4,-10,-15,-3,-28,-5,4,9,-4,-14,sil
19.671825885772705,4,3,8,0,-6,-4,-18,-5,-22,-12,0,4,-17,-10,sil
19.671825885772705,12,16,18,25,1,6,-3,3,-6,-10,-3,-2,-17,-1,sil
19.687462329864506,14,14,14,16,15,0,2,4,1,1,7,6,-4,0,sil
19.687462329864506,13,12,16,7,6,-7,-4,1,1,-3,7,16,-3,0,sil
19.703136920928955,12,17,17,27,3,6,0,2,1,-7,-3,10,-6,5,sil
19.703136920928955,-1,3,6,23,7,18,8,3,-1,2,-13,-3,-15,0,sil
19.71866226196289,-20,-15,-13,0,2,10,15,0,0,7,-16,-11,-16,-5,sil
19.71866226196289,-18,-12,-15,2,5,6,22,0,9,15,-12,-10,1,4,sil
19.734745502471924,-11,-8,-8,6,8,11,23,0,13,32,-5,-13,11,14,sil
19.734745502471924,-16,-20,-20,-10,-6,1,17,1,14,27,-5,-21,2,9,sil
19.75019836425781,-10,-21,-17,-13,-13,-10,10,8,19,14,-7,-9,5,7,sil
19.75019836425781,-1,-11,-7,-5,-11,-7,10,6,22,19,-8,0,19,10,sil
19.765453100204468,-2,-17,-14,-20,-15,-5,2,0,25,16,-3,0,21,11,sil
19.765453100204468,2,-7,-7,-28,-6,-6,-7,-1,23,3,13,17,21,10,sil
19.78083300590515,19,15,8,-9,4,-10,-7,-2,6,-4,26,29,20,5,sil
19.78083300590515,16,10,8,-5,0,-16,-13,-5,-16,-18,15,12,-1,-8,sil
19.79614496231079,3,0,0,-8,-4,-3,-20,0,-20,-25,5,-4,-16,-18,sil
19.79614496231079,0,11,-1,0,-3,4,-10,3,-17,-19,4,-6,-7,-14,sil
19.812073945999146,-5,5,0,-2,-7,-3,-1,0,-26,-21,-11,-12,-15,-13,sil
19.812073945999146,-10,-13,-6,-9,1,4,-2,-3,-26,-18,-24,-25,-25,-15,sil
19.827751636505127,-9,-1,-1,-4,11,15,-7,-1,-13,-7,-13,-19,-15,-13,sil
19.827751636505127,-5,22,3,-3,0,-4,-16,-3,-12,-12,0,-1,-8,-12,sil
19.84385108947754,-3,21,1,4,-2,-16,-19,-9,-19,-14,0,3,-5,-5,sil
19.84385108947754,0,8,9,26,13,7,-10,-3,-6,1,4,2,5,4,sil
19.85992765426636,2,0,8,28,16,18,8,6,16,15,13,2,9,7,sil
19.85992765426636,0,-4,3,12,2,6,19,6,18,24,0,0,1,12,sil
19.875519275665283,-5,-12,-2,5,-3,8,23,0,12,19,-12,-2,0,18,sil
19.875519275665283,-7,-23,-14,-1,-3,17,22,0,20,6,-1,-3,5,10,sil
19.89108967781067,0,-21,-8,-13,-3,13,19,7,26,11,2,1,11,9,sil
19.89108967781067,4,-11,-1,-15,-1,-3,8,4,15,18,-4,2,13,15,sil
19.90639328956604,8,-8,0,-10,-1,-21,-11,-4,1,0,-1,3,4,7,sil
19.90639328956604,14,-4,7,-2,-3,-14,-15,-1,0,-11,6,17,0,0,sil
19.922091484069824,12,5,7,5,0,1,0,2,1,-4,13,25,2,0,sil
19.922091484069824,6,17,8,3,3,-1,0,-1,-5,-7,15,16,0,-13,sil
19.93814468383789,14,20,15,4,-2,-4,-14,-4,-7,-11,19,15,2,-14,sil
19.93814468383789,21,18,22,13,0,-5,-13,0,-2,-1,33,31,13,3,sil
19.95376348495484,20,32,25,22,8,-12,-6,2,-8,1,38,33,13,11,sil
19.95376348495484,20,41,24,29,0,-6,-10,-6,-21,-9,14,12,3,0,sil
19.96898055076599,0,17,16,22,-4,1,-13,-8,-26,-23,-14,-7,-16,-14,sil
19.96898055076599,-35,-17,-9,1,-1,-8,-9,-2,-25,-26,-21,-22,-28,-25,sil
19.98463726043701,-41,-32,-26,-6,-11,-8,-1,-1,-21,-15,-23,-32,-13,-19,sil
19.98463726043701,-15,-16,-10,4,-5,13,12,0,-6,4,-25,-22,2,-1,sil
19.999788522720337,-3,2,-8,4,13,18,20,0,7,22,-21,-12,-1,7,sil
19.999788522720337,-13,-1,-27,-18,-1,5,13,1,8,21,-25,-22,-13,4,sil
20.014933109283447,-23,-19,-36,-30,-13,3,9,9,11,12,-35,-41,-12,-1,sil
20.014933109283447,-17,-25,-30,-28,8,7,9,12,28,16,-33,-37,-9,0,sil
20.030845403671265,-6,-26,-27,-36,18,11,16,7,42,26,-25,-23,-5,3,sil
20.030845403671265,-7,-29,-31,-43,0,7,21,4,32,22,-18,-21,1,2,sil
20.046577215194706,-12,-29,-26,-47,-9,-8,10,1,12,7,-14,-20,6,4,sil
20.046577215194706,0,-18,-20,-50,-9,-16,-1,0,14,1,0,-7,13,7,sil
20.06209969520569,18,3,3,-24,-4,-7,-9,0,20,0,30,15,22,10,sil
20.06209969520569,31,26,42,16,5,2,-18,3,1,3,56,37,25,14,sil
20.077720642089844,35,38,48,30,6,2,-16,0,-16,1,61,40,21,10,sil
20.077720642089844,31,38,35,28,-5,-3,-9,-7,-11,-20,42,42,6,3,sil
20.099859714508057,21,28,34,44,-3,-5,-10,-4,-8,-33,30,46,-1,4,sil
20.099859714508057,11,24,37,54,12,-3,-9,-3,-19,-21,31,34,3,0,sil
20.10979533195496,0,22,25,39,13,-5,-14,-9,-32,-18,14,17,-5,-15,sil
20.10979533195496,-13,3,0,30,-3,-8,-23,-10,-38,-30,-15,1,-26,-27,sil
20.1249258518219,-11,-6,1,36,-4,1,-10,0,-31,-18,-25,-8,-22,-20,sil
20.14082908630371,-5,2,8,36,12,18,10,2,-13,1,-14,-6,-7,-4,sil
20.14082908630371,-14,-10,-4,16,7,17,11,-6,-12,-5,-23,-5,-14,-4,sil
20.14082908630371,-26,-27,-17,-3,-17,3,11,-2,-15,-8,-39,-19,-22,-9,sil
20.15675973892212,-16,-16,-22,-13,-16,0,13,4,3,11,-30,-31,-7,0,sil
20.15675973892212,-8,-14,-19,-22,-4,2,4,0,13,21,-18,-28,-3,2,sil
20.17236566543579,-8,-22,-13,-23,1,11,8,1,13,22,-10,-12,0,4,sil
20.17236566543579,3,-8,-7,-11,12,11,22,13,32,28,2,2,22,22,sil
20.187988996505737,5,-2,-12,-22,-9,-6,9,8,28,13,-3,-2,17,22,sil
20.187988996505737,-2,-12,-19,-35,-34,-15,1,6,9,9,-5,-10,8,8,sil
20.203705310821533,11,-4,-1,-19,16,0,13,16,24,26,22,12,29,14,sil
20.203705310821533,26,9,5,-5,49,5,1,3,37,14,34,23,31,11,sil
20.21921873092652,14,7,-3,-19,-4,-17,-24,-11,7,-12,14,3,0,-6,sil
20.235289096832275,2,3,2,-29,-26,-32,-16,-2,-11,-14,3,0,-5,-12,sil
20.235289096832275,2,3,3,-26,-2,-23,-9,0,-6,-16,7,10,1,-5,sil
20.25099492073059,7,15,6,-5,-1,-8,-21,-3,1,-16,11,16,-3,1,sil
20.25099492073059,9,31,13,26,4,4,-9,0,8,6,14,12,0,0,sil
20.25099492073059,-2,13,3,15,13,6,0,-9,-8,9,1,-6,3,-11,sil
20.26673722267151,-10,-2,-2,-7,-2,1,-11,-14,-27,-12,-13,-16,-12,-9,sil
20.26673722267151,-2,12,2,16,0,4,-2,0,-8,-9,0,-6,-14,0,sil
20.28190755844116,-5,13,10,28,10,5,14,3,7,4,5,-2,-4,-3,sil
20.298080921173096,-13,-8,-2,2,-4,6,12,-3,-2,1,-14,-9,-9,-7,sil
20.298080921173096,-2,-14,-11,4,-16,12,10,-3,-14,-8,-22,-12,-18,-4,sil
20.298080921173096,0,-7,4,19,-5,8,12,1,-22,-12,-10,-6,-19,-7,sil
20.31272268295288,-7,-3,6,9,0,4,7,1,-17,-4,0,3,-4,-5,sil
20.327823638916016,3,-2,10,9,3,13,5,2,0,3,7,12,9,8,sil
20.327823638916016,11,0,13,30,11,21,11,2,11,6,6,7,3,11,sil
20.343441009521484,0,-3,0,18,7,10,7,0,2,3,-8,-5,-7,2,sil
20.343441009521484,-11,-18,-12,-18,-8,0,1,0,-6,-7,-18,-11,-8,2,sil
20.35896944999695,-16,-28,-22,-28,-14,-5,1,3,0,-5,-10,-15,0,0,sil
20.35896944999695,-15,-13,-15,-18,-5,-12,-3,0,3,8,-8,-9,6,-7,sil
20.3738751411438,-17,0,-10,-11,0,-9,-8,0,-8,0,-16,-4,-8,-10,sil
20.3738751411438,-18,-12,-16,-9,-3,-8,-13,-2,-14,-9,-9,-8,-10,-7,sil
20.389220237731934,7,3,11,0,3,-1,-15,0,6,11,12,6,14,4,sil
20.389220237731934,29,34,17,24,19,6,0,4,25,26,30,20,25,15,sil
20.404747486114506,12,16,-2,10,8,0,3,8,9,1,21,11,8,12,sil
20.404747486114506,1,-3,0,-20,-5,-3,0,6,5,-6,3,5,6,5,sil
20.420142889022827,13,4,0,-7,2,-2,2,-1,23,-2,1,2,10,4,sil
20.420142889022827,11,2,1,7,4,-8,-5,-1,18,-9,3,0,-1,4,sil
20.43592476844788,5,-7,-2,-6,0,-6,-9,1,7,4,3,1,3,1,sil
20.43592476844788,13,-1,-1,-13,0,-5,0,0,12,25,14,11,17,3,sil
20.45094084739685,11,2,15,-9,-3,-15,-6,-1,3,10,10,16,9,8,sil
20.45131516456604,-7,-5,0,-14,-8,-17,-16,-7,-12,-18,-10,2,-5,-6,sil
20.46704697608948,-15,-9,-8,-20,-7,-10,-11,-14,-25,-36,-14,0,-17,-26,sil
20.46704697608948,-4,2,13,-5,-2,0,-4,-6,-22,-20,4,8,-13,-16,sil
20.4826877117157,1,9,2,18,3,8,0,0,-6,12,25,5,5,-1,sil
20.4826877117157,5,8,3,22,6,6,0,0,0,15,23,2,9,0,sil
20.498093128204346,5,14,29,22,0,2,-7,-1,-12,-8,0,-4,-6,-1,sil
20.498093128204346,-7,14,7,11,-5,5,-1,-3,-20,-17,-18,-20,-13,-8,sil
20.513683557510376,-10,2,-6,-1,-2,15,17,0,-10,0,-20,-12,-8,-2,sil
20.513683557510376,2,0,11,15,1,24,30,6,7,15,-15,1,-6,9,sil
20.52975821495056,4,-1,-2,22,-1,22,31,4,-1,10,-11,-10,-7,12,goodbye
20.52975821495056,0,-7,-11,-14,-8,9,23,1,-12,5,-16,-16,0,11,goodbye
20.545735120773315,0,-8,-7,-23,-9,-1,18,6,13,11,-13,-2,5,8,goodbye
20.545735120773315,0,-2,-13,4,-2,-2,11,8,36,9,1,1,4,7,goodbye
20.560818195343018,0,2,-1,9,10,3,0,2,20,5,13,7,8,15,goodbye
20.560818195343018,2,3,-1,2,12,0,0,-1,6,9,18,7,12,7,goodbye
20.576064586639404,0,2,-7,9,2,-10,-7,3,-2,-2,9,2,0,-12,goodbye
20.576064586639404,-5,4,-4,6,3,-12,-18,7,-14,-15,1,-1,-4,-13,goodbye
20.591816663742065,-15,-5,-12,-16,3,-14,-16,0,-5,0,0,-7,0,-8,goodbye
20.591816663742065,-23,-20,-11,-26,-9,-13,-16,-2,9,1,-11,-5,-8,-15,goodbye
20.60789513587952,-15,-20,-12,-4,-8,-5,-20,-7,7,-18,-17,0,-14,-15,goodbye
20.60789513587952,0,-3,0,8,8,4,-15,-6,-2,-19,0,0,-4,-1,goodbye
20.62302255630493,8,7,18,7,15,15,0,0,-1,0,10,1,2,6,goodbye
20.62302255630493,6,-4,2,0,10,12,7,0,-1,4,-6,-6,0,4,goodbye
20.63904428482056,4,-14,-3,-18,0,-3,-5,-4,-12,-10,-14,-5,0,0,goodbye
20.63904428482056,8,1,7,-12,-5,-6,-16,-1,-4,-7,2,4,7,0,goodbye
20.65472316741944,9,17,7,7,0,-2,-2,3,5,10,9,9,7,4,goodbye
20.65472316741944,0,6,4,0,-5,-8,7,4,-3,12,-2,5,-4,0,goodbye
20.67026376724243,-5,-6,-1,-7,-19,-12,0,-3,-13,-4,-8,-5,-16,-8,goodbye
20.67026376724243,0,0,6,4,-10,-2,-1,-5,-4,-15,3,-7,-10,-2,goodbye
20.685397148132324,0,5,4,8,2,4,8,-5,4,-1,8,-1,5,1,goodbye
20.685397148132324,-5,-5,-13,-6,-4,2,3,-6,1,14,0,0,7,-8,goodbye
20.701180696487427,2,-2,-4,-8,-1,4,0,0,0,13,12,6,7,-2,goodbye
20.701180696487427,16,10,10,14,15,2,11,6,5,11,24,8,8,13,goodbye
20.71673274040222,4,1,6,16,5,-2,7,4,2,10,-1,-4,0,7,goodbye
20.71673274040222,-16,-19,-11,-12,-10,-1,-1,3,0,11,-16,-19,0,-7,goodbye
20.73222684860229,-14,-13,-16,-22,-4,1,0,0,0,1,-1,-9,8,-5,goodbye
20.73222684860229,6,10,3,-4,0,5,1,-5,-4,-18,3,13,6,6,goodbye
20.747950553894043,18,19,15,8,3,2,5,0,9,-9,7,28,11,18,goodbye
20.747950553894043,16,16,16,6,6,-3,11,14,22,13,20,28,24,24,goodbye
20.764028549194336,10,13,7,5,4,-1,10,11,18,9,18,17,22,17,goodbye
20.764028549194336,8,15,2,12,2,5,6,0,14,-7,0,6,3,0,goodbye
20.77992296218872,5,13,9,7,1,4,-4,-2,1,-15,-5,-1,-13,-12,goodbye
20.77992296218872,-2,-2,0,0,0,-7,-14,-5,-12,-13,-2,-7,-15,-11,goodbye
20.794902563095093,-10,-2,-1,8,8,-7,-12,-5,-23,-3,-4,0,-14,-11,goodbye
20.794902563095093,-12,6,3,17,10,6,-10,-7,-43,-5,-12,-1,-25,-26,goodbye
20.81007194519043,-14,-4,-5,9,-3,8,-11,-10,-37,-20,-18,-24,-34,-26,goodbye
20.810810089111328,-9,-8,-6,3,-11,5,-3,-2,3,-6,-12,-19,-19,3,goodbye
20.824923038482662,-3,-1,-3,0,-6,1,5,3,19,16,-6,1,0,16,goodbye
20.825923204422,-7,-12,-9,-10,-6,-3,3,4,3,3,-10,0,2,0,goodbye
20.84107494354248,-7,-24,-14,-17,-12,0,3,7,4,-5,-7,-8,6,0,goodbye
20.85718774795532,1,-20,-7,-10,-8,3,2,6,12,14,6,1,9,12,goodbye
20.85718774795532,9,-5,7,-2,0,-6,-6,-2,1,13,17,14,8,4,goodbye
20.85718774795532,13,8,6,2,6,-5,-8,-5,-9,0,15,2,13,-3,goodbye
20.87291502952576,6,11,0,5,7,0,5,0,-16,8,4,-9,10,5,goodbye
20.87291502952576,-4,0,-1,5,1,-4,14,0,-6,11,-9,-11,0,4,goodbye
20.889041662216187,-2,-13,-9,-8,0,-6,9,-2,8,-11,-27,-22,-9,-12,goodbye
20.889041662216187,-5,-14,-21,-33,1,10,5,3,6,-26,-38,-32,-22,-21,goodbye
20.90387344360352,-29,-13,-24,-34,-2,12,7,1,0,-9,-21,-29,-20,-13,goodbye
20.91897392272949,-27,-6,-9,-15,-4,0,4,0,16,16,11,-11,2,4,goodbye
20.91897392272949,8,15,5,6,16,2,8,5,33,23,26,8,25,24,goodbye
20.93416166305542,25,27,11,24,25,0,6,1,19,11,20,16,17,20,goodbye
20.93416166305542,10,8,12,19,-1,-13,-14,-4,-4,1,15,16,2,0,goodbye
20.95019745826721,3,-4,3,8,-16,-8,-19,0,-5,4,17,17,10,0,goodbye
20.95019745826721,10,4,7,13,-2,3,1,2,5,2,10,21,16,8,goodbye
20.965779542922974,3,1,14,8,0,1,4,-5,0,-13,0,20,-1,0,goodbye
20.965779542922974,-12,-11,0,-13,-13,-1,-18,-9,-10,-20,-7,9,-17,-12,goodbye
20.98100471496582,-6,-5,-7,-17,-15,-3,-25,0,-10,-7,-6,2,-10,-10,goodbye
20.98100471496582,15,0,6,-1,-9,-12,-8,7,0,7,8,12,10,5,goodbye
20.996973752975464,15,1,18,8,1,-14,-1,4,5,6,16,22,21,11,goodbye
20.996973752975464,5,16,17,9,16,0,0,5,12,6,8,12,13,4,goodbye
21.012125968933105,5,22,10,8,17,10,10,6,8,14,4,2,5,2,goodbye
21.012125968933105,3,7,6,7,7,5,12,-3,-10,5,6,4,0,1,goodbye
21.0277316570282,0,0,1,5,5,3,0,-12,-24,-8,5,0,-7,-2,goodbye
21.0277316570282,2,6,-1,-5,2,0,-8,-8,-28,-14,0,-7,-12,-6,goodbye
21.04280591011048,1,5,-6,-7,-2,0,-3,0,-22,-16,-8,-7,-12,-7,goodbye
21.04280591011048,-1,0,-8,0,0,3,7,3,-3,-8,-11,-11,-4,-4,goodbye
21.057976722717285,0,4,1,4,2,7,15,8,4,0,-3,-7,1,-2,goodbye
21.057976722717285,-7,0,-2,0,-2,5,11,2,0,-12,-1,0,-1,-5,goodbye
21.07317018508911,-14,-16,-14,-11,-11,-2,0,-6,-4,-24,-11,-6,-13,-5,goodbye
21.07317018508911,-14,-20,-13,-20,-14,-10,-11,-9,-18,-18,-21,-23,-20,-3,goodbye
21.08870530128479,-13,-14,-15,-11,-10,-5,-14,-11,-26,-12,-21,-24,-19,-6,goodbye
21.08870530128479,-6,-10,-6,10,-4,7,-3,-6,-4,-7,-16,-12,-15,-8,goodbye
21.10393977165222,5,-2,0,24,3,16,7,4,14,8,-11,-9,-7,-5,goodbye
21.10393977165222,7,6,7,20,11,9,4,10,17,20,0,-4,6,2,goodbye
21.11993837356568,1,8,12,9,8,2,6,8,24,25,13,6,19,17,goodbye
21.11993837356568,0,5,3,8,2,4,18,7,29,22,16,6,16,19,goodbye
21.135523319244385,0,1,0,7,5,0,15,7,19,16,9,2,6,9,goodbye
21.135523319244385,3,0,2,0,6,-4,4,3,16,20,8,3,4,6,goodbye
21.150803327560425,1,0,3,-2,5,1,7,5,15,25,5,4,2,4,goodbye
21.150803327560425,-9,-6,-1,0,3,8,16,10,10,21,-7,-1,2,-1,goodbye
21.16689729690552,-5,-15,-6,-1,0,0,9,3,15,24,-2,-2,13,7,goodbye
21.16689729690552,8,-4,0,-9,0,-6,-2,0,17,19,18,10,19,16,goodbye
21.18270182609558,4,0,-7,-19,0,-11,-2,-2,0,-3,6,8,8,-1,goodbye
21.18270182609558,-12,-17,-23,-23,-10,-20,-8,-10,-13,-19,-20,-14,-8,-18,goodbye
21.19791316986084,-13,-16,-12,-20,-18,-15,-23,-7,-10,-17,-18,-16,-15,-10,goodbye
21.19791316986084,1,0,-4,-13,-10,-3,-21,-4,-15,-24,-4,0,-6,-4,goodbye
21.21401023864746,9,0,-1,-12,-4,3,-10,-10,-18,-31,-4,10,0,-8,goodbye
21.21401023864746,0,-1,0,-21,-6,8,-12,-10,-13,-25,-11,7,-5,-11,goodbye
21.230069637298584,-5,-2,0,-28,-10,-2,-21,-9,-30,-32,-18,-4,-16,-17,goodbye
21.230069637298584,7,1,5,-6,-7,-15,-21,-7,-36,-29,5,0,-6,-15,goodbye
21.245736360549927,20,16,14,20,1,-9,-9,2,-4,2,46,27,20,1,goodbye
21.245736360549927,17,24,19,13,9,-5,-8,9,5,6,45,38,25,5,goodbye
21.26115393638611,8,21,16,6,12,-7,-13,1,-5,-14,19,20,8,1,goodbye
21.26115393638611,3,18,14,28,11,0,-4,-2,0,-7,12,9,2,11,goodbye
21.27681517601013,1,19,17,34,4,8,6,1,1,1,12,14,0,15,goodbye
21.27681517601013,0,19,3,22,7,11,11,3,-2,3,0,4,-4,6,goodbye
21.29194974899292,-2,10,1,26,17,13,10,2,11,20,-13,-13,-6,5,goodbye
21.29194974899292,3,3,7,34,13,15,6,4,13,24,-10,-20,-4,4,goodbye
21.30798387527465,8,4,0,18,3,14,17,4,5,7,-1,-17,-9,1,sil
21.30798387527465,-2,0,-2,-3,6,20,36,8,16,7,-8,-8,-11,6,sil
21.32368540763855,-13,-17,-4,-7,4,21,37,7,17,21,-7,0,2,6,sil
21.32368540763855,-13,-22,-9,-4,0,0,19,0,-1,20,0,-3,10,0,sil
21.33869433403015,-10,-12,-11,-6,4,-6,11,-3,-8,5,-11,-17,0,-4,sil
21.33869433403015,-7,-9,-9,-9,-3,0,8,-4,-4,0,-23,-23,-15,-9,sil
21.353922843933105,-1,-13,0,-13,-20,-2,1,0,3,9,-7,-8,-10,-4,sil
21.353922843933105,3,-11,-2,-11,-14,-13,-1,3,16,7,3,-2,3,6,sil
21.370054483413696,-1,-6,-11,-8,-9,-14,-8,1,5,-11,-1,-7,0,1,sil
21.370054483413696,-8,-9,-12,-14,-21,-11,-11,-4,-10,-13,-10,-8,-9,-4,sil
21.38568878173828,-5,-15,-7,-19,-17,-10,-11,-7,2,2,-15,-4,-3,0,sil
21.38568878173828,0,-5,1,-14,-1,-7,-15,-1,22,8,-8,0,5,0,sil
21.39982891082764,1,1,-5,-7,-1,-4,-13,5,24,2,0,0,7,-6,sil
21.41536259651184,0,-7,-13,-10,-7,-2,-7,3,0,-10,-4,-1,0,-8,sil
21.41536259651184,-1,-8,-4,-7,0,3,-1,2,-24,-12,-10,0,-6,-4,sil
21.43075680732727,0,3,-1,1,15,10,4,6,-13,0,0,6,3,0,sil
21.43113279342652,-3,-2,-5,-5,12,4,-3,0,-2,-11,-1,6,3,-7,sil
21.44772052764893,-10,-12,-12,-23,-2,-4,-21,-14,-21,-40,-15,0,-9,-13,sil
21.44772052764893,-10,4,-1,-14,-7,-5,-23,-10,-28,-34,-1,1,-7,-8,sil
21.461843967437744,-1,23,17,18,7,0,-9,0,-5,-8,25,10,4,-5,sil
21.461843967437744,6,16,11,24,15,0,3,-1,7,1,24,12,10,0,sil
21.47788381576538,16,9,13,0,2,1,3,0,0,2,11,17,15,14,sil
21.47788381576538,26,11,20,7,-3,0,0,2,-11,9,20,28,24,20,sil
21.49366474151612,16,9,14,30,7,-8,1,2,-3,18,28,20,17,10,sil
21.49366474151612,0,8,11,22,9,-4,5,7,10,23,20,5,7,2,sil
21.511999368667603,5,11,6,11,0,0,5,5,17,18,12,0,5,1,sil
21.511999368667603,8,11,3,7,0,-2,1,-3,14,6,6,2,-2,7,sil
21.511999368667603,2,2,-1,-4,2,2,5,-4,6,4,-3,-6,-12,7,sil
21.525062084198,3,-6,-5,-4,0,12,5,-2,0,4,-7,-12,-7,0,sil
21.540574550628666,7,2,4,10,3,19,0,-4,1,1,-2,-4,-6,3,sil
21.540574550628666,0,15,5,9,6,9,0,-3,-2,-2,-5,0,-12,4,sil
21.5561363697052,-10,6,-1,-6,-1,-8,0,2,-9,-4,-10,0,-8,-4,sil
21.5561363697052,-7,-2,-1,-2,-2,3,1,2,4,4,0,-3,1,-5,sil
21.57174324989319,0,-2,6,15,6,22,13,-2,23,13,4,-11,-1,1,sil
21.57174324989319,0,-3,6,14,2,7,16,0,4,9,-10,-13,-8,3,sil
21.587767124176025,-6,-14,-9,-4,-2,-4,15,7,-8,10,-13,-10,3,8,sil
21.587767124176025,-9,-28,-19,-15,0,0,17,5,10,4,-12,-11,4,7,sil
21.60290098190308,-16,-33,-26,-22,-12,-9,3,-2,9,-19,-22,-18,-16,-11,sil
21.60290098190308,-19,-23,-27,-32,-29,-27,-17,-5,-21,-30,-21,-17,-15,-22,sil
21.6189706325531,-6,-4,-12,-30,-22,-22,-19,0,-23,-18,-4,1,4,-11,sil
21.6189706325531,1,7,-10,-16,-8,-14,-13,4,-5,-14,3,7,5,-11,sil
21.63466191291809,-7,9,-2,-6,-3,-11,-21,0,-13,-29,-8,-8,-14,-25,sil
21.63466191291809,-12,10,10,6,0,-1,-18,-2,-20,-30,-19,-14,-18,-23,sil
21.649779319763184,-10,10,6,20,6,4,1,-3,-8,-8,-6,-1,-2,-6,sil
21.649779319763184,-3,4,7,18,16,13,12,-2,0,16,9,14,4,4,sil
21.66594362258911,9,0,10,16,21,28,21,0,6,33,13,14,12,13,sil
21.66594362258911,20,0,9,18,14,27,22,3,22,40,14,11,25,25,sil
21.68169116973877,17,0,8,8,7,8,11,7,34,37,9,10,22,26,sil
21.68169116973877,12,-4,0,-7,1,-3,0,2,26,21,6,11,16,18,sil
21.696702241897583,13,-3,2,-10,-6,-5,-7,0,9,1,18,20,19,15,sil
21.696702241897583,17,1,11,-7,-5,-4,-9,0,0,-8,21,20,12,12,sil
21.712058544158936,15,6,13,-11,0,-8,-12,-2,-6,-17,4,11,-7,0,sil
21.712058544158936,9,19,8,0,2,-6,-16,-1,-12,-14,8,6,-10,-3,sil
21.727746963500977,0,26,2,16,8,-4,-8,0,-7,0,18,-2,-1,-1,sil
21.727746963500977,-12,8,0,6,7,-4,1,0,-13,-6,-8,-21,-15,-13,sil
21.74303650856018,-22,-10,-13,-5,-1,0,-2,-2,-21,-17,-29,-26,-28,-19,sil
21.74303650856018,-21,-11,-21,-4,-5,9,-11,0,-3,2,-13,-15,-11,-1,sil
21.758668899536133,-14,-13,-10,-7,-3,6,-2,3,12,17,-4,-11,2,2,sil
21.758668899536133,-11,-19,-14,-11,-7,-1,12,-2,12,2,-16,-16,-4,-14,sil
21.77408623695373,-10,-10,-14,-8,-11,-6,10,-4,17,-7,-23,-12,-10,-16,sil
21.77408623695373,-7,0,-6,-8,-8,-4,6,2,24,1,-9,-2,5,0,sil
21.7901291847229,5,0,0,-5,-3,3,6,5,15,7,9,8,20,12,sil
21.7901291847229,19,-1,6,-1,-2,0,-1,0,-4,-2,5,21,16,16,sil
21.805203437805176,20,-3,6,-5,-6,-17,-11,-4,-21,-15,2,21,10,5,sil
21.805203437805176,14,3,12,-5,-3,-19,-14,-5,-28,-14,26,19,8,-8,sil
21.82076334953308,4,20,16,12,6,-2,-2,-4,-23,-9,35,8,-2,-13,sil
21.82076334953308,-2,19,11,26,13,3,6,-2,-20,-12,12,-3,-17,-6,sil
21.836182355880737,-1,8,17,26,9,2,9,0,-15,-12,3,1,-16,1,sil
21.836182355880737,-1,6,10,19,0,3,8,0,-4,-10,5,1,-10,0,sil
21.851820468902588,-5,8,5,13,-2,7,6,4,-7,-8,-1,-6,-9,-2,sil
21.851820468902588,0,9,10,15,1,20,5,5,-11,6,0,0,3,7,sil
21.86760687828064,10,10,11,19,2,22,3,0,0,16,2,10,12,12,sil
21.86760687828064,9,12,9,17,0,9,2,-1,11,15,3,14,9,7,sil
21.88311243057251,5,2,-3,9,0,-7,0,0,22,20,9,13,15,8,sil
21.88311243057251,0,-16,-11,-4,0,-7,-9,0,28,16,-5,-5,5,3,sil
21.898706912994385,-5,-20,-7,-6,7,12,0,4,23,11,-20,-21,-9,-5,sil
21.898706912994385,-7,-16,-8,-3,14,11,15,5,13,12,-19,-18,-9,-1,sil
21.91375041007996,-12,-21,-12,-20,-1,-8,5,0,7,3,-27,-16,-8,0,sil
21.91375041007996,-15,-24,-26,-31,-12,-6,1,-2,7,4,-28,-20,-9,-2,sil
21.92902565002441,-16,-19,-33,-28,0,0,12,1,7,15,-23,-25,-9,-1,sil
21.94550967216492,-21,-17,-33,-36,0,-6,-2,1,4,5,-36,-33,-13,-7,sil
21.94550967216492,-19,-11,-26,-42,-17,-10,-23,-2,2,-6,-33,-31,0,-9,sil
21.94550967216492,-3,0,-8,-34,-12,0,-6,0,5,4,1,-8,25,5,sil
21.960054636001587,6,1,-1,-25,6,8,15,7,16,14,16,3,30,17,sil
21.960054636001587,7,0,2,-21,6,0,0,5,5,-1,7,9,13,9,sil
21.97680163383484,18,8,8,-9,0,-13,-15,0,-17,-17,11,26,8,-3,sil
21.97680163383484,23,19,5,8,0,-12,-9,-1,-14,-14,26,36,19,-1,sil
21.992022037506104,6,18,16,19,-1,-7,-6,-5,-3,-19,25,24,6,0,sil
22.00706267356873,2,10,20,24,-7,-11,-7,-8,-21,-30,19,14,-16,-10,sil
22.00706267356873,16,12,22,33,-3,-11,-6,-5,-32,-28,25,26,-17,-10,sil
22.02282762527465,10,19,28,38,0,-6,-11,-4,-24,-22,27,29,-11,-3,sil
22.02282762527465,-5,11,13,27,0,-3,-17,-6,-21,-14,22,8,-16,-9,sil
22.02382493019104,9,8,14,19,7,0,-10,0,-13,-1,32,11,-10,-1,sil
22.03993463516236,24,27,29,32,10,0,0,1,2,1,37,21,-3,12,sil
22.03993463516236,6,28,18,40,0,0,4,-7,-6,-3,8,3,-8,1,sil
22.053179264068604,-7,3,4,25,0,6,6,-7,-17,-1,-15,-9,-6,-8,sil
22.069047451019287,-4,-14,2,12,9,22,18,1,0,11,-14,-12,1,-1,sil
22.069047451019287,-9,-11,1,8,14,29,23,5,14,18,-17,-16,1,2,sil
22.08710670471192,-14,-11,-10,-5,6,20,15,1,10,17,-24,-15,0,0,sil
22.08710670471192,-13,-15,-14,-16,-1,12,10,-1,8,18,-29,-17,-1,0,sil
22.08710670471192,-14,-10,-12,-11,0,12,14,6,12,19,-29,-22,-2,3,sil
22.107516527175903,-13,-9,-19,-14,0,8,13,10,15,16,-18,-22,0,8,sil
22.107516527175903,-10,-22,-16,-28,-6,1,2,5,11,15,-17,-19,0,1,sil
22.116438388824463,-12,-29,-14,-28,-12,-5,1,3,11,17,-25,-22,-1,-6,sil
22.131635665893555,-11,-21,-20,-25,-11,-14,4,3,17,2,-22,-18,-3,0,sil
22.131635665893555,0,-7,-11,-25,-3,-11,-2,1,21,-8,-11,-2,0,7,sil
22.14679956436157,6,0,-7,-9,0,-4,-9,2,25,5,7,9,16,9,sil
22.14679956436157,4,0,-7,-8,-11,-13,-14,0,24,12,17,13,19,9,sil
22.162112712860107,10,-6,-7,-24,-20,-21,-23,-3,14,-5,1,9,5,3,sil
22.162112712860107,15,-3,-2,-15,-14,-10,-27,-4,2,-21,-9,4,5,0,sil
22.17777204513549,0,7,2,-4,-7,-2,-24,-1,-18,-21,0,4,12,-7,sil
22.17777204513549,-9,6,-9,-13,-5,-10,-17,-4,-34,-18,8,7,5,-14,sil
22.19277691841125,10,8,1,3,7,-4,2,-2,-22,-8,25,24,5,3,sil
22.19277691841125,33,31,29,32,29,13,33,9,0,14,50,39,30,31,sil
22.20831251144409,29,33,26,26,29,11,34,10,1,19,45,21,33,20,sil
22.20831251144409,12,14,14,14,11,-6,4,-1,-2,-1,13,4,-2,-4,sil
22.223969221115112,3,10,10,16,6,-13,-10,-6,-7,-11,-1,7,-22,-9,sil
22.223969221115112,-5,6,4,5,15,-6,-5,-2,-21,-15,-6,0,-20,-14,sil
22.24000096321106,-18,-4,-4,0,9,1,-4,-9,-27,-30,-8,-20,-27,-24,sil
22.24000096321106,-15,-5,-4,7,-2,7,-2,-16,-20,-21,-2,-19,-26,-19,sil
22.255138635635376,-3,1,9,10,0,13,3,-2,-14,9,5,-1,-11,-8,sil
22.255138635635376,-5,0,7,19,1,16,5,3,-8,14,0,-6,-9,-9,sil
22.2706356048584,-15,-6,0,21,-8,9,4,-4,-8,-9,-20,-15,-28,-13,sil
22.2706356048584,-13,-12,-2,3,-8,9,6,-2,-9,-11,-30,-11,-33,-7,sil
22.286752462387085,-9,-16,-7,-11,0,15,7,6,9,13,-14,-8,-8,4,sil
22.286752462387085,-7,-12,-4,-18,-4,8,2,5,26,28,0,-7,7,11,sil
22.30234980583191,2,2,-2,-13,-8,-8,-2,0,17,20,0,-1,10,13,sil
22.30234980583191,14,9,3,4,-3,-12,-9,1,8,8,-2,7,12,14,sil
22.317992687225345,4,0,5,8,-10,-1,-12,8,17,2,-2,8,10,9,sil
22.317992687225345,-9,-5,-10,-10,-17,-5,-3,6,20,-5,-7,-6,5,0,sil
22.33411264419556,-4,-2,-9,-15,-2,-9,3,0,6,-13,-16,-11,5,-3,sil
22.33411264419556,0,-9,-5,-2,5,2,1,0,0,-3,-11,-2,10,0,sil
22.350165843963623,-4,-9,-5,0,-2,5,0,4,10,7,4,-2,16,4,sil
22.3506727218628,1,5,1,-2,0,2,5,5,22,9,16,2,24,11,sil
22.36584186553955,8,4,-5,-1,7,-2,2,-1,17,8,17,11,24,12,sil
22.36584186553955,-1,-8,-9,-10,1,-16,-9,-5,-2,0,11,5,11,-3,sil
22.38178038597107,-6,-8,-2,-11,-8,-19,-7,-4,-19,-14,0,-3,-2,-12,sil
22.38178038597107,2,-1,-1,-2,-6,-1,0,-6,-28,-18,-6,4,-15,-5,sil
22.397364616394043,7,2,4,-3,0,9,-1,-1,-23,-4,1,11,-13,0,sil
22.397364616394043,6,6,8,0,4,4,0,3,-3,12,10,15,2,4,sil
22.41304016113281,15,8,15,10,6,0,6,2,5,12,8,38,9,18,sil
22.41304016113281,22,9,12,11,8,1,6,0,0,5,9,31,8,12,sil
22.4286892414093,6,8,0,8,12,8,3,-1,-12,-4,0,-18,-2,-11,sil
22.4286892414093,-9,3,0,6,9,11,1,-2,-12,-15,-19,-34,-22,-11,sil
23.222761392593384,-17,-16,-29,-16,-5,-5,-2,-1,-14,-17,-31,-25,-18,-21,sil
23.222761392593384,-6,-14,-9,-13,0,2,-2,4,2,8,-1,-17,0,0,sil
23.238893747329712,1,-10,2,-5,1,14,6,7,26,30,16,3,20,23,sil
23.238893747329712,0,-8,-8,0,5,12,0,0,8,16,-9,-1,4,11,sil
23.254209518432617,-2,-2,-6,8,3,5,-10,-7,-12,0,-25,-8,-11,-4,sil
23.254209518432617,0,-2,-4,5,-4,0,0,-4,-1,0,0,-8,-7,0,sil
23.27023720741272,0,-4,-3,-3,-5,0,6,7,17,7,11,-8,-3,9,sil
23.27023720741272,-4,-7,-5,-2,-1,1,6,10,23,14,0,-10,0,6,sil
23.285895824432373,-13,-18,-14,-15,-11,-5,3,0,17,10,-9,-11,0,-4,sil
23.285895824432373,-19,-27,-17,-38,-25,-20,-6,-3,1,-8,-13,-14,-3,-11,sil
23.301766395568848,-12,-19,-14,-32,-19,-22,-12,1,-7,-22,-10,-9,0,-8,sil
23.301766395568848,2,0,5,-10,0,-18,-8,6,-3,-11,8,16,20,2,sil
23.31716823577881,13,16,22,5,9,-13,1,1,5,6,20,29,28,13,sil
23.31716823577881,13,14,11,4,6,-7,1,-3,7,4,7,12,9,11,sil
23.332793474197388,8,6,3,-4,-1,-6,-12,-1,-1,-8,0,8,-4,0,sil
23.332793474197388,8,12,7,2,2,-2,-8,0,-12,0,12,22,10,-2,sil
23.34797477722168,13,24,19,21,18,6,9,4,-7,16,23,25,19,3,sil
23.34797477722168,11,23,14,20,15,8,6,4,0,3,26,21,7,5,sil
23.36314392089844,4,12,-1,4,-6,-3,-11,-9,-15,-15,23,23,2,-3,sil
23.36314392089844,4,4,2,-2,-10,-12,-16,-16,-26,-13,14,12,0,-10,sil
23.378293752670288,11,5,5,5,3,-1,-1,-6,-5,-4,9,-4,-8,-6,sil
23.393611431121823,6,11,6,17,7,16,4,5,6,-7,0,-10,-16,-5,sil
23.393611431121823,0,11,10,20,7,21,0,3,-11,-11,-8,-10,-19,-13,sil
23.409236192703247,4,6,8,20,14,9,3,-2,-15,-10,-3,-6,-15,-11,sil
23.409236192703247,5,1,4,22,15,5,12,0,6,-3,3,6,-5,6,sil
23.42595267295837,-7,-13,-6,9,3,13,14,-1,14,7,-3,-1,0,15,sil
23.42595267295837,-17,-25,-8,-8,-9,19,7,-5,2,8,-21,-20,-5,2,sil
23.42595267295837,-15,-14,-4,-10,-12,19,8,-2,3,2,-29,-24,-9,-1,sil
23.440207719802856,-12,-8,-9,-11,-3,8,14,0,9,6,-25,-17,-4,8,sil
23.45581030845642,-10,-20,-10,-13,0,-2,7,4,2,7,-21,-16,-2,11,sil
23.45581030845642,-16,-24,-17,-11,-9,-5,1,7,0,4,-12,-23,-2,0,sil
23.470998287200928,-22,-18,-19,-24,-14,-9,2,1,11,12,-3,-17,0,0,sil
23.470998287200928,0,-9,-8,-34,-8,-14,-2,1,22,19,-2,5,9,7,sil
23.487053155899048,30,10,4,-8,0,-15,-14,4,19,6,10,22,20,8,sil
23.487053155899048,29,31,18,13,6,-16,-19,0,4,-10,31,25,18,-3,sil
23.50243210792541,10,25,7,0,3,-20,-18,-8,-12,-14,22,15,6,-15,sil
23.50243210792541,0,7,-5,-7,-2,-21,-22,-4,-25,-16,0,5,-4,-15,sil
23.518068075180054,0,10,8,10,2,-3,-9,5,-28,-17,-2,5,-12,-7,sil
23.518068075180054,-2,13,10,26,12,15,12,-1,-26,-9,-5,-1,-14,-5,sil
23.53312969207764,-10,-4,-1,12,6,18,9,-12,-26,-5,-20,-15,-14,-8,sil
23.53312969207764,-13,-8,-4,2,0,12,3,0,-6,2,-13,-12,-6,-3,sil
23.549187660217285,-6,0,0,14,3,15,20,12,21,24,0,-2,1,8,sil
23.549187660217285,-4,-12,-3,11,4,16,25,9,26,34,-5,-2,6,11,sil
23.565101385116577,-7,-28,-16,-16,-5,0,2,1,14,18,-7,-13,12,4,sil
23.565101385116577,-8,-23,-15,-36,-12,-13,-14,0,9,0,-5,-16,10,-5,sil
23.58020520210266,-11,-12,-16,-28,-7,-4,2,3,18,-1,-7,-10,0,-8,sil
23.58020520210266,-7,-6,-14,-20,-3,-1,8,7,22,0,-4,1,0,0,sil
23.59614992141724,9,-1,2,-17,-6,-9,-8,4,12,-5,3,7,-1,5,sil
23.59614992141724,20,9,11,2,-2,-8,-13,0,10,-9,9,11,-3,4,sil
23.612213134765625,11,19,14,16,4,-9,-13,1,15,-10,15,22,0,1,sil
23.612213134765625,2,6,10,4,2,-15,-19,-1,1,-9,22,20,12,-1,sil
23.62774419784546,8,0,11,0,-1,-7,-14,-8,-10,-10,28,14,18,3,sil
23.62774419784546,21,18,25,25,3,8,2,-9,-7,-12,30,26,7,12,sil
23.64376974105835,24,28,23,39,11,6,11,-10,-16,-1,32,33,8,8,sil
23.64376974105835,15,17,18,18,6,-2,0,-5,-30,1,29,21,14,0,sil
23.65920805931092,6,17,19,12,1,5,-8,0,-26,-8,17,6,4,4,sil
23.65920805931092,0,20,10,32,6,17,3,-4,-21,-8,1,-2,-6,4,sil
23.67524814605713,-5,7,2,25,7,13,17,-8,-23,2,-6,-4,-7,-3,sil
23.67524814605713,-16,-12,-10,-3,-4,2,10,-3,-19,-4,-7,-6,-14,-7,sil
23.69092035293579,-20,-19,-15,-5,-15,0,2,0,-11,-10,-19,-12,-26,-3,sil
23.69092035293579,-5,-3,-4,17,-7,4,9,0,2,7,-25,-16,-19,-1,sil
23.70596528053284,0,1,0,17,4,10,6,0,11,19,-18,-19,-6,0,sil
23.70596528053284,-13,-12,-7,-16,2,9,-5,1,5,7,-26,-23,-9,-3,sil
23.722213983535767,-23,-24,-23,-40,-6,5,6,5,7,5,-40,-31,-19,-8,sil
23.722213983535767,-12,-18,-24,-31,-2,7,25,7,17,11,-38,-32,-19,-5,sil
23.74083423614502,-4,-6,-16,-19,12,11,20,9,21,12,-23,-17,0,4,sil
23.74083423614502,-4,-2,-20,-29,17,5,7,14,32,17,-12,-4,24,9,sil
23.753411531448364,-4,-8,-19,-41,6,-5,0,15,39,18,-18,-8,18,3,sil
23.753411531448364,0,-12,-23,-36,-1,-16,-7,4,25,10,-17,-17,5,-4,sil
23.76902484893799,2,-13,-20,-30,-3,-27,-23,-4,6,1,3,-8,11,-7,sil
23.76902484893799,1,-12,-11,-32,-11,-34,-31,-8,-7,-11,11,-1,5,-4,sil
23.785065174102783,-1,-4,-8,-26,-16,-33,-31,-16,-23,-27,2,1,-9,-11,sil
23.785065174102783,3,9,11,-4,-7,-27,-28,-12,-26,-28,15,16,0,-17,sil
23.800690174102783,18,17,29,23,5,-8,-10,0,-4,-12,38,30,18,-1,sil
23.800690174102783,16,15,27,37,8,12,6,7,11,-1,31,24,8,9,sil
23.816715955734253,0,12,24,39,1,16,8,2,3,1,16,15,-7,0,sil
23.816715955734253,3,18,26,51,2,15,12,-6,-8,1,23,15,-2,0,sil
23.8321225643158,18,19,39,61,5,24,14,-1,-12,1,27,26,4,16,sil
23.8321225643158,9,3,25,41,-4,22,10,3,-15,4,14,24,4,15,sil
23.847464084625244,-10,-11,1,14,-14,6,5,-4,-18,2,6,4,-3,-4,sil
23.847464084625244,-19,-8,0,13,-7,6,4,-5,-12,-4,4,-3,-12,-13,sil
23.86343669891357,-10,0,-1,12,-1,6,6,0,-1,0,0,-1,-2,2,sil
23.86343669891357,9,4,-3,-5,-6,-8,-2,4,4,8,0,7,16,14,sil
23.87904906272888,14,3,-2,-11,-5,-9,-12,4,10,0,5,12,21,7,sil
23.87904906272888,6,4,-2,-8,4,0,-9,0,6,-10,-2,5,11,1,sil
23.894159078598022,14,19,3,-12,11,-4,0,-3,-1,-10,1,2,3,6,sil
23.894159078598022,19,25,2,-7,7,-9,0,-1,-1,-7,16,8,0,9,sil
23.91007089614868,0,10,-2,0,7,-1,-5,1,-4,-13,0,-2,-13,0,sil
23.91007089614868,-17,-2,-11,-7,15,7,0,0,-9,-6,-24,-31,-20,-13,sil
23.92578125,-16,-9,-16,-17,13,12,11,-1,-4,14,-31,-36,-17,-6,sil
23.92578125,-19,-21,-14,-13,0,12,18,0,-2,17,-44,-28,-22,0,sil
23.941892623901367,-27,-35,-26,-12,-8,2,29,0,-1,3,-46,-37,-24,-3,sil
23.941892623901367,-20,-38,-29,-22,-5,1,26,2,13,10,-26,-34,-9,-3,sil
23.95731830596924,0,-20,-13,-18,-4,12,11,14,35,31,-8,-4,12,7,sil
23.95731830596924,13,0,-3,-5,-6,0,1,15,37,31,0,14,18,15,sil
23.97255516052246,8,2,2,-11,-9,-20,-14,-2,11,5,0,6,7,7,sil
23.97255516052246,4,0,4,-9,-6,-12,-25,-17,-11,-16,0,2,3,-5,sil
23.98816394805908,12,12,17,9,8,2,-9,-5,-7,-12,19,19,11,-1,sil
23.98816394805908,15,20,14,9,19,-4,0,5,3,0,36,27,15,7,sil
24.00313687324524,3,1,-5,-2,9,-14,-17,-1,-1,-1,18,11,7,-2,sil
24.00313687324524,-3,-6,0,0,0,-8,-24,-7,-3,-5,7,7,-1,-15,sil
24.019043684005737,-1,3,8,6,-2,-4,-9,-4,0,0,14,6,0,-14,sil
24.019043684005737,-3,3,2,1,-10,-8,-10,-2,-8,-11,2,-5,-7,-14,sil
24.03419184684753,-10,-2,-4,-4,-18,-11,-18,-3,-26,-30,-11,-15,-14,-23,sil
24.03419184684753,-13,1,-2,-9,-15,-12,-13,-4,-26,-22,-6,-9,-2,-18,sil
24.05035901069641,-5,10,10,-3,-2,-2,-1,2,-7,-8,0,2,7,0,sil
24.05035901069641,7,11,13,16,6,10,12,10,7,-9,7,9,7,15,sil
24.065947771072388,13,15,14,18,5,13,12,3,11,-1,16,15,10,18,sil
24.065947771072388,7,15,12,9,1,11,4,-3,9,14,9,13,8,16,sil
24.08193588256836,2,0,-3,13,5,10,14,-2,0,11,-3,0,-6,5,sil
24.08193588256836,0,-7,-4,14,7,10,25,1,-14,4,0,-5,-11,-2,sil
24.09708952903748,0,-4,1,3,3,11,15,0,-12,16,14,0,5,3,sil
24.09708952903748,2,-4,0,0,3,9,2,0,0,19,11,5,13,11,sil
24.11778235435486,5,0,1,5,4,3,0,2,1,11,2,4,5,6,sil
24.11778235435486,5,0,-1,4,0,-8,-9,1,4,5,2,0,0,0,sil
24.128825426101685,8,-1,0,-4,-5,-13,-14,-2,8,-6,-9,0,-7,0,sil
24.128825426101685,5,5,0,0,0,1,5,3,15,-2,-18,6,-7,2,sil
24.14400839805603,0,5,3,7,5,10,16,10,18,12,-3,1,0,3,sil
24.14400839805603,-1,-6,5,0,4,11,6,3,6,6,7,-7,1,1,sil
24.159106492996216,-8,-11,-9,-11,2,5,0,0,-3,-4,-6,-11,-7,-4,sil
24.159106492996216,-24,-6,-13,-10,-2,-13,-3,1,-4,-9,-19,-14,-16,-13,sil
24.175076484680176,-19,0,-7,5,-3,-14,-6,0,0,-8,-2,-11,-7,-8,sil
24.175076484680176,-5,0,-11,10,0,0,3,-4,1,-2,0,-3,1,-2,sil
24.19073915481568,-9,-13,-14,-16,-10,-5,2,-5,-6,-10,-27,-12,-12,-13,sil
24.20627474784851,-10,-24,-17,-26,-17,-6,-7,-7,-16,-23,-30,-28,-26,-15,sil
24.20627474784851,-3,-10,-6,-3,0,13,-9,-3,-8,-8,-3,-10,-10,0,sil
24.20627474784851,-3,0,-4,0,12,11,0,0,2,4,0,4,3,7,sil
24.22243881225586,2,-2,-5,-8,0,-8,5,-2,-3,-1,-14,-4,0,7,sil
24.22243881225586,14,3,11,6,-4,-10,-5,0,1,3,-5,-1,6,12,sil
24.23803329467773,11,13,15,12,3,0,-10,7,20,16,17,17,24,12,sil
24.23803329467773,4,4,6,-5,4,8,3,2,9,9,20,17,25,4,sil
24.25406503677368,10,0,6,-2,0,10,11,-2,0,1,6,7,18,0,sil
24.25406503677368,14,2,10,5,0,-5,0,2,8,8,8,5,15,2,sil
24.268157482147217,8,8,17,-9,-4,-22,-9,6,4,9,23,12,9,7,sil
24.283687114715576,11,16,10,-6,-5,-12,-3,0,0,8,23,21,8,4,sil
24.283687114715576,20,20,8,7,-5,0,1,0,6,9,14,25,10,1,sil
24.30075764656067,11,6,5,-6,-4,-7,-5,1,-4,-4,15,17,5,2,sil
24.30075764656067,-3,-2,-1,-15,-3,-11,-17,-2,-21,-25,11,7,-4,-3,sil
24.30075764656067,-7,3,3,8,-2,-2,-14,-4,-23,-24,-4,1,-12,-14,sil
24.316795349121094,-6,5,0,23,1,5,1,-5,-13,-13,-4,-3,-16,-16,sil
24.316795349121094,-4,2,0,13,13,6,6,-3,-1,-6,6,0,-15,-9,sil
24.33210849761963,-3,3,4,13,15,5,6,2,1,4,2,-1,-6,-2,sil
24.33210849761963,-12,-2,-6,11,6,3,6,3,1,12,-13,-25,-3,-6,sil
24.34715485572815,-18,-11,-16,0,6,9,7,3,7,10,-14,-30,-12,-11,sil
24.36276412010193,-16,-12,-21,2,11,19,16,5,10,13,-5,-16,-11,-5,sil
24.36276412010193,-18,-13,-21,1,5,20,13,0,1,5,-14,-17,-4,-1,sil
24.378239631652832,-15,-15,-13,-1,-5,17,0,-6,-5,-8,-26,-21,-10,-2,sil
24.378239631652832,-6,-10,-11,-2,-2,7,5,-4,-2,-4,-11,-12,-8,0,sil
24.393823623657227,0,-5,-2,-18,1,-6,6,1,1,5,0,-2,6,7,sil
24.393823623657227,9,-3,9,-23,-4,-4,-3,1,5,7,-4,2,13,17,sil
24.4090039730072,16,2,18,2,-13,0,-3,0,5,0,-9,7,2,21,sil
24.4090039730072,7,9,14,10,-15,-12,-6,0,0,-3,-14,5,-3,11,sil
24.424091815948486,2,5,0,-8,-14,-16,-12,-3,-5,-1,-10,9,4,7,sil
24.424091815948486,12,4,1,-11,-8,-2,-5,0,-4,-5,11,23,8,11,sil
24.440269947052,14,12,6,4,-2,-1,6,5,4,-7,17,16,6,7,sil
24.440269947052,8,8,3,10,-1,-5,5,4,15,2,8,0,9,1,sil
24.45502877235413,6,-1,1,2,0,0,-4,2,17,6,11,0,3,-4,sil
24.45502877235413,0,-4,-5,0,5,0,-9,0,8,0,9,-1,-4,-14,sil
24.47092890739441,-8,0,1,6,5,-5,-4,-1,-4,-2,-7,-7,0,-13,sil
24.47092890739441,-1,2,7,6,2,-4,0,0,-14,-1,-13,-1,3,-4,sil
24.486293077468872,4,1,4,-8,2,-10,-4,0,-14,-5,4,12,0,-4,sil
24.486293077468872,3,3,7,-4,8,-9,-3,-5,-9,-1,33,22,8,-3,sil
24.5019371509552,4,11,4,13,14,8,6,-4,0,9,39,14,14,3,sil
24.5019371509552,-2,6,0,3,13,12,7,1,1,12,17,-2,0,1,sil
24.51715421676636,-17,-9,-7,-14,5,0,2,4,0,3,4,-6,-5,-12,sil
24.51715421676636,-5,-4,-3,-4,5,-1,5,1,1,-2,10,3,5,-9,sil
24.532753944396973,10,9,7,12,12,5,7,3,6,-2,7,4,1,9,sil
24.532753944396973,-2,0,-7,7,2,3,0,0,6,-3,-13,-14,-9,4,sil
24.547935485839844,-11,-10,-12,0,-8,-3,-3,0,10,-2,-29,-25,-9,-3,sil
24.547935485839844,5,0,0,10,-5,4,6,2,15,8,-22,-14,-5,9,sil
24.56313467025757,6,-3,-9,4,-11,10,3,-5,-4,7,-19,-12,-11,2,sil
24.56313467025757,-11,-21,-13,-23,-23,-2,-7,-15,-30,-14,-33,-16,-13,-15,sil
24.57923460006714,-11,-15,-2,-16,-14,-9,-5,-7,-17,-21,-26,-1,-5,-6,sil
24.57923460006714,-4,0,5,5,-6,0,-3,0,-6,-10,-12,9,-5,0,sil
24.595272541046143,-4,-4,1,-4,-6,4,-4,0,-13,-1,-7,1,-2,-8,sil
24.595272541046143,-1,-7,-1,-11,0,4,-3,0,0,0,-1,0,1,-2,sil
24.611029386520386,1,7,7,-3,-1,1,-10,4,9,-3,-2,3,-5,3,sil
24.611411094665527,0,3,4,-3,-5,0,-14,4,-11,-8,-8,-6,-15,-9,sil
24.62607455253601,10,1,6,6,4,3,-2,4,-19,0,4,0,-10,-1,sil
24.62607455253601,18,19,14,23,5,5,9,6,9,18,30,23,9,27,sil
24.641721487045288,5,11,1,4,-3,0,12,8,24,25,36,21,23,28,sil
24.641721487045288,-7,-5,-9,-18,1,-1,7,4,13,13,22,5,20,2,sil
24.657289743423465,0,1,-3,1,12,-2,8,-2,16,9,19,-1,24,0,sil
24.657289743423465,5,8,2,17,6,-9,5,-3,23,15,20,-1,25,5,sil
24.67307043075561,-4,-1,-4,-2,0,-5,-5,0,13,3,0,0,4,-5,sil
24.67307043075561,-1,-7,-11,-13,3,6,-1,0,7,-10,-10,1,0,-4,sil
24.6891086101532,13,-5,5,0,8,7,14,1,7,0,16,12,16,13,sil
24.6891086101532,11,0,7,4,3,-5,9,0,4,9,21,18,16,11,sil
24.70512700080872,-7,0,-7,-4,-3,-14,-16,-6,-4,-16,-9,1,-6,-8,sil
24.70512700080872,-13,-2,-5,-4,0,-5,-11,-5,-15,-34,-15,-18,-22,-16,sil
24.72001504898072,-2,4,2,8,4,2,21,-4,-12,-8,-2,-11,-19,-8,sil
24.72001504898072,11,14,12,17,0,0,20,0,-4,11,-5,12,-10,2,sil
24.735701322555546,16,14,11,11,2,-6,-5,2,-7,1,-3,15,-4,3,sil
24.735701322555546,7,11,4,0,2,-11,-15,0,-14,-9,-2,0,-7,-7,sil
24.750869274139404,-7,5,0,-4,-3,-3,-17,-3,-18,-7,-8,-6,-5,-15,sil
24.750869274139404,-9,-3,-11,0,0,7,-14,-4,-18,-2,-8,-13,-2,-11,sil
24.76601791381836,-10,-8,-13,-1,5,0,-9,-3,-17,-9,-23,-26,-14,-13,sil
24.76601791381836,-19,-3,-9,-3,-4,-6,-17,-3,-5,-11,-27,-29,-18,-14,sil
24.7816743850708,-14,0,0,0,-2,8,-12,1,5,13,2,-15,0,0,sil
24.7816743850708,0,-1,12,5,11,27,10,14,8,33,11,-3,9,12,sil
24.796703815460205,3,-3,7,8,12,29,26,13,14,18,-4,-9,0,13,sil
24.796703815460205,-1,-7,0,4,3,19,29,4,17,-1,-12,-14,-13,5,sil
24.81177520751953,-8,-16,-11,-16,-9,6,30,3,14,-1,-23,-16,-16,-7,sil
24.82878613471985,-11,-25,-18,-40,-21,-4,9,2,7,-2,-31,-13,-10,-13,sil
24.82878613471985,-9,-25,-7,-40,-22,-12,-19,-6,-9,-18,-17,-1,-5,-9,sil
24.82878613471985,-6,-16,-3,-22,-14,-14,-23,-15,-21,-21,0,7,1,-4,sil
24.84346342086792,2,0,0,-3,-5,-8,-9,-8,1,-1,15,24,17,12,sil
24.85913276672364,13,12,6,19,-1,-4,0,3,28,20,35,43,36,31,sil
24.85913276672364,19,16,7,32,-1,-10,-5,4,25,27,51,46,45,31,sil
24.87775683403015,27,16,22,27,4,-8,-5,1,17,18,50,41,34,26,sil
24.87775683403015,27,17,20,29,8,5,2,0,14,-1,32,26,12,17,sil
24.87775683403015,9,11,4,25,0,4,4,0,0,-15,7,4,-2,-7,sil
24.889782905578613,-2,4,-3,9,0,-7,6,0,-16,-8,-4,-1,-8,-16,sil
24.90496706962585,0,0,-6,-1,4,-9,9,0,-31,-5,-9,0,-8,-4,sil
24.90496706962585,-1,-1,-4,-11,0,-6,6,0,-31,-9,-8,-2,-4,-3,sil
24.920689344406128,-8,0,-7,-8,0,-4,6,0,-4,3,0,-4,1,-8,sil
24.920689344406128,-7,4,-3,1,11,3,2,-1,11,11,1,-4,0,-3,sil
24.936712980270386,-1,6,4,0,12,6,-4,-5,-1,-1,-5,-11,-15,-3,goodbye
24.936712980270386,0,2,7,-1,0,-2,-9,-5,-15,-14,-12,-20,-28,-13,goodbye
24.95275378227234,9,2,19,6,-5,-2,-17,1,-5,-11,-9,-11,-16,-1,goodbye
24.95275378227234,18,2,14,3,-2,9,-17,9,23,0,3,4,8,12,goodbye
24.968764781951904,13,1,-4,-11,0,7,-6,6,27,0,7,4,10,3,goodbye
24.968764781951904,0,2,-9,-9,3,1,0,0,-1,-3,-3,-8,-2,-2,goodbye
24.985806941986084,-10,3,-7,1,12,8,8,0,-3,14,-3,-11,2,7,goodbye
24.985806941986084,-13,-1,-12,-10,14,1,7,3,14,25,4,-9,14,0,goodbye
24.985806941986084,-13,-7,-23,-31,7,-15,-9,0,4,0,-10,-21,0,-21,goodbye
25.00091552734375,-26,-6,-25,-28,2,-13,-17,-8,-18,-22,-35,-29,-20,-27,goodbye
25.01647162437439,-35,-1,-16,-16,3,8,0,-8,-24,-12,-40,-30,-27,-26,goodbye
25.01647162437439,-23,-5,-13,-6,3,18,17,-9,-24,-8,-37,-41,-31,-28,goodbye
25.032140493392944,-22,-12,-5,4,-3,11,13,-4,-18,-16,-41,-41,-41,-22,goodbye
25.032140493392944,-26,-13,-4,12,-13,7,15,8,0,3,-24,-12,-25,-5,goodbye
25.04821348190308,-9,-13,-1,7,-9,11,22,16,22,35,5,9,13,17,goodbye
25.04821348190308,0,-14,2,4,-3,14,18,5,29,30,9,11,28,26,goodbye
25.064436197280884,0,-17,-2,7,-12,2,6,-3,16,9,2,11,11,15,goodbye
25.064436197280884,19,-13,9,0,-19,-9,-4,3,5,4,26,33,14,17,goodbye
25.064436197280884,36,1,25,-5,-13,-14,-6,7,14,0,56,56,44,39,goodbye
25.08018732070923,47,23,36,12,-2,-21,-2,0,16,-10,57,63,43,39,goodbye
25.096065521240234,59,35,54,31,5,-17,-7,-1,6,-8,42,56,15,19,goodbye
25.096065521240234,44,23,34,22,6,1,-15,0,-4,-2,30,42,9,3,goodbye
25.111030101776123,8,9,0,10,5,-1,-16,0,-20,-12,15,21,5,-3,goodbye
25.111030101776123,-3,6,-9,11,8,-15,-12,-3,-25,-14,-1,-2,-10,-4,goodbye
25.126587867736816,1,1,-8,4,7,-2,-6,-5,-5,-2,-7,-11,-5,-3,goodbye
25.126587867736816,0,3,-4,-1,3,11,0,-1,4,3,-2,-7,8,-4,goodbye
25.14220929145813,-5,12,-2,6,4,4,5,-1,-1,1,-5,-17,0,-4,goodbye
25.14220929145813,-10,0,-2,0,0,0,0,-6,-7,0,-14,-22,-18,-10,goodbye
25.158005237579346,-14,-15,-5,-13,-7,6,0,-3,-15,-7,-9,-16,-15,-17,goodbye
25.158005237579346,-17,-7,-10,-9,-8,-3,3,-2,-20,-25,-12,-20,-13,-15,goodbye
25.173107624053955,-26,-9,-14,-7,-5,-6,0,0,-9,-19,-25,-23,-15,-12,goodbye
25.173107624053955,-32,-20,-24,-11,-4,3,-5,4,15,21,-6,-9,8,-5,goodbye
25.18870520591736,-22,-13,-17,-9,-2,-4,-8,3,25,32,11,0,22,0,goodbye
25.18870520591736,-11,1,-11,-6,1,-14,-9,-1,7,2,-9,-13,-1,-9,goodbye
25.20378088951111,-3,12,-4,0,7,0,-3,4,-4,0,-21,-18,-18,-11,goodbye
25.20378088951111,11,15,17,9,12,19,8,15,12,28,6,6,-3,11,goodbye
25.21897768974304,19,8,11,4,6,17,18,6,19,24,15,10,3,20,goodbye
25.21897768974304,9,1,-1,0,3,10,12,-4,6,-3,-7,-13,-6,6,goodbye
25.23411273956299,0,0,-1,0,9,11,3,-2,1,-8,-13,-13,-11,0,goodbye
25.23411273956299,-5,-8,-11,-18,1,0,-10,-7,-16,-12,-12,-1,-14,-6,goodbye
25.24986886978149,-3,-10,-7,-25,-9,-19,-19,-12,-36,-31,-18,0,-15,-15,goodbye
25.24986886978149,12,3,7,6,2,-9,3,0,-12,-17,2,8,4,0,goodbye
25.26567959785461,9,2,9,19,12,10,27,9,13,6,12,11,10,12,goodbye
25.26567959785461,-9,-10,-3,1,-1,7,17,6,11,1,-18,-8,-8,-3,goodbye
25.28114557266236,-10,-13,-9,-7,-11,-2,2,2,11,-3,-21,-16,-5,-9,goodbye
25.28114557266236,0,-3,0,-12,-5,-6,-3,-1,5,0,1,-5,7,0,goodbye
25.29713273048401,6,9,9,-1,0,-11,-3,-5,0,-6,5,5,8,6,goodbye
25.29713273048401,11,11,4,10,-2,-17,-1,-2,1,-1,6,12,16,9,goodbye
25.31312704086304,0,-5,-1,-5,-10,-7,0,-2,0,9,10,7,13,2,goodbye
25.31312704086304,-12,-14,-6,-10,-9,7,1,-6,-1,6,3,-1,-1,-4,goodbye
25.328737258911133,0,-1,3,11,0,15,0,1,5,7,17,12,9,6,goodbye
25.328737258911133,8,4,6,8,0,6,-4,7,0,13,34,27,21,13,goodbye
25.344703197479248,2,0,1,-4,-1,-4,-12,0,-8,0,18,16,0,0,goodbye
25.344703197479248,9,12,13,14,5,5,-9,-1,-4,-1,5,9,-8,-4,goodbye
25.35977602005005,13,19,18,26,9,8,0,0,0,13,15,13,5,7,goodbye
25.35977602005005,4,9,9,6,3,-5,0,3,-5,1,10,11,8,9,goodbye
25.375142574310303,5,6,-2,0,1,1,0,4,0,-9,6,0,6,1,goodbye
25.375142574310303,8,3,2,3,1,14,8,2,16,3,7,-3,3,0,goodbye
25.391233682632446,2,-7,6,-4,1,-3,9,0,13,3,-9,-8,-10,-4,goodbye
25.391233682632446,0,-6,-6,1,3,-14,5,-1,2,-6,-25,-17,-17,-6,goodbye
25.40662169456482,-4,0,-10,6,0,-4,0,-3,0,-6,-22,-18,-16,-5,goodbye
25.40662169456482,-20,-15,-16,-16,-7,-8,-9,-5,-5,-13,-24,-23,-18,-15,goodbye
25.42273998260498,-31,-23,-20,-22,-7,-11,-21,-7,-14,-16,-32,-26,-20,-24,goodbye
25.42273998260498,-20,-2,-4,0,-1,2,-17,-2,-10,-2,-15,-6,-7,-9,goodbye
25.438817501068115,-1,0,-1,-3,1,0,1,0,-4,2,12,9,10,3,goodbye
25.438817501068115,2,-7,-7,-12,0,-11,5,-1,-10,-9,6,7,4,2,goodbye
25.45483040809632,0,5,1,6,-4,3,0,-2,-15,-9,-2,6,-5,1,goodbye
25.45483040809632,9,15,7,18,-2,12,3,-2,-14,0,8,11,5,7,goodbye
25.470080375671387,15,5,11,4,4,1,5,2,-6,0,6,9,15,10,goodbye
25.470080375671387,4,1,1,-3,4,0,1,2,2,4,-7,0,6,4,goodbye
25.48584771156311,2,3,0,-5,0,9,0,1,4,15,0,0,2,0,goodbye
25.48584771156311,10,4,9,0,0,6,3,8,13,22,15,14,16,7,goodbye
25.501368045806885,8,3,2,4,1,-2,7,10,29,21,12,17,25,16,goodbye
25.501368045806885,3,1,0,-2,-1,0,3,5,28,16,2,2,13,11,goodbye
25.517077445983887,1,0,1,-3,-4,7,2,5,20,13,1,-11,0,3,goodbye
25.517077445983887,-3,0,-1,1,3,3,2,3,16,7,0,-14,-9,-2,goodbye
25.53312873840332,-5,0,-4,2,6,-4,1,-2,4,-4,0,-11,-13,-5,goodbye
25.53312873840332,-3,-1,0,3,-3,-6,5,-4,-5,-10,9,-7,-6,-1,goodbye
25.54867935180664,-10,-3,0,0,-3,-2,11,-3,-5,-4,10,-3,-1,-1,goodbye
25.54867935180664,-9,-1,-9,-3,7,1,12,-4,-2,0,5,-4,-3,-8,goodbye
25.5637948513031,2,2,-4,-5,8,2,0,-2,-5,-6,3,-3,-9,-8,goodbye
25.5637948513031,-2,-4,-4,-2,0,-2,-8,-1,-18,-19,-16,-3,-18,-6,goodbye
25.579837560653687,-19,-16,-19,6,-7,-5,0,-6,-33,-19,-39,-10,-23,-9,goodbye
25.579837560653687,-10,-11,-8,1,-9,0,-2,-4,-32,-21,-23,-9,-18,-10,goodbye
25.595122814178467,10,-1,7,-12,-5,2,-15,0,-16,-24,1,0,-2,-3,goodbye
25.595122814178467,9,0,8,-11,1,0,-18,0,-12,-10,5,9,12,0,goodbye
25.610778093338013,1,2,14,0,1,-4,-8,0,-9,5,1,12,9,2,goodbye
25.610778093338013,7,8,9,1,0,-3,-3,-2,7,2,3,14,5,5,goodbye
25.625773191452023,13,10,10,2,3,3,-4,0,22,2,14,22,20,9,goodbye
25.625773191452023,10,11,12,14,11,8,5,6,30,24,22,20,30,13,goodbye
25.6409854888916,7,6,4,16,5,4,12,4,28,26,9,4,16,8,goodbye
25.6409854888916,5,0,-2,3,0,6,9,0,12,4,-1,-2,5,0,goodbye
25.65610074996948,4,0,-1,1,5,4,4,-2,6,-3,0,-8,2,0,goodbye
25.65610074996948,0,5,4,6,5,-11,-6,-5,10,-8,-8,-10,-12,0,goodbye
25.67222547531128,-4,0,-2,-3,-8,-15,-10,0,10,-3,-9,-4,-12,-4,goodbye
25.67222547531128,-5,-13,-13,-16,-16,-4,0,4,0,10,0,0,1,-2,goodbye
25.68873167037964,-7,-13,-5,-9,-11,-3,0,2,-19,-3,-8,-6,-6,-5,goodbye
25.68873167037964,-13,-11,-8,-4,-8,-13,-8,0,-32,-23,-18,-18,-24,-15,goodbye
0.0877048969268798,5,4,5,12,-5,6,10,0,5,6,-1,8,1,6,goodbye
0.0877048969268798,-3,1,2,17,3,7,15,6,18,13,5,6,4,2,goodbye
0.1038236618041992,0,-1,6,13,-4,6,0,0,-14,0,-1,9,-8,-5,goodbye
0.1038236618041992,5,1,0,4,-16,0,-4,-4,-19,-2,8,9,1,1,goodbye
0.1190071105957031,8,0,2,-6,-10,-13,0,5,8,3,12,3,14,5,goodbye
0.1190071105957031,9,-10,1,-15,-6,-20,-11,2,5,-8,0,0,2,-6,goodbye
0.1337122917175293,15,-10,-3,-19,-8,-17,-27,-2,-18,-27,12,8,0,-7,goodbye
0.1337122917175293,16,12,16,-14,0,-21,-35,0,-25,-31,29,24,10,2,goodbye
0.1497964859008789,2,18,10,0,1,-27,-36,-4,-23,-21,19,10,6,-2,goodbye
0.1497964859008789,-14,0,-1,15,-6,-8,-27,-9,-28,-12,-3,-8,-11,-7,goodbye
0.1655440330505371,-14,0,1,27,-1,18,-1,2,-14,0,-13,-12,-15,3,goodbye
0.1655440330505371,-4,0,-2,23,2,16,20,10,17,23,-10,-12,-3,11,goodbye
0.181544542312622,-8,-15,-4,-2,-8,11,14,5,24,27,-11,-11,3,7,goodbye
0.181544542312622,-13,-20,-14,-17,-7,11,8,-5,8,12,-9,-10,9,6,goodbye
0.1971058845520019,-3,-13,-9,-17,1,3,6,-6,5,0,-11,2,9,14,goodbye
0.1971058845520019,0,-4,4,-6,5,4,5,-1,15,0,-9,14,0,12,goodbye
0.2147591114044189,0,1,3,9,11,12,7,-2,20,2,-2,0,0,0,goodbye
0.2147591114044189,12,7,7,15,16,7,10,0,16,-1,-3,-5,7,3,goodbye
0.2281618118286132,17,12,5,9,9,0,12,6,17,7,-1,7,13,8,goodbye
0.2281618118286132,13,11,8,4,5,-2,16,6,22,26,18,18,21,5,goodbye
0.244086742401123,12,7,12,5,4,-3,6,2,15,19,28,15,18,5,goodbye
0.244086742401123,0,0,-5,2,-2,-4,-10,-2,-6,-8,8,0,-2,-3,goodbye
0.2600979804992676,-16,-4,-13,-10,-11,0,-6,-6,-23,-29,-17,-14,-22,-24,goodbye
0.2600979804992676,-14,-8,-15,-20,-3,1,12,-4,-9,-24,-18,-15,-22,-27,goodbye
0.2756459712982178,-4,-3,-7,-9,0,1,13,1,8,-4,6,6,-3,-1,goodbye
0.2756459712982178,1,9,6,4,-4,0,1,5,7,10,27,24,13,10,goodbye
0.2905750274658203,0,12,2,8,0,-7,0,0,-9,2,16,5,4,-7,goodbye
0.2905750274658203,-4,4,0,3,7,-7,-5,-5,-22,-10,-4,-14,-15,-14,goodbye
0.305992841720581,-4,0,4,9,4,1,-14,-1,-16,1,0,-7,-17,0,goodbye
0.305992841720581,-2,4,3,8,0,2,-10,4,-6,10,6,0,-3,-3,goodbye
0.3215141296386719,0,10,5,3,6,-1,-6,2,0,-4,3,-8,4,-12,goodbye
0.3215141296386719,2,13,6,19,13,2,-8,0,1,-7,-2,-11,0,0,goodbye
0.3375442028045654,2,6,5,29,6,3,0,4,-3,3,-14,-5,-11,10,goodbye
0.3375442028045654,-4,-19,-7,0,-10,-2,5,0,-4,0,-26,-10,-15,3,goodbye
0.3528058528900146,-9,-34,-17,-30,-20,0,2,-5,-2,1,-31,-16,-7,6,goodbye
0.3528058528900146,-4,-25,-13,-34,-17,5,7,5,-5,16,-19,-10,7,20,goodbye
0.3682966232299804,4,-21,-10,-30,-15,4,16,10,7,20,-4,0,17,19,goodbye
0.3682966232299804,14,-19,-5,-24,-16,-1,5,-1,24,1,-4,5,11,5,goodbye
0.3839502334594726,17,-2,0,-17,-7,-11,-17,-13,11,-17,-2,8,9,-1,goodbye
0.3839502334594726,15,7,4,-21,5,-14,-22,-4,-12,-25,7,14,12,-2,goodbye
0.3998234272003174,10,10,6,-12,11,0,-10,1,-8,-16,14,17,10,-3,goodbye
0.3998234272003174,2,16,2,7,12,0,-5,-5,4,-1,19,13,7,-7,goodbye
0.4150614738464355,-3,19,9,2,13,-12,-12,-1,5,6,24,13,2,-7,goodbye
0.4150614738464355,-8,13,9,5,12,-1,-5,7,0,4,18,4,-4,-5,goodbye
0.4306108951568603,-10,12,4,33,4,17,9,3,-5,1,6,-4,-5,-4,goodbye
0.4306108951568603,-9,6,6,26,-2,7,9,0,-9,7,6,-3,0,0,goodbye
0.4457910060882568,-12,-10,-3,-6,-6,-7,0,-3,-7,4,3,-9,-6,0,goodbye
0.4457910060882568,-16,-10,-13,1,-6,1,2,-6,-6,-17,-10,-11,-23,-9,goodbye
0.4618964195251465,-1,8,0,27,-3,10,9,-2,-10,-22,-14,-1,-19,-10,goodbye
0.4618964195251465,13,12,14,25,1,0,8,2,-8,-3,-2,8,-3,5,goodbye
0.4773077964782715,11,7,9,18,8,6,5,3,9,15,9,8,5,13,goodbye
0.4773077964782715,13,11,8,26,17,27,15,3,33,31,11,9,12,10,goodbye
0.4930436611175537,14,10,16,25,15,20,15,4,19,24,0,8,6,9,goodbye
0.4930436611175537,0,-2,4,4,2,-2,-1,-3,-13,0,-10,-10,-2,2,goodbye
0.5085549354553223,-6,-11,-6,-12,-9,-11,-5,-7,-7,-3,-6,-16,3,-1,goodbye
0.5239531993865967,-2,-13,-7,-14,-10,-6,5,2,16,8,0,0,9,2,goodbye
0.5239531993865967,-15,-12,-23,-17,0,-6,7,0,11,4,-6,-6,-1,-3,goodbye
0.5239531993865967,-22,-2,-20,-26,6,-12,2,-1,1,0,-12,-16,-5,-13,goodbye
0.5400650501251221,-13,-6,-9,-27,-7,-13,-7,4,1,1,-8,-6,0,-11,goodbye
0.5400650501251221,-14,-22,-13,-19,-17,-8,-23,5,-7,-8,-10,-5,-4,-9,goodbye
0.5556232929229736,-4,-10,-7,-4,-2,5,-7,3,0,-9,-9,-2,0,-3,goodbye
0.5556232929229736,16,2,1,1,3,8,10,2,13,-3,-2,8,15,8,goodbye
0.5712671279907227,10,-7,0,-9,-14,-8,-12,-3,-13,-12,-5,3,4,6,goodbye
0.5861492156982422,-1,0,0,-8,-20,-14,-25,-6,-33,-16,-2,-9,-8,0,goodbye
0.5861492156982422,5,11,5,4,0,-5,-1,0,-11,-8,6,0,-5,1,goodbye
0.6012661457061768,13,0,13,2,10,2,8,6,5,-4,4,9,-6,3,goodbye
0.6012661457061768,8,-5,6,0,1,0,3,2,6,4,1,8,-2,5,goodbye
0.6165721416473389,5,-2,-3,-2,-1,-8,0,-7,2,4,4,7,6,0,goodbye
0.6165721416473389,10,-7,-3,-7,0,-2,-2,-6,1,-5,13,8,12,0,goodbye
0.6325950622558594,18,-2,8,-8,0,6,0,5,14,6,27,12,12,14,goodbye
0.6325950622558594,19,17,20,-7,2,3,-1,4,20,18,26,18,0,11,goodbye
0.648167610168457,8,22,8,-2,7,2,-4,-8,-2,1,10,16,-11,0,goodbye
0.648167610168457,-6,11,1,10,8,5,-1,-5,-17,-9,-1,4,-6,-3,goodbye
0.664031982421875,-6,11,3,12,6,2,-3,4,-12,-9,-1,-8,-3,-8,goodbye
0.664031982421875,2,16,3,4,7,3,-6,-2,-11,-16,0,-5,-11,-12,goodbye
0.6801533699035645,-4,20,8,10,7,5,2,-7,-14,-17,-1,4,-3,-11,goodbye
0.6801533699035645,-17,14,5,24,6,0,9,-2,-14,-6,0,-6,3,-9,goodbye
0.695734977722168,-20,0,0,29,7,8,6,2,-15,4,-4,-25,-11,-3,goodbye
0.695734977722168,-20,-7,-5,24,1,25,14,4,-1,20,-15,-26,-12,0,goodbye
0.7109715938568115,-12,-6,-10,11,-5,15,27,4,17,30,-14,-18,10,8,goodbye
0.7109715938568115,-1,-15,-4,-9,-2,2,26,5,21,22,-8,-7,21,13,goodbye
0.7259490489959717,-12,-36,-12,-18,-7,4,13,1,21,13,-14,-10,10,4,goodbye
0.7259490489959717,-18,-25,-21,-9,-14,0,-1,-1,21,9,-16,-10,-2,-2,goodbye
0.74212646484375,-1,0,-15,-2,-4,-7,-6,0,10,8,-5,0,-2,3,goodbye
0.74212646484375,5,-1,-8,-2,5,-2,-6,4,1,1,-2,3,2,0,goodbye
0.7581062316894531,0,-9,1,-8,3,0,-10,4,7,-5,-9,1,-4,-9,goodbye
0.7581062316894531,5,0,2,-10,-1,-12,-7,0,8,-4,-11,2,-7,-5,goodbye
0.7732322216033936,13,1,6,-2,-5,-19,-10,-4,-6,-7,-2,12,2,6,goodbye
0.7732322216033936,15,0,17,5,-5,-11,-18,0,-15,-15,14,27,8,13,goodbye
0.788989782333374,17,-1,8,0,-1,-8,-7,0,-10,-17,22,28,4,9,goodbye
0.788989782333374,15,-4,1,-13,-8,-15,0,-7,-9,-18,7,14,-2,0,goodbye
0.8046054840087891,6,-3,4,-14,-13,-13,-10,-6,-10,-19,0,1,-4,-4,goodbye
0.8046054840087891,1,3,2,-7,-9,-1,-5,3,-2,-10,6,1,1,-6,goodbye
0.8208432197570801,3,14,-2,0,-5,4,10,6,5,4,14,12,11,-3,goodbye
0.8208432197570801,12,16,2,8,3,5,6,4,7,6,22,17,11,3,goodbye
0.8358678817749023,14,16,12,9,16,0,-7,1,0,-2,26,12,3,3,goodbye
0.8358678817749023,5,14,5,0,12,-3,-6,-4,-1,1,19,5,2,-2,goodbye
0.8519957065582275,0,8,-1,2,6,-1,0,0,3,15,3,-5,1,-1,goodbye
0.8519957065582275,-2,7,0,15,12,10,2,2,2,13,-7,-18,-1,0,goodbye
0.8675346374511719,-13,7,-5,10,16,11,5,-5,0,2,-12,-24,-5,-3,goodbye
0.8675346374511719,-18,0,-9,-6,7,1,3,-4,4,1,-13,-16,-11,-4,goodbye
0.8835737705230713,-12,-11,-17,-12,0,1,-2,3,-1,3,-12,-19,-17,-6,goodbye
0.8835737705230713,-15,-22,-26,-23,-2,3,-15,-4,-23,-5,-13,-33,-17,-14,goodbye
0.8987054824829102,-22,-27,-16,-39,-14,0,-18,-8,-28,-12,-18,-27,-16,-14,sil
0.8987054824829102,-18,-18,-9,-24,-23,3,1,0,-9,0,-20,-15,-14,-3,sil
0.9147157669067384,-7,0,1,8,-2,16,22,2,0,1,-12,-7,-6,3,sil
0.9147157669067384,4,12,16,26,15,18,20,4,0,-3,3,3,1,6,sil
0.929663896560669,8,9,18,15,4,8,13,4,5,5,11,12,7,4,sil
0.929663896560669,-4,1,13,3,-3,3,12,0,4,12,-6,5,6,0,sil
0.9450345039367676,-10,-2,6,12,0,2,5,-1,2,0,-18,-3,3,3,sil
0.9450345039367676,0,-2,13,17,-4,-1,-6,0,3,-3,-2,9,5,4,sil
0.9606995582580566,10,0,10,12,-6,-4,-5,2,6,1,6,25,5,0,sil
0.9606995582580566,16,6,0,14,1,-15,0,2,9,0,-2,14,1,8,sil
0.97637677192688,20,12,11,19,6,-12,0,7,12,1,4,9,7,21,sil
0.97637677192688,19,11,10,15,5,10,15,11,21,17,23,20,23,22,sil
0.9918689727783204,15,6,-3,11,4,19,30,6,32,25,15,22,22,19,sil
0.9918689727783204,7,1,-9,8,6,9,22,0,28,15,6,10,12,8,sil
1.007474422454834,0,-8,-16,-4,3,-8,3,-2,6,0,13,0,11,-9,sil
1.007474422454834,-4,-19,-16,-23,-12,-24,-17,-2,-7,-13,13,0,7,-15,sil
1.023036003112793,-5,-18,-12,-30,-22,-18,-35,-6,-9,-17,1,-5,0,-12,sil
1.023036003112793,-5,-11,-5,-29,-10,-13,-37,-6,-17,-19,-4,-8,-5,-15,sil
1.039663314819336,1,-6,-5,-23,0,-22,-23,-3,-18,-22,0,0,-5,-11,sil
1.039663314819336,7,0,-6,-10,0,-17,-15,-6,-12,-19,2,12,-9,-5,sil
1.0553100109100342,0,12,10,0,1,1,-10,-7,-25,-12,0,9,-17,-4,sil
1.0553100109100342,-5,20,10,4,6,3,-1,-5,-39,-2,-1,-5,-21,1,sil
1.0706183910369873,-3,20,3,13,4,0,-3,-4,-21,-1,-6,-19,-30,-1,sil
1.0706183910369873,-2,16,9,14,0,2,-4,0,2,-6,-15,-23,-29,-17,sil
1.085582971572876,-9,6,7,7,0,9,4,2,3,-3,-18,-16,-9,-8,sil
1.085582971572876,-10,-1,5,10,8,20,22,4,1,13,-10,-4,5,13,sil
1.100677251815796,-3,-9,5,15,18,26,39,10,22,35,0,0,14,19,sil
1.100677251815796,-5,-19,-8,-5,4,2,24,9,31,30,-2,-2,17,7,sil
1.1168231964111328,-11,-19,-21,-33,-20,-19,-3,0,9,1,-12,-10,4,-4,sil
1.1168231964111328,-1,-5,-16,-29,-12,-7,0,-4,5,-9,-5,-8,1,-3,sil
1.1315114498138428,14,0,4,-18,4,8,0,2,15,-3,17,9,15,1,sil
1.1315114498138428,15,-4,0,-12,-2,-1,-22,1,0,-4,25,18,17,-2,sil
1.1475844383239746,3,3,-2,10,0,-9,-23,-5,-21,-9,16,9,7,-9,sil
1.1475844383239746,-1,18,12,26,16,5,-8,-1,-17,-1,17,2,8,-7,sil
1.1628024578094482,-2,13,13,16,17,15,-3,1,-1,13,22,1,11,-3,sil
1.1788558959960938,0,8,11,8,7,14,3,0,1,9,12,13,1,5,sil
1.1788558959960938,1,9,2,20,5,10,12,-5,-10,-3,-6,8,-11,8,sil
1.1788558959960938,-1,0,-9,25,0,7,8,-3,-20,-7,-25,-17,-22,-3,sil
1.193983793258667,-13,-15,-6,11,-6,17,6,4,-15,-9,-40,-31,-26,-11,sil
1.193983793258667,-12,-26,-8,-6,-11,19,13,2,-3,-10,-33,-23,-19,-1,sil
1.2100985050201416,0,-16,-6,-13,-15,0,13,3,7,1,-12,-10,-6,10,sil
1.2100985050201416,-1,1,-5,-5,-12,-12,12,9,18,13,-10,-9,0,10,sil
1.2260937690734863,-10,0,-8,-3,-4,-12,9,2,14,2,-15,-11,-1,1,sil
1.2260937690734863,2,-4,4,-5,-2,-16,2,0,11,1,3,5,6,2,sil
1.2412960529327393,22,2,12,4,0,-16,8,3,28,11,20,24,20,10,sil
1.2563166618347168,14,4,5,11,3,-9,9,4,37,6,11,22,19,11,sil
1.2563166618347168,1,0,-3,-7,0,-9,-4,-1,30,0,9,16,13,5,sil
1.2563166618347168,0,-2,-7,-28,-8,-17,-17,-6,14,0,13,12,6,0,sil
1.271799087524414,0,0,0,-23,-7,-14,-24,-8,-3,-6,8,5,-2,-5,sil
1.2869858741760254,7,4,3,-10,2,-1,-21,-4,-6,0,12,11,3,0,sil
1.2869858741760254,19,7,7,-12,3,-1,-12,0,-8,7,15,25,8,7,sil
1.3021447658538818,18,11,11,0,1,-4,-12,0,-25,-3,11,21,1,6,sil
1.3021447658538818,7,17,11,14,5,-8,-13,-2,-30,-1,16,5,8,-1,sil
1.3178610801696775,1,13,18,11,10,-9,-6,-2,-17,0,18,7,9,-8,sil
1.3178610801696775,-1,0,7,16,13,1,0,-5,-17,-15,3,3,-9,-8,sil
1.332775592803955,-9,-8,-1,17,7,14,-1,-7,-27,-17,-10,-16,-16,-9,sil
1.332775592803955,-12,-1,-4,4,1,11,-1,1,-16,-1,-11,-22,-5,-10,sil
1.3488805294036863,-7,11,-9,13,4,10,5,8,3,1,-3,-12,-4,-4,sil
1.3488805294036863,-8,9,-4,22,1,17,6,2,-3,-7,-5,-12,-11,-2,sil
1.3645989894866943,-14,-5,-9,-2,-6,14,4,-2,-17,-9,-17,-20,-11,-4,sil
1.3645989894866943,-16,-15,-20,-21,-5,6,2,0,-10,-10,-18,-17,-13,-3,sil
1.379626989364624,-21,-16,-19,-10,-7,10,0,-1,-10,-19,-20,-18,-26,-8,sil
1.379626989364624,-19,-15,-17,-1,-9,14,1,-8,-12,-11,-30,-26,-26,-15,sil
1.3956773281097412,-4,-5,-5,1,4,18,18,3,11,16,-19,-12,0,-1,sil
1.3956773281097412,1,4,-1,8,11,14,29,16,40,30,6,0,18,11,sil
1.4110894203186035,-2,0,-6,0,-2,-9,18,12,37,18,8,-2,7,5,sil
1.4110894203186035,0,-12,-4,-23,-14,-17,10,6,25,16,-2,-4,3,1,sil
1.4265999794006348,4,-15,0,-21,-7,-2,12,4,29,26,3,2,19,12,sil
1.4265999794006348,5,-6,8,-7,0,-4,2,1,30,15,12,10,23,14,sil
1.4419972896575928,12,0,6,-5,0,-21,-11,-3,17,-4,7,14,20,3,sil
1.4419972896575928,19,3,6,-4,-3,-21,-16,-7,3,-9,8,22,19,0,sil
1.4580180644989014,23,14,22,1,0,-13,-12,-1,1,-2,23,37,17,7,sil
1.4580180644989014,32,30,29,11,8,-9,-7,0,-1,1,28,40,13,11,sil
1.4739575386047363,34,36,31,18,10,-3,-16,-3,-21,-6,22,28,1,6,sil
1.4739575386047363,10,23,20,18,10,2,-18,-8,-41,-18,10,2,-12,0,sil
1.4896268844604492,-6,4,4,15,8,7,1,-9,-36,-15,-11,-15,-24,-2,sil
1.4896268844604492,-1,-5,3,10,4,18,18,-2,-12,0,-24,-9,-27,-1,sil
1.5050573348999023,-9,-15,-4,5,-6,16,8,2,4,8,-16,-9,-13,2,sil
1.5050573348999023,-24,-26,-19,-5,-18,-4,-9,-1,3,0,-16,-21,-8,0,sil
1.5209681987762451,-21,-30,-30,-22,-18,-12,-14,-5,1,-7,-15,-19,-14,-8,sil
1.5209681987762451,-13,-19,-29,-33,-10,-8,-16,0,-2,-10,4,-3,0,-9,sil
1.5361051559448242,-5,1,-9,-13,-5,-11,-15,4,-15,-14,19,4,12,-8,sil
1.5361051559448242,0,8,-3,5,-2,-10,0,1,-12,-13,10,0,1,-22,sil
1.551743507385254,-7,0,-4,1,6,-1,4,0,-5,-7,-3,-9,-9,-24,sil
1.551743507385254,-9,11,2,8,21,8,0,1,-4,0,-5,-10,0,-6,sil
1.567051649093628,-8,19,0,18,18,17,10,3,4,5,-1,-9,2,-1,sil
1.567051649093628,-22,0,-9,5,1,23,20,7,11,7,-12,-20,-11,-7,sil
1.5825865268707275,-19,-12,-9,3,4,16,24,4,6,13,-23,-25,-11,2,sil
1.5825865268707275,6,0,5,11,13,11,28,1,10,24,-8,-4,10,17,sil
1.5986034870147705,13,0,4,4,0,11,16,3,15,25,10,16,24,18,sil
1.5986034870147705,8,-9,1,-3,-16,-2,-2,4,9,18,13,19,18,21,sil
1.6136198043823242,19,-3,18,-4,-8,-17,-7,3,16,10,6,25,16,26,sil
1.6136198043823242,22,2,10,-4,-2,-16,-3,3,25,3,0,23,15,19,sil
1.6296319961547852,13,-2,-2,-8,-8,-14,-7,0,10,-5,2,18,6,5,sil
1.6296319961547852,13,-2,3,-22,-9,-12,-11,-7,-3,-14,5,19,0,-3,sil
1.644946575164795,6,1,-5,-26,-6,-13,-21,-14,-10,-24,-1,5,-3,-12,sil
1.644946575164795,-5,2,-9,-17,-6,-19,-30,-13,-17,-28,-9,-9,-14,-20,sil
1.6606659889221191,-6,5,0,-9,-2,-9,-19,-6,-12,-17,2,-11,-15,-20,sil
1.6606659889221191,-3,11,14,-1,1,5,-8,-1,-8,-8,16,-6,-8,-12,sil
1.6766884326934814,0,18,24,23,11,8,-7,0,-19,-8,12,0,-1,-3,sil
1.6766884326934814,5,21,23,48,26,14,5,-2,-16,-1,9,2,1,1,sil
1.6918578147888184,4,22,19,49,25,28,28,3,4,20,14,0,-1,6,sil
1.6918578147888184,0,13,0,27,7,25,33,7,17,34,9,0,-1,12,sil
1.707927942276001,-1,-6,-15,-3,-4,5,14,3,8,13,-2,-5,0,6,sil
1.707927942276001,0,-16,-11,-16,-7,-1,-2,5,0,-15,-10,-9,-7,-3,sil
1.7236063480377195,5,-9,-6,5,-7,-3,-3,10,-3,-8,-5,-3,-4,-2,sil
1.7236063480377195,4,-12,-3,14,-5,-10,0,3,-10,5,0,-4,3,0,sil
1.739664077758789,-7,-25,-14,-13,-9,-15,-7,-6,-14,-6,-2,-17,0,-8,sil
1.739664077758789,-12,-22,-21,-36,-14,-10,-14,0,-10,-15,-18,-11,-10,-8,sil
1.755624771118164,0,0,-1,-19,-4,-1,0,7,1,-4,-23,9,-9,6,sil
1.755624771118164,0,9,3,0,3,0,10,0,15,2,-12,5,-6,15,sil
1.7707288265228271,-16,-1,-7,-2,0,0,1,-8,13,2,-6,-8,0,4,sil
1.7710883617401123,-24,-16,-14,-11,-5,2,-2,-3,0,2,-8,-11,9,-9,sil
1.786789894104004,-21,-18,-16,-16,-6,3,0,-1,-7,-2,-11,-10,5,-11,sil
1.786789894104004,-15,-11,-10,-16,-4,3,-2,-1,-2,0,-10,-5,-2,-7,sil
1.802839756011963,-6,-5,-9,-6,4,8,5,0,7,18,-1,0,3,-5,sil
1.802839756011963,-1,0,-1,-7,13,4,10,0,8,20,3,1,6,-4,sil
1.818894624710083,5,3,0,-12,6,-4,1,-2,3,1,3,2,0,-4,sil
1.818894624710083,20,7,5,5,4,0,2,1,15,6,10,14,8,2,sil
1.8345160484313965,26,17,24,32,15,12,9,10,24,20,19,21,21,15,sil
1.8345160484313965,16,22,19,27,13,6,6,4,9,5,12,7,10,10,sil
1.850148677825928,7,11,7,1,3,-6,3,-3,4,-11,1,-1,0,0,sil
1.850148677825928,7,5,9,-6,-1,-5,2,3,17,-4,7,3,5,8,sil
1.8657963275909424,5,12,5,4,-2,0,-8,5,3,-8,6,-1,0,16,sil
1.8657963275909424,0,12,1,8,0,-1,-20,-2,-24,-19,-7,-16,-14,0,sil
1.88099217414856,-2,-1,0,-6,-3,-11,-14,-5,-18,-2,0,-14,-3,-13,sil
1.88099217414856,0,-10,-1,-24,-20,-19,-15,0,-5,-1,6,-1,0,-15,sil
1.8965299129486084,0,0,1,-14,-19,-17,-15,0,-14,-22,0,5,-8,-8,sil
1.8965299129486084,7,7,11,12,-2,-9,2,-3,-10,-11,8,16,4,12,sil
1.912607192993164,5,-2,13,11,-5,-5,2,-3,-1,0,10,25,10,17,sil
1.912607192993164,-8,-12,-8,-4,-16,-13,-20,-7,-18,-16,-8,6,-14,0,sil
1.9286346435546875,0,3,-5,6,-6,-13,-14,-9,-32,-17,0,0,-18,0,sil
1.9286346435546875,15,15,19,26,5,7,10,0,-17,4,23,13,9,9,sil
1.944096565246582,6,1,13,24,9,27,12,4,1,8,16,13,15,5,sil
1.944096565246582,-3,-4,6,18,19,23,10,0,6,2,10,10,0,0,sil
1.9597151279449463,-3,1,0,17,16,8,12,-1,-4,-1,11,7,-3,-3,sil
1.9597151279449463,-2,-3,-6,12,0,1,0,1,-15,-6,-3,-4,-6,-4,sil
1.974921941757202,3,-3,0,13,-3,10,-3,4,1,7,-1,1,-2,0,sil
1.974921941757202,1,3,-2,9,4,13,11,5,22,26,10,11,1,-4,sil
1.9905099868774407,-11,-2,-5,-9,5,6,12,4,15,12,-4,-4,-10,-11,sil
1.9905099868774407,-4,-2,3,-11,9,8,7,1,12,4,-10,-7,-4,3,sil
3.8446757793426514,-1,0,-7,-6,5,-1,3,3,6,6,-2,-6,9,0,goodbye
3.8446757793426514,-2,-4,-5,-25,0,-11,0,2,0,2,5,-5,5,-5,goodbye
3.859715461730957,-17,-23,-22,-30,-14,-10,-14,-11,-8,-6,-18,-13,-12,-13,goodbye
3.859715461730957,-24,-29,-25,-26,-17,2,-16,-9,-12,-13,-32,-20,-16,-12,goodbye
3.875643491744995,-11,-17,-14,-24,-12,4,0,3,-8,-13,-19,-15,0,-7,goodbye
3.875643491744995,-1,-8,-6,-17,-15,-5,2,-2,-4,-12,-9,-6,1,-6,goodbye
3.890654802322388,-2,-6,-2,-12,-13,-6,-7,-7,-7,-7,-8,0,-5,-5,goodbye
3.890654802322388,4,-2,0,-5,0,-4,-6,0,0,4,-1,7,1,3,goodbye
3.906524181365967,11,3,3,3,12,-10,-4,1,3,-2,0,6,0,5,goodbye
3.906524181365967,4,8,-2,0,19,-5,-13,1,-3,-14,-3,-4,-12,-4,goodbye
3.921586513519287,0,2,-11,-7,14,3,-12,3,-8,-1,1,-2,0,-3,goodbye
3.921586513519287,-2,-3,0,-10,1,0,-8,0,-10,-1,15,9,12,1,goodbye
3.937106132507324,-10,-4,0,-9,0,-7,-13,-5,-10,-17,17,4,0,-8,goodbye
3.937106132507324,-6,2,-2,-2,6,-3,-8,-3,-5,-8,9,-3,0,-18,goodbye
3.953858137130737,16,17,11,13,6,5,7,-1,4,5,11,5,13,-3,goodbye
3.953858137130737,23,31,21,28,4,5,4,0,8,0,20,15,6,12,goodbye
3.96877384185791,8,34,24,27,7,-1,-9,3,-6,-5,14,13,1,4,goodbye
3.96877384185791,4,18,16,19,6,-5,-4,0,-11,0,3,5,6,-3,goodbye
3.9838032722473145,7,10,14,26,5,0,15,1,9,13,7,10,0,9,goodbye
3.999601125717163,0,11,10,25,1,4,29,13,20,24,14,12,-1,16,goodbye
3.999601125717163,-9,0,-10,-1,-10,2,21,5,6,10,-5,-8,2,0,goodbye
3.999601125717163,-4,-7,-6,-11,-16,8,5,-3,-8,-8,-26,-19,-7,-8,goodbye
4.020285844802856,-1,0,1,4,-5,9,7,2,-9,2,-5,-12,-8,1,goodbye
4.020285844802856,-1,-3,0,2,3,4,8,5,0,16,2,-9,0,4,goodbye
4.03084397315979,3,-2,3,1,8,12,6,0,10,1,-11,-3,-6,1,goodbye
4.045976877212524,5,3,5,16,4,15,15,-1,11,-5,-5,-1,-12,4,goodbye
4.045976877212524,-7,-8,-7,0,-6,4,14,0,4,6,-6,-9,-12,0,goodbye
4.062710762023926,-17,-20,-24,-23,-10,7,0,-2,2,8,-22,-11,-14,-3,goodbye
4.062710762023926,-7,-14,-13,-17,-3,10,-1,-3,0,-6,-16,-7,-15,2,goodbye
4.062710762023926,-3,-21,-2,-3,1,2,2,-2,-8,-14,-11,-15,-13,0,goodbye
4.077833652496338,-13,-33,-14,-2,3,0,0,-3,-11,-6,-25,-22,-12,-5,goodbye
4.077833652496338,-12,-23,-14,-12,-3,0,-10,0,3,3,-22,-6,-3,6,goodbye
4.093749523162842,-1,-7,-10,-26,-12,-18,-19,4,17,4,0,8,12,9,goodbye
4.093749523162842,0,-10,-13,-35,-12,-42,-29,-4,0,-11,7,8,15,-11,goodbye
4.109878778457642,-1,-10,-3,-25,-13,-37,-36,-9,-16,-21,0,14,7,-20,goodbye
4.109878778457642,8,4,11,-6,-7,-11,-26,0,3,-3,13,21,20,0,goodbye
4.124955177307129,28,19,21,3,4,0,-8,5,17,13,38,37,38,21,goodbye
4.140630483627319,30,16,15,4,4,1,-1,1,0,7,34,45,33,15,goodbye
4.140630483627319,13,12,5,2,-2,0,-3,0,-13,-1,21,26,20,-4,goodbye
4.156142473220825,8,20,14,7,1,-3,-1,1,-7,-3,30,10,16,-5,goodbye
4.156142473220825,7,24,14,15,9,0,9,0,1,-2,32,10,8,1,goodbye
4.172866106033325,2,22,14,26,17,6,16,0,3,1,15,5,-4,-4,goodbye
4.172866106033325,6,25,13,36,19,6,14,0,0,5,3,-7,-6,-8,goodbye
4.172866106033325,2,15,2,27,8,7,11,3,-5,-4,-6,-14,-5,-4,goodbye
4.186913728713989,-15,-6,-4,3,3,17,14,6,-8,-10,-18,-19,-14,-8,goodbye
4.202519178390503,-13,-7,-8,0,7,19,18,1,0,5,-15,-21,-15,-10,goodbye
4.202519178390503,0,8,0,5,9,5,15,0,7,20,-5,-14,-4,4,goodbye
4.217673778533936,-4,4,-1,0,11,0,7,1,0,13,0,-18,-2,12,goodbye
4.217673778533936,-19,-15,-14,-5,6,5,-3,-1,-11,3,-4,-30,-16,0,goodbye
4.233356475830078,-19,-9,-4,0,-5,8,-8,-3,-12,-1,-17,-25,-29,-7,goodbye
4.233356475830078,-10,2,-1,2,-2,4,0,-3,-8,-7,-31,-14,-24,-1,goodbye
4.249013662338257,-14,-19,-19,-7,0,0,0,-5,-13,-19,-42,-10,-25,-1,goodbye
4.249013662338257,-21,-32,-22,-20,-19,-2,-6,-6,-8,-22,-37,-8,-25,-5,goodbye
4.26454496383667,-12,-5,-8,-12,-25,-1,-1,-1,12,-5,-9,-5,-7,0,goodbye
4.26454496383667,4,7,6,3,-8,0,7,8,27,14,13,5,9,14,goodbye
4.2800452709198,14,-6,4,2,-2,4,14,11,26,23,5,12,15,15,goodbye
4.2800452709198,7,-15,-2,-10,-10,2,11,0,3,6,-15,3,7,-2,goodbye
4.295657873153687,-4,-13,-4,-12,-15,-11,-2,-6,-20,-22,-17,-5,-4,-13,goodbye
4.295657873153687,-1,-13,-6,-10,-12,-23,-20,-1,-7,-12,2,8,0,-1,goodbye
4.310934543609619,7,-7,-1,-9,0,-8,-24,1,16,26,14,25,17,5,goodbye
4.310934543609619,13,0,-1,-1,5,5,-10,-2,20,33,11,18,24,1,goodbye
4.3262035846710205,19,4,8,0,0,-10,-7,-5,16,7,17,13,22,6,goodbye
4.3262035846710205,16,1,18,-11,3,-20,-8,0,1,-6,28,20,22,9,goodbye
4.34158992767334,15,2,11,-4,11,2,9,5,-12,-7,25,23,21,4,goodbye
4.34158992767334,25,16,14,12,6,12,17,3,-6,-8,19,21,14,6,goodbye
4.357131719589233,20,23,12,13,0,-7,-1,-3,4,-11,24,14,10,4,goodbye
4.357131719589233,1,16,6,5,6,-5,-13,-3,1,-8,29,7,9,-3,goodbye
4.372926235198975,-7,13,8,1,8,14,-3,3,-3,0,12,1,1,0,goodbye
4.372926235198975,-8,10,3,0,0,0,0,6,-6,-3,-11,-13,-12,-1,goodbye
4.388521432876587,-7,9,0,5,0,-15,-6,1,-10,-15,-11,-20,-12,-10,goodbye
4.388521432876587,-5,15,-2,13,12,7,3,0,-9,-11,0,-9,0,-10,goodbye
4.403721570968628,-9,9,-13,7,9,18,9,3,-5,-3,-9,-5,-9,-3,goodbye
4.403721570968628,-10,-4,-11,1,-3,4,0,1,0,0,-5,-9,-22,0,goodbye
4.419773578643799,-1,-7,-1,7,0,5,1,0,3,5,13,-15,-3,0,goodbye
4.419773578643799,-3,2,5,12,11,10,0,0,-5,0,-2,-14,-3,-9,goodbye
4.435593605041504,-18,0,-5,11,5,0,-3,-8,-17,-15,-32,-18,-30,-18,goodbye
4.435593605041504,-21,-15,-17,3,-4,-5,4,-14,-18,-11,-30,-22,-28,-9,goodbye
4.451814889907837,-8,-16,-2,-7,-6,0,8,-1,-7,10,-15,-11,-7,0,goodbye
4.451814889907837,-1,-11,2,-12,-9,6,1,7,6,25,-3,5,2,5,goodbye
4.4669508934021,-4,-13,-2,-17,-9,-5,3,2,15,17,-2,12,3,12,goodbye
4.4669508934021,-6,-17,-4,-18,-14,-12,4,-3,10,4,-17,3,0,6,goodbye
4.482906103134155,0,-10,-2,-5,-16,1,-4,-4,-2,0,-23,-2,-5,-1,goodbye
4.482906103134155,11,7,6,4,0,5,-2,1,1,1,-8,4,1,4,goodbye
4.498965740203857,12,11,9,4,13,-2,10,3,21,12,12,11,17,15,goodbye
4.498965740203857,7,0,13,4,7,6,9,6,24,21,23,10,22,15,goodbye
4.51457953453064,11,0,3,3,7,17,9,10,15,22,21,10,24,9,goodbye
4.51457953453064,11,-2,-7,-7,10,7,13,6,8,18,12,7,19,5,goodbye
4.529933452606201,-1,-4,-4,-6,2,-1,3,0,2,4,0,-3,0,1,goodbye
4.529933452606201,-13,-4,-10,0,-7,-6,-6,-2,0,-9,-9,-15,-12,-10,goodbye
4.545785427093506,-12,-8,-17,-11,-12,-13,-9,-1,-10,-21,-15,-14,-13,-21,goodbye
4.545785427093506,-5,0,-9,-7,-8,-11,-14,-3,-20,-34,-9,-5,-15,-14,goodbye
4.560835361480713,5,17,2,20,-1,-12,-12,-5,-8,-28,8,0,-10,0,goodbye
4.560835361480713,11,10,12,10,0,-13,-11,0,4,-1,24,13,6,5,goodbye
4.576000213623047,3,-5,0,-8,0,-3,-12,0,-6,5,15,10,12,0,goodbye
4.576000213623047,-2,-1,-3,4,0,-2,-13,-6,-21,-14,-6,0,0,-10,goodbye
5.694721698760986,-4,-1,-13,11,0,20,29,2,5,12,-8,-17,-2,2,goodbye
5.694721698760986,-2,-15,-11,-14,0,15,29,6,22,29,-2,-21,7,11,goodbye
5.709866046905518,5,-16,0,-18,0,5,19,11,27,45,3,-3,28,23,goodbye
5.709866046905518,7,-13,-2,2,-2,5,14,2,15,28,-8,14,23,23,goodbye
5.725738286972046,-1,-15,-9,-8,-11,6,8,-2,8,3,-16,8,-1,12,goodbye
5.725738286972046,-10,-23,-19,-41,-26,-3,1,3,11,5,-11,-6,-3,5,goodbye
5.740876197814941,-9,-22,-15,-35,-22,-6,0,5,2,7,-7,2,7,7,goodbye
5.740876197814941,-3,-7,-4,-6,-1,-4,2,-1,-2,-6,4,21,13,10,goodbye
5.7560036182403564,0,2,-1,-1,1,-5,2,-3,5,-9,13,17,16,7,goodbye
5.7560036182403564,9,1,12,-6,-8,-8,-2,0,7,1,9,9,15,4,goodbye
5.772611141204834,17,0,14,2,-5,-17,-12,-1,-1,4,13,13,12,0,goodbye
5.773610830307007,6,-6,-1,-2,-1,-27,-23,-7,-10,-5,11,17,7,-7,goodbye
5.786913871765137,-9,-12,-9,-24,-10,-24,-34,-10,-16,-18,6,11,2,-10,goodbye
5.802165508270264,5,1,-1,-13,-6,-17,-31,-11,-11,-14,15,13,3,-2,goodbye
5.802165508270264,20,22,10,13,8,-4,-11,-7,-2,1,12,18,4,-4,goodbye
5.817840576171875,4,20,1,10,9,4,0,-2,-7,-1,-2,-1,-5,-16,goodbye
5.817840576171875,-8,14,-3,-4,5,0,-3,4,-16,-23,-3,-16,-19,-15,goodbye
5.833411931991577,-4,18,2,3,8,2,-4,5,-15,-26,-4,-6,-26,-12,goodbye
5.833411931991577,-5,12,1,22,8,10,5,-7,-17,-14,-12,-13,-23,-20,goodbye
5.851166725158691,-8,8,5,23,13,18,14,-5,-11,-12,-11,-26,-23,-18,goodbye
5.851166725158691,-7,13,1,17,23,30,27,10,11,-1,-5,-16,-19,-6,goodbye
5.851166725158691,-2,8,-2,13,16,19,27,11,17,13,-4,-4,-9,3,goodbye
5.865110874176025,0,-1,3,8,-2,0,8,3,6,11,-5,-6,-8,7,goodbye
5.880721807479858,-9,-10,-5,6,-3,0,2,0,11,8,-11,-20,-17,-1,goodbye
5.880721807479858,-13,-11,-7,9,6,8,4,2,11,17,-10,-22,-10,-1,goodbye
5.896108627319336,-2,-9,-2,7,-3,3,-1,1,0,21,3,-9,16,15,goodbye
5.896108627319336,2,-16,-6,-6,-23,-7,-7,0,0,16,2,1,27,21,goodbye
5.911952257156372,-4,-23,-12,-25,-20,-10,-6,0,2,8,-15,-2,14,4,goodbye
5.911952257156372,-9,-19,-12,-34,-10,-8,-9,5,3,0,-15,-6,7,-4,goodbye
5.9279656410217285,0,-9,1,-26,-4,-9,-11,6,11,0,10,15,18,7,goodbye
5.9279656410217285,16,-3,7,-8,8,-4,-3,1,18,14,32,34,34,23,goodbye
5.943898916244507,12,0,2,-7,16,1,-3,-2,12,6,21,21,29,18,goodbye
5.943898916244507,6,5,10,-6,2,2,-7,-3,-3,-19,1,13,4,0,goodbye
5.9597930908203125,10,17,10,6,-7,-3,0,-5,-18,-20,8,26,-2,-4,goodbye
5.9597930908203125,3,14,8,0,-7,-13,3,-3,-24,-11,17,22,-1,-1,goodbye
5.974848031997681,3,8,9,-2,-4,-11,-3,-4,-12,-18,8,1,-16,-3,goodbye
5.974848031997681,12,17,10,31,7,3,-1,-10,-2,-16,0,-7,-30,-10,goodbye
5.990735054016113,-3,15,12,46,17,17,13,-5,-11,-1,-7,-9,-24,-14,goodbye
5.990735054016113,-23,-5,0,19,1,23,26,4,-5,8,-17,-7,-8,-4,goodbye
6.00586724281311,-5,-19,-4,0,-11,14,25,9,22,19,-12,0,4,9,goodbye
6.00586724281311,16,-15,0,-3,-5,-3,17,7,35,18,0,6,14,11,goodbye
6.027889728546143,10,-4,-4,-11,-6,-17,-2,1,13,-2,0,7,14,4,goodbye
6.027889728546143,2,4,-3,-5,-6,-21,-29,0,-15,-16,0,5,5,1,goodbye
6.027889728546143,12,11,3,4,2,-18,-32,0,-16,-6,13,5,12,1,goodbye
6.037066221237183,24,26,17,16,8,-3,-16,0,0,2,26,11,16,0,goodbye
6.052672147750855,9,31,16,27,8,12,3,2,-2,3,18,0,-3,-3,goodbye
6.052672147750855,-18,1,-8,15,6,18,26,0,-9,6,-12,-29,-16,-7,goodbye
6.067723035812378,-24,-22,-21,-7,1,26,33,-2,6,12,-31,-33,-5,-2,goodbye
6.067723035812378,-16,-23,-23,-13,0,28,15,-5,23,23,-21,-29,-4,0,goodbye
6.082891941070557,-21,-27,-22,-26,-4,6,-2,0,8,24,-21,-32,-15,-3,goodbye
6.082891941070557,-20,-28,-15,-45,-16,-18,-16,2,-7,7,-33,-24,-8,-6,goodbye
6.098053932189941,-7,-22,-16,-47,-19,-24,-29,-3,-7,-9,-25,-13,-1,-11,goodbye
6.098053932189941,-7,-5,-10,-42,-8,-18,-24,-6,-11,-21,-8,-3,-15,-16,goodbye
6.113569736480713,-5,13,-7,-27,5,-15,-3,0,-14,-23,5,9,-15,-7,goodbye
6.113569736480713,6,10,-3,-14,8,-15,-4,0,-11,-18,13,14,3,5,goodbye
6.129050016403198,11,0,0,-17,3,-14,-16,-4,-13,-14,9,21,12,9,goodbye
6.129050016403198,14,9,2,-6,5,-11,-14,-5,-6,-14,13,29,7,6,goodbye
6.144633054733276,11,18,10,19,8,-2,-14,0,3,-14,20,18,-3,0,goodbye
6.144633054733276,-4,8,6,28,1,8,-8,2,0,-11,11,-4,-9,-13,goodbye
6.16016960144043,-11,5,5,25,3,11,10,4,-4,-10,-1,-8,-13,-21,goodbye
6.16016960144043,0,14,20,35,9,17,23,5,-7,-8,0,-1,-16,-16,goodbye
6.175815582275391,2,8,19,39,9,23,29,2,0,0,12,0,-3,0,goodbye
6.175815582275391,0,-5,19,29,9,19,34,3,18,20,23,5,14,14,goodbye
6.190932273864746,0,-9,16,26,1,7,24,7,27,37,20,14,24,17,goodbye
6.190932273864746,4,0,10,33,-7,-1,8,6,23,38,16,18,28,26,goodbye
6.206609487533569,20,12,18,38,0,2,9,7,30,34,27,25,35,34,goodbye
6.206609487533569,23,10,14,25,5,12,12,6,36,27,24,27,34,27,goodbye
6.2220728397369385,10,-5,0,-3,0,12,2,1,13,8,-1,20,15,17,goodbye
6.2220728397369385,4,-12,-11,-19,-8,0,-9,-3,-12,-5,-15,0,-2,3,goodbye
6.238038063049316,7,-2,-8,-18,-12,-13,-16,-6,-22,-12,-21,-18,-12,-11,goodbye
6.238038063049316,9,5,-3,-14,-8,-14,-16,-5,-21,-17,-29,-10,-13,-6,goodbye
6.254225015640259,1,2,-18,-17,-4,-12,-6,-8,-17,-12,-19,-4,-7,0,goodbye
6.254225015640259,-13,-4,-22,-29,-8,-16,-1,-3,-16,-11,-12,-22,-12,-13,goodbye
6.2698259353637695,-16,-9,-11,-33,-3,-8,-5,2,-12,-11,-18,-29,-17,-19,goodbye
6.2698259353637695,-6,-9,-10,-25,0,0,-12,-4,-11,-3,-17,-9,-8,-9,goodbye
6.2857513427734375,-11,-12,-11,-23,-7,0,-21,-12,-16,-6,-2,0,-2,-6,goodbye
6.2857513427734375,-13,-10,-12,-18,-6,-6,-21,-6,-7,-12,6,-12,-3,-8,goodbye
6.301225185394287,-1,0,1,-12,0,-11,-14,0,0,-14,-11,-20,-16,-8,goodbye
6.301225185394287,-1,9,8,-14,0,-13,-3,3,-4,-15,-23,-11,-24,-7,goodbye
6.316936254501343,-10,5,2,-1,9,-2,11,4,7,-3,6,0,-7,-2,goodbye
6.316936254501343,-8,2,4,15,22,11,16,0,20,10,26,5,5,2,goodbye
6.332558870315552,-9,0,0,8,8,10,4,-3,-4,2,0,-3,-1,-4,goodbye
6.332558870315552,-13,-6,-3,0,-7,0,-8,-1,-26,-6,-10,-9,-8,-12,goodbye
6.347962141036987,-5,0,0,12,-2,0,-7,4,-2,0,9,0,1,-5,goodbye
6.347962141036987,3,3,-2,18,0,4,0,4,25,8,7,1,7,0,goodbye
6.364100217819214,4,-5,0,7,-7,8,10,4,22,2,-15,-1,-2,-3,goodbye
6.364100217819214,9,-3,1,10,0,14,27,9,12,1,-11,4,-5,-1,goodbye
6.378917932510376,19,13,7,27,14,15,32,7,7,12,13,21,13,11,goodbye
6.378917932510376,20,15,14,18,11,7,20,1,4,20,22,33,31,27,goodbye
6.3944091796875,15,1,5,0,4,1,7,-2,3,16,15,25,24,25,goodbye
6.3944091796875,9,0,4,6,5,1,0,-4,0,9,16,6,9,1,goodbye
6.40989351272583,-4,4,2,7,1,0,-6,-4,0,1,16,-7,4,-9,goodbye
6.425936460494995,-14,-2,-1,-13,-9,-9,-18,0,0,-8,3,-6,2,1,goodbye
6.425936460494995,-7,-4,-1,-14,-8,-11,-17,1,-6,0,0,0,3,4,goodbye
6.441747188568115,0,0,-1,-3,0,-1,0,-3,-8,8,0,-3,0,1,goodbye
6.441747188568115,0,3,4,-12,0,3,0,0,-9,-10,-10,-5,-10,2,goodbye
6.4573118686676025,5,4,-1,-15,-5,-1,-12,2,-8,-19,-10,3,-8,-3,goodbye
6.4573118686676025,9,1,-10,-6,-4,-8,-6,0,-1,-4,0,5,-8,-2,goodbye
6.4573118686676025,0,-4,-1,-4,-4,1,0,0,4,0,-4,-4,-20,4,goodbye
6.47244930267334,-9,-8,0,0,-4,12,0,2,13,2,-11,-11,-12,-3,goodbye
6.4879796504974365,-9,-7,-1,2,2,0,0,1,18,4,-9,-9,0,-10,goodbye
6.4879796504974365,-1,-5,0,0,1,-19,-1,-1,6,-4,-3,-4,-3,-3,goodbye
6.503253698348999,3,0,4,9,-2,-10,0,0,-1,-5,5,1,0,1,sil
6.503253698348999,4,2,5,14,3,10,18,0,6,7,9,2,15,3,sil
6.519073724746704,4,-2,0,3,6,3,13,-4,0,4,0,-2,12,7,sil
6.519073724746704,6,6,8,2,2,-11,-16,-1,-19,-7,2,9,0,10,sil
6.53507661819458,1,23,11,23,2,-7,-19,2,-14,-3,11,16,4,2,sil
6.53507661819458,-2,5,3,19,0,-1,-7,-4,-8,3,1,2,11,-10,sil
6.550743341445923,-5,-16,-3,-17,-8,-3,-10,-6,-17,-4,-10,-4,-1,-14,sil
6.550743341445923,-11,-7,-20,-28,-7,-3,-6,0,-11,-14,-8,-11,-10,-7,sil
6.565916061401367,-8,1,-17,-12,-2,0,5,0,0,-13,-11,-17,-10,-6,sil
6.565916061401367,0,-1,-3,-11,0,0,3,-4,-3,-6,-15,-11,-10,-11,sil
6.581567287445068,0,-2,-5,-21,-4,-2,-5,-2,-4,-1,-8,-8,-5,-7,sil
6.581567287445068,-5,-5,-5,-17,-3,-1,-6,0,-1,0,-8,-8,-3,-1,sil
6.597593307495117,-9,-8,-7,0,1,1,0,-1,-4,-3,-16,-5,-9,-11,sil
6.597593307495117,-2,0,3,12,0,2,3,4,0,-1,-5,1,-6,-12,sil
6.61278223991394,9,11,17,9,3,11,5,11,19,15,24,15,12,15,sil
6.61278223991394,8,13,7,-1,7,11,6,4,19,18,31,13,17,22,sil
6.628220796585083,-5,1,-3,-2,-5,3,1,0,-3,-3,2,-1,-2,-6,sil
6.628220796585083,-14,-11,-2,11,-12,4,-5,-1,-16,-3,-9,-5,-11,-10,sil
6.643802404403687,-2,-8,5,18,6,12,3,-3,-7,11,5,8,1,13,sil
6.643802404403687,15,8,10,19,24,28,29,5,14,19,19,14,18,24,sil
6.660029649734497,16,13,7,19,19,26,42,9,30,23,13,10,20,25,sil
6.660029649734497,5,-5,5,0,2,5,23,0,27,24,0,12,12,24,sil
6.675539493560791,13,-11,3,-1,5,12,22,2,31,32,6,20,17,26,sil
6.675539493560791,29,11,14,23,26,25,43,13,42,47,24,19,27,33,sil
6.6907618045806885,7,1,2,0,7,-11,13,2,24,15,-3,-9,4,4,sil
6.6907618045806885,-23,-30,-36,-49,-36,-50,-45,-14,-15,-44,-43,-36,-39,-47,sil
6.706371307373047,-17,-12,-24,-37,-28,-39,-49,-11,-38,-55,-25,-20,-41,-50,sil
6.706371307373047,-5,14,-2,-1,-3,-26,-20,-4,-36,-36,5,-1,-6,-21,sil
6.721909046173096,-15,1,-9,-7,-14,-33,-25,-8,-28,-44,-2,-6,-1,-18,sil
6.721909046173096,-16,-1,-6,-7,-18,-25,-35,-5,-23,-38,-3,-6,-14,-19,sil
6.737962961196899,0,10,2,7,-2,-11,-24,0,-19,-11,12,1,0,-5,sil
6.737962961196899,11,13,9,6,2,-12,-23,0,-15,-13,13,8,11,-1,sil
6.753611564636231,11,12,9,7,4,-13,-31,-4,-14,-18,7,11,-1,-6,sil
6.753611564636231,6,9,4,13,6,4,-21,-6,-21,-8,0,0,-17,-4,sil
6.769822359085083,1,8,7,11,12,29,9,2,-9,2,-5,-7,-11,5,sil
6.769822359085083,6,11,12,17,23,35,35,6,16,27,4,-1,6,19,sil
6.785846710205078,6,5,19,25,14,24,31,2,20,47,7,2,8,21,sil
6.785846710205078,0,-6,4,9,-4,18,18,3,17,33,-4,-1,-2,15,sil
6.8019936084747314,0,-12,-8,-20,-5,17,22,6,20,20,-12,0,0,20,sil
6.8019936084747314,-4,-13,-3,-23,0,16,27,2,7,23,-14,0,5,12,sil
6.81712818145752,-22,-16,-5,-8,-5,10,15,-2,-4,11,-19,-8,0,-8,sil
6.81712818145752,-20,-20,-7,-12,-10,2,1,-3,9,0,-12,-5,2,-6,sil
6.833145380020142,1,-16,-5,-16,-6,-4,4,0,23,7,8,3,20,8,sil
6.833145380020142,5,-5,-6,-12,-4,-18,-2,-3,10,5,14,9,25,4,sil
6.848891258239746,-1,4,0,-15,-12,-19,-22,0,2,-7,16,19,23,-1,sil
6.848891258239746,6,10,6,-1,-8,-2,-14,10,6,-12,25,21,20,2,sil
6.863936901092529,4,6,7,20,0,3,2,10,-7,-18,12,2,-3,-5,sil
6.863936901092529,-14,-3,-3,15,0,4,1,-3,-28,-24,-12,-17,-27,-23,sil
6.880050659179688,-15,0,-5,12,0,11,3,-10,-25,-12,-19,-18,-26,-22,sil
6.880050659179688,0,9,3,26,6,3,10,-1,-5,4,-17,-9,-18,-6,sil
6.895226955413818,5,6,-6,24,0,-7,-1,1,11,0,-8,-3,-6,6,sil
6.895226955413818,6,3,-4,8,-2,-5,-12,4,21,-5,2,0,10,10,sil
6.910998582839966,11,4,3,3,4,-1,0,7,20,16,3,-1,21,8,sil
6.910998582839966,5,-4,-10,-5,5,-7,7,1,6,25,0,-8,17,4,sil
6.927548170089722,0,-10,-12,-24,1,-8,0,-4,-2,-5,-1,0,7,2,sil
6.927548170089722,14,-5,-3,-24,4,-7,-2,-3,2,-17,3,14,3,1,sil
6.942208290100098,22,0,4,-12,9,-13,-4,0,0,-5,12,18,-1,0,sil
6.942208290100098,4,0,6,-11,13,-18,-12,0,-12,-13,7,11,-12,-5,sil
6.9581828117370605,-6,-3,2,-20,16,-18,-9,0,-16,-18,2,0,-17,-5,sil
6.9581828117370605,2,6,9,-11,20,-6,-2,1,-3,-5,15,8,-12,5,sil
6.973843574523926,4,25,15,16,17,8,-5,-2,1,1,21,18,-13,7,sil
6.973843574523926,-7,21,7,16,0,15,-12,-11,-21,-4,0,1,-25,-10,sil
6.988982439041138,-12,3,0,-6,-18,12,-8,-8,-39,-7,-17,-19,-22,-20,sil
6.988982439041138,-5,3,-2,3,-16,10,4,-2,-15,0,-14,-14,-4,-5,sil
7.005005836486816,0,6,5,27,-5,17,12,0,2,11,-8,-1,0,5,sil
7.005005836486816,-4,-5,0,20,-6,23,9,5,-4,16,-2,-8,0,4,sil
7.020528316497803,-8,-17,-10,1,-12,13,4,8,7,17,0,-17,7,7,sil
7.020528316497803,-10,-13,-9,0,-11,2,11,6,27,18,-13,-16,3,8,sil
7.0355517864227295,-18,-8,-11,-2,-6,7,21,0,22,15,-29,-15,-9,0,sil
7.0355517864227295,-20,-9,-5,-12,-7,7,15,0,12,10,-19,-10,-11,-5,sil
7.051609039306641,-6,-6,-6,-13,-11,-9,0,0,11,1,2,-4,-2,-3,sil
7.051609039306641,2,-4,-7,-6,-7,-19,-4,2,9,-6,8,-4,0,-1,sil
7.067033529281616,0,-7,-3,-4,0,0,0,5,9,-1,0,-2,0,0,sil
7.067033529281616,0,-12,-6,-7,0,8,2,0,7,6,-3,-1,4,3,sil
7.082565546035767,5,-13,0,-12,-7,-11,-5,0,9,-2,1,-2,12,4,sil
7.082565546035767,8,-4,5,-3,0,-18,-10,1,18,-9,13,5,24,6,sil
7.098586082458496,12,9,6,10,9,-6,-10,-3,4,-6,21,22,36,9,sil
7.098586082458496,27,21,23,7,12,-6,-7,-4,-12,-6,28,38,45,16,sil
7.113999366760254,41,26,33,12,16,-11,-7,0,-2,-9,37,47,51,20,sil
7.113999366760254,33,30,31,33,17,-4,-17,-1,-10,-12,31,49,36,5,sil
7.130077600479126,15,21,19,34,9,0,-15,-3,-39,-10,9,31,10,-12,sil
7.130077600479126,2,1,4,17,0,-7,-4,-4,-35,-14,-5,7,1,-7,sil
7.145930290222168,-11,-7,0,15,-5,-2,3,-5,-16,-15,-11,-3,4,0,sil
7.145930290222168,-13,-11,-14,3,-9,7,12,-3,-3,2,-11,-16,4,-5,sil
7.161973237991333,-6,-16,-18,-24,-11,4,11,0,10,10,-9,-17,3,-7,sil
7.161973237991333,-10,-14,-13,-22,-12,-3,2,1,18,0,-4,-6,7,-3,sil
7.177993535995483,-7,-3,-11,-7,-4,-4,0,3,11,-1,9,1,10,-7,sil
7.177993535995483,-1,9,-6,-14,9,-1,-5,7,4,6,9,1,-1,-16,sil
7.193831443786621,-14,12,-10,-16,17,4,-7,0,4,2,-14,-14,-29,-12,sil
7.193831443786621,-23,8,-7,0,22,15,8,0,6,7,-25,-31,-47,-3,sil
7.208954572677612,-17,6,-4,6,17,23,17,6,1,21,-17,-37,-46,-4,sil
7.208954572677612,-26,-10,-18,-9,0,13,3,0,-16,15,-31,-49,-54,-10,sil
7.224957704544067,-36,-30,-29,-30,-11,5,0,-6,-26,10,-51,-59,-86,-12,sil
7.224957704544067,-23,-25,-28,-36,-8,10,13,2,-8,12,-44,-50,-108,-8,sil
7.240543842315674,0,-12,-15,-31,-11,9,10,5,8,-2,-30,-26,-100,1,sil
7.240543842315674,8,-4,-3,-19,-9,0,0,0,15,-9,-12,-5,-100,14,sil
7.256220817565918,8,2,4,-4,0,-4,1,-1,23,4,9,3,-123,11,sil
7.256220817565918,6,-1,9,-1,-2,-3,-1,-1,18,0,9,12,-69,1,sil
7.271606683731079,12,-8,1,4,-12,-5,-7,0,2,-12,11,20,99,2,sil
7.271606683731079,18,8,11,22,-1,-16,-5,1,-4,-8,39,38,204,8,sil
7.287655591964722,17,18,31,30,8,-13,0,0,0,-5,48,55,164,10,sil
7.287655591964722,16,3,23,27,1,-1,1,-2,4,-6,33,54,122,16,sil
7.303208589553833,20,2,28,28,0,-2,1,-2,0,-5,31,41,118,19,sil
7.303208589553833,19,10,30,31,0,-12,-2,-7,-12,-8,32,24,92,11,sil
7.318766355514526,14,4,15,25,-11,-11,-11,-6,-17,-8,28,21,56,3,sil
7.318766355514526,12,6,12,16,-12,0,-4,3,-4,0,28,28,34,5,sil
7.333949327468872,12,13,9,6,0,0,6,3,3,1,16,21,13,4,sil
7.333949327468872,7,8,4,3,2,-2,-1,-2,-4,-11,-3,2,-10,-4,sil
7.349998235702515,-6,3,-6,7,4,4,-8,-2,-9,-16,-13,-11,-26,-14,sil
7.349998235702515,-14,5,-11,0,9,13,-2,0,0,5,-12,-16,-33,-10,sil
7.366001844406128,0,10,-3,-7,10,8,0,9,13,28,-7,-9,-35,2,sil
7.366001844406128,9,12,3,0,8,-5,-3,7,8,20,-7,-18,-44,0,sil
7.381905555725098,-4,4,2,-4,8,-10,-10,-5,-3,0,-25,-34,-59,-13,sil
7.381905555725098,-17,-7,-13,-20,3,5,-8,-5,3,1,-32,-24,-60,-11,sil
7.398008584976196,-17,-16,-24,-21,-3,10,5,6,6,3,-12,-16,-48,-5,sil
7.398008584976196,-23,-19,-20,-22,-6,-3,8,6,-8,-6,-3,-30,-39,-13,sil
7.413623809814453,-24,-11,-24,-27,-4,-6,-5,-6,-2,-8,-20,-29,-32,-11,sil
7.413623809814453,-8,-1,-17,-12,0,2,-6,-6,9,-4,-26,-3,-28,-2,sil
7.42867112159729,4,-2,-3,10,0,3,13,0,5,2,-10,-2,-23,-1,sil
7.42867112159729,1,-10,-1,3,0,-1,16,0,2,14,0,-6,-10,2,sil
7.443794965744018,-7,-17,-1,-18,-2,0,0,-1,-6,5,-2,6,-1,11,sil
7.443794965744018,-8,-9,-4,-8,-1,0,-6,-6,-22,-8,-14,9,-3,5,sil
7.458882808685303,2,8,0,14,5,5,2,0,-7,0,-12,10,2,0,sil
7.458882808685303,10,10,1,10,7,16,17,13,25,14,10,17,25,10,sil
7.4739696979522705,3,-5,-4,-8,1,6,18,11,21,12,22,14,31,16,sil
7.490073680877685,-1,-6,-5,-13,-3,-2,5,4,-5,0,7,10,17,0,sil
7.490073680877685,-2,0,-6,-11,-10,3,7,2,-13,-6,-4,5,16,-9,sil
7.490073680877685,0,-2,7,-10,-10,4,8,-1,-7,-3,-1,5,22,-1,sil
7.505669832229614,8,3,19,5,2,1,-1,0,2,-7,13,13,20,3,sil
7.506670236587524,10,10,13,24,11,-4,0,1,0,-9,20,5,15,0,sil
7.520840167999268,-4,0,6,13,1,-14,-8,-9,-14,-4,6,-3,7,-10,sil
7.520840167999268,-9,-14,-7,-10,-10,-10,-34,-15,-11,-16,-1,-3,0,-12,sil
7.53793740272522,5,-7,-2,-10,-9,-2,-19,0,11,-18,0,-3,9,0,sil
7.53793740272522,16,7,14,10,1,-2,7,4,22,13,8,-6,20,8,sil
7.5527119636535645,1,6,3,6,4,0,-1,-6,3,7,6,-18,2,-8,sil
7.567848205566406,-10,7,-2,-2,-1,-2,-12,-5,-22,-26,-8,-42,-18,-14,sil
7.567848205566406,4,13,9,21,-5,-14,-5,6,-7,-8,3,-33,0,7,sil
7.567848205566406,17,10,14,30,0,0,-6,11,18,15,33,-9,8,20,sil
7.584810018539429,10,17,16,6,6,13,2,3,1,7,21,-40,-4,10,sil
7.584810018539429,12,22,13,10,10,-5,5,-5,-18,10,0,-43,5,9,sil
7.599885702133179,18,9,14,24,6,-14,-15,-5,-6,6,1,52,12,12,sil
7.614943027496338,2,0,4,0,0,0,-11,-4,0,-11,-4,110,-15,3,goodbye
7.614943027496338,-13,-1,-7,-18,-1,1,4,-4,-10,-7,-24,67,-29,-6,goodbye
7.63053035736084,-10,-5,-16,-3,0,5,2,6,-5,3,-17,30,-10,-9,goodbye
7.63053035736084,0,0,-17,9,8,18,18,17,13,3,3,23,6,0,goodbye
7.645898103713989,3,2,-5,-1,5,14,46,9,20,9,3,2,9,7,goodbye
7.645898103713989,-10,-20,-13,-15,-3,-1,37,-2,11,22,-10,-17,5,-4,goodbye
7.662031173706055,-23,-34,-18,-16,-4,1,11,0,17,14,-10,-11,-5,-10,goodbye
7.662031173706055,-15,-10,-4,-8,-4,22,3,3,24,5,4,0,-3,5,goodbye
7.677543640136719,-4,0,-2,-5,-8,7,0,-1,4,13,7,-8,8,9,goodbye
7.677543640136719,-4,-12,-1,-17,-5,-18,-18,-2,-3,15,-6,-12,2,1,goodbye
7.692995548248291,-3,-12,-5,-23,2,-4,-23,1,11,2,-18,-10,-9,-3,goodbye
7.692995548248291,0,0,-5,-10,5,4,-12,-2,-1,-7,-21,-24,-15,-13,goodbye
7.709004640579224,1,5,12,12,6,-2,-5,-4,-21,-8,-12,-25,-16,-16,goodbye
7.709004640579224,8,6,7,22,3,3,-14,-1,-7,-10,4,-6,-10,-5,goodbye
7.725016355514526,8,4,-7,8,-1,1,-25,-5,-11,-24,10,-5,-5,0,goodbye
7.725016355514526,0,0,-7,-8,-6,-12,-10,-11,-33,-29,6,-22,2,4,goodbye
7.740572929382324,-5,2,0,-14,-11,-6,9,-10,-24,-12,0,-18,6,9,goodbye
7.740572929382324,-10,0,3,-15,-4,-1,1,0,-7,-1,-12,-8,-5,-1,goodbye
7.755787849426269,-7,-12,-2,-5,9,-13,-6,4,0,1,-9,-7,-5,-15,goodbye
7.755787849426269,0,-11,0,5,9,-12,4,7,15,10,9,1,2,-8,goodbye
7.771012783050537,0,3,2,4,0,9,13,5,15,4,4,4,-5,0,goodbye
7.771012783050537,-5,13,-4,-1,0,15,10,0,-4,-7,-8,-6,-8,-3,goodbye
7.787001848220825,-2,13,1,0,-1,-10,2,3,1,3,0,-2,9,-5,goodbye
7.787001848220825,3,9,5,7,-4,-23,-5,2,8,6,11,7,18,-2,goodbye
7.802621841430664,9,2,8,18,-3,0,-7,-3,-15,-13,13,15,11,2,goodbye
7.802621841430664,12,-2,8,14,-9,10,-5,1,-12,-11,21,27,18,12,goodbye
7.818631649017334,17,0,7,1,-10,0,0,9,15,0,27,33,28,17,goodbye
7.818631649017334,32,13,19,10,9,2,7,5,9,-9,18,29,16,18,goodbye
7.834063529968262,29,14,14,22,14,11,7,-1,0,-14,1,17,1,17,goodbye
7.834063529968262,-1,-1,1,1,-6,2,2,0,6,6,-8,2,-5,5,goodbye
7.849636554718018,-17,1,-1,-3,-6,-2,10,2,7,27,0,-1,0,0,goodbye
7.849636554718018,-2,13,0,14,11,-1,17,0,2,26,-1,-7,3,11,goodbye
7.865602254867554,0,5,-1,12,12,6,6,0,4,10,-16,-16,-2,2,goodbye
7.865602254867554,-11,-4,-9,0,6,16,-2,1,20,13,0,-11,-2,-10,goodbye
7.880925178527832,-14,0,-11,-12,3,6,-5,1,26,18,11,3,-1,-5,goodbye
7.880925178527832,-13,-6,-14,-28,-3,0,-7,-8,-2,-4,-14,-7,-18,-6,goodbye
7.896586894989014,-14,-22,-17,-27,-4,13,-1,-12,-21,-12,-25,-25,-25,-19,goodbye
7.896586894989014,-13,-20,-2,-14,1,17,3,0,0,6,-11,-9,-11,-15,goodbye
7.911608695983887,-14,-16,-9,-14,-3,-2,-3,3,9,1,-10,-3,-7,-12,goodbye
7.911608695983887,-11,-19,-14,-9,-8,-14,-8,-6,-7,-15,-15,-8,-13,-17,goodbye
7.92743992805481,0,-2,8,8,3,-2,0,-3,-11,0,-6,10,-2,-2,goodbye
7.92743992805481,6,14,15,17,11,-1,-1,10,0,11,2,23,10,17,goodbye
7.942880630493164,6,9,10,12,-3,-12,-7,9,-4,-4,2,8,1,17,goodbye
7.942880630493164,10,9,3,6,-13,-4,4,-5,-11,-15,7,-1,-3,9,goodbye
7.958438634872436,15,16,2,0,-2,-3,3,-10,-12,-13,12,1,5,6,goodbye
7.958438634872436,7,8,0,0,0,-19,-20,-3,-16,-16,8,6,11,-3,goodbye
7.973986864089966,-4,-7,-9,-1,-8,-16,-18,-1,-8,-18,0,0,5,-12,goodbye
7.973986864089966,0,-7,-3,-6,0,0,7,4,6,-3,-4,-11,2,-2,goodbye
7.989637851715088,8,0,0,-9,10,0,14,10,4,15,3,-15,7,6,goodbye
7.989637851715088,0,-6,-6,-3,2,-1,-3,1,-6,5,8,-5,0,-4,goodbye
8.00537109375,-12,-10,-2,-4,-9,3,-10,-6,-4,-9,-3,-1,-15,-16,goodbye
8.00537109375,-4,1,1,-4,-7,8,6,-5,4,3,-1,-13,-3,-8,goodbye
8.020609378814697,14,10,6,11,4,13,12,3,11,19,17,-1,16,11,goodbye
8.020609378814697,18,2,12,18,10,10,3,7,21,21,18,18,18,19,goodbye
8.04312252998352,6,0,10,-3,4,-3,3,0,17,7,0,6,2,7,goodbye
8.044121742248535,-1,12,5,-7,0,-1,1,0,-4,-25,-14,-9,-11,-4,goodbye
8.044121742248535,0,13,-7,17,2,15,0,6,-18,-25,-12,-4,-6,-1,goodbye
8.051666736602783,-4,-2,-4,9,3,12,7,2,-12,7,-6,0,-2,0,goodbye
8.066704034805298,-16,-14,-2,-10,0,-4,4,-8,-6,4,-13,-3,-15,-8,goodbye
8.081930875778198,-12,-3,-4,4,-1,-4,-8,-7,-5,-9,-12,-2,-11,-6,goodbye
8.081930875778198,1,11,1,18,6,5,0,5,9,15,7,10,11,9,goodbye
8.081930875778198,2,0,-2,2,7,9,14,8,30,27,5,20,12,15,goodbye
8.098023414611816,0,-11,0,-6,-1,5,6,1,20,-1,-5,13,-1,7,goodbye
8.098023414611816,4,6,6,7,0,0,4,2,6,-2,15,-1,6,2,goodbye
8.114121675491333,4,10,3,10,6,-9,14,7,13,23,27,0,22,1,goodbye
8.114121675491333,-1,-8,5,-9,-4,-13,5,3,9,14,1,10,12,3,goodbye
8.129900693893433,-5,-12,0,-13,-11,-12,-9,-10,-10,-7,2,4,0,1,goodbye
8.129900693893433,-3,-1,-11,-14,-11,-16,-18,-15,-19,-9,19,0,0,-6,goodbye
8.14595079421997,-2,-7,-14,-39,-17,-16,-21,-6,-17,-13,1,1,1,-9,goodbye
8.14595079421997,-6,-17,-11,-37,-15,-15,-25,-5,-18,-30,-23,-5,-15,-8,goodbye
8.16087293624878,-10,-5,-1,-3,-9,-17,-37,-11,-29,-36,-26,-11,-31,-19,goodbye
8.16087293624878,-6,11,0,4,-7,-15,-34,-7,-34,-20,-18,-13,-24,-26,goodbye
8.17624306678772,2,8,7,-4,7,4,-1,7,-9,0,-9,-12,-11,-6,goodbye
8.17624306678772,10,-1,13,10,17,32,22,13,22,13,4,-10,-5,14,goodbye
8.192162275314331,9,7,-1,31,15,39,19,5,18,8,14,-5,-2,6,goodbye
8.192162275314331,7,24,3,27,22,25,14,1,-2,0,3,0,0,-8,goodbye
8.207699537277222,14,11,9,11,13,7,19,1,5,8,-8,2,8,-4,goodbye
8.207699537277222,13,-10,4,3,-8,0,18,2,21,20,0,10,19,11,goodbye
8.223105430603027,8,2,11,18,6,14,17,7,21,24,22,17,24,24,goodbye
8.223105430603027,12,18,12,34,26,23,19,6,24,30,29,4,29,23,goodbye
8.23865032196045,3,1,0,20,6,1,16,2,14,29,7,-6,22,7,goodbye
8.254661083221436,-11,-10,-12,0,-8,-9,11,-1,-3,12,-6,0,5,-1,goodbye
8.254661083221436,-10,-6,-14,-13,-3,1,9,0,4,4,0,4,0,5,goodbye
8.254661083221436,-15,-14,-10,-28,-10,0,6,4,26,8,-6,-3,0,8,goodbye
8.270756959915161,-23,-24,-17,-37,-25,-34,-8,-2,3,-7,-21,-11,-5,0,goodbye
8.270756959915161,-7,-16,-10,-31,-26,-48,-29,-10,-31,-35,-11,-1,-4,-2,goodbye
8.284970998764038,7,-5,-1,-19,-14,-23,-37,-8,-25,-35,9,12,1,-4,goodbye
8.302160263061523,1,0,4,-12,-1,-10,-40,-8,-20,-33,0,7,-15,-20,goodbye
8.302160263061523,2,12,10,-6,2,-14,-32,-3,-34,-42,-12,5,-34,-24,goodbye
8.302160263061523,11,24,13,5,3,-1,-2,8,-21,-28,8,11,-19,-3,goodbye
8.318751573562622,8,23,25,22,7,25,16,6,0,-3,19,0,-5,6,goodbye
8.318751573562622,1,10,10,30,9,35,13,-4,1,0,-7,-22,-22,-7,goodbye
8.331839799880981,-11,-7,-15,16,5,18,14,-6,-12,-2,-34,-27,-35,-21,goodbye
8.347937107086182,-23,-10,-9,2,0,2,21,0,-18,10,-24,-17,-12,-10,goodbye
8.347937107086182,-14,-3,-6,5,0,5,13,0,2,30,10,-16,21,9,goodbye
8.364582777023315,-5,-7,-10,0,2,0,-7,0,24,21,17,-7,21,6,goodbye
8.364582777023315,-6,-10,-5,-3,9,-9,-6,4,14,5,0,7,6,-5,goodbye
8.378662586212158,3,-1,1,3,12,0,15,6,7,22,3,14,21,9,goodbye
8.378662586212158,15,0,3,0,5,10,22,6,29,32,10,13,33,26,goodbye
8.394653558731079,6,-7,-7,-9,-2,5,8,0,35,6,-3,3,16,10,goodbye
8.394653558731079,-2,-9,-11,-5,-12,0,-6,-6,7,-15,-14,0,-5,-6,goodbye
8.409752607345581,1,0,-7,2,-14,0,-12,-2,-12,-11,-11,3,-8,-7,sil
8.409752607345581,14,6,3,3,-5,-5,-11,3,-5,2,0,10,1,-4,sil
8.42555022239685,15,3,11,-12,-6,-2,-14,5,5,13,15,9,10,-1,sil
8.42555022239685,5,0,0,-21,-9,6,-12,2,2,13,19,7,9,0,sil
8.440738201141357,10,12,8,1,8,8,0,6,-3,1,13,18,10,11,sil
8.440738201141357,23,20,26,16,19,0,5,7,3,0,19,24,17,18,sil
8.45662784576416,10,2,8,-1,9,-16,0,-3,11,0,18,4,4,5,sil
8.45662784576416,-9,-5,-1,-8,2,-15,2,-5,0,-15,-2,-2,-13,-3,sil
8.472075939178467,-8,10,2,8,2,-1,0,0,-12,-14,-6,5,-4,3,sil
8.472075939178467,0,16,9,11,-3,0,-5,0,-6,6,13,7,5,10,sil
8.487755537033081,-1,-1,6,-1,-6,-13,-2,-3,0,0,17,-1,0,6,sil
8.487755537033081,-3,-9,-8,-7,0,-13,-7,-6,-5,-20,-5,-12,-10,-4,sil
8.502899169921875,-6,0,-3,0,2,1,-10,-5,-14,-17,-18,-20,-23,-13,sil
8.502899169921875,-7,-3,-3,7,-5,4,7,-2,-11,-4,-8,-22,-22,-4,sil
8.51867938041687,-5,-18,-14,0,-7,-4,11,-1,-6,-11,-7,-15,-11,0,sil
8.51867938041687,-8,-12,-11,-6,-1,4,1,-4,-11,-14,-19,-16,-12,-10,sil
8.533800601959229,-18,0,-6,-1,-3,18,6,-6,-14,-4,-19,-27,-14,-14,sil
8.533800601959229,-23,-2,-6,0,-5,10,12,0,-3,-1,-10,-24,-9,-14,sil
8.549617290496826,-13,-11,-10,-3,0,0,10,0,6,-2,-10,-19,-1,-16,sil
8.549617290496826,0,-2,-2,-3,4,3,3,-2,2,0,-10,-22,5,-9,sil
8.564517498016357,5,10,5,2,1,8,-8,3,-5,7,-2,3,7,-3,sil
8.564517498016357,-5,0,-4,3,-4,3,-12,0,-8,5,-3,36,-4,-12,sil
8.580821514129639,-10,-7,-4,1,-4,0,-3,-1,-7,-4,-12,30,-15,-12,sil
8.581239938735962,9,8,5,20,8,8,7,5,2,5,2,12,0,8,sil
8.596584796905518,26,13,11,26,13,11,11,10,19,26,16,17,20,21,sil
8.596584796905518,17,-1,13,0,2,0,3,7,27,20,3,20,13,17,sil
8.611539125442505,11,-7,2,-15,-3,-6,0,6,27,4,-1,6,6,19,sil
8.611539125442505,14,-6,0,-9,0,-6,1,5,23,5,2,5,15,24,sil
8.627094268798828,7,-6,0,-13,2,-11,3,0,18,9,3,11,19,15,sil
8.627094268798828,1,-1,-5,-18,-5,-21,-1,-4,4,2,12,7,15,3,sil
8.642796039581299,7,2,2,-11,-9,-16,-2,0,-9,1,24,4,23,4,sil
8.642796039581299,5,2,2,-1,-1,-2,0,2,-2,12,22,4,26,6,sil
8.657970666885376,-5,3,-6,-1,-1,1,-9,1,4,12,18,4,13,-2,sil
8.657970666885376,-6,9,-8,-3,-7,0,-21,0,0,-2,21,6,6,-10,sil
8.673738479614258,4,16,0,2,1,0,-20,-1,-10,-16,14,2,-3,-6,sil
8.673738479614258,7,18,13,12,14,0,-8,-3,-15,-23,-4,-10,-23,-3,sil
8.689776182174683,2,17,15,21,13,0,3,-5,-12,-21,-6,-14,-26,0,sil
8.689776182174683,0,15,15,24,8,1,6,-8,-15,-10,2,-14,-20,-2,sil
8.704838991165161,-8,4,4,15,7,12,3,-10,-30,-8,-10,-31,-28,-20,sil
8.704838991165161,-31,-7,-14,0,5,19,-1,-5,-35,-19,-37,-38,-42,-33,sil
8.720001220703125,-34,-13,-8,-4,-3,16,-2,4,-19,-12,-36,-21,-41,-15,sil
8.73539137840271,-11,-24,-1,-2,-7,14,14,9,1,8,-19,-7,-20,7,sil
8.73539137840271,-4,-32,-5,-13,4,17,27,8,17,14,-19,0,0,10,sil
8.73539137840271,-12,-21,-12,-21,8,9,20,4,21,20,-19,-2,6,3,sil
8.750822067260742,-4,-12,-15,-10,-11,-9,6,0,9,25,-10,-9,10,1,sil
8.766669034957886,3,-7,-4,-2,-20,-12,1,-2,8,8,-2,6,17,11,sil
8.766669034957886,0,-5,-8,-11,-10,-2,3,-1,27,3,5,21,29,20,sil
8.766669034957886,4,-8,-14,-24,-12,-16,-5,-1,26,7,8,12,27,9,sil
8.78182601928711,17,-5,-2,-20,-16,-36,-11,-2,12,-4,7,8,19,-6,sil
8.797897100448608,16,3,9,-4,-6,-30,-4,-5,17,-8,20,18,21,-3,sil
8.797897100448608,10,10,13,3,0,-10,-12,-3,13,0,32,28,15,3,sil
8.813856601715088,16,18,10,7,-1,-2,-20,3,0,-2,29,31,12,3,sil
8.813856601715088,24,24,23,9,3,-5,-2,6,0,-9,24,28,22,1,sil
8.813856601715088,23,23,31,19,5,-5,0,0,-8,-12,20,14,14,-4,sil
8.828937292098999,20,18,17,39,2,0,-13,-7,-31,-18,16,2,-6,-4,sil
8.829938650131226,10,17,17,38,7,8,-6,-4,-29,-16,15,7,-5,4,sil
8.844802856445312,-3,15,10,16,9,7,3,-1,-15,-5,9,8,1,2,sil
8.860096454620361,-13,3,-7,5,0,4,-10,-2,-23,-3,-4,-3,-13,-8,sil
8.860096454620361,-16,-8,-9,5,-1,11,-7,2,-26,-6,-15,-11,-26,-6,sil
8.87565803527832,-17,-8,-8,5,9,18,16,8,-5,3,-17,-16,-23,0,sil
8.87565803527832,-18,0,-5,15,19,20,16,5,8,13,-18,-24,-27,-1,sil
8.89087986946106,-11,2,-11,20,18,21,1,2,8,11,-22,-27,-32,-7,sil
8.89087986946106,-1,-5,-23,-6,10,14,0,3,6,8,-32,-30,-19,-4,sil
8.90606141090393,-5,-12,-21,-36,2,8,12,0,3,12,-33,-42,-4,-2,sil
8.90606141090393,-18,-14,-23,-27,0,10,16,-3,4,20,-19,-36,0,-10,sil
8.921677350997925,-16,-14,-22,-3,0,12,8,3,13,23,-14,-6,0,-3,sil
8.921677350997925,-9,-14,-22,-20,-9,3,6,7,15,11,-26,-10,0,5,sil
8.936765432357788,-10,-18,-15,-64,-12,-11,0,-5,1,-5,-33,-36,-12,-8,sil
8.936765432357788,1,-16,5,-61,-2,-8,-6,-8,3,-3,-11,-4,-7,-4,sil
8.952048778533936,13,-13,8,-6,2,1,1,3,24,13,23,35,18,26,sil
8.952048778533936,4,-16,6,13,-2,-13,6,8,24,9,28,23,27,22,sil
8.968140363693237,2,-9,13,0,-11,-29,-1,0,9,0,21,16,22,4,sil
8.968140363693237,17,8,16,2,-16,-15,-8,-2,10,0,37,41,29,16,sil
8.983294010162354,16,14,19,6,-15,-11,-8,0,12,-3,43,37,32,15,sil
8.983294010162354,4,13,16,1,-13,-23,-5,-8,-5,-16,28,9,23,-10,sil
8.99888825416565,1,21,17,6,-12,-12,-10,-12,-24,-19,15,13,10,-13,sil
8.99888825416565,7,15,14,11,-5,2,-12,-1,-19,-14,6,30,0,1,sil
9.014024496078491,7,0,6,11,3,-11,-7,-1,-12,-18,0,19,-5,-2,sil
9.014024496078491,-2,6,11,15,3,-16,-13,-7,-26,-23,0,1,-12,-15,sil
9.030226707458496,-5,13,8,17,0,0,-15,0,-23,-13,-5,0,-16,-12,sil
9.030226707458496,8,6,3,21,8,4,1,6,0,-7,-7,1,-12,-1,sil
9.04585599899292,12,11,1,33,22,6,14,2,-5,-12,0,-7,-6,0,sil
9.04585599899292,0,23,-6,38,19,19,8,0,-18,-3,0,-17,-10,-2,sil
9.061564445495604,0,22,-4,28,9,19,3,2,-3,11,-4,-7,-11,0,sil
9.061564445495604,4,5,0,13,14,6,17,4,11,16,0,-7,-4,0,sil
9.076718091964722,1,-9,-2,2,11,8,16,3,7,11,-6,-20,-9,-1,sil
9.076718091964722,-6,-15,-13,-8,-8,16,-5,1,5,3,-17,-19,-22,1,sil
9.092207431793211,-14,-20,-25,-28,-12,6,-9,-1,5,-2,-20,-17,-19,0,sil
9.092207431793211,-18,-16,-16,-23,1,1,4,-2,1,2,-13,-23,-1,-5,sil
9.107360124588013,-15,-6,-9,5,3,18,6,0,3,20,-3,-12,6,0,sil
9.107360124588013,-7,-6,-4,0,-6,19,0,2,8,20,-7,3,1,5,sil
9.122547388076782,0,-3,0,-23,-9,1,3,0,7,7,-12,-1,5,1,sil
9.122547388076782,6,0,2,-11,-1,0,1,-4,2,13,0,-1,16,7,sil
9.137964487075806,9,-4,13,1,5,3,-1,1,12,27,7,19,16,17,sil
9.137964487075806,12,-12,7,-12,6,-7,13,7,32,28,6,15,16,15,sil
9.154053449630736,5,-17,-12,-32,0,-21,15,1,27,5,3,-5,16,5,sil
9.154053449630736,-7,-18,-14,-38,-9,-19,-2,-2,7,-17,-3,-6,7,-4,sil
9.169721603393556,-8,-13,-7,-32,-16,-17,-14,0,3,-12,-4,-1,3,-6,sil
9.169721603393556,0,0,-2,-18,-16,-22,-20,-1,-8,-3,0,2,0,-2,sil
9.185027599334717,4,14,-6,2,-10,-14,-25,-1,-22,-17,7,12,-2,-8,sil
9.185027599334717,2,19,4,3,-2,-3,-17,1,-11,-22,18,25,0,-9,sil
9.200586080551147,5,16,26,-10,5,-6,-3,2,-7,-17,24,31,2,3,sil
9.200926303863524,4,12,15,9,9,-7,1,-1,-25,-23,8,9,-2,0,sil
9.21657133102417,-2,7,1,37,5,-1,-3,-5,-34,-29,-7,-9,-14,-16,sil
9.21657133102417,-10,2,0,21,5,-3,0,-8,-21,-22,-1,-11,-13,-15,sil
9.232754707336426,-11,8,0,9,8,2,2,-3,-10,-6,3,-15,-3,-3,sil
9.232754707336426,-7,8,4,23,3,21,1,4,-10,4,-10,-18,-12,-1,sil
9.247845888137816,-4,-9,3,22,-4,23,8,5,-11,5,-18,-11,-17,0,sil
9.247845888137816,6,-5,11,11,2,20,19,6,0,12,-3,4,1,13,sil
9.263598680496216,19,9,8,14,13,22,23,9,20,28,9,7,10,17,sil
9.263598680496216,11,-2,-1,11,10,12,18,-2,22,19,0,-7,-5,3,sil
9.279620885849,0,-6,7,9,8,0,12,-7,12,3,-5,-8,-4,-2,sil
9.29557180404663,6,7,5,10,5,-6,9,1,21,7,5,0,12,5,sil
9.29557180404663,1,0,-12,-7,-9,-9,-2,2,23,8,5,-4,2,0,sil
9.29557180404663,-15,-11,-15,-16,-17,-1,-20,-4,2,0,-9,-9,-17,-17,sil
9.310653686523438,-9,0,-4,2,-6,0,-17,-3,0,4,-8,4,-9,-11,sil
9.310653686523438,5,10,2,7,0,-2,1,6,17,28,4,16,8,9,sil
9.327024459838867,1,0,-4,-9,0,0,8,4,14,29,3,6,11,10,sil
9.341559171676636,-6,-11,-4,-19,0,0,-5,-3,-2,-6,-7,-4,5,0,sil
9.341559171676636,-2,-3,-2,-11,-2,-6,-15,-4,-5,-19,-1,3,12,5,sil
9.342558145523071,4,0,-10,-10,-6,-7,-1,0,-5,-3,8,9,20,13,sil
9.35746693611145,0,-4,-11,-17,-4,0,0,0,-18,-8,1,0,10,-1,sil
9.35746693611145,-4,-3,-11,-17,-6,0,-4,0,-17,-15,-6,-3,6,-4,sil
9.37434220314026,1,-7,-4,-23,-12,-11,1,1,9,-4,-5,7,9,9,sil
9.37434220314026,6,-12,0,-28,-11,-14,8,2,24,-6,0,8,0,1,sil
9.388872623443604,4,-3,0,-15,0,-8,-5,-2,6,-19,2,2,-13,-13,sil
9.404890537261965,4,3,12,-7,6,-17,-21,-8,-15,-30,6,7,-12,-8,sil
9.404890537261965,4,12,15,0,8,-19,-18,-6,-23,-19,19,6,-1,1,sil
9.404890537261965,5,30,14,33,13,1,-10,4,-18,9,31,9,5,2,sil
9.421524286270142,9,34,20,52,15,18,-3,7,-4,18,25,11,6,0,sil
9.421524286270142,2,14,10,35,15,20,10,-4,-3,7,2,-8,-1,-4,sil
9.436070919036863,-9,-1,0,22,13,20,20,0,-15,5,-17,-22,-15,-4,sil
9.452114820480348,-13,-18,-9,16,2,10,15,10,-4,8,-20,-17,-18,-2,sil
9.452114820480348,-8,-29,-12,-3,-5,-1,13,5,10,3,-20,-15,-16,0,sil
9.452114820480348,-9,-18,-6,-6,-2,1,16,-5,1,2,-25,-25,-11,-1,sil
9.467665195465088,-19,-11,-10,4,-3,12,4,-9,-10,4,-22,-33,-5,-7,sil
9.48285460472107,-14,-17,-10,-7,-10,11,-9,-1,-4,6,-13,-14,-7,-3,sil
9.48285460472107,9,0,-6,-11,-4,2,0,7,14,16,-2,14,1,12,sil
9.498874187469482,18,17,4,6,0,-1,6,7,17,18,14,21,18,17,sil
9.498874187469482,-2,0,8,-9,-13,-6,-4,-2,4,-1,13,9,3,1,sil
9.498874187469482,-16,-20,-9,-40,-19,-17,-10,-12,-2,-19,-2,-2,-11,-16,sil
9.514967679977415,-2,-3,-2,-25,-7,-19,-6,0,1,-15,-4,7,0,-12,sil
9.530540466308594,8,15,14,0,4,-8,-5,10,12,-8,4,21,7,3,sil
9.530540466308594,7,13,12,-6,7,-2,-11,0,18,-5,6,17,0,2,sil
9.54615569114685,10,12,11,-5,7,0,-12,-1,2,1,7,9,11,-1,sil
9.54615569114685,13,21,5,18,5,5,-3,2,-13,3,12,8,20,0,sil
9.560906887054443,11,19,1,10,3,8,0,0,-7,0,10,13,6,4,sil
9.560906887054443,14,2,0,-13,5,6,5,0,3,0,5,8,3,10,sil
9.57700228691101,17,0,2,0,8,0,13,0,2,-5,6,-3,12,6,goodbye
9.57700228691101,11,16,8,25,14,0,5,-2,8,-1,11,-1,7,1,goodbye
9.594620943069458,3,11,-2,22,21,0,6,1,18,11,6,0,1,7,goodbye
9.594620943069458,-4,-12,-9,10,8,0,20,0,0,2,-4,-19,0,0,goodbye
9.607808589935305,-14,-18,-7,1,-13,8,16,-5,-21,-3,-11,-29,-7,-11,goodbye
9.607808589935305,-21,-18,-15,-14,-20,9,0,0,-10,13,-11,-7,-14,-1,goodbye
9.623188257217407,-22,-19,-17,-16,-17,0,-2,3,0,19,-8,0,-7,1,goodbye
9.623188257217407,-19,-12,-13,3,-9,0,5,0,-5,9,-7,-16,-5,-10,goodbye
9.6388521194458,-13,-12,-1,7,4,0,-3,0,-2,-3,-13,-13,-15,-5,goodbye
9.6388521194458,-6,-20,6,-6,1,-10,-11,0,2,-9,-7,3,-13,5,goodbye
9.654059648513794,1,-12,3,-1,-10,-12,0,-3,3,-1,9,4,0,3,goodbye
9.654059648513794,5,7,5,25,-2,2,2,-2,0,0,5,0,0,-1,goodbye
9.669931650161743,0,8,0,30,4,8,-17,-2,-9,-16,-11,-7,-6,-10,goodbye
9.669931650161743,-3,-6,-3,0,-3,-6,-18,-3,-16,-17,-9,-5,-7,-9,goodbye
9.68585205078125,2,0,3,-10,-10,-11,0,2,-6,7,5,13,1,8,goodbye
9.68585205078125,11,11,9,-6,-10,-3,-3,8,6,9,0,23,9,19,goodbye
9.701085090637209,13,7,12,-29,-3,-10,-16,8,13,-15,-1,17,8,12,goodbye
9.701085090637209,13,8,1,-32,4,-18,-11,5,11,-11,23,14,18,4,goodbye
9.716585874557495,5,14,-1,-9,2,-9,-14,0,0,0,31,14,19,-4,goodbye
9.716585874557495,-7,8,1,-8,1,1,-12,-5,-6,-17,8,-2,2,-19,goodbye
9.732686519622805,-9,8,-6,-5,8,13,4,-5,-4,-9,2,-13,0,-21,goodbye
9.732686519622805,4,15,3,7,8,19,0,0,-8,14,6,1,7,-1,goodbye
9.747888326644896,19,6,12,5,5,10,-9,0,-1,4,-3,11,5,11,goodbye
9.747888326644896,22,6,10,12,8,4,12,-3,11,3,-5,6,0,10,goodbye
9.763516426086426,16,15,13,27,15,12,31,2,5,23,3,7,0,10,goodbye
9.763516426086426,4,1,0,13,10,10,20,2,-6,5,-9,-6,-9,5,goodbye
9.780186414718628,-6,-12,-11,-2,0,2,14,-2,0,-16,-24,-25,-18,-2,goodbye
9.780186414718628,-6,0,-7,16,10,13,30,3,16,15,2,-13,0,0,goodbye
9.796077251434326,-7,3,-5,17,17,19,26,10,7,28,3,-5,6,1,goodbye
9.796077251434326,-22,-24,-14,-29,-13,-4,-2,-2,-14,-13,-41,-25,-25,-7,goodbye
9.811569929122925,-31,-40,-27,-52,-36,-28,-11,-18,-9,-26,-32,-32,-27,-15,goodbye
9.811569929122925,-23,-18,-14,-20,-17,-20,-3,-7,2,3,7,-9,4,-13,goodbye
9.82762885093689,-10,0,2,6,0,-5,0,4,0,5,0,1,1,-7,goodbye
9.82762885093689,-1,-5,13,5,2,-6,-4,0,-1,-16,-10,1,-16,-4,goodbye
9.842885971069336,3,5,24,16,8,-2,-16,0,-6,-6,12,14,0,-2,goodbye
9.842885971069336,12,22,17,34,9,8,-18,5,-8,14,29,23,23,5,goodbye
9.858972549438477,17,17,8,27,3,10,-2,5,9,11,24,23,19,13,goodbye
9.858972549438477,11,6,7,16,0,4,6,3,22,13,9,14,10,13,goodbye
9.874748706817629,5,-1,4,12,-3,-5,-6,3,13,23,0,2,6,12,goodbye
9.874748706817629,0,-10,-4,0,-4,-11,-10,2,13,5,0,-2,-1,8,goodbye
9.889953851699827,-6,-16,-17,-18,-5,-12,1,-4,11,-18,-17,-9,-15,-1,goodbye
9.889953851699827,-7,-11,-6,-22,-7,-8,-2,-7,-11,-21,-20,-13,-19,-11,goodbye
9.905991554260254,-3,-1,1,-8,-8,6,-15,0,-14,-8,10,-2,-6,-1,goodbye
9.905991554260254,4,1,-4,-1,-6,16,-4,9,0,0,16,12,5,15,goodbye
9.921558856964111,7,5,-2,-4,-5,9,9,5,-5,-6,-10,13,8,7,goodbye
9.921558856964111,0,5,-7,-7,-5,2,4,-3,-12,-7,-13,5,7,-7,goodbye
9.937705755233765,0,-1,-5,-17,3,0,0,-4,-6,-1,4,6,3,-2,goodbye
9.937705755233765,4,0,-3,-22,12,-5,4,-4,-9,-3,6,1,6,2,goodbye
9.952931642532349,0,9,-9,-1,9,-7,1,-7,-11,-4,0,-4,15,1,goodbye
9.952931642532349,1,14,6,10,7,0,-2,0,0,0,13,7,12,6,goodbye
9.968982458114624,11,7,9,0,8,0,0,0,2,-3,30,7,5,0,goodbye
9.968982458114624,3,1,-3,-4,0,-13,-5,-2,-4,-4,19,-12,1,-11,goodbye
9.98461389541626,-8,6,2,7,-5,-2,-2,3,4,13,2,-10,0,-2,goodbye
9.98461389541626,4,11,13,16,0,10,12,12,23,21,2,4,1,6,goodbye
10.000049829483032,17,5,14,12,10,-1,11,6,21,6,-2,3,3,0,goodbye
10.000049829483032,2,-1,2,9,7,-6,-1,-3,11,2,-2,-1,3,-6,goodbye
10.015583992004396,-7,0,-3,7,0,8,-1,-4,6,5,4,7,-3,-10,goodbye
10.015583992004396,1,0,-1,0,0,5,5,-1,0,0,-8,1,-11,-10,goodbye
10.030871868133543,0,0,-6,-3,2,-9,0,-2,-10,-1,-19,-18,-8,-3,goodbye
10.031242847442629,-8,-9,1,-4,-2,0,-8,-1,-15,0,-8,-10,-7,0,goodbye
10.052299737930298,0,-17,6,-13,-7,15,0,0,-6,-5,-13,0,-13,-5,goodbye
10.052299737930298,-2,-13,-4,-16,-8,4,1,-1,-4,-9,-25,-15,-17,-4,goodbye
10.052299737930298,-18,-9,-7,-5,-4,-3,-4,-3,-13,0,-15,-11,-17,1,goodbye
10.0619375705719,-10,-10,2,0,8,1,-3,-8,-10,-1,-5,4,-12,2,goodbye
10.07799792289734,0,0,11,1,10,2,-4,-2,-4,-14,-11,-1,-11,-3,goodbye
10.07799792289734,-16,10,-3,16,-1,5,0,6,-6,-6,-8,-16,-10,-7,goodbye
10.093979597091677,-29,3,-13,19,-6,7,7,3,-8,0,-1,-12,-8,-3,goodbye
10.093979597091677,-11,-5,-6,3,-7,2,2,1,-5,-6,-6,-5,-5,0,goodbye
10.108958959579468,7,-2,-3,0,-6,0,5,4,5,0,0,2,2,8,goodbye
10.108958959579468,7,3,3,12,1,6,19,6,9,16,8,22,12,21,goodbye
10.124794006347656,7,0,0,5,1,7,15,7,2,5,-1,19,9,14,goodbye
10.124794006347656,10,-3,-8,-12,-2,-11,-2,0,1,-11,0,-4,6,-2,goodbye
10.13983917236328,0,4,-9,-8,0,-15,-11,-5,7,-10,18,-4,13,-3,goodbye
10.13983917236328,-2,1,-14,0,-2,-4,-4,-3,9,0,13,3,15,5,goodbye
10.155537843704224,13,-6,2,-6,-4,-4,6,3,12,8,0,1,15,11,goodbye
10.155537843704224,21,2,12,-9,-2,-3,1,5,18,18,14,7,25,10,goodbye
10.17099666595459,11,6,1,-8,0,-4,-15,0,9,17,21,25,24,6,goodbye
10.17099666595459,12,0,12,-8,2,-19,-19,-2,3,-1,14,30,14,6,goodbye
10.186984777450562,21,7,20,-6,2,-20,-9,0,13,4,21,22,13,3,goodbye
10.186984777450562,18,14,11,-9,2,0,-3,4,13,18,22,18,9,-1,goodbye
10.201961040496826,7,10,8,0,9,8,1,0,2,5,16,4,0,-3,goodbye
10.201961040496826,-1,11,7,27,13,14,9,-7,3,-1,19,-13,-3,-11,goodbye
10.217675924301147,-6,15,2,35,8,28,12,0,2,9,10,-15,-6,-17,goodbye
10.217675924301147,-12,-1,-10,14,2,22,6,0,-8,5,-11,-14,-12,-1,goodbye
10.232831478118896,-15,-22,-12,-12,0,0,-4,-11,-23,-11,-20,-18,-22,5,goodbye
10.232831478118896,-10,-8,-8,-15,1,-4,-5,-10,-31,-23,-16,-18,-23,-14,goodbye
10.248923063278198,-5,0,-10,0,-5,-5,4,-1,-24,-31,-25,-16,-17,-22,goodbye
10.248923063278198,-8,-21,-7,-9,-18,-10,7,1,-3,-24,-41,-9,-18,-2,goodbye
10.264558792114258,-13,-26,-15,-26,-11,-8,-5,3,6,-6,-30,-10,-12,3,goodbye
10.264558792114258,-20,0,-17,-17,-3,-9,-20,3,-4,-6,-18,-15,-5,-13,goodbye
10.279646158218384,-14,10,0,3,-5,-6,-10,6,-6,-6,-12,-5,-1,-12,goodbye
10.294841289520264,5,13,11,19,5,11,11,9,8,10,8,13,9,11,goodbye
10.294841289520264,1,11,6,13,16,19,11,0,0,9,6,10,4,12,goodbye
10.309953689575195,-22,-9,-7,-4,0,0,-5,-13,-18,-14,-21,-10,-14,-12,goodbye
10.309953689575195,-14,-15,-3,-10,-4,-13,-13,-9,-10,-18,-18,-9,-14,-14,goodbye
10.325814485549929,10,2,8,-6,5,-7,0,1,6,3,9,3,-1,3,goodbye
10.325814485549929,9,5,4,0,3,4,11,0,2,13,14,0,3,5,goodbye
10.325814485549929,3,0,9,7,-2,11,2,0,-1,5,8,2,6,7,goodbye
10.34173035621643,18,8,14,6,0,0,-2,6,12,13,20,24,16,23,goodbye
10.34173035621643,22,13,14,4,-4,-11,0,6,13,27,30,27,26,27,goodbye
11.647934675216677,-6,-7,-8,-2,6,4,13,2,7,32,-20,0,16,11,goodbye
11.647934675216677,2,-6,-7,0,9,11,12,10,33,24,-9,9,26,20,goodbye
11.66353988647461,-8,-27,-16,-25,5,14,14,9,38,13,0,-1,27,12,goodbye
11.66353988647461,-16,-24,-27,-39,-7,-11,-2,-3,12,4,-2,-18,24,-4,goodbye
11.6786470413208,0,0,-11,-22,-15,-29,-30,-6,-8,-11,-2,-5,18,-6,goodbye
11.6786470413208,13,8,-1,-1,-6,-15,-23,0,-14,-20,15,17,15,0,goodbye
11.694342851638794,19,20,6,5,0,-6,-5,-3,-15,-18,32,19,18,-1,goodbye
11.694342851638794,21,35,14,11,-1,-13,-10,-11,-18,-15,26,12,11,-6,goodbye
11.709956645965576,15,26,24,18,6,-12,-9,-11,-27,-17,13,9,-15,-3,goodbye
11.709956645965576,4,16,30,25,18,-1,4,-5,-35,-20,2,6,-28,-3,goodbye
11.725850343704224,3,17,12,32,11,6,11,-4,-26,-8,-3,0,-13,-3,goodbye
11.725850343704224,9,4,6,25,-5,10,12,-4,-1,9,3,1,0,8,goodbye
11.741045475006104,3,-9,9,6,-5,11,10,0,1,10,14,2,3,11,goodbye
11.741045475006104,-9,-6,-9,-3,0,9,-5,0,-15,1,4,-3,1,-2,goodbye
11.756677150726318,-18,-6,-23,0,-10,4,-19,3,-14,3,-12,-13,-10,-7,goodbye
11.756677150726318,-15,-18,-15,-2,-15,0,-8,8,6,12,-17,-16,-17,-1,goodbye
11.771923780441284,-6,-16,1,-5,-2,-3,7,10,17,18,-12,-4,-3,5,goodbye
11.771923780441284,-8,-6,0,-2,-2,-1,2,3,22,14,-9,1,5,6,goodbye
11.788004159927368,-14,-16,-9,-15,-11,0,-9,-3,26,-1,-14,-7,-6,-3,goodbye
11.788004159927368,-6,-15,0,-27,-2,-1,-3,-1,18,-21,-11,-9,-8,-6,goodbye
11.80357789993286,0,0,0,0,3,4,7,0,8,-10,3,-10,5,-2,goodbye
11.80357789993286,2,5,-2,21,1,13,7,2,12,15,5,0,6,-3,goodbye
11.82024598121643,16,9,8,9,6,9,13,9,28,23,7,22,8,1,goodbye
11.82024598121643,17,13,7,-5,6,-1,16,12,23,15,22,23,16,12,goodbye
11.835980892181396,0,0,3,-14,0,-5,6,5,0,9,17,10,7,11,goodbye
11.835980892181396,-6,-9,-3,-19,-1,-5,3,-2,-6,3,-1,5,0,0,goodbye
11.850965976715088,-3,-6,-4,-13,2,-5,2,-7,-6,-12,-9,-2,-1,-13,goodbye
11.850965976715088,0,-1,2,-4,0,-1,-4,-9,-15,-21,-3,-13,-8,-15,goodbye
11.8660991191864,5,4,4,0,-5,-1,-14,-8,-17,-14,0,-5,-9,0,goodbye
11.8660991191864,6,8,5,4,-9,-7,-17,-1,-17,-16,-11,6,-3,7,goodbye
11.882014513015749,3,1,-3,5,-6,-5,-5,-2,-17,-15,-15,-3,-3,0,goodbye
11.882014513015749,-2,-4,-12,-2,-3,0,-3,-1,-12,-3,-1,-3,-1,0,goodbye
11.897604703903198,3,4,0,1,4,-1,-9,1,1,-2,8,22,14,10,goodbye
11.897604703903198,22,15,10,21,15,-7,3,-3,15,0,17,22,29,18,goodbye
11.91322422027588,10,19,8,22,13,-2,12,0,0,9,12,-1,10,4,goodbye
11.91322422027588,-8,19,5,9,14,0,1,5,-17,2,0,-1,-2,-6,goodbye
11.929936408996582,4,10,9,15,17,-3,0,-1,-7,-3,9,13,17,4,goodbye
11.929936408996582,10,4,8,17,2,0,-4,-6,-10,6,21,5,20,6,goodbye
11.945940971374512,-7,2,-6,1,-6,4,-17,-1,-25,1,3,-5,-7,-8,goodbye
11.945940971374512,-6,-9,0,-7,0,-1,-12,3,-7,-7,-11,7,-21,-5,goodbye
11.961584091186523,0,-27,3,-9,-3,0,8,3,14,2,-8,5,-23,0,goodbye
11.961584091186523,-9,-20,-11,-13,-14,1,6,0,10,8,-10,-17,-29,-5,goodbye
11.977653503417969,-12,0,-10,-4,-8,2,-5,0,6,0,-13,-24,-25,-6,goodbye
11.977653503417969,-10,-3,-9,2,-7,5,1,0,12,-2,-9,-26,-19,-7,goodbye
11.99318790435791,-17,-9,-11,-6,-10,11,10,-3,12,4,-2,-30,-18,-14,goodbye
11.99318790435791,-21,-3,-15,-15,-2,18,3,2,8,11,-7,-21,-16,-13,goodbye
12.008983135223389,-19,-12,-15,-19,4,9,2,5,9,10,-19,-14,-30,-10,goodbye
12.008983135223389,-6,-11,0,-16,5,0,6,2,15,8,-5,-6,-30,-6,goodbye
12.02451491355896,14,1,8,0,4,4,0,2,16,3,3,7,-6,4,goodbye
12.02451491355896,14,0,4,2,3,0,0,2,3,-17,-19,5,-12,0,goodbye
12.04019260406494,0,-2,3,-1,1,-7,15,0,-5,-14,-12,0,-18,-9,goodbye
12.04019260406494,8,18,12,19,0,0,18,2,-1,14,26,16,20,12,goodbye
12.062206983566284,22,27,19,32,0,4,2,4,1,12,24,26,44,29,goodbye
12.062206983566284,9,6,1,9,-3,-10,-6,-1,-12,-5,2,10,28,17,goodbye
12.062206983566284,-1,-4,-6,-11,-3,-24,-11,-4,-28,-1,0,6,32,8,goodbye
12.071893215179443,6,4,4,0,-1,-13,-2,-1,-18,10,2,16,61,12,goodbye
12.08738374710083,11,0,1,5,-7,-4,12,-3,3,-1,0,8,69,12,goodbye
12.08738374710083,-1,-12,-4,-12,-8,-9,8,-2,3,-21,2,2,78,4,goodbye
12.102558612823486,-4,-5,0,-4,6,0,-1,0,-1,-5,18,5,118,2,goodbye
12.102558612823486,0,5,8,20,9,20,0,2,1,14,24,6,84,2,goodbye
12.117730140686035,-5,0,0,10,-3,19,-3,0,3,1,6,1,-34,-11,goodbye
12.117730140686035,-6,-1,-10,-8,-4,5,-15,-5,1,-1,0,0,-80,-15,goodbye
12.13384771347046,6,2,2,-8,0,1,-17,-1,0,9,1,1,-54,4,goodbye
12.13384771347046,1,-2,1,-15,-2,-5,-6,1,-4,-5,-18,-4,-67,0,goodbye
12.1496422290802,-10,-6,-3,-26,-3,-18,-2,0,-3,-20,-29,-8,-79,-15,goodbye
12.1496422290802,3,0,9,-14,3,-8,-3,7,11,0,-7,3,-46,0,goodbye
12.16529631614685,15,2,6,-3,4,4,-3,4,25,5,3,1,-25,6,goodbye
12.16529631614685,0,3,-3,-10,-1,-2,-6,-4,8,-5,-2,-12,-31,-16,goodbye
12.180636644363403,-3,8,-5,5,1,-5,-5,-4,-9,0,5,-9,-25,-21,goodbye
12.180636644363403,5,10,4,29,14,5,-1,-1,-2,11,18,0,-12,-3,goodbye
12.19581389427185,8,8,9,19,14,4,0,-3,3,1,6,2,-10,3,goodbye
12.19581389427185,-6,0,-5,1,3,-6,1,-2,2,-6,-9,-5,-9,-2,goodbye
12.210996627807615,-25,-9,-9,0,-3,0,3,1,7,-3,-9,-14,-4,-9,goodbye
12.22652268409729,-18,-8,-7,-3,-5,3,7,0,6,-8,-10,-14,-1,-4,goodbye
12.22652268409729,-2,-1,-11,-1,0,-4,9,-5,-13,-21,-16,-15,-1,-3,goodbye
12.22652268409729,0,5,-2,20,6,12,7,-1,-29,-14,-8,-16,8,-6,goodbye
12.241684198379517,2,5,3,27,3,32,10,6,-21,3,4,4,27,6,goodbye
12.258233547210692,12,0,1,1,-1,14,16,6,-4,8,8,28,36,23,goodbye
12.258233547210692,3,-7,-3,-11,-9,-10,4,0,2,13,10,14,33,19,goodbye
12.258233547210692,-4,-14,-7,-14,-17,-20,-21,-2,1,17,1,6,20,5,goodbye
12.2739839553833,4,-8,5,-21,-16,-17,-20,1,4,12,-5,21,19,1,goodbye
12.2739839553833,9,4,13,-7,-1,-1,13,0,5,2,1,6,23,2,goodbye
12.289003133773804,-4,5,7,8,6,4,13,-3,-12,-8,0,-14,6,-2,goodbye
12.289003133773804,-11,-1,-8,0,0,-5,-19,0,-15,-10,-8,-6,0,-3,goodbye
12.305599689483644,-1,0,-4,-4,0,-9,-7,9,7,1,0,2,9,4,goodbye
12.305599689483644,5,14,20,12,15,8,30,10,16,15,11,0,0,5,goodbye
12.320894718170166,3,11,9,13,16,18,22,1,6,18,2,0,-12,0,goodbye
12.320894718170166,0,-12,-12,-10,0,-5,-2,-7,2,0,-10,0,-12,-1,goodbye
12.335067987442017,-1,-15,-6,-13,-5,-17,1,-8,2,-9,-3,-8,-9,-6,goodbye
12.351001501083374,1,3,5,11,1,5,7,-1,7,9,13,-6,-1,0,goodbye
12.351001501083374,9,3,0,15,5,10,0,7,23,17,16,4,14,10,goodbye
12.351001501083374,0,-11,-13,-7,-3,-6,-6,5,21,1,14,0,17,0,goodbye
12.366652488708496,-12,-6,-11,-11,-16,0,-24,0,-1,-1,7,-3,0,-9,goodbye
12.381781578063965,0,0,0,1,-9,9,-35,-1,-4,-3,-7,8,-9,-2,sil
12.381781578063965,10,-1,5,0,8,-3,-15,-3,6,-13,-11,13,-3,2,sil
12.397815227508543,6,3,7,-7,12,-1,10,-3,-1,-10,-2,3,-7,0,sil
12.397815227508543,0,11,0,-2,0,10,7,-2,-15,-14,-12,-7,-20,-6,sil
12.413773536682127,-2,5,-1,0,-11,-1,-8,-3,-13,-31,-28,-10,-25,-11,sil
12.413773536682127,-10,0,2,-3,-11,-11,-1,-3,-3,-16,-9,-12,-9,-8,sil
12.42973518371582,-12,6,-3,-4,-1,0,4,-1,-6,13,16,-6,12,0,sil
12.42973518371582,0,7,0,-1,2,5,-4,0,-17,11,5,3,6,3,sil
12.44499945640564,1,-1,3,0,5,1,3,-2,-12,-5,-12,-2,-17,-1,sil
12.44499945640564,-10,-3,-3,-7,5,2,19,0,-2,-11,-9,-11,-19,-11,sil
12.4607195854187,-3,4,1,-2,2,4,14,9,1,-7,0,1,-3,-3,sil
12.4607195854187,23,10,12,15,8,0,14,7,12,2,15,13,9,16,sil
12.475750923156738,25,13,13,19,11,0,15,0,15,16,25,12,20,20,sil
12.475750923156738,8,5,0,15,0,-3,1,0,9,30,17,13,22,10,sil
12.491955757141112,1,-10,-1,15,0,-6,-7,2,8,28,9,9,11,4,sil
12.491955757141112,-3,-17,-1,8,1,-2,-13,-1,-7,8,3,0,-1,0,sil
12.507534265518188,-8,-16,-10,-2,-8,-5,-24,-3,-27,-8,-10,-2,-7,-6,sil
12.507534265518188,-5,-19,-9,-10,-15,-16,-20,-1,-18,-20,-22,-5,-14,-11,sil
12.522632122039797,-3,-17,-2,-13,-7,-13,0,-2,-2,-23,-17,-6,-11,-10,sil
12.522632122039797,4,0,5,-7,3,-3,13,0,5,-8,0,4,11,3,sil
12.537803411483765,9,9,3,-1,1,-3,2,2,11,7,15,11,32,13,sil
12.537803411483765,-8,-4,-11,-16,-9,-7,-8,0,12,5,1,-2,13,0,sil
12.553379774093628,-21,-7,-10,-21,-7,5,1,1,11,1,-20,-13,-13,-15,sil
12.553379774093628,-10,6,-6,-2,1,25,9,5,4,7,-15,-9,-11,-14,sil
12.569077730178831,-3,1,-7,-2,0,18,2,0,-6,1,0,-3,-10,-2,sil
12.569077730178831,-4,1,2,-7,4,6,6,1,0,-7,5,2,-13,4,sil
12.58462691307068,0,16,7,8,14,2,11,-1,7,-2,7,5,1,0,sil
12.58462691307068,0,13,7,18,6,0,7,-5,-1,-9,0,5,-3,-2,sil
12.60015106201172,0,9,5,19,7,8,7,2,-3,-12,1,-3,-16,4,sil
12.60015106201172,8,23,10,30,18,17,2,8,5,11,16,-10,2,8,sil
12.615728378295898,10,18,10,29,10,13,-6,4,2,23,15,-2,11,8,sil
12.615728378295898,0,-3,-5,18,-2,13,-2,-1,-2,9,-3,-1,-3,11,sil
12.63092803955078,-1,-16,-5,-5,-6,1,4,0,0,13,-13,-6,-2,12,sil
12.63092803955078,-2,-20,-2,-32,-9,-18,3,0,11,19,-2,-7,17,4,sil
12.645941972732544,-3,-18,-9,-35,-12,-16,-3,-6,19,1,3,-3,20,-3,sil
12.645941972732544,0,-12,-11,-23,-11,-9,-10,-9,14,-11,-8,-1,5,-9,sil
12.661554098129272,1,-8,-11,-17,-15,-19,-15,-6,-4,-18,-13,-8,-2,-16,sil
12.661554098129272,7,0,0,-8,-11,-15,-20,-1,-27,-21,3,6,1,-5,sil
12.67657470703125,23,12,19,1,5,-3,-12,2,-23,-9,21,37,11,16,sil
12.67657470703125,23,23,22,1,8,-10,-6,0,-8,-7,23,37,11,11,sil
12.692623376846312,3,21,8,0,-4,-9,-12,-3,-16,-19,9,8,-1,-12,sil
12.692623376846312,-7,4,-1,0,0,-2,-5,-4,-27,-22,-8,-4,-11,-17,sil
12.70866870880127,-4,-3,9,4,9,-5,9,-3,-16,-18,-16,-7,-13,-11,sil
12.70866870880127,-4,-1,4,23,0,4,13,0,0,-5,-8,-16,-8,-4,sil
12.724097728729248,-8,-2,-4,32,0,27,15,9,18,25,0,-9,0,7,sil
12.724097728729248,-11,-4,-3,19,12,29,19,11,25,42,-5,-2,0,9,sil
12.739672660827637,-15,-11,-10,10,9,11,16,-1,3,27,-19,-19,-12,-5,sil
12.739672660827637,-9,-17,-7,6,-3,1,10,-5,-15,6,-18,-17,-20,-4,sil
12.755698442459106,3,-12,-4,-4,2,1,10,8,7,6,-4,4,-8,13,sil
12.755698442459106,11,-4,-2,-19,20,-7,6,13,36,3,4,11,4,21,sil
12.770850896835327,7,1,3,-16,1,-10,-5,3,22,-5,13,10,5,9,sil
12.770850896835327,0,2,-6,-8,-32,-3,-16,0,-2,-10,25,14,8,-6,sil
12.786370515823364,-4,2,-7,-9,-17,-4,-10,4,-3,-15,21,8,10,-12,sil
12.786370515823364,-20,9,-11,-3,16,-3,2,-1,-2,-12,2,-13,-2,-19,sil
12.801568746566772,-30,1,-16,-8,11,5,0,-9,-10,-1,-23,-21,-14,-19,sil
12.816714525222778,-11,-7,6,-13,-2,11,0,0,2,1,-34,-5,-8,0,sil
12.816714525222778,9,2,10,10,-6,7,17,1,24,16,-8,-2,2,16,sil
12.816714525222778,10,1,4,22,-11,4,15,-4,14,28,7,0,6,19,sil
12.831927299499512,4,-13,-2,1,-2,2,-5,0,4,15,-1,0,13,13,sil
12.831927299499512,7,-12,-9,-11,0,-9,-12,-5,5,1,-1,-7,20,3,sil
12.848960638046265,7,0,1,-13,-15,-20,-13,-14,-10,-2,7,-1,11,-4,sil
12.848960638046265,7,3,-8,-14,-19,-14,-27,-9,-27,-11,9,9,0,-14,sil
12.864722728729248,22,5,3,-12,-2,-12,-39,0,-25,-21,16,17,-2,-4,sil
12.880043029785156,32,19,32,-3,17,-15,-18,3,-8,-16,29,25,9,13,sil
12.880043029785156,15,25,19,4,6,-10,1,3,2,-6,22,21,16,12,sil
12.880043029785156,6,12,14,8,-12,0,3,4,2,-9,7,20,8,9,sil
12.895209789276125,11,9,16,18,18,6,17,9,9,-1,19,17,10,11,sil
12.911398649215698,0,17,7,20,41,10,19,12,3,7,18,1,10,-2,sil
12.911398649215698,-23,8,0,9,9,16,0,5,-15,0,-13,-10,-14,-17,sil
12.926999807357788,-31,-12,-20,7,-6,15,2,-11,-17,-4,-27,-22,-41,-25,sil
12.926999807357788,-27,-16,-16,4,0,8,5,-13,-22,-8,-23,-34,-46,-31,sil
12.926999807357788,-18,-7,0,-4,0,7,5,0,-22,-8,-25,-30,-29,-17,sil
12.94252109527588,-13,-10,-25,-3,-2,8,13,0,-4,-1,-26,-33,-11,-2,sil
12.958444118499756,-10,-11,-20,-4,0,9,17,-5,1,-2,-23,-30,-10,2,sil
12.958444118499756,5,1,23,1,3,8,28,5,14,6,-4,1,0,14,sil
12.973266124725342,18,4,12,20,7,9,30,13,34,24,11,11,24,16,sil
12.973266124725342,4,-13,-5,11,-2,14,0,8,24,19,-1,-5,23,9,sil
12.988897800445557,-11,-24,0,-14,-14,4,-11,0,7,10,-12,1,7,10,sil
12.988897800445557,-7,-9,-9,-8,-13,-13,-4,0,2,10,-2,15,10,9,sil
13.004281759262083,-2,0,-9,0,-11,-14,-18,1,-1,-1,-5,14,3,4,sil
13.004281759262083,-5,-18,-6,-11,-13,-12,-28,-6,-3,-12,-11,3,-15,-2,sil
13.019851446151732,2,-14,-4,-19,-4,-23,-15,-7,-5,-15,4,4,-6,-7,sil
13.019851446151732,15,14,10,-1,7,-22,-8,0,0,-11,16,16,9,0,sil
13.035761833190918,11,13,3,12,-2,-13,-4,-1,12,-4,12,15,3,2,sil
13.035761833190918,12,10,8,10,-15,-7,-2,-2,6,1,22,19,9,6,sil
13.051661491394045,25,29,22,14,10,3,0,3,0,17,44,31,35,17,sil
13.051661491394045,22,21,11,12,20,0,-6,2,6,24,35,27,22,16,sil
13.0671968460083,12,1,8,-4,-15,-7,-16,-3,-5,2,7,17,-6,2,sil
13.0671968460083,9,0,1,-5,-15,-4,0,-2,-11,0,5,4,2,-3,sil
13.082979202270508,0,-7,-4,-13,18,-1,13,3,10,8,1,-12,13,-2,sil
13.082979202270508,-14,-17,-12,-41,10,3,4,0,19,-4,-24,-27,-11,-10,sil
13.09859561920166,-24,-12,-30,-40,-19,10,-1,-7,-3,-23,-34,-42,-26,-27,sil
13.09859561920166,-24,-3,-18,-7,-14,10,2,0,-14,-18,-23,-39,-17,-28,sil
13.11470079421997,-16,-1,-10,2,13,6,11,10,0,-1,-15,-21,-7,-6,sil
13.11470079421997,0,3,-4,-9,25,5,14,7,5,2,-11,-2,-1,6,sil
13.130740880966188,5,16,7,1,18,13,14,-1,3,2,6,1,7,5,sil
13.130740880966188,-1,16,3,22,13,15,7,-2,-1,8,16,0,4,4,sil
13.1458637714386,-4,2,6,10,9,3,-9,0,-16,-1,4,2,-4,2,sil
13.1458637714386,-4,0,10,6,0,-6,-14,-7,-18,-12,1,0,-1,-4,sil
13.161977767944336,-8,10,5,28,-1,0,-4,-13,-13,-10,9,-4,-6,-6,sil
13.161977767944336,0,11,5,30,0,9,-7,-6,-10,-2,3,1,-14,0,sil
13.177674055099487,7,-2,4,17,-1,4,-11,0,-5,5,0,4,-5,5,sil
13.177674055099487,6,-7,17,13,0,-2,-1,6,-7,7,1,10,-4,7,sil
13.193196535110474,9,-6,18,5,0,1,10,8,-10,2,-2,17,-13,10,sil
13.193196535110474,12,-12,1,-8,-1,0,16,6,-10,-3,-21,10,-11,7,sil
13.208786010742188,2,-12,-2,-6,-8,-12,24,1,-2,-7,-20,-3,-5,-3,sil
13.208786010742188,-15,-10,-8,-4,-22,-7,15,-1,4,-2,-6,-5,0,-5,sil
13.223899364471436,-17,-15,-11,-13,-24,1,-8,2,3,0,-10,4,7,1,sil
13.223899364471436,-6,-8,-8,-8,-6,-4,-10,6,12,-4,-3,0,13,0,sil
13.23999571800232,-1,5,-4,6,-2,-7,-2,2,22,5,12,-4,16,-4,sil
13.23999571800232,2,6,0,3,-4,0,-15,-1,12,15,2,9,16,5,sil
13.255887031555176,14,1,4,-5,5,-2,-13,-2,9,4,2,14,19,11,sil
13.255887031555176,12,1,6,-11,-5,-9,6,0,18,0,21,5,14,0,sil
13.271241188049316,7,1,-3,-7,-16,-4,11,-1,21,10,15,1,9,-2,sil
13.271241188049316,13,0,-4,4,15,5,0,-1,22,6,2,0,11,5,sil
13.286846160888672,7,2,2,4,29,14,-2,1,10,0,11,-8,5,4,sil
13.286846160888672,-7,7,-3,2,4,12,0,2,-1,11,15,-11,-2,-4,sil
13.302025556564333,-6,13,0,7,1,3,1,2,2,15,3,-1,0,2,sil
13.302025556564333,0,2,1,-3,15,-7,-5,-5,1,4,-2,0,4,12,sil
13.317623376846312,0,-6,-5,-18,10,-15,-9,-15,-19,-5,0,-5,-5,0,sil
13.317623376846312,-1,2,-4,-9,2,-8,-2,-7,-23,-17,-3,-5,-16,-18,sil
13.332977056503296,-1,5,0,0,3,-1,13,0,0,-19,-10,-3,-18,-12,sil
13.332977056503296,0,1,3,-4,2,-1,9,0,5,-3,-6,0,-14,-4,sil
13.34901762008667,-2,0,0,-7,-4,-1,-20,0,-15,0,-6,0,-12,-8,sil
13.34901762008667,-6,-5,-10,-9,-17,-3,-33,4,-30,-14,-17,0,-21,-7,sil
13.364640951156616,-12,-8,-8,-9,-16,0,-12,4,-30,-20,-11,0,-23,-5,sil
13.364640951156616,-8,0,-4,2,-3,2,0,0,-22,-7,-3,2,-7,-6,sil
13.379674196243286,9,6,5,14,2,4,2,1,0,0,-8,8,6,6,sil
13.379674196243286,18,3,10,9,6,10,20,5,20,2,3,7,13,20,sil
13.39492130279541,7,0,7,1,5,6,29,1,12,10,16,1,14,9,sil
13.39492130279541,-5,0,8,11,-1,0,12,1,-2,8,6,-2,12,-1,sil
13.410606384277344,-10,-2,5,24,0,9,4,5,2,9,5,-3,14,4,sil
13.410606384277344,-7,-7,3,7,6,9,8,5,5,10,6,0,5,6,sil
13.42608642578125,-2,-7,-4,-7,-3,-4,0,-2,0,1,-6,0,-8,-4,sil
13.42608642578125,-2,-8,-4,0,-15,-8,-6,-5,-4,-6,-15,-6,-10,-6,sil
13.441957712173462,0,-8,9,0,-3,0,1,-2,0,-2,-1,-4,0,0,sil
13.441957712173462,0,0,4,-7,10,4,-1,-4,4,4,12,-3,13,-2,sil
13.45759415626526,-8,0,-5,-6,0,1,-10,-6,3,0,9,-7,8,-11,sil
13.45759415626526,-12,-8,-6,-7,-8,1,2,0,7,-2,0,-10,-1,-7,sil
13.472695350646973,-7,0,-8,-2,6,6,11,1,11,-1,-2,-6,2,1,sil
13.472695350646973,2,13,-1,9,8,3,-4,3,7,2,-1,3,4,6,sil
13.488099813461304,14,8,3,3,-6,-4,-10,1,10,5,0,14,-2,6,sil
13.488099813461304,16,3,5,-15,-5,-4,0,-3,13,4,3,14,-4,6,sil
13.50377345085144,10,5,5,-6,3,-4,0,0,2,-3,-3,0,-2,9,sil
13.50377345085144,7,5,2,16,7,-6,-3,8,1,-5,-9,0,-2,7,sil
13.519702434539797,13,10,5,17,14,0,0,10,18,3,2,19,6,0,sil
13.519702434539797,15,16,8,9,7,-1,2,0,20,14,20,19,21,2,sil
13.534593105316162,-3,2,1,5,-11,-3,0,0,-5,12,14,-2,8,2,sil
13.534593105316162,-22,-19,-22,-9,-12,3,-6,0,-23,-6,-16,-14,-19,-12,sil
13.5496826171875,-12,-19,-25,-26,0,-14,-6,-7,-16,-24,-26,-16,-16,-19,sil
13.5496826171875,2,-2,1,-21,-5,-30,-7,-8,-5,-10,1,-4,5,-3,sil
13.566148519515991,-1,-5,3,-11,-8,-16,-8,-6,-3,5,13,7,0,0,sil
13.58187747001648,-10,-15,-1,-10,-2,-8,-11,-2,-11,-8,-4,-1,-17,-12,sil
13.58187747001648,0,2,11,9,1,0,-6,3,-17,-5,3,-7,-5,-5,sil
13.58187747001648,12,26,18,38,7,25,3,2,-11,18,27,14,14,17,sil
13.595895767211914,5,22,9,24,9,30,3,-1,-1,13,15,28,17,13,sil
13.611244201660156,-11,3,-5,-4,0,10,0,-1,-2,-10,-9,0,2,-7,sil
13.611244201660156,-11,-4,-1,-6,-1,3,1,0,-11,-14,-20,-21,-21,-11,sil
13.626995086669922,-2,-4,8,1,2,8,7,0,-22,-11,-19,-11,-27,-5,goodbye
13.626995086669922,0,-5,5,1,7,0,16,-2,-17,-17,-11,-8,-16,-8,goodbye
13.642932891845703,1,-2,6,9,6,-6,19,1,-1,-13,-8,-18,-15,-4,goodbye
13.642932891845703,-2,-2,-7,5,-9,5,11,10,3,1,-12,-18,-13,4,goodbye
13.657955408096312,-5,-11,-22,-19,-17,5,7,6,4,5,-7,-5,2,10,goodbye
13.657955408096312,2,-5,-9,-9,-1,0,13,0,20,9,16,0,20,12,goodbye
13.673091888427734,10,3,-2,22,6,9,6,5,34,34,29,5,26,16,goodbye
13.673091888427734,4,-8,-5,6,-3,15,-7,7,25,35,7,16,18,21,goodbye
13.688605070114136,-7,-21,-11,-20,-6,3,-3,-1,13,4,-10,5,13,15,goodbye
13.688605070114136,-3,-11,-6,-9,5,-1,5,-3,14,-1,-6,-10,9,1,goodbye
13.704705238342283,10,0,3,1,6,-2,2,3,31,19,0,1,12,3,goodbye
13.704705238342283,9,-5,0,-7,-7,-16,-12,0,34,13,2,12,19,9,goodbye
13.719831705093384,0,-1,-3,-19,-8,-21,-18,-5,5,-11,10,9,11,-2,goodbye
13.719831705093384,3,16,1,-14,5,-4,-13,-4,-14,-10,21,15,3,-18,goodbye
13.735755920410156,6,15,6,-7,9,-8,-12,-1,-16,-5,12,12,0,-21,goodbye
13.735755920410156,-4,0,12,-17,1,-32,-19,-7,-24,-25,-9,-1,-14,-22,goodbye
13.751918315887451,-5,6,15,-12,-5,-28,-21,-9,-31,-35,-5,3,-17,-21,goodbye
13.751918315887451,5,23,22,17,-3,-5,-7,-1,-14,-17,8,11,-6,-12,goodbye
13.769943714141846,9,20,15,29,13,4,16,0,9,5,7,0,-2,-7,goodbye
13.769943714141846,2,12,4,17,17,9,5,-1,-4,11,5,-4,-4,-12,goodbye
13.783877611160278,-10,5,3,13,-5,9,-24,-4,-43,-7,-5,2,-17,-15,goodbye
13.783877611160278,-15,-3,-5,12,-17,2,-13,-4,-34,-18,-24,-14,-27,-6,goodbye
13.799891710281372,-9,3,-8,11,0,14,17,8,-2,6,-12,-19,-10,4,goodbye
13.799891710281372,-3,11,-8,18,8,31,21,17,0,24,-1,0,3,9,goodbye
13.81550431251526,0,-2,-5,14,1,19,19,5,1,10,-12,3,0,16,goodbye
13.81550431251526,6,-6,4,3,3,11,26,0,21,6,-3,-6,3,24,goodbye
13.830918788909912,-2,0,-11,-4,7,13,25,0,14,5,1,-14,5,15,goodbye
13.830918788909912,-22,-14,-30,-17,-7,4,8,-3,-8,-13,-20,-24,-16,2,goodbye
13.8469877243042,-13,-20,-19,-19,-10,5,4,1,0,-5,-15,-19,-11,11,goodbye
13.8469877243042,9,-2,0,-7,0,9,9,7,18,20,12,2,16,28,goodbye
13.862568855285645,14,0,5,-10,-11,-9,-3,3,14,16,8,13,14,28,goodbye
13.862568855285645,16,-19,0,-20,-16,-23,-13,-1,23,4,-1,11,6,20,goodbye
13.87859034538269,23,-20,10,-15,7,-17,-10,-1,28,4,7,18,20,16,goodbye
13.87859034538269,14,-8,15,-2,6,-14,-18,0,7,3,23,20,27,7,goodbye
13.893965721130373,3,-12,3,-1,-12,-17,-21,0,0,-5,25,11,13,-10,goodbye
13.893965721130373,4,-12,9,-3,0,-15,-13,-4,4,-17,17,8,2,-23,goodbye
13.90970516204834,0,0,11,7,16,-2,-12,-9,-8,-15,19,3,4,-24,goodbye
13.90970516204834,-8,0,5,23,12,10,-7,-4,-14,0,17,0,-1,-23,goodbye
13.925558805465698,-14,10,7,23,7,10,5,0,-6,0,-2,-4,-18,-28,goodbye
13.925558805465698,-15,25,0,7,9,2,9,0,-14,-6,-21,-14,-23,-34,goodbye
13.940783500671388,-16,13,-9,-3,5,6,13,0,-24,-8,-24,-22,-28,-34,goodbye
13.940783500671388,-22,4,-17,0,-7,14,16,0,-21,-12,-27,-21,-33,-24,goodbye
13.956225872039797,-12,19,-7,8,-13,12,12,-1,-7,-1,-29,-12,-11,-2,goodbye
13.956225872039797,11,22,2,16,-5,7,9,-1,8,24,-13,-5,22,19,goodbye
13.971646785736084,10,6,-6,7,-6,0,-3,-1,6,24,1,-1,20,24,goodbye
13.971646785736084,-1,-2,-9,-19,-10,-10,-24,1,-2,0,-2,13,4,13,goodbye
13.987215995788574,3,-8,-9,-31,-1,-20,-16,1,11,-7,-4,13,12,7,goodbye
13.987215995788574,6,-5,-6,-22,0,-23,-3,0,17,-6,10,2,8,11,goodbye
14.002801179885864,4,5,8,-13,0,-10,-3,4,4,-10,12,14,-7,14,goodbye
14.002801179885864,5,-3,10,-5,2,0,4,2,-7,-8,0,8,0,7,goodbye
14.018892765045166,-1,-16,5,1,0,6,11,0,-13,3,-1,-13,2,2,goodbye
14.018892765045166,0,0,8,10,-4,14,2,1,3,10,14,1,-5,9,goodbye
14.033563375473022,11,10,10,11,-3,10,-9,0,14,-2,10,14,-3,7,goodbye
14.033563375473022,0,-9,2,1,0,1,-9,0,-2,-3,-4,-1,0,-5,goodbye
14.05020833015442,-9,-18,-6,2,10,6,6,8,0,23,3,1,3,-2,goodbye
14.05020833015442,11,0,6,10,14,12,21,7,27,29,16,21,14,10,goodbye
14.071898460388184,29,6,15,7,11,-1,21,-8,16,6,15,12,19,7,goodbye
14.071898460388184,18,3,8,2,8,-13,4,-13,-14,0,20,2,16,3,goodbye
14.071898460388184,5,9,4,1,2,0,-6,3,-13,0,15,12,12,11,goodbye
14.08153486251831,1,9,-5,5,0,12,3,11,4,-7,0,3,1,10,goodbye
14.096591711044312,-11,0,-7,7,3,5,7,4,2,-1,0,-10,-9,-2,goodbye
14.096591711044312,-24,-5,-13,-9,-4,-4,-12,0,-5,0,-6,-11,-16,-14,goodbye
14.111833572387695,-15,-7,-22,-18,-20,-19,-22,-3,-7,-24,-28,-15,-21,-19,goodbye
14.111833572387695,-4,0,-9,1,-15,-16,-5,-5,-16,-35,-17,-27,-18,-19,goodbye
14.127455949783323,-9,8,0,8,0,0,11,0,-15,-12,2,-22,-5,-17,goodbye
14.127455949783323,-10,6,0,-8,7,1,7,4,0,-4,-5,-4,-4,-15,goodbye
14.142874002456663,-5,0,2,5,7,4,-7,-2,2,-6,-10,-5,-16,-15,goodbye
14.142874002456663,0,4,6,29,2,15,-17,-15,-5,8,-1,-11,-14,-11,goodbye
14.158912420272827,9,7,5,15,0,12,-15,-14,-7,15,-3,4,2,0,goodbye
14.158912420272827,10,-4,-1,2,3,0,0,-9,-4,4,-3,14,12,14,goodbye
14.174654722213743,6,-12,9,7,0,2,13,0,-1,-1,0,7,4,17,goodbye
14.174654722213743,2,0,10,10,-1,15,11,9,10,4,-3,1,1,11,goodbye
14.190727472305298,-9,-8,-14,-1,0,1,11,13,26,8,-12,-5,5,5,goodbye
14.191063642501833,-21,-29,-13,-24,-10,-23,11,9,20,0,-15,-11,2,-2,goodbye
14.206837892532349,-26,-24,-16,-37,-27,-21,-4,-2,-10,-12,-10,-13,-2,-14,goodbye
14.206837892532349,-18,-8,-19,-30,-23,-5,-21,-6,-24,-11,-7,-2,-3,-5,goodbye
14.222927331924438,0,-7,2,-15,-1,-3,-2,1,-2,2,0,8,3,13,goodbye
14.222927331924438,5,-4,4,-9,5,-4,6,3,6,9,4,3,0,0,goodbye
14.23805046081543,-1,3,-2,-11,0,0,-3,5,11,1,-3,2,-13,-12,goodbye
14.23805046081543,15,14,11,0,7,3,5,15,41,13,10,18,2,9,goodbye
14.253600835800173,38,30,34,17,24,7,20,14,45,36,38,28,28,27,goodbye
14.253600835800173,32,33,24,17,23,13,8,2,7,26,36,20,26,18,goodbye
14.26874828338623,21,16,5,14,15,11,-8,-4,-9,8,28,15,23,17,goodbye
14.26874828338623,23,11,17,18,17,3,-14,-7,-18,15,32,25,28,21,goodbye
14.284770727157593,14,8,9,8,4,-5,-15,-18,-39,1,14,17,15,10,goodbye
14.284770727157593,-9,-12,-21,-12,-15,-8,-12,-20,-45,-31,-22,-11,-17,-10,goodbye
14.299930572509766,-20,-17,-18,-7,-7,0,7,0,-22,-32,-31,-24,-29,-22,goodbye
14.299930572509766,-14,0,-7,6,3,3,26,12,0,-15,-11,-21,-9,-22,goodbye
14.315770864486694,-16,0,-13,-2,-6,-1,11,8,0,-20,-13,-25,-8,-23,goodbye
14.315770864486694,-19,-9,-16,-9,-11,-1,1,4,4,-21,-18,-27,-20,-23,goodbye
14.330600261688232,-11,3,0,4,-3,0,12,5,18,0,0,-12,-7,-9,goodbye
14.330600261688232,-2,21,11,16,-2,-1,4,4,13,13,7,6,0,5,goodbye
14.346152544021606,0,7,0,13,0,-5,-7,-3,-4,-4,-12,0,-18,6,goodbye
14.346152544021606,3,-11,0,1,1,-7,-1,-11,-12,-26,-20,-5,-26,0,goodbye
14.362110137939451,2,-12,1,0,-9,-10,-5,-11,-16,-17,-6,4,-14,0,goodbye
14.362110137939451,3,-7,3,5,-12,-12,-26,-7,-11,0,4,12,-1,5,goodbye
14.377701044082642,7,-6,10,4,0,0,-34,-4,10,9,9,7,15,8,goodbye
14.377701044082642,4,0,1,2,7,13,-22,0,29,21,18,4,30,7,goodbye
14.392770767211914,0,6,-2,8,4,15,-8,3,19,26,23,10,24,7,goodbye
14.392770767211914,1,0,2,5,0,11,3,6,11,24,11,13,11,8,goodbye
14.4088716506958,0,-9,0,-8,0,4,18,9,22,25,-4,9,4,5,goodbye
14.4088716506958,-10,-7,-5,-15,4,1,29,9,24,17,-2,-7,1,-2,goodbye
15.716680526733398,-8,-4,0,1,0,-6,-3,0,-8,-12,3,-9,8,-6,goodbye
15.716680526733398,-16,-2,-6,6,0,11,1,-4,-11,-1,0,-3,9,-4,goodbye
15.731987953186035,-7,-15,-9,-6,0,18,10,0,-4,-1,-12,-4,2,-2,goodbye
15.74756646156311,-1,-11,-13,-4,6,17,14,5,-5,3,-10,-5,-1,-3,goodbye
15.74756646156311,-5,-1,-6,0,3,20,20,6,3,16,-6,8,0,1,goodbye
15.76412796974182,-2,-5,3,-8,0,0,17,1,11,6,-19,2,-6,3,goodbye
15.76412796974182,-3,-2,-9,-1,3,-18,-6,-10,-4,-7,-25,-31,-15,-10,goodbye
15.76412796974182,-10,6,-10,10,-3,-3,-16,-10,-17,-5,-13,-23,-14,-11,goodbye
15.778666257858276,-9,3,-2,-4,-12,3,2,-3,-2,-1,-5,0,-3,1,goodbye
15.79379153251648,-10,-1,-8,-9,-7,-7,4,0,4,4,-9,-5,-7,0,goodbye
15.79379153251648,-2,-4,-9,3,-4,0,-8,7,6,14,-15,-1,-14,1,goodbye
15.809893131256104,18,-7,4,6,-2,4,0,9,20,10,-5,8,0,11,goodbye
15.809893131256104,14,-3,11,0,2,-2,10,0,17,0,10,-7,7,7,goodbye
15.825958728790283,-6,-5,-5,-2,-3,0,5,-2,1,2,10,-9,0,0,goodbye
15.825958728790283,0,-8,-2,-3,-7,-2,5,0,-2,8,0,10,3,4,goodbye
15.841601848602297,21,8,16,9,0,-9,5,0,-2,8,7,20,14,10,goodbye
15.842594385147097,27,11,10,15,-1,-3,3,1,0,0,19,26,11,20,goodbye
15.842594385147097,20,-4,6,-7,0,-2,5,5,7,-8,18,28,11,21,goodbye
15.85674262046814,0,-1,0,-14,5,-8,-8,-3,3,-6,9,1,11,0,goodbye
15.871951580047607,-9,7,-7,1,0,-8,-32,-9,-9,-1,4,-13,5,-13,goodbye
15.871951580047607,4,4,5,5,0,5,-23,6,-4,9,15,6,10,-2,goodbye
15.88804531097412,1,-1,4,0,12,15,-7,12,10,11,17,11,8,0,goodbye
15.88804531097412,-21,-13,-8,-10,5,-2,-23,-4,-1,-7,-6,-6,-3,-9,goodbye
15.903643369674684,-19,-8,-13,-20,0,-12,-20,-10,-26,-13,-6,-23,0,-18,goodbye
15.903643369674684,3,20,-10,-19,9,12,22,4,-16,-2,11,-26,-2,-15,goodbye
15.91871213912964,11,24,2,-21,8,20,53,10,12,-10,0,-8,-18,2,goodbye
15.91871213912964,7,2,9,-12,-7,-9,31,-4,17,-12,-7,6,5,9,goodbye
15.933850526809692,0,2,15,26,-14,-26,-17,-15,-2,10,-5,10,30,4,goodbye
15.933850526809692,-9,5,12,44,0,-12,-30,-8,-5,16,-14,19,6,2,goodbye
15.949917078018188,-2,-10,3,13,14,-1,-14,0,5,-10,-13,23,-20,-7,goodbye
15.949917078018188,5,-10,7,-7,0,-5,-13,0,0,-29,4,6,-21,-17,goodbye
15.965532064437866,3,7,7,11,-10,-1,-3,2,-17,-14,9,-6,-13,-2,goodbye
15.965532064437866,2,13,1,21,3,18,17,9,-20,2,0,1,-15,11,goodbye
15.980868339538574,-2,2,-7,1,7,23,14,6,-3,0,-5,9,-23,5,goodbye
15.980868339538574,-7,-1,-8,-1,0,7,-1,0,8,0,-1,-2,-14,-1,goodbye
15.99597692489624,0,11,2,20,11,11,-5,1,0,0,0,-14,4,-7,goodbye
15.99597692489624,-1,5,-10,12,13,14,-3,-7,-7,-3,-3,-22,3,-13,goodbye
16.011535167694092,-28,-25,-25,-23,-11,-9,3,-13,-3,-2,-15,-27,-12,-15,goodbye
16.011535167694092,-34,-24,-12,-24,-16,-6,15,0,3,4,-19,-26,-12,-15,goodbye
16.027619123458862,-9,0,-3,0,0,16,17,7,10,9,-12,-12,0,-4,goodbye
16.027619123458862,1,-6,-3,-1,0,9,9,0,12,13,-3,3,7,7,goodbye
16.043646812438965,-5,-18,-5,-14,-9,-4,2,-3,0,10,0,-5,2,6,goodbye
16.043646812438965,0,-3,1,-6,-16,-3,-6,-4,-14,-11,-3,-12,-4,5,goodbye
16.059656858444214,18,6,10,1,-17,-1,-13,0,-6,-10,-3,9,3,13,goodbye
16.059656858444214,25,-3,6,-4,-4,-4,-4,8,12,19,10,24,23,20,goodbye
16.081860303878784,19,-4,11,-12,2,-4,4,6,13,24,17,20,21,23,goodbye
16.081860303878784,21,7,12,-1,3,0,8,2,11,16,8,21,14,23,goodbye
16.081860303878784,27,9,7,5,13,0,8,8,14,26,6,23,19,20,goodbye
16.09036922454834,19,7,3,2,19,-6,4,3,7,20,11,12,17,15,goodbye
16.105644702911377,0,5,-8,-1,7,-9,-1,-9,8,-8,7,2,2,5,goodbye
16.105644702911377,-9,6,-8,2,0,-9,-4,-2,21,-13,7,0,5,-9,goodbye
16.12077832221985,-10,12,-3,14,0,-5,-11,5,20,0,14,-2,18,-16,goodbye
16.12077832221985,-12,2,-3,2,0,-8,-23,0,5,-8,5,-5,9,-17,goodbye
16.1367928981781,-17,-5,-5,-19,-2,-15,-16,0,-1,-18,-1,-5,-5,-23,goodbye
16.1367928981781,-13,0,-1,-8,0,-9,3,-3,-15,-8,2,-5,-7,-22,goodbye
16.152833700180054,-1,6,16,0,11,1,11,-10,-37,-11,-5,-3,-18,-13,goodbye
16.152833700180054,7,9,18,0,13,0,14,-6,-44,-22,-15,1,-33,-6,goodbye
16.16802978515625,3,7,2,9,-4,4,10,0,-34,-14,-9,-3,-30,-2,goodbye
16.16802978515625,-11,-5,-5,7,-20,24,-5,-3,-16,-13,-11,-21,-20,-6,goodbye
16.183618545532227,-13,-4,-12,8,-7,30,-8,-5,0,-21,-17,-24,-15,-5,goodbye
16.183618545532227,0,5,0,24,11,29,0,6,5,-6,-9,0,-4,8,goodbye
16.198636054992676,1,-11,0,6,7,13,-3,4,9,18,0,2,7,14,goodbye
16.198636054992676,-4,-36,-15,-24,-12,-27,-11,-8,14,22,0,1,9,9,goodbye
16.213953495025635,8,-30,-3,-15,-12,-35,-5,-1,15,17,-1,20,6,11,goodbye
16.22990369796753,18,-8,6,-6,4,-7,2,13,23,12,5,18,11,7,goodbye
16.22990369796753,4,10,-1,-17,1,-6,-7,11,27,-1,22,10,22,-4,goodbye
16.22990369796753,0,15,-3,-5,-10,-12,-16,0,9,-13,31,17,22,-11,goodbye
16.24502921104431,3,13,3,8,-1,1,-7,-6,-18,-12,20,1,3,-16,goodbye
16.24502921104431,-3,19,6,4,5,6,0,-2,-31,-5,0,-14,-10,-13,goodbye
16.26098871231079,-9,13,2,6,-7,-3,3,-4,-26,1,-10,-7,-6,-1,goodbye
16.27655792236328,0,0,12,12,-9,0,6,-6,-22,5,-14,-3,-8,5,goodbye
16.27655792236328,6,3,12,10,7,18,11,2,-11,7,-19,-7,-12,9,goodbye
16.27655792236328,0,-1,-4,-1,13,18,22,8,9,10,-15,-8,-6,15,goodbye
16.292633295059204,-18,-8,-9,-10,1,7,22,4,17,4,-16,-10,-8,8,goodbye
16.292633295059204,-14,1,-7,4,-5,9,9,-1,7,0,-18,-16,-7,-1,goodbye
16.30800747871399,4,10,0,25,3,15,4,-1,6,4,4,-7,10,5,goodbye
16.30800747871399,8,6,6,27,10,10,13,8,23,21,26,9,25,18,goodbye
16.32466459274292,7,-7,3,13,1,0,10,12,31,29,14,11,21,17,goodbye
16.32466459274292,9,-19,-1,-10,0,-9,-2,0,7,10,0,3,5,0,goodbye
16.33975124359131,-1,-16,-19,-27,2,-13,-4,-6,-4,-8,-6,-1,-14,-15,goodbye
16.355734825134277,-7,-9,-20,-21,0,-7,0,-2,16,-4,-12,-4,-15,-15,goodbye
16.355734825134277,-6,-1,-2,-8,1,-2,-1,-1,19,-7,0,-5,-1,-4,goodbye
16.355734825134277,-10,1,-3,-5,1,-12,-10,-6,-8,-24,11,0,-5,-1,goodbye
16.37184476852417,-3,1,-2,-12,-4,-19,-9,-7,-18,-24,-4,5,-14,-6,goodbye
16.37184476852417,2,5,1,-7,-8,-10,-4,-6,-7,-15,-11,4,-13,-10,goodbye
16.387900590896606,2,11,7,11,-1,-2,-9,-2,-7,-13,-2,15,-12,-4,goodbye
16.387900590896606,18,12,24,20,7,-1,4,3,-2,12,17,20,15,4,goodbye
16.403080940246582,19,12,10,7,1,8,9,0,9,30,33,-2,49,4,goodbye
16.403080940246582,0,8,-5,-2,-16,22,-21,-5,1,7,14,-9,28,2,goodbye
16.418915510177612,0,-5,4,-5,-12,14,-23,0,-16,0,-10,6,-1,9,goodbye
16.418915510177612,7,-12,13,-18,5,-9,0,2,-26,-9,-18,0,-12,5,goodbye
16.43455219268799,-3,-1,3,-17,5,-12,-7,0,-15,-33,-16,-21,-14,-10,goodbye
16.43455219268799,-6,0,-3,6,2,-4,-16,6,-3,-8,0,-15,0,-5,goodbye
16.450684070587158,-3,-6,3,5,6,-7,-8,10,-10,25,13,13,7,14,goodbye
16.450684070587158,4,-8,1,-5,0,-1,2,3,-3,6,5,22,0,16,goodbye
16.466113567352295,13,-1,2,7,-6,7,15,1,14,-8,1,8,1,1,goodbye
16.466113567352295,0,0,-1,12,-3,0,12,0,7,0,3,0,-2,-11,goodbye
16.481868267059326,-18,-5,-22,-7,-4,-11,1,-6,0,1,3,0,-5,-13,sil
16.481868267059326,-13,0,-13,-5,-12,-13,0,0,-1,0,3,1,0,-7,sil
16.497318029403687,0,10,2,15,-11,-9,-2,0,-13,-4,-2,0,-3,-7,sil
16.497318029403687,5,3,-2,7,0,-3,0,-10,-11,-10,-6,0,-4,-3,sil
16.51291537284851,4,0,4,-7,9,9,12,-1,3,-1,-1,-2,0,9,sil
16.51291537284851,-1,2,2,-1,8,18,17,5,8,7,-2,-9,-9,6,sil
16.528525590896606,-10,-7,-5,-2,1,8,1,1,8,0,-9,-10,-16,-8,sil
16.5450439453125,-11,-10,-4,-12,3,7,-6,3,10,-9,-13,-7,-11,-9,sil
16.5450439453125,-2,4,-1,-1,14,18,1,3,15,-5,-10,-10,-9,0,sil
16.5450439453125,0,16,3,14,16,17,9,2,14,8,2,-8,0,0,sil
16.560054779052734,-6,6,0,16,9,11,10,0,10,23,8,-3,11,0,sil
16.57581639289856,-6,-1,1,11,8,14,16,-1,10,21,0,1,4,5,sil
16.57581639289856,6,4,4,15,9,14,23,0,8,15,0,4,-2,7,sil
16.57581639289856,2,0,-3,15,-2,1,11,1,0,8,-7,-3,-1,5,sil
16.591935634613037,-9,-17,-5,-2,-15,-10,-4,-3,1,1,-17,-9,0,1,sil
16.591935634613037,3,-5,0,-7,-9,-10,-2,-1,10,9,-2,-4,10,10,sil
16.607983112335205,19,14,13,11,1,-4,-4,2,8,13,8,3,15,18,sil
16.607983112335205,16,7,19,10,-1,-9,-17,-4,-10,-10,2,8,4,2,sil
16.6233913898468,10,-5,3,-16,-12,-23,-16,-7,-28,-24,7,8,4,-4,sil
16.6233913898468,2,-14,-6,-35,-17,-24,-11,1,-23,-16,12,11,13,4,sil
16.63911008834839,-11,-21,-15,-34,-16,-21,-20,0,-11,-16,0,9,3,0,sil
16.63911008834839,-10,-7,-17,-28,-11,-22,-25,-2,-14,-24,-4,5,-10,-18,sil
16.654836893081665,2,8,-8,-23,-7,-17,-15,3,-9,-12,6,4,-2,-17,sil
16.669896841049194,2,10,0,-9,0,-11,-13,0,-1,-1,21,9,8,-7,sil
16.669896841049194,-1,17,15,17,8,2,-12,-6,-14,-6,22,12,1,-7,sil
16.68548846244812,0,17,12,34,14,23,8,-2,-11,-1,9,2,-4,-6,sil
16.68548846244812,-1,0,1,16,11,26,20,5,14,12,-6,-10,-6,2,sil
16.68548846244812,-4,-8,2,6,7,25,18,9,23,18,-12,-10,-10,7,sil
16.701695442199707,1,-5,4,13,5,20,20,3,19,16,-9,-3,-3,9,sil
16.716144800186157,2,-10,0,-6,-7,-6,4,0,17,2,-10,-2,4,13,sil
16.716144800186157,1,-13,-9,-29,-16,-24,-15,-1,13,-9,-4,0,3,6,sil
16.73134136199951,13,1,2,-8,0,-11,-6,-1,0,-1,15,14,5,-2,sil
16.73134136199951,20,26,21,17,19,4,8,-4,-15,0,22,18,6,-1,sil
16.746939182281494,0,20,1,18,12,10,3,-9,-19,-11,-2,-10,-7,-3,sil
16.746939182281494,-15,0,-9,16,10,15,3,-2,-14,-5,-23,-24,-19,-10,sil
16.762598752975464,-10,0,5,24,20,24,18,7,-2,16,-6,-10,-5,-5,sil
16.762598752975464,-6,7,2,23,13,26,23,9,14,24,3,-4,6,2,sil
16.778019666671753,-9,-4,-13,7,-3,16,15,11,28,20,-11,-7,0,7,sil
16.778019666671753,-7,-17,-18,-12,-12,0,13,12,27,20,-17,-12,0,9,sil
16.79402804374695,-9,-20,-12,-23,-14,-11,10,2,12,9,-13,-10,1,7,sil
16.79402804374695,-12,-17,-13,-23,-15,-13,1,-6,2,-5,-18,-9,-1,4,sil
16.810080766677856,-1,-12,-7,-17,-15,-11,-6,-4,0,-8,-15,-4,0,5,sil
16.810080766677856,11,-8,8,-15,-12,-14,-12,-1,0,-4,2,9,10,1,sil
16.825622081756592,7,-8,-3,-19,-5,-22,-23,-9,-5,-10,9,10,3,-7,sil
16.825622081756592,-4,-2,-8,-23,0,-20,-36,-15,-20,-30,-2,0,-14,-17,sil
16.841596603393555,0,9,8,-9,5,-6,-29,-13,-25,-35,0,1,-14,-18,sil
16.841596603393555,11,17,14,8,12,-7,-11,-7,-10,-14,22,14,3,-7,sil
16.85666561126709,8,16,14,9,6,-12,-6,4,-9,1,27,19,11,0,sil
16.85666561126709,2,12,6,6,0,0,-5,6,-21,-1,14,14,4,-1,sil
16.871652603149414,0,11,2,11,-2,11,0,0,-19,-8,4,3,-12,-7,sil
16.871652603149414,0,11,3,18,-4,11,0,4,-6,-3,7,-1,-16,-7,sil
16.88749361038208,-2,4,7,21,-3,4,4,10,4,4,16,2,1,3,sil
16.88749361038208,-8,3,12,19,1,1,9,5,9,6,10,2,6,2,sil
16.90360450744629,-7,0,-2,15,2,5,7,-2,0,2,-6,-6,-4,-3,sil
16.90360450744629,2,-6,-5,12,7,15,13,0,-6,3,-10,-4,0,9,sil
16.9196834564209,7,0,11,15,10,14,20,7,7,16,0,7,11,20,sil
16.9196834564209,6,5,7,22,3,6,13,5,18,27,7,7,13,9,sil
16.935352563858032,11,0,4,16,-2,10,13,2,19,26,12,9,20,18,sil
16.935352563858032,11,0,8,0,-5,10,18,0,26,19,11,9,25,34,sil
16.950769901275635,2,-6,2,-8,-7,-3,3,-3,24,10,-1,-1,9,16,sil
16.950769901275635,2,-17,-4,-11,-3,-3,1,1,18,15,-7,-1,5,4,sil
16.966611862182617,9,-14,-11,-23,0,-1,10,4,20,22,-1,6,17,11,sil
16.966611862182617,0,-8,-16,-37,-3,-17,-7,-9,6,-2,-14,-6,0,-6,sil
16.98219656944275,-14,-8,-27,-38,1,-19,-22,-12,-3,-23,-30,-25,-16,-29,sil
16.98219656944275,-10,-4,-23,-37,8,-7,-13,0,-3,-18,-27,-23,-12,-27,sil
16.997872352600098,-5,-2,-15,-40,1,-9,-18,-7,-19,-26,-23,-22,-21,-29,sil
16.997872352600098,-7,0,-16,-29,0,-7,-22,-16,-27,-37,-21,-26,-29,-31,sil
17.01355481147766,0,8,-2,-12,7,1,-2,0,-13,-23,-13,-15,-20,-18,sil
17.01355481147766,-8,0,-5,-10,0,-4,2,5,-12,-17,-9,-16,-24,-15,sil
17.028705596923828,-18,-14,-11,-15,-13,-14,-13,0,-21,-19,-5,-17,-27,-15,sil
17.028705596923828,0,1,11,0,-3,1,-11,6,-10,-1,15,13,0,2,sil
17.0440673828125,10,15,21,24,7,14,1,8,-4,8,29,27,17,15,sil
17.0440673828125,-6,11,21,38,4,13,0,1,-12,5,19,14,10,13,sil
17.06009006500244,-1,12,23,43,2,17,3,3,-6,18,19,14,14,17,sil
17.06009006500244,10,9,18,38,0,15,11,2,-3,20,19,23,9,14,sil
17.075838804244995,0,3,15,31,0,5,13,0,-8,1,1,18,-7,3,sil
17.075838804244995,3,5,15,38,5,4,19,2,6,4,10,19,2,13,sil
17.090989351272583,9,1,13,38,3,8,19,8,20,19,25,22,20,24,sil
17.090989351272583,-6,-5,-2,20,-1,4,11,2,13,17,1,2,7,10,sil
17.10673475265503,-9,0,-7,12,1,1,10,-6,10,7,-13,-6,0,0,sil
17.10673475265503,2,2,0,9,-3,0,9,-7,9,2,1,0,8,3,sil
17.12186598777771,1,-4,-11,-6,-13,-9,3,-3,7,3,0,-8,6,3,sil
17.12186598777771,0,-10,-16,-25,-11,-16,-1,1,15,0,-12,-14,0,0,sil
17.137595415115356,3,-15,-13,-28,-11,-10,-6,0,14,-9,-3,-6,-2,-7,sil
17.137595415115356,-1,-15,-18,-30,-8,-7,-13,-5,0,-11,-6,-9,-1,-17,sil
17.153133869171143,-1,-1,-9,-30,1,-3,-14,0,2,0,-19,-9,0,-13,sil
17.153133869171143,4,4,0,-15,4,0,-15,3,16,5,-2,-3,1,-6,sil
17.16823720932007,4,2,7,-7,2,-7,-18,0,11,0,15,2,2,-4,sil
17.16823720932007,6,8,7,-12,5,-9,-12,-4,-7,-13,5,9,0,0,sil
17.184136152267456,11,12,1,-11,6,-4,-4,-7,-17,-15,-5,2,-3,0,sil
17.184136152267456,13,15,8,0,6,-7,-1,2,-6,-1,7,0,6,0,sil
17.1997013092041,13,19,13,7,9,-3,5,10,2,11,26,15,21,12,sil
17.1997013092041,5,8,7,4,7,5,1,0,-10,1,12,14,5,4,sil
17.215807914733887,-7,-7,-6,-6,2,2,-10,-7,-19,-13,-11,-12,-15,-18,sil
17.215807914733887,-12,-13,-11,-13,0,-6,-14,-4,-18,-12,-13,-20,-12,-19,sil
17.231727600097656,-11,-7,3,-5,-2,1,-5,-1,-28,-8,-12,-6,-13,-1,sil
17.231727600097656,-5,0,0,13,-3,20,13,-2,-24,-8,-25,-14,-17,5,sil
17.247119903564453,-6,-5,-9,12,0,23,29,0,-2,-2,-27,-24,-9,6,sil
17.247119903564453,-11,-16,-4,-2,-1,12,23,1,2,6,-13,-13,-8,8,sil
17.26204252243042,-3,-18,-4,-1,-3,4,9,3,2,7,-6,0,-9,11,sil
17.262546062469482,0,-12,-2,9,0,11,8,8,17,15,-3,6,4,18,sil
17.277578830718994,-8,-10,-3,10,4,19,16,11,33,33,5,2,19,18,sil
17.277578830718994,-9,-10,-9,2,1,4,6,4,27,23,7,0,10,5,sil
17.292901515960693,-3,-8,-9,-8,-8,-14,-11,0,15,-6,3,4,-3,-8,sil
17.292901515960693,-5,0,-7,-15,-12,-24,-18,-6,7,-10,10,6,0,-16,sil
17.308998823165894,-6,8,-1,-13,-6,-30,-25,-9,-6,-4,17,5,3,-19,sil
17.308998823165894,3,14,0,-7,0,-23,-27,-3,-15,-10,22,14,7,-17,sil
17.325149536132812,18,24,16,6,2,0,-10,4,-5,-10,27,25,9,-8,sil
17.325149536132812,18,36,33,26,7,5,2,2,-2,-2,21,22,1,-4,sil
17.339761972427368,0,22,12,27,3,-3,5,-5,-15,-4,2,-2,-8,-10,sil
17.35498595237732,-5,1,2,14,-1,1,14,-3,-18,-6,-11,-12,-9,-2,sil
17.35498595237732,11,6,12,15,1,15,21,3,-2,0,-8,1,0,21,sil
17.371776819229126,26,13,14,19,1,14,12,6,12,10,0,9,12,32,sil
17.371776819229126,21,3,13,12,0,11,8,2,24,16,-4,0,12,24,sil
17.386815071105957,0,-10,-4,-4,3,10,4,-7,25,9,-12,-8,-2,4,sil
17.386815071105957,-17,-18,-23,-22,2,6,-7,-8,6,-7,-7,-11,-15,-15,sil
17.386815071105957,-10,-15,-19,-21,0,0,-4,0,-7,-9,-2,-10,-10,-11,sil
17.402952194213867,-4,-7,-8,-9,-2,-14,0,2,-8,-8,-8,-3,-2,-2,sil
17.417367219924927,-13,-8,-6,-11,-4,-18,-7,4,-7,-13,-7,0,-1,-12,sil
17.417367219924927,-20,-17,-16,-14,-1,-11,-8,2,-2,-2,4,-3,1,-17,sil
17.43323016166687,-17,-16,-13,-10,-2,-5,-2,0,0,6,-2,-6,1,-3,sil
17.43323016166687,-5,-3,-4,-9,-6,0,3,2,0,0,-10,-4,5,7,sil
17.44880700111389,10,3,5,-1,1,1,8,7,6,4,4,3,14,15,sil
17.44880700111389,18,3,12,11,5,0,-5,2,4,4,9,7,2,12,sil
17.464393138885498,8,-2,2,4,0,0,-17,-5,-11,-8,-10,-5,-14,1,sil
17.464393138885498,0,-4,2,-8,0,0,-10,-2,-18,-10,-13,-10,-12,-2,sil
17.4797306060791,6,10,11,7,8,7,1,1,-4,4,9,6,3,0,sil
17.4797306060791,20,22,10,29,13,13,9,-1,3,15,16,8,12,5,sil
17.49579882621765,19,11,11,15,8,6,6,-3,-1,17,4,2,6,9,sil
17.49579882621765,9,0,8,0,0,0,-4,-5,-3,14,10,4,8,6,sil
17.51198410987854,2,3,6,1,2,8,-4,-6,-1,9,17,6,12,2,sil
17.51198410987854,-11,4,-1,-6,5,12,9,1,-3,2,1,-1,3,-2,sil
17.527579307556152,-27,-10,-13,-19,-5,-2,6,4,-3,-9,-11,-6,-9,-18,sil
17.527579307556152,-23,-9,-8,-17,-9,-13,-6,0,0,-19,-4,-1,-8,-26,sil
17.54317545890808,-7,9,-6,-6,-1,-2,-1,3,11,-10,5,0,1,-10,sil
17.54317545890808,-3,9,-5,-1,-5,3,9,6,14,-2,0,0,0,4,sil
17.558785438537598,-13,-4,-5,-2,-19,-7,4,0,-1,-13,-18,-7,-18,0,sil
17.558785438537598,-14,-8,-19,-11,-22,-16,-10,-9,-18,-18,-21,-14,-25,-9,sil
17.574547290802002,-2,-4,-8,-15,-11,-10,-15,-9,-13,-10,-6,-7,-11,-5,sil
17.574547290802002,9,-6,6,0,0,0,4,0,3,-6,-3,-1,-4,0,sil
17.590186834335327,15,-4,6,15,8,1,19,1,13,-2,-7,1,-7,4,sil
17.590186834335327,13,3,10,16,12,2,3,0,13,10,0,12,0,6,sil
17.605733394622803,4,1,7,12,7,0,-12,1,7,16,14,16,15,7,sil
17.605733394622803,7,0,6,14,0,-7,-17,2,0,9,13,11,18,11,sil
17.621030807495117,16,3,6,15,2,-8,-11,0,0,9,12,11,19,14,sil
17.621374368667603,7,1,3,5,9,1,6,2,3,17,16,8,21,9,sil
17.635997533798218,-10,-6,-4,-9,7,16,18,5,3,13,11,0,11,0,sil
17.635997533798218,-13,-11,-14,-13,5,15,16,3,5,3,-4,-9,-3,-3,sil
17.65201234817505,-1,0,-1,0,6,7,15,7,13,7,-9,0,-5,-2,sil
17.65201234817505,5,14,12,14,4,8,15,7,19,16,3,8,1,3,sil
17.668115377426147,-2,6,1,0,-7,-2,-4,-3,6,1,1,-4,-5,0,sil
17.668115377426147,-10,-10,-9,-23,-18,-23,-21,-12,-12,-19,-13,-16,-17,-9,sil
17.683934211730957,0,-8,-2,-9,-8,-16,-12,-11,-21,-18,-7,-6,-15,-8,sil
17.683934211730957,11,5,16,13,6,8,-2,-2,-21,-11,0,4,-8,0,sil
17.700159072875977,11,9,13,13,4,12,2,3,-16,-12,0,0,-5,2,sil
17.700159072875977,6,5,0,8,0,0,1,-1,-6,-10,2,0,-3,-2,sil
17.71585440635681,9,16,10,15,7,0,-10,-3,-1,-4,6,5,2,-3,sil
17.71585440635681,10,24,9,16,12,1,-14,1,0,2,1,0,13,6,sil
17.730998039245605,-3,2,-9,-5,8,2,-7,3,3,3,-2,-7,6,6,goodbye
17.730998039245605,-17,-12,-24,-27,5,9,0,0,8,-3,-3,-10,-4,-10,goodbye
17.746728897094727,-13,-8,-21,-25,1,6,7,0,9,-5,-8,-11,5,-16,goodbye
17.746728897094727,-14,-12,-8,-17,-7,-1,13,4,-1,1,-17,-8,10,-8,goodbye
17.76198172569275,-24,-21,-15,-18,-15,-2,6,0,-11,4,-13,-15,-4,-7,goodbye
17.76198172569275,-18,-16,-12,-17,-16,-7,-8,-6,-6,-1,-3,-17,-6,-6,goodbye
17.777618646621704,0,-9,6,-6,-12,-10,-5,0,1,-4,0,2,8,6,goodbye
17.777618646621704,11,-5,9,1,-10,-3,7,4,1,6,1,14,7,14,goodbye
17.792773962020874,12,2,9,3,-3,4,10,5,-3,15,7,12,-5,9,goodbye
17.792773962020874,10,4,8,6,7,5,11,1,0,5,3,11,-6,8,goodbye
17.80782413482666,9,-3,8,8,3,0,10,-1,4,-4,3,16,0,13,goodbye
17.80782413482666,10,0,6,17,-4,0,1,-3,3,7,21,15,7,12,goodbye
17.82294988632202,15,19,7,35,10,8,-11,-3,1,17,29,13,16,9,goodbye
17.82294988632202,9,21,14,29,21,5,-21,0,1,2,13,14,13,4,goodbye
17.83900547027588,-7,0,0,4,2,-9,-20,0,4,-3,3,6,-1,-5,goodbye
17.83900547027588,-10,0,-4,0,0,-13,-8,0,12,8,1,0,-9,-11,goodbye
17.854613065719604,-3,6,4,1,13,-8,1,0,18,9,-11,-5,-9,-11,goodbye
17.854613065719604,-21,-11,-10,-20,-1,-17,3,0,8,-6,-24,-21,-17,-20,goodbye
17.869850397109985,-34,-15,-18,-28,-17,-21,3,0,-7,-22,-19,-25,-24,-26,goodbye
17.869850397109985,-4,6,-2,-3,-6,-4,12,-2,-9,-17,-8,-8,-15,-12,goodbye
17.885744094848633,18,5,4,-5,-5,5,12,-3,-11,-14,-10,0,-12,0,goodbye
17.885744094848633,8,-4,0,-15,-18,4,1,0,-21,-19,-7,-1,-12,0,goodbye
17.900871515274048,10,7,4,16,-7,14,3,5,-4,-7,14,10,12,10,goodbye
17.900871515274048,28,23,22,40,15,25,19,11,25,15,30,30,38,34,goodbye
17.91690707206726,31,23,17,21,21,19,19,9,22,24,26,29,35,38,goodbye
17.91690707206726,17,10,3,0,10,5,-1,-2,-5,5,4,4,14,17,goodbye
17.932549953460693,0,-1,-5,-11,-3,0,-24,-7,-17,-15,-14,-12,0,1,goodbye
17.94762873649597,-7,-11,-21,-19,-8,-2,-22,-2,-7,-2,-6,-13,0,0,goodbye
17.94762873649597,-9,-13,-18,-18,0,0,0,0,1,22,4,-9,4,-3,goodbye
17.94762873649597,-16,-14,-8,-18,4,3,7,0,9,14,-3,-16,2,-13,goodbye
17.96331214904785,-19,-17,-17,-21,4,0,-3,2,13,-3,-13,-27,-3,-17,goodbye
17.96331214904785,-19,-13,-21,-16,6,-4,-7,4,8,-1,-20,-28,-16,-21,goodbye
17.979098558425903,-25,-12,-18,-17,2,-10,-2,-4,-2,0,-28,-28,-25,-28,goodbye
17.979098558425903,-25,-22,-16,-26,-11,-15,-5,-9,-22,-8,-22,-19,-25,-26,goodbye
17.994121551513672,-19,-20,-9,-16,-14,-11,-7,-5,-34,-10,-6,-2,-18,-17,goodbye
17.994121551513672,-5,1,9,3,-6,-8,-1,-5,-24,-8,0,9,-11,-4,goodbye
18.009878873825073,16,17,25,16,-1,-5,1,-3,-5,-1,1,11,-6,9,goodbye
18.025978803634644,15,12,14,27,0,9,5,2,2,4,10,7,-4,11,goodbye
18.025978803634644,3,10,23,37,1,17,6,0,0,3,19,15,0,9,goodbye
18.025978803634644,21,25,46,46,8,13,3,0,4,22,25,33,16,25,goodbye
18.041670322418213,38,28,36,46,15,14,2,7,19,42,25,40,31,40,goodbye
18.04267191886902,24,12,12,25,10,12,3,10,19,4,22,35,35,32,goodbye
18.056058883666992,12,7,2,13,0,-1,2,-1,11,-31,22,24,36,17,goodbye
18.071254014968872,8,16,7,16,-1,-7,2,0,18,-2,17,16,21,6,goodbye
18.071254014968872,-11,2,-8,0,-4,-2,4,10,23,12,-2,2,-1,-6,goodbye
18.092199325561523,-20,-26,-32,-27,-13,-1,7,4,12,-16,-18,-21,-6,-15,goodbye
18.092199325561523,-7,-30,-20,-28,-9,0,12,-2,6,-19,-20,-26,-1,-9,goodbye
18.092199325561523,-2,-13,-15,-19,1,0,11,-1,1,0,-19,-17,-12,-7,goodbye
18.1020302772522,-2,-8,-16,-24,-1,-7,0,-1,-16,-10,-19,-14,-28,-15,goodbye
18.11801481246948,0,-12,-9,-30,-9,-9,-5,-3,-24,-24,-16,-19,-28,-17,goodbye
18.11801481246948,-6,-12,-7,-24,-4,-9,-1,-5,-9,-14,-9,-20,-13,-9,goodbye
18.13363242149353,-4,0,-1,-11,4,-6,0,0,6,2,8,-6,9,1,goodbye
18.13363242149353,9,14,0,5,10,3,-9,1,8,15,21,4,21,10,goodbye
18.14995384216309,12,17,3,6,11,0,-26,-3,-5,20,16,10,11,10,goodbye
18.14995384216309,5,11,10,0,4,-16,-33,-4,-13,24,23,18,10,9,goodbye
18.16571068763733,-2,5,1,3,-5,-23,-29,-7,-11,11,19,11,6,0,goodbye
18.16571068763733,-17,0,-7,-1,-11,-19,-20,-6,-20,-20,-17,-12,-26,-26,goodbye
18.18094825744629,-22,-5,-6,-13,-5,-9,0,6,-18,-23,-25,-19,-35,-31,goodbye
18.18094825744629,-11,0,0,-7,3,4,22,14,1,4,-6,0,-10,-13,goodbye
18.19599151611328,-5,4,5,3,2,21,30,7,10,4,-11,2,-8,-12,goodbye
18.19599151611328,-8,0,0,2,-1,28,28,0,3,-23,-14,-15,-16,-15,goodbye
18.211620092391968,-8,0,-1,5,2,24,18,-1,-8,-22,-5,-16,-6,-2,goodbye
18.211620092391968,2,9,3,16,8,19,15,-2,-11,6,-7,-3,2,9,goodbye
18.2276828289032,9,2,11,19,3,14,17,0,-5,9,-14,-1,-6,9,goodbye
18.2276828289032,1,-7,13,18,0,13,7,0,-1,-1,-12,-5,-13,7,goodbye
18.242923498153687,5,-3,6,22,0,12,-1,0,5,19,-1,-1,4,16,goodbye
18.242923498153687,20,2,16,20,4,2,-1,4,17,40,14,22,34,35,goodbye
18.25893783569336,22,0,12,9,3,-7,-9,0,22,26,27,40,52,41,goodbye
18.25893783569336,16,1,-4,2,-2,-11,-22,-10,17,15,25,28,44,29,goodbye
18.27458357810974,10,4,-4,1,-1,-6,-16,0,20,21,14,14,23,15,goodbye
18.27458357810974,-2,-6,-10,-6,3,-4,0,7,29,13,7,4,13,0,goodbye
18.29011631011963,-13,-16,-20,-21,-1,-7,5,4,27,-4,1,-4,8,-8,goodbye
18.29011631011963,-4,-9,-17,-20,-11,-10,0,1,13,-12,0,-5,-3,-5,goodbye
18.305664777755737,0,-8,-14,-20,-13,-13,-7,-1,-3,-23,-7,-6,-17,-12,goodbye
18.305664777755737,-17,-14,-11,-33,-13,-16,-14,-6,-23,-42,-19,-23,-36,-34,goodbye
18.32170534133911,-25,-14,-14,-31,-14,-18,-14,-7,-40,-47,-22,-34,-46,-40,goodbye
18.32170534133911,-12,-7,-1,-18,-6,-17,-9,-4,-43,-34,-12,-19,-33,-23,goodbye
18.33704113960266,3,4,15,-8,5,-9,-2,-2,-29,-17,-1,0,-18,-13,goodbye
18.33704113960266,15,18,18,10,14,1,0,-4,-17,-8,12,11,-8,-10,goodbye
18.35286045074463,21,25,23,32,21,8,0,0,-7,10,31,22,17,5,goodbye
18.35286045074463,23,28,26,37,19,6,-4,9,13,36,37,31,43,26,goodbye
18.36891222000122,22,31,30,35,10,7,-7,7,17,23,25,29,25,28,goodbye
18.36891222000122,8,20,18,26,12,21,9,2,7,1,12,12,0,15,goodbye
18.384851217269897,-17,0,-11,8,14,27,34,8,12,10,-9,-18,-7,-1,goodbye
18.384851217269897,-32,-11,-23,-3,-1,20,32,11,11,16,-39,-36,-19,-15,goodbye
18.400798559188843,-30,-12,-23,-8,-11,11,24,4,4,7,-32,-28,-17,-13,goodbye
18.400798559188843,-24,-10,-20,-10,-4,4,27,1,3,7,-10,-19,-4,-2,goodbye
18.416034936904907,-16,-13,-20,-4,-6,3,19,-2,0,4,-21,-29,-7,0,goodbye
18.416034936904907,-2,-18,-19,-6,-16,0,5,-11,0,5,-30,-26,-7,0,goodbye
18.432077646255493,9,-16,-3,-20,-17,-6,-2,-9,7,13,-17,2,4,8,goodbye
18.432077646255493,13,-12,0,-16,-10,-12,-12,-7,6,6,-4,13,14,13,goodbye
18.44768238067627,11,-10,2,-2,-4,-22,-32,-12,-6,-11,3,12,13,2,goodbye
18.44768238067627,18,-1,12,-1,-8,-29,-43,-9,-15,-14,16,30,12,-1,goodbye
18.46292829513549,34,7,18,0,-9,-14,-33,-2,-5,-2,34,48,25,16,goodbye
18.46292829513549,37,17,27,5,7,0,-15,7,17,6,49,49,39,29,goodbye
18.47853446006775,20,21,17,3,18,-2,-12,11,23,5,38,24,24,9,goodbye
18.47853446006775,-4,9,0,0,6,-7,-16,7,5,-8,12,0,-4,-11,goodbye
18.493813276290894,-20,0,-3,1,0,0,-3,7,-1,-20,2,-6,-15,-16,goodbye
18.493813276290894,-20,-1,-6,1,4,2,7,5,-3,-17,0,-13,-15,-14,goodbye
18.50992202758789,-21,-7,-9,-8,-2,4,5,2,-11,-14,-17,-24,-23,-12,sil
18.50992202758789,-30,-13,-18,-11,-11,3,5,-3,-17,-19,-30,-30,-36,-17,sil
18.52496337890625,-32,-9,-21,-2,-6,-5,4,-17,-30,-24,-30,-32,-47,-27,sil
18.52496337890625,-14,3,-5,7,4,0,3,-14,-37,-17,-20,-20,-36,-20,sil
18.54068064689636,4,12,4,9,7,12,16,2,-17,-5,-9,-7,-4,1,sil
18.54068064689636,12,12,11,7,5,7,18,6,-5,0,-7,0,5,10,sil
18.55664587020874,15,8,14,11,9,5,5,0,-6,8,0,8,5,13,sil
18.55664587020874,19,7,17,17,13,16,2,5,12,32,14,17,23,24,sil
18.571970224380493,22,12,19,12,6,19,9,12,31,47,14,32,39,28,sil
18.571970224380493,22,4,4,0,-1,8,2,1,23,35,7,29,31,22,sil
18.58752202987671,11,-9,-8,-9,0,7,-3,-3,9,13,12,-8,15,11,sil
18.58752202987671,-8,-8,-14,-2,0,15,8,4,14,8,10,-32,5,-5,sil
18.60296106338501,-17,-3,-10,4,-6,6,20,8,19,12,-8,-12,-3,-15,sil
18.60296106338501,-11,-6,0,0,0,-1,18,7,16,12,-9,-3,0,-7,sil
18.618980169296265,-10,-10,-9,-9,7,2,14,0,12,9,6,-16,7,-3,sil
18.618980169296265,-22,-13,-18,-12,-4,-3,0,-6,5,-1,0,-10,-8,-16,sil
18.63472270965576,-21,-11,-12,-11,-10,-16,-10,-4,2,-9,-12,-1,-22,-16,sil
18.63472270965576,-4,-4,-4,-6,0,-12,-1,-2,4,-10,-8,-3,-10,0,sil
18.6499412059784,3,-4,0,-6,-4,-12,-1,-3,-3,-17,-12,-1,-11,1,sil
18.6499412059784,0,-11,-7,-14,-17,-26,-16,-6,-15,-23,-14,2,-16,-8,sil
18.66532254219055,12,0,2,-11,-7,-27,-15,-2,-8,-17,1,12,3,5,sil
18.66532254219055,32,20,25,9,10,-5,-9,6,13,-5,21,31,33,30,sil
18.68070864677429,32,18,23,21,8,-2,-20,5,13,2,29,38,35,26,sil
18.68070864677429,18,7,14,7,-5,-14,-31,-3,-8,1,23,28,16,10,sil
18.69588279724121,6,0,-1,-8,-14,-13,-22,-6,-17,-9,8,7,2,-3,sil
18.69588279724121,-5,-3,-11,-18,-11,-4,-17,-3,-17,-23,0,-7,-8,-19,sil
18.711418628692627,-12,4,-2,-8,1,-1,-14,-1,-26,-24,4,-6,-15,-21,sil
18.726589679718018,-9,13,8,14,7,-1,-2,-1,-23,-6,6,-5,-10,-13,sil
18.726589679718018,-10,9,12,17,5,7,7,-2,-12,1,-7,-9,-12,-11,sil
18.726589679718018,-10,5,0,5,6,19,16,-2,-7,-1,-23,-20,-21,-6,sil
18.741772413253784,-7,2,-4,9,2,15,18,0,-7,-2,-25,-15,-23,-1,sil
18.758822917938232,-5,-3,4,18,-5,12,15,0,-18,0,-16,-1,-19,-3,sil
18.758822917938232,-3,-5,0,13,0,24,20,-5,-23,-2,-10,-4,-8,1,sil
18.773183584213257,0,0,0,3,8,31,25,0,-4,0,-6,-6,1,14,sil
18.773183584213257,2,0,0,4,3,20,21,7,13,10,7,3,6,14,sil
18.788225173950195,5,-1,-1,10,4,9,9,5,18,23,17,6,7,9,sil
18.788225173950195,3,-1,-1,7,12,11,-1,6,29,39,6,-1,11,11,sil
18.803386926651,-7,-4,-12,-3,7,11,-1,7,37,39,-1,-7,13,8,sil
18.803386926651,-14,-8,-13,-12,0,0,10,6,35,21,0,-6,10,0,sil
18.8190987110138,-7,-9,-14,-15,-5,-12,12,5,34,18,7,-2,11,-2,sil
18.8190987110138,2,-9,-13,-17,-4,-15,0,4,22,19,7,0,14,0,sil
18.83468770980835,4,-3,-4,-15,0,-10,-4,4,7,1,2,4,19,-1,sil
18.83468770980835,1,-1,-6,-11,0,-19,-10,0,2,-19,0,3,14,-5,sil
18.84985637664795,1,-6,-4,-15,-7,-32,-26,-8,-14,-25,-2,-4,-2,-11,sil
18.84985637664795,5,-5,1,-20,-9,-22,-24,-8,-23,-19,-2,-3,-7,-10,sil
18.86584162712097,13,5,9,-11,-1,-6,0,0,-4,-18,4,6,0,-1,sil
18.86584162712097,18,14,19,0,0,-8,0,0,-3,-31,5,11,-1,0,sil
18.8814070224762,9,12,15,0,-7,-18,-19,-12,-28,-36,0,4,-12,-1,sil
18.8814070224762,-2,11,11,0,0,-4,-18,-9,-27,-18,-4,0,-17,0,sil
18.896607398986816,-1,16,6,20,18,20,1,0,-6,8,-5,-2,-12,0,sil
18.896607398986816,0,11,3,35,19,23,8,-2,-7,22,-5,-6,-2,8,sil
18.912580728530884,-12,-7,1,25,0,12,8,-1,-15,21,-8,-11,-3,12,sil
18.912580728530884,-22,-22,-21,0,-12,12,23,3,-3,10,-23,-27,-14,0,sil
18.92770481109619,-21,-23,-30,-25,-14,2,17,0,7,-2,-36,-29,-17,-9,sil
18.92770481109619,-16,-16,-11,-28,-10,-10,-9,0,11,-5,-19,-9,-2,-9,sil
18.94290399551392,-12,-14,-4,-13,-2,-4,-6,3,16,5,8,2,11,-10,sil
18.94290399551392,-3,-7,-3,-10,0,2,9,4,12,8,23,10,10,-9,sil
18.95854139328003,9,3,2,-11,-5,-7,-3,0,-5,-3,23,20,2,-4,sil
18.95854139328003,19,12,14,-2,-10,-20,-23,-6,-28,-24,14,25,-3,-1,sil
18.974302530288696,24,18,24,11,-5,-18,-17,-6,-29,-31,18,27,0,0,sil
18.974302530288696,32,29,35,31,9,0,-1,1,-6,-11,33,34,6,8,sil
18.989935159683228,34,39,42,46,17,18,7,8,8,7,32,42,15,21,sil
18.989935159683228,18,28,21,47,10,20,7,4,9,11,20,33,20,23,sil
19.00569748878479,1,7,11,41,10,20,1,3,16,17,15,20,14,18,sil
19.00569748878479,5,2,16,36,17,28,7,4,25,29,10,16,11,19,sil
19.0207633972168,12,2,3,26,13,21,19,0,20,28,0,3,10,20,sil
19.0207633972168,0,-6,-12,11,5,9,21,0,6,16,-9,-19,-3,7,sil
19.035789251327515,-16,-13,-21,2,4,9,15,1,7,16,-12,-33,-7,-4,sil
19.035789251327515,-25,-15,-22,-9,0,4,12,4,22,16,-16,-27,3,-8,sil
19.050986289978027,-30,-25,-30,-29,-13,-7,8,4,21,0,-26,-31,-4,-15,sil
19.050986289978027,-39,-44,-52,-53,-25,-17,-3,-5,-2,-17,-41,-53,-21,-31,sil
19.066607236862183,-38,-48,-47,-72,-33,-21,-18,-12,-19,-21,-46,-49,-21,-34,sil
19.066607236862183,-18,-27,-28,-60,-25,-17,-11,0,-5,-14,-26,-21,-5,-16,sil
19.081748247146606,-2,-3,-15,-23,-4,-15,-1,8,4,-7,-9,-7,5,0,sil
19.08274745941162,1,6,-5,-24,2,-25,-13,0,-13,-8,-12,-10,4,-2,sil
19.097973585128784,7,2,-5,-55,-2,-26,-25,-14,-24,-18,-8,-8,0,-5,sil
19.113674879074097,9,7,2,-35,4,-10,-20,-4,-12,-19,2,1,-1,-1,sil
19.113674879074097,14,33,15,6,28,2,-14,3,-8,-6,7,8,-1,0,sil
19.113674879074097,30,28,16,-8,32,0,-11,-3,-19,-2,7,6,-5,2,sil
19.129791498184204,22,-7,16,-19,12,-2,-7,-6,-20,-4,11,7,-8,5,sil
19.129791498184204,-7,1,22,28,2,-1,-4,-3,-12,2,12,3,-8,-3,sil
19.144471645355225,-16,41,30,52,5,4,0,0,-15,0,9,4,-13,-9,sil
19.16060519218445,-6,28,14,35,-9,14,11,4,-6,-6,13,13,-7,2,sil
19.16060519218445,-4,-3,9,25,-26,19,17,6,11,4,22,23,6,9,sil
19.175609350204468,-2,-1,26,29,-7,22,15,4,11,12,21,20,3,0,sil
19.175609350204468,0,0,18,46,18,25,22,0,9,10,16,12,-6,3,sil
19.175609350204468,4,-3,3,59,17,25,34,2,18,15,11,18,-1,16,sil
19.190736293792725,10,-4,0,36,4,16,31,9,18,25,3,17,6,18,sil
19.190736293792725,10,-12,5,11,-1,0,10,5,11,13,0,5,6,10,sil
19.20600533485413,10,-13,14,10,-11,-10,-7,-3,9,-3,-4,8,7,10,sil
19.221240997314453,13,-5,1,0,-20,-11,-10,-5,9,1,-5,12,11,18,sil
19.221240997314453,10,-9,-13,-15,-15,-15,-13,0,12,12,-3,8,14,19,sil
19.23680090904236,8,-4,-11,-3,-1,-10,-17,0,19,12,1,9,22,13,sil
19.23680090904236,8,4,-12,0,2,0,-13,0,14,8,4,10,24,6,sil
19.2520010471344,1,-2,-14,-27,-2,-1,-8,0,3,-2,2,6,10,-3,sil
19.2520010471344,-3,-9,-20,-38,-4,-5,-4,-3,0,-17,-3,0,1,-19,sil
19.267816066741943,-3,-1,-16,-26,-3,-8,-3,0,-6,-17,-8,-10,0,-25,sil
19.267816066741943,-4,4,-5,-25,3,-9,0,9,-10,-10,1,-17,0,-20,sil
19.283273220062256,-6,7,-5,-24,12,-2,9,5,-6,-13,10,-20,0,-12,sil
19.283273220062256,-7,11,-5,-13,10,1,11,-3,-6,-18,0,-20,-6,-9,sil
19.29911208152771,-9,8,-4,-7,1,-8,-1,-5,-19,-19,-15,-23,-13,-14,sil
19.29911208152771,-6,0,4,-11,-2,-14,-16,-3,-32,-17,-13,-15,-13,-11,sil
19.31493377685547,-2,2,10,-10,-1,0,-15,-3,-20,-5,-2,-2,-7,3,sil
19.31493377685547,0,9,5,6,7,7,-5,-4,-1,9,1,1,-4,12,sil
19.330116510391235,0,11,10,16,9,4,-4,-2,-5,9,-5,-1,-8,4,sil
19.330116510391235,-4,0,2,5,1,3,-8,0,-17,0,-20,-14,-13,-6,sil
19.345853567123413,-18,-11,-10,0,0,5,-7,1,-11,-3,-24,-16,-18,-14,sil
19.345853567123413,-23,-5,-10,7,4,8,2,0,1,7,-12,-10,-16,-13,sil
19.361563444137573,-11,-1,-8,8,-1,6,16,-7,4,12,-4,-11,-5,0,sil
19.361563444137573,-1,-12,-1,3,-12,9,15,-5,0,0,-8,-9,-2,9,sil
19.37731075286865,-1,-19,-1,7,-6,20,10,6,8,5,1,1,1,12,sil
19.37731075286865,-2,-15,-4,5,0,18,14,9,25,28,10,3,11,14,sil
19.39494776725769,-5,-11,1,1,-2,8,11,5,31,35,2,0,13,12,sil
19.39494776725769,2,-5,7,10,1,1,-3,3,23,23,7,12,16,4,sil
19.408961057662964,27,8,15,10,13,-9,-8,4,0,-2,21,28,17,3,sil
19.408961057662964,33,11,10,-1,9,-19,0,-2,-8,-24,18,24,9,6,sil
19.424920320510864,18,-1,6,-8,-4,-17,1,-5,7,-16,7,14,3,7,sil
19.424920320510864,12,-7,9,-8,-12,-16,-4,4,19,0,5,14,6,6,sil
19.4408700466156,4,-9,-4,-18,-18,-20,-1,3,8,-1,0,1,-2,0,sil
19.4408700466156,-5,-4,-6,-27,-17,-15,0,-5,-1,-11,-2,-2,-15,-6,sil
19.45579671859741,0,8,3,-8,-2,-4,-1,1,-2,-3,12,12,-7,-4,sil
19.45579671859741,5,15,4,13,6,0,0,8,-3,0,21,18,-1,-4,sil
19.47169613838196,-2,14,2,12,4,6,9,0,-6,-10,5,5,-11,-8,sil
19.47169613838196,-10,15,0,7,8,8,6,-5,-2,-7,0,0,-12,-2,sil
19.487111806869507,-6,15,-1,7,13,0,-7,-2,-9,0,7,6,-9,-2,sil
19.487111806869507,0,11,-4,2,1,-10,-19,-7,-31,-11,0,1,-18,-15,sil
19.502999305725098,0,11,-1,5,-9,-1,-18,-15,-43,-23,-21,-15,-26,-15,sil
19.502999305725098,-1,18,16,20,4,22,-2,-5,-20,-8,-13,-16,-14,1,sil
19.51862955093384,0,13,10,22,13,31,8,10,6,9,4,-7,5,11,sil
19.51862955093384,-7,0,-5,8,0,19,2,9,2,7,-8,-15,5,1,sil
19.53381896018982,-14,-7,-6,5,0,16,4,-2,-8,1,-29,-22,0,-5,sil
19.53381896018982,-5,-11,0,10,6,15,14,-4,2,7,-21,-14,9,-1,sil
19.549874782562256,0,-16,1,3,1,8,7,6,20,18,-11,-8,17,6,sil
19.549874782562256,-7,-18,-15,-7,0,9,5,11,33,26,-7,-9,27,11,sil
19.565820932388306,-5,-19,-17,-17,4,6,17,7,42,25,2,-1,45,13,sil
19.565820932388306,8,-21,-5,-14,0,-6,12,4,44,20,20,7,58,17,sil
19.580971479415894,11,-17,-7,-10,-1,-17,-6,1,36,19,30,12,60,22,sil
19.580971479415894,12,-8,-3,-23,-4,-31,-11,-3,15,11,25,24,54,19,sil
19.59698796272278,19,-4,2,-30,-15,-45,-17,-11,-11,-11,9,20,37,0,sil
19.59698796272278,11,-7,4,-25,-15,-38,-33,-10,-34,-35,-5,2,7,-18,sil
19.61263918876648,-5,-1,0,-18,-8,-23,-30,-6,-48,-42,-8,-4,-10,-24,sil
19.61263918876648,-11,10,-7,-2,-8,-14,-8,-8,-46,-34,-2,1,-9,-18,sil
19.62781238555908,-12,6,-1,7,-1,2,3,-1,-25,-18,0,0,-14,-11,sil
19.62781238555908,-13,-3,0,4,4,15,5,7,-3,3,-5,-12,-32,-10,sil
19.643532037734985,-7,0,1,3,0,8,6,6,-2,7,-12,-17,-45,-12,sil
19.643532037734985,-6,10,8,5,0,5,4,0,-14,-10,-8,-13,-59,-19,sil
19.659045934677124,-2,14,11,10,7,6,-3,-4,-17,-16,-5,-3,-75,-17,sil
19.659045934677124,12,21,17,27,10,9,-2,2,0,2,-3,15,-76,5,sil
19.674723625183105,13,28,10,34,13,19,13,8,21,23,9,20,-82,19,sil
19.674723625183105,-2,21,1,22,16,20,17,1,14,21,13,4,-93,4,sil
19.69078016281128,2,19,11,20,16,19,10,0,4,8,1,1,-96,0,sil
19.69078016281128,10,14,9,24,12,21,12,2,16,3,0,3,-117,15,sil
19.705946683883667,-7,-9,-3,4,0,14,15,1,14,0,-8,-6,-86,16,sil
19.705946683883667,-13,-30,-12,-14,-12,4,15,2,8,7,-14,-9,82,10,sil
19.721566200256348,5,-18,-8,-13,-8,1,14,5,26,23,2,4,223,16,sil
19.721566200256348,8,-4,-4,-13,-6,-2,4,4,31,16,18,13,191,12,sil
19.736629486083984,0,-9,-11,-13,-14,-10,-6,0,11,1,9,-1,119,0,sil
19.736629486083984,-1,-9,-5,-16,-9,-17,-16,-4,-5,-7,-5,-12,86,-3,sil
19.751808404922485,-5,-11,-10,-26,-6,-15,-26,-15,-21,-23,-18,-14,46,-10,sil
19.751808404922485,-4,-17,-15,-24,-12,-3,-21,-13,-32,-28,-13,-8,18,-14,sil
19.76741909980774,4,-3,3,-2,-4,4,-2,3,-14,-4,12,0,19,-4,sil
19.76741909980774,2,1,4,3,5,-5,4,4,10,10,16,-1,13,0,sil
19.783000230789185,-1,-8,0,-2,0,-9,0,-1,14,3,-7,-5,-4,-6,sil
19.783000230789185,10,6,10,11,5,7,3,5,10,7,-3,5,-9,1,sil
19.79850697517395,11,24,16,26,22,14,11,6,6,15,16,19,-2,13,sil
19.813907861709595,-3,6,9,10,15,1,5,-2,-5,4,5,10,-21,4,sil
19.813907861709595,-9,-7,-8,-4,0,-8,-3,-8,-14,-6,-14,-7,-51,-13,sil
19.813907861709595,-8,-5,-11,-7,-1,-10,-5,0,-11,-5,-5,-2,-42,-12,sil
19.83000373840332,0,-6,0,-1,0,-9,-4,7,-4,0,15,21,-14,5,sil
20.592024087905884,-8,0,1,1,0,0,2,15,18,9,5,10,0,0,sil
20.592024087905884,4,11,7,11,7,9,7,16,25,10,0,11,8,21,sil
20.607537269592285,24,20,17,10,7,4,4,12,27,18,27,28,27,28,sil
20.607537269592285,20,12,10,0,3,0,-6,4,20,17,40,31,29,14,sil
20.623581171035767,3,-4,-2,-6,4,-7,-17,-3,-2,-4,10,8,7,2,sil
20.623581171035767,4,-3,0,-1,3,-7,-17,-7,-20,-22,-10,1,-6,-1,sil
20.63896417617798,15,0,0,0,0,0,-8,-7,-8,-16,-2,6,3,-5,sil
20.63896417617798,17,1,8,-5,0,-9,-11,-7,-1,-8,5,13,12,2,sil
20.65415048599243,12,10,15,-1,8,-14,-14,-7,-23,-10,9,12,3,6,sil
20.65415048599243,0,13,5,12,11,1,-4,-7,-41,-22,0,-6,-11,-12,sil
20.669842004776,-16,4,0,13,2,9,2,0,-30,-25,-17,-23,-23,-23,sil
20.669842004776,-21,0,-2,10,-2,6,7,7,-7,-3,-14,-20,-21,-8,sil
20.68587875366211,-17,-6,-3,8,-1,18,17,5,0,15,-10,-21,-14,-7,sil
20.68587875366211,-16,-11,-14,6,-1,27,25,2,4,23,-20,-25,-7,-13,sil
20.701412677764893,-10,-10,-12,6,0,13,22,3,17,24,-10,-13,0,5,sil
20.701412677764893,-4,-13,-4,-1,-2,-4,9,0,21,12,2,-6,2,11,sil
20.716634273529053,-7,-15,-20,-16,-6,-17,2,-8,7,0,-1,-13,-2,-14,sil
20.716634273529053,-7,-3,-18,-15,1,-23,-5,-5,-10,-12,0,-6,-10,-25,sil
20.732536792755127,-9,9,3,4,11,-7,-9,0,-18,-19,8,-2,-16,-14,sil
20.732536792755127,-9,7,7,20,6,18,8,-5,-11,-7,0,-14,-12,-5,sil
20.74810242652893,2,0,10,15,0,28,24,0,5,15,-11,-8,1,10,sil
20.74810242652893,5,-12,2,-8,-8,15,17,12,19,17,-13,1,9,23,sil
20.76378417015076,-2,-21,-8,-33,-19,-7,1,9,21,0,-15,0,6,17,sil
20.76378417015076,0,-15,-7,-35,-22,-15,-5,1,13,-1,-10,2,4,5,sil
20.7790744304657,4,-7,0,-24,-15,-12,-15,-3,5,-1,4,17,7,0,sil
20.7790744304657,14,4,18,-11,-4,-10,-23,-6,5,-7,14,34,13,5,sil
20.794753789901733,30,20,27,8,9,-9,-19,-3,2,2,20,37,19,12,sil
20.794753789901733,28,20,19,13,10,-6,-16,1,-8,8,28,31,15,8,sil
20.810805082321167,10,14,8,2,1,-3,-13,2,-13,-10,23,13,2,-2,sil
20.810805082321167,-6,8,-2,8,7,4,-8,-2,-16,-21,-6,-13,-12,-12,sil
20.82607412338257,-17,-2,-5,15,13,16,0,-2,-12,-7,-26,-23,-21,-9,sil
20.82607412338257,-12,-10,-11,8,5,11,13,-1,11,9,-14,-13,-6,4,sil
20.841227054595947,-7,-2,-10,10,6,3,18,1,22,18,-11,-10,5,15,sil
20.841227054595947,-10,1,-10,12,9,6,8,5,5,14,-21,-16,-1,6,sil
20.857005834579468,0,-2,-20,-8,-4,-9,-2,0,4,1,-9,-8,0,0,sil
20.857005834579468,18,1,-5,-18,-12,-28,-10,-4,12,-5,14,14,13,1,sil
20.87263417243957,17,6,6,0,-8,-17,-10,-1,0,-6,23,21,16,0,sil
20.87263417243957,4,2,3,2,-6,-7,-10,0,-11,-7,21,10,10,-13,sil
20.887837648391724,2,13,12,1,1,-4,-5,3,-5,-4,21,4,10,-14,sil
20.887837648391724,1,21,16,14,13,10,4,6,-1,3,17,1,4,-4,sil
20.903731107711792,-8,9,8,19,7,15,9,5,-11,5,7,-4,-8,0,sil
20.903731107711792,-10,0,-5,14,3,10,8,0,-12,6,0,-10,-6,0,sil
20.91966366767884,-10,-9,-12,10,6,11,7,-4,-18,1,-13,-20,-11,-9,sil
20.91966366767884,-26,-21,-10,1,0,13,10,-7,-33,-11,-31,-25,-30,-18,sil
20.935216903686523,-28,-22,-14,-7,-9,8,19,-3,-19,-8,-23,-19,-25,-10,sil
20.935216903686523,-2,-16,-7,-8,-4,3,17,0,9,8,-7,-6,-7,4,sil
20.949944734573364,9,-12,0,0,0,6,10,0,15,20,-6,1,-5,13,sil
20.949944734573364,0,-12,0,-9,-5,7,11,1,10,10,-13,-2,-6,8,sil
20.96553683280945,-4,-14,0,-57,-17,-5,0,4,14,-11,-13,-1,-1,-3,sil
20.96553683280945,11,-8,11,-69,-14,-24,-25,1,15,-17,1,13,9,0,sil
20.98188209533692,33,10,24,0,-1,-22,-30,-3,10,-2,24,38,27,22,sil
20.98188209533692,29,24,12,52,0,-12,-16,-1,14,8,37,43,34,25,sil
20.99692392349243,15,22,2,32,-3,-14,-17,2,17,2,37,28,18,9,sil
20.99692392349243,16,24,17,17,3,-5,-17,0,8,-6,25,18,0,0,sil
21.01252174377441,13,21,15,30,15,10,0,-1,0,-2,10,11,0,-1,sil
21.01252174377441,-4,4,6,14,15,6,3,0,-6,0,7,1,0,-4,sil
21.02799701690674,-17,-3,0,-3,8,-1,-3,-3,-20,-12,0,-11,-7,-12,sil
21.043145895004272,-14,2,-7,8,6,8,5,-7,-24,-20,-13,-19,-11,-10,sil
21.043145895004272,-9,2,-3,7,7,19,20,6,-9,-5,-19,-20,-8,1,sil
21.043145895004272,-14,-7,-10,-8,1,12,25,6,-6,3,-27,-34,-13,0,sil
21.05982708930969,-18,-9,-20,-1,0,8,22,-1,-10,2,-39,-38,-18,-5,sil
21.05982708930969,-8,-6,-15,11,2,16,21,5,8,15,-36,-21,-2,3,sil
21.07468605041504,-2,-16,-21,-6,-5,7,13,9,26,27,-27,-18,8,8,sil
21.089772939682007,-6,-21,-25,-35,-8,-3,-1,0,23,21,-21,-18,0,0,sil
21.089772939682007,-4,-18,-24,-43,-2,-2,-6,-2,18,14,-13,-8,4,0,sil
21.10518312454224,-4,-27,-25,-47,-11,-13,-13,0,8,1,-13,-4,7,-6,sil
21.10518312454224,-11,-26,-27,-43,-18,-26,-26,-1,0,-11,-4,-8,-2,-22,sil
21.12037491798401,-5,0,-6,-25,0,-13,-15,-5,5,-2,21,4,4,-19,sil
21.12037491798401,8,17,26,-5,10,-1,-1,-5,3,4,36,28,18,0,sil
21.13583397865296,17,16,28,9,-1,-15,-13,-4,-18,-6,35,33,14,0,sil
21.13583397865296,24,29,34,29,-6,-18,-26,-1,-29,-16,33,33,4,0,sil
21.15153217315674,25,44,47,46,5,0,-10,0,-21,-7,33,36,3,11,sil
21.15153217315674,9,28,29,57,7,2,0,-5,-20,-2,33,25,0,7,sil
21.16763138771057,-4,3,17,50,0,-1,-1,-4,-28,-12,15,7,-16,-10,sil
21.16763138771057,-8,-2,11,27,2,14,6,1,-19,-16,-7,-7,-24,-7,sil
21.182798624038696,-5,-1,5,13,3,24,15,4,-5,-10,-17,-13,-19,5,sil
21.182798624038696,-3,-1,4,15,-5,10,11,4,2,-5,-15,-4,-14,5,sil
21.198299407958984,-4,-7,-8,5,-9,0,14,4,13,1,-7,-1,-6,6,sil
21.198299407958984,-3,-13,-16,-15,-5,5,20,5,23,9,-3,-6,2,14,sil
21.2138774394989,0,-14,-21,-18,-2,10,15,0,30,10,-10,-8,8,12,sil
21.2138774394989,-1,-12,-21,-12,-1,-2,0,-2,26,6,-14,-8,6,4,sil
21.22990918159485,0,-7,-11,-22,1,-8,-7,2,15,2,-3,-3,11,0,sil
21.22990918159485,12,-3,-8,-32,3,-7,-8,1,8,0,11,6,22,0,sil
21.24566411972046,20,1,2,-20,2,-12,-19,-5,0,-5,15,22,20,1,sil
21.24566411972046,18,15,11,0,9,-8,-22,-3,-6,-6,13,19,9,3,sil
21.261918783187863,3,17,0,5,20,3,-8,0,-6,0,8,-2,-4,-5,sil
21.261918783187863,-15,3,-7,2,11,13,1,0,-13,3,-1,-18,-22,-16,sil
21.277297019958496,-16,1,-1,7,0,15,3,-3,-18,6,-10,-14,-16,-5,sil
21.277297019958496,-1,9,11,11,6,12,5,2,-8,15,-9,-5,0,12,sil
21.29305076599121,0,0,4,11,9,13,17,8,0,26,-10,-11,-3,10,sil
21.29305076599121,-6,-13,-10,8,0,11,28,7,5,26,-19,-14,-8,2,sil
21.30857419967652,-6,-12,-4,-2,-6,4,29,8,14,20,-18,-4,2,7,sil
21.30857419967652,-10,-13,-5,-14,-14,1,28,3,21,15,-7,-7,13,4,sil
21.323628187179565,-21,-21,-10,-23,-17,-7,13,-3,13,0,-10,-17,8,-8,sil
21.323628187179565,-14,-17,-6,-24,-11,-18,-15,-2,4,-13,-17,-12,4,-6,sil
21.33968758583069,1,-7,-3,-19,-11,-18,-30,0,8,-8,-7,-4,8,0,sil
21.33968758583069,0,-1,0,-13,-12,-13,-21,-2,7,-12,5,-1,11,-8,sil
21.35498237609864,0,0,-3,-5,-7,-14,-16,-8,-3,-28,13,6,5,-14,sil
21.35498237609864,6,2,0,-4,-7,-15,-20,-9,-13,-28,11,15,-3,-7,sil
21.37075519561768,6,9,3,-4,-4,-13,-18,-10,-25,-19,6,15,-10,-11,sil
21.37075519561768,0,12,6,4,4,-12,-17,-11,-37,-27,8,5,-20,-21,sil
21.38623690605164,3,15,15,16,8,-8,-22,-5,-32,-35,5,6,-23,-11,sil
21.38623690605164,8,17,10,25,9,0,-16,1,-15,-18,3,9,-10,0,sil
21.402214527130127,8,17,8,30,17,15,1,3,-3,1,13,11,0,0,sil
21.402214527130127,7,13,13,27,18,26,17,6,7,8,17,8,0,5,sil
21.41783761978149,4,1,1,13,4,14,23,6,6,9,0,0,-1,11,sil
21.41783761978149,0,-3,-3,3,-3,2,19,4,-1,9,-8,0,-4,8,sil
21.432862758636475,4,5,4,14,5,13,19,7,6,22,6,9,4,17,sil
21.432862758636475,9,8,12,20,11,16,22,10,14,31,15,16,16,26,sil
21.447976112365723,5,-3,3,0,0,-2,12,6,11,19,4,10,16,13,sil
21.447976112365723,0,-13,-15,-14,-5,-10,0,1,16,10,-1,-2,8,1,sil
21.46355152130127,-5,-13,-11,-15,-4,0,-1,0,18,14,-2,-8,-3,1,sil
21.46355152130127,-10,-11,-5,-12,-5,1,0,-1,10,10,-4,-10,-5,-1,sil
21.47872734069824,-5,-7,-4,-4,-6,-1,-6,0,6,0,-1,-9,6,-2,sil
21.47872734069824,0,0,-1,0,-3,1,-8,0,1,-2,3,-6,11,0,sil
21.49405550956726,-7,0,-10,-15,-2,5,0,-8,-3,0,-1,-9,3,-5,sil
21.49405550956726,-11,-7,-11,-25,-1,7,3,-5,-6,-1,-10,-6,-3,-11,sil
21.51005434989929,1,-8,-4,-13,-4,4,0,0,-1,-4,-9,0,-8,-5,sil
21.51005434989929,13,1,2,-2,-8,-3,-3,1,0,0,-6,-2,-8,4,sil
21.52468752861023,6,8,6,1,0,-7,-6,0,-4,0,-10,-7,-4,3,sil
21.540069580078125,-3,0,0,6,3,-10,-9,-8,-13,-9,-13,-16,-5,-12,sil
21.540069580078125,1,1,7,9,0,-9,-6,-10,-12,-7,-9,-4,-3,-11,sil
21.54057240486145,10,10,12,10,4,0,2,0,1,6,5,13,11,12,sil
21.55610299110413,5,0,4,5,1,-3,1,0,6,1,13,11,17,20,sil
21.55610299110413,-6,-6,0,0,-3,-3,-1,0,0,-7,0,0,4,3,sil
21.571847677230835,-11,2,-2,-1,3,9,10,10,2,-1,-4,0,-2,-6,sil
21.571847677230835,-9,2,-2,-7,6,6,9,7,3,-11,2,-2,-6,-8,sil
21.58789014816284,-7,-7,-8,-10,0,-3,-6,0,0,-17,10,-1,-3,-8,sil
21.58789014816284,-3,0,-9,2,7,3,-1,4,14,7,12,8,10,1,sil
21.602564811706543,0,8,5,10,9,3,6,4,20,15,2,5,3,3,sil
21.602564811706543,0,-1,2,2,0,-10,-8,-6,-8,-7,-7,-8,-12,-9,sil
21.617652893066406,-5,-9,-5,0,-5,-10,-15,-3,-20,-12,0,-1,-4,-12,sil
21.633162260055546,-6,1,-5,0,0,-1,1,0,-3,0,3,0,2,-8,sil
21.633162260055546,-1,2,-4,-1,-2,-6,5,-7,-14,-4,-10,-13,-14,-10,sil
21.64895415306092,0,-8,6,-8,-14,-8,-10,-7,-34,-11,-10,-2,-15,-1,sil
21.64895415306092,0,-12,7,-10,-15,0,-10,-2,-21,-6,0,10,1,5,sil
21.664308309555054,7,0,4,0,0,4,3,0,-1,-5,-10,0,-4,1,sil
21.664308309555054,19,13,10,17,10,8,5,4,7,0,-9,4,-7,5,sil
21.67983269691468,14,13,10,10,0,3,-5,5,15,9,9,17,4,10,sil
21.67983269691468,3,1,1,-9,-8,0,-8,0,15,11,3,8,4,2,sil
21.69587993621826,0,-2,-15,-7,1,3,6,1,16,6,-7,-1,0,1,sil
21.69587993621826,-4,-3,-14,-3,7,9,17,8,25,5,-2,-1,1,8,sil
21.712091207504272,-7,-5,-7,-11,0,7,16,11,32,17,6,0,5,8,sil
21.712091207504272,3,0,-6,-9,-5,0,8,2,20,27,20,12,21,11,sil
21.727602005004883,9,12,10,4,-3,-5,-1,-6,-5,7,31,23,26,8,sil
21.727602005004883,-1,10,10,16,-1,1,-2,-7,-22,-10,18,3,7,-6,sil
21.743008375167847,-8,-3,0,17,0,0,-5,-6,-21,-5,1,-17,-11,-12,goodbye
21.743008375167847,0,0,9,10,0,-12,-22,-7,-20,-5,5,-5,-6,-5,goodbye
21.7585129737854,13,17,16,15,5,-11,-26,-7,-18,-14,11,10,5,0,goodbye
21.7585129737854,16,26,18,25,22,7,0,0,-3,-9,10,8,4,2,goodbye
21.77441143989563,9,17,13,24,23,15,20,4,8,4,6,-1,3,7,goodbye
21.77441143989563,-8,0,-3,5,4,2,10,1,-4,2,-19,-22,-7,-3,goodbye
21.790085554122925,-26,-18,-17,-13,-2,-2,1,0,-20,-15,-49,-41,-32,-22,goodbye
21.790085554122925,-19,-22,-18,-9,7,11,18,5,-2,-8,-37,-31,-25,-13,goodbye
21.80576038360596,-1,-16,-6,-2,4,26,31,13,19,19,-9,-4,2,11,goodbye
21.80576038360596,-6,-21,-16,-21,-14,13,20,6,19,23,-15,-12,2,10,goodbye
21.82186245918274,-19,-29,-34,-37,-16,-3,2,-3,19,5,-31,-29,-10,-6,goodbye
21.82186245918274,-6,-17,-20,-17,-4,1,-3,0,30,13,-13,-3,3,0,goodbye
21.837958812713623,10,-3,0,-1,-4,1,-3,0,29,30,18,24,21,18,goodbye
21.837958812713623,6,-5,6,-19,-11,-20,-13,-9,6,7,22,25,16,11,goodbye
21.85352325439453,0,-6,0,-32,-13,-29,-21,-10,-8,-23,15,24,7,-4,goodbye
21.85352325439453,8,7,4,-13,-8,-20,-15,-1,-12,-22,23,31,4,-7,goodbye
21.869765520095825,15,25,21,12,0,-15,-11,4,-12,-15,25,25,0,-2,goodbye
21.869765520095825,12,33,26,24,4,-13,-18,5,-1,-8,17,12,3,4,goodbye
21.885008096694943,14,27,29,22,8,-10,-24,5,-7,2,20,18,15,9,goodbye
21.885008096694943,6,9,13,12,5,-7,-18,-1,-40,-8,16,4,8,0,goodbye
21.90099310874939,-5,-5,-9,-1,-7,-3,-5,-11,-49,-38,-15,-20,-20,-11,goodbye
21.90099310874939,0,-8,-1,-13,-8,6,9,-7,-15,-23,-27,-2,-28,-3,goodbye
21.916911363601685,0,-10,-5,-17,6,15,22,1,10,9,-10,1,-7,0,goodbye
21.916911363601685,-27,-15,-26,-14,8,13,17,2,6,-4,-20,-47,-15,-19,goodbye
21.932092666625977,-37,-9,-24,-2,-1,10,5,0,6,-22,-35,-55,-32,-29,goodbye
21.932092666625977,-15,-2,-5,9,-4,5,-3,4,11,0,-17,0,-10,-14,goodbye
21.94790554046631,0,6,7,16,-1,-3,-9,8,-2,11,0,20,11,0,goodbye
21.94790554046631,6,16,4,20,0,0,-5,-1,-18,6,7,0,10,8,goodbye
21.962928771972656,8,5,3,4,0,10,0,-7,-18,9,12,-2,9,8,goodbye
21.962928771972656,8,-5,3,-5,-6,9,5,-1,-5,15,8,8,12,4,goodbye
21.97862458229065,19,11,7,21,5,12,13,0,18,21,10,18,16,11,goodbye
21.97862458229065,33,29,22,45,27,21,20,4,43,32,28,30,26,28,goodbye
21.99372386932373,22,14,13,25,22,11,19,7,40,26,30,25,23,22,goodbye
21.99372386932373,5,0,4,4,7,-5,11,2,14,5,12,6,-1,6,goodbye
22.0097815990448,6,4,10,15,6,-5,2,2,8,4,6,4,-8,9,goodbye
22.0097815990448,3,0,3,20,0,-4,-1,4,19,14,7,3,5,10,goodbye
22.024873971939087,-13,-18,-7,-4,-10,-5,1,1,12,10,-5,-8,0,-3,goodbye
22.024873971939087,-21,-23,-12,-22,-8,2,6,-6,0,0,-9,-20,-10,-10,goodbye
22.04110646247864,-16,-15,-6,-18,-5,5,5,-12,-3,-15,-4,-16,-12,-10,goodbye
22.04110646247864,-16,-10,-3,-11,-8,3,0,-7,-20,-29,-18,-17,-22,-15,goodbye
22.05666708946228,-15,-10,-13,-13,-8,0,-4,-5,-34,-22,-26,-19,-24,-14,goodbye
22.05666708946228,-8,-7,-9,-20,-5,-6,-9,-8,-29,-14,-11,-3,-4,-4,goodbye
22.071994304656982,0,-3,-3,-22,-3,-9,-7,-2,-16,-13,-7,3,6,0,goodbye
22.071994304656982,6,2,-3,-13,0,-10,-9,7,-7,-1,-10,2,6,4,goodbye
22.08803963661194,14,13,1,0,3,-11,-16,8,2,11,12,15,21,10,goodbye
22.08803963661194,15,10,0,0,4,-14,-21,1,7,10,23,15,29,13,goodbye
22.10896706581116,2,-5,-5,-19,-2,-13,-25,1,4,6,0,0,14,6,goodbye
22.10896706581116,-14,-12,-13,-36,-10,-5,-20,3,7,4,-20,-12,-2,-7,goodbye
22.10996699333191,-23,-11,-22,-31,-8,-2,-4,2,7,-1,-22,-24,-19,-23,goodbye
22.12015724182129,-21,-13,-22,-22,-3,-3,3,0,-2,-8,-18,-31,-27,-26,goodbye
22.13571000099182,-15,-17,-21,-20,-2,0,10,0,-1,-8,-14,-27,-18,-17,goodbye
22.13571000099182,-9,-6,-3,-15,0,3,18,3,10,-4,-10,-9,-11,-11,goodbye
22.150967359542847,0,6,8,1,1,4,20,3,10,0,0,3,-7,-8,goodbye
22.150967359542847,8,8,11,20,-1,5,17,0,-1,-3,4,0,-4,-2,goodbye
22.16672396659851,5,7,14,24,-5,9,14,0,-8,-6,-2,-3,-5,6,goodbye
22.16672396659851,9,12,13,23,0,6,7,-2,-7,0,3,10,4,19,goodbye
22.18171977996826,22,20,21,23,6,3,-1,-6,-4,-6,19,27,17,26,goodbye
22.18171977996826,25,21,26,30,9,11,-9,-3,0,-13,30,36,18,19,goodbye
22.197242259979248,35,27,41,51,11,12,-13,-1,7,13,52,58,27,24,goodbye
22.197242259979248,56,42,64,73,15,2,-7,2,7,33,64,74,40,43,goodbye
22.21290707588196,46,32,41,69,18,-1,-5,0,-1,0,40,51,28,28,goodbye
22.21290707588196,16,4,7,31,10,-5,-21,-7,-13,-21,16,19,2,-4,goodbye
22.228966236114506,-3,1,-1,0,2,-6,-23,-9,-13,1,13,0,-8,-18,goodbye
22.228966236114506,-23,-3,-13,-3,4,0,3,-1,-6,15,-6,-19,-9,-23,goodbye
22.244781970977783,-42,-29,-28,-12,0,3,26,9,2,2,-38,-35,-21,-33,goodbye
22.244781970977783,-54,-45,-54,-41,-13,3,31,9,11,-2,-44,-52,-37,-37,goodbye
22.259815216064453,-58,-37,-58,-54,-6,10,29,1,12,3,-37,-59,-33,-30,goodbye
22.259815216064453,-41,-25,-29,-37,0,12,29,1,14,17,-35,-42,-10,-10,goodbye
22.275851488113403,-15,-20,-13,-26,-13,1,29,5,14,11,-34,-30,-6,5,goodbye
22.275851488113403,-13,-17,-16,-33,-14,-1,15,4,-1,-15,-40,-28,-24,1,goodbye
22.291078329086304,-12,-12,-22,-36,-6,-5,-13,-5,-14,-26,-38,-28,-24,-6,goodbye
22.291078329086304,6,-6,-5,-28,-17,-20,-35,-11,-7,-14,-12,-12,0,5,goodbye
22.306586265563965,32,12,20,-5,-16,-16,-33,-3,10,4,24,23,30,34,goodbye
22.306586265563965,46,30,24,19,8,-4,-32,0,20,24,39,45,46,44,goodbye
22.32182502746582,34,23,15,16,9,-8,-46,-7,3,17,26,30,30,26,goodbye
22.32182502746582,18,7,6,2,-6,-11,-41,-11,-17,-5,15,11,12,7,goodbye
22.33784365653992,18,10,10,8,2,-3,-6,-1,-15,-3,19,10,11,4,goodbye
22.33784365653992,10,14,9,15,17,6,20,11,-6,11,13,5,7,-2,goodbye
22.35286569595337,-10,0,-6,2,10,11,27,10,-4,9,1,-1,0,-16,goodbye
22.35286569595337,-25,-14,-8,-12,0,10,23,6,-2,-4,-3,-2,-1,-24,goodbye
22.3681435585022,-31,-15,-11,-8,0,8,16,4,-1,-14,-10,-13,-12,-30,goodbye
22.3681435585022,-30,-10,-17,0,2,0,5,1,-9,-18,-15,-20,-22,-34,goodbye
22.383936643600464,-11,0,4,4,0,2,11,2,-5,-6,0,-1,-8,-18,goodbye
22.383936643600464,6,5,21,7,0,10,24,1,8,6,9,10,3,0,goodbye
22.398956775665283,6,3,10,3,2,1,12,-3,-1,-13,-11,2,-17,0,goodbye
22.398956775665283,10,3,6,0,2,-11,-3,-2,-13,-24,-12,6,-24,0,goodbye
22.414621114730835,26,14,26,9,1,-7,-3,3,9,5,20,28,4,18,goodbye
22.414621114730835,29,18,26,22,1,-3,-14,0,26,11,28,36,12,25,goodbye
22.43091344833374,14,7,5,14,-2,-8,-32,-4,14,0,16,18,4,18,goodbye
22.43091344833374,10,1,10,0,-7,-4,-23,1,9,8,18,9,15,18,goodbye
22.44495463371277,11,2,3,7,-3,2,-3,0,8,9,4,-1,13,12,goodbye
22.46022200584412,0,-4,-15,10,0,7,9,-4,0,-3,-26,-17,-9,0,goodbye
22.46022200584412,-9,-12,-12,-1,0,16,33,6,6,16,-13,-14,-1,7,goodbye
22.475303173065186,-8,-10,-16,-1,0,10,39,10,14,32,12,-6,16,11,goodbye
22.475303173065186,-13,-5,-17,2,4,-2,10,-2,0,3,-4,-11,0,-9,goodbye
22.49111914634705,-20,-2,-11,-2,3,1,-3,-8,-7,-11,-18,-17,-14,-13,goodbye
22.49111914634705,-17,-5,-14,-10,-2,4,-1,-4,0,4,0,-8,-2,4,goodbye
22.506556749343872,-15,-13,-12,-16,-11,-3,-13,0,-6,6,2,-2,0,-1,goodbye
22.506556749343872,-13,-13,-9,-16,-9,-7,-24,-4,-19,-12,-15,-11,-7,-20,goodbye
22.522651433944706,-5,-5,0,-14,-4,-9,-14,-6,-23,-22,-14,-5,-4,-15,goodbye
22.522651433944706,0,0,4,-11,0,-7,-1,-4,-21,-14,0,4,3,-7,goodbye
22.538722038269043,1,4,0,0,5,-4,-4,-5,-20,-10,-3,-5,0,-11,goodbye
22.538722038269043,5,14,9,9,2,-11,-22,-3,-20,-18,-8,-9,-9,-6,goodbye
22.55477905273437,10,19,14,13,0,-10,-23,0,-5,-13,6,5,0,3,goodbye
22.55477905273437,9,13,8,8,7,6,-3,1,5,2,10,8,7,5,goodbye
22.570076942443848,4,-1,0,-4,2,9,5,1,0,6,-6,-1,0,-2,goodbye
22.570076942443848,-4,-13,-2,-7,-13,-4,1,0,1,2,-7,0,-2,-5,goodbye
22.585580587387085,-4,0,6,2,-2,1,4,8,15,12,11,6,4,1,sil
22.585580587387085,5,8,4,4,11,15,11,15,22,21,17,7,9,4,sil
22.60162281990052,6,1,2,0,8,6,11,10,17,6,7,8,8,1,sil
22.60162281990052,1,4,6,6,10,0,15,1,13,0,7,10,6,5,sil
22.61766004562378,3,8,1,10,11,2,20,0,12,8,13,4,4,9,sil
22.61766004562378,1,0,-5,0,0,0,12,0,6,6,4,2,0,0,sil
22.63293218612671,-1,-4,-7,-8,-3,-3,2,-2,0,-6,-9,0,-3,-4,sil
22.63293218612671,8,-1,4,3,0,1,1,0,-3,-9,-9,-2,-11,3,sil
22.64839243888855,14,6,15,25,4,17,4,2,-6,-5,-2,-1,-16,4,sil
22.64839243888855,1,3,4,19,6,17,3,-5,-5,-1,-5,-4,-12,0,sil
22.664437532424927,-5,-8,-1,-7,-3,0,1,-7,-2,1,-13,-12,-6,5,sil
22.664437532424927,-2,-12,-7,-17,-12,-5,1,0,4,5,-8,-10,2,8,sil
22.68025016784668,-8,-8,-14,-15,-8,-7,-4,0,3,10,-2,-2,7,0,sil
22.68025016784668,-15,-13,-10,-19,-11,-10,-10,-3,0,9,-5,-1,4,-4,sil
22.6959969997406,-10,-16,-14,-18,-17,-9,-3,1,14,7,2,-3,8,0,sil
22.6959969997406,-1,-11,-4,-13,-12,-9,-1,8,34,13,16,4,20,8,sil
22.711573839187626,3,-8,2,-7,-4,-11,-11,4,23,14,9,12,24,11,sil
22.711573839187626,3,-8,-4,-6,0,-7,-19,-3,-6,-4,1,6,7,0,sil
22.727134466171265,4,0,1,-3,4,-3,-12,-4,-22,-19,13,8,-3,-11,sil
22.727134466171265,12,16,16,14,10,-3,-1,0,-23,-12,23,11,0,-7,sil
22.74287724494934,14,24,21,25,11,0,-2,0,-25,-11,7,7,-3,0,sil
22.74287724494934,5,18,7,18,5,3,-8,-8,-27,-21,-4,4,-18,-5,sil
22.75798439979553,0,22,3,17,1,5,-2,-11,-30,-22,-6,0,-22,-15,sil
22.75798439979553,-7,21,7,17,5,15,5,-6,-32,-13,-15,-18,-23,-16,sil
22.77607679367065,-21,-5,-8,4,2,15,4,-4,-20,-5,-27,-32,-24,-8,sil
22.77607679367065,-19,-20,-13,-4,-1,10,7,1,4,4,-22,-15,-8,6,sil
22.79009461402893,-9,-9,-13,-7,0,13,13,8,21,13,-13,-4,12,11,sil
22.79009461402893,-14,-17,-26,-26,-8,-1,5,3,18,3,-18,-14,13,-3,sil
22.805644035339355,-15,-25,-17,-36,-19,-21,-5,4,14,-3,-10,-6,4,-7,sil
22.805644035339355,5,0,5,-10,-3,-14,0,12,19,11,18,19,13,4,sil
22.820521593093872,23,22,20,14,17,-2,3,8,15,15,31,30,23,7,sil
22.820521593093872,28,24,18,17,16,-3,0,3,19,7,24,25,19,7,sil
22.835925817489624,25,22,13,16,6,-7,2,2,27,7,22,17,5,9,sil
22.835925817489624,11,14,16,13,5,-7,4,0,7,-2,17,5,-6,0,sil
22.85188126564026,4,2,12,13,13,0,6,-6,-12,-17,2,0,-10,0,sil
22.85188126564026,3,-2,8,19,15,11,11,-4,-9,-2,-6,0,-9,8,sil
22.866889715194706,-9,-7,-5,9,2,14,9,-1,-9,11,-10,-20,-10,-1,sil
22.866889715194706,-19,-18,-21,-8,-10,4,-1,-6,-17,-3,-21,-41,-16,-13,sil
22.88293051719665,-6,-16,-2,-8,-9,5,-4,-4,-13,-9,-24,-15,-13,0,sil
22.88293051719665,0,-8,2,-1,-5,14,1,1,-1,21,-5,3,5,12,sil
22.898311614990234,-7,-13,-15,-15,-13,5,-4,0,12,33,3,-7,17,10,sil
22.898311614990234,0,-18,-13,-31,-14,-6,-12,0,25,13,4,0,15,8,sil
22.914061307907104,14,-5,1,-20,-7,-7,-9,3,20,-1,15,23,17,7,sil
22.914061307907104,11,7,7,-13,-9,-15,-13,5,0,-10,15,19,7,-4,sil
22.92970395088196,-3,5,0,-11,-11,-17,-17,0,-11,-19,7,0,-11,-21,sil
22.92970395088196,-15,2,2,5,0,1,-1,0,-12,-13,3,-5,-14,-18,sil
22.945363521575928,-20,3,3,17,5,15,18,6,-3,-2,-9,-8,-13,-6,sil
22.945363521575928,-18,-4,-13,2,-2,5,19,-1,5,2,-27,-18,-18,-6,sil
22.96111249923706,-11,-16,-18,-14,-11,-8,2,-9,-3,-1,-28,-17,-15,-9,sil
22.96111249923706,-4,-18,-14,-16,-9,-12,-10,-3,-17,-13,-13,-2,3,-3,sil
22.976667881011963,4,0,-5,-4,5,-4,-14,0,-16,-23,3,11,9,0,sil
22.976667881011963,12,26,11,16,16,4,-10,-5,-16,-27,16,16,0,-1,sil
22.99189066886902,13,31,15,23,14,2,-6,-8,-17,-12,23,15,2,2,sil
22.99189066886902,20,27,26,28,20,9,1,0,-3,14,32,26,19,20,sil
23.007407188415527,25,30,32,50,30,24,15,2,7,31,33,26,25,31,sil
23.007407188415527,15,17,11,42,19,13,17,0,7,29,12,4,14,20,sil
23.022862672805783,2,-3,-5,1,0,-3,11,5,13,27,-7,-1,9,11,sil
23.022862672805783,0,-10,-8,-13,-7,-8,15,10,21,22,-7,3,14,13,sil
23.03896999359131,0,-12,-5,-8,-7,-8,14,8,18,4,-18,-8,3,2,sil
23.03896999359131,-10,-20,-14,-20,-8,-3,3,4,19,-9,-29,-25,-8,-11,sil
23.053799390792847,-17,-26,-20,-36,-16,-3,-5,-1,16,-8,-10,-14,0,-8,sil
23.053799390792847,-9,-19,-10,-35,-15,-15,-11,-3,7,-6,0,0,3,-6,sil
23.069011211395264,-4,-2,-9,-22,-3,-19,-16,0,5,-13,-15,-12,-9,-17,sil
23.084707736969,-10,0,-5,-17,-6,-10,-21,0,-3,-15,-12,-21,-19,-26,sil
23.084707736969,-1,3,6,-7,-9,-5,-17,-2,-21,-10,2,-4,-17,-20,sil
23.100523233413696,15,19,18,17,4,-3,-12,-7,-27,-21,1,7,-18,-7,sil
23.100523233413696,4,18,15,15,3,-3,-14,-11,-34,-32,-2,-2,-25,-8,sil
23.1160249710083,-23,-9,-12,-9,-10,0,-11,-8,-37,-22,-11,-25,-31,-24,sil
23.1160249710083,-23,-18,-13,-8,-3,16,3,1,-19,-5,-20,-22,-29,-17,sil
23.1160249710083,0,0,8,18,8,30,15,4,6,17,0,2,-6,10,sil
23.131211757659912,5,4,14,29,2,24,20,0,14,38,20,11,18,24,sil
23.1459903717041,-5,-3,4,19,0,20,26,5,12,31,9,8,16,23,sil
23.1459903717041,-7,-6,-9,4,3,18,26,8,19,18,0,9,9,22,sil
23.16164994239807,2,-5,-3,-5,6,8,16,5,31,19,10,16,18,16,sil
23.16164994239807,10,-5,3,-1,5,0,5,5,26,18,14,17,23,5,sil
23.17873907089233,9,-10,-11,-2,1,-14,0,3,14,7,10,8,16,2,sil
23.17873907089233,8,-9,-6,-19,-4,-22,-8,3,12,4,18,15,16,9,sil
23.17873907089233,13,1,5,-15,-4,-16,-15,0,7,-2,24,22,22,7,sil
23.193331003189087,18,15,10,8,0,-16,-16,-4,-14,-25,7,12,12,0,sil
23.20974087715149,15,21,13,13,4,-14,-10,-7,-26,-27,5,2,3,0,sil
23.20974087715149,11,23,10,5,7,-1,-6,-10,-14,-8,17,1,6,2,sil
23.22493863105774,10,26,14,11,7,3,-9,-5,-9,-9,3,0,3,-3,sil
23.22493863105774,6,20,9,13,6,0,-7,0,-14,-17,-8,-3,-3,-11,sil
23.24066472053528,-4,4,0,4,8,-3,-3,0,-15,-10,-7,-6,-11,-16,sil
23.24066472053528,-13,-5,-7,6,8,4,0,1,-10,-4,-18,-16,-19,-16,sil
23.25667834281921,-17,-9,-15,6,1,12,9,2,0,-1,-32,-27,-19,-10,sil
23.25667834281921,-18,-22,-21,-13,-11,7,14,0,2,6,-37,-27,-18,-7,sil
23.257667064666748,-19,-33,-26,-24,-17,2,11,2,11,19,-26,-20,-12,-4,sil
23.272024869918823,-20,-26,-22,-19,-15,1,10,10,26,32,-5,-7,0,5,sil
23.28753423690796,-12,-9,-9,-16,-11,0,8,10,29,19,0,6,11,16,sil
23.28753423690796,6,-1,4,-8,-8,-8,-2,1,21,0,4,17,17,18,sil
23.30307960510254,20,4,23,-2,-5,-13,-10,0,19,6,20,26,20,15,sil
23.30307960510254,13,9,15,-6,1,-6,-3,1,10,2,18,19,9,4,sil
23.318608283996586,8,8,1,-9,5,-3,-3,-5,-15,-26,-1,0,-12,-12,sil
23.318608283996586,10,12,11,-2,3,-8,-15,-14,-34,-30,1,-4,-22,-15,sil
23.33355569839477,10,17,13,7,3,-7,-22,-13,-30,-11,15,0,-13,-2,sil
23.33355569839477,10,15,16,15,5,2,-16,0,-21,-13,12,3,-8,1,sil
23.34896874427796,5,8,11,23,5,16,1,1,-15,-10,5,0,-9,-3,sil
23.34896874427796,-10,0,-6,26,6,19,15,-2,-13,1,-6,-14,-12,-6,sil
23.36455559730529,-23,-6,-12,13,3,20,18,0,-6,4,-19,-26,-13,-7,sil
23.36455559730529,-23,-13,-17,-1,0,19,19,5,6,12,-12,-17,-5,-8,sil
23.37970471382141,-23,-15,-18,-3,0,7,13,2,7,17,-5,-2,-1,-4,sil
23.37970471382141,-20,-12,-10,1,3,0,7,3,3,6,-5,0,3,1,sil
23.395078659057617,-2,-10,0,5,3,7,13,7,14,13,-1,1,15,10,sil
23.395078659057617,6,-4,3,3,1,3,8,5,20,15,1,4,10,8,sil
23.410430908203125,-1,-1,-7,-5,-2,-9,-9,-4,5,-5,0,0,-2,-7,sil
23.410430908203125,0,-10,-6,-17,-2,-9,-16,-5,-5,-11,-1,-6,0,-7,sil
23.425981283187863,14,-6,4,-14,0,-5,-7,0,2,6,0,0,15,12,sil
23.425981283187863,20,7,5,-3,-4,-13,-3,2,14,13,11,13,22,20,sil
23.44162607192993,20,16,13,-1,-7,-13,-5,2,15,7,21,25,22,13,sil
23.44162607192993,25,7,15,-3,-4,-12,-8,1,7,0,20,30,26,15,sil
23.45718741416931,22,0,11,-15,-4,-22,-12,0,0,-5,16,32,27,18,sil
23.45718741416931,10,1,6,-24,-5,-19,-11,1,0,-3,11,21,16,0,sil
23.472840070724487,0,12,1,-6,-3,-7,-7,-3,-4,-12,-4,-2,-8,-19,sil
23.472840070724487,-2,17,5,18,2,-2,-3,-6,-18,-30,-9,-2,-19,-16,sil
23.488875150680546,3,16,5,21,6,1,0,-4,-15,-22,7,7,-10,-8,sil
23.488875150680546,2,11,6,5,0,2,-1,0,-10,-11,6,-2,-13,-12,sil
23.50430631637573,-9,5,0,3,3,0,0,1,-14,-16,-11,-18,-21,-11,sil
23.50430631637573,-15,0,-8,20,18,11,11,-1,-4,-4,-12,-15,-12,-2,sil
23.519814491271973,-13,0,-2,23,16,24,11,0,6,8,-11,-12,-14,-1,sil
23.519814491271973,-15,-2,-6,10,1,21,3,1,3,6,-16,-27,-17,-4,sil
23.53486275672913,-9,0,-11,9,0,15,7,0,9,17,-8,-25,-3,5,sil
23.53486275672913,1,0,2,13,6,17,17,5,23,36,4,-3,6,19,sil
23.55110239982605,0,-7,2,0,6,12,12,3,16,30,4,-1,2,15,sil
23.55110239982605,-7,-18,-10,-18,-1,2,0,-4,-4,12,-5,-12,-3,-1,sil
23.56654667854309,-13,-22,-19,-27,-9,0,0,-6,-10,9,-10,-16,-8,-12,sil
23.56654667854309,-17,-31,-19,-32,-15,-3,2,-1,-3,6,-13,-14,-11,-8,sil
23.582627773284912,-13,-31,-18,-32,-16,-6,7,3,2,1,-13,-11,-4,-3,sil
23.582627773284912,-6,-17,-24,-24,-12,-4,12,6,5,0,-12,-6,1,-8,sil
23.59865522384644,-10,-8,-12,-14,-7,0,4,5,4,-3,-10,2,0,-9,sil
23.59865522384644,-4,-4,6,-2,-5,0,-4,3,3,-4,0,12,3,2,sil
23.613887071609497,15,10,20,7,0,-9,-1,0,0,-9,9,17,8,10,sil
23.613887071609497,21,22,23,12,2,-9,-2,-5,-3,-17,5,20,10,5,sil
23.62990927696228,18,9,10,3,-3,-9,-15,-5,0,-15,6,20,18,6,sil
23.62990927696228,17,6,13,-4,-4,-16,-23,2,-3,-11,13,25,27,9,sil
23.64579391479492,19,29,19,11,1,-16,-21,0,-14,-14,20,27,22,10,sil
23.64579391479492,25,38,16,31,5,-11,-20,-5,-13,-16,27,22,7,7,sil
23.66153264045716,21,26,14,23,5,-6,-13,0,-2,-13,26,13,0,0,sil
23.66153264045716,0,16,5,11,10,-3,-3,0,-4,-6,18,0,-2,-7,sil
23.67757129669189,-12,11,0,7,21,-2,-4,-4,-19,-3,0,-6,-14,-11,sil
23.67757129669189,-9,0,-5,6,18,4,-5,-6,-18,-6,-17,-10,-26,-17,sil
23.692859411239624,-9,-7,-2,8,2,7,1,-5,-9,-8,-6,-12,-19,-15,sil
23.692859411239624,-13,0,9,17,1,9,8,2,-9,0,3,-11,-8,-8,sil
23.70889449119568,-12,0,2,24,12,25,20,6,0,15,-7,-15,-6,-3,sil
23.70889449119568,-8,-15,-8,9,4,32,32,2,18,21,-11,-17,-8,8,sil
23.72456669807434,-1,-18,-8,-7,-8,18,21,3,31,21,-1,-9,3,17,sil
23.72456669807434,2,-14,-5,-5,-6,4,8,8,33,28,-3,1,13,11,sil
23.73965859413147,2,-15,0,-4,-4,0,13,11,27,28,-7,1,7,8,goodbye
23.73965859413147,0,-18,-9,-17,-13,-2,18,1,26,18,0,-3,6,13,goodbye
23.75513195991516,0,-16,-11,-24,-15,-7,7,-3,24,10,0,4,16,15,goodbye
23.75513195991516,6,-11,-4,-17,-10,-13,-6,1,9,7,-3,19,20,14,goodbye
23.770559787750244,7,-3,-5,-15,-9,-17,-13,0,-6,2,0,9,9,8,goodbye
23.770559787750244,6,2,0,-17,-2,-5,-10,-5,-9,-10,0,0,-3,0,goodbye
23.78571391105652,0,0,-6,-20,0,0,-13,-6,-11,-18,-10,-7,-11,-12,goodbye
23.78571391105652,-14,-7,-20,-28,-5,-9,-28,-1,-23,-17,-19,-17,-13,-25,goodbye
23.80184006690979,-21,-3,-12,-24,-3,-7,-25,0,-24,-14,-3,-18,-8,-29,goodbye
23.81629538536072,-11,5,-2,-8,3,7,-3,-5,-9,-15,8,-6,0,-18,goodbye
23.81629538536072,-7,8,-3,-4,-2,6,2,-3,-6,-19,-7,-5,-7,-14,goodbye
23.83156013488769,-8,4,-11,-12,-2,-3,4,1,-9,-20,-18,-14,-17,-19,goodbye
23.83156013488769,-6,3,-3,-8,8,-4,10,3,-1,-13,-5,-12,-11,-10,goodbye
23.84759736061096,-2,14,12,9,9,-2,5,5,0,-2,7,0,0,4,goodbye
23.84759736061096,4,19,12,30,8,-8,-2,-1,-17,-5,6,4,-3,5,goodbye
23.862725973129272,12,13,17,39,11,-4,0,-7,-23,-6,3,7,-2,5,goodbye
23.862725973129272,13,13,23,36,5,7,0,-1,-5,9,18,14,10,15,goodbye
23.878194332122803,9,18,22,34,5,8,-2,1,0,11,23,17,2,14,goodbye
23.878194332122803,9,13,21,43,10,5,2,-3,-7,2,7,9,-16,3,goodbye
23.89376997947693,15,5,11,44,0,9,13,-2,3,12,3,4,0,9,goodbye
23.89376997947693,15,1,4,17,-10,9,13,7,22,16,9,13,17,23,goodbye
23.9099383354187,7,-2,-1,0,-4,1,11,9,24,7,4,14,9,20,goodbye
23.9099383354187,6,-7,0,6,-7,-3,9,7,18,15,0,5,8,10,goodbye
23.92590594291687,11,-11,-1,0,-14,0,5,8,18,21,-2,6,17,14,goodbye
23.92590594291687,0,-25,-21,-30,-5,2,1,0,14,4,-16,-1,5,8,goodbye
23.94064998626709,-21,-36,-29,-51,0,1,-11,-9,2,-9,-29,-17,-13,-15,goodbye
23.94064998626709,-19,-28,-20,-42,0,4,-16,-5,5,0,-14,-13,-3,-18,goodbye
23.95667052268982,0,-10,-6,-19,9,1,-5,1,13,1,11,13,18,0,goodbye
23.95667052268982,5,6,6,-8,8,-12,-8,0,4,-2,15,21,19,0,goodbye
23.971935510635376,-2,9,0,-16,-4,-18,-19,-3,-5,3,9,3,8,-12,goodbye
23.971935510635376,-2,2,-2,-20,-4,-5,-12,1,-4,3,16,1,4,-11,goodbye
23.98730111122132,0,3,2,-12,3,2,2,10,-5,-6,24,7,5,-7,goodbye
23.98730111122132,-4,7,5,-7,3,-2,8,2,-8,-9,13,0,0,-6,goodbye
24.00292277336121,0,13,12,1,0,-5,1,-4,-3,-10,1,0,-7,0,goodbye
24.00292277336121,4,15,9,17,3,-4,-1,-4,-4,-14,-2,-4,-12,0,goodbye
24.01878452301025,-10,7,0,7,0,-4,0,-3,-22,-10,-16,-29,-22,-14,goodbye
24.01878452301025,-26,-1,-6,0,-6,0,-2,-8,-37,-7,-27,-41,-33,-23,goodbye
24.0337233543396,-22,-2,-11,19,0,7,-5,-12,-28,-9,-27,-31,-27,-11,goodbye
24.0337233543396,-11,0,-5,23,5,13,9,-3,-3,-4,-24,-18,-10,0,goodbye
24.04986596107483,0,-3,1,12,0,11,23,5,16,5,-17,-6,-2,7,goodbye
24.04986596107483,10,-7,7,7,-8,2,10,4,15,6,-12,0,-3,10,goodbye
24.06495046615601,8,-6,-4,-7,-12,-3,-9,0,1,-2,-9,2,0,6,goodbye
24.06495046615601,5,-7,-18,-18,-12,-15,-12,-1,-4,-11,0,5,4,0,goodbye
24.0805184841156,16,1,7,0,-2,-13,-1,5,-1,-7,17,17,6,0,goodbye
24.0805184841156,26,19,19,16,4,7,6,9,1,4,31,24,12,5,goodbye
24.096052169799805,18,26,9,19,5,17,5,3,3,7,25,22,10,9,goodbye
24.096052169799805,8,18,13,27,13,17,9,0,16,12,8,12,3,13,goodbye
24.11804986000061,3,2,10,29,19,19,16,0,28,27,3,4,9,20,goodbye
24.119049549102783,-7,-8,-5,8,10,15,17,4,27,33,2,2,16,19,goodbye
24.119049549102783,-17,-12,-19,-9,0,4,18,6,28,31,0,-4,17,10,goodbye
24.127588272094727,-13,-20,-16,-22,-6,-7,4,1,21,17,-3,-4,14,5,goodbye
24.143573760986328,-9,-27,-12,-29,-9,-19,-16,-2,1,-5,-5,1,5,0,goodbye
24.143573760986328,-4,-15,-9,-22,-5,-15,-16,-1,-3,-7,0,1,4,-11,goodbye
24.15962505340576,12,6,10,-10,1,-1,-6,0,-1,3,17,5,13,-8,goodbye
24.15962505340576,17,11,12,-4,1,0,-11,-6,-12,-2,17,7,9,0,goodbye
24.174919843673703,-1,-2,-4,-10,-3,-13,-26,-11,-27,-23,-6,0,-13,-6,goodbye
24.174919843673703,-10,-11,-5,-26,-6,-20,-31,-8,-32,-36,-22,-5,-30,-22,goodbye
24.19006371498108,0,-2,3,-28,0,-15,-17,-5,-26,-32,-8,-4,-16,-21,goodbye
24.19006371498108,11,15,17,-4,6,-8,-4,0,-14,-20,6,6,0,-3,goodbye
24.20560050010681,3,18,12,9,-7,-7,-5,4,-12,-14,1,4,-9,0,goodbye
24.20560050010681,-15,4,-5,1,-19,-13,-9,3,-17,-12,-10,-14,-22,-16,goodbye
24.22106075286865,-16,0,-3,0,-4,-4,0,5,-16,-15,-7,-11,-10,-16,goodbye
24.22106075286865,1,8,4,11,9,13,9,8,-4,-14,4,3,0,2,goodbye
24.23576712608337,5,9,8,18,10,21,12,9,11,8,2,0,-2,9,goodbye
24.23576712608337,-3,0,2,27,8,20,19,2,14,29,-3,-8,0,6,goodbye
24.251903533935547,0,0,0,35,5,23,28,-4,3,14,0,-2,1,8,goodbye
24.251903533935547,4,7,8,25,5,24,31,-1,8,5,5,-1,0,13,goodbye
24.268548488616943,2,3,3,12,12,9,26,0,23,23,4,-11,3,12,goodbye
24.268548488616943,0,-5,-2,8,10,-1,13,-3,16,24,-3,-8,5,6,goodbye
24.28379821777344,-5,-11,-8,0,1,4,3,-4,7,9,-11,-1,0,1,goodbye
24.28379821777344,-13,-15,-12,-17,-10,2,-5,-4,9,12,-10,-3,0,0,goodbye
24.299829959869385,-7,-9,-5,-21,-18,-13,-17,-5,7,14,-4,-1,0,0,goodbye
24.299829959869385,9,0,-2,-1,-9,-13,-16,-4,12,7,1,8,11,1,goodbye
24.31462383270264,17,2,3,6,0,0,-2,1,15,2,11,15,21,12,goodbye
24.31462383270264,10,0,1,-4,-2,3,9,4,11,3,11,11,17,14,goodbye
24.330795764923096,4,-1,-9,-8,-8,-6,6,1,8,-2,0,3,8,1,goodbye
24.330795764923096,6,-1,0,-2,-6,-15,-10,3,0,-14,4,10,6,-7,goodbye
24.346859216690063,2,-1,0,-10,-2,-14,-19,3,-9,-7,14,10,9,-6,goodbye
24.346859216690063,-12,-8,-16,-25,-4,-8,-16,1,-10,-4,-3,-5,-3,-11,goodbye
24.36296796798706,-22,-10,-12,-21,-8,-5,-15,0,-17,-21,-22,-15,-25,-25,goodbye
24.36296796798706,-13,0,-3,-6,-4,-4,-12,-2,-20,-28,-14,-14,-26,-24,goodbye
24.37863326072693,-2,9,0,-6,4,3,-5,0,-15,-16,-3,-4,-12,-4,goodbye
24.37863326072693,0,1,-4,-5,8,10,0,0,-17,-8,0,0,-6,2,goodbye
24.394388675689697,2,-1,2,2,9,6,2,0,-13,-6,1,2,-8,-1,goodbye
24.394388675689697,12,12,16,14,11,1,3,3,1,0,9,8,0,7,goodbye
24.40998125076294,22,17,18,23,11,0,-1,1,4,10,21,14,18,20,goodbye
24.40998125076294,18,9,19,15,9,9,3,0,4,16,17,15,20,18,goodbye
24.425874710083008,8,4,11,7,10,7,15,4,17,18,6,6,12,17,goodbye
24.425874710083008,6,0,6,10,8,-11,11,4,15,14,0,-4,3,13,goodbye
24.44151949882508,5,1,0,7,3,-6,11,6,8,5,-12,-12,-3,-2,goodbye
24.44151949882508,-3,5,-8,-4,2,10,15,6,18,4,-2,-8,3,-6,goodbye
24.457130432128903,-12,-4,-4,-10,-2,-2,-2,-6,5,6,13,0,7,0,goodbye
24.457130432128903,-17,-13,-9,-10,-12,-13,-17,-22,-25,-11,-7,-9,-12,-12,goodbye
24.47228097915649,-16,-5,-10,-14,-12,0,-9,-17,-33,-28,-30,-15,-26,-25,goodbye
24.47228097915649,-11,-4,3,-12,-10,0,-8,0,-17,-8,-9,-1,-8,-12,goodbye
24.48805260658264,-10,-9,-2,0,-11,-10,-14,-1,-1,8,2,5,0,0,goodbye
24.4890525341034,-11,-2,-3,4,-5,-9,-11,-7,2,-6,-10,-1,-16,-8,goodbye
24.503653526306152,-6,1,3,0,-3,6,2,2,0,-13,-3,-5,-7,-8,goodbye
24.503653526306152,0,0,2,0,-6,16,9,10,1,3,10,-3,9,2,goodbye
24.51978826522827,6,0,0,6,0,15,6,5,7,11,6,1,2,7,goodbye
24.51978826522827,7,1,-3,7,6,4,8,1,-1,2,1,3,-2,6,goodbye
24.535542488098145,8,6,3,14,3,0,12,5,-6,0,4,5,5,10,goodbye
24.535542488098145,15,18,7,26,8,6,13,5,1,8,7,3,11,11,goodbye
24.55051279067993,15,11,2,15,10,7,7,0,5,7,3,1,4,3,goodbye
24.55051279067993,5,-3,0,-2,2,-3,2,0,4,-5,-8,1,-4,-2,goodbye
24.566542863845825,2,-4,-8,-1,0,-11,1,1,11,-3,-12,0,-1,0,sil
24.566542863845825,4,0,-7,-2,3,-2,-4,3,21,6,0,1,3,8,sil
24.582591772079468,0,-7,-3,-10,0,9,-1,5,26,12,7,4,2,9,sil
24.582591772079468,-8,-11,-6,-6,-1,6,6,5,20,12,-2,2,3,4,sil
24.59861993789673,-7,-3,-2,-6,0,-4,0,-2,1,4,-7,-1,4,0,sil
24.59861993789673,-2,0,0,-10,-1,-5,-7,-7,-6,2,2,-2,4,0,sil
24.613896131515503,-2,-5,1,-6,-1,0,-3,0,-3,6,13,4,13,4,sil
24.613896131515503,-8,-9,0,-5,-4,-1,0,0,-7,0,11,4,14,-1,sil
24.62907814979553,-6,-4,-1,-3,-3,-6,-2,-11,-9,-8,-1,-3,3,-12,sil
24.64560270309448,10,7,14,10,7,-1,-1,-2,3,0,-1,3,5,0,sil
24.64560270309448,13,5,11,9,5,-3,0,7,10,6,11,12,11,15,sil
24.64560270309448,-4,-9,-5,-14,-11,-19,-13,0,-13,-8,0,0,-6,-2,sil
24.661359071731567,-7,-2,-9,-13,-9,-17,-21,-8,-29,-18,-16,-4,-17,-17,sil
24.661359071731567,3,14,-1,4,1,-6,-7,-8,-17,-13,0,4,-8,-4,sil
24.67652010917664,0,9,6,-5,0,-5,-4,-1,-10,-12,14,9,-7,-3,sil
24.67752265930176,-7,-1,0,-15,-5,-5,-17,0,-17,-16,2,-4,-12,-15,sil
24.691736698150635,3,3,3,1,-3,-4,-24,-2,-12,-14,0,-6,-7,-12,sil
24.70787358283997,12,14,14,6,1,0,-12,0,1,-5,16,7,-2,-5,sil
24.70787358283997,0,9,4,0,3,8,2,0,-1,-6,6,-4,-11,-11,sil
24.70787358283997,-18,0,-3,10,0,17,14,0,-12,-14,-24,-31,-25,-14,sil
24.72254490852356,-15,-7,-12,12,0,21,32,5,3,2,-29,-29,-17,0,sil
24.73818278312683,-1,-13,-17,-8,2,20,37,7,26,20,-21,-16,-2,8,sil
24.73818278312683,0,-10,-7,-8,8,20,31,4,29,19,-20,-19,1,7,sil
24.753331422805783,7,0,1,10,12,25,31,11,36,30,-1,-4,18,20,sil
24.753331422805783,19,3,7,0,6,14,14,11,36,30,16,22,31,35,sil
24.771315574646,9,0,0,-15,-4,-12,-15,-5,3,-3,9,16,17,13,sil
24.771315574646,0,5,-2,-1,0,-21,-22,-9,-24,-23,5,4,2,-16,sil
24.786062717437744,4,17,7,9,8,-7,-10,0,-24,-13,11,15,1,-14,sil
24.786062717437744,-2,10,4,6,3,-6,-8,-12,-27,-9,0,9,-11,-3,sil
24.80155634880066,-14,0,2,10,0,-3,-9,-13,-29,-7,-21,-9,-25,-6,sil
24.80155634880066,-13,-3,0,11,1,8,0,1,-16,0,-20,-14,-13,-10,sil
24.817014694213867,-15,-12,-9,0,-2,2,1,1,-10,8,-5,-11,-4,-3,sil
24.817014694213867,-14,-16,-5,-1,-6,-3,2,0,-1,17,-3,-6,-5,7,sil
24.83309364318848,0,-13,-1,4,-10,0,8,10,15,15,-6,-6,5,10,sil
24.83309364318848,10,-7,8,4,-12,-3,2,11,22,8,6,5,16,13,sil
24.848774433135983,16,1,13,12,1,-3,1,6,32,21,28,27,26,29,sil
24.848774433135983,18,6,4,11,8,-4,4,7,45,33,37,33,39,30,sil
24.864421606063843,6,0,0,-5,-8,-24,-11,-1,23,11,29,20,25,3,sil
24.864421606063843,0,-6,0,-8,-15,-31,-27,-11,0,-12,16,14,3,-10,sil
24.87964105606079,9,-4,5,-2,-3,-7,-14,0,9,-8,17,21,9,0,sil
24.87964105606079,9,1,0,-8,-4,4,3,6,20,0,20,19,15,2,sil
24.89483642578125,0,-1,-3,-12,-10,-8,-5,-7,-3,-21,1,6,-5,-13,sil
24.89483642578125,0,-3,4,-12,-4,-17,-21,-13,-32,-48,-9,0,-22,-26,sil
24.91012597084045,3,8,3,-12,1,-4,-13,-4,-28,-36,0,4,-15,-17,sil
24.91012597084045,8,22,7,1,8,7,-1,0,-14,-20,5,8,-9,-3,sil
24.925317525863647,10,27,12,26,13,16,0,-4,-23,-24,-1,0,-13,-4,sil
24.925317525863647,0,23,5,29,12,18,7,-7,-37,-11,-5,-15,-12,-5,sil
24.940555095672607,-7,11,-1,10,9,20,18,5,-24,7,-8,-18,-7,0,sil
24.940555095672607,-3,-4,-9,2,9,22,21,12,-2,6,-14,-22,-6,0,sil
24.95574760437012,-6,-14,-14,-6,9,19,16,0,-6,2,-31,-40,-14,-3,sil
24.95574760437012,-24,-17,-25,-33,0,7,9,-6,-12,8,-49,-55,-24,-8,sil
24.97087574005127,-27,-14,-36,-37,-1,4,4,0,0,14,-45,-53,-23,-14,sil
24.97087574005127,-12,-7,-19,-13,6,14,2,5,9,19,-28,-35,-9,-4,sil
24.986244678497314,-16,-12,-15,-10,1,7,1,-1,4,19,-23,-30,-2,4,sil
24.986244678497314,-26,-18,-18,-23,-4,-8,1,-2,3,6,-25,-25,-11,-3,sil
25.00227975845337,-8,-3,-3,-8,6,-1,4,5,23,8,-12,-4,-6,-1,sil
25.00227975845337,7,6,10,6,6,6,7,6,38,28,8,10,15,13,sil
25.01801443099976,0,0,17,3,-10,-2,11,3,32,36,21,17,26,16,sil
25.01801443099976,4,-2,13,6,-1,-4,13,4,27,27,26,28,25,12,sil
25.033004760742188,19,1,16,11,9,-2,1,5,25,9,26,38,21,12,sil
25.033004760742188,19,0,23,3,-5,-11,-12,3,10,-3,27,39,20,13,sil
25.04900288581848,19,-4,18,5,-20,-23,-19,-3,-3,-7,30,41,22,11,sil
25.04900288581848,21,-2,21,12,-18,-29,-28,-7,-8,-21,29,45,17,3,sil
25.063884735107425,11,3,15,17,-17,-26,-26,-5,-7,-31,30,41,6,-1,sil
25.063884735107425,7,4,7,18,-18,-18,-15,-5,-16,-27,28,32,0,-1,sil
25.079649925231934,13,5,12,10,-18,-14,-10,-4,-29,-31,14,26,-6,-1,sil
25.079649925231934,5,11,4,7,-7,-14,-6,-3,-33,-37,6,11,-9,-10,sil
25.09503579139709,-4,18,-1,14,8,-4,-3,-2,-27,-26,3,0,-13,-17,sil
25.09503579139709,-3,18,-1,18,21,11,0,0,-9,-5,0,-4,-7,-7,sil
25.110952615737915,-3,9,-4,15,23,18,6,4,5,7,0,-12,-3,0,sil
25.110952615737915,-5,6,-3,17,21,21,7,1,0,3,-1,-18,-8,-3,sil
25.12659478187561,-2,4,-10,14,18,16,-1,-8,-8,3,-12,-23,-10,-6,sil
25.12659478187561,-4,-5,-17,-5,6,11,2,0,-6,16,-27,-28,-10,0,sil
25.14097499847412,-9,-8,-14,-13,-1,19,26,11,1,23,-29,-31,-5,2,sil
25.14097499847412,-5,-1,-8,-9,3,27,42,6,21,21,-21,-28,3,7,sil
25.15659260749817,-7,-8,-12,-21,3,17,33,10,30,25,-19,-25,2,11,sil
25.15659260749817,-14,-23,-24,-36,-6,1,17,11,15,18,-24,-28,-1,1,sil
25.171806812286377,-8,-18,-12,-33,-7,0,4,-4,6,-3,-18,-19,0,-7,sil
25.18886113166809,9,0,0,-19,-3,4,-8,-9,11,-8,2,0,8,0,sil
25.18886113166809,16,0,2,-14,-8,-6,-20,0,5,3,19,17,12,5,sil
25.189860105514526,3,-5,11,-15,-6,-20,-29,-2,-6,0,16,19,7,-2,sil
25.203027486801147,-7,0,7,-4,0,-14,-30,-7,-14,-7,6,5,-4,-8,sil
25.21966028213501,-5,11,6,9,1,-3,-20,-3,-20,-2,2,0,-10,-2,sil
25.21966028213501,-3,11,9,16,1,1,-1,0,-14,3,0,4,-5,0,sil
25.21966028213501,-10,5,5,26,7,8,13,0,2,5,-2,-1,-2,3,sil
25.23457765579224,-8,1,5,24,8,12,21,3,12,15,-2,-7,-8,10,sil
25.24975562095642,-3,-11,-8,-1,0,9,22,3,14,20,-3,-5,-5,8,sil
25.24975562095642,0,-21,-17,-20,-10,0,13,1,13,6,-6,0,0,5,sil
25.265182733535767,5,-9,-4,-12,-10,-15,-1,0,17,0,-2,13,6,9,sil
25.265182733535767,12,-3,2,-13,-5,-32,-17,-2,12,-6,5,18,14,2,sil
25.28030896186829,7,-1,3,-17,-12,-27,-26,0,-10,-28,10,14,10,-13,sil
25.28030896186829,5,13,7,2,-11,-7,-16,4,-13,-28,10,8,5,-15,sil
25.295881271362305,12,23,18,17,4,-1,-1,2,1,-8,9,9,4,-5,sil
25.295881271362305,10,13,17,11,7,-8,-2,-2,-4,-11,9,8,-1,-3,sil
25.31159996986389,-1,4,2,11,3,-2,-2,-8,-19,-22,9,1,-9,-9,sil
25.31159996986389,-3,5,2,20,11,13,5,-3,-14,-15,0,1,-6,-4,sil
25.32713556289673,-1,1,0,16,7,11,9,0,-6,-4,0,2,2,2,sil
25.32713556289673,-6,-8,-7,1,-5,-4,2,-2,-9,-4,2,-2,2,-1,sil
25.342721223831177,-6,-12,-1,-3,-2,-3,1,-1,-9,-1,-6,-12,-6,-4,sil
25.342721223831177,1,-3,-1,1,6,6,4,1,-3,5,-15,-12,-7,0,sil
25.35809779167176,3,2,-2,3,7,7,3,4,5,10,-1,-1,0,0,sil
25.35809779167176,0,-3,-2,0,0,8,3,1,9,16,3,-2,2,-2,sil
25.37392902374268,0,-1,2,2,-4,10,2,-1,0,13,-9,-6,-1,4,sil
25.37392902374268,3,18,14,9,1,12,2,0,-2,9,-1,4,2,12,sil
25.389938592910767,5,20,8,6,3,12,0,0,3,13,10,6,5,3,sil
25.389938592910767,-2,2,-5,-5,-7,7,-8,2,0,5,-9,-6,-10,-6,sil
25.40578842163086,-8,-6,-13,-11,-3,14,0,1,2,0,-16,-13,-10,1,sil
25.40578842163086,-5,-6,-8,-13,10,23,20,0,21,13,5,-2,6,14,sil
25.42195987701416,-4,-8,-3,-14,6,3,15,8,19,14,5,5,7,8,sil
25.42195987701416,-2,-11,-12,-6,-6,-22,-4,11,4,0,-10,-2,-3,-1,sil
25.43799638748169,0,-10,-10,-2,-4,-17,-9,0,0,-4,-7,-4,-6,1,sil
25.43799638748169,-6,-10,-7,-6,0,-6,-2,-6,-3,0,4,0,-1,0,sil
25.453612089157104,-11,-9,-8,-6,-3,-15,-6,-7,-21,-9,7,-4,-3,-11,sil
25.453612089157104,0,0,-1,-1,-5,-11,-9,-7,-22,-20,5,0,-8,-4,sil
25.468664407730103,5,3,-2,0,-3,1,0,-5,6,-7,9,6,0,10,sil
25.468664407730103,-4,-3,-3,-4,-8,0,0,-1,17,2,10,0,15,3,sil
25.48455500602722,-6,-5,0,-5,-6,-4,-1,1,8,0,9,-1,22,-2,sil
25.48455500602722,10,1,7,4,11,2,8,8,16,10,16,9,21,9,sil
25.4996349811554,17,5,17,9,12,7,6,8,17,25,14,15,14,8,sil
25.4996349811554,9,9,12,10,0,2,-3,-5,-3,14,-4,5,4,-5,sil
25.514949798583984,10,14,14,12,1,0,1,-7,-11,-3,-15,3,0,-2,sil
25.514949798583984,12,4,9,5,6,0,11,0,-8,-15,-20,2,-7,2,sil
25.53054976463318,0,-8,-5,-10,-5,-7,5,-5,-16,-22,-39,-14,-20,-6,sil
25.53054976463318,-5,6,6,-11,-7,-8,-2,0,-7,-11,-29,-19,-14,-7,sil
25.546645879745483,7,24,12,9,2,0,-5,8,8,9,14,0,9,1,sil
25.546645879745483,7,8,2,13,0,-4,-16,0,-5,2,15,14,5,0,sil
25.56240749359131,-6,-9,-2,-6,-5,-13,-21,-2,-18,-15,-3,6,-15,0,sil
25.56240749359131,-3,-4,-4,-13,2,-1,-6,3,5,-9,14,2,-6,5,sil
25.578014373779297,4,6,-1,-4,4,8,3,8,18,6,29,10,7,8,sil
25.578014373779297,-1,4,-3,0,-3,-1,0,1,4,5,10,8,-2,0,sil
25.59354996681213,-3,-5,0,3,0,-9,-2,-3,-4,-4,0,1,-12,-6,sil
25.59354996681213,-4,-9,-1,6,8,1,-2,-4,-3,-6,-1,-5,-6,-14,sil
25.610063076019287,-19,-8,-19,2,2,5,-7,-2,-5,-7,-10,-14,-7,-21,sil
25.610063076019287,-21,-7,-10,0,-6,0,-11,0,-3,-11,-12,-9,-10,-13,sil
25.625713348388672,0,-4,1,5,-4,8,0,1,5,-3,0,0,6,3,sil
25.625713348388672,5,-2,-5,-4,-3,15,1,0,2,2,3,-4,9,0,sil
25.64102959632873,-7,-2,-6,-17,-4,4,-1,-2,-14,1,-2,-12,-5,-16,sil
25.64102959632873,-7,1,-2,-3,5,1,6,-9,-22,2,-2,-5,1,-10,sil
25.656583309173584,0,7,4,13,12,16,20,-8,-15,5,0,5,11,7,sil
25.656583309173584,-1,6,3,12,10,17,24,-2,-7,0,-3,-1,-7,6,sil
25.672237634658813,0,2,3,5,7,0,18,0,3,0,-3,-10,-19,2,sil
25.672237634658813,9,0,8,3,0,-4,13,11,20,8,0,1,0,14,sil
25.68791556358337,5,-6,-2,-1,-8,0,3,12,21,14,0,4,14,19,sil
25.68791556358337,-8,-12,-11,-11,-7,-3,-4,0,-1,2,-7,-10,2,6,sil
25.70356178283692,-6,-11,-8,-12,-4,-1,0,-4,-6,1,-3,-13,0,0,goodbye
25.70356178283692,7,-1,2,-2,0,7,7,5,14,23,7,3,15,14,goodbye
25.719077110290527,16,9,14,10,11,11,7,10,30,37,14,23,30,27,goodbye
25.719077110290527,11,8,9,14,8,-3,0,6,20,23,12,14,24,13,goodbye
25.735148668289185,3,1,2,3,-4,-20,-10,0,-1,-5,2,0,1,-9,goodbye
25.735148668289185,5,2,-2,0,-4,-13,-13,-4,-4,-18,0,1,-9,-8,goodbye
25.750974416732788,10,6,0,5,0,-5,-5,0,9,-10,0,8,-5,2,goodbye
25.750974416732788,5,3,6,2,-11,-12,-8,0,1,-8,-3,7,-4,0,goodbye
25.766101837158203,-8,-5,-5,-13,-18,-17,-22,-9,-20,-17,-3,-3,-10,-10,goodbye
25.766101837158203,-20,-11,-11,-26,-8,-7,-23,-10,-26,-20,-6,-14,-14,-17,goodbye
25.781826496124268,-15,-4,-9,-18,-2,0,-11,-5,-14,-16,-13,-16,-12,-19,goodbye
25.781826496124268,1,2,0,-1,0,-1,-3,-2,-1,-8,-8,-5,-7,-6,goodbye
25.79741787910461,8,5,15,6,4,2,5,7,9,1,2,9,2,6,goodbye
25.79741787910461,7,4,8,8,7,13,19,16,22,10,7,14,14,7,goodbye
25.813539028167725,8,1,2,0,7,11,13,5,21,7,0,9,3,2,goodbye
25.813539028167725,1,-2,0,-9,6,6,3,-9,5,-1,-8,-4,-18,-6,goodbye
25.83017110824585,-5,-1,-2,-7,4,6,5,-7,-1,-3,1,-1,-11,-6,goodbye
25.83017110824585,2,9,4,4,10,6,6,4,3,1,18,26,14,7,goodbye
25.84613537788391,7,8,-2,7,10,-1,-1,1,0,0,14,21,15,8,goodbye
25.84613537788391,-3,-7,-10,-7,-6,-13,-8,-5,-18,-3,-1,-8,-5,-5,goodbye
25.862234592437744,-11,-11,-6,-7,-15,-10,-10,-6,-24,-2,-8,-10,-9,-14,goodbye
25.862234592437744,-3,-2,-2,15,0,-1,-3,-6,-15,-5,-1,2,5,-9,goodbye
25.877843141555783,6,2,8,24,14,3,3,-1,-9,-8,7,9,12,4,goodbye
25.877843141555783,5,1,6,14,5,2,1,0,-16,-5,9,0,0,2,goodbye
25.89296507835388,-3,3,2,9,-4,0,-6,0,-22,-2,0,-10,-9,-10,goodbye
25.89296507835388,-5,10,9,11,0,6,-3,4,-9,3,3,-2,5,-1,goodbye
25.908004760742188,0,8,4,9,2,5,3,1,9,17,9,1,16,11,goodbye
25.908004760742188,0,2,3,10,-1,3,5,0,14,22,2,-5,2,4,goodbye
25.923583269119263,0,3,3,9,-3,12,7,5,10,5,-9,-8,-4,1,goodbye
25.923583269119263,-4,-1,-6,-5,-8,4,0,2,0,-18,-25,-16,-14,0,goodbye
25.939603805541992,-14,-12,-17,-23,-14,-6,-3,-1,0,-17,-27,-26,-29,-12,goodbye
25.939603805541992,-13,-11,-18,-17,-5,2,10,0,20,2,-14,-18,-17,-9,goodbye
25.9547860622406,-2,-4,-4,-6,4,5,15,2,22,3,-18,-10,-4,7,goodbye
25.9547860622406,-2,-6,-6,-6,-1,-7,1,2,1,0,-11,-14,-4,7,goodbye
25.97093915939331,-9,-12,-14,-18,-8,-10,-3,0,1,12,22,-12,7,0,goodbye
25.97093915939331,-5,-11,-7,-30,0,1,3,2,24,23,28,-6,22,9,goodbye
25.986948490142822,1,-6,-4,-24,13,5,9,4,27,25,5,-3,16,18,goodbye
25.986948490142822,1,-3,-4,-14,7,-5,0,1,-2,5,-5,-4,1,1,goodbye
26.00272750854492,0,-1,-1,-7,-2,-12,-11,-5,-20,-16,-4,-7,-4,-12,goodbye
26.00272750854492,14,4,11,9,0,0,-1,-4,-7,-11,0,8,2,-1,goodbye
26.01802515983581,25,11,21,27,5,11,8,3,1,-4,2,25,10,13,goodbye
26.01802515983581,23,9,11,24,-1,-2,-1,4,-3,-5,1,19,3,13,goodbye
26.03361678123474,22,14,16,19,0,-9,-6,2,-1,0,7,33,0,9,goodbye
26.03361678123474,24,22,23,24,11,6,3,4,12,10,21,55,12,8,goodbye
26.04877161979676,16,18,16,19,9,7,5,2,20,13,23,45,14,5,goodbye
26.04877161979676,0,8,10,10,0,0,1,-3,7,12,11,35,0,0,goodbye
26.06484365463257,-13,-4,-6,1,-1,0,-4,-13,-14,-1,1,39,-6,-12,goodbye
26.06484365463257,-16,-17,-12,-16,-5,-9,-20,-14,-25,-21,0,29,2,-19,goodbye
26.0805721282959,-14,-8,-4,-16,-13,-18,-28,-7,-29,-27,-4,-1,0,-16,goodbye
26.0805721282959,-15,2,2,2,-6,-8,-20,-5,-37,-28,-13,-26,-17,-11,goodbye
26.09566640853882,-15,0,2,6,-1,1,-9,-7,-30,-18,-11,-31,-19,-9,goodbye
26.09566640853882,-10,-1,-6,0,-3,0,0,-3,0,7,0,-33,0,-2,goodbye
26.11137270927429,-8,0,-3,0,0,1,3,1,10,13,-1,-35,6,0,goodbye
26.11137270927429,-9,-6,-6,-2,-1,6,8,4,2,0,-12,-31,-2,-1,goodbye
26.134149312973022,-3,-7,-18,-10,-4,3,19,6,-1,-8,-20,-33,-11,-3,goodbye
26.134149312973022,2,0,-9,-7,7,4,28,13,6,-11,-26,-36,-14,0,goodbye
26.134149312973022,-2,-4,-8,-6,9,4,23,10,18,-1,-15,-27,-7,1,goodbye
26.142120599746704,-6,-7,-17,-16,-2,-5,7,4,24,11,0,-16,1,0,goodbye
26.157694816589355,6,0,-4,-13,-2,-1,0,7,30,17,10,-12,4,0,goodbye
26.157694816589355,20,2,11,0,4,5,-1,6,32,22,19,-3,10,9,goodbye
26.17308735847473,15,6,13,1,4,0,-7,-1,5,19,21,16,14,17,goodbye
26.17308735847473,3,9,0,-1,4,-3,-13,-9,-19,3,12,21,10,6,goodbye
26.18859601020813,0,5,1,-3,0,-1,-14,-3,-11,-5,7,13,6,-1,goodbye
26.20498490333557,-1,1,4,-4,3,-2,-11,0,-7,-6,7,5,-2,-2,goodbye
26.20498490333557,-12,0,-5,0,15,5,-4,-4,-14,-6,-4,0,-16,-8,goodbye
26.20498490333557,-16,-3,-3,8,9,20,5,0,-4,-6,-21,1,-15,-13,goodbye
26.220000743865967,-4,3,5,15,2,21,16,1,6,-1,-10,7,-1,-4,goodbye
26.23552680015564,5,6,9,17,3,9,13,1,-2,1,6,13,0,10,goodbye
26.23552680015564,-2,-9,-1,6,-7,-2,-3,0,-14,0,-1,11,-8,6,goodbye
26.250723600387573,-10,-15,-11,3,-14,-4,-7,-8,-15,-3,-15,1,-8,-8,goodbye
26.250723600387573,5,1,8,19,-1,6,12,-4,0,11,-1,6,0,5,goodbye
26.266128063201904,20,1,10,21,0,8,26,8,25,30,16,18,16,27,goodbye
26.266128063201904,8,-19,-5,-8,-15,-13,7,3,25,16,6,9,15,14,goodbye
26.281677961349487,-1,-15,-1,-26,-26,-23,-8,0,3,-9,-8,2,2,1,goodbye
26.281677961349487,7,1,4,-9,-19,-11,0,6,0,-9,-6,7,6,13,goodbye
26.296700477600098,15,0,4,-3,-8,-7,1,4,10,-2,3,15,19,17,goodbye
26.296700477600098,12,-3,4,-15,-4,-15,-17,-5,12,-4,21,26,27,5,goodbye
26.312275409698486,12,12,7,-9,4,-15,-29,-8,0,-11,32,30,24,-6,goodbye
26.312275409698486,15,31,19,15,16,-11,-22,-3,-8,-15,25,20,9,-15,goodbye
26.327903985977173,16,30,16,23,16,-17,-19,-4,-14,-20,19,2,-1,-20,goodbye
26.327903985977173,1,14,5,3,7,-13,-23,-11,-23,-23,10,-6,-11,-22,goodbye
26.343621969223022,-15,4,-7,-6,8,5,-8,-8,-25,-17,-9,-20,-25,-21,goodbye
26.343621969223022,-21,4,-15,-1,10,10,6,1,-21,-13,-30,-39,-37,-18,goodbye
26.359692335128784,-25,1,-17,-2,6,9,1,5,-21,-15,-38,-49,-34,-17,goodbye
26.359692335128784,-27,-1,-22,-6,1,19,5,0,-10,0,-30,-41,-23,-5,goodbye
26.37496900558472,-17,-1,-10,1,4,23,22,4,7,27,-19,-20,-14,9,goodbye
26.37496900558472,-6,-2,-3,7,12,23,31,12,22,42,-15,-14,0,10,goodbye
26.3905930519104,-6,-14,-9,-5,8,22,30,8,24,37,-9,-19,10,11,goodbye
26.3905930519104,-13,-27,-11,-31,-9,12,17,-1,7,15,-9,-17,0,9,goodbye
26.4065625667572,-11,-24,-13,-26,-13,5,0,-3,-3,0,-16,-8,-8,0,goodbye
26.4065625667572,0,-4,4,3,1,9,-2,2,2,0,-1,11,2,0,goodbye
26.42255902290344,12,4,19,15,9,5,1,3,7,5,27,23,15,9,goodbye
26.42255902290344,17,0,11,5,4,-8,4,-1,13,13,35,13,22,15,goodbye
26.438168048858643,14,-3,7,3,-3,-7,4,2,21,14,23,14,22,14,goodbye
26.438168048858643,6,-7,1,0,-14,-2,0,1,8,0,15,19,12,1,goodbye
26.453887224197388,2,-9,0,-11,-17,-10,-7,-2,-5,-9,10,12,10,-1,goodbye
26.453887224197388,1,0,3,-1,-8,-9,2,4,2,-4,5,9,12,4,goodbye
26.4693922996521,1,8,0,18,0,-9,5,5,4,-14,-7,7,-1,-1,goodbye
26.4693922996521,1,4,1,13,-2,-22,-12,-5,-8,-32,-14,6,-18,-10,goodbye
26.48490810394287,1,-1,1,0,-5,-26,-17,-9,-12,-24,0,8,-7,-5,goodbye
26.48490810394287,1,0,-4,-2,-1,-12,-12,0,-12,-9,1,10,2,0,goodbye
26.50063991546631,1,1,-4,0,2,0,-8,3,-2,-8,-2,7,3,0,goodbye
26.50101613998413,1,0,-2,0,-4,-2,-3,-1,13,-1,8,8,9,0,goodbye
26.51663017272949,6,7,5,7,-12,-7,-11,-3,4,6,8,14,4,3,goodbye
26.51663017272949,15,18,8,15,-3,-4,-25,0,-10,1,-4,6,-3,10,goodbye
26.53153967857361,11,12,9,14,10,4,-14,0,-2,2,0,-3,0,11,goodbye
26.53153967857361,1,5,8,1,6,9,8,0,2,13,7,-2,3,5,goodbye
26.54763436317444,0,4,3,-10,-1,11,17,-1,-2,7,0,-4,-2,-3,goodbye
26.54763436317444,-6,0,-2,-18,1,18,5,-5,-12,-11,-17,-18,-23,-19,goodbye
26.56369423866272,-25,-8,-17,-25,-1,17,-9,-12,-29,-21,-23,-30,-31,-34,goodbye
26.56369423866272,-15,0,-8,-11,-5,0,-13,-7,-22,-10,-1,-14,-11,-22,goodbye
0.1981494426727295,0,8,7,-9,-1,-11,-25,-6,-26,-29,8,5,-12,-8,goodbye
0.1981494426727295,0,6,12,2,8,0,-14,-3,-20,-15,0,0,-15,-14,goodbye
0.2142114639282226,1,13,11,31,12,11,3,1,-8,0,7,5,-2,4,goodbye
0.2142114639282226,-2,2,1,23,5,11,0,2,-9,0,10,1,3,8,goodbye
0.2297840118408203,-4,-2,-1,11,1,2,-5,-2,-14,-4,-1,-4,-2,-11,goodbye
0.2297840118408203,3,2,2,20,5,0,2,-1,-3,4,-2,0,2,-10,goodbye
0.2455940246582031,12,10,12,23,11,11,13,9,11,22,14,11,19,9,goodbye
0.2455940246582031,14,18,14,28,12,16,18,9,21,27,25,18,22,18,goodbye
0.2610409259796142,1,5,3,21,2,10,12,0,10,12,6,5,3,10,goodbye
0.2610409259796142,-14,-17,-7,-12,-4,9,5,0,0,1,-18,-12,-11,-7,goodbye
0.2768940925598144,-8,-15,-9,-25,-2,10,11,5,8,5,-22,-19,-6,-9,goodbye
0.2768940925598144,3,0,-4,-7,0,3,17,5,18,10,-22,-15,-4,1,goodbye
0.2921123504638672,-6,-6,-13,-12,-4,2,7,0,7,7,-25,-16,-10,2,goodbye
0.2921123504638672,-21,-22,-28,-33,-8,4,0,0,-1,1,-23,-15,-8,-2,goodbye
0.308046817779541,-16,-20,-24,-30,-4,2,5,5,10,5,-22,-12,0,0,goodbye
0.308046817779541,-11,-16,-23,-26,-2,-7,1,0,18,12,-25,-17,0,-2,goodbye
0.3232669830322265,-16,-15,-22,-38,-6,-17,-13,0,8,-1,-22,-17,-7,-7,goodbye
0.3232669830322265,-10,-7,-25,-31,-6,-12,-10,8,10,-8,-11,-13,-3,-3,goodbye
0.3397936820983886,0,-6,-23,-25,0,-3,-1,6,19,0,-3,-4,10,2,goodbye
0.3397936820983886,0,-3,0,-34,0,0,-2,0,6,-6,-2,0,7,0,goodbye
0.3549621105194092,-1,3,0,-25,-2,-2,2,-6,-4,-17,-7,-13,-9,-12,goodbye
0.3549621105194092,0,5,-5,-8,0,-7,3,-8,-8,-15,-6,-19,-15,-15,goodbye
0.3709628582000732,6,13,16,3,3,-7,-10,-6,-16,-12,13,1,2,-3,goodbye
0.3709628582000732,12,22,29,21,3,-5,-17,-6,-19,-4,35,18,20,4,goodbye
0.3863143920898437,9,16,38,33,3,-10,-14,-4,-24,-5,33,19,11,1,goodbye
0.3863143920898437,10,12,40,39,7,-5,-10,-2,-25,-13,34,24,1,0,goodbye
0.4019482135772705,26,22,38,49,11,10,0,-1,-6,-6,45,42,10,11,goodbye
0.4019482135772705,33,24,36,48,8,12,4,2,2,6,38,49,16,21,goodbye
0.4173731803894043,20,12,24,38,-1,-3,-1,0,-14,2,20,30,6,14,goodbye
0.4173731803894043,15,9,16,39,-1,0,1,-1,-26,-8,14,19,0,10,goodbye
0.4333212375640869,17,10,16,47,7,13,13,5,-12,-2,8,21,4,18,goodbye
0.4333212375640869,-7,-7,-3,23,-2,5,11,4,3,14,-5,7,0,7,goodbye
0.449021577835083,-26,-26,-35,-15,-17,0,9,-1,20,31,-14,-13,-3,-7,goodbye
0.449021577835083,-8,-15,-26,-23,-7,6,11,7,35,33,-13,-14,1,-3,goodbye
0.4646852016448974,2,-4,-16,-18,-3,-4,-7,5,29,14,-10,-3,7,-3,goodbye
0.4646852016448974,-4,-8,-29,-30,-9,-19,-24,-5,13,0,0,0,12,-4,goodbye
0.4806511402130127,0,0,-9,-36,0,-8,-13,0,2,-3,10,6,10,8,goodbye
0.4806511402130127,-2,6,-1,-22,6,-1,1,-3,-6,-10,-2,-6,-10,0,goodbye
0.4957430362701416,-16,-1,-18,-12,-1,-6,3,-5,-5,-14,-16,-22,-21,-19,goodbye
0.4957430362701416,-17,-4,-3,-22,4,10,8,12,10,-8,-11,-20,-15,-17,goodbye
0.5111255645751953,-21,-9,-13,-26,9,24,14,4,6,-12,-23,-34,-27,-23,goodbye
0.5111255645751953,-29,-13,-23,-10,0,0,-1,-14,-27,-27,-53,-51,-49,-31,goodbye
0.5268893241882324,-17,0,6,7,-1,-7,-14,0,-33,-21,-46,-31,-40,-11,goodbye
0.5268893241882324,1,3,0,7,0,13,9,-1,-10,-2,-14,-8,-12,7,goodbye
0.5421357154846191,9,-5,-9,0,0,20,31,-12,-6,5,-3,-7,1,13,goodbye
0.5421357154846191,8,-7,15,8,7,13,20,6,0,24,-1,-3,8,20,goodbye
0.557732343673706,7,-4,14,18,7,6,-2,17,24,31,1,3,13,16,goodbye
0.557732343673706,4,-2,-2,12,0,1,-15,0,14,8,-5,0,4,-1,goodbye
0.57305908203125,-4,-5,-9,0,-1,2,-11,-7,-12,-6,-13,-13,0,-13,goodbye
0.57305908203125,-6,-5,-4,-3,-1,3,0,-4,-7,-5,-4,-5,7,-6,goodbye
0.5885334014892578,0,0,-1,5,-4,-2,5,3,18,-1,10,11,18,8,goodbye
0.5885334014892578,0,-4,0,5,-12,-13,0,10,29,15,22,13,26,17,goodbye
0.6041977405548096,3,-2,6,-4,-12,-16,-2,8,28,26,33,24,32,19,goodbye
0.6041977405548096,15,8,10,-5,0,-18,0,5,16,9,28,37,25,16,goodbye
0.6198880672454834,13,6,7,-4,1,-26,-13,0,-7,-12,8,21,12,-2,goodbye
0.6198880672454834,9,3,7,-5,-9,-24,-23,-8,-27,-24,0,4,9,-18,goodbye
0.6357622146606445,14,14,13,-4,0,-6,-10,-9,-25,-25,10,15,9,-13,goodbye
0.6357622146606445,21,24,19,2,17,8,5,-1,-5,-3,29,36,16,4,goodbye
0.6508934497833252,17,16,11,7,12,4,5,0,10,17,42,38,32,17,goodbye
0.6508934497833252,-4,-12,-3,-33,-9,-8,-3,-6,2,2,19,10,12,1,goodbye
0.6669259071350098,-21,-28,-22,-72,-18,-12,-10,-6,-7,-10,-8,-17,-21,-20,goodbye
0.6669259071350098,-9,1,-10,-19,0,-1,-5,5,1,3,2,-11,-7,-5,goodbye
0.6829500198364258,10,31,23,46,13,15,2,7,4,8,23,3,28,13,goodbye
0.6829500198364258,13,22,20,43,10,18,0,-4,-8,0,13,-2,23,1,goodbye
0.6989855766296387,0,7,9,27,12,9,-6,-12,-23,-11,-9,-16,-15,-10,goodbye
0.6989855766296387,-11,5,4,39,12,12,6,-10,-32,-17,-28,-20,-39,-5,goodbye
0.7150073051452637,-13,0,-8,37,0,22,24,-7,-36,-19,-41,-19,-50,-4,goodbye
0.7150073051452637,-17,-12,-17,11,-6,17,14,-1,-22,-20,-45,-22,-70,-14,goodbye
0.7311336994171143,-20,-22,-28,-7,-6,0,5,4,7,-10,-37,-32,-74,-14,goodbye
0.7311336994171143,-10,-15,-12,-4,-8,1,12,15,29,17,-18,-23,-54,2,goodbye
0.746645450592041,3,0,8,18,-3,16,23,20,41,34,0,0,-44,17,goodbye
0.746645450592041,6,-5,-5,15,0,7,13,11,41,19,2,5,-30,11,goodbye
0.7626941204071045,0,-19,-17,-23,-7,-13,-7,0,22,8,-6,0,13,3,goodbye
0.7626941204071045,-6,-17,-13,-38,-7,-13,-13,-4,11,11,-15,-5,43,0,goodbye
0.7787125110626221,-6,-5,-9,-19,0,-4,-12,0,8,4,-16,-4,26,0,goodbye
0.7787125110626221,1,3,1,-2,5,-6,-14,5,0,1,0,6,12,8,goodbye
0.7948338985443115,10,8,9,-3,11,-12,-7,-1,-4,9,26,22,28,18,goodbye
0.7948338985443115,11,10,11,-9,14,-10,-3,-6,-13,0,31,19,47,2,goodbye
0.8103878498077393,3,10,4,-4,6,-4,-2,-4,-28,-15,16,4,53,-14,goodbye
0.8103878498077393,0,11,5,4,5,-4,2,0,-24,-12,6,1,49,-11,goodbye
0.8259930610656738,0,9,11,12,8,0,2,2,-8,0,4,6,33,-2,goodbye
0.8259930610656738,0,0,4,14,-1,9,-2,0,-2,1,-3,0,15,2,goodbye
0.8420352935791016,0,-8,1,1,-16,11,-1,-4,0,0,-10,-9,5,8,goodbye
0.8420352935791016,0,-10,-2,-18,-18,3,7,0,18,11,0,-5,6,6,goodbye
0.8580658435821533,-2,-17,-12,-30,-18,-4,5,1,30,24,12,4,10,2,goodbye
0.8580658435821533,6,-13,-3,-26,-14,-10,-4,-1,26,9,19,21,15,5,goodbye
0.8736684322357178,22,9,12,-12,-3,-17,-8,-1,16,-6,33,30,21,9,goodbye
0.8736684322357178,21,16,21,-6,-1,-18,-16,2,4,-3,36,24,8,6,goodbye
0.8887431621551514,7,5,11,-10,-3,-12,-21,4,-13,-11,15,10,-17,-1,goodbye
0.8887431621551514,-3,6,0,-2,1,-4,-8,-4,-27,-31,1,-1,-33,-15,goodbye
0.9048664569854736,-14,2,-9,8,3,0,3,-18,-30,-34,-8,-13,-40,-25,goodbye
0.9048664569854736,-20,-9,-18,2,0,5,3,-11,-30,-21,-26,-25,-46,-17,goodbye
0.9200527667999268,-8,-1,-5,0,10,17,4,7,-22,-6,-15,-17,-38,-5,goodbye
0.9200527667999268,-1,11,2,18,20,18,9,6,-5,5,1,-8,-22,-7,goodbye
0.93569016456604,-14,4,1,24,10,7,-2,-9,-12,-5,-16,-12,-24,-11,goodbye
0.93569016456604,-14,0,7,11,2,10,-9,-7,-27,-19,-34,-11,-33,-8,goodbye
0.9507806301116944,0,9,6,21,8,22,6,10,-11,-3,-18,-8,-21,0,goodbye
0.9507806301116944,3,11,4,37,7,14,16,15,16,14,-13,-13,-9,1,goodbye
0.9668576717376708,-1,0,-4,24,2,2,11,5,32,19,-40,-22,-11,0,goodbye
0.9668576717376708,0,-5,-13,9,8,8,12,0,36,23,-51,-24,-7,3,goodbye
0.9821290969848632,0,2,3,15,8,14,18,2,24,26,-19,-6,5,10,goodbye
0.9821290969848632,-1,0,1,15,-2,0,21,2,17,25,17,9,21,14,goodbye
0.9978501796722412,1,-18,-12,-1,-5,-14,14,5,20,20,21,8,28,21,goodbye
0.9978501796722412,2,-16,0,-14,-6,-12,6,7,9,13,19,13,33,26,goodbye
1.0136630535125732,0,-9,0,-23,-17,-9,-1,-2,4,9,28,16,33,10,goodbye
1.0136630535125732,0,-19,-11,-35,-18,-10,-11,-5,15,2,27,15,22,-1,goodbye
1.0301949977874756,8,-15,-4,-32,-7,-4,-5,7,18,-2,22,21,22,8,goodbye
1.0301949977874756,17,4,6,-16,-4,-1,3,6,6,-5,29,34,31,14,goodbye
1.0458133220672607,15,6,5,-11,-7,-11,-1,-6,0,0,36,30,27,4,goodbye
1.0458133220672607,9,0,3,-15,-4,-20,-17,-5,-8,0,26,18,21,4,goodbye
1.060915470123291,9,12,2,-12,-3,-17,-30,-1,-27,-21,6,8,12,0,goodbye
1.060915470123291,7,14,0,-1,-2,-10,-27,-10,-32,-39,-5,-5,-8,-16,goodbye
1.076530694961548,0,6,7,2,5,-3,-18,-11,-19,-19,-11,-11,-23,-21,sil
1.076530694961548,-5,11,4,0,14,4,-17,0,-20,-5,-15,-10,-17,-13,sil
1.0917243957519531,-5,16,-9,3,12,4,-16,-1,-29,-22,-9,-16,-12,-17,sil
1.10675311088562,0,9,8,6,1,-2,-6,-6,-17,-16,3,-10,-14,-18,sil
1.10675311088562,0,2,12,3,0,0,1,-2,-1,9,0,-3,-13,-10,sil
1.12188458442688,-9,0,-4,5,7,8,7,0,-4,0,-18,-14,-18,-6,sil
1.12188458442688,-12,5,0,21,8,13,16,3,-2,-12,-14,-16,-16,-1,sil
1.1373696327209473,-5,1,10,24,3,10,23,4,8,13,2,-6,-7,7,sil
1.1373696327209473,-10,-9,0,9,2,11,18,2,4,25,-5,-11,-17,7,sil
1.1533105373382568,-20,-15,-13,4,-2,17,16,0,0,13,-22,-23,-25,0,sil
1.1533105373382568,-19,-15,-9,6,-7,19,18,6,14,23,-18,-18,-12,2,sil
1.168884515762329,-7,-17,-5,-2,0,18,21,11,34,34,-7,-1,5,13,sil
1.168884515762329,3,-17,-17,-16,0,8,19,5,40,18,-7,3,13,13,sil
1.1848855018615725,7,-7,0,-18,-5,-8,1,2,25,-5,-14,5,13,10,sil
1.1858868598937988,10,2,14,-2,0,-11,-6,0,8,-4,-4,8,19,9,sil
1.2003490924835205,11,1,-3,1,7,-4,-1,-1,5,-1,5,13,19,2,sil
1.2003490924835205,7,-2,-5,-12,-5,-3,-6,0,-3,-19,-9,11,-2,-8,sil
1.215951442718506,8,1,-1,-8,-13,-10,-10,-8,-21,-34,-14,4,-7,-10,sil
1.215951442718506,12,8,0,4,-5,-14,-9,-10,-25,-23,10,8,5,-7,sil
1.2311134338378906,7,7,3,0,0,-9,-11,0,-14,-7,25,16,7,-7,sil
1.2311134338378906,4,12,7,0,0,-6,-8,-2,-8,-5,24,14,2,-2,sil
1.2465260028839111,9,18,11,12,1,-11,-9,-4,-9,-3,23,11,3,3,sil
1.2465260028839111,5,7,6,19,1,-11,-17,1,-7,0,18,1,1,0,sil
1.262258529663086,-7,-5,4,12,-1,-4,-16,-2,-11,-4,8,-10,-1,-11,sil
1.262258529663086,-16,-2,0,5,0,0,-2,-5,-12,-7,-2,-12,-9,-11,sil
1.2778737545013428,-14,-5,-9,-1,0,7,2,0,-1,1,-9,-12,-17,-3,sil
1.2778737545013428,-7,-13,-8,-11,-1,18,6,5,12,17,-2,-9,-3,4,sil
1.292884111404419,-3,-9,-13,-13,-6,18,16,4,18,30,8,0,18,13,sil
1.292884111404419,-1,0,-8,-9,-3,1,2,5,17,25,0,6,15,17,sil
1.3085036277770996,2,0,0,-19,-1,-17,-18,10,13,8,-6,6,5,12,sil
1.3085036277770996,11,2,-1,-21,-5,-27,-19,2,11,2,9,8,13,2,sil
1.3242850303649902,17,19,18,4,0,-9,-1,0,1,3,24,17,14,2,sil
1.3242850303649902,19,33,30,31,21,19,21,5,0,6,17,18,5,11,sil
1.3399035930633545,6,24,9,25,27,20,24,4,0,2,2,2,-5,4,sil
1.3399035930633545,-13,6,-1,10,9,7,6,-5,-15,-11,-17,-19,-21,-14,sil
1.3554120063781738,-23,-7,-2,10,0,13,8,-11,-27,-16,-38,-30,-31,-17,sil
1.3554120063781738,-20,-23,-13,1,0,15,18,-8,-14,-2,-39,-25,-28,-8,sil
1.3708267211914062,-8,-24,-18,-11,-4,3,14,0,2,5,-22,-13,-16,0,sil
1.3708267211914062,3,-10,-2,-9,0,5,11,3,12,-2,-1,2,1,10,sil
1.386014699935913,7,-5,6,-3,9,10,12,2,18,-3,10,11,14,18,sil
1.386014699935913,10,-10,-2,-10,-1,-6,-1,4,12,4,4,5,13,7,sil
1.401681900024414,11,-11,-6,-22,-17,-30,-25,2,-1,-5,-2,0,9,-6,sil
1.401681900024414,5,-1,0,-19,-7,-25,-24,-3,-2,-15,8,1,13,-6,sil
1.4167633056640625,4,12,8,0,8,-3,-5,-2,2,-8,24,13,15,-1,sil
1.4167633056640625,8,21,12,20,6,0,-5,0,0,-9,16,14,6,-5,sil
1.4324233531951904,0,14,0,18,0,0,-12,-1,-9,-13,-1,-6,-9,-9,sil
1.4324233531951904,-14,-1,-5,1,-1,12,-4,-3,-14,0,-10,-20,-17,-9,sil
1.4480855464935305,-21,-15,-12,-1,-12,15,8,-2,-9,16,-12,-19,-9,-8,sil
1.4480855464935305,-16,-23,-14,-8,-16,4,12,2,1,20,-21,-20,-1,0,sil
1.4637768268585205,-4,-24,-3,-29,-13,-2,9,7,11,19,-25,-8,1,5,sil
1.4637768268585205,3,-13,-4,-26,-18,-15,-4,2,6,7,-13,4,0,-3,sil
1.4792358875274658,0,2,-6,-5,-19,-24,-25,-5,-9,-21,-3,5,-10,-20,sil
1.4792358875274658,-8,0,-10,-8,-12,-17,-24,-12,-15,-32,-2,0,-11,-19,sil
1.4943914413452148,-7,-2,-2,-17,-9,-13,-17,-7,-8,-14,8,12,0,0,sil
1.4943914413452148,9,20,22,8,5,-2,-14,3,-1,2,31,31,12,13,sil
1.5107295513153076,20,37,28,43,25,16,-1,5,2,1,38,32,13,14,sil
1.5107295513153076,15,24,22,41,22,14,0,1,-2,-4,26,22,3,12,sil
1.5253982543945312,5,6,14,17,7,0,-5,0,-12,-1,16,10,-5,5,sil
1.5253982543945312,1,2,8,12,3,5,7,2,-1,4,13,3,-2,2,sil
1.5406510829925537,9,14,21,35,16,22,29,7,19,10,16,10,10,16,sil
1.5406510829925537,17,24,22,50,27,24,32,7,23,21,19,14,19,26,sil
1.5568122863769531,8,8,5,25,12,8,20,1,6,24,8,5,12,20,sil
1.570979356765747,1,-8,-3,4,-1,1,20,0,1,19,-1,-5,6,11,sil
1.570979356765747,2,-7,-8,8,9,8,30,2,12,14,-6,-13,8,2,sil
1.5868144035339355,-7,-11,-18,-9,8,5,24,0,12,8,-23,-22,-3,-4,sil
1.5877976417541504,-14,-29,-36,-45,-11,-1,7,-1,2,3,-40,-30,-19,-7,sil
1.5877976417541504,-10,-28,-32,-46,-16,-4,-3,-1,1,0,-38,-28,-18,-13,sil
1.602427959442139,-9,-18,-21,-35,-4,-8,-10,-2,12,-8,-25,-21,-8,-15,sil
1.6179842948913574,-6,-20,-22,-45,-2,-14,-16,0,15,-10,-15,-14,-3,-5,sil
1.6179842948913574,-2,-13,-15,-45,-3,-9,-18,1,4,-5,-18,-7,0,-5,sil
1.633268117904663,-6,2,-15,-30,0,-12,-22,-2,-4,-4,-11,-10,1,-10,sil
1.633268117904663,-7,3,-11,-33,-7,-25,-33,-5,-16,-19,5,-9,7,-7,sil
1.6479876041412354,-1,4,4,-24,-10,-20,-34,-7,-31,-28,10,0,4,-10,sil
1.6479876041412354,0,18,11,9,2,-6,-25,-8,-35,-18,4,2,-12,-14,sil
1.6636908054351809,-3,23,22,28,6,-1,-12,0,-28,-11,8,6,-17,-9,sil
1.6636908054351809,-7,10,20,23,0,7,0,0,-16,-6,14,8,-7,-7,sil
1.6788358688354492,-5,-3,13,22,-1,18,9,-4,-7,2,7,1,-9,-8,sil
1.6788358688354492,0,0,19,32,-1,20,17,0,-3,4,2,-4,-15,-6,sil
1.6940207481384275,7,10,25,39,0,18,27,8,2,6,6,1,-6,0,sil
1.6940207481384275,11,7,24,28,0,13,28,5,12,16,9,17,6,16,sil
1.7101194858551023,6,-5,5,15,-13,8,21,0,16,18,9,16,22,24,sil
1.7101194858551023,0,-11,-2,10,-19,4,13,0,10,7,4,9,21,12,sil
1.726006031036377,3,-8,3,8,-3,0,8,1,15,2,0,13,9,6,sil
1.726006031036377,8,-6,-1,12,0,-6,0,3,24,4,4,12,7,12,sil
1.7412400245666504,0,-9,-7,0,-12,-11,-18,0,9,-3,-5,7,1,3,sil
1.7412400245666504,-10,-13,-20,-23,-10,-12,-21,-4,-7,-15,-18,1,-7,-11,sil
1.7563104629516602,-4,-6,-24,-15,9,-8,-4,3,0,-9,-7,0,-3,-2,sil
1.7563104629516602,10,10,0,8,19,0,1,11,12,9,9,11,8,13,sil
1.771439790725708,14,15,-2,0,14,-2,-5,0,8,14,11,11,11,8,sil
1.771439790725708,4,5,-16,-22,7,-18,-17,-8,-11,-6,3,-1,0,-2,sil
1.787179946899414,0,4,-7,-14,2,-15,-16,0,-15,-13,5,-3,0,0,sil
1.787179946899414,7,15,5,0,4,0,0,4,8,8,24,5,16,6,sil
1.802689790725708,8,17,18,-3,12,7,13,7,18,20,26,6,14,8,sil
1.802689790725708,0,1,8,-2,12,6,10,0,0,6,-2,-4,-3,0,sil
1.8180646896362305,0,-3,0,3,8,7,7,-11,-8,-7,-17,-10,-9,-3,sil
1.8180646896362305,4,11,11,4,13,16,9,-2,-4,-4,0,-4,-2,1,sil
1.8330838680267327,1,14,11,8,14,16,11,3,-5,4,4,-5,-3,0,sil
1.8330838680267327,-2,1,1,18,4,6,8,-1,0,7,-7,-13,-12,-13,sil
1.8485729694366453,-2,-7,0,13,-3,0,1,-5,4,5,-5,-10,-8,-7,sil
1.8485729694366453,-5,-15,1,-10,-13,-2,-9,-3,-8,0,-4,-10,-2,4,sil
1.864020824432373,-11,-18,-5,-25,-18,4,-7,1,-17,-1,-16,-14,-7,-1,sil
1.864020824432373,-12,-9,-13,-11,-13,6,2,2,-2,-1,-21,-13,-10,-14,sil
1.879030704498291,-12,-7,-11,-4,-11,-10,-6,-2,-2,-4,-17,-12,-3,-10,sil
1.879030704498291,-13,-18,-20,-17,-12,-20,-19,-6,-15,-5,-16,-13,2,0,sil
1.895043134689331,-11,-17,-14,-18,-4,-4,-11,-3,-9,-4,-14,-7,0,-1,sil
1.895043134689331,-11,-6,-4,-3,-2,7,4,0,-2,-5,-11,-7,-8,-9,sil
1.910919189453125,-11,-9,-11,-4,-5,1,16,6,5,-4,-10,-10,-7,-12,sil
1.910919189453125,-4,-12,-9,-15,-1,0,22,11,28,1,-5,-1,1,-7,sil
1.9262025356292725,1,-7,-4,-12,-6,-5,13,4,29,0,2,4,0,2,sil
1.9433252811431885,8,0,1,-2,-16,-15,-17,-4,-8,-15,17,17,0,7,sil
1.9433252811431885,19,14,10,7,-5,-15,-33,-5,-25,-20,33,38,13,5,sil
1.9433252811431885,24,29,14,12,9,-16,-23,-3,-6,-12,38,41,18,6,sil
1.958407640457153,18,28,20,8,0,-19,-17,-6,1,-11,29,27,4,0,sil
1.958407640457153,10,20,18,11,-2,-6,-13,-1,-7,-15,12,7,-8,-12,sil
1.9745826721191408,2,19,18,29,15,13,2,9,-7,-3,-2,0,-7,-6,sil
1.9745826721191408,0,22,24,42,25,22,23,8,4,16,-5,0,0,12,sil
1.9890494346618648,-2,9,13,29,18,21,29,0,7,22,-3,-6,-1,13,sil
1.9890494346618648,-10,-8,-2,8,13,21,19,0,0,16,-8,-20,-9,3,sil
2.011528730392456,-9,-14,-4,7,4,23,18,0,4,21,-12,-15,0,9,sil
2.011528730392456,-2,-11,-1,5,-4,13,18,0,11,19,-13,-6,8,11,sil
2.022186756134033,-3,-16,-15,-9,-3,0,0,0,5,7,-11,-14,0,1,sil
2.022186756134033,0,-16,-13,-13,0,1,-5,0,7,4,-4,-8,3,7,sil
2.0360867977142334,5,-3,9,-5,3,9,12,7,27,14,3,14,13,14,sil
2.0525591373443604,-1,-1,-11,-10,0,0,15,10,30,18,5,10,11,0,sil
2.0525591373443604,0,-7,-19,-18,-6,-12,-6,0,-1,1,-2,-6,-1,-9,sil
2.06917691230774,10,0,3,-13,-5,-10,-11,-8,-14,-3,-5,0,-3,0,sil
2.06917691230774,7,0,-10,-17,-2,-7,-1,-8,3,5,1,1,6,2,sil
2.06917691230774,0,-6,-7,-24,-8,-10,-8,2,-1,-4,0,-1,4,0,sil
2.085094451904297,-2,-5,3,-13,-11,-8,-14,0,-13,-17,-4,-1,-1,-5,sil
2.085094451904297,-6,-1,-11,-4,-4,-3,-7,-9,-3,-9,1,1,1,-10,sil
2.1007440090179443,4,7,-2,3,3,0,-3,-3,0,-12,11,11,2,-1,sil
2.115873575210572,12,8,8,14,2,-10,-11,-1,-9,-20,11,10,-1,1,sil
2.115873575210572,-8,-4,-3,-1,-7,-23,-23,-8,-19,-17,-1,-2,-9,-12,sil
2.115873575210572,-14,0,-4,-17,-9,-10,-13,-2,-22,-18,0,-4,-7,-16,sil
2.1313042640686035,1,12,0,1,1,8,8,5,-9,-12,9,0,-2,-2,sil
2.1461501121521,-4,0,-1,12,6,7,12,8,3,4,-4,-11,-10,-1,sil
2.1461501121521,-17,-14,-6,-1,-1,-1,0,2,0,6,-16,-19,-13,-8,sil
2.162147283554077,-4,0,3,-8,-6,-6,-14,-3,-6,-7,6,0,-2,-3,sil
2.162147283554077,10,19,20,4,1,-4,-20,3,-3,-11,20,19,3,0,sil
2.1777422428131104,9,19,15,20,6,0,-5,2,1,-2,0,1,-2,-6,sil
2.1777422428131104,1,7,5,20,0,2,0,-13,-6,0,-15,-13,-8,-6,sil
2.1928040981292725,2,3,11,13,1,6,-1,-7,-9,7,0,2,1,4,sil
2.1928040981292725,6,7,19,12,10,13,10,9,2,20,10,11,9,9,sil
2.2079861164093018,2,2,4,6,6,8,15,-1,0,11,-2,-5,-3,1,sil
2.2079861164093018,-3,-7,-8,-1,0,3,7,-7,-7,-2,-15,-12,-14,2,sil
2.2234907150268555,-4,-9,-3,3,4,8,14,7,0,4,-8,0,0,9,sil
2.2234907150268555,-6,-7,-14,4,7,9,29,7,8,14,0,-4,11,7,sil
2.239131212234497,-10,-9,-15,-9,0,3,20,0,4,1,-6,-11,2,0,sil
2.239131212234497,-7,-11,0,-13,-2,5,6,8,8,-4,-12,-4,-3,1,sil
2.254293203353882,-1,-8,-4,-4,1,7,3,10,19,11,-4,-1,5,9,sil
2.254293203353882,2,-6,-7,-3,1,7,6,5,25,21,3,-2,13,11,sil
2.2701823711395264,3,-4,0,-2,-3,6,13,5,28,14,-1,-1,6,5,sil
2.2701823711395264,0,-2,-2,0,-4,0,10,0,19,2,-5,-1,0,1,sil
2.285794973373413,-2,0,-9,-1,-4,-6,0,-10,3,-5,0,0,3,0,goodbye
2.285794973373413,0,2,-4,-1,-9,-2,-4,-8,2,-6,1,4,1,1,goodbye
2.3013031482696533,10,4,3,-2,-6,-1,-7,1,12,1,0,13,0,2,goodbye
2.3013031482696533,16,0,-2,-7,2,-5,-16,0,8,0,8,20,7,4,goodbye
2.3169314861297607,14,4,3,0,4,-4,-19,-3,-11,-9,19,28,12,2,goodbye
2.3169314861297607,16,16,18,6,5,0,-13,0,-11,-3,29,32,15,5,goodbye
2.3328802585601807,13,13,7,-1,6,-7,-10,0,-4,0,19,11,8,2,goodbye
2.3328802585601807,-10,0,-7,-12,-2,-21,-16,-7,-21,-11,-9,-9,-9,-15,goodbye
2.3479137420654297,-21,-5,-12,-15,-11,-27,-24,-9,-27,-17,-7,-9,-12,-20,goodbye
2.3479137420654297,0,0,0,-10,-3,-22,-22,-3,-13,-15,11,1,-4,-6,goodbye
2.363654136657715,7,8,14,2,5,-10,-6,0,-16,-17,3,-1,-8,-11,goodbye
2.363654136657715,-9,3,0,7,2,-7,-3,0,-31,-17,-7,-15,-15,-26,goodbye
2.379136323928833,-12,-2,-3,-4,-5,-9,-19,-5,-31,-13,0,-16,-14,-19,goodbye
2.379136323928833,-4,0,8,2,-8,1,-14,-6,-23,0,0,-10,-15,-2,goodbye
2.3952109813690186,-8,2,8,26,-1,16,11,0,-14,9,-13,-12,-18,1,goodbye
2.3952109813690186,-4,4,6,24,4,24,28,7,1,13,-11,-12,-8,9,goodbye
2.4107675552368164,2,0,3,5,1,30,33,8,12,19,-4,-9,7,13,goodbye
2.411142110824585,-10,-12,0,0,0,33,28,7,6,15,-17,-13,4,2,goodbye
2.425877809524536,-18,-18,-10,8,8,29,26,7,19,11,-26,-18,-3,1,goodbye
2.425877809524536,-2,-12,-20,1,7,14,27,7,43,12,-16,-12,3,16,goodbye
2.4411449432373047,9,-4,0,-14,-9,-5,7,9,36,2,-6,3,9,18,goodbye
2.4411449432373047,11,-1,3,-14,-11,-16,-13,0,22,3,12,15,17,12,goodbye
2.457128524780273,11,-4,-11,-11,-4,-16,-14,-11,22,7,22,10,20,7,goodbye
2.457128524780273,8,2,-1,-15,-3,-11,-11,-1,10,-12,1,6,1,-3,goodbye
2.472797155380249,6,11,4,-2,6,-5,-4,2,1,-14,1,12,-5,-8,goodbye
2.472797155380249,8,5,-7,7,16,-1,2,-7,3,3,23,18,6,0,goodbye
2.4881649017333984,9,3,1,3,4,-1,-2,-2,-4,2,15,16,6,9,goodbye
2.4881649017333984,6,12,23,12,6,1,-7,5,-10,6,7,14,6,10,goodbye
2.503777027130127,-1,9,4,14,15,0,0,0,-5,13,15,4,10,-2,goodbye
2.503777027130127,-10,0,-16,-8,-1,-7,-8,-4,-17,-9,-1,-11,-9,-20,goodbye
2.5189266204833984,-12,0,-4,-14,-9,-4,-12,-1,-31,-22,-16,-11,-21,-15,goodbye
2.5189266204833984,-8,0,0,0,0,4,8,-2,-13,-6,-7,-1,-1,1,goodbye
2.5341503620147705,0,0,3,3,0,0,11,1,0,-6,-3,0,2,0,goodbye
2.5341503620147705,9,8,7,11,0,-4,-2,4,-2,-4,-4,-6,-4,-9,goodbye
2.550753355026245,10,6,4,14,2,0,3,0,2,11,0,-5,0,1,goodbye
2.550753355026245,-2,-4,5,0,-1,1,8,0,7,11,0,4,3,7,goodbye
2.566197395324707,-15,-14,-13,-12,-4,-2,-2,-3,3,2,2,-2,0,-5,goodbye
2.566197395324707,-15,-21,-13,-19,-6,-9,-10,0,4,0,3,-6,-1,-7,goodbye
2.581741571426392,-2,-11,14,-8,-11,-4,0,7,11,0,0,12,1,3,goodbye
2.581741571426392,7,2,-4,17,-3,0,7,-4,13,-1,0,11,10,3,goodbye
2.596895456314087,4,3,-12,8,3,-1,-5,-7,-3,-3,0,-2,6,0,goodbye
2.612123727798462,-3,-4,6,-15,-3,-1,-19,1,-18,-4,-6,-2,-8,0,goodbye
2.612123727798462,-8,-6,-8,-12,-11,-1,-18,-2,-12,-6,-11,-8,-13,-4,goodbye
2.612123727798462,-3,0,-11,-4,-5,2,-10,-1,-7,-7,-5,-9,-3,-5,goodbye
2.6290218830108643,5,6,7,1,3,9,-1,3,-7,0,1,5,1,3,goodbye
2.6290218830108643,7,6,8,13,2,1,-1,-3,-2,0,0,12,-3,7,goodbye
2.643726110458374,5,6,5,11,0,-2,0,0,-2,-5,3,0,-3,3,goodbye
2.643726110458374,9,12,14,9,9,8,12,8,-10,3,10,-2,0,0,goodbye
2.6591920852661133,9,12,10,12,12,11,16,1,-17,3,2,-2,-7,-1,goodbye
2.6762044429779053,1,0,-5,3,0,0,0,-1,-9,-8,-4,-5,-15,0,goodbye
2.677205801010132,-1,-7,0,-11,-4,-2,-2,1,9,0,-1,-5,-8,1,goodbye
2.677205801010132,0,0,7,-9,2,4,16,4,23,20,0,-4,0,0,goodbye
2.691110372543335,-2,7,-3,-2,7,7,30,2,21,25,4,-4,8,0,goodbye
2.707656145095825,-8,0,-6,-11,3,6,20,0,16,11,1,-3,12,7,goodbye
2.707656145095825,-7,-3,1,-14,-5,-1,7,0,8,0,-12,-5,7,2,goodbye
2.707656145095825,-6,-8,-4,-9,-7,-12,-1,-1,0,0,-6,-7,6,-9,goodbye
2.7219204902648926,-7,-8,-8,-3,0,-10,-15,-5,1,-3,4,-1,10,-1,goodbye
2.737346649169922,1,7,6,5,5,-1,-23,-2,10,-8,0,8,11,7,goodbye
2.737346649169922,4,5,4,14,6,0,-9,0,13,1,6,8,9,-3,goodbye
2.7531051635742188,-4,-9,-14,13,1,-5,-2,-1,8,8,11,0,2,-10,goodbye
2.7531051635742188,0,-2,-1,4,-5,-8,-11,-2,-7,-11,-6,-1,-8,1,goodbye
2.768715143203736,17,4,7,6,-2,0,1,1,-10,-15,-9,7,-5,14,goodbye
2.768715143203736,14,-5,1,8,4,6,16,5,-1,2,17,17,3,14,goodbye
2.770221710205078,0,-8,0,3,3,3,-1,1,-4,-6,14,9,-6,0,goodbye
2.7848381996154785,-11,-14,-13,3,0,0,-11,-4,-11,-16,-16,-12,-17,-19,goodbye
2.8024661540985107,-12,-18,-6,0,0,0,-5,0,-12,1,-18,-9,-7,-14,goodbye
2.8024661540985107,-8,-8,6,-13,-2,4,-2,2,-7,9,1,4,-1,-1,goodbye
2.8024661540985107,-7,0,-5,-12,-4,8,0,0,-6,-4,0,0,-11,-7,goodbye
2.8162083625793457,5,12,1,10,3,10,4,2,-1,0,3,8,2,0,goodbye
2.8328652381896973,28,31,19,27,10,4,8,4,14,23,29,28,34,26,goodbye
2.8328652381896973,19,21,13,6,0,-6,1,2,14,14,27,25,28,22,goodbye
2.8328652381896973,-7,3,-2,-12,-4,-11,-3,0,1,-5,-1,2,0,-1,goodbye
2.847041368484497,-4,2,-8,-12,1,-7,1,0,-1,-2,-11,-9,-6,-5,goodbye
2.8631339073181152,0,2,0,-19,-4,-6,-2,-3,-7,-4,-11,-10,-5,-8,goodbye
2.8631339073181152,-8,0,-6,-16,-21,-10,-9,-17,-19,-15,-14,-10,-8,-14,goodbye
2.8797426223754883,-1,1,-4,-2,-14,-10,-2,-10,-16,-14,-15,-9,-13,-4,goodbye
2.8797426223754883,3,1,15,-3,-1,-1,0,11,-9,-3,-15,-12,-12,-1,goodbye
2.8956856727600098,-7,-3,-3,-1,-9,-1,0,0,-6,6,-9,-25,-3,-11,goodbye
2.8956856727600098,-9,-5,-8,7,-8,-3,0,-6,1,8,2,-19,-4,-1,goodbye
2.8956856727600098,-1,-5,7,0,9,11,4,7,15,14,13,2,-1,5,goodbye
2.910757780075073,-1,-6,-5,-5,12,18,4,5,18,16,16,6,7,1,goodbye
2.9264769554138184,0,-3,0,3,1,4,-2,-1,1,-3,0,2,2,5,goodbye
2.9264769554138184,1,-3,7,7,4,-3,-5,0,-10,-18,-18,-4,-6,1,goodbye
2.942025661468506,-2,-8,-11,-1,12,1,5,-7,-11,-13,-16,-12,-13,-13,goodbye
2.942025661468506,-1,-5,-3,-4,11,2,13,-4,-11,-11,-6,-6,-16,-10,goodbye
2.9590728282928467,3,4,16,3,8,-4,-1,6,-4,-3,-2,3,-5,4,goodbye
2.9590728282928467,0,6,0,10,2,-1,-2,8,21,0,8,4,13,10,goodbye
2.9590728282928467,0,1,-6,7,1,9,15,10,40,-4,21,10,21,17,goodbye
2.9740025997161865,5,3,9,3,9,7,8,11,25,4,17,21,15,11,goodbye
2.989107608795166,1,3,1,4,3,-4,-13,-1,-1,17,4,9,4,-1,goodbye
2.989107608795166,-9,-2,-7,0,-11,0,-11,-11,-15,5,-3,0,0,-1,goodbye
3.004650115966797,-9,-5,-5,-11,-12,12,2,-4,-12,2,-5,1,2,0,goodbye
3.004650115966797,-2,-4,-18,-16,-5,7,6,0,-5,10,-3,-4,-1,-5,goodbye
3.020019769668579,-2,-2,-10,-7,0,2,1,-1,0,7,-1,-3,0,-3,goodbye
3.020019769668579,1,4,5,11,3,7,0,-1,11,18,2,9,13,7,goodbye
3.035670518875122,13,12,6,19,0,2,0,1,24,30,10,8,17,16,goodbye
3.035670518875122,13,10,13,16,1,0,3,3,15,16,15,5,5,15,goodbye
3.050715684890747,8,3,8,16,7,7,11,0,-4,1,9,8,0,5,goodbye
3.050715684890747,2,0,0,3,0,1,19,1,-10,-1,-5,0,-2,-3,goodbye
3.066376209259033,-2,-11,-9,-13,-13,-18,6,0,0,-7,-12,-8,-5,-5,goodbye
3.066376209259033,-5,-26,-14,-18,-24,-39,-24,-3,-1,-23,-9,-3,-6,-10,goodbye
3.081981658935547,-4,-20,5,-23,-29,-43,-38,0,-11,-36,-4,9,-6,-14,sil
3.081981658935547,1,0,10,-10,-14,-27,-26,-2,-7,-27,6,15,0,-12,sil
3.098076105117798,12,15,7,14,0,-15,-24,-8,-6,-26,5,12,-5,-11,sil
3.098076105117798,14,23,20,13,1,-13,-26,0,-25,-34,-1,9,-16,-7,sil
3.113697290420532,4,26,17,7,9,0,-6,2,-28,-21,12,9,-8,0,sil
3.113697290420532,-5,24,13,23,25,24,12,-3,-22,-9,16,-2,-4,-5,sil
3.1299519538879395,-4,20,5,27,30,32,23,-5,-25,-7,-9,-28,-19,-15,sil
3.1299519538879395,-1,7,-10,16,27,34,30,-1,-12,13,-19,-28,-15,-5,sil
3.1455204486846924,-5,-5,-10,23,18,38,31,1,13,32,-5,-17,3,7,sil
3.1455204486846924,-4,-7,-1,16,7,30,28,6,28,32,-9,-22,9,12,sil
3.1607065200805664,-1,-12,-11,-20,-1,12,18,7,24,29,-21,-22,5,16,sil
3.161102294921875,-20,-23,-35,-35,-14,1,6,0,16,27,-22,-20,0,9,sil
3.17669415473938,-35,-31,-31,-41,-18,-2,5,0,13,21,-20,-26,-1,1,sil
3.17669415473938,-18,-36,-13,-60,-7,2,5,4,25,17,-3,-9,11,9,sil
3.1916933059692383,0,-28,-15,-49,0,-1,-6,0,26,10,18,12,23,13,sil
3.1916933059692383,2,-8,-4,-23,-4,-19,-20,2,5,-4,16,19,9,6,sil
3.207221031188965,12,1,5,-21,-5,-17,-15,6,3,-4,1,22,3,7,sil
3.207221031188965,15,0,4,-21,-1,-6,-5,0,14,4,5,19,13,6,sil
3.222391128540039,0,-2,4,-7,-7,-18,-10,-3,1,-5,13,6,7,-9,sil
3.222391128540039,-12,2,-6,3,-14,-26,-20,-2,-20,-25,0,-3,-10,-23,sil
3.238499641418457,-2,11,0,15,-7,-11,-15,-6,-22,-27,-12,2,-15,-19,sil
3.238499641418457,11,17,20,30,-6,-1,-2,-2,-5,-12,1,16,-2,-5,sil
3.254183053970337,17,19,24,38,-15,-3,-1,3,6,-1,18,26,0,2,sil
3.254183053970337,20,27,29,45,-3,-1,-4,3,0,2,15,24,0,2,sil
3.2697620391845703,22,31,34,52,15,0,3,0,-12,-4,15,17,3,2,sil
3.2697620391845703,13,27,20,47,15,5,8,-4,-12,-18,17,14,2,1,sil
3.284832715988159,6,21,10,33,9,13,3,0,-6,-12,12,11,0,2,sil
3.284832715988159,9,13,20,28,16,11,5,6,-3,1,8,9,6,8,sil
3.300978422164917,5,2,8,24,20,5,10,0,0,6,4,0,5,2,sil
3.300978422164917,-5,-9,-22,0,6,4,0,-8,-4,0,-13,-18,-12,-8,sil
3.316003799438477,-17,-21,-22,-28,-11,0,-12,-7,-17,-11,-27,-28,-27,-12,sil
3.316003799438477,-15,-22,-19,-29,-9,-6,-1,-3,-11,-7,-13,-21,-11,-6,sil
3.3317229747772217,0,-14,-15,-17,6,-5,9,7,1,10,2,-10,9,7,sil
3.3317229747772217,-2,-11,-4,-15,8,1,4,7,-1,11,-5,-7,1,15,sil
3.346743583679199,-17,-14,-22,-13,0,0,-1,-8,4,2,-17,-19,-7,-1,sil
3.346743583679199,-7,-4,-8,-13,3,3,0,0,17,8,-8,-15,0,-9,sil
3.3626863956451416,0,2,13,-13,3,14,12,7,10,21,1,-1,3,0,sil
3.3626863956451416,-15,-15,-18,-14,-11,6,13,-8,-3,18,-1,-14,0,1,sil
3.3778529167175293,-13,-21,-14,-23,-18,-4,0,-1,-5,3,-8,-15,4,5,sil
3.3778529167175293,4,-3,8,-23,-10,0,4,13,13,10,-9,0,7,12,sil
3.3933472633361816,-2,-12,-16,-17,-15,-3,6,2,22,16,-10,-2,0,1,sil
3.3933472633361816,-14,-22,-18,-23,-20,-14,-19,0,0,-7,-5,-1,-2,-2,sil
3.4090278148651123,3,5,7,-16,-1,-3,-26,4,-5,-14,11,21,8,6,sil
3.4090278148651123,23,24,14,1,15,9,-7,1,13,-1,22,32,18,5,sil
3.424680471420288,20,16,13,7,6,3,0,2,14,-6,17,27,6,-4,sil
3.424680471420288,8,15,14,8,-1,-7,0,-2,0,-18,8,12,-4,-9,sil
3.439847707748413,1,20,7,10,0,-12,3,-10,-3,-18,5,-3,-8,-12,sil
3.439847707748413,-4,18,1,11,6,-2,4,-3,-5,-15,3,-10,-17,-18,sil
3.455167531967163,-8,14,5,17,15,12,2,2,-10,-13,-2,-13,-21,-19,sil
3.47084641456604,-2,9,6,34,20,20,5,-1,-3,0,-12,-15,-12,-6,sil
3.47084641456604,0,0,6,39,15,16,10,-5,-1,8,-20,-13,-12,2,sil
3.4862213134765625,-2,-3,7,29,5,12,13,-3,-13,11,-20,-7,-11,6,sil
3.4862213134765625,0,-4,3,23,3,12,11,0,-11,17,-3,1,10,17,sil
3.5029056072235107,2,-10,-1,9,2,0,0,-5,-3,12,6,9,24,19,sil
3.5029056072235107,0,-16,-3,-11,-6,-16,-7,0,0,2,-1,3,16,8,sil
3.5029056072235107,-2,-20,-9,-21,-18,-18,-1,12,10,9,-5,0,12,7,sil
3.517009735107422,-1,-17,-16,-21,-20,-19,1,5,17,14,8,10,18,7,sil
3.5323405265808105,8,-2,-1,-15,-10,-21,-5,1,6,6,21,26,16,7,sil
3.5323405265808105,19,7,17,-9,-2,-16,-9,9,0,0,22,28,7,11,sil
3.547361135482788,8,-4,-8,-22,-9,-14,-5,6,6,-2,11,8,1,2,sil
3.547361135482788,-7,-15,-21,-40,-17,-14,-11,2,3,-16,0,-6,-2,-11,sil
3.563120126724243,-4,-1,0,-25,-9,-4,-20,-4,-6,-22,-3,-7,-10,-18,sil
3.563120126724243,5,13,3,0,0,0,-17,-10,-11,-11,0,-8,-9,-10,sil
3.5787582397460938,7,19,14,7,6,7,-5,4,-8,-3,9,3,0,4,sil
3.5787582397460938,0,11,8,8,9,8,1,0,0,-8,12,4,0,1,sil
3.59485387802124,-13,-1,-9,-2,0,-5,-7,-18,-7,-24,-14,-21,-24,-20,sil
3.59485387802124,-20,1,-4,-1,0,0,-2,-6,-15,-16,-28,-30,-31,-24,sil
3.610000371932984,-5,10,-2,21,10,23,20,6,6,13,-1,-10,-6,-3,sil
3.610000371932984,1,4,3,21,11,24,13,1,10,11,6,1,3,9,sil
3.6257553100585938,-7,-5,-1,7,3,11,-3,-3,-15,-4,-5,-1,-2,1,sil
3.6257553100585938,0,-1,-8,18,9,6,3,-1,-17,3,1,1,1,-2,sil
3.641849994659424,24,24,31,35,22,18,16,9,8,24,19,24,15,11,sil
3.641849994659424,16,26,31,35,20,24,22,4,22,33,22,17,17,15,sil
3.6570253372192383,-8,-6,-17,11,7,4,19,-11,2,18,4,-12,0,0,sil
3.6570253372192383,-2,-15,-12,-6,1,-5,9,-6,-13,0,-4,-11,-6,-1,sil
3.6731345653533936,7,0,4,-1,-2,0,8,1,-2,4,-1,5,2,9,sil
3.6731345653533936,-5,-1,-9,-9,-10,0,9,1,1,2,-19,-1,-4,4,sil
3.688720703125,-9,-10,-14,-22,-8,-1,5,2,1,-2,-25,-17,-8,-2,sil
3.688720703125,-3,-9,-2,-11,-9,-7,-3,6,11,2,-12,-13,3,1,sil
3.70378041267395,-8,-7,7,-8,-13,-14,-11,12,16,-2,-33,-7,-2,1,sil
3.70378041267395,-12,-10,-3,-14,-9,-11,-6,5,9,-12,-49,-12,-13,-6,sil
3.719205617904663,-12,-20,-14,-13,-8,-9,-4,-9,0,-16,-10,-12,-6,-14,sil
3.719205617904663,-9,-24,-3,-18,-6,-8,-11,-2,-3,-15,13,-3,-1,-11,sil
3.73488450050354,2,-12,2,-20,4,0,-6,5,11,0,14,9,8,3,sil
3.73488450050354,18,7,2,-2,7,1,0,1,24,23,34,27,31,24,sil
3.750431776046753,22,16,21,9,0,0,-8,4,16,18,36,36,28,29,sil
3.750431776046753,2,1,11,-1,-10,-11,-28,0,3,-5,10,19,6,4,sil
3.7660508155822754,-15,-19,-27,-21,-15,-26,-25,-6,-5,-15,-2,0,2,-14,sil
3.7660508155822754,-6,-10,-13,-24,-11,-16,-8,-4,-12,-15,1,0,4,-7,sil
3.781196355819702,9,9,0,-6,0,-2,-2,-8,-11,-14,9,3,-4,-10,sil
3.781196355819702,12,9,-13,0,0,-8,-6,-8,-14,-14,10,3,-9,-20,sil
3.796733856201172,8,10,4,2,-1,-6,-2,0,-22,-15,8,7,-5,-9,sil
3.796733856201172,14,23,20,20,11,9,8,-1,-14,-4,11,7,-2,6,sil
3.812678575515747,18,23,13,26,20,10,5,0,-9,4,9,3,-5,6,sil
3.812678575515747,4,17,9,15,7,2,0,0,-20,-1,0,0,-9,-6,sil
3.827726602554321,-5,15,2,20,4,2,4,-4,-21,-9,-1,-6,-7,-11,sil
3.827726602554321,-1,11,7,19,15,12,14,7,-9,-4,-3,-9,-7,0,sil
3.843294382095337,-5,4,-5,8,10,13,22,11,4,7,-9,-19,-6,-2,sil
3.843294382095337,-7,4,-12,11,2,5,17,-3,4,17,-8,-21,0,-11,sil
3.8589038848876953,0,9,30,16,7,13,4,4,0,20,0,0,2,9,sil
3.8589038848876953,-5,3,18,18,6,22,2,4,6,19,1,2,1,18,sil
3.874110460281372,-12,-8,-23,18,0,13,4,-10,11,9,-1,-11,0,6,sil
3.874110460281372,-4,-11,-6,2,-1,10,8,5,12,13,0,-3,1,11,sil
3.889983892440796,-7,-13,-4,-12,-4,11,10,15,22,28,0,1,5,13,sil
3.889983892440796,-16,-17,-16,-16,-8,1,3,0,20,14,-14,-8,0,0,sil
3.9055213928222656,-14,-19,-7,-23,-11,-6,4,-3,6,-5,-25,-15,-10,-2,sil
3.9055213928222656,-14,-24,-8,-26,-12,-8,2,0,2,-6,-24,-14,-11,0,sil
3.9208340644836426,-4,-19,-8,-13,-4,0,-1,-1,8,0,-9,1,-1,6,sil
3.9208340644836426,12,-4,4,-7,0,5,4,0,15,2,5,16,8,14,sil
3.936091184616089,11,-6,6,-18,-3,-7,0,-1,9,-13,-5,4,0,3,sil
3.951768159866333,3,-18,-1,-21,-5,-21,-18,-3,0,-23,-16,-1,-7,-8,sil
3.951768159866333,2,-11,-1,-15,-4,-18,-24,0,-1,-10,0,7,6,-10,sil
3.951768159866333,6,0,-5,-14,-5,-18,-23,0,-9,-15,1,4,10,-14,sil
3.966918706893921,7,1,-3,-10,-5,-15,-17,0,-13,-32,-6,1,-1,-12,sil
3.982366561889648,7,6,-2,-4,-4,-7,-2,-4,-5,-17,8,14,4,-7,sil
3.982366561889648,13,15,-2,0,-1,-9,0,-1,-5,3,21,13,19,-4,sil
3.998321056365967,23,26,16,13,9,-5,0,5,-5,12,26,15,22,4,sil
3.998321056365967,16,31,19,32,12,3,6,-2,0,22,42,23,26,6,sil
4.018563508987427,-7,19,-4,20,-1,-4,-6,-7,-13,6,34,6,11,-5,sil
4.018563508987427,-10,9,4,2,0,-5,-20,3,-21,-11,11,-8,-11,-11,sil
4.018563508987427,4,19,18,20,17,7,0,5,0,6,11,2,-8,0,sil
4.02993106842041,0,16,13,30,11,2,7,-1,2,12,7,9,-4,3,sil
4.02993106842041,-4,-2,6,10,0,0,2,1,-9,-7,-9,-1,-12,2,sil
4.048039436340332,0,-9,-3,-3,0,16,16,0,-6,-9,-12,-6,-13,3,sil
4.061100482940674,-14,-9,-9,-2,0,18,15,-5,-7,-3,-18,-11,-18,-2,sil
4.061100482940674,-28,-11,-11,0,-1,8,-2,-2,-6,-1,-27,-21,-22,-6,sil
4.078986167907715,-11,0,0,0,4,11,0,4,4,5,-15,-17,-12,2,sil
4.078986167907715,0,3,5,0,3,24,17,4,13,11,-8,-11,-9,4,sil
4.078986167907715,-10,-11,-17,-1,-1,25,19,1,8,3,-27,-20,-15,-4,sil
4.092009544372559,-14,-18,-21,-8,-1,7,6,-1,0,-9,-37,-20,-14,-2,sil
4.108120918273926,-7,-10,-12,-9,-2,-7,6,-4,0,0,-21,-11,-7,1,sil
4.108120918273926,-2,-11,-8,-5,-6,-7,7,1,8,13,-3,-12,0,1,sil
4.123650312423706,5,-8,0,-4,-4,-5,-5,9,11,11,9,0,13,10,sil
4.123650312423706,16,0,0,0,-1,-10,-7,6,14,10,15,13,27,20,sil
4.141709327697754,13,-1,0,-2,0,-10,3,0,11,10,9,10,25,17,sil
4.141709327697754,0,-7,-3,-21,-6,-8,0,-4,3,-3,6,3,15,6,sil
4.141709327697754,9,0,-3,-21,-7,-17,-14,-1,0,-10,16,15,15,7,sil
4.156235456466675,27,10,16,0,-1,-22,-19,1,1,-1,25,30,20,9,sil
4.172760963439941,13,10,18,-1,-3,-14,-21,0,0,-2,24,23,19,-5,sil
4.172760963439941,-2,13,15,-8,0,-12,-26,-4,-6,-10,20,13,7,-21,sil
4.172760963439941,8,24,25,15,17,-7,-15,-1,-18,-8,13,11,-7,-17,sil
4.18744707107544,7,16,18,32,15,11,9,0,-18,-4,6,7,-12,-5,sil
4.203105926513672,-10,-9,0,15,-1,23,21,0,1,5,1,-1,-4,0,sil
4.203105926513672,-12,-21,-10,4,-6,16,15,-1,14,15,-7,-10,-5,0,sil
4.218737602233887,-3,-11,-4,2,-2,8,8,0,13,9,-16,-8,-11,2,sil
4.218737602233887,1,-2,-4,-10,-4,4,3,4,13,8,-9,6,-1,4,sil
4.218737602233887,3,-1,-9,-13,-7,-1,-7,0,7,-1,-1,6,2,-1,sil
4.233861207962036,2,5,3,0,-4,-7,-11,-3,-8,-24,0,6,-4,-3,sil
4.249032020568848,2,15,4,1,3,-9,0,0,-16,-17,7,11,0,0,goodbye
4.249032020568848,-1,14,-3,-1,8,-5,1,0,-21,-4,10,-2,-2,-11,goodbye
4.264917612075806,-8,13,0,8,7,3,-1,-3,-26,-19,-6,-19,-19,-18,goodbye
4.264917612075806,-14,9,-2,22,11,15,11,0,-20,-19,-21,-22,-18,-9,goodbye
4.281021356582642,-22,-4,-14,13,8,20,19,1,-14,0,-22,-29,-9,-5,goodbye
4.281021356582642,-16,-13,-14,0,-4,11,8,1,-5,9,-20,-34,-10,0,goodbye
4.296412467956543,-7,-14,-12,-5,-12,-3,1,0,13,8,-22,-24,-10,2,goodbye
4.296412467956543,-13,-16,-17,-7,-6,-6,-1,0,17,1,-24,-19,-5,-1,goodbye
4.312453269958496,-10,-11,-15,-11,1,0,-3,2,6,1,-14,-12,3,1,goodbye
4.312453269958496,7,-8,-1,-18,-2,1,0,4,12,13,2,3,8,13,goodbye
4.328214883804321,10,-10,1,-12,-6,1,5,0,24,18,9,11,10,12,goodbye
4.328214883804321,6,0,3,8,3,5,0,-5,22,13,12,13,14,11,goodbye
4.343806028366089,8,0,6,7,3,0,-8,-3,9,12,18,16,13,12,goodbye
4.343806028366089,3,-14,4,-19,-8,-17,-8,2,-2,11,18,10,4,4,goodbye
4.360194444656372,6,0,9,-11,0,-16,-3,5,0,5,12,13,5,1,goodbye
4.360194444656372,15,16,3,10,13,-1,6,3,15,4,14,22,14,9,goodbye
4.375763416290283,6,0,0,-10,-2,-4,3,0,10,4,13,15,9,4,goodbye
4.375763416290283,-4,-6,5,-26,-17,-14,-9,0,-7,-3,6,8,2,-9,goodbye
4.391073703765869,2,4,1,-7,-2,-8,-8,0,0,-13,6,14,2,-7,goodbye
4.391073703765869,10,13,9,2,8,0,-4,0,0,-13,7,16,-6,0,goodbye
4.40705132484436,0,17,9,8,0,1,-15,-8,-25,-17,-1,-1,-17,-14,goodbye
4.40705132484436,0,16,5,14,-3,-3,-22,-9,-31,-28,0,-3,-8,-18,goodbye
4.421683549880981,15,20,26,7,4,-3,-7,6,-9,-21,11,13,8,5,goodbye
4.421683549880981,13,24,16,21,10,1,3,5,0,1,4,3,9,8,goodbye
4.437772274017334,2,16,2,44,12,8,6,-8,-3,7,-3,-11,2,-2,goodbye
4.437772274017334,8,2,12,25,7,13,12,-7,0,6,6,-1,5,8,goodbye
4.453591585159302,6,-13,7,-2,-4,8,13,1,0,5,1,2,0,11,goodbye
4.453591585159302,-5,-14,-9,8,-4,2,6,0,-11,0,-11,-5,-7,-5,goodbye
4.469159126281738,-2,0,-22,22,3,1,5,-5,-4,5,2,-5,1,-5,goodbye
4.469159126281738,-1,-4,-2,-3,0,0,0,3,1,4,2,-3,-1,6,goodbye
4.484030485153198,-19,-22,2,-24,-10,2,1,6,0,-3,-21,-14,-20,0,goodbye
4.484030485153198,-25,-19,-31,-7,-5,7,15,-7,7,4,-21,-27,-17,-14,goodbye
4.499764680862427,-5,-5,-9,-3,3,6,6,0,1,3,-9,-14,-6,-9,goodbye
4.499764680862427,1,1,24,-11,5,6,0,11,-3,-6,-9,5,-1,2,goodbye
4.51498293876648,-9,2,-9,-2,0,3,11,0,16,7,-5,0,5,6,goodbye
4.51498293876648,-11,-1,-29,-4,-5,-4,8,0,23,19,-5,-11,3,3,goodbye
4.530307054519653,-9,-10,-9,-18,-3,-8,-13,4,2,0,-11,-7,-5,-2,goodbye
4.530307054519653,-13,-13,-9,-21,0,0,-11,-4,-5,-14,-8,-3,-8,-9,goodbye
4.545899868011475,-12,-12,-23,-20,0,9,10,0,10,1,-8,-14,-4,-9,goodbye
4.545899868011475,-12,-13,-18,-25,4,6,10,7,18,14,-14,-20,-4,-7,goodbye
4.560992240905762,-11,-7,-10,-17,7,0,-4,-2,6,3,-11,-11,-4,-6,goodbye
4.560992240905762,4,4,-1,3,0,0,0,-2,1,0,3,6,9,2,goodbye
4.5768444538116455,11,7,9,9,-3,2,5,4,5,9,16,16,21,11,goodbye
4.5768444538116455,3,1,6,-1,0,0,3,2,4,8,12,7,13,11,goodbye
4.591954231262207,10,2,11,-2,0,-3,0,1,0,0,8,3,7,7,goodbye
4.591954231262207,24,9,21,14,-3,-16,-8,1,-6,-6,10,11,6,3,goodbye
4.60800313949585,20,9,16,19,-6,-28,-11,-2,-10,-12,10,13,0,0,goodbye
4.60800313949585,12,4,20,7,-4,-23,-12,-4,-11,-13,12,19,0,0,goodbye
4.623684644699097,16,8,24,12,-3,-8,-16,-2,-15,-15,15,24,5,2,goodbye
4.623684644699097,18,13,18,27,-7,-4,-14,-5,-22,-20,15,20,-2,5,goodbye
4.639012098312378,11,2,13,14,-10,-7,-8,-6,-13,-7,23,18,-3,6,goodbye
4.639012098312378,4,-4,4,-10,-9,-4,-11,0,-6,4,21,17,5,5,goodbye
4.654759407043457,0,2,0,-16,-6,-2,-13,0,-12,-7,5,11,0,-3,goodbye
4.654759407043457,0,6,0,-4,-3,-5,-3,-3,-2,-9,1,6,-4,-5,goodbye
4.669828653335571,0,6,0,6,6,0,-3,-3,4,0,0,-3,0,-3,goodbye
4.669828653335571,-8,11,-4,7,13,8,-4,1,-2,1,-15,-17,-4,-9,goodbye
4.685701847076416,-13,12,-10,-1,13,13,10,6,0,6,-18,-16,-3,-7,goodbye
4.685701847076416,-8,5,-5,-1,19,19,19,1,6,21,-7,-3,9,0,goodbye
4.700695753097534,-6,0,-8,7,19,21,11,-9,1,16,-3,-9,10,0,goodbye
4.7167394161224365,-11,-2,-6,1,9,14,6,-4,2,0,-11,-18,-5,-2,goodbye
4.7167394161224365,-12,-1,-8,-1,3,14,12,4,12,1,-17,-20,-13,-9,goodbye
4.732744693756104,-4,-2,-22,6,0,8,8,4,18,5,-7,-20,-9,-11,goodbye
4.732744693756104,3,-2,-7,8,-4,0,0,8,18,0,4,-7,-4,3,goodbye
4.732744693756104,3,0,6,11,2,5,9,8,13,0,0,-1,-2,10,goodbye
4.748163938522339,-7,-6,-3,9,3,10,14,-2,-6,-2,-17,-11,-14,-3,goodbye
4.748163938522339,-16,-17,-6,-3,-7,6,14,-3,-17,-2,-20,-11,-18,-1,goodbye
4.764252185821533,-5,-16,-1,-7,-2,9,28,5,0,13,5,5,6,19,goodbye
4.764252185821533,7,-4,12,-7,3,7,25,9,9,13,13,11,14,21,goodbye
4.7799835205078125,0,-4,-4,-10,-9,-9,0,0,0,0,-10,-5,-7,-2,goodbye
4.7799835205078125,-5,-13,-17,-7,-12,-19,-9,0,0,-2,-22,-15,-17,-12,goodbye
4.795107126235962,0,-9,10,-7,0,-10,-5,9,7,-2,-11,0,0,0,goodbye
4.795107126235962,-1,-10,1,-14,-4,-10,-10,-2,6,-5,-5,-1,9,0,goodbye
4.810933828353882,-8,-18,-25,-23,-17,-23,-26,-15,-8,-9,-13,-15,3,-8,goodbye
4.810933828353882,-7,-9,-9,-21,-16,-16,-18,-6,-6,-2,-3,-7,8,-1,goodbye
4.827441215515137,1,1,3,-9,-5,-1,-1,0,10,9,22,15,23,11,goodbye
4.827441215515137,19,12,21,4,0,0,-6,7,2,6,31,40,25,16,goodbye
4.842137098312378,19,18,15,17,2,-4,-15,0,-8,4,27,36,15,4,goodbye
4.842137098312378,2,3,-11,6,3,-18,-17,-13,0,1,22,9,0,-13,goodbye
4.857875347137451,4,0,7,-15,0,-10,-18,-2,-2,-10,17,11,-4,-10,goodbye
4.857875347137451,19,16,22,-2,0,6,-7,0,-14,-10,20,23,4,-1,goodbye
4.8727874755859375,12,15,2,13,2,-4,-2,-12,-14,-12,14,3,-1,-11,goodbye
4.8727874755859375,0,6,-2,0,0,-10,-9,0,-7,-23,-9,-9,-19,-20,goodbye
4.888882875442505,-3,7,3,0,5,7,0,9,-3,-11,-15,-9,-13,-12,goodbye
4.904097318649292,-2,3,6,12,11,10,12,4,-4,6,-2,-12,0,0,goodbye
4.904097318649292,-2,1,8,9,3,0,7,3,1,5,0,-8,0,4,goodbye
4.920126914978027,0,15,8,5,0,6,2,0,9,0,-8,0,-7,5,goodbye
4.920126914978027,0,14,3,13,5,10,8,-6,7,0,-12,0,-7,5,goodbye
4.93515682220459,0,0,2,14,3,3,5,-2,3,-2,-15,-1,-5,5,goodbye
4.93515682220459,-1,-1,-4,4,3,5,0,2,2,1,-13,-5,-6,6,goodbye
4.95081090927124,-3,0,-8,-3,8,12,7,6,0,13,0,-8,0,6,goodbye
4.95081090927124,-3,-1,3,0,9,9,8,8,3,19,12,-2,17,11,goodbye
4.965907335281372,0,1,-1,8,7,9,7,1,5,18,15,0,26,20,goodbye
4.965907335281372,1,1,-11,5,6,17,13,-2,0,10,11,1,12,13,goodbye
4.982054233551025,0,-3,0,3,0,13,14,-2,-6,0,3,6,-7,-6,goodbye
4.982054233551025,0,0,0,14,-5,-2,8,-1,-5,-4,-10,-5,-17,-10,goodbye
4.997535705566406,0,-3,-2,9,-5,-3,3,2,-6,-5,-20,-14,-19,-8,goodbye
4.997535705566406,-9,-17,-4,-7,-2,2,0,1,-8,-11,-11,-6,-18,-13,goodbye
5.0133140087127686,-16,-17,-6,-10,-2,-6,-7,-7,-8,-14,-7,-4,-11,-15,sil
5.0133140087127686,-12,-4,-2,0,-3,-12,-5,-1,-2,-6,-20,-9,-7,-9,sil
5.02894401550293,-3,-4,-4,-2,-8,-1,4,13,12,9,-11,-1,-1,2,sil
5.02894401550293,-4,-13,-1,-19,-20,0,0,9,18,16,9,10,5,12,sil
5.0443115234375,-9,-14,-6,-23,-20,-11,-11,-4,6,4,6,2,7,9,sil
5.0443115234375,-1,-8,-12,-9,-6,-13,-12,-6,0,-6,-7,-4,3,0,sil
5.060042858123779,4,-9,-4,-10,-3,-7,-14,0,5,0,-7,0,5,-3,sil
5.060042858123779,-2,-12,-6,-24,-9,-7,-15,-1,3,5,-1,-4,8,-5,sil
5.075981140136719,-4,-3,-5,-16,0,-10,-5,-6,-9,-5,-2,-9,1,-3,sil
5.075981140136719,0,9,0,0,6,-6,6,-4,-16,-15,0,0,-1,0,sil
5.091208219528198,-1,4,-2,-2,3,-5,5,0,-10,-8,6,1,7,-1,sil
5.091208219528198,2,5,4,0,9,0,4,2,5,6,16,3,16,-3,sil
5.10674524307251,20,19,16,20,13,13,15,5,25,21,31,17,19,1,sil
5.10674524307251,26,22,20,24,8,17,19,6,26,21,31,21,18,9,sil
5.1222662925720215,22,20,15,13,12,4,9,2,16,11,14,11,14,14,sil
5.1222662925720215,14,15,8,10,14,-2,-1,0,5,3,3,4,3,10,sil
5.137970447540283,0,2,3,5,1,0,-5,0,-2,-2,4,2,-7,3,sil
5.137970447540283,0,0,-7,4,-3,-1,-7,-5,-3,-8,1,-2,-7,1,sil
5.1531150341033936,1,7,3,2,0,-12,-15,-4,-5,-13,-1,1,-4,-1,sil
5.1531150341033936,0,1,13,-2,0,-11,-14,-1,-7,-9,7,11,-3,-10,sil
5.169080495834351,1,-7,-3,-7,-1,-4,-11,-6,-9,-9,6,14,-7,-10,sil
5.169080495834351,3,-1,-2,-8,-4,0,-20,-6,-22,-24,-17,6,-23,-4,sil
5.183761119842529,-8,-2,0,-9,-5,2,-17,-5,-30,-25,-27,-8,-28,-9,sil
5.183761119842529,-18,-5,-4,-1,-2,9,-6,-5,-22,-7,-18,-13,-16,-11,sil
5.199780464172363,-13,5,4,13,0,16,1,2,-12,0,-4,-3,-6,-1,sil
5.199780464172363,-8,7,0,19,0,15,13,3,-7,-3,-1,-5,-1,0,sil
5.215892553329468,-12,-6,-4,5,0,11,17,0,-6,-5,-17,-15,-3,-8,sil
5.215892553329468,-13,-9,-5,-4,0,13,13,7,1,1,-21,-14,-2,-7,sil
5.231282949447632,-1,-3,-11,1,0,6,16,6,12,19,0,-8,5,7,sil
5.231282949447632,5,-6,-6,5,-4,-1,16,3,14,25,7,-4,5,13,sil
5.246954441070557,-1,-16,-6,-2,-8,0,14,10,17,15,-3,-7,0,6,sil
5.246954441070557,-4,-11,-5,-11,0,2,15,8,23,10,-3,-10,5,7,sil
5.262047290802002,7,4,2,-1,3,0,15,0,21,21,4,-2,18,16,sil
5.262047290802002,17,7,7,8,0,-2,12,4,19,21,7,12,15,19,sil
5.278056383132935,10,-1,2,1,0,-3,4,5,12,8,2,14,3,13,sil
5.278056383132935,1,-4,-4,-6,0,-9,-9,-8,-3,-3,-1,1,1,3,sil
5.294133186340332,2,-3,0,0,-3,-20,-22,-13,-9,-16,-2,1,1,-3,sil
5.294133186340332,-1,-8,-2,-4,0,-20,-21,-7,1,-9,1,4,0,-7,sil
5.310202360153198,-11,-16,-15,-23,2,-13,-18,-3,0,3,6,-1,1,-14,sil
5.310753583908081,-10,-9,-10,-26,-5,-10,-20,-4,-14,-10,3,-4,-1,-24,sil
5.325794219970703,-3,5,-9,-8,-6,-7,-20,-10,-19,-31,0,-2,-5,-24,sil
5.325794219970703,-2,14,-2,0,2,-6,-15,-7,-15,-22,7,0,-7,-19,sil
5.340829372406006,-6,16,6,1,1,-5,-7,0,-17,-9,14,-1,-8,-18,sil
5.340829372406006,-10,17,9,13,2,5,0,3,-15,-1,12,-5,-1,-8,sil
5.356933832168579,-5,18,14,25,17,23,17,3,1,10,9,-1,4,9,sil
5.356933832168579,10,15,15,31,23,30,36,6,16,20,5,6,4,25,sil
5.3721654415130615,18,4,19,29,14,27,36,10,23,28,1,9,5,29,sil
5.3721654415130615,10,-6,9,6,2,15,21,10,29,35,2,9,16,26,sil
5.388179540634155,7,-16,-2,-20,-12,-6,1,4,23,22,-2,6,21,18,sil
5.388179540634155,17,-14,2,-25,-26,-19,-11,0,9,-2,-3,16,16,12,sil
5.404200792312622,22,-4,1,-17,-20,-14,-10,0,6,-13,7,27,10,8,sil
5.404200792312622,15,1,0,-16,-4,-11,-14,0,-6,-20,6,20,-2,0,sil
5.42034649848938,4,5,2,-6,-1,-6,-23,-6,-28,-28,-4,1,-17,-11,sil
5.42034649848938,-9,6,-7,7,0,7,-4,-8,-22,-19,-6,-13,-19,-20,sil
5.436043977737427,-23,3,-12,7,10,18,16,0,-7,-6,-10,-20,-17,-21,sil
5.436043977737427,-22,-4,-6,7,10,14,10,0,-11,-2,-22,-23,-24,-16,sil
5.451067686080933,-15,-14,-8,4,0,4,0,-7,-13,-3,-27,-23,-24,-9,sil
5.451067686080933,-9,-13,-10,-11,-3,-6,0,-4,0,-2,-20,-20,-7,0,sil
5.466333627700806,-1,-2,-6,-18,-6,-19,-14,-3,-3,-5,-8,-5,1,0,sil
5.466333627700806,1,5,5,-7,-8,-24,-33,-8,-24,-18,0,10,-3,-9,sil
5.481735706329346,0,11,3,7,-2,-13,-27,-3,-23,-22,7,2,-7,-13,sil
5.481735706329346,0,16,4,22,5,-1,-11,0,-11,-6,8,-5,-8,-9,sil
5.496814727783203,1,11,7,26,11,5,-4,-2,-11,6,7,0,-6,-5,sil
5.496814727783203,0,2,0,24,15,14,3,4,-3,11,3,-1,5,4,sil
5.512944459915161,-6,-3,2,18,5,21,19,9,12,19,-6,-9,8,13,sil
5.512944459915161,-17,-18,-7,-2,-9,15,32,4,25,26,-11,-10,0,9,sil
5.527084112167358,-13,-28,-18,-24,-8,4,36,9,38,27,0,-4,9,11,sil
5.54206395149231,12,-13,0,-11,1,8,36,16,48,31,14,8,33,28,sil
5.54206395149231,29,0,10,3,0,9,26,10,42,28,17,20,36,35,sil
5.557702541351318,18,0,1,-8,-1,-6,6,3,32,18,20,28,25,25,sil
5.557702541351318,8,0,0,-11,1,-15,-1,0,28,12,25,26,24,13,sil
5.572875738143921,18,11,10,2,2,-13,-7,-1,15,-1,19,23,18,1,sil
5.572875738143921,21,22,17,1,-1,-14,-23,-2,-3,-18,12,21,4,-11,sil
5.588048219680786,2,16,2,-8,-3,-16,-29,-10,-15,-22,6,2,-5,-16,sil
5.588048219680786,-6,8,-1,-5,1,-11,-24,-11,-24,-29,-8,-14,-22,-21,sil
5.603276491165161,0,13,2,6,2,-4,-21,-6,-36,-39,-14,-16,-28,-28,sil
5.603276491165161,-4,5,-4,1,-2,3,-15,-8,-44,-29,-8,-24,-22,-25,sil
5.619857549667358,-19,-7,-8,-8,3,16,-3,-3,-40,-10,-13,-33,-23,-13,sil
5.619857549667358,-22,-5,-13,4,15,20,8,-3,-28,-2,-20,-28,-20,-13,sil
5.63524603843689,-25,-9,-18,5,4,15,13,-6,-22,-3,-24,-24,-14,-20,sil
5.63524603843689,-33,-23,-23,-24,-8,13,12,6,-11,-1,-33,-31,-21,-9,sil
5.650885581970215,-27,-27,-17,-30,-8,5,10,14,4,9,-32,-24,-20,7,sil
5.650885581970215,-7,-14,2,-6,-8,-3,12,5,11,18,-16,1,-1,11,sil
5.665994644165039,11,-7,4,-1,-11,-3,14,3,22,24,5,18,22,14,sil
5.665994644165039,17,-6,7,-13,-10,-7,-1,6,33,26,26,27,35,24,sil
5.68211841583252,12,0,14,-6,-7,-17,-18,-4,21,17,32,38,29,25,sil
5.68211841583252,10,5,5,3,-5,-23,-19,-13,0,-4,17,30,11,6,sil
5.697695255279541,15,8,6,-1,-4,-17,-20,-3,-11,-19,11,20,6,-3,sil
5.697695255279541,18,12,15,4,0,-7,-16,0,-7,-16,24,19,14,7,sil
5.712757349014282,12,16,18,25,11,-6,-4,-4,-2,-19,20,13,4,6,sil
5.712757349014282,7,22,17,36,10,-2,0,-4,-9,-22,1,2,-14,-15,sil
5.728310108184815,10,27,12,39,7,10,4,-1,-11,-6,0,3,-13,-14,sil
5.728310108184815,13,21,16,38,12,14,16,0,0,-1,0,7,-4,0,sil
5.744326829910278,6,7,8,34,11,9,16,3,5,-6,-6,-2,-3,0,sil
5.744326829910278,0,-3,2,26,2,21,14,5,4,7,-5,-10,-7,1,sil
5.760084390640259,0,-1,2,18,0,33,29,10,15,25,3,-4,-4,10,sil
5.760084390640259,0,2,-4,15,4,21,36,12,29,28,9,2,6,17,sil
5.77594256401062,-1,-7,-8,2,10,5,17,8,27,27,2,1,9,16,sil
5.77594256401062,-15,-26,-19,-18,-1,1,-1,0,13,20,-8,-14,-1,4,sil
5.792125940322876,-23,-30,-26,-34,-15,-3,-7,-2,8,14,-15,-25,-4,-8,sil
5.792125940322876,-14,-19,-17,-39,-8,-11,-10,3,11,12,-13,-16,5,-7,sil
5.808156490325928,-7,-6,-20,-37,-1,-20,-20,-1,-1,0,-12,-7,5,-6,sil
5.808156490325928,0,2,-15,-33,-4,-25,-29,-8,-18,-17,-14,-3,-3,-9,sil
5.82373046875,13,6,-5,-34,-2,-15,-26,-7,-14,-20,-8,-2,0,-3,sil
5.82373046875,5,0,-8,-41,0,-10,-21,-8,-15,-16,-2,-11,4,-3,sil
5.839828252792358,-13,-6,-13,-47,-2,-12,-17,-8,-26,-18,-6,-16,-3,-12,sil
5.839828252792358,-17,-2,-15,-41,0,-1,-5,-2,-14,-18,-7,-15,-2,-13,sil
5.855802297592163,-12,10,-3,-17,7,13,4,1,-7,-11,-2,-17,-4,-14,sil
5.855802297592163,-18,5,0,5,1,8,1,0,-22,-3,-5,-26,-21,-28,sil
5.871281623840332,-23,-11,-3,4,-7,0,-3,-2,-25,-14,-11,-19,-26,-31,sil
5.871281623840332,-12,-8,5,6,-2,9,1,1,-9,-21,-4,2,-11,-6,sil
5.886966466903687,3,1,11,31,2,17,16,5,2,0,1,13,0,16,sil
5.886966466903687,6,0,17,43,1,13,22,3,11,23,5,16,4,20,sil
5.902266025543213,4,-2,20,38,1,10,21,0,21,30,21,25,16,18,sil
5.902266025543213,10,-4,15,32,0,0,15,1,24,26,25,25,19,19,sil
5.9178307056427,19,0,21,33,-4,-13,12,8,29,15,16,21,14,15,sil
5.9178307056427,31,13,27,39,0,-8,16,9,33,8,24,31,23,17,sil
5.932960748672485,34,12,30,30,0,-15,4,4,10,0,26,42,24,23,sil
5.932960748672485,22,8,18,11,-9,-26,-17,-3,-20,-22,7,34,7,16,sil
5.948745727539063,10,17,3,4,-8,-16,-24,-9,-25,-32,0,21,-1,1,sil
5.948745727539063,12,23,7,1,0,-2,-21,-5,-17,-19,9,14,0,-4,sil
5.9639647006988525,12,16,5,-1,5,-1,-16,-5,-11,-5,11,3,-4,-7,sil
5.9639647006988525,-1,9,-7,0,13,7,-5,-8,-9,-3,-3,-11,-15,-13,sil
5.979917526245117,-14,2,-16,3,12,29,6,-5,-10,0,-14,-21,-17,-11,sil
5.979917526245117,-14,-3,-16,3,2,31,13,1,-3,14,-5,-24,-8,0,sil
5.995726823806763,-17,-12,-14,-4,1,21,19,7,9,23,-1,-19,-1,7,sil
5.995726823806763,-21,-21,-25,-16,3,15,19,6,14,23,-20,-29,-4,6,sil
6.010887622833252,-19,-18,-25,-19,-1,8,7,5,15,18,-36,-41,-13,0,sil
6.010887622833252,-14,-11,-15,-21,-2,0,0,6,24,16,-29,-35,-15,-9,sil
6.030952453613281,-4,-17,-17,-36,4,0,1,2,27,12,-13,-14,-4,-7,sil
6.030952453613281,4,-22,-13,-47,0,-4,0,0,12,0,-4,3,7,1,sil
6.041323661804199,0,-19,-16,-42,-18,-26,-12,-2,-2,-16,-4,2,11,-3,sil
6.056599378585815,-4,-11,-10,-28,-20,-40,-27,-11,-16,-30,-5,-2,4,-16,sil
6.056599378585815,3,1,10,-6,-3,-26,-30,-11,-26,-28,4,9,6,-9,sil
6.056599378585815,13,16,17,11,9,-12,-21,-1,-19,-7,27,26,23,7,sil
6.072672605514526,13,25,22,15,5,-10,-13,4,-7,2,32,22,20,6,sil
6.072672605514526,8,28,20,19,1,-4,-11,0,-6,-2,15,4,-2,-6,sil
6.088163137435913,3,22,14,25,13,9,-1,0,-5,-7,6,0,-10,-3,sil
6.088163137435913,0,14,13,30,22,20,12,9,0,1,8,8,0,7,sil
6.10429310798645,-7,4,1,26,8,18,19,13,-1,6,2,3,0,0,sil
6.10429310798645,-22,-5,-11,11,-3,9,19,0,-4,-1,-13,-15,-17,-16,sil
6.12000298500061,-29,-15,-20,0,0,11,20,-9,3,-2,-26,-30,-28,-19,sil
6.12000298500061,-25,-23,-20,-8,0,14,19,0,4,1,-30,-28,-26,-14,sil
6.135709762573242,-21,-19,-7,-14,-11,11,18,4,-4,0,-25,-15,-20,-9,sil
6.135709762573242,-19,-15,-7,-8,-16,4,18,-1,0,5,-15,-6,-3,0,sil
6.150782346725464,-6,-11,0,-10,-7,3,11,1,10,18,0,5,15,13,sil
6.150782346725464,19,1,15,-10,-1,6,5,4,11,13,16,15,19,22,sil
6.167057752609253,33,11,16,3,-7,-1,-1,-2,5,1,11,17,7,20,sil
6.167057752609253,28,8,10,6,-8,-14,-10,-3,9,4,7,23,10,16,sil
6.975748300552368,-11,7,-7,0,2,-9,-11,-2,-23,-4,0,-17,-3,-16,sil
6.975748300552368,-8,21,0,22,0,-6,2,0,-35,-2,11,-2,7,-1,sil
6.991090774536133,-1,29,5,31,3,7,4,0,-25,2,21,0,2,2,sil
6.991090774536133,9,23,11,20,5,21,-5,-5,-23,4,20,6,-2,2,sil
7.007081031799316,13,12,9,17,-2,7,-12,-9,-33,-7,10,19,-1,4,sil
7.007081031799316,16,8,14,22,-6,-7,-18,0,-18,-10,-2,19,-1,4,sil
7.022734880447388,19,5,13,14,0,0,-20,6,4,-3,-4,18,1,2,sil
7.022734880447388,8,-6,3,-3,0,9,-11,2,6,-6,-4,10,1,0,sil
7.037743091583252,-3,-18,0,-16,-5,7,1,3,10,-4,-12,-5,0,-2,sil
7.037743091583252,-2,-18,0,-18,0,2,10,5,21,6,-12,-17,2,-1,sil
7.053011417388916,0,-15,3,-19,7,-8,12,0,17,5,-3,-12,5,-1,sil
7.053011417388916,-4,-9,5,-12,3,-19,13,0,8,3,0,-10,13,-1,sil
7.069087743759155,-3,4,6,1,2,-12,13,1,10,15,3,-8,23,7,sil
7.069087743759155,0,14,5,6,11,4,24,2,9,23,13,-2,19,18,sil
7.084842681884766,-3,5,-14,0,7,5,29,0,-6,21,11,-9,1,11,sil
7.084842681884766,-14,0,-17,4,-2,0,6,-1,-29,7,0,-15,-16,0,sil
7.09988260269165,-5,12,0,19,0,11,0,0,-26,1,3,-2,-21,0,sil
7.09988260269165,10,11,3,9,4,32,21,1,-1,15,17,14,-19,13,sil
7.115841388702393,9,0,-1,-1,-1,33,23,4,1,18,12,19,-26,19,sil
7.115841388702393,3,-5,-7,13,0,22,4,3,1,3,1,14,-37,13,sil
7.131062984466553,7,-6,-1,16,4,14,0,0,16,-2,-7,14,-54,2,sil
7.131062984466553,5,-10,4,0,0,6,-2,0,25,1,-16,8,-50,-9,sil
7.147076845169067,-7,-15,1,-1,-3,-7,-13,0,24,0,-18,-9,-1,-15,sil
7.147076845169067,-14,-11,-1,-7,-2,-16,-16,0,27,-6,-19,-13,44,-12,sil
7.162863492965698,-17,-8,-7,-21,-9,-20,-9,0,25,-4,-22,-12,42,-12,sil
7.162863492965698,-20,-17,-12,-25,-11,-30,-6,-2,9,-5,-16,-16,29,-14,sil
7.178930997848511,-9,-14,-5,-18,-2,-32,-4,-5,0,-16,0,-9,40,-2,sil
7.178930997848511,14,8,5,-2,3,-18,0,1,-1,-10,19,12,49,14,sil
7.194976329803467,22,20,14,10,1,-4,-5,8,-8,4,25,24,30,13,sil
7.194976329803467,12,8,0,11,0,-9,-17,-3,-19,0,15,12,6,-1,sil
7.211117029190063,6,6,-3,2,-4,-16,-27,-10,-29,-19,13,13,0,-5,sil
7.211117029190063,7,22,1,3,-6,-4,-26,-4,-39,-18,29,27,2,-1,sil
7.22704553604126,10,27,-3,11,-4,9,-17,-4,-34,-11,26,19,-4,-6,sil
7.22704553604126,11,22,6,15,0,10,-13,-6,-22,-23,0,1,-18,-10,sil
7.242344617843628,0,10,9,8,5,13,-10,-4,-18,-23,-15,-8,-21,-12,sil
7.242344617843628,-7,-4,0,0,5,18,5,0,-8,0,-12,-13,-12,-13,sil
7.25788426399231,-6,-3,6,-3,5,17,21,9,16,8,-17,-16,-8,0,sil
7.25788426399231,-15,-10,2,-12,5,8,21,11,25,0,-27,-25,-12,10,sil
7.273136615753174,-27,-33,-9,-25,0,4,20,7,17,11,-27,-35,-12,0,sil
7.273136615753174,-15,-25,-6,-12,0,11,37,7,19,22,-10,-35,-6,-1,sil
7.289121627807617,0,3,4,4,3,12,37,3,15,16,-11,-23,-16,10,sil
7.289121627807617,5,3,4,0,0,3,8,0,7,21,-20,-7,-21,15,sil
7.305263757705688,12,-11,-4,-1,-1,-2,0,0,14,30,0,3,8,16,sil
7.305263757705688,15,-15,-2,0,0,-9,13,0,17,17,19,16,28,23,sil
7.3207316398620605,3,-11,-5,-18,-9,-17,1,-6,5,1,8,13,12,17,sil
7.3207316398620605,1,-1,-11,-19,-8,-15,-15,-7,-3,-8,9,5,4,0,sil
7.336766481399536,14,13,-1,9,10,-5,-3,-1,-8,-5,31,16,16,-5,sil
7.336766481399536,5,18,3,14,13,0,0,0,-15,4,29,18,3,-7,sil
7.352742910385132,-16,19,8,7,2,2,-23,-5,-16,-8,3,0,-23,-17,sil
7.352742910385132,-8,15,10,23,7,4,-22,0,-5,-25,-5,-7,-16,-21,sil
7.367582082748413,-1,-5,-7,11,6,3,-4,4,-5,-16,-3,-11,-7,-19,sil
7.367582082748413,-18,-18,-17,-19,-13,-1,-13,-2,-19,-11,-15,-9,-26,-21,sil
7.383136987686157,-12,-7,-4,-4,-10,0,-17,-8,0,-10,-23,10,-26,-10,sil
7.383136987686157,1,0,11,16,2,2,3,2,25,10,-12,21,-5,5,sil
7.398825168609619,-8,-5,0,7,-10,-1,3,7,11,25,2,29,9,3,sil
7.398825168609619,-4,-1,-3,17,-18,-2,-4,0,-1,6,9,44,25,5,sil
7.414045095443726,13,10,18,33,3,7,15,7,7,0,8,27,29,18,sil
7.414045095443726,7,11,11,12,14,8,25,6,8,24,9,-1,22,27,sil
7.430081844329834,11,8,0,-20,5,-8,-1,-5,15,28,19,9,27,31,sil
7.430081844329834,32,11,9,-15,1,-19,-22,-4,23,-1,21,15,35,16,sil
7.445142030715942,20,4,5,3,2,-12,-23,0,-5,-23,4,-14,17,-11,sil
7.445142030715942,-3,-8,-9,-12,-1,-8,-19,-3,-34,-37,-6,-24,-13,-22,sil
7.461018085479736,3,-6,-14,-40,-6,-12,0,0,-17,-51,7,-21,-24,-15,sil
7.461018085479736,14,14,5,-22,0,7,24,6,-14,-29,18,-32,-15,-2,sil
7.476518630981445,6,22,20,23,5,35,37,4,-32,17,0,-32,0,7,sil
7.476518630981445,-3,3,13,40,1,8,30,0,-15,34,-20,-3,8,8,sil
7.491652250289917,-23,-9,11,19,9,-18,3,-4,7,8,-10,9,-9,2,sil
7.491652250289917,-38,-16,-3,0,18,12,-17,-12,0,-9,-2,-14,-24,-8,sil
7.507678747177124,-24,-28,-28,-5,1,30,-14,-1,0,0,-11,-19,-18,-26,sil
7.507678747177124,0,-24,-29,-11,-15,17,7,11,14,5,-17,-3,-21,-24,sil
7.523042917251587,10,-3,-14,-17,-12,12,26,6,4,-4,-13,-7,-24,5,sil
7.523042917251587,9,15,3,-18,-14,-4,17,0,-4,5,0,-2,9,26,sil
7.538345813751221,-1,13,7,-12,-18,-29,-13,-1,8,25,4,7,33,20,sil
7.538345813751221,-9,-7,7,-3,-5,-21,-27,-3,7,23,-16,5,12,10,sil
7.553476572036743,-2,-20,1,-9,9,-6,-15,-2,8,15,-27,18,0,1,sil
7.553476572036743,-4,-19,-25,-22,15,-11,-6,-3,33,5,-4,22,6,-18,sil
7.568994760513306,-2,-3,-26,-19,18,0,-4,1,29,-11,15,1,-1,-21,sil
7.568994760513306,12,24,-5,-16,10,14,4,8,3,-15,16,-12,-15,-1,sil
7.585160493850708,3,20,-6,-26,-8,-2,10,2,-9,-12,-15,-34,-24,-2,sil
7.585160493850708,-26,-4,-8,-6,-21,-9,11,-7,-17,-8,-62,-57,-22,-21,sil
7.600252866744995,-28,0,-2,28,-13,5,3,-11,-9,8,-52,-33,-4,-8,sil
7.615782499313354,-6,1,9,23,3,4,-21,-4,16,16,5,20,16,16,sil
7.615782499313354,16,-18,18,16,8,-5,-27,6,20,1,49,47,36,19,sil
7.631655693054199,38,-3,29,41,4,-1,-8,1,-7,-22,65,48,33,3,sil
7.631655693054199,41,33,29,41,6,7,1,-3,-32,-31,59,36,2,-11,sil
7.647700548171997,27,37,11,16,8,9,17,2,-36,-17,31,23,-12,-2,sil
7.647700548171997,7,18,22,15,3,-4,25,0,-36,-14,9,22,-10,20,sil
7.662954807281494,-14,1,34,31,0,-12,0,-8,-29,-11,4,3,0,18,sil
7.662954807281494,-21,-7,10,31,1,-2,-8,-1,-1,26,-3,-15,18,-2,sil
7.678088665008545,-19,-17,-19,11,2,5,4,9,29,46,-13,0,9,-9,sil
7.678088665008545,-16,-32,-37,-23,5,5,5,8,37,13,-5,4,-17,-2,sil
7.693408489227295,2,-21,-25,-46,1,8,8,8,35,-8,0,-12,-9,6,sil
7.693408489227295,22,10,-7,-28,-8,8,16,6,31,6,-3,-6,14,13,sil
7.708547592163086,12,6,-5,-23,-12,0,1,0,11,14,-3,15,10,14,sil
7.708547592163086,5,-14,0,-49,-6,-6,-10,2,-4,2,2,19,3,11,sil
7.724570274353027,16,2,5,-29,0,-8,-2,1,0,5,11,4,15,5,sil
7.724570274353027,12,27,7,9,0,-9,-10,-7,0,7,9,-7,8,-6,sil
7.740063190460205,-4,13,3,-2,-8,-10,-26,-10,-15,-25,0,-4,-12,-18,sil
7.740063190460205,-9,0,-3,-8,-9,-4,-26,-7,-39,-45,-4,-9,-18,-21,sil
7.756170034408569,-14,3,3,22,1,9,-16,-6,-47,-17,-15,-21,-16,-12,sil
7.756170034408569,-20,-3,3,31,15,10,3,-8,-17,1,-23,-25,-18,-5,sil
7.772260665893555,-15,-16,0,14,14,1,15,-5,6,-6,-9,-20,-10,-4,sil
7.772260665893555,-12,-1,-4,16,0,12,10,6,-1,3,-4,-23,-2,-4,sil
7.7882399559021,-15,8,-11,21,-4,20,18,8,3,22,-22,-27,-3,-2,sil
7.7882399559021,-14,-6,-11,4,-1,7,25,0,15,14,-27,-20,-6,-1,sil
7.803658723831177,-15,-21,-19,-17,-7,-7,-1,-1,-5,3,-26,-17,-12,-2,sil
7.803658723831177,-12,-19,-15,-22,-9,-9,-16,0,-3,7,-29,-9,-11,-3,sil
7.819213628768921,1,-7,4,-6,0,0,11,2,30,13,0,10,10,4,sil
7.819213628768921,14,1,6,0,11,3,23,6,35,15,34,29,31,19,sil
7.83477783203125,19,10,9,-5,10,-2,8,10,24,11,28,29,26,20,sil
7.83477783203125,12,11,5,-5,-2,-3,2,6,24,5,8,16,18,1,sil
7.84991979598999,1,-2,-4,-9,-10,-6,-5,0,0,-11,-1,12,4,-13,sil
7.84991979598999,10,-1,2,-9,1,-9,-9,0,-17,-28,-3,17,-13,-7,sil
7.865061283111572,27,20,17,4,10,0,-4,0,-9,-24,4,11,-14,3,sil
7.865061283111572,18,20,14,2,-2,-5,-13,-4,-16,-18,1,0,-9,0,sil
7.880802631378174,0,-6,-6,-12,-13,-24,-15,-9,-19,-21,-9,-12,-14,-13,sil
7.880802631378174,-6,-12,-10,-8,-10,-14,-4,-7,-7,-14,-3,-15,-13,-12,sil
7.895737409591675,0,9,10,17,1,15,-7,-3,-7,-3,12,3,-3,3,sil
7.895737409591675,4,17,9,32,11,21,-8,0,-3,6,23,15,7,14,sil
7.911822080612183,-4,2,-3,7,6,4,1,5,8,23,18,9,12,9,sil
7.911822080612183,-7,-11,-4,-17,-1,-3,2,0,0,22,0,1,8,3,sil
7.9279210567474365,2,-12,6,-5,-3,-2,0,-5,-5,1,-2,2,6,6,sil
7.9279210567474365,1,-8,6,-11,-5,6,14,6,15,16,16,11,19,15,sil
7.943063497543335,-1,-9,-12,-36,-1,10,27,13,36,45,29,13,34,21,sil
7.943063497543335,1,1,-6,-7,7,9,10,2,28,29,22,8,28,15,sil
7.959165334701538,1,16,5,34,10,6,-8,-3,0,5,7,0,6,0,sil
7.959165334701538,-9,5,-3,16,0,0,-12,-5,-33,-2,-2,-6,-17,-17,sil
7.974739074707031,-20,-9,-5,2,-10,-7,-14,-5,-43,-23,-22,-7,-34,-22,sil
7.974739074707031,-15,-13,0,18,-7,-14,-15,-3,-19,-38,-41,-16,-37,-18,sil
7.99027156829834,-5,-4,1,16,4,-14,-10,0,-11,-33,-35,-35,-27,-20,sil
7.99027156829834,-5,3,-2,11,9,3,-2,0,-18,-20,-11,-28,-6,-19,sil
8.006212711334229,-3,-4,2,9,4,6,2,-4,0,-10,0,1,4,-4,sil
8.006212711334229,9,0,14,-11,0,-11,5,0,18,-6,3,9,1,4,sil
8.021838188171387,15,28,3,-1,0,-6,7,5,5,0,8,1,7,8,sil
8.021838188171387,11,29,-1,27,0,13,4,3,-4,6,0,12,6,15,sil
8.042788743972778,8,7,8,14,8,15,6,0,5,11,-4,22,-3,16,sil
8.042788743972778,8,0,8,-7,16,7,16,1,17,21,7,13,8,9,sil
8.042788743972778,7,0,7,-6,2,5,14,7,15,26,15,8,27,6,sil
8.052942514419556,0,-5,-1,-10,-15,5,4,5,16,19,15,3,18,3,sil
8.068090200424194,-9,-11,-7,-26,-10,0,1,0,17,1,13,-7,0,-4,sil
8.068090200424194,-5,-2,-8,-22,0,-7,-1,-3,0,-6,4,-18,-2,-11,sil
8.08388066291809,-8,-6,-18,-10,-7,-15,-15,-10,-24,-8,-11,-15,-9,-14,sil
8.08388066291809,-22,-34,-16,-22,-19,-10,-19,-9,-20,-15,-21,-7,-22,-14,sil
8.846691608428955,-2,9,1,-8,9,-11,-17,-6,-6,1,-4,16,-14,-1,sil
8.846691608428955,-7,-7,-3,-7,18,0,-15,-3,-12,0,0,4,-14,-17,sil
8.862002611160278,-12,-11,2,0,-3,3,1,2,-9,1,15,-2,1,-4,sil
8.862002611160278,-2,14,15,7,-3,1,14,0,-8,4,20,-1,4,5,sil
8.878040552139282,9,21,15,22,15,7,13,-1,-6,5,12,3,3,4,sil
8.878040552139282,-2,0,4,17,3,13,6,5,-4,-2,3,-4,3,0,sil
8.893452644348145,-21,-2,-12,-1,-10,14,4,4,-11,-15,-11,-24,-1,-13,sil
8.893452644348145,-12,9,-7,-1,0,13,1,0,-13,-14,-14,-24,-6,-20,sil
8.908991813659668,1,11,17,20,7,10,-1,0,3,-2,9,1,2,0,sil
8.908991813659668,5,6,5,39,6,2,3,-4,14,9,20,10,15,12,sil
8.924165487289429,4,4,-1,24,6,-2,3,-1,-4,1,-1,3,5,3,sil
8.94019889831543,1,1,6,-5,0,1,0,3,-18,-16,-8,-2,-7,-6,sil
8.94072699546814,0,-9,-14,-2,-1,0,10,-5,-3,-14,0,-8,-5,-5,sil
8.94072699546814,10,-10,-7,14,3,0,19,0,9,0,1,0,-2,6,sil
8.955414772033691,17,1,15,7,3,7,15,17,21,4,6,13,4,17,sil
8.972208023071289,10,1,2,-10,0,2,10,10,22,5,5,5,16,8,sil
8.972208023071289,1,-10,-11,-27,-4,-7,6,4,5,3,-3,-3,5,0,sil
8.972208023071289,-1,-6,-4,-27,-4,-4,-3,3,1,11,0,0,-1,3,sil
8.986725568771362,-3,4,-2,-4,0,-3,-13,-3,13,22,6,6,11,0,sil
9.003264904022217,0,4,-3,1,2,-2,-11,-1,12,18,5,9,13,-3,sil
9.003264904022217,6,4,9,2,3,9,-8,0,1,6,4,9,-2,5,sil
9.018910884857178,15,9,25,32,4,5,-11,-5,-2,3,6,12,-6,15,sil
9.018910884857178,17,3,16,44,4,-8,-7,-7,2,8,20,13,8,11,sil
9.018910884857178,2,0,5,10,0,-7,0,-1,8,6,19,6,14,6,sil
9.034799337387083,-9,6,-5,-6,-3,-4,1,-3,-1,-3,-12,-8,0,0,sil
9.034799337387083,-4,3,-10,-4,-3,-4,-7,-3,-14,-11,-30,-12,-14,-9,sil
9.048899412155151,0,0,0,-8,0,7,-6,2,0,1,-15,0,-8,-9,sil
9.06501007080078,-8,-3,-5,-10,-2,18,7,0,12,15,-12,0,-7,1,sil
9.06501007080078,-22,-21,-20,-18,-11,11,14,0,0,1,-24,-11,-28,0,sil
9.080175876617432,-31,-37,-26,-28,-12,-5,10,4,-7,-17,-24,-20,-34,-14,sil
9.080175876617432,-25,-33,-19,-23,-10,-22,-6,-3,0,-18,-18,-27,-16,-17,sil
9.09587025642395,-13,-16,-13,-23,-13,-21,-28,-10,-20,-23,-18,-22,-7,-16,sil
9.09587025642395,-3,6,-9,-27,-8,-6,-20,-1,-42,-28,-14,-3,-11,-17,sil
9.111140489578249,4,16,4,-14,4,0,2,5,-19,-15,0,2,-6,-9,sil
9.111140489578249,7,0,7,-3,1,1,9,5,14,0,14,-9,7,1,sil
9.12713360786438,6,-8,-1,-3,-4,1,11,4,20,6,24,-1,25,9,sil
9.12713360786438,18,13,11,4,9,0,15,4,20,14,34,29,42,18,sil
9.142735958099363,33,38,22,26,24,3,2,1,16,17,40,42,43,19,sil
9.142735958099363,35,42,26,40,24,0,-11,-5,-3,5,37,28,19,7,sil
9.15868639945984,25,24,35,38,18,-7,-5,-6,-9,1,27,14,0,2,sil
9.15868639945984,11,7,27,30,4,-6,2,0,1,0,17,10,8,6,sil
9.17435359954834,-1,9,2,21,-1,0,0,1,0,-14,7,7,17,3,sil
9.17435359954834,-10,13,-4,4,5,8,3,0,-12,-14,-9,-2,-1,-8,sil
9.190119743347168,-22,-3,-1,-1,3,29,17,0,-15,5,-27,-22,-26,-18,sil
9.190119743347168,-28,-24,-19,11,-5,31,25,-6,-3,15,-26,-38,-20,-5,sil
9.205772638320925,-13,-16,-14,11,-1,4,18,0,9,15,-17,-28,3,22,sil
9.205772638320925,0,1,3,-3,-1,4,6,8,13,25,-22,-1,12,21,sil
9.221110343933104,-7,-16,-19,-16,-14,15,2,0,14,24,-23,-3,-3,0,sil
9.221110343933104,-16,-44,-16,-28,-17,-6,-1,0,11,4,-12,-6,-19,2,sil
9.23633861541748,-5,-34,-3,-23,-16,-23,-10,1,15,3,-3,6,-6,11,sil
9.23633861541748,8,-6,-23,-17,-14,-19,-24,-6,14,7,0,3,-1,-6,sil
9.252352237701416,5,0,-18,-30,-2,-21,-39,-8,-10,-14,5,0,-18,-21,sil
9.252352237701416,0,-9,-4,-29,-3,-24,-36,-7,-29,-30,9,6,-16,-11,sil
9.268269062042236,2,-8,2,-15,-11,-15,-25,0,-14,-27,3,13,-3,-5,sil
9.268269062042236,11,18,20,-3,5,0,-7,12,1,-12,8,23,-3,-8,sil
9.28356409072876,12,31,17,15,14,11,11,7,0,0,19,28,0,-3,sil
9.28356409072876,6,18,12,17,0,1,12,0,-3,-10,8,5,0,1,sil
9.299755573272703,2,11,6,3,8,-7,10,0,-3,-22,-9,-21,-12,-9,sil
9.299755573272703,0,14,-1,9,19,7,17,-1,-5,-5,-13,-20,-20,-17,sil
9.31466555595398,-1,14,6,23,7,25,22,4,0,9,-4,-6,-9,-2,sil
9.31466555595398,-4,8,1,20,9,23,30,8,15,17,1,-7,7,11,sil
9.330196380615234,-12,0,-4,15,16,18,18,2,12,18,-11,-14,3,8,sil
9.330196380615234,-9,0,1,17,0,15,0,0,-5,8,-13,-12,1,6,sil
9.346285581588743,13,8,3,19,-3,2,2,-2,0,7,15,0,20,16,sil
9.346285581588743,29,7,12,14,7,-9,5,-7,11,16,28,10,25,22,sil
9.362138986587524,15,0,14,5,1,-12,-10,-1,6,16,9,13,16,13,sil
9.362138986587524,-6,-10,0,-3,-10,0,-9,0,9,9,2,8,17,0,sil
9.377155303955078,-10,-24,-14,-13,-9,6,9,-3,15,1,5,-2,18,-3,sil
9.377155303955078,-8,-29,-10,-28,-4,-11,5,-5,-3,-12,-7,-10,7,-2,sil
9.392730951309204,-14,-27,-12,-41,-14,-33,-11,-4,-26,-26,-17,-1,0,-9,sil
9.392730951309204,-14,-18,-18,-35,-27,-25,-17,0,-21,-19,-8,8,5,-7,sil
9.407851457595823,-7,-1,-8,-20,-20,-6,-22,2,0,-2,4,9,15,-2,sil
9.407851457595823,-7,0,-10,-8,-3,-1,-27,-1,10,0,7,12,17,-7,sil
9.42382311820984,-6,-7,-15,-4,-1,-9,-31,-9,-5,-22,5,15,6,-13,sil
9.42382311820984,4,10,11,0,-2,-7,-24,-3,-30,-34,3,15,-5,-10,sil
9.439225673675535,14,32,28,26,7,13,0,8,-25,-2,5,7,-8,0,sil
9.439225673675535,7,25,18,51,15,28,15,8,-5,22,7,-10,-6,2,sil
9.455886363983154,1,12,6,33,15,22,16,1,4,12,-2,-27,-10,-6,sil
9.455886363983154,7,10,4,8,18,15,21,4,18,14,-7,-13,-13,1,sil
9.471046686172484,13,12,11,21,25,17,23,8,33,41,7,15,-9,26,sil
9.471046686172484,6,6,12,28,16,17,25,2,25,46,9,8,-8,28,sil
9.487006902694702,-4,-5,1,-3,-2,7,19,-3,8,17,-12,-23,-30,5,sil
9.487006902694702,-2,-13,-10,-26,-6,-2,7,-1,7,0,-19,-25,-47,-4,sil
9.503132104873655,0,-13,-12,-28,-4,-11,8,2,8,0,-17,-9,-29,-3,sil
9.503132104873655,-16,-19,-14,-34,-9,-14,8,0,-1,-8,-29,-15,-6,-7,sil
9.518721342086792,-21,-27,-28,-29,-12,-10,-1,-1,-4,-24,-27,-24,-24,-11,sil
9.518721342086792,-7,-20,-16,-15,-8,-7,0,2,3,-29,-2,-6,-46,-8,sil
9.533921480178831,2,-7,-2,-11,-4,-11,10,-3,5,-22,12,9,-14,-2,sil
9.533921480178831,2,0,2,-12,0,-16,-5,-6,-15,-26,0,7,15,-3,sil
9.549909591674805,0,5,1,-7,-7,-12,-29,-5,-37,-37,-14,8,1,-19,sil
9.549909591674805,0,10,-10,-1,-12,-7,-24,-11,-27,-28,-1,7,8,-22,sil
9.565145492553713,18,19,11,9,5,-2,-17,0,-2,-7,23,24,45,7,sil
9.565145492553713,37,32,40,28,24,5,-16,16,13,16,36,47,62,32,sil
9.580758571624756,31,27,22,31,20,5,-13,3,18,33,42,40,71,29,sil
9.580758571624756,23,20,19,24,20,0,-7,-2,13,26,47,30,80,26,sil
9.59671926498413,21,23,16,29,20,0,-2,-1,4,13,38,31,60,27,sil
9.59671926498413,7,9,6,17,0,-4,-14,-6,-14,3,7,12,11,8,sil
9.611868619918823,-14,-8,2,1,-14,-6,-14,-1,-26,-2,-13,-22,-22,-22,sil
9.611868619918823,-30,-16,-28,12,-8,5,15,0,-4,2,-12,-44,-22,-33,sil
9.62754487991333,-37,-13,-26,7,-8,25,29,1,10,11,-19,-36,-23,-20,sil
9.62754487991333,-34,-6,0,-14,-17,35,24,8,-3,10,-31,-30,-38,-17,sil
9.643162965774536,-22,-11,-15,-6,-16,24,31,0,-10,5,-30,-45,-43,-24,sil
9.643162965774536,-11,-21,-9,4,-9,8,23,-1,5,2,-28,-33,-35,-11,sil
9.658950567245483,-15,-21,3,-7,-14,4,2,10,23,9,-28,-8,-22,1,sil
9.658950567245483,-23,-23,-23,-29,-24,0,-1,4,18,9,-25,-10,-16,-3,sil
9.67446494102478,-14,-20,-30,-36,-21,-10,0,0,3,0,-17,-10,-12,1,sil
9.67446494102478,0,-4,-3,-22,-12,-18,-5,1,0,0,2,10,1,18,sil
9.690064668655396,8,2,4,-9,-11,-15,-8,-3,0,0,19,22,14,20,sil
9.690064668655396,24,2,6,-7,-8,-4,-4,-1,8,-4,28,26,17,20,sil
9.706138849258425,30,7,16,-8,0,-1,-8,5,21,-5,32,34,17,21,sil
9.706138849258425,23,1,12,-11,0,-12,-13,-4,5,2,20,23,10,11,sil
9.722091674804688,19,-6,4,-17,0,-24,-14,-10,-25,0,4,6,-5,0,sil
9.722091674804688,15,6,6,-3,11,-24,-14,-1,-20,-18,15,12,-7,-8,sil
9.737102270126345,13,24,12,23,24,-11,-3,0,6,-25,23,18,4,-6,sil
9.737102270126345,12,25,18,32,34,4,6,-5,2,-15,6,5,7,0,sil
9.752497434616089,5,23,14,24,43,10,10,-3,-15,-2,-6,-8,0,-3,sil
9.752497434616089,-5,16,1,13,47,7,8,0,-23,-6,-16,-18,-15,-20,sil
9.768032789230348,-13,-3,-15,7,29,5,-3,-8,-31,-35,-45,-31,-37,-32,sil
9.783012866973875,-10,-16,-18,19,15,2,-5,-6,-22,-37,-56,-30,-34,-18,sil
9.783012866973875,-2,-9,7,27,35,7,14,16,6,5,-20,-7,-4,7,sil
9.783012866973875,-1,-6,7,15,47,20,23,17,29,35,6,1,11,17,sil
9.799052715301514,-6,-10,-13,-1,23,20,0,0,31,25,5,0,9,16,sil
9.799052715301514,-5,-3,-8,-13,5,9,-13,4,24,19,17,13,19,22,sil
9.815110683441162,-1,12,-6,-4,7,4,3,11,11,29,34,21,38,21,sil
9.815110683441162,0,21,4,7,-8,0,21,0,-1,26,17,11,33,9,sil
9.830968856811523,-6,0,6,-17,-42,-4,9,-11,-4,10,-13,-3,2,0,sil
9.830968856811523,-2,-14,-2,-34,-44,1,-2,-2,13,3,-3,1,-2,4,sil
9.84711456298828,8,10,9,2,-16,7,-1,9,40,17,31,26,18,12,sil
9.84711456298828,-6,0,-10,-3,-48,-17,-34,-4,17,8,19,7,3,-16,sil
9.862025499343872,-17,-36,-31,-54,-117,-42,-69,-18,-50,-37,-1,-20,-21,-46,sil
9.877054929733276,19,0,13,-12,-101,-20,-22,0,-49,-33,23,13,5,-4,sil
9.877054929733276,32,40,35,42,-48,0,19,5,-2,0,29,32,19,20,sil
9.892661571502686,-5,11,6,1,-65,-11,-7,-15,-19,-21,-8,-12,-19,-24,sil
9.892661571502686,-19,-7,-2,-25,-67,-10,-11,-13,-42,-34,-21,-33,-35,-37,sil
9.908343076705933,-18,-6,-2,4,-3,12,24,4,-7,-3,-15,-18,-21,-3,goodbye
9.908343076705933,-33,-20,-10,16,45,33,35,9,18,9,-16,-21,-12,-3,goodbye
9.92537260055542,-25,-23,-11,6,50,29,26,10,9,5,-22,-26,-11,-14,goodbye
9.92537260055542,0,-16,-10,-6,48,1,13,6,2,0,-36,-20,-17,-6,goodbye
9.92537260055542,13,-13,-10,-3,66,-8,10,0,9,1,-26,-11,-7,8,goodbye
9.939993858337402,17,2,6,18,84,2,11,2,12,17,0,5,14,22,goodbye
9.954779386520386,15,12,12,21,73,5,1,1,12,18,-1,6,12,18,goodbye
9.954779386520386,9,7,0,13,62,0,0,0,16,11,1,-4,13,12,goodbye
9.970126867294312,11,7,7,11,53,2,4,3,13,20,24,13,34,20,goodbye
9.970126867294312,10,4,2,0,20,4,0,4,3,10,7,30,23,21,goodbye
9.985209941864014,8,5,-6,-5,2,-4,-2,4,6,-4,-5,18,0,19,goodbye
9.985209941864014,12,15,8,9,8,-10,-2,4,10,9,19,11,3,17,goodbye
10.000803470611572,8,3,2,13,-7,-9,-8,-5,0,6,19,13,2,0,goodbye
10.000803470611572,0,-8,-4,-12,-18,-3,-16,-6,-6,-16,0,12,-16,-7,goodbye
10.016244411468506,1,8,4,-25,-6,2,-4,0,3,-16,10,6,-8,1,goodbye
10.016244411468506,5,10,1,-7,-7,2,7,-6,2,-18,20,-3,5,-1,goodbye
10.031380653381348,0,-10,-7,0,-19,3,-5,-6,-6,-21,2,-9,-3,-11,goodbye
10.031380653381348,-3,-10,-5,-7,-22,4,-20,5,0,0,-6,1,-3,-7,goodbye
10.052100419998167,-10,0,0,-13,-17,-7,-9,2,2,11,-4,7,6,-9,goodbye
10.052100419998167,-20,-7,-5,-20,-23,-11,3,-5,2,2,3,0,5,-17,goodbye
10.052100419998167,-18,-10,-11,-19,-39,-1,0,0,5,4,14,4,2,-11,goodbye
10.062718152999878,-4,8,3,1,-36,2,-5,0,0,5,3,8,2,0,goodbye
10.07817316055298,0,15,5,15,-15,6,4,-9,-8,-5,-15,-13,-5,-2,goodbye
10.07817316055298,-3,-2,-1,-1,-8,3,0,-8,-18,-14,-24,-27,-22,-11,goodbye
10.093735694885254,0,-1,5,-2,-6,-13,-4,-3,-27,-19,-15,-10,-24,-14,goodbye
10.093735694885254,0,17,12,24,0,-12,2,0,-20,-13,1,-9,-2,-8,goodbye
10.109760284423828,-4,7,7,21,0,3,0,8,-2,0,3,-12,10,-3,goodbye
10.109760284423828,4,-12,7,-5,1,-2,-6,14,2,9,-4,9,0,4,goodbye
10.125730037689207,15,-3,15,-3,4,-13,0,5,-3,0,-4,17,-7,9,goodbye
10.125730037689207,4,2,2,6,1,-5,-5,-10,-12,-13,-11,-11,-3,-3,goodbye
10.141685724258425,-5,-8,-12,0,0,-6,-16,-10,-16,-23,-25,-21,-11,-14,goodbye
10.141685724258425,-2,-6,1,0,6,-2,0,0,-8,-15,-12,-5,-15,-8,goodbye
10.157299518585203,-3,4,0,15,14,15,20,2,-5,7,7,-11,-1,-4,goodbye
10.157299518585203,-9,3,-10,8,3,16,13,0,-14,18,6,-20,0,-3,goodbye
10.172921657562256,-5,-1,-12,0,-10,12,3,5,-7,11,4,-1,-10,5,goodbye
10.172921657562256,1,-3,-13,10,0,19,-1,9,21,10,5,16,1,17,goodbye
10.188687324523926,0,-5,-8,-1,10,19,3,4,38,30,13,9,28,26,goodbye
10.188687324523926,-6,-14,-16,-39,4,18,28,6,38,54,30,-1,31,29,goodbye
10.203819751739502,-8,-19,-17,-42,-2,17,22,7,28,36,15,1,9,19,goodbye
10.203819751739502,-3,-8,0,-4,1,-1,-10,-2,23,-5,-12,16,-1,6,goodbye
10.21899151802063,3,10,4,9,11,-20,-1,-2,16,-12,0,20,9,5,goodbye
10.21899151802063,10,20,15,3,20,-15,21,9,1,3,7,10,15,4,goodbye
10.234766960144045,11,15,7,22,18,-5,15,1,9,14,-1,-2,9,1,goodbye
10.234766960144045,18,10,12,35,12,-3,-2,-1,25,8,7,14,10,11,goodbye
10.249852180480955,31,15,48,24,13,3,-5,11,11,-6,21,49,17,23,goodbye
10.249852180480955,23,2,9,15,12,-2,2,-5,3,-2,19,25,16,8,goodbye
10.265015602111816,3,-11,-30,-6,-2,-21,-4,-20,4,2,7,-12,3,-15,goodbye
10.265015602111816,7,8,10,-25,-8,-11,-14,0,-13,-16,-1,-1,0,-12,goodbye
10.281205654144289,8,15,14,-2,2,5,-11,-7,-30,-26,4,6,-2,-8,goodbye
10.281205654144289,-13,-12,-12,2,-6,-4,-21,-23,-38,-32,-5,-14,-21,-25,goodbye
10.296714067459106,-19,-13,0,-28,-26,-10,-29,-2,-40,-49,-38,-22,-32,-28,goodbye
10.296714067459106,-12,0,-3,-31,-16,-6,-22,3,-27,-45,-40,-23,-23,-23,goodbye
10.312769889831545,-18,-12,-19,-9,-1,-15,-17,-3,-24,-17,-26,-31,-21,-26,goodbye
10.312769889831545,-21,-9,-3,-8,-10,-11,-5,0,-26,0,-15,-30,-21,-17,goodbye
10.32882046699524,-10,3,-7,-7,-6,7,2,0,-5,7,3,-20,-6,-10,goodbye
10.32882046699524,-9,-6,-22,0,8,4,-6,2,4,6,-1,-10,-2,-10,goodbye
10.343946933746338,-10,-6,-1,0,0,-3,-1,14,-3,-5,-14,-2,-12,0,goodbye
10.343946933746338,1,9,11,13,-18,9,12,6,6,-5,10,10,-11,16,goodbye
10.359971761703491,10,6,15,16,-16,12,5,5,14,2,21,23,-2,13,goodbye
10.359971761703491,1,3,17,6,-2,1,0,2,2,8,1,19,0,7,goodbye
10.375279426574709,0,7,-5,13,3,4,9,-7,5,20,7,3,6,12,goodbye
10.391104936599731,1,1,-7,20,6,21,17,0,13,25,17,1,4,11,goodbye
10.391104936599731,0,0,1,16,10,25,25,7,11,28,8,2,9,3,goodbye
10.391104936599731,0,0,-1,10,9,9,17,0,5,35,6,-4,22,9,goodbye
10.406237840652466,2,-8,1,9,11,7,13,0,4,34,2,-9,17,20,goodbye
10.406237840652466,4,-6,-2,8,17,18,38,3,21,34,-3,-3,8,21,goodbye
10.421671152114868,2,0,-8,-2,6,4,27,6,32,23,0,12,17,19,goodbye
10.421671152114868,2,-6,-4,-22,-13,-17,-20,2,15,-14,0,9,16,10,goodbye
10.437019348144531,2,-12,-5,-30,-12,-17,-31,-6,-1,-29,-9,-7,-3,-11,goodbye
10.437019348144531,0,0,-3,-26,-1,-14,-11,-6,0,-7,-1,1,-5,-21,goodbye
10.45255160331726,1,6,-3,-10,-1,-19,-3,0,0,-3,5,8,3,-10,goodbye
10.468185901641846,2,0,5,0,-4,-12,-12,-1,-3,-22,-6,-5,-8,-3,goodbye
10.468185901641846,0,1,12,3,0,-5,-14,-5,-7,-20,-8,-3,-10,-6,goodbye
10.484020471572876,5,11,3,14,5,-7,4,0,-4,-8,2,5,7,0,goodbye
10.484020471572876,11,10,17,10,6,0,17,14,8,-11,0,11,5,7,goodbye
10.484020471572876,6,2,16,-6,0,7,0,7,14,-9,3,17,0,2,goodbye
10.499168872833252,1,3,-7,-5,-7,-3,-18,-11,-10,-4,15,6,6,-2,goodbye
10.514699459075928,2,8,-1,-4,-6,-5,-8,-8,-34,-4,9,-9,0,-4,goodbye
10.514699459075928,-2,6,8,-5,0,5,5,0,-14,5,3,-3,-1,0,goodbye
10.5302472114563,-1,4,4,3,1,11,-3,-3,1,8,8,8,5,5,goodbye
10.5302472114563,1,7,1,6,0,14,-7,0,-11,-2,8,3,0,-1,goodbye
10.546120643615724,-7,4,-12,1,3,7,0,-4,-20,-21,-9,-15,-18,-19,goodbye
10.546120643615724,-21,-12,-22,0,8,-8,-8,-14,-14,-30,-30,-23,-31,-29,goodbye
10.562187671661375,-12,-21,-7,0,2,-13,-21,0,-11,-11,-18,-7,-20,-15,goodbye
10.562187671661375,5,-2,11,7,5,-3,-9,8,-5,10,14,10,12,10,goodbye
10.578908681869509,10,12,7,20,10,0,4,0,0,10,13,6,16,13,goodbye
10.578908681869509,0,0,2,15,0,4,0,0,5,6,-3,-5,-6,0,goodbye
10.578908681869509,0,-13,-1,1,-6,8,0,8,16,14,-3,-6,-3,6,goodbye
10.593040466308594,3,-9,-12,-4,-2,1,13,8,20,22,-7,0,11,13,goodbye
10.608583211898804,-3,-6,-7,-2,0,-1,17,3,11,15,-7,8,3,1,goodbye
10.608583211898804,-6,-17,-3,0,-4,2,17,4,12,1,6,1,-4,1,goodbye
10.623761177062988,0,-17,-8,-4,-6,1,4,7,10,0,0,-1,4,10,goodbye
10.623761177062988,5,4,3,0,-1,-1,-7,3,5,14,0,6,12,5,goodbye
10.639846324920654,4,12,11,8,0,-1,8,-3,25,19,13,1,2,2,goodbye
10.639846324920654,-1,-4,1,-11,-3,1,15,-3,34,5,-3,-15,-10,0,goodbye
10.656110525131226,-7,-4,-16,-29,-6,1,-4,0,7,0,-25,-13,-3,-3,goodbye
10.656110525131226,-1,14,-6,-15,-1,-5,-11,2,-11,-7,-5,1,4,1,goodbye
10.671213865280151,0,18,15,-2,1,0,2,-4,-18,-19,3,0,-10,0,goodbye
10.671740770339966,-11,-1,-14,0,-8,4,2,-21,-28,-13,-12,-19,-21,-14,goodbye
11.867718935012816,21,3,10,0,-12,-14,-10,7,14,-9,-8,20,8,14,goodbye
11.867718935012816,21,14,18,11,-1,-1,-5,3,0,4,16,22,15,26,goodbye
11.882829904556274,8,2,10,3,10,-7,-9,-7,-23,-1,20,8,1,2,goodbye
11.882829904556274,5,-9,5,-14,6,-5,-6,0,-1,4,25,6,7,1,goodbye
11.89887762069702,10,0,3,-7,3,3,6,8,26,24,32,8,21,19,goodbye
11.89887762069702,14,15,15,20,13,4,4,4,20,30,26,16,14,20,goodbye
11.914957046508787,14,18,15,32,14,0,-6,0,10,30,18,18,6,8,goodbye
11.914957046508787,4,9,1,5,2,-9,-7,0,16,22,13,2,2,-1,goodbye
11.931232452392578,-13,0,-7,-21,-1,-12,-4,-4,3,-2,-2,-12,-14,-14,goodbye
11.93155026435852,-34,-6,-16,-16,2,0,0,-14,-23,-24,-22,-26,-31,-27,goodbye
11.946685314178469,-38,-16,-19,-9,2,10,3,-12,-28,-29,-25,-35,-30,-36,goodbye
11.946685314178469,-25,-17,-15,-14,-8,11,5,-2,-15,-23,-23,-29,-22,-31,goodbye
11.962780475616457,-16,-5,-9,-7,-14,9,2,-4,-11,-16,-23,-14,-23,-22,goodbye
11.962780475616457,-11,7,-1,4,-6,4,0,-3,-10,-5,-16,-11,-19,-18,goodbye
11.978859186172484,-2,4,-2,0,2,-3,-1,2,-9,0,-12,-17,-8,-13,goodbye
11.978859186172484,3,0,-1,-2,-1,1,0,0,-1,-5,-12,-2,0,2,goodbye
11.993896961212158,12,8,11,12,-2,21,11,1,1,0,3,31,15,26,goodbye
11.993896961212158,18,5,18,20,6,19,13,4,-5,16,11,35,24,36,goodbye
12.00990915298462,19,-6,5,14,8,3,3,0,2,13,0,9,10,31,goodbye
12.00990915298462,25,0,0,19,1,3,-2,5,21,2,4,11,5,31,goodbye
12.025121927261353,22,13,9,26,0,0,-1,5,18,9,23,18,17,20,goodbye
12.025121927261353,3,6,3,6,0,-9,0,0,17,26,20,-3,18,3,goodbye
12.040645837783812,3,1,3,-2,6,6,11,10,33,25,19,-6,16,10,goodbye
12.040645837783812,9,0,-3,5,14,21,25,8,20,14,23,8,16,11,goodbye
12.062695503234863,-17,-15,-27,-13,0,2,15,-7,-16,-1,-9,-14,-4,-16,goodbye
12.062695503234863,-40,-21,-22,-31,-13,-9,3,0,-17,-17,-49,-35,-23,-33,goodbye
12.062695503234863,-27,-18,-13,-15,-7,-6,6,4,14,-6,-38,-24,-8,-25,goodbye
12.071718454360962,-13,-16,-5,-16,-4,-11,-7,0,16,0,-5,-8,0,-15,goodbye
12.087739706039429,-6,-3,9,-20,-3,-14,-27,-1,-7,-11,9,0,-2,-10,goodbye
12.087739706039429,7,0,-1,-9,-3,-18,-20,-3,-9,-11,10,7,3,-1,goodbye
12.102778911590576,11,-9,0,-22,-15,-25,-14,-6,-2,-9,2,11,0,7,goodbye
12.102778911590576,8,-2,14,-25,-14,-17,-20,-5,-14,-19,1,11,-12,2,goodbye
12.118008852005005,17,22,9,10,5,-3,-20,-2,-34,-22,15,10,-9,-4,goodbye
12.118008852005005,17,30,16,25,13,4,-13,7,-27,-15,19,9,0,3,goodbye
12.133710145950316,2,15,17,31,14,13,-4,6,-5,-1,5,7,-2,13,goodbye
12.133710145950316,0,0,14,35,17,21,4,0,-12,15,-6,8,-5,18,goodbye
12.149134635925291,1,-6,2,11,10,20,18,-2,-11,25,-6,-1,4,14,goodbye
12.149134635925291,-8,-19,-15,-14,-5,4,21,-6,16,18,-11,-15,1,0,goodbye
12.164885759353638,-15,-15,0,-17,-15,0,8,7,25,0,-25,-1,-15,-8,goodbye
12.164885759353638,-15,0,-20,-2,-7,1,11,1,29,0,-14,-1,-5,-14,goodbye
12.180005311965942,-9,-1,-54,5,1,-20,15,-21,28,5,8,-24,10,-23,goodbye
12.180005311965942,6,6,3,-4,-1,-27,-6,-4,0,-17,13,-4,8,-13,goodbye
12.19582223892212,19,26,36,-5,-1,-4,-15,7,-14,-25,20,32,8,3,goodbye
12.19582223892212,16,29,6,7,5,0,-5,-5,-12,-6,29,27,6,5,goodbye
12.210967302322388,8,16,9,2,2,-4,-6,-3,-20,-1,14,3,-3,3,goodbye
12.210967302322388,6,0,11,-5,-4,9,-6,1,-10,2,5,-2,-3,7,goodbye
12.226638555526732,8,-3,-4,6,0,14,0,4,12,22,12,3,10,16,goodbye
12.226638555526732,4,0,3,18,12,15,7,7,16,31,9,3,24,18,goodbye
12.242769956588743,-2,-6,7,10,10,15,1,0,5,16,-1,-7,17,3,goodbye
12.242769956588743,-2,-9,3,0,3,6,-10,-2,-9,0,-11,-6,-3,-4,goodbye
12.2574143409729,-10,0,-13,2,2,4,0,-1,-8,1,-17,-7,-6,-5,goodbye
12.273745775222778,-23,-5,-39,3,1,5,19,-3,12,15,-10,-23,0,-10,goodbye
12.273745775222778,-20,-11,-1,-14,-7,1,12,18,5,5,-7,-16,-16,-3,goodbye
12.273745775222778,-17,-1,31,-12,-5,11,6,22,-9,-13,-27,-3,-27,-1,goodbye
12.288764476776125,-16,-10,-22,5,3,19,22,-4,11,-8,-33,-19,-12,-11,goodbye
12.288764476776125,-3,-25,-26,-2,0,3,24,-4,25,-7,-19,-19,-4,-4,goodbye
12.304832458496094,3,-14,14,-21,-9,-9,4,4,8,-18,-18,0,-6,5,goodbye
12.304832458496094,3,-5,-5,-22,-15,-24,-17,-6,-2,-17,-17,4,-6,6,goodbye
12.32065773010254,6,-8,-10,-13,-17,-38,-26,-7,-10,-11,0,6,-4,2,goodbye
12.32065773010254,14,-3,6,-5,-6,-18,-7,0,-8,0,18,15,6,3,goodbye
12.336700916290283,26,4,13,-7,1,6,7,2,3,7,21,17,15,7,goodbye
12.336700916290283,26,6,18,0,-3,0,-9,1,0,0,18,18,8,4,goodbye
12.351138353347778,10,11,10,20,1,-12,-28,-7,-18,-3,20,17,8,0,goodbye
12.366909742355348,7,18,10,15,12,-14,-32,-8,-16,-1,24,23,11,6,goodbye
12.366909742355348,5,14,7,0,7,-10,-31,-3,0,0,21,19,6,2,goodbye
12.382262706756592,-6,10,2,8,11,4,-16,-1,4,8,13,2,4,-5,goodbye
12.382262706756592,-6,24,10,28,26,22,18,5,7,20,15,-1,8,-3,goodbye
12.397976398468018,0,23,-2,29,14,9,25,0,7,20,20,0,7,-10,goodbye
12.397976398468018,-7,1,5,9,-5,-1,-1,0,-13,-3,0,-6,-7,-17,goodbye
12.413161516189575,-16,0,13,4,-2,19,7,0,-25,-18,-21,-14,-19,-10,goodbye
12.413161516189575,-23,-1,-42,15,1,18,42,-17,-13,-10,-9,-31,-8,-15,goodbye
12.42911696434021,-27,-22,-44,-5,-3,-3,26,-11,-16,-15,-13,-33,-6,-14,goodbye
12.42911696434021,-20,-29,4,-35,-7,6,14,15,-1,-13,-46,-23,-20,7,goodbye
12.444299936294556,0,-24,0,-35,-19,15,39,14,39,17,-41,-14,-8,28,goodbye
12.444299936294556,20,-18,-6,-28,-28,-9,25,8,48,31,1,8,27,33,goodbye
12.459947347640991,27,-13,4,-16,-15,-24,-16,10,38,16,18,25,36,24,goodbye
12.459947347640991,21,-9,-5,-13,-2,-18,-33,0,26,1,9,15,17,8,goodbye
12.47605562210083,20,6,-2,-17,-3,-13,-41,-11,-11,-8,11,9,0,0,goodbye
12.47605562210083,20,30,20,6,10,-10,-52,-15,-46,-20,16,16,-7,-4,goodbye
12.491675615310667,18,32,18,31,22,-7,-36,-14,-32,-22,18,15,-1,-10,goodbye
12.491675615310667,9,22,9,17,10,-8,-10,0,-9,-16,19,6,1,-10,goodbye
12.50680446624756,-11,22,15,14,5,2,0,11,-10,-5,7,-1,-12,-18,goodbye
12.50680446624756,-29,9,0,28,12,19,4,6,-8,3,-10,-10,-30,-27,goodbye
12.521982431411743,-36,-19,-23,4,5,22,12,0,3,0,-18,-12,-29,-24,goodbye
12.521982431411743,-40,-24,-22,-11,-1,16,22,4,9,3,-19,-15,-12,-15,goodbye
12.537090063095093,-31,-9,0,3,5,16,27,12,2,18,-19,-15,0,-2,goodbye
12.537090063095093,-7,-1,15,2,13,19,25,13,-2,22,-7,-8,2,6,goodbye
12.552273035049438,12,0,1,-3,10,15,31,0,15,22,0,-4,7,12,goodbye
12.552273035049438,19,0,2,1,-1,5,23,-4,20,19,-10,0,2,19,goodbye
12.567934036254885,9,-4,15,-1,-9,-2,5,-4,-6,1,-21,1,-10,19,goodbye
12.567934036254885,2,-13,3,-4,-7,-6,0,-10,-19,-12,-9,-4,-4,13,goodbye
12.583266019821169,13,-15,0,-4,-17,-7,-3,-10,0,0,5,5,13,14,goodbye
12.583266019821169,23,-8,-1,-3,-25,-12,-12,-6,6,10,14,19,22,15,goodbye
12.599151372909546,20,5,-8,5,-6,-16,-15,-8,-7,-4,21,14,22,8,goodbye
12.599151372909546,17,13,3,14,9,-6,-11,-2,-1,-7,22,14,20,2,goodbye
12.614798545837402,10,3,4,6,7,0,-5,10,22,5,13,11,16,3,goodbye
12.614798545837402,-3,-3,-14,-9,6,-8,1,11,24,0,6,2,12,4,goodbye
13.863086700439451,28,11,22,14,5,-7,-23,-3,3,11,17,34,1,33,goodbye
13.863086700439451,41,7,61,6,4,-2,-39,10,-1,0,18,47,-8,35,goodbye
13.878573894500732,33,11,10,12,8,0,-28,0,21,22,40,45,-8,27,goodbye
13.878573894500732,11,11,-24,6,3,-17,-15,-18,2,20,40,29,16,7,goodbye
13.8934588432312,-6,0,-2,-15,-1,-21,-13,-4,-20,-8,13,10,46,-5,goodbye
13.8934588432312,-13,-9,-14,-20,4,0,-4,4,11,0,0,-10,55,-14,goodbye
13.909144639968872,-19,-9,-35,-27,0,8,8,4,31,10,-9,-24,40,-28,goodbye
13.909144639968872,-31,-9,-32,-44,-11,3,16,5,11,-11,-20,-30,19,-36,goodbye
13.924704790115356,-28,-4,-21,-37,-4,0,16,0,0,-23,-20,-27,4,-31,goodbye
13.924704790115356,-8,8,0,-6,0,-6,7,0,1,-9,-12,-9,0,-15,goodbye
13.93977665901184,8,24,4,10,0,-11,-1,1,0,-4,0,-2,4,-5,goodbye
13.93977665901184,11,27,-3,1,6,-12,-10,-2,-20,-19,-11,-27,-5,-4,goodbye
13.954731702804564,-3,7,11,-14,9,-3,-14,-1,-47,-33,-45,-48,-32,-8,goodbye
13.954731702804564,-19,6,2,-16,8,7,0,-9,-27,-10,-45,-46,-33,-16,goodbye
13.970970153808594,-12,11,-29,-18,9,0,17,-13,0,18,-23,-41,-19,-16,goodbye
13.971356868743896,-8,-23,-16,-10,4,-3,3,6,-11,5,-25,-25,-24,-6,goodbye
13.986149311065674,-11,-40,0,16,5,15,-6,9,0,0,-10,1,-19,11,goodbye
13.986149311065674,11,-1,16,22,9,25,-6,-1,20,20,20,19,0,30,goodbye
14.00174045562744,21,12,43,24,0,13,-5,0,-8,19,15,21,6,26,goodbye
14.00174045562744,-6,-15,11,49,-6,7,9,0,-24,0,6,15,6,8,goodbye
14.017822980880736,-21,-23,-14,31,-12,5,23,-7,-1,-8,8,5,-2,0,goodbye
14.017822980880736,-12,-12,-3,-17,-22,3,22,-1,1,-9,1,1,-20,-12,goodbye
14.032989263534546,-5,-11,1,-11,-16,6,23,2,0,1,18,18,-9,-15,goodbye
14.032989263534546,6,-4,18,27,0,15,17,11,23,14,52,44,24,14,goodbye
14.049026727676392,27,13,29,32,0,4,2,11,36,9,47,48,37,33,goodbye
14.049026727676392,37,22,21,12,-7,-24,-13,2,15,-4,25,46,21,16,goodbye
14.07082223892212,33,15,20,8,-5,-33,-20,2,8,0,25,44,16,7,goodbye
14.07082223892212,19,1,3,3,-3,-26,-20,3,14,-2,12,21,20,11,goodbye
14.07082223892212,0,-5,-17,-29,-13,-29,-25,-4,-10,-19,-14,1,-2,-2,goodbye
14.081003189086914,-12,-1,-28,-43,-12,-23,-33,-11,-33,-12,-16,-10,-16,-22,goodbye
14.09612512588501,-6,14,-11,-13,11,-2,-26,-6,-7,7,0,-15,4,-15,goodbye
14.09612512588501,17,31,19,8,22,7,-15,4,15,9,8,3,14,6,goodbye
14.111669301986694,20,23,14,5,14,2,-10,0,4,5,6,9,1,10,goodbye
14.111669301986694,-2,8,-1,6,17,5,6,-6,0,2,-2,-11,0,0,goodbye
14.127360820770264,-9,10,-6,11,23,20,30,-4,12,3,0,-19,6,0,goodbye
14.127360820770264,-6,6,-11,-1,13,22,28,-1,1,9,-3,-20,-2,3,goodbye
14.14273715019226,-25,-13,-20,-13,0,12,10,-6,-22,-1,-36,-43,-32,-10,goodbye
14.14273715019226,-41,-24,-33,-3,-12,4,9,-9,-24,-17,-48,-56,-50,-35,goodbye
14.158416271209717,-28,-15,-9,0,-11,8,21,10,-11,-4,-21,-30,-35,-28,goodbye
14.158416271209717,-9,-8,-1,4,6,20,30,13,8,14,-3,-4,-6,0,goodbye
14.174041032791138,-4,-21,-32,12,10,9,10,-12,12,3,-9,-17,-2,-1,goodbye
14.174041032791138,-7,-17,2,-8,-10,-3,-22,-6,-12,-22,-15,-21,-16,-8,goodbye
14.18909239768982,1,5,38,-20,-9,9,-16,12,-11,-18,-10,0,-7,14,goodbye
14.18909239768982,17,4,3,4,8,8,3,-1,16,4,0,13,11,24,goodbye
14.20481014251709,12,-8,-7,1,-2,-12,-4,0,8,7,2,11,10,5,goodbye
14.20481014251709,-6,-10,3,-18,-19,-8,-4,12,-11,4,-3,4,10,-1,goodbye
14.22096347808838,-5,-18,-10,-16,-11,4,6,6,-2,8,-16,3,17,6,goodbye
14.22096347808838,4,-19,-12,-12,-5,-3,2,8,20,10,-12,8,18,12,goodbye
14.235632419586182,-3,-7,-2,-22,-8,-24,-6,9,30,13,13,5,17,5,goodbye
14.254072904586792,-7,-10,-4,-27,-11,-29,-11,-5,18,3,19,0,11,-6,goodbye
14.254072904586792,6,-3,0,-12,-10,-11,-10,-9,6,-8,5,9,0,-6,goodbye
14.254072904586792,19,27,18,12,4,-3,0,0,11,0,18,22,8,1,goodbye
14.266216039657593,27,34,24,15,13,-15,5,2,8,12,38,23,29,1,goodbye
14.28307580947876,24,17,19,0,4,-13,-2,0,-18,-2,30,18,24,-4,goodbye
14.28307580947876,7,16,13,3,0,1,-10,-5,-36,-16,19,17,2,-6,goodbye
14.28307580947876,-3,18,11,18,6,4,-9,-12,-34,-14,9,14,-6,-4,goodbye
14.297518491744995,-2,17,21,32,12,3,-11,-11,-34,-13,0,5,-12,-7,goodbye
14.31306505203247,10,24,24,45,13,7,-12,-4,-27,-16,7,6,-15,-2,goodbye
14.31306505203247,17,18,9,37,5,14,-2,-1,-8,-17,9,7,-17,7,goodbye
14.328683853149414,1,0,-1,14,0,25,18,6,6,-5,-11,-6,-20,11,goodbye
14.328683853149414,-14,-9,-5,8,9,26,33,12,10,11,-20,-14,-11,10,goodbye
14.3441002368927,-12,-12,-18,12,12,20,27,0,20,20,-3,-7,3,12,goodbye
14.3441002368927,-6,-17,-33,11,0,14,17,-4,38,25,5,-8,3,13,goodbye
14.360130786895752,-12,-18,-16,-5,-7,0,5,8,32,23,-7,-18,-5,5,goodbye
14.360130786895752,-29,-20,-20,-28,-1,-12,0,5,16,17,-27,-28,-3,-13,goodbye
14.376018285751345,-32,-27,-48,-42,-2,-16,-3,-8,19,5,-27,-27,1,-22,goodbye
14.376018285751345,-14,-19,-17,-43,-21,-15,-16,1,6,-18,-11,0,0,-11,goodbye
14.39302921295166,-3,-4,-2,-33,-24,-13,-16,1,-15,-22,5,11,0,-11,goodbye
14.39302921295166,2,-9,-15,-25,-3,-17,-14,-10,-19,-12,9,0,-3,-19,goodbye
14.39302921295166,14,1,27,-13,0,-10,-28,0,-22,-19,0,5,-18,-9,goodbye
14.407471656799316,10,35,40,15,-2,2,-20,4,-30,-17,-1,8,-16,2,goodbye
14.423311948776243,0,30,6,30,5,1,11,-8,-25,0,-3,-8,-4,1,goodbye
14.423311948776243,1,-7,2,8,5,-4,18,-3,-7,7,-14,-14,0,4,goodbye
14.43905258178711,11,-18,12,-4,-1,-4,3,5,17,12,-5,0,14,16,goodbye
14.43905258178711,27,-4,10,3,0,0,-4,3,19,13,19,16,30,22,goodbye
14.455024003982544,27,7,4,10,2,0,0,2,3,6,27,19,22,8,goodbye
14.455024003982544,6,11,7,14,6,6,5,2,6,5,15,8,5,-7,goodbye
14.470321416854858,-6,4,5,28,13,30,8,4,17,12,0,2,-1,-3,goodbye
14.470321416854858,-6,-2,-3,27,11,38,22,7,13,14,-7,-2,-6,7,goodbye
14.486079216003418,-6,-3,0,6,6,23,35,8,13,19,-4,-10,1,14,goodbye
14.486079216003418,0,-11,0,-7,2,3,24,4,20,23,-2,-9,20,18,goodbye
14.501063108444214,1,-12,-6,-18,-4,-15,-7,-2,8,4,-11,1,14,8,goodbye
14.501063108444214,-2,4,-8,-24,-11,-22,-24,-6,-10,-19,-7,9,0,-11,goodbye
14.516566514968872,0,6,-12,-31,-15,-23,-14,-2,-12,-15,8,7,6,-13,goodbye
14.516566514968872,4,-1,-2,-33,-14,-28,-9,-1,-2,-6,7,11,11,0,goodbye
14.53216314315796,1,8,1,-5,0,-15,-15,-5,-5,-20,0,8,-2,4,goodbye
14.53216314315796,-4,13,-3,13,4,-1,-15,-9,-26,-32,7,-2,-11,-4,goodbye
14.547743797302246,-4,2,-5,-8,-14,-13,-11,-10,-31,-24,15,-7,-11,-13,goodbye
14.547743797302246,-6,7,-2,-7,-17,-15,-16,-10,-21,-17,-3,-5,-18,-16,goodbye
14.56320023536682,-9,18,10,24,8,7,-15,-3,-21,-19,-11,0,-26,-18,goodbye
14.56320023536682,-5,15,9,29,19,14,1,-1,-17,-11,9,2,-20,-13,goodbye
14.578732013702393,-5,4,2,16,14,15,9,0,-12,4,7,-3,-11,-2,goodbye
14.578732013702393,-8,-11,2,15,16,30,12,4,-5,13,-18,-13,-13,0,goodbye
14.593927383422852,-9,-25,-9,12,13,28,21,4,12,13,-24,-13,-15,-1,goodbye
14.593927383422852,-11,-22,-14,4,5,19,26,5,24,18,-20,-13,-6,0,goodbye
14.609155893325806,-7,-13,-6,3,3,24,31,13,32,38,-16,-17,8,8,goodbye
14.609155893325806,6,-7,1,0,0,5,21,15,46,45,-1,-3,14,16,goodbye
14.624727249145508,10,-6,-1,-13,-9,-25,-6,2,30,15,0,5,9,6,goodbye
14.624727249145508,-1,-17,-13,-33,-19,-30,-24,-9,-8,-16,-10,-10,2,-13,goodbye
14.640388488769531,-3,-22,-8,-39,-24,-22,-20,-2,-9,-18,-2,-8,0,-14,goodbye
14.640388488769531,7,-3,0,-26,-18,-21,-7,11,19,0,14,18,16,5,goodbye
14.656171321868896,16,16,7,-6,-5,-18,-2,5,16,2,23,31,32,17,sil
14.656171321868896,24,29,23,11,2,-8,-11,-10,-1,-5,32,33,26,16,sil
14.671836614608765,37,38,30,26,6,-1,-20,-9,3,0,41,36,15,18,sil
14.671836614608765,37,39,28,34,11,2,-22,1,7,10,38,33,19,19,sil
14.687369346618652,18,21,13,24,7,5,-14,0,-14,2,28,19,13,12,sil
14.687369346618652,0,1,2,9,3,6,2,-8,-35,-11,10,0,-5,1,sil
14.703253507614136,-8,-2,3,16,12,9,16,0,-32,-12,-8,-7,-11,-5,sil
14.703253507614136,-16,0,-2,21,12,10,16,11,-10,-2,-16,-9,-10,-7,sil
14.71877121925354,-25,-1,-15,1,3,15,16,7,6,2,-19,-19,-18,-9,sil
14.71877121925354,-31,-13,-26,-17,3,19,25,-6,6,0,-30,-41,-23,-11,sil
14.73470401763916,-30,-27,-14,-28,-4,11,18,0,-8,-11,-47,-43,-24,-15,sil
14.73470401763916,-27,-24,-6,-20,-19,8,11,6,-13,-9,-45,-31,-21,-17,sil
14.750130414962769,-18,-16,-31,3,-9,6,24,-7,-1,4,-23,-26,-10,-6,sil
14.750130414962769,0,-12,-12,0,2,-8,15,-5,3,8,-11,-6,0,6,sil
14.765468120574951,8,-2,9,-21,-3,-10,-15,3,5,6,-4,9,1,3,sil
14.765468120574951,6,-1,-6,-15,-7,-6,-23,-9,7,2,6,0,2,0,sil
14.781034708023071,6,-5,2,-3,0,-17,-16,-13,0,-9,9,5,8,5,sil
14.781034708023071,3,-3,8,-2,4,-14,-20,-5,0,-18,2,22,9,0,sil
14.79702877998352,1,-1,-3,-4,-4,3,-16,-1,1,-19,3,22,-2,-7,sil
14.79702877998352,8,0,2,-3,-6,0,5,6,-1,0,16,20,1,-1,sil
14.812487363815308,5,-6,0,-4,4,-15,3,7,4,16,23,11,17,-1,sil
14.812487363815308,-1,-6,-9,-6,1,-16,-22,1,9,-3,19,0,9,-7,sil
14.828277587890623,8,15,2,0,-3,-4,-14,12,8,-1,27,8,5,0,sil
14.828277587890623,16,37,28,10,11,10,11,22,15,32,29,19,12,7,sil
14.843175888061523,9,29,19,14,17,10,7,5,17,24,5,11,2,-1,sil
14.843175888061523,6,14,-9,10,0,-2,1,-12,0,-6,-3,4,0,-4,sil
14.859057903289797,3,10,6,4,-7,2,8,-2,-16,-10,-4,5,-1,7,sil
14.859057903289797,-7,2,27,4,-3,17,0,7,-26,-11,-24,-14,-25,1,sil
14.874786138534546,-17,-8,-4,5,-2,13,-10,-8,-33,-18,-39,-42,-36,-19,sil
14.874786138534546,-12,-10,-27,3,-1,6,-5,-17,-20,-8,-27,-37,-19,-12,sil
14.890947580337524,0,-1,4,16,1,2,2,0,1,8,-6,-12,0,16,sil
14.890947580337524,10,3,20,33,6,-1,8,7,13,21,7,2,11,25,sil
14.907041788101196,18,-2,-6,14,4,1,11,-7,15,20,10,5,18,21,sil
14.907041788101196,13,-11,-2,-17,-7,0,0,-6,12,2,5,11,9,21,sil
14.922885656356812,-3,-7,2,-11,-10,-5,-2,3,17,2,11,17,13,16,sil
14.922885656356812,-3,-7,-24,0,2,-3,17,0,32,20,25,16,32,6,sil
14.938053607940674,7,-6,0,-11,11,-9,14,5,24,8,26,24,29,2,sil
14.938053607940674,1,3,28,-4,1,-13,-7,14,7,-8,20,32,15,-3,sil
14.953911066055298,-11,7,-6,11,0,-8,-5,0,4,-3,16,12,7,-19,sil
14.953911066055298,-11,0,-18,-8,6,-8,0,-10,-13,-16,1,-14,-10,-33,sil
14.969820737838743,-11,-6,-1,-21,0,-7,-11,-1,-38,-39,-17,-23,-34,-26,sil
14.969820737838743,-13,0,0,0,-9,9,-9,0,-32,-31,-23,-19,-37,-13,sil
14.985471963882446,-9,5,-5,6,-1,18,10,0,-12,-5,-22,-19,-19,-14,sil
14.985471963882446,-2,1,-4,3,10,10,15,0,-2,11,-24,-19,-3,-8,sil
15.001159906387327,3,-6,4,5,5,12,3,0,8,17,-24,-11,-5,7,sil
15.001159906387327,6,-7,3,-2,-10,14,-1,1,15,8,-17,-6,-4,13,sil
15.015984058380129,0,-6,-9,-19,-14,-2,-3,0,1,5,-5,-7,6,14,sil
15.031123161315918,-7,-17,-20,-28,-12,-15,-8,-4,-10,9,-1,-7,13,15,sil
15.031123161315918,1,-22,-15,-32,-22,-11,-12,-4,-5,-7,0,5,13,3,sil
15.04719066619873,16,0,0,-16,-16,-8,-11,-3,-3,-31,9,22,5,-11,sil
15.04719066619873,3,21,0,11,10,-5,-3,-7,-12,-27,14,11,-8,-20,sil
15.04719066619873,-18,19,6,25,17,3,-1,-2,-6,-6,2,-1,-20,-17,sil
15.063337802886965,-7,19,18,33,16,19,-1,7,6,14,0,10,-9,3,sil
15.063337802886965,11,15,19,37,23,23,9,8,9,33,5,11,5,20,sil
15.078047513961792,7,0,9,14,11,7,17,6,11,39,1,0,12,18,sil
15.09343147277832,5,-12,-4,-13,-6,-9,11,4,15,29,0,0,21,18,sil
15.09343147277832,12,-12,-4,-18,-6,-13,-2,0,9,6,5,10,22,15,sil
15.109809160232544,16,2,6,-3,-3,-14,-4,-4,1,-4,20,8,17,0,sil
15.109809160232544,15,13,11,2,-4,-19,-4,-4,-8,-13,24,-1,8,-7,sil
15.124972343444824,0,5,9,-6,0,-6,-17,-5,-25,-28,3,-3,-11,-5,sil
15.124972343444824,-10,9,1,0,11,6,-15,-3,-27,-23,-2,-5,-22,-7,sil
15.142210483551024,-8,16,1,10,11,0,0,0,-14,-7,7,-9,-18,-8,sil
15.142210483551024,-13,0,-1,-3,0,3,7,3,-2,-5,3,-11,-17,-5,sil
15.142210483551024,-14,-12,-11,-5,0,20,16,11,20,14,-7,-9,-8,0,sil
15.158162355422974,-2,-5,-7,6,6,26,22,11,45,39,-9,-10,-4,8,sil
15.158162355422974,-5,-13,-19,-5,0,18,21,2,44,24,-16,-25,-19,0,sil
15.17326045036316,-13,-28,-29,-19,-12,6,14,0,27,2,-27,-28,-20,-8,sil
15.17326045036316,-5,-22,-11,-10,-17,-4,0,0,22,4,-21,-1,-2,0,sil
15.188770771026611,1,-10,2,-9,-19,-25,-14,-5,20,0,-1,24,2,2,sil
15.190276622772217,17,5,12,-10,-4,-39,-19,-4,5,-11,19,36,4,1,sil
15.20468807220459,38,25,21,9,10,-21,-19,-1,-6,-7,29,42,18,8,sil
15.20468807220459,30,27,26,19,2,-1,-24,-7,-26,-17,23,34,21,3,sil
15.219794750213625,8,21,26,19,-5,-2,-22,-9,-58,-35,14,18,13,-8,sil
15.219794750213625,0,15,12,30,3,0,-3,-8,-63,-24,10,4,14,-4,sil
15.234948873519896,-9,0,7,24,6,8,8,-7,-43,-12,-3,-2,13,-3,sil
15.251128911972046,-25,-10,-1,12,0,9,12,-3,-29,-12,-17,-6,8,-8,sil
15.251128911972046,-19,-7,-15,14,-1,7,14,-2,-18,2,-15,-12,10,-1,sil
15.266849279403688,-13,-14,-14,-2,-6,11,11,-2,1,11,-13,-20,18,0,sil
15.266849279403688,-18,-21,-16,-23,-14,8,2,2,19,9,-11,-18,22,-1,sil
15.266849279403688,-7,-9,-12,-12,-4,1,-3,15,22,14,0,2,24,5,sil
15.28254747390747,7,-4,-9,-2,12,2,0,15,26,13,9,6,31,4,sil
15.300089836120604,3,-4,-10,-17,12,0,0,0,32,6,6,-4,26,-4,sil
15.300089836120604,0,8,-4,-24,3,0,-7,3,21,7,0,-1,6,-1,sil
15.300089836120604,7,11,-3,-16,5,-1,-8,11,2,-2,-1,1,-9,9,sil
15.3151273727417,11,10,0,-14,13,-6,1,3,0,-8,-1,-7,-21,9,sil
15.3151273727417,8,20,7,-3,12,0,12,-7,5,9,-2,-15,-32,0,sil
15.331090211868286,-5,8,-3,5,4,14,16,-4,-1,14,-15,-26,-49,-4,sil
15.331090211868286,-17,-16,-13,-7,0,17,23,3,1,9,-36,-47,-71,-6,sil
15.345516681671144,-10,-21,-17,-17,0,15,29,1,19,16,-40,-55,-79,-5,sil
15.360931634902954,-2,-11,-9,-13,-5,7,11,0,25,8,-20,-30,-74,0,sil
15.360931634902954,-2,-7,-1,-12,-12,-8,-8,6,26,2,6,-9,-69,11,sil
15.376108169555664,7,0,6,-6,-9,-19,-12,5,28,16,27,-4,-62,14,sil
15.376108169555664,18,6,20,9,-3,-20,-15,-4,5,9,38,37,-42,1,sil
15.391761302947998,13,-1,12,9,-6,-23,-25,-14,-29,-15,32,81,7,-13,sil
15.391761302947998,6,-4,5,0,-11,-16,-29,-11,-41,-28,15,62,78,-14,sil
15.40676975250244,1,14,14,9,-4,-1,-21,-2,-38,-29,17,22,113,-7,sil
15.40676975250244,-7,21,11,24,6,0,-17,-4,-37,-33,17,7,92,-11,sil
15.421813726425173,-9,10,12,28,11,0,-12,-4,-27,-29,-3,2,62,-9,sil
15.421813726425173,1,15,19,40,6,11,14,1,-2,0,-8,0,56,8,sil
15.437826871871948,10,13,17,42,2,10,28,1,13,35,2,7,54,20,sil
15.437826871871948,11,-8,6,16,1,0,12,0,14,26,3,16,46,20,sil
15.452900171279907,15,-11,0,-11,-2,-8,2,0,7,-7,8,22,32,17,sil
15.452900171279907,11,6,2,-17,-8,-5,0,3,-5,-18,16,26,11,6,sil
15.46805214881897,-1,6,-2,-2,-2,0,-1,3,-6,-7,9,10,-8,-5,sil
15.46805214881897,-4,-4,-9,5,2,-4,-2,3,5,-4,-2,-8,-25,-9,sil
15.48397135734558,-1,-3,-8,-3,0,-11,-6,2,4,0,-12,-17,-31,-8,sil
15.48397135734558,-15,1,-20,-10,4,4,0,-2,-3,11,-19,-31,-29,-14,sil
15.499855756759644,-26,-9,-23,-12,3,26,19,0,0,9,-24,-40,-38,-17,sil
15.499855756759644,-17,-24,-16,-14,-8,30,20,7,8,2,-20,-28,-42,-6,sil
15.515252828598022,-7,-19,-8,-2,-5,27,9,6,17,9,-18,-18,-31,10,sil
15.515252828598022,-8,-6,-9,1,3,21,10,3,21,18,-23,-33,-22,9,sil
15.531030893325806,-6,-11,-19,-23,-3,-1,8,0,16,17,-21,-38,-15,0,sil
15.531030893325806,3,-15,-6,-39,-7,-22,-11,0,8,3,-7,-2,-2,0,sil
15.54607915878296,7,-3,3,-23,-4,-19,-20,-1,1,-14,7,23,0,0,sil
15.54607915878296,3,10,3,-14,-4,-16,-12,-6,-12,-17,16,12,-10,-6,sil
15.56188416481018,5,14,16,-9,2,-13,-13,-7,-17,-6,20,5,-13,-3,sil
15.56188416481018,4,8,14,16,10,4,-9,-1,-3,0,15,5,-10,2,sil
15.57752776145935,-6,6,0,29,7,18,6,0,3,0,-5,-1,-16,-2,sil
15.57752776145935,0,14,-2,15,3,6,15,-2,0,9,-19,-9,-10,-1,sil
15.59270977973938,18,12,10,7,5,-17,0,0,4,9,0,7,14,14,sil
15.59270977973938,19,2,13,-3,2,-30,-22,3,4,-11,24,30,28,19,sil
15.608150005340576,15,3,2,-14,0,-24,-29,-1,-5,-17,31,28,28,4,sil
15.608150005340576,24,20,13,7,3,-10,-16,-2,-8,0,41,30,37,1,sil
15.624170064926147,23,29,26,34,11,0,7,3,-3,13,49,36,35,5,sil
15.624170064926147,-2,7,5,14,8,5,19,1,-7,6,16,10,0,-9,sil
15.640369176864624,-21,-14,-12,-6,-1,7,14,0,-10,-6,-23,-19,-27,-23,sil
15.640369176864624,-16,-12,-15,8,0,13,16,0,0,-13,-24,-22,-17,-14,sil
15.655781030654907,-13,-11,-5,12,1,17,13,-2,-2,-15,-28,-23,-12,-4,sil
15.655781030654907,-24,-19,-8,-4,-4,16,-1,0,-19,-13,-46,-30,-24,-8,sil
15.670953512191772,-23,-10,-14,-1,-2,17,0,5,-13,6,-28,-19,-8,-3,sil
15.670953512191772,-4,3,7,8,4,14,18,8,14,35,8,5,29,9,sil
15.687052011489868,6,0,13,8,-4,0,16,0,24,31,17,12,38,15,sil
15.687052011489868,-1,-3,-1,12,-11,-3,-1,-3,8,9,6,3,17,15,sil
15.70267128944397,-6,-1,-3,4,-2,4,1,0,1,11,0,0,12,16,sil
15.70267128944397,0,-14,-3,-16,-3,-2,7,1,8,8,-11,-4,10,10,sil
15.718702793121338,-2,-20,-7,-19,-12,-9,-3,0,1,-21,-24,-7,-11,-5,sil
15.718702793121338,-1,-1,-10,-8,-11,0,-9,-1,-4,-27,-25,-4,-23,-14,sil
15.733890533447266,6,4,-6,-22,-6,0,-5,-3,7,-8,-14,-2,-12,-9,sil
15.733890533447266,7,-10,-6,-36,-4,-9,-3,-2,12,-6,0,-2,0,-4,sil
15.749969720840454,2,-16,-13,-21,-5,-12,-8,-1,6,-10,9,2,0,-9,sil
15.749969720840454,0,0,-5,-7,-8,-8,-17,-1,2,-9,1,0,-10,-12,sil
15.765499591827393,0,7,3,-9,-3,-6,-14,-4,0,-9,3,-5,-8,-3,sil
15.765499591827393,11,10,13,-5,4,-10,-4,-3,0,-9,20,9,0,3,sil
15.780654191970823,17,22,18,8,0,-12,-2,2,3,-3,31,25,0,1,sil
15.780654191970823,4,19,4,14,0,-5,-5,2,-2,4,26,10,-1,2,sil
16.598026275634766,-9,-17,-23,-27,-5,-20,-20,0,6,-4,-20,-13,-1,-12,sil
16.598026275634766,-8,-11,-8,-24,-5,-21,-16,-3,12,1,-6,-4,0,-11,sil
16.615083694458008,1,0,-3,-23,-3,-7,-16,-7,7,6,14,10,7,-2,sil
16.615083694458008,8,17,-3,-14,6,4,-14,-6,0,-10,9,15,2,-1,sil
16.615083694458008,-2,9,-8,-12,9,2,-13,-4,-6,-23,-5,0,1,-12,sil
16.63095450401306,-6,-3,2,-14,6,-10,-28,-7,-11,-13,9,3,5,-12,sil
16.63095450401306,4,7,14,-11,5,-12,-30,-5,-19,-8,23,16,0,-7,sil
16.645292282104492,2,14,1,-3,2,-7,-5,-2,-17,-13,6,-1,-8,-11,sil
16.6608669757843,-9,9,0,11,5,-4,10,-1,-11,-3,-5,-24,-13,-14,sil
16.6608669757843,-5,15,14,26,15,9,22,2,-6,6,-4,-15,-16,-12,sil
16.67689085006714,0,8,10,13,13,25,37,8,-1,8,-9,-5,-9,-8,sil
16.67689085006714,-6,-13,-5,-6,-3,20,42,15,14,17,-9,-7,0,4,sil
16.692070245742798,-3,-14,-2,0,-8,7,40,16,36,35,6,0,7,26,sil
16.692070245742798,14,0,15,11,0,4,27,12,42,43,14,15,24,35,sil
16.707546710968018,19,-5,2,0,-6,-2,-4,0,20,18,-1,8,23,21,sil
16.707546710968018,14,-2,-5,-3,-13,-17,-24,-8,-8,-20,-7,2,0,2,sil
16.722760915756226,23,27,22,16,3,-11,-12,-4,-14,-22,16,25,-1,0,sil
16.722760915756226,21,36,24,22,20,4,-7,-4,-12,-8,29,27,2,0,sil
16.738300561904907,-2,14,2,8,11,4,-20,-8,-20,-25,7,2,-20,-13,sil
16.738300561904907,-23,0,-7,12,0,6,-19,-5,-26,-29,-7,-11,-30,-16,sil
16.754299640655518,-28,-9,-10,24,2,17,-8,-4,-24,0,-15,-18,-12,-3,sil
16.754299640655518,-25,-24,-12,12,2,20,-5,-8,-12,16,-26,-22,-3,0,sil
16.770035982131958,-16,-25,-21,-4,-6,15,-5,-2,6,7,-14,-16,-2,-2,sil
16.770035982131958,-11,-8,-13,-13,-5,7,1,8,9,-1,0,-9,0,0,sil
16.78576374053955,-6,-1,-3,-19,4,1,10,3,12,0,-2,-2,10,8,sil
16.78576374053955,4,-17,-3,-21,0,0,11,-3,29,13,-7,5,21,14,sil
16.80089235305786,7,-20,5,-14,-9,-2,11,4,23,18,-4,4,18,13,sil
16.80089235305786,8,-2,7,-2,-9,-12,13,8,-1,12,0,6,18,16,sil
16.81625008583069,19,1,3,-10,-18,-35,1,1,-4,-1,0,20,18,10,sil
16.81625008583069,23,-2,2,-19,-24,-43,-10,0,5,-17,-3,15,2,-5,sil
16.832371950149536,12,4,5,-1,-11,-19,-8,1,-1,-18,1,0,-12,-6,sil
16.832371950149536,2,14,8,11,-5,-2,-10,-4,-19,-6,15,4,-10,-3,sil
16.847972631454468,3,13,1,-4,-6,-13,-17,-11,-19,-7,14,6,-3,-16,sil
16.847972631454468,9,12,3,-9,0,-15,-15,0,-5,-16,9,12,0,-17,sil
16.863948583602905,13,18,11,11,14,-1,-5,9,6,-6,22,23,2,-4,sil
16.863948583602905,4,21,5,21,19,1,-3,2,13,3,24,9,0,-3,sil
16.88002061843872,-9,13,1,15,14,9,-2,-2,10,0,0,-14,-7,-2,sil
16.88002061843872,-17,0,-2,10,12,23,5,-4,1,3,-13,-21,-15,-5,sil
16.89600968360901,-21,0,-9,1,12,22,5,-1,-10,6,-15,-20,-24,-21,sil
16.89600968360901,-23,4,-5,-3,9,18,7,6,-18,1,-5,-21,-15,-16,sil
16.912484645843506,-14,-2,-1,2,9,15,24,3,-9,7,5,-13,5,2,sil
16.912484645843506,-10,-12,-1,8,6,11,15,-4,1,9,-12,-9,-2,1,sil
16.92848515510559,-12,-16,-13,2,0,12,-1,1,-1,3,-30,-17,-19,0,sil
16.92848515510559,-1,-18,-13,-6,0,14,13,7,0,2,-13,-13,-1,15,sil
16.944536209106445,11,-13,0,-6,0,17,26,5,14,3,-3,8,19,30,sil
16.944536209106445,6,-12,0,0,-4,8,12,-1,19,6,-7,14,17,26,sil
16.959777355194092,-3,-18,-5,-11,-9,-13,0,-7,1,7,0,-1,11,6,sil
16.959777355194092,0,-7,-7,-21,-15,-24,-1,-1,0,6,11,-1,16,0,sil
16.975098848342896,13,6,5,-5,-9,-18,-9,3,14,13,24,22,24,19,sil
16.975098848342896,25,4,18,6,-2,-8,-19,-2,10,10,26,31,23,22,sil
16.990809440612793,19,2,5,0,-11,-6,-16,-4,-7,-9,5,14,11,-2,sil
16.990809440612793,5,10,4,-5,-11,-9,-6,6,-7,-21,-5,7,0,-12,sil
17.006291389465332,0,8,4,-4,2,-13,-16,8,-3,-20,3,10,-6,-6,sil
17.006291389465332,2,8,-3,-2,7,-8,-25,0,-10,-17,3,5,-8,-14,sil
17.02167248725891,6,17,5,9,8,7,-7,-1,-7,0,-2,1,-9,-18,sil
17.02167248725891,-3,15,9,20,11,11,2,-5,-1,10,-4,-10,-13,-9,sil
17.03771471977234,-19,7,1,12,5,2,-8,-14,-9,-3,-13,-21,-14,-14,sil
17.03771471977234,-15,1,-7,12,1,6,2,-10,-10,0,-17,-22,-7,-17,sil
17.05316138267517,-5,-8,-8,15,6,13,29,1,4,20,-10,-23,-7,0,sil
17.05316138267517,-3,-11,-3,-4,0,7,28,6,17,12,-8,-14,-14,8,sil
17.068803787231445,1,-2,-6,-25,-11,-9,2,2,15,-8,-3,5,-9,0,sil
17.068803787231445,5,1,0,-21,-9,-24,-11,0,-1,-18,9,12,-7,-9,sil
17.08485221862793,2,0,7,-9,-2,-15,-9,-5,-18,-19,14,2,-11,-15,sil
17.08485221862793,2,-1,4,6,-1,6,-10,-3,-20,-18,5,1,-10,-6,sil
17.10107731819153,2,0,6,25,3,20,2,8,-6,-6,-7,5,0,17,sil
17.10107731819153,-1,-5,-1,20,7,22,31,9,13,16,-8,4,12,26,sil
17.116485834121704,-2,-15,-6,-5,3,15,33,7,28,31,8,3,25,24,sil
17.116485834121704,-1,-9,-1,-17,-1,-2,9,13,38,25,14,0,27,24,sil
17.13255214691162,-8,-11,-11,-20,-14,-25,-13,4,22,8,-6,-11,7,8,sil
17.13255214691162,-12,-12,-14,-26,-17,-26,-28,-5,-16,-6,-11,-5,-2,-16,sil
17.148203372955322,0,1,-2,-11,3,-7,-22,-3,-26,-13,10,14,16,-15,sil
17.148203372955322,14,7,4,0,13,-7,-19,-1,-15,-23,10,16,12,-9,sil
17.16369080543518,4,2,-1,-9,0,-20,-34,-10,-28,-28,-4,0,-15,-19,sil
17.16369080543518,-3,9,-1,-2,0,-8,-25,-16,-32,-15,0,-2,-10,-14,sil
17.17921280860901,2,15,16,18,4,7,5,-9,-11,-1,5,4,0,0,sil
17.17921280860901,3,10,15,24,3,3,20,0,-2,-3,-3,-1,-16,-1,sil
17.194885969161987,1,15,7,25,2,8,22,5,-5,3,-3,0,-9,3,sil
17.194885969161987,9,20,12,30,8,26,29,12,8,35,18,14,21,20,sil
17.211456298828125,7,8,8,21,14,28,26,10,28,41,22,12,17,17,sil
17.211456298828125,-7,0,-1,8,9,17,11,5,29,17,0,0,-5,10,sil
17.226075410842896,-12,0,-12,10,0,11,6,5,25,18,-1,-6,-1,8,sil
17.226075410842896,-6,-8,-10,6,-4,8,5,1,22,25,5,-11,2,-1,sil
17.241208791732788,-9,-16,-5,-9,-6,4,1,-5,11,-2,-11,-18,-14,-12,sil
17.241208791732788,-17,-20,-20,-14,-8,0,1,-6,1,-23,-31,-27,-21,-10,sil
17.256925582885742,-11,-19,-9,-14,-8,0,3,1,1,-10,-30,-23,-12,-5,sil
17.256925582885742,4,-11,6,-18,-5,-2,3,1,1,0,-12,-4,2,1,sil
17.27218246459961,19,-3,3,-21,-3,-9,0,-4,-5,-4,7,14,18,8,sil
17.27218246459961,18,-3,-3,-20,-10,-12,-12,-5,-10,-14,7,16,14,4,sil
17.288302898406982,5,-11,-6,-20,-16,-19,-30,-9,-15,-24,-5,0,-5,-8,sil
17.288302898406982,11,0,7,-17,-4,-25,-34,-7,-21,-31,-3,2,-1,-7,sil
17.304054975509644,32,24,19,-1,8,-11,-20,2,-16,-23,15,27,14,9,sil
17.304054975509644,20,16,5,0,6,-9,-9,1,-18,-14,20,24,5,8,sil
17.319069147109985,-7,-2,-8,-15,1,-26,-9,-7,-30,-16,7,2,-8,-9,sil
17.319069147109985,-10,11,-3,-2,8,-16,0,-7,-22,-6,9,2,0,-12,sil
17.33512282371521,-1,28,16,30,17,9,7,5,0,10,15,9,5,-1,sil
17.33512282371521,-15,10,2,25,6,10,0,10,2,18,0,-14,-3,-4,sil
17.351048231124878,-31,-8,-20,4,-7,8,2,2,-1,16,-24,-39,-15,-15,sil
17.351048231124878,-22,-4,-1,17,2,27,22,7,20,19,-24,-25,-20,-7,sil
17.366379261016846,-5,-1,6,22,11,36,33,14,42,30,-9,-4,-13,7,sil
17.366379261016846,-4,-8,-11,-3,-2,20,31,7,35,34,-5,-1,-6,8,sil
17.381946325302124,-7,-13,-12,-10,-7,3,20,0,24,23,-15,-6,-3,4,sil
17.381946325302124,0,-15,0,-1,1,0,-2,-2,21,6,-15,-1,4,4,sil
17.39751958847046,11,-7,7,-5,0,-1,-6,-2,18,-1,3,16,17,6,sil
17.39751958847046,16,6,4,-1,-4,-5,-1,-2,12,-3,25,24,26,14,sil
17.412703275680542,12,6,10,1,0,-15,-19,-3,-7,-8,26,14,25,10,sil
17.412703275680542,7,-2,7,-6,0,-18,-31,-7,-28,-17,21,8,12,-8,sil
17.427891969680786,0,0,0,-4,-4,-14,-21,-6,-34,-22,19,5,-9,-16,sil
17.427891969680786,-9,10,6,4,-1,-4,-9,-3,-35,-20,3,0,-16,-11,sil
17.443047046661377,-9,0,0,5,1,1,11,-9,-32,-12,-15,-10,-9,-14,sil
17.443047046661377,-13,-14,-11,10,1,10,26,-6,-16,-5,-22,-23,-18,-9,sil
17.45854139328003,-15,-8,-9,12,0,24,25,9,5,3,-17,-27,-19,8,sil
17.45854139328003,0,-8,-12,-7,-7,17,17,11,16,9,-6,-12,4,15,sil
17.474222660064697,8,-12,-2,-30,-9,-12,0,0,8,-3,0,5,12,9,sil
17.474222660064697,7,0,10,-12,-5,-20,-16,-3,2,-15,11,19,3,8,sil
17.489845037460327,22,18,13,14,-6,-3,-13,4,5,-5,32,40,15,12,sil
17.489845037460327,32,26,11,5,-1,-6,-9,3,3,3,47,48,31,16,sil
17.505100965499878,29,25,14,10,13,-20,-20,-3,7,1,42,35,26,21,sil
17.505100965499878,29,27,27,42,12,-9,-26,0,8,0,26,32,14,18,sil
17.520338535308838,16,24,21,37,1,3,-14,1,-4,1,10,16,10,1,sil
17.53591299057007,-8,4,1,4,6,6,6,-6,-16,1,-7,-20,0,-11,sil
17.536913871765137,-20,-14,-10,-6,11,14,16,0,-9,5,-29,-35,-21,-13,sil
17.551769256591797,-22,-15,-25,-7,0,20,13,8,-1,9,-50,-37,-36,-18,sil
17.551769256591797,-30,-11,-30,-17,0,17,14,6,5,7,-66,-52,-43,-26,sil
17.552767276763916,-38,-20,-34,-34,6,18,21,2,22,10,-62,-61,-36,-24,sil
17.567824363708496,-34,-28,-33,-40,2,16,20,0,29,19,-50,-46,-17,-17,sil
17.58310580253601,-16,-24,-18,-20,-2,8,13,-3,12,16,-37,-22,-2,-9,sil
17.58310580253601,-5,-24,-13,-16,-4,-8,9,-8,2,12,-19,-17,4,-3,sil
17.598694324493408,-7,-24,-13,-46,-11,-23,-2,-7,11,6,-8,-12,5,-2,sil
17.598694324493408,-2,-14,-12,-46,-12,-18,-19,-2,11,-4,0,0,2,-4,sil
17.61375617980957,13,2,4,-15,-8,-16,-23,4,-1,-5,29,19,8,2,sil
17.61375617980957,25,23,32,5,-1,-21,-17,6,-12,-3,54,34,20,8,sil
17.628891229629517,26,29,37,25,10,-7,-9,-6,-20,-22,48,38,22,5,sil
17.628891229629517,20,23,37,40,10,4,-4,-12,-31,-32,36,41,15,8,sil
17.644322156906128,12,25,29,39,-5,-7,-3,-3,-24,-13,44,41,16,11,sil
17.644322156906128,6,20,16,29,-2,-15,-8,3,-6,-8,44,30,11,4,sil
17.659979820251465,5,15,24,33,12,5,-1,10,2,-10,24,20,-2,7,sil
17.659979820251465,4,19,20,50,11,25,23,15,8,4,6,11,-10,17,sil
17.675865411758423,5,6,5,40,6,19,25,10,7,9,1,6,-5,13,sil
17.675865411758423,11,-11,0,12,2,0,7,-1,0,9,7,8,5,7,sil
17.69120144844055,10,-4,-3,9,-8,-5,3,-8,0,17,4,3,7,15,sil
17.69120144844055,-9,-5,-15,1,-14,6,-3,0,3,2,-22,-9,-13,13,sil
17.706714868545532,-23,-24,-36,-25,-9,6,-15,0,0,-18,-40,-24,-22,-5,sil
17.706714868545532,-14,-24,-24,-35,-11,-10,-6,-7,-4,-10,-30,-28,-6,-9,sil
17.72205090522766,-8,-17,-5,-22,-17,-7,3,-5,0,7,-17,-18,0,1,sil
17.72205090522766,-16,-19,-16,-17,-7,8,-2,-5,-3,9,-17,-17,-7,-10,sil
17.738065004348755,-17,-10,-22,-24,5,13,-5,-7,-14,0,-17,-21,-11,-34,sil
17.738065004348755,-8,-4,-18,-27,3,7,0,1,-5,-8,-12,-13,-2,-25,sil
17.75342106819153,0,-6,-10,-23,-1,-3,0,10,11,-16,-10,0,2,0,sil
17.75342106819153,4,8,2,-9,4,-11,3,7,10,-13,-2,2,5,11,sil
17.768948554992676,9,26,14,6,12,-10,7,3,9,10,15,4,18,6,sil
17.768948554992676,17,25,24,13,14,-5,4,6,25,36,29,17,29,1,sil
17.7841157913208,25,14,17,11,13,3,3,0,31,39,28,18,22,3,sil
17.7841157913208,9,10,4,11,11,10,-1,-10,4,20,15,1,6,-4,sil
17.800191164016724,-8,14,4,13,9,5,-9,-4,-20,-2,1,-17,-7,-20,sil
17.800191164016724,-4,8,8,12,2,-2,-11,-2,-19,-20,-8,-10,-15,-7,sil
17.815807819366455,-1,-6,5,7,0,3,-7,-5,-10,-23,-15,-1,-16,17,sil
17.815807819366455,-12,-9,-7,12,6,18,7,-1,-12,-8,-14,-14,-12,12,sil
18.62593126296997,-6,-7,-19,-19,-2,0,-11,0,6,-13,-10,-2,-5,-10,sil
18.62593126296997,0,0,-15,-28,-7,-9,-19,-2,-4,-5,-2,-1,0,-10,sil
18.641661643981934,8,1,-5,-30,0,-12,-21,-2,-2,-7,-1,-4,9,-3,sil
18.641661643981934,8,0,-4,-29,10,0,-21,-5,4,-8,1,-4,5,4,sil
18.657150506973267,0,0,-15,-43,9,11,-12,0,7,10,15,-1,7,-2,sil
18.657150506973267,-2,2,-17,-44,7,0,-6,8,12,17,27,-2,21,-10,sil
18.67270016670227,0,11,0,-21,11,-14,-14,2,12,-7,15,-7,6,-10,sil
18.67270016670227,-6,11,-1,-1,12,-6,-10,-3,7,-15,0,-6,-17,-13,sil
18.688732624053955,-15,5,-4,3,10,13,13,1,7,0,0,-5,-13,-12,sil
18.688732624053955,-13,10,6,14,7,17,23,-1,-6,-3,0,-12,-2,-9,sil
18.70485782623291,-11,11,0,22,-3,3,6,-16,-32,-14,-11,-16,-6,-12,sil
18.70485782623291,-7,2,0,26,-6,0,-8,-8,-37,-14,-5,-1,-12,-10,sil
18.72004270553589,6,12,18,46,6,18,3,2,-18,-3,14,14,-4,0,sil
18.72004270553589,18,27,29,63,15,19,20,0,0,15,24,18,7,15,sil
18.736165761947632,14,20,29,58,4,3,10,2,9,28,21,24,13,22,sil
18.736165761947632,10,11,24,56,0,2,1,9,9,24,17,23,14,16,sil
18.75205135345459,13,18,39,63,5,13,9,8,6,17,14,19,15,13,sil
18.75205135345459,13,13,34,46,0,7,11,3,0,5,8,20,5,14,sil
18.76724600791931,5,-11,-1,2,-16,-12,0,0,-8,-22,-12,16,-17,5,sil
18.78293538093567,1,-22,-16,-22,-18,-17,0,0,-12,-28,-28,4,-22,4,sil
18.78293538093567,2,-13,-16,-22,-10,-9,6,-5,-15,-1,-18,-9,-3,6,sil
18.78293538093567,-10,-24,-18,-36,-8,-4,-1,-7,-20,0,-14,-21,-3,-9,sil
18.797960996627808,-30,-42,-24,-47,-7,7,-8,1,-5,-13,-31,-27,-20,-19,sil
18.797960996627808,-23,-23,-21,-22,0,20,2,9,24,3,-28,-21,-19,-4,sil
18.813875913619995,-3,0,-15,-18,5,10,7,2,31,15,-8,-21,-12,3,sil
18.813875913619995,-1,-3,-20,-46,-4,-6,-11,-5,15,-6,-7,-26,-9,-2,sil
18.83074760437012,0,-4,-9,-41,-6,-11,-24,0,6,-21,-13,-9,5,-2,sil
18.83074760437012,7,1,-3,-13,6,-11,-2,4,14,-4,-2,11,19,2,sil
18.84532237052917,6,-10,-11,-20,7,-10,19,0,22,16,16,11,21,2,sil
18.84532237052917,8,-12,0,-30,0,-8,11,1,13,20,25,11,25,6,sil
18.861066341400143,13,7,5,-3,5,-15,-4,2,3,16,24,18,31,12,sil
18.861066341400143,7,19,1,14,11,-18,-9,2,9,20,27,15,26,5,sil
18.87710642814636,1,21,8,9,4,-6,-10,1,22,19,32,4,10,-3,sil
18.87710642814636,3,24,15,11,0,-6,-25,-6,1,-3,22,2,-8,-7,sil
18.89301562309265,12,20,19,25,1,-10,-28,-9,-42,-27,10,14,-9,-3,sil
18.89301562309265,17,14,20,35,13,10,2,-2,-47,-23,19,22,11,3,sil
18.90820550918579,4,15,16,33,22,30,17,-2,-24,-11,15,11,13,2,sil
18.90820550918579,-15,2,0,15,5,24,3,-6,-18,-5,-21,-11,-10,-8,sil
18.924269914627075,-26,-17,-20,-1,-16,16,4,0,-16,0,-48,-31,-26,-14,sil
18.924269914627075,-33,-23,-16,-12,-23,11,19,9,2,7,-41,-33,-24,-12,sil
18.939940452575684,-23,-21,-12,-22,-17,3,20,3,21,17,-25,-31,-20,-9,sil
18.939940452575684,2,-12,-7,-8,-11,3,13,0,23,21,-12,-18,-14,0,sil
18.95523691177368,12,2,2,14,-7,3,3,0,9,3,2,12,0,8,sil
18.96999573707581,11,4,5,2,-3,-7,-10,-5,-12,-25,15,27,4,2,sil
18.96999573707581,16,3,12,-17,6,-15,-16,-6,-20,-37,16,18,0,0,sil
18.985317707061768,17,18,15,8,18,-10,-5,4,0,-18,17,14,4,8,sil
18.985317707061768,7,28,18,44,18,-5,0,5,15,5,21,11,8,9,sil
19.001065254211422,-6,16,10,36,6,1,3,0,3,11,8,-6,-8,0,sil
19.001065254211422,-16,-5,-10,4,3,8,12,-2,-1,6,-21,-20,-19,-7,sil
19.01683974266052,-14,-14,-13,-8,5,5,16,-2,5,9,-40,-17,-15,-4,sil
19.01683974266052,-9,-13,-9,-6,-2,-3,10,0,6,11,-28,-9,-9,-1,sil
19.03202199935913,-8,-18,-15,-19,-14,0,1,-1,6,-2,-15,-2,0,-3,sil
19.03202199935913,-11,-23,-17,-38,-11,8,-7,-3,7,-11,-16,-1,8,0,sil
19.04715895652771,-4,-22,-15,-29,-5,-3,-14,2,-1,-3,-6,-8,10,6,sil
19.04715895652771,4,-14,-7,-20,-7,-21,-24,9,-4,0,9,0,16,-1,sil
19.06326580047608,3,-8,-11,-31,-17,-24,-31,1,2,-3,14,8,23,-12,sil
19.06326580047608,7,0,-6,-28,-18,-19,-20,0,5,-3,17,6,16,-1,sil
19.079895496368408,25,20,20,5,0,0,1,11,1,6,36,27,14,13,sil
19.079895496368408,25,27,25,31,15,20,12,3,-8,9,46,40,18,12,sil
19.09503030776977,9,18,19,27,18,9,8,-9,-22,-5,24,15,0,4,sil
19.09503030776977,8,24,17,31,20,4,3,-5,-14,-8,2,-2,-17,2,sil
19.111034870147705,8,27,14,44,18,16,11,0,9,16,3,0,-8,6,sil
19.111034870147705,0,9,9,35,12,19,17,0,13,27,2,-5,0,10,sil
19.12641954421997,-6,-11,-4,9,4,10,9,-1,3,16,-10,-21,-6,6,sil
19.12641954421997,-15,-24,-11,-16,-12,2,1,-4,2,7,-15,-22,-11,-1,sil
19.142524003982544,-13,-19,-11,-26,-18,-2,1,-6,6,5,-6,-5,0,0,sil
19.142524003982544,8,0,-1,-16,0,-8,-1,0,5,4,-2,12,17,9,sil
19.158318281173703,15,7,9,-17,3,-15,-7,8,1,-6,-7,17,16,4,sil
19.158318281173703,-3,5,0,-20,-8,-20,-10,1,-6,-23,-8,0,-8,-19,sil
19.17403626441956,-15,12,-2,-4,2,-9,-6,-4,-24,-28,-9,-17,-29,-32,sil
19.17403626441956,-14,4,0,4,11,10,10,-2,-23,-22,-18,-21,-26,-18,sil
19.190311193466187,-21,-18,-17,0,-6,18,23,0,-1,-9,-20,-22,-19,-4,sil
19.190311193466187,-28,-24,-17,3,-12,15,15,3,9,8,-12,-13,-11,-1,sil
19.20620799064636,-16,-15,-5,2,-3,9,5,2,9,22,-10,-4,9,0,sil
19.20620799064636,1,-11,-6,-10,-7,-5,1,1,19,21,-10,2,21,8,sil
19.22252511978149,11,-11,-4,-5,-8,-15,-5,5,29,14,4,9,17,17,sil
19.22252511978149,11,-2,1,6,-2,-10,-19,3,16,2,18,15,18,16,sil
19.239776849746704,10,7,2,-5,-9,-15,-30,-3,-10,-13,11,16,18,3,sil
19.239776849746704,14,1,0,-15,-8,-22,-22,-9,-18,-26,10,12,3,-9,sil
19.239776849746704,18,0,8,-4,5,-6,-4,-5,-12,-24,19,16,-6,-12,sil
19.25290274620056,19,23,12,7,10,4,0,2,-8,-10,19,18,-1,-6,sil
19.26843976974488,12,32,4,12,8,-1,-5,-1,-6,-7,8,1,-3,-8,sil
19.26843976974488,-4,13,7,11,11,1,-4,-6,-12,-18,0,-12,-13,-11,sil
19.28415560722351,-9,5,7,11,11,17,4,1,-6,-4,0,-6,-15,0,sil
19.28415560722351,0,13,5,18,9,25,13,7,5,16,0,-1,-20,6,sil
19.300182342529297,-3,9,3,11,9,18,20,3,-2,11,-9,-12,-14,1,sil
19.300182342529297,-6,-5,-5,-1,6,5,21,0,-5,8,-8,-16,0,3,sil
19.315711975097656,-1,-6,-1,5,6,6,10,2,8,16,-6,-10,-14,6,sil
19.315711975097656,-5,0,0,17,5,14,2,0,9,17,-18,-14,-20,7,sil
19.33115863800049,-9,-14,-5,0,-4,6,4,-2,7,15,-19,-11,14,13,sil
19.33115863800049,-4,-34,-9,-20,-16,0,1,2,19,16,-11,3,28,10,sil
19.34682989120484,-4,-25,-12,-10,-15,-6,-1,5,19,17,-5,10,17,6,sil
19.34682989120484,3,0,1,0,-7,-16,0,5,15,21,16,22,33,16,sil
19.362031936645508,16,-3,9,-13,-5,-22,-6,5,20,18,36,33,46,14,sil
19.362031936645508,14,-13,-1,-29,-6,-25,-26,-1,1,-5,21,29,18,1,sil
19.37758493423462,4,7,0,-16,-3,-17,-31,-6,-27,-32,7,14,-7,-3,sil
19.37758493423462,0,23,3,10,4,-3,-5,-5,-26,-28,11,-10,-4,-13,sil
19.39320015907288,-3,7,3,15,12,4,13,-2,-13,-12,1,-15,-4,-18,sil
19.39320015907288,-12,2,-8,2,2,6,3,-3,-12,-15,-14,-3,-20,-8,sil
19.40873336791992,-20,10,-15,-5,-12,0,-3,-6,-13,-17,-19,-15,-27,-8,sil
19.40873336791992,-16,3,1,-1,-3,14,25,0,0,0,-15,-30,-15,-18,sil
19.42479467391968,-10,-13,0,-1,8,34,46,5,18,8,-13,-26,-6,-11,sil
19.42479467391968,-8,-19,-8,-16,-6,13,14,0,11,0,-16,-12,-6,0,sil
19.441019535064697,3,-18,-1,-24,-18,-18,-17,-7,-11,-3,0,5,5,1,sil
19.441019535064697,25,-5,8,-12,-7,-23,-19,-1,-7,-5,26,22,21,3,sil
19.45616340637207,32,30,22,9,5,-17,-20,5,10,-8,26,32,18,9,sil
19.45616340637207,22,48,26,29,11,-17,-21,0,0,0,14,23,8,13,sil
19.471700429916385,7,22,16,23,9,-9,-10,-2,-20,0,5,-4,-10,3,sil
19.471700429916385,0,4,1,17,10,8,-2,4,-17,-2,-3,-13,-24,-9,sil
19.48713040351868,-2,7,-2,31,18,21,0,6,-5,1,-8,0,-16,-4,sil
19.48713040351868,-10,-3,-1,30,12,23,13,5,0,10,-10,-3,-12,2,sil
19.50311803817749,-16,-18,-16,4,-5,18,23,2,12,16,-17,-16,-16,-3,sil
19.50311803817749,-19,-22,-26,-18,-4,9,9,0,21,15,-22,-14,-7,-4,sil
19.51920771598816,-22,-27,-25,-31,0,0,-8,-4,10,5,-24,-16,-1,-3,sil
19.51920771598816,-18,-21,-24,-22,-8,-5,-5,-7,8,1,-17,-20,-6,-7,sil
19.53486943244934,-3,-3,-3,-8,-8,-7,0,1,22,12,3,-5,3,0,sil
19.53486943244934,7,-7,-2,-16,-3,0,-7,6,22,11,6,6,17,9,sil
19.5499050617218,9,-17,-10,-26,-10,2,-9,0,7,-7,-7,10,7,2,sil
19.5499050617218,12,0,11,-8,-6,-2,-1,-3,-2,-21,8,18,0,1,sil
19.565832138061523,17,22,24,9,6,-5,-1,-5,-17,-17,38,26,9,5,sil
19.565832138061523,16,21,20,13,6,-5,-5,-2,-23,-12,33,27,6,3,sil
19.581252336502075,12,21,18,23,5,-5,2,1,-11,-6,19,17,4,11,sil
19.581252336502075,5,23,22,29,9,-6,6,0,-10,0,23,8,12,16,sil
19.596683979034424,0,12,15,17,6,0,5,2,-14,4,13,4,12,-2,sil
19.596683979034424,-4,0,-6,5,5,12,15,7,-1,9,-12,-3,5,-9,sil
19.612142086029053,-14,-5,-11,3,10,19,27,3,0,11,-19,-13,-2,0,sil
19.612142086029053,-21,-14,-11,5,2,3,15,-5,-11,9,-10,-21,-8,-4,sil
19.62778258323669,-12,-15,-9,1,-11,-12,-5,-4,0,5,-15,-22,-2,-6,sil
19.62778258323669,4,-1,0,-8,-14,-5,-1,5,25,9,-22,-5,12,14,sil
19.64289093017578,6,0,-5,-13,-13,-3,15,10,35,24,-10,4,23,24,sil
19.64289093017578,-1,-6,-8,-12,-11,-10,7,7,20,21,1,0,17,7,sil
19.65841841697693,2,-12,-6,-17,-5,-9,-13,0,3,-3,3,0,10,-6,sil
19.65841841697693,15,-13,0,-26,-6,-13,-26,-7,-4,-19,2,14,11,0,sil
19.674405574798584,16,-4,7,-24,-8,-12,-33,-8,-14,-16,11,24,10,5,sil
19.674405574798584,11,8,6,-10,0,0,-35,-11,-20,-15,16,6,3,-10,sil
19.689942836761475,8,12,4,-6,7,-4,-33,-11,-22,-23,0,-10,-18,-31,sil
19.689942836761475,0,9,-3,-8,-3,-19,-22,-6,-25,-32,-13,-10,-38,-32,sil
19.70570158958435,-5,10,-5,2,-2,-5,0,-3,-18,-28,-1,-3,-38,-14,sil
19.70570158958435,-7,12,11,22,17,21,24,3,1,-5,4,-5,-26,1,sil
19.72179913520813,-11,1,2,24,20,24,36,10,18,10,-2,-13,-15,3,sil
19.72179913520813,-9,-7,-12,7,6,20,30,9,19,11,-5,-11,-13,3,sil
19.73731756210327,-7,-3,-6,0,3,26,22,3,11,16,-7,-10,-10,3,sil
19.73731756210327,-25,-13,-13,-1,3,11,11,-2,0,4,-28,-26,-27,-15,sil
19.753018856048584,-35,-19,-21,-7,-2,-6,-4,-5,-13,-24,-38,-33,-53,-31,sil
19.753018856048584,-12,0,-11,0,-5,0,-7,-6,-19,-7,-9,-15,-20,-7,sil
19.76894187927246,6,4,8,3,-1,5,0,0,-10,22,14,6,49,18,sil
19.76894187927246,2,-7,10,-1,2,1,0,6,2,18,11,23,68,15,sil
19.78457546234131,8,0,9,11,8,10,0,7,14,14,14,32,41,16,sil
19.78457546234131,19,15,20,33,6,18,4,6,20,22,21,27,13,20,sil
19.8001012802124,9,11,7,25,0,0,5,7,13,18,9,8,-1,8,sil
19.8001012802124,6,0,-1,7,-4,-13,4,7,1,9,-1,3,-16,5,sil
19.816175937652588,14,-3,5,1,-5,-4,0,2,7,7,4,8,-44,14,sil
19.816175937652588,8,0,2,-4,-5,0,0,-2,21,10,17,13,-34,13,sil
19.832042455673218,2,-1,1,-11,-3,-11,9,-1,18,11,20,23,39,10,sil
19.832042455673218,16,-5,3,-3,-3,-21,12,0,12,9,17,22,78,17,sil
19.84701466560364,20,2,5,1,-1,-21,-4,-5,6,-4,9,11,41,12,sil
19.84701466560364,7,7,5,-2,-1,-18,-17,-9,-9,-24,0,4,18,-5,sil
19.862669706344604,0,1,-1,-8,-6,-13,-6,-5,-18,-25,-2,-1,21,-5,sil
19.862669706344604,5,7,6,-6,-6,-5,-2,0,-11,-14,2,0,8,4,sil
19.877700567245483,9,16,10,8,1,2,-15,-5,-11,-11,12,8,-2,0,sil
19.89375185966492,9,13,4,17,6,0,-22,-2,-12,-8,23,7,1,-5,sil
19.89375185966492,4,10,-1,1,6,-3,-12,9,6,5,18,0,2,-1,sil
19.89375185966492,-11,0,-16,-18,3,-1,-4,4,6,5,-14,-15,-16,-13,sil
19.90894198417664,-28,-14,-23,-29,0,0,-11,-7,-38,-18,-43,-38,-46,-37,sil
19.90894198417664,-31,-13,-17,-26,-1,4,-3,-6,-52,-30,-37,-43,-43,-35,sil
19.92412805557251,-22,-10,-11,-16,0,13,9,0,-15,-11,-27,-32,-20,-15,goodbye
19.92412805557251,-15,-16,-10,-16,0,7,0,3,7,2,-31,-24,-20,-11,goodbye
19.94013857841492,-16,-15,-16,-24,3,3,-8,-4,-1,-6,-29,-22,-32,-13,goodbye
19.956827640533447,-17,-5,-9,-28,0,11,7,-7,-8,-10,-29,-20,-26,-7,goodbye
19.956827640533447,-11,-7,-7,-21,-10,5,13,0,-1,0,-30,-23,-13,-4,goodbye
19.956827640533447,0,-7,-7,3,-6,-3,0,0,0,2,-15,-14,-7,-2,goodbye
19.97309923171997,8,1,7,30,5,8,9,-3,0,1,7,6,0,4,goodbye
19.97309923171997,7,5,12,30,4,21,31,1,13,14,18,10,7,8,goodbye
19.98612141609192,0,6,13,20,1,15,22,9,25,18,10,9,-5,6,goodbye
20.001676082611084,1,8,16,27,9,9,2,7,26,9,9,21,-5,12,goodbye
20.001676082611084,15,7,17,29,9,9,3,5,35,24,36,34,31,27,goodbye
20.01769113540649,18,5,23,22,1,9,11,13,46,45,57,36,52,33,goodbye
20.01769113540649,12,0,12,24,1,8,7,11,37,41,44,32,40,26,goodbye
20.03378963470459,12,-3,0,20,1,-4,-5,0,16,26,27,33,33,17,goodbye
20.03378963470459,12,0,-1,2,-3,-21,-7,-6,0,14,20,29,33,10,goodbye
20.048882246017456,4,0,-3,-13,-6,-25,-8,-9,-15,-14,8,15,15,-6,goodbye
20.048882246017456,-5,2,-4,-20,-10,-24,-23,-10,-34,-51,0,5,-14,-22,goodbye
20.06462025642395,-5,14,-1,-12,-11,-24,-26,-2,-39,-55,-4,-5,-33,-15,goodbye
20.06462025642395,8,17,11,2,0,-11,-6,6,-26,-27,-12,-16,-24,-2,goodbye
20.08566737174988,18,11,17,12,9,11,15,8,-10,4,-8,-13,0,4,goodbye
20.08566737174988,10,0,5,11,8,16,24,2,1,19,-4,-2,4,15,goodbye
20.08566737174988,0,-13,-3,0,0,4,10,-2,0,19,-19,1,-3,19,goodbye
20.095707416534424,1,-17,-20,-21,-4,-9,-13,-9,-9,8,-23,-7,3,8,goodbye
20.11086869239807,0,-12,-21,-34,-2,-21,-26,-7,-2,-14,-15,-10,3,-6,goodbye
20.11086869239807,-10,-6,-17,-26,-1,-21,-27,-4,4,-38,-19,-7,-13,-17,goodbye
20.126968383789062,-9,-3,-18,-21,-6,-20,-23,-4,-6,-40,-16,-12,-17,-27,goodbye
20.126968383789062,0,4,-3,-19,3,-7,-9,-2,-17,-33,1,-13,-12,-29,goodbye
20.14268589019776,-7,16,-1,-2,19,19,8,-5,-14,-25,0,-15,-18,-25,goodbye
20.14268589019776,-27,11,-11,6,6,26,13,-3,-11,-2,-14,-25,-22,-24,goodbye
20.15775680541992,-27,2,0,5,-5,15,11,7,-4,28,0,-20,-8,-11,goodbye
20.15775680541992,-6,11,17,21,6,15,8,7,6,39,20,-2,5,10,goodbye
20.17318606376648,0,16,22,29,10,23,2,-1,8,24,5,0,0,11,goodbye
20.17318606376648,-3,0,8,16,-4,21,10,-2,1,21,-7,-11,0,4,goodbye
20.18873167037964,5,-10,8,9,-6,8,23,0,-3,21,-2,-3,9,14,goodbye
20.18873167037964,20,-5,14,8,0,9,17,7,4,9,2,18,10,22,goodbye
20.204396963119507,9,-16,-5,-5,-7,14,5,11,22,9,7,20,11,22,goodbye
20.204396963119507,-9,-30,-14,-18,-12,-1,-1,6,30,21,3,4,14,20,goodbye
20.219931602478027,-2,-18,-5,-4,-3,-23,-4,0,36,29,3,4,18,15,goodbye
20.219931602478027,20,-3,0,2,0,-23,0,5,40,29,19,23,26,13,goodbye
20.235755681991577,22,-2,0,-12,-8,-10,8,5,23,8,12,28,20,11,goodbye
20.235755681991577,-3,-4,-14,-17,-8,-2,2,-9,-8,-26,-17,1,-3,-11,goodbye
20.2508487701416,-19,-3,-16,-10,0,-6,-9,-10,-31,-40,-22,-12,-16,-32,goodbye
20.2508487701416,-7,-1,-2,-7,3,-12,-11,1,-23,-27,-1,-1,-7,-24,goodbye
20.26694369316101,0,4,5,0,3,-9,-12,0,-6,-23,7,3,-4,-10,goodbye
20.26694369316101,-4,11,4,11,3,0,-15,-4,-6,-20,5,0,-7,-10,goodbye
20.28215765953064,2,14,3,15,8,1,-6,0,0,-1,9,0,-2,-5,goodbye
20.28215765953064,13,15,15,11,12,-1,5,0,8,3,15,10,0,8,goodbye
20.298142194747925,4,10,13,4,3,-2,7,0,-7,-9,10,9,-8,5,goodbye
20.298142194747925,-2,7,-2,-1,-4,-1,-2,-2,-35,-19,-1,-13,-15,-5,goodbye
20.312842845916748,0,12,3,-3,0,0,-14,-4,-34,-16,-8,-16,-13,-5,goodbye
20.312842845916748,2,6,2,-1,3,1,-12,-2,-15,-13,-10,0,-8,0,goodbye
20.328855752944943,-5,0,-6,0,-2,0,-6,0,-11,-10,-15,-7,-10,-5,goodbye
20.328855752944943,-7,12,0,2,0,-4,1,1,-3,6,-8,-19,-4,-5,goodbye
20.344910621643063,1,10,9,9,7,0,12,0,14,24,0,-5,3,3,goodbye
20.344910621643063,0,-9,5,9,5,19,11,0,11,16,-3,7,0,8,goodbye
20.360840559005737,-11,-14,-8,3,2,21,10,0,1,9,-4,-1,3,4,goodbye
20.360840559005737,-11,-7,-11,0,4,11,25,2,7,30,-2,-12,9,4,goodbye
20.375917196273804,1,-9,-5,0,5,13,32,7,12,40,-1,-3,10,9,goodbye
20.375917196273804,10,-14,-3,2,3,9,14,5,18,20,11,15,16,12,goodbye
20.39204216003418,4,-8,1,0,-4,-3,-5,0,26,8,24,24,23,15,goodbye
20.39204216003418,0,-6,-4,-18,-14,-11,-12,-3,15,6,8,4,12,12,goodbye
20.408090114593502,-4,-13,-5,-24,-16,-18,-18,-6,-3,-11,-15,-10,-6,0,goodbye
20.408090114593502,-5,-16,-5,-11,-20,-24,-21,-7,-8,-24,-14,-6,-7,-9,goodbye
20.423660039901733,11,-4,0,-6,-23,-23,-16,0,-4,-14,7,6,6,0,goodbye
20.423660039901733,35,19,21,-4,-4,-15,-13,9,1,-8,29,29,15,13,goodbye
20.44034099578857,30,26,22,6,12,-1,-10,2,8,-18,29,28,8,6,goodbye
20.44034099578857,6,15,8,13,12,11,-12,-6,-4,-29,6,0,-13,-16,goodbye
20.456031799316406,-5,15,5,15,12,18,-11,-3,-29,-23,-4,-13,-29,-25,goodbye
20.456031799316406,-16,7,0,8,13,6,0,-1,-28,-9,-5,-4,-18,-10,goodbye
20.47108817100525,-21,-5,0,2,2,-3,7,-3,-8,4,-14,1,-6,-3,goodbye
20.47108817100525,-12,1,-2,15,0,4,12,-3,-2,21,-18,-10,-6,-7,goodbye
20.48703646659851,-1,9,-8,22,13,18,25,-1,0,24,-11,-27,-4,-5,goodbye
20.48703646659851,-6,-3,-3,7,14,21,27,5,15,14,-9,-18,-2,0,goodbye
20.502684116363525,-23,-18,-8,-6,-2,15,9,5,20,8,-16,-10,-5,-7,goodbye
20.502684116363525,-32,-23,-20,-11,-13,6,0,0,4,-2,-26,-18,-10,-12,goodbye
20.51872181892395,-14,-13,-20,-4,-3,5,17,1,2,-1,-15,-19,0,5,goodbye
20.51872181892395,8,0,-4,0,5,0,18,3,14,13,0,0,17,24,goodbye
20.53389525413513,5,0,4,-10,0,-12,-10,3,10,10,0,12,14,12,goodbye
20.53389525413513,-2,-5,-8,-19,-7,-14,-15,3,0,3,0,5,0,-3,goodbye
20.549936056137085,14,-2,-1,-27,-7,-5,2,4,6,10,12,5,10,4,goodbye
20.549936056137085,28,-7,9,-33,-5,-4,-1,-2,10,0,18,9,25,14,goodbye
20.565345287323,14,-6,0,-11,-8,-15,-20,-8,-10,-22,10,11,7,8,goodbye
20.565345287323,5,9,1,13,-8,-21,-15,-3,-20,-23,0,18,-1,3,goodbye
20.58097243309021,13,7,7,7,-4,-15,-5,0,-5,-14,1,17,7,1,goodbye
20.58097243309021,6,2,9,-5,-3,-3,-10,0,1,-6,11,10,3,0,goodbye
20.596944332122803,-1,16,5,5,0,1,-9,4,6,10,22,15,0,0,goodbye
20.596944332122803,3,12,2,13,5,-6,-3,2,9,20,28,16,4,-3,goodbye
20.611963748931885,2,-2,6,5,4,-6,-5,-4,-4,1,21,1,-5,-16,goodbye
20.611963748931885,-6,3,6,14,6,3,-4,-6,-13,-18,0,-5,-13,-15,goodbye
20.6271710395813,-5,16,4,18,4,-5,0,-4,-17,-22,-9,-4,-7,-9,goodbye
20.6271710395813,-6,10,-2,-1,-2,-17,0,-4,-30,-25,-9,-14,-12,-12,goodbye
20.64273285865784,-10,3,-3,-6,2,5,-3,-5,-29,-22,-17,-20,-25,-11,goodbye
20.64273285865784,-2,4,8,11,15,35,0,0,-4,10,-8,-5,-8,4,goodbye
20.658143520355225,3,0,6,19,12,36,10,2,18,39,13,0,15,15,goodbye
20.658143520355225,2,-3,2,21,8,23,11,0,11,17,1,-7,3,3,goodbye
20.674119234085083,2,1,8,21,6,17,9,-1,-5,-8,-16,-1,-11,0,goodbye
20.674119234085083,1,2,1,4,0,6,12,0,-1,-9,-9,5,-1,8,goodbye
20.69031882286072,0,0,-3,-4,-5,-6,9,3,4,-7,-10,0,1,11,goodbye
20.69031882286072,7,0,0,3,2,-8,11,9,2,7,-8,-5,0,12,goodbye
20.70595932006836,6,-12,2,0,2,3,21,17,19,38,4,0,7,20,sil
20.70595932006836,-20,-25,-10,-12,-11,11,22,15,30,39,-10,-9,2,10,sil
20.72139835357666,-32,-27,-21,-11,-12,0,12,1,11,16,-28,-22,-5,-9,sil
20.737066745758057,-12,-23,-7,-21,-3,-8,0,-3,0,0,-6,-7,-1,-20,sil
20.737066745758057,-1,-17,-13,-36,-10,0,-12,-4,0,-21,1,-1,-5,-22,sil
20.75272798538208,-1,-5,-21,-24,-11,3,-18,-8,-9,-34,-15,-12,-15,-11,sil
20.75272798538208,6,6,-5,-5,0,-13,-14,-8,-5,-14,-13,-11,-5,8,sil
20.75272798538208,11,4,0,-5,0,-22,-9,0,21,11,2,1,17,11,sil
20.76827502250672,1,0,-2,-7,-8,-15,-11,1,24,8,8,14,19,0,sil
20.76827502250672,0,10,-1,0,-5,-14,-8,-3,12,0,11,19,7,-7,sil
20.783933877944943,17,20,6,6,3,-19,-7,-2,12,6,17,22,14,1,sil
20.80001449584961,33,20,17,9,4,-16,-20,0,11,8,36,39,32,18,sil
20.80001449584961,26,14,12,4,-4,-10,-26,-10,-1,-5,49,41,31,17,sil
20.80001449584961,8,11,13,-1,-9,-9,-17,-8,-23,-23,25,20,9,2,sil
20.81567430496216,-2,8,10,0,0,-10,-5,2,-37,-30,0,0,-11,-7,sil
20.81567430496216,-7,0,2,7,9,0,4,2,-26,-16,0,-3,-15,-10,sil
20.83172488212585,-4,0,9,19,13,27,17,8,1,15,7,0,-3,-1,sil
20.83172488212585,-12,0,0,23,14,34,21,10,1,25,0,-7,0,1,sil
20.846790075302124,-27,-9,-14,0,5,6,0,0,-24,-2,-18,-19,-19,-14,sil
20.846790075302124,-17,-9,-7,-14,-3,-3,-9,-2,-36,-20,-21,-21,-27,-20,sil
20.86292862892151,0,5,4,9,0,7,0,0,-23,-13,-17,-21,-23,-6,sil
20.86292862892151,-7,8,5,24,8,17,11,0,-12,-3,-22,-30,-24,-8,sil
20.877146244049072,-5,0,0,15,13,20,23,0,4,13,-14,-28,-13,-6,sil
20.877146244049072,9,0,5,9,12,17,28,0,18,24,-1,-6,1,13,sil
20.89313840866089,2,0,1,5,3,14,12,-5,7,12,-1,5,-2,20,sil
20.90872693061829,-11,-9,-9,-8,-5,3,4,-10,-6,0,-9,-6,-5,0,sil
20.90872693061829,-2,-18,-3,-13,-11,-8,8,-2,3,-1,-19,-12,4,-10,sil
20.923871278762817,5,-17,-5,-4,-14,-9,5,3,24,1,-18,2,10,3,sil
20.923871278762817,2,-6,-10,-6,-14,-7,-4,6,31,4,-1,16,10,17,sil
20.94002270698548,0,2,-5,-19,-9,-12,-6,6,25,3,10,8,18,7,sil
20.94002270698548,1,-1,-6,-23,-1,-12,-12,2,14,0,11,2,22,-1,sil
20.955496549606323,3,-1,0,-17,0,-7,-16,1,3,-6,16,18,15,4,sil
20.955496549606323,8,4,1,-8,-6,-9,-10,4,1,-7,21,23,12,5,sil
20.97083616256714,8,7,-1,-3,-5,-14,-10,4,3,-2,21,11,10,-5,sil
20.97083616256714,3,9,1,4,7,-7,-16,1,2,-5,11,5,-4,-8,sil
20.98596954345703,0,12,14,22,19,8,-6,-4,-1,-8,-4,-2,-22,-6,sil
20.98596954345703,-1,10,19,27,16,15,7,-7,-9,4,-10,-12,-21,-8,sil
21.0010359287262,-3,-1,0,8,1,10,11,-9,-11,15,-9,-11,-10,-3,sil
21.0010359287262,0,-16,-6,-13,-7,9,19,-4,-4,5,-17,-5,-6,14,sil
21.01700186729431,0,-16,-5,-14,-9,11,25,2,1,2,-19,-3,0,20,sil
21.01700186729431,-1,-1,-16,-2,-10,-1,11,1,0,14,0,1,18,7,sil
21.031726837158203,0,4,-4,-4,-7,-20,-8,1,4,12,12,8,28,2,sil
21.031726837158203,0,-8,4,-12,-7,-24,-17,4,16,-4,1,3,12,3,sil
21.04774069786072,-2,-11,-1,-15,-10,-14,-20,2,5,-16,0,1,-7,-8,sil
21.04774069786072,5,9,5,-4,1,-5,-12,0,-18,-16,27,13,2,-11,sil
21.06381916999817,14,19,15,12,17,-5,-6,-9,-24,-15,37,20,16,-4,sil
21.06381916999817,8,14,10,20,9,-4,-24,-11,-22,-17,15,17,-5,-10,sil
21.079864501953125,2,14,0,22,6,4,-27,0,-20,-4,7,7,-22,-13,sil
21.079864501953125,-2,10,5,20,8,3,-10,1,-19,0,5,-7,-13,-8,sil
21.09499716758728,-6,3,10,15,1,5,-1,-2,-17,-9,-13,-14,-13,-6,sil
21.09499716758728,-6,-4,-5,11,5,19,1,1,-6,1,-19,-12,-14,1,sil
21.11052799224853,-11,-14,-6,9,11,24,10,9,9,18,-9,-9,0,12,sil
21.11052799224853,-11,-10,0,3,0,17,30,6,22,19,-7,-14,11,10,sil
21.126049041748047,-5,0,-4,-3,-6,15,40,0,28,17,-15,-20,2,2,sil
21.126049041748047,-16,-6,-16,-14,-6,15,26,3,21,11,-22,-19,-11,-6,sil
21.141531944274902,-24,-18,-25,-19,-9,2,18,2,4,5,-19,-21,-4,-9,sil
21.141531944274902,-7,-17,-12,-14,-3,-5,23,0,-1,6,-16,-19,3,-1,sil
21.1576566696167,6,-12,-3,-10,0,2,15,0,10,0,-17,-2,2,2,sil
21.1576566696167,16,0,-2,-13,-6,3,1,5,31,-1,6,24,17,11,sil
21.17281985282898,27,19,5,-12,-9,-15,-1,9,31,11,38,35,33,21,sil
21.17281985282898,21,19,7,-11,-2,-34,-11,-1,3,0,22,15,13,2,sil
21.188262462615967,9,8,11,-10,0,-25,-39,-12,-23,-28,-3,4,-16,-15,sil
21.188262462615967,0,9,10,3,0,-9,-47,-8,-33,-27,-7,1,-21,-8,sil
21.204097509384155,-15,3,1,12,2,-9,-16,-6,-35,-15,-14,-16,-16,-10,sil
21.204097509384155,-9,-1,7,8,4,5,13,-5,-20,-5,-14,-13,-15,-8,sil
21.21906471252441,6,3,9,14,6,25,20,1,6,19,4,11,-1,17,sil
21.21906471252441,0,-2,1,9,4,8,9,5,15,29,10,14,12,27,sil
21.23468542098999,-3,-14,-7,-11,0,-11,-1,0,2,4,8,3,6,5,sil
21.23468542098999,5,-6,-6,-17,-2,-12,-12,-6,-2,-18,18,2,0,-9,sil
21.25021314620972,5,-4,-1,-14,-3,-10,-21,-4,-1,-20,15,12,8,-10,sil
21.25021314620972,-2,-12,-11,-10,-4,-7,-14,0,-3,-16,7,10,11,-7,sil
21.265917778015137,-3,0,-5,0,-3,-6,-5,0,-8,-20,11,1,-1,-10,sil
21.265917778015137,-4,18,14,7,-1,-3,-1,0,-6,-16,6,0,-7,-9,sil
21.281704425811768,-2,12,9,11,0,12,4,3,2,8,-4,0,-5,3,sil
21.281704425811768,9,6,14,24,7,26,16,11,9,29,0,-3,-6,15,sil
21.297245264053345,13,9,15,30,10,20,22,6,2,24,8,-4,0,8,sil
21.297245264053345,-1,0,-6,13,-2,9,12,-2,-12,10,-8,-3,3,-3,sil
21.3131742477417,-9,-12,-18,0,-10,9,4,3,-5,4,-23,-6,-6,0,sil
21.3131742477417,-1,-7,-10,3,-1,6,9,5,11,9,-12,-7,-5,8,sil
21.32868456840515,4,0,1,0,5,-5,3,-1,12,15,-3,-5,9,4,sil
21.32868456840515,7,-1,0,-5,6,-4,-4,-1,21,21,0,-2,21,4,sil
21.34369134902954,3,-1,-3,-2,8,5,0,2,35,20,2,1,14,7,sil
21.34369134902954,-12,-10,-5,-10,3,-1,0,0,18,0,-14,-8,-3,-11,sil
21.35886001586914,-19,-14,-10,-25,-7,-15,-11,-6,-6,-21,-22,-14,-5,-25,sil
21.35886001586914,1,6,4,-11,-7,-8,-8,-1,-7,-20,3,10,9,-4,sil
21.375016689300537,8,16,8,5,-2,-2,0,-1,-5,-14,21,24,12,8,sil
21.390000820159912,-9,0,-5,-14,-7,-18,-17,-10,-20,-20,8,4,-5,-7,sil
21.390000820159912,-3,4,2,-17,-7,-24,-29,-13,-26,-22,1,0,-16,-15,sil
21.405529260635376,14,21,16,19,1,-14,-15,-8,-20,-20,7,9,-15,-6,sil
21.405529260635376,0,12,15,29,0,-2,0,1,-21,-15,8,3,-17,-5,sil
21.405529260635376,-15,0,-2,10,0,16,7,7,-17,-3,4,-12,-13,-4,sil
21.421667337417603,-3,-3,-11,6,8,35,17,4,-3,9,-5,-10,-4,6,sil
21.43770146369934,2,-4,0,10,14,34,30,7,6,23,-9,0,2,19,sil
21.43770146369934,0,-7,1,4,7,14,35,10,15,34,-1,-4,16,21,sil
21.452651739120483,0,-19,-13,-14,-2,0,18,2,17,26,-7,-19,12,11,sil
21.452651739120483,-2,-26,-20,-33,-7,0,-4,-2,10,14,-20,-22,-2,0,sil
21.46785306930542,0,-10,-8,-18,-3,-2,-7,1,11,10,-15,-8,-1,0,sil
21.46785306930542,0,1,-3,-5,1,-9,1,4,12,0,-7,-1,-3,-5,sil
21.48348498344421,-7,-9,-16,-25,1,-8,5,0,1,-13,-4,-10,-13,-20,sil
21.48348498344421,-3,-13,-3,-29,-1,0,0,-3,-3,-16,6,-1,-6,-7,sil
21.499871730804443,8,4,12,2,-1,3,-5,-1,4,-11,13,15,5,12,sil
21.499871730804443,11,18,4,17,0,-10,-9,0,6,-8,1,10,2,0,sil
21.51566195487976,14,20,14,8,1,-18,-8,4,1,-10,-5,5,1,-5,sil
21.51566195487976,19,17,22,11,-2,-8,-7,2,0,-8,8,18,8,11,sil
21.530996799469,12,14,12,12,-9,-10,-14,-3,-4,-1,19,25,7,15,sil
21.530996799469,1,17,9,10,-7,-15,-18,-5,-8,7,18,22,12,5,sil
21.5469651222229,4,15,14,22,2,0,-8,-5,-3,10,23,19,15,5,sil
21.5469651222229,6,9,15,30,5,16,-5,-4,-7,5,25,22,2,3,sil
21.561726808547974,-7,4,1,22,3,4,-10,-4,-12,2,12,10,-1,-4,sil
21.561726808547974,-24,-8,-10,3,3,-5,-7,-1,-5,-3,-11,-7,-1,-14,sil
21.57735514640808,-20,-20,-12,-8,0,7,8,6,7,-3,-19,-13,-7,-17,sil
21.57735514640808,-3,-12,-4,-5,0,16,24,7,13,4,0,-2,-2,-4,sil
21.5929012298584,-1,-8,3,-1,0,8,21,1,0,0,1,0,0,0,sil
21.5929012298584,-13,-20,-12,-5,-3,3,7,0,-20,-6,-12,-16,-6,-15,sil
21.60901165008545,0,-14,-8,0,0,1,6,2,-5,4,-4,-14,0,-16,sil
21.60901165008545,23,9,16,19,0,3,9,2,22,3,10,3,7,8,sil
21.62506484985352,11,8,2,8,-10,-1,-5,0,9,-8,0,-2,0,14,sil
21.62506484985352,-3,-12,-11,-24,-17,-17,-19,1,-10,-7,-16,-14,-10,4,sil
21.64021372795105,10,-8,0,-15,-1,-15,-11,0,7,9,-9,-3,0,6,sil
21.64021372795105,20,16,6,12,14,0,-4,-3,12,14,-2,2,6,11,sil
21.656243801116943,5,23,-2,5,14,2,-8,-10,-12,-2,-9,-6,-1,4,sil
21.656243801116943,-8,7,-15,-12,7,-1,-7,-18,-24,-16,-15,-21,-14,-5,sil
21.67204785346985,-19,-5,-21,-26,9,3,1,-12,-13,-12,-20,-27,-16,-15,sil
21.67204785346985,-25,-7,-29,-33,4,10,11,0,-6,-4,-24,-29,-9,-17,sil
21.68753170967102,-22,-6,-23,-25,-8,8,16,5,-8,0,-17,-27,-3,-10,sil
21.68753170967102,-27,-16,-12,-30,-5,9,17,14,10,14,-3,-20,-1,-7,sil
21.703164100646973,-34,-22,-23,-41,0,11,19,15,37,31,-3,-15,-1,-5,sil
21.703164100646973,-11,-3,-6,-19,-5,3,11,6,32,27,0,-3,-1,2,sil
21.71870374679565,10,9,20,9,-3,-4,0,2,14,7,14,8,2,12,sil
21.71870374679565,7,-4,14,8,4,-3,-8,1,12,-10,13,19,2,19,sil
21.73383378982544,13,-7,18,10,4,3,-8,0,3,-12,9,31,5,17,sil
21.73383378982544,29,2,31,27,3,3,3,1,-13,-1,26,37,18,11,sil
21.749930143356323,32,12,39,32,8,-10,6,0,-16,1,45,43,26,12,sil
21.749930143356323,46,33,49,46,19,-17,-11,-3,0,5,53,64,32,26,sil
21.76597762107849,54,41,44,59,20,-4,-27,-2,8,12,43,66,30,33,sil
21.76597762107849,21,16,16,39,0,-2,-24,-3,-13,-3,13,21,5,9,sil
21.781269311904907,-5,-7,-4,18,-6,-15,-12,-11,-30,-29,-5,-9,-17,-17,sil
21.781269311904907,-12,-12,-13,2,-7,-18,-12,-7,-28,-30,-22,-8,-27,-28,sil
21.796957969665527,-39,-20,-40,-28,-35,-13,-8,0,-30,-27,-49,-36,-35,-42,sil
21.796957969665527,-52,-31,-41,-34,-41,0,12,0,-15,-19,-44,-60,-25,-43,sil
21.812028408050537,-24,-7,-4,-1,4,22,24,7,17,8,-10,-25,0,-22,sil
21.812028408050537,-8,20,-10,3,22,19,13,6,19,13,-6,-7,0,-14,sil
21.827512502670288,-9,10,-22,-11,9,2,4,-3,-5,-8,-15,-17,-7,-7,sil
21.827512502670288,5,1,4,1,9,11,10,1,3,2,1,0,6,12,sil
21.84310555458069,17,11,10,6,0,18,11,7,27,21,5,9,8,16,sil
21.84310555458069,5,2,-3,-12,-17,8,10,2,18,13,-16,-6,-7,4,sil
21.85862517356873,-5,-15,-9,-14,-12,0,7,0,13,12,-12,-11,0,9,sil
21.85862517356873,5,-8,1,-10,-9,-9,-10,2,32,19,13,6,17,30,sil
24.046095848083496,-5,-6,-8,15,1,25,19,9,2,28,-10,-11,-18,-3,goodbye
24.046095848083496,-5,-6,-7,-5,-1,16,39,12,15,33,-11,-9,8,3,goodbye
24.046095848083496,-15,-22,-21,-27,-12,4,22,0,24,26,-26,-22,1,8,goodbye
24.060542821884155,-17,-27,-26,-31,-16,6,0,1,26,23,-32,-20,-7,6,goodbye
24.076128482818604,-11,-23,-25,-31,-13,5,0,5,21,12,-22,-12,7,7,goodbye
24.076128482818604,-9,-28,-27,-47,-7,-4,6,1,20,-1,-10,-11,33,12,goodbye
24.09178686141968,-5,-25,-19,-61,1,-3,10,4,30,0,-7,-6,37,16,goodbye
24.09178686141968,-5,-7,-24,-53,1,-2,3,2,21,0,-23,-14,13,1,goodbye
24.11306667327881,-11,-2,-29,-51,-8,-25,-14,-7,-6,-18,-37,-28,-7,-21,goodbye
24.11306667327881,-10,-7,-21,-50,-15,-35,-27,-7,-15,-29,-31,-23,-13,-37,goodbye
24.11306667327881,-13,0,-16,-28,-8,-14,-32,-2,-14,-30,-28,-22,-20,-42,goodbye
24.12216806411743,-15,11,-1,0,2,5,-27,-2,-27,-27,-23,-29,-14,-34,goodbye
24.138099431991577,0,12,18,21,6,6,-2,-2,-22,-6,11,-12,17,-6,goodbye
24.138099431991577,8,16,28,33,5,4,12,0,-7,5,32,14,30,13,goodbye
24.15350317955017,6,33,27,42,10,9,1,0,-2,-1,19,24,18,10,goodbye
24.15350317955017,11,41,29,57,16,0,0,-2,-6,0,22,24,11,5,goodbye
24.168933629989624,19,25,38,54,10,-11,12,0,-9,14,48,29,15,11,goodbye
24.168933629989624,18,5,33,38,3,1,17,-2,-1,14,47,33,22,21,goodbye
24.184980869293213,11,-2,20,34,4,17,12,0,0,0,13,33,11,23,goodbye
24.184980869293213,7,-7,10,29,2,9,8,5,-10,-2,0,22,-4,15,goodbye
24.200721740722656,17,-7,8,19,-3,7,15,2,0,11,14,14,5,15,goodbye
24.200721740722656,24,0,16,14,-1,15,23,2,18,17,25,29,21,28,goodbye
24.21630024909973,9,-1,0,14,3,8,12,4,24,16,14,31,14,28,goodbye
24.21630024909973,1,-15,-17,3,0,-2,-9,2,25,21,0,4,4,10,goodbye
24.23202657699585,8,-19,-11,-14,-11,-8,-11,3,17,15,-6,-13,0,-8,goodbye
24.23202657699585,1,-12,-12,-29,-13,-8,-7,5,5,-5,-6,-4,-12,-17,goodbye
24.24758458137512,-3,-5,-9,-28,-4,-5,-8,4,3,-20,-6,9,-11,-12,goodbye
24.24758458137512,0,-4,-12,-26,-7,-15,-10,-2,4,-20,0,7,2,-6,goodbye
24.263186931610107,-6,-5,-18,-39,-14,-25,-24,-9,0,-13,3,-7,-5,-13,goodbye
24.263186931610107,-17,3,-11,-33,0,-7,-26,-5,-7,-10,-6,-23,-30,-26,goodbye
24.27876567840576,-17,15,-11,-1,10,10,-1,-3,-12,-14,-18,-31,-32,-24,goodbye
24.27876567840576,-17,17,-5,10,6,5,9,-1,-13,-10,-12,-25,-17,-12,goodbye
24.293864488601685,-13,11,1,4,9,1,0,0,-12,1,-4,-17,-14,-8,goodbye
24.293864488601685,-13,0,-3,2,11,12,1,-5,-24,-8,-24,-22,-31,-17,goodbye
24.308998584747314,-21,-9,-13,1,4,17,4,-7,-28,-12,-41,-26,-30,-17,goodbye
24.308998584747314,-15,-6,-12,-3,4,0,-1,-3,-6,6,-24,-16,-4,-1,goodbye
24.324774742126465,-3,-4,-2,-4,4,-8,-7,1,0,2,-20,-14,-3,10,goodbye
24.324774742126465,-12,-12,-12,-6,-11,0,-3,5,-10,-6,-25,-25,-12,6,goodbye
24.340771675109863,-15,-13,-11,-8,-17,5,5,2,-5,12,-4,-23,1,0,goodbye
24.340771675109863,4,-5,14,-6,-6,2,14,1,14,23,13,-1,21,5,goodbye
24.35599374771118,22,-7,14,-13,-2,3,17,6,26,18,20,17,38,27,goodbye
24.35599374771118,22,-6,6,-12,-1,4,11,5,23,26,27,32,47,40,goodbye
24.3716881275177,17,6,15,9,2,0,2,0,11,22,25,34,34,30,goodbye
24.3716881275177,22,12,19,13,0,-9,-6,2,10,2,20,28,19,17,goodbye
24.38734531402588,20,11,16,0,0,-12,-11,5,17,-5,17,22,13,2,goodbye
24.38734531402588,1,8,9,6,6,-10,-3,0,8,-5,13,7,0,-15,goodbye
24.40267586708069,5,8,11,13,4,-7,0,-1,-7,-10,18,14,0,-15,goodbye
24.40267586708069,20,17,15,13,3,0,-7,0,-12,-18,24,32,11,0,goodbye
24.41811752319336,7,20,11,25,8,0,-9,-6,-16,-28,-2,9,-4,1,goodbye
24.41811752319336,-16,1,0,24,0,2,1,-3,-20,-25,-34,-21,-35,-17,goodbye
24.43411374092102,-22,-19,-25,2,-8,12,15,0,-5,3,-28,-27,-33,-24,goodbye
24.43411374092102,-15,-21,-26,-5,0,11,20,0,11,23,-13,-20,-12,-7,goodbye
24.45037055015564,-2,-11,-12,0,0,1,13,3,18,13,-7,-4,4,9,goodbye
24.45037055015564,6,-3,-8,-8,-8,-3,4,1,14,2,5,13,15,12,goodbye
24.466036558151245,8,-2,-1,-22,-3,-7,-4,-4,4,-1,16,19,12,1,goodbye
24.466036558151245,0,-4,-6,-16,-2,-9,-18,-10,-7,-13,10,6,-2,-19,goodbye
24.481670141220093,-15,0,-9,-7,-7,-8,-28,-6,-18,-18,5,-3,-19,-36,goodbye
24.481670141220093,-12,17,5,3,9,1,-8,5,-9,0,9,-4,-12,-20,goodbye
24.49768805503845,10,27,18,28,26,14,20,9,6,17,8,1,11,14,goodbye
24.49768805503845,16,17,21,32,14,13,19,4,9,3,0,0,10,25,goodbye
24.513734102249146,-4,-2,0,1,-5,2,-2,-4,-6,-14,-7,-16,-11,3,goodbye
24.513734102249146,-25,-16,-20,-19,-14,-3,-10,-8,-30,-14,-23,-26,-23,-13,goodbye
24.529772520065308,-18,-15,-13,-11,-11,0,1,1,-22,0,-21,-11,-15,-2,goodbye
24.529772520065308,3,-11,-3,-1,1,8,5,9,11,15,-1,1,0,13,goodbye
24.545869827270508,8,-7,2,-1,10,5,-5,0,13,17,-5,-4,10,12,goodbye
24.545869827270508,5,3,4,0,5,0,-2,-1,5,13,-11,-7,11,12,goodbye
24.561267852783203,6,3,0,-3,-3,1,7,5,17,5,0,-4,7,14,goodbye
24.561267852783203,-9,-21,-12,-26,-15,-1,0,1,8,-11,-12,-11,-3,4,goodbye
24.576467990875244,-17,-22,-16,-34,-21,-12,-15,-8,-11,-19,-23,-13,-6,-4,goodbye
24.576467990875244,7,13,5,-10,-9,-19,-17,-4,-10,-8,12,14,7,-7,goodbye
24.59207844734192,23,27,17,11,6,-16,-12,0,-1,0,37,33,18,-7,goodbye
24.59207844734192,16,19,22,21,12,-4,-6,3,0,-3,24,22,7,0,goodbye
24.60709834098816,11,22,27,27,6,1,1,3,-3,-8,16,9,-5,6,goodbye
24.60709834098816,0,1,3,16,-4,1,7,-4,-12,-3,6,-5,-9,-2,goodbye
24.6227285861969,-14,-23,-11,0,0,11,5,-3,-7,5,-10,-15,-11,-10,goodbye
24.6227285861969,-12,-12,-4,5,15,25,8,4,10,18,-11,-7,-5,0,goodbye
24.63779592514038,-2,-4,-4,3,9,18,23,1,22,28,-4,5,9,12,goodbye
24.63779592514038,3,-9,-5,-5,-9,0,24,0,21,25,-2,6,13,14,goodbye
24.65294075012207,6,-11,-8,-6,-12,-12,1,0,17,17,-1,3,12,7,goodbye
24.65393805503845,4,-10,-5,-19,-4,-11,-10,1,6,4,0,10,16,5,goodbye
24.668083429336548,7,0,-3,-26,0,-4,3,0,-8,-12,4,10,13,0,goodbye
24.683854579925537,13,11,4,-2,4,-8,12,-1,-8,-23,4,6,0,-9,goodbye
24.683854579925537,8,20,19,10,5,-5,5,2,3,-12,8,15,-4,-10,goodbye
24.69995784759521,-1,22,2,3,6,4,6,4,7,3,13,5,-4,-11,goodbye
24.69995784759521,-9,9,-13,0,6,2,4,0,6,1,0,-16,-10,-14,goodbye
24.69995784759521,-15,-7,-6,-5,0,-6,-19,-7,3,-8,-4,-9,-4,-8,goodbye
24.71572780609131,-13,-10,-2,-5,-6,-5,-40,-10,-10,-16,5,0,-1,-5,goodbye
24.71572780609131,-7,1,0,8,-2,4,-26,-3,-22,-18,-7,-8,-15,-8,goodbye
24.73115277290344,-3,9,0,16,3,5,-1,0,-19,-9,-17,-14,-9,-5,goodbye
24.746899843215942,-2,5,5,7,4,-8,-5,-6,-23,-7,-3,-6,-4,-5,goodbye
24.746899843215942,-5,5,7,9,1,-10,-12,0,-17,-5,4,-2,-15,-6,goodbye
24.76188707351685,-4,5,0,17,1,9,8,10,4,10,5,-10,-5,3,goodbye
24.76188707351685,0,-8,4,10,3,29,32,13,14,16,-3,-17,5,9,goodbye
24.777020931243896,5,-20,3,3,0,32,31,5,4,6,-17,-15,-2,7,sil
24.777020931243896,0,-14,-3,0,-6,11,10,0,-4,2,-15,-2,-3,9,sil
24.79279518127441,-3,-9,-6,-8,-8,-12,-6,-1,-3,3,-2,7,4,10,sil
24.79279518127441,7,-4,-6,-12,-5,-11,-5,-1,8,3,2,8,2,10,sil
24.807924032211304,16,8,0,-1,1,4,0,1,15,1,-1,6,-3,11,sil
24.807924032211304,1,5,-3,1,3,1,-4,3,4,0,-13,0,-3,5,sil
24.823989868164062,-10,-10,-11,-10,-1,-13,-10,0,-5,-2,-13,-4,-1,-7,sil
24.823989868164062,-2,-1,-3,-9,-1,-12,-11,-4,-9,-11,0,0,0,-13,sil
24.84008264541626,2,12,4,2,-1,-8,-7,-10,-16,-21,9,12,5,-5,sil
24.84008264541626,2,9,3,0,-4,-13,-3,-7,-11,-6,23,16,16,9,sil
24.85604858398437,6,0,-1,-5,1,-8,0,0,17,21,33,9,24,21,sil
24.85604858398437,6,-3,2,-7,6,0,2,4,30,20,17,0,18,11,sil
24.871966123580933,4,-1,6,-10,0,0,7,6,23,6,0,0,7,-4,sil
24.871966123580933,5,0,-1,0,0,7,22,8,22,17,8,10,4,-6,sil
24.887017250061035,4,0,7,5,4,11,26,7,20,24,17,14,4,-1,sil
24.887017250061035,4,-1,13,-5,1,-4,3,-5,5,11,5,9,10,0,sil
24.90268850326538,1,-4,5,-11,-2,-19,-20,-15,-18,-1,-7,5,11,1,sil
24.90268850326538,-6,0,4,0,-8,-9,-18,-5,-30,-8,-8,-3,-2,-4,sil
24.917713403701782,-5,4,2,6,-9,0,-3,3,-12,-8,-10,-17,-16,-13,sil
24.917713403701782,3,2,4,6,0,3,4,6,14,0,-10,-4,-11,-3,sil
24.932796716690063,3,0,-1,8,5,14,7,7,14,0,-3,5,-2,5,sil
24.932796716690063,-7,-7,-12,1,-4,12,1,0,-7,-9,-7,-9,-11,-6,sil
24.948850393295288,-16,-13,-11,-13,-8,-1,-13,-4,-23,-22,-20,-23,-23,-23,sil
24.948850393295288,-15,-5,-14,-9,2,0,-16,-2,-18,-26,-15,-18,-17,-14,sil
24.96452498435974,-10,6,-8,8,7,6,-10,0,-13,-17,0,-3,-11,0,sil
24.96452498435974,-8,7,-1,15,0,0,-9,0,-12,-7,3,0,-14,-4,sil
24.97985363006592,-6,5,-2,9,0,-4,-6,1,-3,-14,-6,0,-12,-12,sil
24.97985363006592,0,12,-1,4,7,3,9,3,6,-10,-3,8,-4,1,sil
24.995115518569943,5,15,2,3,13,12,20,1,1,10,9,7,5,15,sil
24.995115518569943,7,13,13,10,15,10,13,1,-2,15,14,-3,12,6,sil
25.010380506515503,9,6,10,18,14,6,15,0,10,4,10,-1,9,-2,sil
25.010380506515503,3,-6,-5,10,1,0,10,-6,13,0,-4,-4,0,-2,sil
25.026302814483643,-5,-11,-6,-3,-10,-5,-8,-7,-7,5,-21,-11,-2,-2,sil
25.026302814483643,4,0,1,-2,-3,-5,0,0,-12,14,-7,0,6,5,sil
25.04193091392517,19,0,6,0,0,0,18,4,1,11,0,17,13,18,sil
25.04193091392517,3,-11,0,-12,-12,-1,6,2,9,1,-5,9,9,16,sil
25.05761480331421,-13,-15,-10,-23,-15,-14,-11,-3,19,9,4,-2,11,7,sil
25.05761480331421,0,-9,0,-12,-5,-12,-7,0,29,33,21,5,23,15,sil
25.073203563690186,14,-5,3,1,-2,-1,-4,3,19,27,18,14,30,22,sil
25.073203563690186,16,-1,5,1,-5,-5,-11,3,7,1,20,21,21,17,sil
25.08885931968689,20,8,16,-2,-5,-12,-10,0,9,2,31,27,19,12,sil
25.08885931968689,17,13,9,-5,-4,-16,-11,-7,-1,-1,28,24,19,3,sil
25.104772806167603,2,10,0,-8,0,-7,-19,-9,-31,-36,17,13,-7,-11,sil
25.104772806167603,-5,13,0,3,8,12,-1,-2,-37,-36,7,-2,-32,-16,sil
25.11998438835144,-7,14,5,20,12,12,12,-2,-23,-14,-11,-21,-37,-21,sil
25.11998438835144,-16,0,-3,11,2,6,-8,-3,-24,-24,-41,-36,-44,-39,sil
25.13568639755249,-29,-13,-17,-3,-5,23,-7,2,-23,-20,-51,-40,-46,-36,sil
25.13568639755249,-34,-11,-8,0,3,34,26,10,1,6,-34,-29,-25,-10,sil
25.150915145874023,-24,-11,-7,8,13,13,32,11,21,20,-16,-22,-3,-1,sil
25.150915145874023,-12,-21,-17,-1,1,-5,13,7,18,24,-14,-26,0,-2,sil
25.165976762771606,-15,-27,-16,-24,-13,-5,4,4,14,16,-21,-15,-4,2,sil
25.165976762771606,-23,-22,-21,-31,-11,-9,-1,0,12,0,-20,-3,-2,-3,sil
25.1821768283844,-8,-3,-10,-16,-2,-17,-3,3,12,-1,-3,3,13,-5,sil
25.1821768283844,19,9,7,7,0,-11,-2,2,24,3,13,17,28,12,sil
25.197728157043457,24,8,9,11,1,-4,-13,-4,19,-1,12,21,21,18,sil
25.197728157043457,13,13,9,-5,1,-3,-15,-4,-1,1,9,11,14,6,sil
25.21298694610596,23,22,12,-2,3,-1,-1,1,-1,14,25,16,27,17,sil
25.21298694610596,38,22,19,13,6,-1,0,-1,9,8,33,35,30,26,sil
25.22818350791931,26,15,8,6,1,-4,-8,-11,0,-2,20,31,11,4,sil
25.22818350791931,13,9,0,-5,-1,-5,-7,-5,-16,-7,7,12,-2,-10,sil
25.24422550201416,14,7,13,4,6,-3,1,4,-13,-11,5,8,-2,3,sil
25.26024031639099,9,5,15,16,7,2,5,0,-7,-8,7,8,-2,12,sil
25.26024031639099,-2,-2,9,8,-2,6,1,-7,-17,-8,-1,-1,-10,0,sil
25.26024031639099,-9,-9,-2,-3,-8,-1,2,-6,-24,-14,-10,-11,-13,-8,sil
25.27583074569702,-14,-5,-16,-5,-5,-9,5,-3,-9,-9,-6,-11,-14,-10,sil
25.27583074569702,-17,0,-8,1,0,0,4,2,9,0,-6,-12,-23,-14,sil
25.29189372062683,-11,0,0,14,3,19,4,4,15,4,-4,-14,-18,-6,sil
25.29189372062683,0,0,5,18,8,22,0,0,-3,8,6,-9,4,4,sil
25.307291746139526,-1,0,1,11,6,6,-13,1,-19,5,15,-9,14,1,sil
25.307291746139526,-13,-7,-5,8,0,0,-13,1,-11,0,8,-7,1,0,sil
25.322911739349365,-16,-5,3,9,-8,4,-1,1,0,8,1,6,-1,5,sil
25.33893060684204,-2,0,1,5,-8,-5,0,-1,2,13,0,1,1,1,sil
25.33893060684204,3,-3,-11,0,-3,-16,-5,0,1,3,3,-5,0,-3,sil
25.33893060684204,-2,-2,-4,0,0,0,0,6,-1,-3,11,10,0,5,sil
25.354926347732544,-7,-5,0,-1,0,12,15,0,-1,0,9,9,7,7,sil
25.354926347732544,-5,-8,-1,-4,3,3,20,1,5,9,-4,-2,9,-1,sil
25.37102437019348,0,0,-1,-5,1,0,12,9,12,11,-8,4,15,1,sil
25.37139153480529,6,3,0,-9,-3,-5,5,5,23,3,-3,23,16,17,sil
25.386112689971924,14,-3,0,-15,2,-10,9,0,30,3,-7,17,2,12,sil
25.386112689971924,15,-8,-2,-23,5,-2,7,-2,16,6,-11,-1,-6,-2,sil
25.401686429977417,7,-1,1,-30,-5,4,-7,-2,0,0,-13,-8,-1,-8,sil
25.41789531707764,1,0,-9,-31,-11,-4,-13,-1,2,-3,-24,-12,0,-9,sil
25.41789531707764,-7,-9,-17,-32,-6,-13,-9,0,4,-7,-25,-24,-9,-17,sil
25.41789531707764,-10,-1,-5,-27,5,-7,-13,-1,0,-17,-16,-25,-13,-20,sil
25.432997465133667,1,16,-2,-1,18,-7,-22,-8,-10,-23,-24,-18,-21,-17,sil
25.44818353652954,0,17,-3,19,11,-4,-21,-11,-27,-23,-35,-26,-36,-17,sil
25.44818353652954,-19,8,-5,22,5,18,1,-3,-25,-6,-19,-42,-26,-15,sil
25.44818353652954,-17,1,-2,22,13,31,28,3,0,7,-10,-33,-7,-3,sil
25.463743209838867,0,-9,2,22,5,25,34,6,5,7,-13,-1,-5,11,sil
25.479825258255005,1,-18,-4,11,-10,8,21,6,2,6,2,11,4,18,sil
25.479825258255005,0,-17,-1,-6,-8,-15,3,3,7,2,21,9,20,10,sil
25.496623516082764,3,-9,6,-4,-13,-30,-13,-3,3,-2,36,27,20,3,sil
25.496623516082764,9,8,11,8,-24,-25,-25,-7,-12,-5,48,43,16,9,sil
25.496623516082764,15,21,24,9,-11,-12,-26,0,-14,-6,47,41,23,17,sil
25.5117301940918,22,13,23,4,3,-7,-11,5,6,2,54,46,31,18,sil
25.5117301940918,20,6,17,7,2,-1,2,1,14,15,55,56,25,11,sil
25.5259177684784,9,10,11,14,2,4,0,0,-9,4,28,29,7,-4,sil
25.54132318496704,4,11,16,17,5,0,-11,-2,-27,-6,14,5,1,-9,sil
25.54132318496704,11,15,26,19,5,0,-11,-2,-9,2,22,17,7,6,sil
25.5569760799408,7,19,9,28,6,3,1,-5,6,6,6,11,-1,10,sil
25.5569760799408,-9,12,-2,25,5,0,10,-2,-1,0,-19,-19,-20,-8,sil
25.572172164916992,-17,0,-7,6,7,10,15,1,0,5,-27,-36,-20,-15,sil
25.572172164916992,-22,-12,-27,-8,14,26,17,0,6,13,-37,-40,-13,-11,sil
25.59025549888611,-26,-21,-30,-16,6,23,16,0,0,0,-46,-36,-13,-7,sil
25.59025549888611,-13,-21,-22,-17,-4,12,16,3,2,6,-35,-23,-5,6,sil
25.603795051574707,-7,-17,-17,-19,-2,9,14,6,11,20,-27,-26,-5,8,sil
25.603795051574707,-20,-17,-24,-27,-3,4,10,4,9,-1,-39,-43,-26,-11,sil
25.61980152130127,-13,-19,-24,-25,-13,-4,6,3,11,-19,-42,-38,-32,-16,sil
25.61980152130127,4,-11,-4,-17,-12,-9,0,5,14,-4,-15,-6,-2,0,sil
25.63591289520264,4,-6,1,-17,-2,-11,-6,0,13,6,9,14,24,15,sil
25.63591289520264,10,-6,-1,-13,0,-12,-7,-3,16,2,16,17,26,19,sil
25.65194034576416,28,4,8,4,1,-9,-13,-3,19,6,23,25,29,15,sil
25.65194034576416,25,17,14,6,6,-5,-21,-4,10,7,31,26,29,8,sil
25.668035745620728,14,17,18,-5,4,-10,-21,-5,-5,-1,23,19,12,0,sil
25.668035745620728,15,11,10,0,-2,-19,-16,-4,-10,-11,13,12,3,-5,sil
25.68410325050354,0,6,2,4,-8,-15,-11,0,-14,-27,6,6,-2,-8,sil
25.68410325050354,-16,4,0,-13,-6,-7,-1,3,-30,-34,0,-3,-17,-16,sil
25.69911408424377,-9,0,-1,-18,0,-2,2,-4,-32,-20,-1,-1,-18,-18,sil
25.69911408424377,0,2,6,9,2,11,0,-1,-10,-4,3,12,-15,-5,sil
25.714611291885376,0,13,8,38,10,26,8,7,0,3,5,6,-15,-1,sil
25.714611291885376,-9,7,2,31,12,14,18,0,-16,2,-6,-19,-16,-16,sil
25.73016715049744,-26,-17,-1,-3,0,1,4,-9,-28,-3,-25,-32,-19,-23,sil
25.73016715049744,-23,-34,-10,-21,-14,4,-5,-2,-11,-1,-27,-16,-20,-8,sil
25.74571943283081,-10,-18,-9,-6,-10,9,9,8,14,16,-15,0,-5,6,sil
25.74571943283081,-8,0,-6,4,1,0,25,7,28,34,-3,0,15,12,sil
25.76089668273925,5,-2,0,-1,3,-16,8,0,24,23,8,6,23,13,sil
25.76089668273925,29,9,16,7,0,-13,-15,0,17,4,26,35,27,20,sil
25.77684855461121,34,40,27,34,14,0,-15,2,16,12,44,47,38,32,sil
25.77684855461121,26,42,27,31,23,-7,-13,2,6,13,42,31,28,27,sil
25.79257345199585,12,20,7,11,10,-9,-20,-6,-16,-10,23,5,4,1,sil
25.79257345199585,-3,11,0,13,0,7,-8,-7,-27,-15,6,-7,-6,-7,sil
25.8083279132843,-6,2,6,16,2,22,18,4,-12,3,-3,-9,-7,1,sil
25.8083279132843,-8,-18,-12,0,-1,22,30,5,11,5,-23,-31,-12,-2,sil
25.823952674865723,-25,-31,-32,-13,-11,19,20,1,16,-5,-46,-48,-23,-16,sil
25.823952674865723,-28,-27,-33,-11,-15,9,11,0,0,-7,-38,-32,-22,-14,sil
25.840043306350708,0,-20,-17,-10,-13,-2,11,-2,-6,-3,-16,-14,-3,0,sil
25.840043306350708,16,-18,6,-15,-10,-4,7,0,11,0,-12,-5,8,8,sil
25.855785608291622,-1,-12,-6,-21,-14,-4,-1,1,19,-3,-17,6,2,0,sil
25.855785608291622,-8,2,-14,-23,-11,-12,-9,0,4,-13,-9,9,-6,-11,sil
25.87091708183289,12,12,4,-7,4,-15,-8,2,7,-6,10,7,1,-1,sil
25.87091708183289,12,2,5,-2,6,-25,-10,-1,12,1,18,15,8,5,sil
25.886070013046265,-6,-7,-7,-24,-6,-25,-26,-10,-11,-13,4,14,-4,-5,sil
25.886070013046265,-2,0,-7,-20,0,-1,-28,-5,-25,-11,4,0,-3,-10,sil
25.902135610580444,6,9,9,2,10,5,-10,2,-15,5,21,4,8,-3,sil
25.902135610580444,1,7,18,0,7,-8,-4,-2,-5,0,26,15,4,-3,sil
25.91776204109192,2,8,11,3,4,-12,-14,-4,-4,-7,15,7,-2,-4,sil
25.91776204109192,4,12,14,15,3,-2,-7,2,-4,6,8,0,0,-2,sil
25.93374395370484,-1,-3,4,-12,0,10,13,4,7,20,14,-2,1,0,sil
25.93374395370484,0,-9,0,-31,0,30,20,6,18,18,22,3,9,11,sil
25.94987416267395,6,14,15,16,7,31,17,10,4,10,14,14,16,16,sil
25.94987416267395,4,19,16,49,12,6,24,5,-2,10,-3,8,9,8,sil
25.96538257598877,2,2,4,26,13,-2,21,0,3,7,-15,-3,-3,3,sil
25.96538257598877,-1,-1,-8,12,0,-1,-3,-6,-15,-11,-26,-11,-15,0,sil
25.98118567466736,-15,-4,-15,9,-16,-7,-17,-9,-37,-26,-34,-18,-25,-13,sil
25.98118567466736,-15,-4,-8,6,-4,1,0,0,-7,-7,-21,-19,-16,-14,sil
25.996718168258667,0,4,-4,11,13,17,11,1,25,13,-10,-7,0,1,goodbye
25.996718168258667,0,1,-4,1,5,9,0,-2,7,3,-13,-1,2,5,goodbye
26.012343645095825,0,-2,-5,-3,-2,-3,-1,0,-5,-4,-4,0,2,5,goodbye
26.012343645095825,8,7,3,13,6,-4,8,0,14,9,5,8,7,12,goodbye
26.02819037437439,-1,5,1,3,4,-3,10,-1,20,15,-5,-2,0,2,goodbye
26.02819037437439,-18,-11,-13,-21,-11,-5,-5,-5,-3,-5,-14,-24,-10,-11,goodbye
26.04374885559082,-4,-10,0,-9,-16,-8,-19,-5,-18,-19,1,-3,-1,-2,goodbye
26.04374885559082,13,-5,9,4,-12,-10,-14,-1,-2,-1,23,21,15,12,goodbye
26.05981397628784,4,-17,-7,-10,-9,-7,-3,3,8,10,10,2,6,6,goodbye
26.05981397628784,-6,-17,-14,-18,-1,0,2,9,5,3,-11,-12,-3,0,goodbye
26.07570171356201,0,-2,-8,-7,5,2,11,9,17,7,8,-2,8,1,goodbye
26.07570171356201,9,1,3,-10,3,0,7,6,28,9,28,8,14,0,goodbye
26.09125924110413,10,-5,0,-18,-5,-1,-4,0,3,-14,4,8,2,-11,goodbye
26.09125924110413,8,-6,0,-11,-13,-6,-8,-4,-26,-31,-10,10,-3,-8,goodbye
26.11249041557312,7,5,10,1,-10,-10,-7,-8,-24,-12,5,15,-1,1,goodbye
26.11249041557312,5,9,4,3,0,-9,-11,-11,-6,-1,8,10,0,-4,goodbye
26.11249041557312,0,7,0,-4,1,-1,-14,-7,0,-13,2,1,-2,-15,goodbye
26.122117280960083,-8,12,3,-1,0,4,-13,-4,-6,-8,11,-1,-4,-14,goodbye
26.13771176338196,-14,8,1,2,0,-1,-11,-5,-13,2,6,-2,-7,-14,goodbye
26.13771176338196,-2,6,5,1,0,-11,-5,2,-9,-3,-8,-1,-7,-12,goodbye
26.152820110321045,10,17,8,13,-3,-4,-1,7,-5,3,0,2,0,1,goodbye
26.152820110321045,7,23,15,29,11,13,0,3,-7,25,10,6,5,10,goodbye
26.16851210594177,0,18,14,31,37,25,20,7,1,25,6,6,9,9,goodbye
26.16851210594177,-3,5,-1,12,39,21,36,9,7,5,-6,-2,0,12,goodbye
26.18402934074402,-11,-8,-8,-7,11,19,26,4,-5,-8,-23,-15,-14,14,goodbye
26.18402934074402,-15,-17,-5,-4,-9,19,12,0,-4,-2,-20,-25,-8,13,goodbye
26.20008039474488,-7,-18,-1,1,-7,6,11,0,11,8,-13,-33,-3,12,goodbye
26.20008039474488,0,-15,-8,-1,-1,2,10,1,17,15,-25,-28,-14,9,goodbye
26.21591424942017,-1,-17,-19,-10,-3,6,9,1,25,25,-14,-8,0,13,goodbye
26.21591424942017,-8,-27,-15,-30,-7,-1,8,3,29,31,15,9,24,11,goodbye
26.23109340667725,-11,-30,-20,-46,-11,-15,2,0,14,9,9,1,13,0,goodbye
26.23109340667725,3,-21,-15,-33,-15,-25,-12,-4,3,-23,-5,1,-2,-3,goodbye
26.246633768081665,15,-4,0,-9,-20,-31,-25,-2,7,-26,10,25,12,5,goodbye
26.246633768081665,12,19,9,2,-11,-24,-24,-1,0,-6,19,32,23,-1,goodbye
26.262131690979004,20,36,22,15,11,-6,-24,-5,-9,-4,10,22,11,-13,goodbye
26.262131690979004,27,26,17,25,14,5,-19,-7,-5,-12,20,23,-1,-5,goodbye
26.277676105499268,11,19,10,26,0,5,-1,0,-4,-5,22,20,-6,-4,goodbye
26.277676105499268,0,22,14,24,0,2,7,7,-9,7,5,3,0,-14,goodbye
26.29275870323181,0,9,5,18,7,0,-5,-3,-14,1,1,-5,0,-18,goodbye
26.29275870323181,-7,0,0,7,0,-5,-25,-15,-30,-32,-7,-8,-21,-20,goodbye
26.30888342857361,-5,13,9,13,-4,-3,-20,-13,-40,-52,-23,-16,-29,-20,goodbye
26.30888342857361,-1,20,13,23,-1,5,5,-1,-31,-32,-13,-14,-12,-9,goodbye
26.324684143066406,-16,-6,-1,3,-1,6,15,5,-15,-6,-9,-8,-12,-5,goodbye
26.324684143066406,-29,-35,-26,-21,-4,1,8,3,0,5,-21,-17,-16,-8,goodbye
26.34020161628723,-23,-31,-24,-19,-7,2,15,5,12,20,-5,-18,-2,-3,goodbye
26.34020161628723,-10,-12,-7,-9,-7,5,20,5,19,32,11,-7,6,3,goodbye
26.356147050857544,4,-7,3,-3,0,4,10,0,14,22,-2,-4,3,11,goodbye
26.356147050857544,10,-4,8,6,3,12,11,1,3,7,-4,0,3,22,goodbye
26.372151136398315,11,0,4,14,4,16,16,5,4,9,13,3,10,27,goodbye
26.372151136398315,14,1,7,6,11,13,10,5,18,21,15,8,20,26,goodbye
26.387362241744995,10,-2,3,0,19,13,12,5,27,29,2,13,20,21,goodbye
26.387362241744995,0,-5,-8,-1,12,8,8,2,17,19,-4,14,7,8,goodbye
26.40308380126953,0,-2,-8,-6,-2,-3,-4,2,6,5,6,15,12,1,goodbye
26.40308380126953,9,0,-9,-14,-6,-11,-3,5,20,11,20,8,26,7,goodbye
26.419153213500977,0,0,-7,-17,-2,-13,-11,5,24,12,2,-4,7,8,goodbye
26.419153213500977,-11,-6,-14,-20,-7,-17,-30,-5,-6,-8,-18,-13,-10,0,goodbye
26.434741497039795,-9,-5,-20,-30,-15,-22,-22,-15,-26,-21,-12,-15,0,-13,goodbye
26.434741497039795,1,14,0,-32,-4,-14,-4,-5,-3,-11,0,-4,5,-15,goodbye
26.449832677841187,13,34,14,-12,7,-3,-6,1,10,-11,8,8,-4,-11,goodbye
26.449832677841187,13,28,14,0,3,-1,-7,-1,-14,-32,2,4,-20,-15,goodbye
26.46566152572632,0,12,10,-1,2,5,4,-2,-29,-34,-11,-16,-25,-18,goodbye
26.46566152572632,-4,2,11,12,16,13,10,1,-5,-1,-12,-13,-10,0,goodbye
26.48118543624878,1,4,14,27,14,16,6,5,13,19,0,11,2,12,goodbye
26.48118543624878,-4,-3,-1,6,-5,11,3,0,0,5,3,11,0,0,goodbye
26.49672770500183,-15,-23,-14,-22,-15,-7,-3,-3,-5,-13,-3,-3,-16,-16,goodbye
26.51190996170044,-13,-20,-7,-2,-9,-16,-5,-2,6,-7,-4,0,-20,-15,goodbye
26.51190996170044,1,0,5,35,0,0,2,-2,-1,-2,0,3,-13,-1,goodbye
26.51190996170044,4,-1,14,36,8,5,6,-2,-32,-16,0,-1,-2,2,goodbye
26.52835440635681,-9,-18,0,11,0,-15,-5,-7,-37,-18,-2,-6,5,-10,goodbye
26.52835440635681,-12,-16,0,3,-15,-19,-17,-8,-14,-10,0,1,0,-13,goodbye
26.54312252998352,1,-1,12,18,-13,5,-6,1,-2,-10,3,12,-1,2,goodbye
26.55868029594421,3,0,2,22,-1,5,11,3,-4,0,5,4,6,2,goodbye
26.55868029594421,0,2,0,3,2,-3,10,1,2,20,5,-6,7,-1,goodbye
26.55868029594421,10,12,6,0,0,14,0,6,13,20,12,1,11,11,goodbye
26.573850870132446,16,11,3,13,0,19,1,6,9,14,17,10,21,22,goodbye
26.58990406990052,10,8,1,12,10,11,11,5,9,23,11,1,19,14,goodbye
26.58990406990052,4,6,-2,4,11,15,21,8,20,25,4,-4,17,11,goodbye
26.605408668518063,0,0,-1,-1,-1,15,20,3,19,14,-2,0,9,19,goodbye
26.605408668518063,-3,-4,-2,-5,-4,4,5,-6,14,13,-13,0,-4,17,goodbye
26.62081003189087,-1,-1,-8,-15,8,0,-6,-5,11,14,-12,-6,-5,6,goodbye
26.621177911758423,0,0,-11,-29,9,0,-7,3,1,4,-7,-6,0,0,goodbye
26.636037588119507,-1,0,-15,-23,3,-2,-10,1,-2,-6,-14,-2,-4,-6,goodbye
26.636037588119507,-4,2,-8,0,11,-2,-12,0,5,0,-7,5,2,-10,goodbye
26.65214228630066,-2,-1,-9,-4,16,-8,-3,7,22,20,15,15,16,0,goodbye
26.65214228630066,-2,-8,-17,-31,-3,-13,0,4,21,8,10,6,0,2,goodbye
26.66767692565918,-4,-10,-9,-33,-28,-15,-11,-8,-2,-32,-11,-9,-25,-13,goodbye
26.66767692565918,-4,-9,-2,-13,-32,-24,-18,-17,-25,-38,-13,-16,-27,-18,goodbye
26.68285059928894,-1,-5,3,-15,-22,-27,-21,-11,-29,-18,-2,-10,-19,-13,goodbye
26.68285059928894,5,-4,6,-16,-10,-9,-13,-3,-19,-19,1,2,-11,-11,goodbye
26.698861598968502,6,-2,8,0,0,5,4,0,-11,-16,8,15,2,-1,goodbye
26.698861598968502,0,13,16,10,14,6,7,3,-7,1,18,14,12,6,goodbye
26.714060306549072,0,27,11,18,23,7,2,8,6,1,15,1,8,1,goodbye
26.714060306549072,4,17,8,30,15,13,8,11,22,-3,-3,0,1,2,goodbye
26.73005986213684,2,0,5,16,-2,12,21,10,19,3,-15,-5,4,1,goodbye
26.73005986213684,0,-8,-1,-3,-3,0,23,0,4,0,-8,-9,7,-11,goodbye
26.74601554870605,-1,-10,3,1,5,-2,14,-5,-7,-6,-2,-3,0,-15,goodbye
26.74601554870605,3,-3,7,11,4,12,8,-2,-16,7,-2,1,1,0,goodbye
26.760695695877075,17,12,18,20,7,18,5,0,-15,16,6,8,9,16,goodbye
26.760695695877075,14,18,19,26,19,3,-1,-2,-5,2,15,9,6,14,goodbye
26.776031732559204,-12,0,-3,10,6,-9,-14,-10,-6,-13,3,-8,-11,-2,goodbye
26.776031732559204,-22,-7,-17,-5,-17,-4,-12,-1,-12,-9,-13,-22,-24,-13,goodbye
0.4327425956726074,15,12,14,20,4,11,29,5,-3,1,4,6,12,16,goodbye
0.4327425956726074,31,16,18,18,0,14,15,0,-2,9,16,22,19,22,goodbye
0.4488663673400879,13,7,16,20,-1,2,-5,-5,-1,20,12,25,14,25,goodbye
0.4488663673400879,0,-2,5,17,2,-13,-13,-7,1,16,0,7,-8,12,goodbye
0.4649069309234619,5,-3,2,10,8,-9,0,-2,14,15,-5,0,-20,1,goodbye
0.4649069309234619,4,-7,0,0,0,-2,9,6,22,15,-3,4,-10,7,goodbye
0.4796652793884277,-9,-20,-18,-17,-16,-13,-4,4,12,-5,-8,-8,-18,-1,goodbye
0.4796652793884277,-21,-19,-26,-33,-25,-21,-16,-1,0,-18,-13,-16,-36,-22,goodbye
0.4957175254821777,-13,-16,-21,-39,-18,-16,-10,-6,-1,-11,-12,-3,-25,-16,goodbye
0.4957175254821777,0,-24,-24,-40,-8,-3,-9,-3,2,-15,-22,-5,-11,-2,goodbye
0.5109410285949707,0,-17,-20,-32,-3,2,-12,0,3,-11,-26,-15,-13,-7,goodbye
0.5109410285949707,-2,0,-20,-21,6,-8,-5,-2,0,-1,-23,-20,-14,-14,goodbye
0.5271077156066895,-14,-12,-29,-37,6,-13,-4,-9,-16,-20,-38,-35,-18,-20,goodbye
0.5274732112884521,-19,-20,-28,-57,-2,3,-8,-7,-28,-27,-30,-32,-11,-14,goodbye
0.5426721572875977,0,7,-4,-33,8,13,0,4,-11,9,10,-1,10,8,goodbye
0.5426721572875977,8,20,2,-11,25,13,19,14,11,32,19,-1,13,7,goodbye
0.5578212738037109,-8,-1,-21,-25,9,11,19,9,19,10,-1,-28,-3,-24,goodbye
0.5578212738037109,-15,-4,-10,-14,-9,-2,-6,0,8,-19,-3,-22,-11,-28,goodbye
0.5729796886444092,-3,18,18,18,-6,-18,-25,-3,-12,-27,5,-1,-4,-9,goodbye
0.5729796886444092,10,28,27,30,2,-9,-15,-8,-15,-9,19,14,8,0,goodbye
0.5886523723602295,22,30,42,46,11,14,-1,-1,0,11,40,36,29,11,goodbye
0.5886523723602295,20,28,48,62,8,14,1,3,-4,9,47,39,37,19,goodbye
0.6046862602233887,10,20,38,46,-3,-7,0,-1,-25,-4,30,32,19,9,goodbye
0.6046862602233887,6,11,32,43,-3,-7,2,0,-24,-1,20,36,5,5,goodbye
0.6198291778564453,3,-3,21,51,1,10,13,0,-7,5,14,26,4,12,goodbye
0.6198291778564453,3,-7,12,33,-2,22,18,-1,-2,2,1,14,4,15,goodbye
0.6358811855316162,15,7,10,27,-3,16,18,0,0,4,6,19,16,22,goodbye
0.6358811855316162,22,8,14,32,4,5,16,4,10,12,8,21,19,28,goodbye
0.6515777111053467,6,-6,2,16,4,11,14,3,21,16,-10,0,-4,14,goodbye
0.6515777111053467,-8,-10,-20,1,0,12,8,6,26,22,-25,-20,-20,0,goodbye
0.6667146682739258,-3,-14,-21,-11,0,-8,2,12,30,21,-17,-20,-6,0,goodbye
0.6667146682739258,-2,-22,-23,-30,5,-21,-1,5,31,13,-7,-8,-1,4,goodbye
0.682816743850708,-17,-17,-27,-32,2,-10,-4,-3,19,9,-13,-8,-18,-3,goodbye
0.682816743850708,-17,-10,-24,-22,-7,-3,0,-5,9,6,-20,-19,-29,-10,goodbye
0.6986098289489746,-5,-15,-24,-28,-11,-9,-2,-8,-2,-9,-16,-22,-26,-9,goodbye
0.6986098289489746,-14,-24,-24,-49,-12,-13,-19,-9,-26,-32,-17,-19,-47,-16,goodbye
0.7146482467651367,-24,-22,-36,-63,-16,-7,-31,-5,-35,-35,-17,-23,-68,-29,goodbye
0.7146482467651367,-12,-4,-33,-54,-4,-5,-24,-3,-14,-21,-7,-19,-27,-27,goodbye
0.7288024425506592,2,15,-3,-33,8,-13,-10,0,5,-17,1,4,39,-9,goodbye
0.7449111938476562,7,15,15,-18,-2,-15,-6,2,4,-23,11,26,62,4,goodbye
0.7449111938476562,12,13,25,-1,-11,-5,-9,2,-11,-16,25,25,57,6,goodbye
0.7449111938476562,15,23,27,22,5,-6,-5,-1,-28,-8,17,2,48,0,goodbye
0.76004958152771,9,21,22,30,18,-14,0,-8,-31,-16,-6,-12,25,-5,goodbye
0.7766249179840088,8,6,18,21,10,7,2,-2,-18,-6,0,1,13,-1,goodbye
0.7766249179840088,3,5,9,22,2,31,2,3,-1,24,18,12,16,0,goodbye
0.7766249179840088,-4,16,19,42,6,20,0,-2,1,33,18,1,6,-1,goodbye
0.7916550636291504,0,14,22,53,9,14,5,-5,2,18,5,-6,-9,5,goodbye
0.8069627285003662,2,-4,-1,33,0,20,11,4,0,4,-11,-8,-22,8,goodbye
0.8072829246520996,-13,-19,-14,1,-6,11,12,12,7,5,-25,-14,-30,1,goodbye
0.8229954242706299,-18,-21,-9,-5,0,6,17,9,39,26,-16,-15,-25,8,goodbye
0.8229954242706299,-3,-10,-2,-3,6,15,25,11,56,41,-2,-6,-17,13,goodbye
0.8229954242706299,1,-6,-13,-19,6,12,25,10,43,27,-8,-7,-10,2,goodbye
0.8386807441711426,-6,-19,-23,-28,1,3,20,2,21,12,-19,-15,-2,-1,goodbye
0.8386807441711426,-3,-17,-5,-8,-4,6,16,-1,2,9,-4,-8,0,10,goodbye
0.8541865348815918,13,5,7,10,-5,3,6,-4,-11,0,16,9,5,16,goodbye
0.8702304363250732,15,11,7,7,-3,-10,-9,-1,-15,-13,12,23,9,6,goodbye
0.8702304363250732,7,0,3,0,-4,-18,-9,0,0,-10,14,29,10,3,goodbye
0.8858516216278076,13,0,3,-8,-1,-17,-3,-4,10,-9,20,24,3,11,goodbye
0.8858516216278076,7,6,1,-18,0,-18,-23,-8,-14,-28,0,7,-15,0,goodbye
0.9013442993164062,-10,3,-17,-20,-4,-29,-48,-14,-56,-41,-10,0,-18,-22,goodbye
0.9013442993164062,-7,2,-14,-15,-12,-34,-37,-18,-62,-36,7,4,-3,-23,goodbye
0.9170379638671876,0,6,0,-6,-14,-23,-12,-9,-32,-29,9,9,0,-20,goodbye
0.917377233505249,-1,4,0,1,-6,-7,-6,3,-1,-20,1,15,2,-16,goodbye
0.9326190948486328,6,7,8,9,2,0,-6,8,13,-5,11,21,12,-4,goodbye
0.9326190948486328,0,7,6,11,2,-4,-4,4,13,6,11,-9,2,-9,goodbye
0.9336113929748536,-18,0,0,-1,5,-1,-6,4,7,11,-9,-41,-17,-21,goodbye
0.947923183441162,-13,2,5,1,17,23,4,5,4,14,-13,-23,-11,-6,goodbye
0.9632971286773682,-2,9,11,23,12,31,25,0,4,15,3,1,10,10,goodbye
0.9632971286773682,2,5,13,21,0,20,26,3,4,22,6,2,23,15,goodbye
0.9789392948150636,13,0,5,7,5,22,23,7,10,27,0,3,27,20,goodbye
0.9789392948150636,12,-8,3,5,4,21,16,0,4,7,-6,7,11,20,goodbye
0.9940218925476074,0,-7,8,5,0,12,0,-4,-3,-9,-13,-1,-5,10,goodbye
0.9940218925476074,2,1,5,2,9,12,1,2,16,10,-7,-9,0,11,goodbye
1.0096368789672852,4,0,-2,-2,7,6,13,9,36,19,-6,-1,0,16,goodbye
1.0096368789672852,-6,-7,-15,-3,-12,-8,0,1,14,-3,-13,0,-3,4,goodbye
1.0248045921325684,-5,-4,-10,-9,-14,-18,-11,-4,-13,-13,-14,0,-4,-4,goodbye
1.0248045921325684,15,-2,8,-11,-5,-12,1,0,-12,-11,-5,11,-3,10,goodbye
1.0399630069732666,18,-4,-1,8,-5,1,3,-2,-8,-22,2,2,-5,14,goodbye
1.0399630069732666,-12,-1,-15,22,-1,7,-7,-6,-13,-21,-2,-22,-14,-14,goodbye
1.055980920791626,-31,-5,-18,0,1,-1,-7,-1,-4,6,-7,-25,-17,-32,goodbye
1.055980920791626,-9,-12,-12,-20,-1,-14,-5,2,15,24,12,-5,4,-8,goodbye
1.071993350982666,15,0,0,-13,-1,-8,-6,4,25,19,24,14,24,15,goodbye
1.071993350982666,7,10,2,0,0,0,7,3,15,20,9,11,12,8,goodbye
1.0875914096832275,-2,3,3,-2,1,-1,16,-3,2,22,6,0,1,-2,goodbye
1.0875914096832275,0,-10,-2,-14,1,-4,0,-6,0,9,7,-7,4,-5,goodbye
1.102724313735962,-4,-14,-15,-23,-6,-6,-15,-3,-1,-5,-10,-7,-2,-12,goodbye
1.102724313735962,-7,-3,-6,-21,-7,-5,-11,0,-3,-2,-14,1,-4,-15,goodbye
1.1188397407531738,2,4,5,-5,5,-4,-2,0,-4,5,3,11,8,-11,goodbye
1.1188397407531738,3,5,6,1,8,-10,-15,-2,-15,-16,9,10,-3,-14,goodbye
1.134667158126831,-8,0,-3,-10,-3,-10,-32,-8,-32,-42,5,1,-27,-21,goodbye
1.134667158126831,-12,0,-1,-19,-6,-2,-19,-5,-33,-36,10,2,-16,-16,goodbye
1.1498427391052246,-3,9,16,5,2,-2,2,4,-25,-20,5,9,1,-7,goodbye
1.1498427391052246,8,25,15,38,8,0,5,3,-18,-22,-7,4,-12,-1,goodbye
1.1658971309661863,16,34,16,44,10,11,6,0,-13,-16,0,0,-20,8,goodbye
1.1658971309661863,12,27,18,32,12,11,19,5,-1,5,8,0,1,24,goodbye
1.1817078590393066,-3,-2,2,20,7,10,23,3,12,19,-9,-15,8,25,goodbye
1.1817078590393066,-7,-18,-1,12,-3,25,28,3,25,21,-14,-12,-1,18,goodbye
1.196855068206787,-2,-6,1,5,-8,22,36,7,33,27,0,0,7,23,goodbye
1.196855068206787,-5,-5,-5,-6,-3,0,14,8,28,27,-8,-1,16,18,goodbye
1.2122149467468262,0,-15,-10,-11,3,-4,-4,2,25,25,-9,0,15,3,sil
1.2122149467468262,11,-11,-3,-2,4,4,0,-2,29,17,5,8,17,6,sil
1.2278518676757812,9,-2,5,-1,0,4,-2,-2,12,-2,0,3,12,11,sil
1.2278518676757812,3,-9,-9,-21,-9,-3,-3,0,-5,-11,-4,0,11,2,sil
1.2438633441925049,0,-24,-17,-35,-15,-7,1,0,-6,-6,2,6,9,-5,sil
1.2438633441925049,-8,-19,-6,-19,-10,0,-2,-1,1,-5,0,3,-4,-7,sil
1.259164810180664,-1,0,-3,-1,-3,-3,-7,-1,4,0,-1,-2,-3,-6,sil
1.259164810180664,13,9,1,-1,-3,-16,-15,0,-3,4,8,7,12,-3,sil
1.2747116088867188,15,9,9,0,-1,-16,-28,-8,-10,0,16,16,10,1,sil
1.2747116088867188,4,4,6,3,2,-11,-30,-10,-9,-6,7,13,-4,0,sil
1.290550947189331,-10,0,-5,-2,-2,-13,-17,-2,-23,-18,-5,-4,-12,-18,sil
1.290550947189331,-17,1,-12,-1,-3,-14,-8,-6,-33,-29,-6,-22,-18,-35,sil
1.3059329986572266,-3,12,5,5,7,-8,-12,-9,-15,-17,1,-8,-27,-24,sil
1.3059329986572266,10,22,14,19,18,0,-12,-1,-1,-1,9,4,-20,-9,sil
1.321190595626831,7,26,16,30,18,13,1,0,-8,2,3,-8,-3,-9,sil
1.321190595626831,-2,18,17,27,12,27,18,8,0,13,-6,-10,2,0,sil
1.3372600078582764,-7,-4,-1,13,8,26,25,15,11,21,-2,1,-3,13,sil
1.3372600078582764,-10,-17,-8,0,3,19,24,12,6,13,-4,0,-8,11,sil
1.3519673347473145,-18,-18,-12,-14,-4,9,27,5,6,16,-23,-20,0,3,sil
1.3519673347473145,-17,-18,-18,-28,-14,-9,18,0,18,18,-23,-18,5,5,sil
1.3679778575897217,0,-8,-13,-28,-17,-13,-6,-2,18,-4,0,14,7,11,sil
1.3679778575897217,16,4,-10,-13,-12,-5,-14,-3,7,-21,18,28,12,11,sil
1.3836193084716797,17,3,0,-4,-1,-12,-3,0,-2,-16,15,12,11,0,sil
1.3836193084716797,14,2,10,-2,3,-14,0,1,-7,-12,13,8,5,-1,sil
1.3996164798736572,12,13,14,8,4,-3,-3,-2,-15,-22,13,11,0,0,sil
1.3996164798736572,-4,11,13,14,7,3,-1,-9,-27,-27,-1,-5,-17,-13,sil
1.415006399154663,-21,-3,-2,9,11,7,5,-10,-23,-6,-17,-25,-24,-19,sil
1.415006399154663,-15,-10,-10,0,3,5,11,0,-2,10,-12,-19,-12,0,sil
1.4308874607086182,-10,-10,-8,-4,-10,3,5,3,9,11,-5,-9,-2,7,sil
1.4484484195709229,-10,-14,-7,0,-11,10,1,1,18,21,-6,-10,1,3,sil
1.4484484195709229,-1,-17,-3,-2,-4,14,15,7,31,26,-8,-12,8,10,sil
1.4484484195709229,0,-15,-7,-5,-3,3,15,9,30,17,-9,-8,12,14,sil
1.4630653858184814,0,0,0,1,0,-2,-7,6,15,24,-2,10,17,13,sil
1.4630653858184814,17,10,14,7,3,0,-10,6,12,29,15,29,30,22,sil
1.4787099361419678,30,4,15,-2,0,-2,-3,0,19,10,25,21,33,22,sil
1.4787099361419678,26,8,18,-6,-6,-9,-11,-3,11,-1,23,22,24,8,sil
1.493743658065796,21,15,5,0,-6,-13,-18,-6,-7,-5,17,28,13,-1,sil
1.509864330291748,10,8,-3,-3,-1,-12,-15,-7,-21,-18,8,17,5,-13,sil
1.509864330291748,0,12,6,1,8,-6,-10,-4,-20,-18,5,6,2,-14,sil
1.509864330291748,0,19,9,14,16,-4,-10,-4,-12,-12,5,4,-7,-4,sil
1.5249440670013428,-3,13,4,11,10,-3,-17,-4,-15,-20,0,-6,-28,-11,sil
1.540841817855835,-8,7,0,9,8,2,-9,0,-14,-18,0,-15,-28,-23,sil
1.540841817855835,-13,0,0,14,10,4,5,2,-8,-11,-9,-6,-20,-17,sil
1.540841817855835,-18,-9,-6,11,5,3,9,0,-14,-15,-26,-8,-26,-12,sil
1.5570731163024902,-19,-6,-13,5,-2,4,9,-6,-23,-13,-24,-24,-30,-13,sil
1.5570731163024902,-17,-10,-9,-4,-5,4,5,-2,-19,-3,-14,-23,-25,-11,sil
1.572723150253296,-13,-25,-17,-19,-5,7,2,4,0,5,-18,-14,-13,-2,sil
1.572723150253296,-10,-20,-18,-17,-10,9,14,6,17,16,-14,-16,-1,13,sil
1.587660312652588,-8,-10,-5,-8,-15,-1,23,5,22,18,-3,-18,10,14,sil
1.5886452198028564,0,-17,-9,-17,-15,-13,11,0,16,8,-4,-7,20,0,sil
1.60365891456604,10,-9,-6,-26,-9,-6,-2,-3,11,1,-2,8,15,3,sil
1.60365891456604,9,8,2,-8,-1,1,-3,-3,3,-1,9,14,8,13,sil
1.6201505661010742,15,18,11,6,9,-4,-5,0,-6,-1,24,18,20,6,sil
1.6201505661010742,31,31,27,7,20,-7,-12,0,-5,3,36,30,31,2,sil
1.6343085765838623,22,28,22,9,13,-3,-15,-4,-2,-1,19,13,7,0,sil
1.6497583389282229,-12,1,0,11,-1,3,-11,-1,-11,-16,-16,-15,-24,-3,sil
1.6497583389282229,-19,0,-8,11,1,15,8,5,-13,-3,-14,-14,-18,0,sil
1.6649377346038818,2,13,5,15,11,25,25,5,-4,10,5,2,-1,7,sil
1.6649377346038818,6,0,11,7,0,23,16,3,3,5,-5,-1,-5,6,sil
1.681006908416748,-11,-21,-14,-11,-11,7,6,6,12,6,-22,-19,-11,0,sil
1.681006908416748,-19,-12,-16,-9,-2,-4,11,10,21,19,-15,-14,-3,-4,sil
1.6967549324035645,-2,0,0,8,9,0,9,4,28,32,0,6,12,5,sil
1.6967549324035645,9,-8,-1,7,0,0,-7,0,22,29,9,14,23,18,sil
1.7118051052093506,0,-18,-9,-10,-9,-10,-10,0,8,7,4,6,12,9,sil
1.7118051052093506,-4,-17,-11,-17,-6,-12,2,-4,5,-5,0,-4,3,-9,sil
1.7271535396575928,2,-10,-5,-19,-1,-9,0,-6,9,-16,5,0,8,-13,sil
1.7275276184082031,3,0,-4,-16,-6,-4,-12,-1,11,-25,19,17,10,-1,sil
1.742849826812744,4,7,2,-12,-10,-17,-13,-3,2,-16,26,22,4,-1,sil
1.742849826812744,15,15,24,-4,-5,-29,-17,-6,-7,-5,24,18,3,-7,sil
1.7579443454742432,18,20,19,18,3,-7,-24,-3,-10,-8,22,21,4,1,sil
1.7579443454742432,8,21,11,33,9,11,-20,-2,-23,-14,16,18,-3,4,sil
1.7730960845947266,0,21,16,20,7,0,-6,-1,-42,-16,10,3,-5,-5,sil
1.7730960845947266,-2,8,10,1,0,-8,8,0,-32,-6,7,-4,2,-5,sil
1.7887189388275146,-5,-10,0,6,-3,4,13,0,-15,-1,-10,-11,-6,-3,sil
1.7887189388275146,-9,-6,-6,28,-2,8,9,-3,-18,-9,-32,-25,-29,-9,sil
1.8038177490234373,-8,6,2,33,7,6,7,2,-14,-6,-28,-26,-24,-3,sil
1.8038177490234373,-4,0,6,10,13,16,11,10,3,8,-23,-12,-6,7,sil
1.818962574005127,0,-10,0,0,3,21,13,3,5,14,-24,-4,-5,8,sil
1.818962574005127,6,-2,3,8,0,13,9,-1,-4,15,-10,-1,-3,12,sil
1.834585189819336,5,-4,-1,0,0,4,2,-3,2,15,-1,-1,10,17,sil
1.834585189819336,-2,-14,-18,-29,-6,-1,-6,-5,27,8,-14,-2,11,8,sil
1.8502278327941888,-10,-9,-20,-42,-12,-7,-7,0,38,6,-20,-9,-1,-6,sil
1.8502278327941888,-12,-5,-26,-41,-7,-11,-8,2,23,0,-14,-22,-8,-17,sil
1.8659071922302248,-8,-9,-23,-46,-5,-18,-13,-3,2,-17,-15,-20,-6,-16,sil
1.8659071922302248,-7,-10,-12,-35,0,-14,-12,0,1,-18,-10,-6,-2,-10,sil
1.8817126750946045,-13,-3,-10,-12,12,7,-1,12,4,-2,0,1,-2,-15,sil
1.8817126750946045,-10,2,-10,-6,16,16,15,11,0,-1,4,-6,-11,-24,sil
1.897260427474976,-3,1,-2,-6,6,0,21,0,-1,-10,11,-11,-17,-16,sil
1.897260427474976,-6,5,10,7,-3,0,1,-3,3,-5,15,3,-12,-6,sil
1.9129762649536133,-4,11,8,36,-7,10,-7,0,1,1,10,14,-5,-1,sil
1.9129762649536133,9,10,15,53,-4,4,7,0,-10,4,11,16,1,12,sil
1.928586483001709,19,6,23,40,0,-5,19,4,-8,23,24,20,22,32,sil
1.928586483001709,14,-4,3,17,-3,-1,14,6,13,37,29,16,38,34,sil
1.944676637649536,10,0,0,11,-7,3,8,0,19,24,15,17,33,25,sil
1.944676637649536,25,19,17,14,2,-1,13,-8,3,10,17,24,29,23,sil
1.9598283767700195,32,12,17,0,6,-13,1,-9,-6,-5,24,24,20,20,sil
1.9598283767700195,13,-11,7,-22,-5,-10,-27,-2,-14,-24,14,18,1,3,sil
1.974982738494873,1,-8,1,-23,-2,0,-30,0,-18,-11,13,9,5,-8,sil
1.974982738494873,3,5,7,-12,6,-2,-15,0,-18,2,20,7,16,-3,sil
1.990589618682861,0,4,11,-12,0,-6,-20,-1,-15,-8,16,10,3,-1,sil
1.990589618682861,-3,6,10,-10,1,1,-17,-3,-1,-9,8,9,-3,-1,sil
2.011695384979248,-3,15,9,2,9,6,7,0,1,0,-3,-1,-5,-2,sil
2.012691736221313,-17,-2,-10,3,0,0,14,-1,-8,-9,-31,-33,-24,-21,sil
2.02227783203125,-34,-27,-17,-8,-6,0,-5,-5,-6,-17,-49,-55,-41,-35,sil
2.02227783203125,-35,-20,-10,3,0,8,-8,-1,-6,-7,-51,-43,-35,-23,sil
2.037733554840088,-23,-8,-11,22,2,8,5,-1,-11,0,-52,-33,-29,-19,sil
2.037733554840088,-4,-4,-1,14,0,6,9,0,8,1,-39,-20,-17,-10,sil
2.0527901649475098,11,6,4,10,0,9,14,4,27,4,-6,12,5,20,sil
2.0527901649475098,19,13,-2,15,1,8,19,6,19,6,4,22,6,32,sil
2.068154573440552,16,3,-15,5,0,10,18,7,20,13,0,1,-1,8,sil
2.0836822986602783,7,-1,-18,-4,2,2,14,5,28,16,0,-1,6,-1,sil
2.0836822986602783,0,-1,-5,-4,3,-12,-2,1,14,5,7,17,17,4,sil
2.098982334136963,0,-4,-8,-2,-9,-19,-22,0,0,-10,16,18,20,4,sil
2.098982334136963,5,0,-5,-11,-17,-22,-19,0,-9,-25,25,14,14,-2,sil
2.11428165435791,6,7,6,-24,-9,-16,-6,3,-10,-23,26,13,0,-1,sil
2.11428165435791,-2,2,3,-20,-9,-5,-5,0,-8,-9,14,0,-10,0,sil
2.129944324493408,-12,-1,-2,-3,-6,0,0,-5,-21,-7,-7,-21,-19,-13,sil
2.129944324493408,-17,0,-2,2,13,7,17,-4,-28,1,-10,-28,-16,-21,sil
2.146037101745605,-11,-5,1,0,23,13,12,3,-3,28,4,-10,0,-5,sil
2.146037101745605,0,-7,5,1,11,8,0,6,23,36,11,11,16,12,sil
2.161952257156372,10,-6,2,-12,-3,-4,0,3,25,19,19,14,27,14,sil
2.161952257156372,12,-7,7,-34,-13,-20,-12,-2,8,-10,23,10,15,1,sil
2.1776347160339355,14,3,12,-20,-9,-20,-23,-13,-21,-39,5,13,-11,-6,sil
2.1776347160339355,10,26,15,17,9,7,-8,-14,-45,-29,0,16,-10,0,sil
2.1927855014801025,-4,28,11,28,22,25,0,-3,-36,1,6,4,3,-3,sil
2.1927855014801025,-20,5,-4,14,20,13,-6,-2,-7,11,-5,-17,-7,-19,sil
2.207973003387451,-15,-8,-7,8,7,11,-1,-1,14,19,-16,-17,-12,-11,sil
2.207973003387451,4,-1,-4,13,-5,22,13,1,25,31,-4,1,11,15,sil
2.2235798835754395,6,5,0,18,-13,10,15,3,17,19,0,3,13,19,sil
2.2235798835754395,-2,1,6,17,-13,-3,12,7,7,-1,-15,-7,-6,7,sil
2.238973617553711,2,-4,1,11,-9,-2,13,9,7,-3,-19,-10,0,11,sil
2.238973617553711,12,0,2,12,-1,0,12,8,4,9,0,7,19,22,sil
2.254176616668701,12,1,2,16,7,0,18,4,2,18,21,21,24,25,sil
2.254176616668701,9,-11,-1,2,5,-3,7,0,5,0,7,16,11,21,sil
2.269655466079712,0,-18,-2,-12,-8,-5,-18,0,2,-19,-15,0,-7,0,sil
2.269655466079712,-8,-13,-12,-16,-12,-3,-17,4,12,-6,-12,-13,-15,-21,sil
2.28572154045105,-4,-12,-7,-22,-3,-10,1,0,25,1,-7,-13,-11,-20,sil
2.28572154045105,0,-19,2,-22,-3,-19,3,-7,16,-19,-17,-10,-9,-8,sil
3.096935987472534,-7,-7,1,0,0,3,10,-4,-3,-1,-21,-12,-15,3,sil
3.096935987472534,1,-17,-2,-16,-3,0,-2,2,4,15,-11,0,0,10,sil
3.1122405529022217,1,-19,-12,-17,-5,1,-3,8,16,24,-1,-1,12,22,sil
3.1122405529022217,0,-5,-10,-11,-16,-9,7,0,25,20,5,5,19,20,sil
3.128092050552368,4,5,2,-10,-27,-16,2,0,29,4,7,17,12,7,sil
3.128092050552368,5,3,-6,-3,-11,-4,-14,2,15,-8,7,11,8,0,sil
3.143018245697021,2,-1,-16,-1,3,-4,-18,-2,-8,-7,9,2,10,-4,sil
3.143018245697021,1,-7,-8,-10,-2,-12,0,-9,-13,-1,12,3,16,-1,sil
3.159104108810425,5,-7,2,-13,-7,-11,0,-7,-10,-13,12,6,19,-2,sil
3.159104108810425,5,11,2,-4,-4,-9,-8,0,-20,-35,10,8,7,-16,sil
3.1746268272399902,0,26,-4,2,0,-2,1,1,-17,-23,11,0,0,-14,sil
3.1746268272399902,-5,13,6,9,16,9,11,2,-6,0,5,-7,4,0,sil
3.1907107830047607,-2,2,12,21,30,16,11,2,-6,1,-7,-13,-2,-2,sil
3.1907107830047607,-1,4,0,29,24,19,20,4,2,7,-14,-16,-3,0,sil
3.206719160079956,-8,-6,0,10,3,20,20,12,19,23,-17,-11,16,6,sil
3.206719160079956,-12,-20,-5,-9,-4,12,9,3,18,20,-23,-6,17,3,sil
3.2218732833862305,-5,-9,-4,-2,4,0,6,-5,17,6,-17,-6,0,0,sil
3.2218732833862305,0,-1,0,1,-2,-8,0,0,19,2,-5,-1,8,1,sil
3.2373650074005127,-2,-11,-9,-19,-23,-18,-12,4,8,3,2,1,16,2,sil
3.2373650074005127,3,-12,-8,-28,-16,-21,-17,0,4,1,8,6,6,11,sil
3.2531487941741943,12,-6,-3,-10,-2,-15,-19,0,8,0,7,11,8,7,sil
3.2531487941741943,7,-4,-2,-12,-3,-10,-22,0,-10,-2,5,13,12,-7,sil
3.268583297729492,-4,-6,-6,-29,-6,-11,-17,-8,-35,-15,12,10,-1,-11,sil
3.268583297729492,-1,0,-4,-17,-6,-9,-15,-17,-33,-28,11,9,-22,-5,sil
3.284031867980957,19,26,24,15,-1,-5,-17,-6,-19,-16,10,19,-21,0,sil
3.284031867980957,22,42,32,27,6,-1,-6,2,-12,0,21,16,-7,3,sil
3.299105405807495,-3,22,11,13,6,6,5,0,-16,-6,10,-8,-15,-3,sil
3.299105405807495,-10,10,11,18,8,20,8,0,-11,-3,-10,-13,-28,-10,sil
3.3158187866210938,3,14,17,35,13,23,12,0,1,11,-8,3,-31,-3,sil
3.3158187866210938,-4,0,7,20,11,22,22,1,3,5,-4,-1,-55,1,sil
3.3312838077545166,-14,-10,-8,-2,15,23,27,4,14,0,-11,-19,-78,4,sil
3.3312838077545166,-2,-4,-7,0,12,20,20,9,32,13,-16,-12,-95,9,sil
3.346896409988404,0,-9,-5,8,-6,20,17,6,28,16,-17,-5,-90,8,sil
3.346896409988404,-5,-16,-14,1,-6,8,15,0,16,7,-9,-6,8,4,sil
3.362048387527466,1,-12,-6,-5,2,-16,6,0,12,3,3,5,121,1,sil
3.362048387527466,8,-20,-13,-13,-10,-24,0,-4,3,0,5,7,117,0,sil
3.3776042461395264,1,-24,-23,-25,-24,-29,-14,-13,-18,-13,2,-3,74,-1,sil
3.3776042461395264,-1,2,-2,-20,-11,-38,-37,-5,-30,-21,12,2,69,-8,sil
3.393149852752685,2,17,9,1,3,-23,-31,2,-15,-9,12,0,47,-10,sil
3.393149852752685,0,5,7,16,5,2,-7,5,2,5,-8,-11,14,0,sil
3.408396005630493,0,0,0,14,1,18,8,7,10,19,-10,-10,14,8,sil
3.408396005630493,0,-9,-2,0,-2,22,19,5,17,29,-1,0,15,7,sil
3.4244792461395264,-12,-22,-4,-18,-10,14,16,2,17,17,-7,1,3,5,sil
3.4244792461395264,-15,-16,-12,-25,-14,-3,-1,0,8,1,-2,0,0,6,sil
3.443077802658081,0,1,-7,-15,-8,-16,-15,-2,6,3,14,10,0,3,sil
3.455993175506592,14,17,11,0,1,-14,-11,-3,11,10,28,18,4,-1,sil
3.455993175506592,21,27,18,11,11,-9,-3,-1,3,1,30,24,5,1,sil
3.455993175506592,17,25,5,6,9,-6,-5,-1,-14,-24,7,16,-21,3,sil
3.471550703048706,-1,11,-13,-9,5,-5,-8,-1,-26,-38,-16,-4,-47,-15,sil
3.471550703048706,-10,4,-1,-9,11,4,-6,1,-24,-30,-11,-6,-42,-30,sil
3.487878799438477,-11,-1,6,6,9,16,-3,1,-19,-18,-7,-4,-37,-17,sil
3.487878799438477,-21,-13,-8,8,-6,10,-5,0,-22,-10,-20,-27,-45,-9,sil
3.5029296875,-14,-6,-4,5,-6,6,0,0,-16,1,-15,-28,-38,-8,sil
3.5029296875,4,6,6,19,6,15,18,2,5,14,3,-2,-13,5,sil
3.517270803451538,8,5,13,22,9,15,31,3,21,14,0,3,-2,18,sil
3.53282117843628,6,2,13,9,3,16,28,4,19,17,-8,-4,3,13,sil
3.53282117843628,5,-1,2,-2,-2,13,16,0,12,18,0,-2,14,7,sil
3.547773838043213,4,-14,0,-9,-5,-2,0,-6,9,3,5,12,12,7,sil
3.547773838043213,2,-14,-4,-8,-2,-19,-9,-9,2,-10,-3,13,0,4,sil
3.563236951828003,0,-4,-9,-10,-11,-26,-16,-7,-12,-13,-13,0,-4,-1,sil
3.563236951828003,2,-4,-4,-17,-15,-25,-26,-3,-9,-13,0,-3,11,-3,sil
3.5792577266693115,12,2,5,-3,2,-11,-13,0,10,-10,27,11,19,4,sil
3.5792577266693115,2,15,11,15,10,6,2,3,6,-9,19,12,2,7,sil
3.5958034992218018,-13,10,0,24,-1,12,0,1,-10,0,0,-11,-3,-3,sil
3.5958034992218018,-6,0,-2,23,6,13,8,2,0,24,-4,-19,13,-5,sil
3.611672163009644,6,-2,0,8,17,15,31,5,25,33,-21,-3,21,6,sil
3.611672163009644,1,-10,-8,-9,1,1,11,2,29,18,-21,5,19,9,sil
3.626752853393554,-2,-6,-1,-16,-3,-15,-19,1,4,3,14,9,28,3,sil
3.626752853393554,0,-2,-1,-26,0,-15,-19,-4,-17,-5,27,7,23,-3,sil
3.642817258834839,-8,-10,-9,-32,-10,-7,-13,-10,-27,-20,5,1,-3,-16,sil
3.642817258834839,-5,0,4,0,-7,7,-1,4,-15,-6,5,6,-3,-12,sil
3.657811403274536,8,17,8,35,14,18,21,14,11,25,14,9,16,10,sil
3.657811403274536,0,7,-1,16,10,4,22,7,20,23,-3,-3,3,15,sil
3.672959089279175,-10,-9,-11,-12,-10,-5,8,0,17,9,-20,-12,-14,3,sil
3.672959089279175,6,-5,-7,-5,-14,1,2,0,13,4,-10,-2,-11,1,sil
3.689049243927002,15,0,2,-2,-4,0,-6,0,-6,-19,-3,2,-15,0,sil
3.689049243927002,1,-5,-1,-16,0,-14,-22,-3,-26,-43,-9,-3,-22,-11,sil
3.7046263217926025,-4,-4,0,-22,-9,-14,-25,-9,-23,-30,0,3,-16,-13,sil
3.7046263217926025,1,7,3,-10,-14,-11,-12,-9,-16,-10,20,7,-4,-12,sil
3.720580577850342,4,12,7,4,0,-9,-3,-1,-13,-9,13,-4,-5,-13,sil
3.720580577850342,-1,4,12,14,9,4,-4,2,1,-4,-11,-12,-17,-8,sil
3.7357664108276367,-8,-2,-5,12,3,17,-3,1,2,4,-21,-15,-21,-2,sil
3.7357664108276367,-11,0,-11,7,4,14,5,1,-20,0,-22,-18,-11,-4,sil
3.750901937484741,-10,8,0,13,13,10,23,0,-22,0,-13,-15,1,0,sil
3.750901937484741,-1,1,0,15,9,8,27,-1,8,13,2,-1,3,13,sil
3.7666983604431152,5,-5,-2,6,-4,6,12,2,25,21,8,11,5,21,sil
3.7666983604431152,0,-7,-2,0,-8,2,5,3,21,17,5,3,13,12,sil
3.7826411724090576,0,-8,1,-2,0,0,4,-2,16,12,0,-1,11,8,sil
3.7826411724090576,8,-7,4,0,1,-2,-6,-3,17,7,8,13,12,15,sil
3.7984349727630615,13,-9,0,0,0,-10,-10,0,12,-4,20,23,22,10,sil
3.7984349727630615,6,-7,1,-4,-4,-19,-7,4,2,-10,23,23,19,0,sil
3.814055919647217,3,6,8,-8,-5,-15,-11,3,3,-8,22,24,9,-1,sil
3.814055919647217,8,21,15,0,0,-7,-15,0,6,-10,22,21,6,0,sil
3.829747438430786,11,24,17,19,11,0,-9,-1,-9,-9,17,12,10,-7,sil
3.829747438430786,4,21,17,32,13,8,0,0,-27,-8,1,-1,0,-12,sil
3.845946550369263,-6,14,13,22,7,17,6,-2,-24,-8,-15,-13,-18,-10,sil
3.845946550369263,-8,2,-4,17,8,16,9,-2,-5,4,-16,-14,-9,-5,sil
3.8616998195648193,-1,-3,-5,16,15,11,7,6,11,19,-7,-5,0,1,sil
3.8616998195648193,0,-3,-4,-5,12,13,9,5,20,22,-11,-11,-8,7,sil
3.8769004344940186,-4,-8,-21,-37,0,11,12,-2,21,29,-20,-22,0,10,sil
3.8769004344940186,-7,-22,-22,-46,-6,1,4,3,16,27,-24,-19,5,5,sil
3.892216920852661,-12,-27,-24,-35,-10,-4,3,6,11,7,-25,-23,-13,-5,sil
3.892216920852661,-14,-24,-28,-40,-18,-11,12,-1,0,-8,-23,-28,-17,-11,sil
3.9076662063598633,-10,-25,-22,-56,-19,-19,-1,-2,-11,-14,-17,-14,-3,-10,sil
3.9076662063598633,-15,-21,-23,-49,-19,-27,-25,-5,-13,-19,-9,-5,-4,-11,sil
3.9228124618530273,-19,-1,-8,-26,-22,-26,-27,-10,-17,-27,-2,-9,-11,-16,sil
3.9228124618530273,-2,15,10,0,-13,-10,-18,-9,-26,-29,2,0,-13,-13,sil
3.9388701915740967,14,20,20,31,5,3,-8,0,-28,-23,9,18,-13,-2,sil
3.9388701915740967,16,22,31,52,17,17,11,7,-21,-7,17,25,0,7,sil
3.954133987426758,13,19,30,55,14,28,27,4,-9,10,21,19,14,14,sil
3.954133987426758,9,5,20,46,2,18,12,0,-2,15,9,12,5,13,sil
3.970069885253906,0,-8,2,30,-3,1,-3,-6,-4,6,-2,7,-3,7,sil
3.970069885253906,0,-4,6,25,-1,1,1,-6,0,5,8,12,5,11,sil
3.985703229904175,19,10,22,31,0,3,11,2,22,16,32,31,26,24,sil
3.985703229904175,22,6,4,15,-5,-10,1,5,31,7,23,24,30,18,sil
4.001689195632935,0,-6,-13,-21,-11,-23,-9,3,20,-13,-6,-2,6,-5,sil
4.001689195632935,-3,-6,-13,-30,-3,-11,-8,4,14,-8,-4,-9,-5,-17,sil
4.024799585342407,15,8,-4,-7,13,5,-7,1,9,7,21,10,9,-8,sil
4.024799585342407,13,21,15,3,24,3,-10,3,1,2,24,17,13,-1,sil
4.024799585342407,-7,8,8,-7,14,-11,-8,3,6,-8,7,0,2,-5,sil
4.033268690109253,-18,-5,-11,-17,0,-17,-15,-3,3,-10,2,-11,-4,-10,sil
4.048911809921265,-13,6,-8,-4,3,-8,-17,-7,-11,-10,-1,-13,-14,-13,sil
4.048911809921265,-7,10,1,5,16,9,0,0,-9,-10,-19,-21,-17,-9,sil
4.065003871917725,-6,-3,0,-3,12,24,22,6,6,5,-19,-17,0,8,sil
4.065003871917725,-2,-9,-7,-6,2,18,24,6,12,32,0,-6,17,21,sil
4.080415487289429,1,-9,-1,5,2,16,20,0,2,26,-7,-7,0,13,sil
4.080415487289429,0,-12,-1,11,0,27,24,-3,-8,4,-26,-13,-20,1,sil
4.09607458114624,-7,-14,-13,1,-6,13,14,-2,-8,8,-19,-16,-17,0,sil
4.09607458114624,-7,-10,-12,-14,-12,-10,-3,1,-9,15,-12,-12,-8,-5,sil
4.111617088317871,3,-4,-5,-17,-12,-13,-3,-1,-10,0,-9,-2,-2,-8,sil
4.111617088317871,10,-3,2,-4,-14,-1,1,0,-3,-4,1,10,0,5,sil
4.12773323059082,0,-6,0,-4,-18,0,-2,2,-3,9,10,12,2,9,sil
4.12773323059082,-3,-8,-4,-12,-14,-14,-13,-2,-6,3,5,1,4,-6,sil
4.143960952758789,8,1,11,0,0,-20,-19,-3,0,-12,5,10,2,-5,sil
4.143960952758789,11,21,15,9,3,-5,-15,0,4,-13,11,22,5,5,sil
4.159615755081177,-2,24,4,-8,-1,-4,-14,-1,-3,-22,0,6,0,-6,sil
4.159615755081177,-17,11,0,-10,2,-3,-7,-3,-15,-35,-19,-17,-17,-23,sil
4.174682855606079,-21,-2,-5,7,9,15,23,-6,-10,-13,-14,-17,-19,-18,sil
4.174682855606079,-13,-18,-9,2,-1,24,42,0,13,17,-7,-10,-7,0,sil
4.189892292022705,-5,-18,-17,0,-4,15,21,9,29,28,-11,-13,0,15,sil
4.189892292022705,0,0,-11,11,8,-4,-5,8,21,8,-8,-7,9,8,sil
4.204913377761841,4,0,3,5,5,-23,-18,0,8,-18,-4,5,9,-9,goodbye
4.204913377761841,0,-13,0,-8,-8,-24,-21,-3,-1,-14,4,13,8,0,goodbye
4.2209861278533936,6,-11,3,-8,-9,-15,-16,2,-2,5,24,20,26,19,goodbye
4.2209861278533936,20,0,7,-4,-3,-9,-9,3,9,5,29,21,32,11,goodbye
4.236111879348755,20,12,4,-4,3,-2,-10,-1,0,-1,21,16,8,0,goodbye
4.236111879348755,15,15,8,-5,9,-4,-7,-3,-18,-8,24,18,-1,5,goodbye
4.251250743865967,15,7,13,5,3,-10,-1,-4,-14,-16,20,19,3,6,goodbye
4.267261743545532,7,16,15,25,0,-4,-14,-3,-15,-15,6,21,-2,1,goodbye
4.267261743545532,2,28,5,27,4,0,-13,0,-12,-1,9,2,-5,-2,goodbye
4.282803058624268,4,12,3,9,13,9,19,4,6,11,9,-25,-5,-6,goodbye
4.282803058624268,-6,0,8,4,15,26,22,4,1,14,-6,-21,-13,-11,goodbye
4.298811912536621,-19,-5,-7,4,7,26,0,-5,-13,3,-16,-10,-20,-11,goodbye
4.299812316894531,-13,-7,-3,2,4,14,7,-9,-6,5,-17,-21,-18,-4,goodbye
4.299812316894531,-5,-2,5,13,3,6,14,0,0,24,-7,-17,-11,-4,goodbye
4.314260959625244,-10,-5,-6,8,-4,-2,-7,2,-5,8,-7,-3,-13,-13,goodbye
4.330282688140869,-14,-6,-9,-7,-6,6,1,-1,-12,-20,-27,-11,-19,-5,goodbye
4.330282688140869,-4,0,-8,0,-2,18,24,0,-9,2,-24,-11,-1,11,goodbye
4.330282688140869,3,-5,-10,3,-1,3,12,11,10,33,2,3,19,9,goodbye
4.345851182937622,5,-3,0,-8,5,3,10,15,32,19,9,1,16,5,goodbye
4.362623453140259,4,1,7,-11,6,15,22,4,34,1,-1,1,9,20,goodbye
4.362623453140259,-2,-9,-5,-12,-12,4,5,0,24,8,-5,8,11,28,goodbye
4.362623453140259,-13,-18,-27,-19,-24,-15,-7,0,14,15,-10,-9,9,10,goodbye
4.376705884933472,-7,-12,-14,-12,-16,-19,-1,0,10,0,-14,-17,2,-6,goodbye
4.391995429992676,5,-8,0,-4,-9,-12,-5,0,11,-20,4,11,4,1,goodbye
4.391995429992676,-1,0,-2,-11,-7,-10,-10,-3,-6,-16,14,18,5,5,goodbye
4.4073405265808105,-12,3,-1,-16,-1,-15,-6,-6,-25,-6,-1,-2,0,-20,goodbye
4.4073405265808105,4,-2,-1,-6,3,-15,-8,-2,-5,-12,1,-1,2,-32,goodbye
4.422950029373169,14,7,5,-1,0,-6,-18,0,0,-21,17,15,3,-10,goodbye
4.422950029373169,2,19,10,-7,-6,-9,-19,-4,-24,-15,14,9,1,0,goodbye
4.4386069774627686,0,0,5,-10,-1,-22,-7,-8,-13,0,11,1,6,-3,goodbye
4.4386069774627686,6,-15,12,-6,13,-9,-3,0,12,1,2,12,-8,-1,goodbye
4.454218626022339,7,-5,7,4,10,18,-12,-1,-2,-14,-13,-2,-32,-9,goodbye
4.454218626022339,7,14,10,16,0,16,-5,-10,-20,-20,0,-18,-11,-10,goodbye
4.469627141952515,15,29,28,26,8,-6,7,0,0,1,23,10,19,15,goodbye
4.469627141952515,18,23,17,35,14,-7,-8,9,6,9,20,40,9,30,goodbye
4.485124111175537,7,12,1,29,5,5,-26,3,-14,-12,8,24,-7,7,goodbye
4.485124111175537,-7,5,-2,7,7,6,-1,-1,-25,-16,-2,-13,0,-12,goodbye
4.501029253005981,-14,-6,-8,-9,6,0,23,-1,-15,1,-21,-29,-1,-10,goodbye
4.501029253005981,-13,-10,-6,-8,-5,0,16,0,-4,4,-24,-13,-12,0,goodbye
4.516237497329712,-11,0,-5,2,0,7,7,0,0,8,-17,-1,-8,0,goodbye
4.516237497329712,-9,-3,-5,0,3,9,10,4,-2,27,-12,-7,0,-3,goodbye
4.53202486038208,0,-17,-10,-4,-7,12,20,4,7,32,0,-10,5,0,goodbye
4.53202486038208,7,-19,-12,0,-12,22,25,3,25,10,2,0,-5,8,goodbye
4.547654151916504,-5,-18,-16,-11,-11,25,7,3,20,-10,-11,-1,-20,5,goodbye
4.547654151916504,-16,-16,-22,-26,-13,13,-12,0,6,-7,-20,-18,-15,0,goodbye
4.562955379486084,-4,0,-7,0,1,7,-6,4,12,16,-3,-21,4,7,goodbye
4.562955379486084,7,12,1,29,14,5,12,9,28,37,25,-8,26,10,goodbye
4.5780463218688965,13,9,6,10,9,-5,19,4,34,22,31,2,28,7,goodbye
4.5780463218688965,15,8,12,-6,5,-7,13,0,17,1,9,10,13,9,goodbye
4.593744277954102,-1,1,-2,-2,0,-2,-1,-3,-10,-7,-8,6,3,0,goodbye
4.593744277954102,-23,-11,-9,-11,-9,-11,-10,-8,-21,-26,-19,0,-9,-23,goodbye
4.609173536300659,-23,-11,-5,-21,-8,-18,-12,-10,-13,-28,-21,-2,-21,-25,goodbye
4.609173536300659,-7,0,-1,-16,0,-17,-24,-3,-13,-1,-8,1,-8,-8,goodbye
4.624719142913818,5,15,10,-1,2,-16,-33,2,-17,2,3,6,9,-2,goodbye
4.624719142913818,10,26,18,16,8,-17,-11,-2,-7,-7,14,10,12,2,goodbye
4.640570402145386,16,18,24,21,11,-16,6,-2,-2,3,29,19,10,19,goodbye
4.640570402145386,25,8,22,11,-1,-6,3,2,-3,17,36,29,17,28,goodbye
4.65596866607666,18,6,8,-1,-10,3,3,-2,-3,6,24,24,22,13,goodbye
4.65596866607666,2,-2,6,-13,-3,-4,5,-7,-12,-17,7,12,13,-4,goodbye
4.671497106552124,2,-16,5,-7,-5,-10,0,-1,-15,-24,4,5,2,-6,goodbye
4.671497106552124,4,-16,8,2,-15,1,-7,5,0,-14,2,4,-7,-1,goodbye
4.686880350112915,-3,-8,-3,-8,-12,7,-12,4,4,-14,-2,0,-14,-6,goodbye
4.686880350112915,-4,-3,-17,-13,-2,-2,-15,0,-4,-22,0,1,-10,-12,goodbye
4.7029709815979,-1,3,-3,10,1,-2,-9,5,0,-11,6,7,-2,-12,goodbye
4.7029709815979,-7,10,-3,24,10,12,2,9,16,4,-3,-6,-6,-13,goodbye
4.718571901321411,-10,9,-11,13,12,21,11,0,7,0,-26,-28,-23,-10,goodbye
4.718571901321411,-7,3,-4,9,0,22,16,-7,-6,-1,-30,-31,-32,-2,goodbye
4.73404598236084,-7,-4,-8,15,6,19,10,0,0,10,-20,-27,-26,-2,goodbye
4.73404598236084,-11,-15,-14,11,21,20,4,5,12,15,-30,-28,-18,-3,goodbye
4.749662637710571,-19,-22,-22,-4,8,24,19,-3,10,18,-46,-39,-15,1,goodbye
4.749662637710571,-21,-17,-25,-21,-8,27,28,-2,5,26,-37,-32,-5,12,goodbye
4.765024662017822,0,-4,-10,-19,0,17,10,8,8,28,-13,1,13,17,goodbye
4.765024662017822,14,1,0,-13,2,-13,-4,4,12,18,-2,15,23,17,goodbye
4.780164957046509,2,-7,-5,-37,-16,-39,-9,-2,6,-2,0,0,9,5,goodbye
4.780164957046509,-4,-19,-13,-54,-18,-34,-18,-2,-2,-11,9,-2,4,-9,goodbye
4.79573655128479,8,0,1,-23,-3,-23,-18,-1,-7,-1,28,16,17,-13,goodbye
4.79573655128479,20,35,25,14,3,-13,-2,1,-3,-1,40,30,20,-1,goodbye
4.8109307289123535,17,27,24,23,7,-1,10,1,8,-5,37,28,15,11,goodbye
4.8109307289123535,5,-5,10,12,6,0,7,2,7,3,12,13,7,14,goodbye
4.826684713363648,-3,0,3,12,0,-5,0,-3,-11,0,-2,-4,-2,0,goodbye
4.826684713363648,0,23,18,23,-4,-12,-7,-11,-29,-13,18,3,4,-5,goodbye
4.843776941299439,12,24,37,29,-1,-11,-21,-4,-27,-16,36,33,19,7,goodbye
4.843776941299439,17,18,24,32,1,-3,-24,-2,-12,-20,18,31,11,8,goodbye
4.8569183349609375,10,13,16,30,13,6,2,-6,-3,-9,12,12,8,0,goodbye
4.872071981430054,3,0,9,18,10,11,25,0,1,16,30,11,19,7,goodbye
4.872071981430054,4,-5,-1,12,-5,11,5,9,12,16,12,16,1,4,goodbye
4.887652635574341,3,0,1,11,-2,11,-6,8,17,5,-14,5,-16,-9,goodbye
4.887652635574341,-14,-14,-11,-10,3,5,0,0,5,2,-11,-18,-13,-11,goodbye
4.902919769287109,-33,-36,-33,-31,-9,5,-7,2,-2,-14,-28,-30,-28,-12,goodbye
4.902919769287109,-31,-20,-33,-17,-11,10,-7,8,8,-17,-47,-23,-32,-14,goodbye
4.918045282363892,-20,0,-25,-13,0,0,10,3,18,3,-20,-19,-9,-10,goodbye
4.918045282363892,-9,-15,-18,-31,-1,-8,12,0,9,2,-4,-24,-9,-11,goodbye
4.933569669723511,1,-24,-9,-25,-2,0,7,1,-6,-6,-24,-19,-16,-7,goodbye
4.933569669723511,3,0,3,-1,6,0,13,-1,-11,-2,-20,-1,-3,4,goodbye
4.9492151737213135,0,12,3,4,1,-9,10,-5,-3,1,-5,-2,4,5,goodbye
4.9492151737213135,6,0,-1,-24,-31,-15,-8,-10,-14,-8,-15,-19,-7,-8,goodbye
4.964615821838379,7,-4,3,-62,-39,0,-23,-9,-27,-18,-13,-11,-7,-10,goodbye
4.964615821838379,5,9,3,-22,8,25,-17,1,0,3,20,16,19,10,goodbye
4.980025768280029,12,25,12,56,38,18,-7,5,10,28,35,24,29,21,goodbye
4.980025768280029,18,22,19,58,24,0,2,-4,-2,19,21,11,12,15,goodbye
4.996142625808716,16,12,8,17,21,1,11,0,12,10,13,8,12,18,goodbye
4.996142625808716,11,12,5,17,15,3,0,11,23,8,14,22,13,15,goodbye
5.011804580688477,3,7,6,28,0,-6,-7,4,0,-2,12,18,-2,0,goodbye
5.011804580688477,1,-1,8,17,1,-9,10,-2,-1,-4,7,-4,-4,-2,goodbye
5.027036666870117,-1,-3,-3,0,-2,-8,16,0,7,-1,-8,-19,0,1,goodbye
5.027457237243652,-17,-21,-24,-15,-16,-5,0,-2,-4,-6,-30,-20,-16,-8,goodbye
5.042230129241943,-27,-38,-16,-27,-9,5,4,2,4,3,-32,-16,-25,-14,goodbye
5.042230129241943,-25,-30,-12,-30,-7,1,15,7,24,11,-20,-16,-7,-8,goodbye
6.070021390914917,-20,-16,-29,-29,-7,6,4,-2,-4,5,-33,-15,-15,-3,goodbye
6.070021390914917,-29,-39,-38,-48,-11,-3,3,0,3,-4,-32,-16,-18,-6,goodbye
6.085963726043701,-21,-50,-23,-53,-18,-20,5,1,23,-2,-29,-19,-11,-4,goodbye
6.085963726043701,-4,-24,-10,-23,-11,-16,4,0,23,6,-16,-14,7,-2,goodbye
6.10094165802002,9,3,-1,-1,-2,-10,-13,4,11,-1,13,20,33,4,goodbye
6.10094165802002,18,0,3,-7,-4,-24,-30,2,4,-19,25,42,41,7,goodbye
6.116623878479004,19,-4,5,-1,-2,-25,-19,-6,1,-12,22,23,37,-3,goodbye
6.116977691650391,13,9,14,17,1,0,-2,-8,1,3,25,21,39,-5,goodbye
6.132095336914063,12,20,11,18,2,0,0,-1,3,0,27,36,38,4,goodbye
6.132095336914063,14,16,14,14,9,-14,1,3,-3,-3,27,23,35,3,goodbye
6.147647857666016,10,12,21,23,14,-8,2,1,-11,7,24,4,37,-1,goodbye
6.147647857666016,0,5,9,25,-4,-5,-6,-8,-21,-6,-1,-7,21,-3,goodbye
6.162746906280518,-12,-2,1,19,-14,-5,-8,-12,-31,-29,-24,-24,0,-8,goodbye
6.162746906280518,-19,-2,-1,20,2,13,5,0,-12,3,-11,-21,11,0,goodbye
6.177940368652344,-15,-7,-10,5,-3,19,2,12,15,24,-6,-5,19,10,goodbye
6.177940368652344,-8,-20,-17,-21,-30,0,-10,4,9,-9,-15,-7,0,-1,goodbye
6.194215774536133,0,-12,-7,-17,-15,-10,-3,-1,-7,-20,1,-1,-8,-6,goodbye
6.194215774536133,5,12,9,-4,3,-11,0,0,-16,-13,13,17,-20,-2,goodbye
6.209816694259644,3,6,8,-10,0,-10,0,-5,-19,-28,-2,10,-48,-9,goodbye
6.209816694259644,-4,-3,8,0,26,-2,10,-5,-8,-19,-1,2,-52,-6,goodbye
6.224843502044678,-12,25,2,7,25,6,5,-3,-9,-3,-3,-8,-56,-4,goodbye
6.224843502044678,-9,40,-7,-35,-31,6,-20,-10,-26,-14,-35,-39,-119,-24,goodbye
6.240584135055542,0,11,0,-58,-18,12,-17,-2,-11,0,-35,-33,-157,-25,goodbye
6.240584135055542,2,-4,0,-14,36,22,5,9,12,34,-2,-7,-116,0,goodbye
6.255917310714722,5,0,0,3,16,16,7,6,4,27,-8,-11,-149,11,goodbye
6.255917310714722,1,-6,0,1,-10,4,7,7,7,11,-21,-14,-192,9,goodbye
6.27131986618042,-12,-19,-24,16,1,6,21,8,29,18,-1,-7,0,13,goodbye
6.27131986618042,-11,-14,-17,5,2,14,26,0,28,17,6,-14,248,12,goodbye
6.286813974380493,1,0,5,0,2,14,16,-4,20,17,0,-18,237,5,goodbye
6.287171363830566,4,-1,0,22,8,8,11,1,19,30,6,-3,121,8,goodbye
6.302818775177002,-2,-18,-9,22,2,5,13,7,19,31,12,8,109,12,goodbye
6.302818775177002,-11,-22,-11,0,-1,0,0,3,12,6,6,5,102,0,goodbye
6.318932771682739,2,-3,0,0,-3,-13,-18,0,0,-14,3,15,55,-3,goodbye
6.318932771682739,28,8,14,13,3,-16,-12,1,0,-16,17,31,43,11,goodbye
6.334940910339356,17,-4,8,13,9,-12,-6,-3,0,-21,15,29,33,11,goodbye
6.334940910339356,-14,-25,-8,-8,-10,-13,-13,-7,-15,-34,-4,14,-1,-8,goodbye
6.35057806968689,-11,-14,-12,-17,-21,-16,-11,-1,-11,-32,-4,6,-12,-14,goodbye
6.35057806968689,14,18,16,-1,-5,-11,-5,-1,1,-20,4,14,-7,0,goodbye
6.366272211074829,24,17,27,0,0,-8,-5,-6,-8,-9,3,28,-15,12,goodbye
6.366272211074829,16,1,9,-2,-9,-14,-4,0,-23,-1,18,33,-22,16,goodbye
6.381845235824585,5,8,2,6,-5,-11,-3,4,-22,-3,23,19,-31,2,goodbye
6.381845235824585,1,10,4,0,0,-6,1,-1,-14,-5,-2,-4,-48,-8,goodbye
6.397403001785278,5,9,8,-7,0,-5,0,-2,-6,10,1,-4,-43,-4,goodbye
6.397403001785278,7,24,8,13,0,0,-6,5,1,25,36,6,-19,0,goodbye
6.413031101226807,0,22,5,18,-2,0,-2,3,12,11,28,0,-17,-6,goodbye
6.413031101226807,-8,8,5,1,-2,0,-4,-6,9,-7,0,-13,-31,-11,goodbye
6.428673505783081,-8,5,-5,5,2,7,-14,-6,-4,-5,-8,-14,-32,-6,goodbye
6.428673505783081,-10,0,-10,9,6,10,-6,6,-8,-1,-16,-14,-30,-4,goodbye
6.443692207336426,-13,-8,-7,-7,7,12,14,8,0,8,-21,-12,-31,-6,goodbye
6.443692207336426,-12,-12,-9,-22,7,11,16,-4,0,13,-22,-21,-29,-9,goodbye
6.459036111831665,-16,-10,-7,-16,6,10,1,-5,2,-3,-26,-37,-21,-17,goodbye
6.459036111831665,-19,-3,-13,0,5,20,-2,0,7,-8,-20,-31,-3,-13,goodbye
6.475058555603027,-13,0,-9,6,6,27,7,2,7,7,-9,-13,13,0,goodbye
6.475058555603027,-6,-4,-4,3,4,21,14,0,3,12,-2,-9,18,6,goodbye
6.490755081176758,4,0,-2,2,0,8,11,-6,-7,4,1,1,14,9,goodbye
6.490755081176758,17,5,10,4,0,-2,7,-5,-6,3,0,23,15,18,goodbye
6.505796670913696,12,-1,5,1,6,-8,9,0,17,8,-5,10,19,16,goodbye
6.505796670913696,0,-19,-5,-11,3,-8,10,3,22,-1,-14,-9,9,4,goodbye
6.52101469039917,-5,-22,-7,-22,-6,-12,1,0,-2,-20,-22,-12,2,-5,goodbye
6.52101469039917,-1,-9,-10,-9,-8,-16,-11,2,-19,-14,-11,-8,9,-4,goodbye
6.536035776138306,0,-7,-2,4,-5,-7,-14,8,-10,2,3,-2,9,2,goodbye
6.552761077880859,-6,-16,-2,0,-13,0,-8,4,2,-2,0,-6,5,-2,goodbye
6.552761077880859,-6,-9,-5,-5,-10,-2,-8,2,0,-9,-2,0,10,-5,goodbye
6.552761077880859,17,9,16,7,0,-1,-3,9,1,9,20,35,25,18,goodbye
6.567004442214966,29,14,22,9,-1,0,3,1,11,30,37,45,32,27,goodbye
6.582975625991821,7,4,4,-13,-6,-10,3,-8,6,12,14,13,13,-2,goodbye
6.582975625991821,-1,6,-9,-11,6,-11,6,-3,5,-8,-1,0,0,-15,goodbye
6.599614381790161,12,18,2,16,10,3,8,0,17,-1,16,15,4,4,goodbye
6.599614381790161,9,17,5,15,0,8,2,0,6,3,22,18,4,12,goodbye
6.599614381790161,-6,3,-11,3,-9,-5,0,-2,-8,-1,5,0,-1,0,goodbye
6.61466121673584,0,5,3,14,-4,-1,-4,1,0,13,4,3,-3,1,goodbye
6.630165100097656,13,15,17,11,8,8,-7,3,5,16,18,20,0,6,goodbye
6.630165100097656,1,7,3,-3,6,-10,-10,-5,-6,-18,17,3,-2,-7,goodbye
6.6470677852630615,-14,-5,0,-8,-8,-21,-16,-10,-13,-31,0,-19,-10,-17,goodbye
6.6470677852630615,-3,-7,1,-10,-8,-7,-9,-5,-4,-4,-9,-8,-6,-7,goodbye
6.64773154258728,4,5,4,0,4,0,0,-2,-1,0,-4,3,0,0,goodbye
6.663140773773193,-6,14,4,23,10,5,0,-7,-10,-15,-11,-10,-16,-5,goodbye
6.663140773773193,-22,-3,-10,6,4,13,-1,-4,-14,-13,-26,-18,-31,-10,goodbye
6.677769184112549,-20,-18,-12,-22,-5,3,-4,10,-9,-5,-18,-6,-18,-6,goodbye
6.692973852157593,-6,-11,-2,-14,-2,-7,-3,9,-7,-7,-3,-8,-8,-1,goodbye
6.692973852157593,-2,-1,0,1,7,2,-4,-3,-12,-5,-11,-18,-13,-9,goodbye
6.70903754234314,-7,1,-12,4,3,19,-1,-6,-11,-1,-16,-19,-10,-17,goodbye
6.70903754234314,-3,1,-11,1,-2,13,10,-4,-6,-9,0,-13,-2,-10,goodbye
6.726147174835205,1,1,7,3,3,8,18,3,0,-2,11,-2,-2,-3,goodbye
6.726147174835205,2,-4,1,11,6,13,13,8,9,22,4,5,-2,0,goodbye
6.726659536361694,7,-12,0,4,0,3,7,3,15,14,-11,5,0,13,goodbye
6.739796161651611,8,-12,8,-12,-3,-6,1,-1,8,-3,-3,3,5,16,goodbye
6.756078481674194,2,-10,3,-16,1,-1,4,4,7,10,13,5,13,9,goodbye
6.756078481674194,4,-4,4,-4,6,1,10,9,12,23,7,6,19,12,goodbye
6.771589517593384,9,4,7,11,0,-5,3,0,14,18,3,5,23,13,goodbye
6.771589517593384,6,11,4,14,-4,-8,-7,0,16,16,12,9,21,11,goodbye
6.786797046661377,2,13,0,5,-4,-3,-2,7,16,8,5,9,18,13,goodbye
6.786797046661377,0,7,-6,0,-6,-1,0,2,5,-3,-12,-2,8,4,goodbye
6.801906585693359,4,-1,-3,-7,0,-3,2,0,4,2,-10,2,-4,-3,goodbye
6.801906585693359,6,-4,-4,-16,4,0,3,3,9,12,-1,10,-4,-2,goodbye
6.817122459411621,-1,-6,-9,-14,-2,-5,-6,0,-10,-5,-10,-2,-7,-4,goodbye
6.817493438720703,-4,-4,-1,-4,-2,-11,-6,-9,-25,-23,-7,-11,-16,-6,goodbye
6.832567453384399,3,8,10,6,5,-3,8,-6,-6,-2,17,2,-2,0,goodbye
6.832567453384399,-5,10,6,8,0,6,2,1,4,16,17,8,4,-1,goodbye
6.848672151565552,-23,-3,-18,0,-7,1,-9,-4,-6,4,-7,-14,-10,-17,goodbye
6.848672151565552,-14,-4,-16,-1,-6,-2,-11,-14,-21,-9,-12,-18,-14,-14,goodbye
6.86467432975769,2,0,4,8,-2,6,-11,-3,-16,-4,0,4,-2,0,goodbye
6.86467432975769,3,-5,0,13,0,7,-8,3,1,-15,1,6,0,1,goodbye
6.880850315093994,1,-8,-3,2,0,-1,-3,0,0,-57,-7,-1,-7,-1,goodbye
6.880850315093994,0,1,2,-5,2,0,0,0,-12,-57,0,1,-3,3,goodbye
6.895955324172974,-4,11,9,-2,5,7,5,0,0,1,15,5,2,0,sil
6.895955324172974,-2,7,10,0,-7,6,1,1,14,40,11,1,0,-6,sil
6.91155743598938,10,4,1,-1,-11,-2,-3,5,10,36,3,1,2,2,sil
6.91155743598938,18,16,8,8,5,-6,2,5,2,30,15,15,11,13,sil
6.927069902420044,12,9,12,6,9,-3,8,5,8,20,19,19,13,9,sil
6.927069902420044,3,-13,0,-13,-1,-5,1,2,9,3,4,2,9,1,sil
6.942638397216797,7,-5,4,-9,1,-5,3,0,2,1,7,2,17,5,sil
6.942638397216797,12,9,9,0,7,-2,10,0,4,0,18,11,22,12,sil
6.958681344985962,0,3,1,-7,4,-3,0,0,0,-19,-7,-3,3,-2,sil
6.958681344985962,-10,-2,-5,-1,9,-2,-7,-3,-15,-27,-31,-22,-13,-21,sil
6.97391939163208,-4,-2,-4,6,11,-3,-8,-3,-18,-16,-13,-9,-16,-18,sil
6.97391939163208,-5,0,-2,-3,-2,-2,-10,1,-14,-8,0,3,-18,-10,sil
6.990049600601196,-11,0,-11,3,-9,10,0,2,-13,-1,-18,-9,-22,-6,sil
6.990049600601196,-15,-13,-10,14,-1,21,10,0,1,4,-25,-26,-21,-4,sil
7.00608491897583,-22,-26,-12,1,0,11,6,-2,13,6,-17,-28,-14,-4,sil
7.00608491897583,-15,-21,-14,-1,-4,0,8,0,13,6,-14,-16,0,3,sil
7.021653413772583,0,-3,-1,2,-10,1,12,5,21,10,-1,0,13,11,sil
7.021653413772583,2,0,-6,-8,-17,0,-2,2,15,9,10,5,16,4,sil
7.037148952484131,7,-3,-4,-15,-7,-11,-13,5,-6,2,9,12,15,5,sil
7.037148952484131,20,7,13,-4,5,-17,-1,4,-6,7,14,30,15,15,sil
7.053278923034668,15,22,14,3,4,-14,-7,-10,-7,6,17,32,0,7,sil
7.053278923034668,4,21,20,5,8,-5,-20,-11,-24,-10,5,18,-12,-3,sil
7.068614959716797,3,18,21,24,23,7,-4,-1,-18,-11,4,0,-7,-4,sil
7.068614959716797,1,12,13,35,18,16,11,-3,-4,4,2,-10,-10,-6,sil
7.084634304046631,-8,-4,-3,9,1,14,10,-3,1,9,-7,-18,-14,-5,sil
7.084634304046631,-21,-20,-24,-23,-11,6,8,0,13,6,-5,-21,0,0,sil
7.100144386291504,-14,-17,-18,-30,-15,4,8,6,21,1,-7,-13,1,0,sil
7.100144386291504,6,-7,-10,-18,-8,7,8,6,23,2,-18,-2,0,3,sil
7.115663290023804,9,-7,-11,-13,-9,0,5,6,20,11,-12,4,6,8,sil
7.115663290023804,0,-7,-5,-19,-15,-8,0,7,13,6,5,4,8,2,sil
7.131040096282959,5,3,2,-15,1,-3,-4,3,5,-8,19,5,11,-1,sil
7.131040096282959,11,20,6,2,17,0,-5,-1,-5,-12,22,13,18,2,sil
7.146719694137573,12,22,5,19,6,-3,1,-4,-6,-8,20,12,13,4,sil
7.146719694137573,10,16,7,24,4,0,4,-2,-6,-7,15,3,0,0,sil
7.162636756896973,3,11,10,22,15,4,-3,0,-25,-9,2,-3,-9,0,sil
7.162636756896973,-5,0,-2,16,6,-2,-4,-3,-28,-10,-11,-13,-13,0,sil
7.177839040756226,-13,-12,-1,8,-5,-3,5,-2,-1,1,-18,-12,-12,1,sil
7.177839040756226,-8,-16,-1,0,0,5,5,3,14,14,-15,0,0,7,sil
7.19298529624939,3,-20,-3,-14,-3,-8,-5,1,9,9,-2,1,16,5,sil
7.19298529624939,8,-13,4,-15,-17,-26,-15,-1,0,2,8,8,24,0,sil
7.208621978759766,7,3,5,0,-12,-16,-14,-3,-3,-1,14,18,19,1,sil
7.208621978759766,9,8,4,5,0,0,-6,-3,-2,-3,21,19,9,-6,sil
7.2246413230896,5,1,2,-5,-1,-1,-8,-2,-2,0,23,13,5,-15,sil
7.2246413230896,-4,2,-1,-17,-6,-14,-18,-3,-13,-10,3,9,-4,-19,sil
7.240724086761475,-12,4,-1,-14,0,-13,-16,-2,-18,-23,-20,2,-29,-21,sil
7.240724086761475,-14,0,2,0,10,1,0,0,-4,-8,-21,-6,-36,-12,sil
7.257014751434326,-8,4,9,6,15,10,14,1,4,-2,-10,-11,-16,-4,sil
7.257014751434326,-8,8,0,4,7,9,9,0,-4,-7,-6,-18,-3,0,sil
7.2721266746521,-18,0,-8,5,-4,13,6,0,-14,3,-14,-24,-11,-1,sil
7.2721266746521,-17,-3,1,21,-2,26,18,0,-12,8,-22,-21,-19,-8,sil
7.288060426712036,-4,1,-7,31,7,32,21,4,0,12,-13,-12,-3,4,sil
7.288060426712036,-4,-6,-11,7,5,20,13,11,21,20,-3,-7,10,26,sil
7.303585290908813,-7,-18,-4,-18,-3,9,15,6,38,14,-6,-7,4,16,sil
7.303585290908813,7,-11,-6,-14,0,8,18,0,36,8,-12,-2,-3,3,sil
7.318902015686035,19,-2,-4,0,2,6,10,0,18,4,-12,0,-3,12,sil
7.318902015686035,7,-4,-8,-2,-4,-1,0,-4,3,-10,0,-6,0,7,sil
7.335023880004883,1,0,-7,-19,-6,-5,-8,0,0,-10,10,0,7,1,sil
7.335023880004883,13,11,1,-13,0,0,-10,6,2,7,10,11,15,5,sil
7.350638628005981,22,12,6,12,2,-6,-5,0,0,13,12,12,12,4,sil
7.350638628005981,19,2,8,4,1,-23,-4,2,3,5,21,19,8,7,sil
7.365796089172363,7,-2,-4,-24,-2,-29,-6,6,8,1,23,15,18,5,sil
7.365796089172363,3,0,0,-18,-5,-19,-5,0,3,6,26,7,26,0,sil
7.381184101104736,8,6,20,3,7,-13,-1,-5,-5,11,34,15,20,4,sil
7.381184101104736,-1,5,4,3,11,-22,-12,-8,-13,-1,22,14,9,0,sil
7.396363735198975,-9,1,-9,-3,-9,-25,-33,-3,-19,-15,0,5,3,-10,sil
7.396363735198975,0,2,3,2,-19,-10,-26,0,-13,-9,2,7,4,-5,sil
7.411943435668945,1,7,12,8,-4,0,-9,-8,-14,-9,5,11,0,-5,sil
7.411943435668945,-8,8,7,11,3,0,-10,-11,-28,-20,-6,6,-15,-13,sil
7.428756237030029,-13,2,2,16,4,7,-9,-7,-31,-28,-18,-10,-25,-16,sil
7.428756237030029,-17,1,-1,14,7,19,0,-6,-27,-31,-23,-24,-31,-21,sil
7.443326711654663,-21,0,-6,10,5,18,12,-8,-17,-22,-22,-24,-31,-25,sil
7.443326711654663,-19,-7,-3,15,0,18,18,-1,-4,0,-17,-21,-22,-20,sil
7.459191083908081,-11,-6,0,14,1,33,18,14,0,16,-12,-13,-10,-6,sil
7.474837779998779,4,-3,-3,2,5,31,25,15,4,18,-13,-3,-4,7,sil
7.474837779998779,11,-11,6,-1,-1,14,29,7,17,13,-26,0,-10,13,sil
7.490070104598999,7,-15,5,-2,-8,12,17,6,24,14,-26,2,-11,18,sil
7.490070104598999,12,-4,1,-3,0,9,15,9,32,17,0,11,9,30,sil
7.490070104598999,16,5,8,1,2,1,29,10,45,23,21,18,36,36,sil
7.505658864974976,10,1,1,0,-2,-1,15,3,44,26,19,10,35,25,sil
7.521885395050049,3,-3,-4,-13,-1,-14,-15,-3,24,11,12,1,17,8,sil
7.522885084152222,-1,0,-13,-9,0,-21,-20,-3,8,2,17,-5,14,1,sil
7.522885084152222,-2,-2,-20,-9,-5,-12,-13,-3,5,8,14,-2,12,2,sil
7.538076162338257,1,-13,-12,-37,-7,-14,-20,-4,1,-1,-1,0,0,-4,sil
7.538076162338257,-1,-13,-10,-48,0,-27,-19,-2,-14,-21,-14,-9,-7,-18,sil
7.55363917350769,-1,0,0,-25,3,-23,-7,0,-24,-24,-9,-7,-4,-17,sil
7.55363917350769,0,15,0,-5,0,-9,-8,-6,-15,-14,5,1,1,-11,sil
7.568281650543213,-9,10,-9,-7,-3,-10,-18,-11,-7,-6,10,-6,2,-13,sil
7.583844900131226,-9,5,1,-1,1,-12,-14,-2,-16,-6,5,-9,-2,-10,sil
7.583844900131226,3,15,10,19,6,0,-7,0,-31,-4,7,0,-2,-1,sil
7.583844900131226,1,14,6,22,4,9,-11,-3,-38,-4,3,3,-8,-3,sil
7.599047422409058,-9,-3,3,12,5,7,-6,-3,-27,-9,-1,-2,-18,-12,sil
7.614121913909912,-3,-5,5,17,9,15,11,0,-3,-3,-8,0,-15,-9,sil
7.614121913909912,9,9,16,25,15,25,28,7,20,10,-13,8,-6,3,sil
7.629740953445435,10,10,14,26,20,16,29,9,35,14,1,5,-2,4,sil
7.629740953445435,-1,0,5,16,1,6,11,6,17,3,8,0,-7,-2,sil
7.645953416824341,-11,0,-2,12,-20,9,-5,2,-4,-5,-6,0,-3,0,sil
7.645953416824341,-8,0,-7,17,-18,4,-9,0,-3,-3,-4,-2,6,0,sil
7.661330461502075,-1,-4,0,11,-12,-2,-9,0,-5,-2,3,0,-4,0,sil
7.661330461502075,12,-1,7,2,-6,0,0,1,-8,-4,5,13,-6,9,sil
7.676660776138306,24,4,19,9,6,-1,20,4,11,3,16,22,20,29,sil
7.67703366279602,13,-3,14,1,4,-7,24,3,18,12,17,12,24,26,sil
7.692577600479126,-5,-14,-16,-15,-3,-9,4,-4,-2,3,-3,-4,3,0,sil
7.692577600479126,-3,-5,-14,-14,2,-3,-10,-2,-5,1,-7,0,6,-5,sil
7.708591461181641,4,-1,-2,-7,2,2,-3,5,10,15,4,10,20,9,sil
7.708591461181641,-3,-10,-13,-20,-14,5,-6,-1,2,11,0,2,11,9,sil
7.724251508712768,-14,-15,-22,-30,-19,4,-17,-9,-8,-4,-17,-11,-6,-4,sil
7.724251508712768,-15,-25,-20,-35,-8,0,-4,-4,8,-8,-25,-21,-15,-10,sil
7.739580869674683,-11,-23,-10,-39,0,-1,10,1,17,-8,-19,-19,-7,-12,sil
7.739580869674683,-2,0,-1,-23,4,-3,6,0,5,-14,-7,-8,-4,-13,sil
7.754827499389648,1,15,10,6,10,-6,2,0,-2,-16,0,-8,-17,-12,sil
7.754827499389648,2,15,14,18,9,5,4,3,-11,-3,5,-9,-9,-4,sil
7.769848823547363,4,5,2,5,5,8,0,-2,-15,10,10,2,9,3,sil
7.769848823547363,5,6,6,0,3,-8,-8,-3,-2,12,8,14,2,5,sil
7.785901308059692,7,18,13,21,3,-2,-4,3,4,14,1,15,-1,9,sil
7.785901308059692,13,17,11,32,10,1,2,3,0,5,-2,8,3,11,sil
7.80103588104248,9,9,6,18,9,-16,-6,-2,-5,-11,3,-7,-3,-2,sil
7.80103588104248,-2,9,-8,7,-5,-14,-23,-6,-9,-8,9,-13,-9,-13,sil
7.816690683364868,-1,2,-2,7,-7,1,-12,-1,-4,-6,0,10,-3,-3,sil
7.816690683364868,1,-3,1,11,-2,0,7,0,9,-8,0,15,5,4,sil
7.831984996795654,-6,0,-8,1,-4,-2,-1,3,5,9,9,-2,11,1,sil
7.831984996795654,-8,-1,-2,-15,3,3,-6,12,1,21,1,-3,9,0,sil
7.8476362228393555,0,-2,3,-11,8,0,12,11,18,11,0,3,13,1,sil
7.8476362228393555,4,5,3,6,-2,7,13,5,20,10,18,7,18,4,sil
7.862815141677856,1,6,1,1,-1,16,5,3,4,4,13,4,6,6,sil
7.862815141677856,-4,-3,-6,-11,2,0,4,-8,-5,-10,-10,-9,-2,-2,sil
7.87891674041748,-11,-7,-7,-11,-10,-6,-9,-13,-15,-7,-4,-9,-4,-10,sil
7.87891674041748,0,-4,1,-6,-2,4,-4,-2,-6,0,7,11,-9,5,sil
7.89494252204895,16,-1,14,0,17,6,22,1,2,-14,-2,10,-8,16,sil
7.89494252204895,0,-1,5,7,5,0,13,-5,-13,-21,-1,-12,-2,-8,sil
7.910584449768066,-17,-8,-11,0,-11,-7,-14,-6,-26,-18,6,-11,-12,-28,sil
7.910584449768066,0,-3,-1,-1,-1,-6,-11,0,-14,-16,-6,6,-18,-13,sil
7.926219940185547,4,1,0,11,4,10,1,0,-10,2,-21,0,-6,0,sil
7.926219940185547,-8,-16,-10,0,-5,12,-3,2,-13,13,-22,-10,-7,0,sil
7.9418439865112305,-3,-25,-3,-21,-5,-4,0,3,2,-3,-11,-7,-4,0,sil
7.9418439865112305,0,3,5,0,1,-1,10,-2,6,-2,4,-4,7,-1,sil
7.956970691680908,-12,21,2,21,0,16,6,0,0,11,8,0,-2,0,sil
7.956970691680908,-6,3,0,3,-8,11,3,7,11,12,3,-1,-6,7,sil
7.972572565078735,14,-1,7,-3,-6,0,0,5,21,18,4,0,12,17,sil
7.972572565078735,14,4,5,4,0,1,0,0,11,16,-3,6,9,21,sil
7.988617897033691,0,-4,-7,-6,0,-12,8,-6,13,0,-18,-6,-3,8,sil
7.988617897033691,-13,-9,-8,-21,-6,-15,0,0,14,0,-23,-24,1,-12,sil
8.004645347595215,-18,-4,-18,-10,-10,-4,-15,4,1,5,-28,-16,0,-14,sil
8.004645347595215,-3,-5,-3,2,-1,-23,-9,-3,6,-1,-15,7,-6,0,sil
8.019770860671997,12,-3,25,-1,9,-32,-4,-3,17,0,18,25,7,0,sil
8.019770860671997,9,0,6,-4,11,2,-12,0,3,-1,34,23,14,-14,sil
8.042892456054688,11,10,-10,8,8,28,0,5,-11,-10,32,12,2,-2,sil
8.042892456054688,22,27,-3,11,7,17,25,11,-9,-7,24,2,-2,20,sil
8.042892456054688,20,30,5,-5,5,-3,25,0,-15,-18,0,-5,-1,14,sil
9.96761989593506,-26,-32,-29,-37,-23,-6,-8,-3,46,-1,-19,-25,-15,-15,goodbye
9.96761989593506,-5,-15,-10,-39,-21,-22,-10,-2,63,-7,-8,2,0,0,goodbye
9.982740879058838,14,0,0,-18,-13,-17,-4,0,60,-10,0,13,14,13,goodbye
9.982740879058838,18,3,6,-6,-3,-12,-3,1,28,-6,2,16,15,10,goodbye
9.99790334701538,10,2,7,-16,-1,-18,-13,-5,-11,-7,6,19,14,-3,goodbye
9.99790334701538,1,-1,-2,-21,-12,-24,-25,-14,-48,-22,10,9,1,-11,goodbye
10.013049125671388,4,5,7,-2,-14,-21,-24,-4,-70,-29,7,8,-16,-8,goodbye
10.013049125671388,7,17,17,15,-2,-8,-7,2,-64,-11,7,14,-7,0,goodbye
10.02868127822876,3,12,13,15,3,2,4,2,-49,4,8,10,2,1,goodbye
10.02868127822876,4,14,14,18,2,3,-3,2,-40,-6,7,0,-6,0,goodbye
10.049132347106934,10,22,15,26,10,0,-13,0,-32,-20,10,1,-12,0,goodbye
10.049132347106934,3,14,15,24,20,8,-4,0,-19,-3,6,9,-6,-2,goodbye
10.059656381607056,0,9,12,29,20,24,21,1,5,26,5,13,3,6,goodbye
10.074753046035768,11,15,14,35,17,32,34,8,29,43,16,18,19,23,goodbye
10.074753046035768,4,2,5,22,14,22,25,11,27,39,11,12,22,20,goodbye
10.074753046035768,-8,-10,-8,13,5,4,17,5,17,24,-6,-8,5,8,goodbye
10.09149169921875,-1,-9,-3,9,-5,-1,17,4,21,9,-10,-19,-1,8,goodbye
10.09149169921875,1,-10,-12,-4,-10,2,6,1,29,10,-6,-12,9,5,goodbye
10.105639219284058,-2,-13,-19,-15,-4,2,-5,-6,24,13,-5,-5,14,0,goodbye
10.121191024780272,0,-4,-7,-15,3,-1,-3,-1,17,3,0,-2,8,-1,goodbye
10.121191024780272,-4,0,-14,-23,-1,-9,-2,0,10,-11,1,-11,1,-11,goodbye
10.136698484420776,-7,0,-18,-36,-10,-16,-13,-9,-5,-22,-7,-12,-9,-23,goodbye
10.136698484420776,0,0,-8,-27,-7,-17,-17,-13,-22,-22,-6,2,-11,-17,goodbye
10.152029037475586,0,-2,-2,-19,-8,-18,-22,-7,-29,-27,0,6,-3,-13,goodbye
10.152029037475586,-10,-5,-2,-28,-6,-9,-28,-2,-26,-36,-8,-12,-12,-20,goodbye
10.16767954826355,-16,-8,-14,-26,0,4,-17,0,-18,-31,-29,-37,-34,-23,goodbye
10.16767954826355,-23,-16,-17,-4,-3,8,0,0,-15,-12,-40,-41,-37,-16,goodbye
10.182848930358888,-21,-22,-14,1,-11,13,18,2,-1,6,-28,-30,-16,-2,goodbye
10.182848930358888,-11,-22,-11,-11,-5,14,23,7,23,17,-18,-19,-4,8,goodbye
10.198074579238892,-6,-16,-4,-18,0,-1,2,8,27,11,-14,-3,-4,9,goodbye
10.198074579238892,2,-3,1,-5,0,-12,-9,1,16,5,16,21,11,14,goodbye
10.213672637939451,21,14,19,8,7,-5,0,-1,11,6,43,42,28,20,goodbye
10.213672637939451,25,24,28,16,9,-3,2,0,10,-1,27,35,18,9,goodbye
10.22886872291565,25,22,23,23,3,-10,-3,1,7,-4,25,29,14,8,goodbye
10.22886872291565,31,23,29,34,3,-6,1,2,8,12,51,42,30,22,goodbye
10.244006633758543,25,25,24,37,7,-2,4,1,2,16,43,35,27,14,goodbye
10.244006633758543,3,25,17,34,11,-2,5,1,-13,-2,12,10,2,-3,goodbye
10.260013103485107,-7,20,16,32,12,10,14,1,-14,-3,10,5,-1,-1,goodbye
10.260013103485107,-3,13,10,30,6,20,19,1,-5,12,10,5,5,4,goodbye
10.276025772094728,9,16,15,31,3,18,12,1,-15,13,0,0,-2,3,goodbye
10.276025772094728,8,11,6,33,10,22,13,0,-21,10,-3,-4,-10,5,goodbye
10.29162859916687,-12,-14,-16,10,7,24,14,-3,-3,4,-16,-16,-15,5,goodbye
10.29162859916687,-24,-33,-28,-17,-6,10,4,0,12,1,-33,-26,-16,0,goodbye
10.30772852897644,-15,-33,-25,-32,-18,-3,-3,0,18,12,-22,-21,-4,0,goodbye
10.30772852897644,-10,-31,-16,-44,-26,-11,-8,-3,14,11,-10,-6,2,0,goodbye
10.323752403259276,-7,-25,-19,-46,-20,-18,-21,-7,4,-4,-10,-4,0,-4,goodbye
10.323752403259276,-1,-13,-16,-39,-5,-16,-27,-3,3,-9,-6,-2,1,-8,goodbye
10.339839220046995,-6,-12,-14,-44,-7,-16,-25,0,-1,-14,-5,-5,-3,-17,goodbye
10.339839220046995,-12,-8,-20,-43,-14,-26,-29,-6,-27,-34,-14,-17,-20,-29,goodbye
10.355020523071287,-7,5,-3,-16,-3,-19,-26,-3,-34,-33,-13,-13,-23,-27,goodbye
10.355020523071287,-1,11,9,7,4,-3,-13,2,-12,-11,-7,-7,-9,-13,goodbye
10.370774507522585,0,9,11,20,5,-2,0,1,-5,0,-11,-15,-4,-4,goodbye
10.370774507522585,1,11,13,30,14,6,24,4,1,6,-11,-12,-4,5,goodbye
10.385873794555664,7,8,4,27,19,17,36,8,20,13,-6,-1,3,18,goodbye
10.385873794555664,19,3,6,10,12,6,10,6,24,12,0,5,20,19,goodbye
10.401763677597046,28,4,5,4,12,0,1,0,22,12,17,21,30,16,goodbye
10.401763677597046,20,9,0,6,10,1,13,-2,12,1,22,32,13,7,goodbye
10.417742013931274,9,22,5,6,0,-2,-1,0,-16,-23,11,16,-7,-9,goodbye
10.417742013931274,0,24,6,14,-7,0,-12,-2,-34,-17,8,-1,0,-8,goodbye
10.433298826217651,-13,3,2,14,-4,10,4,-3,-22,7,3,-2,2,3,goodbye
10.433298826217651,-20,-12,-7,4,0,16,18,0,-1,11,-5,-9,-4,3,goodbye
10.448952674865724,-13,-14,-7,-5,-2,13,19,9,20,15,2,-12,3,5,goodbye
10.448952674865724,-5,-20,2,-18,-13,0,19,14,41,39,20,8,22,19,goodbye
10.464619159698486,0,-27,-6,-29,-8,-10,5,3,29,29,16,18,23,17,goodbye
10.464619159698486,5,-8,0,-19,0,-7,-19,-6,-2,-18,4,18,9,0,goodbye
10.480604410171509,3,19,18,6,1,-1,-26,-9,-9,-24,20,22,5,-7,goodbye
10.480604410171509,3,25,13,21,13,0,-9,-6,1,3,32,16,5,-1,goodbye
10.495746850967407,4,10,-4,11,21,6,-2,-1,-3,-3,8,-5,-13,-7,goodbye
10.495746850967407,-4,0,-14,-1,0,1,-10,-3,-23,-33,-18,-19,-37,-25,goodbye
10.511579751968384,-20,-5,-9,-9,-14,-4,-5,-4,-32,-33,-27,-20,-45,-30,goodbye
10.511579751968384,-17,-7,-3,-1,-6,2,7,0,-20,-9,-31,-28,-39,-20,goodbye
10.526848316192629,-2,-7,4,15,0,4,6,0,-4,5,-30,-30,-24,-7,goodbye
10.526848316192629,2,-4,13,21,0,5,10,1,0,18,-11,-7,-2,9,goodbye
10.542224645614624,0,-5,3,14,-1,12,20,5,11,39,6,4,14,23,goodbye
10.542224645614624,0,-7,3,8,1,3,4,2,19,32,-3,-2,10,19,goodbye
10.558007955551147,8,-4,6,7,2,-9,-5,1,10,2,-17,1,7,14,goodbye
10.558007955551147,15,-2,-8,-8,-11,-13,2,5,12,-2,-2,11,26,23,goodbye
10.57359766960144,11,-1,-12,-30,-20,-12,1,7,23,3,5,8,34,16,goodbye
10.57359766960144,4,-3,-11,-29,-5,-8,0,-1,16,-5,0,3,17,-2,goodbye
10.58872413635254,5,-4,-2,-23,0,-8,-1,-9,0,-15,3,7,4,-8,goodbye
10.58872413635254,7,0,6,-19,-4,-12,-13,-2,1,-16,3,15,3,-4,goodbye
10.604827165603638,8,6,5,-4,0,-17,-18,1,14,-14,7,18,9,-3,goodbye
10.604827165603638,9,14,13,3,2,-19,-19,0,8,0,30,23,16,0,goodbye
10.62000298500061,5,16,10,2,4,-12,-20,-1,-4,6,34,18,11,0,goodbye
10.62000298500061,-1,9,0,13,11,4,-12,0,-11,-7,3,7,-5,-6,goodbye
10.636172533035278,-1,10,1,23,13,14,-3,0,-23,-18,-6,-3,-11,-6,goodbye
10.636172533035278,0,19,0,17,9,13,7,0,-24,-7,6,-15,-10,-8,goodbye
10.651957273483276,-7,20,-3,13,11,22,26,5,-7,4,7,-17,-13,-12,goodbye
10.651957273483276,-16,7,-3,19,12,26,22,0,-17,1,-8,-18,-15,-10,goodbye
10.667609691619871,-22,-12,-7,6,0,10,0,-6,-40,-11,-31,-30,-29,-11,goodbye
10.667609691619871,-25,-20,-13,-12,-14,10,0,0,-30,-10,-34,-30,-37,-12,goodbye
10.682627201080322,-19,-10,-8,1,-4,21,10,0,-10,7,-12,-13,-15,0,goodbye
10.682627201080322,-1,-1,12,20,12,15,8,1,-5,17,0,0,4,10,goodbye
10.697769165039062,10,-7,7,2,5,7,11,8,12,29,7,5,17,13,goodbye
10.697769165039062,6,-15,-6,-19,-9,3,13,4,26,31,9,4,16,11,goodbye
10.712808847427368,2,-10,-3,-10,-8,-6,2,-2,18,10,-1,3,5,7,goodbye
10.72948431968689,8,-13,-7,-6,-3,-17,-4,0,24,0,0,6,12,11,goodbye
10.72948431968689,10,-19,-9,-18,-1,-21,-2,1,36,8,5,7,18,12,goodbye
10.72948431968689,2,-10,-3,-16,0,-16,2,-2,33,3,-6,3,7,5,goodbye
10.74414038658142,7,0,6,-9,-4,-5,2,0,29,-5,-7,13,7,6,goodbye
10.74414038658142,17,0,9,-8,-11,-5,-6,0,17,-5,1,25,7,7,goodbye
10.759747982025146,1,-8,-5,-10,-10,-20,-13,-11,-12,-18,-2,4,-8,-9,goodbye
10.775753259658812,-12,-4,-2,-15,-7,-26,-17,-10,-31,-32,-2,-10,-14,-25,goodbye
10.775753259658812,0,13,5,-11,-6,-17,-20,3,-17,-26,10,5,-2,-14,goodbye
10.791292428970335,12,26,7,2,0,-7,-16,10,-4,-10,27,20,5,0,goodbye
10.791292428970335,17,26,21,18,11,6,-5,7,-2,0,37,14,12,0,goodbye
10.791292428970335,16,27,18,38,19,17,2,-1,0,2,20,2,11,2,goodbye
10.807948589324951,-6,23,4,42,14,14,6,-5,-3,0,-7,-7,-3,4,sil
10.807948589324951,-25,8,-5,20,4,13,11,0,-10,5,-12,-18,-15,-3,sil
10.82204532623291,-18,0,-11,5,2,21,13,0,-8,4,-14,-23,-19,-15,sil
10.837585687637327,-13,-4,-5,5,5,22,14,1,0,0,-23,-16,-19,-11,sil
10.837585687637327,-10,-10,-5,0,6,15,19,5,6,23,-13,-9,-5,4,sil
10.85283589363098,0,-13,-4,-9,6,8,14,2,5,34,-9,-8,2,14,sil
10.85283589363098,0,-19,-6,-23,-2,-1,0,4,0,9,-22,-10,2,11,sil
10.868592739105225,-5,-27,-13,-37,-20,-19,-8,7,-1,-3,-13,-4,9,4,sil
10.868592739105225,2,-19,-9,-34,-25,-22,-14,0,-9,-4,3,9,12,0,sil
10.883750200271606,5,-8,-9,-19,-19,-10,-17,-9,-15,-19,4,8,7,0,sil
10.883750200271606,3,-1,2,-14,-15,-11,-18,0,-13,-24,5,10,7,0,sil
10.899428606033323,13,9,20,-1,-7,-18,-21,0,-12,-12,20,24,9,-2,sil
10.899428606033323,19,24,14,25,8,-8,-20,-11,-15,-8,22,18,-1,-4,sil
10.915988683700562,9,27,16,35,20,9,-5,-4,-8,-7,11,4,-8,1,sil
10.915988683700562,0,18,14,31,15,17,15,1,7,6,10,1,-1,4,sil
10.930997610092165,0,7,5,29,12,17,25,1,18,21,4,-1,-4,3,sil
10.930997610092165,-1,0,1,23,15,16,28,7,18,24,-9,-10,-14,2,sil
10.946702480316162,-14,-12,-12,5,6,9,29,3,17,13,-18,-17,-13,-2,sil
10.946702480316162,-11,-17,-16,-11,0,-1,17,0,17,-1,-18,-14,-6,0,sil
10.962679147720335,5,-13,-7,-20,0,-5,3,4,16,-1,0,3,9,9,sil
10.962679147720335,9,-7,0,-20,-3,-4,-2,3,5,0,17,19,22,5,sil
10.97807788848877,7,5,0,-16,-2,-5,-8,-4,1,-9,14,16,17,-2,sil
10.97807788848877,8,11,3,-10,1,-5,-14,-8,2,-9,3,6,8,-6,sil
10.99374222755432,-6,6,8,-2,0,0,-12,-3,-11,-2,0,-2,-1,-12,sil
10.99374222755432,-20,0,-1,8,2,12,0,-2,-25,0,-9,-17,-18,-16,sil
11.008988618850708,-16,-7,-13,5,-1,9,5,0,-14,-2,-23,-24,-25,-8,sil
11.008988618850708,-13,-17,-11,-5,-15,0,3,3,0,4,-25,-21,-13,-2,sil
11.0245943069458,-11,-13,-15,-9,-14,-1,2,0,5,7,-16,-18,1,1,sil
11.0245943069458,0,-5,-9,-12,-2,-1,-1,-1,3,0,-2,-2,7,9,sil
11.039865255355837,7,-3,-6,-13,-2,-9,-12,1,2,-1,2,7,8,6,sil
11.039865255355837,1,-1,-7,-8,-5,-20,-19,0,0,-1,3,4,9,0,sil
11.055946111679075,3,1,2,-8,0,-19,-22,-3,-4,-14,12,15,8,-1,sil
11.055946111679075,17,8,8,0,5,-11,-12,0,-2,-12,23,25,8,-5,sil
11.071595430374146,20,18,17,11,7,-7,-3,9,4,3,23,19,3,-3,sil
11.071595430374146,10,20,20,14,5,-1,-5,7,8,5,17,7,-1,9,sil
11.086740016937256,7,18,16,17,10,7,-3,-1,2,3,12,5,0,12,sil
11.086740016937256,8,19,22,22,12,15,10,0,-7,8,9,8,1,5,sil
11.102762699127195,0,6,7,16,5,14,17,0,-11,3,-4,-2,-6,1,sil
11.102762699127195,-15,-16,-12,0,-2,13,14,-2,0,-1,-24,-21,-18,-1,sil
11.117915630340576,-20,-23,-14,-9,-10,15,16,0,14,8,-23,-22,-13,-4,sil
11.117915630340576,-15,-18,-11,-7,-13,8,16,3,11,13,-15,-18,-4,0,sil
11.133384943008425,-12,-14,-6,-6,-11,-3,12,1,1,1,-21,-19,-8,-1,sil
11.133384943008425,-7,-13,-9,-13,-10,-5,5,0,1,-6,-14,-11,-4,-1,sil
11.149045944213867,0,-13,-5,-16,-4,-1,-1,0,4,0,3,4,8,5,sil
11.149045944213867,8,-5,-1,-4,5,0,-2,0,5,5,10,15,16,9,sil
11.165046215057371,11,3,1,0,5,-6,-5,-5,0,-6,17,19,17,2,sil
11.165046215057371,6,15,11,0,0,-8,-16,-5,-19,-23,22,25,16,-6,sil
11.181127071380615,0,27,16,19,8,0,-8,-1,-26,-17,16,14,8,-4,sil
11.181127071380615,3,31,20,40,23,7,9,0,-14,0,13,1,0,0,sil
11.196136951446531,3,16,13,27,14,11,11,1,-7,8,4,-1,-1,-6,sil
11.196136951446531,0,-4,0,9,-4,5,3,1,-5,10,-13,0,-9,-7,sil
11.2116539478302,9,-3,5,11,-7,0,7,3,10,11,-4,7,-2,11,sil
11.2116539478302,21,5,5,11,0,0,10,0,28,16,20,18,20,21,sil
11.226809740066528,10,-5,-4,-5,-5,-6,-10,-10,11,5,8,12,15,7,sil
11.226809740066528,2,-18,-8,-14,-9,-12,-23,-4,-6,-17,-12,4,-9,0,sil
11.241992473602297,8,-13,-15,-22,-5,-7,-7,2,1,-17,-4,7,-11,3,sil
11.241992473602297,0,-4,-16,-33,-3,-6,-8,-1,1,-8,0,1,-12,-6,sil
11.257129192352297,-13,2,-14,-18,0,-10,-20,-5,-7,-12,-7,-16,-21,-17,sil
11.257129192352297,-11,5,-9,1,6,-7,-9,2,-5,-8,-8,-22,-14,-11,sil
11.271900177001951,-11,0,-6,-1,3,-1,0,5,-3,5,-7,-23,-7,-13,sil
11.272900819778442,-24,0,-13,-12,-1,2,1,0,-7,7,-22,-34,-17,-22,sil
11.28703236579895,-30,-8,-12,-16,0,10,13,3,-6,-3,-42,-40,-26,-17,sil
11.303044319152832,-29,-24,-21,-16,-3,16,17,5,0,-4,-43,-45,-16,-9,sil
11.303044319152832,-29,-21,-27,-21,-8,9,5,2,16,12,-29,-44,-2,-5,sil
11.32073211669922,-19,-9,-16,-33,2,3,4,8,35,25,-14,-20,7,0,sil
11.32073211669922,0,-12,-4,-26,5,-3,1,10,29,10,2,7,18,7,sil
11.32073211669922,23,0,22,-1,-3,-10,-14,0,10,0,26,32,30,16,sil
11.333959817886353,39,23,41,18,4,-6,-13,-6,7,12,53,50,42,26,sil
11.35002589225769,39,27,36,40,15,-4,0,-4,0,11,64,55,35,23,sil
11.35002589225769,22,19,37,50,8,-3,1,-3,-21,-9,43,41,8,6,sil
11.368162870407104,5,16,29,39,2,4,0,-13,-33,-14,11,11,-14,-1,sil
11.368162870407104,6,10,22,30,2,11,10,-8,-27,-2,2,3,-12,4,sil
11.380778074264526,13,6,18,31,0,16,24,8,-5,12,7,18,3,14,sil
11.380778074264526,6,-1,6,16,-6,15,20,6,5,10,-1,14,4,11,sil
11.396670579910278,-4,-10,-4,-4,-16,1,3,-3,-3,-5,-15,-3,-1,6,sil
11.396670579910278,-1,-10,-14,-13,-19,-7,2,0,1,-4,-6,0,8,8,sil
11.412033796310425,4,-7,-13,-19,-11,-7,3,6,19,5,6,17,19,7,sil
11.412033796310425,4,-3,-11,-16,-6,-10,-5,4,10,-3,0,10,5,-2,sil
11.42787265777588,3,5,-14,-6,-3,-15,-11,-2,-10,-19,-9,-8,-13,-13,sil
11.42787265777588,7,11,-8,-6,5,-16,-14,-8,-16,-20,-4,-3,-16,-15,sil
11.442883491516112,6,12,-6,-1,13,-10,-21,-8,-16,-13,7,2,-8,-11,sil
11.442883491516112,-4,11,-6,8,8,1,-21,0,-14,-12,0,-15,-16,-14,sil
11.458785772323608,-19,5,-6,6,6,13,-7,5,-1,-9,-18,-28,-26,-26,sil
11.458785772323608,-20,-9,-10,0,11,13,12,3,12,3,-22,-23,-15,-19,sil
11.473795175552368,-21,-20,-9,-6,5,14,22,0,12,10,-20,-22,-8,-2,sil
11.473795175552368,-34,-29,-23,-19,-5,13,12,0,11,10,-26,-35,-14,-5,sil
11.4896342754364,-32,-31,-25,-31,-7,2,0,2,21,16,-25,-33,-4,-3,sil
11.4896342754364,-7,-14,-4,-19,-8,-7,2,4,27,20,-5,-7,14,12,sil
11.504693269729614,9,5,7,-1,-5,-14,-1,-4,12,6,12,14,14,10,sil
11.504693269729614,10,11,8,-4,7,-11,-14,-12,-15,-11,16,15,4,-8,sil
11.52018427848816,5,12,7,-6,13,-3,-15,-9,-31,-18,14,8,0,-10,sil
11.52018427848816,1,12,12,10,7,0,-9,0,-29,-16,1,4,-5,-4,sil
11.53577470779419,0,10,13,21,9,8,2,7,-12,-3,-13,-5,-10,1,sil
11.53577470779419,3,5,-1,10,7,16,10,7,2,11,-11,-9,0,16,sil
11.550990343093872,11,-1,0,-5,-8,0,0,7,9,13,6,11,16,28,sil
11.550990343093872,22,-4,9,-7,-14,-13,-7,9,20,14,26,33,28,31,sil
11.566680669784546,27,10,13,0,-9,-14,-5,3,18,7,33,26,27,19,sil
11.566680669784546,15,24,13,8,-4,-5,-10,-2,-6,-6,21,7,11,-5,sil
11.582602739334106,-2,11,6,17,4,7,-5,-2,-17,-4,9,-1,-1,-19,sil
11.582602739334106,-10,-5,4,17,10,20,16,0,-12,0,0,-3,-9,-11,sil
11.597721099853516,-5,-7,-2,19,6,19,27,-2,-11,1,-14,-12,-16,1,sil
11.597721099853516,0,-11,-8,13,0,12,22,0,0,14,-22,-17,-13,8,sil
11.613826990127563,1,-18,-3,-4,-9,4,16,4,23,16,-7,1,5,5,sil
11.613826990127563,6,-13,-5,-12,-10,-4,6,4,26,-1,6,14,17,5,sil
11.629783153533936,10,-3,-2,-9,-1,-9,-5,2,23,0,0,10,8,5,sil
11.629783153533936,6,-3,-2,-13,0,-7,0,3,30,15,-8,4,1,-1,sil
11.64487338066101,1,-10,-3,-14,-4,-8,9,0,16,5,-1,7,3,-4,sil
11.64487338066101,-3,-5,0,-11,-4,-13,0,-5,-9,-17,4,14,0,0,sil
11.659640789031982,-8,4,-6,-12,0,-15,-15,-5,-11,-20,11,10,1,-6,sil
11.659640789031982,-3,9,0,-5,2,-11,-17,-2,-6,-9,21,8,6,-15,sil
11.675040483474731,0,9,10,6,3,-5,-12,-4,-12,-6,20,9,4,-11,sil
11.675040483474731,-11,12,2,5,0,-5,-14,-9,-20,-20,0,-4,-9,-11,sil
11.691121816635132,-18,15,-1,1,-1,-3,-16,-7,-29,-31,-12,-22,-24,-15,sil
11.691121816635132,-12,11,-3,3,4,-3,-11,-4,-33,-19,-9,-23,-23,-10,sil
11.70676040649414,-12,0,-1,0,1,-3,-11,-1,-37,-14,-22,-22,-27,-12,sil
11.70676040649414,-19,0,-2,-1,-3,8,-6,0,-36,-14,-31,-25,-31,-15,sil
11.721868753433228,-11,6,-2,14,6,22,10,0,-15,7,-13,-16,-15,0,sil
11.738569974899292,4,6,6,22,18,23,15,5,7,23,-1,-6,-1,10,sil
11.738569974899292,6,-4,1,10,4,19,6,7,11,14,-6,-7,0,7,sil
11.738569974899292,4,-10,-1,0,-9,17,10,6,13,18,0,-1,5,11,sil
11.752683401107788,6,-10,-1,2,-5,10,12,5,23,33,1,4,11,18,sil
11.769370317459106,4,-12,-4,5,-3,0,4,1,22,24,-7,1,5,10,sil
11.769370317459106,7,-10,1,-1,-5,1,12,0,14,1,-5,8,6,12,sil
11.769370317459106,12,-12,-9,-13,0,8,22,3,23,0,-2,3,17,21,sil
11.7856764793396,8,-14,-14,-20,1,0,11,8,33,7,-3,0,20,12,sil
11.7856764793396,15,0,5,-9,2,-7,8,12,33,6,9,15,23,6,sil
11.799336671829224,24,6,7,-2,7,-12,6,4,25,0,16,20,25,9,sil
11.815757036209106,9,-2,-1,-19,-1,-24,-19,-4,10,-4,11,13,19,0,sil
11.815757036209106,-6,1,0,-17,-10,-22,-24,-5,1,3,22,15,17,-6,sil
11.830923557281494,-2,13,4,11,1,-4,-5,-3,0,9,29,13,11,-1,sil
11.830923557281494,0,16,3,22,8,-5,-9,-6,-7,-3,13,4,-5,-5,sil
11.848034858703612,2,18,2,11,1,-16,-21,-10,-12,-12,13,4,-6,-8,sil
11.848034858703612,6,14,10,5,3,-10,-12,-4,-12,-7,24,10,5,-4,sil
11.848034858703612,-6,3,0,3,5,-3,0,-3,-21,-9,10,2,-4,-12,sil
11.862599849700928,-27,-6,-14,-6,-7,-12,-4,-7,-35,-26,-20,-18,-32,-26,sil
11.877789974212646,-20,-9,-3,-10,-10,-8,-13,0,-30,-31,-23,-20,-36,-25,sil
11.877789974212646,1,0,9,5,3,14,2,7,-10,-10,-5,-1,-15,-13,sil
11.893880844116213,-1,8,4,9,9,24,16,2,-8,6,-14,-4,-15,-4,sil
11.893880844116213,-15,-2,-6,0,-1,15,4,-3,-19,1,-28,-21,-20,-3,sil
11.91066026687622,-2,-3,7,5,-4,10,-6,-4,-16,-3,-9,-11,-4,0,sil
11.91066026687622,6,3,17,9,2,14,2,0,-5,2,1,4,7,8,sil
11.924704790115356,-5,-9,-5,-2,0,14,12,2,1,12,-9,-1,7,16,sil
11.924704790115356,0,-10,1,0,0,16,14,3,13,19,-6,-3,12,21,sil
11.939856052398682,14,1,15,17,4,23,16,2,22,20,0,0,11,22,sil
11.939856052398682,3,-11,-4,1,-6,12,11,0,12,5,-12,-5,-6,14,sil
11.956035852432253,-11,-26,-13,-21,-20,-6,8,4,6,0,-20,-10,-10,3,sil
11.956035852432253,-3,-14,-12,-15,-7,-11,16,8,22,15,-3,-3,4,2,sil
11.972042083740234,5,0,-6,-3,4,-8,13,6,26,16,10,9,12,9,sil
11.972042083740234,6,3,-3,-5,-3,-10,2,3,12,0,10,12,13,8,sil
11.987594604492188,11,0,-12,-11,-6,-16,0,0,4,-10,5,3,12,0,sil
11.987594604492188,12,7,-3,-5,3,-18,-3,-6,0,-14,9,6,5,1,sil
12.002681732177734,8,21,8,12,2,-21,-18,-8,0,-9,21,15,7,-1,sil
12.002681732177734,4,13,2,2,-4,-24,-40,-2,0,-10,19,13,7,-18,sil
12.018798351287842,0,0,-11,-22,0,-16,-42,-1,-4,-18,10,5,-1,-26,sil
12.018798351287842,-1,11,-3,-11,11,-5,-19,-6,-14,-12,9,1,-9,-19,sil
12.03395676612854,-2,16,14,8,12,-2,-4,-1,-17,-7,3,-3,-16,-16,sil
12.03395676612854,-13,0,1,0,4,0,-9,-1,-17,-16,-8,-14,-23,-22,sil
12.054869651794434,-12,0,-2,-3,3,8,-9,0,-16,-9,-6,-15,-13,-20,goodbye
12.054869651794434,3,12,13,17,13,17,6,6,-7,6,9,1,5,-3,goodbye
12.054869651794434,0,0,5,21,13,15,19,0,1,8,1,2,0,8,goodbye
12.06500244140625,-16,-14,-7,6,3,18,22,0,3,4,-31,-14,-16,1,goodbye
12.080204010009766,-5,-6,-5,8,0,27,23,9,6,15,-32,-19,-5,3,goodbye
12.080204010009766,8,-3,5,17,-1,21,21,4,10,27,-3,-1,11,22,goodbye
12.0957453250885,1,-14,0,6,-13,7,16,0,12,26,-1,1,8,24,goodbye
12.0957453250885,-8,-18,-8,-13,-14,0,7,0,8,14,-16,-11,2,15,goodbye
12.110826253890991,-6,-6,3,-13,-7,0,4,-2,6,7,-4,-2,10,19,goodbye
12.110826253890991,5,0,4,0,-11,-2,5,-2,12,10,16,17,22,21,goodbye
12.12677001953125,18,1,3,0,-16,-16,-8,0,10,2,16,26,27,16,goodbye
12.12677001953125,20,9,15,2,-2,-24,-20,3,4,3,22,24,31,11,goodbye
12.142184972763062,8,14,4,8,8,-17,-13,2,5,12,28,8,14,-5,goodbye
12.142184972763062,-2,1,-8,-4,4,-8,-12,-2,-8,-18,10,0,-16,-20,goodbye
12.158199071884155,-2,-1,-6,-5,3,-3,-11,-6,-16,-48,9,9,-8,-17,goodbye
12.158199071884155,10,18,16,15,2,0,2,-3,-9,-23,14,17,-5,-2,goodbye
12.173889398574827,12,20,23,16,5,11,12,1,-25,-28,-13,14,-53,11,goodbye
12.173889398574827,-14,-21,-17,-5,11,15,8,2,-39,-60,-35,-8,-56,3,goodbye
12.18994116783142,-32,-40,-33,-32,-4,4,-1,0,-11,-11,-32,-43,0,-20,goodbye
12.18994116783142,-12,-11,-5,-55,-23,-4,-3,-8,19,56,-32,-44,17,-20,goodbye
12.206191062927246,4,0,4,-35,-6,-2,0,-3,25,39,-10,-15,6,-2,goodbye
12.206191062927246,3,-8,-5,11,11,-2,-6,7,15,11,30,-1,18,-1,goodbye
12.22214674949646,13,8,-10,25,3,-10,-8,1,-3,10,35,3,13,-4,goodbye
12.22214674949646,14,22,4,10,0,-15,-5,-5,-18,-8,9,18,-2,-6,goodbye
12.238176107406616,1,14,8,5,6,-8,0,2,-6,-10,8,21,5,-9,goodbye
12.238176107406616,1,14,5,10,5,-1,1,6,10,9,21,16,15,0,goodbye
12.253904104232788,4,14,11,17,2,-2,-7,-1,1,3,7,9,2,2,goodbye
12.253904104232788,-1,3,3,18,4,0,-4,-5,-11,-6,-13,-8,-10,-2,goodbye
12.269651174545288,-7,0,-2,7,5,16,12,3,2,2,-12,-10,-8,1,goodbye
12.269651174545288,-8,3,-1,10,4,29,22,10,24,17,0,-4,1,6,goodbye
12.28573727607727,-10,0,-2,17,4,23,17,3,17,20,-3,-16,-3,0,goodbye
12.28573727607727,-22,-15,-10,0,-1,14,12,-1,3,2,-27,-26,-23,-10,goodbye
12.301573276519775,-33,-27,-23,-18,-10,11,6,-4,6,-12,-40,-24,-23,-8,goodbye
12.301573276519775,-10,-15,-9,-10,-3,6,-1,-3,8,-7,-28,-9,-3,7,goodbye
12.317686796188354,12,-4,3,-5,2,4,0,4,10,5,-3,8,8,18,goodbye
12.317686796188354,2,-12,-4,-19,-7,-6,0,4,7,0,0,5,4,11,goodbye
12.33377766609192,1,-8,0,-20,-15,-17,-8,0,-9,-16,-8,0,4,8,goodbye
12.33377766609192,16,0,1,-11,-10,-19,-11,-2,-15,-16,0,11,15,15,goodbye
12.348681926727297,13,-4,0,-20,-6,-24,-16,1,-1,-5,18,21,20,11,goodbye
12.348681926727297,12,0,6,-16,-3,-27,-21,2,3,-1,33,26,21,0,goodbye
12.364322185516356,21,10,10,5,0,-17,-21,-3,-4,-3,35,21,18,0,goodbye
12.364322185516356,10,10,8,7,4,-11,-22,-6,-19,-12,16,9,0,-5,goodbye
12.380065202713013,6,16,5,5,10,-11,-12,-3,-22,-14,11,2,-11,-11,goodbye
12.380065202713013,23,31,17,23,8,0,4,1,-11,0,24,11,-2,0,goodbye
12.39508867263794,16,30,22,37,9,20,15,1,-4,15,16,12,-1,5,goodbye
12.39508867263794,-8,14,7,33,16,23,18,-5,-8,13,0,-1,-9,-6,goodbye
12.41008734703064,-11,2,3,23,9,13,14,-6,-14,0,0,-6,-9,-11,goodbye
12.41008734703064,-3,-4,2,12,-2,10,8,-1,-16,-2,-7,-6,-11,-2,goodbye
12.426215887069702,-8,-6,2,10,1,19,15,3,-4,10,-18,-10,-9,0,goodbye
12.426215887069702,-10,-7,3,8,6,23,24,5,14,22,-13,-16,4,0,goodbye
12.441847324371338,-14,-16,-11,-8,-3,5,8,0,20,11,-14,-18,4,0,goodbye
12.441847324371338,-27,-29,-19,-25,-12,-4,-8,-1,12,-2,-31,-17,-15,-5,goodbye
12.457202911376951,-31,-32,-24,-24,-12,1,2,1,13,1,-30,-19,-16,-8,goodbye
12.457202911376951,-17,-24,-19,-24,-10,-8,6,3,23,10,-6,-9,2,0,goodbye
12.472837924957275,-4,-15,-5,-31,-14,-19,-14,3,30,3,9,4,14,6,goodbye
12.472837924957275,1,-14,-9,-28,-17,-15,-18,0,23,-7,4,1,14,-1,goodbye
12.487984657287598,12,0,-1,-20,-13,-14,-6,0,6,-11,5,11,14,0,goodbye
12.487984657287598,22,21,11,-2,0,-7,0,4,0,-11,15,28,16,12,goodbye
12.503333806991575,21,24,7,10,10,4,0,5,1,-11,9,16,6,9,goodbye
12.503333806991575,21,20,4,6,12,0,2,4,-4,1,7,4,0,0,goodbye
12.519187688827516,22,26,3,5,10,-5,0,0,-13,8,19,10,10,0,goodbye
12.519187688827516,11,24,3,11,16,0,-4,-4,-16,-1,13,5,7,1,goodbye
12.534712314605711,5,15,0,5,20,3,-5,-3,-11,-7,0,-5,-6,-2,goodbye
12.534712314605711,3,8,-4,2,7,-3,-14,-4,-13,-11,-7,-11,-13,-8,goodbye
12.550694942474363,-6,0,-6,5,-3,-5,-21,-4,-22,-26,-21,-16,-22,-11,goodbye
12.550694942474363,-14,-3,-6,4,2,0,-4,0,-11,-13,-18,-17,-19,-1,goodbye
12.56606388092041,-15,-4,3,5,7,7,10,0,4,15,-7,-13,-8,1,goodbye
12.56606388092041,-25,-12,1,4,0,13,11,-5,0,16,-20,-19,-11,-13,goodbye
12.581921577453612,-28,-19,-9,0,-7,15,13,-7,-13,0,-29,-19,-20,-21,goodbye
12.581921577453612,-16,-16,1,4,-9,14,13,0,-11,0,-7,-4,-14,-8,goodbye
12.597983360290527,-9,-17,2,8,-10,6,8,1,-6,6,5,0,-3,0,goodbye
12.597983360290527,-6,-16,-2,1,-11,0,6,3,-6,3,-2,-1,0,2,goodbye
12.613313913345335,8,-5,5,4,-5,5,7,9,4,3,3,9,9,16,goodbye
12.613313913345335,17,-4,15,7,1,-1,6,5,21,9,21,12,20,24,goodbye
12.629239559173584,8,-8,7,-6,-2,-18,-4,0,20,6,18,12,18,12,goodbye
12.629239559173584,10,2,-3,-6,-10,-18,-11,0,13,0,20,27,18,7,goodbye
12.6447594165802,22,21,12,6,0,-6,-10,2,8,2,40,37,25,15,goodbye
12.6447594165802,18,25,18,5,10,-5,-11,0,-5,-3,36,29,13,4,goodbye
12.65990161895752,4,16,-2,-1,5,-11,-14,-4,-21,-13,6,17,-11,-10,goodbye
12.65990161895752,0,5,-1,4,0,1,-2,0,-6,-1,-3,9,-8,0,goodbye
12.675841331481934,-2,-5,0,8,4,20,19,4,21,23,0,-11,12,13,goodbye
12.675841331481934,-6,-11,-8,-2,3,15,23,9,24,21,-13,-23,8,3,goodbye
12.691642999649048,-5,-7,-10,-13,0,2,14,8,16,12,-19,-10,0,-3,goodbye
12.691642999649048,0,-6,-10,-15,-5,-3,2,0,23,12,-10,1,13,4,goodbye
12.70690417289734,2,-7,0,-25,-11,-12,-13,-4,23,-1,-7,0,18,3,goodbye
12.70727014541626,3,0,0,-31,-3,-16,-18,-2,6,-13,-1,-4,6,-7,goodbye
12.722927570343018,7,11,-2,-14,6,-11,-12,-5,-10,-17,2,-4,-4,-15,goodbye
12.722927570343018,9,20,6,11,11,-5,-9,-9,-20,-31,-6,-3,-17,-21,goodbye
12.739014863967896,3,21,7,23,13,-5,-7,-9,-19,-29,-8,-11,-21,-19,goodbye
12.739014863967896,-9,6,-2,10,0,-6,-11,-1,-19,-8,-3,-13,-17,-8,goodbye
12.75455927848816,-20,-9,-14,-1,-14,-3,-10,-3,-23,-7,-9,-13,-18,-8,goodbye
12.75455927848816,-17,-7,-9,1,-8,1,-4,-11,-27,-16,-16,-15,-21,-12,goodbye
12.769680738449097,-7,0,3,9,0,13,0,-3,-22,-2,-8,-7,-10,-4,goodbye
12.78582239151001,-9,-7,0,14,3,20,4,7,-15,9,-4,-3,-5,1,goodbye
12.78582239151001,-10,-2,1,22,9,16,6,8,-23,-3,-11,-8,-16,-2,goodbye
12.800602674484251,0,6,7,16,10,13,15,8,-18,-3,-3,-5,-10,4,goodbye
12.800602674484251,7,-7,2,-12,0,15,28,9,12,26,15,8,9,23,goodbye
12.815733909606934,7,-15,3,-14,-3,13,28,8,32,39,17,13,16,27,goodbye
12.815733909606934,14,3,2,24,3,7,16,3,22,24,2,7,12,17,goodbye
12.83073091506958,10,-1,-5,18,3,6,6,0,14,11,-4,7,9,8,sil
12.83073091506958,-3,-25,-15,-29,-9,4,1,-1,20,13,1,3,7,2,sil
12.845969200134276,0,-8,-8,-18,-8,-3,-4,-2,23,14,15,1,9,1,sil
12.845969200134276,11,17,10,14,8,-7,-6,1,20,7,18,12,13,5,sil
12.861391305923462,5,2,0,-5,6,-8,2,4,16,-2,10,13,16,0,sil
12.861391305923462,0,-6,-1,-21,-5,-12,4,0,12,-3,7,6,11,-3,sil
12.876631021499634,1,11,4,-2,-4,-16,-6,-2,6,0,2,0,5,-1,sil
12.876631021499634,-7,4,-7,-9,-6,-24,-23,-3,-5,-16,-8,-9,0,-9,sil
12.892639636993408,-13,-13,-3,-24,-18,-27,-33,-4,-23,-34,-15,-3,-8,-17,sil
12.892639636993408,-5,-6,3,-13,-19,-20,-27,-8,-22,-26,-6,0,-12,-9,sil
12.908751726150513,0,6,1,-2,-3,-15,-19,-2,-11,-14,3,-7,-4,-6,sil
12.908751726150513,-2,12,2,3,7,-9,-16,0,-6,-15,4,-2,-3,-13,sil
12.923900365829468,-6,9,2,5,7,0,-10,-5,-11,-19,-8,0,-17,-16,sil
12.923900365829468,-4,2,3,1,10,10,-1,0,-13,-14,-10,-4,-17,-8,sil
12.939974546432495,4,1,6,7,19,17,8,3,-10,0,9,0,0,1,sil
12.939974546432495,5,4,10,11,12,14,6,0,-14,8,7,6,-1,2,sil
12.95569634437561,0,4,6,11,0,21,10,2,-8,10,-9,1,-4,5,sil
12.95569634437561,8,4,5,23,7,32,31,6,17,31,0,1,13,21,sil
12.971059799194336,17,4,15,27,9,27,41,6,33,46,16,7,19,24,sil
12.971059799194336,0,-3,0,11,-6,15,26,2,24,25,2,-1,2,7,sil
12.986602544784546,-11,-11,-9,0,-13,7,13,0,13,8,-14,-3,0,6,sil
12.986602544784546,4,-6,0,2,-3,0,16,1,9,17,-3,10,9,21,sil
13.002607107162476,14,-1,-1,-1,-1,-10,9,0,0,7,6,14,5,17,sil
13.002607107162476,5,-3,-3,-13,-5,-19,-4,0,-8,-12,0,7,0,6,sil
13.017720699310305,7,-4,0,-8,0,-14,-3,2,0,0,6,8,17,9,sil
13.017720699310305,11,0,-1,4,2,-8,-8,0,5,0,18,11,23,5,sil
13.033267498016356,7,6,-2,-1,-3,-13,-31,-2,1,-24,6,3,5,-11,sil
13.033267498016356,1,2,-4,-13,-7,-18,-35,-6,0,-26,0,-4,0,-18,sil
13.048945903778076,-7,0,-4,-12,-1,-14,-25,-8,-16,-21,1,0,-3,-18,sil
13.048945903778076,-12,6,-7,-5,0,-9,-19,-7,-31,-28,-3,-6,-18,-22,sil
13.064003705978394,-13,6,-5,0,1,-4,-13,-7,-26,-25,-16,-29,-36,-31,sil
13.064003705978394,-27,-4,-9,-2,1,3,-8,-6,-27,-22,-28,-46,-49,-42,sil
13.080064296722412,-37,-18,-25,-17,0,11,4,-2,-30,-15,-30,-46,-38,-32,sil
13.080064296722412,-22,-12,-9,-16,2,21,23,6,-8,3,-14,-24,-8,-2,sil
13.095691680908203,-8,2,6,10,9,28,31,8,9,20,-6,-8,0,9,sil
13.095691680908203,-9,0,-2,11,1,18,16,2,4,20,-22,-15,-13,2,sil
13.111181735992432,-1,-10,-2,-13,-2,5,6,2,12,19,-19,-8,-5,12,sil
13.111181735992432,21,3,8,-3,5,2,13,10,38,32,19,27,27,33,sil
13.12669587135315,37,19,23,22,7,0,11,17,51,40,43,50,46,42,sil
13.12669587135315,29,9,17,12,-1,-10,0,10,41,25,25,32,40,32,sil
13.142123699188232,19,0,4,-9,-4,-14,-7,-6,20,4,9,22,27,13,sil
13.142123699188232,21,3,8,-2,0,-14,-12,-10,5,-2,19,34,21,6,sil
13.156867504119871,14,0,5,2,-3,-20,-21,-6,-4,-8,23,23,15,1,sil
13.156867504119871,-4,-4,-3,-4,-6,-17,-22,-6,-19,-18,9,0,-2,-10,sil
13.17255163192749,-16,2,-3,1,4,7,-3,-3,-24,-12,-3,-11,-18,-15,sil
13.17255163192749,-23,-3,-8,11,11,22,11,0,-18,-4,-20,-24,-24,-13,sil
13.187830209732056,-29,-24,-16,-6,-3,11,10,1,-7,-4,-29,-30,-23,-15,sil
13.187830209732056,-17,-29,-21,-23,-13,0,8,3,13,4,-10,-13,-6,-9,sil
13.204354286193848,3,-11,-5,-16,-7,-3,7,6,17,7,8,6,12,4,sil
13.204354286193848,8,0,2,-10,-9,-13,-6,0,-1,-11,5,7,9,6,sil
13.218993663787842,3,0,-2,-10,-14,-27,-21,-6,-15,-23,1,2,3,-2,sil
13.218993663787842,13,16,18,7,-5,-17,-17,-2,-10,-11,14,17,7,-2,sil
13.23466157913208,16,36,29,29,10,3,-1,-1,-4,-1,29,27,8,1,sil
13.25042486190796,8,33,23,33,14,9,8,0,-6,-7,24,16,-1,2,sil
13.25042486190796,14,29,29,44,7,13,14,1,-12,-9,10,6,-8,4,sil
13.265783071517944,22,29,27,52,7,20,20,-2,-14,-2,4,7,-9,6,sil
13.265783071517944,6,14,12,32,10,21,14,-2,-16,1,-3,8,-8,0,sil
13.26679015159607,0,-3,0,19,2,14,4,0,-8,8,-13,0,-5,1,sil
13.280992984771729,4,-6,1,24,1,9,5,3,10,19,-9,-4,-1,14,sil
13.280992984771729,-2,-6,-2,10,9,10,8,3,15,23,-3,-2,2,14,sil
13.296795845031738,-13,-16,-19,-17,0,7,0,-4,2,15,-10,-10,1,0,sil
13.31226897239685,-12,-24,-22,-30,-8,-3,-9,-6,0,0,-18,-19,-1,-2,sil
13.31226897239685,-11,-23,-27,-36,-1,-6,-3,0,11,-5,-20,-22,1,0,sil
13.327411890029907,-22,-29,-41,-60,-2,-4,0,0,11,0,-34,-36,-2,-11,sil
13.327411890029907,-35,-36,-44,-80,-14,-10,-5,1,7,0,-48,-44,-11,-20,sil
13.343103647232056,-29,-23,-38,-71,-8,-14,-8,5,6,-7,-34,-32,-6,-17,sil
13.343103647232056,-11,-6,-21,-59,1,-8,-12,0,-2,-14,-12,-20,-6,-20,sil
13.358970642089844,-9,-7,-20,-49,-2,-11,-13,-5,-7,-14,0,-17,-9,-24,sil
13.358970642089844,-6,-1,-14,-25,-2,-22,-9,0,-1,-3,10,-4,-2,-16,sil
13.375021696090698,5,18,15,2,8,-18,-13,4,0,4,26,14,3,-9,sil
13.375021696090698,16,26,33,31,8,-6,-14,1,5,7,32,24,3,-2,sil
13.390776634216309,22,23,34,53,0,0,-6,1,7,5,28,28,4,9,sil
13.390776634216309,14,19,22,53,0,9,4,0,-3,-1,21,18,3,8,sil
13.406392574310305,-2,8,17,39,1,15,15,0,-12,-10,7,7,-3,-1,sil
13.406392574310305,0,1,30,38,-4,16,18,-1,-4,-6,-2,7,-9,5,sil
13.42194366455078,14,6,25,47,-1,10,11,-3,3,4,5,12,0,25,sil
13.42194366455078,20,16,20,54,9,9,9,0,0,12,16,18,12,34,sil
13.4375741481781,18,10,18,48,3,14,15,3,0,13,11,15,14,26,sil
13.4375741481781,1,-7,1,20,-12,5,14,0,0,4,0,3,9,11,sil
13.452642679214478,-7,-11,-7,0,-9,-4,10,5,6,2,0,10,11,14,sil
13.452642679214478,20,0,2,3,0,0,10,12,21,18,12,29,22,27,sil
13.467817306518556,29,-4,9,-3,-10,0,-2,0,13,15,8,24,16,18,sil
13.467817306518556,-3,-11,-4,-22,-9,-7,-12,-11,-1,-6,0,7,1,-4,sil
13.483333587646484,-7,0,-14,-24,11,-5,-3,0,2,-3,15,11,7,-7,sil
13.483333587646484,15,6,-4,-23,6,-1,-8,4,0,4,16,12,10,-6,sil
13.49905014038086,4,-6,-13,-34,-6,-6,-22,-7,-25,-18,-14,-12,-12,-23,sil
13.49905014038086,-17,-12,-22,-36,0,-10,-14,-10,-27,-39,-20,-19,-22,-31,sil
13.514639616012571,-20,-4,-18,-29,7,-11,0,1,-5,-21,-1,-7,-11,-23,sil
13.514639616012571,-13,1,-11,-24,1,-14,-4,2,1,0,-6,-18,-8,-16,sil
13.530642032623293,2,20,12,-3,9,-3,-8,0,4,3,-4,-12,0,-2,sil
13.530642032623293,6,25,16,19,15,7,-3,0,8,2,13,3,7,5,sil
13.545857667922974,-17,-1,-7,1,4,1,-6,-3,-8,-5,-9,-19,-17,-14,sil
13.545857667922974,-30,-17,-18,-18,-7,1,-2,-6,-20,-18,-40,-45,-38,-30,sil
13.560936450958252,-15,-10,-9,-4,-9,12,7,-4,1,-10,-23,-27,-21,-10,sil
13.560936450958252,-5,-6,2,7,-3,13,8,1,12,9,-6,-10,-8,7,sil
13.57685089111328,-5,-4,-1,11,5,8,13,4,0,21,-16,-17,-8,7,sil
13.57685089111328,-6,-3,-2,15,7,5,15,5,0,16,-19,-16,-4,1,sil
13.592350244522097,-7,-8,0,7,0,7,12,9,7,7,-9,-5,0,1,sil
13.592350244522097,0,-3,-4,6,0,12,18,2,13,9,0,0,10,12,sil
13.608148574829102,14,10,5,21,13,7,16,-3,8,14,9,9,24,20,sil
13.608148574829102,14,14,8,14,5,-2,0,0,0,10,10,17,23,20,sil
13.623680830001833,6,0,1,-9,-16,-11,-12,0,-6,-5,7,18,9,17,sil
13.623680830001833,9,-7,5,-9,-20,-14,-20,-3,-11,-7,6,19,6,8,sil
13.638583898544312,13,0,3,2,-6,-12,-22,2,0,13,13,16,11,0,sil
13.638583898544312,3,1,0,1,-1,-8,-20,5,10,21,15,8,10,0,sil
13.65397596359253,0,0,-1,-1,-3,-4,-13,-6,0,2,11,6,10,0,sil
13.65397596359253,0,1,-6,-5,-2,0,-7,-9,-15,-15,0,3,-2,-7,sil
13.669250011444092,-12,-1,-9,-17,0,3,0,5,-8,-19,-12,-8,-24,-24,sil
13.669250011444092,-12,-8,-9,-17,-2,3,13,13,6,-10,-9,-11,-13,-21,sil
13.68480658531189,10,-1,8,0,0,8,24,12,13,0,14,12,12,6,sil
13.68480658531189,21,6,13,8,7,7,22,2,15,0,22,24,12,14,sil
13.700669050216677,12,4,6,0,6,-8,2,-6,8,-10,8,15,-4,-1,sil
13.700669050216677,9,6,11,1,-4,-19,-12,-5,0,-7,13,13,-7,0,sil
13.71704888343811,11,12,13,17,-8,-12,-9,-2,4,4,28,15,8,11,sil
13.71704888343811,5,16,13,17,5,0,-5,-3,6,8,25,13,14,6,sil
13.732731819152832,0,12,8,8,16,6,-5,-2,0,0,10,4,0,-2,sil
13.732731819152832,-7,-2,-2,6,8,3,-1,-5,-4,-7,0,-9,-13,-4,sil
13.747798681259155,-19,-8,-3,8,5,5,9,-3,-4,-12,-10,-19,-13,-8,sil
13.747798681259155,-16,-1,-4,11,14,14,17,0,-4,-6,-20,-22,-13,-7,sil
13.763248682022097,-8,-14,-6,0,6,9,12,1,-5,4,-29,-23,-13,0,sil
13.763248682022097,-10,-30,-16,-21,-12,-2,7,0,0,7,-32,-20,0,8,sil
13.778968811035156,-5,-15,-15,-19,-14,-5,8,0,14,6,-29,-15,12,12,sil
13.778968811035156,2,0,0,-11,-8,-3,0,6,15,7,-18,-6,14,10,sil
13.79504942893982,-1,-6,-9,-23,-18,-14,-20,4,-11,-5,-7,0,13,0,sil
13.79504942893982,-9,-5,-16,-27,-24,-20,-31,-7,-44,-28,-10,-5,0,-16,sil
13.81066346168518,-7,8,-1,-9,-4,-5,-30,-13,-47,-28,-12,-12,-19,-22,sil
13.81066346168518,-4,19,5,1,13,1,-23,-7,-35,-18,0,-9,-26,-20,sil
13.826797723770142,0,26,11,12,12,11,-4,0,-28,-11,2,3,-22,-16,sil
13.826797723770142,3,13,6,32,14,34,18,4,-8,10,6,2,-10,-3,sil
13.841915607452393,6,0,2,36,20,40,30,4,17,39,13,1,0,13,sil
13.841915607452393,10,6,7,28,15,28,38,12,33,52,13,14,8,25,sil
13.857317686080933,7,1,4,14,4,8,30,15,42,49,14,21,18,25,sil
13.873055934906006,1,-13,5,-5,-5,-8,6,2,38,24,19,15,22,11,sil
13.873055934906006,8,-8,0,-12,-4,-7,9,-1,33,4,21,6,17,0,sil
13.873055934906006,6,-5,-11,-12,2,-7,18,9,36,2,6,0,13,1,sil
13.888219356536863,-6,-14,-12,-17,-5,-24,-4,7,27,0,-3,-1,8,5,goodbye
13.888219356536863,-1,-12,-2,-12,-18,-30,-19,-10,9,-11,7,4,6,0,goodbye
13.903752088546751,11,0,6,-6,-17,-23,-14,-7,-2,-24,8,12,7,-1,goodbye
13.918889999389648,7,3,-1,-11,-14,-21,-20,0,-11,-26,-6,9,2,-4,goodbye
13.918889999389648,4,0,0,-10,-8,-15,-24,-7,-18,-15,0,7,0,-4,goodbye
13.933989524841309,11,0,9,-9,0,-8,-17,-8,-20,-16,13,10,0,0,goodbye
13.933989524841309,0,0,0,-14,0,-4,-12,-4,-18,-25,-4,2,-6,0,goodbye
13.949146032333374,-10,0,-2,-8,1,0,-6,-2,-14,-18,-21,-10,-16,-9,goodbye
13.949146032333374,-7,11,3,6,11,6,0,2,-6,-2,-6,-9,-13,-7,goodbye
13.96493673324585,0,19,10,17,14,9,-2,4,-2,3,11,2,-3,4,goodbye
13.96493673324585,0,14,11,21,7,10,-6,-4,-15,-5,8,4,-1,-1,goodbye
13.979791164398192,-9,1,-10,14,0,10,-7,-6,-31,-19,-9,-13,-13,-20,goodbye
13.979791164398192,-13,0,-8,9,1,17,0,1,-20,-9,-21,-18,-22,-13,goodbye
13.99593186378479,2,6,6,23,13,25,21,0,3,20,-8,-12,-7,5,goodbye
13.99593186378479,2,2,1,27,17,15,23,-2,1,23,2,-21,0,1,goodbye
14.010988712310793,-17,-10,-5,10,3,10,9,2,-7,8,-10,-29,-13,-7,goodbye
14.010988712310793,-11,-14,-7,4,0,16,13,4,5,19,-14,-14,-4,2,goodbye
14.026694297790527,5,-2,-1,4,8,19,30,2,21,39,3,5,17,15,goodbye
14.026694297790527,0,0,1,-8,-1,12,27,7,22,34,8,10,17,15,goodbye
14.041624307632446,-3,-13,1,-14,-18,-6,0,7,16,11,-1,9,7,11,goodbye
14.041624307632446,8,-12,2,-12,-18,-24,-15,0,9,-4,0,15,14,9,goodbye
14.063690662384031,9,-3,-11,-22,-10,-23,-4,-3,6,-8,4,15,24,10,goodbye
14.063690662384031,-2,-8,-13,-34,-11,-19,-3,-2,0,-15,-5,8,10,2,goodbye
14.063690662384031,1,-3,3,-23,-13,-19,-18,1,-3,-20,-8,8,-5,-4,goodbye
14.072703123092651,19,11,12,-8,-2,-14,-11,1,5,-8,9,15,2,0,goodbye
14.088629007339478,15,11,10,-7,6,-3,0,-1,8,0,14,14,5,0,goodbye
14.088629007339478,-9,-3,-6,-10,-1,-3,-11,-4,0,-5,-2,0,-11,-12,goodbye
14.103777408599854,-14,-8,-12,-11,-14,-12,-23,-2,-9,-17,-12,-10,-15,-15,goodbye
14.103777408599854,0,0,-1,0,-6,-12,-14,1,-12,-17,3,-3,0,-7,goodbye
14.11918330192566,0,7,3,19,7,0,4,5,-3,-4,15,-6,0,-6,goodbye
14.11918330192566,-9,4,0,19,5,4,9,0,1,2,4,-16,-14,-10,goodbye
14.135026454925535,-4,0,-2,7,0,0,1,-8,0,-3,2,-14,-14,-12,goodbye
14.135026454925535,3,6,8,5,10,0,1,-1,0,-2,14,1,0,-6,goodbye
14.15071702003479,3,13,15,11,17,9,3,8,5,14,17,10,8,5,goodbye
14.15071702003479,6,11,6,23,11,14,0,1,-2,11,8,6,1,9,goodbye
14.165895223617554,11,5,8,27,13,21,3,-2,-13,-8,-2,0,-14,5,goodbye
14.165895223617554,6,-1,6,16,12,25,19,0,-5,3,-11,-3,-8,9,goodbye
14.18114185333252,-5,-16,-4,-2,-2,12,13,-3,3,18,-21,-6,10,13,goodbye
14.197140455245972,-11,-24,-12,-20,-11,1,-3,-7,0,-2,-24,-6,10,5,goodbye
14.197140455245972,1,-7,-11,-21,-3,0,-5,-1,-1,-5,-3,8,10,1,goodbye
14.197140455245972,14,16,8,-1,4,-1,-3,6,4,12,17,30,16,7,goodbye
14.2129967212677,4,13,8,6,3,-6,-4,4,0,3,13,17,6,1,goodbye
14.2129967212677,-8,0,-4,0,-3,-10,-5,-1,-17,-14,-4,-9,-11,-10,goodbye
14.228099584579468,-7,6,-3,6,-1,-4,-1,0,-25,-7,-16,-14,-19,-9,goodbye
14.228099584579468,-9,9,-6,15,5,9,11,0,-5,7,-13,-14,-13,1,goodbye
14.243984937667848,-10,-6,-8,0,0,16,20,0,18,20,-4,-14,0,11,goodbye
14.243984937667848,-4,-12,-8,-11,-9,4,10,3,29,27,-6,-10,14,14,goodbye
14.26015567779541,-4,-7,-10,-6,-6,-9,-2,0,22,16,-10,-7,14,6,goodbye
14.26015567779541,-1,-8,-5,-3,-6,-9,-7,0,9,2,3,-1,8,0,goodbye
14.274720668792725,10,-8,-4,-11,-8,-5,-4,4,6,-1,12,5,5,0,goodbye
14.274720668792725,11,-2,-1,-23,-9,-17,-7,3,7,-9,2,9,2,0,goodbye
14.29085087776184,6,4,0,-16,-7,-25,-11,0,2,-14,7,8,6,-3,goodbye
14.29085087776184,11,11,8,2,0,-12,-8,4,-2,-12,23,10,4,-5,goodbye
14.306701183319092,15,12,22,7,1,-5,-5,3,-8,-19,17,17,-6,-4,goodbye
14.321753978729248,10,3,13,0,-4,-12,-9,-12,-17,-26,9,12,-10,-8,goodbye
14.321753978729248,1,0,4,0,3,-6,-14,-10,-29,-22,10,2,-9,-13,goodbye
14.33674955368042,-8,4,1,0,10,7,-13,-2,-30,-17,0,-8,-16,-14,goodbye
14.33674955368042,-21,0,-5,-1,5,8,-9,-10,-17,-19,-10,-23,-19,-21,goodbye
14.35196018218994,-19,-4,2,6,8,9,3,-5,0,-4,-1,-14,-7,-17,goodbye
14.35196018218994,-6,-2,2,14,10,20,20,9,8,26,7,0,6,2,goodbye
14.367920637130736,-11,-5,-2,5,0,15,19,7,2,28,-7,-3,2,10,goodbye
14.367920637130736,-18,-11,-4,3,-3,4,13,0,0,7,-16,-7,-3,1,goodbye
14.38401484489441,-8,-13,-6,9,-2,11,12,0,10,3,-21,-6,-4,1,goodbye
14.38401484489441,-1,-13,-5,0,-6,14,14,2,14,6,-34,-7,-7,8,goodbye
14.40111231803894,1,-11,-3,-8,-7,6,18,2,12,11,-14,0,0,15,goodbye
14.40111231803894,16,-4,2,2,1,7,11,5,17,25,11,10,13,20,goodbye
14.40111231803894,16,0,1,3,16,10,1,9,24,30,-3,3,14,18,goodbye
14.416153192520142,11,4,-2,-5,13,0,2,10,29,19,-7,4,17,18,goodbye
14.432703495025637,21,9,6,-6,-12,-8,-2,3,13,-2,22,26,22,21,goodbye
14.432703495025637,19,8,0,-9,-22,-20,-21,-10,-13,-20,29,20,14,5,goodbye
14.447123765945436,6,8,-7,-12,-1,-29,-26,-12,-20,-18,19,3,2,-10,goodbye
14.447123765945436,10,18,5,1,9,-19,-15,0,-4,-12,19,7,2,-6,goodbye
14.462109088897703,12,26,11,14,7,-4,-7,0,-3,-20,15,12,6,-2,goodbye
14.462109088897703,0,22,9,8,11,-3,-9,-3,-16,-14,5,2,0,-13,goodbye
14.477810621261597,-11,14,3,7,9,-4,-10,-4,-21,8,-1,-13,-8,-21,goodbye
14.477810621261597,-17,2,-4,6,0,0,-3,-7,-20,3,-15,-23,-17,-17,goodbye
14.49355435371399,-23,-11,-7,-11,-5,12,12,-3,-12,-14,-28,-25,-21,-14,goodbye
14.49355435371399,-22,-19,-12,-16,-3,18,24,0,-9,-9,-35,-26,-23,-12,goodbye
14.508674621582031,-18,-14,-5,2,0,13,12,-2,-18,-4,-34,-22,-25,-5,goodbye
14.508674621582031,-18,-13,-7,9,0,8,-1,-4,-11,0,-24,-14,-23,-1,goodbye
14.524770736694336,-15,-19,-13,-3,-2,6,0,0,12,7,-19,-17,-16,-3,goodbye
14.524770736694336,-3,-14,-5,-2,-3,8,4,7,23,3,-3,-11,0,5,goodbye
14.53993010520935,7,-10,-5,2,-6,3,2,12,22,6,23,5,19,21,goodbye
14.53993010520935,10,-12,0,-2,-12,-9,-5,12,27,20,26,20,19,19,goodbye
14.556041479110718,9,-6,5,1,-10,-12,-3,9,39,20,18,20,17,10,goodbye
14.556041479110718,10,-2,4,1,-7,-8,3,5,28,0,24,19,18,7,goodbye
14.571972131729126,13,0,8,-8,-6,-8,0,-3,-5,-15,26,22,8,-2,goodbye
14.571972131729126,16,12,16,5,4,-8,-9,-12,-23,-9,27,28,5,-3,goodbye
14.58760118484497,22,28,29,21,13,-12,-18,-7,-16,3,34,37,19,11,goodbye
14.58760118484497,19,21,17,2,4,-18,-25,-2,-14,-4,29,33,21,12,goodbye
14.603678941726685,9,6,1,-10,2,-12,-18,-7,-22,-21,10,18,0,-6,goodbye
14.603678941726685,11,13,12,7,15,3,9,-2,-20,-19,-2,14,-9,-9,goodbye
14.618834018707275,11,22,15,18,10,10,26,5,-5,-1,0,11,2,0,goodbye
14.618834018707275,-5,2,1,0,-9,2,10,2,0,3,-6,-8,-1,-6,goodbye
14.633925437927246,-18,-12,-5,-5,-5,1,0,-3,-13,-2,-28,-30,-22,-17,goodbye
14.633925437927246,-7,3,-1,12,12,15,11,-3,-20,0,-28,-28,-14,-8,goodbye
14.65004539489746,0,10,4,11,12,27,21,6,1,19,-8,-16,4,8,goodbye
14.65004539489746,-13,-13,-17,-4,8,29,27,13,29,31,-14,-27,0,12,goodbye
14.66611385345459,-27,-26,-34,-12,8,25,26,9,26,20,-35,-48,-13,3,goodbye
14.66611385345459,-28,-17,-34,-19,-2,19,16,3,13,10,-36,-51,-16,-6,goodbye
14.681651830673218,-27,-21,-40,-28,-8,8,5,0,14,8,-31,-41,-13,-9,goodbye
14.681651830673218,-23,-24,-31,-28,0,-1,-5,-3,13,2,-34,-28,-9,-5,goodbye
14.696914434432983,-10,-15,-19,-25,-3,-13,-21,-9,10,1,-31,-21,-2,-1,goodbye
14.696914434432983,0,-10,-7,-19,-10,-19,-27,-4,9,3,-21,-12,2,0,goodbye
14.71291995048523,9,0,9,-3,-4,-15,-15,2,7,-1,0,7,12,3,goodbye
14.71291995048523,17,13,12,6,-4,-17,-6,0,1,-10,25,30,19,4,goodbye
14.728616952896118,15,10,11,0,-12,-27,-15,0,-7,-17,35,37,10,1,goodbye
14.728616952896118,13,4,15,-2,-12,-28,-20,-1,-16,-17,39,32,1,-2,goodbye
14.74416995048523,18,9,23,4,-7,-18,-16,-12,-21,-17,41,40,2,-5,sil
14.74416995048523,18,17,29,18,-4,-10,-12,-12,-19,-19,38,51,4,-3,sil
14.759376287460327,15,22,33,35,5,0,-3,-1,-9,-7,35,46,7,6,sil
14.759376287460327,17,24,32,39,15,10,0,1,-5,1,29,36,7,9,sil
14.77491044998169,13,16,10,26,9,0,-7,0,-14,-6,20,23,-1,-2,sil
14.77491044998169,5,12,11,23,0,-6,-5,4,-15,-12,18,10,-12,-3,sil
14.7909574508667,2,15,26,26,2,11,10,6,-3,-6,6,1,-14,6,sil
14.7909574508667,-5,2,-3,11,4,15,18,0,0,-4,-17,-19,-16,-3,sil
14.80647110939026,-15,-14,-24,-3,0,4,15,5,2,7,-20,-29,-13,-11,sil
14.80647110939026,-9,-14,-17,-4,0,16,22,11,19,31,-4,-18,1,5,sil
14.821993589401243,-10,-14,-16,-13,1,23,22,6,18,26,-18,-23,8,7,sil
14.821993589401243,-20,-17,-13,-23,0,19,12,5,1,4,-37,-34,4,-3,sil
14.837557077407835,-12,-17,-12,-21,0,15,12,1,-1,3,-21,-25,6,6,sil
14.837557077407835,-5,-15,-13,-22,-4,0,11,-9,-3,3,-13,-15,1,8,sil
14.852577209472656,-8,-13,-16,-16,-2,-6,5,-8,0,2,-25,-16,-3,-1,sil
14.852577209472656,0,-7,-13,-10,0,0,4,4,14,10,-14,-6,6,4,sil
14.867722034454346,6,-5,-5,-19,-3,-2,0,5,18,7,2,4,15,12,sil
14.867722034454346,4,-10,-8,-19,-7,-7,-9,-2,10,0,-6,-1,10,6,sil
14.883755207061768,3,-9,-6,-12,-2,-7,-18,-5,3,0,-17,-4,0,0,sil
14.883755207061768,5,4,-2,-3,0,-9,-27,-9,-10,-8,2,5,-2,-12,sil
14.89963722229004,10,23,13,17,9,-8,-24,-5,-18,-21,27,12,0,-20,sil
14.89963722229004,10,34,31,37,22,3,-8,4,-10,-15,24,10,0,-8,sil
14.91510772705078,1,28,16,36,16,6,-1,-3,-11,-8,8,2,-10,-6,sil
14.91510772705078,-8,7,2,27,0,0,-6,-9,-12,-2,-1,-2,-16,-10,sil
14.930978536605837,-6,-5,2,12,0,5,7,4,7,17,-1,-4,-3,2,sil
14.930978536605837,0,-5,-2,-4,0,6,27,10,26,30,2,0,7,13,sil
14.946009397506714,0,-9,-4,-16,-9,-8,17,4,18,10,0,6,1,7,sil
14.946009397506714,-3,-20,-15,-25,-16,-21,-4,0,14,0,-1,6,4,3,sil
14.96140742301941,-1,-23,-16,-33,-10,-20,-12,0,16,2,5,10,14,4,sil
14.96140742301941,0,-14,-8,-40,-10,-20,-14,0,-3,-11,5,12,10,-4,sil
14.976932764053345,-5,0,-6,-33,-14,-21,-21,-9,-28,-33,2,3,0,-16,sil
14.992598533630373,0,21,10,1,-2,-11,-16,-3,-21,-24,12,10,-6,-11,sil
14.992598533630373,13,27,24,33,10,5,1,6,-7,-3,24,23,-2,3,sil
14.992598533630373,14,15,23,26,7,15,6,0,-10,-1,18,17,0,12,sil
15.007861137390137,0,8,10,14,2,13,0,-1,-12,-6,-2,-1,-11,1,sil
15.02341365814209,-8,3,-1,19,-1,10,0,1,-10,-3,-21,-14,-22,-13,sil
15.02341365814209,-9,-1,5,18,-5,17,11,0,-5,2,-17,-13,-12,-5,sil
15.02341365814209,-4,-5,4,12,4,22,28,1,10,13,-7,-11,0,6,sil
15.038975954055786,2,-3,-3,10,18,23,38,11,20,15,-10,-11,-3,4,sil
15.05604863166809,4,0,-2,7,8,25,27,8,18,10,-8,-13,-3,7,sil
15.05604863166809,-8,-15,-13,-1,-4,12,3,-5,10,9,-7,-20,4,10,sil
15.05604863166809,-14,-30,-23,-17,-7,-8,-15,-9,-4,0,-18,-23,0,-2,sil
15.070584774017334,0,-14,-19,-17,-8,-10,-20,-5,-9,-2,-14,-12,-2,-3,sil
15.070584774017334,8,0,-6,-4,-5,-5,-17,-2,1,5,1,1,6,11,sil
15.086663484573364,3,-2,-2,-2,0,-10,-14,0,8,8,2,7,8,13,sil
15.086663484573364,2,0,-5,-6,1,-13,-7,0,1,4,0,5,6,2,sil
15.10370421409607,8,6,4,-4,5,-12,0,0,-2,7,8,13,16,0,sil
15.10370421409607,9,7,7,0,9,-13,0,1,0,3,16,17,22,0,sil
15.117175579071043,7,11,4,0,4,-13,-3,1,-1,-11,12,6,4,-7,sil
15.134870529174805,3,11,9,-4,2,-7,-2,3,-6,-15,13,11,-7,-11,sil
15.134870529174805,-1,7,8,-4,5,-2,1,0,-1,-3,23,20,1,-7,sil
15.134870529174805,-1,17,12,7,7,0,-5,-1,-2,0,15,10,0,-6,sil
15.1486177444458,3,23,14,16,8,7,-6,0,-4,-3,1,1,-6,-7,sil
15.1486177444458,1,6,6,10,8,21,9,4,5,5,2,1,-2,0,sil
15.1637122631073,-9,-7,0,2,0,23,18,1,9,14,-2,-7,0,4,sil
15.178949117660522,-7,-15,-8,-5,-16,2,4,-8,0,5,-17,-15,-1,9,sil
15.178949117660522,0,-25,-8,-28,-19,-18,-9,-9,-4,-10,-19,-8,1,5,sil
15.194114685058594,-1,-18,-5,-35,-16,-16,-8,-4,-2,-19,-3,0,1,-5,sil
15.194114685058594,-4,1,1,-7,-14,-8,-11,-8,-9,-22,6,1,-3,-9,sil
15.210231065750122,2,6,7,15,-11,-9,-16,-4,-15,-18,-3,0,-9,-4,sil
15.210231065750122,0,-4,-5,13,-4,-5,-4,4,-7,-4,-12,-10,-10,-4,sil
15.225809574127195,-13,-4,-12,9,2,12,7,6,-4,5,-5,-16,-10,-4,sil
15.225809574127195,-13,2,-9,16,5,28,15,2,-3,8,-3,-13,-12,-1,sil
15.241017818450928,-1,-2,-9,19,12,25,25,5,11,16,-10,-8,-8,1,sil
15.241017818450928,1,-10,-1,8,17,12,21,8,27,26,-8,-1,1,8,sil
15.25675344467163,1,-10,-11,-9,8,0,8,6,29,21,0,4,7,16,sil
15.25675344467163,3,-8,-12,-20,-3,-12,0,5,22,4,0,9,9,16,sil
15.272645950317385,2,-1,5,-15,-2,-22,-9,2,11,-6,1,10,13,6,sil
15.272645950317385,9,6,5,-10,-1,-24,-13,-1,7,-6,10,14,17,3,sil
15.288305521011353,18,13,12,-7,-1,-12,-10,0,5,-4,18,30,17,9,sil
15.288305521011353,12,20,21,4,7,3,-5,-3,-3,-3,26,27,14,5,sil
15.303929805755615,0,19,14,10,8,3,-9,-7,-19,-8,18,3,2,-9,sil
15.303929805755615,-2,10,2,1,0,0,-11,-4,-28,-11,-6,-9,-14,-21,sil
15.31909680366516,0,9,4,3,4,8,-2,-3,-20,-4,-11,-4,-17,-14,sil
15.31909680366516,0,13,13,12,9,15,6,2,-4,2,1,-4,-6,-3,sil
15.334611415863035,-5,0,0,9,3,5,6,5,-2,2,-5,-26,-10,-11,sil
15.334611415863035,-16,-12,-11,7,0,2,8,0,-12,0,-25,-30,-25,-19,sil
15.34978485107422,-15,-8,-8,9,-1,13,20,-2,-18,2,-19,-13,-16,-2,sil
15.34978485107422,-6,-14,-14,-4,-10,7,17,-6,-17,0,-16,-16,-8,4,sil
15.366135597229004,-3,-17,-12,-9,-11,0,4,-7,-7,-3,-24,-23,-13,0,sil
15.366135597229004,1,-1,-1,9,0,9,6,0,12,11,-2,-1,7,12,sil
15.381390810012816,0,-2,0,4,-2,1,0,-1,14,19,20,11,24,14,sil
15.381390810012816,-6,-17,-14,-24,-19,-18,-19,-7,1,1,4,0,7,-3,sil
15.396560430526732,-5,-15,-18,-21,-16,-19,-17,0,6,-8,-3,1,4,0,sil
15.396560430526732,4,-5,3,-4,-4,-13,-5,8,19,1,15,21,16,13,sil
15.412582874298096,20,2,11,0,0,-10,-5,7,31,13,34,33,23,13,sil
15.412582874298096,32,17,9,1,10,-5,-12,6,28,8,36,32,31,16,sil
15.427748203277588,24,23,18,2,11,-8,-14,3,6,-9,26,27,25,12,sil
15.427748203277588,5,13,7,0,6,-9,-6,0,-5,-12,13,10,6,-7,sil
15.443420886993408,2,9,4,1,17,1,0,1,-4,-6,2,1,0,-15,sil
15.443420886993408,4,10,11,5,12,7,-7,-4,-13,-16,-1,6,-7,-10,sil
15.459336996078491,-2,5,5,8,-5,2,-2,-7,-22,-20,-5,0,-21,-10,sil
15.459336996078491,-14,0,-3,7,0,11,13,5,-20,-10,-17,-16,-29,-12,sil
15.474986791610718,-23,-7,-9,0,6,20,17,6,-20,-11,-33,-27,-33,-13,sil
15.474986791610718,-23,-11,-4,-1,-7,12,8,0,-19,-18,-36,-26,-35,-12,sil
15.489997625350952,-13,-8,-3,1,-10,9,10,0,-3,-1,-25,-21,-22,0,sil
15.489997625350952,-9,-7,-7,-4,-1,13,12,0,16,24,-11,-11,-2,10,sil
15.506163597106934,-7,-5,-3,-6,-3,9,6,0,20,28,-4,-4,5,12,sil
15.506163597106934,2,-7,-7,2,-6,0,3,-3,10,16,-6,-11,6,12,sil
15.521552085876465,10,-4,-4,3,0,-6,10,0,9,15,-5,-5,9,12,sil
15.521552085876465,8,0,0,0,5,-6,9,1,17,20,6,12,14,6,sil
15.53685188293457,-1,-5,-5,-7,-3,-14,-8,-2,8,8,8,6,11,-4,sil
15.53685188293457,-9,-13,-3,-11,-12,-18,-16,-2,-2,0,1,0,10,0,sil
15.552505731582642,0,-2,1,-2,-2,-9,-5,2,4,1,16,13,19,6,sil
15.552505731582642,9,7,4,0,2,-6,-9,2,7,-4,27,16,18,-2,sil
15.568110704421995,10,8,9,1,-1,-12,-15,1,2,-6,21,9,16,-6,sil
15.583911895751951,14,10,10,9,1,-7,-3,1,1,0,20,14,18,3,sil
15.583911895751951,17,17,14,9,11,6,7,0,-4,-5,21,16,5,0,sil
15.583911895751951,7,20,7,3,14,10,8,-2,-8,-11,12,2,-7,-10,sil
15.599018812179564,-2,10,1,1,7,0,-2,-6,-15,-15,0,-4,-11,-9,sil
15.599018812179564,-11,1,-1,3,0,-1,-21,-11,-31,-23,-7,-6,-24,-17,sil
15.61464500427246,-12,9,-1,20,8,3,-15,-10,-39,-17,-11,-12,-32,-15,sil
15.630841970443726,-3,10,6,25,7,9,7,0,-23,-3,-14,-12,-18,6,sil
15.630841970443726,-3,-12,-4,5,-9,13,17,6,0,4,-16,-10,-4,13,sil
15.630841970443726,-8,-20,-12,-1,-8,17,17,5,14,8,-17,-11,-10,3,sil
15.644995212554932,0,-6,-3,2,1,16,23,5,18,12,-21,-10,-11,7,sil
15.644995212554932,4,-11,-8,-6,-4,6,20,6,20,20,-19,-6,4,17,sil
15.660175085067747,-7,-22,-11,-22,-11,-4,1,8,16,17,-10,0,11,14,sil
15.675689697265623,-8,-15,-14,-24,-11,-8,-9,-1,8,-1,-7,0,3,0,sil
15.675689697265623,1,-8,-14,-23,-7,-8,-13,-7,6,-7,-10,-6,5,-3,sil
15.691571474075316,14,1,6,-11,2,-7,-11,4,14,7,0,7,19,7,sil
15.691571474075316,24,17,17,0,9,-2,0,10,25,13,23,27,31,18,sil
15.706817626953123,19,13,9,-6,5,-3,4,1,21,9,29,28,26,8,sil
15.706817626953123,-2,-2,-7,-19,0,-11,-7,-5,0,0,13,7,1,-12,sil
15.722827911376951,-17,-4,-10,-20,-9,-16,-26,-11,-21,-19,-1,-11,-16,-27,sil
15.722827911376951,-10,0,0,-17,-14,-15,-26,-10,-25,-26,0,-9,-13,-26,sil
15.738264083862305,-5,-2,-2,-5,0,-13,-10,0,-12,-11,8,-1,-8,-14,sil
15.738264083862305,-11,-4,0,8,8,-4,0,6,-7,-2,7,-2,-9,-8,sil
15.754061698913574,-14,0,7,12,3,5,2,2,-6,0,5,-8,-2,-8,sil
15.754061698913574,-8,0,5,7,1,6,8,-1,-3,0,7,-6,-1,0,sil
15.769737005233765,1,0,6,15,8,12,15,1,-2,-1,3,2,-7,6,sil
15.769737005233765,9,8,6,32,12,20,18,0,0,3,1,9,3,3,sil
15.785846948623655,4,17,11,31,5,15,9,-4,0,0,0,5,11,0,sil
15.785846948623655,-4,9,5,16,-5,4,-6,0,-13,-12,-6,-3,-1,-1,sil
15.800922870635986,-3,0,0,18,-5,2,-10,0,-15,-5,-15,-4,-13,-2,sil
15.800922870635986,7,3,15,28,3,10,4,1,0,6,-10,6,-6,11,sil
15.816649913787842,16,4,15,16,5,12,20,4,10,9,3,8,4,21,sil
15.816649913787842,15,0,1,-3,3,5,18,7,1,7,10,4,9,13,sil
15.83268904685974,8,3,0,0,1,0,8,4,0,3,5,9,5,9,sil
15.83268904685974,12,3,8,9,-2,-9,2,-2,9,1,0,10,0,14,sil
15.84784460067749,22,1,11,1,2,-10,0,-2,13,5,2,11,4,11,sil
15.84784460067749,12,0,-3,-4,3,-5,-4,0,5,4,2,9,12,3,sil
15.863479614257812,-6,-10,-14,-7,-19,-16,-13,1,-2,-1,-1,0,0,-1,goodbye
15.863479614257812,-13,-14,-16,-22,-18,-18,-11,-1,0,-1,-5,-12,-15,-8,goodbye
15.87906265258789,-9,-3,-21,-26,8,-2,0,-2,5,2,-6,-15,-6,-11,goodbye
15.87906265258789,-16,-1,-14,-16,1,4,-1,0,6,1,-15,-13,0,-8,goodbye
15.894590616226196,-25,-9,-16,-14,-13,2,-5,0,14,7,-18,-18,-3,-2,goodbye
15.894590616226196,-15,-5,-16,-23,5,5,0,2,21,18,-6,-17,3,0,goodbye
15.909635066986084,-5,-3,-12,-24,10,2,0,5,11,18,-2,-15,9,-3,goodbye
15.909635066986084,-12,-12,-18,-23,-9,-4,-11,-7,-7,0,-7,-21,-1,-14,goodbye
15.925656080245972,-16,-15,-12,-27,-8,-1,-13,-10,-23,-18,-6,-17,-8,-15,goodbye
15.925656080245972,-7,-7,-4,-19,4,4,-1,0,-23,-14,-7,-9,-5,-12,goodbye
15.940791845321655,-2,-1,-2,-9,4,5,2,0,-8,-4,-12,-11,-4,-11,goodbye
15.940791845321655,-1,-7,0,-12,0,4,1,0,0,-5,-5,-12,-4,-6,goodbye
15.95633101463318,5,-11,1,-8,0,0,7,7,-2,-6,3,3,-1,1,goodbye
15.95633101463318,16,4,18,13,4,-1,9,5,9,-3,10,25,3,7,goodbye
15.971893548965454,14,17,29,19,8,6,12,0,27,1,17,26,8,13,goodbye
15.971893548965454,11,13,22,12,5,4,13,0,16,-2,17,20,2,16,goodbye
15.987690925598145,17,16,24,25,-1,-5,-3,-3,-6,-18,16,33,0,12,goodbye
15.987690925598145,17,18,23,40,-3,-11,-20,-8,-12,-17,23,38,7,6,goodbye
16.00270104408264,11,14,21,32,1,-11,-14,-2,-9,-3,23,30,2,4,goodbye
16.00270104408264,12,17,17,26,0,-4,-6,2,-8,-1,16,19,-1,0,goodbye
16.018768787384033,7,19,12,33,-2,0,-9,1,-14,-6,12,11,4,-11,goodbye
16.018768787384033,-3,15,7,35,-2,-2,-13,0,-25,-2,10,4,0,-12,goodbye
16.03482985496521,-6,8,-3,24,-2,0,-1,-2,-20,1,4,-7,-4,-5,goodbye
16.03482985496521,-3,0,0,16,3,16,17,0,-2,8,-3,-16,3,0,goodbye
16.049980878829956,-2,-4,-4,16,8,21,19,2,2,18,-13,-22,2,6,goodbye
16.049980878829956,-9,-13,-20,2,-3,9,9,1,-1,14,-29,-33,-14,6,goodbye
16.07255744934082,-17,-21,-26,-21,-7,5,15,1,9,17,-33,-30,-10,2,goodbye
16.07255744934082,-6,-19,-19,-31,4,5,22,6,29,32,-8,-4,18,13,goodbye
16.07255744934082,4,-20,-10,-35,0,-6,0,5,26,17,1,6,21,15,goodbye
16.081595420837402,1,-21,-14,-40,-11,-15,-15,-3,7,-14,-10,-1,0,-1,goodbye
16.096994400024414,1,-7,-14,-37,0,-14,-9,-5,0,-11,1,6,0,-3,goodbye
16.096994400024414,0,1,-5,-31,1,-16,-12,0,1,0,22,16,13,1,goodbye
16.11256766319275,-9,0,-12,-19,-5,-15,-24,-3,-6,-12,2,-4,2,-9,goodbye
16.11256766319275,-4,8,1,-4,9,5,-11,-3,-14,-16,-15,-14,-12,-12,goodbye
16.12784719467163,0,17,14,0,18,24,17,6,0,-2,-12,-11,-14,-4,goodbye
16.12784719467163,-15,-2,-6,-2,-5,13,24,6,12,-2,-22,-28,-18,-9,goodbye
16.1439151763916,-21,-15,-10,1,-14,2,12,3,3,-4,-30,-28,-18,-8,goodbye
16.1439151763916,-1,-5,-1,10,1,11,12,3,0,11,-10,-16,-5,3,goodbye
16.1594877243042,2,-9,-1,-1,0,8,13,0,8,17,-2,-17,-2,3,goodbye
16.1594877243042,-7,-16,-2,-9,-8,-1,1,-3,12,9,-3,-3,-2,-1,goodbye
16.17502236366272,2,-1,4,8,5,-10,-9,0,15,9,18,29,20,8,goodbye
16.17502236366272,25,11,15,6,4,-18,-14,5,13,7,44,47,37,23,goodbye
16.19084644317627,19,6,6,-13,-12,-21,-17,0,-4,-8,31,35,6,7,goodbye
16.19084644317627,0,6,2,0,-9,-16,-17,-8,-24,-29,2,13,-34,-18,goodbye
16.20592474937439,6,20,19,34,7,-4,-10,0,-21,-22,5,7,-20,-13,goodbye
16.20592474937439,17,23,23,37,9,3,-5,2,-7,-1,18,15,14,4,goodbye
16.222007274627686,4,14,15,18,3,1,-11,-4,-11,-6,8,14,11,0,goodbye
16.222007274627686,-9,9,0,7,0,0,-14,-10,-18,-14,0,-3,0,-9,goodbye
16.237552404403687,-9,7,-6,5,-1,5,-6,-9,-12,-5,-3,-16,-3,-10,goodbye
16.237552404403687,-3,8,5,12,3,14,6,0,-3,1,-8,-7,-8,-6,goodbye
16.2529935836792,4,11,10,10,9,15,17,6,0,10,0,4,0,0,goodbye
16.2529935836792,1,0,5,-9,0,7,17,1,0,11,0,3,-1,2,goodbye
16.269713640213013,-9,-20,-7,-21,-6,1,9,0,1,0,-16,-5,-10,0,goodbye
16.269713640213013,-9,-18,-9,-13,0,5,8,4,9,6,-17,-11,1,4,goodbye
16.285900592803955,4,-3,4,0,3,8,11,6,14,25,0,-5,19,15,goodbye
16.299396991729736,14,1,3,10,0,0,10,2,6,13,6,2,22,20,goodbye
16.299396991729736,3,-7,-12,2,-3,-5,3,0,-4,-7,-5,0,12,12,goodbye
16.299396991729736,-15,-28,-34,-30,-10,-6,-5,-9,-12,-15,-23,-24,-9,-11,goodbye
16.316083431243896,-18,-30,-30,-39,-12,-10,-8,-8,-9,-21,-28,-36,-23,-24,goodbye
16.316083431243896,-5,-2,-3,-6,0,-6,2,6,10,-12,-13,-8,-9,-3,goodbye
16.330674171447754,4,8,0,16,13,0,7,8,28,13,6,5,9,8,goodbye
16.330674171447754,6,2,0,4,15,2,0,2,21,20,16,0,9,-2,goodbye
16.345998287200928,7,8,8,0,8,0,1,4,12,15,18,7,9,0,goodbye
16.3616042137146,12,13,6,15,1,-6,1,0,9,15,25,26,18,12,goodbye
16.3616042137146,3,3,6,12,-2,-8,-14,-4,-3,1,16,18,7,6,goodbye
16.37687349319458,-12,-3,2,-2,-8,-3,-14,0,-7,-9,0,0,-10,-4,goodbye
16.37687349319458,-7,6,7,0,-11,0,0,3,3,3,1,7,-4,-7,goodbye
16.392893314361572,2,13,11,10,-7,9,-1,0,0,2,3,7,0,-6,goodbye
16.392893314361572,-5,0,-3,5,-5,10,-14,0,-13,-19,-13,-14,-22,-5,goodbye
16.40803289413452,-5,-8,-5,-4,-1,4,-3,2,-14,-21,-18,-15,-27,-3,goodbye
16.40803289413452,7,0,1,-5,8,7,14,-3,-10,-5,-2,0,-8,0,goodbye
16.42361807823181,6,1,2,0,7,8,16,-9,-10,1,3,3,-5,3,goodbye
16.42361807823181,0,3,3,6,0,-2,7,1,-5,4,1,5,-2,4,goodbye
16.439719676971436,7,9,12,9,4,-10,-2,8,-3,4,4,15,15,9,goodbye
16.439719676971436,13,9,17,9,-1,-10,-6,-2,-1,6,11,19,20,17,goodbye
16.45478081703186,6,0,1,1,-16,-10,0,-6,2,7,8,9,10,11,goodbye
16.45478081703186,-2,-11,-8,-17,-8,-4,-2,0,-1,-3,-5,-4,-1,-7,goodbye
16.47032642364502,-5,-8,-8,-20,5,6,-11,-1,-2,-1,-8,-10,-5,-12,goodbye
16.47032642364502,-4,0,-10,-8,2,3,-6,-3,8,12,-1,-10,1,1,goodbye
16.48596215248108,-15,-4,-13,-14,-6,-6,-6,-2,0,-4,-8,-16,0,-2,goodbye
16.48596215248108,-23,-14,-26,-21,-6,-11,-10,-4,-10,-19,-14,-23,-10,-19,goodbye
16.501803874969482,-11,-8,-13,-16,2,-5,-1,0,0,-4,-2,-11,-5,-14,goodbye
16.501803874969482,-3,1,6,-9,9,9,3,3,11,-2,1,-1,-2,-6,goodbye
16.51764965057373,-6,5,0,4,8,14,0,-3,7,-11,0,-7,-8,-8,goodbye
16.51764965057373,3,12,8,23,11,3,2,-2,6,3,6,0,0,0,goodbye
16.53318738937378,15,14,20,19,7,-5,8,4,8,17,7,6,9,9,goodbye
16.53318738937378,4,0,7,0,-8,-4,4,2,-3,-4,-4,-4,-3,2,goodbye
16.549314498901367,-1,-7,-4,-1,-9,0,3,2,-10,-22,-10,-7,-9,-1,goodbye
16.549314498901367,17,0,2,14,3,2,8,4,5,-4,0,12,11,8,goodbye
16.565192699432373,32,8,26,22,4,5,9,6,16,19,12,28,28,18,goodbye
16.565192699432373,21,8,22,18,0,8,14,9,11,20,13,18,19,11,goodbye
16.580632209777832,3,1,-4,7,1,5,11,5,0,5,1,1,0,0,goodbye
16.580632209777832,0,1,-3,0,5,6,5,0,-4,6,0,2,1,0,goodbye
16.59582543373108,4,6,9,6,11,11,8,0,-2,17,8,11,14,2,goodbye
16.59582543373108,0,2,7,11,3,2,0,-6,-7,4,2,12,0,0,goodbye
16.61156463623047,-10,-11,-8,0,-16,-14,-20,-12,-22,-19,-8,-1,-19,-2,goodbye
16.61156463623047,-11,-15,-11,-12,-19,-17,-18,-8,-21,-15,-7,-9,-7,3,goodbye
16.627654552459717,-8,-6,-2,-12,-5,-3,-6,0,-8,-4,-5,-1,2,6,goodbye
16.627654552459717,-15,-8,-13,-10,-3,0,-11,-3,-6,-5,-10,-3,-9,-4,goodbye
16.64280652999878,-21,-14,-17,-14,-2,-5,-17,0,-1,-3,-6,-14,-13,-12,goodbye
16.64280652999878,-8,-2,-3,-5,8,0,-5,4,9,6,8,-10,1,0,goodbye
16.658151626586914,3,10,2,9,10,2,3,-1,12,10,19,1,4,7,goodbye
16.658151626586914,-4,7,-5,2,0,-3,1,0,15,8,11,0,-5,-1,goodbye
16.6735622882843,-16,-3,-16,-16,-2,0,4,8,24,4,-5,-8,-8,-6,goodbye
16.6735622882843,-9,-1,-10,-15,2,8,12,3,13,-10,-15,-10,-13,-5,goodbye
16.689622402191162,-3,5,-5,-1,1,6,8,-7,-4,-18,-15,-7,-18,-12,goodbye
16.689622402191162,-10,-3,-16,-7,-5,0,0,-2,-7,-7,-13,-13,-13,-16,goodbye
16.705925941467285,-6,-8,-6,-17,-9,1,-4,10,0,1,-4,-9,-2,-4,sil
16.705925941467285,11,5,9,4,-1,3,0,5,2,0,8,8,5,7,sil
16.720920085906982,22,16,21,27,2,-6,0,-4,-1,0,4,19,10,9,sil
16.720920085906982,21,10,24,22,1,-10,-1,-3,-6,3,3,14,12,9,sil
16.73709774017334,22,5,17,11,0,-5,2,0,-2,6,15,3,15,9,sil
16.73709774017334,16,3,11,1,0,-4,2,0,-6,0,9,0,10,3,sil
16.752673149108887,3,-2,0,-3,3,-1,0,0,-17,-3,-2,-1,2,0,sil
16.752673149108887,1,0,0,4,10,10,9,3,-9,10,5,3,7,6,sil
16.767940282821655,6,10,7,14,12,19,27,7,17,27,8,5,15,10,sil
16.767940282821655,0,1,0,4,0,8,14,0,17,14,-6,-5,4,0,sil
16.784048080444336,-15,-17,-8,-19,-8,-2,-13,-7,-11,-12,-11,-11,-11,-11,sil
16.784048080444336,-16,-15,-10,-27,-5,0,-12,-7,-13,-9,-3,-4,-3,-7,sil
16.7998948097229,-9,-7,-4,-15,-7,-3,-5,-2,4,-1,-4,4,6,0,sil
16.7998948097229,-8,-10,-1,-7,-12,-11,-14,0,2,-10,-10,0,-4,-6,sil
16.816208839416504,-8,-10,-7,-12,-2,-5,-11,-1,-1,-7,-2,-5,-8,-7,sil
16.816208839416504,1,-2,1,-9,4,0,-1,-2,0,-1,3,3,0,1,sil
16.83205556869507,11,2,6,6,0,-9,-7,0,2,-10,0,13,1,6,sil
16.83205556869507,10,9,1,13,0,-10,-8,0,2,-13,1,12,3,5,sil
16.847200870513916,13,18,8,8,2,7,3,5,3,1,13,16,13,7,sil
16.847200870513916,20,15,7,10,7,9,10,1,3,4,8,14,6,8,sil
16.86236333847046,9,3,3,15,7,-5,3,-4,0,-9,-7,1,-13,3,sil
16.86236333847046,1,1,0,21,3,-1,4,-1,2,-8,0,0,-6,0,sil
16.87800359725952,4,12,2,20,12,10,10,5,8,15,21,6,14,6,sil
16.87800359725952,0,14,4,8,18,5,0,6,0,20,19,0,7,3,sil
16.893605947494507,-8,0,-3,7,2,-1,-11,-1,-12,1,5,-14,-12,-11,sil
16.893605947494507,-11,-3,-2,9,-9,3,-9,0,-9,-4,-1,-16,-19,-15,sil
16.90882706642151,-24,0,-9,0,-8,4,-4,4,-3,5,-11,-17,-25,-19,sil
16.90882706642151,-32,-6,-18,-8,-6,1,0,1,-7,5,-17,-22,-29,-23,sil
16.92492127418518,-23,-19,-10,-14,-6,6,13,0,-3,4,-22,-24,-16,-12,sil
16.92492127418518,-12,-23,-12,-24,-14,0,7,-1,1,4,-24,-21,-4,-1,sil
16.940643072128296,-8,-14,-8,-21,-17,-9,-11,-6,-4,-3,-11,-4,-3,0,sil
16.940643072128296,-7,-1,-2,-7,-2,3,0,-3,0,0,-2,3,4,8,sil
16.956831216812134,-7,0,-2,-7,0,4,16,2,12,8,-8,-3,14,13,sil
16.956831216812134,1,-4,5,-8,-6,-9,2,4,5,5,0,4,20,10,sil
16.97279167175293,14,-6,7,-1,-2,-11,-5,0,6,0,18,16,26,9,sil
16.97279167175293,13,-5,2,-4,2,-6,1,0,15,-3,10,10,17,6,sil
16.98803210258484,16,0,5,-12,0,-4,3,2,12,-4,8,11,15,5,sil
16.98803210258484,28,2,6,-12,0,-6,-1,0,8,1,21,19,24,9,sil
17.004091024398804,26,9,7,-8,1,-12,-7,0,1,-1,13,22,10,6,sil
17.004091024398804,23,28,7,11,11,-3,-7,0,-11,-15,1,18,-5,0,sil
17.02013659477234,22,33,15,31,20,14,0,-2,-19,-24,3,5,-8,-2,sil
17.02013659477234,5,15,13,29,14,16,1,-3,-19,-18,0,-4,-15,-2,sil
17.03614115715027,-7,5,5,24,9,14,6,0,-10,0,0,-5,-15,0,sil
17.03614115715027,-6,6,3,20,12,22,20,0,4,18,-2,-9,-2,2,sil
17.051628589630127,-11,-6,-10,3,4,19,23,-5,8,17,-20,-27,-5,3,sil
17.051628589630127,-12,-23,-11,-12,-5,5,10,-2,1,11,-22,-21,-8,3,sil
17.067563772201538,-3,-18,-2,-10,-6,0,-2,5,3,19,-2,-1,6,4,sil
17.067563772201538,-9,-14,-14,-12,-5,-8,-15,0,-1,13,1,0,11,1,sil
17.082589149475098,-18,-19,-17,-25,-6,-15,-21,-3,-11,-10,-9,-2,-3,-6,sil
17.082589149475098,-13,-15,-13,-26,-11,-19,-19,-1,-10,-24,-12,0,-13,-16,sil
17.09814143180847,-10,-5,-5,-21,-17,-28,-25,-3,-9,-25,-3,1,-15,-24,sil
17.09814143180847,-3,5,8,-11,-5,-25,-23,1,-6,-14,10,6,-6,-16,sil
17.114052295684814,1,13,5,4,3,-10,-7,3,-1,-5,13,11,0,-6,sil
17.114052295684814,-2,13,5,11,-3,0,1,2,0,-8,7,7,-11,-7,sil
17.129966974258423,3,13,11,21,2,8,12,5,15,7,21,9,-2,0,sil
17.129966974258423,9,12,9,32,14,12,18,2,22,25,21,9,13,10,sil
17.145036458969116,0,6,4,23,-2,12,13,2,1,9,-7,-5,0,9,sil
17.145036458969116,1,0,1,16,-12,18,17,9,-2,6,-11,-9,-2,14,sil
17.16113829612732,10,-3,3,12,0,13,19,5,14,23,5,5,14,21,sil
17.16113829612732,3,-11,-1,-3,0,-1,8,-5,15,9,3,10,17,13,sil
17.176800966262817,6,-7,1,-11,-9,-8,0,-3,6,-11,1,10,9,0,sil
17.176800966262817,19,13,15,0,0,-5,-11,-3,0,-12,21,27,13,-3,sil
17.192002534866333,19,24,17,13,14,-4,-14,-14,-14,-7,34,25,17,1,sil
17.192002534866333,13,15,18,24,19,10,4,-2,-11,2,22,5,13,9,sil
17.207554578781128,-4,-5,1,20,15,25,22,14,14,25,0,-12,3,4,sil
17.207554578781128,-28,-19,-22,-4,0,13,11,5,14,20,-31,-28,-13,-10,sil
17.223293781280518,-21,-13,-19,-21,-16,0,-5,-7,-7,-5,-45,-34,-17,-11,sil
17.223293781280518,1,-5,-14,-22,-10,-5,-13,-4,-4,-6,-27,-17,2,0,sil
17.238946437835693,1,-3,-14,-29,2,-17,-19,1,2,-7,-13,-6,7,0,sil
17.238946437835693,-10,-5,-25,-39,-6,-21,-24,-4,-14,-31,-15,-18,-11,-15,sil
17.25416588783264,-12,-12,-30,-43,-17,-11,-26,-11,-36,-38,-14,-23,-21,-28,sil
17.25416588783264,-8,-3,-7,-24,4,2,-10,0,-36,-25,-13,-16,-18,-20,sil
17.27008581161499,-11,9,-4,6,23,13,17,7,-14,-6,-15,-21,-15,0,sil
17.285996913909912,-14,0,-13,4,8,12,24,2,1,9,-19,-25,-14,8,sil
17.285996913909912,-6,-14,-4,-14,0,8,11,1,-2,17,-19,-11,-9,5,sil
17.285996913909912,0,-9,1,-5,4,7,11,1,0,17,-6,1,-4,5,sil
17.301656246185303,-3,0,5,12,4,4,18,0,19,18,-1,2,-5,4,sil
17.301656246185303,-4,-5,8,15,2,0,8,-2,25,15,4,7,-3,0,sil
17.31708574295044,12,-8,18,12,3,-4,1,2,18,11,29,32,8,12,sil
17.31708574295044,25,4,31,17,0,-1,11,5,24,16,45,48,25,28,sil
17.333744287490845,19,12,26,16,-9,-4,5,1,26,16,37,34,23,12,sil
17.333744287490845,11,4,20,6,-14,-16,-11,2,11,2,33,31,12,-5,sil
17.349156856536865,18,7,19,12,-12,-24,-11,1,5,-6,33,35,12,0,sil
17.3641574382782,20,16,21,18,-12,-24,-13,-3,1,-14,22,24,5,1,sil
17.3641574382782,9,7,9,1,-14,-11,-23,-4,-16,-23,11,13,-9,-8,sil
17.3641574382782,2,1,-2,-3,-4,0,-19,-1,-24,-19,9,9,-9,-7,sil
17.379290103912354,3,14,6,15,9,-1,-9,1,-14,-15,4,0,-6,-4,sil
17.379290103912354,5,26,6,29,11,6,0,3,-4,-9,0,-5,-4,0,sil
17.39590811729431,6,20,1,23,9,16,8,2,0,5,0,0,5,9,sil
17.39590811729431,-6,5,-3,8,3,8,-1,-1,-3,2,-13,-12,-1,0,sil
17.411121606826782,-21,0,-18,1,3,1,-5,-8,-15,-18,-35,-39,-18,-17,sil
17.411121606826782,-16,-2,-17,-1,9,13,7,-2,-14,-13,-29,-29,-6,-8,sil
17.425687551498413,-13,-15,-14,-14,4,22,10,2,0,10,-10,-10,12,4,sil
17.4408597946167,-17,-15,-14,-15,0,19,9,-1,6,17,-17,-22,8,0,sil
17.4408597946167,-10,-4,-9,1,6,14,16,-1,3,14,-28,-27,6,-4,sil
17.456958293914795,-8,-12,-23,-7,2,10,14,1,6,19,-12,-15,21,0,sil
17.456958293914795,-12,-19,-23,-30,-4,12,6,5,17,23,2,-8,31,14,sil
17.4730281829834,-5,-5,-6,-13,5,9,8,4,11,21,-3,-8,25,10,sil
17.4730281829834,-2,-5,-3,0,6,-6,3,-5,-3,6,-21,-6,8,-12,sil
17.488852739334106,-7,-23,-8,-23,-11,-9,-6,-8,-5,-6,-20,-5,1,-15,sil
17.488852739334106,-2,-27,-12,-30,-13,-5,-10,-2,-6,-11,-11,-7,0,-3,sil
17.488852739334106,6,-8,0,-8,0,-14,-15,1,-13,-14,-5,4,-2,0,sil
17.50394105911255,11,5,11,1,2,-18,-9,3,3,-5,12,23,5,9,sil
17.519594430923462,12,0,8,-2,-4,-14,2,3,19,4,26,23,3,16,sil
17.519594430923462,10,-4,7,-5,-7,-13,1,4,8,0,19,15,-17,3,sil
17.5356662273407,17,9,7,-2,-6,-10,-1,9,11,5,24,24,-23,8,sil
17.5356662273407,21,21,15,2,-6,-10,0,7,19,15,32,28,-32,9,sil
17.55177116394043,11,19,11,4,-5,-17,-9,-5,-3,-3,18,9,-61,-12,sil
17.55177116394043,2,17,1,2,-2,-15,-12,-13,-25,-25,11,0,-86,-15,sil
17.55177116394043,-1,15,10,3,0,-1,-2,-5,-20,-25,10,3,-96,0,sil
17.566964149475098,-8,11,10,5,5,1,0,-3,-17,-25,-2,-4,-61,-6,sil
17.582570552825928,-12,7,5,8,7,-2,-7,-3,-24,-28,-11,-17,22,-13,sil
17.582570552825928,-14,2,4,14,8,7,-3,0,-12,-16,-5,-12,78,-9,sil
17.598684787750244,-15,-5,2,14,7,17,2,0,3,-1,-9,-10,63,-9,sil
17.598684787750244,-8,-6,12,8,1,11,0,2,1,5,-20,-10,43,-5,sil
17.61378026008606,3,-2,7,9,-2,8,4,6,0,11,-13,-4,45,3,sil
17.61378026008606,7,0,-1,14,-2,17,14,6,14,17,-2,4,39,9,sil
17.629850149154663,7,4,0,16,1,24,16,4,19,18,0,4,31,10,sil
17.629850149154663,10,4,0,15,9,19,20,0,14,17,4,5,28,9,sil
17.645843029022217,6,-2,-3,5,6,11,16,-3,10,14,2,6,12,6,sil
17.645843029022217,-3,-7,-16,-2,-1,1,3,-4,12,11,-5,-3,1,2,sil
17.660743951797485,-7,-8,-17,0,4,-2,-3,0,16,13,-6,-8,1,4,sil
17.660743951797485,0,-4,-5,2,9,3,-2,4,14,16,2,-2,3,7,sil
17.676982402801514,5,1,0,1,2,0,-3,0,0,12,9,0,6,5,sil
17.6773202419281,4,1,2,-2,1,-6,-6,0,-8,5,6,2,3,5,sil
17.692938327789307,0,-9,-6,-10,0,0,-1,3,0,3,2,2,-1,7,sil
17.692938327789307,-2,-16,-13,-17,-12,-3,0,0,3,-2,-3,0,-8,2,sil
17.708576440811157,-3,-8,-5,-15,-15,-20,-9,0,-10,-13,-10,-2,-17,-1,sil
17.708576440811157,-6,-6,-8,-19,-10,-22,-17,0,-16,-16,-5,-5,-20,-6,sil
17.72467279434204,-7,-12,-6,-31,-17,-16,-15,-2,-8,-15,0,0,-20,-11,sil
17.72467279434204,-2,-1,-1,-17,-12,-13,-3,-10,-6,-4,0,11,-18,-3,sil
17.739985942840576,5,15,8,9,6,-4,7,-5,-13,0,4,14,-14,-1,sil
17.739985942840576,6,13,11,4,9,4,11,1,-10,-9,4,7,-11,-9,sil
17.756197214126587,-2,1,-4,-12,1,3,4,-1,-1,-21,-3,-5,-17,-11,sil
17.756197214126587,-6,0,0,-2,7,1,-4,0,-7,-20,-9,-7,-24,-11,sil
17.77176570892334,2,8,12,18,14,5,-3,2,-6,-1,0,-1,-13,-11,sil
17.77176570892334,5,11,5,13,5,0,-3,-1,9,11,9,1,0,0,sil
17.786974906921387,0,7,0,-3,-5,0,-9,-1,4,-1,5,-1,0,6,goodbye
17.786974906921387,-3,0,-4,-5,-10,4,-4,1,-10,-8,0,-6,-5,0,goodbye
17.80299139022827,-2,0,3,3,-7,3,4,2,-6,1,0,-9,-1,-3,goodbye
17.80299139022827,-2,3,8,15,-1,-3,4,1,1,0,4,-4,8,0,goodbye
17.818620681762695,1,2,3,21,-4,-3,0,0,1,-2,6,4,18,10,goodbye
17.818620681762695,4,-1,0,10,-7,0,0,0,3,13,2,8,20,14,goodbye
17.833711624145508,0,-5,-7,-2,2,1,3,2,7,17,-7,-2,10,1,goodbye
17.833711624145508,0,-4,-2,1,11,4,11,4,11,5,-9,-13,5,-3,goodbye
17.84932541847229,3,3,5,9,8,7,19,6,18,7,1,-6,12,3,goodbye
17.84932541847229,0,2,-3,-2,4,3,15,0,11,9,-2,1,9,3,goodbye
17.86458706855774,-5,-8,-3,-16,1,5,3,-3,0,1,-16,0,1,3,goodbye
17.86458706855774,-1,-12,-3,-12,-6,2,-4,0,1,0,-3,-7,8,5,goodbye
17.880700826644897,0,-4,-1,-9,-6,-11,-9,0,3,-2,6,0,12,0,goodbye
17.880700826644897,-1,4,3,-4,6,-3,-7,-4,1,0,6,14,8,-4,goodbye
17.896965265274048,-5,1,2,-1,5,7,-9,-4,0,2,10,9,4,-2,goodbye
17.896965265274048,0,-2,2,-3,-1,2,-10,2,2,0,8,1,2,-1,goodbye
17.912978410720825,10,5,3,3,7,9,4,9,17,11,5,9,5,1,goodbye
17.912978410720825,12,7,8,15,16,16,6,6,16,18,12,15,2,6,goodbye
17.928725481033325,5,-1,4,10,7,-1,-7,0,-3,0,7,6,-8,5,goodbye
17.928725481033325,5,2,-7,9,0,-8,-3,-3,-7,-11,-6,1,-13,0,goodbye
17.943888425827026,4,9,3,11,-1,6,9,-2,-13,-6,-4,3,-17,-4,goodbye
17.943888425827026,0,-3,5,0,-3,3,6,-8,-30,-14,0,0,-19,-7,goodbye
17.959978580474854,2,-11,0,-5,0,-9,0,-9,-24,-16,-6,1,-11,-1,goodbye
17.959978580474854,10,3,4,8,1,-5,1,0,-3,0,-2,8,-5,4,goodbye
17.976258993148804,0,6,-3,6,-5,-6,5,-1,0,2,4,-3,-7,-3,goodbye
17.976258993148804,-14,-2,-15,-11,-13,-14,-2,0,-2,-3,-4,-15,-6,-13,goodbye
17.991918325424194,-15,-7,-11,-10,-17,-6,-14,3,-5,0,-18,-12,-7,-11,goodbye
17.991918325424194,-8,-6,0,-2,-20,-2,-13,1,-12,-6,-19,-13,-10,-5,goodbye
18.00695776939392,-10,1,0,-1,-9,0,-3,0,-11,-15,-6,-16,0,0,goodbye
18.00695776939392,-9,5,-10,-3,4,6,3,-1,-2,-5,0,-13,12,4,goodbye
18.022873640060425,-13,-6,-12,-18,-2,-2,0,-3,-8,-9,-10,-17,0,-6,goodbye
18.022873640060425,-17,-7,-8,-22,-9,-14,-1,-1,-6,-17,-11,-17,-7,-10,goodbye
18.03801393508911,1,10,7,3,4,2,14,4,22,5,6,2,16,12,goodbye
18.03801393508911,14,14,14,12,11,20,23,11,33,19,10,16,24,23,goodbye
18.05366158485413,-2,-2,-11,-7,3,6,8,7,15,11,1,4,7,1,goodbye
18.05366158485413,-5,-9,-12,-9,2,-6,-5,2,17,17,8,7,11,0,goodbye
18.07376003265381,14,-4,6,10,7,0,0,7,31,27,21,24,27,22,goodbye
18.07476019859314,18,-5,12,8,7,1,-1,5,12,14,19,28,19,18,goodbye
18.07476019859314,8,-4,14,-1,8,0,-7,-2,-7,3,13,23,5,-1,goodbye
18.083927392959595,6,1,7,4,9,2,0,-4,9,12,14,12,1,-3,goodbye
18.099574327468872,11,5,8,5,5,-2,-2,0,24,15,14,5,0,0,goodbye
18.099574327468872,12,5,2,-6,-1,-13,-13,-7,0,0,4,0,-8,-6,goodbye
18.116267442703247,1,2,-6,-5,-3,-11,-15,-15,-37,-25,-15,-12,-32,-16,goodbye
18.116267442703247,-10,0,0,-1,-3,-1,-15,-8,-46,-37,-27,-22,-44,-26,goodbye
18.131362438201904,-7,0,3,-4,-7,-3,-13,-3,-32,-27,-21,-22,-29,-30,goodbye
18.131362438201904,1,8,7,6,0,-1,0,-3,-22,-13,-17,-17,-13,-16,goodbye
18.147019147872925,0,14,4,23,15,16,18,0,-12,0,-17,-15,-7,2,goodbye
18.147019147872925,-8,4,-7,19,12,23,18,4,0,2,-6,-16,-1,3,goodbye
18.16274094581604,-5,0,-1,11,-2,14,12,10,12,4,-1,-11,2,5,goodbye
18.16274094581604,-1,-2,-1,3,-3,13,24,9,27,24,-10,-5,10,22,goodbye
18.1777982711792,-13,-17,-16,-17,-1,12,31,7,28,29,-14,-6,8,23,goodbye
18.1777982711792,-10,-19,-19,-23,-10,3,17,4,25,8,-2,0,11,8,goodbye
18.193809270858765,7,-9,-12,-11,-15,-8,0,-1,19,-4,10,16,21,8,goodbye
18.193809270858765,10,-5,1,-11,-9,-15,-14,-2,0,-8,25,31,18,9,goodbye
18.20978307723999,6,0,7,-5,-2,-15,-20,0,-2,0,43,38,26,5,goodbye
18.20978307723999,7,11,11,7,-3,-13,-20,-3,7,6,42,37,38,7,goodbye
18.224842071533203,5,14,17,13,-4,-12,-21,-3,0,0,30,27,23,8,goodbye
18.224842071533203,10,18,19,17,6,-8,-12,3,-5,1,32,20,11,2,goodbye
18.24009656906128,9,19,15,12,12,-2,-4,0,-9,2,16,9,3,-12,goodbye
18.24009656906128,-3,8,0,3,0,-10,-18,-10,-32,-29,-17,-11,-23,-28,goodbye
18.25610947608948,-4,6,7,18,-2,-17,-31,-9,-42,-41,-14,-12,-36,-22,goodbye
18.25610947608948,0,11,16,28,7,0,-7,0,-22,-7,-3,-7,-19,-4,goodbye
18.271689891815186,-8,-7,-7,7,0,18,22,0,-2,9,-28,-26,-16,-1,goodbye
18.271689891815186,-9,-25,-14,-4,-5,21,28,1,9,3,-39,-30,-25,-1,goodbye
18.28757309913636,-3,-14,-11,-3,8,19,26,5,14,10,-26,-18,-17,7,goodbye
18.28757309913636,-8,-13,-16,-17,6,5,17,4,6,9,-30,-16,-8,7,goodbye
18.303706407547,-8,-21,-14,-30,-9,-6,0,0,4,-3,-30,-16,-9,-3,goodbye
18.303706407547,4,-7,-17,-24,-6,-5,-8,-5,12,-6,-9,-10,-3,-10,goodbye
18.31982517242432,11,6,-11,-25,0,-9,-10,-1,4,1,4,0,8,-2,goodbye
18.31982517242432,2,5,-5,-27,-2,-14,-10,-1,0,4,9,5,10,3,goodbye
18.335866451263428,-6,4,-6,-15,4,-7,-9,-5,0,-2,2,-11,-3,-7,goodbye
18.335866451263428,-5,11,-6,-1,14,6,-1,2,-3,-1,-5,-24,-11,-14,goodbye
18.35167980194092,0,13,-1,10,13,18,18,9,-3,12,2,-16,-1,4,goodbye
18.35167980194092,-2,7,9,18,14,28,34,4,3,15,1,-7,1,18,goodbye
18.36688256263733,-15,-14,-5,7,10,28,29,0,5,11,-14,-18,-3,7,goodbye
18.36688256263733,-16,-32,-17,-12,-7,7,8,0,6,16,-14,-17,-2,0,goodbye
18.38277244567871,-2,-19,6,-9,-24,-8,0,4,17,15,0,8,7,8,goodbye
18.38277244567871,6,-6,13,12,-19,-4,1,5,33,11,12,27,22,17,goodbye
18.39886593818665,6,-9,6,6,-3,-1,-9,0,31,15,27,37,29,14,goodbye
18.39886593818665,9,0,13,-5,3,-7,-23,-4,6,3,36,42,28,2,goodbye
18.414368867874146,16,22,25,16,3,-4,-14,0,-11,-11,26,39,22,0,goodbye
18.414368867874146,19,29,33,30,0,-2,-3,2,-12,-3,28,41,15,7,goodbye
18.43009614944458,6,11,16,5,-5,-16,-8,-4,-16,-6,34,38,9,0,goodbye
18.43009614944458,-6,-4,-1,-13,-14,-30,-19,-6,-30,-31,7,13,-4,-19,goodbye
18.446263313293457,1,0,-2,-1,-13,-26,-22,-1,-28,-30,-8,-1,-10,-20,goodbye
18.446263313293457,16,17,6,12,-2,-16,-18,-4,-14,-18,3,0,-4,-8,goodbye
18.461923599243164,12,19,9,10,5,-6,-11,-3,-10,-27,4,-2,-1,-3,goodbye
18.461923599243164,5,6,-6,4,6,-1,0,0,-5,-22,-1,-12,-4,-3,goodbye
18.478017568588257,2,2,-8,4,5,0,8,3,4,0,0,-10,-9,1,goodbye
18.478017568588257,0,8,0,8,6,7,8,6,13,12,-1,-12,-14,4,goodbye
18.494091510772705,0,5,-5,13,7,7,1,1,6,15,-5,-24,-10,-1,goodbye
18.494091510772705,-1,3,-4,12,7,3,0,-4,-8,1,-17,-24,-15,-9,goodbye
18.50964736938477,-7,0,-10,5,6,15,13,-2,-8,-8,-37,-25,-28,-8,goodbye
18.50964736938477,-14,-6,-11,-1,5,27,20,3,1,4,-34,-24,-20,-5,goodbye
18.525866985321045,-11,-3,-2,0,11,27,17,1,7,22,-10,-12,0,0,goodbye
18.525866985321045,-1,1,1,4,16,18,15,-1,6,24,1,0,6,13,goodbye
18.541266918182373,-3,-7,0,-8,5,8,8,0,1,14,-4,2,0,18,goodbye
18.541266918182373,-10,-18,-12,-22,-9,3,1,0,-1,5,-10,-4,0,10,goodbye
18.55692219734192,-5,-17,-15,-18,-13,1,0,0,2,6,-11,-5,5,7,goodbye
18.55692219734192,-3,-9,-6,-6,-10,0,2,1,5,6,-4,-1,8,4,goodbye
18.571956872940063,-13,-8,-7,-9,-5,0,-3,-3,1,-2,0,-2,9,0,goodbye
18.571956872940063,-13,-12,-1,-15,-1,-1,-11,-2,-2,-6,-8,-7,4,0,goodbye
18.587953090667725,-1,-13,-3,-9,-2,0,-6,1,2,1,-9,-2,0,-1,goodbye
18.587953090667725,-8,-21,-18,-19,-12,-4,0,0,6,6,-4,-5,-13,-13,goodbye
18.603359699249268,-26,-27,-18,-37,-18,-14,-2,1,1,-5,-14,-17,-23,-24,goodbye
18.603359699249268,-16,-15,-4,-23,-13,-13,0,2,4,-15,-11,-9,-8,-16,goodbye
18.61927437782288,18,5,13,0,-1,-4,4,1,12,0,24,23,17,5,goodbye
18.61927437782288,35,13,13,5,6,-5,5,2,14,21,47,44,31,22,goodbye
18.63488364219665,26,10,11,5,0,-15,0,6,6,7,30,31,22,15,goodbye
18.63488364219665,14,13,19,10,-4,-15,-8,5,0,-11,6,8,0,-1,goodbye
18.65004062652588,10,21,11,20,7,-8,-8,0,-2,-4,7,1,0,-4,goodbye
18.65004062652588,15,20,9,16,18,0,-3,-4,-3,-3,21,18,14,3,goodbye
18.66589522361756,13,9,6,5,1,1,-7,-1,-9,-16,20,20,16,3,sil
18.66589522361756,3,12,2,17,-4,-4,-10,0,-9,-8,9,5,6,1,sil
18.681038856506348,0,27,15,37,11,0,-1,-3,-4,5,12,1,5,0,sil
18.681038856506348,0,19,10,26,11,0,0,-9,-7,-2,10,0,1,-5,sil
18.696741104125977,-3,5,0,5,0,-6,-13,-5,-13,-18,-5,-4,-11,-9,sil
18.696741104125977,1,9,9,6,1,-1,-12,3,-2,-9,-3,-1,-7,0,sil
18.71225214004517,3,4,9,1,6,10,2,3,8,7,3,0,5,9,sil
18.71225214004517,-2,-10,-6,-11,4,19,8,0,2,12,-6,-8,-1,7,sil
18.728047132492065,-3,-8,-12,-3,3,20,5,-1,-5,7,-12,-8,-9,0,sil
18.743558883666992,-3,0,2,1,0,12,2,-3,-11,-8,-16,-12,-14,-7,sil
18.743558883666992,-9,-1,-2,-10,1,7,4,0,-16,-20,-30,-23,-27,-11,sil
18.743558883666992,-10,-8,-15,-14,0,5,10,2,-5,-2,-25,-18,-23,-7,sil
18.75914978981018,-9,-12,-8,-6,-14,-3,9,5,14,17,-12,-1,-4,-2,sil
18.75914978981018,-18,-14,-16,-7,-14,-11,5,3,14,11,-17,-7,-5,-5,sil
18.774741172790527,-18,-15,-16,-13,3,-2,0,-1,-2,-3,-21,-16,-13,-7,sil
18.774741172790527,-1,-9,0,-1,3,8,1,-6,-8,-1,-6,-3,0,-4,sil
18.79020047187805,8,0,3,16,-3,3,5,-5,-1,5,7,7,8,4,sil
18.79020047187805,2,0,6,15,2,0,10,0,5,11,12,9,9,15,sil
18.80585527420044,0,-10,3,2,1,10,14,1,11,16,7,4,10,16,sil
18.821343183517456,2,-11,-2,-3,-7,3,0,0,12,9,-5,-1,1,4,sil
18.821343183517456,4,-4,-5,-3,-5,-11,-5,7,15,6,-5,-1,1,1,sil
18.837464094161987,2,-8,-8,-13,-5,-6,3,7,18,10,3,1,10,7,sil
18.837464094161987,-5,-16,-6,-25,-16,-3,-2,1,7,0,0,0,6,2,sil
18.837464094161987,-1,-6,-9,-15,-9,-13,-12,0,-2,-7,2,1,9,0,sil
18.85260319709778,15,7,0,-2,2,-15,-7,2,-2,0,23,10,20,5,sil
18.85260319709778,11,8,10,-7,0,-7,-12,1,0,-2,28,13,11,4,sil
18.86965322494507,-2,10,5,-4,2,1,-14,-2,2,-9,18,13,3,-3,sil
18.86965322494507,0,21,3,3,10,5,-8,-4,-2,-15,17,14,4,-7,sil
18.8841609954834,1,14,-1,-1,3,-6,-17,-7,-21,-26,14,3,-3,-14,sil
18.8841609954834,0,4,-1,0,0,-12,-21,-11,-33,-29,0,-8,-15,-13,sil
18.899903535842896,5,14,12,17,6,0,-1,0,-18,-16,-3,-1,-11,-3,sil
18.899903535842896,3,13,12,21,6,8,10,8,0,-1,2,1,-4,-2,sil
18.915010452270508,-7,1,9,12,8,13,10,3,3,3,-4,-12,-10,-6,sil
18.93163752555847,-9,3,4,15,14,18,17,-4,-8,5,-19,-20,-16,-7,sil
18.93163752555847,-3,3,0,16,9,10,23,-6,-11,14,-21,-15,-14,-4,sil
18.94583225250244,2,-5,1,2,6,11,27,5,10,28,-11,-1,0,13,sil
18.94583225250244,4,-8,0,-2,6,10,25,13,36,35,-1,12,19,28,sil
18.96097946166992,1,-5,3,-1,-4,-7,5,5,30,27,-4,12,14,17,sil
18.96097946166992,4,-5,0,-9,-16,-18,-12,-5,13,10,-14,0,3,4,sil
18.97690200805664,11,-5,-2,-16,-8,-9,-17,-4,11,0,-2,9,11,4,sil
18.97690200805664,8,1,6,-12,0,-5,-19,0,6,-2,18,26,16,0,sil
18.993009090423584,0,7,-1,-8,-9,-16,-20,-4,-9,-15,16,12,5,-13,sil
18.993009090423584,3,4,0,-8,-16,-21,-19,0,-17,-28,9,0,-1,-19,sil
19.008034706115723,5,2,7,-3,-1,-4,-10,1,-16,-16,12,0,-5,-11,sil
19.008034706115723,-8,0,-4,4,3,7,-2,-6,-21,-10,-1,-9,-14,-8,sil
19.02379012107849,-15,-3,-11,14,0,9,-3,-3,-25,-18,-14,-15,-17,-11,sil
19.02379012107849,-8,-3,-5,21,6,17,2,3,-15,-7,-5,-15,-10,-3,sil
19.039424180984497,-10,-2,-2,17,7,20,15,0,-9,5,-7,-18,-6,2,sil
19.039424180984497,-19,-7,-8,6,-2,7,18,0,0,4,-12,-15,-4,0,sil
19.05583024024964,-17,-21,-15,-7,-5,1,16,5,14,4,-11,-16,-7,1,sil
19.05583024024964,-8,-26,-13,-21,-9,6,15,6,18,5,-20,-15,-10,7,sil
19.071916341781616,-2,-14,-12,-13,-12,0,9,1,12,6,-16,-2,0,11,sil
19.071916341781616,3,0,1,-1,-2,-13,-1,0,7,5,1,6,2,12,sil
19.087178230285645,9,4,13,-5,6,-7,-4,4,8,2,8,6,-2,8,sil
19.087178230285645,13,7,8,-5,2,0,-1,2,18,9,10,12,13,11,sil
19.102824687957764,13,6,14,-6,-1,-7,0,0,21,14,18,26,32,19,sil
19.102824687957764,7,1,8,-9,0,-15,0,-3,8,5,17,20,22,10,sil
19.118103504180908,4,4,-4,-5,6,-9,-2,-1,-4,-10,8,9,0,-8,sil
19.118103504180908,7,11,-7,-7,6,1,-10,2,-5,-7,12,7,0,-12,sil
19.134114980697632,6,13,-5,-8,2,0,-9,1,-3,0,23,2,14,-7,sil
19.134114980697632,-1,19,4,15,8,2,-7,-3,-12,-6,10,-3,-1,-13,sil
19.14972257614136,-2,25,8,34,17,16,-7,-9,-22,-10,-11,-5,-23,-22,sil
19.14972257614136,10,18,12,22,11,15,-6,-4,-19,0,-4,1,-8,-8,sil
19.16473817825317,19,11,19,22,9,6,3,4,-7,7,8,8,7,10,sil
19.16473817825317,7,2,9,26,13,6,13,1,3,7,-5,-4,-4,7,sil
19.180243492126465,-13,-15,-2,5,1,4,12,0,6,8,-27,-24,-14,-1,sil
19.180243492126465,-16,-23,-15,-6,-19,0,6,4,13,11,-20,-14,0,8,sil
19.19594955444336,0,-16,-10,-9,-25,-5,0,1,18,6,0,7,11,20,sil
19.19594955444336,1,-15,0,-29,-19,-15,-14,-4,5,-11,2,5,5,8,sil
19.211647987365723,-8,-15,-10,-30,-6,-12,-21,-2,-7,-16,-3,-10,-1,-11,sil
19.211647987365723,-2,-3,-5,-12,3,-2,-12,5,-1,-2,1,1,0,-16,sil
19.22683167457581,1,0,-2,-14,0,-8,-5,3,4,-3,12,16,5,-12,sil
19.22683167457581,-9,-5,-7,-18,-4,-10,-3,-3,-9,-19,6,6,0,-13,sil
19.24225163459778,-15,1,2,0,4,0,5,0,-21,-19,-8,-11,-12,-16,sil
19.24225163459778,-12,4,3,9,3,0,11,-2,-19,-15,-16,-19,-22,-15,sil
19.2579185962677,-9,5,1,7,-3,0,7,-5,-16,-12,-9,-9,-12,-4,sil
19.2579185962677,2,18,9,22,4,17,16,0,-2,10,4,5,5,13,sil
19.273247718811035,12,12,6,26,7,17,25,4,15,27,0,1,3,20,sil
19.273247718811035,2,-12,-5,0,-9,3,14,2,16,18,-11,-8,-5,12,sil
19.28885173797608,-7,-22,-15,-15,-20,0,4,3,17,19,-3,1,4,14,sil
19.28885173797608,0,-13,-7,-12,-4,0,4,3,25,24,5,11,14,19,sil
19.304216623306274,15,-7,0,-5,7,-2,3,-2,17,12,0,7,13,13,sil
19.304216623306274,12,-6,-2,-1,0,-8,-7,-4,-3,-3,3,7,15,4,sil
19.3198344707489,1,-1,4,-3,-2,-14,-20,-2,-15,-11,12,11,9,0,sil
19.3198344707489,12,14,12,4,11,-9,-13,-3,-4,-2,23,14,6,3,sil
19.33575820922852,27,29,18,25,22,0,-2,0,10,10,38,19,17,11,sil
19.33575820922852,12,19,5,13,10,-2,-10,4,4,-7,13,6,3,-5,sil
19.35116505622864,-13,-2,-11,-20,-2,-9,-23,-6,-19,-38,-37,-23,-33,-34,sil
19.35116505622864,-6,2,3,-10,2,4,-13,-4,-19,-27,-28,-18,-33,-24,sil
19.36668181419373,3,17,7,11,9,17,2,4,0,-2,8,-1,-6,-6,sil
19.36668181419373,-15,5,-6,-1,1,4,-1,2,-2,-5,-3,-12,-9,-13,sil
19.381816864013672,-22,-3,-6,-2,0,2,-4,1,-13,-7,-19,-21,-11,-13,sil
19.381816864013672,-6,0,0,20,3,14,6,6,-2,8,0,-6,6,4,sil
19.39773178100586,-11,-2,-5,13,0,13,10,4,7,17,4,0,7,8,sil
19.39773178100586,-18,-14,-20,-2,0,10,9,0,2,11,-8,-11,-6,0,sil
19.41277885437012,-11,-21,-13,0,0,7,10,1,0,8,-10,-6,-10,0,sil
19.42846941947937,-10,-21,-2,-3,-14,-1,11,4,12,17,0,6,6,9,sil
19.42846941947937,5,-11,1,-14,-15,-8,8,1,18,19,20,16,29,20,sil
19.4294695854187,30,0,19,-8,-5,-10,0,0,6,-5,25,28,22,14,sil
19.445167779922485,24,4,16,-4,-12,-18,-14,-7,-6,-20,9,20,2,-6,sil
19.445167779922485,8,11,3,-9,-16,-18,-18,-11,-12,-10,0,3,-2,-12,sil
19.459178686141968,12,26,12,1,0,-3,-6,-6,-12,-4,3,-1,-5,-5,sil
19.47579336166382,5,19,8,14,8,6,2,-5,-9,-4,-3,-9,-16,-6,sil
19.47579336166382,-8,5,1,17,5,17,12,-2,0,9,-15,-15,-19,0,sil
19.47579336166382,-3,4,2,21,13,26,28,6,20,33,-5,0,0,18,sil
19.489941596984863,-3,-7,-5,1,12,7,23,11,31,34,-7,0,18,20,sil
19.50610375404358,-18,-37,-19,-37,-5,-18,-3,10,16,7,-29,-18,14,4,sil
19.50610375404358,-15,-41,-22,-42,-15,-24,-14,1,-1,-17,-18,-16,5,-5,sil
19.52296495437622,-1,-17,-5,-30,-14,-17,-7,-3,-10,-27,1,0,0,-12,sil
19.52296495437622,0,-3,0,-28,-8,-10,0,3,-15,-29,-5,0,-6,-14,sil
19.52296495437622,5,-2,4,-7,1,0,2,8,-12,-16,-2,0,-7,0,sil
19.536933422088623,13,9,12,24,8,9,0,0,-4,0,21,12,4,7,sil
19.55200791358948,10,19,3,35,11,2,-7,-8,-2,-1,27,17,10,0,sil
19.55200791358948,8,19,6,25,12,-2,-11,-2,-6,-5,28,24,10,0,sil
19.56764411926269,17,22,11,17,7,0,-10,-3,-2,6,36,30,13,7,sil
19.56764411926269,16,21,3,19,4,0,-15,-12,-1,2,19,19,3,0,sil
19.58277440071106,1,12,2,16,9,1,-22,-7,-6,-17,-7,0,-13,-7,sil
19.58277440071106,-12,4,-3,0,6,10,-9,0,-4,-7,-15,-10,-15,-7,sil
19.598896741867065,-14,0,-10,-6,-1,8,-1,-3,-6,6,-17,-15,-16,-11,sil
19.598896741867065,-6,1,-1,9,0,1,-6,-1,-14,-6,-18,-12,-17,-11,sil
19.614981651306152,0,6,5,18,3,6,3,5,-4,-2,-6,-3,-7,0,sil
19.614981651306152,0,0,5,1,0,7,22,10,19,28,3,-1,0,10,sil
19.63061141967773,-4,-13,-5,-11,0,0,25,6,25,29,3,-7,4,9,sil
19.63061141967773,-10,-16,-8,-12,-1,3,15,2,9,2,-4,-19,-1,0,sil
19.646836757659912,-16,-15,-11,-11,-8,6,13,3,-3,-6,-16,-26,-16,-10,sil
19.64723515510559,-13,-14,-13,-13,-10,-4,15,6,-2,-1,-17,-18,-11,-8,sil
19.662193775177,-7,-8,0,-11,-11,-12,7,8,3,1,-5,-5,6,0,sil
19.662193775177,-13,-7,-2,-10,-17,-6,0,0,6,7,2,-7,9,0,sil
19.677807569503784,-14,-8,-7,-11,-9,-1,-4,-8,1,3,-1,-11,3,-3,sil
19.677807569503784,0,0,1,-4,0,-1,-3,-8,-2,-5,-3,-1,6,-1,sil
19.692901134490967,10,3,6,3,-5,-5,-3,-3,2,0,0,4,11,1,sil
19.692901134490967,10,3,15,6,-1,-1,-5,5,15,10,7,14,19,11,sil
19.708065032958984,23,7,16,9,8,4,-5,7,17,9,16,24,23,22,sil
19.708065032958984,31,20,12,14,8,0,-5,0,0,1,17,26,11,18,sil
19.72359132766724,18,20,8,15,7,-5,-8,-4,-8,-1,10,17,0,2,sil
19.72359132766724,3,-8,-6,-12,3,-6,-10,-8,-6,-12,-3,-1,-5,-4,sil
19.73964762687683,-1,-26,-11,-49,-4,0,-3,-6,-10,-23,-15,-6,-15,-4,sil
19.73964762687683,-2,-5,-4,-23,1,9,9,0,-9,-15,-12,2,-14,-9,sil
19.75572395324707,0,11,4,28,12,9,11,5,-1,-1,-4,6,-6,-9,sil
19.75572395324707,7,12,11,27,12,12,10,4,1,1,0,7,1,3,sil
19.771827936172485,7,8,1,10,11,12,10,2,1,3,6,8,5,3,sil
19.771827936172485,-8,-1,-13,4,4,-5,-5,0,-7,-1,-5,-1,-11,-10,sil
19.787947416305546,-22,-12,-24,-9,-5,-14,-12,0,-11,-5,-15,-16,-15,-10,goodbye
19.787947416305546,-12,-9,-6,-9,-4,0,-2,0,3,7,1,-12,7,0,goodbye
19.80351519584656,0,0,10,3,1,5,-4,-1,14,12,18,0,14,1,goodbye
19.80351519584656,-7,0,-6,-2,1,-4,-7,-5,4,1,9,-1,0,-2,goodbye
19.8185977935791,-15,-4,-3,-12,-6,-10,-1,-4,-9,0,0,-13,-8,-10,goodbye
19.8185977935791,-6,-3,8,1,-13,-11,-3,-1,-12,0,0,-10,-10,-7,goodbye
19.83383536338806,2,7,5,13,-9,-7,-8,0,-3,-5,9,2,0,8,goodbye
19.83383536338806,2,11,6,1,-3,1,-9,0,0,-2,12,8,10,5,goodbye
19.84896159172058,0,3,0,-6,-5,-4,-13,-7,-14,-2,1,-3,0,-13,goodbye
19.84896159172058,4,6,4,13,0,-10,-9,-7,-23,-8,0,1,-7,-3,goodbye
19.86415886878968,13,16,16,36,9,8,7,2,-3,1,18,21,6,20,goodbye
19.86415886878968,11,5,6,21,2,11,4,6,12,6,17,23,7,13,goodbye
19.87969970703125,3,-7,0,-4,-9,-5,-1,4,12,-3,-10,12,-8,0,goodbye
19.87969970703125,5,-5,-3,0,-4,0,16,10,23,1,-12,4,-1,6,goodbye
19.89573240280152,10,-4,0,9,0,11,16,16,31,14,4,2,13,11,goodbye
19.89573240280152,13,0,4,5,-1,1,-2,7,18,10,5,6,16,10,goodbye
19.911003589630127,13,7,5,6,11,0,3,-2,5,5,1,7,14,15,goodbye
19.911003589630127,0,-3,-4,6,18,4,15,-3,-6,-3,-3,-5,7,2,goodbye
19.926639795303345,-17,-19,-24,-8,3,0,8,-4,-17,-15,-21,-21,-3,-13,goodbye
19.926639795303345,-15,-13,-20,-22,-1,-2,0,-1,-11,-11,-24,-16,-7,-6,goodbye
19.941646337509155,-10,-8,-15,-15,2,0,0,2,5,5,-8,-5,-4,0,goodbye
19.941646337509155,-15,-5,-16,-7,0,4,5,0,11,9,-9,-18,-6,-6,goodbye
19.956849813461304,-6,20,6,-21,2,11,9,0,1,-2,-24,-34,-14,-16,goodbye
19.956849813461304,0,20,5,-40,3,4,7,0,-11,-14,-27,-36,-24,-22,goodbye
19.971994161605835,-27,-23,-19,-31,-8,-6,0,-3,-13,-11,-15,-22,-23,-21,goodbye
19.971994161605835,-30,-35,-7,-32,-13,5,1,-3,-8,4,-7,-19,-11,-17,goodbye
19.98866868019104,7,-4,18,-72,-7,10,-4,-5,-14,7,-15,-31,-10,-16,goodbye
19.98866868019104,14,2,12,-63,-2,-2,-17,-4,-14,0,-7,-14,-13,-9,goodbye
20.002731561660767,-5,-6,-10,28,1,-5,-17,-1,7,7,28,28,10,6,goodbye
20.002731561660767,3,10,6,85,6,-1,-14,0,23,20,44,51,31,23,goodbye
20.017884016036987,25,31,39,68,9,0,-5,0,18,18,37,44,22,28,goodbye
20.034504413604736,21,29,34,53,13,1,2,-2,7,16,39,36,16,18,goodbye
20.034504413604736,15,18,27,51,3,-8,-11,-2,-7,2,35,38,15,8,goodbye
20.04937744140625,22,5,20,36,-8,-17,-20,1,-15,-18,19,35,7,12,goodbye
20.04937744140625,15,-4,2,21,0,-3,0,0,-11,-24,2,17,-7,12,goodbye
20.06442928314209,-8,-7,-16,14,3,9,18,1,-8,-17,-16,-4,-15,1,goodbye
20.06442928314209,-16,-10,-29,0,-9,5,14,1,-2,-15,-24,-12,-9,-3,goodbye
20.085899114608765,-8,-17,-16,-24,-11,-2,8,1,5,-17,-17,-7,0,0,goodbye
20.085899114608765,-10,-17,-12,-28,-1,-2,10,2,9,-2,-7,-4,7,5,goodbye
20.085899114608765,-6,-4,-15,-10,-7,0,8,4,8,19,2,-2,13,6,goodbye
20.096022367477417,5,7,-5,-4,-9,0,-1,3,11,18,2,0,11,0,goodbye
20.1110520362854,7,2,-5,-16,5,-4,-1,4,19,9,-2,-8,9,-2,goodbye
20.1110520362854,0,-4,-6,-25,8,-9,3,4,24,20,2,-10,13,-1,goodbye
20.12662172317505,0,-1,-3,-19,1,-4,-6,0,12,23,2,-6,10,-3,goodbye
20.12662172317505,0,0,-6,-12,-1,-8,-24,-5,-13,-6,-9,-9,-3,-15,goodbye
20.141786336898804,-4,1,-6,-14,-7,-19,-23,-7,-25,-33,-10,-13,-17,-22,goodbye
20.141786336898804,0,13,-4,-8,-3,-12,-6,-3,-12,-22,-3,-8,-14,-16,goodbye
20.157090663909912,13,22,12,7,11,2,-6,0,-11,-8,1,4,-5,-5,goodbye
20.157090663909912,11,21,18,11,10,0,-16,-5,-29,-19,6,4,-9,-5,goodbye
20.17268204689026,0,12,11,8,0,0,-6,-10,-31,-22,0,-8,-16,-8,goodbye
20.17268204689026,-3,3,18,17,8,20,22,1,-17,0,-9,-7,-16,1,goodbye
20.188639163970947,-17,-6,7,14,6,32,31,3,-13,9,-18,-13,-22,2,goodbye
20.188639163970947,-26,-17,-9,-4,-5,28,17,-3,-9,7,-29,-35,-28,-7,goodbye
20.20421051979065,-7,-13,-4,-2,1,25,16,6,21,24,-10,-20,0,4,goodbye
20.20421051979065,5,-6,3,10,8,10,18,14,45,31,13,9,21,23,goodbye
20.21986389160156,0,-12,1,2,-2,3,9,6,29,14,4,7,12,19,goodbye
20.21986389160156,-1,-15,-3,-6,-6,14,11,1,13,14,2,-1,12,12,goodbye
20.2359619140625,-6,-15,-5,-12,-4,3,6,3,15,10,0,3,10,5,goodbye
20.2359619140625,-13,-17,-10,-14,-6,-16,-11,-1,13,-1,-9,10,2,0,goodbye
20.2520604133606,0,-6,-2,-2,-4,-11,-11,-4,12,6,14,17,21,10,goodbye
20.2520604133606,10,3,10,0,-1,-4,0,0,20,18,33,23,28,13,goodbye
20.2676784992218,4,-6,-8,-16,-4,-16,-5,-3,12,1,9,15,7,-3,goodbye
20.2676784992218,0,-7,-17,-18,-4,-20,-15,-6,-13,-20,-6,10,0,-13,goodbye
20.282780647277832,8,13,1,4,6,-5,-7,0,-22,-24,3,12,3,-5,goodbye
20.282780647277832,18,24,8,13,15,-2,6,-2,-11,-20,14,15,1,0,goodbye
20.2988862991333,9,10,3,-2,0,-13,-1,-8,-17,-31,1,5,-12,-11,goodbye
20.2988862991333,-8,-4,-10,-9,-16,-18,-24,-4,-29,-41,-20,-25,-30,-31,goodbye
20.3145694732666,-3,3,-5,7,-5,-13,-26,-1,-22,-22,-23,-25,-25,-15,goodbye
20.3145694732666,9,23,9,21,6,-2,-10,1,-1,9,-5,0,0,12,goodbye
20.33068561553955,7,18,7,16,1,4,0,5,14,33,10,4,17,11,goodbye
20.33068561553955,5,1,9,16,0,5,0,9,14,38,24,9,18,9,goodbye
20.345834255218502,6,0,6,15,3,0,-5,3,0,14,20,13,6,12,goodbye
20.345834255218502,6,11,11,-13,2,-2,-8,-5,-15,-10,-4,-7,-15,-2,goodbye
20.36165189743042,7,11,20,-27,0,10,8,-1,-14,-6,-11,-18,-20,-14,goodbye
20.36165189743042,-7,-15,-10,11,-6,16,22,1,0,-1,6,-4,-1,-6,goodbye
20.37700915336609,-22,-23,-25,29,-2,0,9,0,8,-5,13,4,7,0,goodbye
20.37700915336609,-4,7,2,10,11,-3,2,3,5,14,6,8,8,5,goodbye
20.392709016799927,10,16,15,9,14,4,11,3,8,29,5,9,10,13,goodbye
20.392709016799927,-4,0,0,10,3,5,7,-1,10,8,0,4,5,8,goodbye
20.407904863357544,-9,-2,-6,-3,6,4,3,-1,3,-12,-18,-7,-8,-1,goodbye
20.407904863357544,5,0,8,-10,12,11,10,1,1,-6,-14,-6,-9,0,goodbye
20.423603296279907,2,-8,3,-11,0,12,11,-2,12,5,1,-1,9,6,goodbye
20.423603296279907,-15,-12,-14,-17,-17,0,0,-6,1,-6,-13,-8,0,-4,goodbye
20.439650535583496,-16,-12,-11,-15,-19,-3,-3,0,-18,-23,-33,-18,-27,-18,goodbye
20.439650535583496,-7,-14,-8,-10,-10,-1,0,0,-13,-12,-18,-14,-21,-13,goodbye
20.45470285415649,-4,-10,-5,-8,-2,0,0,-4,-3,-2,-4,-5,-2,-3,goodbye
20.45470285415649,0,-1,-4,3,1,7,0,0,-1,0,2,0,1,0,goodbye
20.46983981132508,3,0,-3,4,2,11,4,5,7,12,18,5,11,2,goodbye
20.46983981132508,-3,0,-1,-15,0,0,-3,0,5,10,10,0,6,6,goodbye
20.485867738723755,-9,-3,-11,-22,-8,-9,-8,-3,-7,-3,-12,-10,-5,1,goodbye
20.485867738723755,-2,-1,-7,-6,-6,-2,-1,1,-1,-4,-7,-5,1,1,goodbye
20.500672817230225,6,6,9,7,0,0,0,2,10,3,12,8,14,13,goodbye
20.500672817230225,10,4,6,13,5,-9,-6,-1,1,3,11,9,12,15,goodbye
20.516721725463867,5,-2,2,6,3,-9,-11,1,-7,-2,0,2,6,0,goodbye
20.517117023468018,2,-1,3,-4,1,-1,-2,2,4,1,1,0,7,-4,goodbye
20.532734632492065,14,4,10,-1,6,0,13,4,25,18,5,10,10,6,goodbye
20.532734632492065,23,7,8,7,13,0,14,7,27,20,0,14,8,10,goodbye
20.54787516593933,17,5,2,2,9,-10,-3,0,11,2,7,12,9,3,goodbye
20.5634560585022,16,7,15,2,5,-16,-14,1,7,-3,34,34,21,6,goodbye
20.5634560585022,22,15,14,13,7,-7,-13,4,8,0,33,39,16,9,goodbye
20.5634560585022,9,16,7,8,4,-13,-20,-6,-14,-15,2,8,-12,-7,goodbye
20.578582048416138,-6,10,8,-1,-3,-16,-18,-12,-25,-21,-1,-6,-17,-21,goodbye
20.578582048416138,-11,5,0,9,-6,0,-1,-3,-14,-7,11,-6,-5,-15,goodbye
20.59467720985413,-23,0,-9,18,-5,9,4,-3,-20,-7,0,-18,-21,-15,goodbye
20.59467720985413,-33,-12,-17,4,-5,9,5,-13,-30,-21,-29,-39,-41,-26,goodbye
20.60989236831665,-30,-17,-18,-9,-5,17,13,-6,-26,-19,-38,-38,-36,-27,goodbye
20.60989236831665,-26,-12,-13,1,-2,26,18,2,-21,0,-26,-21,-16,-14,goodbye
20.6250548362732,-20,-9,-5,10,-1,19,17,-2,-7,9,-12,-16,-2,0,goodbye
20.64163374900818,-2,-4,2,-4,-9,4,14,1,9,2,-15,-15,0,11,goodbye
20.64163374900818,10,0,-9,-12,-14,-1,9,13,17,9,-14,0,8,20,goodbye
20.65571570396424,4,-4,-16,-8,-13,-7,-2,9,15,21,-1,9,15,16,goodbye
20.65571570396424,-6,-12,-4,-16,-10,-10,-12,1,8,11,8,5,10,3,goodbye
20.67098331451416,-3,-6,-2,-15,-1,-6,-5,0,3,1,14,6,4,0,sil
20.67098331451416,12,7,9,0,11,0,3,-2,10,3,10,11,0,6,sil
20.68671584129333,21,11,16,0,18,6,2,-2,16,4,1,6,1,7,sil
20.68671584129333,17,7,8,-6,14,8,-4,0,10,2,4,1,6,7,sil
20.702749490737915,12,11,14,9,10,5,-3,3,5,6,14,10,9,13,sil
20.702749490737915,20,12,16,24,11,-1,3,1,6,9,14,14,11,20,sil
20.718793630599976,21,1,12,14,5,0,0,1,1,-1,1,9,6,15,sil
20.718793630599976,0,-5,-4,0,0,3,-6,0,-4,-14,-5,-1,-3,-2,sil
20.73417973518372,-14,-4,-18,-8,2,0,0,-2,0,-9,-4,-4,-6,-11,sil
20.73417973518372,-4,0,-10,-5,4,1,7,4,9,1,-2,0,2,-1,sil
20.749837398529053,2,-1,-2,3,0,4,6,7,10,5,0,5,13,1,sil
20.749837398529053,2,-2,9,3,3,-3,0,0,0,4,7,12,16,1,sil
20.765990018844604,2,0,7,-3,0,-11,-2,-1,0,3,14,14,19,8,sil
20.765990018844604,0,-4,-3,-6,-12,-11,-5,0,1,1,14,4,17,1,sil
20.781055688858032,3,-3,9,0,-13,-6,-10,-2,-7,-7,4,0,1,-9,sil
20.781055688858032,6,0,12,6,-2,-3,-4,-4,-11,-15,-2,0,-7,-8,sil
20.796822786331177,-6,-9,-6,-11,-6,-6,1,0,-3,-8,-3,-2,-1,-6,sil
20.796822786331177,-14,-15,-22,-29,-12,-8,-1,-1,-4,0,0,-6,0,-12,sil
20.81186866760254,-12,-3,-16,-8,-4,-4,-4,-8,-13,-1,-4,-10,-10,-16,sil
20.81186866760254,-10,12,4,10,0,0,-1,-2,-14,0,-6,-4,-13,-15,sil
20.826884269714355,1,16,7,6,-4,-5,-2,0,-7,0,5,2,-6,-7,sil
20.826884269714355,10,9,8,5,-1,-10,-10,1,0,-2,7,3,-10,4,sil
20.84203743934632,6,8,7,13,0,-1,-6,6,4,3,-2,2,-15,7,sil
20.84203743934632,0,9,-2,9,-4,2,3,0,3,3,-12,-6,-18,0,sil
20.856836318969727,-15,0,-4,3,-3,1,5,-8,-8,-15,-23,-16,-36,-7,sil
20.856836318969727,-28,-7,-14,4,2,9,6,-5,-11,-14,-26,-23,-43,-13,sil
20.871911764144897,-21,-4,-14,11,11,23,3,1,-3,3,-10,-17,-21,-7,sil
20.871911764144897,-6,0,0,15,19,24,0,4,0,12,2,-9,0,-4,sil
20.886974573135376,-2,1,3,5,23,17,3,0,0,12,5,-9,11,-3,sil
20.886974573135376,-8,3,2,3,24,16,14,0,3,11,0,-6,16,4,sil
20.90307259559632,-8,-6,0,8,13,8,14,0,10,9,-7,-6,12,11,sil
20.90307259559632,6,-21,3,-14,-8,-2,8,4,18,9,-13,-6,10,13,sil
20.918752431869507,22,-12,6,-35,-10,6,21,12,30,18,-3,2,27,24,sil
20.918752431869507,22,-5,-8,-32,0,10,26,4,29,21,3,5,36,28,sil
20.934107303619385,11,-22,-19,-43,-14,-13,-2,-4,6,-4,-9,-2,14,6,sil
20.934107303619385,3,-30,-18,-29,-24,-27,-24,-2,-11,-27,-10,-2,2,-9,sil
20.94923663139344,10,2,-2,7,-10,-16,-16,-2,-12,-19,10,16,14,0,sil
20.96442484855652,19,31,14,9,-5,-15,-15,-5,-11,-12,23,31,18,6,sil
20.96593141555786,17,19,14,2,-7,-18,-16,0,-7,-15,26,31,12,3,sil
20.96593141555786,20,16,21,20,-1,-13,-10,1,-2,-11,34,36,11,9,sil
20.979631423950195,22,25,19,20,-3,-10,-14,-3,-6,-6,36,32,9,4,sil
20.99501395225525,2,8,5,8,-5,-9,-23,-3,-11,-2,22,12,0,-13,sil
20.99501395225525,-11,0,4,15,7,0,-10,1,-4,-1,5,3,-15,-14,sil
21.01104664802552,-4,15,3,22,13,1,8,0,-1,-4,-4,-2,-22,-8,sil
21.01104664802552,-4,17,8,20,7,0,9,1,-8,0,-2,-4,-16,-9,sil
21.02708911895752,-9,4,7,19,3,6,8,0,0,15,7,3,-5,-1,sil
21.02708911895752,-8,-1,2,17,3,13,12,-2,15,17,6,7,-5,6,sil
21.04174995422364,-12,0,5,16,3,12,8,2,8,13,-2,-1,-8,-1,sil
21.04174995422364,-14,-5,2,13,4,11,5,8,0,17,-9,-11,-6,-6,sil
21.056782484054565,-15,-20,-8,-3,0,11,5,3,0,4,-18,-19,-13,-4,sil
21.056782484054565,-22,-26,-16,-22,-5,12,9,-4,-7,-12,-28,-24,-17,-11,sil
21.07288289070129,-18,-11,-10,-14,0,10,18,-7,-19,-6,-24,-18,-9,-10,sil
21.07288289070129,1,2,5,6,11,8,17,-2,-11,6,-14,-9,-4,4,sil
21.088134765625,14,-1,0,7,9,7,-3,-2,0,6,-10,-8,1,7,sil
21.088134765625,13,-4,-5,-4,0,0,-20,0,3,3,-8,-5,8,4,sil
21.103848695755005,8,1,-4,-5,0,-6,-8,8,21,13,0,-1,14,15,sil
21.103848695755005,3,-2,-12,-13,0,-7,2,5,33,21,1,-10,16,21,sil
21.11954140663147,0,-13,-23,-37,-9,-10,-3,-3,11,5,-20,-25,3,1,sil
21.11954140663147,-6,-15,-36,-48,-12,-6,-1,-2,-2,-8,-34,-33,-10,-15,sil
21.13463234901428,-18,-17,-35,-50,-7,2,10,7,6,-8,-22,-33,-10,-16,sil
21.13463234901428,-21,-18,-24,-50,-1,0,6,5,6,-8,-10,-23,-5,-13,sil
21.150028705596924,-8,-7,-15,-38,0,-17,-11,-7,-4,-11,-7,-7,-1,-4,sil
21.150028705596924,6,-1,3,-27,-6,-22,-26,-6,-7,-16,1,7,2,4,sil
21.165688037872314,9,1,7,-20,-14,-20,-32,0,-6,-25,15,9,4,-2,sil
21.165688037872314,3,18,14,1,-12,-23,-24,-3,-10,-26,21,20,0,-15,sil
21.180903911590576,5,26,31,29,-1,-9,-3,-5,-10,-10,32,40,1,-7,sil
21.180903911590576,16,20,40,43,7,17,12,-4,-10,-3,40,39,7,3,sil
21.19710278511048,19,30,49,63,18,32,25,2,-15,-13,36,33,3,6,sil
21.19710278511048,13,36,36,81,27,30,39,8,-6,2,37,35,8,12,sil
21.2126681804657,11,20,18,68,20,18,34,6,6,27,31,28,18,17,sil
21.2126681804657,7,3,13,44,2,5,8,2,0,11,9,8,3,7,sil
21.22858476638794,1,0,3,31,-4,0,-4,-1,-8,-11,-4,0,-11,2,sil
21.22858476638794,0,0,1,17,-10,-1,-5,0,0,1,-9,0,0,7,sil
21.24470019340515,-4,0,-4,5,-16,-5,-12,0,5,17,-21,-5,5,8,sil
21.24470019340515,-16,-15,-17,-1,-11,-3,-19,-6,0,5,-28,-13,-6,0,sil
21.26054644584656,-14,-26,-18,-11,-5,4,-5,0,3,0,-25,-10,-8,0,sil
21.26054644584656,0,-25,-19,-21,-4,4,10,7,14,14,-17,-8,0,10,sil
21.27609872817993,6,-18,-11,-26,1,0,12,5,25,26,0,0,13,15,sil
21.27609872817993,13,-6,-5,-24,10,4,10,0,29,18,14,13,25,13,sil
21.291996002197266,19,1,-4,-31,8,-3,0,1,13,-5,8,7,17,3,sil
21.291996002197266,8,-1,-4,-47,1,-21,-19,1,-2,-14,1,-1,-1,-10,sil
21.30793333053589,-6,-10,-15,-41,-3,-24,-18,-3,-2,-6,4,-7,-3,-19,sil
21.30793333053589,-13,-5,-10,-19,-7,-17,-9,-3,-7,-6,0,-15,-9,-17,sil
21.32303237915039,-10,12,1,-10,-8,-12,-14,-2,-19,-9,-6,-22,-23,-17,sil
21.32303237915039,-11,17,-3,-8,-8,-10,-16,-9,-28,-10,-10,-26,-24,-20,sil
21.338589906692505,-16,5,-9,-3,0,-2,-10,-9,-26,-12,-14,-23,-21,-24,sil
21.338589906692505,-12,2,-6,3,20,12,-3,0,-6,8,-8,-12,-13,-17,sil
21.35418486595153,-4,9,6,15,25,23,0,3,4,32,-4,-3,-3,-1,sil
21.35418486595153,-3,5,8,22,8,16,2,-2,-8,17,-7,-6,-1,-1,sil
21.369327783584595,-4,-5,3,4,-3,6,10,-1,-10,7,-4,-5,-3,-3,sil
21.369327783584595,3,-6,11,-4,-1,14,26,10,6,23,3,2,0,12,sil
21.38598322868347,18,-1,17,17,6,20,34,10,21,31,7,11,13,29,sil
21.38598322868347,16,0,15,30,5,10,26,5,17,21,7,18,19,28,sil
21.401464700698853,-5,-1,0,12,-5,-1,11,0,1,4,1,6,10,16,sil
21.401464700698853,-15,-13,-9,-5,-15,-9,0,-3,-2,-15,-8,-10,-3,2,sil
21.4167275428772,-4,-12,0,-5,-14,-9,-6,0,6,-22,-7,-1,-4,-2,sil
21.4167275428772,-2,2,-10,1,-1,-7,-4,0,9,-17,2,8,6,-1,sil
21.43266606330872,-8,0,-15,-3,0,-10,-9,-1,0,-24,-1,3,5,-3,sil
21.43266606330872,-4,-11,-7,-15,-12,-10,-18,0,-7,-33,-9,1,-6,-6,sil
21.4478566646576,7,-2,-5,-7,-12,-3,-7,0,-4,-31,0,4,-2,-1,sil
21.4478566646576,16,8,5,3,9,7,12,4,6,-27,5,9,12,6,sil
21.463478326797485,10,4,2,0,14,6,11,5,12,-30,-3,0,11,7,sil
21.463478326797485,7,5,3,-1,-4,-9,-5,-3,0,-39,0,1,0,4,sil
21.478620767593384,14,15,14,13,-10,-9,-11,-9,-2,-40,17,15,0,0,sil
21.478620767593384,2,7,5,16,0,0,-11,-5,1,-31,12,9,1,-5,sil
21.49464678764344,-18,-5,-2,-4,-2,-1,-14,2,-6,-27,-6,-9,-3,-15,sil
21.49464678764344,-9,-2,-1,-8,-12,-1,-8,0,-8,-20,-2,-5,-2,-13,sil
21.51076817512512,6,5,-4,6,-8,7,0,-2,0,-6,14,15,2,-2,sil
21.51076817512512,7,7,1,10,5,10,4,3,1,3,17,16,2,0,sil
21.526928186416622,5,5,4,5,9,3,2,0,-1,10,6,1,0,-3,sil
21.526928186416622,2,6,3,2,3,0,-6,-2,-1,18,0,-6,-5,-3,sil
21.54295229911804,6,6,6,5,8,1,-1,1,2,34,7,0,-4,9,sil
21.54295229911804,15,4,11,9,16,4,13,1,5,47,10,7,1,20,sil
21.55904650688172,5,-1,8,2,13,2,11,0,-1,54,1,3,0,9,sil
21.55904650688172,-10,-13,-5,-9,8,4,4,4,-6,63,-1,-8,-6,-2,sil
21.574575662612915,-12,-17,-4,-15,8,2,2,0,-5,74,1,-16,-3,-2,sil
21.574575662612915,-16,-12,-10,-18,3,-12,-4,-4,-9,78,0,-23,-2,-9,sil
21.590626001358032,-20,-10,-13,-23,2,-21,-7,-2,-14,83,-7,-17,-3,-14,sil
21.590626001358032,0,0,6,-11,10,-11,-1,-1,-3,90,-2,9,16,-1,sil
21.60614442825317,10,3,7,0,4,-13,-1,0,12,76,13,12,31,-1,sil
21.60614442825317,-12,-11,-8,-20,-15,-18,-11,0,0,63,0,-6,11,-11,sil
21.621676683425903,-16,-2,-9,-18,-18,1,-8,0,-14,64,-25,-4,-13,0,sil
21.621676683425903,13,21,6,14,-12,17,4,3,4,16,-24,5,-56,22,sil
21.63773202896118,14,1,3,5,-18,12,9,4,16,-48,-27,-5,-82,20,sil
21.63773202896118,-5,-14,-15,-11,-11,13,7,0,3,-31,-26,-16,-4,-2,sil
21.652905702590942,0,14,3,21,22,15,5,0,5,-10,3,-1,61,-11,sil
21.652905702590942,14,22,16,49,36,7,6,0,10,-65,20,5,22,4,sil
21.66896796226501,8,2,-1,33,10,5,8,-6,-2,-124,4,-7,11,0,sil
21.66896796226501,-1,6,0,19,0,15,12,0,-5,-158,-1,-13,48,-23,sil
21.68474173545837,-4,7,-2,20,4,24,20,7,2,-187,-11,-5,19,-8,sil
21.68474173545837,-3,-7,-10,7,-16,16,20,2,0,-188,-31,-1,-26,19,sil
21.699991941452023,-7,-18,-10,-16,-45,-5,4,-4,0,-168,-23,-2,-19,9,sil
21.699991941452023,-7,-20,-10,-29,-34,-16,-8,-5,10,-169,-5,4,-11,0,sil
21.716195106506348,0,-15,-1,-17,-10,-11,-12,1,19,-173,-11,17,-20,10,sil
21.716195106506348,0,-12,-2,-13,-15,-22,-12,2,11,-128,-4,16,-10,8,sil
21.73160648345948,-3,-11,-6,-31,-27,-39,-17,-1,0,-34,29,15,18,-3,sil
21.73160648345948,11,4,9,-18,-5,-25,-16,0,0,57,45,25,34,-1,sil
21.74681067466736,17,14,18,3,21,-10,-16,3,-2,128,34,22,18,0,sil
21.74681067466736,2,11,10,-10,13,-19,-27,-4,-21,179,27,9,0,-13,sil
21.762428045272827,0,15,5,-8,10,-14,-27,-9,-26,211,31,0,-1,-16,sil
21.762428045272827,8,19,16,22,35,11,-6,0,-13,234,27,4,-1,0,sil
21.777591228485107,3,13,11,20,32,19,8,8,-1,234,10,1,-15,9,sil
21.777591228485107,-6,5,-3,5,3,10,9,3,4,188,-2,-17,-18,2,sil
21.79368805885315,-10,0,0,12,6,17,10,-2,6,134,-1,-16,0,-4,goodbye
21.80897068977356,-4,-6,-4,17,20,25,13,-4,2,110,0,-1,13,-1,goodbye
21.80897068977356,0,-8,-9,3,10,15,7,0,-3,78,-7,-9,-1,-2,goodbye
21.80897068977356,-1,-3,-1,-6,-1,7,3,3,1,29,-10,-20,-11,-5,goodbye
21.824551582336422,2,-1,-5,-1,0,6,6,-3,6,-4,-8,-6,-2,0,goodbye
21.824551582336422,3,0,0,3,1,9,6,-5,-2,-26,-17,1,-6,1,goodbye
21.840702772140503,-3,0,0,-3,-2,8,8,1,-2,-49,-26,-12,-19,-4,goodbye
21.840702772140503,-8,-12,-11,-12,-8,-3,8,1,3,-79,-27,-22,-21,-3,goodbye
21.855785131454468,-4,-11,-8,-9,-8,-6,7,4,-7,-103,-21,-5,-6,2,goodbye
21.855785131454468,2,4,1,-2,-3,-2,7,3,-15,-107,-6,12,12,8,goodbye
21.871565103530884,9,6,9,-1,-1,-9,1,0,-3,-99,4,17,17,10,goodbye
21.887181997299194,6,-5,0,-5,-4,-10,0,2,12,-90,0,6,13,7,goodbye
21.887181997299194,-3,-8,-7,-9,-7,-6,2,7,13,-90,-12,-9,7,2,goodbye
21.90386152267456,-2,0,0,1,-6,-4,1,0,2,-92,-18,-9,-2,0,goodbye
21.90386152267456,2,2,2,16,0,1,-3,-5,2,-75,0,0,-2,0,goodbye
21.90386152267456,2,7,7,8,1,6,-4,-2,7,-53,16,7,7,1,goodbye
21.91905903816223,0,8,4,0,0,-1,0,-1,3,-38,9,8,6,0,goodbye
21.91905903816223,-6,0,-7,3,-7,-6,-1,-2,1,-23,-2,7,-5,-2,goodbye
21.93357300758361,-8,-6,-5,5,-9,0,-9,-2,3,-8,-2,4,-8,-2,goodbye
21.949999809265137,-6,-7,-6,-1,-7,0,-9,-7,-1,0,0,0,1,-2,goodbye
21.949999809265137,-3,-5,-6,-6,-11,-11,-5,-3,-7,3,2,5,1,0,goodbye
21.949999809265137,0,-4,-2,-1,-12,-4,-8,5,0,15,9,6,-2,4,goodbye
21.96692156791687,2,-10,-3,0,-9,3,-8,3,10,33,10,-8,1,0,goodbye
21.96692156791687,-2,-7,-3,-11,-14,0,4,0,9,39,0,-10,7,-5,goodbye
21.979656457901,4,8,0,-8,0,3,15,5,8,44,1,4,12,6,goodbye
21.996201753616333,18,16,11,5,25,9,5,5,7,59,18,10,15,9,goodbye
21.996201753616333,9,7,7,0,17,0,-2,0,-1,59,19,4,10,-8,goodbye
22.01215410232544,-2,3,-2,-12,-1,-9,0,-1,-5,38,9,2,5,-15,goodbye
22.01215410232544,6,12,8,-3,7,0,-2,1,-2,28,3,8,-4,-1,goodbye
22.0269455909729,9,13,8,6,19,0,-4,0,-3,36,2,7,-17,3,goodbye
22.0269455909729,0,0,5,1,10,-8,0,0,-7,40,0,2,-6,-1,goodbye
22.04293942451477,0,-6,2,1,2,-3,0,0,-9,32,0,0,9,-1,goodbye
22.04293942451477,-2,-2,-5,12,4,3,-5,-7,-18,12,-1,-6,-5,0,goodbye
22.057913303375244,-4,6,4,15,8,2,-7,-5,-22,-5,2,0,-14,1,goodbye
22.057913303375244,10,11,13,15,6,5,0,3,-1,-4,8,11,7,10,goodbye
22.07395601272583,6,-1,2,7,1,6,5,3,10,-2,0,2,3,8,goodbye
22.07395601272583,-16,-15,-8,-6,0,0,1,-4,-3,-8,-5,-16,-15,-3,goodbye
22.09602451324463,-14,-6,-3,-4,0,-6,-1,-9,-17,-14,-4,-16,-12,-8,goodbye
22.09602451324463,-7,-2,2,-3,-1,-2,-4,-3,-18,-23,-14,-8,-15,-12,goodbye
22.09602451324463,-17,-13,-17,-16,-5,7,-3,0,-6,-25,-27,-16,-24,-16,goodbye
22.105794429779053,-13,-5,-15,-7,-3,10,6,0,4,-11,-16,-15,-10,-9,goodbye
22.12106823921204,0,10,9,6,2,6,8,2,1,-5,0,-3,0,-1,goodbye
22.12106823921204,0,3,0,-2,-1,9,1,2,0,-12,-1,-2,-2,1,goodbye
22.137142658233643,3,0,-2,-3,-7,14,4,5,14,-16,-10,4,0,13,goodbye
22.137142658233643,9,9,7,11,-5,12,13,6,18,-8,-4,9,11,18,goodbye
22.15186882019043,9,10,4,16,-5,8,13,3,17,5,3,0,19,16,goodbye
22.15186882019043,6,1,0,13,-8,7,17,6,27,16,0,-2,23,19,goodbye
22.16792726516724,-4,-13,-12,-2,-12,2,20,9,30,3,-10,-9,12,8,goodbye
22.16792726516724,-10,-21,-14,-23,-14,-5,8,6,20,-4,-8,-6,2,0,goodbye
22.18348598480225,5,-8,-6,-19,-6,-12,-5,1,16,3,6,10,15,10,goodbye
22.18348598480225,6,-4,-8,-16,-1,-26,-21,-7,1,-12,6,10,14,0,goodbye
22.19864678382873,-4,-13,-9,-26,-5,-32,-31,-14,-19,-29,3,5,2,-19,goodbye
22.19864678382873,6,-7,-3,-15,0,-22,-23,-10,-18,-9,17,24,8,-9,goodbye
22.214242696762085,12,3,4,-1,6,-10,-11,-5,-17,-23,8,21,0,-6,goodbye
22.214242696762085,-3,3,1,-1,3,-4,-5,-4,-24,-54,-15,-9,-18,-14,goodbye
22.23026967048645,-4,0,5,6,6,0,-2,-1,-15,-12,-8,-14,-12,-8,goodbye
22.23026967048645,1,1,16,10,12,10,-3,0,-6,35,4,-6,-10,-9,goodbye
22.245923042297363,0,9,10,2,10,11,1,0,-7,18,2,-9,-14,-14,goodbye
22.245923042297363,0,16,9,8,16,3,4,0,-4,1,6,2,-4,0,goodbye
22.26124262809753,4,14,12,25,18,0,-1,4,4,15,14,15,4,7,goodbye
22.26124262809753,0,19,9,29,9,3,-1,8,8,24,16,8,3,0,goodbye
22.276681423187256,-6,27,8,18,5,7,2,9,1,19,17,4,1,-2,goodbye
22.276681423187256,-5,11,-3,13,5,0,0,-1,-7,12,17,8,1,1,goodbye
22.29215145111084,6,-6,0,18,-4,-10,-3,-8,-11,7,13,12,3,8,goodbye
22.29215145111084,11,-3,9,12,-15,-3,5,-1,-2,7,13,9,3,13,goodbye
22.307069301605225,-1,-4,-2,-6,-16,5,14,0,7,11,5,0,0,8,goodbye
22.307069301605225,-7,-13,-7,-14,-15,2,10,5,13,15,-7,-2,3,5,goodbye
22.32258653640747,4,-11,-5,-2,-9,5,10,8,19,16,0,5,14,18,goodbye
22.32258653640747,12,-8,0,1,-4,13,10,0,11,4,9,6,10,20,goodbye
22.33865618705749,0,-9,-1,-9,-5,9,0,-6,-6,-2,-9,-10,-3,-1,goodbye
22.33865618705749,-10,-7,-9,-14,0,9,-1,-1,-3,-2,-27,-25,-10,-15,goodbye
22.35373592376709,-3,-7,-2,-10,6,18,3,4,2,-15,-23,-12,-14,-10,goodbye
22.35373592376709,-2,-11,-8,-15,-4,8,0,-3,-5,-26,-25,-15,-20,-12,goodbye
22.368926763534542,-4,-4,-13,-20,-7,-7,-5,-5,-3,-18,-30,-27,-16,-9,goodbye
22.368926763534542,0,3,-7,-9,6,-4,0,4,1,-20,-21,-17,-8,0,goodbye
22.38455939292908,-6,0,-14,-6,10,0,-1,3,-9,-24,-17,-13,-9,-5,goodbye
22.38455939292908,-8,1,-4,-8,4,-2,0,-3,-16,-7,-11,-17,-7,-7,goodbye
22.40024256706237,3,13,8,3,3,-9,-2,-3,-5,-2,0,-4,2,0,goodbye
22.40024256706237,1,11,3,0,5,-18,-18,-5,-10,-10,-4,3,0,-7,goodbye
22.415780782699585,-9,0,-2,-17,6,-12,-24,-6,-12,4,-8,0,-3,-12,goodbye
22.415780782699585,-4,0,0,-5,3,-3,-8,-3,9,21,7,7,12,6,goodbye
22.43104553222656,0,2,4,7,-2,-5,0,2,21,12,13,17,20,15,goodbye
22.44783067703247,-3,-1,-3,0,-1,-4,8,8,16,7,11,13,8,1,goodbye
22.44783067703247,-2,-10,-3,-6,-2,-2,13,6,12,9,19,12,5,-3,goodbye
22.44783067703247,0,-7,12,1,-8,-2,4,5,13,13,29,24,16,9,goodbye
22.46387314796448,0,1,14,20,-5,-5,-2,3,12,15,29,23,20,13,goodbye
22.46387314796448,5,5,16,31,0,-6,2,0,2,3,22,9,11,0,goodbye
22.4783239364624,13,1,11,24,0,3,10,-4,-6,-5,16,5,3,-1,goodbye
22.4783239364624,8,-3,-2,13,-1,10,9,-5,-5,-3,2,5,-7,-3,goodbye
22.493868350982662,-6,-3,-5,5,-5,9,7,-1,0,-6,-12,-6,-17,-18,goodbye
22.493868350982662,-5,-3,-4,-1,-5,14,11,4,0,-6,-6,-10,-5,-9,goodbye
22.510050535202023,3,-5,1,-2,0,9,2,4,-8,0,10,11,11,17,goodbye
22.510050535202023,4,0,1,9,0,-2,-11,0,-8,8,8,15,12,20,goodbye
22.524580717086792,3,7,-3,10,0,-3,-8,1,1,5,-7,-6,2,1,goodbye
22.54177212715149,2,2,-5,-9,-3,-1,-3,3,-2,-12,-21,-11,-6,-3,goodbye
22.54177212715149,4,0,-6,-11,-1,-3,-5,-3,-12,-11,-12,2,-4,6,goodbye
22.54177212715149,15,11,8,8,8,4,-1,-4,-9,5,3,9,0,13,goodbye
22.555845499038696,12,14,10,5,17,10,-4,-4,-6,4,0,-5,-4,-1,goodbye
22.571451902389526,-3,5,-3,-9,11,-2,-8,-10,-1,0,-11,-17,-7,-14,goodbye
22.571451902389526,-2,4,3,-3,4,-3,4,0,9,12,-5,-2,0,0,goodbye
22.586769104003903,2,4,-2,0,9,7,14,8,11,9,0,-3,-1,4,goodbye
22.586769104003903,-2,-3,-9,-15,9,0,0,0,4,-9,-6,-21,-10,-11,goodbye
22.60189962387085,-4,-2,-1,-22,-3,-11,-15,-6,-2,-15,-5,-13,-8,-11,goodbye
22.60189962387085,1,2,1,-10,-10,-3,-16,0,-12,-12,3,5,-5,4,goodbye
22.61758065223694,-1,-2,-2,-6,-2,6,-5,5,-12,-8,-2,3,-15,5,goodbye
22.61758065223694,-17,-11,-8,-10,-2,0,0,0,-1,-2,-9,-11,-17,-9,goodbye
22.632661819458008,-16,-9,-2,-13,-10,-10,-7,-3,-7,-10,-9,-10,-14,-16,goodbye
22.632661819458008,-4,0,5,0,-4,-6,-5,0,-11,-17,-9,-3,-16,-12,goodbye
22.648743152618408,-5,-2,1,20,3,0,12,5,3,-2,-2,-1,-13,0,goodbye
22.648743152618408,-9,-13,1,14,-4,2,17,5,15,11,8,1,0,6,goodbye
22.664824724197388,0,-12,-3,0,-11,0,13,0,10,5,6,0,8,0,goodbye
22.664824724197388,2,-1,-3,3,-4,-1,9,-2,4,0,0,1,10,0,goodbye
22.68089199066162,-3,-3,0,1,-6,0,4,0,4,8,6,2,5,7,goodbye
22.68089199066162,-8,-13,-7,-9,-12,0,0,-4,3,7,3,-2,0,0,goodbye
23.75798201560974,11,-1,12,16,0,1,-4,2,20,14,28,20,19,12,goodbye
23.75798201560974,6,0,16,28,-6,7,-1,-3,9,9,30,21,20,10,goodbye
23.77362060546875,15,4,20,27,-12,10,1,0,6,7,17,28,18,8,goodbye
23.77362060546875,26,8,20,34,-2,7,0,-2,6,10,25,36,20,17,goodbye
23.788740634918213,34,24,35,58,6,3,1,-3,0,3,48,48,29,25,goodbye
23.788740634918213,30,28,34,58,0,-3,4,-2,-10,-7,38,43,25,18,goodbye
23.804770708084103,12,7,7,25,-9,-15,-6,-3,-25,-14,8,18,2,0,goodbye
23.804770708084103,2,0,6,10,-5,-8,-6,4,-22,-5,5,13,0,-2,goodbye
23.819924116134644,10,12,11,14,-1,3,14,11,10,9,19,25,21,10,goodbye
23.819924116134644,10,6,2,2,-4,0,15,3,18,6,4,17,7,12,goodbye
23.835946798324585,-1,-9,-7,-11,-2,0,-1,-4,-8,-9,-19,-7,-19,-3,goodbye
23.835946798324585,-9,-10,-15,-18,2,0,-4,-3,-12,-11,-15,-21,-17,-10,goodbye
23.85160756111145,-7,-2,-13,-26,0,-1,-1,0,6,-1,0,-11,-8,-6,goodbye
23.85160756111145,-9,0,-15,-20,4,-2,-10,-2,12,2,-1,-11,-9,-9,goodbye
23.866963624954224,-10,-1,-7,-8,17,2,-18,-3,7,1,-16,-20,-10,-9,goodbye
23.866963624954224,-3,-1,-1,-18,16,9,-8,3,5,7,-6,-17,-6,-2,goodbye
23.882662534713745,-10,-8,-12,-36,2,0,-2,-2,-7,-1,0,-20,-8,-7,goodbye
23.882662534713745,-31,-18,-15,-31,0,-10,-9,-12,-24,-23,-27,-35,-23,-23,goodbye
23.89771175384521,-23,-9,-8,-12,2,0,-2,-2,-17,-14,-35,-32,-23,-22,goodbye
23.89771175384521,11,8,7,-8,-4,2,6,9,0,3,-10,-10,-2,0,goodbye
23.913764715194706,10,12,12,2,-9,-4,3,6,5,0,-3,2,6,11,goodbye
23.913764715194706,-11,5,-9,30,3,3,8,-1,7,4,-10,0,1,4,goodbye
23.92897129058838,4,9,-2,33,15,11,17,-2,8,21,0,0,7,5,goodbye
23.92897129058838,29,20,16,21,7,0,7,0,0,17,16,16,15,21,goodbye
23.945030450820923,13,10,8,20,-1,-11,-1,0,-11,2,5,19,-1,19,goodbye
23.945030450820923,-10,-10,-5,8,-5,0,10,0,-10,4,-15,-8,-13,0,goodbye
23.960227251052856,-19,-22,-17,-16,-12,14,22,4,2,15,-19,-28,-2,-4,goodbye
23.960227251052856,-18,-18,-14,-26,-12,10,12,8,9,7,-8,-11,4,5,goodbye
23.976146459579468,0,-14,-7,-18,-4,0,3,3,14,0,3,6,16,5,goodbye
23.976146459579468,9,-19,-2,-16,-3,0,3,0,19,3,8,8,23,0,goodbye
23.99168610572815,-3,-19,-2,-19,-7,0,-5,1,13,-7,3,9,7,-1,goodbye
23.99168610572815,-5,-4,-4,-11,-7,-10,-24,-5,0,-16,9,13,3,-1,goodbye
24.00774955749512,6,9,10,-7,-6,-13,-40,-15,-17,-13,21,23,10,-10,goodbye
24.00774955749512,11,9,14,-8,-6,-10,-37,-12,-23,-18,24,22,3,-16,goodbye
24.02321481704712,15,12,9,4,0,-13,-16,1,-11,-18,29,18,1,-2,goodbye
24.02321481704712,17,28,18,25,9,-11,0,9,1,-8,29,22,4,4,goodbye
24.03841137886048,14,30,16,34,17,-1,7,0,1,-9,14,17,-4,-2,goodbye
24.054324865341187,15,21,15,35,19,6,23,2,4,-3,10,12,-6,2,goodbye
24.054324865341187,7,11,11,28,13,16,29,14,13,19,13,2,1,12,goodbye
24.054324865341187,-9,-9,-11,8,0,4,2,2,16,18,-8,-19,-1,-1,goodbye
24.069603204727173,-18,-17,-19,-4,-8,-13,-19,-8,12,0,-28,-20,-11,-10,goodbye
24.08509588241577,-15,-8,-12,-6,-2,0,0,-1,5,4,-14,-9,-10,0,goodbye
24.08509588241577,-12,-7,2,-5,1,16,10,2,-10,7,-9,-21,-15,-4,goodbye
24.106889009475708,-9,-4,6,4,-1,12,0,-4,-23,-7,-23,-27,-18,-12,goodbye
24.106889009475708,0,4,0,12,0,6,7,-4,-18,-8,-17,-9,-9,3,goodbye
24.106889009475708,6,2,4,-3,0,6,21,4,-2,8,-3,2,-2,15,goodbye
24.11589217185974,0,-3,0,-15,-1,2,12,3,9,13,-5,-3,0,6,goodbye
24.131017446517944,-10,0,-10,-6,0,2,1,0,3,1,-11,-6,-1,-1,goodbye
24.131017446517944,-14,-1,-17,-7,-1,0,1,0,-11,-6,-18,-7,-6,0,goodbye
24.146928071975708,-8,-9,-16,-16,-6,-7,-3,-2,-14,-4,-21,-17,-4,2,goodbye
24.147313594818115,-1,-5,-2,-11,0,-1,-4,-2,-5,2,-7,-13,1,6,goodbye
24.162459135055546,-4,-7,-8,0,1,12,10,3,9,21,7,0,12,10,goodbye
24.162459135055546,-2,-8,-6,2,0,15,10,4,23,29,5,3,18,13,goodbye
24.177929401397705,13,0,9,0,0,11,-7,-3,18,9,8,4,16,9,goodbye
24.177929401397705,15,-1,1,-8,2,4,-20,-13,2,-9,16,10,12,-5,goodbye
24.19331455230713,3,-5,0,-19,0,-5,-19,-5,0,-6,15,17,14,-8,goodbye
24.19331455230713,10,3,12,-11,-3,-13,-11,3,0,-1,18,16,13,0,goodbye
24.20894837379456,13,2,13,0,-10,-24,-13,1,-17,-16,13,17,0,-5,goodbye
24.20894837379456,2,-4,8,-3,-10,-29,-19,1,-18,-21,0,20,-6,-13,goodbye
24.224589109420776,5,0,4,-7,-2,-24,-11,3,-1,-7,8,20,4,-3,goodbye
24.224589109420776,11,7,10,2,0,-24,0,2,-2,-9,12,15,4,0,goodbye
24.23957681655884,2,7,2,13,0,-20,10,-2,-2,-17,-10,1,-12,-3,goodbye
24.23957681655884,0,3,-4,11,0,2,21,-2,8,-6,-17,-10,-14,2,goodbye
24.255119562149048,5,4,5,8,7,22,23,6,11,9,6,-1,6,12,goodbye
24.255119562149048,3,12,6,19,12,15,15,7,8,8,11,5,8,5,goodbye
24.270914793014526,-10,13,0,17,0,6,-3,0,1,-1,-5,-6,-14,-6,goodbye
24.270914793014526,-19,-4,-11,-6,-7,10,-12,-3,-9,0,-4,-19,-19,-15,goodbye
24.286110162734985,-15,-14,-18,-17,0,11,-6,-3,-1,0,2,-17,-7,-15,goodbye
24.286110162734985,-3,5,-5,3,6,12,-1,0,11,-9,-5,-11,-9,-6,goodbye
24.301703214645386,1,16,0,18,9,14,0,5,9,-5,-6,-8,-10,0,goodbye
24.301703214645386,0,1,3,4,15,12,4,5,2,14,6,0,4,1,goodbye
24.31687331199646,-4,-6,0,2,10,3,10,-3,4,22,9,0,12,7,goodbye
24.31687331199646,-5,-3,-2,10,0,-7,4,-10,-4,10,-2,-2,0,2,goodbye
24.331911087036133,-8,-7,3,-1,-8,-4,1,-2,-16,5,-4,0,-3,-3,goodbye
24.331911087036133,-10,-16,-5,-16,-9,3,3,2,-7,12,0,-2,9,0,goodbye
24.34761118888855,-5,-12,-5,-11,-6,-6,-5,-3,0,0,-12,-9,-1,0,goodbye
24.34761118888855,1,1,4,3,-1,-12,-11,-4,-4,-15,-25,-10,-16,-4,goodbye
24.36378216743469,12,14,4,8,4,-2,4,5,-1,3,-6,0,4,10,goodbye
24.36378216743469,23,9,6,1,4,6,19,8,8,24,13,12,22,23,goodbye
24.379180669784542,14,-4,0,-2,-2,12,13,0,9,2,1,0,4,9,goodbye
24.379180669784542,-1,-3,-5,-3,0,7,0,-1,0,-17,-12,-18,-8,-5,goodbye
24.394842386245728,2,9,-1,0,6,-1,-3,2,0,-3,6,-2,4,0,goodbye
24.394842386245728,6,7,0,-1,0,-5,-1,0,0,2,16,14,13,8,goodbye
24.409971237182617,-8,-7,-4,-18,-15,-7,-14,-1,-11,-15,-10,-1,-2,-4,goodbye
24.409971237182617,-15,-17,-12,-24,-14,-15,-24,-3,-18,-19,-21,-13,-15,-17,goodbye
24.425647497177124,-13,-18,-7,-15,-12,-19,-18,-4,-15,-9,-2,0,-10,-10,goodbye
24.425647497177124,-12,-11,0,-11,-14,-9,-5,0,-8,-12,4,8,-4,-1,goodbye
24.44098711013794,0,0,5,-6,-3,0,0,1,3,-11,6,10,0,1,goodbye
24.44098711013794,10,10,19,1,9,3,0,1,10,-3,13,28,6,8,goodbye
24.456560611724854,6,9,11,11,5,4,5,0,5,0,13,31,2,13,goodbye
24.456560611724854,11,7,5,25,4,3,10,1,1,3,10,19,0,9,goodbye
24.47211265563965,17,7,9,24,11,2,7,0,-1,10,10,10,4,0,goodbye
24.47211265563965,2,0,-3,5,5,5,6,-1,-1,8,2,-3,4,-6,goodbye
24.487296104431152,-7,-6,-8,-6,0,9,7,2,10,3,-4,-13,1,-5,goodbye
24.503061056137085,4,-2,0,0,7,5,11,2,26,14,0,-6,8,-2,goodbye
24.503061056137085,14,6,7,9,8,-3,8,0,23,21,7,1,13,0,goodbye
24.503061056137085,1,10,2,8,2,-1,-7,-2,1,3,0,-7,4,-2,goodbye
24.51859879493713,-16,3,-15,0,1,0,-14,-7,-10,-9,-10,-22,-3,-9,goodbye
24.534677743911743,-13,1,-4,-3,0,-7,-11,-4,-1,2,-8,-16,2,-5,goodbye
24.534677743911743,-4,3,5,4,2,0,-9,1,5,14,2,-3,9,3,goodbye
24.550350427627563,-6,0,-2,4,6,12,-3,0,-4,2,0,-5,-1,-2,goodbye
24.550350427627563,-7,0,-5,-8,1,8,3,1,-15,-12,-11,-6,-21,-14,goodbye
24.550350427627563,-6,0,-3,-8,0,1,6,5,-6,-5,-6,-4,-23,-11,goodbye
24.565941333770752,-4,-6,4,1,0,0,3,6,0,6,5,0,-14,0,goodbye
24.565941333770752,3,-3,2,0,-7,-10,0,0,-9,-1,0,1,-6,3,goodbye
24.58166742324829,7,0,0,-7,-17,-18,-7,-6,-21,-18,-8,0,0,2,goodbye
24.58166742324829,5,1,9,1,-3,0,0,-1,-9,-7,5,7,9,15,goodbye
24.597798585891724,5,6,0,12,10,16,13,2,11,12,18,12,13,25,goodbye
24.612843990325928,3,7,-1,7,4,6,5,0,6,0,0,5,0,12,sil
24.612843990325928,8,3,5,4,-2,-1,4,2,-4,-18,-12,3,-8,7,sil
24.628012657165527,14,-1,6,6,0,0,16,6,6,-1,8,11,7,18,sil
24.628012657165527,7,0,4,2,0,0,7,2,17,19,18,8,14,13,sil
24.645038604736328,-3,0,-6,0,-4,0,-2,-4,3,9,-3,-7,-1,-2,sil
24.645038604736328,-16,-11,-13,-9,-3,7,0,-4,-13,-12,-23,-15,-14,-15,sil
24.645038604736328,-21,-23,-18,-26,-5,0,0,-1,-9,-16,-21,-21,-10,-26,sil
24.66065549850464,-12,-14,-22,-31,-4,-12,-6,-7,2,-13,-20,-18,-7,-29,sil
24.66065549850464,-3,-3,-7,-15,0,-8,-9,-7,7,-13,-28,-7,-8,-20,sil
24.67470645904541,-3,-8,-5,0,-5,0,-7,0,9,-2,-18,-6,-1,-10,sil
24.689896821975708,-4,-10,-8,-3,-8,-2,-8,6,1,8,0,-2,5,-2,sil
24.689896821975708,-4,-1,-3,-2,-2,-1,-8,4,-3,9,8,9,11,0,sil
24.705060243606567,0,4,6,5,0,0,-4,1,-1,8,13,10,13,2,sil
24.705060243606567,10,12,19,12,-1,0,-4,0,-4,4,20,7,3,6,sil
24.721052408218384,8,15,14,11,2,0,-4,-3,-4,0,23,8,-2,6,sil
24.721052408218384,0,6,7,0,5,-7,-9,0,2,2,19,7,7,4,sil
24.736140489578247,4,8,12,3,11,-10,-6,5,9,10,24,13,18,5,sil
24.736140489578247,17,20,21,22,22,-2,4,2,13,12,31,21,13,8,sil
24.75175952911377,19,17,27,15,15,0,5,0,3,3,21,24,5,11,sil
24.75175952911377,11,9,11,3,0,-4,1,3,-8,2,12,15,6,14,sil
24.76710677146912,9,9,10,13,5,-1,8,0,-6,9,12,12,10,17,sil
24.76710677146912,6,0,12,14,10,5,11,-5,-1,2,1,3,5,11,sil
24.78289818763733,-4,-9,-10,0,-1,7,3,-8,-2,-13,-16,-11,-7,-2,sil
24.78289818763733,-10,-5,-11,0,-9,13,6,0,-7,-17,-24,-12,-19,-6,sil
24.79885172843933,-2,0,-2,9,-1,20,19,4,-10,-6,-21,-5,-15,0,sil
24.79885172843933,0,-6,-12,0,0,13,15,-1,-6,-1,-27,-13,-11,-3,sil
24.814189672470093,-6,-12,-18,-11,-6,3,2,0,1,-4,-35,-24,-19,-13,sil
24.814189672470093,-17,-16,-21,-14,-13,3,-2,2,0,0,-28,-26,-22,-11,sil
24.82961869239807,-18,-18,-25,-17,-10,-2,-2,3,0,5,-13,-20,-14,-11,sil
24.82961869239807,-12,-16,-30,-20,-4,-11,0,2,10,9,-5,-12,-2,-10,sil
24.84475326538086,-10,-14,-19,-20,-7,-7,-4,0,16,12,-3,-6,5,0,sil
24.84475326538086,-10,-11,-4,-19,-12,-3,-14,0,10,8,0,-4,12,7,sil
24.85988521575928,6,2,0,-10,-6,-10,-13,0,10,0,10,1,21,4,sil
24.85988521575928,22,16,13,-2,4,-10,-6,1,12,-3,21,22,21,5,sil
24.87507939338684,14,8,14,-7,5,-7,-16,-9,-2,-15,20,22,7,-1,sil
24.87507939338684,-5,0,2,-10,-1,-13,-27,-16,-30,-34,0,-5,-14,-24,sil
24.89114618301392,-18,11,0,1,2,-1,-10,-4,-28,-28,-8,-15,-27,-24,sil
24.89114618301392,-12,15,2,15,15,19,7,3,-1,0,0,-8,-16,0,sil
24.906981468200684,1,11,17,21,13,13,1,2,1,8,3,0,-3,6,sil
24.906981468200684,5,20,24,35,8,6,12,8,-5,3,2,2,0,0,sil
24.92239499092102,1,16,13,35,16,20,39,15,8,21,7,0,10,8,sil
24.92239499092102,5,-3,7,10,13,19,39,10,29,35,3,-1,15,20,sil
24.937612533569336,8,-11,-3,-4,0,-3,20,0,21,21,-1,2,11,11,sil
24.954798698425293,0,-8,-5,0,-9,-15,1,-3,0,4,-1,3,7,0,sil
24.954798698425293,-3,-13,-4,-9,-15,-10,-13,-3,-7,0,-1,2,6,1,sil
24.954798698425293,0,-19,-12,-25,-15,-11,-14,-8,-1,-5,-2,6,5,0,sil
24.968084573745728,7,-10,-5,-14,-6,-14,-10,-6,-2,-13,4,20,4,-4,sil
24.968084573745728,17,3,6,6,-6,-11,-13,-2,-3,-9,17,29,7,4,sil
24.98361825942993,16,5,11,1,-10,-14,-15,0,-7,-7,25,22,11,14,sil
24.98361825942993,5,5,8,-4,-2,-16,-14,2,-13,-10,26,18,14,7,sil
24.99965691566468,8,16,10,13,5,-8,-10,4,-9,-9,23,22,5,3,sil
24.99965691566468,22,25,27,22,5,5,-3,3,0,-9,14,17,-7,8,sil
25.015671491622925,13,14,17,14,8,14,3,-2,0,-9,2,2,-9,3,sil
25.015671491622925,-13,-1,-1,16,5,10,-2,-6,-14,-12,-10,-9,-18,-13,sil
25.030567169189453,-20,-7,-6,21,0,8,-2,-2,-19,-8,-19,-21,-26,-19,sil
25.030567169189453,-6,-9,-5,7,2,18,15,1,-7,6,-10,-20,-12,0,sil
25.046467304229736,-5,-11,-4,-5,2,20,21,4,6,19,-6,-3,0,18,sil
25.061443090438843,-16,-16,-21,-3,-5,4,10,4,12,20,-23,-12,0,5,sil
25.061443090438843,-17,-21,-29,-12,-4,-1,12,2,21,21,-32,-31,-1,-4,sil
25.07695817947388,-3,-11,-20,-35,3,7,21,3,36,29,-18,-21,10,7,sil
25.07695817947388,5,0,-18,-42,1,1,4,1,35,21,-12,-7,21,3,sil
25.092376232147217,-5,-2,-16,-40,-5,-9,-20,0,5,-9,-22,-12,2,-21,sil
25.092376232147217,-20,-1,-19,-34,0,-7,-17,-3,-19,-23,-25,-31,-22,-34,sil
25.10804390907288,-18,11,-12,-18,14,-1,-5,-4,-14,-9,-16,-37,-22,-32,sil
25.10804390907288,-14,12,1,-3,12,6,-5,0,-8,-5,-8,-23,-17,-26,sil
25.123652696609497,-16,-2,0,1,1,10,-1,0,-14,-10,-9,-14,-21,-13,sil
25.123652696609497,-6,-4,9,4,4,3,4,0,-5,3,-11,-11,-10,3,sil
25.13912606239319,10,3,11,9,1,0,0,-4,16,16,2,6,11,21,sil
25.13912606239319,16,0,-4,5,-12,-3,-10,-4,13,3,22,29,22,27,sil
25.15475082397461,17,-2,3,0,-10,-10,-11,0,-5,-14,30,39,21,15,sil
25.15475082397461,20,9,30,12,0,-18,-6,-1,-11,-20,33,37,11,4,sil
25.17001271247864,15,19,42,37,0,-14,-1,0,-14,-19,28,26,-6,2,sil
25.17001271247864,5,8,14,37,-5,1,13,5,-8,-1,14,12,-9,1,sil
25.18574047088623,7,-10,-7,13,-7,4,22,4,10,13,9,12,2,4,sil
25.18574047088623,14,-2,4,3,-9,-9,8,3,15,9,25,33,17,14,sil
25.20082926750183,17,16,14,10,-4,-17,-4,1,0,0,39,37,25,17,sil
25.20082926750183,17,16,23,18,0,-9,-6,0,-11,-8,30,27,14,6,sil
25.216864824295044,6,8,13,26,-1,-3,-8,-3,-18,-15,13,16,-3,-4,sil
25.216864824295044,-6,2,-3,18,1,2,-10,-2,-19,-8,4,1,-6,-2,sil
25.232609033584595,-5,-5,-5,5,13,18,0,1,-4,7,-2,-14,0,4,sil
25.232609033584595,-5,-8,-12,11,14,18,6,0,6,13,-16,-25,1,0,sil
25.247793674469,-15,-4,-13,8,10,9,3,-5,3,11,-27,-23,-4,-2,sil
25.247793674469,-17,-13,-4,-13,8,13,8,1,9,15,-26,-25,0,2,sil
25.26388049125672,-9,-21,-9,-26,2,12,15,9,25,14,-28,-32,8,2,sil
25.26388049125672,-4,-13,-15,-28,-3,0,10,7,26,2,-25,-20,9,0,sil
25.279600143432617,-8,-10,-21,-35,-11,-2,-4,-1,6,-8,-15,-4,0,-4,sil
25.279600143432617,-13,-14,-21,-44,-26,-13,-22,-8,-21,-31,-29,-10,-16,-21,sil
25.294692039489743,-6,-9,-11,-41,-25,-22,-24,-7,-28,-29,-29,-9,-13,-24,sil
25.294692039489743,5,2,3,-22,-3,-7,-13,-2,-10,0,5,7,0,-6,sil
25.31071281433105,1,18,16,-3,5,3,-10,0,-7,1,15,9,-11,-6,sil
25.31071281433105,-6,23,10,11,7,1,-6,-1,-8,-13,0,-4,-22,-20,sil
25.32677912712097,0,14,8,19,14,13,7,0,2,-4,0,-8,-17,-15,sil
25.32677912712097,3,10,3,18,16,23,20,2,9,12,0,-5,-17,0,sil
25.34211206436157,0,9,-4,22,16,15,30,6,17,26,0,-4,-9,15,sil
25.34211206436157,6,5,10,29,19,15,35,9,27,35,8,4,5,30,sil
25.35805654525757,12,0,3,20,14,21,32,6,29,32,9,3,8,27,sil
25.35805654525757,1,-8,-18,-1,7,7,21,3,26,31,6,1,8,19,sil
25.372947216033936,1,-9,-14,-9,0,-14,4,3,23,29,3,7,19,17,sil
25.372947216033936,12,-8,-3,-3,-17,-32,-19,-8,4,3,-2,4,21,6,sil
25.388549089431763,6,-12,-3,-13,-34,-35,-39,-15,-19,-27,-5,1,6,-11,sil
25.388549089431763,0,-16,-9,-25,-26,-18,-30,-5,-25,-33,6,8,1,-13,sil
25.40378880500793,7,-5,2,-15,-8,-9,-14,0,-20,-26,14,20,7,-1,sil
25.40378880500793,13,10,24,7,0,-16,-17,0,-21,-25,15,26,7,3,sil
25.418944597244263,8,17,14,11,0,-15,-20,3,-23,-19,19,19,10,-2,sil
25.418944597244263,-1,11,3,-1,0,-7,-13,1,-22,-13,17,7,13,-11,sil
25.434431791305546,-8,4,2,-3,4,-4,-10,-9,-22,-19,4,-2,0,-17,sil
25.434431791305546,-16,0,4,2,0,-2,-12,-8,-20,-22,-6,-10,-17,-21,sil
25.450427293777462,-26,0,0,1,-3,5,-9,1,-8,-11,-1,-13,-19,-20,sil
25.450427293777462,-23,0,-7,8,4,10,0,2,-1,-3,4,-16,-15,-13,sil
25.466039657592773,-7,0,5,19,12,16,10,0,-4,-1,0,-9,-12,0,sil
25.466039657592773,-2,-5,7,9,3,19,19,0,0,5,-11,-6,-5,7,sil
25.481565713882446,-4,-9,0,-2,-6,17,21,2,12,14,-18,-13,-6,0,sil
25.481565713882446,3,2,8,11,3,25,33,10,27,30,-8,-9,0,8,sil
25.497071981430054,14,14,2,26,15,29,45,10,38,43,6,7,16,29,sil
25.497071981430054,8,3,-3,12,9,12,27,2,27,20,-1,9,7,22,sil
25.51290845870972,0,-2,-2,-2,0,0,3,1,11,0,-16,-5,-8,3,sil
25.51290845870972,4,3,-5,-5,0,0,0,0,10,10,-11,-6,-4,4,sil
25.52860856056213,10,2,-4,-10,0,-3,0,-7,1,8,-4,0,0,6,sil
25.52860856056213,5,-5,-6,-11,-3,-10,-8,-10,-10,-8,-7,-5,-2,-1,sil
25.544633865356445,0,-3,0,0,-7,-3,-6,-3,-5,-8,-14,-8,-4,-1,sil
25.544633865356445,2,2,-1,5,0,10,6,3,10,6,-10,-1,5,4,sil
25.559828281402588,1,-4,-9,-8,4,0,5,7,14,10,6,3,18,5,sil
25.559828281402588,-4,-17,-10,-25,-11,-18,-12,6,6,0,9,1,15,-2,sil
25.575924396514893,-5,-20,-15,-18,-17,-21,-22,0,4,0,-2,-1,5,-7,sil
25.575924396514893,-1,-7,-8,-7,-1,-9,-19,-3,0,0,-1,3,0,-7,sil
25.59162020683289,0,0,1,-10,2,-3,-16,0,-9,-13,9,11,0,-7,sil
25.59162020683289,8,-3,2,-14,-2,-9,-11,0,-6,-13,18,11,8,-1,sil
25.60684180259705,17,3,14,-8,-1,-12,-8,-1,0,1,25,24,10,5,sil
25.62294912338257,13,18,13,3,5,-2,-9,-3,-9,0,22,26,3,3,sil
25.62294912338257,1,16,8,6,6,-6,-16,-1,-25,-18,6,11,-2,-3,sil
25.62294912338257,-5,4,7,-6,0,-23,-21,-4,-31,-21,7,2,-8,-8,sil
25.638081312179565,-11,-2,0,-12,-1,-16,-9,-8,-22,-8,12,-4,-18,-11,sil
25.638081312179565,-13,0,0,2,1,8,6,0,-11,-3,-7,-13,-20,-8,sil
25.653587579727173,-4,8,-1,15,0,9,13,2,-1,-12,-23,-17,-9,-1,sil
25.653587579727173,-2,8,-2,7,-6,-2,6,-1,0,-13,-12,-16,-10,-4,sil
25.669691562652588,-5,5,0,4,-4,3,11,0,-2,0,-4,-16,-14,-6,sil
25.68513059616089,1,4,5,21,4,13,22,3,2,6,-3,-6,3,6,sil
25.68613338470459,8,5,17,28,9,15,21,5,11,5,2,8,17,16,sil
25.70113945007324,0,2,6,25,16,22,16,4,12,13,6,9,15,8,sil
25.70113945007324,-1,3,-4,23,21,26,14,2,11,19,5,4,14,0,sil
25.70113945007324,-1,2,2,14,7,11,4,1,5,11,0,-1,7,-6,sil
25.71683955192566,-13,-11,-5,-4,-16,-11,-7,-5,-6,-1,-17,-14,-10,-8,sil
25.71683955192566,-17,-12,-10,-16,-20,-13,-10,-7,-3,-5,-19,-9,-8,0,sil
25.732388019561768,0,0,-2,-9,-10,6,1,1,9,5,5,5,7,10,sil
25.732388019561768,7,-6,0,-4,-4,9,7,3,10,9,6,0,0,3,sil
25.74814081192017,-2,-17,-5,-7,0,-1,0,2,10,1,-17,-16,-14,-4,goodbye
25.74814081192017,-6,-8,-12,-3,1,5,0,5,16,4,-16,-17,-6,0,goodbye
25.763188123703003,0,-3,0,-1,3,14,6,7,6,5,0,-8,-5,2,goodbye
25.778750896453857,-1,-9,-2,-6,8,1,4,0,0,0,-4,-6,-15,-3,goodbye
25.778750896453857,0,-7,-14,-11,4,-9,1,-2,1,4,-11,-4,-9,-2,goodbye
25.778750896453857,11,3,-6,-9,0,0,0,2,5,15,0,10,10,13,goodbye
25.79397940635681,15,9,2,-1,0,-2,-8,4,10,18,13,19,21,22,goodbye
25.81005501747132,9,2,4,-2,-9,-15,-13,-3,13,11,18,15,16,12,goodbye
25.81005501747132,3,-6,-5,-18,-18,-12,-13,-12,1,-2,14,11,13,-1,goodbye
25.82697105407715,0,-5,-8,-25,-7,-4,-15,-10,-13,-16,5,15,12,-6,goodbye
25.82697105407715,1,2,7,-14,3,-5,-5,-1,-15,-17,2,14,3,-6,goodbye
25.82762718200684,8,4,8,-5,2,-7,3,0,-6,-9,7,6,0,-3,goodbye
25.841739892959595,5,1,7,-7,0,-12,-9,1,0,-3,14,12,10,0,goodbye
25.8567795753479,4,0,9,-6,-2,-16,-9,6,2,-3,15,18,13,0,goodbye
25.8567795753479,6,0,8,-1,0,-11,8,0,-5,-13,5,3,-1,-4,goodbye
25.87176513671875,-1,9,12,11,4,-1,9,-1,-28,-25,-7,-9,-15,-4,goodbye
25.87176513671875,-11,17,2,23,5,4,0,0,-31,-24,-11,-12,-15,-8,goodbye
25.887089252471924,-5,12,1,16,-1,0,-10,0,-19,-23,-4,-7,-10,-15,goodbye
25.887089252471924,4,8,10,10,-4,-5,-19,0,-14,-19,8,-1,-3,-14,goodbye
25.90267944335937,1,14,5,21,8,-1,-16,0,-14,-11,3,-7,-7,-13,goodbye
25.90267944335937,-1,18,8,31,18,12,-3,2,-7,0,-11,-12,-12,-8,goodbye
25.918290376663208,4,8,9,33,9,20,10,0,13,20,6,2,3,13,goodbye
25.918290376663208,3,-1,0,21,1,15,14,1,27,34,21,6,11,24,goodbye
25.934324741363525,-11,-4,-14,6,5,8,9,0,14,27,-7,-15,-7,3,goodbye
25.934324741363525,-21,-6,-16,1,6,12,13,-6,0,15,-23,-30,-21,-4,goodbye
25.949907302856445,-19,-12,-4,-5,-1,22,25,0,6,12,-12,-20,-15,6,goodbye
25.949907302856445,-17,-26,-19,-23,-8,12,24,3,14,13,-21,-22,-10,4,goodbye
25.96598482131958,-14,-31,-29,-29,-9,-5,13,2,10,12,-33,-25,-6,-5,goodbye
25.96598482131958,-8,-18,-11,-23,-7,0,10,3,12,6,-19,-6,3,0,goodbye
25.98188662528992,0,-11,-1,-18,-5,6,10,0,20,9,-3,10,17,12,goodbye
25.98188662528992,8,-13,1,-17,-4,-1,6,-2,15,5,0,16,16,7,goodbye
25.99671626091004,2,-10,-4,-14,-6,-6,0,3,2,-5,2,15,5,0,goodbye
25.99671626091004,0,-5,-6,-8,-1,-5,-9,3,5,-1,7,19,11,3,goodbye
26.011876583099365,15,2,5,1,4,-7,-13,0,15,9,21,31,25,12,goodbye
26.011876583099365,26,11,9,6,-1,-7,-7,-2,5,2,32,36,20,6,goodbye
26.02757430076599,21,19,15,1,-10,-8,-8,0,-10,-7,21,32,5,0,goodbye
26.02757430076599,18,21,12,2,-7,-10,-19,-2,-15,-3,10,13,5,0,goodbye
26.04359459877014,14,16,6,3,-4,-8,-23,-1,-23,-11,11,-6,0,-3,goodbye
26.04359459877014,5,13,11,2,-1,-6,-18,3,-30,-28,8,-8,-13,-6,goodbye
26.05958247184753,2,14,8,5,7,-11,-12,0,-18,-21,3,-2,-8,-2,goodbye
26.05958247184753,7,18,8,7,15,-7,-4,0,0,0,11,0,4,0,goodbye
26.07610583305359,7,13,5,10,15,0,0,6,12,3,12,-4,0,-3,goodbye
26.07610583305359,-5,1,1,13,9,-6,-8,-3,0,-18,-3,-12,-15,-14,goodbye
26.092036724090576,-17,0,3,11,3,-10,-12,-8,-19,-25,-10,-13,-21,-16,goodbye
26.092036724090576,-10,-4,-4,8,1,6,8,-2,-13,-6,-11,-16,-13,-5,goodbye
26.11291027069092,-9,-24,-13,0,-4,17,17,-1,0,3,-29,-24,-14,-3,goodbye
26.11291027069092,-19,-24,-15,-6,-10,12,5,-3,0,4,-36,-26,-14,-8,goodbye
26.11291027069092,-13,-6,-8,-1,-3,8,4,0,6,11,-20,-12,-5,-2,goodbye
26.12291955947876,-4,-8,-2,-2,2,14,15,3,19,17,-5,-1,4,8,goodbye
26.138962030410767,-7,-18,-12,-15,-1,12,19,3,29,20,5,-1,18,13,goodbye
26.138962030410767,-6,-12,-9,-23,-10,-6,5,4,23,14,0,5,17,13,goodbye
26.15474247932434,-2,-7,-2,-25,-12,-21,-8,0,0,-5,-8,10,5,5,goodbye
26.15474247932434,0,-3,0,-19,-9,-17,-13,-9,-18,-15,11,11,4,-2,goodbye
26.17012357711792,1,9,11,-3,-5,-3,-12,-6,-27,-11,25,15,0,-12,goodbye
26.17012357711792,-1,10,4,4,-2,4,-1,0,-29,-9,3,6,-13,-21,goodbye
26.18563342094421,0,6,2,8,9,10,14,7,-18,-1,-6,-3,-5,-11,goodbye
26.18563342094421,4,18,11,28,23,21,28,6,0,11,2,-1,9,6,goodbye
26.201024293899536,0,17,6,35,23,27,28,1,13,20,1,-2,8,9,goodbye
26.201024293899536,-2,-2,0,8,11,18,17,5,26,25,-1,-4,3,10,goodbye
26.21660089492798,0,-7,-14,-5,0,4,5,2,28,25,-2,-6,1,11,goodbye
26.21660089492798,4,2,-12,-1,-3,-9,-10,-3,13,11,-2,-3,0,9,goodbye
26.231991291046143,14,2,3,-2,-3,-17,-24,-1,0,-2,9,9,10,15,goodbye
26.231991291046143,20,-2,7,-4,-8,-13,-23,0,-4,-19,10,20,11,10,goodbye
26.248231410980225,13,2,8,-6,-13,-9,-20,-5,-11,-36,0,19,-7,-8,goodbye
26.248231410980225,13,13,7,0,-2,-11,-19,-3,-4,-25,9,12,-11,-14,goodbye
26.26433515548706,12,20,15,23,9,0,-5,4,4,2,20,10,0,0,goodbye
26.26433515548706,0,14,19,30,6,9,11,2,0,8,3,8,0,8,goodbye
26.28000020980835,-3,-5,2,11,0,5,15,-4,-1,2,-8,-3,-10,5,goodbye
26.28000020980835,-5,-23,-5,-2,0,4,17,0,6,14,-7,-17,-5,3,goodbye
26.295690774917603,-8,-21,-11,0,-1,0,15,1,9,17,-6,-11,4,8,goodbye
26.295690774917603,-2,-11,-10,-2,-10,-12,-1,-2,2,-7,0,3,6,7,goodbye
26.31157636642456,0,-9,-3,-9,-13,-15,-12,0,1,-20,12,1,3,-6,goodbye
26.31157636642456,-5,-14,-10,-15,-9,-11,-9,0,6,-1,6,-6,3,-11,goodbye
26.32665634155273,0,-5,-7,-14,-2,-9,-9,0,8,12,-3,1,5,1,goodbye
26.32665634155273,4,2,-6,-10,0,-5,-10,2,4,14,-1,7,11,8,goodbye
26.342276573181152,-9,-10,-15,-25,-5,-12,-15,-5,-8,0,-2,-2,4,-8,goodbye
26.342276573181152,-18,-7,-11,-40,-10,-10,-26,-9,-24,-27,-10,-4,-14,-29,goodbye
26.357871055603027,-5,17,-4,-22,1,8,-18,0,-24,-23,-10,-7,-19,-28,goodbye
26.357871055603027,-2,23,5,-3,12,13,0,5,-16,-6,-13,-17,-15,-18,goodbye
26.37300992012024,-10,12,6,0,7,7,10,0,-9,-6,-10,-15,-5,-12,goodbye
26.37300992012024,-1,16,9,8,9,15,16,1,0,1,7,-1,5,-1,goodbye
26.388628244400024,6,20,17,20,19,20,19,10,0,19,8,-2,7,6,goodbye
26.388628244400024,-6,7,5,14,14,11,16,3,-7,5,-13,-18,-4,0,goodbye
26.40389657020569,-14,-6,-2,-3,0,8,10,-4,-10,-13,-19,-13,-16,-4,goodbye
26.40389657020569,0,-12,-4,-2,-6,14,16,2,-4,0,-2,-1,-9,5,goodbye
26.41961169242859,13,-9,0,18,0,11,25,3,4,16,3,3,2,20,goodbye
26.41961169242859,19,-2,14,28,3,0,18,-3,10,14,6,10,5,26,goodbye
26.4362268447876,13,-3,7,22,-4,-4,5,-3,10,15,13,13,11,22,goodbye
26.4362268447876,-1,-15,-3,7,-13,3,0,0,7,13,-2,3,7,11,goodbye
26.451855659484863,-3,-19,-3,-3,-12,4,-1,-1,10,2,-19,-7,-9,0,goodbye
26.451855659484863,0,-9,0,0,-6,-7,-6,0,12,-5,-4,-2,-9,-4,goodbye
26.46743941307068,-4,-1,0,10,-2,-13,-12,1,8,-12,-2,10,3,-5,goodbye
26.46743941307068,-3,-6,-11,0,-4,-14,-17,-3,9,-11,-12,8,5,-6,goodbye
26.483038902282715,2,-10,-8,-13,-5,-17,-19,-3,12,-1,0,9,8,0,goodbye
26.483038902282715,3,0,2,0,6,-8,-10,0,17,7,20,19,17,8,goodbye
26.49885129928589,3,14,-2,3,16,0,-6,0,11,0,20,12,13,2,goodbye
26.49885129928589,8,13,-2,-12,2,-8,-10,2,-6,-11,17,8,4,-1,goodbye
26.51462721824646,10,7,3,-10,-7,-15,-8,3,-7,-5,24,15,12,4,goodbye
26.51462721824646,13,12,11,0,3,-7,-4,0,7,2,26,19,15,6,goodbye
26.52974772453308,11,19,8,-3,10,3,-1,0,12,5,28,16,12,3,goodbye
26.52974772453308,0,12,1,0,1,0,-1,0,-4,4,20,6,7,-2,goodbye
26.545912742614743,-9,3,5,5,-1,-1,-4,0,-27,-5,-3,-8,-7,-13,goodbye
26.545912742614743,-8,0,2,-1,-1,5,0,1,-17,-7,-9,-14,-12,-9,goodbye
26.561051845550537,-7,0,2,-9,0,10,4,1,5,11,1,-8,-7,1,goodbye
26.561051845550537,-4,7,6,-1,4,6,2,0,0,8,-1,-6,-13,-4,goodbye
26.57673192024231,4,16,0,12,5,7,8,-3,-15,-10,-13,-11,-18,-14,goodbye
26.57673192024231,1,5,1,12,5,12,14,-4,-18,-6,-21,-21,-16,-9,goodbye
26.59274792671204,-8,-9,-6,5,4,11,11,-3,-24,-1,-29,-29,-17,-5,goodbye
26.59274792671204,-3,-4,-11,6,-3,5,7,-1,-21,-15,-29,-18,-14,-4,goodbye
26.607932329177856,1,-6,-4,1,-13,0,5,0,-4,-12,-23,-9,-11,-2,sil
26.607932329177856,-12,-24,-17,-17,-13,-5,4,0,-7,0,-26,-18,-15,-5,sil
26.623096704483032,-20,-23,-18,-20,-4,1,7,0,-14,1,-24,-15,-8,-5,sil
26.623096704483032,-10,-7,-4,-2,0,17,15,2,8,9,-2,-3,6,4,sil
26.6387140750885,-9,-9,-3,-3,-3,6,9,2,23,15,6,-5,4,4,sil
26.65393114089965,-11,-11,-5,-18,-3,-10,-9,0,10,1,-2,-1,0,-2,sil
26.65393114089965,4,-1,0,-14,0,-6,-17,0,7,-10,2,7,12,0,sil
26.669565439224243,15,1,11,0,0,0,-5,5,18,0,13,13,13,10,sil
26.669565439224243,6,-1,4,4,0,-2,1,8,29,14,4,14,6,10,sil
26.685636520385746,4,-5,-5,-5,0,-8,-5,1,31,15,0,18,11,8,sil
26.685636520385746,17,0,8,0,-3,-8,-5,0,24,12,15,27,21,12,sil
26.70168876647949,24,7,9,20,5,0,4,0,14,13,24,28,23,15,sil
26.70168876647949,14,5,3,16,12,1,8,1,9,14,18,22,19,17,sil
26.70168876647949,8,2,4,0,3,-1,6,-1,0,8,15,13,16,15,sil
26.71776580810547,6,0,5,-1,-7,-13,-4,-10,-15,-14,8,0,1,0,sil
26.71776580810547,-5,-1,1,0,-7,-19,-24,-10,-25,-33,2,-7,-13,-12,sil
26.73222041130066,-14,8,-3,3,0,-9,-23,-6,-14,-14,13,0,-5,-5,sil
26.74825954437256,-5,23,6,8,5,-4,-14,-4,-11,-2,11,0,-1,-2,sil
26.74825954437256,0,18,8,2,7,-7,-12,0,-20,-14,0,-8,-11,-10,sil
26.763532161712646,0,8,5,1,9,2,-10,3,-13,-10,3,-6,-4,-8,sil
26.763532161712646,0,13,10,12,9,17,-2,3,-8,-1,5,0,2,-7,sil
26.779056787490845,-5,10,0,16,4,13,3,0,-19,-11,-9,-8,-13,-19,sil
26.779056787490845,-13,-2,-4,4,-1,7,3,4,-25,-19,-27,-22,-34,-24,sil
26.79463577270508,-16,-4,-6,-1,0,16,7,7,-19,-12,-32,-25,-35,-21,sil
26.79463577270508,-15,-6,-16,-1,5,22,22,1,-8,0,-22,-22,-22,-15,sil
26.81000065803528,-2,-12,-5,0,1,19,31,2,11,19,-5,-5,-3,2,sil
26.81000065803528,10,-13,0,4,-5,10,23,6,28,34,1,0,13,22,sil
26.82612037658692,6,-12,-5,1,-6,-4,15,4,30,28,0,-3,18,22,sil
26.82612037658692,0,-13,-6,-16,-11,-11,15,3,35,21,5,8,19,17,sil
26.842217683792114,12,-5,-3,-19,-13,-6,9,4,37,22,12,25,27,22,sil
26.842217683792114,22,6,8,-2,-3,-6,4,2,23,9,14,24,28,24,sil
26.85789680480957,13,8,0,-1,0,-16,0,-3,2,-11,14,15,11,12,sil
26.85789680480957,2,0,-7,-17,-2,-23,-19,-10,-16,-29,7,11,-9,-6,sil
26.87496423721313,0,-1,0,-12,-2,-16,-30,-10,-30,-34,-2,1,-13,-21,sil
26.87496423721313,-10,0,2,7,-1,-3,-20,-9,-27,-23,-12,-16,-7,-21,sil
26.87596583366394,-21,1,3,13,2,10,-10,-2,-11,-6,-20,-26,-10,-8,sil
26.88965749740601,-17,-3,-1,9,5,24,0,0,6,13,-13,-21,-8,0,sil
26.90576481819153,-13,-15,-6,0,1,20,9,0,8,27,-4,-14,-2,0,sil
26.90576481819153,-14,-14,-5,-14,0,0,5,0,1,22,-13,-13,-6,0,sil
26.921320915222168,0,-2,-2,-14,0,-14,-3,-2,1,6,-10,-3,2,2,sil
26.921320915222168,17,8,10,-10,-3,-14,-12,0,-1,-2,15,23,20,6,sil
26.93666648864746,21,14,13,-8,-1,-9,-17,2,-9,-4,29,34,17,6,sil
26.93666648864746,16,13,9,0,4,-15,-16,0,-5,-5,21,24,5,0,sil
26.95363569259644,6,8,13,1,2,-17,-15,2,0,-7,19,17,5,-4,sil
26.95363569259644,0,1,4,0,0,-6,-11,3,-10,-13,14,6,0,-6,sil
26.95363569259644,3,5,6,14,9,12,3,3,-14,-16,-3,-2,-19,-7,sil
26.968142986297607,4,14,8,28,10,20,15,3,0,-2,-11,-5,-19,-5,sil
26.98410153388977,-8,0,-5,18,-2,12,11,-2,0,3,-10,-13,-14,-3,sil
26.98410153388977,-15,-12,-10,8,-2,14,15,-3,-2,-3,-20,-21,-18,0,sil
26.99968099594116,-2,-1,-11,16,9,28,31,9,13,7,-22,-21,-9,7,sil
26.99968099594116,1,2,-6,13,5,23,34,10,23,18,-10,-9,6,9,sil
27.014854669570923,-2,-12,-7,-4,-5,2,20,-2,13,4,-6,-2,10,9,sil
27.014854669570923,-2,-20,-9,-15,-6,-8,7,-3,11,-1,-10,-2,7,15,sil
27.030280828475952,0,-12,-3,-12,-4,-5,0,5,12,4,-3,1,14,13,sil
27.030280828475952,3,-7,-7,-11,-3,-4,0,0,11,4,14,8,24,1,sil
27.04580545425415,7,-3,0,-15,-4,-14,-3,-5,11,2,27,16,19,-1,sil
27.04580545425415,5,0,7,-14,-5,-22,-14,-1,0,2,26,19,12,-1,sil
27.061018466949463,0,7,2,-6,0,-19,-13,-4,-17,-5,21,14,11,-13,sil
27.061018466949463,0,20,7,-1,2,-13,-18,-8,-24,-16,11,3,-1,-21,sil
27.07589054107666,-4,18,3,0,-3,-12,-36,-6,-14,-18,-6,-8,-20,-17,sil
27.07589054107666,-7,9,0,4,-6,-7,-36,-1,-7,-14,-15,-13,-26,-13,sil
27.09107518196106,-3,14,7,16,0,4,-11,1,-8,-1,0,-3,-13,-8,sil
27.09107518196106,0,17,10,24,9,15,3,1,-4,12,4,0,0,3,sil
27.10685682296753,-5,3,1,14,13,22,12,3,-2,11,-11,-10,-11,6,sil
27.10685682296753,-15,-16,-14,2,6,14,20,0,-12,0,-20,-23,-24,0,sil
27.12190270423889,-13,-22,-10,-6,-2,-2,14,-1,-13,-1,-15,-12,-11,-1,sil
27.12190270423889,-7,-16,-6,-18,-11,-2,8,1,3,8,-10,0,5,5,sil
27.13798475265503,0,-12,-6,-14,-10,3,12,5,13,10,-5,3,11,13,sil
27.13798475265503,23,-2,14,3,1,3,8,8,21,12,13,27,25,26,sil
27.153919219970703,34,5,17,0,8,0,-5,0,28,17,32,40,33,21,sil
27.153919219970703,9,8,7,-12,1,-5,-18,-6,5,-1,23,17,14,0,sil
27.16907215118408,0,22,16,14,8,0,-9,0,-19,-15,9,2,1,-5,sil
27.16907215118408,9,23,11,36,18,14,13,5,-10,1,6,1,-1,2,sil
27.18458390235901,-7,-4,-3,7,1,19,24,0,-2,6,-11,-17,-19,0,sil
27.18458390235901,-27,-26,-21,-16,-12,13,23,0,0,2,-33,-37,-19,-4,sil
27.19971370697021,-16,-29,-29,-22,-8,1,16,3,8,5,-33,-32,-5,-4,sil
27.19971370697021,-1,-22,-24,-37,-6,-5,4,4,11,0,-26,-21,-9,-7,sil
27.215829610824585,3,-11,-17,-31,-5,-6,-3,-5,6,-12,-17,-12,-11,-3,sil
27.215829610824585,2,-6,-5,-13,-5,-19,-13,-7,0,-18,0,4,0,-5,sil
27.23189377784729,4,1,3,-6,-5,-27,-18,0,4,-13,22,20,15,-6,sil
27.23189377784729,18,18,21,5,1,-19,-13,0,10,-1,39,30,23,3,sil
27.247989892959595,22,22,28,16,0,-22,-20,-5,-5,-6,31,29,15,0,sil
27.247989892959595,2,15,6,12,-7,-27,-35,-3,-25,-25,10,9,-3,-20,sil
27.2636661529541,-3,19,11,20,2,0,-21,0,-20,-18,0,0,-12,-18,sil
27.2636661529541,0,19,18,36,18,24,8,0,-6,7,2,0,-9,0,sil
27.27929139137268,-5,13,7,36,16,18,13,0,-4,16,0,-7,-7,8,sil
27.27929139137268,-7,10,6,24,2,19,7,0,-1,15,-1,-3,0,12,sil
27.294830322265625,-2,-1,0,14,-1,25,18,4,10,21,-2,0,9,14,sil
27.294830322265625,-2,-12,-4,7,0,15,24,5,15,19,-7,0,9,12,sil
27.31082034111023,0,-14,-3,-1,-1,5,12,-1,13,17,-14,-3,5,13,sil
27.31082034111023,0,-22,-9,-17,-7,0,2,-5,9,10,-15,-8,2,12,sil
27.32588624954224,-8,-22,-19,-31,-7,-1,-1,0,1,-9,-12,-7,-8,-1,sil
27.32588624954224,-13,-13,-27,-36,-10,-7,-12,0,-7,-21,-9,-1,-13,-14,sil
27.341889142990112,-3,-3,-7,-29,-12,-14,-18,-2,-16,-15,3,8,-3,-9,sil
27.341889142990112,9,12,13,-3,1,-7,1,2,-10,-8,21,13,6,-5,sil
27.357771396636963,4,18,5,11,12,2,14,4,2,-7,10,0,-2,-9,sil
27.357771396636963,-13,5,-3,3,4,2,1,1,0,-3,-13,-21,-21,-10,sil
27.37311816215515,-21,-10,-11,0,-2,2,4,1,-7,8,-11,-24,-14,-6,sil
27.37311816215515,-14,-19,-15,-5,-2,4,16,5,6,17,-3,-14,3,0,sil
27.389105081558228,-1,-16,-10,-14,-1,2,8,2,22,14,-5,-7,9,6,sil
27.389105081558228,17,0,0,-8,0,-3,-5,-2,18,4,7,7,12,10,sil
27.40462350845337,25,9,13,-3,2,-13,-13,-1,7,0,25,30,20,6,sil
27.40462350845337,15,11,7,0,3,-20,-21,-4,-4,-6,21,22,12,0,sil
27.419806480407715,5,21,11,13,2,-6,-20,-7,-20,-15,4,-1,-10,-7,sil
27.419806480407715,0,21,16,21,3,12,-2,-1,-17,-11,-1,-4,-13,-3,sil
27.435826301574707,-2,1,8,12,4,16,15,2,0,4,0,1,2,6,sil
27.435826301574707,2,-6,11,5,0,10,17,5,10,11,-7,0,7,12,sil
27.45142364501953,3,-4,4,-2,-8,-2,3,2,17,7,-17,-4,4,13,sil
27.45142364501953,1,-5,0,-14,-6,-19,-13,-1,9,0,-4,9,9,6,sil
27.466603994369507,11,0,8,-9,3,-14,-16,2,-7,-5,17,29,13,-3,sil
27.466603994369507,22,14,12,6,16,0,-10,4,-11,-7,23,25,9,-1,sil
27.48212456703186,11,23,15,17,18,0,-7,-2,-12,-10,11,3,-5,-1,sil
27.48212456703186,-13,11,-4,12,6,3,0,-11,-21,-16,-13,-21,-21,-17,sil
27.498112678527832,-26,-13,-20,0,-2,14,13,-4,-19,-12,-30,-30,-21,-20,sil
27.498112678527832,-17,-19,-11,2,0,25,26,4,-1,5,-14,-17,-11,0,sil
27.51362037658692,-12,-15,-13,8,-5,16,21,0,4,10,-1,-13,-12,6,sil
27.529043912887573,-17,-15,-9,2,-19,-2,1,-3,1,3,-12,-16,-10,1,sil
27.529043912887573,-5,-8,-4,3,-14,-3,-4,2,12,15,-11,-9,8,7,sil
27.529043912887573,6,-4,-8,2,-2,2,0,2,23,17,-4,-2,3,9,sil
27.544960021972656,-2,-13,-11,-8,-6,0,1,3,22,5,-6,-1,-6,0,sil
27.544960021972656,-4,-13,-13,-10,-13,-7,1,4,19,6,0,3,12,1,sil
27.56057333946228,3,0,-3,-12,-5,-8,0,0,4,0,8,11,15,2,sil
27.561573028564453,6,5,-2,-13,4,-2,1,-4,-3,-6,13,10,3,0,sil
27.57564783096313,9,2,0,-6,2,-4,1,-2,3,2,15,13,13,0,sil
27.59231376647949,8,2,10,-7,-3,-11,-10,1,0,0,5,15,12,0,sil
27.59231376647949,4,5,7,-12,0,-9,-11,-3,-11,-13,0,12,0,-3,sil
27.59231376647949,9,13,6,-10,9,-9,-7,-6,-13,-10,5,12,2,-5,sil
27.606712818145752,15,19,5,-1,6,-16,-17,0,-12,-4,12,7,1,-6,sil
27.622004747390747,11,18,7,2,2,-14,-23,0,-15,-6,12,1,-5,-6,sil
27.622004747390747,1,15,14,4,5,-3,-12,0,-16,-14,8,2,-9,-10,sil
27.63769745826721,-5,10,7,5,6,-4,-2,1,-11,-18,6,-1,-12,-10,sil
27.63769745826721,-10,5,3,9,3,-5,0,4,-5,-8,2,-6,-10,-1,sil
27.652791023254395,-11,1,4,17,8,12,6,5,-1,4,-5,-9,0,0,sil
27.652791023254395,-3,0,7,25,14,31,19,3,4,14,-5,-16,3,5,sil
27.66836309432984,4,0,6,23,14,33,26,1,11,22,-3,-12,3,13,sil
27.66836309432984,-7,-8,-12,11,13,23,23,0,7,17,-13,-11,0,0,sil
27.68410015106201,-25,-20,-13,-2,10,9,12,-1,-1,0,-28,-27,-16,-11,sil
27.68410015106201,-20,-22,-10,-17,-1,0,3,-3,-1,1,-27,-27,-20,0,sil
27.69969749450684,-11,-20,-21,-21,-18,3,4,0,5,13,-12,-8,-5,12,sil
27.69969749450684,-9,-18,-12,-16,-20,15,18,5,17,14,-2,0,5,11,sil
27.71582579612732,0,-11,-7,-12,-10,11,24,2,27,8,-3,0,4,10,sil
27.71582579612732,8,-1,-4,-9,-4,-2,5,0,15,0,0,10,3,16,sil
27.73096370697021,6,-1,1,-4,-8,-11,-10,0,1,-6,11,18,15,15,sil
27.73096370697021,6,-11,0,-8,-20,-18,-10,-1,5,-4,8,9,19,0,sil
27.746867895126343,12,-4,6,-9,-25,-18,-13,-2,4,-5,0,5,5,-4,sil
27.747291326522827,12,12,9,5,-16,-14,-23,-4,-4,-13,6,11,0,0,sil
27.76190948486328,12,15,7,11,-6,-20,-27,-5,-7,-16,12,26,8,-5,sil
27.76190948486328,28,18,18,12,4,-19,-15,0,0,1,25,39,22,0,sil
27.778080224990845,37,28,27,16,16,-10,-7,0,-3,11,42,36,31,16,sil
27.778080224990845,19,21,27,15,9,-8,-17,-3,-17,-10,31,28,11,9,sil
27.793604373931885,8,12,14,20,9,-5,-14,0,-11,-17,18,25,-4,-8,sil
27.793604373931885,10,17,8,18,20,-1,-2,6,1,0,18,12,0,-13,sil
27.808706521987915,-6,7,0,0,10,-4,-5,0,-9,0,0,-15,-9,-18,sil
27.808706521987915,-30,-14,-17,-8,-6,-4,-7,-10,-28,-18,-25,-36,-33,-27,sil
27.82476019859314,-26,-9,-10,0,0,8,1,-9,-26,-18,-22,-31,-29,-26,sil
27.82476019859314,-11,9,-7,10,11,19,12,-2,-15,-6,-11,-27,-13,-17,sil
27.8401882648468,-10,3,-12,1,11,17,15,2,-11,-4,-27,-34,-17,-10,sil
27.8401882648468,-15,-10,-11,-4,7,16,12,5,-9,-1,-36,-31,-18,-5,sil
27.855788230896,-15,-8,-16,0,3,17,13,2,0,10,-22,-23,-7,0,sil
27.855788230896,-15,-6,-14,-10,1,17,16,3,12,15,-23,-19,-8,6,sil
27.870984077453613,-24,-20,-24,-30,3,18,26,4,21,16,-37,-21,-16,3,sil
27.870984077453613,-28,-28,-36,-37,5,19,36,4,24,18,-33,-25,-15,1,sil
27.886215686798096,-11,-19,-19,-27,4,18,34,14,32,24,-14,-17,-1,7,sil
27.886215686798096,5,-15,-7,-11,-1,4,19,13,36,29,-4,-8,10,14,sil
27.90128874778748,0,-17,0,-10,-13,-12,-1,-1,16,16,-3,-3,11,11,sil
27.90128874778748,0,-10,0,-6,-13,-12,-11,-6,6,5,11,3,16,9,sil
27.917092323303223,10,0,2,0,0,-10,-12,-1,17,8,28,17,26,17,sil
27.917092323303223,15,5,14,0,0,-19,-16,-1,10,2,35,33,26,18,sil
27.932637214660645,21,11,14,2,-11,-19,-12,-4,-1,-2,42,39,24,13,sil
27.932637214660645,30,14,27,11,-15,-12,-11,0,-6,-6,35,45,23,14,sil
27.947826385498047,30,19,32,23,-16,-19,-25,-1,-13,-13,27,54,21,12,sil
27.947826385498047,35,24,31,27,-13,-26,-36,-5,-14,-16,42,54,19,12,sil
27.963499546051025,30,20,40,17,0,-12,-21,-1,-5,-17,44,44,15,10,sil
27.963499546051025,3,11,17,17,0,-1,-6,0,-4,-18,22,19,4,-5,sil
27.97966980934143,-3,12,9,22,-6,-8,-13,-4,-20,-18,5,0,-7,-17,sil
27.99381923675537,1,15,15,16,3,-5,-10,-5,-22,-13,-1,-13,-14,-13,sil
27.99381923675537,-9,5,-5,3,11,6,2,0,-10,-7,-15,-25,-15,-12,sil
28.0095648765564,-20,-5,-15,-6,8,9,0,1,-6,-7,-30,-30,-18,-15,sil
28.0095648765564,-20,-2,-19,-7,8,8,0,-2,-12,-17,-40,-35,-28,-20,sil
28.0095648765564,-18,3,-15,-5,7,14,7,-4,-19,-29,-44,-40,-39,-26,sil
28.024587154388428,-13,0,-7,-3,2,18,14,0,-14,-14,-37,-30,-33,-15,sil
28.04068613052368,-18,-14,-18,-11,-1,15,16,0,-5,7,-29,-22,-18,-6,sil
28.04068613052368,-24,-14,-15,-14,0,15,12,2,-7,5,-31,-29,-20,-17,sil
28.0567045211792,-8,-3,-10,4,11,22,16,1,0,14,-24,-23,-16,-16,sil
28.0567045211792,3,-6,-8,8,10,20,20,2,16,37,-2,-3,4,5,sil
28.0567045211792,-4,-16,-6,-8,-1,8,18,7,20,32,11,1,13,16,sil
28.07179617881775,-2,-15,-13,0,2,0,12,7,21,20,12,10,14,13,sil
28.08704829216004,12,-9,-8,12,8,-6,4,6,15,22,13,25,24,10,sil
28.08704829216004,20,-8,-4,5,0,-2,3,2,8,21,24,25,28,14,sil
28.102831840515137,24,-4,-2,26,7,4,4,0,15,18,38,30,32,16,sil
28.102831840515137,17,0,1,22,14,-1,1,1,23,11,29,27,31,12,sil
0.0284328460693359,0,0,3,-28,-4,-17,-9,0,17,-8,0,-4,11,16,sil
0.0284328460693359,-5,-1,5,-40,-18,-27,-21,-2,6,-14,-6,-9,4,15,sil
0.0444526672363281,0,-3,0,-28,-17,-28,-17,-6,0,-6,1,0,3,6,sil
0.0444526672363281,-1,0,2,-32,-9,-18,-6,-4,-4,-16,4,-2,0,3,sil
0.0598359107971191,0,9,7,-18,0,0,1,3,0,-17,6,1,5,6,sil
0.0598359107971191,2,5,3,-6,-1,2,1,0,-2,-2,3,4,0,0,sil
0.0759341716766357,-5,1,2,-13,-10,-3,-8,-13,-17,-11,-2,-1,-23,-14,sil
0.0759341716766357,-12,8,-2,-4,-4,-7,-16,-13,-23,-26,-4,-8,-29,-21,sil
0.0918097496032714,-7,18,10,7,1,-4,-20,-1,-21,-21,-6,-5,-20,-21,sil
0.0918097496032714,4,24,24,20,4,6,-15,4,-8,-7,0,1,-12,-12,sil
0.1069493293762207,7,20,10,26,7,13,0,3,2,0,3,0,-7,-4,sil
0.1069493293762207,-6,7,6,15,2,11,7,3,-9,-1,-5,-3,-10,-9,sil
0.1221368312835693,-9,0,5,19,-2,15,14,5,-9,8,-8,-6,-10,-12,sil
0.1221368312835693,0,-4,4,29,0,23,27,9,6,22,-8,-12,-3,1,sil
0.1382091045379638,0,-13,-3,14,0,15,29,9,12,20,-13,-8,6,15,sil
0.1382091045379638,0,-18,-17,-5,-6,0,10,0,14,11,-6,3,18,15,sil
0.1537315845489502,4,-16,-10,-17,-10,-14,-16,-5,6,-3,2,5,17,4,sil
0.1537315845489502,4,-11,-7,-17,-16,-29,-31,-12,-14,-19,4,1,2,-7,sil
0.1691751480102539,2,0,-2,-9,-12,-27,-29,-17,-23,-22,4,6,-2,-9,sil
0.1691751480102539,0,6,5,6,8,3,-10,-4,-11,-11,3,6,0,2,sil
0.1845488548278808,-1,6,3,28,23,23,9,9,6,9,4,4,6,14,sil
0.1845488548278808,3,11,12,32,23,21,22,11,15,31,6,11,8,15,sil
0.2001862525939941,0,6,0,14,16,24,39,5,23,36,-8,0,2,9,sil
0.2001862525939941,-7,-12,-21,-6,4,18,33,0,26,20,-25,-15,0,4,sil
0.2161827087402343,-2,-17,-11,-23,-8,0,8,0,17,1,-13,-2,1,1,goodbye
0.2161827087402343,14,-7,-4,-31,-8,-14,0,0,6,-3,9,15,12,3,goodbye
0.2311270236968994,24,0,7,-23,-3,-16,-9,0,-6,-11,15,23,18,5,goodbye
0.2471389770507812,3,-9,-4,-14,-6,-9,-17,-11,-29,-31,3,1,-8,-11,goodbye
0.2471389770507812,-18,-11,-23,-19,-4,-10,-10,-16,-43,-48,-5,-25,-33,-30,goodbye
0.2471389770507812,-5,11,3,-8,2,-21,-20,0,-22,-27,7,-10,-11,-15,goodbye
0.2630982398986816,3,17,11,7,-3,-31,-42,7,-5,-1,16,8,0,-4,goodbye
0.2630982398986816,-7,3,0,0,-7,-24,-35,0,-15,-8,0,-3,-18,-17,goodbye
0.2782826423645019,-1,17,5,7,12,-4,-1,4,0,3,12,-1,-1,-6,goodbye
0.2947919368743896,7,28,10,28,17,5,12,7,21,29,41,13,25,14,goodbye
0.2947919368743896,-3,12,16,23,1,10,8,2,15,18,16,0,12,10,goodbye
0.2947919368743896,-3,3,7,17,5,24,17,2,18,15,-15,-9,0,3,goodbye
0.3089420795440674,-1,2,1,17,11,31,22,5,19,23,-13,-5,-7,9,goodbye
0.3089420795440674,-10,-3,2,8,-5,21,12,0,0,10,-2,-6,-11,14,goodbye
0.3249678611755371,-4,-5,3,2,-10,17,6,-3,2,6,-2,-2,4,13,goodbye
0.3259687423706054,2,-13,-1,-3,1,25,17,3,18,19,-16,0,9,4,goodbye
0.3402881622314453,-5,-25,-11,-11,4,21,31,11,24,19,-27,-15,-4,1,goodbye
0.3564212322235107,-8,-24,-3,-19,-5,3,26,7,19,5,-23,-14,-7,7,goodbye
0.3564212322235107,2,-17,0,-27,-14,-6,6,-1,3,-10,-17,3,0,3,goodbye
0.3729760646820068,12,-12,-7,-25,-18,-12,-7,-3,-7,-12,-9,8,8,-1,goodbye
0.3729760646820068,5,-8,-1,-22,-18,-23,-15,-7,-8,-5,-1,6,9,2,goodbye
0.3729760646820068,-12,-12,-14,-25,-19,-29,-26,-18,-15,-15,-7,-8,-2,-8,goodbye
0.3868839740753174,-13,-7,-25,-22,-13,-26,-32,-9,-24,-36,-13,-19,-15,-23,goodbye
0.4020674228668213,1,9,-7,-5,1,-18,-20,3,-11,-25,6,-1,-3,-18,goodbye
0.4020674228668213,9,17,5,11,14,-10,-9,-3,0,4,24,18,14,-4,goodbye
0.4173111915588379,11,20,15,22,19,-1,-4,-6,-5,3,17,17,9,3,goodbye
0.4173111915588379,20,23,9,23,19,1,0,0,-9,-12,17,20,2,8,goodbye
0.4332976341247558,15,13,7,13,12,-6,-9,0,-8,-8,32,26,5,2,goodbye
0.4332976341247558,0,8,12,11,4,-11,-17,3,-6,0,27,12,0,-7,goodbye
0.4479367733001709,-2,18,7,25,8,0,5,3,-6,-5,7,-4,-10,-9,goodbye
0.4479367733001709,-12,12,3,24,9,8,19,1,-15,-6,-3,-9,-12,-12,goodbye
0.4639995098114013,-26,-5,-9,6,-2,8,1,-2,-21,-3,-11,-18,-15,-18,goodbye
0.4639995098114013,-16,-6,-4,6,-4,14,-3,-4,-15,-5,-8,-19,-17,-8,goodbye
0.4800903797149658,9,6,17,20,8,25,12,4,0,4,0,-2,-4,14,goodbye
0.4800903797149658,18,10,10,21,13,20,20,7,18,20,-5,1,4,22,goodbye
0.4960942268371582,7,2,-2,3,7,10,7,2,21,17,-12,0,1,14,goodbye
0.4960942268371582,1,-6,-3,-11,-3,7,2,4,13,12,0,4,10,14,goodbye
0.5120935440063477,4,-9,2,-13,-15,5,11,10,22,17,5,9,22,21,goodbye
0.5120935440063477,5,-9,1,-14,-17,0,17,4,26,17,-11,7,12,17,goodbye
0.5282251834869385,-1,-19,-18,-21,-16,-7,6,-8,2,5,-24,-2,-3,1,goodbye
0.5282251834869385,-2,-18,-14,-18,-15,-4,-8,-4,-5,-3,-16,-6,0,-3,goodbye
0.5432593822479248,0,-5,-2,-4,-5,2,-5,10,17,10,2,0,16,6,goodbye
0.5432593822479248,-9,-8,-11,-9,1,-2,1,7,17,20,4,4,13,7,goodbye
0.5588281154632568,-15,-12,-14,-24,0,-5,1,-6,-5,1,-6,-4,-7,-12,goodbye
0.5588281154632568,-10,-6,-7,-20,-3,-3,-8,-8,-6,-15,-7,-14,-8,-20,goodbye
0.5748496055603027,-4,0,3,-7,-1,-12,-17,-1,0,-15,-2,-9,1,-8,goodbye
0.5748496055603027,4,8,9,5,7,-13,-13,-4,-2,-12,4,-1,1,-2,goodbye
0.5908858776092529,12,7,7,0,13,-8,-12,-11,-7,-3,19,6,0,-9,goodbye
0.5908858776092529,5,-3,7,-15,4,-13,-23,-5,-7,-4,18,5,-7,-18,goodbye
0.6071755886077881,-4,2,2,-7,-2,-14,-16,0,-6,-22,0,-11,-24,-22,goodbye
0.6071755886077881,-9,10,1,3,-2,-6,0,0,-13,-29,-7,-19,-30,-19,goodbye
0.6231875419616699,-8,5,0,-1,-2,3,7,2,-18,-11,2,-5,-15,-11,goodbye
0.6231875419616699,-2,6,-4,13,2,11,13,1,-12,4,1,-1,-5,-1,goodbye
0.6392762660980225,0,5,0,34,8,16,23,0,-7,8,-7,-8,-6,4,goodbye
0.6392762660980225,-6,-3,-2,22,7,22,30,2,3,13,-6,-7,3,12,goodbye
0.6547918319702148,0,-1,2,5,1,17,22,6,18,18,-7,5,17,24,goodbye
0.6547918319702148,18,0,1,-1,0,0,6,5,22,13,-9,16,21,27,goodbye
0.6701834201812744,23,-1,-5,-3,0,-7,-1,4,20,7,5,23,27,20,goodbye
0.6701834201812744,20,12,13,5,3,-1,-6,6,14,7,31,36,29,15,goodbye
0.6853294372558594,19,22,21,19,8,0,-14,0,-3,1,36,31,16,12,goodbye
0.6853294372558594,9,16,18,21,12,-5,-14,-8,-19,-8,22,19,0,8,goodbye
0.7008559703826904,-1,14,18,19,7,-1,-10,-3,-22,-5,14,14,-4,7,goodbye
0.7008559703826904,-8,4,5,14,-1,7,-9,1,-21,-2,1,-5,-8,0,goodbye
0.7164545059204102,-18,-7,-7,4,-1,13,1,4,-10,0,-25,-31,-18,-11,goodbye
0.7164545059204102,-23,-18,-25,-13,-7,0,9,-1,5,7,-33,-29,-16,-18,goodbye
0.7320556640625,-20,-35,-29,-43,-22,-15,-5,-8,4,-2,-22,-16,-12,-21,goodbye
0.7320556640625,-11,-25,-15,-41,-21,-10,-10,-5,0,-26,-21,-13,-7,-21,goodbye
0.7473361492156982,5,5,-3,-4,-5,-9,-1,-2,-1,-23,-8,1,9,-13,goodbye
0.7477109432220459,13,14,8,3,0,-15,-4,-3,-5,-16,17,15,13,-4,goodbye
0.7623388767242432,5,3,5,-3,-5,-2,-4,-1,-1,-6,17,0,-1,-2,goodbye
0.7623388767242432,-4,0,0,11,-1,12,5,1,-1,3,-3,-20,-17,-5,goodbye
0.777874231338501,-10,0,3,20,3,13,3,2,-12,2,-11,-18,-20,-7,goodbye
0.777874231338501,-2,0,-1,14,5,10,4,0,9,25,0,-8,-5,1,goodbye
0.7933623790740967,13,3,1,13,8,10,18,9,46,60,12,8,18,23,goodbye
0.7933623790740967,12,1,1,6,4,6,23,13,44,34,5,21,27,30,goodbye
0.809065580368042,-4,-15,-13,-18,-7,0,8,1,23,-6,-22,4,3,8,goodbye
0.809065580368042,-5,-20,-17,-26,-10,-2,0,-3,13,1,-25,-9,-16,0,goodbye
0.8245782852172852,4,0,-7,-16,1,-7,-5,0,-6,3,0,2,-14,1,goodbye
0.8245782852172852,0,3,3,-21,6,-16,-20,-2,-29,-19,-2,6,-10,-12,goodbye
0.8402409553527832,-4,-15,-5,-29,0,-16,-23,-6,-19,-13,-9,-4,3,-16,goodbye
0.8402409553527832,7,-7,-1,-22,0,-7,-6,0,-1,-1,20,3,27,6,goodbye
0.855893611907959,20,22,22,-4,10,-2,1,2,-5,-6,38,20,28,15,goodbye
0.855893611907959,9,22,12,1,13,-4,-3,-4,-15,-10,17,7,10,1,goodbye
0.8719937801361084,-9,0,1,-15,9,-2,-10,-3,-20,-14,0,-5,-4,-5,goodbye
0.8719937801361084,-13,-1,7,-17,6,6,-5,0,-19,-13,0,-8,-10,-7,goodbye
0.8879148960113525,-6,10,11,20,6,16,1,-1,-5,-3,3,-15,-8,-4,goodbye
0.8879148960113525,-9,14,11,41,4,20,2,-1,-2,-5,6,-13,-12,-4,goodbye
0.9033997058868408,-14,6,1,35,-4,12,6,-5,-10,-7,0,-5,-18,-6,goodbye
0.9033997058868408,-8,-1,1,39,-10,7,13,-4,-10,-2,-8,0,-11,0,goodbye
0.919065237045288,-2,-7,0,35,-8,11,17,4,-4,0,-1,-1,0,2,goodbye
0.919065237045288,-4,-7,-12,18,-4,6,22,6,7,1,3,0,0,-1,goodbye
0.934211015701294,2,5,-5,18,1,-1,22,10,30,13,-6,9,0,3,goodbye
0.934211015701294,12,9,-4,22,7,0,12,8,36,22,-9,12,9,13,goodbye
0.9497153759002686,5,-7,-9,4,-3,-2,1,0,14,16,-9,2,4,9,goodbye
0.9497153759002686,0,-16,-9,-18,-15,-9,-2,0,3,5,-12,3,0,0,goodbye
0.966399908065796,7,-12,-7,-31,-9,-12,-8,0,5,-4,-7,6,7,0,goodbye
0.966399908065796,9,-9,0,-34,-5,-14,-17,-1,0,-11,-2,4,7,0,goodbye
0.9821434020996094,4,-5,1,-28,-11,-13,-24,-1,-3,-7,-3,3,4,0,goodbye
0.9821434020996094,11,4,5,-14,-10,-12,-25,-1,-3,-2,0,9,9,0,goodbye
0.997689723968506,17,5,9,-8,-1,-14,-16,-2,-2,-3,9,6,8,1,goodbye
0.997689723968506,8,0,0,-15,5,-8,-5,0,2,2,19,4,5,0,goodbye
1.013289451599121,6,17,11,-5,12,5,-4,0,4,15,25,18,16,2,goodbye
1.013289451599121,16,30,21,23,15,8,-6,-3,-2,12,18,14,14,4,goodbye
1.0288355350494385,0,6,2,14,5,-4,-10,-5,-17,-8,-2,-13,-18,-7,goodbye
1.0288355350494385,-32,-14,-18,-18,-2,-2,-6,-3,-27,-19,-22,-34,-39,-25,goodbye
1.0449366569519043,-30,-4,-14,-6,2,9,10,0,-16,-6,-18,-30,-23,-19,goodbye
1.0449366569519043,-6,6,9,20,7,15,21,4,0,8,0,-10,-7,4,goodbye
1.060249090194702,-11,-3,4,8,5,19,18,2,0,10,2,-6,-8,10,goodbye
1.0761897563934326,-24,-22,-11,-10,0,16,12,0,0,2,-16,-20,-8,-4,goodbye
1.0761897563934326,-9,-17,-4,-3,-5,1,8,4,7,1,-14,-15,0,-1,goodbye
1.0761897563934326,4,0,1,8,-2,0,11,3,21,10,7,3,6,14,goodbye
1.0914766788482666,0,0,-1,1,0,3,10,0,14,6,0,4,6,14,goodbye
1.0914766788482666,0,-5,-5,-9,0,-1,1,-3,0,-11,-9,1,6,4,goodbye
1.107172966003418,14,0,-3,-5,0,-10,-5,-1,0,-16,6,14,9,0,goodbye
1.107172966003418,19,7,3,1,-1,-9,-10,4,5,-4,16,27,15,2,goodbye
1.1228067874908447,14,3,2,-5,-7,-10,-11,0,7,-2,16,27,18,4,sil
1.1228067874908447,15,9,7,-2,2,-8,-11,-2,1,-14,26,28,8,0,sil
1.1384389400482178,13,20,10,19,14,2,-1,4,-4,-8,25,19,1,-3,sil
1.1384389400482178,0,12,7,27,13,10,7,1,-9,6,1,-5,-1,-3,sil
1.1542811393737793,-15,-2,0,14,9,12,11,-6,-10,5,-17,-25,-14,-11,sil
1.1542811393737793,-19,-4,-13,9,3,15,9,-3,-13,3,-23,-34,-26,-17,sil
1.1699471473693848,-16,-4,-4,6,-6,17,9,0,-16,9,-31,-30,-22,-10,sil
1.1699471473693848,-13,-12,-3,0,-9,10,9,0,-6,7,-36,-20,-13,-1,sil
1.1850957870483398,-8,-17,-16,-10,-9,-5,0,0,7,0,-19,-8,-4,2,sil
1.1850957870483398,-5,-16,-11,-22,-16,-14,-10,0,10,7,0,-1,8,5,sil
1.2003660202026367,-2,-16,-11,-29,-19,-19,-10,0,8,7,-5,1,15,7,sil
1.2160327434539795,6,-7,-4,-24,-12,-23,-11,4,10,-2,-6,13,14,7,sil
1.2160327434539795,18,5,11,-10,-5,-16,-14,4,16,1,20,25,19,10,sil
1.2160327434539795,14,10,12,-3,-4,-8,-18,0,11,10,35,20,21,6,sil
1.231337308883667,5,10,8,-8,-7,-11,-23,0,-6,-2,18,12,4,0,sil
1.2469375133514404,14,11,6,0,-2,-13,-16,-3,-6,-13,11,11,0,0,sil
1.2469375133514404,26,14,18,16,7,-3,-3,0,10,-4,22,18,9,8,sil
1.262451171875,21,19,20,17,12,13,6,4,9,0,20,17,8,9,sil
1.262451171875,5,12,4,6,13,15,11,-1,-6,-6,6,0,-2,0,sil
1.2776577472686768,-3,3,0,3,13,4,7,-7,-15,-14,1,-8,-5,-9,sil
1.2776577472686768,-3,6,1,11,12,4,5,-6,-10,-8,4,-4,-2,-7,sil
1.2933249473571775,-6,5,3,16,12,16,16,2,0,0,0,-2,-8,-3,sil
1.2933249473571775,-23,-11,-7,9,5,12,23,8,1,0,-10,-14,-18,-13,sil
1.3083727359771729,-37,-25,-24,-2,-5,0,7,-1,-14,-4,-24,-31,-21,-21,sil
1.3083727359771729,-23,-12,-4,0,-1,3,-4,-8,-23,-7,-25,-23,-17,-14,sil
1.3241798877716064,0,7,7,17,14,16,11,0,-10,1,-10,-4,-10,-2,sil
1.3241798877716064,2,8,3,26,18,12,23,9,0,19,0,-3,-10,5,sil
1.3392422199249268,-5,-3,0,14,8,7,12,4,6,24,0,-8,-4,10,sil
1.3392422199249268,-1,-11,-11,-2,-4,7,2,-3,8,11,-4,-4,0,5,sil
1.355311155319214,1,-8,-10,-10,-11,8,0,-2,6,3,-12,-3,-5,0,sil
1.355311155319214,0,1,-2,-3,-1,7,0,4,15,12,-4,0,3,9,sil
1.3713171482086182,2,1,-2,-5,2,-5,-6,2,17,8,4,12,14,15,sil
1.3713171482086182,4,-3,-4,-20,-11,-18,-15,-7,1,-3,-6,9,5,6,sil
1.387320041656494,3,-4,-6,-23,-15,-18,-13,-11,0,-1,-12,1,6,3,sil
1.387320041656494,6,-3,-1,-23,-5,-10,-7,0,7,-5,-2,9,18,7,sil
1.402859449386597,15,-4,0,-20,-9,-8,-9,5,2,-13,4,17,20,7,sil
1.402859449386597,19,3,4,-2,-16,-15,-11,0,0,-5,9,14,20,4,sil
1.4180247783660889,9,12,11,5,-5,-18,-7,5,4,4,13,12,20,4,sil
1.4180247783660889,1,2,-1,-9,0,-11,-7,9,12,-1,11,7,11,5,sil
1.4335048198699951,0,-5,-2,-21,-8,-11,-14,2,3,-10,0,0,-4,-2,sil
1.4335048198699951,-8,-1,0,-7,-14,-12,-11,-3,-14,-17,-7,-11,-19,-16,sil
1.4492177963256836,-9,3,-4,6,0,2,8,-2,-11,-14,0,-14,-15,-17,sil
1.4492177963256836,-2,0,-5,1,9,13,16,-1,1,-5,9,-8,-3,-14,sil
1.4647810459136963,-7,-7,-12,-5,1,4,-1,-4,-10,0,9,-10,-3,-18,sil
1.4647810459136963,-6,-3,0,2,0,5,-14,-4,-22,0,13,-2,-5,-12,sil
1.4808497428894043,4,5,17,14,7,13,-3,-5,-15,0,15,6,-1,-2,sil
1.4808497428894043,3,6,9,17,6,6,2,-5,-15,-7,0,0,-10,-4,sil
1.4959819316864014,0,12,11,21,10,4,5,3,-14,-5,-1,3,-10,0,sil
1.4959819316864014,1,15,15,20,17,8,15,7,0,7,14,17,4,9,sil
1.5112063884735107,4,6,14,19,12,3,11,3,4,9,6,12,4,12,sil
1.5112063884735107,11,5,8,27,9,8,1,1,4,10,-6,4,1,12,sil
1.5273377895355225,9,5,1,26,14,13,8,1,16,20,-3,3,4,13,sil
1.5273377895355225,-4,0,1,8,7,5,13,3,22,20,-6,-1,-5,10,sil
1.5432476997375488,-10,-5,-8,0,-4,2,7,0,15,10,-16,-14,-12,3,sil
1.5432476997375488,-13,-17,-14,-9,-8,3,4,-1,0,0,-16,-21,-13,-6,sil
1.5583434104919434,-18,-20,-14,-24,-11,0,0,-1,-3,-7,-11,-15,-10,-5,sil
1.5583434104919434,-8,-6,-14,-25,-13,0,-3,-1,6,-2,-6,-6,3,3,sil
1.5738565921783447,-2,-1,-4,-15,-5,4,0,0,11,2,-8,-5,8,3,sil
1.5738565921783447,-11,-9,-9,-9,0,0,3,-1,10,4,-8,-9,-2,-3,sil
1.589043140411377,-13,-6,-12,-13,-7,-8,0,-4,1,-1,-7,-10,-4,-7,sil
1.589043140411377,-5,-1,-5,-16,-11,-9,0,-1,-11,-12,-9,-8,0,-7,sil
1.6046795845031738,7,0,1,-8,-3,-4,0,0,-6,-10,-5,-1,4,-4,sil
1.6046795845031738,22,9,10,3,0,-4,-6,1,3,-1,2,11,10,0,sil
1.622842788696289,18,12,1,3,-4,-11,-13,-1,-4,-5,0,5,5,0,sil
1.622842788696289,6,0,-4,-6,-8,-13,-9,-2,-14,-13,-1,0,0,0,sil
1.636371374130249,16,4,10,1,5,-1,2,5,1,1,13,18,12,11,sil
1.636371374130249,26,17,19,18,19,6,12,11,20,18,27,32,28,21,sil
1.652273654937744,9,9,13,6,10,-1,3,2,10,1,15,18,12,9,sil
1.652273654937744,-7,-8,-1,-1,0,-6,-7,-4,-10,-13,3,4,-5,-7,sil
1.6672892570495603,9,1,7,17,14,1,-2,1,-8,0,18,16,1,2,sil
1.6672892570495603,21,20,22,20,19,5,3,6,2,8,33,26,14,15,sil
1.683238506317139,-4,0,-2,-6,-5,-9,-8,-5,-6,-3,15,6,1,-4,sil
1.683238506317139,-21,-20,-16,-14,-23,-14,-22,-7,-18,-13,-8,-11,-19,-21,sil
1.698169469833374,-7,-6,-6,-2,-7,3,-15,0,-6,0,-7,-7,-17,-10,sil
1.698169469833374,-8,0,-7,-3,3,6,-7,0,0,6,-6,-8,-8,-7,sil
1.7142055034637451,-24,-7,-13,-6,-6,0,-10,-4,-10,1,-14,-18,-9,-16,sil
1.7142055034637451,-27,-11,-21,-1,-8,1,-5,-6,-6,1,-15,-25,-10,-11,sil
1.729647159576416,-17,-8,-7,0,-2,7,6,0,6,10,-18,-20,-9,0,sil
1.729647159576416,-3,-1,4,3,-4,11,21,6,12,11,-18,-17,0,1,sil
1.7452876567840576,-4,-1,1,0,-7,15,26,1,11,6,-13,-21,7,4,sil
1.7452876567840576,-11,-9,-1,-11,-5,10,18,-2,8,3,-12,-18,0,7,sil
1.7612533569335938,0,-10,-6,-15,-7,-4,5,-7,5,0,-9,-9,-2,2,sil
1.7612533569335938,14,-2,-4,-15,-1,-9,-2,-4,4,-8,0,5,3,-1,sil
1.7769222259521484,18,7,6,-11,7,0,0,4,4,-11,15,24,14,5,sil
1.7769222259521484,28,20,21,6,6,0,0,5,5,-10,26,32,14,15,sil
1.7921102046966553,23,26,25,18,5,-7,-9,2,5,-6,22,26,0,2,sil
1.7921102046966553,4,24,13,20,12,-8,-15,3,0,1,19,20,-4,-9,sil
1.808173656463623,0,19,13,22,12,-7,-8,4,-14,-1,22,13,-1,-3,sil
1.808173656463623,-3,6,3,15,6,-1,-3,-1,-28,-14,0,-6,-18,-5,sil
1.8242058753967283,-19,-8,-17,6,5,12,0,-7,-28,-12,-30,-23,-33,-14,sil
1.8242058753967283,-18,-8,-5,6,5,20,10,0,-10,1,-26,-15,-18,-9,sil
1.8399968147277832,-2,-4,0,9,7,15,24,2,14,17,-5,-4,8,2,sil
1.8399968147277832,6,-10,-5,5,5,12,25,1,22,23,0,-1,18,19,sil
1.855165719985962,7,-11,-3,0,-1,1,10,3,13,13,-2,0,11,29,sil
1.855165719985962,3,-6,-7,-11,-6,-16,-10,0,-1,-1,-4,-3,2,8,sil
1.8712685108184808,-3,-2,-7,-12,-4,-18,-21,-3,-14,-7,0,-3,2,-12,sil
1.8712685108184808,-5,-4,-3,0,-1,-6,-8,2,0,0,10,-2,10,-1,sil
1.88685154914856,0,-8,1,-2,-3,-1,5,4,21,6,1,3,4,8,sil
1.88685154914856,-3,-11,-8,-13,-10,-1,2,-2,13,6,-13,-1,-4,0,sil
1.9024126529693604,-12,-13,-18,-15,-10,-2,-6,0,-4,4,-5,-5,1,-4,sil
1.9024126529693604,-3,-3,3,-9,-2,-2,-1,4,-1,7,10,10,14,2,sil
1.9184601306915283,18,15,17,5,7,6,14,0,14,13,13,24,16,13,sil
1.9184601306915283,21,14,14,13,2,6,11,0,19,8,7,15,7,9,sil
1.9341099262237549,-1,-4,2,-7,-15,-7,-11,0,4,-2,3,0,3,-7,sil
1.9341099262237549,-13,-14,-13,-24,-15,-11,-17,-7,-11,-11,0,-9,4,-17,sil
1.9497005939483645,0,-6,-7,-19,-6,0,-9,-7,-16,-21,-5,-6,0,-13,sil
1.9497005939483645,7,0,0,-8,-13,-2,-9,0,-9,-21,-1,0,-2,-5,sil
1.9652562141418457,5,5,6,6,-7,-9,-10,0,0,-8,5,5,-1,2,sil
1.9652562141418457,6,19,15,21,21,0,0,0,3,-1,6,6,-3,6,sil
1.981316089630127,4,13,2,6,20,0,-1,-5,-1,-6,-2,-7,-10,0,sil
1.981316089630127,-10,-1,-7,-14,-5,-15,-15,-3,-14,-13,-15,-18,-23,-13,sil
1.996328353881836,-20,3,-7,-7,-8,-6,-8,0,-11,-11,-14,-11,-23,-19,sil
1.996328353881836,-6,12,-1,0,4,6,5,0,1,-6,-3,-2,-13,-10,sil
2.017834424972534,6,5,6,-1,9,4,4,6,8,1,3,1,-6,0,sil
2.017834424972534,0,0,-2,12,7,9,8,7,9,14,10,0,4,0,sil
2.0288662910461426,-7,0,-7,12,5,19,11,1,5,18,8,-4,10,4,sil
2.0288662910461426,-2,-6,-8,-5,5,9,3,1,-2,8,3,-5,1,6,sil
2.0429108142852783,1,-3,-1,-1,5,0,0,0,-9,0,5,1,-4,0,sil
2.0582261085510254,4,6,12,15,7,9,3,-3,-10,6,8,8,0,4,sil
2.0582261085510254,4,0,8,8,5,9,7,0,-6,16,10,11,11,11,sil
2.0742318630218506,1,-6,7,-2,1,0,4,6,-1,12,13,10,17,9,sil
2.0742318630218506,2,3,8,7,8,2,3,1,-5,-1,6,1,4,1,sil
2.090781688690185,2,3,3,17,12,8,8,-4,-12,-9,-12,-10,-9,-3,sil
2.090781688690185,-7,-2,7,13,0,6,7,-3,-13,-9,-22,-11,-11,-5,sil
2.105344772338867,-11,-3,-1,6,-9,2,4,-1,-6,-7,-18,-9,-10,-7,sil
2.105344772338867,-3,-5,-10,-1,-11,-5,2,1,0,-7,-18,-12,-10,-6,sil
2.121020555496216,0,-6,-10,0,-16,-17,-1,2,9,-3,-7,-7,1,2,sil
2.121020555496216,-2,-3,-5,8,-12,-17,-4,-2,14,4,2,1,9,10,sil
2.136575937271118,-1,-2,5,10,-1,-1,2,-1,13,11,-6,5,0,12,sil
2.136575937271118,4,-4,3,3,-5,5,5,1,13,8,-7,8,1,14,sil
2.1521358489990234,11,-6,4,-1,-13,-3,-1,0,14,-1,9,19,11,12,goodbye
2.1521358489990234,13,0,14,8,-2,-7,-3,1,17,0,18,24,19,9,goodbye
2.168271780014038,14,9,10,19,8,0,0,4,15,8,9,16,19,10,goodbye
2.168271780014038,8,0,0,-5,0,2,0,6,11,4,0,11,13,4,goodbye
2.1839795112609863,3,-8,-7,-23,-10,-1,-2,5,19,7,5,12,18,0,goodbye
2.1839795112609863,13,7,5,-2,-1,-2,-4,7,22,14,18,23,28,6,goodbye
2.199126720428467,22,21,8,3,11,6,-1,5,6,6,15,22,18,8,goodbye
2.199126720428467,2,8,-16,-18,7,3,-6,-5,-10,-8,0,-5,-12,-7,goodbye
2.215172052383423,-17,-5,-20,-35,0,-11,-15,-9,-18,-15,-14,-30,-37,-27,goodbye
2.215172052383423,-20,-11,-25,-43,-1,-15,-7,-8,-21,-15,-21,-42,-35,-29,goodbye
2.231290578842163,-29,-21,-37,-57,-6,-13,-10,-13,-29,-18,-23,-49,-31,-30,goodbye
2.231290578842163,-35,-20,-31,-54,-4,-17,-27,-17,-38,-27,-15,-43,-34,-37,goodbye
2.246829032897949,-19,-3,-16,-33,2,-12,-22,-12,-32,-21,-1,-27,-24,-29,goodbye
2.246829032897949,-10,1,0,-22,0,0,-12,-3,-17,0,0,-18,-8,-13,goodbye
2.262375593185425,-16,-8,2,-15,-4,1,-7,0,-5,11,0,-14,0,-9,goodbye
2.262375593185425,-4,0,10,9,10,15,14,10,7,10,10,4,4,1,goodbye
2.27830171585083,22,28,37,42,24,33,37,18,23,14,31,35,19,26,goodbye
2.27830171585083,32,26,43,57,17,24,31,7,20,22,40,48,32,37,goodbye
2.29390025138855,21,5,31,45,5,11,17,3,4,7,23,40,23,26,goodbye
2.29390025138855,5,0,11,26,0,10,10,3,1,-4,2,20,4,10,goodbye
2.3095366954803467,-2,-2,3,20,-5,0,0,-3,-5,-5,-6,0,-7,-2,goodbye
2.3095366954803467,1,0,11,36,-8,-4,-6,1,-14,-9,-15,-6,-7,-3,goodbye
2.3252522945404053,12,13,8,49,-4,8,7,10,0,-6,-14,-2,1,7,goodbye
2.3252522945404053,10,19,5,41,1,11,15,2,9,0,2,4,8,12,goodbye
2.3408117294311523,1,12,-1,34,2,1,6,-3,-1,-5,0,0,0,4,goodbye
2.3408117294311523,1,5,-4,29,1,-2,3,1,0,-5,-24,-4,-10,4,goodbye
2.3570220470428467,5,0,1,14,2,-1,6,3,12,14,-18,3,0,16,goodbye
2.3570220470428467,2,-6,-1,7,0,-6,0,0,9,16,0,6,11,17,goodbye
2.372146844863892,-4,-7,-5,-5,-10,-15,-13,-1,0,-2,-12,0,2,0,goodbye
2.372146844863892,-8,-16,-17,-32,-14,-18,-13,-5,-3,-2,-21,-7,-3,-10,goodbye
2.387575387954712,-6,-25,-23,-39,-8,-15,-17,-12,-2,7,-4,-13,3,-4,goodbye
2.387575387954712,-4,-20,-11,-31,0,-9,-27,-6,1,9,7,-6,5,1,goodbye
2.403159618377685,-6,-11,-14,-37,3,1,-15,2,9,9,8,4,5,-1,goodbye
2.403159618377685,-8,-7,-13,-43,6,6,9,9,22,11,11,1,7,-2,goodbye
2.418696165084839,-6,-5,-10,-37,0,0,19,9,28,8,15,-7,4,0,goodbye
2.418696165084839,0,-8,-12,-36,-9,-1,15,1,12,1,8,-5,0,-4,goodbye
2.4339420795440674,7,-4,3,-26,-2,5,6,-1,-5,3,2,9,-2,-5,goodbye
2.4339420795440674,9,7,10,-8,2,10,-3,-5,-6,3,7,13,-2,-2,goodbye
2.4500555992126465,-3,10,4,-9,-6,-1,-13,-6,-12,-16,0,0,-13,-11,goodbye
2.4500555992126465,-9,8,0,-15,-7,-14,-10,-1,-18,-26,-13,-7,-17,-23,goodbye
2.466299295425415,-2,6,-1,-4,-3,-7,-1,0,-3,-6,-1,-11,-7,-18,goodbye
2.466299295425415,-3,3,8,6,-6,5,-1,0,2,-2,4,-15,-6,-10,goodbye
2.482231616973877,-2,5,10,18,4,5,0,-1,-5,-15,-9,-12,-4,-7,goodbye
2.482231616973877,9,14,14,28,21,-1,12,0,-2,-13,-1,4,10,0,goodbye
2.4982457160949707,13,14,11,25,17,0,8,5,-1,-7,18,10,11,3,goodbye
2.4982457160949707,2,4,-2,20,10,0,-7,-2,-17,-15,9,-4,-3,2,goodbye
2.5138330459594727,0,5,5,27,11,0,-13,-11,-24,-14,-7,-5,-4,6,goodbye
2.5138330459594727,0,3,5,25,0,1,-12,0,-9,7,-2,1,6,10,goodbye
2.529836654663086,-3,-11,-7,2,-14,-3,-13,8,0,19,5,4,4,6,goodbye
2.529836654663086,-4,-12,-5,-6,-15,0,3,3,6,10,2,5,0,4,goodbye
2.5459237098693848,3,3,5,9,0,9,22,0,11,2,-2,7,3,8,goodbye
2.5459237098693848,5,8,12,15,9,9,17,4,1,0,-1,7,1,6,goodbye
2.56182074546814,-1,0,-1,6,0,0,11,2,-10,5,6,1,0,3,goodbye
2.56182074546814,-3,-1,-8,3,0,4,7,0,-4,15,6,-2,5,7,goodbye
2.5770368576049805,3,0,2,5,13,12,-4,3,5,18,2,0,6,11,goodbye
2.5770368576049805,2,0,1,7,8,1,-9,2,2,6,1,5,0,8,goodbye
2.591841220855713,-4,-2,-1,0,-6,-9,-9,-2,-3,0,-2,6,-2,2,goodbye
2.591841220855713,-4,-8,-3,-11,-6,-3,-9,-5,8,7,-5,-3,-5,-3,goodbye
2.6070032119750977,-1,-10,-6,-14,-2,-1,0,-3,18,2,-7,-11,-11,-10,goodbye
2.607313871383667,0,-6,0,-8,-6,-5,9,2,10,-11,-12,-3,-7,-6,goodbye
2.6230716705322266,0,-8,-3,-9,-7,3,6,3,1,-6,-14,1,-2,1,goodbye
2.6230716705322266,2,-10,-2,-15,-5,8,3,2,3,4,-8,4,-3,3,goodbye
2.6391117572784424,4,-1,-1,-6,0,0,9,2,11,4,1,9,7,2,goodbye
2.6391117572784424,0,4,1,2,-1,-2,8,1,15,0,-2,0,5,1,goodbye
2.6551241874694824,-8,0,0,0,-8,-2,1,0,5,-5,-21,-13,-17,-8,goodbye
2.6551241874694824,-13,-7,-16,-16,-10,-10,-6,-1,-6,-10,-7,-12,-12,-17,goodbye
2.671248435974121,-8,-3,-13,-25,-4,-7,-11,-5,-11,-13,18,-1,11,-12,goodbye
2.671248435974121,0,11,4,-1,2,7,0,-8,-5,-6,13,-3,8,-4,goodbye
2.687161445617676,7,20,11,18,11,2,5,-5,-2,-3,2,-9,-2,0,goodbye
2.687161445617676,4,7,5,-2,10,-5,-8,-2,-13,-7,0,-8,-1,-1,goodbye
2.702238082885742,2,-8,-4,-16,-1,0,-15,0,-16,-2,-6,-7,0,-7,goodbye
2.702238082885742,6,-1,3,1,-5,0,-4,4,-2,-1,-1,-1,2,2,goodbye
2.718313694000244,6,14,6,7,1,-3,2,3,7,-8,12,7,8,14,goodbye
2.718313694000244,7,14,1,1,6,-1,2,1,10,5,19,18,21,9,goodbye
2.73384165763855,14,9,13,12,11,0,-2,4,16,28,24,30,30,12,goodbye
2.73384165763855,12,9,7,15,13,-5,-2,-2,16,25,20,24,22,22,goodbye
2.751256465911865,6,2,-3,1,-1,-15,-10,-5,-1,5,7,12,12,13,goodbye
2.751256465911865,7,0,6,0,-11,-18,-26,1,-18,0,10,21,8,-2,goodbye
2.764778614044189,5,8,12,10,2,-4,-13,1,-19,0,19,22,0,-6,goodbye
2.764778614044189,-6,9,9,13,13,11,10,2,-15,-10,5,0,-13,-12,goodbye
2.780172348022461,-18,-7,-4,7,0,12,11,3,-12,-11,-18,-25,-27,-18,goodbye
2.780172348022461,-18,-16,-4,3,-3,9,5,-2,-16,-5,-31,-28,-39,-18,goodbye
2.796184062957764,-9,-15,1,4,4,19,24,0,-11,-12,-28,-26,-35,-14,goodbye
2.796184062957764,-13,-22,-13,0,-1,24,30,3,4,5,-24,-28,-32,-5,goodbye
2.811086654663086,-24,-23,-18,-6,-9,18,14,0,16,43,-20,-24,-34,0,goodbye
2.811086654663086,-17,-11,-13,-1,1,14,14,-1,15,5,-12,-22,-10,-2,goodbye
2.8266141414642334,-4,-10,-10,-3,5,10,23,3,18,-53,-4,-15,24,5,goodbye
2.8266141414642334,1,-7,-6,-6,-4,1,19,9,29,1,0,1,29,18,goodbye
2.8425440788269043,4,0,-5,2,-4,-7,7,6,24,50,-2,6,12,19,goodbye
2.8425440788269043,4,0,-3,-14,-7,-14,-5,-4,0,-13,-5,4,5,11,goodbye
2.85774564743042,7,0,-8,-38,-16,-21,-21,-13,-12,-44,6,9,12,1,goodbye
2.85774564743042,2,7,-6,-14,-12,-28,-39,-8,-17,-5,0,3,4,-11,goodbye
2.873347043991089,-3,3,0,1,-9,-31,-50,0,-17,0,-13,0,-6,-12,goodbye
2.873347043991089,12,1,2,-16,-7,-21,-39,1,4,-5,12,13,7,1,goodbye
2.888197183609009,31,25,22,-4,8,0,-19,2,6,5,33,28,17,6,goodbye
2.888197183609009,26,43,32,31,15,12,-5,0,-15,2,26,29,8,3,goodbye
2.904281616210937,10,25,15,35,5,10,3,-7,-19,-4,20,16,0,0,goodbye
2.904281616210937,-4,0,3,22,7,14,10,-6,-7,0,1,-4,-9,-7,goodbye
2.919849634170532,-12,-6,-5,9,15,22,17,0,2,12,-15,-16,-7,-8,goodbye
2.919849634170532,-5,-8,-6,-10,3,16,23,10,18,23,-7,-5,8,2,goodbye
2.934964895248413,0,-11,-5,-14,-11,0,18,11,19,13,-1,5,8,13,goodbye
2.934964895248413,7,-11,1,-7,-11,-11,4,0,7,0,0,16,3,15,goodbye
2.951051712036133,13,-3,12,-15,0,-12,0,-3,5,0,16,29,19,7,goodbye
2.951051712036133,6,7,6,-11,4,-12,-1,-1,2,-6,30,21,22,-2,goodbye
2.9671103954315186,-4,16,8,9,3,-14,-8,-1,-12,-22,15,2,-1,-11,goodbye
2.96759295463562,-11,7,3,13,2,-6,-6,-2,-23,-16,-7,-15,-17,-15,goodbye
2.984182596206665,-11,-6,-5,9,3,6,8,0,-17,5,-13,-28,-9,-6,goodbye
2.984182596206665,-5,-5,0,16,6,15,17,0,-4,15,-6,-22,-3,5,goodbye
2.998787403106689,-6,-3,0,21,12,17,19,-2,7,14,-11,-18,-7,1,goodbye
2.998787403106689,-13,-10,-6,9,8,12,12,6,8,11,-20,-25,-15,-5,goodbye
3.0143935680389404,-14,-13,-10,-3,-4,11,4,13,4,13,-19,-24,-13,-2,sil
3.0143935680389404,-12,-15,-16,-6,-6,9,3,3,10,12,-16,-17,-6,3,sil
3.029541254043579,-6,-11,-7,-3,2,0,3,0,20,6,-10,-14,-5,3,sil
3.029541254043579,-5,-9,-15,-10,-1,-6,-3,0,11,0,-6,-11,-9,-1,sil
3.045116424560547,-13,-20,-25,-29,-18,-13,-13,-5,-7,-14,-15,-1,-13,-5,sil
3.045116424560547,-5,-16,-13,-28,-20,-14,-11,-4,0,-22,-8,8,-8,0,sil
3.06063199043274,13,5,2,-4,-5,-5,-7,-1,14,-6,11,16,3,8,sil
3.06063199043274,15,14,8,1,-2,3,-11,-1,2,-1,11,23,6,6,sil
3.076897144317627,7,5,1,-10,-7,-2,-14,-3,-13,-20,4,15,5,-6,sil
3.076897144317627,13,12,9,-8,-1,-12,-13,-5,-19,-24,12,13,5,-11,sil
3.092212915420532,22,28,20,5,8,-8,-11,-5,-15,-8,25,28,8,-2,sil
3.092212915420532,23,26,14,11,11,-5,-10,-4,-6,-3,29,32,12,6,sil
3.107905864715576,18,19,22,13,10,-5,-12,0,-10,-4,20,20,11,1,sil
3.107905864715576,7,9,17,20,14,3,-6,0,-16,6,6,2,5,-2,sil
3.123521566390991,-7,-3,-1,14,8,10,5,-3,-13,9,-7,-16,0,0,sil
3.123521566390991,-18,-3,-4,3,-3,12,9,-1,-18,-1,-14,-29,-2,-5,sil
3.1399972438812256,-15,0,4,9,-2,14,8,0,-16,-1,-11,-27,-9,-14,sil
3.1399972438812256,-6,-6,7,15,5,17,18,6,10,13,-8,-14,-10,0,sil
3.155188798904419,-5,-8,-1,11,6,15,33,12,36,32,-3,0,7,21,sil
3.155188798904419,-10,-12,-9,1,-2,3,28,9,34,35,-4,3,17,20,sil
3.170808792114258,-11,-20,-12,-11,-12,-8,12,3,23,20,-18,-3,3,8,sil
3.170808792114258,-5,-18,-20,-19,-10,-10,9,1,23,6,-15,-6,1,6,sil
3.1848788261413574,5,-8,-7,-19,-5,-10,6,1,18,-3,3,4,13,6,sil
3.2006139755249023,12,-5,0,-18,-10,-15,-6,0,8,-11,9,12,14,-1,sil
3.2006139755249023,9,1,-1,-14,-12,-14,-19,-1,2,-10,6,11,6,-5,sil
3.216036319732666,9,15,7,-5,0,-6,-16,0,4,-8,13,17,2,0,sil
3.216036319732666,8,16,6,2,10,-5,-10,0,0,-13,16,11,-4,-1,sil
3.231581211090088,-2,6,3,4,9,-2,-16,0,-14,-17,3,2,-17,-14,sil
3.231581211090088,-9,2,-3,3,5,4,-14,-4,-20,-9,0,-1,-18,-9,sil
3.2468583583831787,-5,4,-7,2,0,0,-3,-8,-24,-9,1,-6,-16,0,sil
3.2468583583831787,-3,4,4,8,0,-4,-7,-5,-30,-22,-2,-8,-19,-11,sil
3.261896848678589,0,0,3,7,2,3,-4,0,-10,-11,0,-4,-8,-7,sil
3.261896848678589,0,-2,-2,-3,2,7,7,-2,7,13,0,-7,-3,7,sil
3.277890205383301,-8,0,-2,4,0,5,5,-9,-9,6,-13,-21,-17,-9,sil
3.277890205383301,-11,0,-1,18,3,8,0,-3,-27,-15,-23,-25,-15,-24,sil
3.2934186458587646,0,-1,0,6,7,14,0,4,-12,-2,-14,-9,3,-1,sil
3.2934186458587646,2,-2,-1,-1,1,14,4,-2,5,20,-4,0,7,11,sil
3.309072494506836,0,-2,7,4,2,15,13,-1,7,21,-4,1,2,7,sil
3.309072494506836,5,0,8,8,5,16,25,15,14,25,-5,-1,16,16,sil
3.324211597442627,16,0,0,-1,-3,1,18,13,34,34,0,1,36,26,sil
3.324211597442627,12,-2,5,-21,-14,-16,0,3,36,21,15,19,36,26,sil
3.3398094177246094,5,-5,2,-26,-6,-16,-6,5,21,4,25,25,25,17,sil
3.3398094177246094,7,1,-5,-15,6,-13,-10,1,5,-10,17,6,10,-3,sil
3.356008768081665,-1,5,-11,-13,5,-20,-21,-10,-11,-30,0,-5,-11,-24,sil
3.356008768081665,-24,-8,-21,-11,-7,-18,-25,-10,-27,-36,-16,-12,-32,-25,sil
3.371183156967163,-26,-13,-11,6,-7,0,-4,0,-19,-13,-16,-17,-30,-17,sil
3.371183156967163,-9,-2,-5,15,2,16,20,0,0,10,-3,-14,-15,-10,sil
3.3872439861297607,-8,-3,-3,1,0,16,22,0,2,5,-6,-1,-10,-4,sil
3.3872439861297607,-12,-9,-5,-9,-10,1,6,0,1,-3,-12,5,-3,-2,sil
3.403253555297852,2,0,-4,-1,-8,-15,-5,0,6,-1,2,15,11,1,sil
3.403253555297852,20,16,17,8,-1,-15,-10,0,0,-10,16,27,17,4,sil
3.4188551902771,16,22,25,8,3,-8,-11,-1,-13,-26,16,20,4,-4,sil
3.4188551902771,6,14,17,11,5,-6,-18,-6,-22,-25,14,10,-9,-10,sil
3.4349138736724854,11,9,22,36,6,8,-12,-2,-22,-8,13,8,-7,0,sil
3.4349138736724854,22,11,23,48,11,26,13,2,-4,18,14,3,9,19,sil
3.4500558376312256,17,5,17,22,12,21,28,8,19,40,19,9,23,33,sil
3.4500558376312256,7,-3,6,-2,3,11,25,7,33,37,19,18,27,36,sil
3.465200185775757,11,-1,5,-2,-1,5,15,0,27,14,12,15,24,22,sil
3.465200185775757,16,5,10,-1,0,-3,0,0,6,-3,0,10,7,2,sil
3.481287240982056,2,0,-2,-10,-4,-19,-22,0,-10,-10,-5,5,-13,-8,sil
3.481287240982056,-10,-3,-10,-13,-3,-17,-26,-2,-18,-13,-10,-6,-26,-14,sil
3.4962921142578125,-19,-6,-19,-6,-1,1,-5,-2,-14,-13,-27,-31,-27,-19,sil
3.4962921142578125,-28,-21,-31,-12,-11,4,8,-2,-5,-2,-44,-50,-22,-17,sil
3.5119988918304443,-21,-20,-23,-23,-12,-3,4,0,15,15,-32,-35,-6,-3,sil
3.5119988918304443,-1,-4,-24,-24,0,0,0,1,31,16,-14,-17,5,1,sil
3.52714467048645,-4,-1,-28,-29,0,0,-5,1,16,3,-16,-20,-1,-12,sil
3.52714467048645,-12,0,-22,-26,0,-8,-11,0,-5,0,-4,-17,0,-16,sil
3.542363405227661,-7,10,-5,-15,13,-3,-8,0,-12,-6,6,-8,1,-10,sil
3.542363405227661,-17,1,-4,-16,18,9,1,0,-20,-16,-18,-22,-17,-24,sil
3.5579938888549805,-32,-21,-19,-14,4,11,12,0,-15,-5,-39,-39,-25,-24,sil
3.5579938888549805,-23,-28,-7,-6,-3,6,19,3,12,10,-20,-23,-5,0,sil
3.573106527328491,-5,-17,3,-7,-1,4,18,5,31,15,5,0,13,15,sil
3.573106527328491,10,-5,5,-2,0,0,5,0,19,12,21,20,20,15,sil
3.588258981704712,30,10,24,15,-1,-4,-9,-7,-4,-2,37,45,25,17,sil
3.588258981704712,36,28,38,37,-1,-4,-15,-8,-21,-19,56,59,25,13,sil
3.6039304733276367,30,34,43,48,1,-1,-12,0,-29,-23,49,53,12,6,sil
3.604929208755493,15,22,34,39,3,6,2,1,-24,-15,21,31,-4,3,sil
3.619891405105591,4,9,16,29,2,7,12,-3,-16,-1,10,11,-7,2,sil
3.619891405105591,6,2,17,28,-5,-4,1,0,-14,4,5,7,-5,3,sil
3.635905504226685,3,-8,3,13,-18,-8,-7,2,-10,-1,-9,2,-8,3,sil
3.635905504226685,-3,-12,-10,-5,-11,3,1,0,-1,-2,-9,-1,-5,5,sil
3.650343894958496,0,-6,-7,-2,0,4,6,1,10,4,-6,1,5,10,sil
3.6674435138702393,4,-7,-12,-9,-5,-19,-9,0,16,0,-13,2,10,8,sil
3.6674435138702393,7,3,-5,-19,-8,-25,-22,1,17,0,7,19,15,8,sil
3.6674435138702393,19,24,11,1,7,-5,-13,2,14,8,36,31,22,9,sil
3.6818528175354,10,24,16,6,13,-3,-8,-2,-2,-2,14,10,3,-4,sil
3.6828439235687256,-8,12,-3,-12,2,-4,-8,-4,-8,-15,-17,-17,-17,-19,sil
3.697202444076538,-15,-3,-26,-14,1,6,6,-1,1,-6,-30,-35,-21,-15,sil
3.712271690368652,-26,-20,-22,-13,8,15,18,0,0,0,-47,-51,-30,-15,sil
3.712271690368652,-30,-23,-24,-23,6,20,20,5,1,7,-43,-55,-27,-15,sil
3.727867364883423,-18,-23,-25,-19,0,20,24,12,28,23,-17,-34,-4,-6,sil
3.727867364883423,-11,-19,-12,-5,1,9,18,5,32,22,-12,-19,-1,0,sil
3.7433791160583496,-1,-1,-3,5,4,0,3,-3,21,18,-6,-6,0,4,sil
3.7433791160583496,20,10,7,3,2,-1,0,0,27,28,26,19,29,19,sil
3.7594521045684814,23,12,13,0,2,-5,0,-2,18,14,43,27,35,11,sil
3.7594521045684814,3,23,16,15,5,-6,-16,-11,-23,-21,23,14,0,-12,sil
3.77507257461548,-5,24,17,27,9,2,-16,-2,-45,-25,7,5,-15,-5,sil
3.77507257461548,0,0,4,18,8,7,3,0,-27,0,3,0,0,13,sil
3.790215015411377,2,-16,0,4,-3,-1,1,-2,-13,2,-6,0,5,4,sil
3.790215015411377,-3,-9,-2,-4,-13,-8,-12,1,-16,-9,-6,0,3,-4,sil
3.806307315826416,-5,-7,-7,-16,-9,-3,-1,5,-11,-6,3,2,7,7,sil
3.806307315826416,1,-7,0,-11,-3,7,11,4,4,2,0,10,5,14,sil
3.821853637695313,7,-3,-2,0,-5,1,2,0,6,0,-7,7,0,0,sil
3.821853637695313,0,-7,-5,-14,-13,-14,-10,-4,-2,-13,-11,-1,-6,-12,sil
3.837217092514038,-13,-19,-13,-35,-14,-7,0,0,6,-10,-12,-7,-11,-13,sil
3.837217092514038,-13,-19,-15,-29,-11,0,1,0,18,1,-9,-6,-5,-8,sil
3.853260755538941,-1,-6,-1,-11,-10,-12,-17,-1,4,0,-1,2,0,-7,sil
3.853260755538941,8,0,1,-8,-5,-19,-19,0,-7,-6,6,13,0,0,sil
3.869050264358521,7,5,3,-11,0,-11,-7,0,-4,-10,12,16,0,0,sil
3.869050264358521,0,14,5,2,0,-4,-7,-5,-6,-18,12,7,-4,-14,sil
3.884211778640747,-1,17,10,27,7,7,0,-2,-7,-9,6,0,-11,-12,sil
3.884211778640747,2,14,22,34,17,18,21,4,1,7,0,-1,-6,10,sil
3.900054931640625,4,13,9,25,10,9,16,1,2,1,-2,-7,0,8,sil
3.900054931640625,-6,11,0,16,0,0,-12,0,-15,-17,-9,-18,-14,-12,sil
3.916064739227295,-8,5,3,13,2,7,-12,0,-13,-12,-9,-13,-14,-7,sil
3.916064739227295,11,3,5,13,10,11,8,0,9,15,2,4,10,19,sil
3.932147026062012,20,10,8,16,11,9,10,4,18,30,9,9,21,27,sil
3.932147026062012,2,7,0,19,10,7,5,4,1,17,-1,-7,6,7,sil
3.9475257396698,-1,3,2,18,10,7,17,1,-12,5,-2,-10,0,0,sil
3.9475257396698,11,7,13,10,10,11,30,4,5,20,15,8,16,17,sil
3.962822675704956,4,-5,-3,-2,5,3,19,3,28,28,15,15,21,22,sil
3.962822675704956,-6,-18,-11,-13,-5,-7,-1,1,21,15,0,6,6,6,sil
3.977900505065918,1,-14,-8,-13,-13,-7,-7,-2,9,12,4,5,8,0,sil
3.977900505065918,6,-12,-3,-15,-10,-6,-9,-2,13,11,12,16,19,6,sil
3.993913173675537,-3,-12,-5,-20,-5,-10,-12,1,10,-3,1,15,12,5,sil
3.993913173675537,0,-8,-11,-21,1,-15,-6,-3,-1,-13,-3,6,2,-9,sil
4.009835958480835,2,-4,-6,-24,2,-15,-7,-7,-14,-19,0,6,-3,-20,sil
4.009835958480835,-14,-3,-12,-30,-18,-13,-22,-8,-30,-38,-4,-8,-21,-27,sil
4.030047178268433,-19,-2,-9,-17,-22,-8,-18,-5,-42,-50,-16,-28,-37,-35,sil
4.030047178268433,0,4,10,13,13,5,8,3,-30,-32,-18,-20,-27,-23,sil
4.030047178268433,1,12,7,26,29,17,23,4,-1,-2,-17,-12,-9,2,sil
4.040076017379761,-6,9,2,18,14,20,18,3,20,19,-20,-16,-4,8,sil
4.056004285812378,0,0,-2,10,1,12,9,6,24,26,-8,-11,0,6,sil
4.056004285812378,-8,-16,-15,-15,-23,-9,-16,0,8,9,0,-7,-1,6,sil
4.071888208389282,-24,-18,-21,-34,-43,-21,-35,-6,8,1,-4,-7,0,-4,sil
4.071888208389282,-2,12,-6,-10,-15,-11,-14,-3,30,24,12,9,17,-6,sil
4.086931943893433,25,30,21,9,12,1,2,0,10,19,31,26,16,8,sil
4.086931943893433,9,8,18,6,7,11,-4,-1,-30,-22,17,7,-8,2,sil
4.961859464645386,0,9,4,14,1,11,1,0,-12,-12,-3,-6,-17,-8,sil
4.961859464645386,-2,5,8,11,0,20,19,5,-2,13,0,-1,0,-2,sil
4.976963520050049,0,9,3,20,6,19,25,2,-1,20,-7,-7,2,6,sil
4.977378845214844,1,1,-2,11,6,18,26,0,0,12,-17,-18,-8,9,sil
4.993087768554688,-10,-10,-6,-7,0,21,26,3,10,14,-13,-17,-5,6,sil
4.993087768554688,-15,-15,-10,-10,-2,14,21,4,14,20,-9,-8,3,10,sil
5.008350372314453,-3,-8,-3,-1,-7,4,14,1,12,14,-10,-1,8,16,sil
5.008350372314453,6,-1,-2,-5,-7,0,4,-2,15,1,-7,1,11,13,sil
5.023861408233643,9,-1,0,-13,0,-4,-1,0,24,2,6,14,24,14,sil
5.023861408233643,11,-5,0,-8,5,-1,0,9,27,15,22,24,34,17,sil
5.039922714233398,12,0,4,1,1,0,-7,6,11,6,21,17,19,5,sil
5.039922714233398,11,11,14,11,4,-8,-25,0,-5,-10,10,7,-1,-8,sil
5.054979562759399,6,11,6,15,9,-9,-22,0,-6,-4,13,3,-2,-5,sil
5.055980443954468,-6,2,0,8,5,0,-8,-4,-10,-7,14,4,-1,-6,sil
5.070239305496216,-15,1,-5,0,2,3,-7,-9,-27,-27,-2,-2,-13,-18,sil
5.070239305496216,-14,0,-11,1,2,1,-5,-5,-25,-15,-12,-16,-22,-14,sil
5.086104393005371,-11,-3,-4,6,0,3,10,2,-3,13,-6,-17,-15,0,sil
5.086104393005371,-12,-9,-6,8,-2,5,22,4,7,14,-7,-10,-2,0,sil
5.101498603820801,-5,-15,-4,0,-3,8,16,1,4,7,-9,-7,2,-3,sil
5.101498603820801,1,-12,-2,-9,-11,1,10,-1,10,16,-5,-5,7,4,sil
5.117516279220581,0,-8,-8,-12,-19,-21,-1,-3,10,8,-4,0,10,12,sil
5.117516279220581,5,-7,-2,-11,-20,-30,-18,-1,-1,-13,-2,8,6,3,sil
5.133116960525513,19,2,6,-6,-4,-19,-21,-1,-2,-14,8,15,5,-4,sil
5.133116960525513,12,21,15,0,9,-12,-18,-3,0,-8,9,11,1,-7,sil
5.148309469223023,-5,19,12,9,9,0,-6,-1,-10,-3,1,0,-7,-8,sil
5.164081811904907,-5,0,-2,11,8,20,16,1,-14,3,-7,-10,-14,-6,sil
5.164081811904907,-1,-5,-4,-5,11,28,22,3,-7,2,-15,-12,-13,0,sil
5.164081811904907,-8,-6,-10,-15,4,15,6,3,3,-3,-13,-12,-4,0,sil
5.179431915283203,-7,-7,-13,-12,-4,-4,-6,3,12,-4,-5,-2,0,-2,sil
5.195375204086304,2,-4,-8,-12,-6,-15,-13,-1,10,-9,0,9,-1,-2,sil
5.195375204086304,7,-2,-4,-12,-7,-14,-17,-9,-6,-23,2,11,0,0,sil
5.195375204086304,3,9,8,1,1,-1,-10,-1,-15,-19,6,6,0,-3,sil
5.211508512496948,-1,23,7,20,15,16,9,0,-6,9,6,-6,-2,-6,sil
5.227186441421509,0,11,3,22,16,24,23,-2,0,28,0,-16,-1,0,sil
5.227186441421509,5,-5,3,3,10,18,20,7,3,18,-4,-4,6,9,sil
5.227186441421509,2,-12,-7,-13,4,1,4,7,13,12,4,7,18,12,sil
5.2432262897491455,2,-3,-1,-12,-1,-11,-9,0,14,11,16,10,18,8,sil
5.2432262897491455,6,17,11,0,0,-10,-9,0,4,-3,18,7,6,0,sil
5.258811712265015,-5,15,7,10,1,-3,-3,2,-10,-21,0,-10,-18,-12,sil
5.258811712265015,-17,-5,0,15,0,7,0,0,-20,-14,-20,-26,-32,-7,sil
5.274972915649414,-9,-10,-1,18,-1,9,10,1,-8,10,-14,-16,-16,10,sil
5.275978088378906,-5,-6,3,8,-7,1,18,3,9,19,0,0,0,10,sil
5.289105653762817,-7,-13,-3,0,-10,0,19,0,16,14,1,0,2,5,sil
5.289105653762817,2,-18,3,-3,-13,0,6,1,18,16,5,11,12,18,sil
5.304687738418579,12,-7,13,-3,-20,-10,-6,7,32,19,18,34,30,25,sil
5.320194244384766,11,2,0,-5,-13,-19,-5,0,39,10,24,31,30,16,sil
5.320194244384766,7,0,-3,-21,-5,-13,-12,-9,16,-1,14,19,12,3,sil
5.336337566375732,2,-7,-7,-23,-11,-14,-29,-9,-8,-13,0,7,-2,-10,sil
5.336337566375732,5,1,-2,3,-8,-19,-26,-4,-21,-29,0,5,-7,-19,sil
5.3529052734375,8,16,16,19,1,-12,-13,-7,-37,-33,5,13,-6,-19,sil
5.3529052734375,2,11,6,4,0,-5,-18,-15,-49,-21,0,9,-2,-21,sil
5.3529052734375,2,7,6,1,2,-1,-21,-6,-39,-13,3,4,0,-17,sil
5.368948936462402,12,16,15,21,15,8,0,5,-20,-11,17,8,2,-4,sil
5.368948936462402,10,17,8,28,20,15,15,0,-13,-8,2,1,-2,0,sil
5.3834381103515625,0,12,5,15,17,17,17,1,-9,-3,-22,-12,-9,0,sil
5.398708343505859,-5,5,-6,1,13,19,20,7,5,3,-22,-23,-7,0,sil
5.398708343505859,-6,-2,-14,-6,15,19,19,7,15,4,-26,-25,-11,2,sil
5.414820194244385,-13,-4,-14,-5,20,17,19,4,19,8,-35,-25,-16,1,sil
5.414820194244385,-17,-6,-18,-8,10,8,17,2,20,18,-33,-29,-13,0,sil
5.430860757827759,-14,-10,-16,-14,0,5,12,5,24,29,-23,-25,-4,4,sil
5.430860757827759,-18,-21,-28,-21,0,11,18,4,30,23,-17,-28,0,0,sil
5.44603157043457,-31,-35,-37,-44,-6,9,14,0,22,4,-22,-45,-10,-13,sil
5.44603157043457,-25,-32,-27,-49,-13,2,4,0,8,6,-20,-39,-11,-10,sil
5.461880445480347,0,-17,-13,-23,-7,-2,1,1,11,7,0,0,12,9,sil
5.461880445480347,1,-10,0,-13,-14,-9,-13,1,18,-3,16,22,21,11,sil
5.477352142333984,3,0,2,-8,-19,-15,-26,0,19,13,35,22,13,5,sil
5.477352142333984,26,19,20,16,-2,-21,-27,0,1,5,51,36,12,14,sil
5.49334192276001,32,22,36,22,4,-28,-29,0,-25,-43,40,40,7,10,sil
5.49334192276001,15,17,20,14,-6,-22,-23,-11,-28,-29,31,25,-1,-7,sil
5.508461952209473,14,26,31,20,-10,-14,-12,-7,-19,9,39,29,-3,-12,sil
5.508461952209473,17,30,38,29,-3,-11,-6,0,-19,0,33,29,3,-7,sil
5.524057149887085,4,16,19,27,5,-2,0,-7,-21,-5,21,12,6,-9,sil
5.524057149887085,-2,8,21,20,9,7,7,-2,-22,10,11,10,0,-4,sil
5.539194345474243,0,8,14,21,0,3,10,0,-20,3,-5,7,-7,4,sil
5.539194345474243,0,0,-2,22,-11,-1,1,-7,-25,-16,-23,-6,-12,5,sil
5.554320335388184,-1,-5,5,16,-5,7,0,0,-27,-13,-34,-7,-9,5,sil
5.554320335388184,0,-5,-4,18,2,20,13,0,-2,12,-34,-6,0,8,sil
5.570043087005615,1,-15,-11,11,0,19,20,0,15,20,-26,-8,0,18,sil
5.570043087005615,0,-24,3,-15,-5,16,20,14,16,10,-23,-5,-1,23,sil
5.585143804550171,-2,-19,-26,-17,1,11,25,0,34,26,-15,-14,15,4,sil
5.585143804550171,-1,-13,-40,-6,5,5,15,-8,41,23,-12,-15,16,-4,sil
5.601240396499634,-7,-16,0,-30,0,2,-2,13,15,-11,-15,0,0,0,sil
5.601240396499634,-17,-19,-18,-51,-2,-7,-6,5,3,-16,-6,-7,2,-7,sil
5.616437673568726,-10,-10,-36,-30,-1,-19,-14,-3,9,-8,1,-18,0,-15,sil
5.616437673568726,0,6,2,-16,0,-13,-19,6,13,-13,12,1,-3,-12,sil
5.631982564926148,2,14,9,-18,12,-4,-3,3,16,-6,25,16,6,-14,sil
5.631982564926148,0,16,0,-8,11,-2,1,-4,6,-15,23,10,3,-11,sil
5.64808464050293,5,17,1,2,-2,-5,-14,-3,-2,-27,14,3,-7,-5,sil
5.64808464050293,7,21,0,0,1,-6,-25,-3,-4,-15,15,1,-4,-1,sil
5.663200855255127,-1,26,5,10,21,2,-20,-7,-10,-12,12,0,-3,0,sil
5.663200855255127,-7,16,13,35,22,15,-5,-3,-16,-19,-1,-7,-16,-1,sil
5.678175449371338,-1,0,12,33,15,12,3,7,-9,-8,-6,-12,-17,0,sil
5.678175449371338,2,1,6,22,16,9,13,4,6,11,4,-3,0,9,sil
5.693836212158203,9,12,11,25,10,12,22,0,2,16,3,3,8,21,sil
5.693836212158203,9,3,22,25,2,9,18,2,-15,10,-13,0,0,18,sil
5.709201335906982,-5,-17,-5,7,0,4,13,-6,-9,12,-22,-12,-4,0,sil
5.709201335906982,-18,-29,-24,-18,-9,3,15,-2,4,14,-21,-22,-6,-6,sil
5.72525691986084,-22,-21,-14,-28,-23,0,16,14,0,13,-24,-25,-8,-5,sil
5.72525691986084,-20,-20,-27,-17,-24,-12,12,5,1,15,-27,-26,-6,-7,sil
5.741265535354614,-4,-28,-5,-25,-26,-20,-3,0,6,13,-23,-5,-4,-3,sil
5.741265535354614,11,-24,11,-35,-28,-13,-16,1,8,22,-1,19,13,0,sil
5.756974935531616,14,-6,-14,-21,-18,-14,-10,-11,11,35,21,21,29,-10,sil
5.756974935531616,13,11,10,-8,-8,-17,-11,-8,1,22,21,27,16,-7,sil
5.771997213363648,13,16,23,0,-7,-7,-16,0,-11,25,19,27,7,4,sil
5.771997213363648,12,7,0,4,-4,0,-11,-6,-20,41,15,11,0,1,sil
5.787415266036987,3,1,0,-1,-4,0,-5,-4,-30,-6,2,-1,-13,-5,sil
5.787415266036987,-10,0,-8,-3,-8,-2,-7,-4,-26,-69,-4,-8,-7,-5,sil
5.803093433380127,-8,9,0,9,-9,-6,-14,0,-18,-68,-1,1,0,0,sil
5.803093433380127,3,19,24,19,-4,-4,-11,4,-13,-36,18,20,0,6,sil
5.818867206573486,6,10,5,15,0,0,0,0,-1,-20,31,16,7,6,sil
5.818867206573486,7,8,1,12,1,7,2,4,1,-20,10,3,2,4,sil
5.834243059158325,10,17,15,23,5,9,-4,9,0,-22,2,0,-10,5,sil
5.834243059158325,7,13,13,25,9,10,-3,3,-1,-13,19,4,-9,11,sil
5.850379943847656,3,7,5,20,16,21,15,9,0,7,13,4,0,9,sil
5.865004301071167,-5,6,-1,16,22,20,22,6,4,11,-12,-11,-2,-4,sil
5.865004301071167,-13,2,-3,11,22,12,11,-4,7,0,-16,-20,-7,-8,sil
5.865004301071167,-3,1,-6,10,24,12,18,0,21,10,3,-7,9,3,sil
5.880187749862671,6,3,-1,12,35,13,31,3,39,33,7,3,17,8,sil
5.895363807678223,3,0,0,6,42,16,21,-4,22,25,-11,-5,2,0,sil
5.895363807678223,0,-11,-10,-5,30,13,6,-7,3,9,-20,-15,-1,0,sil
5.9114089012146,-4,-19,-14,-19,9,-5,0,0,25,10,-10,-7,2,0,sil
5.9114089012146,-11,-24,-19,-37,-3,-25,-8,3,34,8,-14,-3,0,-9,sil
5.927237987518311,-13,-26,-12,-43,1,-24,-5,1,27,0,-26,-12,-8,-9,sil
5.927237987518311,-4,-14,0,-24,26,-7,12,0,40,5,-15,-11,-10,9,sil
5.943140745162964,-8,-4,-6,-9,18,-7,0,-8,38,0,-18,-5,-10,6,sil
5.943140745162964,-26,-19,-25,-28,-31,-23,-32,-12,30,-19,-45,-20,-26,-21,sil
5.943140745162964,-18,-22,-22,-33,-32,-15,-26,2,33,-1,-23,-21,-20,-14,sil
5.959344148635864,8,8,7,0,3,0,-4,9,61,15,22,12,21,6,sil
5.959344148635864,16,9,9,9,-20,-7,-12,-1,74,-4,18,21,37,-5,sil
5.974880218505859,12,-14,0,-7,-52,-14,-20,-6,-34,-11,10,9,8,-6,sil
5.99195122718811,14,6,14,1,-28,0,-5,1,0,4,34,23,3,18,sil
5.99195122718811,12,36,8,29,-26,7,2,0,138,2,36,30,19,15,sil
5.99195122718811,15,29,10,28,-37,1,-2,3,-298,-7,19,18,12,2,sil
6.007069826126099,18,13,21,4,-26,-2,-6,9,-795,-5,20,18,1,8,sil
6.023092985153198,0,-2,0,-8,-53,0,-5,0,-306,-5,12,5,-2,-3,sil
6.023092985153198,-12,-2,-1,3,-82,9,0,-7,298,-5,-2,-11,-8,-21,sil
6.023092985153198,-1,10,13,17,-48,4,1,-4,148,2,5,-12,-3,-15,sil
6.045217275619507,-2,1,12,1,-23,-13,-4,-8,9,-4,8,-7,-8,-13,sil
6.045217275619507,-6,0,4,-2,-14,-4,0,-14,146,-29,-12,-14,-24,-17,sil
6.055231809616089,7,21,4,23,36,14,9,-2,117,-32,-19,-13,-17,-4,sil
6.055231809616089,7,21,11,29,85,18,7,9,66,-2,-6,0,0,8,sil
6.070793628692627,-5,0,0,13,87,23,11,-1,92,13,-3,0,-3,6,goodbye
6.070793628692627,-5,-7,-3,6,67,27,18,-5,65,5,-13,-7,-12,7,goodbye
6.085963726043701,-6,-10,0,2,44,18,12,10,52,12,-11,-6,-6,16,goodbye
6.101252317428589,-11,-15,-19,-6,36,5,6,12,54,20,-2,-7,0,14,goodbye
6.101252317428589,-4,-8,-10,-6,43,0,8,10,43,15,1,0,0,10,goodbye
6.101252317428589,0,-1,5,4,37,0,14,13,39,26,3,8,7,9,goodbye
6.116271734237671,-1,-2,1,8,24,-2,9,0,2,23,-3,1,5,7,goodbye
6.131458520889282,10,0,1,0,19,-6,4,-2,-14,5,0,3,7,10,goodbye
6.131458520889282,14,-5,-6,-9,2,-12,5,7,13,18,24,17,25,14,goodbye
6.147156238555908,-3,-20,-19,-21,-19,-17,0,1,-3,14,8,5,13,3,goodbye
6.147156238555908,-9,-26,-23,-32,-24,-16,-6,-5,-47,-25,-33,-20,-15,-16,goodbye
6.162585496902466,-4,-20,-16,-31,-17,-15,-3,2,-34,-20,-35,-21,-16,-20,goodbye
6.162585496902466,-2,-11,-2,-17,-16,-9,-9,1,-1,17,0,0,4,-7,goodbye
6.177946329116821,0,-3,3,-9,-24,-9,-17,-13,-21,2,16,16,15,0,goodbye
6.177946329116821,4,2,2,-15,-29,-17,-19,-15,-60,-41,-1,10,3,-8,goodbye
6.19333028793335,4,9,2,-10,-29,-16,-18,-5,-56,-39,-1,3,-1,-17,goodbye
6.19333028793335,9,18,10,4,-21,-7,-21,-1,-32,-16,20,11,12,-4,goodbye
6.2091593742370605,6,17,11,6,-14,0,-20,0,-26,-15,15,12,12,1,goodbye
6.2091593742370605,-5,12,3,16,-12,6,-6,-1,-23,-7,0,-4,-3,-4,goodbye
6.22416877746582,0,22,18,39,-7,16,8,1,-10,12,11,0,2,5,goodbye
6.22416877746582,7,28,17,34,-3,22,10,5,0,13,12,5,16,13,goodbye
6.240161418914795,-4,9,-3,7,-6,18,2,4,-4,1,-2,-5,3,-5,goodbye
6.240161418914795,-15,-5,-3,10,-5,14,4,-1,-12,2,-2,-12,-8,-13,goodbye
6.2551186084747314,-6,0,0,26,-2,15,12,-10,-10,6,-6,-10,-7,-6,goodbye
6.2551186084747314,-5,-5,-2,5,-2,9,13,-5,-5,6,-18,-13,-10,-7,goodbye
6.271185159683228,-9,-22,-6,-15,-7,0,10,2,7,14,-14,-11,-8,0,goodbye
6.271185159683228,0,-14,-2,-8,-9,2,5,0,24,17,-10,-2,-1,18,goodbye
6.287088871002197,9,3,5,-7,2,11,9,4,33,10,-10,0,0,19,goodbye
6.287088871002197,9,-2,-5,-19,10,0,17,11,44,11,5,0,6,15,goodbye
6.3024070262908936,3,-14,-2,-22,-4,-18,1,8,40,1,8,4,3,10,goodbye
6.3024070262908936,3,-6,-1,-18,-14,-19,-13,0,21,-19,-6,3,-20,-7,goodbye
6.318492650985718,6,0,-13,-20,5,-13,-7,-2,10,-27,3,2,-32,-17,goodbye
6.318492650985718,3,-1,-6,-24,25,-16,-6,0,1,-17,23,11,-15,-8,goodbye
6.334143161773682,0,1,2,-11,25,-16,-10,0,-4,-2,18,15,-11,-5,goodbye
6.334143161773682,3,13,14,15,20,-2,-3,0,-2,0,13,14,-25,-5,goodbye
6.349480152130127,4,16,22,32,17,5,0,1,-3,-10,12,6,-15,0,goodbye
6.349480152130127,0,7,12,34,15,-4,0,-3,-18,-6,-6,-11,13,0,goodbye
6.366113185882568,-4,3,10,35,17,2,9,-4,-21,18,-16,-10,25,-1,goodbye
6.366113185882568,-3,0,4,29,15,28,16,-2,0,36,-4,-3,21,7,goodbye
6.381228685379028,-7,-10,-3,4,4,20,5,1,17,29,-8,-9,16,13,goodbye
6.381228685379028,-11,-16,-11,-10,-5,2,5,10,16,24,-11,-7,20,10,goodbye
6.396922826766968,-4,-10,-13,-4,0,8,13,2,11,20,2,3,26,13,goodbye
6.396922826766968,6,4,-3,1,1,8,-2,-12,-2,-1,5,4,15,11,goodbye
6.412961006164551,1,10,-10,-1,-5,-1,-18,-11,-17,-23,0,-5,-7,-8,goodbye
6.412961006164551,-10,0,-17,-12,-6,-3,-11,0,-24,-19,-3,-7,-18,-18,goodbye
6.428557395935059,-1,-2,-2,-8,-3,-4,-10,1,-16,-8,-3,1,-2,-4,goodbye
6.428557395935059,10,0,4,0,-7,-8,-12,-2,4,-7,2,11,18,9,goodbye
6.444230318069458,1,-5,0,-9,-10,-6,-2,1,15,-11,0,5,14,0,goodbye
6.444230318069458,-8,-11,-12,-27,-14,-8,5,5,10,-9,-12,-11,2,-16,goodbye
6.459800481796265,-3,-12,-13,-24,-21,-15,0,0,5,-6,-14,-9,0,-20,goodbye
6.459800481796265,0,0,-2,-14,-12,-4,0,-2,0,-10,-5,3,-3,-9,goodbye
6.476269006729126,0,6,-2,-13,-4,5,4,0,-17,-17,-2,3,-9,-2,goodbye
6.476269006729126,2,-3,1,-15,-20,-8,-3,3,-19,-13,-4,2,-8,0,goodbye
6.492055416107178,7,-5,3,-12,-20,-22,-9,3,0,0,0,4,-3,3,goodbye
6.492055416107178,2,7,2,-5,1,-5,2,0,4,-2,0,0,-9,0,goodbye
6.507282495498657,0,7,10,4,6,10,5,0,-9,-15,0,0,-13,-4,goodbye
6.507282495498657,9,6,14,13,2,0,-11,-3,-5,0,13,3,3,4,goodbye
6.52328896522522,11,18,23,20,19,-4,-17,-2,7,26,29,11,14,14,goodbye
6.52328896522522,2,20,20,27,30,14,0,-3,1,26,26,12,6,9,goodbye
6.538928031921387,-3,10,6,26,19,22,6,-1,-12,11,12,0,-1,3,goodbye
6.538928031921387,1,10,10,25,9,16,0,3,-12,2,7,1,-8,5,goodbye
6.554626226425171,8,12,10,34,8,17,8,2,2,7,6,14,-8,6,goodbye
6.554626226425171,3,1,3,28,4,18,23,4,17,16,2,3,-1,7,goodbye
6.569794654846191,-1,-10,-5,3,-1,9,24,8,22,19,4,-11,0,5,goodbye
6.569794654846191,0,-15,-8,-5,-2,0,16,1,16,14,2,-3,-1,0,goodbye
6.584872007369995,-8,-14,-3,-3,0,-1,4,-2,4,1,-13,-4,-9,-3,goodbye
6.584872007369995,-18,-15,-17,-13,0,-5,0,-4,-2,-7,-25,-21,-12,-6,goodbye
6.59997296333313,-12,-14,-15,-21,-3,-7,0,-3,-3,-7,-24,-20,-13,-11,goodbye
6.59997296333313,-2,-10,-5,-13,-7,-5,-2,0,-1,-4,-18,-16,-10,-9,goodbye
6.615012884140015,-2,-5,-13,-9,-4,-10,-6,-2,-3,-2,-13,-14,-2,-3,goodbye
6.615012884140015,-4,-7,-14,-17,-7,-12,-11,-5,-11,-9,-13,-3,1,-5,goodbye
6.631043434143066,-9,-16,-16,-19,-18,-11,-14,-5,-10,-21,-14,-2,0,-10,goodbye
6.631043434143066,-5,-12,-7,-16,-20,-12,-12,-1,-1,-16,-8,-5,0,0,goodbye
6.64605712890625,5,3,3,-9,-4,-3,-5,5,6,0,-4,4,10,12,goodbye
6.64605712890625,1,6,-3,-4,4,1,-4,3,5,-3,-1,6,16,7,goodbye
6.661914110183716,-6,3,0,-4,0,0,-5,1,1,-11,15,10,21,6,goodbye
6.661914110183716,5,12,9,4,0,0,1,0,8,6,33,18,27,12,goodbye
6.678062915802002,14,23,15,9,8,4,3,-1,9,6,10,13,12,2,goodbye
6.678062915802002,8,19,12,2,12,3,3,1,-2,-10,-8,6,-5,-6,goodbye
6.69316840171814,8,0,2,0,4,-2,6,1,-1,-2,16,15,6,3,goodbye
6.69316840171814,10,-10,3,-6,0,-10,0,-2,10,12,22,16,15,5,goodbye
6.709805011749268,4,-1,0,-11,-3,-9,-9,0,10,8,-3,3,0,-7,goodbye
6.709805011749268,7,7,2,3,-5,-2,-7,5,-1,1,0,3,-2,-9,goodbye
6.723836898803711,8,4,10,12,1,0,-1,3,-5,2,18,11,5,0,goodbye
6.740943431854248,0,0,1,-1,8,-1,0,-3,0,1,12,7,3,0,goodbye
6.740943431854248,2,7,7,0,5,-5,-6,-2,-4,-3,8,5,-6,-9,goodbye
6.740943431854248,1,18,12,26,10,2,-4,0,-15,-4,6,0,-14,-18,goodbye
6.75597095489502,-14,7,-2,33,11,16,7,0,-18,0,-6,-17,-26,-17,goodbye
6.771800518035889,-21,-9,-11,15,2,20,9,0,-16,-3,-16,-24,-32,-9,goodbye
6.771800518035889,-13,-13,-4,9,2,17,9,-3,-16,-9,-27,-31,-32,-7,goodbye
6.771800518035889,-5,-4,9,11,4,15,12,0,-7,1,-29,-26,-23,1,goodbye
6.788050174713135,3,4,7,7,-3,12,15,6,13,22,0,0,6,23,goodbye
6.788050174713135,1,3,-10,2,0,6,11,0,15,16,6,0,14,20,goodbye
6.803073167800903,-9,-4,-15,-4,6,6,7,-2,1,0,-17,-19,-7,-2,goodbye
6.803073167800903,-2,-7,-6,-10,0,0,1,4,4,6,-12,-8,0,6,goodbye
6.818236589431763,5,-6,7,-13,-13,-13,-9,1,15,11,2,13,20,26,goodbye
6.835261821746826,0,-14,-2,-22,-17,-14,-11,-7,7,0,-2,6,13,16,goodbye
6.835261821746826,0,-14,-9,-26,-10,-2,-2,-1,2,1,1,4,11,8,goodbye
6.835261821746826,7,-5,0,-18,-6,-1,4,8,15,13,12,16,22,14,goodbye
6.850357055664063,7,-7,-3,-7,-16,-12,0,1,16,6,7,13,16,8,goodbye
6.866346120834351,11,-2,1,5,-12,-16,-13,-3,0,-13,10,13,5,0,goodbye
6.866346120834351,18,13,5,9,6,-2,-3,1,-2,-14,18,18,12,-5,goodbye
6.866346120834351,11,5,-2,-9,7,2,2,0,3,-11,7,12,12,-10,goodbye
6.881833553314209,0,-5,1,-19,-2,-14,-11,-5,-2,-20,3,7,-2,-11,goodbye
7.957347393035889,10,-6,-7,-9,1,3,3,7,32,34,0,4,31,23,goodbye
7.957347393035889,16,0,1,-6,-6,2,1,7,20,19,15,15,23,16,goodbye
7.972960710525513,6,1,0,-1,-10,-8,-10,-6,-5,-17,4,8,-3,-6,goodbye
7.972960710525513,-2,-3,-6,-17,-8,-22,-26,-9,-27,-32,-10,5,-16,-18,goodbye
7.989151000976562,8,-1,-7,-27,-13,-25,-22,-1,-28,-16,6,18,0,-7,goodbye
7.989151000976562,14,0,4,-13,-15,-21,-14,-4,-18,-4,26,23,6,4,goodbye
8.004226446151733,8,4,19,1,-3,-9,-16,-4,-11,-3,24,16,-5,0,goodbye
8.004226446151733,12,10,16,14,9,1,-8,2,-4,1,18,11,-6,-3,goodbye
8.019903898239136,17,13,19,25,12,3,3,1,-5,0,9,2,-4,1,goodbye
8.019903898239136,7,13,15,26,9,1,3,-3,-16,-13,-7,-11,-23,0,goodbye
8.035938262939453,-8,1,0,23,2,8,7,0,-22,-19,-19,-14,-34,-4,goodbye
8.035938262939453,-13,-9,-2,16,1,23,24,4,-7,-1,-14,-6,-14,8,goodbye
8.056252002716064,-8,-15,-10,-1,6,27,36,4,14,21,-10,-10,1,20,goodbye
8.057275772094727,-11,-22,-18,-16,0,18,27,3,17,14,-26,-25,-10,8,goodbye
8.057275772094727,-19,-21,-20,-14,-9,9,8,0,9,-2,-32,-26,-23,-7,goodbye
8.066865682601929,-12,-9,-20,-15,-4,1,-1,0,15,2,-11,-12,-10,-3,goodbye
8.082919359207153,0,-2,-10,-17,4,0,7,7,30,16,8,0,10,5,goodbye
8.082919359207153,-3,-7,-9,-17,0,-5,10,6,30,15,13,3,13,2,goodbye
8.099037170410156,-12,-18,-8,-28,-18,-18,-14,-5,2,-4,1,0,-6,-6,goodbye
8.099037170410156,-2,-8,-4,-26,-13,-24,-27,-9,-13,-17,-2,6,-6,-7,goodbye
8.115124940872192,17,11,5,-1,4,-13,-8,-1,0,-4,17,22,20,0,goodbye
8.115124940872192,14,11,17,1,-4,-4,-7,2,0,1,29,22,17,0,goodbye
8.131171464920044,6,7,7,-1,-12,-7,-22,-2,-11,1,24,13,3,0,goodbye
8.131171464920044,20,25,17,21,11,-6,-12,0,-4,8,32,21,26,10,goodbye
8.147364377975464,17,32,26,37,19,1,0,2,-2,2,25,20,39,5,goodbye
8.147725582122803,-7,15,7,22,2,1,-7,-1,-16,-11,-2,-1,14,-11,goodbye
8.162914991378784,-10,7,7,16,4,6,-10,-3,-18,-7,-12,-2,4,-12,goodbye
8.162914991378784,-7,3,9,25,10,17,-2,-1,-8,2,-14,-2,13,-6,goodbye
8.178054571151733,-13,-3,-3,6,4,13,3,-2,-1,7,-27,-13,7,-6,goodbye
8.178054571151733,0,-4,-11,-18,0,3,8,0,15,19,-24,-9,14,2,goodbye
8.194131135940552,15,-4,-6,-12,0,0,7,2,25,18,-4,1,35,17,goodbye
8.194131135940552,8,-2,4,-5,-2,-3,-2,0,5,-5,8,8,35,13,goodbye
8.20928955078125,7,4,0,-10,-1,-11,-3,-4,-10,-18,19,12,26,0,goodbye
8.20928955078125,17,11,1,0,2,-9,1,-3,-7,-11,19,8,19,-1,goodbye
8.224811792373657,11,12,11,20,10,3,10,3,-6,-7,11,0,4,1,goodbye
8.224811792373657,-9,0,-1,19,8,16,17,5,-13,-13,-4,-15,-12,-4,goodbye
8.239906311035156,-24,-12,-12,0,-3,11,13,0,-12,-17,-29,-34,-25,-17,goodbye
8.239906311035156,-16,-10,-10,0,-6,0,11,-1,5,-5,-28,-34,-31,-12,goodbye
8.255070209503174,-11,-11,-9,6,-3,0,11,2,16,9,-14,-22,-36,0,goodbye
8.255070209503174,-20,-28,-15,-10,-10,3,3,5,7,13,-21,-19,-49,-7,goodbye
8.270810842514038,-17,-31,-25,-30,-14,0,1,-1,-1,3,-32,-24,-64,-15,goodbye
8.270810842514038,-4,-16,-9,-21,-5,-2,0,0,2,-4,-20,-13,-81,2,goodbye
8.28635287284851,2,-11,0,-4,-1,-1,-5,6,11,8,2,6,-98,19,goodbye
8.28635287284851,11,-11,2,-6,-5,-6,-2,2,13,22,9,22,-88,16,goodbye
8.30157732963562,14,0,7,-11,-3,-12,-2,0,4,6,2,26,-98,13,goodbye
8.30157732963562,8,5,2,-7,0,-13,-15,0,5,-1,10,20,-151,11,goodbye
8.317172288894653,11,3,6,-11,-1,-7,-17,-4,6,8,27,28,-62,3,goodbye
8.317172288894653,9,8,7,-19,-1,-3,-9,-10,-12,0,29,31,171,-4,goodbye
8.33223843574524,-3,11,-2,-17,-4,-15,-15,-5,-25,-24,21,15,248,-14,goodbye
8.33223843574524,2,20,9,1,-2,-17,-19,1,-15,-25,25,6,152,-12,goodbye
8.348857164382935,18,30,17,19,7,3,-10,0,-10,-11,25,8,110,-2,goodbye
8.348857164382935,6,20,11,22,11,17,-3,-1,-19,-6,12,4,98,-3,goodbye
8.36358642578125,-5,10,7,25,8,11,6,1,-3,3,13,-3,55,-6,goodbye
8.36358642578125,0,12,7,29,12,12,15,3,11,15,12,-7,28,5,goodbye
8.379177808761597,-2,9,3,22,11,17,11,3,0,6,-10,-8,0,6,goodbye
8.379177808761597,-7,6,-4,18,4,15,12,6,0,1,-13,-5,-17,1,goodbye
8.394565343856812,-2,10,1,16,5,9,18,4,9,15,1,0,-12,8,goodbye
8.394565343856812,-5,0,1,6,2,8,13,-1,0,15,-13,-4,-28,5,goodbye
8.411521434783936,-10,-20,-5,-4,-5,4,3,-4,-11,-8,-37,-15,-46,-5,goodbye
8.411521434783936,-3,-24,-2,-13,-4,-3,5,1,7,-9,-26,-10,-36,1,goodbye
8.425264835357666,-2,-16,-12,-12,-1,-9,12,0,25,15,-12,-11,-30,6,goodbye
8.425264835357666,-7,-10,-12,-3,-5,-1,7,0,17,18,-24,-25,-39,-2,goodbye
8.443994283676147,0,-13,-4,0,-1,7,0,5,16,9,-18,-18,-36,1,goodbye
8.443994283676147,8,-16,-7,-6,4,0,-5,0,25,11,1,1,-19,9,goodbye
8.45600438117981,1,-3,-9,-15,-1,-16,-16,-5,8,0,-2,4,-18,-4,goodbye
8.472126960754395,-5,1,-11,-16,-11,-17,-12,-6,-14,-15,-11,-5,-27,-14,goodbye
8.472126960754395,-1,-7,2,-13,-9,-7,-7,-3,-8,-8,5,2,-13,-3,goodbye
8.488156795501709,5,-6,10,-11,-2,-3,-14,0,1,-3,14,14,6,0,goodbye
8.488156795501709,9,2,3,-8,0,-11,-19,-4,-12,-16,6,18,2,-4,goodbye
8.504198789596558,3,4,8,-8,-2,-12,-12,-1,-21,-20,14,21,-4,-4,goodbye
8.504198789596558,-3,3,4,-10,1,2,0,2,-13,-12,25,8,-1,-5,goodbye
8.504198789596558,0,8,0,-6,7,7,6,0,-10,-12,15,0,-4,-4,goodbye
8.519813776016235,15,19,15,9,2,-2,2,0,-9,-4,10,13,0,7,goodbye
8.53483271598816,17,23,18,27,-2,-1,-3,0,-1,8,16,11,16,13,goodbye
8.53483271598816,0,12,8,22,-3,10,-2,2,1,6,8,-5,14,4,goodbye
8.550875425338745,-16,-1,-11,5,0,12,10,3,9,12,0,-12,6,1,goodbye
8.550875425338745,-14,-7,-16,4,6,11,25,1,16,22,-4,-13,6,6,goodbye
8.56695294380188,-10,-6,0,18,12,20,30,1,8,14,-10,-14,1,1,goodbye
8.56695294380188,-15,-12,-11,8,4,7,18,-1,-1,8,-12,-9,0,-1,goodbye
8.582268476486206,-13,-20,-15,-19,-7,-18,-8,-2,-8,2,-5,1,3,0,goodbye
8.582268476486206,0,-12,-3,-17,-4,-17,-20,-1,-12,-17,1,9,5,-5,goodbye
8.597897291183472,8,2,-1,-7,1,-7,-13,-2,-10,-33,0,7,0,-17,goodbye
8.597897291183472,9,11,2,-10,-1,-3,-4,1,-10,-35,-11,-2,-6,-20,goodbye
8.61297869682312,8,8,4,0,-2,6,0,7,-13,-17,-21,-12,-7,-9,goodbye
8.61297869682312,0,3,6,15,3,12,8,3,-3,13,-19,-9,2,7,goodbye
8.629068613052368,-2,4,3,9,1,7,14,0,20,37,-5,-3,22,19,goodbye
8.629068613052368,4,4,-3,-1,-4,1,8,0,33,30,1,1,27,12,goodbye
8.645082950592041,13,0,0,-11,-8,-8,-14,0,19,4,1,9,13,4,goodbye
8.645082950592041,12,0,4,-11,-16,-20,-31,-4,-2,-13,12,10,5,6,goodbye
8.66019320487976,5,10,10,7,-8,-14,-28,-9,-14,-12,25,8,2,0,goodbye
8.66019320487976,0,16,12,22,14,3,-10,0,-17,0,20,8,-1,-7,goodbye
8.676324129104614,-3,3,0,15,19,12,7,2,-19,10,3,-1,-4,-6,goodbye
8.676324129104614,-9,-15,-8,4,0,10,14,-1,-7,10,-7,-12,-8,0,goodbye
8.691880941390991,-9,-16,-3,0,0,11,19,4,25,14,-3,0,-3,10,goodbye
8.691880941390991,-1,-8,4,-3,17,13,29,16,49,26,0,7,7,16,goodbye
8.706965208053589,0,-12,-5,-8,15,6,30,8,42,27,-8,-6,4,7,goodbye
8.707382917404175,-3,-12,-9,-16,-2,-8,6,-6,16,4,-6,-7,-6,0,goodbye
8.723058462142944,1,-1,4,-14,-5,-12,-15,-9,-8,-17,8,16,0,-3,goodbye
8.723058462142944,13,1,4,-7,0,-4,-16,-8,-28,-24,4,21,4,-2,goodbye
8.738951683044434,10,3,7,-9,-5,-7,-19,-8,-43,-33,-11,3,-12,-1,goodbye
8.738951683044434,0,14,5,-9,-8,-14,-26,-6,-47,-43,-4,-2,-18,-11,goodbye
8.754143953323364,-6,10,-3,-1,-6,-6,-24,0,-30,-30,3,-5,-14,-19,goodbye
8.754143953323364,-19,0,0,7,-1,7,-9,4,-1,-2,-7,-15,-25,-12,goodbye
8.770164251327515,-25,-2,-9,14,2,17,16,5,22,15,-20,-29,-29,-5,goodbye
8.770164251327515,-12,-7,-12,11,0,20,29,10,31,23,-7,-24,-5,0,goodbye
8.786269187927246,-2,-8,-3,3,-6,6,17,7,24,27,10,-8,13,8,goodbye
8.786269187927246,-4,-2,-11,0,-7,-12,4,-6,5,17,4,-6,5,6,goodbye
8.802014589309692,-4,-1,-10,0,-2,-8,6,-4,-5,7,-2,-9,-1,2,goodbye
8.802014589309692,8,-1,-1,4,3,2,12,2,5,18,10,3,15,13,goodbye
8.81711459159851,24,5,5,3,8,-4,5,-2,15,15,17,23,29,19,goodbye
8.817625999450684,20,15,8,-4,0,-16,-11,-5,2,-14,9,25,11,2,goodbye
8.833140134811401,5,12,5,-3,-6,-15,-18,-2,-10,-29,7,18,-6,-16,goodbye
8.833140134811401,12,10,17,0,4,-7,-13,0,-7,-20,6,20,3,-11,goodbye
8.848949909210205,20,18,21,5,10,-5,-11,0,-2,-10,11,21,16,4,goodbye
8.848949909210205,4,16,12,16,1,-4,-10,0,-17,-5,14,8,0,0,goodbye
10.751909494400024,18,-1,1,-26,-16,-25,-17,5,7,-10,12,19,13,2,sil
10.751909494400024,26,23,14,1,8,-11,-3,2,-7,-15,13,29,0,0,sil
10.76880145072937,12,27,14,24,5,-6,-3,0,-15,-17,21,19,-8,-5,sil
10.76880145072937,-5,4,6,8,-7,-5,-1,1,-11,-8,14,-5,-5,-5,sil
10.783655405044556,-7,-12,-12,-3,-2,0,8,2,0,9,0,-20,5,1,sil
10.783655405044556,-10,-8,-12,5,-2,1,2,-4,-1,11,1,-16,2,-3,sil
10.799165725708008,-18,-3,-4,8,-9,7,0,-9,-10,5,2,-18,-10,-9,sil
10.799165725708008,-22,-17,-22,-20,-12,6,3,-6,-4,3,-10,-30,-8,-5,sil
10.815218687057495,-20,-29,-25,-45,-10,-7,-2,0,10,-5,-23,-24,0,-4,sil
10.815218687057495,-3,-15,-10,-26,-2,-8,-10,-1,18,-5,-12,-6,4,-2,sil
10.83063793182373,9,0,-3,-8,3,-2,-12,-4,10,2,5,9,6,1,sil
10.83063793182373,1,2,-5,-14,0,-6,-18,0,-9,-6,9,13,0,-5,sil
10.846013069152832,-3,10,0,-2,2,-9,-23,-5,-28,-22,2,2,-11,-12,sil
10.846013069152832,0,19,14,14,17,0,-17,-10,-30,-26,-12,-8,-25,-10,sil
10.8611958026886,-7,6,5,9,13,13,-1,-2,-17,-16,-26,-13,-30,-10,sil
10.8611958026886,-16,-10,-4,-6,0,17,17,6,-2,3,-18,-11,-17,-7,sil
10.877204179763794,-12,-9,1,-16,-2,14,25,8,6,9,-11,-12,0,-1,sil
10.877204179763794,-6,-7,-3,-16,0,4,14,2,13,-1,-13,-9,3,-1,sil
10.89206051826477,5,-4,2,-7,-4,-4,3,5,12,-3,3,12,10,4,sil
10.89206051826477,20,9,13,2,-2,-6,0,6,3,-2,24,30,22,12,sil
10.907358407974243,10,16,8,9,0,-1,-2,-4,-11,-12,13,13,8,1,sil
10.922796964645386,-12,6,-2,19,0,3,2,-3,-7,-5,-5,-8,-12,-5,sil
10.922796964645386,-5,-2,-6,25,1,2,19,13,28,26,-1,-11,0,8,sil
10.93809986114502,17,-4,7,10,1,-5,11,16,50,38,10,4,26,25,sil
10.93809986114502,20,0,6,-3,-9,-16,-15,-1,16,8,16,14,17,11,sil
10.954171419143677,10,6,3,9,-4,-11,-13,-9,-19,-15,12,8,-7,-10,sil
10.954171419143677,9,10,12,25,14,15,16,3,-4,2,7,0,-4,-1,sil
10.970455646514893,2,1,-1,10,10,20,25,8,20,29,2,-2,13,17,sil
10.970455646514893,-4,-7,-11,-10,-9,-1,5,0,16,24,-9,-2,12,16,sil
10.987218141555786,1,-9,-8,-13,-11,-9,-5,-6,5,12,-12,-3,6,8,sil
10.987218141555786,8,-8,-10,-16,-4,-11,-12,-9,-5,0,-1,1,2,1,sil
10.987218141555786,0,-5,-5,-20,-3,-13,-22,-8,-27,-13,-3,0,-13,-14,sil
11.001795530319214,-6,6,4,-3,0,-3,-15,-6,-35,-13,-8,-7,-22,-26,sil
11.016950845718384,0,27,22,25,12,0,-8,-4,-22,-14,6,3,-12,-19,sil
11.016950845718384,0,26,24,35,18,6,-9,0,-13,-18,20,18,-4,-6,sil
11.03218126296997,-9,0,4,22,11,26,6,1,-12,-11,6,4,-5,1,sil
11.03218126296997,-6,-10,1,16,5,28,22,2,0,1,-6,-1,-1,9,sil
11.047909498214722,4,-1,3,15,4,7,15,3,23,14,0,14,8,12,sil
11.047909498214722,-2,-13,-7,-7,-5,-4,3,6,22,12,4,14,14,6,sil
11.063312530517578,-10,-24,-15,-21,-13,-3,0,0,1,-8,8,6,18,2,sil
11.063312530517578,7,-2,2,-4,-3,-9,-5,-5,-3,-13,21,14,19,7,sil
11.078587770462036,19,13,10,-5,0,-20,-9,0,1,-7,16,11,7,0,sil
11.078587770462036,0,4,-13,-24,-14,-25,-18,-3,-9,-15,0,-9,-8,-17,sil
11.094135761260986,-6,0,-11,-18,-17,-19,-26,-5,-22,-21,-3,-13,-13,-17,sil
11.094135761260986,0,6,3,2,0,0,-15,0,-16,-11,-1,-10,-9,-3,sil
11.109894514083862,-12,1,-9,3,9,13,10,4,-9,-1,-17,-26,-12,0,sil
11.109894514083862,-23,-10,-17,-7,0,13,21,4,-4,6,-34,-33,-22,-2,sil
11.125357627868652,-16,-16,-20,-13,-5,4,17,3,13,15,-33,-26,-24,0,sil
11.125357627868652,-12,-15,-16,-21,-8,0,10,0,23,17,-31,-18,-14,4,sil
11.140978336334229,-12,-13,-10,-33,-8,8,5,6,25,19,-31,-16,0,10,sil
11.140978336334229,0,-8,-13,-28,4,11,6,10,37,16,-15,-9,9,8,sil
11.156078338623049,13,1,0,-16,14,2,6,3,33,4,2,2,16,1,sil
11.156078338623049,13,9,9,-13,6,-4,-4,-5,5,-5,3,4,14,-3,sil
11.171890497207642,2,11,6,-8,1,-7,-18,-10,-14,-12,0,-3,0,-13,sil
11.171890497207642,-2,10,8,8,2,-2,-14,-9,-21,-16,10,-1,-8,-21,sil
11.187264442443848,6,9,13,28,6,4,0,-3,-17,-11,27,12,2,-8,sil
11.187264442443848,20,12,30,43,13,10,9,3,-5,6,34,22,14,10,sil
11.202715158462524,18,11,25,47,12,12,15,3,7,26,29,17,10,14,sil
11.202715158462524,3,-7,7,26,-5,4,14,0,11,23,9,4,2,9,sil
11.217832803726196,0,-23,3,0,-17,-11,1,0,4,2,0,13,9,8,sil
11.217832803726196,14,-2,3,0,-8,-22,-10,-1,-4,-5,19,38,23,12,sil
11.23300552368164,20,29,18,19,0,-17,-12,-1,-14,-10,32,46,19,7,sil
11.23300552368164,6,25,21,28,-5,-9,-14,-2,-23,-18,19,25,1,-11,sil
11.248627662658691,-5,5,1,19,-6,-3,-5,-6,-31,-20,3,4,-10,-13,sil
11.248627662658691,-11,8,-3,11,3,7,9,0,-25,-5,-5,-7,-16,0,sil
11.26439619064331,-20,-2,-5,4,2,6,9,5,-15,10,-19,-21,-19,-3,sil
11.26439619064331,-24,-26,-15,-8,-5,0,0,-1,-5,10,-27,-22,-20,-4,sil
11.279373407363892,-12,-22,-26,-17,0,11,6,0,17,10,-20,-16,-10,10,sil
11.294942617416382,-5,-14,-22,-30,2,9,8,11,40,16,-15,-12,0,11,sil
11.294942617416382,-7,-16,-9,-40,-4,-6,-3,12,35,6,-16,-8,1,0,sil
11.294942617416382,2,-5,-14,-26,-3,-9,-11,-2,17,-9,-6,-5,11,-1,sil
11.31015133857727,9,11,-6,-10,5,-5,-19,-10,-3,-21,3,0,5,-6,sil
11.31015133857727,3,15,4,0,12,-1,-18,-4,-20,-26,3,2,-11,-10,sil
11.325906038284302,6,17,5,12,18,14,2,-2,-10,-7,7,-1,-3,0,sil
11.325906038284302,13,16,12,12,13,24,12,0,1,9,12,-4,6,4,sil
11.342851400375366,4,0,1,1,-2,12,6,0,-4,2,-2,-15,-9,0,sil
11.3569438457489,-9,-13,-10,4,-10,6,10,1,-7,0,-24,-25,-19,-1,sil
11.3569438457489,-8,-7,-6,8,-7,14,19,6,11,14,-17,-20,0,7,sil
11.372692823410034,0,-4,0,-4,-3,6,16,4,28,22,0,-8,15,17,sil
11.372692823410034,0,-15,3,-21,-1,-8,5,6,22,16,-4,-1,9,12,sil
11.388329029083252,-10,-24,-10,-29,-4,-13,-6,3,5,-2,-8,-1,4,-7,sil
11.388329029083252,-8,-14,-13,-29,-11,-18,-18,-6,-3,-21,6,2,4,-17,sil
11.405227661132812,8,3,0,-14,-8,-18,-17,-7,1,-8,16,20,13,-4,sil
11.405227661132812,17,10,8,2,3,-18,-10,0,0,8,18,27,18,0,sil
11.419453144073486,15,12,23,7,2,-19,-10,0,-15,-2,24,25,8,-2,sil
11.419453144073486,17,21,26,16,-1,-10,-4,-4,-20,-10,31,27,5,0,sil
11.43516492843628,12,25,24,30,8,-3,0,-2,-17,-3,24,22,7,0,sil
11.43516492843628,-4,12,13,21,13,-7,-8,-2,-24,-9,-1,0,-8,-11,sil
11.451258897781372,-18,-4,-7,8,0,-1,-7,-9,-26,-21,-27,-17,-25,-18,sil
11.451258897781372,-20,-4,-1,16,-9,12,6,-5,-17,-14,-22,-17,-20,-12,sil
11.46640682220459,-14,4,1,22,-3,17,13,3,-7,5,-3,-11,-10,2,sil
11.46640682220459,-6,-1,-10,6,2,16,7,7,0,10,-9,-9,-12,7,sil
11.482418537139893,-10,-11,-17,-1,0,14,4,6,5,5,-22,-12,-12,-4,sil
11.482418537139893,-12,-6,-14,4,1,11,15,2,7,17,-11,-9,0,1,sil
11.497734308242798,7,4,3,11,11,13,25,6,18,32,1,1,7,22,sil
11.497734308242798,13,4,0,12,11,15,15,6,24,26,-5,0,3,16,sil
11.512865781784058,1,-4,-7,1,3,11,9,0,15,14,-4,0,3,8,sil
11.512865781784058,8,-4,3,-7,1,10,24,5,24,20,16,19,17,24,sil
11.528864622116089,17,-3,-3,-12,0,3,16,6,34,14,13,12,16,12,sil
11.528864622116089,0,-12,-16,-26,-6,-9,-15,0,9,-11,-13,-12,-4,-15,sil
11.544949769973757,-12,-23,-17,-31,-16,-16,-23,0,0,-19,-4,-9,-1,-7,sil
11.544949769973757,-4,-18,-8,-26,-23,-24,-24,2,8,-17,15,3,8,2,sil
11.560882329940796,7,1,2,-26,-15,-22,-36,-4,0,-25,11,5,1,-7,sil
11.560882329940796,11,11,1,-17,-3,-13,-29,-16,-13,-24,13,5,4,-8,sil
11.57601237297058,3,2,5,-11,-5,-14,-24,-16,-19,-28,10,7,3,-5,sil
11.57601237297058,0,0,8,-7,0,-13,-23,-5,-24,-44,-6,0,-13,-9,sil
11.591562509536743,10,15,12,12,12,-3,-3,0,-14,-23,0,1,-6,-4,sil
11.591562509536743,10,22,20,27,11,4,14,0,-8,16,8,4,8,0,sil
11.606799364089966,-1,12,4,19,6,5,10,-2,-20,12,0,-4,-3,-7,sil
11.606799364089966,-4,5,-1,7,6,4,2,0,-25,-3,-6,-10,-14,-13,sil
11.62226915359497,-3,3,2,7,6,8,6,3,-11,6,-4,-10,-6,-5,sil
11.62226915359497,-7,0,1,16,8,10,12,5,1,15,-4,-9,-1,2,sil
11.637876510620115,-14,0,-1,16,3,10,13,4,3,11,-7,-4,-3,-1,sil
11.637876510620115,-16,0,-5,7,-2,12,15,0,1,9,-20,-12,-10,-8,sil
11.653260231018066,-10,-2,1,8,1,12,19,0,0,7,-29,-21,-16,0,sil
11.653260231018066,0,-2,4,17,7,13,20,5,11,21,-4,0,0,17,sil
11.669204711914062,5,0,1,14,6,12,13,4,25,36,24,25,23,27,sil
11.669204711914062,6,0,4,1,2,5,7,3,24,28,20,21,23,23,sil
11.684823989868164,0,-4,-10,-2,0,-4,10,3,18,17,4,2,10,5,sil
11.684823989868164,0,-7,-12,-4,-1,-8,7,3,21,17,10,3,9,0,sil
11.700037956237791,4,-15,-1,-18,-10,-10,-11,0,13,5,19,16,15,7,goodbye
11.700037956237791,-2,-23,-13,-35,-24,-23,-28,-9,-8,-24,0,4,6,-3,goodbye
11.71609663963318,-7,-12,-11,-29,-17,-21,-19,-3,-19,-40,-18,-6,-9,-17,goodbye
11.71609663963318,6,6,2,-5,1,0,-5,3,-9,-22,2,0,-4,-7,goodbye
11.731863021850586,13,9,8,0,2,6,-12,0,-3,-6,12,3,0,-2,goodbye
11.731863021850586,5,8,10,-3,-1,0,-15,-1,-5,-13,0,-1,-1,-11,goodbye
11.746989250183104,13,22,15,11,10,2,-3,-1,-11,-14,5,7,4,-2,goodbye
11.746989250183104,13,23,19,23,16,8,2,0,-19,-4,0,5,0,2,goodbye
11.76254940032959,-12,-2,-3,3,0,8,9,0,-8,3,-28,-21,-20,-6,goodbye
11.76254940032959,-24,-29,-23,-21,-14,9,21,0,18,14,-30,-29,-14,0,goodbye
11.778092622756958,-2,-23,-11,-15,-7,4,9,0,25,15,-8,-5,4,13,goodbye
11.778092622756958,16,1,1,0,0,-15,-16,-3,5,1,3,11,7,12,goodbye
11.793257474899292,14,17,3,0,-9,-30,-27,-2,-15,-10,19,18,3,5,goodbye
11.793257474899292,1,7,-6,-2,-8,-22,-25,-6,-14,-10,23,13,4,0,goodbye
11.808957576751707,-4,-4,-5,-6,6,-10,-18,-7,-1,-12,3,3,-3,-12,goodbye
11.808957576751707,-14,-1,0,-15,11,3,0,2,1,-17,-12,-9,-16,-22,goodbye
11.824528455734251,-28,2,-14,-9,3,16,17,2,-5,-15,-13,-27,-24,-27,goodbye
11.824528455734251,-22,3,-4,7,2,14,18,-1,-8,-9,-5,-24,-21,-21,goodbye
11.839933395385742,-3,2,8,16,4,2,7,0,-6,0,9,-3,-5,-3,goodbye
11.839933395385742,1,3,4,23,5,1,4,-1,-12,2,6,-1,2,4,goodbye
11.858017444610596,0,12,7,32,6,18,16,-2,-11,0,-11,-9,-6,0,goodbye
11.858017444610596,3,8,5,25,0,20,23,5,5,6,-15,-9,-11,3,goodbye
11.8713800907135,11,-3,4,10,-1,7,21,11,22,25,0,3,7,22,goodbye
11.8713800907135,21,-1,7,12,8,8,24,10,29,38,17,21,30,31,goodbye
11.886905670166016,22,2,7,11,12,12,14,4,25,34,20,31,27,32,goodbye
11.886905670166016,16,0,9,3,8,4,-12,2,17,26,11,28,20,32,goodbye
11.902931213378906,19,4,15,8,11,-7,-19,2,22,33,24,27,39,29,goodbye
11.902931213378906,21,5,19,4,6,-14,-21,-2,10,20,36,28,38,12,goodbye
11.91881823539734,1,-3,-5,-17,-9,-16,-33,-13,-22,-21,5,3,-3,-12,goodbye
11.91881823539734,-18,-12,-26,-36,-22,-11,-24,-8,-33,-36,-30,-20,-23,-26,goodbye
11.934256315231323,-26,-28,-20,-54,-25,-4,2,4,-21,-23,-30,-20,-13,-30,goodbye
11.934256315231323,-35,-41,-31,-63,-16,-7,8,0,-17,-32,-26,-25,-20,-43,goodbye
11.949784755706789,-28,-13,-17,-38,-7,-14,2,-1,-20,-43,-23,-24,-27,-43,goodbye
11.949784755706789,-3,20,12,0,-8,-4,7,1,-5,-21,-1,-1,-7,-12,goodbye
11.96637201309204,1,15,13,19,-7,-1,8,-1,8,-1,4,1,2,9,goodbye
11.96637201309204,0,11,16,27,-1,-5,0,2,6,1,-9,-11,-6,7,goodbye
11.981850624084473,4,15,10,28,0,4,1,7,4,9,-12,-14,-2,7,goodbye
11.981850624084473,-4,-5,-9,7,8,16,6,0,9,17,-11,-14,0,10,goodbye
11.99801754951477,-9,-16,-16,-3,16,8,-1,-2,11,16,-5,-11,-1,11,goodbye
11.99801754951477,17,4,0,12,7,-3,-15,0,14,16,18,11,15,22,goodbye
12.013176441192629,35,16,23,18,0,-10,-27,-3,19,15,41,46,30,28,goodbye
12.013176441192629,25,11,16,9,7,-8,-24,-8,14,9,38,44,18,16,goodbye
12.02896761894226,8,14,2,16,10,1,-5,-4,-7,-6,8,5,-13,-5,goodbye
12.02896761894226,-9,12,0,22,5,11,12,0,-28,-20,-19,-22,-36,-27,goodbye
12.045027017593384,-21,-7,-13,3,5,19,31,-2,-25,-11,-20,-23,-28,-23,goodbye
12.045027017593384,-17,-21,-16,-19,5,27,52,2,-2,9,-11,-14,-8,0,goodbye
12.068254947662354,-4,-17,-16,-23,-5,14,44,8,16,15,-11,-7,0,7,goodbye
12.068254947662354,4,-11,-12,-19,-14,-11,0,1,13,2,-1,7,6,-1,goodbye
12.068254947662354,12,3,5,-8,-3,-18,-21,3,4,-13,18,28,20,1,goodbye
12.076265573501589,20,25,17,11,6,-17,-20,5,0,-17,24,25,25,2,goodbye
12.091949939727783,12,19,11,14,0,-23,-29,-4,-16,-17,6,-1,7,-10,goodbye
12.091949939727783,-13,-6,-4,-2,-8,-12,-29,-13,-29,-19,-8,-19,-18,-18,goodbye
12.108070850372314,-23,-10,-3,-6,-9,9,-10,-5,-23,-16,-10,-17,-24,-8,goodbye
12.108070850372314,-1,7,9,11,-5,19,0,2,-13,2,-4,-6,-7,2,goodbye
12.124101400375366,13,11,8,25,3,10,1,4,0,26,2,1,8,7,goodbye
12.124101400375366,3,4,11,18,15,9,5,6,23,36,8,4,11,12,goodbye
12.139331579208374,-10,0,0,4,17,21,13,8,35,37,6,-2,11,16,goodbye
12.139331579208374,-11,-11,-12,-9,6,16,16,4,29,23,-12,-16,2,3,goodbye
12.154923677444458,-9,-20,-6,-20,-5,-6,9,0,17,3,-22,-17,-3,-11,goodbye
12.154923677444458,-9,-19,-9,-22,-16,-20,5,0,5,-5,0,-2,8,0,goodbye
12.1709303855896,-6,-10,-7,-19,-15,-11,13,3,2,-1,14,19,16,17,goodbye
12.1709303855896,4,-4,-1,-14,-2,-5,15,0,12,0,0,21,10,15,goodbye
12.18726921081543,17,-4,4,-11,0,-18,0,-6,7,-7,-1,12,0,4,goodbye
12.18726921081543,13,-5,3,-16,-8,-27,-16,-5,-20,-25,0,5,-12,-5,goodbye
12.202909469604492,-3,-2,-6,-18,-14,-17,-19,-5,-32,-36,-10,-3,-20,-14,goodbye
12.202909469604492,-4,7,3,-6,-5,-2,-12,2,-18,-23,-1,0,-10,-12,goodbye
12.218053817749023,12,19,16,12,8,8,-8,4,-13,-4,15,12,2,-4,goodbye
12.218053817749023,16,28,10,32,15,11,-16,-10,-24,-3,10,7,1,-2,goodbye
12.234087705612184,0,29,14,45,11,13,-17,-7,-17,0,0,0,-3,0,goodbye
12.234087705612184,-8,11,1,33,7,21,0,5,-1,12,-7,-5,-2,10,goodbye
12.249217748641968,-3,-7,-13,6,5,24,17,3,3,15,-19,-18,-2,9,goodbye
12.249217748641968,1,-1,-7,6,13,26,26,2,20,20,-12,-16,2,3,goodbye
12.264753580093384,0,0,0,12,15,15,24,5,34,22,4,-4,5,3,goodbye
12.264753580093384,-4,-14,-4,-7,-5,-5,1,-1,13,3,0,-5,-4,-2,goodbye
12.280919313430786,-5,-14,-15,-19,-19,-12,-5,-8,0,-6,-1,-6,-1,-12,goodbye
12.280919313430786,-6,-6,-8,-13,-8,-5,7,0,9,-4,3,-2,9,-12,goodbye
12.296006202697754,-11,-15,-7,-23,-7,-8,6,2,6,-14,-2,-9,2,-9,goodbye
12.297069311141968,-9,-21,-15,-32,-14,-22,-7,-6,-4,-21,-8,-11,-7,-10,goodbye
12.311659336090088,-2,-10,1,-17,-5,-25,-16,-2,-10,-19,-1,7,-7,-12,goodbye
12.311659336090088,0,0,14,1,0,-14,-15,3,-9,-9,3,9,-3,-7,goodbye
12.326827764511108,8,5,13,0,0,-6,-9,2,-6,3,13,11,2,5,goodbye
12.326827764511108,17,9,11,-6,-1,-7,-6,0,-7,3,26,25,7,13,goodbye
12.342347860336304,17,12,8,0,0,-3,-12,-1,-5,-1,21,17,5,13,goodbye
12.35828709602356,18,25,21,22,7,7,-13,5,4,8,11,7,4,20,goodbye
12.35828709602356,19,33,19,36,16,17,0,12,15,27,17,15,17,25,goodbye
12.37392807006836,4,17,3,30,16,20,13,3,16,35,16,6,15,11,goodbye
12.37392807006836,-22,-6,-12,14,5,21,13,-5,3,25,-8,-21,-10,-7,goodbye
12.37392807006836,-37,-19,-31,1,0,18,12,-8,-15,10,-33,-31,-27,-21,goodbye
12.3899188041687,-26,-17,-19,-3,4,11,15,-4,-27,-1,-39,-24,-28,-25,goodbye
12.40601134300232,-12,-12,-8,0,2,6,19,-2,-18,-9,-28,-20,-17,-17,goodbye
12.40601134300232,-16,-17,-16,-6,-8,2,20,0,5,-5,-14,-13,0,-6,goodbye
12.40601134300232,-14,-17,-14,-21,-10,-6,12,6,15,6,-7,-4,3,1,goodbye
12.422184705734251,5,-6,0,-18,0,-18,-4,8,12,5,-1,-3,5,14,goodbye
12.422184705734251,23,6,18,-4,0,-13,-9,1,17,-3,5,13,21,27,goodbye
12.438102006912231,29,6,17,-4,-8,-2,-5,0,21,-7,5,33,31,29,goodbye
12.438102006912231,32,5,15,-1,1,-11,-12,5,10,-17,10,30,25,26,goodbye
12.45212173461914,32,16,24,5,-5,-23,-23,1,1,-22,30,29,23,17,goodbye
12.467869758605955,22,18,14,-1,-52,-23,-26,-11,-11,-21,31,32,13,-2,goodbye
12.467869758605955,7,11,8,-8,-45,-12,-27,-12,-33,-34,9,23,-7,-16,goodbye
12.467869758605955,0,11,4,0,17,6,-15,-3,-31,-39,6,4,-17,-15,goodbye
12.482970952987673,-12,3,-7,-4,36,16,0,0,-12,-9,7,-10,-18,-20,goodbye
12.498098850250244,-28,-3,-9,-5,21,15,1,0,-9,12,-6,-18,-22,-28,goodbye
12.498098850250244,-27,0,-8,14,29,17,10,0,-7,10,-14,-28,-23,-24,goodbye
12.514182329177856,-25,-2,-8,15,27,19,23,1,4,14,-18,-38,-23,-18,goodbye
12.514182329177856,-34,-16,-20,1,8,20,25,5,16,26,-24,-39,-18,-15,goodbye
12.529584646224976,-31,-22,-28,1,-4,10,19,1,17,14,-30,-31,-12,-13,goodbye
12.529584646224976,-13,-24,-15,-9,-15,-8,14,1,14,4,-31,-25,-7,-3,goodbye
12.545211791992188,0,-24,-13,-26,-11,-13,9,3,21,20,-11,-11,6,10,goodbye
12.545211791992188,13,-14,-2,-22,-5,-13,-5,0,18,11,5,7,14,11,goodbye
12.560799598693848,31,0,12,-9,-12,-26,-21,-7,0,-17,4,16,17,7,goodbye
12.560799598693848,41,14,15,-1,-14,-27,-19,-7,-10,-9,15,25,28,22,goodbye
12.57690143585205,31,27,26,11,-1,-7,-9,6,-7,9,34,37,25,32,goodbye
12.57740831375122,16,27,27,26,8,11,-2,8,-8,1,24,22,7,22,goodbye
12.592314720153809,12,16,20,34,11,21,3,0,-7,0,7,3,1,10,sil
12.592314720153809,1,6,5,33,9,23,7,0,2,21,16,9,9,6,sil
12.608362674713137,-15,0,-6,12,6,17,7,3,12,37,17,4,8,6,sil
12.608362674713137,-17,-6,-6,-10,3,14,8,1,13,33,-6,-10,0,5,sil
12.623908758163452,-8,-5,-16,-9,0,4,8,0,11,26,-8,-11,2,0,sil
12.623908758163452,-4,-8,-20,-4,-2,-10,1,0,5,10,3,-1,5,-8,sil
12.63983988761902,-8,-14,-16,-22,-8,-13,-1,-1,-5,-26,-12,-7,-9,-23,sil
12.63983988761902,-16,-6,-19,-31,-5,-7,-4,-8,-23,-56,-30,-20,-34,-39,sil
12.655863761901855,-15,8,1,-4,7,0,-14,-10,-40,-54,-12,-12,-35,-29,sil
12.655863761901855,-6,14,14,26,12,5,-9,-4,-30,-35,3,0,-15,-4,sil
12.671902418136597,-4,6,3,22,-1,6,4,0,-9,-19,-9,-6,-9,1,sil
12.671902418136597,-5,-8,-4,0,-11,5,9,0,2,-3,-14,-8,-7,3,sil
12.688145160675049,4,-13,2,-8,-8,-3,2,1,14,7,3,1,4,14,sil
12.688145160675049,15,3,20,-4,-15,-20,-7,5,22,5,9,16,8,18,sil
12.70327925682068,15,9,15,3,-20,-21,-11,5,20,0,11,30,14,18,sil
12.70327925682068,13,-14,4,-14,-4,-15,-7,0,10,-19,23,33,21,12,sil
12.719352006912231,15,-11,7,-46,6,-18,-8,0,-3,-30,19,21,11,-2,sil
12.719352006912231,16,25,11,-7,0,-14,-3,0,-6,7,16,21,11,-1,sil
12.735145092010498,11,35,20,58,3,6,5,0,1,46,31,37,25,5,sil
12.735145092010498,0,8,12,50,17,25,10,-1,4,40,23,21,12,-4,sil
12.750885725021362,-8,-7,-2,2,17,25,16,0,9,32,-9,-10,-7,-8,sil
12.750885725021362,-5,-11,-9,-11,-1,11,19,10,26,38,-20,-6,0,6,sil
12.768062114715576,3,-23,-17,-6,-18,-4,0,6,21,12,-8,8,9,4,sil
12.768062114715576,4,-7,-5,0,-9,-7,-13,-4,-10,-26,-5,5,0,-3,sil
12.768062114715576,-2,18,0,2,8,5,-1,-8,-27,-30,-9,-16,-15,-5,sil
12.782514810562134,-15,3,-18,-8,8,7,-2,-11,-26,-23,-23,-43,-30,-16,sil
12.797768592834473,-27,-13,-24,-15,6,5,-12,-8,-26,-31,-40,-56,-37,-28,sil
12.797768592834473,-26,-2,-17,-1,15,18,0,1,-14,-10,-39,-57,-24,-19,sil
12.812923908233644,-21,-8,-16,-7,15,20,12,2,0,22,-36,-53,-15,-6,sil
12.812923908233644,-18,-26,-30,-35,0,0,1,-2,3,21,-42,-53,-16,-4,sil
12.828092336654665,-5,-13,-20,-39,-8,-5,-2,4,18,15,-27,-36,1,4,sil
12.828092336654665,9,3,7,-15,-4,0,1,16,29,25,9,0,27,21,sil
12.844086408615112,8,-2,0,-5,0,-16,-4,4,10,9,36,17,30,14,sil
12.844086408615112,10,0,2,-5,1,-26,-13,-4,-7,-15,45,18,26,6,sil
12.8600492477417,19,21,25,13,0,-10,-1,0,-1,-10,44,23,27,13,sil
12.8600492477417,3,12,18,22,-8,-7,0,0,-4,-6,21,11,5,1,sil
12.87474274635315,-17,-5,10,4,-16,-10,-10,-2,-15,-22,0,-7,-17,-17,sil
12.87474274635315,-3,-2,15,12,-7,8,8,-2,-2,-8,12,0,-5,-6,sil
12.889995336532593,18,8,28,35,-1,26,35,2,12,15,24,25,3,14,sil
12.889995336532593,17,9,27,33,-2,22,26,7,16,18,17,31,-3,17,sil
12.90608525276184,16,1,8,24,6,10,13,0,19,14,11,27,2,16,sil
12.90608525276184,25,0,6,25,10,0,10,-4,15,6,18,52,15,21,sil
12.92182183265686,22,12,8,20,-4,-16,-6,0,10,-5,27,70,14,15,sil
12.92182183265686,10,18,2,0,-8,-32,-33,-4,6,-10,16,63,4,-5,sil
12.937036275863647,0,8,-5,-14,3,-25,-36,-6,-5,-15,-3,59,0,-20,sil
12.937036275863647,-12,0,-16,-16,6,-12,-25,-4,-28,-27,-16,39,-16,-25,sil
12.952081203460692,-17,-2,-8,-4,-1,-5,-22,-4,-44,-30,-28,-8,-39,-22,sil
12.952081203460692,-10,0,-1,9,-2,12,-2,0,-40,-13,-33,-34,-27,-8,sil
12.967807054519652,-10,-3,-6,4,6,28,22,8,-17,10,-27,-34,0,2,sil
12.967807054519652,-21,-18,-12,-10,12,23,26,14,8,33,-24,-44,2,2,sil
12.983194351196287,-20,-22,-17,-20,1,11,18,8,24,35,-21,-51,2,3,sil
12.983194351196287,-11,-19,-16,-38,-16,-4,3,0,14,1,-18,-45,2,0,sil
12.998623847961426,0,-14,-16,-47,-16,-21,-14,-7,-1,-21,-15,-43,4,-8,sil
12.998623847961426,13,3,0,-22,-2,-16,-16,-9,-2,-11,-1,-31,14,-4,sil
13.014736652374268,14,19,16,1,2,-2,-2,0,7,0,16,-6,15,3,sil
13.014736652374268,2,14,5,-2,3,0,2,0,6,-1,22,0,2,0,sil
13.030263423919678,-1,12,7,0,5,2,0,-6,-10,-8,9,-11,-6,-5,sil
13.030263423919678,0,16,10,28,6,17,6,-5,-10,-6,-4,-15,-7,0,sil
13.046165227890016,2,7,5,32,6,18,12,5,11,13,-7,-9,-3,12,sil
13.046165227890016,6,0,0,11,6,18,20,13,24,33,1,-1,0,14,sil
13.061510562896729,-1,-9,-11,9,6,22,29,8,24,26,6,-2,1,8,sil
13.061510562896729,-13,-19,-11,5,5,7,15,2,23,8,1,0,4,0,sil
13.077088356018066,-9,-25,-13,-18,-5,-21,-11,-4,16,2,4,3,5,-6,sil
13.077088356018066,0,-23,-16,-26,-16,-29,-27,-9,4,-2,8,7,0,-7,sil
13.092517375946043,4,-7,0,-9,-7,-15,-30,-5,-8,-20,6,18,3,-3,sil
13.092517375946043,13,15,14,5,5,-12,-30,-4,-23,-27,16,29,9,-3,sil
13.107871294021606,17,22,17,11,4,-17,-24,-7,-39,-23,17,24,-5,-6,sil
13.107871294021606,5,6,3,12,-1,-1,0,-2,-38,-18,-3,6,-22,-8,sil
13.123429775238035,-4,-1,-1,16,0,16,30,8,-10,4,-9,6,-7,2,sil
13.123429775238035,0,2,13,13,2,10,26,13,15,28,0,16,11,16,sil
13.139196157455444,1,-1,0,-2,-9,-4,-1,2,15,16,-1,9,10,11,sil
13.139196157455444,0,-4,-7,-10,-12,-7,-12,1,13,1,1,13,9,1,sil
13.154629707336426,0,12,9,0,0,0,-1,7,17,7,16,22,16,0,sil
13.154629707336426,-6,18,5,3,8,5,2,0,0,0,5,1,0,-10,sil
13.170482873916626,-14,3,1,4,2,8,4,-6,-22,-17,-18,-11,-27,-16,sil
13.170482873916626,-7,0,2,12,2,12,15,-2,-13,-2,-17,-4,-20,-4,sil
13.186036348342896,0,0,3,2,7,8,14,3,4,12,-9,-10,-2,8,sil
13.201861381530762,0,-11,-1,-15,4,0,-1,2,7,1,-13,-14,0,11,sil
13.201861381530762,0,-14,-7,-17,-3,-8,-4,-3,0,-12,-7,1,0,4,sil
13.201861381530762,-4,5,0,-11,0,-3,0,-5,-5,-11,11,8,3,-1,sil
13.216943264007568,0,21,5,3,9,5,0,-2,-3,0,20,0,4,0,sil
13.216943264007568,8,13,5,22,11,8,0,0,-6,4,3,-10,-5,0,sil
13.23262906074524,7,0,-4,16,5,7,3,0,-9,6,-15,-23,-17,-2,sil
13.23262906074524,-3,-12,-16,-6,-1,0,5,-3,5,9,-24,-31,-18,-1,sil
13.248307466506958,-11,-25,-8,-18,-5,-4,4,0,22,8,-25,-27,-11,-1,sil
13.264815330505373,-4,-26,-10,-11,-3,5,9,5,27,12,-10,-18,7,1,sil
13.264815330505373,12,-7,-6,0,-10,4,7,1,29,14,17,9,27,15,sil
13.278934240341188,16,8,6,0,-21,-15,-6,-2,20,2,34,37,30,18,sil
13.278934240341188,9,1,0,-12,-19,-24,-16,-6,0,-8,23,24,25,2,sil
13.2949640750885,8,-4,-2,-18,-15,-15,-21,-4,-13,-17,5,10,18,-6,sil
13.2949640750885,0,0,0,-13,-13,-9,-23,-2,-20,-26,1,12,5,-8,sil
13.310103416442873,-9,-1,-4,-9,0,-7,-20,0,-32,-30,1,1,-4,-19,sil
13.310103416442873,0,4,3,0,6,-2,-14,2,-25,-22,-1,0,-1,-18,sil
13.326166152954102,16,24,19,21,3,2,-4,0,0,0,5,11,7,0,sil
13.326166152954102,13,28,27,30,3,3,0,-1,0,15,14,12,5,10,sil
13.34223985671997,0,17,11,23,5,1,-4,-1,-13,6,10,4,-2,0,sil
13.34223985671997,-6,7,0,19,4,0,-1,0,-13,-7,2,0,-13,-8,sil
13.35880160331726,-20,-1,-5,6,5,6,5,4,-14,-9,-8,-15,-24,-11,sil
13.35880160331726,-30,-9,-16,-4,11,14,11,4,-16,-1,-19,-28,-24,-12,sil
13.35880160331726,-15,-3,0,6,18,22,23,1,0,11,-14,-11,-11,0,sil
13.374948263168337,0,0,7,17,21,25,32,6,20,23,-1,-3,-9,9,sil
13.374948263168337,-11,-7,-10,2,12,17,25,10,23,23,-8,-18,-22,-1,sil
13.38915753364563,-14,-7,-8,-10,5,12,23,9,25,25,-11,-12,-15,0,sil
13.40431833267212,1,-3,-4,-8,3,2,20,7,29,28,0,9,7,20,sil
13.40431833267212,3,-13,-6,-7,0,-7,1,1,18,15,-6,5,6,24,sil
13.420377731323242,-7,-25,-11,-14,0,0,0,-5,6,1,-22,-10,-2,9,sil
13.420377731323242,-4,-23,-14,-18,3,3,11,-3,10,1,-8,-4,7,1,sil
13.4358971118927,12,-13,0,-12,0,-15,1,4,14,-1,7,10,16,6,sil
13.4358971118927,24,-7,2,-9,-3,-31,-15,-5,5,-9,1,14,18,13,sil
13.451116561889648,25,0,5,-15,0,-24,-25,-15,-7,-17,0,17,22,15,sil
13.451116561889648,18,14,7,-9,-5,-18,-35,-10,-16,-25,7,15,18,3,sil
13.466390371322632,0,7,-11,-15,-35,-26,-38,-9,-31,-35,0,-8,-2,-22,sil
13.466390371322632,-13,-5,-12,-34,-34,-17,-26,-6,-33,-28,-4,-11,-13,-34,sil
13.482247591018677,0,12,3,-9,14,4,-8,1,-8,-8,16,13,2,-11,sil
13.482247591018677,13,31,18,23,11,1,-7,0,-2,-11,26,20,8,1,sil
13.498361110687256,15,23,22,28,-23,-5,-10,-1,-9,-8,27,15,6,-2,sil
13.498361110687256,17,25,21,34,12,7,3,4,0,17,41,25,18,4,sil
13.51334524154663,2,33,16,30,30,17,6,0,-4,8,20,12,4,-2,sil
13.51334524154663,-16,10,0,14,-23,16,-3,-10,-14,-13,-19,-25,-24,-30,sil
13.529359102249146,-13,-16,1,11,-27,19,6,1,0,7,-17,-24,-19,-18,sil
13.529359102249146,-9,-15,7,8,6,18,21,9,0,18,-6,-10,-10,8,sil
13.544894695281982,-12,0,2,11,-5,10,18,-1,-5,3,-13,-20,-18,3,sil
13.544894695281982,-2,8,13,29,-11,13,19,4,13,15,-5,-7,-4,9,sil
13.56000804901123,2,-6,1,21,8,17,23,12,22,28,1,5,12,23,sil
13.56000804901123,-9,-23,-22,-8,9,5,16,3,9,8,-20,-12,-5,12,sil
13.576139211654665,-7,-16,-19,-18,0,2,20,4,19,1,-32,-19,-14,6,sil
13.576139211654665,2,-17,-19,-20,-7,2,21,7,27,10,-17,-6,0,12,sil
13.59181523323059,-6,-33,-21,-37,-10,-10,7,3,13,6,-12,-4,3,4,sil
13.59181523323059,-11,-24,-12,-34,9,-9,2,3,17,12,-5,-3,7,1,sil
14.511077880859377,-11,-17,-4,-5,-10,11,7,0,0,1,-21,-21,-10,0,sil
14.511077880859377,-3,-13,-1,-11,-10,9,12,-1,9,17,-8,-13,0,10,sil
14.526295185089111,6,-5,3,-5,7,3,14,3,11,17,-2,0,6,19,sil
14.541834831237791,9,-12,3,-11,4,0,16,9,17,17,-1,8,13,26,sil
14.541834831237791,23,-8,5,-20,-11,-6,16,8,27,26,12,17,28,36,sil
14.541834831237791,31,1,10,-16,-6,-8,11,8,22,16,18,22,32,29,sil
14.557024240493774,15,0,0,-12,3,-6,3,5,11,0,4,15,19,8,sil
14.573182821273804,1,-1,-5,-24,0,-12,-10,-3,-1,-11,-1,12,5,-2,sil
14.573182821273804,0,1,-7,-23,-5,-20,-24,-9,-19,-29,1,9,0,-9,sil
14.573182821273804,-3,9,-4,0,0,-18,-21,-8,-26,-31,3,1,-6,-17,sil
14.587847232818604,-6,17,9,12,7,-1,-8,-2,-16,-17,2,-4,-14,-18,sil
14.604212999343872,-3,16,3,13,7,14,1,0,-6,-6,0,-11,-8,-12,sil
14.604212999343872,0,9,3,24,10,14,5,0,-4,1,0,-11,-1,-6,sil
14.604212999343872,2,1,10,25,8,8,13,0,-1,7,-2,-9,-6,-1,sil
14.618443250656128,-2,-10,-11,3,-6,2,11,-4,-1,1,-15,-16,-15,-4,sil
14.633972883224487,-8,-13,-16,-8,-16,-4,-7,-2,-3,-2,-19,-12,-4,-5,sil
14.633972883224487,-1,-3,-3,0,-6,-10,-13,-1,2,4,-1,2,13,2,sil
14.649999856948853,4,-4,0,-4,-1,-11,-3,-1,4,1,3,6,8,11,sil
14.649999856948853,6,-4,2,-9,-2,-11,-3,0,0,-2,11,14,6,9,sil
14.665244102478027,11,8,12,5,2,-11,-12,-1,-2,-2,33,26,17,-1,sil
14.665244102478027,5,22,24,18,12,-2,-12,0,-10,-9,27,17,1,-9,sil
14.681023597717283,-1,22,12,22,21,13,0,0,-13,-7,11,1,-18,-3,sil
14.681023597717283,-4,14,5,30,20,19,6,2,-4,3,10,-1,-14,0,sil
14.696126937866213,-19,0,-1,22,3,15,-2,2,-8,3,-3,-11,-18,-13,sil
14.696126937866213,-29,-16,-12,-1,-10,9,0,0,-12,0,-25,-19,-32,-18,sil
14.711419820785522,-10,-15,-3,-2,-10,9,15,2,8,19,-16,0,-16,0,sil
14.711419820785522,5,-10,0,12,-3,4,15,4,30,35,2,10,13,14,sil
14.726989030838013,6,-9,-1,0,-9,-7,-1,3,25,19,7,9,26,18,sil
14.726989030838013,17,0,3,-12,-16,-2,0,4,23,3,19,24,33,19,sil
14.74282431602478,28,10,5,-1,-1,7,10,1,24,9,34,38,44,21,sil
14.74282431602478,20,14,12,4,9,-1,5,2,7,-4,16,24,24,13,sil
14.757981061935425,2,7,5,0,-1,-7,0,0,-6,-24,-15,-6,-11,-2,sil
14.757981061935425,-9,-8,-7,-2,-3,4,3,-1,-11,-8,-31,-28,-22,-5,sil
14.77407193183899,-15,-23,-14,-11,0,8,5,0,-7,8,-35,-34,-14,0,sil
14.77407193183899,-15,-28,-27,-27,-10,-8,-1,0,8,-4,-37,-33,-10,-2,sil
14.78981113433838,-8,-17,-21,-37,-14,-14,-7,1,16,-11,-24,-20,-5,-8,sil
14.78981113433838,0,-4,-12,-37,-1,-6,-5,1,7,-5,-13,-15,-2,-10,sil
14.8049054145813,-5,-6,-18,-41,2,-6,-5,-8,-2,-15,-21,-23,-13,-11,sil
14.8049054145813,-9,-6,-13,-39,4,-3,-10,-10,-9,-18,-23,-16,-13,-13,sil
14.821025371551514,0,2,-5,-23,8,-2,-7,0,-18,-6,-8,-7,-5,-16,sil
14.821025371551514,3,8,1,-16,2,-14,-4,0,-30,-8,0,-7,-8,-14,sil
14.837095499038696,0,11,2,-14,1,-12,-9,-9,-30,-9,13,-2,-2,-3,sil
14.837095499038696,0,13,5,-1,4,-3,-10,-9,-25,0,24,6,6,1,sil
14.852454662322998,-3,10,12,17,0,-1,-5,-3,-23,-2,16,6,-3,-3,sil
14.852454662322998,-4,11,10,34,0,5,3,-2,-16,-8,15,7,-8,-5,sil
14.86856460571289,6,25,26,51,11,21,11,3,0,5,30,25,7,4,sil
14.86856460571289,14,32,35,63,17,22,14,12,17,26,40,38,20,19,sil
14.88422989845276,9,17,24,62,10,14,6,10,27,32,35,37,18,25,sil
14.88422989845276,10,10,20,50,5,16,4,6,25,23,24,29,16,19,sil
14.899304151535034,8,5,4,31,4,13,12,4,16,14,10,10,18,10,sil
14.899304151535034,-8,-17,-6,9,-4,-1,7,2,6,6,-4,-5,3,5,sil
14.914833545684814,-13,-24,-5,4,-13,-4,1,0,0,1,-11,-8,-7,0,sil
14.914833545684814,4,-7,2,11,-5,7,11,0,4,1,-5,-5,0,0,sil
14.930020332336426,5,-12,1,-4,0,2,13,0,8,0,-9,-2,2,1,sil
14.930020332336426,-11,-36,-21,-33,-14,-16,0,-4,4,-11,-24,-13,-4,0,sil
14.946285009384155,-6,-33,-24,-41,-19,-20,-6,-3,4,-12,-29,-19,-4,-5,sil
14.946285009384155,8,-12,-9,-35,-8,-12,-7,1,5,-3,-14,-3,1,0,sil
14.961827754974363,7,-4,-11,-32,-10,-19,-14,-3,1,-11,0,7,0,5,sil
14.961827754974363,6,5,-1,-21,-13,-21,-12,-5,4,-19,6,5,-5,-4,sil
14.977102994918823,15,23,7,-4,1,-6,-2,0,8,-7,7,3,-7,-11,sil
14.977102994918823,14,26,3,-4,10,-1,-10,2,0,-8,4,5,-10,-5,sil
14.992252588272097,0,16,-2,-7,3,-2,-19,0,-10,-23,0,0,-14,-9,sil
14.992252588272097,-20,6,-11,-3,6,0,-9,-2,-19,-19,-6,-13,-18,-21,sil
15.007922410964966,-33,-2,-12,-2,11,9,-4,-1,-24,-4,-16,-23,-26,-23,sil
15.007922410964966,-16,-2,-5,2,5,20,-1,-2,-15,10,-13,-15,-16,-7,sil
15.023430109024048,3,4,10,11,7,27,11,-2,-4,22,-2,0,10,13,sil
15.023430109024048,0,3,10,11,16,22,20,0,2,24,3,0,21,21,sil
15.03914189338684,0,-2,-4,9,17,14,13,0,16,33,7,-6,21,18,sil
15.03914189338684,10,-1,5,9,6,12,7,1,11,34,1,-2,21,16,sil
15.054840326309204,3,-6,2,0,-5,3,8,0,-6,15,-8,0,13,12,sil
15.054840326309204,-3,-11,-8,-11,-6,-9,7,-1,0,5,-3,-1,4,6,sil
15.070609092712402,7,-2,5,-4,-1,-11,5,7,24,12,8,11,14,9,sil
15.070609092712402,9,0,5,-6,-10,-18,-1,7,19,0,8,20,14,3,sil
15.086141347885132,-9,-8,-8,-27,-21,-29,-14,-1,-16,-34,-3,2,-13,-23,sil
15.086141347885132,-11,-6,-8,-24,-20,-19,-16,-1,-21,-42,-9,-9,-21,-32,sil
15.102041959762571,8,2,6,-5,-13,-12,-11,2,8,-23,3,9,4,-10,sil
15.102041959762571,13,5,11,-1,-7,-13,-8,0,7,-13,17,21,10,0,sil
15.117043256759644,-4,2,-5,3,0,-5,-7,-8,-25,-21,8,-5,-11,-8,sil
15.117043256759644,-13,7,-1,15,6,0,-12,-8,-36,-25,-1,-18,-17,-10,sil
15.132334232330322,0,14,7,20,9,0,-12,0,-13,-12,8,-4,-1,-5,sil
15.132334232330322,7,14,7,28,18,12,5,1,1,-1,8,0,-2,-4,sil
15.149327278137209,2,10,8,37,23,28,23,2,2,2,-9,-7,-18,0,sil
15.149327278137209,-2,0,-5,27,8,29,19,0,2,7,-11,-11,-24,4,sil
15.164838075637816,-7,-7,-2,14,0,25,12,-1,3,15,-2,-6,-20,5,sil
15.164838075637816,-6,-3,5,13,11,28,24,0,9,28,0,-1,-3,7,sil
15.17919373512268,2,-4,-2,6,10,21,29,6,23,36,-1,0,13,13,sil
15.195232152938845,6,-9,-1,-6,-4,0,10,8,28,31,0,7,15,22,sil
15.195232152938845,7,-10,5,-9,-7,-12,0,4,26,29,7,17,23,28,sil
15.210806846618652,4,-9,1,-12,-4,-12,-2,-1,19,20,13,21,30,19,sil
15.210806846618652,-3,-6,-11,-19,-10,-15,-12,-7,2,-3,0,12,15,0,sil
15.22691035270691,-1,-7,-14,-22,-17,-23,-14,-2,-2,-13,-7,5,8,0,sil
15.22691035270691,9,-9,1,-24,-20,-22,-5,10,1,0,3,10,17,12,sil
15.241475582122805,7,0,2,-17,-13,-12,-5,4,0,1,6,7,8,1,sil
15.241475582122805,1,15,1,-9,2,-7,-11,-6,-6,-14,-1,-2,-9,-18,sil
15.259358882904053,2,10,-1,-13,3,-13,-19,-5,-2,-14,8,-1,-4,-17,sil
15.259358882904053,0,0,-10,-15,-5,-22,-26,-2,-5,-7,13,-5,0,-17,sil
15.27237343788147,-3,9,2,2,2,-8,-17,-1,-20,-18,-5,-12,-13,-24,sil
15.27237343788147,0,18,10,21,17,7,-4,-3,-27,-26,-15,-9,-21,-15,sil
15.28798532485962,-2,6,2,9,7,0,-9,-6,-31,-23,-11,-7,-17,-4,sil
15.28798532485962,-11,-5,-6,0,0,4,-6,-1,-26,-19,-11,-19,-16,-11,sil
15.303337812423706,-17,-9,-11,10,9,24,10,-2,-15,-10,-9,-24,-11,-17,sil
15.303337812423706,-14,-10,-3,8,6,16,7,-6,-12,-1,-6,-12,-7,-8,sil
15.31917691230774,0,-3,2,1,0,4,3,1,3,4,-3,-1,-3,8,sil
15.31917691230774,13,8,13,13,7,17,22,14,30,21,4,9,8,25,sil
15.335186004638672,8,5,14,14,4,20,28,12,24,24,2,11,6,25,sil
15.335186004638672,-8,-10,-7,-5,-10,0,8,0,4,-1,-11,-1,-10,5,sil
15.35122799873352,-12,-10,-9,-12,-8,-6,0,0,6,-7,-15,-3,-7,-2,sil
15.35122799873352,0,0,-2,1,-1,6,14,3,14,16,0,7,7,7,sil
15.367358446121216,6,-1,0,5,-5,6,10,0,10,17,6,11,7,8,sil
15.367358446121216,5,-3,1,-5,-6,-6,-3,-3,8,1,9,9,12,4,sil
15.382065534591677,10,-3,-1,-9,-3,-13,-2,-2,13,7,16,9,28,12,sil
15.382065534591677,11,-5,3,-9,-5,-9,-4,-2,11,11,14,9,21,12,sil
15.397117376327516,7,4,7,-5,1,-10,-12,-4,1,-1,11,11,10,0,sil
15.397117376327516,14,19,10,6,11,-13,-11,-1,-4,-5,24,19,13,-1,sil
15.41322636604309,15,18,12,8,10,-8,-10,4,-11,-6,29,15,5,-9,sil
15.41322636604309,0,11,0,5,10,1,-12,0,-19,-18,9,-12,-15,-23,sil
15.428799867630005,-3,19,9,20,19,8,-1,0,-13,-13,-3,-15,-23,-15,sil
15.428799867630005,2,16,20,30,15,9,10,4,0,10,0,-5,-11,0,sil
15.444828033447266,-3,-4,3,20,-1,10,16,0,-2,15,-9,-14,-4,4,sil
15.444828033447266,-11,-10,-5,9,-2,20,31,0,1,7,-31,-19,-6,5,sil
15.460904359817505,-14,-13,-18,-5,3,17,34,2,18,13,-38,-21,-8,4,sil
15.460904359817505,-12,-28,-25,-28,-11,0,6,4,13,7,-35,-24,-8,0,sil
15.476189136505129,0,-27,-17,-24,-26,-11,-17,0,-3,-11,-22,-8,-1,1,sil
15.476189136505129,5,-18,-16,-15,-20,-12,-25,-8,-8,-10,1,10,6,1,sil
15.4921452999115,-8,-16,-14,-21,-13,-8,-25,-6,-5,4,20,15,10,0,sil
15.4921452999115,-19,-12,-11,-20,-12,-9,-17,-4,-12,3,13,9,4,-5,sil
15.507351875305176,-17,-4,-7,-14,-8,-13,-12,-10,-26,-18,-8,0,-13,-21,sil
15.507351875305176,-13,4,-8,-6,-2,-3,-4,-7,-18,-20,-8,-2,-16,-21,sil
15.522883176803589,-7,12,-4,2,-1,2,10,4,10,1,4,3,1,-3,goodbye
15.522883176803589,0,15,9,5,0,-1,11,12,23,6,-1,8,6,2,goodbye
15.538033485412598,10,14,10,8,9,-3,0,8,28,2,2,10,9,2,goodbye
15.538033485412598,19,12,14,3,11,-6,-4,8,22,2,21,12,10,7,goodbye
15.554128646850586,13,5,15,-12,3,-8,-9,2,-5,-10,14,8,-4,2,goodbye
15.554128646850586,7,1,7,-7,4,-3,-11,-9,-25,-20,4,0,-10,0,goodbye
15.569587707519531,13,10,17,14,17,3,-3,-4,-13,-5,13,0,2,9,goodbye
15.569587707519531,17,20,19,22,19,8,0,2,2,4,10,0,6,11,goodbye
15.586061477661133,13,18,12,19,10,11,-1,0,6,3,1,1,0,2,goodbye
15.586061477661133,12,8,9,17,4,15,0,0,4,11,11,6,4,9,goodbye
15.601941347122192,12,1,9,18,6,11,-1,1,0,22,19,11,19,23,goodbye
15.601941347122192,5,7,22,19,7,5,3,2,0,21,8,17,20,19,goodbye
15.617152690887451,-4,1,4,11,1,3,15,0,4,12,-1,0,8,4,goodbye
15.617152690887451,-13,-18,-21,-6,-8,0,8,0,2,-1,-15,-20,-4,-5,goodbye
15.633081674575806,-12,-21,-20,-11,-13,-2,-2,0,1,-3,-19,-16,-7,-9,goodbye
15.633081674575806,-6,-11,-13,-6,-12,0,11,0,-1,-1,-7,-6,-7,-5,goodbye
15.648179531097412,-6,-12,-8,-13,-13,-4,21,-2,-12,-16,-12,-13,-9,-7,goodbye
15.648179531097412,-15,-18,-19,-24,-14,-7,12,-5,-15,-20,-24,-22,-7,-17,goodbye
15.663544178009031,-15,-13,-20,-22,-10,-1,7,-5,-11,-16,-21,-15,-13,-17,goodbye
15.663544178009031,0,-1,0,-9,0,1,11,0,-4,-16,-6,3,-15,-6,goodbye
15.67941188812256,6,4,2,-1,9,2,13,1,6,-1,8,9,-4,0,goodbye
15.67941188812256,-6,6,-1,0,10,9,1,2,3,5,0,-2,-12,-10,goodbye
15.695266723632812,-13,5,-1,12,8,9,-14,0,0,0,-13,-11,-20,-21,goodbye
15.695266723632812,0,2,2,18,11,-1,-17,1,11,15,1,1,3,-5,goodbye
15.71030330657959,7,2,10,10,9,-7,-16,2,13,28,23,14,22,16,goodbye
15.71030330657959,0,0,-1,5,-2,-8,-24,-6,1,7,16,5,14,11,goodbye
15.726407766342165,0,0,0,2,-7,-6,-19,-7,0,-1,3,0,6,3,goodbye
15.726407766342165,10,5,14,5,0,3,8,5,9,13,3,6,12,12,goodbye
15.74185061454773,0,-2,1,2,0,3,18,6,18,14,0,2,12,12,goodbye
15.74185061454773,-15,-17,-19,-19,-18,-9,0,3,12,-3,-12,-8,-1,-3,goodbye
15.757967710494995,-8,-10,-22,-32,-25,-13,-7,5,1,-12,-13,-9,-10,-10,goodbye
15.757967710494995,6,6,0,-16,-8,-6,-5,5,5,-2,8,12,6,3,goodbye
15.772615671157835,11,10,13,-2,1,-6,-10,0,0,3,28,30,23,15,goodbye
15.772615671157835,10,7,7,3,0,-4,-4,-6,-26,-11,7,16,4,3,goodbye
15.787937879562378,5,10,7,12,8,9,6,-5,-37,-27,-18,-4,-20,-4,goodbye
15.787937879562378,0,12,5,11,7,12,-1,-3,-22,-20,-6,-8,-21,-5,goodbye
15.803980350494385,-1,6,6,2,-5,-1,-20,-3,-15,-13,9,-1,-12,-10,goodbye
15.803980350494385,3,3,2,2,0,-4,-11,0,-4,1,10,2,1,0,goodbye
15.81906270980835,16,4,8,9,18,7,7,1,16,26,17,9,22,20,goodbye
15.81906270980835,18,5,25,15,19,9,10,0,19,23,20,14,19,15,goodbye
15.835089206695557,1,-1,5,10,9,0,9,-5,7,5,6,2,0,0,goodbye
15.835089206695557,-11,-10,-16,-8,6,0,18,0,0,6,-6,-8,-3,-3,goodbye
15.85023069381714,-6,-6,-7,-11,7,15,23,9,5,7,-11,-11,1,-7,goodbye
15.85023069381714,-9,-3,-5,0,1,14,13,6,8,-3,-16,-17,-7,-13,goodbye
15.86626124382019,-26,-14,-14,-13,-9,-4,3,0,2,-9,-19,-21,-19,-15,goodbye
15.86626124382019,-21,-22,-21,-30,-12,-6,7,2,8,-2,-17,-21,-10,-12,goodbye
15.882128477096558,0,-7,-5,-8,-5,3,13,11,23,4,-15,-12,1,-5,goodbye
15.882128477096558,5,5,7,9,-1,0,9,7,21,4,-9,0,0,3,goodbye
15.897457361221312,2,0,0,-4,-4,-10,-1,-1,5,-5,-1,4,-5,6,goodbye
15.897457361221312,8,3,4,-10,-4,-5,-11,-3,-9,-15,0,5,-3,6,goodbye
15.912235975265505,10,11,3,10,-2,-6,-21,-12,-24,-16,-2,2,-1,4,goodbye
15.912235975265505,3,3,0,18,-12,-16,-33,-23,-36,-21,-1,2,-1,0,goodbye
15.927805185317991,3,0,9,11,-16,-11,-30,-10,-33,-16,5,10,5,0,goodbye
15.945164918899536,10,10,7,12,1,1,-10,5,-10,9,18,17,19,8,goodbye
15.945164918899536,4,9,1,10,13,7,-3,4,4,20,20,10,14,4,goodbye
15.945164918899536,-8,-3,-7,-2,0,4,-10,-5,-7,7,13,-1,-2,-3,goodbye
15.958844423294067,-13,-7,-6,-9,-5,-4,-11,-4,-18,3,3,-2,-10,-6,goodbye
15.97449541091919,-6,-1,-1,-6,6,-3,3,6,0,12,-4,0,-5,-8,goodbye
15.97449541091919,-1,-2,-9,-9,11,11,26,6,19,8,-4,-5,-1,-3,goodbye
15.99086880683899,0,0,-1,-7,2,18,32,6,17,-5,-4,-6,-3,1,goodbye
15.99086880683899,4,6,7,11,2,13,23,10,18,-4,-2,5,-2,-1,goodbye
15.99086880683899,6,5,2,17,6,5,12,6,22,7,6,12,-1,-1,goodbye
16.006986379623413,0,1,6,7,8,9,4,0,13,13,15,7,0,2,goodbye
16.021182775497437,-2,0,4,10,8,6,-3,-3,-1,8,14,1,9,4,goodbye
16.021182775497437,11,3,9,15,0,-12,-8,-3,-8,-5,10,10,9,14,goodbye
16.03691005706787,19,9,13,16,-4,-12,-2,-3,-3,-8,10,16,6,24,goodbye
16.03691005706787,6,5,6,16,0,4,6,-1,3,5,0,4,10,17,goodbye
16.052226543426514,-2,-1,4,1,1,4,9,2,12,13,-10,-5,13,6,goodbye
16.052226543426514,0,-7,-8,-16,0,-5,6,2,21,14,-3,-7,13,3,goodbye
16.066969871520996,-5,-13,-15,-17,-1,-4,0,0,8,4,-7,-14,0,-3,goodbye
16.066969871520996,-17,-13,-16,-15,-9,-4,-2,0,-14,-11,-30,-28,-18,-21,goodbye
16.08809471130371,-19,-5,-15,-21,-8,-7,0,2,-9,-7,-25,-23,-16,-23,goodbye
16.08809471130371,-18,-5,-11,-30,-1,-5,0,7,9,4,-6,-6,-3,-7,goodbye
16.08809471130371,-19,-17,-23,-36,-13,-10,-8,3,5,-2,-17,-14,-5,-7,goodbye
16.097280263900757,-3,-19,-12,-33,-23,-17,-14,-1,-5,-6,-21,-15,-5,-12,goodbye
16.11280655860901,15,0,6,-18,-5,-1,-6,0,-1,-2,-6,5,0,0,goodbye
16.11280655860901,14,9,4,-4,7,13,-1,-2,-4,-17,-4,4,-8,3,goodbye
16.128855228424072,8,4,6,0,0,4,-9,-7,-21,-23,0,-5,-10,-4,goodbye
16.128855228424072,15,5,9,2,-1,-15,-19,-16,-29,-15,15,4,3,0,goodbye
16.14407968521118,16,11,18,4,0,-19,-32,-22,-33,-26,17,19,0,5,goodbye
16.14407968521118,14,14,24,15,0,0,-36,-11,-38,-20,21,22,0,-1,goodbye
16.159196376800537,17,23,14,36,5,8,-13,5,-21,7,33,20,13,0,goodbye
16.159196376800537,4,25,10,29,15,1,12,10,5,4,25,19,2,1,goodbye
16.17485475540161,-16,4,-3,11,13,6,22,6,23,-7,10,7,-14,-9,goodbye
16.17485475540161,-24,-6,-8,20,10,26,28,11,29,9,3,-2,-7,-14,goodbye
16.19022488594055,-19,0,1,35,10,27,30,17,26,21,0,-3,0,-5,goodbye
16.19022488594055,-10,0,2,29,7,8,21,2,10,16,0,-4,0,1,goodbye
16.206422328948975,-7,-4,0,16,7,9,15,-6,-10,12,-4,-9,-4,3,goodbye
16.206422328948975,-13,-9,-5,6,4,21,14,1,-11,10,-19,-13,-5,4,goodbye
16.22203516960144,-14,-14,-12,-6,-4,11,10,5,9,7,-28,-15,-2,4,goodbye
16.22203516960144,0,-7,-6,-7,-3,1,17,4,31,15,-17,-8,6,12,goodbye
16.23733353614807,15,0,-1,-2,0,2,22,6,37,25,-4,2,18,26,goodbye
16.23733353614807,21,0,6,-11,-9,-11,4,6,31,27,-1,9,27,29,goodbye
16.253092288970947,22,-2,2,-18,-19,-23,-13,1,25,28,12,14,34,23,goodbye
16.253092288970947,19,-9,-1,-19,-12,-17,-21,-6,15,22,26,20,32,16,goodbye
16.268839597702026,14,-9,-4,-21,-8,-15,-28,-15,-9,3,16,19,18,6,goodbye
16.268839597702026,8,1,-12,-17,-8,-21,-27,-23,-28,-10,8,10,2,-5,goodbye
16.284934759140015,8,10,0,-8,-2,-16,-16,-11,-22,-22,13,6,-10,-11,goodbye
16.284934759140015,3,6,4,-2,5,-8,-6,6,-5,-33,9,5,-15,-15,goodbye
16.300734519958496,-11,-3,-12,-8,3,-16,-7,10,-6,-30,-7,-7,-18,-22,goodbye
16.300734519958496,-24,-4,-10,-19,-4,-14,-11,5,-10,-24,-16,-22,-32,-28,goodbye
16.315969705581665,-14,8,2,-10,-2,3,-3,4,-2,-27,-13,-22,-34,-25,goodbye
16.315969705581665,-1,12,10,10,4,16,9,4,-11,-27,-14,-13,-20,-13,goodbye
16.331828117370605,-4,1,2,8,4,9,6,-5,-38,-20,-22,-16,-15,-7,goodbye
16.331828117370605,-9,-1,0,0,0,1,0,-16,-54,-28,-25,-17,-24,-9,goodbye
16.34732985496521,-7,2,6,6,0,13,-4,-12,-54,-39,-20,-13,-24,-10,goodbye
16.34732985496521,-9,2,-1,12,2,23,-10,-3,-42,-22,-11,-15,-12,-7,goodbye
16.36293387413025,-8,-2,0,6,5,15,-10,4,-12,9,0,-5,1,0,goodbye
16.36293387413025,0,-2,7,15,11,13,9,8,23,33,7,4,15,16,goodbye
16.38110375404358,2,0,0,17,10,17,23,9,51,43,9,0,24,26,goodbye
16.38110375404358,0,-1,-1,0,0,8,18,17,66,50,16,2,28,19,goodbye
16.39351463317871,0,-9,-6,-3,-2,-1,19,15,59,49,16,7,24,5,goodbye
16.39351463317871,0,-14,-4,1,1,-2,33,3,36,29,0,3,9,0,goodbye
16.409200191497803,-3,-11,-4,-6,1,-4,27,0,28,14,0,6,9,3,goodbye
16.42527198791504,0,-2,-9,-13,-3,-14,-3,0,19,9,17,15,18,6,goodbye
16.42527198791504,4,3,-2,-11,-10,-24,-24,0,-5,-4,17,21,10,0,goodbye
16.42527198791504,9,0,2,-5,-12,-21,-17,-4,-4,-11,14,23,7,0,goodbye
17.38491463661194,19,0,6,1,0,-7,2,-3,20,4,11,18,21,26,goodbye
17.38491463661194,4,3,1,-13,-2,-8,-8,-3,0,-17,0,12,3,4,goodbye
17.400901794433594,-6,0,-16,-17,-7,-11,-17,-4,-14,-22,-10,0,-10,-13,goodbye
17.400901794433594,4,0,-8,-9,0,-8,-10,-2,-4,-6,-13,0,-6,-8,goodbye
17.416165351867676,12,2,0,-5,6,0,0,0,9,0,-3,2,4,0,goodbye
17.416165351867676,-2,0,-9,-15,2,-3,-13,0,7,-10,2,-1,0,-8,goodbye
17.431653022766113,-20,-4,-16,-25,0,-9,-26,0,-7,-21,-9,-17,-19,-28,goodbye
17.431653022766113,-18,-4,-12,-17,4,-4,-17,-1,-21,-17,-17,-28,-28,-25,goodbye
17.446841955184937,-4,4,-1,-8,8,0,-6,-3,-25,-11,-10,-18,-17,-6,goodbye
17.446841955184937,0,4,-6,-17,8,3,-5,-4,-16,-8,-4,-7,-3,-5,goodbye
17.462888956069946,-3,0,-3,-14,10,3,-2,0,-5,-1,-3,-15,-4,-11,goodbye
17.462888956069946,0,9,13,13,16,12,8,6,1,7,4,-16,-1,-2,goodbye
17.478151559829712,5,8,4,20,11,19,15,5,3,9,8,-9,2,3,goodbye
17.478151559829712,-6,-4,-4,3,-4,13,6,0,-2,4,-6,-15,-12,-4,goodbye
17.493234157562256,-19,-4,-2,10,-6,11,6,-2,-5,5,-14,-18,-21,-9,goodbye
17.493234157562256,-9,1,5,27,3,19,22,0,2,15,-3,-1,-6,-1,goodbye
17.508864641189575,0,2,15,27,3,22,25,4,9,23,3,20,2,5,goodbye
17.508864641189575,1,0,14,22,-2,12,13,0,6,21,8,19,3,11,goodbye
17.52488422393799,13,2,20,23,-5,2,7,-1,0,13,11,19,9,21,goodbye
17.52488422393799,17,6,14,30,-8,-4,4,-2,-3,2,8,29,16,29,goodbye
17.54093074798584,-1,-8,-2,9,-17,-19,-14,-4,-1,-7,0,22,12,21,goodbye
17.54093074798584,-5,-21,-3,-33,-22,-25,-18,3,6,-4,-8,0,7,10,goodbye
17.556448698043823,11,-3,1,-28,-12,-5,10,10,20,7,-1,1,14,11,goodbye
17.556448698043823,9,4,1,2,0,5,26,9,27,4,5,19,21,10,goodbye
17.572489976882935,-4,-11,-11,-1,0,-10,2,4,19,-10,1,10,11,-6,goodbye
17.572489976882935,-9,-12,-25,-14,-2,-26,-15,-2,1,-22,-5,-8,-4,-20,goodbye
17.587806940078735,2,4,-6,-11,0,-13,-10,-2,-8,-19,0,-3,-9,-11,goodbye
17.587806940078735,13,6,3,-6,6,0,-1,0,-2,-4,13,1,-4,-9,goodbye
17.603836059570312,-1,0,0,-9,7,-7,-5,-7,-8,-8,9,-9,-7,-24,goodbye
17.603836059570312,-17,2,-4,-6,6,-9,-14,-12,-28,-21,4,-11,-8,-26,goodbye
17.619892120361328,-2,9,1,5,11,0,-18,-5,-28,-15,9,1,-5,-11,goodbye
17.619892120361328,5,7,9,3,6,-1,-16,-3,-18,-7,6,5,-10,-4,goodbye
17.63590955734253,-5,5,-1,-5,0,-1,-19,-15,-26,-13,2,-9,-9,-10,goodbye
17.63590955734253,-2,12,2,7,4,11,-16,-6,-22,-10,5,-16,-1,-4,goodbye
17.651127576828003,8,14,11,26,11,28,5,16,15,20,0,-5,6,17,goodbye
17.651127576828003,8,5,0,20,6,25,24,19,43,51,-4,-3,17,30,goodbye
17.667336225509644,9,0,-2,2,0,14,18,6,32,47,-2,0,19,26,goodbye
17.667336225509644,10,-5,-3,-9,-2,10,13,0,18,30,-4,2,11,22,goodbye
17.682891607284546,9,-10,-7,-19,-1,5,17,0,16,20,-9,5,14,16,goodbye
17.682891607284546,0,-9,-5,-29,-4,-5,7,3,7,-1,-2,5,14,0,goodbye
17.698050498962402,-16,-14,-10,-32,-20,-19,-11,-3,-9,-32,-6,-4,-9,-20,goodbye
17.698050498962402,-22,-6,-4,-16,-15,-16,-18,-5,-24,-40,-27,-19,-40,-30,goodbye
17.713541507720947,-19,7,-3,7,8,4,-6,-1,-21,-26,-31,-22,-41,-25,goodbye
17.713541507720947,-25,0,-4,13,9,11,5,-2,-15,-10,-24,-16,-27,-14,goodbye
17.72941493988037,-18,-6,6,19,-3,6,11,0,-14,0,-20,-12,-18,-8,goodbye
17.72941493988037,0,0,7,24,-2,8,18,5,1,14,-11,-6,-5,7,goodbye
17.74506664276123,10,-8,5,6,0,7,24,7,24,27,2,10,17,29,goodbye
17.74506664276123,26,-15,6,0,1,-2,20,4,30,33,23,29,40,34,goodbye
17.76000189781189,38,1,7,11,10,-12,1,-1,21,16,39,34,38,27,goodbye
17.76000189781189,21,7,6,1,4,-17,-15,-3,9,-12,35,29,19,17,goodbye
17.776353359222412,8,-6,-1,-12,-9,-23,-16,0,-1,-16,26,23,13,1,goodbye
17.776353359222412,13,0,5,-7,-9,-21,-11,4,-3,-3,26,16,10,-4,goodbye
17.79202914237976,0,12,1,-3,-3,-8,-10,0,0,-4,16,1,-4,-5,goodbye
17.79202914237976,-19,2,-12,-11,-1,-1,-13,-6,-6,-18,0,-11,-16,-19,goodbye
17.80798363685608,-15,2,-5,-11,0,0,-14,-1,-12,-19,-4,-10,-12,-31,goodbye
17.80798363685608,-6,17,3,2,8,2,-9,0,-7,-6,0,-11,-4,-20,goodbye
17.82316303253174,-16,14,2,12,10,8,-5,-6,-6,0,-3,-8,-6,-10,goodbye
17.82316303253174,-23,2,-5,7,2,11,-3,-5,-11,-4,-7,-7,-10,-15,goodbye
17.83863592147827,-13,-3,-5,0,0,6,-2,0,-12,-10,-15,-17,-14,-18,goodbye
17.83863592147827,-2,-9,0,0,0,4,-3,0,-16,-11,-26,-15,-17,-10,goodbye
17.854326248168945,-2,-11,-9,-2,-9,3,-7,-4,-18,-7,-19,-4,-10,0,goodbye
17.854326248168945,0,-8,-5,-4,-15,-1,-12,-3,-16,-5,-11,-2,-4,5,goodbye
17.869864463806152,16,2,6,8,-5,-3,-5,1,-14,-4,-7,-3,-1,11,goodbye
17.869864463806152,25,15,7,17,6,0,9,4,-6,5,0,4,0,16,goodbye
17.88619351387024,9,11,8,4,9,6,22,4,8,15,5,7,6,12,goodbye
17.88619351387024,-3,0,1,2,7,11,32,3,21,18,3,0,15,5,goodbye
17.90135931968689,-2,1,1,9,4,10,31,4,22,13,0,-1,11,4,goodbye
17.90135931968689,-6,0,1,0,0,11,16,3,16,5,-3,0,0,1,goodbye
17.917001724243164,-7,-11,-2,-8,0,9,5,2,13,6,0,0,6,5,goodbye
17.917001724243164,8,-8,8,-1,5,6,6,4,15,18,8,4,16,21,goodbye
17.932043075561523,8,-4,0,3,3,3,4,-1,10,21,1,-2,8,14,goodbye
17.932043075561523,-4,-4,-5,-2,-1,4,0,-1,2,10,-8,-9,-1,0,goodbye
17.947168827056885,6,0,4,-5,8,8,1,7,14,13,3,0,2,9,goodbye
17.947168827056885,14,-2,0,-6,10,-1,2,4,20,23,13,7,10,15,goodbye
17.96230149269104,-2,-9,-5,-8,-10,-20,-14,-2,2,7,3,4,2,-4,goodbye
17.96230149269104,-3,5,-2,-4,-14,-14,-18,-1,-3,-17,6,8,-4,-9,goodbye
17.977863788604736,16,21,4,2,9,0,0,2,13,-13,20,18,3,10,goodbye
17.977863788604736,14,10,5,2,14,-7,6,4,18,4,16,20,16,16,goodbye
17.993939876556396,-7,-9,-8,-10,-5,-27,-13,-4,-2,-2,0,12,7,-3,goodbye
17.993939876556396,-16,-14,-8,-18,-16,-24,-28,-12,-27,-31,-8,1,-18,-23,goodbye
18.010038137435913,-12,-14,-4,-5,-14,-13,-24,-11,-31,-37,-10,-4,-25,-26,goodbye
18.010038137435913,-16,-23,-11,-8,-18,-16,-22,-7,-23,-22,-12,-11,-16,-26,goodbye
18.02608299255371,-19,-21,-16,-27,-18,-14,-16,-1,-18,-13,-16,-20,-12,-26,goodbye
18.02608299255371,-12,-4,-11,-13,-6,5,0,-5,-14,-9,-10,-17,-10,-16,goodbye
18.0418164730072,-2,12,9,11,7,15,5,-5,-10,-10,0,-1,-4,-3,goodbye
18.0418164730072,8,23,14,13,15,7,5,2,-6,-11,2,2,4,4,goodbye
18.056914567947388,21,23,12,12,12,1,3,5,-7,-9,1,1,7,8,goodbye
18.056914567947388,22,18,21,24,4,6,-1,0,-6,0,12,14,8,8,goodbye
18.07274603843689,12,17,17,34,4,7,-6,-1,-8,9,18,11,7,8,goodbye
18.07274603843689,3,23,13,27,9,9,-2,-1,-20,5,5,-1,-2,3,goodbye
18.092872142791748,-2,13,2,9,8,15,5,-1,-19,1,-2,-5,-12,-1,goodbye
18.092872142791748,-9,-10,-12,-7,1,12,11,0,-1,0,-5,-10,-11,-6,goodbye
18.103988647460938,-13,-21,-9,-18,-6,7,17,10,14,1,-11,-20,-9,-7,goodbye
18.103988647460938,-7,-9,-5,-9,-8,9,28,15,31,25,-6,-13,3,4,goodbye
18.119685649871823,-1,0,-3,8,-1,13,29,11,46,49,4,4,19,18,goodbye
18.119685649871823,-7,-8,-11,10,6,14,23,8,38,31,0,-1,13,11,goodbye
18.1352436542511,-11,-17,-12,-1,5,5,17,5,20,4,-18,-20,-4,-5,goodbye
18.15087199211121,-5,-7,0,-1,0,4,14,0,9,13,-23,-20,-11,-7,goodbye
18.15087199211121,0,-1,-3,3,5,12,11,-5,9,19,-7,-5,-4,4,goodbye
18.15087199211121,7,-2,-4,0,9,-1,0,0,11,-5,3,7,1,12,goodbye
18.166841745376587,17,4,2,-1,0,-21,-14,0,11,-19,1,14,9,12,goodbye
18.166841745376587,20,3,5,-3,-2,-13,-13,-3,10,-5,4,17,19,16,goodbye
18.181867122650143,16,0,9,-8,1,-3,-11,-7,3,1,13,24,21,22,goodbye
18.181867122650143,12,0,4,-9,-8,-17,-21,-13,-10,0,29,33,18,19,goodbye
18.19739055633545,14,0,8,-10,-14,-26,-29,-9,-16,2,38,41,26,15,goodbye
18.21210813522339,11,-3,6,-16,-6,-19,-26,4,-6,0,24,32,30,11,goodbye
18.21210813522339,-5,-5,-10,-25,-10,-17,-18,8,-6,-16,-4,1,1,-7,goodbye
18.22725820541382,-21,-5,-5,-20,-16,-13,-7,1,-23,-31,-17,-17,-31,-36,goodbye
18.22725820541382,-23,1,-1,-2,0,-1,-6,-7,-39,-29,-12,-25,-35,-43,goodbye
18.242265939712524,-23,10,-7,4,9,-4,-15,-11,-46,-27,-14,-31,-32,-36,goodbye
18.242265939712524,-28,3,-11,2,-1,-6,-13,-9,-45,-32,-21,-31,-35,-37,goodbye
18.25803542137146,-23,-3,-9,7,-5,10,0,-5,-27,-19,-14,-20,-30,-33,goodbye
18.25803542137146,-6,3,10,20,6,29,14,9,1,6,-5,-10,-8,-7,goodbye
18.273213863372803,-2,1,7,19,11,28,30,16,25,17,-12,-15,2,11,goodbye
18.273213863372803,-10,-16,-11,-4,4,20,33,4,28,7,-26,-26,-14,7,goodbye
18.28884243965149,0,-13,-2,-10,0,16,21,3,32,12,-14,-14,-11,13,goodbye
18.28884243965149,29,9,17,21,4,8,14,11,42,39,20,18,28,38,goodbye
18.30493402481079,40,17,23,35,11,0,5,1,21,37,34,39,39,44,sil
18.30493402481079,31,9,8,11,4,-9,-9,-16,-16,6,24,29,24,21,sil
18.32020115852356,21,9,-4,-8,-7,-21,-16,-12,-29,-14,14,18,19,0,sil
18.32020115852356,16,16,1,-5,-1,-11,-11,1,-8,-7,13,25,13,-2,sil
18.33618950843811,18,16,13,4,6,3,-4,6,22,8,23,33,16,0,sil
18.33618950843811,14,13,20,5,1,-2,-3,15,36,10,34,31,23,5,sil
18.35084581375122,-3,4,0,-2,0,-10,-4,14,27,0,17,8,5,2,sil
18.35084581375122,-22,-8,-15,-6,5,0,1,2,13,-3,-13,-21,-18,-10,sil
18.366018772125244,-24,-11,-7,0,6,10,8,1,6,1,-25,-31,-19,-15,sil
18.366018772125244,-18,-12,-12,0,0,8,6,-5,-14,1,-29,-34,-23,-11,sil
18.38186407089233,-20,-19,-14,-7,-7,5,7,-23,-46,-10,-36,-33,-36,-13,sil
18.38186407089233,-16,-16,-13,-7,-8,12,16,-18,-47,-10,-23,-22,-22,-11,sil
18.39729809761048,-7,-6,-19,1,-4,14,18,-1,-18,1,-9,-14,0,0,sil
18.39729809761048,-12,-9,-6,-2,-4,4,6,0,0,1,-18,-15,-1,2,sil
18.41311526298523,-20,-16,-3,-16,-6,-4,-8,0,5,1,-23,-11,-11,0,sil
18.41311526298523,-12,-14,-10,-16,-8,-7,-21,1,15,13,-19,-3,-5,1,sil
18.42910885810852,1,-6,-7,-10,-8,-11,-20,4,17,1,-13,2,7,6,sil
18.42910885810852,9,-1,3,-10,-4,-18,-11,8,14,-10,8,15,22,11,sil
18.4443199634552,11,0,8,-8,0,-15,-4,11,18,3,29,27,29,13,sil
18.4443199634552,13,1,2,0,5,-5,2,3,13,2,23,20,22,3,sil
18.45992946624756,5,2,3,0,6,-5,4,-1,-9,-22,8,2,2,-9,sil
18.45992946624756,0,13,6,-3,0,-8,-1,0,-20,-20,14,-1,-8,-12,sil
18.476014137268063,6,23,8,0,3,-3,-1,0,-1,2,35,14,4,-1,sil
18.476014137268063,17,24,22,6,12,4,5,5,18,15,39,26,19,8,sil
18.491844177246094,17,18,20,11,7,6,1,4,16,11,20,17,10,5,sil
18.491844177246094,6,13,12,9,-2,-6,-18,-4,-5,-12,-6,0,-13,-11,sil
18.50689435005188,-7,7,3,4,-5,-12,-24,-7,-23,-30,-23,-13,-22,-19,sil
18.50689435005188,0,4,0,14,0,8,-3,-5,-18,-18,-14,-11,-15,-3,sil
18.522619485855103,19,9,14,29,8,25,5,-5,-10,-2,10,12,-2,12,sil
18.522619485855103,17,10,11,27,3,10,0,-8,-15,0,15,16,6,10,sil
18.538546085357662,0,2,-2,16,-2,4,3,-5,-16,6,1,-2,6,5,sil
18.538546085357662,-3,0,0,13,3,20,18,0,-9,21,0,-5,4,9,sil
18.55443739891052,-5,-6,-6,12,6,17,19,0,-10,26,0,1,-3,5,sil
18.55443739891052,-14,-15,-7,5,0,9,13,3,0,17,-8,-4,-13,-4,sil
18.57062721252441,-16,-22,-9,0,0,14,17,7,25,20,-9,-13,-6,0,sil
18.57062721252441,-16,-32,-18,-15,-4,1,16,6,25,23,-17,-18,-3,0,sil
18.58619403839112,-23,-34,-26,-30,-16,-13,1,3,8,2,-31,-23,-14,-15,sil
18.58619403839112,-13,-16,-19,-20,-9,-12,-3,0,20,-5,-18,-8,-3,-4,sil
18.60184931755066,14,1,3,-8,0,-15,3,2,27,3,2,14,16,20,sil
18.60184931755066,12,-3,-1,-22,-8,-22,-7,0,4,-6,-1,4,11,9,sil
18.618159770965576,-4,-13,-14,-39,-9,-24,-27,-5,-11,-27,-12,-11,-2,-10,sil
18.618159770965576,3,2,-5,-31,5,-21,-23,-1,-8,-29,-9,0,-1,-4,sil
18.633559703826904,17,19,4,-10,7,-12,-13,0,-6,-15,-2,7,5,0,sil
18.633559703826904,9,19,12,-8,4,1,-12,-1,-3,-2,0,0,7,-3,sil
18.64958381652832,-4,11,1,-18,7,7,-8,-1,4,-1,2,-7,4,-3,sil
18.64958381652832,-10,8,-9,-6,6,4,0,0,3,-5,1,-15,-1,-3,sil
18.6661114692688,-7,16,6,22,4,7,7,2,3,5,10,-5,-3,-4,sil
18.6661114692688,-9,14,8,30,4,10,14,0,9,13,20,0,0,-6,sil
18.68189787864685,-14,3,4,21,0,14,14,0,0,1,8,-2,-2,-12,sil
18.68189787864685,-5,0,9,29,4,21,18,6,-6,6,7,5,2,-5,sil
18.69678020477295,5,0,7,30,11,15,19,3,0,18,20,18,7,7,sil
18.69678020477295,3,-4,5,12,0,1,5,-4,-4,2,7,12,-6,7,sil
18.712183713912964,0,-10,-2,2,-18,-3,-5,-4,-16,-15,-14,0,-16,0,sil
18.712183713912964,-2,-19,-5,-3,-20,-6,-10,-1,-12,-15,-13,-4,-10,-2,sil
18.72723150253296,0,-14,-3,-14,-10,-7,-13,-5,-3,-6,-1,2,1,3,sil
18.72723150253296,12,0,5,-8,-2,-3,-10,-3,-4,-1,6,14,12,15,sil
18.74325966835022,30,10,19,5,0,-1,-6,3,-10,0,11,21,8,13,sil
18.74325966835022,34,17,13,9,3,-9,-7,0,-16,-6,14,22,4,1,sil
18.758569717407227,15,24,12,9,6,-9,-6,-1,-15,-4,10,17,3,-4,sil
18.758569717407227,-1,21,9,18,12,5,4,6,-4,8,0,-1,-1,-5,sil
18.774205684661865,0,6,0,20,17,14,16,6,4,19,-6,-20,-6,-1,sil
18.774205684661865,-5,-10,-5,-5,4,5,17,5,18,19,-7,-14,1,10,sil
18.789830923080444,-19,-26,-16,-30,-15,-10,4,6,35,17,-1,-7,11,15,sil
18.789830923080444,-14,-26,-9,-27,-14,-18,-5,2,30,6,2,1,10,10,sil
18.805295705795288,0,-7,0,-11,0,-1,-2,1,15,-6,5,11,12,4,sil
18.805295705795288,0,3,-7,-9,0,3,-3,0,1,-13,3,1,4,-7,sil
18.821415662765503,-6,2,-6,-12,-7,-11,-15,-14,-27,-26,-14,-16,-24,-25,sil
18.821415662765503,-9,3,-4,0,-1,-11,-23,-20,-43,-33,-27,-22,-35,-28,sil
18.837034225463867,-8,4,0,14,5,8,-16,-5,-26,-12,-19,-16,-17,-14,sil
18.85210371017456,-6,5,6,16,8,22,6,5,0,11,-9,-10,-1,1,sil
18.85210371017456,0,4,1,18,13,23,26,2,20,22,-4,-3,3,15,sil
18.86723804473877,3,-4,-5,9,4,14,21,7,35,29,1,3,16,24,sil
18.86723804473877,0,-15,-19,-16,-11,0,5,11,33,30,3,0,24,24,sil
18.86723804473877,0,-13,-17,-26,-6,-8,0,3,20,11,0,-2,15,8,sil
18.882915019989014,4,-3,-2,-9,8,-2,2,1,8,-4,7,9,5,-7,sil
18.882915019989014,-1,-2,-7,-6,5,0,11,0,-1,-8,12,14,2,-11,sil
18.89871454238892,-7,0,-5,-17,-2,-7,11,-2,-13,-11,0,4,-5,-13,sil
18.89871454238892,-3,6,5,-6,-1,-7,0,-2,-16,-8,-1,0,-8,-19,sil
18.913795948028564,1,11,10,6,1,-4,-5,-2,-8,-3,7,1,-8,-18,sil
18.929346323013306,3,8,6,5,0,-5,-7,-1,-1,-7,10,6,-14,-8,sil
18.929346323013306,-3,-1,-2,2,-8,-6,-18,-3,-8,-17,0,-1,-18,-5,sil
18.94488263130188,-10,-7,2,-1,-10,-4,-22,-4,-21,-16,-16,-10,-15,-6,sil
18.94488263130188,4,0,7,2,-2,0,-5,-1,-10,1,-7,-2,0,8,sil
18.96094346046448,20,12,12,15,1,4,9,1,12,13,14,11,14,23,sil
18.96094346046448,16,20,23,22,5,11,16,7,18,8,13,14,12,20,sil
18.976062059402462,12,17,13,22,11,9,15,7,9,6,1,2,7,17,sil
18.976062059402462,9,0,1,5,4,0,3,0,0,1,-2,-9,6,11,sil
18.991437435150143,1,-12,-1,-8,-6,-3,-6,-7,-7,-9,1,-11,3,-3,sil
18.991437435150143,0,-9,2,0,-5,-7,-7,-3,-13,-12,10,1,2,-3,sil
19.00719332695008,0,-4,9,3,-1,-4,-7,2,-20,-9,3,7,4,5,sil
19.00719332695008,-5,-9,-1,-7,-4,0,-7,0,-20,-5,-12,-1,4,0,sil
19.02279257774353,-12,-14,-7,-11,-5,-7,-13,0,-10,-2,-13,-5,-1,-9,sil
19.02279257774353,-18,-12,-12,-10,-4,-11,-15,0,-7,-5,-7,-5,-10,-15,sil
19.03793430328369,-16,-8,-16,-8,-3,1,-2,-1,-2,-3,-5,-6,-9,-16,sil
19.03793430328369,-1,0,-5,-1,2,7,6,0,7,8,0,3,-3,-5,sil
19.054011821746823,10,8,-3,2,7,0,0,0,11,13,5,13,0,5,sil
19.054011821746823,9,8,1,0,4,0,-2,0,14,8,8,11,2,5,sil
19.07002544403076,2,7,0,0,2,6,5,4,25,11,11,6,12,0,sil
19.07002544403076,-2,2,-10,-1,0,2,6,0,16,10,6,-1,6,-9,sil
19.086117029190063,-5,0,-6,-6,-4,-4,-1,-6,-11,-3,-3,-7,-15,-16,sil
19.086117029190063,-3,6,0,-2,1,3,7,-4,-12,-6,-4,-6,-15,-5,sil
19.10156464576721,3,14,10,13,10,17,24,4,2,2,0,3,5,13,sil
19.10156464576721,8,10,15,18,6,13,22,8,14,11,2,8,16,22,sil
19.11696028709412,5,3,7,6,3,1,15,5,28,18,6,4,13,18,sil
19.11696028709412,0,4,9,4,5,1,15,5,28,15,6,0,6,9,sil
19.132986307144165,-4,1,0,10,2,3,5,0,14,7,-2,-9,0,-1,sil
19.132986307144165,-6,-2,-4,3,0,0,-6,-1,8,6,-6,-10,0,-4,sil
19.14816427230835,-7,-6,-1,-6,-2,0,-3,3,4,1,0,-1,0,3,sil
19.14816427230835,-7,-15,-10,-7,-5,-1,-5,-5,-11,-14,-8,-8,-13,0,sil
19.16331505775452,0,-13,-8,-6,-4,-5,-18,-14,-29,-16,-15,-9,-19,-5,sil
19.16331505775452,8,0,1,0,0,-3,-19,-7,-38,-10,0,10,-3,-2,sil
19.17942905426025,5,2,7,4,5,-4,-19,-2,-36,-20,8,13,0,-3,sil
19.17942905426025,0,-12,0,-4,2,-2,-15,-1,-13,-25,-4,-8,-8,-12,sil
19.194981336593628,-4,-25,-13,-16,-7,4,3,4,13,-9,-12,-15,-2,-13,sil
19.194981336593628,-9,-15,-3,-15,-11,4,13,11,11,0,-12,-5,-1,-5,sil
19.210179328918457,0,0,1,-6,-6,-4,6,4,0,0,-9,-6,-2,0,sil
19.210179328918457,14,2,2,-3,-5,-9,-4,-5,-9,0,0,-1,3,4,sil
19.226279735565186,9,0,1,-9,-10,-12,-15,-4,-13,0,3,13,5,5,sil
19.226279735565186,0,-1,-8,-10,-10,-14,-12,-5,-8,0,-1,7,3,1,sil
19.241814613342285,4,9,3,4,-4,-2,1,-1,-2,2,-2,2,6,3,sil
19.241814613342285,8,22,12,21,2,2,7,3,0,5,7,7,8,7,sil
19.25781440734864,0,10,-1,7,4,-8,1,2,8,5,11,7,5,2,sil
19.25781440734864,2,1,-3,-6,4,0,3,2,20,13,15,10,7,-1,sil
19.27361965179444,10,10,3,8,11,13,6,2,21,18,28,14,8,1,goodbye
19.27361965179444,-2,7,4,11,11,0,-2,0,10,3,19,5,0,0,goodbye
19.2888412475586,-15,-6,-3,-3,-1,-4,-5,0,5,-10,-5,-8,-8,-8,goodbye
19.2888412475586,-10,-4,-7,-9,-8,3,0,0,2,-9,-6,-14,-13,-11,goodbye
19.30392837524414,-5,7,2,-7,0,-1,-1,2,0,-6,8,-9,-6,-3,goodbye
19.30392837524414,-3,12,2,-4,5,-3,1,2,2,3,11,2,9,5,goodbye
19.319063901901245,4,11,7,10,9,4,9,0,5,12,-3,5,7,9,goodbye
19.319063901901245,7,10,18,25,17,11,8,0,0,8,-8,-1,-3,5,goodbye
19.33510112762451,0,3,10,21,17,15,6,-3,-8,3,0,-3,-4,0,goodbye
19.33510112762451,-7,-5,2,10,10,17,7,-3,-6,4,-3,1,-2,0,goodbye
19.350873708724976,2,-2,4,13,8,11,12,0,7,10,-8,9,6,15,goodbye
19.350873708724976,18,1,11,17,2,8,13,7,15,14,0,14,16,19,goodbye
19.366040229797363,10,-11,0,2,-3,7,4,3,0,0,-1,5,4,0,goodbye
19.366040229797363,-12,-29,-21,-17,-8,-3,-5,-7,-23,-16,-19,-19,-14,-19,goodbye
19.38138008117676,-23,-30,-21,-25,-22,-14,-8,-6,-27,-19,-27,-29,-19,-20,goodbye
19.38138008117676,-17,-23,-23,-23,-27,-9,-9,0,-20,-19,-22,-21,-18,-16,goodbye
19.39705276489257,-14,-16,-21,-26,-17,-5,-13,-2,-18,-25,-21,-15,-20,-15,goodbye
19.39705276489257,-9,-7,-12,-27,-13,-8,-9,-2,-8,-17,-12,-13,-8,-7,goodbye
19.41209053993225,1,0,-3,-18,-10,-4,-1,5,13,4,9,-1,12,7,goodbye
19.41209053993225,12,12,10,0,2,0,0,8,28,17,21,14,15,11,goodbye
19.428243160247803,11,18,9,15,8,-1,1,0,21,11,19,12,4,5,goodbye
19.428243160247803,7,15,6,16,3,-3,3,-5,1,-2,13,8,4,5,goodbye
19.444268465042114,4,20,10,9,4,0,1,-2,-3,-4,3,13,8,6,goodbye
19.444268465042114,7,24,9,14,6,-2,-5,-1,7,12,11,21,10,4,goodbye
19.459883451461792,16,21,19,21,7,-6,-9,0,13,23,34,29,18,8,goodbye
19.459883451461792,16,14,11,16,10,0,-3,0,0,7,23,17,9,5,goodbye
19.47592711448669,0,2,-3,3,6,0,-4,-4,-12,-10,-9,-2,-10,-5,goodbye
19.47592711448669,-8,-7,-5,-4,-3,0,-3,2,-6,-5,-10,-5,-7,-3,goodbye
19.49181604385376,-2,-10,-4,-3,-4,0,3,3,-1,6,2,-1,6,7,goodbye
19.49181604385376,7,-5,6,0,8,1,7,0,-2,5,3,1,6,13,goodbye
19.50683116912841,9,-3,7,0,12,0,8,3,9,5,1,1,6,17,goodbye
19.50683116912841,3,-10,0,-9,-4,-3,4,5,17,4,-2,-7,2,10,goodbye
19.522300004959103,0,-8,1,-10,-13,0,1,6,6,0,-8,-5,-7,-1,goodbye
19.522300004959103,-3,-2,-6,1,0,1,0,3,2,-2,-6,0,-8,-8,goodbye
19.53785228729248,-13,-9,-9,0,6,-2,-8,-5,-8,-9,-12,-10,-12,-15,goodbye
19.55335164070129,-13,-14,-11,-9,0,-1,-3,-7,-25,-14,-20,-26,-22,-24,goodbye
19.55335164070129,-6,-5,-11,-1,0,8,14,0,-18,-13,-22,-27,-25,-22,goodbye
19.55335164070129,-12,3,-5,4,3,12,13,2,-8,-13,-20,-21,-18,-14,goodbye
19.56943106651306,-22,3,-10,-4,3,8,0,0,-7,-7,-5,-16,-5,-10,goodbye
19.56943106651306,-16,-2,-11,-15,-3,2,-3,-1,0,-4,0,-5,0,-7,goodbye
19.585092782974243,-5,-6,-6,-14,-7,-2,-4,-2,7,-7,-10,-2,0,-1,goodbye
19.585092782974243,-4,-3,-2,-11,-4,-1,-6,-4,13,6,-2,-3,6,0,goodbye
19.6001501083374,-10,0,5,-10,-6,0,-4,0,11,22,11,1,5,-6,goodbye
19.6001501083374,-5,3,3,4,-5,-3,-2,4,0,13,5,3,3,-4,goodbye
19.61707830429077,8,9,6,17,5,0,2,9,7,12,5,10,20,14,goodbye
19.61707830429077,15,8,9,4,1,11,13,8,24,25,17,21,29,20,goodbye
19.631494760513306,11,3,7,-5,-10,0,1,0,11,15,12,22,15,12,goodbye
19.631494760513306,18,4,16,5,-10,-16,-16,-2,-3,0,15,27,12,18,goodbye
19.649045705795288,28,2,13,14,-6,-9,-4,0,-3,-1,31,32,26,30,goodbye
19.649045705795288,18,1,6,10,0,0,8,-4,-17,-14,17,19,14,16,goodbye
19.66319918632508,7,4,6,8,9,0,-2,-7,-24,-21,0,6,-6,-1,goodbye
19.66319918632508,11,3,7,12,5,-6,-10,-5,-9,-10,8,9,-7,0,goodbye
19.679035902023315,11,7,14,17,2,-9,-4,-3,-2,-13,5,14,-6,3,goodbye
19.679035902023315,5,13,9,14,8,-4,-5,-1,0,-16,2,7,-10,-2,goodbye
19.69516158103943,5,9,9,7,4,1,-4,2,1,0,22,8,-5,-2,goodbye
19.69516158103943,4,7,6,13,0,0,2,0,-5,7,18,1,-3,-6,goodbye
19.709359884262085,-3,4,-13,17,6,-2,3,-4,-7,-7,-13,-19,-16,-21,goodbye
19.72586727142334,-10,-3,-11,9,8,0,6,3,-2,-12,-28,-24,-23,-17,goodbye
19.72586727142334,-7,0,0,11,11,6,12,7,0,5,-19,-15,-9,0,goodbye
19.74142909049988,-6,2,-1,7,10,12,10,0,-1,14,-13,-15,-2,-1,goodbye
19.74142909049988,-24,-14,-20,-20,-4,22,5,2,-3,4,-22,-29,-14,-11,goodbye
19.75746703147888,-38,-32,-36,-40,-13,23,10,7,4,1,-41,-43,-18,-8,goodbye
19.75746703147888,-24,-23,-24,-35,-6,7,12,5,19,12,-45,-31,-3,1,goodbye
19.77241253852844,-7,-12,-14,-34,-4,-7,8,0,30,24,-19,-6,16,11,goodbye
19.77241253852844,-6,-18,-15,-40,-14,-12,0,-2,22,18,-2,-3,19,8,goodbye
19.78884792327881,-12,-17,-20,-41,-15,-8,-13,-4,-8,-7,-16,-20,-1,-11,goodbye
19.78884792327881,-17,-3,-22,-40,-3,-6,-14,-12,-29,-21,-11,-22,-16,-24,goodbye
19.802935123443604,-6,6,2,-26,7,-3,-1,-1,-3,-2,16,2,0,-6,goodbye
19.802935123443604,7,10,10,5,8,-4,0,10,30,15,23,16,25,8,goodbye
19.818979501724243,7,7,0,23,3,-6,-14,0,21,6,15,7,15,0,goodbye
19.818979501724243,15,13,13,27,0,4,-7,-4,4,1,28,14,0,0,goodbye
19.834988832473755,33,23,29,34,5,7,6,1,7,4,39,32,2,13,goodbye
19.834988832473755,27,19,32,35,1,-13,-1,0,-7,-12,21,35,-2,13,goodbye
19.850042819976807,11,4,20,27,-5,-18,-9,-11,-34,-27,8,28,-9,1,goodbye
19.850042819976807,8,-2,10,10,-3,-2,2,-5,-25,-11,14,23,4,2,goodbye
19.86605215072632,8,-2,18,0,-1,2,4,9,-4,0,13,18,11,4,goodbye
19.86605215072632,7,0,19,17,-1,0,-7,5,-2,-4,5,14,5,2,goodbye
19.881298542022705,9,8,23,31,6,2,-13,-4,-11,0,6,18,7,8,goodbye
19.881298542022705,3,5,18,10,5,4,-7,0,-15,2,3,14,3,9,goodbye
19.896928310394287,-3,-2,-1,-1,-3,0,-5,0,-17,-8,-11,-2,-12,-2,goodbye
19.896928310394287,-6,0,-9,11,4,10,1,-6,-10,-6,-21,-23,-20,-9,goodbye
19.91209936141968,-12,-1,-16,15,4,24,19,-3,5,10,-18,-31,-5,-1,goodbye
19.91209936141968,-11,-7,-13,1,-9,14,23,5,16,17,-12,-17,11,10,goodbye
19.92732644081116,4,-3,-5,-8,-6,1,16,7,27,27,0,-1,19,21,goodbye
19.92732644081116,8,-7,-17,-16,0,0,10,6,40,30,4,-3,13,16,goodbye
19.943336248397827,-10,-20,-32,-31,-9,-11,1,11,36,-2,-10,-11,1,-7,goodbye
19.943336248397827,-16,-14,-29,-38,-9,-22,0,6,20,-25,-11,-10,-1,-20,goodbye
19.95892095565796,-5,4,-8,-32,-8,-19,2,0,10,-12,6,0,0,-16,goodbye
19.95892095565796,-7,10,-4,-22,-8,-15,-7,-1,-1,-9,13,7,-4,-21,goodbye
19.974528789520264,-10,9,-7,-5,8,-9,-20,-7,-33,-26,0,-4,-17,-30,goodbye
19.974528789520264,-3,15,8,9,25,7,-18,-17,-63,-28,-11,-17,-25,-23,goodbye
19.990107774734497,0,18,10,14,18,19,-6,-18,-64,-16,-9,-14,-21,-11,goodbye
19.990107774734497,2,10,11,19,9,19,6,-3,-29,-2,0,-3,-9,0,goodbye
20.006150007247925,7,3,20,26,8,21,18,12,18,29,10,3,11,25,goodbye
20.006150007247925,3,1,6,21,6,18,16,10,42,55,8,10,27,39,goodbye
20.02205300331116,7,0,0,9,0,5,0,5,36,34,0,19,14,24,goodbye
20.02205300331116,17,-4,3,4,0,-2,-7,8,29,9,-1,16,-1,9,goodbye
20.037221908569336,6,-11,1,-2,-1,-6,0,6,17,10,-3,0,-6,10,goodbye
20.037221908569336,-10,-16,-8,-17,-12,-9,-2,-2,-12,0,-16,-20,-12,1,goodbye
20.05332350730896,-11,-17,-18,-28,-11,-7,-10,-9,-28,-31,-24,-26,-12,-12,goodbye
20.05332350730896,-9,-11,-6,-18,4,0,-5,-7,-18,-26,-11,-12,-3,-11,goodbye
20.06880569458008,-8,-4,-1,3,4,0,1,-3,-1,2,3,0,5,-8,goodbye
20.06880569458008,-5,-7,0,3,-6,-6,-2,-1,5,6,4,-2,10,-9,goodbye
20.084490299224854,0,-7,6,-7,-7,-3,-4,0,11,-1,6,2,16,-1,goodbye
20.084490299224854,4,0,4,0,-5,-5,-1,-1,11,5,16,14,19,4,goodbye
20.106768369674683,5,3,5,8,-4,-10,0,0,-2,0,7,12,8,3,goodbye
20.106768369674683,2,1,3,1,-1,-10,-3,0,-17,-16,-9,3,-4,0,goodbye
20.106768369674683,1,-1,-4,-7,-9,-15,-10,1,-11,-17,-7,6,-12,-8,goodbye
20.1152822971344,0,-3,-2,-13,-14,-14,-10,2,0,-14,5,15,-9,-12,goodbye
20.130804538726807,-1,0,-1,-12,-6,-5,-4,-2,-1,-19,9,5,-2,-3,sil
20.130804538726807,0,10,6,-8,-3,0,0,0,-4,-14,8,3,-3,0,sil
20.145920753479004,6,19,10,1,-2,5,8,8,13,9,18,17,0,3,sil
20.145920753479004,15,26,12,23,13,20,24,10,33,30,33,28,18,15,sil
20.16140842437744,24,27,24,39,24,28,29,4,27,25,35,22,15,13,sil
20.16140842437744,16,17,10,28,14,24,18,0,3,4,7,-2,-16,-2,sil
20.17719340324402,-3,7,-3,14,8,13,0,0,-18,-12,-26,-24,-34,-4,sil
20.17719340324402,-8,1,-3,16,11,7,1,0,-14,-7,-32,-23,-19,1,sil
20.192325830459595,-7,-12,-10,2,6,10,17,0,7,11,-22,-19,-8,1,sil
20.192325830459595,-21,-22,-17,-23,-2,12,11,1,6,22,-22,-23,-9,0,sil
20.2082793712616,-24,-13,-16,-6,-3,1,-6,-1,-9,17,-20,-21,-3,3,sil
20.2082793712616,-3,-6,-2,15,1,-9,-4,-3,-12,8,-12,-9,5,6,sil
20.223855018615723,5,-15,-3,-14,-3,-12,1,0,3,9,0,2,20,10,sil
20.223855018615723,0,-21,-9,-44,-15,-17,-8,0,16,10,10,9,36,11,sil
20.239056825637817,1,-9,-1,-27,-15,-27,-23,-7,2,-5,8,9,30,-2,sil
20.239056825637817,1,0,-4,-8,-8,-27,-27,-12,-17,-27,9,7,17,-21,sil
20.254570484161377,4,6,0,-10,0,-18,-22,-4,-18,-28,20,19,13,-19,sil
20.254570484161377,7,13,7,-8,5,-12,-22,0,-17,-18,22,24,0,-10,sil
20.270243406295776,-3,0,-4,-6,-4,-10,-29,-9,-32,-28,-3,-5,-21,-22,sil
20.270243406295776,-14,-8,-2,-4,-15,0,-20,-7,-32,-40,-26,-28,-28,-24,sil
20.28602409362793,-4,5,10,7,-3,11,-1,9,-3,-12,-12,-13,-13,0,sil
20.28602409362793,1,9,14,16,9,17,1,10,10,18,0,1,-3,10,sil
20.302324533462524,0,2,8,24,13,23,9,1,2,17,-5,-5,-2,2,sil
20.302324533462524,0,11,0,35,15,29,31,1,4,17,0,-4,0,7,sil
20.31778311729431,-1,18,5,31,13,31,41,6,14,29,10,1,0,19,sil
20.31778311729431,-1,3,2,14,6,25,35,5,19,27,5,-4,3,18,sil
20.33282876014709,4,-7,0,3,5,5,23,2,19,15,0,-1,12,13,sil
20.347833156585693,11,0,-1,0,5,-4,15,3,19,11,0,10,15,16,sil
20.347833156585693,4,0,-13,-6,0,1,18,0,23,11,-9,1,7,10,sil
20.3635196685791,-3,-12,-12,-14,-7,0,12,-1,20,0,-11,-4,-2,0,sil
20.3635196685791,1,-13,-5,-13,-7,-13,1,-2,12,-2,0,6,0,3,sil
20.37847328186035,7,-9,-3,-13,-4,-15,0,2,15,2,2,10,0,10,sil
20.37847328186035,-3,-11,-5,-23,-10,-17,-9,5,14,0,-5,0,-13,-3,sil
20.394095182418823,-7,-9,-8,-21,-14,-24,-23,-2,-1,-13,0,-1,-26,-15,sil
20.394095182418823,8,0,9,-9,-4,-19,-22,-2,-7,-14,17,17,-19,-5,sil
20.409306049346924,13,3,13,-1,0,-10,-14,1,-3,-4,15,27,-18,-1,sil
20.409306049346924,-3,1,-1,-4,-5,-14,-15,-1,-12,-6,5,4,-44,-12,sil
20.42528462409973,-8,6,2,-3,0,-13,-15,0,-17,-5,10,-3,-37,-17,sil
20.42528462409973,2,7,10,0,1,-7,-11,0,-14,-2,10,1,23,-11,sil
20.4401650428772,0,0,9,-4,-6,-6,-19,-10,-28,-20,-5,-3,49,-13,sil
20.4401650428772,-9,-1,0,-5,-6,0,-21,-16,-37,-28,-7,-14,29,-21,sil
20.455299139022827,-4,7,0,2,0,8,-8,-6,-25,-6,5,-9,29,-16,sil
20.455299139022827,8,16,17,17,4,14,0,3,-10,4,4,1,34,0,sil
20.47109055519104,9,17,13,33,13,20,3,5,0,0,0,1,24,14,sil
20.47109055519104,4,14,4,25,15,19,6,4,-1,0,-3,-3,13,14,sil
20.486319303512573,3,9,0,10,5,13,7,3,-6,0,-5,-1,5,10,sil
20.486319303512573,0,0,-5,17,1,14,12,0,-1,2,-2,1,0,10,sil
20.50195503234864,-16,-9,-8,12,6,19,20,1,4,5,-5,-8,-7,8,sil
20.50195503234864,-22,-14,-18,-11,5,16,25,3,10,4,-17,-17,-20,5,sil
20.51798939704895,-5,-8,-9,-9,0,11,27,4,16,5,-20,-6,-25,8,sil
20.51798939704895,3,-1,0,8,-3,14,29,1,19,16,-8,-1,-15,12,sil
20.533530235290527,0,-8,-5,1,-1,7,17,1,16,22,0,-12,-12,10,sil
20.533530235290527,-1,-13,-6,-15,-4,-7,-2,2,10,10,-5,-14,-22,0,sil
20.549108028411865,-3,-14,-11,-17,-9,-12,-7,-4,9,0,-10,-4,-32,-6,sil
20.549108028411865,-6,-15,-9,-11,-7,-7,-2,-4,17,6,-3,4,-18,-2,sil
20.564196348190308,0,-13,-6,-10,2,-7,-2,2,22,11,3,9,14,1,sil
20.564196348190308,3,-8,-8,-10,5,-19,-10,0,20,5,4,3,24,-1,sil
20.57985544204712,2,0,6,-2,0,-25,-14,-2,17,0,5,9,10,-1,sil
20.57985544204712,9,8,10,2,-6,-18,-6,1,15,0,17,18,14,5,sil
20.595919370651245,17,13,2,-5,-1,-15,-7,3,6,1,28,20,29,4,sil
20.595919370651245,12,15,5,-10,-1,-14,-17,5,-7,-2,22,14,25,-3,sil
20.61183786392212,1,10,7,-8,-6,-11,-17,-2,-24,-17,0,3,0,-11,sil
20.61183786392212,-1,2,6,-15,0,-8,-17,-12,-37,-35,-11,0,-18,-20,sil
20.62737941741944,0,8,4,-12,4,-5,-23,-7,-38,-32,4,5,-14,-21,sil
20.62737941741944,2,18,12,6,1,0,-15,0,-30,-13,19,8,-3,-8,sil
20.64295268058777,4,15,15,20,4,10,5,0,-17,-5,11,3,-3,0,sil
20.64295268058777,2,6,2,19,6,16,16,0,-11,-5,-5,-11,-6,-4,sil
20.65902209281921,0,0,3,17,0,12,10,4,-10,1,-10,-15,-6,-2,sil
20.65902209281921,-2,-2,5,17,0,15,10,6,1,16,4,0,7,13,sil
20.674712657928467,-7,-5,0,13,0,16,14,-1,7,21,10,5,13,18,sil
20.674712657928467,-12,-6,-5,9,-2,6,3,-8,-4,3,-13,-11,-8,-1,sil
20.690037965774536,-9,-6,-7,10,5,6,2,0,-2,-7,-26,-19,-20,-9,sil
20.690037965774536,0,-6,6,8,11,23,19,8,16,8,-9,-4,0,5,sil
20.70614504814148,0,-8,-1,3,0,26,25,3,24,23,-2,-3,12,9,sil
20.70614504814148,-9,-10,-22,0,-3,10,11,1,19,14,-17,-13,0,1,sil
20.721280336380005,-4,-8,-16,-2,0,1,6,8,17,10,-23,-6,-4,6,sil
20.721280336380005,4,-11,-9,-4,-3,-2,3,1,22,15,-10,0,5,15,sil
20.73703980445861,0,-16,-10,-23,-10,-11,-11,-3,18,7,-4,-1,4,8,sil
20.73703980445861,-7,-13,-13,-42,-14,-19,-23,-2,0,-6,-1,0,-1,-2,sil
20.75218391418457,1,-1,-1,-32,-15,-29,-21,-8,-17,-16,7,7,1,-4,sil
20.75218391418457,14,15,19,-4,-5,-27,-15,-7,-8,-18,20,21,4,2,sil
20.767906427383423,15,26,15,8,6,-14,-5,0,3,-14,28,24,5,4,sil
20.767906427383423,7,18,9,5,7,-3,6,4,0,-12,17,6,3,-3,sil
20.78397035598755,4,10,11,7,7,2,13,6,-7,-6,0,-7,-7,-6,sil
20.78397035598755,0,7,3,5,8,-5,-3,0,-11,-3,-5,-11,-19,-7,sil
20.799166679382324,-15,1,-3,-5,2,-13,-23,-12,-25,-13,-12,-18,-21,-20,sil
20.799166679382324,-16,-1,-5,0,0,0,-11,-10,-26,-7,-6,-15,-4,-10,sil
20.815202236175537,4,0,1,11,5,15,6,4,0,18,13,8,18,17,sil
20.815202236175537,9,-2,4,5,10,16,12,9,25,28,16,17,19,13,sil
20.830790519714355,0,-8,1,0,8,13,7,1,18,13,-4,0,0,-4,sil
20.830790519714355,3,-8,5,1,1,8,1,1,6,0,-12,0,-4,-1,sil
20.845932483673096,4,-12,-9,-5,-2,7,10,7,11,-5,-7,1,1,0,sil
20.845932483673096,-2,-10,-14,-10,-2,8,22,5,12,-5,-6,-3,1,-3,sil
20.86137723922729,-4,0,-4,0,-11,-5,5,-2,4,-3,0,-2,2,-3,sil
20.86137723922729,-8,-4,-9,5,-19,-16,-11,-3,0,2,3,1,1,-7,sil
20.877012968063354,-13,-4,-5,3,-9,-2,-4,2,-2,4,0,4,-3,-9,sil
20.877012968063354,-2,12,2,13,0,6,0,-3,-9,0,10,10,5,-2,sil
20.892115116119385,5,16,6,21,2,0,-5,-8,-13,-3,18,14,15,0,sil
20.90780639648437,0,8,9,16,9,0,-4,1,-19,-5,8,8,4,3,sil
20.90780639648437,1,5,5,10,7,3,-1,0,-16,-6,0,1,-8,6,sil
20.922824382781982,13,3,9,7,-1,5,0,0,1,1,6,8,-4,10,sil
20.922824382781982,17,1,6,6,2,9,4,4,12,14,8,6,3,11,sil
20.922824382781982,0,0,-3,-4,8,6,-2,-5,-14,1,-17,-20,-13,-2,sil
20.93786191940308,-14,-5,-7,-21,-3,-3,-16,-11,-40,-23,-44,-42,-39,-20,sil
20.95591354370117,-10,-2,-8,-21,-5,-7,-15,-3,-12,-18,-19,-24,-22,-6,sil
20.95591354370117,-5,2,1,-15,7,-1,-2,2,20,1,19,3,12,12,sil
20.95591354370117,-5,-5,0,-12,1,-5,-2,1,11,8,14,3,19,7,sil
20.96896171569824,7,-6,4,-1,-11,-14,-7,3,0,9,-3,0,9,5,sil
20.98414731025696,27,14,27,15,1,2,9,9,21,18,9,21,10,17,sil
20.98414731025696,18,15,17,14,12,19,25,4,32,20,20,23,16,14,sil
21.00024151802063,-6,-6,-7,-2,0,-1,4,0,9,7,0,-1,7,-1,sil
21.00024151802063,-10,-14,-13,-5,-4,-15,-2,0,-2,-4,-18,-9,-3,-3,sil
21.01625609397888,0,-7,-2,3,0,-5,15,-1,2,-11,-19,1,-7,1,sil
21.01625609397888,-2,-9,-2,0,-11,-2,15,-1,1,-10,-14,0,-2,0,sil
21.03189778327942,-10,-13,-18,-7,-15,-4,6,2,9,5,-4,-4,7,0,sil
21.03189778327942,-6,-8,-13,-8,0,5,4,6,23,18,1,0,16,0,sil
21.047048568725582,-4,-7,-7,-7,5,13,0,-2,13,7,0,-1,13,-9,goodbye
21.047048568725582,-12,-13,-16,-13,0,5,-8,-9,-6,-13,-8,-15,-5,-19,goodbye
21.063051223754883,-14,-6,-14,-20,-3,-5,-15,0,-15,-26,-12,-17,-23,-22,goodbye
21.063051223754883,-1,6,-9,-15,0,-12,-14,4,-13,-18,3,0,-15,-13,goodbye
21.079145193099976,11,16,9,5,10,-3,0,0,-8,-7,19,15,0,0,goodbye
21.079145193099976,6,16,12,17,15,7,4,-1,-13,-1,9,5,-5,0,goodbye
21.094210386276245,-4,5,-9,-2,0,-8,-11,-5,-27,-9,-5,-13,-24,-14,goodbye
21.094210386276245,0,7,-2,-15,-12,-17,-19,-1,-18,-14,0,-7,-21,-7,goodbye
21.10986614227295,10,19,19,5,0,7,3,5,11,6,18,13,5,16,goodbye
21.10986614227295,10,12,21,16,9,21,14,5,11,21,14,13,11,20,goodbye
21.12499642372132,4,0,8,11,0,6,0,0,-4,5,-1,-3,-3,2,goodbye
21.12499642372132,5,0,6,21,-2,0,-9,-2,-1,3,0,-6,-1,-1,goodbye
21.1411075592041,7,6,18,28,3,10,-1,-2,1,16,12,6,9,7,goodbye
21.1411075592041,0,-2,1,16,4,12,7,-4,2,9,10,10,9,11,goodbye
21.157119512557983,-6,-11,-6,7,0,1,10,-1,12,0,-2,10,8,12,goodbye
21.157119512557983,-2,-4,6,8,0,-1,10,3,6,3,-1,14,9,10,goodbye
21.17303204536438,0,0,4,6,-1,-4,4,0,-15,0,3,4,6,3,goodbye
21.17303204536438,-1,-4,1,3,-1,-7,-4,-2,-18,-6,-1,0,4,0,goodbye
21.188604593276978,-6,-4,2,4,-3,-5,-5,-5,-12,-7,-9,1,2,-3,goodbye
21.188604593276978,-9,0,3,7,-6,-1,-2,0,-18,-8,-7,-2,-3,-10,goodbye
21.204158782958984,-3,0,0,3,-8,-3,-4,5,-15,-8,2,-3,1,-9,goodbye
21.204158782958984,7,3,-6,-3,-6,-12,-9,0,1,-8,12,9,13,-4,goodbye
21.219985485076904,10,8,0,-6,-2,-15,-15,-2,16,-12,8,15,10,-3,goodbye
21.219985485076904,9,3,1,0,1,-3,-3,4,30,0,2,3,3,2,goodbye
21.236177682876587,13,0,2,2,10,13,17,7,37,25,7,5,1,11,goodbye
21.236177682876587,18,4,11,-3,18,21,20,3,30,29,13,15,4,13,goodbye
21.251442432403564,7,-4,4,-21,7,8,8,-6,12,6,1,0,2,12,goodbye
21.25161862373352,-15,-25,-16,-45,-13,-7,0,-2,-1,-5,-19,-19,-11,0,goodbye
21.266953945159912,-21,-30,-39,-53,-13,-6,-1,8,0,-2,-27,-29,-21,-15,goodbye
21.2673864364624,-15,-17,-42,-46,-4,-1,-9,8,6,-9,-29,-36,-17,-21,goodbye
21.282894134521484,-14,-6,-30,-31,0,-2,-4,3,10,-8,-25,-28,-5,-10,goodbye
21.282894134521484,-7,0,-20,-8,7,0,9,0,13,14,-15,-22,8,5,goodbye
21.29853463172913,0,13,-1,-8,10,6,5,-2,-4,11,-33,-39,-5,-4,goodbye
21.29853463172913,-10,11,0,-31,1,9,-2,-6,-24,-10,-52,-47,-35,-26,goodbye
21.314392566680908,-14,-5,-3,-22,0,9,5,-5,-12,0,-15,-14,-21,-14,goodbye
21.314392566680908,-6,0,6,24,6,6,4,-5,-9,13,21,9,9,4,goodbye
21.329976081848145,-7,12,9,56,-1,-6,-15,-11,-34,-7,6,0,0,-6,goodbye
21.329976081848145,0,13,24,53,-14,-11,-23,-4,-35,-19,13,22,-9,-7,goodbye
21.34603309631348,21,19,40,51,-5,-3,-9,5,-9,0,63,66,22,22,goodbye
21.34603309631348,36,25,41,60,12,-8,0,0,-2,4,74,67,38,32,goodbye
21.36133575439453,29,16,43,53,13,-13,-1,-2,-11,-7,43,48,16,15,goodbye
21.36133575439453,11,2,17,27,2,-5,0,0,-19,-14,18,35,0,2,goodbye
21.37695360183716,-5,-10,-7,0,-8,0,4,0,-16,-22,-3,6,-16,-1,goodbye
21.37695360183716,-13,-19,-11,-18,-15,7,19,0,8,-22,-20,-19,-22,-6,goodbye
21.39198136329651,-9,-19,-12,-19,-8,14,22,4,26,-5,-14,-13,-7,-5,goodbye
21.39198136329651,-2,-11,-11,-15,0,4,5,6,14,2,-7,-2,-1,-2,goodbye
21.408074617385864,-3,-9,-17,-15,-5,-6,-3,1,11,2,-12,-14,-6,-2,goodbye
21.408074617385864,-1,-6,-9,-16,-9,-4,1,3,17,4,-5,-13,3,0,goodbye
21.4235737323761,7,6,7,0,3,0,5,5,19,19,17,13,23,7,goodbye
21.4235737323761,14,19,5,15,13,0,0,0,19,35,22,20,29,12,goodbye
21.439498901367188,10,17,3,7,7,0,-11,0,7,27,1,0,20,11,goodbye
21.439498901367188,0,2,-4,-9,-5,0,-17,0,-9,6,-9,-15,8,3,goodbye
21.45503616333008,-11,-8,-13,-24,-8,-2,-14,-2,-8,-6,-11,-14,-5,-7,goodbye
21.45503616333008,-14,-5,-12,-26,1,3,-8,0,1,-9,-13,-19,-11,-12,goodbye
21.47054886817932,-5,0,-6,-10,11,8,0,0,6,1,-7,-23,0,-6,goodbye
21.47054886817932,0,1,4,2,12,8,10,-1,15,13,-2,-5,10,0,goodbye
21.48611807823181,-2,1,-5,-11,6,12,9,-1,15,8,-9,1,3,0,goodbye
21.48611807823181,-7,-3,-14,-26,1,4,0,0,0,-5,-17,-8,-9,-3,goodbye
21.501917839050293,-2,-4,-3,-9,4,-8,-6,0,-5,-2,-14,-10,-7,-5,goodbye
21.501917839050293,10,0,5,7,6,-6,-4,0,6,13,0,0,1,5,goodbye
21.51800799369812,16,0,10,0,0,0,-2,0,-2,7,14,8,0,11,goodbye
21.51800799369812,12,-3,5,-1,-7,-3,1,-1,-20,-12,10,11,1,4,goodbye
21.533517599105835,3,-2,4,10,-9,-6,9,-2,-13,-14,-1,7,0,0,goodbye
21.533517599105835,0,0,7,10,-12,0,14,0,1,-6,-4,-1,-9,0,goodbye
21.549176931381226,-7,-6,-3,-1,-9,0,11,-2,-1,-10,-2,-7,-14,-9,goodbye
21.549176931381226,-16,-9,-7,-10,-5,-6,7,-4,-5,-12,-1,-1,-11,-6,goodbye
21.564201831817627,-17,-5,-8,0,-7,-5,6,-1,0,-7,0,1,-11,0,goodbye
21.564201831817627,-15,-3,-10,8,-6,-1,-4,-1,-9,-13,-7,-6,-13,-13,goodbye
21.57999420166016,-13,-5,-4,3,3,0,-20,0,-25,-20,-17,-9,-11,-20,goodbye
21.57999420166016,-9,-6,-3,-3,6,-4,-15,0,-19,-8,-3,-1,-8,-2,goodbye
21.59512305259705,0,1,1,4,2,-6,-3,0,-5,2,10,8,-8,2,goodbye
21.59512305259705,8,16,8,24,3,0,1,6,2,3,5,9,0,0,goodbye
21.610820770263672,20,24,15,28,5,6,4,11,11,7,3,8,11,12,goodbye
21.610820770263672,20,21,20,11,5,7,0,6,8,7,12,9,7,15,goodbye
21.62635445594788,6,10,3,3,0,4,-9,1,-2,0,10,0,0,0,goodbye
21.62635445594788,0,1,-1,4,0,2,-4,0,-1,2,0,-8,5,-10,goodbye
21.64192914962769,1,4,2,0,6,6,14,-4,6,13,-6,-4,14,-3,goodbye
21.64192914962769,0,1,-5,-4,3,6,15,-4,0,5,-10,-2,10,4,goodbye
21.657389640808105,-4,-8,-5,-8,-1,0,-3,2,-4,-1,-7,-2,2,3,goodbye
21.657389640808105,-4,-5,2,-4,1,0,-7,0,5,14,9,4,9,2,goodbye
21.67310667037964,6,1,10,0,2,-2,3,-2,13,19,18,13,17,4,goodbye
21.67310667037964,13,-2,1,4,-2,-4,7,-1,9,1,9,9,11,4,goodbye
21.68840980529785,4,-11,-5,0,0,-1,2,-3,8,-6,4,1,4,5,goodbye
21.70432114601136,0,-4,8,-1,2,6,3,0,11,4,4,6,0,5,goodbye
21.70432114601136,9,3,5,1,2,6,0,3,7,11,6,11,3,2,goodbye
21.720338821411133,3,-10,-10,-22,-7,0,-5,3,0,-4,3,0,3,0,goodbye
21.720338821411133,-14,-31,-26,-53,-14,0,-4,3,4,-16,-1,-12,-8,0,goodbye
21.720338821411133,-15,-25,-28,-30,-1,0,-2,2,17,0,0,-8,-7,0,goodbye
21.73604273796081,-5,-3,-1,5,1,-13,-14,-3,11,7,0,3,3,-1,goodbye
21.73604273796081,-5,0,7,0,-20,-22,-22,-10,-10,-11,-7,0,-3,-11,goodbye
21.751903295516968,-4,2,4,-1,-19,-15,-13,-5,-21,-9,-5,1,-11,-5,goodbye
21.751903295516968,9,19,10,18,8,-2,2,2,-13,8,5,13,0,12,goodbye
21.76698517799377,10,17,3,13,16,2,10,0,-7,-9,-3,1,-8,5,goodbye
21.76698517799377,-12,-2,-4,0,1,10,13,0,-9,-32,-28,-24,-31,-14,goodbye
21.782788038253784,-17,0,-2,12,0,18,20,3,0,-6,-25,-27,-16,-10,goodbye
21.782788038253784,4,25,13,30,14,16,17,4,13,23,1,-3,7,4,goodbye
21.79793405532837,18,32,24,29,23,16,8,4,12,22,18,15,15,10,goodbye
21.813108444213867,10,11,3,5,14,13,11,0,3,17,9,6,13,5,goodbye
21.813108444213867,-1,-1,-12,-5,7,6,8,-5,-8,10,-3,-12,-2,-3,goodbye
21.82828664779663,-5,0,-16,8,8,1,-3,-5,-14,-2,-4,-12,-8,-9,goodbye
21.82828664779663,-4,-1,-9,0,0,-8,-12,-1,-12,-8,0,1,2,-4,goodbye
21.84386777877808,-12,-13,-4,-23,-14,-11,-15,0,-17,-13,-1,3,1,-1,goodbye
21.84386777877808,-21,-22,-10,-22,-17,-5,-13,-4,-20,-23,-16,-12,-16,-8,goodbye
21.858928203582764,-12,-16,-2,-13,-11,-10,-8,-1,-13,-21,-14,-10,-17,-13,goodbye
21.858928203582764,2,-5,7,-6,-13,-15,-2,4,0,0,10,13,7,1,goodbye
21.87515449523925,10,-11,4,-2,-18,-9,-1,6,12,9,10,18,12,15,goodbye
21.87515449523925,7,-18,1,-13,-11,-7,-5,6,12,-3,-12,0,-3,2,goodbye
21.89020347595215,3,-8,1,-11,0,-11,-6,0,0,-10,-1,-3,4,-8,goodbye
21.89020347595215,9,5,10,11,1,-5,-1,-5,0,5,23,14,24,0,goodbye
21.905335903167725,26,15,14,25,8,3,7,0,21,28,28,22,26,16,goodbye
21.905335903167725,28,19,10,14,11,5,10,3,36,32,22,20,23,26,goodbye
21.92078709602356,3,13,4,0,0,0,2,0,22,9,3,9,10,14,goodbye
21.92078709602356,-12,4,-10,-1,-4,-1,3,2,5,-11,-23,-11,-14,-5,goodbye
21.93647646903992,-5,3,-4,-2,3,10,10,9,2,-8,-22,-15,-19,-10,goodbye
21.93647646903992,2,6,2,-6,7,17,5,1,0,-1,2,-1,-5,-7,goodbye
21.951877117156982,4,9,1,6,11,6,-5,-11,-8,-5,16,6,0,-2,goodbye
21.951877117156982,3,4,3,14,7,3,-6,-6,-13,-8,8,5,-6,2,goodbye
21.967108726501465,-8,-13,-14,-5,-3,0,-8,-1,-17,-11,-11,-10,-13,-8,goodbye
21.967108726501465,-17,-14,-13,-8,1,-10,-13,0,-24,-18,-22,-20,-21,-21,goodbye
21.98256158828736,-13,0,6,11,12,0,-11,-2,-23,-16,-11,-5,-24,-16,goodbye
21.98256158828736,-17,-6,-4,3,0,3,-10,-11,-20,-14,-8,-12,-26,-15,goodbye
21.99828004837036,-21,-10,-10,-5,-3,1,0,0,-9,-2,-9,-22,-13,-7,goodbye
21.99828004837036,-7,1,1,4,7,13,18,11,15,28,15,-2,20,15,goodbye
22.013879776000977,0,-1,4,-1,0,15,17,3,23,33,23,7,29,16,goodbye
22.013879776000977,-4,-5,0,-2,-7,8,11,3,11,16,4,-4,13,5,goodbye
22.029837131500244,2,6,3,9,0,9,22,10,16,24,7,0,15,13,goodbye
22.029837131500244,9,7,6,-1,0,3,22,1,19,27,8,9,20,14,goodbye
22.04636788368225,10,0,-1,-11,-7,-2,8,-5,6,4,-4,2,11,6,sil
22.04636788368225,16,0,6,-2,-3,-5,-2,0,0,-6,-3,9,5,11,sil
22.061909675598145,14,-2,13,-2,0,-14,-3,3,1,-1,-9,13,0,8,sil
22.061909675598145,4,-7,-3,-2,1,-15,3,2,7,-5,-21,1,-10,0,sil
22.07706069946289,2,-6,-5,-6,-1,-14,-4,-1,13,-12,-9,1,-7,1,sil
22.07706069946289,1,-5,-7,-21,-12,-22,-25,-9,2,-13,4,7,0,-3,sil
22.092247009277344,1,4,-7,-12,-6,-18,-27,-6,-16,-15,5,7,4,-10,sil
22.092247009277344,12,17,5,10,1,-9,-17,0,-10,-13,20,19,8,5,sil
22.11481499671936,13,12,2,2,-6,-13,-16,-3,1,-10,26,21,4,9,sil
22.11481499671936,-4,4,-5,-16,-7,-6,-17,-1,-11,-26,-1,0,-16,-17,sil
22.11481499671936,-13,7,-6,4,1,11,-10,1,-25,-28,-15,-16,-25,-30,sil
22.12383794784546,-9,8,1,26,1,17,-2,-2,-19,-4,-1,-18,-14,-18,sil
22.139885902404785,-15,-2,0,9,2,18,5,0,-16,7,-1,-22,-12,-22,sil
22.139885902404785,-21,-12,-11,-1,9,21,15,2,-11,6,-10,-24,-9,-21,sil
22.155966997146606,-2,-2,5,18,12,23,24,7,5,17,-1,-6,9,10,sil
22.155966997146606,16,8,14,33,12,24,30,10,24,31,7,9,20,31,sil
22.1714460849762,10,-6,1,11,9,8,20,3,21,24,0,5,15,17,sil
22.1714460849762,-4,-20,-2,-16,-2,-12,-1,-3,12,11,-3,0,13,5,sil
22.187365293502808,-5,-10,-2,-18,-13,-24,-15,0,16,9,3,1,13,10,sil
22.187365293502808,7,2,6,-7,-6,-24,-15,0,14,1,8,14,6,11,sil
22.20295023918152,14,7,9,-5,4,-15,-11,-9,-5,-23,3,17,0,1,sil
22.20295023918152,7,8,2,-10,2,-9,-16,-13,-24,-35,-3,6,-10,-8,sil
22.21894121170044,0,6,3,-12,0,-8,-17,-4,-26,-18,0,0,-18,-13,sil
22.21894121170044,-9,1,0,0,5,-2,-1,0,-19,0,3,-3,-11,-13,sil
22.23474931716919,-16,3,-5,13,5,10,13,4,-10,1,-6,-15,-13,-6,sil
22.23474931716919,-16,4,-6,13,2,19,22,7,0,5,-15,-24,-21,3,sil
22.249834775924683,-7,-5,-5,9,2,24,33,5,12,16,-8,-14,-9,8,sil
22.249834775924683,1,-8,2,4,0,28,35,7,15,21,-4,0,4,13,sil
22.26636815071106,5,-6,-1,-7,-9,13,24,4,14,17,-5,0,7,17,sil
22.26636815071106,0,-11,-7,-15,-13,-6,6,-2,5,2,-9,0,5,4,sil
22.28236699104309,-3,-12,-9,-9,-10,-5,-14,-4,-5,-12,-12,-1,0,-17,sil
22.28236699104309,0,-3,-10,-3,-8,-1,-29,-4,-8,-15,-4,-1,-2,-18,sil
22.2971613407135,5,11,4,2,-3,-2,-22,-3,2,-2,14,9,9,2,sil
22.2971613407135,12,21,10,18,6,-3,-4,-2,13,9,25,14,19,13,sil
22.313203811645508,14,12,8,11,8,-9,-1,3,11,4,12,6,13,5,sil
22.313203811645508,9,0,4,-2,1,-12,0,8,11,0,3,12,15,5,sil
22.328784465789795,10,0,-1,-5,0,-5,6,2,21,5,18,21,23,16,sil
22.328784465789795,7,0,3,-12,1,-2,4,2,21,11,24,10,15,12,sil
22.3442599773407,-2,-2,-5,-15,3,-8,-4,5,2,1,1,-9,-1,-13,sil
22.3442599773407,-8,-9,-6,-4,-4,-18,-21,-7,-23,-18,-21,-10,-22,-29,sil
22.359899520874023,-7,-7,5,0,-10,-15,-29,-15,-31,-27,-11,0,-25,-16,sil
22.359899520874023,-10,-5,3,-6,-3,-1,-14,-6,-17,-11,5,-1,-10,-1,sil
22.37504005432129,-16,-9,-3,-5,-4,6,-1,0,-10,-1,-10,-14,-10,-6,sil
22.37504005432129,-9,-5,-7,0,-1,10,2,0,-7,0,-21,-16,-13,-9,sil
22.3908371925354,7,9,0,4,15,13,10,4,5,4,6,4,1,4,sil
22.3908371925354,10,18,10,11,17,11,15,6,9,12,28,16,13,13,sil
22.406311511993408,6,13,9,20,6,7,11,0,0,16,14,5,14,8,sil
22.406311511993408,12,9,16,17,11,6,3,1,2,15,0,3,9,11,sil
22.42189931869507,6,6,6,4,8,0,-4,0,4,4,0,1,1,9,sil
22.42189931869507,-5,1,-11,1,-3,-3,-6,-5,-12,-12,-8,-10,-7,-8,sil
22.4371120929718,0,-3,-5,4,-2,-1,4,0,-15,-17,-19,-12,-9,-11,sil
22.4371120929718,6,-8,0,-1,-4,-2,15,3,1,-3,-10,-3,0,2,sil
22.452337503433228,-4,-7,-1,-6,-14,-11,5,-2,-3,0,-6,-1,0,2,sil
22.452337503433228,-16,-11,-13,-12,-17,-13,-2,-11,-25,-17,-26,-12,-21,-15,sil
22.467472314834595,-16,-12,-15,-14,-12,-3,4,-4,-16,-21,-28,-14,-26,-16,sil
22.48403811454773,-4,2,3,5,-1,11,12,10,10,2,5,6,3,4,sil
22.48403811454773,8,14,10,21,6,13,9,7,16,18,26,15,15,20,sil
22.48403811454773,7,5,7,7,4,2,-3,-1,7,6,9,3,-6,6,sil
22.498939275741577,0,0,-1,1,1,2,-4,0,9,0,-1,-1,-8,-9,sil
22.498939275741577,-3,0,-5,5,3,6,0,4,12,7,5,4,6,-2,sil
22.514418125152588,-9,-10,-5,-12,0,5,-6,3,5,9,4,0,5,4,sil
22.530117988586422,-13,-20,-17,-30,-10,1,-17,-1,1,-1,-1,-8,-1,-6,sil
22.530117988586422,-8,-11,-14,-16,-5,-3,-14,-4,-1,-7,1,1,1,-5,sil
22.54529047012329,2,6,4,4,12,0,0,1,4,6,13,15,15,13,sil
22.54529047012329,3,6,7,0,16,4,8,6,17,16,11,3,21,11,sil
22.56120991706848,0,0,6,-7,6,2,6,1,16,5,-1,-6,12,-3,sil
22.56120991706848,8,3,5,6,8,-2,6,-1,9,5,1,0,12,0,sil
22.576488971710205,17,9,9,9,11,-4,2,-2,0,11,13,7,10,9,sil
22.576488971710205,13,6,10,-5,0,-3,-4,-2,-11,3,9,10,1,4,sil
22.59190607070923,13,4,9,-5,-8,-6,-4,0,-8,0,0,10,0,2,sil
22.59190607070923,15,6,16,1,-6,-10,-2,1,-2,-1,-4,5,0,7,sil
22.607174396514893,11,4,6,0,-5,-7,0,-2,-6,-9,-7,-4,-9,2,sil
22.607174396514893,5,0,0,2,-12,0,0,-2,-4,-11,-7,-5,-15,-2,sil
22.622472524642944,-5,2,-3,7,-10,0,-1,-2,-2,-7,-7,-8,-12,-3,sil
22.622472524642944,-14,0,-14,0,3,-2,0,-5,-7,-13,-12,-17,-6,-7,sil
22.638409852981567,-10,-3,-10,-2,9,5,3,0,-7,-14,-13,-12,-5,-12,sil
22.638409852981567,-11,-1,-6,11,0,10,6,0,-6,-3,-2,-7,-11,-13,sil
22.6540322303772,-17,0,-4,19,-3,0,0,-9,-13,-2,-1,-5,-14,-11,sil
22.6540322303772,-9,-4,-5,8,-4,-6,-4,0,-2,-1,-7,-1,-1,-5,sil
22.66983199119568,-5,-8,-13,-2,-9,-3,0,12,18,7,0,-1,12,2,sil
22.66983199119568,-17,-11,-7,-10,-10,-1,-2,6,11,2,3,-6,0,0,sil
22.68609094619751,-21,-10,-6,-6,-2,4,-3,0,-6,-9,-3,-6,-15,-8,sil
22.68609094619751,-5,-5,-7,3,6,13,8,2,-6,-2,0,-1,-4,-6,sil
22.70182061195373,10,0,2,0,9,11,17,5,0,7,8,4,12,5,sil
22.70182061195373,15,-1,5,-6,3,5,7,-1,-2,3,4,10,7,10,sil
22.71703624725341,15,5,11,1,3,2,-10,-6,-14,0,3,14,-2,9,sil
22.71703624725341,14,15,14,1,5,-1,-12,-4,-9,2,9,15,0,9,sil
22.73210906982422,12,11,9,-11,2,-4,-8,0,12,9,8,10,2,8,sil
22.73210906982422,14,8,14,-7,0,-3,-10,2,22,9,6,9,6,3,sil
22.74764132499695,12,13,11,8,4,-15,-12,-3,9,5,14,12,7,0,sil
22.74764132499695,0,11,5,0,0,-27,-20,-5,-4,-10,11,10,-4,-5,sil
22.762831926345825,-7,-1,-3,-8,-8,-15,-16,0,-9,-17,-1,-1,-9,-11,sil
22.762831926345825,1,-8,-5,3,-9,0,3,1,-2,3,-3,-4,3,-4,sil
22.778053045272827,0,-3,3,10,-2,10,20,10,12,21,5,5,13,7,sil
22.778053045272827,-8,-3,-4,4,9,19,27,10,24,18,7,4,14,12,sil
22.79414319992065,-8,-11,-12,-3,10,16,24,2,9,11,-2,-7,9,3,sil
22.79414319992065,-9,-8,-13,-7,0,2,18,0,-14,2,-17,-17,1,-9,sil
22.81022381782532,-10,4,-4,1,1,0,13,-1,-10,-7,-17,-9,2,-5,sil
22.81022381782532,5,5,12,7,6,10,14,-1,10,-1,-2,5,15,12,sil
22.82642126083374,12,-5,2,0,-2,5,7,-1,10,10,-1,-3,13,12,sil
22.82642126083374,0,-5,-8,0,-5,-1,-6,-2,0,2,-12,-19,0,0,sil
22.84179210662841,0,0,-4,4,0,1,-10,-2,3,-7,-6,-10,0,0,sil
22.84179210662841,4,-8,5,-2,0,0,-7,-1,3,-7,0,1,8,3,sil
22.85737705230713,-1,-9,7,-9,-3,-6,-13,-1,-5,-10,-11,-6,-2,-3,sil
22.85737705230713,-15,-8,-12,-8,-4,-6,-19,-6,-16,-25,-28,-23,-24,-20,sil
22.872875690460205,-25,-18,-26,-18,-10,-6,-17,-6,-35,-38,-33,-28,-38,-32,sil
22.872875690460205,-20,-10,-13,-12,-9,-2,-8,-1,-27,-20,-13,-14,-30,-21,sil
22.88807725906372,-4,11,1,5,0,0,-1,0,0,7,10,1,-14,-3,sil
22.88807725906372,1,18,11,9,3,-3,0,2,1,6,15,11,-18,-3,sil
22.90411067008972,6,13,5,11,0,0,3,4,-4,0,15,10,-22,-1,sil
22.90411067008972,20,16,12,9,1,5,7,3,13,12,20,13,-9,17,sil
22.919813632965088,27,21,23,5,8,6,5,6,33,30,28,23,-4,34,sil
22.919813632965088,18,13,5,8,4,-2,0,2,21,21,27,22,-8,25,sil
22.93590188026428,4,0,-3,2,-7,-12,-3,0,-2,1,15,14,7,3,sil
22.93590188026428,0,-1,0,-5,0,-6,-1,0,-3,10,15,12,35,-1,sil
22.95106029510498,-1,-1,-3,-4,12,3,-3,0,0,17,21,8,36,5,sil
22.95106029510498,-1,0,-1,-5,5,4,-7,-6,-11,-2,14,3,29,0,sil
22.96693086624145,4,5,3,1,0,1,2,-5,-6,-4,4,9,33,-4,sil
22.96693086624145,5,0,2,11,3,0,8,6,13,4,-11,6,20,0,sil
23.933852910995483,13,4,5,3,11,6,10,5,24,13,20,20,21,16,sil
23.933852910995483,17,3,2,-6,0,-3,1,0,6,1,14,18,18,10,sil
23.933852910995483,22,3,2,-6,-2,-18,-11,-1,-9,-10,12,25,8,9,sil
23.95000910758972,12,2,1,-18,-10,-25,-15,-1,-19,-21,17,21,0,0,sil
23.95000910758972,6,0,-2,-23,-16,-18,-14,-3,-22,-31,3,0,-10,-9,sil
23.964157819747925,14,5,0,-7,0,-11,-17,-3,-20,-37,-7,2,-8,-6,sil
23.979644298553467,9,13,8,0,6,-11,-23,-8,-27,-36,5,12,-5,-11,sil
23.979644298553467,2,13,3,2,2,-7,-15,-10,-30,-18,10,-3,-10,-14,sil
23.99532461166382,20,19,23,26,6,5,-3,0,-9,2,6,-7,-7,4,sil
23.99532461166382,29,31,37,42,16,10,0,1,4,9,12,12,0,14,sil
24.010812520980835,-6,13,4,20,11,3,-4,-5,-13,-4,-5,0,-18,-5,sil
24.010812520980835,-35,-10,-15,0,-4,6,1,-2,-21,-6,-31,-30,-32,-14,sil
24.02724528312683,-22,-6,-7,13,-5,20,18,3,9,16,-15,-23,-8,2,sil
24.02724528312683,-17,0,-6,16,4,22,25,3,15,21,-17,-13,-7,-1,sil
24.042859077453613,-32,-11,-17,-4,0,11,16,0,0,7,-34,-26,-32,-22,sil
24.042859077453613,-26,-19,-20,-10,-3,6,10,0,7,15,-5,-22,-19,-8,sil
24.057812690734863,-7,-12,-7,-2,3,7,9,1,7,22,16,-2,6,11,sil
24.057812690734863,-2,-8,-9,0,3,1,5,-1,-17,5,-4,-1,0,0,sil
24.07356333732605,-3,-6,-7,1,-6,-3,-1,-3,-20,-6,-14,-8,-13,-12,sil
24.07356333732605,-2,-6,-5,-4,-9,0,-5,3,6,1,-5,-6,-1,-1,sil
24.08850407600403,0,-9,-5,-16,-2,2,2,9,27,9,-4,-5,9,6,sil
24.08850407600403,0,-2,5,-13,0,7,8,11,30,4,-1,1,11,4,sil
24.10416030883789,0,3,0,-2,-1,6,4,2,21,2,7,4,17,2,sil
24.10416030883789,-7,-5,-9,-8,-5,-14,-2,-5,11,4,7,1,16,1,sil
24.12520933151245,0,-9,-2,-10,-3,-18,-7,0,12,1,5,8,14,1,sil
24.12520933151245,18,7,8,5,5,1,-2,2,21,4,19,25,34,13,sil
24.12520933151245,27,16,24,19,7,4,4,0,24,14,26,33,50,29,sil
24.13410186767578,15,0,8,6,-3,-9,-1,1,15,11,6,18,35,21,sil
24.149906396865845,5,-15,-8,-14,-10,-16,-9,3,-2,-3,-7,3,14,0,sil
24.149906396865845,9,-4,6,-8,-1,-8,0,0,-8,0,8,8,14,1,sil
24.16598129272461,7,2,6,5,0,0,-1,-9,-10,-1,9,1,13,4,sil
24.16598129272461,-3,-10,-3,-17,-7,-1,-20,-11,-35,-28,-17,-14,-9,-9,sil
24.18137192726136,-4,-15,-7,-29,-8,-3,-12,-4,-42,-36,-18,-14,-18,-17,sil
24.18137192726136,3,0,-2,-7,-3,0,4,-1,-10,-15,0,-8,-4,-10,sil
24.197072505950928,6,14,6,-1,2,5,1,3,8,1,3,-1,5,-5,sil
24.19748830795288,11,17,4,-4,9,2,3,5,-2,0,4,8,8,0,sil
24.212234258651733,10,19,6,5,10,-7,2,0,-16,-8,7,10,0,-4,sil
24.212234258651733,-5,14,1,3,3,-17,-14,-7,-22,-7,3,0,-15,-17,sil
24.22785449028015,-11,10,0,1,1,-12,-19,-11,-21,0,5,-1,-18,-14,sil
24.22785449028015,5,23,11,15,8,0,-5,-5,-11,-5,7,7,-22,0,sil
24.243483543396,10,25,7,23,8,-1,-2,0,-6,-12,6,5,-39,2,sil
24.243483543396,-7,9,3,22,4,0,-6,2,-8,-5,3,-1,-59,-2,sil
24.259413480758667,-15,0,1,29,12,20,8,6,2,4,-1,-7,-70,0,sil
24.259413480758667,-2,1,0,28,16,28,22,6,22,14,-5,-6,-63,4,sil
24.275203227996823,1,-1,3,19,0,20,17,5,27,18,-2,-1,-72,9,sil
24.275203227996823,-8,-9,-2,14,-5,14,12,6,23,14,-5,-6,-108,4,sil
24.29086303710937,-16,-18,-8,1,2,6,15,3,13,8,-11,-10,-54,-1,sil
24.29086303710937,-10,-20,-12,-10,-2,0,12,-2,3,8,-5,-3,103,5,sil
24.3070228099823,0,-13,-7,-7,-8,0,9,0,6,12,0,2,170,14,sil
24.3070228099823,0,-13,1,-5,-1,0,8,5,15,13,-6,2,107,9,sil
24.322335243225098,-17,-26,-14,-23,-8,-2,5,0,12,8,-9,-5,66,0,sil
24.322335243225098,-18,-32,-22,-38,-21,-2,0,-1,1,0,-11,-10,59,-6,sil
24.33787083625793,1,-13,-6,-28,-11,1,0,3,5,0,-10,-6,36,-1,sil
24.33787083625793,11,-2,-3,-17,-5,-4,4,0,9,5,-4,-5,17,9,sil
24.353243589401245,3,-8,0,-16,-11,-8,0,-3,2,8,-7,-5,5,7,sil
24.353243589401245,2,-7,1,-3,-7,-2,-9,-3,0,3,-9,-3,-4,0,sil
24.36922574043274,1,0,-1,-2,-3,-8,-13,-2,-1,-10,-3,0,-6,-4,sil
24.36922574043274,-5,-1,-7,-21,-7,-19,-19,-3,-12,-20,-1,-3,-15,-12,sil
24.384363651275635,0,3,-5,-10,0,-14,-28,-2,-14,-16,2,-4,-19,-12,sil
24.384363651275635,13,25,12,9,6,-8,-27,0,-8,-11,18,14,-8,0,sil
24.400253534317017,15,29,14,5,2,-10,-12,-1,-12,-14,18,24,-8,1,sil
24.400253534317017,10,14,14,4,5,-6,-3,-6,-19,-16,9,9,-24,-1,sil
24.416120290756226,9,11,19,13,5,-4,-8,-7,-12,-12,17,3,-29,-5,sil
24.416120290756226,6,15,7,7,1,-10,-11,-9,-14,-13,26,13,-25,-14,sil
24.43120551109314,6,25,8,11,13,-5,-9,-2,-26,-20,22,20,-18,-11,sil
24.43120551109314,15,31,15,33,23,6,0,6,-16,-12,20,14,-13,0,sil
24.446374654769897,13,17,10,31,14,11,10,5,2,6,11,1,-19,0,sil
24.446374654769897,-1,1,2,12,10,18,18,9,6,20,0,0,-14,2,sil
24.461941957473755,-5,0,0,13,16,25,21,12,14,25,5,7,9,18,sil
24.461941957473755,2,1,3,21,14,28,29,13,33,29,0,-2,11,21,sil
24.47786235809326,0,-5,-2,18,1,28,38,13,36,32,-22,-21,-5,13,sil
24.49395179748535,-10,-22,-14,0,-9,15,27,3,12,22,-33,-17,-8,11,sil
24.49395179748535,-19,-34,-20,-23,-15,3,8,-10,-9,3,-28,-9,-4,3,sil
24.49395179748535,-26,-37,-30,-38,-21,-3,0,-14,-8,-9,-35,-26,-12,-10,sil
24.509068489074707,-22,-32,-13,-35,-21,-11,-6,-3,0,-16,-41,-24,-11,-11,sil
24.509068489074707,0,-11,6,-10,-8,-7,-3,1,11,-3,-7,1,13,8,sil
24.52409863471985,12,2,4,3,-4,-9,0,-1,15,9,20,12,26,13,sil
24.52409863471985,-4,-1,-4,-4,-11,-21,-11,-3,4,1,9,0,13,-8,sil
24.540222644805908,-13,-1,-9,-5,-5,-17,-19,-4,1,-1,5,0,18,-17,sil
24.5572407245636,0,11,3,7,6,-2,-14,0,2,5,17,6,25,-5,sil
24.5572407245636,6,15,11,11,10,-1,-4,0,-5,-10,5,-1,4,-6,sil
24.5572407245636,0,4,-1,4,5,-5,-5,-6,-17,-30,-12,-10,-11,-17,sil
24.57283592224121,-7,-3,-3,-3,-6,-9,-19,-9,-19,-22,-8,-1,-5,-22,sil
24.57283592224121,0,-4,1,-7,-9,-8,-15,-2,-11,0,5,8,0,-10,sil
24.58699083328247,13,6,8,0,0,0,4,1,-5,3,7,12,3,9,sil
24.60226345062256,16,22,13,12,5,3,3,3,-3,-2,14,17,14,19,sil
24.60226345062256,12,13,6,-9,4,-2,-4,6,0,-2,28,18,19,17,sil
24.61837363243103,8,-6,0,-49,-2,-4,0,9,5,3,22,7,11,16,sil
24.61837363243103,0,-5,-6,-27,-8,7,11,4,8,10,4,0,0,14,sil
24.63397026062012,2,6,0,16,0,17,14,4,8,5,-1,1,-8,8,sil
24.63397026062012,7,6,2,14,9,11,12,2,0,-12,-9,0,-17,0,sil
24.64903688430786,-3,0,-5,4,3,-3,-1,-7,-14,-25,-26,-12,-24,-9,sil
24.64903688430786,-11,0,4,11,0,-6,-14,-3,-14,-19,-23,-11,-23,-15,sil
24.66405320167541,3,3,8,13,6,4,-5,6,3,-1,0,-1,-8,-9,sil
24.66405320167541,7,2,0,14,12,11,3,6,16,13,9,0,0,0,sil
24.679362058639526,-13,-6,-8,11,9,12,0,1,12,29,6,-9,2,2,sil
24.679362058639526,-25,-14,-17,0,0,7,-1,-6,0,32,0,-19,1,-6,sil
24.694895029068,-16,-10,-11,-6,0,2,1,-7,-14,10,-9,-20,-9,-15,sil
24.694895029068,-14,-8,-7,-2,1,0,1,-4,-20,-9,-15,-16,-19,-16,sil
24.710088968276978,-8,-10,2,0,0,-1,0,-9,-14,-10,-11,-6,-9,-7,sil
24.710088968276978,5,-4,3,1,0,-8,0,-6,1,0,-5,1,4,4,sil
24.7261860370636,6,-6,-11,-6,-4,-17,2,2,10,4,-4,-3,9,4,sil
24.7261860370636,2,-3,2,-7,-11,-9,9,5,15,14,0,0,11,6,sil
24.74204111099243,19,15,17,7,-4,3,14,6,30,33,14,28,27,23,sil
24.74204111099243,36,18,14,8,0,-4,5,7,33,31,29,47,36,32,sil
24.758134841918945,32,12,22,-2,-4,-13,-4,5,12,-5,31,39,23,17,sil
24.758134841918945,19,21,26,5,0,-10,-9,4,-4,-30,28,20,6,0,sil
24.774158716201782,4,28,23,18,0,-9,-14,1,-14,-24,15,8,-3,-6,sil
24.774158716201782,-7,13,3,11,-4,0,-9,-10,-28,-20,-5,-2,-18,-12,sil
24.78981328010559,-16,-2,-9,0,-2,12,0,-13,-27,-25,-19,-14,-26,-17,sil
24.78981328010559,-14,-2,0,12,6,24,7,1,-4,-9,-5,-10,-8,-7,sil
24.8048951625824,-6,2,-3,23,10,26,14,3,11,14,5,-5,8,8,sil
24.8048951625824,-12,-7,-17,-3,6,19,12,-3,0,6,-11,-7,-5,8,sil
24.820087671279907,-21,-22,-24,-26,-2,8,1,-6,-9,-11,-21,-12,-18,0,sil
24.820087671279907,-16,-20,-19,-11,-11,0,0,0,3,-2,-11,-10,-5,-2,sil
24.836116552352905,-7,-16,-6,-2,-4,-4,9,13,18,12,-11,-4,2,-2,sil
24.836116552352905,-4,-20,-12,-16,6,-1,11,10,19,10,-15,-9,0,0,sil
24.85185980796814,-11,-23,-11,-27,-4,-7,-8,-3,2,-5,-16,-13,0,-3,sil
24.85185980796814,-9,-11,-3,-21,-19,-23,-25,-7,-15,-10,-13,-4,0,-7,sil
24.86785387992859,10,5,2,-5,-4,-25,-16,-3,-9,2,5,7,4,0,sil
24.86785387992859,20,4,2,-4,3,-15,-13,0,0,0,8,7,2,4,sil
24.88296842575073,9,-5,-8,-16,-2,-15,-19,1,-3,-11,-5,-2,0,-5,sil
24.88296842575073,7,2,-3,-13,0,-8,-8,2,-3,-4,0,-9,0,-9,sil
24.89905619621277,7,11,1,-7,7,4,0,1,-1,0,7,-11,0,-6,sil
24.89905619621277,0,3,-12,-11,6,0,-5,-6,-11,-4,1,-9,-3,-12,sil
24.91508936882019,0,10,0,4,12,0,0,-2,-6,6,6,0,5,-9,sil
24.91508936882019,4,20,18,23,11,20,16,3,11,19,17,-3,10,4,sil
24.930281400680546,-2,7,12,0,-2,12,6,0,2,0,8,-11,-9,0,sil
24.930281400680546,-11,4,6,-7,-6,-3,-8,-6,-22,-18,-3,-10,-26,-18,sil
24.94631838798523,-9,17,11,23,2,8,1,-5,-15,-8,-2,0,-15,-8,sil
24.94631838798523,0,18,25,39,19,26,22,4,8,12,9,16,4,17,sil
24.96198081970215,11,6,17,40,23,26,33,10,18,27,19,23,14,28,goodbye
24.96198081970215,9,0,8,40,4,20,32,5,11,24,8,21,8,25,goodbye
24.97712230682373,5,0,10,29,-10,18,25,4,15,16,-1,21,5,25,goodbye
24.97712230682373,10,-2,2,16,-8,7,15,5,26,19,0,17,11,24,goodbye
24.992231130599976,7,-9,-7,4,-9,-8,1,0,22,19,0,7,9,15,goodbye
24.992231130599976,-4,-22,-20,-12,-14,-12,-8,-5,10,4,-8,1,5,2,goodbye
25.00787925720215,-13,-27,-19,-24,-17,-15,-18,-5,-1,-15,-11,1,0,-10,goodbye
25.00787925720215,-15,-22,-16,-33,-19,-29,-27,-2,-15,-24,-6,-2,-4,-18,goodbye
25.02391290664673,-8,-16,-23,-40,-17,-35,-26,-5,-15,-19,1,-3,0,-17,goodbye
25.02391290664673,2,-5,-6,-31,-7,-22,-21,-1,-7,-18,5,4,9,-8,goodbye
25.03909063339233,9,5,5,-11,1,-12,-17,0,-3,-18,9,8,11,-4,goodbye
25.03909063339233,13,14,9,0,8,-11,-14,-2,-1,-7,15,4,12,-5,goodbye
25.05467414855957,17,24,17,0,11,-4,-7,0,-1,0,17,2,9,-5,goodbye
25.05467414855957,6,21,5,-1,8,-1,-4,0,-13,-10,8,-9,-1,-7,goodbye
25.07038807868957,-9,12,-2,2,5,-2,-9,-3,-24,-23,-7,-23,-17,-13,goodbye
25.07038807868957,-13,18,3,14,9,6,-6,-4,-20,-18,-16,-22,-22,-13,goodbye
25.08600497245789,-3,14,8,13,17,20,10,3,-8,-4,-12,-8,-19,-3,goodbye
25.08600497245789,0,0,11,6,17,25,22,8,-4,10,-7,-2,-13,3,goodbye
25.101236820220947,-5,-7,2,7,4,18,15,0,-6,16,-13,-15,-11,2,goodbye
25.101236820220947,-12,-7,-3,4,-2,18,11,0,1,14,-20,-19,-11,2,goodbye
25.1170551776886,-6,-10,-7,0,-1,24,22,8,15,18,-15,-8,-3,8,goodbye
25.1170551776886,0,-8,-12,1,-3,12,23,0,12,17,-11,-4,0,12,goodbye
25.13279962539673,-8,-13,-14,-6,-11,0,12,-2,6,3,-17,-8,-7,3,goodbye
25.13279962539673,-13,-24,-21,-17,-18,-1,4,1,13,2,-13,0,-1,-1,goodbye
25.14799118041992,6,-12,-4,-7,-12,-6,-3,3,16,12,0,19,12,10,goodbye
25.14799118041992,19,2,8,5,0,-11,-6,0,12,11,5,20,15,14,goodbye
25.16469931602478,8,-5,0,-1,1,-11,-1,-1,10,2,10,9,12,1,goodbye
25.16469931602478,6,-11,2,-10,-3,-10,1,5,17,4,24,17,20,0,goodbye
25.179150104522705,8,-5,-2,-11,1,-5,1,2,20,6,25,16,22,3,goodbye
25.179150104522705,-4,-1,-6,-14,4,-3,-9,-6,1,-12,1,-4,0,-9,goodbye
25.195311307907104,-8,6,5,-2,1,-6,-18,-3,-10,-23,4,-1,-7,-12,goodbye
25.21179819107056,0,14,9,11,5,-10,-13,0,-6,-5,27,17,2,0,goodbye
25.21179819107056,-4,9,3,3,3,-13,-17,-4,-14,0,18,11,-2,-6,goodbye
25.21179819107056,-2,4,1,5,-7,-9,-20,-5,-21,-14,7,-4,-7,-13,goodbye
25.22527575492859,8,10,10,14,-6,3,-6,-1,-18,-17,13,-1,-1,-3,goodbye
25.241930723190308,2,14,6,8,6,8,0,-2,-24,-9,2,0,-8,0,goodbye
25.241930723190308,-6,16,3,11,10,1,-3,-4,-27,-12,-10,-9,-10,-3,goodbye
25.241930723190308,3,18,20,27,9,6,6,0,-14,-1,-2,-7,2,5,goodbye
25.256065130233765,10,7,9,21,13,17,20,0,5,30,-1,-1,8,18,goodbye
25.27184581756592,-3,-8,-12,8,8,16,21,0,15,33,-21,-15,-5,10,goodbye
25.27184581756592,-14,-9,-9,6,-6,12,21,7,13,4,-33,-28,-13,-6,goodbye
25.28707194328308,-4,-4,-6,-6,-8,8,21,9,18,4,-13,-14,1,-2,goodbye
25.28707194328308,9,-3,-3,-26,-4,0,14,5,23,18,10,12,17,12,goodbye
25.30317974090576,6,-8,-8,-22,-10,-6,4,0,15,5,6,13,16,14,goodbye
25.30317974090576,-8,-19,-12,-22,-14,-10,-3,1,9,2,-14,-1,5,2,goodbye
25.31886577606201,-11,-16,-6,-32,-5,-4,-6,6,8,5,-15,-3,0,-1,goodbye
25.31886577606201,6,3,6,-9,3,-2,-10,2,3,-9,4,13,2,0,goodbye
25.334408044815063,16,6,16,11,2,-13,-26,-6,-1,-20,10,21,-3,0,goodbye
25.334408044815063,2,-7,-6,0,-7,-17,-35,-16,-8,-19,-6,4,-15,-10,goodbye
25.34963750839233,-2,-5,-10,-8,-10,-10,-22,-13,-8,-18,0,2,-5,-4,goodbye
25.34963750839233,8,9,10,2,0,-5,-5,2,3,-9,28,16,12,6,goodbye
25.36609435081482,8,10,3,6,0,-10,-5,0,-9,-14,17,3,0,-7,goodbye
25.36609435081482,-2,4,-1,5,-4,-11,-10,-8,-40,-35,-8,-10,-25,-28,goodbye
25.38196516036988,-3,8,7,12,8,3,0,-4,-35,-21,0,-4,-25,-22,goodbye
25.38196516036988,1,18,13,26,27,19,6,0,-20,4,7,-8,-16,-7,goodbye
25.39704942703247,0,14,11,37,27,23,9,2,-19,11,-7,-15,-11,-4,goodbye
25.39704942703247,-13,-3,-3,22,12,22,20,4,-5,20,-14,-13,0,-3,goodbye
25.41235041618347,-19,-16,-9,-5,-5,20,27,8,15,24,-9,-11,5,6,goodbye
25.41235041618347,-6,-13,-8,-11,-9,8,26,11,24,16,-12,-12,0,14,goodbye
25.42704749107361,-4,-13,-15,-12,-1,-2,23,11,29,16,-13,-6,6,10,goodbye
25.42704749107361,-15,-20,-14,-28,-3,0,14,9,28,24,0,3,19,10,goodbye
25.442227602005005,-3,-16,-8,-25,-2,3,8,3,28,25,11,10,25,18,goodbye
25.442227602005005,8,-4,0,-9,2,-1,4,0,29,13,4,8,16,12,goodbye
25.457621812820435,0,-2,-5,-13,-5,-13,-6,-3,19,-1,0,-1,8,-1,goodbye
25.457621812820435,-3,-2,-9,-15,-13,-17,-16,-8,1,-9,8,1,7,-1,goodbye
25.47315692901612,6,2,9,-2,-5,-5,-13,-4,-3,-7,12,14,3,3,goodbye
25.47315692901612,14,8,11,9,-8,4,-5,-4,0,4,13,20,9,4,goodbye
25.4891004562378,18,15,9,16,-8,-2,-8,-8,-3,10,19,21,19,10,goodbye
25.4891004562378,17,17,10,13,0,-8,-15,-4,-10,-1,18,15,13,9,goodbye
25.504493951797485,8,7,5,3,-11,-6,-16,-1,-14,-16,6,1,-4,-5,goodbye
25.504493951797485,7,11,11,13,-15,-6,-17,-1,-16,-17,-8,-5,-19,-11,goodbye
25.52036476135254,13,24,13,27,15,-1,-9,1,-14,-12,-19,-9,-22,0,goodbye
25.52036476135254,5,16,5,10,25,1,-1,0,-17,-17,-14,-17,-16,-4,goodbye
25.536378383636475,-13,0,-6,-9,4,0,-1,-8,-25,-30,0,-11,-13,-19,goodbye
25.536378383636475,-15,2,-6,1,13,1,3,-1,-20,-24,0,-3,-15,-13,goodbye
25.55224013328552,0,9,7,15,23,11,12,11,-2,-2,-3,0,-8,2,goodbye
25.55224013328552,-1,-2,0,2,-5,6,12,7,8,13,4,-1,3,9,goodbye
25.56785798072815,-19,-21,-11,-11,-16,-1,6,3,10,19,5,-4,0,6,goodbye
25.56785798072815,-14,-22,-11,-5,5,6,13,4,12,15,-18,-13,-11,-3,goodbye
25.583370208740234,-3,-23,-14,-14,0,11,11,-5,8,-1,-33,-18,-15,-10,goodbye
25.583370208740234,-9,-29,-6,-32,-21,-4,-2,-6,2,-9,-20,-4,-8,-5,goodbye
25.59903621673584,-9,-16,-9,-21,-16,-17,-6,5,11,0,-4,9,6,0,goodbye
25.59903621673584,9,4,-5,-8,-1,-15,-8,3,11,-2,4,17,17,0,goodbye
25.614057302474976,19,14,15,-7,1,-10,-20,-5,-7,-15,15,18,13,-6,sil
25.614057302474976,3,12,12,7,0,-4,-16,-7,-13,-7,19,6,2,-12,sil
25.630059719085693,-14,8,0,14,5,7,4,-1,-7,11,6,-7,-6,-11,sil
25.630059719085693,-9,1,-2,10,16,16,18,0,-5,18,-3,-10,-5,-1,sil
25.64612317085266,0,-3,4,13,14,13,21,1,-1,17,-2,-4,1,11,sil
25.64612317085266,0,-6,4,6,0,14,21,5,6,23,-5,-4,6,16,sil
25.662220001220703,0,-9,-8,-7,-7,15,15,0,16,23,-5,-8,13,11,sil
25.662220001220703,9,-5,-2,-9,-9,1,-1,1,22,14,4,2,17,10,sil
25.677963733673096,8,2,2,-4,-6,-11,-17,6,14,2,13,15,10,7,sil
25.677963733673096,3,5,-5,0,1,-10,-17,0,-7,-13,14,8,0,-1,sil
25.69307231903076,6,4,-3,-1,0,-4,-8,-6,-12,-19,14,9,0,-2,sil
25.69307231903076,12,11,4,1,-4,-8,-7,-2,0,-5,18,20,13,7,sil
25.70913410186768,11,24,16,19,4,-6,-8,6,7,6,24,21,18,9,sil
25.70913410186768,3,26,8,33,13,3,6,6,4,2,10,0,0,0,sil
25.725223779678345,0,15,-4,22,6,3,11,-3,-8,-19,-28,-17,-22,-11,sil
25.725223779678345,4,15,10,20,6,4,0,-5,-22,-28,-27,-6,-21,-10,sil
25.740901708602905,2,6,13,25,11,12,2,0,-13,-3,8,3,-6,2,sil
25.740901708602905,-13,-24,-4,-1,-1,10,10,-1,-1,3,-4,-16,-17,0,sil
25.75705933570861,-22,-38,-21,-32,-21,4,9,-3,5,-6,-43,-33,-26,-1,sil
25.75705933570861,-12,-31,-21,-32,-20,1,5,2,21,4,-29,-20,0,9,sil
25.773054838180546,-1,-23,-8,-26,-12,-3,0,7,23,17,-5,-4,17,9,sil
25.773054838180546,0,-11,-8,-22,-11,-13,-9,-1,1,0,-8,-1,3,0,sil
25.788159608840942,-3,-2,-5,-15,-5,-21,-13,-5,-11,-16,-8,0,-7,-5,sil
25.788159608840942,-3,-4,-4,-14,6,-12,-7,3,3,-1,7,1,9,-8,sil
25.80425286293029,0,-1,-4,-14,6,-3,-1,6,10,17,18,4,18,-8,sil
25.80425286293029,-1,5,3,-5,0,-11,-12,-1,-11,1,8,3,-1,-9,sil
25.81982374191284,-1,12,5,2,0,-12,-18,-11,-22,-12,6,3,-5,-9,sil
25.81982374191284,10,18,17,1,9,4,-1,-6,-8,1,27,16,13,0,sil
25.83489871025085,15,16,15,2,10,9,8,0,-8,0,29,22,9,0,sil
25.83489871025085,2,9,-3,10,5,-4,-2,-3,-21,-16,0,4,-14,-14,sil
25.85002636909485,-5,11,3,7,1,-6,-14,0,-16,-10,-4,1,-18,-10,sil
25.85002636909485,0,16,13,6,1,5,-8,3,-2,3,21,13,0,1,sil
25.865293502807617,4,16,13,18,4,10,5,0,0,2,17,10,2,3,sil
25.865293502807617,5,7,11,28,3,8,13,5,1,-2,-11,-1,-5,8,sil
25.88124132156372,5,-6,4,23,3,13,14,8,6,3,-16,-4,0,18,sil
25.88124132156372,2,-3,9,20,6,19,16,0,9,18,0,2,9,19,sil
25.896780490875244,-3,-1,3,16,1,14,21,-5,11,24,7,0,8,12,sil
25.896780490875244,-14,-17,-15,0,-4,13,21,0,16,10,-15,-15,-3,0,sil
25.912271976470947,-9,-18,-16,-6,0,15,18,8,24,3,-33,-20,-8,-3,sil
25.912271976470947,8,-4,-9,7,1,4,14,6,28,17,-8,-1,8,10,sil
25.92883849143982,13,-5,-4,6,-7,-9,1,2,23,17,9,14,23,18,sil
25.92983913421631,3,-14,-12,-6,-15,-9,-5,1,14,0,-1,7,17,5,sil
25.94386005401612,0,-12,-11,-18,-9,-9,-4,0,4,-6,-1,0,5,-4,sil
25.94386005401612,3,-6,0,-21,0,-12,-6,-3,-4,-6,7,3,6,1,sil
25.95997738838196,-2,-9,-11,-19,0,-17,-18,-4,-13,-19,-7,-9,0,-3,sil
25.95997738838196,-14,-9,-16,-28,-6,-20,-31,-3,-21,-38,-32,-28,-28,-27,sil
25.97511053085327,-17,-2,-9,-34,-10,-15,-31,-5,-25,-37,-20,-23,-28,-31,sil
25.97511053085327,0,6,3,-17,-12,-10,-27,-10,-25,-14,11,-1,0,-10,sil
25.990743398666385,14,15,9,-3,-2,-7,-21,-7,-24,0,8,3,1,-6,sil
25.990743398666385,0,14,-6,-11,8,0,-8,-4,-19,-5,-9,-10,-20,-21,sil
26.00591254234314,-17,5,-8,-18,3,0,-2,-2,-12,-11,0,-10,-15,-20,sil
26.02246189117432,-8,6,2,-1,0,0,0,1,0,0,18,0,8,-1,sil
26.02246189117432,0,9,5,11,5,6,5,3,2,15,19,2,8,10,sil
26.02246189117432,-9,6,10,12,10,15,8,0,-7,11,5,0,-10,0,sil
26.037012815475464,0,14,18,27,22,16,16,1,-6,4,2,6,-8,-1,sil
26.05228805541992,20,22,32,46,27,22,31,14,7,24,20,17,9,20,sil
26.05228805541992,8,2,17,31,12,28,35,11,13,37,15,8,7,29,sil
26.06838846206665,-11,-17,-7,7,0,12,25,0,17,22,-12,0,-3,16,sil
26.06838846206665,6,-5,3,13,0,-3,16,5,27,8,-7,14,5,16,sil
26.084492206573486,24,2,11,21,0,1,12,2,25,6,1,18,8,17,sil
26.084492206573486,4,-16,0,-3,-8,1,3,-5,14,2,-13,1,-3,7,sil
26.099608182907104,-8,-23,-10,-17,-12,-8,-2,3,17,3,-4,2,5,3,sil
26.099608182907104,4,-4,-7,1,-2,-12,-7,6,16,-1,12,8,19,0,sil
26.11448621749878,7,4,3,4,0,-18,-18,-4,2,-12,1,8,10,0,sil
26.11448621749878,0,-6,-3,-16,-20,-25,-24,-5,-1,-13,4,9,7,1,sil
26.129903316497803,0,-8,-8,-23,-17,-14,-16,-1,-6,-13,13,11,10,-4,sil
26.129903316497803,6,2,-6,-18,3,0,-6,-3,-6,-12,8,7,10,-9,sil
26.145342350006104,7,5,-7,-16,-4,-7,-10,-3,2,-6,10,4,7,-4,sil
26.145342350006104,0,4,2,-4,-19,-10,-18,-6,-2,-14,5,-1,-6,-13,sil
26.16048383712769,-6,10,-3,10,-1,0,-12,-5,-15,-18,-14,-14,-16,-22,sil
26.16048383712769,-6,13,-7,7,12,4,0,2,-15,-3,-18,-15,-7,-12,sil
26.17613673210144,0,11,9,5,6,6,7,2,-6,10,0,-3,1,0,sil
26.17613673210144,3,4,8,5,6,16,12,1,-1,13,12,-2,4,6,sil
26.192254304885864,-8,0,-4,-2,9,18,10,7,-7,-1,-2,-16,-4,-6,sil
26.192254304885864,-16,-1,-13,-1,3,9,6,-1,-24,-21,-31,-28,-24,-20,sil
26.20804333686829,-9,-7,-10,0,3,5,4,-12,-24,-13,-32,-21,-28,-10,sil
26.20804333686829,-7,-9,-3,-4,4,7,2,0,-15,11,-13,-8,-12,0,sil
26.22354984283448,-14,-4,0,3,1,2,1,0,-20,9,-14,-17,-10,-9,sil
26.22354984283448,-3,2,11,16,5,6,8,-7,-14,-2,-17,-17,-12,-1,sil
26.23961186408997,12,2,5,10,10,17,16,4,18,14,5,4,11,23,sil
26.23961186408997,3,-7,-3,-3,3,3,9,10,30,26,13,6,19,20,sil
26.255168676376343,-10,-17,0,-13,-6,-21,-9,-2,13,3,2,0,1,5,sil
26.255168676376343,0,-14,-2,-19,-12,-27,-21,-2,16,-6,10,12,6,14,sil
26.27089810371399,14,-1,0,-22,-13,-19,-13,14,33,9,21,29,26,19,sil
26.27089810371399,7,0,-2,-16,-8,-18,-11,8,23,13,20,20,24,1,sil
26.286158084869385,4,-6,-6,-14,-8,-21,-24,-7,-6,-10,17,10,4,-8,sil
26.286158084869385,12,2,3,-8,-8,-5,-21,-6,-22,-25,11,15,-5,-4,sil
26.30118012428284,5,18,7,16,0,9,-3,-4,-16,-9,8,8,-5,-4,sil
26.30118012428284,-9,11,7,26,3,10,2,-4,-5,3,9,-6,-11,-12,sil
26.317339658737183,-10,3,3,8,4,18,16,4,12,3,5,-9,-11,-11,sil
26.317339658737183,-5,8,-7,10,7,25,32,7,16,2,-7,-2,-5,0,sil
26.332390308380127,-4,5,-5,27,11,16,30,4,0,2,-15,-1,-14,4,sil
26.332390308380127,0,-2,0,23,16,19,30,4,2,7,-2,0,-10,3,sil
26.34801387786865,4,0,2,10,15,23,27,5,15,10,-1,0,6,5,sil
26.34801387786865,-3,-2,-7,0,0,2,7,1,2,0,-24,-13,0,3,sil
26.364124298095703,-5,-12,-11,-16,-8,-14,-7,-3,-6,-1,-21,-12,0,0,sil
26.364124298095703,10,-1,8,-13,-1,-11,-13,-3,2,9,10,9,22,6,sil
26.37976551055908,22,12,11,2,3,-14,-15,-3,10,0,10,17,24,11,sil
26.37976551055908,20,12,8,1,-1,-30,-17,-5,3,-15,-2,14,6,0,sil
26.396464347839355,12,13,14,-1,-4,-27,-27,-6,-13,-12,13,20,9,-13,sil
26.396464347839355,1,13,15,1,-5,-11,-31,-2,-26,-12,26,15,11,-10,sil
26.412096738815308,-5,6,19,2,-6,0,-15,0,-25,-20,4,1,-9,-2,sil
26.412096738815308,-13,0,4,2,-7,6,0,-4,-27,-19,-20,-18,-27,-11,sil
26.42804980278015,-26,-11,-13,-7,-8,6,2,-7,-29,-9,-26,-28,-26,-15,sil
26.42804980278015,-25,-26,-12,-13,-6,8,7,1,-5,12,-12,-15,-8,7,sil
26.44373345375061,-2,-19,-6,-5,-1,10,10,5,22,32,-1,-7,3,24,sil
26.44373345375061,3,-11,-10,-11,-1,10,6,6,24,25,-11,-20,0,8,sil
26.4592227935791,-11,-20,-27,-21,-2,4,2,4,11,4,-16,-26,-3,-7,sil
26.4592227935791,-2,-11,-16,-6,2,-3,6,2,14,1,2,-4,9,0,sil
26.474820852279663,23,9,11,4,5,0,8,11,37,20,31,25,29,12,sil
26.474820852279663,21,4,2,-1,-2,-1,-2,10,34,19,36,32,30,7,sil
26.490147829055783,0,0,-10,-3,-6,-12,-15,-3,-9,-19,4,8,-1,-9,sil
26.490147829055783,0,13,-2,5,8,0,-3,-12,-30,-38,-14,-7,-26,-15,sil
26.50528383255005,5,18,7,9,21,11,6,-6,-16,-21,0,3,-17,-11,sil
26.50528383255005,-2,13,9,7,12,0,0,-2,-15,-13,9,10,-4,-11,sil
26.521197080612183,-5,15,5,13,6,0,3,-4,-15,-3,8,0,-2,-4,sil
26.521197080612183,-1,14,11,22,12,17,16,3,0,17,10,-5,0,5,sil
26.53768825531006,-9,0,1,16,6,12,12,6,6,19,-5,-9,-1,2,sil
26.53768825531006,-19,-14,-10,0,-4,0,7,-4,0,11,-23,-15,-8,-3,sil
26.55285930633545,-14,-11,0,1,-2,8,17,-2,3,18,-16,-7,-10,7,sil
26.55285930633545,1,-2,2,8,0,7,22,8,17,22,-8,0,-3,20,sil
26.568816900253296,12,-5,4,-6,-10,-6,10,6,21,12,0,9,9,20,sil
26.568816900253296,6,-12,1,-22,-22,-15,-9,-5,5,-2,4,11,8,7,sil
26.584063053131104,-8,-15,-12,-22,-22,-26,-28,-11,-22,-26,-10,-6,-10,-12,sil
26.584063053131104,-10,-16,-12,-28,-16,-25,-30,-3,-26,-37,-22,-11,-9,-20,sil
26.600123405456543,6,-4,-1,-16,-5,-9,-19,1,-8,-28,-14,3,5,-7,sil
26.600123405456543,22,22,15,13,8,2,-14,5,4,-11,6,17,12,2,sil
26.61614727973938,19,31,14,17,11,6,-11,6,12,11,40,22,22,2,sil
26.61614727973938,6,13,1,0,5,-1,-12,-1,3,9,28,13,13,-8,sil
26.63217616081237,4,3,2,4,7,-4,-10,-5,-12,-17,-12,1,-11,-11,sil
26.63217616081237,8,7,8,18,11,7,2,1,1,-1,9,5,0,10,sil
26.64727187156677,2,8,14,23,12,18,11,5,9,18,29,2,8,17,sil
26.64727187156677,-7,2,5,26,15,20,7,0,-15,-4,-16,-22,-17,-6,sil
26.66287946701049,-14,-14,-12,6,4,14,9,-4,-20,-9,-32,-31,-24,-11,sil
26.66287946701049,-14,-28,-13,-21,-14,3,13,1,1,15,-1,-8,1,7,sil
26.677918195724487,-6,-22,-12,-20,-18,-3,9,6,18,25,5,6,18,13,sil
26.677918195724487,8,-7,-2,-8,-4,-3,9,5,32,26,7,11,25,14,sil
26.69309091567993,16,0,8,-7,4,-4,10,1,37,25,23,20,32,22,sil
26.69309091567993,6,5,2,-11,0,-18,-1,-1,11,4,23,17,20,8,sil
26.709126472473145,-7,13,1,-7,-6,-20,-9,-5,-20,-19,3,3,-7,-13,sil
26.709126472473145,-11,13,1,7,1,0,1,-9,-21,-23,-11,-12,-22,-18,sil
26.724313974380493,-15,3,-6,3,5,11,15,-2,-11,-10,-23,-20,-19,-11,sil
26.724313974380493,-24,-8,-13,-18,-2,4,15,1,-5,-2,-30,-24,-18,-10,sil
26.74047088623047,-16,-13,-17,-17,-4,0,4,-5,0,-9,-27,-24,-16,-16,sil
26.74047088623047,0,0,-3,-1,0,-2,-11,-1,0,-12,-9,-5,-5,-19,sil
26.75510549545288,5,14,4,4,4,-2,-17,5,-8,-5,14,8,0,-12,sil
26.77136206626892,5,11,9,14,11,10,-6,0,-10,-1,5,1,-14,-1,sil
26.77136206626892,5,0,5,22,12,22,1,1,0,8,-17,-3,-17,8,sil
26.77136206626892,11,-6,-4,5,2,8,-5,6,11,28,0,8,3,24,sil
26.78694176673889,20,0,5,-11,-3,-12,-16,1,12,22,30,21,14,23,sil
26.80246424674988,21,13,10,3,-8,-17,-19,-6,0,-5,24,15,3,0,sil
26.80246424674988,9,15,15,23,-8,-12,-12,-6,-18,-14,9,7,0,-7,sil
26.80246424674988,2,5,19,21,0,4,8,0,-11,8,12,8,10,9,sil
26.8178071975708,0,-9,-3,10,2,16,24,6,6,22,1,0,12,14,sil
26.8178071975708,-10,-21,-16,0,-7,6,12,5,6,1,-22,-13,0,0,sil
26.833971977233887,-13,-20,-10,-14,-6,-6,4,3,12,-8,-19,-7,2,0,sil
26.833971977233887,0,-9,-4,-25,-1,-10,9,4,23,-1,0,6,18,9,sil
26.848217248916622,2,-3,-4,-22,-12,-15,-4,-1,1,-14,-3,4,11,3,sil
26.8636212348938,-3,0,-5,-15,-14,-17,-21,-12,-22,-34,-6,-2,-2,-8,sil
26.8636212348938,-3,3,2,-13,0,-5,-11,-6,-20,-33,4,0,-6,-14,sil
26.878796815872192,-1,10,5,0,1,4,0,0,-18,-28,2,-1,-14,-17,sil
26.878796815872192,0,18,7,24,5,6,0,-3,-23,-24,-2,0,-16,-11,sil
26.893927574157715,7,19,14,34,25,17,9,0,-6,3,8,13,0,2,sil
26.893927574157715,6,6,3,27,31,26,21,4,16,35,9,1,6,9,sil
26.90912699699402,-11,-11,-10,6,12,15,8,3,21,35,-5,-22,-5,0,sil
26.90912699699402,-23,-17,-20,-12,-6,1,-2,1,15,20,-16,-23,-14,-10,sil
26.925217628479004,-15,-14,-21,-17,-9,-5,2,0,9,14,-24,-15,-9,-9,sil
26.925217628479004,-2,-11,-12,-18,-4,-7,7,-2,12,12,-14,-9,6,1,sil
26.940833568573,4,-8,-4,-21,-1,-5,3,4,27,16,20,9,28,13,sil
26.940833568573,10,-2,10,-33,-6,-8,-1,7,27,13,39,28,31,17,sil
26.956212043762207,9,2,8,-46,-13,-19,-14,-3,3,0,28,16,16,3,sil
26.956212043762207,5,16,2,-21,-9,-18,-30,-5,-20,-17,9,-2,-5,-15,sil
26.97182893753052,9,33,24,33,9,2,-15,1,-23,-22,7,9,-16,-8,sil
26.97182893753052,14,26,30,44,20,8,12,1,-12,-10,16,20,-3,6,sil
26.987008333206177,4,4,15,23,9,0,8,-1,-20,-5,0,1,-2,0,sil
26.987008333206177,-1,1,3,33,-1,9,-1,-6,-36,-12,-30,-15,-21,-3,sil
27.002987146377563,4,1,2,39,-5,19,10,-3,-18,-4,-21,0,-10,9,sil
27.002987146377563,6,-10,7,14,-10,10,18,10,18,15,2,17,17,16,sil
27.01809859275818,0,-19,-7,1,-5,6,14,11,27,19,-4,3,15,8,sil
27.01809859275818,-5,-14,-16,-2,3,12,9,0,18,13,-21,-15,0,4,sil
27.033732414245605,-8,-7,-14,-12,2,7,2,-3,23,19,-20,-19,-4,0,sil
27.033732414245605,-14,-11,-21,-14,0,0,-4,0,21,14,-14,-21,-6,-5,sil
27.04885983467102,-15,-18,-20,-14,2,-2,-7,-3,2,-7,-13,-20,-9,-7,sil
27.04885983467102,-11,-17,-23,-22,-5,-14,-10,-8,-2,-18,-12,-14,-5,-10,sil
27.064373254776,-6,-6,-14,-26,-12,-31,-17,-5,-8,-18,-7,-6,-9,-13,sil
27.064373254776,-1,2,1,-19,-9,-28,-19,0,-21,-20,6,0,-11,-10,sil
27.0798864364624,6,5,4,-12,-10,-21,-15,0,-19,-21,22,13,0,-5,sil
27.0798864364624,15,19,17,-3,-5,-15,-8,3,-7,-18,30,28,11,2,sil
27.09598207473755,15,29,19,6,9,-2,2,8,0,-9,28,24,16,7,sil
27.09598207473755,8,17,13,11,13,4,8,5,-1,-5,14,11,8,6,sil
27.11193895339965,3,10,12,17,12,14,11,1,-2,4,10,12,-2,3,sil
27.11193895339965,0,7,9,17,12,22,5,-1,-6,9,13,7,-3,-1,sil
27.126902103424072,-1,0,10,2,3,16,-6,-3,-17,-4,-3,-1,-6,-4,sil
27.126902103424072,0,0,2,5,0,16,1,-2,-16,-1,-18,-5,-8,-2,sil
27.14204788208008,7,3,7,19,0,23,21,0,-1,21,-5,0,3,1,sil
27.14204788208008,9,-1,10,15,-2,16,18,-3,2,23,2,0,11,9,sil
27.15722870826721,-6,-7,-9,0,-2,1,9,-3,0,5,-15,-14,-3,7,sil
27.172829151153564,-20,-10,-15,-6,-3,0,7,1,3,0,-30,-27,-18,-8,sil
27.172829151153564,-17,-15,-17,-6,-7,0,2,-1,15,8,-11,-19,-3,-11,sil
27.172829151153564,-10,-17,-12,-5,-7,-6,-3,4,26,16,2,-8,9,3,sil
27.18942642211914,-10,-9,-3,-4,0,-4,0,13,37,15,-1,-6,11,6,sil
27.20445156097412,0,-5,-13,-10,2,-3,3,6,33,12,3,-4,14,0,sil
27.20445156097412,1,-13,-6,-22,-2,-13,-6,-1,7,3,3,0,8,0,sil
27.20445156097412,-2,-16,-7,-19,-2,-15,-10,-8,-1,-7,-5,0,2,3,sil
27.22110080718994,7,0,-7,-11,-2,-14,-17,-2,-1,-15,1,13,8,7,sil
27.22110080718994,16,17,13,-6,-4,-13,-27,3,-12,-11,20,27,8,4,sil
27.236068725585938,13,15,9,4,1,-8,-13,-5,-12,-5,31,22,7,1,sil
27.236068725585938,14,13,10,6,10,-6,0,-5,-7,-15,21,20,4,3,sil
27.25161719322205,9,18,13,9,10,-6,-7,-1,-14,-22,0,14,-8,-8,sil
27.268272399902344,2,19,9,22,8,-1,-9,-5,-22,-14,-3,4,-18,-14,sil
27.268272399902344,6,17,17,22,7,11,10,1,-12,0,9,8,-7,4,sil
27.268272399902344,5,11,7,16,4,21,28,7,5,12,2,2,0,11,sil
27.282347202301025,0,10,9,23,3,20,19,6,0,4,-18,-7,-10,-3,sil
27.29886770248413,-8,7,6,30,8,21,11,0,-13,-1,-16,-13,-18,-12,sil
27.29886770248413,-22,-14,-17,2,1,17,13,-4,-10,10,-16,-27,-13,-7,sil
27.29886770248413,-26,-25,-17,-28,-10,8,6,1,0,15,-27,-30,-10,-3,sil
27.3132872581482,-9,-14,-13,-15,-7,0,3,2,8,9,-16,-23,0,-2,sil
27.32939863204956,0,-14,-5,-6,-4,-10,5,2,2,3,-3,-13,4,4,sil
27.32939863204956,-8,-24,-5,-18,-14,-15,-2,0,-2,3,-8,-10,0,6,sil
27.34498643875122,-3,-18,-14,-16,-15,-14,-18,-6,9,3,-10,-11,2,1,sil
27.34498643875122,19,4,5,-7,-1,-4,-18,3,21,6,6,8,20,8,sil
27.360027313232425,21,9,2,-4,2,-6,-7,3,21,8,21,20,24,8,sil
27.360027313232425,0,-6,-1,-14,-8,-15,-15,-3,5,-7,6,9,1,0,sil
27.376107931137085,-4,-4,3,-18,-11,-5,-9,-2,0,-13,4,9,-2,0,sil
27.376107931137085,5,7,-9,-7,-1,-3,8,-3,0,-8,18,13,6,-1,sil
27.3913893699646,5,1,0,-15,-7,-7,0,2,-14,-27,13,11,-3,-9,sil
27.3913893699646,-6,-8,-7,-26,-14,-5,-7,0,-9,-29,7,2,-5,-12,sil
27.4069881439209,1,1,-6,-10,0,-7,-3,0,0,-9,11,3,4,-3,sil
27.4069881439209,14,25,18,18,19,3,0,6,-4,-2,12,15,9,8,sil
27.42209529876709,7,18,7,36,23,22,10,-4,-5,3,11,11,6,2,sil
27.42209529876709,-1,2,15,29,19,21,9,0,-4,8,3,3,-10,-3,sil
27.43726229667664,-4,6,11,30,22,16,9,5,-5,10,-4,-2,-14,-3,sil
27.43726229667664,-8,9,-11,30,18,10,5,-2,-6,9,-17,-13,-5,-7,sil
27.45283961296081,-8,4,7,17,7,3,-10,-4,-11,6,-24,-12,-11,-4,sil
27.45283961296081,-2,5,-2,17,-1,0,-4,-4,0,16,-6,-8,-16,5,sil
27.46891736984253,-2,2,-10,10,-5,-5,8,0,9,13,0,-6,-4,6,sil
27.46891736984253,-13,-5,-4,-5,1,-4,6,3,10,4,-10,-7,6,1,sil
27.4845666885376,-21,-13,-22,-10,0,1,4,-8,8,8,-16,-21,0,0,sil
27.4845666885376,-16,-13,2,-12,-22,-1,1,-1,-7,-4,-24,-23,-16,-2,sil
27.50016760826111,-2,-8,11,-2,-16,-6,5,4,0,-7,-2,0,4,-2,sil
27.50016760826111,10,-9,-1,-2,0,-2,13,1,22,16,29,21,34,14,sil
27.51621699333191,17,-1,28,-12,-2,16,11,17,22,26,20,27,21,34,sil
27.51621699333191,20,9,-2,8,-2,13,12,0,27,31,15,13,24,21,sil
27.532118558883667,28,6,11,1,-1,-12,-10,3,15,8,24,24,33,10,sil
27.532118558883667,18,0,48,-20,-12,-6,-20,20,-4,-18,10,33,8,10,sil
27.54733872413636,-3,-23,-77,-2,-12,-12,0,-37,10,-6,0,-15,-8,-17,sil
27.54733872413636,9,-17,35,-48,-22,-37,-39,17,-26,-48,-23,0,-34,-3,sil
27.56286096572876,15,27,105,-35,-8,0,-30,46,-27,-47,-2,43,-12,7,sil
27.56286096572876,-9,-7,-213,53,27,-13,36,-107,34,32,40,-42,41,-50,sil
27.578027963638306,9,-16,39,-52,-4,-50,-51,20,-68,-64,-37,-16,-37,-10,sil
27.578027963638306,11,75,290,-76,-18,42,-54,136,-91,-93,-47,70,-66,33,sil
27.593251943588257,-35,25,-235,92,39,42,85,-117,71,75,52,-60,36,-56,sil
27.593251943588257,-20,-71,-179,12,27,-51,14,-71,13,23,-5,-90,-10,-46,sil
27.60936498641968,0,-14,175,-83,-10,-4,-59,97,-74,-66,-66,10,-73,14,sil
27.60936498641968,-22,20,-28,11,0,29,8,-17,1,8,-20,-21,-3,-12,sil
27.624868631362915,-16,5,-1,13,4,11,4,-4,-9,0,-40,-22,-5,-2,sil
27.624868631362915,-28,0,-16,26,19,41,30,3,1,20,-22,-26,-13,-12,sil
27.63990807533264,-42,-27,-190,56,22,14,60,-71,52,73,21,-75,17,-38,sil
27.63990807533264,-5,-6,55,-1,-3,0,1,36,3,16,3,11,9,30,sil
27.655346632003784,11,25,109,27,-6,35,18,50,19,31,26,55,28,48,sil
27.655346632003784,9,1,-26,44,-6,7,36,-18,53,60,37,13,29,15,sil
27.67146635055542,16,0,71,-14,-8,-8,-5,29,15,12,15,56,4,40,sil
27.67146635055542,14,0,4,10,7,0,0,-6,23,24,50,55,47,25,sil
27.68709945678711,28,-14,-19,17,-9,-34,-17,-28,13,3,38,15,41,0,sil
27.68709945678711,42,11,145,-27,-30,-28,-50,52,-29,-59,-9,59,-14,32,sil
27.70258855819702,19,24,20,8,0,3,0,-3,4,-14,34,52,20,22,sil
27.70258855819702,6,-12,-103,21,4,-26,2,-63,14,5,51,-9,34,-20,sil
27.71820306777954,10,-16,24,-29,-19,-33,-44,7,-38,-51,-14,-9,-32,-23,sil
27.71820306777954,-10,20,27,-14,-6,10,-21,22,-33,-39,-28,-6,-40,-20,sil
27.73323130607605,-14,33,-27,23,16,22,15,-6,-5,0,-7,-19,-10,-14,sil
27.73323130607605,4,5,1,13,13,15,21,3,-1,11,-26,-21,-12,0,sil
27.74915719032288,-2,-21,-17,-11,3,20,25,3,11,26,-47,-34,-12,3,sil
27.74915719032288,-15,-24,-38,-34,-4,1,5,-1,18,15,-32,-33,-3,6,sil
27.76457953453064,-8,-26,-20,-48,-13,-31,-27,-5,1,-19,-11,-10,2,0,sil
27.76457953453064,-1,-16,-10,-39,-10,-27,-32,-6,-19,-36,-13,-3,-3,-18,sil
27.78062653541565,-8,4,-13,-14,0,-2,-13,-10,-30,-36,-14,-15,-14,-31,sil
27.78062653541565,-17,1,-2,-13,0,-3,-14,-12,-42,-41,-16,-22,-23,-32,sil
27.79616403579712,-12,5,7,-7,6,-4,-15,1,-38,-29,-13,-11,-22,-26,sil
27.79616403579712,0,20,-5,27,17,0,0,0,-12,1,21,0,0,-10,sil
27.81214165687561,6,21,13,36,14,8,13,6,-3,13,32,7,10,12,sil
27.81214165687561,6,11,21,26,10,29,31,15,14,27,1,6,7,28,sil
27.82704186439514,6,-3,0,22,0,30,42,5,44,57,2,7,15,33,sil
27.82704186439514,5,-10,14,3,-7,25,36,13,46,61,20,18,22,40,sil
27.842329025268555,2,-10,1,0,1,23,30,13,45,43,4,11,12,31,sil
27.85815668106079,11,-12,-1,-1,0,-3,2,5,37,18,-1,12,11,20,sil
27.85815668106079,22,3,19,-13,-8,-25,-25,4,14,0,29,36,28,13,sil
27.85815668106079,13,17,-23,0,0,-21,-13,-19,2,-2,41,27,24,-13,sil
27.87362098693848,1,15,3,3,1,-11,-10,-5,-17,-15,13,9,-8,-23,sil
27.87362098693848,-15,6,38,0,-1,5,-9,10,-30,-21,-12,-6,-32,-21,sil
27.88885474205017,-47,-21,-81,11,3,6,14,-38,-9,3,-28,-59,-28,-44,sil
27.905920028686523,-43,-36,-46,-19,-11,-13,-1,-13,-17,-4,-46,-56,-24,-30,sil
27.905920028686523,-14,-7,107,-52,-27,-6,-31,53,-31,-32,-48,8,-26,10,sil
27.905920028686523,-7,-1,-34,-2,0,-8,-6,-22,9,-5,-6,-5,-1,-14,sil
27.92107605934143,0,-18,-109,11,8,-42,-14,-61,2,-14,22,-32,3,-38,sil
27.92107605934143,15,14,83,-24,-6,-14,-38,36,-43,-57,7,24,-11,0,sil
27.935259580612183,10,35,12,36,20,35,18,6,-1,-9,10,15,8,3,sil
27.95102071762085,6,-5,-71,64,24,18,36,-38,13,24,-2,-35,2,0,sil
27.95102071762085,10,-8,92,-13,-17,16,-4,45,-27,-8,-38,0,-27,32,sil
27.967183589935303,-3,8,27,-12,-13,28,9,19,10,12,-8,18,7,22,sil
27.96752405166626,-4,-7,-70,14,2,-3,7,-29,27,22,20,0,31,5,sil
27.98324513435364,11,-8,37,-9,-10,-6,-21,21,-3,1,8,19,16,29,sil
27.98324513435364,22,0,36,-12,-14,9,-4,20,22,21,19,35,33,36,sil
27.99980878829956,30,0,-12,0,-6,-2,6,-7,39,25,37,32,38,25,sil
27.99980878829956,26,5,-20,8,7,-10,3,-17,16,11,37,22,21,11,sil
27.99980878829956,20,10,18,-2,17,-11,-5,0,-12,-7,17,23,6,4,sil
28.01489448547364,29,33,69,0,17,-2,-4,23,-13,-13,12,35,2,10,sil
28.03194904327393,22,33,-26,45,28,0,26,-22,26,23,37,5,19,0,sil
28.03194904327393,1,4,-19,24,21,-10,12,-8,10,10,15,-11,2,-7,sil
28.032949209213257,-8,11,67,-1,10,4,-12,33,-20,-25,-23,1,-21,-6,sil
28.04634475708008,-10,16,-37,33,20,14,16,-19,9,1,-14,-26,-9,-17,sil
28.06254553794861,-9,-4,-42,12,8,-3,15,-15,6,1,-17,-36,-16,-9,sil
28.06254553794861,-16,-5,61,-23,-9,5,-4,34,-21,-15,-32,-10,-23,0,sil
28.063068151474,-32,-8,-15,-6,-5,15,5,-4,-2,10,-21,-24,-4,-22,sil
28.07723927497864,-37,-28,-83,-12,-10,-3,7,-31,4,14,-12,-39,-8,-31,sil
28.09285473823548,-26,-33,-17,-35,-23,-10,-9,0,-17,-14,-20,-22,-24,-21,sil
28.09285473823548,-28,-30,15,-53,-37,0,-23,16,-27,-30,-39,-13,-31,-19,sil
28.10809087753296,-38,-29,-27,-49,-37,2,-14,-4,-17,-21,-37,-21,-30,-29,sil
28.10809087753296,-44,-39,-78,-38,-32,-14,-11,-25,-15,-14,-32,-39,-31,-39,sil
28.124186515808105,-69,-65,-56,-95,-73,-44,-55,-3,-45,-49,-67,-47,-57,-48,sil
28.124186515808105,-39,-32,11,-89,-63,-33,-63,15,-42,-52,-44,-6,-38,-19,sil
0.0285656452178955,55,45,40,52,32,8,4,2,14,17,57,45,41,38,sil
0.0285656452178955,73,58,44,93,59,16,33,3,29,41,74,48,60,53,sil
0.0441224575042724,42,30,37,24,34,11,23,6,11,18,33,36,31,34,sil
0.0441224575042724,50,29,25,21,43,23,24,-3,17,23,41,42,34,34,sil
0.0597116947174072,40,29,36,44,31,17,10,-1,14,24,45,35,31,31,sil
0.0597116947174072,18,14,21,39,11,1,7,1,8,23,28,14,19,21,sil
0.0750491619110107,20,8,5,29,19,7,22,3,22,25,12,10,15,21,sil
0.0750491619110107,10,11,13,29,22,18,28,12,35,14,0,5,8,16,sil
0.0910341739654541,0,11,-1,33,17,14,28,3,39,14,3,-5,9,5,sil
0.0910341739654541,14,9,1,21,9,5,19,0,24,16,6,3,14,7,sil
0.1067116260528564,9,1,4,15,0,6,11,5,11,10,4,5,10,8,sil
0.1067116260528564,-15,-17,-20,0,-11,-2,0,-1,11,1,-4,-12,-3,-3,sil
0.1208710670471191,-23,-27,-20,-29,-23,-20,-24,-2,-3,-16,-23,-9,-19,-15,sil
0.1218717098236084,-14,-14,-14,-23,-23,-22,-34,-3,-30,-33,-18,-3,-17,-23,sil
0.1375634670257568,-6,5,0,-3,-14,-14,-24,-4,-44,-34,1,0,-12,-21,sil
0.1375634670257568,-1,19,15,0,-6,0,-15,-4,-34,-21,12,5,-5,-17,sil
0.1509580612182617,-1,19,1,6,5,15,-6,-3,-13,-10,10,-2,1,-12,sil
0.1666111946105957,-8,4,0,6,10,18,0,0,-11,-10,-4,-19,-12,-3,sil
0.1666111946105957,-28,-15,-9,-3,0,9,-1,-6,-20,-9,-28,-32,-35,-12,sil
0.1818649768829345,-35,-32,-22,-19,-11,4,-6,-9,-24,-5,-38,-38,-32,-19,sil
0.1818649768829345,-15,-26,-11,-23,-11,-5,-1,2,-6,12,-24,-23,-5,-2,sil
0.1980953216552734,3,-13,-7,-17,-6,-20,10,8,27,29,-7,1,13,13,sil
0.1980953216552734,0,-24,-10,-36,-10,-11,7,8,33,16,-14,7,8,10,sil
0.2131125926971435,-7,-27,-17,-53,-14,-3,-4,0,13,3,-15,-1,6,-1,sil
0.2131125926971435,18,5,6,-21,-4,-14,-4,-3,8,14,12,18,17,3,sil
0.2290425300598144,37,31,32,15,10,-11,9,6,19,16,38,45,28,20,sil
0.2290425300598144,12,9,3,2,6,-5,11,2,9,0,20,23,18,13,sil
0.2446496486663818,-10,-7,-13,-21,-2,-8,-4,-4,-15,-15,-4,-5,-5,-6,goodbye
0.2446496486663818,-2,8,0,-6,7,3,-6,0,-11,-11,6,1,-4,-9,goodbye
0.26043701171875,14,21,9,15,16,11,3,3,9,-5,23,14,8,1,goodbye
0.26043701171875,11,7,3,5,7,2,0,1,7,-15,3,1,-5,3,goodbye
0.2766563892364502,-5,-1,-10,0,0,-1,-1,-3,-1,-20,-12,-16,-19,-6,goodbye
0.2766563892364502,-9,2,-2,7,-3,-3,1,-6,-10,-10,0,-11,-6,-9,goodbye
0.2919425964355469,-12,-3,-3,0,-7,-1,-6,-6,-18,-5,0,-8,-8,-11,goodbye
0.2919425964355469,-13,-4,-4,2,1,7,-7,-7,-16,-12,-19,-13,-23,-9,goodbye
0.3080341815948486,7,20,20,31,19,9,0,0,-1,-5,2,3,0,2,goodbye
0.3080341815948486,13,31,16,41,14,3,-1,1,5,6,28,13,15,9,goodbye
0.3240025043487549,-1,10,-2,21,-3,6,-3,-2,-7,-4,-18,-9,-17,-2,goodbye
0.3240025043487549,-6,0,-1,18,-6,12,2,0,-20,-9,-51,-20,-33,-11,goodbye
0.3391296863555908,-3,1,5,29,-1,8,0,5,-12,5,-10,-3,-5,-4,goodbye
0.3391296863555908,-3,-2,8,17,-3,4,2,6,5,16,17,6,9,5,goodbye
0.354802131652832,-4,-14,-2,1,-4,8,23,4,19,30,12,1,9,8,goodbye
0.354802131652832,-6,-18,-3,-2,-6,9,21,3,10,34,9,0,9,3,goodbye
0.3708760738372803,-5,-14,1,-2,-6,7,5,9,0,18,7,0,13,4,goodbye
0.3708760738372803,12,-8,3,-2,1,8,9,5,12,10,14,7,19,10,goodbye
0.3869009017944336,21,-4,9,-5,1,1,9,-1,22,12,20,14,13,12,goodbye
0.3869009017944336,3,-3,0,-3,-3,-8,0,-5,15,11,9,8,6,12,goodbye
0.4026930332183838,0,-1,-2,0,0,-11,0,-5,16,12,4,3,16,13,goodbye
0.4026930332183838,14,4,7,0,5,-9,-2,-3,25,12,15,17,24,19,goodbye
0.4182131290435791,16,8,5,-1,3,-13,-18,-6,12,4,20,27,18,22,goodbye
0.4182131290435791,11,1,1,-2,2,-13,-29,-6,-16,-13,8,19,8,7,goodbye
0.4340710639953613,9,-5,-4,-10,2,-6,-17,-3,-18,-28,-6,5,2,-7,goodbye
0.4340710639953613,-4,-10,-10,-27,-1,-8,-4,1,-9,-30,-16,0,-5,-16,goodbye
0.4501123428344726,-21,-18,-20,-47,-13,-21,-3,1,-23,-26,-23,-11,-17,-25,goodbye
0.4501123428344726,-20,-14,-28,-45,-15,-21,3,-4,-27,-21,-26,-20,-19,-26,goodbye
0.4657409191131592,-7,3,-11,-23,0,-1,12,0,-6,-14,-21,-11,-11,-12,goodbye
0.4657409191131592,0,12,-7,-10,7,9,7,9,2,-9,-13,-11,-5,-1,goodbye
0.4819328784942627,-5,6,-17,-20,2,7,-2,7,0,-13,-14,-27,-11,-7,goodbye
0.4819328784942627,-18,-1,-26,-38,0,4,-10,0,3,-19,-27,-42,-28,-23,goodbye
0.4969162940979004,-21,-4,-15,-36,1,4,-9,-4,0,-9,-29,-41,-33,-28,goodbye
0.4969162940979004,-7,7,11,1,4,5,5,1,-1,9,-11,-22,-11,-16,goodbye
0.5127484798431396,1,17,5,26,12,4,4,4,2,13,0,-10,-3,-7,goodbye
0.5127484798431396,0,11,1,22,6,0,-9,0,-3,7,5,-2,-10,-1,goodbye
0.5276815891265869,11,20,34,43,5,9,0,0,-6,19,35,30,8,18,goodbye
0.5276815891265869,25,32,50,73,19,18,17,1,4,27,49,48,28,28,goodbye
0.5428366661071777,14,15,33,56,11,11,10,2,10,20,31,31,13,15,goodbye
0.5428366661071777,-3,-4,13,34,-9,4,5,-4,0,14,23,18,3,12,goodbye
0.5583481788635254,-3,-6,13,36,-15,3,3,-8,-10,1,21,21,10,14,goodbye
0.5583481788635254,2,-10,10,24,-17,0,-5,1,-6,-3,14,22,13,11,goodbye
0.5739498138427734,4,-10,3,7,-15,-2,-5,2,3,8,12,14,10,12,goodbye
0.5739498138427734,12,0,8,17,-2,0,2,-8,-1,3,0,4,4,13,goodbye
0.5890188217163086,10,-3,-1,16,0,1,3,-5,-9,-12,-13,-6,0,5,goodbye
0.5890188217163086,-11,-20,-17,-14,-6,0,0,4,2,0,-9,-8,1,0,goodbye
0.6046140193939209,-19,-20,-15,-31,-2,3,6,6,27,18,-6,-6,11,5,goodbye
0.6046140193939209,-4,-13,-19,-20,5,5,12,4,37,17,-15,-10,9,2,goodbye
0.6198694705963135,-2,-19,-24,-29,1,-7,1,4,16,1,-20,-12,-4,-9,goodbye
0.6198694705963135,-12,-26,-29,-52,-9,-13,-8,-1,-5,-7,-12,-8,-8,-16,goodbye
0.6359469890594482,-2,-15,-20,-42,-11,-5,-4,-5,-3,-7,-13,-8,-4,-8,goodbye
0.6359469890594482,16,8,0,-8,0,-6,-4,2,1,-13,-22,-8,-8,-2,goodbye
0.6512236595153809,17,13,2,-1,3,-9,-7,1,-6,-24,-16,-2,-9,-5,goodbye
0.6512236595153809,7,5,-1,-16,3,-5,-6,-8,-14,-30,-7,-2,-12,-10,goodbye
0.6666607856750488,5,9,1,-17,9,-4,-3,-4,-7,-18,-6,-5,-14,-8,goodbye
0.6666607856750488,5,15,5,2,17,0,2,4,2,8,6,1,0,2,goodbye
0.6821630001068115,1,12,9,14,12,7,5,4,-1,11,13,0,13,4,goodbye
0.6821630001068115,-6,6,-3,-1,0,-2,-3,0,-15,-12,-5,-18,0,-10,goodbye
0.6978521347045898,-9,9,-2,-18,0,-19,-16,-2,-18,-11,0,-9,-7,-16,goodbye
0.6978521347045898,0,15,8,-7,4,-13,-10,-5,-3,15,35,17,9,2,goodbye
0.7128665447235107,1,12,12,12,0,-4,0,-2,10,18,33,21,18,14,goodbye
0.7128665447235107,-5,8,8,14,-2,-1,0,6,10,5,5,7,8,0,goodbye
0.7279517650604248,-4,9,-2,8,5,0,-3,3,3,8,4,4,1,-5,goodbye
0.7450535297393799,-2,0,0,3,2,7,0,0,1,11,10,8,0,0,goodbye
0.7450535297393799,-6,-10,5,6,-4,8,4,0,-3,0,2,2,-2,0,goodbye
0.7450535297393799,-5,1,6,16,0,5,1,-3,-13,-13,-1,-8,-3,-4,goodbye
0.7596435546875,-3,5,11,13,0,13,-1,-2,-14,-9,-1,-7,-5,-4,goodbye
0.7596435546875,-1,-10,3,1,-11,22,4,0,-5,1,-2,-2,0,4,goodbye
0.7752273082733154,2,-11,0,5,-13,13,14,2,-2,-1,-9,-2,0,7,goodbye
0.7752273082733154,3,3,0,19,0,6,17,3,2,-3,-12,-5,-3,0,goodbye
0.7909302711486816,6,0,0,19,2,17,17,0,9,10,-10,-2,0,2,goodbye
0.7909302711486816,10,-10,1,12,-1,17,7,-1,5,7,-17,3,-5,9,goodbye
0.8080089092254639,3,-14,-9,10,5,6,2,1,5,-1,-19,-2,-16,9,goodbye
0.8080089092254639,0,-13,-5,8,12,2,10,5,14,14,-6,-10,-9,15,goodbye
0.82259202003479,5,-15,2,1,2,-1,12,5,18,27,0,3,7,20,goodbye
0.8235936164855957,0,-19,-12,-16,-7,-16,-2,0,16,10,2,13,13,5,goodbye
0.8386385440826416,-6,-17,-15,-33,-6,-20,-11,0,8,-4,8,2,6,-8,goodbye
0.8386385440826416,-7,-8,-11,-31,-5,-16,-7,-1,1,-4,5,-11,0,-8,goodbye
0.8538053035736084,-7,0,-8,-21,-8,-16,-11,-3,2,-3,1,0,7,-3,goodbye
0.8538053035736084,0,9,6,-12,-4,-9,-12,2,7,0,16,23,14,1,goodbye
0.8698337078094482,0,14,9,-5,0,-9,-10,2,-5,-4,16,18,-1,-4,goodbye
0.8698337078094482,-6,13,0,-12,-3,-20,-17,-7,-24,-23,-5,0,-18,-24,goodbye
0.8858702182769775,2,15,-1,-11,-3,-15,-18,-7,-12,-26,1,1,0,-21,goodbye
0.8858702182769775,23,25,16,11,3,-4,-13,0,-1,-9,23,14,12,-2,goodbye
0.9019560813903807,17,32,25,29,6,-4,-16,-3,-25,-12,9,4,-5,-4,goodbye
0.9019560813903807,-4,21,8,26,7,2,-9,-11,-34,-17,-12,-15,-21,-13,goodbye
0.9179620742797852,-10,4,2,11,8,18,9,-3,-13,2,-13,-20,-15,-5,goodbye
0.9179620742797852,-11,-11,-4,-5,4,22,17,2,-3,21,-13,-25,-2,0,goodbye
0.9340143203735352,-22,-29,-19,-15,-5,14,12,0,1,15,-24,-31,2,-1,goodbye
0.9340143203735352,-18,-30,-20,-18,-10,4,5,4,17,8,-13,-9,13,7,goodbye
0.9496281147003174,3,-10,-9,-11,-1,-5,-2,7,23,12,18,20,28,21,goodbye
0.9496281147003174,18,10,8,7,13,-5,-4,4,9,2,24,22,19,9,goodbye
0.9647152423858644,19,22,8,21,16,4,4,4,-2,-9,8,5,1,-2,goodbye
0.9647152423858644,11,17,0,17,8,10,9,3,0,0,3,1,0,6,goodbye
0.9801626205444336,2,0,0,13,8,21,14,1,2,3,-15,-3,-7,7,goodbye
0.9801626205444336,-1,-11,-9,12,6,27,25,3,-1,-6,-40,-21,-20,1,goodbye
0.9959101676940918,-3,-17,-9,0,-3,11,24,6,6,0,-22,-21,-12,8,goodbye
0.9959101676940918,-3,-18,-2,-7,-13,-5,14,2,30,18,-3,-2,1,14,goodbye
1.0129611492156982,2,-8,2,-4,-10,-13,9,-3,28,8,-8,12,4,10,goodbye
1.0129611492156982,8,4,5,-3,-4,-19,1,-4,7,-12,14,21,10,6,goodbye
1.028024435043335,4,0,0,-13,-12,-17,-9,-3,5,-7,42,19,13,0,goodbye
1.028024435043335,-11,-10,0,-26,-16,-10,-19,-2,2,2,23,8,0,-10,goodbye
1.0440468788146973,-14,-3,1,-21,0,-7,-19,-4,-7,-3,7,6,-6,-16,goodbye
1.0440468788146973,4,6,9,-1,9,-4,-14,-4,-9,-4,24,18,0,-11,goodbye
1.058950901031494,10,9,20,8,4,2,-9,0,-5,8,29,20,7,-1,goodbye
1.058950901031494,-1,12,11,15,8,5,-5,0,-5,16,12,2,4,-1,goodbye
1.0750255584716797,0,17,5,18,7,0,-6,-5,-14,0,-5,-7,-6,-8,goodbye
1.0892746448516846,1,8,0,8,-4,-1,-11,-4,-30,-21,-14,-8,-18,-13,sil
1.0892746448516846,-14,-10,-17,-6,-11,-3,-10,-6,-34,-15,-21,-17,-21,-14,sil
1.1058712005615234,-17,-15,-17,-12,-16,-5,-11,-4,-19,3,-21,-22,-17,-10,sil
1.1058712005615234,3,0,0,1,-16,-3,-10,5,-5,6,-13,-11,-10,3,sil
1.1058712005615234,17,9,18,20,0,0,3,9,0,6,-9,2,-1,18,sil
1.1209402084350586,11,1,10,21,15,13,27,6,14,28,-1,8,17,27,sil
1.1379411220550537,0,-3,-10,15,15,22,31,4,28,35,0,0,25,19,sil
1.1379411220550537,-7,-3,-3,4,14,13,17,4,26,10,-17,-12,12,0,sil
1.1379411220550537,3,-3,-2,-12,10,-5,7,0,17,-2,-6,0,14,1,sil
1.152496576309204,13,1,-6,-20,-1,-22,-8,-5,1,-5,27,25,22,10,sil
1.1675994396209717,0,17,0,-8,-5,-21,-23,-8,-19,-29,12,11,0,-11,sil
1.1675994396209717,-18,15,-2,1,2,-1,-17,-3,-30,-41,-22,-22,-28,-32,sil
1.1831154823303225,-20,-2,-8,0,7,13,1,5,-16,-23,-21,-25,-30,-21,sil
1.1831154823303225,-20,-12,-15,-1,4,12,18,3,9,-10,-12,-24,-13,-9,sil
1.1991581916809082,-19,-19,-16,-13,0,7,17,-3,14,-12,-20,-33,-8,-11,sil
1.1991581916809082,-9,-25,-12,-20,-6,7,0,2,1,-9,-15,-17,-11,-1,sil
1.2147586345672607,6,-12,-1,0,-9,2,0,5,7,-9,3,7,4,14,sil
1.2147586345672607,18,1,13,0,-5,-5,2,0,21,-22,10,23,19,16,sil
1.2299225330352783,14,-15,-2,-39,-11,-17,-10,0,15,-10,17,32,15,7,sil
1.2299225330352783,6,-13,-6,-34,-21,-21,-21,0,0,26,27,24,10,-2,sil
1.245332956314087,16,25,22,15,-6,-2,-9,-3,-2,40,28,11,11,-3,sil
1.245332956314087,24,32,22,23,15,8,1,-3,3,25,25,18,7,8,sil
1.2610139846801758,11,13,17,8,13,6,2,4,3,22,29,29,6,17,sil
1.2610139846801758,1,19,22,27,4,11,10,9,0,32,29,20,11,12,sil
1.2769429683685305,2,18,14,32,9,14,15,0,0,27,13,4,6,5,sil
1.2769429683685305,0,0,7,17,14,17,11,0,0,20,-3,0,-1,10,sil
1.2917935848236084,-1,-3,1,18,7,16,13,1,7,18,-11,0,1,18,sil
1.2917935848236084,-3,-11,-10,6,-8,-4,5,-6,6,1,-20,-7,-1,5,sil
1.306908369064331,-14,-25,-26,-15,-21,-22,-8,-11,-7,-21,-30,-23,-14,-13,sil
1.306908369064331,-12,-16,-24,-18,-15,-19,-12,-4,-14,-25,-23,-26,-9,-11,sil
1.322383165359497,0,2,-5,-13,-3,-16,-17,1,-19,-28,-5,-12,-7,-11,sil
1.322383165359497,-2,6,2,-6,0,-14,-22,0,-23,-34,-3,-6,-21,-26,sil
1.3376498222351074,-3,7,5,9,7,-6,-15,-3,-19,-27,-6,-5,-20,-22,sil
1.3376498222351074,0,7,5,14,12,1,-4,0,-11,-18,-4,-3,-5,-9,sil
1.3529305458068848,-12,0,-5,3,1,12,2,0,-7,-6,-11,-8,-5,-15,sil
1.3529305458068848,-18,-3,-4,2,-3,18,9,0,1,8,-21,-12,-13,-10,sil
1.3684656620025637,0,1,4,7,5,9,12,3,12,10,-17,-11,-6,11,sil
1.3684656620025637,6,-1,0,-4,4,1,10,3,12,5,-3,-6,9,19,sil
1.383890151977539,2,-11,-12,-15,-2,1,12,4,18,18,11,7,27,19,sil
1.383890151977539,17,0,0,-9,1,3,11,5,27,26,25,22,32,24,sil
1.399029016494751,24,11,15,-9,3,-1,0,0,14,9,28,27,22,17,sil
1.399029016494751,12,0,4,-16,-2,-11,-6,-7,-5,-8,18,25,17,4,sil
1.4142084121704102,9,0,5,-12,2,-8,-9,-2,-8,-9,14,19,17,3,sil
1.4142084121704102,10,18,10,0,4,-2,-4,3,-3,-6,14,3,1,-3,sil
1.430238962173462,-5,8,-7,6,-1,-7,-1,0,-6,-13,-3,-14,-23,-18,sil
1.430238962173462,-22,-8,-7,3,2,-3,-7,1,-8,-8,-17,-17,-27,-19,sil
1.4460182189941406,-22,-5,-3,-2,1,8,-6,2,0,3,-9,-21,-14,-16,sil
1.4460182189941406,-29,-13,-12,-2,-10,7,-3,-3,-5,0,-22,-35,-21,-28,sil
1.461597204208374,-30,-21,-14,7,-5,8,5,-1,-13,1,-37,-36,-26,-21,sil
1.461597204208374,-7,-7,-5,11,8,18,21,3,0,21,-14,-14,-3,8,sil
1.4775872230529783,2,-7,0,-5,-2,9,16,1,9,12,-1,0,5,15,sil
1.4775872230529783,-5,-19,-12,-21,-22,-4,1,1,10,0,-4,0,0,4,sil
1.4936857223510742,1,-9,-11,-16,-16,-4,0,3,17,10,11,11,9,10,sil
1.4936857223510742,23,7,10,-5,-2,-5,-4,0,15,5,24,35,23,18,sil
1.5078144073486328,33,17,16,5,1,-12,-12,-3,5,-10,25,48,27,18,sil
1.5078144073486328,29,23,13,6,6,-10,-11,-3,0,-5,32,38,24,10,sil
1.524355411529541,14,19,7,-1,7,-8,-10,-5,-3,-6,24,14,11,-4,sil
1.524355411529541,3,15,8,8,8,-9,-12,-4,-11,-22,2,1,-7,-6,sil
1.5390620231628418,3,19,18,28,14,0,-3,3,-14,-22,-5,2,-16,1,sil
1.5390620231628418,2,8,8,21,12,13,13,6,-5,-1,-6,0,-11,3,sil
1.5546295642852783,-5,-3,0,8,7,19,23,3,5,15,-6,-6,-2,4,sil
1.569678783416748,-6,1,0,23,9,18,24,-1,4,18,-6,-15,-8,0,sil
1.569678783416748,-3,1,3,24,3,2,10,-6,-8,6,-10,-20,-15,-6,sil
1.569678783416748,-2,-17,6,-7,-13,-7,-1,2,-2,6,-2,-6,2,4,sil
1.585041046142578,-3,-26,-7,-26,-24,-7,-4,4,11,20,5,0,18,12,sil
1.600689172744751,-6,-12,-9,-12,-19,-17,-16,-2,-1,9,-8,-9,0,-3,sil
1.600689172744751,-5,1,-2,4,-5,-15,-21,-1,-11,-9,-9,-3,-6,-11,sil
1.6157705783843994,3,3,3,1,0,1,-8,0,3,-4,20,17,14,0,sil
1.6157705783843994,11,2,9,-6,-2,-1,-9,-1,0,-6,28,25,20,2,sil
1.630944013595581,7,8,2,3,1,-17,-19,-7,-21,-25,5,10,1,-2,sil
1.630944013595581,0,14,0,12,8,-13,-14,-4,-32,-32,-6,0,-14,-13,sil
1.6470420360565186,-4,8,2,9,6,3,0,0,-23,-18,-5,-5,-14,-21,sil
1.6470420360565186,-3,0,-2,11,10,21,10,3,0,7,-6,-8,-5,-12,sil
1.6628661155700684,-12,-4,-5,6,8,35,18,10,12,24,-16,-16,-1,-1,sil
1.6628661155700684,-30,-21,-24,-24,-4,24,17,6,13,17,-32,-35,-9,-6,sil
1.6781108379364014,-26,-24,-31,-45,-2,4,14,0,25,13,-29,-39,-11,-4,sil
1.6781108379364014,0,-5,-17,-29,8,6,21,4,45,27,-12,-16,5,12,sil
1.6936514377593994,1,-12,-25,-28,-2,-1,12,2,30,16,-16,-11,7,10,sil
1.6936514377593994,-16,-28,-35,-52,-16,-25,-11,-7,0,-16,-29,-19,-9,-7,sil
1.7088167667388916,0,-13,-19,-47,-6,-25,-9,-4,-1,-21,-7,-4,-7,-3,sil
1.7088167667388916,25,8,12,-14,0,-9,5,1,0,-4,21,18,6,14,sil
1.7248601913452148,24,25,29,9,0,0,0,0,-7,-1,30,25,5,10,sil
1.7248601913452148,6,28,19,23,5,1,-11,-3,-7,-11,24,16,-1,-7,sil
1.7399911880493164,-14,11,14,27,5,0,-9,-2,-15,-21,8,1,-14,-13,sil
1.7399911880493164,-17,3,14,33,7,8,8,0,-20,-8,0,-7,-18,-3,sil
1.7555055618286133,0,10,21,45,15,25,24,4,0,16,8,0,-5,9,sil
1.7555055618286133,7,4,21,37,4,17,12,4,10,19,11,8,6,10,sil
1.7716212272644043,1,-4,6,15,-13,-8,-6,0,3,8,10,13,18,10,sil
1.7716212272644043,10,0,11,13,-8,-15,-16,-2,6,8,20,28,30,14,sil
1.7879047393798828,31,5,23,27,3,-7,-18,-3,14,13,32,44,31,16,sil
1.7879047393798828,37,6,26,20,0,-7,-21,-5,4,2,28,46,20,11,sil
1.803863286972046,27,9,19,2,-5,-13,-22,-2,-13,-17,14,35,7,1,sil
1.803863286972046,12,11,1,1,1,-15,-21,-1,-24,-26,4,14,-6,-9,sil
1.8189234733581543,0,4,-1,8,6,-8,-17,-3,-32,-21,0,-6,-18,-13,sil
1.8189234733581543,-13,0,-4,4,1,6,0,-3,-26,-10,-10,-17,-17,-10,sil
1.8351280689239504,-15,-1,-14,-2,0,19,20,0,-14,-3,-27,-27,-16,-4,sil
1.8351280689239504,-17,-7,-21,-3,6,30,28,9,-5,7,-37,-39,-19,0,sil
1.8506097793579104,-31,-22,-31,-11,3,30,32,8,11,24,-35,-46,-11,-3,sil
1.8506097793579104,-31,-26,-26,-33,-8,14,30,3,25,23,-30,-32,-1,-5,sil
1.8666718006134035,-7,-17,-20,-42,-13,0,21,3,22,5,-23,-18,1,0,sil
1.8666718006134035,0,-11,-23,-31,-7,-11,4,2,17,-1,-12,-14,8,0,sil
1.8827426433563232,-10,-11,-14,-26,-11,-22,-5,2,20,2,-1,-5,16,0,sil
1.8827426433563232,0,-5,-5,-21,-13,-23,-9,0,17,5,16,10,23,8,sil
1.8982410430908203,16,13,6,-4,2,-15,-14,-2,12,9,33,27,23,14,sil
1.8982410430908203,13,21,7,0,9,-11,-15,0,14,9,24,24,15,5,sil
1.9138617515563965,3,4,0,-6,-1,-16,-17,-4,4,-4,9,4,0,-3,sil
1.9138617515563965,-4,-2,3,-3,-7,-12,-24,-6,-23,-22,4,-5,-15,-12,sil
1.928911209106445,-7,6,2,2,-2,0,-11,-2,-33,-21,0,-6,-21,-17,sil
1.928911209106445,4,18,8,6,4,5,4,0,-11,-9,-2,-1,-12,-7,sil
1.9449758529663088,14,22,20,20,9,3,-1,0,0,-5,2,4,0,1,sil
1.9449758529663088,1,9,15,23,-2,1,-12,-4,-16,-19,-7,-2,-13,-13,sil
1.961009502410889,-10,-2,4,11,-8,8,0,-3,-27,-27,-19,-13,-31,-27,sil
1.961009502410889,-2,1,-2,18,6,23,16,2,-7,-2,-3,-2,-13,-6,sil
1.9770207405090328,5,2,3,30,19,29,16,4,13,23,6,6,5,10,sil
1.9770207405090328,-2,-7,6,22,16,21,13,5,12,20,-2,-1,-1,0,sil
1.992631912231445,-4,-6,0,10,12,12,21,6,5,16,-6,-7,-4,3,sil
1.992631912231445,0,-6,0,7,6,11,21,1,1,22,-5,0,2,18,sil
2.015671491622925,0,-16,-2,2,2,2,6,0,5,13,-2,0,7,16,sil
2.015671491622925,3,-17,2,-5,4,-12,-5,1,14,8,14,10,18,15,sil
2.017175674438477,14,-5,3,-12,1,-12,-1,-2,18,16,22,16,21,20,sil
2.023691177368164,10,-2,-4,-14,1,-10,0,-14,4,0,4,11,6,19,sil
2.038946866989136,9,1,6,-6,9,-15,-1,-2,-3,-18,5,22,9,17,sil
2.038946866989136,14,13,9,-1,5,-14,-6,5,2,-9,28,31,17,4,sil
2.054959774017334,0,12,-6,-20,-11,-16,-21,-3,-7,-20,13,4,-13,-22,sil
2.054959774017334,-18,-1,-10,-21,-15,-9,-19,0,-20,-28,-18,-20,-43,-25,sil
2.07104754447937,-15,-12,-9,2,-2,18,9,10,-5,7,-18,-18,-17,-7,sil
2.07104754447937,-13,-20,-15,-20,-4,20,15,6,8,23,-19,-16,8,-7,sil
2.087280035018921,-17,-25,-23,-60,-23,-6,0,1,16,4,-29,-21,7,-9,sil
2.087280035018921,-10,-5,-13,-32,-22,-12,-4,5,19,0,-13,-8,15,3,sil
2.1030924320220947,1,28,3,9,-3,-8,-7,1,2,-10,2,8,28,1,sil
2.1030924320220947,10,33,7,18,-2,-16,-15,-12,-16,-24,2,4,13,-11,sil
2.119030475616455,5,16,17,29,-13,-7,-17,-12,-25,-20,6,-4,-10,-9,sil
2.119030475616455,-3,19,14,48,-1,13,-3,0,-28,-1,10,0,-11,-5,sil
2.1340720653533936,8,21,13,52,16,23,14,4,-8,27,14,5,5,1,sil
2.1340720653533936,28,0,21,37,7,21,15,8,17,36,21,9,21,22,sil
2.149608850479126,16,-11,4,6,-20,-1,-9,1,10,0,12,3,22,19,sil
2.149608850479126,0,-1,-5,-17,-30,-23,-26,-8,-11,-27,7,4,4,-9,sil
2.1649577617645264,9,6,1,-9,-8,-17,-14,-6,-3,-7,24,15,-6,-4,sil
2.1649577617645264,10,4,6,5,14,-3,0,-2,4,1,23,14,-4,10,sil
2.1803293228149414,-6,-1,7,8,24,8,9,0,-10,-11,-11,-4,-18,-14,sil
2.1803293228149414,-20,-12,-7,-1,20,15,22,0,-8,-4,-41,-22,-38,-27,sil
2.196690320968628,-29,-23,-23,-25,5,8,27,3,17,11,-40,-24,-30,-6,sil
2.196690320968628,-26,-26,-20,-26,2,9,23,2,18,12,-27,-21,-15,0,sil
2.2126882076263428,-11,-19,-4,1,16,15,20,4,3,10,-19,-14,-17,0,sil
2.2126882076263428,-8,-9,-3,0,17,6,12,6,10,14,-13,-5,-16,9,sil
2.2280101776123047,-10,-1,-21,-17,9,0,6,0,22,12,-6,-7,-4,5,sil
2.2280101776123047,0,0,-10,-13,8,8,6,-2,13,6,-6,-7,6,4,sil
2.243522882461548,15,-6,8,-5,1,2,-1,6,7,6,5,7,21,25,sil
2.243522882461548,23,-11,2,-12,-8,-21,-13,6,7,5,26,20,30,31,sil
2.2596116065979004,21,5,1,-9,-6,-26,-15,0,3,-1,18,16,20,9,sil
2.2596116065979004,12,19,3,1,-2,-8,-9,-5,-3,-8,4,10,10,-5,sil
2.275686502456665,9,10,4,-2,-2,-5,-14,-8,-13,-16,14,18,9,-4,sil
2.275686502456665,5,4,3,-3,-2,-14,-23,-4,-17,-19,23,21,12,-8,sil
2.2905969619750977,1,8,0,5,-3,-9,-22,-4,-12,-10,16,11,12,-16,sil
2.2905969619750977,8,13,13,8,-3,1,-19,-2,-15,-8,13,10,8,-12,sil
2.307241916656494,8,14,18,7,-9,-2,-21,0,-17,-10,14,6,3,-9,sil
2.307241916656494,-10,9,5,3,-12,-8,-21,-2,-18,-12,8,-4,-4,-18,sil
2.322645664215088,-27,0,-4,-1,-5,4,-6,0,-21,-14,-3,-12,-11,-21,goodbye
2.322645664215088,-20,-1,1,3,2,14,9,3,-17,-5,-14,-14,-10,-10,goodbye
2.338158130645752,-3,11,20,21,11,18,21,6,-1,14,-8,-5,-8,7,goodbye
2.338158130645752,8,24,17,33,19,26,34,7,18,24,7,4,0,16,goodbye
2.353954553604126,5,10,4,23,12,22,33,6,29,15,0,-1,0,10,goodbye
2.353954553604126,-5,-10,-1,11,0,13,25,2,21,5,-29,-16,-11,5,goodbye
2.36934757232666,-7,-16,-15,2,-3,8,22,0,8,1,-31,-19,-10,13,goodbye
2.36934757232666,0,-20,-18,-13,-10,1,11,0,1,0,-16,-11,-4,14,goodbye
2.3852107524871826,-7,-27,-18,-19,-19,-2,0,-4,0,-2,-21,-15,-7,0,goodbye
2.3852107524871826,-16,-23,-22,-14,-16,-4,0,-6,0,-2,-30,-25,-14,-8,goodbye
2.400642871856689,-2,-11,-13,-13,-11,-13,3,0,10,8,-9,-8,-7,5,goodbye
2.400642871856689,22,-2,0,-6,-10,-19,0,6,18,22,20,27,15,24,goodbye
2.416073799133301,26,3,10,1,0,-12,-9,0,11,14,29,36,26,19,goodbye
2.416073799133301,15,8,6,0,10,-5,-14,-6,9,1,23,15,13,1,goodbye
2.4321553707122803,9,5,0,-6,5,-6,-10,-1,14,-1,13,2,1,-4,goodbye
2.4321553707122803,-1,-2,0,-17,-1,-9,-13,1,-1,-8,4,6,0,-6,goodbye
2.447798490524292,-11,-9,-9,-20,-4,-12,-21,-5,-27,-13,4,4,5,-14,goodbye
2.447798490524292,-3,-4,-6,-8,-3,-16,-27,-5,-26,-6,7,0,9,-21,goodbye
2.463131904602051,3,3,1,-1,0,-14,-25,1,-11,-4,2,-1,1,-17,goodbye
2.463131904602051,-3,9,3,-3,1,-7,-14,-3,-8,-13,0,3,-8,-12,goodbye
2.478655815124512,-10,10,7,4,6,-1,0,-3,-9,-14,2,3,-11,-12,goodbye
2.478655815124512,-3,10,4,16,8,4,11,3,-5,-2,2,-3,-7,-7,goodbye
2.4947540760040283,2,16,6,8,7,13,12,1,-4,-3,3,0,-6,0,goodbye
2.4947540760040283,0,15,5,0,7,11,2,0,-8,-18,4,4,-8,-2,goodbye
2.5108656883239746,-11,0,0,4,10,9,1,5,-11,-15,-3,-11,-12,-8,goodbye
2.5108656883239746,-10,-5,5,13,10,28,12,6,-4,5,-12,-18,-7,-2,goodbye
2.5267350673675537,3,1,8,19,13,37,24,4,14,14,-8,-5,0,10,goodbye
2.5267350673675537,1,3,6,22,14,15,18,1,15,7,-5,0,-1,19,goodbye
2.542346715927124,-8,0,1,19,6,0,8,0,0,4,-8,-10,-2,15,goodbye
2.542346715927124,-1,-2,2,15,1,3,11,1,8,14,-4,-14,2,12,goodbye
2.5580899715423584,5,-5,5,5,0,1,15,-1,21,19,-4,-5,6,15,goodbye
2.5580899715423584,0,-10,-10,-12,-12,-8,6,-8,4,9,-17,-4,1,9,goodbye
2.573094606399536,-3,-13,-16,-21,-12,-6,0,-4,-6,4,-20,-5,0,-1,goodbye
2.573094606399536,0,-7,-8,-16,0,9,14,5,16,16,0,4,16,1,goodbye
2.588925838470459,0,-7,-13,-15,-10,10,15,0,34,16,5,6,22,10,goodbye
2.588925838470459,0,-12,-8,-16,-27,-7,-7,-2,17,-2,-4,0,8,3,goodbye
2.604482650756836,8,-6,0,-9,-13,-17,-21,1,0,-8,8,14,10,0,goodbye
2.604482650756836,21,6,11,-4,3,-14,-22,0,0,-2,37,40,23,7,goodbye
2.6198806762695312,23,11,16,0,-2,-18,-29,-4,-2,4,38,38,16,6,goodbye
2.6198806762695312,15,12,1,7,-3,-29,-29,-5,-14,-2,24,18,4,-4,goodbye
2.635915756225586,16,17,3,2,5,-29,-13,0,-14,-16,27,20,7,-4,goodbye
2.635915756225586,19,16,12,-7,0,-20,-3,3,0,-6,32,22,11,0,goodbye
2.6519789695739746,0,6,7,-10,-9,-12,-10,0,-7,-4,6,-2,-8,-8,goodbye
2.6519789695739746,-20,0,-4,-3,0,1,-10,-3,-27,-30,-27,-32,-36,-25,goodbye
2.666999578475952,-22,-3,-15,-1,1,15,-7,-9,-34,-42,-39,-40,-41,-32,goodbye
2.666999578475952,-22,-9,-11,-12,-5,13,-11,-6,-34,-24,-27,-30,-29,-27,goodbye
2.6828434467315674,-19,-5,1,0,6,17,1,5,-11,4,-3,-14,-15,-13,goodbye
2.6828434467315674,-5,8,14,37,28,30,22,9,12,21,0,-8,-8,0,goodbye
2.697940826416016,0,8,8,39,19,15,17,0,-2,8,-21,-17,-13,-4,goodbye
2.697940826416016,-7,-14,-10,-1,-6,-5,8,-6,-11,0,-30,-19,-13,-10,goodbye
2.714937448501587,-8,-22,-1,-20,-10,0,16,1,16,11,-19,-3,-6,6,goodbye
2.714937448501587,-6,-6,1,1,1,11,25,3,24,12,-14,-3,-4,15,goodbye
2.729438781738281,-10,-2,-13,10,1,8,20,-1,2,-1,-16,-21,-4,4,goodbye
2.729438781738281,-12,-8,-16,-5,-3,10,14,6,4,0,-12,-15,1,6,goodbye
2.7459869384765625,0,-2,-12,-2,2,12,14,10,23,15,2,8,15,20,goodbye
2.7459869384765625,10,3,1,14,14,11,11,5,28,22,18,20,25,22,goodbye
2.7602717876434326,4,0,2,10,8,1,4,1,20,11,13,12,22,14,goodbye
2.776873588562012,-2,-3,-5,-5,-5,-14,-5,-5,8,-3,5,6,11,5,goodbye
2.776873588562012,1,-7,-1,-12,-9,-12,-14,-5,0,-3,10,11,8,2,goodbye
2.791198968887329,9,-8,1,-8,-5,-1,-9,0,0,6,13,15,15,9,goodbye
2.791198968887329,13,0,7,-7,-5,-7,-3,2,5,9,13,13,20,14,goodbye
2.80669903755188,8,6,8,-2,-5,-12,-10,2,7,15,16,11,15,0,goodbye
2.80669903755188,8,4,0,0,-5,-11,-14,0,4,11,14,15,7,-10,goodbye
2.822803020477295,19,11,6,-8,-6,-13,-9,0,1,0,20,23,14,2,goodbye
2.822803020477295,24,17,8,-8,3,-8,-1,0,10,4,30,18,22,12,goodbye
2.822803020477295,12,6,5,-2,10,1,-5,-1,1,8,13,1,6,-3,goodbye
2.838277578353882,-2,0,3,-7,0,1,-8,-3,-29,-13,-7,-3,-17,-17,goodbye
2.8539040088653564,-8,4,0,-14,-9,-10,-10,-8,-42,-34,-5,-2,-25,-14,goodbye
2.8539040088653564,0,14,13,-3,0,-11,-21,-8,-29,-35,0,0,-19,-13,goodbye
2.8709616661071777,9,19,19,15,11,0,-24,-8,-22,-26,0,3,-13,-11,goodbye
2.8709616661071777,4,17,17,25,11,4,-5,-7,-15,-12,0,3,-14,-3,goodbye
2.8709616661071777,-6,4,8,20,1,4,11,2,1,0,-10,-4,-12,0,goodbye
2.88698673248291,-13,-8,-14,5,-4,5,10,7,9,-1,-15,-10,-4,1,goodbye
2.88698673248291,-11,-7,-11,-1,-4,10,7,7,3,-3,-8,-7,-2,-1,goodbye
2.903064489364624,-2,0,5,11,0,10,11,5,2,5,-10,-9,-6,-3,goodbye
2.903064489364624,0,1,3,20,5,5,9,1,0,4,-14,-12,-8,-1,goodbye
2.91815447807312,-2,-2,-12,6,7,5,10,0,1,-2,-5,-11,-2,0,goodbye
2.932769298553467,-10,-16,-21,-10,-2,4,13,-2,12,5,-5,-15,0,0,goodbye
2.932769298553467,-20,-26,-15,-17,-11,0,11,-4,9,8,-16,-20,-9,-3,goodbye
2.948249340057373,-18,-18,-17,-13,-5,0,15,0,-1,2,-14,-22,-9,-8,goodbye
2.948249340057373,-13,-16,-22,-15,0,4,15,0,-1,4,-16,-27,-7,-11,goodbye
2.963810920715332,-15,-20,-17,-16,-4,2,-1,-2,0,0,-20,-24,-10,-13,goodbye
2.963810920715332,-6,-11,-5,-1,-2,0,-9,0,-2,0,-4,-5,3,-3,goodbye
2.979264259338379,5,2,10,13,12,6,-3,9,4,12,4,6,19,16,goodbye
2.979264259338379,6,5,6,7,17,8,2,7,15,19,1,8,13,23,goodbye
2.995162010192871,0,-3,-3,-10,-2,-4,0,0,13,4,6,9,0,11,goodbye
2.995162010192871,-5,-15,-4,-18,-20,-13,-8,0,7,0,0,2,-2,0,goodbye
3.011197090148926,0,-6,0,-6,-5,0,-1,3,14,19,-5,0,11,5,goodbye
3.011197090148926,12,13,13,2,7,6,5,4,21,26,23,23,26,18,goodbye
3.0267224311828613,19,15,14,1,0,-5,0,2,17,9,42,36,25,15,goodbye
3.0267224311828613,25,17,12,10,-1,-8,-6,0,11,2,31,32,22,8,goodbye
3.042032241821289,28,35,25,26,5,0,-4,1,5,8,28,38,24,9,goodbye
3.042032241821289,19,25,15,20,3,-4,-6,-6,-11,-2,20,29,9,3,goodbye
4.229174613952637,-124,-122,-103,-124,-104,-91,-108,-45,-122,-112,-143,-122,-115,-116,goodbye
4.229174613952637,-24,-26,-6,-14,-15,12,-4,0,-29,-15,-31,-24,-11,-21,goodbye
4.244714736938477,-28,-33,-21,-23,-19,4,-11,-4,-32,-9,-29,-23,-7,-17,goodbye
4.244714736938477,-68,-68,-55,-73,-52,-28,-56,-18,-71,-56,-68,-62,-46,-55,goodbye
4.259836673736572,-38,-35,-24,-41,-24,0,-21,0,-37,-31,-38,-42,-26,-30,goodbye
4.259836673736572,-26,-34,-21,-38,-19,0,-3,0,-15,-6,-23,-28,-11,-14,goodbye
4.275190591812134,-35,-46,-22,-54,-32,-18,-12,-9,-17,-16,-27,-28,-1,-15,goodbye
4.275190591812134,-17,-20,-10,-33,-19,-8,-1,-2,-6,-15,-11,-17,17,-3,goodbye
4.291074514389038,-6,-8,-11,-31,-13,-2,-1,0,-1,-8,-4,-7,11,0,goodbye
4.291074514389038,4,-6,-4,-28,-11,0,0,1,14,6,1,6,13,12,goodbye
4.307088136672974,32,13,22,5,-1,2,14,8,40,26,29,29,39,35,goodbye
4.307088136672974,44,35,37,25,8,4,13,12,42,30,45,47,41,32,goodbye
4.323067665100098,36,36,23,18,17,7,2,8,23,16,39,40,16,11,goodbye
4.323067665100098,21,28,18,12,15,1,-8,2,4,0,30,21,-10,1,goodbye
4.338602066040039,9,30,23,22,9,-5,-15,-1,-7,-10,25,9,-28,1,goodbye
4.338602066040039,0,26,9,35,8,-1,-10,-3,-16,-6,6,-3,-45,1,goodbye
4.354633569717407,-9,11,0,36,8,14,7,1,-11,10,-11,-9,-61,1,goodbye
4.354633569717407,1,8,3,37,13,30,31,4,20,24,0,2,-51,11,goodbye
4.369662046432495,14,4,8,26,17,27,34,2,41,13,12,11,-43,20,goodbye
4.369662046432495,3,-11,-5,-3,9,9,13,3,23,6,0,3,-68,9,goodbye
4.385757446289063,1,-9,-17,-12,-1,-10,-3,2,4,9,0,7,-53,0,goodbye
4.385757446289063,24,12,8,6,-3,-22,-11,-2,0,-6,19,28,40,1,goodbye
4.401847362518311,31,21,23,18,0,-16,-16,-7,-7,-19,28,37,111,5,goodbye
4.401847362518311,14,14,15,12,3,-11,-19,-6,-18,-15,21,24,92,2,goodbye
4.417978286743164,12,11,20,15,0,-8,-12,0,-11,-3,21,16,63,4,goodbye
4.417978286743164,20,9,20,22,-2,4,4,4,0,10,15,19,69,14,goodbye
4.432935953140259,8,4,10,14,1,11,11,3,-4,5,-8,11,51,11,goodbye
4.432935953140259,-9,-1,-3,0,4,4,4,2,-12,-8,-15,-2,13,-4,goodbye
4.448990345001221,-16,-7,-8,-4,3,0,-2,-3,-11,-4,-2,-8,0,-13,goodbye
4.448990345001221,-12,-7,-3,0,7,0,-6,-3,-9,0,-4,-13,-5,-9,goodbye
4.464550495147705,-7,-7,-4,-4,3,-3,0,0,-12,-3,-18,-20,-14,-8,goodbye
4.464550495147705,-13,-17,-11,-24,-8,-8,3,-1,-13,-8,-33,-22,-20,-15,goodbye
4.480067014694214,-26,-24,-29,-36,-11,-6,3,-3,-9,-11,-45,-35,-32,-27,goodbye
4.480067014694214,-30,-17,-33,-28,-3,0,1,-1,-1,-4,-42,-50,-40,-29,goodbye
4.4959471225738525,-21,-11,-20,-26,-1,11,7,2,6,7,-30,-38,-27,-16,goodbye
4.4959471225738525,-16,-15,-26,-33,0,8,14,3,17,4,-22,-23,-16,-5,goodbye
4.511228561401367,-18,-18,-23,-33,0,2,9,0,17,0,-13,-25,-23,-5,goodbye
4.511228561401367,-22,-23,-22,-39,-5,6,0,-1,3,3,-7,-31,-27,-7,goodbye
4.527098178863525,-16,-23,-22,-45,-7,3,-7,0,-1,0,-6,-22,-20,-4,goodbye
4.527098178863525,0,-2,0,-13,5,6,0,6,15,5,11,0,-2,9,goodbye
4.542705535888672,9,14,12,24,15,19,14,1,24,20,37,17,10,26,goodbye
4.542705535888672,4,6,7,15,7,8,7,-8,2,13,18,11,-4,15,goodbye
4.557832956314087,3,2,5,11,-6,-7,-6,-5,-10,2,-3,3,-13,-3,goodbye
4.557832956314087,15,17,14,46,-12,-5,0,0,1,10,18,20,10,8,goodbye
4.574011325836182,21,23,23,46,-13,-5,-1,0,0,3,30,35,15,19,goodbye
4.5891432762146,15,13,17,18,-16,-15,-13,-3,-7,-12,12,24,1,8,goodbye
4.5891432762146,15,9,22,22,-11,-16,-12,1,0,-7,14,21,11,10,goodbye
4.5891432762146,19,14,30,34,-2,-8,-6,7,0,0,22,32,23,17,goodbye
4.604892253875732,18,14,19,29,0,-3,-6,0,-9,-3,12,25,11,6,goodbye
4.604892253875732,15,11,17,27,0,-2,-7,-7,-11,-7,3,12,2,-4,goodbye
4.621147871017456,9,8,12,22,2,-2,0,0,-4,-5,0,6,6,-1,goodbye
4.621147871017456,8,6,4,5,7,1,0,6,-2,1,0,12,11,4,goodbye
4.635705947875977,10,-1,1,-2,5,-1,-1,0,-2,2,2,15,5,3,goodbye
4.635705947875977,-1,-15,-10,-16,-5,-15,-5,-2,-5,-14,-8,-2,-9,-10,goodbye
4.6518309116363525,-17,-12,-19,-36,-5,-14,-10,5,-5,-15,-12,-13,-8,-12,goodbye
4.6518309116363525,-10,0,-17,-33,5,-2,-5,4,4,3,0,2,10,0,goodbye
4.667953014373779,-8,-1,-9,-22,6,0,0,0,14,-2,1,10,9,-3,goodbye
4.683989524841309,-15,-3,-10,-24,2,6,2,2,16,-8,2,1,0,-9,goodbye
4.683989524841309,-1,3,-4,-15,18,15,8,3,17,9,12,1,11,0,goodbye
4.683989524841309,11,6,9,-1,31,7,9,-1,5,2,1,0,10,1,goodbye
4.698474884033203,1,0,0,-1,16,0,4,0,-6,-14,-8,-13,-5,-9,goodbye
4.71364164352417,-1,-2,-7,-3,8,9,6,0,0,-3,-5,-15,-4,-4,goodbye
4.71364164352417,7,0,-1,-1,1,15,4,-3,-4,-2,-16,-15,-3,1,goodbye
4.71364164352417,0,-6,-7,-2,-14,8,1,-6,-18,-15,-23,-23,-17,-3,goodbye
4.729134798049927,-8,-4,-2,5,1,12,17,0,-2,2,-7,-17,-12,-1,goodbye
4.744643449783325,-2,3,-3,15,-3,11,18,0,13,31,0,-7,2,1,goodbye
4.744643449783325,-6,-1,-12,0,-64,-5,-5,-3,-6,23,-7,-17,-7,-5,goodbye
4.759828090667725,-12,-9,1,-4,-20,0,0,0,-15,2,-3,-22,-17,-7,goodbye
4.759828090667725,-12,-5,1,12,65,7,12,-3,-12,-4,-9,-22,-16,-5,goodbye
4.774919509887695,-20,-9,-11,4,-23,-14,-9,-11,-28,-6,-29,-26,-25,-12,goodbye
4.774919509887695,-12,-13,-10,-13,-97,-12,-13,-1,-15,5,-14,-15,-12,-2,goodbye
4.790756702423096,5,-8,2,-6,18,10,14,11,21,16,9,7,15,20,goodbye
4.790756702423096,-5,-7,9,0,73,9,9,9,16,9,0,13,8,12,goodbye
4.805881977081299,-18,-4,-4,0,-2,0,-13,0,0,6,-4,4,-3,-5,goodbye
4.805881977081299,-3,6,-1,6,-14,-4,-21,0,11,9,11,10,12,5,goodbye
4.821064710617065,7,13,15,15,18,-4,-16,9,12,1,16,23,25,20,goodbye
4.821064710617065,9,11,12,12,10,-1,-2,3,2,-2,17,25,19,10,goodbye
4.837279558181763,13,13,4,6,-1,-6,3,-5,5,-1,20,19,15,0,goodbye
4.837279558181763,15,10,2,5,-2,-15,0,-6,5,-6,9,10,7,-1,goodbye
4.852808475494385,10,-1,-1,3,-1,-10,0,-1,-4,-14,-3,3,-6,-5,goodbye
4.852808475494385,6,-8,-7,-5,0,-2,1,3,6,-6,-2,3,-8,-3,goodbye
4.868394136428833,10,0,-5,-11,-1,-1,-2,5,26,0,1,7,3,1,goodbye
4.868394136428833,14,4,3,-5,-8,-1,-2,3,17,-12,1,7,2,0,goodbye
4.884071350097656,9,3,5,3,-6,0,4,0,-2,-18,1,6,-5,-4,goodbye
4.884071350097656,9,6,13,0,1,-1,1,3,-3,-7,15,15,3,1,goodbye
4.899617910385132,12,5,12,-10,1,-3,-6,3,0,0,24,24,16,2,goodbye
4.899617910385132,0,0,-1,-14,-3,-6,-5,-9,-12,-3,6,10,3,-1,goodbye
4.915170669555664,-12,2,0,3,2,0,3,-11,-24,-8,-12,-5,-12,-1,goodbye
4.915170669555664,0,9,4,24,9,7,8,1,-10,0,0,-4,-5,2,goodbye
4.930942296981812,12,6,4,1,1,5,6,9,7,11,13,5,5,7,goodbye
4.930942296981812,3,0,0,-33,0,3,3,3,11,13,8,-2,4,5,goodbye
4.946983337402344,-12,-6,-12,-14,3,4,-7,-8,-1,9,0,-19,0,-4,goodbye
4.946983337402344,-17,-6,-4,14,-1,2,-11,-8,-14,0,0,-17,-3,-12,goodbye
4.962835311889648,-14,-1,-4,7,-2,2,4,-1,-12,-3,-11,-15,-9,-7,goodbye
4.962835311889648,-17,-8,-15,0,3,5,6,-2,-12,-1,-33,-29,-19,-7,goodbye
4.978852272033691,-20,-19,-15,0,1,5,-4,-8,-25,-5,-34,-30,-17,-11,goodbye
4.978852272033691,-13,-15,-7,-5,-4,3,-1,-7,-21,-5,-15,-16,-10,-7,goodbye
4.994417428970337,-6,-5,0,-5,-11,4,0,0,-16,-7,-18,-12,-23,-9,goodbye
4.994417428970337,-2,-2,-5,0,-10,5,-5,-2,-17,-8,-20,-10,-20,-13,goodbye
5.0100085735321045,10,5,3,0,1,3,0,-1,3,5,6,7,12,4,goodbye
5.0100085735321045,21,13,25,7,10,0,4,11,26,22,25,22,25,27,goodbye
5.0255653858184814,18,5,16,13,9,-2,0,15,27,19,14,18,13,26,goodbye
5.0255653858184814,16,5,8,12,9,3,11,11,32,17,12,19,18,21,goodbye
5.040759325027466,17,14,12,16,8,11,26,8,40,21,18,22,29,19,goodbye
5.040759325027466,4,10,6,14,6,3,21,1,20,4,6,9,10,4,goodbye
5.056819438934326,-10,2,-5,5,1,-2,7,3,0,-9,-7,-4,-8,-9,sil
5.056819438934326,-16,-4,-15,-2,-6,-8,-6,6,4,-2,-5,-10,-1,-12,sil
5.071580171585083,-14,-10,-8,-11,-8,-17,-17,-2,6,-6,-4,-8,0,-14,sil
5.071580171585083,-10,-8,-8,-11,-7,-13,-15,-12,-3,-23,-15,-14,-18,-18,sil
5.08772873878479,-11,-8,-13,-10,-14,-5,-11,-11,-14,-24,-15,-15,-24,-16,sil
5.08772873878479,-10,-10,-5,-19,-19,-11,-9,-4,-11,-4,0,-1,-3,-5,sil
5.103105306625366,-3,-5,-5,-23,-12,-12,0,0,-6,8,6,3,5,0,sil
5.103105306625366,6,0,-1,-13,-1,-1,4,0,-11,-2,0,0,0,-2,sil
5.118717670440674,17,5,4,-1,9,5,3,0,-4,-6,15,13,7,0,sil
5.118717670440674,17,9,6,0,10,3,-6,0,7,3,32,28,21,8,sil
5.134814262390137,10,16,13,1,7,0,-17,0,-2,0,23,28,15,10,sil
5.134814262390137,13,20,9,10,12,-1,-12,-6,-24,-10,13,16,3,5,sil
5.150890350341797,5,15,5,15,9,3,-9,-3,-29,-15,8,-3,-7,-2,sil
5.150890350341797,-11,8,3,14,0,8,-10,2,-19,-5,-6,-16,-13,-4,sil
5.165884494781494,-13,1,-3,21,4,5,5,2,-3,11,-15,-18,-10,2,sil
5.165884494781494,-7,-14,-8,16,4,4,20,0,12,14,-20,-22,-10,4,sil
5.1810595989227295,-10,-33,-17,-6,-7,11,19,0,25,10,-35,-27,-11,0,sil
5.1810595989227295,-15,-33,-12,-17,-6,9,13,0,25,14,-32,-17,-7,4,sil
5.197608709335327,-12,-19,-5,-7,-3,1,5,0,18,14,-4,-9,-2,5,sil
5.19861364364624,6,-6,-5,-4,-8,-5,0,0,14,5,12,1,7,1,sil
5.212687253952026,21,0,12,-9,-3,-2,2,3,8,1,13,25,20,10,sil
5.212687253952026,13,0,13,-10,-2,1,0,3,5,1,11,29,21,14,sil
5.22778582572937,7,-4,-1,-14,-11,-4,-8,-1,0,-8,9,16,12,0,sil
5.243391990661621,16,7,5,-5,0,-6,0,1,-5,-10,22,21,14,0,sil
5.243391990661621,14,30,18,20,22,1,7,0,-8,0,36,26,15,6,sil
5.243391990661621,1,33,15,23,18,0,-4,-8,-16,-5,18,8,0,-11,sil
5.2589545249938965,0,16,4,3,1,-10,-10,-6,-23,-19,-3,-8,-13,-27,sil
5.2589545249938965,0,10,9,2,1,-4,-3,0,-22,-18,-7,-8,-16,-13,sil
5.275037050247192,-8,13,5,11,2,3,-2,0,-19,-6,-15,-8,-22,-1,sil
5.275037050247192,-14,0,-13,7,-2,2,2,0,-11,4,-23,-18,-27,-3,sil
5.29112982749939,-11,-12,-6,-2,0,10,12,10,3,13,-19,-23,-23,-1,sil
5.305846691131592,-10,-11,-9,-3,0,17,19,11,12,16,-14,-24,-11,-2,sil
5.305846691131592,-17,-12,-23,-5,-9,3,13,0,4,0,-26,-31,-11,-12,sil
5.305846691131592,-21,-18,-18,-15,-15,-3,5,-1,0,-16,-35,-30,-14,-10,sil
5.320880889892578,-12,-20,-14,-24,-11,-3,0,1,11,0,-11,-8,9,7,sil
5.338338375091553,0,-8,-1,-19,-8,-12,-12,0,21,18,19,17,33,12,sil
5.338338375091553,7,9,11,0,-2,-13,-19,0,22,9,24,25,28,0,sil
5.338338375091553,18,10,10,7,3,-5,-18,0,24,4,21,24,25,2,sil
5.353963613510132,21,7,12,6,6,-3,-21,-2,17,6,29,29,26,13,sil
5.353963613510132,12,17,9,16,8,1,-21,-9,-5,-2,22,19,7,8,sil
5.369027137756348,7,20,8,31,11,7,-6,-8,-25,-10,0,4,-8,6,sil
5.369027137756348,8,5,2,32,13,5,9,2,-18,6,-5,0,-3,18,sil
5.384377717971802,2,-12,-4,11,2,8,11,4,2,19,0,0,0,16,sil
5.401320219039917,-6,-28,-8,-15,-13,6,8,-2,5,3,-8,-11,-7,1,sil
5.401320219039917,-4,-26,-12,-24,-10,-5,16,0,2,-9,-16,-17,-6,-3,sil
5.41685962677002,1,-8,-7,-22,-1,-12,15,8,1,-15,-8,-3,0,-4,sil
5.41685962677002,0,0,-7,-24,-11,-17,-3,0,-13,-28,-2,2,-9,-13,sil
5.4329514503479,-7,0,-6,-22,-13,-19,-13,-9,-24,-30,2,1,-14,-17,sil
5.4329514503479,-6,5,10,-2,6,1,-1,-1,-11,-8,16,7,-2,-11,sil
5.4329514503479,-7,8,12,23,16,26,8,0,-1,11,12,5,-2,-8,sil
5.446140766143799,-9,1,5,26,6,24,9,-3,0,14,-9,-12,-9,-5,sil
5.462259292602539,-5,-6,-7,3,-1,15,13,8,16,16,-13,-19,0,2,sil
5.462259292602539,0,-8,-15,-15,-2,4,4,12,22,10,-2,-8,8,0,sil
5.477964162826538,3,6,0,-13,0,-2,-12,1,4,0,4,9,3,-8,sil
5.477964162826538,11,23,12,4,10,0,-6,-1,0,0,17,19,6,0,sil
5.493159294128418,12,22,14,16,16,3,5,0,2,-1,18,15,6,7,sil
5.493159294128418,7,13,10,21,12,6,13,1,0,4,1,4,-3,7,sil
5.508213520050049,2,6,1,20,2,3,16,1,1,20,-6,-6,-1,11,sil
5.508213520050049,-5,-4,0,-1,-3,-5,3,-3,0,11,-12,-8,6,13,sil
5.523821830749512,-2,-15,0,-24,-7,-12,-9,-9,0,-5,-16,0,10,10,sil
5.523821830749512,16,-8,5,-18,-9,-15,-14,-3,0,-3,0,16,10,9,sil
5.539015293121338,23,11,11,-2,-4,-22,-26,0,-11,-10,13,18,4,-2,sil
5.539015293121338,7,14,7,1,1,-20,-32,-10,-32,-31,0,-3,-15,-18,sil
5.554592609405518,-12,0,3,8,3,-1,-15,-9,-33,-26,-11,-29,-34,-20,sil
5.554592609405518,-21,-10,-9,12,-3,9,6,3,-10,0,-13,-28,-23,-14,sil
5.570224285125732,-23,-19,-14,-3,-16,2,8,6,9,5,-13,-13,-4,-5,sil
5.570224285125732,-23,-24,-13,-17,-16,6,8,4,17,9,-9,-12,3,5,sil
5.586033582687378,-15,-14,-19,-9,-1,20,24,7,29,23,-1,-16,14,10,sil
5.586033582687378,-4,-4,-8,-4,-1,15,20,7,30,21,0,0,17,5,sil
5.601927042007446,-1,-6,-1,-4,-8,1,6,4,17,10,3,17,13,6,sil
5.601927042007446,7,-3,-2,2,0,-1,5,4,14,9,14,18,19,10,sil
5.617006778717041,19,0,2,0,4,-7,-2,0,8,0,15,14,18,2,sil
5.617006778717041,15,6,2,-8,-6,-16,-22,-9,-14,-21,5,11,0,-9,sil
5.632136583328247,10,19,6,0,0,-14,-26,-4,-28,-31,3,9,-11,-10,sil
5.632136583328247,11,25,3,10,8,-6,-13,0,-18,-22,3,3,-12,-9,sil
5.647934436798096,2,19,-2,11,9,0,0,-5,-13,-11,-11,-5,-14,-11,sil
5.647934436798096,-3,22,8,23,16,12,11,2,-9,-3,-12,-1,-13,-4,sil
5.663866281509399,0,17,10,31,19,18,17,7,1,10,8,2,-9,3,sil
5.663866281509399,-4,-9,2,9,8,15,15,0,5,22,9,-6,-6,5,sil
5.6786980628967285,-9,-26,-4,-7,4,16,21,0,11,26,-2,-12,6,12,sil
5.6786980628967285,0,-15,-2,-4,9,17,27,3,20,22,4,-1,18,23,sil
5.694766998291016,11,0,11,1,5,11,17,2,19,17,9,11,10,25,sil
5.694766998291016,10,-4,1,0,-7,-4,0,0,17,8,0,9,2,12,sil
5.710851907730103,-1,-16,-16,-17,-16,-21,-18,-2,5,-6,-7,2,0,-7,sil
5.710851907730103,-2,-14,-13,-28,-16,-24,-26,-2,-3,-10,0,4,4,-9,sil
5.726993560791016,5,-3,0,-17,-6,-22,-23,-1,1,-3,13,12,12,2,sil
5.726993560791016,-3,6,6,-9,-2,-20,-31,-9,-7,-8,13,6,7,-8,sil
5.742045402526856,-11,15,0,-2,-7,-11,-27,-18,-32,-17,1,-5,-9,-24,sil
5.742045402526856,5,17,8,9,1,1,-5,-7,-35,-15,0,-4,-11,-13,sil
5.7575843334198,9,9,11,12,11,7,11,7,-15,-11,-1,0,-2,-4,sil
5.7575843334198,-10,1,0,10,0,8,14,0,-9,-10,-15,-14,-8,-9,sil
5.773662567138672,-17,-1,-1,9,-7,9,11,-3,-18,-13,-26,-28,-19,-9,sil
5.773662567138672,-13,-10,-5,0,-1,15,15,4,-14,-8,-26,-27,-17,-5,sil
5.789586544036865,-14,-19,-9,-14,-3,11,12,7,8,6,-22,-15,-10,-1,sil
5.789586544036865,-10,-16,-6,-21,-10,-1,3,5,23,11,-13,-4,-5,7,sil
5.804607391357422,-1,-12,-5,-14,-6,-3,4,1,24,11,0,1,7,14,sil
5.804607391357422,1,-7,1,-8,-3,-1,5,0,18,12,6,10,17,6,sil
5.819831132888794,5,3,2,-7,-1,-13,-11,0,10,0,17,15,9,-8,sil
5.819831132888794,9,13,5,0,4,-18,-25,0,5,-12,26,13,0,-8,sil
5.83586311340332,17,25,15,14,10,0,-10,7,9,1,28,17,10,4,sil
5.83586311340332,27,38,14,24,14,5,2,6,11,14,30,21,19,7,sil
5.850987195968628,19,30,12,27,14,6,2,2,4,7,24,16,4,3,sil
5.850987195968628,3,7,2,23,10,21,19,3,0,8,4,3,-7,7,sil
5.867122411727905,-1,-1,-1,15,10,26,34,5,2,15,-14,-7,-3,13,sil
5.867122411727905,-10,-6,-2,8,3,7,16,0,-6,6,-21,-14,-2,11,sil
5.882716178894043,-23,-23,-16,-3,-10,-11,-5,-12,-27,-5,-23,-17,-9,2,sil
5.882716178894043,-14,-27,-12,-12,-12,-8,-10,-11,-25,-9,-21,-5,-7,-2,sil
5.897848129272461,4,-9,0,1,-1,4,-4,-3,2,-3,-14,4,7,5,sil
5.897848129272461,5,-9,-1,5,0,-4,-5,0,11,2,-13,-1,13,10,sil
5.91301965713501,-1,-24,-15,-22,-11,-24,-11,0,0,1,-10,-1,6,0,sil
5.91301965713501,0,-15,-21,-26,-13,-17,-13,-7,-6,-5,6,5,0,-8,sil
5.929166793823242,0,10,-3,0,-6,1,-10,-8,-6,-10,17,4,-2,-9,sil
5.929166793823242,0,10,1,4,0,5,0,6,1,0,12,0,0,-10,sil
5.944842338562012,6,-1,-1,-13,4,2,6,12,17,12,12,4,8,-2,sil
5.944842338562012,9,8,12,-16,7,4,8,8,17,7,18,13,8,8,sil
5.960729360580444,5,17,16,-2,8,6,13,3,8,-4,10,5,0,5,sil
5.960729360580444,0,7,11,5,8,3,3,0,2,-12,-2,-7,-10,-8,sil
5.975877046585083,-2,0,4,2,0,-5,-9,-4,0,-10,0,-11,-8,-13,sil
5.975877046585083,-6,0,0,-4,-9,-9,-6,-4,-7,-9,2,-7,-4,-13,sil
5.991939544677734,-9,0,2,-8,-9,0,-9,-5,-12,-14,-5,-7,-12,-15,sil
5.992940664291382,-5,0,-4,-5,-4,0,-18,-9,-8,-12,-11,-6,-13,-13,sil
6.0070273876190186,-4,0,-3,0,-2,-6,-15,0,-6,0,-6,1,-1,-4,sil
6.032224178314209,-6,8,3,12,2,2,0,6,-12,3,0,1,2,1,sil
6.032224178314209,0,15,3,16,7,6,7,-1,-12,-1,0,-2,0,3,sil
6.032224178314209,0,1,5,8,5,-4,0,-5,-6,-3,0,1,-2,3,sil
6.032224178314209,-9,-5,-1,10,4,0,-3,0,-4,0,-1,0,-5,3,sil
6.039119720458984,-8,2,-2,16,4,13,9,0,-6,7,2,-1,-3,5,sil
6.054624795913696,2,-2,-3,3,1,17,25,0,0,17,1,-2,-3,7,sil
6.069041252136231,0,-16,-14,-6,0,8,22,1,9,14,-14,-16,-8,7,sil
6.069041252136231,0,-10,-5,0,3,7,12,6,15,14,-16,-13,1,13,sil
6.085093021392822,15,2,10,9,11,14,17,10,19,29,2,9,18,23,sil
6.085093021392822,17,1,12,2,1,3,10,5,15,19,5,18,13,20,sil
6.101152658462524,6,-8,5,-8,-10,-14,-3,-1,7,-2,-3,12,5,8,sil
6.101152658462524,5,-7,-2,-9,-8,-11,0,1,13,0,2,10,10,4,sil
6.118114709854126,2,0,-4,-14,-10,-3,2,7,15,0,2,6,7,1,sil
6.118114709854126,0,-7,-9,-23,-15,-16,-15,-3,3,-20,-8,0,0,-7,sil
6.118114709854126,7,-9,0,-9,-5,-24,-23,-9,0,-20,-4,7,0,-4,sil
6.131953477859497,10,4,4,7,0,-8,-8,0,3,-11,4,10,5,2,sil
6.147201299667358,4,4,-7,-3,-5,-3,-6,-1,-3,-9,8,1,8,-1,sil
6.147201299667358,0,0,0,-13,0,-12,-22,-4,-13,-8,21,2,8,-11,sil
6.163164138793945,-2,17,5,7,12,-6,-23,0,-18,-10,25,3,3,-20,sil
6.163164138793945,-2,20,2,17,11,4,-14,-4,-25,-25,3,-5,-11,-26,sil
6.17864727973938,-9,7,6,11,6,6,-9,-4,-23,-22,-2,-7,-18,-23,sil
6.17864727973938,-19,2,4,16,5,9,8,0,-9,8,7,-5,-3,-11,sil
6.1937360763549805,-17,-4,-1,11,5,18,24,3,-5,11,-12,-15,-5,-6,sil
6.1937360763549805,-10,-11,-10,-5,0,17,22,0,-13,-11,-36,-27,-26,-10,sil
6.208799600601196,-11,-9,-13,-9,-1,8,12,-1,-7,0,-19,-22,-23,-2,sil
6.208799600601196,-8,-6,-5,-4,0,5,3,1,5,24,-2,-8,-4,8,sil
7.105809926986694,10,15,19,14,12,5,-3,-5,-2,6,13,3,0,1,sil
7.105809926986694,0,14,19,30,9,1,-15,-10,-12,-4,-11,-4,-14,-6,sil
7.121222496032715,0,7,4,19,5,1,-1,2,-6,3,-4,-7,-7,3,sil
7.121222496032715,7,0,2,0,1,8,15,8,2,6,0,-3,0,14,sil
7.136753797531128,2,-7,-3,6,0,13,18,-4,-1,-1,-18,-4,-5,7,sil
7.136753797531128,-1,-13,-11,0,-4,5,14,-8,4,11,-8,1,3,10,sil
7.152459859848023,11,1,2,-22,-7,-3,3,0,12,13,17,19,20,17,sil
7.152459859848023,12,18,3,-10,-7,-2,-6,-2,-12,-15,5,13,2,0,sil
7.167224168777466,-8,4,-4,7,-1,7,-2,-5,-25,-22,-18,-10,-20,-12,sil
7.167224168777466,-15,-14,-3,-1,0,11,10,7,6,10,-12,-16,-10,1,sil
7.18280839920044,0,-13,-1,-10,-6,0,2,12,31,27,0,-3,5,10,sil
7.18280839920044,0,-14,-9,-20,-9,-16,-20,5,27,5,-3,0,1,1,sil
7.198845386505127,-15,-20,-24,-29,-9,-25,-21,-5,13,-19,-1,-4,-2,-17,sil
7.198845386505127,-16,0,-7,-11,-8,-13,-7,-9,-9,-20,4,-6,-6,-30,sil
7.214874267578125,-6,14,8,18,0,9,6,0,-19,-5,-3,-8,-7,-16,sil
7.214874267578125,-4,-8,-6,13,3,10,18,5,-6,2,-11,-10,-3,7,sil
7.230661392211914,-5,-21,-5,-2,-1,3,20,1,2,4,-2,-6,0,11,sil
7.230661392211914,0,-5,1,4,0,6,16,-1,1,5,0,0,8,8,sil
7.245752334594727,7,1,2,0,5,-4,4,0,2,0,2,14,23,12,sil
7.245752334594727,13,7,5,-10,9,-22,-8,2,-1,-7,16,23,15,4,sil
7.261214733123779,8,14,7,5,10,-13,-10,-4,-7,-7,4,1,-9,-9,sil
7.261214733123779,-1,6,6,21,8,6,-2,-4,-1,6,-17,-13,-13,-6,sil
7.276667356491089,-2,4,1,19,7,19,7,7,21,35,0,0,9,12,sil
7.276667356491089,12,15,9,17,13,19,15,15,39,46,21,19,25,26,sil
7.292636156082153,18,7,6,4,3,0,4,2,14,11,11,18,14,15,sil
7.292636156082153,6,-2,-9,-10,-15,-18,-23,-14,-33,-32,5,6,-1,-12,sil
7.307894945144653,0,10,2,-1,-10,-13,-36,-13,-51,-42,12,9,-9,-18,sil
7.323992252349853,0,15,12,7,1,-1,-20,-7,-36,-27,4,13,-15,-4,sil
7.323992252349853,-4,-1,2,0,0,3,-1,-1,-17,-12,-12,0,-22,-1,sil
7.323992252349853,-10,-11,-8,-8,-4,9,12,7,5,3,-21,-18,-16,-2,sil
7.339846849441528,-10,-14,-19,-20,-4,3,12,3,17,12,-10,-17,0,-2,sil
7.339846849441528,0,0,-3,-15,-1,-8,-7,0,2,3,11,-1,9,-3,sil
7.355135917663574,14,22,13,12,8,0,-12,5,-1,0,19,5,12,1,sil
7.355135917663574,7,11,3,14,12,16,12,3,13,15,0,-12,2,4,sil
7.370812177658081,-13,-20,-10,-10,0,20,31,4,24,24,-17,-28,-9,-1,sil
7.370812177658081,-20,-28,-16,-21,-9,5,17,3,24,12,-12,-20,-3,-1,sil
7.386016607284546,-8,-15,-10,-18,-11,-13,-10,-4,15,-3,-2,-2,8,-1,sil
7.402078628540039,5,-2,0,-6,-6,-19,-16,-5,0,-8,4,5,8,-4,sil
7.402078628540039,11,5,12,2,-5,-19,-13,-3,-11,-9,12,12,4,0,sil
7.402078628540039,6,10,17,1,-2,-17,-13,-3,-22,-12,12,14,0,0,sil
7.418864011764526,3,9,7,12,4,-1,1,0,-16,-8,1,0,-10,0,sil
7.418864011764526,0,6,9,26,6,21,23,3,2,-1,-7,-6,-18,3,sil
7.434494972229004,-1,-4,4,20,0,30,30,4,13,3,-11,0,-8,6,sil
7.434494972229004,0,-18,-5,0,-3,17,24,6,17,7,-14,2,7,14,sil
7.447784185409546,1,-10,-3,-12,-3,3,12,6,23,7,-8,10,16,19,sil
7.46321702003479,2,6,-2,-13,0,-3,2,-2,14,2,10,26,22,12,sil
7.46321702003479,-2,5,-9,-12,0,-17,-11,-8,-14,-12,12,19,15,-7,sil
7.478973388671875,-12,1,-15,-11,-2,-26,-30,-6,-29,-25,0,-6,0,-25,sil
7.478973388671875,-10,7,-5,-3,2,-16,-38,-3,-20,-17,6,-8,-8,-24,sil
7.494605541229248,-7,9,7,1,7,-5,-25,0,-15,-2,6,-2,-12,-17,sil
7.494605541229248,-13,1,-4,6,4,1,-4,0,-19,6,-10,-22,-20,-19,sil
7.510118722915649,-15,-5,-7,11,6,22,9,0,-14,9,-18,-35,-28,-16,sil
7.510118722915649,-10,-13,-4,2,5,30,15,4,0,12,-16,-24,-25,-3,sil
7.525720119476318,-2,-12,-4,-1,-1,9,16,3,13,22,-11,-10,-6,8,sil
7.525720119476318,15,2,14,10,0,0,13,1,19,27,4,7,16,26,sil
7.540939092636108,27,3,11,7,0,-1,8,0,22,18,12,19,27,36,sil
7.540939092636108,24,-6,-4,-11,-5,-19,-8,0,19,1,0,16,19,23,sil
7.556877374649048,22,0,2,-10,-8,-23,-24,1,3,-13,2,22,7,5,sil
7.556877374649048,21,18,12,2,-3,-11,-22,-4,-13,-20,18,30,3,0,sil
7.572970867156982,13,20,15,5,-1,-4,-8,-4,-15,-15,19,24,2,1,sil
7.572970867156982,3,17,11,10,0,4,4,1,-3,-8,10,9,0,-1,sil
7.589009523391724,-3,16,10,13,7,13,10,0,-5,-11,5,2,0,-11,sil
7.589009523391724,-5,8,6,14,10,10,16,-2,-11,-6,5,-8,0,-13,sil
7.604565143585205,-4,-2,0,15,10,12,27,2,0,6,4,-13,4,0,sil
7.604565143585205,-6,-5,0,12,9,19,27,9,11,15,1,-2,6,13,sil
7.620601654052734,-5,-8,-7,7,4,14,17,5,15,18,-1,-2,9,12,sil
7.620601654052734,-6,-15,-16,-5,-3,0,9,-3,16,15,-11,-13,8,3,sil
7.637139558792114,-12,-22,-14,-23,-9,-12,0,-4,11,2,-16,-8,4,1,sil
7.637139558792114,-9,-22,-15,-23,-12,-22,-13,0,2,-6,-5,2,2,1,sil
7.6527419090271,0,-9,-6,-19,-12,-19,-27,0,0,-10,0,4,-5,-1,sil
7.6527419090271,3,3,-8,-28,-11,-17,-29,-1,-4,-14,0,-2,-12,-10,sil
7.667771100997925,-6,0,-10,-26,-11,-16,-23,-7,-16,-19,0,-9,-15,-19,sil
7.667771100997925,-17,0,0,-3,-1,0,-16,-7,-21,-15,-2,-10,-16,-20,sil
7.682898759841919,-21,3,-7,8,5,13,-12,0,-8,-4,-10,-21,-19,-20,sil
7.682898759841919,-24,-6,-13,0,-2,11,-4,3,-7,-1,-28,-36,-27,-25,sil
7.698253393173218,-17,-15,-5,-3,-1,15,13,0,-6,2,-31,-30,-24,-15,sil
7.698253393173218,0,-8,4,0,5,14,20,3,15,14,-4,-5,0,9,sil
7.714044809341431,12,3,10,-2,0,1,6,7,25,16,12,13,21,16,sil
7.714044809341431,13,16,9,0,0,-7,-3,0,0,0,14,22,17,5,sil
7.728993415832519,11,24,19,9,8,-8,-3,-6,-25,-17,22,29,7,0,sil
7.728993415832519,15,22,22,26,13,2,2,0,-19,-12,23,21,5,8,sil
7.745067119598389,20,14,15,34,14,16,16,4,6,14,7,4,9,23,sil
7.745067119598389,9,0,6,16,6,12,22,7,24,23,-6,-1,7,22,sil
7.761242866516113,0,-16,-8,-6,-9,-4,9,3,20,7,-7,1,4,9,sil
7.761242866516113,17,-11,-2,-15,-10,-12,-7,1,12,0,1,4,9,3,sil
7.776727914810181,22,4,5,-12,3,-7,-6,0,10,-1,5,3,8,0,sil
7.776727914810181,-2,6,-2,0,7,3,4,-2,-2,-4,0,1,-7,-6,sil
7.792314767837524,-11,0,-4,11,3,14,7,0,-10,3,-7,-1,-14,0,sil
7.792314767837524,-3,-9,-11,4,-3,6,1,0,6,15,-8,-8,-1,7,sil
7.80808424949646,0,-11,-10,-11,-12,-14,-9,-5,13,3,0,0,9,4,sil
7.80808424949646,4,3,6,-8,-7,-22,-23,-2,-12,-12,20,25,14,-1,sil
7.823340177536011,5,19,10,13,3,-14,-20,0,-34,-13,27,24,5,-6,sil
7.823340177536011,0,21,11,24,5,-2,2,-4,-28,-6,9,5,-2,-6,sil
7.838684320449829,-6,10,9,18,2,6,9,-4,-17,-3,-4,0,-4,-4,sil
7.838684320449829,-18,-4,0,6,0,5,0,-1,-13,-5,-11,-6,-18,-8,sil
7.854017019271851,-19,-14,-9,0,-3,1,4,1,-2,-3,-18,-14,-24,-10,sil
7.854017019271851,1,-16,-6,0,0,7,19,3,16,10,-14,-3,-1,8,sil
7.8695290088653564,12,-15,3,-10,-2,7,10,3,27,15,0,11,15,24,sil
7.8695290088653564,1,-16,-4,-17,-10,-4,-4,0,30,6,9,6,16,15,sil
7.885615348815918,-4,-13,-6,-9,-5,-7,-7,-1,22,3,9,1,20,5,sil
7.885615348815918,0,0,0,-2,1,-4,-9,-1,4,-1,11,6,20,4,sil
7.901098489761352,4,7,0,-8,-1,-9,-15,-3,-8,-18,17,4,6,-6,sil
7.901098489761352,-1,0,1,-15,-1,-8,-19,-1,-16,-21,7,-6,-7,-23,sil
7.9172751903533936,-9,0,-5,-11,0,-2,-14,2,-19,-11,-4,-19,-12,-25,sil
7.9172751903533936,-11,10,-9,-6,1,3,-2,2,-14,-7,-7,-27,-16,-18,sil
7.932870864868164,-5,20,0,0,10,14,7,1,-4,1,-11,-24,-17,-11,sil
7.932870864868164,-3,17,-4,5,16,18,9,-2,-5,14,-21,-25,-15,-7,sil
7.948058843612671,-12,3,-8,-2,8,16,13,-3,-13,2,-34,-35,-23,-9,sil
7.948058843612671,-15,-9,-11,-14,-1,20,21,1,-2,-2,-43,-35,-26,-3,sil
7.9638402462005615,-1,-14,-13,-24,-4,10,10,5,18,8,-31,-16,-6,7,sil
7.9638402462005615,10,-9,-7,-15,1,0,7,8,29,18,-5,3,11,16,sil
7.978992462158203,10,-5,-4,6,8,8,33,6,39,28,6,9,16,24,sil
7.978992462158203,11,-2,4,8,7,6,33,5,41,27,10,16,15,21,sil
7.994042873382568,19,-3,9,0,-3,-11,0,7,21,2,21,28,12,9,sil
7.994042873382568,17,-5,7,3,-18,-22,-20,0,-6,-12,28,32,11,4,sil
8.009648084640503,2,0,13,7,-20,-22,-24,-9,-20,-14,26,31,13,1,sil
8.009648084640503,1,3,15,7,-11,-28,-30,-5,-24,-22,24,31,11,-3,sil
8.034029960632324,11,5,23,13,-4,-29,-33,-1,-27,-23,22,36,5,-4,sil
8.034029960632324,8,15,19,23,0,-14,-21,-8,-23,-6,19,28,-1,-3,sil
8.034029960632324,-3,22,13,27,8,-1,-6,-11,-19,-1,15,13,-7,-5,sil
8.055965662002563,-8,15,14,19,3,0,-1,-2,-24,-12,8,5,-3,-2,sil
8.055965662002563,-7,1,0,9,-6,3,0,0,-21,-8,-1,-4,-2,0,sil
8.055965662002563,-8,0,-6,11,3,14,-1,0,-7,4,-11,-14,-13,-4,sil
8.071139812469482,-11,0,-2,16,21,23,2,2,4,9,-8,-16,-11,-8,sil
8.08672308921814,-12,-10,-11,6,16,18,9,4,12,12,-5,-22,0,-1,sil
8.08672308921814,-3,-17,-15,-8,0,11,12,4,16,14,-13,-22,0,6,sil
8.08672308921814,6,-11,-12,-11,-3,10,15,0,22,12,-10,-11,6,11,sil
8.101798057556152,6,-12,-4,-19,1,3,17,0,32,16,-2,-5,23,17,sil
8.117829084396362,3,-15,-8,-32,-3,-2,7,2,28,12,-5,-6,22,12,sil
8.117829084396362,4,-8,-17,-27,-13,0,-3,-4,2,-12,-15,-7,0,-10,sil
8.133376359939575,2,1,-3,-15,-8,0,0,-4,-13,-31,-15,-1,-19,-22,sil
8.133376359939575,-2,14,1,-4,1,-4,3,7,-3,-17,1,0,-11,-10,sil
8.149023294448853,-4,20,4,9,9,2,0,5,0,0,9,-5,-2,-5,sil
8.149023294448853,-10,9,6,19,15,20,4,-3,-8,3,-15,-21,-15,-13,sil
8.164133787155151,-15,-5,-7,11,10,12,14,-1,-5,5,-29,-25,-20,-1,sil
8.164133787155151,-1,-6,-3,-1,-1,-10,10,4,3,10,-6,-3,-3,16,sil
8.179797649383545,14,5,2,-5,-6,-17,0,1,0,4,16,15,14,19,sil
8.179797649383545,16,9,0,-7,-3,-17,-5,-2,-8,-8,14,23,18,16,sil
8.195255517959595,15,1,2,-12,-10,-21,-11,0,-3,-3,9,27,17,12,sil
8.195255517959595,11,-9,-2,-19,-15,-23,-20,0,4,9,12,22,18,4,sil
9.085973739624023,0,-2,-10,-12,-3,-8,-10,4,-7,-6,5,2,9,-4,sil
9.085973739624023,0,-2,-4,-18,9,3,-5,3,14,15,15,7,21,3,sil
9.1012864112854,8,5,7,-5,11,0,-9,-1,15,18,19,12,31,7,sil
9.1012864112854,27,18,20,10,10,-2,-2,0,0,9,27,26,30,10,sil
9.116791486740112,16,17,1,5,16,4,5,0,1,7,17,23,17,5,sil
9.116791486740112,-9,0,-17,-6,12,0,0,-1,0,4,-1,-4,6,-10,sil
9.132384777069092,-2,4,0,0,6,-8,-4,2,-8,3,-1,-14,5,-12,sil
9.132384777069092,7,18,13,20,14,-1,2,2,-7,4,0,-8,0,0,sil
9.14775538444519,-8,6,6,22,15,11,15,1,-1,4,-14,-14,-8,4,sil
9.14775538444519,-20,-18,-10,1,1,18,29,5,15,17,-24,-26,-6,0,sil
9.16341996192932,-14,-32,-20,-21,-13,8,20,0,33,27,-20,-24,2,0,sil
9.16341996192932,-11,-24,-14,-25,-19,-7,-3,-4,16,4,-5,-4,9,-2,sil
9.17855429649353,-3,-5,-7,0,-10,-17,-11,-4,-13,-23,6,7,11,-4,sil
9.17855429649353,9,8,7,11,0,-17,-11,-4,-20,-24,12,13,8,0,sil
9.194576740264893,10,12,12,2,3,-8,-14,-4,-5,-14,22,16,7,2,sil
9.194576740264893,0,15,8,10,6,4,-9,0,0,-14,25,13,0,-2,sil
9.21060848236084,-11,18,9,27,5,11,-1,3,-6,-15,6,0,-14,-7,sil
9.21060848236084,-9,18,8,28,8,19,5,1,-10,-9,-3,-11,-23,-5,sil
9.226041078567505,0,14,18,31,18,28,16,3,-3,1,0,-10,-21,0,sil
9.226041078567505,2,1,11,26,10,24,24,8,3,16,-4,-6,-13,4,sil
9.24162745475769,-4,-13,-11,-1,-8,7,16,0,8,19,-15,-12,-5,4,sil
9.24162745475769,-2,-16,-10,-20,-11,0,7,-3,10,10,-19,-10,-1,0,sil
9.256716251373293,0,-18,-8,-26,-10,-8,2,-1,8,5,-14,-2,7,0,sil
9.256716251373293,0,-18,-12,-37,-14,-17,-6,0,3,2,-1,8,16,10,sil
9.2719144821167,14,1,-1,-22,-5,-11,-6,4,3,0,17,24,17,15,sil
9.2719144821167,28,14,7,3,0,-10,-4,1,7,3,21,23,16,8,sil
9.287935733795166,9,5,-1,-5,-6,-22,-21,-2,-2,-2,7,6,7,-7,sil
9.287935733795166,-9,3,-12,-12,-4,-16,-24,-6,-24,-14,3,0,-5,-12,sil
9.303129196166992,0,18,6,17,8,2,-8,-8,-30,-15,6,8,-6,1,sil
9.303129196166992,11,18,17,34,9,9,1,-2,-12,0,-5,6,0,11,sil
9.319061279296877,-1,-10,-5,7,0,5,7,2,6,16,-17,-13,0,7,sil
9.319061279296877,-15,-28,-8,-19,-7,3,10,2,15,15,-11,-16,1,2,sil
9.33469843864441,-6,-14,-3,-19,-12,-4,0,0,8,1,-4,-1,3,-5,sil
9.33469843864441,1,-3,-4,-19,-12,-17,-18,-3,-18,-18,-4,3,-8,-21,sil
9.350372076034546,-4,-3,0,-23,-8,-17,-22,-1,-35,-34,-4,0,-20,-25,sil
9.350372076034546,-14,2,4,-9,0,-4,-10,2,-22,-28,-1,-1,-19,-16,sil
9.366133689880373,-16,4,0,10,5,14,1,6,-2,-4,-2,-11,-14,-9,sil
9.366133689880373,-5,0,-5,21,15,32,15,4,13,12,-3,-14,-4,0,sil
9.38181757926941,5,0,3,21,23,31,24,0,26,19,-4,0,4,15,sil
9.38181757926941,3,0,8,11,16,19,19,1,27,23,-2,3,0,14,sil
9.39811396598816,0,-6,-8,-1,0,4,12,0,16,16,0,-3,-5,8,sil
9.39811396598816,5,-6,-3,-9,-5,-14,3,0,9,6,3,1,4,13,sil
9.413201332092283,7,-3,0,-6,-8,-23,-6,0,19,10,17,14,23,15,sil
9.413201332092283,8,0,0,0,-9,-15,-14,3,21,12,28,21,31,5,sil
9.428332805633543,17,16,14,5,0,-3,-11,3,10,-2,21,18,21,-1,sil
9.428332805633543,16,24,12,12,6,0,0,-5,3,-15,6,0,-1,-8,sil
9.443451881408691,0,10,1,15,1,0,3,-11,-8,-20,0,-14,-17,-17,sil
9.443451881408691,-11,2,-2,14,0,1,4,-3,-23,-18,-8,-14,-19,-14,sil
9.458818435668944,-13,3,-2,15,0,6,11,1,-18,-8,-17,-15,-15,-3,sil
9.474236011505129,-13,0,0,13,0,18,22,4,-3,6,-19,-16,-3,4,sil
9.474236011505129,-8,-5,-2,7,2,19,22,4,11,21,-7,-10,12,16,sil
9.474236011505129,-7,-9,-9,-10,2,2,8,2,15,21,0,-5,13,17,sil
9.490033149719238,-11,-22,-21,-38,-6,-14,-1,-1,1,1,-12,-11,1,0,sil
9.50613570213318,-2,-26,-15,-49,-9,-20,-10,-2,-5,-10,-14,-2,1,-4,sil
9.50713586807251,18,-5,10,-26,-2,-15,-17,0,-4,-1,13,20,14,9,sil
9.50713586807251,24,12,15,-4,1,-11,-15,-4,-14,1,29,24,10,1,sil
9.522226095199583,16,12,10,-4,0,-13,-21,-11,-30,-14,15,12,-9,-15,sil
9.522226095199583,7,14,7,0,0,-10,-30,-2,-24,-19,8,10,-12,-10,sil
9.538270235061646,5,20,7,21,4,-1,-20,4,-8,-4,12,10,-1,0,sil
9.538270235061646,1,15,11,28,3,5,-5,2,-11,0,2,0,-7,-5,sil
9.55386233329773,-6,0,-4,19,0,13,4,0,-14,0,-9,-14,-13,-7,sil
9.57008171081543,-10,0,-11,12,1,21,16,4,-1,7,-16,-10,-6,0,sil
9.57008171081543,-12,0,-6,10,0,19,22,7,11,8,-20,-2,-5,4,sil
9.57008171081543,-20,-22,-16,-1,-9,4,15,0,8,0,-20,-12,-9,0,sil
9.585646152496338,-19,-31,-16,-15,-13,0,4,0,13,4,-17,-8,0,-2,sil
9.585646152496338,-8,-10,-6,-13,-5,0,0,-1,29,10,-5,15,16,6,sil
9.600341081619264,1,2,2,-4,-2,-10,-4,-7,19,-2,4,26,10,3,sil
9.615930318832396,14,0,4,-8,-5,-17,-14,-4,0,-16,5,10,-1,-8,sil
9.615930318832396,17,4,2,-10,0,-7,-19,0,0,-13,9,-1,3,-6,sil
9.632035970687866,1,16,12,0,13,5,-2,1,8,-5,20,6,11,1,sil
9.632035970687866,-4,13,9,16,20,10,19,8,7,4,22,4,0,2,sil
9.632035970687866,0,0,3,16,13,12,14,10,0,7,6,-16,-13,0,sil
9.64676308631897,-4,-1,8,7,3,14,10,5,-3,5,-12,-26,-12,2,sil
9.64676308631897,-5,-4,5,3,-5,4,21,-1,0,9,-19,-18,-5,5,sil
9.662594556808472,5,-17,-2,-4,-15,-8,9,-5,0,6,-8,-6,-2,6,sil
9.678048610687256,12,-15,-6,-16,-11,-9,-8,-6,-2,-3,5,0,9,5,sil
9.678048610687256,11,1,0,-14,0,-9,-6,0,-1,-5,8,5,21,4,sil
9.69402027130127,16,9,7,-3,1,-16,-3,5,1,1,13,15,22,6,sil
9.69402027130127,21,10,3,-2,2,-13,-5,1,0,0,24,27,18,8,sil
9.710625171661375,14,19,13,1,8,-1,-10,-4,-8,-10,21,20,1,0,sil
9.710625171661375,4,24,14,21,10,1,-5,-4,-14,-9,7,0,-9,-5,sil
9.710625171661375,-5,10,0,25,9,0,0,-2,-14,2,-2,-4,-6,-3,sil
9.724749326705933,-22,-1,-5,9,9,12,0,-1,-12,10,-15,-7,-11,-10,sil
9.740704536437988,-29,-6,-6,3,5,24,11,3,7,19,-26,-21,-16,-8,sil
9.740704536437988,-18,-12,-10,-1,-2,13,28,10,26,31,-22,-21,-4,9,sil
9.756792783737184,-11,-19,-23,-14,-10,1,11,5,21,27,-13,-9,1,12,sil
9.756792783737184,-8,-16,-21,-19,-12,0,-18,-2,3,1,-12,-3,-4,0,sil
9.772123098373411,-1,-10,-6,-17,-10,-6,-20,0,-7,-21,-13,-3,-3,-7,sil
9.772123098373411,1,-10,-19,-17,-10,-15,-13,-4,-12,-27,-10,-8,-4,-13,sil
9.78719425201416,0,-6,-17,-20,-14,-22,-20,-12,-16,-33,-5,-5,-12,-18,sil
9.78719425201416,-2,3,0,-10,-9,-18,-19,-5,-16,-33,6,2,-7,-15,sil
9.802657842636108,1,13,11,10,2,-3,-5,0,-10,-16,22,9,2,-6,sil
9.802657842636108,7,18,20,21,4,7,0,-3,-10,-6,17,10,-2,-5,sil
9.818222284317017,2,8,8,12,0,15,1,-3,-10,-7,1,0,-12,-10,sil
9.818222284317017,-6,-1,4,9,7,31,12,3,0,9,0,-7,-8,-1,sil
9.834006071090698,-4,3,10,21,18,33,32,9,20,34,5,1,6,18,sil
9.834006071090698,4,2,3,14,11,6,35,8,31,34,2,10,19,27,sil
9.849052906036375,9,-9,0,-8,-5,-13,9,6,24,12,-2,10,20,22,sil
9.849052906036375,10,-10,2,-15,-9,-14,-9,0,16,6,-2,4,19,15,sil
9.865066766738892,10,-4,2,-15,-2,-15,-10,-1,13,12,0,5,17,4,sil
9.865066766738892,6,-7,-2,-21,-1,-19,-11,2,0,3,6,9,10,-3,sil
9.88059949874878,6,0,0,-9,-2,-19,-15,0,-17,-12,17,10,6,-4,sil
9.88059949874878,11,21,20,4,1,-12,-8,-1,-17,-16,21,16,4,-1,sil
9.897121906280518,8,18,19,6,6,-2,-2,-1,-15,-12,6,10,-4,-4,sil
9.897121906280518,-4,2,8,12,6,6,-4,-3,-23,-16,-5,-5,-13,-9,sil
9.912676811218262,-7,12,10,27,12,21,6,2,-14,-8,-1,-8,-11,-5,sil
9.912676811218262,3,10,4,29,15,25,24,4,3,12,0,-2,-3,6,sil
9.928726434707642,5,-10,-2,15,5,19,24,-2,11,20,-3,-5,0,16,sil
9.928726434707642,0,-5,-9,7,2,15,20,0,17,19,-5,-5,4,18,sil
9.944797277450562,-2,0,-15,0,0,2,10,6,18,8,-4,-1,1,8,sil
9.944797277450562,-7,-21,-16,-19,-17,-17,-14,-1,7,-5,-6,-5,-9,-4,sil
9.960853815078735,-10,-27,-17,-29,-27,-28,-33,-15,-8,-20,-11,-6,-14,-14,sil
9.960853815078735,-3,0,-4,-16,-10,-28,-36,-10,-23,-33,-6,3,-8,-21,sil
9.97690200805664,4,17,3,4,0,-10,-21,0,-19,-17,6,7,0,-15,sil
9.97690200805664,-5,7,0,12,0,14,2,2,-1,14,3,-3,-3,0,sil
9.992071151733398,-16,-1,-4,12,3,22,17,9,9,22,-12,-15,-8,0,sil
9.992071151733398,-7,-2,-7,5,7,13,21,10,20,19,-15,-13,-1,-2,sil
10.007661819458008,-2,-9,-4,-16,1,1,6,1,27,15,-9,-6,7,3,sil
10.007661819458008,-7,-13,-13,-29,-3,-9,-14,-3,10,-6,2,-5,8,-3,sil
10.022909164428713,-1,5,-6,-9,-3,-11,-19,-5,-15,-25,9,-5,0,-15,sil
10.022909164428713,1,15,11,11,1,1,-7,-5,-21,-17,-2,-5,-8,-8,sil
10.044044971466064,-11,-6,-4,1,0,11,7,0,-9,1,-16,-17,-8,-5,sil
10.045045137405396,-21,-24,-21,-25,-10,12,14,4,-2,11,-21,-29,-6,-11,sil
10.045045137405396,-10,-19,-16,-30,-11,3,8,2,3,9,-18,-21,0,0,sil
10.053553104400637,10,-6,-1,-20,-4,-10,0,-2,13,2,0,8,14,12,sil
10.069607019424438,23,9,13,-12,-4,-12,-2,1,13,0,23,34,19,9,sil
10.069607019424438,11,15,9,0,0,-5,-1,2,-1,-4,21,22,1,0,sil
10.08565068244934,0,13,9,16,13,-7,-2,0,-14,-12,2,2,-15,-2,sil
10.08565068244934,8,21,17,16,19,-5,0,0,-9,-4,4,10,-6,3,sil
10.100834846496582,22,26,24,13,17,5,5,0,-1,5,27,26,14,16,sil
10.100834846496582,20,24,28,26,23,13,13,4,0,8,31,23,16,23,sil
10.11677885055542,14,15,17,37,18,8,16,5,4,11,10,8,4,18,sil
10.11677885055542,0,-6,5,18,-2,2,4,0,4,6,-11,-3,-5,6,sil
10.131843328475952,-13,-23,-10,-1,-11,5,4,-3,-2,-3,-15,-14,-9,-1,sil
10.131843328475952,-9,-17,-16,1,-6,4,16,1,-1,1,-5,-9,-5,2,sil
10.1470148563385,0,-11,1,6,-12,-1,5,0,6,12,0,5,6,9,sil
10.1470148563385,0,-19,0,-4,-18,-13,-20,-9,8,8,3,9,16,3,sil
10.162152290344238,0,-18,-7,-17,-16,-28,-36,-6,3,-10,12,11,15,-9,sil
10.162152290344238,2,0,2,-5,-16,-24,-34,3,-3,-26,18,21,3,-16,sil
10.177892684936523,6,21,9,22,-3,-4,-17,0,-9,-20,18,20,-1,-14,sil
10.177892684936523,14,32,19,37,18,8,4,0,-3,0,24,17,8,-1,sil
10.193904638290403,14,23,16,35,21,19,14,4,11,10,21,16,12,11,sil
10.193904638290403,4,9,5,24,11,26,5,0,8,2,1,6,0,9,sil
11.11596655845642,2,5,7,-4,0,-7,-12,0,-23,-23,1,1,-9,-10,sil
11.11596655845642,7,11,14,27,11,13,1,1,-3,-1,0,0,-2,5,sil
11.131585121154783,0,3,0,18,6,18,9,2,10,16,-10,-5,-4,13,sil
11.131585121154783,-13,-14,-11,-9,-6,0,6,5,16,20,-11,-8,0,11,sil
11.14720344543457,-7,-15,0,-19,-9,-8,-3,7,18,22,10,13,23,16,sil
11.14720344543457,4,3,6,-2,0,-2,-12,1,7,12,18,21,26,13,sil
11.162297010421751,9,16,12,17,6,0,-6,-4,-19,-13,2,5,-4,-1,sil
11.162297010421751,7,7,9,10,9,8,13,-3,-25,-16,1,-1,-13,-2,sil
11.177725553512571,0,-9,-3,-7,5,14,23,-1,-1,2,-4,-11,-1,6,sil
11.178082466125488,-12,-21,-18,-3,-9,2,6,0,5,-1,-30,-24,-8,0,sil
11.193727254867554,-5,-21,-20,-3,-19,-10,-4,1,3,-7,-19,-8,-4,-3,sil
11.193727254867554,10,-7,2,-17,-5,-6,0,1,15,4,19,20,23,13,sil
11.208923101425173,22,7,14,-5,4,-8,-1,0,21,9,32,22,29,17,sil
11.208923101425173,22,13,6,15,2,-13,-13,0,9,4,26,17,11,4,sil
11.224449396133425,9,13,6,9,6,-3,-17,4,0,0,21,19,1,-2,sil
11.224449396133425,-3,11,2,0,10,4,-12,0,1,-1,4,3,-7,-10,sil
11.240203142166138,-9,15,1,12,10,10,-5,-2,-4,-3,-7,-12,-27,-19,sil
11.240203142166138,-13,11,-5,25,12,20,6,-2,-23,-9,-17,-20,-34,-20,sil
11.25674533843994,-17,-11,-17,6,7,16,13,-5,-25,-14,-39,-33,-30,-16,sil
11.25674533843994,-15,-22,-8,-15,-7,0,6,0,-3,-7,-45,-33,-22,-3,sil
11.27230143547058,-4,-9,-1,-9,-11,-8,0,1,16,8,-17,-9,0,12,sil
11.27230143547058,8,-2,0,-4,-7,-12,0,1,18,7,5,10,19,16,sil
11.286954402923584,13,0,0,-13,-4,-10,4,3,10,-8,10,12,18,5,sil
11.302630424499512,6,9,1,-12,-4,-11,-2,0,-9,-22,13,10,7,-2,sil
11.302630424499512,0,8,7,-6,-3,-15,-14,-4,-20,-14,15,12,4,-5,sil
11.302630424499512,-7,-3,-2,-5,0,-4,-6,-1,-2,5,8,6,5,-8,sil
11.318852186203005,-10,0,-2,0,0,5,6,0,0,3,2,-3,-4,-12,sil
11.318852186203005,-6,11,8,13,0,7,7,-3,-19,-7,0,-6,-16,-12,sil
11.3333261013031,-4,4,5,19,2,15,9,-6,-22,-1,-1,-4,-12,-3,sil
11.34938144683838,-5,-10,2,7,4,21,19,3,-5,14,-3,-3,-3,2,sil
11.34938144683838,-8,-14,-5,-9,-1,10,21,12,14,24,0,-5,3,4,sil
11.364538431167604,-8,-12,-9,-16,0,1,15,8,32,28,0,0,16,13,sil
11.364538431167604,8,-7,0,-6,4,2,7,7,42,27,9,15,33,26,sil
11.380352973937988,30,3,6,9,3,-8,-3,5,38,19,24,28,39,24,sil
11.380352973937988,26,18,8,9,0,-20,-17,0,11,-2,22,29,22,3,sil
11.39540410041809,8,16,2,4,-2,-19,-26,-8,-20,-24,5,10,-2,-16,sil
11.39540410041809,4,10,6,10,0,-10,-29,-9,-35,-30,0,-5,-17,-21,sil
11.410924434661863,1,9,8,11,6,-2,-30,-10,-34,-26,-2,-9,-19,-15,sil
11.410924434661863,-12,-1,-5,-1,4,2,-24,-11,-27,-17,-19,-16,-20,-10,sil
11.426164150238035,-21,-11,-6,-4,0,14,-1,0,-5,-2,-24,-20,-18,0,sil
11.426164150238035,-11,-7,-7,2,2,24,23,12,22,15,-11,-17,-9,9,sil
11.44123911857605,-7,-12,-17,-4,0,13,26,7,28,20,-14,-19,-3,8,sil
11.44123911857605,-11,-20,-17,-18,-7,2,16,3,18,11,-23,-20,-3,4,sil
11.457008838653564,-1,-12,-9,-17,-8,2,8,6,12,14,-6,-9,4,15,sil
11.457008838653564,12,0,7,-10,-4,0,-2,2,2,12,13,11,15,20,sil
11.472282886505129,15,6,10,-5,0,-9,-11,-7,-17,-11,17,22,11,0,sil
11.472282886505129,18,13,10,-5,0,-16,-10,-9,-31,-31,16,21,-3,-15,sil
11.487797021865845,16,21,20,1,-4,-10,-2,-1,-26,-19,18,25,-9,-10,sil
11.487797021865845,2,19,22,22,0,0,4,0,-11,0,15,18,-3,1,sil
11.503534317016602,-3,10,19,31,14,9,11,4,0,5,5,2,-1,5,sil
11.503534317016602,-5,0,2,18,15,14,21,6,11,15,-4,-7,0,7,sil
11.51909875869751,-7,-8,-9,5,2,9,19,2,20,19,-11,-9,3,9,sil
11.51909875869751,-6,-16,-7,-11,-12,-6,0,0,13,-1,-13,-9,8,2,sil
11.534600973129272,-7,-20,-24,-34,-19,-21,-16,-7,-3,-19,-11,-7,7,-10,sil
11.534600973129272,-3,-8,-22,-32,-10,-24,-21,-11,-11,-19,-4,-1,0,-16,sil
11.549992799758911,1,8,-3,0,-1,-16,-13,-7,-13,-16,1,1,-7,-19,sil
11.549992799758911,-3,10,0,16,0,-9,-6,-3,-19,-23,-2,-5,-14,-28,sil
11.565751791000366,-11,2,-3,11,1,4,-4,3,-14,-15,-9,-17,-18,-25,sil
11.565751791000366,-10,0,-4,15,9,23,9,11,11,12,-6,-16,-9,-4,sil
11.581077337265016,-15,-5,-5,12,14,24,26,10,36,33,-7,-9,0,11,sil
11.581077337265016,-13,-20,-8,-3,8,16,32,7,47,38,-13,-6,9,17,sil
11.59699034690857,4,-24,-5,-14,-1,8,23,4,43,37,0,0,23,25,sil
11.59699034690857,18,-7,11,-10,0,0,-2,1,22,23,18,16,26,28,sil
11.612255096435549,21,11,14,0,6,-3,-18,0,4,3,23,27,23,21,sil
11.612255096435549,22,14,11,0,2,-7,-19,-2,-6,-8,21,24,14,7,sil
11.628029108047484,17,16,11,-6,-4,-19,-24,-8,-25,-18,14,17,-2,-8,sil
11.628029108047484,8,23,12,4,0,-17,-24,-12,-38,-22,5,12,-10,-18,sil
11.643072366714478,5,26,18,21,5,11,-11,-2,-33,-19,4,9,-8,-11,sil
11.643072366714478,0,16,6,22,7,29,2,0,-25,-8,0,-4,-14,1,sil
11.65876030921936,-17,0,-6,12,4,18,9,-3,-20,0,-17,-22,-21,-1,sil
11.65876030921936,-23,-16,-11,-2,-3,5,17,0,-3,7,-21,-24,-14,-5,sil
11.67450475692749,-7,-22,-14,-19,-10,3,19,6,16,10,-4,-13,0,6,sil
11.67450475692749,-6,-21,-8,-27,-14,-4,3,5,15,2,3,-6,8,9,sil
11.68988299369812,-20,-20,-20,-23,-17,-22,-11,-2,2,-7,-3,-10,2,1,sil
11.68988299369812,-4,-15,-21,-23,-8,-27,-11,-6,-3,-9,-4,-2,0,0,sil
11.705990552902222,23,2,2,-11,0,-19,-7,5,-6,-9,7,15,4,-1,sil
11.705990552902222,20,21,14,18,2,-12,-10,4,-7,-13,19,19,4,-9,sil
11.721811056137083,2,20,14,26,5,-10,-14,-6,-5,-9,17,4,0,-13,sil
11.721811056137083,-7,7,5,6,-1,-10,-7,-5,-6,-4,1,-6,-7,-12,sil
11.73688793182373,-9,3,2,8,-2,2,1,0,-5,-5,-15,-9,-16,-10,sil
11.73688793182373,-7,7,8,26,12,33,13,3,7,5,-14,-12,-12,0,sil
11.752979278564451,-6,-4,1,16,16,40,29,9,28,29,-4,-12,10,14,sil
11.752979278564451,0,-18,0,-3,1,23,38,11,38,40,-7,3,20,23,sil
11.769005060195925,8,-11,1,0,0,14,33,0,35,35,-6,12,12,20,sil
11.769005060195925,13,-6,2,-3,1,0,5,-6,17,11,-1,7,5,9,sil
11.784594535827637,14,-6,2,-21,-3,-19,-18,-2,-7,-27,-4,6,3,-4,sil
11.784594535827637,14,0,-5,-20,-2,-18,-14,-1,-18,-42,-1,4,0,-14,sil
11.800193786621094,3,8,-2,-13,3,-14,-15,-3,-22,-29,7,4,-7,-19,sil
11.800193786621094,-9,11,-1,-10,2,-19,-25,-5,-33,-24,2,1,-12,-23,sil
11.81592345237732,-15,12,-3,0,-1,-12,-19,-6,-30,-22,-3,-8,-17,-14,sil
11.81592345237732,-11,9,3,17,1,10,1,3,2,7,3,-4,-11,8,sil
11.831281661987305,-1,6,2,25,8,23,26,11,35,45,13,6,12,24,sil
11.831281661987305,-4,-1,-4,8,0,14,22,4,21,40,0,-3,15,18,sil
11.84794569015503,-9,-17,-13,-17,-14,0,-2,-6,-7,5,-17,-14,0,7,sil
11.84794569015503,3,-20,-11,-15,-14,-9,-14,-7,-5,-12,-9,1,7,7,sil
11.862439155578612,14,-5,6,-1,-9,-15,-17,2,0,-12,7,13,10,6,sil
11.862439155578612,11,0,9,-3,-4,-18,-28,2,-12,-13,10,6,-4,-7,sil
11.877926588058472,6,5,6,-1,5,-10,-28,-3,-16,-18,12,9,-7,-18,sil
11.877926588058472,-1,12,1,9,6,6,-3,-1,-10,-11,7,0,-4,-16,sil
11.893032789230348,-12,5,-3,15,1,17,18,0,-6,0,-9,-23,-14,-11,sil
11.909578561782835,-7,1,4,19,8,22,25,4,11,18,-6,-15,-5,0,sil
11.909578561782835,-4,0,-4,16,8,21,22,7,33,39,6,3,15,11,sil
11.909578561782835,-10,-12,-16,-6,-9,7,11,3,26,39,-2,0,15,12,sil
11.923720598220823,-3,-15,-7,-21,-18,-7,4,0,12,14,-3,0,11,9,sil
11.94083046913147,11,-3,-2,-15,-3,-8,4,-4,8,-5,8,14,10,6,sil
11.94083046913147,14,5,2,-13,7,-4,0,-6,-4,-15,6,16,0,1,sil
11.955239295959473,11,10,7,-9,4,-12,-10,-6,-21,-24,6,8,-4,-6,sil
11.955239295959473,5,11,10,1,2,-19,-20,-6,-32,-30,9,0,-11,-16,sil
11.971300601959229,-7,7,11,9,13,-6,-12,-1,-31,-23,0,-6,-20,-15,sil
11.971300601959229,-14,1,6,13,17,3,4,2,-21,-11,-8,-10,-16,-5,sil
11.986703157424929,-7,-2,5,11,5,4,8,4,-10,-1,-13,-10,-10,0,sil
11.986703157424929,0,-2,0,7,-1,13,11,3,4,12,-18,-11,-3,8,sil
12.001886367797852,3,-5,2,2,4,17,13,4,21,25,-6,-5,13,18,sil
12.001886367797852,6,-6,2,-1,3,-1,4,7,28,18,12,6,23,18,sil
12.017924547195436,11,0,-9,-5,-8,-17,-6,2,26,2,13,16,22,13,sil
12.017924547195436,8,5,-2,-13,-15,-14,-12,-5,10,-10,3,15,10,0,sil
12.033826112747192,5,12,7,-3,-6,-2,-4,-7,-8,-15,7,4,-6,-16,sil
12.033826112747192,8,18,9,23,8,10,6,-1,-12,-7,11,2,-11,-4,sil
12.055957555770874,11,10,10,36,13,22,15,5,-1,7,4,8,2,13,sil
12.055957555770874,0,-7,0,13,0,22,21,4,6,24,-5,1,5,6,sil
12.055957555770874,-20,-19,-13,-18,-15,7,11,-2,3,18,-19,-16,-10,-9,sil
12.065046548843384,-23,-19,-25,-21,-18,-11,-4,-7,0,-12,-29,-22,-21,-15,sil
12.080420732498167,-9,-12,-19,-6,-16,-17,-9,0,8,-25,-18,-15,-11,-13,sil
12.080420732498167,-10,-11,-10,-11,-15,-9,-11,9,13,-15,-3,-1,0,-10,sil
12.096044063568115,-15,-16,-19,-36,-14,-15,-21,0,-3,-13,-2,0,-3,-8,sil
12.096044063568115,2,-6,-2,-38,-6,-20,-26,-6,-23,-22,-1,0,-4,-8,sil
12.11199712753296,12,11,10,-2,10,-4,-17,3,-13,-14,6,8,5,-6,sil
12.11199712753296,0,10,3,0,10,2,-15,2,-1,3,10,10,3,-1,sil
12.127861738204956,-4,-2,11,-17,0,4,-9,-3,-10,12,5,1,-8,4,sil
12.12837052345276,-4,0,7,19,10,11,2,-5,-17,10,-4,-7,-10,5,sil
12.142939567565918,-9,7,0,54,20,7,1,-1,-14,15,-2,-5,-1,5,sil
12.142939567565918,-13,-1,-4,12,2,1,3,7,-1,34,13,-2,10,9,sil
12.159037590026855,-7,-8,-6,-22,-3,2,11,0,11,40,10,-3,15,8,sil
12.159037590026855,13,3,7,-4,0,-9,-1,-10,8,16,1,4,13,6,sil
12.174564599990845,33,20,21,18,-1,-20,-18,-2,0,-8,23,24,21,11,sil
12.174564599990845,28,27,20,11,1,-3,-2,7,-1,-17,28,25,17,9,sil
12.189953804016112,6,10,3,-3,12,16,20,0,0,-17,-4,-1,-6,-6,sil
12.189953804016112,-10,-8,-8,6,8,16,27,-3,3,-13,-20,-20,-18,-10,sil
12.20532512664795,-7,5,5,29,7,18,28,1,9,1,-11,-7,-12,1,sil
12.20532512664795,11,15,10,20,18,29,39,5,17,16,-6,1,-1,12,sil
13.048999786376951,2,-8,-2,-25,-3,-21,-17,-5,0,-17,5,6,-3,-7,sil
13.048999786376951,0,4,0,-15,-5,-20,-14,-5,-20,-27,8,10,-6,-8,sil
13.065717697143556,-4,6,0,-8,0,-16,-11,-1,-22,-19,7,4,-4,-5,sil
13.065717697143556,-5,-1,-4,-15,-2,-10,-7,-1,-14,-12,4,-5,1,-8,sil
13.08128261566162,-4,-7,-3,-17,-8,1,-4,0,-8,-15,-10,-18,-1,-13,sil
13.08128261566162,-5,0,4,-2,-6,13,0,0,-7,-18,-21,-21,-11,-5,sil
13.097126722335815,-8,5,6,8,3,15,10,-1,-7,-10,-16,-10,-13,0,sil
13.097126722335815,-4,0,8,0,7,14,14,0,0,3,-13,0,-6,-1,sil
13.112678527832031,4,-1,2,-1,0,15,14,2,5,14,-8,0,2,3,sil
13.112678527832031,4,4,5,13,0,12,15,0,3,7,-2,0,7,11,sil
13.128993511199951,5,9,8,27,8,-1,13,0,4,-1,-1,8,8,11,sil
13.128993511199951,23,8,7,18,5,-12,6,0,20,11,13,19,22,20,sil
13.145011901855469,37,8,14,3,1,-7,3,13,38,36,41,32,43,36,sil
13.145011901855469,31,5,2,0,0,-10,0,13,32,23,42,32,40,30,sil
13.160148620605469,12,4,-5,0,-3,-23,-21,-4,-2,-19,19,21,5,0,sil
13.160148620605469,1,16,5,7,3,-18,-28,-10,-32,-32,13,15,-14,-21,sil
13.175814628601074,0,20,3,14,12,-1,-11,-5,-31,-15,17,4,-5,-15,sil
13.175814628601074,-8,0,-3,1,-1,0,-3,-5,-22,-8,-5,-12,-6,-10,sil
13.19148874282837,-23,-21,-16,-14,-21,-7,-7,-7,-13,-4,-29,-24,-20,-16,sil
13.19148874282837,-30,-16,-21,-13,-16,-6,-6,-3,-13,-5,-28,-28,-28,-19,sil
13.206847667694092,-23,-5,-11,0,-1,10,0,2,-26,-15,-26,-34,-30,-19,sil
13.206847667694092,-14,-4,-7,5,6,22,9,0,-17,-9,-24,-31,-18,-16,sil
13.222012758255005,-9,-8,0,-1,8,21,9,0,14,12,-7,-12,4,-2,sil
13.222012758255005,-4,-7,2,-8,4,21,12,10,40,31,3,2,13,14,sil
13.237694025039673,3,-3,0,0,0,15,15,7,38,31,0,3,5,12,sil
13.237694025039673,4,-3,5,1,3,0,5,-3,14,12,-2,6,1,1,sil
13.25299072265625,-3,-7,-1,-11,5,-1,0,0,6,3,-7,4,4,2,sil
13.25299072265625,-1,-2,-3,-16,0,1,10,11,29,15,-7,3,7,15,sil
13.268558740615845,9,-5,3,-13,-8,-11,9,7,30,18,0,4,11,19,sil
13.268558740615845,17,-8,5,-17,-11,-26,-15,-10,-8,-1,6,10,19,14,sil
13.28458046913147,15,8,0,-16,-4,-19,-24,-12,-33,-24,12,20,16,5,sil
13.28458046913147,4,16,-3,-4,0,-14,-15,-5,-26,-31,11,15,-5,-9,sil
13.300012826919556,0,5,7,5,0,-15,-13,1,-16,-21,6,1,-14,-16,sil
13.300012826919556,10,10,17,17,3,-5,-5,7,-3,-1,21,3,6,-4,sil
13.31533670425415,11,15,11,21,9,8,7,1,0,5,27,11,10,0,sil
13.31533670425415,-1,6,4,23,9,21,15,0,0,3,5,3,-9,-7,sil
13.330903053283691,-4,4,1,35,8,22,18,2,2,6,-1,-2,-8,-2,sil
13.330903053283691,-4,7,4,28,2,6,3,-3,-12,0,0,-4,-3,-1,sil
13.346951007843018,-13,0,-5,1,-9,-1,-11,-4,-24,-16,-12,-13,-19,-8,sil
13.346951007843018,-12,-8,-17,-1,-11,7,5,0,1,-4,-20,-16,-20,0,sil
13.363040447235107,0,-6,-3,5,0,11,26,0,24,17,-10,-7,0,13,sil
13.363040447235107,7,-6,-4,-10,0,-1,11,-2,12,12,-7,-3,8,11,sil
13.378621816635132,3,-6,-11,-30,-5,-18,-15,-1,0,-9,0,0,11,1,sil
13.378621816635132,0,0,-5,-23,-1,-21,-20,0,-4,-12,16,7,17,-4,sil
13.394715547561646,-1,9,0,-6,3,-10,-15,-3,-14,-5,11,6,5,-7,sil
13.394715547561646,-3,5,5,0,1,2,-10,-3,-18,-9,-15,-4,-15,-5,sil
13.409874200820925,-9,-10,-3,-4,-1,11,3,0,0,-3,-24,-19,-16,0,sil
13.409874200820925,-12,-21,-14,-17,-2,9,7,3,17,9,-7,-11,1,6,sil
13.425355672836304,0,-13,-5,-23,-4,-1,0,3,18,8,8,13,11,9,sil
13.425355672836304,15,2,11,-8,-3,-12,-4,-2,4,-1,16,20,7,1,sil
13.44141435623169,16,14,22,11,0,-5,-8,0,-7,-4,16,7,-1,-12,sil
13.44141435623169,3,15,9,19,6,15,1,4,-5,1,3,-4,-7,-13,sil
13.457076072692873,-9,0,-1,14,9,21,17,2,-3,7,-15,-14,-15,-4,sil
13.457076072692873,-11,-12,-5,8,2,7,11,4,2,13,-19,-14,-10,0,sil
13.472571849822998,9,1,-6,3,-1,-7,0,6,23,23,3,4,23,15,sil
13.472571849822998,27,17,9,0,1,-15,-8,0,17,14,29,28,38,21,sil
13.487552165985107,8,7,9,4,0,-16,-20,-12,-20,-15,16,18,3,-7,sil
13.487552165985107,-18,-4,-6,4,-2,-1,-7,-8,-31,-26,-18,-9,-27,-24,sil
13.503610134124756,-16,-2,-8,1,6,21,30,11,1,4,-22,-14,-14,4,sil
13.503610134124756,-6,-9,-4,0,3,21,38,15,30,26,-2,-1,8,22,sil
13.519660234451294,-3,-21,2,-8,-14,-2,1,2,27,6,-3,5,13,8,sil
13.519660234451294,0,-17,-4,-23,-16,-15,-19,-5,7,-9,-13,5,8,0,sil
13.535767555236816,2,-3,-8,-17,0,-12,-17,-4,-8,-9,-5,3,1,-2,sil
13.535767555236816,5,12,5,3,8,-6,-12,0,-15,-16,5,4,-1,-7,sil
13.55129075050354,5,19,6,20,6,1,-2,-2,-11,-10,11,1,0,-5,sil
13.55129075050354,0,16,8,21,4,0,-2,-2,-7,-1,13,0,-2,-4,sil
13.567073106765749,1,18,11,18,6,-4,-8,1,-9,-11,12,-1,-2,-7,sil
13.567073106765749,12,15,5,20,8,7,5,0,-8,1,11,-4,3,2,sil
13.582583665847778,0,-5,-4,8,0,18,21,-6,-3,27,2,-13,0,12,sil
13.582583665847778,-23,-25,-20,-15,-16,0,8,-8,0,9,-16,-25,-12,0,sil
13.598814964294434,-15,-21,-18,-26,-18,-14,-6,-3,3,-12,-20,-17,-15,-8,sil
13.598814964294434,6,-11,-3,-24,-5,-6,-1,4,13,2,2,7,2,8,sil
13.614409685134888,14,0,4,-17,0,-9,-3,5,12,2,21,17,15,15,sil
13.614409685134888,8,14,9,-4,0,-11,-15,0,-2,-19,15,10,1,-6,sil
13.630316257476808,0,16,4,7,3,0,-11,-5,-10,-14,10,6,-9,-20,sil
13.630316257476808,-1,9,6,13,14,3,-9,-2,-11,-1,8,1,-7,-11,sil
13.646905183792114,-4,9,10,20,12,4,-11,0,-17,-5,-6,-9,-13,-10,sil
13.646905183792114,-15,8,3,19,3,18,5,-2,-22,-9,-24,-14,-25,-18,sil
13.662092208862305,-15,-2,2,6,2,27,23,2,-6,0,-24,-5,-13,-7,sil
13.662092208862305,-1,-16,-1,-7,0,8,18,5,20,13,-14,-1,9,9,sil
13.677969217300417,6,-19,-5,-16,-10,-14,4,3,29,10,-5,1,13,16,sil
13.677969217300417,16,-11,0,-16,-9,-3,8,8,25,8,1,14,17,26,sil
13.693902254104614,21,-8,0,-14,-5,6,9,5,24,11,7,21,28,30,sil
13.693902254104614,12,-7,1,-16,-12,-11,-7,0,6,1,8,19,22,7,sil
13.709216833114624,6,-1,0,-8,-10,-20,-10,3,-10,-2,10,10,6,-7,sil
13.709216833114624,3,8,0,0,3,-4,-2,0,-12,4,8,6,0,-3,sil
13.72525405883789,-4,13,0,2,11,4,-1,-9,-16,0,0,3,-1,-5,sil
13.72525405883789,-3,13,0,11,15,6,3,-6,-14,5,0,0,2,-6,sil
13.740580797195436,2,19,14,32,20,16,13,10,5,24,10,0,4,7,sil
13.740580797195436,1,17,8,35,19,18,17,11,17,23,6,-8,0,12,sil
13.756646633148192,-13,-5,-16,6,9,5,9,-3,13,0,-14,-29,-11,0,sil
13.756646633148192,-25,-21,-22,-13,-2,-6,-10,-9,10,-10,-28,-37,-20,-9,sil
13.77181625366211,-13,-11,-15,-7,-8,-15,-26,-4,9,0,-16,-20,-10,-5,sil
13.77181625366211,-3,-13,-7,-14,-9,-19,-26,-1,6,3,0,-4,2,-1,sil
13.786914825439451,-10,-24,-14,-35,-18,-16,-21,-6,0,-14,0,-4,0,-8,sil
13.786914825439451,-4,-9,-10,-31,-21,-16,-21,-11,-18,-34,0,1,-9,-20,sil
13.802576303482056,12,20,14,-4,-6,-10,-6,-1,-27,-29,12,19,-3,-16,sil
13.802576303482056,9,26,20,16,1,3,13,4,-18,-13,17,17,-1,-2,sil
13.817799091339111,-7,9,13,17,0,11,13,0,-18,-14,-3,-2,-16,-9,sil
13.817799091339111,-10,6,8,21,4,11,18,0,-24,-19,-14,-11,-27,-20,sil
13.83341383934021,2,12,12,30,12,20,29,3,-18,0,0,0,-12,0,sil
13.83341383934021,7,0,9,16,7,28,19,3,-1,20,5,7,5,18,sil
13.84913444519043,-1,-16,-9,-6,0,13,4,-1,7,11,-10,-5,1,11,sil
13.84913444519043,0,-12,-1,-6,-1,-1,1,1,11,1,-8,-3,4,12,sil
13.865020275115969,18,-2,8,1,-4,0,3,7,26,26,19,22,35,27,sil
13.865020275115969,17,-3,3,0,-5,-5,-7,1,32,30,33,33,45,27,sil
13.880807638168337,11,-1,11,2,0,-23,-21,-3,16,0,25,29,23,20,sil
13.880807638168337,22,5,16,8,0,-25,-23,0,5,-7,24,32,17,15,sil
13.895183324813845,21,7,9,-2,-7,-19,-22,3,3,0,20,24,16,1,sil
13.910480499267578,6,2,0,-7,-7,-14,-18,0,-2,-3,11,3,4,-7,sil
13.910480499267578,4,4,0,5,-1,-6,-2,-1,-4,-7,5,1,0,-5,sil
13.910480499267578,5,15,4,6,2,0,5,2,0,-9,-1,2,-1,-10,sil
13.925640106201172,-5,16,-1,5,14,9,10,1,0,-6,-8,-9,-14,-14,sil
13.941059350967407,-11,10,-4,10,19,25,17,-1,0,5,-18,-21,-18,-7,sil
13.941059350967407,-12,0,-14,0,8,28,24,3,0,8,-37,-33,-20,-5,sil
13.956134557724,-25,-15,-31,-18,0,23,28,1,0,1,-51,-48,-35,-11,sil
13.956134557724,-43,-26,-31,-33,0,22,21,-1,2,5,-53,-48,-38,-12,sil
13.971818685531616,-41,-31,-36,-47,-4,15,13,1,7,18,-48,-42,-19,-13,sil
13.971818685531616,-21,-32,-33,-52,-7,0,6,2,5,14,-33,-36,-7,-14,sil
13.986957550048828,-8,-18,-18,-33,-6,-12,-4,0,0,3,-17,-17,-5,-5,sil
13.986957550048828,-6,-6,-13,-16,-3,-18,-23,-4,-1,1,-3,-2,0,1,sil
14.002357482910156,1,-2,0,-10,0,-15,-31,-5,-11,-7,15,1,11,-2,sil
14.002357482910156,17,13,16,3,2,-15,-24,-8,-17,-18,31,12,20,-4,sil
14.017723798751833,26,32,31,23,3,-24,-17,-9,-11,-9,41,35,20,4,sil
14.018170833587646,24,29,36,35,7,-18,-15,-2,-15,-6,51,41,16,6,sil
14.033615112304688,14,18,26,36,9,-2,-11,-1,-23,-21,44,28,14,2,sil
14.033615112304688,9,19,31,37,5,0,0,-1,-23,-22,26,25,2,5,sil
14.056666612625122,8,19,31,45,4,4,17,3,-13,-4,21,27,-9,6,sil
14.056666612625122,8,2,23,47,4,18,24,7,3,8,19,21,-3,10,sil
14.056666612625122,7,-11,16,34,2,22,21,6,19,16,6,15,9,20,sil
14.064968585968018,7,-13,-3,6,-8,1,13,3,20,11,-5,5,7,16,sil
14.081031084060667,0,-17,-12,-22,-28,-10,3,-1,14,0,-17,-1,0,4,sil
14.081031084060667,-2,-19,-11,-20,-30,-2,-1,-4,21,0,-14,3,6,10,sil
14.097074747085571,0,-9,-13,-10,-12,-6,-7,0,16,-3,-6,3,9,9,sil
14.097074747085571,1,0,-19,-23,-3,-13,-11,5,3,-9,-14,-8,-4,-8,sil
14.112974405288696,0,6,-18,-17,0,-3,-5,5,9,1,-13,-10,-4,-7,sil
14.112974405288696,2,16,3,2,9,4,-2,5,10,7,6,0,9,3,sil
14.1285502910614,-5,13,-2,-1,4,0,-6,0,-5,-3,9,-3,3,-1,sil
14.1285502910614,-12,2,-17,-16,-1,-4,-11,-7,-18,-3,-2,-13,-11,-14,sil
14.143748760223389,-7,2,-2,-5,9,6,-4,0,-15,0,-12,-12,-18,-19,sil
14.143748760223389,-13,0,3,14,18,19,15,4,-9,-1,-25,-25,-25,-18,sil
14.15966010093689,-21,-7,-1,11,10,18,23,0,-4,8,-33,-33,-26,-10,sil
14.15966010093689,-9,-11,-7,-5,8,14,18,-1,6,26,-20,-21,-6,0,sil
14.175123929977415,3,-10,-10,-17,8,9,10,2,16,21,-2,-8,10,6,sil
14.175123929977415,0,-6,-1,-18,1,-3,-2,5,10,6,8,2,16,4,sil
14.190739870071411,0,-2,2,-14,-3,-13,-13,-2,6,10,16,13,17,-2,sil
14.190739870071411,6,-1,1,-13,-2,-9,-11,0,11,9,14,16,14,3,sil
14.205775260925291,10,-2,5,-14,1,-2,-4,5,15,-1,14,17,18,17,sil
14.205775260925291,10,0,5,-12,3,-1,-2,0,5,-8,16,14,20,10,sil
14.220773220062256,1,2,4,-6,-4,-5,-9,-8,-14,-16,3,-1,-1,-8,sil
14.220773220062256,-3,4,-4,3,-12,-8,-11,-12,-26,-26,-7,-9,-15,-9,sil
14.236775636672974,4,7,2,13,-4,-7,-8,-11,-26,-24,6,4,-4,2,sil
14.236775636672974,8,14,10,16,3,-2,-1,0,-20,-13,18,13,0,3,sil
14.252148151397703,0,7,-4,15,1,0,9,3,-16,-7,0,0,-8,-1,goodbye
14.252148151397703,-9,-7,-4,18,-2,1,13,0,-11,-4,-18,-10,-13,0,goodbye
14.267717838287354,-12,-11,1,24,-6,6,12,4,3,4,-14,-10,-11,5,goodbye
14.267717838287354,-8,-5,-1,17,-6,13,14,9,14,9,-9,-6,-10,0,goodbye
14.282888650894163,-5,-6,-8,0,-2,5,10,4,9,3,-14,-9,-10,-10,goodbye
14.282888650894163,-4,-11,-10,-8,-1,-11,0,-2,7,1,-16,-10,-4,-10,goodbye
14.298279523849487,1,-6,1,-12,0,-5,-11,-1,14,2,-2,7,9,-1,goodbye
14.298279523849487,10,3,5,-14,0,3,-13,-1,13,0,15,21,16,-3,goodbye
14.3131742477417,12,13,10,-9,-2,-11,-20,-4,-3,-4,23,19,9,-4,goodbye
14.3131742477417,18,17,17,0,1,-20,-23,0,-11,0,24,24,10,7,goodbye
14.328795194625854,27,21,18,8,10,-6,-15,2,1,4,29,28,20,16,goodbye
14.328795194625854,21,30,24,22,17,4,0,3,4,6,26,15,11,11,goodbye
14.344180583953856,4,21,15,32,17,15,23,6,0,9,6,-4,-4,4,goodbye
14.360239028930664,-12,-4,-5,17,6,24,34,3,-1,9,-16,-23,-16,0,goodbye
14.360239028930664,-24,-18,-16,-4,-5,13,20,-1,0,9,-25,-36,-26,-7,goodbye
14.360239028930664,-26,-22,-25,-14,-11,0,5,-2,-1,6,-30,-32,-29,-12,goodbye
14.378047704696655,-22,-24,-19,-21,-9,2,3,0,0,0,-37,-19,-20,-10,goodbye
14.378047704696655,-16,-17,-13,-23,-9,3,6,2,5,1,-20,-17,-6,-1,goodbye
14.391562700271606,-10,-14,-14,-16,-13,-4,0,4,15,10,0,-14,6,5,goodbye
14.391562700271606,-1,-10,-8,-6,-5,-1,-8,2,20,10,0,3,14,9,goodbye
14.406901597976685,6,5,1,0,10,2,-3,-1,17,4,4,16,16,10,goodbye
14.406901597976685,4,9,9,0,4,-2,0,0,2,-8,13,12,14,3,goodbye
14.422903537750244,3,-3,0,-1,-12,-4,-2,0,-9,-20,0,0,12,-2,goodbye
14.43993043899536,7,-3,-7,-1,-10,-3,-16,-6,-12,-20,-1,1,15,0,goodbye
14.43993043899536,12,6,4,-5,0,-10,-26,-10,-16,-18,16,16,17,1,goodbye
14.43993043899536,15,8,8,-4,-1,-13,-21,-4,-17,-21,20,23,13,-1,goodbye
14.454980373382568,14,9,9,2,1,-9,-13,0,-11,-23,12,20,10,-2,goodbye
14.454980373382568,15,17,10,11,12,-5,-9,-2,-3,-18,14,17,7,0,goodbye
14.469240665435793,14,17,10,19,13,1,0,-3,-9,0,18,13,-1,3,goodbye
14.485003232955933,-1,0,5,10,5,11,10,4,-14,24,11,0,-12,0,goodbye
14.485003232955933,-16,-12,-7,-5,6,9,21,8,0,25,-4,-16,-17,-7,goodbye
14.501680850982666,-13,-6,-3,3,13,9,28,6,13,16,-18,-21,-21,-10,goodbye
14.501680850982666,-14,-4,-2,17,9,17,29,6,17,24,-20,-18,-21,-5,goodbye
14.501680850982666,-19,-20,-13,-6,-9,1,13,3,19,23,-19,-14,-14,0,goodbye
14.51667308807373,-13,-23,-14,-36,-23,-19,-8,-1,18,7,-16,-7,-3,0,goodbye
14.532215356826782,0,-8,-12,-25,-20,-16,-12,-2,11,0,0,3,5,2,goodbye
14.532215356826782,13,12,9,0,-2,-8,-7,0,-2,-5,15,19,7,10,goodbye
14.54788374900818,20,29,28,18,13,1,-1,0,-12,-10,14,19,3,3,goodbye
14.54788374900818,7,24,10,29,17,18,8,-3,-13,-1,6,-1,1,0,goodbye
14.563342571258543,-6,1,4,16,9,16,12,0,-6,5,-5,-13,3,9,goodbye
14.563342571258543,-1,-13,4,0,1,-2,0,1,7,10,-11,-8,8,11,goodbye
14.578951358795166,11,-7,1,0,-3,-12,-20,-6,10,4,0,0,11,3,goodbye
14.578951358795166,13,3,-2,-6,-9,-9,-27,-11,-2,-16,7,1,4,-7,goodbye
14.594254732131958,1,6,-4,-12,-6,-9,-18,-6,-18,-33,0,-5,-8,-21,goodbye
14.594254732131958,-3,13,4,0,0,-3,-13,0,-32,-38,-9,-4,-18,-25,goodbye
14.609991550445557,0,20,3,18,0,10,0,0,-26,-30,-7,0,-21,-12,goodbye
14.609991550445557,-4,11,-4,19,3,17,18,1,3,0,0,-1,-11,1,goodbye
14.625500679016112,-9,-2,-6,9,4,10,18,7,20,27,4,-2,6,9,goodbye
14.625500679016112,-6,-6,-11,3,-3,2,6,7,10,17,0,-5,9,7,goodbye
14.640596389770508,-4,-11,-9,2,-5,4,10,4,2,-1,-5,-7,-5,4,goodbye
14.640596389770508,-11,-23,-11,-5,-1,10,17,2,10,7,-8,-12,-8,3,goodbye
14.656681537628174,-21,-32,-18,-23,-7,5,9,0,10,18,-20,-19,-4,0,goodbye
14.656681537628174,-13,-24,-6,-24,-9,-5,1,-1,7,9,-21,-4,-3,2,goodbye
14.672578573226929,10,-6,8,-8,0,-12,-2,0,11,0,3,23,5,16,goodbye
14.672578573226929,13,0,13,-10,0,-12,-10,3,4,0,17,23,14,9,goodbye
14.687721967697144,-1,-2,-4,-19,-1,-10,-12,0,-3,0,7,8,14,-4,goodbye
14.687721967697144,2,0,-4,-12,0,-11,-5,-3,5,4,11,15,19,6,goodbye
14.703746557235718,15,8,14,-7,0,-9,0,2,20,16,27,22,25,18,goodbye
14.703746557235718,5,6,4,-7,2,-2,0,4,9,7,16,0,12,2,goodbye
14.719313621520996,-3,9,-6,-4,2,0,-12,-3,-18,-20,-4,-13,-6,-15,goodbye
14.719313621520996,6,17,3,2,2,0,-17,-10,-27,-12,9,1,-1,-14,goodbye
14.73531699180603,14,16,11,9,8,-3,-16,-8,-12,10,27,16,8,-8,goodbye
14.73531699180603,11,17,13,7,14,0,-16,0,-8,-3,6,10,-2,-12,goodbye
14.750601530075071,11,19,8,7,7,4,-6,5,-6,-16,-2,2,-6,-9,goodbye
14.750601530075071,8,18,9,23,0,2,3,2,0,-1,11,4,3,0,goodbye
14.765695095062256,0,11,6,36,0,0,6,-2,-5,-3,0,-4,-7,0,goodbye
14.765695095062256,-6,-4,3,21,5,11,15,-4,-15,-15,-28,-21,-24,0,goodbye
14.78085970878601,-6,-14,3,10,11,26,29,2,-1,2,-23,-15,-13,10,goodbye
14.78085970878601,-3,-7,-1,23,6,26,37,6,25,29,-8,-5,6,15,goodbye
14.796912670135498,-10,-9,-1,19,-2,15,31,3,20,22,-11,-15,1,7,goodbye
14.796912670135498,-22,-24,-9,-4,-7,6,16,0,0,2,-19,-28,-12,0,goodbye
14.81205153465271,-18,-24,-23,-17,-12,-1,6,0,5,-1,-21,-23,-10,1,goodbye
14.81205153465271,-3,-11,-12,-17,-15,-10,2,3,19,4,-8,-3,5,5,goodbye
14.827586650848389,6,-4,-7,-18,-14,-16,-4,4,17,2,10,13,14,5,goodbye
14.827586650848389,9,-5,-8,-25,-8,-15,-21,0,3,-12,6,14,8,0,goodbye
14.84368371963501,3,-8,-9,-33,-7,-12,-21,-4,-7,-20,-2,7,4,-9,goodbye
14.84368371963501,0,-9,-11,-34,-9,-17,-12,-10,-16,-11,11,14,9,-7,goodbye
14.859744787216188,0,0,-1,-24,-7,-21,-24,-4,-21,-9,13,18,0,-8,goodbye
14.859744787216188,-11,7,0,-10,-3,-16,-33,1,-20,-23,-9,-1,-25,-19,goodbye
14.875800848007202,-9,10,3,3,2,-3,-17,0,-9,-18,-1,-5,-29,-16,goodbye
14.875800848007202,16,25,23,21,11,3,-4,1,5,7,27,17,-6,0,goodbye
14.891868591308594,18,28,22,29,14,-2,-9,0,1,12,17,12,-5,0,goodbye
14.891868591308594,-8,6,7,18,9,-3,-11,-6,-20,-6,-8,-12,-25,-15,goodbye
14.908020496368408,-12,-7,-2,9,3,12,2,-7,-28,0,-10,-18,-18,-4,goodbye
14.908397197723389,1,5,3,20,5,22,19,-5,-14,24,-3,-7,0,17,goodbye
14.924044609069824,4,14,7,29,13,23,27,0,8,28,5,-1,2,20,goodbye
14.924044609069824,0,0,-4,14,9,21,22,6,27,20,9,-7,2,14,goodbye
14.939997673034668,-8,-15,-8,-4,-2,15,10,9,26,9,-9,-16,4,9,goodbye
14.939997673034668,-2,-12,-5,-3,0,12,14,12,27,8,-12,-1,22,12,goodbye
14.956009864807127,16,-2,4,0,6,6,17,8,30,13,15,28,43,19,goodbye
14.956009864807127,15,-1,7,-9,-3,-8,0,-1,5,1,20,26,36,11,goodbye
14.972026348114014,0,-9,-4,-15,-12,-14,-9,-4,-17,-13,-1,1,19,-6,goodbye
14.972026348114014,0,-6,-5,-15,-2,-6,0,3,-2,-14,-8,0,14,-10,goodbye
14.987757205963137,4,-1,-6,-19,0,-1,1,3,16,-14,-7,2,10,-7,goodbye
14.987757205963137,0,-4,-6,-25,-8,-9,-11,-1,6,-16,-1,0,10,-9,goodbye
15.003146886825562,0,0,2,-17,-11,-20,-13,0,-8,-12,8,8,11,-6,goodbye
15.003146886825562,2,7,2,-1,-3,-21,-6,-1,-9,-8,0,2,2,-5,goodbye
15.019140720367432,0,4,5,-2,0,-9,-6,-5,0,0,-11,-4,1,-7,goodbye
15.019140720367432,-1,6,6,2,3,0,-3,0,1,5,2,2,10,-5,goodbye
15.03465461730957,-3,16,5,26,13,5,0,0,-14,-5,3,-2,0,-3,goodbye
15.03465461730957,2,14,14,36,9,11,5,-2,-21,-6,-10,-18,-17,-4,goodbye
15.050005197525024,5,0,3,24,0,14,10,0,-4,11,-6,-17,-13,-1,goodbye
15.050005197525024,-18,-12,-13,9,-1,8,4,-1,-4,12,-7,-21,-17,-5,goodbye
15.066039323806764,-33,-17,-14,0,-3,7,2,-2,-11,6,-14,-25,-27,-7,goodbye
15.066039323806764,-6,-12,-2,1,-4,7,7,0,0,18,-7,-1,-16,4,goodbye
15.081356287002563,10,-9,0,-5,-3,-5,-3,0,3,12,0,13,-10,14,sil
15.081356287002563,0,-17,-13,-28,-9,-15,-18,-4,-2,-9,3,0,-23,11,sil
15.096965074539185,-1,-16,-10,-32,-12,-4,-13,-1,4,-8,12,1,-30,9,sil
15.096965074539185,11,3,6,-3,0,-2,-2,2,14,2,13,19,-10,5,sil
15.111717224121094,17,24,13,10,11,-17,-2,-3,3,-3,18,25,-7,-3,sil
15.111717224121094,11,22,13,0,9,-15,-12,-4,-13,-17,20,18,-42,-7,sil
15.127256393432615,-1,3,0,0,-2,0,-7,0,-15,-16,0,1,-48,-8,sil
15.127256393432615,-13,0,-3,3,-4,8,7,3,-2,-5,-9,-8,-5,-8,sil
15.142621278762816,-15,9,0,4,6,21,17,4,5,0,0,-5,12,-5,sil
15.142621278762816,-15,0,-8,5,6,18,13,5,6,-1,-8,-12,-7,-2,sil
15.15807843208313,0,-20,-7,-5,-6,1,6,4,14,0,-20,-4,-18,6,sil
15.15807843208313,22,-12,-1,-15,-6,-3,1,0,23,16,0,21,12,16,sil
15.174087524414062,24,15,6,-2,6,-7,-7,-4,14,15,26,24,78,7,sil
15.174087524414062,13,28,16,16,13,-3,-5,0,3,1,23,7,110,0,sil
15.189617395401,9,15,10,26,9,14,8,5,-1,-1,3,-2,70,1,sil
15.189617395401,-4,0,2,26,4,23,10,1,-14,0,-15,-12,22,-6,sil
15.205716133117676,-20,-3,-7,12,2,17,11,-3,-20,-2,-21,-24,10,-11,sil
15.205716133117676,-14,-4,-8,-8,0,8,15,-2,-7,0,-19,-23,2,1,sil
15.22090220451355,-5,-10,-2,-14,-10,-11,0,1,5,2,-16,-11,-1,9,sil
15.22090220451355,-1,-11,-5,-9,-17,-29,-13,0,9,7,-5,1,6,10,sil
15.23603582382202,7,-3,-2,-13,-6,-23,-4,0,11,13,7,7,5,20,sil
15.23603582382202,12,-3,-2,-17,-1,-8,4,3,10,14,7,1,0,19,sil
15.25179362297058,4,-11,-7,-17,-9,-4,-5,0,3,4,1,2,-4,-2,sil
15.25179362297058,2,-6,-2,-14,-7,-1,-18,-5,-5,-4,4,8,-14,-12,sil
15.267177104949951,4,5,3,-5,1,-5,-18,-9,-13,-5,11,9,-29,-5,sil
15.267177104949951,-2,0,3,-4,1,-10,-17,-3,-19,-9,11,7,-38,-11,sil
15.283143758773804,-10,-5,-1,-2,-1,-3,-13,-1,-20,-23,7,0,-40,-29,sil
15.283143758773804,-7,5,5,10,5,2,-10,-7,-23,-35,0,-7,-41,-31,sil
15.29794454574585,-9,12,14,17,13,7,-7,-3,-27,-29,-10,-9,-42,-22,sil
15.29794454574585,-15,-2,-5,11,10,17,2,0,-12,-6,-16,-14,-34,-9,sil
15.31309461593628,-10,-11,-7,5,1,21,13,0,13,8,-12,-12,-16,5,sil
15.31309461593628,0,-5,0,4,-2,18,24,2,27,12,-6,-4,0,10,sil
15.32963728904724,1,-3,-2,7,0,14,31,5,20,12,-12,-1,3,8,sil
15.330636739730837,3,0,0,2,0,5,28,6,13,10,-17,4,7,11,sil
15.343873739242554,10,7,2,0,-5,-7,15,5,23,11,4,16,27,17,sil
15.359436750411987,18,14,6,0,-5,-16,-4,5,33,13,27,28,42,24,sil
15.359436750411987,19,11,3,0,-1,-18,-17,4,22,13,27,29,41,24,sil
15.37525510787964,13,6,-6,0,0,-16,-16,1,9,6,23,15,35,6,sil
15.37525510787964,11,11,12,12,2,-7,-10,0,5,1,21,10,25,-1,sil
15.390633821487429,7,13,15,12,4,-5,-7,-2,-4,0,13,8,9,3,sil
15.390633821487429,-6,4,-4,-5,5,-11,-19,-6,-27,-4,0,-9,-5,-3,sil
15.406800985336304,-8,4,-1,2,5,2,-15,-3,-33,-12,-6,-20,-14,-16,sil
15.406800985336304,0,5,7,18,8,19,14,0,-16,-1,-4,-15,-15,-7,sil
15.421940088272097,-14,-10,-7,-5,4,10,27,0,-13,3,-15,-23,-15,0,sil
15.421940088272097,-34,-30,-26,-30,-3,2,15,-5,-23,-7,-31,-35,-22,-13,sil
15.43798303604126,-23,-27,-14,-15,-6,9,8,-7,-14,-4,-22,-28,-21,-17,sil
15.43798303604126,-2,-10,2,0,-3,6,12,0,7,18,-3,-9,2,1,sil
15.454097270965576,1,-8,0,-5,-4,-1,7,5,15,22,0,0,16,14,sil
15.454097270965576,0,-14,-6,-19,-6,1,-2,9,16,6,-6,1,2,7,sil
15.4701406955719,0,-5,-11,-21,-8,3,-6,8,23,-1,-5,5,1,3,sil
15.4701406955719,0,5,-1,-13,-8,-3,-13,-5,13,-9,2,19,10,1,sil
15.486745834350586,3,4,5,-9,-8,-12,-26,-11,-13,-26,3,19,0,-12,sil
15.486745834350586,11,12,8,0,-3,-20,-34,-4,-26,-33,5,13,-6,-15,sil
15.486745834350586,25,34,29,23,11,-13,-29,-2,-19,-16,27,31,10,6,sil
15.501120328903198,28,33,25,36,18,1,-16,-5,-5,-1,33,33,18,14,sil
15.517115354537964,11,8,3,26,7,9,0,0,0,-1,5,5,0,0,sil
15.517115354537964,0,-2,-5,12,0,13,21,8,1,1,-10,-12,-12,-3,sil
15.53266739845276,-11,-12,-11,-1,0,14,32,10,7,1,-18,-21,-13,-2,sil
15.53266739845276,-27,-23,-9,-12,0,11,26,2,11,-2,-38,-30,-18,-12,sil
15.547879695892334,-20,-16,-5,1,1,13,29,0,17,15,-26,-20,-9,-6,sil
15.548299789428713,-1,-11,-6,8,1,7,22,4,20,28,0,-5,5,9,sil
15.562910318374634,0,-17,-5,-11,0,-4,-5,1,11,13,0,0,11,10,sil
15.562910318374634,1,-8,-6,-14,0,-13,-16,-6,2,11,5,6,13,3,sil
15.578269958496094,10,12,6,0,-2,-18,-10,-3,2,10,24,14,12,1,sil
15.578269958496094,18,23,13,0,-8,-15,-6,3,5,-6,35,24,11,3,sil
15.593950033187866,19,27,11,0,2,-5,-3,3,0,-18,31,26,11,4,sil
15.593950033187866,5,25,11,10,8,-3,0,0,-11,-13,14,9,0,1,sil
15.609036922454834,-11,10,0,16,1,-3,1,-3,-14,-3,0,-11,-11,2,sil
15.609036922454834,-17,0,-4,7,0,3,0,-3,-17,-6,-4,-16,-13,0,sil
15.625057220458984,-16,-2,-5,0,0,8,0,-3,-24,-12,-16,-25,-14,-15,sil
15.625057220458984,-15,-15,-8,-8,-6,5,2,-1,-8,4,-26,-25,-5,-11,sil
15.64060878753662,-8,-24,-7,-24,-9,-2,-5,3,13,18,-16,-4,8,7,sil
15.64060878753662,0,-17,-14,-26,-11,-14,-22,0,7,-6,-3,4,0,4,sil
15.656680583953856,3,-6,-5,-19,-9,-13,-24,-2,-9,-25,1,3,-17,-10,sil
15.656680583953856,4,6,8,-8,5,3,-2,4,-5,-5,2,4,-12,-3,sil
15.671932697296144,5,9,6,12,21,20,16,10,10,17,-1,1,0,10,sil
15.671932697296144,1,-4,1,21,14,29,23,5,17,28,-13,-1,-4,10,sil
15.688025951385498,-3,-19,-8,5,-2,22,24,0,20,34,-17,-8,-10,3,sil
15.688025951385498,-5,-18,-9,-14,-9,1,10,-1,20,28,-16,-17,-1,0,sil
15.703636646270752,0,-11,-5,-19,-11,-13,-10,-3,8,4,-7,-5,13,-2,sil
15.703636646270752,10,2,0,-7,-9,-15,-16,-11,-14,-23,15,19,17,-1,sil
15.719242095947266,16,23,19,12,2,-3,-12,-6,-22,-30,29,27,10,2,sil
15.719242095947266,5,25,21,31,12,7,0,4,-8,-16,15,6,0,-4,sil
15.734978675842283,-1,12,11,33,12,13,20,4,0,-4,0,-8,-4,-8,sil
15.734978675842283,0,1,2,24,8,24,36,4,6,8,4,0,5,3,sil
15.750883340835571,-1,-8,-8,7,0,8,16,0,13,10,0,5,13,9,sil
15.750883340835571,0,-7,-3,-4,-6,-30,-23,-6,-4,-11,-8,4,5,0,sil
15.765891075134276,9,9,-1,-1,-1,-28,-30,-9,-21,-16,6,14,6,-6,sil
15.765891075134276,-3,4,-6,-10,0,-6,-15,-8,-15,-4,13,15,8,-8,sil
15.781953811645508,-18,-13,-9,-24,-10,-16,-16,-3,-7,-14,0,2,-1,-10,sil
15.781953811645508,0,-3,-3,-13,-6,-20,-13,1,-1,-19,11,4,0,-5,sil
15.797846794128418,19,21,15,3,6,-1,-1,7,0,-2,21,14,7,-1,sil
15.797846794128418,10,18,12,0,0,0,-4,2,-5,0,3,4,0,0,sil
15.81307578086853,0,5,3,-5,-11,-4,-10,-3,-9,0,-1,-3,-9,5,sil
15.81307578086853,1,12,15,10,3,10,9,4,0,12,9,-1,-5,11,sil
15.829021692276,1,14,17,28,16,19,30,10,13,23,2,-7,0,13,sil
15.829021692276,-8,-3,1,17,9,19,20,4,13,14,-16,-16,-4,9,sil
15.845067501068115,-26,-22,-23,-7,3,21,6,0,3,6,-29,-29,-19,-1,sil
15.845067501068115,-32,-27,-32,-20,-2,13,5,0,1,4,-43,-44,-27,-11,sil
15.861082077026367,-16,-23,-20,-23,-14,5,4,5,14,5,-43,-37,-16,-5,sil
15.861082077026367,0,-18,-16,-28,-11,6,5,5,22,10,-20,-14,0,6,sil
15.877172946929932,4,-13,-8,-30,-3,-1,2,0,13,4,-5,1,0,6,sil
15.877172946929932,8,-10,-5,-21,-3,-12,0,-4,13,0,-7,2,0,3,sil
15.892739534378052,15,-8,-2,-12,-1,-14,-4,-5,16,6,2,8,8,4,sil
15.892739534378052,14,-3,4,-11,-5,-18,-15,-2,-2,-1,21,23,11,-10,sil
15.907770872116089,3,0,-1,-6,-12,-27,-23,-6,-26,-24,24,24,2,-24,sil
15.907770872116089,5,14,10,12,0,-17,-14,-4,-23,-21,27,23,3,-8,sil
15.922926664352415,19,34,31,39,21,4,-4,1,-9,0,37,27,14,7,sil
15.922926664352415,18,33,25,47,27,12,-2,-1,-8,4,31,22,13,3,sil
15.938926219940186,1,20,17,39,18,13,5,0,-15,-5,12,8,4,2,sil
15.938926219940186,-4,12,9,32,8,12,12,3,-17,-3,1,-5,0,4,sil
15.955026388168337,-8,-2,-2,18,1,9,11,0,-17,4,-10,-14,-9,-1,sil
15.955026388168337,-23,-16,-13,1,-3,14,16,-1,-4,7,-20,-16,-13,-4,sil
15.97113299369812,-22,-12,-12,0,-4,12,17,1,16,6,-16,-17,-2,3,sil
15.97113299369812,-3,-14,-1,-3,-6,-5,4,4,22,9,-6,-8,8,9,sil
15.986860513687134,-3,-25,-9,-27,-19,-17,-1,0,18,8,-8,-1,5,5,sil
15.986860513687134,-7,-14,-10,-36,-23,-9,-2,0,17,-2,-14,0,1,0,sil
16.00200915336609,15,8,4,-13,-4,2,0,2,19,0,6,13,16,3,sil
16.00200915336609,28,11,6,-1,5,-2,-3,-1,17,6,26,29,25,8,sil
16.017764568328857,6,9,3,-12,-2,-17,-19,-7,-3,-4,13,22,8,0,sil
16.017764568328857,-2,11,-3,-16,-5,-19,-22,-2,-24,-22,3,6,-4,-8,sil
16.03266668319702,1,3,-3,-9,-1,-7,-16,0,-26,-35,-3,-6,-17,-16,sil
16.03266668319702,0,1,2,0,5,5,-18,-1,-16,-25,-14,-11,-25,-16,sil
16.048720836639404,0,14,12,19,16,12,-9,-3,-15,5,3,-3,-11,0,sil
16.048720836639404,4,14,18,27,12,16,7,-2,-18,13,11,-1,-7,5,sil
16.07025408744812,-7,-3,-3,19,2,16,10,0,-4,1,-16,-23,-20,-3,sil
16.07025408744812,-10,-10,-12,13,7,16,16,5,16,13,-21,-25,-10,0,sil
16.07025408744812,0,-6,-2,5,10,21,31,13,29,39,-1,-7,11,17,sil
16.07984948158264,-5,-10,-11,-8,0,13,25,7,25,33,-5,-8,14,18,sil
16.094955921173096,-16,-13,-13,-22,-5,-9,8,1,12,3,-10,-12,8,3,sil
16.094955921173096,-3,-9,-3,-20,0,-18,5,-2,8,-5,2,0,7,0,sil
16.110573768615723,6,-6,-2,-12,-5,-12,0,-9,4,-4,0,8,4,0,sil
16.110573768615723,1,-4,-3,-12,-20,-15,-24,-7,-16,-19,-5,2,-2,-4,sil
16.127108812332153,4,2,2,-14,-17,-23,-29,-1,-19,-25,7,5,-1,-13,sil
16.127108812332153,10,10,11,-8,1,-15,-12,2,1,-9,13,15,1,-13,sil
16.14280366897583,4,8,3,-1,3,0,-1,7,0,-1,0,10,-1,-13,sil
16.14280366897583,0,3,0,3,-1,0,-9,3,-25,-14,-6,0,-16,-15,sil
16.158902645111084,0,8,11,18,11,5,-2,0,-27,-17,-4,-6,-23,-7,sil
16.158902645111084,4,13,9,35,18,24,24,0,-3,10,-1,-6,-6,11,sil
16.174540281295776,5,4,9,30,12,32,32,1,19,35,0,4,13,25,sil
16.174540281295776,-5,-11,-2,7,10,12,14,0,29,25,0,9,15,21,sil
16.190032720565796,-17,-18,-18,-9,-2,-16,-11,-2,12,1,2,1,8,7,sil
16.190032720565796,-6,-12,-7,-10,-24,-21,-20,0,-2,-1,5,0,8,0,sil
16.205676555633545,1,-9,-8,-12,-20,-4,-5,-1,11,8,1,1,15,-1,sil
16.205676555633545,-11,-16,-15,-24,-4,-1,2,0,21,-2,0,0,9,-2,sil
16.221248626708984,-10,-6,-7,-17,-3,-13,-7,2,0,-22,3,1,-5,-7,sil
16.221248626708984,10,18,9,9,-3,-8,-10,-3,-14,-14,3,9,-6,-5,sil
16.236796140670776,16,26,23,16,6,6,0,-2,-4,0,14,13,7,1,sil
16.236796140670776,15,17,11,8,17,9,5,0,2,2,33,16,14,3,sil
16.251901388168335,14,11,8,5,13,4,0,0,-3,3,26,12,7,0,sil
16.251901388168335,2,8,8,3,0,6,-6,0,-9,8,0,-5,-2,0,sil
16.26692032814026,-6,0,-2,4,-4,7,0,-2,-12,3,-17,-23,-12,0,sil
16.26692032814026,-5,-5,-4,9,6,10,11,-1,-15,0,-15,-16,-13,-1,sil
16.283358335494995,-8,-3,-6,12,11,17,22,2,0,10,-7,-6,-6,0,sil
16.283358335494995,-15,-8,-12,2,0,14,20,5,12,7,-20,-18,-13,0,sil
16.298052310943604,-22,-29,-21,-17,-13,0,11,4,6,-5,-42,-29,-24,0,sil
16.298052310943604,-16,-29,-17,-26,-10,-15,1,0,4,-2,-28,-14,-8,0,sil
16.312572240829468,7,-2,8,-16,-3,-21,-13,-2,7,-2,6,12,12,0,goodbye
16.328620433807373,23,8,14,-7,-8,-26,-25,-5,0,-12,16,23,14,0,goodbye
16.32960867881775,22,5,10,-9,-7,-24,-24,-2,-8,-11,15,23,15,6,goodbye
16.343990325927734,19,14,7,-11,4,-12,-16,1,-15,-11,21,17,8,-1,goodbye
16.343990325927734,6,21,1,-1,6,-4,-12,-2,-22,-22,2,0,-18,-22,goodbye
16.35951566696167,1,24,14,20,3,3,-2,-3,-16,-18,-12,-3,-20,-16,goodbye
16.35951566696167,7,23,19,34,14,20,14,2,0,10,10,5,3,4,goodbye
16.374550104141235,0,5,3,24,17,28,16,2,0,24,22,1,2,9,goodbye
16.374550104141235,-9,-4,-4,14,8,20,14,3,0,17,0,-8,-6,7,goodbye
16.38990831375122,-1,0,-2,13,0,9,20,4,5,6,-16,-10,0,11,goodbye
16.38990831375122,-11,-11,-3,2,-5,7,9,0,2,0,-11,-7,-3,8,goodbye
16.40595555305481,-27,-27,-18,-10,-9,7,0,-5,7,5,-7,-11,-4,2,goodbye
16.40595555305481,-16,-27,-20,-14,-11,-6,1,-4,23,10,-11,-15,4,0,goodbye
16.421112060546875,-2,-21,-5,-13,-17,-19,-7,2,26,2,-7,-6,11,2,goodbye
16.421112060546875,-4,-19,-10,-13,-15,-10,-14,3,25,5,4,4,18,6,goodbye
16.437253952026367,-4,-9,-10,-19,-3,3,0,1,31,11,4,8,22,0,goodbye
16.437253952026367,4,0,1,-17,0,8,9,7,30,7,0,10,21,-1,goodbye
16.45287847518921,10,0,4,-8,-2,0,2,7,15,-1,8,11,19,1,goodbye
16.45287847518921,6,9,-3,-9,0,-12,-5,-1,-4,-12,8,5,4,-3,goodbye
16.468050956726074,0,20,-6,-8,5,-15,-7,-6,-24,-13,3,1,-10,-13,goodbye
16.468050956726074,0,17,7,5,3,-11,-11,-4,-34,-15,7,5,-14,-11,goodbye
16.483717918395996,9,15,15,9,1,-10,-11,-3,-25,-14,9,9,-14,-4,goodbye
16.483717918395996,18,22,16,3,10,-6,-8,-4,-12,4,11,16,-8,3,goodbye
16.499626398086548,15,13,16,6,16,0,-10,-1,-13,12,9,11,-2,6,goodbye
16.499626398086548,3,-3,3,12,8,-1,-8,0,-16,0,1,-9,-9,1,goodbye
16.514976024627686,0,-2,4,8,6,3,6,1,-15,0,3,-9,-10,-1,goodbye
16.514976024627686,-2,2,3,5,7,14,21,0,-20,3,5,-1,-3,-3,goodbye
16.53097105026245,-8,-2,-7,8,0,11,12,-2,-24,-11,-11,-15,-10,-7,goodbye
16.53097105026245,-9,-3,-2,10,-1,8,6,4,-5,-7,-19,-21,-12,-3,goodbye
16.546964168548584,-2,0,0,9,0,6,10,7,15,13,-5,-9,0,1,goodbye
16.546964168548584,-4,-1,-5,9,-7,0,-3,0,11,7,-3,-3,1,-3,goodbye
16.56176519393921,-9,-6,-3,9,-10,-2,-8,-2,7,0,-11,-5,-2,-8,goodbye
16.56176519393921,-10,-10,-4,-3,-6,5,9,-4,9,4,-11,-5,-5,-4,goodbye
16.57698345184326,-7,-11,-4,-17,-8,11,11,-3,2,-5,-11,0,-4,-2,goodbye
16.57698345184326,0,-6,-9,-9,-5,8,7,3,6,-10,-17,-1,0,1,goodbye
16.59301233291626,3,-3,-3,0,0,2,7,8,18,0,-20,-5,0,13,goodbye
16.59301233291626,0,-2,1,-4,-6,1,-2,5,11,0,-6,2,7,19,goodbye
16.608598232269287,-2,-3,-4,-9,-9,-2,-12,-1,3,-8,5,11,16,12,goodbye
16.608598232269287,2,-4,2,-9,0,-8,-4,-2,8,-11,1,9,9,7,goodbye
16.623996019363403,7,-4,5,-2,2,-7,6,0,16,0,2,5,9,12,goodbye
16.623996019363403,5,0,-1,1,0,-5,1,0,14,2,13,7,14,3,goodbye
16.639593839645386,9,8,1,2,9,-2,-5,0,7,3,24,11,13,-6,goodbye
16.639593839645386,20,17,12,9,22,0,-6,-1,6,17,47,22,26,7,goodbye
16.655612468719482,17,17,20,5,10,-3,-10,0,2,16,52,29,25,14,goodbye
16.655612468719482,0,6,1,-2,-8,-11,-16,-6,-13,-6,15,11,-1,-9,goodbye
16.671680688858032,-5,1,-4,2,-5,-13,-15,-13,-22,-12,-11,0,-13,-20,goodbye
16.671680688858032,-1,4,6,4,0,-10,-7,0,-11,0,-1,2,-6,-6,goodbye
16.687846899032593,-6,-1,-1,-6,-6,-8,0,9,-6,0,-1,-4,-11,-5,goodbye
16.687846899032593,-8,-6,-4,-5,-8,-6,0,2,-19,-15,-14,-14,-18,-13,goodbye
16.703871250152588,8,5,7,10,2,1,7,0,-19,-9,-2,-3,-9,-4,goodbye
16.703871250152588,12,9,8,12,7,11,12,0,0,6,8,0,-3,4,goodbye
16.718761444091797,-6,-1,-7,-1,3,15,-2,-2,2,1,-14,-17,-16,-4,goodbye
16.718761444091797,-13,-2,-21,-1,3,16,0,0,0,0,-31,-27,-19,-14,goodbye
16.734771728515625,-5,0,-11,5,10,19,22,11,11,20,-17,-18,0,-3,goodbye
16.734771728515625,-9,-12,-9,-6,9,18,31,11,20,28,-14,-8,7,8,goodbye
16.749950885772705,-11,-22,-11,-24,0,9,21,2,19,14,-24,-10,0,11,goodbye
16.749950885772705,-7,-19,-8,-18,-7,5,17,1,14,15,-25,-23,-6,8,goodbye
16.766013145446777,-15,-18,-21,-11,-11,-2,4,0,5,10,-37,-35,-17,-2,goodbye
16.766013145446777,-13,-14,-15,-25,-11,-18,-17,-7,-1,-14,-32,-17,-16,-13,goodbye
16.78167200088501,3,-4,1,-30,-6,-18,-25,-9,-2,-19,12,11,7,-6,goodbye
16.78167200088501,5,1,5,-16,-5,-17,-33,-9,-18,-17,38,24,18,-1,goodbye
16.79669952392578,0,15,14,6,-6,-18,-40,-4,-38,-34,25,25,4,-7,goodbye
16.79669952392578,0,28,18,33,0,-2,-19,-2,-31,-34,18,13,-5,-13,goodbye
16.811949014663696,-3,16,17,42,9,16,4,0,-15,-13,10,0,-12,-7,goodbye
16.811949014663696,0,0,17,30,10,17,19,5,-1,2,3,6,0,12,goodbye
16.827568531036377,11,1,13,17,0,4,24,9,14,14,18,22,32,31,goodbye
16.827568531036377,11,2,11,1,-10,-8,7,2,22,16,29,21,39,26,goodbye
16.843767166137695,11,0,3,-4,-7,-12,-4,-3,17,4,22,15,19,9,goodbye
16.843767166137695,20,14,7,6,3,-10,-5,-1,4,-5,16,18,5,-3,goodbye
16.858843088150024,18,30,8,21,12,-6,-5,0,-2,-9,17,17,0,-6,goodbye
16.858843088150024,8,25,2,27,16,12,9,4,2,-3,12,3,-6,1,goodbye
16.875410079956055,0,4,0,14,14,29,27,9,10,13,-8,-11,-7,2,goodbye
16.890045404434204,-6,-13,-14,-7,0,14,14,-2,6,24,-27,-22,-10,-3,goodbye
16.890045404434204,-1,-15,-11,-7,-3,1,2,-13,-1,21,-24,-18,-11,1,goodbye
16.890045404434204,6,-11,1,3,8,11,19,0,6,22,-17,-3,-1,13,goodbye
16.90667700767517,-1,-21,-7,-10,4,5,23,6,16,21,-17,1,3,6,goodbye
16.90667700767517,-8,-27,-9,-33,-17,-13,-2,2,4,2,-7,4,1,-1,goodbye
16.921297073364258,-3,-20,-11,-31,-20,-16,-16,0,-4,-12,-2,3,-1,0,goodbye
16.921297073364258,-4,-17,-15,-30,-7,-13,-20,-1,-4,-23,-14,-1,-8,-3,goodbye
16.937551975250244,-9,-14,-12,-32,-9,-15,-27,0,-3,-17,-11,-1,-4,-19,goodbye
16.937551975250244,0,0,-7,-17,-10,-11,-23,0,6,0,13,8,12,-14,goodbye
16.952982187271118,13,18,8,-1,5,-2,-14,2,7,-2,21,14,13,0,goodbye
16.952982187271118,6,17,9,0,8,-4,-11,-1,-11,-17,6,2,-4,-4,goodbye
16.967519283294678,-9,10,0,0,-1,-12,-13,-11,-22,-17,-1,-14,-16,-16,goodbye
16.983601331710815,-13,23,5,15,7,-5,-10,-6,-15,-11,3,-17,-12,-11,goodbye
16.983601331710815,-8,34,7,33,20,8,0,2,-9,0,7,-15,-4,-2,goodbye
16.9981529712677,-10,15,4,28,7,15,5,4,-9,7,-5,-24,-8,-1,goodbye
16.9981529712677,-15,-5,0,15,-2,21,19,5,0,1,-18,-27,-18,-2,goodbye
17.013777256011963,-9,-7,3,19,1,23,33,2,6,3,-10,-17,-11,0,goodbye
17.013777256011963,-1,-10,2,15,2,21,29,0,2,18,-1,-5,1,7,goodbye
17.029046297073364,-3,-23,-8,-4,-2,15,21,4,0,16,-3,-1,2,9,goodbye
17.029046297073364,0,-21,-4,-12,-2,7,21,7,12,4,0,4,3,8,goodbye
17.04455876350403,1,-7,0,-5,-2,2,17,0,21,10,2,10,10,8,goodbye
17.04455876350403,-2,-11,-8,-15,-9,-7,-1,-6,11,12,-6,8,7,8,goodbye
17.059711456298828,0,-18,-9,-27,-14,-19,-16,-1,1,-2,-16,8,0,6,goodbye
17.059711456298828,5,-12,-6,-25,-14,-25,-21,0,-5,-16,-11,10,0,2,goodbye
17.075525999069214,0,-5,-2,-26,-18,-29,-30,-5,-14,-19,6,14,1,-4,goodbye
17.075525999069214,9,0,0,-25,-10,-24,-24,-3,-8,-9,28,24,15,0,goodbye
17.090947151184082,29,14,14,0,10,-5,-7,0,0,0,34,34,28,13,goodbye
17.090947151184082,23,27,24,28,17,2,-7,-1,-1,0,25,28,22,8,goodbye
17.105676651000977,17,26,11,38,11,3,-6,-4,0,4,18,12,12,0,goodbye
17.105676651000977,20,20,9,35,17,19,7,1,0,7,4,0,3,6,goodbye
17.120832204818726,6,17,5,31,18,25,14,3,-5,0,-7,-12,-7,2,goodbye
17.120832204818726,-7,12,-2,22,5,12,13,0,-1,5,-6,-19,-9,-14,goodbye
17.13693857192993,-5,0,0,8,1,8,17,0,7,15,-10,-16,-7,-13,goodbye
17.13693857192993,-4,-9,-3,-3,0,-3,7,1,12,2,-19,-9,-5,-4,goodbye
17.15229821205139,-7,-6,-3,-21,-7,-30,-23,1,11,-13,-2,6,2,-6,goodbye
17.15229821205139,-7,0,-4,-22,-9,-25,-33,0,-3,-18,14,11,1,-15,goodbye
17.167665481567383,-10,0,-7,-4,0,1,-10,-1,-17,-21,-2,-6,-21,-18,goodbye
17.167665481567383,-11,0,1,5,3,12,5,0,-7,-15,-17,-12,-30,-8,goodbye
17.18320631980896,-13,-1,-3,0,0,10,9,-1,-3,-8,-12,-14,-18,2,sil
17.18320631980896,-21,-13,-10,-8,3,13,12,-6,-20,-7,-14,-21,-16,0,sil
17.19906258583069,-18,-13,-3,-5,0,15,14,0,-11,10,-16,-16,-16,-1,sil
17.19906258583069,-5,-5,1,4,-8,7,11,1,14,18,-12,-9,-8,8,sil
17.214628219604492,-2,-8,3,-1,-4,7,15,3,16,9,-9,-8,0,9,sil
17.214628219604492,-1,-11,0,-12,-1,11,24,8,18,25,5,0,13,10,sil
17.229787588119507,13,-3,2,-10,-6,-2,6,6,24,32,18,13,26,21,sil
17.229787588119507,23,-1,3,-2,-2,-17,-12,2,18,13,15,16,25,19,sil
17.24524450302124,13,-5,-4,0,1,-7,-3,1,13,15,14,19,25,10,sil
17.24524450302124,4,-3,0,-7,-1,-2,-1,2,6,15,15,20,24,6,sil
17.261244297027588,5,-4,-5,-18,-8,-20,-17,-4,-7,-9,9,5,12,0,sil
17.261244297027588,4,-1,-11,-15,-8,-24,-22,-9,-16,-27,4,-4,-1,-12,sil
17.276867151260376,7,17,7,4,1,0,-13,-2,-16,-26,9,0,-4,-12,sil
17.276867151260376,13,22,12,21,12,16,-4,0,-8,-13,12,6,3,0,sil
17.291916131973267,2,6,3,6,2,5,-6,-4,-10,-10,-3,3,-6,-5,sil
17.308582305908203,-17,-2,-5,-3,-10,-5,-11,-9,-30,-24,-27,-9,-33,-23,sil
17.308582305908203,-15,3,-2,12,-2,0,-7,-1,-31,-17,-29,-17,-27,-16,sil
17.308582305908203,0,3,5,24,9,17,9,7,0,21,-19,-13,-1,6,sil
17.323124885559082,-5,-11,-8,6,8,14,18,1,13,24,-17,-14,-1,5,sil
17.323124885559082,-8,-12,-7,-4,2,-2,9,0,5,-3,-7,-4,-1,-1,sil
17.338929891586304,12,2,4,9,-1,-10,8,10,14,0,13,13,16,9,sil
17.338929891586304,19,4,3,4,-4,-13,12,5,27,10,18,14,17,16,sil
17.354679346084595,0,0,-4,-13,0,-9,5,-1,19,-5,10,10,0,2,sil
17.354679346084595,-6,0,-8,-10,3,0,1,-1,4,-17,12,13,0,-8,sil
17.370338439941406,0,6,1,0,2,0,-5,-3,-9,-15,11,9,4,-15,sil
17.3859543800354,-2,15,12,6,9,-3,-18,-10,-19,-11,5,-2,-2,-13,sil
17.386954307556152,-10,18,6,9,14,0,-22,-9,-19,0,6,-6,-8,-5,sil
17.386954307556152,-7,12,5,2,6,6,-11,2,-10,9,8,-1,-2,-2,sil
17.401110649108887,-4,1,3,0,-5,9,6,4,2,9,0,-9,-6,-2,sil
17.416076183319092,-14,-12,-1,-1,-13,7,16,-1,4,5,-19,-29,-26,-2,sil
17.416076183319092,-23,-18,-8,-7,-11,7,13,1,-3,6,-23,-30,-24,-3,sil
17.4321186542511,-11,-10,-1,-3,0,10,11,7,0,16,-8,-7,3,7,sil
17.4321186542511,8,-7,13,0,0,10,12,6,14,22,0,10,14,23,sil
17.44822406768799,17,-9,3,-1,-2,5,7,3,18,19,1,14,13,21,sil
17.44822406768799,21,-3,-1,-1,0,0,0,-2,14,10,7,15,22,14,sil
17.463191986083984,23,0,2,-2,2,-1,-1,-4,12,5,11,19,26,20,sil
17.463191986083984,21,-2,4,-4,0,-7,-3,1,10,5,9,25,14,20,sil
17.47866916656494,11,0,2,-2,-4,-16,-10,1,1,-4,8,24,5,0,sil
17.47866916656494,1,2,-5,0,-7,-23,-15,-2,-5,-22,5,7,0,-15,sil
17.49379825592041,0,4,-3,-9,-7,-20,-16,0,0,-23,6,0,-4,-13,sil
17.49379825592041,-1,7,0,-5,0,-4,-8,4,0,-10,7,0,-5,-11,sil
17.50975203514099,-6,11,0,23,15,19,5,5,-4,-2,1,-7,-4,-8,sil
17.50975203514099,-2,10,7,38,22,26,13,6,0,8,-3,-9,0,1,sil
17.525275707244873,-6,-4,-8,12,6,7,14,1,3,16,-15,-18,-5,-3,sil
17.525275707244873,-24,-24,-26,-22,-15,-5,4,-5,-12,-7,-36,-35,-26,-19,sil
17.54138708114624,-24,-21,-16,-35,-24,-9,-7,-6,-20,-30,-33,-28,-22,-12,sil
17.54138708114624,-6,-6,-12,-31,-23,-25,-17,-12,-22,-28,-6,-6,0,-2,sil
17.55701971054077,1,2,-6,-20,-9,-24,-17,-14,-36,-31,5,1,0,-14,sil
17.55701971054077,5,17,3,0,13,0,-2,-7,-33,-23,9,7,-7,-14,sil
17.573124885559082,5,25,8,18,26,12,3,-2,-10,2,9,12,0,0,sil
17.573124885559082,0,13,10,26,24,17,0,1,8,21,3,5,5,6,sil
17.58876872062683,0,4,9,28,23,27,16,12,22,32,1,-2,6,16,sil
17.58876872062683,2,0,10,15,13,20,29,13,19,32,-2,-6,3,20,sil
17.603981256484985,-5,-18,-3,0,-6,3,17,0,6,13,-16,-9,-5,7,sil
17.603981256484985,-6,-24,-10,-14,-18,-4,2,-1,7,-4,-18,-7,-2,0,sil
17.619986534118652,-2,-11,-1,-21,-16,-4,0,2,17,-1,0,0,9,3,sil
17.619986534118652,0,-2,0,-15,-11,-4,-1,-1,17,7,20,5,9,3,sil
17.635023593902588,8,5,7,-6,-11,-13,-16,-4,4,0,31,20,2,0,sil
17.635023593902588,19,18,17,2,-14,-22,-28,0,-4,-11,23,29,4,-1,sil
17.650588035583496,24,22,19,17,-4,-17,-22,1,-1,-3,19,25,5,0,sil
17.650588035583496,19,19,20,23,9,-2,-2,7,8,10,29,20,2,5,sil
17.666667699813843,0,9,3,16,8,3,9,8,13,9,25,5,1,0,sil
17.666667699813843,-15,0,-2,13,5,15,9,2,4,3,0,-10,-3,-11,sil
17.68184471130371,-10,0,3,16,12,28,17,3,2,8,-13,-10,-5,-5,sil
17.68184471130371,-1,-7,4,9,8,19,23,1,14,13,-9,1,5,7,sil
17.697905778884888,-4,-18,-4,-5,-7,5,8,-1,9,9,-4,9,15,17,sil
17.697905778884888,-4,-17,-16,-12,-10,0,-5,0,0,6,-6,7,13,20,sil
17.713679790496826,-3,-14,-17,-18,-3,-6,-9,0,1,0,-13,-5,4,10,sil
17.713679790496826,-4,-16,-17,-24,-4,-15,-12,-6,-3,-13,-17,-15,-1,-5,sil
17.728825092315674,1,-8,-15,-22,-6,-10,-16,-7,-16,-21,-9,-4,1,-12,sil
17.728825092315674,10,9,1,-13,0,-9,-16,-1,-18,-20,0,6,7,-7,sil
17.744624853134155,7,16,1,-4,4,-15,-8,-4,-18,-22,-1,-5,0,-7,sil
17.744624853134155,0,12,-6,-4,7,-9,0,-7,-28,-26,-14,-22,-17,-19,sil
17.759764432907104,-1,13,-4,-3,9,2,0,-5,-30,-18,-14,-17,-26,-24,sil
17.759764432907104,0,11,6,9,10,4,2,-3,-16,0,-3,-13,-20,-11,sil
17.775365591049194,0,6,17,20,12,10,11,0,-3,13,-9,-21,-15,0,sil
17.775365591049194,-5,-3,-1,12,10,21,23,-1,3,14,-29,-30,-19,-2,sil
17.79079818725586,-21,-18,-23,-10,0,12,23,-2,9,9,-38,-30,-24,-2,sil
17.79079818725586,-24,-23,-20,-26,-8,-2,13,5,14,12,-32,-24,-13,3,sil
17.806824922561646,-13,-21,-14,-22,-17,-14,-7,6,11,8,-16,-13,3,4,sil
17.806824922561646,-5,-13,0,-13,-22,-18,-23,0,0,-13,4,12,10,-1,sil
17.822850942611694,5,4,11,-5,-12,-11,-18,1,1,-17,29,43,19,1,sil
17.822850942611694,16,16,16,0,-3,-4,-14,8,13,-1,49,50,31,11,sil
17.838971376419067,10,12,16,8,-1,-1,-14,8,10,1,51,36,23,6,sil
17.838971376419067,4,17,18,30,9,14,5,8,2,6,46,30,11,3,sil
17.85491180419922,10,28,32,53,24,33,31,11,11,26,38,31,13,16,sil
17.85491180419922,10,14,20,45,15,22,28,3,22,32,19,14,7,20,sil
17.87025785446167,4,-9,-6,16,-4,-2,5,-5,7,16,0,-2,-1,7,sil
17.87025785446167,6,-6,-6,6,-7,-3,0,0,0,5,-1,0,1,3,sil
17.88678216934204,5,-2,-4,4,-1,0,5,-1,9,1,0,0,4,6,sil
17.88678216934204,0,-14,-7,-19,-11,-14,-5,-11,8,-10,-2,-4,0,2,sil
17.90216374397278,6,-7,-6,-27,-12,-25,-19,-9,-8,-23,-2,-3,0,-7,sil
17.90216374397278,9,16,2,0,7,-6,-18,-4,-16,-21,0,0,-1,-16,sil
17.918079137802124,0,16,7,16,16,16,0,0,-10,-2,-1,-10,-11,-13,sil
17.918079137802124,-11,-13,-9,-1,6,9,10,1,-1,7,-23,-29,-15,-8,sil
17.93363666534424,-11,-31,-21,-27,0,-7,0,0,2,5,-36,-30,-11,-9,sil
17.93363666534424,1,-11,-11,-25,1,-5,-5,-1,7,4,-17,-8,1,-2,sil
17.948940753936768,7,11,2,-7,-1,-5,-2,-1,-11,-10,-9,4,0,0,sil
17.948940753936768,-8,6,1,-2,-8,-12,-15,-1,-40,-36,-33,-8,-26,-16,sil
17.964393615722656,-20,-4,-14,-3,-5,5,-9,-1,-25,-22,-35,-24,-28,-13,sil
17.964393615722656,0,0,-2,1,6,22,11,3,12,13,-8,-7,5,20,sil
17.980037689208984,14,0,9,-3,11,4,5,1,16,16,8,13,24,27,sil
17.980037689208984,3,-5,1,-23,3,-14,-9,-7,-3,-4,10,7,12,2,sil
17.99589991569519,-4,6,7,-20,0,-7,-6,0,-5,-5,13,5,4,0,sil
17.99589991569519,4,22,18,16,7,6,10,12,6,14,23,16,12,11,sil
18.01076602935791,3,9,14,33,11,12,18,5,0,18,7,6,5,11,sil
18.01076602935791,-18,-14,-10,0,-4,2,16,-3,-3,7,-25,-17,-10,3,sil
18.026795387268063,-22,-25,-24,-25,-18,-9,7,-2,13,8,-17,-13,-6,-3,sil
18.026795387268063,0,-15,0,-6,-13,-13,-1,1,16,2,16,10,9,-12,sil
18.042807817459103,11,3,3,8,-7,-13,-6,3,7,-5,29,20,21,-8,sil
18.042807817459103,4,8,-4,-8,-6,-13,-14,2,9,-4,29,17,18,-2,sil
18.058844089508057,1,3,-2,-11,-7,-3,-21,-1,-3,-13,25,8,0,-19,sil
18.058844089508057,4,12,4,15,-5,12,-10,-7,-24,-21,11,-1,-12,-20,sil
18.080904960632324,3,20,10,29,0,22,6,0,-12,0,6,-3,-10,0,sil
18.080904960632324,-5,0,0,17,-8,19,10,5,4,12,0,-10,-17,0,sil
18.080904960632324,-13,-11,-12,9,-15,9,10,0,-7,0,-24,-20,-29,-10,sil
18.09093475341797,-9,-1,-9,10,-6,6,16,4,-6,2,-33,-21,-23,2,sil
18.106651782989506,0,-5,-7,2,-3,5,13,6,24,18,-19,-11,-3,16,sil
18.106651782989506,10,-9,3,-9,-9,-3,-1,-4,27,8,-5,6,5,11,sil
18.121909379959103,12,6,5,-7,0,-11,-9,-10,-3,-10,3,18,2,7,sil
18.121909379959103,9,18,3,1,9,-14,-9,-5,-12,-12,11,17,4,7,sil
18.137107610702515,14,16,15,6,11,-10,-13,0,-1,-5,19,19,18,5,sil
18.137107610702515,14,12,18,8,18,-4,-19,0,-13,-3,26,19,18,0,sil
18.152716636657715,0,4,10,5,24,-3,-12,0,-31,0,11,2,-1,-6,sil
18.152716636657715,-12,-7,0,6,21,1,9,1,-10,9,-22,-20,-7,-5,sil
18.16863989830017,-13,-16,-1,4,21,17,25,2,17,17,-32,-23,3,5,sil
18.16914677619934,-2,-15,0,-1,25,22,25,6,27,23,-3,-1,14,13,sil
18.18412756919861,4,-16,-10,-11,20,3,19,6,26,15,7,4,14,11,sil
18.18412756919861,-2,-16,-8,-17,18,-5,12,3,22,-2,-9,-4,8,12,sil
18.199849605560303,-3,-13,-5,-12,33,0,9,0,20,0,-2,2,11,14,sil
18.199849605560303,0,-16,-11,-16,29,-12,-7,-4,7,1,16,9,8,0,sil
18.21508884429932,-2,-13,-7,-25,3,-27,-26,-8,-13,-17,1,-1,-7,-20,sil
18.21508884429932,0,3,0,-5,0,-12,-18,-4,-15,-24,-10,0,-6,-13,sil
18.23056960105896,0,10,-2,-8,-5,-8,-20,-1,-15,-27,-1,4,-3,-12,sil
18.23056960105896,-16,4,-14,-43,-37,-17,-31,-2,-29,-38,-4,-9,-17,-27,sil
18.245968103408813,-5,13,0,-22,-56,0,-16,-1,-24,-25,-15,-15,-23,-19,sil
18.245968103408813,11,22,22,16,-62,10,-5,-1,-19,-10,-19,-8,-23,-8,sil
18.261637210845947,0,14,6,8,-54,2,-7,-10,-24,-10,-5,-7,-20,-12,sil
18.261637210845947,3,20,7,18,-15,20,12,0,-4,13,20,12,7,2,sil
18.276832580566406,17,34,23,62,-10,36,31,17,21,45,31,27,27,27,sil
18.276832580566406,4,21,9,53,-43,13,17,10,14,36,19,11,8,22,sil
18.292112588882446,-5,3,0,28,-32,11,13,0,5,14,7,-1,-2,5,sil
18.30814743041992,1,2,3,37,-3,31,30,2,22,24,1,-5,10,11,sil
18.30814743041992,2,-8,-3,20,-11,16,26,1,25,38,3,-7,13,24,sil
18.30814743041992,-9,-34,-24,-24,-10,-15,4,-5,6,19,6,-1,0,10,sil
18.322773218154907,-15,-40,-26,-39,8,-31,-12,-8,-2,-10,-5,-6,-7,-13,sil
18.338282823562626,-6,-20,-4,-25,18,-27,-21,-1,3,-13,-18,-12,-6,-14,sil
18.338282823562626,5,-9,0,-19,28,-15,-13,0,12,0,-4,2,2,0,sil
18.354163885116577,8,-18,-1,-32,35,-18,-12,0,4,-3,11,18,13,0,goodbye
18.354163885116577,4,-16,-5,-43,23,-29,-20,0,-12,-23,0,11,7,-7,goodbye
18.36919140815735,-1,0,-14,-31,21,-27,-19,-2,-21,-45,-19,-2,-14,-14,goodbye
18.36919140815735,-3,12,0,-6,39,-8,-11,0,-17,-42,-19,-5,-24,-18,goodbye
18.385029077529907,1,16,11,13,48,10,-2,2,-6,-14,-4,-5,-6,-7,goodbye
18.385029077529907,4,17,10,16,36,13,0,0,0,1,0,0,5,5,goodbye
18.40070390701294,6,20,10,11,27,6,-1,3,-2,-1,3,2,0,1,goodbye
18.40070390701294,0,14,6,16,21,6,0,6,-9,-2,5,-6,-5,-4,goodbye
18.415849685668945,-19,2,10,22,8,16,4,4,-3,11,4,-11,2,1,goodbye
18.415849685668945,-12,0,6,25,4,25,15,3,16,28,11,0,14,12,goodbye
18.43194007873535,4,6,1,25,12,32,23,-1,12,19,11,2,5,6,goodbye
18.43194007873535,-6,3,0,21,7,34,24,-8,-10,0,-5,-9,-7,-4,goodbye
18.44806218147278,-13,-5,-7,13,-11,20,20,-8,-5,2,-10,-11,-1,-1,goodbye
18.44806218147278,7,-3,-4,0,-21,10,17,0,22,18,1,-2,4,12,goodbye
18.46388077735901,14,-2,-1,-2,-21,11,17,2,28,28,2,3,5,19,goodbye
18.46388077735901,2,-10,-6,0,-27,-4,7,0,12,24,-6,8,10,17,goodbye
18.47932744026184,1,-16,-7,-13,-42,-26,-6,0,4,6,-6,10,11,10,goodbye
18.47932744026184,5,-17,-12,-34,-45,-29,-6,4,7,-2,-2,6,7,1,goodbye
18.49521446228028,5,-9,-6,-32,-30,-24,-7,-2,0,-2,-5,3,-1,-2,goodbye
18.49521446228028,3,0,0,-21,-22,-26,-20,-7,-6,-6,-7,0,-7,-6,goodbye
18.510591506958008,4,-4,4,-32,-31,-27,-32,0,0,-4,0,3,2,-8,goodbye
18.510591506958008,3,-3,6,-28,-24,-17,-27,6,0,-1,5,17,8,-8,goodbye
18.526678323745728,0,6,2,-2,-5,-6,-19,-2,-18,-18,3,11,-10,-12,goodbye
18.526678323745728,2,9,12,0,-8,-9,-24,-5,-44,-38,8,8,-17,-11,goodbye
18.54194617271424,14,13,16,1,-11,-13,-24,-4,-53,-37,15,14,-3,-2,goodbye
18.54194617271424,14,24,8,24,8,-1,-1,-3,-34,-29,10,2,-8,-6,goodbye
18.55731678009033,1,21,9,32,23,14,15,6,6,-15,11,-7,-14,-8,goodbye
18.55731678009033,0,7,2,21,26,21,16,12,47,12,21,-2,8,8,goodbye
18.57290315628052,0,0,0,17,36,24,18,3,48,29,10,-4,16,11,goodbye
18.57290315628052,-6,2,1,22,34,22,22,0,20,18,-5,-8,-2,-1,goodbye
18.58898067474365,-10,4,-4,20,15,11,9,0,-1,4,-3,-8,-5,-2,goodbye
18.58898067474365,-12,2,-5,14,10,4,-1,-2,-11,-1,-8,-15,-3,-3,goodbye
18.60510301589965,-16,-4,-6,9,14,8,6,-3,-25,-8,-24,-22,-15,-14,goodbye
18.60510301589965,-17,-15,-11,3,12,14,14,-1,-26,-2,-22,-21,-17,-17,goodbye
18.62064290046692,-16,-18,-13,-8,8,12,17,5,0,16,-9,-13,-2,0,goodbye
18.62064290046692,-14,-13,-13,-18,5,0,16,3,19,18,-7,-4,5,15,goodbye
18.63678765296936,-11,-12,-6,-21,-3,-9,0,-5,15,5,-15,-3,-3,9,goodbye
18.63678765296936,-13,-13,-11,-17,-10,0,-4,-6,15,12,-25,-12,-10,0,goodbye
18.65268421173096,-9,-4,-8,-8,-4,7,0,0,20,25,-24,-9,1,3,goodbye
18.65268421173096,3,0,0,-5,-1,-1,-3,2,15,15,-5,1,18,6,goodbye
18.667903900146484,7,-8,0,-14,-8,-14,-6,3,4,-1,8,6,16,5,goodbye
18.667903900146484,4,-11,-2,-18,-8,-13,-12,0,-9,-10,4,7,5,1,goodbye
18.68389391899109,16,0,2,-5,-2,-13,-18,-7,-22,-12,7,14,9,2,goodbye
18.68389391899109,33,8,20,4,-3,-13,-10,-5,-19,-7,29,33,23,14,goodbye
18.69958877563477,37,11,25,6,-9,-2,1,5,-1,1,44,46,34,21,goodbye
18.69958877563477,30,12,10,1,-8,2,2,5,15,3,40,34,28,12,goodbye
18.71494221687317,15,13,11,-2,-1,-10,0,2,20,1,24,20,7,3,goodbye
18.71494221687317,3,12,9,3,-3,-15,0,0,12,3,6,14,-4,0,goodbye
18.730387449264526,4,15,2,6,-2,0,-8,-3,0,-4,1,1,-6,-4,goodbye
18.730387449264526,5,16,3,1,5,2,-11,3,-6,-10,9,-5,-8,-12,goodbye
18.74601125717163,-6,2,0,5,2,-12,-5,6,-11,-13,0,-4,-17,-19,goodbye
18.74601125717163,-16,-2,2,9,-5,-10,-1,0,-24,-26,-22,-10,-28,-16,goodbye
18.76159834861756,-9,8,0,12,6,13,10,-1,-20,-17,-13,-16,-21,0,goodbye
18.76159834861756,-1,13,0,24,21,27,17,0,-5,5,3,-11,-7,5,goodbye
18.77673101425171,-8,6,0,26,11,20,10,0,-3,-1,-7,-10,-12,-4,goodbye
18.77673101425171,-16,-2,-7,10,-2,7,5,0,1,-5,-19,-22,-18,-8,goodbye
18.79272508621216,-23,-11,-11,-8,-7,3,-2,-1,5,8,-24,-31,-14,-8,goodbye
18.79272508621216,-31,-22,-21,-18,-8,9,-7,-7,-4,0,-38,-37,-17,-19,goodbye
18.80794882774353,-28,-31,-25,-14,-9,12,3,-10,-12,-6,-39,-35,-25,-19,goodbye
18.80794882774353,-20,-30,-14,-15,-12,6,11,0,-6,3,-22,-22,-17,-8,goodbye
18.823415279388428,-11,-20,-16,-26,-13,-1,0,1,5,9,-9,-7,3,-1,goodbye
18.823415279388428,8,-8,0,-20,-7,-4,-4,0,19,14,7,10,23,8,goodbye
18.83943557739257,22,-2,12,-6,-6,-7,3,4,23,20,20,16,28,17,goodbye
18.83943557739257,15,-2,3,-10,-13,-21,-7,0,12,2,8,12,21,11,goodbye
18.854973077774048,16,3,14,-8,0,-21,-19,0,4,-3,9,24,21,13,goodbye
18.854973077774048,23,13,19,1,20,-6,-3,3,12,15,32,38,34,22,goodbye
18.87009906768799,17,13,7,-2,12,-8,-3,0,5,7,32,30,27,9,goodbye
18.87009906768799,9,18,4,11,3,-8,-14,1,-5,-17,15,17,3,-4,goodbye
18.88564825057984,15,29,9,36,21,10,5,9,1,-10,20,15,0,3,goodbye
18.88564825057984,20,27,14,20,28,14,22,10,4,2,27,15,7,7,goodbye
18.901724100112915,9,13,2,0,7,1,11,1,-8,-5,16,10,2,-3,goodbye
18.901724100112915,-7,3,1,7,-2,1,3,-3,-17,-7,3,3,-7,-1,goodbye
18.91791224479676,-18,-2,3,16,3,10,7,-3,-17,1,-6,-9,-14,0,goodbye
18.91791224479676,-18,-6,-2,15,3,11,3,-3,-20,-6,-22,-19,-22,-9,goodbye
18.93280601501465,-10,-4,-2,14,-3,7,-1,-1,-15,-13,-27,-8,-18,-7,goodbye
18.93280601501465,-1,-6,-2,13,-2,3,1,0,8,12,-16,-1,-1,10,goodbye
18.948205947875977,-9,-19,-14,-6,-5,0,-1,0,21,25,-20,-18,-6,7,goodbye
18.948205947875977,-24,-30,-22,-25,-20,-1,-4,1,11,4,-35,-37,-23,-14,goodbye
18.963754177093502,-13,-18,-15,-11,-23,-7,2,1,7,-2,-20,-29,-9,-7,goodbye
18.963754177093502,8,-2,2,-9,-5,-4,7,2,14,10,9,0,14,17,goodbye
18.97963190078736,10,-3,-1,-31,0,0,2,-3,15,4,10,12,14,11,goodbye
18.97963190078736,0,-3,-7,-25,-9,-10,-13,-12,-1,-12,-2,0,3,-11,goodbye
18.9950430393219,0,6,1,-2,-3,-18,-21,-5,-10,-6,9,0,10,-9,goodbye
18.9950430393219,6,13,7,0,6,-11,-12,3,3,0,21,13,13,-4,goodbye
19.010912656784058,13,12,11,0,2,-4,-8,0,0,-22,8,10,-7,-17,goodbye
19.010912656784058,12,18,9,6,-1,0,-8,-5,-24,-27,7,2,-17,-15,goodbye
19.02693581581116,3,22,10,5,7,7,-3,-1,-21,2,25,9,2,1,goodbye
19.02693581581116,-1,14,12,7,12,7,0,2,1,12,24,15,6,0,goodbye
19.042868614196777,0,6,9,22,11,5,0,-2,-3,-3,-1,1,-11,-6,goodbye
19.042868614196777,3,4,9,30,11,17,10,-5,-19,6,-17,-8,-15,3,goodbye
19.057745695114136,1,-9,-3,14,7,18,20,0,2,27,-11,-6,-1,16,goodbye
19.057745695114136,-2,-29,-7,-15,-3,-6,6,6,22,10,-8,-3,4,12,goodbye
19.072555780410767,-1,-23,0,-24,-11,-18,-7,9,12,-9,-11,0,11,2,goodbye
19.072555780410767,2,-5,-12,-13,-9,-6,1,7,0,-8,-4,2,14,-1,goodbye
19.08843278884888,-2,2,-14,-16,-5,-2,2,0,-13,-18,1,1,1,-8,goodbye
19.103641748428345,-13,0,-9,-17,-2,0,-5,-4,-22,-26,0,-3,-7,-14,goodbye
19.103641748428345,-14,0,-7,6,2,15,6,0,-6,-3,0,-7,-8,-6,goodbye
19.103641748428345,-9,1,0,29,6,21,24,5,13,21,-8,-10,-12,3,goodbye
19.12021899223328,-4,-4,-8,14,-3,5,16,6,20,21,-18,-9,-3,11,goodbye
19.1347758769989,3,-11,-9,-16,-11,-11,-4,2,18,8,-4,11,13,18,goodbye
19.1347758769989,7,0,4,-8,-2,-12,-11,-6,11,0,8,24,15,10,goodbye
19.14988827705384,-4,11,11,19,10,0,-5,-6,-4,-1,1,0,-2,-7,goodbye
19.14988827705384,-17,3,0,22,12,10,2,8,-4,7,-8,-30,-14,-8,goodbye
19.166900634765625,-8,-6,-12,4,2,8,14,13,19,20,-11,-21,-2,11,goodbye
19.166900634765625,8,-6,0,-8,-6,1,11,2,26,16,-4,5,13,21,goodbye
19.166900634765625,14,0,8,-3,-3,0,-2,-5,7,0,3,12,14,6,goodbye
19.182605981826782,11,3,1,4,1,-8,-8,-8,-5,-11,5,11,7,-8,goodbye
19.196654558181763,12,2,3,-4,0,-14,-9,-5,-9,-12,14,20,7,-2,goodbye
19.196654558181763,13,4,7,-5,0,-10,-14,-4,-7,-1,38,21,14,3,goodbye
19.212028741836548,10,15,14,7,3,-7,-13,-1,-3,0,40,12,15,-2,sil
19.212028741836548,7,18,9,4,6,-5,-4,2,-3,-15,16,5,1,-5,sil
19.227670192718502,7,9,2,-8,4,-3,-3,-3,-10,-16,1,0,-10,-2,sil
19.227670192718502,1,4,9,-9,-6,-9,-17,-7,-20,-9,-1,-4,-10,-10,sil
19.242998361587524,-5,1,1,-5,-12,-8,-20,-3,-22,-17,-9,-10,-7,-16,sil
19.242998361587524,-6,-3,-2,-11,-4,2,-6,-3,-15,-17,-11,-8,-9,-10,sil
19.25866675376892,-8,-7,6,-12,0,9,3,0,-11,0,-7,-2,-13,-4,sil
19.25866675376892,-14,-12,-2,-1,-1,7,0,0,-12,6,-10,-11,-19,-6,sil
19.274631023406982,-12,-10,-5,8,0,8,-2,0,-8,3,-15,-15,-15,-5,sil
19.274631023406982,-7,-5,-2,10,-1,13,13,0,1,11,-12,-10,-7,-1,sil
19.290244817733765,-13,-8,-5,6,-1,16,24,1,2,22,-18,-16,-16,-4,sil
19.290244817733765,-19,-7,-12,4,7,13,23,6,2,29,-25,-24,-22,-8,sil
19.30583429336548,-13,-5,-20,-1,12,8,23,6,16,22,-16,-13,-2,-1,sil
19.30583429336548,-4,-9,-13,-9,5,11,21,5,28,7,-6,0,8,13,sil
19.32089900970459,8,-8,-1,-5,-4,7,18,5,29,5,-2,8,8,24,sil
19.32089900970459,19,0,2,-3,-11,-14,4,3,23,5,4,17,17,19,sil
19.33692979812622,16,2,-2,-13,-12,-28,-14,0,19,-11,10,26,25,8,sil
19.33692979812622,17,5,-4,-10,-7,-22,-18,-4,8,-26,12,23,20,6,sil
19.35278582572937,25,14,13,1,-1,-15,-17,-4,-11,-26,19,16,16,7,sil
19.35278582572937,15,14,12,2,1,-9,-19,0,-11,-20,28,15,20,3,sil
19.367920637130737,3,11,3,4,7,1,-13,1,0,-10,27,18,14,3,sil
19.367920637130737,10,21,20,24,17,13,-1,0,-4,3,19,14,4,5,sil
19.38376760482788,6,20,20,36,20,20,10,2,-10,15,5,-4,1,1,sil
19.38376760482788,-14,2,0,22,16,24,12,0,-9,11,-8,-17,-4,-6,sil
19.39889907836914,-21,-6,-12,6,4,21,9,-2,-4,8,-13,-18,-11,-8,sil
19.39889907836914,-14,-10,-8,3,-8,1,4,0,0,18,-12,-16,-8,0,sil
19.41493058204651,-15,-18,-3,-4,-14,-10,-4,0,-3,12,-19,-16,-8,0,sil
19.41493058204651,-18,-29,-16,-23,-19,-13,-15,-5,-9,-14,-23,-14,-13,-14,sil
19.430946588516235,-16,-26,-12,-33,-20,-16,-19,-4,0,-22,-11,-5,-11,-20,sil
19.430946588516235,-6,-2,-1,-17,-2,-14,-10,1,11,-8,0,1,-5,-9,sil
19.447014808654785,7,12,1,-2,6,-12,-5,0,4,-9,6,4,-6,-4,sil
19.447014808654785,14,6,8,-2,-6,-14,-9,0,-5,-16,14,11,-4,-7,sil
19.46307373046875,13,10,11,6,-6,-9,0,0,-2,-7,23,16,5,-4,sil
19.46307373046875,8,25,12,17,7,2,12,0,-3,1,16,9,3,1,sil
19.478302478790283,2,18,6,11,12,13,13,-5,-14,7,-1,-3,-8,2,sil
19.478302478790283,-7,0,-4,6,8,18,10,-9,-19,7,-15,-14,-11,0,sil
19.49356198310852,-14,-8,-5,7,4,19,12,0,-13,2,-20,-19,-10,0,sil
19.49356198310852,-3,-15,-13,-5,0,11,13,7,3,9,-11,-9,0,9,sil
19.50906491279602,9,-20,-10,-23,-3,-3,1,5,17,19,2,7,17,19,sil
19.50906491279602,6,-12,0,-23,-7,-12,-11,4,14,7,9,11,21,10,sil
19.52464437484741,0,0,-2,-17,-11,-13,-15,0,0,-6,3,3,5,-4,sil
19.52464437484741,6,9,1,-12,-1,-8,-9,-3,-6,-11,0,0,-6,-8,sil
19.5398178100586,3,14,5,3,16,5,6,0,-3,-3,-1,-8,-9,-3,sil
19.5398178100586,-9,9,2,21,17,18,14,4,-2,10,-10,-15,-13,0,sil
19.55583095550537,-8,0,3,20,9,25,21,3,7,25,-11,-5,-9,5,sil
19.55583095550537,3,-6,1,7,11,22,27,3,30,29,2,7,11,13,sil
19.571479558944706,5,-11,-3,-5,4,0,5,1,29,13,4,10,22,13,sil
19.571479558944706,4,-13,-9,-12,-14,-24,-23,-3,4,-13,-3,4,12,5,sil
19.58701467514038,13,-4,2,-15,-18,-22,-25,-1,-3,-22,3,13,7,0,sil
19.58701467514038,17,11,12,-10,-9,-15,-13,1,1,-13,19,28,19,0,sil
19.60276508331299,7,16,6,3,-8,-18,-10,-4,-4,-15,22,19,18,-1,sil
19.60276508331299,-6,8,7,12,-3,-8,-9,0,-14,-24,14,0,-1,-5,sil
19.61772966384888,-11,8,0,19,3,5,0,7,-2,-11,0,-9,-14,-8,sil
19.61772966384888,-11,6,-6,21,0,4,3,-2,-2,0,-13,-14,-20,-11,sil
19.633294105529785,-14,-5,-1,16,-3,6,0,-8,-19,-8,-16,-20,-25,-14,sil
19.633294105529785,-11,-6,-1,14,0,19,9,0,-7,-2,-5,-11,-16,-1,sil
19.648659229278564,-3,0,0,6,0,16,16,0,10,13,-5,3,-2,11,sil
19.648659229278564,-2,-8,-6,-5,-5,-1,2,-8,-3,6,-14,0,0,1,sil
19.664756298065186,0,-9,-5,-5,-7,-6,-10,-9,-11,-4,-5,0,1,-3,sil
19.664756298065186,16,5,15,4,1,0,-5,4,11,10,16,22,15,14,sil
19.679824113845825,26,15,19,12,8,-6,0,9,14,20,27,33,28,20,sil
19.679824113845825,19,11,11,2,1,-13,-11,0,-8,3,27,25,21,0,sil
19.69498610496521,5,0,0,-14,-5,-10,-21,-1,-16,-8,21,9,3,-12,sil
19.7109649181366,0,1,-1,-3,3,-6,-15,0,-13,-9,7,-4,-10,-12,sil
19.7109649181366,-2,13,7,20,16,8,3,0,-12,-5,-3,-6,-14,-5,sil
19.727041959762573,-11,4,-8,8,13,20,17,0,-3,5,-18,-20,-14,-3,sil
19.727041959762573,-28,-17,-28,-22,12,13,19,0,0,15,-39,-50,-22,-9,sil
19.727041959762573,-35,-24,-33,-27,14,10,25,0,1,15,-46,-59,-25,-13,sil
19.7414448261261,-30,-27,-35,-31,3,11,25,1,8,13,-39,-44,-13,-7,sil
19.756728887557983,-18,-29,-32,-53,-12,-3,7,4,10,8,-31,-32,0,-2,sil
19.756728887557983,-1,-17,-23,-56,-18,-21,-8,-1,9,1,-17,-14,8,1,sil
19.77273368835449,6,-7,-3,-43,-15,-19,-15,-2,13,-1,2,8,11,7,sil
19.77273368835449,9,0,8,-26,-6,-8,-13,5,15,-7,21,23,14,8,sil
19.78789973258972,18,16,17,0,0,0,-12,2,10,-18,28,28,8,4,sil
19.78789973258972,29,36,40,33,2,4,-12,-4,0,-23,27,32,0,0,sil
19.80334234237671,21,32,35,56,4,6,0,-1,-6,-13,25,23,0,0,sil
19.80334234237671,5,16,20,57,3,7,13,4,-6,-5,17,16,0,8,sil
19.81897449493408,10,13,25,57,2,16,14,6,1,-1,11,26,2,22,sil
19.81897449493408,19,7,23,52,3,14,10,3,11,8,12,26,15,27,sil
19.83500981330872,5,-12,11,20,-5,-3,1,-3,5,13,0,9,9,12,sil
19.83500981330872,-4,-19,-2,-1,-19,-18,-4,-9,-7,4,-9,3,1,0,sil
19.85094332695008,1,-4,0,0,-14,-16,-3,-5,-7,-3,4,15,15,0,sil
19.85094332695008,3,3,3,-3,-1,-7,-3,2,4,-3,22,16,22,-8,sil
19.865962743759155,-1,0,-9,-12,-2,-3,-9,0,4,-2,18,4,9,-12,sil
19.865962743759155,-3,1,-10,-15,-5,-2,-11,-7,-10,-8,0,-4,-5,-11,sil
19.88190197944641,-10,4,-11,-15,1,0,-5,-7,-20,-8,-12,-15,-16,-24,sil
19.88190197944641,-18,3,-12,-4,14,7,2,0,-22,0,-16,-16,-23,-27,sil
19.897003650665283,-14,1,-8,10,15,15,13,4,-17,8,-20,-18,-19,-3,sil
19.897003650665283,-10,-5,-11,7,4,11,16,2,0,17,-29,-29,-11,6,sil
19.912132740020752,-8,-11,-8,-10,-3,0,0,1,12,19,-25,-25,-4,3,sil
19.912132740020752,7,-5,-6,-16,-1,-5,-17,0,10,11,0,-1,8,11,sil
19.92785167694092,23,3,1,-11,10,-7,-19,-5,4,0,19,13,16,15,sil
19.92785167694092,15,7,7,-8,13,-13,-19,-3,-4,-6,18,10,9,2,sil
19.94383668899536,1,0,-2,-8,-3,-13,-24,1,-8,-12,14,1,-3,-11,sil
19.94383668899536,0,1,1,-4,-4,-5,-16,4,-3,-19,8,2,-14,-10,sil
19.95908784866333,-3,7,5,2,14,8,9,7,0,-8,-3,-2,-16,0,sil
19.95908784866333,-14,-4,-7,-4,8,23,31,9,7,8,-17,-21,-11,3,sil
19.975095510482788,-23,-22,-16,-18,-11,23,35,8,21,11,-21,-28,-5,0,sil
19.975095510482788,-25,-23,-16,-12,-8,10,25,1,21,10,-20,-23,-1,0,sil
19.991071939468384,-16,-11,-7,-7,0,3,7,1,8,13,-17,-12,7,1,sil
19.991071939468384,4,0,0,-11,-5,0,2,6,12,10,0,5,16,5,sil
20.00720715522766,16,-1,4,-14,-12,-13,-1,-4,11,-6,15,14,8,2,sil
20.00720715522766,0,-4,6,-9,-20,-25,-24,-14,-18,-27,4,9,-6,-11,sil
20.022844314575195,-1,10,5,11,-14,-16,-29,-6,-36,-29,0,13,-4,-11,sil
20.022844314575195,18,29,18,35,7,0,-6,0,-22,-17,18,21,3,2,sil
20.038755893707275,20,20,19,36,18,9,10,-2,-3,-1,23,13,1,6,sil
20.038755893707275,5,4,8,32,15,15,20,-2,9,16,11,9,3,8,sil
20.053773641586304,5,5,15,35,13,26,28,5,17,27,0,15,11,24,sil
20.053773641586304,8,0,4,16,1,16,23,2,18,26,-8,6,9,27,sil
20.07015824317932,0,-14,-9,-16,-7,-7,8,-4,13,13,-12,-5,0,9,sil
20.07015824317932,-6,-18,-8,-28,-9,-23,-1,0,8,-2,-5,-4,-1,-7,sil
20.09168839454651,-3,-9,-5,-25,-11,-29,-19,0,0,-13,2,6,1,-15,sil
20.09168839454651,5,4,2,-19,-8,-30,-39,-2,-5,-16,10,12,2,-14,sil
20.09168839454651,7,12,5,-7,1,-21,-35,-6,-9,-13,11,4,0,-10,sil
20.101081609725952,2,12,9,5,7,-5,-20,-1,-18,-8,8,0,-6,-14,sil
20.1170916557312,0,15,6,18,13,15,-5,3,-17,-1,12,2,-4,-14,sil
20.1170916557312,-5,11,-9,18,10,31,11,1,-7,8,12,-10,3,-1,sil
20.13295531272888,-5,-3,-6,9,1,33,23,-1,-11,20,-1,-21,4,9,sil
20.13295531272888,0,-11,-3,10,1,22,25,-1,-5,19,-9,-14,3,13,sil
20.14798355102539,0,-14,-11,0,-1,0,14,4,18,4,-12,-6,4,13,sil
20.14798355102539,-4,-22,-14,-26,-15,-18,-5,7,22,-8,-20,-9,-2,0,sil
20.163996696472168,-9,-16,-13,-31,-16,-18,-21,-5,-3,-21,-21,-9,-17,-21,sil
20.163996696472168,-16,0,-4,-18,-2,-10,-21,-4,-23,-36,-11,-2,-23,-22,sil
20.17989921569824,-15,5,-2,-4,4,0,0,10,-18,-25,-3,-3,-15,-6,sil
20.17989921569824,-8,0,3,6,2,12,23,9,-2,0,-6,-11,-5,0,sil
20.194986581802368,0,3,7,7,1,19,26,3,17,19,-7,-7,0,2,sil
20.194986581802368,11,3,0,4,7,11,17,6,37,39,8,13,17,20,sil
20.2105724811554,25,4,11,6,12,-7,0,1,33,33,28,32,30,33,sil
20.2105724811554,23,10,16,6,9,-13,-16,-9,10,0,28,33,22,15,sil
20.225652933120728,8,11,5,6,5,-2,-23,-7,-10,-14,12,15,2,-9,sil
20.225652933120728,-2,6,2,15,0,1,-13,0,-16,-4,0,-4,-11,-13,sil
20.240762948989868,-5,0,-6,14,-3,2,4,-2,-10,1,-5,-17,-11,-1,sil
20.240762948989868,-5,-6,-13,0,-1,1,13,-5,-5,0,-15,-14,-6,3,sil
20.25681638717652,-2,-9,-10,-11,-6,-8,5,-2,0,0,-14,-6,3,5,sil
20.25681638717652,1,-3,-3,-17,-16,-19,-11,-5,1,-2,0,1,10,3,sil
20.27207040786743,0,-1,0,-23,-12,-11,-17,-4,-11,-11,3,0,0,-9,sil
20.27207040786743,-5,-5,-1,-9,0,1,-5,0,-22,-22,-6,-12,-17,-15,sil
20.287691116333008,-15,-5,7,11,7,11,5,0,-14,-13,-15,-17,-22,-9,sil
20.287691116333008,-15,-2,2,13,5,16,15,2,0,10,-13,-9,-15,-3,sil
20.30369138717652,0,-1,-4,2,-2,5,15,4,10,16,-4,-1,0,5,sil
20.30369138717652,4,-2,1,-6,-8,-10,0,4,11,1,0,8,13,13,sil
20.3197922706604,0,0,0,-11,-4,-9,-8,-1,7,-3,6,18,17,6,sil
20.3197922706604,5,4,2,-8,0,-1,-3,-1,0,-8,14,18,8,-2,sil
20.335829257965088,9,5,8,0,-3,-8,-5,4,-9,-13,18,15,0,-5,sil
20.335829257965088,0,4,5,6,-3,-8,-15,1,-19,-7,15,8,-2,-10,sil
20.35187339782715,-11,4,1,11,7,14,-4,0,-12,4,5,-4,-8,-8,sil
20.35187339782715,-3,0,-2,19,11,29,21,4,14,24,-4,-10,-1,5,sil
20.368024349212646,12,-1,6,24,5,16,26,3,35,35,-7,0,10,13,sil
20.368024349212646,16,2,11,23,10,10,21,6,40,33,1,-1,13,11,sil
20.38318252563477,4,0,-3,3,15,11,20,9,38,22,2,-9,10,9,sil
20.38318252563477,-6,-11,-6,-21,-1,-3,3,1,18,0,-10,-7,6,0,sil
22.512025117874146,7,14,14,17,2,4,-12,5,-6,-10,0,5,-11,-5,goodbye
22.512025117874146,-19,-2,-7,6,0,18,4,13,6,-1,-23,-24,-20,-7,goodbye
22.52778267860413,-23,-24,-19,-12,-5,28,18,12,13,11,-30,-32,-18,-2,goodbye
22.52778267860413,-1,-18,-8,-17,-3,31,24,4,20,23,-19,-4,7,14,goodbye
22.542826175689697,6,-10,-14,-27,0,14,9,-6,14,13,-11,2,15,10,goodbye
22.542826175689697,-2,-16,-27,-45,-1,-3,-8,-9,4,0,-9,-14,6,-13,goodbye
22.55804920196533,-5,-14,-30,-40,4,-11,-6,-4,9,-1,-4,-15,8,-16,goodbye
22.55804920196533,-6,3,-20,-19,16,-11,0,4,14,0,-7,-20,0,-10,goodbye
22.573612928390503,-22,8,-25,-26,7,0,0,6,13,1,-14,-40,-12,-16,goodbye
22.573612928390503,-30,-1,-26,-45,-4,8,1,0,7,5,-12,-37,-5,-16,goodbye
22.58969283103943,-14,1,-4,-26,-2,3,2,-5,-7,1,-2,-21,0,-3,goodbye
22.58969283103943,-1,16,5,10,3,0,0,-3,-24,-2,0,-16,0,2,goodbye
22.605774879455566,1,20,16,32,11,7,1,2,-18,-1,0,-3,0,3,goodbye
22.605774879455566,7,10,20,35,14,6,11,-2,-6,2,1,6,-3,1,goodbye
22.620948553085327,0,-1,11,20,-1,0,3,-13,-18,-4,-2,0,-14,-5,goodbye
22.620948553085327,-6,-9,11,9,-12,8,2,0,-9,-8,-3,5,-16,-3,goodbye
22.63702249526977,5,-10,11,21,-2,10,17,13,29,11,16,24,0,12,goodbye
22.63702249526977,6,-11,10,20,-3,0,9,4,26,22,18,25,4,14,goodbye
22.65274357795716,-3,-13,7,12,-13,-10,-4,-1,0,9,0,15,-5,3,goodbye
22.65274357795716,2,-10,8,19,-10,-12,0,-2,8,6,5,19,0,6,goodbye
22.66800594329834,16,-2,14,20,-9,-13,-5,0,8,6,25,30,18,14,goodbye
22.66800594329834,24,1,10,10,-13,-18,-18,-1,-21,-9,23,31,22,12,goodbye
22.68338370323181,22,3,7,1,-14,-27,-25,-7,-38,-29,10,28,4,1,goodbye
22.68338370323181,11,5,0,-1,-14,-24,-28,-5,-29,-33,3,16,-3,-7,goodbye
22.699304342269897,14,13,2,0,-7,-8,-19,2,-12,-22,11,15,6,-1,goodbye
22.699304342269897,22,22,20,3,8,0,-8,6,6,-9,25,29,9,7,goodbye
22.715238571166992,12,26,8,11,19,0,0,4,24,-1,15,11,0,1,goodbye
22.715238571166992,1,26,-4,15,27,9,11,6,26,10,0,-15,0,0,goodbye
22.730631113052368,-2,21,1,5,33,20,20,2,11,13,-1,-10,6,6,goodbye
22.730631113052368,-14,2,-5,-8,19,8,6,-10,-11,-5,-15,-12,-4,-8,goodbye
22.74566125869751,-23,-16,-14,-20,1,-1,-8,-11,-26,-14,-33,-35,-21,-28,goodbye
22.74566125869751,-21,-21,-22,-29,0,7,2,-1,-24,1,-27,-41,-20,-17,goodbye
22.76083779335022,-21,-22,-22,-30,-7,15,14,3,-17,5,-24,-31,-13,-6,goodbye
22.76083779335022,-24,-25,-20,-24,-11,18,11,8,0,2,-32,-31,-13,-10,goodbye
22.776909589767456,-17,-17,-22,-18,3,25,15,6,24,12,-26,-33,-11,-2,goodbye
22.776909589767456,-5,-5,-2,-8,6,20,20,5,32,20,-12,-20,-5,10,goodbye
22.79287791252136,0,-1,3,4,-9,9,19,3,37,32,1,-3,3,13,goodbye
22.79287791252136,0,0,0,4,-7,8,15,-2,45,42,12,6,21,21,goodbye
22.80793929100037,4,1,3,-8,1,4,3,-7,25,21,10,10,29,21,goodbye
22.80793929100037,9,-1,1,-8,-5,-10,-13,-7,-5,-10,11,14,20,0,goodbye
22.823984146118164,10,0,0,0,-11,-25,-24,-2,-21,-15,16,18,14,-10,goodbye
22.823984146118164,8,5,0,0,-6,-26,-23,0,-22,-10,13,21,18,0,goodbye
22.83865714073181,9,5,4,-2,-4,-22,-25,-3,-22,-21,13,21,17,0,goodbye
22.85488057136536,15,4,11,1,-3,-20,-31,-5,-18,-31,21,15,7,-12,goodbye
22.85488057136536,8,8,8,13,-1,-17,-20,0,-8,-14,14,5,-2,-10,goodbye
22.85488057136536,0,9,9,22,-2,-3,-2,7,-8,-6,-1,2,-17,-3,goodbye
22.869311809539795,-7,2,2,16,-5,7,2,2,-22,-25,-8,-6,-26,-13,goodbye
22.88507723808289,-15,-9,-8,3,-1,7,7,-1,-22,-23,-14,-18,-30,-19,goodbye
22.88507723808289,-12,-7,1,8,7,14,23,7,-2,7,-16,-10,-25,0,goodbye
22.89995074272156,0,3,5,21,14,20,34,8,3,22,-4,-3,-10,10,goodbye
22.89995074272156,-3,0,-4,7,12,16,28,0,5,18,0,-6,0,4,goodbye
22.91542291641236,-10,-14,-9,-11,3,10,15,1,24,21,-6,-2,2,6,goodbye
22.91542291641236,-1,-11,0,-13,-4,-2,-3,0,25,10,-14,4,2,14,goodbye
22.931002855300903,5,0,7,-7,-5,-17,-10,-7,8,-2,-18,8,2,8,goodbye
22.931002855300903,15,2,0,-5,-4,-14,0,-5,17,6,0,22,16,3,goodbye
22.94601964950561,28,3,3,-6,-4,-4,-3,0,27,12,31,36,31,10,goodbye
22.94601964950561,23,8,7,-11,0,-8,-13,0,6,-1,25,20,17,7,goodbye
22.962095737457275,3,7,5,-10,6,-15,-12,-5,-18,-13,0,1,-7,-9,goodbye
22.962095737457275,0,14,4,1,4,-11,-10,-6,-17,-15,4,-3,-12,-15,goodbye
22.97772479057312,1,19,0,10,0,-4,-8,-3,-13,-16,18,-12,-6,-6,goodbye
22.9781231880188,-5,10,5,11,7,7,-7,0,-17,-12,15,-15,-14,-3,goodbye
22.992908716201782,-9,10,12,24,16,22,-2,2,-13,2,5,-6,-18,0,goodbye
22.992908716201782,-6,11,5,29,10,22,2,1,-12,7,-7,-12,-17,5,goodbye
23.00881338119507,-10,-5,0,16,2,12,0,4,-18,-1,-11,-19,-21,0,goodbye
23.00881338119507,-9,-10,0,14,8,14,8,3,5,11,7,-2,-7,3,goodbye
23.02421236038208,-3,-2,1,7,3,15,16,0,29,32,7,4,9,13,goodbye
23.02421236038208,-18,-20,-20,-27,-22,1,9,-2,4,13,-28,-21,-4,0,goodbye
23.04020929336548,-26,-36,-37,-38,-22,-3,7,-4,-11,-8,-36,-31,-12,-9,goodbye
23.04020929336548,0,-13,-5,-12,1,4,16,3,10,5,-8,1,13,8,goodbye
23.05525064468384,11,-1,-2,-5,-4,4,10,9,19,13,-7,5,21,6,goodbye
23.05525064468384,-5,-16,-22,-21,-23,-5,-8,5,0,-15,-27,-13,1,-18,goodbye
23.071415662765503,-3,-10,-7,-19,-7,-12,-6,0,-2,-28,-13,0,7,-18,goodbye
23.071415662765503,16,9,7,-2,10,-16,0,-2,7,-7,16,20,31,0,goodbye
23.08680415153504,14,9,9,-1,4,-16,-10,0,4,0,17,18,32,-1,goodbye
23.08680415153504,0,-1,-5,-6,-6,-18,-17,0,0,-10,4,4,18,-12,goodbye
23.10193943977356,-1,1,-7,-3,-7,-17,-16,-6,0,-13,6,1,14,-10,goodbye
23.10193943977356,13,14,16,8,6,1,-9,-4,1,5,23,18,27,4,goodbye
23.11783742904663,21,22,26,23,17,13,2,-2,3,19,33,30,36,17,goodbye
23.11783742904663,12,19,23,26,10,0,0,-2,0,5,15,17,17,13,goodbye
23.133326530456543,2,3,8,15,3,0,-10,-3,-10,0,-3,0,4,7,goodbye
23.133326530456543,2,-10,-2,-1,0,9,-7,-3,-2,16,-7,-11,7,10,goodbye
23.14937114715576,6,-4,-1,-11,-3,3,3,3,16,14,-5,-6,10,20,goodbye
23.14937114715576,10,4,-2,-10,-8,-13,4,5,12,-6,2,12,13,20,goodbye
23.16515350341797,7,8,1,-10,-6,-12,0,0,-17,-18,11,24,2,5,goodbye
23.16515350341797,-2,12,8,-4,2,0,10,2,-21,-9,6,4,-24,-8,goodbye
23.180586338043213,-15,4,3,8,8,10,28,8,-1,0,-10,-25,-56,-16,goodbye
23.180586338043213,-25,-5,-7,9,0,15,19,1,1,-9,-23,-32,-82,-26,goodbye
23.19562172889709,-27,-5,-14,3,0,7,-3,-8,-8,-17,-21,-25,-97,-26,goodbye
23.19562172889709,-24,-7,-5,13,8,3,-6,-6,-14,-9,-20,-24,-108,-15,goodbye
23.211249589920044,-23,-17,-11,21,3,16,11,3,-17,-1,-21,-22,-105,-12,goodbye
23.211249589920044,-15,-17,-13,4,-9,14,12,1,-8,4,-7,-7,-104,-10,goodbye
23.22684001922608,1,-5,3,-1,-6,-3,-5,0,9,17,12,3,-111,5,goodbye
23.22684001922608,8,-2,-1,5,0,-7,-11,1,16,19,8,0,-26,19,goodbye
23.242699146270752,0,-12,-9,-7,-1,0,-4,2,12,8,-7,-4,134,11,goodbye
23.242699146270752,0,-13,-7,-25,-3,3,1,0,13,6,-5,-1,191,3,goodbye
23.25798487663269,5,-5,-11,-23,-6,-9,-2,-1,13,3,8,9,132,3,goodbye
23.25798487663269,9,1,-2,-17,-10,-25,-19,2,3,-14,7,14,100,-1,goodbye
23.273648977279663,21,16,11,-9,0,-16,-17,3,-2,-16,8,14,94,0,goodbye
23.273648977279663,36,29,23,3,14,2,-1,0,3,5,24,27,67,13,goodbye
23.289591312408447,37,26,20,10,13,3,0,0,0,16,33,38,50,22,goodbye
23.289591312408447,26,19,14,4,4,-2,-7,0,-6,5,29,29,39,17,goodbye
23.304929971694943,14,17,19,0,5,3,0,-1,0,-3,13,16,6,6,goodbye
23.304929971694943,-3,0,3,4,6,9,13,-6,2,-9,-14,-5,-32,-10,goodbye
23.32040333747864,-20,-18,-15,1,4,11,13,-1,-1,-1,-24,-21,-46,-17,goodbye
23.32040333747864,-14,-3,-4,8,6,11,15,4,0,17,-1,-9,-30,0,goodbye
23.335960626602173,-3,5,7,31,9,4,15,-3,-11,12,-3,-8,-31,5,goodbye
23.335960626602173,-14,-20,-2,19,-3,0,6,-5,-21,-5,-30,-29,-48,-1,goodbye
23.352011680603027,-24,-35,-21,-18,-20,0,7,5,7,7,-16,-27,-33,2,goodbye
23.352011680603027,-12,-15,-14,-20,-13,-9,4,6,28,16,9,0,-16,7,goodbye
23.367967128753666,-3,1,-4,-6,-5,-17,-13,0,8,-8,7,11,-28,-7,goodbye
23.367967128753666,-8,7,-7,-8,-11,-11,-22,3,-2,-24,6,6,-27,-20,goodbye
24.534958362579346,0,13,8,24,11,4,2,1,7,8,16,8,1,5,goodbye
24.534958362579346,3,16,9,25,10,2,-3,0,6,9,9,2,-8,2,goodbye
24.551053047180176,-3,9,6,20,-1,7,-2,3,-6,10,-6,-2,-10,0,goodbye
24.551053047180176,-13,-10,-3,4,-7,7,7,1,-11,12,-11,-6,-5,0,goodbye
24.56667423248291,-6,-13,-4,-1,2,6,12,3,-2,15,-8,-10,-1,5,goodbye
24.56667423248291,-2,-10,-5,0,6,5,8,7,5,18,-10,-13,0,5,goodbye
24.58230400085449,-12,-19,-10,-11,-2,8,6,1,12,13,-13,-16,0,-1,goodbye
24.58230400085449,-7,-16,-8,-16,0,7,8,0,26,16,-5,-13,10,-1,goodbye
24.59788608551025,6,-1,2,-2,7,1,6,6,32,28,2,1,19,7,goodbye
24.59788608551025,0,-3,-4,0,2,-2,7,3,22,28,0,3,9,12,goodbye
24.61284661293029,-8,-13,-18,-17,-6,-7,4,-6,7,6,-11,-8,0,6,goodbye
24.61284661293029,0,-9,-2,-24,-7,-16,-9,-3,0,-11,-6,-8,9,3,goodbye
24.628861904144287,3,-1,1,-5,-3,-18,-5,-1,5,-3,3,2,22,9,goodbye
24.628861904144287,6,-3,-3,-1,-5,-14,4,-8,8,3,0,8,14,11,goodbye
24.644901037216187,8,-6,-1,-18,-12,-13,-4,-5,-4,-11,-3,8,-3,0,goodbye
24.644901037216187,5,-7,-11,-23,-12,-16,-14,-6,-15,-32,-7,5,-9,-3,goodbye
24.66023588180542,9,0,-2,-11,-9,-12,-10,-3,-12,-31,-6,9,2,0,goodbye
24.66023588180542,15,10,9,0,-7,-4,-11,4,-9,-15,7,12,7,-3,goodbye
24.676781177520752,6,10,4,-2,-5,-6,-22,3,-13,-10,12,9,-13,-12,goodbye
24.676781177520752,6,11,13,0,0,-4,-17,0,-13,-6,8,15,-18,-10,goodbye
24.692642211914062,14,22,18,14,10,5,0,-1,-6,1,19,19,4,-4,goodbye
24.692642211914062,0,19,6,11,13,0,-10,-3,-16,-13,14,3,-1,-15,goodbye
24.70814824104309,-18,3,-1,0,-1,-4,-19,-4,-32,-28,-6,-16,-27,-26,goodbye
24.70814824104309,-21,0,2,13,0,18,6,-2,-22,-6,-10,-25,-23,-18,goodbye
24.723767518997192,-25,-2,0,23,17,32,28,1,0,14,-13,-27,-10,-6,goodbye
24.723767518997192,-30,-17,-24,1,4,18,22,3,10,13,-23,-31,-14,-6,goodbye
24.73887872695923,-20,-24,-26,-18,-15,11,12,4,9,6,-19,-29,-10,-2,goodbye
24.73887872695923,-2,-13,-5,-10,-2,14,8,6,13,5,-4,-10,7,10,goodbye
24.75438404083252,16,3,5,9,13,6,0,4,20,0,7,15,20,16,goodbye
24.75438404083252,26,16,15,10,6,-4,-10,0,10,-5,19,30,18,8,goodbye
24.77024245262146,15,15,10,4,-3,-13,-15,-4,-9,-7,23,22,12,2,goodbye
24.78584265708924,7,13,9,11,0,-14,-13,-2,-17,-5,15,16,7,4,goodbye
24.78584265708924,15,21,19,29,5,0,3,9,-4,4,9,18,1,12,goodbye
24.78584265708924,7,15,13,35,6,16,23,10,5,18,4,2,0,14,goodbye
24.801252841949463,-14,-5,-3,22,10,21,26,0,4,28,-7,-18,-1,6,goodbye
24.801252841949463,-16,-21,-15,-6,10,17,27,-2,17,35,-18,-23,0,9,goodbye
24.81768155097961,1,-17,-6,-25,1,5,29,4,40,34,-14,-5,6,23,goodbye
24.81768155097961,10,-6,-1,-12,2,-7,17,7,40,22,-4,10,15,15,goodbye
24.83227276802063,1,-7,-15,-6,2,-17,1,0,24,17,3,12,15,0,goodbye
24.84708285331726,-1,-13,-8,-23,-9,-19,-8,-3,24,18,11,11,12,2,goodbye
24.84708285331726,13,-4,0,-20,-11,-20,-12,-8,21,0,4,11,9,7,goodbye
24.86366629600525,12,-1,-4,-12,-8,-23,-20,-14,-16,-37,-13,0,-10,-10,goodbye
24.86366629600525,-16,-12,-12,-19,-14,-17,-29,-12,-47,-54,-12,-15,-24,-32,goodbye
24.86366629600525,-19,-8,-12,-14,-12,-6,-29,-7,-34,-36,7,-11,-10,-22,goodbye
24.877926349639893,8,8,7,-5,-6,-8,-24,0,-19,-19,14,7,1,-3,goodbye
24.89393758773804,9,8,8,-4,-7,-6,-12,4,-24,-18,5,5,0,-9,goodbye
24.89393758773804,-18,-9,-6,-8,-7,7,-8,-4,-24,-23,-6,-15,-12,-27,goodbye
24.909330129623413,-18,-7,-5,-4,-4,6,-13,-4,-15,-25,-8,-14,-27,-23,goodbye
24.909330129623413,9,13,9,10,0,-1,-2,6,-8,-12,6,5,-12,-2,goodbye
24.924893856048584,18,19,18,16,5,9,10,9,-1,7,14,14,14,12,goodbye
24.924893856048584,8,12,9,10,5,19,10,2,2,14,8,9,12,16,goodbye
24.94047474861145,10,18,13,27,14,8,7,0,0,14,9,12,5,14,goodbye
24.94047474861145,14,26,25,35,23,6,9,2,3,18,12,14,12,9,goodbye
24.95556592941284,0,10,2,11,11,5,8,0,12,17,0,0,4,4,goodbye
24.95556592941284,-20,-5,-12,-5,0,0,3,-2,-2,4,-24,-12,-20,-3,goodbye
24.97163462638855,-24,-9,-11,-6,-1,4,4,-4,-12,-1,-27,-22,-20,-9,goodbye
24.97163462638855,-15,-13,-16,-11,0,7,5,-2,-1,3,-11,-23,-2,-4,goodbye
24.98788857460022,-11,-10,-7,-13,0,2,7,4,4,7,-14,-13,-2,-2,goodbye
24.98788857460022,-7,-1,1,-3,0,1,9,3,11,6,-26,-11,-6,-6,goodbye
25.0038378238678,0,-8,2,2,-2,1,3,1,21,4,-12,-11,2,1,goodbye
25.0038378238678,0,-19,-6,0,-8,2,3,2,13,0,0,-4,4,12,goodbye
25.01898312568665,-1,-10,-13,-1,-4,4,11,0,4,-2,-4,-3,0,2,goodbye
25.01898312568665,4,-2,0,1,6,0,5,1,10,4,3,0,4,0,goodbye
25.03425908088684,5,-10,0,0,2,-6,0,1,10,15,18,12,11,8,goodbye
25.03425908088684,5,-5,1,-2,-3,0,5,0,10,15,17,17,14,16,goodbye
25.049872398376465,23,16,17,11,1,5,13,8,32,22,27,23,26,24,goodbye
25.049872398376465,22,12,8,11,3,-2,5,8,40,23,34,28,26,22,goodbye
25.065974712371823,-4,-8,-7,-14,-3,-15,-8,0,15,1,18,16,6,0,goodbye
25.065974712371823,2,-1,-2,-15,-12,-12,-6,-3,-5,-10,7,7,0,-4,goodbye
25.081637382507324,25,16,10,4,-4,-6,-8,-8,-24,-17,7,13,0,1,goodbye
25.081637382507324,6,10,5,2,13,-11,-22,-14,-46,-31,1,9,-10,-11,goodbye
25.097139596939087,-17,0,-8,-5,-9,-14,-27,-16,-46,-31,-7,-5,-23,-26,goodbye
25.097139596939087,-7,5,-4,-6,-48,-6,-20,-5,-32,-21,-10,-10,-21,-25,goodbye
25.11207675933838,3,7,0,-4,-7,1,-9,5,-18,-12,2,-8,-1,-15,goodbye
25.11207675933838,-2,2,4,-1,47,4,-2,4,-2,0,12,-4,11,-1,goodbye
25.12779712677002,-11,2,0,6,22,9,0,-3,2,0,-1,-7,2,1,goodbye
25.12817621231079,-10,6,-5,18,0,17,10,-5,-5,-13,-16,-18,-13,-5,goodbye
25.14273452758789,-6,3,4,23,20,20,14,3,-17,-11,-19,-23,-23,-10,goodbye
25.14273452758789,-15,-12,-3,10,14,11,7,7,-10,7,-25,-25,-21,-6,goodbye
25.158031940460205,-16,-23,-13,-5,-10,6,12,3,14,25,-27,-23,-2,3,goodbye
25.158031940460205,4,-14,-1,-4,-12,7,20,5,33,23,-19,-10,13,15,goodbye
25.17361330986023,8,-8,-5,-8,-11,-10,2,5,26,13,-10,1,10,11,goodbye
25.17361330986023,-9,-17,-16,-34,-14,-29,-24,-4,11,1,-5,1,2,-1,goodbye
25.188730478286743,-2,-11,-6,-33,-8,-17,-22,-7,6,-5,0,13,1,-1,goodbye
25.188730478286743,23,12,19,-1,0,0,-2,4,3,-2,15,35,8,10,goodbye
25.20422673225403,26,23,20,3,0,-2,5,7,6,2,27,36,18,12,goodbye
25.20422673225403,0,5,0,-7,0,-6,3,-2,4,-7,17,12,8,-1,goodbye
25.220298767089844,-10,-2,4,4,2,1,3,-1,-6,-13,5,0,-4,-8,goodbye
25.220298767089844,0,9,11,21,0,6,10,7,0,1,13,2,-4,0,goodbye
25.235915184021,-1,15,6,16,-5,2,2,2,2,2,14,1,-4,0,goodbye
25.235915184021,-16,13,-1,5,3,2,-10,-6,-22,-10,0,-6,-11,-14,goodbye
25.25101113319397,-14,6,-11,4,17,7,0,-8,-26,-2,-12,-17,-12,-16,goodbye
25.25101113319397,0,0,1,16,11,8,14,2,2,14,-11,-13,-4,2,goodbye
25.26714563369751,8,-2,1,14,-3,5,12,6,16,15,0,0,5,11,goodbye
25.26714563369751,3,-14,-20,-16,-7,3,6,0,5,11,0,-2,2,7,goodbye
25.282912254333496,-3,-14,-9,-9,-3,9,15,0,0,21,-9,-13,-5,8,goodbye
25.282912254333496,0,1,8,24,1,13,19,0,8,25,-6,-5,4,14,goodbye
25.29849457740784,12,0,5,3,8,3,2,-2,7,0,4,13,22,16,goodbye
25.29909586906433,17,-6,2,-21,8,-7,-8,5,0,-11,11,16,21,14,goodbye
25.314672470092773,16,4,13,3,-1,-11,-9,7,10,4,9,10,10,8,goodbye
25.314672470092773,16,7,20,14,-6,-10,-14,0,20,9,5,8,8,6,goodbye
25.32882595062256,5,-9,0,-7,-4,-13,-18,-8,0,-7,4,8,6,0,goodbye
25.32882595062256,-2,-12,-9,-17,-7,-16,-22,-5,-26,-16,4,7,0,-10,goodbye
25.34590172767639,1,2,0,-8,-5,-4,-13,2,-10,-9,11,2,2,-9,sil
25.34590172767639,3,7,-4,-2,0,2,0,0,6,-12,14,-7,0,-8,sil
25.36087679862976,-7,4,-5,-6,0,0,-5,-7,-10,-32,-2,-5,-19,-23,sil
25.36087679862976,-18,3,-1,0,6,2,-5,-4,-12,-30,-11,-4,-26,-29,sil
25.376800060272217,-28,0,-4,15,8,5,5,-1,-6,-15,-5,-18,-26,-21,sil
25.376800060272217,-32,-6,-13,15,0,7,4,-4,-24,-14,-20,-31,-31,-18,sil
25.391912937164307,-17,-6,-17,5,-1,12,7,0,-17,-1,-30,-24,-17,-7,sil
25.407129526138306,-6,-1,-8,2,0,11,14,7,10,15,-19,-13,0,6,sil
25.407129526138306,-13,-7,-13,-4,-7,3,9,3,13,12,-15,-12,0,5,sil
25.4238498210907,-7,-16,-13,-21,-7,-1,8,1,15,20,-9,-1,12,5,sil
25.4238498210907,11,-12,-2,-24,-4,-9,8,5,26,28,4,13,26,15,sil
25.4238498210907,18,-2,6,-12,-12,-20,-6,1,11,10,5,14,16,15,sil
25.43890905380249,20,9,20,-8,-11,-21,-17,0,-6,-6,8,20,7,11,sil
25.43890905380249,22,17,16,-8,0,-14,-10,-1,-1,-3,28,29,12,12,sil
25.45431685447693,14,17,6,0,3,-7,-10,-2,-5,-2,25,20,5,3,sil
25.46948766708374,7,23,19,12,3,0,-9,3,-14,-4,8,11,0,-4,sil
25.46948766708374,15,24,24,29,12,14,10,4,0,6,15,10,10,6,sil
25.48557448387146,10,11,11,29,22,27,28,1,14,19,20,7,12,18,sil
25.48557448387146,-10,-3,-8,12,19,27,24,2,3,19,-5,-5,-4,2,sil
25.501145362854004,-19,-11,-7,2,4,17,10,0,-9,8,-28,-17,-19,-14,sil
25.501145362854004,-15,-23,2,-4,-9,8,6,0,0,5,-23,-14,-15,-6,sil
25.518053770065308,-9,-28,-5,-15,-11,-2,6,2,14,4,-10,-9,0,6,sil
25.518053770065308,0,-9,-1,-11,-4,-8,-6,0,7,-4,0,0,12,4,sil
25.518053770065308,11,4,-1,-6,-2,-8,-17,-2,0,-10,5,6,6,0,sil
25.532591581344604,7,-1,-16,-20,-9,-21,-26,-6,-4,-22,-1,0,-12,-5,sil
25.54906129837036,1,0,-9,-17,-8,-27,-31,-3,-23,-40,-6,-9,-20,-15,sil
25.54906129837036,9,18,5,19,7,-3,-10,1,-24,-31,4,-3,-14,-13,sil
25.564959049224854,12,23,15,37,19,16,10,2,-5,-4,10,1,-7,0,sil
25.564959049224854,-4,8,2,24,9,14,14,0,5,17,2,-1,2,6,sil
25.564959049224854,-10,-1,-8,16,0,11,20,-1,10,33,4,1,16,10,sil
25.58004236221313,-2,-3,-4,7,2,12,16,-2,15,30,6,0,12,9,sil
25.59558391571045,-10,-8,-11,-10,-3,0,-3,-7,9,11,-3,-11,2,-2,sil
25.59558391571045,-14,-19,-20,-20,-13,-12,-5,0,4,4,-7,-11,4,-6,sil
25.59558391571045,-1,-21,-17,-16,-12,-15,0,8,10,3,3,0,9,0,sil
25.61111855506897,0,-8,-10,-17,-10,-20,-14,1,4,-13,7,9,5,-7,sil
25.627111434936523,0,9,12,-15,-5,-17,-24,-4,-7,-29,1,12,-2,-15,sil
25.627111434936523,3,14,19,3,0,2,-3,0,-6,-20,3,3,-5,-10,sil
25.641827821731567,-2,5,10,6,2,12,3,7,-3,-8,4,-3,-2,-7,sil
25.641827821731567,-7,2,6,-2,2,6,0,3,-9,-5,-7,-5,-9,-3,sil
25.657988786697388,-8,1,-1,4,7,17,12,-5,-12,-1,-23,-18,-24,1,sil
25.657988786697388,-14,-7,-6,10,6,30,21,-1,-10,10,-22,-21,-18,4,sil
25.67306661605835,-6,-16,-6,-1,0,16,15,6,2,22,-8,0,6,16,sil
25.67306661605835,11,-8,0,-14,-6,-4,5,0,14,18,-4,12,16,26,sil
25.68915820121765,19,0,2,-3,0,-10,1,-3,17,15,-1,11,20,16,sil
25.68915820121765,21,0,5,2,2,-15,-2,0,15,16,9,16,29,9,sil
25.706830263137817,16,1,10,-13,0,-19,-12,0,2,0,19,21,19,3,sil
25.706830263137817,13,10,3,-13,-2,-13,-12,0,-6,-14,21,13,0,-5,sil
25.720622539520264,11,14,9,7,1,-7,-7,1,-2,-8,16,10,-3,-4,sil
25.720622539520264,0,13,11,12,7,-10,-17,1,-13,-16,9,9,-10,-5,sil
25.736000776290894,-8,11,-6,7,8,-9,-21,-1,-31,-33,5,-3,-19,-15,sil
25.736000776290894,-9,9,-3,13,6,2,-4,-3,-21,-20,1,-17,-16,-14,sil
25.75162124633789,-9,6,6,23,6,8,9,-3,3,7,-5,-15,-8,-3,sil
25.75162124633789,-11,-1,0,12,0,4,6,-3,1,14,-4,-7,-9,0,sil
25.76715397834778,-7,-3,-5,0,-6,9,9,-1,-3,14,-2,-6,-10,0,sil
25.76715397834778,1,4,-4,11,4,18,21,5,14,22,-9,-3,1,3,sil
25.78255724906921,7,1,1,10,8,23,24,7,23,13,-15,1,5,5,sil
25.78255724906921,-3,-20,-9,-16,-11,20,21,0,9,-10,-19,-5,-5,0,sil
25.798022031784058,-12,-31,-21,-35,-19,0,7,0,7,-10,-25,-16,-10,-11,sil
25.798022031784058,-1,-17,-6,-26,-8,-12,-9,6,19,2,-17,-5,0,-11,sil
25.81361675262451,2,-7,-3,-14,-7,-10,-13,-4,8,-6,6,6,11,-2,sil
25.81361675262451,-3,0,-3,-15,-7,-9,-17,-7,-21,-17,17,8,7,-3,sil
25.829591035842896,0,11,1,-9,1,-9,-18,1,-23,-8,16,4,0,-6,sil
25.829591035842896,3,16,7,12,6,-1,-12,0,-5,0,10,0,-2,0,sil
25.844953536987305,-2,8,9,24,4,8,1,0,5,12,1,-4,3,6,sil
25.844953536987305,-1,-1,0,15,4,6,10,6,14,30,0,0,16,16,sil
25.860323190689087,10,-2,0,0,5,-8,3,0,12,14,9,13,20,16,sil
25.860323190689087,16,6,7,0,4,-17,-4,-7,-3,-7,19,25,16,5,sil
25.87676692008972,11,18,14,21,5,-5,-2,1,-14,-1,19,18,7,5,sil
25.87676692008972,1,12,19,34,10,12,7,8,-14,5,1,0,-4,12,sil
25.89216637611389,-3,-9,3,21,6,20,17,0,0,4,-11,-8,-6,18,sil
25.89216637611389,-2,-19,-3,-8,-6,6,11,-2,14,2,-11,-7,1,15,sil
25.90775227546692,-4,-13,-4,-25,-16,-13,-7,0,14,-9,-12,-8,0,-8,sil
25.90775227546692,-5,-14,-17,-24,-16,-19,-20,-2,6,-20,-11,-7,-6,-26,sil
25.92307949066162,0,-13,-11,-21,-5,-11,-17,-1,-4,-12,0,-1,-1,-20,sil
25.92307949066162,2,5,1,-4,6,-2,-4,0,-12,-5,9,0,-4,-15,sil
25.93904614448548,-3,18,5,10,10,2,3,-1,-19,-4,7,0,-16,-11,sil
25.93904614448548,-9,9,0,9,10,5,12,6,-11,9,1,-1,-11,4,sil
25.954630613327023,-8,0,-9,3,5,6,21,8,11,25,-12,-13,-2,15,sil
25.954630613327023,-1,-2,-5,-2,-4,4,10,0,25,17,-20,-7,0,14,sil
25.969624519348145,3,-3,-6,-12,-8,-1,-8,-2,12,0,-3,2,7,7,sil
25.969624519348145,-1,-6,-9,-26,-9,-4,-12,0,-7,-15,2,-1,1,-9,sil
25.98564481735229,0,1,-5,-22,-11,-1,-6,-1,-9,-23,-5,-5,-14,-17,sil
25.98564481735229,11,9,0,-7,0,-2,-5,-5,0,-18,7,5,-7,-8,sil
26.00161576271057,9,7,9,-4,6,-4,-5,-5,-3,-9,21,10,1,-6,sil
26.00161576271057,-6,3,5,0,-5,1,-3,-7,-13,-9,4,-2,-9,-12,sil
26.01711368560791,-11,6,3,12,-1,10,-7,-5,-19,-13,-15,-10,-21,-11,sil
26.01711368560791,-6,7,8,17,16,14,-4,1,-20,-10,-19,-8,-19,-9,sil
26.033064126968384,-6,0,3,14,17,15,11,3,-11,2,-14,-4,-3,-1,sil
26.033064126968384,-3,-1,8,19,11,13,16,5,2,20,-3,5,16,10,sil
26.049007415771484,5,2,12,32,14,9,14,9,21,36,5,12,22,14,sil
26.049007415771484,10,0,4,22,12,8,19,5,28,36,3,4,14,9,sil
26.06402850151062,2,-12,-3,-8,-5,1,14,3,22,20,-1,0,14,12,sil
26.06402850151062,-2,-14,-8,-13,-22,-14,-2,3,20,13,2,8,19,15,sil
26.07962131500244,5,-3,0,4,-16,-20,-6,1,19,10,20,20,21,15,sil
26.07962131500244,19,0,3,4,-6,-13,-5,0,10,1,29,21,22,13,sil
26.094719171524048,16,-4,0,-13,-14,-14,-13,-2,0,-7,28,13,21,8,sil
26.094719171524048,9,6,7,-7,-14,-16,-13,-1,-5,-12,35,18,17,7,sil
26.11771130561829,14,22,10,17,5,-12,-5,-2,-14,-23,29,17,1,6,sil
26.11771130561829,8,15,8,21,12,-3,-3,0,-25,-29,0,-2,-22,-6,sil
26.11771130561829,-11,-7,-2,8,2,6,0,0,-19,-16,-23,-21,-32,-16,sil
26.125778436660767,-18,-17,-8,2,0,4,-2,-5,-15,-14,-27,-18,-26,-11,sil
26.14182949066162,-16,-7,-5,0,-1,1,-11,-8,-21,-18,-33,-14,-27,-8,sil
26.14182949066162,-22,-5,-20,-12,-11,10,0,-4,-7,1,-38,-26,-22,-14,sil
26.156906843185425,-16,-10,-17,-24,-9,10,12,0,15,20,-24,-23,-3,-9,sil
26.156906843185425,5,-4,0,-22,2,-1,0,0,18,10,-2,-2,12,6,sil
26.17309021949768,16,5,-1,-22,4,-6,-9,0,11,2,4,7,15,6,sil
26.17309021949768,6,6,-6,-28,1,0,-2,5,6,3,2,-1,3,-7,sil
26.18766522407532,-7,1,-8,-17,4,5,0,8,4,5,4,-10,-5,-7,sil
26.203883171081543,-7,9,-5,-5,10,8,0,4,7,13,10,-8,0,0,sil
26.203883171081543,-4,18,-4,-11,12,-1,0,0,-1,3,6,-9,0,-9,sil
26.203883171081543,-12,1,-7,-21,10,-7,-5,-6,-19,-26,-9,-16,-16,-25,sil
26.218142986297607,-19,-16,-4,-17,3,10,6,-2,-13,-19,-16,-15,-18,-18,sil
26.233561992645264,-12,-15,-6,1,-7,25,25,0,0,14,-7,-9,0,0,sil
26.233561992645264,0,-6,2,18,-1,13,16,3,0,19,-3,0,7,9,sil
26.248718976974487,8,0,16,27,6,4,5,11,9,17,3,20,9,17,sil
26.248718976974487,6,-1,15,35,-3,0,10,6,16,18,5,19,10,21,sil
26.26417803764344,-3,-10,10,27,-12,-9,5,-3,1,-2,-10,2,0,7,sil
26.26417803764344,7,-3,5,14,-3,-6,-3,-2,4,-13,-3,8,2,2,sil
26.27980136871338,23,16,17,19,-1,-1,-5,-1,10,-5,26,35,10,12,sil
26.27980136871338,16,16,18,23,-6,-9,-8,-4,-6,-12,28,33,2,6,sil
26.29583764076233,12,0,0,10,-2,-11,-4,-1,-3,-13,7,6,1,2,sil
26.29583764076233,22,5,5,8,5,-2,6,4,15,1,5,7,15,16,sil
26.311399936676025,21,21,13,17,9,-3,13,3,14,11,21,28,25,15,sil
26.311399936676025,14,16,8,5,5,-8,1,1,-1,3,29,26,18,3,sil
26.32702207565308,11,4,4,-8,1,-5,-16,-2,-14,-8,13,0,1,0,sil
26.32702207565308,6,6,1,-5,7,-2,-17,-10,-20,-12,4,-4,-1,-2,sil
26.342830419540405,3,12,4,0,14,0,-8,-3,-15,-5,16,3,3,-6,sil
26.342830419540405,-9,3,-5,-1,9,5,-12,1,-12,-3,6,-15,-9,-10,sil
26.358904123306274,-33,-15,-21,-4,0,2,-15,-7,-13,-8,-22,-44,-28,-16,sil
26.358904123306274,-42,-19,-24,-19,-2,0,-6,-6,-5,4,-32,-40,-23,-18,sil
26.374643087387085,-34,-18,-27,-29,-11,2,-2,0,4,16,-31,-33,-16,-18,sil
26.374643087387085,-26,-27,-18,-23,-31,5,-3,-2,2,5,-40,-39,-26,-15,sil
26.389232397079468,-18,-31,-15,-20,-31,9,9,0,7,4,-36,-27,-19,-1,sil
26.389232397079468,-8,-20,-16,-26,2,4,14,3,18,16,-16,0,6,10,sil
26.405022144317627,-1,-7,-7,-26,16,-9,0,3,13,5,-4,12,12,3,sil
26.405022144317627,6,-1,-2,-23,-14,-18,-7,3,0,-8,0,6,4,-7,sil
26.419978857040405,19,5,9,-15,-22,-11,-2,6,-4,-8,13,18,7,0,sil
26.419978857040405,24,19,18,6,4,0,0,9,6,-3,26,31,15,13,sil
27.32665634155273,5,3,0,1,-3,0,-3,1,21,13,23,18,10,8,sil
27.32665634155273,11,-4,-8,-10,-8,-7,-10,-6,3,-5,23,15,7,-4,sil
27.342036724090576,15,-1,2,-21,-7,-10,-5,-4,-3,0,26,18,9,8,sil
27.342036724090576,14,14,8,-6,-1,-11,0,0,-4,5,29,20,9,12,sil
27.35773754119873,17,20,9,9,10,-7,8,3,-2,-9,24,10,5,0,sil
27.35773754119873,12,15,11,0,16,0,15,8,5,-12,20,0,0,5,sil
27.37434792518616,-2,16,6,-7,10,9,12,4,5,-2,11,-4,-7,14,sil
27.37434792518616,-6,16,5,10,7,13,10,2,-2,-1,0,-8,-17,0,sil
27.389827013015747,-5,4,-2,13,7,11,11,0,-5,-8,-8,-11,-20,-11,sil
27.389827013015747,-19,-3,-6,-5,0,11,1,-4,-20,-19,-17,-14,-25,-9,sil
27.405683040618896,-22,-2,-2,0,-5,21,0,-2,-29,-19,-25,-18,-28,-11,sil
27.405683040618896,-9,-8,-1,18,1,26,19,0,-9,-1,-20,-15,-20,-8,sil
27.42092776298523,-5,-18,1,6,0,14,21,-1,4,8,-17,-3,-9,5,sil
27.42092776298523,-3,-22,-4,-11,-10,-4,5,-2,3,11,-20,0,3,7,sil
27.436944723129272,3,-22,-14,-13,-7,-10,-1,1,5,10,-18,-3,14,1,sil
27.436944723129272,2,-16,-12,-12,-6,-6,-1,8,7,3,-16,-2,16,0,sil
27.452943563461304,4,-2,-3,-7,-10,-13,-6,1,8,6,-10,1,23,3,sil
27.452943563461304,12,5,7,0,-5,-23,-18,-4,15,14,8,9,37,6,sil
27.468080282211304,11,6,1,0,0,-17,-25,0,17,9,24,13,48,6,sil
27.468080282211304,6,9,1,-1,0,-7,-17,6,7,7,26,17,48,0,sil
27.483656406402588,4,11,4,0,0,-10,-7,-3,0,4,20,20,37,-4,sil
27.483656406402588,4,8,-3,-2,1,-15,-14,-17,-9,-11,12,12,19,-6,sil
27.49883460998535,6,9,4,-2,1,-14,-27,-11,-26,-28,9,10,8,-15,sil
27.49883460998535,5,14,11,3,2,-7,-22,-3,-25,-23,16,12,8,-12,sil
27.51469683647156,0,10,5,12,4,5,-3,1,0,-3,9,-2,3,3,sil
27.51469683647156,-9,-1,0,15,8,19,15,12,15,9,-15,-22,-11,1,sil
27.529855251312256,-16,-12,-7,3,7,19,23,11,10,8,-30,-23,-17,-7,sil
27.529855251312256,-14,-6,-2,3,4,16,21,3,7,11,-20,-15,-15,7,sil
27.54590034484864,-8,2,1,16,1,26,25,4,6,22,-6,-13,-21,17,sil
27.54590034484864,-10,-2,-6,7,-1,23,27,0,2,10,-9,-18,-33,0,sil
27.56198143959045,-14,-6,-6,-9,1,7,17,0,5,-5,-16,-15,-39,-2,sil
27.56198143959045,-11,-3,-5,-3,4,0,4,2,8,-4,-8,-7,-46,3,sil
27.577819347381592,0,-6,-1,0,-3,-3,-7,-3,1,-7,5,1,-59,-4,sil
27.577819347381592,14,-3,1,-3,-5,-8,-9,-4,1,-8,12,10,-70,-1,sil
27.59328770637512,21,3,0,-8,-1,-14,-4,0,1,-3,11,15,-80,7,sil
27.59328770637512,12,0,0,-16,-3,-19,-10,-1,-14,-10,12,12,-90,-5,sil
27.609272956848145,4,2,2,-6,-2,-19,-20,-6,-25,-17,13,9,-79,-12,sil
27.609272956848145,1,14,12,11,5,-9,-16,-2,-16,-8,7,14,-15,-1,sil
27.62501788139344,1,9,11,13,4,0,-8,0,-8,0,1,6,89,0,sil
27.62501788139344,3,-2,2,6,0,7,-1,-1,-7,5,-1,-9,141,-1,sil
27.640592336654663,0,-9,2,3,0,8,9,0,0,17,-5,-8,112,4,sil
27.640592336654663,-3,-18,-1,-7,-5,5,20,3,15,28,-6,-3,90,10,sil
27.65616726875305,-4,-23,-7,-22,-18,0,19,5,19,20,-9,-4,85,9,sil
27.65616726875305,-8,-18,-10,-28,-24,-5,2,-2,5,-3,-12,-1,51,0,sil
27.670859575271606,-4,-1,-4,-24,-12,-9,-11,-8,-6,-16,0,5,27,-6,sil
27.670859575271606,10,16,10,-6,6,0,-3,1,-1,-7,16,15,30,1,sil
27.68604326248169,11,22,10,12,11,4,0,5,0,-6,18,19,9,3,sil
27.68604326248169,2,18,9,17,2,-5,-12,0,-11,-20,6,6,-21,-2,sil
27.701721668243408,1,17,8,17,1,-3,-11,4,-11,-10,2,-1,-25,0,sil
27.701721668243408,-3,7,-1,21,8,11,4,5,0,11,3,2,-23,4,sil
27.717875719070435,-16,-4,-7,18,10,20,11,2,6,18,-5,0,-34,0,sil
27.717875719070435,-14,-8,-14,10,9,18,14,4,13,13,-19,-18,-42,0,sil
27.73323631286621,-1,-5,-17,0,9,5,15,2,23,12,-17,-16,-38,3,sil
27.73323631286621,12,0,-8,-2,9,0,7,-2,26,17,6,4,-7,15,sil
27.7478346824646,20,2,4,3,5,-1,-8,-7,13,14,25,17,11,21,sil
27.763521194458008,16,0,12,7,-1,-10,-18,-6,-4,-6,11,13,-11,4,sil
27.763521194458008,9,0,2,0,-4,-21,-11,-7,-7,-21,-6,2,-26,-11,sil
27.77997374534607,-2,-3,-10,-24,-13,-21,-11,-5,-8,-20,-5,-7,-17,-19,sil
27.77997374534607,-15,-7,-12,-35,-15,-13,-18,-3,-21,-26,-5,-18,-26,-33,sil
27.77997374534607,-9,2,2,-11,2,-7,-9,0,-23,-32,-10,-14,-35,-32,sil
27.79410195350647,3,21,20,17,15,-1,6,7,-7,-14,-5,0,-19,-10,sil
27.8095862865448,3,15,14,26,7,3,8,10,-2,6,2,1,-4,2,sil
27.8095862865448,-2,-1,9,21,6,11,7,4,-4,11,6,-2,1,7,sil
27.82480812072754,-7,-2,5,12,8,23,18,0,2,20,10,-1,11,11,sil
27.82480812072754,-12,-8,-9,0,-2,25,26,1,7,28,-1,-12,7,10,sil
27.840303897857662,-14,-19,-10,-4,-10,19,22,4,4,20,-18,-18,1,5,sil
27.840303897857662,-15,-21,-10,-6,-8,13,12,-2,2,11,-16,-11,9,2,sil
27.85508823394776,-15,-29,-12,-27,-14,-1,-5,-8,0,4,-16,-10,11,-1,sil
27.85508823394776,-8,-28,-11,-36,-17,-12,-15,-2,0,-1,-15,-8,10,-1,sil
27.87057900428772,4,0,-3,-24,-11,-11,-12,1,2,-4,0,8,23,7,sil
27.87057900428772,12,16,6,-18,-11,-20,-23,-1,3,-13,12,25,25,9,sil
27.8860981464386,14,6,0,-14,-10,-25,-31,-7,6,-18,15,21,16,-1,sil
27.8860981464386,13,10,7,-1,0,-12,-19,-3,0,-12,14,8,8,-8,sil
27.901803255081177,3,26,10,8,6,-4,-10,1,-7,-9,4,4,1,-7,sil
27.901803255081177,-4,24,0,11,13,-3,-4,0,-7,-11,-1,1,-4,-5,sil
27.91685485839844,0,11,5,18,20,16,11,2,-3,-6,-2,-7,-11,0,sil
27.91685485839844,9,3,0,31,17,30,25,4,1,7,-2,-5,-10,8,sil
27.93222689628601,0,-3,-6,20,6,17,23,0,1,16,-6,3,-6,8,sil
27.93222689628601,-7,-9,-5,1,8,8,24,2,1,14,-5,-1,0,9,sil
27.94750046730041,1,-10,-8,7,7,11,25,6,8,14,-1,-7,5,10,sil
27.94750046730041,9,-5,4,11,-6,1,18,6,13,14,0,2,7,6,sil
27.96340131759644,14,-2,8,3,-10,-16,5,1,18,14,12,18,15,8,sil
27.96340131759644,26,-2,15,3,-1,-24,-9,0,19,9,33,33,26,12,sil
27.97858500480652,23,5,20,7,0,-20,-9,0,2,-1,33,32,18,6,sil
27.97858500480652,0,10,-1,2,-5,-19,-9,-5,-16,-17,17,9,0,-8,sil
27.99461340904236,-11,8,1,-6,-5,-16,-27,-6,-25,-26,8,0,-9,-19,sil
27.99461340904236,-2,5,7,1,0,-4,-33,-4,-23,-21,16,5,-8,-16,sil
28.010658979415894,0,5,5,13,0,1,-23,-4,-19,-16,15,11,-7,-9,sil
28.010658979415894,-8,10,5,14,2,4,-16,0,-15,-6,-2,3,-11,-6,sil
28.026681423187256,-10,14,3,20,8,11,-7,0,-6,3,-6,-6,-11,0,sil
28.026681423187256,8,14,19,25,5,19,6,-1,-1,1,0,3,-8,10,sil
28.04200458526612,8,3,2,14,0,16,15,1,8,5,-11,-3,-8,12,sil
28.04200458526612,-13,-18,-28,-13,-3,5,13,2,14,13,-24,-30,-10,1,sil
28.05774688720703,-19,-26,-9,-29,-2,16,19,3,17,14,-24,-31,-8,-1,sil
28.05774688720703,-8,-17,-10,-27,5,34,35,4,23,20,-24,-27,0,2,sil
28.07292366027832,-10,-21,-28,-43,0,9,18,0,15,8,-35,-35,-1,1,sil
28.07292366027832,-36,-31,-38,-70,-20,-20,-20,-6,-2,-8,-55,-54,-21,-21,sil
28.08901715278625,-39,-24,-44,-63,-24,-20,-26,-5,-8,-4,-48,-52,-20,-35,sil
28.08901715278625,-17,-7,-17,-51,-4,-11,-13,3,-10,-6,-26,-30,-2,-20,sil
28.10508131980896,-33,-7,-23,-67,1,0,-10,6,-15,-22,-55,-65,-25,-30,sil
28.10508131980896,-40,-8,-37,-34,0,3,2,-1,-13,-18,-56,-72,-38,-35,sil
0.0270967483520507,14,18,23,53,13,0,25,-2,-1,-1,29,33,5,6,sil
0.0270967483520507,44,31,58,82,18,4,29,5,14,13,76,88,35,37,sil
0.0423445701599121,33,14,31,58,10,5,26,6,30,31,61,63,35,39,sil
0.0423445701599121,34,8,38,50,6,-3,22,0,26,31,52,67,38,42,sil
0.0577700138092041,40,15,39,54,0,-6,6,0,8,10,48,70,33,35,sil
0.0577700138092041,35,9,19,37,-10,-12,-13,-3,-3,-5,53,61,26,25,sil
0.0741176605224609,28,3,26,14,-12,-12,-26,-5,-6,-5,50,57,28,19,sil
0.0741176605224609,26,7,14,23,-4,-6,-26,0,-5,-1,28,37,27,12,sil
0.0892460346221923,21,8,1,15,-1,-16,-26,3,-8,-11,17,19,10,3,sil
0.0892460346221923,-1,9,0,-15,-2,-19,-26,0,-22,-25,7,2,-14,-17,sil
0.1049132347106933,-19,15,-13,-8,2,0,-12,-6,-31,-24,-12,-18,-27,-33,sil
0.1049132347106933,-16,15,-4,11,11,18,4,-3,-28,-14,-21,-28,-28,-22,sil
0.1212091445922851,-17,2,-6,5,10,27,10,0,-11,-1,-28,-40,-28,-5,sil
0.1212091445922851,-14,-8,-15,-8,1,19,5,0,6,6,-40,-44,-23,-3,sil
0.1343169212341308,-6,-16,-10,-29,-4,5,1,2,24,4,-35,-23,-7,-7,sil
0.1509227752685547,-6,-16,-20,-40,-1,-2,6,5,30,1,-12,-14,5,-10,sil
0.1509227752685547,-10,-4,-7,-18,0,-11,0,5,6,-6,0,-13,0,-8,sil
0.1509227752685547,-15,-2,2,2,-2,-12,-2,-2,-15,-3,-7,-12,-9,-7,sil
0.1652708053588867,-22,-15,-15,-7,-4,6,11,-9,-7,14,-19,-25,-5,-1,sil
0.1813576221466064,-22,-26,-22,-25,-4,12,18,0,10,23,-22,-29,0,5,sil
0.1813576221466064,-13,-28,-20,-27,-5,-6,10,9,24,18,-11,-11,10,6,sil
0.1969542503356933,1,-9,-2,-20,-6,-14,-4,5,23,7,2,8,18,4,sil
0.1969542503356933,3,10,2,-12,-2,-2,-14,0,6,-7,10,10,7,-2,sil
0.2120809555053711,-1,13,-6,-6,3,0,-15,-6,-10,-14,8,0,-9,-15,sil
0.2120809555053711,5,14,13,6,4,1,-8,-5,-19,-13,7,-3,-9,-12,sil
0.2280807495117187,12,16,19,26,5,5,3,0,-19,-7,12,0,-3,0,sil
0.2280807495117187,7,9,9,29,5,7,9,0,-17,1,6,0,-4,5,sil
0.2435157299041748,7,0,9,24,1,9,-1,0,-10,7,-6,0,0,8,sil
0.2435157299041748,19,0,13,25,6,8,-6,3,6,5,-11,9,7,20,sil
0.2591638565063476,23,3,12,14,9,7,11,4,16,7,-11,19,4,25,sil
0.2591638565063476,3,-2,-7,-7,-1,6,29,1,18,12,-12,3,0,12,sil
0.2743961811065674,-11,-11,-11,-18,-5,3,23,0,21,8,-4,-5,0,-1,sil
0.2743961811065674,-9,-9,-3,-14,0,-5,10,0,12,0,1,9,0,-5,sil
0.2895755767822265,-2,-1,-7,-13,-3,-16,1,-3,-4,-2,1,11,1,-11,sil
0.2895755767822265,0,0,4,-14,-7,-16,-11,-1,-14,-15,11,15,0,-9,sil
0.3053004741668701,5,2,12,-6,0,-13,-25,-1,-19,-26,22,23,2,-2,sil
0.3053004741668701,14,16,11,11,6,-14,-31,-4,-18,-15,22,16,7,0,sil
0.3215043544769287,9,29,10,27,5,-6,-30,2,-8,2,27,11,7,0,sil
0.3215043544769287,-10,18,4,25,0,-2,-20,2,-8,0,20,11,-5,-8,sil
0.337564468383789,-18,1,0,14,4,7,4,-2,-13,-12,-1,-6,-19,-13,sil
0.337564468383789,-10,-3,-5,8,15,29,37,0,4,7,-5,-20,-9,1,sil
0.3531692028045654,-4,-10,-2,2,2,25,41,3,21,29,5,-7,3,16,sil
0.3531692028045654,5,-10,4,3,-13,1,16,2,17,20,0,-1,5,10,sil
0.3683173656463623,4,-10,-5,2,-5,3,2,1,17,10,-16,-18,4,3,sil
0.3683173656463623,-7,-20,-11,-15,0,11,2,2,20,16,-22,-22,3,5,sil
0.3839063644409179,-10,-29,-12,-32,-13,-2,-6,0,6,6,-21,-15,-4,0,sil
0.3839063644409179,-4,-24,-18,-32,-23,-14,-16,-3,-6,-17,-28,-18,-10,-8,sil
0.3994276523590088,-4,-12,-20,-22,-13,-12,-10,0,1,-18,-20,-12,2,0,sil
0.3994276523590088,0,-4,-10,-18,-7,-16,-10,0,0,-12,2,1,9,0,sil
0.4144995212554931,0,2,0,-21,-11,-18,-18,-1,-23,-27,-1,0,-9,-21,sil
0.4144995212554931,-2,13,0,-6,0,-12,-13,-5,-26,-23,-7,-4,-11,-20,sil
0.4300947189331054,9,26,11,18,15,-6,-4,-6,-10,0,23,14,13,0,sil
0.4300947189331054,14,27,20,22,11,0,-10,-3,-9,1,33,26,15,3,sil
0.4459738731384277,7,17,10,16,7,1,-15,-1,-10,-4,6,13,0,3,goodbye
0.4459738731384277,19,21,16,24,19,1,-6,0,0,4,9,15,5,15,goodbye
0.4610521793365478,25,29,18,34,24,8,6,0,2,10,30,30,15,23,goodbye
0.4610521793365478,4,14,10,27,17,17,12,0,-1,9,18,21,5,14,goodbye
0.4771702289581299,-10,-7,1,7,8,18,10,2,3,13,-8,-1,-5,-1,goodbye
0.4771702289581299,-8,-11,0,4,0,13,15,3,14,16,-16,-11,-10,-6,goodbye
0.4923412799835205,-7,-3,5,15,0,15,24,2,12,17,-10,-6,-11,1,goodbye
0.4923412799835205,-11,-9,-1,4,0,19,27,3,8,21,-12,-12,-10,3,goodbye
0.5083985328674316,-15,-24,-14,-26,-6,9,27,8,16,15,-24,-23,-9,0,goodbye
0.5083985328674316,-10,-23,-11,-33,-11,-5,26,12,24,1,-21,-19,-4,0,goodbye
0.5239999294281006,3,-10,-5,-15,-8,-9,11,3,18,-6,-3,-5,8,0,goodbye
0.5239999294281006,14,-5,-1,-8,-7,-4,-7,-2,10,-7,7,10,14,1,goodbye
0.5391161441802979,8,-13,-9,-15,-7,-8,-12,-3,6,-9,6,8,8,2,goodbye
0.5391161441802979,-10,-21,-19,-27,-13,-23,-20,-7,-10,-19,-3,-13,-2,-11,goodbye
0.5542666912078857,-18,-11,-11,-30,-21,-28,-37,-14,-34,-32,-7,-22,-9,-24,goodbye
0.5542666912078857,0,5,-2,-13,-10,-15,-28,-13,-35,-24,9,1,0,-13,goodbye
0.5694742202758789,20,21,11,4,8,-1,-13,0,-17,-2,32,24,11,4,goodbye
0.5694742202758789,15,29,17,13,7,0,-17,6,0,2,28,22,11,7,goodbye
0.5855770111083984,4,26,12,26,8,0,-14,1,2,0,12,10,0,0,goodbye
0.5855770111083984,2,24,9,36,21,6,3,1,-5,9,3,4,-7,-4,goodbye
0.6010758876800537,-3,13,1,27,13,8,14,0,-13,5,-10,-7,-7,-3,goodbye
0.6010758876800537,-20,-7,-9,6,-6,8,7,-3,-17,-10,-31,-25,-16,-7,goodbye
0.6164987087249756,-29,-16,-16,0,-5,8,0,-4,-13,-4,-30,-27,-18,-9,goodbye
0.6164987087249756,-15,-8,-10,0,0,3,0,0,3,10,-14,-12,-8,0,goodbye
0.6323916912078857,-1,-7,-1,-2,-5,4,7,7,20,12,-8,0,0,9,goodbye
0.6323916912078857,0,-11,-2,-8,-3,3,12,8,19,13,-2,4,11,11,goodbye
0.6479005813598633,1,-8,4,-5,2,0,12,0,11,12,3,9,14,8,goodbye
0.6479005813598633,5,-8,1,-4,0,3,11,-3,11,0,-1,3,0,6,goodbye
0.6633589267730713,3,-15,-8,-19,-6,0,0,-4,12,-8,-3,-7,-6,0,goodbye
0.6633589267730713,1,-10,-5,-25,-8,-14,-11,0,5,-7,4,-2,3,-4,goodbye
0.679218053817749,0,1,-4,-10,-5,-14,-9,4,3,-2,11,11,8,-1,goodbye
0.679218053817749,6,9,9,-1,0,0,-10,2,10,4,16,27,0,3,goodbye
0.695253849029541,19,12,21,1,0,6,-8,0,10,9,24,29,0,7,goodbye
0.695253849029541,19,12,13,10,0,0,0,1,-6,0,20,12,0,2,goodbye
0.7112822532653809,11,14,13,16,10,-2,7,2,-16,-9,10,3,0,0,goodbye
0.7112822532653809,13,17,13,20,21,3,10,-2,-8,-9,5,6,2,3,goodbye
0.7273759841918945,5,8,4,25,16,13,7,-1,-12,-5,-6,-4,0,0,goodbye
0.7273759841918945,-5,-4,-8,15,5,14,15,6,-9,9,-12,-17,0,-1,goodbye
0.742943286895752,-5,-5,-7,-1,5,12,29,6,22,30,0,-5,18,16,goodbye
0.742943286895752,-3,-2,3,-6,2,6,14,0,34,23,0,0,26,19,goodbye
0.7579746246337891,-4,-10,-6,-6,-14,-13,-11,-6,6,0,-10,-7,7,-1,goodbye
0.7579746246337891,0,-9,-7,-12,-19,-29,-17,-4,-18,-16,0,-3,0,-9,goodbye
0.7740960121154785,0,6,1,-6,-2,-15,-14,0,-17,-23,14,7,4,-4,goodbye
0.7902798652648926,-8,11,-2,11,6,4,-16,0,-9,-16,3,-1,-11,-8,goodbye
0.7902798652648926,-10,2,-1,16,4,10,-6,0,-14,-1,-16,-13,-28,-8,goodbye
0.7902798652648926,-11,-11,-9,2,0,13,10,-3,-17,6,-25,-16,-20,0,goodbye
0.8058042526245117,-12,-19,-20,-18,-5,7,7,-11,-10,0,-27,-14,-13,0,goodbye
0.8058042526245117,-4,-10,-13,-28,-13,-10,-11,-6,-3,-13,-17,-8,-13,-9,goodbye
0.8203744888305664,7,0,0,-21,-11,-17,-16,1,1,-6,12,4,0,-6,goodbye
0.8368880748748779,6,5,9,-20,0,-14,-16,0,3,3,29,13,10,-5,goodbye
0.8368880748748779,-2,11,6,-12,3,-15,-22,0,0,-10,11,1,-2,-19,goodbye
0.8539402484893799,-8,10,7,8,1,-3,-10,5,4,-16,-8,-5,-11,-21,goodbye
0.8539402484893799,-5,4,6,15,2,17,13,7,10,3,-3,-1,-3,-1,goodbye
0.8539402484893799,3,0,-2,9,2,20,21,-2,1,13,5,-1,4,9,goodbye
0.868351936340332,2,2,3,13,0,13,12,0,-10,9,2,-4,5,3,goodbye
0.868351936340332,-7,0,3,20,-2,11,6,4,-8,16,0,-2,5,0,goodbye
0.884394645690918,-4,-3,0,8,-3,13,12,3,9,16,1,0,3,7,goodbye
0.9003195762634277,8,-5,2,0,4,17,22,9,30,11,0,5,8,15,goodbye
0.9003195762634277,2,-12,-9,-3,7,2,18,9,31,11,-5,4,14,13,goodbye
0.9003195762634277,-7,-17,-12,-14,-8,-17,-9,-1,10,2,-9,0,8,9,goodbye
0.9164218902587892,0,-6,-3,-10,-13,-19,-20,-2,0,-7,-6,3,0,11,goodbye
0.9164218902587892,16,4,4,8,0,-13,-3,0,-2,-12,-1,8,3,12,goodbye
0.9313640594482422,15,-4,3,4,0,-10,4,-2,-8,-12,4,9,7,12,goodbye
0.9313640594482422,5,-13,-9,-13,-3,-10,-4,-7,-7,-3,8,11,6,8,goodbye
0.9469521045684814,5,2,0,-2,6,-13,-14,-1,-4,-6,3,12,0,-6,goodbye
0.9632072448730468,6,17,13,9,9,-10,-11,4,-2,-16,7,6,-6,-19,goodbye
0.9632072448730468,0,1,2,-14,-4,-10,-7,-1,0,-6,14,0,-9,-18,goodbye
0.9632072448730468,-6,-1,-4,-28,-3,-10,-8,-3,-7,2,7,-1,-12,-14,goodbye
0.9799304008483888,-3,16,2,5,10,3,-7,-1,-22,-10,-2,-9,-19,-15,goodbye
0.9799304008483888,-4,18,10,24,12,20,0,-4,-26,-12,-2,-12,-22,-13,goodbye
0.9943654537200928,0,8,11,14,10,22,12,-6,-22,4,5,-2,-8,-3,goodbye
0.9943654537200928,4,11,13,25,17,23,10,-1,-13,9,5,1,4,5,goodbye
1.0109951496124268,2,11,14,35,11,20,1,1,9,11,-9,-5,5,5,goodbye
1.0109951496124268,-4,0,-1,15,-4,9,3,0,25,22,-19,-12,2,2,goodbye
1.0251612663269043,-11,-4,-5,-4,-7,8,13,4,15,22,-10,-5,3,12,goodbye
1.0400283336639404,-10,-7,-2,-5,-1,13,23,11,17,18,2,2,16,23,goodbye
1.0400283336639404,1,-15,-4,-7,-7,0,20,5,31,16,0,1,23,18,goodbye
1.0555369853973389,13,-14,0,-16,-12,-11,8,2,22,7,-5,-1,12,9,goodbye
1.0555369853973389,18,0,0,-9,-2,-3,5,1,13,1,9,11,15,13,goodbye
1.070929765701294,13,6,0,1,5,-4,-2,-4,3,-7,23,21,23,7,goodbye
1.070929765701294,3,-2,-2,-2,-1,-18,-23,-7,-15,-23,8,14,6,-8,goodbye
1.086268424987793,0,-3,-11,-15,-7,-20,-25,-6,-17,-27,2,3,-4,-15,goodbye
1.086268424987793,-5,6,-9,-13,-1,-9,-12,-2,-13,-22,10,-1,-7,-19,goodbye
1.1023893356323242,-25,1,-18,0,0,0,-8,0,-20,-13,-9,-20,-28,-22,goodbye
1.1023893356323242,-30,-9,-20,3,-1,6,-4,0,-15,0,-36,-33,-38,-13,goodbye
1.11789870262146,-18,-16,-10,-8,-7,2,7,2,3,6,-28,-22,-18,-1,goodbye
1.11789870262146,-11,-21,-13,-29,-16,-8,5,4,13,5,-7,-7,0,1,goodbye
1.1339027881622314,-4,-11,-5,-37,-10,-14,-13,0,6,-2,0,2,2,0,goodbye
1.1339027881622314,3,0,0,-18,-2,-20,-22,-4,-10,-23,-1,0,-6,-13,goodbye
1.1499712467193604,6,-2,0,-7,-5,-26,-19,-4,-22,-33,-3,-5,-20,-20,goodbye
1.1499712467193604,11,2,13,-3,-3,-13,-12,-4,-18,-16,9,9,-9,-9,goodbye
1.1653053760528564,16,18,24,16,8,9,-1,-4,-11,2,24,19,12,0,goodbye
1.1653053760528564,11,18,25,40,19,23,8,4,-6,7,15,11,12,4,goodbye
1.1804614067077637,11,20,24,51,21,32,17,7,8,19,13,13,10,17,goodbye
1.1804614067077637,14,22,24,46,17,29,19,1,18,26,19,15,18,24,goodbye
1.195997953414917,-2,0,5,16,2,15,15,4,8,17,-3,-3,5,9,goodbye
1.195997953414917,-21,-21,-19,-8,-8,11,15,5,0,16,-29,-17,-14,-2,goodbye
1.2119226455688477,-10,-10,-5,-3,-2,13,19,2,11,25,-22,-5,-6,8,goodbye
1.2119226455688477,4,3,0,5,3,8,18,10,36,29,-2,1,13,21,goodbye
1.2273883819580078,-2,-4,-15,-2,1,0,12,10,42,25,3,-4,8,12,goodbye
1.2273883819580078,-3,-10,-10,-11,-1,-3,4,-1,24,11,1,0,0,4,goodbye
3.410155773162842,0,9,13,19,8,15,-7,-8,-19,-12,-2,0,-4,-3,sil
3.410155773162842,5,7,15,17,7,20,0,0,-14,3,6,5,-1,7,sil
3.4256324768066406,-2,3,-2,10,10,30,17,5,-3,11,0,-5,-1,5,sil
3.4256324768066406,-1,4,-4,12,11,30,23,4,8,13,-2,-11,0,12,sil
3.441272258758545,-3,-1,-7,7,6,14,20,-3,2,1,-16,-27,-12,5,sil
3.441272258758545,-21,-17,-12,-12,-3,2,16,-2,-12,-10,-35,-35,-29,-13,sil
3.4562783241271973,-23,-19,-11,-20,-8,6,25,7,0,0,-18,-17,-14,-6,sil
3.4562783241271973,-9,-15,-4,-11,-8,0,24,8,14,11,1,-5,0,11,sil
3.4723808765411377,-8,-23,-5,-7,-15,-14,2,0,5,0,-9,-13,-5,-3,sil
3.4723808765411377,-20,-27,-11,-15,-12,-13,-2,0,8,-1,-11,-17,0,-17,sil
3.487971067428589,-18,-16,-4,-23,-4,-10,1,3,25,6,4,-5,14,-5,sil
3.487971067428589,0,-6,-3,-13,-9,-15,-11,-1,20,7,5,4,17,2,sil
3.5039706230163574,8,3,0,3,-8,-15,-28,-7,14,4,2,9,11,-3,sil
3.5039706230163574,10,15,9,5,3,-11,-27,-3,15,1,15,18,13,-3,sil
3.519388198852539,23,17,12,0,7,-13,-17,0,-1,0,25,31,17,6,sil
3.519388198852539,31,22,18,5,6,-14,-14,0,-20,-5,26,31,10,11,sil
3.5352840423583984,22,27,10,12,1,-15,-13,0,-13,-5,30,24,0,8,sil
3.5352840423583984,18,23,9,9,-2,-14,-11,-1,-4,-9,20,20,0,5,sil
3.5514047145843506,18,14,16,12,5,0,-1,-1,-3,-10,-5,12,0,0,sil
3.5514047145843506,7,6,2,14,15,18,9,0,3,5,-11,0,-5,0,sil
3.566792726516724,-6,5,0,10,7,24,7,0,4,7,0,-6,-8,4,sil
3.566792726516724,-13,3,2,11,0,15,2,0,-8,-6,-11,-14,-9,1,sil
3.582519769668579,-13,-7,-5,11,0,15,17,1,-11,0,-22,-19,-6,-3,sil
3.582519769668579,-9,-10,-5,4,4,28,38,7,4,17,-8,-9,0,7,sil
3.5975937843322754,-9,-8,-11,3,0,24,30,4,12,12,-9,-15,-2,13,sil
3.5975937843322754,-14,-18,-19,-3,-8,3,7,-1,2,2,-29,-26,-10,0,sil
3.613578081130981,-13,-25,-22,-20,-9,-3,0,0,1,0,-26,-18,-8,-7,sil
3.613578081130981,-13,-18,-21,-26,-8,-10,-12,-2,0,-12,-10,-8,-6,-9,sil
3.629126071929932,-9,-5,-6,-14,-3,-19,-28,-9,-9,-17,0,1,0,-13,sil
3.629126071929932,11,11,5,4,6,-16,-18,-4,0,0,20,22,19,-1,sil
3.644437789916992,18,17,15,5,5,-17,-14,3,2,5,30,25,17,2,sil
3.644437789916992,1,7,13,-8,-6,-25,-29,0,-16,-13,13,4,-4,-11,sil
3.6599855422973633,0,4,5,-8,0,-12,-13,-3,-16,-14,9,1,-6,-9,sil
3.6599855422973633,9,6,8,0,12,9,13,2,1,-2,12,6,-6,-6,sil
3.6749167442321777,-7,-5,1,-3,4,16,23,2,-4,-2,-10,-13,-21,-18,sil
3.6749167442321777,-20,-14,0,-4,-1,23,32,2,-10,0,-26,-20,-16,-9,sil
3.690073966979981,-4,-9,7,6,4,30,42,10,11,26,-3,-1,12,20,sil
3.690073966979981,3,-16,0,0,-4,8,22,5,26,36,13,4,28,28,sil
3.7053420543670654,0,-22,-8,-23,-22,-16,-11,0,12,14,3,0,22,12,sil
3.7053420543670654,8,-4,-2,-17,-11,-17,-22,0,2,-1,4,4,16,1,sil
3.720977306365967,17,21,12,8,8,-16,-26,-1,0,-7,21,13,14,0,sil
3.720977306365967,7,30,11,22,11,-14,-32,-6,-19,-21,19,12,1,-2,sil
3.7360589504241934,-3,22,1,26,13,0,-17,-7,-29,-20,3,1,-12,-2,sil
3.752288341522217,0,16,5,29,18,17,10,0,-8,1,-2,0,-8,3,sil
3.752288341522217,3,7,-6,20,6,17,19,0,13,10,-13,-1,-8,6,sil
3.752288341522217,0,-9,-20,0,-8,3,4,-5,10,0,-26,-16,-21,4,sil
3.767957210540772,-2,-18,-13,-17,-8,-1,-1,-1,10,3,-19,-17,-12,4,sil
3.767957210540772,5,-9,-5,-19,-1,0,0,3,19,4,-2,5,9,1,sil
3.782626390457153,10,5,6,-8,0,-7,-8,1,4,-17,7,19,10,-6,sil
3.797501564025879,6,12,6,-3,-5,-19,-11,-4,-16,-26,13,14,0,-8,sil
3.797501564025879,6,12,5,-2,-3,-14,-4,-6,-17,-15,10,9,-6,-5,sil
3.813540935516357,0,13,12,8,-1,0,1,2,-9,-8,-5,0,-16,-9,sil
3.813540935516357,-16,0,2,11,-11,11,4,9,-6,-4,-20,-15,-19,-14,sil
3.829286336898804,-20,-13,0,1,-14,20,9,5,8,9,-10,-12,-8,0,sil
3.829286336898804,-1,-9,7,6,0,28,24,4,37,36,15,2,13,23,sil
3.844946384429932,0,-9,-2,4,3,11,23,7,45,49,10,-1,23,20,sil
3.844946384429932,-18,-24,-19,-19,-8,-12,0,0,24,26,-20,-18,4,-3,sil
3.860182523727417,-16,-19,-22,-21,-7,-15,-6,-9,4,0,-17,-14,-2,-8,sil
3.860182523727417,1,-4,-3,-8,4,-12,-3,-1,-9,-12,8,5,10,-5,sil
3.8756513595581055,7,-2,0,-12,8,-22,-10,0,-23,-19,15,13,13,-10,sil
3.8756513595581055,12,5,3,-8,6,-17,-13,-9,-22,-15,18,16,11,-3,sil
3.8909177780151367,17,17,13,2,7,0,-9,-4,-19,-7,19,21,15,2,sil
3.8909177780151367,0,6,0,-1,4,0,-9,2,-33,-16,7,3,0,-11,sil
3.906940698623657,-6,1,0,-2,6,0,-9,0,-39,-20,3,-5,-15,-12,sil
3.906940698623657,6,15,9,15,14,14,0,0,-23,-1,6,-1,-7,2,sil
3.923011064529419,-3,7,-2,19,11,15,4,1,-10,3,-13,-16,-10,-1,sil
3.923011064529419,-19,-4,-7,6,4,11,6,6,3,3,-23,-26,-28,-3,sil
3.93904709815979,1,1,5,15,9,28,25,7,31,27,0,-2,-6,22,sil
3.93904709815979,19,3,15,24,12,30,35,8,43,43,5,6,17,31,sil
3.9544837474823,3,-11,-3,-1,-2,3,14,1,29,21,-22,-15,3,8,sil
3.9544837474823,-14,-23,-29,-35,-19,-15,-8,-9,13,-10,-37,-27,-14,-7,sil
3.970037937164306,-12,-15,-17,-34,-22,-18,-13,-4,9,-19,-20,-14,-6,-5,sil
3.970037937164306,6,0,0,-13,-15,-23,-10,4,9,-7,3,8,9,3,sil
3.985451698303223,15,5,6,-7,-10,-26,-20,0,0,-10,13,26,11,2,sil
3.985451698303223,2,7,4,-6,-13,-18,-20,-1,-10,-28,15,21,2,-11,sil
4.000690698623657,-1,12,8,5,-9,-7,-7,-4,-17,-29,20,11,-1,-16,sil
4.000690698623657,8,15,22,21,3,2,-4,-7,-21,-17,17,16,0,-6,sil
4.024280786514282,3,12,12,29,6,10,-9,-5,-23,-4,6,12,0,-5,sil
4.025281667709351,-10,6,2,22,1,12,-9,-4,-19,0,-1,-1,-13,-13,sil
4.025281667709351,-7,3,11,19,2,12,7,0,-3,11,0,-3,-11,-2,sil
4.032309532165527,6,2,14,24,10,12,28,5,17,30,9,1,13,18,sil
4.047367334365845,6,-1,3,12,7,8,24,9,20,34,9,5,24,20,sil
4.047367334365845,0,-11,-14,-7,-3,0,3,5,8,18,-1,2,9,8,sil
4.063267469406128,5,-13,-5,-9,0,-4,-1,0,0,8,3,8,9,11,sil
4.063267469406128,20,-2,7,0,10,-5,-1,0,2,1,21,22,19,17,sil
4.078306674957275,15,8,0,-5,3,-11,-16,0,3,-17,16,17,7,0,sil
4.078306674957275,0,10,2,-13,1,-10,-26,-2,-10,-27,-4,0,-17,-21,sil
4.094338178634644,-14,0,-5,-8,8,5,-4,-11,-20,-19,-20,-16,-30,-25,sil
4.094338178634644,-18,-12,-21,-2,0,12,16,-7,-8,-5,-28,-26,-28,-14,sil
4.110260963439941,-13,-12,-13,-5,-10,4,18,8,11,10,-22,-19,-9,0,sil
4.110260963439941,-8,-8,-9,-14,-7,0,18,10,26,21,-11,-10,5,14,sil
4.126373767852783,-12,-15,-14,-26,-3,3,11,4,28,17,-13,-14,8,16,sil
4.126373767852783,-9,-14,-18,-25,0,0,0,4,19,8,-7,-14,15,10,sil
4.142284870147705,0,0,-10,-15,0,-8,-8,-1,3,0,4,-3,15,0,sil
4.142284870147705,6,10,0,-18,-4,-12,-12,-6,-10,-8,6,1,1,-7,sil
4.15721869468689,2,14,-2,-11,0,-3,-11,0,-18,-5,8,-9,-5,-14,sil
4.15721869468689,-7,8,2,11,11,5,-7,4,-23,-1,6,-21,-14,-16,sil
4.1729583740234375,-15,-5,1,16,4,5,1,2,-18,-1,-15,-24,-24,-12,sil
4.1729583740234375,-10,-14,-5,0,-9,0,7,0,0,7,-24,-16,-11,-3,sil
4.1879870891571045,0,-7,1,-4,-4,-2,5,0,13,8,-2,0,10,3,sil
4.1879870891571045,8,4,11,0,3,-13,-4,-2,5,-7,14,19,17,2,sil
4.203338384628296,14,16,23,2,0,-15,-11,-3,-12,-13,24,30,11,-4,sil
4.203338384628296,18,25,25,22,3,4,0,0,-13,-6,28,23,0,-3,sil
4.219501733779907,15,24,17,43,14,20,12,-2,0,-2,13,17,-7,6,sil
4.219501733779907,8,9,15,27,5,14,10,-3,2,6,-3,19,-2,10,sil
4.235227823257446,7,-7,3,2,-7,2,4,-1,9,10,-4,7,5,9,sil
4.235227823257446,8,-11,-1,-5,-10,-6,0,4,16,-6,-1,0,8,9,sil
4.2509074211120605,7,-6,1,-14,-11,-12,-9,0,8,-19,1,13,7,3,sil
4.2509074211120605,6,2,5,-6,-4,-5,-11,-7,-5,-15,5,20,1,0,sil
4.266953945159912,10,19,10,25,9,7,-5,0,-5,-3,5,10,0,5,sil
4.266953945159912,1,12,1,35,9,8,0,1,-3,6,2,0,2,7,sil
4.282115459442139,-20,-15,-8,11,0,0,0,-8,-20,-3,-11,-6,-9,-5,sil
4.282115459442139,-25,-18,-8,5,0,10,7,-2,-25,-12,-18,-9,-20,-7,sil
4.298230886459351,-5,-4,-7,12,4,23,18,7,0,13,-5,-10,-7,8,sil
4.298230886459351,0,-5,0,-1,3,16,19,11,23,35,0,-13,6,10,sil
4.313656568527222,-5,-14,-7,-13,-2,0,9,5,25,23,-6,-16,6,4,sil
4.313656568527222,-1,-16,-16,-11,-9,-10,-3,-3,13,8,-6,-10,2,9,sil
4.329437255859375,0,-12,-16,-20,-8,-8,-6,0,9,4,-1,-10,1,5,sil
4.329437255859375,-10,-8,-20,-41,-8,-10,0,6,12,4,0,-12,6,-7,sil
4.345027446746826,-8,-5,-10,-44,-12,-17,-5,4,7,6,5,5,13,-4,sil
4.345027446746826,2,-2,-4,-24,-12,-20,-17,-1,-4,3,7,14,10,-1,sil
4.360433101654053,0,4,-3,-15,-5,-16,-19,-5,-16,-15,0,1,-2,-15,sil
4.360433101654053,-5,11,1,-17,1,-9,-11,-7,-19,-31,-6,-6,-10,-21,sil
4.376129150390625,5,14,5,-8,9,-2,-4,-8,-12,-21,1,3,-1,-11,sil
4.376129150390625,11,18,13,0,10,-1,-13,-5,-5,-8,19,14,6,-7,sil
4.391268491744995,1,17,4,-1,6,-9,-28,0,-5,-8,21,10,0,-10,sil
4.391268491744995,-6,5,-3,1,0,-15,-27,0,-13,-9,4,-2,-11,-11,sil
4.407293081283569,0,5,7,16,1,-8,-10,3,-16,-4,-2,-3,-10,-4,sil
4.407293081283569,9,14,15,32,11,6,14,9,-3,0,3,2,0,3,sil
4.422900676727295,10,9,11,27,14,14,24,7,3,1,-1,0,-1,3,sil
4.422900676727295,0,-3,0,15,2,13,18,-1,6,3,-17,-10,-12,0,sil
4.4382483959198,1,0,5,23,0,23,19,-3,16,10,-12,-9,-6,8,sil
4.4382483959198,17,11,21,33,13,39,33,6,15,15,5,6,5,23,sil
4.453908681869507,7,0,4,22,18,28,31,2,0,15,6,0,1,19,sil
4.468986749649048,-16,-17,-10,0,6,6,10,-6,-8,6,-8,-17,-11,1,sil
4.468986749649048,-19,-22,-12,-8,-8,7,5,-2,0,0,-19,-22,-9,0,sil
4.484243631362915,-6,-18,-10,-10,-7,12,15,3,16,11,-12,-13,3,8,sil
4.484243631362915,0,-7,-2,-2,3,12,19,4,37,27,1,2,11,15,sil
4.499509811401367,7,-2,-1,6,0,4,12,1,40,27,7,11,14,16,sil
4.499509811401367,5,-9,0,-2,-13,-11,-10,0,16,8,-6,4,11,8,sil
4.51540207862854,-2,-9,-3,-14,-11,-19,-24,-4,-7,-8,-15,4,6,0,sil
4.51540207862854,0,2,-4,-8,-11,-16,-15,-9,-19,-20,0,15,0,-4,sil
4.531424045562744,3,10,3,-6,-19,-19,-11,-6,-34,-33,-6,5,-16,-17,sil
4.531424045562744,-8,-3,-8,-19,-14,-21,-17,-2,-36,-38,-31,-12,-28,-27,sil
4.5471272468566895,-14,-18,-10,-25,-5,-15,-20,1,-18,-25,-11,-1,-10,-16,sil
4.5471272468566895,1,-7,3,-14,-4,-8,-15,4,0,-2,27,19,11,0,sil
4.5471272468566895,12,8,3,-5,-1,-4,-5,0,0,7,25,11,12,2,sil
4.561947584152222,4,11,5,-3,5,-3,-1,3,-2,6,12,2,9,2,sil
4.578013181686401,5,12,4,1,4,-9,-7,4,0,11,25,14,18,9,sil
4.578013181686401,15,11,5,2,-2,-15,-15,-1,-2,9,32,21,20,8,sil
4.593178033828735,6,7,5,2,-1,-8,-12,-1,-10,-2,15,9,10,-5,sil
4.593178033828735,-6,8,-4,9,4,0,-2,2,-3,-8,-1,1,-1,-10,sil
4.609345197677612,-4,11,-4,4,6,5,1,1,10,-4,-4,3,-11,-7,sil
4.609345197677612,-2,3,-3,-3,9,11,2,-2,16,2,0,-2,-8,-7,sil
4.624538421630859,-8,-7,-3,-2,10,9,3,0,12,9,1,-9,0,-1,goodbye
4.624538421630859,-7,-10,-5,-2,2,7,7,3,11,12,0,-10,3,9,goodbye
4.640002250671387,0,0,-4,2,0,7,8,0,13,9,-5,-12,4,11,goodbye
4.640002250671387,0,14,12,15,12,7,5,-6,0,-4,-10,-10,-3,0,goodbye
4.6555163860321045,-3,12,7,17,11,9,10,-5,-14,-16,-3,-7,-12,-5,goodbye
4.6555163860321045,5,0,-2,8,0,10,13,0,-11,-16,-2,-7,-12,-1,goodbye
4.671168088912964,19,0,11,13,-1,9,14,6,1,-4,-9,-2,-4,5,goodbye
4.671168088912964,8,5,10,18,1,8,14,2,7,11,-9,0,-3,4,goodbye
4.686344146728516,-7,2,1,12,7,8,3,-3,-1,7,-7,-4,-9,-4,goodbye
4.686344146728516,0,3,2,16,10,9,0,-1,-7,3,-2,0,0,-3,goodbye
4.701963663101196,7,3,4,20,5,8,7,3,0,19,2,1,4,5,goodbye
4.701963663101196,-6,-8,-4,3,-5,0,0,2,0,15,-5,-13,-12,0,goodbye
4.718040943145752,-16,-20,-16,-14,-15,-9,-11,-1,-9,-12,-21,-22,-23,-9,goodbye
4.718040943145752,-9,-17,-6,-19,-20,-14,-8,-2,-13,-16,-19,-11,-9,-8,goodbye
4.734130620956421,-1,-12,-4,-20,-17,-9,-3,-3,-6,0,-4,-3,0,-6,goodbye
4.734130620956421,-10,-18,-16,-32,-11,-9,-5,-1,-4,-2,-7,-9,-7,-8,goodbye
4.7492406368255615,-24,-33,-22,-64,-13,-12,-3,3,0,-10,-15,-13,-7,-6,goodbye
4.7492406368255615,-13,-25,-16,-64,-10,-1,2,1,7,5,2,-2,11,2,goodbye
4.7652268409729,15,12,11,-5,10,12,6,1,9,23,26,27,27,20,goodbye
4.7652268409729,18,23,16,26,22,3,9,7,13,19,26,37,27,26,goodbye
4.780442953109741,-2,0,-1,2,2,-11,1,0,13,2,16,15,17,7,goodbye
4.780442953109741,-1,0,4,3,-14,-9,-11,-5,4,-11,-2,0,5,-6,goodbye
4.795515298843384,14,15,11,36,-7,-4,-12,-3,3,-18,-18,1,2,0,goodbye
4.795515298843384,14,17,12,38,2,1,-2,3,10,-2,4,20,15,10,goodbye
4.810708045959473,10,20,16,27,13,17,12,10,20,27,42,35,28,21,goodbye
4.810708045959473,12,17,12,19,20,11,12,9,19,25,36,24,20,15,goodbye
4.826380968093872,6,1,0,1,5,-12,-11,1,0,-7,5,4,-1,-5,goodbye
4.826380968093872,1,-6,-13,-5,-5,-16,-17,-6,-15,-23,-1,0,-10,-9,goodbye
4.8421056270599365,5,0,0,1,6,1,0,-4,-12,-17,0,-2,-10,-1,goodbye
4.8421056270599365,9,10,10,8,10,3,0,-3,-13,-10,-5,-8,-6,-3,goodbye
4.857657194137573,8,8,0,4,-6,-8,-14,-12,-16,-8,-2,-3,-5,-6,goodbye
4.857657194137573,0,0,0,-5,-13,-7,-20,-9,-10,-11,-4,0,-16,-10,goodbye
4.873287677764893,-12,-4,0,-10,-2,2,-12,-4,-10,-12,-16,-14,-23,-17,goodbye
4.873287677764893,-16,-1,-4,-8,2,4,-5,-4,-19,-9,-16,-22,-18,-19,goodbye
4.889339208602905,-13,0,-9,-12,-2,4,2,2,-11,-5,-4,-15,-9,-16,goodbye
4.889339208602905,-11,-5,-17,-15,-8,0,9,1,2,-2,-8,-20,-12,-14,goodbye
4.905200958251953,-11,-11,-8,-9,-6,-1,8,-5,0,-8,-23,-27,-22,-11,goodbye
4.905200958251953,-8,-5,-1,-2,0,1,15,3,4,4,-12,-16,-11,-1,goodbye
4.92065691947937,-3,0,0,-3,7,0,18,14,15,27,10,1,10,7,goodbye
4.92065691947937,-1,-1,-2,-3,4,0,9,8,7,16,3,1,9,8,goodbye
4.936527013778687,-2,-5,-5,5,-4,5,8,0,0,-1,-7,0,5,6,goodbye
4.936527013778687,-4,-6,0,4,-7,3,7,0,6,4,2,2,11,4,goodbye
4.952198266983032,-2,-9,2,-1,-7,0,0,0,0,6,-2,1,0,0,goodbye
4.952198266983032,6,-5,6,7,-1,2,-3,0,-14,-5,-16,4,-10,4,goodbye
4.967729568481445,11,4,12,19,11,4,0,0,-9,1,8,19,10,15,goodbye
4.967729568481445,9,8,7,16,18,4,3,0,0,21,37,18,22,17,goodbye
4.982666254043579,5,5,8,10,14,11,2,1,-6,19,15,2,1,8,goodbye
4.982666254043579,5,4,0,7,6,14,2,0,-9,0,-10,-3,-5,3,goodbye
4.99919867515564,14,9,2,6,2,8,0,-1,7,0,0,7,9,10,goodbye
4.99919867515564,20,10,14,5,2,3,0,5,27,24,22,19,24,21,goodbye
5.014401197433472,1,-2,3,-1,0,-2,-4,3,27,23,18,7,20,12,goodbye
5.014401197433472,-14,-7,-4,-10,-2,-6,-8,-2,15,6,0,-2,9,-4,goodbye
5.029958009719849,-3,0,-2,-5,-2,-3,0,-1,8,4,-3,-2,3,-6,goodbye
5.029958009719849,-2,-4,-7,-4,-5,-7,-2,-2,-1,-5,-6,-7,-5,-6,goodbye
5.045520305633545,-19,-12,-6,-14,-9,-14,-9,-4,-7,-23,-15,-9,-13,-12,goodbye
5.045520305633545,-15,-11,-10,-18,-17,-18,-7,-4,0,-19,-18,-5,-10,-6,goodbye
5.061574459075928,-4,-10,-9,-20,-24,-15,-8,-2,0,-16,-24,-12,-17,-5,goodbye
5.061574459075928,-5,-11,-16,-23,-17,-9,-5,-2,0,-17,-25,-20,-19,-16,goodbye
5.077183961868286,-1,-10,-16,-23,-5,-10,0,0,7,-14,1,1,4,-12,goodbye
5.077183961868286,8,-2,-1,-23,-5,-11,-4,1,0,-24,18,19,11,-11,goodbye
5.092497825622559,8,9,0,-14,-2,-3,0,0,-19,-34,-1,1,-9,-21,goodbye
5.092497825622559,4,15,4,0,9,3,8,2,-25,-24,-3,0,-13,-12,goodbye
5.108112096786499,8,16,12,9,14,9,5,7,-12,-9,21,20,2,5,goodbye
5.108112096786499,16,17,12,14,15,13,1,1,2,-3,21,17,11,8,goodbye
5.123361587524414,17,23,23,24,19,10,4,0,3,1,4,5,5,11,goodbye
5.139476537704468,10,23,19,35,16,4,8,0,0,7,2,7,0,13,goodbye
5.1399986743927,5,15,14,37,8,0,0,-2,-7,3,3,4,-3,4,goodbye
5.1399986743927,3,10,14,33,10,1,-14,-1,-15,1,4,0,-3,4,goodbye
5.155569314956665,-4,4,4,27,12,8,-11,-2,-12,10,1,-3,-8,7,goodbye
5.155569314956665,-18,-9,-4,17,0,7,-2,-3,-6,13,-13,-17,-12,-2,goodbye
5.171332359313965,-20,-19,-16,5,-7,2,4,-6,-2,18,-12,-25,-5,-4,goodbye
5.171332359313965,-19,-21,-14,-3,0,12,17,-2,4,36,-5,-22,-3,0,goodbye
5.186381578445435,-26,-28,-12,-12,-3,17,21,5,9,43,-17,-30,-10,-7,goodbye
5.186381578445435,-25,-30,-21,-19,-15,0,6,3,11,39,-17,-31,-3,-9,goodbye
5.202909469604492,1,-7,-6,-12,-10,-2,0,3,19,40,12,7,20,10,goodbye
5.202909469604492,26,11,7,3,2,9,7,7,26,35,36,36,37,27,goodbye
5.217929124832153,17,5,2,-2,0,2,0,5,18,15,23,20,29,22,goodbye
5.217929124832153,3,-3,-5,-19,-11,-12,-2,5,12,1,0,5,14,8,goodbye
5.234974384307861,5,-4,-5,-21,-13,-15,-2,0,7,-13,-2,11,5,0,goodbye
5.234974384307861,4,-6,-1,-25,-15,-13,-14,-5,-10,-36,-5,10,-2,-4,goodbye
5.2501325607299805,0,-6,-5,-31,-12,-10,-14,0,-19,-43,-12,-1,-5,-8,goodbye
5.2501325607299805,2,-1,-1,-26,-5,-10,-3,1,-4,-33,-2,1,-1,-11,goodbye
5.264179468154907,3,1,6,-15,-5,-12,-9,-5,1,-30,1,10,-5,-12,goodbye
5.279195308685303,5,7,5,-3,0,-8,-9,-6,-12,-39,-4,9,-10,-8,goodbye
5.279195308685303,13,21,20,13,14,-4,0,0,-20,-41,3,11,-6,-3,goodbye
5.29489803314209,13,27,22,22,18,-1,0,-7,-12,-26,10,12,-10,-4,goodbye
5.29489803314209,0,18,6,24,11,7,-3,-13,-11,-10,-5,-2,-21,-7,goodbye
5.310119867324829,-17,7,-1,32,17,21,7,0,-15,-4,-17,-19,-21,-12,goodbye
5.310119867324829,-28,-5,-12,24,22,23,19,11,0,1,-21,-31,-15,-10,goodbye
5.325537443161011,-14,-20,-10,-2,7,17,18,6,21,16,-26,-28,-10,1,goodbye
5.325537443161011,3,-15,-7,-13,-5,6,11,0,25,23,-13,-8,0,13,goodbye
5.341556787490845,4,-2,-8,-1,-4,-13,-4,1,13,6,4,8,9,7,goodbye
5.341556787490845,3,2,-4,0,-2,-22,-14,3,8,5,16,13,14,0,goodbye
5.356767892837524,12,9,3,-3,-8,-12,-3,-1,12,27,27,11,16,5,goodbye
5.356767892837524,6,14,13,5,-9,-5,0,-3,0,23,19,3,6,4,goodbye
5.372133731842041,-2,4,6,22,5,0,-2,1,-12,8,0,-9,1,-2,goodbye
5.372133731842041,0,-8,-10,16,14,11,4,2,-1,21,-1,-13,10,2,goodbye
5.387654781341553,-6,-16,-13,-8,0,15,12,0,4,23,-2,-10,5,9,goodbye
5.387654781341553,-15,-22,-17,-20,-18,6,6,-3,-3,4,-21,-12,-4,9,goodbye
5.403364181518555,-3,-17,-8,-18,-23,-4,-12,-1,-4,-6,-20,-4,1,6,goodbye
5.403364181518555,8,-9,0,-25,-20,-13,-24,2,-3,-12,10,15,12,2,goodbye
5.419336080551148,8,0,0,-21,-9,-12,-16,1,-7,-8,32,26,14,-3,goodbye
5.419336080551148,15,20,20,4,6,-3,-7,1,-1,3,30,29,12,-2,goodbye
5.434369325637817,20,30,29,27,13,0,-6,1,2,3,29,27,10,0,goodbye
5.434369325637817,10,23,19,22,13,-1,-7,1,-3,-6,29,22,0,0,goodbye
5.450130701065064,-3,18,5,8,14,5,-1,2,-5,-9,16,9,-8,-2,goodbye
5.450130701065064,-11,8,-1,7,12,16,11,-1,-4,-9,-7,-10,-19,-8,goodbye
5.465011358261108,-10,0,5,19,7,16,18,-3,-14,-5,-18,-18,-25,-10,goodbye
5.465011358261108,-7,0,2,21,0,10,15,0,-17,2,-14,-13,-17,-5,goodbye
5.480303525924683,-13,-4,-6,8,0,6,6,-4,-9,-2,-26,-24,-17,-8,goodbye
5.480303525924683,-18,-14,-10,1,4,6,8,-3,2,-7,-39,-41,-25,-14,goodbye
5.495724439620972,-11,-19,-14,-7,-3,7,19,1,16,7,-26,-29,-11,-1,goodbye
5.495724439620972,-5,-21,-13,-26,-13,2,15,4,21,14,-16,-8,6,12,goodbye
5.511305093765259,-8,-23,-17,-29,-6,-1,10,0,18,-4,-27,-10,0,5,sil
5.511305093765259,-11,-25,-13,-27,-1,-5,6,0,14,-12,-28,-10,-2,-5,sil
5.526925563812256,-2,-21,-5,-30,-9,-13,-2,2,17,6,-1,10,17,5,sil
5.526925563812256,18,-4,-1,-18,-12,-20,-10,2,21,12,27,30,35,25,sil
5.542992353439331,29,7,8,0,-6,-18,-11,1,13,-4,29,31,28,24,sil
5.542992353439331,16,7,2,0,0,-16,-13,-2,0,-6,18,21,17,5,sil
5.559213876724243,3,10,-3,0,4,-16,-16,-8,-13,-3,16,12,11,-5,sil
5.559213876724243,7,13,2,-2,-1,-10,-15,-7,-20,-11,16,9,2,-6,sil
5.57429838180542,13,14,7,0,-8,-13,-14,-3,-18,-10,8,9,-4,-6,sil
5.57429838180542,12,24,23,9,4,-13,-18,0,-17,-6,3,8,0,-9,sil
5.590217351913452,10,29,17,20,17,2,-12,0,-16,-7,10,9,4,-6,sil
5.590217351913452,8,22,8,23,14,15,-1,3,-3,-1,22,12,-1,2,sil
5.606308460235596,1,16,17,26,7,14,-3,7,-3,1,12,2,-18,-1,sil
5.606308460235596,-10,2,0,14,3,11,-4,0,-25,-8,-13,-22,-28,-18,sil
5.622373342514038,-13,-2,-9,4,8,18,3,-3,-27,-6,-13,-18,-18,-10,sil
5.622373342514038,-4,7,2,20,16,29,15,0,0,9,9,-2,-3,9,sil
5.637941360473633,-4,1,2,27,6,25,15,2,8,17,4,-12,-3,4,sil
5.637941360473633,-11,-12,-8,4,-5,19,17,7,7,20,-9,-15,-2,-1,sil
5.653529405593872,-9,-18,-16,-11,-6,17,26,4,27,27,-7,-9,2,6,sil
5.653529405593872,-12,-24,-8,-20,-11,4,20,0,37,19,-14,-20,3,4,sil
5.669080257415772,-20,-28,-9,-23,-20,-12,4,3,14,3,-26,-29,0,-8,sil
5.669080257415772,-16,-22,-17,-14,-16,-14,-1,0,-6,-1,-23,-17,-9,-10,sil
5.684481382369995,-7,-11,-7,-9,-8,-7,-1,-4,1,1,-19,-3,-13,0,sil
5.684481382369995,-6,-7,-1,-15,-4,-11,0,-1,14,1,-13,1,3,7,sil
5.700544595718384,-4,-10,-5,-16,0,-16,-4,0,1,-8,-2,8,13,5,sil
5.700544595718384,3,-8,-7,-9,3,-10,-4,-4,-1,-11,4,13,9,1,sil
5.715359687805176,11,0,-4,-4,3,-10,0,-5,11,-3,10,17,9,5,sil
5.715359687805176,12,14,8,-6,3,-17,-3,-2,6,-7,18,20,13,3,sil
5.730493068695068,8,19,9,0,1,-13,-9,-5,-11,-17,19,16,11,-1,sil
5.730493068695068,10,13,10,8,1,-6,-10,-2,-13,-15,14,18,4,2,sil
5.746192932128906,18,10,16,9,5,-1,-7,8,-7,-4,19,24,0,6,sil
5.746192932128906,20,15,16,11,4,0,-5,5,-6,0,19,10,0,-1,sil
5.7630815505981445,16,17,17,19,2,0,-8,-1,-10,-4,5,0,-4,-6,sil
5.7630815505981445,16,12,9,21,8,5,-9,0,-6,0,5,7,-1,3,sil
5.777159929275513,13,10,8,15,11,17,-2,3,0,10,17,12,7,11,sil
5.777159929275513,2,10,10,16,9,17,13,3,0,14,5,0,1,7,sil
5.793678283691406,-3,-2,1,13,6,11,23,0,-3,10,-19,-13,-6,4,sil
5.793678283691406,-16,-19,-8,-5,-2,10,15,-3,-2,1,-35,-23,-11,-1,sil
5.809479236602783,-31,-30,-26,-24,-16,6,3,-3,3,0,-37,-35,-15,-9,sil
5.823967933654785,-25,-31,-24,-32,-21,-4,-4,0,10,0,-23,-25,-7,-7,sil
5.823967933654785,-4,-14,-7,-29,-17,-15,-16,0,6,-5,0,3,6,-5,sil
5.823967933654785,0,5,-6,-20,-9,-17,-23,-2,-8,-18,11,16,5,-11,sil
5.839342355728149,0,9,-3,-14,-3,-12,-24,-6,-14,-27,8,8,-4,-13,sil
5.855004549026489,6,8,-1,0,3,-6,-14,-1,-4,-11,10,0,-2,-8,sil
5.855004549026489,5,16,1,16,12,0,0,2,-3,4,8,-7,-3,-5,sil
5.870335102081299,-3,22,6,18,10,11,5,1,-11,0,-2,-10,-10,-6,sil
5.870335102081299,-3,13,2,14,7,16,11,0,0,-2,-5,-6,-9,-5,sil
5.886371612548828,0,4,4,17,18,20,24,5,12,14,1,-1,0,0,sil
5.886371612548828,-4,0,5,20,19,22,31,10,12,28,5,-2,10,11,sil
5.901389837265015,-5,-6,1,15,1,14,21,3,8,22,0,-6,8,12,sil
5.901389837265015,-8,-17,-2,0,-7,0,9,0,9,13,-13,-8,-4,2,sil
5.9170567989349365,-13,-20,-12,-12,-8,-7,7,2,13,11,-18,-8,-5,3,sil
5.9170567989349365,-6,-16,-6,-12,-10,-6,6,2,14,10,-8,0,3,14,sil
5.932016134262085,1,-18,-7,-8,-8,-5,3,0,11,12,0,1,8,13,sil
5.932016134262085,0,-18,-14,-11,-9,-11,-7,-1,7,9,2,0,7,6,sil
5.947165966033936,7,-4,0,-10,-12,-16,-13,0,0,-4,10,9,3,4,sil
5.947165966033936,19,2,6,-4,-6,-14,-12,-1,-4,-16,20,21,3,6,sil
5.962352752685547,19,2,5,-7,1,-9,-16,-3,-4,-18,21,24,7,0,sil
5.962352752685547,14,13,10,-6,0,-7,-18,-2,-9,-16,21,23,11,-5,sil
5.978254556655884,14,24,19,2,3,-7,-16,-4,-8,-7,23,25,12,-1,sil
5.978254556655884,15,25,23,10,9,-6,-14,-1,0,-9,20,23,3,2,sil
5.993292570114136,12,26,11,17,8,-8,-11,-3,-6,-19,10,13,-5,-1,sil
5.993292570114136,0,24,8,21,8,-6,-7,-4,-25,-19,1,1,-7,-9,sil
6.009396076202393,-10,12,8,17,8,4,-2,0,-25,-3,-9,-9,-2,-7,sil
6.009396076202393,-6,1,0,11,1,9,1,-3,-16,-1,-20,-19,-5,-2,sil
6.03099536895752,-5,-10,-4,4,-7,7,1,-2,-15,-8,-23,-16,-13,-1,sil
6.031998157501221,-13,-24,-13,-4,-8,17,8,2,-2,1,-29,-16,-16,-6,sil
6.031998157501221,-16,-19,-12,-6,1,23,16,1,16,15,-35,-24,-11,-6,sil
6.0410895347595215,-11,-5,-3,1,7,17,24,1,23,14,-16,-19,0,1,sil
6.056306600570679,-9,-14,-12,-6,0,8,24,7,25,10,1,-7,5,2,sil
6.056306600570679,-10,-22,-18,-24,-5,6,9,4,24,6,-5,-8,0,-4,sil
6.072261571884155,-7,-13,-16,-20,-3,2,-1,-2,15,8,-13,-13,-3,-1,sil
6.072261571884155,-3,-8,-4,-10,-5,-9,0,0,8,12,-4,-6,1,5,sil
6.088068962097168,2,-3,-1,-14,-6,-14,-3,7,9,9,6,1,7,0,sil
6.088068962097168,8,10,-8,-14,0,-6,-10,0,0,-1,12,1,5,-10,sil
6.103309154510498,6,18,1,-6,5,-3,-13,-2,-17,-11,12,6,-1,-11,sil
6.103309154510498,2,15,8,5,9,-4,-1,4,-14,-6,9,3,-3,-5,sil
6.119284629821777,0,6,3,12,5,0,7,1,-6,1,0,-5,-7,-5,sil
6.119284629821777,-1,0,-2,13,-1,4,2,-7,-12,-1,-4,-7,-11,-5,sil
6.134371995925903,0,5,2,17,0,2,0,-4,-8,0,10,4,2,9,sil
6.134371995925903,5,7,16,20,3,5,7,4,0,18,15,15,12,25,sil
6.149974822998047,5,-7,7,6,-1,4,8,0,0,21,0,12,7,24,sil
6.149974822998047,2,-16,-5,-11,-5,-3,0,-8,4,4,4,8,16,16,sil
6.165040016174316,2,-5,0,-15,-3,-9,-9,1,16,1,20,16,30,11,sil
6.165040016174316,7,0,0,-15,-5,-17,-13,4,8,-3,16,18,16,2,sil
6.180311679840088,13,5,1,-17,-4,-23,-11,-3,-7,-25,9,10,0,-3,sil
6.180311679840088,7,9,4,-6,1,-11,0,0,-2,-22,8,5,0,-5,sil
6.195919990539551,-4,7,3,11,1,0,0,1,0,-13,-4,1,-13,-12,sil
6.195919990539551,-5,9,11,19,1,3,-8,-3,-21,-31,-20,-4,-30,-19,sil
6.211081027984619,0,2,8,18,2,5,0,-1,-28,-24,-16,-10,-22,-10,sil
6.226588010787964,-5,-9,4,14,0,13,7,5,-7,7,-5,-8,-5,2,sil
6.226588010787964,-9,-5,0,14,0,15,8,2,7,13,-5,-9,-3,4,sil
6.226588010787964,-3,-1,-3,14,4,9,7,0,11,9,-11,-10,-2,5,sil
6.242078065872192,0,-12,-1,3,-1,7,2,3,19,17,-9,-2,5,8,sil
6.2577064037323,-3,-14,-10,-6,-8,5,1,0,24,17,-3,-4,7,3,sil
6.2577064037323,-6,0,-10,-7,-4,-5,-4,-4,8,0,1,-3,5,-7,sil
6.2577064037323,-1,6,-2,-8,-2,-16,-18,-3,-5,-5,12,15,11,-9,sil
6.274234771728516,8,10,2,-4,0,-12,-20,-3,2,7,24,29,17,0,sil
6.274234771728516,22,23,15,9,3,-4,-9,0,6,9,24,25,11,5,sil
6.289301633834839,30,26,18,14,8,-3,-2,2,-6,-2,19,19,2,2,sil
6.289301633834839,14,15,8,1,11,-3,-4,-2,-22,-11,7,4,-8,-7,sil
6.30570912361145,-17,6,-7,-2,4,6,0,-6,-30,-12,-16,-25,-25,-19,sil
6.30570912361145,-35,-6,-19,0,-4,22,16,-5,-28,-11,-43,-47,-31,-25,sil
6.320343255996704,-29,-18,-15,-6,-1,21,22,1,-13,0,-51,-43,-25,-14,sil
6.320343255996704,-16,-22,-12,-12,1,9,20,2,1,13,-39,-30,-15,-1,sil
6.3359973430633545,-4,-19,-6,-13,5,11,25,4,20,24,-17,-18,0,13,sil
6.351926326751709,6,-16,-4,-16,9,18,32,14,47,34,-2,-1,19,31,sil
6.351926326751709,7,-18,-13,-21,0,-6,16,10,44,19,0,2,22,28,sil
6.366940975189209,0,-17,-12,-34,-17,-27,-6,-1,11,-5,6,0,13,7,sil
6.366940975189209,-1,-12,-14,-35,-13,-17,-10,0,4,-9,20,4,15,1,sil
6.382978439331055,2,-8,-7,-15,-4,-14,-17,1,8,-6,20,13,12,4,sil
6.382978439331055,9,1,2,1,0,-17,-26,0,4,-2,24,11,10,2,sil
6.382978439331055,10,18,5,4,3,-4,-17,0,8,8,46,13,21,3,sil
6.400113344192505,5,25,25,9,4,1,-10,1,0,-4,44,24,17,0,sil
6.400113344192505,10,20,27,26,7,-6,-10,-5,-23,-30,17,20,0,-10,sil
6.414145231246948,9,16,17,34,7,-6,-8,-7,-27,-27,2,13,-7,-12,sil
6.43044900894165,-5,12,18,30,-5,6,-4,-4,-22,-10,-7,12,-11,-7,sil
6.43044900894165,-9,3,5,24,-15,9,1,-8,-26,-4,-15,6,-14,0,sil
6.447442531585693,0,-4,-1,14,-10,0,2,-1,-17,0,-13,3,-8,7,sil
6.447442531585693,4,-5,-3,9,-8,0,2,4,2,7,-19,2,-2,7,sil
6.462026119232178,9,-2,-1,6,-5,6,8,1,7,11,-23,1,0,0,sil
6.462026119232178,12,0,2,-3,0,1,2,0,1,0,-7,7,0,-1,sil
6.477642774581909,7,0,-6,-11,0,-9,-13,-4,-4,-12,7,8,-3,-5,sil
6.477642774581909,0,5,-6,-8,2,-14,-17,-9,-18,-17,3,0,-13,-15,sil
6.492697477340698,-8,12,0,-3,3,-10,-12,-2,-28,-21,-6,-12,-23,-22,sil
6.492697477340698,-13,9,3,2,4,2,-9,3,-16,-16,-5,-16,-21,-15,sil
6.508317947387695,-9,6,8,16,22,24,13,8,4,6,4,-4,-9,-1,sil
6.508317947387695,-4,8,4,30,32,31,33,10,24,33,9,-3,2,7,sil
6.523376226425171,-6,5,1,25,16,23,20,5,30,41,1,-17,9,8,sil
6.523376226425171,-16,-8,-6,0,1,15,8,0,22,30,-7,-27,4,4,sil
6.539473056793213,-15,-24,-13,-24,0,6,14,-1,15,15,-7,-19,0,5,sil
6.539473056793213,1,-21,-5,-23,-4,0,12,5,26,14,0,-5,11,15,sil
6.554894924163818,11,-7,-5,-9,-9,-3,5,3,33,15,0,-4,18,15,sil
6.554894924163818,4,-9,-6,-18,-7,-12,6,-1,17,0,-13,-11,3,3,sil
6.570316791534424,-3,-18,-8,-28,-9,-14,7,-2,-4,-14,-13,-10,-2,0,sil
6.570316791534424,0,-12,-10,-15,-13,-11,-3,-1,-20,-17,-3,1,0,4,sil
6.586071491241455,4,-5,-1,-4,-14,-14,-16,0,-23,-14,-6,3,-2,-2,sil
6.586071491241455,-3,-6,-7,-14,-12,-13,-9,-2,-12,-10,-9,0,2,-11,sil
6.60119104385376,0,-1,-3,-17,-3,-3,0,0,0,-7,2,8,16,-1,sil
6.60119104385376,23,12,9,0,9,3,-7,2,10,6,21,27,26,12,sil
6.617285490036011,25,16,5,7,8,-2,-19,2,10,13,27,25,19,14,sil
6.617285490036011,5,14,1,0,-1,-9,-15,0,-2,-1,14,15,3,6,sil
6.633370876312256,5,9,1,0,-4,-6,-3,-1,-8,-9,8,19,6,3,sil
6.633370876312256,5,0,2,0,-4,-7,-5,-5,-6,-1,15,23,5,-1,sil
6.649584531784058,-5,0,1,0,-1,-12,-9,-1,-8,-1,14,12,-6,-7,sil
6.649584531784058,-3,12,6,15,1,-9,-3,-1,-10,-3,7,6,-6,-10,sil
6.664892673492432,-3,10,9,9,-5,-3,-7,-4,-14,-11,-5,0,-12,-18,sil
6.664892673492432,-15,-3,-3,-4,-9,-1,-10,0,-19,-23,-24,-18,-25,-19,sil
6.680995225906372,-11,1,2,14,9,5,0,4,-10,-11,-14,-14,-12,-5,sil
6.680995225906372,-2,10,16,28,16,8,1,3,1,7,9,-1,1,0,sil
6.697051048278809,-14,-7,-2,0,0,3,2,-1,-4,4,-4,-20,-15,-9,sil
6.697051048278809,-23,-16,-8,-16,-2,17,19,0,-15,-12,-22,-35,-30,-16,sil
6.7130959033966064,-9,1,0,2,10,36,33,5,3,-18,-10,-15,-15,-7,sil
6.7130959033966064,3,4,-1,11,12,23,20,2,26,-6,-5,-2,-4,0,sil
6.729147672653198,2,-6,-4,1,-1,3,1,-2,8,10,-14,-6,-7,0,sil
6.729147672653198,3,0,-2,6,-4,0,-6,-7,-14,5,-11,0,-4,2,sil
6.744959592819214,16,16,9,23,10,3,-2,-3,0,0,1,13,4,13,sil
6.744959592819214,26,15,16,25,13,11,5,2,25,23,21,19,22,20,sil
6.760146379470825,21,3,13,13,1,10,5,6,24,37,27,19,31,25,goodbye
6.760146379470825,9,-1,0,3,0,-1,-3,6,9,14,13,10,15,23,goodbye
6.776255369186401,3,-6,-11,-1,0,-14,-8,0,4,0,5,-3,5,10,goodbye
6.776255369186401,1,-3,-1,0,-3,-14,-4,-4,5,8,3,-4,12,2,goodbye
6.791898488998413,-1,-5,-2,0,-1,-10,-2,-3,-3,5,0,0,8,0,goodbye
6.791898488998413,-14,-22,-20,-23,-6,-17,-10,-5,-21,-10,-7,-15,-10,-8,goodbye
6.807977437973023,-32,-26,-21,-43,-16,-19,-15,-3,-21,-13,-24,-28,-20,-12,goodbye
6.807977437973023,-26,-10,-11,-24,-6,-7,-1,1,-1,-1,-27,-22,-12,-4,goodbye
6.82305383682251,-6,-2,0,-8,1,1,10,6,18,8,-1,-5,1,-2,goodbye
6.82305383682251,-3,-9,-6,-22,-3,5,11,5,26,11,12,2,7,-4,goodbye
6.838231325149536,-3,-3,-9,-24,-4,4,12,4,13,9,0,3,7,1,goodbye
6.838231325149536,9,13,8,1,-1,3,17,6,10,10,0,11,14,10,goodbye
6.854943752288818,19,12,12,6,-4,2,17,1,19,12,9,16,20,7,goodbye
6.854943752288818,11,0,3,-9,-5,0,1,-5,0,-5,-7,12,2,-6,goodbye
6.870081186294556,5,3,0,-7,-4,-1,-15,-4,-27,-24,-16,12,-11,-12,goodbye
6.870081186294556,4,12,5,1,-6,-8,-19,-1,-25,-20,7,22,-4,-7,goodbye
6.885621786117554,3,10,7,1,-6,-14,-14,-1,-18,-12,25,26,4,-6,goodbye
6.885621786117554,10,10,8,12,-2,-12,-12,-3,-13,-13,19,20,2,0,goodbye
6.900810956954956,15,11,16,24,1,-2,-11,-3,-3,-10,17,14,0,6,goodbye
6.900810956954956,3,5,7,14,13,8,-9,-4,-4,-5,10,-1,-8,0,goodbye
6.9159770011901855,-8,2,-7,5,25,11,-6,-4,-8,-15,-3,-21,-18,-12,goodbye
6.9159770011901855,-5,8,4,19,15,7,-2,0,1,-24,-2,-16,-9,-3,goodbye
6.931928396224976,0,8,10,30,-2,3,-5,4,4,-14,1,-4,1,3,goodbye
6.931928396224976,0,0,2,16,0,0,-4,1,-6,-2,-6,-4,-6,-1,goodbye
6.9470696449279785,-4,-2,-1,3,6,0,1,-1,-9,-1,-7,-11,-14,-4,goodbye
6.9470696449279785,-5,2,5,15,0,4,-1,-3,-9,-4,-6,-16,-11,-7,goodbye
6.962267160415649,-6,0,3,17,-6,5,1,-1,-9,0,-13,-15,-6,-5,goodbye
6.962267160415649,-7,-13,-13,-7,-1,9,21,5,5,25,-5,-6,7,12,goodbye
6.978273391723633,-9,-18,-13,-18,5,11,28,10,22,39,5,-2,15,17,goodbye
6.978273391723633,-11,-8,-7,-6,3,8,21,5,16,28,-9,-19,3,-1,goodbye
6.994134426116943,-8,-8,-13,-4,1,11,29,1,12,26,-24,-26,-6,-1,goodbye
6.994134426116943,-5,-10,-11,-11,5,17,32,0,14,32,-11,-6,0,13,goodbye
7.009289741516113,-3,-4,-9,-12,0,-1,9,-2,12,12,0,0,8,9,goodbye
7.009289741516113,-2,-10,-12,-30,-11,-25,-12,-1,11,-4,-14,-9,5,1,goodbye
7.024967670440674,-5,-22,-15,-44,-10,-16,-8,4,11,0,-17,-5,-1,3,goodbye
7.024967670440674,-1,-11,-6,-22,-6,-4,-1,0,0,-3,0,9,0,1,goodbye
7.040530204772949,11,6,11,2,-10,-8,-13,-3,-6,-12,3,18,1,-1,goodbye
7.040530204772949,17,7,8,0,-7,-10,-23,-2,0,-4,4,19,2,-1,goodbye
7.056410551071167,13,7,6,-3,0,-15,-26,-4,1,-5,24,25,15,-2,goodbye
7.056410551071167,9,12,13,8,-4,-19,-27,-5,-6,-20,36,28,17,-7,goodbye
7.071275234222412,6,15,17,12,-9,-8,-20,-1,-13,-23,31,23,3,-12,goodbye
7.071275234222412,11,27,22,19,6,1,-6,0,-17,-16,36,25,0,-6,goodbye
7.087381362915039,9,27,14,27,20,3,-8,-2,-21,-12,26,18,-1,-4,goodbye
7.087381362915039,-12,3,2,16,6,10,-9,0,-25,-16,-12,-10,-21,-16,goodbye
7.103044509887695,-24,-6,-6,8,-1,22,9,6,-9,-7,-35,-30,-24,-11,goodbye
7.103044509887695,-6,0,-2,14,11,18,23,4,21,17,-19,-16,0,15,goodbye
7.119133710861206,6,-1,2,4,12,10,17,2,27,25,-3,-3,11,26,goodbye
7.119133710861206,7,-7,-7,-3,-8,11,19,0,17,9,-10,-7,7,18,goodbye
7.134385347366333,17,-5,0,3,-10,5,23,0,19,8,-13,0,7,17,goodbye
7.134385347366333,13,-5,1,0,0,-4,8,-2,12,14,0,5,8,7,goodbye
7.150038480758667,-7,-16,-18,-23,-5,-17,-15,-10,-20,-7,1,-9,-4,-13,goodbye
7.150038480758667,-7,-11,-5,-23,-13,-20,-22,-6,-34,-24,-3,-7,-12,-16,goodbye
7.165204763412476,11,7,8,1,2,-8,-6,6,-7,-2,19,12,2,-4,goodbye
7.165204763412476,16,12,10,5,12,-1,0,8,2,-1,31,12,6,0,goodbye
7.181311130523682,2,8,9,0,0,-4,2,1,-12,-19,2,-5,-7,-7,goodbye
7.181311130523682,-8,8,1,12,-5,6,12,1,-13,-4,-13,-13,-10,-8,goodbye
7.196329832077026,-15,0,-1,16,5,24,18,4,-1,22,-15,-12,-6,-1,goodbye
7.196329832077026,-25,-15,-22,8,4,15,10,-4,-1,18,-26,-21,-9,-4,goodbye
7.212032079696655,-30,-20,-20,-9,-3,0,-3,-8,-7,0,-22,-23,-3,-9,goodbye
7.212032079696655,-19,-8,-1,-11,3,0,-5,0,1,1,-8,-5,2,-1,goodbye
7.229108572006226,0,0,-10,5,8,1,4,3,24,15,-9,-1,5,9,goodbye
7.229108572006226,7,-3,-2,-6,1,-1,9,4,33,18,-8,2,10,16,goodbye
7.242929697036743,0,-17,-4,-42,-5,0,6,4,32,8,0,7,12,8,goodbye
7.258527755737305,-7,-22,-13,-39,-12,-9,-8,-4,18,-9,-1,3,3,-7,goodbye
7.258527755737305,0,0,3,-8,-13,-16,-19,-6,1,-15,7,9,5,-5,goodbye
7.275086402893066,11,19,4,5,-1,-16,-20,-4,-5,-10,25,21,11,5,goodbye
7.275086402893066,14,15,14,-5,2,-19,-27,-2,-15,-14,25,27,4,2,goodbye
7.275086402893066,18,15,28,-2,-1,-9,-18,0,-19,-13,22,27,3,0,goodbye
7.289193391799927,26,25,18,20,-2,-2,-1,0,-16,-13,18,17,0,3,goodbye
7.305047512054443,18,20,16,29,0,-7,-14,0,-22,-22,0,1,-22,-1,goodbye
7.305047512054443,0,9,0,24,10,2,-12,-2,-14,-8,-6,-10,-28,-16,goodbye
7.320404529571533,-8,5,-1,22,11,18,19,0,3,5,-7,-13,-16,-15,goodbye
7.320404529571533,-4,3,10,19,2,18,29,6,8,5,-10,-12,-8,-1,goodbye
7.335982084274292,-6,0,-20,23,1,17,20,5,9,9,-6,-20,0,5,goodbye
7.335982084274292,-4,-1,-27,18,3,18,16,2,12,17,-1,-21,2,7,goodbye
7.351079940795898,0,-1,9,1,6,18,13,2,9,22,-1,-12,0,11,goodbye
7.351079940795898,0,-1,5,0,11,19,17,1,6,27,3,-8,9,14,goodbye
7.367177724838257,4,-4,-1,3,4,14,18,1,5,31,11,2,22,21,goodbye
7.367177724838257,2,-13,6,-21,-9,3,0,1,4,28,9,19,20,19,goodbye
7.382306814193726,-17,-26,-22,-36,-10,-8,-13,-3,0,5,-7,8,7,-3,goodbye
7.382306814193726,-20,-24,-18,-29,-6,-12,-9,-3,-1,-11,-13,0,5,-12,goodbye
7.39835524559021,-2,-12,5,-20,-8,-12,0,0,0,-5,0,13,12,-1,goodbye
7.39835524559021,1,-10,0,-17,-12,-20,-16,-8,-8,-21,0,13,0,-11,goodbye
7.414169311523437,0,-7,4,-17,-12,-27,-32,-9,-24,-51,-12,5,-13,-26,goodbye
7.414169311523437,7,2,5,-12,-7,-19,-12,0,-19,-41,-11,-1,-7,-16,goodbye
7.429346561431885,6,9,4,0,-2,-11,3,0,-9,-18,-2,-1,-6,-5,goodbye
7.429346561431885,0,7,13,5,0,-10,-3,0,-5,-9,9,2,-11,-4,goodbye
7.445234298706055,-1,2,0,12,1,-10,-2,1,-3,-2,14,-1,-3,-2,goodbye
7.445234298706055,-1,7,2,19,7,-2,4,2,-10,-3,4,-12,0,-1,goodbye
7.460275411605835,-6,11,1,19,13,10,11,5,-3,4,0,-19,-4,-2,goodbye
7.460275411605835,-7,1,-11,11,6,15,11,6,16,23,-4,-16,-9,0,goodbye
7.47642970085144,-1,-1,-1,6,-1,13,3,3,23,23,-14,-4,-4,6,goodbye
7.47642970085144,6,6,-3,8,1,14,5,1,15,16,-12,-2,-1,14,goodbye
7.491985559463501,8,9,-1,11,1,17,8,0,8,18,-3,0,-5,13,goodbye
7.491985559463501,1,5,-1,2,0,13,1,-2,2,12,-3,1,0,3,goodbye
7.508005857467651,-2,1,-11,-7,7,4,0,-3,-1,-4,-7,-4,8,0,goodbye
7.508005857467651,0,0,0,-1,16,8,4,1,6,-4,0,2,9,6,goodbye
7.52396297454834,5,1,6,6,9,8,-1,1,20,8,13,21,16,6,goodbye
7.52396297454834,11,5,12,-3,-4,-12,-21,0,12,1,25,28,21,6,goodbye
7.538987874984741,15,4,9,-7,-12,-26,-28,0,3,-3,30,23,14,8,goodbye
7.538987874984741,10,-1,-3,-8,-11,-17,-18,-4,0,-2,18,13,0,-1,goodbye
7.554996013641357,1,-2,0,-20,-9,-3,-8,-8,-23,-20,4,1,-17,-13,goodbye
7.554996013641357,0,5,5,-3,0,1,0,-3,-34,-25,4,-5,-18,-14,goodbye
7.570324897766113,0,14,9,28,12,10,10,0,-18,-6,2,-3,-7,-8,goodbye
7.570324897766113,-5,3,6,25,11,26,23,0,0,13,-6,-11,-3,0,goodbye
7.585423469543457,-10,-18,-3,1,4,20,35,0,9,25,-12,-23,-5,5,goodbye
7.585423469543457,-13,-23,-4,-9,-2,0,24,4,10,21,-22,-18,-1,0,goodbye
7.60129976272583,-15,-21,-18,-21,-14,-9,2,3,11,4,-21,-12,5,-2,goodbye
7.60129976272583,-10,-16,-14,-25,-20,-16,-2,0,6,-5,-4,-6,6,0,goodbye
7.616911888122559,0,1,4,-7,-3,-20,-1,0,-6,-14,0,0,0,0,goodbye
7.616911888122559,2,15,0,4,16,-12,-5,5,-14,-21,-8,3,-6,-9,goodbye
7.631956815719604,0,9,-6,0,9,-4,-8,7,-14,-19,-9,-1,-8,-13,goodbye
7.631956815719604,-14,-1,-4,6,-2,-1,0,2,-7,-1,-2,-11,-4,0,goodbye
7.64803409576416,-19,-9,4,16,4,10,16,0,9,21,2,-10,2,11,goodbye
7.64803409576416,-7,-13,1,4,2,18,22,2,28,30,0,-4,7,13,goodbye
7.6629958152771,6,-14,-12,-11,-17,6,4,1,33,19,-3,0,11,10,goodbye
7.6629958152771,22,-1,-3,-7,-13,-4,-17,-2,21,5,9,21,19,10,goodbye
7.678398132324219,27,14,10,6,6,-11,-26,-7,-2,-1,17,31,17,7,sil
7.678398132324219,12,12,8,0,-1,-16,-33,-8,-25,-17,6,14,-2,-3,sil
7.694003105163574,4,1,0,-16,-16,-10,-35,-4,-22,-28,3,10,-9,-11,sil
7.694003105163574,12,11,2,-6,-1,-7,-26,-4,-11,-22,8,17,-3,-7,sil
7.710223913192749,14,24,13,8,9,-5,-13,-4,-11,-7,14,20,2,0,sil
7.710223913192749,7,13,6,5,1,2,0,0,-10,0,24,17,6,0,sil
7.725218772888184,0,2,0,-2,1,6,6,2,-9,-10,6,3,-10,-6,sil
7.725218772888184,-10,7,8,1,10,1,4,-1,-21,-20,-24,-17,-24,-10,sil
7.740893125534058,-7,7,7,18,10,4,10,-1,-19,-2,-20,-15,-6,-8,sil
7.740893125534058,0,3,2,25,6,14,16,2,-4,6,1,-5,4,0,sil
7.756955146789551,-7,0,-3,18,5,15,9,2,-6,0,1,-18,-5,1,sil
7.756955146789551,-14,-7,-2,12,8,12,12,0,0,6,-9,-27,-8,-2,sil
7.772407293319702,-9,-10,-2,4,10,18,28,4,29,27,-3,-17,0,1,sil
7.772407293319702,-2,-7,-6,-8,0,13,26,7,39,31,1,-13,2,5,sil
7.787919998168945,-1,-13,-2,-9,-12,-1,8,3,18,20,-7,-16,-1,5,sil
7.787919998168945,-10,-21,-10,-6,-10,-7,4,-3,11,9,-14,-18,-7,5,sil
7.803484678268433,-20,-18,-21,-14,-3,-5,10,-2,13,1,-12,-13,-6,-1,sil
7.803484678268433,-12,-7,-14,-12,-2,-2,15,3,15,6,-3,-1,8,-4,sil
7.819171667098999,0,-2,-5,-5,0,0,13,3,16,11,9,4,17,5,sil
7.819171667098999,2,-2,0,-9,5,-1,0,1,4,0,9,13,5,7,sil
7.834670305252075,4,0,2,-9,3,-7,-7,5,-7,-7,1,22,0,4,sil
7.834670305252075,11,4,2,-7,-4,-8,-9,1,-3,-1,4,20,7,8,sil
7.850098371505737,11,5,6,-2,-7,-7,-15,0,0,-8,4,8,1,3,sil
7.866963148117065,8,5,6,4,-2,-7,-25,2,-2,-20,0,5,-1,-3,sil
7.866963148117065,3,0,-4,-12,-1,-7,-28,0,-4,-13,-2,7,2,-2,sil
7.866963148117065,-1,-7,-14,-26,-8,-7,-21,-7,-6,-6,0,3,3,-6,sil
7.882241249084473,7,0,4,-5,-4,-6,-14,-5,0,-7,1,8,0,-7,sil
7.882241249084473,21,15,22,13,2,-2,-10,2,8,-1,8,20,5,3,sil
7.898259162902832,14,13,7,7,-4,-4,-5,-5,-6,-1,9,13,4,1,sil
7.898259162902832,1,2,1,-3,-13,-9,-7,-14,-28,-16,-1,0,-12,-14,sil
7.914121866226196,2,6,11,0,2,-3,-2,-6,-22,-12,0,5,-10,-10,sil
7.914121866226196,8,20,18,19,18,5,10,0,-13,4,15,16,6,4,sil
7.929223299026489,3,19,15,28,11,8,4,-1,-27,-1,12,3,2,3,sil
7.943379163742065,2,8,7,25,5,7,0,0,-26,-5,0,-6,-2,3,sil
7.943379163742065,7,9,13,31,12,10,17,8,-1,16,12,0,6,11,sil
7.960134744644165,0,4,6,29,8,11,26,7,1,18,14,-7,4,5,sil
7.960134744644165,-17,-9,-12,3,1,12,15,-2,-5,0,-11,-25,-7,-6,sil
7.974628210067749,-29,-13,-16,-11,1,12,14,-2,6,6,-25,-27,-10,0,sil
7.974628210067749,-34,-21,-28,-18,-7,4,14,0,19,13,-27,-33,-10,0,sil
7.989765882492065,-33,-37,-34,-26,-20,0,0,1,24,0,-30,-31,-10,-9,sil
7.989765882492065,-16,-29,-18,-13,-10,7,0,5,39,7,-16,-12,0,-3,sil
8.005282402038574,4,-5,-3,-2,0,0,1,6,39,24,2,5,12,7,sil
8.005282402038574,10,1,-2,-12,-5,-20,-12,2,16,1,6,12,13,5,sil
8.021286487579346,4,0,-8,-16,-8,-19,-14,-1,-1,-24,6,6,2,-1,sil
8.021286487579346,5,4,0,-12,0,0,-3,-1,-14,-20,9,2,-7,-12,sil
8.042952537536621,10,13,5,-9,8,1,-6,-1,-26,-10,10,11,-9,-18,sil
8.042952537536621,11,16,2,0,10,-12,-19,-1,-19,-12,13,11,-8,-8,sil
8.042952537536621,14,16,18,15,5,-7,-15,2,2,-3,12,7,-6,1,sil
8.052517175674438,13,11,20,23,4,6,2,2,11,17,5,10,0,6,sil
8.067943096160889,-4,-2,2,8,0,5,8,-2,-4,12,-11,-1,-5,4,sil
8.067943096160889,-19,-14,-12,-9,-9,7,7,-3,-15,-11,-30,-26,-22,-5,sil
8.083514928817749,-10,-11,-6,-10,-5,13,19,-1,0,-6,-24,-18,-8,-3,sil
8.083514928817749,6,-3,10,-8,2,0,14,2,14,14,0,10,20,16,sil
8.099243402481079,18,1,10,-5,-3,-12,-4,3,13,10,19,21,28,25,sil
8.099243402481079,31,13,12,4,-1,-11,-11,4,8,0,29,27,28,20,sil
8.11426329612732,31,23,18,12,15,-6,-4,5,0,4,31,30,28,13,sil
8.11426329612732,9,12,11,12,16,0,0,0,-11,2,16,8,9,2,sil
8.1303231716156,-9,-2,0,9,9,11,3,-1,-13,-1,-4,-11,-8,-7,sil
8.1303231716156,-14,-10,-14,6,5,14,11,-1,-5,8,-16,-16,-8,-7,sil
8.145560264587402,-20,-18,-20,-8,-10,4,3,-6,-3,9,-21,-17,-7,-8,sil
8.145560264587402,-20,-20,-16,-24,-20,-2,-6,-6,0,1,-19,-14,-4,-11,sil
8.160743474960327,-2,-6,-11,-17,-6,-2,0,0,14,7,0,2,3,-1,sil
8.160743474960327,8,1,6,-7,0,-7,1,0,13,6,12,17,6,4,sil
8.175871849060059,-2,-2,2,-13,-7,-18,-16,-6,-13,-17,4,7,-4,-8,sil
8.175871849060059,-13,2,-5,-8,-2,-9,-24,-8,-30,-34,-1,-4,-17,-19,sil
8.191035985946655,-9,15,4,19,7,9,-7,-3,-19,-22,5,-1,-20,-20,sil
8.191035985946655,-7,12,0,33,3,12,4,0,-11,-9,4,-10,-20,-20,sil
8.206629514694214,-8,4,-2,24,0,10,9,3,-12,-10,-10,-22,-20,-3,sil
8.206629514694214,-4,2,6,17,0,12,23,8,2,0,-10,-3,-4,18,sil
8.222363471984863,2,-1,8,10,-7,6,25,9,24,19,-3,16,13,23,sil
8.222363471984863,12,-3,1,3,-6,1,10,9,31,21,1,14,18,23,sil
8.23794150352478,22,3,0,6,1,0,0,2,29,17,14,14,22,22,sil
8.23794150352478,14,5,9,4,-2,-11,-13,0,13,6,16,20,21,10,sil
8.253970623016357,1,-4,2,-9,-10,-23,-29,0,-11,-13,7,11,6,0,sil
8.253970623016357,8,-3,-1,-15,-4,-25,-31,-2,-19,-22,4,4,-3,-3,sil
8.269180297851562,17,15,9,0,4,-7,-11,0,-9,-9,6,11,0,-10,sil
8.269180297851562,8,19,3,16,4,7,5,0,-1,4,1,-4,1,-11,sil
8.284968852996826,-3,9,-1,24,6,4,0,-5,-7,3,-2,-19,-8,-5,sil
8.284968852996826,-6,0,-1,1,13,9,3,-4,-11,0,-8,-17,-11,-5,sil
8.300039768218994,-11,-18,-4,-47,12,23,21,0,-5,-1,-34,-32,-17,-14,sil
8.300039768218994,-22,-36,-12,-61,5,23,21,1,4,-3,-56,-52,-32,-19,sil
8.315461158752441,-29,-34,-32,-26,1,8,13,0,14,6,-35,-37,-18,-11,sil
8.330578565597534,-24,-30,-27,-19,0,-3,10,0,12,18,-4,-13,3,3,sil
8.330578565597534,-8,-18,-7,-28,-1,-5,7,1,5,13,-1,-9,5,13,sil
8.346328496932983,0,3,-2,-7,0,-5,1,0,8,6,1,0,10,8,sil
8.346328496932983,-1,11,3,-7,-10,-12,-6,0,12,6,19,16,23,-5,sil
8.346328496932983,4,3,3,-19,-18,-19,-15,0,0,0,30,22,20,-8,sil
8.362367391586304,15,10,7,8,-4,-17,-22,0,-9,-10,30,26,11,3,sil
8.362367391586304,12,23,11,39,8,-11,-19,1,0,-5,36,37,15,10,sil
8.37906002998352,9,26,17,39,9,-3,-9,0,-1,1,39,35,12,11,sil
8.39324688911438,11,29,29,43,10,7,-5,1,-20,-2,18,15,-10,7,sil
8.39324688911438,4,20,18,45,8,16,4,0,-19,-1,-7,0,-24,-1,sil
8.39324688911438,3,4,8,23,0,17,16,0,0,6,-6,2,-9,0,sil
8.410367250442505,10,1,7,6,-7,15,22,4,5,8,0,2,2,12,sil
8.410367250442505,14,-1,5,9,-12,11,23,2,8,6,-7,0,1,22,sil
8.425058364868164,14,-9,5,6,-4,9,17,0,20,13,-3,12,9,20,sil
8.440264225006104,3,-13,-6,-10,1,7,4,1,23,15,0,7,15,7,sil
8.440264225006104,-15,-21,-13,-26,-4,-3,-6,-3,5,-4,-15,-6,2,-10,sil
8.456300258636475,-11,-19,-7,-18,-5,-17,-10,-7,-8,-23,-16,0,-4,-14,sil
8.456300258636475,9,0,-7,-3,0,-22,-22,-7,-10,-29,0,6,-1,-8,sil
8.456300258636475,11,12,1,-8,-7,-18,-35,-4,-14,-33,7,0,0,-11,sil
8.472212791442871,-1,7,0,-12,-8,-15,-18,1,-16,-26,2,-2,-2,-20,sil
8.487726211547852,-15,6,-10,1,4,-6,5,0,-22,-18,-10,-17,-20,-27,sil
8.487726211547852,-25,3,-9,3,8,7,5,-7,-35,-20,-25,-40,-33,-28,sil
8.50342583656311,-20,-3,-8,-2,2,15,4,0,-24,-3,-18,-29,-14,-8,sil
8.50342583656311,-4,1,2,12,11,16,14,12,5,20,-2,0,0,15,sil
8.50342583656311,-3,7,3,20,17,15,14,5,14,18,-6,-6,-9,11,sil
8.519094228744507,-15,-8,-11,-5,6,7,0,-4,7,14,-16,-25,-15,-1,sil
8.534380197525024,-12,-23,-17,-24,-2,6,0,3,24,33,-1,-8,6,6,sil
8.534380197525024,-2,-14,-11,-16,-3,7,13,9,48,39,3,5,23,19,sil
8.5509672164917,-5,-7,-2,-15,-9,-3,0,1,27,15,-17,-6,9,8,sil
8.5509672164917,-1,-12,-11,-16,-17,-14,-20,-6,-1,1,-12,-7,8,0,sil
8.565365552902222,18,-7,-3,-11,-12,-11,-9,-3,8,7,20,17,29,7,sil
8.565365552902222,28,4,18,-11,-1,-7,4,6,26,6,29,30,29,11,sil
8.58122205734253,22,2,14,-11,-2,-11,3,5,14,-2,21,17,14,7,sil
8.58122205734253,20,6,12,0,-4,-15,-3,0,-2,-7,22,14,7,0,sil
8.596233129501343,14,23,17,10,7,-7,-6,-1,-6,-9,23,20,-4,-8,sil
8.596233129501343,2,28,17,20,14,2,-3,-5,-17,-20,21,14,-13,-5,sil
8.611622333526611,0,20,20,30,7,3,8,-1,-31,-17,20,4,-5,0,sil
8.611622333526611,6,11,11,28,6,3,17,1,-33,1,9,1,-6,0,sil
8.627632856369019,3,2,4,18,8,11,6,-2,-31,0,-9,0,-19,2,sil
8.627632856369019,-4,-3,3,19,4,16,0,-4,-22,-13,-17,-11,-18,2,sil
8.643537044525146,-11,-10,-5,16,5,14,6,-1,-1,-1,-13,-11,-9,3,sil
8.643537044525146,-19,-23,-16,-8,5,9,1,2,13,10,-17,-7,-13,0,sil
8.659431219100952,-21,-22,-22,-23,-6,4,-3,1,17,5,-23,-14,-11,-6,sil
8.659431219100952,-7,-4,-9,-10,-8,6,0,0,22,8,-10,-10,7,-1,sil
8.675307035446167,0,0,-9,-5,0,0,-6,0,18,13,1,4,19,7,sil
8.675307035446167,-3,-9,-18,-16,-5,-21,-18,-3,0,-4,-4,1,12,-3,sil
8.690467596054077,0,-7,-3,-20,-12,-23,-6,0,1,-19,-8,0,8,-13,sil
8.690467596054077,8,4,0,-12,-7,-8,5,5,13,-9,9,10,19,0,sil
8.706231117248535,6,12,-3,-12,-7,-11,-13,4,-1,-4,22,13,15,4,sil
8.706231117248535,2,10,-3,-16,-3,-14,-23,0,-23,-15,1,-1,-6,-12,sil
8.72117805480957,-6,0,-6,-5,8,-1,-3,-6,-16,-19,-24,-18,-25,-22,sil
8.72117805480957,-21,0,2,11,0,16,16,-3,-9,-9,-29,-23,-28,-14,sil
8.736740112304688,-20,5,6,18,-7,21,24,0,-10,5,-20,-19,-18,0,sil
8.736740112304688,-6,2,7,15,3,9,20,0,-2,15,-10,-7,-7,9,sil
8.752259254455566,5,-2,15,17,10,1,10,2,12,18,5,6,6,15,sil
8.752259254455566,16,-4,12,11,0,2,1,3,16,11,19,17,17,11,sil
8.768275022506714,19,1,12,-3,-5,-5,-11,2,8,-2,22,23,15,3,sil
8.768275022506714,16,20,11,2,3,-8,-14,5,5,-1,32,27,16,4,sil
8.783893346786499,6,21,7,19,13,1,-8,0,5,8,32,16,10,1,sil
8.783893346786499,-10,-1,-2,11,7,4,-11,-5,-1,8,4,-12,-12,-14,sil
8.799532175064087,-16,-9,-14,1,4,8,0,-1,-6,3,-16,-28,-20,-13,sil
8.799532175064087,0,4,0,17,19,27,31,6,10,15,-8,-8,0,15,sil
8.814962387084961,13,0,4,17,14,24,30,3,30,33,4,7,15,32,sil
8.814962387084961,14,-14,-7,-11,-14,-4,-2,-1,21,23,0,1,12,20,sil
8.83102297782898,12,-13,-5,-20,-16,-8,-12,-2,3,-7,-14,-1,5,2,sil
8.83102297782898,3,-14,-5,-13,-2,0,-1,-5,0,-18,-22,-1,1,-2,sil
8.84652328491211,0,-24,-5,-28,-14,-14,-9,-3,-3,-10,-10,0,3,2,goodbye
8.84652328491211,3,-19,-10,-37,-24,-29,-13,0,-10,-8,5,8,11,8,goodbye
8.862379550933838,0,-10,-10,-23,-6,-14,-11,-2,-17,-17,2,8,5,-2,goodbye
8.862379550933838,-16,-6,-7,-21,0,-5,-16,-1,-31,-29,-6,-6,-17,-23,goodbye
8.87789249420166,-20,3,-13,-20,-11,-22,-11,0,-27,-26,-3,-14,-27,-30,goodbye
8.87789249420166,-5,19,2,0,-1,-30,1,0,-9,-10,6,0,-13,-15,goodbye
8.89395809173584,10,28,18,19,11,-11,-1,1,-2,1,18,16,0,2,goodbye
8.89395809173584,9,27,8,20,6,-3,-12,0,-9,-2,19,13,2,0,goodbye
8.90951418876648,-2,22,7,24,0,-3,-11,0,-13,-7,9,0,-2,-9,goodbye
8.90951418876648,-6,17,10,28,6,15,7,1,-4,8,7,-1,0,-8,goodbye
8.925134658813477,-6,9,6,19,21,33,19,0,6,16,2,-4,-1,-7,goodbye
8.925134658813477,-14,2,1,17,27,27,20,0,2,-3,-11,-17,-12,-9,goodbye
8.9412522315979,-10,3,1,28,21,16,24,3,2,-3,-11,-16,-12,3,goodbye
8.9412522315979,3,0,6,18,7,19,24,10,15,20,0,0,0,17,goodbye
8.9564208984375,0,-16,-4,-3,-10,19,11,5,15,23,-4,0,6,13,goodbye
8.9564208984375,-7,-29,-8,-8,-16,8,0,-5,4,12,-12,-5,3,10,goodbye
8.971977233886719,1,-20,-2,-8,-7,2,5,-2,13,18,-5,2,8,15,goodbye
8.971977233886719,6,-13,0,-22,-5,0,6,0,24,19,2,5,16,13,goodbye
8.987995862960815,2,-17,0,-34,-14,0,-5,-4,15,5,5,4,17,4,goodbye
8.987995862960815,5,-21,-7,-29,-10,1,-6,-2,5,0,0,6,14,4,goodbye
9.003323078155518,3,-21,-9,-21,-7,-9,-7,2,9,0,-13,3,7,4,goodbye
9.003323078155518,0,-9,-3,-11,-12,-20,-19,1,15,-8,-10,-1,4,0,goodbye
9.019296169281006,12,12,2,3,-5,-13,-19,-2,6,-17,9,3,3,-1,goodbye
9.019296169281006,16,22,6,5,4,-6,-12,0,-14,-21,5,3,-4,0,goodbye
9.034691095352173,8,14,-2,0,1,-14,-15,0,-17,-24,-10,0,-7,-5,goodbye
9.034691095352173,10,17,2,7,3,-22,-15,0,-8,-20,0,7,3,-10,goodbye
9.050776958465576,9,29,11,18,15,-14,-6,-1,-12,-8,9,5,0,-12,goodbye
9.050776958465576,-2,18,-3,12,16,-5,0,-1,-21,-6,-7,-9,-20,-16,goodbye
9.06603455543518,-12,0,-5,5,5,-1,0,2,-25,-19,-15,-9,-26,-13,goodbye
9.06603455543518,-19,0,-3,7,-1,4,9,0,-21,-13,-2,-5,-16,-10,goodbye
9.081145524978638,-28,1,-7,10,0,13,14,-4,-17,-1,0,-15,-19,-14,goodbye
9.081145524978638,-26,-5,-4,14,0,20,10,-2,-18,-2,-10,-20,-28,-13,goodbye
9.09631633758545,-12,-9,-1,11,-3,21,20,0,0,18,-11,-13,-12,1,goodbye
9.09631633758545,7,-3,11,3,-1,15,25,2,36,54,6,2,17,22,goodbye
9.1119544506073,18,1,11,6,3,3,7,4,43,51,19,17,32,30,goodbye
9.1119544506073,14,-3,0,3,0,-5,-9,0,20,16,17,16,27,22,goodbye
9.127461194992064,15,-9,4,-11,-7,-9,-8,1,14,3,17,17,24,16,goodbye
9.127461194992064,19,-8,2,-17,-11,-17,-8,3,13,3,20,18,20,13,goodbye
9.143524169921877,5,-5,-7,-20,-14,-18,-17,-4,-13,-16,2,5,3,0,goodbye
9.143524169921877,-7,-3,-10,-25,-11,-1,-10,-9,-28,-26,-4,-1,-6,-10,goodbye
9.159086227416992,1,5,4,-18,0,7,0,-3,-13,-13,16,13,1,-6,goodbye
9.159086227416992,10,16,16,-5,16,5,2,1,-4,-7,21,16,4,-3,goodbye
9.174315214157104,0,9,0,1,23,5,3,0,-7,-12,4,-2,-7,-8,goodbye
9.174315214157104,-11,1,-6,0,14,5,1,2,-2,-8,3,-6,-7,-11,goodbye
9.19088864326477,-9,4,0,3,3,8,0,3,0,0,3,-7,-1,-10,goodbye
9.19088864326477,-9,0,-1,15,4,16,6,3,-3,6,-11,-20,-10,-5,goodbye
9.20592212677002,-14,-17,-5,15,5,15,16,6,6,21,-10,-23,-7,4,goodbye
9.20592212677002,-15,-21,-6,2,-4,8,25,8,24,32,0,-20,11,6,goodbye
9.221494436264038,-14,-19,-1,-5,-10,4,26,10,25,21,-13,-17,8,1,goodbye
9.221494436264038,-9,-19,-8,-5,-11,0,13,6,22,5,-27,-4,-1,4,goodbye
9.238106966018677,3,-8,-14,-1,-18,-5,-3,-6,21,-2,-16,5,0,8,goodbye
9.238106966018677,13,1,5,0,-19,-9,-9,-7,11,-14,-22,2,-2,4,goodbye
9.252314567565918,12,0,4,-3,-6,-11,0,-4,-1,-21,-48,0,-12,0,goodbye
9.267917156219482,12,4,0,-8,0,-12,-14,-12,-15,-28,-46,8,-15,-2,goodbye
9.267917156219482,17,17,9,5,-2,-19,-39,-10,-19,-28,-6,22,-4,-4,goodbye
9.267917156219482,19,21,11,17,0,-27,-35,-1,-12,-15,14,21,5,0,goodbye
9.283033847808838,8,13,7,5,2,-25,-23,-4,-22,-17,2,11,-10,-9,goodbye
9.300151586532593,0,11,0,2,1,-12,-19,-6,-34,-23,8,3,-22,-18,goodbye
9.300151586532593,4,18,6,5,3,-2,-13,1,-25,-12,30,3,0,-10,goodbye
9.300151586532593,3,20,12,0,11,0,-8,4,-16,-3,28,-4,9,-3,goodbye
9.31425929069519,-4,8,0,5,12,0,0,0,-4,10,15,-13,-3,-2,goodbye
9.329405069351196,-14,0,-4,7,7,13,15,4,7,24,10,-15,-5,-3,goodbye
9.329405069351196,-20,0,-5,-2,6,18,18,1,0,15,15,-17,0,-7,goodbye
9.34495496749878,-10,0,3,3,8,18,16,0,-6,11,35,4,11,5,goodbye
9.34495496749878,0,-8,2,5,4,25,25,8,13,28,31,18,17,24,goodbye
9.360247135162354,-9,-23,-16,-12,1,21,22,4,28,30,-5,-9,1,12,goodbye
9.360247135162354,-10,-19,-4,-15,1,12,6,2,19,21,-9,-11,0,1,goodbye
9.375621795654297,9,-7,8,0,-1,13,7,3,13,19,10,11,15,13,goodbye
9.375621795654297,10,-11,-1,0,0,8,11,-3,5,5,0,1,8,12,goodbye
9.391339302062988,-2,-7,-1,1,6,7,6,-2,-3,-6,-14,-5,-1,2,goodbye
9.391339302062988,1,6,1,12,3,11,9,0,8,1,-3,4,9,4,goodbye
9.40738034248352,3,3,-1,7,-4,1,10,3,25,1,-2,0,10,7,goodbye
9.40738034248352,-5,-11,-10,-2,-13,-7,7,6,21,-5,-11,-9,0,0,goodbye
9.42330551147461,-3,-14,-13,-7,-12,-7,0,0,1,-2,-13,-6,-3,-3,goodbye
9.42330551147461,5,-1,0,-8,0,-5,-8,-4,-11,-2,-11,4,-3,0,goodbye
9.4395489692688,9,0,0,-8,3,-11,-8,-1,-2,-4,-4,9,2,6,goodbye
9.4395489692688,0,-7,-5,-16,-7,-23,-7,0,6,-4,0,5,5,0,goodbye
9.45511031150818,-12,-12,-8,-24,-13,-25,-12,-1,0,-1,-4,-4,0,-12,goodbye
9.45511031150818,-12,-5,-6,-21,-17,-18,-18,-1,-14,-6,-1,1,-4,-16,goodbye
9.470648288726808,0,6,4,-8,-16,-16,-17,-3,-17,-19,1,14,-6,-9,goodbye
9.470648288726808,5,16,6,7,-1,-16,-10,-8,-18,-23,-4,10,-8,-7,goodbye
9.486538171768188,4,20,8,9,5,-12,-8,-4,-21,-17,-11,3,-9,-13,goodbye
9.486538171768188,3,17,5,0,0,-4,-10,0,-9,-10,0,4,-8,-16,goodbye
9.50148868560791,3,12,7,3,3,1,-11,-1,-2,-10,3,0,-9,-12,goodbye
9.50148868560791,4,7,15,14,8,0,-15,-1,-12,-10,-6,-10,-11,-5,goodbye
9.517030239105225,3,5,9,13,1,0,-13,0,-7,-4,3,-5,0,2,goodbye
9.517030239105225,9,9,10,10,3,11,-2,0,4,0,21,5,5,13,goodbye
9.533098697662354,17,16,16,19,15,18,11,3,4,7,17,4,4,16,goodbye
9.533098697662354,10,9,6,24,16,18,23,6,10,9,4,0,5,7,goodbye
9.548285961151125,-9,-7,-6,11,5,15,19,5,11,-1,-4,-6,-4,0,goodbye
9.548285961151125,-15,-16,-18,5,0,11,10,1,-2,-6,-14,-17,-19,0,goodbye
9.563941955566406,-3,-8,-6,11,3,12,10,0,-11,0,-11,-15,-12,0,goodbye
9.563941955566406,1,-2,1,9,6,17,18,0,-4,3,0,-6,1,2,goodbye
9.5800678730011,-4,-5,-7,2,8,16,19,2,5,15,0,-5,3,15,goodbye
9.5800678730011,-3,1,0,2,12,15,15,10,22,33,0,4,8,21,goodbye
9.595354080200195,0,0,-1,-1,4,11,10,3,23,32,4,0,10,5,goodbye
9.595354080200195,-16,-27,-18,-22,-13,0,-2,-7,-2,7,-10,-24,-2,-13,goodbye
9.611408233642578,-21,-31,-18,-28,-21,-8,-10,0,-11,-5,-29,-26,-7,-15,goodbye
9.611408233642578,-7,-12,-13,-19,-13,-15,-8,3,7,7,-9,0,12,-3,goodbye
9.626995086669922,-1,-5,-2,-14,1,-15,-2,-3,22,27,17,17,24,6,goodbye
9.626995086669922,3,0,0,-9,8,-5,3,-7,28,27,16,21,17,12,goodbye
9.642078161239624,8,2,1,-8,0,-7,0,-3,17,1,9,19,10,8,goodbye
9.642078161239624,0,0,0,-16,-8,-17,-7,0,-3,-18,12,12,13,-1,goodbye
9.658127784729004,0,3,-2,-13,-12,-16,-7,0,-4,-13,9,9,10,-8,goodbye
9.658127784729004,7,11,2,-4,-19,-16,-14,-6,-2,-9,1,14,-2,-11,goodbye
9.673320531845093,7,12,2,1,-14,-15,-24,-11,-17,-19,4,8,-11,-13,goodbye
9.673320531845093,6,17,5,4,5,-10,-21,-3,-23,-22,10,0,-9,-11,goodbye
9.689361095428469,10,19,20,5,8,-8,-14,10,-15,-12,15,10,-4,0,goodbye
9.689361095428469,20,17,23,19,2,-5,-7,6,-12,0,24,22,1,11,goodbye
9.70510482788086,24,23,24,33,7,4,2,-1,-11,-4,24,14,3,9,goodbye
9.70510482788086,8,17,12,22,8,5,5,-1,-10,-15,4,0,-1,0,goodbye
9.720544338226318,-12,-7,-3,9,3,2,-1,0,-19,-17,-19,-8,-9,0,sil
9.720544338226318,-8,-14,-4,12,4,16,4,4,-22,-12,-27,-12,-15,-6,sil
9.736193895339966,-4,-8,-8,4,3,23,16,2,-8,-17,-26,-25,-24,-15,sil
9.736193895339966,-15,-13,-10,-7,-1,11,11,0,5,-21,-35,-36,-33,-14,sil
9.752065181732178,-14,-13,-10,0,0,11,9,3,13,0,-32,-30,-19,-5,sil
9.752065181732178,-5,-6,-8,5,10,20,17,0,11,34,-12,-12,4,3,sil
9.767038345336914,-12,-8,-5,-12,9,14,12,-3,1,30,-10,-9,1,3,sil
9.767038345336914,-17,-15,-19,-21,0,9,8,0,9,0,-24,-20,-10,-4,sil
9.783105850219728,-3,-15,-9,-18,-3,8,14,6,31,5,-15,-6,5,4,sil
9.783105850219728,0,-14,1,-17,-4,0,8,6,39,34,12,9,25,24,sil
9.799192428588867,-9,-10,-13,-17,-12,-15,-11,-2,21,22,15,2,19,10,sil
9.799192428588867,0,-1,-11,-13,-18,-20,-21,-4,0,-4,1,3,7,-9,sil
9.814357042312622,18,7,3,-6,-10,-16,-6,-1,-1,-2,13,28,16,6,sil
9.814357042312622,23,20,12,0,1,-13,-1,-2,0,-2,37,42,25,21,sil
9.829920053482056,14,27,12,7,2,-14,-18,-3,-23,-17,35,25,14,2,sil
9.829920053482056,6,19,14,20,0,-8,-18,-4,-34,-14,23,4,0,-10,sil
9.845998764038086,6,15,22,32,11,9,1,-1,-12,4,20,5,0,0,sil
9.845998764038086,5,12,11,32,19,13,13,1,1,18,10,2,0,6,sil
9.861384153366089,-3,-2,1,13,5,5,12,6,5,25,-2,-11,-1,6,sil
9.861384153366089,0,-10,6,0,-6,5,12,8,26,31,1,-2,10,11,sil
9.876968145370483,19,-2,2,0,-2,0,6,2,39,20,11,17,23,10,sil
9.876968145370483,13,-1,-4,-11,-1,-10,-4,-3,17,-7,2,17,7,-7,sil
9.89246153831482,-12,-9,-11,-20,-2,-8,-13,-7,-11,-28,-10,-3,-21,-27,sil
9.89246153831482,-24,-10,-6,-4,3,0,-13,-6,-24,-32,-15,-19,-35,-31,sil
9.908309698104858,-21,-1,-5,11,8,12,0,0,-14,-18,-16,-21,-25,-16,sil
9.908309698104858,-15,0,-17,4,0,9,11,2,-1,0,-21,-16,-7,1,sil
9.924384355545044,-9,-6,-8,-10,-11,-7,0,0,-4,-9,-25,-7,-3,3,sil
9.924384355545044,-4,-10,-2,-16,-14,-17,-9,0,-4,-25,-9,0,-4,-2,sil
9.939993858337402,9,7,6,-5,-4,-14,-11,0,-4,-17,18,9,0,1,sil
9.939993858337402,24,27,25,19,8,-5,-8,1,-19,-7,20,12,0,4,sil
9.955668449401855,11,13,9,30,13,6,-5,-1,-27,-14,-12,-10,-21,-10,sil
9.955668449401855,-16,-8,-9,6,3,13,0,-2,-18,-15,-40,-31,-40,-20,sil
9.971283912658691,-16,-9,-12,-11,-4,12,14,-1,-7,1,-28,-24,-23,-5,sil
9.971283912658691,5,-4,-6,-4,0,11,21,3,3,25,-9,-6,7,15,sil
9.987292051315308,8,-10,0,0,4,11,13,10,13,30,-6,2,20,24,sil
9.987292051315308,-8,-17,-12,-20,-7,5,-1,3,9,13,-4,-2,19,18,sil
10.003410339355469,-13,-13,-12,-35,-16,-2,-12,-6,0,3,1,-7,19,8,sil
10.003410339355469,1,-6,-2,-25,-8,-4,-9,-2,12,13,8,5,23,7,sil
10.019380331039429,5,-11,-2,-26,-6,-8,-4,1,19,9,10,15,21,6,sil
10.019380331039429,-3,-11,-5,-39,-14,-13,-13,0,2,-11,7,5,8,-9,sil
10.034992933273315,-2,5,-2,-20,-2,-10,-12,-2,-2,-8,12,-2,2,-23,sil
10.034992933273315,5,17,12,5,15,-5,0,3,8,10,28,13,7,-13,sil
10.05702805519104,12,12,12,8,10,-5,4,2,0,6,34,21,8,0,sil
10.05702805519104,8,11,9,15,3,1,4,-5,-10,-8,18,8,0,1,sil
10.05702805519104,0,20,23,36,19,21,15,0,5,2,2,2,-8,2,sil
10.06651258468628,2,21,20,48,31,31,27,4,25,30,11,4,0,14,sil
10.082018613815308,7,10,8,40,15,21,32,5,22,33,19,4,10,18,sil
10.082018613815308,0,-3,-3,24,0,11,30,7,20,18,4,0,4,12,sil
10.0981342792511,0,-10,-6,14,-5,4,17,3,24,11,-3,6,0,14,sil
10.0981342792511,9,-7,2,3,-11,-9,-5,-3,10,4,4,18,11,13,sil
10.113479852676392,5,-4,-4,-2,-16,-21,-21,-3,-8,-8,7,18,14,0,sil
10.113479852676392,10,2,2,5,-10,-22,-27,1,-10,-21,3,15,1,-4,sil
10.129433631896973,24,14,20,13,-5,-25,-26,0,-13,-25,8,20,-5,1,sil
10.129433631896973,10,10,9,9,-7,-28,-22,-12,-30,-32,3,15,-13,-5,sil
10.145058870315552,-13,1,-3,2,-8,-19,-24,-15,-44,-40,-15,-1,-25,-22,sil
10.145058870315552,-16,0,-12,-1,-2,-6,-22,-3,-43,-36,-31,-20,-31,-26,sil
10.160210132598875,-17,-3,-9,0,2,1,-14,0,-35,-26,-37,-30,-34,-23,sil
10.160210132598875,-22,-3,-7,6,0,14,-3,-3,-23,-18,-38,-33,-37,-19,sil
10.17534065246582,-17,-1,-17,6,0,19,4,-2,-5,-3,-39,-39,-29,-7,sil
10.17534065246582,-15,-11,-14,0,2,13,6,2,7,6,-47,-37,-17,-3,sil
10.190929889678957,-20,-24,-22,-19,-8,6,9,1,14,6,-51,-35,-9,-9,sil
10.190929889678957,-11,-18,-27,-37,-14,2,13,0,16,4,-35,-25,4,-4,sil
10.207025527954102,12,0,-5,-28,3,0,10,3,18,6,0,-2,25,5,sil
10.207025527954102,26,9,9,-18,16,-2,6,8,14,12,27,16,34,9,sil
10.222405672073364,13,5,3,-39,8,0,9,11,18,23,37,15,31,11,sil
10.222405672073364,-3,0,-12,-52,6,10,14,8,30,32,39,3,24,10,sil
10.23801589012146,-6,0,-5,-35,12,11,7,1,20,32,38,-3,12,5,sil
10.23801589012146,-4,-4,5,-18,9,7,6,3,4,31,35,-5,10,11,sil
10.25339126586914,-5,-17,-2,-14,8,15,15,2,8,29,33,-2,17,20,sil
10.25339126586914,-5,-19,1,-13,5,24,17,0,8,19,25,0,10,11,sil
10.269188165664673,-7,-13,5,-3,-7,10,13,-3,3,10,16,0,3,0,sil
10.269188165664673,-9,-16,7,1,-17,-11,1,-6,7,5,13,8,6,4,sil
10.285295963287354,0,-12,15,8,-16,-17,-7,-5,4,-5,12,27,8,9,sil
10.285295963287354,14,3,13,25,-17,-16,-7,-2,-4,-18,10,40,9,6,sil
10.302082777023315,19,15,18,34,-13,-22,-21,-3,-9,-26,10,42,10,0,sil
10.302082777023315,27,24,28,43,1,-23,-36,-6,-15,-28,8,42,3,-1,sil
10.316243886947632,32,40,31,66,11,-17,-22,-4,-23,-27,1,38,-9,0,sil
10.316243886947632,17,40,22,61,2,-10,-9,1,-27,-31,-14,20,-21,-5,sil
10.33173441886902,0,20,3,38,-1,-1,-14,-3,-29,-36,-31,-3,-28,-14,sil
10.33173441886902,2,18,6,44,9,11,-4,-4,-27,-24,-35,-5,-28,-12,sil
10.347485065460203,1,23,4,54,17,19,16,5,-8,2,-32,-8,-24,-11,sil
10.363562107086182,-11,5,-18,23,10,16,24,6,10,16,-24,-27,-18,-12,sil
10.363562107086182,-15,-7,-19,-3,4,16,22,4,17,21,-13,-30,-8,0,sil
10.379353523254396,-5,-4,-16,0,7,17,20,4,30,37,-3,-18,7,16,sil
10.379353523254396,0,-9,-16,-11,6,7,13,6,40,43,4,-11,20,16,sil
10.395269632339478,0,-22,-19,-45,-2,-7,1,1,25,22,6,-9,12,8,sil
10.395269632339478,-5,-33,-23,-61,-13,-21,-12,-7,0,-1,-11,-18,-1,-2,sil
10.411025524139404,-18,-39,-24,-65,-18,-27,-26,-8,-6,-16,-30,-33,-6,-17,sil
10.411025524139404,-19,-29,-30,-69,-16,-18,-20,-1,-1,-25,-17,-26,-1,-20,sil
10.411025524139404,-5,-6,-10,-55,-10,-9,-7,3,-1,-26,5,0,0,-12,sil
10.425026178359984,2,5,10,-31,-4,-12,-4,1,-10,-24,15,4,3,-6,sil
10.440124034881592,-4,1,6,-24,-1,-10,-4,0,-15,-22,17,-6,5,-3,sil
10.440124034881592,-12,5,9,-16,-1,2,-3,4,-14,-16,17,-1,4,-5,sil
10.45526385307312,-5,21,19,15,3,12,-3,0,-17,-6,14,10,-1,-6,sil
10.45526385307312,3,21,25,40,14,18,-1,-7,-19,1,12,10,-8,4,sil
10.47151517868042,3,4,15,39,16,27,12,-4,-10,13,15,4,0,15,sil
10.47151517868042,-1,-1,0,30,8,26,20,-1,-2,25,15,-4,12,10,sil
10.48739242553711,-1,2,0,26,5,20,7,-3,5,27,8,-1,7,6,sil
10.48739242553711,0,0,0,24,4,15,3,0,17,27,1,5,1,10,sil
10.502511739730837,0,-6,-1,14,3,10,18,3,14,19,-4,3,0,8,sil
10.502511739730837,-1,-17,-5,0,0,6,26,4,7,11,-14,-8,-6,2,sil
10.51815104484558,0,-22,-13,-1,-8,-1,12,1,14,16,-13,0,0,5,sil
10.51815104484558,12,0,5,7,-2,-16,-10,2,13,15,2,27,17,9,sil
10.533321380615234,20,16,12,7,5,-20,-13,1,1,1,10,28,14,3,sil
10.533321380615234,6,-5,-4,-11,-6,-12,1,0,0,-9,-3,2,-7,0,sil
10.549099683761597,-1,-17,-7,-21,-19,-7,1,3,1,-17,-13,-2,-14,4,sil
10.549099683761597,10,1,0,-6,-6,-14,-12,1,-4,-12,0,12,0,6,sil
10.565214157104492,10,10,6,-3,2,-13,-14,0,0,1,12,19,9,8,sil
10.565214157104492,-5,2,-2,-13,-4,-2,-6,0,8,0,0,7,6,0,sil
10.581322431564333,-5,1,0,-12,-10,0,-4,0,-4,-22,-15,-4,-4,-19,sil
10.581322431564333,4,6,10,-4,-6,-3,0,0,-8,-19,-11,0,-5,-13,sil
10.596916675567629,3,5,-2,-4,-1,-3,-2,-2,7,-1,-2,0,3,-1,sil
10.596916675567629,-2,5,-4,-3,4,-3,-18,-5,0,-10,-1,-9,0,-13,sil
10.612021923065186,0,15,0,1,6,-7,-18,-2,-19,-28,-3,-14,-11,-19,sil
10.612021923065186,0,16,4,6,5,-5,-3,1,-17,-24,-9,-11,-11,-6,sil
10.628103971481323,-1,9,4,13,8,5,4,3,-7,-11,-4,-8,-6,-6,sil
10.628103971481323,-1,4,-1,21,11,7,4,-1,-5,-3,8,-5,-5,-5,sil
10.643986225128174,0,10,3,18,15,3,0,-3,-3,2,13,0,-1,3,sil
10.643986225128174,2,13,7,19,20,13,5,1,6,16,16,4,9,5,sil
10.659305095672607,2,3,4,21,15,23,16,1,15,24,21,4,16,11,sil
10.659305095672607,0,-3,10,14,0,9,12,0,11,19,15,3,11,16,sil
10.675009489059448,-1,-5,-1,0,-10,-4,5,-5,12,14,8,0,5,6,sil
10.675009489059448,-2,-10,-11,-9,-9,0,3,-7,20,10,6,0,1,0,sil
10.690168142318726,-4,-10,-5,-5,-8,1,-2,-1,9,8,0,1,0,3,sil
10.690168142318726,-13,-11,-11,-1,-8,-11,-9,0,-21,4,-12,-6,-14,-2,sil
10.70626449584961,-27,-22,-20,-23,-9,-12,-5,0,-32,-2,-32,-27,-32,-18,sil
10.70626449584961,-26,-22,-18,-32,-12,5,5,4,-12,0,-30,-28,-24,-12,sil
10.72232985496521,-7,-3,1,-10,-9,9,5,2,-6,4,-11,-6,-2,6,sil
10.72232985496521,3,0,2,-6,-3,1,0,0,-16,-6,-7,3,2,6,sil
10.73792314529419,-6,-19,-10,-19,-5,0,8,1,0,-8,-10,-6,3,-2,sil
10.73792314529419,-7,-24,-2,-13,-10,2,14,8,24,10,0,-8,7,2,sil
10.753139734268188,10,-9,6,-2,-5,-3,5,7,18,12,6,5,10,14,sil
10.753139734268188,25,3,14,0,1,-4,-1,0,0,0,9,23,18,14,sil
10.76828145980835,25,1,16,9,8,1,0,-4,0,-1,13,25,22,9,sil
10.76828145980835,21,-4,6,11,14,0,0,-3,8,-1,8,12,11,5,sil
10.783986330032349,18,13,10,5,16,5,0,2,8,-4,6,15,4,3,sil
10.783986330032349,17,35,10,15,15,12,2,3,10,2,13,22,10,5,sil
10.799013376235962,7,26,3,13,10,-1,-1,-1,8,2,11,13,10,1,sil
10.799013376235962,-6,7,-5,-7,0,-15,-11,0,-2,-9,1,-1,3,-9,sil
10.814372539520264,-11,4,-13,-9,-6,-14,-19,-2,-10,-15,-7,-10,-10,-14,sil
10.814372539520264,-7,7,-3,5,-4,-10,-20,-6,-10,-11,-13,-11,-20,-15,sil
10.829975128173828,-3,5,0,6,-2,-5,-5,-4,0,-3,0,-4,-3,-10,sil
10.845093965530396,0,0,-3,-5,-5,-2,2,-2,0,-4,7,1,1,-5,sil
10.845093965530396,-6,-1,-2,-7,-7,-5,0,-1,-11,-8,-8,-5,-17,-10,sil
10.86117458343506,-9,1,-1,5,-2,2,7,2,-9,0,-5,-9,-16,-3,sil
10.86117458343506,2,4,8,10,1,13,8,8,2,9,12,5,1,9,sil
10.86117458343506,8,5,8,3,7,8,-1,5,9,3,10,14,1,5,sil
10.8772075176239,2,4,4,4,9,-3,-3,0,5,0,2,0,0,3,sil
10.8772075176239,-4,-2,0,9,0,-8,-3,0,-8,-4,1,-12,-1,6,sil
10.893212795257568,-15,-10,-16,-3,-5,-7,-11,-6,-22,-13,-5,-12,-9,-8,sil
10.893212795257568,-14,0,-2,-11,3,1,-9,-5,-14,-11,-7,-6,-7,-14,sil
10.909252405166626,2,8,14,7,0,7,1,1,2,4,0,0,3,1,sil
10.909252405166626,4,-3,2,3,-17,-2,-5,-2,-7,4,-2,-3,0,4,sil
10.925092458724976,-9,-18,-15,-29,-19,-7,-14,-7,-20,-6,-18,-12,-14,-6,sil
10.925092458724976,-15,-19,-16,-21,-8,7,3,2,-3,0,-24,-15,-12,-5,sil
10.94113802909851,-10,-10,0,11,-1,21,24,10,14,12,-20,-6,-2,0,sil
10.94113802909851,-6,-1,-1,13,5,16,25,2,14,11,-6,-5,2,0,sil
10.956992864608765,0,-1,-7,0,8,6,15,0,17,7,7,-5,10,0,goodbye
10.956992864608765,4,-4,4,0,1,7,15,9,27,18,8,4,17,7,goodbye
10.972250699996948,4,-4,3,6,2,7,24,2,28,31,6,9,14,12,goodbye
10.972250699996948,14,-2,3,2,8,-2,16,-6,14,23,10,15,15,20,goodbye
10.988268613815308,28,1,8,-2,1,-13,-7,0,3,1,17,27,22,22,goodbye
10.988268613815308,25,11,5,2,0,-17,-18,1,1,-9,27,25,18,10,goodbye
11.003433465957642,18,22,10,10,16,-12,-16,0,-6,-16,34,21,7,0,goodbye
11.003433465957642,16,21,9,15,24,-1,-11,-2,-17,-18,26,18,0,-1,goodbye
11.019089221954346,1,1,4,12,12,2,-7,-1,-18,-11,0,-5,-11,-1,goodbye
11.019089221954346,-20,-12,-8,0,-2,1,1,2,-14,-1,-24,-27,-19,-2,goodbye
11.035401344299316,-20,-9,-18,-13,-6,2,9,3,-4,6,-23,-20,-9,0,goodbye
11.035401344299316,0,-1,-2,-16,-6,4,4,10,20,19,-5,-2,10,7,goodbye
11.050325870513916,8,-2,0,-11,-14,-3,0,9,35,21,0,2,19,11,goodbye
11.050325870513916,1,-5,-7,-15,-18,-21,-9,-11,5,-13,-12,2,0,-8,goodbye
11.066325664520264,-7,-3,-1,-22,-12,-22,-26,-24,-35,-45,-18,-2,-28,-33,goodbye
11.066325664520264,-10,5,4,-15,-9,-12,-31,-14,-42,-32,-7,-11,-25,-35,goodbye
11.081957817077637,-12,20,11,10,-3,-1,-16,0,-31,-9,4,-3,-11,-27,goodbye
11.081957817077637,-11,20,8,27,10,17,11,3,-16,-9,2,0,-12,-16,goodbye
11.096126556396484,-7,-2,3,16,14,30,19,3,5,-1,-14,-10,-17,-3,goodbye
11.112377643585203,-4,-14,1,13,3,18,7,1,20,13,-20,-17,-11,1,goodbye
11.112377643585203,-3,-7,-5,20,-1,5,3,2,14,7,-5,-8,1,8,goodbye
11.1272554397583,3,0,-2,0,2,9,8,7,5,0,3,5,12,18,goodbye
11.1272554397583,5,4,-5,-4,0,5,7,4,7,9,7,7,14,16,goodbye
11.142395734786987,-1,0,-15,7,-8,-3,6,0,9,4,7,-2,7,6,goodbye
11.142395734786987,-4,-18,-15,-15,-5,-3,12,2,8,-2,-3,-7,5,3,goodbye
11.157819986343384,-6,-29,-21,-42,-4,-9,3,-2,0,5,-16,-8,0,-2,goodbye
11.157819986343384,-9,-17,-12,-32,-19,-16,-18,-8,-10,5,-9,-7,-10,-8,goodbye
11.173205375671388,9,11,7,-6,-8,-3,-18,0,3,3,19,13,8,7,goodbye
11.173205375671388,24,27,18,13,20,2,-7,7,21,16,40,41,33,28,goodbye
11.189303874969482,10,7,12,13,23,-3,-3,5,12,17,30,37,26,22,goodbye
11.189303874969482,5,-6,1,-7,2,-4,5,0,3,5,15,14,16,5,goodbye
11.205181121826172,9,4,6,-23,-15,-5,4,-1,-6,-12,8,1,5,-10,goodbye
11.205181121826172,1,17,6,-5,-9,-12,0,0,-23,-24,0,-4,-14,-16,goodbye
11.220266819000244,8,15,15,21,5,-8,1,1,-18,-16,0,-1,-14,-7,goodbye
11.220266819000244,20,8,28,19,1,0,0,2,-8,-6,5,5,-1,-1,goodbye
11.23597264289856,14,8,16,10,4,1,-4,-1,-9,-7,-3,-4,-10,-1,goodbye
11.23597264289856,0,22,11,37,33,8,5,0,-4,2,-13,-9,-13,2,goodbye
11.251087427139282,-6,20,3,59,40,24,23,0,6,21,-4,-1,4,4,goodbye
11.251087427139282,-11,-10,-13,26,8,19,20,-3,5,15,-1,-7,1,0,goodbye
11.266382455825806,-21,-29,-16,-10,-20,0,3,-3,0,1,-22,-28,-22,-7,goodbye
11.266382455825806,-32,-26,-26,-18,-24,-3,2,-2,9,8,-29,-33,-16,-9,goodbye
11.282016277313232,-25,-11,-24,-16,0,12,11,0,23,19,-17,-20,0,-1,goodbye
11.282016277313232,-11,-2,-12,-4,15,21,9,1,22,10,-24,-19,-10,3,goodbye
11.297471046447754,-2,-18,-8,-1,-6,7,-1,-2,15,4,-27,-13,-11,1,goodbye
11.297471046447754,3,-28,-5,-26,-25,-9,-11,0,6,10,4,13,17,6,goodbye
11.313033819198608,4,-12,-7,-40,-22,-17,-22,2,0,-2,18,19,19,8,goodbye
11.313033819198608,7,-1,-3,-27,-15,-17,-30,2,-2,-25,2,5,-2,1,goodbye
11.32911992073059,21,0,0,-16,-9,-10,-14,7,5,-16,11,16,6,2,goodbye
11.32911992073059,19,7,0,-15,-3,-6,2,7,1,-1,28,29,26,5,goodbye
11.344767808914185,5,6,6,-14,0,-14,-5,0,-8,-14,22,21,13,-2,goodbye
11.344767808914185,1,-2,6,-8,-7,-18,-13,-9,-10,-22,15,3,-4,-9,goodbye
11.360337734222412,2,1,11,0,-8,-9,-8,-5,-21,-12,12,-2,-3,-8,goodbye
11.360337734222412,1,17,15,15,8,0,-4,-1,-26,-10,5,1,0,-2,goodbye
11.376031398773192,1,20,7,22,13,0,-8,-5,-18,-14,-2,0,-5,-3,goodbye
11.376031398773192,-2,13,4,13,0,1,-10,-4,-24,-13,-10,-4,-9,-16,goodbye
11.391334295272827,-9,10,0,16,8,9,-1,0,-28,-14,-8,-2,-7,-21,goodbye
11.391334295272827,-8,15,5,23,26,9,6,-2,-8,-9,-4,0,-4,-9,goodbye
11.40695595741272,0,17,15,14,16,12,13,3,15,18,2,1,2,2,goodbye
11.40695595741272,0,9,4,12,9,17,26,7,18,40,6,0,1,0,goodbye
11.42219614982605,-5,3,0,20,19,13,30,2,4,25,-6,-11,-14,0,goodbye
11.42219614982605,-2,0,0,13,13,6,25,1,4,8,-9,-12,-7,12,goodbye
11.438228130340576,0,-8,-4,0,-3,3,17,1,5,3,1,0,6,19,goodbye
11.438228130340576,-4,-11,-5,1,-6,2,4,3,-5,0,-3,-4,-2,7,goodbye
11.45435118675232,-1,-8,-7,5,0,9,4,4,10,16,-11,-12,-5,2,goodbye
11.45435118675232,11,-3,6,3,2,15,13,6,46,39,0,1,9,17,goodbye
11.469602346420288,14,-2,4,0,0,3,6,0,42,27,2,12,12,21,goodbye
11.469602346420288,6,-11,-9,-9,-12,-8,-9,-4,10,-1,-7,4,2,7,goodbye
11.485231876373293,-1,-21,-10,-19,-19,-8,-12,-1,6,-9,-9,-1,1,0,goodbye
11.485231876373293,-12,-25,-20,-29,-16,-12,-10,-2,14,0,-5,-10,3,-1,goodbye
11.501364946365356,-17,-20,-19,-27,-10,-13,-15,-3,2,-5,-5,-7,1,-5,goodbye
11.501364946365356,0,-7,-5,-4,-9,-2,-5,0,-2,-12,6,6,4,4,goodbye
11.517409563064575,17,2,1,0,-12,-10,0,1,0,-10,20,8,10,14,goodbye
11.517409563064575,10,0,0,-22,-14,-27,-13,-1,-9,-12,9,1,7,-1,goodbye
11.532962560653688,0,-6,0,-21,-6,-18,-19,-2,-28,-21,0,0,0,-19,goodbye
11.532962560653688,-1,0,0,-1,-1,0,-17,-2,-29,-20,-1,-1,-7,-18,goodbye
11.549609184265137,-8,3,-4,0,-3,2,-18,-3,-12,-11,-2,-8,-9,-13,goodbye
11.549609184265137,0,9,4,3,4,-1,-13,0,-2,-5,8,3,0,-3,goodbye
11.565075159072876,12,24,26,11,15,0,-10,5,-7,0,26,24,7,1,goodbye
11.565075159072876,3,20,11,5,9,3,-5,0,-4,8,14,15,2,-4,goodbye
11.580921411514282,-6,3,0,0,9,9,5,-1,-1,7,-10,-3,-6,-8,goodbye
11.580921411514282,-4,9,2,4,12,10,15,-1,-14,-6,-20,-10,-12,-8,goodbye
11.596471071243286,-8,15,-3,3,6,5,13,-6,-17,-16,-15,-6,-14,-12,goodbye
11.596471071243286,-9,2,4,1,9,10,8,-1,0,-7,1,3,-4,0,goodbye
11.612316608428957,0,-2,9,12,14,11,5,0,2,0,11,5,5,7,goodbye
11.612316608428957,-1,3,4,12,3,-3,-3,-4,-16,-1,-2,-6,-5,-11,goodbye
11.627900123596191,-10,1,0,3,-1,-3,-3,-1,-15,-4,-11,-9,-16,-17,goodbye
11.627900123596191,-2,0,0,13,2,9,9,4,4,0,-4,-2,-8,6,goodbye
11.64295744895935,12,6,9,25,3,7,15,2,8,0,0,0,0,18,goodbye
11.64295744895935,9,5,2,15,3,3,16,2,3,2,0,-6,0,6,goodbye
11.658565759658812,-3,1,-6,11,6,12,15,5,6,9,-3,-11,-1,0,goodbye
11.658565759658812,-2,3,-4,18,7,16,11,6,18,21,-3,-3,0,8,goodbye
11.673964738845823,9,-4,-3,6,1,3,9,0,27,27,0,0,9,15,goodbye
11.673964738845823,14,-13,2,-5,-3,-5,12,2,28,22,8,5,17,17,goodbye
11.690071105957031,9,-8,-1,-2,-4,-5,7,8,27,23,20,13,22,19,goodbye
11.690071105957031,-3,-15,-7,-16,-12,-4,-7,3,23,19,4,1,14,10,goodbye
11.706125974655151,-17,-33,-10,-35,-24,-6,-5,0,12,5,-25,-22,0,-2,goodbye
11.706125974655151,-12,-25,-14,-20,-13,-11,4,0,2,0,-19,-17,-2,-2,goodbye
11.722193956375122,0,-5,-8,-6,-4,-15,-6,0,-11,-5,0,4,-1,-1,goodbye
11.722193956375122,4,-1,-3,-11,-11,-8,-14,-3,-13,-13,0,7,2,-3,goodbye
11.738237619400024,2,0,2,-10,-8,-2,-1,-2,1,-3,4,2,14,3,goodbye
11.738237619400024,5,3,7,-2,0,-7,-3,0,5,4,13,6,12,6,goodbye
11.753913640975952,11,4,1,-2,-2,-10,-15,-4,-6,-5,7,13,1,0,goodbye
11.753913640975952,9,6,0,-16,-12,-6,-23,-9,-22,-18,-1,15,-3,-8,goodbye
11.76935338973999,-5,4,-6,-27,-14,-6,-27,-14,-30,-24,-4,2,-14,-18,goodbye
11.76935338973999,-6,2,-7,-11,0,-7,-16,-10,-22,-22,4,-1,-16,-21,goodbye
11.78527808189392,5,14,2,8,14,1,-3,0,-5,-15,14,14,1,-8,goodbye
11.78527808189392,-1,14,-5,-2,5,0,-12,0,-6,-17,6,14,-1,-4,goodbye
11.800405502319336,-16,2,-5,-15,0,-9,-23,-3,-18,-23,-1,3,-20,-12,goodbye
11.800405502319336,-2,9,7,11,17,1,-7,4,-8,-9,5,0,-13,-9,goodbye
11.8163902759552,5,15,15,31,21,12,5,4,1,-1,7,-2,-7,-4,goodbye
11.8163902759552,-4,3,14,21,8,11,11,3,-3,-9,0,-9,-17,-2,goodbye
11.831964015960692,3,6,8,24,19,16,20,10,0,0,0,-5,-4,10,goodbye
11.831964015960692,17,17,22,33,26,17,26,16,14,25,10,3,22,23,goodbye
11.848032474517822,9,6,21,20,4,5,24,11,11,29,9,-3,19,10,goodbye
11.848032474517822,-2,-2,-1,4,-7,0,12,1,-4,4,-10,-21,-5,-5,goodbye
11.86335277557373,-7,0,-5,1,0,10,3,-1,-5,-5,-24,-21,-12,0,goodbye
11.86335277557373,-11,-9,-3,2,1,14,11,-1,12,15,-12,-14,0,2,goodbye
11.879379034042358,-12,-14,-5,0,-5,9,18,0,19,21,-9,-18,3,-3,sil
11.879379034042358,-4,-3,-8,0,0,14,22,0,16,15,-10,-8,4,8,sil
11.895440816879272,2,-3,-6,4,1,11,25,-5,20,27,0,12,11,21,sil
11.895440816879272,-3,-9,-4,-2,-8,-7,6,-8,12,17,-6,6,0,6,sil
11.911465406417848,-14,-12,-22,-17,-21,-17,-19,-8,-9,-12,-24,-15,-14,-16,sil
11.911465406417848,-14,-20,-22,-23,-21,-14,-28,-9,-22,-24,-23,-13,-13,-20,sil
11.927351713180542,-7,-17,-3,-16,-8,-12,-18,-5,-8,-12,-7,3,0,-12,sil
11.927351713180542,3,-1,4,-6,3,-10,-3,3,11,9,7,14,16,4,sil
11.942986249923706,19,3,11,-5,0,-7,2,10,15,22,22,22,23,22,sil
11.942986249923706,28,0,7,-6,-8,-10,0,5,13,11,33,22,22,21,sil
11.95920991897583,27,4,7,-1,-4,-15,-8,0,7,-6,29,25,17,11,sil
11.95920991897583,10,4,4,-4,-5,-13,-17,1,-8,-14,0,16,2,2,sil
11.97510027885437,-9,-10,-10,-20,-17,-9,-17,0,-18,-16,-12,-5,-11,-7,sil
11.97510027885437,-6,-8,0,-20,-7,-2,-12,-1,-4,-10,8,-1,-7,-8,sil
11.990118026733398,6,4,6,-5,6,1,-8,-2,6,-3,15,11,0,-1,sil
11.990118026733398,4,10,0,0,4,1,-5,0,-4,-12,0,5,-1,-4,sil
12.006169080734251,1,21,1,9,9,2,-1,2,-12,-17,10,6,-2,-9,sil
12.006169080734251,1,28,6,23,21,1,3,-2,-9,-10,27,13,-3,-5,sil
12.02132797241211,-8,16,4,14,13,6,6,-6,-14,-9,6,-3,-12,-5,sil
12.02132797241211,-11,8,-4,14,8,10,0,-1,-11,-10,-5,-20,-12,-11,sil
12.037099361419678,0,17,4,33,16,7,-6,4,-4,-3,0,-13,-8,-9,sil
12.037099361419678,-2,14,9,24,13,12,4,7,-5,3,-8,-11,-10,-1,sil
12.060166597366331,-19,-13,-14,-2,0,19,14,3,-1,8,-26,-27,-11,-1,sil
12.060166597366331,-18,-28,-13,-9,-4,12,11,0,8,13,-29,-29,-9,0,sil
12.060166597366331,-4,-16,-3,-3,0,3,16,0,10,15,-22,-17,-1,7,sil
12.067556619644163,-1,-12,-9,-10,1,4,22,1,14,13,-14,-13,4,10,sil
12.08323049545288,0,-16,-2,-18,-4,6,24,3,17,15,-10,-3,6,8,sil
12.08323049545288,7,-11,2,-17,-14,-2,15,-3,12,11,-5,11,9,4,sil
12.098270177841188,10,-1,12,-7,-11,-18,-9,-7,2,-4,13,24,15,0,sil
12.098270177841188,10,10,20,11,-1,-15,-25,0,0,0,37,24,19,2,sil
12.114302158355711,4,12,4,12,0,0,-13,2,-1,16,23,8,6,2,sil
12.114302158355711,-5,-3,-8,-4,-6,9,0,0,6,15,-20,-5,-13,-8,sil
12.130661964416504,-3,-17,-4,-11,-6,0,-2,-1,6,0,-27,-1,-5,-5,sil
12.130661964416504,5,-8,5,-15,0,-19,-13,0,-12,-12,6,12,10,3,sil
12.145484447479248,11,9,3,-12,5,-17,-15,0,-21,-20,26,21,11,1,sil
12.145484447479248,19,30,12,24,13,0,-3,-6,-9,-10,25,24,12,8,sil
12.161256313323976,19,33,28,52,10,3,2,0,-6,0,15,16,9,24,sil
12.161256313323976,1,5,4,26,-5,2,3,7,-5,-5,-9,-5,-8,14,sil
12.176405906677246,-16,-20,-21,-11,-17,10,12,1,0,-9,-35,-25,-23,-9,sil
12.177405834197998,-17,-19,-22,-14,-13,8,15,-7,0,-3,-35,-28,-20,-14,sil
12.19210124015808,-11,-15,-20,-19,-3,-7,-2,-4,7,-2,-12,-19,-9,-10,sil
12.193100929260254,-12,-9,-11,-26,4,-15,-21,1,1,-13,3,-3,-1,-13,sil
12.20813536643982,0,14,2,5,13,-6,-17,0,-9,-14,11,5,1,-13,sil
12.20813536643982,17,27,17,37,21,7,0,0,0,4,28,12,7,0,sil
12.223350524902344,5,6,6,15,11,20,15,5,9,19,28,8,7,8,sil
12.23991632461548,-23,-20,-22,-21,-11,17,18,5,5,9,-17,-16,-12,-6,sil
12.23991632461548,-15,-22,-16,-28,-17,0,4,0,11,4,-37,-19,-18,-11,sil
12.23991632461548,10,0,5,-17,0,-14,-11,-3,14,12,7,10,7,8,sil
12.255420923233032,16,16,11,-6,8,-18,-21,-7,-6,-8,26,20,15,8,sil
12.255420923233032,3,11,4,0,-1,-13,-19,-2,-17,-29,4,4,-2,-6,sil
12.27131414413452,-5,0,1,5,-9,-7,-1,3,-1,-2,10,-2,-3,-2,sil
12.28636884689331,-8,-1,5,12,0,5,17,8,7,23,15,-7,0,-4,sil
12.287370443344116,-15,-9,-3,6,7,19,20,7,3,15,-2,-16,-6,-12,sil
12.287370443344116,-23,-19,-5,-5,1,20,16,4,2,15,-8,-13,-7,0,sil
12.302465677261353,-7,-18,-2,-6,-2,16,15,0,5,28,2,-4,8,14,sil
12.302465677261353,16,-12,0,-3,3,9,15,-1,9,22,6,4,27,22,sil
12.318207502365112,17,-3,10,-8,6,-3,8,0,12,5,13,17,31,28,sil
12.31920838356018,10,6,2,-4,-3,-12,0,0,13,2,21,21,26,18,sil
12.334267854690552,14,6,-2,-10,-15,-16,-14,-4,8,-3,7,20,18,3,sil
12.334267854690552,11,2,5,-21,-16,-22,-30,-8,-2,-20,-7,16,4,0,sil
12.349414825439451,5,10,4,-5,-7,-15,-27,-8,-16,-20,-4,11,-7,-5,sil
12.349414825439451,15,24,13,11,5,0,-11,-3,-28,-19,-19,8,-16,-8,sil
12.364604711532593,16,23,11,14,10,-1,-10,-4,-41,-38,-47,-2,-28,-14,sil
12.364604711532593,0,15,4,29,4,-11,-20,-12,-45,-51,-38,-11,-35,-24,sil
12.38191056251526,-3,21,13,45,7,0,-4,0,-24,-32,-16,-1,-26,-18,sil
12.38191056251526,-2,15,5,38,15,11,16,14,2,-6,-11,-8,-16,-2,sil
12.398019552230837,-14,-1,-3,24,9,15,17,11,7,6,-2,-19,-16,0,sil
12.398019552230837,-12,-1,-3,25,5,31,26,5,14,23,7,-14,-10,0,sil
12.413129091262816,0,0,-6,17,13,34,33,3,25,35,8,-11,2,8,sil
12.427726030349731,-8,-14,-11,-14,4,9,11,0,13,21,2,-19,0,6,sil
12.427726030349731,-26,-32,-23,-39,-8,-9,-2,-6,1,7,-7,-27,-9,-10,sil
12.444564580917358,-26,-35,-24,-38,-7,-5,2,0,11,9,-7,-30,-2,-15,sil
12.444564580917358,-25,-33,-23,-35,-10,0,1,7,23,16,9,-24,9,-9,sil
12.444564580917358,-16,-20,-19,-32,-16,-4,-1,3,30,27,24,0,19,0,sil
12.460982084274292,10,3,2,-9,-9,-6,0,3,33,31,35,28,34,19,sil
12.460982084274292,26,15,12,9,-2,-9,-5,3,24,18,41,44,44,30,sil
12.475006103515623,26,8,20,-5,-8,-21,-15,0,8,3,29,51,38,26,sil
12.490451097488403,33,5,26,-21,-12,-28,-17,1,0,-2,14,46,24,21,sil
12.490451097488403,28,6,11,-9,-4,-20,-17,-2,-22,-18,0,15,-2,1,sil
12.506069421768188,0,7,3,2,3,-12,-27,-10,-56,-41,-19,-13,-31,-28,sil
12.506069421768188,-13,14,1,9,7,0,-18,-8,-50,-40,-21,-17,-32,-32,sil
12.506069421768188,-7,15,-3,16,5,18,8,-1,-18,-18,-6,-14,-16,-15,sil
12.521349430084229,-9,0,-4,17,3,26,21,0,0,-1,-7,-14,-9,-2,sil
12.53698205947876,-14,-13,-6,13,0,19,19,0,2,5,-23,-13,-9,9,sil
12.53698205947876,-12,-13,-3,3,0,22,23,0,6,21,-26,-12,-7,18,sil
12.55253791809082,-3,-22,-8,-9,1,15,21,0,13,37,-11,-6,3,16,sil
12.55253791809082,5,-20,-3,-9,6,-8,-3,-4,12,17,-4,8,8,5,sil
12.568209171295166,1,7,0,3,9,-12,-16,0,4,-20,-2,4,0,-12,sil
12.568209171295166,-4,21,-10,3,7,-5,-1,3,8,-26,10,-10,0,-18,sil
12.58346462249756,6,13,0,-3,0,-12,6,6,14,-9,27,8,17,-1,sil
12.58346462249756,18,13,9,3,-6,-17,-3,3,0,-10,26,30,22,10,sil
12.599039554595947,9,18,12,11,0,-13,-10,-1,-12,-16,10,21,8,6,sil
12.599039554595947,7,19,23,12,8,-6,-9,0,-3,1,7,15,4,11,sil
12.614379167556764,15,12,17,5,8,0,-15,-1,-1,19,18,12,4,14,sil
12.614379167556764,0,2,3,-7,8,4,-16,-8,-11,6,2,-15,-14,-13,sil
12.629981517791748,-15,-1,-8,0,7,10,-1,-7,-14,-10,-27,-46,-39,-38,sil
12.629981517791748,-8,0,-5,15,0,15,7,0,-6,-14,-30,-40,-41,-28,sil
12.645342350006104,-2,0,1,9,-5,17,11,11,7,-1,-5,-4,-10,1,sil
12.645342350006104,-2,-2,-5,-1,-5,16,18,11,22,18,13,22,20,24,sil
12.66145634651184,-3,-13,-4,-7,-12,11,15,5,9,18,0,14,10,20,sil
12.66145634651184,-11,-24,-6,-13,-16,4,10,4,-17,3,-29,-11,-9,0,sil
12.677200555801392,-11,-21,-10,-14,-8,0,10,2,-12,11,-26,-12,-2,-1,sil
12.677200555801392,0,-14,-3,-10,0,-1,2,1,9,25,2,-1,9,8,sil
12.69214153289795,4,-10,-7,-8,0,-4,-7,-1,15,14,1,-11,0,-3,sil
12.69214153289795,-3,-5,-4,-3,-3,-5,-4,-4,8,-4,-16,-22,-9,-16,sil
12.70773959159851,-11,-7,-3,2,-10,-6,1,-8,6,-8,-6,-17,-5,-10,sil
12.70773959159851,-8,-8,-11,3,-8,-10,-4,-12,0,-14,8,-8,1,-6,sil
12.723715782165527,3,4,0,6,2,-7,-8,-9,-11,-28,3,5,3,-3,sil
12.723715782165527,14,14,11,18,8,-1,0,-2,-11,-21,1,24,7,11,sil
12.73909616470337,14,14,14,16,5,-2,0,3,-3,0,14,34,19,18,sil
12.73909616470337,9,15,10,4,4,-5,-9,3,0,9,21,28,24,9,sil
12.755108118057253,1,10,2,4,5,-7,-9,0,2,7,14,15,17,6,sil
12.755108118057253,3,8,3,9,6,-5,-6,8,8,13,12,15,11,9,sil
12.770424127578735,5,9,0,-1,7,0,0,6,18,16,14,13,9,4,sil
12.770825147628784,-13,-3,-8,-18,3,0,1,0,14,0,4,-3,-2,-7,sil
12.78589916229248,-24,-14,-17,-19,-1,0,0,0,1,-3,-3,-13,-11,-9,sil
12.78589916229248,-6,-10,-16,-20,-2,0,1,-2,-8,0,-1,-5,-7,-3,sil
12.801911115646362,7,-6,2,-31,-2,-4,-3,-5,-24,-21,-11,-1,-14,-5,sil
12.801911115646362,11,-3,5,-20,-5,-11,-16,-1,-32,-37,-20,-7,-20,-8,sil
12.81740665435791,12,2,6,0,-11,-6,-19,0,-19,-15,-1,-8,-10,-1,sil
12.81740665435791,2,2,7,5,-11,4,-4,3,0,7,15,-5,0,2,sil
12.833280801773071,-3,3,1,12,5,9,11,6,22,18,12,0,3,3,sil
12.833280801773071,7,16,13,24,23,16,16,4,37,26,8,5,6,7,sil
12.848442554473875,19,19,16,24,13,13,14,-2,25,24,6,2,10,7,sil
12.848442554473875,12,10,7,9,0,2,9,-6,-8,2,-2,2,3,3,sil
12.864007711410522,-1,3,-1,-1,0,1,8,-3,-32,-21,-13,-1,-11,-1,sil
12.864007711410522,-8,0,-7,0,1,5,9,-3,-28,-21,-14,-15,-11,-9,sil
12.879278421401978,-5,0,1,6,2,6,8,1,-2,3,0,-13,6,-2,sil
12.879278421401978,-9,-2,-4,6,1,3,5,7,17,22,14,0,9,8,sil
12.894097805023192,-20,-11,-14,6,-5,-3,-6,3,14,10,4,0,0,-1,sil
12.894097805023192,-16,-14,-8,4,-7,2,-7,2,10,1,-2,-1,3,-5,sil
12.9092435836792,0,-5,1,0,0,16,10,5,16,9,3,5,12,8,sil
12.9092435836792,11,0,18,-1,0,8,9,0,10,3,-10,3,-2,5,sil
12.925931930541992,8,-8,1,-4,-7,-3,-10,-13,-8,-18,-33,-10,-26,-14,goodbye
12.925931930541992,-12,-19,-24,-14,-11,-7,-20,-15,-28,-29,-34,-24,-39,-30,goodbye
12.941110610961914,-25,-9,-14,-9,-5,-10,-9,0,-24,-20,-14,-17,-30,-29,goodbye
12.941110610961914,-14,1,-4,10,1,-13,5,3,-1,0,6,0,-1,-6,goodbye
12.956149101257324,-5,-3,-4,8,-8,-9,1,0,0,8,1,3,11,9,goodbye
12.971890211105348,0,-4,-3,-6,-12,-3,-3,-2,-12,0,-18,-7,5,0,goodbye
12.971890211105348,10,6,4,-10,3,0,0,-1,-6,-2,-8,0,6,0,goodbye
12.971890211105348,12,1,11,-11,8,0,-3,1,0,1,6,16,11,17,goodbye
12.987911462783812,7,-9,-2,-14,0,-5,-9,0,-3,1,-2,7,10,16,goodbye
13.004334926605225,8,0,0,-10,3,-5,-5,0,3,1,6,6,21,12,goodbye
13.004334926605225,12,11,8,0,11,0,0,6,18,18,38,29,37,18,goodbye
13.004334926605225,14,5,4,0,5,-3,-7,8,20,22,36,33,26,14,goodbye
13.019017696380615,13,1,4,-3,-6,-10,-16,6,9,0,12,14,5,4,goodbye
13.019017696380615,7,2,5,0,-11,-6,-1,3,3,-12,7,0,-2,0,goodbye
13.035170316696169,2,6,6,2,0,8,16,7,15,0,13,0,-7,3,goodbye
13.035170316696169,5,13,0,-2,15,17,19,10,31,10,11,6,-3,7,goodbye
13.0495126247406,4,13,-1,-6,14,5,9,0,26,4,3,10,3,0,goodbye
13.065049171447754,0,9,8,1,3,-8,0,-10,9,0,0,-1,-3,-10,goodbye
13.065049171447754,0,9,3,14,1,-5,0,-6,-2,3,9,-10,-3,-7,goodbye
13.08039665222168,0,9,2,18,6,0,-5,-5,-18,0,15,-4,2,-3,goodbye
13.08039665222168,-5,11,5,15,6,1,-9,-12,-31,-13,8,-3,-5,-11,goodbye
13.09641146659851,-15,13,-1,19,1,15,2,-8,-27,-12,-2,-10,-15,-13,goodbye
13.09641146659851,-16,-1,-1,16,-2,22,17,3,-19,-3,-12,-12,-14,-8,goodbye
13.111660718917848,-14,-23,-9,6,-5,10,18,0,-13,0,-29,-24,-21,-7,goodbye
13.111660718917848,-9,-19,-8,8,-1,5,9,-3,-10,5,-43,-31,-24,-2,goodbye
13.127377033233644,-3,-5,0,9,3,12,5,2,-10,16,-28,-13,-7,5,goodbye
13.127377033233644,-3,-15,-7,-14,-4,5,0,2,-5,11,-5,-1,3,6,goodbye
13.14309859275818,-5,-23,-9,-26,-11,-8,-8,0,1,-7,-9,-3,-1,0,goodbye
13.14309859275818,0,-11,-9,-4,-5,-10,-10,-1,8,-6,-9,-3,-2,0,goodbye
13.158943176269531,1,-9,-9,-2,-7,-8,-5,-3,4,0,0,0,0,0,goodbye
13.158943176269531,-5,-16,-11,-23,-8,-10,0,0,1,-6,-11,-1,0,-4,goodbye
13.17434287071228,-1,-9,-10,-21,0,-12,1,4,7,-9,-11,1,7,-3,goodbye
13.17434287071228,7,1,3,-14,-6,-10,-5,6,8,0,10,11,12,-3,goodbye
13.190255880355837,4,1,3,-17,-13,-7,-11,0,1,-4,13,15,2,-4,goodbye
13.190255880355837,2,2,6,-7,-3,-7,-11,-3,4,-20,2,14,-2,2,goodbye
13.206196546554564,16,17,22,8,-1,-7,-15,2,11,-15,11,23,12,11,goodbye
13.206196546554564,26,24,16,13,-3,-4,-12,0,10,0,28,32,24,9,goodbye
13.221060991287231,20,20,12,8,6,0,-3,-1,5,0,26,25,14,5,goodbye
13.221060991287231,10,19,17,15,11,3,0,0,0,-3,22,12,8,1,goodbye
13.237070560455322,5,20,19,30,10,2,-7,-3,-9,-1,13,8,9,-1,goodbye
13.237070560455322,-3,12,7,20,8,0,-7,-1,-13,-7,-8,-1,-4,-4,goodbye
13.253151178359984,-13,2,-9,0,4,10,13,3,0,1,-14,-17,-11,-3,goodbye
13.253151178359984,-2,2,2,11,9,28,30,12,12,26,3,-12,3,6,goodbye
13.26908040046692,4,0,3,23,16,26,26,11,7,27,5,-1,6,15,goodbye
13.26908040046692,-12,-15,-19,-2,6,5,11,-3,-5,10,-8,-16,-13,7,goodbye
13.284664869308472,-19,-20,-22,-15,2,0,7,-9,-7,17,-11,-27,-17,0,goodbye
13.284664869308472,-3,-10,-18,0,5,4,12,0,5,26,-12,-21,-7,0,goodbye
13.30021858215332,-9,-17,-17,-21,-8,-6,-4,-2,7,2,-24,-16,-10,-8,goodbye
13.30021858215332,-24,-32,-24,-55,-24,-21,-24,-8,-3,-15,-28,-20,-12,-23,goodbye
13.315939903259276,-9,-15,-16,-36,-13,-16,-17,-2,-2,-5,-12,-9,-5,-20,goodbye
13.315939903259276,10,12,7,-2,0,0,-4,5,0,-2,9,8,0,-2,goodbye
13.331308603286743,4,14,4,2,3,0,0,0,-14,-16,19,4,1,-1,goodbye
13.331308603286743,-3,9,4,10,10,1,9,0,-22,-12,13,-6,-1,-11,goodbye
13.347432851791382,-2,6,11,16,10,13,19,5,-3,6,0,-6,-7,-5,goodbye
13.347432851791382,-11,-13,-1,3,-3,14,10,0,-1,7,-13,-8,-5,3,goodbye
13.36304211616516,-21,-27,-11,-10,-13,-1,-3,-7,-12,-8,-23,-13,-7,2,goodbye
13.36304211616516,-10,-15,-5,-8,-12,-8,1,-3,8,-4,-12,-1,-2,7,goodbye
13.378136157989502,14,-1,14,0,-6,-6,7,6,38,8,12,27,22,20,goodbye
13.378136157989502,28,2,16,0,-3,-15,0,9,32,5,34,44,41,28,goodbye
13.394171237945557,18,0,-1,-15,-10,-29,-15,0,4,-10,30,33,25,17,goodbye
13.394171237945557,7,2,0,-20,-14,-23,-21,-5,-5,-17,11,19,2,-4,goodbye
13.409204244613647,20,17,14,7,0,0,-10,-4,0,-3,15,17,3,-4,goodbye
13.409204244613647,36,37,31,35,12,8,-2,1,0,9,34,29,14,15,goodbye
13.425031900405884,32,38,30,38,14,0,-4,0,-3,5,33,33,12,13,goodbye
13.425031900405884,15,22,11,36,13,-2,-4,-4,-8,-2,11,10,0,-3,goodbye
13.4399254322052,0,16,9,32,10,11,-5,-3,-16,-11,-5,-8,-12,-8,goodbye
13.4399254322052,-10,15,3,24,3,18,-8,-2,-17,-18,-13,-13,-19,-13,goodbye
13.455527067184448,-14,3,-2,15,-1,3,-9,-1,-12,-15,-22,-20,-19,-19,goodbye
13.455527067184448,-13,-5,-1,19,0,3,0,0,-4,0,-25,-20,-14,-11,goodbye
13.47160506248474,-10,0,2,26,3,16,11,1,-1,5,-18,-6,-11,0,goodbye
13.47160506248474,-11,1,5,18,1,12,6,2,-8,-1,-25,-7,-16,-1,goodbye
13.487224102020264,-18,-6,-15,9,1,5,-1,-1,-15,-8,-39,-29,-23,-11,goodbye
13.487224102020264,-22,-17,-24,2,7,11,0,-7,-15,-9,-41,-34,-24,-14,goodbye
13.50233507156372,-9,-16,-8,-15,7,17,9,2,-5,1,-33,-16,-9,-3,goodbye
13.50233507156372,2,-9,-15,-27,1,10,13,7,11,28,-10,-4,10,7,goodbye
13.517828464508057,-3,-17,-21,-42,0,0,6,1,13,28,3,-10,14,6,goodbye
13.517828464508057,-16,-38,-28,-70,0,-3,12,1,13,5,-9,-27,4,-2,goodbye
13.533111810684204,-16,-38,-37,-80,-8,-3,29,8,26,9,-16,-28,6,-5,goodbye
13.533111810684204,-14,-21,-32,-67,-14,-8,19,13,25,27,6,-9,15,-1,goodbye
13.548238277435305,-19,-24,-33,-60,-13,-19,-6,2,16,20,27,-2,18,0,goodbye
13.548238277435305,-18,-27,-21,-53,-16,-28,-19,-11,19,1,35,-1,16,0,goodbye
13.564055681228638,-5,-8,-3,-31,-18,-18,-6,-2,20,-5,39,7,16,1,goodbye
13.564055681228638,7,7,10,-7,-5,0,7,8,9,-2,37,9,8,0,goodbye
13.580637693405151,12,8,23,12,11,10,6,1,1,3,39,15,0,0,goodbye
13.580637693405151,20,12,29,29,8,1,-6,-8,-3,0,39,28,4,11,goodbye
13.595345258712769,33,26,44,43,0,-8,-18,-6,-15,-13,22,38,1,19,goodbye
13.595345258712769,33,31,46,55,1,-6,-12,-5,-23,-9,10,38,-3,15,goodbye
13.610357522964478,20,19,27,57,7,1,-1,-7,-15,-1,4,32,0,12,goodbye
13.610357522964478,15,21,22,56,3,0,0,0,-1,0,-4,23,2,15,goodbye
13.626493453979492,16,34,21,62,4,-2,-2,4,0,0,-7,16,0,12,goodbye
13.626493453979492,9,30,19,50,12,0,-5,0,-8,-13,-16,10,-5,0,goodbye
13.641615867614746,0,12,2,25,5,3,-5,-3,-17,-30,-36,-8,-16,-14,goodbye
13.65722155570984,-4,5,-11,18,-9,-5,-12,-6,-18,-28,-43,-22,-24,-19,goodbye
13.65722155570984,-4,10,-3,20,-7,-12,-21,-3,-18,-17,-26,-9,-20,-16,goodbye
13.65722155570984,4,14,-1,14,1,-1,-9,2,-9,-9,-6,5,-3,-5,goodbye
13.672550678253174,7,8,-2,4,7,14,11,7,9,3,0,4,11,8,goodbye
13.672550678253174,-3,-1,-3,-1,8,18,20,9,16,17,0,-2,19,13,goodbye
13.688459873199465,-12,-13,-14,-17,2,13,14,0,1,20,0,-11,16,0,goodbye
13.688459873199465,-13,-19,-16,-28,0,9,3,-3,-5,13,-2,-17,4,-16,goodbye
13.70348596572876,-12,-18,-10,-23,4,0,-1,0,0,4,-3,-14,-4,-14,goodbye
13.719103813171388,-14,-17,-6,-26,3,-7,-4,-3,-7,-5,0,-13,-11,-9,goodbye
13.719103813171388,-18,-19,-17,-43,-7,-2,-1,-7,-10,-9,0,-16,-15,-16,goodbye
13.735891819000244,-17,-21,-23,-43,-19,0,5,0,7,0,0,-16,-10,-19,goodbye
13.735891819000244,-13,-28,-6,-34,-21,0,8,8,15,2,0,-11,-8,-10,goodbye
13.735891819000244,-11,-27,-11,-34,-7,5,8,1,6,-7,1,-18,-9,-4,goodbye
13.750118255615234,-9,-9,-16,-24,13,11,1,-1,2,-10,2,-15,-7,0,goodbye
13.76525068283081,0,3,-1,2,22,5,0,3,9,4,9,4,2,13,goodbye
13.76525068283081,18,7,9,15,13,-2,9,1,21,23,22,20,21,30,goodbye
13.781330823898315,30,14,20,7,1,0,16,5,30,34,20,22,29,42,goodbye
13.781330823898315,15,7,10,4,-2,2,6,3,18,27,0,8,14,26,goodbye
13.797179937362673,-7,-3,-1,6,-1,-3,-6,-8,-11,-4,-22,-14,-13,-6,goodbye
13.797179937362673,-19,0,-5,4,-4,-5,-8,-9,-24,-27,-34,-33,-32,-26,goodbye
13.812533855438232,-22,0,-15,-5,-11,-6,-5,0,-11,-15,-30,-30,-27,-27,goodbye
13.812533855438232,-13,0,-4,-5,-8,-7,-3,3,-10,-5,-9,-3,-2,-17,goodbye
13.82819962501526,8,20,8,23,1,0,0,0,-13,-5,5,16,15,2,goodbye
13.82819962501526,21,29,15,43,3,-2,-2,0,3,8,13,22,19,17,goodbye
13.844263792037964,25,14,26,30,0,-3,-5,8,27,30,30,33,27,25,goodbye
13.844263792037964,24,0,16,8,0,0,0,3,28,34,39,39,38,30,goodbye
13.859468221664429,4,-14,1,-10,-8,-3,-5,-7,-1,14,13,22,22,11,sil
13.859468221664429,-11,-22,-9,-21,-12,-10,-13,-6,-34,-11,-11,2,-2,-14,sil
13.875113248825071,-8,-7,-10,-9,2,-2,-8,-2,-33,-25,0,1,-11,-17,sil
13.875113248825071,-3,5,-3,4,12,7,-4,0,-9,-25,18,7,-7,-4,sil
13.890379190444946,5,6,2,9,6,6,2,1,9,-15,11,6,0,1,sil
13.890379190444946,23,10,10,5,0,-2,8,7,17,-4,0,4,2,3,sil
13.90608024597168,16,6,0,-4,-10,-11,1,7,15,4,0,-1,-4,0,sil
13.90608024597168,-9,-6,-11,-15,-13,-14,-8,-6,-3,1,-5,-9,-12,-12,sil
13.92119312286377,-14,-3,0,-14,0,-8,-7,-12,-20,-17,-14,-8,-13,-22,sil
13.92119312286377,-8,5,-4,-1,9,-5,-1,-3,-12,-27,-15,-13,-20,-18,sil
13.93732237815857,-10,8,0,7,11,0,1,3,-1,-16,-8,-18,-22,-4,sil
13.93732237815857,-1,14,12,15,15,8,14,2,3,0,4,-5,-4,3,sil
13.952938556671144,7,14,7,12,12,13,19,1,12,5,9,5,9,3,sil
13.952938556671144,4,3,5,0,0,13,1,2,10,6,0,-1,0,1,sil
13.968352794647217,1,-5,0,1,-2,14,0,-1,-5,4,-2,-10,-8,0,sil
13.968352794647217,-2,-7,0,7,0,11,8,-3,-8,-3,-3,-3,-4,3,sil
13.984330415725708,-14,-7,-4,0,0,3,0,1,0,-6,-12,-1,-2,4,sil
13.984330415725708,-19,-13,-12,-2,0,0,-12,3,-2,0,-17,-9,-4,-4,sil
13.99934720993042,-9,-17,-3,0,-5,7,-3,2,-1,5,-23,-14,-4,-3,sil
13.99934720993042,2,-12,0,-2,-8,10,11,0,7,11,-26,-10,0,11,sil
14.014913320541382,5,-4,0,-1,-1,4,6,0,0,17,-4,-6,3,12,sil
14.014913320541382,-3,-6,-9,-2,0,4,4,1,-8,16,12,-6,0,0,sil
14.030967473983765,-10,-10,-15,-9,1,10,13,1,11,21,6,-3,8,2,sil
14.030967473983765,0,-3,0,-5,4,8,8,4,28,31,7,9,29,16,sil
14.04706859588623,6,-3,-2,-9,-1,-8,-3,1,21,27,13,7,27,10,sil
14.04706859588623,0,-8,-10,-23,-11,-32,-14,-4,5,6,8,2,10,-2,sil
14.068226099014282,6,11,7,-7,-7,-32,-23,-5,-4,-12,15,16,11,1,sil
14.068226099014282,21,29,14,9,-3,-17,-23,-3,-8,-19,25,25,14,4,sil
14.068226099014282,16,19,8,-2,-6,-19,-21,-3,-8,-15,19,23,1,-6,sil
14.077827215194702,12,15,5,1,0,-21,-15,-8,-12,-10,12,21,-6,-9,sil
14.092966794967651,15,24,13,31,8,3,1,-9,-18,-23,4,9,-13,-5,sil
14.092966794967651,2,10,10,28,7,26,20,0,-17,-21,-15,-8,-26,-9,sil
14.10848617553711,-16,-19,-13,-6,-1,23,25,6,-1,5,-30,-22,-26,-10,sil
14.10848617553711,-21,-29,-20,-20,-3,18,22,10,13,13,-25,-22,-10,0,sil
14.124153852462769,-9,-16,-13,-9,2,11,18,9,13,0,-5,-5,5,9,sil
14.124153852462769,0,-10,-5,-18,0,-14,-2,0,0,-10,3,2,8,1,sil
14.140118598937988,0,-4,-1,-25,-8,-19,-17,1,-5,-18,9,2,5,-5,sil
14.140118598937988,1,14,3,10,0,1,-6,7,-3,-18,23,13,8,-1,sil
14.154858350753784,2,20,14,28,11,0,-10,-4,-15,-13,15,9,0,-4,sil
14.154858350753784,-11,3,5,10,9,-6,-17,-10,-22,-15,-6,-15,-18,-15,sil
14.17054009437561,-17,-6,0,5,3,15,2,0,-5,-7,-12,-21,-24,-11,sil
14.186227321624756,-8,-9,3,7,2,29,24,4,5,13,-24,-15,-20,-1,sil
14.186227321624756,-8,-13,-7,5,4,11,25,1,12,26,-32,-23,-11,4,sil
14.186227321624756,-5,-4,0,9,5,-4,13,3,33,26,-9,-11,9,14,sil
14.201938390731812,10,2,7,1,-4,-14,-1,1,32,22,7,7,25,14,sil
14.201938390731812,16,-2,0,-15,-13,-15,-13,-6,8,13,7,14,20,9,sil
14.217023372650146,14,0,7,-16,-5,-5,-17,-3,3,0,15,19,17,11,sil
14.217023372650146,16,6,8,-10,0,0,-20,1,6,0,28,22,19,9,sil
14.232983589172363,14,12,6,-8,0,-4,-19,1,-4,4,27,25,18,4,sil
14.24842357635498,14,19,6,0,0,-10,-9,0,-12,0,22,22,15,5,sil
14.24842357635498,14,20,5,14,4,-14,0,-2,-9,-6,20,9,5,-1,sil
14.264379501342772,8,14,11,27,9,2,11,0,-1,2,14,0,-6,-10,sil
14.264379501342772,-3,7,-1,23,10,23,21,-1,-2,9,-2,-6,-12,-6,sil
14.264379501342772,-11,-1,-9,9,7,18,17,0,-14,-1,-26,-14,-24,0,sil
14.282975435256958,-14,-10,-4,7,2,15,10,2,-12,-3,-34,-17,-30,-4,sil
14.282975435256958,-21,-22,-16,-1,-3,13,3,-5,-2,5,-28,-23,-19,-12,sil
14.29500651359558,-31,-27,-23,-16,-10,2,-2,-4,-3,3,-22,-22,-9,-9,sil
14.310073852539062,-24,-20,-16,-13,-10,-1,5,2,1,0,-22,-19,-5,1,sil
14.310073852539062,-2,-10,-3,-9,-9,-3,6,5,12,-3,-18,-13,0,9,sil
14.325474262237549,10,0,2,-14,-8,-14,-7,5,10,-10,0,3,10,5,sil
14.325474262237549,7,0,-4,-16,-7,-20,-16,-3,-1,-14,7,9,15,-6,sil
14.341336250305176,-6,-15,-11,-28,-12,-15,-14,-8,-17,-21,-8,-5,-3,-22,sil
14.341336250305176,-11,-14,-14,-26,-7,-6,-4,-2,-17,-25,-2,-9,-15,-20,sil
14.35736322402954,0,11,1,-4,5,-1,4,4,-1,-10,20,11,2,0,sil
14.35736322402954,10,18,10,6,1,0,3,9,6,2,22,24,18,13,sil
14.373278379440308,14,7,8,6,-6,0,-2,5,3,-3,14,18,13,12,sil
14.373278379440308,20,16,25,10,5,-2,-11,-2,-6,-14,9,10,0,0,sil
14.373278379440308,11,16,17,11,17,-2,-16,-8,-13,1,5,3,-1,-2,sil
14.38988733291626,-6,2,3,12,16,8,-1,-6,-4,21,10,0,6,0,sil
14.38988733291626,-5,8,8,23,17,17,18,1,6,20,13,-5,6,0,sil
14.4062762260437,1,14,3,29,15,12,19,7,11,11,4,-12,-8,2,sil
14.420356512069702,0,5,2,24,7,15,15,10,14,13,-3,-4,-11,13,sil
14.420356512069702,4,3,3,17,-3,14,18,6,22,20,-8,1,4,16,sil
14.435845136642456,13,-5,-4,-4,-15,-7,3,-6,27,16,-10,1,14,12,sil
14.435845136642456,16,-19,-5,-30,-14,-16,-15,-8,20,12,3,12,17,9,sil
14.451579809188845,10,-12,-4,-29,-4,-11,-22,-2,1,5,18,24,16,2,sil
14.451579809188845,-7,2,-4,-11,0,-16,-28,0,-14,-8,14,14,1,-13,sil
14.467111587524414,-16,6,-9,8,7,-12,-18,0,-11,-6,6,-1,-11,-19,sil
14.467111587524414,-8,8,-1,20,15,10,14,0,-4,2,-4,-9,-15,-5,sil
14.482232332229614,-2,9,11,16,8,24,31,1,0,-7,-26,-11,-20,5,sil
14.482232332229614,0,-2,4,3,0,16,23,7,11,-11,-24,-10,-9,8,sil
14.49803590774536,8,-13,0,-10,-4,2,13,6,14,0,0,1,14,15,sil
14.49803590774536,4,-15,-5,-29,-9,-8,1,-4,0,-9,6,4,16,8,sil
14.513158559799194,-5,-12,-10,-35,-8,-19,-14,-12,-18,-21,-3,1,1,-17,sil
14.513158559799194,-2,3,4,-13,-4,-20,-22,-8,-34,-13,0,1,-1,-21,sil
14.529256582260132,1,15,7,15,-7,-12,-18,-9,-43,-9,10,-3,-5,-6,sil
14.529256582260132,-2,7,3,22,-6,-8,-18,-5,-45,-20,-4,-13,-23,-10,sil
14.54478645324707,-4,-1,0,16,-4,0,-8,5,-24,-12,-18,-13,-22,-11,sil
14.54478645324707,-5,-7,-6,11,-2,17,14,8,7,15,-9,-11,-3,3,sil
14.56014895439148,-17,-14,-11,2,4,27,15,5,14,15,-10,-21,-5,-2,sil
14.56014895439148,-32,-17,-24,0,7,23,5,0,9,5,-25,-32,-18,-15,sil
14.576228618621826,-29,-11,-15,0,2,14,14,2,24,22,-23,-20,-6,0,sil
14.576228618621826,-6,-3,2,-9,-2,7,24,10,43,35,-1,2,15,18,sil
14.591572523117064,13,2,4,-15,-4,-6,7,9,36,8,10,13,15,16,sil
14.591572523117064,19,5,9,-8,-2,-16,-10,1,5,-19,5,22,7,10,sil
14.607583284378052,18,1,9,-1,0,-13,-3,-2,-5,-13,11,29,18,10,sil
14.607583284378052,21,0,4,-13,0,-3,0,-2,9,1,30,28,26,8,sil
14.62345576286316,15,5,0,-19,1,-5,-12,0,7,2,28,22,15,1,sil
14.62345576286316,3,13,-1,0,0,-16,-16,-3,-10,-4,11,10,3,-1,sil
14.639097452163696,11,19,12,13,0,-10,0,-2,0,-2,11,12,7,4,sil
14.639097452163696,22,12,8,3,1,-1,2,0,15,4,19,16,14,3,sil
14.65492582321167,5,1,1,-10,-3,-10,-17,-4,-2,-7,7,6,2,-14,sil
14.65492582321167,-14,2,0,-3,-6,-14,-27,-6,-23,-23,-6,-8,-18,-27,sil
14.670483827590942,-6,6,-3,11,6,0,-12,-5,-14,-11,-1,-12,-15,-17,sil
14.670483827590942,1,6,2,14,19,11,0,0,-6,0,2,-9,-6,-4,sil
14.685919284820557,-5,8,4,20,15,7,6,0,-14,-2,-6,-10,-15,-3,sil
14.685919284820557,-4,10,9,33,12,10,14,0,-14,3,-4,-3,-12,1,sil
14.701018810272217,9,8,16,33,12,23,24,5,4,20,10,7,8,17,sil
14.701018810272217,11,0,4,20,3,22,33,7,12,20,8,5,10,21,sil
14.716484546661375,0,-11,-2,2,-7,10,25,4,-3,6,-6,-7,-3,17,sil
14.716484546661375,-8,-19,-10,-10,-9,4,9,2,-12,0,-23,-24,-9,10,sil
14.732387781143188,-13,-18,-16,-15,-7,-2,-2,-2,-5,1,-37,-33,-13,-4,sil
14.732387781143188,-13,-10,-5,-4,-4,0,-6,0,0,3,-25,-20,-12,-6,sil
14.74792456626892,-13,-8,-5,0,-2,6,-7,3,1,9,-4,-4,-1,0,sil
14.74792456626892,-19,-12,-12,-20,-6,-5,-17,0,-3,4,-6,0,0,-4,sil
14.7639262676239,-18,-14,-12,-28,-9,-11,-18,-4,-1,-7,-10,0,0,-7,sil
14.7639262676239,-1,-10,1,-10,-6,-1,0,-1,13,-8,-2,7,3,1,sil
14.779294967651367,11,1,11,1,0,0,12,4,24,1,5,20,11,6,sil
14.779294967651367,7,7,-6,-11,0,-7,9,4,23,6,9,13,14,2,sil
14.795391321182253,0,-4,-11,-32,-14,-13,0,5,17,-6,-2,-3,2,-6,sil
14.795391321182253,8,-5,0,-17,-12,-7,-2,0,8,-18,-7,0,0,-3,sil
14.811479091644289,19,9,7,12,5,0,-10,-11,-2,-13,13,16,15,10,sil
14.811479091644289,1,6,5,2,0,-6,-19,-7,-14,-5,23,7,9,-1,sil
14.82706594467163,-11,-3,-8,-14,-11,-11,-18,0,-12,-8,7,-5,-5,-24,sil
14.82706594467163,5,8,1,2,-1,-3,-14,0,-4,-10,0,1,-3,-14,sil
14.842219829559326,13,17,10,10,4,-1,-8,-2,-7,-7,5,3,-2,-5,sil
14.842219829559326,-1,5,0,-3,2,-3,1,-1,-7,-3,8,-4,-7,-15,sil
14.858340978622437,-5,-1,3,-4,11,2,9,2,0,4,13,3,-2,-4,sil
14.858340978622437,1,-1,6,7,15,4,13,0,-5,5,13,9,0,10,sil
14.874027490615845,1,4,6,9,11,-1,11,-4,-18,0,7,0,0,9,sil
14.874027490615845,5,18,8,21,10,0,5,4,-7,7,9,1,3,7,sil
14.889049530029297,15,17,7,36,3,6,3,8,12,19,11,9,4,13,sil
14.889049530029297,10,2,10,18,-2,6,5,2,6,12,-1,4,0,12,sil
14.904202461242676,-8,-4,-5,-3,-3,2,3,-1,-12,1,-15,-6,-6,3,sil
14.904202461242676,-11,-4,-8,0,-1,2,-7,-2,-15,-2,-12,-5,-10,0,sil
14.920040845870972,-3,-4,0,7,2,5,-8,0,-2,0,-4,0,-4,1,sil
14.920489072799684,-5,-6,-2,0,5,7,0,0,4,1,-10,-6,-2,0,sil
14.935307264328005,-1,1,4,4,3,19,3,3,4,-2,-15,-2,-1,1,sil
14.935307264328005,15,9,9,17,3,20,8,7,14,7,1,11,14,10,sil
14.95126748085022,7,2,0,8,0,0,9,6,19,19,4,1,16,7,sil
14.95126748085022,-8,-2,-7,-4,-7,-9,6,2,9,1,-15,-21,-6,-5,sil
14.967345714569092,-5,0,-10,-5,-4,2,10,-1,7,-11,-16,-19,-10,-9,sil
14.967345714569092,-8,-4,-7,-14,1,5,8,-1,12,3,0,-5,1,-10,sil
14.982731819152832,-15,-13,-9,-20,0,-2,0,-4,7,7,0,-5,0,-10,sil
14.982731819152832,-4,-10,-4,-16,-7,-5,0,-6,-2,-9,-4,-3,-7,-5,sil
14.998306274414062,3,-3,4,-10,-3,-1,7,0,1,-5,0,4,0,1,sil
14.998306274414062,5,-2,2,-1,5,0,2,4,10,14,12,8,10,7,sil
15.014295101165771,7,-6,4,-2,0,-4,-13,1,0,7,16,8,11,9,sil
15.014295101165771,0,-9,-1,-9,-16,-13,-16,-5,-20,-15,1,0,1,0,sil
15.030256032943726,-5,-6,-3,-1,-11,-15,-9,-13,-24,-18,-14,-13,-10,-11,sil
15.030256032943726,-7,-5,-5,-4,-3,-4,-8,-8,-17,-11,-17,-10,-12,-14,sil
15.93134331703186,0,-11,-2,-19,-5,12,18,6,32,27,1,2,10,15,sil
15.93134331703186,13,-11,0,-19,-9,12,21,5,33,30,-10,10,10,28,sil
15.94698166847229,10,-17,0,-7,-17,-2,6,-1,16,18,-14,3,8,11,sil
15.94698166847229,13,-11,6,-2,-12,-10,-5,-3,10,8,9,-1,6,0,sil
15.962568521499634,10,-6,-1,-13,-9,-9,-10,-1,9,-5,7,-2,3,0,sil
15.962568521499634,0,-15,-11,-23,-11,-10,-14,-3,-10,-22,-13,-6,-5,-4,sil
15.979087114334106,2,-10,-3,-16,-10,-13,-13,-3,-25,-25,-2,-1,-12,-9,sil
15.979087114334106,13,8,0,0,-7,-15,-4,-4,-14,-12,16,6,-5,-4,sil
15.995202779769896,8,11,2,-3,0,-19,-7,0,-9,-4,16,12,3,-2,sil
15.995202779769896,2,6,4,-15,5,-19,-12,5,-5,-1,24,13,14,2,sil
16.010332345962524,11,16,7,-1,4,-3,-4,6,6,6,34,17,27,11,sil
16.010332345962524,14,20,18,12,6,10,0,5,5,7,19,18,22,1,sil
16.025938272476196,5,8,12,10,9,6,-7,-1,-6,-1,5,12,2,-6,sil
16.025938272476196,0,6,7,8,8,-3,-13,-1,-11,-8,7,11,-6,1,sil
16.0411856174469,-8,10,0,7,5,-2,-10,0,-15,-16,1,7,-7,-3,sil
16.0411856174469,-16,5,-7,2,4,3,-3,-8,-21,-20,-15,-7,-18,-22,sil
16.056391954421997,-10,8,4,8,5,9,0,-8,-12,-9,-19,-14,-24,-15,sil
16.056391954421997,-6,12,2,18,8,15,10,0,0,-4,-9,-13,-17,-2,sil
16.07988476753235,-16,0,-9,10,5,16,17,0,-1,-8,-15,-19,-17,-4,sil
16.07988476753235,-22,-12,-10,4,2,16,18,0,0,5,-26,-26,-16,-3,sil
16.07988476753235,-13,-13,-9,8,5,16,16,1,15,21,-16,-23,-3,2,sil
16.087955474853516,-5,-16,-4,0,0,10,9,5,23,18,-4,-13,7,8,sil
16.103392839431763,0,-24,-10,-17,-16,-8,3,3,22,14,-3,-7,14,12,sil
16.103392839431763,7,-20,-4,-27,-23,-27,-8,-3,13,4,-1,5,13,6,sil
16.11956024169922,6,-5,5,-20,-8,-30,-21,-6,-5,-16,8,15,4,-7,sil
16.11956024169922,7,7,4,0,6,-19,-21,-1,-15,-22,17,11,1,-14,sil
16.13497543334961,15,20,14,19,11,-2,-7,6,-4,-1,8,12,5,-4,sil
16.13497543334961,9,17,9,22,7,5,6,3,0,11,-5,8,0,5,sil
16.149956464767456,-9,-3,-6,3,0,7,4,-5,-17,-1,-11,-9,-12,0,sil
16.149956464767456,-13,-14,-9,-8,-10,10,0,-2,-28,-3,-9,-17,-10,-2,sil
16.16557216644287,-3,-9,-5,0,-11,9,9,5,-7,19,-2,-3,4,11,sil
16.16557216644287,0,-3,3,4,0,11,13,6,17,27,4,6,12,14,sil
16.181533813476562,-3,-5,-2,-9,2,18,8,1,19,15,1,0,7,5,sil
16.181533813476562,-4,-6,-11,-20,-4,11,10,3,16,9,-1,-6,2,5,sil
16.1976215839386,8,8,4,-6,-6,2,9,9,23,5,12,7,11,11,sil
16.1976215839386,25,20,15,8,1,-3,-9,0,14,-3,26,20,16,6,sil
16.212919235229492,24,17,9,2,3,-13,-21,-10,-9,-11,26,21,8,1,sil
16.212919235229492,20,15,4,2,7,-13,-6,0,-7,-9,34,25,8,0,sil
16.227569341659546,14,15,9,15,16,-5,4,2,8,-4,30,20,12,-3,sil
16.227569341659546,-5,5,5,14,10,-1,0,-5,-5,-4,-3,-1,-1,-13,sil
16.243422508239746,-19,-5,-13,5,-2,-3,-1,-7,-20,0,-28,-18,-16,-11,sil
16.243422508239746,-13,-7,-8,3,-4,-1,3,3,-7,0,-31,-17,-16,0,sil
16.25904631614685,-8,-12,-5,6,-1,7,13,6,5,-4,-26,-15,-12,1,sil
16.25904631614685,-3,-16,-6,0,-9,4,5,0,9,-5,-10,-3,0,3,sil
16.27528715133667,1,-9,0,-19,-14,-11,-15,0,5,-10,1,14,5,1,sil
16.27528715133667,0,3,-1,-20,-7,-14,-17,0,-13,-26,-6,1,-13,-15,sil
16.290009021759033,-5,10,6,-3,2,-4,-12,-8,-34,-35,-16,-13,-35,-24,sil
16.290009021759033,-9,5,8,5,10,0,-9,-7,-26,-20,-8,-7,-19,-8,sil
16.304919242858887,-9,0,-2,11,12,8,9,0,-3,10,-1,-7,0,3,sil
16.304919242858887,-1,0,4,16,9,20,24,5,16,35,-10,-14,0,7,sil
16.32106065750122,1,-9,1,5,0,6,12,0,24,34,-14,-5,1,12,sil
16.32106065750122,-1,-29,-6,-22,-16,-17,-10,-7,11,15,-1,0,9,14,sil
16.336815357208252,-3,-26,-4,-33,-15,-14,-12,-2,4,11,15,0,16,10,sil
16.353172302246094,3,-3,-2,-16,3,0,0,3,14,13,25,10,26,7,sil
16.353172302246094,12,10,5,-2,7,-2,-2,3,7,-2,25,15,24,0,sil
16.353172302246094,15,16,3,-1,0,-10,-4,0,-6,-18,19,4,9,-7,sil
16.367767572402954,6,22,1,4,4,-2,-3,2,-7,-12,11,2,3,-5,sil
16.384886741638184,-5,21,0,18,8,10,-3,5,-7,0,0,2,0,-4,sil
16.384886741638184,-12,10,-2,22,4,15,0,0,-10,4,-7,-8,-7,-9,sil
16.384886741638184,-15,1,-3,13,3,22,13,-2,-5,-2,-10,-14,-14,-10,sil
16.400009870529175,-20,-4,-14,3,0,27,13,0,0,-1,-15,-18,-18,-8,sil
16.400009870529175,-15,-6,-9,4,0,18,4,2,1,11,-21,-15,-18,0,sil
16.41414165496826,0,-7,-3,5,1,0,9,3,5,16,-10,-5,-9,8,sil
16.43126153945923,3,-21,-15,-10,-7,-14,11,0,8,4,-6,-8,0,1,sil
16.43126153945923,0,-27,-8,-29,-20,-18,0,1,10,-5,-10,-3,8,-1,sil
16.43126153945923,15,-5,7,-21,-11,-15,0,1,19,-2,9,21,19,14,sil
16.44832444190979,30,12,15,-15,0,-17,-6,-4,9,-7,23,34,16,17,sil
16.44832444190979,23,15,13,-13,-7,-21,-25,-5,-19,-20,9,21,2,-4,sil
16.461963415145874,12,24,11,12,-3,-10,-18,-1,-22,-17,12,17,3,-6,sil
16.477363348007202,7,26,23,37,17,10,0,3,-3,-4,23,17,3,9,sil
16.477363348007202,-4,10,12,25,12,11,0,1,-8,0,1,-2,-13,0,sil
16.49397087097168,-19,0,-7,10,-4,0,-6,-6,-29,-8,-20,-23,-30,-22,sil
16.49397087097168,-17,-3,0,16,1,13,6,-4,-26,-14,-14,-13,-27,-13,sil
16.49397087097168,-5,-10,2,16,14,29,28,2,-2,3,-6,-3,-11,8,sil
16.51130199432373,-2,-13,-4,-2,5,16,26,3,8,23,-11,-9,-2,10,sil
16.51130199432373,0,-6,-3,-4,-1,1,12,2,16,20,-8,-3,7,4,sil
16.524399280548096,12,-2,5,9,0,-3,4,4,34,14,10,15,27,13,sil
16.54010558128357,14,-4,6,1,-4,-11,-4,6,36,24,22,20,36,18,sil
16.54010558128357,6,-5,-4,-15,-13,-19,-17,0,10,17,15,14,25,8,sil
16.55518937110901,7,0,2,-12,-9,-20,-20,-6,-9,-9,18,20,20,0,sil
16.55518937110901,11,4,0,-2,0,-18,-17,-6,-8,-19,30,20,19,-1,sil
16.571099042892456,5,6,-3,4,2,-14,-19,-2,-8,-13,22,7,1,-8,sil
16.571099042892456,-1,15,7,6,6,-7,-16,3,-9,-16,0,-2,-13,-11,sil
16.586480140686035,-8,11,-4,-2,7,-3,-6,2,0,-14,-11,-17,-14,-5,sil
16.586480140686035,-12,0,-12,-8,4,6,0,3,8,1,-17,-18,-13,2,sil
16.602023363113403,-7,-4,-4,2,6,22,12,5,4,12,-24,-20,-16,4,sil
16.602023363113403,-17,-16,-18,-8,6,21,21,-4,-1,1,-45,-46,-25,-8,sil
16.61745309829712,-37,-32,-36,-43,0,13,21,-4,2,0,-63,-59,-33,-16,sil
16.61745309829712,-25,-33,-29,-48,-7,11,16,0,18,15,-51,-40,-17,-4,sil
16.633341312408447,-4,-24,-12,-42,-12,3,0,-6,13,7,-29,-24,-7,-5,sil
16.633341312408447,-11,-16,-17,-47,-13,-2,-9,-12,-10,-17,-8,-12,-10,-22,sil
16.648356914520264,-7,1,-10,-26,-6,-2,-5,0,-20,-13,20,10,0,-18,sil
16.648356914520264,15,28,24,11,0,-7,-11,9,-14,2,36,27,12,-3,sil
16.66399049758911,14,34,18,27,1,-11,-20,1,-16,0,29,21,5,-5,sil
16.66399049758911,1,19,9,32,4,-2,-9,-2,-25,-7,20,11,0,-10,sil
16.679076671600342,8,17,30,46,6,8,3,1,-21,0,21,15,10,3,sil
16.679076671600342,9,23,32,51,8,15,9,0,-8,6,26,19,15,18,sil
16.694583654403687,2,14,26,50,9,18,26,1,1,7,21,19,11,22,sil
16.694583654403687,15,1,21,44,5,9,38,11,23,13,13,24,21,28,sil
16.710307836532593,34,-2,20,17,2,-5,17,8,39,11,22,40,35,33,sil
16.710307836532593,31,0,15,1,-1,-14,-3,-3,24,-8,26,47,27,21,sil
16.72535538673401,16,9,6,9,-6,-19,-10,-7,-6,-22,15,32,5,3,sil
16.72535538673401,7,13,7,18,-1,-9,-14,3,-17,-14,6,16,-5,0,sil
16.740909337997437,0,1,0,18,6,9,0,9,1,9,-3,1,-2,3,sil
16.740909337997437,-5,-16,-11,4,0,10,14,4,26,25,-14,-9,0,9,sil
16.75698232650757,-5,-25,-22,-24,-13,-6,3,-1,28,19,-13,-13,0,9,sil
16.75698232650757,-2,-17,-29,-38,-13,-20,-10,-9,10,-1,-10,-11,-3,0,sil
16.77211356163025,-7,-5,-20,-33,-1,-17,-18,-6,-14,-18,-11,-23,-22,-21,sil
16.77211356163025,-25,-9,-29,-30,0,0,-25,-7,-34,-16,-21,-50,-37,-37,sil
16.78752088546753,-37,-20,-34,-27,-4,8,-16,-9,-32,-8,-41,-59,-39,-33,sil
16.78752088546753,-28,-22,-20,-21,-1,7,2,1,-10,-2,-45,-43,-34,-21,sil
16.803656339645386,-15,-20,-14,-22,2,7,12,10,11,7,-24,-29,-16,-10,sil
16.803656339645386,-7,-18,-4,-30,-3,2,1,2,22,16,-11,-11,10,0,sil
16.81918978691101,4,-4,5,-26,-10,-10,-12,-4,12,9,2,15,22,7,sil
16.81918978691101,21,20,19,-5,0,-12,-13,-4,0,-5,35,38,24,15,sil
16.834941625595093,26,37,32,11,9,-7,-7,0,6,-6,50,49,30,18,sil
16.834941625595093,17,26,18,12,1,-15,-16,-2,8,1,29,31,25,4,sil
16.850894927978516,7,15,9,4,1,-18,-23,-7,-22,-6,4,5,9,-5,sil
16.850894927978516,2,14,7,7,10,1,-7,-2,-38,-21,0,0,0,-1,sil
16.865939378738403,-2,8,5,16,7,16,5,0,-16,-15,-3,-1,-9,-3,sil
16.865939378738403,-2,9,11,26,5,17,12,0,1,-2,-7,-8,-10,-8,sil
16.881124019622803,0,13,8,35,12,20,24,7,-1,3,-5,-11,-4,0,sil
16.881124019622803,-5,0,3,33,11,27,28,14,0,3,-3,-10,-8,4,sil
16.897155284881592,-8,-4,-3,26,7,31,37,14,18,14,-1,-9,-9,3,sil
16.897155284881592,-4,-1,-6,15,10,25,47,8,30,29,-5,-4,-3,9,sil
16.912381649017334,-16,-15,-6,-8,1,8,25,0,16,17,-17,-7,-9,2,sil
16.927887201309204,-24,-25,-21,-16,-11,-5,0,-7,-1,0,-20,-20,-13,-11,sil
16.927887201309204,-2,-12,-11,0,-10,-8,0,-3,-1,3,-16,-16,2,0,sil
16.927887201309204,14,-6,5,-5,-9,-2,0,0,10,13,-4,4,17,18,sil
16.94394040107727,11,-12,-1,-24,-16,-1,-5,-4,18,5,11,17,17,16,sil
16.960036039352417,7,-13,-7,-23,-19,-17,-6,-2,10,-8,10,16,8,5,sil
16.960036039352417,5,-16,-9,-23,-19,-30,-9,0,-6,-17,0,13,-1,-3,sil
16.961042642593384,4,-9,0,-27,-15,-19,-23,-7,-19,-21,5,17,-4,-8,sil
16.97545075416565,7,14,10,-4,-7,-11,-29,-6,-17,-13,18,21,5,-5,sil
16.97545075416565,1,16,0,4,-1,-22,-27,0,-9,-6,26,15,11,-5,sil
16.99197292327881,0,8,-2,-9,8,-13,-18,1,-7,-7,25,12,1,-8,sil
16.99197292327881,12,23,5,2,22,4,-3,-3,-5,0,19,11,0,-1,sil
17.00706458091736,10,33,13,33,17,-4,-8,-6,-9,2,14,6,-2,2,sil
17.00706458091736,0,21,18,29,3,-8,-21,-3,-14,-10,3,-4,-14,-4,sil
17.022265434265137,0,10,10,14,8,0,-15,-2,-5,-7,-5,-7,-6,-8,sil
17.022265434265137,0,1,4,16,21,0,0,3,1,7,-1,0,10,1,sil
17.038360357284546,-6,-12,-3,17,14,9,7,6,6,14,-1,-10,5,7,sil
17.053439617156982,-7,-21,-3,4,3,19,4,2,18,14,-14,-21,-2,2,sil
17.054439067840576,-3,-21,-4,-6,3,13,8,4,14,13,-27,-21,-6,0,sil
17.054439067840576,-2,-17,-12,-5,0,12,26,3,-1,7,-32,-23,-17,0,sil
17.07022523880005,-5,-8,-5,-4,-4,15,27,1,6,-2,-24,-16,-12,0,sil
17.07022523880005,-5,-8,-6,-13,-9,5,11,3,27,2,-11,-5,5,4,sil
17.08663249015808,0,-14,-9,-24,-14,-3,8,4,21,8,0,0,14,7,sil
17.08663249015808,-1,-8,-3,-28,-11,-4,8,1,0,-4,14,10,12,7,sil
17.100356817245483,-8,3,-4,-14,-1,0,0,0,-18,-24,12,8,0,0,sil
17.115901470184326,-9,21,2,9,1,13,-1,0,-26,-23,-4,-5,-23,-14,sil
17.115901470184326,-11,27,3,13,0,19,12,-3,-27,-2,-10,-14,-26,-17,sil
17.133005619049072,-11,4,-9,1,-13,6,11,-5,-23,2,-13,-16,-15,-8,sil
17.133005619049072,4,-8,-3,2,-28,-2,0,2,1,1,-10,2,3,3,sil
17.133005619049072,19,5,5,6,-5,0,3,5,34,17,17,31,30,18,sil
17.148032665252686,20,11,15,1,22,-1,13,2,36,32,31,32,36,26,sil
18.020942449569706,-1,-5,-10,-15,-9,-18,-24,-4,5,-1,2,2,20,0,sil
18.03700399398804,3,-1,0,-18,-4,-13,-13,-2,18,6,17,17,17,7,sil
18.03700399398804,0,-7,-10,-20,0,-13,-17,-4,-6,-4,21,7,2,-8,sil
18.05213475227356,-6,-2,-4,-10,-1,-10,-18,-8,-28,-16,10,-6,-1,-29,sil
18.05213475227356,9,18,15,13,0,-4,-6,-3,-4,-4,14,3,33,-21,sil
18.067265033721924,9,24,12,25,12,8,6,2,14,8,16,5,48,-9,sil
18.067265033721924,-15,9,-2,13,16,16,11,4,-1,4,-11,-14,14,-10,sil
18.083324670791622,-18,0,-5,7,0,10,15,1,-12,0,-27,-22,-6,-12,sil
18.083324670791622,-8,-2,5,6,-6,17,23,6,2,0,-14,-4,-3,-5,sil
18.09951543807984,-12,-16,-1,-7,-7,15,26,4,13,0,-15,2,-7,8,sil
18.09951543807984,-3,-20,-9,-30,-18,-18,11,-4,6,-7,-18,2,-4,17,sil
18.11511301994324,20,-7,9,-32,-21,-28,-12,0,8,-9,4,22,17,23,sil
18.11511301994324,30,14,19,-1,-5,-3,-18,5,17,-5,24,41,28,23,sil
18.131235122680664,29,32,28,33,9,1,-16,0,3,-7,21,31,9,11,sil
18.131235122680664,25,29,28,42,16,1,-12,0,-13,0,18,14,-5,7,sil
18.14672255516052,12,8,7,35,22,17,-2,2,-6,17,21,10,3,17,sil
18.14672255516052,0,0,1,31,20,18,1,1,1,15,13,5,2,10,sil
18.162298917770386,-11,0,-1,25,7,7,9,-4,-10,-1,-1,-17,-24,-10,sil
18.162298917770386,-26,-6,-13,9,0,10,20,-3,-17,3,-18,-40,-37,-19,sil
18.17837715148925,-33,-20,-25,-16,0,16,22,0,-2,22,-25,-41,-21,-17,sil
18.17837715148925,-28,-28,-29,-37,-4,5,10,0,18,15,-17,-32,-9,-11,sil
18.194149494171143,-15,-21,-13,-37,-5,-2,-3,1,21,-5,-12,-17,-15,-3,sil
18.194149494171143,-5,-13,-14,-29,-8,-8,-7,1,8,-9,-18,-7,-20,-3,sil
18.20976448059082,0,-16,-14,-29,-19,-18,-11,-3,0,-7,-19,-6,-13,-8,sil
18.210268259048465,0,-10,-8,-25,-13,-21,-18,0,4,-7,-4,-1,1,-6,sil
18.225319385528564,2,6,-10,-14,1,-13,-18,1,8,-2,9,11,9,-8,sil
18.225319385528564,5,19,0,-3,4,0,-8,-2,-1,3,16,15,6,-10,sil
18.24094939231873,17,27,10,1,7,6,3,-3,-14,7,21,17,13,1,sil
18.24094939231873,20,29,9,2,13,1,5,0,-14,0,16,23,16,11,sil
18.25650644302368,0,18,6,10,6,1,0,4,-9,-15,2,8,0,5,sil
18.25650644302368,-13,0,2,23,1,14,9,5,-2,-9,-1,-14,-3,3,sil
18.272565364837646,-9,-13,8,17,6,18,26,0,7,9,0,-11,5,6,sil
18.272565364837646,0,-9,5,12,1,11,18,0,19,15,0,3,3,4,sil
18.288241147994995,6,-3,4,17,-10,0,-2,0,17,11,-12,2,-9,0,sil
18.288241147994995,7,-8,6,6,-17,-18,-12,0,1,0,-24,-3,-9,-2,sil
18.304211139678955,7,-10,0,-8,-17,-31,-19,-5,-14,-19,-3,3,7,1,sil
18.304211139678955,9,0,10,-5,-11,-28,-24,-3,-22,-28,30,20,20,3,sil
18.31944990158081,7,5,15,7,0,-9,-4,0,-19,-20,32,19,11,0,sil
18.31944990158081,1,6,6,23,7,10,16,1,-8,-7,8,5,-2,0,sil
18.33532953262329,0,9,7,26,13,18,21,6,0,5,-4,-1,-3,7,sil
18.33532953262329,-4,-1,-5,5,7,8,18,5,7,15,-12,-14,-5,4,sil
18.35103678703308,-9,-17,-10,-16,-4,0,3,1,12,17,-17,-17,-7,1,sil
18.35103678703308,5,-8,0,-11,0,0,-7,1,12,24,0,3,16,11,sil
18.366740226745605,22,4,5,-7,8,-5,-12,-3,8,15,21,22,37,17,sil
18.366740226745605,10,5,3,-17,-3,-14,-24,-7,0,-9,24,21,20,3,sil
18.38240671157837,-2,13,-2,-5,-2,-3,-19,-6,-1,-9,18,10,4,-11,sil
18.38240671157837,0,19,4,14,11,21,1,0,0,11,6,-4,2,-7,sil
18.39795017242432,-9,4,-3,0,0,20,4,1,-8,3,-16,-22,-12,-6,sil
18.39795017242432,-23,-5,-15,-17,-7,6,-3,-4,-23,-19,-27,-25,-26,-16,sil
18.41291904449463,-12,1,-2,0,10,16,0,0,-15,-11,-18,-14,-18,-7,sil
18.41291904449463,-6,0,-5,8,10,19,7,0,3,7,-18,-17,-17,0,sil
18.42806911468506,-17,-14,-16,-10,-1,0,10,0,9,7,-28,-23,-20,-8,sil
18.42806911468506,-12,-20,-14,-18,-3,-4,15,3,11,7,-19,-7,-6,-2,sil
18.44369530677796,0,-19,-6,-17,-10,-11,8,3,11,0,0,10,2,6,sil
18.44369530677796,1,-8,-1,-22,-17,-26,-6,0,-1,-24,1,12,-4,-5,sil
18.45943069458008,7,9,-6,-8,-1,-14,-1,0,-6,-26,5,11,-9,-12,sil
18.45943069458008,14,17,6,12,11,0,0,0,-1,-7,19,9,-5,-8,sil
18.474942684173584,4,12,19,22,7,1,-10,0,-3,0,20,2,-1,-7,sil
18.474942684173584,-4,5,5,30,2,9,-2,0,1,4,10,1,0,5,sil
18.490196228027344,-3,-1,0,25,-3,10,7,2,9,15,6,7,2,15,sil
18.490196228027344,0,-11,0,8,-13,-3,2,1,9,17,2,-2,5,4,sil
18.50575876235962,4,-11,5,2,-8,-3,2,0,15,13,-3,-8,5,0,sil
18.50575876235962,9,-1,6,1,1,4,12,1,27,13,-2,3,9,9,sil
18.52135252952576,13,-6,-3,-14,0,-5,5,1,27,12,6,15,24,14,sil
18.52135252952576,19,-8,8,-26,-8,-16,-14,1,11,0,11,19,33,12,sil
18.53677988052368,20,8,13,-16,0,-12,-12,-1,-10,-13,11,15,23,8,sil
18.53677988052368,7,21,-1,-1,11,-5,0,-5,-25,-16,8,4,4,0,sil
18.552366495132446,-5,17,-4,4,16,0,4,0,-23,-15,-1,-10,-10,-11,sil
18.552366495132446,-12,12,0,12,16,7,8,2,-24,-10,-14,-21,-18,-13,sil
18.5680034160614,-16,7,-1,14,11,17,6,0,-36,-8,-27,-24,-27,-6,sil
18.5680034160614,-25,-5,-15,1,1,18,3,-3,-29,-7,-34,-27,-29,-2,sil
18.583317756652832,-27,-19,-18,-13,-7,10,6,-7,-4,3,-22,-23,-11,1,sil
18.583317756652832,-10,-14,-3,-11,-6,10,4,-4,10,26,1,1,9,20,sil
18.599421739578247,10,-2,0,-2,-2,9,4,2,17,36,10,15,18,25,sil
18.599421739578247,11,0,3,-1,-9,-5,0,5,23,19,6,9,16,7,sil
18.614372491836548,5,-2,1,0,-13,-20,-15,0,24,2,12,6,14,-4,sil
18.63045454025269,9,0,-2,-1,-1,-20,-27,-4,9,-11,17,8,7,-12,sil
18.63045454025269,7,7,4,-2,6,-12,-21,0,-15,-22,10,8,-6,-27,sil
18.63045454025269,0,10,8,12,5,-7,-9,0,-23,-25,11,6,-20,-27,sil
18.64613485336304,0,12,17,28,9,2,0,-1,-17,-24,9,2,-22,-15,sil
18.64613485336304,-5,0,5,14,0,12,10,0,-10,-12,-5,-12,-18,-11,sil
18.662078142166138,-17,-20,-11,-6,-20,2,10,0,-2,2,-15,-15,-10,-6,sil
18.662078142166138,-9,-22,-2,-6,-20,-8,4,3,7,1,-5,2,1,5,sil
18.67837882041931,8,-9,3,0,-4,-5,0,1,19,-1,6,16,12,11,sil
18.67837882041931,19,0,10,0,-2,-1,-7,1,23,8,18,25,23,17,sil
18.69398641586304,23,10,16,0,-2,0,-6,3,16,17,32,35,37,26,sil
18.69398641586304,18,13,8,-4,4,7,-3,-2,2,7,26,27,24,15,sil
18.70920991897583,5,13,6,-4,11,5,-10,-4,-7,-14,1,7,-8,-6,sil
18.70920991897583,5,18,7,19,14,3,0,1,-4,-13,-5,0,-17,-4,sil
18.723368644714355,6,17,7,34,9,12,19,2,0,6,-5,-7,-14,8,sil
18.739409923553467,-5,6,0,16,5,18,21,3,-2,14,-15,-17,-17,5,sil
18.739409923553467,-13,-2,-13,0,13,13,23,5,5,16,-20,-17,-7,9,sil
18.739409923553467,-8,-7,-12,-4,11,11,32,4,16,29,-17,-15,6,18,sil
18.755061149597168,-8,-15,-19,-15,-1,6,28,0,16,36,-18,-27,10,13,sil
18.770178079605103,-17,-30,-25,-38,-10,-6,6,3,15,19,-30,-36,2,2,sil
18.770178079605103,-16,-32,-30,-55,-13,-14,-6,7,16,-4,-39,-28,-5,-12,sil
18.78560781478882,-4,-11,-31,-41,-6,-18,-12,-2,5,-14,-22,-15,-1,-25,sil
18.78560781478882,2,4,-9,-19,3,-19,-17,-6,-10,-15,1,-3,4,-20,sil
18.801575183868408,-1,0,-10,-18,0,-15,-17,-3,-18,-22,0,-6,-6,-14,sil
18.801575183868408,-8,0,-14,-21,-4,-16,-21,-10,-30,-36,-7,-11,-20,-25,sil
18.81728386878968,-5,11,3,-5,0,-16,-28,-12,-32,-38,10,0,-14,-24,sil
18.81728386878968,0,17,14,14,4,-3,-26,-7,-24,-24,22,13,-2,-10,sil
18.83230376243592,-3,13,23,24,5,9,-20,0,-31,-12,12,14,0,-8,sil
18.83230376243592,-4,10,25,40,4,12,-6,3,-27,0,19,13,6,0,sil
18.84831285476685,2,7,24,45,-1,10,10,0,0,10,31,15,13,15,sil
18.84831285476685,1,0,23,29,-6,12,14,-1,1,6,11,10,0,8,sil
18.86377763748169,0,-8,12,22,-7,14,13,0,-8,6,-2,5,-7,4,sil
18.86377763748169,9,-5,14,19,-13,5,12,4,11,19,10,15,7,18,sil
18.879141330719,9,-8,4,2,-19,-6,10,1,28,17,9,20,9,17,sil
18.879141330719,4,-16,-4,-11,-13,-4,10,0,23,2,-3,8,0,11,sil
18.894639492034912,14,-4,4,-2,-2,2,7,4,28,11,7,15,17,25,sil
18.894639492034912,24,6,5,2,3,-9,-2,0,24,21,19,30,34,24,sil
18.91026306152344,22,11,3,-5,9,-15,-12,-1,2,0,13,24,17,5,sil
18.91026306152344,20,25,2,0,21,8,0,9,6,-7,18,11,9,0,sil
18.926246881484985,16,26,4,12,23,23,11,11,21,11,17,3,8,0,sil
18.926246881484985,-3,7,1,11,11,11,3,1,11,13,-2,-8,-10,-6,sil
18.94227957725525,-15,0,-11,5,7,5,-2,-1,1,2,-9,-17,-21,-4,sil
18.94227957725525,-13,1,-13,0,10,13,11,1,1,1,-16,-20,-23,-7,sil
18.9578218460083,-21,-16,-21,-14,-1,10,25,0,-1,1,-37,-37,-26,-19,sil
18.9578218460083,-28,-29,-23,-29,-16,-8,10,-4,-1,-2,-35,-35,-19,-10,sil
18.97316956520081,-11,-18,-5,-30,-11,-18,-12,-3,1,-6,-18,-10,-14,0,sil
18.97316956520081,4,0,-6,-20,0,-12,-17,-6,-2,-9,-10,0,-10,-11,sil
18.98918437957764,7,11,-3,-13,3,-8,-18,-4,-14,-18,1,0,5,-10,sil
18.98918437957764,0,12,4,-3,2,-7,-16,-1,-27,-25,9,-3,11,0,sil
19.0050015449524,-5,6,0,12,-1,-4,-3,-6,-34,-17,-4,-13,-4,0,sil
19.0050015449524,0,0,5,23,-5,-8,5,-6,-25,0,-15,-7,-8,3,sil
19.02046227455139,-8,-19,1,6,-8,-11,5,0,-2,8,-7,0,6,7,sil
19.02046227455139,-26,-37,-13,-28,-16,-6,-5,2,6,6,-6,-8,11,-5,sil
19.035838842391968,-15,-20,-16,-33,-14,-10,-21,4,0,-1,-6,-5,7,-13,sil
19.035838842391968,8,5,-5,-7,-7,-12,-18,0,-9,-17,4,14,4,-4,sil
19.05096006393433,15,16,12,1,-5,2,0,3,-5,-20,23,25,5,2,sil
19.05096006393433,6,13,8,8,3,16,12,12,2,-1,22,10,5,-2,sil
19.066110849380493,-2,1,0,20,13,15,9,5,0,12,-1,-5,-3,-10,sil
19.066110849380493,0,-4,1,19,9,22,12,-4,6,19,-10,-1,0,-2,sil
19.08216071128845,7,-2,5,7,5,22,24,-2,28,29,0,2,15,11,sil
19.08216071128845,3,-1,5,-11,4,5,21,1,32,29,0,-3,10,7,sil
19.09827399253845,0,1,-8,-18,0,-9,-3,-3,4,8,-1,-7,-3,-3,sil
19.09827399253845,8,17,0,1,5,-8,-21,-9,-20,-21,15,7,-1,-4,sil
19.113927841186523,17,33,21,28,19,3,-7,-1,-14,-28,32,18,10,0,sil
19.113927841186523,16,27,16,37,21,13,7,6,1,-4,29,13,8,9,sil
19.1294858455658,7,6,14,27,11,14,5,6,5,9,9,10,-8,17,sil
19.1294858455658,2,-2,5,10,1,8,5,-2,10,10,-6,5,-13,16,sil
19.144565105438232,3,0,0,5,-5,0,7,-4,15,9,-8,-2,-7,14,goodbye
19.144565105438232,-3,-3,3,9,-7,-4,2,3,8,6,-9,0,-15,15,goodbye
19.16027975082397,-10,-14,-3,4,-7,-3,9,6,9,14,-8,4,-17,13,goodbye
19.16027975082397,-8,-18,-7,-13,-12,-7,13,4,21,22,-4,-1,-1,2,goodbye
19.176132440567017,-6,-17,-8,-26,-13,-17,-1,0,11,2,-10,-5,1,-11,goodbye
19.176132440567017,-6,-17,-13,-32,-17,-24,-18,-3,-10,-25,-20,-5,-7,-16,goodbye
19.191092252731323,-11,-20,-15,-43,-25,-21,-26,0,-17,-28,-17,-12,-6,-16,goodbye
19.191092252731323,-16,-22,-16,-40,-18,-12,-23,-1,-15,-12,-6,-17,0,-15,goodbye
19.20631432533264,-3,-3,-1,-16,-1,0,-14,-3,-16,-9,9,-1,7,-11,goodbye
19.20631432533264,12,21,6,0,2,2,-7,0,-10,-15,26,15,18,-3,goodbye
19.22201180458069,12,23,10,3,0,-11,-19,-2,-13,-12,22,11,18,-1,goodbye
19.22201180458069,12,21,17,25,7,-7,-23,-3,-22,0,8,3,6,-5,goodbye
19.2371039390564,12,26,9,42,18,12,1,0,-12,6,7,3,6,0,goodbye
19.2371039390564,1,16,7,28,18,12,12,1,-6,1,7,2,10,7,goodbye
19.25300407409668,0,4,7,20,13,9,6,-1,-14,0,-4,-6,5,0,goodbye
19.25300407409668,0,3,-4,21,15,25,25,0,-3,6,-17,-8,-2,-4,goodbye
19.26922726631165,-9,-7,-14,9,14,27,43,9,22,17,-17,-6,-7,0,goodbye
19.26922726631165,-14,-26,-20,-10,0,13,33,6,38,27,-13,-13,-5,1,goodbye
19.285143613815308,-5,-24,-9,-20,-6,14,23,1,33,29,-18,-17,-4,-1,goodbye
19.285143613815308,-3,-12,-3,-9,-5,14,22,6,16,21,-17,-12,-4,8,goodbye
19.300280332565308,-4,-15,-6,-1,-11,-6,7,7,9,8,-6,-6,1,19,goodbye
19.300280332565308,0,-14,0,-13,-12,-17,-5,1,10,-6,-4,2,3,10,goodbye
19.316387176513672,3,0,-2,-14,-2,-10,-7,-2,3,-16,0,9,-2,0,goodbye
19.316387176513672,1,2,0,-10,0,-8,-19,-9,-10,-19,14,11,-3,0,goodbye
19.3320906162262,0,-3,-1,-32,-1,-16,-39,-16,-22,-23,16,12,-1,-7,goodbye
19.3320906162262,-1,0,-7,-34,-3,-27,-49,-18,-34,-27,8,6,-12,-22,goodbye
19.34721350669861,0,15,4,0,-4,-25,-40,-7,-35,-27,7,5,-22,-21,goodbye
19.34721350669861,3,20,8,12,-4,-10,-10,6,-18,-19,7,6,-20,-4,goodbye
19.36334657669068,5,20,3,4,0,-1,7,8,0,-12,9,4,-15,0,goodbye
19.36334657669068,1,20,8,22,5,7,9,5,8,-4,16,1,-3,-2,goodbye
19.37951374053955,3,15,11,37,14,15,13,5,16,13,12,-1,8,4,goodbye
19.37951374053955,6,13,18,20,20,13,13,6,20,23,7,0,12,14,goodbye
19.394910097122192,6,12,14,15,9,10,13,0,15,14,6,2,14,8,goodbye
19.394910097122192,2,0,5,23,-4,12,14,-5,0,2,-6,3,11,3,goodbye
19.410079956054688,-5,-15,2,12,-9,14,15,2,-13,6,-22,-8,0,9,goodbye
19.42527437210083,-3,-16,1,-1,-5,14,19,5,-13,14,-20,-12,3,11,goodbye
19.42527437210083,13,-8,5,-1,-1,7,13,-2,0,20,-3,4,17,9,goodbye
19.44133496284485,16,-4,0,3,0,-1,-10,-10,10,23,10,15,24,8,goodbye
19.44133496284485,-3,-14,-7,-2,-2,-2,-23,-6,2,17,3,1,14,2,goodbye
19.44133496284485,-13,-23,-10,-14,-1,1,-3,2,0,6,-13,-15,0,-3,goodbye
19.45691752433777,-8,-18,-19,-20,-2,0,15,7,20,9,-17,-20,-5,-3,goodbye
19.4729962348938,-15,-14,-16,-25,-12,-8,11,13,29,5,-16,-18,-7,-3,goodbye
19.4729962348938,-20,-20,-19,-29,-19,-13,3,13,11,-8,-18,-12,-12,-8,goodbye
19.4729962348938,-3,-11,-16,-26,-8,-11,1,5,1,-11,-4,-1,-5,-9,goodbye
19.488247632980347,0,7,-7,-25,0,-6,0,-3,1,-7,11,3,3,-8,goodbye
19.50405979156494,-9,3,-13,-21,-5,-12,-7,-16,-11,-21,3,-4,-5,-21,goodbye
19.50405979156494,3,0,0,-9,0,-20,-13,-17,-25,-35,-6,6,-13,-26,goodbye
19.519226789474487,25,15,17,3,10,-15,-16,-3,-11,-18,11,30,4,-4,goodbye
19.519226789474487,26,26,17,16,12,-3,-18,1,-1,-3,29,33,14,14,goodbye
19.53456354141236,20,34,29,40,16,7,-15,3,-7,0,27,30,12,19,goodbye
19.53456354141236,24,45,37,58,27,14,-7,3,0,23,39,36,28,26,goodbye
19.55010676383972,21,35,30,45,24,13,-9,0,3,12,44,29,32,25,goodbye
19.55010676383972,-2,4,-1,15,0,8,-12,-3,-20,-58,6,-3,-2,2,goodbye
19.56567025184632,-28,-11,-23,-1,-12,0,0,-6,-36,-52,-26,-32,-33,-15,goodbye
19.56567025184632,-31,-11,-12,-3,-7,3,15,-2,-19,27,-28,-38,-34,-18,goodbye
19.581488847732544,-26,-19,-15,-11,-1,11,17,-1,-3,32,-33,-39,-40,-25,goodbye
19.581488847732544,-30,-26,-26,-25,-3,9,9,-2,-3,-7,-37,-38,-43,-28,goodbye
19.59634232521057,-25,-17,-21,-17,-4,6,10,2,1,6,-25,-27,-19,-11,goodbye
19.59634232521057,-8,-9,-7,-2,-3,8,23,9,10,21,-18,-23,0,1,goodbye
19.611931800842285,1,-12,0,-1,-6,9,26,12,11,14,-11,-18,-2,0,goodbye
19.611931800842285,0,-9,-2,3,-2,8,17,12,22,26,1,0,0,5,goodbye
19.627009630203247,0,-6,1,2,2,3,11,9,33,23,1,12,12,19,goodbye
19.627009630203247,16,-7,7,-8,0,-1,4,0,27,5,6,18,22,26,goodbye
19.643085956573486,36,-6,6,-10,-5,-9,-8,-8,15,2,21,32,27,26,goodbye
19.643085956573486,29,-2,11,-13,-7,-18,-15,-4,14,3,13,39,24,24,goodbye
19.65913033485413,14,-2,3,-15,-6,-24,-17,-2,21,8,4,23,26,20,goodbye
19.65913033485413,15,0,2,-9,-7,-24,-26,-9,14,0,18,19,26,12,goodbye
19.674449920654297,10,7,5,-14,-11,-23,-29,-10,-14,-32,18,17,-1,-7,goodbye
19.674449920654297,-8,13,0,-7,-4,-15,-13,-3,-34,-41,2,-4,-24,-22,goodbye
19.689680576324463,-9,28,12,25,16,7,5,3,-17,-7,9,-11,-11,-14,goodbye
19.689680576324463,6,36,19,31,19,17,10,5,3,8,27,3,0,-4,goodbye
19.705228805541992,7,23,11,7,0,5,0,5,-5,-3,24,4,-3,-9,goodbye
19.705228805541992,-5,14,5,10,2,9,0,2,-20,-5,6,-9,-6,-13,goodbye
19.72075152397156,-15,8,-7,19,20,19,13,-7,-22,-4,-17,-18,-10,-10,goodbye
19.72075152397156,-23,-13,-15,0,9,8,12,-8,-26,-11,-39,-22,-16,-14,goodbye
19.73596334457397,-25,-25,-17,-8,-3,4,4,0,-18,0,-39,-24,-12,-20,goodbye
19.73596334457397,-13,-15,-8,1,0,12,6,0,0,14,-24,-20,-6,-12,goodbye
19.752041339874268,1,-6,0,11,0,11,4,-2,1,14,-10,-4,1,3,goodbye
19.752041339874268,13,0,2,15,-3,4,-4,-2,4,15,9,17,25,12,goodbye
19.767809629440308,22,11,16,17,6,0,-15,1,18,27,25,30,47,20,goodbye
19.767809629440308,22,4,10,18,6,-2,-20,4,20,36,28,23,49,30,goodbye
19.7833788394928,7,-11,-2,10,-2,-4,-9,5,17,13,22,18,41,29,goodbye
19.7833788394928,-7,-16,-5,-14,-9,-4,13,8,18,-22,4,12,29,10,goodbye
19.799559354782104,-25,-28,-31,-44,-21,-6,19,2,8,-24,-28,-24,-2,-21,goodbye
19.799559354782104,-40,-41,-41,-56,-29,-8,9,-2,3,-14,-49,-47,-31,-36,goodbye
19.814621686935425,-22,-28,-19,-43,-15,-6,15,4,19,-22,-30,-25,-25,-16,goodbye
19.814621686935425,0,-7,-5,-25,-4,-8,23,5,5,-28,-6,-4,-18,-3,goodbye
19.83029007911682,0,1,-3,-23,-10,-13,2,0,-29,-26,-7,-7,-33,-14,goodbye
19.83029007911682,5,6,1,-22,-9,-14,-15,-6,-29,-22,-2,0,-34,-11,goodbye
19.845394134521484,21,16,19,-1,0,-13,-17,-6,-15,-19,11,16,-30,3,goodbye
19.845394134521484,18,26,19,23,5,-11,-19,-1,-17,-18,15,14,-41,3,goodbye
19.860936641693115,15,30,10,29,14,1,-19,1,-4,1,21,14,-38,7,goodbye
19.860936641693115,24,32,25,31,26,19,-8,4,13,33,34,30,-19,25,goodbye
19.876182556152344,25,34,32,49,28,9,-6,0,11,31,35,29,-16,25,goodbye
19.876182556152344,14,28,25,52,21,-6,-18,-5,-2,10,24,11,-28,11,goodbye
19.891748428344727,0,16,16,33,16,2,-18,-13,-6,17,20,1,-47,6,goodbye
19.891748428344727,-8,5,4,22,20,17,0,-10,-1,28,12,-2,-53,4,goodbye
19.907355070114136,-5,-2,-4,14,20,22,25,1,10,32,-3,-6,14,-1,goodbye
19.907355070114136,-8,-10,-13,0,5,28,42,4,20,37,-12,-16,125,-1,goodbye
19.92325520515442,-24,-17,-19,-12,-8,22,39,1,15,18,-25,-28,138,-5,goodbye
19.92325520515442,-39,-30,-28,-32,-13,12,27,7,7,0,-38,-33,67,-16,goodbye
19.93924045562744,-33,-41,-29,-45,-24,10,21,9,15,3,-30,-30,39,-12,goodbye
19.93924045562744,-9,-27,-5,-35,-33,0,8,5,21,-5,-18,-16,38,0,goodbye
19.95436835289001,5,-10,0,-22,-23,-16,-6,4,8,-25,-15,0,15,-1,goodbye
19.9553701877594,11,-9,0,-25,-7,-18,-10,1,-7,-14,-5,9,0,1,goodbye
19.96990847587585,25,-6,6,-16,-7,-18,-10,-3,-16,-10,1,12,-6,10,goodbye
19.96990847587585,33,4,7,7,-12,-24,-23,-12,-18,-29,2,18,-10,7,goodbye
19.98594093322754,23,11,7,3,-3,-18,-31,-9,-9,-27,16,31,-2,8,goodbye
19.98594093322754,14,3,-4,-16,2,-14,-30,0,0,-9,30,30,-1,10,goodbye
20.00136375427246,6,0,0,-3,0,-27,-39,0,-12,-15,24,15,-21,-6,goodbye
20.00136375427246,-5,19,15,27,2,-22,-36,-2,-19,-23,18,10,-31,-18,goodbye
20.016900062561035,-9,28,7,36,12,2,-7,0,-2,-2,18,13,-24,-6,goodbye
20.016900062561035,-5,20,1,31,11,14,12,2,-4,7,0,0,-31,-3,goodbye
20.032950162887573,-14,9,-3,25,7,12,15,0,-29,-11,-19,-27,-49,-22,goodbye
20.032950162887573,-27,-2,-10,3,4,20,22,-4,-27,-18,-22,-30,-50,-29,goodbye
20.048296213150024,-27,-13,-7,-13,4,29,30,1,-5,-1,-22,-17,-31,-17,goodbye
20.048296213150024,-18,-17,-11,-8,7,22,24,3,-1,4,-29,-26,-20,-7,goodbye
20.06392908096313,-6,-16,-5,-6,2,6,18,0,0,6,-29,-27,-15,0,sil
20.0803816318512,10,-6,6,-8,-5,5,25,0,22,25,-12,0,6,18,sil
20.08138871192932,22,-2,8,-3,-3,10,23,5,33,33,6,16,28,28,sil
20.08138871192932,15,-9,2,-9,2,0,4,9,28,20,8,6,23,19,sil
20.10092830657959,3,-6,-8,-19,0,-23,-15,0,22,8,5,2,13,4,sil
20.101932764053345,10,15,7,-5,-1,-24,-25,-5,3,0,22,14,13,2,sil
20.11100482940674,15,28,15,18,7,0,-18,1,-8,1,39,16,16,12,sil
20.128112077713013,-7,11,-7,16,9,12,-4,2,4,13,19,-2,10,8,sil
20.128112077713013,-24,-10,-13,1,1,5,-2,2,15,18,-13,-16,2,-3,sil
20.128112077713013,-4,-12,-2,-2,-2,-6,-9,3,13,17,-10,0,12,4,sil
20.14230847358704,9,0,3,-11,-6,-12,-10,3,15,12,17,23,34,18,sil
20.15763783454895,1,5,0,-13,-2,-9,-6,0,12,0,27,17,29,6,sil
20.15763783454895,0,6,4,2,1,-8,-10,-8,-16,-16,11,0,0,-10,sil
20.174691677093502,1,7,15,11,1,2,-3,-11,-39,-23,-3,-3,-10,-7,sil
20.174691677093502,2,7,3,10,3,21,26,-3,-16,-2,-6,-6,-1,3,sil
20.174691677093502,0,0,-3,1,-2,15,29,4,5,9,-15,-13,-4,2,sil
20.19041132926941,0,-11,-2,-13,-20,-5,-4,1,-4,-12,-19,-7,-6,-8,sil
20.19041132926941,11,-12,0,-21,-22,-17,-20,-4,-11,-26,2,16,8,-3,sil
20.2059965133667,23,3,11,-8,-7,-22,-13,-1,-6,-20,18,32,10,3,sil
20.2059965133667,15,13,10,10,-1,-17,-11,-2,-17,-28,2,15,-9,-7,sil
20.220289945602417,-4,3,2,13,2,2,-8,-3,-17,-25,-10,-9,-18,-18,sil
20.2367103099823,-15,-5,-1,6,13,23,9,7,7,3,-7,-12,-12,-7,sil
20.2367103099823,-15,-8,-7,12,17,28,20,8,21,15,-10,-13,-14,1,sil
20.25088119506836,-11,-2,-4,19,13,19,16,-2,6,7,-19,-16,-16,-5,sil
20.25088119506836,-8,-1,-7,14,9,8,16,-6,-5,16,-20,-17,-8,-12,sil
20.266191005706787,-7,-10,-11,0,7,3,12,0,0,20,-18,-12,-4,-6,sil
20.266191005706787,-7,-13,-13,-12,1,0,0,3,5,4,-16,-9,-6,-2,sil
20.282310247421265,-3,-6,-14,-9,-8,-7,-1,0,4,0,-6,-5,1,0,sil
20.282310247421265,9,0,7,-3,-7,-12,-3,1,7,8,10,8,18,13,sil
20.29834246635437,21,5,9,-7,-2,-17,-18,1,7,1,21,23,15,15,sil
20.29834246635437,15,8,-1,-13,-10,-22,-31,-5,-15,-17,14,15,-1,-1,sil
20.31393003463745,0,10,7,-7,-13,-9,-19,-1,-33,-23,7,-3,-8,-9,sil
20.31393003463745,-7,11,9,1,4,10,5,2,-17,-12,7,-8,-11,-3,sil
20.32908058166504,-13,2,0,2,17,20,16,-1,7,7,-2,-4,-12,1,sil
20.32908058166504,-21,-16,-14,-1,4,11,10,0,20,30,-8,-6,0,7,sil
20.34429192543029,-16,-22,-15,-10,-10,-9,2,6,29,30,7,0,17,12,sil
20.34429192543029,3,0,1,-9,-5,-13,1,8,39,15,24,18,23,9,sil
20.36003017425537,7,13,6,0,1,-7,0,3,26,1,19,15,20,0,sil
20.36003017425537,-5,5,2,-3,-3,-10,-10,0,-9,-20,1,-4,1,-14,sil
20.375131130218502,-8,3,-3,-7,-7,-4,-5,-3,-26,-25,-7,-7,-9,-15,sil
20.375131130218502,0,8,-1,3,-1,9,9,-4,-18,-9,-6,-3,-6,-2,sil
20.39123606681824,4,5,7,13,-1,13,11,-2,-14,-5,-4,-8,-7,6,sil
20.39123606681824,10,-1,4,12,-1,10,5,0,-6,0,0,-5,-6,14,sil
20.40682363510132,16,-1,9,13,4,7,3,5,5,20,0,8,1,26,sil
20.40682363510132,21,0,8,14,4,4,4,6,14,28,-3,3,9,26,sil
20.422006130218502,23,-2,4,3,0,0,-6,-3,21,15,0,6,16,15,sil
20.422006130218502,17,1,12,-8,3,-8,-27,-4,1,-2,18,24,20,3,sil
20.43715262413025,9,16,6,0,12,-5,-25,-6,-36,-14,25,18,8,-9,sil
20.43715262413025,1,24,7,17,20,7,0,-8,-38,-14,14,5,-4,-13,sil
20.452608108520508,-4,16,6,21,15,10,15,-1,-16,-7,2,5,-8,-9,sil
20.452608108520508,-18,-6,-9,4,-2,4,13,0,-8,-2,-17,-12,-17,-21,sil
20.46789026260376,-36,-31,-16,-13,-12,6,17,3,8,8,-38,-31,-24,-30,sil
20.46789026260376,-29,-37,-18,-14,-9,4,25,10,41,18,-28,-18,-6,-12,sil
20.482943773269653,-5,-20,-12,-17,-8,-7,12,11,41,3,-11,-4,5,2,sil
20.482943773269653,1,-8,-5,-23,-8,-13,-3,3,18,-17,-6,-2,0,-1,sil
20.49814820289612,6,-6,-2,-17,-9,-23,-12,-5,5,-23,0,1,-4,-4,sil
20.49814820289612,18,5,5,-5,-12,-33,-24,-7,-6,-27,5,7,-7,-3,sil
20.51359248161316,14,20,4,10,-8,-18,-21,-5,-20,-22,4,6,-12,0,sil
20.51359248161316,5,21,8,24,4,8,-11,-2,-22,-10,0,2,-14,4,sil
20.529921293258667,1,11,7,16,7,20,-8,2,-13,-5,-12,-7,-12,1,sil
20.529921293258667,-9,-6,-5,0,2,16,-4,2,-1,8,-17,-17,-5,2,sil
20.54601764678955,-15,-12,-4,-3,4,17,6,-1,-1,26,-6,-11,2,9,sil
20.54601764678955,-8,-4,-7,-4,10,20,15,-10,-17,11,-10,-11,1,3,sil
20.56015157699585,-7,-4,-9,-4,8,15,13,-9,-17,-6,-13,-12,3,-2,sil
20.56015157699585,-7,-5,-1,-1,4,7,8,5,12,14,13,1,21,7,sil
20.57561016082764,1,0,-3,-9,1,0,3,10,35,36,36,18,38,18,sil
20.5918037891388,1,0,0,-24,-7,-8,0,3,25,24,25,14,33,6,sil
20.5918037891388,-8,-5,-4,-16,-12,-15,0,-1,10,9,14,0,21,-9,sil
20.60792827606201,-6,-1,-9,-6,-7,-15,1,0,0,-2,17,1,7,-10,sil
20.60792827606201,5,4,0,-14,-4,-12,0,1,-17,-21,7,7,-5,-3,sil
20.60792827606201,8,7,4,-11,-5,-8,2,0,-22,-19,-2,3,-8,1,sil
20.62246608734131,12,14,14,10,4,0,3,4,-3,0,4,8,-5,9,sil
20.62246608734131,25,23,21,29,17,5,0,10,14,9,15,21,0,18,sil
20.638108015060425,28,21,25,38,15,-2,-6,4,12,5,13,21,2,16,sil
20.65323829650879,17,9,23,37,1,-6,-15,0,-2,1,2,9,-1,5,sil
20.65323829650879,3,-5,3,23,-4,2,-10,-1,-7,-3,-9,-4,-13,0,sil
20.668403148651123,-6,-10,-3,9,1,11,0,0,0,-3,-20,-13,-22,-1,sil
20.668403148651123,-15,-9,-4,5,4,13,7,-3,0,-3,-23,-19,-24,-15,sil
20.68392038345337,-28,-20,-19,-5,-1,12,8,-11,-11,-9,-28,-26,-24,-28,sil
20.68392038345337,-29,-28,-24,-19,-6,14,13,-4,-1,0,-23,-21,-15,-16,sil
20.699053525924683,-11,-12,-15,-14,-5,1,14,4,23,19,0,-6,3,1,sil
20.699053525924683,0,5,0,-7,0,-18,-6,1,10,0,15,8,15,-2,sil
20.71438860893249,0,7,0,-11,-2,-21,-20,-6,-16,-34,12,15,7,-16,sil
20.71438860893249,0,1,-2,-14,-11,-16,-20,-7,-16,-34,5,16,0,-12,sil
20.73043298721313,7,8,14,-8,-8,-20,-15,0,-8,-19,3,19,2,0,sil
20.73043298721313,18,17,18,7,-2,-13,-4,0,-14,-14,8,19,3,4,sil
20.74555230140686,23,18,22,26,2,11,8,1,-15,-4,11,17,3,13,sil
20.74555230140686,24,14,24,37,16,23,14,8,4,22,9,13,16,36,sil
20.761135816574097,18,5,7,21,17,13,11,9,19,40,1,3,21,42,sil
20.761135816574097,0,-6,-11,-6,0,5,5,4,9,31,-9,-14,5,17,sil
20.776665449142456,-18,-15,-25,-15,-4,4,0,-2,8,20,-14,-31,2,-5,sil
20.776665449142456,-13,-17,-21,-23,0,0,-5,-1,22,20,-13,-33,10,-10,sil
20.79264211654663,-9,-20,-24,-42,-3,2,0,2,23,16,-11,-27,6,-7,sil
20.79264211654663,-18,-20,-32,-44,-4,8,7,-1,16,4,-6,-25,0,-10,sil
20.80821990966797,-20,-12,-18,-39,3,0,-2,-6,1,-15,-5,-16,-6,-24,sil
20.80821990966797,-16,-6,-18,-38,2,-9,-14,-9,-20,-31,-10,-16,-24,-40,sil
20.82430672645569,-17,2,-13,-19,-2,-8,-11,-11,-36,-36,-8,-16,-34,-37,sil
20.82430672645569,-12,18,9,9,-1,-5,0,-4,-39,-31,-1,-3,-23,-23,sil
20.840060710906982,0,14,15,22,2,0,13,5,-23,-17,-2,7,-15,-7,sil
20.840060710906982,5,0,14,25,2,18,22,12,7,4,-2,9,-9,8,sil
20.85501837730408,9,0,15,34,0,22,26,12,26,22,4,11,1,22,sil
20.85501837730408,10,0,20,41,-3,4,16,4,17,20,4,14,6,31,sil
20.870227575302124,10,-13,20,30,-8,-5,-2,2,13,14,6,19,16,35,sil
20.870227575302124,18,-5,13,4,-11,-5,-17,3,17,18,27,36,35,36,sil
20.88627243041992,30,25,23,3,-8,-10,-23,0,10,18,41,52,32,34,sil
20.88627243041992,22,26,15,28,0,-17,-16,-7,0,5,29,38,20,15,sil
20.902048587799072,2,2,-5,18,5,-20,-11,-9,-11,-10,9,12,10,-15,sil
20.902048587799072,-1,5,-9,-4,5,-14,-14,-4,-18,-17,3,7,0,-27,sil
20.91715741157532,0,19,-3,7,11,-2,-8,1,-16,-15,9,4,-10,-24,sil
20.91715741157532,-10,13,5,23,21,8,5,5,-16,-15,3,-15,-15,-21,sil
20.93248987197876,-15,-1,0,14,12,20,14,-2,-8,-9,-11,-34,-21,-9,sil
20.93248987197876,-15,-16,-11,-6,-1,22,23,-5,7,3,-28,-39,-24,-1,sil
20.94799518585205,-12,-19,-15,-22,-3,17,36,4,16,11,-39,-39,-15,0,sil
20.94799518585205,-7,-18,-20,-30,-2,8,31,3,15,8,-31,-25,1,10,sil
20.963789701461792,-1,-18,-7,-35,-10,-8,-5,-3,11,0,-13,4,12,17,sil
20.963789701461792,14,-11,1,-35,-19,-23,-25,0,6,-4,0,21,14,11,sil
20.97927641868592,35,3,5,-26,-18,-24,-21,0,0,-4,10,20,15,9,sil
20.97927641868592,29,13,9,-18,-12,-18,-28,-3,-7,-5,20,23,15,4,sil
20.99507474899292,10,13,4,-9,-4,-12,-32,-2,-4,0,27,24,17,1,sil
20.99507474899292,10,15,7,6,4,-5,-25,1,-4,2,27,18,16,3,sil
21.01018214225769,5,18,3,20,16,0,-24,1,-11,-4,14,-1,0,-6,sil
21.01018214225769,-14,8,-10,19,19,8,-5,0,-1,-4,-3,-24,-15,-19,sil
21.02622008323669,-34,-12,-15,5,10,24,29,0,14,8,-13,-35,-21,-22,sil
21.02622008323669,-45,-25,-23,-1,2,26,34,-1,4,13,-22,-40,-29,-27,sil
21.04191422462464,-39,-13,-9,2,7,19,16,0,-8,4,-31,-38,-33,-31,sil
21.04191422462464,-21,-2,1,6,7,19,22,6,-4,2,-28,-26,-23,-20,sil
21.057992458343502,-13,-16,-6,-5,-7,11,31,2,-1,4,-24,-15,-13,-3,sil
21.057992458343502,-3,-16,1,-16,-8,-2,23,2,-1,1,-16,1,-2,16,sil
21.07333755493164,21,6,13,-7,0,-7,9,3,5,1,2,25,15,34,sil
21.07333755493164,28,11,12,4,-7,-9,-9,-1,5,-1,9,33,15,31,sil
21.091280221939087,20,-1,8,6,-14,-13,-17,-3,5,-2,11,29,17,21,sil
21.091280221939087,29,4,14,9,0,-14,-5,0,15,8,37,42,38,27,sil
21.105345964431763,35,25,24,21,11,-14,-14,0,3,4,51,52,36,27,sil
21.105345964431763,9,18,8,25,7,-11,-32,-4,-18,-12,21,21,8,4,sil
21.12145090103149,-14,-1,-6,17,3,2,-17,-6,-19,-11,-5,-15,-10,-15,sil
21.12145090103149,-15,0,-5,16,5,24,16,0,0,3,-7,-27,-17,-17,sil
21.136281490325928,-17,0,-11,12,3,19,23,-2,7,7,-16,-30,-15,-17,sil
21.136281490325928,-23,-16,-15,-9,-7,-5,6,-4,0,-1,-21,-26,-3,-20,sil
21.15131974220276,-13,-18,-14,-19,-12,-10,2,0,5,-2,0,-11,2,-10,sil
21.15131974220276,6,-1,-2,-14,-12,0,0,0,8,3,2,0,0,0,sil
21.16686582565308,9,0,3,-20,-12,-10,-15,-4,-13,-10,-18,1,-10,-7,sil
21.16686582565308,0,-11,-10,-28,-8,-23,-27,-5,-26,-34,-15,0,-19,-16,sil
21.18430662155152,-6,-13,-10,-30,-3,-19,-23,1,-11,-34,0,-1,-12,-11,sil
21.18430662155152,7,2,0,-16,-3,-9,-11,1,-5,-15,1,0,0,-8,sil
21.19748282432556,28,21,17,8,1,2,3,6,-3,-2,13,13,6,5,goodbye
21.214385271072388,29,22,28,11,13,11,8,16,9,9,37,26,12,30,goodbye
21.214385271072388,11,17,13,5,16,7,0,10,13,21,28,17,19,28,goodbye
21.214385271072388,-1,18,9,25,15,15,8,0,13,31,3,2,17,13,goodbye
21.22900915145874,-10,8,2,33,12,25,27,0,23,39,-4,-9,7,11,goodbye
21.24421453475952,-19,-15,-11,-1,0,4,14,-4,17,22,-19,-22,-8,-4,goodbye
21.24421453475952,-20,-23,-17,-19,-4,-10,-7,-6,3,0,-29,-15,-10,-24,goodbye
21.260094165802,-5,0,-12,4,3,1,-2,-1,11,1,1,4,6,-9,goodbye
21.260094165802,2,18,8,17,7,14,7,0,8,0,26,10,4,2,goodbye
21.27500438690185,-10,8,4,12,4,18,13,0,-11,-10,0,-9,-15,-11,goodbye
21.27500438690185,-20,-8,-11,16,6,18,23,0,-17,3,-21,-21,-15,-14,goodbye
21.29111862182617,-5,-12,-6,8,0,7,27,1,-5,22,-13,-8,0,6,goodbye
21.29111862182617,10,-20,-6,-21,-20,-5,13,-3,0,12,-8,2,3,16,goodbye
21.306484699249268,14,-21,-5,-36,-19,-16,-16,-7,-9,-15,-7,11,0,6,goodbye
21.306484699249268,23,5,7,-12,0,-24,-32,-3,-13,-21,6,23,2,4,goodbye
21.322609186172485,27,19,15,13,2,-17,-20,0,-10,-5,11,21,0,12,goodbye
21.322609186172485,7,-4,6,11,-5,0,-11,3,-4,-2,-11,0,-10,12,goodbye
21.339210748672485,-14,-26,-11,-11,-7,0,-13,0,8,-1,-26,-12,-2,10,goodbye
21.339210748672485,-11,-17,-7,-26,-6,-18,-16,-1,11,0,-7,-5,11,8,goodbye
21.354240655899048,-3,0,0,-15,-2,-21,-24,0,-7,-12,18,2,9,-5,goodbye
21.354240655899048,-10,8,-4,-4,3,-11,-27,-5,-17,-26,22,3,0,-28,goodbye
21.369985580444336,-14,9,0,-7,4,0,-9,-5,-3,-27,14,5,-1,-34,goodbye
21.369985580444336,-8,6,0,2,3,10,15,3,6,-21,12,-2,0,-27,goodbye
21.38495302200317,-9,6,1,16,11,12,20,12,7,-10,3,-16,-5,-18,goodbye
21.38495302200317,-9,15,3,13,10,9,19,11,7,0,0,-12,-5,-8,goodbye
21.40029883384705,0,13,0,9,-3,5,19,2,-3,-4,1,-5,-1,-2,goodbye
21.40029883384705,0,5,5,15,-4,0,11,-2,-22,-18,-6,-12,-10,-3,goodbye
21.415377855300903,-1,5,7,20,5,4,8,-4,-18,-7,-13,-10,-9,5,goodbye
21.415377855300903,6,3,8,11,-1,6,11,-1,-1,15,-7,0,1,20,goodbye
21.4310314655304,14,-1,0,4,-14,1,6,4,7,23,-11,0,-1,21,goodbye
21.4310314655304,17,0,-3,12,-1,6,3,1,18,31,-9,2,-3,19,goodbye
21.447120428085327,18,3,6,14,16,17,8,-1,27,47,8,16,14,26,goodbye
21.447120428085327,14,-2,0,4,7,8,3,-1,16,38,7,5,18,20,goodbye
21.46220707893372,6,-11,-3,0,-2,-1,-5,0,4,16,-4,-1,5,8,goodbye
21.46220707893372,0,-11,3,-9,0,0,-3,0,12,24,5,12,9,10,goodbye
21.47735357284546,-2,-6,-10,-23,-2,-4,-3,-1,14,28,13,12,12,6,goodbye
21.47735357284546,-7,-8,-13,-31,-11,-13,-12,2,4,3,2,5,0,-8,goodbye
21.493098497390747,-11,-20,-9,-36,-10,-6,-4,2,9,-10,2,14,1,-13,goodbye
21.493098497390747,-10,-19,-9,-37,-4,0,2,-2,9,-15,2,5,3,-12,goodbye
21.50818562507629,-8,3,-3,-19,0,-2,1,-1,-17,-28,-6,-13,-10,-19,goodbye
21.50818562507629,-8,14,3,-2,6,0,0,-3,-31,-34,-6,-11,-20,-23,goodbye
21.52398085594177,0,7,12,1,9,-2,-4,-6,-17,-32,2,5,-10,-10,goodbye
21.52398085594177,11,12,11,11,4,-15,-20,-2,-4,-25,10,12,4,2,goodbye
21.539001941680908,12,25,10,20,1,-21,-27,-2,-14,-21,11,9,0,0,goodbye
21.539001941680908,11,25,18,23,1,-11,-26,-7,-31,-28,0,5,-8,-4,goodbye
21.554308652877808,11,10,12,21,-1,-1,-15,-2,-21,-14,-10,-1,-4,4,goodbye
21.554308652877808,0,-1,5,14,-3,3,2,9,2,12,-10,-9,-2,12,goodbye
21.57015872001648,-14,-4,-6,15,3,14,18,13,7,17,-8,-19,-7,6,goodbye
21.57015872001648,-22,-11,-21,15,11,24,23,7,6,11,-10,-34,-9,-2,goodbye
21.58599829673767,-30,-22,-24,-4,4,22,21,5,16,15,-13,-39,-8,-9,goodbye
21.58599829673767,-23,-20,-21,-10,-9,7,18,1,19,14,-8,-22,0,-9,goodbye
21.60220718383789,-6,-10,-6,0,-9,0,14,0,12,11,0,-1,9,-7,goodbye
21.60220718383789,-2,-5,-2,-1,0,9,14,2,13,19,-2,-1,7,-2,goodbye
21.617244243621823,-3,-8,-5,-12,0,5,12,0,11,14,-3,-1,7,6,goodbye
21.617244243621823,4,-11,0,-17,-7,-12,0,-3,6,0,4,9,10,9,goodbye
21.632906913757324,16,-1,3,-10,-3,-16,-2,-3,8,0,6,15,13,11,goodbye
21.632906913757324,32,16,18,10,8,-9,6,0,4,5,4,23,15,23,goodbye
21.64954090118408,40,16,29,12,1,-6,0,-1,-2,-6,13,35,10,20,goodbye
21.64954090118408,25,0,13,-8,-16,-12,-25,-10,-10,-24,13,28,-1,0,goodbye
21.66460680961609,8,-2,2,-11,-17,-20,-36,-11,-20,-21,13,20,0,-2,goodbye
21.66460680961609,6,5,2,1,-3,-19,-35,-3,-21,-4,29,26,13,3,goodbye
21.680505514144897,4,11,8,2,4,-1,-26,0,-5,1,31,28,11,-3,goodbye
21.680869579315186,0,22,9,10,8,13,-1,2,4,8,14,11,1,-10,goodbye
21.695971250534058,-7,22,0,24,11,11,11,2,-1,14,2,-9,-12,-13,goodbye
21.695971250534058,-19,9,-2,20,11,8,6,2,-15,-9,-7,-21,-34,-22,goodbye
21.71212887763977,-25,1,-6,12,11,14,9,0,-20,-26,-17,-24,-37,-23,goodbye
21.71212887763977,-23,0,-8,13,10,19,16,0,-12,0,-16,-16,-21,-8,goodbye
21.727168321609497,-23,-10,-8,6,4,19,20,8,4,14,-20,-14,-12,0,goodbye
21.727168321609497,-23,-18,-13,-11,-4,12,29,6,13,-4,-29,-25,-14,-3,goodbye
21.742371320724487,-11,-9,-9,-23,-8,0,27,0,1,-15,-28,-23,-14,-3,goodbye
21.742371320724487,12,0,-4,-14,-2,-2,18,1,2,5,-14,-10,0,15,goodbye
21.75827717781067,29,4,3,-7,7,1,14,1,18,27,-3,-1,20,35,goodbye
21.75827717781067,24,2,9,-11,5,0,2,0,16,26,-1,2,26,31,goodbye
21.774392127990723,18,-5,0,-11,-5,-11,-16,0,10,19,-4,1,22,18,goodbye
21.79099988937378,13,-15,-4,-17,-12,-20,-34,-1,16,17,-13,-5,19,12,goodbye
21.79099988937378,-2,-17,-12,-20,-8,-12,-37,-4,16,5,-11,-14,13,0,goodbye
21.79099988937378,-8,-11,-13,-8,-1,0,-19,-4,15,-1,2,-12,10,-9,goodbye
21.805110692977905,-2,-12,-7,-7,0,1,5,2,20,6,9,-1,16,-6,goodbye
21.805110692977905,-15,-21,-18,-21,-7,-8,7,0,5,-1,8,-3,9,-17,goodbye
21.82024478912353,-27,-16,-12,-15,-12,-11,-5,-6,-17,-26,8,-7,-16,-32,goodbye
21.835381984710693,-17,-3,0,-3,-5,1,0,0,-15,-23,8,2,-24,-23,goodbye
21.835381984710693,-15,-3,-1,-9,0,3,12,3,-9,-9,12,9,-7,-13,goodbye
21.850950002670288,-14,5,7,-1,3,-4,3,1,-17,-13,16,5,1,-17,goodbye
21.850950002670288,4,21,17,19,3,-3,-7,0,-18,-20,11,7,0,-11,goodbye
21.86621117591858,15,18,22,14,-3,-7,-13,-2,-23,-29,5,22,0,-1,goodbye
21.86621117591858,14,12,20,7,-10,-19,-16,-7,-37,-29,9,31,-2,4,goodbye
21.881384134292603,24,23,23,33,2,-12,-13,-4,-26,-6,14,27,0,17,goodbye
21.881384134292603,39,39,35,60,20,7,-8,7,1,20,19,28,9,32,goodbye
21.896970748901367,41,38,30,61,17,8,-8,5,20,35,30,37,17,38,goodbye
21.896970748901367,28,28,20,49,9,8,-17,-2,18,32,36,33,11,29,goodbye
21.91293883323669,10,21,3,36,8,19,-6,-4,7,11,15,4,-5,6,goodbye
21.91293883323669,-8,4,-16,10,3,20,28,-1,3,-7,-18,-25,-22,-12,goodbye
21.928970098495483,-33,-28,-27,-29,-6,12,46,3,3,-12,-40,-36,-30,-20,goodbye
21.928970098495483,-44,-43,-36,-47,-5,10,39,6,0,-8,-34,-33,-21,-23,goodbye
21.944258213043213,-29,-25,-22,-27,6,18,38,7,4,4,-12,-20,-5,-13,goodbye
21.944258213043213,-15,-14,-9,-9,7,26,33,5,16,20,-2,-15,0,-2,goodbye
21.96000862121582,-15,-22,-19,-19,-3,8,9,0,23,17,-18,-24,-7,-8,goodbye
21.96041488647461,-5,-15,-10,-27,-7,-16,-4,1,28,6,-30,-15,-4,0,goodbye
21.975008726119995,12,-1,2,-18,-3,-23,-4,0,25,2,-23,2,7,15,goodbye
21.975008726119995,17,-6,2,-12,-8,-14,-8,-4,6,1,-12,0,6,11,goodbye
21.991066217422485,15,-9,1,-8,-9,-2,-4,0,-8,4,0,-8,12,14,goodbye
21.991066217422485,19,0,6,-6,-2,-4,-5,-2,-25,5,3,-3,25,25,goodbye
22.00716495513916,20,10,12,-11,-4,-19,-31,-11,-44,-5,-5,5,20,18,goodbye
22.00716495513916,11,11,0,-6,-5,-18,-45,-12,-32,-12,0,4,14,8,goodbye
22.022817611694336,0,6,0,2,2,-4,-32,-1,1,-5,11,7,16,2,goodbye
22.022817611694336,-11,1,3,-1,2,0,-15,4,22,-4,9,9,3,-10,goodbye
22.03932929039001,-23,-3,-13,-9,-2,-2,-4,2,21,-10,3,0,-13,-25,goodbye
22.03932929039001,-35,-16,-20,-18,-4,-3,4,2,11,-6,0,-13,-17,-33,goodbye
22.054085731506348,-38,-20,-19,-28,-8,-2,3,0,0,-3,0,-10,-13,-32,goodbye
22.054085731506348,-23,-3,-8,-17,-11,-6,-9,-4,-21,-19,9,6,-10,-27,goodbye
22.06952452659607,0,15,15,13,0,-6,-13,-1,-37,-23,20,17,-6,-17,goodbye
22.06952452659607,7,16,22,28,14,8,1,0,-32,-5,17,13,-2,-4,goodbye
22.08494138717652,8,14,20,29,20,19,13,-1,-17,0,8,2,-5,-1,goodbye
22.08494138717652,17,22,14,45,22,16,19,0,5,1,8,-3,-10,-9,goodbye
22.10693621635437,21,22,12,56,16,18,33,6,31,19,5,-1,-8,4,goodbye
22.10693621635437,14,4,9,35,0,26,36,9,33,28,-11,0,-2,31,goodbye
22.10693621635437,10,-17,-10,-1,-10,11,19,5,25,22,-20,-5,4,35,goodbye
22.1160831451416,15,-20,-6,-18,-10,-5,0,5,29,20,0,7,21,34,goodbye
23.23734021186829,-33,-15,-31,-26,-2,3,12,2,-2,4,-26,-45,-16,-30,goodbye
23.23734021186829,-35,-32,-35,-47,-28,8,13,5,1,2,-45,-56,-24,-19,goodbye
23.25299000740052,-25,-22,-29,-38,-15,19,20,5,0,0,-50,-51,-22,-10,goodbye
23.25299000740052,-21,-13,-19,-11,2,21,20,3,-2,9,-28,-33,-20,-8,goodbye
23.26921820640564,-14,-16,-6,-16,-9,12,8,4,1,13,-9,-20,-14,0,goodbye
23.26921820640564,7,-12,4,-18,-13,6,1,5,22,19,-2,-4,0,18,goodbye
23.284661293029785,21,0,21,8,11,3,1,4,33,20,8,15,11,28,goodbye
23.284661293029785,17,3,15,15,10,-8,-10,-2,13,2,20,21,12,21,goodbye
23.30000376701355,17,-5,10,7,-11,-16,-33,-8,-1,-10,30,31,17,13,goodbye
23.30000376701355,32,0,31,16,-1,-5,-30,-2,11,1,51,62,31,19,goodbye
23.3159658908844,33,15,30,28,14,-2,-4,1,19,16,71,71,39,21,goodbye
23.3159658908844,7,22,18,32,6,-16,0,1,-3,8,61,49,23,1,goodbye
23.33106470108032,-6,17,13,35,0,-13,-4,-2,-25,-7,31,28,0,-13,goodbye
23.33106470108032,9,20,14,35,7,1,4,-7,-25,-13,16,23,-10,-5,goodbye
23.34628677368164,15,24,20,42,12,5,13,0,-18,-11,10,15,-10,1,goodbye
23.34628677368164,-2,6,9,42,2,1,20,7,-4,-4,-8,-4,-10,0,goodbye
23.361952543258667,-4,-10,4,23,-4,5,27,6,13,6,-33,-16,-3,12,goodbye
23.361952543258667,12,-8,0,2,-5,3,21,4,23,13,-39,-14,2,27,goodbye
23.37798523902893,16,-6,-9,-13,-7,-10,5,2,20,4,-20,-6,5,19,goodbye
23.37798523902893,13,4,-5,-12,0,-9,-10,4,2,-7,1,5,11,5,goodbye
23.394004106521606,12,23,-6,-4,10,-1,-22,0,-13,-12,2,6,18,0,goodbye
23.394004106521606,8,17,-8,-15,7,-6,-27,-11,-15,-15,-2,-1,15,-5,goodbye
23.409534454345703,0,4,-7,-19,0,-4,-22,-17,-21,-22,1,-13,0,-17,goodbye
23.409534454345703,-21,-2,-20,-15,0,2,-15,-15,-36,-28,-9,-33,-22,-33,goodbye
23.4250590801239,-46,-14,-28,-25,1,9,-6,-1,-34,-17,-29,-44,-36,-43,goodbye
23.4250590801239,-42,-16,-21,-17,8,26,16,8,-12,4,-22,-37,-35,-28,goodbye
23.439903497695923,-31,-11,-10,-5,3,32,32,7,3,14,-19,-31,-33,-12,goodbye
23.439903497695923,-38,-22,-16,-20,-8,15,27,0,21,19,-33,-37,-26,-16,goodbye
23.45592355728149,-31,-27,-20,-34,-5,4,19,0,43,31,-25,-31,-6,-10,goodbye
23.45592355728149,0,-13,-1,-26,1,3,14,11,47,34,0,-1,13,10,goodbye
23.471957445144653,12,-7,3,-16,-9,-13,0,8,28,19,4,16,20,15,goodbye
23.471957445144653,7,-8,4,-14,-21,-30,-21,-6,5,-2,0,14,14,6,goodbye
23.487967252731323,15,0,15,-7,-15,-18,-23,-1,3,-7,12,23,18,14,goodbye
23.487967252731323,33,8,19,6,-6,-9,-16,5,11,0,33,41,32,30,goodbye
23.503334760665894,38,18,26,16,0,-16,-22,0,1,-3,34,40,28,26,goodbye
23.503334760665894,30,23,19,20,4,-15,-27,-10,-21,-20,16,16,7,11,goodbye
23.519516706466675,20,16,12,22,7,0,-17,-13,-40,-23,2,2,-7,6,goodbye
23.519516706466675,9,3,8,16,6,16,0,-9,-37,-8,1,1,-9,3,goodbye
23.53514051437378,-8,-11,-11,7,0,13,8,-3,-19,7,0,-4,-5,0,goodbye
23.53514051437378,-23,-18,-17,0,-7,-2,5,0,-6,9,-11,-11,-7,-8,goodbye
23.55042266845703,-21,-15,-13,-8,-2,-6,9,8,1,1,-10,-7,-6,-16,goodbye
23.55042266845703,-11,-2,-5,-1,11,4,13,16,12,-4,8,9,0,-15,goodbye
23.565502643585205,-3,17,11,15,11,8,9,15,15,-1,26,20,-1,-7,goodbye
23.565502643585205,-1,22,11,24,4,6,7,2,0,1,13,2,-14,-8,goodbye
23.581445932388306,-6,7,-2,22,4,12,13,-1,-15,-1,-16,-18,-19,-8,goodbye
23.581445932388306,-6,-7,-14,10,1,13,23,2,4,0,-18,-14,-7,2,goodbye
23.596988439559937,6,-5,-6,-8,-5,-2,13,3,30,7,0,-1,8,9,goodbye
23.596988439559937,20,8,9,-9,-3,-17,-8,-1,17,-7,4,7,12,3,goodbye
23.612303018569943,23,12,6,1,0,-12,-11,-5,-7,-29,6,12,6,1,goodbye
23.612303018569943,18,11,12,7,11,1,0,-3,-15,-25,15,10,3,3,goodbye
23.627614736557007,6,14,14,21,23,9,6,0,-6,5,9,2,7,7,goodbye
23.627614736557007,-3,3,0,21,9,8,5,0,5,22,-5,-1,3,9,goodbye
23.643356323242188,-8,-7,-5,6,-6,9,3,0,11,17,-5,-6,0,6,goodbye
23.643356323242188,-9,-2,-5,6,0,9,5,0,13,24,0,-11,4,6,goodbye
23.659385919570923,-13,-6,-2,2,-3,2,5,1,14,30,-7,-11,5,6,goodbye
23.659385919570923,-17,-23,-13,-19,-16,-3,0,0,21,18,-11,-11,1,4,goodbye
23.674235582351685,-11,-24,-19,-35,-9,-5,0,-5,19,7,-4,-13,1,0,goodbye
23.674235582351685,-3,-14,-5,-35,-7,-9,-8,-5,-2,-1,-8,-7,-3,-9,goodbye
23.69029664993286,-7,-9,-5,-32,-19,-19,-23,-7,-15,-14,-12,2,-4,-16,goodbye
23.69029664993286,-6,-2,-6,-29,-17,-24,-22,-8,-5,-17,0,9,3,-10,goodbye
23.705023050308228,6,6,0,-24,-3,-19,-13,0,-12,-14,4,5,4,-11,goodbye
23.72018933296204,11,10,7,-8,2,-10,-17,0,-34,-17,0,2,-4,-16,goodbye
23.72018933296204,6,17,21,6,3,0,-15,0,-32,-22,-1,4,-11,-5,goodbye
23.72018933296204,6,23,16,12,7,6,0,1,-21,-18,0,-1,-14,1,goodbye
23.73628211021424,8,25,12,27,18,10,3,4,-25,-10,0,0,-15,0,goodbye
23.73628211021424,8,15,13,35,22,26,10,6,-11,5,1,11,-3,5,goodbye
23.752278804779053,0,-12,-4,7,7,34,21,3,21,19,0,1,3,12,goodbye
23.752278804779053,-13,-25,-16,-6,0,23,18,0,27,15,-11,-17,-1,6,goodbye
23.767428159713745,-19,-16,-14,15,0,13,15,0,12,9,-13,-20,-4,6,goodbye
23.78304553031921,-11,-19,-11,10,-10,4,13,4,9,10,-7,-10,-1,8,goodbye
23.78304553031921,-7,-28,-13,-18,-15,-8,1,4,9,1,-9,-9,-3,-4,goodbye
23.799148559570312,-6,-20,-15,-18,-1,-10,-5,0,4,-11,-6,-5,-1,-10,goodbye
23.799148559570312,1,-12,-1,-8,0,-9,-4,1,10,-3,18,19,13,6,goodbye
23.8132746219635,19,-4,8,-1,-3,-18,0,1,22,12,35,39,30,19,goodbye
23.8132746219635,29,21,15,18,6,-18,-1,-2,12,0,22,31,23,9,goodbye
23.829492568969727,19,37,15,16,-6,-10,-6,-1,-5,-23,9,12,0,-3,goodbye
23.829492568969727,2,17,0,-9,-37,-14,-8,-4,-15,-24,16,5,-8,-7,goodbye
23.845446825027462,1,7,10,-13,-15,-19,-13,-9,-21,-12,18,7,-1,-10,goodbye
23.845446825027462,13,27,20,16,32,-8,-22,-8,-18,0,11,11,8,-5,goodbye
23.86111354827881,16,30,15,30,31,4,-18,-4,-5,5,9,9,8,5,goodbye
23.86111354827881,3,14,12,20,5,10,-4,1,0,4,10,-1,0,7,goodbye
23.87723064422608,-8,7,1,17,11,13,9,3,2,12,4,-14,0,0,goodbye
23.87723064422608,-15,2,-7,16,21,19,26,3,16,26,-11,-20,0,0,goodbye
23.89236831665039,-23,-13,-14,0,6,19,40,5,27,23,-24,-25,-9,-2,goodbye
23.89236831665039,-34,-22,-21,-12,-5,13,23,3,7,12,-38,-36,-22,-11,goodbye
23.907974004745483,-35,-21,-24,-15,-5,9,1,-1,-21,2,-52,-39,-34,-21,goodbye
23.907974004745483,-23,-25,-27,-16,-8,9,6,-1,-11,0,-42,-33,-33,-16,goodbye
23.907974004745483,-6,-25,-16,-24,-4,10,19,8,20,8,-12,-15,-7,0,goodbye
23.92404842376709,0,-21,-7,-31,0,1,10,10,16,8,-2,-1,9,3,goodbye
23.94218707084656,5,-18,-4,-28,-14,-17,-17,-4,-12,-18,-13,5,-3,-3,goodbye
23.94218707084656,16,-8,9,-17,-23,-25,-26,-8,-15,-25,-8,10,-7,0,goodbye
23.94218707084656,22,1,10,-13,-13,-14,-9,-1,2,-4,14,20,16,13,goodbye
23.95620703697205,24,7,12,-16,-10,-10,-10,0,8,-4,36,37,38,24,goodbye
23.971959590911865,29,16,16,0,-12,-11,-24,-2,0,-13,41,44,36,29,goodbye
23.971959590911865,29,28,23,26,4,-1,-22,-8,-7,-5,37,38,24,22,goodbye
23.971959590911865,22,36,30,38,25,4,-21,-7,-14,0,36,34,14,8,goodbye
23.98798990249633,12,25,14,32,22,-4,-26,-1,-14,-5,28,21,5,-1,goodbye
23.98798990249633,3,13,7,23,14,-8,-16,5,-11,-2,13,3,-3,-6,goodbye
24.00404596328736,-4,14,8,21,16,3,9,12,0,8,9,-3,0,-4,goodbye
24.00404596328736,-20,0,-9,14,5,13,31,10,12,15,0,-20,-3,-11,goodbye
24.01925277709961,-31,-24,-20,1,-6,17,39,6,19,19,-26,-33,-20,-20,goodbye
24.035346269607544,-28,-23,-22,-2,0,23,40,0,22,14,-37,-35,-23,-12,goodbye
24.035346269607544,-27,-21,-21,-13,1,19,28,-6,6,-8,-40,-44,-21,-11,goodbye
24.035346269607544,-29,-33,-21,-32,-17,5,11,-9,-21,-23,-44,-44,-32,-26,goodbye
24.051363229751587,-16,-23,-16,-30,-21,-1,10,-6,-23,-14,-32,-18,-28,-16,goodbye
24.051363229751587,1,-4,3,-20,-7,-3,6,1,-2,-6,-12,4,-4,6,goodbye
24.066054821014404,17,4,12,-10,-1,-13,-12,1,11,-2,7,15,12,14,goodbye
24.0813992023468,30,17,13,3,0,-25,-28,-7,6,-1,20,26,15,12,goodbye
24.0813992023468,31,21,14,13,-2,-23,-32,-6,-3,-6,27,33,20,9,goodbye
24.09748673439026,22,23,16,19,-1,-10,-38,-1,-13,-5,36,33,21,7,goodbye
24.09748673439026,12,34,24,32,19,0,-33,0,-18,5,30,22,7,12,goodbye
24.12058138847351,5,22,6,42,30,11,0,3,-1,28,12,0,4,18,goodbye
24.12058138847351,-8,-8,-9,28,6,14,32,6,24,41,0,-10,10,16,goodbye
24.12058138847351,-29,-28,-17,-10,-20,0,26,7,28,27,-17,-21,-2,0,goodbye
24.13118386268616,-31,-36,-36,-40,-21,-11,7,5,19,7,-25,-27,-11,-18,goodbye
24.13118386268616,-16,-25,-25,-41,-9,-12,3,5,13,0,0,-6,6,-20,goodbye
24.144229412078857,-10,-11,-8,-39,-10,-8,5,0,5,-13,9,1,9,-15,sil
24.15998148918152,-1,-8,-6,-38,-15,-5,-2,-3,-6,-36,-12,-6,-10,-19,sil
24.15998148918152,16,7,4,-15,-5,-2,-6,4,-11,-40,-8,8,-10,-9,sil
24.175116539001465,16,20,7,6,6,0,0,4,-18,-26,3,16,-2,8,sil
24.175116539001465,9,13,11,12,12,12,-2,-5,-36,-13,-7,2,-16,9,sil
24.190327405929565,22,26,23,37,24,29,1,-5,-34,0,-4,4,-15,4,sil
24.190327405929565,26,37,30,55,28,22,2,-9,-17,13,9,14,3,14,sil
24.206382989883423,7,11,17,31,13,6,-8,-17,-10,16,3,5,6,19,sil
24.206382989883423,0,-7,0,16,4,5,-6,-10,0,18,0,-2,7,16,sil
24.222484588623047,5,-3,4,17,3,10,5,6,30,24,7,7,26,20,sil
24.222484588623047,-4,-13,-4,0,-1,3,10,13,46,29,9,6,30,16,sil
24.238037109375,-21,-27,-22,-21,-4,-9,5,9,35,25,3,-12,9,0,sil
24.238037109375,-20,-20,-13,-23,-6,-10,7,5,28,15,0,-17,-1,-5,sil
24.2534408569336,-14,-12,-12,-22,-10,-3,13,0,31,6,1,-9,0,-11,sil
24.2534408569336,-15,-13,-12,-30,-3,-4,2,3,13,-12,0,-12,-8,-32,sil
24.269482135772705,-17,-6,-5,-26,-3,-10,-8,2,-11,-34,-4,-12,-20,-39,sil
24.269482135772705,-8,8,-1,-11,-18,-14,-6,-7,-14,-36,-2,0,-16,-26,sil
24.28506231307984,2,13,5,-9,-20,-11,-7,-7,-22,-32,-1,2,-12,-18,sil
24.28506231307984,6,6,3,-9,-4,-4,-10,0,-40,-31,-9,-4,-20,-13,sil
24.30138325691223,6,6,14,10,3,5,-2,0,-46,-22,-10,0,-23,0,sil
24.30138325691223,8,10,16,31,-4,8,0,-3,-43,-9,-6,3,-16,12,sil
24.31697702407837,5,0,0,23,-9,-2,-12,-4,-36,0,-16,-3,-8,15,sil
24.31697702407837,11,-1,6,15,4,0,-13,0,-5,22,-8,3,7,27,sil
24.332629919052124,22,9,8,21,16,8,3,0,29,35,11,19,26,35,sil
24.332629919052124,10,0,-3,6,4,-5,3,-3,25,20,5,19,22,22,sil
24.348349809646606,-3,-9,-6,-11,0,-9,0,5,19,12,1,12,15,6,sil
24.348349809646606,3,6,-4,0,18,11,13,11,37,22,19,12,22,0,sil
24.36397814750672,2,10,-7,0,21,11,20,10,39,15,22,10,22,-8,sil
24.36397814750672,-17,-6,-18,-18,0,-4,8,7,19,1,12,-5,12,-18,sil
24.37916898727417,-21,-5,-6,-9,-4,-3,0,3,0,-3,0,-25,-5,-15,sil
24.37916898727417,-8,7,9,10,5,5,7,0,-11,-5,-16,-23,-18,-6,sil
24.394689083099365,-2,0,-2,1,0,3,16,-1,1,2,-19,-6,-5,5,sil
24.394689083099365,0,-17,-5,-16,-18,-7,0,-1,11,8,-5,3,6,18,sil
24.41047239303589,14,-9,6,-8,-17,-17,-19,-4,-3,-8,1,8,2,11,sil
24.41047239303589,31,14,22,8,3,-13,-19,-9,-14,-22,17,21,-1,-2,sil
24.425992488861084,24,22,20,8,9,0,-15,-10,-9,-5,29,23,0,0,sil
24.425992488861084,-2,9,0,6,2,14,-11,-8,-12,6,9,0,-5,5,sil
24.44164109230041,-19,-8,-3,11,4,18,0,-2,-17,-3,-20,-18,-18,-4,sil
24.44164109230041,-18,-27,-13,-1,-4,9,7,1,-3,-6,-20,-17,-14,-6,sil
24.457563400268555,-14,-26,-21,-24,-17,-4,2,0,3,-1,-4,-6,0,-2,sil
24.457563400268555,-9,0,-6,-18,-5,0,0,-2,-4,-6,5,4,6,-10,sil
24.47321105003357,0,17,2,11,13,14,4,0,-8,-6,11,4,3,-13,sil
24.47321105003357,1,15,8,28,18,18,11,6,-7,-4,5,-4,-5,-8,sil
24.48934578895569,-12,3,1,13,6,7,11,9,-7,-8,-15,-19,-16,-15,sil
24.48934578895569,-19,-14,-10,-13,-11,-8,0,0,-10,-3,-35,-28,-19,-15,sil
24.50527024269104,-10,-16,-11,-23,-23,-13,-1,-1,-9,0,-39,-23,-15,-3,sil
24.50527024269104,-2,-8,-5,-20,-17,-11,5,1,-1,-12,-31,-18,-11,-2,sil
24.520650386810303,3,-8,6,-21,-14,-16,-4,0,3,-19,-9,-1,-2,-5,sil
24.520650386810303,13,-1,8,-17,-12,-19,-19,-1,8,-4,14,17,12,7,sil
24.536218404769897,25,17,7,0,0,-13,-18,5,12,12,30,27,30,21,sil
24.536218404769897,35,27,25,14,16,-4,-12,7,18,22,47,35,42,22,sil
24.552215337753296,33,24,25,21,22,3,-6,-2,19,19,44,31,27,18,sil
24.552215337753296,12,19,10,25,20,8,-3,-2,0,7,11,11,-6,2,sil
24.567083835601807,-10,14,-7,34,20,17,8,3,-12,9,-1,0,-12,-7,sil
24.567083835601807,-15,2,-12,31,22,28,28,2,8,21,7,1,4,2,sil
24.58251142501831,-9,-9,-5,11,17,29,34,4,25,23,0,-4,5,13,sil
24.58251142501831,-13,-16,-15,0,2,13,29,4,15,18,-10,-9,4,12,sil
24.59806084632873,-19,-25,-19,-14,-10,-6,17,1,10,12,-9,-6,12,12,sil
24.59806084632873,-13,-26,-14,-35,-16,-13,1,-2,19,2,-3,-3,14,4,sil
24.61416530609131,-3,-12,-6,-28,-15,-14,-8,-5,12,-11,2,1,1,-6,sil
24.61416530609131,0,2,10,-10,-13,-19,-14,0,-10,-20,2,7,-11,-5,sil
24.62971830368042,2,7,10,-3,-11,-19,-18,0,-20,-18,0,0,-18,-8,sil
24.62971830368042,7,7,8,0,-9,-8,-21,-9,-28,-21,-11,-10,-26,-14,sil
24.645135641098022,6,-1,9,5,-9,0,-16,-7,-32,-14,-23,-13,-29,0,sil
24.645135641098022,12,-8,5,3,-7,-1,-7,-6,-12,8,-10,-2,-3,18,sil
24.661388635635376,23,2,5,0,-3,-6,-13,-9,-3,7,8,14,21,16,sil
24.661388635635376,15,13,0,-8,-1,-12,-24,-9,-22,-18,2,9,8,-5,sil
24.67735362052917,-6,8,-3,-8,2,-9,-18,-4,-30,-30,-4,-9,-16,-29,sil
24.67735362052917,-21,0,-5,6,7,15,9,5,-13,-19,-4,-22,-21,-32,sil
24.69212293624878,-23,-8,-22,8,6,30,31,8,10,7,-14,-26,-10,-16,sil
24.69212293624878,-19,-10,-17,-11,0,11,22,10,22,22,-15,-15,2,-7,sil
24.70822191238404,-12,-6,-5,-20,-4,-5,3,10,21,3,0,1,8,-13,sil
24.70822191238404,-9,-4,-2,-10,0,-3,0,4,13,-14,7,3,-1,-19,sil
24.72428703308105,-8,0,5,8,12,3,1,0,0,-8,1,-1,-12,-14,sil
24.72428703308105,-3,1,5,21,12,9,8,-1,-4,5,-2,-3,-6,0,sil
24.740275144577023,8,-2,7,13,0,10,15,0,8,11,0,6,11,19,sil
24.740275144577023,31,6,13,5,-3,0,7,3,22,8,15,30,33,35,sil
24.75540590286255,46,28,27,19,7,-12,-17,2,0,0,35,40,37,36,sil
24.75540590286255,36,41,31,35,16,-5,-20,0,-18,-2,33,28,20,27,sil
24.771027088165283,13,27,10,34,18,10,-2,-1,0,11,16,8,8,22,sil
24.771027088165283,1,3,2,21,13,17,1,-5,12,23,8,0,7,14,sil
24.786606550216675,-9,-8,-5,6,3,11,4,-3,-5,20,-2,-10,-5,3,sil
24.786606550216675,-29,-18,-23,-11,-11,0,13,-3,-12,9,-30,-31,-29,-5,sil
24.80208683013916,-34,-30,-27,-33,-21,-2,14,-1,10,7,-36,-36,-25,-14,sil
24.80208683013916,-19,-33,-25,-49,-18,-4,10,2,30,15,-13,-14,-1,-12,sil
24.81727290153504,-15,-27,-21,-50,-14,-12,3,2,19,8,-6,-1,-5,-9,sil
24.81727290153504,-20,-20,-18,-35,-17,-14,-8,0,0,-13,-15,-9,-19,-15,sil
24.8330979347229,-10,-10,-8,-26,-19,-14,-21,-2,-15,-28,-10,-6,-8,-19,sil
24.8330979347229,5,3,4,-26,-13,-20,-26,-1,-27,-30,3,8,5,-13,sil
24.84921646118164,15,22,6,-1,4,-19,-14,0,-19,-23,15,15,6,-3,sil
24.84921646118164,22,33,21,32,21,-3,-1,7,0,-7,12,12,2,-2,sil
24.863975524902344,23,23,31,40,21,12,5,7,5,9,6,8,6,0,sil
24.863975524902344,22,9,23,39,14,24,18,0,13,21,17,13,23,23,sil
24.88030910491944,12,10,20,42,11,24,19,-2,10,21,18,15,22,34,sil
24.88030910491944,-3,5,4,29,6,11,2,-6,-11,3,-9,-6,-4,6,sil
24.89498853683472,-11,-15,-9,0,0,0,-1,-9,-17,-9,-22,-20,-14,-9,sil
24.89498853683472,-4,-25,-13,-19,-6,6,18,0,14,1,-2,-6,7,7,sil
24.9110803604126,-3,-19,-21,-25,-8,4,18,4,27,9,1,-5,9,6,sil
24.9110803604126,-19,-19,-21,-31,-9,-12,-9,0,2,-11,-12,-16,-16,-21,sil
24.92620754241944,-21,-13,-16,-28,-11,-22,-25,0,-6,-27,-7,-9,-16,-30,sil
24.92620754241944,5,5,1,-13,-7,-15,-21,1,3,-16,9,12,0,-13,sil
24.94135689735413,17,15,9,-3,0,-15,-13,0,-5,-7,12,17,-8,-5,sil
24.95737361907959,3,11,7,-1,0,-18,-10,-4,-31,-15,3,5,-21,-8,sil
24.95737361907959,2,20,22,12,2,-4,-12,-2,-35,-19,0,5,-7,0,sil
24.95737361907959,10,23,22,30,5,12,-1,0,-15,-5,2,9,-1,8,sil
24.973024606704712,7,10,10,36,3,17,11,-3,-3,7,7,7,-9,8,sil
24.99042010307312,8,10,14,40,6,20,11,-4,-1,22,12,14,7,19,sil
24.99042010307312,8,8,7,31,10,19,6,-3,0,31,12,17,24,22,sil
24.99042010307312,-8,-9,-6,10,4,11,6,-1,0,18,1,0,6,3,sil
25.00508499145508,-24,-19,-21,1,0,9,15,2,5,10,-8,-16,-2,-6,sil
25.00508499145508,-23,-14,-20,-3,-1,10,17,9,25,18,-12,-10,8,-4,sil
25.02088975906372,-13,-13,-12,-16,-2,2,8,13,38,16,-10,-8,7,-6,sil
25.02088975906372,-3,-14,-14,-21,0,-5,5,7,31,3,-5,-15,3,-4,sil
25.037283420562744,-4,-11,-10,-23,-1,-8,-1,2,21,0,0,-9,15,5,sil
25.037283420562744,-5,-7,-7,-25,-4,-8,-6,1,18,3,1,-1,18,6,sil
25.0522575378418,10,1,-4,-22,-3,-8,-3,-1,0,-4,0,0,7,3,sil
25.067814111709595,25,18,6,-20,1,-11,-3,-6,-23,-18,-1,8,0,6,sil
25.067814111709595,20,15,4,-19,3,-15,-1,-2,-18,-11,-11,0,-8,4,sil
25.067814111709595,10,1,5,-16,6,-6,0,8,-1,0,-22,-17,-16,-2,sil
25.0835702419281,9,6,9,0,14,9,-4,8,5,2,-7,-12,-4,1,sil
25.10032796859741,5,10,10,15,13,12,-8,-5,-1,5,7,-4,3,12,sil
25.10032796859741,-2,-2,0,2,-2,9,0,-9,-11,4,-8,-13,-6,6,sil
25.10075283050537,-9,-22,-17,-21,-18,-2,2,-6,-4,-10,-18,-16,-7,-6,sil
25.114604234695435,-17,-27,-14,-30,-23,-25,-12,-7,0,-26,-1,-5,-1,-16,sil
25.114604234695435,-21,-11,-3,-23,-23,-23,-15,-7,-14,-25,11,1,-9,-24,sil
25.130243062973022,-13,6,0,2,-10,0,0,-1,-21,-15,19,12,-11,-23,sil
25.14570665359497,-9,10,11,28,9,6,-3,0,-16,-17,23,20,-5,-19,sil
25.14570665359497,-18,3,5,27,10,-1,-22,-7,-27,-27,4,11,-14,-23,sil
25.16131615638733,-16,8,9,22,0,0,-10,-5,-34,-19,-9,3,-23,-17,sil
25.16131615638733,5,16,20,42,2,13,17,6,-6,9,5,11,-10,6,sil
25.1779305934906,24,10,18,53,9,16,20,10,26,30,25,22,11,23,sil
25.1779305934906,24,8,16,33,8,13,19,12,32,37,22,24,20,27,sil
25.1779305934906,15,6,6,13,2,12,29,13,23,41,4,14,12,30,sil
25.19203519821167,15,-5,2,8,-1,9,10,2,16,25,-9,5,2,24,sil
25.2072012424469,16,-11,1,2,1,0,-11,-6,16,9,-8,1,10,12,sil
25.2072012424469,7,-6,-9,-8,5,-10,-7,-6,15,11,-5,-4,19,11,sil
25.222792863845825,2,-7,-12,-18,0,-17,-12,0,1,6,-6,-2,16,12,sil
25.222792863845825,8,-3,-11,-20,-4,-11,-21,0,-9,-9,5,2,19,2,sil
25.239096879959103,6,8,-6,-18,-1,-10,-14,-5,-5,-15,15,7,22,-4,sil
25.239096879959103,2,12,-2,-13,0,-9,1,-1,2,-7,12,8,16,-4,sil
25.25460624694824,0,8,-8,-13,2,3,22,3,9,-6,7,0,3,-7,goodbye
25.25460624694824,-16,2,-12,-22,3,12,26,1,-1,-25,-13,-22,-24,-21,goodbye
25.270246982574463,-32,-2,-17,-15,-2,0,7,-5,-19,-37,-39,-39,-41,-31,goodbye
25.270246982574463,-19,-3,-6,-3,-1,0,0,-3,-9,-14,-29,-28,-23,-15,goodbye
25.285577058792114,-7,-10,2,-7,3,14,10,8,8,13,-5,-7,-4,3,goodbye
25.285577058792114,-13,-21,-4,-5,0,12,3,3,-1,11,-11,-10,-10,0,goodbye
25.30120730400085,-8,-6,3,12,-1,12,-8,-2,-11,10,-24,-19,-15,0,goodbye
25.30120730400085,10,10,11,24,4,17,0,6,9,30,-1,-1,6,23,goodbye
25.31722450256348,14,0,6,13,2,0,0,4,15,35,28,17,25,29,goodbye
25.31722450256348,1,-10,-2,-10,-5,-12,-13,-8,-3,7,22,8,14,1,goodbye
25.33292579650879,-8,-13,-13,-23,-6,-10,-12,-11,-5,-15,0,-3,0,-15,goodbye
25.33292579650879,-11,-13,-7,-24,-6,-17,-11,-6,-1,-17,-4,1,-4,-13,goodbye
25.348124265670776,-13,-4,-6,-24,-9,-27,-17,-6,-17,-23,-2,-5,-12,-21,goodbye
25.348124265670776,-9,8,-9,-17,-7,-24,-23,-6,-35,-34,-4,-12,-19,-30,goodbye
25.363906383514404,3,15,7,-2,-3,-14,-23,0,-26,-26,9,15,-6,-19,goodbye
25.363906383514404,7,11,12,7,0,-6,-13,0,-5,-8,21,22,1,-9,goodbye
25.37906098365784,2,10,17,16,7,5,-1,2,0,-3,4,4,-6,-7,goodbye
25.37906098365784,17,21,31,32,13,22,14,9,6,9,0,9,-3,15,goodbye
25.39506411552429,30,16,27,32,6,26,30,10,24,25,15,22,15,41,goodbye
25.39506411552429,17,-1,12,22,4,23,37,15,42,33,8,15,23,43,goodbye
25.41117763519287,9,0,3,25,10,16,35,19,44,42,-2,10,20,33,goodbye
25.41117763519287,12,3,3,19,5,8,27,8,26,33,-3,7,12,20,goodbye
25.42722082138061,3,-7,-9,2,-5,7,21,-8,3,7,-5,-3,5,9,goodbye
25.42722082138061,0,-9,-18,0,-2,4,7,-12,-1,1,0,-6,9,5,goodbye
25.44230079650879,2,-5,-8,0,1,-8,-12,-5,4,2,10,1,18,0,goodbye
25.44230079650879,0,-10,-13,-11,-2,-16,-15,-2,2,-9,8,2,14,-9,goodbye
25.457459211349487,-9,-8,-10,-17,-2,-13,-16,-3,-14,-20,4,-5,-3,-14,goodbye
25.457459211349487,-14,-2,-8,-18,-4,-15,-27,-7,-29,-33,-5,-17,-22,-28,goodbye
25.473031759262085,-12,0,-13,-20,-7,-21,-29,-11,-33,-51,-20,-20,-27,-39,goodbye
25.473031759262085,-7,14,3,-11,0,-9,-23,-3,-30,-44,-11,-12,-19,-27,goodbye
25.48840093612671,-17,11,1,0,6,9,-9,1,-23,-16,-6,-16,-18,-17,goodbye
25.48840093612671,-26,-12,-12,-1,-1,13,2,-1,-19,-1,-22,-23,-27,-18,goodbye
25.50441145896912,-15,-11,-6,1,-4,8,6,-1,-15,2,-19,-15,-25,-12,goodbye
25.50441145896912,-2,0,1,10,1,5,6,0,-3,14,-3,-8,-19,0,goodbye
25.520103693008423,1,-5,6,4,0,5,13,4,15,27,-8,1,-11,14,goodbye
25.520103693008423,1,-12,-1,-4,-1,0,12,5,28,32,-1,15,14,27,goodbye
25.53519058227539,3,-3,-6,-6,-1,-4,4,4,25,26,15,17,34,30,goodbye
25.53519058227539,18,2,4,1,0,0,11,4,26,25,14,16,29,30,goodbye
25.55090951919556,25,0,10,6,0,7,17,1,33,22,9,22,25,26,goodbye
25.55090951919556,11,0,8,-6,-1,0,9,5,26,4,9,19,23,8,goodbye
25.56607699394226,1,2,-2,-19,-6,-7,7,6,7,-7,4,4,11,-7,goodbye
25.56607699394226,1,0,-2,-22,-1,-2,5,0,0,-10,0,0,3,-13,goodbye
25.58217740058899,0,0,4,-12,0,1,-8,1,-4,-16,4,2,0,-12,goodbye
25.58217740058899,0,13,3,5,-1,-2,-16,0,-12,-21,13,6,-4,-7,goodbye
25.597765922546387,3,17,10,12,3,-10,-21,-7,-23,-21,14,7,-8,-5,goodbye
25.597765922546387,7,7,8,5,4,-8,-22,-9,-24,-15,7,1,-5,-4,goodbye
25.61351156234741,6,6,2,8,2,-2,-14,-4,-18,-8,3,-6,-4,0,goodbye
25.61351156234741,0,16,10,18,7,-5,-13,0,-18,0,4,-6,-2,0,goodbye
25.629635334014893,-2,11,12,21,10,-4,-15,-6,-15,16,2,-3,0,0,goodbye
25.629635334014893,-4,1,4,22,11,11,-4,-7,-8,23,0,-6,-3,-1,goodbye
25.645007610321045,-8,0,-8,29,16,20,14,0,0,9,0,-15,-9,-4,goodbye
25.645007610321045,-4,0,-5,23,6,14,24,5,10,3,-10,-13,-5,1,goodbye
25.659937381744385,0,-4,5,3,-3,15,26,9,20,14,-15,-4,6,10,goodbye
25.659937381744385,-5,-9,-12,-5,-4,8,25,9,21,8,-8,-7,3,4,goodbye
25.67533707618713,-15,-26,-26,-18,-14,-7,10,1,5,-18,-18,-15,-18,-7,goodbye
25.691267013549805,-25,-41,-27,-41,-27,-8,-1,-8,-6,-30,-40,-22,-29,-20,goodbye
25.691267013549805,-23,-28,-19,-39,-18,-1,0,-4,1,-14,-32,-20,-13,-23,goodbye
25.691267013549805,-1,-6,0,-16,-5,0,8,4,18,0,-2,0,2,-4,goodbye
25.707276105880737,17,0,6,-7,-6,-1,5,2,23,1,9,24,12,15,goodbye
25.707276105880737,23,4,16,-6,-5,-11,-15,0,15,6,19,39,22,23,goodbye
25.723296642303467,24,13,25,0,3,-15,-27,1,4,15,37,41,24,21,goodbye
25.723296642303467,26,19,19,2,9,-14,-22,-4,-4,12,35,37,18,13,goodbye
25.739354372024536,25,29,12,5,10,-13,-21,-5,-18,1,16,25,14,4,goodbye
25.739354372024536,6,27,-4,8,13,-2,-13,0,-19,0,5,-3,4,-2,goodbye
25.75492835044861,-18,4,-13,2,8,12,8,3,-6,9,-3,-30,-9,-8,goodbye
25.75492835044861,-29,-4,-14,1,3,19,22,2,-3,5,-17,-35,-16,-14,goodbye
25.770293474197388,-28,0,-14,9,1,17,27,-2,-12,-10,-25,-30,-21,-20,goodbye
25.770293474197388,-20,-2,-3,12,1,13,32,0,-4,-4,-19,-19,-20,-11,goodbye
25.786292791366577,-10,-12,-4,6,0,0,18,6,15,16,-4,-9,0,5,goodbye
25.786292791366577,-4,-14,-5,-6,-5,-9,-7,0,12,7,5,0,17,2,goodbye
25.8020977973938,6,-6,0,-9,-11,-12,-10,-2,0,-16,9,15,16,-1,goodbye
25.8020977973938,26,4,2,0,-7,-16,-10,-1,-11,-23,16,20,7,6,goodbye
25.81714081764221,25,10,12,6,0,-15,-26,-3,-27,-20,19,15,-2,6,goodbye
25.81714081764221,15,11,16,22,6,-3,-20,-3,-23,-8,8,10,-11,5,goodbye
25.832566738128666,16,10,16,32,7,11,4,1,-10,2,-9,4,-15,15,goodbye
25.832566738128666,14,-2,11,5,0,20,10,6,2,10,-14,-1,-7,20,goodbye
25.848109245300293,6,-19,-3,-19,-7,9,-2,0,19,12,-2,6,8,15,goodbye
25.848109245300293,-1,-14,-3,-17,-6,-6,-18,-5,15,0,-1,9,2,-3,goodbye
25.864757299423218,-16,-2,-11,-13,-1,-6,-11,-6,-1,-17,-7,-10,-11,-28,goodbye
25.87843918800354,-20,2,-13,-8,4,-1,4,-2,0,-15,-1,-23,-7,-29,goodbye
25.87843918800354,-17,7,0,8,8,0,0,0,2,0,0,-18,-4,-19,goodbye
25.894505500793457,-34,0,-4,15,8,10,0,0,2,13,-4,-18,-9,-19,goodbye
25.894505500793457,-48,-15,-12,-2,5,17,10,7,14,20,-9,-23,-4,-14,goodbye
25.910529136657715,-28,-10,-13,-14,1,13,17,9,22,22,-10,-17,0,-2,goodbye
25.910529136657715,4,3,-4,-6,0,4,20,0,11,20,-8,0,2,4,goodbye
25.910529136657715,22,6,10,0,-1,1,27,1,5,9,-1,11,14,19,goodbye
25.92610549926757,27,3,10,-3,-5,0,24,7,10,5,5,18,26,35,goodbye
25.92610549926757,32,10,17,-3,-3,-11,6,4,7,13,20,32,34,32,goodbye
25.94113206863404,35,12,14,-3,-3,-23,-8,-4,0,6,29,37,32,17,goodbye
25.95654511451721,26,-2,1,-19,-10,-31,-27,-9,-13,-21,12,24,8,4,goodbye
25.95654511451721,13,-7,3,-22,-15,-30,-39,-4,-17,-34,0,22,-12,-2,goodbye
25.97251844406128,3,3,1,2,-9,-10,-30,-2,-9,-25,7,15,-8,-8,goodbye
25.97251844406128,-4,8,-2,15,4,12,-13,-2,-10,-21,1,-9,-10,-13,goodbye
25.988154649734497,0,9,0,13,15,12,-2,0,-17,-17,-3,-16,-18,-15,goodbye
25.988154649734497,3,16,6,22,17,8,3,0,-14,-2,8,0,-8,-9,goodbye
26.003182649612427,-7,13,5,29,15,20,11,1,-5,14,5,-6,-1,-5,goodbye
26.003182649612427,-26,-4,-13,16,5,19,18,2,1,22,-8,-30,-9,-5,goodbye
26.01939702033997,-33,-18,-21,0,-4,9,15,3,3,14,-13,-39,-16,-4,goodbye
26.01939702033997,-26,-22,-20,-5,-5,9,7,3,0,4,-23,-35,-20,-5,goodbye
26.0351357460022,-19,-21,-14,-9,-7,4,6,0,2,3,-41,-29,-23,-2,goodbye
26.0351357460022,-8,-14,1,-14,-10,-2,11,-1,9,5,-34,-13,-8,13,goodbye
26.05054759979248,18,-3,2,-7,-1,-1,13,2,25,17,2,15,21,31,goodbye
26.05054759979248,37,6,9,-1,5,-5,-1,0,23,18,29,44,30,26,goodbye
26.066154956817627,27,17,21,0,2,-12,-21,-6,-5,-2,25,43,13,7,goodbye
26.066154956817627,12,26,15,11,5,-13,-24,-8,-19,-19,19,24,4,-3,goodbye
26.081289768219,1,15,8,3,4,-11,-25,0,-3,-16,23,13,3,-16,goodbye
26.081289768219,-12,-6,-2,-10,-2,-4,-18,-1,0,-5,9,0,0,-23,goodbye
26.097321033477783,-15,-8,-2,5,1,3,3,-2,-14,0,-11,-17,-4,-14,goodbye
26.097321033477783,-10,-5,-4,13,3,7,19,5,-2,2,-16,-20,-4,-9,goodbye
26.112937688827515,-20,-28,-25,-26,-12,0,11,3,13,3,-14,-18,0,-14,goodbye
26.112937688827515,-26,-28,-21,-49,-17,-14,1,0,3,-8,-12,-10,1,-16,goodbye
26.136266231536865,-5,3,-2,-16,-4,-17,2,0,-15,-31,-7,-1,-8,-15,goodbye
26.136266231536865,8,12,7,15,5,3,4,0,-22,-28,-4,-2,-20,-10,goodbye
26.136266231536865,2,0,8,24,9,23,14,4,-8,1,-1,-4,-13,3,goodbye
26.14437365531921,0,4,5,23,4,19,22,2,7,14,0,0,0,14,goodbye
26.16026020050049,12,16,11,13,0,12,11,3,7,12,0,6,3,20,goodbye
26.16026020050049,20,16,7,10,-1,9,0,6,10,17,5,7,7,27,goodbye
26.175243377685547,11,6,0,4,-4,-4,-5,0,16,12,-4,0,7,21,sil
26.175243377685547,0,-2,-2,-13,-8,-16,-13,-10,9,4,-7,0,8,9,sil
26.191237449646,7,-1,-1,-17,0,-14,-17,-3,8,11,20,19,26,13,sil
26.191237449646,20,2,13,-5,7,-5,-16,1,14,11,36,33,39,19,sil
26.20591354370117,17,1,8,-3,5,0,-6,-4,11,3,25,24,22,8,sil
26.20591354370117,3,0,-7,-6,2,-5,-2,-2,1,-1,18,8,-3,-7,sil
26.22112727165222,-9,0,-3,-2,5,-5,-4,5,-6,-12,7,-2,-13,-20,sil
26.22112727165222,-16,-1,-3,9,11,15,6,4,-11,-9,-11,-19,-10,-23,sil
26.23655581474304,-12,0,-1,21,12,25,13,5,-11,1,-10,-19,-11,-9,sil
26.23655581474304,-3,7,1,25,11,7,6,4,-13,0,1,-6,-14,5,sil
26.2516872882843,-5,3,2,17,6,0,6,-7,-14,-5,-10,-12,-18,-1,sil
26.2516872882843,-18,-12,-2,-3,-7,4,5,-8,-7,-1,-35,-29,-29,-14,sil
26.26727795600891,-16,-22,-16,-28,-17,-8,-10,-1,0,4,-30,-24,-25,-5,sil
26.26727795600891,9,-6,-4,-24,-14,-22,-12,2,0,4,-1,1,0,10,sil
26.283328771591187,22,7,9,-1,-11,-10,6,0,14,5,11,18,23,16,sil
26.283328771591187,15,3,5,0,-7,-1,5,-4,23,2,11,23,28,14,sil
26.299439430236816,17,8,9,-3,2,-1,-12,-1,1,-8,16,25,21,2,sil
26.299439430236816,16,20,4,13,5,0,-14,0,-24,-16,20,15,3,-12,sil
26.315300703048703,-7,8,0,15,0,-7,-12,-6,-31,-16,3,-3,-17,-17,sil
26.315300703048703,-31,-6,-7,3,-2,-6,-10,-2,-24,-11,-18,-19,-26,-21,sil
26.331006050109863,-28,-8,-9,1,0,14,6,5,-1,4,-25,-21,-15,-14,sil
26.331006050109863,-17,-17,-5,-5,1,25,24,7,21,16,-21,-17,-4,0,sil
26.34611558914185,-21,-38,-28,-26,-8,2,23,2,18,7,-26,-26,-6,-6,sil
26.34611558914185,-24,-40,-31,-38,-17,-13,12,1,9,-8,-36,-29,-12,-17,sil
26.36163830757141,-6,-15,-3,-23,-11,0,9,3,16,-4,-15,-2,0,-2,sil
26.36163830757141,12,6,12,0,0,3,5,0,17,0,18,18,20,8,sil
26.37724995613098,19,20,14,10,8,-8,-5,0,5,-6,26,17,20,6,sil
26.37724995613098,24,29,13,14,15,-12,-1,6,-1,-5,25,19,11,12,sil
26.392942905426025,28,32,22,21,12,0,0,3,-5,1,34,27,13,21,sil
26.392942905426025,24,31,24,25,11,12,-2,3,-7,7,32,24,21,22,sil
26.40838098526001,21,29,15,33,25,20,5,1,-1,19,24,15,16,24,sil
26.40838098526001,11,17,12,37,26,20,10,-4,7,27,14,8,1,18,sil
26.424487352371216,-9,-8,-4,11,2,10,-1,-10,6,20,-6,-8,-3,8,sil
26.424487352371216,-15,-25,-18,-27,-18,-8,-19,-8,-3,0,-17,-10,-4,2,sil
26.44017791748047,0,-12,-5,-28,-21,-24,-31,-4,-9,-12,0,11,0,-2,sil
26.44017791748047,16,5,10,-1,-5,-24,-30,0,-3,-7,24,23,13,-2,sil
26.455294609069824,10,12,16,7,5,-10,-18,1,-1,1,21,12,7,-5,sil
26.455294609069824,-8,1,0,1,-1,2,-4,0,-12,-5,-2,-8,-19,-25,sil
26.471327304840088,-20,-15,-10,-4,-12,5,2,-2,-27,-21,-29,-27,-36,-38,sil
26.471428394317627,-21,-21,-8,-14,-7,9,12,-2,-23,-22,-38,-33,-31,-22,sil
26.4864981174469,-23,-22,-17,-16,0,15,29,-1,-1,-5,-29,-30,-21,-3,sil
26.4864981174469,-21,-25,-17,-7,0,10,32,7,12,5,-22,-25,-12,0,sil
26.501797676086422,-6,-12,-12,-5,1,0,16,10,21,10,-19,-13,2,8,sil
26.501797676086422,2,3,-7,-19,-7,-11,-3,-2,28,9,-14,0,10,19,sil
26.51741075515747,3,8,-6,-23,-20,-16,-18,-7,15,-1,-6,3,8,11,sil
26.532983779907227,7,8,-5,-7,-10,-10,-12,-2,0,-2,5,8,15,0,sil
26.532983779907227,11,9,7,-3,9,0,1,2,8,6,21,22,22,0,sil
26.53398299217224,7,8,1,-6,14,1,7,6,10,1,19,21,6,-3,sil
26.54812073707581,1,10,-7,8,10,-3,-3,3,-13,-16,0,-2,-17,-22,sil
26.54812073707581,-8,12,3,18,7,-1,-8,0,-29,-26,-11,-11,-22,-29,sil
26.56329083442688,-6,8,6,17,0,7,3,0,-19,-9,-1,0,-5,-6,sil
26.57939648628235,13,7,12,27,0,15,14,8,0,16,13,9,14,25,sil
26.57939648628235,11,0,11,30,4,16,13,7,11,26,11,1,13,26,sil
26.59493637084961,-15,-18,-6,5,0,6,7,-6,2,15,-5,-14,-5,1,sil
26.595930576324463,-17,-22,-5,-11,-7,0,4,-6,-1,10,-8,-11,-10,-1,sil
26.595930576324463,6,-9,4,0,-6,-4,0,0,16,12,2,5,3,15,sil
26.610332489013672,17,-1,14,4,-2,-11,-11,1,18,3,8,19,16,23,sil
26.62621521949768,20,0,17,-4,-2,-10,-21,1,4,0,17,24,28,19,sil
26.62621521949768,27,8,10,-2,0,-5,-20,-3,1,4,33,26,35,16,sil
26.64142274856568,26,19,16,11,6,-8,-15,-3,0,-3,34,29,28,9,sil
26.64142274856568,15,18,11,14,11,-8,-6,0,-6,-16,23,18,11,-3,sil
26.65713787078857,-7,7,-3,1,11,0,-4,0,-15,-19,6,-3,-14,-22,sil
26.65713787078857,-24,4,-13,2,5,2,-1,-2,-24,-16,-3,-17,-30,-33,sil
26.67239189147949,-18,3,-10,14,0,5,11,-4,-18,-8,-6,-21,-26,-22,sil
26.67239189147949,-14,0,-2,8,2,15,19,-3,-7,-1,-19,-20,-25,-12,sil
26.6878981590271,-22,-3,-10,-4,3,21,22,-2,-5,0,-27,-19,-24,-15,sil
26.6878981590271,-20,-14,-14,-10,-3,9,18,-2,0,2,-22,-18,-13,-14,sil
26.703412771224976,-17,-25,-19,-23,-14,-2,6,0,5,5,-29,-19,-7,-6,sil
26.703412771224976,-15,-22,-23,-32,-17,-3,3,0,12,8,-36,-13,-4,5,sil
26.718981742858887,5,-2,-4,-19,-9,-1,3,1,14,6,-14,4,9,16,sil
26.718981742858887,25,8,6,-3,-4,-10,-10,3,10,3,6,13,22,20,sil
26.73427414894104,25,3,5,-15,-6,-15,-28,4,13,3,7,18,21,18,sil
26.73427414894104,18,1,5,-30,-6,-12,-24,4,19,0,9,18,16,10,sil
26.75017166137696,1,5,0,-15,1,-11,-12,0,0,-7,11,-3,4,-1,sil
26.75017166137696,-9,2,2,3,11,-2,-5,0,-15,-13,0,-23,-17,-6,sil
26.76514673233032,-7,-2,-4,-2,13,11,3,0,-7,-9,-13,-22,-26,-7,sil
26.76514673233032,-12,0,-4,-8,13,18,14,0,-6,3,-13,-16,-12,-8,sil
26.77991938591004,-21,5,6,11,16,23,23,10,-3,20,0,-14,0,-2,sil
26.78031015396118,-18,-4,-3,26,8,21,26,8,12,20,3,-11,-6,-2,sil
26.79594922065735,-20,-15,-11,12,-4,7,21,-3,9,2,-10,-10,-20,-12,sil
26.79594922065735,-16,-16,-9,4,-14,-4,18,-4,0,0,-11,-2,-10,-6,sil
26.812029123306274,15,-7,4,9,-17,-11,5,0,10,6,7,20,16,14,sil
26.812029123306274,37,2,21,8,-14,-15,-14,-1,11,-8,19,36,20,15,sil
26.82804107666016,32,6,18,7,-6,-19,-21,0,3,-17,21,35,10,5,sil
26.82804107666016,41,15,28,17,-4,-18,-19,0,3,-2,34,49,28,17,sil
26.84316658973694,53,31,39,28,-1,-8,-17,-2,0,7,55,55,51,30,sil
26.84316658973694,32,28,25,26,7,-8,-22,-5,-10,2,51,32,35,17,sil
26.859203100204468,3,19,6,22,14,-10,-29,-3,-21,-2,22,9,5,0,sil
26.859203100204468,-6,19,-3,26,15,3,-20,-7,-22,-4,1,-2,-2,-9,sil
26.875253677368164,-21,11,-6,15,17,16,0,-7,-18,-7,-13,-19,-9,-20,sil
26.875253677368164,-45,-14,-25,-11,9,13,12,0,-12,-4,-34,-39,-26,-30,sil
26.890620470047,-53,-39,-38,-30,-8,12,22,2,-5,-4,-44,-49,-36,-29,sil
26.890620470047,-32,-32,-24,-27,-10,19,29,10,8,-3,-40,-41,-30,-16,sil
26.90630340576172,-15,-16,-19,-20,-2,8,30,11,25,9,-31,-28,-15,-4,sil
26.90630340576172,-20,-21,-17,-33,-11,-14,11,0,15,2,-28,-19,-7,-1,sil
26.92196989059448,-14,-21,-10,-48,-19,-21,-13,-10,-13,-24,-18,-5,-6,-2,sil
26.92196989059448,8,0,-5,-35,-9,-14,-23,-4,-32,-34,-2,3,-9,-1,sil
26.93804144859314,14,14,9,-6,-2,-1,-8,6,-27,-18,0,0,-14,1,sil
26.93804144859314,11,15,15,17,4,19,19,6,0,9,-2,-1,-4,15,sil
26.95323252677917,19,14,14,27,18,22,21,1,30,35,8,12,17,33,sil
26.95323252677917,32,13,15,20,17,1,-1,2,43,42,26,28,38,40,sil
26.969279766082764,38,16,14,7,2,-13,-22,-1,27,29,36,32,41,26,sil
26.969279766082764,20,17,11,0,0,-12,-29,-10,-7,6,32,20,18,-2,sil
26.98532629013061,-9,4,-5,1,5,-5,-20,-8,-22,-10,16,-2,-9,-18,sil
26.98532629013061,-19,-2,-4,10,7,10,0,1,-13,-10,0,-14,-25,-18,sil
27.000674724578857,-20,-5,-4,14,3,28,24,6,-3,6,-15,-19,-24,-17,sil
27.000674724578857,-24,-19,-21,-1,0,22,36,2,15,23,-18,-21,-9,-10,sil
27.01611304283142,-13,-25,-12,-15,-4,4,33,6,37,15,-4,-3,5,-2,sil
27.01611304283142,0,-15,2,-12,-9,0,17,5,31,-3,3,14,9,-4,sil
27.03218102455139,0,-6,2,-10,-10,-10,-4,-2,4,-16,-2,11,6,-8,sil
27.03218102455139,-1,0,4,-6,-6,-20,-5,0,-14,-21,-15,-1,1,-14,sil
27.04781985282898,3,8,9,5,-2,-10,4,0,-20,-25,-16,-5,-5,-9,sil
27.04781985282898,7,10,10,1,-5,-6,-9,-3,-22,-29,-6,3,-7,4,sil
27.06303119659424,5,2,-1,-9,-12,-23,-32,-4,-24,-30,-4,5,-5,7,sil
27.06303119659424,4,2,3,-1,-13,-26,-31,0,-22,-17,-10,0,-8,0,sil
27.07909154891968,12,18,18,20,1,-2,-18,6,0,6,6,3,1,11,sil
27.07909154891968,16,18,8,28,20,17,-2,4,18,22,26,7,20,27,sil
27.094939947128296,3,-5,0,12,15,19,7,-1,11,26,9,1,15,24,sil
27.094939947128296,-8,-22,-13,-6,-5,6,1,-4,6,26,-14,-9,2,10,sil
27.11099624633789,-8,-22,-26,-19,-12,-12,-13,-4,14,13,-12,-9,0,-3,sil
27.11099624633789,-9,-15,-18,-25,-4,-16,-13,-1,16,0,8,5,5,-13,sil
27.127032995224,-6,-2,-10,-8,0,-3,-3,-4,4,3,26,18,7,-16,sil
27.127032995224,0,14,3,12,3,7,-2,-5,-18,3,22,13,-3,-13,sil
27.14247488975525,2,19,10,12,8,5,6,-1,-28,-13,8,3,-12,-9,sil
27.14247488975525,5,14,9,0,7,0,14,0,-19,-23,9,3,-7,-7,sil
27.15835237503052,7,14,16,1,7,2,8,-1,-11,-12,13,3,-2,-2,sil
27.15835237503052,8,18,15,20,10,10,6,2,-2,4,6,0,0,7,sil
27.17361545562744,13,19,21,34,8,11,11,7,4,7,4,8,7,16,sil
27.17361545562744,14,14,19,24,4,10,12,5,7,6,9,10,11,16,sil
27.189223289489743,2,2,2,5,8,12,14,0,5,9,3,-7,3,9,goodbye
27.189223289489743,-10,-8,-6,-1,8,15,11,0,-1,2,-14,-18,-14,-2,goodbye
27.20529222488404,-24,-22,-24,-15,-5,11,6,0,-13,-7,-35,-29,-27,-18,goodbye
27.20529222488404,-28,-29,-33,-28,-14,2,5,1,-11,-11,-48,-37,-26,-22,goodbye
27.220911979675293,-9,-13,-18,-13,-4,-2,8,4,13,-1,-30,-15,-6,-3,goodbye
27.220911979675293,4,-6,-3,-1,-1,-6,6,0,27,11,-9,1,13,12,goodbye
27.236475229263306,-7,-17,-4,-12,-12,-2,0,0,15,10,-20,-16,7,4,goodbye
27.236475229263306,-14,-16,-13,-13,-12,-3,-3,-2,9,2,-21,-20,-3,-4,goodbye
27.252352476119995,-2,-4,-8,-11,-1,-13,-13,-4,12,0,2,1,-2,-3,goodbye
27.252352476119995,0,-6,-1,-22,0,-11,-18,0,2,-9,7,8,-2,-5,goodbye
27.26790928840637,4,-5,4,-20,-3,-5,-10,2,1,-14,4,12,2,-1,goodbye
27.26790928840637,20,7,19,-9,-6,-8,-5,7,14,7,23,35,28,15,goodbye
27.28300642967224,22,10,10,-1,-5,-13,-7,5,7,22,32,36,37,19,goodbye
27.28300642967224,5,2,-2,-5,-7,-16,-17,-5,-16,-3,10,13,10,1,goodbye
27.29846215248108,-5,-1,-3,-14,-10,-14,-26,-6,-23,-19,0,-1,-6,-10,goodbye
27.29846215248108,-2,1,0,-9,0,-8,-20,-4,-13,-1,18,1,-4,-6,goodbye
27.31419563293457,1,7,8,10,13,0,-9,-10,-18,-2,13,-2,-19,-11,goodbye
27.31419563293457,0,12,10,31,16,11,0,-5,-16,-18,-6,-13,-26,-19,goodbye
27.329347133636475,3,22,17,42,15,15,6,6,1,-4,3,-4,-2,-3,goodbye
27.329347133636475,3,19,16,33,11,7,16,3,8,9,18,6,10,11,goodbye
27.344558715820312,-10,0,-7,15,3,8,25,-2,5,8,0,-6,0,0,goodbye
27.360666036605835,-9,0,-4,11,3,18,25,7,6,19,-6,-4,0,0,goodbye
27.360666036605835,12,14,6,24,5,17,21,9,10,35,12,16,15,17,goodbye
27.37541031837464,17,12,7,31,6,14,23,0,6,30,14,12,16,24,goodbye
27.37541031837464,0,2,3,15,8,11,18,-2,-1,10,-5,0,3,12,goodbye
27.390939950943,-4,-5,-6,-3,-1,-2,3,-4,-3,-12,-17,-2,-8,0,goodbye
27.390939950943,0,-16,-6,-6,-18,-9,-3,-1,6,-30,-16,0,-9,1,goodbye
27.406970739364624,-1,-28,-7,-15,-22,-7,0,4,22,-26,-6,3,0,7,goodbye
27.406970739364624,-9,-35,-18,-50,-25,-22,-16,0,10,-21,-3,6,5,-3,goodbye
27.42250061035156,-6,-18,-13,-46,-22,-29,-38,-3,-18,-30,-5,5,-3,-18,goodbye
27.42250061035156,15,14,3,6,0,-13,-30,0,-27,-19,8,10,0,-4,goodbye
27.438165426254272,30,29,24,21,20,-4,-12,1,-14,9,32,26,19,13,goodbye
27.438165426254272,13,13,17,-9,15,-1,0,1,-7,20,26,17,19,3,goodbye
27.45424723625183,-16,-7,-12,-25,0,6,3,-2,-10,1,-9,-20,-12,-17,goodbye
27.45424723625183,-29,-12,-20,-19,-7,8,0,-1,-9,-17,-33,-44,-36,-28,goodbye
27.470262050628666,-14,4,-13,0,2,8,-1,1,0,-11,-25,-37,-24,-26,goodbye
27.470262050628666,9,21,8,22,22,20,15,5,6,9,-12,-18,-3,-2,goodbye
27.48619771003723,13,9,8,14,22,20,31,8,9,22,-15,-9,3,21,goodbye
27.48619771003723,-14,-18,-17,-20,2,0,14,1,1,15,-21,-16,-2,2,goodbye
27.501508712768555,-37,-21,-24,-27,-8,-6,-11,-4,-11,8,-23,-33,-15,-28,goodbye
27.501508712768555,-31,0,-15,0,0,10,-6,-5,-6,19,-16,-29,-16,-13,goodbye
27.517380237579346,-13,3,-4,7,0,12,3,-3,9,18,-4,-6,-10,9,goodbye
27.517380237579346,-8,-11,-3,-5,-8,-9,-6,-3,12,-6,-7,-1,-11,-3,goodbye
27.53331971168518,-4,-8,2,3,-2,-14,-8,-7,3,-17,-16,-8,-15,-12,goodbye
27.53331971168518,11,9,22,21,8,9,11,0,8,0,1,12,0,12,goodbye
27.55030345916748,25,9,19,19,4,20,19,10,20,8,26,33,23,29,goodbye
27.55030345916748,18,-6,11,2,-2,6,8,9,20,5,28,32,31,21,goodbye
27.55030345916748,14,-8,17,0,-3,0,8,8,22,22,42,42,41,24,goodbye
27.56660842895508,26,0,14,5,-4,-5,15,7,33,34,60,53,51,39,goodbye
27.56660842895508,29,0,12,5,-9,-21,4,1,26,9,39,38,35,32,goodbye
27.581229209899902,12,-4,1,-3,-19,-30,-13,-4,5,-12,8,12,10,9,goodbye
27.596656322479248,-2,-9,-8,-9,-19,-20,-23,-7,-13,-19,0,0,1,-11,goodbye
27.596656322479248,-4,-3,-8,-3,-6,-10,-21,-8,-26,-30,-5,-2,-5,-30,goodbye
27.596656322479248,0,10,-6,1,1,-7,-13,-7,-35,-39,-11,1,-15,-29,goodbye
27.614299535751343,9,25,7,5,3,5,-7,-1,-32,-31,1,12,-9,-7,goodbye
27.614299535751343,17,32,11,21,10,12,-3,0,-16,-6,20,14,3,4,goodbye
27.62733578681945,10,25,6,22,11,-5,-6,-5,-11,6,11,1,-5,-5,goodbye
27.64341378211975,-6,12,0,6,6,-14,-14,-1,-22,-7,-15,-18,-26,-21,goodbye
27.64341378211975,-14,2,-7,0,2,0,-9,0,-20,-16,-24,-31,-25,-24,goodbye
27.66028904914856,-22,-7,-5,-6,-4,5,0,0,-10,-4,-19,-32,-26,-21,goodbye
27.66028904914856,-31,-14,-15,-15,-5,4,3,-2,-8,-7,-24,-31,-36,-19,goodbye
27.675156831741333,-27,-13,-18,-8,7,10,7,0,-3,-11,-35,-28,-28,-14,goodbye
27.675156831741333,-14,-9,-3,1,12,13,12,7,4,12,-32,-22,-10,-6,goodbye
27.69224858283997,-7,-8,-3,3,7,9,14,2,5,30,-14,-19,0,1,goodbye
27.69224858283997,-10,-5,-5,0,10,14,14,0,-3,18,0,-14,2,8,goodbye
27.69224858283997,-16,-10,-8,-5,9,20,10,4,-4,9,-2,-10,6,9,goodbye
27.70665407180786,-3,-17,-8,-10,0,11,3,5,11,11,-9,-6,10,12,goodbye
27.72335290908813,19,-3,9,-3,-4,8,5,6,29,16,-1,6,16,25,goodbye
27.72335290908813,22,8,9,5,4,11,8,4,35,25,8,16,16,30,goodbye
27.74043130874633,15,0,4,0,6,3,0,0,26,26,5,20,14,24,goodbye
27.74043130874633,11,-11,0,-12,-9,-3,1,-2,16,17,5,19,19,23,goodbye
27.74043130874633,3,-10,-5,-20,-23,-2,17,-2,11,0,11,13,14,15,goodbye
27.754085779190063,1,-1,-1,-19,-16,-4,14,2,11,-17,7,8,2,1,goodbye
27.76936388015747,13,5,3,-8,-3,-9,1,4,19,-5,14,13,13,6,goodbye
27.76936388015747,13,10,10,3,1,-12,-4,2,17,12,27,19,27,5,goodbye
27.7852885723114,0,8,6,8,0,-13,-12,-2,-3,-6,13,6,7,-17,goodbye
27.7852885723114,0,-1,3,1,-2,-15,-15,-11,-15,-31,-1,-1,-12,-27,goodbye
27.80092477798462,8,-2,15,-1,0,-15,-7,-9,-7,-16,9,11,0,-10,goodbye
27.80092477798462,10,5,7,1,3,-17,-6,-2,-5,0,17,19,7,0,goodbye
27.816370964050293,0,1,-2,-5,-2,-20,-18,0,-19,-18,1,10,-9,-7,goodbye
27.816370964050293,-8,0,-5,-13,-8,-13,-19,-2,-25,-34,-7,-3,-21,-20,goodbye
27.83208060264588,-12,9,-8,0,-2,-8,-12,-3,-17,-18,0,-15,-16,-22,goodbye
27.83208060264588,-11,11,-1,17,7,0,-6,0,-6,7,3,-14,-10,-20,goodbye
27.847174167633057,-9,3,-4,24,16,16,2,4,2,21,0,-8,-1,-11,goodbye
27.847174167633057,-1,7,0,25,15,12,5,3,0,14,1,-5,1,6,goodbye
27.86230778694153,7,17,16,21,6,0,-2,2,-10,-1,2,-1,-4,9,goodbye
27.86230778694153,1,8,3,10,0,4,-7,0,-21,-8,-8,-4,-9,0,goodbye
27.878373622894287,-12,-1,-8,9,0,23,1,1,-21,-3,-6,-7,-9,0,goodbye
27.878373622894287,-16,-5,-10,12,1,29,16,0,-12,0,-6,-15,-13,1,goodbye
27.8938992023468,-18,-12,-14,-1,-3,16,11,-6,-14,-6,-38,-32,-25,-15,goodbye
27.8938992023468,-22,-15,-15,-13,-8,2,0,-6,-11,-2,-46,-30,-17,-17,goodbye
27.91210436820984,-8,-7,-6,-5,-4,6,5,0,8,15,-7,-2,6,7,goodbye
27.91210436820984,13,0,11,3,0,10,12,3,20,25,8,13,15,24,goodbye
27.92513084411621,25,0,12,3,-2,-5,8,0,17,22,2,12,16,27,goodbye
27.92513084411621,18,-4,5,-6,-5,-13,7,1,23,16,10,14,24,26,goodbye
27.94089937210083,5,-13,-3,-16,-5,1,13,9,36,10,2,9,17,14,goodbye
27.94089937210083,0,-19,-11,-21,-10,-2,10,5,34,-1,-12,0,2,1,goodbye
27.956918716430664,1,-15,-1,-36,-13,-21,0,0,13,-13,1,9,7,0,goodbye
27.956918716430664,16,-6,3,-35,-2,-14,-4,-1,0,-10,23,24,21,9,goodbye
27.97295069694519,28,9,4,-4,7,0,-5,-2,0,-9,23,22,19,9,goodbye
27.97295069694519,17,21,12,9,8,-6,-11,-3,-9,-19,13,13,0,-4,goodbye
27.98897242546081,0,14,3,6,6,-16,-13,-5,-15,-15,7,2,-9,-14,goodbye
27.98897242546081,-4,7,-1,7,2,-11,-12,0,-2,-4,13,0,0,-12,goodbye
28.005009174346924,-7,15,0,7,0,-2,-13,7,7,3,26,7,4,-11,goodbye
28.005009174346924,-7,15,3,13,9,5,-8,4,-1,14,14,3,-4,-8,goodbye
28.020344257354736,-1,10,6,22,14,18,4,-2,-10,11,-12,-11,-13,-1,goodbye
28.020344257354736,-12,1,-3,13,1,13,8,-4,-9,0,-18,-24,-14,-3,goodbye
28.036040782928467,-27,-8,-8,4,-3,-2,0,0,-16,-4,-14,-21,-16,-11,goodbye
28.036040782928467,-18,-9,-7,9,2,4,10,2,-14,-1,-18,-17,-13,-10,goodbye
28.05117154121399,-2,-9,-5,-1,0,21,24,0,8,16,-13,-15,-7,2,goodbye
28.05117154121399,0,-18,2,-18,-9,7,5,0,14,22,-2,-4,0,12,goodbye
28.06727886199951,2,-13,-2,-12,-8,-18,-23,-4,-6,-5,-2,2,4,6,goodbye
28.06727886199951,10,5,2,-4,-4,-17,-25,0,-11,-26,0,7,6,0,goodbye
28.083341121673584,18,15,13,-6,-3,-3,-13,3,0,-11,11,17,7,1,goodbye
28.083341121673584,10,13,7,6,0,-1,-9,-2,-5,-9,12,12,-1,-4,goodbye
28.09945702552796,-9,6,5,21,7,6,3,-3,-11,-6,-3,-13,-15,-15,goodbye
28.09945702552796,-19,-12,-6,9,9,22,32,6,9,21,-14,-23,-8,-5,goodbye
28.11490273475647,-13,-28,-17,-13,0,10,29,4,23,18,-17,-4,-1,2,sil
28.11490273475647,1,-13,-12,-15,-12,-10,0,-7,0,-15,-5,16,3,-2,sil
28.139124870300293,16,12,2,0,-5,-10,-10,-7,-22,-14,17,26,17,0,sil
28.139124870300293,17,22,17,17,9,0,0,0,-23,-4,18,20,13,7,sil
28.139124870300293,2,14,4,25,12,9,0,-3,-6,-2,5,1,-1,3,sil
28.14616107940674,-10,0,-6,18,7,21,8,0,17,18,0,-12,2,4,sil
28.16162657737732,-11,-11,-7,2,3,21,25,11,35,31,-18,-18,3,10,sil
28.16162657737732,-10,-20,-19,-24,-8,-3,14,8,29,12,-33,-24,-7,6,sil
28.177638053894043,-8,-18,-12,-41,-21,-24,-8,2,18,3,-2,-10,1,2,sil
28.177638053894043,2,-5,0,-23,-16,-24,-8,2,18,4,24,6,24,3,sil
28.193307161331177,13,4,2,-5,-5,-21,-7,-5,4,-13,11,7,18,0,sil
28.193307161331177,15,10,10,-3,-1,-19,-21,-7,-18,-21,7,8,3,2,sil
28.2090802192688,22,18,18,5,1,-17,-28,-4,-26,-13,19,19,4,5,sil
28.2090802192688,24,22,21,9,0,-19,-27,-6,-30,-24,10,22,0,-5,sil
28.22402691841125,3,14,6,2,-2,-14,-21,-8,-35,-33,-5,5,-16,-18,sil
28.22402691841125,-10,4,1,6,0,0,-13,-1,-31,-12,-8,-3,-23,-12,sil
28.24003577232361,-4,6,13,19,6,10,-5,2,-19,1,-3,1,-19,0,sil
28.24003577232361,-7,8,9,26,13,18,10,1,-2,7,3,1,-14,1,sil
28.25561571121216,-16,1,-1,23,22,30,25,4,15,28,3,-11,-13,0,sil
28.25561571121216,-14,-8,-14,10,13,37,32,7,24,37,-11,-23,-16,0,sil
28.27137541770935,-12,-19,-17,-10,-5,21,27,5,29,15,-27,-23,-14,-1,sil
28.27137541770935,-7,-21,-9,-25,-8,5,19,8,33,4,-17,-2,8,1,sil
28.28640389442444,4,-15,-5,-17,0,11,21,9,29,20,10,12,33,15,sil
28.28640389442444,2,-13,-2,-5,1,17,23,4,22,25,21,8,33,21,sil
28.301992893219,-4,-14,-7,-10,-2,3,8,0,17,6,10,3,19,6,sil
28.301992893219,0,-4,-13,-13,-3,-12,-15,-8,-1,-17,1,-1,3,-20,sil
28.317975759506226,3,6,-3,-2,-3,-7,-21,-11,-24,-33,0,-6,-9,-31,sil
28.317975759506226,4,11,4,2,-2,-2,-16,-9,-28,-30,1,1,-9,-6,sil
28.334096431732178,11,18,9,0,0,-12,-22,-3,-21,-21,3,16,-1,9,sil
28.334096431732178,10,19,8,5,0,-20,-25,0,-13,-12,7,7,-1,0,sil
28.35000252723694,0,9,10,12,0,-12,-13,-2,-8,-3,2,-5,-6,-4,sil
28.35000252723694,-3,2,12,12,2,3,-1,-1,-14,4,-12,-7,-10,0,sil
28.36536359786988,-9,-7,-9,2,0,5,3,-1,-16,6,-21,-14,-12,-5,sil
28.36536359786988,-14,-17,-13,-4,-6,-4,12,0,0,10,-19,-18,-5,-1,sil
28.38071727752685,-1,-9,1,0,-1,-2,23,10,26,25,-5,-4,18,16,sil
28.38071727752685,15,0,6,0,2,-2,12,11,41,34,17,11,41,28,sil
28.3963680267334,14,0,0,-13,-4,-16,-16,0,25,17,21,15,27,16,sil
28.3963680267334,3,0,-4,-14,-8,-27,-23,-9,-6,-9,6,6,-2,-8,sil
28.41226959228516,-1,8,0,-5,-2,-22,-12,-5,-21,-23,0,0,-18,-21,sil
28.41226959228516,-6,13,2,10,6,0,-2,1,-16,-20,0,-1,-26,-15,sil
28.427791118621823,-4,5,4,28,11,23,17,0,-8,-7,-8,-3,-26,0,sil
28.427791118621823,0,-8,3,9,-1,23,31,-1,0,1,-16,-6,-11,8,sil
28.443580150604248,-3,-15,-9,-20,-15,3,11,-3,3,0,-12,-5,1,0,sil
28.443580150604248,-4,-1,-4,-11,-3,-3,-11,1,0,0,12,9,13,-3,sil
28.45921015739441,18,21,16,15,14,4,0,6,1,7,40,31,27,9,sil
28.45921015739441,25,26,19,20,15,14,8,-3,-4,-1,27,24,10,8,sil
28.474374532699585,-8,5,6,12,5,18,1,-6,-23,-19,-13,-5,-22,-7,sil
28.474374532699585,-23,-15,-8,0,0,12,7,3,-15,-8,-28,-20,-21,-6,sil
28.490122318267822,2,-17,-5,-6,3,3,11,6,20,20,-8,-4,0,6,sil
28.490122318267822,10,-6,-6,-2,5,-7,-6,0,26,25,6,8,11,10,sil
28.50530815124512,-1,-2,-19,-3,-3,-21,-17,-1,5,2,0,7,13,5,sil
28.50530815124512,4,3,-9,-8,-4,-13,-10,3,2,-11,-1,8,10,0,sil
28.521063804626465,7,11,-1,-3,1,0,-7,4,5,-10,1,-2,1,-8,sil
28.521063804626465,-16,1,-8,-3,-5,-4,-15,-8,-14,-21,-14,-30,-22,-23,sil
28.536561489105225,-35,-9,-15,-4,-16,2,-9,-9,-26,-26,-31,-40,-39,-27,sil
28.536561489105225,-25,-10,-11,-4,-9,17,7,5,-1,-2,-18,-28,-21,-9,sil
28.5519118309021,-9,-15,2,-18,-4,14,11,10,29,17,-9,-16,0,3,sil
28.5519118309021,-1,-19,4,-23,-6,4,1,2,31,22,-3,-8,4,4,sil
28.56751823425293,4,-6,4,-8,-3,-3,-5,-2,17,20,11,5,15,13,sil
28.56751823425293,8,2,7,-3,-2,-12,-5,0,9,6,16,19,25,19,sil
28.583197116851807,10,6,11,-6,-5,-14,0,-2,-1,-4,16,26,23,7,sil
28.583197116851807,20,21,20,6,1,-4,0,-2,-15,-2,30,35,23,2,sil
28.598363637924194,26,30,20,15,16,2,-2,-3,-18,-2,32,32,20,8,sil
28.598363637924194,14,22,15,10,19,0,0,-1,-16,-4,15,12,1,2,sil
28.614195108413696,2,18,15,23,16,0,7,0,-20,0,0,-3,-12,-4,sil
28.629948616027832,3,4,8,41,14,12,14,-2,-12,7,-6,-7,-8,-2,sil
28.629948616027832,4,-18,2,24,7,20,22,-3,4,14,-9,-5,-6,3,sil
28.629948616027832,-1,-25,-6,6,0,11,22,0,12,20,-4,-4,-4,8,sil
28.644479036331177,-3,-18,-9,3,0,-1,11,3,11,18,-1,3,5,13,sil
28.660535097122192,2,-12,-10,-13,-1,-6,-1,6,15,12,-4,9,12,16,sil
28.661153078079224,6,-10,-18,-35,-13,-15,-12,3,6,-2,0,1,8,8,sil
28.661153078079224,2,-2,-11,-24,-18,-23,-15,1,-8,-21,5,1,-3,-7,sil
28.67537403106689,0,10,-7,1,-2,-15,-12,0,-4,-26,5,2,-14,-16,sil
28.69102716445923,-8,12,-9,0,1,-6,-17,-5,-9,-32,-9,-13,-26,-26,sil
28.69102716445923,-23,2,-11,-8,-6,-2,-14,-5,-28,-38,-28,-31,-41,-35,sil
28.70656085014344,-25,0,-7,0,0,7,7,2,-15,-17,-27,-32,-30,-24,sil
28.70656085014344,-18,4,2,12,3,13,16,4,12,10,-19,-20,-3,-9,sil
28.722638607025143,-21,-5,-13,1,-8,3,2,-2,8,12,-28,-14,-2,-8,sil
28.722638607025143,-15,-16,-14,-21,-15,-7,-9,-4,-1,-5,-23,-6,-5,1,sil
28.73835253715515,8,0,5,-27,-7,-3,-8,0,9,-5,9,9,17,16,sil
28.73835253715515,20,20,6,-2,0,2,-4,1,21,10,29,21,32,12,sil
28.75346708297729,17,19,17,15,5,0,-9,1,0,4,28,33,22,8,sil
28.75346708297729,16,13,21,14,10,1,-9,-3,-21,-4,36,34,20,12,sil
28.769238471984863,12,14,17,19,15,14,1,-3,-15,10,32,11,18,14,sil
28.769238471984863,-2,3,11,27,18,23,15,7,6,28,1,-10,0,9,sil
28.784104347229004,-6,-18,-5,8,6,16,18,4,17,28,-13,-15,-2,9,sil
28.784104347229004,2,-19,0,-10,-6,4,18,0,16,24,-6,-3,6,16,sil
28.80016589164734,1,-9,-4,-8,-6,-2,10,1,18,15,-7,-1,7,10,sil
28.80016589164734,1,-10,-10,-12,-8,-11,-11,0,14,-2,-3,0,1,-3,sil
28.815685033798218,15,-2,6,-13,-10,-11,-20,0,5,-8,17,18,3,-2,sil
28.815685033798218,15,11,4,0,-1,-10,-10,-3,0,-6,22,14,3,0,sil
28.831430912017822,5,16,8,8,9,-6,-5,-5,-14,-19,3,-4,-8,-8,sil
28.831430912017822,-1,15,8,22,20,8,10,3,-23,-20,-8,-12,-21,-12,sil
28.847238779068,-12,-5,-8,16,11,10,26,0,-17,-7,-23,-18,-25,-13,sil
28.847238779068,-13,-24,-7,-19,-12,-6,8,-5,-8,-4,-39,-18,-18,-8,sil
28.862335681915283,-3,-20,-11,-26,-14,-15,-5,0,2,2,-25,-8,0,3,sil
28.862335681915283,0,-13,-2,-14,-6,-12,-1,5,5,6,-9,1,0,5,sil
28.87797403335572,-2,-8,0,-14,-13,-12,1,2,0,-6,-2,4,-2,-3,sil
28.87797403335572,-3,-3,-13,-13,-11,-15,-12,-3,-7,-21,14,12,0,-10,sil
28.893110036849976,0,2,1,-11,-2,-15,-27,-3,-16,-24,17,22,-7,-7,sil
28.893110036849976,4,13,4,1,2,-6,-23,0,-15,-17,13,14,-7,-5,sil
28.90922427177429,1,21,-1,20,13,4,-7,1,-3,-4,21,0,8,-7,sil
28.90922427177429,-7,15,12,19,15,19,4,0,2,9,17,-5,10,-1,sil
28.925039052963257,-16,4,-4,14,9,29,14,-2,9,23,4,-14,4,2,sil
28.925039052963257,-12,2,-11,17,6,27,17,-1,12,27,0,-16,7,5,sil
28.94025421142578,9,12,23,26,7,24,22,7,10,35,0,0,15,17,sil
28.94025421142578,17,9,8,21,10,25,33,9,20,38,-2,6,13,23,sil
28.956257104873657,-2,-14,-20,-8,1,11,22,1,21,9,-10,-6,-2,13,sil
28.956257104873657,-8,-16,-1,-18,-10,-3,-1,0,12,-10,-19,-4,-4,7,sil
28.97215986251831,5,-2,0,-1,-9,-10,-7,-1,20,7,-2,9,17,9,sil
28.97215986251831,11,-4,-3,-10,-15,-19,-15,-6,14,11,12,13,20,3,sil
28.98717856407165,5,-3,1,-27,-21,-22,-21,0,-9,-15,5,5,2,-6,sil
28.98717856407165,2,4,-8,-16,-5,-17,-10,0,-10,-26,0,2,-3,-11,sil
29.002341985702515,9,12,10,3,2,-13,-4,-5,-7,-22,0,10,-2,-7,sil
29.002341985702515,8,11,10,10,3,-9,-6,-3,-24,-24,-12,1,-12,-9,sil
29.017972946166992,-7,0,-11,-2,8,-6,-9,-2,-39,-34,-16,-12,-28,-22,sil
29.017972946166992,-10,-4,0,-8,9,0,-16,-4,-37,-31,-2,-8,-26,-25,sil
29.03311848640442,-4,0,7,10,5,0,-11,-6,-20,-12,-1,-11,-12,-13,sil
29.03311848640442,-12,-9,2,12,-2,-1,-3,-1,-8,0,-18,-18,-13,-2,sil
29.05133390426636,-9,-14,0,7,-4,3,0,9,-3,10,-12,-7,-5,7,sil
29.05133390426636,9,0,3,25,9,16,15,11,8,27,9,8,12,16,sil
29.064314126968384,3,5,7,18,12,19,23,7,18,28,11,5,10,10,sil
29.064314126968384,-14,-6,-18,-9,-2,8,16,1,22,28,3,-8,8,0,sil
29.079890966415405,-2,-10,-15,-16,-9,0,9,0,25,25,5,-7,17,5,sil
29.079890966415405,11,-8,1,-14,-8,-7,2,0,25,6,4,0,14,13,sil
29.095919370651245,10,-7,-7,-15,-8,-17,-7,-6,20,-4,0,8,4,15,sil
29.095919370651245,10,0,1,-23,-8,-19,-15,-2,10,-5,7,20,8,13,sil
29.111963272094727,4,10,4,-22,-8,-15,-10,3,0,-12,16,20,6,0,sil
29.111963272094727,-2,18,7,-5,1,-6,-4,0,-9,-19,20,16,-4,-12,sil
29.127981901168823,0,10,13,-1,13,8,6,0,-10,-9,16,11,-7,-10,sil
29.127981901168823,0,-9,0,-26,6,17,16,1,-6,-1,0,-7,-8,-6,sil
29.143364906311035,-6,-4,6,-13,1,18,12,1,-10,-1,-8,-13,-5,-4,sil
29.143364906311035,-4,13,13,35,10,15,1,0,-12,9,5,-4,1,0,sil
29.15940809249878,0,15,5,45,13,16,2,0,-6,20,5,-4,-1,2,sil
29.15940809249878,4,11,3,32,7,18,13,0,0,9,-13,-9,-9,1,sil
29.17495036125183,3,0,-1,28,0,11,13,1,6,1,-22,-10,-9,1,sil
29.17495036125183,-6,-9,-10,8,-4,5,-1,0,9,6,-18,-11,-8,3,sil
29.19045639038086,-6,-2,-16,-4,-4,-4,-11,-1,9,9,-12,-10,-1,4,sil
29.19045639038086,5,1,-6,-5,-10,-24,-21,-9,2,-7,-10,1,0,0,sil
29.206154823303223,10,-1,3,-8,-8,-25,-27,-8,-1,-24,0,15,3,0,sil
29.206154823303223,1,-4,-2,-7,1,-14,-18,-2,-13,-25,13,12,6,-7,sil
29.222259998321533,-11,-7,-7,-3,0,-7,-12,-2,-35,-21,3,-3,-3,-19,sil
29.222259998321533,-15,-4,-4,5,-8,5,-5,0,-23,-5,-10,-11,-5,-9,sil
29.238345861434937,-1,0,3,11,-4,14,13,6,14,17,-6,-1,18,14,sil
29.238345861434937,5,-15,1,-8,-2,0,20,6,18,18,0,6,30,15,sil
29.254138469696045,0,-16,-11,-28,0,-14,2,1,-1,2,7,6,14,-3,sil
29.254138469696045,3,13,2,-18,6,-15,-13,2,-7,-7,16,14,-1,-11,sil
29.270374298095703,14,23,16,6,7,-11,-6,6,2,-5,15,15,-2,-2,sil
29.270374298095703,7,7,10,18,7,2,18,10,12,3,1,0,-6,1,sil
29.28637003898621,-7,-4,-2,3,2,18,35,7,18,15,-16,-18,-14,2,sil
29.28637003898621,-9,-14,-13,-16,-9,12,31,-2,28,30,-16,-17,-3,9,sil
29.30192923545837,2,-15,-5,-18,-12,-2,14,-2,28,23,1,0,13,14,sil
29.30192923545837,14,-3,2,-10,-3,-7,-1,0,7,-3,18,14,10,7,sil
29.317099809646606,10,4,0,-9,0,-10,-18,-5,-13,-18,23,14,0,-2,sil
29.317099809646606,0,6,2,-8,-6,-9,-31,-10,-20,-15,16,3,-5,-6,sil
29.333226203918457,-6,7,6,-1,-4,-7,-30,-6,-21,-18,4,-8,-14,-6,sil
29.333226203918457,-12,9,3,3,4,-4,-22,-2,-22,-24,-6,-14,-25,-12,sil
29.34914922714233,-20,3,-4,11,10,6,-14,-2,-24,-22,-16,-22,-26,-19,sil
29.34914922714233,-19,0,0,24,18,20,0,0,-15,-8,-17,-18,-19,-8,sil
29.364797115325928,-5,2,7,30,26,27,23,6,10,14,-7,-3,-6,5,sil
29.364797115325928,1,-1,-6,16,13,25,34,1,22,20,-11,-2,2,4,sil
29.380332708358765,4,-6,-4,1,-6,19,23,0,4,3,-15,1,2,3,sil
29.380332708358765,15,0,6,4,-3,10,11,4,0,5,1,16,13,16,sil
29.395949602127075,16,0,4,3,-1,-3,2,0,16,17,8,19,27,18,sil
29.395949602127075,1,-8,0,-16,-16,-16,-15,-5,10,4,-5,8,19,2,sil
29.41145706176757,2,-2,-1,-28,-15,-22,-25,-4,-8,-15,-2,2,7,-8,sil
29.41145706176757,11,6,1,-17,-6,-23,-22,-3,-18,-20,10,8,6,-6,sil
29.42733883857727,6,9,0,-3,-14,-23,-20,-7,-24,-12,14,14,1,-7,sil
29.42733883857727,1,16,6,10,-12,-14,-9,0,-19,-2,16,12,-4,-6,sil
29.44297695159912,6,18,16,30,9,3,13,12,5,12,16,3,0,6,sil
29.44297695159912,1,5,3,30,16,14,20,15,24,27,3,-13,5,13,sil
29.45798349380493,-16,-7,-8,7,7,13,15,2,12,24,-19,-25,-9,0,sil
29.45798349380493,-23,-13,-11,0,7,19,21,-3,9,18,-21,-19,-14,-5,sil
29.473253965377808,-5,-10,-6,4,9,23,30,4,31,35,3,1,10,13,sil
29.473253965377808,9,-2,2,-1,3,9,15,11,37,39,16,15,26,21,sil
29.48929190635681,0,-10,-9,-19,-10,-14,-16,-3,9,0,0,4,6,0,sil
29.48929190635681,-10,-30,-15,-44,-17,-23,-27,-12,-9,-26,-10,-2,-7,-13,sil
29.50508117675781,0,-31,-10,-59,-10,-11,-3,-1,-2,-18,0,3,4,-2,sil
29.50508117675781,0,-10,-13,-41,-7,-12,0,0,-9,-26,1,1,2,-6,sil
29.52017331123352,-8,11,-6,-9,-12,-27,-28,-11,-34,-53,-9,-10,-21,-27,sil
29.52017331123352,0,20,9,16,-2,-22,-27,-11,-34,-47,-4,-6,-24,-20,sil
29.536211490631104,14,17,23,32,15,0,0,2,-18,-15,10,5,-5,0,sil
29.536211490631104,14,22,19,34,20,10,9,8,-10,0,17,2,2,0,sil
29.55214142799377,3,28,7,26,12,8,7,2,-9,-6,8,-5,0,-1,sil
29.5676703453064,-5,15,2,18,2,13,3,1,-9,-12,-4,-6,-6,1,sil
29.5676703453064,-9,-2,-2,15,2,19,4,2,-2,5,-5,-5,-12,2,sil
29.5676703453064,-4,-6,0,12,5,15,8,0,4,22,-5,-6,-13,2,sil
29.583367109298703,-2,-4,0,7,1,12,10,-1,7,25,-13,-3,-7,4,sil
29.583367109298703,-3,-4,-4,4,0,14,12,-1,19,27,-13,1,4,10,sil
29.59902238845825,4,-5,2,1,0,9,8,1,30,23,-7,4,14,20,sil
29.59902238845825,9,-11,0,-8,-13,-3,-2,0,24,12,-7,7,17,19,sil
29.61418867111206,4,-14,-3,-15,-19,-8,-6,0,17,11,-6,7,13,8,sil
29.61418867111206,5,-10,0,-16,-6,-2,0,2,15,11,1,9,12,7,sil
29.63012146949768,12,-7,1,-14,1,-4,-2,0,0,-1,10,11,14,4,sil
29.63012146949768,6,0,0,-12,3,-4,-1,-1,-12,-6,16,6,8,-8,sil
29.645352125167847,-1,11,-1,-8,3,0,3,2,-12,-3,22,-2,0,-14,sil
29.663429737091064,0,9,4,-7,0,-6,-11,0,-16,-13,21,5,0,-13,sil
29.663429737091064,2,11,11,0,0,-12,-24,-2,-24,-26,14,14,1,-11,sil
29.663429737091064,-1,19,8,18,4,-8,-11,-1,-20,-20,8,2,-3,-4,sil
29.67705512046814,-9,9,6,20,8,0,-2,2,-10,-5,-2,-9,-16,0,sil
29.67705512046814,-14,-9,-6,9,5,6,3,0,1,6,-9,-11,-13,3,sil
29.69200086593628,-12,-21,-16,6,1,7,20,-4,7,8,-16,-12,-7,3,sil
29.70715379714965,-10,-20,-12,6,-3,6,23,3,4,5,-32,-18,-15,-2,sil
29.70715379714965,-9,-15,-10,-2,0,10,16,4,15,19,-33,-18,-10,0,sil
29.72229146957397,-8,-15,-11,-16,0,6,14,0,26,25,-13,-9,7,6,sil
29.72229146957397,-2,-13,-18,-22,-12,-8,5,0,11,1,-2,-3,12,2,sil
29.737653255462646,8,3,-7,-12,-14,-18,-13,-7,-5,-13,1,1,3,-6,sil
29.737653255462646,11,20,7,-8,-3,-16,-25,-11,-3,-14,11,9,-5,-13,sil
29.753454208374023,6,16,1,-14,-6,-16,-29,-3,-5,-21,15,8,-5,-12,sil
29.753454208374023,12,20,10,-4,-5,-14,-26,3,-17,-14,19,10,6,0,sil
29.769333839416504,20,29,19,13,5,-5,-12,2,-11,0,28,20,13,3,sil
29.769333839416504,7,18,12,12,10,3,3,3,0,-4,18,14,2,-3,sil
29.7843976020813,-8,3,7,3,10,16,15,5,0,-7,-5,-2,-5,0,sil
29.7843976020813,-4,-5,3,7,7,17,11,0,-5,-1,-12,-10,-4,3,sil
29.800072193145752,0,-11,6,10,0,7,-1,-3,-7,-1,-9,-5,-7,0,sil
29.800072193145752,-3,-7,5,11,3,10,7,0,-3,5,-11,0,0,4,sil
29.81504201889038,-3,-6,2,13,8,19,27,4,10,17,-8,3,4,17,sil
29.81504201889038,-6,-14,-1,11,-4,14,20,5,22,16,-4,0,-2,10,sil
29.83059310913086,-10,-8,-7,4,-5,10,9,5,15,16,-4,-6,0,1,sil
29.83059310913086,0,-3,-6,-5,0,7,6,3,5,17,-1,-1,12,7,sil
29.84627652168274,7,-11,-8,-11,-9,-6,-1,-3,4,8,2,2,9,9,sil
29.84627652168274,1,-11,-5,-6,-12,-12,-5,-4,8,6,0,0,3,7,sil
29.862326860427856,0,-5,0,-12,0,-5,-3,2,9,7,1,0,13,8,sil
29.862326860427856,5,-7,-9,-24,0,-12,-12,0,3,-3,13,5,13,3,sil
29.877903938293457,8,4,1,-11,0,-20,-21,-6,-10,-15,19,8,1,-2,sil
29.877903938293457,11,24,14,10,9,-12,-13,-1,-17,-14,18,8,0,0,sil
29.89402461051941,15,27,13,10,15,-6,-3,0,-9,-9,23,11,3,-3,sil
29.89402461051941,6,18,12,0,9,-1,0,-4,-9,-18,15,10,-5,-15,sil
29.91027593612671,-12,2,1,2,3,4,0,-5,-20,-24,-12,-5,-20,-15,sil
29.91027593612671,-18,-2,-1,12,0,8,-4,0,-22,-16,-24,-16,-27,-14,sil
29.92578363418579,-17,0,-7,9,-3,7,-3,-1,-12,-6,-14,-17,-22,-20,sil
29.92578363418579,-20,-13,-16,-1,-7,7,2,-4,-1,-4,-18,-22,-15,-21,sil
29.941277742385864,-21,-27,-16,-6,-8,4,3,-1,2,-7,-50,-35,-24,-16,sil
29.941277742385864,-20,-23,-22,-9,-10,0,7,-3,-3,-6,-67,-42,-30,-11,sil
29.95732474327088,-12,-11,-10,-8,-9,5,18,0,2,12,-31,-20,0,1,sil
29.95732474327088,5,0,1,0,3,12,25,10,28,36,19,8,32,20,sil
29.972897052764893,20,3,5,-2,6,5,18,11,37,31,29,20,36,29,sil
29.972897052764893,20,0,13,-11,-11,-8,0,0,16,11,21,28,29,29,sil
29.989439249038696,21,2,6,-5,-13,-21,-13,-3,-2,1,26,37,21,25,sil
29.989439249038696,31,25,16,14,5,-19,-13,0,-2,5,47,48,26,18,sil
30.00553154945373,31,33,24,20,12,-7,-15,1,2,11,56,48,32,13,sil
30.00553154945373,15,16,6,1,7,-2,-15,0,4,6,37,25,12,0,sil
30.02109980583191,-3,9,0,-8,8,1,-2,-1,5,0,10,2,-14,-24,sil
30.02109980583191,-10,13,-3,3,12,5,4,0,12,3,-1,-5,-18,-22,sil
30.03624725341797,-1,7,0,14,12,10,1,4,9,3,-9,-7,-13,-6,sil
30.03624725341797,-15,-10,-7,0,1,11,-6,-3,-10,-9,-24,-15,-25,-16,sil
30.0517635345459,-33,-19,-18,-11,-10,8,-6,-9,-24,-13,-33,-23,-30,-22,sil
30.0517635345459,-21,-9,-6,4,-7,7,4,-2,-10,-2,-27,-18,-16,-4,sil
30.067403316497803,-12,-13,-13,5,0,0,11,0,-1,-4,-28,-25,-11,0,sil
30.067403316497803,-11,-26,-17,-20,-7,-7,1,-2,-7,-14,-32,-29,-16,-11,sil
30.08315634727478,1,-15,-2,-19,-12,-4,-1,-1,-5,-15,-10,-14,0,-6,sil
30.08315634727478,8,-1,0,0,-5,-11,-1,0,-1,-11,13,-6,16,10,sil
30.099197149276733,8,2,10,-2,-8,-22,-13,4,-6,-10,19,5,17,10,sil
30.099197149276733,8,8,16,2,-8,-10,-19,1,-18,-18,21,5,11,8,sil
30.11497139930725,0,13,12,26,8,13,3,4,-27,-18,12,-13,1,16,sil
30.11497139930725,-4,5,17,28,23,33,31,10,-11,7,-8,-25,-2,23,sil
30.130002975463867,-6,-15,6,11,15,32,32,0,10,16,-17,-39,-2,25,sil
30.130002975463867,-5,-22,-7,-12,-2,3,10,4,25,12,-10,-20,5,20,sil
0.0270440578460693,14,-2,-6,-24,-6,-14,0,23,41,36,10,47,32,13,sil
0.0270440578460693,29,17,0,-7,-1,-16,-9,0,27,29,31,68,38,0,sil
0.0427901744842529,18,20,8,5,-1,-20,-22,-25,-8,-14,23,36,2,-22,sil
0.0427901744842529,1,19,11,10,2,-4,-8,-20,-16,-15,6,17,-19,-33,sil
0.0582649707794189,-15,0,-4,5,10,18,18,-10,-5,10,-8,-3,-28,-21,sil
0.0587689876556396,-13,-16,-16,-11,0,9,17,6,14,20,-11,-4,-19,0,sil
0.0734202861785888,22,2,0,-6,-5,-14,-9,20,26,17,16,29,20,10,sil
0.0734202861785888,33,25,23,11,2,-20,-28,4,2,-4,29,33,22,3,sil
0.0890963077545166,-1,8,14,12,1,6,-3,-11,-8,-8,0,-3,-11,-7,sil
0.0890963077545166,-33,-22,-31,-11,-13,19,17,-6,7,5,-37,-28,-22,-14,sil
0.1046168804168701,-33,-30,-47,-36,-18,-10,-8,-3,-9,-20,-47,-29,-19,-26,sil
0.1046168804168701,-24,-6,-8,-16,-5,-14,-19,-14,-35,-45,-18,-25,-20,-30,sil
0.1222701072692871,-23,0,0,2,2,15,4,-14,-22,-22,-9,-28,-20,-12,sil
0.1222701072692871,-8,-12,-11,-9,-2,10,8,11,3,1,-18,-12,-6,10,sil
0.1352815628051757,17,0,3,-6,0,-19,-13,10,2,-1,9,15,21,13,sil
0.1352815628051757,14,17,13,8,6,-19,-24,-22,-28,-18,25,1,7,-4,sil
0.1512494087219238,-5,11,4,10,7,13,0,-22,-24,-7,0,-29,-22,-13,sil
0.1512494087219238,0,-1,0,11,7,27,33,20,24,28,-9,-18,-4,18,sil
0.1664302349090576,20,4,11,10,4,6,33,45,52,48,12,17,33,49,sil
0.1664302349090576,31,17,17,9,0,-11,5,33,43,38,34,32,43,41,sil
0.1819624900817871,22,14,9,7,1,-10,-10,12,16,14,34,32,34,24,sil
0.1819624900817871,16,24,17,12,12,0,-5,-4,-2,0,35,33,34,12,sil
0.1981689929962158,12,40,23,22,13,4,3,-18,-23,-9,23,18,15,0,sil
0.1981689929962158,-1,20,10,23,5,7,14,-8,-26,-3,-8,-7,-17,-1,sil
0.2141907215118408,-19,-23,-13,-6,-7,3,3,10,-3,9,-32,-19,-23,-1,sil
0.2141907215118408,-21,-39,-29,-37,-21,-23,-28,5,0,-10,-32,-11,-15,-13,sil
0.2298798561096191,-3,-18,-6,-9,-8,-19,-25,-17,-14,-28,-7,2,-9,-20,sil
0.2298798561096191,-7,-17,4,17,7,19,10,-30,-13,-18,-2,-12,-19,-22,sil
0.2450125217437744,-36,-53,-23,-13,-6,26,21,-17,-6,-11,-39,-45,-43,-29,sil
0.2450125217437744,-27,-62,-35,-33,-19,5,2,6,0,-7,-44,-31,-33,-22,sil
0.2611269950866699,8,-23,-9,-16,-11,-7,-19,9,0,-10,0,8,1,-6,sil
0.2611269950866699,12,18,19,3,1,-1,-14,0,-3,-9,21,12,5,-5,sil
0.2773709297180176,-5,24,20,17,20,17,14,5,4,9,2,-7,-12,-5,sil
0.2773709297180176,-5,7,0,11,18,22,23,12,16,19,-9,-12,-11,10,sil
0.2932500839233398,11,7,-6,-11,-6,-10,-3,7,26,16,12,11,17,21,sil
0.2932500839233398,19,17,1,-22,-15,-46,-27,1,21,14,27,34,37,16,sil
0.3082196712493896,17,25,8,-3,-4,-36,-26,-4,0,0,22,27,34,9,sil
0.3082196712493896,19,30,11,13,4,-9,-14,-13,-21,-26,21,10,19,3,sil
0.3233346939086914,17,30,19,17,9,2,0,-15,-27,-27,21,7,4,0,sil
0.3233346939086914,4,21,26,21,6,14,17,-11,-15,-7,4,2,-5,0,sil
0.3395113945007324,-7,6,12,22,-2,21,23,0,0,-1,-17,-8,-9,3,sil
0.3395113945007324,-14,-7,-11,11,-2,19,24,7,5,4,-19,-14,-4,3,sil
0.3556199073791504,-25,-23,-30,-10,0,13,23,5,6,22,-16,-21,-7,-2,sil
0.3556199073791504,-27,-30,-40,-29,-4,4,16,10,13,22,-19,-19,-13,1,sil
0.3717105388641357,-2,-16,-27,-20,-3,-6,1,21,28,19,-4,3,10,16,sil
0.3717105388641357,16,1,0,-8,3,-15,-19,12,14,10,8,24,26,16,sil
0.3873443603515625,14,9,6,-5,0,-11,-29,-8,-14,-12,10,20,11,-2,sil
0.3873443603515625,4,9,2,-7,0,-9,-27,-13,-22,-22,11,8,-5,-22,sil
0.4021973609924316,0,7,10,0,9,-11,-15,-7,-17,-14,11,5,-12,-21,sil
0.4021973609924316,0,13,24,19,18,4,4,-11,-17,-4,12,1,-13,-11,sil
0.417323350906372,0,10,20,23,13,19,16,-13,-21,0,0,-9,-17,-11,sil
0.417323350906372,-1,-1,9,9,2,18,20,0,-8,15,-16,-14,-20,-7,sil
0.4328906536102295,-3,-10,4,8,-1,13,23,12,22,29,-20,-13,-9,6,sil
0.4328906536102295,-11,-20,-1,1,-9,13,13,10,28,23,-16,-18,-5,7,sil
0.4488723278045654,-15,-33,-14,-15,-20,8,2,6,18,14,-6,-14,1,7,sil
0.4488723278045654,-4,-28,-20,-20,-18,-5,1,14,19,6,-2,-2,15,19,sil
0.4644029140472412,7,-10,-12,-10,-11,-16,-2,21,20,-4,0,4,22,13,sil
0.4644029140472412,8,-6,-8,-12,-9,-22,-18,10,5,-14,4,12,16,-1,sil
0.4800081253051758,11,-4,-4,-20,-13,-26,-33,-5,-9,-21,8,16,13,0,sil
0.4800081253051758,17,16,5,1,-3,-13,-21,-15,-8,-20,19,13,17,0,sil
0.4951112270355224,15,36,20,28,17,1,-1,-20,-11,-19,23,9,7,-9,sil
0.4951112270355224,9,33,25,31,25,8,5,-16,-17,-18,11,5,-11,-8,sil
0.5110864639282227,3,20,13,25,13,11,5,-13,-16,-15,-2,-4,-28,-5,sil
0.5110864639282227,-8,9,4,19,0,13,8,-13,-17,-12,-17,-19,-35,-4,sil
0.5261642932891846,-12,-1,0,10,3,10,10,-3,-7,3,-20,-19,-15,3,sil
0.5261642932891846,-12,-20,-13,-7,0,-3,-1,5,3,15,-15,-6,0,5,sil
0.5413191318511963,-12,-26,-29,-23,-6,-13,-9,5,7,15,-8,0,0,0,sil
0.5573737621307373,-5,-11,-21,-23,0,-8,-1,7,19,18,4,0,14,3,sil
0.5573737621307373,-2,0,-9,-24,3,-10,-1,14,15,7,14,13,23,6,sil
0.5729050636291504,0,4,-2,-22,-2,-11,-11,0,-8,-15,22,18,13,-3,sil
0.5729050636291504,10,15,10,-9,-6,1,-6,-11,-24,-20,19,6,0,-11,sil
0.5729050636291504,0,16,16,7,-6,22,16,-5,-18,0,4,-5,-10,-3,sil
0.5883338451385498,-15,0,5,13,-2,28,26,-1,-3,17,-12,-10,-15,4,sil
0.6038808822631836,-9,-13,0,0,0,14,12,2,4,18,-27,-11,-12,6,sil
0.6038808822631836,1,-9,0,0,-3,5,8,14,19,20,-19,-3,1,10,sil
0.6189866065979004,3,-3,-3,3,-5,0,4,20,28,13,-4,5,10,10,sil
0.6189866065979004,5,-6,-9,-2,0,-19,-16,11,15,-8,1,9,13,2,sil
0.6350126266479492,9,-3,-5,-4,3,-27,-27,-3,-2,-17,17,13,21,-4,sil
0.6350126266479492,3,7,3,-3,0,-14,-18,-10,-16,-21,20,10,10,-12,sil
0.6501944065093994,-5,9,1,0,2,2,-2,-14,-28,-24,-4,-10,-17,-20,sil
0.6501944065093994,-10,-3,-1,9,4,14,11,-17,-22,-11,-25,-20,-34,-14,sil
3.056187868118286,7,26,45,32,-4,2,0,-8,-28,-28,16,23,-1,-6,sil
3.056187868118286,15,28,38,60,6,20,14,6,4,22,12,20,1,8,sil
3.0719540119171143,17,17,19,36,0,-2,-6,10,12,14,7,27,14,17,sil
3.0719540119171143,11,6,4,7,-3,-18,-22,4,0,-21,15,21,24,8,sil
3.087146282196045,21,0,1,-4,-6,-14,-18,0,-4,-19,30,19,31,3,sil
3.087146282196045,31,9,19,0,-10,-8,-13,0,-12,-8,27,23,22,7,sil
3.102351188659668,15,15,20,17,0,5,1,-1,-11,-2,9,0,3,3,sil
3.117541551589966,-7,-3,-2,6,9,14,13,-2,-5,4,-17,-30,-20,-1,sil
3.117541551589966,-13,-22,-17,-9,1,13,15,0,0,12,-29,-31,-29,0,sil
3.133453130722046,3,-12,-8,-7,0,-1,7,8,6,9,-13,-3,-8,10,sil
3.133453130722046,23,8,7,-7,6,-13,-7,9,5,0,5,21,14,14,sil
3.14941954612732,15,10,2,-6,5,-10,-20,-15,-5,-4,6,8,6,-4,sil
3.14941954612732,-16,-10,-14,-3,-2,0,-18,-23,-17,-7,-19,-20,-24,-22,sil
3.165001392364502,-31,-20,-19,-1,2,13,7,3,0,15,-29,-26,-26,-6,sil
3.165001392364502,-26,-17,-26,-12,1,15,23,17,21,34,-12,-19,-3,12,sil
3.180119752883911,-23,-20,-33,-34,-15,0,10,12,17,5,-5,-15,2,4,sil
3.180119752883911,-12,-21,-25,-35,-11,-7,3,7,6,-16,-1,-1,7,-5,sil
3.195281505584717,1,-3,-7,-16,10,-1,8,3,-2,-14,11,14,13,-6,sil
3.195281505584717,4,21,7,2,17,-1,7,-7,-13,-19,21,15,6,-8,sil
3.211381435394287,0,33,19,22,16,0,2,-15,-16,-26,18,2,-6,-12,sil
3.211381435394287,-2,22,23,31,10,13,4,-4,-8,-5,1,-11,-13,-9,sil
3.227513551712036,-5,-3,1,19,-1,15,10,1,2,23,-19,-23,-20,-4,sil
3.227513551712036,-15,-26,-21,-15,-14,0,4,0,7,25,-31,-28,-28,-4,sil
3.243424415588379,-15,-30,-21,-31,-20,-16,-5,5,15,20,-21,-16,-5,-2,sil
3.243424415588379,0,-21,-14,-19,-12,-17,-7,16,26,20,-3,8,22,3,sil
3.2589948177337646,6,-11,-9,-16,-4,-10,-7,15,18,5,3,20,21,2,sil
3.2589948177337646,6,-3,-2,-20,-4,-11,-14,0,-3,-17,6,14,16,-4,sil
3.2750322818756104,15,3,10,-13,-11,-24,-32,-17,-27,-39,0,11,5,-7,sil
3.2750322818756104,26,25,33,25,0,-15,-27,-11,-23,-34,12,22,0,2,sil
3.2901806831359863,27,43,44,61,23,18,0,0,4,1,39,25,15,14,sil
3.2901806831359863,4,24,30,34,17,30,14,-2,7,14,19,8,3,14,sil
3.3057422637939453,-14,0,9,0,2,26,17,-5,0,4,-5,-2,-15,9,sil
3.3057422637939453,-5,3,5,9,9,27,24,0,9,9,2,0,-4,11,sil
3.3217883110046387,6,3,5,11,2,17,24,5,11,20,-1,-5,-1,16,sil
3.3217883110046387,0,-13,-15,-12,-20,-5,6,1,6,12,-22,-16,-10,10,sil
3.3374617099761963,-5,-17,-26,-19,-15,-18,-12,3,9,-4,-10,-11,1,5,sil
3.3374617099761963,5,1,-6,-1,7,-15,-13,9,14,3,17,10,23,6,sil
3.353092670440674,13,7,0,-2,6,-13,-14,0,-5,8,16,17,19,-1,sil
3.353092670440674,11,0,-6,-13,-2,-12,-21,-14,-39,-23,0,4,0,-17,sil
3.3681602478027344,5,10,8,2,7,-4,-12,-24,-47,-40,0,0,-9,-21,sil
3.3681602478027344,-5,12,14,16,12,4,1,-18,-33,-19,0,-5,-15,-22,sil
3.38335394859314,-22,-8,-3,6,0,10,7,-6,-22,-3,-19,-23,-28,-21,sil
3.38335394859314,-28,-19,-13,0,-7,15,18,6,-1,5,-28,-31,-26,-6,sil
3.3993148803710938,-20,-14,-13,-3,-6,12,25,20,22,24,-19,-20,-8,7,sil
3.3993148803710938,-10,-17,-16,-12,-3,-1,14,21,31,29,-10,-1,5,8,sil
3.4143221378326416,0,-14,-13,-9,-1,-12,0,13,31,14,0,12,13,8,sil
3.4143221378326416,14,0,-1,0,0,-14,-12,7,25,0,15,18,20,6,sil
3.430325746536255,18,6,10,-6,0,-17,-19,2,-2,-20,17,21,15,-5,sil
3.430325746536255,9,11,10,-7,0,-11,-11,-4,-13,-28,12,19,10,-12,sil
3.4463353157043457,6,20,8,11,5,6,3,-9,3,-12,16,8,7,-3,sil
3.4463353157043457,5,18,22,18,11,13,6,-4,5,0,10,-3,-9,2,sil
3.462127685546875,-2,1,16,14,8,17,12,-1,2,15,2,-9,-6,3,sil
3.462127685546875,-11,-14,-12,3,-1,14,13,2,9,27,0,-6,7,13,sil
3.477451801300049,-12,-18,-19,-9,-11,5,10,19,19,33,3,3,10,22,sil
3.477451801300049,-1,-16,-16,-17,-14,-5,2,16,23,38,11,4,17,17,sil
3.493309497833252,9,-7,-16,-23,-16,-29,-28,-9,-3,0,3,1,13,1,sil
3.493309497833252,15,14,3,1,-6,-29,-37,-22,-34,-38,0,2,-4,-10,sil
3.509338140487671,4,20,19,30,4,5,0,-15,-26,-14,-2,-4,-18,-14,sil
3.509338140487671,-11,-5,3,4,1,22,24,-1,-7,12,-23,-17,-26,-6,sil
3.524885654449463,-6,-17,-23,-25,-1,2,7,2,-1,-8,-17,-13,-6,0,sil
3.524885654449463,9,3,-9,-10,0,-16,-17,-9,-16,-43,7,2,12,-4,sil
3.540037155151367,4,19,14,6,5,0,-11,-14,-30,-31,-11,-5,-12,-8,sil
3.540037155151367,-13,2,-1,-11,12,31,21,8,-3,11,-47,-30,-40,-1,sil
3.555438041687012,-12,-11,-14,-27,6,18,27,29,28,22,-25,-13,-11,10,sil
3.555438041687012,12,3,6,-5,2,-9,1,13,22,0,24,25,30,9,sil
3.571388959884644,18,21,25,9,7,-11,-19,-10,-6,-19,24,28,18,-8,sil
3.571388959884644,0,23,34,22,11,3,-7,-9,-10,-11,7,14,-4,-11,sil
3.587419509887696,-2,15,31,49,12,12,12,0,9,12,20,10,-1,0,sil
3.587419509887696,3,0,12,36,3,12,13,-2,6,18,9,2,-7,2,sil
3.602896690368652,-4,-15,-2,1,-3,7,4,-2,0,14,-12,-7,-13,2,sil
3.602896690368652,-11,-22,-11,-7,-3,2,4,8,18,21,-6,-4,1,11,sil
3.618118286132813,-3,-19,-23,-10,-6,-5,5,20,37,23,2,2,12,15,sil
3.618118286132813,0,-18,-30,-23,-15,-20,-8,10,27,8,-2,1,12,11,sil
3.634092569351196,2,-12,-15,-21,-14,-27,-28,0,2,-4,6,6,22,2,sil
3.634092569351196,15,10,3,3,0,-18,-28,-10,-10,-12,24,15,28,-7,sil
3.649303913116455,14,24,7,9,4,-9,-21,-26,-28,-31,14,9,7,-19,sil
3.649303913116455,0,16,0,1,1,-2,-16,-30,-43,-36,2,-8,-7,-23,sil
3.664388418197632,-8,7,7,8,4,6,-2,-22,-40,-18,0,-15,-10,-16,sil
3.664388418197632,-13,-2,15,8,0,12,15,-7,-26,-8,-17,-14,-25,-6,sil
3.6800053119659424,-14,-13,-4,-5,-11,10,23,11,0,9,-26,-16,-27,3,sil
3.6800053119659424,-13,-22,-26,-23,-20,0,17,19,14,22,-14,-21,-15,9,sil
3.69512391090393,-12,-27,-24,-32,-21,-4,14,16,10,10,-16,-22,-10,4,sil
3.69512391090393,0,-20,-18,-21,-7,1,21,21,19,11,-16,-2,9,11,sil
3.710869312286377,15,0,-3,-9,5,2,17,31,30,17,2,23,28,28,sil
3.710869312286377,16,14,7,-2,9,0,-1,16,22,5,22,21,23,14,sil
3.725919961929321,8,15,1,0,7,-5,-19,-5,0,-17,15,9,5,-19,sil
3.725919961929321,2,12,3,4,2,-3,-20,-8,-13,-23,4,11,0,-18,sil
3.741500616073608,7,22,19,22,11,6,-10,-9,-2,-2,21,13,8,0,sil
3.741500616073608,1,26,25,34,22,5,-14,-16,-7,3,22,3,0,-7,sil
3.7573304176330566,-18,10,10,27,17,3,-14,-21,-23,-4,-6,-16,-23,-19,sil
3.7573304176330566,-18,-1,0,18,9,17,7,-13,-16,-1,-19,-21,-27,-3,sil
3.773091793060303,0,5,16,17,8,25,28,5,0,5,-4,-3,-9,18,sil
3.773091793060303,0,1,8,16,1,13,23,12,11,13,1,-2,2,12,sil
3.788272619247437,-9,-18,-17,-5,-6,-3,5,2,12,16,-11,-12,-4,0,sil
3.788272619247437,-4,-19,-13,-27,-5,-8,2,0,3,9,-16,-5,-9,2,sil
3.804289102554321,8,-6,-1,-19,-8,-13,4,9,4,5,-4,6,4,7,sil
3.804289102554321,23,5,1,1,-8,-18,-2,12,10,9,10,22,26,20,sil
3.819883823394776,35,12,13,8,4,-12,-4,5,9,14,25,39,40,33,sil
3.835309505462648,26,0,4,-13,-2,-13,-6,6,0,0,16,28,28,14,sil
3.835309505462648,6,-15,-16,-36,-26,-26,-16,6,-7,-23,-2,5,5,-11,sil
3.8506133556365967,0,-12,-13,-32,-24,-27,-27,-16,-14,-31,-2,-2,-5,-22,sil
3.8506133556365967,-9,-7,-2,-12,-5,-4,-21,-32,-11,-20,0,-12,-21,-30,sil
3.867078542709351,-21,-7,-2,4,4,22,4,-17,1,-5,-9,-22,-27,-26,sil
3.867078542709351,-22,-2,0,11,6,26,7,-2,18,0,-7,-16,-19,-12,sil
3.867078542709351,-16,5,5,20,10,25,0,-2,35,4,0,-17,-15,-9,sil
3.8822238445281982,-11,3,4,24,14,31,19,0,27,15,-9,-25,-11,-7,sil
3.8973114490509033,-7,-2,-1,12,5,25,35,16,0,15,-14,-13,0,4,sil
3.8973114490509033,-7,0,-10,5,0,6,12,20,-6,5,0,5,7,14,sil
3.913151979446411,-9,0,-9,-4,-3,-11,-17,7,-5,-3,-5,0,1,7,sil
3.913151979446411,2,-3,-5,-10,-5,-21,-13,0,-10,-1,-12,-3,8,0,sil
3.9284632205963135,14,-7,-7,-11,-3,-26,-2,1,-11,-3,0,19,20,8,sil
3.9284632205963135,8,0,0,-25,-2,-29,-17,3,-25,-25,6,31,10,7,sil
3.943887233734131,8,20,13,-14,0,-21,-26,-10,-37,-28,13,8,4,-7,sil
3.943887233734131,14,30,19,15,6,-8,-17,-29,-36,-21,19,-2,3,-15,sil
3.959956169128418,3,17,17,24,3,4,-3,-25,-23,-8,7,-1,-6,-7,sil
3.959956169128418,-9,5,4,19,3,17,10,-5,-2,18,-2,-10,-7,0,sil
3.9759817123413086,-6,4,5,13,6,22,21,9,7,23,0,-12,-8,2,sil
3.9759817123413086,3,1,11,14,1,28,35,10,13,14,3,-4,-9,8,sil
3.992087841033936,0,-9,-5,7,0,23,36,17,22,24,-2,-1,-3,17,sil
3.992087841033936,-8,-13,-17,-9,3,1,18,30,26,28,-5,0,6,16,sil
4.007304906845093,0,-8,-13,-14,1,-7,5,21,30,14,4,7,15,8,sil
4.007304906845093,10,-9,-11,-16,-8,-9,-8,3,18,-5,-2,9,1,4,sil
4.028033256530762,6,-9,-11,-12,-6,-16,-16,-2,6,-6,-10,8,-3,4,sil
4.028033256530762,4,-7,-9,-4,0,-18,-15,1,11,6,5,10,15,2,sil
4.028033256530762,12,-1,3,-7,-1,-14,-16,4,3,-3,18,14,24,3,sil
4.038551330566406,15,10,24,6,2,1,-9,-6,-14,-14,14,8,7,-2,sil
4.053749322891235,-5,2,17,21,5,23,14,-15,-9,3,-6,-12,-20,-14,sil
4.053749322891235,-25,-21,-19,-1,-4,18,19,1,11,19,-22,-27,-28,-10,sil
4.068908929824829,-17,-25,-32,-28,-8,-11,-10,4,5,-2,-16,-15,-10,-3,sil
4.068908929824829,0,-8,-6,-12,-2,-20,-31,-19,-21,-25,1,0,3,-9,sil
4.084163427352905,7,3,7,5,0,-14,-27,-28,-23,-22,11,0,3,-15,sil
4.084163427352905,7,9,10,-1,-4,-17,-16,-10,-8,-20,13,2,0,-12,sil
4.099306106567383,6,22,25,14,0,-4,-2,0,-4,-14,16,12,1,-6,sil
4.099306106567383,14,37,36,39,10,19,2,-4,-5,-2,17,17,5,7,sil
4.115358114242554,11,29,27,27,7,26,1,-11,-11,-1,0,2,-7,12,sil
4.115358114242554,-24,-3,0,3,-2,23,9,-16,-18,-8,-31,-27,-34,-8,sil
4.131359100341797,-47,-27,-24,-12,-4,19,23,5,-5,0,-46,-42,-36,-16,sil
4.131359100341797,-26,-21,-29,-20,-1,12,26,34,28,26,-27,-21,-2,10,sil
4.147449493408203,-6,-12,-22,-23,-3,-1,12,27,34,27,-5,2,16,20,sil
4.147449493408203,2,-4,-6,-21,-8,-11,-4,6,7,0,0,11,9,4,sil
4.163010120391846,21,2,3,-11,2,-11,1,9,5,-2,5,15,14,3,sil
4.163010120391846,27,1,0,-5,9,-5,14,20,20,18,16,22,30,13,sil
4.178907632827759,14,2,-7,-2,0,-7,6,13,17,16,27,27,34,11,sil
4.178907632827759,8,8,-7,4,0,-14,-5,-4,-2,0,21,15,18,0,sil
4.194462060928345,7,8,3,13,6,-11,-3,-3,-7,2,3,-2,2,-3,sil
4.194462060928345,3,7,11,14,6,-3,0,0,1,13,5,0,2,-2,sil
4.2095627784729,-1,4,9,0,-2,-10,-15,-12,-10,-6,7,9,-4,-3,sil
4.2095627784729,1,4,10,0,-5,-12,-15,-17,-25,-25,8,6,-2,0,sil
4.22521185874939,8,6,5,12,2,-6,-5,-14,-20,-15,12,1,7,-1,sil
4.22521185874939,1,2,0,1,3,-3,-16,-17,-27,-21,0,0,-9,-13,sil
4.240894079208374,-3,-2,0,-6,1,5,-13,-10,-13,-20,-5,-12,-16,-15,sil
4.240894079208374,-3,-5,-1,6,5,13,4,3,12,0,-3,-15,-9,0,sil
4.255971431732178,-3,-5,0,19,5,12,8,4,8,9,-8,-6,-14,5,sil
4.255971431732178,-3,-5,7,8,-2,12,10,1,-2,8,-6,-4,-7,0,sil
4.271149635314941,-12,-8,3,-16,-12,11,11,0,-6,3,-12,-19,-7,-12,sil
4.271149635314941,-20,-3,-13,-3,-7,11,5,-10,-10,-2,-25,-26,-26,-17,sil
4.2873053550720215,-14,0,-14,12,-3,4,0,-11,-7,-10,-20,-12,-24,-5,sil
4.2873053550720215,-3,-3,1,-1,-9,-1,0,15,15,2,0,2,2,13,sil
4.302374362945557,0,0,1,0,1,7,8,25,39,34,11,7,13,17,sil
4.302374362945557,-3,0,-4,8,12,11,9,6,22,22,3,6,1,3,sil
4.318302392959595,-10,-9,-5,-1,0,2,-2,-8,0,-5,-3,-3,-2,-1,sil
4.318302392959595,-4,-9,-4,-2,-12,0,-7,0,7,5,-7,-6,-1,7,sil
4.333303213119507,15,1,0,0,-2,-4,0,15,14,19,-2,7,7,17,sil
4.333303213119507,29,4,1,-11,2,-12,-1,8,5,7,18,19,27,17,sil
4.348896503448486,24,5,6,-16,-3,-21,-12,0,-1,-8,24,20,30,12,sil
4.348896503448486,18,11,3,-10,2,-16,-5,0,-2,-15,12,17,18,1,sil
4.364960193634033,14,9,-4,-11,8,-12,-7,-8,-17,-23,11,14,11,-12,sil
4.364960193634033,2,4,5,-10,3,-11,-18,-16,-27,-20,12,9,1,-15,sil
4.380146265029907,-6,9,16,3,6,-2,-4,-11,-13,-14,1,-2,-9,-14,sil
4.380146265029907,-12,11,16,11,8,10,16,-4,-9,-20,-15,-9,-16,-10,sil
4.39618182182312,-18,0,13,15,1,19,28,0,-10,-4,-24,-10,-13,0,sil
4.39618182182312,-26,-24,-11,4,-4,12,26,6,6,24,-24,-22,-9,0,sil
4.412297248840332,-25,-35,-32,-18,-10,-3,12,15,23,18,-16,-22,-9,-3,sil
4.412297248840332,0,-14,-15,-10,-9,-6,0,18,24,9,0,5,9,4,sil
4.427982568740845,21,1,0,0,-8,-9,-14,6,7,4,14,26,22,10,sil
4.427982568740845,21,5,0,-9,-7,-17,-27,-3,-9,-5,28,21,14,0,sil
4.442981719970703,17,19,11,0,9,-8,-18,-1,-7,1,33,12,14,-2,sil
4.442981719970703,12,28,24,25,15,5,-5,-2,-4,11,13,5,8,4,sil
4.459128379821777,-3,15,10,28,3,15,3,-15,-7,1,-4,-6,-17,2,sil
4.459128379821777,-20,-4,-6,12,1,27,15,-14,-8,-11,-15,-23,-37,-10,sil
4.4745283126831055,-17,-12,-8,2,5,34,22,1,5,1,-25,-26,-24,-8,sil
4.4745283126831055,2,-6,-8,0,1,17,12,10,21,22,-17,-8,0,9,sil
4.490267753601074,13,-6,-14,-13,-4,-12,-11,3,5,5,-6,2,3,9,sil
4.490267753601074,2,-11,-14,-26,-5,-21,-20,-15,-28,-30,-6,-4,-8,-15,sil
4.505317211151123,-10,2,0,-11,-4,-9,-11,-23,-37,-38,-11,-14,-18,-33,sil
4.505317211151123,-11,22,16,23,2,2,0,-9,-14,-15,-6,-15,-17,-23,sil
4.519989728927612,-5,13,14,32,8,7,8,0,3,4,-3,-8,-12,0,sil
4.535346984863281,-5,-10,0,2,3,7,15,13,11,15,-12,-5,-7,15,sil
4.535346984863281,-7,-14,-13,-10,-2,0,11,26,34,27,-5,-1,11,22,sil
4.551234245300293,-7,-10,-18,-15,-10,-14,-6,23,43,21,17,13,30,20,hello
4.551234245300293,-3,-16,-19,-30,-13,-21,-15,9,17,-2,20,18,28,4,hello
4.567415952682495,2,-12,-9,-23,-6,-19,-16,-7,-12,-17,7,11,16,-7,hello
4.567415952682495,14,16,16,4,0,-9,-15,-12,-20,-10,16,23,9,0,hello
4.5833580493927,20,32,32,31,11,7,2,-9,-7,3,32,24,6,4,hello
4.5833580493927,5,11,22,27,11,15,19,-6,-5,2,13,0,-5,-2,hello
4.599299907684326,-9,-11,0,2,-2,10,17,0,-3,6,-8,-9,-5,2,hello
4.599299907684326,0,-17,-14,-10,-10,-3,4,10,12,19,2,5,13,19,hello
4.615394353866577,21,-5,0,-5,-6,-18,-5,15,14,7,19,20,24,18,hello
4.615394353866577,32,20,21,11,2,-8,-2,1,0,-2,23,23,25,4,hello
4.631113767623901,9,22,13,18,10,10,1,-16,-19,-3,2,0,-1,-5,hello
4.631113767623901,-20,-5,9,6,11,19,7,-14,-26,-2,-26,-30,-35,-6,hello
4.647167444229126,-6,-11,7,-1,7,12,10,2,1,11,-20,-13,-15,3,hello
4.647167444229126,14,1,-5,-13,-10,-14,-17,4,6,-6,0,22,14,10,hello
4.647167444229126,3,6,-4,-12,-16,-18,-32,-8,-23,-39,-1,11,-3,-4,hello
4.662888050079346,-14,0,0,0,0,10,-2,-13,-17,-17,-19,-21,-30,-13,hello
4.662888050079346,-16,-16,-15,-12,5,14,10,4,15,13,-30,-20,-21,-1,hello
4.678144931793213,-7,-17,-30,-30,0,-10,-10,15,19,2,-12,-2,4,-3,hello
4.694158792495728,-3,-1,-13,-18,0,-7,-9,10,4,-7,4,0,5,-16,hello
4.694158792495728,-7,7,3,6,3,14,15,6,5,8,2,-8,-9,-14,hello
4.70927357673645,-14,1,-1,13,9,17,18,1,3,11,-12,-22,-20,-14,hello
4.70927357673645,-17,-5,-10,4,6,20,21,2,2,7,-26,-33,-19,-16,hello
4.724915504455566,-16,-16,-23,-6,-2,24,32,9,25,26,-19,-27,-1,-5,hello
4.724915504455566,-7,-21,-27,-22,-10,-4,10,3,19,13,-8,-7,7,2,hello
4.740195989608765,10,-5,-10,-18,-12,-29,-19,-11,-11,-21,4,7,11,0,hello
4.740195989608765,24,14,7,1,-7,-20,-18,-13,-17,-24,27,17,23,-2,hello
4.75537109375,18,19,19,10,2,-11,-7,-3,-9,-15,29,20,17,1,hello
4.75537109375,1,20,24,16,7,-3,-1,-9,-8,-11,12,5,-2,4,hello
4.7713940143585205,-2,17,21,23,0,6,-2,-16,-9,0,2,-6,-11,3,hello
4.7713940143585205,0,7,17,25,6,11,0,-3,-4,16,-4,0,-13,9,hello
4.787463665008545,-3,-8,3,14,16,8,8,11,13,26,-6,0,-6,18,hello
4.787463665008545,-6,-16,-11,-13,-2,-4,1,13,23,16,1,-1,6,13,hello
4.803241968154907,0,-5,-6,-13,-11,-14,-16,8,7,0,10,15,16,8,hello
4.803241968154907,12,5,2,4,5,-18,-23,8,-8,-5,15,32,19,7,hello
4.819150924682617,14,5,4,2,2,-19,-19,2,-8,-9,26,26,20,0,hello
4.819150924682617,9,12,13,5,-9,-16,-13,-13,-7,-17,32,19,15,-6,hello
4.834313154220581,3,20,26,27,0,2,1,-14,-19,-15,12,10,1,-1,hello
4.834313154220581,-1,7,14,28,8,30,23,-5,-15,2,-7,-4,-11,0,hello
4.849928379058838,-13,-16,-12,-1,0,30,26,1,3,15,-12,-12,-17,0,hello
4.849928379058838,-16,-26,-24,-23,-12,-2,5,8,16,16,-5,-7,-5,2,hello
4.865118503570557,2,-11,-12,-21,-14,-24,-15,7,7,7,3,4,11,6,hello
4.865118503570557,24,15,14,5,0,-7,-10,1,-6,-10,17,25,11,12,hello
4.881169319152832,17,25,30,35,13,13,6,-9,-16,-19,12,17,-6,5,hello
4.881169319152832,-6,0,15,17,-4,11,4,-15,-25,-12,-26,-22,-32,-17,hello
4.896334648132324,-3,-17,-6,-7,-21,8,9,5,3,19,-37,-25,-20,-11,hello
4.896334648132324,20,-5,-10,-5,0,7,19,22,41,34,2,12,21,20,hello
4.912047147750855,19,3,2,-16,19,-3,0,4,10,-13,11,17,23,13,hello
4.912047147750855,3,5,2,-20,15,-6,-14,-10,-19,-38,-2,-3,7,-18,hello
4.927138328552246,-5,3,-5,-4,6,1,-1,-4,-3,-3,-5,-13,-1,-23,hello
4.927138328552246,-23,-10,-15,-12,0,7,7,-1,-1,3,-30,-31,-25,-15,hello
4.942380428314209,-37,-26,-34,-28,0,10,8,0,-3,-6,-59,-57,-36,-14,hello
4.942380428314209,-32,-27,-42,-29,1,2,7,11,14,5,-52,-53,-25,-6,hello
4.958080768585205,-14,-17,-31,-28,-7,-7,4,20,32,22,-28,-28,-8,1,hello
4.958080768585205,-1,-7,-26,-32,-9,-16,-5,11,28,14,-10,-14,8,0,hello
4.973972320556641,-3,0,-23,-29,2,-12,-16,-2,6,0,6,-11,14,-11,hello
4.973972320556641,-2,11,-7,-19,17,3,-7,-8,-4,1,24,-4,11,-11,hello
4.988877296447754,5,25,13,-1,18,12,6,-4,-2,3,25,8,6,1,hello
4.988877296447754,3,29,24,33,11,10,4,-8,-5,2,31,14,6,6,hello
5.0044496059417725,-5,8,23,42,-2,4,-1,-16,-14,7,36,17,5,6,hello
5.0044496059417725,-6,-11,27,18,-14,0,4,3,-4,21,21,29,2,18,hello
5.019612550735474,4,-8,25,25,-13,-8,6,21,15,24,18,39,12,21,hello
5.019612550735474,13,0,19,32,-20,-26,-16,2,-1,-9,29,50,23,7,hello
5.035295724868774,14,9,24,25,-27,-27,-23,-22,-41,-47,32,49,9,-4,hello
5.035295724868774,10,15,27,38,-11,1,0,-22,-43,-41,10,21,-21,-15,hello
5.0513596534729,5,0,9,35,3,20,17,0,-3,-11,-19,-4,-23,-9,sil
5.0513596534729,10,-9,-4,1,4,4,6,9,22,1,-16,5,11,18,sil
5.067562818527222,27,6,6,-9,1,-15,-20,0,0,-15,11,28,22,24,sil
5.067562818527222,32,21,18,4,3,-12,-26,-2,-18,-28,20,24,11,5,sil
5.083391904830933,18,14,8,6,12,1,-5,0,0,-7,10,0,10,-1,sil
5.083391904830933,5,5,0,2,14,13,10,0,8,16,-5,-13,0,4,sil
5.098978519439697,-4,-3,-8,-1,9,25,21,0,7,24,-22,-22,-12,9,sil
5.098978519439697,-19,-16,-22,-16,3,23,23,4,12,19,-31,-31,-14,6,sil
5.114633321762085,-25,-18,-23,-16,0,14,16,3,6,14,-28,-34,-24,-4,sil
5.114633321762085,-18,-22,-26,-20,-2,4,3,-1,0,8,-29,-34,-33,-14,sil
5.1299920082092285,-9,-22,-30,-47,-5,-11,-5,6,3,0,-26,-25,-8,-12,sil
5.1299920082092285,2,4,-13,-30,1,-14,-5,12,13,4,9,-5,29,-8,sil
5.14608645439148,3,25,8,5,9,-4,-8,1,9,2,25,5,20,-10,sil
5.14608645439148,-11,18,8,4,5,-3,-13,-13,-9,-12,2,-10,-12,-18,sil
5.161954402923584,-24,6,-1,-1,0,-5,-9,-19,-19,-4,-10,-33,-17,-21,sil
5.161954402923584,-31,-11,-10,-7,-7,0,0,-8,-5,19,-15,-38,-11,-10,sil
5.177048921585083,-24,-25,-18,-16,-8,0,1,1,17,31,-16,-15,-2,10,sil
5.177048921585083,-3,-15,-9,-13,-2,-6,1,13,23,21,-7,14,13,21,sil
5.192396402359009,8,-3,-1,-9,0,-5,5,28,20,7,2,19,19,19,sil
5.192396402359009,16,-2,-6,-6,2,-1,11,26,19,0,10,18,15,15,sil
5.208021879196167,27,1,5,1,2,-4,6,9,6,-10,15,35,9,6,sil
5.208021879196167,26,8,16,2,-7,-9,-7,-7,-12,-28,20,39,7,-9,sil
5.223465442657471,23,15,11,2,-9,-11,-25,-18,-30,-46,27,32,8,-6,sil
5.223465442657471,27,25,24,24,4,-2,-17,-20,-32,-40,26,29,7,4,sil
5.239154577255249,12,19,28,42,14,16,13,-18,-12,-7,13,11,0,-2,sil
5.239154577255249,-18,-4,8,23,6,26,22,-9,-3,8,-3,-13,-13,-10,sil
5.254669904708862,-20,-10,8,19,2,26,19,-1,-6,10,-1,-16,-8,0,sil
5.254669904708862,-4,0,19,29,4,18,20,-1,-4,10,-4,-13,-6,8,sil
5.269873857498169,-15,-8,0,7,-2,13,17,1,2,7,-24,-25,-25,0,sil
5.269873857498169,-24,-26,-25,-14,-9,10,9,9,12,6,-26,-22,-26,-1,sil
5.2853310108184814,0,-17,-8,-12,-11,-9,0,13,8,5,-2,7,-2,9,sil
5.2853310108184814,20,1,4,-8,-6,-23,-9,7,3,6,13,16,18,9,sil
5.301416158676148,-2,-11,-24,-32,-4,-20,-21,0,-1,-2,-2,-8,7,-17,sil
5.301416158676148,-24,-25,-40,-48,-13,-23,-35,3,-5,-17,-20,-16,-7,-23,sil
5.317049026489258,0,0,-16,-19,-7,-24,-30,8,11,2,5,8,20,4,sil
5.332372188568115,20,25,0,-1,1,-18,-20,1,13,15,28,19,39,8,sil
5.332372188568115,-2,20,0,-9,-4,-10,-19,-10,-16,-12,10,-2,2,-18,sil
5.34803032875061,-18,10,8,4,-3,2,-3,-19,-22,-19,-13,-21,-24,-19,sil
5.34803032875061,-2,10,20,35,17,21,22,-8,-3,11,-18,-13,-15,7,sil
5.363112926483154,3,15,20,45,25,32,29,0,0,25,-13,-3,-10,16,sil
5.363112926483154,-3,5,8,27,13,27,21,-10,1,12,-17,-15,-20,3,sil
5.378412961959839,6,-3,5,7,15,11,17,-3,15,11,-16,-13,-12,5,sil
5.378412961959839,27,5,11,0,10,-6,4,15,18,13,10,16,12,17,sil
5.393903255462647,22,11,8,0,-14,-20,-16,16,8,2,27,29,21,12,sil
5.393903255462647,7,0,-5,-6,-13,-19,-11,11,18,-3,21,20,24,1,sil
5.410016059875488,5,-7,-13,-20,1,-15,-3,15,17,-9,18,22,22,3,sil
5.410016059875488,3,-2,-6,-25,-7,-11,-12,5,-11,-22,25,22,11,0,sil
5.426125526428223,-1,2,6,-4,-7,0,-9,-6,-23,-19,20,7,7,-7,sil
5.426125526428223,0,5,14,18,7,22,15,0,-3,0,2,-4,3,2,sil
5.442152261734009,0,5,8,23,5,41,31,-4,8,14,-6,-11,-9,9,sil
5.442152261734009,-10,-5,2,11,0,36,26,-17,-4,7,-21,-21,-27,-5,sil
5.45736026763916,-16,-16,-3,0,7,22,26,-10,-10,2,-29,-24,-29,-10,sil
5.45736026763916,-14,-19,-21,-14,5,4,15,0,-3,6,-25,-15,-20,-3,sil
5.472912549972534,-21,-20,-29,-32,-13,-18,-11,6,-6,-4,-25,-13,-14,-5,sil
5.472912549972534,-16,-17,-21,-25,-15,-25,-13,9,0,-3,-15,-15,2,0,sil
5.488071203231812,0,-15,-15,-15,-9,-22,-7,5,10,0,0,0,15,5,sil
5.488071203231812,1,-8,-12,-17,-6,-26,-24,-1,-2,-17,2,12,12,-1,sil
5.504112482070923,5,11,-3,-4,5,-22,-29,-1,-7,-15,17,12,22,-1,sil
5.504112482070923,19,22,16,4,10,-11,-13,5,5,2,37,18,32,10,sil
5.5199034214019775,21,20,29,9,-2,-11,-8,0,0,-3,27,22,13,0,sil
5.5199034214019775,7,16,22,19,-9,-9,-12,-17,-25,-18,0,4,-19,-23,sil
5.535124778747559,-1,9,13,17,-5,8,-1,-23,-35,-10,-14,-11,-35,-22,sil
5.535124778747559,-4,0,12,15,6,26,14,-19,-18,1,-15,-9,-31,-3,sil
5.550349950790405,-11,-1,10,19,11,21,11,-17,-4,5,-20,-9,-22,-2,sil
5.550349950790405,-16,-6,-7,11,2,9,-1,-4,6,20,-13,-15,-5,-9,sil
5.565953016281128,-12,-19,-26,-11,-7,-2,-9,17,22,26,-1,-11,3,-1,sil
5.565953016281128,-2,-17,-17,-18,-8,-5,-3,35,31,11,-2,0,7,10,sil
5.582082271575928,6,-10,-11,-11,-3,1,5,35,36,7,-4,8,22,13,sil
5.582082271575928,12,-8,-13,-20,-4,0,-1,16,21,-2,3,15,27,12,sil
5.598341703414917,12,6,0,-12,0,-6,-6,-11,-7,-24,16,14,21,6,sil
5.598341703414917,6,27,12,11,12,0,0,-21,-23,-24,17,6,10,-2,sil
5.616367101669312,3,27,19,20,17,11,5,-8,-17,-4,17,0,-2,-8,sil
5.616367101669312,0,16,19,23,14,17,12,-8,-5,9,14,-4,-13,-11,sil
5.629895448684692,-8,5,7,23,3,16,17,-9,0,5,-6,-13,-24,-7,sil
5.629895448684692,-8,0,-4,14,0,17,27,9,16,15,-14,-15,-15,8,sil
5.645369052886963,0,-10,-5,1,0,10,34,24,26,33,-4,-3,4,21,sil
5.645369052886963,1,-14,0,-7,-9,-8,16,21,13,26,-4,7,9,23,sil
5.661311626434326,12,-4,1,-4,-15,-18,-3,9,4,10,6,15,20,23,sil
5.661311626434326,21,0,-1,-11,-3,-17,-11,3,1,5,24,23,36,24,sil
5.676315784454346,18,-2,-1,-13,4,-17,-13,0,4,9,21,20,31,19,sil
5.676315784454346,17,1,1,-3,5,-16,-17,-8,5,-2,9,13,14,4,sil
5.6923887729644775,14,11,12,-3,3,-13,-17,-7,-11,-36,4,8,-6,-10,sil
5.6923887729644775,-2,14,15,3,5,0,-4,-4,-21,-40,0,-6,-21,-14,sil
5.708072900772095,-28,0,-3,8,3,12,4,-13,-21,-18,-29,-29,-38,-19,sil
5.708072900772095,-36,-24,-26,-15,-4,15,3,-10,-15,-7,-52,-32,-40,-25,sil
5.723146915435791,-16,-18,-23,-30,-5,2,-10,-7,-8,-5,-19,-11,-8,-23,sil
5.723146915435791,-1,4,-1,-10,-5,-10,-29,-25,-25,-14,7,0,1,-25,sil
5.738888263702393,-13,4,5,8,-8,1,-16,-31,-37,-20,-13,-15,-28,-28,sil
5.738888263702393,-26,-18,-6,-3,-12,11,5,-5,-4,-1,-34,-27,-35,-12,sil
5.75442361831665,-12,-20,-12,-17,-12,-5,0,19,33,20,-7,-3,3,10,sil
5.75442361831665,14,3,0,-1,-1,-20,-14,17,27,11,30,28,33,14,sil
5.7694830894470215,19,22,21,20,9,-1,-3,3,-4,-13,25,19,17,1,sil
5.7694830894470215,-2,7,11,23,9,18,15,-5,-12,-12,-8,-14,-7,-8,sil
5.784902572631836,-17,-18,-14,1,-2,5,16,0,0,2,-23,-22,-14,-1,sil
5.784902572631836,0,-12,-8,-7,-7,-9,11,16,14,14,0,5,5,15,sil
5.800204992294312,19,3,0,0,0,0,14,27,32,27,24,23,30,25,sil
5.800204992294312,12,-7,-13,-14,-1,1,3,25,33,27,22,19,31,14,sil
5.815884828567505,5,-3,-8,-16,0,-9,-16,0,3,5,21,15,16,-3,sil
5.815884828567505,19,29,17,11,12,-2,-18,-21,-23,-13,27,17,7,-7,sil
5.831043243408203,23,38,24,26,20,16,0,-5,-15,-5,18,14,8,3,sil
5.831043243408203,3,16,11,19,16,21,9,6,8,12,1,0,4,6,sil
5.846252918243408,-4,0,8,12,5,10,6,2,10,9,-13,-14,-12,5,sil
5.846252918243408,4,2,11,20,0,15,21,4,4,11,-14,-13,-12,13,sil
5.861879587173462,0,0,3,17,0,20,35,0,2,15,-17,-12,-12,13,sil
5.861879587173462,-14,-20,-11,-11,-3,3,14,-2,4,2,-19,-14,-17,6,sil
5.877010345458984,-7,-24,-21,-26,-4,-18,-6,3,9,-3,4,2,7,7,sil
5.877010345458984,4,-3,-10,-19,-7,-27,-19,2,-6,-13,21,18,21,1,sil
5.892427682876587,4,11,3,-8,-6,-19,-27,-13,-19,-19,16,8,7,-9,sil
5.892427682876587,3,8,7,-2,0,-12,-22,-17,-14,-13,12,0,1,-15,sil
5.90814995765686,-1,7,13,4,0,-7,-9,-9,-23,-16,2,0,-8,-21,sil
5.90814995765686,-18,2,6,13,-4,-2,-2,-16,-25,-16,-16,-17,-27,-26,sil
5.923243284225464,-32,-18,-10,6,-13,0,4,-15,-10,-6,-33,-32,-29,-18,sil
5.938889503479004,-25,-29,-14,-8,-9,1,15,3,8,4,-33,-26,-16,-5,sil
5.938889503479004,-5,-16,-11,-15,0,1,15,20,23,12,-18,-9,-7,3,sil
5.954444169998169,5,-7,-8,-11,-5,0,13,26,28,18,-6,5,-1,11,sil
5.954444169998169,9,-9,-6,-7,-4,3,12,21,30,27,-1,11,11,14,sil
5.970046520233154,14,-3,-6,-16,6,0,-7,8,15,6,1,17,24,15,sil
5.970046520233154,21,18,0,-16,7,-13,-25,-3,-12,-29,13,31,25,8,sil
5.986064672470093,21,30,11,0,1,-8,-20,-14,-24,-31,23,30,18,0,sil
5.986064672470093,18,21,24,13,4,1,-9,-13,-17,-7,24,18,9,4,sil
6.00120997428894,15,24,20,19,9,0,-5,-9,-11,-4,25,12,7,7,sil
6.00120997428894,-3,22,8,13,0,-3,-9,-18,-20,-22,6,-6,-10,-8,sil
6.017182588577271,-25,-1,0,7,-5,10,1,-14,-15,-6,-15,-26,-22,-9,sil
6.017182588577271,-15,-14,0,16,11,36,25,8,15,34,-13,-15,-7,9,sil
6.038020849227905,0,-8,3,15,16,37,26,23,31,34,-11,-4,-6,12,sil
6.038020849227905,-7,-13,-10,-4,0,9,5,12,17,9,-17,-18,-16,-1,sil
6.038020849227905,-13,-13,-24,-20,-4,-17,-18,-8,-11,-13,-10,-13,-9,-17,sil
6.048172950744629,0,11,6,1,9,-7,-15,-16,-23,-20,16,9,5,-19,sil
6.063528060913086,8,13,26,29,10,13,8,-6,-4,4,22,0,3,-5,sil
6.063528060913086,-4,-10,1,13,-7,11,18,10,19,28,-7,-20,-9,4,sil
6.079530954360962,-6,-16,-14,-4,-15,1,18,22,39,33,-13,-7,0,11,sil
6.079530954360962,2,-15,-12,-11,-12,-4,16,24,35,26,7,12,20,15,sil
6.095402956008911,0,-20,-18,-25,-14,-18,0,9,8,4,11,8,17,4,sil
6.095402956008911,-2,-9,-19,-22,-10,-25,-21,-10,-13,-13,9,4,13,-8,sil
6.110507488250732,1,4,-6,-12,-3,-20,-30,-12,-25,-24,12,14,16,-9,sil
6.110507488250732,2,9,0,-14,-4,-13,-24,-14,-34,-34,2,5,3,-13,sil
6.126061916351318,-8,9,3,-8,-7,0,-9,-21,-32,-33,-15,-15,-26,-20,sil
6.126061916351318,-15,1,2,7,0,14,13,-4,-13,-8,-23,-19,-34,-9,sil
6.141908645629883,-2,-8,-1,11,8,14,36,21,17,14,-14,-2,-8,13,sil
6.141908645629883,14,-6,2,-2,10,2,28,25,30,16,-1,17,16,26,sil
6.157375812530518,19,1,0,-4,6,-11,-9,3,16,9,10,22,25,16,sil
6.157375812530518,21,14,5,0,1,-33,-38,-13,-10,-10,12,21,15,1,sil
6.172979116439819,25,37,25,19,5,-31,-21,-5,-12,-17,18,19,9,2,sil
6.172979116439819,18,39,22,39,18,1,1,0,3,3,23,6,9,0,sil
6.189133644104004,-7,8,9,20,8,11,-7,-14,-9,0,0,-10,-16,-13,sil
6.189133644104004,-24,-5,8,3,-4,10,2,-17,-20,-5,-14,-26,-32,-16,sil
6.204164743423462,-24,-7,-4,8,0,23,26,-3,-2,8,-12,-31,-23,-4,sil
6.204164743423462,-23,-21,-15,-5,-2,24,17,9,5,8,-29,-27,-23,2,sil
6.219865560531616,-18,-28,-12,-19,-11,16,10,6,5,7,-37,-24,-18,4,sil
6.219865560531616,-7,-23,-7,-10,-4,16,19,6,14,17,-22,-12,-4,12,sil
6.234947204589844,2,-13,-4,-3,3,10,5,11,20,10,1,12,14,16,sil
6.234947204589844,17,0,-1,-10,3,-5,-14,12,12,-3,30,35,39,15,sil
6.250926733016968,27,10,3,-14,0,-12,-14,10,1,-9,36,37,39,12,sil
6.250926733016968,20,6,4,-6,0,-9,-12,-2,-7,-7,20,22,15,1,sil
6.266106367111206,8,12,10,1,3,-5,-11,-14,-16,-11,15,12,0,-8,sil
6.266106367111206,4,22,21,17,5,12,11,-11,-8,-1,15,7,-1,-13,sil
6.281552314758301,-9,2,10,15,-2,26,21,-4,5,8,-8,-12,-16,-19,sil
6.281552314758301,-23,-27,-14,-9,-8,11,3,4,12,14,-23,-27,-23,-15,sil
6.297356128692627,-2,-18,-18,-8,0,-6,2,19,32,30,-2,-7,4,6,sil
6.297356128692627,15,0,-4,-4,-3,-18,-3,15,25,9,-1,11,11,10,sil
6.312906980514526,0,-1,-6,-19,-17,-26,-26,-11,-15,-35,-15,3,-9,-16,sil
6.312906980514526,-12,0,-13,-14,-2,-18,-25,-29,-33,-35,1,-9,-4,-26,sil
6.328506946563721,-10,9,0,2,9,-3,-4,-19,-27,-18,4,-14,-1,-7,sil
6.328506946563721,-12,7,4,10,0,6,6,-5,-20,-14,-17,-19,-17,-2,sil
6.343281269073486,-18,-3,-7,6,-6,0,9,0,-9,0,-26,-19,-18,-2,sil
6.343281269073486,-15,-13,-16,-5,-8,-9,13,10,2,17,-18,-13,-7,9,sil
6.359000205993652,0,-11,-13,-13,-7,-17,0,14,2,7,-5,0,1,14,sil
6.359000205993652,21,14,8,2,3,-20,-21,7,-2,-9,21,25,23,9,sil
6.374155044555664,26,36,27,28,12,-6,-17,-2,-1,-1,38,35,34,11,sil
6.374155044555664,8,13,20,24,-1,8,2,-7,-1,4,14,11,2,6,sil
6.389351844787598,-5,-10,6,13,-4,13,18,-1,2,2,-8,-8,-21,0,sil
6.389351844787598,-5,-7,0,14,11,14,22,8,23,20,-2,-5,-6,7,sil
6.404916763305664,3,-2,-1,1,17,10,7,22,40,33,12,10,14,15,hello
6.404916763305664,17,4,2,-4,8,3,-8,14,24,10,28,23,25,6,hello
6.42008376121521,11,11,5,2,2,3,-12,-9,-11,-26,18,11,6,-8,hello
6.42008376121521,-7,4,0,5,4,12,0,-14,-20,-25,-10,-16,-15,-13,hello
6.43560791015625,-11,-7,-8,4,5,21,20,-2,0,11,-18,-28,-9,-5,hello
6.451688528060913,-9,-17,-14,-10,-4,12,21,2,-3,19,-21,-29,-12,-2,hello
6.451688528060913,-6,-18,-18,-28,-11,-7,2,2,-7,5,-24,-18,-14,0,hello
6.467386960983276,4,-7,-18,-32,-6,-20,-19,1,0,-4,-8,11,8,3,hello
6.467386960983276,11,4,0,-20,-8,-18,-26,-8,-8,-19,7,23,13,-7,hello
6.467386960983276,9,17,23,9,0,-4,-12,-22,-20,-16,8,3,-8,-16,hello
6.482968091964722,8,22,27,28,16,13,7,-11,-5,9,3,-2,-13,-1,hello
6.498410224914551,4,7,11,22,10,28,23,10,20,33,7,7,5,18,hello
6.498410224914551,-4,-18,-8,-4,-16,12,22,13,23,27,-2,5,10,19,hello
6.513490915298462,-8,-27,-19,-30,-23,-17,1,10,9,5,-9,-2,7,10,hello
6.513490915298462,0,-15,-10,-30,-1,-26,-17,8,4,-12,13,7,24,2,hello
6.529087066650391,1,0,6,-17,7,-15,-18,3,-3,-34,22,17,22,-9,hello
6.529087066650391,-10,8,0,-5,5,0,-5,-5,-11,-29,-3,-9,-8,-27,hello
6.544407844543457,-20,6,-9,5,4,11,0,-11,-6,-6,-23,-31,-33,-28,hello
6.544407844543457,-19,1,8,14,4,11,1,-5,-7,-6,-27,-16,-32,-14,hello
6.560420513153076,-16,0,9,19,7,14,7,0,-1,4,-22,-3,-17,2,hello
6.560420513153076,-3,0,-3,14,5,12,13,7,7,24,-14,6,-9,25,hello
6.576388597488403,13,0,3,8,-3,-3,7,3,1,-1,-4,21,-1,30,hello
6.576388597488403,11,-5,3,0,-7,-24,-12,-15,-16,-35,8,12,11,0,hello
6.591046333312988,9,-3,-3,-3,-5,-28,-31,-17,-20,-21,26,2,13,-19,hello
6.591046333312988,26,20,12,16,2,-12,-19,0,-4,0,43,13,12,-4,hello
6.6071693897247314,22,35,27,37,4,1,4,1,-1,-5,30,8,5,1,hello
6.6071693897247314,-5,14,14,27,-10,8,19,-2,-1,6,0,-12,-6,-2,hello
6.622436285018921,-12,-10,-5,2,-19,13,27,8,10,34,-12,-17,-2,4,hello
6.622436285018921,-1,-11,-10,-7,-7,6,23,18,18,33,-8,-7,12,16,hello
6.638249397277832,0,-6,-15,-4,5,-5,6,10,17,16,-2,1,17,21,hello
6.638249397277832,-3,-17,-20,-22,1,-17,-19,2,11,2,-4,11,12,9,hello
6.6539833545684814,4,-11,-6,-31,0,-11,-26,2,8,0,4,17,18,-6,hello
6.6539833545684814,18,16,8,-1,11,5,-12,-8,0,-1,22,15,19,-9,hello
6.669571399688721,10,23,8,15,17,10,-1,-18,-21,-11,12,5,-8,-10,hello
6.669571399688721,-10,4,2,5,7,8,4,-9,-23,-9,-15,-13,-31,-14,hello
6.685519695281982,-22,-14,-8,-11,-6,14,9,6,-4,0,-34,-31,-31,-7,hello
6.685519695281982,-23,-28,-30,-32,-10,13,10,12,12,1,-34,-31,-20,4,hello
6.7009687423706055,-13,-28,-37,-37,4,-3,-1,11,21,4,-13,-13,0,5,hello
6.7009687423706055,2,-5,-10,-19,3,-19,-19,6,11,3,8,4,12,-3,hello
6.716193199157715,7,14,13,3,-12,-13,-15,-7,-3,-6,15,8,4,-9,hello
6.716193199157715,1,12,13,14,-2,10,6,-13,-7,-10,4,-1,-10,-3,hello
6.731323480606079,0,2,7,13,15,28,17,-2,-5,3,-8,-15,-18,0,hello
6.731323480606079,-4,-3,1,9,12,25,23,7,4,20,-10,-13,-12,-2,hello
6.747035980224609,-8,-9,-2,1,5,14,27,15,17,20,-4,-2,-2,3,hello
6.747035980224609,0,-12,-4,-8,2,0,9,13,14,7,3,3,13,11,hello
6.762141942977905,13,-8,0,-17,-5,-18,-13,1,0,-5,16,18,29,9,hello
6.762141942977905,16,4,12,-5,-9,-22,-16,-10,-13,-18,28,31,26,0,hello
6.778063058853149,15,25,17,27,0,-14,-18,-24,-22,-24,26,22,8,-13,hello
6.778063058853149,13,33,30,45,7,-15,-28,-30,-28,-29,3,16,-8,-13,hello
6.793275833129883,8,26,45,44,3,0,-5,-11,-17,-9,-11,13,-12,2,hello
6.793275833129883,0,3,17,22,-10,14,25,8,-1,14,-10,-1,-4,17,hello
6.809179782867432,-3,-14,-21,-21,-23,-14,4,13,4,3,-8,-1,2,19,hello
6.809179782867432,-1,-6,-16,-35,-11,-35,-23,0,-3,-22,0,6,8,2,hello
6.824568033218384,-6,10,8,-8,5,3,1,-6,-23,-25,0,-7,-3,-9,hello
6.824568033218384,-13,1,1,6,4,36,30,6,-7,8,-6,-21,-13,5,hello
6.840310573577881,-2,-18,-22,-2,-5,3,5,22,31,39,0,0,1,18,hello
6.840310573577881,18,-3,-8,-4,0,-22,-13,19,33,24,24,24,28,3,hello
6.8554298877716064,11,14,19,3,14,3,5,-2,11,0,22,7,17,-8,hello
6.8554298877716064,-27,-17,-1,-3,8,21,15,-10,4,2,-25,-38,-31,-14,hello
6.8710777759552,-34,-41,-45,-9,-4,0,4,2,17,14,-34,-38,-28,-11,hello
6.8710777759552,0,-4,-27,-3,-6,-17,-16,5,14,3,11,11,16,-4,hello
6.8872230052948,4,25,14,4,-5,-4,-24,-8,-7,-14,16,17,3,-10,hello
6.8872230052948,-17,6,0,9,4,17,4,-12,-2,1,-12,-21,-22,-11,hello
6.902258634567261,-11,-13,-21,-10,5,10,16,3,9,11,-15,-16,-3,2,sil
6.902258634567261,9,-10,-9,-26,-6,-13,-15,6,-8,-8,-3,11,12,3,sil
6.917415380477905,14,-5,-1,-15,0,-20,-30,-4,-23,-24,4,10,6,-6,sil
6.917415380477905,11,2,11,1,16,-2,-5,0,-15,-21,7,10,5,-3,sil
6.933053255081177,10,15,28,23,18,20,18,1,-4,0,5,9,3,3,sil
6.933053255081177,0,6,15,19,2,21,16,-5,-8,13,-8,-7,-15,3,sil
6.948138475418091,-10,-7,-1,1,-5,14,19,-3,-8,11,-18,-23,-26,8,sil
6.948138475418091,-8,-5,-4,0,0,17,29,4,3,14,-12,-19,-15,14,sil
6.963355302810669,0,-8,-10,-5,-2,2,9,8,6,11,-9,-4,-4,15,sil
6.979228973388672,9,-12,-13,-19,-14,-20,-14,8,9,0,-6,7,12,6,sil
6.979228973388672,15,-2,-4,-21,-18,-22,-17,3,8,-5,0,16,25,0,sil
6.995001792907715,16,11,5,-9,-6,-8,-14,1,0,-2,18,23,22,0,sil
6.995001792907715,14,23,5,10,4,-10,-15,-6,-2,-3,33,23,20,0,sil
6.995001792907715,10,27,14,16,3,-18,-18,-13,-2,-9,30,20,15,-3,sil
7.010697364807129,14,30,31,23,9,0,-8,-9,4,-3,32,22,15,1,sil
7.026435375213623,15,29,29,41,21,17,10,-7,10,4,29,11,11,2,sil
7.026435375213623,-6,4,4,25,11,8,11,-9,-3,3,0,-14,-10,-6,sil
7.0419628620147705,-34,-30,-21,-16,-4,3,5,-8,-10,-2,-29,-33,-31,-16,sil
7.0419628620147705,-35,-37,-25,-27,-11,8,14,2,6,-3,-37,-36,-28,-13,sil
7.057074546813965,-13,-19,-17,-14,-11,-4,10,17,16,4,-24,-12,0,0,sil
7.057074546813965,5,-4,-10,-19,-3,-23,-13,17,4,4,6,20,22,7,sil
7.072578191757202,-2,3,-2,-20,1,-13,-20,-2,-13,-7,12,10,2,-5,sil
7.072578191757202,-19,0,1,1,-1,7,-2,-13,-21,-12,-12,-24,-29,-21,sil
7.088013172149658,-14,-4,11,18,3,14,6,3,-10,-4,-13,-18,-26,-15,sil
7.088013172149658,-5,4,12,21,13,16,15,5,5,5,6,0,-6,0,sil
7.103960990905762,-18,-3,-9,1,-1,11,13,-11,-1,2,-15,-14,-19,2,sil
7.103960990905762,-15,-19,-19,-15,-17,4,3,0,-4,2,-39,-22,-29,7,sil
7.119143009185791,14,-11,0,-2,0,12,12,20,21,17,-8,2,4,21,sil
7.119143009185791,27,-4,8,-3,6,6,11,13,22,6,9,26,28,25,sil
7.1344263553619385,20,0,0,-16,-5,-17,-13,-3,0,-13,2,26,25,12,sil
7.1344263553619385,26,11,3,-9,-8,-33,-32,-11,-14,-16,15,23,24,2,sil
7.150364637374878,26,19,21,4,-4,-17,-24,-15,-28,-21,31,22,14,-2,sil
7.150364637374878,5,14,14,18,1,11,0,-15,-22,-10,22,1,-4,-6,sil
7.165348768234253,-9,7,-2,22,1,15,12,0,6,19,3,-13,-8,-2,sil
7.165348768234253,-2,0,-4,13,-3,2,10,16,28,36,-1,-1,4,9,sil
7.181374549865723,0,-6,-5,2,0,2,7,17,27,28,0,5,8,14,sil
7.181374549865723,-3,-7,-9,-8,7,5,8,13,22,12,-7,-2,4,8,sil
7.196961164474487,1,-7,-14,-15,8,-7,-1,10,18,4,-9,-5,17,-1,sil
7.196961164474487,5,-5,-14,-23,4,-20,-18,4,0,-7,0,1,23,-8,sil
7.212516784667969,6,9,-4,-14,0,-14,-18,0,-12,-23,21,16,21,-3,sil
7.212516784667969,17,23,11,10,3,-4,-6,-9,-14,-25,35,30,20,0,sil
7.228126525878906,16,21,26,18,13,0,-1,-11,-19,-18,19,16,3,-6,sil
7.228126525878906,-2,14,21,18,11,10,5,-11,-19,-6,-2,-9,-18,-14,sil
7.2440550327301025,-19,6,1,18,-5,17,8,-17,-27,-11,-21,-25,-40,-21,sil
7.2440550327301025,-25,-6,-8,3,-15,8,11,-17,-32,-22,-32,-29,-47,-21,sil
7.25926661491394,-22,-18,-10,-13,-6,5,17,-2,-9,-5,-31,-24,-34,-12,sil
7.25926661491394,-12,-13,-3,-2,1,10,13,5,8,12,-20,-17,-19,-4,sil
7.274401426315308,-7,1,1,21,6,14,3,-6,6,13,-4,-20,-13,0,sil
7.274401426315308,-15,-5,-5,4,0,7,2,-12,4,9,-7,-19,-19,0,sil
7.290044069290161,-21,-29,-17,-21,-12,1,9,3,13,13,-20,-12,-17,0,sil
7.290044069290161,-7,-23,-19,-12,-6,-2,6,16,27,20,-3,-2,7,11,sil
7.306155443191528,2,-1,-10,-4,2,-5,-11,22,32,15,14,6,20,18,sil
7.306155443191528,0,-2,-6,-9,-1,-6,-16,23,29,18,14,10,24,13,sil
7.321302890777588,2,-12,-4,-12,-5,-9,-7,18,23,27,15,23,30,21,sil
7.321302890777588,16,-2,2,-13,-3,-13,-6,9,14,18,19,31,28,27,sil
7.3372626304626465,18,2,3,-14,-5,-20,-18,0,0,-7,16,14,22,10,sil
7.3372626304626465,10,-1,3,-18,-6,-29,-26,-6,-15,-28,10,10,17,-2,sil
7.35252833366394,17,12,17,-4,4,-17,-16,-9,-13,-18,17,27,14,-4,sil
7.35252833366394,32,34,38,15,8,5,0,-7,-2,-6,26,33,17,-2,sil
7.368277072906494,28,40,39,21,0,12,4,-6,-14,-23,16,19,10,-2,sil
7.368277072906494,10,27,14,19,0,6,-1,-16,-30,-33,-2,-2,-8,-18,sil
7.383519411087036,-9,4,-2,11,4,9,3,-16,-30,-18,-19,-22,-29,-29,sil
7.383519411087036,-22,-11,-7,8,6,22,21,-9,-15,-6,-24,-32,-28,-18,sil
7.399179220199585,-17,-13,-10,15,15,26,24,-11,-10,-12,-32,-30,-23,-8,sil
7.399179220199585,-4,-3,-5,16,13,19,21,0,-8,0,-33,-21,-18,-3,sil
7.414713621139526,-8,-1,-6,6,1,11,23,9,0,30,-15,-16,-7,5,sil
7.414713621139526,-23,-17,-13,-6,-7,0,13,0,-5,16,-15,-19,-17,5,sil
7.43056058883667,-16,-17,-12,-2,-7,-2,6,2,-6,-5,-15,-11,-13,8,sil
7.43056058883667,1,-2,-11,2,-6,-6,-1,17,14,10,1,0,12,15,sil
7.446455955505371,2,-6,-11,-10,-10,-18,-21,18,21,15,11,6,13,9,sil
7.446455955505371,5,-11,-5,-10,-6,-19,-20,10,17,8,15,11,4,6,sil
7.46147346496582,9,-3,0,-1,-2,-6,0,13,26,14,17,16,7,13,sil
7.46147346496582,0,0,-6,-10,-3,-1,3,15,30,17,12,11,10,10,sil
7.4770190715789795,-3,-5,-15,-21,0,-5,-9,6,15,9,15,13,20,2,sil
7.4770190715789795,5,-1,-5,-13,3,-5,-18,-4,2,1,26,25,28,0,sil
7.492345333099365,14,16,10,3,2,-1,-12,-13,0,-7,29,25,21,0,sil
7.492345333099365,21,28,19,4,4,-4,-3,-7,-1,-12,24,21,17,0,sil
7.508320569992065,21,22,14,3,10,-12,-6,-7,-5,-6,21,17,19,-7,sil
7.508320569992065,4,13,5,6,7,-9,-14,-26,-14,-12,6,0,-1,-22,sil
7.523377656936645,-14,7,9,4,-4,3,-8,-29,-26,-24,-16,-19,-31,-25,sil
7.523377656936645,-24,-6,5,4,-6,12,5,-16,-28,-17,-29,-30,-43,-20,sil
7.539020776748657,-27,-18,-7,1,-1,7,5,-12,-32,-18,-40,-42,-50,-19,sil
7.539020776748657,-16,-6,-3,4,0,10,7,-5,-21,-15,-39,-36,-44,-9,sil
7.554629564285278,-1,1,9,9,0,22,19,3,0,6,-22,-13,-22,8,sil
7.570111989974976,-7,-9,12,4,-8,22,16,14,11,15,-18,-9,-8,16,sil
7.570111989974976,-5,-9,4,8,-1,19,17,27,35,28,-10,-9,8,17,sil
7.586190938949585,11,-1,-1,6,16,11,29,33,53,40,8,12,23,28,sil
7.586190938949585,17,-6,-4,-9,7,-6,18,28,39,24,17,22,29,29,sil
7.6008806228637695,2,-18,-16,-22,-12,-24,-12,15,15,1,4,8,24,9,sil
7.6008806228637695,-6,-20,-26,-29,-12,-28,-24,5,-2,-12,-4,3,10,-7,sil
7.617610692977905,1,-1,-15,-18,0,-18,-13,0,-8,-16,12,8,14,-10,sil
7.617610692977905,12,17,0,-3,0,-14,-15,-4,-17,-18,25,14,23,-9,sil
7.632827281951904,11,17,2,1,-3,-14,-19,-13,-36,-20,11,13,9,-6,sil
7.632827281951904,11,11,3,10,1,-1,-5,-22,-32,-5,9,6,0,-2,sil
7.648380041122436,10,14,19,16,9,10,1,-22,-18,5,16,6,3,-3,sil
7.648380041122436,2,10,20,17,11,11,-1,-22,-17,-1,11,4,0,-6,sil
7.663476943969727,-3,-2,9,12,3,12,-1,-20,-19,-11,-5,-4,-16,-6,sil
7.663476943969727,-8,-7,12,8,-4,18,3,-7,-11,1,-13,-9,-19,-1,sil
7.67897629737854,-9,-3,6,16,3,24,16,5,12,24,-4,-8,-9,8,sil
7.67897629737854,-8,-9,-12,9,1,14,20,16,30,26,-8,-11,-9,15,sil
7.695096015930176,-8,-14,-20,-13,-13,-4,11,22,35,15,-20,-10,-4,11,sil
7.695096015930176,-6,-9,-18,-21,-10,-12,2,20,35,15,-10,0,9,10,sil
7.710659027099609,5,-1,-8,-16,0,-17,-5,14,24,7,5,12,10,13,sil
7.710659027099609,10,2,-2,-15,-3,-23,-13,3,1,-19,4,13,4,2,sil
7.7272913455963135,2,6,-12,-19,-9,-17,-14,0,-13,-39,0,7,7,-14,sil
7.7272913455963135,7,17,-12,-9,7,-6,-8,5,-1,-21,14,9,17,-13,sil
7.742640018463135,9,30,8,7,17,-5,-14,-2,1,-9,20,14,11,-10,sil
7.742640018463135,0,29,24,25,6,0,-16,-16,-13,-16,4,2,-4,-18,sil
7.758225202560425,0,20,22,33,6,8,-5,-17,-16,-1,0,-12,-8,-15,sil
7.758225202560425,2,6,18,19,14,10,1,-11,-17,4,8,-11,-13,-8,sil
7.773977756500244,-12,-14,10,8,5,11,6,-14,-23,-14,-2,-15,-26,-18,sil
7.773977756500244,-19,-30,0,7,-8,13,12,-17,-19,-12,-23,-27,-30,-16,sil
7.789112091064453,-14,-29,-5,-5,-7,16,21,-1,-7,11,-23,-22,-19,4,sil
7.789112091064453,-11,-24,-16,-12,-1,13,30,12,11,26,-5,-8,-3,16,sil
7.805210590362549,-9,-21,-15,-13,-12,2,18,17,25,22,0,2,1,15,sil
7.805210590362549,0,-5,1,-5,-19,3,7,16,23,22,-2,1,1,16,sil
7.820884704589844,4,1,1,4,-5,8,8,5,13,22,-10,-3,-2,14,sil
7.820884704589844,-2,-8,-7,-2,3,-1,-1,2,5,9,-14,1,-3,10,sil
7.837414741516113,2,-4,-6,-12,0,-14,-17,3,7,0,7,7,14,10,sil
7.837414741516113,17,6,-5,-14,-2,-19,-20,0,0,-5,12,7,20,10,sil
7.853477954864502,15,5,-4,-13,3,-16,-11,6,-1,-3,0,15,18,13,sil
7.853477954864502,13,3,1,-5,9,-8,-1,16,16,13,12,22,30,18,sil
7.86911416053772,19,1,0,-8,2,-9,-2,7,12,11,17,13,27,9,sil
7.86911416053772,13,-7,-8,-19,-8,-12,-8,-6,-7,-8,1,6,13,-5,sil
7.884154319763184,0,0,0,-16,-9,-14,-11,-8,-17,-27,0,10,3,-14,sil
7.884154319763184,-3,24,15,7,0,-4,-6,-7,-14,-30,6,5,-4,-22,sil
7.8993048667907715,0,31,16,23,2,10,-5,-11,-15,-22,5,-3,-8,-25,sil
7.8993048667907715,0,25,17,22,1,12,-12,-11,-25,-16,1,-5,-13,-16,sil
7.9153337478637695,-10,17,17,29,4,15,0,-12,-18,-3,-5,-12,-21,-10,sil
7.9153337478637695,-16,-2,2,24,9,24,18,-9,4,12,-15,-16,-21,-4,sil
7.931011915206909,-2,-21,-10,1,9,14,14,7,22,23,-3,-3,-1,8,sil
7.931011915206909,9,-16,-15,-10,4,-12,-4,11,18,16,23,16,20,14,sil
7.946060657501221,7,2,-5,-5,1,-17,-14,-1,-4,-8,30,24,20,1,sil
7.946060657501221,1,17,7,15,12,5,0,-16,-16,-16,16,1,2,-9,sil
7.961445331573486,-13,3,1,16,14,16,18,-7,-8,2,-12,-22,-18,-3,sil
7.961445331573486,-20,-25,-22,-13,-3,0,15,19,7,14,-26,-14,-15,4,sil
7.977457046508789,-4,-22,-27,-29,-12,-17,0,14,13,-2,-3,4,5,-5,sil
7.977457046508789,2,8,1,-14,0,-15,-5,-7,-4,-24,7,4,0,-16,sil
7.993318319320679,-4,17,21,15,6,4,10,0,-4,0,0,-6,-14,-1,sil
7.993318319320679,-9,-1,12,25,-1,17,16,7,6,20,-8,-13,-13,13,sil
8.008538007736206,-7,-13,10,4,-19,11,4,-4,-7,-4,-29,-23,-26,2,sil
8.008538007736206,-6,-14,0,-9,-25,5,0,-10,-6,-12,-46,-34,-34,-5,sil
8.0242280960083,-8,-22,-22,-20,-16,-3,-4,-1,7,1,-39,-25,-20,1,sil
8.0242280960083,0,-17,-20,-27,-4,-8,-10,4,7,5,-10,0,6,13,sil
8.045923948287964,15,0,-4,-19,3,-6,-7,8,11,12,14,22,30,16,sil
8.045923948287964,19,11,4,-5,7,-5,-6,8,14,13,28,29,35,6,sil
8.045923948287964,10,24,18,12,11,0,-4,0,0,5,26,13,16,-2,sil
8.05554723739624,0,19,15,21,12,10,6,-1,0,10,5,-5,-1,0,sil
8.070955038070679,-2,-6,-10,6,4,3,7,8,15,10,-4,0,2,5,sil
8.070955038070679,4,-11,-15,-6,-6,-11,-7,13,13,-2,9,12,17,2,sil
8.08702540397644,17,1,0,-2,-5,-10,-12,11,5,3,27,22,23,6,sil
8.08702540397644,21,10,4,0,8,-5,-5,3,4,8,32,34,27,14,sil
8.102272748947144,11,14,5,-5,9,-12,-10,-14,-17,-18,23,27,15,0,sil
8.102272748947144,0,18,14,5,1,-9,-15,-32,-40,-28,14,6,-3,-17,sil
8.11745023727417,-1,14,19,19,0,1,-7,-29,-34,-14,5,0,-11,-14,sil
8.11745023727417,-7,2,13,15,-7,8,1,-9,-18,-12,-8,-12,-18,-8,sil
8.132884979248047,-15,-10,-6,8,-12,16,20,6,3,4,-11,-25,-14,-5,sil
8.132884979248047,-14,-23,-17,-4,0,15,31,22,21,22,-17,-18,-8,1,sil
8.148951768875122,-11,-25,-21,-22,5,4,26,34,26,12,-30,-15,-3,8,sil
8.148951768875122,-2,-10,-16,-19,3,0,4,17,22,-6,-12,-7,10,3,sil
8.164504766464233,5,17,15,2,6,-8,-17,-11,2,-14,15,15,9,-6,sil
8.164504766464233,0,25,28,24,2,0,-12,-22,-9,-6,6,1,-15,-13,sil
8.180466413497925,-16,-5,0,11,-7,19,8,-8,1,4,-29,-28,-34,-5,sil
8.180466413497925,-18,-29,-13,-11,-9,12,14,6,19,16,-34,-23,-15,3,sil
8.195974588394165,0,-20,-9,-12,-3,-13,0,0,6,20,-15,-5,7,3,sil
8.195974588394165,14,-4,-5,-11,0,-21,-13,-9,-18,-1,0,7,12,6,sil
8.211232662200928,19,6,2,-6,4,-15,-19,0,-14,-12,20,26,19,11,sil
8.211232662200928,14,16,4,1,2,-14,-24,0,-12,-16,22,21,11,0,sil
8.226444482803345,5,17,1,9,4,-6,-20,-16,-30,-28,5,0,-14,-14,hello
8.226444482803345,0,13,11,16,4,7,-2,-20,-26,-15,6,0,-21,-8,hello
8.242067337036133,-11,4,11,7,-9,9,8,-4,-11,2,0,-4,-22,-6,hello
8.242067337036133,-28,-8,-9,-1,-8,9,16,6,0,5,-29,-31,-33,-11,hello
8.257143259048462,-25,-18,-20,-12,6,6,24,22,20,20,-24,-23,-17,2,hello
8.257143259048462,-1,-9,-11,-25,5,0,16,35,32,34,15,17,28,16,hello
8.27241325378418,14,9,-3,-10,6,6,0,13,16,13,31,27,42,7,hello
8.27241325378418,11,19,10,15,11,16,-2,-8,0,-14,14,7,11,-2,hello
8.288429260253906,0,14,14,18,3,9,1,-12,5,-10,4,-6,-3,-6,hello
8.288429260253906,-7,0,-1,4,-8,1,1,-13,2,-1,-9,-18,-5,-5,hello
8.303160905838013,-4,-4,-8,0,-16,4,1,0,0,1,-19,-16,-5,5,hello
8.319288969039917,15,0,-7,3,-11,-3,-1,16,18,9,9,10,23,17,hello
8.319288969039917,25,-3,-4,-5,-3,-29,-22,4,13,-1,25,26,30,9,hello
8.319288969039917,11,2,7,-5,3,-21,-21,-11,-14,-12,13,20,7,-2,hello
8.335393190383911,1,17,13,22,8,5,2,-9,-15,7,19,14,4,3,hello
8.335393190383911,0,1,5,30,0,6,8,-1,0,18,11,3,4,15,hello
8.351333141326904,-8,-30,-10,-2,-13,-8,-1,1,7,5,-23,-16,-13,9,hello
8.351333141326904,-6,-36,-17,-29,-9,-13,-3,12,18,7,-27,-12,-10,3,hello
8.366998434066772,14,-11,-3,-11,3,-8,2,12,14,9,4,15,19,9,hello
8.366998434066772,19,11,12,5,11,-2,0,-8,-12,-17,14,20,19,0,hello
8.382150888442993,4,12,15,-2,7,4,-4,-16,-29,-34,-4,-1,-14,-19,hello
8.382150888442993,-12,2,3,-3,0,13,3,-9,-19,-17,-18,-19,-32,-17,hello
8.398246765136719,-32,-7,-7,0,0,19,13,0,-7,-7,-24,-25,-33,-17,hello
8.398246765136719,-31,-11,-5,-9,8,20,18,15,4,8,-21,-23,-22,-14,hello
8.414301633834839,-2,-5,-1,-21,10,10,18,15,17,27,-5,0,5,6,hello
8.430100917816162,11,5,-6,-23,0,-5,0,2,12,7,8,17,26,12,hello
8.430100917816162,11,13,0,-12,0,-12,-19,-2,0,-8,22,14,27,-5,hello
8.445653438568115,14,26,26,11,8,-5,-14,-7,-10,-4,23,13,10,-10,hello
8.445653438568115,2,33,31,34,17,2,0,-15,-15,-15,0,2,-11,-5,hello
8.445653438568115,-17,3,6,22,-1,8,6,-15,-12,-14,-23,-22,-26,-6,hello
8.461431741714478,-20,-27,-1,-6,-48,4,7,0,1,13,-22,-29,-21,-1,hello
8.461431741714478,-13,-25,-6,-8,-40,-2,9,13,16,18,-7,-17,-4,5,hello
8.476999044418335,-8,-15,-18,-9,9,-19,-7,10,4,-9,-7,2,-7,0,hello
8.476999044418335,7,-1,-9,-9,17,-20,-18,6,-6,-5,0,22,-18,-2,hello
8.492217540740967,28,19,2,12,4,-10,-11,1,4,19,27,25,4,4,hello
8.507452487945557,22,29,5,25,9,-8,-8,-7,0,5,39,14,34,8,hello
8.507452487945557,-3,20,0,23,5,4,-1,-19,-20,-12,11,-2,15,-1,hello
8.522501230239868,-21,0,-12,17,-2,21,7,-16,-20,-10,-22,-25,-32,-9,hello
8.522501230239868,-13,-12,-24,5,4,17,11,6,8,2,-18,-22,-25,5,hello
8.538342475891113,1,-13,-27,-7,4,4,7,21,36,20,4,3,23,22,hello
8.538342475891113,2,-19,-21,-23,0,-4,-3,16,27,22,9,12,34,10,hello
8.553312301635742,10,-10,-6,-17,6,-10,-15,1,5,4,16,10,26,-1,hello
8.553312301635742,26,12,8,-5,-1,-12,-24,-8,-5,-22,18,17,18,0,hello
8.569435358047485,16,17,17,-2,-10,-8,-23,-12,-15,-34,2,18,1,0,hello
8.569435358047485,0,11,22,10,2,2,-1,-17,-20,-9,1,6,-1,-2,hello
8.584944725036621,-4,5,20,17,2,13,21,-14,-20,12,0,-5,-2,0,hello
8.584944725036621,-9,-11,6,3,-7,16,33,0,-3,4,-18,-15,-13,5,hello
8.600110530853271,-7,-23,0,-6,-3,16,33,16,12,-2,-31,-16,-10,5,hello
8.600110530853271,5,-16,-2,-10,1,7,18,28,17,11,-21,-4,2,6,hello
8.615700006484985,7,-18,-13,-24,-1,-7,-1,26,23,19,0,8,8,4,hello
8.615700006484985,-4,-22,-11,-37,-7,-16,-12,18,18,5,7,10,5,-7,hello
8.63094973564148,1,8,14,-8,-1,-5,-3,10,1,0,12,6,6,-9,hello
8.63094973564148,15,40,31,28,11,5,0,-2,-8,0,24,9,4,0,hello
8.64704418182373,0,24,23,26,10,9,-1,-18,-16,-8,16,5,-11,-1,hello
8.64704418182373,-21,-3,3,16,1,11,5,-26,-13,-1,-6,-14,-24,-13,hello
8.662956714630127,-23,-8,-9,9,0,8,8,-12,-3,11,-22,-23,-21,-4,hello
8.662956714630127,-10,-7,-15,-8,-8,-1,1,6,8,12,-18,-12,-6,8,hello
8.67836046218872,-1,-14,-19,-23,-16,-23,-12,3,10,-3,-7,1,2,1,hello
8.67836046218872,5,-6,-12,-17,-11,-32,-26,-7,-3,-25,7,12,11,-8,hello
8.69339656829834,15,19,3,5,2,-13,-20,-7,-8,-21,29,13,28,-3,sil
8.69339656829834,11,29,16,17,7,0,-8,-5,-7,-6,21,4,10,-1,sil
8.709511756896973,-5,12,10,17,5,0,-4,-15,-17,-8,-12,-9,-30,-16,sil
8.709511756896973,-20,-4,-5,13,7,11,5,-16,-16,-6,-28,-23,-40,-21,sil
8.725056648254395,-24,-15,-11,1,7,22,20,7,3,7,-25,-27,-24,-3,sil
8.725056648254395,-10,-15,-10,-6,6,22,26,20,26,22,-16,-11,-5,12,sil
8.740294218063354,8,-5,-7,-7,0,4,14,22,25,22,-7,9,10,19,sil
8.740294218063354,10,-3,-5,-11,-1,-14,-3,23,14,10,6,16,24,17,sil
8.75641655921936,8,-9,-5,-20,0,-18,-21,1,0,-9,20,15,25,3,sil
8.75641655921936,14,0,1,-15,-9,-21,-36,-23,-27,-35,21,16,14,-11,sil
8.772358894348145,11,19,13,7,-14,-17,-30,-20,-37,-35,17,8,5,-10,sil
8.772358894348145,4,15,17,22,-1,1,-6,-11,-19,-7,2,-5,-9,0,sil
8.787337303161621,0,-4,7,21,5,21,11,-10,-1,15,-12,-17,-19,4,sil
8.787337303161621,-5,-14,-11,7,0,18,16,2,10,25,-8,-12,-4,7,sil
8.803348779678345,0,-9,-14,-15,-5,1,17,24,25,28,1,7,14,20,sil
8.803348779678345,8,-5,-10,-23,-9,-10,6,20,21,19,1,11,18,11,sil
8.818819284439087,1,-6,-13,-21,-8,-15,-9,-2,-8,-10,-3,2,7,-14,sil
8.818819284439087,2,9,4,-5,7,0,1,-8,-13,-17,7,11,6,-12,sil
8.834880590438843,13,30,26,25,26,14,16,-4,3,7,29,21,12,0,sil
8.834880590438843,0,23,21,33,19,18,4,-5,0,5,14,7,-3,-1,sil
8.850267171859741,-11,5,9,29,6,27,17,0,3,2,-5,-9,-11,6,sil
8.850267171859741,-6,-2,5,20,4,31,39,12,24,23,-3,-7,1,23,sil
8.8654203414917,-4,-12,-6,-6,-6,8,17,18,23,25,-5,-3,6,16,sil
8.8654203414917,-6,-23,-23,-25,-22,-18,-16,4,11,0,-10,-3,0,1,sil
8.880973100662231,0,-20,-16,-22,-17,-25,-18,0,0,-19,-3,0,-1,-3,sil
8.880973100662231,9,1,0,-3,4,-13,-8,6,-3,-19,7,6,0,-12,sil
8.897058010101318,7,18,3,3,7,-8,-13,0,-9,-17,7,6,-3,-18,sil
8.897058010101318,0,13,8,0,-2,-11,-17,-16,-20,-19,7,4,-9,-15,sil
8.913019895553589,-1,9,16,13,4,-1,-5,-22,-22,-10,6,-7,-10,-15,sil
8.913019895553589,-12,2,13,21,4,5,0,-16,-20,-3,-20,-26,-25,-15,sil
8.928034782409668,-23,-19,-5,0,-16,-4,4,-3,-5,4,-39,-30,-29,-5,sil
8.928034782409668,-15,-34,-28,-27,-22,-17,1,8,11,5,-28,-17,-8,4,sil
8.943047046661377,2,-19,-22,-28,-6,-12,-3,19,16,-4,-12,0,7,9,sil
8.943047046661377,16,-2,1,-13,10,-2,1,24,27,6,8,23,24,15,sil
8.958076477050781,20,7,17,-1,13,-5,-2,15,21,19,27,31,34,18,sil
8.958076477050781,15,21,14,6,9,-5,-17,-2,-7,7,26,22,20,11,sil
8.973886966705322,2,22,10,6,9,3,-18,-15,-19,-4,14,11,3,0,sil
8.973886966705322,-12,7,9,-3,0,6,-10,-17,-18,-12,0,-11,-11,-13,sil
8.98897385597229,-25,-1,-2,-4,-11,7,-3,-27,-32,-22,-21,-39,-33,-27,sil
8.98897385597229,-25,-8,-16,-5,-4,17,5,-28,-33,-16,-42,-38,-41,-17,sil
9.005088090896606,-12,-15,-16,-8,7,26,16,-4,3,12,-27,-16,-8,7,sil
9.005088090896606,3,-11,-13,-11,8,11,10,15,26,19,12,6,28,11,sil
9.02028465270996,10,4,0,-4,2,-2,1,13,4,-9,24,14,21,-4,sil
9.035873174667358,6,14,9,17,0,15,26,9,1,-5,4,-6,-2,-4,sil
9.035873174667358,3,1,-4,10,0,23,39,23,29,29,-8,-13,0,14,sil
9.035873174667358,15,0,-14,-8,0,-5,0,22,31,27,12,24,22,19,sil
9.05106282234192,24,20,5,12,4,-15,-34,-7,-4,-2,26,40,17,4,sil
9.0672607421875,0,9,10,28,1,1,-6,-18,-16,-6,-9,-5,-21,-6,sil
9.0672607421875,-18,-27,-19,0,-10,-6,18,5,10,8,-29,-22,-22,0,sil
9.082449197769163,0,-23,-21,-25,-22,-34,0,11,8,-4,1,17,7,6,sil
9.082449197769163,11,7,9,-10,-12,-27,-5,-3,-15,-23,26,25,10,-1,sil
9.09825348854065,-6,9,18,14,7,-5,7,-12,-13,-16,12,-8,-5,-10,sil
9.098678350448608,-5,5,21,25,8,-2,-6,-8,-10,-3,9,1,2,-2,sil
9.11328625679016,23,30,40,37,4,0,-20,-9,-13,7,38,34,24,7,sil
9.11328625679016,22,28,37,34,7,12,-3,-6,-3,9,31,19,10,9,sil
9.1289324760437,1,-11,8,11,3,13,6,3,7,6,-6,-1,-6,9,sil
9.1289324760437,9,-17,-1,1,-1,3,-1,5,11,9,-5,12,6,13,sil
9.14436960220337,17,0,5,-1,-4,-2,0,6,5,4,5,14,6,6,sil
9.14436960220337,-1,-14,-10,-12,-4,0,4,15,10,6,-5,-8,0,-2,sil
9.160129070281982,-8,-23,-20,-20,-2,-5,-7,19,18,7,0,2,16,1,sil
9.160129070281982,3,4,0,-12,0,-18,-20,1,1,-11,26,23,26,2,sil
9.176209449768066,-9,17,7,0,0,-12,-15,-23,-22,-23,11,-1,-1,-15,sil
9.176209449768066,-29,7,1,6,1,9,-2,-21,-21,-12,-25,-28,-35,-23,sil
9.191955327987673,-16,5,0,11,13,28,13,0,3,5,-24,-29,-31,-5,sil
9.191955327987673,-5,1,-7,2,12,27,23,1,12,20,-16,-29,-11,8,sil
9.207173109054564,-18,-5,-16,-15,-9,13,19,-7,1,17,-39,-33,-15,3,sil
9.207173109054564,-23,-13,-31,-27,-15,10,16,-3,-1,-4,-59,-41,-33,-5,sil
9.223230123519896,-18,-24,-43,-43,-1,9,9,9,1,-18,-62,-45,-38,-9,sil
9.223230123519896,-17,-24,-41,-49,4,0,1,14,12,0,-46,-33,-11,-10,sil
9.239037036895752,-16,-24,-44,-54,0,-13,-6,12,12,2,-28,-22,6,-16,sil
9.239037036895752,-9,-30,-44,-62,-8,-17,-15,9,-3,-21,-22,-21,-5,-26,sil
9.254669427871704,4,-13,-20,-36,-3,-10,-11,6,-2,-12,1,-2,4,-15,sil
9.254669427871704,19,8,4,-6,5,-11,-4,7,6,14,29,23,33,5,sil
9.269880294799805,27,16,19,5,6,-15,-8,2,-1,8,43,36,38,10,sil
9.269880294799805,35,27,39,25,5,-13,-17,-14,-15,-9,61,50,33,9,sil
9.28507685661316,34,42,61,53,13,0,-9,-18,-13,-8,70,55,26,16,sil
9.28507685661316,15,44,61,71,19,14,3,-17,-12,-4,50,34,5,9,sil
9.300401210784912,1,28,48,66,5,7,0,-25,-27,-19,25,21,-16,-4,sil
9.300401210784912,3,12,39,52,-9,-3,0,-17,-24,-15,19,25,-12,1,sil
9.315921783447266,0,1,27,43,-8,1,8,0,-2,7,10,16,-9,9,sil
9.315921783447266,-6,-7,15,41,-9,8,10,3,2,16,0,2,-18,2,sil
9.3310809135437,-2,-10,8,40,-8,10,21,8,10,33,10,7,-2,15,sil
9.3310809135437,1,-12,4,16,-6,5,24,22,27,39,7,10,13,33,sil
9.347187042236328,-5,-22,-16,-17,-17,-2,2,18,27,8,-23,-8,0,16,sil
9.347187042236328,-9,-27,-33,-28,-17,-2,-4,4,19,-3,-30,-17,-6,0,sil
9.363167762756348,-3,-12,-20,-25,0,1,5,13,25,12,-16,-3,10,9,sil
9.363167762756348,0,-5,-19,-30,6,-6,-8,13,20,6,-18,-8,18,2,sil
9.378251075744627,-9,-14,-40,-47,-9,-18,-37,-3,-11,-22,-34,-27,-5,-19,sil
9.378251075744627,-2,-3,-24,-38,-2,-4,-16,0,-12,-17,-17,-13,-6,-15,sil
9.39337158203125,20,15,1,-11,18,11,16,9,10,-1,13,9,23,0,sil
9.39337158203125,10,14,-5,-13,6,0,1,3,0,-12,8,-1,17,-5,sil
9.408925771713257,-8,18,-13,-12,-4,-5,-13,-4,-10,-7,-1,-19,-4,-16,sil
9.408925771713257,-2,22,0,0,9,0,-2,-6,-1,7,8,-11,-6,-13,sil
9.424465656280518,0,10,2,0,16,0,0,-10,-10,-5,14,-5,-4,-11,sil
9.424465656280518,-5,6,0,0,10,1,-3,-16,-22,-14,3,-9,-7,-9,sil
9.44052767753601,0,10,12,5,9,9,1,-13,-20,-7,-10,-7,-11,-1,sil
9.44052767753601,-5,2,9,15,9,10,7,-14,-13,-1,-12,-7,-12,1,sil
9.457107543945312,-11,-7,3,18,0,5,1,-11,-13,3,-12,-6,-13,2,sil
9.457107543945312,0,-13,8,13,-11,1,0,0,-8,7,-15,-5,-10,11,sil
9.473110675811768,1,-22,-4,0,-8,1,9,4,5,9,-12,-6,-8,14,sil
9.473110675811768,-16,-31,-27,-20,-4,2,15,5,12,13,-18,-8,-12,4,sil
9.48853588104248,-20,-31,-27,-30,-7,1,6,13,14,23,-16,-8,0,0,sil
9.48853588104248,1,-20,-12,-26,-4,0,-2,17,18,6,11,11,22,0,sil
9.503512859344482,18,1,2,-17,0,-9,0,10,15,-19,31,37,27,2,sil
9.503512859344482,7,5,2,-10,3,-13,-1,-1,10,-20,19,29,12,-2,sil
9.519299983978271,-3,-2,1,-10,-2,-14,-6,-5,-5,-23,0,4,-4,-18,sil
9.519299983978271,4,14,17,8,-3,-4,1,-2,-19,-22,4,1,-9,-19,sil
9.535320281982422,2,31,25,34,0,3,0,-8,-18,-12,7,3,-15,-9,sil
9.535320281982422,-9,15,18,28,0,8,-7,-14,-18,-12,-8,-9,-26,-11,sil
9.550511360168455,-4,9,15,25,3,19,4,-11,-10,2,-11,-18,-21,-7,sil
9.550511360168455,0,14,14,33,7,20,16,0,2,22,-8,-10,-8,4,sil
9.566161394119264,0,5,7,26,0,9,7,3,15,19,-4,-5,1,8,sil
9.566161394119264,4,-5,1,7,-9,-1,0,3,17,21,4,-2,10,14,sil
9.582287311553957,6,-7,0,-6,-8,-2,0,15,17,34,6,6,16,25,sil
9.582287311553957,9,-7,-7,-10,0,-7,-3,21,24,22,6,16,30,24,sil
9.598013162612917,16,-7,-5,-8,0,-15,-9,15,22,0,11,20,35,21,sil
9.598013162612917,12,-2,-1,-3,0,-14,-6,13,19,5,15,21,31,23,sil
9.613075256347656,7,-3,-9,-7,5,-16,-8,13,17,11,12,13,26,12,sil
9.613075256347656,8,-2,-14,-18,0,-22,-21,2,0,-14,7,0,8,-5,sil
9.628329515457152,0,10,-11,-11,-3,-10,-18,-15,-18,-28,9,-1,-9,-12,sil
9.628329515457152,-6,20,3,2,6,8,0,-21,-20,-14,11,-4,-16,-14,sil
9.644359111785889,0,19,23,12,8,13,7,-17,-21,-9,14,-3,-18,-14,sil
9.644359111785889,0,14,19,12,2,10,0,-21,-34,-20,9,0,-23,-16,sil
9.659921407699583,-13,3,-2,3,0,10,0,-21,-37,-17,-15,-16,-38,-16,sil
9.659921407699583,-18,-11,-15,1,0,14,15,-8,-15,3,-29,-32,-48,-7,sil
9.675959348678589,-18,-22,-19,-5,-4,13,22,6,0,10,-33,-23,-45,0,sil
9.675959348678589,-16,-27,-16,-14,-7,7,19,19,7,10,-30,-11,-13,2,sil
9.691287279129028,-7,-25,-13,-12,-5,0,19,19,18,17,-14,-4,30,6,sil
9.691287279129028,1,-13,-8,-10,-9,-14,4,9,16,8,-1,10,45,3,sil
9.707500696182253,13,0,0,-9,-4,-17,-17,0,9,-1,8,17,42,-1,sil
9.707500696182253,16,1,0,-10,0,-14,-24,-5,0,-10,9,16,39,-2,sil
9.72307538986206,9,1,0,-12,-1,-13,-20,-5,-5,-17,2,18,28,0,sil
9.72307538986206,15,9,7,-2,1,-12,-22,-7,-2,-12,10,16,15,0,sil
9.738816022872925,19,21,16,9,5,-6,-20,-7,-5,-10,18,8,0,-3,sil
9.738816022872925,0,21,6,14,10,8,-2,-10,-8,-11,5,-11,-21,-12,sil
9.75444746017456,-22,5,2,8,12,19,6,-11,-11,-10,-14,-33,-41,-22,sil
9.75444746017456,-22,-2,10,10,2,22,14,-2,-13,-1,-15,-33,-39,-17,sil
9.770074844360352,-9,4,8,26,1,30,36,13,8,22,-1,-14,-16,5,sil
9.770074844360352,-2,1,4,18,7,32,46,29,39,35,2,0,1,27,sil
9.785132884979248,-8,-11,1,-1,1,18,36,30,49,36,-3,-1,3,26,sil
9.800255060195925,-14,-18,-5,-9,-2,5,18,16,37,37,-9,-3,0,18,sil
9.800255060195925,-8,-17,-10,-14,-2,-4,1,7,10,23,-7,2,-1,15,sil
9.81531810760498,0,-12,-11,-10,-1,-12,-9,-2,-3,2,6,13,10,5,sil
9.81531810760498,5,-7,-9,-2,0,-20,-18,-4,0,-10,4,19,14,0,sil
9.830963611602783,11,-4,-10,-8,0,-25,-24,2,-4,-19,-6,12,8,3,sil
9.830963611602783,17,1,-5,-18,-7,-24,-27,-7,-22,-30,0,13,7,-1,sil
9.847063064575195,23,21,14,-3,-6,-15,-20,-16,-24,-24,26,25,10,-9,sil
9.847063064575195,30,33,22,17,0,-8,-11,-11,-9,-10,39,21,12,-6,sil
9.863057136535645,21,23,12,9,-2,-19,-24,-14,-21,-20,23,12,7,-8,sil
9.863057136535645,5,15,13,2,-5,-23,-34,-26,-33,-26,14,8,2,-15,sil
9.878450870513916,0,13,13,12,-4,-8,-13,-20,-22,-11,7,-8,-13,-13,sil
9.878450870513916,-6,1,5,13,-7,5,7,-3,-15,-2,-17,-26,-29,-6,sil
9.894432067871094,-21,-16,-4,6,-8,8,0,-3,-16,-1,-35,-26,-27,-8,sil
9.894432067871094,-34,-26,-16,-9,-8,15,0,-1,-4,0,-34,-24,-27,-12,sil
9.909558057785034,-23,-18,-19,-11,0,29,27,14,26,19,-15,-15,-12,3,sil
9.909558057785034,-4,-9,-12,-4,9,20,36,23,40,34,0,0,16,23,sil
9.925177335739136,-5,-20,-14,-23,4,0,15,18,18,17,-7,0,14,24,sil
9.925177335739136,1,-18,-17,-27,0,-7,3,11,6,1,0,2,12,15,sil
9.94031572341919,19,6,0,-3,1,-6,1,6,4,-5,29,19,30,7,sil
9.94031572341919,15,24,20,19,12,4,0,-2,-5,-8,25,12,24,-4,sil
9.955753087997437,-1,19,15,29,20,17,3,-11,-12,-1,-8,-13,-3,-13,sil
9.955753087997437,-8,9,5,22,9,12,5,-7,-10,-2,-16,-19,-17,-16,sil
9.971673965454102,-5,2,7,14,2,18,17,-2,3,6,0,-14,-8,-7,sil
9.971673965454102,1,0,12,16,11,31,31,5,26,32,0,-9,-2,11,sil
9.987397909164429,5,0,4,12,4,18,28,19,33,34,-3,4,4,19,sil
9.987397909164429,0,-5,-13,-8,-8,-10,7,18,19,11,6,16,13,6,sil
10.002912759780884,0,-11,-12,-19,-7,-23,-10,13,11,0,13,20,13,1,sil
10.002912759780884,9,-2,-5,-10,-3,-24,-19,8,21,0,5,17,12,5,sil
10.018321990966797,7,0,-11,-18,-14,-34,-39,-8,2,-17,-10,5,2,-3,sil
10.018717050552368,4,3,-6,-23,-9,-32,-49,-24,-28,-36,-5,-2,-2,-19,sil
10.034213304519652,1,14,11,1,10,-8,-25,-27,-33,-28,8,1,-2,-16,sil
10.034213304519652,-17,1,5,6,2,7,2,-16,-25,-9,-15,-7,-23,-2,sil
10.05583930015564,-31,-33,-27,-24,-24,4,5,0,-10,0,-38,-26,-37,-3,sil
10.05583930015564,-18,-34,-30,-50,-23,-11,-9,0,-6,-12,-20,-14,-19,-17,sil
10.05583930015564,0,0,2,-25,-3,-17,-18,-14,-24,-26,3,8,-1,-18,sil
10.064864158630373,7,24,25,28,10,0,-6,-16,-24,-11,17,7,-2,-2,sil
10.080910444259644,14,26,33,44,19,19,9,2,-2,11,18,7,-1,10,hello
10.080910444259644,14,18,26,32,22,28,24,11,12,23,12,4,5,13,hello
10.0974383354187,4,-1,3,20,9,29,32,12,18,26,1,-6,2,16,hello
10.0974383354187,3,-8,0,11,-5,13,19,20,21,21,2,2,3,27,hello
10.113314151763916,15,0,1,1,-6,-8,0,17,16,13,18,20,27,25,hello
10.113314151763916,16,5,-5,-7,-8,-25,-9,-1,-8,-7,20,12,26,-3,hello
10.128232955932615,4,16,5,12,-6,-15,3,-13,-22,-21,11,-2,0,-24,hello
10.128232955932615,-6,9,13,13,0,14,18,-2,-2,-5,0,-13,-14,-7,hello
10.143428325653076,-19,-24,-19,-35,-5,21,9,14,17,11,-22,-21,-8,11,hello
10.143428325653076,-8,-15,-33,-31,-2,-5,-9,10,17,1,-16,-2,11,5,hello
10.15915822982788,16,27,7,26,6,-14,-17,-3,0,-14,16,20,17,-3,hello
10.15915822982788,5,24,26,39,4,9,-5,-11,-12,0,11,3,-4,-5,hello
10.174664735794067,-18,-10,0,8,1,12,0,-6,1,21,-20,-15,-17,-3,hello
10.174664735794067,-3,-16,-10,-9,0,-11,-13,4,15,12,-4,6,12,4,hello
10.190476417541504,17,0,2,-5,1,-12,-16,-1,-1,-6,33,23,35,9,hello
10.190476417541504,1,-2,5,3,6,12,9,-7,-12,-9,13,1,1,1,hello
10.206115961074827,-22,-24,-15,-7,4,15,27,7,11,-2,-32,-25,-33,-6,hello
10.206115961074827,-20,-37,-34,-36,-9,-13,1,7,19,-10,-43,-24,-27,-9,hello
10.221201181411743,0,-23,-24,-39,-13,-28,-28,-7,-2,-23,-23,-5,-10,-8,hello
10.221201181411743,9,3,-5,-15,1,-14,-25,-9,-8,-9,0,5,3,-7,hello
10.237311124801636,3,20,10,0,7,-4,-15,-7,-6,2,9,9,6,-13,hello
10.237311124801636,-1,23,24,13,4,2,0,-8,-8,9,10,3,0,-10,hello
10.25244402885437,-5,11,20,27,9,22,32,1,2,31,6,-13,-8,3,hello
10.25244402885437,-11,-2,0,13,6,31,52,23,19,45,-8,-23,-11,14,hello
10.268179416656494,-7,-10,-16,-8,-2,15,39,27,27,30,-14,-13,-1,11,hello
10.268179416656494,1,-15,-17,-25,-9,-14,3,10,6,-5,-2,5,6,2,hello
10.283445596694946,6,-8,-9,-24,-12,-25,-20,-4,-23,-32,12,17,8,-3,hello
10.283445596694946,10,6,-2,-9,-6,-16,-20,-15,-33,-35,12,15,11,-10,hello
10.299355268478394,10,21,9,1,0,-8,-12,-18,-24,-23,5,11,5,-11,hello
10.299355268478394,5,33,23,20,5,1,0,-14,-9,-4,11,7,-1,0,hello
10.315220832824709,-1,31,21,38,8,16,8,-10,-10,-7,4,-3,-13,2,hello
10.315220832824709,-6,11,15,31,3,25,9,0,-3,-6,-14,-16,-16,1,hello
10.330901384353638,0,-7,13,15,0,23,4,13,29,28,-6,-4,4,18,hello
10.330901384353638,1,-13,7,1,-2,5,-4,18,32,30,1,12,13,27,hello
10.3464093208313,-3,-15,-8,-8,-6,-13,-22,7,6,-1,-3,7,4,5,hello
10.3464093208313,2,-12,-14,-12,-8,-25,-41,-2,4,-10,6,8,12,-4,hello
10.361926078796388,26,3,4,-3,-7,-28,-40,-2,4,-8,32,33,29,9,hello
10.361926078796388,29,18,16,10,0,-18,-16,-12,-16,-16,39,33,23,3,hello
10.37706971168518,2,11,7,8,5,0,3,-21,-26,-14,14,0,-5,-16,hello
10.37706971168518,-12,1,0,14,12,14,13,-11,-11,2,-9,-21,-22,-13,hello
10.392993211746216,-7,-8,-5,14,7,15,17,4,-5,3,-17,-19,-20,-4,hello
10.392993211746216,-12,-22,-16,-8,-6,9,20,14,0,0,-21,-20,-18,-7,hello
10.408113956451416,-14,-28,-20,-22,-3,11,25,14,20,16,-22,-21,-8,0,hello
10.408113956451416,0,-21,-15,-22,2,6,14,14,21,22,-14,-6,6,10,hello
10.423366785049438,9,-4,-10,-21,0,-14,-7,4,-3,0,2,10,16,7,hello
10.423366785049438,11,15,2,-10,4,-23,-17,-9,-24,-21,13,14,11,-2,hello
10.439444065093994,5,18,17,4,7,2,1,-12,-22,-15,6,0,-3,-5,hello
10.439444065093994,-10,0,1,9,5,30,29,-2,0,5,-9,-19,-18,-4,hello
10.455057382583618,-29,-14,-21,-3,3,17,30,7,19,14,-30,-27,-25,-4,hello
10.455057382583618,-22,-17,-22,-13,0,-1,12,18,31,15,-28,-17,-12,1,hello
10.47098684310913,-5,-15,-15,-15,-9,-9,-1,19,36,16,-1,0,8,7,hello
10.47098684310913,-4,-5,-7,-16,-9,-14,-14,9,19,10,14,10,16,0,hello
10.486133098602297,0,13,10,-1,1,-10,-17,-5,-1,2,25,13,20,-8,hello
10.486133098602297,15,34,35,22,6,5,-3,-8,-11,-8,37,19,16,0,hello
10.501253366470335,14,39,34,37,5,19,13,-8,-6,-9,20,9,0,0,hello
10.517305135726929,-9,7,-1,13,-5,11,4,-15,-5,0,-24,-15,-23,-11,hello
10.517305135726929,-21,-30,-24,-28,-21,-6,-16,-9,-12,0,-41,-20,-33,-10,hello
10.532674074172974,2,-24,-11,-26,-11,-11,-14,4,-4,-1,-8,4,-2,7,hello
10.532674074172974,25,0,0,0,4,-17,-14,2,0,-7,12,29,29,17,hello
10.547793626785278,18,10,2,7,0,-24,-26,-15,-18,-22,13,26,22,7,sil
10.547793626785278,3,15,12,17,-6,-4,-18,-22,-27,-22,11,0,-2,-3,sil
10.56389832496643,-2,16,17,29,6,20,8,-7,-12,2,-1,-16,-16,-1,sil
10.56389832496643,-5,9,3,24,19,24,27,7,12,24,-8,-12,-9,10,sil
10.579954862594604,0,-1,-6,0,11,5,16,12,20,16,-1,0,2,12,sil
10.579954862594604,11,-6,-3,-11,2,-11,-6,16,12,3,8,14,17,6,sil
10.595494747161863,24,6,5,-2,10,-11,-9,13,3,-5,25,26,31,7,sil
10.595494747161863,29,18,16,0,8,-6,-4,-1,-5,-20,26,19,20,2,sil
10.610742092132568,4,8,14,0,-3,-2,-6,-14,-16,-20,4,-5,-9,-17,sil
10.610742092132568,-20,-5,6,5,-8,9,2,-11,-17,-2,-12,-23,-28,-22,sil
10.626416206359863,-20,-10,-1,6,-7,23,27,0,0,12,-13,-21,-22,-1,sil
10.626416206359863,-20,-29,-18,-14,-14,10,18,6,10,14,-21,-21,-13,0,sil
10.642099618911743,-27,-47,-34,-41,-21,-12,-14,9,0,-5,-36,-24,-16,-17,sil
10.642099618911743,-9,-34,-24,-36,-15,-20,-14,8,-3,-17,-20,-9,-5,-15,sil
10.657238483428957,12,-5,2,-10,1,-14,-2,4,-1,-13,15,21,11,1,sil
10.657238483428957,16,17,23,13,15,0,-2,-5,-7,-9,25,30,11,4,sil
10.672688007354736,9,25,23,33,14,8,0,-15,-10,-7,-2,0,-5,-2,sil
10.672688007354736,-4,15,9,34,5,12,7,-8,-2,6,-24,-18,-24,-4,sil
10.688008546829224,-14,0,-3,23,6,22,15,6,19,37,-5,-6,-5,10,sil
10.688008546829224,-11,-10,-17,-2,3,14,11,15,34,44,1,5,20,27,sil
10.703539848327637,0,-10,-20,-18,0,-3,1,21,34,28,3,7,26,29,sil
10.703539848327637,16,5,-12,-4,8,2,3,20,37,28,32,20,37,25,sil
10.7193706035614,17,13,-4,-4,12,4,1,6,20,12,40,25,37,13,sil
10.7193706035614,5,11,-9,-20,-2,-16,-12,-9,-8,-21,15,10,13,-10,sil
10.734899997711182,-1,16,-2,-10,-6,-23,-19,-25,-30,-25,11,-1,0,-22,sil
10.734899997711182,-6,23,16,14,1,-6,-10,-31,-41,-12,11,-4,-5,-17,sil
10.751016855239868,-12,13,17,24,-6,2,2,-18,-30,-14,-8,-13,-27,-16,sil
10.751016855239868,-17,-4,1,13,-10,2,7,-2,-4,-10,-25,-25,-42,-17,sil
10.767194271087646,-14,-11,0,3,0,9,5,1,11,12,-23,-27,-29,-14,sil
10.767194271087646,-3,-10,5,3,-1,6,2,5,12,20,-20,-16,-19,-4,sil
10.782697200775146,4,-9,1,-1,-8,-1,7,9,3,2,-25,-6,-17,10,sil
10.782697200775146,6,-10,-9,-19,-5,-4,5,8,-1,-16,-23,-2,-2,12,sil
10.79801058769226,0,-15,-14,-37,-10,-17,-7,8,-5,-25,-20,2,3,-1,sil
10.79801058769226,4,-16,-6,-29,-14,-29,-15,10,-7,-22,-7,9,6,-6,sil
10.813447713851929,20,-8,0,-13,0,-15,-8,6,-7,-16,17,19,21,5,sil
10.813447713851929,23,4,7,-6,14,2,0,0,-7,-16,31,30,29,11,sil
10.829509735107422,11,15,9,2,10,1,-7,-9,-13,-26,20,17,11,-1,sil
10.829509735107422,6,17,9,18,5,-3,-18,-2,-14,-21,12,0,0,-10,sil
10.845190525054932,4,13,13,33,12,16,3,10,8,22,25,4,11,2,sil
10.845190525054932,0,8,19,33,12,34,23,3,20,49,18,7,10,12,sil
10.861015796661375,-3,6,14,23,3,20,11,-16,5,20,1,-5,-3,2,sil
10.861015796661375,-3,1,7,21,0,9,3,-19,-1,1,0,-9,-8,0,sil
10.87644386291504,-13,-9,4,9,-3,11,8,-8,1,12,-9,-9,-10,0,sil
10.87644386291504,-16,-9,-5,-6,-10,9,8,0,7,18,-21,-13,-7,0,sil
10.892351865768433,0,0,-15,-13,-11,0,5,9,9,14,-4,-6,0,2,sil
10.892351865768433,3,-4,-18,-13,-5,-7,-4,8,0,0,0,0,0,1,sil
10.9084210395813,-8,-18,-24,-15,0,-10,-12,-1,-2,-15,-20,-7,-13,-3,sil
10.9084210395813,-7,-9,-19,-13,7,-8,-2,3,3,-6,-16,-3,-13,3,sil
10.92392873764038,3,9,-2,-2,12,-5,1,14,14,12,23,16,19,10,sil
10.92392873764038,3,9,2,-6,6,-8,-15,3,5,-1,31,22,33,0,sil
10.93992042541504,0,9,5,-12,0,-15,-20,-14,-24,-27,4,8,3,-16,sil
10.93992042541504,-4,13,13,6,0,-7,0,-22,-31,-17,-10,-12,-17,-20,sil
10.95534634590149,-12,0,7,11,-2,9,15,-13,-11,1,-18,-30,-21,-7,sil
10.95534634590149,-18,-18,-6,-4,-9,16,18,3,4,15,-24,-22,-19,5,sil
10.971136093139648,-14,-19,-6,-2,-6,14,15,19,16,29,-21,-7,-13,5,sil
10.971136093139648,-6,-13,-4,3,-4,5,12,18,29,28,-10,-5,-5,3,sil
10.987270593643188,10,-1,-3,1,-1,-9,2,9,23,4,2,3,7,9,sil
10.987270593643188,23,7,2,-10,-5,-21,-17,10,0,-21,3,21,13,9,sil
11.00311827659607,15,2,-5,-14,-12,-14,-19,10,3,-17,5,15,11,0,sil
11.00311827659607,4,-12,-15,-19,-7,-10,-7,0,7,-8,4,0,6,-6,sil
11.01838755607605,9,-7,-1,-17,0,-12,-6,-6,-4,-19,4,8,10,-4,sil
11.018714666366575,28,24,18,6,7,-7,-11,-9,-7,-18,28,30,26,6,sil
11.034279108047484,24,42,35,33,17,-2,-10,-9,-15,-6,36,28,15,8,sil
11.034279108047484,-3,24,20,44,17,15,14,-5,-10,5,14,-4,-4,-4,sil
11.049888372421265,-15,-12,-18,5,-1,15,21,0,7,6,-5,-23,-2,-1,sil
11.049888372421265,-7,-23,-18,-45,-15,-17,-17,-1,-8,-13,-10,-2,-1,4,sil
11.065351009368896,-3,1,4,-13,-1,-17,-29,-15,-28,-11,13,7,-4,-15,sil
11.065351009368896,-4,19,7,34,12,8,-2,-17,-19,1,20,-10,-12,-23,sil
11.08109211921692,-6,14,2,25,16,19,6,-2,-2,6,1,-17,-14,-2,sil
11.08109211921692,-10,2,0,9,12,23,3,-1,3,12,-10,-12,-8,1,sil
11.097163200378418,-8,-5,5,10,1,23,19,0,0,10,-18,-11,-11,0,sil
11.097163200378418,0,-2,10,15,1,23,45,10,13,19,-19,-10,-5,12,sil
11.112193822860718,0,-9,5,4,2,28,48,12,20,30,-25,-15,-6,19,sil
11.112193822860718,-3,-19,0,-7,-2,29,36,14,21,34,-28,-6,-10,11,sil
11.12760066986084,0,-19,-12,-10,-3,10,18,19,31,27,-7,10,12,10,sil
11.12760066986084,-1,-16,-23,-27,-9,-22,-18,18,15,-7,0,7,19,8,sil
11.14312481880188,0,-11,-18,-33,-17,-35,-44,7,-4,-25,-1,5,7,-2,sil
11.14312481880188,11,-5,-9,-21,-12,-31,-42,-7,-13,-17,5,16,6,-5,sil
11.158605098724363,7,-2,0,-19,-10,-29,-32,-16,-29,-30,1,12,-1,-4,sil
11.158605098724363,-1,6,6,-12,-13,-19,-19,-18,-32,-40,0,2,-6,-10,sil
11.174625158309937,-2,9,5,-1,-12,-14,-14,-22,-24,-31,5,0,-3,-16,sil
11.174625158309937,-1,8,4,0,-5,-17,-15,-25,-31,-26,0,-1,-18,-19,sil
11.190521717071531,-1,13,8,8,10,-7,-3,-14,-25,-15,5,-1,-14,-14,sil
11.190521717071531,-7,11,7,18,16,8,10,1,5,9,14,-2,4,-3,sil
11.206063270568848,-12,1,3,17,5,14,14,20,35,35,3,-1,6,10,sil
11.206063270568848,-3,-4,-2,14,3,16,18,35,56,48,5,7,17,23,sil
11.221912384033203,7,-8,-7,-1,8,8,13,31,50,32,12,13,26,18,sil
11.221912384033203,15,-1,0,-9,7,-5,-2,7,14,5,11,16,16,0,sil
11.23729395866394,19,18,11,15,16,0,-8,-14,-8,-2,17,12,12,-6,sil
11.23729395866394,0,8,8,22,15,16,3,-13,-8,-4,3,-13,-10,-5,sil
11.25263738632202,-23,-22,-14,-2,-2,15,14,2,5,14,-17,-32,-26,-5,sil
11.25263738632202,-8,-22,-34,-20,-12,-4,-2,5,5,15,-6,-14,0,-1,sil
11.268444061279297,13,4,-14,-21,-10,-16,-23,-1,-22,-23,3,-1,6,-6,sil
11.268444061279297,4,19,11,3,-4,3,6,-10,-32,-31,-4,-13,-17,-14,sil
11.284019708633425,-12,8,11,15,-2,21,37,-2,-14,-8,-20,-16,-27,3,sil
11.284019708633425,2,1,5,2,-1,6,21,13,11,3,-4,7,3,29,sil
11.299554586410522,28,10,1,-4,0,-21,-11,5,22,4,26,27,36,19,sil
11.299554586410522,20,22,7,0,-2,-28,-24,-12,-6,-15,14,17,13,-4,sil
11.315582275390623,-2,22,21,22,1,-2,-10,-18,-30,-22,-4,0,-17,-11,sil
11.315582275390623,-6,6,23,34,11,18,3,-18,-26,-7,0,1,-14,-4,sil
11.331377267837524,-1,0,16,21,9,24,9,-13,-17,1,-2,0,-8,-1,sil
11.331377267837524,-9,-4,3,7,1,22,10,-6,-6,4,-14,-13,-17,-4,sil
11.3462975025177,-22,-22,-10,-7,-4,12,6,6,4,4,-22,-20,-23,-2,sil
11.3462975025177,-16,-28,-15,-15,-7,9,14,21,25,22,-16,-11,-4,5,sil
11.361454486846924,-8,-23,-13,-19,-6,9,20,27,43,44,-9,0,14,10,sil
11.361454486846924,-5,-24,-15,-25,-5,1,9,25,36,34,-9,5,14,9,sil
11.377081632614136,0,-25,-25,-22,-6,-11,0,16,20,14,-5,7,13,12,sil
11.392327547073364,3,-18,-20,-25,-6,-19,-11,7,4,0,-7,9,13,10,sil
11.392327547073364,8,-2,-3,-18,-1,-12,-18,2,1,-8,0,13,15,-2,sil
11.392327547073364,12,8,3,-1,5,-11,-16,-4,1,-8,15,15,16,-7,sil
11.407273054122925,13,11,8,0,1,-21,-15,-16,-7,-16,19,8,2,-4,sil
11.42246913909912,11,11,4,-9,-3,-20,-24,-21,-21,-31,16,0,-4,-14,sil
11.42246913909912,7,12,-4,-18,1,-20,-34,-13,-32,-38,18,5,3,-12,sil
11.43820333480835,11,20,3,-5,3,-19,-28,-9,-22,-18,28,16,13,2,sil
11.43820333480835,8,17,12,7,-5,-10,-10,-16,-13,-1,16,0,3,-4,sil
11.453551054000854,-5,5,5,10,-8,1,6,-9,-16,-7,-6,-22,-10,-11,sil
11.453551054000854,-3,12,12,21,7,12,23,10,-1,-4,0,-11,-1,1,sil
11.46919870376587,-1,15,18,29,13,12,20,12,10,7,6,0,2,1,sil
11.46919870376587,-15,-2,0,16,1,5,5,-6,-1,6,-13,-15,-14,-14,sil
11.484367847442629,-15,-4,2,15,0,4,5,-15,-10,0,-18,-14,-18,-11,sil
11.484367847442629,0,12,14,30,3,9,13,-8,0,2,-2,-1,-6,-1,sil
11.4999258518219,-2,9,0,22,-4,6,9,-6,-3,-1,-9,-4,-12,0,sil
11.4999258518219,-11,-5,-7,0,-6,7,4,-1,-6,-3,-24,-7,-22,-2,sil
11.51600456237793,-8,-9,-4,-2,6,13,12,11,15,13,-10,-8,-8,-1,sil
11.51600456237793,-13,-12,-9,-9,9,11,13,15,20,14,-2,-11,-6,5,sil
11.531137943267822,-13,-14,-3,-15,2,16,13,14,7,6,-11,-3,-11,15,sil
11.531137943267822,3,-2,3,3,8,24,23,20,22,26,0,9,7,15,sil
11.546212911605837,9,0,-2,2,10,8,19,18,29,14,9,13,12,13,sil
11.546212911605837,0,-7,-9,-13,-4,-1,5,7,15,-15,0,5,0,10,sil
11.561984539031982,-1,-7,-7,-10,-12,1,0,2,9,0,-3,1,0,7,sil
11.561984539031982,3,-7,-4,-8,-5,1,-8,0,2,23,2,5,6,9,sil
11.577076196670532,8,-16,-8,-14,-2,3,-14,-2,-2,15,6,3,12,8,sil
11.577076196670532,6,-20,-11,-16,-9,-3,-17,1,0,5,5,8,16,2,sil
11.59234857559204,11,-2,-1,-15,-10,-18,-22,7,0,6,16,20,30,1,sil
11.59234857559204,20,13,6,-12,-1,-17,-25,2,-4,-3,28,19,36,1,sil
11.608011484146118,20,8,1,-12,0,-15,-20,-5,-6,-13,19,7,22,0,sil
11.608011484146118,12,0,-6,-9,-8,-30,-16,-15,-7,-21,6,4,10,-8,sil
11.62303900718689,6,8,0,-5,-10,-38,-24,-25,-29,-43,-2,5,-3,-18,sil
11.62303900718689,5,23,18,15,3,-18,-22,-20,-39,-50,-7,1,-24,-18,sil
11.638506650924684,2,28,27,40,15,7,0,-13,-20,-20,-9,-8,-32,-15,sil
11.638506650924684,-8,18,13,37,14,17,18,-14,-7,2,-16,-20,-29,-14,sil
11.654239654541016,-17,6,3,21,10,24,25,-10,-7,8,-15,-21,-21,-3,sil
11.654239654541016,-16,0,4,17,8,28,25,3,2,23,-8,-15,-13,3,sil
11.669994115829468,-15,-5,-4,12,7,20,25,12,23,37,-5,-20,-3,3,sil
11.669994115829468,-18,-18,-23,-7,0,2,20,18,30,30,-12,-20,1,9,sil
11.686111450195312,-11,-22,-23,-24,-10,-6,13,24,27,17,-11,-3,6,14,sil
11.686111450195312,1,-14,-7,-22,-8,-9,-1,16,19,10,4,10,16,7,sil
11.701308488845823,3,-9,0,-28,-5,-22,-21,0,-4,-7,8,14,14,0,sil
11.701308488845823,2,-2,0,-29,-11,-24,-21,-10,-20,-25,6,16,5,-4,sil
11.717529296875,11,10,7,-5,-9,-9,-12,-10,-16,-25,17,21,7,-2,sil
11.717529296875,14,17,16,7,3,-1,-10,-7,-19,-20,25,17,10,0,sil
11.733137369155884,0,4,8,0,8,1,-1,-10,-16,-11,16,-3,0,-5,sil
11.733137369155884,-13,-3,3,1,2,14,10,-9,-5,-7,-2,-16,-16,-11,sil
11.74839735031128,-7,6,12,24,6,32,21,3,0,-2,-11,-12,-16,0,sil
11.74839735031128,-5,-1,6,25,8,33,22,3,0,4,-15,-11,-16,4,sil
11.763922929763794,-14,-26,-7,3,-5,13,6,-2,2,10,-21,-12,-22,0,sil
11.763922929763794,-6,-18,-4,4,-10,2,4,8,15,24,-15,-4,-5,3,sil
11.77915620803833,7,0,-1,8,-1,2,15,18,23,32,-8,0,4,15,sil
11.77915620803833,1,-7,-19,-6,-5,-7,5,8,14,14,-10,1,-1,7,sil
11.79521417617798,-5,-9,-28,-13,-9,-20,-16,4,6,0,-4,8,1,-5,sil
11.79521417617798,7,10,-10,-7,0,-17,-18,12,14,6,14,16,18,0,sil
11.810353994369509,23,23,0,0,11,-7,-12,8,17,6,36,22,30,14,sil
11.810353994369509,21,17,0,-2,7,-13,-22,-2,-3,-17,31,26,26,9,sil
11.82589030265808,16,13,7,-2,0,-20,-28,-11,-20,-25,16,20,16,-6,sil
11.82589030265808,16,20,17,9,2,-8,-17,-16,-14,-18,10,5,10,-11,sil
11.841076850891112,7,26,22,16,12,11,0,-5,-8,-17,1,-4,-2,0,sil
11.857309103012083,-1,15,18,17,15,26,18,11,7,13,-3,-8,-5,6,sil
11.857309103012083,-6,-7,7,12,4,21,21,6,12,33,-5,-13,-2,0,sil
11.857309103012083,-8,-13,7,4,0,14,15,-9,-8,2,-21,-20,-15,-5,sil
11.872490167617798,-2,-3,3,7,3,16,15,-13,-10,-7,-29,-23,-24,-11,sil
11.888260841369627,-8,-13,-15,0,-1,9,14,-4,0,8,-22,-23,-17,-14,sil
11.888260841369627,-25,-39,-29,-28,-16,-4,11,1,-1,9,-14,-17,-9,0,sil
11.903371810913086,-23,-38,-29,-49,-24,-16,0,0,0,2,-14,-8,-3,11,sil
11.903371810913086,-6,-21,-25,-42,-23,-26,-17,-1,0,-5,-16,-6,0,-2,sil
11.919009447097778,-2,-20,-22,-34,-16,-30,-19,1,-3,-18,-5,-4,2,-8,sil
11.919009447097778,0,-12,-15,-30,-7,-24,-9,3,1,-17,20,10,17,3,sil
11.93414306640625,11,12,1,-5,2,-15,-10,-3,0,-7,33,23,22,2,sil
11.93414306640625,2,20,21,18,11,0,-11,-10,-15,-16,6,6,-12,-13,sil
11.949987649917604,-15,17,21,32,13,20,1,-10,-17,-22,-15,-17,-44,-17,sil
11.949987649917604,-11,20,18,43,16,32,23,-10,-2,0,2,-7,-25,-4,sil
12.461169719696043,6,-10,-18,-19,4,-8,-17,-1,0,-1,3,10,4,-5,sil
12.461169719696043,8,-1,-7,-15,0,-14,-17,-6,-10,-9,7,3,2,-8,sil
12.476385116577148,12,13,0,-2,-1,0,1,-8,-3,-7,23,3,10,-2,sil
12.476385116577148,13,13,17,-1,4,1,0,-7,-16,-33,11,6,-2,-2,sil
12.491613149642944,4,6,34,2,8,0,-3,-7,-26,-40,-9,4,-24,-7,sil
12.491613149642944,-6,0,-1,31,8,17,16,-14,0,7,-2,-18,-14,-9,sil
12.50727367401123,-19,-20,-19,14,-3,11,8,-9,-6,9,-22,-30,-26,2,sil
12.50727367401123,-22,-28,24,-27,-18,-1,-11,11,-29,-17,-50,-8,-48,15,sil
12.523015022277832,-8,-17,8,-15,-10,12,14,21,18,22,-12,0,-2,17,sil
12.523015022277832,7,-11,-34,-6,0,0,17,12,49,43,20,1,37,24,sil
12.53806757926941,21,-2,-6,-25,-4,-29,-15,12,6,-1,11,19,24,28,sil
12.53806757926941,33,15,16,-6,-1,-16,-16,9,-5,-12,24,27,25,12,sil
12.553427696228027,29,28,9,15,8,-8,-13,-9,0,-8,34,22,26,0,sil
12.553427696228027,12,27,14,13,9,-19,-27,-12,-18,-25,10,9,0,-7,sil
12.569210767745972,0,18,9,20,7,-7,-10,-6,-16,-11,-4,-11,-12,-14,sil
12.569210767745972,-10,2,1,21,6,10,13,-8,0,11,-10,-21,-13,-12,sil
12.58492374420166,-16,-6,8,19,2,20,26,-1,7,15,-10,-13,-7,-4,sil
12.58492374420166,-16,-13,0,16,-3,31,30,7,16,22,-1,-11,10,0,sil
12.600099563598633,-22,-24,-16,-11,-12,22,20,17,20,23,-8,-12,10,4,sil
12.600099563598633,-20,-23,-19,-27,-9,4,12,29,25,22,-11,-2,7,7,sil
12.616114377975464,-7,-18,-21,-25,-7,-2,0,25,24,15,4,8,16,-1,sil
12.616114377975464,2,-6,-16,-34,-17,-12,-18,8,6,-8,5,12,13,-17,sil
12.63139033317566,16,20,-2,-20,-7,-23,-23,-9,-5,-22,2,17,10,-18,sil
12.63139033317566,23,32,11,9,9,-22,-19,-18,-16,-19,11,23,7,-13,sil
12.647313594818115,11,26,18,14,8,-10,-9,-13,-29,-13,14,15,-5,-16,sil
12.647313594818115,-2,23,8,6,6,2,4,-14,-25,-9,6,-4,-20,-22,sil
12.663328170776367,-10,16,0,7,11,10,6,-23,-16,-13,-6,-19,-24,-19,sil
12.663328170776367,-7,4,8,27,16,16,3,-18,-5,0,-8,-16,-15,-5,sil
12.678989887237549,3,-3,18,34,16,19,8,-2,0,13,-5,-7,-17,15,sil
12.678989887237549,7,-7,15,27,8,23,19,5,2,6,-3,-8,-22,24,sil
12.694040298461914,0,-18,0,18,1,25,29,6,16,14,-7,-17,-8,24,sil
12.694040298461914,-12,-36,-19,-10,-7,7,18,11,17,24,-18,-20,2,26,sil
12.70927596092224,-14,-39,-36,-31,-13,-12,-4,10,12,15,-14,-8,6,25,sil
12.70927596092224,-1,-18,-30,-26,-9,-21,-18,5,13,2,-4,11,11,19,sil
12.725197792053224,9,-5,-10,-27,-7,-24,-20,0,3,-4,0,18,18,11,sil
12.725197792053224,7,-9,-13,-36,-20,-32,-22,-1,-8,-9,8,15,22,1,sil
12.74075698852539,1,-5,-16,-35,-28,-30,-22,5,-4,-15,18,14,17,-1,sil
12.74075698852539,0,7,0,-13,-10,-12,-13,1,-4,-19,16,9,9,-11,sil
12.756638050079346,5,19,18,7,9,0,-7,-10,-18,-24,5,7,-1,-19,sil
12.756638050079346,18,33,31,20,18,10,-2,-3,-15,-15,11,16,0,-5,sil
12.7719624042511,17,38,34,29,26,17,3,1,-2,0,29,18,9,0,sil
12.7719624042511,0,24,26,29,25,13,1,-7,-12,-9,14,3,-5,-15,sil
12.787277936935425,-9,13,16,29,16,14,6,-13,-17,-17,-8,-12,-24,-19,sil
12.787277936935425,-9,1,8,19,3,13,13,-13,-7,-1,-19,-22,-26,-9,sil
12.802947759628296,-16,-15,-1,1,-19,-1,7,-8,-8,5,-35,-30,-32,-12,sil
12.802947759628296,-23,-21,-14,-5,-28,-5,9,1,-2,4,-38,-32,-25,-14,sil
12.818157196044922,-15,-18,-14,-6,-13,7,15,16,13,12,-20,-18,-8,1,sil
12.83329725265503,4,-14,-5,-8,0,7,10,22,34,24,-2,0,5,19,sil
12.83329725265503,12,-12,-7,-15,-1,-6,-1,17,36,16,0,7,14,15,sil
12.848970890045166,-1,-15,-17,-28,-7,-14,-10,15,17,4,-2,11,19,1,sil
12.848970890045166,-3,-14,-24,-26,-3,-15,-15,10,7,5,10,20,32,-5,sil
12.86427903175354,9,2,-14,-13,1,-17,-22,0,0,0,25,21,38,-3,sil
12.86427903175354,18,24,13,9,9,0,-12,0,-8,-3,28,18,18,5,sil
12.87991499900818,15,32,28,32,19,16,6,-1,-5,1,23,10,-2,4,sil
12.87991499900818,11,28,18,32,15,13,13,-10,-3,3,15,0,0,0,sil
12.895995378494264,5,16,6,27,10,21,24,-13,0,8,6,-4,0,4,sil
12.895995378494264,-7,-6,-2,14,6,33,35,-6,-1,3,-11,-16,-21,5,sil
12.912029266357422,-19,-17,-6,1,-7,23,29,-3,-2,4,-22,-21,-23,0,sil
12.912029266357422,-8,-8,-4,0,-14,11,15,0,13,27,-11,-8,-2,11,sil
12.928236961364746,3,-6,-4,-1,0,2,0,14,23,32,-1,3,2,28,sil
12.928236961364746,0,-16,-14,-12,5,-11,-9,12,14,14,-3,1,0,18,sil
12.9441876411438,-9,-24,-20,-25,-7,-25,-18,0,0,-8,-13,-2,0,-3,sil
12.9441876411438,-6,-14,-7,-25,-9,-30,-26,-5,-8,-26,-8,-1,0,-13,sil
12.959564685821531,1,0,0,-17,3,-27,-32,-8,-14,-26,8,2,5,-10,sil
12.959564685821531,10,7,0,-15,0,-27,-32,-9,-22,-24,17,14,8,-7,sil
12.97508692741394,15,13,10,-5,-6,-21,-22,-8,-26,-28,23,21,13,-8,sil
12.97508692741394,10,12,13,1,0,-16,-20,-14,-37,-39,22,7,5,-15,sil
12.991037368774414,0,7,11,7,6,-4,-14,-21,-44,-39,8,-2,-17,-22,sil
12.991037368774414,-8,9,16,23,7,15,4,-22,-27,-15,-4,-7,-23,-23,sil
13.0073401927948,-10,6,10,19,-1,32,22,-1,-2,0,-16,-17,-13,-5,sil
13.0073401927948,-6,-3,-4,1,-6,34,37,20,19,10,-16,-12,-2,15,sil
13.022505760192873,-7,-14,-5,-6,-10,17,38,22,30,25,-18,0,-3,12,sil
13.022505760192873,-9,-13,0,-11,-25,-7,14,10,22,22,-24,-4,-8,0,sil
13.037638425827026,5,1,1,-7,-25,-17,-4,7,18,8,-11,-4,9,11,sil
13.037638425827026,20,14,-1,-4,4,-8,-6,16,24,10,9,17,33,22,sil
13.053632497787476,14,9,-8,-5,30,-4,-10,5,16,10,19,23,28,3,sil
13.053632497787476,0,9,1,2,27,-5,-22,-14,-13,-10,14,3,-6,-15,sil
13.069392204284668,-2,24,24,27,13,13,-2,-11,-15,-8,5,-5,-25,-8,sil
13.069392204284668,-4,17,18,36,10,35,32,1,15,31,-2,-7,-16,5,sil
13.084907293319702,-16,-14,-11,11,7,24,25,4,19,40,-13,-19,-18,9,sil
13.084907293319702,-23,-30,-27,-5,0,5,0,3,13,18,-18,-23,-22,0,sil
13.099923133850098,-22,-30,-27,-14,-6,-3,-5,3,16,-1,-24,-17,-11,-10,sil
13.099923133850098,-14,-30,-19,-25,-10,-10,-4,4,5,-7,-26,-12,0,-6,sil
13.115488052368164,4,-20,-15,-17,-5,-12,-7,9,1,2,-3,0,17,3,sil
13.115488052368164,14,-6,-6,-9,-3,-15,-11,16,1,1,20,17,32,8,sil
13.131194353103638,9,0,7,-1,0,-10,-6,7,-7,-4,29,25,28,6,sil
13.131194353103638,12,12,11,7,0,-5,-2,-5,-12,-2,29,22,18,6,sil
13.14630126953125,21,24,13,5,-5,-3,-3,1,-5,-6,23,25,18,10,sil
13.14630126953125,24,22,17,1,-4,-1,0,0,2,-6,16,25,22,8,sil
13.161985635757446,14,9,11,1,0,-5,1,-13,-7,-5,7,10,6,0,sil
13.161985635757446,-1,7,10,4,-1,-4,3,-13,-21,-11,0,-5,-14,-3,sil
13.177133798599243,-5,11,16,14,-2,8,4,-13,-16,-19,-1,-8,-17,-5,sil
13.177133798599243,6,15,15,11,0,15,0,-24,-12,-20,5,-1,-10,-7,sil
13.193048238754272,3,9,1,-9,3,14,-1,-18,-20,-8,-1,-10,-11,-8,sil
13.193048238754272,-25,-13,-14,-20,2,13,8,0,-15,2,-33,-36,-33,-11,sil
13.208257913589478,-30,-25,-24,1,-2,8,12,8,10,13,-36,-34,-27,-3,sil
13.208257913589478,0,-7,-20,5,-5,-12,-3,8,15,13,-1,-2,5,8,sil
13.22382926940918,9,0,-11,-16,-8,-30,-20,12,0,-4,5,5,8,0,sil
13.22382926940918,1,-8,-14,-17,-5,-21,-13,12,9,-9,-5,0,1,-9,sil
13.2393319606781,4,-9,-14,-12,0,-10,-7,11,17,1,4,10,14,0,sil
13.2393319606781,6,0,0,-8,1,-11,-12,0,-2,0,19,17,18,-3,sil
13.254929780960085,0,18,14,15,5,-7,-14,-17,-14,-12,18,8,4,-12,sil
13.254929780960085,1,29,25,25,8,0,-13,-15,-15,-17,10,6,-5,-1,sil
13.2701416015625,3,19,29,24,16,14,5,-4,-5,0,6,8,-5,7,sil
13.2701416015625,0,5,20,28,21,28,21,-3,8,11,-2,2,-8,7,sil
13.285643815994264,-6,8,16,28,14,28,20,-2,12,2,-9,-4,-10,5,sil
13.285643815994264,-8,2,14,21,8,26,23,2,12,12,-5,-6,-3,4,sil
13.301307201385498,-7,-15,0,5,0,28,38,17,21,44,-5,2,4,17,sil
13.301307201385498,-6,-24,-17,-16,-10,12,34,23,24,43,-8,2,1,24,sil
13.317339897155762,-14,-28,-21,-30,-15,-8,11,10,6,5,-22,-17,-20,3,sil
13.317339897155762,-16,-28,-20,-24,-20,-4,6,10,8,2,-34,-24,-22,-7,sil
13.333320379257202,-8,-31,-26,-26,-23,-10,-1,14,16,11,-25,-10,0,-2,sil
13.333320379257202,-4,-28,-28,-43,-17,-35,-32,-5,-12,-21,-11,-4,5,-12,sil
13.34889817237854,2,-6,-18,-31,-2,-34,-43,-22,-30,-40,7,0,10,-18,sil
13.34889817237854,13,7,-12,-16,-2,-25,-39,-14,-24,-28,19,13,19,-12,sil
13.363909244537354,17,6,-6,-14,-9,-35,-43,-10,-25,-25,22,22,18,-11,sil
13.363909244537354,24,23,14,4,4,-20,-23,-5,-11,-18,39,34,32,0,sil
13.3799467086792,26,34,33,20,20,10,4,8,7,-5,41,31,38,13,sil
13.3799467086792,12,26,25,25,18,23,13,4,6,6,13,0,13,9,sil
13.396031856536863,4,23,17,39,19,25,16,-3,0,18,-7,-19,-10,7,sil
13.396031856536863,0,19,16,35,16,27,19,4,4,14,-14,-16,-22,4,sil
13.411198139190674,-12,-1,-1,3,2,21,14,-1,3,2,-24,-24,-31,-12,sil
13.411198139190674,-12,-5,-2,0,-4,11,12,-10,-4,2,-25,-25,-35,-12,sil
13.427216053009031,-3,7,12,26,0,15,23,6,10,20,-11,-9,-21,7,sil
13.427216053009031,-3,0,2,20,0,10,18,22,31,29,-3,1,-2,16,sil
13.443103313446043,1,-6,-5,-6,-7,-3,2,18,28,11,9,16,17,15,sil
13.443103313446043,7,0,-2,-10,-4,-14,-8,-3,2,-6,32,27,32,4,sil
13.458269596099854,-5,-1,-7,-15,-9,-25,-25,-28,-33,-29,21,11,5,-17,sil
13.458269596099854,-14,-7,-1,-10,-14,-15,-22,-29,-42,-42,-2,-8,-21,-23,sil
13.47366976737976,-9,-7,7,9,-1,11,5,-9,-12,-12,-7,-12,-14,-4,sil
13.47366976737976,-11,-17,-8,0,2,12,20,11,11,27,-9,-8,-3,11,sil
13.48922872543335,-11,-27,-26,-26,-8,-10,3,17,14,28,-4,0,4,12,sil
13.48922872543335,2,-15,-25,-35,-14,-34,-25,3,-2,-12,5,8,13,1,sil
13.5043683052063,15,10,-9,-17,-5,-30,-29,-20,-29,-40,6,11,5,-12,sil
13.5043683052063,8,15,8,5,3,0,-4,-24,-40,-30,-5,1,-18,-17,sil
13.52000093460083,0,2,18,12,12,24,13,0,-17,-9,-12,-5,-22,-5,sil
13.5351083278656,3,6,17,26,24,34,28,18,26,14,-1,-2,0,11,sil
13.5351083278656,-1,8,10,24,19,37,41,21,45,38,-7,-11,2,13,sil
13.55120325088501,-11,-10,-1,-4,3,24,33,25,36,47,-18,-18,0,9,sil
13.55120325088501,-4,-20,-11,-16,1,1,10,19,31,40,-9,-6,11,12,sil
13.55120325088501,-1,-14,-6,-10,4,-10,-4,7,19,21,-10,1,11,8,sil
13.565903186798096,-5,-15,-7,-14,-9,-10,-4,0,8,3,-16,0,5,0,sil
13.582011222839355,3,-12,-12,-23,-31,-20,-17,1,8,-6,-2,7,11,2,sil
13.582011222839355,15,7,-3,-10,-22,-22,-32,0,1,-7,19,19,18,0,sil
13.598607063293455,13,21,4,6,6,-16,-34,-16,-18,-20,29,17,21,-12,sil
13.598607063293455,14,19,10,2,9,-21,-33,-17,-28,-45,31,23,18,-5,sil
13.614219188690186,29,25,20,8,1,-22,-23,-8,-14,-27,43,41,22,3,sil
13.614219188690186,27,34,29,28,9,-9,-11,-13,-14,-6,37,27,10,-7,sil
13.6293523311615,0,24,23,29,13,1,-5,-20,-31,-26,1,-14,-21,-17,sil
13.6293523311615,-16,5,6,22,3,6,3,-15,-22,-19,-17,-28,-29,-8,sil
13.64488410949707,-13,3,0,19,2,16,16,-4,-2,12,-9,-15,-15,1,sil
13.64488410949707,-19,3,0,17,9,24,20,-1,-2,11,-8,-24,-22,-6,sil
13.660431385040283,-28,-10,-12,2,1,20,13,-3,-15,-5,-27,-43,-40,-16,sil
13.660431385040283,-18,-25,-27,-17,-11,14,13,3,-8,7,-36,-31,-28,-6,sil
13.67594861984253,-8,-20,-18,-17,-9,16,21,13,8,16,-30,-8,-11,7,sil
13.67594861984253,-11,-15,-6,-7,-4,15,26,17,12,0,-30,-11,-22,7,sil
13.691490173339844,-10,-20,-15,-4,-7,13,32,14,23,11,-26,-18,-19,5,sil
13.691490173339844,-7,-34,-27,-30,-11,1,15,10,32,29,-23,-3,0,9,sil
13.707031965255736,-5,-33,-21,-46,-9,-16,-13,16,19,11,-14,15,13,11,sil
13.707031965255736,11,-11,-6,-21,0,-20,-15,17,17,6,14,26,36,14,sil
13.722418069839478,28,2,5,-8,-1,-20,-10,9,14,5,36,35,51,16,sil
13.722418069839478,24,6,7,-9,-9,-19,-19,2,1,-9,44,41,45,10,sil
13.738242864608765,16,19,10,4,-1,-18,-28,-6,-10,-13,46,33,31,1,sil
13.738242864608765,13,31,22,17,11,-11,-16,-14,-17,-13,28,12,10,-9,sil
13.753239154815674,11,33,29,24,16,2,1,-16,-15,-19,10,0,1,-12,sil
13.753239154815674,2,30,32,32,16,11,7,-11,-8,-7,14,2,0,-4,sil
13.768879652023315,-10,17,23,28,9,15,7,-9,-7,17,7,-9,-13,-5,sil
13.768879652023315,-27,-5,-2,11,-2,19,2,-16,-12,10,-24,-38,-39,-23,sil
13.783960342407228,-41,-15,-22,2,-7,14,-2,-17,-15,-6,-37,-46,-48,-31,sil
13.783960342407228,-29,-10,-20,4,-3,5,11,-1,1,15,-16,-31,-23,-11,sil
13.799201011657717,0,-8,-9,-3,1,2,24,21,26,32,-5,-10,0,17,sil
13.799201011657717,21,-3,-3,-13,6,0,7,25,36,19,-3,12,13,24,sil
13.815237760543823,25,0,-6,-9,8,-10,-8,11,24,2,2,22,22,16,sil
13.815237760543823,26,-3,-4,-7,2,-14,-7,13,6,-3,3,19,22,19,sil
13.8309223651886,23,0,1,-10,-1,-11,-12,9,5,-2,7,19,24,21,sil
13.8309223651886,19,7,5,-17,0,-18,-24,-7,-3,-15,17,30,24,8,sil
13.845960140228271,18,16,16,-1,4,-11,-18,-14,-23,-26,27,35,17,0,sil
13.845960140228271,9,23,24,21,10,6,-1,-17,-33,-20,23,13,-2,-8,sil
13.862027406692505,-6,15,18,18,3,6,1,-23,-34,-25,-2,-15,-28,-18,sil
13.862027406692505,-17,0,8,14,-6,11,11,-14,-24,-20,-17,-23,-35,-11,sil
13.877210140228271,-26,-13,-4,9,-12,21,24,0,-7,0,-23,-28,-27,-7,sil
13.877210140228271,-30,-26,-21,-6,-15,13,25,8,7,13,-31,-28,-19,-12,sil
13.89249587059021,-22,-30,-30,-14,-11,0,14,14,14,18,-28,-19,-12,-1,sil
13.89249587059021,-14,-25,-29,-23,-7,-1,1,21,11,10,-22,-15,-8,5,sil
13.908177614212036,-9,-27,-27,-33,-10,-10,-12,11,9,-12,-14,-7,4,-5,sil
13.908177614212036,3,-17,-15,-26,-10,-31,-33,-3,-1,-31,-2,10,14,-9,sil
13.92395830154419,17,20,17,3,-1,-23,-31,-13,-12,-17,15,18,14,-4,sil
13.92395830154419,15,36,40,36,10,12,0,-18,-5,10,20,7,8,-6,sil
13.93943691253662,-3,5,21,30,13,26,20,-9,-1,21,-9,-6,-9,-2,sil
13.93943691253662,-15,-13,-7,7,8,19,17,1,6,29,-22,-12,-16,8,sil
13.955080032348633,-4,0,-7,-2,2,8,12,15,29,34,2,0,3,16,sil
13.955080032348633,12,7,1,-3,3,-4,12,31,38,24,22,14,25,19,sil
13.970935106277466,14,0,-4,-10,0,-15,-2,23,20,4,27,19,26,12,sil
13.970935106277466,3,5,-5,-14,-11,-17,-27,0,0,-10,31,16,15,-3,sil
13.98629117012024,0,15,5,3,-7,-5,-23,-17,-6,-8,30,7,7,-11,sil
13.98629117012024,2,9,6,16,8,4,-2,-19,-15,-13,10,-7,-6,-11,sil
14.00193166732788,-9,-5,0,8,8,2,6,-14,-22,-19,-18,-20,-25,-11,sil
14.00193166732788,-29,-19,-12,-6,-4,7,13,-11,-5,2,-39,-27,-26,-9,sil
14.018015384674072,-21,-22,-22,-23,-14,7,10,0,0,12,-37,-22,-17,0,hello
14.018015384674072,15,0,-8,-11,-4,-5,0,13,-2,3,4,11,11,14,hello
14.03338360786438,39,26,17,12,13,-11,-6,12,1,-2,43,48,41,22,hello
14.03338360786438,30,27,31,14,17,-6,-9,5,0,-13,41,48,40,12,hello
14.049120903015137,17,25,29,20,15,0,-3,-1,-7,-14,27,21,19,-1,hello
14.049120903015137,10,26,27,33,15,16,10,-11,-13,-4,7,0,-8,0,hello
14.06920075416565,0,7,14,25,7,27,26,-7,-9,10,-14,-11,-25,8,hello
14.06920075416565,-10,-17,-11,-2,-6,11,23,3,2,23,-28,-24,-24,7,hello
14.079941272735596,-16,-25,-27,-26,-8,4,7,13,18,17,-30,-23,-19,1,hello
14.079941272735596,-12,-23,-26,-31,-3,3,2,13,29,4,-21,-10,-4,1,hello
14.09543514251709,-3,-24,-23,-37,-16,-21,-5,2,11,-9,-16,-4,0,-5,hello
14.09543514251709,2,-12,-18,-37,-28,-35,-26,-10,-18,-25,-11,-1,-3,-17,hello
14.110631465911863,5,1,-5,-19,-7,-20,-36,-16,-28,-35,4,1,0,-17,hello
14.110631465911863,1,5,10,3,13,-4,-25,-16,-26,-29,13,-2,-3,-13,hello
14.12626886367798,-8,10,14,27,9,9,-5,-15,-13,-4,0,-17,-21,-16,hello
14.141381740570068,-16,13,12,37,2,20,8,-1,5,20,-13,-18,-18,-8,hello
14.141381740570068,-14,5,11,32,7,25,32,15,22,37,-4,-6,1,11,hello
14.157145977020264,-12,-9,-2,15,8,23,44,21,28,38,-2,-5,0,19,hello
14.157145977020264,-12,-17,-15,-10,-6,3,19,20,24,16,-18,-4,-3,7,hello
14.172952890396118,0,-11,-10,-22,-15,-15,1,15,21,-4,0,11,23,0,hello
14.172952890396118,13,-7,-1,-23,-8,-23,-5,10,9,-13,32,24,40,3,hello
14.18914246559143,14,0,1,-17,-3,-22,-29,-1,-3,-13,26,20,23,1,hello
14.18914246559143,11,17,6,7,-3,-17,-46,-28,-17,-16,7,10,5,-11,hello
14.20460057258606,11,26,19,25,4,-2,-23,-38,-34,-17,10,6,2,-3,hello
14.20460057258606,9,19,27,25,15,20,12,-18,-25,2,17,11,8,16,hello
14.220274686813354,0,0,12,18,6,27,22,0,-2,21,-1,4,-1,16,hello
14.220274686813354,-8,-16,-13,5,-4,8,14,11,7,16,-19,-10,-19,6,hello
14.235450267791748,-4,-18,-24,-15,-3,-16,-3,16,11,4,-8,-6,-8,3,hello
14.235450267791748,3,-15,-14,-33,-5,-27,-29,16,6,-8,4,8,10,-2,hello
14.251360177993774,3,-6,-7,-18,-5,-18,-31,1,-2,-22,11,9,11,-15,hello
14.251360177993774,-5,8,-2,0,4,-5,-10,-13,-14,-31,5,-1,-12,-19,hello
14.266965389251707,-10,15,7,8,11,9,12,-7,-23,-20,-9,-14,-32,-16,hello
14.266965389251707,-9,6,6,17,11,26,27,-1,-9,-2,-18,-26,-25,-11,hello
14.282561779022217,-16,-7,-5,10,6,23,26,-5,2,1,-25,-31,-23,-7,hello
14.282561779022217,-15,-10,-7,1,-1,9,25,0,5,14,-25,-23,-28,2,hello
14.297756671905518,-3,-6,-10,-2,-1,1,22,16,19,36,-6,-3,-6,12,hello
14.297756671905518,6,-5,-12,-14,-7,-4,5,27,37,35,17,16,29,14,hello
14.313436508178713,18,-3,-3,-15,-15,-13,-12,15,32,18,31,30,48,11,hello
14.313436508178713,21,7,6,-11,-11,-22,-23,-3,-3,-7,28,31,34,0,hello
14.328934907913208,12,22,12,-3,5,-17,-21,-12,-25,-18,27,19,18,-8,hello
14.328934907913208,14,32,21,18,16,-1,-9,-9,-18,-12,22,6,11,0,hello
14.345022439956663,19,27,30,34,9,13,2,-9,-12,-14,2,1,1,13,hello
14.345022439956663,4,7,16,24,0,24,16,-13,-10,-2,-15,-8,-9,7,hello
14.360161781311035,-10,-6,0,5,0,31,24,-2,0,19,-31,-23,-17,11,hello
14.360161781311035,-8,-16,-8,-3,5,26,22,7,20,25,-35,-20,-14,26,hello
14.375768899917604,-12,-38,-24,-28,-6,0,7,6,21,14,-35,-14,-15,11,hello
14.375768899917604,-20,-46,-38,-57,-22,-24,-15,6,4,-8,-36,-20,-24,-17,hello
14.391252517700195,-5,-16,-25,-42,-11,-25,-27,2,-1,-25,-12,-5,-7,-20,hello
14.391252517700195,19,13,6,-9,9,-14,-19,0,0,-17,24,26,14,-7,hello
14.407002687454224,21,24,24,9,15,-9,-9,0,-1,-6,37,31,16,-9,hello
14.407002687454224,4,25,20,19,12,-4,-7,-9,-8,-16,27,12,9,-13,hello
14.422562837600708,-3,22,28,30,9,8,5,-10,-15,-10,22,8,7,0,hello
14.422562837600708,-7,12,31,45,7,20,21,-6,-8,14,10,0,-2,6,hello
14.438146114349363,-21,-9,3,31,2,15,13,-1,-2,12,-24,-28,-28,-7,sil
14.438146114349363,-28,-23,-26,4,-4,5,10,15,17,12,-28,-30,-16,-8,sil
14.453534841537476,-16,-22,-35,-9,-18,-6,12,29,38,24,2,-2,19,8,sil
14.453534841537476,-1,-24,-25,-23,-29,-19,-6,23,23,8,13,13,23,11,sil
14.468709230422974,8,-20,-12,-25,-20,-18,-15,8,9,0,21,17,23,4,sil
14.468709230422974,10,-2,-6,-10,-5,-22,-23,-10,-8,-5,24,15,22,-11,sil
14.484730005264282,6,20,5,3,2,-18,-29,-27,-42,-34,9,5,-3,-32,sil
14.484730005264282,6,34,22,13,11,0,-15,-27,-52,-36,4,-6,-16,-25,sil
14.50021767616272,0,26,17,15,8,3,-9,-21,-42,-22,4,-11,-10,-5,sil
14.50021767616272,-3,12,6,20,0,4,-7,-23,-30,-16,-6,-2,-10,0,sil
14.51622724533081,-3,3,12,17,1,20,12,-10,-3,7,-14,7,-12,12,sil
14.51622724533081,-4,-11,3,0,4,23,27,16,29,38,-11,4,-4,31,sil
14.532188653945925,0,-25,-18,-18,3,7,12,30,39,28,-12,0,2,29,sil
14.532188653945925,18,-14,-14,-23,0,-5,-6,23,20,-7,-12,8,3,19,sil
14.547324657440186,25,9,2,-9,2,-12,-8,0,-6,-21,0,14,1,7,sil
14.547324657440186,8,15,5,4,6,-3,3,-19,-21,-11,-3,1,-11,-10,sil
14.562407732009888,-6,4,4,6,3,22,29,-3,2,17,-21,-15,-24,-11,sil
14.562407732009888,-4,-8,-4,3,5,28,41,17,37,41,-26,-24,-18,3,sil
14.57758378982544,1,-11,-20,-10,7,0,9,20,32,21,-15,-12,0,7,sil
14.57758378982544,6,-7,-18,-33,0,-23,-19,9,7,0,16,11,26,0,sil
14.592896938323976,9,-2,1,-42,1,-13,-14,-1,-2,1,39,16,31,-1,sil
14.592896938323976,0,6,20,-9,5,13,10,-4,0,2,12,-3,2,2,sil
14.608989000320436,-18,1,10,23,4,32,29,-1,15,8,-22,-20,-13,0,sil
14.608989000320436,-19,-18,-9,4,0,20,22,8,23,17,-18,-13,0,0,sil
14.62509536743164,-2,-15,-14,-10,-7,-3,1,15,18,21,7,0,16,8,sil
14.62509536743164,0,-5,-12,1,-17,-23,-17,8,5,8,4,0,13,2,sil
14.640238285064695,-10,-8,-8,0,-19,-26,-20,2,-1,-13,-5,0,4,-14,sil
14.640238285064695,0,-1,4,-10,-8,-17,-13,0,-3,-22,14,8,17,-11,sil
14.65600848197937,16,13,20,-4,-4,-20,-24,-5,-24,-33,24,14,19,-3,sil
14.65600848197937,14,23,25,23,0,-21,-35,-13,-43,-46,16,16,4,-13,sil
14.671442031860352,0,33,18,46,7,-7,-28,-26,-35,-41,20,15,-4,-20,sil
14.671442031860352,-2,33,17,41,10,3,-17,-27,-27,-24,22,5,-11,-15,sil
14.68756866455078,2,25,22,36,9,6,-9,-21,-31,-15,6,-8,-19,-13,sil
14.68756866455078,-4,12,11,30,3,5,-2,-22,-36,-25,-13,-20,-34,-12,sil
14.703145503997805,-14,-3,-8,12,0,15,15,-19,-20,-10,-15,-24,-37,-3,sil
14.703145503997805,-12,-23,-15,-3,-1,19,29,-1,3,25,-12,-19,-24,5,sil
14.719447135925291,-11,-27,-12,-12,-12,12,22,11,10,32,-19,-13,-16,8,sil
14.719447135925291,-16,-21,-15,-8,-7,15,17,10,17,31,-17,-12,-9,12,sil
14.73540735244751,-13,-23,-15,-16,5,15,16,16,29,38,-14,-9,-3,17,sil
14.73540735244751,-2,-23,-12,-28,3,1,11,27,38,37,-12,1,12,17,sil
14.75044870376587,12,-14,-11,-24,1,-1,10,29,41,25,0,18,33,16,sil
14.75044870376587,26,-4,0,-17,0,-1,10,22,33,9,6,29,31,18,sil
14.767117261886597,23,-2,5,-19,-8,-14,8,6,19,1,0,25,19,15,sil
14.767117261886597,0,-11,-13,-27,-16,-23,1,0,5,4,-6,13,9,9,sil
14.782264947891235,-5,-11,-24,-25,-9,-21,-13,7,6,4,-4,15,10,8,sil
14.782264947891235,16,4,-8,-13,2,-22,-33,6,8,-8,4,26,18,5,sil
14.798469543457031,27,20,7,-13,8,-22,-33,3,0,-20,15,38,23,-4,sil
14.798469543457031,26,30,15,0,13,-1,-9,4,3,-2,35,47,34,-2,sil
14.813873052597046,26,37,21,23,12,11,0,-5,2,2,38,38,28,1,sil
14.813873052597046,8,32,20,23,5,7,-5,-21,-28,-24,14,14,-6,-18,sil
14.829060792922974,-16,12,9,9,4,8,-1,-28,-53,-42,-9,-12,-30,-37,sil
14.829060792922974,-28,-7,1,7,5,13,5,-20,-53,-33,-20,-30,-33,-26,sil
14.845111608505247,-30,-5,-2,17,3,17,14,-12,-29,-10,-19,-36,-32,-14,sil
14.845111608505247,-17,5,1,24,3,17,19,-5,-2,4,-6,-32,-26,-8,sil
14.860874652862549,-1,8,18,31,6,21,14,0,8,7,6,-25,-15,1,sil
14.860874652862549,-9,1,11,25,0,22,7,-7,3,6,-2,-31,-19,-1,sil
14.87593960762024,-22,-3,-3,9,-8,15,1,-18,-11,-4,-26,-55,-40,-15,sil
14.87593960762024,-12,-3,0,19,0,14,6,-12,-10,0,-23,-73,-31,-6,sil
14.891141176223757,-7,-10,-1,11,0,9,13,3,11,21,-11,-69,-7,13,sil
14.891141176223757,-12,-24,-22,-23,-12,-8,0,15,22,23,-7,-74,2,20,sil
14.907333374023438,-2,-29,-32,-30,-16,-26,-17,20,24,8,1,-71,15,16,sil
14.907333374023438,10,-22,-17,-23,-12,-28,-14,32,35,13,2,-7,31,17,sil
14.923333168029783,9,-17,-6,-24,-7,-12,7,40,56,42,-3,72,34,23,sil
14.923333168029783,5,-20,-15,-29,0,-11,6,28,47,34,0,88,29,18,sil
14.938467979431152,5,-15,-15,-35,-6,-30,-19,0,2,-11,13,71,22,-2,sil
14.938467979431152,6,2,2,-21,-14,-33,-26,-22,-31,-32,22,68,20,-14,sil
14.953979969024658,12,13,16,-3,-7,-21,-16,-20,-40,-27,15,63,14,-5,sil
14.953979969024658,21,14,16,1,3,-9,-7,-4,-22,-17,13,53,15,5,sil
14.969383955001833,19,17,10,4,9,-7,-1,1,-2,-8,18,41,17,2,sil
14.984952449798584,10,21,8,10,11,-1,10,0,0,-2,11,30,9,-9,sil
14.984952449798584,8,18,11,17,16,19,19,-7,-7,0,2,13,1,-14,sil
15.000876903533936,0,11,13,19,10,27,4,-15,-22,-8,-10,-12,-22,-10,sil
15.000876903533936,-6,13,12,18,0,19,-8,-14,-24,-16,-15,-23,-38,-4,sil
15.000876903533936,1,20,16,23,9,19,-1,-12,-8,-14,0,-5,-24,-1,sil
15.017467260360718,-3,14,15,28,20,28,10,-14,-2,-8,8,-10,-19,-4,sil
15.017467260360718,-25,-5,-8,19,9,32,15,-11,0,6,-13,-44,-31,-13,sil
15.033085823059082,-26,-24,-24,-13,-13,15,2,0,8,10,-34,-45,-26,-11,sil
15.033085823059082,2,-15,-10,-26,-16,-15,-10,13,13,3,-4,-2,11,7,sil
15.048335790634155,22,10,1,-8,0,-29,-12,16,3,-2,32,21,37,14,sil
15.06340718269348,12,24,12,14,12,-5,-4,6,-7,-9,19,4,17,0,sil
15.06340718269348,0,17,26,33,16,21,14,-3,6,9,7,-11,0,0,sil
15.078948736190796,-5,0,12,16,4,8,15,1,14,35,4,-14,0,13,sil
15.078948736190796,-10,-13,-12,-3,-16,-10,3,9,2,31,-17,-24,-7,8,sil
15.095020055770874,-5,-13,-12,3,-17,1,14,2,0,14,-28,-32,-16,0,sil
15.095020055770874,0,-12,-6,-1,-6,15,26,1,11,8,-20,-27,-13,8,sil
15.110326766967772,-9,-16,-22,-24,-2,13,16,8,18,7,-20,-20,-3,9,sil
15.110326766967772,-22,-26,-35,-31,-5,0,-1,10,16,-4,-19,-18,-1,0,sil
15.125919580459597,-12,-30,-26,-27,-6,-15,-12,16,17,-14,2,-13,11,0,sil
15.125919580459597,4,-19,-17,-28,-7,-28,-25,12,14,1,21,-7,27,3,sil
15.142045974731444,10,-2,-7,-27,-11,-35,-32,-7,-6,5,15,6,17,-3,sil
15.142045974731444,17,8,6,-10,-7,-33,-25,-24,-25,-13,15,36,13,-7,sil
15.157394409179688,21,6,5,-5,-5,-26,-26,-22,-31,-29,22,49,18,-6,sil
15.157394409179688,10,4,3,-12,-5,-12,-21,-13,-29,-28,17,33,6,-9,sil
15.172951936721802,-2,15,17,2,4,3,-1,-2,-16,-25,6,14,-2,-14,sil
15.172951936721802,-5,20,26,17,9,9,12,12,-5,-20,-1,5,-7,-13,sil
15.187989473342896,-4,12,18,22,3,9,11,4,2,-2,-8,-4,-21,-8,sil
15.187989473342896,-10,7,9,23,1,12,3,-18,-1,3,-22,-20,-41,-12,sil
15.203323364257812,-13,7,6,19,4,25,13,-11,-5,8,-25,-17,-34,-6,sil
15.203323364257812,-5,1,1,21,16,38,40,12,15,32,-14,3,-3,19,sil
15.219247341156006,-2,-7,-3,14,18,26,33,20,28,38,-9,16,7,35,sil
15.219247341156006,0,-12,-12,-1,9,4,8,19,24,22,4,19,12,29,sil
15.234878063201904,13,-7,-11,-10,2,-5,-2,23,26,10,23,20,32,16,sil
15.234878063201904,22,4,2,-7,-2,-12,-7,14,15,-4,22,11,34,3,sil
15.25012183189392,21,14,8,-3,-7,-8,-10,-11,-12,-21,15,5,13,-9,sil
15.25012183189392,13,14,10,-5,-1,-4,-12,-27,-33,-32,15,11,-1,-14,sil
15.265280961990356,1,13,18,1,9,-1,-12,-27,-30,-27,13,7,-1,-17,sil
15.265280961990356,-6,13,15,12,7,2,-8,-24,-23,-12,3,-7,-5,-19,sil
15.280913591384888,-10,12,11,22,0,14,-3,-11,-15,9,-3,-16,-5,-10,sil
15.280913591384888,-12,8,9,26,5,14,0,0,3,32,-1,-18,-2,0,sil
15.297255754470823,-14,-9,-2,11,0,2,6,8,11,25,-9,-19,-11,3,sil
15.297255754470823,-13,-25,-15,-5,-16,2,12,12,9,3,-26,-21,-19,3,sil
15.312704801559448,-15,-27,-23,-13,-18,-1,9,9,7,0,-36,-30,-20,3,sil
15.312704801559448,-19,-24,-29,-25,-11,-10,5,11,10,8,-32,-27,-21,1,sil
15.3281147480011,-12,-19,-29,-27,-9,-4,6,15,25,17,-16,-12,-5,2,sil
15.3281147480011,-3,-16,-23,-22,-8,-6,-6,11,24,4,-13,-9,4,1,sil
15.3432457447052,7,-14,-10,-18,-8,-25,-15,4,13,-4,1,2,12,3,sil
15.3432457447052,21,0,3,-13,-10,-29,-8,1,7,0,31,27,19,8,sil
15.358691453933716,27,18,9,-3,-5,-19,-10,0,-10,-12,25,26,14,5,sil
15.358691453933716,22,22,7,3,3,-15,-16,-8,-29,-37,9,12,7,-5,sil
15.374728918075562,13,17,7,0,4,-13,-18,-10,-25,-37,17,20,9,-11,sil
15.374728918075562,16,22,17,11,13,0,-10,-3,-5,-15,35,34,20,-6,sil
15.389936447143556,21,29,34,31,23,15,-1,-6,6,5,42,31,26,2,sil
15.389936447143556,2,17,30,29,8,20,2,-10,-1,8,21,7,2,5,sil
15.405970096588137,-17,-1,4,21,0,23,16,-10,-11,1,-13,-20,-26,0,sil
15.405970096588137,-18,-10,-5,13,10,27,27,-6,-19,-1,-41,-30,-36,-2,sil
15.422035694122314,-21,-12,-5,6,14,36,32,1,-7,8,-35,-29,-29,-4,sil
15.422035694122314,-32,-25,-24,-9,0,26,27,4,11,23,-25,-31,-24,-2,sil
15.438045978546144,-27,-34,-18,-33,-14,-1,15,9,5,15,-35,-20,-28,7,sil
15.438045978546144,-3,-17,-6,-18,-9,-1,10,16,16,22,-19,-4,2,13,sil
15.45393443107605,10,-7,-20,-5,1,-2,-4,14,31,24,6,0,39,11,sil
15.45393443107605,10,-11,-14,-26,-6,-25,-26,5,10,-1,4,19,27,13,sil
15.46933102607727,14,1,1,-18,-8,-26,-23,1,2,-11,14,37,27,10,sil
15.46933102607727,15,17,-1,-2,1,-17,-23,0,4,-5,30,31,38,-2,sil
15.484394311904907,9,19,7,-5,2,-24,-35,-5,-12,-13,26,20,18,-16,sil
15.484394311904907,2,18,23,4,0,-20,-25,-10,-21,-18,21,11,-6,-17,sil
15.500328540802002,-5,16,14,16,0,0,-1,-9,-11,-13,11,-6,-13,-17,sil
15.500328540802002,-12,14,3,13,-1,7,5,-12,-8,-14,-2,-22,-20,-25,sil
15.51592493057251,-4,17,12,18,-2,1,0,-12,-18,-22,-8,-15,-26,-22,sil
15.51592493057251,3,12,20,26,4,13,8,-5,-10,-4,-7,-4,-14,-2,sil
15.530909776687622,3,0,7,23,10,30,26,3,17,23,-5,-2,-2,16,sil
15.530909776687622,7,-3,0,13,5,25,27,12,28,28,0,0,-3,22,sil
15.5462749004364,7,-8,-1,2,0,10,16,3,7,15,-8,-5,-9,11,sil
15.5462749004364,-8,-25,-11,-11,-4,1,13,-7,-9,-1,-30,-26,-21,-1,sil
15.56211805343628,-15,-24,-20,-13,-3,2,22,1,9,1,-25,-23,-9,5,sil
15.56211805343628,-3,-12,-18,-9,0,-6,7,12,21,12,-2,-1,11,17,sil
15.577126741409302,4,-9,-10,-10,-4,-20,-18,11,0,-3,2,15,11,9,sil
15.577126741409302,9,-1,-8,-7,0,-18,-21,7,-5,-18,9,19,13,1,sil
15.59293508529663,13,10,-4,-6,4,-12,-20,2,-1,-12,17,14,19,0,sil
15.59293508529663,11,4,5,-13,-3,-8,-19,-1,-8,-6,19,12,14,-3,sil
15.607964515686035,2,-7,5,-25,-8,-5,-8,-2,-18,-18,6,6,3,-10,sil
15.607964515686035,-5,3,3,-9,-3,-5,1,-6,-25,-28,-7,-5,-3,-17,sil
15.622899770736694,-1,25,18,37,2,6,10,-11,-8,1,4,-6,-3,-13,sil
15.639374256134031,1,15,23,36,1,19,16,-3,13,32,10,-2,-10,2,sil
15.639374256134031,-4,-11,-1,4,-3,15,6,1,19,31,-9,-13,-8,9,sil
15.654888391494753,-6,-17,-16,-3,0,0,-7,-2,17,20,-15,-10,4,8,sil
15.654888391494753,-1,-5,-11,-9,0,-15,-16,0,4,4,3,9,7,6,sil
15.670378923416138,-4,2,-10,-13,0,-15,-17,-1,-16,-12,15,10,3,-9,sil
15.670378923416138,-3,10,2,3,5,6,-4,-4,-20,-13,3,0,-6,-12,sil
15.68591022491455,2,14,26,24,17,29,25,7,6,13,-6,0,-11,8,sil
15.68591022491455,-9,-1,5,15,9,27,37,17,25,37,-11,-6,-6,14,sil
15.701172828674316,-24,-23,-25,-16,-11,8,17,17,15,26,-15,-8,0,6,sil
15.701172828674316,-7,-19,-22,-29,-15,-9,-4,4,5,1,0,4,18,8,sil
15.717519283294678,8,-7,-12,-27,-9,-22,-18,-3,0,-19,12,12,25,11,sil
15.717519283294678,1,-2,-13,-27,-3,-14,-9,11,6,-19,8,12,13,7,sil
15.733132362365724,0,1,-8,-22,-2,-6,-1,19,14,-7,4,8,5,-5,sil
15.733132362365724,10,8,7,-7,-8,-14,-16,-2,-6,-21,-4,0,-9,-24,sil
15.748411178588867,11,15,11,14,0,-13,-17,-29,-26,-39,-8,-6,-25,-28,sil
15.748411178588867,1,14,6,21,17,-9,-8,-41,-37,-32,-7,-7,-24,-17,sil
15.763593673706056,-4,10,14,13,13,1,-9,-35,-48,-23,-7,-9,-14,-15,sil
15.763593673706056,0,13,22,21,9,18,4,-20,-36,-20,-2,-6,-11,-18,sil
15.778849601745604,3,15,20,30,13,21,21,0,-3,-1,0,-2,-12,-6,sil
15.778849601745604,11,9,14,26,10,15,19,17,33,35,8,0,9,18,sil
15.794053792953491,16,-4,11,7,0,9,9,27,42,32,16,8,25,29,sil
15.794053792953491,6,-15,5,-1,-6,2,7,25,31,15,15,15,16,20,sil
15.809917211532593,-4,-15,-10,0,-4,-1,5,14,32,32,11,4,11,15,sil
15.809917211532593,-7,-15,-20,-11,-4,-12,-13,2,13,25,-4,-5,4,11,sil
15.825995922088625,-4,-12,-7,-13,-4,-12,-18,-5,-7,3,-8,-1,2,5,sil
15.825995922088625,9,2,9,6,-1,0,-1,1,2,18,7,8,12,15,sil
15.84189510345459,15,11,7,10,-5,-1,1,13,11,16,10,9,13,20,sil
15.84189510345459,2,0,-8,-4,-5,-14,-8,1,-2,-18,-2,0,3,-5,sil
15.858094215393066,-6,-3,-11,-14,-4,-8,-4,-9,-14,-34,-13,-5,-7,-20,sil
15.858478307724,-10,1,-7,-5,-9,4,2,-20,-15,-20,-18,-9,-12,-18,sil
15.87352991104126,-20,0,-12,-3,-9,6,-1,-30,-27,-19,-25,-11,-27,-24,sil
15.87352991104126,-17,-2,-10,-8,-1,11,4,-14,-30,-22,-21,-6,-35,-21,sil
15.889262437820436,-3,2,-4,-4,5,11,15,6,-11,-8,-2,-3,-11,-2,sil
15.889262437820436,-2,-1,-2,-9,1,-6,3,7,-11,-6,1,-7,2,0,sil
15.9040949344635,-8,-3,-6,-19,-1,-9,-3,4,-18,-12,1,-8,-4,-11,sil
15.9040949344635,-11,-4,-14,-14,0,0,-3,6,-1,3,3,-7,-9,-11,sil
15.919346332550049,-11,-6,-3,0,6,3,-1,12,20,26,2,-2,-1,0,sil
15.919346332550049,-3,-3,10,13,13,13,15,19,37,40,9,0,11,11,sil
15.935367345809937,0,-6,3,5,7,18,24,22,44,37,10,-3,12,17,sil
15.935367345809937,9,-2,-2,5,0,9,16,25,44,34,17,8,24,23,sil
15.951313495635986,21,11,13,20,2,0,2,18,29,24,26,26,36,26,sil
15.951313495635986,19,12,16,14,0,-9,-10,0,2,2,9,16,15,16,sil
15.967368364334106,12,-3,-6,-6,-5,-14,-13,-10,-9,-14,-1,5,4,4,sil
15.967368364334106,13,-6,-8,-13,-2,-21,-16,-8,-16,-18,5,16,14,3,sil
15.983339548110962,16,6,12,2,0,-18,-16,-18,-20,-10,9,19,7,0,sil
15.983339548110962,12,12,12,8,0,0,-10,-35,-24,-19,-2,3,-11,-12,sil
15.999248743057253,0,4,3,-4,7,6,-10,-27,-33,-44,-17,-6,-21,-21,sil
15.999248743057253,-6,2,9,0,11,-5,-11,-13,-24,-29,-13,-5,-13,-20,sil
16.014903783798218,-5,2,6,3,0,-12,-13,-13,-13,-15,-13,-7,-18,-14,sil
16.014903783798218,-10,1,2,2,-8,0,-2,-8,-14,-29,-25,-14,-28,-12,sil
16.030436038970947,-18,0,8,12,-5,13,17,-1,-9,-10,-16,-19,-18,-8,sil
16.030436038970947,-25,-10,4,2,-10,9,17,4,4,18,-5,-20,-7,0,sil
16.04556393623352,-21,-21,-19,-21,-16,2,6,19,28,20,-9,-13,0,9,sil
16.04556393623352,0,-13,-20,-14,-5,-2,0,28,38,18,-2,5,15,17,sil
16.060430765151978,20,10,4,8,7,-3,-6,7,7,9,18,23,28,16,sil
16.060430765151978,24,23,10,13,8,-1,-16,-17,-23,-10,29,24,24,4,sil
16.082101583480835,16,16,0,0,0,-6,-20,-8,-18,-14,26,18,21,0,hello
16.082101583480835,11,14,0,0,4,-3,-6,6,1,7,28,12,20,-2,hello
16.082101583480835,4,16,13,12,14,8,12,5,5,15,14,0,-1,-6,hello
16.092143058776855,-4,6,10,18,10,20,26,8,10,18,-11,-15,-22,-2,hello
16.10733699798584,-16,-10,-11,13,2,24,28,5,18,31,-22,-32,-26,-4,hello
16.10733699798584,-27,-22,-25,-2,0,18,21,0,7,28,-24,-38,-33,-9,hello
16.12306785583496,-22,-23,-24,-12,0,9,18,5,7,10,-20,-26,-18,1,hello
16.12306785583496,-5,-16,-23,-20,4,1,9,9,10,-9,-16,-4,0,11,hello
16.138418674468994,2,-5,-14,-18,1,-5,0,1,4,-14,-5,12,2,4,hello
16.138806104660034,7,-1,-5,-14,-6,-14,-1,2,7,-1,12,21,16,0,hello
16.154269695281982,10,-2,0,-18,-6,-21,-8,12,0,-3,9,15,21,-1,hello
16.154269695281982,5,9,15,0,1,-7,-6,0,-18,-12,0,1,0,-7,hello
16.169118404388428,0,12,20,20,2,5,5,-13,-15,-2,1,-3,-12,0,hello
16.169118404388428,-3,-8,6,1,-9,5,7,-1,5,17,-4,-2,-7,9,hello
16.184797525405884,-14,-27,-18,-21,-15,-1,-5,4,9,9,-22,-10,-13,3,hello
16.184797525405884,-18,-24,-21,-21,-13,-23,-32,-3,-10,-21,-26,-13,-12,-6,hello
16.199925184249878,4,-2,2,-8,-16,-33,-40,-9,-16,-23,7,12,22,-2,hello
16.199925184249878,27,17,20,3,-16,-19,-19,-10,-9,-14,37,32,38,2,hello
16.215081691741943,22,23,23,13,0,-1,-3,-10,-12,-33,24,21,9,-5,hello
16.230069160461426,11,24,29,36,20,16,3,-9,-6,-14,16,3,-1,-10,hello
16.230069160461426,4,16,34,43,20,32,20,0,1,28,14,1,-3,1,hello
16.24612283706665,0,0,16,22,10,28,28,15,18,37,12,6,-2,16,hello
16.24612283706665,3,-9,-9,-5,-2,0,1,14,24,16,14,13,13,16,hello
16.24612283706665,7,-2,-8,-19,-12,-22,-24,0,-1,-8,5,17,15,6,hello
16.261399507522583,11,4,6,-5,-3,-18,-17,-9,-16,-22,6,19,8,0,hello
16.277179718017578,11,10,9,7,5,-14,-8,-8,-8,-20,21,23,10,0,hello
16.277179718017578,6,20,12,21,3,1,1,-8,-5,-6,23,15,7,3,hello
16.292601108551025,1,23,16,33,7,25,14,-10,-9,1,4,-3,-9,0,hello
16.292601108551025,-8,14,5,24,14,23,14,-3,-2,2,-21,-21,-24,-5,hello
16.30833601951599,-22,-3,-19,5,15,18,16,5,12,17,-36,-34,-19,-5,hello
16.308706760406494,-22,-24,-32,-11,5,13,17,15,19,19,-39,-37,-11,0,hello
16.323601007461548,-13,-27,-33,-30,-3,-2,13,21,29,10,-36,-31,0,0,hello
16.323601007461548,-14,-23,-43,-42,0,-11,3,15,23,5,-38,-30,0,-8,hello
16.339346408843994,-19,-25,-48,-53,0,-16,-16,0,-7,-13,-41,-29,-19,-19,hello
16.339346408843994,-18,-21,-43,-50,-2,-24,-28,-9,-13,-25,-35,-26,-22,-30,hello
16.355000019073486,-12,-2,-22,-33,-3,-15,-18,-13,-13,-18,-32,-30,-24,-30,hello
16.355000019073486,-6,15,9,1,-2,9,6,-10,-31,-9,-16,-21,-35,-15,hello
16.370707511901855,-4,11,18,22,4,22,23,-7,-24,12,6,-5,-20,0,hello
16.370707511901855,-10,-12,5,-1,9,26,17,0,-8,26,7,-5,0,7,hello
16.386260271072388,-7,-17,2,-14,-8,17,13,11,10,24,11,-2,6,14,hello
16.386260271072388,9,-5,9,-1,-29,-18,6,17,34,23,29,22,20,21,hello
16.401726007461548,28,0,23,6,-15,-31,-6,19,37,28,49,49,42,33,hello
16.401726007461548,33,7,28,16,5,-4,-10,13,24,17,67,56,51,32,hello
16.417344331741333,25,15,26,14,5,1,-10,2,9,-14,55,48,36,11,hello
16.417344331741333,25,26,38,21,0,-10,-14,-11,-5,-24,42,47,31,2,hello
16.433223962783813,24,37,49,41,-19,-12,-13,-19,-22,-16,44,42,23,5,hello
16.433223962783813,9,32,44,45,-29,-10,-11,-17,-37,-26,15,23,-11,-3,hello
16.4493350982666,0,14,28,48,12,14,1,-15,-28,-28,-11,0,-28,-9,hello
16.4493350982666,-1,-4,3,45,36,40,18,-12,-13,-6,-13,-12,-19,-1,hello
16.464831590652466,-13,-14,-9,6,2,21,14,0,-16,0,-27,-12,-22,5,hello
16.464831590652466,-17,-14,-20,-13,-10,-1,6,12,0,5,-40,-21,-19,2,hello
16.480564832687378,-10,-18,-60,-2,5,1,10,8,35,24,-26,-43,6,-10,hello
16.480564832687378,-7,-33,-67,-28,2,-12,0,0,23,9,-18,-27,12,-12,hello
16.49556875228882,0,-18,-8,-46,-1,-26,-17,7,-3,-18,-4,17,10,4,hello
16.49556875228882,18,17,12,-10,10,-10,-5,14,12,-1,25,21,26,4,hello
16.511394262313843,16,21,-11,-7,8,-10,-5,2,4,-2,11,-2,15,-10,hello
16.511394262313843,-5,7,-4,-25,3,-13,-15,-8,-22,-23,-16,-13,-14,-21,hello
16.52741575241089,-14,10,7,-1,13,8,0,-16,-9,-6,-12,-20,-21,-23,hello
16.52741575241089,-15,1,1,8,4,16,13,-14,1,6,-24,-26,-26,-7,hello
16.542946100234985,-21,-20,-9,-13,-12,16,12,0,3,11,-38,-25,-20,8,sil
16.542946100234985,-22,-31,-17,-29,-4,14,7,7,14,29,-22,-20,-10,6,sil
16.558224201202393,-12,-25,-11,-32,1,0,-4,11,19,26,-9,-13,-16,7,sil
16.558224201202393,-2,-17,-10,-25,-9,-9,-9,12,27,17,-6,-2,-4,13,sil
16.5733585357666,0,-15,-12,-29,-23,-15,-14,8,12,0,-3,13,10,8,sil
16.5733585357666,14,2,6,-15,-14,-22,-22,5,-9,-17,15,31,18,7,sil
16.58946132659912,34,35,34,21,13,-13,-20,1,-14,-15,38,34,31,12,sil
16.58946132659912,24,44,41,34,18,-3,-13,-13,-25,-19,30,20,16,-6,sil
16.60528302192688,-7,29,23,33,4,7,0,-30,-36,-32,13,-7,-19,-33,sil
16.60528302192688,-22,15,5,39,3,28,19,-27,-28,-19,0,-31,-35,-29,sil
16.620914220809937,-20,0,2,34,10,36,36,-7,-12,6,-17,-28,-33,-9,sil
16.620914220809937,-18,-21,-7,17,1,24,39,10,2,16,-18,-11,-20,3,sil
16.637444496154785,-9,-18,-17,2,-13,10,26,20,18,22,-8,-1,-2,15,sil
16.637444496154785,2,-2,-12,0,-8,4,17,20,35,39,-2,1,14,24,sil
16.65332841873169,6,-6,-13,-9,4,-4,7,19,33,33,-2,5,20,22,sil
16.65332841873169,12,-11,-15,-15,0,-11,-3,17,14,4,5,17,26,14,sil
16.668878078460693,26,3,0,-5,-9,-19,-10,5,7,-5,25,35,34,5,sil
16.668878078460693,29,13,17,-1,-4,-23,-16,0,0,-9,32,39,29,1,sil
16.684904098510742,20,15,15,3,5,-16,-20,0,-14,-17,27,26,19,-4,sil
16.684904098510742,1,4,7,5,1,-10,-21,-10,-20,-30,2,2,-3,-15,sil
16.700945615768433,-11,-12,7,-20,-7,1,-8,-14,-14,-30,-21,-20,-22,-15,sil
16.700945615768433,-10,-10,7,-21,-5,15,6,-14,-10,-4,-18,-26,-20,-10,sil
16.716299772262573,-15,0,-3,14,-8,10,5,-11,-7,11,-20,-22,-23,-5,sil
16.716299772262573,-16,-6,-14,25,-11,-2,1,2,19,17,-16,-12,-7,11,sil
16.731947422027588,1,-14,-10,-8,0,-16,-7,9,31,15,14,8,27,20,sil
16.731947422027588,12,0,-1,-22,10,-23,-29,-6,2,-4,30,23,27,-3,sil
16.74694275856018,0,18,1,-1,12,-13,-25,-20,-27,-28,12,5,-3,-25,sil
16.74694275856018,-11,15,0,10,10,3,-3,-8,-27,-22,-6,-25,-30,-17,sil
16.762968063354492,-13,-5,-6,1,5,18,9,1,-1,16,-14,-29,-26,0,sil
16.762968063354492,-4,-19,-12,-10,-1,15,13,6,23,41,-12,-7,2,14,sil
16.778482675552368,13,-9,-3,-17,-3,0,13,18,26,28,6,21,34,31,sil
16.778482675552368,30,5,1,-16,4,-9,-1,12,5,3,29,42,44,30,sil
16.79423999786377,23,14,3,-12,7,-12,-23,-16,-29,-25,17,28,12,0,sil
16.79423999786377,0,20,13,10,7,0,-11,-24,-40,-43,-8,-9,-27,-26,sil
16.809401512145996,-12,19,19,33,5,20,14,-1,-16,-26,-21,-26,-34,-21,sil
16.809401512145996,-5,13,20,34,-1,27,20,12,0,2,-13,-8,-17,-2,sil
16.825429677963257,0,13,21,30,0,22,19,2,0,12,2,2,-4,3,sil
16.825429677963257,-5,4,16,25,11,20,27,0,6,9,0,-4,-11,5,sil
16.84143352508545,-13,-14,-1,5,4,17,29,10,18,21,-14,-11,-18,5,sil
16.84143352508545,-18,-32,-22,-18,-17,-2,13,9,16,23,-30,-15,-16,-4,sil
16.856973886489868,-16,-34,-27,-25,-19,-12,5,9,14,-2,-35,-17,-17,-6,sil
16.856973886489868,-7,-21,-20,-11,-2,2,16,12,33,-1,-17,-18,-8,5,sil
16.87300419807434,-15,-17,-27,-23,-7,-1,7,10,33,17,-6,-18,-2,1,sil
16.87300419807434,-24,-25,-42,-40,-24,-27,-20,6,8,6,-6,-9,2,-10,sil
16.888222455978394,-3,-19,-33,-29,-12,-30,-32,2,1,-5,9,8,21,0,sil
16.888648748397827,15,2,-1,-13,2,-19,-29,0,0,3,29,26,35,11,sil
16.90418815612793,18,19,22,-4,2,-21,-23,0,-6,9,32,34,34,4,sil
16.90418815612793,26,22,26,2,-1,-23,-21,-3,-12,-9,21,26,23,0,sil
16.91931390762329,27,18,18,2,-1,-15,-20,-16,-20,-27,19,17,19,-2,sil
16.91931390762329,10,13,6,0,1,-9,-22,-26,-39,-31,22,14,15,-17,sil
16.934895992279053,1,19,12,7,4,-1,-22,-24,-49,-31,10,7,1,-21,sil
16.934895992279053,14,35,30,31,17,22,2,-10,-21,-14,6,-1,-4,-3,sil
16.950005054473877,18,33,34,43,27,37,28,-2,0,2,9,-3,-1,8,sil
16.950005054473877,0,12,24,35,20,34,28,-4,0,9,-6,-10,-9,0,sil
16.965519189834595,-18,-4,3,24,3,27,19,-3,5,17,-24,-20,-22,-6,sil
16.965519189834595,-20,-14,-10,14,-8,15,17,4,15,12,-19,-18,-21,1,sil
16.98119568824768,-11,-17,-11,0,-9,7,18,8,17,14,-4,-9,-6,10,sil
16.98119568824768,-10,-18,-12,-21,-8,0,10,9,14,19,-7,-10,-3,11,sil
16.996417760849,-7,-14,-18,-29,-5,-11,-2,9,8,6,-5,-6,-2,10,sil
16.996417760849,5,-1,-7,-2,3,-9,-7,10,13,4,13,12,12,14,sil
17.01238703727722,8,1,1,3,5,-2,-7,11,15,13,11,15,15,13,sil
17.01238703727722,0,-3,-7,-13,-1,-6,-4,4,12,12,1,1,7,9,sil
17.02801489830017,6,-4,-13,-8,-2,-7,5,4,13,10,1,5,7,14,sil
17.0284104347229,17,0,-1,0,1,-7,6,8,5,5,3,16,3,6,sil
17.04331874847412,10,6,5,-4,5,-14,-7,-12,-24,-23,3,6,-13,-18,sil
17.04331874847412,-8,9,8,1,6,-3,-3,-29,-45,-40,-8,-12,-39,-21,sil
17.059378147125244,-23,-5,0,12,0,24,24,-10,-15,-7,-28,-26,-50,-4,sil
17.059378147125244,-26,-29,-22,-7,-11,15,14,5,11,13,-37,-35,-45,-9,sil
17.07498812675476,-17,-25,-23,-21,-11,-9,-13,5,7,0,-21,-16,-16,-14,sil
17.07498812675476,0,-4,-4,-1,0,0,-1,16,18,0,2,14,27,3,sil
17.091097593307495,3,-3,-4,-2,-1,6,6,26,30,12,0,13,37,9,sil
17.091097593307495,0,-11,-15,-21,-9,-15,-10,8,10,1,-9,-2,21,-5,sil
17.106189012527466,-1,-5,-11,-24,-7,-35,-24,-11,-14,-20,-3,0,14,-16,sil
17.106189012527466,-4,0,-4,-24,-10,-31,-20,-6,-14,-24,4,5,14,-16,sil
17.121363162994385,3,5,0,-19,-10,-18,-9,2,1,-7,20,14,27,-3,sil
17.121363162994385,26,23,22,4,0,-7,-3,0,0,0,32,27,34,8,sil
17.137409448623657,26,28,34,30,11,3,-2,-10,-9,0,26,17,21,2,sil
17.137409448623657,5,16,31,29,10,8,-9,-20,-11,-3,8,1,-3,-2,sil
17.15328884124756,6,23,32,23,3,10,-10,-14,-15,0,16,9,-7,2,sil
17.15328884124756,17,28,19,27,7,15,0,-11,-14,6,36,6,6,0,sil
17.168982982635498,4,10,16,4,11,13,-4,-11,-24,-16,7,-6,-14,0,sil
17.168982982635498,-3,6,28,5,6,23,0,5,-12,-12,-15,-2,-29,9,sil
17.184144735336304,-6,2,-3,33,2,37,24,10,23,30,0,-18,-8,0,sil
17.184144735336304,-28,-26,-40,1,-2,18,17,-5,8,12,-18,-43,-19,-10,sil
17.199371337890625,-35,-29,-26,-24,-3,10,4,-8,-16,-6,-36,-30,-33,-1,sil
17.214954137802124,-12,-3,-8,8,5,25,20,5,8,25,-8,-2,-8,7,sil
17.214954137802124,4,3,-1,25,10,18,31,22,37,37,4,13,10,21,sil
17.230652570724487,5,-6,-1,5,8,-10,25,26,33,25,-7,15,9,34,sil
17.230652570724487,1,-16,-13,-12,-2,-25,16,17,18,16,-15,0,0,18,sil
17.24565601348877,6,-12,-18,-12,-7,-18,13,10,25,15,-15,-4,-4,6,sil
17.24565601348877,14,-11,-16,-13,-4,-18,3,14,34,16,-10,11,10,15,sil
17.261372089385986,8,-22,-22,-29,-7,-27,-11,8,9,-4,0,20,20,1,sil
17.261372089385986,3,-14,-20,-29,-12,-30,-27,-9,-22,-31,8,10,13,-24,sil
17.277512311935425,7,8,-4,-11,-9,-21,-31,-14,-25,-31,9,1,7,-21,sil
17.277512311935425,4,7,0,-9,-4,-3,-20,-13,-14,-28,5,-2,2,-14,sil
17.292604207992554,-4,-7,-6,-24,-11,0,-18,-19,-25,-44,-1,-12,-13,-24,sil
17.292604207992554,-6,0,-3,-13,-11,-4,-22,-18,-38,-40,-3,-12,-21,-25,sil
17.308100938796997,-6,13,9,11,5,3,-10,-11,-27,-15,1,-1,-4,-12,sil
17.308100938796997,-6,12,22,11,13,13,4,-1,-11,-4,4,4,1,-1,sil
17.323445320129395,0,18,25,9,3,3,1,0,-3,3,13,9,-2,-2,sil
17.323445320129395,8,31,26,16,-1,-1,-15,-5,-8,1,13,13,-5,-5,sil
17.338903188705444,13,33,35,27,9,14,-13,-2,-6,2,10,12,3,5,sil
17.338903188705444,5,14,27,27,15,16,3,-2,9,22,15,3,10,13,sil
17.354454517364502,-6,-7,3,3,0,-3,3,-4,0,15,1,-11,-2,2,sil
17.354454517364502,-8,-2,0,1,0,4,11,1,-8,0,-6,-13,0,0,sil
17.370014905929565,-2,5,9,21,20,24,31,12,19,19,3,0,17,15,sil
17.370014905929565,-2,-7,1,16,16,9,32,14,32,36,3,0,11,20,sil
17.385549306869507,-3,-16,-13,6,1,-1,23,10,20,33,1,-2,5,12,sil
17.385549306869507,4,-12,-4,5,0,4,12,11,18,27,4,9,7,14,sil
17.40051817893982,9,-18,-3,-16,-7,-1,0,4,16,12,-5,7,1,10,sil
17.40051817893982,-2,-23,-24,-45,-19,-21,-10,-8,-2,-18,-23,-12,-14,-7,sil
17.416176557540894,-10,-6,-19,-15,-16,-17,-7,-1,-4,-21,-15,-11,-13,-9,sil
17.416176557540894,-6,-1,-6,21,-4,2,0,6,11,3,2,1,-1,1,sil
17.431262254714966,-14,-18,-17,-9,-6,0,0,0,1,-4,-18,-4,-16,-2,sil
17.431262254714966,-16,-16,-22,-30,-14,-1,0,4,-3,-20,-35,-13,-25,-9,sil
17.447370290756226,0,0,-11,-7,-11,2,-1,18,12,-5,-8,0,0,0,sil
17.447370290756226,7,0,-10,-8,-1,-4,-9,12,5,-3,10,9,15,1,sil
17.463488578796387,2,0,-11,-18,6,-12,-15,-3,-11,-17,6,0,10,-10,sil
17.463488578796387,7,5,0,-15,5,-1,-13,-5,-11,-25,0,0,3,-6,sil
17.47890567779541,20,9,9,-4,7,15,-1,-5,-5,-16,5,17,5,6,sil
17.47890567779541,17,9,6,0,10,9,-1,-11,-12,-11,7,10,2,-1,sil
17.49495005607605,0,9,4,-3,3,-7,-11,-11,-25,-12,0,-8,-10,-18,sil
17.49495005607605,-6,16,11,10,2,1,-6,-14,-18,0,4,-9,-6,-16,sil
17.510024070739746,0,18,14,22,2,9,-2,-12,-13,-1,10,0,-1,-7,sil
17.510024070739746,4,10,12,13,-8,-8,-9,-3,-13,-16,8,2,-1,-7,sil
17.526119470596313,6,8,14,9,-1,-13,-5,-2,-2,-2,18,10,10,0,sil
17.526119470596313,9,13,24,22,19,9,14,2,8,27,20,15,15,14,sil
17.5413236618042,5,15,23,37,18,21,30,13,23,43,8,5,8,21,sil
17.5413236618042,-4,0,10,34,-1,8,19,3,28,37,-5,-10,-4,10,sil
17.557368516921997,-14,-9,2,18,0,6,12,-9,15,29,-10,-20,-14,-3,sil
17.557368516921997,-12,-7,-5,10,13,13,18,-7,0,26,-14,-20,-19,-2,sil
17.57294774055481,-13,-7,-15,0,5,3,7,-3,-12,-2,-25,-16,-25,0,sil
17.57294774055481,-27,-25,-31,-18,-11,-4,-6,-5,-14,-22,-21,-15,-12,-13,sil
17.588227033615112,-24,-35,-30,-31,-14,-9,-5,6,-2,-3,-4,-3,9,-8,sil
17.588227033615112,3,-15,-2,-27,-6,-5,-1,24,14,13,16,22,29,19,sil
17.60421657562256,19,-1,3,-23,-8,-6,-7,16,15,-1,28,29,39,20,sil
17.60421657562256,6,-11,-9,-31,-18,-23,-20,1,-4,-26,8,10,22,3,sil
17.618903636932373,7,-9,-7,-24,-8,-27,-24,4,-4,-13,-6,7,9,6,sil
17.618903636932373,20,9,1,-14,0,-16,-16,16,11,2,2,19,14,16,sil
17.634982109069824,22,14,4,-15,-8,-15,-5,9,5,-10,20,23,13,11,sil
17.634982109069824,18,15,13,0,-6,-11,-3,-12,-14,-29,20,12,0,-6,sil
17.650352001190186,5,24,19,11,8,5,-1,-20,-35,-37,-9,-9,-31,-28,sil
17.650352001190186,-11,21,11,14,11,14,3,-22,-30,-26,-20,-27,-46,-32,sil
17.666405200958252,-8,11,8,27,0,13,4,-22,-11,-2,-4,-23,-31,-16,sil
17.666405200958252,4,18,20,42,0,27,16,-3,6,12,0,-7,-10,4,sil
17.682041883468628,0,15,14,36,16,34,35,14,26,26,-5,0,4,19,sil
17.682041883468628,-10,-7,-3,14,19,11,20,9,29,31,-11,0,3,19,sil
17.698312520980835,-5,-14,-7,6,3,0,1,2,22,22,-7,-2,3,12,sil
17.698312520980835,-4,-9,-11,1,-1,0,1,7,19,11,-1,-7,7,11,sil
17.714324951171875,-15,-16,-20,-16,2,-6,-4,11,13,14,-7,-9,8,4,sil
17.714324951171875,-9,-20,-21,-22,-1,-4,-11,8,9,16,-14,-4,6,-5,sil
17.72992730140686,1,-16,-17,-20,-9,-3,-11,1,1,-6,-10,6,0,-8,sil
17.72992730140686,2,-9,-13,-21,-4,-8,-8,-1,-4,-19,4,8,1,-9,sil
17.745948791503906,0,-5,-7,-16,-1,-10,-12,0,-5,-6,16,5,7,-11,sil
17.745948791503906,0,-8,-7,-14,-6,-8,-18,0,-15,-7,17,8,6,-10,sil
17.76150608062744,-3,-8,-14,-16,-2,-8,-10,-9,-28,-16,11,2,1,-16,sil
17.76150608062744,-7,-4,0,-15,1,-6,-2,-11,-29,-24,0,-9,-8,-15,sil
17.777026176452637,-7,5,16,3,0,2,1,-1,-9,-13,1,-7,-10,-1,sil
17.777026176452637,-4,18,11,24,6,12,7,0,4,4,4,-11,-3,-1,sil
17.793123722076416,-3,18,5,15,5,13,14,0,2,11,-12,-25,-11,-7,sil
17.793123722076416,-3,2,10,10,-7,19,26,5,8,14,-22,-19,-16,0,sil
17.80918788909912,0,-11,9,3,-9,13,22,5,12,13,-23,-2,-11,14,sil
17.80918788909912,10,-1,1,-6,0,-10,0,-1,3,7,-12,9,5,15,sil
17.82527995109558,23,18,8,1,3,-21,-18,-9,-10,-8,13,25,21,3,sil
17.82527995109558,21,24,31,23,8,-3,-9,-11,-21,-22,27,28,14,-1,sil
17.84106755256653,8,19,28,37,14,15,13,-5,-7,0,22,8,5,4,sil
17.84106755256653,1,5,-3,20,4,5,11,3,7,21,6,-3,3,13,sil
17.857168674468994,4,-9,-16,-12,-10,-13,-12,11,12,3,3,9,11,18,sil
17.857168674468994,14,-4,-5,-24,-12,-22,-26,3,9,-9,21,28,27,17,sil
17.872519969940186,15,12,6,-6,-6,-19,-23,-10,-8,-9,24,23,23,5,sil
17.872519969940186,0,16,12,20,0,0,-6,-14,-17,-1,10,-1,0,-9,sil
17.888381004333496,-21,2,8,18,1,9,9,0,0,12,-6,-21,-19,-10,sil
17.888381004333496,-20,-18,-3,-10,-7,1,11,9,7,18,-15,-15,-22,3,sil
17.903674364089966,-7,-32,-17,-25,-8,4,12,3,9,14,-17,-5,-15,10,sil
17.903674364089966,-10,-25,-15,-17,6,21,22,8,17,12,-26,-11,-18,8,sil
17.919328451156616,-10,-13,-16,-10,11,19,19,20,30,15,-23,-10,-8,3,sil
17.919328451156616,-1,-17,-26,-23,-3,-4,-7,16,23,0,-11,1,8,-4,sil
17.93487572669983,0,-13,-22,-27,-7,-14,-17,8,6,-17,-4,0,10,-12,sil
17.93487572669983,1,3,-8,-10,2,-12,-10,1,-3,-25,3,-3,4,-14,sil
17.950002908706665,9,12,5,-5,1,-16,-15,-7,-13,-39,15,10,4,-11,sil
17.950002908706665,10,21,19,8,3,-3,-8,-17,-14,-28,22,18,8,-9,sil
17.965540885925293,0,24,19,34,12,12,4,-15,-19,-2,5,-5,-4,-12,sil
17.965540885925293,-13,10,8,32,7,11,2,-8,-29,0,-15,-27,-25,-17,sil
18.450989484786987,-19,-10,-8,5,0,13,20,-1,2,-1,-36,-27,-26,-8,sil
18.450989484786987,-16,-26,-18,-10,-9,6,12,7,8,11,-41,-25,-21,0,sil
18.466137886047363,-16,-31,-22,-21,-1,3,3,9,7,21,-21,-17,-2,2,sil
18.466137886047363,-5,-16,-17,-19,-5,-20,-18,0,-9,-1,-7,-5,4,0,sil
18.4812924861908,15,6,-5,-1,-8,-36,-38,-17,-30,-31,7,12,3,-8,sil
18.4812924861908,22,14,9,5,0,-26,-37,-23,-36,-31,24,24,5,-7,sil
18.49699211120605,19,22,27,19,11,-2,-2,-6,-16,-3,34,27,15,4,sil
18.49699211120605,12,26,29,45,17,15,28,5,6,22,28,20,19,14,sil
18.5129189491272,-3,3,13,34,10,19,30,1,5,18,5,3,3,11,sil
18.5129189491272,-7,-10,1,5,-3,20,21,5,12,16,-3,0,0,14,sil
18.527639865875244,3,-6,3,-1,-18,17,9,22,24,19,4,14,16,29,sil
18.527639865875244,8,-8,0,-8,-20,0,-8,25,18,3,17,25,27,30,sil
18.54304671287537,7,-10,-14,-20,-11,-22,-27,1,-3,-15,23,19,27,6,sil
18.54304671287537,6,2,-13,-19,-7,-27,-34,-18,-26,-21,12,4,10,-13,sil
18.55938172340393,3,21,5,1,0,-9,-13,-19,-19,-10,8,-1,-5,-17,sil
18.55938172340393,-2,21,11,9,13,5,11,-12,-6,-6,0,-6,-25,-20,sil
18.57508492469788,-14,7,1,5,11,14,16,-5,-6,-4,-24,-23,-40,-24,sil
18.57508492469788,-19,0,0,12,2,23,18,0,0,10,-31,-29,-28,-12,sil
18.590362548828125,-8,-2,4,12,1,9,11,4,12,18,-16,-8,-6,9,sil
18.590362548828125,0,-12,-2,-7,1,-17,-4,6,14,11,-1,0,9,12,sil
18.60589480400085,2,-17,-14,-28,-4,-23,-18,8,12,7,3,-2,17,1,sil
18.60589480400085,14,-2,-2,-20,-6,-14,-15,14,4,2,9,12,21,0,sil
18.621034383773804,20,11,8,5,2,-10,-9,5,-5,-13,19,17,21,0,sil
18.621034383773804,9,14,15,19,4,-2,-11,-11,-16,-31,17,0,5,-6,sil
18.63718152046204,3,17,22,35,0,21,6,-9,-3,-7,4,-3,-7,0,sil
18.63718152046204,-3,9,12,33,4,32,30,0,10,17,-15,-5,-22,1,sil
18.652270555496216,-19,-11,-8,2,7,25,25,0,3,1,-31,-18,-40,-3,sil
18.652270555496216,-13,-19,-15,-5,6,21,15,4,12,6,-16,-15,-25,5,sil
18.668417930603027,0,-10,-2,2,3,14,19,15,32,40,4,0,4,23,sil
18.668417930603027,-3,-7,-4,-7,0,4,16,21,36,45,6,0,14,18,sil
18.68435454368592,-7,-17,-25,-28,-9,-11,-1,13,22,13,-7,-8,16,1,sil
18.68435454368592,-1,-21,-28,-38,-10,-23,-9,0,0,-15,-11,2,19,-5,sil
18.699248790740967,2,-13,-13,-30,-3,-14,-6,-5,-4,-12,11,17,21,-1,sil
18.699248790740967,3,-10,-7,-23,-7,-15,-14,0,-10,-12,16,14,12,2,sil
18.71440482139588,7,-2,-5,-17,-8,-22,-18,-2,-20,-18,13,15,15,0,sil
18.71440482139588,15,16,4,-5,5,-13,-15,-8,-17,-19,28,31,22,0,sil
18.729869842529297,18,23,21,6,5,-15,-24,-10,-23,-30,24,30,4,0,sil
18.729869842529297,11,17,27,17,0,-19,-26,-20,-34,-31,4,8,-16,-16,sil
18.74522709846497,-1,17,16,15,3,-6,-17,-24,-33,-15,-5,-11,-16,-26,sil
18.74522709846497,-12,18,6,15,1,2,-7,-20,-26,-8,-17,-28,-20,-22,sil
18.761279106140137,-11,11,4,24,-2,4,5,-17,-15,-10,-26,-29,-29,-14,sil
18.761279106140137,-8,7,9,18,-2,15,12,-5,-3,1,-19,-14,-20,-1,sil
18.77727460861206,-10,1,3,13,2,32,20,11,10,24,-5,-9,-3,9,sil
18.77727460861206,-10,-9,-4,11,3,28,24,16,21,25,-9,-10,-7,8,sil
18.79215979576111,-7,-12,-7,7,0,7,11,17,28,17,-11,-2,-2,9,sil
18.80981183052063,-6,-4,-6,2,1,-3,-1,14,20,19,-2,-1,9,10,sil
18.810811519622803,-3,-1,-1,-2,1,6,7,3,4,10,-5,-10,-2,1,sil
18.810811519622803,1,-4,-1,-3,-3,19,25,-5,5,4,-9,-15,-15,-5,sil
18.82440996170044,3,-14,-7,-8,-5,9,18,0,4,0,-7,-10,-5,0,sil
18.82440996170044,5,-19,-6,-16,0,-4,4,12,0,-3,-2,0,3,5,sil
18.840301275253296,6,-10,-5,-12,0,-11,-2,12,10,4,11,6,12,8,sil
18.840301275253296,3,-1,-7,-7,0,-15,-10,9,13,8,20,12,17,9,sil
18.855833053588867,5,2,-9,-5,6,-4,-3,11,17,12,22,20,26,6,sil
18.855833053588867,8,0,-6,-8,7,0,0,9,19,11,13,18,23,7,sil
18.871225595474243,2,-5,0,-10,-2,-13,-15,0,4,-2,4,15,12,8,sil
18.871225595474243,-4,-1,1,-2,-7,-22,-26,-11,-11,-12,8,12,7,-1,sil
18.887036561965942,-2,8,5,1,-7,-19,-20,-15,-17,-19,3,0,-4,-11,sil
18.887036561965942,17,24,23,12,0,-1,-2,-8,-15,-20,7,2,-10,-4,sil
18.901880025863647,22,30,32,29,14,12,5,-8,-21,-10,18,11,-2,0,sil
18.91744565963745,-6,9,11,23,12,15,7,-10,-22,-2,0,-3,-10,-4,sil
18.91744565963745,-16,-8,-13,0,-3,13,19,0,3,5,-26,-17,-11,0,sil
18.933039903640747,5,-2,-12,-13,-10,0,12,13,15,8,-16,-2,5,6,sil
18.933039903640747,13,4,-1,-11,-3,-13,-13,10,1,1,10,11,17,-3,sil
18.948230266571045,-1,0,0,-7,3,-3,-16,-2,-2,-8,10,0,7,-12,sil
18.948230266571045,-11,-5,1,0,2,15,8,0,7,1,-10,-13,-9,-2,sil
18.963494539260864,-9,-8,-6,0,-2,17,20,9,22,29,-15,-11,-7,12,sil
18.963494539260864,-8,-17,-21,-16,-10,-6,0,11,20,22,-8,1,4,15,sil
18.97901034355164,0,-10,-16,-20,-10,-22,-24,-1,5,-10,2,8,9,-2,sil
18.97901034355164,3,1,-6,-6,-1,-18,-29,-16,-13,-23,2,5,-2,-20,sil
18.994261026382446,-9,1,-4,-4,2,-4,-14,-16,-32,-23,-6,-3,-20,-16,sil
18.994261026382446,-14,4,4,8,5,6,0,-16,-34,-20,0,-11,-17,-9,sil
19.009888648986816,-2,8,20,18,4,4,0,-16,-25,-18,7,-7,-15,-9,sil
19.009888648986816,0,3,19,17,7,11,12,-2,0,0,2,-3,-9,-3,sil
19.025574445724487,0,-1,7,18,17,26,33,15,28,27,3,-5,8,8,sil
19.025574445724487,0,-1,3,14,11,25,32,13,26,25,-2,-5,8,10,sil
19.04125046730041,-7,-3,-2,0,-1,20,25,-4,-1,3,-22,-12,-15,2,sil
19.04125046730041,-4,-8,-8,-10,-3,10,10,-3,-11,0,-22,-13,-19,4,sil
19.05634903907776,18,-8,-1,-16,-4,-15,-11,13,11,14,12,14,18,16,sil
19.05634903907776,24,0,2,-23,-12,-33,-23,6,9,3,22,27,31,10,sil
19.0719952583313,5,20,9,-5,-6,-25,-23,-15,-27,-31,-6,1,-8,-17,sil
19.0719952583313,-6,28,16,33,3,0,-8,-20,-33,-26,-13,-13,-29,-26,sil
19.087115049362183,-15,7,9,29,0,10,9,-3,-9,2,-10,-15,-19,-5,sil
19.087115049362183,-16,-11,-1,2,-6,7,13,11,10,17,-11,-9,-5,10,sil
19.102928161621094,5,-6,-3,2,0,2,1,18,31,23,10,15,21,20,sil
19.102928161621094,20,-2,-2,0,0,-3,-7,24,32,20,24,31,36,26,sil
19.11813068389893,5,-15,-19,-16,-8,-12,-3,22,27,16,6,10,25,16,sil
19.11813068389893,-8,-23,-31,-21,-8,-19,-3,16,27,14,-7,-5,13,6,sil
19.13411903381348,0,-8,-16,-19,-2,-16,-3,12,18,0,4,4,17,6,sil
19.13411903381348,10,0,-9,-19,-3,-14,-2,1,0,-13,18,13,20,0,sil
19.14912438392639,9,-4,-9,-21,-5,-17,-5,-8,-15,-17,12,11,8,-6,sil
19.14912438392639,17,6,6,0,8,-4,-3,-11,-11,-9,10,10,5,-6,sil
19.16476893424988,11,19,12,14,17,10,-2,-17,-9,-14,9,0,-4,-16,sil
19.16476893424988,-10,12,2,9,9,16,-4,-18,-19,-22,2,-10,-22,-24,sil
19.179919004440308,-10,9,8,5,8,19,-7,-17,-26,-16,4,-6,-15,-17,sil
19.179919004440308,-2,10,18,6,14,11,-14,-18,-24,-11,0,-6,-12,-14,sil
19.19600439071656,-14,2,8,9,7,11,-2,-10,-10,-5,-16,-20,-28,-12,sil
19.19600439071656,-19,-3,1,11,-1,20,20,0,-2,2,-23,-22,-32,-4,sil
19.211316347122192,-11,-2,9,9,-4,17,21,0,-9,3,-15,-8,-20,3,sil
19.211316347122192,-11,-2,6,10,-6,13,15,0,0,14,-3,-6,-9,8,sil
19.227027893066406,-13,-8,-5,4,-11,10,9,6,7,22,-9,-17,-9,5,sil
19.227027893066406,-5,-11,-7,1,-10,7,4,2,7,8,-15,-15,-3,2,sil
19.24225640296936,4,-7,-7,-2,-7,0,-2,5,15,1,-8,4,7,15,sil
19.24225640296936,9,-3,-9,-16,-11,-16,-18,10,11,4,-2,17,15,19,sil
19.25740909576416,15,0,-3,-17,-11,-24,-24,0,-1,-1,5,13,21,5,sil
19.25740909576416,26,4,8,-5,0,-12,-9,0,-2,-9,17,23,26,9,sil
19.273516178131104,32,18,16,0,10,-4,1,8,5,-3,30,37,32,15,sil
19.273516178131104,20,24,18,5,13,-14,-1,3,-2,-1,28,21,28,0,sil
19.28922939300537,0,13,20,15,16,-12,8,0,-10,-1,12,-2,3,-5,sil
19.28922939300537,-17,-4,2,17,15,0,22,0,4,12,-1,-11,-15,-2,sil
19.304749965667725,-26,-13,-14,3,3,2,14,0,10,12,-18,-14,-24,-9,sil
19.304749965667725,-17,-3,-7,5,1,10,17,6,16,17,-15,-15,-11,-6,sil
19.320402145385746,-12,-7,-2,9,3,16,29,10,27,32,-4,-10,-1,5,sil
19.320402145385746,-19,-27,-17,-15,-10,5,13,9,19,22,-17,-12,-11,3,sil
19.33603596687317,-14,-26,-29,-23,-17,-6,-13,6,6,0,-17,-11,-10,-6,sil
19.33603596687317,-1,-5,-24,-17,-8,-16,-29,2,-6,-20,0,0,0,-11,sil
19.351422786712646,5,3,-15,-17,-4,-15,-26,1,-14,-34,5,8,2,-11,sil
19.351422786712646,15,1,-11,-13,-2,-6,-17,-1,-10,-24,1,7,9,-4,sil
19.367433309555054,21,5,-1,-9,-2,-9,-16,-13,-12,-14,3,13,11,0,sil
19.367433309555054,20,18,8,-3,-5,-12,-14,-25,-19,-20,8,17,8,-5,sil
19.383463621139526,15,16,10,0,-7,-11,-13,-22,-28,-34,0,5,-5,-8,sil
19.383463621139526,5,7,16,7,0,4,-6,-9,-25,-25,0,-3,-14,-2,sil
19.399089574813843,4,9,22,21,11,28,13,-2,-6,-1,7,-3,-5,5,sil
19.399089574813843,6,10,22,20,13,28,13,-6,0,0,0,-6,-7,2,sil
19.414152145385746,0,5,21,19,7,15,-1,-14,-8,-4,-2,-12,-14,-3,sil
19.414152145385746,-7,4,23,25,7,9,0,-7,-9,8,6,-6,-5,4,sil
19.429757833480835,-5,6,18,21,7,10,19,12,13,28,7,2,11,15,sil
19.44540500640869,-7,-4,0,6,0,6,18,23,39,48,2,0,19,11,sil
19.44540500640869,-19,-22,-16,-12,-9,-3,4,19,26,37,-9,-12,5,4,sil
19.460894346237183,-22,-20,-22,-13,-7,2,15,15,14,16,-6,-11,2,3,sil
19.460894346237183,-10,-7,-13,-1,-1,14,26,17,25,17,8,0,8,11,sil
19.47605061531067,4,0,-3,0,1,5,12,20,27,25,7,7,4,21,sil
19.47605061531067,9,-4,-11,-6,5,-7,1,15,15,16,0,8,4,16,sil
19.492170333862305,2,-9,-19,-22,2,-12,-3,0,0,-6,2,7,7,1,sil
19.492170333862305,0,-8,-14,-27,-3,-11,-16,-18,-12,-22,4,9,7,-10,sil
19.50827097892761,2,-5,-11,-26,-4,-17,-30,-23,-23,-31,-5,11,-2,-17,sil
19.50827097892761,0,-4,-10,-27,-10,-26,-28,-14,-25,-38,-10,10,-8,-20,sil
19.52389335632324,1,0,-7,-21,-12,-25,-23,-11,-18,-34,3,4,0,-23,sil
19.52389335632324,8,8,3,-6,0,-16,-24,-13,-21,-24,8,1,1,-22,sil
19.53895854949951,5,19,24,20,13,-1,-6,-12,-17,-9,1,-2,-7,-11,sil
19.53895854949951,-5,21,25,32,6,3,7,-10,-12,-5,-9,-15,-21,-6,sil
19.55502724647522,-13,12,11,22,-1,6,3,-4,-14,-11,-17,-23,-27,-9,sil
19.55502724647522,-5,10,10,29,13,23,18,1,0,5,0,-11,-12,0,sil
19.57056427001953,1,8,17,33,20,31,34,8,12,25,3,-2,-3,12,sil
19.57056427001953,0,-1,2,14,2,14,25,11,12,25,-14,-12,-9,13,sil
19.586336851119995,2,-8,-5,5,-4,4,13,15,21,32,-10,-11,-5,15,sil
19.586336851119995,9,-3,4,4,3,15,12,19,28,34,8,6,11,21,sil
19.601916074752808,6,-4,-5,-7,1,11,7,11,20,19,8,12,21,15,sil
19.601916074752808,-1,-17,-24,-19,-9,-8,-1,6,7,3,0,4,15,7,sil
19.61710500717163,0,-15,-13,-15,-8,-9,-2,10,7,3,4,5,15,9,sil
19.61710500717163,7,-4,-3,-15,-5,-6,-4,0,1,-10,2,12,18,6,sil
19.632869720458984,5,1,-5,-20,-11,-16,-16,-9,-15,-33,-2,15,5,-1,sil
19.632869720458984,3,3,0,-3,-8,-17,-26,-5,-17,-28,11,14,0,-9,sil
19.64798355102539,4,6,6,0,-2,-15,-29,-7,-20,-30,10,7,-2,-18,sil
19.64798355102539,0,6,6,0,-3,-12,-17,-11,-22,-40,-4,-1,-8,-19,sil
19.663241147994995,-4,6,9,8,0,-2,-4,-10,-15,-21,-3,-5,-3,-7,sil
19.663241147994995,0,14,22,17,0,7,-2,-13,-12,3,1,-3,-10,-2,sil
19.678598880767822,-1,15,20,22,2,20,11,-16,-4,12,-2,-9,-22,-7,sil
19.678598880767822,-13,-6,-2,9,2,22,22,-7,1,14,-9,-22,-21,-7,sil
19.694334745407104,-18,-24,-15,-13,-4,16,22,0,10,31,-7,-16,-5,2,sil
19.694334745407104,-11,-18,-15,-13,0,11,22,6,27,46,0,2,11,16,sil
19.70997142791748,-2,-11,-11,-6,10,2,11,18,32,33,2,8,16,17,sil
19.70997142791748,4,-10,-13,-7,5,-4,-6,18,25,16,2,4,18,10,sil
19.72549080848694,6,-13,-17,-17,-5,-19,-15,13,14,7,2,12,18,16,sil
19.72549080848694,9,-12,-14,-28,-5,-24,-11,18,6,-4,7,22,24,20,sil
19.74064373970032,13,1,-7,-21,3,-13,-10,13,3,-11,14,15,26,0,sil
19.74064373970032,8,22,0,3,4,-11,-16,-5,-11,-23,15,3,3,-17,sil
19.756340503692627,9,31,11,23,4,-10,-15,-13,-21,-22,19,0,-1,-14,sil
19.756340503692627,9,21,13,15,6,-1,-7,-10,-20,-12,6,-4,0,-6,sil
19.77210783958435,-1,6,11,4,4,6,5,-8,-17,-11,-8,-11,-16,-9,sil
19.77210783958435,-9,7,14,15,3,10,14,-9,-12,-13,-5,-15,-25,-19,sil
19.78769087791443,-13,15,14,23,2,12,5,-9,-10,-11,-16,-21,-28,-24,sil
19.78769087791443,-20,3,2,14,2,13,4,-12,-3,-2,-29,-22,-34,-16,sil
19.803324222564697,-14,-9,-3,0,0,12,15,-7,1,2,-19,-7,-28,0,sil
19.803324222564697,0,-4,0,3,-1,12,22,0,6,10,-8,0,-8,13,sil
19.81898784637451,0,-2,4,13,6,23,23,2,14,25,-3,-5,-3,11,sil
19.81898784637451,-4,-8,9,1,6,26,21,6,10,17,-9,-7,-15,6,sil
19.8337242603302,1,-5,3,-4,-2,11,15,6,0,-4,-12,-2,-7,2,sil
19.8337242603302,7,-5,-8,-5,-11,-14,-8,1,-9,-14,-3,2,9,2,sil
19.849194288253784,4,-14,-6,-19,-14,-23,-27,4,-7,-7,9,17,19,10,sil
19.849194288253784,3,-13,-9,-20,-9,-13,-19,11,11,6,15,19,27,13,sil
19.865124940872192,0,-17,-18,-19,-12,-15,-12,8,21,9,0,0,18,5,sil
19.865124940872192,0,-18,-14,-22,-17,-24,-15,9,16,5,-5,0,15,4,sil
19.880925178527832,9,-8,-1,-12,-7,-22,-11,9,5,0,10,23,31,14,sil
19.880925178527832,17,7,8,3,3,-8,-5,0,-7,-14,18,31,28,13,sil
19.895970344543457,18,23,19,16,12,1,-2,-10,-10,-9,28,21,18,0,sil
19.895970344543457,14,26,23,21,17,0,-7,-6,-19,0,33,13,13,-6,sil
19.91208958625793,5,15,8,17,15,-4,-11,-3,-22,0,25,5,2,-5,hello
19.91208958625793,-8,7,-2,9,4,-2,-16,-16,-15,-14,2,-9,-18,-16,hello
19.927602291107178,-22,6,1,13,-2,3,-9,-23,-19,-18,-21,-25,-33,-29,hello
19.927602291107178,-24,2,-4,20,0,17,17,-8,-6,7,-26,-31,-23,-19,hello
19.943145036697388,-15,-10,-20,-2,0,18,28,12,26,29,-22,-22,-15,3,hello
19.943145036697388,0,-18,-17,-21,-7,11,21,22,39,31,-17,-5,-7,16,hello
19.958543300628666,0,-17,-15,-17,-3,6,12,19,23,19,-7,3,3,17,hello
19.958543300628666,-4,-11,-22,-20,-6,-14,-6,4,0,-6,-2,6,2,7,hello
19.97463083267212,3,1,-12,-15,-4,-20,-17,-8,-10,-20,9,4,2,-7,hello
19.97463083267212,13,13,5,0,7,0,-11,-5,-7,-9,18,2,2,-7,hello
19.99027228355408,7,16,16,7,11,17,2,-2,3,0,14,2,-1,-1,hello
19.99027228355408,0,12,20,13,3,16,17,-6,10,4,3,-2,-3,-4,hello
20.005677461624146,-10,-3,11,6,-5,12,20,0,5,7,-17,-19,-13,-3,hello
20.005677461624146,-13,-16,-15,-12,-10,0,11,5,6,10,-25,-23,-10,2,hello
20.021507501602173,3,0,-9,-20,-1,-12,0,1,1,-4,-7,2,8,4,hello
20.021507501602173,15,21,26,5,14,1,-1,-7,-14,-21,9,21,10,0,hello
20.03712224960327,5,19,24,32,19,16,7,-13,-13,-4,5,3,-4,-2,hello
20.03712224960327,-3,5,5,22,9,10,15,2,1,10,-5,-10,-8,6,hello
20.05243468284607,-1,-1,0,6,3,4,14,12,10,2,-6,-4,4,9,hello
20.06816005706787,-4,-21,-14,-9,-10,-4,-3,-4,2,-10,-12,-5,3,-4,hello
20.06816005706787,-4,-26,-15,-28,-20,-17,-26,0,-6,-11,-12,4,1,-2,hello
20.083361387252808,4,-3,5,-15,-4,-18,-28,13,-5,-12,7,26,10,2,hello
20.083361387252808,0,9,8,8,2,-7,-15,-11,-17,-27,6,7,-9,-20,hello
20.10391116142273,-16,-8,-4,4,-14,0,-4,-24,-24,-15,-15,-23,-30,-22,hello
20.10391116142273,-12,-23,-12,-16,-20,-13,-7,8,-7,14,-8,-10,1,12,hello
20.10391116142273,16,-1,-4,-14,-4,-25,-10,28,4,17,34,24,40,20,hello
20.114328145980835,34,26,17,16,11,-1,0,5,-2,5,54,27,28,0,hello
20.129467964172363,13,25,30,32,13,19,10,-16,-10,4,20,6,-4,0,hello
20.129467964172363,-4,13,17,23,12,16,18,-8,5,22,-4,-4,0,11,hello
20.14519762992859,2,0,-1,11,11,11,17,10,24,33,-1,-4,6,18,hello
20.14519762992859,6,-14,-11,-5,2,4,9,16,25,25,-5,-2,-4,18,hello
20.16037106513977,0,-14,-19,-23,-8,-10,-2,1,25,12,-11,8,1,8,hello
20.16037106513977,0,-5,-20,-27,-10,-18,-21,0,12,0,-1,16,15,-1,hello
20.17629146575928,3,0,-4,-8,0,-3,-17,8,-3,-12,17,13,17,-5,hello
20.17629146575928,3,13,6,10,7,3,-2,-4,-13,-29,17,9,5,-13,hello
20.19202828407288,-10,18,5,18,10,7,1,-17,-22,-36,-10,-9,-21,-22,hello
20.19202828407288,-24,-3,-5,14,11,22,8,-14,-16,-6,-31,-36,-33,-18,hello
20.206958055496216,-29,-31,-16,-6,0,17,10,-1,-1,10,-31,-36,-23,-6,hello
20.206958055496216,-26,-30,-25,-17,-13,-6,0,7,6,1,-23,-19,-9,0,hello
20.22300791740417,-11,-11,-21,-8,-12,-20,-8,8,7,-4,-14,-2,-2,3,hello
20.22300791740417,11,2,-5,-8,-3,-15,-8,2,11,-5,1,9,3,5,hello
20.23938298225403,22,15,4,-6,-2,-7,-1,-10,10,-9,19,12,8,-3,hello
20.23938298225403,6,23,14,-4,-6,-5,0,-20,-14,-20,8,0,-6,-16,hello
20.255274534225464,-8,18,15,2,0,11,4,-12,-18,-4,0,-15,-11,-17,hello
20.255274534225464,-1,8,8,13,12,28,18,-1,-3,21,4,-21,0,-4,hello
20.270928859710693,6,1,14,13,1,11,13,2,-7,10,-6,-14,-6,6,hello
20.270928859710693,5,-6,6,5,-10,-1,3,12,3,5,-9,-3,-4,15,hello
20.28610634803772,13,-10,-6,-7,-1,0,2,30,26,23,8,18,26,29,hello
20.28610634803772,32,6,13,-2,11,-2,6,26,20,19,25,47,47,34,hello
20.30163717269897,39,26,30,20,14,-5,1,0,3,2,33,46,34,22,hello
20.30163717269897,10,16,20,18,4,-2,0,-13,-8,-3,17,14,-1,4,hello
20.31719017028809,-30,-14,-7,-2,-9,5,6,-17,-20,-12,-18,-16,-33,-14,hello
20.31719017028809,-44,-31,-27,-23,-12,0,2,-16,-26,-18,-45,-32,-50,-23,hello
20.33312177658081,-25,-22,-23,-27,-6,-11,-9,-1,-7,-1,-29,-17,-29,-11,sil
20.33312177658081,-3,-12,-16,-13,-7,-15,-13,14,17,13,8,5,13,-2,sil
20.34831142425537,5,-7,-6,-13,-11,-14,-17,17,11,0,19,10,21,-8,sil
20.34831142425537,10,10,9,-13,0,-14,-16,3,0,-15,14,9,11,-17,sil
20.36403632164001,13,32,22,16,12,-1,-8,-11,-3,-22,13,10,7,-13,sil
20.36403632164001,13,31,31,40,15,21,2,-10,-7,-11,11,6,6,7,sil
20.379530668258667,0,2,17,25,6,24,11,-8,-5,12,-2,-7,0,10,sil
20.379530668258667,-21,-26,-19,-6,-7,5,4,-13,-4,12,-31,-26,-21,-9,sil
20.39515686035156,-19,-26,-25,-9,-9,4,1,-2,6,8,-29,-21,-22,0,sil
20.39515686035156,2,-9,0,0,0,7,11,14,19,12,-1,7,6,27,sil
20.410489082336422,21,1,1,1,2,-8,5,14,8,2,9,27,23,25,sil
20.410489082336422,24,2,-10,-5,0,-20,-17,0,-6,-11,11,19,16,0,sil
20.42615795135498,9,6,-10,-10,0,-14,-24,-3,-5,-9,15,3,10,-15,sil
20.42615795135498,0,17,-1,8,5,-1,-4,-1,-1,-3,19,-2,8,-13,sil
20.442244052886963,-5,18,4,20,7,7,4,-4,-9,-10,15,-6,-2,-5,sil
20.442244052886963,-19,2,-3,6,8,16,7,-3,-2,-3,2,-22,-13,-6,sil
20.45746755599976,-25,-9,-11,3,11,23,21,5,22,31,-8,-26,-10,5,sil
20.45746755599976,-12,-16,4,4,1,11,21,22,30,42,-6,-1,-2,33,sil
20.472694635391235,0,-20,2,-11,-15,-4,6,16,18,22,1,5,9,27,sil
20.472694635391235,-2,-21,-31,-38,-18,-19,-16,-13,-6,-5,-15,-9,2,-3,sil
20.488179683685303,-4,-5,-23,-34,-6,-20,-25,-21,-31,-34,-21,0,-16,-13,sil
20.48857378959656,13,16,12,4,6,-2,-1,-6,-21,-29,13,22,-4,-10,sil
20.504211902618408,23,21,22,18,12,3,13,0,-8,-7,26,19,5,-16,sil
20.504211902618408,4,21,20,11,15,7,9,-2,-7,-6,6,-1,-8,-22,sil
20.519362211227417,-6,16,21,17,8,17,9,-1,-3,-9,-6,-13,-17,-18,sil
20.519362211227417,-11,-4,5,12,-12,8,9,-2,0,0,-26,-13,-23,-8,sil
20.53535008430481,-21,-20,-16,-7,-25,-9,7,0,10,14,-37,-15,-17,0,sil
20.53535008430481,-10,-11,-12,-18,-19,-13,5,12,17,11,-20,-9,7,18,sil
20.550578355789185,22,3,8,-3,-8,-5,-2,21,22,13,10,20,37,33,sil
20.550578355789185,38,7,15,5,-6,-10,-19,5,11,7,25,37,38,22,sil
20.565942764282227,28,8,9,-3,-9,-23,-26,-17,-22,-21,16,21,12,0,sil
20.565942764282227,18,15,15,3,4,-10,-13,-25,-35,-29,14,11,-1,-7,sil
20.581639766693115,9,17,21,22,25,13,-7,-13,-24,-14,10,8,-10,-12,sil
20.581639766693115,-6,4,10,18,14,18,-1,1,-10,0,-5,-9,-19,-19,sil
20.597445964813232,-19,-7,-3,9,0,21,17,12,12,19,-12,-25,-13,-7,sil
20.597445964813232,-23,-15,-11,-2,3,25,25,18,24,22,-11,-24,-9,3,sil
20.612907648086548,-32,-32,-34,-23,0,10,14,12,17,17,-18,-26,-7,0,sil
20.612907648086548,-35,-44,-48,-39,-9,-14,-1,9,15,16,-20,-19,-1,1,sil
20.6289291381836,-10,-19,-25,-26,0,-10,-9,13,21,10,0,2,12,13,sil
20.6289291381836,6,12,-6,-8,10,-1,-9,4,6,-1,14,11,17,5,sil
20.644480228424072,0,11,-6,-3,3,-12,-11,-13,-16,-18,7,4,1,-3,sil
20.644480228424072,5,5,0,6,1,-17,-10,-17,-13,-24,16,13,3,4,sil
20.66054081916809,24,17,18,11,4,-10,-10,-12,-13,-24,27,21,8,6,sil
20.66054081916809,20,28,26,13,1,-4,-7,-13,-25,-23,15,11,-1,-11,sil
20.67612862586975,3,23,16,24,1,-1,4,-11,-12,-9,12,2,-2,-21,sil
20.67612862586975,-1,5,15,20,2,7,11,0,2,11,16,0,5,-6,sil
20.69148349761963,0,0,20,15,2,21,14,7,11,30,7,-2,5,9,sil
20.69148349761963,-3,-2,9,14,2,21,13,8,22,32,-10,-4,-1,11,sil
20.70732808113098,-11,-14,-5,5,-5,9,10,11,27,26,-20,-2,-1,11,sil
20.70732808113098,-10,-23,-11,-7,-15,1,9,5,18,23,-16,-6,1,15,sil
20.72301959991455,-3,-19,-15,-24,-15,-5,1,0,0,7,-22,-7,-6,11,sil
20.72301959991455,3,-15,-19,-32,-6,-10,-1,4,2,-3,-25,0,-5,3,sil
20.73815989494324,16,-11,-10,-22,0,-5,0,8,8,-10,-12,10,4,9,sil
20.73815989494324,28,4,10,-6,-1,-8,-5,3,-11,-26,6,21,1,10,sil
20.753517866134644,23,15,8,-2,-2,-22,-16,-8,-32,-33,17,15,-3,-12,sil
20.76962900161743,5,11,-7,-10,-1,-24,-21,-17,-32,-36,13,-5,-4,-35,sil
20.76962900161743,-1,16,0,1,8,0,-12,-10,-13,-20,16,-9,0,-27,sil
20.78546905517578,0,31,15,24,17,12,-7,-7,-4,3,18,0,3,-13,sil
20.78546905517578,-8,29,18,32,12,5,-5,-10,-14,0,0,-9,-7,-15,sil
20.78546905517578,-19,11,10,23,8,12,5,-10,-9,-14,-13,-25,-19,-12,sil
20.80108046531677,-19,-2,6,12,6,22,15,-3,0,-2,-13,-18,-20,5,sil
20.817113876342773,-9,-3,3,18,0,21,21,9,9,27,-6,-5,-5,18,sil
20.817113876342773,-4,-10,-1,15,-5,10,18,12,15,28,-8,-2,0,14,sil
20.832601070404053,-8,-26,-14,-17,-14,-4,1,0,2,-4,-27,-6,-15,5,sil
20.832601070404053,-12,-24,-22,-27,-12,-9,-2,-5,-6,-9,-32,-8,-18,0,sil
20.848265171051025,-6,-12,-15,-9,0,0,5,17,8,10,-11,-6,-1,-2,sil
20.848265171051025,-1,-11,-13,-5,4,6,13,30,31,25,12,-1,15,-3,sil
20.84887742996216,0,-16,-22,-22,-2,1,11,17,30,30,16,5,29,8,sil
20.86311626434326,5,-11,-13,-29,-5,-9,6,17,21,26,12,21,34,28,sil
20.87924194335937,13,-2,3,-11,0,-8,2,18,24,23,24,28,31,21,sil
20.87924194335937,6,0,5,-6,0,-8,-11,0,7,5,22,16,16,-1,sil
20.894317626953125,0,1,4,-9,-6,-9,-25,-11,-9,-16,5,7,6,-3,sil
20.894317626953125,7,5,12,3,-1,-4,-21,-10,-2,-18,5,17,10,10,sil
20.910042762756348,11,8,16,11,6,0,-14,-13,-4,-11,14,22,11,10,sil
20.910042762756348,10,11,13,7,10,2,-6,-18,-15,-13,10,6,0,-4,sil
20.926145315170288,11,13,12,6,6,-5,-4,-18,-22,-26,-2,-5,-19,-17,sil
20.926145315170288,10,16,17,17,0,-12,-10,-17,-23,-26,-4,-3,-24,-21,sil
20.94129133224488,5,14,11,15,-3,-6,-18,-19,-22,-17,2,-4,-12,-23,sil
20.94129133224488,-4,5,5,-4,-7,-6,-18,-13,-25,-15,-1,-11,-14,-23,sil
20.95633172988892,-10,1,3,0,-4,-9,-7,-7,-18,-10,-7,-15,-17,-13,sil
20.95633172988892,-12,-4,-3,13,0,0,1,-7,-9,-2,-14,-21,-17,-4,sil
20.972142934799194,-13,-7,-14,6,0,15,13,-3,-8,-1,-15,-22,-16,-6,sil
20.972142934799194,-9,0,-13,0,4,19,26,5,1,2,-2,-10,-2,0,sil
20.9872624874115,-7,1,-5,0,4,13,27,15,12,5,-1,-1,4,17,sil
20.9872624874115,-7,-6,-8,0,-5,14,25,14,13,18,-6,-6,4,21,sil
21.00321316719055,-6,-7,-11,0,-5,15,23,11,10,24,-9,-8,1,9,sil
21.00321316719055,-3,1,-2,2,8,15,19,17,16,17,-13,0,-4,4,sil
21.018892526626587,4,11,4,9,14,10,12,17,25,11,-4,9,-4,7,sil
21.018892526626587,18,13,12,12,8,-3,1,8,12,3,10,17,4,18,sil
21.034899950027462,18,2,12,7,1,-8,0,3,6,5,9,18,12,25,sil
21.034899950027462,4,-13,-6,-10,-4,-6,1,6,18,19,-1,6,7,18,sil
21.05095195770264,0,-17,-16,-26,-9,-18,-9,10,17,12,2,2,12,0,sil
21.05095195770264,9,-7,-5,-21,-8,-27,-27,0,1,-8,23,18,30,-8,sil
21.06648182868957,13,4,4,-10,-2,-18,-35,-9,-15,-15,28,25,24,-6,sil
21.06648182868957,5,16,8,4,6,0,-19,-7,-13,-8,19,5,10,-6,sil
21.08203673362732,-5,10,2,11,5,6,-5,-10,-10,-11,2,-19,-6,-16,sil
21.08203673362732,-14,-8,-2,5,-1,8,5,-9,-12,-8,-22,-26,-30,-22,sil
21.097551345825195,-16,-19,-12,-2,-3,15,22,0,-2,8,-29,-20,-29,-17,sil
21.097551345825195,-22,-22,-19,-14,-5,9,13,0,2,8,-23,-22,-18,-12,sil
21.11307120323181,-20,-21,-16,-14,-5,0,-6,-5,1,1,-14,-18,-13,-3,sil
21.11307120323181,-3,-15,-10,-7,-1,-10,-15,-5,-2,-3,-3,1,-2,6,sil
21.128591537475582,9,0,3,-10,-1,-13,-19,-4,-15,-17,10,19,9,2,sil
21.128591537475582,11,23,23,7,5,0,-13,-13,-13,-16,22,15,14,-6,sil
21.14427328109741,-1,26,22,24,8,14,2,-12,-3,-2,2,1,0,-4,sil
21.14427328109741,-5,7,5,14,2,13,16,2,7,15,-14,-4,-3,6,sil
21.159868240356445,13,1,2,-2,-1,2,18,16,24,22,0,3,14,18,sil
21.159868240356445,23,4,5,-10,-4,-12,-2,11,16,-7,13,17,18,9,sil
21.1751012802124,16,4,1,-7,-8,-21,-23,-7,-8,-36,18,19,9,-13,sil
21.1751012802124,11,14,10,6,-2,-12,-16,-8,-21,-21,25,10,8,-8,sil
21.190267324447632,2,24,25,24,5,4,4,-2,-16,0,14,0,1,5,sil
21.190267324447632,-8,6,14,17,4,9,14,-6,-7,1,-13,-8,-19,1,sil
21.206355333328247,-6,-9,0,-1,0,7,19,2,-1,2,-24,-9,-22,7,sil
21.206355333328247,-4,-6,-1,3,0,16,27,10,1,16,-12,-9,-5,16,sil
21.222034454345703,-14,-8,-8,3,0,15,21,0,0,19,-17,-17,-13,7,sil
21.222034454345703,-14,-12,-13,-4,6,7,17,6,14,24,-19,-16,-13,7,sil
21.23708486557007,-1,-5,-12,0,13,5,17,21,27,31,1,5,19,16,sil
21.23708486557007,0,-8,-12,-1,3,-5,0,13,15,22,9,17,30,9,sil
21.25295472145081,0,-15,-23,-17,-9,-19,-17,0,8,9,6,3,12,0,sil
21.25295472145081,-6,-15,-27,-26,-11,-23,-21,0,4,-8,1,-6,0,-8,sil
21.26817631721497,-9,-13,-19,-23,-10,-13,-17,0,-8,-29,-1,0,0,-18,sil
21.26817631721497,0,-6,-13,-16,-7,-1,-10,1,-2,-17,7,5,9,-9,sil
21.283653020858765,6,4,-8,-16,-1,0,-11,3,2,-10,10,3,2,-3,sil
21.283653020858765,8,15,4,0,3,-2,-17,-10,-2,-22,9,6,-9,-18,sil
21.29897379875183,19,27,27,24,10,-2,-14,-20,-9,-23,17,17,-6,-19,sil
21.29897379875183,23,35,43,34,12,1,-8,-13,-15,-14,20,17,0,-7,sil
21.31413078308105,6,23,29,32,6,6,-3,-17,-20,-13,3,-5,-10,-9,sil
21.31413078308105,-7,3,11,19,0,8,3,-20,-21,-12,-17,-24,-29,-10,sil
21.32953953742981,-1,-2,11,14,0,13,13,-8,-9,8,-17,-17,-24,4,sil
21.32953953742981,2,-6,12,12,0,15,11,1,2,25,-10,0,-5,17,sil
21.34553694725037,-3,-9,5,5,-1,14,11,9,12,22,-8,1,2,19,sil
21.34553694725037,-9,-8,0,0,0,11,20,19,23,21,-4,-3,4,13,sil
21.360182762146,-14,-15,-11,-11,-2,-2,13,14,13,18,-12,-8,0,4,sil
21.37543153762817,-16,-22,-20,-21,-9,-10,1,1,6,16,-16,-13,0,0,sil
21.37543153762817,-6,-11,-16,-13,-5,-4,0,3,11,13,-8,-7,5,8,sil
21.39149689674377,0,4,-6,0,3,0,-3,12,4,0,-2,5,6,13,sil
21.39149689674377,2,5,-13,-4,3,-7,-6,4,-3,-15,0,2,11,3,sil
21.40731310844421,9,-3,-15,-24,-5,-13,-5,0,0,-15,0,1,16,-2,sil
21.40731310844421,10,-6,-8,-27,-4,-6,1,9,7,0,8,15,25,6,sil
21.42290949821472,-1,-8,-14,-19,0,-7,-3,8,5,3,12,12,26,5,sil
21.42290949821472,-6,-6,-19,-20,-3,-20,-15,-3,-8,-11,7,0,11,-13,sil
21.43831181526184,0,3,-3,-13,-6,-15,-14,-13,-15,-24,14,2,2,-28,sil
21.43831181526184,-3,1,5,-11,-4,-3,-14,-13,-23,-31,7,-1,-9,-26,sil
21.45328450202942,-9,0,3,-8,0,0,-11,-6,-19,-14,0,-8,-13,-14,sil
21.45328450202942,4,15,17,9,10,0,2,-1,-4,5,11,4,0,-4,sil
21.468913316726685,15,21,36,24,10,11,7,-1,-3,6,15,15,3,1,sil
21.468913316726685,9,16,30,32,9,28,8,-5,0,15,4,0,-6,10,sil
21.48401045799256,3,12,17,33,15,35,18,-6,7,22,0,-10,-16,12,sil
21.48401045799256,2,4,9,30,10,28,24,-3,6,14,-1,-8,-18,6,sil
21.49914002418518,-6,-11,-1,17,-3,16,17,-1,5,14,-7,-8,-19,2,sil
21.49914002418518,-18,-22,-10,0,-10,6,12,0,8,15,-18,-14,-22,8,sil
21.5144431591034,-14,-18,-14,-5,-3,7,19,10,22,8,-12,-9,-10,13,sil
21.5144431591034,-2,-12,-16,-4,-5,-2,10,24,33,3,0,7,2,15,sil
21.53019618988037,4,-7,-9,-6,-11,-21,-8,25,25,5,1,20,7,10,sil
21.53019618988037,8,-4,-5,-6,-6,-30,-16,11,8,0,-1,17,7,2,sil
21.545280694961548,3,-3,-10,-15,-4,-40,-25,0,-6,-17,0,7,0,-6,sil
21.545280694961548,3,8,-9,-6,-7,-38,-31,-5,-14,-21,5,6,-7,-9,sil
21.561341285705566,20,32,14,23,-2,-14,-20,-11,-17,-14,6,15,-3,0,sil
21.561341285705566,29,39,36,32,6,1,-6,-12,-15,-14,4,17,11,5,sil
21.577450275421143,16,25,20,19,9,-7,-10,-17,-18,-20,3,10,28,-6,sil
21.577450275421143,2,14,8,5,0,-12,-20,-22,-26,-27,-2,0,24,-15,sil
21.59287524223328,-1,10,14,12,-1,3,-14,-23,-24,-19,-7,-13,12,-17,sil
21.59287524223328,-9,3,6,20,4,14,-5,-24,-31,-16,-10,-18,-2,-20,sil
21.60890221595764,-13,-6,-3,1,5,18,5,-10,-28,-12,-8,-14,-2,-13,sil
21.60890221595764,-13,-24,-15,-35,0,22,23,13,2,10,-6,-19,8,0,sil
21.624046564102173,-20,-30,-29,-44,0,21,24,17,10,21,-16,-28,-8,1,sil
21.624046564102173,-22,-11,-22,-9,4,30,20,6,10,23,-9,-18,-22,0,sil
21.63973426818848,-15,-9,-11,-6,4,32,21,13,24,36,7,-9,-8,1,sil
21.63973426818848,-10,-27,-17,-36,-4,12,24,27,28,38,5,-14,-5,7,sil
21.655675172805783,-9,-27,-21,-38,-3,2,24,22,28,29,0,-13,-8,16,sil
21.655675172805783,-11,-20,-21,-36,0,5,14,15,32,22,0,-1,5,15,sil
21.6712646484375,-4,-18,-20,-37,2,0,5,14,32,21,2,8,18,4,sil
21.6712646484375,12,-3,-7,-9,0,-14,-4,10,24,15,4,15,-4,14,sil
21.68736672401428,16,7,1,3,-10,-24,-14,8,11,-4,3,13,-16,22,sil
21.68736672401428,11,2,-3,-9,-8,-22,-13,0,-2,-23,8,11,15,0,sil
21.70295214653015,9,4,6,1,4,-18,-14,-14,-16,-30,13,19,19,-15,sil
21.70295214653015,11,22,31,37,7,-12,-13,-19,-19,-19,14,19,-2,-6,sil
21.718979358673096,10,19,28,31,-1,-14,-17,-18,-22,-17,7,10,-5,-8,sil
21.718979358673096,0,5,11,5,-11,-22,-29,-22,-37,-34,1,6,-6,-22,sil
21.73451924324036,0,15,19,22,-4,-11,-21,-20,-24,-23,15,7,4,-16,sil
21.73451924324036,15,28,39,49,7,12,1,0,0,4,29,14,19,10,sil
21.750385761260983,16,26,35,52,9,18,9,4,1,11,9,12,-5,23,sil
21.750385761260983,3,20,24,47,9,7,1,-10,-13,0,-21,0,-29,7,sil
21.76641130447388,3,16,24,35,6,16,15,-5,-4,-5,-25,-12,-5,-3,sil
21.76641130447388,-3,-1,0,16,-8,25,29,9,14,6,-18,-22,6,0,sil
21.78212118148804,-22,-29,-36,-21,-21,0,9,10,6,14,-32,-24,-13,3,sil
21.78212118148804,-9,-30,-35,-39,-4,-14,0,15,11,18,-22,0,1,8,sil
21.79830884933472,10,-6,-15,-23,8,-7,2,14,21,7,4,14,30,0,hello
21.79830884933472,4,1,-11,-18,-4,-23,-24,-9,-13,-26,1,6,2,-11,hello
21.81373381614685,7,5,-6,-15,-4,-27,-37,-19,-33,-37,6,12,-20,1,hello
21.81373381614685,15,13,5,-5,9,-5,-12,-2,-8,-19,19,13,0,1,hello
21.82927703857422,-1,7,4,-6,4,9,4,0,1,-2,7,-9,6,-23,hello
21.82927703857422,-18,-1,-5,-3,1,16,8,-9,-7,2,-8,-22,-13,-19,hello
21.84490299224853,-17,-2,-6,7,11,29,17,0,0,3,-12,-22,-21,0,hello
21.84490299224853,-15,-11,-10,7,5,28,21,11,18,23,0,-19,-4,6,hello
21.860471725463867,-21,-23,-22,-13,-13,9,12,14,23,37,0,-9,1,8,hello
21.860471725463867,-22,-26,-31,-30,-13,3,12,14,16,21,-9,-4,1,9,hello
21.87633180618286,-3,-21,-26,-32,0,1,9,12,14,11,6,1,17,12,hello
21.87633180618286,18,-3,4,-18,0,-16,-8,7,-1,10,33,20,31,14,hello
21.892008066177368,22,19,26,7,2,-16,-16,-4,-20,0,30,20,23,1,hello
21.892008066177368,12,23,23,22,9,0,-9,-13,-12,-8,15,6,4,-8,hello
21.9069893360138,0,14,19,18,12,9,4,-6,13,5,8,3,-2,-6,hello
21.9069893360138,-16,-3,0,7,8,9,20,0,23,16,-17,-13,-12,-13,hello
21.92258906364441,-18,-26,-21,-17,-9,-2,7,-2,1,-9,-52,-33,-30,-15,hello
21.92258906364441,0,-20,-13,-19,-20,-19,-15,-2,-6,-30,-36,-11,-11,0,hello
21.938714027404785,15,0,1,-2,-4,-23,-21,-1,3,-19,-3,11,15,4,hello
21.938714027404785,15,10,7,0,4,-17,-19,-3,-2,-7,4,5,10,-3,hello
21.954262256622314,10,18,18,1,-2,-9,-10,-6,-22,-1,13,4,2,-6,hello
21.954262256622314,5,24,26,15,5,10,7,-3,-18,4,15,13,1,1,hello
21.96926665306092,3,14,22,28,19,36,27,0,6,11,4,5,-8,9,hello
21.96926665306092,-1,-4,6,19,1,34,27,8,16,18,-1,-5,-14,13,hello
21.98474502563477,-7,-17,-8,-6,-16,8,13,16,16,22,5,0,0,14,hello
21.98474502563477,-4,-19,-20,-20,-5,-9,-2,14,19,-2,0,4,9,5,hello
22.00034117698669,-4,-20,-21,-27,-4,-23,-24,2,-2,-48,-24,-1,-8,-8,hello
22.00034117698669,0,-2,-10,-23,-16,-27,-29,-10,-21,-49,-11,4,-9,-15,hello
22.01625609397888,11,20,5,0,-7,-21,-21,-19,-20,-15,24,15,6,-7,hello
22.01625609397888,13,18,19,20,3,-5,-10,-15,-27,-5,18,12,2,4,hello
22.03143000602722,5,13,20,33,9,15,9,-8,-19,6,3,7,-1,12,hello
22.03143000602722,0,14,13,26,13,22,23,-2,3,25,7,6,0,20,hello
22.047589778900143,0,0,-1,7,1,9,20,17,30,32,11,3,6,18,hello
22.047589778900143,4,-7,-15,1,-14,-10,2,30,38,26,5,4,20,0,hello
22.06295132637024,1,14,-7,9,0,-12,-13,14,14,4,0,6,12,-13,hello
22.06295132637024,0,26,10,24,30,6,-9,-6,-2,-6,16,2,5,-6,hello
22.07832336425781,-3,14,16,25,28,7,-7,-19,-20,-10,23,-4,1,-3,hello
22.07832336425781,-13,0,1,15,5,1,-6,-35,-52,-17,-16,-23,-21,-15,hello
22.09354376792908,-19,-15,-20,1,0,14,11,-29,-40,-8,-41,-32,-28,-16,hello
22.09354376792908,-16,-26,-20,-19,-1,15,27,9,16,20,-12,-17,-1,0,hello
22.11464262008667,-18,-32,-18,-34,-15,-1,21,33,45,30,-1,-9,7,1,hello
22.11464262008667,-15,-40,-33,-50,-22,-16,-6,16,21,-5,-36,-14,-16,-7,hello
22.12524962425232,0,-25,-26,-49,-17,-18,-23,0,4,-29,-29,-5,-15,-13,hello
22.12524962425232,13,9,7,-18,-6,-10,-19,1,6,-10,14,4,15,-9,hello
22.14093446731568,11,31,31,15,1,-1,-16,0,-10,-6,4,-8,7,-8,hello
22.15602135658264,4,25,16,30,5,4,-7,-21,-35,-21,-27,-22,-19,-7,hello
22.15602135658264,8,3,1,12,-2,9,12,-23,-34,-11,-13,-3,-7,15,hello
22.172115087509155,12,-9,5,-9,-6,17,27,11,0,22,23,19,25,38,hello
22.172115087509155,0,-9,1,-7,0,11,23,32,40,47,26,16,23,29,hello
22.18797254562378,-4,-12,-4,-8,-4,-3,10,22,46,29,6,9,1,8,hello
22.18797254562378,2,-12,-8,-27,-9,-14,-2,7,22,-9,8,17,4,-6,hello
22.20349836349488,1,-2,-12,-24,-4,-26,-24,-4,-11,-36,10,15,0,-23,hello
22.20349836349488,4,17,8,9,6,-18,-29,-9,-22,-24,4,9,-13,-19,hello
22.21939444541931,19,29,41,33,17,16,-1,-3,3,15,24,19,6,14,hello
22.21939444541931,14,14,31,29,15,37,24,6,25,45,33,17,18,33,hello
22.234971284866333,-2,-5,-6,19,13,22,23,6,24,43,9,0,8,18,sil
22.234971284866333,-2,-11,-20,-8,14,-6,2,-7,7,4,2,4,7,1,sil
22.25063467025757,0,-5,-9,-28,-2,-15,-11,-20,-14,-29,14,12,17,-9,sil
22.25063467025757,-18,-3,-4,-4,-16,1,-3,-25,-30,-27,-9,-16,-2,-26,sil
22.266138553619385,-31,-11,-9,10,-5,10,6,-9,-25,-19,-58,-39,-54,-19,sil
22.266138553619385,-4,-7,-5,1,2,-1,7,19,6,-7,-46,-12,-44,13,sil
22.281328439712524,27,16,5,5,-1,-23,-8,25,14,-4,0,16,17,14,sil
22.281328439712524,21,31,22,30,0,-28,-27,2,-23,-27,7,10,19,-11,sil
22.29750418663025,0,20,20,38,7,1,-17,-14,-30,-19,7,-7,-8,-9,sil
22.29750418663025,-5,0,-3,4,1,20,4,-9,1,26,9,-14,2,10,sil
22.312913179397583,-1,-3,-15,-4,2,3,5,-2,17,30,4,-2,23,7,sil
22.312913179397583,-2,-2,-13,-1,5,-15,-16,-8,-2,-20,0,6,10,-13,sil
22.328094244003296,-9,-3,-11,-19,-4,-8,-16,-9,-27,-44,0,-7,-11,-28,sil
22.3285551071167,-6,7,0,0,0,13,15,0,-18,-8,-2,-16,-17,-22,sil
22.343295574188232,-7,8,15,28,2,16,24,14,0,13,-13,-12,-22,-12,sil
22.343295574188232,-23,-20,-6,-4,-21,1,8,14,0,9,-23,-21,-27,-8,sil
22.35901618003845,-20,-40,-25,-30,-31,-12,-1,5,-1,6,-24,-17,-21,1,sil
22.35901618003845,5,-19,0,-12,-13,-18,-10,0,4,4,-10,16,-1,18,sil
22.37439775466919,21,0,12,-11,-3,-6,-12,-6,19,13,25,33,30,26,sil
22.37439775466919,11,0,-2,-34,2,8,-3,-9,21,18,49,23,39,19,sil
22.390004634857178,2,3,0,-16,14,7,0,-4,4,2,35,16,20,-1,sil
22.390004634857178,9,19,23,22,15,8,9,2,-4,-13,13,13,6,-7,sil
22.406068801879883,15,22,28,25,12,29,34,17,11,5,-2,-4,-1,7,sil
22.406068801879883,1,7,1,12,16,35,40,26,37,40,-15,-23,-8,10,sil
22.42122507095337,-6,-7,-18,0,4,1,15,22,35,39,-7,-12,0,11,sil
22.42122507095337,8,-18,-12,-25,-7,-25,1,12,17,16,3,9,21,25,sil
22.436415910720825,18,-16,-11,-28,-1,-25,-14,-13,2,0,-2,12,22,21,sil
22.436415910720825,12,10,-1,8,3,-19,-46,-39,-13,-12,5,16,9,0,sil
22.452358722686768,6,24,5,21,1,-9,-45,-35,-13,-16,30,17,13,-9,sil
22.452358722686768,-8,-1,-10,-14,2,2,-9,-17,-14,-17,2,-7,-1,-18,sil
22.46752119064331,-29,-12,-19,-13,6,15,21,-3,-25,-22,-42,-36,-33,-26,sil
22.46752119064331,-35,-2,-12,16,5,22,32,4,-29,-28,-51,-46,-47,-32,sil
22.48288059234619,-36,-11,-14,6,-3,20,23,15,-18,-27,-48,-47,-48,-31,sil
22.48288059234619,-27,-20,-18,-5,-10,8,11,19,6,0,-29,-32,-31,-14,sil
22.498045682907104,-6,-20,-9,-10,-19,-13,-2,18,9,16,-14,-5,-11,5,sil
22.498045682907104,5,-16,0,-14,-22,-21,-12,7,-8,2,-12,17,-3,19,sil
22.513396501541138,17,3,12,3,-4,-14,-21,-15,-4,-1,19,37,15,30,sil
22.513396501541138,37,27,29,19,4,-18,-36,-21,4,12,55,53,42,32,sil
22.528975009918213,46,28,28,10,0,-21,-29,-1,6,9,47,55,52,19,sil
22.528975009918213,28,16,16,-2,1,-19,-7,7,1,-12,18,35,26,0,sil
22.5446138381958,4,13,19,3,0,-11,1,5,-7,-23,15,11,1,-18,sil
22.5446138381958,0,14,21,16,0,5,14,10,0,-12,21,0,3,-20,sil
22.560595512390137,2,10,13,8,12,13,22,14,4,-14,1,-5,0,-10,sil
22.560595512390137,0,13,14,9,9,6,5,4,-8,-14,-2,-7,-5,-1,sil
22.57622718811035,3,22,23,26,-2,0,-15,-13,-26,-4,18,2,1,-1,sil
22.57622718811035,14,29,29,39,11,8,-13,-31,-31,-1,18,6,-1,-2,sil
22.59230709075928,10,19,14,41,24,22,-1,-39,-17,8,9,0,-6,-1,sil
22.59230709075928,-16,-14,-23,5,0,16,-6,-23,1,21,0,-11,-10,0,sil
22.607518434524536,-32,-38,-44,-37,-7,10,3,6,18,24,-7,-24,-5,0,sil
22.607518434524536,-26,-33,-34,-37,6,19,36,27,31,24,-13,-28,-2,-1,sil
22.623149394989014,-25,-30,-30,-25,0,24,53,33,37,24,-30,-29,-16,-4,sil
22.623149394989014,-25,-35,-38,-32,-5,11,45,33,46,30,-35,-31,-14,2,sil
22.638299226760864,-11,-30,-23,-33,0,-7,20,32,41,25,-17,-17,6,18,sil
22.638299226760864,-1,-14,-7,-19,-3,-14,-8,15,20,5,-3,0,10,14,sil
22.65426349639893,-3,-2,-6,-11,-2,-10,-23,-9,-4,-7,-9,-6,-6,1,sil
22.65426349639893,-4,0,-1,-5,-8,-3,-16,-18,-23,-11,-16,-15,-15,-3,sil
22.66895198822021,-4,0,-2,5,-17,1,-2,-17,-18,-9,-15,-9,-7,-4,sil
22.68498706817627,-7,0,-5,0,-2,-3,-1,-17,-13,-11,-21,-2,-10,0,sil
22.68498706817627,-4,-6,-1,-6,-1,-13,-2,-5,-9,-9,-18,4,-9,-1,sil
22.68498706817627,8,-1,1,0,-17,-14,-1,4,0,-10,0,14,4,-5,sil
22.70016431808472,20,18,8,11,-6,-7,-8,5,0,-11,18,24,11,0,sil
22.71624445915222,24,23,14,13,11,0,-11,6,8,8,29,31,22,8,sil
22.71624445915222,28,6,9,3,1,-2,-16,11,20,17,22,32,34,13,sil
22.71624445915222,32,10,11,4,-3,-15,-26,-2,-1,-10,12,26,24,12,sil
22.731884956359863,23,25,21,16,7,-19,-33,-29,-44,-34,13,12,-2,0,sil
22.731884956359863,13,28,27,16,11,-8,-29,-29,-55,-21,14,5,-16,-9,sil
22.747430086135864,11,24,19,11,9,0,-10,-12,-35,-5,12,7,-2,-2,sil
22.747430086135864,7,11,5,-1,1,-7,0,-2,-26,-15,6,5,8,-1,sil
22.76357865333557,0,4,4,-8,6,0,16,11,-6,-12,12,2,12,-7,sil
22.76357865333557,-5,9,0,0,16,16,24,16,22,4,19,0,14,-11,sil
22.77892637252808,-20,0,-6,6,3,9,4,5,21,1,5,-9,0,-10,sil
22.794962882995605,-22,-10,-2,11,-3,4,-3,3,17,7,0,-7,-10,-3,sil
22.794962882995605,-10,-4,9,12,8,10,6,5,20,13,-1,-2,-8,0,sil
22.794962882995605,-7,0,12,9,7,10,13,-2,5,0,-10,-12,-13,-1,sil
22.810126304626465,-9,-3,4,11,0,10,18,-5,-2,1,-8,-19,-16,-4,sil
22.82620120048523,-14,-19,-6,-4,-6,10,16,2,-1,9,-16,-17,-22,-8,sil
22.82620120048523,-26,-36,-20,-25,-16,3,6,-1,0,0,-35,-27,-27,-11,sil
22.82620120048523,-27,-35,-25,-28,-18,-1,2,-4,1,-6,-34,-36,-24,-10,sil
22.8418996334076,-13,-16,-15,-16,-10,0,8,9,14,7,-15,-15,-8,0,sil
22.85698270797729,-1,-5,-6,-3,-2,5,17,9,22,24,-4,4,5,12,sil
22.85698270797729,0,-2,-6,-1,-1,4,10,-3,6,8,-9,2,2,15,sil
22.872995615005493,3,4,-6,0,-1,0,-1,-4,2,5,1,3,15,14,sil
22.872995615005493,8,6,-3,3,0,-1,-4,2,8,20,14,16,25,17,sil
22.88934206962585,7,2,0,4,0,1,1,0,-2,11,2,12,0,13,sil
22.88934206962585,6,6,-1,12,8,10,6,0,-2,-1,-2,2,-7,6,sil
22.88934206962585,14,12,4,12,14,5,1,11,11,7,12,14,17,9,sil
22.90491223335266,15,5,3,-1,7,-5,-3,13,15,10,18,21,27,9,sil
22.920027256011963,4,-8,-9,-14,-2,-8,-9,7,8,-6,7,11,14,0,sil
22.920027256011963,9,-4,-3,-5,0,-6,-8,17,6,-7,14,18,18,4,sil
22.935116052627563,27,12,11,7,11,-7,-4,17,11,16,34,30,36,11,sil
22.935116052627563,17,11,6,0,5,-14,-18,-4,0,2,17,10,18,1,sil
22.950329780578613,0,4,0,-2,-3,-17,-23,-17,-13,-20,-2,-8,-9,-6,sil
22.950329780578613,5,9,12,7,-7,-13,-9,-13,-16,-11,6,1,-11,-6,sil
22.965848207473755,17,17,23,8,-2,-8,-7,-16,-23,-16,3,4,-12,-11,sil
22.965848207473755,7,8,6,-3,1,-12,-21,-26,-28,-38,-10,-10,-20,-26,sil
22.98139452934265,-14,-13,-18,-26,-9,-17,-23,-21,-35,-41,-15,-19,-28,-33,sil
22.98139452934265,-18,-9,-8,-14,-13,0,-5,-9,-26,-18,-6,-16,-18,-22,sil
22.99726939201355,-9,5,15,17,0,13,7,-9,-8,1,-3,-19,-9,-4,sil
22.99726939201355,-20,-1,9,11,-2,13,10,-5,-5,5,-19,-22,-18,0,sil
23.01253604888916,-23,-5,-6,0,0,18,19,2,1,11,-13,-14,-8,-1,sil
23.01253604888916,0,10,2,12,10,14,15,4,8,7,6,-1,8,9,sil
23.028106927871704,2,14,14,20,7,7,3,2,2,0,0,0,2,12,sil
23.028106927871704,-16,1,0,15,4,18,12,7,2,9,-24,-7,-14,-2,sil
23.04316711425781,-18,-12,-12,1,5,25,31,18,14,22,-31,-11,-20,-3,sil
23.04316711425781,-4,-20,-12,-11,0,19,36,19,28,27,-18,-3,-9,12,sil
23.05929517745972,1,-21,-16,-18,-3,0,15,14,26,16,-9,9,5,19,sil
23.05929517745972,4,-19,-22,-27,-8,-25,-14,11,9,-7,-3,15,14,7,sil
23.07536792755127,4,-22,-20,-38,-16,-36,-30,0,-2,-23,1,8,9,-5,sil
23.07536792755127,3,-13,-2,-31,-9,-25,-27,-4,-5,-19,7,5,9,-4,sil
23.090901851654053,9,11,13,0,7,-6,-6,1,4,5,24,12,28,3,sil
23.090901851654053,4,23,18,18,7,0,3,0,3,14,22,11,23,6,sil
23.10698413848877,0,22,20,18,0,7,5,-5,-6,2,10,4,2,6,sil
23.10698413848877,12,26,20,25,9,17,7,0,-1,4,24,10,13,3,sil
23.12230372428894,12,26,15,24,15,9,1,0,0,4,25,12,12,-4,sil
23.12230372428894,0,12,10,27,8,4,0,-11,-2,0,10,0,-9,-5,sil
23.13808870315552,5,0,8,28,9,15,13,-1,10,15,7,0,-8,7,sil
23.13808870315552,9,-6,-1,6,4,7,14,13,21,28,8,10,13,13,sil
23.15311598777771,0,-20,-25,-15,-10,-11,-4,0,11,10,0,-2,10,5,sil
23.15311598777771,-1,-28,-35,-19,-13,-5,-9,-2,9,-3,-3,-10,-1,7,sil
23.16923856735229,6,-17,-21,-18,-3,3,-4,15,26,17,10,10,25,15,sil
23.16923856735229,5,-3,-7,-23,-16,-16,-24,3,8,10,18,19,34,4,sil
23.18481183052063,0,7,0,-13,-22,-32,-34,-21,-31,-29,3,0,-7,-10,sil
23.18481183052063,5,15,12,7,6,-16,-12,-21,-32,-35,-6,-9,-25,-11,sil
23.20039749145508,4,12,20,10,19,-2,-2,-12,-23,-23,-8,-6,-16,-15,sil
23.20039749145508,-9,7,12,11,10,9,0,-17,-30,-24,-18,-18,-31,-29,sil
23.215928554534912,-19,7,3,17,7,18,12,-13,-33,-23,-38,-33,-55,-27,sil
23.215928554534912,-11,3,12,17,0,17,18,4,-19,-7,-39,-27,-43,-6,sil
23.231072425842285,-4,-3,4,7,-7,17,18,12,4,3,-23,-19,-18,1,sil
23.231072425842285,-18,-15,-16,-12,-6,11,14,8,8,-6,-31,-17,-16,-5,sil
23.24623203277588,-25,-21,-17,-24,-3,4,11,12,10,1,-25,-6,-5,-1,sil
23.24623203277588,-9,-19,-6,-19,0,0,6,17,23,34,4,2,15,13,sil
23.26193070411682,0,-10,-6,-17,-3,-12,-1,13,17,25,6,0,12,11,sil
23.26193070411682,3,-1,-12,-9,-5,-23,-6,1,10,-1,0,10,13,5,sil
23.27744746208191,8,1,-7,-11,-3,-14,-11,1,12,-3,13,26,23,13,sil
23.27744746208191,9,1,0,-14,-3,-10,-20,1,5,0,17,19,18,5,sil
23.292999505996704,8,5,1,-5,1,-16,-22,-11,-10,-9,12,5,4,-15,sil
23.292999505996704,13,16,10,8,15,0,-6,-12,-16,-15,16,14,2,-9,sil
23.308391332626343,15,24,18,19,15,18,8,0,-6,-3,25,24,8,2,sil
23.308391332626343,6,12,13,13,-3,9,8,-2,-6,0,14,6,2,0,sil
23.324076175689697,0,0,14,11,-6,14,17,0,0,8,2,-2,2,7,sil
23.324076175689697,3,0,12,19,9,31,35,15,27,38,8,9,27,30,sil
23.33988785743713,13,-3,1,14,9,11,18,20,38,43,18,21,48,40,sil
23.33988785743713,32,3,4,12,6,-7,-1,6,24,18,32,27,50,29,sil
23.354979276657104,27,20,15,17,9,-4,-2,-2,0,-5,33,21,28,5,sil
23.354979276657104,-7,14,4,15,-2,0,-1,-11,-18,-14,7,-8,-9,-21,sil
23.37058091163636,-29,-8,-14,6,-18,-3,-3,-20,-22,-12,-25,-36,-41,-31,sil
23.37058091163636,-25,-24,-20,-13,-19,-10,-3,-9,-10,-8,-37,-35,-49,-19,sil
23.38626742362976,-12,-24,-24,-36,-11,-18,-11,7,6,-2,-22,-20,-20,-5,sil
23.38626742362976,-5,-16,-25,-47,-10,-26,-28,1,-3,-17,-13,-8,1,-8,sil
23.40189814567566,-14,-3,-15,-31,-6,-20,-32,-18,-33,-44,-18,-10,-15,-27,sil
23.40189814567566,-23,2,-3,3,7,0,-13,-22,-32,-27,-19,-23,-30,-29,sil
23.41696286201477,-15,0,5,13,10,13,2,-1,-7,10,-15,-20,-18,-3,sil
23.41696286201477,-8,0,1,8,5,18,7,3,5,18,-4,-6,-6,9,sil
23.432677268981934,-7,3,4,16,8,18,8,-1,3,2,-1,-5,-13,3,sil
23.44793963432312,0,3,15,17,6,8,15,9,12,9,-2,0,-7,9,sil
23.44793963432312,3,-5,0,-6,0,-1,13,18,26,21,-1,7,10,12,sil
23.4634006023407,6,-10,-12,-20,-2,0,7,14,20,4,-3,8,5,9,sil
23.4634006023407,16,-1,6,0,1,6,13,15,16,-5,-1,10,0,13,sil
23.4793598651886,13,-2,3,-6,0,-2,1,5,4,-7,1,14,1,5,sil
23.4793598651886,4,-4,-11,-21,-6,-16,-16,-3,-19,-20,6,16,9,-13,sil
23.494929552078247,14,18,8,10,0,-5,-8,1,-12,-14,22,19,20,-8,sil
23.494929552078247,27,36,35,36,12,5,0,2,1,2,29,22,14,5,sil
23.510239362716675,24,26,29,22,15,5,-2,-5,0,12,30,23,15,4,sil
23.510239362716675,13,14,12,7,9,0,-1,-9,-8,12,25,16,22,0,sil
23.52631998062133,0,10,11,11,0,3,6,-6,-10,7,8,1,6,0,sil
23.52631998062133,-10,2,4,19,-2,12,13,-6,-1,6,-6,-10,-11,-1,sil
23.54243421554565,-21,-15,-17,4,-10,8,9,-12,0,4,-24,-18,-20,0,sil
23.54243421554565,-22,-25,-25,-9,-9,4,8,-10,0,7,-30,-19,-20,-1,sil
23.558124780654907,-9,-22,-11,0,-2,6,16,8,7,19,-16,-13,-7,6,sil
23.558124780654907,-2,-20,-9,0,-6,2,15,19,13,16,-12,-12,0,14,sil
23.57396054267884,-3,-24,-25,-19,-10,-7,2,8,12,0,-16,-11,5,5,sil
23.57396054267884,0,-19,-23,-30,-6,-21,-17,6,3,-19,-3,0,14,2,sil
23.589284658432007,11,-2,-7,-20,-5,-25,-26,9,3,-11,20,12,25,12,sil
23.589284658432007,15,4,-1,-11,-6,-15,-17,5,13,8,27,12,25,8,sil
23.60489296913147,9,5,3,-10,-4,-6,-14,4,8,2,15,12,15,-1,sil
23.60489296913147,1,9,9,-2,0,-4,-14,0,-1,-6,18,14,9,-5,sil
23.62016987800598,-6,11,9,-8,0,-6,-11,-17,-14,-13,15,4,-6,-10,sil
23.62016987800598,-11,17,11,-5,0,-2,-6,-25,-28,-32,-4,-11,-28,-23,sil
23.635758876800537,-5,22,16,13,9,5,-1,-18,-28,-29,-12,-13,-24,-24,sil
23.635758876800537,-7,9,17,12,5,7,1,-7,-18,-5,-8,-9,-12,-14,sil
23.65084147453308,-23,-4,3,2,-2,11,4,-11,-17,-9,-16,-18,-24,-15,sil
23.65084147453308,-28,-5,-5,7,3,22,9,-11,-18,-22,-26,-26,-37,-14,sil
23.66643619537353,-11,0,0,21,13,31,29,12,8,11,-19,-20,-13,1,sil
23.66643619537353,-1,-1,-1,25,12,23,39,28,33,42,-15,-14,7,14,sil
23.68191814422608,-1,-8,-14,1,5,7,22,18,25,29,-16,-2,0,19,sil
23.68191814422608,6,-9,-15,-14,6,1,4,11,26,26,0,11,8,22,sil
23.69801020622253,14,-4,-8,-7,1,-9,-8,6,26,24,9,12,17,14,sil
23.69801020622253,20,5,-1,-3,-8,-19,-18,3,4,1,7,17,10,2,sil
23.714131832122803,25,7,-2,-6,-9,-20,-24,-2,-6,-17,12,26,12,0,sil
23.714131832122803,16,-5,-4,-15,-3,-25,-31,-9,-16,-27,1,18,6,-1,sil
23.72926020622253,15,0,6,-9,3,-19,-28,-6,-24,-17,3,12,2,-1,hello
23.72926020622253,17,19,17,9,8,-4,-12,-1,-21,-11,15,10,5,-5,hello
23.74487566947937,-1,9,13,13,0,3,2,-6,-8,-12,9,-5,2,-6,hello
23.74487566947937,-16,-7,5,9,-9,12,21,-6,8,13,3,-17,0,0,hello
23.760993719100952,-11,-7,3,10,-4,17,28,7,13,31,1,-11,-5,7,hello
23.760993719100952,-13,-11,-2,13,1,12,18,3,10,18,-2,-12,-12,-1,hello
23.77717971801757,-22,-26,-14,-10,-2,0,5,-2,10,10,-13,-17,-12,-8,hello
23.77717971801757,-16,-25,-16,-25,-10,-2,2,6,11,5,-11,-5,-1,-2,hello
23.79220032691956,0,-2,-7,-2,-7,-1,0,5,9,-2,11,9,16,4,hello
23.79220032691956,9,9,3,4,-6,-8,-18,-1,-2,-13,25,19,21,3,hello
23.8073570728302,14,10,8,-3,-1,-9,-23,-3,-11,-16,25,27,21,-2,hello
23.8073570728302,17,20,15,7,8,-5,-14,-6,-18,-11,28,30,21,0,hello
23.82302069664001,19,35,30,30,11,0,-1,-1,-21,-6,27,25,9,6,hello
23.82302069664001,9,28,29,38,15,14,23,4,-2,0,19,13,0,6,hello
23.838414907455444,-1,6,13,23,13,26,37,0,13,13,1,-1,-4,10,hello
23.83882737159729,-2,-5,0,2,-4,13,22,-1,13,21,-13,-7,-9,13,hello
23.853928804397583,3,-9,-5,-9,-14,-14,-3,5,11,5,-15,1,-7,6,hello
23.853928804397583,13,-6,-4,-21,-6,-21,-15,5,2,-13,-7,11,4,2,hello
23.86908912658692,14,0,-4,-18,0,-10,-17,-10,-12,-17,0,4,5,-1,hello
23.86908912658692,-4,0,-6,-5,-14,-5,-17,-19,-25,-23,-10,-17,-19,-12,hello
23.88450169563293,-25,-7,-13,-4,-18,6,-4,-5,-14,-12,-34,-35,-29,-15,hello
23.88450169563293,-27,-16,-22,-13,-1,20,10,6,5,14,-45,-37,-20,-3,hello
23.899909496307373,-20,-23,-29,-26,9,15,15,13,15,25,-41,-37,-19,0,hello
23.899909496307373,-19,-24,-36,-33,7,5,13,20,23,24,-33,-39,-9,-3,hello
23.915985107421875,-14,-18,-33,-35,4,-7,-6,16,23,10,-27,-21,4,1,hello
23.915985107421875,-4,-2,-18,-21,9,-22,-23,-1,12,-5,-6,-1,9,-3,hello
23.93135714530945,-3,5,-10,-13,17,-16,-15,-13,-7,-18,4,-12,-2,-22,hello
23.93135714530945,-12,3,-1,-11,6,-3,-8,-17,-37,-35,-9,-23,-27,-31,hello
23.94750595092773,-14,4,10,1,-8,1,-9,-26,-37,-33,-8,-13,-27,-24,hello
23.94750595092773,-5,6,19,12,-1,8,-3,-18,-13,-8,9,0,-7,-9,hello
23.96358823776245,4,5,27,22,6,20,13,8,9,17,14,16,2,10,hello
23.96358823776245,11,1,19,25,-2,14,23,21,27,32,12,27,7,17,hello
23.97914671897888,9,-4,3,6,-11,-6,9,19,27,25,16,27,18,11,hello
23.97914671897888,15,0,4,14,0,-9,-1,17,17,11,33,38,37,18,hello
23.995189428329468,23,10,14,31,3,-9,-4,7,4,-9,40,47,42,20,hello
23.995189428329468,22,14,19,24,0,-12,-4,-5,-4,-20,37,34,28,0,hello
24.01089119911194,20,17,21,22,6,-6,-5,-12,-7,-3,34,21,14,-4,hello
24.01089119911194,14,20,21,25,7,-1,-3,-14,-15,1,19,17,1,3,hello
24.025952577590942,9,21,19,23,0,2,5,-14,-14,0,9,4,0,2,hello
24.025952577590942,5,6,9,16,-10,4,2,-9,-10,8,-2,-10,-3,1,hello
24.040955305099487,-10,-15,-9,-2,-11,5,-1,-5,-11,5,-22,-24,-15,6,hello
24.040955305099487,-16,-16,-20,-8,0,11,9,4,0,7,-17,-26,-10,11,hello
24.0569920539856,5,-5,-8,-9,3,5,6,17,11,10,1,-1,4,16,hello
24.0569920539856,20,1,0,-14,0,-10,-11,4,1,-4,15,21,16,9,hello
24.07256031036377,3,7,0,-6,0,-6,-9,-10,-11,-12,14,9,9,-1,hello
24.07256031036377,-14,3,1,2,0,17,11,2,1,5,-5,-15,-11,0,hello
24.088091373443604,-16,-8,-6,-6,3,29,25,10,17,13,-18,-21,-17,3,hello
24.088091373443604,-4,-11,-10,-14,5,15,20,5,10,0,-13,-5,-8,10,hello
24.104051113128666,9,-5,-1,-8,-5,-1,9,11,17,11,-5,9,3,18,hello
24.104051113128666,11,-7,-5,-18,-12,-17,-7,15,25,13,-1,14,14,7,hello
24.124627590179443,0,-3,-8,-24,-4,-29,-22,6,5,-14,9,19,20,-8,hello
24.124627590179443,-2,7,2,-4,-1,-31,-29,-12,-13,-28,19,24,14,-17,hello
24.135329246521,-3,7,8,0,-7,-28,-30,-32,-33,-31,3,6,-10,-29,hello
24.135329246521,-12,-1,2,2,0,-2,-7,-22,-35,-26,-17,-15,-28,-30,hello
24.150919675827023,-19,-5,-2,8,9,23,15,2,-4,2,-21,-17,-22,-14,hello
24.150919675827023,-19,-5,-7,-2,3,19,12,14,12,20,-22,-17,-16,-4,hello
24.167462587356567,-12,-11,-14,-13,1,0,4,9,7,10,-25,-19,-11,-5,sil
24.167462587356567,-2,-13,-18,-14,4,-6,-4,7,1,-10,-18,-13,-4,-7,sil
24.182522535324097,-3,1,-13,-11,10,5,-8,0,-1,-16,-10,-18,-3,-17,sil
24.182522535324097,-13,10,-8,1,12,13,-1,-8,-6,-6,-27,-36,-19,-22,sil
24.198278188705444,-8,2,-1,11,5,13,13,-2,-2,4,-42,-40,-29,-6,sil
24.198704719543457,0,-4,-5,5,6,23,27,8,18,26,-25,-33,-12,13,sil
24.21340537071228,-11,-14,-24,-14,7,15,18,10,26,26,-24,-32,-3,13,sil
24.21340537071228,-9,-22,-30,-25,-6,-11,-7,6,13,5,-27,-24,6,6,sil
24.229541778564453,8,-13,-15,-29,-12,-21,-16,2,4,-1,5,-1,20,5,sil
24.229541778564453,16,3,0,-22,-4,-17,-16,0,2,0,37,18,18,2,sil
24.244879245758057,20,20,15,11,0,-15,-15,-10,-6,-4,44,31,17,1,sil
24.25992465019226,22,28,40,36,0,-6,-6,-17,-23,-10,41,37,13,6,sil
24.25992465019226,11,19,44,35,0,5,7,-11,-16,0,39,30,2,4,sil
24.27512121200561,1,7,29,40,2,12,8,-4,1,16,32,23,3,4,sil
24.27512121200561,0,7,32,41,2,16,8,0,2,21,20,30,11,19,sil
24.29032015800476,3,4,27,26,0,16,25,3,12,20,22,34,18,31,sil
24.29032015800476,8,-8,0,-4,-10,0,17,9,14,3,24,28,19,29,sil
24.306038856506348,7,-15,-11,-20,-21,-13,-9,12,-3,-7,20,27,22,21,sil
24.306038856506348,4,-5,-7,-10,-20,-18,-21,6,-11,-6,20,30,25,6,sil
24.321035861969,8,7,1,0,-17,-28,-25,-2,-14,-25,18,23,10,-7,sil
24.321035861969,10,15,8,8,-9,-20,-27,-12,-21,-35,18,7,-3,-20,sil
24.338197708129883,0,11,11,15,3,-1,-12,-22,-32,-30,0,-2,-20,-32,sil
24.338197708129883,-11,7,12,16,9,17,16,-11,-23,-19,-29,-7,-35,-25,sil
24.351706504821777,-9,4,0,16,7,31,36,17,27,16,-28,-17,-14,0,sil
24.351706504821777,0,-1,-11,1,7,17,30,33,56,40,-12,-21,13,18,sil
24.366995334625244,8,-7,-13,-13,12,-4,13,18,29,27,-8,-7,17,12,sil
24.366995334625244,4,-8,-24,-26,15,-11,-4,-1,-2,-2,-12,0,2,-3,sil
24.382875204086304,-1,-3,-26,-35,10,-7,-12,0,-4,-23,-19,-7,-12,-10,sil
24.382875204086304,-2,0,-12,-22,15,-1,-4,3,0,-23,-20,-22,-20,-14,sil
24.398917198181152,-9,-1,-2,-3,17,6,-2,-7,-11,-8,-22,-38,-22,-16,sil
24.398917198181152,-15,-1,0,3,8,18,1,-12,-8,12,-25,-39,-16,-6,sil
24.414939880371094,-8,-2,1,1,0,23,8,1,6,17,-28,-25,-15,0,sil
24.414939880371094,-12,-15,-9,-11,-4,5,2,7,8,5,-34,-25,-26,-5,sil
24.430258750915527,-24,-24,-32,-28,-16,-18,-14,-10,-1,3,-30,-32,-17,-10,sil
24.430258750915527,-10,-12,-21,-29,-16,-25,-31,-18,-12,-4,-6,-8,7,-2,sil
24.446330547332764,9,11,20,1,-2,-4,-21,-5,-11,-8,24,21,20,2,sil
24.446330547332764,0,13,28,23,-4,8,1,-1,-3,5,18,9,6,0,sil
24.462401151657104,-17,-11,0,5,-18,-2,12,0,0,14,-9,-13,-9,0,sil
24.462401151657104,-9,-22,-17,-11,-15,-15,4,10,15,14,-1,0,5,7,sil
24.47817850112915,0,-7,-11,-9,-8,-18,-12,13,19,0,23,25,28,14,sil
24.47817850112915,11,11,1,3,0,-10,-12,-5,-1,-14,37,31,30,5,sil
24.494202136993408,24,22,21,25,15,1,-1,-22,-20,-10,38,27,15,0,sil
24.494202136993408,15,22,34,36,17,14,5,-17,-22,5,19,19,-3,9,sil
24.50986194610596,2,7,17,23,9,26,22,0,-3,19,3,5,-6,12,sil
24.50986194610596,1,-13,-9,-6,0,19,27,20,15,14,0,1,-2,8,sil
24.52495527267456,6,-7,-10,-10,-5,0,11,30,21,2,3,10,3,8,sil
24.52495527267456,17,8,3,0,0,-6,2,21,9,-11,10,16,12,0,sil
24.54009199142456,14,2,1,-12,2,-2,5,11,-3,-22,11,15,11,-12,sil
24.54009199142456,-1,-6,-11,-26,-7,-10,-1,0,-4,-21,4,7,0,-15,sil
24.55618071556092,0,3,-4,-11,-15,-17,-12,-17,-14,-21,-7,-1,-8,-13,sil
24.55618071556092,9,18,18,16,0,0,-3,-22,-21,-12,-5,-1,-7,-7,sil
24.571521520614624,0,16,14,25,15,13,0,-12,-7,-3,-3,-8,-16,-7,sil
24.571521520614624,-17,3,0,15,5,13,-7,0,2,-3,-18,-27,-36,-12,sil
24.587347507476807,-15,0,6,24,4,19,4,2,6,12,-17,-19,-18,0,sil
24.587347507476807,-8,0,12,20,6,8,9,-5,1,18,-16,-3,-6,17,sil
24.602938175201416,-12,-6,-6,-8,-14,-12,-4,-8,-3,-6,-28,-22,-17,2,sil
24.602938175201416,-12,-14,-21,-12,-16,-4,2,8,15,5,-9,-25,5,-4,sil
24.61821460723877,-6,-14,-10,3,8,9,16,23,37,48,16,5,29,17,sil
24.61821460723877,-3,-8,-6,3,7,-3,0,18,35,48,8,7,17,19,sil
24.63410449028015,2,-9,-11,-13,-7,-23,-23,4,7,1,-5,0,12,4,sil
24.63410449028015,17,-10,-6,-25,0,-18,-27,-7,-14,-26,3,15,23,3,sil
24.649721384048465,18,-1,-2,-15,11,-9,-14,-11,-12,-14,15,24,23,-1,sil
24.649721384048465,9,9,-1,-9,0,-12,-10,-5,-14,-12,11,15,5,-10,sil
24.665480613708496,13,13,4,-8,-10,-11,-14,-9,-19,-25,13,15,0,-11,sil
24.665480613708496,22,15,19,-2,0,0,-7,-14,-18,-23,20,16,6,-3,sil
24.68100118637085,8,14,25,12,14,12,11,-2,-13,-2,18,5,3,6,sil
24.68100118637085,-12,10,10,18,11,16,16,0,-4,14,6,-10,-9,3,sil
24.696335792541504,-17,2,1,7,0,9,6,-6,-7,9,-6,-18,-19,-4,sil
24.696335792541504,-8,3,7,11,0,18,20,0,-4,5,-5,-11,-10,2,sil
24.71199655532837,-9,-1,1,9,1,29,32,10,12,13,-9,-6,-9,12,sil
24.71199655532837,-18,-21,-16,-16,-6,10,15,14,18,10,-26,-13,-16,5,sil
24.728230476379395,-19,-32,-26,-30,-9,-7,-1,10,13,6,-20,-15,-5,-1,sil
24.728230476379395,-5,-16,-17,-18,-1,-6,0,9,16,6,-1,0,6,3,sil
24.744239568710327,12,1,-6,-2,2,-5,0,12,22,8,0,12,11,8,sil
24.744239568710327,14,0,-9,-2,-5,-25,-16,3,1,-6,-10,3,3,-5,sil
24.75986170768737,2,0,-7,-9,-16,-30,-33,-14,-31,-36,-9,-7,-9,-27,sil
24.75986170768737,0,11,2,-1,-6,-9,-17,-20,-30,-45,5,-3,-7,-32,sil
24.775022268295288,3,19,10,13,1,3,4,-15,-19,-32,8,-2,-11,-24,sil
24.775022268295288,0,15,14,22,1,7,10,-10,-12,-9,-3,-11,-24,-14,sil
24.79110741615296,-8,1,8,18,4,14,11,-2,1,9,-17,-14,-22,-5,sil
24.79110741615296,-13,-12,-3,2,1,15,17,5,10,17,-18,-11,-14,0,sil
24.80717349052429,-11,-14,-12,5,-2,14,14,6,12,24,-12,-9,-8,3,sil
24.80717349052429,-10,-12,-10,2,0,10,1,3,8,14,-12,-3,-3,9,sil
24.82306909561157,0,-2,0,-5,3,1,0,9,17,12,7,8,15,21,sil
24.82306909561157,20,8,13,3,5,-2,2,17,37,39,36,24,42,37,sil
24.8380868434906,27,5,11,6,6,-5,-9,13,24,37,33,36,45,32,sil
24.83844423294068,14,6,0,-6,7,-11,-19,-1,-6,-4,23,30,30,7,sil
24.85407876968384,12,16,1,-7,9,-13,-22,-4,-17,-24,21,15,17,0,sil
24.85407876968384,15,11,11,5,7,-9,-22,-6,-7,-8,23,10,18,1,sil
24.869534254074097,2,-2,6,1,0,-8,-20,-18,-8,-8,20,10,14,-5,sil
24.869534254074097,-7,1,4,-4,-9,-9,-12,-14,-24,-24,5,4,-6,-7,sil
24.885231733322144,-5,6,14,8,-3,5,11,-3,-19,-13,-3,-6,-14,-4,sil
24.885231733322144,-12,-8,5,4,-5,12,19,-1,-6,-1,-18,-20,-17,-8,sil
24.900903463363647,-22,-19,-7,0,-18,12,14,0,3,7,-27,-23,-23,-7,sil
24.900903463363647,-12,-1,-2,15,-7,20,24,8,16,31,-15,-16,-17,2,sil
24.91603446006775,-5,7,-2,3,7,10,20,9,8,11,-18,-16,-16,2,sil
24.91603446006775,-10,-19,-25,-28,-13,-16,-3,1,-5,-24,-33,-20,-20,-7,sil
24.931135416030884,-5,-30,-30,-29,-26,-22,-6,8,1,-5,-16,-7,-2,-1,sil
24.931135416030884,8,0,-13,-16,11,-7,7,24,19,19,10,7,22,9,sil
24.94627904891968,8,13,-9,-19,26,-7,-1,10,14,-3,9,6,18,-4,sil
24.94627904891968,5,4,-2,-20,0,-4,-17,-15,-9,-26,4,8,1,-16,sil
24.961323261260983,19,25,19,11,6,13,-7,-9,-15,-10,22,23,9,-2,sil
24.97722148895264,17,33,26,24,23,5,-3,-8,-21,-17,13,15,-1,0,sil
24.97722148895264,0,10,17,11,9,-5,-2,-25,-28,-30,-8,-2,-27,-11,sil
24.97722148895264,5,10,23,21,2,17,21,-17,-7,0,1,-2,-15,-1,sil
24.99259352684021,7,15,21,33,8,30,28,5,8,26,-1,-5,-3,5,sil
25.00786089897156,-16,-11,-8,13,-1,12,15,5,5,16,-23,-20,-17,-2,sil
25.00786089897156,-20,-29,-22,-10,-11,0,8,7,12,12,-17,-8,-9,0,sil
25.02329516410828,-2,-13,-8,-8,-7,-1,5,20,26,20,2,11,13,14,sil
25.02329516410828,-1,-6,-8,2,-2,-2,-1,13,26,13,3,2,19,13,sil
25.038975954055783,-10,-20,-15,-3,-5,-9,-10,3,14,0,2,-8,10,5,sil
25.038975954055783,-1,-17,-10,-12,-9,-14,-16,7,9,7,12,4,18,6,sil
25.05399513244629,5,-3,-8,-19,-9,-27,-31,-6,-8,-2,10,13,17,-2,sil
25.05399513244629,0,2,5,-9,-7,-25,-37,-29,-33,-30,2,0,-7,-15,sil
25.06934356689453,-3,12,23,19,0,6,-9,-22,-22,-11,8,-6,-20,-6,sil
25.06934356689453,-5,4,10,18,0,24,12,4,6,20,5,-2,-10,9,sil
25.08435535430908,-8,-17,-16,-14,-5,6,3,14,19,17,-7,-6,1,6,sil
25.08435535430908,-6,-22,-19,-27,-11,-11,-6,7,10,3,-13,-9,2,0,sil
25.09948968887329,2,-8,-8,-23,-17,-15,-4,8,-2,-2,-11,2,0,0,sil
25.09948968887329,13,0,-4,-13,-7,-17,-4,2,-4,-10,1,11,8,-5,sil
25.115172863006592,12,12,6,0,16,-12,-9,-11,-16,-24,8,10,5,-12,sil
25.115172863006592,13,30,15,12,21,5,0,-12,-25,-30,7,8,0,-10,sil
25.13042163848877,17,34,13,14,14,17,6,-7,-19,-23,11,4,0,-5,sil
25.13042163848877,6,33,19,20,20,14,0,-5,-11,-9,10,3,0,-2,sil
25.14540457725525,-2,26,19,36,25,21,13,-4,-1,5,11,4,1,2,sil
25.14540457725525,-4,0,2,25,8,31,28,-2,1,12,3,-6,-1,2,sil
25.16149067878723,-7,-17,-1,6,-3,26,28,5,6,23,-7,-18,-5,3,sil
25.16149067878723,0,-6,7,9,5,10,27,19,28,42,-2,0,10,20,sil
25.17705726623535,7,-7,0,3,0,-2,20,25,34,37,1,16,18,26,sil
25.17705726623535,-4,-24,-18,-9,-17,-2,9,14,23,18,-14,-3,0,5,sil
25.192253589630127,-14,-22,-21,-13,-15,-4,6,12,20,9,-23,-21,-14,0,sil
25.192253589630127,-6,-13,-16,-18,-7,-10,2,13,21,7,-10,-7,1,10,sil
25.20795941352844,-3,-17,-25,-33,-15,-25,-23,-4,4,-8,-3,1,13,0,sil
25.20795941352844,-4,-9,-18,-36,-17,-40,-49,-20,-24,-42,-2,3,-2,-16,sil
25.22333931922913,0,13,2,-12,0,-32,-42,-22,-33,-50,16,11,-2,-10,sil
25.22333931922913,2,10,10,-3,1,-20,-30,-23,-33,-37,13,8,3,-11,sil
25.23892545700073,-2,-2,11,-13,-6,-7,-21,-17,-31,-21,-11,-4,-10,-18,sil
25.23892545700073,-2,6,20,5,1,14,4,-6,-9,-2,-12,-8,-18,-11,sil
25.254314184188843,-1,16,27,26,11,24,23,4,1,11,-4,-7,-19,-2,sil
25.254314184188843,-2,3,15,22,10,22,25,9,2,20,0,-6,-11,2,sil
25.27008843421936,-8,-8,-3,7,0,18,23,8,8,24,3,0,-2,12,sil
25.27008843421936,-9,-7,-1,0,-9,6,15,15,11,17,0,2,-2,16,sil
25.28615784645081,5,0,-3,5,-1,-1,7,11,17,16,1,2,9,6,sil
25.28615784645081,19,3,-23,6,6,1,1,-2,24,11,15,5,21,-2,sil
25.3013174533844,18,8,-10,0,4,-1,-8,-3,12,-2,21,13,12,0,sil
25.3013174533844,18,15,18,3,5,-9,-15,-2,-10,-14,19,18,0,0,sil
25.317283153533936,15,15,14,14,2,-2,-8,-18,-23,-23,7,5,-13,-7,sil
25.317283153533936,-6,3,-3,8,-6,16,2,-25,-21,-11,-10,-17,-26,-14,sil
25.33329057693481,-25,-9,-11,-8,-8,14,2,-4,-6,12,-26,-27,-20,-10,sil
25.33329057693481,-12,-15,-11,-9,1,1,5,16,16,16,-17,-10,6,3,sil
25.34895896911621,7,-12,-7,-10,4,-3,-1,20,24,4,4,11,28,18,sil
25.34895896911621,7,-5,-4,-17,-2,-11,-18,12,5,-3,14,19,35,11,sil
25.365105628967285,0,5,2,-2,2,-13,-15,0,-16,-9,11,16,26,-5,sil
25.365105628967285,-4,11,20,20,12,9,3,-4,-25,-10,2,5,4,-7,sil
25.38076376914978,-8,6,16,24,11,25,19,-1,-7,5,-4,-8,-7,0,sil
25.38076376914978,-9,0,-4,13,7,6,23,0,10,14,-16,-18,-14,-1,sil
25.39637589454651,-11,-8,-11,-1,-1,-3,22,10,16,13,-21,-15,-14,5,sil
25.39637589454651,-13,-22,-15,-16,-10,-4,13,14,24,16,-7,-6,0,15,sil
25.41236448287964,-8,-28,-24,-35,-13,-27,-15,2,6,-11,-4,-3,4,3,sil
25.41236448287964,3,-8,-17,-32,-12,-38,-33,-12,-23,-37,-3,1,1,-10,sil
25.427316427230835,18,15,6,-6,-3,-18,-18,-16,-22,-19,17,13,10,-6,sil
25.427316427230835,26,22,30,14,7,0,-1,-6,-3,3,29,18,12,0,sil
25.4430091381073,17,23,35,25,10,12,6,-1,8,12,19,10,1,0,sil
25.4430091381073,0,18,20,21,9,22,9,-3,4,11,5,0,-12,1,sil
25.458385467529297,-6,2,4,12,13,23,11,0,3,14,0,-13,-18,5,sil
25.47406840324402,-9,-8,-10,7,1,12,8,6,13,20,-10,-16,-16,7,sil
25.47406840324402,-5,-14,-19,-5,-19,-7,-3,11,11,9,-21,0,-12,7,sil
25.490073204040527,1,-18,-21,-17,-14,-16,-13,10,7,-3,-11,7,4,2,sil
25.490073204040527,0,-18,-18,-23,-7,-7,-18,8,6,-15,0,1,10,-5,sil
25.50540065765381,7,2,-1,-11,-8,4,-10,5,0,-23,9,6,10,-7,sil
25.50540065765381,23,30,20,17,5,8,2,-5,-5,-11,28,25,18,0,sil
25.50540065765381,13,25,22,22,12,3,2,-16,-9,-3,18,18,3,-1,sil
25.520939111709595,-13,0,1,4,-5,1,0,-21,-22,-11,-13,-18,-29,-18,sil
25.536306858062744,-26,-15,-8,1,-22,0,1,-16,-26,-12,-29,-37,-41,-23,sil
25.536306858062744,-22,-13,-5,1,-16,4,9,-4,-7,0,-26,-18,-23,-3,sil
25.552386045455933,-8,-11,-16,-17,-7,4,9,4,8,7,-13,2,7,10,sil
25.552386045455933,5,-3,-15,-26,-9,-17,-6,7,-2,-3,2,11,22,8,sil
25.568018674850464,13,14,14,0,0,-19,-8,1,-13,-10,20,15,20,1,sil
25.568018674850464,2,18,27,19,18,9,14,-4,-6,6,9,0,7,0,sil
25.583232641220093,-11,0,5,11,14,21,25,0,15,33,-11,-15,3,6,sil
25.583232641220093,-6,-14,-11,-3,2,2,8,14,32,39,-2,-3,12,13,sil
25.599008083343502,13,3,-5,-3,8,-8,-9,15,19,9,17,18,20,7,sil
25.599008083343502,21,28,13,18,25,0,-2,2,4,-9,21,20,21,-2,sil
25.614168882369995,0,14,13,23,20,8,1,-6,0,0,0,-1,0,-7,sil
25.614168882369995,-27,-20,-12,-2,0,7,-2,-5,-3,10,-21,-24,-28,-11,sil
25.62935495376587,-23,-27,-27,-14,0,3,3,4,7,10,-13,-23,-21,-2,sil
25.62935495376587,-1,-20,-19,-22,4,-3,0,10,11,-1,0,-7,0,7,sil
25.64488220214844,-1,-20,-19,-36,-3,-14,-20,3,-2,-22,-3,-1,1,-1,sil
25.64488220214844,-3,-11,-16,-31,-4,-24,-25,-6,-10,-30,7,10,4,-5,sil
25.660351276397705,19,11,15,-4,12,-18,-14,-6,-8,-17,35,31,15,9,sil
25.660351276397705,26,23,27,14,23,-1,-8,-12,-19,-16,24,18,2,2,sil
25.67593240737915,0,12,12,16,15,7,-2,-25,-41,-29,-14,-13,-30,-18,sil
25.67593240737915,-8,3,12,18,11,18,16,-11,-26,-4,-22,-21,-26,-6,sil
25.69116234779358,5,1,12,19,8,29,34,22,25,35,-5,-9,3,17,sil
25.69116234779358,7,-1,0,11,-3,20,33,31,46,38,-1,-2,13,15,sil
25.707485914230347,-5,-9,-12,2,-7,-1,13,12,26,20,-8,-5,4,1,sil
25.707485914230347,-12,-15,-23,-12,-11,-16,-7,2,5,0,-15,-4,-4,1,sil
25.722496032714844,3,-2,-15,-14,-17,-14,-8,4,1,-14,-7,12,5,4,sil
25.722496032714844,21,12,5,-2,-16,-10,-8,1,-3,-10,6,26,26,0,sil
25.738343000411987,12,11,12,3,-19,-20,-25,-11,-17,-11,10,13,12,-4,sil
25.738343000411987,2,15,18,18,-17,-15,-29,-23,-27,-15,16,9,-11,-1,sil
25.75388646125793,9,30,37,44,-12,5,-7,-17,-27,-12,16,19,-15,-3,sil
25.75388646125793,8,25,35,41,-16,18,16,-1,-5,9,12,12,-3,-4,sil
25.76895999908448,-1,3,13,18,-23,21,24,8,19,36,14,4,9,11,sil
25.76895999908448,-7,-13,4,5,-34,19,16,12,27,41,7,2,16,20,sil
25.785040616989136,-8,-17,-7,-4,-42,12,7,8,22,23,-4,-3,10,10,sil
25.785040616989136,0,-10,-18,-20,-35,-6,1,3,11,3,-1,0,9,7,sil
25.800821781158447,9,1,-11,-15,-17,-12,-4,4,6,-4,14,9,24,8,sil
25.800821781158447,5,1,-12,-15,-10,-11,-21,-1,-2,-16,14,2,22,-4,sil
25.8159248828888,-8,-3,-22,-29,-17,-17,-27,-15,-20,-33,-9,-10,-9,-22,sil
25.8159248828888,-11,0,-14,-13,0,-9,-9,-25,-27,-32,-28,-24,-38,-33,sil
25.83111047744751,-18,2,-6,0,19,9,1,-24,-27,-30,-46,-44,-56,-32,sil
25.83111047744751,-42,-21,-29,-26,4,9,6,-13,-23,-30,-67,-64,-63,-30,sil
25.84721684455872,-55,-51,-55,-60,-6,-2,8,6,-4,-11,-69,-77,-52,-33,sil
25.84721684455872,-39,-48,-48,-53,12,2,13,28,24,24,-45,-60,-23,-19,sil
25.86388325691223,-14,-28,-30,-33,39,12,25,38,51,51,-14,-17,10,9,sil
25.86388325691223,2,-27,-21,-52,43,1,21,34,47,38,9,8,25,25,sil
25.87932658195496,18,-17,-5,-52,49,-9,3,17,23,14,42,29,41,27,sil
25.87932658195496,35,16,28,3,72,-11,-5,6,6,7,74,62,66,28,sil
25.89440441131592,48,51,66,60,90,-6,-9,0,-9,-5,76,78,61,26,sil
25.89440441131592,54,64,79,91,100,-2,-14,-21,-23,-22,62,73,36,21,sil
25.910430669784542,43,52,72,95,95,-7,-21,-34,-36,-27,42,59,13,16,sil
25.910430669784542,26,37,60,86,78,-2,-17,-28,-42,-22,21,35,-7,4,sil
25.925960779190063,16,28,42,77,74,18,-1,-23,-34,-24,0,7,-29,-5,sil
25.925960779190063,0,10,15,47,67,22,8,-11,-15,-18,-14,-10,-34,-7,sil
25.94192290306092,-14,-7,-14,9,46,5,8,3,8,16,-8,-15,-7,-5,sil
25.94192290306092,-12,-15,-26,-18,19,-4,8,14,15,34,-4,-12,7,5,sil
25.95732545852661,-11,-18,-30,-21,-3,6,18,17,19,31,-11,-19,-3,9,sil
25.95732545852661,-21,-25,-41,-24,-23,14,17,11,29,30,-20,-30,-11,0,sil
25.97323489189148,-29,-26,-41,-43,-59,0,1,7,19,13,-33,-25,-9,-3,sil
25.97323489189148,-20,-18,-31,-46,-95,-17,-10,7,7,-2,-24,-12,3,-1,sil
25.988818168640137,-2,-11,-17,-38,-115,-24,-19,3,0,-10,-14,-1,0,2,sil
25.988818168640137,6,1,-5,-25,-137,-17,-19,-1,-4,-15,-16,3,-12,-6,sil
26.00395631790161,6,15,-1,-4,-154,-9,-15,-6,-3,-17,-14,0,-11,-15,sil
26.00395631790161,7,19,11,0,-167,-9,-18,-4,-15,-26,-4,6,-9,-11,sil
26.01922392845153,8,19,14,4,-186,0,0,-9,-15,-15,14,7,0,-14,sil
26.01922392845153,-1,4,3,-6,-200,9,11,-7,-3,5,13,-8,5,-15,sil
26.03512048721313,-6,0,8,-9,-203,12,6,9,7,20,2,-11,4,-6,sil
26.03512048721313,0,14,14,20,-193,20,10,7,14,28,8,-10,4,-4,sil
26.050997018814087,-10,7,7,19,-171,23,16,-2,-3,8,-7,-26,-12,-7,sil
26.050997018814087,-24,-21,-10,-7,-153,14,20,0,-2,4,-27,-27,-13,-1,sil
26.0671935081482,-15,-36,-24,-22,-120,-5,6,7,11,10,-25,-6,1,18,sil
26.0671935081482,-5,-30,-14,-34,-70,-12,-12,6,1,-11,-18,2,2,24,sil
26.082250356674194,1,-21,-14,-17,3,2,2,0,7,-10,6,3,17,7,sil
26.082250356674194,15,-20,0,-4,129,1,11,5,8,-6,21,20,22,13,sil
26.09827280044556,15,-8,15,-3,238,-10,-3,0,-10,-20,23,27,10,9,sil
26.098631620407104,9,-1,-2,6,336,-14,-12,-17,-5,-13,35,8,20,-13,sil
26.11433243751526,22,-12,20,-7,507,-16,-20,3,2,-17,27,19,24,5,sil
26.11433243751526,15,6,10,16,597,1,3,3,18,6,28,6,29,-3,sil
0.0420329570770263,-12,24,-66,55,571,-1,21,-43,18,33,24,-39,5,-47,sil
0.0420329570770263,-13,14,2,-4,577,-23,-28,-10,-47,-32,-31,-1,-65,-5,sil
0.0573329925537109,-8,29,72,-14,639,3,-23,29,-46,-43,-42,27,-60,13,sil
0.0573329925537109,-12,31,-9,55,769,28,30,-12,16,32,0,-27,-2,-26,sil
0.0729086399078369,-9,4,-3,25,591,11,18,-1,3,27,-7,-11,-12,3,hello
0.0729086399078369,1,5,30,-2,-237,16,11,32,7,23,-7,26,-7,37,hello
0.0888490676879882,18,5,-8,9,-991,12,9,4,29,37,7,13,20,22,hello
0.0888490676879882,20,8,11,-9,-1022,-10,-23,-2,-4,-9,4,27,7,11,hello
0.1041922569274902,14,28,17,17,-799,0,-4,-4,-5,-20,27,19,9,-4,hello
0.1041922569274902,9,13,14,22,-706,10,13,0,-6,-8,5,-1,-2,11,hello
0.1193113327026367,-7,-16,15,-22,-575,5,4,16,-9,6,-23,1,-5,23,hello
0.1193113327026367,-15,-34,-75,-11,-379,-12,5,-14,40,39,19,-23,38,-14,hello
0.1348185539245605,6,-24,-47,-31,-239,-46,-33,-20,2,-18,2,-6,4,-8,hello
0.1348185539245605,12,20,83,-41,-130,-21,-45,10,-58,-62,-34,38,-34,5,hello
0.1508605480194091,-8,21,25,25,-18,26,8,-5,-11,1,0,-6,5,-22,hello
0.1508605480194091,-20,-23,-47,16,57,11,15,-10,11,17,0,-40,7,-13,hello
0.166877269744873,-14,-29,-11,-36,104,-10,-5,17,1,7,-22,-12,-3,8,hello
0.166877269744873,-1,-12,-10,-24,154,-9,-8,8,7,9,-2,-7,17,-6,hello
0.1823503971099853,4,-4,-3,2,201,-3,-5,-15,-10,-15,6,-11,7,-21,hello
0.1823503971099853,-9,-2,14,10,233,8,12,-10,-14,-12,-9,-13,-22,-19,hello
0.198188304901123,-23,-13,-7,-6,243,11,27,11,18,5,-24,-20,-28,-2,hello
0.2131791114807129,-7,-10,-31,-17,239,-3,20,13,32,-1,-4,-13,1,-1,hello
0.2131791114807129,11,10,-16,3,235,-12,1,-4,5,-9,20,-1,13,-10,hello
0.2131791114807129,10,18,26,19,223,7,-1,-1,-12,-1,8,9,-12,3,hello
0.2289788722991943,3,7,24,15,187,27,22,10,16,22,0,8,-10,19,hello
0.2289788722991943,5,-2,-11,5,146,11,15,7,33,29,5,2,12,15,hello
0.2441461086273193,8,-3,-4,-2,112,-8,-16,3,10,3,1,14,13,10,hello
0.2441461086273193,8,0,5,-10,70,-11,-20,8,1,-7,9,23,19,9,hello
0.2598884105682373,12,8,0,-6,38,-6,-6,3,1,-1,29,21,29,6,hello
0.2598884105682373,11,13,5,6,15,1,-6,-15,-16,-9,15,6,3,-2,hello
0.2750012874603271,-7,9,17,6,-14,11,-4,-18,-32,-24,-16,-8,-33,-9,hello
0.2750012874603271,-18,2,13,12,-36,24,15,0,-9,0,-9,-8,-28,-1,hello
0.2903025150299072,-2,-5,-9,28,-48,20,24,5,23,35,9,-7,4,6,hello
0.2903025150299072,14,-6,-6,7,-70,-6,-1,-1,8,10,1,9,15,11,hello
0.3058657646179199,10,6,14,-18,-94,-18,-21,-5,-25,-25,5,29,8,8,hello
0.3058657646179199,0,12,-1,3,-97,-13,-13,-13,-18,-8,24,6,12,-7,hello
0.32110595703125,0,10,0,18,-91,-13,-17,-17,-18,-1,5,-5,0,-13,hello
0.3372085094451904,-2,8,21,-6,-95,-1,-10,-7,-31,-17,-16,0,-18,-7,hello
0.3372085094451904,-9,-14,-16,-14,-92,8,20,0,6,6,-6,-26,-3,-2,hello
0.3372085094451904,-9,-32,-29,-15,-89,-2,11,15,29,23,-21,-20,3,15,hello
0.3523542881011963,-8,-13,3,-20,-82,-3,-10,26,2,-4,-47,12,-11,17,hello
0.3678367137908935,-9,-5,-13,-10,-63,-6,0,10,3,-16,-16,0,2,-5,hello
0.3678367137908935,3,-9,-13,-10,-50,-28,-7,9,10,-10,16,2,20,0,hello
0.3830223083496094,19,8,23,-4,-33,-24,-18,8,0,0,20,27,8,5,hello
0.3830223083496094,10,17,14,10,-5,-3,-6,-15,-8,-4,8,4,-10,-19,hello
0.3982553482055664,-10,10,4,11,8,2,-2,-19,-18,-16,-3,-17,-26,-25,hello
0.3982553482055664,-16,7,7,22,23,14,3,-11,-13,3,-3,-22,-22,-12,hello
0.4136316776275635,-14,0,-2,20,34,16,16,-9,-1,17,-9,-26,-17,-8,hello
0.4136316776275635,-16,-17,-11,-4,27,8,19,3,9,20,-16,-22,-15,-9,hello
0.4291205406188965,-18,-25,-28,-6,24,11,18,14,36,38,0,-13,1,-5,hello
0.4291205406188965,-4,-15,-20,-12,33,3,5,19,36,15,2,10,13,8,hello
0.4446809291839599,18,3,7,-22,44,-10,-7,16,12,-18,5,28,18,16,hello
0.4446809291839599,27,14,8,-1,50,-6,-8,0,10,-6,32,15,29,7,hello
0.4601898193359375,23,17,6,12,47,1,-9,-11,-3,-5,28,12,19,-2,hello
0.4601898193359375,11,20,15,3,44,10,-3,-8,-28,-25,3,17,-1,-6,hello
0.4752006530761719,7,18,12,6,47,22,9,-1,-23,-16,0,0,-5,2,hello
0.4752006530761719,10,9,10,19,49,20,10,0,-12,4,-5,-8,-1,16,hello
0.4908714294433594,0,0,7,18,35,5,7,-1,-6,17,-12,-3,0,15,hello
0.4908714294433594,-10,-6,-1,-2,18,0,11,3,9,16,-8,0,3,17,hello
0.5069856643676758,-5,-9,-8,-17,9,1,9,10,18,3,-8,0,9,20,hello
0.5069856643676758,-2,-16,-26,-14,0,-5,1,3,16,0,0,-5,13,11,hello
0.5221765041351318,-4,-14,-17,-25,-18,-21,-15,1,8,-7,6,5,7,6,hello
0.5221765041351318,-3,1,-2,-15,-27,-14,-17,0,8,-5,13,14,12,-10,hello
0.5378966331481934,0,5,-15,16,-19,-5,-8,-15,2,3,17,-9,9,-27,hello
0.5378966331481934,0,9,38,0,-25,-2,-20,-1,-38,-22,-15,2,-38,-2,hello
0.5534756183624268,-3,23,43,27,-28,27,12,2,-13,-1,-18,-4,-28,-9,hello
0.5534756183624268,-3,-5,-56,68,-18,29,52,-33,40,48,4,-58,15,-35,hello
0.5688378810882568,0,-35,-12,-19,-48,-17,0,-6,-13,-7,-32,-9,-28,13,hello
0.5688378810882568,0,-8,52,-57,-71,-19,-25,30,-26,-26,-29,48,-26,32,hello
0.5840046405792236,1,-1,-16,-1,-52,-12,-2,0,28,24,28,13,39,-6,sil
0.5840046405792236,13,-6,-8,-10,-44,-35,-21,-6,0,-8,26,18,24,0,sil
0.5999083518981934,12,11,12,-4,-41,-27,-17,-4,-23,-33,14,18,0,-7,sil
0.5999083518981934,-1,11,-10,3,-32,-12,-7,-13,-22,-25,4,-8,-10,-23,sil
0.6150877475738525,-3,14,28,-14,-24,0,-15,4,-33,-26,-8,8,-25,0,sil
0.6150877475738525,-7,10,-4,31,0,23,15,-5,4,11,9,-20,0,-11,sil
0.6311569213867188,-23,-20,-30,12,0,16,5,-5,-9,-6,-22,-36,-22,-11,sil
0.6311569213867188,-26,-13,54,-52,-10,18,-19,34,-44,-37,-61,17,-59,21,sil
0.6470804214477539,-16,2,7,9,25,36,26,10,29,41,-6,-15,6,-1,sil
0.6470804214477539,-8,-17,-74,32,44,6,30,-17,58,62,20,-49,40,-14,sil
0.6622672080993652,3,-7,-10,-28,36,-21,-7,15,9,1,5,15,12,18,sil
0.6622672080993652,14,14,8,-10,56,-13,0,13,11,7,21,25,24,6,sil
0.6778779029846191,20,9,-8,14,72,-15,-5,-14,3,5,19,0,18,-16,sil
0.6778779029846191,21,19,26,5,78,-7,-11,-6,-13,-21,17,21,0,0,sil
0.6938464641571045,8,23,21,27,98,18,22,4,9,1,28,19,13,14,sil
0.6938464641571045,3,2,0,29,101,27,29,5,15,27,5,0,9,16,sil
0.7090067863464355,16,0,7,10,86,23,19,12,16,29,-3,4,4,18,sil
0.7090067863464355,13,-3,-5,0,68,8,17,11,29,22,6,6,20,21,sil
0.7247025966644287,-9,-20,-28,-25,43,-15,-7,3,18,2,-5,0,13,10,sil
0.7247025966644287,-4,-9,-23,-34,31,-23,-28,-1,6,-9,-6,0,4,-8,sil
0.7404017448425293,17,15,9,-4,35,-13,-18,-1,3,-11,11,16,10,-8,sil
0.7404017448425293,7,15,33,11,24,0,-13,-12,-17,-21,4,9,-2,-2,sil
0.7562763690948486,-17,3,15,8,0,7,-17,-29,-39,-26,-17,-21,-29,-14,sil
0.7562763690948486,-19,-5,-3,5,-20,13,-4,-21,-35,-20,-26,-32,-35,-19,sil
0.7718274593353271,-19,-19,-14,-2,-44,9,11,-1,-14,-11,-33,-32,-31,-14,sil
0.7718274593353271,-25,-28,-28,-22,-84,-8,3,3,0,-13,-51,-34,-33,-10,sil
0.7873468399047852,-20,-25,-22,-26,-119,-27,-17,1,-9,-22,-45,-11,-23,-1,sil
0.7873468399047852,0,-8,-9,-12,-129,-20,-24,-1,-23,-13,-2,17,1,-2,sil
0.8033020496368408,18,8,1,-8,-134,-2,-7,-4,-27,-5,26,24,12,-6,sil
0.8033020496368408,20,21,24,5,-148,2,14,4,-12,-12,28,21,9,2,sil
0.8192358016967773,15,27,37,37,-156,1,19,5,7,0,34,12,10,10,sil
0.8192358016967773,3,23,31,39,-159,8,9,3,11,20,23,0,0,7,sil
0.8340051174163818,-11,7,13,21,-164,16,14,9,23,34,5,-9,-5,6,sil
0.8340051174163818,-5,-7,1,17,-165,11,19,7,35,36,0,-7,5,12,sil
0.8492202758789062,6,-7,0,8,-161,13,8,2,23,30,0,4,13,17,sil
0.8651156425476074,0,-14,-14,-14,-156,11,3,7,19,31,4,3,11,13,sil
0.8651156425476074,-4,-29,-30,-35,-140,-14,0,12,22,19,5,1,13,8,sil
0.8651156425476074,4,-16,-18,-33,-92,-29,-10,0,8,-10,3,10,24,-1,sil
0.8807840347290039,1,0,-8,-17,-19,-12,-18,-13,-11,-30,8,10,18,-12,sil
0.8958172798156738,0,5,-5,-8,64,0,-17,-6,-18,-23,9,12,2,-10,sil
0.8958172798156738,7,10,6,0,157,0,-9,0,-13,-10,8,17,3,-7,sil
0.9112787246704102,0,9,7,-5,255,-3,-11,-11,-19,-21,2,0,0,-16,sil
0.9112787246704102,0,16,8,2,372,0,-12,-10,-24,-19,0,-13,-13,-14,sil
0.92687726020813,14,27,23,32,506,10,2,3,-8,3,6,-1,-4,1,sil
0.92687726020813,6,18,23,36,640,13,18,8,1,1,-2,-3,-5,6,sil
0.9420652389526368,-14,2,0,13,693,13,21,0,1,1,-15,-22,-16,-2,sil
0.9420652389526368,-14,-8,-14,-3,685,15,19,-1,3,20,-18,-21,-15,-6,sil
0.958176851272583,-12,-18,-18,-17,823,18,18,6,9,21,-21,-10,-8,-1,sil
0.958176851272583,-9,-16,-23,-17,756,5,18,9,22,17,-21,-11,-1,12,sil
0.9742674827575684,4,-10,-12,-7,-97,-10,6,16,21,23,-16,0,2,25,sil
0.9742674827575684,9,-9,-8,-4,-1040,-12,-6,15,11,15,-4,11,14,14,sil
0.9898793697357178,9,-5,-9,-6,-1135,-16,-15,6,0,-15,11,13,23,2,sil
0.9898793697357178,10,1,0,-5,-839,-22,-19,-3,-8,-35,19,16,15,2,sil
1.0050475597381592,0,0,-2,-5,-720,-20,-23,-24,-13,-28,5,10,-1,-14,sil
1.0050475597381592,-8,-1,0,-7,-575,-15,-28,-27,-24,-30,-16,0,-20,-22,sil
1.021111249923706,-7,8,20,9,-350,0,-12,-10,-20,-24,-10,3,-21,-6,sil
1.021111249923706,0,7,10,23,-193,13,4,-12,-7,-5,7,0,-12,-11,sil
1.0369207859039309,-2,1,14,5,-83,11,-4,-10,-25,-13,0,0,-27,-11,sil
1.0369207859039309,-6,15,41,12,11,24,3,13,-15,2,0,7,-15,11,sil
1.0518052577972412,6,11,19,32,86,31,34,22,34,48,21,0,26,19,sil
1.0518052577972412,7,-16,-13,4,123,10,26,11,38,37,11,-11,17,7,sil
1.0669472217559814,-14,-28,-18,-20,125,0,3,2,15,10,-6,-21,-15,0,sil
1.0669472217559814,-16,-16,-18,-18,134,-4,1,4,14,10,-6,-17,-12,2,sil
1.0821373462677002,8,-1,-13,-12,135,-19,-5,6,11,1,-3,-2,7,0,sil
1.0821373462677002,16,6,-14,-2,133,-22,-12,-8,0,-4,9,0,20,-10,sil
1.0982496738433838,9,10,-10,-1,139,-15,-18,-19,-17,-10,28,9,20,-7,sil
1.0982496738433838,10,16,15,-6,141,-18,-30,-21,-41,-31,18,22,8,-2,sil
1.113792896270752,8,24,21,11,143,-5,-20,-20,-37,-22,0,2,-2,-8,sil
1.113792896270752,1,20,16,37,140,26,11,-3,-6,8,0,-8,-5,-2,sil
1.128922700881958,-6,5,13,23,125,33,33,12,5,16,-5,0,-4,6,sil
1.128922700881958,-16,-10,-11,-13,112,18,31,11,9,15,-23,-12,-7,0,sil
1.1440577507019043,-14,-22,-24,-37,92,8,21,17,19,17,-24,-13,-3,7,sil
1.1440577507019043,-6,-23,-16,-23,76,-4,15,29,24,19,-2,7,13,17,sil
1.1597814559936523,-12,-24,-19,-18,81,-24,3,19,17,7,-1,7,12,3,sil
1.1597814559936523,-8,-20,-14,-37,88,-25,-14,14,7,-12,-17,4,-3,-3,sil
1.174807071685791,9,-2,-17,-13,95,-12,-13,0,15,-5,10,12,18,-3,sil
1.174807071685791,21,14,-4,20,96,-16,-8,-17,4,1,35,21,30,2,sil
1.190900802612305,20,28,42,21,94,-7,-12,-6,-20,-16,8,26,1,12,sil
1.190900802612305,14,28,42,31,93,11,-2,-3,-7,-11,-7,4,-9,0,sil
1.2069032192230225,8,13,18,25,49,8,-1,-13,-5,-6,-4,-6,-18,-8,sil
1.2069032192230225,-1,4,22,11,-4,16,0,-7,-17,-4,-3,-1,-22,-3,sil
1.223008394241333,-9,-1,-1,21,-41,29,15,-5,3,16,-1,-13,-5,0,sil
1.223008394241333,0,-9,-18,5,-113,10,9,6,16,10,-7,-10,-1,18,sil
1.2388319969177246,12,-5,-8,-15,-173,-9,-6,10,12,-5,2,11,3,19,sil
1.2388319969177246,4,-3,-10,-11,-176,-11,-16,-11,3,-10,17,7,14,-6,sil
1.2538528442382812,-9,0,-4,-7,-186,-5,-21,-17,-19,-20,1,-6,-6,-16,sil
1.2538528442382812,-19,0,-1,-2,-185,4,-13,-14,-28,-16,-17,-25,-30,-19,sil
1.2698562145233154,-22,-9,-4,0,-145,15,0,-17,-21,-8,-20,-34,-33,-28,sil
1.2698562145233154,-22,-11,-2,-3,-132,15,12,-2,-4,5,-13,-22,-19,-12,sil
1.285231351852417,-11,-13,-13,-10,-162,-8,7,17,15,27,-3,-7,-1,10,sil
1.285231351852417,4,-14,-13,-18,-162,-27,-17,18,10,15,7,6,13,6,sil
1.300788402557373,11,3,2,-8,-117,-17,-20,-3,-8,-16,18,16,20,-9,sil
1.300788402557373,9,16,10,3,-84,-7,-1,-11,-18,-25,15,13,11,-12,sil
1.3158867359161377,5,9,10,8,-68,1,19,4,-8,0,1,2,0,0,sil
1.3158867359161377,0,2,2,12,-31,17,33,10,7,21,-10,-3,2,11,sil
1.3310236930847168,-3,-4,-12,0,12,5,19,2,14,12,-16,-4,2,10,sil
1.3310236930847168,-2,-14,-21,-24,43,-17,-6,5,18,-1,1,2,10,-1,sil
1.3470053672790527,7,0,-1,-16,99,-11,-10,11,12,-2,25,18,18,-1,sil
1.3470053672790527,8,28,27,22,206,13,6,1,1,0,20,14,3,2,sil
1.3621351718902588,1,17,21,36,281,25,16,-5,1,11,-1,-7,-11,6,sil
1.3621351718902588,0,-10,0,11,270,19,12,2,11,25,-11,-5,-5,15,sil
1.3778126239776611,-2,-19,-12,-10,225,7,7,6,10,22,-8,2,0,13,sil
1.3778126239776611,-4,-17,-11,-15,183,-1,9,7,7,12,-15,-7,-3,4,sil
1.393847942352295,-2,-7,-9,-10,141,0,10,11,15,11,-14,-11,3,6,sil
1.393847942352295,-1,-1,-7,-13,93,-8,-4,3,8,-4,-1,0,10,4,sil
1.409013271331787,8,5,1,-14,43,-17,-24,-1,-11,-29,6,17,10,-1,sil
1.409013271331787,28,24,18,3,5,-19,-26,-5,-9,-26,25,29,24,2,sil
1.4245226383209229,23,27,19,14,-29,-25,-29,-6,-6,-22,28,25,20,2,sil
1.4255146980285645,3,14,7,8,-58,-19,-21,-7,-17,-21,12,11,0,-5,sil
1.4402663707733154,0,13,12,14,-69,5,-1,-11,-16,-5,3,3,-11,-5,sil
1.4558897018432615,-2,13,20,18,-89,17,4,-11,-11,0,-10,-8,-27,-5,sil
1.4558897018432615,-11,5,8,19,-123,14,6,-12,-12,-6,-24,-25,-36,-11,sil
1.4558897018432615,-13,-1,1,23,-136,16,12,-9,-11,0,-14,-22,-21,-6,sil
1.4711594581604004,-18,-14,-4,13,-128,23,12,-2,-5,15,-6,-15,-9,-1,sil
1.487226486206055,-19,-28,-20,-13,-120,16,11,1,7,18,-15,-21,-9,-3,sil
1.487226486206055,-3,-25,-17,-25,-107,8,17,13,18,13,-9,-7,1,6,sil
1.503122329711914,4,-13,-4,-11,-78,6,12,20,25,20,8,11,20,16,sil
1.503122329711914,0,-12,-8,-11,-55,-13,-5,11,15,12,1,6,14,4,sil
1.5183520317077637,-2,-16,-22,-32,-43,-35,-16,0,-1,-17,-5,-1,10,-11,sil
1.5183520317077637,-2,-16,-22,-42,-27,-28,-16,-3,-6,-24,12,5,25,-8,sil
1.5343410968780518,3,0,2,-23,0,-12,-11,0,-8,-4,22,14,14,0,sil
1.5343410968780518,10,21,17,12,30,0,0,-2,-11,0,4,2,-11,-7,sil
1.5490963459014893,-4,10,-2,16,43,11,8,-14,-13,-8,-14,-20,-20,-13,sil
1.5490963459014893,-25,-16,-20,-11,38,8,10,-9,-1,3,-19,-26,-21,-4,sil
1.5652034282684326,-20,-23,-23,-19,37,-6,-1,0,6,8,-10,-12,-19,-2,sil
1.5652034282684326,5,-4,-8,-7,40,-16,-25,0,-11,-16,0,9,-5,-4,sil
1.5803465843200684,28,24,19,12,56,-3,-24,-1,-16,-16,23,27,15,1,sil
1.5803465843200684,32,41,40,34,71,0,-6,0,2,2,39,32,19,3,sil
1.5958783626556396,17,34,33,37,61,0,0,7,3,3,16,18,2,-5,sil
1.5958783626556396,0,13,11,32,54,18,17,8,3,11,-6,-10,-5,-9,sil
1.61112642288208,-1,2,5,22,51,38,38,8,17,16,-7,-15,0,10,sil
1.61112642288208,2,2,7,10,31,31,36,9,29,13,-5,-1,7,24,sil
1.6268815994262695,-1,-3,0,4,10,18,30,12,30,23,-13,-7,3,19,sil
1.6268815994262695,0,-4,-3,4,4,15,24,16,25,30,-13,-9,0,20,sil
1.6420462131500244,1,-1,-7,-3,-1,2,0,4,13,15,-4,0,5,13,sil
1.6420462131500244,-3,-12,-14,-25,-16,-15,-23,-11,-7,-9,-5,7,6,1,sil
1.6582117080688477,1,-13,-8,-24,-19,-20,-24,-14,-19,-19,-3,9,3,0,sil
1.6582117080688477,7,-1,-1,-7,-19,-27,-25,-13,-16,-16,7,7,9,-3,sil
1.6741158962249756,4,0,1,-9,-23,-37,-35,-8,-18,-21,9,5,7,-12,sil
1.6741158962249756,0,1,9,-7,-16,-29,-29,-3,-17,-23,11,10,1,-14,sil
1.689828395843506,-3,8,9,0,-10,-9,-12,-9,-17,-24,13,5,-6,-12,sil
1.689828395843506,-18,7,3,4,-14,10,1,-15,-24,-22,-5,-11,-24,-19,sil
1.7049827575683594,-33,-9,-6,7,-14,17,16,-9,-17,-7,-26,-26,-30,-23,sil
1.7049827575683594,-31,-23,-17,-1,-19,9,22,3,3,0,-22,-24,-22,-9,sil
1.7206082344055176,-21,-16,-20,-6,-23,11,20,6,20,9,-14,-21,-12,0,sil
1.7206082344055176,-14,-9,-21,-5,-14,15,20,8,23,32,-15,-18,-1,5,sil
1.7362477779388428,6,-11,-9,-17,-7,1,11,18,20,38,4,6,15,20,sil
1.7362477779388428,30,-4,5,-15,0,-6,-1,15,19,24,36,33,31,30,sil
1.7513642311096191,28,0,0,-5,7,-3,-5,0,5,6,21,19,23,15,sil
1.7513642311096191,16,-4,0,-18,-1,-9,-13,0,-14,-11,-2,6,8,2,sil
1.7672247886657717,20,3,15,-8,-3,-8,-9,6,-1,-6,20,20,20,6,sil
1.7672247886657717,34,24,29,19,9,-4,0,9,10,-3,36,28,24,14,sil
1.783416509628296,22,36,39,14,7,-5,-9,1,-13,-21,12,23,2,1,sil
1.783416509628296,-4,19,-5,18,3,0,-12,-24,-15,-4,3,-14,0,-34,sil
1.7988064289093018,-13,-4,-13,5,-2,-8,-27,-27,-28,-11,-11,-23,-23,-27,sil
1.7988064289093018,-11,9,48,-9,-10,-3,-30,0,-50,-42,-29,3,-47,0,sil
1.81490159034729,-20,11,-15,39,6,19,15,-24,0,5,-1,-41,-8,-31,sil
1.81490159034729,-21,-29,-72,22,2,1,16,-29,8,16,-19,-60,-14,-30,sil
1.8304524421691888,-12,-13,12,-24,-10,-1,0,29,-22,-21,-56,6,-47,13,hello
1.8304524421691888,-5,24,30,13,11,34,35,34,21,15,-19,19,-2,16,hello
1.846059799194336,0,5,-15,24,18,25,44,3,53,49,9,-1,27,9,hello
1.846059799194336,0,-21,-51,1,7,-1,26,-7,42,37,10,-13,29,0,hello
1.8613436222076416,-5,-24,-42,-23,-1,-11,-2,-1,2,-7,0,-2,10,0,hello
1.8613436222076416,4,-1,40,-43,-11,-10,-34,24,-41,-50,-11,45,-8,22,hello
1.8773493766784668,13,18,28,4,6,-7,-15,3,-18,-12,17,20,22,1,hello
1.8773493766784668,0,3,-17,11,15,-12,0,-24,-14,-5,13,-25,3,-20,hello
1.8925163745880127,-7,0,18,-14,6,15,8,5,-19,-24,-1,-2,-31,0,hello
1.8925163745880127,3,8,21,20,16,39,33,20,36,26,22,7,7,16,hello
1.907809019088745,-1,-2,15,12,10,12,15,20,47,42,6,4,12,23,hello
1.907809019088745,-15,-14,-3,-5,2,0,1,11,46,34,-6,-2,6,12,hello
1.9238805770874023,1,-18,-29,-3,1,-14,-15,1,62,29,5,-2,25,10,hello
1.9238805770874023,27,2,33,-23,-13,-36,-51,19,36,-9,0,43,14,30,hello
1.9390373229980469,27,19,16,5,-5,-28,-26,-7,18,-1,29,33,30,1,hello
1.9390373229980469,23,7,-25,9,-4,-35,-17,-39,-39,-12,36,3,15,-12,hello
1.95475172996521,13,16,43,-14,-17,-16,-25,-8,-96,-42,-2,20,-33,1,hello
1.95475172996521,-12,14,9,24,7,28,20,-21,-40,3,-2,-23,-19,-28,hello
1.970367193222046,-24,-16,-12,-15,-5,9,8,-13,-31,-9,-27,-28,-39,-16,hello
1.970367193222046,-15,-4,16,-32,-30,8,4,27,-21,-13,-29,-2,-34,0,hello
1.9859766960144043,-14,-18,-123,56,8,20,58,-25,69,71,26,-83,50,-48,hello
1.9859766960144043,-9,-55,-106,-23,-2,-36,-6,-34,5,-3,-8,-47,11,-6,hello
2.007069826126098,4,-7,73,-95,-32,-34,-60,26,-76,-85,-27,72,-37,40,hello
2.007069826126098,4,27,29,20,10,27,3,-5,-13,-2,25,6,15,-22,hello
2.016284942626953,-8,6,-8,40,23,23,6,-29,-20,-9,-9,-40,-7,-33,hello
2.016284942626953,-19,10,46,-4,3,7,-13,2,-49,-51,-43,3,-41,1,hello
2.0317859649658203,-12,7,10,17,10,12,11,1,0,5,-12,-8,-6,-3,hello
2.0469207763671875,0,-6,-2,9,5,7,22,8,17,23,-12,-3,0,6,hello
2.0469207763671875,0,5,7,0,4,9,29,26,21,8,-13,20,0,21,hello
2.062610626220703,5,9,-8,10,10,7,26,23,36,21,6,7,14,16,hello
2.062610626220703,21,6,5,3,1,0,2,23,29,20,14,11,18,17,hello
2.0779225826263428,25,19,11,9,0,1,-5,15,24,4,23,29,26,16,hello
2.0779225826263428,22,16,4,5,4,-4,-14,0,12,-10,24,25,18,4,hello
2.093378782272339,5,-1,11,-6,-1,-7,-19,-14,-15,-13,6,-1,-13,-12,hello
2.093378782272339,-20,-7,1,7,-2,1,0,-22,-15,2,-10,-25,-28,-25,hello
2.109077453613281,-24,-7,-6,3,0,11,17,3,18,18,-13,-15,-14,-9,hello
2.109077453613281,-9,-16,-11,-21,-7,5,17,26,44,31,0,-2,8,13,hello
2.124296188354492,0,-19,-15,-18,-21,-13,0,4,29,22,0,-1,12,16,hello
2.124296188354492,7,-3,0,-1,-24,-22,-18,-7,1,2,1,11,6,4,hello
2.140338897705078,18,18,15,12,-7,-15,-17,-1,0,9,28,27,24,0,hello
2.140338897705078,28,30,21,25,12,-7,-11,-6,-5,9,39,29,27,8,hello
2.156344652175904,16,26,22,31,12,2,-9,-14,-23,-7,18,16,6,12,hello
2.156344652175904,-6,3,4,22,-3,10,4,-13,-15,2,0,-3,-1,4,hello
2.172232389450073,-18,-22,-13,-5,-14,7,6,-3,0,13,-16,-13,-2,1,hello
2.172232389450073,-18,-40,-29,-26,-11,2,-3,4,9,2,-23,-18,-2,-3,hello
2.187957525253296,-15,-41,-44,-45,-11,-6,-11,2,9,-11,-14,-23,0,-12,hello
2.187957525253296,-8,-20,-23,-48,-17,-14,-12,0,-2,-26,-6,-11,-6,-17,hello
2.2032618522644043,0,2,0,-10,0,-7,-7,-6,-11,-30,1,1,-9,-17,hello
2.2032618522644043,1,10,2,5,17,0,-15,-9,-31,-30,2,2,-16,-8,hello
2.2189934253692627,-8,11,8,-1,11,2,-12,-8,-46,-30,-9,-5,-25,-8,hello
2.2189934253692627,-14,7,-2,21,11,6,20,-11,-18,-4,-18,-29,-20,-17,hello
2.234158515930176,0,0,-4,19,15,8,28,4,7,12,-24,-20,-14,5,hello
2.234158515930176,21,2,15,-18,8,3,6,20,-1,-10,-15,22,-6,25,hello
2.2500879764556885,13,13,4,-12,11,-5,-1,-1,-11,-26,8,15,6,0,hello
2.2500879764556885,0,22,0,19,31,-7,1,-12,-8,-7,17,-8,3,-15,hello
2.265184164047241,5,23,26,23,41,3,5,6,-2,12,11,1,-2,0,hello
2.265184164047241,-2,1,15,14,32,12,19,8,7,20,1,0,1,3,hello
2.2807838916778564,-24,-15,-11,5,22,15,28,5,17,28,-11,-22,0,1,hello
2.2807838916778564,-14,-10,-11,0,9,16,24,18,29,32,-9,-17,3,9,hello
2.2963521480560303,0,-7,-10,-6,-16,-1,10,18,32,20,5,4,19,13,hello
2.2963521480560303,2,-12,0,-23,-43,-26,-14,4,14,3,8,22,21,12,hello
2.3118767738342285,16,2,10,-13,-41,-15,-24,-5,2,-1,9,24,18,2,hello
2.3118767738342285,28,20,6,4,-28,-2,-23,-16,-3,-7,23,21,15,-8,hello
2.327242136001587,13,23,29,0,-30,-10,-24,-13,-13,-12,25,27,1,-4,hello
2.327242136001587,0,22,40,14,-20,4,-7,-3,0,6,16,12,-1,-2,hello
2.342925786972046,-2,5,11,26,-2,28,9,0,8,17,1,-10,-3,-3,hello
2.342925786972046,-5,-17,-16,11,-2,20,13,2,8,17,-1,-14,0,2,hello
3.6976318359375,-12,-15,-18,1,0,-5,3,-18,-24,7,-11,-26,-10,-5,hello
3.6976318359375,-17,-12,30,-34,-19,1,-4,24,-23,3,-20,11,-16,16,hello
3.713220596313477,-11,-17,-65,26,7,21,38,-4,69,58,38,-21,53,-14,hello
3.713220596313477,15,-25,-36,-11,-10,-25,-7,3,31,0,3,16,19,16,hello
3.728789567947388,20,1,71,-54,-29,-29,-33,43,-21,-48,-28,69,-18,38,hello
3.728789567947388,7,14,2,12,8,4,14,0,31,15,30,11,34,-12,hello
3.744418144226074,21,14,-4,21,15,-3,-6,-20,7,10,25,8,21,-6,hello
3.744418144226074,24,34,62,13,7,-3,-25,5,-34,-17,3,36,-7,15,hello
3.7598469257354736,3,22,23,31,12,8,1,0,-19,-2,25,-4,0,1,hello
3.7598469257354736,-8,2,6,11,0,15,2,0,-27,-17,3,-12,-16,3,hello
3.775500059127808,-14,0,0,18,-2,30,20,-5,-5,-2,-18,-13,-12,1,hello
3.775500059127808,-20,-20,-23,-4,-8,9,18,-5,6,6,-35,-35,-21,0,hello
3.791208505630493,-20,-26,-4,-58,-30,-9,-9,21,-9,-11,-48,-20,-39,0,hello
3.791208505630493,-10,-15,-38,-25,-16,-3,-1,5,29,17,-2,-18,12,-14,hello
3.806841611862183,11,-2,-11,-14,-8,-27,-26,-2,11,0,8,13,16,9,hello
3.806841611862183,13,28,57,-5,-2,-12,-31,9,-21,-22,3,41,-5,9,hello
3.822204113006592,-9,12,-59,67,29,32,33,-45,35,44,37,-52,31,-60,hello
3.822204113006592,-21,-37,-102,27,18,10,25,-49,18,24,-5,-77,-8,-39,hello
3.8378963470458975,-16,-24,27,-57,-17,-5,-9,31,-26,-36,-62,16,-63,34,hello
3.8378963470458975,-10,2,21,-17,-4,9,17,40,30,7,-16,22,2,21,hello
3.85314679145813,7,0,-15,5,9,-9,3,6,29,19,18,4,36,6,hello
3.85314679145813,19,7,35,-16,-1,-24,-30,0,-29,-23,12,37,5,9,hello
3.869203805923462,11,17,28,3,-1,-17,-15,-10,-25,-21,21,26,7,-17,hello
3.869203805923462,12,18,14,24,8,-9,-2,-6,-3,-8,16,4,10,-17,hello
3.8848683834075928,6,14,25,18,10,12,3,6,0,0,0,1,-5,-1,hello
3.8848683834075928,-6,-5,0,17,0,21,19,-2,0,18,-5,-13,-8,-3,hello
3.899970293045044,4,-6,-3,17,0,15,22,4,4,23,-6,-11,0,10,hello
3.899970293045044,14,1,5,6,4,16,17,16,20,17,0,0,5,24,hello
3.915119409561157,-4,-9,-15,-14,-8,0,0,4,17,-1,7,1,5,9,hello
3.915119409561157,3,-10,-17,-16,-8,-22,-23,-2,-2,-21,10,15,7,2,hello
3.9314115047454834,28,11,4,8,10,-20,-20,-3,-12,-14,24,33,18,8,hello
3.9314115047454834,16,21,15,18,13,-11,-6,-13,-20,0,22,24,13,9,hello
3.946034193038941,-7,17,13,13,4,1,0,-13,-27,-1,0,0,-7,4,hello
3.9611644744873047,-16,4,1,16,3,23,11,-10,-18,-1,-21,-23,-20,-9,hello
3.9611644744873047,-18,-14,-5,10,0,23,21,-4,-8,7,-28,-30,-22,-14,hello
3.9772696495056152,-15,-17,-5,-9,-3,9,21,11,8,22,-15,-16,-10,0,hello
3.9772696495056152,-6,-14,-17,-26,0,-3,11,14,26,23,0,-4,9,9,hello
3.992878198623657,-4,-19,-27,-36,-4,-18,-9,3,14,1,0,-5,10,0,hello
3.992878198623657,-4,-13,-21,-33,-12,-20,-28,0,1,-11,4,-2,3,-12,hello
4.014165163040161,4,2,-8,-24,-15,-9,-30,0,2,-20,16,7,5,-11,hello
4.014165163040161,7,14,9,-12,-8,-11,-24,-3,-4,-27,11,9,1,-3,hello
4.014165163040161,-4,16,18,3,2,-11,-12,-9,-10,-16,0,0,-3,-10,hello
4.024217844009399,-11,8,11,13,7,7,0,-11,-9,-5,-5,-9,-10,-14,hello
4.04033899307251,-8,1,16,10,7,21,10,0,-11,-5,-12,-3,-19,1,hello
4.04033899307251,-2,0,6,19,6,21,27,4,15,24,-2,-7,0,8,hello
4.056343078613281,1,-14,0,7,-1,11,23,9,34,37,0,-1,13,15,hello
4.056343078613281,-1,-18,18,-21,-11,6,10,26,16,5,-15,19,-1,27,hello
4.071945667266846,-4,-9,-32,-2,0,4,20,4,26,14,2,-7,20,0,hello
4.071945667266846,21,-8,-22,-13,-9,-21,-20,-8,-1,-2,5,6,14,5,hello
4.087043046951294,39,22,103,-40,-31,-25,-62,30,-57,-64,-15,79,-25,32,hello
4.087043046951294,12,38,39,32,1,9,-2,-2,-16,-30,16,16,6,-26,hello
4.102857351303101,-6,5,-69,51,18,11,17,-57,-5,-3,5,-67,4,-53,hello
4.102857351303101,-2,0,-21,16,1,7,0,-25,-23,-3,-33,-33,-29,-12,hello
4.117888450622559,-16,-5,-40,31,7,6,22,-8,24,36,-15,-26,-7,-15,hello
4.117888450622559,-19,-29,-29,-14,-3,-17,0,13,5,9,-25,-10,-23,1,hello
4.133263826370239,13,2,30,-21,0,-1,-4,34,-4,0,-3,27,-4,21,hello
4.133263826370239,29,23,-9,32,27,2,20,-2,29,32,55,12,52,1,hello
4.149350166320801,5,9,4,5,14,-20,-9,-10,-26,-18,31,14,8,3,hello
4.149350166320801,-13,10,14,20,18,4,2,-6,-29,-14,9,-2,-12,-5,hello
4.164875745773315,-10,2,-9,33,20,8,18,-10,11,17,1,-14,-1,-1,hello
4.164875745773315,-7,0,31,-12,-9,1,5,23,7,1,-13,24,-9,30,hello
4.1808249950408936,-17,-15,-30,12,0,22,38,6,50,48,14,-16,23,0,sil
4.1808249950408936,-14,-47,-43,-21,0,-8,1,1,22,31,-15,-26,-2,3,sil
4.1971094608306885,0,-10,63,-74,-24,-26,-42,45,-24,-26,-39,46,-26,38,sil
4.1971094608306885,1,10,-8,-1,-5,0,1,3,35,23,38,9,51,-6,sil
4.212260007858276,4,-12,-50,1,7,-15,-13,-32,14,4,35,-16,37,-18,sil
4.212260007858276,4,2,20,-25,0,-13,-33,-5,-29,-36,0,13,-8,0,sil
4.227810144424439,0,9,-6,2,-21,2,-5,-15,-7,-13,9,-14,0,-14,sil
4.227810144424439,0,-1,54,-43,-52,1,-22,6,-55,-49,-37,10,-51,11,sil
4.243244409561157,-1,12,77,-38,-10,36,12,30,-24,-12,-32,21,-33,11,sil
4.243244409561157,-2,-8,-66,11,28,28,51,-12,57,53,27,-43,39,-21,sil
4.258409023284912,8,-12,-45,-17,-8,-21,-14,-17,-4,-22,7,-8,8,0,sil
4.258409023284912,18,35,39,7,0,-1,-29,-1,-34,-44,-2,26,-10,0,sil
4.274085283279419,21,42,8,59,35,27,4,-15,5,12,11,-7,2,-19,sil
4.274085283279419,15,15,9,45,16,21,6,-8,0,12,0,-3,-13,1,sil
4.289780139923096,-1,-4,7,32,3,13,14,1,7,15,-2,-1,-12,5,sil
4.289780139923096,-20,-27,-16,2,-6,-2,7,6,20,13,-22,-17,-16,0,sil
4.30532169342041,-29,-32,-23,-27,-16,-6,-1,10,9,-6,-46,-14,-19,-1,sil
4.30532169342041,-17,-21,-32,-10,-7,-8,6,4,14,-5,-24,-6,9,-8,sil
4.32093071937561,8,0,-7,-1,-5,-23,0,8,9,-15,6,19,15,0,sil
4.32093071937561,22,15,15,1,0,-25,-7,1,-1,-19,21,24,11,1,sil
4.337037801742554,9,14,7,2,6,-26,-11,-15,-18,-7,16,6,14,-8,sil
4.337037801742554,0,17,16,6,2,-23,-19,-8,-35,-3,-1,2,-1,-6,sil
4.352431535720825,0,11,15,21,5,0,0,-4,-22,3,-8,-6,-16,-1,sil
4.352431535720825,-10,-11,0,13,10,8,13,-14,-9,12,-16,-20,-19,1,sil
4.368123769760132,-23,-18,-8,-6,5,8,10,-11,-9,14,-14,-20,-13,6,sil
4.368629693984985,-13,-10,-3,-15,2,6,-1,5,-6,9,0,-4,0,14,sil
4.383629322052002,0,-9,-5,-15,-1,-2,-4,16,7,8,12,7,16,13,sil
4.383629322052002,3,-13,-35,-1,-8,-6,5,8,30,22,26,-2,30,0,sil
4.399020433425903,15,-7,10,-26,-19,-4,-13,20,5,-9,16,26,7,16,sil
4.399020433425903,16,11,52,-28,-11,7,-20,30,-5,-21,19,51,8,18,sil
4.414422273635864,6,11,-35,28,18,9,9,-13,39,33,57,-2,51,-23,sil
4.414422273635864,17,11,-21,17,16,-6,-2,-10,18,17,41,5,24,-6,sil
4.429593801498413,15,32,55,0,8,8,0,16,-13,-13,11,36,-7,12,sil
4.429593801498413,-19,11,-14,22,13,26,31,-24,1,6,-1,-25,-6,-24,sil
4.445211410522461,-27,-13,-15,-7,-1,26,22,-19,-16,-11,-44,-34,-39,-13,sil
4.445211410522461,-8,0,19,0,2,43,43,16,8,6,-34,-14,-25,8,sil
4.460644960403442,-9,-18,-29,12,4,21,45,6,40,32,-12,-34,-3,2,sil
4.460644960403442,-3,-23,7,-34,-19,-8,-12,22,-2,-7,-44,0,-35,19,sil
4.477160692214966,11,2,0,1,-5,2,-4,12,15,11,-16,0,0,3,sil
4.477160692214966,10,-13,-61,7,-3,-29,-16,-24,11,-1,1,-29,14,-14,sil
4.492084264755249,5,-5,45,-71,-39,-59,-77,9,-72,-88,-37,42,-36,15,sil
4.492084264755249,11,32,73,-20,-19,-15,-35,16,-29,-38,1,53,6,0,sil
4.507215261459351,9,15,-42,42,11,-11,4,-35,34,27,43,-21,47,-30,sil
4.507215261459351,2,0,-12,2,1,-35,-25,-29,-22,-20,10,-3,-1,-9,sil
4.523012399673462,7,18,39,19,13,-1,-6,-7,-31,-18,2,14,-7,3,sil
4.523012399673462,2,5,-2,53,29,29,19,-11,9,25,-3,-23,5,1,sil
4.5379838943481445,-13,-7,-4,19,16,29,6,0,6,24,-19,-21,-9,7,sil
4.55350661277771,-11,-6,6,9,6,24,13,7,11,28,6,-6,1,8,sil
4.55350661277771,-8,-18,-11,7,0,9,14,8,22,29,18,-5,10,7,sil
4.55350661277771,-15,-23,-19,-13,-7,1,0,15,15,11,-2,-2,0,2,sil
4.5692572593688965,-15,-14,-24,-24,-9,-2,-2,2,5,-5,-4,-5,0,-11,sil
4.5692572593688965,-5,-6,-21,-26,-13,-18,-9,-8,-7,-20,6,2,3,-12,sil
4.584859848022461,9,5,2,-13,-4,-17,-11,-1,-11,-20,23,21,18,0,sil
4.584859848022461,21,16,19,-1,5,-9,-7,4,-8,-10,32,29,24,3,sil
4.600878477096558,8,14,16,-9,0,-11,-4,1,-13,-11,11,13,2,-2,sil
4.616891145706177,-10,8,13,0,-1,1,11,-3,-17,-14,-14,-8,-19,-11,sil
4.616891145706177,-4,6,27,22,4,22,28,-1,-7,0,-23,-8,-26,0,sil
4.616891145706177,10,0,12,14,3,13,24,9,16,22,-17,2,-14,17,sil
4.632185935974121,8,-11,-14,-20,-7,-11,0,14,23,12,-11,9,0,11,sil
4.632185935974121,-5,-2,-17,-22,-14,-16,-17,-3,-5,-18,-9,1,-2,-14,sil
4.647282361984253,-16,2,-19,7,1,-6,-12,-23,-25,-16,-10,-21,-17,-22,sil
4.662883043289185,-9,-13,1,-8,5,0,2,1,-20,-1,-28,-11,-32,6,sil
4.662883043289185,2,-17,-12,-12,-19,14,26,11,17,25,-11,-2,-5,5,sil
4.678156852722168,1,-12,-69,11,-26,6,15,-27,26,25,29,-27,23,-18,sil
4.678156852722168,0,1,15,-15,0,-6,-25,1,-30,-33,1,6,-19,9,sil
4.693461179733276,1,30,78,7,38,34,19,48,5,5,-6,26,-7,25,sil
4.693461179733276,4,15,-21,56,32,37,55,12,79,82,32,-15,53,3,sil
4.709212303161621,11,-4,-5,-5,-7,-15,-19,4,11,3,10,19,18,17,sil
4.709212303161621,10,8,32,-14,3,-11,-30,6,-12,-26,10,36,14,0,sil
4.724325656890869,1,-3,-41,21,23,-9,-1,-28,20,22,37,-18,45,-27,sil
4.724325656890869,5,3,23,-30,-5,-33,-56,-4,-43,-38,-2,17,-6,4,sil
4.7402503490448,-1,37,68,-9,1,1,-44,0,-47,-56,-6,30,-15,0,sil
4.7402503490448,-13,8,-43,54,26,24,20,-44,18,14,21,-45,20,-32,sil
4.755000829696655,-3,-12,-18,20,6,3,13,-15,-1,11,-5,-26,-12,7,sil
4.755000829696655,9,12,56,8,-4,12,11,20,-10,-1,-17,14,-24,35,sil
4.770245552062988,5,0,0,30,-2,20,29,0,20,18,-4,-17,1,12,sil
4.770245552062988,0,-26,-22,-2,-17,0,19,9,12,9,-17,-14,-7,10,sil
4.785780668258667,1,-18,0,-24,-21,-7,11,28,8,7,-15,9,-6,18,sil
4.785780668258667,5,-19,-14,-16,-21,-15,0,7,13,7,0,2,7,5,sil
4.801884174346924,4,-24,-20,-29,-29,-35,-28,-5,-1,-19,-1,5,7,-8,sil
4.801884174346924,0,-15,-17,-38,-22,-39,-37,-7,-7,-32,3,10,8,-20,sil
4.81809401512146,3,0,-11,-28,-7,-26,-29,-9,-6,-19,13,9,10,-20,sil
4.81809401512146,10,15,11,-7,0,-9,-15,1,-8,-3,12,16,6,-7,sil
4.834071636199951,0,24,18,13,7,7,2,-1,-12,-2,9,8,-7,-7,sil
4.834071636199951,-17,17,9,18,12,12,6,-15,-24,-19,-5,-13,-26,-16,sil
4.849236965179443,-13,7,7,11,14,11,3,-13,-22,-10,-25,-23,-23,-10,sil
4.849236965179443,-15,-3,-5,12,14,13,13,-4,-6,19,-22,-23,-12,-5,sil
4.864842414855957,-25,-12,-13,8,14,22,27,5,-2,18,-18,-24,-19,-5,sil
4.864842414855957,-20,-16,-14,-11,17,33,38,16,6,8,-34,-26,-28,-6,sil
4.88094162940979,-11,-19,-21,-26,10,20,33,12,23,17,-29,-20,-19,-3,sil
4.88094162940979,-3,-5,-13,-16,-2,0,11,7,18,15,3,6,1,9,sil
4.897018432617188,11,11,2,-1,0,-3,-5,3,6,4,23,34,23,17,sil
4.897018432617188,14,9,5,-6,0,-7,-18,-5,0,-3,20,34,23,9,sil
4.912897348403931,1,8,5,-5,-12,-19,-27,-7,-5,-7,16,25,15,4,sil
4.912897348403931,4,15,10,10,-11,-21,-25,0,-5,-4,24,27,20,10,sil
4.928056478500366,27,22,24,28,3,-14,-15,0,-6,-11,40,35,21,9,sil
4.928056478500366,27,27,33,34,12,1,-3,-2,-4,-10,47,28,15,-2,sil
4.944042682647705,0,14,19,21,6,18,3,-6,-3,2,19,4,0,-7,sil
4.944042682647705,-14,-3,0,10,0,27,13,-4,-3,9,-20,-15,-16,-2,sil
4.959242105484009,-10,-13,-14,9,-2,30,22,3,10,12,-30,-28,-12,0,sil
4.959242105484009,-11,-22,-27,-11,-12,22,15,13,16,6,-36,-36,-17,-1,sil
4.974829912185669,-13,-27,-24,-26,-18,6,2,9,13,2,-43,-39,-21,4,sil
4.974829912185669,-1,-20,-7,-9,-10,-6,-2,5,19,10,-22,-34,5,11,sil
4.989893674850464,18,-3,11,8,4,-10,-12,8,21,15,14,-11,32,14,sil
4.989893674850464,24,8,18,10,16,-12,-13,0,9,7,32,0,37,14,sil
5.005967855453491,22,9,8,-2,9,-15,-1,-5,2,-1,28,-16,29,15,sil
5.005967855453491,23,0,3,-24,-8,-23,-8,-1,-1,-20,12,-11,8,5,sil
5.022003173828125,8,-8,-4,-21,-11,-34,-14,-3,-4,-28,4,26,-3,-16,sil
5.022003173828125,-12,-8,-13,-10,0,-40,0,-12,-13,-17,7,36,-2,-25,sil
5.038283348083496,-13,0,12,-15,0,-26,0,-4,-29,-16,-6,30,-23,-12,sil
5.038283348083496,-6,11,3,18,5,0,7,-3,-6,5,-1,15,-15,-15,sil
5.053763628005981,-1,9,-14,34,12,-4,3,-11,-5,10,8,12,-1,-7,sil
5.053763628005981,4,19,57,-14,0,-2,-21,12,-53,-32,-25,37,-32,19,sil
5.068904161453247,-3,30,24,16,14,37,15,3,-7,4,-17,-6,-12,-8,sil
5.068904161453247,-21,-1,-77,56,19,33,31,-32,32,44,6,-59,13,-31,sil
5.085016489028931,-23,-19,-2,-14,-17,4,-22,3,-32,-14,-30,-1,-36,10,sil
5.085016489028931,-20,-11,23,-24,-19,17,-2,25,-9,0,-25,2,-27,4,sil
5.101130247116089,-18,-26,-56,2,0,11,31,-1,41,30,1,-41,9,-12,sil
5.101130247116089,-2,-17,-20,-20,-8,0,4,7,9,-7,-6,0,1,18,sil
5.117224454879761,14,6,12,-10,-10,20,0,14,15,10,7,18,17,21,sil
5.117224454879761,16,-4,-13,-5,1,8,0,1,29,31,18,4,29,9,sil
5.132842779159546,11,-9,-5,-25,4,-11,-21,1,3,-5,14,21,18,9,sil
5.132842779159546,9,7,-4,-10,-9,-4,-24,-8,-8,-19,21,14,20,-9,sil
5.148002624511719,11,18,6,11,-7,-1,-22,-14,-12,-10,15,0,8,-18,sil
5.148002624511719,8,24,33,23,31,0,-12,-10,-10,-2,11,9,-1,-9,sil
5.164011955261231,-2,23,25,23,36,5,-2,-11,-12,-6,5,-1,-6,-2,sil
5.164011955261231,-11,3,4,7,-1,4,0,-18,-27,-18,-22,-22,-31,-12,sil
5.180101871490479,-20,-17,-4,-7,-9,6,13,-12,-27,-21,-38,-32,-43,-26,sil
5.180101871490479,-25,-24,-7,-12,-3,3,26,5,-9,-20,-25,-28,-23,-16,sil
5.19590425491333,-8,-16,0,-5,-12,-1,33,23,18,-4,-6,-6,-3,8,sil
5.19590425491333,4,-8,8,-3,-8,1,43,33,46,29,0,11,2,23,sil
5.211103439331055,4,-4,0,-9,-4,-4,32,27,46,40,5,7,13,27,sil
5.211103439331055,12,-2,-3,-10,-13,-27,-1,13,26,23,16,10,29,29,sil
5.227202892303467,28,7,10,-2,-10,-27,-17,15,26,19,35,30,46,29,sil
5.227202892303467,37,22,15,6,0,-11,-21,10,24,15,43,41,48,17,sil
5.24318790435791,24,25,15,6,1,-12,-36,-15,-19,-15,23,27,16,-3,sil
5.24318790435791,0,15,13,12,1,0,-24,-30,-45,-25,-1,-8,-12,-18,sil
5.25931191444397,-10,0,-1,17,7,19,0,-22,-26,-9,-13,-31,-16,-11,sil
5.25931191444397,-6,-4,6,6,3,13,1,-5,-24,-16,-22,-12,-26,0,sil
5.274900674819946,-9,0,6,13,4,11,9,0,-16,-4,-18,-8,-20,-6,sil
5.274900674819946,-15,-4,-21,17,8,13,11,-3,3,15,-18,-22,-5,-6,sil
5.290060758590698,-13,-11,-18,-7,0,5,-11,9,3,7,-21,-7,-7,5,sil
5.290060758590698,-11,-21,-30,-16,-7,-8,-20,4,4,4,-10,-9,-2,-5,sil
5.306088924407959,-11,-30,-29,-38,-21,-24,-34,-1,-11,-18,-27,-8,-12,-6,sil
5.306088924407959,-6,-9,0,-35,-17,-10,-23,1,-11,-26,-13,18,-4,-8,sil
5.321608543395996,4,0,-69,40,19,3,30,-39,38,32,62,-15,52,-45,sil
5.321608543395996,16,-9,-78,30,19,-26,2,-49,0,6,47,-22,24,-31,sil
5.337216854095459,17,23,70,-26,0,-20,-41,13,-64,-64,-18,49,-45,24,sil
5.337216854095459,3,47,87,23,22,29,14,26,-6,-15,4,37,-14,15,sil
5.352360010147095,-8,15,7,43,25,21,38,0,25,22,16,-13,6,-3,sil
5.352360010147095,-8,2,18,-8,-3,2,7,9,-12,0,-15,0,-20,6,sil
5.368069648742676,-5,4,22,-6,-2,20,18,7,-1,14,-9,0,-11,1,sil
5.368069648742676,-7,-6,0,6,-1,25,33,0,14,21,-12,-13,-8,0,sil
5.383066177368164,-10,-13,-5,-19,-17,13,24,10,11,7,-31,-16,-19,3,sil
5.383066177368164,-7,-18,-20,-34,-15,4,16,15,23,17,-18,-13,6,3,sil
5.398296356201172,0,-16,-15,-24,-3,-1,5,20,23,14,-1,0,26,16,sil
5.398296356201172,0,-8,-1,-10,-5,-8,-5,20,16,0,6,6,20,19,sil
5.413796663284302,4,-8,-1,-9,-5,-16,-15,7,23,1,20,10,19,9,sil
5.413796663284302,23,-3,10,-7,4,-13,-15,4,16,5,28,31,24,15,sil
5.4289422035217285,26,10,19,0,4,-8,-12,-3,-7,-4,23,32,16,12,sil
5.4289422035217285,5,13,11,3,-6,-17,-23,-25,-33,-27,10,3,-10,-14,sil
5.444966077804565,1,12,10,8,-4,-13,-25,-23,-39,-33,1,-8,-26,-28,sil
5.444966077804565,3,16,13,21,6,7,-6,-13,-23,-17,0,-4,-18,-20,sil
5.460448741912842,-14,8,5,21,6,15,1,-10,-8,-1,-7,-10,-13,-9,sil
5.460448741912842,-13,0,2,19,7,15,10,5,5,17,-13,-15,-9,9,sil
5.475336074829102,7,3,5,26,10,20,34,26,33,35,-2,-6,11,28,sil
5.475336074829102,3,1,-17,17,5,12,30,21,40,30,0,-5,21,20,sil
5.491231203079224,-13,-17,-32,-13,1,-10,-2,3,11,7,-14,-12,3,1,sil
5.491231203079224,-15,-27,-30,-26,-10,-26,-19,-13,-2,1,-9,-14,2,-14,sil
5.5073230266571045,-13,-25,-35,-26,-43,-32,-29,-28,-10,-9,0,-6,7,-24,sil
5.5073230266571045,-7,-9,-2,-35,-38,-26,-44,-17,-40,-37,-9,13,-11,-22,sil
5.522894859313965,6,23,0,8,26,0,-14,-16,-17,-6,14,2,5,-25,sil
5.522894859313965,18,28,-15,38,41,0,2,-30,0,8,25,-7,11,-14,sil
5.538104295730591,9,16,56,-7,-5,0,-20,3,-50,-52,-27,22,-41,17,sil
5.538104295730591,-5,11,60,6,0,35,20,24,-23,-22,-24,7,-24,16,sil
5.554687976837158,0,-6,-14,31,21,36,61,9,35,49,15,-14,23,15,sil
5.554687976837158,10,-13,-14,-11,7,7,33,24,23,27,1,8,6,31,sil
5.568797826766968,-2,-16,-29,-24,-4,-1,10,20,23,0,-17,-11,-1,4,sil
5.584335803985596,-9,-24,-32,-34,-16,-15,-14,1,7,-16,-12,-9,0,-6,hello
5.584335803985596,4,0,15,-31,-8,-8,-24,3,-13,-20,13,37,5,0,hello
5.600371360778809,10,23,9,16,14,9,0,-9,2,1,34,12,18,-13,hello
5.600371360778809,1,18,14,30,8,6,0,-13,-3,-4,8,-15,-5,-13,hello
5.616218090057373,-11,8,27,22,0,7,-4,-9,-15,0,-3,-7,-17,-4,hello
5.616218090057373,-17,-10,-10,7,-3,6,4,-7,-3,21,-11,-19,-10,-3,hello
5.631862163543701,-3,-18,-18,-12,-9,-7,0,10,5,16,-22,-17,-5,6,hello
5.631862163543701,10,0,0,-2,0,-11,-2,19,22,10,4,12,17,3,hello
5.647289276123047,8,11,4,7,6,-12,-8,2,8,-6,28,24,17,-9,hello
5.647289276123047,2,14,16,10,1,-8,-11,-11,-18,-18,17,6,-8,-12,hello
5.663178682327271,5,14,21,29,8,5,5,-9,-6,3,1,-1,-6,2,hello
5.663178682327271,2,2,13,30,5,15,26,9,21,14,-8,1,1,18,hello
5.679122924804688,-3,-12,-4,2,-10,4,21,12,31,13,-9,-5,-1,17,hello
5.679122924804688,4,-15,-16,-20,-16,-10,0,5,22,19,-3,-4,5,16,hello
5.694019317626953,16,-3,-11,-19,-8,-8,-7,0,7,13,9,19,22,13,hello
5.694019317626953,8,5,1,-22,-4,-11,-21,-7,-15,-16,17,24,17,-1,hello
5.70966911315918,-6,10,12,-23,-3,-13,-33,-9,-32,-32,2,0,-7,-13,hello
5.70966911315918,-16,1,-3,0,10,11,-3,-7,-13,-2,-11,-28,-16,-19,hello
5.72519326210022,-24,-20,-19,-7,6,21,12,2,6,11,-24,-22,-17,-3,hello
5.72519326210022,-17,-23,-17,-34,-10,-1,1,11,14,8,-12,1,0,6,hello
5.740948438644409,0,-16,-37,-22,-7,-23,-3,-10,4,7,9,-4,20,-20,hello
5.740948438644409,-4,-9,-14,-14,-1,-14,-10,-17,-36,-28,-9,-10,-14,-28,hello
5.75629997253418,-15,3,10,5,6,27,13,0,-19,-22,-18,-13,-27,-5,hello
5.75629997253418,-4,-4,-17,16,4,23,33,4,19,20,-1,-16,0,13,hello
5.772282361984253,14,0,32,-31,-14,-17,-15,24,-24,-16,-12,34,-8,35,hello
5.772282361984253,28,41,64,1,5,0,-17,15,-20,-26,20,42,15,13,hello
5.787446260452271,24,37,-12,68,34,20,26,-37,29,19,51,-20,43,-22,hello
5.787446260452271,3,2,-1,24,7,7,12,-16,3,6,-8,-12,-9,2,hello
5.802977561950684,0,0,26,1,-5,11,0,31,8,7,-24,15,-10,19,hello
5.802977561950684,8,0,-16,18,2,-14,-7,4,27,14,18,0,29,-6,hello
5.818163633346558,3,3,0,0,-4,-36,-31,-19,-19,-26,6,0,-4,-15,hello
5.818163633346558,-4,13,28,20,6,10,0,-3,-17,-14,-2,2,-21,-6,hello
5.833409547805786,-10,2,4,41,19,29,26,3,12,19,5,-9,0,2,hello
5.833409547805786,-20,-14,-13,3,0,-2,1,0,-6,5,-22,-15,-14,1,hello
5.84911060333252,-17,-22,-26,-16,-12,-5,-4,1,0,5,-30,-15,-19,0,hello
5.84911060333252,0,-16,-21,-15,-9,5,3,14,31,24,6,6,16,18,hello
5.864712715148926,8,-1,-6,-21,-7,0,-4,19,23,24,20,24,30,23,hello
5.864712715148926,4,-1,-17,-21,-9,-13,-17,0,-8,0,4,8,10,-6,hello
5.880633115768433,5,-2,-10,-22,-6,-24,-23,-13,-25,-36,0,5,-4,-17,hello
5.880633115768433,11,11,11,-15,-2,-11,-9,-7,-14,-30,6,11,-6,-9,hello
5.896233797073364,6,10,12,4,-2,12,9,-10,-11,-3,-7,-9,-21,-14,hello
5.896233797073364,-7,-6,9,5,-2,17,14,-12,-25,-9,-24,-26,-37,-17,hello
5.911824941635132,-11,-13,7,-1,-3,13,26,0,-2,3,-15,-16,-17,-2,hello
5.911824941635132,0,-14,0,3,-8,3,29,15,28,33,-1,-3,5,17,hello
5.927370309829712,11,-7,1,5,-4,-11,6,19,22,16,1,7,12,27,hello
5.927370309829712,11,0,0,-2,6,-14,-8,12,13,-1,17,16,28,22,hello
5.943400621414185,8,3,-4,-8,6,-11,-15,0,12,5,37,19,39,10,hello
5.943400621414185,12,19,11,3,8,-8,-23,-7,2,0,36,20,30,1,hello
5.959449052810669,12,34,19,21,18,-2,-15,-8,0,-8,25,18,19,0,hello
5.959449052810669,1,24,15,21,19,5,-3,-9,-5,1,12,5,0,-7,hello
5.975327730178833,-21,3,4,1,6,12,0,-16,-19,4,-10,-17,-27,-22,hello
5.975327730178833,-47,-19,-26,-14,-8,12,6,-15,-16,-6,-36,-48,-42,-35,hello
5.9908974170684814,-47,-31,-39,-21,-14,7,8,-1,-4,-5,-43,-49,-38,-27,hello
5.9908974170684814,-21,-16,-20,-14,-6,8,13,13,9,12,-23,-16,-10,-2,hello
6.006093740463257,-1,-12,-23,-9,-3,-2,13,13,26,11,-2,-1,17,11,hello
6.006093740463257,7,-18,-6,-28,-10,-26,-17,9,4,-23,-6,16,9,20,hello
6.025787115097046,19,5,8,-5,0,-12,-19,1,-5,-15,5,27,23,9,hello
6.025787115097046,29,16,-9,30,14,-1,0,-13,2,9,25,7,40,-4,hello
6.03743052482605,30,15,58,-5,-6,-9,-21,5,-45,-39,-12,34,-18,19,hello
6.03743052482605,20,41,88,19,-2,29,2,12,-40,-30,-17,37,-36,11,hello
6.05274772644043,0,18,-19,69,23,50,44,-21,19,28,13,-30,-2,-24,hello
6.05274772644043,-12,-28,-16,-2,0,10,8,-2,-10,-8,-24,-24,-36,0,hello
6.06831169128418,-9,-13,34,-31,-18,7,2,28,-14,-8,-36,7,-34,15,hello
6.06831169128418,-1,0,-5,8,0,8,22,15,38,43,7,-6,16,1,hello
6.083921670913696,0,-10,-45,11,7,-13,10,1,51,42,38,-12,41,1,hello
6.083921670913696,3,-19,-71,3,1,-27,-2,-18,39,26,46,-9,52,1,hello
6.099185466766357,23,-3,16,-48,-21,-43,-48,4,-24,-28,2,50,5,33,hello
6.099185466766357,23,36,81,-26,-6,-8,-32,28,-22,-20,0,64,1,18,hello
6.114375829696655,-5,17,-75,79,38,16,40,-44,53,63,50,-55,51,-54,hello
6.114375829696655,-10,-27,-76,23,11,-22,0,-52,-7,4,1,-55,-12,-19,hello
6.130002737045288,0,0,80,-45,-14,-6,-29,22,-63,-63,-41,39,-64,34,sil
6.130002737045288,-14,7,36,4,4,32,20,17,2,0,-7,3,-13,-1,sil
6.146089792251587,-24,-27,-25,1,-5,7,17,1,20,24,-13,-27,-5,-8,sil
6.146089792251587,-16,-26,-21,-16,-11,-5,2,7,13,5,-9,-10,1,-2,sil
6.161393642425537,-5,-15,-17,-33,-13,-16,-21,-3,-14,-30,0,-2,0,-13,sil
6.161393642425537,14,18,78,-52,-30,-21,-51,10,-69,-67,-17,42,-33,8,sil
6.176954030990601,19,58,68,38,12,23,9,3,-10,6,18,15,7,-3,sil
6.176954030990601,-2,18,-40,74,42,27,38,-27,34,43,27,-51,22,-23,sil
6.192849159240723,-20,-24,-17,-11,-1,-6,-11,-5,-14,-13,-26,-23,-29,1,sil
6.192849159240723,-9,-7,-4,-9,-5,3,0,12,7,5,-8,0,-4,4,sil
6.207869529724121,10,7,-33,19,21,14,22,6,39,27,22,0,27,1,sil
6.207869529724121,16,5,-7,-8,6,0,-2,3,6,-9,0,18,8,7,sil
6.2233726978302,11,0,-14,-21,-12,-13,-15,-7,-7,-17,-8,6,10,-10,sil
6.2393879890441895,7,9,-5,-11,-6,-13,-11,-8,-15,-22,4,8,8,-12,sil
6.2393879890441895,-3,13,18,10,4,3,6,-7,-16,-15,7,8,0,0,sil
6.255502462387085,-16,-17,-7,9,-3,12,16,-4,0,17,-14,-18,-5,0,sil
6.255502462387085,-14,-30,-15,-13,-17,5,11,15,20,38,-23,-19,-7,9,sil
6.255502462387085,-10,-16,-11,-12,-9,0,11,16,29,35,-2,-7,2,13,sil
6.270174980163574,-5,-18,-2,-22,-6,-6,-5,12,12,15,-5,1,-1,15,sil
6.286269903182983,2,-13,-3,-19,-7,-7,-6,14,16,15,0,6,2,9,sil
6.286269903182983,8,0,-14,1,-2,-22,-5,-7,15,2,13,1,12,0,sil
6.302163362503052,12,13,56,-23,-9,-32,-42,1,-47,-58,-12,45,-17,13,sil
6.302163362503052,16,32,71,-3,1,1,-19,14,-37,-34,11,52,5,4,sil
6.3172760009765625,14,20,-12,40,18,7,20,-16,10,10,48,0,38,-21,sil
6.3172760009765625,1,12,14,15,7,-4,-3,-12,-22,-35,1,3,-10,-8,sil
6.333187341690064,-1,29,20,39,22,23,13,-11,-5,-13,4,-5,-4,-10,sil
6.333187341690064,5,15,-32,56,32,19,33,-26,22,31,26,-32,17,-10,sil
6.349272012710571,-3,4,13,9,9,10,11,8,-9,4,-20,0,-26,16,sil
6.349272012710571,-27,-8,-10,16,7,38,28,5,9,19,-31,-29,-27,-7,sil
6.364866495132446,-24,-41,-56,1,-3,16,12,-24,3,11,-27,-56,-23,-19,sil
6.364866495132446,0,-25,3,-23,-20,-2,-11,-1,-21,-6,-27,1,-29,11,sil
6.38087272644043,1,-7,-17,4,-3,6,13,4,23,37,4,2,10,2,sil
6.38087272644043,-2,-28,-41,-26,-8,-14,-9,6,26,19,-2,-11,7,-2,sil
6.396968364715576,1,-19,-15,-30,-8,-12,-15,21,20,-3,5,5,12,5,sil
6.396968364715576,8,-12,-40,0,3,-3,2,5,27,9,36,0,42,7,sil
6.396968364715576,12,-2,45,-60,-25,-33,-53,24,-49,-56,-12,47,-12,35,sil
6.412786483764648,15,37,112,-42,-21,-13,-45,38,-42,-50,-12,68,-20,21,sil
6.428045034408569,6,28,-15,43,20,15,29,-12,43,33,48,-20,42,-34,sil
6.428045034408569,-2,-6,-42,1,0,-12,0,-29,0,2,18,-29,12,-27,sil
6.444015741348267,-4,6,25,-20,-25,-24,-35,-15,-49,-33,-17,13,-23,-5,sil
6.444015741348267,-6,12,-2,15,-2,-3,0,-28,-16,-1,-1,-14,-7,-16,sil
6.459315538406372,-1,0,-3,-6,6,13,19,-15,0,1,-6,-20,-12,-7,sil
6.459315538406372,6,11,26,5,12,25,20,13,15,10,-3,3,-1,6,sil
6.474912643432617,6,17,6,43,20,15,24,13,25,22,-1,-4,10,7,sil
6.474912643432617,-3,-1,-8,16,5,3,24,7,7,2,-30,-17,-15,5,sil
6.490173578262329,-17,-17,-17,-8,-10,1,20,6,13,1,-23,-20,-12,-2,sil
6.490173578262329,-8,-11,-23,-11,-8,-13,0,7,21,12,12,-2,15,-3,sil
6.506251096725464,10,0,-9,-17,-1,-24,-10,9,5,6,23,26,22,7,sil
6.506251096725464,21,7,2,0,3,-21,-11,1,0,2,23,36,27,16,sil
6.522030830383301,24,21,14,17,7,-21,-31,-10,-8,-3,22,29,19,12,sil
6.522030830383301,10,21,21,14,7,-10,-36,-20,-30,-15,6,12,-13,-1,sil
6.53712797164917,-8,0,18,17,9,10,-11,-20,-36,-18,-6,-3,-29,-9,sil
6.53712797164917,-12,-12,8,17,5,24,4,-13,-29,-13,-7,-6,-17,1,sil
6.552732706069946,-12,-16,-3,3,-1,30,9,-6,-18,0,-10,-8,-10,7,sil
6.552732706069946,-17,-22,-8,-3,-3,25,19,5,1,10,-17,-15,-9,8,sil
6.567888259887695,-13,-21,-9,-9,0,17,25,18,18,9,-18,-14,-4,10,sil
6.567888259887695,-9,-18,-23,-18,-3,6,21,17,23,8,-16,-11,1,1,sil
6.583421468734741,-19,-27,-37,-28,-11,-5,5,17,19,4,-22,-15,0,-17,sil
6.583421468734741,-14,-16,-25,-24,-5,0,-11,15,13,-2,-13,-8,0,-28,sil
6.599340915679932,9,12,-1,-6,15,5,-6,5,15,0,20,7,15,-20,sil
6.599340915679932,15,24,7,7,22,-4,3,0,15,11,38,15,24,-7,sil
6.614931344985962,4,21,15,9,4,-11,-1,-7,-4,0,19,8,3,-9,sil
6.614931344985962,4,27,14,22,0,0,2,-16,-10,-6,12,-4,-8,-13,sil
6.630112886428833,4,25,17,25,6,4,2,-12,-2,0,14,-6,-6,2,sil
6.630112886428833,0,8,36,9,-1,11,-10,0,-11,3,-9,-2,-19,16,sil
6.646153926849365,-1,-4,-9,16,-7,12,1,-7,9,21,-9,-26,-4,0,sil
6.646153926849365,0,-21,-31,-14,-17,-18,-3,-3,14,4,-10,-15,0,9,sil
6.66178822517395,4,-11,51,-62,-35,-17,-22,34,-22,-43,-41,36,-27,31,sil
6.66178822517395,-2,-1,16,1,-10,18,20,13,12,-2,-13,-1,9,0,sil
6.677460670471191,0,-21,-71,23,3,-4,25,-22,34,21,20,-32,37,-8,sil
6.677460670471191,24,-13,-9,-35,-17,-35,-24,1,-16,-25,9,32,8,22,sil
6.693076133728027,36,14,30,-4,-9,-20,-25,3,-20,-18,19,41,14,6,sil
6.693076133728027,19,17,11,32,10,-21,-17,-15,-15,-3,26,12,16,-7,sil
6.708207607269287,0,16,3,5,15,-18,-7,-13,-15,-7,17,10,3,-2,sil
6.708207607269287,0,1,-5,-15,13,-2,8,-13,-4,-2,5,0,-2,-1,sil
6.723909616470337,4,0,32,-2,10,7,9,4,-14,-2,-9,6,-15,18,sil
6.723909616470337,0,14,27,48,20,23,29,2,3,24,3,-3,1,12,sil
6.739196062088013,-11,-1,-12,33,10,6,10,-11,2,14,-17,-20,-11,-4,sil
6.739196062088013,-28,-14,1,-14,-11,-1,-16,5,-14,-9,-46,-8,-38,-8,sil
6.755123615264893,-34,-20,-58,13,3,18,24,0,40,42,-10,-38,7,-28,sil
6.755123615264893,-22,-30,-50,-26,-8,-3,0,8,13,6,-35,-20,-9,-1,sil
6.770219802856445,-11,4,75,-74,-33,-5,-45,51,-39,-54,-59,52,-47,27,sil
6.770219802856445,-9,19,-11,17,4,24,9,3,43,35,36,-1,40,-29,sil
6.785960912704468,5,-12,-103,29,16,-7,9,-39,42,41,65,-36,63,-34,sil
6.785960912704468,23,10,25,-34,-5,-15,-34,5,-45,-46,12,40,-5,20,sil
6.800979137420654,12,33,41,9,11,23,3,6,-11,-8,23,22,1,4,sil
6.800979137420654,-8,0,-29,28,14,12,20,-21,3,14,17,-31,2,-17,sil
6.817030668258667,-12,-8,3,-5,-2,6,6,-3,-33,-22,-19,-20,-35,-3,sil
6.817030668258667,-9,-1,8,3,5,26,22,8,3,8,-11,-20,-15,0,sil
6.833053112030029,-2,-10,-10,-9,0,3,6,7,21,25,2,-7,11,6,sil
6.833053112030029,3,-2,6,-28,-14,-17,-20,0,-10,-20,8,20,4,0,sil
6.848094701766968,0,12,15,3,-2,-2,-14,-17,-19,-41,10,3,-8,-18,sil
6.848094701766968,1,14,26,27,11,9,-4,-15,-9,-10,0,-8,-14,-2,sil
6.863521099090576,15,8,28,20,10,13,15,2,14,35,1,1,1,19,sil
6.863521099090576,20,-5,13,4,3,2,26,17,36,42,8,16,15,25,sil
6.879547119140625,20,-14,7,-4,-3,-18,-1,18,23,1,0,22,13,17,sil
6.879547119140625,16,1,3,1,-3,-23,-19,-1,4,-22,-2,6,7,-1,sil
6.895171642303467,3,16,11,17,6,-9,2,-4,0,-2,4,-5,0,-4,sil
6.895171642303467,-7,2,15,20,18,5,23,9,0,16,-4,-3,-6,8,sil
6.910024881362915,-11,-20,-18,1,-3,9,20,3,0,6,-32,-6,-11,7,sil
6.910024881362915,-7,-18,-37,-22,-45,-1,3,0,0,-10,-41,-9,-12,3,sil
6.925572633743286,-1,-5,-14,-18,-32,-13,-3,11,1,-2,-9,0,3,7,sil
6.925572633743286,0,-14,-7,-14,4,-19,-5,7,5,3,10,10,20,6,sil
6.941253900527954,0,-21,-23,-33,-8,-25,-19,-8,-1,-19,-5,7,7,-1,sil
6.941253900527954,-1,-8,-21,-32,-22,-25,-36,-18,-16,-31,-4,3,3,-14,sil
6.957313299179077,0,1,1,-9,-2,-20,-34,-13,-25,-17,14,11,12,-15,sil
6.957313299179077,0,7,12,1,9,-7,-19,-9,-24,-10,19,13,0,-12,sil
6.973329544067383,-3,14,4,5,10,4,-11,-19,-23,-17,6,-3,-22,-20,sil
6.973329544067383,-8,14,7,15,15,15,-3,-16,-22,-7,-2,-15,-24,-18,sil
6.989555597305298,-9,12,11,31,19,32,15,-2,-4,21,4,-9,-5,-6,sil
6.989555597305298,-8,12,2,26,14,37,27,7,4,32,2,-6,-4,2,sil
7.005299806594849,-8,3,-3,9,4,26,26,13,1,21,-13,-18,-15,2,sil
7.005299806594849,-2,-1,-2,6,0,15,22,16,6,14,-15,-25,-9,3,sil
7.021261692047119,9,3,2,4,5,14,16,23,31,24,0,-4,7,19,sil
7.021261692047119,4,0,-2,-5,5,5,6,18,52,28,9,10,18,24,sil
7.036076068878174,-2,-5,-9,-21,-3,-18,-9,1,24,-5,9,4,12,7,sil
7.036076068878174,12,10,6,-14,-4,-21,-10,-1,-6,-29,16,10,11,-5,sil
7.052303314208984,23,21,19,7,7,-7,0,-3,-1,-8,32,24,25,-5,sil
7.052303314208984,18,16,19,14,10,-4,-1,-8,-3,-2,30,20,17,0,sil
7.068208932876587,8,11,17,19,1,3,-3,-7,-11,-5,13,6,-3,0,sil
7.068208932876587,-4,-5,1,16,-1,9,4,0,0,2,-3,-6,-9,-2,sil
7.082929372787476,-19,-21,-11,-1,0,8,15,1,4,3,-18,-16,-10,-2,sil
7.083928108215332,-25,-18,-14,-4,-3,5,23,0,5,11,-21,-19,-11,2,sil
7.098193883895874,-15,-16,-19,-7,-15,-6,9,1,8,13,-19,-10,-9,7,sil
7.098193883895874,-3,-14,-19,-19,-14,-12,-11,3,4,3,-11,0,0,12,sil
7.113819599151611,2,-14,-12,-22,-8,-10,-19,-3,-3,-4,-2,6,19,11,sil
7.1290483474731445,7,-21,-10,-27,-19,-24,-30,-13,-24,-27,-10,2,10,-5,sil
7.1290483474731445,10,-12,-3,-21,-26,-30,-35,-15,-36,-47,-13,1,-10,-17,sil
7.144563913345337,15,17,16,9,-4,-8,-13,-2,-17,-25,3,16,0,-3,sil
7.144563913345337,18,28,29,26,19,10,1,5,4,7,15,21,15,5,sil
7.160394191741943,6,13,23,17,20,16,0,-4,-1,9,4,-2,-3,-7,sil
7.160394191741943,-10,2,11,17,11,29,11,-5,-10,5,-9,-22,-30,-12,sil
7.175928592681885,-17,-7,7,10,9,35,41,16,7,18,-12,-12,-22,3,sil
7.175928592681885,-22,-21,-18,-4,4,19,43,22,38,37,-6,-13,-2,9,sil
7.191228628158569,-22,-28,-43,-23,-8,-13,-3,3,27,24,-8,-19,-6,0,sil
7.191228628158569,-2,-4,0,-33,-15,-23,-36,8,-10,-18,-10,11,-20,-6,sil
7.20737361907959,8,23,-4,13,11,-4,0,0,15,0,31,8,21,-24,sil
7.20737361907959,0,8,-42,23,20,-17,0,-27,12,11,38,-13,30,-20,sil
7.22236704826355,2,9,44,-26,-7,-25,-41,2,-61,-40,-24,20,-35,16,sil
7.22236704826355,1,29,55,14,3,21,9,14,-23,-4,-20,3,-20,2,sil
7.237973213195801,-7,-5,-44,38,11,15,37,-12,33,41,5,-40,20,-10,sil
7.23849630355835,13,-17,-1,-29,-21,-27,-20,11,-7,-10,-9,14,3,33,sil
7.253412246704102,34,17,30,-16,-14,-19,-16,9,0,-12,14,38,25,24,sil
7.253412246704102,19,13,-4,0,1,-15,-5,-17,7,-3,23,16,28,-2,sil
7.269030809402466,8,17,22,-15,-1,-7,-11,-1,-24,-23,3,26,-1,2,sil
7.269030809402466,13,30,8,33,18,23,25,-8,0,1,24,0,16,-4,sil
7.285056829452515,12,12,21,20,14,26,21,-1,0,-13,7,5,0,17,sil
7.285056829452515,0,18,54,7,1,44,25,28,5,-9,-3,33,-8,26,sil
7.301106929779053,-19,-2,-71,65,28,52,65,-24,62,66,26,-44,32,-26,sil
7.301106929779053,-37,-60,-109,0,0,-6,6,-48,7,16,-21,-66,-15,-21,sil
7.317321538925171,-31,-46,9,-78,-60,-24,-45,13,-46,-52,-57,5,-53,15,sil
7.317321538925171,-11,-7,2,-16,-42,2,-10,20,13,10,-9,3,4,-2,sil
7.333357810974121,-1,-17,-29,7,3,-13,-17,0,19,25,0,-8,17,-3,sil
7.333357810974121,1,-15,13,-20,5,-33,-33,10,-10,-15,-1,17,0,5,sil
7.348654747009277,5,0,12,-14,-7,-18,-10,3,1,-13,21,6,7,-16,sil
7.348654747009277,-3,2,1,-12,-7,-7,-13,-5,-13,-27,5,-8,-17,-34,sil
7.363856554031372,-14,5,7,2,6,-2,-15,-1,-33,-34,-14,-19,-34,-33,sil
7.363856554031372,-3,12,16,31,19,1,9,2,-16,2,-3,-13,-10,-8,sil
7.379944324493408,20,22,34,41,31,20,36,25,19,45,14,17,17,31,sil
7.379944324493408,26,14,26,36,27,30,40,35,43,62,17,17,25,39,sil
7.39547848701477,2,-11,3,6,-1,4,9,8,22,34,-2,0,2,14,sil
7.39547848701477,-13,-23,-29,-20,-15,-17,-13,-18,6,8,-1,-7,1,0,sil
7.411137104034424,4,-9,-15,-35,-9,-24,-26,-9,0,-6,10,12,11,15,sil
7.411137104034424,22,19,26,-19,0,-15,-27,-1,-15,-20,7,29,9,17,sil
7.426292181015015,13,21,-28,17,9,-12,-7,-40,-8,-14,8,-9,11,-26,hello
7.426292181015015,1,1,0,-29,-11,-28,-31,-31,-54,-56,-30,-2,-37,-16,hello
7.442282676696777,-5,22,93,-33,-11,10,-18,19,-61,-55,-42,27,-56,3,hello
7.442282676696777,-14,19,-21,58,33,53,60,-8,38,43,14,-36,14,-27,hello
7.457340955734253,-13,-27,-83,14,15,20,42,-10,35,36,-2,-39,8,0,hello
7.457340955734253,-10,-24,-3,-51,-17,7,2,32,0,-7,-35,14,-17,27,hello
7.473154067993164,-8,-7,-13,-27,-9,5,2,12,25,6,-10,-5,15,0,hello
7.473154067993164,1,1,8,-34,-19,-19,-23,6,-11,-28,-10,5,8,8,hello
7.488889932632446,6,19,2,10,-2,1,1,-1,-9,-12,20,1,22,-6,hello
7.488889932632446,-6,8,-37,26,12,2,6,-27,1,5,23,-30,11,-29,hello
7.5049729347229,-16,6,44,-25,-11,-2,-27,4,-36,-32,-22,9,-44,2,hello
7.5049729347229,-24,0,-8,42,8,32,32,-4,21,36,21,-15,3,-17,hello
7.520121812820435,-20,-44,-76,27,0,-3,26,-16,29,49,19,-41,8,-15,hello
7.520121812820435,6,-23,54,-60,-42,-28,-32,48,-22,-28,-31,39,-35,36,hello
7.5361714363098145,24,13,27,19,-4,7,18,26,46,20,32,26,41,7,hello
7.5361714363098145,23,-5,-17,26,13,-21,3,-19,15,5,35,12,35,0,hello
7.552379846572876,18,21,73,-11,-4,-21,-40,-2,-60,-52,0,55,-25,13,hello
7.552379846572876,12,35,-31,90,28,24,24,-44,31,37,60,-22,40,-32,hello
7.567725896835327,14,-14,-69,53,12,-8,6,-45,23,27,26,-35,22,-3,hello
7.567725896835327,9,-2,84,-35,-26,-17,-46,29,-58,-49,-46,60,-48,55,hello
7.583360195159912,0,19,44,24,0,18,2,25,0,8,0,35,1,18,hello
7.583360195159912,8,-8,-20,15,0,0,11,12,24,23,17,5,25,10,hello
7.599090337753296,22,-6,33,-33,-12,-12,-11,29,-5,-17,-5,38,6,29,hello
7.599090337753296,18,11,20,-1,8,-2,0,3,1,-6,13,22,17,1,hello
7.614455461502075,7,12,5,0,6,-6,-1,-12,0,-14,14,6,8,-14,hello
7.614455461502075,4,15,14,-10,0,0,0,-1,1,-15,0,0,-4,-12,hello
7.629639387130737,-1,8,-10,5,15,6,8,-6,4,6,-11,-25,-9,-10,hello
7.629639387130737,-20,-1,-15,8,18,16,3,-10,-11,8,-23,-33,-22,-5,hello
7.645194530487059,-36,-12,-25,-3,2,33,10,-6,-1,14,-36,-44,-22,-13,hello
7.645194530487059,-43,-36,-53,-41,-6,17,15,5,20,31,-58,-63,-24,-14,hello
7.661225080490112,-33,-38,-57,-60,0,-10,7,15,20,27,-53,-55,-15,-5,hello
7.661225080490112,-17,-12,-48,-38,3,-14,-2,0,2,5,-26,-35,3,-15,hello
7.676355838775635,-19,-2,-44,-36,-2,-16,-20,-12,-17,-27,-34,-35,-11,-34,hello
7.676355838775635,-20,-8,-37,-40,-5,-18,-26,-11,-23,-37,-38,-42,-28,-35,hello
7.692105054855347,-8,-1,-17,-12,4,0,-14,-15,-22,-15,-13,-35,-15,-26,hello
7.692105054855347,-10,3,3,2,12,20,2,-13,-20,-5,-10,-28,-13,-19,hello
7.708101511001587,-14,-1,13,4,15,24,24,1,2,0,-7,-18,-12,-3,hello
7.708101511001587,-3,-10,22,8,8,25,39,18,27,24,22,9,11,25,hello
7.722789525985718,10,-6,25,1,-9,11,21,26,27,32,44,48,33,38,hello
7.722789525985718,23,6,27,4,-15,-23,-12,14,23,9,62,74,36,26,hello
7.738136768341064,34,14,38,21,-8,-31,-22,0,10,-12,70,82,24,21,hello
7.738136768341064,38,19,50,29,-16,-13,-11,0,-5,-15,64,81,16,21,hello
7.753506422042847,45,35,53,39,-27,-17,-8,-3,-13,-12,66,77,9,18,hello
7.753506422042847,41,41,53,54,-17,-16,-16,-17,-25,-12,61,61,-12,15,hello
7.769084453582764,18,25,50,54,-5,9,-13,-22,-36,-15,29,36,-6,10,hello
7.769084453582764,7,15,29,51,2,19,3,-9,-18,-10,1,13,39,3,hello
7.784366846084595,15,9,12,33,12,5,10,3,-1,-1,-18,-5,36,9,hello
7.784366846084595,3,-2,1,8,11,7,9,7,0,10,-38,-20,-1,17,hello
7.800354480743408,-9,-12,-38,9,7,8,18,1,27,34,-31,-38,15,8,hello
7.800354480743408,0,-17,-26,-19,-8,-15,-1,15,15,8,-43,-19,3,16,hello
7.81587028503418,-2,-12,-6,-40,-13,-12,-9,20,0,-10,-48,-7,-27,0,hello
7.831839323043823,-17,-19,-101,-2,15,0,14,-27,39,26,-1,-62,3,-47,hello
7.831839323043823,-11,-27,-70,-45,1,-29,-29,-15,-4,-23,-20,-36,-21,-25,hello
7.831839323043823,-13,1,50,-89,-20,-20,-44,39,-51,-69,-51,17,-66,0,hello
7.847065687179565,-34,3,-34,-14,14,19,31,0,25,8,-4,-57,-18,-54,hello
7.863088846206665,-27,-13,-59,0,26,11,34,-17,27,18,-3,-63,-13,-36,hello
7.863088846206665,-12,7,40,-8,24,24,20,20,-7,0,-14,11,-21,14,hello
7.863088846206665,-20,0,2,30,41,43,45,7,25,44,6,-15,4,-1,hello
7.878562450408935,-20,-27,-20,8,14,24,18,2,18,34,-11,-36,-12,-3,hello
7.878562450408935,-11,-29,-3,-6,-17,19,3,0,7,21,-14,-18,-12,0,hello
7.894198417663574,-13,-32,-22,-23,-23,0,-8,-16,-3,4,-4,-6,-1,-2,hello
7.894198417663574,-11,-9,6,-35,-23,-25,-37,-2,-29,-29,-3,21,0,4,hello
7.909953832626343,3,14,-26,29,-6,-18,-20,-12,6,4,30,0,44,-16,hello
7.909953832626343,21,1,0,-14,-17,-36,-48,-2,-28,-37,3,22,11,7,hello
7.9259679317474365,32,30,129,-71,-33,-28,-69,35,-78,-90,-19,93,-22,43,sil
7.9259679317474365,21,51,27,63,15,14,19,-27,12,21,58,4,65,-16,sil
7.941987037658691,2,-4,-91,82,24,-1,38,-64,25,50,40,-63,53,-23,sil
7.941987037658691,0,-20,17,-41,-16,-9,-8,13,-37,-23,-33,24,-18,39,sil
7.958054304122925,9,14,31,-22,-5,15,11,29,23,25,14,41,38,25,sil
7.958054304122925,23,21,-18,20,9,-4,4,-9,46,40,46,10,46,0,sil
7.973299503326416,16,17,28,0,-2,-12,-29,-8,-22,-29,2,22,-39,1,sil
7.973299503326416,-3,10,29,16,4,17,1,-4,-27,-15,-1,3,-48,-4,sil
7.989388227462768,1,2,7,23,14,21,33,12,5,31,10,0,-12,18,sil
7.989388227462768,15,8,13,8,10,6,31,35,28,27,10,26,7,35,sil
8.005307912826538,13,5,0,3,3,-10,7,12,20,-8,8,15,9,0,sil
8.005307912826538,1,4,5,1,0,-14,-6,-9,-16,-38,-7,-4,-17,-21,sil
8.025887250900269,-14,11,15,19,8,15,20,3,-9,-9,-19,-19,-31,-10,sil
8.025887250900269,-22,-5,-4,14,8,23,38,17,23,27,-24,-22,-20,-1,sil
8.036044120788574,-17,-34,-16,-17,-10,-4,15,16,16,11,-28,-15,-12,0,sil
8.036044120788574,-7,-27,-18,-11,-15,-14,-4,3,10,-2,-16,-11,-4,-1,sil
8.051688194274902,0,-14,-20,0,-4,-7,-12,-3,22,8,-3,-3,0,4,sil
8.067381381988525,0,-23,-23,-19,-10,-10,-20,-7,13,-4,-10,-1,-2,0,sil
8.067381381988525,-3,-25,-26,-33,-19,-15,-28,-12,-14,-37,-12,-6,-3,-24,sil
8.082425594329834,-4,0,-11,-20,-11,-16,-27,-10,-27,-41,2,0,-2,-32,sil
8.082425594329834,0,16,2,5,6,-7,-13,-10,-20,-15,12,2,1,-19,sil
8.098314046859741,14,16,14,19,15,0,-9,-16,-16,-1,17,1,12,-3,sil
8.098314046859741,10,17,24,9,14,5,-14,-14,-22,-4,19,1,13,2,sil
8.11327075958252,-16,4,8,1,5,13,-6,-13,-21,0,7,-14,5,-2,sil
8.11327075958252,-25,-10,-9,0,-2,13,1,-8,-8,16,-4,-16,2,2,sil
8.129248142242432,-1,2,0,10,2,18,8,0,5,31,0,1,10,17,sil
8.129248142242432,3,8,2,15,3,26,18,2,5,29,-3,-2,6,13,sil
8.145340204238892,-10,-4,-11,-4,-6,18,21,10,3,17,-14,-9,-6,8,sil
8.145340204238892,-11,-10,-23,-18,-3,4,24,17,19,15,-4,0,0,10,sil
8.161316394805908,-2,-6,-15,-18,-3,-5,16,17,17,-1,-5,1,8,4,sil
8.161316394805908,4,3,0,-3,-8,-11,-1,19,12,-15,-11,0,9,2,sil
8.177412986755371,14,10,0,0,2,-14,-11,12,17,-3,4,4,10,5,sil
8.177412986755371,13,3,-3,-18,6,-23,-15,-1,0,-6,15,11,6,-1,sil
8.19304633140564,12,10,10,-10,4,-23,-16,-10,-15,-22,18,17,5,-10,sil
8.19304633140564,14,18,26,18,8,-8,-14,-11,-11,-18,11,7,-6,-5,sil
8.208161354064941,0,0,19,16,0,2,-4,-12,-9,0,-10,-10,-27,-4,sil
8.208161354064941,-10,-10,8,10,-6,7,10,-7,0,20,-15,-2,-16,0,sil
8.223625659942627,1,8,20,22,6,22,28,8,18,32,0,14,3,19,sil
8.223625659942627,8,1,11,14,8,28,33,15,26,31,4,0,0,20,sil
8.238974332809448,0,-26,-14,-12,-10,0,18,12,21,15,0,0,2,5,sil
8.238974332809448,3,-10,-5,-10,-10,-15,1,12,9,-1,11,20,20,5,sil
8.25490427017212,13,16,7,2,7,-9,-12,-3,-5,-8,26,14,22,2,sil
8.25490427017212,7,10,0,-9,1,-8,-26,-20,-22,-23,14,3,1,-12,sil
8.270078897476196,-3,8,2,-4,-4,-12,-29,-16,-23,-33,4,13,-3,-22,sil
8.270078897476196,-7,9,3,6,0,-13,-20,-10,-18,-30,0,1,-10,-24,sil
8.28522801399231,-13,-10,-16,-17,-5,-2,-12,-14,-21,-29,-23,-29,-33,-25,sil
8.28522801399231,-15,-13,-20,-18,-4,13,-2,-12,-17,-17,-32,-35,-33,-14,sil
8.300138473510742,-8,9,8,22,4,16,11,3,-2,7,-10,-12,-10,8,sil
8.300138473510742,-4,2,6,29,5,13,26,15,11,27,-3,-7,1,20,sil
8.315788984298706,-4,-28,-23,-3,1,11,27,14,17,22,-22,-20,-3,16,sil
8.315788984298706,-4,-34,-22,-20,-2,-3,5,19,17,15,-20,-12,2,14,sil
8.330890655517578,7,-18,-7,-15,-9,-19,-11,13,19,13,9,15,31,13,sil
8.330890655517578,15,1,1,-8,-2,-14,-16,-3,5,0,27,28,34,5,sil
8.346028089523315,9,21,14,6,10,0,-5,-14,-10,-11,25,14,11,-3,sil
8.346028089523315,6,24,20,15,1,-3,-6,-12,-11,-8,26,7,4,-2,sil
8.361289501190186,11,20,19,14,-7,-9,-23,-12,-15,-7,27,17,10,-3,sil
8.361289501190186,5,19,12,18,5,6,-14,-18,-21,-1,11,2,-1,-16,sil
8.37747597694397,-10,8,1,12,8,14,13,-7,-15,5,-16,-21,-21,-11,sil
8.37747597694397,-16,0,-1,5,0,10,25,10,2,12,-19,-12,-14,6,sil
8.393028736114502,-15,-3,-3,4,0,16,26,12,10,13,-13,-7,-8,4,sil
8.393028736114502,-20,-9,-9,-10,-6,23,30,18,15,5,-29,-22,-21,-3,sil
8.409161806106567,-14,-19,-25,-30,-12,10,25,26,33,8,-31,-19,-13,0,sil
8.409161806106567,2,-20,-27,-29,-3,-5,9,22,35,11,-15,5,4,8,sil
8.425257682800293,6,-13,-12,-20,3,-8,-9,5,16,0,-7,15,2,4,sil
8.425257682800293,4,-11,-8,-27,-5,-23,-29,-11,0,-10,-6,9,4,-5,sil
8.441324949264526,5,-6,-5,-25,-12,-34,-39,-9,-9,-15,5,12,15,-7,sil
8.441324949264526,12,5,3,-1,0,-15,-26,-8,-10,-17,26,16,20,-6,sil
8.45738172531128,12,12,10,11,11,-3,-14,-11,-11,-19,28,15,12,-10,sil
8.45738172531128,2,23,20,20,15,-7,-6,-8,-13,-12,23,13,11,-9,sil
8.47306203842163,4,34,31,44,22,1,7,-11,-13,0,27,7,12,2,sil
8.47306203842163,8,23,25,41,20,16,15,-15,-22,0,16,-1,0,13,sil
8.488114356994629,-5,-2,3,23,7,19,11,-13,-19,-2,-10,-20,-16,2,sil
8.488114356994629,-19,-15,-7,11,-2,16,5,-5,-2,9,-26,-34,-26,-6,sil
8.5040864944458,-8,-6,-5,0,-11,14,13,5,5,24,-15,-21,-25,2,sil
8.5040864944458,5,-2,-9,-4,-11,14,21,14,9,18,-7,-10,-12,7,sil
8.518785953521729,0,-12,-12,-8,-9,3,5,16,10,-4,-21,-9,-12,5,sil
8.518785953521729,-2,-17,-10,-19,-9,-11,-12,10,13,-5,-13,0,-7,7,sil
8.53481674194336,4,-13,-7,-23,-11,-11,-10,9,18,12,7,9,11,11,sil
8.53481674194336,5,-1,6,-11,-8,1,1,14,14,16,12,16,23,16,sil
8.550926208496094,16,5,15,-3,-1,0,6,6,9,12,25,27,29,20,sil
8.550926208496094,33,5,18,-5,0,-11,3,-2,0,2,34,42,30,19,sil
8.566064596176147,18,1,11,-2,0,-11,-8,-9,-20,-16,13,25,10,0,sil
8.566064596176147,-11,-2,0,-1,-7,-19,-22,-15,-30,-30,-10,-5,-13,-26,sil
8.582191228866577,-11,4,-3,-7,-13,-25,-24,-8,-13,-23,0,-7,-8,-30,sil
8.582483291625977,0,16,1,-1,0,-11,-12,-4,-1,-10,14,1,5,-11,sil
8.597919702529907,-4,12,10,12,13,8,0,-2,-11,-7,0,-4,-1,0,sil
8.597919702529907,-12,11,13,27,16,22,9,-1,0,4,-6,-12,-7,-3,sil
8.612982749938965,-4,16,9,27,15,18,11,0,11,13,0,-10,-2,-4,sil
8.612982749938965,-4,9,0,15,19,16,14,0,3,5,-11,-8,-4,-2,sil
8.62828254699707,-25,-12,-26,1,12,16,19,-5,0,4,-40,-24,-21,-13,sil
8.62828254699707,-40,-34,-43,-18,-4,8,10,-8,0,2,-51,-41,-36,-18,sil
8.643959045410156,-19,-28,-27,-19,0,12,12,5,8,3,-27,-29,-16,-3,sil
8.643959045410156,1,-14,-12,-5,2,12,20,23,24,14,-3,-2,6,9,sil
8.659402132034302,-4,-19,-16,-14,-14,-7,8,25,25,13,-11,1,1,13,sil
8.659402132034302,0,-21,-21,-22,-13,-14,-1,15,29,14,-4,0,12,16,sil
8.675123453140259,17,-2,-9,-18,0,-11,-6,8,18,8,17,19,28,12,sil
8.675123453140259,22,13,5,-11,-3,-19,-20,-1,-5,-11,20,28,15,-1,sil
8.691229104995728,13,10,5,-8,-5,-25,-29,-15,-15,-15,16,14,7,-7,sil
8.691229104995728,1,1,2,-19,-12,-23,-33,-19,-24,-17,18,8,3,-9,sil
8.70730972290039,-5,-2,8,-13,-14,-18,-36,-27,-33,-28,11,-3,-12,-19,sil
8.70730972290039,0,8,20,7,0,-11,-25,-24,-31,-28,2,-16,-19,-16,sil
8.72295069694519,8,31,26,19,13,4,-3,-9,-22,-14,8,-2,-7,-4,sil
8.72295069694519,14,31,24,32,17,24,14,-6,-15,-1,19,15,0,1,sil
8.738256454467773,21,21,32,46,21,31,26,7,-2,13,18,23,4,17,sil
8.738626956939697,22,21,29,42,15,23,31,20,15,29,18,24,18,25,sil
8.75356149673462,8,12,10,20,0,9,23,7,11,19,9,15,12,19,sil
8.75356149673462,-3,0,6,11,-2,12,14,-3,1,7,0,1,-3,10,sil
8.769071578979492,-4,-1,1,16,0,20,12,0,4,11,-4,-8,-3,3,sil
8.769071578979492,-2,-4,0,12,-6,8,8,7,10,11,-1,-4,3,6,sil
8.784182786941528,-3,-13,0,6,-7,1,15,10,19,18,0,-1,5,10,sil
8.79977822303772,-10,-26,-19,-8,-6,1,13,11,18,19,-19,-19,-9,0,sil
8.79977822303772,-12,-30,-25,-29,-9,-8,0,15,9,0,-28,-17,-16,-2,sil
8.81485652923584,0,-18,-8,-26,-6,-18,-1,18,19,-4,-2,9,7,5,sil
8.81485652923584,5,-9,-2,-19,-7,-18,-5,10,22,0,1,16,13,9,sil
8.830828428268433,-1,-17,-13,-23,-11,-19,-16,-1,4,-7,-16,-2,-2,-2,sil
8.830828428268433,-6,-21,-18,-24,-7,-22,-15,-4,-3,-14,-8,-4,1,-9,sil
8.84626293182373,-1,-3,-7,-17,1,-13,-17,-1,-5,-8,10,9,8,-6,sil
8.84626293182373,-5,12,0,-8,9,-6,-26,-13,-14,-5,6,0,-1,-15,sil
8.861719846725464,-18,11,-9,-8,4,-12,-31,-23,-26,-21,-14,-17,-10,-27,sil
8.861719846725464,-9,11,-12,-11,-1,-10,-28,-19,-28,-32,-14,-9,-1,-22,sil
8.877452611923218,7,15,-6,-12,3,2,-14,-10,-16,-15,6,0,4,-12,sil
8.877452611923218,6,16,1,-8,11,14,2,-1,-3,-6,8,-8,-3,-10,sil
8.893094301223755,-4,18,7,11,16,25,17,1,0,-4,-5,-13,-11,-5,sil
8.893094301223755,-8,17,2,27,16,26,24,-5,1,6,-3,-18,-10,1,sil
8.909122705459595,-4,0,5,9,3,8,11,-6,-7,2,0,-16,-11,9,sil
8.909122705459595,-4,-7,12,2,-5,3,7,1,-11,0,0,-5,-4,13,sil
8.92521333694458,-5,-6,-1,19,2,17,31,-1,0,21,1,-10,1,8,sil
8.92521333694458,-1,-13,6,0,3,20,37,6,0,22,-17,-1,-19,11,sil
8.940776586532593,0,-16,0,2,3,22,35,19,23,24,-4,6,-8,10,sil
8.940776586532593,3,-23,-44,23,7,4,21,2,46,37,25,-10,28,0,sil
8.957447052001953,1,-26,6,-24,-19,-30,-38,6,-9,-11,-16,14,-5,12,sil
8.957447052001953,0,0,47,-19,-30,-23,-41,20,-13,-22,-22,33,-12,9,sil
8.973306655883789,12,5,-22,35,-6,-12,-5,-3,40,26,37,6,40,-9,sil
8.973306655883789,23,-2,-7,-4,-14,-35,-27,-4,1,-2,21,26,21,8,sil
8.989150047302246,17,14,32,-8,-20,-23,-15,6,-25,-26,-1,41,-1,5,sil
8.989150047302246,19,31,10,39,1,0,16,0,2,-2,32,26,23,-4,sil
9.005082368850708,22,32,30,18,9,0,0,3,-8,-2,37,41,21,13,sil
9.005082368850708,8,19,21,0,8,-3,-8,-10,-12,-2,20,19,8,0,sil
9.005082368850708,-3,3,-7,7,9,2,0,-20,-8,-12,0,-17,-11,-14,sil
9.020170450210571,-10,2,9,3,7,23,2,-3,-11,-21,-18,-19,-25,-2,sil
9.036187171936035,-17,0,3,6,8,32,17,1,5,11,-18,-26,-14,-4,sil
9.036187171936035,-14,-9,-8,2,6,26,30,8,16,27,-14,-31,-9,-1,sil
9.051456212997437,-12,-19,-14,-12,0,15,22,22,22,19,-24,-27,-10,6,sil
9.051456212997437,-19,-28,-37,-34,-8,-12,-7,15,19,6,-35,-24,-3,-2,sil
9.067099571228027,-14,-14,-36,-33,-4,-22,-20,-8,-4,-11,-16,-11,3,-10,sil
9.067099571228027,2,9,-8,-7,8,-9,-11,-30,-25,-27,8,1,0,-10,sil
9.082436323165894,8,11,11,0,10,-3,-17,-26,-32,-27,1,2,-10,-6,sil
9.082436323165894,-1,0,5,3,9,5,-3,-11,-17,0,-3,-7,-5,4,sil
9.097670793533323,-10,-8,-14,3,5,12,17,-3,8,24,0,-15,-4,10,sil
9.097670793533323,3,-11,-4,-18,-12,-8,0,18,22,20,-6,6,-7,16,sil
9.113301753997805,24,-4,11,-22,-17,-25,-16,32,23,5,4,25,10,17,sil
9.113301753997805,16,0,-6,-3,-5,-22,-9,7,10,-6,26,14,31,1,sil
9.129078149795532,3,3,-2,-7,-5,-19,-20,-12,-22,-22,23,14,16,-9,sil
9.129078149795532,3,7,28,-8,-8,-2,-15,-7,-33,-16,8,14,-2,-5,sil
9.144367694854736,-8,3,15,19,4,23,19,0,-1,8,-2,-8,-1,-6,sil
9.144367694854736,-7,2,1,30,14,27,22,3,17,14,-3,-8,-1,-9,sil
9.159818410873411,6,11,14,23,15,17,8,11,19,14,5,7,-3,-2,sil
9.159818410873411,-3,8,7,18,12,15,13,1,19,13,2,-5,-6,0,sil
9.175845623016356,-20,-4,-8,6,1,18,10,-8,0,-4,-20,-22,-18,-5,sil
9.175845623016356,-19,-11,-10,-5,-6,15,2,1,-10,-12,-29,-22,-26,-6,sil
9.191147565841677,-15,-14,-13,-16,-16,-1,6,15,5,2,-19,-13,-10,3,sil
9.191147565841677,-4,-12,-16,-11,-16,-15,4,9,16,11,3,1,16,7,sil
9.207244157791138,12,-5,-9,0,0,-17,-6,-8,-6,-8,18,15,21,-1,sil
9.207244157791138,15,1,1,-9,0,-17,-19,-17,-29,-31,8,21,7,-4,sil
9.222938776016235,10,13,2,0,-8,-13,-17,-16,-17,-17,8,18,7,-5,sil
9.222938776016235,7,25,11,25,6,0,-3,-14,-10,-2,9,7,-1,-10,sil
9.238140106201172,-3,19,17,28,11,17,8,-9,-19,0,-11,-8,-23,-10,sil
9.238140106201172,-7,1,7,17,0,19,17,0,-5,16,-15,-9,-17,2,sil
9.254059076309204,8,-3,5,6,2,17,18,16,19,27,3,8,9,22,hello
9.254059076309204,6,-11,-2,-10,0,9,11,16,22,21,7,5,18,18,hello
9.268903732299805,-4,-28,-19,-23,-14,-22,-6,7,16,16,-4,-9,6,5,hello
9.268903732299805,10,-19,-15,-18,-12,-47,-14,9,14,1,-10,0,4,12,hello
9.284296989440918,23,5,-1,-5,2,-31,-7,7,8,-9,7,15,20,17,hello
9.284296989440918,10,9,6,-3,4,-12,-6,-3,-3,-5,20,14,18,2,hello
9.299442529678345,0,6,0,-10,0,-15,-16,-10,-10,-10,13,-2,0,-14,hello
9.299442529678345,-4,10,-4,-6,1,-13,-26,-14,-11,-15,5,-13,-10,-19,hello
9.315539836883543,-11,16,12,6,9,6,-12,-5,-3,1,9,-9,-11,-11,hello
9.315539836883543,-13,14,10,18,16,20,19,0,14,17,5,-13,-7,-3,hello
9.331291675567629,-13,-5,-5,5,5,11,23,-1,5,1,-21,-16,-17,2,hello
9.331291675567629,-17,-19,-8,-11,-4,5,4,1,-12,-6,-27,-8,-17,1,hello
9.346881866455078,-7,-12,-7,-17,-5,6,-6,1,-3,0,0,-2,4,-3,hello
9.346881866455078,14,-4,3,-22,-8,0,-14,-2,-4,-17,16,17,15,0,hello
9.362109422683716,14,5,10,-2,-4,12,-8,-8,-20,-31,10,28,10,-1,hello
9.362109422683716,5,11,9,20,7,34,5,-7,-13,-12,0,7,0,-2,hello
9.377249240875244,3,8,25,14,8,36,17,13,3,8,-13,-9,-14,10,hello
9.377249240875244,-5,-1,7,19,8,31,33,20,21,26,-16,-19,-10,3,hello
9.392398834228516,-16,-16,-10,0,-3,17,19,14,13,16,-25,-10,-17,1,hello
9.392398834228516,-7,-10,13,-23,-16,0,0,23,12,6,-18,10,-6,19,hello
9.407915830612184,6,-2,-15,0,-2,-18,4,4,34,25,13,-5,37,2,hello
9.407915830612184,9,-7,-5,-16,-12,-43,-28,-1,-19,-20,0,9,6,-2,hello
9.4234721660614,7,16,52,-29,-19,-23,-32,10,-50,-49,0,45,-15,0,hello
9.4234721660614,9,21,-57,63,22,4,35,-43,32,30,59,-36,49,-39,hello
9.438880443572998,3,-8,-103,66,26,-22,11,-59,15,19,26,-62,13,-22,hello
9.438880443572998,0,7,50,-8,-6,-18,-40,16,-61,-45,-37,37,-64,33,hello
9.455013751983644,-3,18,43,11,0,15,2,20,-5,3,-5,23,-15,6,hello
9.455013751983644,-9,-21,-45,7,0,-2,11,-15,29,24,2,-31,12,-9,hello
9.470484733581545,-8,-23,-4,-44,-12,-11,-18,7,0,-5,-13,9,-4,20,hello
9.470484733581545,0,1,1,-29,0,0,-5,17,9,7,10,22,22,6,hello
9.485510349273682,4,0,-16,-7,0,-16,-8,-3,2,-5,7,3,20,-18,hello
9.50123167037964,2,0,8,-16,-7,-18,-17,-3,-17,-20,-2,9,-3,-10,hello
9.50123167037964,-2,5,17,-11,1,4,0,2,-3,5,16,5,0,2,hello
9.517513036727903,0,15,27,12,11,21,10,3,2,12,15,2,0,11,hello
9.517513036727903,0,12,29,29,17,24,20,-3,1,14,-2,-1,-5,7,hello
9.53263258934021,-15,-13,-3,0,6,18,25,-11,5,21,-16,-18,-10,-4,hello
9.53263258934021,-24,-34,-19,-36,-16,13,13,4,6,11,-29,-25,-17,-6,hello
9.53263258934021,-7,-25,-12,-28,-17,5,7,17,16,5,-17,-12,-3,0,hello
9.547986268997192,17,-2,0,-5,-4,-11,6,8,22,0,8,6,14,10,hello
9.56317973136902,28,12,9,-2,-2,-16,-4,3,5,-27,7,14,13,0,hello
9.56317973136902,21,17,7,1,-2,-10,-19,-4,-18,-39,-3,7,4,-22,hello
9.578808784484863,12,24,12,19,0,-14,-27,-17,-28,-25,4,4,0,-15,hello
9.578808784484863,4,27,20,36,4,-7,-20,-15,-20,-5,5,0,-6,0,hello
9.59439253807068,-6,7,3,31,12,10,-3,-6,-19,-1,-15,-13,-18,-4,hello
9.59439253807068,-8,-12,-10,11,8,17,11,0,-11,6,-20,-12,-19,0,hello
9.609623432159424,-5,-15,-16,0,-6,8,18,11,21,26,-4,-7,0,15,hello
9.609623432159424,-6,-14,-25,-18,-14,-7,6,19,30,18,0,-1,9,14,hello
9.625479936599731,-5,-10,-21,-26,-4,-17,-9,5,6,-11,11,9,7,0,hello
9.625479936599731,0,1,-6,-4,4,-12,-14,-9,-5,-15,31,11,6,-5,hello
9.641119480133057,-1,15,9,13,8,9,0,-1,-4,2,17,4,-2,7,hello
9.641119480133057,0,26,21,21,19,31,23,12,6,15,-1,2,2,26,hello
9.657176971435549,10,24,16,22,21,26,31,12,27,26,9,2,21,29,hello
9.657176971435549,10,6,0,4,4,4,9,11,27,28,17,11,19,18,hello
9.67300796508789,4,-7,-1,-17,-2,-11,-13,4,6,12,9,22,13,1,hello
9.67300796508789,8,-9,-10,-17,1,-22,-18,-16,-11,-6,8,2,13,-20,hello
9.688798904418944,3,-8,5,-21,-4,-17,-22,-22,-40,-34,-6,-2,-17,-21,hello
9.688798904418944,-14,-12,27,-10,-12,18,-3,-5,-34,-25,-20,2,-34,-13,hello
9.704369068145752,-29,-34,-37,13,-4,26,33,-15,17,24,-8,-43,-3,-33,hello
9.704369068145752,-29,-52,-46,-31,-21,-17,3,-7,-3,-3,-37,-42,-27,-19,hello
9.71997570991516,-7,-18,24,-43,-31,-20,-18,23,-23,-40,-49,18,-37,9,hello
9.71997570991516,11,6,-8,29,0,-2,3,-4,28,5,17,8,34,-8,hello
9.73601484298706,13,0,-16,12,1,-23,-24,-23,-2,-14,26,1,26,-10,hello
9.73601484298706,5,14,37,-14,-7,-20,-40,0,-45,-43,-1,22,-19,1,hello
9.751145362854004,-2,26,28,17,4,-3,-5,0,-17,-2,2,4,-10,-6,hello
9.751145362854004,-3,19,29,16,5,5,7,5,-11,14,-5,0,-10,0,hello
9.767434120178224,0,11,-5,27,11,36,36,6,18,35,-1,-21,1,5,sil
9.767434120178224,6,-5,-18,8,7,25,27,5,25,25,-14,-20,-4,25,sil
9.78334093093872,12,5,46,-23,-1,6,1,31,10,1,-16,27,-7,42,sil
9.78334093093872,10,13,-37,33,20,14,32,0,73,59,46,-10,56,-4,sil
9.799260377883911,8,-17,-101,5,11,-22,2,-29,39,24,36,-30,40,-13,sil
9.799260377883911,4,-2,17,-58,-20,-41,-45,3,-57,-61,-11,38,-22,11,sil
9.814799308776855,6,31,40,7,-1,-6,-4,2,-25,-18,17,29,1,-10,sil
9.814799308776855,4,21,11,29,9,3,8,-6,-8,-5,7,-6,-8,-12,sil
9.82996916770935,-18,3,11,5,0,5,3,0,-20,-26,-18,-19,-31,-10,sil
9.82996916770935,-25,-14,-29,13,0,5,13,-8,13,8,-6,-42,-8,-20,sil
9.846046209335327,0,-9,29,-20,-14,3,-7,27,6,2,-25,17,-14,27,sil
9.846046209335327,12,13,56,-12,-5,29,8,52,26,20,-1,53,17,41,sil
9.86125111579895,8,-7,-44,19,13,15,25,5,61,51,37,-6,60,3,sil
9.86125111579895,14,-16,-29,-18,0,-29,-20,-9,10,0,9,0,25,5,sil
9.877298831939695,24,12,23,-17,-5,-22,-35,-7,-22,-20,3,28,5,5,sil
9.877298831939695,18,12,3,8,5,0,-13,-27,-18,-6,18,10,10,-2,sil
9.892181158065796,-3,0,3,10,14,7,3,-24,-26,-15,5,-2,-10,0,sil
9.892181158065796,-16,1,1,21,16,9,13,-11,-19,-8,-14,-25,-27,-13,sil
9.907925128936768,-11,-3,12,8,5,20,6,-1,-17,-2,-34,-24,-38,-14,sil
9.90834617614746,-15,-14,8,-4,0,36,18,5,-4,4,-24,-13,-26,-2,sil
9.922893047332764,-40,-40,-51,-12,-7,10,15,-3,10,9,-16,-39,-17,-17,sil
9.922893047332764,-44,-49,-52,-49,-25,-28,-20,-2,-7,-10,-37,-36,-31,-26,sil
9.939021110534668,-17,-19,-13,-41,-11,-22,-22,3,-6,-6,-18,1,-7,-18,sil
9.939021110534668,4,4,-10,-3,2,-16,-6,-2,0,1,22,16,25,-4,sil
9.954185962677002,14,13,0,-1,-9,-25,-18,-3,-16,-19,17,16,12,6,sil
9.954185962677002,15,14,9,-3,-9,-15,-18,-5,-20,-24,7,11,1,0,sil
9.969680786132812,11,10,13,4,2,-5,-3,-5,-11,-18,18,14,5,-10,sil
9.969680786132812,11,20,31,18,5,4,6,4,-3,-10,20,16,0,-5,sil
9.985291957855225,7,27,36,39,9,22,15,4,7,10,1,1,-8,1,sil
9.985291957855225,1,7,24,30,1,19,14,1,5,16,-15,-3,-16,11,sil
10.000885009765623,5,-4,15,9,-11,11,15,5,6,18,-8,0,-4,26,sil
10.000885009765623,7,0,1,12,-9,5,19,5,18,25,-3,-3,12,24,sil
10.01605749130249,6,0,-4,7,-6,-3,10,5,15,2,-11,-4,3,16,sil
10.01605749130249,9,1,-2,4,-3,-1,7,13,21,-3,6,8,9,17,sil
10.036203384399414,13,2,0,10,4,-1,7,18,30,21,36,22,39,24,sil
10.036203384399414,13,8,2,6,11,-7,0,17,25,26,36,22,44,15,sil
10.046931982040403,7,10,-2,0,9,-8,-7,0,12,5,20,12,20,-4,sil
10.046931982040403,7,3,-1,-8,0,-12,-15,-12,-7,-9,5,13,3,-6,sil
10.06231927871704,11,0,1,-9,2,-12,-20,-11,-14,-6,17,22,15,-3,sil
10.06231927871704,8,2,-1,-6,10,-8,-16,-5,-4,-3,28,18,20,-8,sil
10.077833652496338,0,11,5,-1,5,-2,-10,-4,-6,-12,9,4,0,-9,sil
10.077833652496338,-3,13,8,10,4,11,-1,-10,-10,-7,-13,-11,-16,-10,sil
10.093858480453491,-8,0,0,2,6,14,3,-9,-11,-3,-27,-22,-23,-10,sil
10.093858480453491,-20,-12,-12,-14,5,14,11,-3,-12,-3,-31,-29,-27,-12,sil
10.109906196594238,-37,-16,-27,-12,5,27,20,-2,-9,0,-41,-48,-38,-18,sil
10.109906196594238,-41,-27,-34,-16,0,23,17,5,-4,0,-59,-57,-51,-18,sil
10.125351190567017,-32,-36,-38,-35,-8,0,1,6,3,-1,-47,-43,-33,-14,sil
10.125351190567017,-28,-35,-43,-43,-16,-14,-14,0,1,2,-27,-29,-11,-10,sil
10.140233755111694,-25,-25,-37,-31,-16,-12,-11,9,6,9,-24,-22,-9,-3,sil
10.155758380889893,-2,-11,-20,-26,-4,-14,3,18,22,10,0,0,11,2,sil
10.155758380889893,24,5,8,-22,0,-13,-3,3,3,-7,28,25,26,0,sil
10.171172618865969,25,25,29,20,2,-6,-14,-21,-30,-22,19,20,0,-6,sil
10.171172618865969,15,28,30,51,10,3,2,-17,-26,-16,2,8,-20,0,sil
10.18735647201538,15,9,20,20,6,17,15,1,5,5,2,14,0,18,sil
10.18735647201538,21,0,7,-4,-2,6,-2,-1,7,6,17,26,27,16,sil
10.18735647201538,33,26,30,21,1,-17,-14,-9,-15,-26,39,46,31,11,sil
10.202839851379396,31,44,56,49,11,-7,1,-7,-12,-25,50,47,26,18,sil
10.218844890594482,12,22,39,40,0,9,8,2,9,11,36,27,19,27,sil
10.218844890594482,20,9,18,23,-11,-2,-7,17,25,28,34,33,31,29,sil
10.234394788742064,31,14,18,14,-16,-25,-27,2,13,3,40,44,38,9,sil
10.234394788742064,-1,3,10,-1,-19,-30,-38,-30,-27,-27,12,12,-3,-22,sil
10.250096321105955,-40,-14,-2,-5,-10,-6,-11,-24,-40,-18,-17,-28,-39,-32,sil
10.250096321105955,-39,-13,-5,4,1,21,32,13,-3,18,-19,-32,-21,-11,sil
10.250096321105955,-24,-4,-6,1,7,29,41,23,17,34,-16,-18,-5,-1,sil
10.26605463027954,-21,-13,-6,-9,8,22,21,5,3,18,-28,-22,-23,-4,sil
10.26605463027954,-11,-14,-6,0,11,28,26,6,11,12,-31,-25,-21,7,sil
10.2808358669281,2,-1,-16,6,14,27,38,17,40,22,-17,-16,6,21,sil
10.29691767692566,1,-8,-14,-27,5,2,4,21,24,13,-18,-6,0,17,sil
10.29691767692566,-1,-17,-17,-34,0,-6,-13,18,10,10,-16,-14,-3,-2,sil
10.31217885017395,0,-13,-45,-3,0,-4,-2,1,27,15,-1,-30,15,-14,sil
10.31217885017395,0,-18,-39,-15,-13,-17,-17,-2,13,-8,-11,-21,1,-1,sil
10.327292919158936,2,-18,-20,-29,-15,-23,-24,-4,-4,-9,-12,-9,-5,2,sil
10.327292919158936,4,-10,-19,-19,-4,-15,-11,-10,-5,0,-1,-16,9,-4,sil
10.342966556549072,6,-1,-2,-18,-3,-11,-15,-12,-22,-31,-9,-19,-3,-9,sil
10.342966556549072,8,5,3,-4,2,-9,-9,-13,-26,-41,-4,4,-14,-15,sil
10.358254432678224,4,6,0,6,7,-8,0,2,-10,-13,8,47,-1,-12,sil
10.358254432678224,-3,0,-4,-8,1,-8,-6,13,-1,-4,7,46,12,-8,sil
10.373798847198486,0,3,3,-16,0,-7,-10,1,-5,-17,9,13,12,-6,sil
10.373798847198486,14,18,20,8,9,0,4,-10,-8,-9,24,7,11,-1,sil
10.389801263809204,15,22,22,31,16,6,9,-27,-11,2,23,9,11,0,sil
10.389801263809204,0,19,32,15,8,9,-10,-22,-23,-8,6,13,-7,4,sil
10.405394554138184,-8,15,28,12,2,15,-4,0,-9,2,7,5,-11,3,sil
10.405394554138184,-10,2,-2,23,1,15,10,0,10,25,8,-16,-1,1,sil
10.42050838470459,-9,11,11,18,0,9,1,0,0,13,1,-1,-3,10,sil
10.42050838470459,0,28,28,28,6,11,0,5,1,15,18,15,2,13,sil
10.436294794082642,0,7,6,21,0,3,2,-1,0,13,8,-1,-2,4,sil
10.436294794082642,-13,-17,-9,-11,-19,-4,-2,-3,-13,-13,-27,-19,-27,-4,sil
10.45186734199524,-18,-20,-16,-11,-17,1,7,0,-3,-15,-24,-21,-21,-14,sil
10.45186734199524,-6,-6,-4,4,-3,15,22,13,11,5,-8,-10,-5,0,sil
10.467063426971436,0,4,7,14,1,24,25,18,17,24,-3,-5,1,15,sil
10.467063426971436,7,-8,-5,9,-5,8,12,4,11,16,-1,-11,-1,10,sil
10.482873439788818,20,-12,3,-12,-9,-5,-7,5,2,1,0,8,-6,14,sil
10.482873439788818,21,9,16,-15,1,-3,-7,18,19,15,10,28,13,21,sil
10.497994661331177,4,0,-12,-11,0,-14,-7,9,31,20,10,3,35,7,sil
10.497994661331177,-8,-31,-30,-31,-18,-31,-19,0,9,-8,-11,-12,17,-13,sil
10.51322889328003,-2,-19,-20,-33,-15,-26,-17,0,-3,-26,-24,-1,2,-13,sil
10.51322889328003,12,2,-14,-13,0,-17,-9,-5,-4,-26,-5,10,19,0,sil
10.52890658378601,16,3,-4,-10,0,-14,-9,-11,-12,-26,15,15,21,1,sil
10.52890658378601,5,4,4,-4,3,-7,2,-7,-17,-19,15,7,-3,-14,sil
10.544992446899414,-3,7,9,13,16,-3,10,-10,-19,-13,3,0,-16,-17,sil
10.544992446899414,-9,2,6,19,14,-1,2,-19,-16,-8,1,-8,-13,-14,sil
10.561006546020508,-16,-2,0,11,11,10,3,-14,-11,-1,-4,-20,-21,-18,sil
10.561006546020508,-20,-2,15,4,15,24,12,10,-10,3,-19,-11,-28,-7,sil
10.57627010345459,-15,-1,-1,17,19,25,23,16,11,30,-9,-8,-8,3,sil
10.57627010345459,-13,-11,-30,15,9,9,7,0,22,38,-7,-22,-3,8,sil
10.5918607711792,-13,-12,3,-12,-5,6,-9,12,4,14,-19,-1,-15,19,sil
10.5918607711792,2,2,-11,13,5,17,19,9,34,40,24,5,29,4,sil
10.60811686515808,21,-4,-31,11,1,-12,9,0,29,32,37,9,41,9,sil
10.608529090881348,16,-2,49,-42,-29,-28,-34,27,-24,-25,-12,43,-12,34,sil
10.623188734054564,7,18,28,-13,-12,2,-2,14,3,-2,5,18,5,4,sil
10.623188734054564,18,18,-30,15,9,-5,10,-17,17,3,32,-4,31,-13,sil
10.638500213623049,20,13,22,-12,-7,-19,-24,-5,-25,-38,5,25,1,2,sil
10.638500213623049,0,10,19,-6,-9,5,-20,-14,-14,-19,-2,6,-1,-14,sil
10.653811693191528,-6,7,-15,0,0,4,-9,-23,-7,-11,-8,-16,1,-22,sil
10.653811693191528,0,16,8,3,0,-3,-7,-6,-25,-34,-7,-6,-10,-10,sil
10.668866395950316,-11,9,2,16,-2,0,-2,-11,-20,-22,1,-16,-13,-15,sil
10.668866395950316,-16,2,-8,4,-4,-1,-12,-15,-23,-17,-8,-15,-18,-10,sil
10.68492865562439,-1,14,12,11,3,7,0,-11,-19,-18,-7,-2,-12,-1,sil
10.68492865562439,5,12,14,30,10,29,26,-6,-2,2,4,-7,-8,3,sil
10.700071573257446,-2,-7,2,18,3,32,25,12,12,25,0,0,-6,18,sil
10.716115236282349,-8,-19,-9,-2,0,17,12,24,29,29,-4,3,7,25,sil
10.716115236282349,-5,-26,-22,-12,0,4,11,14,32,26,-4,-14,9,19,sil
10.716115236282349,-7,-32,-17,-23,-8,0,7,8,17,26,-14,-16,-9,11,sil
10.731840372085571,-9,-21,-3,-16,-9,2,1,8,12,26,-17,-5,-14,0,sil
10.731840372085571,-2,-12,-14,0,3,5,2,0,14,18,-6,-11,0,-8,sil
10.7469003200531,3,-16,-22,-6,0,-1,0,-2,-2,1,-7,-11,3,-5,sil
10.762131929397585,5,-12,-2,-17,-12,-11,-4,6,-17,-11,-16,6,-1,0,sil
10.762131929397585,5,-1,7,-7,-4,-13,-8,10,-8,-17,-9,14,1,-7,sil
10.77817678451538,9,3,-3,0,10,-17,-8,7,11,-12,12,7,15,-9,sil
10.77817678451538,16,12,5,-4,3,-26,-12,6,16,-2,26,17,27,2,sil
10.77817678451538,14,20,22,-2,-4,-31,-9,-1,3,-2,33,31,30,5,sil
10.792877912521362,8,16,0,12,5,-34,0,-21,-2,-11,29,13,19,-10,sil
10.808504343032835,8,10,17,-6,2,-40,-7,-6,-19,-27,2,18,-7,-3,sil
10.808504343032835,5,19,48,-15,0,-24,0,21,-8,-7,2,33,-3,8,sil
10.82423186302185,-3,12,-3,20,11,-8,18,3,25,25,26,-8,18,-10,sil
10.82423186302185,-6,6,-5,11,1,-17,-7,-15,-8,-7,0,-16,-11,-12,sil
10.83981227874756,-3,19,30,1,-4,0,-25,-14,-34,-22,-13,7,-24,-1,sil
10.83981227874756,-11,4,-13,19,7,30,-5,-23,-8,8,2,-16,-1,-6,sil
10.855366230010986,-20,-17,-25,4,0,33,0,-17,-16,-6,-19,-28,-21,-4,sil
10.855366230010986,-18,-6,-2,5,-1,50,12,-9,-26,-18,-36,-23,-37,-7,sil
10.871419429779053,-16,-2,-12,16,9,63,24,-6,-7,0,-24,-26,-27,-10,sil
10.871419429779053,-12,-13,-15,0,7,51,24,18,8,17,-13,-10,-15,5,sil
10.887186527252195,-5,-18,-18,-9,0,30,17,18,24,30,0,-7,4,14,sil
10.887186527252195,0,-18,-9,-14,-11,6,-3,2,13,9,-3,-4,1,17,sil
10.902238368988035,14,-7,3,-10,-6,-1,-4,9,10,1,3,14,11,19,sil
10.902238368988035,22,0,-1,-1,2,-9,6,16,27,25,21,22,38,21,sil
10.91786503791809,15,0,-1,-15,-10,-27,-7,14,15,12,10,19,32,17,sil
10.91786503791809,11,0,-4,-16,-14,-31,-19,4,0,-9,9,16,23,-5,sil
10.932902097702026,14,9,0,0,0,-22,-22,-1,-8,-13,24,16,18,-12,sil
10.932902097702026,10,21,16,11,4,-13,-17,-3,-13,-9,20,8,3,-1,sil
10.949036598205566,0,16,9,17,5,0,-2,-15,-3,0,6,-9,-2,-11,sil
10.949036598205566,-7,6,10,6,6,11,-4,-17,-6,-5,-8,-14,-13,-17,sil
10.964203834533691,-8,12,15,20,6,10,1,-8,-8,-8,-3,-17,-19,-14,sil
10.964203834533691,-12,5,2,30,3,-1,20,0,-6,1,-4,-21,-19,-6,sil
10.97982144355774,-21,-16,13,-11,-8,-4,13,19,-9,-9,-33,-5,-36,10,sil
10.97982144355774,-18,-19,5,-28,-11,1,15,23,17,0,-24,-3,-12,10,sil
10.994905948638916,0,-13,-32,0,-1,-6,19,0,40,29,7,-17,25,5,sil
10.994905948638916,9,-13,-14,-4,-6,-19,-3,-5,9,15,-7,-1,3,12,sil
11.01004934310913,3,-12,3,-14,-10,-9,-16,-2,-7,-4,-20,13,-10,8,sil
11.01004934310913,8,-6,-11,-2,0,-6,-7,-3,-4,-6,-3,13,13,1,sil
11.02567195892334,15,3,-2,-9,0,-20,-10,-4,-20,-31,-3,19,3,-4,sil
11.02567195892334,8,6,-1,-22,-3,-22,-17,-10,-25,-43,-5,7,-15,-25,sil
11.041183948516846,4,2,-9,-14,-3,-16,-23,-11,-12,-20,7,0,0,-23,sil
11.041183948516846,9,13,12,1,-1,-12,-21,-5,-8,-11,17,13,11,-8,sil
11.057326078414915,3,16,17,11,7,-6,-7,-8,-9,-11,15,4,7,-15,sil
11.057326078414915,-7,9,8,12,16,5,0,-3,-5,5,12,-3,2,-5,sil
11.072420835494995,-5,11,18,22,18,26,17,13,8,26,20,3,5,14,sil
11.072420835494995,0,19,18,37,22,43,44,16,23,28,23,0,10,15,sil
11.087947845458984,-12,14,4,30,24,40,50,9,19,24,7,-4,5,11,sil
11.087947845458984,-21,-8,-13,3,9,22,32,6,14,29,-6,-12,-10,6,sil
11.10334849357605,-15,-23,-21,-11,-10,14,21,7,16,26,-14,-22,-19,2,sil
11.10334849357605,-5,-21,-19,-12,-18,6,11,10,12,11,-20,-14,-5,10,sil
11.119213342666626,0,-24,-17,-19,-23,-9,-13,4,2,1,-19,2,4,12,sil
11.119213342666626,3,-18,-12,-22,-19,-17,-30,-9,0,-1,-1,13,8,0,sil
11.134793519973757,11,3,0,-5,-6,-17,-33,-15,-3,-8,14,18,13,0,sil
11.134793519973757,19,18,16,4,0,-18,-38,-12,-19,-21,16,22,11,5,sil
11.1502366065979,13,20,15,8,2,-6,-24,-12,-24,-15,15,9,8,-5,sil
11.1502366065979,6,16,8,5,7,3,-10,-6,-19,-7,8,0,4,-4,sil
11.165738821029665,5,15,36,-2,6,5,-14,12,-18,-17,0,10,-7,8,sil
11.165738821029665,-2,11,11,20,8,11,4,5,5,3,9,-15,1,-7,sil
11.183025598526,-17,-9,-32,20,2,12,16,-6,14,19,-4,-42,-4,-15,sil
11.183025598526,-21,-29,-11,-29,-13,13,9,16,-3,-6,-41,-16,-35,4,sil
11.66311240196228,0,-20,-16,-23,-4,-6,-6,0,17,17,17,1,21,0,sil
11.66311240196228,1,-17,-18,-34,-9,-15,-19,-2,-9,-9,7,3,8,-10,sil
11.678281784057615,-1,-3,-10,-14,-7,-15,-16,-12,-20,-17,4,2,-3,-14,sil
11.678281784057615,-1,15,12,20,8,-8,-4,-19,-30,-14,6,-5,-16,-21,sil
11.693859338760376,4,29,36,39,20,6,8,-9,-36,-14,5,-1,-18,-9,sil
11.693859338760376,-1,20,22,32,11,13,17,-6,-26,-17,-3,-2,-13,0,sil
11.709087610244753,-14,-4,-2,13,0,13,20,-2,-10,-11,-23,-18,-22,-5,sil
11.709087610244753,-9,-9,-8,0,0,21,26,13,11,11,-21,-14,-13,4,sil
11.724603176116943,10,7,0,-5,0,22,13,20,28,16,0,17,19,22,sil
11.724603176116943,19,10,2,-5,-1,2,-10,8,18,-6,12,29,28,14,sil
11.740265607833862,10,1,-3,-10,-4,-17,-23,-11,-7,-26,5,11,10,-9,sil
11.740265607833862,5,8,-3,-7,-8,-18,-28,-22,-31,-37,-6,0,-3,-21,sil
11.756067276000977,5,19,9,16,0,0,-19,-12,-23,-31,-5,0,-6,-11,sil
11.756067276000977,3,20,17,31,17,16,0,0,5,-8,0,-4,-6,0,sil
11.771257638931274,0,11,11,21,11,11,9,1,9,6,0,-7,-9,0,sil
11.771257638931274,-9,-3,6,15,-2,0,11,2,0,17,-6,-5,-11,1,sil
11.787350177764893,-5,-17,-1,10,0,0,22,15,16,26,-4,-4,0,15,sil
11.787350177764893,4,-20,-12,-7,1,0,26,21,39,32,5,-2,23,27,sil
11.802051067352297,-4,-24,-20,-29,-12,-15,1,12,22,24,3,2,24,19,sil
11.817177534103394,-14,-28,-28,-36,-21,-29,-21,3,-1,4,-7,4,5,-3,sil
11.817177534103394,0,-13,-28,-23,-8,-27,-18,0,2,-4,2,6,1,-11,sil
11.832439422607422,15,14,-2,-6,5,-14,-12,3,4,2,23,16,12,0,sil
11.832439422607422,8,24,15,7,7,-5,-13,0,-2,9,25,17,14,1,sil
11.848190546035768,0,11,7,5,7,-3,-6,-19,-15,-2,16,4,0,-7,sil
11.848190546035768,1,3,9,-8,8,0,-4,-15,-32,-22,9,0,-13,-6,sil
11.863248348236084,0,13,17,0,7,2,-3,-6,-29,-19,9,-2,-9,-6,sil
11.863248348236084,-6,12,16,18,5,7,1,-13,-14,-2,3,-10,-7,-9,sil
11.879073143005373,-7,-5,22,9,-3,20,10,1,-7,4,-10,-7,-13,2,sil
11.879073143005373,-10,-9,8,3,-7,27,21,22,18,15,-14,-4,-1,10,sil
11.894206285476685,-7,-4,-20,0,-2,13,21,8,37,23,-12,-18,1,0,sil
11.894206285476685,-2,-3,-6,-10,-2,11,9,-4,18,10,-20,-19,-15,0,sil
11.909964561462402,-5,-8,7,-1,-2,26,11,2,9,0,-27,-11,-17,7,sil
11.909964561462402,-1,-17,-7,4,-3,13,5,4,9,-9,-29,-7,-9,7,sil
11.925585746765137,5,-13,-5,-15,-7,-6,-7,-1,-7,-17,-15,6,-4,2,sil
11.925585746765137,1,-5,-4,-15,-4,-6,-3,-2,-3,-9,10,11,12,-3,sil
11.941277980804443,5,2,-6,4,0,-12,-5,3,12,-1,23,14,22,0,sil
11.941277980804443,16,15,11,10,2,-21,-19,1,11,0,27,28,23,4,sil
11.956971645355225,6,6,-6,3,0,-23,-22,-15,-2,-1,20,9,18,-14,sil
11.956971645355225,-4,-5,-25,-5,-5,-28,-23,-22,-31,-24,-1,-10,-5,-31,sil
11.972179412841797,4,16,8,3,4,-14,-14,-6,-40,-26,0,4,-16,-19,sil
11.972179412841797,3,30,20,28,19,14,10,0,-14,3,16,3,-1,-8,sil
11.987468957901,-12,2,2,20,11,22,21,1,-7,9,0,-15,-8,-2,sil
11.987468957901,-6,-15,-1,4,2,25,25,12,-1,6,-16,-13,-15,13,sil
12.00310468673706,0,-11,-5,2,5,33,30,16,26,27,-9,-1,0,26,sil
12.00310468673706,-5,-11,-12,-10,-2,15,14,15,34,36,-6,1,9,22,sil
12.01829957962036,0,-6,-12,-23,-9,-13,0,11,26,19,-3,2,9,15,sil
12.01829957962036,11,0,-6,-24,-6,-25,-5,1,14,0,0,6,11,9,sil
12.039199829101562,9,-5,-4,-18,-13,-31,-19,-6,-6,-11,-1,9,11,0,sil
12.039199829101562,11,0,2,-8,-12,-34,-30,-11,-20,-26,8,10,9,-3,sil
12.039199829101562,18,20,23,3,7,-20,-25,-10,-20,-35,16,10,0,-4,sil
12.049803018569946,6,20,25,17,15,-2,-13,-9,-15,-13,6,0,-5,-6,sil
12.065305233001707,-7,8,15,23,8,4,-5,-8,-14,0,0,-3,-8,-4,sil
12.065305233001707,-5,9,8,21,6,18,5,-4,-11,-9,2,-1,-10,-1,sil
12.080913305282593,-5,6,2,17,0,32,17,0,2,4,0,-4,-8,3,sil
12.080913305282593,-11,-2,0,9,-8,30,23,5,12,32,-13,-13,-10,13,sil
12.0969398021698,-15,-13,-11,-4,-1,21,23,11,12,29,-20,-19,-12,5,sil
12.0969398021698,-21,-25,-31,-25,-2,11,7,12,10,7,-23,-20,-13,-10,sil
12.112067699432371,-25,-27,-33,-38,-11,-1,1,10,14,2,-18,-17,-9,-10,sil
12.112067699432371,-20,-15,-24,-27,-9,-14,12,11,21,9,0,-7,4,-3,sil
12.128346920013428,2,-5,-8,-3,0,-14,6,15,20,7,17,16,24,-3,sil
12.128346920013428,27,3,11,15,9,-10,-10,9,15,2,32,29,33,-4,sil
12.143850803375244,16,13,21,11,9,-11,-23,-14,0,-7,28,19,13,-6,sil
12.143850803375244,-2,9,13,1,-2,-9,-27,-28,-28,-30,6,6,-11,-14,sil
12.158897638320925,6,11,14,12,-1,-5,-21,-26,-43,-37,0,2,-6,-18,sil
12.158897638320925,18,25,26,21,7,-6,-15,-22,-45,-21,5,1,0,-9,sil
12.17492127418518,6,18,17,14,0,1,2,-11,-32,-6,-2,-3,-13,0,sil
12.17492127418518,-5,-2,0,6,-6,19,26,4,0,4,-17,-12,-20,5,sil
12.19009518623352,-4,-10,-5,1,8,16,31,17,26,17,-17,-13,-11,9,sil
12.19009518623352,-2,-8,-13,-7,11,0,21,17,24,21,-8,-4,0,15,sil
12.20613718032837,0,-17,-17,-19,-10,-3,9,12,21,8,-3,8,13,23,sil
12.20613718032837,15,-18,-1,-15,-15,-3,-1,9,22,2,6,18,25,25,sil
12.221822500228882,19,7,14,2,0,-10,-12,-3,-1,-2,18,24,20,9,sil
12.221822500228882,2,17,12,10,10,-2,-6,-9,-23,-12,2,10,-3,-1,sil
12.237452745437622,-12,-4,1,8,7,16,8,1,1,3,-21,-18,-15,5,sil
12.237452745437622,-14,-22,-13,-2,-3,6,0,8,25,21,-16,-20,-3,2,sil
12.253377676010132,-6,-23,-25,-19,-19,-18,-20,10,12,3,3,-1,11,-12,sil
12.253377676010132,0,-9,-20,-26,-14,-14,-23,9,1,-11,12,8,14,-11,sil
12.268150329589844,3,12,-4,-13,1,-3,-18,0,-1,-10,12,8,8,-6,sil
12.268150329589844,6,27,7,3,6,-12,-13,-13,-14,-14,11,6,-1,-10,sil
12.283986330032349,4,28,16,7,8,0,-1,-13,-19,-7,3,0,-11,-9,sil
12.283986330032349,-5,20,13,13,14,24,12,-4,-3,9,-4,-13,-15,-4,sil
12.29966688156128,-18,7,2,27,11,19,20,0,8,11,-6,-23,-17,-9,sil
12.29966688156128,-14,-7,0,14,5,3,24,4,4,4,-6,-16,-21,-11,sil
12.315462827682495,-9,-19,-8,-8,3,9,26,5,6,18,-9,-13,-15,0,sil
12.315462827682495,-12,-22,-27,-7,1,11,24,0,19,30,-14,-17,1,10,sil
12.331004858016968,1,-11,-14,-4,-8,-8,2,4,10,7,-18,-7,8,17,sil
12.331004858016968,19,6,14,-8,-17,-24,-24,4,-6,-16,-5,13,10,18,sil
12.3463613986969,12,4,3,-7,-8,-21,-27,-11,-11,-14,14,20,19,5,sil
12.362252473831177,0,-3,-10,-7,-6,-18,-22,-20,-24,-19,15,20,12,-6,sil
12.362252473831177,6,8,15,2,-7,-7,-19,-14,-32,-25,8,22,-5,-7,sil
12.362252473831177,16,24,31,27,8,9,-6,-4,-14,-10,13,13,-7,-5,sil
12.378135681152344,10,20,18,37,17,12,3,0,-8,-9,10,2,-2,-5,sil
12.378135681152344,-5,3,7,20,5,9,10,2,-19,-13,-7,-5,-8,-1,sil
12.393155097961426,-10,-14,-9,-2,-4,16,20,15,2,14,-16,-12,-3,5,sil
12.409277200698853,4,-17,-10,-15,-3,18,17,30,35,32,6,0,23,18,sil
12.409277200698853,21,-2,6,-11,1,5,2,30,34,18,34,21,38,23,sil
12.42484974861145,13,5,7,0,4,-2,0,5,15,12,31,16,21,10,sil
12.42484974861145,-12,-5,-4,0,4,3,0,-13,3,12,7,-8,-7,-4,sil
12.440017461776732,-28,-17,-11,-14,0,10,4,-5,9,4,-18,-26,-25,-11,sil
12.440017461776732,-18,-14,-17,-26,-7,2,5,2,16,-1,-28,-15,-14,-10,sil
12.455638647079468,0,2,-10,-16,-8,-14,-9,-8,0,-11,-11,5,1,-7,sil
12.455638647079468,0,13,6,5,2,-11,-10,-24,-16,-21,1,1,-11,-15,sil
12.471637725830078,-15,-1,5,6,6,13,13,-16,-10,-12,-16,-21,-31,-17,sil
12.471637725830078,-11,-22,-9,-12,-2,7,18,8,3,6,-30,-22,-13,-5,sil
12.48729681968689,3,-15,-13,-22,-9,-26,-10,15,3,6,-9,0,12,-1,sil
12.48729681968689,16,2,-2,-8,-7,-32,-26,5,-5,-15,15,20,17,-1,sil
12.502885103225708,19,13,7,2,-2,-18,-17,0,-5,-23,25,24,17,6,sil
12.502885103225708,6,14,10,0,-2,-19,-16,-9,-5,-8,19,14,15,0,sil
12.518905401229858,-5,7,7,13,-5,-13,-16,-23,-17,0,3,0,0,0,sil
12.518905401229858,0,11,15,31,0,5,-7,-23,-30,-2,-10,-4,-14,10,sil
12.534420251846312,0,13,7,25,11,17,2,-8,-23,2,-15,-16,-16,1,sil
12.534420251846312,-15,0,-17,5,9,19,14,4,2,14,-20,-24,-19,-8,sil
12.550084352493286,-14,-2,-2,-6,3,21,20,20,23,19,-22,-3,-19,12,sil
12.550084352493286,7,5,3,0,8,22,28,28,42,36,0,2,11,19,sil
12.565579175949097,13,-8,-22,-6,9,5,25,21,42,33,12,-4,33,8,sil
12.565579175949097,0,-22,-19,-33,-1,-21,-3,22,13,-6,-2,8,13,7,sil
12.581382989883425,0,-11,-13,-18,-5,-21,-15,10,4,-15,0,7,9,-6,sil
12.581382989883425,10,0,-14,5,0,-7,-9,-5,0,-8,15,-1,14,-14,sil
12.59690761566162,10,9,21,-7,0,-3,-14,0,-30,-32,9,17,-2,0,sil
12.59690761566162,0,20,32,2,4,9,-7,-7,-32,-24,9,11,-7,-2,sil
12.61280870437622,-3,14,5,31,9,23,9,-25,-14,9,12,-16,-4,-11,sil
12.61280870437622,-3,0,7,23,0,20,7,-20,-25,1,0,-12,-20,0,sil
12.62798309326172,-8,0,16,12,-2,23,8,-11,-26,-9,-7,-1,-30,0,sil
12.62798309326172,-7,0,3,13,1,24,22,-1,3,12,-3,-11,-16,-1,sil
12.643946647644045,-5,-16,-3,0,-2,6,16,8,23,27,0,-9,5,11,sil
12.643946647644045,-1,-17,0,-12,-9,-6,-4,9,23,11,2,8,16,12,sil
12.659512996673584,10,0,5,0,-2,-2,-9,12,24,1,8,23,20,8,sil
12.659512996673584,10,6,0,2,0,2,-5,11,21,10,8,19,21,8,sil
12.675488710403442,0,-7,-23,-15,-18,-6,-12,-1,6,1,-5,0,6,-2,sil
12.675488710403442,-1,0,-16,-19,-23,-21,-24,-6,-9,-32,-8,5,0,-11,sil
12.690338134765623,11,25,16,1,0,-21,-20,1,-13,-41,15,26,14,-3,sil
12.690338134765623,19,29,19,25,12,-10,-4,-4,-3,-12,28,14,16,-3,sil
12.705436944961548,10,16,15,27,12,0,0,-19,-7,4,17,-2,-1,-7,sil
12.705436944961548,2,6,21,16,12,-2,0,-16,-16,5,10,0,-5,2,sil
12.72109079360962,-6,-10,3,4,3,-11,5,-6,-8,7,0,-4,-7,2,sil
12.72109079360962,-23,-32,-17,-12,-7,-13,5,2,1,6,-22,-24,-24,-10,sil
12.737158060073853,-25,-33,-16,-22,-4,-4,13,15,12,18,-24,-25,-24,-2,sil
12.737158060073853,-9,-24,-17,-24,-2,-13,16,23,28,25,-8,-7,-1,16,sil
12.75300431251526,2,-18,-22,-27,-5,-32,0,18,27,2,-1,9,14,9,sil
12.75300431251526,2,-4,-10,-34,-2,-23,-13,2,-2,-17,-7,15,5,-8,sil
12.768431663513184,-1,3,-6,-31,1,-4,-13,-8,-28,-14,-19,-2,-6,-18,sil
12.768431663513184,0,2,-24,-9,4,-3,-4,-13,-18,-5,-13,-19,4,-21,sil
12.784210205078123,3,14,-7,0,7,1,-1,-7,-9,-10,0,-7,6,-8,sil
12.784210205078123,-1,21,15,-4,4,22,-2,-3,-15,-13,-15,-7,-18,0,sil
12.79986572265625,-19,0,-9,4,1,33,-5,-13,-10,-12,-34,-40,-30,-13,sil
12.79986572265625,-25,-7,-17,4,2,36,-3,-11,-7,-10,-33,-45,-28,-16,sil
12.814960479736328,-11,7,7,4,4,43,16,6,2,13,-13,-22,-13,6,sil
12.814960479736328,6,15,15,30,9,41,34,12,28,44,7,-3,12,25,sil
12.830193281173706,9,3,4,30,10,24,24,9,26,44,2,5,18,20,sil
12.830193281173706,-1,-11,-8,0,0,8,10,10,8,24,-10,1,6,6,sil
12.845785856246948,-1,-9,-2,-2,-5,0,2,10,14,11,5,6,11,6,sil
12.845785856246948,25,7,19,19,0,-11,-6,11,19,2,36,37,28,15,sil
12.860946893692017,46,19,37,23,1,-18,-12,3,3,-17,47,61,34,20,sil
12.860946893692017,42,25,41,22,2,-19,-13,-5,-8,-33,53,60,29,18,sil
12.87699294090271,28,23,33,21,-2,-22,-14,-12,-17,-27,58,50,18,3,sil
12.87699294090271,15,13,32,13,-9,-21,-17,-12,-30,-18,46,38,1,-6,sil
12.892287731170654,3,9,30,23,6,-7,-4,-13,-20,-7,33,16,-4,-4,sil
12.892287731170654,-11,0,7,25,6,2,9,-14,-5,6,8,-8,-14,-4,sil
12.907856702804564,-26,-24,-16,0,-40,-1,1,-2,-8,3,-33,-29,-32,-10,sil
12.907856702804564,-35,-37,-38,-19,-45,-11,-5,6,-3,-6,-46,-41,-31,-16,sil
12.923882961273192,-39,-40,-50,-33,1,-18,-1,2,4,-6,-33,-37,-21,-11,sil
12.923882961273192,-27,-41,-43,-40,4,-11,5,8,6,1,-31,-28,-17,0,sil
12.9391188621521,-10,-19,-30,-23,-11,0,10,18,12,8,-23,-23,-3,1,sil
12.9391188621521,4,15,-19,-12,12,0,5,11,12,4,0,-2,13,-1,sil
12.95480990409851,16,23,-11,-18,25,-5,-4,0,13,0,18,16,26,0,sil
12.95480990409851,16,11,-8,-20,6,-12,-16,-5,9,-4,8,7,24,0,sil
12.969826459884644,8,9,2,-20,3,-11,-27,-5,-10,-17,-16,-2,0,-10,sil
12.969826459884644,-6,16,18,0,16,12,-10,-13,-24,-12,-25,-7,-17,-20,sil
12.985862493515016,-15,19,12,29,24,35,23,-20,-8,4,-22,-29,-21,-21,sil
12.985862493515016,-10,12,2,17,13,33,22,-3,5,5,-25,-33,-23,-3,sil
13.001023054122925,-5,2,12,-7,-2,28,6,16,11,15,-19,0,-8,19,sil
13.001023054122925,0,-8,2,-2,-7,14,18,10,26,38,0,6,18,19,sil
13.01736545562744,10,-19,-12,-11,-10,-10,10,0,23,26,6,-1,21,9,sil
13.01736545562744,14,-13,3,-28,-15,-19,-24,0,-1,0,10,23,14,4,sil
13.032984495162964,11,4,23,0,-5,-12,-24,-7,-18,-7,24,39,15,0,hello
13.032984495162964,15,15,27,24,4,-9,-8,-13,-25,-20,31,24,4,-7,hello
13.048579454421995,10,7,15,17,3,-3,-9,-4,-23,-24,20,3,-5,-10,hello
13.048579454421995,-7,-7,1,17,0,9,-2,1,-8,-3,3,-6,-8,-2,hello
13.063331842422484,-15,-12,7,23,-3,20,20,4,-1,9,-7,-5,-12,3,hello
13.079063892364502,-16,-18,-6,8,-3,17,34,9,9,11,-9,-14,-13,0,hello
13.079063892364502,-9,-17,-21,-8,0,0,18,20,22,4,-15,-17,-11,5,hello
13.094114065170288,18,2,-3,9,4,-11,-2,26,20,0,0,8,10,21,hello
13.094114065170288,29,17,0,20,6,-12,-8,5,7,6,34,29,39,16,hello
13.10924220085144,4,16,-1,-6,1,-15,-7,-8,-6,-2,26,18,13,2,hello
13.10924220085144,-4,17,3,4,5,0,6,0,0,-3,-1,-10,-10,0,hello
13.124804496765137,-1,16,0,32,5,11,16,0,17,19,-3,-18,0,6,hello
13.124804496765137,-13,0,-9,-8,-11,-8,-1,-1,6,12,-5,0,-7,9,hello
13.1402108669281,-18,-20,-29,-42,-22,-28,-16,-8,-12,-19,-6,-3,-8,-8,hello
13.1402108669281,-1,-19,-29,-25,-13,-23,-25,-22,-30,-36,2,-7,5,-22,hello
13.156357288360596,14,7,13,-8,-4,-9,-29,-14,-39,-33,4,13,-4,-14,hello
13.156357288360596,16,29,36,10,8,1,-11,0,-9,-6,10,20,-4,-6,hello
13.172221660614014,10,20,27,14,18,13,7,0,11,17,8,3,6,2,hello
13.172221660614014,-3,0,19,-3,7,17,12,-1,0,13,-18,-9,-7,7,hello
13.187459707260132,-18,-18,-4,-8,-7,9,6,-4,-4,1,-41,-21,-28,-7,hello
13.187459707260132,-21,-32,-29,-9,-10,4,3,1,4,-5,-45,-24,-36,-12,hello
13.202521324157717,-16,-30,-33,-12,-9,8,11,8,11,-3,-19,-17,-13,-2,hello
13.202521324157717,-3,-20,-32,-8,-7,1,6,5,19,5,14,2,20,0,hello
13.217919111251833,11,-5,-6,-14,-5,-5,-7,12,14,0,19,30,20,2,hello
13.217919111251833,13,18,25,-17,4,3,-1,8,1,-8,13,16,11,-1,hello
13.23402214050293,7,28,29,1,16,14,5,-4,0,3,22,-10,15,-8,hello
13.23402214050293,0,10,21,27,16,24,9,0,4,28,15,0,8,9,hello
13.248786926269531,-5,-2,7,30,10,22,16,11,16,32,-4,6,1,22,hello
13.248786926269531,0,1,-2,12,2,2,11,11,29,22,-2,-4,13,11,hello
13.264367818832396,9,0,-11,0,0,-8,3,0,31,15,13,0,21,2,hello
13.264367818832396,14,-2,-1,-6,2,-16,-4,-1,1,-5,8,16,9,4,hello
13.279447078704834,10,16,18,-3,5,-16,-16,0,-19,-19,6,22,3,-1,hello
13.279447078704834,4,22,2,14,7,-2,-17,-15,-15,-8,20,0,5,-19,hello
13.295207977294922,0,10,-9,14,1,-1,-19,-28,-33,-24,0,-21,-18,-15,hello
13.295207977294922,-12,3,8,9,-1,-5,-10,-20,-48,-35,-32,-26,-38,-4,hello
13.310951709747314,-27,-13,-7,5,-8,-5,7,-14,-26,-5,-31,-35,-31,-8,hello
13.310951709747314,-26,-33,-28,-20,-22,-10,3,4,-8,6,-26,-24,-18,-2,hello
13.327036380767822,-5,-29,-17,-30,-17,-17,-5,24,5,0,-16,6,4,13,hello
13.327036380767822,12,-12,-7,-12,-4,-23,-8,8,7,-7,3,22,17,9,hello
13.342899084091188,16,14,21,-2,0,-13,-16,-6,-20,-15,16,32,6,-1,hello
13.342899084091188,9,29,24,18,5,10,-2,-6,-23,-3,17,15,7,-4,hello
13.357919931411743,-5,0,-5,24,4,10,14,-5,-1,5,-2,-12,-3,-1,hello
13.357919931411743,-10,-13,1,0,-1,9,15,12,12,6,-21,-1,-23,7,hello
13.373270273208618,4,2,-3,6,10,23,27,27,47,36,3,8,9,13,hello
13.373270273208618,17,-4,-18,0,7,4,17,21,48,32,23,8,35,22,hello
13.388895273208618,21,-5,12,-29,-16,-14,-9,20,9,-7,16,29,18,18,hello
13.388895273208618,18,18,16,-15,-7,-1,-11,0,5,-7,25,23,16,-8,hello
13.407006025314333,8,20,0,0,18,3,-9,-20,6,0,26,5,12,-14,hello
13.407006025314333,-1,10,11,0,4,6,-5,-8,-7,-9,12,3,-6,1,hello
13.42086386680603,-18,0,5,6,-21,17,10,0,1,3,-5,-15,-11,-6,hello
13.42086386680603,-30,-13,-11,5,-7,19,20,-4,13,23,-25,-37,-16,-14,hello
13.435874938964844,-19,-13,-10,6,17,17,20,-2,7,22,-21,-28,-25,-1,hello
13.435874938964844,-13,-6,-13,7,4,1,0,-7,-7,-1,-19,-19,-31,-2,hello
13.45125651359558,-18,-15,-25,-13,-11,-18,-20,-5,-11,-14,-29,-25,-16,-14,hello
13.45125651359558,-6,-19,-17,-26,3,-16,-13,2,2,-1,-6,-9,15,-3,hello
13.467286109924316,14,-4,2,-8,5,-5,-3,3,1,-5,19,18,24,9,hello
13.467286109924316,22,15,11,10,-21,-10,-11,-1,-19,-30,11,21,9,-1,hello
13.482957363128662,24,28,25,20,-12,-13,-10,-3,-24,-33,3,16,1,-5,hello
13.482957363128662,11,19,23,27,27,1,6,-7,-7,-6,7,6,0,0,hello
13.498840570449827,-7,-5,-3,13,26,11,12,-9,2,15,0,-12,-4,-1,hello
13.498840570449827,-3,-19,-8,-12,4,6,5,6,6,23,-6,-8,2,7,hello
13.51486086845398,12,-8,-2,-17,8,5,3,18,11,20,0,6,17,13,hello
13.51486086845398,7,7,-3,-8,8,0,-8,0,-5,-5,1,4,2,0,hello
13.5300874710083,-2,15,8,2,-1,-9,-16,-19,-35,-27,-3,0,-18,-11,sil
13.5300874710083,-5,8,14,15,-6,4,0,-13,-34,-10,-8,-4,-13,-1,sil
13.545758962631226,-16,-9,-3,4,-18,18,11,2,-10,2,-22,-11,-11,5,sil
13.545758962631226,-17,-17,-22,-16,-11,0,1,8,11,2,-17,1,-8,0,sil
13.561278581619264,5,-2,-5,-15,1,-17,-11,2,16,7,18,31,19,0,sil
13.561278581619264,19,15,23,5,-3,-9,-9,0,3,5,33,32,28,7,sil
13.576854467391968,-1,12,18,19,5,4,11,0,0,0,7,4,-3,2,sil
13.576854467391968,-15,-7,-2,3,6,8,20,8,13,12,-17,-9,-15,0,sil
13.592170000076294,-1,-16,-8,-20,-31,0,8,15,28,25,-7,-6,13,8,sil
13.592170000076294,-2,-14,-19,-22,-33,-12,0,12,29,11,5,-6,23,3,sil
13.607775211334229,-9,-14,-29,-14,8,-16,-7,8,13,-22,-2,-3,-1,-4,sil
13.607775211334229,6,0,-6,0,16,-10,-17,2,-1,-28,7,7,-1,0,sil
13.623366594314575,19,24,14,11,7,-5,-14,-10,-7,-5,30,11,15,0,sil
13.623366594314575,8,18,7,9,10,-3,-3,-15,-9,-2,17,-5,5,-11,sil
13.63924765586853,-4,4,6,12,9,2,0,-9,-7,-6,-3,-21,-15,-17,sil
13.63924765586853,-4,10,15,28,8,9,3,-5,-6,0,-1,-13,-17,-6,sil
13.655290842056274,-4,5,6,18,4,15,16,-6,-7,4,-4,-10,-14,4,sil
13.655290842056274,-12,-17,-7,-1,-2,20,21,-4,0,12,-16,-21,-12,3,sil
13.671231031417848,-6,-21,-6,-2,-4,13,16,8,18,27,-18,-17,0,2,sil
13.671231031417848,0,-9,-7,-9,-3,0,6,18,25,19,-13,4,8,11,sil
13.686989784240724,4,-5,-13,-28,-2,-4,-7,14,19,-2,-2,16,9,14,sil
13.686989784240724,21,1,2,-15,0,-7,-15,2,4,-10,9,29,7,9,sil
13.702788829803469,31,11,22,8,2,-7,-20,-10,-21,-15,11,40,1,-2,sil
13.702788829803469,9,5,8,1,3,-7,-23,-19,-43,-26,3,12,-14,-19,sil
13.718886613845823,-13,6,0,-5,0,-7,-13,-21,-39,-25,0,-14,-25,-18,sil
13.718886613845823,-11,15,6,10,3,7,5,-9,-15,-4,-1,-10,-16,-7,sil
13.734535455703735,-7,12,6,23,9,24,16,2,0,16,0,-11,-11,-3,sil
13.734535455703735,-15,5,1,17,3,21,20,10,0,19,-7,-18,-14,0,sil
13.75064730644226,-20,-8,-15,-1,-5,16,20,11,9,18,-19,-18,-5,11,sil
13.75064730644226,-19,-27,-35,-25,-10,13,8,6,20,21,-18,-13,13,15,sil
13.76623034477234,-5,-17,-14,-28,-13,-4,-5,7,9,4,-4,7,24,11,sil
13.76623034477234,11,6,0,-5,-9,-26,-5,0,-1,-18,10,16,26,-2,sil
13.782026529312134,11,0,-11,-2,-3,-40,-10,-11,1,-18,11,3,17,-6,sil
13.782026529312134,9,-10,7,-22,-10,-39,-19,10,0,-9,6,18,12,12,sil
13.797614336013794,14,9,24,-9,-2,-22,0,21,3,0,24,33,27,11,sil
13.797614336013794,12,17,2,19,18,-11,15,0,14,2,33,4,27,-12,sil
13.812745809555054,9,11,9,26,18,-3,-6,-7,8,1,14,-6,3,-7,sil
13.812745809555054,13,15,27,27,9,13,-12,-2,0,6,10,8,0,8,sil
13.82887053489685,4,2,13,21,10,22,7,-9,0,0,8,-3,-3,0,sil
13.82887053489685,-15,-17,4,3,2,27,10,-9,-4,-14,-18,-26,-28,-10,sil
13.844897031784058,-18,-20,-3,-2,-3,32,9,0,-2,0,-31,-25,-33,-7,sil
13.860156536102297,-2,-16,-13,-6,-4,15,13,4,3,8,-16,-10,-15,3,sil
13.860156536102297,3,-11,-5,-12,-6,3,6,5,9,-2,-8,0,-3,4,sil
13.860156536102297,0,-10,-10,-12,-9,9,0,3,10,4,-13,-11,0,-5,sil
13.876183986663818,-8,-12,-18,-14,-14,0,-3,0,5,13,-20,-17,-3,-3,sil
13.876183986663818,-10,-5,-18,-19,-13,-18,-13,4,-2,0,-14,-1,0,0,sil
13.891823530197144,-3,2,-18,-15,-3,-21,-20,1,-12,-11,2,13,6,0,sil
13.891823530197144,-1,7,-7,-13,2,-13,-25,-8,-18,-9,14,16,5,0,sil
13.906891345977783,0,10,4,-12,0,-14,-28,-11,-10,-6,14,4,1,-4,sil
13.906891345977783,9,22,15,5,2,-20,-19,-11,-7,-5,15,6,0,-9,sil
13.922552108764648,13,39,33,36,21,-5,-5,-18,-24,-9,16,27,-4,-3,sil
13.922552108764648,5,38,32,47,28,17,5,-15,-28,-5,13,22,-8,5,sil
13.938180446624756,-4,21,15,30,12,26,25,3,0,16,13,1,-2,13,sil
13.938180446624756,-3,6,5,25,2,23,47,21,32,43,9,-1,4,20,sil
13.953880071640016,0,-8,0,19,2,11,37,20,29,43,-7,-5,-4,14,sil
13.953880071640016,-12,-24,-11,-5,-1,0,14,8,14,22,-23,-18,-16,-5,sil
13.969956874847412,-20,-30,-39,-24,-5,0,12,-1,19,3,-22,-32,-5,-28,sil
13.969956874847412,-10,-29,-34,-44,-14,-5,-1,1,1,-32,-30,-20,-5,-19,sil
13.98512887954712,-1,-21,-1,-46,-26,-11,-20,13,-21,-50,-22,2,-5,1,sil
13.98512887954712,2,-10,-12,-14,-19,-14,-12,6,1,-22,13,0,21,-1,sil
14.000930070877075,19,-2,-5,-11,-11,-25,-12,1,9,-21,18,6,27,2,sil
14.000930070877075,33,9,28,-9,-3,-18,-18,-1,-11,-24,12,29,20,14,sil
14.016265392303469,19,11,15,19,6,-3,-15,-19,-12,7,26,21,23,4,sil
14.032351732254028,0,1,8,14,4,-1,-23,-20,-17,11,17,10,5,0,sil
14.032351732254028,1,6,23,14,11,16,-3,-3,-14,1,12,11,0,4,sil
14.053054332733154,0,11,6,45,25,38,27,-4,3,16,19,1,9,7,sil
14.053054332733154,-17,-7,-6,19,5,28,15,0,-4,1,-17,-12,-20,12,sil
14.053054332733154,-23,-23,-10,-14,-11,7,9,11,0,-10,-44,-30,-35,0,sil
14.06326985359192,-5,-14,-22,0,5,1,30,14,31,20,-15,-34,-7,-6,sil
14.079256772994995,12,0,-8,-1,6,0,19,19,37,46,9,-4,10,15,sil
14.079256772994995,11,2,2,-22,-9,-15,-12,12,18,29,7,11,15,14,sil
14.09426236152649,8,1,-7,-19,-8,-30,-22,0,8,0,0,0,17,-5,sil
14.09426236152649,8,9,-3,-13,-1,-23,-18,-2,4,-13,0,6,9,-3,sil
14.110336303710938,2,10,3,-18,-3,-10,-17,-7,-13,-24,0,15,0,-10,sil
14.110336303710938,-3,9,6,-10,-5,-8,-14,-17,-36,-36,-10,3,-9,-31,sil
14.125956058502195,-9,18,13,0,4,-3,-12,-25,-43,-35,-11,-4,-28,-34,sil
14.125956058502195,-14,19,11,11,15,1,-12,-16,-26,-20,4,-5,-32,-21,sil
14.141376256942747,-11,11,14,25,8,9,4,0,-4,7,10,-1,-14,-2,sil
14.141376256942747,-5,5,13,25,3,23,26,3,13,34,-5,-3,-3,14,sil
14.156915426254272,-10,-11,-8,5,2,18,20,0,14,26,-14,-15,-14,17,sil
14.156915426254272,-15,-17,-14,0,-4,10,11,4,6,0,-2,-2,-13,10,sil
14.172945022583008,-2,-5,-11,16,-3,12,20,6,20,5,9,14,8,3,sil
14.172945022583008,13,-5,-9,3,0,-3,5,3,21,5,-1,14,10,7,sil
14.18834400177002,9,-8,9,-22,-4,-11,-17,16,0,-14,-11,17,3,19,sil
14.18834400177002,7,-1,-4,0,4,1,-1,14,14,5,16,10,34,11,sil
14.203835010528564,17,-1,-16,10,4,-9,-4,-3,12,17,29,12,43,6,sil
14.203835010528564,21,1,15,-13,-9,-18,-25,-1,-23,-9,9,24,12,15,sil
14.219699621200562,10,5,8,-5,0,0,-10,-3,-15,-8,12,-1,12,0,sil
14.219699621200562,-8,0,-6,3,6,0,-3,-10,-6,-4,3,-24,0,-16,sil
14.234563112258911,-23,-5,7,4,0,5,0,-5,-20,-8,-20,-19,-30,-15,sil
14.234563112258911,-25,-15,-19,11,1,27,24,-4,0,17,-12,-36,-19,-17,sil
14.250035524368286,-11,-26,-20,-18,-8,3,7,6,10,11,-15,-27,-10,-4,sil
14.250035524368286,2,-12,16,-35,-24,-16,-13,22,-3,-12,-23,12,-6,10,sil
14.265219926834106,7,1,-7,-2,-8,3,9,7,10,10,6,10,21,-2,sil
14.265219926834106,18,4,-13,6,4,-1,13,-1,9,9,27,9,23,-3,sil
14.280881643295288,22,20,34,7,0,-21,-12,0,-14,-31,17,32,1,10,sil
14.280881643295288,10,28,21,19,0,-11,-16,-15,-16,-41,7,16,-2,-2,sil
14.296040534973145,4,20,0,11,6,-3,-5,-20,-12,-21,-4,-12,-13,-17,sil
14.296040534973145,4,20,20,10,13,0,8,-3,-8,-1,-14,-9,-22,0,sil
14.31124186515808,0,10,17,20,14,16,19,4,11,23,-5,0,-7,19,sil
14.31124186515808,-5,0,1,11,3,18,14,4,21,36,-1,0,0,17,sil
14.32742476463318,-12,0,-6,4,0,7,10,4,9,24,-14,-11,-6,2,sil
14.32742476463318,-15,-2,-20,5,6,9,18,1,10,18,-14,-18,-5,-1,sil
14.342967748641968,-11,-16,-26,-12,4,10,15,4,21,21,0,-3,2,0,sil
14.342967748641968,-9,-28,-27,-40,-9,-6,-5,6,6,-2,1,-4,-1,-10,sil
14.359095573425291,-6,-29,-28,-42,-17,-14,-22,0,-10,-31,0,-9,-3,-16,sil
14.359095573425291,2,-19,-15,-27,-4,-9,-21,1,0,-22,9,9,12,0,sil
14.37484574317932,7,-12,-8,-31,2,-17,-15,11,8,-2,12,20,26,12,sil
14.37484574317932,2,-10,-6,-37,-5,-26,-17,6,-1,-2,11,13,23,8,sil
14.390506744384766,-3,-3,-1,-16,-6,-19,-26,-4,-17,-7,9,5,10,-5,sil
14.390506744384766,-8,12,9,7,1,-6,-28,-18,-26,-14,-4,-4,-9,-22,sil
14.406278610229492,4,30,26,30,6,5,-9,-15,-21,-19,-11,-5,-19,-17,sil
14.406278610229492,19,33,42,54,6,12,11,1,-5,-10,0,6,-12,2,sil
14.421870231628418,6,26,38,50,8,11,9,-1,-3,0,5,7,-8,4,sil
14.421870231628418,4,19,23,33,8,10,3,-15,-7,5,4,0,-9,0,sil
14.438107967376707,14,11,19,35,3,11,14,-6,-1,8,0,0,-10,8,sil
14.438107967376707,1,-2,2,27,1,15,31,8,11,11,-10,-7,-13,11,sil
14.454102516174316,-11,-14,-21,-3,0,13,28,9,15,14,-17,-20,-6,4,sil
14.454102516174316,-2,-14,-8,-19,-6,7,13,11,15,22,-9,-7,6,12,sil
14.469242572784424,-1,-14,-2,1,-4,13,18,9,32,39,9,0,22,18,sil
14.469242572784424,-12,-19,-18,1,0,11,16,3,28,30,8,0,16,13,sil
14.48528528213501,-14,-16,-1,-28,-8,-4,-8,9,-7,-6,-14,10,-10,8,sil
14.48528528213501,-1,-2,2,-16,-7,-3,-12,0,-14,-14,-1,8,0,-6,sil
14.501271486282349,9,6,-10,8,4,5,-6,-18,-10,-6,21,6,18,-14,sil
14.501271486282349,7,9,-3,-5,2,1,-15,-7,-22,-15,16,14,6,-7,sil
14.517418384552002,-7,-1,-17,-25,-2,-8,-21,0,-10,-17,3,1,0,-13,sil
14.517418384552002,-13,-14,-27,-30,-5,-18,-17,1,0,-17,-9,-7,0,-14,sil
14.53293776512146,-1,-12,-17,-24,-8,-18,4,14,0,-12,-15,0,-2,-3,sil
14.53293776512146,3,-4,-16,-20,-3,-5,16,16,8,-8,-7,0,-3,0,sil
14.547771692276,0,6,-1,-11,4,0,1,11,3,-8,0,4,-2,1,sil
14.547771692276,1,14,7,6,6,-14,-1,1,-5,2,5,-3,3,2,sil
14.563162803649902,7,10,2,-2,-4,-27,-1,-9,-12,-2,-1,-14,0,0,sil
14.563162803649902,10,8,7,-16,-8,-11,-6,-5,-13,-15,1,-5,0,-3,sil
14.578523874282835,12,19,17,13,8,5,0,-3,-3,2,21,0,13,-2,sil
14.578523874282835,15,25,28,46,18,1,0,-12,0,12,19,2,8,1,sil
14.59345030784607,8,20,28,46,10,3,-5,-15,0,3,1,0,-6,2,sil
14.59345030784607,-4,5,15,29,0,12,-5,-3,8,6,-6,-4,-14,4,sil
14.608839511871338,-8,-14,4,8,-5,14,1,12,22,14,-17,-5,-16,9,sil
14.608839511871338,-5,-36,-17,-8,-2,8,7,14,38,23,-11,-7,2,6,sil
14.624339580535889,-3,-30,-16,-24,-3,-12,-15,5,19,13,1,9,15,2,sil
14.624339580535889,4,8,17,-2,-1,-11,-27,-4,-14,-11,6,24,0,0,sil
14.640228986740112,4,16,6,34,14,19,7,-20,-7,-5,7,-4,-3,-10,sil
14.640228986740112,-10,-14,-16,-1,12,20,21,-6,0,7,-12,-21,-10,-1,sil
14.655720472335815,-21,-23,-2,-50,-15,-4,0,13,-12,-2,-31,0,-23,8,sil
14.655720472335815,-11,-11,-21,-26,-17,-10,0,-5,-8,-9,-11,-3,-3,-11,sil
14.671357870101929,1,1,-18,-5,-3,-9,0,-12,-16,-23,11,0,9,-12,sil
14.671357870101929,0,19,27,-5,-2,0,0,1,-31,-29,13,21,-2,0,sil
14.687063932418823,-10,1,2,14,3,24,26,-12,-8,7,9,-7,-2,-10,sil
14.687063932418823,-14,-22,-27,8,7,28,27,-12,4,22,-7,-26,-6,-1,sil
14.702135801315308,-14,-7,5,-15,-2,13,7,16,-7,-9,-20,-1,-20,13,sil
14.718186140060425,-10,1,0,2,-6,5,9,13,5,-3,-6,-5,-12,-1,sil
14.718186140060425,1,-3,-11,21,0,6,11,8,22,34,6,-4,4,3,sil
14.718186140060425,17,10,14,16,1,0,2,26,18,33,12,21,17,29,sil
14.733378171920776,23,19,7,6,0,-16,-13,13,10,4,20,21,28,16,sil
14.74851679801941,19,2,-13,-14,-3,-23,-30,-3,2,-11,17,11,20,-2,sil
14.74851679801941,16,-1,-4,-25,0,-11,-16,5,4,-7,8,13,13,0,sil
14.763897895812988,18,14,6,-2,11,-9,-1,11,11,0,7,16,22,2,sil
14.763897895812988,26,28,15,22,16,-19,-15,4,15,4,23,23,34,5,sil
14.779318571090698,24,26,18,21,4,-19,-19,-2,7,-3,32,25,32,5,sil
14.779318571090698,4,7,14,0,-4,-4,-1,-9,-11,-17,6,6,5,0,sil
14.795166015625,-7,-10,3,-4,-3,3,12,-14,-17,-5,-23,-20,-20,-3,sil
14.795166015625,-5,-9,1,6,-2,-2,2,-21,-17,-6,-34,-30,-32,-14,sil
14.810779094696043,-14,-3,0,3,2,0,-13,-26,-34,-36,-35,-22,-41,-26,sil
14.810779094696043,-32,-9,-9,0,15,19,-4,-20,-28,-24,-26,-19,-38,-25,sil
14.825807332992554,-42,-13,-23,10,14,22,10,-10,0,11,-21,-32,-33,-20,sil
14.825807332992554,-37,-13,-27,6,-5,13,7,1,8,11,-23,-41,-32,-14,sil
14.841930627822876,-18,-16,-10,-9,-24,8,9,15,11,18,-6,-19,-12,7,sil
14.841930627822876,2,-17,0,-16,-26,0,14,16,20,36,3,1,6,24,sil
14.85846471786499,2,-15,-10,-18,-18,-10,0,0,8,3,-11,-5,-1,7,sil
14.85846471786499,-6,-11,-15,-25,-4,-10,-11,-1,-5,-28,-10,-2,0,-8,sil
14.873260021209717,0,-6,-6,-18,6,-10,-6,7,9,0,26,25,32,0,sil
14.873260021209717,15,1,7,-4,11,-10,-6,12,20,22,49,46,53,15,sil
14.888800859451294,25,19,23,11,12,-2,0,19,15,5,42,46,41,18,sil
14.888800859451294,28,32,21,20,8,-3,9,10,10,-3,32,28,22,5,sil
14.90451693534851,28,25,20,9,0,-8,0,-10,-8,-4,25,16,7,0,sil
14.90451693534851,26,16,32,5,0,5,0,-10,-19,-7,14,13,4,8,sil
14.920246601104736,13,9,23,13,7,22,16,-2,-11,0,-2,-3,-3,5,sil
14.920246601104736,-5,-8,-7,0,12,20,14,0,-3,17,-18,-21,-17,1,sil
14.935808658599854,-16,-13,-16,-8,5,12,6,8,5,12,-20,-20,-12,6,sil
14.935808658599854,-23,-4,-8,8,0,4,6,5,14,-2,-20,-17,-1,2,sil
14.95088529586792,-11,-11,-17,15,0,0,1,-3,7,0,-21,-20,-9,-6,sil
14.95088529586792,7,-12,-18,-13,-11,-3,-9,-4,-4,-1,-17,-7,-15,-4,sil
14.966936588287354,4,0,-1,-28,-20,-12,-16,-3,-11,-23,-15,3,-11,-6,hello
14.966936588287354,0,0,6,0,-8,-12,-3,1,-8,-17,-13,0,-3,-4,hello
14.982134580612184,12,-1,0,13,5,-5,4,7,-4,0,-4,5,3,6,hello
14.982134580612184,0,0,-8,-1,6,-14,-10,0,-9,-8,9,8,6,-3,hello
14.998149633407593,-25,7,-3,0,4,-17,-21,-11,-20,-24,17,0,-6,-23,hello
14.998149633407593,-19,22,7,21,7,9,-5,-13,-12,-12,14,-7,-14,-21,hello
15.013673543930054,1,19,7,25,6,16,5,-14,4,12,6,-11,0,-6,hello
15.013673543930054,4,5,28,7,-3,0,0,-5,-2,14,-6,2,-5,10,hello
15.029406070709229,-2,-4,19,4,-7,10,4,0,-1,11,-15,1,-15,7,hello
15.029406070709229,-15,-26,-40,-5,-4,13,7,-11,13,13,-16,-23,-11,-10,hello
15.045454025268556,-27,-33,-44,-40,-11,-8,-7,0,1,-4,-23,-14,-17,-9,hello
15.045454025268556,-19,-15,-20,-31,-6,-9,-5,17,6,-2,1,3,3,0,hello
15.060624361038208,3,-6,-22,-1,8,-5,0,10,28,19,36,9,42,4,hello
15.060624361038208,22,12,16,3,6,-12,-14,8,4,1,25,28,29,12,hello
15.077203750610352,26,36,41,19,5,2,1,7,-10,-5,13,18,6,6,hello
15.077203750610352,15,6,7,8,7,19,30,3,11,13,12,-11,7,3,hello
15.093183994293211,1,-21,4,-29,-6,17,22,11,15,8,-13,-2,-7,15,hello
15.093183994293211,-12,-13,-2,-7,-14,11,13,0,12,4,-25,-5,-9,8,hello
15.107917785644531,-10,-24,-15,0,-9,-1,7,-5,1,0,-21,-17,-4,6,hello
15.107917785644531,8,-27,16,-31,-11,-8,-5,14,-5,-10,-15,6,-1,12,hello
15.12323784828186,14,2,6,0,-2,-6,-5,6,17,10,13,11,25,-5,hello
15.12323784828186,16,16,-16,17,8,-21,-14,-9,10,7,28,9,30,-7,hello
15.137984275817873,25,21,23,-3,8,-26,-31,-5,-26,-22,23,31,13,10,hello
15.138434648513794,19,34,26,20,13,-6,-11,-11,-20,-10,29,20,17,-1,hello
15.153250694274902,5,33,3,36,13,6,5,-14,-15,-11,11,0,0,-8,hello
15.153250694274902,0,23,11,25,12,14,2,-8,-26,-25,-10,-3,-29,-5,hello
15.16881012916565,-6,11,4,31,10,11,-2,-11,-15,-4,0,-16,-24,-13,hello
15.16881012916565,-15,7,4,34,8,13,1,-2,-5,7,-4,-13,-20,-6,hello
15.184903144836426,-19,1,-2,23,10,28,21,7,4,6,-19,-13,-20,0,hello
15.184903144836426,-23,-23,-42,-9,-3,8,20,0,15,9,-24,-33,-18,-8,hello
15.200129508972168,-29,-34,-39,-50,-26,-23,-4,4,4,-1,-33,-23,-28,-9,hello
15.200129508972168,-23,-17,-13,-34,-17,-8,0,15,8,4,-19,-6,-8,0,hello
15.215985536575316,0,-10,-14,-5,-2,5,15,11,24,30,11,-1,27,6,hello
15.215985536575316,17,-7,1,-25,-11,-20,-10,7,1,6,8,19,20,12,hello
15.231358528137209,11,2,15,-22,-11,-32,-25,-3,-13,-23,3,25,8,3,hello
15.231358528137209,8,9,18,3,0,-12,-16,-18,-5,-15,19,15,6,-4,hello
15.24732494354248,18,14,43,4,1,12,-10,-4,-14,-9,15,23,-13,1,hello
15.24732494354248,11,12,32,13,4,25,4,4,-11,-1,-3,6,-16,0,hello
15.263217687606812,-9,-11,-22,12,5,8,15,-2,6,11,-12,-23,0,-3,hello
15.263217687606812,-11,-28,-29,-18,-7,-9,8,7,8,15,-11,-12,3,6,hello
15.278828620910645,0,-18,-4,-24,-8,1,7,20,11,10,-2,6,13,12,hello
15.278828620910645,3,-8,-11,-6,6,8,2,12,19,0,1,4,29,9,hello
15.29434299468994,0,0,-12,-5,7,-3,-8,-2,7,-6,8,5,21,3,hello
15.29434299468994,6,7,4,-5,0,-10,-11,-16,-7,-9,19,6,7,-9,hello
15.31043267250061,10,14,12,13,3,-2,-10,-15,-7,-8,19,2,2,-11,hello
15.31043267250061,2,24,11,29,17,18,-3,-4,-3,0,8,0,-3,-4,hello
15.326064109802246,-9,14,1,22,17,24,3,-7,-9,1,-5,-17,-18,-12,hello
15.34123945236206,-15,-6,0,11,-1,3,5,-15,-18,-4,-16,-32,-29,-17,hello
15.34123945236206,-13,-10,2,13,-8,0,12,0,-4,5,-11,-18,-16,0,hello
15.34123945236206,-6,-9,-8,7,-3,11,13,18,17,22,-1,1,8,10,hello
15.357005834579468,-8,-14,-20,-14,-7,6,5,15,18,5,-7,1,10,10,hello
15.357005834579468,-8,-15,-20,-15,-10,-4,6,9,23,0,-6,-5,9,12,hello
15.372803926467896,6,-11,-9,-11,-6,-13,-1,6,25,10,7,11,20,10,hello
15.372803926467896,14,2,14,-24,-2,-20,-24,3,-1,-4,4,34,9,2,hello
15.387919187545776,10,15,6,-21,1,-16,-17,-10,-20,-18,0,13,-5,-7,hello
15.387919187545776,9,15,-8,-3,1,-17,-5,-20,-23,-17,2,-5,-8,-11,hello
15.40315318107605,7,16,16,10,-1,-19,-9,-6,-28,-29,-8,1,-13,-4,hello
15.419075727462769,-1,19,29,23,2,-2,0,2,-19,-27,-18,-3,-19,-2,hello
15.419075727462769,-8,15,11,19,14,11,15,-1,-6,0,-5,-10,-18,-7,hello
15.434037208557127,-4,9,-1,16,10,17,25,0,2,28,8,-9,-4,-13,sil
15.434037208557127,3,2,2,18,-3,22,25,6,7,31,0,-7,2,0,sil
15.44939422607422,9,1,17,7,-6,17,14,11,8,15,-4,11,0,31,sil
15.44939422607422,2,0,-5,8,0,1,11,2,18,18,15,10,6,24,sil
15.465404987335203,-8,-16,-21,3,-2,-3,0,-1,18,22,9,-5,2,1,sil
15.465404987335203,-2,-20,-1,-19,-6,0,-11,10,10,9,-10,0,1,4,sil
15.481528520584106,14,-20,-15,-19,0,-5,-11,6,21,6,7,0,27,2,sil
15.481528520584106,14,-26,-19,-20,-2,-25,-30,0,7,-5,14,3,25,0,sil
15.497184038162231,6,0,26,-22,-6,-24,-40,9,-18,-24,6,31,8,2,sil
15.497184038162231,6,24,13,2,11,-5,-13,-4,-5,-11,20,20,25,-11,sil
15.512273788452148,10,9,-16,7,16,0,-8,-18,-2,-8,17,-3,17,-17,sil
15.512273788452148,4,10,10,-6,-1,-2,-21,-8,-25,-28,2,4,-10,-3,sil
15.527891635894775,-10,25,13,2,-2,0,-8,-16,-28,-42,0,-6,-20,-18,sil
15.527891635894775,-22,3,-9,1,0,2,6,-23,-25,-41,-22,-34,-39,-34,sil
15.542972564697266,-23,-16,-5,-3,-7,12,16,-5,-15,-10,-28,-24,-43,-19,sil
15.542972564697266,-11,-9,-4,11,0,29,29,6,5,25,0,-6,-11,0,sil
15.558244228363035,0,0,3,24,11,31,33,10,17,28,8,0,3,15,sil
15.558244228363035,-3,-1,9,25,5,16,29,10,23,25,6,1,8,20,sil
15.573841094970703,-8,-9,-3,5,1,5,16,1,19,21,0,4,9,19,sil
15.573841094970703,-9,-7,0,-14,-2,8,8,4,7,6,-15,9,-2,18,sil
15.58918833732605,-11,-10,-15,-4,-6,6,19,10,19,27,-5,-5,6,2,sil
15.58918833732605,-12,-22,-41,-19,-8,-14,0,0,14,32,-4,-19,10,-11,sil
15.605227708816528,-5,-15,-6,-49,-13,-27,-33,1,-15,-16,-34,2,-17,0,sil
15.605227708816528,6,0,16,-13,-10,-9,-11,13,0,-17,-20,10,-5,7,sil
15.62114715576172,15,-1,1,15,-3,0,13,17,27,25,8,1,27,14,sil
15.62114715576172,8,-7,-6,-7,-11,-17,-10,9,8,13,-2,2,16,12,sil
15.63631510734558,-5,-5,-22,-15,-14,-25,-30,-11,-18,-27,-13,-9,-8,-14,sil
15.63631510734558,-2,7,-8,0,1,-10,-20,-11,-21,-33,-8,-15,-15,-26,sil
15.652182579040527,15,28,26,11,16,1,-3,1,-7,-3,9,2,1,-9,sil
15.652182579040527,23,33,25,14,11,-3,-7,-6,-7,6,32,18,20,5,sil
15.666985511779783,23,25,21,6,4,-9,-22,-13,-19,-14,32,24,10,12,sil
15.666985511779783,22,19,21,17,3,-6,-18,-10,-17,-15,22,12,-6,-1,sil
15.683024644851685,8,4,10,20,3,0,-3,-15,-19,-9,9,-8,-18,-17,sil
15.683024644851685,-3,-3,3,2,11,21,17,-5,-15,-17,-7,-14,-19,-9,sil
15.69881558418274,-8,0,-5,12,19,34,34,4,11,0,-1,-11,-2,0,sil
15.69881558418274,-9,-4,-2,17,3,21,22,8,14,27,0,-5,3,13,sil
15.714250326156616,-10,-15,4,-4,-9,9,20,16,14,28,-6,-1,4,23,sil
15.714250326156616,-8,-18,-22,-11,0,0,21,14,39,24,4,-4,20,10,sil
15.730119466781616,8,-8,-25,-7,4,-16,-5,11,32,12,19,16,27,7,sil
15.730119466781616,19,8,11,0,-2,-21,-19,12,7,-2,27,44,30,15,sil
15.746233940124512,7,19,17,16,0,-7,0,-4,0,-2,27,28,22,4,sil
15.746233940124512,-6,16,10,18,8,7,7,-22,-15,-6,2,-4,-13,-8,sil
15.761894941329956,-17,1,8,5,2,19,4,-23,-31,-21,-32,-19,-39,-20,sil
15.761894941329956,-24,-15,-13,-7,-11,15,11,-11,-17,-12,-35,-27,-34,-23,sil
15.777057886123655,-11,-15,-15,-10,-15,0,11,11,12,10,-15,-11,-11,1,sil
15.777057886123655,7,-7,-1,-10,-10,-16,-7,27,24,2,-7,15,13,16,sil
15.792226791381836,9,-11,-6,-22,-11,-27,-28,11,4,-21,-4,20,19,-4,sil
15.792226791381836,4,-6,-2,-28,-10,-26,-33,-9,-20,-21,6,11,1,-17,sil
15.80720853805542,-2,0,8,-9,-3,-8,-28,-13,-21,-4,0,-3,-10,-12,sil
15.80720853805542,-9,4,15,13,6,8,-14,-12,-8,0,-15,-14,-12,-10,sil
15.822421312332152,-2,14,21,24,19,20,3,-11,-6,-6,-12,-8,-11,-5,sil
15.822421312332152,3,9,6,14,18,25,10,-7,-4,-1,-4,-13,-7,-8,sil
15.838165521621704,-6,-7,-19,-5,10,22,8,-1,0,13,-12,-25,-13,-9,sil
15.838562488555908,-12,-9,-25,-6,7,16,10,3,1,13,-18,-26,-22,0,sil
15.85345697402954,-14,-6,-22,-14,0,11,11,5,4,6,-10,-25,-17,0,sil
15.85345697402954,-22,-18,-28,-43,-8,5,12,7,8,9,0,-25,0,-2,sil
15.868796825408936,-21,-25,-27,-42,-13,-8,14,8,9,14,3,-21,7,6,sil
15.868796825408936,-12,-18,-15,-19,-16,-16,9,8,9,16,4,-7,4,17,sil
15.884911060333252,6,-8,1,-9,-12,-8,7,11,14,15,9,12,11,25,sil
15.884911060333252,25,3,14,6,-4,-4,8,14,15,3,19,25,26,30,sil
15.900267839431764,19,4,12,17,-4,-13,-2,11,7,-6,7,25,16,18,sil
15.900267839431764,6,-3,-1,9,-7,-16,-7,7,5,0,-8,19,4,0,sil
15.915775775909424,19,8,4,12,0,-11,0,3,1,1,7,25,19,3,sil
15.930935859680176,41,37,30,31,13,-3,0,3,-2,-12,36,42,34,17,sil
15.930935859680176,37,40,36,38,19,0,-1,0,-1,-10,34,43,27,8,sil
15.946169376373293,12,20,18,28,9,-15,-15,-13,-13,-10,5,19,5,-13,sil
15.946169376373293,0,18,9,20,0,-31,-31,-23,-26,-18,1,0,-8,-20,sil
15.96227240562439,6,28,17,22,5,-20,-20,-19,-17,-19,23,9,0,-11,sil
15.96227240562439,7,21,20,22,6,0,-1,-6,-10,-16,18,11,5,-6,sil
15.977825164794922,-4,8,13,16,-1,16,2,-7,-15,-10,-3,-17,-8,-15,sil
15.977825164794922,-12,3,11,9,0,33,5,-15,-9,0,-7,-26,-22,-17,sil
15.993882656097412,-8,-4,7,2,10,37,13,-9,4,4,-2,-10,-21,-6,sil
15.993882656097412,-15,-19,-9,-2,8,30,12,-3,6,4,-18,-18,-28,-2,sil
16.009512901306152,-27,-31,-20,-9,-4,24,8,0,3,10,-34,-36,-33,-5,sil
16.009512901306152,-19,-26,-19,-17,-5,16,17,16,20,23,-19,-24,-12,0,sil
16.025279760360718,-14,-16,-20,-25,0,4,11,20,26,17,-17,-8,-3,7,sil
16.025279760360718,-25,-27,-36,-35,-2,-2,-7,1,5,0,-39,-23,-18,0,sil
16.040889978408813,-31,-40,-49,-48,-10,-3,-13,-2,1,5,-34,-31,-13,-11,sil
16.040889978408813,-23,-30,-36,-48,-12,-9,-8,15,17,20,-9,-8,11,-4,sil
16.060942888259888,-4,-14,-12,-27,-11,-22,-3,17,19,17,6,13,26,12,sil
16.060942888259888,16,-3,0,-14,-9,-22,-1,1,5,-1,19,21,30,22,sil
16.06194496154785,19,6,0,-13,-6,-16,-7,-6,-17,-22,22,20,23,6,sil
16.072049617767334,11,13,5,-1,0,-17,-14,-5,-31,-19,22,24,14,-6,sil
16.08719491958618,24,15,23,11,3,-9,-9,4,-10,-3,33,36,18,6,sil
16.08719491958618,28,23,32,19,5,5,4,4,9,-5,34,29,11,9,sil
16.102335453033447,5,36,24,33,10,4,5,-7,0,-15,9,3,-15,-12,sil
16.102335453033447,1,37,23,41,18,7,3,-7,-1,-2,-2,-12,-20,-12,sil
16.117872953414917,17,21,25,35,21,21,12,-2,-1,9,0,-13,-6,3,sil
16.117872953414917,7,7,15,26,13,17,17,-10,-27,-3,-15,-16,-13,6,sil
16.133814811706543,-1,5,6,20,0,10,17,-8,-38,-8,-22,-18,-20,8,sil
16.133814811706543,4,-1,0,-1,-9,13,15,3,-6,-3,-17,-8,-5,15,sil
16.14928674697876,-5,-24,-15,-25,-14,-3,0,8,13,0,-25,-6,0,4,sil
16.14928674697876,-24,-33,-26,-23,-18,-25,-16,9,19,12,-22,-17,-2,-11,sil
16.165199995040894,-14,-23,-17,-12,-14,-18,-15,10,25,21,-8,-14,2,-14,sil
16.165199995040894,0,-20,-12,-15,-7,-11,-1,5,18,5,-3,1,6,-8,sil
16.181013584136963,0,-12,-9,-10,-7,-18,-3,0,2,-11,8,15,5,2,sil
16.181013584136963,9,7,0,4,-3,-14,-12,-3,-3,-12,23,19,8,8,sil
16.19608759880066,16,15,5,4,2,-2,-8,-3,0,6,25,25,19,1,sil
16.19608759880066,2,12,5,0,7,4,0,3,8,24,23,27,23,-5,sil
16.211846113204956,-9,14,0,9,19,15,6,1,12,13,18,2,7,-12,sil
16.211846113204956,-4,17,8,9,22,11,-2,-10,-6,-19,3,-8,-13,-6,sil
16.226884603500366,-2,20,18,13,12,10,-5,-17,-26,-34,1,1,-10,2,sil
16.226884603500366,-9,7,2,25,7,22,13,-17,-17,-18,9,-3,0,3,sil
16.24210000038147,-11,-22,-4,-8,-2,14,18,1,0,10,0,-2,1,19,sil
16.24210000038147,-3,-28,-6,-41,-19,-8,0,17,18,36,-1,9,11,22,sil
16.258164405822754,10,-2,-14,-8,-13,-20,-21,-2,7,14,5,-1,9,-12,sil
16.258164405822754,12,14,5,25,5,-13,-29,-14,-25,-31,-4,-13,-14,-29,sil
16.27370262145996,-4,11,10,19,13,10,-8,-4,-17,-16,-13,-21,-23,-19,sil
16.27370262145996,-17,-2,-17,9,8,20,10,-2,3,12,-16,-37,-24,-16,sil
16.28928828239441,-17,-17,-11,-1,-4,8,10,5,-3,0,-31,-26,-30,-3,sil
16.28928828239441,-11,-10,9,-12,-12,6,19,19,7,8,-30,3,-10,18,sil
16.30480694770813,4,0,-5,-8,-7,12,30,13,36,37,-8,7,12,28,sil
16.30480694770813,13,-15,-14,-13,-11,2,18,7,26,24,0,0,13,25,sil
16.320088624954224,9,-22,-4,-26,-20,-7,-2,9,8,1,-4,2,18,17,sil
16.320088624954224,12,-3,-2,-17,-10,-11,-11,6,5,3,1,17,25,10,sil
16.33619523048401,22,11,6,-2,3,-19,-12,6,2,1,24,32,27,7,sil
16.33619523048401,23,10,15,-2,10,-23,-10,14,1,-7,35,35,27,5,sil
16.351441144943237,8,10,4,-4,8,-15,-14,5,-2,-17,21,18,15,-6,sil
16.351441144943237,-7,10,0,0,3,-9,-20,-15,-14,-28,0,0,-10,-24,sil
16.367053508758545,-5,12,12,5,6,-6,-8,-13,-16,-22,4,-1,-20,-28,sil
16.367053508758545,0,14,15,5,9,-1,0,-9,-21,-16,13,0,-15,-21,sil
16.383052110671997,-10,11,2,2,0,-5,-13,-27,-40,-31,-1,-13,-23,-24,sil
16.383052110671997,-14,8,4,10,-2,-1,-9,-29,-34,-24,-12,-19,-26,-18,sil
16.398266315460205,-3,10,16,25,11,14,13,-5,-6,9,-4,-6,-11,2,sil
16.398631811141968,0,4,11,29,14,26,25,1,1,17,-5,-8,-2,10,sil
16.41426420211792,-4,-4,0,24,5,28,27,-3,-2,1,-10,-18,-5,5,sil
16.41426420211792,-7,-9,-1,11,0,25,20,2,0,-2,-18,-12,-10,2,sil
16.429810762405396,-7,-11,-8,0,0,13,11,9,11,8,-21,-11,0,5,sil
16.429810762405396,0,-6,-15,-1,1,5,12,13,28,23,-5,-3,16,23,sil
16.445902347564697,2,-9,-13,-5,-1,-3,4,19,33,23,2,7,21,25,sil
16.445902347564697,-5,-21,-23,-20,-15,-22,-8,10,22,14,-3,-3,9,2,sil
16.461447715759277,-10,-19,-25,-26,-14,-20,-8,5,11,13,-5,-10,0,2,sil
16.461447715759277,-2,-7,-7,-13,0,-1,-1,11,16,21,5,7,7,16,sil
16.477012634277344,0,-8,-5,-11,-6,-2,-8,5,21,17,8,17,13,2,sil
16.477012634277344,0,-9,-17,-28,-17,-17,-19,1,8,1,4,10,4,-14,sil
16.491947174072266,7,6,-2,-13,-3,-9,-15,5,-5,-9,18,12,9,-8,sil
16.491947174072266,19,19,22,17,9,6,-11,0,-6,-10,34,25,20,1,sil
16.507319450378418,16,10,12,6,1,-1,-14,-3,-4,-12,31,22,12,-2,sil
16.507319450378418,4,-2,-1,-13,-2,-17,-20,-6,-11,-21,18,6,0,-15,sil
16.52263355255127,6,6,11,0,1,-8,-18,-18,-22,-28,3,-1,-8,-16,sil
16.52263355255127,5,31,21,24,5,7,-3,-24,-22,-15,-14,-10,-18,-7,sil
16.538023948669434,-8,34,16,25,7,7,5,-11,-12,-2,-24,-16,-22,-1,sil
16.55397319793701,-9,11,13,16,3,7,9,-4,-6,1,-5,-7,-11,1,sil
16.55397319793701,-3,0,10,15,1,20,15,-9,-7,6,-4,-5,-12,4,sil
16.569020748138428,-7,0,4,11,5,23,22,-4,-9,4,-39,-20,-32,0,sil
16.569020748138428,-7,-10,-1,8,2,14,27,2,-2,2,-41,-21,-28,0,sil
16.585115909576416,-3,-29,-4,3,0,11,26,9,4,11,0,0,4,16,sil
16.585115909576416,-6,-29,-7,-9,-3,6,18,19,10,22,10,2,22,19,sil
16.601208209991455,-5,-23,-13,-30,-7,-8,8,18,20,22,-3,-5,16,6,sil
16.601208209991455,11,-19,-12,-30,0,-17,0,17,21,7,-1,3,12,7,sil
16.617298126220703,17,-5,-9,-5,5,-13,-6,12,4,-10,14,14,20,6,sil
16.617298126220703,3,12,-8,1,-3,-23,-20,-3,-10,-14,24,13,23,-8,sil
16.617298126220703,3,20,-6,-17,-6,-35,-28,-10,-4,-15,18,9,16,-13,sil
16.632991790771484,3,12,-6,-21,-1,-27,-27,-8,-1,-29,2,0,-1,-13,sil
16.648239850997925,-5,8,3,3,0,-5,-18,-7,-14,-27,-8,-5,-16,-18,sil
16.648239850997925,-5,18,16,24,5,11,1,-5,-15,0,-4,-2,-11,-11,sil
16.663857460021973,-1,17,10,15,8,16,11,-9,-12,6,-7,-2,-13,1,sil
16.663857460021973,-2,0,2,7,0,14,14,-6,-4,4,-15,-8,-15,9,sil
16.67903161048889,1,-6,3,15,1,14,23,11,24,26,-3,-2,8,16,sil
16.67903161048889,4,-9,-5,3,1,6,10,14,31,22,8,7,18,9,sil
16.69440531730652,0,-13,-18,-20,-6,-9,-12,-7,-2,-14,10,10,0,-8,sil
16.69440531730652,0,1,-2,-11,-4,-13,-15,-16,-20,-30,15,10,-4,-12,sil
16.70995545387268,3,23,27,22,11,2,-1,-4,-7,-8,23,12,6,0,sil
16.70995545387268,4,16,29,31,17,23,9,0,0,16,12,1,0,9,sil
16.725593328475952,-4,-14,-2,2,0,24,6,0,3,23,-14,-22,-19,3,sil
16.725593328475952,-22,-33,-29,-19,-17,10,1,9,12,22,-19,-28,-24,-2,sil
16.74101710319519,-25,-25,-25,-19,-17,2,1,12,19,24,-8,-8,-7,0,sil
16.74101710319519,0,-13,-13,-16,-6,0,-3,12,15,20,0,3,12,6,sil
16.756964921951294,22,-2,4,-6,1,1,-10,17,11,9,14,14,31,12,sil
16.756964921951294,20,11,14,7,2,4,-11,7,5,-12,25,28,34,6,sil
16.77304983139038,7,14,2,2,-2,3,-17,-11,-12,-38,13,19,12,-9,sil
16.77304983139038,0,12,12,-1,2,10,-15,-15,-29,-33,-3,0,-14,-15,sil
16.788980960845947,-7,21,21,18,16,22,11,-14,-22,-4,-17,-14,-19,-10,sil
16.788980960845947,-8,20,7,25,9,20,26,-10,-5,4,-20,-16,-13,0,sil
16.80408263206482,2,0,12,1,-5,9,16,8,5,6,-20,0,-17,18,sil
16.80408263206482,2,-15,0,-4,-7,-1,12,7,9,8,-32,-9,-17,7,sil
16.820152282714844,-6,-12,-30,-3,-7,-27,1,-6,-1,-14,-36,-22,-7,-12,sil
16.820152282714844,-1,-1,-18,-16,-8,-43,-13,3,-2,-18,-4,4,10,0,sil
16.836170434951782,6,0,-9,-21,-5,-46,-15,5,7,0,22,15,20,4,sil
16.836170434951782,4,0,-15,-17,-8,-56,-16,-9,-9,-21,14,-3,8,-11,sil
16.851975440979004,4,4,1,-8,0,-56,-11,-8,-26,-34,12,-3,-1,-12,sil
16.851975440979004,1,8,23,15,15,-38,9,1,-3,11,15,6,-1,4,sil
16.86707091331482,-2,3,10,26,14,-14,30,6,22,45,3,-1,2,12,sil
16.86707091331482,-5,-16,-24,0,0,9,22,8,25,30,-2,-17,1,0,sil
16.882189512252808,-9,-24,-28,-27,-2,23,-3,4,10,3,7,-7,-1,-10,sil
16.882189512252808,0,0,0,-7,6,28,-18,-3,-1,-7,22,10,3,-6,sil
16.8979070186615,6,14,14,19,5,35,-11,-9,-9,-1,13,3,3,-6,sil
16.8979070186615,-5,-1,9,17,1,46,6,-3,0,18,-8,-10,-7,-1,sil
16.913923263549805,-11,-15,5,0,2,51,18,5,13,21,-11,-6,-5,15,sil
16.913923263549805,-3,-12,4,-14,-3,31,1,6,0,-1,-2,6,2,16,sil
16.9291729927063,5,-9,-5,-11,-11,0,-17,-1,-13,-11,2,13,6,-1,sil
16.9291729927063,13,-4,-3,-9,-7,-13,-15,0,-7,-11,0,21,9,0,sil
16.94527792930603,19,13,16,-11,-1,0,-6,8,-9,-16,4,31,13,9,sil
16.94527792930603,18,30,23,6,5,11,-3,3,-8,-2,21,24,12,-1,sil
16.960774183273315,11,30,30,27,15,7,-4,-4,-4,0,18,15,0,-3,sil
16.960774183273315,6,28,30,35,19,4,2,-5,0,0,9,11,-6,6,sil
17.44243311882019,19,-12,-5,-19,-19,-23,-5,2,17,8,0,8,13,20,sil
17.44243311882019,4,-27,-16,-34,-23,-39,-34,-9,0,-22,-3,3,5,2,sil
17.458056449890137,12,-10,-9,-23,-7,-24,-34,-1,-3,-16,19,14,19,2,sil
17.458056449890137,21,12,0,-7,-4,-9,-17,6,3,7,32,22,26,10,sil
17.473015546798706,15,16,4,-8,-4,-1,-12,0,2,-1,24,13,15,3,sil
17.473015546798706,4,15,12,-11,2,4,-18,-8,-13,-22,11,2,-1,-11,sil
17.488327503204346,2,18,11,4,4,6,-8,-11,-15,-7,7,0,-8,-12,sil
17.488327503204346,8,19,25,13,2,10,2,-1,-12,0,5,16,-12,1,sil
17.504130363464355,0,16,26,19,5,27,18,1,-3,3,4,10,-6,2,sil
17.504130363464355,-18,1,-8,31,13,30,35,-5,9,20,-7,-21,-6,-3,sil
17.519803524017334,-25,-11,-1,9,9,15,25,2,-3,7,-31,-17,-24,3,sil
17.519803524017334,-27,-11,8,-8,0,14,20,11,-8,-4,-32,-15,-16,-4,sil
17.535202026367188,-21,-18,-22,0,-4,10,20,-1,8,12,-21,-30,2,-11,sil
17.535202026367188,3,-11,-2,0,-1,-2,1,2,9,13,-19,-4,0,13,sil
17.550841331481934,22,3,13,12,5,-1,0,3,18,10,1,10,11,20,sil
17.550841331481934,12,-2,-4,4,0,-7,-5,-1,9,2,4,1,14,11,sil
17.566868782043457,0,-7,-4,-22,-13,-19,-25,0,-20,-24,-16,9,-6,-2,sil
17.566868782043457,-2,-8,-24,-13,-12,-25,-20,-19,-13,-28,-9,-4,-2,-36,sil
17.582118272781372,0,-11,-27,-13,-3,-25,-16,-16,-2,-25,0,-5,3,-27,sil
17.582118272781372,4,7,12,-17,6,-14,-19,14,0,-12,15,28,12,5,sil
17.598339319229126,2,19,3,9,11,-5,-8,0,11,9,40,23,25,-2,sil
17.598339319229126,4,14,-3,13,7,-2,-6,-12,-4,-5,22,0,0,-11,sil
17.61391520500183,3,16,5,15,16,11,5,-1,-10,-10,6,-9,-12,-9,sil
17.61391520500183,-10,-1,0,9,12,8,12,-2,-11,-4,-1,-18,-10,-9,sil
17.629830837249756,-23,-11,19,-13,-10,9,8,9,-25,-16,-29,-2,-30,5,sil
17.629830837249756,-16,0,-6,16,1,38,42,2,12,21,-10,-15,-2,3,sil
17.64591097831726,-10,-15,-24,4,0,20,27,-2,14,25,-10,-27,0,8,sil
17.64591097831726,-13,-21,50,-55,-33,-10,-25,31,-32,-28,-42,18,-43,32,sil
17.662015914916992,-4,-2,10,-8,-14,-5,-4,13,6,7,-5,1,-8,2,sil
17.662015914916992,7,-15,-69,18,2,-22,0,-23,24,33,11,-32,26,-14,sil
17.67817759513855,14,-12,-4,-23,-17,-34,-29,7,-9,-11,0,18,15,21,sil
17.678548574447632,26,16,20,-7,-7,-11,-8,21,17,-1,43,40,41,22,sil
17.693912029266357,34,21,-5,11,10,-5,0,-2,19,19,55,19,43,0,sil
17.693912029266357,23,19,26,11,6,-2,-5,-8,-10,1,16,16,9,0,sil
17.70987629890442,7,27,32,35,13,13,11,-10,7,5,8,-3,0,1,sil
17.70987629890442,0,19,4,38,22,24,15,-9,20,24,2,-24,-10,-6,sil
17.725509643554688,-3,-1,-12,22,11,23,8,-4,10,33,-10,-16,-21,-6,sil
17.725509643554688,-7,-11,-20,12,2,16,18,-1,19,34,-4,-9,-5,4,sil
17.74088716506958,-13,-19,-28,-3,0,7,14,-3,25,22,-5,-12,1,7,sil
17.74088716506958,-10,-25,-15,-32,-9,-7,-17,0,-1,-17,-25,0,-16,4,sil
17.756917715072632,0,-6,-15,-15,-4,-12,-11,-2,0,-22,-1,6,3,-7,sil
17.756917715072632,8,0,-43,9,9,-10,8,-7,19,6,25,-1,32,-12,sil
17.771954774856567,9,-7,35,-52,-12,-17,-38,24,-44,-47,-28,46,-18,20,sil
17.771954774856567,6,20,115,-61,-21,-2,-44,39,-72,-82,-40,73,-33,14,sil
17.788201808929443,6,34,18,32,14,13,22,-10,0,-8,29,-2,27,-35,sil
17.788201808929443,-2,8,-29,30,14,-3,15,-31,-5,-2,16,-31,9,-27,sil
17.803228616714478,-26,-1,18,-15,-8,0,-14,-12,-52,-39,-38,-15,-46,-8,sil
17.803228616714478,-35,-5,-7,16,0,25,15,-14,-13,-4,-19,-42,-29,-24,sil
17.818807125091553,-24,-10,-25,28,9,25,30,-7,11,9,-1,-39,-9,-13,sil
17.818807125091553,-22,-3,3,11,5,17,19,4,0,0,-13,-18,-13,0,sil
17.833959579467773,-21,-21,-12,8,-4,12,23,3,23,35,-7,-24,-1,1,sil
17.833959579467773,-10,-39,-31,-16,-14,-2,16,16,39,50,0,-10,9,17,sil
17.849263906478882,2,-14,-23,-25,-12,-24,-4,19,25,24,4,10,16,19,sil
17.849263906478882,22,12,-7,-9,-5,-44,-27,-1,5,2,20,21,22,6,sil
17.864768743515015,32,11,7,-10,-4,-45,-37,-3,-2,-8,24,33,21,6,sil
17.864768743515015,28,6,0,-5,0,-28,-26,2,7,-4,24,27,27,6,sil
17.88081192970276,34,14,0,0,2,-22,-22,0,6,-5,26,23,26,10,sil
17.88081192970276,33,20,21,2,3,-11,-17,-4,-13,-15,17,22,11,6,sil
17.897334337234497,6,11,10,14,3,9,0,-13,-23,-14,-8,-4,-10,-8,sil
17.897334337234497,-4,3,4,10,-1,17,4,-11,-24,-14,-22,-18,-25,-6,sil
17.91288733482361,-4,4,8,0,-3,12,5,-5,-17,-10,-8,-5,-16,-5,sil
17.91288733482361,-20,-7,-1,-1,0,18,14,-1,-9,-2,-13,-15,-14,-12,sil
17.928022861480713,-21,-18,-5,-1,5,35,25,12,10,10,-33,-27,-21,-1,sil
17.928022861480713,-4,-16,-12,0,4,28,27,18,41,36,-9,-6,5,10,sil
17.94403839111328,2,-5,-7,-8,-1,-7,2,14,30,20,18,26,25,13,sil
17.94403839111328,6,13,14,3,7,-7,-3,3,0,-6,22,24,11,8,sil
17.959178924560547,3,19,19,29,21,23,19,-3,8,5,14,-1,-2,7,sil
17.959178924560547,-10,0,12,10,8,29,27,11,25,20,-6,-5,-6,14,sil
17.975279092788696,-8,-6,-6,-9,-9,4,9,13,28,15,-15,-2,0,4,sil
17.975279092788696,11,3,-13,-7,-12,-19,-15,-4,0,1,3,3,13,-5,sil
17.990898609161377,9,11,2,-2,-4,-19,-26,-15,-28,-13,26,13,12,-8,sil
17.990898609161377,-11,8,1,2,3,-10,-19,-21,-35,-20,14,-6,-13,-18,sil
18.005988359451294,-17,7,0,14,5,1,-10,-19,-34,-8,-14,-27,-33,-18,sil
18.005988359451294,-14,-1,0,26,6,23,4,-10,-13,15,-15,-27,-13,-6,sil
18.02190732955933,-15,-22,-11,3,5,14,8,0,9,13,-6,-18,-1,1,sil
18.02190732955933,-7,-21,-14,-27,2,-13,-5,9,11,-4,-7,-4,-5,0,sil
18.036999702453613,2,-7,-14,-23,0,-18,-13,7,6,-10,-2,8,8,-1,sil
18.036999702453613,14,0,0,-10,-5,-7,-10,12,2,-14,5,24,24,11,sil
18.052952766418457,16,0,4,-10,-4,-14,-7,9,7,-9,14,26,30,10,sil
18.052952766418457,0,-8,-9,-20,-16,-32,-18,-13,-10,-11,1,3,7,-13,sil
18.07415747642517,-5,-3,-2,-17,-25,-21,-23,-22,-43,-26,-13,-7,-25,-26,sil
18.07415747642517,12,16,19,6,-2,-1,-6,-17,-36,-25,-1,2,-22,-17,sil
18.08426547050476,15,20,31,10,8,1,6,-10,-15,-23,-1,4,-12,-4,sil
18.08426547050476,-1,6,17,14,2,15,20,-4,-6,-6,-16,-9,-14,-2,sil
18.09987711906433,-5,0,3,28,7,32,36,11,9,19,-9,-8,-5,10,sil
18.09987711906433,3,1,11,18,12,33,41,28,31,26,5,5,6,26,sil
18.115912437438965,4,5,10,7,9,24,38,24,39,24,0,-1,7,22,sil
18.115912437438965,5,3,-2,8,5,10,22,18,30,25,-14,-4,3,22,sil
18.131128311157227,0,-10,-21,-9,-9,-3,5,19,35,26,-1,5,10,17,sil
18.131128311157227,-14,-36,-37,-52,-23,-22,-9,20,44,25,16,3,24,6,sil
18.14721775054932,-3,-28,-21,-45,-13,-43,-24,18,34,19,16,7,32,14,sil
18.14721775054932,19,7,-1,5,0,-47,-29,1,8,4,15,18,24,12,sil
18.16325330734253,4,20,-1,15,-1,-29,-28,-21,-24,-19,8,10,-3,-16,sil
18.16325330734253,-17,8,-7,4,4,-1,-24,-37,-39,-29,2,-5,-13,-38,sil
18.17878079414368,-7,7,-1,12,16,7,-26,-36,-41,-33,10,0,-6,-30,sil
18.17878079414368,7,13,18,18,14,15,-20,-19,-39,-30,12,12,-12,-16,sil
18.19486427307129,0,12,21,28,13,33,1,-15,-21,-5,0,-3,-20,-15,sil
18.19486427307129,-9,3,9,20,7,34,8,-14,-15,0,-14,-21,-26,-7,sil
18.21065783500672,-13,-5,-2,-3,-5,17,2,-1,-10,0,-17,-20,-18,3,sil
18.21065783500672,-14,-12,-11,-9,-6,8,9,1,0,18,-14,-20,0,6,sil
18.22638487815857,-1,-10,1,-4,-3,6,14,5,-3,15,-17,-9,1,16,sil
18.22638487815857,12,-1,7,-5,-10,-1,10,23,2,14,-2,12,10,27,sil
18.2418954372406,15,3,-4,-7,-11,-10,9,26,15,14,15,18,31,23,sil
18.2418954372406,21,10,6,-10,0,-3,5,13,-2,-17,10,12,20,10,sil
18.2571063041687,16,18,24,-3,7,2,4,1,-10,-30,0,0,-3,-6,sil
18.2571063041687,-3,11,-2,17,6,-6,8,-13,9,0,-1,-23,-12,-23,sil
18.27281260490417,-12,-1,12,10,2,-3,0,-11,-4,1,-17,-11,-34,-7,sil
18.27281260490417,-12,0,35,10,5,29,15,13,0,8,-9,8,-26,3,sil
18.287939310073853,-17,-19,-59,39,16,30,50,-1,69,61,32,-32,32,-25,sil
18.30301403999329,-15,-51,-72,-15,-8,-22,5,-1,44,25,-2,-26,10,-7,sil
18.30301403999329,-10,-27,30,-71,-32,-30,-45,33,-30,-41,-50,30,-36,24,sil
18.3182373046875,-7,-2,-1,-18,-8,-4,-14,12,5,-5,-4,9,6,-4,sil
18.31866383552552,3,-9,-35,-5,0,-20,-7,-5,28,7,21,2,30,-6,sil
18.334218740463257,10,5,18,-26,-9,-22,-17,5,0,-16,13,39,22,15,sil
18.334218740463257,9,18,8,-1,1,-4,-7,-15,-6,-12,26,21,24,-4,sil
18.3489294052124,23,28,16,22,8,0,-9,-19,-18,-19,19,15,1,-3,sil
18.3489294052124,33,47,51,40,12,8,1,0,-11,-7,22,28,2,11,sil
18.364083766937256,11,25,16,26,11,9,18,-8,3,18,25,0,11,5,sil
18.364083766937256,-10,-4,-2,-13,0,3,5,-11,-16,1,-17,-19,-24,5,sil
18.379217624664307,-8,-3,6,-1,0,21,2,-1,-22,-6,-38,-22,-33,5,sil
18.379217624664307,-2,-4,-23,27,7,23,20,2,9,21,-7,-26,4,0,sil
18.39488387107849,0,-19,-25,-6,0,-8,4,13,9,12,-6,0,10,18,sil
18.39488387107849,-7,-19,14,-41,-13,-26,-30,16,-17,-26,-28,22,-6,17,sil
18.409867763519287,-9,-6,-13,-5,-6,-16,-22,-8,0,-3,1,-8,14,-18,sil
18.409867763519287,9,-3,-38,9,2,-14,-11,-19,8,13,31,-14,26,-18,sil
18.42596125602722,24,4,13,-14,0,-7,-20,4,-19,-18,11,27,1,6,sil
18.42596125602722,7,14,24,-1,0,3,-3,1,-14,-12,0,19,-6,-5,sil
18.441125869750977,-12,10,-7,17,1,0,7,-15,-3,7,0,-19,-8,-22,sil
18.441125869750977,-11,2,0,8,4,5,-4,-9,-13,-7,-7,-20,-20,-16,sil
18.45722198486328,-9,8,24,7,8,19,-2,2,-11,-13,-10,-2,-26,-10,sil
18.45722198486328,-10,11,8,30,10,29,20,0,5,15,1,-10,-13,-13,sil
18.47279167175293,-12,-13,-20,24,9,26,29,-9,10,18,-3,-25,-9,-7,sil
18.47279167175293,-20,-31,-5,-22,-7,16,18,1,-7,-19,-36,-14,-33,11,sil
18.488030672073364,-28,-22,-1,-20,-17,18,22,10,0,-9,-40,-19,-28,7,sil
18.488030672073364,-16,-22,-25,1,-9,9,22,6,22,25,-16,-25,4,1,sil
18.503167629241943,2,-18,-13,-20,-6,-9,9,21,22,14,0,5,16,18,sil
18.503167629241943,8,-5,-9,-25,-10,-17,2,22,21,1,15,15,21,10,sil
18.519131183624268,4,-7,-19,-13,-16,-34,-12,6,16,1,16,4,25,-4,sil
18.519131183624268,3,-6,-7,-21,-18,-47,-28,6,2,-3,14,13,21,3,sil
18.5348060131073,8,6,5,-13,-2,-27,-21,3,3,1,32,26,26,5,sil
18.5348060131073,27,25,20,11,16,-2,-4,4,14,12,46,39,37,10,sil
18.54995560646057,30,36,29,26,20,0,2,6,20,17,45,43,40,16,sil
18.54995560646057,14,28,23,23,9,-4,-6,-6,3,7,27,21,19,4,sil
18.56606411933899,7,16,14,14,9,5,-15,-20,-20,-14,2,1,-10,-8,sil
18.56606411933899,9,8,10,4,10,8,-10,-22,-31,-25,-12,-7,-24,-9,sil
18.581263780593872,9,7,12,5,2,0,-7,-19,-34,-23,-17,-11,-23,-7,sil
18.581263780593872,8,18,20,22,2,7,-6,-13,-27,-14,-13,-1,-19,0,sil
18.5973596572876,0,16,9,26,12,20,0,-4,-10,0,-9,-3,-13,3,sil
18.5973596572876,-8,-2,-8,11,11,16,10,0,3,11,-15,-18,-10,0,sil
18.612961530685425,-2,-4,-9,2,0,16,16,-1,8,11,-17,-16,-8,2,sil
18.612961530685425,-5,-5,-16,-2,-3,20,15,-4,5,7,-17,-17,-6,4,sil
18.62878584861756,-22,-26,-20,-18,-5,7,11,11,0,6,-24,-17,-11,2,sil
18.62878584861756,-20,-24,-13,-18,-6,5,17,25,19,17,-19,-6,-5,0,sil
18.644314765930176,-7,-22,-27,-17,-10,0,8,6,25,12,-2,-11,3,-4,sil
18.644314765930176,-9,-27,-3,-48,-23,-23,-26,1,-13,-21,-8,4,-13,-2,sil
18.66010928153992,-4,-7,15,-31,-11,-18,-17,14,-3,-14,0,16,-2,-7,sil
18.66010928153992,10,0,-23,12,6,0,10,0,40,16,24,-5,35,-12,sil
18.676226139068604,10,-8,-6,-16,-3,-8,-11,1,9,-8,16,8,19,5,sil
18.676226139068604,0,4,16,-23,-8,-10,-17,3,-12,-22,11,22,0,2,sil
18.692068099975582,-8,16,1,16,0,-4,-5,-14,-14,-23,10,-4,-5,-17,sil
18.692068099975582,-17,14,15,29,6,8,-8,-13,-34,-30,-3,-11,-19,-13,sil
18.708007097244263,-21,2,5,31,14,24,12,-7,-17,13,0,-16,-8,-7,sil
18.708007097244263,-10,-15,-13,14,2,12,21,-4,-1,34,-5,-17,-5,3,sil
18.72340440750122,0,-13,0,1,-10,-1,6,0,-12,7,-20,-4,-20,9,sil
18.72340440750122,-3,-1,-13,6,-1,-4,5,0,3,4,-15,-9,-10,-2,sil
18.739341735839844,0,-2,-20,-12,-2,-10,3,14,19,11,-10,-1,5,0,sil
18.739341735839844,13,-3,-11,-20,-4,-10,0,17,20,8,2,12,19,2,sil
18.754106760025024,16,6,-4,-3,9,-11,-7,-5,8,-5,16,15,24,-1,sil
18.754106760025024,18,27,20,1,16,-10,-9,-4,0,-18,25,26,20,4,sil
18.77021813392639,23,29,20,9,13,-2,2,-2,10,-1,36,17,23,0,sil
18.77021813392639,22,13,16,12,2,-3,0,-9,-1,4,12,3,6,1,sil
18.786332607269287,11,17,44,8,-2,4,-5,2,-24,1,-12,11,-16,21,sil
18.786332607269287,0,18,29,26,4,21,9,4,-3,17,-1,1,-6,18,sil
18.802161693573,-8,-11,-13,21,2,13,13,-9,5,11,-9,-20,-8,0,hello
18.802161693573,-16,-31,-22,-20,-15,0,3,-2,-12,-11,-36,-19,-30,-1,hello
18.8172414302826,-14,-20,-21,-33,-17,-6,-1,3,-7,-8,-21,-12,-19,-4,hello
18.8172414302826,4,-6,-10,-9,-9,-14,-12,1,10,-4,7,3,14,-4,hello
18.833202362060547,13,3,7,0,-2,-13,-11,5,15,-10,27,30,33,5,hello
18.833202362060547,2,12,-2,0,5,-6,-5,0,5,-8,35,23,25,0,hello
18.848010063171387,0,10,6,12,8,1,-8,-5,-9,0,17,2,3,-4,hello
18.848010063171387,3,1,30,27,9,22,10,6,12,24,0,1,0,12,hello
18.863521337509155,-2,-4,1,17,5,23,32,14,42,45,7,0,11,21,hello
18.863521337509155,-1,-4,-14,-13,-3,-2,9,7,22,21,7,5,5,15,hello
18.879172563552856,6,-6,0,-20,0,-7,-14,9,3,0,0,11,3,8,hello
18.879172563552856,5,-8,-10,-3,6,1,-8,-3,0,-1,-2,-5,2,-8,hello
18.895206689834595,-5,4,-14,-11,3,2,-7,-31,-39,-34,-14,-17,-27,-30,hello
18.895206689834595,-19,9,0,-16,1,2,-8,-33,-63,-66,-32,-23,-51,-38,hello
18.911275148391724,-30,-3,-6,8,0,5,3,-14,-30,-33,-34,-39,-34,-31,hello
18.911275148391724,-27,-13,-20,8,-6,11,9,3,5,19,-25,-37,-10,-12,hello
18.92693066596985,-22,-19,-23,-25,-17,7,0,13,13,18,-27,-19,-8,0,hello
18.92693066596985,-17,-21,-27,-35,-21,-13,-12,10,4,-12,-30,-13,-8,-2,hello
18.9429349899292,3,-13,-14,-17,-6,-21,-15,6,1,-7,-5,0,7,-3,hello
18.958132028579712,17,0,9,-5,6,-13,-13,9,4,8,24,24,24,6,hello
18.958132028579712,11,3,9,-2,0,-19,-10,10,-2,-2,17,21,13,0,hello
18.95867371559143,11,8,7,3,0,-13,0,5,-1,-3,12,7,2,-1,hello
18.974204063415527,19,16,25,26,18,16,19,1,13,17,34,16,12,10,hello
18.989214658737183,15,13,34,33,16,25,23,-2,5,14,21,17,3,14,hello
18.989214658737183,0,5,21,13,0,16,19,-11,-11,3,-12,0,-18,1,hello
18.989214658737183,-3,0,-1,10,0,16,20,-10,-3,14,-9,-9,-8,0,hello
19.00420379638672,5,2,-2,14,-5,12,10,5,6,12,-2,6,5,20,hello
19.020081758499146,9,7,15,6,-8,0,0,14,16,4,0,22,8,26,hello
19.020081758499146,13,5,8,4,0,-16,3,8,34,14,23,18,21,15,hello
19.03523063659668,22,6,0,0,7,-22,0,6,21,5,25,23,24,14,hello
19.03523063659668,22,21,7,-4,7,-10,-9,0,0,-10,11,25,17,8,hello
19.051234245300293,14,29,2,15,10,-4,-3,-14,2,-8,17,7,19,-10,hello
19.051234245300293,5,16,9,19,5,-8,-4,-9,-6,-12,10,-1,5,-8,hello
19.06738805770874,-10,-6,12,2,-3,4,-5,4,-22,-3,-13,-12,-14,0,hello
19.06738805770874,-26,-30,-27,-11,-13,12,-2,-4,-12,13,-22,-35,-17,-16,hello
19.08308267593384,-22,-36,-45,-31,-22,-10,-23,-8,-12,-8,-19,-29,-12,-21,hello
19.08308267593384,-8,-13,-20,-30,-20,-25,-39,-8,-30,-32,0,0,-4,-9,hello
19.098355531692505,-6,4,0,-7,-3,-8,-21,-19,-36,-23,15,4,-3,-13,hello
19.098732709884644,-16,-3,-2,-1,9,20,14,-6,-11,-3,3,-12,-8,-13,hello
19.113788604736328,-22,-16,-12,0,11,28,33,19,25,18,-13,-21,-4,6,hello
19.113788604736328,-10,-16,-14,-2,5,0,14,22,36,24,-9,-3,2,18,hello
19.12936782836914,9,-1,-5,-14,4,-19,-4,11,26,3,11,12,12,10,hello
19.12936782836914,10,12,6,-7,13,0,1,2,7,-8,13,4,7,-1,hello
19.14493751525879,-8,4,10,13,7,10,3,-2,-13,-1,-15,-19,-19,-14,hello
19.14493751525879,-18,-2,4,15,-10,0,-2,-7,-10,7,-27,-24,-31,-11,hello
19.160812616348267,-6,2,1,10,-1,14,11,-2,11,14,-21,-10,-24,2,hello
19.160812616348267,5,0,2,13,10,26,25,3,16,14,-27,-9,-19,6,hello
19.176265001297,1,-8,0,-5,-3,3,8,1,3,4,-23,-4,-12,6,hello
19.176265001297,2,-7,-4,-30,-14,-12,-9,2,0,-2,0,13,12,13,hello
19.19234871864319,20,0,1,-23,-8,-10,-12,7,3,-6,20,29,37,9,hello
19.19234871864319,27,11,16,1,-5,-17,-19,0,-2,-18,23,36,33,-1,hello
19.207914113998413,20,24,23,20,2,-15,-20,-9,-14,-26,25,37,14,-2,hello
19.207914113998413,14,22,32,22,12,10,-10,-8,-25,-22,24,26,1,-1,hello
19.22301769256592,-1,5,18,21,2,12,-5,-15,-25,-11,11,-1,-5,-16,hello
19.22301769256592,-15,0,1,23,-5,0,-3,-19,-18,-1,-9,-20,-17,-15,hello
19.238463640213013,-7,9,16,18,7,17,19,6,0,16,-13,-6,-9,12,hello
19.238463640213013,5,0,-4,12,13,18,36,16,27,43,10,-2,16,15,hello
19.25415706634521,10,-18,-34,-11,-4,-17,2,0,18,21,10,0,14,0,hello
19.25415706634521,6,-10,-5,-27,-13,-22,-19,1,-7,-19,-4,17,0,0,hello
19.268845319747925,1,5,-4,-6,-2,-10,1,3,6,-11,17,8,17,0,hello
19.268845319747925,0,5,-16,-3,0,-27,-6,-4,1,-6,31,-2,19,0,hello
19.28407621383667,-4,9,7,-5,2,-12,-16,0,-18,-5,10,-3,-1,-1,sil
19.28407621383667,-15,6,1,24,16,24,25,0,7,26,-2,-27,-2,-5,sil
19.299225330352783,-20,-9,-11,7,8,22,34,6,17,19,-20,-27,-15,8,sil
19.299225330352783,-19,-21,-5,-36,-11,11,7,17,0,1,-40,-13,-35,11,sil
19.3148205280304,-15,-28,-32,-25,-6,10,12,7,16,21,-35,-36,-22,-7,sil
19.3148205280304,-3,-26,-38,-13,2,0,19,7,37,21,-27,-36,-2,0,sil
19.33004713058472,1,-11,-10,-30,-3,-5,4,15,30,2,-18,-1,3,12,sil
19.33004713058472,-4,-8,-18,-37,-10,-8,-9,6,13,-7,-11,2,0,-1,sil
19.34520888328552,-4,-14,-23,-37,-16,-21,-25,-5,-5,-29,-11,-3,-3,-6,sil
19.34520888328552,5,-6,0,-17,-14,-26,-34,-19,-19,-31,9,10,6,-7,sil
19.36080026626587,20,12,26,23,-5,-19,-37,-23,-32,-22,34,33,13,-10,sil
19.36080026626587,22,34,47,44,0,0,-36,-15,-43,-31,29,41,0,-5,sil
19.3758704662323,9,38,38,42,11,20,-18,-12,-32,-22,25,24,1,-8,sil
19.3758704662323,12,30,26,40,18,18,-1,-12,-23,-4,29,18,9,-4,sil
19.391854286193848,12,29,37,46,14,12,2,-6,-23,-1,18,23,0,3,sil
19.391854286193848,-3,20,28,51,11,21,17,-3,-5,13,4,0,0,-1,sil
19.40694189071656,-3,6,14,36,14,26,33,1,6,25,0,-5,8,5,sil
19.40694189071656,0,-2,10,5,14,21,31,11,0,20,-9,2,-2,18,sil
19.42268776893616,-10,-13,-10,-11,2,12,24,12,11,21,-17,-16,-14,4,sil
19.437772035598755,-10,-20,-20,-18,-9,0,17,12,32,19,-14,-21,-1,4,sil
19.437772035598755,-1,-20,-19,-23,-11,-10,10,15,34,18,-7,-2,5,18,sil
19.437772035598755,-13,-22,-34,-29,-9,-15,0,8,26,13,-11,-12,-7,3,sil
19.453303575515747,-21,-22,-34,-38,-13,-15,-13,4,15,-5,-22,-23,-13,-11,sil
19.468889951705933,0,-9,-16,-26,-8,-6,-5,12,21,0,-11,-5,6,3,sil
19.468889951705933,20,1,-5,-5,-2,0,9,16,25,12,9,12,20,17,sil
19.484018087387085,17,-3,-5,-9,-5,-9,-1,1,0,-16,4,10,4,4,sil
19.484018087387085,5,-5,-8,-20,-8,-19,-23,-16,-23,-36,-4,-3,-7,-15,sil
19.499271154403687,0,4,4,-6,-2,-14,-25,-12,-15,-9,4,-5,0,-17,sil
19.499271154403687,8,5,11,4,7,-9,-15,0,-4,4,12,6,12,-5,sil
19.514451026916504,12,0,5,-7,9,-21,-14,-6,-11,-10,13,19,15,0,sil
19.514451026916504,11,5,9,-8,0,-20,-9,-8,-15,-11,22,23,16,0,sil
19.530054807662964,9,16,11,11,0,0,6,-2,-5,3,22,12,11,0,sil
19.530054807662964,-8,15,-2,13,11,9,9,-8,-8,0,0,-7,-8,-8,sil
19.54609560966492,-24,4,-3,5,8,7,0,-14,-20,-8,-9,-23,-22,-18,sil
19.54609560966492,-17,-3,10,9,-1,16,0,-11,-23,-11,-4,-18,-16,-13,sil
19.561442613601685,-16,-2,4,9,-4,19,1,-12,-22,-16,-6,-10,-15,-5,sil
19.561442613601685,-23,3,-1,11,0,13,0,-12,-16,-6,-6,-8,-18,-1,sil
19.57709240913391,-7,12,17,22,8,22,13,0,0,20,-1,-4,-10,4,sil
19.57709240913391,3,5,9,26,12,29,31,9,20,38,-6,-12,0,4,sil
19.592787742614743,-13,-17,-19,3,-2,11,18,10,19,24,-20,-20,-6,2,sil
19.592787742614743,-18,-27,-16,-17,-16,-2,0,17,8,0,-25,-13,-19,5,sil
19.608900547027588,0,-18,-9,-8,-15,-2,8,18,20,1,-20,-9,-12,2,sil
19.608900547027588,8,-11,-6,-7,-8,-4,6,17,32,8,-15,4,4,11,sil
19.624922513961792,12,-6,0,-15,0,-8,-4,21,30,8,0,28,25,28,sil
19.624922513961792,22,0,-2,-14,0,-16,-5,9,14,0,14,26,34,21,sil
19.64081120491028,17,1,-8,-16,-8,-25,-15,-4,-8,-22,5,11,16,1,sil
19.64081120491028,10,0,-11,-12,-4,-19,-16,-4,-11,-20,4,15,8,-4,sil
19.656023502349854,16,8,0,0,7,0,-5,0,0,-1,24,30,21,0,sil
19.656023502349854,23,22,15,8,11,4,-9,1,5,1,32,26,25,4,sil
19.67213129997253,16,21,10,12,10,-8,-16,0,4,4,18,9,11,-1,sil
19.67213129997253,6,16,6,13,10,-11,-10,-5,0,4,13,6,0,-7,sil
19.687867164611816,2,21,21,16,12,3,-2,-12,-10,-9,17,1,-6,-10,sil
19.687867164611816,0,26,26,21,11,11,0,-20,-21,-18,10,-13,-17,-12,sil
19.702884674072266,-2,13,15,20,3,12,6,-17,-28,-8,3,-16,-20,-8,sil
19.702884674072266,-13,-5,1,6,-6,19,12,-14,-27,-5,-2,-14,-16,-4,sil
19.718031644821167,-20,-14,-4,-7,-4,16,12,-12,-18,-12,-21,-22,-24,-8,sil
19.718031644821167,-14,-9,0,4,3,7,8,0,-1,-1,-26,-24,-26,-8,sil
19.73405122756958,-15,-10,3,13,0,6,7,6,5,20,-17,-15,-14,0,sil
19.73405122756958,-23,-25,-11,-12,-14,0,5,3,0,21,-25,-16,-12,0,sil
19.74987268447876,-21,-27,-25,-32,-17,-6,-2,3,3,7,-22,-14,-9,-2,sil
19.74987268447876,-11,-12,-15,-14,-1,0,-3,7,11,7,-5,-1,3,1,sil
19.764904260635376,0,-12,-10,-1,3,2,4,6,8,14,-3,0,10,8,sil
19.764904260635376,2,-20,-20,-22,-9,-12,0,4,1,5,-4,0,11,6,sil
19.7800509929657,0,-10,-17,-29,-11,-12,-7,11,9,0,1,10,17,7,sil
19.7800509929657,2,-1,-7,-7,-2,-3,-7,14,23,4,4,11,24,9,sil
19.79514503479004,4,-8,-8,-9,-4,-16,-14,7,16,-6,7,8,23,2,sil
19.79514503479004,3,-2,-6,-20,-3,-21,-16,10,2,-13,21,16,26,0,sil
19.8107168674469,15,16,12,2,10,-2,0,11,7,0,32,29,27,4,sil
19.8107168674469,23,22,20,17,10,0,6,-1,6,1,25,23,10,-2,sil
19.82633686065674,11,22,7,6,-1,-15,0,-19,-12,-14,7,1,-10,-19,sil
19.82633686065674,4,29,10,11,-1,-12,0,-20,-20,-24,1,-3,-16,-15,sil
19.841798305511475,10,23,21,27,6,3,7,-8,-10,-20,7,1,-12,-2,sil
19.841798305511475,5,11,22,24,10,14,8,-5,-8,-2,4,0,-16,0,sil
19.857202291488647,0,7,15,19,9,15,6,-7,-7,13,-6,-6,-23,1,sil
19.857202291488647,0,4,8,23,10,19,11,-1,6,16,-15,-12,-19,8,sil
19.873145580291748,-6,0,6,24,15,31,22,11,14,15,-12,-11,-9,19,sil
19.873145580291748,-10,-8,-1,17,11,24,20,12,16,21,-4,-8,0,21,sil
19.887850522994995,-8,-20,-18,-5,-4,-2,-1,-2,14,10,-10,-8,4,6,sil
19.887850522994995,-6,-26,-18,-34,-18,-15,-20,-1,-4,-12,-25,-7,-6,-7,sil
19.90381360054016,-6,-21,-20,-28,-18,-4,-8,9,-6,-3,-18,-9,-2,-6,sil
19.90381360054016,-12,-22,-37,-17,-14,0,0,2,3,10,-17,-13,4,-4,sil
19.91925430297852,-15,-35,-32,-39,-18,-11,-14,0,-12,-13,-40,-12,-15,-12,sil
19.91925430297852,-4,-11,-11,-30,-13,-19,-18,2,-17,-25,-18,-3,-8,-14,sil
19.934808254241943,14,28,7,11,4,-14,-13,0,1,-7,36,10,26,-7,sil
19.950804710388184,23,33,27,14,12,-3,-17,-6,-3,-6,42,23,20,0,sil
19.950804710388184,12,22,29,5,6,5,-5,-7,-15,-13,30,19,4,0,sil
19.950804710388184,5,27,31,20,3,14,6,-4,-19,-11,32,7,5,0,sil
19.966364860534668,13,29,42,30,12,26,10,-6,-20,-2,21,7,0,2,sil
19.966364860534668,11,18,21,31,22,27,23,-11,-1,16,11,5,0,5,sil
19.9815046787262,-3,3,1,25,10,6,27,-1,13,30,6,3,8,16,sil
19.997013330459595,-7,-11,9,9,0,-2,12,15,18,34,-6,5,1,19,sil
19.997013330459595,-1,-24,-11,-4,1,0,2,12,29,26,-10,-4,-3,5,sil
20.01222515106201,-11,-31,-41,-23,-3,-12,-9,-2,20,0,-17,-16,-11,-3,sil
20.01222515106201,-29,-39,-38,-45,-18,-21,-20,0,-1,-19,-35,-18,-21,-5,sil
20.02782273292541,-23,-37,-33,-41,-19,-14,-6,11,6,-8,-29,-16,-10,-3,sil
20.02782273292541,-3,-14,-21,-26,-11,-8,4,14,16,0,-3,1,8,5,sil
20.043641805648804,2,5,-12,-15,-3,-9,-2,6,7,0,6,11,19,0,sil
20.043641805648804,0,11,-14,-8,-2,-12,-12,-8,-7,-6,4,4,14,-14,sil
20.059696912765503,10,17,0,0,-3,-8,-12,-13,-20,-16,6,9,4,-12,sil
20.059696912765503,24,20,16,6,4,-7,-7,-3,-17,-13,16,15,11,-2,sil
20.08281660079956,13,18,26,5,6,-11,-8,1,-16,-14,10,10,11,0,sil
20.08281660079956,-2,17,32,15,6,-1,-4,-1,-19,-19,0,0,-7,-10,sil
20.08281660079956,0,15,29,33,23,13,10,-5,-6,-7,7,-8,-12,-11,sil
20.091191053390503,7,13,23,37,17,21,21,-1,11,11,12,-7,-4,3,sil
20.10728621482849,0,5,0,30,-21,26,28,0,16,20,0,-11,0,9,sil
20.10728621482849,-14,-11,-8,4,-23,19,21,0,1,9,-17,-15,-10,7,sil
20.123215436935425,-14,-16,6,-9,12,12,9,2,-1,7,-17,-9,-16,7,sil
20.123215436935425,-3,-7,-15,2,13,13,11,3,20,26,-8,-16,-5,0,sil
20.13812708854676,2,-8,-29,-15,-10,-3,-3,5,18,12,-14,-7,-5,3,sil
20.13812708854676,8,-11,-4,-29,-5,-22,-23,-1,-4,-10,-8,16,-6,11,sil
20.15327763557434,17,-2,1,0,6,-16,-15,-6,0,1,19,26,13,8,sil
20.15327763557434,17,4,-2,5,0,-10,-10,5,8,4,23,26,17,7,sil
20.1688084602356,3,0,0,-11,-7,-15,-23,-3,-12,-23,3,10,-5,-5,sil
20.1688084602356,-10,0,3,0,0,-2,-21,-29,-35,-41,-9,-12,-33,-22,sil
20.18483948707581,-11,3,10,19,9,22,7,-18,-27,-17,-9,-14,-33,-12,sil
20.18483948707581,-13,-4,1,8,3,24,24,1,-7,10,-12,-15,-11,0,sil
20.20079255104065,-18,-21,-13,-19,-16,1,4,8,2,-2,-22,-16,2,0,sil
20.20079255104065,-9,-14,-10,-19,-17,-11,-10,16,18,-9,-3,2,21,4,sil
20.21625518798828,9,7,3,0,-1,-11,-10,17,23,11,25,23,38,6,sil
20.21625518798828,16,18,9,6,5,-9,-4,8,5,15,21,15,31,3,sil
20.23222684860229,3,18,6,10,11,-1,3,0,-4,9,11,2,17,1,sil
20.23222684860229,-7,6,2,15,17,11,18,2,-2,17,3,-2,0,0,sil
20.247029304504395,-3,-8,-6,9,11,11,27,11,5,23,-18,-14,-12,3,sil
20.247029304504395,4,-12,-19,-10,4,-1,10,6,14,12,-22,-18,-3,6,sil
20.26305317878723,12,-3,-6,-26,1,-13,-16,0,0,-9,5,3,4,0,sil
20.26305317878723,15,20,21,-3,-3,-7,-15,-6,-16,-20,31,21,7,-3,sil
20.27834534645081,19,27,15,14,0,5,0,-11,-3,-9,37,10,21,0,sil
20.27834534645081,16,12,4,-9,12,15,3,0,15,6,30,4,22,1,sil
20.29378342628479,-5,1,11,-14,12,24,18,10,19,18,10,-2,1,1,sil
20.29378342628479,-21,-7,-4,10,-3,23,27,-2,8,24,-9,-20,-11,0,sil
20.30927896499633,-16,-11,-12,6,-14,7,8,-10,-4,17,-19,-8,-15,3,sil
20.30927896499633,-12,-5,-1,0,-6,0,0,-7,-4,2,-21,5,-21,0,sil
20.32515382766724,-16,-11,-12,3,-4,-7,0,-7,-3,-14,-30,-9,-27,-3,sil
20.32515382766724,-10,-10,-7,0,-14,-14,-15,1,-5,-25,-31,-3,-25,0,sil
20.34072542190552,0,0,8,6,-18,-17,-19,6,5,-19,-13,9,-7,0,sil
20.34072542190552,-1,-10,-8,-6,-18,-32,-26,-7,-1,-25,-10,-2,-4,-10,sil
20.355879306793213,-2,-21,-17,-35,-16,-38,-43,-10,-28,-38,-16,-2,-12,-17,sil
20.355879306793213,13,-5,-5,-17,-2,-19,-25,-2,-13,-14,1,11,5,-11,sil
20.371782064437863,19,5,3,3,4,-7,-7,-2,3,0,20,14,22,0,sil
20.371782064437863,7,9,7,1,7,-8,-13,-6,-12,-12,23,7,12,0,sil
20.38745641708374,2,15,7,15,14,0,-8,-12,-23,-9,22,-2,1,-8,sil
20.38745641708374,4,19,19,25,15,16,1,-10,-19,-1,9,-2,-8,-8,sil
20.403021574020386,0,17,23,28,11,27,16,-2,-10,5,0,-3,-14,2,sil
20.403021574020386,-6,2,11,22,13,28,34,0,-3,20,-7,-12,-12,12,sil
20.418859004974365,-5,-12,5,4,6,25,39,16,4,28,-13,-11,-6,17,sil
20.418859004974365,-6,-9,-3,3,-4,26,37,26,29,33,-5,-13,10,20,sil
20.434230089187626,-7,-11,-14,-2,-3,17,27,25,38,31,-5,-11,14,16,sil
20.434230089187626,-2,-20,-15,-23,1,-1,9,23,26,25,-7,0,13,6,sil
20.44943761825561,2,-16,-19,-22,0,-11,1,13,20,19,7,3,27,0,sil
20.44943761825561,8,-9,-14,-18,-10,-7,-1,8,15,1,8,11,23,4,sil
20.46511602401733,8,-5,-6,-23,-15,-5,-6,5,11,-3,2,17,6,0,sil
20.46511602401733,0,-2,-21,-18,-8,-17,-13,-14,5,-1,9,0,3,-17,sil
20.48080563545227,-7,0,-12,-13,-5,-25,-24,-24,-18,-21,8,-1,-1,-18,sil
20.48080563545227,0,20,15,3,1,-3,-20,-15,-27,-28,12,15,-4,-9,sil
20.49625825881958,13,30,13,24,21,9,-6,-11,-9,-14,25,7,1,-2,sil
20.49625825881958,17,27,19,21,23,0,-2,0,-5,-15,17,5,-3,7,sil
20.512121438980103,5,30,33,20,14,5,0,0,-7,-11,4,10,-7,1,sil
20.512121438980103,-2,24,14,25,13,14,1,-16,-11,-3,-3,-3,-4,-11,sil
20.5271999835968,-3,11,10,20,7,11,0,-14,-12,-8,-17,-8,-10,-5,sil
20.5271999835968,-11,0,11,16,-1,7,5,-7,1,0,-17,-12,-20,-1,sil
20.54326176643372,-18,-13,-12,3,-7,0,2,-7,4,13,-20,-23,-28,-2,sil
20.54326176643372,-10,-19,-12,-4,-11,-9,-3,6,-2,8,-24,-9,-20,9,sil
20.559377193450928,3,-12,1,-1,-10,-11,4,20,13,13,-17,2,-2,18,sil
20.559377193450928,5,-17,-3,-13,-4,-7,10,17,24,22,-12,2,2,16,sil
20.57526636123657,-4,-34,-16,-31,-7,-9,0,16,8,8,-3,2,10,6,sil
20.57526636123657,-9,-33,-26,-36,-18,-24,-11,14,-4,-18,9,0,21,-10,sil
20.59038734436035,3,-9,-12,-27,-10,-18,-16,3,-8,-28,12,9,16,-14,sil
20.59038734436035,19,5,1,-8,1,9,-10,-11,-2,-7,6,16,10,-2,sil
20.60595107078552,17,6,11,-8,-5,6,-10,-13,-8,-6,4,8,7,0,sil
20.60595107078552,13,15,24,-2,-6,-6,-2,0,-13,-7,22,5,9,2,sil
20.62114191055298,6,21,7,24,6,13,16,0,2,18,31,-4,13,2,hello
20.62114191055298,-15,3,-7,12,6,22,9,-12,-4,13,-4,-16,-12,-4,hello
20.636271953582764,-24,-7,1,8,7,11,9,-5,-13,-7,-34,-20,-34,-10,hello
20.636271953582764,-13,-3,-2,30,11,10,21,4,12,8,-21,-22,-14,-3,hello
20.65227508544922,-5,-5,-5,5,-1,-1,0,8,16,17,-6,-4,8,9,hello
20.65227508544922,3,-7,-2,-16,-9,-21,-21,7,-3,1,9,20,18,8,hello
20.66798734664917,8,-5,-9,-5,-6,-17,-14,0,0,-4,19,22,15,-1,hello
20.66798734664917,4,2,-3,-7,-4,-1,-6,-1,13,2,19,21,13,-2,hello
20.68313717842102,9,14,10,2,6,6,0,-5,4,7,29,18,13,0,hello
20.69828748703003,5,19,17,21,17,9,8,-14,-26,-8,11,-1,-12,-10,hello
20.69828748703003,-6,13,9,14,11,12,15,-15,-35,-20,-22,-20,-34,-15,hello
20.71381378173828,-3,7,8,13,6,19,19,-5,-3,-7,-21,-19,-21,0,hello
20.71381378173828,-1,0,6,11,8,29,21,7,18,12,-11,-15,-11,9,hello
20.729310035705566,-15,-9,-18,-8,1,16,16,6,15,20,-18,-19,-6,0,hello
20.729310035705566,-15,-20,-31,-28,-12,-18,-3,4,5,-2,-21,-12,0,0,hello
20.744815826416016,-4,-22,-22,-25,-22,-32,-20,16,2,-28,-12,-1,4,4,hello
20.744815826416016,0,-7,-20,-13,-16,-21,-16,12,11,-7,5,2,21,0,hello
20.760761499404907,16,7,-1,-7,0,-14,-12,4,14,10,20,21,31,4,hello
20.760761499404907,27,12,27,1,15,-9,-10,2,3,-1,24,31,18,11,hello
20.77693557739257,3,12,18,12,17,-7,-5,-11,-7,-3,23,11,4,1,hello
20.77693557739257,-9,15,8,14,7,-7,-10,-17,-15,1,3,-4,-6,-3,hello
20.792555809021,0,14,12,18,7,10,-5,-6,-11,-2,-16,-8,-19,0,hello
20.792555809021,0,1,2,16,9,23,12,0,6,4,-19,-13,-23,3,hello
20.80834674835205,-5,-8,0,1,-8,4,15,9,16,18,-13,-2,-18,15,hello
20.808724641799927,8,-6,0,-7,-15,-5,4,11,13,8,3,14,8,16,hello
20.824214458465576,24,-4,-2,-17,-6,-4,-7,0,-1,-16,16,15,25,4,hello
20.824214458465576,13,5,7,-11,0,-3,-13,-9,-23,-30,4,5,-1,-15,hello
20.839834928512573,-4,13,15,23,2,6,-6,-10,-25,-14,-3,-9,-25,-34,hello
20.839834928512573,-9,-1,4,19,-1,18,2,-1,-11,9,-1,-14,-11,-16,hello
20.85498547554016,-19,-20,-8,-19,-8,18,14,6,0,19,-3,-7,1,6,hello
20.85498547554016,-20,-22,-16,-21,-3,14,28,5,12,24,-10,-5,-1,4,hello
20.870009899139404,-4,-11,-6,-1,0,8,26,13,25,31,-9,0,2,11,hello
20.870009899139404,5,-6,3,-2,-1,-4,7,19,30,31,4,7,26,23,hello
20.88601922988892,8,-11,-4,-17,-3,-17,-6,9,28,21,20,9,37,11,hello
20.88601922988892,18,-4,-2,-19,-1,-19,-18,0,8,-3,25,24,26,0,hello
20.901259899139404,17,14,4,0,4,-23,-26,-12,-18,-39,19,24,7,-7,hello
20.901259899139404,-1,22,3,13,10,-17,-16,-24,-31,-50,0,-8,-14,-21,hello
20.91728568077088,-18,12,2,14,9,3,0,-15,-27,-25,-21,-27,-30,-22,hello
20.91728568077088,-18,4,-4,24,5,10,-1,-9,-22,-12,-21,-24,-28,-21,hello
20.93289923667908,-12,0,-6,17,0,0,-4,-17,-25,-19,-15,-22,-24,-18,hello
20.93289923667908,-13,-6,-4,-1,-3,4,12,-7,-18,0,-18,-21,-15,0,hello
20.94797205924988,-10,-12,-7,0,-6,13,20,10,6,25,-9,-11,1,18,hello
20.94797205924988,1,-9,-7,-2,-15,4,8,18,28,24,4,2,11,25,hello
20.96311521530152,11,0,-6,-18,-16,-7,0,24,33,11,8,21,19,21,hello
20.96311521530152,13,10,-3,-12,0,-11,-5,13,20,0,12,28,22,8,hello
20.978252410888672,9,5,-1,-1,5,-7,-16,-10,-2,-12,18,12,4,-5,hello
20.97860288619995,1,6,1,-5,0,-4,-19,-16,-14,-15,16,1,-7,-14,hello
20.993852138519287,1,23,16,5,12,-2,-14,0,-6,-12,16,6,2,-9,hello
20.993852138519287,10,26,24,27,26,9,0,5,5,4,15,4,10,5,hello
21.009942293167114,6,10,18,19,16,24,16,-1,1,24,-1,0,-3,12,hello
21.009942293167114,-7,-2,5,3,4,22,13,-3,-9,20,-23,-7,-20,0,hello
21.02605366706848,-17,-19,-16,1,1,11,2,-3,-11,0,-31,-27,-27,-7,hello
21.02605366706848,-20,-34,-22,-15,-9,6,1,3,1,-2,-26,-22,-23,2,hello
21.041199684143063,-5,-26,-16,-25,-19,1,16,19,26,14,-7,0,1,15,hello
21.041199684143063,18,-12,-9,-16,-14,-12,6,13,27,12,5,14,24,14,hello
21.05690336227417,24,-8,0,-18,-9,-25,-16,-4,-2,-14,2,18,18,0,hello
21.05690336227417,14,-1,-1,-9,-11,-26,-13,-14,-17,-23,6,12,12,-15,hello
21.072316884994507,16,12,8,13,-1,-17,-7,-4,-9,-18,19,13,17,-12,hello
21.072316884994507,21,23,34,23,14,0,-10,10,1,-3,28,28,22,1,hello
21.088006734848022,2,21,24,24,20,15,3,2,3,12,19,14,12,0,hello
21.088006734848022,-16,6,2,14,14,17,17,-8,-7,4,-2,-19,-16,-12,hello
21.103121995925903,-20,-5,-5,0,2,12,20,-8,-12,-5,-18,-32,-29,-14,hello
21.103121995925903,-32,-14,-19,-8,-12,10,17,-11,-9,1,-30,-30,-25,-11,hello
21.1183660030365,-31,-16,-19,-7,-15,6,10,-3,-7,3,-34,-23,-24,-4,sil
21.1183660030365,0,0,0,0,-4,-2,5,7,4,3,-12,-5,-13,10,sil
21.13435411453247,13,4,2,-3,-1,-15,0,12,17,15,3,6,3,17,sil
21.13435411453247,0,-11,-4,-18,-9,-19,-12,15,23,20,7,10,17,14,sil
21.14899563789368,1,-10,-3,-16,-8,-8,-14,9,18,5,18,16,29,9,sil
21.14899563789368,18,10,-3,-2,0,-4,-15,-1,0,-18,21,15,23,4,sil
21.16454768180847,17,25,3,1,7,-5,-18,-6,-11,-25,19,14,7,-2,sil
21.16454768180847,7,22,11,7,10,0,-8,-11,-10,-10,26,13,7,-6,sil
21.18010306358337,-2,8,3,13,8,9,0,-15,-15,-5,15,0,0,-1,sil
21.18010306358337,-17,1,3,12,9,19,-1,-13,-22,-6,-7,-14,-20,-4,sil
21.195977449417114,-17,0,3,19,14,22,0,-11,-23,0,-14,-22,-28,-14,sil
21.195977449417114,-3,-4,0,17,10,16,3,-5,-14,0,-17,-17,-23,-9,sil
21.210999488830566,0,-7,-3,0,0,4,2,9,7,6,-16,-7,-8,2,sil
21.226162672042847,1,-4,-6,-13,-9,-13,-2,22,30,23,-10,-3,12,11,sil
21.226162672042847,10,-12,-8,-22,-15,-28,-13,15,21,11,-9,6,18,10,sil
21.24219799041748,9,-16,-12,-22,-13,-27,-13,0,0,-12,0,13,12,-3,sil
21.24219799041748,0,0,-4,-1,-5,-13,0,-7,-12,-15,9,4,0,-10,sil
21.257241010665894,-6,6,13,11,-2,8,9,0,-11,-12,-4,-2,-18,0,sil
21.257241010665894,-3,-6,8,11,0,23,20,4,8,7,-7,0,-8,8,sil
21.273091793060303,4,-5,0,9,6,18,24,10,31,32,7,3,14,13,sil
21.273091793060303,4,0,0,2,5,7,12,21,29,24,9,11,12,11,sil
21.28895378112793,7,0,1,-2,3,-3,0,11,4,-4,15,27,9,-1,sil
21.28895378112793,18,16,17,4,10,-10,-3,-13,-18,-21,32,34,12,-5,sil
21.304229974746704,3,17,11,13,7,-1,4,-25,-24,-13,13,-2,0,-7,sil
21.304229974746704,-28,-14,-20,-12,-11,3,8,-17,-19,0,-31,-45,-24,-18,sil
21.32018184661865,-21,-24,-23,-34,-17,-4,0,0,-9,-2,-37,-36,-18,-10,sil
21.32018184661865,14,0,-3,-8,-6,-12,-11,8,4,-6,-1,4,16,12,sil
21.33522653579712,18,17,6,12,1,-10,-17,6,5,-6,21,24,27,13,sil
21.33522653579712,4,19,10,11,5,0,-4,0,0,-3,11,6,-1,-4,sil
21.35092854499817,-9,13,5,18,5,12,7,-14,-6,0,-16,-24,-32,-13,sil
21.35092854499817,-25,-4,-7,9,-1,16,7,-9,-13,-6,-32,-32,-38,-8,sil
21.36615920066833,-16,-14,-11,-5,-1,11,13,9,0,-6,-15,-10,-10,0,sil
21.36615920066833,3,-6,-6,-5,5,6,15,8,20,9,3,5,15,10,sil
21.38158345222473,-3,-7,-6,-10,0,4,-2,0,17,19,-5,-2,7,12,sil
21.38158345222473,-10,-12,-7,-17,-4,0,-12,4,9,18,-7,-2,3,3,sil
21.39722204208374,14,-5,6,-4,2,-10,-12,7,15,19,21,21,29,7,sil
21.39722204208374,32,5,22,-4,1,-17,-18,5,13,14,39,39,37,18,sil
21.413201332092285,12,6,13,-21,-9,-21,-21,1,0,0,23,20,17,0,sil
21.413201332092285,0,0,-5,-14,-15,-26,-21,-5,-14,-18,2,-2,-2,-22,sil
21.42789626121521,7,6,3,3,-8,-15,-18,-13,-17,-30,2,1,-17,-19,sil
21.42789626121521,13,21,21,16,10,10,3,-12,-13,-22,17,10,-17,-8,sil
21.44384384155273,5,22,15,32,21,23,24,-9,-16,-4,10,0,-10,-2,sil
21.44384384155273,-13,8,7,36,12,18,18,-10,-25,-6,-20,-17,-20,0,sil
21.459003448486328,-24,-5,-8,19,7,13,11,-9,-15,-6,-32,-28,-32,-3,sil
21.459003448486328,-17,-9,-13,7,11,19,16,5,5,15,-15,-19,-18,1,sil
21.47474360466004,-6,-4,3,17,6,24,18,26,25,36,-4,1,9,17,sil
21.47474360466004,0,-11,-1,17,-9,8,13,27,31,36,-6,4,17,22,sil
21.49061679840088,3,-23,-17,-11,-18,-12,1,19,20,15,-6,6,15,18,sil
21.49061679840088,8,-16,-11,-23,-6,-7,0,19,20,0,5,21,29,12,sil
21.50717568397522,7,-4,-11,-16,-1,-4,-3,0,16,-7,16,22,32,1,sil
21.50717568397522,3,-9,-19,-30,-16,-22,-20,-16,-11,-19,6,9,5,-11,sil
21.52310967445373,2,-8,-17,-40,-16,-27,-21,-6,-15,-18,1,0,0,-13,sil
21.52310967445373,0,9,-8,-23,3,-10,-7,-3,-1,-6,12,-4,10,-15,sil
21.53921484947205,0,19,4,0,13,-2,-4,-11,-17,-10,10,-1,0,-20,sil
21.53921484947205,1,11,13,8,10,-2,-3,-6,-24,-12,-4,-6,-12,-16,sil
21.55487537384033,-10,2,1,-6,5,1,0,-11,-14,-13,-19,-26,-18,-13,sil
21.55487537384033,-21,0,-7,-20,-1,3,-2,-20,-27,-26,-23,-36,-31,-23,sil
21.569909811019897,-19,6,7,4,0,4,2,-12,-25,-24,-17,-22,-34,-18,sil
21.569909811019897,-6,14,18,33,7,8,14,-4,3,-4,-6,-11,-20,3,sil
21.58541202545166,9,9,14,34,0,6,12,-2,13,8,5,0,-6,17,sil
21.58541202545166,12,0,16,20,-5,1,2,5,17,22,13,21,0,19,sil
21.601135969161987,5,-3,14,12,-3,6,0,11,31,31,10,17,8,27,sil
21.601135969161987,13,-3,6,9,-3,11,8,9,21,22,4,7,13,33,sil
21.617186546325684,17,0,6,10,0,9,20,13,4,20,4,15,10,25,sil
21.617186546325684,1,1,5,3,1,3,13,16,13,30,7,18,9,19,sil
21.63188672065735,0,-2,-3,-10,-7,-4,-6,8,17,23,3,12,19,15,sil
21.63188672065735,5,-13,-13,-16,-11,-15,-16,0,5,5,0,7,27,0,sil
21.647917985916138,0,-11,-11,-15,-4,-11,-21,-2,-6,-10,7,6,17,-15,sil
21.647917985916138,-3,-2,-13,-11,5,-1,-26,-4,-12,-18,10,2,4,-17,sil
21.663338661193848,4,0,-16,-4,13,-4,-21,-11,-12,-20,5,-1,0,-19,sil
21.663338661193848,3,8,3,2,19,-2,-11,-6,-15,-20,3,2,-7,-20,sil
21.678986310958862,0,22,18,18,19,13,1,-1,-16,-9,0,-6,-14,-15,sil
21.678986310958862,-8,12,9,27,8,23,19,-5,-9,-5,-16,-27,-25,-8,sil
21.69408798217773,-24,-17,-5,1,0,22,30,4,-3,-15,-26,-30,-31,-5,sil
21.69408798217773,-27,-33,-25,-28,-5,13,29,14,6,4,-21,-22,-15,-6,sil
21.70979142189026,-13,-19,-23,-25,-18,-1,14,9,15,27,-20,-10,0,1,sil
21.70979142189026,2,0,-9,-7,-25,-10,3,10,18,13,-13,1,8,13,sil
21.72485876083374,17,0,-6,-10,-10,-12,5,11,17,0,11,10,23,14,sil
21.72485876083374,21,0,5,-26,-1,-19,-2,8,5,-5,21,25,23,9,sil
21.739997386932373,11,4,8,-11,-8,-32,-21,-3,0,-9,16,25,16,-1,sil
21.739997386932373,4,11,0,5,-7,-38,-38,-21,-8,-19,14,6,9,-12,sil
21.75517106056213,10,17,16,0,2,-24,-36,-12,-20,-28,17,8,0,-4,sil
21.75517106056213,12,20,25,12,12,-2,-9,-1,-6,-8,28,24,5,0,sil
21.7704336643219,1,14,16,30,15,5,4,-11,-5,7,18,17,6,-1,sil
21.78612470626831,0,9,21,34,15,11,3,-15,-20,5,-1,-1,-5,0,sil
21.78612470626831,-1,1,10,24,13,17,7,-13,-11,10,-2,-16,-11,3,sil
21.8018741607666,-11,-1,1,-5,1,18,9,-7,-18,-8,-15,-15,-31,-1,sil
21.8018741607666,-22,-1,-16,3,0,27,21,-6,-19,-13,-29,-31,-32,-19,sil
21.8018741607666,-27,-18,-42,12,0,22,21,-12,4,7,-29,-45,-18,-17,sil
21.8170018196106,-19,-25,0,-35,-19,7,-2,16,3,0,-35,-5,-29,15,sil
21.832825899124146,-5,-6,19,-17,-11,15,9,32,19,19,-11,5,-1,17,sil
21.832825899124146,9,-2,-16,28,13,14,24,10,37,51,5,-18,27,10,sil
21.847871780395508,11,-4,8,-4,1,0,4,18,13,19,-16,11,2,31,sil
21.847871780395508,0,1,1,-12,-7,0,12,21,24,8,-4,19,12,17,sil
21.86348819732666,8,0,-38,7,1,-8,9,0,38,16,28,-1,40,0,sil
21.86348819732666,24,5,4,-6,1,-16,-21,1,6,-8,23,26,24,13,sil
21.87868309020996,19,9,14,-4,-1,-11,-23,-4,-2,-11,15,27,18,4,sil
21.87868309020996,6,2,-14,-1,-3,-20,-22,-14,-5,-5,20,1,17,-11,sil
21.89382839202881,9,14,6,-1,2,-16,-20,-4,-17,-12,31,11,8,-10,sil
21.89382839202881,15,23,20,13,13,-1,-12,-10,-17,-8,17,7,0,-17,sil
21.909908771514893,1,11,14,6,6,-4,-25,-22,-34,-29,-10,-7,-24,-26,sil
21.909908771514893,-18,-6,-8,0,-1,-4,-18,-25,-39,-47,-4,-20,-37,-32,sil
21.925955295562744,-24,-28,-29,-3,-6,1,4,-15,-20,-21,-8,-33,-34,-25,sil
21.925955295562744,-24,-28,6,-28,-16,2,7,17,-7,7,-35,-13,-33,1,sil
21.94114136695861,-21,-14,7,-14,-10,7,23,25,16,28,-16,-6,-4,8,sil
21.94114136695861,-11,-16,-24,0,0,4,30,3,19,20,-2,-16,6,4,sil
21.9562885761261,-10,-11,-2,-21,-5,0,12,12,1,0,-29,-1,-14,14,sil
21.9562885761261,-11,-3,1,-8,-5,0,12,21,20,13,-18,5,0,8,sil
21.97217345237732,3,-2,-10,9,1,2,15,16,36,21,9,11,28,8,sil
21.97217345237732,17,10,3,1,6,3,10,15,27,9,20,32,32,18,sil
21.987318515777588,17,17,0,-2,5,-10,0,0,18,5,27,27,29,11,sil
21.987318515777588,29,21,18,1,0,-20,-17,-7,-2,-5,23,28,20,8,sil
22.003109455108643,36,37,44,26,10,-1,-10,-6,-6,-6,25,29,20,4,sil
22.003109455108643,21,26,22,32,12,2,-5,-19,-7,-3,21,3,13,-7,sil
22.018919944763184,13,10,19,5,0,-1,-20,-15,-27,-15,2,-1,0,0,sil
22.018919944763184,14,17,20,11,7,9,-5,-11,-21,-10,8,4,4,5,sil
22.034076690673828,-3,7,0,21,9,16,4,-19,-13,-7,5,-6,-6,0,sil
22.034076690673828,-23,-13,-10,2,-1,21,-3,-11,-14,-4,-21,-25,-28,-7,sil
22.04966115951538,-26,-19,-22,-4,0,18,0,-2,-3,9,-28,-39,-28,-10,sil
22.04966115951538,-22,-21,-34,-6,-1,1,2,-4,-10,0,-32,-42,-38,-11,sil
22.0648353099823,-26,-25,-30,-12,-9,0,-2,-1,-19,-9,-39,-32,-40,-14,sil
22.0648353099823,-29,-18,-15,-1,-2,6,4,6,-2,6,-22,-15,-18,-9,sil
22.08578610420227,-19,-7,-8,10,1,-3,13,7,13,12,-5,-5,-5,0,sil
22.08578610420227,-4,-8,-10,-2,-4,-13,1,6,13,7,-3,0,4,4,sil
22.08578610420227,6,-11,-8,-22,-8,-10,-9,12,14,10,10,15,22,10,sil
22.096276998519897,14,-1,0,-20,-7,-12,-4,16,25,7,23,23,30,5,sil
22.111459255218502,11,2,1,-22,-4,-21,-9,11,25,-6,7,18,21,-7,sil
22.111459255218502,6,0,0,-26,-2,-16,-14,0,4,-19,3,12,10,-7,sil
22.127058744430546,8,5,6,-2,0,0,-1,-12,-14,-19,13,6,0,-2,sil
22.127058744430546,5,15,19,18,5,6,3,-9,-11,-9,6,1,-10,0,sil
22.142929315567017,-2,21,25,18,9,11,6,5,4,5,7,1,-2,4,sil
22.142929315567017,-7,8,17,17,6,19,19,11,6,14,4,-1,-3,6,sil
22.158168077468872,0,-21,-3,4,-5,12,23,7,-2,18,-16,-12,-16,5,sil
22.15856099128723,9,-24,-13,-18,-10,0,11,11,5,24,-12,0,-1,12,sil
22.174093008041385,17,-5,-3,-18,-3,-6,-1,16,19,11,10,23,27,17,sil
22.174093008041385,19,3,1,-2,0,-9,-1,0,5,-12,21,23,28,4,sil
22.1897976398468,14,14,3,5,3,-8,-2,-14,-18,-12,21,8,7,-5,sil
22.1897976398468,9,27,16,15,11,-3,-12,-12,-20,0,12,0,0,-7,sil
22.20587182044983,2,23,19,22,8,-7,-19,-14,-15,-7,2,0,0,-7,sil
22.20587182044983,-3,18,14,21,3,-2,-8,-16,-12,-8,1,0,-4,-4,sil
22.22112250328064,0,15,11,23,13,23,18,0,0,14,9,-2,-1,5,sil
22.22112250328064,0,-1,0,11,13,31,32,15,17,20,4,-3,5,16,sil
22.23718738555908,-10,-22,-28,-19,-4,4,8,12,19,0,-10,-3,6,11,sil
22.23718738555908,-16,-15,-33,-25,-9,-15,-28,-5,7,-16,-11,0,9,-6,sil
22.25279855728149,-3,3,-3,-5,0,-17,-31,-16,-12,-17,0,2,7,-10,sil
22.25279855728149,10,9,12,4,1,-15,-10,-12,-19,-10,6,2,0,-2,sil
22.26794171333313,5,7,7,5,-1,-9,-5,-11,-15,-12,0,0,-10,-3,sil
22.26794171333313,-10,0,3,6,-2,5,-6,-11,-15,-18,-13,-13,-21,-13,sil
22.28520679473877,-24,-12,-3,-5,-7,14,0,-3,-9,-11,-31,-32,-34,-18,sil
22.28520679473877,-29,-26,-19,-15,-11,9,5,0,-2,2,-39,-29,-38,-9,sil
22.29856443405152,-20,-29,-15,-11,-9,10,10,2,0,8,-40,-20,-31,1,sil
22.31425452232361,-17,-23,-4,-11,-10,15,17,10,11,14,-40,-24,-24,0,sil
22.31425452232361,-8,-15,-15,-12,-11,1,15,21,34,21,-22,-16,-9,-2,sil
22.32922649383545,12,-5,-9,-13,0,-11,0,23,33,12,7,18,16,8,sil
22.32922649383545,19,1,3,-13,6,-3,-6,14,11,-2,34,31,33,9,sil
22.34490203857422,11,3,-8,0,-1,-3,-1,-3,1,-5,44,11,38,-5,sil
22.34490203857422,14,15,9,5,-2,-18,-13,-8,-14,-8,34,15,24,0,sil
22.36024475097656,16,32,38,5,15,-10,-23,0,-25,-5,29,32,11,7,sil
22.36024475097656,5,21,6,19,23,4,0,-8,-4,6,34,11,15,-4,sil
22.376133918762207,-2,-2,-2,15,6,2,18,-5,4,5,10,-1,0,-1,sil
22.376133918762207,-1,-4,18,-2,-5,6,21,18,2,14,-12,5,-8,18,sil
22.3911681175232,3,0,0,5,-5,3,18,15,14,34,-1,-1,15,19,sil
22.3911681175232,9,-4,-14,7,-10,-20,-1,0,11,9,7,-1,21,10,sil
22.407249689102173,15,1,8,-11,-9,-23,-17,-1,0,-25,5,17,3,7,sil
22.407249689102173,17,13,18,-9,1,0,-11,-5,-6,-17,0,14,-2,1,sil
22.42283654212952,6,15,10,17,7,8,2,-14,-16,-8,-5,-9,-13,-10,sil
22.42283654212952,-9,11,2,28,8,15,13,-7,-9,-10,-11,-14,-24,-10,sil
22.438056468963623,-14,-1,-9,13,6,28,24,10,11,4,-13,-7,-17,5,sil
22.438056468963623,-5,-12,-15,-2,-5,14,15,16,12,16,-11,0,-2,11,sil
22.454158067703247,4,-5,-12,-10,-9,-15,-14,0,-6,-1,0,6,7,0,sil
22.454158067703247,12,5,-7,-9,0,-18,-26,-16,-19,-23,6,8,12,-9,sil
22.47006797790528,4,10,3,0,10,5,-16,-24,-25,-25,-1,-3,-2,-17,sil
22.47006797790528,-14,7,5,8,15,14,-11,-23,-30,-20,-16,-22,-31,-29,sil
22.484829425811768,-27,0,-3,13,10,6,-8,-12,-17,-4,-21,-25,-32,-26,sil
22.484829425811768,-24,-10,-6,9,4,7,0,0,5,18,-15,-14,-10,-3,sil
22.50044345855713,-10,-20,-6,-9,0,10,11,6,15,21,-12,-9,0,11,sil
22.50044345855713,-1,-15,-5,-17,-3,4,16,9,16,9,-17,-8,3,13,sil
22.516046047210693,5,-5,0,-8,-6,2,14,17,35,17,0,5,23,17,sil
22.516046047210693,9,-4,2,-11,-2,-2,2,16,43,24,26,22,31,19,sil
22.531201362609863,6,-3,0,-17,-3,-15,-10,7,17,7,26,23,18,5,sil
22.531201362609863,13,-2,1,-9,-11,-23,-15,6,4,-4,18,19,23,1,sil
22.547311067581177,12,-5,6,-17,-14,-24,-16,10,7,-3,26,24,27,8,hello
22.547311067581177,-7,0,-1,-14,-1,-20,-9,3,4,2,22,8,8,-6,hello
22.56341361999512,-13,7,0,4,4,-11,0,-7,-9,0,0,-16,-12,-21,hello
22.56341361999512,-4,3,22,6,-3,-2,5,-5,-31,-22,-17,-16,-27,-8,hello
22.578550577163696,-6,0,8,12,-6,11,15,-9,-34,-26,-19,-20,-28,0,hello
22.578550577163696,-8,-2,-8,17,0,21,17,-7,-16,-3,-20,-21,-21,5,hello
22.59389042854309,1,-5,-1,0,0,16,9,9,6,18,-17,-4,-10,12,hello
22.59389042854309,10,-4,-20,-2,-11,-1,0,0,9,14,-3,-8,-6,-2,hello
22.609027862548828,18,8,-13,-2,-17,-16,-20,-15,-20,-26,0,3,-15,-11,hello
22.609027862548828,16,21,4,-8,0,-5,-22,-9,-21,-38,5,22,0,-11,hello
22.624386072158813,0,15,-14,5,19,7,-7,-3,6,-3,19,1,18,-17,hello
22.624386072158813,0,20,11,27,24,13,-1,10,3,5,13,0,0,2,hello
22.639987230300903,3,23,29,38,22,25,17,17,9,16,1,7,0,19,hello
22.639987230300903,-11,-17,-14,7,4,18,27,1,24,32,-10,-10,6,13,hello
22.65564703941345,-12,-36,-10,-32,-10,4,10,5,10,12,-17,-1,1,18,hello
22.65564703941345,1,-9,-2,-14,-1,-1,7,4,11,0,0,11,21,6,hello
22.67130732536316,2,-7,-24,-4,-4,-23,-7,-15,0,-9,7,2,24,-17,hello
22.67130732536316,10,-3,18,-17,-12,-23,-26,-5,-34,-29,0,17,-7,-3,hello
22.68744444847107,16,27,53,14,7,11,-1,1,-29,-13,8,21,-4,12,hello
22.68744444847107,-1,21,17,38,18,17,24,-9,-9,8,0,-7,-3,-1,hello
22.703260898590088,-12,-2,5,17,4,5,29,3,0,19,-6,-6,-10,-3,hello
22.703260898590088,-5,-6,6,6,1,12,27,19,25,43,13,7,17,13,hello
22.718891859054565,-7,-16,-19,-5,-5,5,4,14,35,39,12,-3,25,13,hello
22.718891859054565,-5,-21,-27,-24,-18,-16,-19,3,21,1,0,-4,1,-1,hello
22.734353065490723,6,-3,-9,-28,-14,-30,-30,-3,6,-21,8,13,0,-9,hello
22.734353065490723,9,13,0,-15,-1,-26,-35,-12,0,-18,18,11,4,-10,hello
22.75022339820861,4,16,-9,7,4,-13,-26,-20,-1,-13,15,-10,0,-15,hello
22.75022339820861,1,3,-2,4,1,-11,-18,-17,-23,-24,0,-9,-17,-14,hello
22.76539921760559,-4,0,18,-5,0,0,-12,-7,-42,-20,-17,0,-34,-6,hello
22.76539921760559,-7,6,7,16,13,23,6,-8,-30,-1,-29,-22,-35,-7,hello
22.78117060661316,-8,-1,-2,21,14,28,16,-5,-15,-4,-36,-33,-28,-3,hello
22.78117060661316,-15,-15,-5,-2,3,20,16,10,7,2,-29,-18,-11,4,hello
22.796905517578125,-21,-26,-37,-23,-6,11,19,15,33,24,-20,-30,2,0,hello
22.796905517578125,-20,-32,-42,-46,-16,-5,0,8,17,3,-28,-29,-2,-4,hello
22.812016010284424,-6,-14,-11,-44,-15,-17,-16,12,6,-19,-14,6,11,0,hello
22.812016010284424,14,9,-1,-10,-6,-15,0,16,26,-1,27,32,49,15,hello
22.827221155166622,19,17,2,-4,-4,-14,-2,6,8,0,35,32,42,16,hello
22.827221155166622,10,17,16,-2,-3,-9,-14,-7,-26,-10,14,18,10,-2,hello
22.842395782470703,12,19,26,25,5,0,5,-13,-16,-8,16,8,0,-8,hello
22.85781717300415,17,20,41,42,12,9,26,-6,1,-6,20,14,-12,3,hello
22.85781717300415,9,16,34,39,11,20,23,-3,-4,0,6,13,-21,3,hello
22.85824418067932,4,5,17,27,9,21,18,1,0,15,3,9,-7,2,hello
22.8739025592804,3,-3,11,17,4,14,25,14,24,30,13,8,7,15,hello
22.8739025592804,-7,-5,1,13,-2,10,24,10,29,33,5,-5,5,11,hello
22.88913583755493,-16,-11,-15,1,-8,0,4,3,16,16,-11,-13,0,0,hello
22.90512442588806,-6,-17,-19,-14,-12,-15,-14,9,12,0,-4,-1,5,0,hello
22.90512442588806,4,-6,-10,-19,-13,-19,-26,1,6,2,15,21,22,10,hello
22.92032170295716,15,7,2,-10,-1,-6,-26,-4,0,6,20,28,32,13,hello
22.92032170295716,15,11,7,0,9,-4,-24,-1,2,-8,7,14,16,0,hello
22.93692946434021,3,9,4,1,8,-13,-24,-10,-17,-27,-3,-3,-15,-17,hello
22.93692946434021,0,9,2,7,5,-2,-10,-24,-46,-25,-6,-16,-35,-22,hello
22.93692946434021,-7,6,0,11,11,20,6,-18,-46,-17,-18,-25,-38,-12,hello
22.95287728309632,-12,-6,-7,-1,8,22,13,1,-23,-1,-27,-23,-24,2,hello
22.968115091323853,1,-18,-19,-17,-4,-1,13,9,-2,16,-14,-12,4,13,hello
22.968115091323853,8,-17,-21,-21,-10,-16,6,7,-2,9,-5,-11,11,4,hello
22.98327159881592,2,-11,-22,-18,0,-4,6,8,-1,0,-7,-18,2,-13,hello
22.98327159881592,0,-2,-21,-14,7,-1,1,6,-4,-5,-3,-14,0,-23,hello
22.99839997291565,-8,5,-10,-5,-2,-17,-15,-5,-28,-20,-1,-6,-7,-28,hello
22.99839997291565,-19,11,4,13,-2,-12,-13,-14,-34,-16,7,1,-6,-20,hello
23.014392137527462,-15,12,15,19,13,8,1,-2,-11,10,22,14,10,4,hello
23.014392137527462,-24,0,11,6,5,11,0,-1,-3,18,11,2,5,9,hello
23.02915906906128,-39,-10,0,3,-11,8,0,-17,-10,0,-21,-19,-20,-2,hello
23.02915906906128,-24,-13,-5,-1,-13,13,11,-10,0,-10,-37,-14,-28,4,hello
23.044868230819706,-2,-18,-9,-20,-15,2,9,9,18,-10,-28,-2,-16,13,hello
23.044868230819706,1,-19,-9,-31,-16,-11,-8,14,22,-18,-15,2,-4,8,hello
23.05985641479492,14,-1,4,-15,-3,-4,-13,19,36,-7,6,24,18,14,hello
23.05985641479492,36,21,22,2,8,0,-3,25,58,21,36,46,45,28,hello
0.1533706188201904,5,6,-13,-21,-4,-21,-29,-9,-8,-46,-1,-6,-9,-21,hello
0.1533706188201904,3,22,9,2,14,-10,-36,-21,-26,-48,9,0,-9,-23,hello
0.1688950061798095,10,31,21,26,28,0,-19,-21,-14,-26,16,1,-3,-10,hello
0.1688950061798095,0,26,22,19,30,15,1,-9,-6,-3,9,0,-5,0,hello
0.1841051578521728,-23,4,4,9,22,27,9,-8,-2,16,-1,-14,-9,-5,hello
0.1841051578521728,-25,-10,-9,10,9,20,15,-10,10,28,-12,-31,-14,-12,hello
0.2001841068267822,-19,-11,-8,9,5,14,26,10,27,36,-17,-33,-20,-5,hello
0.2001841068267822,-20,-19,-15,-2,0,9,22,25,35,37,-12,-27,-20,-2,hello
0.2162706851959228,-7,-21,-16,-10,-8,-4,4,16,22,19,-11,-8,-7,7,hello
0.2162706851959228,19,-9,0,-2,-19,-15,1,5,10,9,-7,15,12,29,hello
0.2315020561218261,28,-5,7,-5,-28,-20,-2,2,3,12,3,30,23,42,hello
0.2315020561218261,26,-1,11,-8,-25,-20,-15,8,2,15,11,38,32,39,hello
0.2471110820770263,26,0,13,-5,-24,-22,-14,12,6,14,4,31,36,22,hello
0.2471110820770263,11,-10,4,-20,-37,-23,-11,10,1,2,-4,13,19,4,hello
0.2622408866882324,1,-8,-2,-25,-30,-13,-7,8,0,-8,16,12,16,-1,hello
0.2622408866882324,8,5,1,-12,-9,-2,-3,6,1,-17,35,16,21,-7,hello
0.2783410549163818,3,7,5,-14,-1,-3,-2,-6,-15,-35,16,6,2,-19,hello
0.2783410549163818,-2,7,7,-5,1,-5,-1,-19,-31,-41,4,2,-10,-17,hello
0.2949025630950928,1,16,21,21,12,0,3,-8,-20,-12,20,14,2,0,hello
0.2949025630950928,4,22,29,37,22,15,9,2,6,28,27,14,20,12,hello
0.3093891143798828,0,20,20,38,24,27,7,0,7,31,9,-1,7,5,hello
0.3093891143798828,-13,6,0,33,14,21,3,-13,-14,2,-14,-27,-28,-13,hello
0.3253369331359863,-32,-16,-22,10,1,9,2,-19,-15,-8,-30,-43,-42,-23,hello
0.3253369331359863,-29,-30,-33,-13,0,16,15,0,8,10,-28,-29,-22,-6,hello
0.3410060405731201,-12,-26,-33,-18,2,22,31,13,21,19,-19,-14,-7,5,hello
0.3558969497680664,0,-17,-36,-22,0,0,11,4,2,-9,-26,-12,-11,0,hello
0.3558969497680664,4,-11,-29,-28,0,-28,-30,-3,-20,-36,-27,-1,-7,-14,hello
0.3709912300109863,9,-4,-13,-27,1,-30,-45,-11,-20,-38,-3,14,6,-17,hello
0.3709912300109863,10,4,-5,-25,0,-21,-34,-11,-16,-39,9,15,6,-14,hello
0.3866133689880371,3,11,-6,-16,7,-16,-23,-3,-21,-28,1,1,-7,-21,hello
0.3866133689880371,0,18,6,2,19,-3,-11,-1,-13,-8,1,-4,-14,-19,hello
0.4024229049682617,0,27,37,26,21,16,10,0,8,6,13,0,-5,5,hello
0.4024229049682617,2,26,43,40,19,29,22,4,19,22,20,-4,5,17,hello
0.4180524349212646,1,13,28,34,14,25,17,-3,8,30,12,-3,4,12,hello
0.4180524349212646,0,5,22,33,8,22,21,-5,15,36,12,6,4,17,hello
0.4333977699279785,-1,2,17,34,5,24,31,13,34,43,9,0,5,26,hello
0.4333977699279785,-3,-4,1,19,2,18,30,26,29,32,-9,-9,0,20,hello
0.4489116668701172,-3,-16,-9,-6,-14,-11,13,9,12,9,-22,-6,-2,10,hello
0.4489116668701172,-2,-24,-12,-32,-36,-33,-9,2,4,-4,-22,-2,1,5,hello
0.4641523361206054,-5,-25,-21,-39,-32,-24,-11,13,6,-10,-17,-6,9,1,hello
0.4641523361206054,-1,-17,-23,-37,-19,-15,-1,14,11,-4,-1,1,22,3,hello
0.4802718162536621,6,-4,-10,-32,-18,-18,-8,1,3,2,12,21,29,4,hello
0.4802718162536621,14,2,-1,-17,-15,-15,-17,-8,-12,-11,16,32,17,-2,hello
0.4961864948272705,19,10,4,-2,-4,-12,-14,-7,-18,-24,23,32,8,-4,hello
0.4961864948272705,13,20,5,4,0,-16,-12,-7,-13,-12,28,20,4,-5,hello
0.5118036270141602,8,19,4,10,3,-11,-12,-7,-12,-6,8,3,-8,-14,hello
0.5118036270141602,13,15,16,23,8,8,-9,-4,-15,-7,2,4,-12,-11,hello
0.5278842449188232,7,16,19,28,8,19,-10,-10,-18,-2,17,7,-2,-3,hello
0.5278842449188232,-9,5,2,15,0,15,-13,-15,-21,0,9,-5,-6,-2,hello
0.5430030822753906,-14,-9,-1,8,1,15,7,-15,-15,6,-9,-18,-14,-2,hello
0.5430030822753906,-18,-13,-1,10,6,17,19,-15,-12,7,-19,-30,-21,-6,hello
0.5585160255432129,-23,-12,-8,0,0,16,8,-5,-11,-8,-25,-34,-31,-5,hello
0.5585160255432129,-8,-20,-15,-7,-3,16,15,16,11,-1,-19,-18,-13,8,hello
0.5745418071746826,0,-25,-16,-7,1,14,30,25,36,24,-8,2,5,20,hello
0.5745418071746826,-14,-14,-21,-13,-5,2,16,15,33,20,-13,-2,-2,4,hello
0.5901002883911133,-14,-11,-24,-25,-16,-14,-5,9,18,-5,-21,-14,-8,-11,hello
0.5901002883911133,3,-12,-11,-26,-3,-19,-8,14,16,-8,-12,-2,6,-7,hello
0.6060101985931396,8,0,0,-17,13,-15,-11,7,16,-1,6,11,22,-2,hello
0.6060101985931396,12,9,7,-9,9,-17,-23,-5,0,-13,15,14,24,-5,hello
0.6212549209594727,14,16,18,4,9,-19,-21,-12,-15,-25,23,16,16,-6,hello
0.6212549209594727,9,25,23,19,22,-13,-14,-9,-14,-16,22,11,4,-2,hello
0.637260913848877,9,30,26,24,21,-2,-7,-4,-13,-3,6,0,-1,-2,hello
0.637260913848877,5,27,25,30,20,7,8,-10,-11,0,3,-1,0,-2,hello
0.6531975269317627,-6,17,20,30,26,15,20,-7,-8,-2,4,0,-7,3,hello
0.6531975269317627,-14,3,10,19,24,25,25,4,-3,12,-12,-4,-18,5,hello
0.668778657913208,-19,-11,-7,5,11,29,29,3,2,32,-30,-16,-19,0,hello
0.668778657913208,-20,-18,-19,-4,-4,13,9,0,1,19,-27,-19,-15,0,hello
1.9188227653503416,-5,2,11,33,6,18,10,-5,-12,12,-15,24,-23,4,hello
1.9188227653503416,-7,-2,1,24,2,15,11,-3,12,27,-13,30,-11,1,hello
1.93394136428833,-8,-10,-13,0,-8,19,16,1,21,22,-6,14,-4,0,hello
1.93394136428833,-12,-12,-10,-2,0,30,28,16,28,25,3,8,7,14,hello
1.9493601322174072,-4,-11,0,-6,0,18,15,26,28,24,6,13,12,22,hello
1.9493601322174072,0,-15,-10,-19,-18,-2,-3,11,18,17,6,4,10,10,hello
1.9650468826293943,-1,-18,-19,-21,-18,-9,-14,-6,7,6,0,-5,5,0,hello
1.9650468826293943,5,-9,0,-9,-2,-10,-18,1,8,-2,6,6,10,4,hello
1.9811244010925293,17,3,11,-1,0,-21,-17,14,5,0,40,24,35,15,hello
1.9811244010925293,18,5,3,-10,-11,-27,-22,3,-8,0,43,23,38,12,hello
1.9961285591125488,15,5,3,-19,-9,-24,-25,-12,-16,-15,17,12,17,0,hello
1.9961285591125488,20,13,16,-5,3,-19,-17,-10,-18,-21,11,6,5,-3,hello
2.016598463058472,15,26,22,16,14,-6,-5,-6,-22,-17,16,6,6,-3,hello
2.016598463058472,-1,24,12,19,16,0,0,-16,-22,-21,11,-3,-1,-10,hello
2.027134418487549,-6,13,6,7,17,4,9,-11,-15,-26,-5,-21,-14,-14,hello
2.027134418487549,-6,-1,4,7,25,19,29,0,-5,-5,-23,-32,-14,-15,hello
2.0432169437408447,-23,-23,-9,1,24,23,34,-1,-4,11,-37,-34,-20,-10,hello
2.0432169437408447,-37,-30,-23,-11,8,12,18,0,-6,1,-45,-36,-37,-10,hello
2.0584402084350586,-33,-25,-29,-13,0,6,9,9,7,0,-38,-36,-33,-18,hello
2.073673248291016,-11,-17,-24,-17,0,-2,4,17,20,12,-18,-12,-6,-4,hello
2.073673248291016,5,-8,-14,-21,3,-11,0,15,19,11,-1,13,11,15,hello
2.089296102523804,0,-6,-10,-16,1,-12,-11,3,9,-6,-5,9,5,4,hello
2.089296102523804,6,4,2,-3,-1,-12,-21,-3,0,-22,2,8,0,-6,hello
2.1041934490203857,32,32,26,21,6,-1,-14,-1,-1,-14,25,26,16,8,hello
2.1041934490203857,36,42,38,40,12,19,1,5,0,7,25,27,24,23,hello
2.1205291748046875,9,14,18,34,-3,30,18,6,10,34,11,9,11,20,hello
2.1205291748046875,-14,-22,-18,2,-28,26,22,2,19,38,4,-8,0,7,hello
2.135608196258545,-20,-33,-27,-23,-40,6,9,0,8,13,-4,-16,-4,-1,hello
2.135608196258545,-15,-19,-15,-18,-33,-16,-1,-2,2,-1,-1,-5,4,-1,hello
2.150942802429199,0,-5,-7,-9,-26,-22,-7,-4,7,-1,13,17,18,4,hello
2.150942802429199,16,16,5,-1,-12,-12,-11,-3,1,-2,21,27,17,4,hello
2.166999340057373,18,35,23,18,7,-7,-10,-7,-9,-2,20,19,0,0,hello
2.166999340057373,0,27,25,28,13,0,0,-14,-13,-4,2,0,-25,-7,hello
2.182528495788574,-13,1,1,20,12,16,16,-9,-5,-1,-15,-21,-29,-6,hello
2.182528495788574,-9,-9,-10,0,7,18,16,13,9,16,-12,-7,-4,6,hello
2.198282241821289,3,-5,-2,-15,-5,-15,-14,10,8,8,2,9,12,2,hello
2.198282241821289,6,-4,1,-13,-7,-41,-42,-17,-15,-30,0,-1,-2,-19,hello
2.2138419151306152,4,-3,0,-10,3,-26,-35,-12,-27,-40,0,0,-10,-19,hello
2.2138419151306152,4,0,3,-10,5,-8,-17,-2,-21,-18,10,10,0,-11,hello
2.2292070388793945,1,0,9,2,3,-9,-11,-14,-29,-20,-5,-6,-16,-16,hello
2.2292070388793945,-5,-1,11,16,14,6,10,-2,-22,-16,-25,-18,-27,-1,hello
2.24473524093628,-14,-13,-3,4,19,26,35,19,17,17,-21,-14,-6,19,hello
2.24473524093628,-3,-16,-12,-12,6,18,25,20,37,28,-20,-10,6,20,hello
2.2599246501922607,22,0,-2,-1,2,0,6,15,30,15,-6,1,17,13,hello
2.2599246501922607,20,9,1,0,6,-6,-1,11,16,2,21,15,31,11,hello
2.2751989364624023,0,16,2,-4,10,5,0,-1,5,3,29,16,22,3,hello
2.2751989364624023,-5,21,7,14,19,23,12,-5,-2,12,12,0,2,-5,hello
2.290975332260132,-8,5,4,12,12,27,18,0,-13,12,-6,-14,-9,-4,hello
2.290975332260132,-13,-9,-14,-1,-1,16,9,2,-9,12,-3,-8,2,1,hello
2.306394338607788,-6,-11,-17,-6,-6,-4,-3,9,9,11,19,12,28,11,hello
2.306394338607788,2,-12,-3,-34,-10,-16,-7,9,12,2,26,19,29,6,hello
2.3222687244415283,0,-4,-2,-41,-9,-7,-7,-12,-12,-16,9,0,4,-11,hello
2.3222687244415283,-3,11,5,12,0,5,-3,-20,-29,-28,-9,-15,-19,-11,hello
2.33793306350708,-2,0,11,39,0,7,13,-6,-7,-12,-17,-19,-24,0,hello
2.33793306350708,-10,-24,-5,4,-10,-2,12,-2,10,6,-28,-17,-22,0,hello
2.353515863418579,-13,-22,-15,-10,-14,-12,-6,0,7,1,-31,-10,-17,-4,hello
2.353515863418579,-9,-16,-16,-2,-13,-17,-2,5,13,1,-16,-1,-6,-3,hello
2.3691413402557373,-6,-23,-16,-21,-19,-20,-3,6,17,7,-5,9,3,3,hello
2.3691413402557373,7,-11,-4,-22,-14,-20,-23,-1,10,-2,6,19,11,0,hello
2.3849751949310303,19,13,6,1,-4,-14,-28,-10,3,-12,18,19,9,-14,hello
2.3849751949310303,12,29,12,7,-6,-9,-16,-10,-10,-8,16,19,4,-10,hello
2.400074005126953,11,37,19,12,-1,-3,-12,-11,-23,-10,18,21,5,-1,sil
2.400074005126953,19,44,30,31,14,11,-8,-14,-21,-17,22,16,0,-4,sil
2.4154982566833496,10,38,27,43,19,28,14,-9,-10,2,6,0,-8,3,sil
2.4154982566833496,-10,4,3,24,4,27,31,0,-6,19,-18,-26,-23,9,sil
2.430966854095459,-26,-30,-19,-12,-10,20,20,5,-1,10,-34,-39,-45,-6,sil
2.430966854095459,-23,-34,-25,-24,-10,14,12,14,17,16,-28,-28,-43,-12,sil
2.4460134506225586,-5,-14,-13,-13,-3,2,15,30,30,25,-10,-7,-13,8,sil
2.4460134506225586,13,-2,-3,-6,0,-3,7,34,30,16,8,7,26,20,sil
2.4621400833129883,19,-3,-2,-12,4,-9,-6,18,24,11,24,23,48,20,sil
2.4621400833129883,21,2,8,-9,12,-11,-11,5,7,3,30,32,43,20,sil
2.4778478145599365,20,19,17,7,17,-4,-8,-7,-9,-15,34,18,34,6,sil
2.4778478145599365,11,20,15,13,10,-7,-10,-17,-24,-32,21,2,24,-6,sil
2.4929451942443848,3,10,13,15,7,-13,-9,-17,-30,-26,4,2,8,-4,sil
2.4929451942443848,-5,0,9,13,18,0,0,-17,-27,-10,-7,-3,-6,0,sil
2.508143663406372,-16,-5,-1,2,18,12,6,-13,-29,-15,-28,-21,-26,-5,sil
2.508143663406372,-15,-4,-10,9,11,11,10,-8,-17,-17,-33,-27,-32,-10,sil
2.5235531330108643,-10,-7,-4,8,5,8,2,-2,-2,0,-18,-19,-23,-8,sil
2.5391159057617188,-14,-19,-7,-12,-2,1,-3,-2,-4,8,-17,-17,-18,-6,sil
2.5391159057617188,-17,-28,-22,-18,-6,-6,1,-2,3,11,-19,-17,-10,-3,sil
2.5391159057617188,-12,-25,-19,-16,-4,-5,8,15,28,21,-4,-4,6,4,sil
2.5542221069335938,-7,-16,-13,-22,-9,-7,2,25,33,24,12,6,19,5,sil
2.5703988075256348,-5,-9,-12,-21,-16,-19,-11,12,18,12,15,13,27,0,sil
2.5703988075256348,0,2,-4,-14,-12,-18,-12,2,15,14,17,24,37,3,sil
2.586390972137451,20,16,5,-11,-5,-8,-6,1,15,19,25,31,32,12,sil
2.586390972137451,29,21,17,-7,-12,0,-10,-1,5,2,22,35,11,12,sil
2.602437734603882,14,20,19,2,-18,2,-6,-7,1,-12,17,26,1,-6,sil
2.602437734603882,0,17,7,4,-17,0,-1,-11,-4,-21,10,7,-10,-21,sil
2.618092060089112,0,12,5,6,-15,0,-3,-10,-15,-26,0,-2,-26,-19,sil
2.618092060089112,-4,4,7,18,-10,9,-6,-11,-18,-17,-7,-9,-29,-15,sil
2.618092060089112,-12,2,6,19,0,14,-1,-7,-15,-5,-14,-16,-24,-9,sil
2.634055852890014,-6,3,0,16,7,18,14,-4,-3,1,-14,-19,-20,2,sil
2.634055852890014,2,3,-1,21,6,28,30,0,8,6,-15,-19,-17,13,sil
2.649919271469116,2,6,7,26,16,34,38,18,14,12,-8,-11,-7,19,sil
2.649919271469116,0,-1,1,16,25,24,32,21,16,22,-3,-10,0,16,sil
2.665107727050781,-5,-19,-19,-9,5,-2,-1,2,4,7,-22,-25,-14,6,sil
2.681116104125977,-4,-20,-17,-14,-3,-21,-15,-5,-3,-7,-24,-17,-13,0,sil
2.681116104125977,7,-13,2,-4,3,-20,-5,3,-1,-3,-1,5,12,0,sil
2.69626784324646,9,-12,1,-17,-7,-19,-10,5,-9,-7,2,2,16,-4,sil
2.69626784324646,5,-7,-9,-25,-10,-24,-19,-2,-13,-17,-2,-1,14,-7,sil
2.712376117706299,12,6,3,-6,10,-24,-23,-3,-13,-15,22,21,29,0,sil
2.712376117706299,12,20,23,12,19,-12,-21,-10,-18,-6,46,30,32,3,sil
2.7133657932281494,-6,18,15,11,10,5,-4,-18,-21,-10,22,5,12,-6,sil
2.7278854846954346,-18,5,1,3,3,16,10,-7,-12,-9,-18,-10,-6,-8,sil
2.743959665298462,-7,0,-4,2,4,7,4,0,-3,6,-18,-6,-13,0,sil
2.743959665298462,0,2,-1,0,4,0,0,2,2,17,1,2,-13,7,sil
2.760121583938598,-5,-1,0,1,2,11,10,5,11,19,3,3,-6,7,sil
2.760121583938598,-18,-15,-13,-2,1,13,8,2,13,18,-14,-11,-12,-3,sil
2.760121583938598,-25,-20,-26,-20,-5,-5,-11,-1,4,9,-23,-19,-21,-16,sil
2.7756638526916504,-10,-11,-26,-24,-26,-14,-16,5,7,-1,-6,-4,-4,-12,sil
2.7756638526916504,15,-4,-10,-11,-21,-9,-2,18,24,4,9,17,21,10,sil
2.7908146381378174,29,-1,2,0,13,-6,8,20,41,27,19,28,41,31,sil
2.8068220615386963,23,-2,-1,-2,14,-12,2,11,35,18,18,27,38,28,sil
2.8068220615386963,10,-2,-4,-14,-15,-20,-11,4,3,-24,9,24,9,6,sil
2.822859525680542,10,10,7,-6,-10,-15,-2,-8,-14,-36,20,18,-8,-13,sil
2.822859525680542,15,28,28,14,13,0,10,-11,-13,-24,25,10,-10,-17,sil
2.822859525680542,6,28,32,24,15,19,16,0,-10,-13,10,5,-11,-11,sil
2.838043451309204,-9,8,17,23,2,27,18,-4,-7,5,2,-3,-8,-8,sil
2.853663921356201,-14,0,11,16,-3,23,14,-15,-11,13,0,-19,-7,-6,sil
2.853663921356201,-13,7,7,16,0,17,9,-16,-16,6,-10,-29,-11,-9,sil
2.86860728263855,-16,5,1,14,0,14,0,-15,-21,-1,-21,-36,-19,-12,sil
2.86860728263855,-14,-5,0,8,-8,13,-8,-12,-17,-3,-25,-37,-19,-3,sil
2.884404420852661,-10,-13,-6,2,-6,4,-10,-4,-2,0,-19,-31,-9,2,sil
2.884404420852661,-15,-9,-16,-7,-6,1,-9,2,0,-2,-20,-22,-12,0,sil
2.9000003337860107,-14,-3,-10,-6,-1,10,-2,4,-4,-6,-19,-12,-14,0,sil
2.9000003337860107,-2,-7,-1,-3,1,7,8,4,-1,4,-4,2,0,15,sil
2.9153411388397217,4,-12,-2,-10,-8,-7,10,5,2,14,0,12,5,15,sil
2.9153411388397217,7,-13,-8,-13,-12,-11,3,4,5,12,-8,6,4,6,sil
2.930937528610229,14,-7,-3,-6,-1,-6,1,17,18,11,-4,10,14,14,sil
2.930937528610229,22,0,-1,0,6,-11,5,20,23,3,8,23,23,17,sil
2.946293830871582,11,-9,-12,-9,-2,-21,-4,7,11,-7,0,18,17,2,sil
2.946293830871582,0,-18,-19,-22,-13,-20,-20,11,12,6,-1,9,19,-1,sil
2.962423801422119,8,-8,-12,-13,-2,-17,-12,12,20,22,15,16,24,1,sil
2.962423801422119,18,-1,0,-4,3,-19,-9,-6,-1,-7,17,20,4,-6,sil
2.978037118911743,10,0,0,-6,0,-12,-17,-26,-28,-35,9,11,-10,-16,sil
2.978037118911743,0,9,-1,-5,4,-1,-17,-16,-24,-23,12,8,-5,-13,sil
2.99365234375,0,27,12,1,16,0,-4,0,-5,-10,17,10,0,-8,sil
2.99365234375,6,32,22,8,25,7,6,0,8,-6,17,6,1,-8,sil
3.0093140602111816,1,26,21,14,30,12,7,3,6,-5,13,5,-3,-4,sil
3.0093140602111816,-7,19,15,23,24,3,7,1,0,0,10,0,-8,0,sil
3.024833917617798,-10,2,7,10,14,-1,9,-9,-4,6,9,-7,-1,1,sil
3.024833917617798,-5,-8,5,-6,13,11,14,-3,0,16,3,-4,4,11,sil
3.04032301902771,-1,0,6,19,14,20,12,0,2,12,-7,-5,-7,6,sil
3.04032301902771,-9,4,1,38,0,12,0,-16,-13,-7,-19,-18,-29,-10,sil
3.0558741092681885,-30,-10,-9,9,-10,10,2,-18,-20,-11,-25,-29,-31,-14,sil
3.0558741092681885,-34,-25,-25,-17,-17,13,10,-8,-8,0,-28,-35,-20,-9,sil
3.0710837841033936,-20,-18,-23,-14,-29,14,3,2,-8,4,-24,-22,-12,-3,sil
3.0710837841033936,-7,-5,-7,0,-30,15,6,17,1,18,-4,-3,1,8,sil
3.0862860679626465,3,-2,3,1,-22,3,11,26,23,29,7,3,15,21,sil
3.0862860679626465,17,-1,-2,-4,-24,-9,-2,12,20,15,4,3,16,12,sil
3.102095365524292,12,-7,-12,-11,-22,-12,-16,-2,5,0,-3,-1,12,1,sil
3.102095365524292,0,-11,-10,-20,-15,-18,-16,1,4,1,-6,-3,11,8,sil
3.1175107955932617,9,-4,-7,-23,-10,-16,-9,4,13,7,0,7,17,14,sil
3.1175107955932617,23,-2,-2,-18,-4,-5,-8,9,13,0,8,19,25,12,sil
3.133604049682617,20,2,8,-9,6,-7,-7,16,14,-8,21,29,34,10,sil
3.133604049682617,19,12,11,-2,13,-17,-8,4,11,-6,26,34,29,3,sil
3.149352550506592,15,10,11,-3,13,-10,-7,-9,-7,-13,9,19,2,-8,sil
3.149352550506592,13,11,18,5,17,-1,4,-12,-15,-20,5,5,-7,-16,sil
3.164966106414795,11,24,28,23,21,0,8,-9,-9,-16,12,6,-4,-12,sil
3.164966106414795,0,22,24,29,18,0,3,-10,-15,-17,3,0,-14,-10,sil
3.180018186569214,-13,3,10,23,15,5,4,-20,-21,-20,-5,-13,-29,-11,sil
3.180018186569214,-16,-2,2,14,10,19,10,-17,-21,-6,-17,-22,-36,-9,sil
3.1948015689849854,-16,-3,-3,13,3,29,17,-6,-18,10,-30,-31,-32,-14,sil
3.1948015689849854,-16,-10,-9,6,0,14,15,2,-7,2,-24,-27,-21,-12,sil
3.210460662841797,-14,-7,-7,-1,-1,-1,1,11,6,-7,-11,-9,-10,-1,sil
3.210460662841797,-10,-7,-12,-4,-7,0,1,7,10,7,-13,-5,-5,-1,sil
3.226032257080078,-8,-12,-15,-6,-5,6,13,4,7,22,-13,-10,-6,-3,sil
3.226032257080078,-10,-8,-18,-13,5,4,11,6,9,15,-3,-10,-1,6,sil
3.2416417598724365,-12,-11,-27,-24,-3,-9,-11,-1,-1,-2,-5,-5,-4,8,sil
3.2416417598724365,-8,-7,-16,-12,-12,-12,-18,0,-1,-4,0,8,-1,4,sil
3.256954431533813,0,-7,-2,-10,-1,0,2,15,21,15,26,18,21,17,sil
3.256954431533813,1,-25,-11,-47,-3,-2,1,17,28,19,23,14,30,25,sil
3.271977663040161,11,-17,-10,-34,-8,-17,-17,6,13,6,6,14,25,16,sil
3.271977663040161,28,16,14,24,6,-18,-20,5,4,1,15,22,30,12,sil
3.2879974842071533,24,23,21,32,9,-10,-12,0,-3,6,33,22,23,10,sil
3.2879974842071533,5,13,2,14,-1,-6,-11,-13,-5,6,32,13,12,0,sil
3.304025888442993,2,15,5,18,0,1,-9,-5,-2,-8,16,9,16,0,sil
3.320035457611084,13,15,15,10,3,9,-4,1,-6,-16,2,5,14,-2,sil
3.320035457611084,13,16,10,-1,2,7,-7,-11,-18,-14,1,1,-1,-13,sil
3.320035457611084,5,29,14,15,4,3,-1,-15,-14,-9,6,8,-2,-8,sil
3.3361575603485107,2,18,17,29,3,1,4,-15,-3,0,-1,2,-4,-10,sil
3.3361575603485107,-9,-12,6,4,-8,1,-3,-17,-19,-4,-32,-22,-38,-25,sil
3.3518776893615723,-22,-17,-2,-10,-12,12,2,-3,-14,-6,-45,-31,-43,-12,sil
3.3518776893615723,-7,-11,-6,-4,-8,10,18,19,24,18,-24,-12,0,15,sil
3.3669586181640625,5,-14,-9,-9,-16,-11,1,23,32,22,-1,4,17,10,sil
3.3669586181640625,0,-7,-11,-19,-11,-12,-11,3,4,-10,3,2,-3,-13,sil
3.3822343349456787,-6,8,-2,-14,5,4,7,-3,-15,-37,-2,-8,-17,-18,sil
3.3978095054626465,-6,19,11,7,10,14,31,-2,-11,-24,-7,-17,-19,-9,sil
3.3978095054626465,-9,11,12,21,6,17,34,-5,-7,0,-13,-24,-27,-6,sil
3.3978095054626465,-18,-9,0,6,2,19,22,-5,-10,5,-21,-23,-32,-6,sil
3.413442611694336,-16,-24,-15,-7,1,21,26,0,2,15,-14,-16,-16,3,sil
3.429145812988281,-7,-23,-19,-8,0,17,31,7,24,26,-6,-10,2,19,sil
3.429145812988281,-1,-13,-13,-7,0,2,14,10,23,14,-5,-6,9,14,sil
3.4442951679229736,5,-5,-7,-5,-3,-14,-15,1,3,-3,6,5,14,1,sil
3.4442951679229736,8,0,1,-8,-3,-25,-32,0,-11,-10,21,23,21,6,sil
3.46036958694458,-2,-8,-1,-10,-2,-27,-26,3,-10,-5,18,23,27,10,sil
3.46036958694458,-4,-17,-10,-16,-6,-28,-23,4,-6,-4,6,14,20,6,sil
3.476063966751098,13,-8,-3,-16,-4,-26,-26,2,-3,-1,8,22,15,11,sil
3.476063966751098,22,4,3,2,8,-10,-20,0,10,10,18,24,18,12,sil
3.491163730621338,14,10,4,11,16,1,-12,7,19,19,19,12,15,7,sil
3.491163730621338,8,13,2,1,18,-2,-10,10,15,11,20,9,16,2,sil
3.5062389373779297,13,12,0,-2,13,-13,-17,-2,0,-5,18,11,15,-4,sil
3.5062389373779297,17,9,2,2,11,-8,-18,-14,-15,-10,14,11,8,-9,sil
3.522159576416016,13,11,10,6,17,0,-7,-17,-19,-2,13,11,0,-6,sil
3.522159576416016,0,11,16,7,9,10,2,-11,-12,-8,0,2,-15,-9,sil
3.537872314453125,-9,16,15,15,-3,18,9,-2,-4,-11,-12,-11,-28,-18,sil
3.537872314453125,-7,16,17,24,0,15,12,2,-1,-6,-11,-10,-21,-9,sil
3.553135871887207,-9,10,17,18,-3,16,15,2,-3,-9,-19,-12,-14,-1,sil
3.553135871887207,-15,4,1,4,-19,23,19,-6,-12,-15,-31,-27,-23,-13,sil
3.569185733795166,-13,4,-4,3,-25,22,22,-12,-19,-5,-22,-21,-23,-14,sil
3.569185733795166,-12,1,-1,21,-14,17,23,-3,-2,16,-3,-10,-6,4,sil
3.5848143100738525,-12,-6,-7,21,-5,11,17,6,13,15,-10,-21,-3,8,sil
3.5848143100738525,-13,-12,-15,-2,-5,2,8,10,9,3,-19,-20,-12,-3,sil
3.6003994941711426,-19,-19,-24,-20,-11,-2,6,2,12,11,-10,-10,-9,-1,sil
3.6003994941711426,-13,-22,-19,-20,-13,-7,-2,1,13,11,-9,-7,-6,13,sil
4.0977537631988525,32,27,30,37,22,-3,-5,-4,-4,-15,30,42,23,7,sil
4.0977537631988525,31,27,27,35,20,-16,0,-16,-24,-27,27,17,9,-3,sil
4.113226890563965,13,24,24,22,12,-9,0,-11,-29,-14,6,0,-7,-3,sil
4.113226890563965,-2,15,13,24,17,13,7,-5,-11,10,-2,-7,-12,-7,sil
4.129278659820557,-9,-2,-9,25,16,22,17,-3,8,21,-4,-19,-15,-10,sil
4.129278659820557,-11,-10,-11,1,2,9,5,5,9,16,-18,-20,-28,-3,sil
4.144411325454712,-9,-11,-12,-6,0,5,7,17,24,23,-16,-17,-15,0,sil
4.144411325454712,5,-14,-35,7,8,5,19,10,48,40,9,-10,22,9,sil
4.160178661346436,11,-13,-19,-12,-2,-15,-11,0,17,8,11,17,24,19,sil
4.160178661346436,0,-5,11,-40,-8,-27,-43,-1,-24,-40,0,31,0,6,sil
4.175450801849365,0,2,-6,-16,7,-13,-27,-16,-15,-36,14,6,4,-19,sil
4.175450801849365,0,12,-1,7,11,-7,-13,-25,-19,-19,11,-5,1,-26,sil
4.190959692001343,-17,14,21,3,5,2,-4,-14,-41,-21,-19,-13,-25,-20,sil
4.190959692001343,-29,0,1,2,6,21,22,-15,-34,-16,-29,-32,-43,-14,sil
4.206281900405884,-19,-2,3,8,7,27,26,-13,-20,-5,-19,-26,-39,0,sil
4.206281900405884,-16,6,18,18,10,26,18,-1,-3,11,-13,-15,-17,4,sil
4.222364902496338,-22,-9,-4,6,5,23,17,10,15,24,-16,-16,-6,3,sil
4.222364902496338,-10,-24,-14,-20,-8,7,10,23,26,24,-7,0,0,13,sil
4.237894773483276,4,-21,-7,-28,-11,-13,-3,24,28,10,9,15,23,15,sil
4.237894773483276,6,-19,-10,-33,-14,-29,-20,17,14,-11,7,15,32,6,sil
4.253990173339844,20,-4,0,-25,-14,-26,-20,12,6,-1,11,26,28,5,sil
4.253990173339844,39,12,12,-2,0,-16,-9,6,8,15,30,37,37,11,sil
4.270083427429199,26,12,7,2,1,-15,-8,-1,-3,-4,30,31,29,6,sil
4.270083427429199,10,15,2,0,-1,-12,-12,-11,-12,-22,21,17,11,-6,sil
4.285889387130737,12,27,16,15,1,-1,-10,-13,-8,-14,14,8,4,-7,sil
4.285889387130737,9,27,23,34,4,6,0,-4,-3,1,8,5,4,-1,sil
4.301262140274048,0,11,9,31,1,6,15,-3,-1,10,3,-4,-3,-1,sil
4.301262140274048,-7,5,-3,15,0,9,12,-6,-3,7,-7,-27,-19,-9,sil
4.316900968551636,-21,1,-10,13,-6,18,6,-7,-7,4,-19,-40,-26,-15,sil
4.316900968551636,-29,-13,-10,14,-10,22,12,-2,-1,7,-26,-30,-22,-7,sil
4.332511425018311,-19,-22,-10,5,-12,14,19,4,6,6,-25,-15,-20,7,sil
4.332511425018311,-8,-25,-26,-11,-16,-1,9,4,5,3,-27,-19,-22,8,sil
4.348130464553833,-15,-29,-36,-30,-17,-8,0,7,3,2,-25,-22,-16,-1,sil
4.348130464553833,-17,-25,-22,-26,-1,-1,2,14,20,9,-7,-13,0,-5,sil
4.363321542739868,0,-12,-5,-11,6,-3,-2,12,25,10,0,1,9,4,sil
4.363321542739868,19,1,1,-14,-1,-11,-15,1,7,-5,4,21,20,6,sil
4.379209518432617,18,9,0,-21,-4,-15,-23,-5,-10,-22,13,27,21,-4,sil
4.379209518432617,11,13,5,-11,4,-10,-23,-6,-23,-27,5,14,1,-9,sil
4.394580841064453,16,23,30,18,15,0,-5,-10,-22,-15,6,13,-2,-1,sil
4.394580841064453,22,30,43,34,13,0,6,-8,-15,-3,28,27,8,11,sil
4.41010308265686,18,24,31,22,6,2,4,-3,-15,-6,28,22,5,16,sil
4.41010308265686,5,5,9,10,10,14,8,-7,-7,-2,7,1,0,8,sil
4.425156831741333,-12,-6,3,12,10,16,10,-2,7,18,0,-8,-2,1,sil
4.425156831741333,-13,0,8,19,7,11,12,5,16,25,0,-8,-3,-1,sil
4.44054126739502,-2,-1,3,11,11,13,22,2,18,13,-5,-9,-6,0,sil
4.44054126739502,-11,-22,-15,-15,3,7,19,-1,14,8,-16,-19,-13,-1,sil
4.455945730209351,-25,-33,-35,-35,-11,-9,1,2,14,13,-21,-23,-8,-4,sil
4.455945730209351,-2,-10,-22,-28,-6,-21,-14,10,14,2,-5,4,13,4,sil
4.471437931060791,29,22,1,-6,10,-22,-24,3,3,-11,29,37,35,11,sil
4.471437931060791,20,24,4,0,18,-20,-29,-12,-16,-18,27,24,21,-5,sil
4.487428188323975,-8,12,4,1,16,-4,-16,-16,-24,-24,-6,-9,-11,-18,sil
4.487428188323975,-14,2,3,12,11,17,5,-8,-13,-17,-13,-22,-21,-10,sil
4.502686977386475,-6,-9,-3,10,0,20,11,4,0,4,-6,-15,-8,1,sil
4.502686977386475,-5,-13,-6,-5,-6,2,6,15,17,25,-6,-3,4,7,sil
4.51859450340271,-2,-8,-10,-16,-10,-9,-1,21,28,15,0,5,16,10,sil
4.51859450340271,10,1,-7,-22,-20,-12,-6,20,13,-7,7,13,20,2,sil
4.534179925918579,16,12,6,-9,-22,-17,-10,-2,-19,-18,12,14,7,-17,sil
4.534179925918579,-2,9,12,5,-16,-12,-11,-24,-49,-25,4,1,-18,-24,sil
4.54927921295166,-17,1,6,9,-14,8,0,-16,-43,-11,-13,-13,-25,-8,sil
4.54927921295166,-10,1,5,22,-13,17,14,-1,-15,15,-16,-15,-11,7,sil
4.565333366394043,-6,3,11,40,-3,16,19,-1,1,12,-9,-11,-14,2,sil
4.565333366394043,-13,-4,1,30,7,22,24,-3,10,1,-13,-17,-25,-8,sil
4.580994129180908,-18,-18,-12,1,2,20,19,3,20,17,-15,-21,-17,0,sil
4.580994129180908,-6,-20,-10,-7,-4,3,0,12,32,30,1,-3,5,13,sil
4.596504926681519,11,-13,-4,-1,-4,-11,-10,7,33,19,10,11,16,15,sil
4.596504926681519,17,-8,-1,-9,-4,-14,-4,4,18,3,-1,8,6,12,sil
4.611859083175659,2,-11,-9,-30,-8,-9,-1,7,6,-4,-9,-3,1,12,sil
4.611859083175659,-4,-15,-18,-33,-12,-7,-3,6,0,-11,-10,-3,4,7,sil
4.627879619598389,8,-3,-9,-14,-5,-10,-8,-3,-4,-18,2,12,13,-2,sil
4.627879619598389,19,3,3,-26,0,-8,-7,-3,-2,-14,20,25,21,-1,sil
4.6431286334991455,17,8,10,-47,-3,-4,-6,8,-6,-8,17,20,17,8,sil
4.659230709075928,15,20,16,-6,4,-7,-8,-3,-15,-10,13,14,10,0,sil
4.659230709075928,16,30,24,41,24,-7,-14,-17,-15,-15,21,21,10,-9,sil
4.659230709075928,20,34,25,43,33,3,-3,-5,-8,-2,26,20,16,0,sil
4.675267457962036,10,30,17,36,31,8,2,-2,-5,6,18,0,2,-4,sil
4.675267457962036,-11,14,5,24,15,9,-3,-15,-14,-6,-4,-19,-27,-17,sil
4.691412925720215,-15,6,0,14,9,18,5,-16,-17,-7,-15,-17,-27,-13,sil
4.691412925720215,-3,12,4,27,21,19,16,-7,-13,1,-11,-10,-13,-5,sil
4.7060511112213135,-17,5,0,32,16,15,16,-7,-5,3,-19,-25,-31,-7,sil
4.7060511112213135,-43,-25,-21,5,-2,11,21,-5,7,11,-32,-37,-38,-3,sil
4.72139835357666,-31,-41,-26,-19,-5,2,18,13,27,32,-26,-16,-6,15,sil
4.736886024475098,0,-21,-18,-21,-2,0,8,27,40,31,-11,-1,16,22,sil
4.736886024475098,0,-15,-19,-24,-14,2,4,25,31,3,-8,-6,6,9,sil
4.752160310745239,-2,-25,-17,-29,-18,-9,-2,18,18,0,-3,0,10,2,sil
4.752160310745239,12,-20,-8,-28,-15,-30,-19,11,12,13,11,19,32,10,sil
4.7682530879974365,16,-4,0,-28,-22,-31,-32,4,-2,-4,17,19,28,4,sil
4.7682530879974365,0,-7,-6,-29,-19,-19,-26,-3,-17,-22,15,5,10,-13,sil
4.782924652099609,-2,-15,-8,-30,-10,-15,-16,-7,-20,-17,7,6,3,-14,sil
4.782924652099609,8,0,11,-16,-8,-8,-7,-5,-13,-12,11,16,9,-7,sil
4.798977613449097,8,11,19,9,-3,2,0,-9,-5,-1,28,12,15,-7,sil
4.798977613449097,1,15,21,13,-3,1,-2,-6,-11,0,23,12,8,0,sil
4.814167499542236,10,32,22,23,-2,0,4,-4,-6,0,19,16,12,6,sil
4.814167499542236,12,31,14,35,0,0,5,-9,-2,-3,20,6,8,1,sil
4.8303327560424805,0,12,19,16,1,3,-8,1,-19,-17,-8,1,-22,-1,sil
4.8303327560424805,-7,13,13,20,8,21,5,1,-8,-16,-26,-12,-29,-8,sil
4.846259593963623,0,16,-9,34,8,21,17,-17,5,-2,-16,-27,-19,-12,sil
4.846259593963623,2,13,2,21,1,9,3,-15,-10,3,-10,-6,-22,0,sil
4.861071825027466,-1,9,14,15,8,17,14,-1,-14,4,-23,0,-26,4,sil
4.861071825027466,-6,-6,-14,11,10,30,33,0,-2,-3,-48,-27,-31,-5,sil
4.877117395401001,-10,-20,-32,-4,0,21,22,-2,0,0,-41,-34,-27,-5,sil
4.877117395401001,-9,-16,-9,-3,-1,7,5,4,6,18,-14,-16,-12,4,sil
4.892250061035156,0,-8,4,4,3,1,5,17,20,22,0,-5,2,15,sil
4.892250061035156,6,-8,-5,-9,1,2,13,21,34,24,11,5,19,24,sil
4.907861232757568,0,-10,-13,-26,-3,-3,9,16,34,22,20,17,31,18,sil
4.907861232757568,-8,-21,-19,-25,-7,-22,-11,0,14,3,5,8,17,-1,sil
4.922951459884644,-4,-27,-18,-26,-10,-30,-27,-2,-1,-11,0,5,2,-3,sil
4.922951459884644,12,-3,-1,-19,0,-20,-17,9,11,-7,27,20,18,3,sil
4.938384771347046,13,6,3,-9,7,-20,-14,6,13,-10,33,21,31,-2,sil
4.938384771347046,8,-3,2,-16,1,-24,-26,0,-5,-11,23,18,25,-2,sil
4.954143762588501,14,6,9,-13,5,-14,-21,-5,-5,3,32,23,27,0,sil
4.954143762588501,9,23,12,0,17,-2,-13,-11,-10,-1,19,10,13,-6,sil
4.969314098358154,0,22,12,14,21,3,-11,-13,-27,-16,-1,-3,-7,-7,sil
4.969314098358154,0,19,9,16,21,3,-11,-16,-24,-10,1,0,-8,-6,sil
4.984854698181152,-5,11,8,4,10,2,-11,-18,-19,-13,-2,-5,-9,-14,sil
4.984854698181152,-16,-4,3,7,0,12,5,-8,-18,-15,-15,-24,-15,-19,sil
5.000486373901367,-15,-9,1,16,-2,13,20,2,-9,-4,-18,-21,-16,-9,sil
5.000486373901367,-14,-2,3,5,-9,4,13,0,0,2,-17,-11,-20,-1,sil
5.016051530838013,-19,-5,0,-2,-19,-1,5,-1,-1,0,-15,-15,-18,-1,sil
5.016051530838013,-14,-8,-2,3,-24,-2,6,7,-7,0,-15,-14,-13,0,sil
5.031663179397583,0,0,-1,15,-17,9,17,7,0,16,-10,-7,-5,6,sil
5.031663179397583,7,2,4,20,-7,25,26,5,15,35,-4,1,-1,16,sil
5.046864986419678,4,-6,3,9,-4,25,20,15,22,27,-2,7,-2,19,sil
5.046864986419678,0,-19,-9,-11,-10,9,8,12,16,10,-2,2,-1,13,sil
5.061991691589356,2,-18,-12,-23,-14,-4,1,10,11,4,-9,3,3,8,sil
5.061991691589356,13,-2,-10,-15,-8,-5,2,12,21,6,-6,9,6,4,sil
5.077166318893433,9,2,-11,-8,0,-3,5,9,25,0,-1,2,2,2,sil
5.077166318893433,10,3,-6,-8,0,-12,1,7,8,-7,1,3,8,3,sil
5.092839241027832,24,16,3,2,5,-17,-4,-1,4,-4,16,19,24,1,sil
5.092839241027832,23,23,15,10,11,-12,-14,-8,4,-6,30,25,21,2,sil
5.108320713043213,1,9,5,0,13,-13,-20,-13,-13,-25,22,9,5,-6,sil
5.108320713043213,-7,0,-11,-11,12,-13,-19,-19,-34,-39,10,0,-1,-22,sil
5.123934268951416,0,18,3,3,17,0,-8,-14,-27,-23,10,6,0,-19,sil
5.123934268951416,0,28,19,27,22,10,-1,-15,-14,-6,5,0,-4,-12,sil
5.139092683792114,-20,5,8,18,11,4,-7,-19,-28,-14,-19,-21,-25,-18,sil
5.155183792114258,-36,-22,-10,-2,-3,4,0,-14,-27,-11,-34,-34,-36,-21,sil
5.155183792114258,-27,-25,-13,-7,-9,14,11,-2,-3,3,-32,-25,-25,-5,sil
5.171014070510864,-7,-11,3,-5,-11,18,8,9,7,7,-27,-12,-17,11,sil
5.171014070510864,0,-11,5,-1,-11,11,9,14,14,20,-10,-7,-8,13,sil
5.186346292495728,-2,-16,-1,0,-6,5,12,19,28,41,8,0,7,18,sil
5.186346292495728,4,-3,0,2,2,2,3,16,34,42,22,13,23,24,sil
5.186346292495728,12,2,0,-2,1,-13,-14,0,13,22,28,13,23,12,sil
5.202417612075806,12,3,1,-4,-5,-23,-21,0,-1,10,25,16,19,8,sil
5.218066930770874,12,12,6,6,0,-12,-2,16,19,18,25,21,27,18,sil
5.218066930770874,16,4,1,0,6,-7,5,16,28,10,11,17,27,15,sil
5.2337141036987305,20,-9,-5,-15,3,-7,-2,6,5,-3,0,14,21,1,sil
5.2337141036987305,13,0,-8,-14,1,-1,-1,-3,-6,-8,7,11,20,-1,sil
5.249253034591675,-1,7,-9,-16,3,-2,0,-12,-12,-20,5,-1,5,-7,sil
5.249253034591675,-7,-1,-15,-15,1,-11,-14,-21,-25,-32,-9,-15,-10,-21,sil
5.264842987060547,-4,0,-4,2,1,-8,-12,-5,-23,-24,-9,-13,-15,-12,sil
5.264842987060547,0,14,17,19,6,4,12,16,1,-8,0,-5,-9,0,sil
5.280394077301025,-4,7,9,9,3,3,13,2,3,-7,-9,-5,-13,-10,sil
5.280394077301025,-6,-3,-1,-2,-7,-2,-5,-16,-23,-22,-19,-11,-28,-21,sil
5.29553747177124,0,-1,6,9,-2,12,5,-9,-20,-14,-13,-16,-24,-11,sil
5.29553747177124,-7,-6,9,6,0,19,16,-2,-3,-1,-15,-15,-16,0,sil
5.311325550079346,-19,-8,3,-3,-12,9,2,-12,-8,0,-20,-5,-22,-2,sil
5.311325550079346,-9,4,9,12,-2,14,-1,-10,-11,3,-8,0,-17,-4,sil
5.326825141906738,-5,10,14,22,13,25,9,10,4,5,1,1,-2,4,sil
5.326825141906738,-9,0,-1,7,5,15,16,9,21,12,4,0,9,6,sil
5.341876268386841,-1,-8,-12,-6,-10,-4,8,-3,16,17,-1,-2,11,3,sil
5.341876268386841,0,-10,-7,-9,-11,-3,1,1,5,10,-15,-9,0,3,sil
5.357433319091797,-10,-13,-6,-5,-5,4,14,11,13,9,-14,-9,-1,1,sil
5.357433319091797,0,-10,-7,-8,-8,-3,12,13,21,12,-1,1,3,3,sil
5.372620582580566,12,-3,-11,-15,-15,-16,-15,1,8,0,4,8,2,0,sil
5.372620582580566,0,-8,-22,-21,-19,-25,-31,-6,-5,-9,5,6,-1,-3,sil
5.388321876525879,1,-4,-14,-13,-6,-26,-24,3,-3,-5,13,14,9,3,sil
5.388321876525879,20,13,0,4,9,-16,-14,8,0,-1,26,26,18,4,sil
5.404021501541138,16,16,1,1,2,-6,-12,0,-5,-10,24,25,13,2,sil
5.404021501541138,9,7,-1,-4,-2,-4,-4,-1,1,-2,21,18,26,10,sil
5.419180870056152,12,13,10,12,10,0,-1,4,11,15,29,16,34,14,hello
5.419180870056152,9,28,27,28,21,4,-7,-4,-9,8,28,15,12,3,hello
5.434878587722778,7,26,27,29,19,0,-9,-23,-34,-3,14,4,-6,-1,hello
5.434878587722778,12,13,22,27,13,2,-1,-18,-26,-5,-5,-10,-13,-1,hello
5.450332164764404,0,4,16,29,17,20,16,-1,0,-4,-21,-24,-20,-4,hello
5.450332164764404,-24,-8,0,15,22,28,30,2,7,1,-26,-31,-18,-2,hello
5.465867519378662,-22,-24,-16,-17,9,22,29,9,9,17,-19,-21,-7,7,hello
5.465867519378662,-1,-26,-19,-30,2,11,21,19,27,24,-10,-12,0,10,hello
5.481231451034546,3,-10,-10,-19,7,-1,10,19,26,14,-16,-11,3,9,hello
5.481231451034546,-1,-4,-8,-21,1,-4,0,6,13,3,-10,-6,9,2,hello
5.497175931930542,-12,-21,-23,-42,-17,-13,-18,-10,2,-17,0,-4,3,-14,hello
5.497175931930542,-17,-22,-20,-42,-21,-30,-34,-12,-15,-35,0,0,-7,-22,hello
5.5123610496521,0,4,5,-6,-6,-20,-17,-2,-14,-10,10,17,1,-13,hello
5.5123610496521,12,18,21,14,-2,3,0,2,0,5,16,18,4,-7,hello
5.527871370315552,-1,17,17,17,-7,5,-4,-5,-15,-16,-1,-1,-14,-14,hello
5.527871370315552,-7,14,12,30,-5,6,-1,-12,-25,-18,-8,-7,-20,-9,hello
5.5439043045043945,0,2,16,31,-6,19,17,-2,-5,9,-5,1,-12,6,hello
5.5439043045043945,-6,-13,1,8,-17,16,21,7,10,18,-20,-8,-13,5,hello
5.559378385543823,-12,-21,-22,-14,-23,2,3,9,9,2,-32,-18,-13,-1,hello
5.559378385543823,1,-10,-22,-18,-16,-2,-4,11,9,-2,-12,1,9,2,hello
5.575210571289063,12,0,-10,-12,-12,-15,-7,3,0,-8,8,15,23,1,hello
5.575210571289063,7,11,3,-3,-6,-18,-12,-7,-16,-26,9,1,3,-6,hello
5.591127872467041,1,15,10,16,11,5,6,-13,-10,-13,5,-12,-15,-4,hello
5.591127872467041,-6,0,-4,15,10,12,17,-1,4,13,-1,-8,-9,4,hello
5.606209993362427,-2,-11,-16,-9,-2,-8,0,12,15,11,7,7,14,13,hello
5.606209993362427,20,5,1,-9,11,-15,-15,2,7,-3,30,19,24,12,hello
5.621821880340576,10,14,18,10,22,0,-13,-12,-16,-2,17,9,-6,0,hello
5.621821880340576,-19,-4,0,11,8,14,0,-11,-4,17,-9,-5,-23,-4,hello
5.6372175216674805,-6,-11,-14,-11,-3,1,-1,1,20,18,-3,4,5,7,hello
5.6372175216674805,21,9,3,-17,2,-24,-23,4,2,-7,21,23,24,8,hello
5.653205156326294,5,13,15,3,7,-23,-24,-9,-21,-13,21,6,4,-9,hello
5.653205156326294,-16,2,12,18,3,4,1,-8,-9,7,1,-14,-12,-8,hello
5.668385982513428,-1,7,12,24,4,24,26,7,8,22,0,-8,-3,3,hello
5.668385982513428,10,4,5,14,5,26,27,13,13,27,11,4,7,15,hello
5.684094429016113,4,-9,-2,0,2,15,19,19,21,28,3,5,14,23,hello
5.684094429016113,4,-7,-9,-2,6,1,16,20,28,19,-8,0,16,13,hello
5.699244022369385,9,5,-6,-6,8,-1,9,12,17,0,-5,0,16,5,hello
5.713935613632202,14,8,0,-10,4,0,0,0,11,-9,8,11,24,15,hello
5.713935613632202,20,9,5,-1,1,-12,-12,-6,1,-23,15,25,27,11,hello
5.730226278305054,10,24,15,10,4,-19,-19,-15,-23,-37,10,17,7,-13,hello
5.730226278305054,-12,16,9,11,10,-5,-9,-25,-35,-24,-11,-18,-23,-33,hello
5.745718002319336,-31,-18,-11,-7,0,4,-2,-25,-35,-15,-45,-45,-54,-36,hello
5.745718002319336,-33,-28,-17,-16,-11,13,4,-14,-24,-13,-42,-31,-47,-24,hello
5.760930061340332,-26,-14,-6,0,-1,23,19,2,-5,0,-21,-15,-21,-8,hello
5.760930061340332,-19,-16,-2,1,-2,11,17,11,6,10,-28,-19,-20,-3,hello
5.776290655136108,-11,-21,-14,-12,-17,-9,0,10,12,12,-21,-12,-11,0,hello
5.776290655136108,0,-12,-14,-15,-16,-6,-4,17,21,22,3,6,11,12,hello
5.79199743270874,4,-11,-9,-11,-5,1,-1,17,22,17,6,5,15,12,hello
5.79199743270874,7,-16,-14,-12,-8,-16,-16,3,10,-4,6,2,17,5,hello
5.807579517364502,16,-4,-1,-15,-16,-29,-29,3,2,-3,28,25,30,14,hello
5.807579517364502,23,2,7,-19,-17,-19,-19,0,0,5,34,30,22,6,hello
5.823346376419067,14,3,-2,-15,-13,-11,-17,-12,-13,-16,9,4,-7,-16,hello
5.823346376419067,8,19,6,4,0,-2,-16,-19,-27,-35,1,-2,-17,-24,hello
5.839030742645264,9,28,28,21,9,8,-8,-15,-23,-22,16,10,-8,-13,hello
5.839030742645264,0,22,29,21,7,13,-3,-6,-18,-8,19,13,-9,0,hello
5.854376554489136,-10,17,18,28,14,17,10,-4,-9,0,4,-3,-16,2,hello
5.854376554489136,-13,6,10,23,19,16,24,-4,2,4,-16,-22,-18,1,hello
5.869908094406128,-17,-10,-6,0,7,15,26,1,5,12,-23,-28,-12,4,hello
5.869908094406128,-20,-14,-23,-10,-3,15,20,8,11,20,-15,-24,-1,6,hello
5.885252237319946,-8,0,-14,0,-5,0,10,18,26,20,-7,-4,15,15,hello
5.885252237319946,15,10,5,16,2,-15,9,23,38,17,11,23,38,31,hello
5.900956869125366,29,9,12,11,9,-8,12,21,32,14,31,41,45,33,sil
5.900956869125366,25,6,-1,-3,0,-3,2,9,19,17,27,32,34,13,sil
5.916055202484131,21,8,-10,-2,-8,-10,-11,-7,4,14,15,13,18,-1,sil
5.916055202484131,11,7,3,1,-2,-9,-11,-11,-10,-4,10,8,3,-6,sil
5.931340456008911,-2,-1,7,2,3,-6,-4,-10,-13,-10,8,5,-2,-13,sil
5.931340456008911,-1,-1,2,1,0,-3,0,-11,-17,-6,-2,-1,-11,-9,sil
5.947246551513672,3,9,7,10,4,15,11,-4,-17,-4,-8,-6,-19,-2,sil
5.947246551513672,-10,1,0,13,15,24,15,-3,-8,-2,-18,-22,-24,-15,sil
5.962804317474365,-30,-25,-15,-7,7,9,-1,-14,-18,-13,-42,-38,-38,-28,sil
5.962804317474365,-28,-30,-16,-16,1,2,0,-11,-19,-16,-37,-32,-32,-18,sil
5.97791600227356,-14,-16,-12,-9,11,0,9,12,8,2,-12,-11,-1,5,sil
5.97791600227356,-6,-13,-7,-11,9,-7,-7,25,22,12,-5,1,14,12,sil
5.993245601654053,0,-18,-2,-14,-4,-11,-22,10,16,1,-1,7,16,2,sil
5.993245601654053,10,-15,0,-17,-5,-9,-16,1,7,-10,10,18,16,5,sil
6.009368658065796,12,-4,-1,-23,3,-8,-11,0,-2,-7,14,20,12,5,sil
6.009368658065796,7,7,0,-18,0,-15,-20,-10,-17,-9,8,8,0,-11,sil
6.030306577682495,2,23,16,3,-7,-13,-20,-16,-23,-26,8,6,-6,-15,sil
6.030820608139038,3,30,19,21,0,4,-4,-16,-17,-19,17,9,-6,-3,sil
6.030820608139038,-3,19,10,17,8,15,6,-10,-13,0,8,-2,-13,2,sil
6.040328979492188,-13,4,2,17,-4,12,13,-4,-8,2,-15,-22,-23,0,sil
6.055477380752564,-15,-7,-7,14,-26,3,11,-5,-7,1,-26,-29,-25,-6,sil
6.055477380752564,-5,-6,-7,0,-31,1,6,0,1,15,-12,-17,-9,2,sil
6.071270227432251,5,-4,0,-2,-18,3,9,17,27,24,4,0,14,22,sil
6.071270227432251,0,-12,-10,-10,-19,2,2,25,34,18,1,-2,14,21,sil
6.087259531021118,-1,-13,-26,-21,-20,0,-5,16,13,14,-3,-11,10,3,sil
6.087259531021118,16,2,-7,-13,3,6,0,7,3,4,7,4,25,1,sil
6.101963996887207,25,17,19,7,23,9,8,4,2,-7,20,28,23,1,sil
6.101963996887207,14,26,19,26,21,9,14,-5,0,-1,15,18,1,-9,sil
6.117175817489624,0,18,8,24,14,14,21,-4,5,10,0,0,-13,-2,sil
6.117175817489624,-10,-8,-1,3,7,7,16,5,15,15,-9,-2,-7,7,sil
6.133281469345093,-9,-26,-19,-13,-7,-14,0,5,15,11,-10,0,5,1,sil
6.133281469345093,-2,-16,-17,-17,-10,-25,-9,2,7,-3,3,9,11,2,sil
6.1489105224609375,8,-4,1,-15,2,-22,-6,-4,-1,-16,22,21,14,6,sil
6.1489105224609375,14,1,12,-10,6,-27,-14,-12,-18,-21,17,23,10,-3,sil
6.16451358795166,5,13,17,8,9,-23,-21,-11,-23,-16,15,17,7,-11,sil
6.16451358795166,0,19,23,16,16,-3,-16,-9,-8,-10,34,14,7,-7,sil
6.180168628692627,10,19,30,-2,13,9,-3,-7,-7,-22,20,10,-3,1,sil
6.195730209350586,9,21,21,11,13,17,11,-8,-15,-19,-15,-2,-19,2,sil
6.195730209350586,-6,15,1,41,16,17,9,-6,-15,6,-22,-15,-20,-5,sil
6.195730209350586,-15,0,-4,30,8,11,1,-6,-9,19,-11,-16,-12,-10,sil
6.211053133010864,-20,-15,-11,2,-7,2,-2,-13,-12,7,-19,-24,-15,-10,sil
6.226209878921509,-20,-23,-18,-8,-18,1,-7,-4,-20,0,-33,-27,-23,-7,sil
6.226209878921509,-5,-17,-14,-8,-6,11,2,12,0,16,-17,-14,-1,5,sil
6.24226188659668,0,-19,-18,-16,-3,14,11,20,31,18,-6,-4,14,13,sil
6.24226188659668,-12,-29,-25,-33,-22,0,1,24,34,2,-19,-7,-2,-1,sil
6.257699966430664,-6,-29,-20,-33,-17,-6,0,14,21,1,-23,-16,-14,-9,sil
6.257699966430664,-4,-20,-15,-18,0,0,10,0,9,5,-16,-21,-7,3,sil
6.273268461227417,-9,-12,-22,-7,1,4,10,2,7,7,-11,-15,-1,6,sil
6.273268461227417,0,0,-11,-1,0,0,-1,11,10,9,-2,0,2,4,sil
6.289010763168335,8,17,8,2,7,-7,-16,1,2,-8,8,4,4,1,sil
6.289010763168335,-2,21,2,-4,10,-9,-14,-9,-13,-27,17,3,4,-9,sil
6.304127216339111,4,17,1,-2,9,-1,-3,-1,-12,-16,23,17,11,-1,sil
6.304127216339111,28,24,14,15,8,5,0,1,5,8,31,31,29,14,sil
6.320223569869995,27,25,18,13,0,-6,-9,-2,0,5,32,26,30,10,sil
6.320223569869995,12,11,15,2,-13,-23,-12,-6,-22,-9,26,17,12,0,sil
6.336020469665527,14,7,21,15,-6,-16,-1,-15,-9,-5,20,16,2,1,sil
6.336020469665527,15,16,33,24,1,5,5,-9,14,6,21,22,6,7,sil
6.351245641708374,0,17,25,20,0,11,1,-1,8,12,19,15,5,2,sil
6.351245641708374,-14,3,3,14,0,4,0,-10,-11,1,-2,-7,-8,-7,sil
6.367242336273193,-18,-9,-1,2,0,14,8,-13,-14,-4,-23,-17,-19,-4,sil
6.367242336273193,-17,-21,-5,-12,-11,22,19,-6,-6,1,-27,-17,-22,-2,sil
6.38195276260376,-18,-22,-9,-17,-23,3,14,-2,-14,-6,-35,-23,-27,-8,sil
6.38195276260376,-10,-10,-4,-8,-12,-6,8,7,-9,-5,-28,-24,-13,-4,sil
6.398041725158691,1,-8,-6,-7,0,0,10,18,12,14,-8,-11,3,6,sil
6.398041725158691,8,-12,-7,-13,-2,-3,6,17,19,17,-1,7,5,12,sil
6.413228988647461,16,-4,-5,-13,0,-12,1,11,18,5,7,20,22,11,sil
6.413228988647461,19,0,-11,-17,1,-13,-8,7,15,-7,14,24,28,7,sil
6.428824186325073,7,1,-16,-12,-1,-14,-24,-1,0,-25,3,15,0,-5,sil
6.428824186325073,-1,2,-14,0,0,-14,-27,-11,-15,-31,-2,-2,-17,-19,sil
6.443949699401856,-6,7,-1,4,16,0,-13,-9,-12,-18,5,-9,-8,-24,sil
6.443949699401856,-8,10,4,14,23,7,-6,-9,-11,-8,10,-7,-2,-24,sil
6.460196018218994,-9,4,7,18,9,-1,-14,-10,-18,-5,0,-9,-12,-13,sil
6.460196018218994,-7,3,13,19,4,0,-5,-3,-8,1,-6,-17,-15,0,sil
6.4758265018463135,-4,9,15,30,21,18,11,-1,4,12,-5,-21,-9,6,sil
6.4758265018463135,-2,6,14,22,25,23,16,5,3,21,-2,-10,-4,15,sil
6.490917921066284,-1,0,6,8,13,19,26,14,15,40,1,1,6,23,sil
6.490917921066284,-2,-10,-6,3,5,17,27,16,25,39,-6,-1,4,23,sil
6.506025314331055,-6,-20,-18,-12,2,8,14,11,19,16,-17,-8,-5,7,sil
6.506025314331055,-9,-25,-28,-27,0,-3,6,4,17,3,-15,-9,-2,-7,sil
6.521374702453613,-9,-21,-27,-26,-6,-5,4,8,13,2,-14,-5,4,-1,sil
6.521374702453613,5,-6,-10,-14,-6,1,4,13,14,7,-9,9,15,13,sil
6.536825895309448,22,8,4,-7,-5,-8,0,3,9,1,7,26,23,11,sil
6.536825895309448,21,18,4,1,-12,-23,-14,-4,-9,-12,20,22,15,0,sil
6.55352520942688,13,13,-1,-2,-18,-16,-19,-4,-16,-15,21,9,11,-4,sil
6.55352520942688,4,5,2,-13,-26,-10,-18,-6,-11,-19,17,14,10,-7,sil
6.569056749343872,-2,9,10,-3,-31,-22,-26,-19,-23,-34,22,12,0,-17,sil
6.569056749343872,-3,8,11,-5,-29,-27,-32,-23,-36,-38,20,1,-5,-20,sil
6.584456920623779,0,-1,6,-34,-23,-13,-16,-18,-31,-27,5,-4,-1,-13,sil
6.584456920623779,-1,0,5,-15,-14,-1,5,-23,-27,-19,-5,-9,-5,-7,sil
6.60001540184021,-1,12,18,34,-1,8,8,-10,-21,-12,-7,-6,-16,4,sil
6.60001540184021,-1,18,25,43,19,24,6,4,1,8,2,1,-13,11,sil
6.615933895111084,-6,7,10,25,27,21,6,2,16,20,2,-7,-12,1,sil
6.615933895111084,-8,-1,1,22,16,14,9,1,14,19,-13,-10,-15,-1,sil
6.631116151809692,-3,-7,0,14,8,20,20,9,23,30,-17,1,-3,9,sil
6.631116151809692,0,-12,-4,-7,2,15,18,16,28,29,-5,4,7,17,sil
6.646894454956055,3,-15,-11,-12,0,1,9,19,27,19,0,0,12,13,sil
6.646894454956055,6,-19,-18,-9,11,0,9,17,27,23,1,5,14,14,sil
6.662975311279297,0,-17,-11,-13,18,0,8,13,19,14,-3,12,11,11,sil
6.662975311279297,-3,-6,-7,-9,10,-8,0,4,4,-11,-5,2,8,-3,sil
6.678989171981812,0,4,-2,-2,1,-17,-9,-2,-12,-21,2,0,5,-12,sil
6.678989171981812,5,13,6,5,3,-15,-15,-13,-24,-18,7,2,-5,-16,sil
6.694148778915405,6,18,14,15,9,1,-12,-19,-25,-21,-6,-7,-17,-20,sil
6.694148778915405,0,20,13,22,12,26,6,-4,-15,-9,-18,-16,-19,-11,sil
6.710397958755493,-7,2,-5,15,11,32,25,5,-1,13,-14,-19,-18,-2,sil
6.710397958755493,-6,-17,-18,-9,1,7,17,7,5,12,-16,-17,-18,2,sil
6.726210117340088,6,-6,-1,-19,-7,-18,0,11,11,4,-3,1,4,7,sil
6.726210117340088,9,9,7,-15,-9,-29,-13,3,0,-2,15,10,21,1,sil
6.741933107376099,-6,1,0,-15,-11,-19,-21,-10,-20,-19,9,-7,1,-12,sil
6.741933107376099,-11,-7,0,3,-6,2,-11,-12,-9,-8,3,-15,-6,-3,sil
6.7576422691345215,-4,-10,6,19,-5,8,0,0,10,19,2,-5,3,13,sil
6.7576422691345215,-9,-13,-16,0,-8,0,0,6,8,20,-6,-7,1,10,sil
6.773212194442749,-17,-16,-45,-26,-11,-8,-10,2,0,-1,-8,-10,-2,-5,sil
6.773212194442749,-11,-10,-27,-31,-16,-11,-19,-1,-5,-16,0,7,4,-12,sil
6.788353443145752,5,0,2,-12,-8,-11,-4,0,2,-8,9,26,18,-1,sil
6.788353443145752,12,5,4,-2,1,-9,1,5,12,-8,11,26,21,9,sil
6.804118633270264,12,0,0,-22,-6,-14,-10,2,1,-23,13,21,15,3,sil
6.804118633270264,21,1,16,-33,-10,-14,-8,-5,-10,-15,20,23,15,3,sil
6.820175409317017,25,24,39,6,10,6,8,3,-3,3,25,26,13,20,sil
6.820175409317017,22,36,38,55,28,30,16,4,5,5,22,15,1,13,sil
6.836032390594482,13,22,22,53,20,27,12,-13,1,3,2,0,-12,0,sil
6.836032390594482,0,14,15,37,8,16,9,-18,2,12,-13,-6,-18,0,sil
6.851236581802368,-8,11,12,34,5,16,12,-8,5,17,-6,-9,-10,0,sil
6.851236581802368,-9,0,3,16,1,22,15,1,-2,15,-4,-7,-5,0,sil
6.86634373664856,-14,-9,-13,4,5,21,14,0,-5,12,-15,-18,-13,-1,sil
6.86634373664856,-19,-15,-22,1,4,9,5,-8,-4,5,-29,-37,-29,-11,sil
6.882015466690064,-16,-21,-15,-7,-10,-5,1,-1,-9,7,-29,-31,-25,-11,sil
6.882015466690064,-13,-19,-13,-12,-14,-17,1,7,-6,14,-11,-12,-1,0,sil
6.8981263637542725,-12,-19,-19,-20,-8,-14,-9,4,2,-1,-2,-8,9,2,sil
6.8981263637542725,-7,-21,-23,-25,-9,-10,-17,1,6,-12,-1,-8,5,0,sil
6.913815021514893,0,-16,-23,-28,-20,-26,-17,9,9,-4,-2,-2,3,-4,sil
6.913815021514893,0,-8,-17,-37,-21,-35,-15,13,11,-6,0,6,6,-7,sil
6.930490732192993,2,0,-7,-30,-6,-15,-4,8,7,-11,11,13,12,-6,sil
6.930490732192993,14,13,10,-7,0,-2,5,10,0,-10,23,21,17,0,sil
6.946260452270508,17,13,16,0,0,-1,4,3,0,-12,20,23,17,0,sil
6.946260452270508,5,4,10,-6,3,-1,-9,-9,-11,-19,11,17,4,-11,sil
6.962071895599365,8,19,23,2,8,-6,-13,-8,-18,-11,12,13,-4,-5,sil
6.962071895599365,20,29,37,27,12,-1,0,-7,-4,3,16,8,2,3,sil
6.978167772293091,2,7,20,22,9,15,0,-13,-11,-2,-2,-1,-1,0,sil
6.978167772293091,-18,-12,-1,6,1,19,1,-16,-25,-13,-23,-14,-19,-6,sil
6.994088411331177,-12,-6,-2,8,3,15,13,-14,-16,-10,-23,-19,-20,-2,sil
6.994088411331177,-3,5,5,18,11,20,13,2,1,4,-17,-11,-9,9,sil
7.009119987487793,-4,5,0,26,19,24,15,19,17,35,-5,0,4,13,hello
7.009119987487793,-9,-6,-12,14,21,16,17,20,21,43,-8,-7,2,12,hello
7.024502992630005,-10,-9,-15,0,21,10,9,17,22,23,-9,-11,2,14,hello
7.024502992630005,2,-2,-11,-2,18,4,4,13,30,11,11,7,19,21,hello
7.040132284164429,5,-4,-14,-12,5,-4,0,9,24,2,12,14,17,14,hello
7.040132284164429,0,-9,-22,-27,-3,-17,-7,2,13,-8,-4,-1,3,-1,hello
7.055483102798462,4,0,-12,-19,-6,-21,-13,-1,12,-7,-1,0,1,-2,hello
7.055483102798462,12,3,-2,-8,-12,-19,-13,-9,0,-13,1,3,0,-2,hello
7.071019172668457,6,-4,-12,-16,-21,-23,-21,-19,-23,-37,-17,-13,-13,-17,hello
7.071019172668457,3,6,0,-12,-22,-22,-25,-13,-29,-32,-2,-2,-11,-17,hello
7.086949110031128,12,24,26,23,-15,-5,-9,-9,-15,1,35,20,6,-3,hello
7.101645708084106,15,11,28,33,-13,0,5,-13,-13,5,29,10,4,-2,hello
7.101645708084106,7,1,20,13,-7,0,11,-5,-13,6,18,1,0,-1,hello
7.116846323013306,2,11,17,10,1,10,8,5,0,28,25,8,5,8,hello
7.116846323013306,-10,6,14,14,0,15,6,4,6,21,7,0,-2,3,hello
7.132913827896118,-19,-11,2,9,-1,15,19,-4,8,5,-12,-12,-15,-10,hello
7.132913827896118,-12,-17,-4,-2,0,18,22,0,8,11,-9,-7,-8,-1,hello
7.148051500320435,-8,-13,-5,-11,-8,11,9,7,12,9,-4,0,6,10,hello
7.148051500320435,-12,-17,-15,-15,-15,-7,-2,1,8,-10,-7,-1,6,-2,hello
7.163857936859131,-15,-21,-28,-24,-16,-21,-19,-4,-13,-25,-26,-8,-10,-13,hello
7.163857936859131,-6,-14,-25,-26,-11,-16,-33,-2,-24,-17,-27,-4,-5,-5,hello
7.1793506145477295,15,1,-3,-19,-3,-4,-29,5,-7,-2,6,20,22,9,hello
7.1793506145477295,18,16,9,-11,8,6,-12,10,-4,-6,27,31,20,4,hello
7.194905996322632,-9,13,-1,-1,14,8,-3,-11,-32,-29,0,-5,-18,-23,hello
7.194905996322632,-19,5,0,10,13,0,-2,-22,-45,-35,-32,-36,-43,-31,hello
7.211186647415161,-2,8,13,18,22,4,19,1,-13,-2,-17,-19,-16,-3,hello
7.211596965789795,3,0,10,15,23,19,39,23,19,27,6,-3,8,16,hello
7.226247787475586,7,-8,3,16,13,19,32,22,30,29,-2,-3,3,18,hello
7.226247787475586,9,-3,0,19,9,9,27,16,39,31,-9,0,2,19,hello
7.242316484451294,0,-4,-3,-2,8,5,18,16,38,25,2,2,12,19,hello
7.242316484451294,2,-6,-2,-10,5,0,0,8,31,9,7,1,22,12,hello
7.258401393890381,17,0,-2,3,0,-17,-13,-1,23,7,-1,5,20,2,hello
7.258401393890381,12,1,-5,-2,-3,-20,-13,0,14,5,2,11,11,-1,hello
7.275516271591186,9,4,-7,-14,-3,-17,-11,-6,7,-6,16,11,16,-1,hello
7.275516271591186,13,23,5,-1,0,-21,-22,-17,-13,-26,18,14,12,0,hello
7.275516271591186,7,36,21,16,3,-9,-20,-20,-32,-26,11,10,-6,-5,hello
7.290065765380859,-2,15,18,10,-1,12,-3,-17,-23,-10,0,-4,-19,-5,hello
7.305245876312256,-21,-10,0,-4,-12,13,0,-13,-12,-3,-20,-19,-23,-4,hello
7.305245876312256,-36,-20,-15,-7,-10,11,1,-8,-15,-5,-30,-30,-32,-17,hello
7.32096004486084,-30,-18,-12,-3,-4,20,10,3,-7,3,-25,-30,-35,-17,hello
7.32096004486084,-10,-11,-4,1,0,17,11,15,16,17,-4,-7,-7,0,hello
7.335890769958496,0,-11,-10,-5,1,-4,0,5,17,6,14,15,22,6,hello
7.335890769958496,4,-9,-9,-21,-8,-20,-11,1,1,-3,17,24,24,4,hello
7.351068019866943,17,2,2,-15,-10,-20,-13,13,2,12,24,25,21,6,hello
7.351068019866943,30,9,7,-4,-4,-18,-10,9,5,8,26,22,20,4,hello
7.366735935211182,18,9,1,-3,-7,-14,-15,-8,-5,-11,14,12,12,-6,hello
7.366735935211182,1,13,2,2,-8,-10,-19,-12,-15,-3,16,8,3,-6,hello
7.38260006904602,-1,14,12,14,0,-1,-11,-1,-24,0,15,6,-5,2,hello
7.38260006904602,-1,7,11,21,2,11,2,-4,-19,-9,0,-2,-8,0,hello
7.39740514755249,-4,4,13,26,0,14,8,-5,-8,-8,-9,-6,-9,0,hello
7.39740514755249,-5,6,11,27,0,15,17,-1,-13,-9,-6,-11,-18,1,hello
7.41288161277771,-3,-4,-4,14,0,20,24,0,-11,-5,-16,-20,-23,3,hello
7.41288161277771,1,-13,0,2,3,21,28,11,14,15,-19,-10,-10,16,hello
7.42837929725647,3,-11,3,11,10,18,34,16,34,23,-3,-4,0,18,hello
7.42837929725647,-2,-22,-13,1,4,9,19,3,16,2,-9,-17,-3,3,hello
7.443510293960571,-5,-27,-16,-18,0,-1,1,1,2,0,-18,-7,0,0,hello
7.443510293960571,0,-14,-4,-15,1,-7,0,4,13,11,-3,8,15,7,hello
7.458693027496338,1,-2,-5,-12,-5,-9,-3,6,22,5,7,6,24,5,hello
7.458693027496338,0,0,-10,-21,-12,-9,-13,7,17,5,12,4,29,-2,hello
7.474303245544434,0,-1,-10,-29,-6,-16,-21,0,-1,6,12,9,21,-10,hello
7.474303245544434,-3,11,-2,-27,0,-24,-28,-11,-19,-9,3,8,0,-15,hello
7.490434408187866,-3,25,0,-13,4,-17,-29,-16,-19,-22,-3,1,-11,-18,hello
7.490434408187866,0,18,3,-2,7,-7,-26,-12,-20,-29,-1,-3,-15,-24,hello
7.506090879440308,-5,9,3,5,11,-1,-8,-8,-16,-28,-8,-10,-20,-27,hello
7.506090879440308,-21,11,2,10,13,13,12,-4,-1,-10,-30,-22,-27,-19,hello
7.521168708801269,-19,8,6,5,10,25,15,-1,3,7,-30,-23,-22,-9,hello
7.521168708801269,-6,-4,6,10,1,12,14,-4,-1,13,-7,-12,-8,0,hello
7.536228179931641,1,-6,7,26,-1,5,22,1,-1,18,-3,0,-6,17,hello
7.536228179931641,8,-1,8,32,5,20,27,7,15,34,2,11,6,31,hello
7.552249431610107,12,-9,2,9,4,6,10,10,26,32,11,16,24,29,hello
7.552249431610107,6,-16,-11,-20,-9,-30,-10,17,15,3,-2,8,13,16,hello
7.567384243011475,2,-16,-22,-26,-9,-39,-15,11,8,-17,-1,1,1,1,hello
7.567384243011475,9,-9,-9,-16,3,-16,-15,2,2,-22,28,15,18,2,hello
7.582872629165649,25,10,15,0,12,7,-13,-1,-2,-12,49,33,34,14,hello
7.598290920257568,33,22,18,7,11,8,-10,-9,-8,-8,43,30,18,7,sil
7.598290920257568,17,19,15,8,3,-4,-11,-15,-19,-15,19,15,-3,-8,sil
7.598290920257568,1,19,18,19,0,0,-8,-15,-21,-3,13,7,0,-8,sil
7.61433482170105,0,17,19,25,-13,21,2,-14,-8,10,14,3,0,0,sil
7.61433482170105,-13,5,6,23,-17,33,20,-8,-3,7,-6,-15,-26,-5,sil
7.630348205566406,-26,-11,-13,16,2,30,30,9,-1,8,-29,-34,-35,-8,sil
7.630348205566406,-20,-21,-19,-1,10,19,24,28,13,25,-27,-25,-14,0,sil
7.646249294281006,-10,-24,-15,-16,0,4,18,25,29,35,-14,-9,9,5,sil
7.646249294281006,-3,-21,-15,-21,-3,-10,9,16,23,10,-15,-6,7,6,sil
7.6614038944244385,0,-8,-15,-22,-22,-25,-6,11,10,-14,-18,-7,0,1,sil
7.6614038944244385,2,-6,-2,-22,-51,-37,-26,-3,-3,-16,-15,-3,2,-4,sil
7.676972150802612,-2,-9,5,-21,-38,-30,-37,-20,-29,-24,-6,2,0,-8,sil
7.69233512878418,-12,3,-8,-8,-2,-20,-23,-19,-37,-29,6,0,-9,-13,sil
7.69233512878418,-8,18,-9,9,-3,-21,-7,-9,-26,-17,8,-5,-8,-13,sil
7.707840442657471,-4,15,14,15,-4,-4,1,-11,-15,-4,0,-8,-6,-6,sil
7.707840442657471,-15,-3,9,7,22,16,20,-15,-3,3,-21,-18,-18,-6,sil
7.723267078399658,-15,-23,-18,-10,28,14,25,5,17,12,-29,-16,-12,0,sil
7.723267078399658,8,-14,-16,-15,22,11,12,23,40,17,0,6,26,12,sil
7.739278793334961,27,12,5,-4,26,10,-2,12,26,8,25,27,43,15,sil
7.739278793334961,24,25,10,3,13,-1,-10,-2,0,1,20,30,22,5,sil
7.754791975021362,15,12,1,-1,1,0,-11,-11,-3,0,12,17,6,-4,sil
7.754791975021362,2,0,4,-5,7,15,-9,-11,-7,-12,-2,-3,-9,-11,sil
7.770323038101196,-7,10,9,11,10,9,-5,-10,-24,-20,-18,-14,-25,-11,sil
7.770323038101196,0,16,18,25,5,4,-4,-9,-21,-7,-3,-2,-18,1,sil
7.785878181457519,4,1,24,21,8,18,4,0,-1,8,12,5,-7,10,sil
7.785878181457519,-4,-15,3,8,4,12,14,11,12,15,-5,-4,-10,4,sil
7.801827907562256,0,-11,-11,-6,-4,-6,8,24,23,15,-16,0,-2,8,sil
7.801827907562256,18,1,-1,-5,-1,-9,0,21,29,18,14,23,32,14,sil
7.817210674285889,19,8,2,0,-1,-14,-9,3,10,0,34,24,34,2,sil
7.817210674285889,-1,12,0,2,-5,-16,-17,-10,-18,-26,17,1,-2,-11,sil
7.832241058349609,-14,0,0,12,-1,6,0,-18,-17,-12,6,-16,-14,-6,sil
7.832241058349609,-13,-10,0,12,1,25,23,-5,6,24,10,-15,0,9,sil
7.847834825515747,-7,-8,-6,1,0,17,28,16,30,36,18,0,12,16,sil
7.847834825515747,4,-8,-13,-9,-4,-9,7,14,23,13,19,15,19,8,sil
7.86334228515625,4,0,-5,-16,-12,-28,-19,-6,-7,-14,16,15,11,-5,sil
7.86334228515625,-5,14,1,-1,-6,-13,-20,-19,-25,-24,7,-1,-16,-17,sil
7.879349708557129,-9,4,3,10,1,6,0,-9,-23,-19,-23,-23,-43,-12,sil
7.879349708557129,-11,-18,-5,-2,-4,2,19,5,-8,4,-44,-30,-34,-1,sil
7.8949806690216064,-14,-30,-18,-21,-17,-4,22,12,0,13,-31,-21,-10,0,sil
7.8949806690216064,-15,-23,-15,-21,-14,2,12,14,0,-2,-21,-13,-5,-1,sil
7.9101173877716064,-3,-8,-5,-10,0,4,1,11,7,-1,-18,-10,0,1,sil
7.9101173877716064,11,-4,3,-7,-3,-8,-11,2,3,4,-8,6,15,7,sil
7.924877643585205,14,-2,5,-8,-9,-16,-19,-9,-8,-3,3,19,17,5,sil
7.924877643585205,1,4,-2,-13,-2,-16,-15,-9,-2,-6,6,9,11,-4,sil
7.940932273864746,-4,8,-2,-14,-3,-13,-13,2,8,-4,7,3,11,-6,sil
7.940932273864746,2,9,2,-3,-8,-8,-18,-4,2,-10,9,13,16,-6,sil
7.956588268280029,9,17,3,0,-5,-7,-20,-15,-12,-14,4,14,8,-5,sil
7.956588268280029,5,30,9,10,2,1,-7,-9,-18,-13,1,8,3,0,sil
7.972157955169678,6,27,16,31,8,15,0,-10,-17,-18,-2,3,-1,1,sil
7.972157955169678,5,19,16,34,10,12,-9,-21,-21,-19,-12,2,-16,-6,sil
7.987635850906372,0,15,7,28,16,4,-3,-18,-18,-2,-10,-1,-17,-6,sil
7.987635850906372,0,13,9,28,17,19,13,-1,-1,13,-9,-8,-6,2,sil
8.003502607345581,8,9,19,32,14,35,27,8,13,25,-18,-6,-5,9,sil
8.003502607345581,11,-3,5,24,15,23,28,10,17,30,-22,-5,-9,7,sil
8.01925539970398,-1,-25,-17,-5,8,8,17,12,15,22,-21,-16,-8,2,sil
8.01925539970398,-22,-35,-29,-23,-3,6,13,11,23,14,-22,-24,-6,-1,sil
8.04214358329773,-27,-36,-32,-28,-7,0,11,17,27,11,-20,-20,-5,0,sil
8.04214358329773,-15,-33,-26,-40,-3,-7,1,26,32,8,0,-10,5,1,sil
8.04214358329773,0,-20,-12,-37,0,-15,-10,19,31,4,24,5,22,4,sil
8.051405906677246,11,0,7,-17,2,-23,-15,14,15,1,38,25,22,12,sil
8.066819906234741,20,11,13,-10,2,-18,-11,8,5,3,54,32,19,9,sil
8.066819906234741,18,9,7,-16,-6,-7,-13,-7,-5,-4,58,26,18,-1,sil
8.081992149353027,10,12,12,-4,-5,-7,-9,-15,-22,-14,50,20,9,-3,sil
8.081992149353027,10,20,24,14,8,-9,-1,-14,-27,-10,50,13,0,-4,sil
8.097033262252808,11,19,26,19,9,-1,-1,-10,-26,-13,46,7,-8,-5,sil
8.097033262252808,3,14,20,21,3,6,6,-7,-20,-11,35,0,-12,-3,sil
8.112685441970825,-6,7,13,21,0,8,22,-10,-12,-5,24,-11,-18,-3,sil
8.112685441970825,-13,2,9,22,0,18,21,-10,-10,-11,15,-16,-22,-2,sil
8.128305912017822,-11,-7,-1,20,-2,30,19,-3,-2,-1,11,-14,-15,3,sil
8.128305912017822,-10,-20,-16,-2,-9,14,16,5,7,13,1,-12,-12,12,sil
8.144260168075562,-7,-20,-27,-15,-14,-3,4,6,11,7,-12,-11,-4,5,sil
8.144260168075562,-6,-12,-30,-4,-7,-6,-11,6,11,2,-15,-6,9,-5,sil
8.160433292388916,-7,-6,-23,-11,-13,-12,-21,7,9,8,-13,0,17,-1,sil
8.160433292388916,-7,-9,-24,-28,-28,-25,-29,-1,6,0,-28,-2,13,1,sil
8.176239728927612,-3,-7,-19,-27,-26,-32,-38,-11,-8,-20,-62,-5,5,-5,sil
8.176239728927612,5,13,-2,-3,-5,-18,-28,-18,-20,-22,-73,4,5,-15,sil
8.191840648651123,0,23,5,11,8,2,-9,-12,-19,-12,-86,8,3,-18,sil
8.191840648651123,-12,12,6,2,11,2,-3,-1,-15,-13,-158,-2,-13,-15,sil
8.207024574279785,-2,13,9,-2,12,-12,-6,-6,-14,-21,-186,-10,-15,-12,sil
8.207024574279785,14,18,15,6,13,-12,-8,-9,-15,-23,-165,-2,-1,-2,sil
8.222058773040771,10,14,18,21,12,6,0,1,-3,4,-242,3,4,4,sil
8.222058773040771,0,6,16,24,11,19,16,11,15,38,-197,1,0,4,sil
8.237416744232178,0,-3,11,13,11,20,25,13,20,33,185,-2,-6,5,sil
8.237416744232178,0,-13,4,7,10,21,28,3,12,22,440,-5,-6,10,sil
8.253129482269287,1,-8,4,8,7,25,22,2,14,26,282,0,-4,16,sil
8.253129482269287,5,-1,2,6,7,21,20,18,30,27,137,1,3,17,sil
8.26827359199524,0,-13,-8,-10,-5,2,17,19,31,19,142,-8,1,9,sil
8.26827359199524,-4,-20,-8,-25,-26,-3,6,10,14,9,84,-5,-7,3,sil
8.283925771713257,4,-13,-5,-16,-12,2,6,15,11,1,32,13,5,8,sil
8.283925771713257,10,-6,-9,-13,7,-5,5,15,5,-11,32,19,20,14,sil
8.299103260040283,7,-2,-9,-21,-2,-17,-7,-2,-13,-23,2,16,20,6,sil
8.31435251235962,9,-3,-9,-21,-11,-18,-18,-8,-9,-21,-15,21,23,0,sil
8.31435251235962,15,3,-3,-13,0,-19,-18,1,5,-17,-14,23,21,-1,sil
8.330330848693848,8,19,6,7,13,-11,-10,-3,2,-10,-24,9,7,-11,sil
8.330330848693848,-4,22,19,24,18,1,-6,-14,-11,-3,-37,-1,-4,-18,sil
8.345938682556152,-4,16,17,24,11,0,-7,-18,-22,-8,-48,-3,-14,-8,sil
8.345938682556152,-8,9,2,17,0,-5,-13,-27,-29,-21,-56,-6,-24,-10,sil
8.361373662948608,-24,4,0,8,0,3,-18,-24,-32,-18,-59,-11,-22,-15,sil
8.361373662948608,-21,1,9,9,3,15,-9,-16,-25,-2,-58,-17,-14,-12,sil
8.376889705657959,-5,-4,5,13,2,13,2,-9,-17,-1,-57,-20,-17,-8,sil
8.376889705657959,-4,-12,-7,2,-3,12,9,3,0,2,-52,-13,-15,-1,sil
8.392090559005737,-8,-15,-17,-15,-7,4,7,5,13,16,-46,-13,-2,8,sil
8.392090559005737,-6,-17,-14,-18,-10,-1,2,3,6,13,-44,-21,-8,6,sil
8.408130645751953,-3,-12,-4,-1,-5,14,14,11,5,19,-29,-18,-8,2,sil
8.408130645751953,3,-5,0,2,-2,22,29,19,18,31,-7,-4,7,13,sil
8.42328929901123,10,-1,-4,-7,-1,0,17,21,30,15,-2,2,17,12,sil
8.42328929901123,6,-4,-13,-3,0,-11,-1,14,34,4,-2,4,13,-2,sil
8.438887119293213,1,-6,-13,-2,-3,-5,-5,9,21,11,3,9,7,-1,sil
8.438887119293213,1,-2,-10,-16,-7,-15,-4,0,3,-2,19,11,10,0,sil
8.454029560089111,0,6,-1,-13,-6,-37,-18,-1,-4,-22,32,11,18,0,sil
8.454029560089111,13,19,18,5,-7,-34,-20,6,0,-4,50,30,24,11,sil
8.469208240509033,30,15,19,5,0,-15,-4,1,2,4,62,40,23,15,sil
8.469208240509033,14,2,10,-10,2,-11,-7,-9,-14,-20,51,22,11,0,sil
8.484825611114502,0,15,18,6,3,-14,-11,-12,-24,-22,39,12,7,-5,sil
8.484825611114502,4,28,24,28,6,-3,-1,-15,-21,-9,26,8,-1,-6,sil
8.49989104270935,-3,9,14,14,4,12,3,-14,-27,-15,1,-12,-27,-15,sil
8.49989104270935,-15,0,6,12,3,23,12,-4,-16,-6,-8,-25,-30,-12,sil
8.51596474647522,-7,5,6,26,6,28,22,0,1,9,-5,-17,-20,2,sil
8.51596474647522,-13,-7,-7,13,1,24,12,-1,3,12,-14,-22,-24,2,sil
8.53123140335083,-32,-27,-29,-14,-10,10,-4,3,0,8,-26,-36,-31,-11,sil
8.53123140335083,-26,-20,-25,-17,-12,10,-2,9,8,1,-20,-21,-18,-6,sil
8.547229766845703,-7,-11,-14,-7,-1,20,15,11,26,6,-4,3,5,9,sil
8.547229766845703,0,-16,-16,-18,0,12,12,11,29,11,-4,2,15,12,sil
8.561865329742432,11,-5,-13,-18,-4,-6,-7,-1,6,-8,-4,-3,9,0,sil
8.561865329742432,26,7,-3,-2,0,-13,-14,-12,-9,-15,9,7,17,2,sil
8.577944040298462,20,0,-2,-21,3,-8,-11,-1,-2,1,12,17,30,11,sil
8.577944040298462,9,-7,-4,-43,4,-10,-14,0,5,10,7,8,24,2,sil
8.593081951141357,10,4,9,-9,14,-11,-16,-8,-6,0,4,5,1,-1,sil
8.593081951141357,11,16,21,37,27,4,1,-8,-21,-5,-2,2,-12,-1,sil
8.609132051467896,1,12,17,44,25,10,16,-5,-13,0,-12,-8,-15,-9,sil
8.609132051467896,-13,2,14,24,6,0,11,3,-3,7,-14,-8,-19,-13,sil
8.624825954437256,-18,-7,0,7,-3,6,15,8,-5,6,-14,-3,-17,-9,sil
8.624825954437256,-14,-8,-10,-7,-3,15,18,9,-3,0,-20,-10,-10,0,sil
8.640345335006714,-3,-2,-2,-8,-4,1,6,15,25,18,-9,-2,7,12,sil
8.640345335006714,6,-4,1,-2,-5,-12,-1,17,53,41,9,15,34,14,sil
8.655564308166504,14,1,3,-4,-2,-15,-4,7,36,26,23,26,43,12,sil
8.655564308166504,21,13,12,1,-1,-20,-14,-6,5,-1,28,24,30,11,sil
8.671232223510742,12,8,9,0,-9,-27,-30,-20,-23,-24,13,19,8,1,sil
8.671232223510742,-5,6,2,-5,-14,-25,-33,-28,-46,-41,-1,10,-6,-11,sil
8.686296224594116,-8,16,4,6,-11,-12,-18,-26,-45,-39,0,0,-14,-14,sil
8.686296224594116,-6,13,8,13,-9,6,2,-1,-24,-18,-3,-7,-21,-3,sil
8.701966762542725,-8,-1,0,8,-4,26,23,20,-4,-2,-10,-9,-21,2,sil
8.701966762542725,-6,-6,-7,5,-2,30,32,18,7,-1,-17,-15,-23,0,sil
8.717132091522217,-4,-11,-10,0,-4,22,33,23,30,15,-23,-18,-14,6,sil
8.732820987701416,-3,-30,-31,-21,-8,5,23,29,52,38,-17,-15,9,11,sil
8.732820987701416,-6,-39,-41,-40,-14,-10,-3,11,29,6,-6,-9,6,-6,sil
8.732820987701416,-11,-11,-12,-23,-4,-10,-14,-19,-10,-27,7,0,-8,-23,sil
8.748895168304443,0,15,13,4,8,-6,-12,-29,-25,-21,12,4,-3,-14,sil
8.764093160629272,18,23,18,18,11,-6,-20,-21,-28,-17,7,7,-3,-2,sil
8.764093160629272,15,26,21,32,17,2,-15,-20,-25,-12,14,6,-7,-2,sil
8.7801353931427,-6,17,20,29,18,9,-1,-12,-20,1,6,-5,-6,-2,sil
8.7801353931427,-14,0,1,8,5,7,0,-4,-12,9,-16,-19,-11,-4,sil
8.7801353931427,-8,-9,-7,-3,2,15,4,0,0,5,-15,-15,-14,-2,sil
8.795269250869751,-2,-8,2,-1,8,27,14,10,14,12,1,-3,4,13,sil
8.810872316360474,2,-6,0,4,2,10,14,14,22,29,7,1,26,21,hello
8.810872316360474,0,-10,-12,-8,-14,-16,2,8,20,27,-4,2,14,10,hello
8.825898885726929,-1,-15,-15,-24,-16,-17,-1,8,14,15,-8,0,7,2,hello
8.825898885726929,14,-3,-2,-16,3,-9,-4,10,12,10,17,11,28,10,hello
8.841158151626587,21,14,11,-8,9,-9,-6,12,18,0,38,36,38,15,hello
8.841158151626587,11,5,1,-16,-1,-11,-5,1,9,-18,15,23,16,-1,hello
8.85633635520935,9,-5,-8,-15,-3,-12,-11,-4,-14,-28,-5,1,0,-12,hello
8.85633635520935,16,13,9,6,7,-7,-11,1,-10,-8,22,18,11,2,hello
8.87228798866272,10,29,20,22,13,0,-3,0,2,8,39,23,11,9,hello
8.87228798866272,-7,14,8,16,8,-1,0,-8,-5,2,9,-5,-13,-5,hello
8.887296676635742,-22,-6,-1,10,0,0,10,-9,-6,6,-8,-19,-22,-12,hello
8.887296676635742,-24,-13,-3,11,-8,8,16,-2,-8,13,-24,-19,-27,-5,hello
8.903071165084839,-16,-11,-6,11,-4,16,16,1,-14,2,-44,-27,-41,1,hello
8.903071165084839,0,-13,-12,0,-4,7,16,1,-4,-2,-37,-21,-29,9,hello
8.918933629989624,0,-10,-12,-15,-8,-12,1,1,-4,-16,-17,-3,-11,0,hello
8.918933629989624,-8,1,-7,-10,0,-13,-17,-11,-21,-43,-12,-5,-22,-33,hello
8.933870553970337,-10,7,1,0,6,9,-12,-13,-21,-34,-16,-15,-26,-33,hello
8.933870553970337,-2,3,9,4,-2,24,7,7,10,9,-13,-9,1,1,hello
8.949949502944946,0,-6,0,0,-9,14,10,15,34,32,-4,1,18,11,hello
8.949949502944946,0,-12,-8,-18,-9,-6,-9,9,23,18,2,11,21,2,hello
8.965299367904663,15,2,-1,-14,-3,-15,-20,1,6,3,17,20,35,1,hello
8.965299367904663,26,21,14,4,4,-8,-11,-8,-4,-10,30,21,27,1,hello
8.981022119522095,7,16,19,15,10,4,3,-15,-14,-9,23,13,6,3,hello
8.981022119522095,-5,-2,7,15,13,16,17,-5,1,18,9,4,6,17,hello
8.996057033538818,0,-15,-2,1,3,13,19,17,21,27,7,2,15,28,hello
8.996057033538818,7,-14,-8,-14,-4,-4,1,14,9,-4,17,10,19,13,hello
9.01125454902649,12,1,-4,-10,-3,-19,-20,-7,-6,-24,16,17,16,-4,hello
9.01125454902649,4,13,9,11,0,-10,-14,-10,-5,-4,-1,0,-2,-9,hello
9.027302265167236,-14,0,5,18,0,0,11,-7,-11,2,-19,-30,-25,-15,hello
9.027302265167236,-22,-10,-3,7,-3,4,11,-6,-20,-4,-25,-28,-30,-13,hello
9.043374061584473,-10,-2,-1,9,-5,9,3,1,0,14,-7,-2,-11,9,hello
9.043374061584473,2,-1,0,6,-7,3,4,18,27,32,6,8,9,27,hello
9.059267282485962,13,-5,-4,-11,-6,-5,-1,21,23,11,3,6,13,16,hello
9.059267282485962,14,-1,-12,-20,3,-7,-10,1,8,-6,3,8,10,-4,hello
9.074140548706056,4,4,-15,-23,1,-16,-16,-11,-9,-20,4,8,1,-15,hello
9.074140548706056,-1,10,-6,-13,-6,-19,-18,-14,-29,-38,0,-1,-9,-24,hello
9.089299201965332,-7,7,2,2,-3,0,-18,-20,-39,-40,-5,-13,-22,-33,hello
9.089299201965332,-23,-2,0,0,-1,16,-6,-13,-27,-19,-11,-21,-34,-28,hello
9.104962825775146,-33,-7,-7,-2,-8,12,10,0,-3,3,-16,-30,-38,-16,hello
9.104962825775146,-19,-3,0,6,-7,8,19,8,9,16,-17,-23,-28,0,hello
9.120184183120728,-2,-1,5,15,3,16,28,14,25,30,-5,-1,1,16,hello
9.120184183120728,6,-3,0,4,8,12,34,22,41,45,13,16,32,31,hello
9.135537385940552,20,3,2,-5,6,-4,16,25,37,43,25,31,44,40,hello
9.135537385940552,34,14,7,4,10,-15,-11,7,14,11,21,34,37,27,hello
9.150842189788818,26,15,8,13,15,-14,-21,-5,-12,-23,7,22,23,8,hello
9.150842189788818,16,23,15,11,22,-3,-6,-5,-16,-8,16,18,20,5,hello
9.16625428199768,11,28,16,16,28,1,-2,-15,-9,10,21,10,11,0,hello
9.16625428199768,-4,8,13,22,24,7,-1,-14,-13,-7,-6,-10,-12,-11,hello
9.18222975730896,-16,-14,6,14,11,17,21,3,-1,-2,-19,-22,-17,-4,hello
9.18222975730896,-14,-32,-16,-20,-7,7,18,7,14,7,-18,-23,-16,0,hello
9.197284460067747,-14,-40,-41,-51,-26,-14,-15,-4,2,-22,-25,-22,-23,-19,hello
9.212899923324583,-9,-27,-31,-39,-25,-21,-28,-11,-18,-40,-12,-6,-13,-28,hello
9.212899923324583,4,-5,9,-14,-14,-15,-26,-12,-30,-31,9,19,2,-11,hello
9.228012800216677,9,3,26,0,-8,-5,-25,-16,-25,-25,15,16,2,-2,hello
9.228012800216677,1,9,15,11,-10,5,-12,-5,-15,-18,0,-6,-9,-4,hello
9.243732213974,-10,7,10,20,-13,16,10,6,-1,3,-18,-14,-18,-1,hello
9.243732213974,-18,-6,-3,9,-13,17,21,2,11,25,-19,-14,-11,4,hello
9.25925898551941,-6,-11,-10,1,-12,7,15,9,17,26,-2,-8,1,12,hello
9.25925898551941,5,-1,-10,8,-8,-3,12,15,23,23,8,1,13,12,hello
9.27488374710083,0,-8,-17,-20,-8,-10,2,6,19,19,0,5,17,8,hello
9.27488374710083,0,-5,-15,-41,-4,-6,-13,5,3,2,1,13,18,4,hello
9.290323972702026,13,23,0,6,7,-12,-16,3,-2,-12,21,21,17,0,hello
9.290323972702026,23,43,18,41,13,-20,-8,-1,0,-12,23,17,7,-2,hello
9.306086540222168,20,39,26,28,20,0,5,2,10,0,16,6,1,0,hello
9.306086540222168,4,17,15,17,26,23,19,6,17,12,5,-2,-3,1,hello
9.321301698684692,-12,-6,6,7,3,21,13,0,4,16,-18,-11,-20,-2,sil
9.321301698684692,-20,-21,0,-1,-7,22,16,-5,5,27,-20,-20,-20,-7,sil
9.3367280960083,-13,-25,-16,-4,19,21,24,7,19,31,0,-10,-1,2,sil
9.3367280960083,1,-16,-5,-25,0,0,1,16,0,11,6,19,12,16,sil
9.352264642715454,5,1,7,-15,-55,-16,-17,-5,-21,-6,11,21,18,2,sil
9.352264642715454,0,15,-16,34,-18,-11,-7,-32,-7,-11,35,-8,24,-21,sil
9.367847204208374,6,14,-9,32,55,-4,-12,-27,-15,-33,30,-8,5,-12,sil
9.367847204208374,0,6,26,-7,32,2,-19,-8,-45,-43,-20,1,-31,1,sil
9.38296675682068,-27,-18,-4,-13,-12,2,11,-3,-23,-6,-59,-28,-38,-10,sil
9.38296675682068,-24,-37,-34,-12,-2,-2,28,13,12,12,-55,-38,-25,-8,sil
9.398180484771729,3,-23,-8,-28,0,-1,13,32,16,0,-22,-2,-3,15,sil
9.398180484771729,3,-24,-16,-42,-19,-18,-11,15,8,-3,0,9,16,8,sil
9.414214849472046,-6,-23,-28,-42,-22,-37,-35,-2,-5,-20,0,4,15,-9,sil
9.414214849472046,18,24,7,0,2,-21,-27,-6,-9,-36,19,19,14,-5,sil
9.4302978515625,36,52,32,28,19,-6,-11,-9,-10,-22,41,31,21,5,sil
9.4302978515625,9,26,24,12,9,-3,-15,-11,-17,1,26,17,3,4,sil
9.445838689804075,-7,12,21,20,11,18,0,-11,-4,16,8,-4,-12,0,sil
9.445838689804075,6,18,33,43,23,40,33,0,20,27,8,-2,-1,15,sil
9.461058139801024,8,5,24,28,12,31,36,15,27,32,8,8,8,26,sil
9.461058139801024,-6,-26,-12,-4,-16,6,17,8,22,26,-6,-7,-3,13,sil
9.475749492645264,-7,-35,-26,-20,-30,-4,1,5,22,21,-22,-20,-14,0,sil
9.475749492645264,3,-19,-15,-14,-17,-4,-6,11,23,23,-11,-3,5,0,sil
9.491198301315308,6,-4,-12,-16,-3,-14,-19,7,6,0,2,17,19,-3,sil
9.491198301315308,4,10,-4,-18,-1,-19,-27,-5,-10,-28,8,20,12,-13,sil
9.507274627685549,5,25,3,0,2,-8,-23,-20,-20,-24,9,3,0,-20,sil
9.507274627685549,1,25,4,17,5,0,-12,-19,-33,-23,3,-6,-10,-23,sil
9.523152828216553,-9,14,7,19,4,7,5,-8,-27,-26,3,-6,-17,-20,sil
9.523152828216553,-24,2,9,13,7,19,16,-7,-16,-11,-6,-17,-29,-10,sil
9.538170099258425,-27,0,-2,18,8,21,22,-10,-17,3,-28,-31,-38,-4,sil
9.538170099258425,-20,-2,-13,18,2,18,27,0,0,11,-26,-21,-19,0,sil
9.553945779800417,-14,-18,-10,-7,-4,16,21,17,25,25,-6,-4,2,12,sil
9.553945779800417,-11,-32,-16,-26,-11,1,13,18,30,35,-5,-6,3,13,sil
9.56935739517212,-6,-28,-22,-24,-20,-16,7,15,24,24,-19,-10,8,8,sil
9.56935739517212,11,-9,-6,-17,-15,-12,3,21,23,15,-8,5,30,18,sil
9.585408210754396,34,0,9,-11,-1,-8,0,21,21,14,24,32,48,30,sil
9.585408210754396,37,0,15,-7,0,-23,-10,10,12,0,34,44,40,24,sil
9.60119891166687,33,10,20,0,0,-25,-20,0,0,-13,30,35,30,10,sil
9.601561307907104,30,25,21,7,5,-15,-23,-7,-15,-23,28,20,18,-1,sil
9.616250276565552,11,23,12,3,0,-18,-30,-19,-28,-38,19,8,-6,-23,sil
9.616250276565552,-9,5,-1,-5,-2,-13,-27,-34,-33,-41,1,-9,-28,-38,sil
9.63196873664856,-21,0,-4,-2,2,10,-9,-23,-28,-32,-9,-21,-33,-30,sil
9.63196873664856,-26,6,-5,9,11,27,8,-2,-9,-6,-3,-20,-15,-13,sil
9.647987842559814,-27,-4,-6,20,9,22,16,0,7,22,-4,-16,-9,-3,sil
9.647987842559814,-20,-13,3,22,5,21,14,-1,4,21,-23,-17,-22,4,sil
9.663188934326172,-6,-2,5,12,7,23,11,-3,-4,8,-32,-22,-27,4,sil
9.663188934326172,0,-3,-10,0,2,15,11,0,-6,9,-27,-20,-22,3,sil
9.67834973335266,-2,-18,-19,-1,0,8,17,8,4,9,-9,-4,-10,6,sil
9.693806886672974,2,-17,-16,-9,0,2,7,18,15,2,1,7,3,13,sil
9.693806886672974,17,0,-5,-14,0,-5,-3,26,19,2,0,15,14,17,sil
9.71040415763855,26,9,0,0,0,-21,-9,12,20,-2,12,25,32,7,sil
9.71040415763855,16,17,8,-1,4,-34,-27,-11,-4,-28,32,31,36,-8,sil
9.71040415763855,0,31,23,0,18,-19,-23,-19,-26,-22,29,15,15,-9,sil
9.726093769073486,-5,23,21,21,22,4,5,-13,-15,10,5,-10,-11,0,sil
9.726093769073486,-1,1,3,25,6,4,14,-11,-5,20,-18,-22,-22,2,sil
9.741124629974363,-8,-8,-10,2,-1,0,9,-7,-1,19,-24,-23,-12,0,sil
9.756837844848633,-21,-22,-11,-19,-4,7,17,2,8,23,-17,-17,-4,4,sil
9.756837844848633,-16,-28,-9,-27,-12,7,15,9,13,18,-4,-2,-3,12,sil
9.772563934326172,0,-16,-4,-21,-15,0,7,14,12,11,-2,5,2,15,sil
9.772563934326172,1,-9,2,-17,-17,-2,9,28,26,10,-6,7,13,10,sil
9.772563934326172,3,-7,0,-15,-21,-1,8,20,32,0,13,16,23,-2,sil
9.788127422332764,20,9,5,-2,-10,-6,-12,0,9,-19,30,23,19,-11,sil
9.80336093902588,27,28,23,8,0,-11,-30,-6,-11,-18,23,22,11,-8,sil
9.80336093902588,19,20,15,3,-4,-17,-28,-10,-17,-13,15,15,9,-5,sil
9.819384574890137,7,8,-5,-2,-4,-16,-20,-16,-28,-25,8,1,-2,-17,sil
9.819384574890137,-7,8,-4,14,2,-1,-10,-22,-32,-29,-4,-18,-20,-34,sil
9.835023403167725,-20,2,4,25,0,17,2,-16,-19,-12,-16,-26,-32,-24,sil
9.835023403167725,-16,-5,0,17,0,34,25,0,3,12,-13,-15,-22,2,sil
9.850201845169067,-10,-4,-7,15,8,34,31,2,10,19,-12,-11,-10,6,sil
9.850201845169067,-22,-10,-10,12,2,17,6,-2,-7,1,-22,-21,-16,0,sil
9.866079330444336,-27,-26,-20,-3,-9,10,-4,2,-4,8,-19,-22,-12,5,sil
9.866079330444336,-6,-24,-22,-16,-6,6,9,16,23,31,-5,-5,7,19,sil
9.88134217262268,11,-8,-7,-11,1,-7,13,28,40,26,7,15,26,32,sil
9.88134217262268,23,-7,-1,-10,4,-22,-4,26,35,7,22,29,37,35,sil
9.89686894416809,26,1,0,-17,2,-30,-22,11,15,-3,25,35,33,19,sil
9.89686894416809,17,16,8,-10,3,-26,-25,-9,-9,-14,19,24,19,-5,sil
9.912163257598875,8,17,12,-5,8,-17,-15,-21,-29,-27,13,10,8,-12,sil
9.912163257598875,7,21,15,0,16,-8,-7,-21,-35,-31,4,6,-4,-10,sil
9.9277925491333,0,24,10,12,15,-2,-7,-25,-30,-27,-8,-6,-23,-23,sil
9.9277925491333,-12,6,3,8,0,0,-6,-21,-27,-31,-24,-28,-38,-25,sil
9.94382667541504,-15,-1,3,0,0,11,6,-13,-21,-24,-27,-31,-32,-11,sil
9.94382667541504,-4,6,7,11,11,29,22,-8,-6,3,-21,-22,-24,-4,sil
9.959354400634766,-2,6,10,21,13,34,32,8,6,33,-10,-13,-16,-1,sil
9.959354400634766,-5,-7,0,18,7,22,33,16,14,41,-2,-8,-5,3,sil
9.974886894226074,-9,-22,-13,-1,-3,7,15,14,12,27,-8,-2,-3,7,sil
9.974886894226074,-12,-25,-14,-14,-17,-1,2,17,20,23,-2,3,4,14,sil
9.990311622619627,-4,-16,-11,-13,-16,-9,-1,24,32,29,11,10,21,21,sil
9.990311622619627,6,-8,-8,-12,-6,-16,-8,19,24,16,14,15,31,14,sil
10.006231546401978,11,-3,-5,-9,-1,-17,-13,0,12,0,17,13,32,0,sil
10.006231546401978,14,2,1,-9,-5,-18,-19,-4,7,-5,25,22,27,-5,sil
10.022296905517578,22,14,12,-2,-3,-15,-20,-1,0,-13,32,34,24,-2,sil
10.022296905517578,16,23,19,11,5,-5,-16,-11,-18,-30,25,21,12,-5,sil
10.04410171508789,-8,15,13,16,7,5,-7,-18,-21,-25,-3,-9,-15,-12,sil
10.04410171508789,-22,-3,-6,5,2,12,15,-2,2,8,-28,-28,-24,-9,sil
10.04410171508789,-11,-10,-12,0,-3,11,27,18,25,29,-23,-20,-9,11,sil
10.053807735443115,8,-3,-2,1,0,1,8,15,27,20,5,-1,6,24,sil
10.069038152694702,18,-2,2,-4,2,-13,-9,0,12,-2,22,12,19,12,sil
10.069038152694702,18,5,10,-10,0,-13,-18,-9,-11,-25,13,17,12,-9,sil
10.084221363067629,6,21,12,6,-1,0,-17,-23,-37,-30,-1,0,-16,-23,sil
10.084221363067629,-12,14,2,18,0,16,-5,-26,-48,-25,-22,-25,-44,-20,sil
10.100358486175535,-24,-10,-11,3,-4,22,12,-8,-27,-10,-37,-28,-39,-7,sil
10.100358486175535,-27,-30,-28,-16,-13,12,15,3,1,2,-31,-19,-16,2,sil
10.115949392318726,-22,-31,-31,-28,-14,-1,0,5,2,0,-18,-10,-2,3,sil
10.115949392318726,-7,-20,-18,-24,-6,-5,-6,2,2,0,-8,0,3,-1,sil
10.131181478500366,7,-4,-1,-13,-8,-10,4,12,12,7,-1,13,9,6,sil
10.131181478500366,14,15,13,3,-7,-11,12,17,9,1,10,20,14,10,sil
10.14627242088318,8,24,12,11,5,-4,-1,-5,-7,-8,11,6,5,-8,sil
10.14627242088318,0,11,0,-3,4,-7,-20,-15,-15,-12,-1,-5,-7,-13,sil
10.161905288696287,0,4,0,-5,1,-14,-17,-2,-5,-6,6,1,3,-4,sil
10.161905288696287,3,18,13,14,13,-5,-13,0,-8,0,22,10,9,-10,sil
10.177523374557495,2,29,23,32,24,15,-8,-11,-16,2,15,0,-12,-13,sil
10.177523374557495,0,17,17,38,23,27,14,-9,-2,14,8,-13,-16,1,sil
10.19282054901123,-4,-3,9,27,15,28,33,2,11,28,2,-13,-2,15,sil
10.19282054901123,-5,-23,-3,3,0,21,32,7,21,33,-11,-14,3,12,sil
10.20891499519348,1,-27,-10,-7,-14,4,26,14,42,30,-13,-7,10,18,sil
10.20891499519348,14,-15,-1,-3,-17,-9,20,30,51,30,3,14,25,30,sil
10.224111795425417,13,-16,-7,-12,-13,-18,7,31,32,21,9,17,31,22,sil
10.224111795425417,5,-24,-13,-26,-15,-21,-8,19,17,-1,0,7,19,7,sil
10.24017596244812,14,-1,4,-3,0,-13,-9,14,21,-2,11,19,17,11,sil
10.24017596244812,21,23,17,16,26,-4,-9,1,7,2,30,30,22,14,sil
10.254976511001589,10,12,2,-5,19,-4,-23,-20,-26,-22,16,13,5,-5,sil
10.254976511001589,2,-2,-13,-21,-2,-15,-29,-35,-43,-47,-5,-6,-10,-25,sil
10.271220922470093,3,9,-4,-14,-4,-24,-27,-24,-43,-47,-9,0,-14,-20,sil
10.271220922470093,0,21,6,-10,6,-9,-17,-19,-37,-37,2,9,-13,-13,sil
10.286028623580933,-14,12,1,-4,14,13,-5,-26,-30,-26,2,-12,-19,-22,sil
10.286028623580933,-30,2,-1,11,13,18,3,-19,-26,-8,-14,-30,-27,-28,sil
10.301599502563477,-35,0,-4,18,2,23,11,-7,-14,12,-19,-26,-23,-13,sil
10.317256689071655,-22,-5,-6,10,-5,35,18,1,2,15,-15,-16,-15,0,sil
10.317256689071655,-10,-7,-1,11,-3,32,22,9,13,13,-19,-13,-15,0,sil
10.317256689071655,-12,-12,-2,7,-11,7,21,18,21,20,-21,-14,-16,4,sil
10.332882165908812,-1,-16,-5,-17,-28,-18,11,30,34,25,-3,0,4,19,sil
10.34803819656372,19,-8,-7,-26,-25,-25,-4,29,41,28,18,22,32,18,sil
10.34803819656372,14,-6,-8,-19,-16,-12,-10,12,24,19,9,17,18,6,sil
10.363935232162476,4,-13,-12,-20,-15,-8,0,4,16,-2,-6,2,1,1,sil
10.363935232162476,15,-6,-9,-20,-10,-22,-6,3,15,-15,4,13,17,1,sil
10.379372596740724,22,12,11,-3,-1,-16,-29,-5,-12,-16,14,20,12,-5,sil
10.379372596740724,6,16,17,11,4,-4,-22,-24,-41,-21,2,-4,-16,-18,sil
10.3954017162323,-5,17,9,14,10,-11,-12,-28,-48,-28,-4,-11,-18,-18,sil
10.3954017162323,2,35,23,28,17,0,-7,-15,-41,-21,1,5,-1,-7,sil
10.3954017162323,6,32,32,45,18,26,4,-10,-22,-9,-4,-2,-11,0,sil
10.410880327224731,-8,5,15,33,9,22,10,-5,-5,-4,-17,-17,-21,4,sil
10.42684245109558,-19,-6,-4,10,4,15,16,7,11,13,-4,-12,0,10,sil
10.42684245109558,-11,-5,-7,0,3,20,23,26,25,28,3,-4,10,19,sil
10.42684245109558,2,-12,-8,-1,0,9,24,25,25,23,1,0,5,23,sil
10.442885637283323,0,-22,-20,-4,-2,-4,20,4,15,18,1,0,5,15,sil
10.458776712417604,-6,-21,-17,-8,3,0,18,0,19,24,2,-3,11,11,sil
10.458776712417604,5,-16,-9,-3,7,4,12,10,40,34,9,2,22,11,sil
10.474378824234009,5,-23,-16,-16,0,-12,-3,10,38,22,13,10,23,6,sil
10.474378824234009,-1,-25,-17,-35,-8,-25,-17,8,13,1,7,9,18,-1,sil
10.489904642105104,6,-12,-7,-24,-4,-18,-15,5,0,-8,6,7,18,-10,sil
10.489904642105104,16,0,4,-7,1,-7,-16,-4,-14,-19,12,15,9,-16,sil
10.489904642105104,8,11,5,-6,2,-8,-29,-23,-36,-33,22,17,0,-20,sil
10.505187273025513,5,24,7,-3,2,-10,-34,-32,-37,-38,16,9,0,-16,sil
10.519928693771362,13,31,22,14,9,2,-15,-19,-18,-30,4,4,-8,-6,sil
10.519928693771362,11,30,28,28,14,14,7,-5,-8,-9,5,0,-17,0,sil
10.535094976425173,0,26,27,27,4,8,10,3,-13,2,-1,-1,-19,0,sil
10.535094976425173,-9,17,24,26,0,6,15,-1,-9,-1,-15,-6,-23,0,sil
10.551139116287231,-15,1,4,16,0,20,30,-5,-9,-3,-22,-19,-31,-2,sil
10.551139116287231,-16,-2,-6,2,-2,32,39,12,0,10,-20,-12,-17,3,sil
10.566559314727783,-10,-6,-5,-1,-8,26,32,20,30,32,-10,1,4,18,sil
10.566559314727783,-12,-24,-15,-15,-14,3,11,11,31,28,-21,-16,-9,16,sil
10.582640171051024,-19,-37,-37,-38,-18,-13,-7,-1,6,2,-43,-42,-29,-9,sil
10.582640171051024,-13,-24,-39,-42,-18,-22,-26,-6,0,-12,-30,-23,-7,-18,sil
10.598258018493652,5,-6,-16,-29,-14,-32,-44,-2,-1,-7,5,12,20,-2,hello
10.598258018493652,17,-5,-5,-12,-2,-35,-47,4,-3,-2,20,20,25,0,hello
10.613340616226196,17,1,0,-4,8,-20,-29,10,1,-10,15,20,24,-4,hello
10.613340616226196,18,22,7,2,13,-5,-11,0,-1,-11,25,23,24,-4,hello
10.628844022750854,4,20,6,12,11,-10,-7,-16,-20,-18,15,4,0,-14,hello
10.628844022750854,-17,5,5,17,4,-6,3,-13,-25,-26,-10,-15,-24,-19,hello
10.644270420074465,-13,9,13,29,8,20,29,-2,-3,0,-6,-12,-12,0,hello
10.644270420074465,-2,9,20,38,14,38,36,0,10,28,1,-6,0,16,hello
10.660096168518066,-11,-4,4,22,6,34,25,0,7,14,-18,-15,-7,6,hello
10.660096168518066,-21,-21,-18,-9,-6,19,18,0,2,-4,-29,-12,-11,1,hello
10.67538046836853,-5,-23,-19,-19,-9,7,17,9,2,11,-11,4,-4,16,hello
10.67538046836853,10,-18,-9,-6,-5,0,17,14,14,30,13,6,11,21,hello
10.691047430038452,12,-15,0,-7,-8,-15,-1,12,15,11,26,11,22,15,hello
10.691047430038452,28,1,17,-10,-6,-26,-24,10,8,1,46,43,36,16,hello
10.706238269805908,47,34,37,8,8,-14,-22,1,7,17,66,60,50,25,hello
10.706238269805908,38,51,46,28,14,-4,-12,-7,0,12,56,43,35,21,hello
10.72205662727356,13,30,32,25,1,-9,-15,-13,-18,-4,32,14,3,-3,hello
10.72205662727356,-8,0,10,9,-9,-1,-18,-16,-23,-9,1,-11,-21,-20,hello
10.737672567367554,-17,-8,0,2,-9,22,2,-12,-4,-4,-28,-31,-31,-16,hello
10.737672567367554,-18,-13,-18,-3,-7,16,25,0,10,5,-42,-33,-25,-10,hello
10.753334045410156,-20,-22,-33,-20,-4,-2,25,17,13,3,-42,-27,-15,-12,hello
10.753334045410156,-19,-22,-33,-27,-5,0,14,17,20,-12,-33,-26,-2,-16,hello
10.768875360488892,-12,-12,-26,-29,-12,-4,-6,5,9,-32,-24,-19,1,-23,hello
10.768875360488892,0,7,-7,-12,-3,-20,-25,-8,-24,-39,-15,-4,-8,-23,hello
10.784005880355837,6,21,11,16,15,-8,-16,-25,-34,-28,-11,-7,-23,-12,hello
10.784005880355837,-6,3,9,15,12,13,5,-19,-18,-11,-24,-23,-32,0,hello
10.800193071365356,-24,-16,-9,6,5,19,21,3,4,7,-24,-19,-22,2,hello
10.800193071365356,-12,-19,-17,0,8,11,20,15,22,27,-3,0,-2,11,hello
10.815748691558838,2,-25,-16,-30,2,1,8,18,26,33,2,5,9,23,hello
10.815748691558838,2,-29,-23,-45,0,-6,-3,20,24,16,-1,6,15,17,hello
10.830897331237791,12,0,-10,-6,8,-7,-17,15,7,-8,12,24,21,6,hello
10.830897331237791,24,35,11,29,18,-8,-17,-4,-14,-19,34,32,25,0,hello
10.846670150756836,8,34,17,20,20,-17,-12,-20,-23,-16,28,13,9,-8,hello
10.846670150756836,-5,24,18,11,16,-10,-16,-15,-19,-13,18,1,-7,-9,hello
10.862516164779665,0,24,19,29,9,10,-7,-13,-14,1,15,0,-4,-4,hello
10.862516164779665,-9,6,12,28,0,25,14,-8,-4,24,-4,-9,-5,-1,hello
10.87860918045044,-24,-18,-5,-1,-10,27,20,-5,5,31,-20,-21,-10,-2,hello
10.87860918045044,-14,-26,-11,-20,-22,10,3,-7,1,16,-14,-15,-6,2,hello
10.894171237945557,8,-15,4,-12,-28,-8,0,0,4,12,-2,5,7,13,hello
10.894171237945557,21,-8,8,-7,-22,-14,0,12,22,18,10,19,22,16,hello
10.910287618637083,22,-3,2,-22,-18,-18,-14,19,18,3,19,27,25,10,hello
10.910287618637083,20,10,10,-16,-13,-21,-19,12,0,-10,24,32,23,4,hello
10.926171779632568,14,16,12,-2,-5,-11,-5,0,-16,-19,21,15,10,-3,hello
10.926171779632568,0,5,4,-6,-6,-5,-2,-4,-30,-36,5,-10,-16,-20,hello
10.94189190864563,-15,-1,-3,0,-7,-9,-6,-10,-32,-44,-10,-24,-29,-35,hello
10.94189190864563,-23,3,-1,15,0,-2,5,-7,-23,-26,-22,-27,-27,-20,hello
10.957077741622925,-12,5,3,17,0,16,26,5,2,10,-22,-23,-17,10,hello
10.957077741622925,3,-5,0,18,2,26,34,13,31,35,-12,-9,-3,26,hello
10.97307014465332,0,-7,-1,22,15,24,28,14,39,31,-10,2,1,26,hello
10.97307014465332,0,-1,-4,14,19,18,18,10,42,27,-6,2,9,18,hello
10.98829460144043,8,-3,-9,0,6,4,1,10,35,22,3,3,22,10,hello
10.98829460144043,13,0,-8,1,2,-10,-16,8,12,3,15,17,29,1,hello
11.003859043121338,14,8,-2,-2,5,-27,-32,-10,-9,-20,24,28,21,-6,hello
11.003859043121338,16,12,7,-9,0,-30,-38,-24,-25,-43,23,21,5,-7,hello
11.019338369369509,3,13,6,0,4,-9,-20,-20,-25,-34,18,5,-3,-6,hello
11.019338369369509,-15,12,5,15,21,10,1,-9,-15,-3,3,-8,-14,-5,hello
11.035415887832642,-17,4,11,14,20,23,17,-3,-4,20,-5,-13,-18,-1,hello
11.035415887832642,-10,-9,2,4,2,27,27,-2,0,32,-11,-14,-18,3,hello
11.0509352684021,-14,-22,-12,-14,-9,14,20,5,2,23,-27,-15,-23,2,hello
11.0509352684021,-6,-23,-16,-20,-8,0,5,11,8,6,-26,-6,-10,0,hello
11.066217422485352,8,-20,-17,-24,-8,-11,-7,11,9,2,-10,9,15,1,hello
11.082186222076416,9,-14,-15,-35,-15,-24,-19,6,1,0,-2,12,23,-1,hello
11.082186222076416,9,0,-4,-25,-11,-28,-24,0,-6,-16,8,3,14,-11,hello
11.082186222076416,14,18,6,0,1,-14,-18,-6,-18,-34,15,1,4,-13,hello
11.097562313079834,0,21,2,13,10,0,-12,-22,-26,-33,0,-11,-10,-17,hello
11.097562313079834,-20,6,-1,8,8,5,-2,-19,-18,-15,-22,-33,-25,-19,hello
11.11352515220642,-25,-9,-5,0,7,18,19,2,1,10,-23,-36,-25,-10,sil
11.11352515220642,-28,-24,-22,-10,7,35,36,6,13,28,-21,-31,-16,-3,sil
11.12905764579773,-25,-28,-25,-20,-7,18,23,9,17,27,-26,-22,-11,0,sil
11.12905764579773,-3,-12,-12,-30,-21,-19,-3,17,15,13,-3,-1,8,1,sil
11.14496111869812,15,12,2,-24,-9,-28,-23,2,-4,-11,22,19,16,0,sil
11.14496111869812,18,34,32,21,8,0,-13,-7,-17,-19,20,24,-3,1,sil
11.160048246383669,7,27,41,55,6,22,13,1,4,4,12,12,-9,12,sil
11.160048246383669,-5,-5,12,20,-8,11,17,12,18,14,0,7,3,19,sil
11.176643371582031,0,-13,-5,-13,-7,-12,-5,8,13,0,1,20,15,9,sil
11.176643371582031,21,16,11,5,0,-25,-26,-4,-1,-15,24,33,19,1,sil
11.191172122955322,24,34,35,35,6,-10,-19,-8,-19,-17,37,32,13,6,sil
11.206706523895264,20,24,35,52,15,20,17,-1,-8,7,24,18,4,16,sil
11.206706523895264,17,1,12,32,5,25,30,9,19,27,9,7,9,27,sil
11.221892833709717,11,-15,-8,-12,-24,-6,3,7,16,12,12,10,30,21,sil
11.221892833709717,12,-6,-10,-19,-23,-27,-15,-1,-3,-6,21,16,32,3,sil
11.237035989761353,12,15,4,6,13,-7,-3,-8,-7,-5,16,6,4,-1,sil
11.237035989761353,-12,4,0,7,25,16,7,-17,-10,-9,-11,-18,-22,-6,sil
11.252278566360474,-37,-20,-18,-9,1,17,2,-14,-22,-15,-37,-34,-33,-20,sil
11.252278566360474,-32,-23,-18,-3,-4,14,5,0,-5,6,-31,-31,-23,-18,sil
11.268355369567873,-17,-22,-17,-7,0,11,14,8,22,24,-22,-20,-7,-3,sil
11.268355369567873,-4,-22,-20,-32,-9,1,8,13,29,14,-22,-8,2,2,sil
11.284034252166748,8,-8,-20,-32,-12,-19,-10,13,20,5,-5,3,17,2,sil
11.284034252166748,12,2,-13,-21,-13,-40,-32,0,-2,-4,7,12,16,-2,sil
11.29910683631897,17,8,0,-13,-9,-30,-32,-8,-21,-17,10,16,5,-13,sil
11.29910683631897,17,16,14,3,10,-1,-11,-9,-12,-14,20,13,3,-13,sil
11.31474757194519,0,24,22,20,18,11,-8,-10,-7,-6,20,8,-6,-6,sil
11.31474757194519,-8,21,18,30,7,17,-4,-16,-16,-2,2,-2,-21,-7,sil
11.3303484916687,-8,0,5,19,4,26,19,-6,-12,-1,-17,-15,-17,-4,sil
11.3303484916687,-17,-17,-9,-3,5,25,38,13,10,1,-26,-24,-14,0,sil
11.34595227241516,-18,-20,-19,-11,2,15,31,15,24,10,-30,-27,-20,0,sil
11.34595227241516,-6,-15,-12,-9,3,3,16,12,19,17,-27,-17,-14,0,sil
11.361108779907228,-8,-22,-18,-21,0,-13,8,7,13,18,-22,-13,-5,-3,sil
11.361108779907228,-20,-35,-40,-44,-15,-32,-12,4,1,-3,-26,-22,-9,-12,sil
11.377086400985718,-7,-14,-27,-40,-10,-37,-30,1,-12,-23,-3,-2,11,-5,sil
11.377086400985718,17,26,14,3,13,-14,-18,-4,-14,-13,40,31,35,10,sil
11.391968727111816,20,38,37,37,23,16,1,-3,-10,-4,43,25,17,14,sil
11.391968727111816,6,30,28,34,21,26,4,1,-4,-4,22,7,1,6,sil
11.408073425292969,5,29,26,28,16,12,-5,0,-7,-1,19,10,2,7,sil
11.408073425292969,11,27,33,38,10,10,-2,-10,-14,0,12,2,-3,13,sil
11.424190282821655,0,5,11,28,8,19,11,-15,-13,-2,1,-14,-7,9,sil
11.424190282821655,-10,-24,-19,-7,-3,10,13,-5,-2,6,-8,-10,-3,5,sil
11.440274953842165,-3,-39,-25,-24,-25,-8,2,3,11,17,-12,-3,-2,3,sil
11.440274953842165,3,-28,-12,-23,-33,-17,-7,5,11,5,-10,0,-2,0,sil
11.456591606140137,8,-11,-3,-20,-28,-19,-12,10,11,-5,0,16,8,1,sil
11.456591606140137,22,-1,-1,-11,-26,-24,-12,7,12,-2,13,33,30,3,sil
11.47216510772705,21,9,9,-7,-24,-20,-16,-1,-6,-14,8,34,26,-4,sil
11.47216510772705,9,22,21,-3,-10,-8,-12,-10,-28,-29,2,22,0,-15,sil
11.488211631774902,-7,22,18,7,2,1,-1,-11,-24,-20,3,3,-17,-21,sil
11.488211631774902,-20,15,15,24,12,17,6,-3,-7,1,4,-8,-11,-14,sil
11.50392746925354,-11,11,16,39,24,28,24,2,14,25,4,-5,0,4,sil
11.50392746925354,1,4,11,27,19,26,35,8,29,36,0,-4,0,19,sil
11.51901125907898,1,-7,-2,4,1,20,30,16,35,34,0,-8,-2,18,sil
11.51901125907898,-1,-21,-16,-9,0,10,16,20,36,32,-3,-6,1,14,sil
11.534180402755736,-5,-24,-23,-25,2,-6,0,11,26,19,-14,-9,2,5,sil
11.534180402755736,-10,-18,-32,-37,-4,-18,-22,-5,9,-11,-17,-17,-1,-9,sil
11.549334526062012,2,-8,-30,-39,-8,-24,-39,-9,-6,-28,-2,-4,5,-9,sil
11.549334526062012,19,8,-11,-22,2,-25,-33,-11,-15,-19,14,13,11,-3,sil
11.564959287643433,8,20,2,-1,7,-17,-20,-22,-32,-23,7,2,-4,-14,sil
11.564959287643433,-8,22,4,13,10,1,-9,-20,-45,-32,-4,-16,-22,-25,sil
11.580020427703856,-13,17,1,20,20,14,4,-9,-27,-14,-4,-21,-22,-20,sil
11.580020427703856,-22,1,7,17,8,12,16,7,-8,-4,-16,-13,-26,1,sil
11.596047401428224,-22,-14,7,21,0,15,34,19,2,6,-24,-11,-16,11,sil
11.596047401428224,-2,-14,3,23,11,22,39,18,15,32,-9,-9,8,16,sil
11.610862970352173,4,-9,8,-2,2,13,16,17,14,28,-2,3,11,26,sil
11.610862970352173,-3,-17,-13,-12,-17,-4,5,7,19,17,0,0,12,13,sil
11.625943660736084,0,-21,-29,-7,-14,-12,-1,3,23,12,-2,-8,10,-1,sil
11.625943660736084,10,-5,-2,-18,-7,-13,-20,7,10,-6,-11,2,0,0,sil
11.641990661621094,11,4,2,-20,-8,-15,-23,-4,0,-13,0,7,2,-9,sil
11.641990661621094,14,9,-2,-3,0,-7,-16,-12,-4,-11,24,15,17,-14,sil
11.657504558563232,25,20,21,14,12,3,-9,-9,-8,-14,37,37,23,-2,sil
11.657504558563232,25,23,34,19,10,-5,-16,-17,-11,-12,33,32,18,-3,sil
11.673154830932615,13,19,25,16,0,-13,-24,-17,-20,-10,21,12,5,-8,sil
11.673154830932615,2,14,19,14,0,7,-4,-9,-23,-10,8,5,-4,0,sil
11.6891930103302,-7,1,13,11,1,20,18,-5,-7,1,-5,3,-10,10,sil
11.6891930103302,-17,-19,-1,1,-3,7,14,-1,6,11,-15,-6,-11,7,sil
11.705293655395508,-28,-38,-22,-19,-18,-3,5,1,-3,1,-25,-22,-15,-3,sil
11.705293655395508,-23,-32,-28,-34,-25,-1,11,3,-9,5,-27,-18,-17,-4,sil
11.720916748046877,-1,-8,-16,-30,-10,-4,7,11,7,10,-9,1,-1,1,sil
11.720916748046877,5,9,-10,-19,2,-14,-10,9,2,-15,0,6,1,-7,sil
11.73639702796936,0,30,-1,8,9,-4,-7,-2,-10,-21,6,-2,-5,-13,sil
11.73639702796936,2,42,22,38,18,15,5,0,-1,2,19,1,-4,7,sil
11.752046346664429,5,24,22,30,19,19,11,10,9,13,9,0,-2,17,sil
11.752046346664429,-4,-8,-5,6,11,18,22,7,14,13,-14,-15,-6,2,sil
11.767602682113647,-7,-19,-13,1,5,19,24,11,22,23,-20,-21,-8,4,sil
11.767602682113647,0,-15,-10,1,0,3,9,16,26,20,-7,-15,0,13,sil
11.782901763916016,0,-21,-19,-18,-15,-21,-9,9,8,-4,-4,-11,3,6,sil
11.782901763916016,0,-23,-18,-35,-18,-23,-13,8,0,-14,0,0,8,0,sil
11.79899525642395,5,-13,-11,-28,-8,-13,-5,2,10,0,5,8,17,0,sil
11.79899525642395,3,-1,-3,-14,-6,-11,-13,-5,5,-4,0,7,10,-4,sil
11.814857006072998,6,9,3,-1,-1,-5,-19,-8,-6,-11,10,15,9,-5,sil
11.814857006072998,14,19,8,8,8,0,-15,-9,-9,-3,29,21,18,-3,sil
11.830404043197632,9,25,20,19,10,0,-10,-13,-6,-5,22,14,13,-11,sil
11.830404043197632,0,26,26,35,8,6,-1,-18,-6,-3,0,-1,-2,-18,sil
11.845381498336792,-2,20,18,32,7,10,5,-8,-12,5,-1,-2,-10,-8,sil
11.861339330673218,-4,7,8,23,4,12,10,-3,-8,12,9,0,-2,4,sil
11.861339330673218,-5,-9,8,13,0,17,11,-5,-2,10,-2,-11,-7,2,sil
11.87685203552246,-8,-17,5,1,-5,17,15,1,1,6,-27,-20,-17,2,sil
11.87685203552246,-15,-16,-7,-2,-5,5,16,6,10,10,-17,-10,-3,11,sil
11.891915798187256,-10,-15,-12,-12,-6,-5,6,5,4,17,-4,6,7,16,sil
11.891915798187256,7,-17,-13,-23,-12,-7,0,6,-6,4,-9,7,1,7,sil
11.907311916351318,9,-25,-25,-31,-19,-18,-7,1,-5,-19,-17,0,-3,-2,sil
11.907311916351318,4,-16,-17,-27,-17,-29,-17,-1,-10,-28,-14,6,-1,0,sil
11.923235177993774,16,9,2,-5,0,-22,-17,1,-11,-17,12,22,10,5,sil
11.923235177993774,17,12,5,-5,8,-13,-20,5,0,-11,26,23,16,0,sil
11.938833475112917,6,4,0,-12,9,-17,-25,0,0,-18,10,7,5,-12,sil
11.938833475112917,4,18,6,9,24,-8,-14,-15,-15,-21,5,1,-5,-14,sil
11.954530000686646,-1,31,22,27,29,16,7,-8,-13,-8,12,5,-7,-1,sil
11.954530000686646,-14,15,13,20,18,29,23,4,3,11,4,-10,-7,-2,sil
11.97019338607788,-12,6,3,16,17,21,27,5,8,6,-7,-21,-16,-6,sil
11.97019338607788,-5,17,9,21,22,23,29,-2,0,-2,-2,-11,-23,-4,sil
11.985279321670532,-15,0,-3,9,9,24,21,-6,0,8,-9,-21,-25,-9,sil
11.985279321670532,-20,-24,-19,-10,-7,7,5,6,6,21,-20,-30,-20,-5,sil
12.000925779342651,-7,-21,-15,-7,-10,1,3,17,20,26,-6,-17,-2,7,sil
12.000925779342651,-3,-16,-14,-4,-13,1,-2,12,23,20,-5,-12,3,9,sil
12.01625943183899,0,-19,-15,-14,-18,-1,-4,8,21,16,-8,-7,8,10,sil
12.01625943183899,13,-16,-6,-12,-15,-2,8,13,30,25,11,8,26,24,sil
12.03226113319397,21,-5,-1,-14,-14,-11,1,17,26,21,19,19,33,25,sil
12.03226113319397,16,6,-6,-18,-15,-24,-18,5,3,4,12,16,29,2,sil
12.05326795578003,7,13,-2,-17,-13,-22,-23,-12,-19,-15,13,10,22,-12,sil
12.05326795578003,0,13,12,-12,-11,-5,-19,-16,-28,-28,15,6,12,-11,sil
12.05326795578003,2,13,17,0,-6,0,-17,-16,-23,-31,13,14,6,-12,sil
12.063860416412354,11,20,26,20,0,-5,-19,-17,-25,-34,10,28,1,-8,sil
12.079993963241575,13,27,37,32,7,-5,-11,-18,-27,-24,12,23,0,-2,sil
12.079993963241575,-1,8,23,21,0,4,0,-14,-23,-9,-1,0,-10,-5,sil
12.094849109649658,-24,-25,-1,4,-10,9,7,-8,-17,-9,-35,-28,-32,-11,sil
12.094849109649658,-29,-32,-16,0,-2,6,16,-6,-9,-6,-47,-37,-36,-6,sil
12.109976768493652,-17,-12,-14,1,4,10,25,8,1,12,-29,-16,-16,4,sil
12.109976768493652,-13,-7,-16,9,1,17,28,21,21,30,-14,0,-3,8,sil
12.125217199325562,-18,-24,-26,-2,-1,8,18,17,32,26,-22,-9,-14,5,sil
12.125217199325562,-13,-27,-30,-32,-1,-5,0,8,22,4,-22,-9,-16,1,sil
12.140434980392456,8,-4,-20,-23,4,-13,-12,0,9,-6,2,6,9,1,sil
12.140434980392456,24,18,5,0,13,-12,-19,-2,-1,-10,22,19,22,4,sil
12.155942678451538,24,19,13,0,15,-3,-12,-2,-6,0,30,24,18,4,sil
12.155942678451538,20,12,6,-4,13,-7,-8,0,1,10,39,26,22,-1,sil
12.170979261398315,24,28,19,9,18,-10,-6,2,3,2,41,23,26,0,sil
12.170979261398315,27,39,36,26,26,11,7,-1,-1,2,32,9,12,7,sil
12.186992883682253,10,23,29,24,17,23,16,0,0,17,9,-2,-4,11,sil
12.186992883682253,-8,8,8,17,2,7,14,9,20,26,-3,-8,-4,7,sil
12.20217227935791,-12,-1,-11,8,0,2,11,8,20,8,-5,-14,-3,0,sil
12.20217227935791,-13,-15,-15,0,-4,14,6,4,0,-9,-21,-17,-15,-3,sil
12.218183279037476,-15,-21,-13,-3,-9,7,2,2,1,3,-28,-14,-8,0,sil
12.218183279037476,-2,-14,-14,-11,-10,-10,-3,7,13,10,-14,-3,10,9,sil
12.234200954437256,11,-8,-10,-17,-7,-17,-14,0,-2,-14,1,4,9,-4,sil
12.234200954437256,2,-3,-3,-14,-7,-22,-28,-22,-35,-33,1,0,-4,-26,sil
12.249231576919556,-12,5,7,-3,-6,-20,-22,-21,-45,-29,1,-3,-14,-21,sil
12.249231576919556,-11,4,9,10,-5,3,11,-2,-15,-3,2,-6,-14,-3,sil
12.264543771743774,-9,-13,-7,0,-14,16,23,5,13,14,-12,-20,-9,4,sil
12.264543771743774,-14,-23,-24,-27,-17,-1,0,0,12,0,-24,-16,-1,0,sil
12.280182600021362,-9,-14,-20,-28,-10,-21,-21,-9,-9,-35,-12,3,-1,-11,sil
12.280182600021362,-5,0,2,-9,-3,-4,-14,-11,-25,-34,-3,7,-7,-15,sil
12.295202016830444,-10,3,11,7,4,21,8,-3,-3,14,-3,-8,-6,-3,sil
12.295202016830444,-11,-6,1,10,3,23,16,9,23,39,0,-7,-4,12,sil
12.311497449874878,1,-7,-2,5,0,11,10,15,27,23,4,14,9,25,sil
12.311497449874878,19,3,0,-2,6,-3,-1,4,18,8,11,24,24,21,sil
12.327133655548096,15,11,8,-7,1,-15,-17,-4,-7,-7,14,12,0,0,sil
12.327133655548096,0,12,16,13,0,1,-7,-10,-24,-21,8,-7,-28,-10,sil
12.342806339263916,-3,5,10,23,10,25,21,-3,-3,-5,-4,-15,-18,-3,sil
12.342806339263916,0,-3,-1,1,5,16,29,14,21,24,-8,-5,5,6,sil
12.357778310775757,7,-2,-5,-9,-11,-9,11,14,12,20,0,11,15,7,sil
12.37304401397705,17,7,3,-3,-8,-26,-11,3,-6,-10,9,20,14,1,hello
12.37304401397705,16,17,6,4,4,-26,-19,3,0,-12,23,15,22,-3,hello
12.388269186019896,5,14,4,13,9,-9,-12,0,-4,0,15,1,11,-4,hello
12.388269186019896,-3,3,3,15,10,12,0,-9,-21,-1,-18,-15,-20,-3,hello
12.404264211654665,-7,-7,-5,4,2,12,10,-3,-2,8,-20,-12,-10,2,hello
12.404264211654665,2,-1,-7,1,-2,-3,4,15,32,32,15,14,33,15,hello
12.420364379882812,14,14,3,10,5,-6,-10,3,20,15,31,29,41,7,hello
12.420364379882812,8,16,14,5,3,-8,-23,-23,-17,-29,13,14,11,-10,hello
12.435991048812866,0,11,23,-2,-5,-10,-14,-18,-24,-30,2,3,0,-6,hello
12.435991048812866,0,8,16,10,4,7,7,-4,-10,4,0,0,-3,1,hello
12.451194763183594,-6,-1,5,14,11,27,17,0,-4,8,-17,-15,-20,0,hello
12.451194763183594,-8,-10,-2,9,4,27,26,10,11,10,-14,-21,-15,2,hello
12.466374397277832,-7,-25,-21,-5,-1,13,25,19,25,27,-3,-10,-2,11,hello
12.466374397277832,-15,-43,-34,-39,-26,-3,3,14,10,10,-20,-10,-7,4,hello
12.482528686523438,-10,-33,-27,-47,-45,-15,-7,-3,-7,-28,-31,-7,-6,-8,hello
12.482528686523438,5,-3,-15,-31,-18,-18,-9,-6,-11,-49,-10,23,-7,-1,hello
12.498499870300291,7,14,-7,-17,15,-16,-15,0,0,-27,13,34,-6,0,hello
12.498499870300291,4,15,9,-2,15,-11,-16,-5,8,7,24,1,4,-17,hello
12.514100074768066,4,15,23,16,13,3,-4,-13,2,8,17,-18,-2,-20,hello
12.514100074768066,-10,5,5,24,24,16,5,-13,0,-1,-4,-28,-28,-16,hello
12.530354499816896,-29,-5,-12,23,23,12,4,-7,0,9,-23,-44,-41,-17,hello
12.530354499816896,-17,-5,-5,19,14,13,8,5,0,23,-17,-32,-24,-3,hello
12.545405387878418,2,-5,0,7,8,13,18,17,9,24,-2,-1,6,22,hello
12.545405387878418,6,-5,0,-6,0,-1,9,20,16,17,0,13,19,34,hello
12.561296701431274,3,-5,-7,-13,-7,-21,-11,14,1,0,1,12,17,14,hello
12.561296701431274,6,-11,-8,-18,-13,-30,-28,4,-19,-18,0,10,17,-3,hello
12.576936960220335,6,-1,4,-12,-14,-25,-26,-11,-30,-29,6,16,19,-3,hello
12.576936960220335,1,14,9,0,-10,-15,-17,-24,-33,-35,19,19,9,-7,hello
12.592346906661987,0,23,5,3,-5,-2,-12,-19,-32,-30,11,0,-7,-17,hello
12.592346906661987,-1,21,4,11,0,17,5,-11,-14,-5,-7,-21,-13,-13,hello
12.607954025268556,-2,7,11,13,-3,30,22,-4,3,18,-12,-17,-10,3,hello
12.607954025268556,1,-2,17,8,-8,25,23,3,19,38,-4,1,-1,19,hello
12.623139381408691,5,0,8,8,-3,14,17,4,31,39,-2,9,7,23,hello
12.623139381408691,6,0,0,0,-4,4,11,13,26,16,-7,9,10,18,hello
12.638575792312622,9,-6,-1,-5,-8,3,14,25,25,13,6,20,25,13,hello
12.638575792312622,13,-5,0,-4,-6,0,9,24,27,17,22,31,33,12,hello
12.654165029525757,13,-4,-1,-6,-6,-17,-5,10,16,3,28,28,26,3,hello
12.654165029525757,14,-1,2,-5,-2,-21,-14,-5,2,-7,32,22,26,-6,hello
12.670035362243652,19,14,13,3,7,-7,-14,-10,-9,-21,29,23,18,-5,hello
12.670035362243652,9,18,13,18,14,0,-8,-7,-16,-32,17,5,-4,-9,hello
12.684929609298706,-5,2,1,18,11,2,-2,-11,-22,-23,-3,-19,-28,-20,hello
12.684929609298706,-13,3,-5,12,12,10,-2,-15,-25,-15,-26,-28,-41,-25,hello
12.70021152496338,-26,0,-12,13,7,6,-2,-16,-13,-12,-31,-36,-41,-20,hello
12.70021152496338,-32,-22,-16,1,-3,5,6,-7,2,3,-25,-31,-28,-7,hello
12.71538758277893,-15,-30,-13,-15,-2,18,17,7,14,23,-16,-8,-2,4,hello
12.71538758277893,-3,-18,-15,-33,-6,-6,-3,10,10,7,-17,-1,1,8,hello
12.731387615203856,0,0,-8,-31,-15,-44,-35,-2,-11,-29,-16,0,-4,-3,hello
12.731387615203856,11,21,12,3,4,-26,-24,-9,-20,-23,3,12,-1,-7,hello
12.74685764312744,9,24,29,26,16,14,6,0,-14,8,11,9,3,11,hello
12.74685764312744,-3,0,8,12,-3,18,20,2,-7,16,-9,-13,1,16,hello
12.762035846710203,-11,-20,-25,-7,0,10,22,3,5,21,-21,-23,-5,3,hello
12.762035846710203,-13,-15,-24,-12,24,22,26,22,33,41,-9,-15,-1,12,hello
12.778143167495728,-5,-7,-14,-10,20,18,19,22,46,41,-1,-4,19,24,hello
12.778143167495728,12,-7,-13,-19,0,-9,-7,7,18,7,0,7,22,13,hello
12.794254064559937,9,-5,-20,-26,-1,-17,-27,-1,-2,-16,8,6,3,-4,hello
12.794254064559937,-12,-6,-23,-25,0,-12,-27,-11,-13,-26,8,-5,-7,-27,hello
12.810490608215332,-11,-4,-1,-17,-9,-13,-18,-21,-29,-30,-4,-1,-9,-34,hello
12.810490608215332,3,7,18,0,-8,-7,-2,-15,-26,-29,2,3,-5,-21,hello
12.825692176818848,-1,19,20,15,-4,0,3,-2,-12,-27,13,-2,-10,-10,hello
12.825692176818848,-2,21,23,35,1,8,7,-2,-13,-7,10,-1,-13,-6,hello
12.84098219871521,10,16,32,47,4,14,19,-2,-5,17,9,10,-3,9,sil
12.84098219871521,14,9,28,34,-13,11,27,13,20,21,13,21,8,26,sil
12.857007265090942,4,-1,7,12,-22,4,26,16,33,22,10,17,8,21,sil
12.857007265090942,0,-14,-5,-7,-8,1,11,6,21,22,-6,6,4,14,sil
12.872300386428831,4,-12,-4,-11,-2,0,-6,5,13,12,-4,9,16,12,sil
12.872300386428831,10,-4,-8,-12,-8,-9,-21,6,10,-3,17,20,30,6,sil
12.88825750350952,11,2,-5,-19,-1,-11,-29,2,1,-16,23,20,20,-5,sil
12.88825750350952,16,20,10,0,12,-6,-22,-10,-6,-17,21,14,13,-11,sil
12.903826713562012,19,26,14,18,8,-11,-19,-21,-21,-24,6,12,7,-4,sil
12.903826713562012,6,7,2,1,1,-9,-16,-16,-34,-27,-10,-1,-11,-6,sil
12.920066118240356,-18,-2,0,-1,8,7,-1,-15,-24,-3,-13,-27,-27,-12,sil
12.920066118240356,-21,4,10,17,11,17,16,-4,-7,20,-14,-32,-17,2,sil
12.935431957244871,3,0,9,21,9,18,27,12,7,32,-11,-14,1,21,sil
12.935431957244871,10,-13,-1,2,2,15,20,13,12,27,-7,-1,3,18,sil
12.950563669204712,-8,-19,-13,-15,-9,3,8,4,11,17,-11,-7,-1,4,sil
12.950563669204712,-15,-22,-25,-23,-11,-5,-1,4,8,11,-16,-15,-2,-6,sil
12.966188669204712,-6,-20,-26,-25,-5,-10,-12,8,2,-6,-16,-8,-5,-6,sil
12.966188669204712,-2,-11,-26,-25,-3,-17,-8,5,8,-20,-4,0,0,-6,sil
12.98181700706482,-3,-5,-22,-27,-3,-19,0,9,14,-16,9,6,4,-6,sil
12.98181700706482,-4,1,-3,-19,0,-11,-2,10,1,-17,8,3,-6,-12,sil
12.997902154922484,-11,9,7,0,0,-8,-1,-12,-16,-17,-1,-11,-15,-23,sil
12.997902154922484,-8,14,9,15,3,1,1,-28,-24,-9,-1,-12,-13,-19,sil
13.013155460357666,0,23,22,32,8,14,1,-23,-20,-6,8,3,-6,-4,sil
13.013155460357666,0,26,31,38,9,17,7,-9,-8,-2,9,12,-5,1,sil
13.0284321308136,0,11,20,24,8,27,19,8,7,20,2,11,0,5,sil
13.0284321308136,-2,-8,0,12,4,27,19,11,16,39,-1,0,7,11,sil
13.044124841690063,-10,-16,-5,4,-6,7,6,7,9,18,-11,-9,-1,15,sil
13.044124841690063,-5,-23,-10,-8,-10,7,6,13,14,-1,-14,-10,-8,11,sil
13.059335231781006,3,-30,-24,-22,-6,7,7,20,26,1,-8,-6,0,6,sil
13.059335231781006,4,-16,-17,-20,-4,-18,-9,16,19,4,1,3,14,3,sil
13.07494831085205,2,-3,-8,-6,1,-31,-21,3,9,0,8,14,22,0,sil
13.07494831085205,6,-7,-8,-12,2,-16,-24,0,0,-7,5,10,16,1,sil
13.090137720108032,14,1,-5,-16,0,-2,-17,-5,-9,-13,5,5,11,4,sil
13.105963230133057,13,16,2,-6,0,-6,-14,-17,-13,-24,9,10,11,0,sil
13.105963230133057,11,14,7,-4,0,-22,-20,-21,-21,-25,10,15,3,-2,sil
13.105963230133057,22,17,14,2,5,-22,-12,-12,-20,-9,15,10,2,-3,sil
13.121517181396484,20,22,23,16,13,0,2,2,-6,1,11,5,0,-4,sil
13.13718843460083,0,13,17,19,8,13,8,6,-1,3,-1,-2,-12,0,sil
13.13718843460083,-9,1,2,9,1,5,7,-5,-11,-5,-11,-13,-21,2,sil
13.153210878372192,-8,3,3,6,4,6,6,-9,-11,-5,-12,-15,-18,0,sil
13.153210878372192,-4,10,13,17,10,19,12,-4,1,19,0,-10,-1,3,sil
13.168858289718628,-4,10,15,20,9,23,24,0,3,26,0,-10,-4,2,sil
13.168858289718628,-12,0,-1,2,-4,14,31,6,7,15,-12,-16,-15,-9,sil
13.18441605567932,-13,-15,-20,-16,-18,0,20,14,22,21,-3,-8,-1,-3,sil
13.18441605567932,-1,-12,-13,-20,-8,-9,6,18,28,20,11,14,23,18,sil
13.200074434280396,0,-12,-11,-18,-14,-9,-3,7,17,3,8,17,20,9,sil
13.200074434280396,-11,-20,-24,-29,-51,-13,-26,-4,-5,-9,-4,1,3,-17,sil
13.215898752212524,-9,-2,-8,-16,-27,-8,-30,-2,-18,-13,4,4,8,-19,sil
13.215898752212524,2,21,18,13,29,4,-15,-7,-15,-19,17,20,10,-9,sil
13.231210231781006,1,13,21,14,13,0,-19,-14,-21,-30,6,10,-9,-12,sil
13.231210231781006,-5,5,12,15,-11,-2,-11,-12,-19,-24,-7,-13,-21,-14,sil
13.246378660202026,-7,9,9,23,10,16,18,0,0,-4,-10,-18,-16,2,sil
13.246378660202026,-3,0,1,21,16,31,33,6,13,21,-4,-5,-5,19,sil
13.261945962905884,-1,-21,-12,18,1,16,21,7,14,36,-5,-7,-4,18,sil
13.261945962905884,-1,-27,-13,1,0,-4,6,12,10,20,-22,-15,-14,12,sil
13.277979850769045,6,-22,-10,-17,2,-10,5,12,18,4,-16,-3,0,11,sil
13.277979850769045,13,-17,-14,-15,6,-8,3,9,25,8,2,11,22,14,sil
13.293233633041382,7,-8,-14,-7,4,-11,-7,6,16,2,1,7,16,4,sil
13.293233633041382,7,2,-6,-12,-2,-19,-14,0,0,-13,-1,3,12,-7,sil
13.309297800064089,19,8,2,-9,-1,-19,-17,-2,-12,-17,10,17,15,-2,sil
13.309297800064089,23,4,3,-2,6,-8,-15,-7,-19,-20,22,23,9,0,sil
13.32482409477234,12,0,3,-21,8,-5,-7,-13,-23,-26,19,11,1,-7,sil
13.32482409477234,3,11,9,-24,10,-9,3,-10,-15,-14,4,0,-2,-12,sil
13.34035873413086,0,24,8,15,14,-6,-1,-14,-11,-1,-5,-13,-18,-20,sil
13.34035873413086,-15,15,8,26,8,4,-15,-16,-23,-7,-11,-20,-35,-22,sil
13.356244325637816,-27,1,5,4,2,16,5,-1,-8,4,-6,-15,-18,-5,sil
13.356244325637816,-18,-5,-2,3,2,14,24,17,27,33,-7,-10,2,13,sil
13.371061325073242,-7,-9,-4,5,0,12,13,19,33,33,-8,-8,1,22,sil
13.371061325073242,0,-6,-10,-4,-2,12,7,9,22,13,3,0,14,17,sil
13.387092351913452,8,3,-10,-9,0,1,0,5,5,-5,18,10,25,8,sil
13.387092351913452,-1,12,-1,0,-1,-4,-11,-11,-17,-19,11,1,-2,-10,sil
13.402241468429564,-26,9,2,6,-12,0,-12,-29,-34,-32,-13,-25,-38,-29,sil
13.402241468429564,-26,-2,3,5,-22,6,-1,-6,-14,-13,-24,-24,-27,-16,sil
13.41783046722412,0,-6,3,1,-16,8,13,23,34,36,-1,4,16,18,sil
13.41783046722412,20,5,3,-8,-10,-1,5,21,40,36,20,27,37,31,sil
13.432931184768677,26,28,17,0,-5,-10,-12,0,-3,-5,19,31,23,9,sil
13.432931184768677,27,38,32,33,7,0,-5,-15,-26,-13,12,22,4,-6,sil
13.448171854019163,12,19,23,41,10,16,6,-15,-19,-4,-1,3,-9,-3,sil
13.448171854019163,-12,-14,-3,6,-1,18,4,-7,-14,-8,-19,-13,-20,-3,sil
13.463866710662842,-19,-31,-21,-24,-15,8,11,4,-6,0,-26,-10,-17,2,sil
13.463866710662842,-3,-31,-22,-28,-20,-6,14,15,10,10,-13,0,4,11,sil
13.47995948791504,-2,-40,-30,-37,-27,-24,-5,11,10,-7,-9,-2,10,-1,sil
13.47995948791504,-15,-40,-29,-46,-27,-32,-20,3,-1,-17,-12,-8,-2,-19,sil
13.495859146118164,3,-10,-9,-15,-5,-24,-12,0,1,0,7,0,5,-13,sil
13.495859146118164,34,13,12,16,12,-14,-10,3,5,0,23,10,15,-1,sil
13.511245727539062,25,15,15,15,13,-10,-11,0,-1,-7,22,16,12,-2,sil
13.511245727539062,0,11,11,8,17,-5,-5,-9,-8,-1,25,16,14,-3,sil
13.527241468429564,0,12,20,14,26,15,3,-3,-6,1,18,9,6,1,sil
13.527241468429564,0,9,16,24,22,34,21,3,8,9,0,-8,-10,0,sil
13.542968034744264,-23,7,1,23,10,22,19,-2,6,9,-9,-22,-21,-3,sil
13.542968034744264,-23,14,3,23,15,11,7,-12,-6,0,-5,-17,-17,2,sil
13.558587789535522,0,8,6,23,30,24,12,-2,5,1,-7,-9,-11,13,sil
13.558587789535522,-1,-8,0,8,25,22,24,17,25,17,-19,-9,-13,16,sil
13.574276208877563,-23,-20,-20,-7,12,3,17,12,25,30,-18,-18,-7,6,sil
13.574276208877563,-12,-24,-31,-27,12,-5,0,0,17,15,-12,-17,0,0,sil
13.590535402297974,11,-15,-15,-31,20,-8,-3,0,15,0,-3,3,7,9,sil
13.590535402297974,11,-3,-1,-11,22,-19,-6,1,4,0,13,15,17,8,sil
13.606250524520874,4,1,-2,-9,14,-29,-28,0,-14,-5,17,13,15,0,sil
13.606250524520874,12,11,2,-3,16,-25,-29,0,-12,-12,14,21,16,-2,sil
13.621906995773315,15,29,15,7,17,-13,-12,-3,-5,-10,19,26,23,-2,sil
13.621906995773315,7,25,15,-2,-7,-4,-13,-6,-19,-19,8,8,7,-14,sil
13.63791799545288,-8,7,-6,-17,-50,-7,-24,-17,-43,-39,-14,-15,-19,-28,sil
13.63791799545288,-20,7,-14,-36,-91,-17,-30,-26,-58,-59,-28,-20,-32,-30,sil
13.653060913085938,0,8,16,-37,-90,-5,-12,-14,-34,-40,-17,0,-25,-9,sil
13.653060913085938,22,3,39,14,-54,24,20,10,9,14,-4,13,-6,21,sil
13.66822910308838,0,8,6,51,-49,36,27,14,13,29,-9,-2,4,11,sil
13.66822910308838,-24,-4,-25,25,-61,22,18,0,1,8,-14,-20,-8,-9,sil
13.683593034744264,-4,-30,-7,12,-37,11,28,9,19,25,-6,-2,-20,8,sil
13.683593034744264,10,-17,1,26,-12,13,37,23,39,52,6,8,6,19,sil
13.700153589248655,0,-1,-19,8,-9,3,15,7,22,20,2,1,27,3,sil
13.700153589248655,-5,-16,-21,-18,8,-14,0,2,4,-9,-5,0,12,4,sil
13.715267419815063,2,-20,-14,-21,38,-25,-4,7,9,0,4,4,9,7,sil
13.715267419815063,5,1,-3,-17,61,-16,-19,0,0,-12,21,13,23,-1,sil
13.73093056678772,0,14,11,-1,84,0,-26,-10,-9,-28,27,10,14,-9,sil
13.73093056678772,-9,8,15,16,94,5,-15,-15,-7,-2,16,-13,-14,-13,sil
13.746421813964844,-3,14,21,24,87,13,0,-10,1,28,7,-16,-20,-5,sil
13.746421813964844,9,26,27,32,76,24,17,-1,10,33,17,1,-2,1,sil
13.762490272521973,1,1,15,12,41,14,16,0,7,14,8,0,-6,9,sil
13.762490272521973,-7,-25,-1,-15,0,-3,3,0,1,1,-14,-7,-16,12,sil
13.778108835220335,-6,-15,-9,-16,-9,-9,-3,2,3,0,-19,-3,-7,1,sil
13.778108835220335,-6,0,-7,-14,-9,-5,-6,6,0,-6,-12,0,0,-5,sil
13.793283939361572,0,0,-5,-16,-19,-5,-2,10,2,-3,-5,-2,2,0,sil
13.793283939361572,8,-7,-9,-15,-36,-10,3,17,13,0,-10,0,10,6,sil
13.80883002281189,9,-9,-11,-17,-42,-9,6,14,10,-14,-10,8,20,4,sil
13.80883002281189,14,-5,-5,-15,-32,0,2,3,8,-19,10,18,27,4,sil
13.82435703277588,22,9,8,0,-23,-1,-7,5,8,-2,26,23,24,3,sil
13.82435703277588,11,20,5,11,-30,-11,-8,-2,-7,1,11,9,10,-7,sil
13.84051275253296,-8,14,-4,0,-48,-16,-12,-21,-33,-24,-9,-8,-11,-18,sil
13.84051275253296,-13,5,-3,-4,-40,-9,-17,-21,-33,-29,-4,-9,-20,-14,sil
13.85587763786316,-8,1,-5,10,-12,4,-8,-15,-18,-2,0,-11,-17,-6,sil
13.85587763786316,-13,-2,-5,11,-10,11,1,-11,-18,3,-23,-18,-25,-7,sil
13.871381044387816,-17,-9,0,11,-12,9,3,-14,-18,-3,-36,-18,-31,-12,sil
13.871381044387816,-12,-12,10,22,5,13,1,-14,-13,-1,-18,-11,-21,-5,sil
13.887042760849,-5,-4,9,17,18,17,12,-1,0,7,1,1,-2,10,sil
13.903024435043337,-3,-5,-10,-3,12,5,13,10,11,15,3,9,7,16,sil
13.903024435043337,-3,-13,-14,-17,9,-4,-1,13,12,15,1,5,4,13,sil
13.903024435043337,8,0,1,-2,15,0,2,19,23,18,14,6,16,15,sil
13.918558835983276,26,21,16,8,21,-1,10,24,28,30,26,20,33,22,sil
13.918558835983276,28,18,12,-3,19,-6,-3,11,9,23,19,25,28,16,sil
13.933857202529907,17,-1,-5,-17,9,-8,-20,-9,-2,-8,12,6,10,-5,sil
13.933857202529907,9,2,-5,-8,4,-13,-17,-6,-3,-27,15,-3,0,-11,sil
13.949907541275024,4,23,15,13,17,0,0,1,0,-10,25,6,1,-2,sil
13.949907541275024,-7,9,9,14,19,16,9,-3,4,-5,12,-3,-5,-7,sil
13.965245962142944,-27,-14,-11,2,3,18,9,-6,2,-16,-17,-34,-25,-20,sil
13.965245962142944,-26,-15,-13,6,-3,23,23,-1,0,-1,-24,-37,-26,-13,sil
13.982035398483276,-13,-9,-3,2,-5,24,28,10,6,20,-17,-7,-15,4,sil
13.982035398483276,-7,-14,-5,-11,-7,0,10,16,19,22,-14,0,-4,8,sil
13.996280431747437,-8,-17,-9,-22,-6,-25,-13,9,20,14,-11,-4,7,1,sil
14.012053966522217,2,-3,0,-19,-10,-25,-22,3,8,1,2,14,20,1,sil
14.012053966522217,24,9,7,-2,-7,-21,-15,-3,-1,-8,20,37,30,5,sil
14.027204513549805,19,14,12,0,1,-23,-13,-15,-21,-23,14,22,13,-4,sil
14.027204513549805,-10,6,2,-6,0,-15,-12,-28,-45,-40,-17,-13,-22,-29,sil
14.04251480102539,-17,-10,-8,-2,-8,3,0,-21,-39,-41,-37,-29,-36,-29,sil
14.04251480102539,-1,-11,-1,2,-4,16,24,7,-4,-5,-21,-9,-12,2,sil
14.063898086547852,-1,-9,-3,-3,0,7,17,15,16,24,-1,5,11,13,sil
14.063898086547852,-5,-13,-17,-15,-6,-6,-15,0,0,3,-2,6,11,1,sil
14.063898086547852,13,8,0,1,2,0,-17,-5,-12,-7,9,10,12,0,sil
14.073996782302856,25,30,27,34,19,14,0,-10,-2,10,29,9,7,4,sil
14.090351343154907,6,19,23,32,16,18,2,-6,6,11,16,2,-5,9,sil
14.090351343154907,-2,6,9,22,9,21,10,3,8,18,4,-1,-4,18,sil
14.105419397354126,0,-5,1,13,0,7,9,3,4,26,-3,-10,-6,17,sil
14.105419397354126,-6,-15,-15,-6,-12,-7,-2,3,7,4,-14,-14,-10,4,sil
14.121652841567991,-3,-7,-18,-14,-6,-3,5,17,25,0,3,0,12,7,sil
14.121652841567991,6,0,0,-13,0,-5,6,21,18,9,22,11,24,13,sil
14.136859893798828,0,0,-2,-18,-10,-19,-15,-6,-7,-6,10,7,6,-3,sil
14.136859893798828,2,20,-1,-3,-1,-10,-21,-10,-13,-18,4,10,0,-10,sil
14.152200937271118,12,37,21,25,21,8,1,7,2,2,19,11,8,0,sil
14.152200937271118,-5,5,14,18,9,6,12,0,-2,11,3,-10,-9,-5,sil
14.167337894439695,-24,-25,-8,-8,-18,7,7,-5,-11,2,-28,-23,-29,-7,hello
14.167337894439695,-10,-19,-12,-7,-11,15,12,10,13,13,-25,-11,-6,2,hello
14.183066606521606,0,-14,-12,-9,-3,0,8,19,30,11,-8,1,5,4,hello
14.183066606521606,-4,-16,-11,-20,-17,-19,-3,8,15,-4,4,8,1,0,hello
14.199142932891846,4,-6,-3,-14,-18,-19,-11,-5,-1,-3,16,15,15,-1,hello
14.199142932891846,11,4,0,-11,-11,-13,-15,-9,-12,-13,8,14,10,-7,hello
14.214274406433104,-3,1,-8,-15,-5,-8,-16,-15,-24,-38,-5,-2,-15,-21,hello
14.214274406433104,-8,3,0,-3,4,-1,-10,-20,-32,-37,-3,-6,-20,-22,hello
14.230491638183594,1,19,27,32,14,10,5,-11,-23,-5,0,1,-11,-7,hello
14.230491638183594,-1,13,19,45,14,24,23,-1,0,15,-8,-9,-14,2,hello
14.245882987976074,-6,-9,-11,9,9,21,22,3,14,14,-19,-22,-11,10,hello
14.245882987976074,4,-12,-15,-11,2,-2,2,3,8,6,-5,-1,10,9,hello
14.260801076889038,10,-7,-3,-9,-6,-25,-21,-5,-13,-14,6,17,20,-1,hello
14.260801076889038,4,-2,0,-9,0,-19,-26,-9,-23,-25,10,13,16,-6,hello
14.276184320449827,8,11,4,3,24,2,-3,-1,-1,0,26,9,24,1,hello
14.276184320449827,15,24,20,19,32,13,10,3,12,14,22,11,20,10,hello
14.29133367538452,8,14,15,12,18,10,9,-4,5,9,-5,-4,0,4,hello
14.29133367538452,-10,-11,-5,2,8,9,7,-3,1,14,-23,-25,-15,1,hello
14.307156801223757,-18,-21,-8,1,9,19,15,18,10,24,-24,-21,-14,11,hello
14.307156801223757,-13,-17,-14,-5,9,21,28,27,30,29,-19,-11,-2,14,hello
14.322307109832764,-10,-20,-27,-27,-3,0,12,19,28,16,-10,-10,-1,4,hello
14.322307109832764,-9,-18,-24,-39,-24,-27,-14,5,11,0,-1,-5,-1,0,hello
14.338169574737549,-1,-4,-11,-31,-32,-25,-23,2,7,-4,7,8,8,0,hello
14.338169574737549,10,14,7,-10,-20,-4,-11,-1,4,-5,19,16,14,-2,hello
14.35328483581543,4,21,28,18,0,7,7,-11,-2,-5,19,6,-1,-6,hello
14.35328483581543,-9,8,28,25,0,10,14,-7,-5,0,0,-6,-24,0,hello
14.368614196777344,-7,-7,0,5,-14,7,5,4,1,5,-10,-6,-23,2,hello
14.368614196777344,-1,-13,-19,-18,-26,-13,-13,2,-1,-7,-5,4,-4,-1,hello
14.383612632751465,3,-2,-2,-17,-19,-33,-25,0,-10,-21,5,15,3,0,hello
14.383612632751465,23,24,19,18,2,-20,-12,-5,-10,-10,28,23,9,1,hello
14.39919137954712,35,45,30,39,14,1,-3,-17,-25,-13,29,29,8,-3,hello
14.39919137954712,17,37,27,28,9,8,-8,-22,-40,-34,3,14,-6,-12,hello
14.414825201034546,-6,6,3,16,7,12,0,-15,-22,-22,-19,-18,-17,-15,hello
14.414825201034546,-20,-13,-13,7,5,27,17,2,0,5,-27,-34,-15,-14,hello
14.430244207382202,-25,-17,-17,-1,-2,32,20,16,12,16,-22,-24,-1,-3,hello
14.430244207382202,-13,-15,-17,-6,-7,9,3,18,19,11,-9,0,13,11,hello
14.446218252182009,5,-3,-10,0,0,-8,-8,12,14,11,8,16,24,9,hello
14.446218252182009,16,6,1,4,3,-7,-5,9,9,16,24,20,28,8,hello
14.46151638031006,21,6,12,2,-3,-12,-13,6,6,5,28,25,22,15,hello
14.477140426635742,12,8,15,9,0,-17,-21,-22,-16,-14,19,17,1,-3,hello
14.477140426635742,-5,6,14,14,14,-1,-3,-39,-41,-18,-3,-6,-27,-17,hello
14.493239641189575,-12,-10,4,4,14,10,25,-10,-16,3,-22,-17,-25,1,hello
14.493239641189575,-11,-32,-21,-18,0,-5,16,14,18,20,-15,-14,3,13,hello
14.493239641189575,-5,-31,-26,-35,-8,-23,-10,14,15,7,0,-3,17,4,hello
14.509143352508543,0,-6,-4,-17,7,-10,-5,6,7,-7,8,6,14,-1,hello
14.509143352508543,-7,2,4,-1,19,16,15,3,4,-6,0,-6,0,-2,hello
14.524251222610474,-13,-5,-5,-2,12,28,27,12,18,23,-15,-26,-11,7,hello
14.539263248443604,0,-8,-16,-4,7,16,23,21,47,57,-8,-14,1,22,hello
14.539263248443604,13,-9,-12,-27,0,-2,5,18,42,38,3,5,17,24,hello
14.554529190063477,5,-8,-8,-44,-8,-8,-9,-1,7,-9,0,0,7,-2,hello
14.554529190063477,-20,0,-8,-15,-4,-3,-14,-25,-25,-35,-24,-24,-30,-34,hello
14.570244312286375,-29,-2,-9,9,-3,3,-2,-23,-35,-25,-46,-40,-58,-33,hello
14.570244312286375,-12,-18,-18,-2,-9,3,8,-5,-12,-7,-34,-30,-35,-11,hello
14.585840702056885,0,-12,-15,-17,-14,-10,-6,6,5,-12,1,4,7,1,hello
14.585840702056885,0,5,-1,-8,-17,-22,-29,2,0,-17,22,20,26,0,hello
14.60189414024353,11,20,7,2,-10,-21,-27,1,-5,-9,22,16,22,-1,hello
14.60189414024353,27,42,30,22,8,-7,-12,11,-4,-7,32,30,20,-1,hello
14.617401123046877,34,49,48,43,14,2,0,2,-5,-8,50,43,24,1,hello
14.617401123046877,29,36,43,44,5,1,1,-8,-4,-8,38,36,12,6,hello
14.63352370262146,15,34,35,44,7,11,4,-10,-1,-9,13,23,-4,8,sil
14.63352370262146,-1,18,25,39,6,23,10,-13,-16,-11,-8,2,-21,-3,sil
14.649120807647703,-15,-15,5,14,-6,22,14,-11,-27,-12,-27,-14,-38,-13,sil
14.649120807647703,-20,-24,-10,4,-8,19,21,-1,-2,0,-22,-12,-29,-7,sil
14.664905309677124,-22,-19,-9,-1,-2,15,19,10,12,18,-11,-8,-2,1,sil
14.664905309677124,-15,-28,-15,-17,-5,2,11,16,9,32,-8,-13,10,8,sil
14.68012762069702,1,-20,-15,-16,-3,-5,6,18,14,32,-1,-2,17,22,sil
14.68012762069702,17,0,0,-1,5,-9,-1,15,12,20,12,17,26,29,sil
14.695252656936646,11,-7,-7,-8,8,-17,-14,0,-2,11,21,14,30,7,sil
14.695252656936646,-1,-18,-25,-31,-2,-27,-28,-13,-14,0,11,0,18,-7,sil
14.710807085037231,0,0,-15,-28,-6,-32,-36,-18,-19,-18,1,-1,4,-10,sil
14.710807085037231,3,21,5,-4,4,-17,-29,-22,-25,-30,0,-5,-9,-16,sil
14.726290225982666,0,17,12,14,14,15,1,-15,-19,-23,-10,-10,-19,-10,sil
14.726290225982666,-6,-3,-3,13,9,26,26,-7,3,2,-17,-15,-13,4,sil
14.741857767105104,-19,-23,-21,-13,-3,7,10,3,27,26,-11,-19,0,9,sil
14.741857767105104,-13,-21,-21,-22,-9,4,1,21,41,36,-8,-16,6,7,sil
14.757914543151855,3,-13,-13,-9,-9,9,18,24,37,30,-10,-9,3,10,sil
14.757914543151855,8,-9,0,-8,-14,1,22,22,23,10,0,2,3,18,sil
14.773305416107178,7,-2,3,-15,-14,-6,8,14,15,-2,14,10,11,14,sil
14.773305416107178,1,1,-10,-20,-10,-4,-5,1,4,-15,1,2,0,-7,sil
14.789145946502686,-4,8,-9,-11,0,-3,-9,0,0,-17,-8,-1,-11,-24,sil
14.789145946502686,3,17,12,8,10,-8,-3,0,-2,-14,3,7,-6,-18,sil
14.804826498031616,12,20,27,12,12,-10,-7,-13,-28,-35,8,14,-6,-11,sil
14.804826498031616,10,24,24,21,14,1,-8,-24,-39,-37,9,12,-2,-14,sil
14.819905042648315,1,24,21,39,14,9,-2,-17,-21,-9,10,8,-1,-12,sil
14.819905042648315,-9,11,11,30,4,0,-2,-12,-14,3,-5,-3,-11,-8,sil
14.835540294647217,-20,-7,-8,3,0,-3,-1,-13,-16,3,-18,-22,-16,-11,sil
14.835540294647217,-23,-20,-17,-7,0,7,5,-3,-9,4,-23,-27,-19,-8,sil
14.850776195526125,-18,-18,-14,3,1,19,13,0,-1,0,-27,-20,-27,0,sil
14.850776195526125,-4,-7,-6,12,5,14,11,4,1,6,-17,-10,-14,9,sil
14.866887092590332,5,-8,-4,-1,2,5,7,19,11,26,1,-4,8,17,sil
14.866887092590332,-3,-23,-16,-23,-6,0,4,17,15,17,-1,-7,4,12,sil
14.88207507133484,-9,-22,-18,-27,-6,-3,1,13,13,-9,-8,-2,-1,8,sil
14.88207507133484,14,-2,-1,-6,5,-3,2,19,29,11,23,21,32,13,sil
14.898168087005615,38,9,15,0,4,-9,-6,13,32,39,53,42,65,22,sil
14.898168087005615,35,14,22,-3,-4,-20,-21,-6,4,11,46,41,48,18,sil
14.913299083709717,23,19,18,1,-3,-15,-23,-22,-9,-19,32,25,19,1,sil
14.913299083709717,18,24,21,5,0,-3,-28,-12,-15,-19,23,22,12,-1,sil
14.928813695907593,13,30,26,6,4,-3,-22,-1,-20,-9,18,24,9,0,sil
14.928813695907593,0,20,12,9,0,-4,-1,-7,-14,-12,0,2,-9,-4,sil
14.944885969161987,-17,0,-1,2,-10,4,14,-13,-12,-22,-27,-26,-34,-9,sil
14.944885969161987,-23,-5,-3,2,-11,13,17,-9,-14,-19,-33,-30,-43,-15,sil
14.96103024482727,-19,2,2,9,-5,16,13,-3,-13,-10,-33,-22,-43,-22,sil
14.96103024482727,-19,1,1,15,-4,16,18,-1,0,0,-32,-28,-33,-17,sil
14.97613763809204,-18,-6,-8,12,0,11,23,5,12,11,-16,-26,-9,0,sil
14.97613763809204,-1,-1,-6,10,8,14,25,19,25,33,3,0,14,24,sil
14.991867780685425,5,-7,-7,7,10,16,23,12,28,44,6,10,19,24,sil
14.991867780685425,-17,-37,-28,-19,-5,-3,-1,-1,8,13,-14,-11,-7,-6,sil
15.007951498031616,-35,-49,-44,-40,-15,-16,-19,-2,-6,-11,-24,-22,-14,-16,sil
15.007951498031616,-19,-32,-33,-29,-9,-7,-1,2,3,2,-13,-11,8,5,sil
15.023205757141112,0,-20,-16,-17,-8,-9,7,11,12,6,-7,-2,11,6,sil
15.023205757141112,8,-14,-9,-13,-7,-22,-10,9,4,-14,2,4,3,-10,sil
15.038844108581545,23,2,3,-6,0,-22,-22,0,-8,-19,22,22,11,-6,sil
15.038844108581545,36,18,20,2,4,-15,-16,-3,-4,-3,32,33,24,0,sil
15.05385708808899,28,17,21,3,6,-12,-10,0,0,1,30,32,24,1,sil
15.05385708808899,15,22,24,2,5,-7,-7,0,-9,-1,21,24,10,8,sil
15.068998098373411,15,33,18,12,7,-3,-8,-11,-18,-8,13,9,3,0,sil
15.084293603897097,9,31,8,10,6,-3,-23,-21,-29,-32,1,-2,0,-17,sil
15.084293603897097,0,23,11,4,7,5,-18,-17,-34,-32,-5,-10,-12,-14,sil
15.084293603897097,0,19,11,22,15,16,10,-3,-1,5,-8,-19,-14,1,sil
15.099888324737549,-5,12,6,29,18,18,20,13,28,25,-1,-12,-3,11,sil
15.115105390548706,-16,0,0,14,8,12,7,8,15,13,4,-6,-1,4,sil
15.115105390548706,-15,-7,-5,0,0,5,1,-8,-14,0,-6,-15,-15,-8,sil
15.13112187385559,-11,-1,1,8,3,8,13,-8,-13,7,-14,-15,-19,-4,sil
15.13112187385559,-15,-3,1,14,1,12,14,-7,5,15,-13,-9,-20,5,sil
15.146833181381226,-20,-17,-16,-1,-10,7,-1,-9,0,1,-22,-11,-25,2,sil
15.146833181381226,-13,-20,-20,-9,-9,7,2,4,0,4,-12,-2,0,3,sil
15.162035942077637,5,-12,0,0,1,13,26,28,32,34,10,16,28,23,sil
15.162035942077637,18,-13,8,-2,0,13,26,32,52,32,9,15,23,29,sil
15.177432775497437,8,-21,-12,-31,-17,-1,0,11,28,-6,-6,-2,7,4,sil
15.177432775497437,-5,-20,-28,-48,-21,-21,-23,0,0,-37,-10,-2,2,-13,sil
15.192593097686768,-3,-5,-16,-30,-9,-17,-24,0,-7,-29,5,10,6,-14,sil
15.192593097686768,8,6,4,-11,-3,-4,-13,-1,-11,-9,13,14,8,-8,sil
15.20845627784729,10,13,18,-6,-5,0,-3,-6,-13,-8,9,15,4,-4,sil
15.20845627784729,7,17,16,7,0,0,0,-12,-8,-10,13,19,6,-2,sil
15.223905801773071,3,17,15,21,1,1,-7,-17,-16,-8,10,9,2,-4,sil
15.223905801773071,-3,10,10,23,1,2,-6,-15,-19,-9,-1,-13,-10,-11,sil
15.240066766738892,-10,-1,-1,15,4,9,6,-4,-5,-5,-14,-30,-22,-13,sil
15.240066766738892,-9,-12,-5,7,6,20,13,2,2,16,-17,-26,-14,-1,sil
15.2552387714386,-5,-16,-11,6,2,16,16,6,6,36,-10,-14,2,10,sil
15.2552387714386,3,-7,-11,1,1,-2,12,17,13,18,0,2,8,17,sil
15.27110195159912,22,5,0,0,7,-19,8,19,16,5,11,21,19,18,sil
15.27110195159912,26,2,2,-1,5,-31,-1,4,3,6,18,27,29,7,sil
15.28610110282898,1,-7,-6,-14,-6,-49,-18,-8,-19,-8,11,15,12,-10,sil
15.28610110282898,-6,5,0,-3,0,-49,-24,-20,-21,-22,5,3,-6,-16,sil
15.301838636398315,10,28,24,19,15,-29,-12,-15,-9,-13,4,5,-9,-1,sil
15.301838636398315,5,22,23,17,8,-20,-5,-7,-11,-3,2,-1,-10,0,sil
15.317917823791504,-12,3,5,0,0,-13,-18,-16,-23,-10,0,-15,-19,-15,sil
15.317917823791504,-9,11,9,2,11,22,-6,-10,-14,-8,-5,-8,-22,-3,sil
15.333138942718506,-5,13,10,19,16,56,34,5,13,16,-7,-1,-12,12,sil
15.333138942718506,-21,-9,-6,5,-2,46,32,7,20,24,-21,-17,-13,8,sil
15.34923505783081,-28,-26,-24,-20,-16,23,0,7,10,6,-28,-28,-13,-1,sil
15.34923505783081,-11,-30,-33,-28,-15,17,0,17,10,-5,-17,-16,-2,0,sil
15.364992141723633,-2,-30,-22,-25,-17,15,10,26,17,-1,-11,0,3,1,sil
15.364992141723633,-3,-17,-12,-16,-15,7,1,18,21,5,-3,6,11,1,sil
15.379918813705444,12,0,-10,-9,-10,-3,-13,6,10,0,12,9,14,1,sil
15.379918813705444,25,10,1,0,-8,-4,-17,0,5,-2,30,21,20,3,sil
15.395835638046265,26,17,10,4,-3,-3,-17,-2,8,0,32,28,31,2,sil
15.395835638046265,16,21,8,2,0,-8,-23,-5,-9,-14,15,13,14,-5,sil
15.411022424697876,0,15,7,10,5,-4,-10,-10,-18,-27,4,-8,-8,-11,sil
15.411022424697876,-1,4,12,21,11,9,11,-9,-7,-5,5,-6,-9,-1,sil
15.42700457572937,1,4,13,19,9,22,26,-4,-3,13,0,-3,-7,4,sil
15.42700457572937,-10,3,3,14,2,18,25,-8,-6,4,-15,-21,-15,-7,sil
15.442031860351562,-20,-4,0,9,-2,6,13,-7,-6,0,-21,-22,-10,-9,sil
15.442031860351562,-7,-11,-2,5,1,7,12,-1,1,18,-17,-9,-1,5,sil
15.458089351654053,-2,-18,-9,-4,1,3,13,4,9,26,-25,-12,-9,17,sil
15.458089351654053,-9,-18,-8,-15,0,-18,2,7,14,16,-12,-7,2,13,sil
15.473380327224731,0,-4,-5,-14,10,-32,-6,2,11,10,27,19,33,8,sil
15.473380327224731,13,3,-1,-11,14,-24,-8,3,0,4,38,38,33,14,sil
15.488901138305664,13,1,4,-9,0,-23,-17,0,-2,-4,20,35,23,11,sil
15.488901138305664,16,3,11,-11,-2,-34,-29,-8,-5,-12,13,32,20,1,sil
15.504831075668337,17,20,15,0,11,-25,-21,-6,-14,-11,15,26,3,-4,sil
15.504831075668337,1,24,12,14,16,-5,-6,-6,-23,-19,4,2,-20,-19,sil
15.520203828811646,-7,15,14,10,7,1,-8,-12,-31,-44,-16,-18,-32,-30,sil
15.520203828811646,-5,11,14,7,8,3,-1,-12,-28,-34,-15,-17,-26,-21,sil
15.535604000091553,-13,0,2,8,6,6,11,-5,-13,-1,-9,-21,-21,-8,sil
15.535604000091553,-16,-11,-6,5,-5,11,13,5,4,13,-19,-30,-24,-2,sil
15.551145315170288,1,-12,-5,13,-8,20,16,17,33,25,-14,-20,-13,6,sil
15.551532506942747,13,-10,-3,5,-9,22,17,23,40,26,-5,-3,0,14,sil
15.56685709953308,0,-15,-17,-15,-19,16,12,14,26,10,-12,-4,0,4,sil
15.56685709953308,-8,-23,-33,-20,-21,3,2,5,18,-2,-15,-6,-1,-1,sil
15.582899808883669,0,-18,-23,-14,-13,-9,-6,0,10,-5,0,8,13,0,sil
15.582899808883669,0,2,-6,-5,-9,-8,-12,-8,-6,-3,17,12,19,-7,sil
15.59856653213501,-12,15,1,1,-7,7,-12,-5,-19,-10,13,-4,0,-9,sil
15.59856653213501,-13,5,3,6,-2,27,8,3,-4,-5,3,-12,-7,4,sil
15.614259004592896,-8,-13,-3,0,-2,26,24,7,17,19,-1,-8,2,13,sil
15.614259004592896,-6,-18,-12,-16,-5,3,3,9,15,28,-1,0,12,8,sil
15.630297899246216,0,-5,-10,-23,-2,-16,-21,-7,-11,0,10,9,15,-1,sil
15.630297899246216,3,9,2,-15,-2,-23,-29,-29,-39,-29,4,7,-2,-10,sil
15.64582872390747,-6,15,9,8,0,-14,-19,-24,-36,-22,-16,-12,-26,-11,sil
15.64582872390747,-10,8,10,30,8,6,5,-2,-7,8,-18,-16,-20,1,sil
15.66123104095459,9,12,19,26,14,16,22,17,16,27,-2,9,4,20,sil
15.66123104095459,26,20,23,16,13,-2,11,22,22,18,14,35,23,30,sil
15.676904916763306,27,14,19,10,6,-18,-7,10,7,-5,26,36,27,24,sil
15.676904916763306,22,17,19,13,9,-8,-2,0,-2,-8,29,19,24,6,sil
15.692060947418211,9,13,9,6,8,-7,1,-6,-8,2,21,4,19,-9,sil
15.692060947418211,0,-1,2,-10,-3,-16,-14,-11,-20,-13,10,5,3,-12,sil
15.708167552947998,7,3,10,5,7,0,-4,-11,-8,-16,6,2,-5,-11,sil
15.708167552947998,4,8,11,26,24,26,24,8,15,14,-5,-6,-4,-3,sil
15.723876237869264,-10,-16,-8,2,8,28,35,18,24,32,-21,-16,-3,8,sil
15.723876237869264,-12,-33,-28,-25,-7,8,20,0,24,17,-25,-20,-6,3,sil
15.738911867141724,-4,-18,-25,-27,-6,-6,0,-4,10,-4,-19,-14,-8,-9,sil
15.738911867141724,-6,-17,-25,-24,-8,-12,-11,2,0,-12,-11,-12,-7,-15,sil
15.755020380020142,-10,-28,-28,-34,-14,-15,-20,0,-1,-20,-11,-13,-11,-11,sil
15.755020380020142,-4,-12,-10,-20,-6,-6,-15,-2,2,-17,1,2,-4,-4,sil
15.770146131515505,3,9,9,8,8,-2,-8,0,0,-2,19,14,6,-4,sil
15.770146131515505,0,11,12,9,8,-12,-19,-8,-13,-9,7,3,-8,-8,sil
15.784853219985962,-9,11,8,5,4,-5,-15,-20,-27,-26,-3,-8,-26,-12,sil
15.7999370098114,-4,18,9,20,8,13,3,-8,-21,-14,0,-9,-17,-7,sil
15.7999370098114,0,23,14,27,10,17,5,9,-5,7,1,-6,-5,0,sil
15.81600022315979,-15,10,8,19,0,15,6,1,-1,18,-7,-10,-9,0,sil
15.81600022315979,-29,-14,-9,4,-13,14,17,-3,1,14,-23,-18,-22,-1,sil
15.831257104873655,-21,-24,-22,-6,-15,5,22,8,16,14,-23,-17,-10,1,sil
15.831257104873655,-3,-21,-16,-18,-12,-2,12,18,23,14,-11,0,12,13,sil
15.846865892410278,9,-16,-1,-22,-19,-12,0,16,11,5,-5,12,17,24,sil
15.846865892410278,18,-12,-4,-12,-21,-21,-6,5,5,-2,9,18,24,17,sil
15.8628671169281,23,-1,0,-7,-11,-19,-16,3,5,-1,31,34,36,8,sil
15.8628671169281,30,9,15,-10,-6,-12,-20,-1,-3,0,36,42,33,7,sil
15.878101825714111,25,20,21,-2,-8,-16,-24,-19,-26,-12,24,21,19,4,sil
15.878101825714111,5,33,21,14,2,-10,-17,-22,-38,-26,17,5,5,-3,sil
15.893271207809448,-1,31,21,26,23,15,11,-12,-23,-22,10,4,-6,-3,sil
15.893271207809448,2,15,26,27,26,29,29,-2,-4,-3,-4,-1,-12,1,sil
15.908876419067385,-1,2,15,22,18,20,24,5,9,24,-6,-13,-8,2,sil
15.908876419067385,-12,-13,-13,2,7,13,11,12,18,34,-8,-17,-8,4,sil
15.924976825714111,-7,-20,-28,-14,-1,10,2,19,25,24,-16,-8,1,7,sil
15.924976825714111,0,-8,-21,-13,0,-11,-6,15,29,14,-9,2,15,-4,sil
15.941033840179443,-4,0,-15,-19,-2,-27,-22,1,4,-13,-5,0,0,-19,sil
15.941033840179443,-1,4,-8,-18,-6,-6,-22,-13,-22,-34,-11,-10,-20,-23,sil
15.957128763198853,0,10,2,1,0,7,-2,-18,-23,-20,-8,-16,-22,-21,sil
15.957128763198853,-10,1,2,14,8,8,12,-2,-7,2,-6,-17,-22,-9,sil
15.97322964668274,-11,-9,-10,17,11,26,25,10,18,26,-9,-21,-13,1,sil
15.97322964668274,-2,-9,-12,10,13,29,31,13,26,30,-16,-20,-3,8,sil
15.989259958267212,-3,-8,-7,-1,5,1,16,8,12,13,-8,-7,3,8,sil
15.989259958267212,-6,-17,-15,-20,-12,-14,-5,1,6,1,7,11,15,5,sil
16.004321336746216,8,-8,-8,-25,-13,-13,-14,0,0,-6,16,21,16,4,sil
16.004321336746216,28,15,13,2,2,-17,-13,-2,-14,-19,27,20,12,3,sil
16.01999306678772,23,22,24,22,4,-23,-20,-14,-21,-24,31,22,9,0,sil
16.01999306678772,2,10,23,10,0,-7,-19,-18,-10,-11,14,15,1,-5,sil
16.50707173347473,-20,-36,-35,-40,-10,14,20,11,19,20,-32,-31,-3,-1,sil
16.50707173347473,-23,-37,-36,-44,-7,9,5,10,15,-10,-43,-31,-8,-8,sil
16.522846937179565,-22,-26,-34,-43,-7,-9,-13,5,7,-21,-30,-14,-11,-14,sil
16.522846937179565,-9,-6,-20,-26,-5,-22,-21,0,4,-2,8,14,13,-10,sil
16.538039207458496,12,6,4,-5,-5,-20,-22,3,1,1,39,34,36,8,sil
16.538039207458496,29,24,28,20,0,-19,-20,-1,-9,-10,53,43,30,14,sil
16.55350089073181,28,36,35,41,0,-19,-17,-13,-24,-23,49,48,14,1,sil
16.55350089073181,20,31,32,39,-2,-14,-14,-19,-25,-24,41,49,5,0,sil
16.56913924217224,21,24,28,36,2,-11,-14,-16,-15,-7,49,43,17,9,sil
16.56913924217224,15,19,24,24,1,-12,-15,-7,-12,0,37,26,14,11,sil
16.58438777923584,-1,9,15,10,-2,-4,-8,-8,-15,-5,-4,-1,-13,0,sil
16.58438777923584,0,9,15,26,3,7,-2,-14,-13,-10,-22,-13,-24,-5,sil
16.599950551986694,16,22,26,42,12,11,0,-1,-5,-2,-7,-6,-3,7,sil
16.599950551986694,5,15,13,22,16,9,6,-1,-5,8,-1,-9,4,8,sil
16.615890979766846,-20,-7,-7,0,12,14,12,-13,-19,1,-20,-26,-15,-5,sil
16.615890979766846,-18,-14,-11,0,6,25,27,0,-13,-4,-34,-32,-25,-8,sil
16.631953716278076,-6,-11,-14,-4,2,24,35,16,4,3,-34,-28,-16,-5,sil
16.631953716278076,-13,-15,-17,-12,0,16,16,15,10,15,-23,-18,-4,-1,sil
16.64802098274231,-5,-12,-7,-7,1,16,12,17,27,34,1,-2,19,14,sil
16.64802098274231,17,-4,6,-9,0,8,20,26,46,45,12,9,31,26,sil
16.663289070129395,8,-8,2,-22,-10,-2,10,17,36,30,1,5,19,11,sil
16.663289070129395,-13,-22,-16,-30,-11,-7,-1,3,17,10,-7,-3,7,-3,sil
16.678797960281372,-2,-21,-12,-26,-5,-9,-4,3,5,-7,-1,1,6,-1,sil
16.678797960281372,14,-5,-2,-17,-10,-17,-21,-4,-4,-20,14,14,9,-6,sil
16.694142818450928,4,0,-9,-21,-18,-24,-38,-12,-14,-22,16,22,3,-16,sil
16.694142818450928,-9,5,-10,-16,-11,-18,-19,-11,-18,-21,1,7,-9,-17,sil
16.71018123626709,-11,8,-4,9,2,4,11,-12,-18,-20,-16,-23,-27,-16,sil
16.71018123626709,-14,-4,-9,10,4,17,25,2,-3,-2,-24,-31,-31,-8,sil
16.725385189056396,-12,-21,-22,-10,2,6,18,18,23,18,-9,-11,-6,2,sil
16.725385189056396,0,-17,-18,-15,6,-12,-7,4,16,-1,4,4,10,0,sil
16.740557193756104,4,9,1,1,12,-19,-25,-15,-11,-27,6,11,1,-6,sil
16.740557193756104,0,22,11,15,15,-12,-18,-22,-22,-15,8,4,-9,-5,sil
16.75658392906189,-6,13,11,18,13,3,-8,-13,-18,5,-1,-7,-15,0,sil
16.75658392906189,-4,9,8,24,10,20,4,4,9,22,-5,-6,-7,9,sil
16.77231216430664,5,3,0,12,6,15,7,17,31,24,3,6,3,21,sil
16.77231216430664,11,-5,-1,-12,3,-1,-8,8,8,0,7,10,4,9,sil
16.787817001342773,12,0,3,-7,3,-5,-11,-7,-17,-19,10,5,2,-11,sil
16.787817001342773,15,16,15,13,-1,2,-2,-4,-18,-19,15,10,4,-6,sil
16.802914142608643,20,21,24,19,-5,1,-2,-4,-12,-12,15,15,10,0,sil
16.802914142608643,8,11,20,12,-5,-8,-5,-15,-21,-11,2,3,7,-8,sil
16.818395853042603,-6,9,19,10,-4,0,4,-11,-23,-13,0,-5,-2,-4,sil
16.818395853042603,-4,11,16,20,-1,18,24,0,3,0,7,-7,0,10,sil
16.834490299224854,-5,2,4,13,-10,11,26,6,16,15,-6,-9,1,14,sil
16.834490299224854,-12,-16,-5,-10,-18,8,19,10,11,30,-12,-3,0,12,sil
16.84999966621399,-5,-23,-8,-19,-8,13,16,12,16,34,1,3,8,15,sil
16.84999966621399,2,-10,-5,0,-11,-5,6,10,13,14,-3,5,9,13,sil
16.866108894348145,-1,-4,-9,10,-20,-22,-4,4,7,8,-8,6,9,5,sil
16.866108894348145,-3,-11,-16,-12,-13,-15,-8,13,17,20,3,7,13,10,sil
16.882227420806885,-1,-21,-27,-28,-6,-14,-10,13,20,16,1,0,8,4,sil
16.882227420806885,-8,-26,-34,-29,-8,-19,-22,-3,5,-9,-9,-5,0,-19,sil
16.897395133972168,-11,-13,-23,-35,-1,-5,-28,-8,-10,-28,-7,-2,0,-25,sil
16.897395133972168,0,0,-13,-31,6,-5,-20,-6,-22,-30,4,0,4,-15,sil
16.913036584854126,7,3,-5,-11,3,-14,-12,-6,-20,-23,11,9,6,-3,sil
16.913036584854126,12,19,18,12,14,1,-4,-2,-3,-9,22,19,5,1,sil
16.929087162017822,13,32,36,24,31,14,0,-4,-3,-6,13,6,-7,-4,sil
16.929087162017822,5,22,23,23,30,13,4,-7,-11,-13,-15,-17,-26,-17,sil
16.944926261901855,-6,11,6,24,23,26,19,-9,0,0,-16,-24,-21,-17,sil
16.944926261901855,-4,13,15,26,29,29,26,0,7,19,-6,-12,-14,-3,sil
16.960259199142456,3,13,22,25,27,18,18,4,-1,4,-16,-11,-22,1,sil
16.960259199142456,-7,-4,4,16,-11,18,14,-4,-12,-16,-29,-25,-32,-5,sil
16.975860595703125,-17,-20,-3,-2,-36,15,14,0,-9,-4,-26,-18,-26,3,sil
16.975860595703125,0,-15,-6,-8,-4,-1,19,16,19,32,-4,3,4,25,sil
16.990962028503418,11,-3,-8,-7,12,-16,10,15,31,37,11,13,29,27,sil
17.00657606124878,5,-4,-8,-9,-8,-25,-8,0,9,7,16,16,25,13,sil
17.00657606124878,7,-11,-15,-10,-14,-31,-21,-2,-3,-12,16,18,16,5,sil
17.022281646728516,14,0,-7,-8,-6,-26,-26,6,0,-11,15,19,16,2,sil
17.022281646728516,11,20,7,2,-5,-15,-23,1,6,-7,24,17,23,-5,sil
17.037901401519775,1,16,5,0,-6,-11,-22,-10,-1,-18,29,13,20,-12,sil
17.037901401519775,-5,0,0,-7,-12,-4,-24,-14,-24,-18,9,2,-1,-17,sil
17.05303454399109,-20,-7,-3,-3,-14,2,-18,-19,-39,-4,-14,-16,-21,-23,sil
17.05303454399109,-33,-11,-7,0,-7,6,-5,-16,-32,-13,-20,-26,-25,-18,sil
17.068203687667847,-19,-6,-2,7,2,18,7,-7,-10,-13,-7,-12,-14,-4,sil
17.068203687667847,-1,-5,2,7,6,31,21,1,3,11,-9,-1,-12,9,sil
17.08385157585144,-7,-17,-3,-6,0,26,33,14,12,25,-18,-4,-8,22,sil
17.08385157585144,-1,-21,-5,-8,-5,4,31,17,29,26,-4,1,13,28,sil
17.09899139404297,23,-6,4,-1,-8,-7,14,19,38,30,9,15,29,29,sil
17.09899139404297,19,0,-3,-10,-6,-7,10,22,38,32,7,7,24,19,sil
17.11432695388794,-2,-7,-21,-23,-2,-13,13,19,34,18,-2,-5,12,4,sil
17.11432695388794,0,0,-9,-16,0,-12,6,10,19,-3,-5,-1,2,-4,sil
17.130216360092163,13,8,0,-2,6,-3,-5,-4,-5,-22,0,3,-3,-12,sil
17.130216360092163,9,7,-1,-3,6,-9,-22,-9,-25,-40,0,0,-9,-20,sil
17.145925283432007,7,14,2,2,8,-10,-19,-8,-16,-33,7,0,-1,-18,sil
17.145925283432007,11,25,16,20,17,2,-9,-8,-7,-4,20,12,12,-5,sil
17.161075115203857,13,24,22,21,16,3,-13,-6,-14,3,22,15,8,1,sil
17.161075115203857,6,18,11,17,9,-4,-20,-15,-16,-5,20,4,-6,-5,sil
17.176820039749146,-9,15,5,14,8,-1,-20,-21,-20,-7,6,-4,-16,-14,sil
17.176820039749146,-16,5,7,14,9,6,-1,-15,-19,2,-12,-12,-17,-11,sil
17.192330360412598,-15,-2,3,11,4,10,17,-2,-8,5,-20,-21,-19,-5,sil
17.192330360412598,-16,-3,0,4,0,19,19,4,-5,3,-22,-17,-22,-4,sil
17.207857847213745,-19,-12,-6,-1,-4,27,20,0,-6,5,-29,-15,-20,-7,sil
17.207857847213745,-21,-25,-12,-11,-15,14,17,0,-5,3,-35,-22,-21,0,sil
17.223910093307495,-7,-15,-4,-9,-19,2,7,12,8,9,-18,-11,-6,12,sil
17.223910093307495,14,-4,7,-2,-8,1,0,16,24,20,2,12,16,24,sil
17.240002632141113,23,-8,8,-11,-3,-9,-3,10,12,5,4,26,18,25,sil
17.240002632141113,18,-7,4,-15,-4,-27,-6,0,-5,-17,11,24,18,11,sil
17.25588822364807,17,1,2,-7,-8,-27,-14,0,1,-18,22,19,27,1,sil
17.25588822364807,19,10,-2,-2,-8,-16,-21,12,20,2,31,22,32,1,sil
17.27122712135315,16,11,-3,-2,-5,-13,-16,6,12,4,35,20,29,0,sil
17.27122712135315,0,7,2,0,-3,-6,-5,-13,-20,-19,14,-2,2,-13,sil
17.286239624023438,-29,-1,-7,3,4,5,7,-22,-29,-18,-11,-32,-29,-29,sil
17.286239624023438,-34,-13,-17,0,7,8,12,-5,-5,7,-18,-35,-29,-18,sil
17.301911115646362,-13,-11,-2,2,3,14,21,10,19,21,-10,-19,-3,7,sil
17.301911115646362,-7,0,0,16,5,18,29,6,22,23,-11,-11,0,11,sil
17.3170747756958,-15,-4,-15,7,2,6,16,2,6,14,-16,-4,-14,4,sil
17.3170747756958,-2,-12,-19,-9,-6,1,0,1,12,11,-5,7,-3,7,sil
17.33222985267639,17,-4,-4,-10,0,5,-8,3,26,6,4,18,20,14,sil
17.33222985267639,20,4,1,-7,10,-9,-24,4,11,-12,3,22,20,14,sil
17.34824013710022,17,0,-5,-11,0,-25,-33,-1,-13,-30,4,16,12,6,sil
17.34824013710022,22,5,3,-6,0,-12,-17,2,-17,-17,14,18,20,9,sil
17.36397933959961,21,18,19,7,18,1,4,5,-11,-2,23,21,18,8,sil
17.36397933959961,-3,14,13,0,13,-1,5,0,-11,-13,13,9,-5,-9,sil
17.37924098968506,-10,15,10,1,4,1,4,0,-5,-8,6,-1,-15,-19,sil
17.37924098968506,6,26,23,27,15,11,10,0,-3,9,4,-7,-14,-12,sil
17.394991874694824,-1,14,23,27,12,13,1,-11,-11,1,-16,-17,-32,-10,sil
17.394991874694824,-25,-12,1,6,-4,18,-5,-16,-9,2,-27,-30,-35,-14,sil
17.410088539123535,-24,-24,-8,-2,-12,22,6,-5,-2,20,-17,-30,-21,-12,sil
17.410088539123535,-13,-23,-9,-7,-19,15,21,7,4,19,-19,-26,-21,-5,sil
17.42527985572815,-11,-31,-29,-23,-26,-1,16,3,18,9,-20,-19,-11,1,sil
17.42527985572815,-7,-28,-31,-35,-22,-15,-3,2,16,-3,-2,0,14,7,sil
17.441055059432983,9,3,-1,-11,-5,-16,-8,4,2,-7,23,20,32,4,sil
17.441055059432983,25,28,16,19,0,-14,-8,0,-4,0,26,22,27,0,sil
17.4571635723114,22,27,20,16,4,-9,-12,-5,-3,-1,19,18,18,2,sil
17.4571635723114,7,17,17,6,13,-1,-1,-3,-1,-1,22,21,14,6,sil
17.472915172576904,-5,11,9,8,4,-5,3,0,-8,1,12,7,-1,0,sil
17.472915172576904,-16,3,-2,7,-7,-5,-4,-7,-14,-4,-10,-19,-21,-15,sil
17.48893904685974,-17,-1,-4,8,0,9,0,-14,-11,-7,-21,-25,-24,-11,sil
17.48893904685974,-4,0,1,17,7,22,24,0,-1,6,-13,-3,-7,14,sil
17.50406837463379,2,-7,-8,7,1,16,24,11,11,24,-8,4,11,23,sil
17.50406837463379,-2,-27,-21,-29,-9,0,-5,10,16,5,-21,0,9,16,sil
17.519270181655884,4,-27,-12,-35,-13,-10,-16,15,15,-19,-18,10,14,13,sil
17.519270181655884,15,-10,-5,-16,-5,-22,-9,15,18,-14,3,17,29,12,sil
17.534549713134766,12,0,-6,-15,0,-24,-20,2,5,-5,12,11,24,4,sil
17.550232887268066,8,7,-2,-11,-1,-17,-24,-13,-17,-18,7,5,5,-11,sil
17.550232887268066,11,7,6,-3,-5,-16,-15,-13,-25,-26,2,0,-2,-20,sil
17.565569162368774,10,10,10,1,5,-10,-3,-2,-12,-6,8,-1,1,-13,sil
17.565569162368774,0,19,7,12,23,11,9,0,-3,3,12,-3,-5,-11,sil
17.565569162368774,-10,19,6,22,20,23,10,0,-14,-10,-3,-15,-27,-19,sil
17.58121085166931,-12,12,8,28,10,19,11,-4,-11,-7,-14,-24,-31,-16,sil
17.596359491348267,-11,2,12,21,8,17,19,0,2,14,-6,-10,-18,1,sil
17.596359491348267,-13,-7,5,4,5,21,22,8,12,24,-2,-2,-11,13,sil
17.611858367919922,-8,-17,-7,-1,0,19,15,4,20,20,-11,-10,-10,15,sil
17.611858367919922,-3,-14,-5,2,-1,9,1,5,27,20,-10,-2,-3,15,sil
17.627270698547363,-4,-11,-5,-5,-7,-5,-9,11,28,28,14,14,17,11,sil
17.627270698547363,3,-11,-4,-17,-12,-14,-14,15,18,20,36,24,31,12,sil
17.642638444900513,26,4,14,-3,-2,-6,-7,10,8,8,40,32,25,14,sil
17.642638444900513,34,18,18,15,8,0,-4,-7,2,4,30,29,7,1,sil
17.659087896347046,7,13,0,2,2,-1,-12,-21,-13,-9,5,4,-13,-15,sil
17.659087896347046,-19,4,-8,-5,-5,0,-9,-24,-29,-19,-15,-21,-20,-23,sil
17.674832344055176,-20,-4,-1,5,-4,11,5,-19,-35,-19,-26,-24,-20,-16,sil
17.674832344055176,-15,-13,-4,6,-3,18,19,-8,-19,-12,-34,-18,-17,-2,sil
17.690345287322998,-13,-18,-17,-9,-15,6,17,0,4,-1,-21,-13,2,6,sil
17.690345287322998,0,-15,-17,-22,-21,-17,3,8,7,-5,-4,3,23,11,sil
17.705877780914307,10,-1,-8,-13,-2,-32,-5,6,-1,-21,2,14,20,4,sil
17.705877780914307,13,18,6,2,12,-33,-15,0,-3,-18,15,10,12,-2,sil
17.721923351287842,10,32,21,8,5,-24,-12,0,-2,1,26,6,8,-2,sil
17.721923351287842,-4,15,10,13,1,-5,5,-8,-6,8,2,-8,-6,-4,sil
17.73737120628357,-21,-13,-5,11,0,8,11,-9,-13,3,-34,-30,-23,-9,sil
17.73737120628357,-18,-24,-19,-7,-4,5,4,5,-5,6,-33,-30,-18,-7,sil
17.753236770629883,-10,-24,-33,-27,-8,-6,0,19,9,6,-14,-16,-8,0,sil
17.753236770629883,2,-15,-18,-18,-1,-1,-2,19,13,-4,-3,3,3,0,sil
17.76877784729004,23,1,7,-2,4,4,-6,5,7,-7,16,23,25,0,sil
17.76877784729004,30,18,18,-1,6,-1,-11,2,4,-2,32,30,31,7,sil
17.7848162651062,26,34,23,14,16,3,-6,6,12,4,31,23,23,17,hello
17.7848162651062,10,26,24,27,18,21,-2,-4,3,-1,12,4,1,8,hello
17.800174474716187,-16,-1,17,9,0,25,-4,-10,-9,-3,-13,-12,-24,-5,hello
17.800174474716187,-20,-19,0,-4,-6,20,8,5,20,23,-23,-18,-21,0,hello
17.815956830978394,-5,-17,-12,-13,0,14,17,12,41,35,-12,-7,-2,9,hello
17.815956830978394,8,0,-5,-13,0,4,6,-4,12,7,13,12,7,0,hello
17.8312885761261,10,16,9,0,-1,-6,-9,-14,-20,-19,21,19,2,-11,hello
17.8312885761261,-10,4,9,6,-4,0,-10,-8,-25,-18,-8,-1,-18,-11,hello
17.846959590911865,-24,-12,-6,11,2,12,7,-3,-8,3,-23,-20,-27,-5,hello
17.846959590911865,-6,-6,-6,10,3,3,17,9,9,16,0,0,0,14,hello
17.862542152404785,10,3,0,-1,-8,-17,6,9,2,2,13,21,20,17,hello
17.862542152404785,4,3,-4,-6,-7,-22,-9,-13,-27,-31,2,6,-1,-11,hello
17.87829875946045,-5,4,0,3,1,-12,-11,-14,-32,-34,-4,-15,-24,-26,hello
17.87829875946045,-12,-5,2,7,-1,2,5,0,-2,12,-7,-24,-16,-7,hello
17.89383888244629,-16,-21,-14,-7,-4,9,6,4,5,25,-24,-17,-2,7,hello
17.89383888244629,-3,-7,-22,-7,0,-2,-9,2,0,-5,-12,4,16,9,hello
17.909998416900635,16,7,-10,4,-7,-23,-14,1,7,-6,23,23,37,7,hello
17.909998416900635,23,5,3,-1,-15,-26,-11,5,1,0,26,25,25,8,hello
17.926020860671997,24,14,7,1,3,-10,-6,4,-3,-3,20,17,16,3,hello
17.926020860671997,21,25,17,15,16,2,0,0,5,3,31,14,22,3,hello
17.941402912139893,5,15,27,16,4,12,11,-2,9,9,23,4,4,6,hello
17.941402912139893,-4,2,16,17,0,20,15,-8,2,5,-3,-14,-18,-2,hello
17.95715355873108,-3,0,7,12,5,15,4,-6,0,10,-17,-17,-17,-7,hello
17.95715355873108,-16,-11,0,-3,5,15,0,-4,0,16,-19,-18,-17,-3,hello
17.9728262424469,-38,-33,-23,-17,-5,20,1,-10,-5,-7,-36,-35,-37,-10,hello
17.9728262424469,-28,-32,-33,-20,-12,7,8,-4,-5,-23,-44,-32,-38,-19,hello
17.988399982452393,-4,-16,-22,-23,-6,-14,11,8,8,1,-21,-10,-12,-6,hello
17.988399982452393,-4,-15,-14,-33,-6,-14,0,12,12,12,-1,2,4,8,hello
18.003586053848267,2,-12,-13,-31,-7,-7,-9,10,5,-7,4,9,13,4,hello
18.003586053848267,18,2,-1,-11,0,-18,-7,14,7,-15,15,22,22,1,hello
18.020246982574463,24,16,15,7,8,-22,-5,15,11,-3,31,37,32,8,hello
18.020246982574463,20,19,17,6,14,-14,-10,2,1,-7,37,34,29,4,hello
18.03525686264038,9,23,17,5,19,-7,-16,-7,-13,-12,20,18,12,-3,hello
18.03525686264038,0,30,23,32,25,10,0,-6,-10,5,13,4,3,-1,hello
18.051424503326416,0,21,24,42,23,25,15,-4,-2,13,6,-6,-4,3,hello
18.051424503326416,-8,3,11,14,8,17,7,-10,-7,7,-17,-22,-25,-1,hello
18.07333517074585,-17,-2,-6,4,-5,12,7,-13,-6,16,-25,-26,-25,-3,hello
18.07333517074585,-10,0,-17,5,-15,14,14,0,-4,10,-18,-14,-12,4,hello
18.07333517074585,-3,-8,-23,-16,-18,4,7,7,4,-4,-20,-8,-6,6,hello
18.081849813461304,-2,-18,-22,-24,-12,-6,-1,5,18,5,-19,-7,2,7,hello
18.09739089012146,5,-11,-8,-8,-8,-7,1,7,12,14,-6,0,14,11,hello
18.09739089012146,15,-3,-5,-9,-16,-9,-5,2,0,-1,8,4,21,0,hello
18.11267066001892,15,-2,-3,-19,-15,-5,-22,-2,0,-14,17,18,21,-7,hello
18.11267066001892,10,4,7,-2,0,0,-24,-5,0,-10,16,21,12,-6,hello
18.12828278541565,1,12,17,14,7,0,-13,-6,-12,-6,1,0,-5,-11,hello
18.12828278541565,-10,12,20,23,4,10,9,-1,-13,-2,-2,-13,-18,-12,hello
18.14387583732605,-18,4,12,29,7,20,20,-7,-5,1,0,-13,-20,-10,hello
18.14387583732605,-24,-9,2,6,0,13,5,-10,-15,-2,-18,-22,-36,-13,hello
18.159943342208862,-25,-18,-4,-5,-5,16,10,3,-5,0,-31,-27,-37,-10,hello
18.159943342208862,-9,-19,-14,-2,0,12,20,15,19,4,-9,-2,-4,6,hello
18.175477027893063,12,-18,-10,-19,-6,-6,1,15,13,0,12,25,27,21,hello
18.175477027893063,21,-8,-4,-31,-12,-11,-12,3,2,-1,23,27,32,17,hello
18.19079113006592,25,8,2,-12,-2,-14,-14,-3,1,-7,28,27,17,10,hello
18.19079113006592,29,24,22,13,6,-25,-21,-8,-4,-12,35,34,18,8,hello
18.206312656402588,24,27,29,21,10,-26,-19,-17,-17,-5,36,28,21,4,hello
18.206312656402588,4,18,19,14,8,-25,-9,-15,-25,-8,14,9,-2,-1,hello
18.22218084335327,-21,0,0,12,4,-23,4,-6,-17,-12,-12,-16,-28,-14,hello
18.22218084335327,-33,-10,-11,10,0,-11,13,0,-1,-3,-29,-30,-26,-18,hello
18.237834692001343,-22,-8,-13,2,0,-7,18,6,13,16,-17,-12,-2,-1,hello
18.237834692001343,-7,-17,-19,-3,0,-11,16,8,24,29,-2,-2,10,11,hello
18.253056287765503,-1,-16,-16,-6,0,1,7,9,22,14,-4,-3,6,12,hello
18.253056287765503,13,3,-2,0,2,18,3,14,25,7,5,15,22,14,hello
18.268678665161133,28,9,3,-1,0,13,-2,16,21,13,23,31,44,19,hello
18.268678665161133,25,6,1,-5,0,8,-6,7,10,12,21,19,36,11,hello
18.284146785736084,16,16,-1,-2,5,12,-4,0,3,4,10,0,15,-5,hello
18.299997568130493,0,19,-1,-9,3,10,-10,-3,-15,-13,-16,-16,-13,-19,hello
18.299997568130493,-17,3,-9,-14,0,16,-8,-12,-30,-28,-49,-41,-42,-31,hello
18.299997568130493,-25,-13,-21,-15,5,33,2,-13,-23,-17,-59,-56,-53,-28,hello
18.315277814865112,-30,-13,-18,-13,11,37,7,-2,-16,-1,-51,-55,-47,-20,hello
18.315277814865112,-33,-6,-11,-10,11,26,11,-1,-14,-3,-38,-48,-42,-20,hello
19.605934619903564,23,1,0,-3,-5,-19,-10,-3,-9,-18,12,7,10,3,hello
19.605934619903564,22,20,14,11,2,-13,-13,-11,-23,-14,9,12,4,-5,hello
19.6211531162262,11,25,21,18,5,0,-9,-5,-18,3,9,10,-1,-2,hello
19.6211531162262,9,23,26,29,10,10,0,3,0,12,18,6,0,7,hello
19.63696479797364,10,25,33,31,14,9,4,3,4,6,23,6,7,10,hello
19.63696479797364,2,17,21,24,14,13,9,-4,0,12,9,-4,1,7,hello
19.65177822113037,-14,-3,-2,8,6,16,15,-3,0,16,-10,-18,-7,9,hello
19.65177822113037,-27,-23,-22,-9,-9,0,6,6,9,15,-8,-15,0,5,hello
19.667863845825195,-22,-33,-28,-20,-20,-20,-13,7,12,9,-1,-3,4,0,hello
19.667863845825195,-5,-23,-15,-24,-17,-16,-16,5,9,-3,1,4,4,3,hello
19.683829069137573,4,-1,-8,-15,-16,-13,-6,8,6,-18,0,5,4,-3,hello
19.683829069137573,3,7,-2,-3,-14,-20,-14,6,-8,-32,-7,5,-6,-19,hello
19.699357748031616,7,18,13,8,0,-3,-12,-8,-20,-30,3,16,-7,-14,hello
19.699357748031616,22,29,23,15,7,12,-1,-18,-18,-11,25,20,7,3,hello
19.715032815933228,27,32,25,24,14,13,11,-4,-9,12,19,16,9,14,hello
19.715032815933228,17,20,18,35,31,30,36,6,11,36,1,10,6,19,hello
19.730180978775024,0,-7,0,10,16,32,33,4,21,27,-15,0,1,18,hello
19.730180978775024,-10,-21,-11,-22,-10,-4,-7,0,10,-1,-21,-6,2,7,hello
19.74602460861206,-4,-20,-17,-22,-6,-17,-15,3,11,-9,-10,-5,13,1,hello
19.74602460861206,-7,-22,-24,-25,0,-2,3,10,16,-3,-14,-5,6,-1,hello
19.76103448867798,-12,-19,-31,-41,-7,-16,-9,2,8,-2,-16,-12,-1,-14,hello
19.76103448867798,-5,-6,-19,-37,-1,-30,-33,-3,-2,-6,1,-11,3,-21,hello
19.77636361122132,-2,7,-1,-6,7,-7,-16,-1,-4,-5,14,-7,0,-18,hello
19.77636361122132,-8,17,4,13,10,8,4,-10,-7,-2,9,-11,-14,-20,hello
19.79215741157532,-7,16,2,9,10,3,-1,-16,-16,-10,4,-8,-19,-22,hello
19.79215741157532,-1,6,6,7,7,7,0,-10,-15,-8,1,-1,-19,-15,hello
19.807615280151367,-5,2,14,16,1,12,7,-4,-10,7,-11,-4,-26,-2,hello
19.807615280151367,-8,5,14,21,0,10,6,-1,-11,8,-22,-13,-24,0,hello
19.82326579093933,-4,-3,8,16,0,11,10,1,-9,-1,-19,-15,-16,0,hello
19.82326579093933,-7,-17,1,0,-1,12,15,6,0,3,-14,-8,-16,9,hello
19.838900804519653,-2,-17,-4,-4,-9,8,21,12,14,11,-8,1,-7,21,hello
19.838900804519653,10,-9,-3,4,-14,9,22,17,15,7,0,11,10,29,hello
19.854838609695435,9,-6,-2,1,-6,6,11,13,12,9,13,9,20,23,hello
19.854838609695435,0,-14,-11,-15,-4,-11,-1,4,14,16,18,2,24,8,hello
19.87002992630005,3,-12,-8,-19,-16,-23,-7,3,9,6,18,12,29,5,hello
19.87002992630005,14,0,-1,-3,-15,-17,-11,-4,0,-6,24,23,30,4,hello
19.88564157485962,19,11,10,4,-7,-18,-26,-15,-11,-20,26,24,18,-2,hello
19.88564157485962,23,22,31,17,-5,-22,-32,-16,-22,-24,30,34,21,-5,hello
19.901347875595093,22,25,28,29,0,-21,-28,-19,-27,-22,33,34,23,-4,hello
19.901347875595093,9,22,19,25,8,-17,-29,-11,-25,-16,24,20,7,0,hello
19.91687846183777,6,29,26,32,15,0,-14,0,-6,11,20,13,4,5,hello
19.91687846183777,0,23,21,40,14,20,11,0,3,27,5,4,1,3,hello
19.93283128738404,-19,4,3,19,11,28,29,4,7,11,-22,-15,-17,0,hello
19.93283128738404,-26,-15,-17,-6,12,33,37,15,17,7,-39,-36,-22,-1,hello
19.9478657245636,-20,-29,-32,-31,1,27,21,11,11,5,-47,-44,-23,-2,hello
19.9478657245636,-20,-29,-35,-44,-7,10,11,7,14,1,-43,-40,-21,-6,hello
19.96331262588501,-18,-19,-34,-41,0,0,14,20,36,10,-30,-27,-6,-2,hello
19.96331262588501,-4,-12,-29,-36,1,-9,0,20,21,1,-27,-14,-3,0,hello
19.97882413864136,7,-3,-28,-32,0,-21,-17,-6,-13,-24,-20,-10,-12,-12,hello
19.97882413864136,8,8,-18,-29,6,-12,-11,-16,-21,-26,-12,-8,-14,-17,hello
19.99421238899231,5,10,-8,-19,11,-3,-5,-9,-10,-10,-11,-2,-11,-10,hello
19.99421238899231,-2,0,-8,-6,12,-14,-15,-14,-19,-20,-9,-2,-17,-23,hello
20.00996398925781,-11,-3,-1,2,7,0,-5,-10,-21,-23,-9,-12,-26,-29,hello
20.00996398925781,-12,-4,3,10,0,27,29,2,12,18,-5,-19,-18,0,hello
20.02605414390564,-6,-9,2,5,-11,9,26,10,34,43,3,-4,0,22,hello
20.02605414390564,3,-2,9,3,-10,-16,-7,12,27,22,28,20,26,19,hello
20.042072772979736,18,11,24,17,-2,-9,-17,3,14,-1,57,39,41,15,hello
20.042072772979736,26,23,36,35,-3,0,-10,-8,-4,-11,61,47,33,12,hello
20.05749082565308,14,21,37,47,-7,4,-12,-15,-22,-8,37,27,16,0,hello
20.05749082565308,-3,3,30,35,-7,8,-5,-10,-24,1,10,0,-1,1,hello
20.078563690185547,-4,-12,16,15,-8,4,13,-2,-14,11,1,6,0,10,hello
20.078563690185547,12,-10,4,6,-13,-5,3,2,-3,14,7,26,21,12,hello
20.08910870552063,22,4,9,0,-7,-12,-18,8,5,8,22,30,29,10,hello
20.08910870552063,15,19,18,3,13,-9,-9,2,7,5,33,25,18,1,hello
20.104209899902344,0,18,14,18,19,4,1,-4,-4,2,14,8,2,-2,hello
20.104209899902344,-9,0,0,9,4,16,6,-4,-8,-5,-19,-15,-15,-1,hello
20.120294332504272,-18,-23,-17,-15,-7,13,13,-8,-5,-11,-40,-29,-31,-2,sil
20.120294332504272,-25,-26,-23,-24,-12,5,11,-5,-15,-11,-45,-33,-36,-6,sil
20.136228799819943,-14,-18,-25,-16,-12,0,16,9,-6,0,-36,-39,-20,-4,sil
20.136228799819943,-9,-23,-35,-25,-14,-5,21,24,17,5,-30,-32,0,1,sil
20.151822566986084,-16,-22,-40,-35,-14,-11,0,24,20,2,-28,-16,8,3,sil
20.151822566986084,-6,-3,-32,-24,-2,-14,-24,11,8,1,-12,-5,12,1,sil
20.16742897033692,9,8,-9,-21,9,-9,-19,0,2,-1,4,9,9,1,sil
20.16742897033692,7,9,0,-16,12,-2,-6,-9,1,-4,8,10,0,-9,sil
20.18255853652954,2,18,-4,-3,11,-6,-10,-11,-4,-9,6,0,-7,-19,sil
20.18255853652954,12,33,7,4,15,-5,-8,-2,-3,-3,15,9,5,-6,sil
20.19832968711853,14,25,17,9,16,2,1,-8,-1,-3,13,14,3,0,sil
20.19832968711853,0,5,9,11,5,3,3,-10,-13,-22,-12,-9,-26,-13,sil
20.213863849639893,-1,7,7,17,8,7,6,-1,-10,-16,-14,-14,-24,-14,sil
20.213863849639893,6,12,16,15,20,12,3,-2,1,-1,7,7,0,0,sil
20.22994065284729,4,10,16,12,11,4,-8,-13,-10,-17,10,8,0,2,sil
20.22994065284729,0,5,13,26,-6,0,-6,-17,-15,-15,5,0,-4,1,sil
20.24523973464965,-1,-7,15,25,-8,3,3,-7,4,13,5,8,2,11,sil
20.24523973464965,-11,-23,4,4,0,6,5,1,18,22,2,3,2,10,sil
20.26138210296631,-8,-19,2,6,0,7,7,6,15,20,-3,-4,-2,3,sil
20.26138210296631,4,-3,11,22,-6,13,16,14,24,30,2,7,2,11,sil
20.276515245437626,9,-11,-4,7,-8,8,20,17,37,30,13,12,14,15,sil
20.276515245437626,4,-26,-19,-28,-8,-7,2,17,26,12,5,2,20,10,sil
20.292250156402588,5,-18,-6,-30,-13,-15,-2,18,20,14,3,6,25,15,sil
20.307839393615723,14,-6,1,-9,-15,-16,0,17,25,16,20,17,29,17,sil
20.307839393615723,13,0,-1,-11,-10,-20,-16,3,-1,-12,18,12,17,-1,sil
20.323094606399536,-4,12,-6,-22,-6,-20,-33,-19,-41,-39,1,-6,-3,-30,sil
20.323094606399536,-18,18,-4,-11,-2,-9,-19,-23,-50,-33,1,-10,-10,-31,sil
20.339107036590576,-13,16,1,6,5,12,3,-17,-38,-14,2,-9,-10,-16,sil
20.339107036590576,-12,11,0,8,9,20,12,-13,-27,0,-14,-25,-19,-13,sil
20.354703187942505,-16,9,-1,16,11,18,12,6,-8,15,-16,-27,-21,-6,sil
20.354703187942505,-15,0,-6,13,21,26,20,16,13,23,-7,-16,-9,3,sil
20.37032890319824,-18,-18,-19,-26,16,31,24,4,7,13,-22,-21,-14,6,sil
20.37032890319824,-13,-15,-17,-29,0,18,15,0,-2,13,-26,-16,-12,7,sil
20.385246753692627,5,0,-4,10,-4,-3,-1,1,-1,10,-6,6,5,15,sil
20.385246753692627,13,-1,0,4,-9,-25,-18,-1,-11,-16,-5,15,5,17,sil
20.40092420578003,15,-12,-1,-12,-20,-40,-25,-5,-21,-25,-3,18,3,5,sil
20.40092420578003,27,-2,11,-1,-19,-38,-25,1,-12,-19,13,37,14,3,sil
20.416244506835938,33,13,24,5,-6,-22,-13,8,1,-18,28,43,26,10,sil
20.416244506835938,21,14,17,6,4,-12,-1,0,-1,-11,23,26,16,1,sil
20.43183445930481,6,15,14,11,3,-16,-11,-14,-22,-18,1,4,-15,-20,sil
20.43183445930481,-3,15,17,16,4,-11,-11,-20,-22,-26,-7,-14,-30,-24,sil
20.447343826293945,-5,10,16,15,13,15,6,-4,2,-6,-1,-16,-16,-5,sil
20.447343826293945,-4,7,13,22,20,38,19,4,22,23,0,-5,-2,3,sil
20.462998628616333,-8,-1,3,26,18,39,17,-3,35,29,-9,-13,-5,-4,sil
20.462998628616333,-12,-12,-8,7,8,29,13,2,58,22,-14,-24,-7,0,sil
20.479076623916622,-12,-11,-21,-10,0,13,11,10,73,28,-7,-14,6,3,sil
20.479076623916622,-13,-14,-26,-20,-11,-6,0,1,68,23,-2,-3,9,-1,sil
20.494248628616333,-11,-19,-25,-25,-19,-8,-3,2,87,3,-1,-2,2,0,sil
20.494248628616333,-3,-13,-25,-28,-12,-5,5,16,79,-10,1,0,8,4,sil
20.510375499725345,2,-3,-10,-26,-7,-9,2,21,-25,-14,7,10,14,0,sil
20.510375499725345,10,5,6,-12,-7,-6,-3,8,-102,-6,19,20,15,0,sil
20.52637791633606,11,8,10,-1,-6,-8,-10,-7,-81,-6,21,17,10,4,sil
20.52637791633606,4,8,13,8,-2,-6,-14,-12,-62,-13,7,7,-1,0,sil
20.54175114631653,1,14,20,27,3,8,-1,-15,-70,-12,1,-1,-10,-4,sil
20.54175114631653,1,17,21,24,6,12,12,-12,-57,-8,-2,-8,-12,0,sil
20.55688762664795,-4,3,5,10,8,11,22,-3,-22,7,-11,-16,-9,3,sil
20.55688762664795,-8,-9,-7,11,7,16,24,5,7,25,-12,-14,-1,9,sil
20.5720374584198,-1,-5,-5,10,0,4,9,8,16,15,-2,-3,9,11,sil
20.5720374584198,-1,-8,-10,4,-4,-9,-3,0,12,11,-2,-5,7,4,sil
20.588152170181274,-4,-20,-15,-2,-4,-3,-6,2,12,21,-13,-10,-5,4,sil
20.588152170181274,1,-8,-9,-4,1,-1,-3,15,22,13,0,-1,0,7,sil
20.603838682174683,9,8,-3,-8,7,-18,-13,9,18,-8,20,9,11,3,sil
20.603838682174683,7,6,1,-14,5,-22,-26,0,6,-14,10,9,7,-4,sil
20.619325399398804,4,-3,-3,-19,0,-10,-19,-6,5,-7,-2,3,1,-11,sil
20.619325399398804,1,-5,-7,-29,-5,-10,-9,-9,0,-14,-6,8,-2,-12,sil
20.635226488113403,0,0,-2,-21,-2,-9,-11,-13,-8,-26,-9,6,-11,-17,sil
20.635226488113403,-5,3,2,-6,9,-1,-13,-16,-12,-27,-12,-6,-19,-27,sil
20.650442361831665,-9,5,9,-2,8,3,-9,-11,-13,-22,-8,-7,-18,-14,sil
20.650442361831665,-3,12,11,7,5,1,-4,-11,-10,-15,0,-3,-10,-2,sil
20.666198253631592,-1,13,11,18,7,1,1,-7,-5,-8,-2,-1,-11,-4,sil
20.666198253631592,-1,12,26,20,3,15,20,9,7,12,0,9,-6,5,sil
20.681118488311768,2,5,28,22,-1,27,33,21,31,33,3,13,7,22,sil
20.681118488311768,2,-8,2,13,-1,16,22,19,39,27,0,3,12,21,sil
20.69660782814026,1,-19,-12,0,-6,2,12,17,32,10,3,1,13,16,sil
20.69660782814026,2,-13,-10,-4,-17,0,13,22,31,16,4,8,16,20,sil
20.71182560920716,0,-4,-23,-2,-17,-12,6,10,26,20,6,6,24,12,sil
20.71182560920716,3,-3,-28,-9,-12,-34,-15,-12,-3,-7,16,6,26,-3,sil
20.72789764404297,8,2,0,-12,-10,-19,-27,-16,-32,-31,18,12,11,-11,sil
20.72789764404297,-4,4,2,2,-3,11,-9,-14,-23,-10,5,-5,-7,-17,sil
20.744014024734497,-17,0,-6,9,0,12,1,-16,-16,0,-7,-22,-18,-19,sil
20.744014024734497,0,14,18,15,6,6,1,-12,-24,-9,1,-8,-12,-8,sil
20.75916838645935,8,23,25,26,10,16,4,-7,-16,1,13,-5,-4,1,sil
20.75916838645935,-4,10,0,16,3,18,9,0,-7,13,-5,-20,-16,0,sil
20.774306774139404,0,-4,-9,1,1,11,5,2,-3,9,-24,-21,-23,2,sil
20.774306774139404,10,-13,1,-3,7,8,3,8,6,10,-9,-8,-7,10,sil
20.790207862854004,9,-8,8,1,5,11,16,22,20,25,7,5,11,18,sil
20.790207862854004,5,-1,-3,0,3,4,20,21,22,32,1,8,12,15,sil
20.80539608001709,5,-8,-16,-14,0,-10,1,12,13,11,-18,0,-3,6,sil
20.80539608001709,2,-8,-12,-19,0,-14,-3,12,10,-3,-15,1,1,2,sil
20.82054376602173,0,-6,-8,-18,0,-14,-5,7,9,-3,2,10,21,3,sil
20.83603286743164,-1,-8,-12,-29,-3,-23,-20,-5,-3,-15,7,15,17,-1,sil
20.83603286743164,-7,-8,-18,-32,-4,-26,-25,-15,-23,-30,2,9,0,-12,sil
20.852071523666385,-9,-4,-7,-21,-3,-21,-24,-16,-31,-34,1,5,-2,-16,sil
20.852071523666385,1,4,9,0,1,-17,-27,-20,-20,-24,14,10,6,-18,sil
20.8673574924469,0,17,16,11,4,-10,-18,-18,-15,-13,11,11,-3,-18,sil
20.8673574924469,-16,11,8,2,0,1,-3,-15,-28,-30,-10,-4,-22,-18,sil
20.882944583892822,-16,-1,6,3,1,6,-1,-21,-35,-48,-4,-22,-19,-17,sil
20.882944583892822,0,8,29,22,5,7,-3,-12,-21,-16,10,-10,-8,-5,sil
20.89804196357727,2,19,30,34,7,20,8,4,8,29,0,1,-4,6,sil
20.89804196357727,-7,1,2,20,4,28,14,9,22,29,-5,-6,-8,8,sil
20.913644552230835,-10,-4,-3,4,1,19,11,10,11,20,2,-9,-8,10,sil
20.913644552230835,-1,3,1,9,1,14,23,12,20,36,-3,-4,-4,14,sil
20.929271936416622,0,0,-2,9,-2,15,29,14,39,38,-23,-11,-11,13,sil
20.929271936416622,-3,-7,-10,0,-6,11,21,13,38,27,-18,-16,-10,8,sil
20.945018529891968,5,-5,-17,-8,0,2,14,17,29,18,-1,0,13,12,sil
20.945018529891968,20,-7,-17,-14,-1,-4,4,20,25,9,3,17,29,21,sil
20.960118055343628,12,-12,-17,-11,-16,-12,-1,6,20,8,0,8,22,7,sil
20.960118055343628,4,-9,-9,-6,-15,-17,0,3,7,-6,-8,0,6,-5,sil
20.97549867630005,15,0,0,-6,0,-13,-1,8,-1,-24,-4,15,7,2,sil
20.97549867630005,8,0,-4,-10,0,-12,-13,-7,-13,-22,4,20,10,2,sil
20.99081015586853,-12,-6,-5,-10,-6,-13,-16,-19,-27,-13,2,8,-1,-12,sil
20.99081015586853,2,-1,8,-1,2,-11,-6,-5,-22,-6,10,8,2,-11,sil
21.00688600540161,24,6,20,0,2,-7,-7,6,-12,-2,28,20,16,4,sil
21.00688600540161,9,5,6,-1,-5,3,-12,-1,-7,-2,34,14,14,-1,sil
21.02202177047729,-6,0,-3,5,3,9,-5,-10,-6,0,26,-1,4,-12,sil
21.02202177047729,1,12,14,16,17,4,0,-8,-8,9,17,0,0,-2,sil
21.03712177276612,0,24,19,21,16,7,-1,-10,-10,13,15,-1,0,2,sil
21.03712177276612,-14,13,1,15,8,11,-9,-17,-19,0,4,-10,-5,-5,sil
21.05314540863037,-9,14,6,15,9,8,-7,-13,-18,-8,3,-6,-5,-5,sil
21.05314540863037,1,25,20,24,17,9,7,-1,4,4,7,1,0,3,sil
21.06839704513549,-10,7,13,13,8,10,16,9,13,9,-15,-8,-8,8,sil
21.06839704513549,-24,-19,-11,-5,-11,8,15,2,1,-2,-52,-35,-26,-3,sil
21.083914041519165,-18,-20,-23,-18,-17,6,11,-3,-7,-19,-62,-39,-40,-16,sil
21.083914041519165,-7,-14,-16,-26,-15,-1,8,3,-2,-22,-45,-20,-35,-10,sil
21.099937677383423,-8,-30,-19,-36,-23,-23,-5,1,-1,-21,-30,-18,-19,-6,sil
21.099937677383423,-6,-32,-19,-39,-25,-29,-19,1,0,-22,-20,-11,-7,-5,sil
21.115111351013184,13,-7,-2,-18,-8,-10,-6,13,19,0,5,19,12,7,sil
21.115111351013184,17,1,2,-12,-4,-8,-9,14,28,9,16,28,25,13,sil
21.13066411018372,8,0,-3,-16,-6,-24,-35,3,5,-20,13,18,18,-1,sil
21.13066411018372,11,10,3,8,11,-17,-27,-11,-12,-24,27,18,13,-4,sil
21.14639568328857,8,20,16,37,25,14,7,-8,-9,8,24,13,2,5,sil
21.14639568328857,-7,12,5,44,21,33,32,6,5,31,5,-6,-5,1,sil
21.16248893737793,-12,-3,-12,26,14,21,30,9,16,30,5,-11,1,1,sil
21.16248893737793,-2,-10,-17,-1,10,8,14,5,19,30,13,2,13,15,sil
21.17792582511902,6,-5,-15,-15,5,1,3,4,12,24,17,14,17,11,sil
21.17792582511902,10,5,2,-10,-4,-6,-8,0,-10,0,11,13,6,-3,sil
21.19319248199463,14,24,24,12,-2,-2,-11,-14,-21,-5,12,6,4,-7,sil
21.19319248199463,9,24,23,26,6,8,2,-17,-16,11,14,1,5,-2,sil
21.20931386947632,-8,0,8,5,0,13,17,-2,-16,14,-1,-6,-8,0,sil
21.20931386947632,-16,-15,0,-9,-11,9,20,4,0,11,-23,-13,-13,7,sil
21.223989009857178,0,-11,1,-8,-9,0,16,11,19,14,-24,-4,1,17,sil
21.223989009857178,12,-6,1,-10,-7,-6,12,15,27,16,-4,12,18,19,sil
21.239230394363403,7,-7,0,-11,-10,-3,0,10,21,-1,4,14,17,10,sil
21.2545018196106,2,-3,1,-6,-13,-5,-13,1,2,-24,0,4,4,-2,sil
21.2545018196106,1,-1,-4,-5,-10,-6,-13,-5,-11,-25,-2,-4,0,-18,sil
21.2545018196106,-3,2,-7,-9,-2,0,-6,1,0,-15,0,0,1,-12,sil
21.27021646499633,0,7,0,0,6,-3,-7,11,15,-9,5,4,3,0,sil
21.285427570343018,0,-3,-1,0,2,-21,-21,-2,-2,-11,5,-5,-5,-10,sil
21.286422967910767,-12,-9,-1,-10,-4,-17,-28,-18,-26,-20,-8,-11,-26,-25,sil
21.286422967910767,-16,7,5,0,3,0,-16,-20,-20,-21,-13,-14,-26,-24,sil
21.300976753234863,0,19,6,12,11,0,-14,-15,-13,-13,0,-7,-9,-12,sil
21.31631064414978,17,23,9,13,15,-4,-19,-9,-18,-14,21,9,3,0,sil
21.31631064414978,9,20,10,16,16,5,-9,-12,-26,-22,16,4,-3,0,sil
21.33228182792664,-10,9,3,16,9,21,6,-13,-27,-13,-15,-16,-24,-1,sil
21.33228182792664,-5,0,0,16,12,26,31,-1,-4,18,-11,-13,-13,11,sil
21.347877502441406,2,-5,4,17,18,23,41,18,16,35,3,4,1,28,sil
21.347877502441406,-10,-18,-4,3,5,13,29,17,11,24,-8,-2,-8,18,sil
21.362916946411133,-17,-28,-22,-14,-9,0,17,4,5,10,-22,-15,-8,4,sil
21.362916946411133,-7,-19,-14,-21,-13,-7,14,15,16,8,-11,-2,13,13,sil
21.378915071487427,-5,-15,-17,-19,-14,-9,4,17,25,21,-1,3,17,17,sil
21.378915071487427,-13,-28,-36,-28,-21,-25,-16,0,7,9,-14,-5,0,-3,sil
21.394046783447266,-8,-28,-30,-39,-26,-29,-20,-3,-4,-14,-14,-1,7,-16,sil
21.394046783447266,12,-9,-10,-38,-17,-5,-5,9,12,-1,8,11,23,-3,sil
21.409206867218018,23,9,2,-16,-5,0,-3,12,25,17,22,18,19,4,sil
21.409206867218018,22,26,15,25,1,-15,-9,1,16,5,29,25,20,0,sil
21.424776077270508,28,35,30,40,7,-12,-8,-2,0,-10,32,31,26,0,sil
21.424776077270508,26,33,34,28,7,6,-5,-2,-6,-12,19,22,11,-1,sil
21.440359354019165,1,21,18,21,0,7,-13,-12,-10,-9,10,0,-5,-15,sil
21.440359354019165,-14,9,8,12,2,1,-20,-22,-19,-10,1,-14,-17,-18,sil
21.455958604812626,-8,9,13,14,16,11,-2,-21,-18,-6,-8,-14,-24,-11,sil
21.455958604812626,-7,1,12,17,13,21,16,-8,-1,-1,-11,-15,-25,-4,sil
21.471848726272583,-17,-10,5,-1,0,19,17,8,8,6,-8,-20,-16,0,sil
21.471848726272583,-12,-13,0,-7,2,14,16,8,2,17,-6,-18,-4,4,sil
21.48702383041382,-7,-13,0,6,6,9,15,0,-1,15,-14,-10,-10,9,sil
21.48702383041382,-11,-18,-5,0,-2,6,11,4,6,8,-12,-5,-10,8,sil
21.50230813026428,-4,-22,-15,-24,-11,3,8,15,17,14,-1,0,9,12,sil
21.50230813026428,11,-12,-13,-24,-4,0,3,19,23,13,3,7,22,16,sil
21.517884731292725,16,0,-11,-9,1,-7,-1,11,17,0,5,10,20,4,hello
21.517884731292725,14,13,-2,0,0,-17,-5,3,-5,-11,12,19,15,-3,hello
21.534008741378784,15,16,5,0,0,-14,-5,-8,-22,-19,12,27,14,0,hello
21.534008741378784,0,2,-6,-10,0,-14,-15,-20,-29,-42,-8,7,-1,-10,hello
21.5491750240326,-22,-2,-13,-14,-3,-15,-23,-16,-37,-52,-29,-19,-23,-24,hello
21.5491750240326,-20,1,-1,6,0,-1,-14,-12,-30,-18,-19,-19,-24,-16,hello
21.56444811820984,-5,1,6,9,8,17,1,-3,-14,8,-7,-6,-14,6,hello
21.56444811820984,0,0,5,3,8,21,20,11,9,18,-9,-4,-7,19,hello
21.57998561859131,0,0,5,7,0,6,20,15,31,36,-4,-3,1,20,hello
21.57998561859131,5,-8,0,-2,-9,-10,-5,5,21,31,11,8,12,21,hello
21.59567928314209,11,-6,-10,-15,-5,-23,-23,-7,1,-6,22,13,17,4,hello
21.59567928314209,11,10,-2,-4,0,-26,-20,-11,-2,-27,18,11,6,-20,hello
21.61095881462097,12,28,17,24,1,-5,-10,-12,-8,-9,18,6,-6,-24,hello
21.61095881462097,5,19,16,36,0,18,1,-8,-13,1,15,-3,-9,-11,hello
21.625975370407104,-14,-4,-1,16,-2,19,16,8,0,1,-6,-13,-13,-5,hello
21.625975370407104,-18,-18,-15,-1,0,12,24,17,22,20,-17,-15,-10,-4,hello
21.64189124107361,-3,-18,-13,-9,0,5,13,20,35,33,-2,-5,9,7,hello
21.64189124107361,6,-11,-8,-16,-5,-11,0,17,27,17,17,9,34,14,hello
21.65735602378845,9,0,-7,-17,-3,-25,-10,-2,-4,-10,13,14,25,-2,hello
21.65735602378845,6,8,5,-8,-2,-16,-21,-24,-38,-33,-4,7,-8,-19,hello
21.67273473739624,-3,13,15,11,3,8,-9,-25,-31,-25,-9,-3,-21,-17,hello
21.67273473739624,-16,11,11,21,13,26,11,-7,-11,-2,-14,-10,-20,-2,hello
21.688520431518555,-14,-3,-1,1,4,19,15,10,0,7,-24,-12,-22,10,hello
21.688520431518555,-3,-25,-18,-25,-13,0,10,8,15,15,-22,-17,-12,10,hello
21.704418659210205,0,-30,-12,-32,-14,-4,6,12,26,15,-9,-8,8,15,hello
21.704418659210205,7,-13,1,-22,-5,0,1,22,27,6,12,16,32,23,hello
21.71916961669922,12,7,2,-5,-1,-10,-11,2,14,-4,25,20,30,9,hello
21.71916961669922,6,25,12,20,9,-8,-11,-18,-2,-2,15,3,4,-6,hello
21.73536372184753,6,28,27,42,22,18,11,-5,-9,10,4,0,-7,3,hello
21.73536372184753,6,9,16,27,15,29,22,4,-8,10,-3,-1,-6,10,hello
21.75087118148804,-7,-14,-7,-1,0,13,7,-1,-5,-1,-18,-13,-11,-4,hello
21.7674400806427,-21,-22,-19,-23,-13,0,0,5,5,0,-24,-14,-13,-9,hello
21.7674400806427,-7,-12,-19,-25,-12,-7,2,13,21,13,2,-1,4,-2,hello
21.7674400806427,10,0,-16,-9,1,-18,-9,-1,15,6,31,11,22,0,hello
21.782393217086792,13,10,-3,-2,6,-24,-27,-3,-12,-15,25,22,16,-2,hello
21.782393217086792,12,19,9,0,5,-18,-23,-1,-18,-19,8,20,5,-10,hello
21.797199726104736,9,18,10,8,3,-12,-19,-16,-16,-20,12,7,-1,-14,hello
21.81240940093994,1,14,16,18,0,-7,-19,-29,-37,-37,10,-1,-13,-14,hello
21.81240940093994,0,17,23,26,6,2,-1,-25,-40,-37,-6,-10,-25,-15,hello
21.82849645614624,-8,8,17,19,8,13,10,-12,-19,-13,-25,-14,-29,-4,hello
21.82849645614624,-18,-13,-1,6,-5,18,11,0,-4,10,-25,-15,-21,4,hello
21.84366703033448,-15,-26,-12,-1,-16,14,15,10,2,19,-21,-18,-9,5,hello
21.84366703033448,-9,-24,-12,-9,-17,6,20,18,15,21,-19,-11,2,16,hello
21.85928654670716,-7,-23,-21,-20,-13,-1,15,15,30,27,-6,2,17,22,hello
21.85928654670716,0,-20,-24,-26,-11,-11,-1,11,31,21,6,8,23,19,hello
21.875203132629395,16,-2,-9,-15,-8,-20,-8,18,27,16,15,17,26,13,hello
21.875203132629395,30,19,11,3,5,-12,-1,25,25,14,24,28,37,12,hello
21.890357732772827,27,22,19,8,14,3,3,15,15,2,27,23,27,9,hello
21.890357732772827,4,6,4,1,3,-1,-4,-16,-13,-18,8,0,-9,-12,hello
21.90589189529419,-10,1,0,2,1,-7,-13,-28,-34,-25,-14,-12,-33,-35,hello
21.90589189529419,-10,8,9,18,13,9,2,-10,-15,0,-11,-16,-24,-24,hello
21.921016693115234,-13,5,3,19,10,21,22,0,5,16,-4,-20,-20,-4,hello
21.921016693115234,-20,0,-3,4,3,23,23,0,6,8,-11,-15,-21,-1,hello
21.93654036521912,-12,-4,0,3,12,29,22,11,20,27,-4,-3,-1,9,hello
21.93654036521912,-2,-7,-9,-4,7,15,14,17,31,38,9,3,16,26,hello
21.95261549949646,-3,-9,-23,-22,-12,-13,-11,5,13,0,9,8,17,13,hello
21.95261549949646,0,-9,-17,-26,-19,-28,-29,-5,-8,-28,14,16,20,-4,hello
21.968353986740112,12,2,4,-15,-11,-23,-30,-4,-18,-22,20,14,15,-6,hello
21.968353986740112,20,21,17,0,-1,-13,-28,-11,-27,-30,11,5,0,-12,hello
21.98303747177124,10,24,17,14,0,-10,-26,-24,-33,-41,-2,3,-10,-17,hello
21.98303747177124,-9,8,12,12,2,-3,-10,-24,-25,-23,-14,-5,-17,-14,hello
21.998194456100464,-18,-11,1,0,9,14,7,-12,-15,-4,-31,-31,-25,-16,hello
21.998194456100464,-13,-24,-8,-6,12,24,19,0,-8,1,-37,-34,-24,-13,hello
22.013402700424194,-13,-28,-19,-4,4,6,21,3,1,12,-24,-21,-17,-3,hello
22.013402700424194,-10,-23,-21,-8,-11,-11,7,8,9,10,-16,-10,-9,8,hello
22.029264211654663,5,-10,-10,-15,-14,-15,-2,20,17,0,0,8,15,18,hello
22.029264211654663,16,-1,-4,-19,-1,-13,-5,16,19,-10,17,27,31,18,hello
0.0890412330627441,16,8,1,-18,-8,-14,-28,-1,-1,-2,44,32,39,13,hello
0.0890412330627441,23,10,2,-8,0,-10,-27,-10,-15,-11,48,28,23,4,hello
0.1043362617492675,2,12,12,-8,-6,-9,-17,-9,-32,-9,31,0,-6,-10,hello
0.1043362617492675,-12,22,17,19,2,18,15,-6,-7,15,10,-20,-10,-15,hello
0.1199767589569091,-14,10,6,14,11,31,27,11,15,20,-3,-15,-2,2,hello
0.1199767589569091,0,-3,-7,-10,6,7,15,19,19,17,15,3,23,14,hello
0.1355209350585937,9,4,0,-12,0,-15,-2,0,3,2,32,16,38,1,hello
0.1355209350585937,-5,21,14,0,1,-4,-13,-19,-25,-20,6,-2,5,-21,hello
0.151292085647583,-20,13,3,16,7,20,4,-27,-38,-20,-18,-39,-25,-28,hello
0.151292085647583,-17,-9,-11,6,4,29,25,-10,-20,-5,-21,-35,-27,-10,hello
0.1672570705413818,-14,-19,-17,-11,1,21,21,6,23,24,-13,-12,-9,0,hello
0.1672570705413818,-3,-13,-9,-16,5,3,5,11,35,38,-5,0,10,3,hello
0.1824095249176025,16,-2,10,-9,6,-8,1,9,5,10,13,18,22,8,hello
0.1824095249176025,13,6,9,-2,1,-14,-3,-6,-11,-10,22,19,11,0,hello
0.1982884407043457,0,11,5,-3,-5,-18,-18,-9,-13,-14,1,0,-12,-8,hello
0.1982884407043457,-11,10,17,7,-5,-3,-8,-2,-4,-11,-3,-3,-13,-8,hello
0.2138533592224121,-12,3,17,20,-6,3,13,0,2,-3,1,1,-11,0,hello
0.2138533592224121,-1,-6,7,9,-9,-4,13,10,9,7,-10,1,-16,8,hello
0.2299027442932129,4,-20,-7,-4,-14,-9,3,20,28,8,-16,0,-2,9,hello
0.2299027442932129,-1,-31,-16,-23,-20,-7,-7,18,28,-9,-20,0,2,14,hello
0.245856761932373,-5,-27,-26,-35,-20,-16,-18,1,3,-17,-12,2,0,4,hello
0.245856761932373,5,-8,-16,-19,-6,-20,-27,-14,-22,-19,4,6,5,-12,hello
0.2610025405883789,21,20,25,16,14,1,-20,-8,-25,-18,10,11,8,-3,hello
0.2610025405883789,17,30,31,43,30,25,8,-5,-1,4,0,0,0,6,hello
0.2766828536987304,0,5,-6,25,19,18,21,-4,11,16,-22,-24,-17,1,hello
0.2766828536987304,-13,-16,-27,-6,0,5,9,4,16,13,-32,-28,-16,0,hello
0.2920958995819092,-2,-13,-23,-17,-4,-5,-4,9,21,8,-5,0,9,3,hello
0.3078134059906006,13,6,-9,-10,1,-13,-14,2,3,-7,22,24,18,-2,hello
0.3078134059906006,6,20,4,9,11,0,-14,-10,-11,-20,18,9,0,-17,hello
0.3078134059906006,-8,14,14,23,6,15,0,-12,-12,-21,4,-6,-14,-11,hello
0.3234143257141113,-8,7,14,20,1,16,17,-4,-8,-2,3,0,-10,2,hello
0.3234143257141113,-8,3,2,8,7,14,27,1,0,20,-1,-3,-4,2,hello
0.3393340110778808,-15,-6,-10,-7,0,14,22,10,1,21,-14,-15,-11,0,hello
0.3393340110778808,-23,-21,-20,-17,-15,9,15,4,-7,11,-20,-21,-13,-1,hello
0.3550443649291992,-9,-17,-9,-12,-9,5,14,6,-4,13,-13,-9,0,5,hello
0.3711550235748291,21,0,8,-6,5,-2,15,22,20,26,12,16,26,20,hello
0.3711550235748291,25,4,2,-10,-1,-22,-3,13,21,18,24,25,30,16,hello
0.3711550235748291,12,2,-4,-12,-14,-36,-32,-7,-10,-9,15,21,17,-1,hello
0.3863189220428467,16,9,8,-3,-7,-30,-32,-17,-25,-15,32,29,24,-6,hello
0.3863189220428467,14,11,16,-3,-4,-20,-24,-17,-25,-15,38,25,19,0,hello
0.4019367694854736,-1,6,13,0,-8,-14,-19,-17,-30,-34,3,0,-8,-7,hello
0.4019367694854736,0,14,23,21,0,-6,-7,-15,-28,-36,-3,-3,-15,-8,hello
0.4179039001464844,6,19,33,31,8,5,2,-8,-13,-4,16,8,-3,4,hello
0.4179039001464844,-6,0,13,23,10,22,4,0,9,24,2,-5,-4,5,hello
0.4330403804779053,-17,-11,-7,16,14,27,9,8,23,21,-23,-26,-17,0,hello
0.4489614963531494,-14,-6,-13,3,11,25,16,16,26,21,-26,-24,-18,4,hello
0.4489614963531494,-13,-8,-20,-12,-4,15,16,15,30,26,-18,-17,-6,4,hello
0.4641616344451904,-5,-16,-21,-21,-16,3,8,13,31,14,-17,-15,2,0,hello
0.4641616344451904,5,-16,-20,-25,-9,-1,1,8,25,5,-16,-11,7,-2,hello
0.4795103073120117,1,-13,-24,-30,-5,-6,-12,0,4,-8,-18,-4,4,-4,hello
0.4795103073120117,0,-5,-17,-24,-4,-3,-23,-5,-10,-30,-4,1,0,-6,hello
0.4953970909118652,10,7,1,-8,3,2,-15,-9,-7,-28,19,9,4,-10,hello
0.4953970909118652,15,13,15,3,4,0,-5,-5,-8,-20,20,15,7,-10,hello
0.5109081268310547,3,13,18,14,1,-6,-1,-6,-15,-19,12,9,0,-10,hello
0.5109081268310547,-6,8,17,16,5,0,5,-1,-11,-8,11,3,-7,-4,hello
0.5262775421142578,-5,0,16,19,13,9,24,1,-3,4,4,3,-13,0,hello
0.5262775421142578,-12,-6,6,22,9,16,37,2,-5,7,-9,-7,-16,0,hello
0.5416684150695801,-20,-8,-1,9,0,7,25,6,-4,16,-17,-12,-8,3,hello
0.5416684150695801,-7,-10,-11,-5,0,-12,9,6,13,31,-8,8,10,14,hello
0.5572102069854736,7,-8,-17,-22,-4,-25,-3,0,13,19,8,27,18,12,hello
0.5572102069854736,8,5,-5,-17,-5,-18,-13,-5,-7,-8,18,20,9,0,hello
0.5729172229766846,5,16,7,13,8,0,-9,-9,-9,-16,6,1,0,-4,hello
0.5729172229766846,6,8,8,27,6,7,0,-5,-1,4,-12,-12,-12,2,hello
0.5885360240936279,3,-10,-4,8,-10,-4,-2,1,2,20,-11,-19,-7,12,hello
0.5885360240936279,0,-18,-18,-21,-16,-22,-17,1,1,0,-8,-13,8,7,hello
0.6042802333831787,4,-3,-9,-27,-10,-18,-26,1,-6,-24,-6,0,9,-2,hello
0.6042802333831787,7,22,11,2,-1,0,-25,-2,-15,-17,4,0,-2,-10,hello
1.9455606937408447,-14,-13,-5,0,-3,10,13,6,-2,2,-24,-27,-9,0,hello
1.9455606937408447,1,-5,-19,13,9,18,29,9,22,22,-7,-15,6,8,hello
1.961440801620484,4,-8,-9,-1,0,4,1,12,21,9,0,9,8,13,hello
1.962433099746704,5,-2,8,-15,-8,-1,-14,8,9,-1,19,26,24,8,hello
1.962433099746704,11,7,-7,0,0,-2,-4,-9,6,5,35,10,31,-7,hello
1.9771826267242432,13,19,6,0,12,-17,-23,-9,-13,-18,16,14,-3,-6,hello
1.992377519607544,1,24,33,-6,12,-14,-26,-2,-27,-29,-4,14,-28,-9,hello
1.992377519607544,-14,0,-16,22,9,10,18,-24,-4,12,0,-34,-12,-26,hello
2.0141518115997314,-14,-19,-35,28,4,12,29,-25,-5,15,-8,-40,-18,-6,hello
2.014547348022461,-4,0,29,5,1,11,8,9,-23,-10,-22,6,-34,22,hello
2.014547348022461,0,7,29,16,2,21,20,13,5,20,-5,1,-10,17,hello
2.0241363048553467,-4,-22,-17,5,-5,7,23,6,25,35,-2,-19,3,12,hello
2.039687395095825,-13,-33,-18,-32,-13,-7,0,19,14,2,-19,-4,-5,11,hello
2.039687395095825,-6,-17,-15,-30,-8,-4,-13,17,19,0,-5,3,10,0,hello
2.055368185043335,3,-6,-15,-20,-4,-7,-18,9,17,12,12,12,32,5,hello
2.055368185043335,15,11,1,-13,0,-9,-11,14,16,6,26,30,42,14,hello
2.0709564685821533,29,29,18,-2,3,-5,-7,9,20,-7,40,27,40,5,hello
2.0709564685821533,19,28,19,2,4,-5,-17,-5,-6,-21,26,14,13,-9,hello
2.086193323135376,-3,18,6,8,8,-1,-10,-25,-36,-20,1,0,-12,-21,hello
2.086193323135376,-8,16,3,17,9,12,6,-26,-32,-17,-8,-9,-24,-16,hello
2.101648092269897,-4,16,17,24,10,18,18,-7,-15,-12,-20,-16,-27,-6,hello
2.101648092269897,-12,-7,7,21,11,7,21,1,-3,8,-35,-26,-27,-9,hello
2.117274045944214,-20,-33,-20,-10,-1,-7,10,6,8,16,-37,-27,-21,-7,hello
2.117274045944214,-14,-33,-32,-38,-15,-21,-2,13,23,6,-20,-8,0,1,hello
2.13342809677124,8,-17,-17,-31,-17,-31,-15,13,19,-2,0,16,21,7,hello
2.13342809677124,25,1,2,-11,-11,-24,-22,1,2,-4,17,24,20,1,hello
2.148841381072998,17,17,8,0,1,-6,-15,-12,-7,-6,19,9,2,-6,hello
2.148841381072998,0,24,19,12,8,1,1,-9,-9,-11,13,1,-8,0,hello
2.1639645099639893,-5,18,26,32,4,16,17,-5,-3,1,10,1,-6,7,hello
2.1639645099639893,-5,9,16,34,8,37,27,-6,1,21,2,-3,-9,3,hello
2.17890739440918,-6,6,0,23,15,39,30,1,7,23,-4,-11,-8,6,hello
2.17890739440918,-14,-10,-15,5,2,17,13,3,7,8,-7,-19,-2,7,hello
2.1948347091674805,-20,-37,-26,-29,-20,0,-10,0,-3,-2,-20,-26,-10,-2,hello
2.1948347091674805,-11,-34,-32,-42,-23,-4,-8,5,-2,2,-15,-8,0,-6,hello
2.210392713546753,0,-17,-22,-21,-15,-14,-8,9,7,5,10,23,27,3,hello
2.210392713546753,12,-4,8,-6,-11,-24,-25,5,2,-5,28,40,33,16,hello
2.2255210876464844,31,6,20,-2,-5,-24,-27,-6,-15,-12,29,28,28,10,hello
2.2255210876464844,25,20,12,7,2,-19,-23,-18,-30,-15,23,20,18,-4,hello
2.241302013397217,6,27,13,20,13,-3,-16,-15,-16,-11,24,22,6,-6,hello
2.241302013397217,1,18,17,24,20,11,0,-1,4,-5,14,11,-9,-2,hello
2.2562501430511475,-1,12,19,29,18,17,16,2,-4,-3,-12,-11,-26,-10,hello
2.2562501430511475,-6,5,14,35,15,29,31,6,-5,3,-29,-26,-29,-8,hello
2.2715706825256348,-4,-6,0,14,6,26,33,25,20,10,-33,-22,-20,10,hello
2.2715706825256348,-1,-12,-13,-15,-9,-8,9,28,28,7,-24,-7,0,14,hello
2.286735773086548,-1,-8,-19,-23,-22,-34,-20,3,4,-8,-9,-3,6,-7,hello
2.286735773086548,-5,0,-8,-11,-14,-20,-20,-10,-12,-21,-7,-10,-11,-20,hello
2.303361892700196,-3,9,6,4,9,-1,-2,-12,-12,-13,-2,-9,-18,-15,hello
2.303361892700196,3,15,13,11,16,2,-3,-16,-20,-16,2,-4,-9,-9,hello
2.3188681602478027,1,13,5,11,9,11,-1,-20,-22,-18,-6,-16,-16,-11,hello
2.3188681602478027,-13,0,-10,6,7,20,17,-6,1,15,-17,-27,-22,-3,hello
2.3342764377593994,-28,-21,-29,-18,-3,10,21,10,24,35,-18,-20,-6,10,hello
2.3342764377593994,-26,-31,-40,-42,-16,-2,9,7,27,20,-13,-14,9,10,hello
2.3498575687408447,-8,-23,-29,-29,-7,0,10,12,31,24,-7,-6,14,14,hello
2.3498575687408447,0,-12,-12,-9,0,3,14,28,41,41,10,12,29,23,hello
2.3658924102783203,0,-20,-15,-46,-7,-13,2,21,34,21,33,22,44,14,hello
2.3658924102783203,17,-15,-8,-76,-7,-20,-9,6,15,-1,39,23,38,5,hello
2.38126802444458,37,12,11,-29,0,-11,-10,-3,0,4,37,29,30,6,hello
2.38126802444458,23,20,19,6,-1,-18,-21,-13,-21,-7,32,29,19,0,hello
2.396912097930908,4,14,19,1,-1,-18,-31,-21,-43,-34,18,18,2,-13,hello
2.396912097930908,8,27,30,35,10,7,-17,-22,-39,-31,2,8,-13,-13,hello
2.412968873977661,12,46,55,83,22,26,-1,-13,-26,-13,0,10,-20,-5,hello
2.412968873977661,6,38,60,82,18,21,4,-6,-17,-5,-1,10,-18,-3,hello
2.428140163421631,-8,6,26,48,1,11,4,-7,-20,-7,-25,-7,-27,0,hello
2.428140163421631,-24,-22,-14,20,-10,7,10,-3,-14,-8,-40,-29,-34,-1,hello
2.443368673324585,-22,-30,-27,7,-8,10,20,4,8,-1,-36,-30,-25,-3,hello
2.443368673324585,-10,-19,-15,0,-8,5,23,10,21,6,-27,-13,-13,2,hello
2.459399700164795,-1,-16,-14,-12,-16,-16,10,5,18,3,-9,-3,-3,3,sil
2.459399700164795,0,-22,-27,-34,-23,-36,-19,1,6,-12,0,0,0,-6,sil
2.474538803100586,3,-9,-19,-28,-13,-22,-34,3,-1,-15,6,9,7,-9,sil
2.489919662475586,17,16,1,2,9,-2,-22,3,0,-3,32,20,28,0,sil
2.489919662475586,29,24,5,1,13,-1,-11,6,1,-2,36,21,29,1,sil
2.489919662475586,15,14,0,-11,6,3,0,2,-6,-2,18,5,9,-7,sil
2.505542039871216,-12,4,3,-1,9,18,13,-7,-11,1,4,-12,-5,-9,sil
2.5212316513061523,-20,0,2,2,7,15,16,-9,-13,4,-5,-20,-12,-1,sil
2.5212316513061523,-14,-1,-6,-3,0,6,8,-3,-8,9,-9,-22,-15,-3,sil
2.5368497371673584,-20,2,0,4,7,10,13,4,2,12,-10,-19,-20,-2,sil
2.5368497371673584,-17,-1,0,9,11,12,19,6,13,19,-20,-14,-13,10,sil
2.552014112472534,0,-13,-9,-3,1,10,9,10,20,31,-22,-7,3,25,sil
2.552014112472534,7,-9,-4,-2,1,22,5,19,34,44,-1,5,19,31,sil
2.56724214553833,2,-10,-5,-1,0,20,12,13,40,42,6,9,23,25,sil
2.56724214553833,-5,-26,-26,-34,-18,-15,-8,2,11,2,-10,4,8,6,sil
2.5835776329040527,-1,-24,-29,-44,-18,-37,-23,-2,-9,-31,-5,7,4,-12,sil
2.5835776329040527,5,-6,-6,-19,0,-23,-7,1,0,-23,13,19,19,-9,sil
2.5992653369903564,12,4,10,-8,5,-13,0,6,4,-8,25,35,31,1,sil
2.5992653369903564,21,17,14,-1,4,-14,-7,-4,-8,-13,31,36,26,-3,sil
2.614887952804565,20,31,20,14,3,-7,-10,-19,-21,-29,16,11,-2,-15,sil
2.614887952804565,9,30,29,20,6,0,-8,-18,-17,-31,0,-11,-23,-21,sil
2.6309890747070312,9,23,26,25,13,-6,-5,-15,-10,-13,6,-14,-20,-15,sil
2.6309890747070312,13,23,23,37,11,0,0,-13,-9,5,6,-10,-22,-3,sil
2.646200180053711,0,15,16,35,3,13,4,-12,-10,-1,-9,-21,-30,-5,sil
2.646200180053711,-20,-10,4,12,-8,9,10,-9,-21,-19,-25,-34,-36,-10,sil
2.663867473602295,-28,-31,-12,-10,-14,10,23,-1,-19,-7,-31,-35,-27,-2,sil
2.663867473602295,-23,-35,-25,-17,-8,22,30,5,3,24,-29,-24,-8,1,sil
2.677253007888794,-15,-28,-21,-18,-6,16,17,17,16,26,-23,-5,0,6,sil
2.677253007888794,-4,-18,-14,-23,-12,-3,-2,21,17,13,-9,9,5,11,sil
2.693144559860229,0,-8,-12,-24,-16,-14,-21,14,12,2,3,14,18,11,sil
2.693144559860229,0,0,-7,-13,-9,-6,-31,5,5,-4,13,18,29,5,sil
2.7092294692993164,2,8,-6,-8,0,1,-24,1,4,-8,15,20,26,-1,sil
2.7092294692993164,4,16,0,-9,1,-8,-16,0,-1,-7,14,19,18,-3,sil
2.725153923034668,7,21,5,2,2,-22,-22,-7,-9,-6,31,21,21,0,sil
2.725153923034668,7,22,11,12,10,-16,-22,-5,-11,-9,23,18,16,2,sil
2.740279197692871,3,26,20,26,14,6,2,0,-12,-3,-18,-1,-5,-1,sil
2.740279197692871,2,20,19,44,14,21,19,-6,-10,8,-24,-16,-19,0,sil
2.756239414215088,1,0,5,34,14,21,24,-3,-1,9,0,-11,-20,5,sil
2.756239414215088,-1,-12,-6,8,11,17,41,9,18,21,0,-4,-13,12,sil
2.771853446960449,2,-24,-14,-16,-4,0,27,17,27,26,-2,0,0,18,sil
2.771853446960449,12,-28,-10,-30,-17,-21,-19,4,5,-2,17,9,13,7,sil
2.7869911193847656,10,-11,-1,-17,-7,-26,-29,-18,-21,-27,23,9,9,-15,sil
2.7869911193847656,-3,6,6,1,4,-4,-5,-13,-20,-13,5,-4,-9,-18,sil
2.803150415420532,-4,9,11,16,5,22,16,10,9,18,0,-10,-9,-2,sil
2.803150415420532,0,-3,6,12,0,25,28,17,31,31,-4,-8,0,13,sil
2.818976879119873,0,-21,-10,-13,-7,0,13,11,28,14,-14,-4,2,12,sil
2.818976879119873,6,-15,-15,-19,-7,-20,-13,-3,11,-3,3,5,14,-1,sil
2.8343405723571777,15,16,11,6,6,-16,-19,-16,-10,-4,35,18,20,-5,sil
2.8343405723571777,8,36,29,28,17,7,-4,-22,-21,0,27,3,7,-4,sil
2.849886894226074,-9,17,15,30,16,24,14,-19,-17,-12,-17,-22,-19,-6,sil
2.849886894226074,-24,-8,-6,12,5,26,26,0,0,-9,-41,-26,-31,-5,sil
2.865983009338379,-33,-30,-29,-18,-10,8,20,10,12,5,-39,-27,-23,-9,sil
2.865983009338379,-34,-36,-38,-41,-26,-11,0,11,4,-8,-43,-30,-22,-11,sil
2.8820815086364746,-17,-23,-31,-36,-22,-10,-2,13,9,-14,-27,-12,-7,0,sil
2.8820815086364746,3,-4,-20,-22,-11,-10,-5,18,18,4,2,14,21,8,sil
2.897269487380981,11,7,-4,-11,-7,-24,-23,11,1,-1,13,28,25,7,sil
2.897269487380981,20,11,0,-7,-7,-21,-32,-2,-8,-21,17,31,19,4,sil
2.913368225097656,30,20,11,-8,-3,-7,-27,2,0,-12,31,35,29,4,sil
2.913368225097656,33,40,34,10,8,-3,-20,3,-1,3,45,35,34,4,sil
2.9290778636932373,23,38,30,14,13,-11,-18,-15,-22,-3,34,21,13,-3,sil
2.9290778636932373,3,16,14,-2,6,-11,-14,-24,-43,-17,3,4,-9,-15,sil
2.944354295730591,-8,8,18,7,9,4,-2,-21,-40,-18,-11,-10,-23,-17,sil
2.944354295730591,-9,6,25,24,13,18,8,-15,-28,-14,-15,-22,-35,-7,sil
2.959911346435547,-12,-6,14,15,10,22,18,-6,-10,7,-13,-21,-29,0,sil
2.959911346435547,-13,-18,2,12,11,25,27,-1,8,32,-11,-14,-13,9,sil
2.9755821228027344,-11,-13,3,21,7,23,23,2,13,28,-19,-12,-17,18,sil
2.9755821228027344,-14,-17,-6,16,-3,9,14,3,17,20,-20,-17,-25,3,sil
2.9913887977600098,-18,-29,-24,-5,-8,0,13,8,25,25,-9,-20,-12,-9,sil
2.9913887977600098,-15,-25,-28,-16,-6,-1,14,19,28,21,1,-11,10,-1,sil
3.006900787353516,-10,-16,-28,-17,-11,-14,3,17,28,4,0,-2,18,5,sil
3.006900787353516,-2,-11,-25,-20,-15,-15,-10,12,23,-5,1,4,16,1,sil
3.0230960845947266,8,-3,-16,-16,-6,-6,-4,9,19,4,10,10,32,4,sil
3.0230960845947266,22,-2,-7,-11,-3,-13,-1,14,15,10,11,19,41,16,sil
3.038522243499756,34,6,7,0,0,-16,-2,9,7,-3,14,25,28,20,sil
3.038522243499756,32,26,19,18,8,-5,-4,-11,-5,-19,20,18,7,6,sil
3.05422306060791,15,26,17,10,0,-5,-14,-19,-22,-30,5,5,-17,-9,sil
3.0546905994415283,10,14,7,0,-4,-5,-18,-17,-29,-30,0,3,-17,-14,sil
3.070249557495117,8,12,13,9,6,-3,-14,-20,-32,-26,12,5,1,-6,sil
3.070249557495117,-4,15,22,19,11,1,-6,-15,-31,-18,7,-2,1,-3,sil
3.0853688716888428,-11,11,9,21,12,23,13,0,-10,-2,-3,-7,-13,-8,sil
3.0853688716888428,-12,5,0,15,12,32,26,10,8,13,-1,-5,-12,0,sil
3.1014516353607178,-14,-2,-1,2,5,18,21,4,16,22,0,-10,-1,6,sil
3.1014516353607178,-17,-14,-6,-1,1,11,18,6,19,23,-17,-16,-5,2,sil
3.1165904998779297,-20,-12,-12,3,1,19,17,15,21,27,-31,-14,-9,4,sil
3.1165904998779297,-17,-17,-24,-7,-7,10,2,9,13,22,-22,-15,-4,1,sil
3.133278608322144,-17,-31,-28,-33,-17,-5,-7,2,1,5,-21,-15,-9,-9,sil
3.133278608322144,-13,-26,-19,-37,-14,-18,-7,5,7,2,-15,-1,0,-8,sil
3.148925304412842,8,-4,-5,-27,-15,-34,-22,4,15,0,14,18,23,-1,sil
3.148925304412842,26,9,6,-20,-12,-35,-35,-6,0,-19,35,28,19,-5,sil
3.164175510406494,19,15,10,-12,0,-16,-23,-20,-26,-30,20,17,-3,-10,sil
3.164175510406494,7,18,16,-1,1,-8,-18,-14,-41,-34,7,9,-10,-8,sil
3.180091619491577,11,23,25,17,0,-2,-13,-1,-23,-21,19,13,5,0,sil
3.180091619491577,10,16,20,28,4,4,0,1,-1,1,9,5,4,9,sil
3.1950340270996094,-11,0,10,19,2,7,10,0,-4,1,-18,-9,-19,1,sil
3.1950340270996094,-18,-2,11,16,5,9,13,-3,-8,0,-15,-11,-18,-6,sil
3.210174322128296,2,8,18,22,14,13,14,-6,-6,16,0,-9,-4,1,sil
3.210174322128296,3,5,5,20,10,13,17,-9,-7,11,-9,-18,-12,0,sil
3.2258412837982178,-18,-17,-22,0,3,3,15,-6,-2,-2,-22,-24,-15,-7,sil
3.2258412837982178,-15,-25,-28,-20,0,3,10,4,6,0,-15,-11,2,2,sil
3.2409121990203857,1,-17,-21,-13,-3,8,11,11,17,12,3,2,13,15,sil
3.2409121990203857,3,-11,-16,-5,-7,2,8,19,27,17,9,5,14,18,sil
3.2569568157196045,8,-5,-9,-12,-3,-9,0,23,31,15,12,8,29,18,sil
3.2569568157196045,28,0,1,-21,0,-20,-11,11,23,8,27,26,46,18,sil
3.273032188415528,37,15,26,-6,2,-20,-20,-1,5,-4,35,45,39,11,sil
3.273032188415528,21,32,35,23,14,-1,-11,-6,-8,-7,27,27,10,-5,sil
3.2888612747192383,-10,19,11,25,14,19,4,-9,-12,-3,2,-14,-23,-17,sil
3.2888612747192383,-31,0,-9,7,2,20,3,-10,-8,1,-16,-30,-28,-17,sil
3.3041231632232666,-18,4,-3,9,0,9,-2,-9,-6,-1,-17,-17,-16,-9,sil
3.3041231632232666,-8,10,6,16,0,7,8,2,2,0,-17,-6,-17,3,sil
3.3201348781585693,-15,-12,-13,0,-3,11,23,9,16,9,-27,-12,-17,0,sil
3.3201348781585693,-17,-34,-36,-23,-18,3,13,4,6,4,-45,-25,-26,-12,sil
3.3362479209899902,-17,-25,-26,-23,-24,0,3,5,0,1,-39,-22,-28,-3,sil
3.3362479209899902,-11,-12,-13,-11,-11,3,5,11,14,6,-9,-2,-2,8,sil
3.351966142654419,8,-2,-6,-14,0,1,-3,10,10,-5,11,15,14,3,sil
3.351966142654419,25,6,0,-14,-1,-10,-19,-1,-4,-12,18,19,8,0,sil
3.3672139644622803,21,3,5,-14,-4,-23,-23,-7,-4,-5,19,13,4,-3,sil
3.3672139644622803,11,0,8,-14,-3,-26,-21,-12,-11,-17,19,7,11,-13,sil
3.3833117485046387,6,1,9,-2,-3,-23,-21,-21,-31,-28,17,7,11,-14,sil
3.3833117485046387,6,12,16,11,-2,-16,-17,-13,-33,-14,19,15,12,0,sil
3.398360252380371,12,23,22,19,9,-5,-6,-5,-17,0,27,19,24,2,sil
3.398360252380371,6,16,12,16,10,-2,-7,-16,-20,-15,10,7,13,-7,sil
3.414109468460083,-10,8,2,19,5,0,-7,-16,-25,-17,-8,-6,-8,-3,sil
3.414511203765869,-8,16,12,35,12,8,6,0,-7,10,9,-6,-1,6,sil
3.429121255874634,3,15,26,32,15,15,15,6,2,16,18,0,2,5,sil
3.429121255874634,-5,0,5,10,12,19,16,3,4,2,-2,-9,-7,1,sil
3.445359468460083,-10,-13,-14,1,9,22,21,8,14,8,-18,-20,-12,8,sil
3.445359468460083,-4,-12,-2,7,6,20,26,18,25,24,-19,-13,-16,12,sil
3.460895299911499,-6,-9,0,5,4,15,26,15,26,27,-14,-12,-15,7,sil
3.460895299911499,-12,-13,-16,-7,-2,10,16,12,22,19,-12,-13,-4,8,sil
3.476846218109131,-15,-23,-23,-26,-11,7,10,11,26,22,-10,-4,4,10,sil
3.476846218109131,-7,-29,-21,-36,-8,1,8,10,28,24,-6,4,5,6,sil
3.4923248291015625,13,-7,-6,-24,-2,0,5,18,27,19,2,13,18,14,sil
3.4923248291015625,25,12,4,-8,-2,-3,-1,13,26,6,5,22,30,17,sil
3.507880449295044,11,3,-4,-18,-12,-20,-23,-3,-2,-23,-8,14,5,-5,sil
3.507880449295044,-2,-7,-17,-29,-19,-33,-34,-16,-24,-38,-9,3,-9,-24,sil
3.523022413253784,0,-6,-18,-31,-20,-30,-26,-10,-7,-25,5,5,2,-16,sil
3.523022413253784,2,0,-3,-22,-14,-20,-21,-2,-5,-23,6,3,2,-10,sil
3.5391147136688232,-1,18,13,12,6,-3,-14,-15,-29,-22,1,-8,-10,-19,sil
3.5391147136688232,0,32,30,35,19,10,-6,-24,-35,-12,4,-5,-22,-17,sil
3.555152416229248,3,29,34,33,12,11,-4,-17,-26,-10,9,1,-23,-8,sil
3.555152416229248,-7,13,15,32,10,15,6,-12,-24,-6,4,-6,-13,-7,sil
3.5712814331054688,-22,-4,-4,21,11,21,18,-9,-21,2,-16,-20,-15,-11,sil
3.5712814331054688,-21,-18,-14,4,0,12,22,0,-1,12,-24,-23,-16,-5,sil
3.587369441986084,-5,-20,-8,0,-4,5,26,22,21,24,-4,-6,3,16,sil
3.587369441986084,2,-13,-5,-4,-4,3,19,29,29,31,9,8,24,25,sil
3.603058338165283,4,-15,-14,-12,-12,-11,-4,10,18,10,0,5,22,11,sil
3.603058338165283,12,-10,-9,-7,-9,-16,-18,-3,5,-11,0,8,13,3,sil
3.618865966796875,20,5,2,0,5,-1,-14,-6,0,-11,21,17,14,3,sil
3.618865966796875,24,22,14,3,8,-2,-19,-7,-13,-12,31,22,13,2,sil
3.634122133255005,27,36,34,26,7,-5,-14,-4,-15,-2,31,19,12,9,sil
3.634122133255005,10,21,30,42,8,7,6,-6,-4,16,10,-1,0,10,sil
3.649911642074585,-9,-11,0,11,0,12,15,0,0,11,-25,-18,-19,5,sil
3.649911642074585,-8,-19,-21,-16,-4,2,17,13,19,6,-22,-5,-4,7,sil
3.664914846420288,-8,-18,-29,-29,-5,-8,11,15,31,5,-4,1,12,5,sil
3.664914846420288,-15,-26,-32,-39,-11,-18,-10,1,11,-7,-8,-4,3,-13,sil
3.68059015274048,-8,-11,-19,-28,-6,-24,-25,-5,-10,-22,-1,-1,-1,-19,sil
3.68059015274048,-2,17,6,-6,1,-14,-15,-3,-22,-32,9,2,0,-8,sil
3.695784091949463,-11,22,13,6,0,7,-1,-10,-19,-24,-1,-8,-11,-10,sil
3.695784091949463,-12,10,14,14,7,21,9,-6,-6,1,-13,-13,-21,-12,sil
3.711863040924072,-1,6,20,22,18,21,25,4,1,23,-9,-7,-16,-2,sil
3.711863040924072,-4,-4,4,10,7,18,26,1,6,28,-5,-8,-3,3,sil
3.727924108505249,-8,-17,-8,-8,-8,9,7,4,17,30,-9,-8,1,11,sil
3.727924108505249,8,-12,-4,-12,-1,2,-2,16,29,33,-4,-2,6,16,sil
3.743933916091919,19,-6,-5,-15,4,-2,-7,15,26,18,10,12,18,8,sil
3.743933916091919,8,-5,-9,-21,-3,-15,-18,6,14,-5,20,25,21,-3,sil
3.759904146194458,-2,-3,-9,-14,-9,-27,-19,-6,0,-21,13,15,7,-11,sil
3.759904146194458,0,0,0,-7,-3,-19,-13,-15,-24,-37,1,3,-11,-10,sil
3.777121543884277,11,15,16,8,8,2,0,-11,-29,-33,11,9,-4,-2,sil
3.777121543884277,7,24,22,30,12,17,6,-5,-8,-12,12,7,-1,1,sil
3.790548086166382,-11,16,8,25,0,18,4,-7,-1,-8,-18,-15,-24,-5,sil
3.8061044216156006,-20,-1,-5,7,-5,12,12,-7,-3,1,-30,-28,-28,-6,sil
3.8061044216156006,-13,-12,-7,0,0,17,22,2,0,21,-19,-18,-9,6,sil
3.8061044216156006,-10,-12,-8,4,-2,25,21,1,-1,17,-19,-10,-2,7,sil
3.821979761123657,-4,-10,-5,6,-8,4,15,2,-6,4,-20,-6,-4,4,sil
5.5365283489227295,6,23,38,-2,-2,-6,-5,11,-12,-13,34,37,25,5,hello
5.5365283489227295,10,10,-11,37,9,-9,0,-30,0,21,36,-5,32,-11,hello
5.552189350128174,19,19,47,25,6,0,-21,-12,-32,-12,3,20,-3,14,hello
5.552189350128174,6,21,37,46,14,25,12,-2,-2,10,19,10,15,15,hello
5.567934274673462,-15,-12,-11,19,0,12,17,-4,3,16,1,-20,3,7,hello
5.567934274673462,-14,-23,-12,-2,-13,5,7,-1,-1,5,-25,-24,-22,4,hello
5.583226919174194,-6,-11,-10,13,-2,14,14,-1,19,21,-18,-21,-8,4,hello
5.583226919174194,-13,-13,-18,1,1,8,13,8,24,28,-17,-18,-1,7,hello
5.5988686084747314,-16,-25,-47,-31,-7,-5,5,6,16,16,-23,-23,-11,-2,hello
5.5988686084747314,-10,-24,-53,-48,-16,-21,-7,0,1,-12,-26,-16,-15,-12,hello
5.614028930664063,-9,-11,-32,-33,-11,-31,-19,-3,-3,-29,-24,-13,-8,-24,hello
5.614028930664063,-14,-13,-28,-35,-6,-27,-23,-4,-7,-36,-29,-24,-14,-30,hello
5.630041360855103,-18,-10,-37,-49,-1,-5,-11,-2,-11,-28,-22,-24,-13,-28,hello
5.630041360855103,-9,4,-37,-20,11,0,2,-8,0,-2,8,-13,8,-25,hello
5.645984888076782,7,19,28,-13,12,-5,-10,11,-7,-14,9,17,-9,5,hello
5.645984888076782,0,22,34,-4,11,20,13,10,9,5,19,4,-1,0,hello
5.661166429519653,-19,-12,-55,14,11,16,34,-34,24,45,29,-47,16,-27,hello
5.661166429519653,-6,-17,71,-51,-22,-13,-37,18,-68,-41,-44,33,-63,33,hello
5.676300764083862,9,45,201,-23,-20,36,-19,72,-56,-57,-48,96,-63,51,hello
5.676300764083862,1,37,12,111,26,62,72,-9,76,67,45,-12,54,-26,hello
5.691928625106812,13,-16,-51,78,14,1,28,-26,47,54,38,-17,43,0,hello
5.691928625106812,34,1,50,12,-10,-4,-13,28,-4,-5,8,56,4,48,hello
5.707138776779175,28,9,-6,41,0,1,9,0,38,22,37,18,47,9,hello
5.707138776779175,29,-11,-31,16,-8,-32,-20,-17,16,7,29,14,39,7,hello
5.722362995147705,34,5,5,-4,-11,-24,-31,-1,-13,-13,22,37,17,17,hello
5.722362995147705,18,25,-8,14,4,-5,-19,-16,-15,-12,27,13,20,-3,hello
5.737897634506226,6,28,6,15,10,-7,-26,-20,-40,-24,8,6,0,-10,hello
5.737897634506226,2,13,2,23,13,0,-5,-15,-29,-5,1,-12,-13,-17,hello
5.75305438041687,-14,-6,2,-1,5,7,0,-4,-29,-14,-20,-22,-37,-14,hello
5.7683069705963135,-27,-1,0,-2,1,20,8,-4,-24,-14,-27,-25,-30,-12,hello
5.7683069705963135,-19,-16,-47,5,4,13,30,-19,1,17,-19,-48,-6,-9,hello
5.78436017036438,-22,-36,12,-66,-15,-8,0,28,-19,-8,-49,0,-33,32,hello
5.78436017036438,-30,-15,1,-38,-4,3,18,35,34,34,-8,5,7,13,hello
5.799085140228272,-11,-22,-114,33,17,-13,39,-28,93,87,39,-61,54,-25,hello
5.799085140228272,6,-33,-6,-54,-15,-44,-33,13,-3,-16,-28,0,-24,24,hello
5.814860820770264,-10,-8,57,-68,-21,-6,-30,42,-21,-44,-31,42,-23,17,hello
5.814860820770264,-20,-11,-49,-7,-1,-1,2,-14,22,-4,12,-18,21,-35,hello
5.8299102783203125,0,1,12,-39,-15,-17,-30,3,-29,-57,-21,0,-24,-10,hello
5.8299102783203125,6,29,32,4,4,17,9,5,-6,-19,1,0,-2,-15,hello
5.845892906188965,0,6,-12,19,12,11,23,-20,0,6,11,-16,4,-17,hello
5.845892906188965,-7,19,85,-26,-13,12,-9,20,-50,-50,-28,33,-46,13,hello
5.860584020614624,-12,35,-19,92,26,57,60,-30,54,46,42,-41,32,-43,hello
5.860584020614624,0,-27,-166,110,39,10,53,-84,86,92,56,-99,59,-45,hello
5.876321315765381,16,-33,13,-53,-24,-36,-45,15,-46,-30,-44,32,-46,52,hello
5.876321315765381,12,16,88,-39,-21,8,-11,54,-22,-13,-26,61,-30,42,hello
5.891854763031006,18,7,-15,31,11,8,25,3,48,58,36,3,40,6,hello
5.891854763031006,28,-1,13,-18,-8,-26,-23,16,-3,8,16,43,33,37,hello
5.906908273696899,15,10,26,-28,-11,-21,-29,18,-27,-26,0,45,20,16,hello
5.906908273696899,7,5,-11,-9,3,-22,-26,-8,-15,-31,5,3,1,-21,hello
5.9223997592926025,14,12,19,-8,3,-13,-33,0,-20,-31,15,12,-9,-8,hello
5.9223997592926025,11,20,29,16,9,6,-8,1,-13,-8,21,13,0,2,hello
5.938367128372192,-2,11,12,19,12,5,0,-15,-14,-12,-5,-1,-18,-5,hello
5.938367128372192,-14,12,5,11,10,9,-1,-23,-20,-17,-19,-16,-27,-18,hello
5.953551292419434,-12,13,5,22,18,24,12,-10,-12,7,-7,-22,-13,-19,hello
5.953551292419434,-13,2,4,21,5,23,24,7,4,22,-11,-17,-8,-9,hello
5.969247579574585,-18,-13,-12,2,-27,16,17,3,16,16,-19,-16,-8,-1,hello
5.969247579574585,-16,-17,-1,-10,-20,15,6,10,11,9,-14,-1,-3,10,hello
5.984236478805542,-6,-10,-4,13,16,18,23,15,28,29,6,-5,19,11,hello
5.984236478805542,0,-21,-18,5,0,-5,16,9,30,31,0,-11,19,19,hello
6.001506328582764,0,-21,24,-36,-29,-16,-16,28,1,2,-17,24,-3,32,sil
6.001506328582764,-3,-12,-43,20,8,5,16,-9,43,35,30,-11,44,-12,sil
6.020089864730835,13,-30,-98,26,18,-20,10,-47,25,12,24,-39,39,-16,sil
6.020089864730835,23,-10,56,-72,-28,-40,-45,28,-67,-77,-46,54,-46,44,sil
6.031106233596802,-2,10,51,-33,-17,0,-4,31,-15,-19,-1,41,-5,3,sil
6.031106233596802,-14,-21,-64,6,0,-10,13,-32,21,23,33,-31,33,-39,sil
6.047115802764893,0,-3,11,-38,-13,-23,-26,-6,-40,-41,-11,8,-26,-6,sil
6.047115802764893,2,34,30,-5,3,1,-5,-7,-23,-30,0,4,-21,-20,sil
6.063050746917725,0,21,8,2,7,-4,-7,-15,-8,-17,5,-8,-4,-13,sil
6.063050746917725,-2,22,30,3,4,3,-6,5,-8,-14,1,8,-7,0,sil
6.078393220901489,-15,9,-35,37,21,13,15,-23,15,14,10,-35,-4,-35,sil
6.078393220901489,-8,1,32,-23,2,-1,-25,7,-40,-40,-45,-1,-58,3,sil
6.094282865524292,0,37,87,6,3,41,19,36,-1,-7,-18,24,-23,29,sil
6.094282865524292,-9,-1,-118,103,33,41,95,-48,110,106,59,-81,66,-30,sil
6.109429836273193,-1,-62,-122,-4,-1,-41,0,-34,27,29,-7,-45,3,2,sil
6.109429836273193,18,-12,59,-77,-30,-35,-59,48,-49,-46,-39,71,-32,56,sil
6.125507831573486,21,30,25,12,0,6,-6,13,7,14,41,36,38,9,sil
6.125507831573486,16,13,-5,24,4,-11,-17,-9,0,8,35,5,27,-8,sil
6.14121675491333,6,10,42,0,-5,-6,-26,14,-27,-18,-7,17,-10,2,sil
6.14121675491333,-16,4,4,12,0,19,15,-1,-6,10,-4,-13,-1,-11,sil
6.156440734863281,-22,-8,-16,-6,1,18,18,0,-2,16,-16,-19,-1,-5,sil
6.156440734863281,3,0,2,-8,2,10,7,27,10,12,-7,8,14,19,sil
6.171917200088501,29,9,7,11,3,-3,3,17,18,9,29,30,36,21,sil
6.171917200088501,15,16,20,2,5,-7,-12,-4,-12,-9,26,29,9,2,sil
6.187963962554932,-11,6,8,3,14,19,0,-9,-19,0,-10,-9,-18,-14,sil
6.187963962554932,-11,-19,-8,15,5,26,26,-3,0,14,-33,-29,-22,-9,sil
6.203999757766724,-3,-29,0,1,-13,5,18,5,17,1,-27,-11,-14,7,sil
6.203999757766724,-7,-22,-11,-23,-8,0,4,6,32,0,-12,-1,1,11,sil
6.219305276870728,-6,-24,-27,-37,-6,-7,-4,3,25,5,-12,-1,4,2,sil
6.219305276870728,5,-16,-13,-25,-17,-24,-25,-4,0,-10,-2,5,0,-12,sil
6.235265016555786,12,6,4,-3,-10,-21,-31,-14,-12,-24,21,14,7,-15,sil
6.235265016555786,3,16,17,0,3,-9,-16,-12,-17,-29,25,17,6,-4,sil
6.250908374786377,-9,13,12,-1,0,-15,-15,-17,-24,-30,12,6,-5,-12,sil
6.250908374786377,-7,13,4,5,0,-12,-17,-22,-28,-26,3,-9,-15,-21,sil
6.266848802566528,-1,13,17,19,7,11,3,-16,-29,-17,-3,-17,-20,-11,sil
6.266848802566528,-8,0,12,13,5,14,22,-12,-15,2,-7,-21,-15,-5,sil
6.283381223678589,-11,-13,-8,-10,-9,-5,13,1,3,22,-10,-17,-1,0,sil
6.283381223678589,-2,-4,-7,-2,-4,-4,16,17,15,25,-9,-14,4,11,sil
6.299027681350708,-1,7,1,22,10,9,26,11,15,22,-7,-14,0,15,sil
6.299027681350708,-8,3,-4,13,8,7,20,14,13,23,-6,-1,0,15,sil
6.314159393310547,-5,-8,-16,-3,3,5,11,18,20,15,0,5,9,12,sil
6.314159393310547,1,-11,-11,-7,4,11,5,12,16,1,0,0,6,10,sil
6.32921028137207,3,-5,-8,-8,-3,11,-3,11,6,4,-8,3,0,6,sil
6.32921028137207,6,-4,-20,-11,-11,-1,-16,8,3,6,-3,11,6,0,sil
6.3448991775512695,17,1,-8,-13,-3,-11,-22,-1,3,-6,5,18,10,-1,sil
6.3448991775512695,24,13,15,-3,2,-11,-10,0,8,-8,15,24,14,3,sil
6.360985517501831,22,12,8,11,-3,-9,-5,5,9,0,24,22,22,9,sil
6.360985517501831,26,11,13,9,-4,-9,-18,4,-3,-3,25,26,19,11,sil
6.377091646194458,15,19,33,7,6,-2,-13,-5,-22,-16,12,21,1,-4,sil
6.377091646194458,-11,11,0,21,6,4,-5,-28,-29,-27,1,-16,-15,-31,sil
6.393130779266357,-9,7,13,5,0,1,-21,-17,-45,-44,-3,-5,-32,-17,sil
6.393130779266357,2,36,52,21,22,24,7,5,-16,-8,18,16,-9,0,sil
6.408575057983398,-15,8,-46,62,41,33,55,-30,46,54,33,-45,25,-22,sil
6.408575057983398,-27,-45,-44,-18,-4,-1,3,-17,-1,6,-29,-35,-24,3,sil
6.424329996109009,-14,-11,66,-55,-25,10,-8,40,-38,-19,-45,34,-41,34,sil
6.424329996109009,-15,0,-18,29,6,25,51,-1,30,49,5,-26,21,-10,sil
6.439351320266724,-31,-51,-77,-10,-7,-15,10,-18,25,14,-29,-58,-4,-16,sil
6.439351320266724,-30,-41,-14,-62,-26,-10,-18,24,1,-19,-54,-10,-29,2,sil
6.454878091812134,-13,-22,-35,-19,-6,3,21,9,37,38,-8,-19,12,-6,sil
6.454878091812134,0,-23,-25,-28,-11,-24,4,6,20,26,-3,-1,9,15,sil
6.470717430114746,5,-5,-2,-17,-14,-23,-16,10,21,9,9,22,21,17,sil
6.470717430114746,21,0,-6,-4,-11,-27,-25,0,11,2,16,20,29,1,sil
6.485887765884399,34,15,40,-15,-13,-28,-31,8,-27,-26,9,45,6,11,sil
6.501295804977417,32,26,-12,43,10,-6,0,-31,3,2,54,11,33,-9,sil
6.501295804977417,31,4,0,3,1,-26,-34,-29,-30,-33,25,17,0,3,sil
6.501295804977417,25,35,157,-67,-20,-12,-65,55,-88,-97,-35,88,-54,38,sil
6.516613006591797,0,60,68,38,19,40,17,23,11,-3,20,7,15,-24,sil
6.516613006591797,-13,12,-72,75,35,14,34,-41,47,39,35,-73,29,-50,sil
6.532177686691284,-6,4,15,-3,6,-4,-1,0,-26,-18,-23,-6,-30,2,sil
6.547380447387695,0,23,24,22,16,30,26,7,-14,-2,-15,-3,-14,-2,sil
6.547380447387695,-6,0,-34,38,24,30,29,-25,-4,1,-2,-39,-7,-16,sil
6.562944173812866,-22,-7,-12,0,3,17,6,-17,-23,-17,-18,-24,-31,0,sil
6.562944173812866,-25,-4,-15,6,-3,21,14,-5,2,9,-19,-27,-22,-6,sil
6.578166246414185,-5,-16,-16,10,-1,18,11,2,12,22,-15,-20,-12,0,sil
6.578166246414185,2,-20,-8,-1,0,10,10,9,10,26,2,-4,0,16,sil
6.59383487701416,0,-17,-10,-16,-9,-10,4,11,14,23,1,1,7,19,sil
6.59383487701416,1,-8,-1,-17,-12,-16,0,17,13,10,-7,14,12,14,sil
6.609919548034668,4,-9,-23,0,-1,-2,5,0,22,17,12,10,30,8,sil
6.609919548034668,7,-12,2,-27,-6,-8,-10,6,0,-8,10,37,11,25,sil
6.625058174133301,9,3,16,-16,-6,-3,2,20,24,6,13,42,21,15,sil
6.625058174133301,7,-12,-60,23,5,-10,17,-12,67,58,32,-14,57,-11,sil
6.641173839569092,5,-29,-1,-40,-18,-44,-52,4,-9,-17,-8,18,0,16,sil
6.641173839569092,0,13,69,-47,-19,-19,-52,26,-46,-58,-8,55,-15,5,sil
6.656840324401856,-2,25,-28,35,13,3,13,-27,9,15,41,-19,39,-47,sil
6.656840324401856,1,2,-16,11,4,-19,-9,-21,-20,-4,17,-13,4,-11,sil
6.671854972839356,1,19,54,-8,-2,-4,-19,14,-36,-37,1,31,-23,8,sil
6.671854972839356,0,22,7,21,11,17,15,-12,-1,-3,12,-12,-5,-24,sil
6.687035322189331,-8,-3,-3,2,2,11,14,-18,-16,-8,-22,-37,-29,-18,sil
6.687035322189331,-23,-16,2,-2,-3,13,10,-6,-23,-17,-40,-33,-43,-12,sil
6.702211141586304,-25,-12,-22,6,0,10,7,-10,-8,-8,-33,-40,-38,-18,sil
6.702211141586304,-12,-2,-10,0,-1,8,1,-3,-5,-1,-30,-31,-39,-2,sil
6.71735405921936,-9,-5,-2,0,1,19,14,2,4,17,-18,-20,-20,2,sil
6.71735405921936,-9,-12,-8,0,0,12,8,3,5,16,-14,-11,-9,4,sil
6.733391523361206,-4,-9,-10,-5,-4,-8,-4,5,0,-6,-17,-3,-10,10,sil
6.733391523361206,5,-2,-10,-6,-5,-17,-6,10,9,-7,-4,2,10,13,sil
6.749509811401367,20,7,3,0,-2,-10,-2,17,25,23,15,25,37,20,sil
6.749509811401367,27,7,11,5,0,-3,9,19,33,38,25,37,39,26,sil
6.765300989151001,21,-6,0,-3,0,-5,3,12,14,9,21,23,30,15,sil
6.765300989151001,15,-4,-1,-13,0,-6,-15,-7,-11,-22,19,15,26,0,sil
6.780537843704224,17,13,10,-1,8,0,-11,-18,-17,-26,18,20,18,-4,sil
6.780537843704224,23,23,23,16,15,6,1,-2,-2,-9,27,22,16,0,sil
6.796226978302002,19,26,29,23,9,1,-4,3,8,9,36,19,21,5,sil
6.796226978302002,4,24,25,23,4,0,-10,-7,3,6,22,7,1,1,sil
6.811321496963501,-2,18,20,20,6,3,-1,-7,0,-9,1,0,-15,-6,sil
6.811321496963501,-6,12,13,12,5,7,4,1,0,-1,-1,1,-7,-7,sil
6.826842069625855,-22,0,-3,1,1,10,10,-11,-12,11,-4,-12,-10,-8,sil
6.826842069625855,-30,-16,-17,-8,-7,7,8,-20,-24,0,-26,-35,-30,-13,sil
6.842362642288208,-29,-23,-23,-16,-14,2,7,0,-10,-4,-44,-36,-30,-12,sil
6.842362642288208,-25,-29,-28,-21,-10,5,17,15,9,12,-36,-23,-16,-4,sil
6.85791802406311,-12,-34,-21,-19,-5,5,18,17,13,19,-19,-10,-7,7,sil
6.85791802406311,7,-17,-6,-7,0,-1,5,20,22,17,-2,3,4,17,sil
6.874019384384155,13,-3,-6,-6,3,-7,-8,16,27,12,10,10,20,14,sil
6.874019384384155,6,-8,-14,-18,0,-13,-16,3,7,-7,14,12,22,1,sil
6.89002251625061,4,-2,-14,-10,1,-18,-16,-10,-6,-16,18,20,14,-7,sil
6.89002251625061,0,8,-2,-3,-3,-14,-16,-17,-15,-16,10,15,-3,-8,sil
6.90545129776001,-2,12,1,0,0,-3,-12,-17,-28,-22,0,-4,-13,-16,sil
6.90545129776001,6,16,6,12,15,-1,-7,-18,-26,-22,3,-9,-8,-20,sil
6.920418739318848,11,18,19,16,-14,-5,-15,-8,-20,-16,9,0,-7,-6,sil
6.920418739318848,2,9,17,15,-48,0,-6,0,-12,-5,5,-2,-4,4,sil
6.936017990112305,2,6,15,23,2,16,16,5,-1,0,-2,-8,-2,8,sil
6.936017990112305,4,8,16,26,44,27,23,10,9,10,-14,-9,-8,10,sil
6.951055526733398,-10,-8,-7,6,3,15,17,1,19,19,-18,-18,-10,0,sil
6.951055526733398,-17,-24,-18,-20,-19,1,11,5,14,5,-17,-15,-7,0,sil
6.966305494308472,-11,-20,-16,-17,-5,6,16,13,19,9,-9,-15,2,5,sil
6.966305494308472,-4,-21,-28,-14,-5,-3,9,4,22,19,-7,-14,10,3,sil
6.98183536529541,7,-7,5,-33,-4,-19,-18,5,-3,-10,-10,23,3,9,sil
6.997936725616455,17,14,0,0,12,-7,-7,-6,11,0,20,23,24,-7,sil
6.997936725616455,14,3,-44,16,12,-18,-2,-27,17,14,30,-6,27,-16,sil
7.013971567153931,12,16,45,-30,-2,-29,-46,9,-50,-42,-6,44,-17,22,sil
7.013971567153931,12,51,96,-2,9,6,-33,27,-32,-23,5,57,-9,14,sil
7.029176235198975,-3,23,-6,48,28,19,14,-15,34,38,31,-24,18,-32,sil
7.029176235198975,-19,-8,-14,16,10,6,13,-18,0,0,-1,-28,-10,-13,sil
7.029176235198975,-15,1,28,9,2,22,26,6,-19,-12,-16,4,-15,14,sil
7.045223236083984,-4,-13,-17,24,15,22,45,7,18,35,-1,-12,5,5,sil
7.045223236083984,-5,-33,-33,-11,-4,0,22,9,10,29,-3,-9,1,12,sil
7.061338663101196,-1,-15,-15,-25,-38,-8,0,8,1,4,0,13,12,20,sil
7.061338663101196,14,6,-11,-7,-24,-22,-16,-2,10,-2,10,16,23,4,sil
7.076892852783203,17,8,-2,-10,2,-32,-37,-7,-7,-21,8,9,2,-11,sil
7.092036247253418,11,2,2,-6,0,-14,-30,-9,-20,-25,9,0,-8,-16,sil
7.092036247253418,14,12,19,18,3,11,-1,-3,-7,-12,11,0,-1,-5,sil
7.092036247253418,6,19,27,35,19,24,18,3,1,-4,2,-6,-4,0,sil
7.107373237609863,-26,-4,0,14,0,20,16,-7,-9,-5,-21,-31,-25,-10,sil
7.1233861446380615,-37,-27,-23,-18,-24,1,2,-11,-13,-3,-34,-32,-31,-12,sil
7.1233861446380615,-4,-20,-20,-27,-15,-9,-8,3,-1,8,-13,-4,-5,3,sil
7.139294624328613,13,-12,-9,-24,-3,-10,-18,7,0,8,4,15,14,11,sil
7.139294624328613,3,-10,-14,-16,-2,-4,-12,-6,7,0,15,9,17,-3,sil
7.155333995819092,0,4,0,-12,1,-7,-11,-2,7,-13,14,11,6,-4,sil
7.155333995819092,8,32,44,9,13,8,0,20,0,-5,5,26,0,10,sil
7.155333995819092,6,28,0,68,32,35,52,-2,36,49,23,-10,26,3,sil
7.170080900192261,-4,-16,-29,28,11,12,34,-10,27,26,0,-24,3,11,sil
7.185963153839111,-13,-18,36,-56,-27,-14,-30,30,-30,-42,-48,16,-35,28,sil
7.185963153839111,-5,5,2,-13,-13,-4,-12,4,-4,-1,-6,-3,8,-13,sil
7.201316833496094,12,1,-45,16,9,-9,0,-32,8,15,26,-17,24,-33,sil
7.201316833496094,11,8,21,-17,5,-6,-15,-2,-25,-36,-1,24,-14,-5,sil
7.217267036437988,-10,12,19,7,9,9,7,0,-6,-12,-2,0,-12,-11,sil
7.217267036437988,-15,-10,-14,18,4,0,12,-6,10,13,-12,-31,-14,-10,sil
7.232902765274048,4,-10,8,-3,-3,-7,2,23,19,12,-19,3,-7,13,sil
7.232902765274048,17,-1,4,-3,0,-5,3,25,33,21,11,19,32,23,sil
7.248174428939819,16,-3,-2,-10,-9,-17,-13,4,5,7,19,12,27,15,sil
7.248174428939819,5,4,1,-8,-7,-15,-20,-11,-16,-4,8,8,-2,-2,sil
7.263084650039673,-9,8,-2,4,7,1,-5,-20,-19,-6,-2,-1,-17,-15,sil
7.263084650039673,-22,-3,-3,4,6,14,8,-12,-27,-16,-25,-21,-30,-14,sil
7.278233051300049,-25,-21,-13,-10,-6,11,22,4,-9,-7,-37,-34,-30,-6,sil
7.278233051300049,-12,-20,-23,-27,-16,-5,11,8,9,0,-16,-13,-5,2,sil
7.2939293384552,6,0,-5,-16,-9,-12,-16,-9,-7,-13,10,15,9,-3,sil
7.2939293384552,6,20,12,10,4,-2,-17,-18,-33,-20,12,5,-2,-15,sil
7.309353351593018,-7,15,10,18,5,13,10,-11,-21,-6,0,-13,-13,-5,sil
7.309353351593018,-11,-7,-5,11,0,18,19,-4,9,4,-4,-13,-3,4,sil
7.325269937515259,-1,-9,-9,4,3,7,6,7,24,15,-1,-2,12,8,sil
7.325269937515259,6,1,-3,0,1,0,1,23,27,29,13,13,26,18,sil
7.340949296951294,12,0,-3,-2,-9,0,-1,21,21,20,26,27,32,20,hello
7.340949296951294,24,7,3,9,0,-3,-12,5,5,1,27,29,30,8,hello
7.356210708618164,33,32,23,26,19,-7,-15,-2,-5,-3,36,32,26,3,hello
7.356210708618164,30,40,31,30,18,-6,-13,0,-4,0,45,33,16,7,hello
7.371479272842407,14,16,21,15,7,-4,-12,-10,-6,-2,26,17,0,2,hello
7.371479272842407,-7,-7,15,3,4,1,-3,-10,-11,-2,-3,0,-14,1,hello
7.386852502822876,-13,-8,11,12,2,11,9,2,0,1,-15,-10,-19,0,hello
7.386852502822876,-9,-15,-5,6,-8,9,11,0,9,5,-20,-21,-16,-3,hello
7.40349817276001,-13,-27,-15,-24,-19,10,10,0,11,5,-25,-17,-14,0,hello
7.40349817276001,-11,-21,-13,-32,-19,5,15,13,20,4,-20,-2,-3,3,hello
7.41904616355896,3,-5,-5,-18,-15,-17,3,15,16,-1,-16,2,5,0,hello
7.41904616355896,15,0,-1,-18,-6,-29,-15,-1,0,-2,-2,5,11,-5,hello
7.435125350952148,6,1,1,-14,4,-16,-12,-10,-13,-7,5,4,1,-16,hello
7.435125350952148,-13,8,1,4,10,2,-1,-10,-22,-23,-9,-16,-20,-27,hello
7.450282096862793,-21,9,-1,17,11,14,0,-15,-28,-20,-19,-34,-27,-31,hello
7.450282096862793,-18,-2,-8,9,8,13,0,-10,-21,-5,-25,-28,-25,-18,hello
7.465894460678101,-18,-12,-21,-4,2,11,14,2,1,1,-31,-26,-21,0,hello
7.465894460678101,-23,-17,-34,-21,-1,7,18,10,25,9,-25,-36,-12,12,hello
7.481460809707642,-19,-21,-31,-31,-7,-4,3,11,24,12,-20,-27,-6,6,hello
7.481460809707642,-4,-15,-14,-27,-7,-10,-3,6,8,8,-12,0,3,2,hello
7.496562242507935,7,-10,-6,-36,-1,-4,0,7,6,8,10,18,25,11,hello
7.496562242507935,15,-4,-7,-37,1,3,-2,9,10,2,25,25,31,9,hello
7.512113332748413,16,16,8,0,5,-3,-12,-3,-7,-18,22,22,12,-4,hello
7.512113332748413,7,26,27,29,6,-15,-17,-17,-39,-33,13,7,-8,-14,hello
7.52719783782959,5,13,24,26,4,-3,-10,-18,-34,-17,8,-1,-11,-10,hello
7.52719783782959,11,14,25,30,-1,11,0,-6,-11,6,7,5,-3,6,hello
7.543357610702515,10,23,32,53,0,9,10,5,1,20,10,15,5,19,hello
7.543357610702515,8,15,26,53,8,7,22,7,15,25,22,24,17,24,hello
7.559037208557129,13,5,16,24,4,11,23,11,27,27,32,34,25,36,hello
7.559037208557129,9,-5,-2,0,-11,5,10,10,26,27,24,19,24,32,hello
7.574164628982544,0,-21,-21,-11,-17,-10,-9,4,18,15,4,5,17,7,hello
7.574164628982544,9,-7,-10,-5,-6,-20,-19,6,16,4,11,17,22,-1,hello
7.590264320373535,19,16,1,12,2,-18,-19,-2,7,-1,21,14,20,-1,hello
7.590264320373535,5,13,3,0,2,-10,-19,-13,-20,-27,4,-2,-7,-16,hello
7.605873823165893,-3,6,-1,-11,2,-2,-6,-17,-27,-35,-4,-11,-18,-31,hello
7.605873823165893,-7,6,0,-2,3,-3,-1,-16,-18,-22,-9,-16,-18,-28,hello
7.620955944061279,-24,0,-1,0,2,5,-9,-8,-25,-28,-25,-25,-38,-23,hello
7.620955944061279,-35,-16,-21,-1,4,18,5,-17,-22,-25,-30,-37,-36,-25,hello
7.636603355407715,-21,-25,-12,-10,0,6,16,-11,-5,0,-34,-24,-21,-3,hello
7.636603355407715,-10,-14,5,-14,-5,6,9,12,14,30,-29,-2,-14,12,hello
7.653122425079346,-18,-22,-48,-4,0,17,18,6,34,47,-6,-26,0,-3,hello
7.653122425079346,-6,-29,-31,-37,-6,3,6,21,12,10,-18,-10,-6,15,hello
7.668915748596191,17,6,68,-57,-11,1,-6,62,2,-3,-19,47,0,41,hello
7.668915748596191,20,20,25,2,4,12,15,28,41,38,24,19,40,7,hello
7.684262037277222,25,-2,-43,22,7,-5,7,-14,31,21,33,-14,40,-9,hello
7.684262037277222,24,2,4,-14,-7,-19,-18,-2,-21,-32,12,23,8,4,hello
7.699889659881592,4,14,16,-6,0,-9,-6,-11,-32,-31,11,14,7,-7,hello
7.699889659881592,2,10,2,14,12,-7,-3,-23,-24,-26,4,-6,2,-9,hello
7.715010404586792,4,18,16,13,13,-4,-8,-6,-12,-25,3,6,-8,-4,hello
7.715010404586792,-16,14,-4,13,5,-2,2,-11,-7,-4,2,-12,-14,-21,hello
7.73058295249939,-22,6,3,9,0,-1,-1,-12,-27,-4,-19,-19,-25,-10,hello
7.745646238327026,0,15,21,28,12,15,5,1,-3,8,-7,-1,-6,7,hello
7.745646238327026,2,0,-19,35,16,16,21,-10,33,35,17,-11,11,0,hello
7.745646238327026,-10,-19,-2,-6,-7,2,0,-3,0,13,-18,-7,-19,8,hello
7.761318206787109,-17,-5,24,-10,-16,12,-9,10,-13,3,-39,-3,-32,9,hello
7.7772698402404785,-16,-14,-28,2,-6,9,4,-5,23,16,-2,-23,-4,-5,sil
7.7772698402404785,-9,-32,-39,-19,-12,-11,0,-1,30,4,10,-9,11,5,sil
7.79436469078064,5,-15,-4,-18,-14,-18,-1,16,17,0,-5,6,17,16,sil
7.79436469078064,11,-3,-2,-13,-10,-21,-1,9,4,0,-8,4,11,9,sil
7.79436469078064,7,-8,-11,-22,-8,-16,-6,1,0,-3,15,16,13,3,sil
7.809475898742676,9,0,0,-10,-2,0,-6,5,6,-2,30,25,21,1,sil
7.809475898742676,19,16,19,1,0,5,-12,9,-4,-12,17,27,11,1,sil
7.825492143630981,21,12,9,7,0,-6,-14,-4,-12,-13,20,22,14,-6,sil
7.825492143630981,15,7,-2,8,4,-16,-13,-10,-12,-7,21,8,16,-13,sil
7.841505765914917,17,32,23,16,11,-7,-6,3,-14,-10,7,10,1,-2,sil
7.841505765914917,13,34,25,27,11,-1,-1,-4,-17,-14,8,14,-3,1,sil
7.857251167297363,-9,0,2,3,-1,-10,-8,-20,-32,-27,0,-1,-14,-7,sil
7.857251167297363,-25,-13,0,-10,-1,1,0,-19,-36,-29,-20,-22,-30,-19,sil
7.872986555099487,-22,-1,9,9,9,30,17,-6,-12,-6,-24,-20,-26,-15,sil
7.872986555099487,-12,-3,2,15,9,40,21,3,17,24,-10,-5,-8,0,sil
7.888516902923584,-11,-11,-10,6,3,25,22,4,28,38,-4,-8,0,8,sil
7.888516902923584,-16,-9,-7,2,2,11,21,11,16,25,-16,-18,-12,9,sil
7.904228925704956,-11,-5,-2,5,3,13,20,16,19,24,-13,-18,-10,7,sil
7.904228925704956,-2,-11,-10,0,0,10,9,5,26,33,-2,-11,3,6,sil
7.920273303985596,0,-7,-6,-2,-5,4,2,7,14,16,-8,-3,2,14,sil
7.920273303985596,1,2,-10,7,-2,5,10,11,17,11,-5,-5,4,14,sil
7.935022354125977,3,-1,-25,-4,-4,-14,-4,3,20,15,1,-7,12,3,sil
7.951076030731201,12,-2,-11,-27,-11,-37,-26,4,5,-7,3,7,18,2,sil
7.951076030731201,22,8,9,-11,-7,-25,-15,14,3,-22,14,22,30,11,sil
7.951076030731201,19,4,0,-4,-6,-13,-11,3,7,-13,18,16,24,7,sil
7.966324329376221,8,-10,-15,-31,-13,-27,-27,-14,-4,-17,1,4,5,-10,sil
7.981853723526001,5,-8,-9,-38,-9,-26,-23,-8,-21,-28,0,7,0,-19,sil
7.981853723526001,3,8,4,-11,7,0,-7,-4,-30,-23,10,4,-1,-19,sil
7.99785852432251,1,18,16,7,14,5,-5,-16,-30,-18,9,0,-13,-17,sil
7.99785852432251,4,21,29,16,14,-1,-3,-12,-17,-7,11,18,-9,-7,sil
8.013092756271362,8,21,32,24,19,3,7,0,0,11,23,33,6,6,sil
8.013092756271362,2,18,30,24,15,11,13,-1,-6,4,13,16,-3,11,sil
8.035006046295166,-1,8,20,21,4,13,11,-9,-21,-13,-5,-4,-22,1,sil
8.035006046295166,-11,-9,5,14,0,14,5,-10,-16,-3,-19,-14,-26,-5,sil
8.035006046295166,-24,-19,-2,6,1,20,4,-3,0,11,-28,-22,-22,-6,sil
8.044584035873413,-19,-17,-10,7,0,23,14,-2,7,11,-22,-25,-9,-2,sil
8.060356140136719,-10,-17,-15,1,-11,16,15,5,7,9,-15,-21,-5,3,sil
8.060356140136719,-17,-18,-21,-13,-15,9,18,16,19,17,-15,-22,-5,4,sil
8.075982570648193,-20,-19,-27,-12,-7,3,21,13,24,16,-12,-17,3,5,sil
8.075982570648193,-5,-15,-22,-8,-2,-5,3,5,11,2,-6,-7,6,5,sil
8.091076374053955,4,-10,-21,-15,-9,-13,-17,0,5,-2,0,-5,4,0,sil
8.091076374053955,6,-3,-20,-19,-14,-17,-17,3,12,0,10,5,13,1,sil
8.10625410079956,6,3,-11,-14,-10,-24,-11,13,15,3,22,22,29,9,sil
8.10625410079956,4,1,-10,-16,-7,-32,-21,5,6,-4,21,16,23,3,sil
8.12230658531189,14,6,0,-12,-8,-28,-30,-3,-6,-16,13,12,8,0,sil
8.12230658531189,28,26,20,6,-2,-11,-24,-4,-10,-11,16,19,8,-2,sil
8.138360023498535,10,21,19,14,5,1,-17,-18,-21,-9,2,5,-1,-10,sil
8.138360023498535,-11,3,9,12,14,11,-3,-23,-31,-22,-20,-12,-22,-14,sil
8.154059171676636,0,11,20,21,18,23,19,-1,-13,-13,-4,-3,-14,-7,sil
8.154059171676636,14,28,34,31,19,27,33,10,8,13,21,13,7,3,sil
8.17006230354309,7,24,32,37,25,27,31,6,16,24,9,11,9,14,sil
8.17006230354309,0,7,11,29,18,24,19,7,13,9,-26,-4,-9,10,sil
8.184852123260498,-8,-7,-8,8,3,16,12,6,12,11,-25,-15,-16,-2,sil
8.184852123260498,-7,-21,-15,-12,-1,6,20,3,16,33,0,-9,-1,5,sil
8.200981855392456,-2,-27,-18,-30,-12,0,11,14,15,26,-1,1,5,18,sil
8.200981855392456,-2,-23,-31,-34,-23,-11,-8,1,9,-2,-11,0,4,0,sil
8.218519687652588,0,-18,-21,-29,-16,-30,-19,-11,-6,-23,-1,0,4,-15,sil
8.218519687652588,12,-3,0,-21,-7,-28,-19,0,-18,-21,20,13,14,-5,sil
8.232125520706177,21,13,4,-8,-4,-10,-16,0,-11,-5,32,26,26,3,sil
8.232125520706177,7,17,20,0,1,-6,-13,0,-7,-4,17,22,11,6,sil
8.248168468475342,-10,9,20,15,6,0,-3,-3,-4,-7,0,-7,-12,-4,sil
8.248168468475342,-8,3,8,17,8,7,0,-12,-12,-6,-1,-22,-22,-12,sil
8.264189958572388,-3,9,24,3,9,12,1,-3,-27,-8,-1,-2,-19,1,sil
8.264189958572388,-21,1,0,16,9,15,11,-5,-9,9,-3,-21,-10,-7,sil
8.280258893966675,-37,-26,-25,2,-4,0,3,-11,-4,9,-17,-43,-26,-18,sil
8.280258893966675,-17,-16,15,-28,-16,-7,-6,17,-9,-10,-25,0,-32,9,sil
8.29621434211731,4,10,-9,12,6,0,16,9,35,16,10,8,22,9,sil
8.29621434211731,4,-8,-69,25,14,-13,9,-23,38,18,20,-19,36,-10,sil
8.311543226242065,7,-23,-13,-45,-21,-26,-24,-3,-20,-40,-18,7,-8,2,sil
8.311543226242065,15,4,21,-45,-23,-9,-16,10,-14,-38,-18,27,-5,6,sil
8.32670521736145,15,22,-6,16,4,4,-5,-7,12,0,7,6,11,-10,sil
8.32670521736145,0,14,4,24,1,11,-7,-5,-9,-15,-4,0,-12,-11,sil
8.341907024383545,-16,0,5,8,-8,21,13,7,-7,-10,-24,-12,-20,-5,sil
8.341907024383545,-10,-10,-5,8,0,18,26,15,21,35,-22,-14,-3,7,sil
8.358609199523926,5,-7,3,5,2,5,17,18,27,44,-8,2,10,23,sil
8.358609199523926,9,-2,-10,0,0,-2,6,3,15,18,10,10,25,16,sil
8.37436556816101,12,0,2,-8,1,-12,-21,-6,-4,-5,22,27,22,10,sil
8.37436556816101,19,21,50,4,12,-12,-26,0,-17,-7,25,38,12,7,sil
8.389886856079102,11,32,39,32,20,2,-2,-10,-11,6,27,7,8,-7,sil
8.389886856079102,-8,8,8,20,13,19,2,-11,-14,6,9,-9,-12,-7,sil
8.405017375946045,-14,-13,-4,2,8,24,11,-1,-2,12,-6,-11,-20,-3,sil
8.405017375946045,-1,-18,-19,-1,0,9,23,1,20,18,-5,-20,-1,-2,sil
8.420694351196289,7,-6,-13,-5,-11,0,17,13,27,10,4,-3,16,8,sil
8.420694351196289,7,-4,-14,-8,-6,-1,15,18,25,11,12,8,22,11,sil
8.436246395111084,-2,-22,-17,-29,-9,-16,-3,11,0,-6,-11,0,0,-4,sil
8.436246395111084,-9,-19,-16,-34,-20,-24,-21,2,-20,-29,-20,-1,-6,-18,sil
8.451356172561646,0,-1,-28,-3,-3,-23,-8,-18,-16,-26,7,-5,4,-21,sil
8.451356172561646,7,5,0,-4,5,-23,-14,-15,-34,-39,4,0,-15,-5,sil
8.466655015945435,2,19,33,-7,0,-6,-16,0,-29,-33,0,8,-15,0,sil
8.466655015945435,0,29,9,7,7,8,0,-6,2,-2,20,2,9,-5,sil
8.48226547241211,5,22,9,8,15,8,-3,-10,-5,-3,10,3,-2,-1,sil
8.48226547241211,0,15,23,13,7,11,-8,-8,-12,-3,-10,0,-14,0,sil
8.497851371765137,-15,0,-3,14,0,6,-3,-11,1,2,-14,-15,-8,-3,sil
8.497851371765137,-21,-16,-17,-6,-5,0,-7,-8,-7,-11,-19,-22,-19,-1,sil
8.51348352432251,-18,-16,0,-2,-5,12,0,0,-6,5,-19,-20,-17,2,sil
8.51348352432251,-5,-1,6,18,-1,20,17,12,21,37,-11,-7,1,8,sil
8.529150009155273,0,-3,-3,11,0,11,15,7,20,29,-10,-3,0,6,sil
8.529150009155273,-10,-18,-18,-6,-9,5,9,-1,5,16,-12,-11,-10,2,sil
8.544850587844849,-6,-14,-12,-5,-7,9,22,12,21,32,0,-2,2,12,sil
8.544850587844849,10,0,3,6,7,2,29,24,41,37,11,16,22,22,sil
8.56000304222107,15,2,2,2,9,-11,10,12,28,14,17,16,26,18,sil
8.56000304222107,13,-1,1,-14,-1,-19,-9,8,6,-5,12,16,16,11,sil
8.575137376785278,14,-6,0,-13,-4,-14,-11,12,2,0,6,19,12,2,sil
8.575137376785278,11,-2,-13,-3,-1,-14,-11,-1,4,1,8,10,13,-5,sil
8.59075403213501,8,6,4,-17,-7,-10,-23,0,-15,-27,7,14,3,-4,sil
8.59075403213501,8,10,22,-13,-5,4,-15,-1,-22,-33,12,13,2,-9,sil
8.605907201766968,11,5,1,7,5,4,-1,-23,-12,-18,22,3,8,-17,sil
8.605907201766968,13,13,16,4,8,-8,-14,-18,-25,-30,14,17,-3,-6,sil
8.622023820877075,4,23,26,12,11,-2,-11,-6,-25,-20,10,11,-5,-10,sil
8.622023820877075,-10,8,1,22,12,6,2,-15,-13,0,0,-15,-5,-17,sil
8.637254238128662,-18,0,3,8,0,4,1,-9,-24,-12,-18,-14,-22,-8,sil
8.637254238128662,-16,6,4,13,-3,1,3,-8,-21,-15,-17,-18,-23,-9,sil
8.652414560317993,-13,8,-7,18,4,6,9,-9,-3,0,-17,-30,-16,-11,sil
8.652414560317993,-11,-2,-7,4,6,18,13,4,2,14,-27,-19,-12,-2,sil
8.668498277664185,-10,-13,-13,-1,-1,15,15,4,6,18,-24,-15,-4,1,sil
8.668498277664185,-9,-13,-14,-3,-7,2,11,1,11,10,-22,-19,-8,4,sil
8.684213399887085,-11,-15,-15,-11,-8,0,3,5,20,11,-20,-17,-13,5,sil
8.684213399887085,-10,-24,-25,-20,-13,-6,-8,10,16,3,-12,-11,-3,4,sil
8.699336051940918,3,-13,-16,-18,-10,-10,-2,20,16,3,4,4,14,19,sil
8.714951276779175,16,0,-5,-15,-1,-4,12,23,34,27,18,17,27,30,sil
8.714951276779175,14,-7,-6,-23,-7,-9,0,17,29,22,16,19,23,19,sil
8.730094194412231,14,-12,-3,-15,-6,-12,-11,9,4,0,19,20,27,2,sil
8.730094194412231,16,-3,4,-3,0,-9,-12,1,-2,0,28,22,31,-2,sil
8.746098756790161,16,8,12,-2,-2,-11,-19,-6,0,-2,26,20,11,-7,sil
8.746098756790161,13,19,18,7,6,-5,-12,-13,-8,-9,27,20,1,-7,sil
8.761230707168579,1,24,21,22,18,4,1,-15,-21,-7,25,20,2,-1,sil
8.761230707168579,-12,16,12,13,5,-3,-11,-20,-32,-19,-1,1,-17,-15,sil
8.77685260772705,-17,4,4,-1,-6,-10,-22,-26,-38,-34,-34,-20,-42,-31,sil
8.77685260772705,-11,11,6,10,10,16,9,-12,-15,-13,-22,-17,-23,-13,sil
8.791964769363403,-7,16,8,25,24,33,35,5,10,10,5,-7,3,11,sil
8.791964769363403,-9,0,7,11,5,17,10,6,0,5,-5,-10,-10,5,sil
8.807302474975586,-8,-9,0,8,-2,10,0,-3,-2,12,-16,-13,-14,-5,sil
8.807302474975586,0,-1,1,22,9,22,22,4,17,29,0,0,5,13,sil
8.823507070541382,0,-2,1,11,3,21,27,17,27,25,2,0,10,24,sil
8.823507070541382,-9,-24,-20,-15,-15,-1,11,4,15,8,-17,-17,-2,-1,sil
8.839098930358887,-8,-27,-19,-31,-14,-14,0,5,-2,-13,-29,-14,-20,-7,sil
8.839098930358887,12,0,1,-8,3,-2,6,16,11,0,-5,2,-1,8,sil
8.854395151138306,24,5,-3,10,6,-4,4,11,34,24,15,9,32,17,sil
8.854395151138306,23,1,12,-16,-10,-17,-17,20,5,0,1,29,19,18,sil
8.87018895149231,20,17,11,-5,-4,-9,-15,8,-3,-13,15,20,13,-1,sil
8.87018895149231,12,13,-40,27,9,-17,-7,-34,11,-2,41,-13,31,-23,sil
8.886232137680054,0,0,-17,-4,-5,-34,-35,-29,-31,-37,9,6,1,-4,sil
8.886232137680054,-6,11,36,-27,-14,-12,-33,0,-53,-48,-10,27,-22,0,sil
8.90230107307434,0,15,9,5,-1,4,2,-12,-12,-7,12,-5,-4,-17,sil
8.90230107307434,0,0,1,10,-2,-9,0,-15,-10,3,5,-13,-10,-9,sil
8.91788935661316,-23,-11,16,-5,-7,-6,-11,-1,-29,0,-15,-13,-24,-6,sil
8.91788935661316,-35,-16,-8,-1,-3,12,8,-6,-17,1,-24,-37,-23,-21,sil
8.933085203170776,-21,-18,-10,-2,-2,14,20,0,-3,-1,-33,-27,-31,-8,sil
8.933085203170776,-6,-25,0,-12,-3,10,19,17,20,19,-16,-3,-17,12,sil
8.948213815689087,-11,-37,-24,-20,-8,7,18,17,42,25,2,-5,8,12,sil
8.948213815689087,-14,-26,-22,-22,-8,3,1,10,21,-4,-16,-2,4,8,sil
8.963394403457642,4,1,-3,-6,6,0,-12,3,8,-5,-11,8,15,0,sil
8.963394403457642,22,11,-6,0,13,-9,-18,-7,17,9,25,20,40,0,sil
8.978990077972412,17,17,3,-5,6,-14,-25,-1,0,-5,25,27,26,7,sil
8.978990077972412,9,34,19,9,13,1,-14,4,-10,-4,16,21,10,0,sil
8.995151281356812,10,41,16,26,22,17,13,0,5,13,21,12,8,-3,sil
8.995151281356812,15,33,19,32,18,19,27,0,9,15,14,7,1,6,sil
9.01110816001892,9,14,25,32,12,21,24,1,-3,5,-1,1,-4,15,sil
9.01110816001892,-5,1,7,23,13,27,31,2,2,13,-2,-5,-1,10,sil
9.025918960571287,-8,-7,-21,10,7,18,36,7,26,32,-3,-12,0,6,sil
9.025918960571287,4,-16,-11,-12,-15,-18,2,13,8,5,-12,4,-1,15,sil
9.04203486442566,12,-8,11,-15,-25,-35,-31,2,-20,-28,4,20,8,13,sil
9.04203486442566,6,1,3,-2,-13,-22,-29,-19,-20,-16,27,1,13,-5,sil
9.057565927505491,-5,0,2,-10,-13,-13,-24,-15,-24,-13,10,-6,-11,-16,sil
9.057565927505491,-16,-4,2,-9,-11,0,-9,-9,-26,-16,-16,-8,-30,-24,sil
9.073348760604858,-20,-15,-10,3,0,18,12,-8,-9,2,-31,-29,-26,-23,sil
9.073348760604858,-10,-19,-10,-4,-1,16,12,4,3,12,-29,-28,-16,-3,sil
9.0888409614563,2,-16,-7,-16,-9,-7,0,9,7,3,-5,-3,0,6,sil
9.0888409614563,1,-13,-16,-19,-5,-13,5,9,11,0,4,1,8,7,sil
9.104985237121582,-1,-9,-31,-11,2,-1,3,1,21,5,3,-11,11,-1,sil
9.104985237121582,2,-4,-22,-8,3,-15,-24,-13,8,-10,5,-3,9,-13,sil
9.120513677597046,6,8,19,-11,-6,-31,-45,-10,-24,-36,3,27,1,-6,sil
9.120513677597046,4,26,29,2,-5,-12,-23,-3,-23,-24,10,29,0,1,sil
9.136581420898438,1,23,10,22,9,11,3,-3,-4,-12,9,3,-4,-2,sil
9.136581420898438,0,11,14,17,12,20,10,-3,-12,-18,-7,-10,-15,-3,sil
9.152377128601074,0,7,17,17,5,25,12,-1,-10,2,-11,-10,-10,2,sil
9.152377128601074,6,8,13,28,12,27,26,10,16,34,4,-1,1,15,sil
9.167280435562134,3,1,8,19,16,22,36,17,28,38,6,-1,-1,20,sil
9.167280435562134,-3,-9,-1,0,3,3,25,13,26,25,-3,-7,0,15,sil
9.18221116065979,-2,-18,-12,-10,-4,-13,11,11,28,20,-5,-3,15,14,sil
9.18221116065979,-4,-23,-16,-23,-3,-14,5,9,15,10,-7,-2,15,9,sil
9.198272943496704,-10,-16,-19,-33,-7,-13,-9,2,2,-1,-8,-2,9,-7,sil
9.198272943496704,-1,-2,-2,-25,-10,-20,-22,1,0,-12,-1,19,14,-11,sil
9.214037895202637,3,6,2,-4,-2,-11,-21,-4,-1,-7,18,21,19,-15,sil
9.214037895202637,0,5,-10,3,4,-2,-22,-20,-12,-1,27,1,14,-21,sil
9.229593753814695,0,15,34,-10,-2,0,-31,0,-37,-27,0,19,-14,-1,sil
9.229593753814695,-4,26,27,20,0,20,9,5,-12,-9,-5,0,-16,-6,sil
9.245219230651855,-7,-3,-55,47,11,23,43,-30,26,33,6,-52,2,-26,sil
9.245219230651855,0,-20,-14,-12,-6,3,2,-7,-18,-3,-23,-9,-27,3,sil
9.260635375976562,-4,-2,27,-29,-14,11,-2,18,-30,-16,-29,19,-31,15,sil
9.260635375976562,-4,-10,-30,5,1,4,20,-3,21,19,0,-14,11,2,sil
9.276505708694458,18,-12,-10,-9,0,-23,-9,7,18,3,4,10,19,20,sil
9.276505708694458,18,8,13,-16,-7,-21,-30,10,0,-14,17,27,16,10,sil
9.293132066726685,0,9,-10,-4,-10,-9,-18,-9,-7,-16,19,1,7,-6,sil
9.293132066726685,2,15,10,10,-1,0,-3,-3,-14,-15,8,0,-1,4,sil
9.308639764785768,8,21,23,31,10,3,3,-7,-7,0,7,-2,-2,0,sil
9.308639764785768,-5,8,16,16,7,5,3,-14,-10,1,-2,-8,-16,-3,sil
9.324060678482056,-8,-4,2,11,10,22,25,-13,-5,10,-3,-17,-13,-5,hello
9.324060678482056,-3,-15,-11,9,7,14,18,-11,-7,1,-9,-20,-12,-4,hello
9.340116262435911,-7,-7,10,0,-3,-6,-4,7,-8,-18,-22,2,-21,9,hello
9.340116262435911,-7,0,-26,24,9,0,24,2,43,31,6,-10,16,4,hello
9.356134176254272,-2,-21,-36,-11,1,-13,7,10,30,29,-5,-8,12,13,hello
9.356134176254272,1,-2,78,-71,-24,-14,-42,63,-31,-35,-44,59,-33,41,hello
9.371439933776855,8,29,64,0,0,13,0,40,18,9,10,40,14,10,hello
9.371439933776855,16,3,-44,49,25,0,25,-25,53,48,58,-14,59,-19,hello
9.386962175369264,18,-11,-11,-4,2,-22,-20,-19,-12,-8,23,14,15,-5,hello
9.386962175369264,0,9,9,-9,-1,-3,-23,-7,-28,-24,1,10,-11,-22,hello
9.40319323539734,-17,10,-33,13,4,0,-4,-23,-5,-5,1,-32,-6,-42,hello
9.40319323539734,-15,6,-9,8,-3,-5,-10,-14,-22,-17,-4,-14,-10,-18,hello
9.418598175048828,3,11,14,18,0,12,1,-1,-21,-15,-7,0,-10,-1,hello
9.418598175048828,0,-4,-14,3,0,21,20,-4,-1,-1,-20,-25,-12,-5,hello
9.434157609939575,-20,-33,-31,-41,-19,6,11,0,2,2,-36,-33,-12,1,hello
9.434157609939575,-14,-35,-22,-45,-23,1,0,10,12,2,-16,-4,7,15,hello
9.450278043746948,10,-2,-7,-11,-4,0,0,10,20,-1,22,19,26,14,hello
9.450278043746948,8,15,2,-5,-1,-11,-3,6,1,-5,24,16,13,0,hello
9.465089797973633,-11,0,9,-14,-11,-7,-3,5,-13,0,-4,-1,-12,-9,hello
9.465089797973633,-14,-8,3,0,-6,12,16,1,7,17,-14,-21,-17,-7,hello
9.480703353881836,-7,-5,-6,4,5,13,23,-1,16,21,-14,-21,-11,0,hello
9.480703353881836,-1,-8,-7,-8,5,-5,0,3,4,5,-14,3,-2,8,hello
9.496390104293823,15,0,5,-1,7,-20,-17,8,7,-1,7,26,17,15,hello
9.496390104293823,25,24,40,9,14,-18,-32,-4,-9,-18,21,33,9,10,hello
9.51196265220642,5,34,36,33,20,2,-17,-30,-27,-23,14,4,-8,-11,hello
9.51196265220642,-9,12,-13,51,20,11,10,-39,-14,4,0,-32,-8,-18,hello
9.5271475315094,-7,-5,9,5,2,3,0,5,-20,0,-29,-2,-29,13,hello
9.5271475315094,0,1,37,-14,-7,13,3,33,-2,-3,-22,24,-21,21,hello
9.54235863685608,5,-4,-17,14,1,18,32,9,39,30,15,-6,16,0,hello
9.558123350143433,6,-21,-30,-4,-3,3,19,10,30,31,7,-9,10,9,hello
9.558123350143433,3,-14,0,-33,-16,-4,-7,20,3,-1,0,21,3,25,hello
9.573603630065918,10,2,2,-12,-9,-9,-8,1,1,-14,29,27,32,16,hello
9.573603630065918,21,9,-22,18,8,-9,6,-15,13,11,48,9,49,-1,hello
9.588726282119753,19,3,-16,4,9,-16,-6,-10,3,13,31,14,27,0,hello
9.588726282119753,3,11,31,-11,-2,-13,-26,1,-24,-22,9,30,-1,1,hello
9.604305267333984,-4,21,15,32,4,3,-5,-16,-15,-17,13,-4,-4,-22,hello
9.604305267333984,2,14,11,28,1,0,-7,-17,-22,-20,-10,-16,-24,-18,hello
9.619976043701172,-6,10,35,1,-4,10,-7,9,-24,-17,-24,4,-24,-2,hello
9.619976043701172,-30,-5,-25,23,6,19,19,-10,6,24,0,-30,9,-22,hello
9.6351215839386,-23,-16,-8,-4,-5,-1,-1,-2,-19,3,-25,-25,-21,-3,hello
9.6351215839386,-12,-1,20,-11,-9,8,4,17,-5,3,-33,-13,-28,0,hello
9.65117120742798,-24,-26,-65,8,3,10,34,-11,47,42,-12,-55,6,-23,hello
9.65117120742798,-16,-35,-12,-63,-16,-9,-11,27,2,-12,-53,-4,-28,17,hello
9.666973352432253,1,1,43,-56,-16,11,-10,55,4,-23,-38,28,-13,20,hello
9.666973352432253,4,-10,-58,1,3,0,18,-13,42,8,10,-33,29,-23,hello
9.68203330039978,12,-23,-32,-39,-10,-37,-16,-16,-12,-37,-12,-4,-7,-1,hello
9.68203330039978,17,7,7,-14,-3,-7,-1,3,-1,-17,5,18,8,-1,hello
9.69782042503357,5,0,-57,25,12,-3,9,-30,25,17,37,-24,35,-27,hello
9.69782042503357,6,0,7,-22,-10,-29,-39,-16,-39,-31,6,16,-17,9,hello
9.71351170539856,13,36,66,0,-5,-4,-26,4,-29,-13,25,46,-7,20,hello
9.71351170539856,13,34,17,46,20,2,1,-13,9,27,53,10,30,0,hello
9.728944063186646,6,17,29,23,15,-4,-11,-6,-17,4,22,15,3,9,hello
9.728944063186646,-8,9,29,24,8,15,2,1,-16,1,6,9,-9,4,hello
9.744254350662231,-16,-10,-4,23,7,20,12,-9,-4,1,-4,-16,-15,-9,sil
9.744254350662231,-8,-8,5,5,6,10,8,-1,-14,-10,-23,-9,-28,-5,sil
9.760284185409546,7,10,21,26,14,19,29,11,8,15,-12,2,-3,12,sil
9.760284185409546,13,4,12,28,7,23,39,16,30,36,-3,7,11,21,sil
9.77603793144226,-2,-9,-15,-3,-6,12,25,10,20,24,-13,-7,-2,0,sil
9.77603793144226,-16,-12,-30,-20,0,5,12,3,9,11,-16,-19,-4,-10,sil
9.791072368621826,-10,-11,-13,-20,0,8,8,12,13,6,-9,-5,8,5,sil
9.791072368621826,1,-12,-8,-21,-9,4,6,16,19,8,1,0,11,6,sil
9.80621576309204,2,-11,-7,-28,-9,-8,-7,8,8,2,1,3,8,0,sil
9.80621576309204,-4,-11,-9,-23,-4,-12,-19,0,0,-8,-8,3,9,1,sil
9.822304010391235,0,-11,-11,-16,-14,-17,-27,-4,-2,-14,-3,10,9,3,sil
9.822304010391235,21,5,9,-10,-15,-21,-27,2,-8,-11,22,33,21,10,sil
9.837090730667114,25,17,3,10,3,-11,-10,-6,-6,-6,28,21,31,4,sil
9.837090730667114,19,20,14,10,8,-10,-14,-11,-21,-28,5,10,4,2,sil
9.852242946624756,12,30,34,9,3,-11,-16,0,-18,-23,23,24,5,3,sil
9.852242946624756,-4,15,-25,25,6,-14,1,-22,16,18,48,-9,34,-21,sil
9.867869138717651,-16,-4,-23,-3,-3,-26,-15,-22,-4,-2,3,-17,-6,-15,sil
9.867869138717651,-14,8,44,-12,-11,-5,-22,10,-26,-26,-26,13,-44,2,sil
9.88348627090454,-19,2,5,20,1,17,6,-5,-3,-1,-15,-19,-23,-21,sil
9.88348627090454,-21,-18,-24,4,0,4,7,-19,-15,-10,-31,-48,-38,-28,sil
9.899160623550417,-14,-11,4,-7,-6,5,3,-7,-25,-14,-32,-28,-51,-14,sil
9.899160623550417,-11,-7,-2,15,0,18,9,-12,-10,14,-12,-19,-24,-11,sil
9.91431212425232,-3,-9,-1,19,7,20,9,0,1,17,-9,-12,-11,5,sil
9.91431212425232,5,-6,4,8,6,22,16,23,23,16,-1,-9,-4,14,sil
9.929856300354004,1,-12,-5,-3,0,12,11,22,24,19,-1,-10,5,8,sil
9.929856300354004,0,-7,-8,-6,0,0,11,13,13,14,-1,2,16,11,sil
9.944969654083252,5,-7,-12,-8,2,0,22,13,22,2,-1,3,15,13,sil
9.960103034973145,-2,-11,-11,-19,0,8,21,16,16,-12,-13,0,5,6,sil
9.960103034973145,0,2,-6,-5,6,6,20,3,7,-4,-3,13,20,0,sil
9.976161241531372,20,10,1,-3,10,-5,6,0,0,0,7,26,25,4,sil
9.976161241531372,15,3,0,-16,0,-11,-12,3,-4,-7,4,21,12,0,sil
9.992159843444824,0,2,-18,-6,-6,-11,-13,-9,1,1,17,4,15,-9,sil
9.992159843444824,14,16,20,-4,-5,-14,-26,-1,-10,-3,15,22,1,6,sil
9.992159843444824,27,30,47,11,5,-1,-22,3,-6,1,21,32,8,12,sil
10.00683069229126,8,13,-25,33,11,-10,-3,-27,9,23,39,-9,24,-16,sil
10.022960662841797,-5,1,-20,-1,-4,-28,-20,-22,-21,-5,10,-12,-12,-5,sil
10.022960662841797,-5,13,59,-13,-8,0,-20,8,-36,-33,-16,21,-33,21,sil
10.022960662841797,-15,0,28,13,0,20,9,-3,-8,-9,-6,1,-7,2,sil
10.04409646987915,-24,-27,-24,-8,-15,0,2,-17,-10,1,-17,-26,-18,-15,sil
10.04409646987915,-19,-21,-7,-30,-26,-1,-6,3,-10,-2,-31,-20,-30,-2,sil
10.054161548614502,-12,-2,6,-4,-4,19,13,21,17,11,-10,-6,0,5,sil
10.069585800170898,-3,0,-11,18,17,25,33,16,42,38,17,-2,27,4,sil
10.069585800170898,5,-4,-2,0,10,9,13,23,30,28,5,5,15,20,sil
10.084867477416992,11,6,27,-13,-1,-2,-7,30,10,2,-5,19,7,22,sil
10.084867477416992,8,9,-35,29,13,-2,17,-13,46,39,35,-10,51,-20,sil
10.10089945793152,9,-22,-93,24,13,-21,8,-47,40,32,39,-26,47,-27,sil
10.10089945793152,14,-24,0,-40,-20,-40,-46,-6,-50,-66,-16,28,-21,9,sil
10.116433382034302,4,6,42,-21,-12,-12,-27,0,-59,-75,-13,28,-23,-5,sil
10.116433382034302,0,3,-5,20,14,9,4,-24,-14,-19,11,-14,-2,-27,sil
10.131952285766602,3,8,24,7,12,6,-17,-5,-27,-22,-4,0,-30,-8,sil
10.131952285766602,-2,30,31,28,13,14,2,0,-15,-7,-1,-4,-22,-11,sil
10.147061586380005,-12,11,-4,32,10,13,25,-13,2,14,-4,-30,-13,-13,sil
10.147061586380005,-10,-4,26,-10,-7,6,1,11,-18,-5,-36,-2,-38,14,sil
10.163127899169922,-7,10,24,1,-4,23,12,22,0,9,-27,-1,-16,6,sil
10.163127899169922,-11,1,-17,13,3,26,36,6,24,36,-12,-30,-2,-7,sil
10.17906641960144,-12,-19,-6,-15,-5,5,13,10,5,17,-20,-15,-19,6,sil
10.17906641960144,-2,-15,-2,-17,-12,-9,-5,9,9,1,-7,0,0,8,sil
10.195268154144289,7,-9,-26,-14,-14,-15,-7,0,16,2,0,-1,20,0,sil
10.195268154144289,11,-12,-29,-21,-11,-18,-11,-4,5,2,0,5,12,4,sil
10.210862159729004,14,-7,-6,-21,-5,-29,-25,1,-1,-13,8,21,17,14,sil
10.210862159729004,18,8,22,-14,-7,-27,-26,6,-11,-29,18,31,28,10,sil
10.226510524749756,11,20,12,7,-1,-10,-7,-15,-15,-10,21,18,24,-9,sil
10.226510524749756,-1,19,0,24,10,-4,5,-20,-12,5,13,2,5,-5,sil
10.24229383468628,-7,10,7,17,12,1,14,1,1,11,5,-4,-1,7,sil
10.24229383468628,-9,-6,0,3,7,17,20,4,16,20,-3,-14,-1,1,sil
10.257850170135498,-10,-9,-4,3,10,26,21,11,22,24,-13,-5,-7,4,sil
10.257850170135498,-10,-8,-5,3,12,25,22,25,36,35,5,2,4,15,sil
10.274021863937378,-7,-27,-23,-34,-5,4,5,16,33,25,14,-1,17,9,sil
10.274021863937378,3,-21,-20,-42,-14,-17,-19,-5,2,-8,1,3,11,-5,sil
10.289178609848022,13,8,1,14,0,-12,-18,-14,-9,-21,16,17,4,-9,sil
10.289178609848022,12,22,18,32,5,6,-8,-1,-8,-20,28,18,2,0,sil
10.30488348007202,5,16,5,6,0,3,-11,-6,-15,-21,11,4,3,-3,sil
10.30488348007202,-4,2,-4,-6,-7,-11,-26,-24,-35,-24,0,-2,-10,-15,sil
10.32096242904663,-6,3,1,-8,-10,-6,-25,-15,-35,-25,-2,0,-29,-16,sil
10.32096242904663,0,16,1,5,2,-3,-11,-2,-11,-15,-7,-12,-16,-8,sil
10.336100339889526,0,14,10,14,11,-12,-11,-3,-8,-15,-12,-14,-10,0,sil
10.336100339889526,0,3,21,15,8,5,3,-1,-5,-4,-2,-3,-17,0,sil
10.351342678070068,6,0,7,25,6,23,30,4,13,17,3,-2,-5,0,sil
10.351342678070068,8,0,6,22,2,13,26,14,14,20,-7,0,6,13,sil
10.3672776222229,3,-5,14,8,2,18,17,9,8,23,-9,2,7,18,sil
10.3672776222229,-3,-18,2,-2,2,23,21,0,5,19,-7,-8,0,3,sil
10.38329553604126,-6,-20,-3,-10,-2,7,22,1,2,3,-16,-15,-5,2,sil
10.38329553604126,0,-6,1,-12,-3,-6,18,10,7,9,-18,-4,0,13,sil
10.398861169815063,4,3,0,-11,0,-9,6,6,11,20,-5,6,7,1,sil
10.398861169815063,-4,-2,-8,-15,-1,-11,0,0,8,11,-3,2,3,-11,sil
10.413915157318115,-17,-10,-13,-20,-7,-4,5,4,5,4,-16,-9,-2,-3,sil
10.413915157318115,-15,-11,-15,-16,-13,0,1,0,0,-1,-18,-17,-8,-6,sil
10.429893493652344,-6,-8,-10,-9,-11,-10,-13,-7,-5,-22,-9,-9,-7,-19,sil
10.429893493652344,-2,-2,-9,-2,-3,-13,-14,0,6,-18,5,1,9,-7,sil
10.444851636886597,-6,-2,-14,-4,-4,-10,-13,3,9,-4,14,6,21,5,sil
10.444851636886597,-1,0,0,-9,-8,-13,-26,1,-12,-19,9,18,10,3,sil
10.460212230682371,15,11,10,1,0,-11,-20,-2,-12,-13,19,25,14,0,sil
10.460212230682371,19,9,-2,0,5,-15,-17,-11,-1,2,30,17,18,1,sil
10.475647926330566,13,8,-6,-9,1,-18,-28,-9,-15,-16,19,13,3,0,sil
10.475647926330566,14,21,7,10,11,-1,-23,-8,-25,-30,18,13,-1,-3,sil
10.491458892822266,4,23,16,21,17,12,-4,-8,-20,-10,12,3,-8,-3,sil
10.491458892822266,-10,7,3,11,9,21,14,-4,-11,12,-16,-20,-30,0,sil
10.507098197937012,-14,-3,-17,6,2,22,23,0,-1,17,-28,-35,-33,-4,sil
10.507098197937012,-9,-3,-10,0,-1,10,13,10,8,13,-5,-12,-7,0,sil
10.523106336593628,-2,-5,4,-1,-2,4,14,18,29,25,11,6,13,9,sil
10.523106336593628,-4,-18,0,0,-2,8,23,11,27,26,-11,-7,-4,7,sil
10.539185523986816,-13,-18,-7,1,-4,2,13,0,8,7,-31,-24,-23,-6,sil
10.539185523986816,-6,-5,0,7,-4,-13,-2,-2,8,-2,-8,-5,0,-7,sil
10.55499267578125,20,8,18,9,2,-17,-13,0,12,-8,24,33,29,9,sil
10.55499267578125,31,22,28,19,10,0,-10,-7,0,-2,43,39,33,15,sil
10.5705144405365,12,22,25,26,11,13,4,-8,-14,5,33,13,15,9,sil
10.5705144405365,1,6,17,18,4,16,20,10,0,9,2,0,4,16,sil
10.586392402648926,4,-9,-3,0,-3,8,18,14,26,15,-10,0,11,18,sil
10.586392402648926,7,-11,-13,-20,-10,-4,-1,7,18,9,0,8,14,10,sil
10.601921558380129,12,0,0,-27,-12,-10,-17,1,-3,-11,3,19,6,1,sil
10.601921558380129,4,6,1,-18,-6,-8,-14,-6,-14,-29,-1,4,-2,-13,sil
10.617050409317017,-18,4,-9,-4,1,0,-2,-20,-34,-36,-15,-29,-24,-35,sil
10.617050409317017,-27,-7,-9,2,1,15,8,-28,-49,-31,-40,-44,-55,-39,sil
10.633193492889404,-19,-18,-7,0,0,25,21,-15,-29,-16,-48,-36,-55,-17,sil
10.633193492889404,-18,-18,-16,-3,0,16,27,2,4,3,-26,-22,-23,-1,sil
10.648255825042725,-19,-18,-16,-14,-5,-5,11,11,20,15,-17,-8,0,2,sil
10.648255825042725,-5,-14,-4,-15,0,-11,-4,18,30,27,-11,1,13,11,sil
10.66419506072998,3,-9,-3,-2,13,-3,-5,21,42,42,11,5,30,23,sil
10.66419506072998,-2,-15,-9,-5,1,-10,-10,17,29,32,14,5,24,22,sil
10.67935872077942,3,-8,-7,-9,0,-17,-21,5,5,7,10,10,16,6,sil
10.67935872077942,22,14,7,8,5,-13,-18,-3,-6,-2,25,20,21,0,sil
10.695340871810911,21,17,16,8,-19,-9,-11,-5,-14,-11,19,17,9,-1,sil
10.695340871810911,0,-1,-6,-17,-29,-21,-17,-9,-16,-22,1,0,-1,-15,sil
10.71087121963501,-4,0,-22,-26,2,-25,-22,-6,-12,-17,11,0,13,-15,sil
10.71087121963501,12,29,12,0,15,-4,-14,-2,-10,0,37,27,29,3,sil
10.726907014846802,22,43,38,27,0,2,-7,-7,-14,0,39,37,19,7,sil
10.726907014846802,13,29,15,25,3,-4,-3,-6,-7,-8,19,13,0,-4,sil
10.742086172103882,-2,6,1,7,8,4,4,-4,-3,-11,3,-5,-13,-9,sil
10.742086172103882,-10,0,14,12,5,16,10,-5,-9,-14,-6,-3,-21,-5,sil
10.757651805877686,-3,6,20,26,6,11,10,-5,-6,-7,-17,-4,-23,0,sil
10.757651805877686,-5,4,8,19,2,8,10,-1,0,-1,-21,-13,-25,2,sil
10.773373365402222,-11,-9,-10,9,-1,13,14,-2,4,-2,-11,-18,-21,-4,sil
10.773373365402222,-11,-20,-4,-5,-1,12,8,0,-5,-12,-22,-11,-28,0,sil
10.788295030593872,-21,-18,-1,-12,0,23,13,3,-6,0,-37,-20,-28,0,sil
10.788295030593872,-18,-21,-48,9,4,28,35,-9,29,36,-15,-51,4,-8,sil
10.803959608078005,5,-21,-20,-13,-2,5,13,9,19,12,-15,-17,0,20,sil
10.803959608078005,4,-3,39,-38,-10,1,-3,36,-5,0,-21,24,-12,29,sil
10.82039713859558,-7,-6,-14,3,3,16,21,9,34,50,9,-9,22,-4,sil
10.82039713859558,15,-12,-19,5,1,3,11,10,43,36,10,-5,30,13,sil
10.834994792938232,31,10,24,-12,-5,-9,-11,20,15,-8,9,35,23,30,sil
10.850682258605955,16,12,-3,-5,0,-17,-12,-11,2,-8,24,21,30,-2,sil
10.850682258605955,6,0,-3,-19,-2,-23,-25,-7,-19,-27,11,15,12,-5,sil
10.866272211074827,-1,-1,-9,-15,-6,-23,-20,3,-15,-33,11,11,9,-9,sil
10.866272211074827,-4,-7,-22,-12,-4,-31,-21,-7,-16,-26,17,7,8,-19,sil
10.881932735443115,9,14,35,-9,3,-12,-17,5,-29,-20,8,31,0,-1,sil
10.881932735443115,13,36,5,49,22,16,24,-12,12,27,33,0,29,-15,sil
10.89731478691101,2,7,-50,48,16,-4,17,-37,13,32,26,-28,19,-18,sil
10.89731478691101,-5,-7,24,-13,-7,-18,-31,-5,-48,-19,-22,9,-34,15,sil
10.91337752342224,-20,3,35,-1,-9,8,-19,0,-39,-21,-31,-5,-40,-10,sil
10.91337752342224,-29,4,-13,17,4,27,13,-16,-6,-6,-24,-46,-34,-37,sil
10.929390907287598,-14,-3,16,1,13,32,22,4,-2,-1,-24,-18,-34,1,sil
10.929390907287598,0,-13,11,2,3,14,20,11,15,19,-11,-3,-8,19,sil
10.945517539978027,-2,-15,-25,-9,-14,-14,2,0,20,16,-13,-4,1,0,sil
10.945517539978027,-12,-10,-10,-22,-16,-9,-4,6,9,2,-20,0,-3,0,sil
10.96107029914856,-3,-11,-6,-12,-9,0,0,8,13,5,-8,-12,3,10,sil
10.96107029914856,10,-10,-8,-11,-7,-8,-2,8,15,10,8,3,13,19,sil
10.977424383163452,10,0,0,-14,-4,-7,-1,13,18,19,20,32,20,20,sil
10.977424383163452,5,2,3,-10,-8,-4,-4,8,20,6,17,21,18,6,sil
10.977424383163452,7,11,14,-1,-11,-12,-13,1,7,-13,16,4,9,-2,sil
10.992114305496216,9,16,16,8,1,-12,-13,0,-4,-6,29,11,12,0,sil
11.007195234298706,10,16,19,8,12,-2,-10,1,-9,-2,29,24,11,1,sil
11.007195234298706,11,22,16,22,18,13,4,-2,0,-5,23,12,11,-6,sil
11.023401260375977,5,17,4,24,15,4,0,-18,-14,-13,11,-9,-2,-13,sil
11.023401260375977,0,13,35,0,4,-3,-16,-9,-47,-37,-17,0,-30,0,sil
11.038527488708496,0,15,3,37,20,33,31,-8,-2,0,-7,-13,-2,-6,sil
11.038527488708496,-9,-21,-70,39,24,28,50,-22,31,30,-1,-51,12,-12,sil
11.053980350494385,-26,-48,-23,-44,-13,-9,-8,6,-26,-18,-55,-25,-45,3,sil
11.053980350494385,-19,-24,7,-31,-15,9,7,20,-8,-6,-52,-4,-36,0,sil
11.069985389709473,9,-14,-33,11,6,18,38,7,45,36,-4,-9,16,2,sil
11.069985389709473,11,-15,-16,-28,-11,-14,-7,11,13,3,-2,8,7,11,sil
11.086056470870972,-13,-12,-14,-42,-26,-24,-35,-8,-15,-22,-8,3,-3,-18,sil
11.086056470870972,-10,-11,-19,-34,-16,-22,-31,-18,-21,-25,-2,2,0,-20,sil
11.101191759109495,8,8,9,-15,-5,-15,-20,0,-16,-14,17,20,8,2,sil
11.101191759109495,12,27,13,18,4,-3,-6,-5,-7,0,31,13,18,-3,sil
11.116897106170654,11,32,36,16,9,3,-9,-1,-25,-19,7,14,-4,-1,sil
11.116897106170654,2,22,30,35,13,22,12,0,0,5,12,4,5,2,sil
11.131933689117432,-9,-5,-14,46,8,16,26,-9,38,41,19,-13,22,6,sil
11.131933689117432,-3,-9,21,0,-7,-3,0,23,5,11,-15,15,-12,31,sil
11.14775323867798,4,5,35,-1,-7,1,8,32,4,21,-12,14,-11,21,sil
11.14775323867798,3,-6,-26,22,-1,3,20,-1,39,53,12,-21,20,0,sil
11.163026332855225,14,-16,-20,-10,-6,-8,-3,3,19,16,0,0,14,20,sil
11.163026332855225,24,3,7,-19,1,-7,-6,17,2,-3,8,20,21,22,sil
11.178975105285645,14,18,0,3,14,-9,-6,0,3,3,31,11,31,-4,sil
11.178975105285645,-5,21,4,2,8,-14,-22,-10,-11,-20,18,1,0,-17,sil
11.193984270095823,-10,16,2,0,5,-1,-11,-11,-15,-27,1,-14,-17,-12,sil
11.193984270095823,-7,12,5,4,6,15,2,-11,-13,-12,-5,-15,-14,-7,sil
11.209104537963867,-21,5,12,5,1,22,1,-16,-25,-16,-23,-6,-29,-15,sil
11.209104537963867,-31,-18,-12,-8,-9,11,11,-19,-15,-13,-36,-23,-35,-21,sil
11.224368572235107,-23,-33,-27,-28,-19,-5,16,-4,13,8,-27,-28,-13,-7,sil
11.224368572235107,-8,-21,-9,-20,-15,-11,6,10,24,13,-7,-3,7,4,sil
11.239935159683228,5,-4,1,-1,2,-5,2,7,18,3,10,17,13,4,sil
11.239935159683228,15,3,0,0,14,-2,0,0,2,-2,17,21,6,0,sil
11.255956649780272,10,4,3,0,3,-6,-13,-8,-25,-23,5,9,-5,-8,sil
11.255956649780272,-2,1,6,11,-4,-2,-18,-10,-39,-38,-4,-4,-16,-14,sil
11.271745681762695,-4,0,3,18,6,15,1,4,-12,-8,-5,-11,-15,-1,sil
11.271745681762695,2,-10,1,9,8,20,19,18,18,29,-9,-6,-1,13,sil
11.287427186965942,6,-16,-7,0,-3,2,15,18,31,34,-7,1,19,13,sil
11.287427186965942,15,-5,-21,-5,-8,-15,1,12,30,23,8,8,24,3,sil
11.30305790901184,18,1,-1,-27,-9,-21,-12,13,10,0,5,27,7,7,sil
11.30305790901184,5,0,-7,-21,-2,-15,-1,3,5,-7,5,13,15,-1,sil
11.31866693496704,5,4,-26,9,8,-18,4,-18,6,-1,17,-14,22,-13,sil
11.31866693496704,11,17,25,0,-3,-21,-22,-5,-26,-19,6,13,-12,3,sil
11.333982467651367,1,14,50,-6,-6,2,-20,3,-28,-23,2,23,-18,6,sil
11.333982467651367,-9,3,7,11,15,16,5,-11,-3,-5,3,-13,-2,-11,sil
11.349522829055786,-8,4,-8,31,19,14,13,-17,-4,5,-4,-27,-10,-12,sil
11.349522829055786,-6,0,-2,27,2,21,16,-6,-10,8,-15,-12,-19,2,sil
11.364871263504028,-8,-8,26,-24,-13,33,9,18,-21,-9,-35,2,-28,18,sil
11.364871263504028,-14,-2,-7,-22,-10,32,18,8,-1,10,-21,-21,-7,-1,sil
11.380371809005736,-13,-13,-65,19,0,4,18,-24,19,36,7,-41,20,-17,hello
11.380371809005736,-4,-14,-6,-3,-5,-10,-13,0,-5,-4,5,12,10,20,hello
11.396348476409912,1,2,19,-16,-8,-10,-26,14,-1,-16,15,29,17,23,hello
11.396348476409912,14,12,-3,3,0,-30,-33,-9,6,-5,24,12,27,1,hello
11.411844968795776,17,24,23,13,8,-20,-28,-6,-6,-15,16,23,11,0,hello
11.411844968795776,-10,13,9,10,6,4,-8,-9,-2,-12,17,-1,0,-12,hello
11.42784857749939,-24,0,-8,-8,-6,-3,-4,-9,-7,-8,-4,-22,-19,-13,hello
11.42784857749939,0,14,11,5,0,0,19,7,4,19,-13,-9,-12,1,hello
11.443527460098268,10,9,11,21,8,9,34,14,23,36,-8,0,-1,11,hello
11.443527460098268,-5,-14,2,-4,-5,2,10,20,16,13,-12,9,-9,10,hello
11.459217071533203,-3,-23,-28,-10,-5,-2,6,12,34,19,13,2,15,-1,hello
11.459217071533203,23,-13,-2,-23,-6,-14,-9,17,24,5,17,22,23,8,hello
11.474931240081789,27,10,38,-9,-4,-5,-15,14,-3,-18,2,45,8,4,hello
11.474931240081789,8,8,-30,39,12,0,12,-33,7,2,24,-2,21,-32,hello
11.490567207336426,8,1,1,2,0,-13,-6,-12,-22,-18,13,1,-5,0,hello
11.490567207336426,5,27,82,-8,-3,17,0,29,-30,-17,-4,31,-21,25,hello
11.505883932113647,-12,7,-8,38,16,36,49,-7,20,33,6,-23,11,-11,hello
11.505883932113647,-8,-22,-31,0,5,3,30,-4,10,14,-11,-19,1,5,hello
11.521902322769163,0,-11,-12,-6,2,10,26,8,27,24,-1,0,8,15,hello
11.521902322769163,-9,-30,-87,8,7,-1,14,-27,43,37,7,-51,19,-21,hello
11.537859439849854,-7,-34,-23,-67,-20,-42,-59,-6,-48,-52,-40,-13,-35,-9,hello
11.537859439849854,-2,7,39,-52,-15,-18,-53,6,-63,-62,-29,16,-31,-9,hello
11.554083585739136,-9,10,-8,8,8,6,-14,-26,-19,-17,0,-24,-7,-31,hello
11.554083585739136,-18,2,17,-10,-1,2,-23,-14,-41,-40,-29,-15,-40,-16,hello
11.569369077682495,-21,6,14,3,4,14,2,-4,-27,-23,-34,-21,-42,-20,hello
11.569369077682495,-15,-6,-10,11,11,12,18,-1,1,5,-38,-32,-34,-9,hello
11.585303783416748,-2,1,12,-4,1,17,13,20,13,14,-28,-5,-12,18,hello
11.585303783416748,3,0,-18,4,0,13,22,7,32,29,11,-6,29,20,hello
11.60107421875,5,-16,0,-25,-12,-12,-1,12,9,0,0,15,12,28,hello
11.60107421875,13,0,9,-12,-13,-11,0,19,18,14,18,29,25,16,hello
11.616095542907717,22,4,-49,36,2,-17,6,-13,39,41,66,7,68,0,hello
11.616095542907717,19,2,5,0,-6,-28,-33,2,-16,-20,33,43,23,22,hello
11.632164001464844,6,20,43,12,-3,-5,-21,8,-26,-20,22,38,4,5,hello
11.632164001464844,1,19,18,47,3,-6,-8,-20,-19,1,32,5,14,-10,hello
11.64687967300415,0,24,65,16,-4,3,-22,1,-37,-28,-2,32,-17,9,hello
11.663368225097656,-5,17,6,37,7,39,23,-1,23,15,4,-9,-6,-15,hello
11.663368225097656,-2,-17,-43,26,4,10,30,-5,34,30,5,-30,-1,-6,hello
11.663368225097656,0,-8,19,-16,-10,-9,5,25,0,-8,-2,29,1,25,hello
11.678575992584229,3,1,-23,2,4,0,16,-9,29,15,28,6,35,-11,hello
11.678575992584229,7,-10,-12,-30,-2,-21,-21,-19,-11,-15,-2,-6,-13,-11,hello
11.6940495967865,-8,12,35,-18,-4,0,-6,6,-25,-15,-21,-2,-30,-7,hello
11.709311723709106,-20,0,-72,51,22,23,54,-22,52,68,17,-64,25,-34,hello
11.709311723709106,6,-26,-2,-34,-4,-1,-2,25,11,20,-27,2,-16,36,hello
11.725014686584473,25,18,117,-67,-16,16,-20,72,-11,-8,-26,84,-13,63,hello
11.725014686584473,16,25,-22,40,28,15,34,-19,50,59,50,-12,66,-23,hello
11.74044108390808,7,-9,-46,23,22,-18,0,-42,-6,2,6,-36,4,-14,hello
11.74044108390808,-7,-2,42,-23,-5,12,-7,10,-46,-46,-49,10,-56,23,hello
11.755672693252563,-19,-12,-32,-7,-3,21,21,-9,0,-3,-23,-32,-15,-17,hello
11.755672693252563,-10,-31,-54,-31,-12,-20,-13,-15,-9,-17,-25,-35,-5,-17,hello
11.77131462097168,-1,-12,0,-33,-17,-17,-26,9,-13,-22,-21,7,-1,9,hello
11.77131462097168,0,-8,-14,-8,-7,-11,-12,0,9,0,8,4,16,-5,hello
11.786369800567629,1,-8,-13,-15,-9,-25,-27,-4,-9,-20,9,3,7,-19,sil
11.786369800567629,2,7,1,-8,0,-19,-27,0,-21,-34,6,7,1,-14,sil
11.801893711090088,0,15,3,9,9,-4,-16,-8,-15,-27,14,0,0,-14,sil
11.801893711090088,-8,14,19,17,8,3,-9,-9,-18,-22,5,-3,-10,-18,sil
11.817863702774048,-15,20,21,28,14,12,10,-6,-10,-6,-7,-9,-20,-13,sil
11.817863702774048,-15,18,14,34,20,21,25,-5,0,3,-9,-14,-28,-4,sil
11.833346366882324,-15,0,12,27,7,25,29,1,7,5,-7,-16,-23,1,sil
11.833346366882324,-14,-18,0,4,0,18,30,10,10,14,-11,-15,-14,4,sil
11.84934401512146,-13,-19,-22,-8,0,8,23,10,17,29,-17,-12,-13,7,sil
11.84934401512146,-1,-12,-14,-1,-6,0,10,18,25,36,-10,1,-2,19,sil
11.864508390426636,16,-1,14,5,-13,-4,7,28,24,28,9,23,19,32,sil
11.864508390426636,18,-4,-9,4,-9,-2,2,2,14,16,21,9,32,17,sil
11.880506038665771,14,-11,-13,-23,-15,-9,-24,-12,-16,-8,-1,6,11,14,sil
11.880506038665771,17,4,27,-29,-17,-13,-24,6,-19,-12,-4,31,5,22,sil
11.896209955215454,15,9,-16,15,-3,-10,8,-11,22,23,31,3,35,-6,sil
11.896209955215454,13,-12,-40,3,-3,-18,-9,-27,8,4,28,-6,20,-9,sil
11.911301374435425,14,0,26,-36,-8,-13,-33,8,-28,-38,0,31,-12,10,sil
11.911301374435425,3,20,29,-17,1,-1,-11,11,-6,-23,4,28,5,-6,sil
11.926954746246338,-1,8,-2,7,9,1,-1,-8,8,0,15,8,23,-18,sil
11.926954746246338,-4,-6,-16,15,13,0,1,-15,1,8,10,-9,7,-18,sil
11.94202709197998,-9,-4,10,-4,5,-8,-11,0,-21,-13,-13,-3,-22,-8,sil
11.94202709197998,3,22,56,-6,4,4,-8,21,-13,-14,-2,27,-5,12,sil
11.957231760025024,19,32,16,44,20,24,23,-2,37,38,47,9,45,9,sil
11.957231760025024,11,20,4,24,10,7,5,-13,14,18,21,1,14,7,sil
11.972370147705078,-4,20,25,0,1,8,-7,6,-13,-17,-9,7,-21,-2,sil
11.972370147705078,-15,1,-23,13,5,4,9,-6,8,5,2,-24,-3,-20,sil
11.988139152526855,-16,-15,-16,-17,-11,-14,-9,5,-10,-3,-22,-18,-19,1,sil
11.988139152526855,-15,-1,-9,-1,-5,6,5,11,0,6,-21,-19,-13,-4,sil
12.00305986404419,-17,-10,-33,15,4,8,16,-16,-6,0,-16,-43,-11,-20,sil
12.00305986404419,-14,-13,24,-29,-11,1,-9,-1,-57,-54,-48,-8,-48,4,sil
12.01836323738098,-6,-2,-14,18,6,32,29,-10,4,4,-5,-24,-8,-14,sil
12.01836323738098,-5,-26,-82,45,22,18,35,-30,43,47,10,-54,9,-25,sil
12.03399658203125,-7,-26,21,-28,-8,-10,-20,20,-23,-20,-47,10,-43,16,sil
12.03399658203125,-8,-7,35,-22,-12,2,-1,28,-6,-12,-31,18,-22,6,sil
12.054696321487429,-5,-26,-51,-4,-3,-6,16,-8,23,16,-2,-23,6,-16,sil
12.054696321487429,0,-27,-28,-33,-9,-21,-1,5,2,-3,-21,-4,-8,5,sil
12.064263343811035,0,-7,0,-24,-6,-13,5,26,17,8,-8,6,3,16,sil
12.079708814620972,3,0,-9,-7,-7,-16,4,12,19,3,11,2,19,10,sil
12.079708814620972,14,8,-6,3,-5,-18,-8,-5,2,-14,24,14,30,8,sil
12.079708814620972,26,19,26,0,-4,-17,-23,6,-3,-9,31,44,34,26,sil
12.094913721084597,28,24,65,-16,-10,-12,-29,23,-2,0,28,62,24,36,sil
12.110064506530762,18,17,6,10,1,0,-1,-13,19,22,40,12,37,0,sil
12.110064506530762,11,6,-29,11,14,0,-1,-31,6,13,36,-1,25,-9,sil
12.12559938430786,14,17,34,-7,9,6,-18,0,-17,-9,19,35,-4,5,sil
12.12559938430786,14,26,39,17,9,12,-2,-6,-5,1,22,8,0,-11,sil
12.141488552093506,1,18,10,20,1,3,-4,-27,-19,-10,7,-16,-3,-21,sil
12.141488552093506,-18,13,16,1,-3,8,-13,-21,-39,-30,-14,-4,-20,-20,sil
12.156317710876465,-22,3,6,17,6,13,0,-16,-22,-12,-19,-18,-17,-18,sil
12.156317710876465,-9,-1,6,20,9,14,10,-5,-8,0,-22,-15,-12,3,sil
12.172229290008543,-3,0,0,10,3,20,15,7,7,12,-19,-1,-10,10,sil
12.172229290008543,-8,-8,-9,12,1,13,20,16,16,21,-16,-10,-12,0,sil
12.18775510787964,-7,-10,-3,16,2,9,24,20,11,14,-17,-12,-15,3,sil
12.18775510787964,-1,-8,-18,6,0,11,30,16,18,11,-6,-8,-7,4,sil
12.20308804512024,-11,-20,-30,-23,-9,-1,21,16,16,6,-7,-6,-10,1,sil
12.20308804512024,-32,-36,-39,-34,-17,-9,12,15,15,9,-15,-22,-13,-8,sil
12.218184471130373,-28,-38,-46,-30,-13,-9,0,8,19,8,-18,-26,-10,-12,sil
12.218184471130373,1,-15,-7,-25,-4,-12,-22,12,3,-13,-10,8,-2,5,sil
12.233319759368896,13,0,-19,6,8,-10,-18,-12,11,-5,23,8,33,-2,sil
12.233319759368896,13,-4,-40,-4,2,-27,-27,-29,5,-3,30,4,32,-7,sil
12.248921871185305,26,13,36,-42,-13,-36,-50,11,-26,-31,8,53,1,22,sil
12.248921871185305,32,34,49,-1,0,-17,-26,4,-8,-12,26,37,26,10,sil
12.265017747879028,17,21,9,24,11,-12,-16,-35,-9,-9,27,-6,25,-15,sil
12.265017747879028,6,24,38,13,6,1,-12,-15,-37,-25,-1,6,-18,-11,sil
12.280458211898804,5,23,30,32,6,21,20,-1,-16,7,-1,-3,-7,-9,sil
12.280458211898804,-5,0,1,11,-3,5,13,-5,-17,7,-12,-20,-1,-3,sil
12.29656457901001,-17,2,2,-2,1,12,12,-1,-15,-3,-13,-11,-6,0,sil
12.29656457901001,-5,8,1,21,22,34,35,1,17,19,5,-11,6,2,sil
12.312222957611084,4,-1,20,0,4,22,17,16,1,1,-15,-2,-10,16,sil
12.312222957611084,-8,-9,-12,3,-7,16,17,0,1,5,-21,-16,-12,4,sil
12.327864170074465,-12,-17,-50,26,3,9,30,-18,26,36,0,-33,2,0,sil
12.327864170074465,-2,-11,21,-13,-7,-4,1,15,-1,6,-11,8,-17,28,sil
12.343034267425535,-12,-1,24,-20,-16,0,-7,20,-7,-11,-15,11,-21,6,sil
12.343034267425535,-12,-11,-47,3,-1,0,0,-7,13,1,-4,-27,-12,-28,sil
12.358938694000244,6,-7,-10,-10,3,-3,-5,4,6,0,-5,-7,-18,-8,sil
12.358938694000244,1,2,17,-12,0,0,2,17,16,7,2,11,0,6,sil
12.37427043914795,-17,-12,-27,-3,-1,-8,4,-1,20,6,1,-5,9,-4,sil
12.374612092971802,-14,-17,-23,-11,-1,-15,-7,-2,0,-13,-7,-5,-2,-8,sil
12.389342069625854,1,-1,0,-4,4,-4,-1,9,9,-2,5,12,13,3,sil
12.389342069625854,9,0,-2,-4,-6,-11,-3,5,20,10,23,27,40,15,sil
12.404863595962524,12,-3,3,-11,-15,-15,-24,-4,1,1,25,28,35,13,sil
12.404863595962524,17,1,14,5,3,1,-22,-1,0,7,24,23,28,9,sil
12.420006275177002,18,4,6,9,8,-2,-9,4,11,9,14,23,25,11,sil
12.420006275177002,12,0,-2,-11,-14,-20,-9,0,-3,-13,1,11,2,-1,sil
12.436121225357056,6,4,0,-9,-16,-12,-17,-8,-24,-24,0,-5,-22,-21,sil
12.436121225357056,7,15,14,4,0,-2,-16,-16,-31,-27,-2,-3,-29,-17,sil
12.452224254608154,11,20,12,3,6,0,0,-17,-23,-31,-6,0,-16,-9,sil
12.452224254608154,3,19,1,5,6,11,20,-5,-3,-6,2,-5,2,-5,sil
12.4679536819458,-5,14,7,5,8,15,20,2,0,11,8,-1,8,2,sil
12.4679536819458,0,8,20,4,5,1,3,-5,-17,0,2,2,2,7,sil
12.484208822250366,2,6,15,10,4,0,4,-11,-17,1,-4,-8,0,2,sil
12.484208822250366,0,5,3,14,12,11,17,0,0,16,-3,-13,0,3,sil
12.499935150146484,0,3,10,14,15,13,7,6,1,9,-3,0,-6,10,sil
12.499935150146484,-5,0,3,14,7,4,-10,-2,-8,-4,-11,-9,-18,-4,sil
12.51520586013794,-24,-6,-12,9,7,5,-9,-10,-15,-4,-23,-32,-27,-31,sil
12.51520586013794,-31,-8,-4,6,10,13,3,1,-10,2,-23,-24,-26,-28,sil
12.530940771102903,-16,-7,-8,4,1,8,8,11,16,11,-3,-7,-1,-1,sil
12.530940771102903,0,-14,0,-25,-16,-7,-1,20,20,-2,0,12,5,21,sil
12.546085596084597,-1,-10,-2,-21,-11,5,10,21,17,6,1,4,1,8,sil
12.546085596084597,-20,-22,-73,18,0,16,34,-14,34,46,2,-47,4,-21,sil
12.5616295337677,-20,-39,-54,-18,-18,-10,3,-8,8,9,-29,-29,-24,1,sil
12.5616295337677,0,-13,30,-42,-19,-2,1,35,2,-11,-27,32,-19,34,sil
12.577272415161133,6,0,-1,-2,0,12,30,20,43,34,11,10,27,16,sil
12.577272415161133,5,-15,-23,-15,-12,-17,-4,0,21,13,3,0,19,15,sil
12.593381881713867,23,2,18,-12,-12,-24,-27,6,-3,-16,18,40,19,24,sil
12.593381881713867,36,18,20,21,10,-4,-6,1,6,3,54,48,45,15,sil
12.609004974365234,24,7,9,3,-2,-14,-17,-4,-8,-9,27,25,26,3,sil
12.609004974365234,6,0,-3,-11,-15,-33,-29,-16,-12,-37,5,4,5,-14,sil
12.624166250228882,6,7,-2,-1,-2,-27,-21,-17,-10,-41,9,7,6,-18,sil
12.640281438827516,13,22,11,11,9,-1,-7,-9,-22,-22,0,4,4,-12,sil
12.640281438827516,8,23,6,20,12,5,-9,-16,-26,-13,-12,-19,-10,-19,sil
12.640281438827516,-2,19,27,11,7,0,-22,-9,-29,-27,-14,-4,-26,-11,sil
12.655959844589232,-4,18,14,27,13,9,0,-14,-5,3,8,-1,0,-14,sil
12.655959844589232,-3,0,-10,18,16,8,8,-18,-2,21,7,-22,2,-11,sil
12.67199993133545,-4,0,62,-28,1,12,-13,25,-36,-15,-26,12,-40,22,sil
12.687279462814333,-10,12,54,7,5,34,17,20,-2,10,-6,9,-18,8,sil
12.687279462814333,-9,-1,-51,44,18,24,47,-23,31,50,15,-46,11,-24,sil
12.687279462814333,-11,-12,-33,-2,10,11,22,-1,0,11,-11,-28,-20,-9,sil
12.703296422958374,-26,-5,-1,-18,0,23,18,14,5,1,-18,-10,-21,-1,sil
12.703296422958374,-21,-18,-37,-14,-13,6,17,-2,24,18,-15,-24,2,-2,sil
12.718945026397703,0,-22,-17,-29,-21,-17,-2,14,15,13,-19,0,4,18,sil
12.733968257904053,14,-4,0,-6,-2,-9,-4,22,27,20,11,19,22,22,sil
12.733968257904053,17,0,0,-9,-1,-10,-16,6,14,6,21,25,28,21,sil
12.748988628387451,10,0,0,-25,-15,-17,-20,-1,-5,-9,9,26,21,15,sil
12.748988628387451,2,-3,-24,0,-5,-19,-2,-15,2,-5,19,1,24,-9,sil
12.764332294464111,5,4,25,-16,-3,-27,-21,1,-30,-43,3,27,-2,5,sil
12.764332294464111,7,27,77,-14,-3,-5,-15,18,-42,-38,-5,51,-18,12,sil
12.779856204986572,1,18,-3,53,13,17,24,-25,6,19,18,-16,-3,-33,sil
12.779856204986572,-3,-9,-28,38,7,9,12,-23,0,-5,-9,-41,-31,-31,sil
12.79495906829834,-10,-12,10,-2,-5,9,3,21,-1,-20,-39,-11,-38,1,sil
12.79495906829834,-7,-9,-24,13,0,10,19,12,34,38,-5,-14,2,8,sil
12.811048030853271,1,-10,-31,-2,-2,-5,-2,6,22,32,14,0,19,13,sil
12.811048030853271,0,-3,-1,-23,-9,-11,-19,11,2,-4,19,26,27,9,sil
12.826933860778809,-5,4,-2,-5,-2,-10,-16,-10,-5,-9,21,13,23,-6,sil
12.826933860778809,-3,15,3,5,6,2,-5,-22,-23,-9,1,-8,-6,-5,sil
12.842122077941896,-10,3,3,8,10,17,17,-11,-13,1,-18,-32,-23,-3,sil
12.842122077941896,-22,-25,-7,0,0,7,24,4,0,5,-31,-42,-28,-7,sil
12.857255935668944,-20,-28,-11,-13,-10,3,9,10,2,-2,-38,-27,-26,-7,sil
12.857255935668944,-1,-16,-8,-12,-6,5,0,10,14,0,-21,-2,-4,1,sil
12.873358726501465,15,-10,1,-8,0,-5,-3,15,15,3,1,9,15,6,sil
12.873358726501465,17,-1,3,-5,0,-7,-6,4,6,-1,6,9,20,1,sil
12.888960123062134,13,8,0,-1,2,0,-13,-10,-3,-11,2,11,12,0,sil
12.888960123062134,13,15,3,1,6,-10,-21,-14,-16,-14,17,15,11,0,sil
12.90422821044922,14,19,12,0,6,-23,-15,-8,-18,-9,34,22,21,1,sil
12.90422821044922,23,27,19,12,8,-5,-3,1,1,3,41,32,33,15,sil
12.920282125473022,25,32,20,27,12,4,-2,1,11,9,37,24,23,12,sil
12.920282125473022,7,21,9,5,2,-4,-9,-4,-8,-8,8,0,-12,-11,sil
12.935895681381226,-5,5,-4,-10,-6,1,-2,-10,-17,-13,-14,-14,-28,-22,sil
12.935895681381226,-10,0,1,4,-2,10,4,-11,-6,-1,-8,-4,-18,-9,sil
12.951045036315918,-5,11,22,17,4,13,5,-1,-3,1,6,9,-6,1,sil
12.951045036315918,-1,15,19,21,9,16,16,0,-7,7,4,2,-1,-2,sil
12.96665096282959,-11,0,0,12,5,9,22,-1,-9,12,-13,-15,-9,-2,sil
12.96665096282959,-26,-18,-9,-6,-6,9,17,6,2,12,-22,-19,-18,2,sil
12.98324465751648,-24,-24,-13,-12,-11,11,12,14,19,18,-17,-12,-8,5,sil
12.98324465751648,-11,-20,-15,-7,-6,0,12,15,24,20,-16,-9,1,11,sil
12.99919867515564,-12,-23,-15,-16,-7,0,15,11,19,9,-22,-12,-8,13,sil
12.99919867515564,-15,-30,-18,-22,-16,11,9,5,11,0,-20,-14,-10,10,sil
13.014416217803957,2,-24,-13,-13,-15,0,-4,2,7,-2,-12,-2,8,12,sil
13.014416217803957,15,-14,-4,-14,-7,-18,-14,4,6,-7,-5,10,18,8,sil
13.029916048049929,11,-10,-13,-21,-1,-5,-13,1,3,-6,3,8,14,0,sil
13.029916048049929,12,-1,-8,-11,2,-1,-12,0,2,-2,16,8,15,-6,sil
13.04600477218628,11,7,5,-1,0,-27,-17,2,0,-10,17,9,13,-12,sil
13.04600477218628,1,4,0,-9,-8,-39,-29,-9,-19,-25,9,2,0,-19,sil
13.062163829803469,1,6,1,-7,-1,-25,-28,-23,-32,-27,12,7,-1,-13,sil
13.062163829803469,7,24,16,11,18,-8,-6,-14,-22,-17,14,10,-1,-7,sil
13.077878952026367,-3,26,11,20,21,7,10,-5,-11,-6,1,-2,-14,-14,sil
13.077878952026367,-8,18,2,24,18,23,14,-5,0,8,0,-7,-12,-12,sil
13.093010663986206,14,33,25,39,24,24,12,2,13,14,16,9,2,12,sil
13.093010663986206,18,41,44,45,19,22,13,8,8,11,15,15,2,27,sil
13.10832405090332,-1,3,-1,31,2,21,22,-4,1,20,0,-18,-2,7,sil
13.10832405090332,-4,-26,-15,-7,-11,3,4,1,-6,13,-16,-18,-14,0,sil
13.124503135681152,-3,-9,10,-16,-15,0,0,17,4,10,-13,9,-6,8,sil
13.124503135681152,-21,-20,-62,20,-6,2,26,-17,45,42,11,-29,27,-17,sil
13.14010739326477,-12,-50,-64,-29,-16,-26,-11,-15,7,-1,-8,-19,4,-3,sil
13.14010739326477,14,-17,49,-81,-27,-25,-51,32,-43,-57,-24,54,-17,25,sil
13.156187295913696,6,7,8,-9,0,0,-9,-2,3,-6,20,15,26,-14,sil
13.156187295913696,-1,-1,-22,10,5,-12,-11,-23,0,-3,8,-17,3,-17,sil
13.1722731590271,9,27,54,0,0,0,-15,16,-27,-30,-12,20,-25,11,sil
13.1722731590271,5,30,1,52,20,23,37,-10,14,17,22,-14,14,-13,sil
13.18783164024353,-4,-1,-10,8,5,4,14,-3,-10,2,-8,-19,-15,0,sil
13.18783164024353,-12,5,56,-44,-9,11,-8,39,-35,-24,-50,17,-45,21,sil
13.2029926776886,-22,0,-29,10,14,22,34,-5,35,34,-13,-39,7,-19,sil
13.2029926776886,-6,-29,-72,7,-4,-1,17,-24,36,29,-3,-46,11,-3,sil
13.218430519104004,8,-20,1,-32,-43,-3,-18,17,-5,-13,-18,17,-8,31,sil
13.218430519104004,0,-6,-2,-16,-12,-2,-5,14,6,0,1,16,16,4,sil
13.234402179718018,6,0,-7,1,21,-18,-1,2,16,13,30,17,36,-1,sil
13.234402179718018,20,11,19,6,11,-19,-11,5,8,8,44,38,33,11,sil
13.249892950057983,10,10,26,0,3,-9,-13,0,-16,-20,13,22,0,1,sil
13.249892950057983,-2,12,26,13,14,7,7,-6,-23,-31,-8,-5,-21,-14,sil
13.265924453735352,-4,4,-10,46,13,12,24,-30,4,3,10,-28,-1,-26,sil
13.265924453735352,0,-9,1,9,-4,0,0,-18,-7,1,-4,-4,-16,-2,sil
13.281307697296144,0,-1,35,-16,0,25,5,21,-2,7,-17,15,-20,15,sil
13.281307697296144,-7,-13,-21,0,6,25,24,11,38,40,5,-22,17,-1,sil
13.297090291976929,-6,-18,-19,-33,-14,-21,-21,0,5,-3,-11,-8,4,0,sil
13.297090291976929,-2,9,12,-29,-10,-21,-33,-3,-22,-29,-6,25,-2,-2,sil
13.313169717788696,0,12,-29,17,8,-2,0,-24,-1,2,34,0,19,-19,sil
13.313169717788696,1,5,0,4,0,-2,-5,-8,-9,-4,15,-1,-1,2,sil
13.329167366027832,0,16,37,6,0,17,1,15,-6,-3,-13,4,-13,14,sil
13.329167366027832,-8,0,11,12,1,16,9,15,0,13,-19,-4,-7,6,sil
13.344299077987673,-9,-7,-18,2,-10,-7,6,5,1,14,-12,-13,1,2,sil
13.344299077987673,0,-7,-73,13,-4,-25,0,-28,23,16,9,-35,22,-12,sil
13.359539031982422,14,-18,-29,-30,-14,-43,-43,-10,-16,-32,-10,2,-8,5,sil
13.359539031982422,23,4,55,-42,-22,-26,-38,26,-33,-45,-7,51,-17,19,sil
13.374860525131226,22,28,21,29,3,2,13,-5,8,2,27,10,12,-2,hello
13.374860525131226,7,18,12,37,14,10,5,-16,-12,-6,0,-10,-19,-2,hello
13.390434741973875,-9,4,21,21,11,29,13,7,-17,1,-15,0,-32,0,hello
13.390434741973875,-8,-6,-9,18,13,35,40,10,17,28,-2,-5,-5,1,hello
13.406373262405396,-3,-11,-3,-8,2,14,19,14,13,5,-15,-1,-3,14,hello
13.406373262405396,-8,-14,-15,-17,-6,-4,0,7,18,5,-5,0,13,0,hello
13.421881198883057,-4,-13,-24,-20,-4,-10,-15,7,19,6,14,10,24,-9,hello
13.421881198883057,7,6,2,-7,8,2,-14,13,5,-5,12,16,16,-3,hello
13.437157154083252,11,11,9,12,17,0,-2,-2,2,3,15,1,18,-7,hello
13.437157154083252,4,9,20,4,5,-5,-1,-9,-6,7,15,4,12,-2,hello
13.453016996383669,-10,7,4,12,0,4,12,-20,-8,11,5,-14,1,-8,hello
13.453016996383669,-26,-9,-5,3,-1,6,13,-15,-26,-10,-30,-34,-27,-15,hello
13.467830419540403,-25,-11,5,-9,0,18,13,7,-14,-12,-39,-25,-34,-12,hello
13.467830419540403,-13,-19,-44,0,9,20,30,-5,42,33,-5,-40,5,-9,hello
13.482970237731934,0,-23,-6,-45,-10,-12,-8,13,9,-3,-19,0,-1,22,hello
13.482970237731934,4,9,28,-18,-13,-5,-13,21,0,-20,5,30,17,6,hello
13.497957944869995,5,-10,-95,31,10,-3,25,-45,59,42,63,-31,69,-34,hello
13.513306617736816,17,-31,-10,-87,-17,-39,-34,-1,-17,-22,-3,27,-3,33,hello
13.513306617736816,23,40,147,-74,-26,0,-52,60,-59,-57,-24,94,-37,55,hello
13.528971195220947,7,47,7,89,14,23,14,-24,20,26,39,-25,23,-32,hello
13.528971195220947,-11,-14,-47,47,5,-16,1,-43,-13,-2,-15,-58,-27,-24,hello
13.545181035995483,-20,-7,38,-7,-9,0,0,19,-37,-29,-54,4,-63,16,hello
13.545181035995483,-8,0,-15,35,3,13,23,4,26,30,1,-15,0,1,hello
13.560884714126589,10,-18,-28,-5,-7,-24,-14,-3,7,8,2,-1,3,7,hello
13.560884714126589,11,-8,10,-21,-13,-22,-26,12,-9,-11,-2,30,-5,6,hello
13.576247930526732,11,10,-6,18,6,0,-2,4,16,10,26,16,18,-8,hello
13.576247930526732,22,26,7,16,17,4,-4,0,0,-6,30,26,21,6,hello
13.591357469558716,21,37,24,26,17,6,0,-2,-15,-15,28,29,13,7,hello
13.591357469558716,1,18,17,34,6,-5,-3,-13,-18,-4,11,4,-5,-10,hello
13.606940269470217,-8,6,20,22,0,3,-3,-8,-12,0,-7,-4,-12,-4,hello
13.606940269470217,-2,0,5,24,8,28,21,1,16,22,4,0,13,16,hello
13.622978925704956,-3,-18,-9,1,0,27,30,6,22,36,4,1,17,20,hello
13.622978925704956,-6,-24,-13,-26,-14,11,11,7,2,14,-11,-3,0,1,hello
13.638876914978027,0,-10,-13,-15,-16,-5,-3,3,-1,-9,-1,0,7,-4,hello
13.638876914978027,3,-4,-9,-15,-12,-26,-14,4,-3,-22,8,19,14,0,hello
13.654233932495115,-2,-2,-6,-24,-7,-30,-15,0,-3,-20,11,23,10,-11,hello
13.654233932495115,-2,4,-3,-12,0,-16,-11,-13,-4,-23,8,3,1,-23,hello
13.670236587524414,-4,3,5,-11,0,-6,-10,-19,-25,-37,-10,-20,-19,-17,hello
13.670236587524414,-13,-2,0,-11,0,7,0,-12,-19,-13,-11,-32,-19,-9,hello
13.685871601104736,-12,-4,-3,0,6,21,11,8,7,26,-2,-28,-6,0,hello
13.685871601104736,-8,-8,-4,0,4,16,15,19,20,35,-20,-35,-8,5,hello
13.701946020126345,-10,-7,-19,-10,7,13,24,15,25,36,-35,-33,-9,11,hello
13.701946020126345,-9,-8,-22,-19,13,22,28,24,33,41,-37,-15,-6,15,hello
13.717947244644163,-12,-24,-28,-36,4,11,8,17,27,13,-44,-22,-12,-4,hello
13.717947244644163,-14,-24,-39,-55,-5,-17,-19,-3,12,-23,-34,-24,-4,-22,hello
13.734028577804564,-1,8,-17,-26,0,-16,-24,-8,1,-19,-3,0,12,-18,hello
13.734028577804564,9,27,13,14,7,-4,-13,-11,-10,-11,4,1,0,-15,hello
13.749317646026611,3,18,21,15,3,-9,-13,-18,-26,-25,4,-7,-19,-10,hello
13.749317646026611,-4,11,18,15,3,0,-8,-21,-29,-16,19,2,-8,-5,hello
13.76544427871704,-2,8,16,40,3,18,6,-17,-23,4,23,6,0,2,hello
13.76544427871704,10,0,24,53,2,16,20,6,-8,13,18,18,0,27,hello
13.781378746032717,14,-6,33,36,-2,4,21,22,7,15,23,42,4,38,sil
13.781378746032717,10,-8,6,24,-21,-1,20,1,15,11,30,30,11,12,sil
13.796834230422974,20,-12,-9,17,-31,-17,0,-7,10,0,33,26,15,6,sil
13.796834230422974,32,-5,48,-10,-18,-23,-30,26,-16,-20,20,70,8,32,sil
13.813110828399658,30,19,42,1,2,-6,-17,16,-13,-18,20,47,18,3,sil
13.813110828399658,18,14,-39,28,6,-17,-1,-37,4,-6,29,-18,35,-34,sil
13.82915472984314,7,2,-10,-6,0,-29,-26,-16,-14,-16,12,7,15,-1,sil
13.82915472984314,4,20,34,-11,6,4,-15,20,-5,1,7,29,2,19,sil
13.845175981521606,1,23,1,19,14,18,11,4,21,23,7,-7,0,0,sil
13.845175981521606,-10,6,-5,0,9,2,4,-1,9,13,-14,-15,-11,-1,sil
13.845175981521606,-18,3,2,-14,10,13,6,0,3,17,-26,-22,-12,-1,sil
13.860533237457275,-15,2,-9,0,5,16,9,-8,0,11,-28,-40,-17,-4,sil
13.860533237457275,-22,-11,-4,-9,-4,0,2,0,-8,-8,-34,-23,-24,0,sil
13.876195192337036,-43,-36,-32,-32,-8,2,14,3,18,9,-24,-28,-8,-13,sil
13.891322135925291,-35,-47,-61,-49,-12,0,7,-2,28,12,-21,-46,1,-18,sil
13.891322135925291,-1,-14,-2,-49,-11,-9,-19,14,-5,-19,-20,-1,0,4,sil
13.906853675842283,2,18,3,3,11,8,0,7,9,5,17,6,26,-8,sil
13.906853675842283,-6,0,-52,27,19,7,1,-34,18,22,25,-32,19,-31,sil
13.9223735332489,2,-3,17,-13,0,-8,-39,-9,-44,-36,-27,3,-36,3,sil
13.9223735332489,0,13,41,5,0,12,0,21,-22,-21,-17,17,-17,10,sil
13.937902927398682,-11,-15,-51,22,7,8,41,-1,33,20,4,-32,13,-17,sil
13.937902927398682,7,-22,-23,-24,-7,-17,2,7,1,-18,-23,-3,-14,3,sil
13.953049659729004,29,4,20,-16,-9,-9,0,19,-12,-25,-1,35,2,12,sil
13.953049659729004,20,-3,-7,-4,-8,-14,5,-7,-10,-17,33,23,23,-9,sil
13.969146490097046,11,4,15,-12,-6,-18,-17,-14,-40,-36,19,21,-6,-8,sil
13.969146490097046,13,33,41,27,8,1,-5,-13,-31,-13,15,15,-7,-2,sil
13.985565185546877,6,20,33,36,4,10,10,-2,-3,6,9,4,2,8,sil
13.985565185546877,2,3,19,18,0,21,13,10,22,26,5,0,8,18,sil
14.00163722038269,5,7,10,25,11,31,8,2,25,42,7,1,4,16,sil
14.00163722038269,-1,11,27,21,9,13,-4,0,-1,19,-10,6,-21,12,sil
14.017220497131348,-3,15,19,30,5,3,1,0,2,15,-12,-5,-26,5,sil
14.017220497131348,0,4,-1,19,1,1,9,-4,5,13,-9,-12,-23,4,sil
14.033300638198853,-10,-13,-7,-16,-5,-3,5,1,0,0,-21,-2,-17,-1,sil
14.033300638198853,-18,-20,-22,-28,-7,-6,0,4,14,5,-14,-5,3,-11,sil
14.048027992248535,-19,-15,-14,-33,-13,-4,-13,5,8,2,-10,-6,3,-7,sil
14.048027992248535,-29,-25,-37,-20,-10,-5,-7,-11,5,8,0,-25,3,-19,sil
14.068594932556152,-14,-32,-32,-21,-10,-18,-9,2,0,-1,3,-13,8,1,sil
14.068594932556152,22,13,59,-22,-8,1,-3,57,-2,-20,8,50,17,45,sil
14.068594932556152,20,27,-29,63,30,32,61,4,85,66,70,-1,90,-1,sil
14.079153776168823,5,-32,-143,48,25,-27,30,-59,71,61,57,-61,74,-20,sil
14.095373392105104,14,-20,27,-76,-36,-64,-79,7,-83,-95,-42,43,-44,37,sil
14.095373392105104,15,39,91,-36,-23,-1,-46,22,-64,-76,-16,65,-31,5,sil
14.111363649368286,17,19,-11,30,17,13,13,-23,27,28,47,-1,37,-19,sil
14.111363649368286,17,2,21,-15,-1,-15,-12,1,-8,-3,16,21,11,17,sil
14.126335859298706,-7,18,33,-4,-7,-4,-13,3,-30,-34,-10,9,-15,-14,sil
14.126335859298706,-16,9,-5,24,8,6,1,-19,-17,-22,-15,-29,-24,-41,sil
14.141861200332642,-6,0,12,4,8,11,-1,-4,-23,-13,-17,-7,-23,-8,sil
14.141861200332642,-13,0,0,2,11,21,2,0,-5,9,-5,-4,-6,-8,sil
14.157850503921509,-13,0,0,9,14,16,6,-4,3,6,-7,-14,-14,-9,sil
14.157850503921509,-3,4,17,14,7,8,6,-3,-8,-13,-17,-15,-28,-2,sil
14.173380374908447,-3,-1,2,10,0,6,1,-5,-14,-10,-25,-20,-30,-8,sil
14.173380374908447,-4,-5,-6,0,0,9,8,1,1,9,-23,-10,-22,-4,sil
14.188982963562012,-1,-8,-8,0,6,7,21,7,15,20,-13,-3,-2,5,sil
14.188982963562012,-2,-9,0,0,2,7,14,1,0,12,-12,-3,0,9,sil
14.205158472061155,2,-6,-3,-3,-5,10,10,-1,-5,10,-9,-7,-2,3,sil
14.205158472061155,2,-10,-15,-11,-21,-4,10,4,1,7,-2,-7,-1,2,sil
14.22126293182373,-8,-5,-12,-10,-18,-11,4,13,5,8,-6,-2,0,10,sil
14.22126293182373,-6,0,-24,6,2,-1,6,7,24,34,0,-12,14,14,sil
14.237097024917604,9,-4,3,-20,-6,-5,-8,20,17,21,3,12,7,26,sil
14.237097024917604,11,-2,15,-23,-14,0,-2,18,21,11,19,23,14,15,sil
14.252191066741943,7,-10,-59,16,6,-2,14,-26,44,24,32,-25,39,-12,sil
14.252191066741943,19,-12,-23,-18,0,-31,-27,-12,3,-29,3,11,16,6,sil
14.2680561542511,20,14,36,-26,-9,-21,-36,16,-10,-42,19,59,18,5,sil
14.2680561542511,6,10,-8,6,0,-21,-14,-16,-4,-11,42,8,27,-23,sil
14.283194303512571,1,8,44,-13,-8,-30,-37,-2,-50,-45,-7,17,-22,1,sil
14.283194303512571,-1,27,55,27,9,15,4,10,-7,-8,8,31,4,4,sil
14.29832148551941,-5,0,-18,52,32,28,40,-7,39,45,43,-3,38,-3,sil
14.29832148551941,-3,-6,34,-4,12,14,1,21,-7,7,0,19,-12,21,sil
14.31399941444397,-6,14,9,36,12,32,14,-5,11,25,7,-4,0,-13,sil
14.31399941444397,-8,-2,-47,49,10,8,12,-46,-1,11,6,-37,-4,-25,sil
14.329065084457396,-6,3,60,-29,-13,-7,-30,8,-71,-61,-50,24,-73,17,sil
14.329065084457396,-15,21,29,-4,-1,22,7,12,-10,-15,-23,-5,-31,-14,sil
14.34427046775818,-20,-13,-88,20,8,10,36,-31,30,21,3,-78,13,-42,sil
14.34427046775818,-8,-30,-27,-32,-7,-12,0,-8,-26,-25,-34,-34,-28,-6,sil
14.359310388565063,-4,-11,6,-28,-8,-2,-11,6,-19,-15,-32,-9,-28,-4,sil
14.359310388565063,-2,-2,-28,0,-3,-4,-5,-2,5,8,-10,-28,2,-9,sil
14.3750581741333,4,1,0,-2,-3,-8,0,12,3,6,-6,-1,10,18,sil
14.3750581741333,3,-1,2,-8,-1,-3,13,22,23,23,6,10,16,26,sil
14.391167163848875,10,-2,-12,-11,-1,-3,6,13,29,26,12,7,17,14,sil
14.391167163848875,25,17,15,3,4,0,0,7,15,15,12,24,17,16,sil
14.406842231750488,23,15,24,18,6,8,3,5,8,15,17,22,15,17,sil
14.406842231750488,3,-13,2,-5,-7,7,-5,-2,-5,2,0,2,-5,1,sil
14.421887636184692,-16,-22,-11,-26,-13,-7,-16,-12,-13,-10,-16,-5,-10,-15,sil
14.421887636184692,-12,-2,-5,-6,-4,-15,-7,-7,-1,-9,-4,2,9,-13,sil
14.43706512451172,7,6,10,11,1,0,2,8,8,-10,3,12,9,-2,sil
14.43706512451172,9,0,1,1,1,8,7,12,16,-1,0,9,3,-1,sil
14.45315432548523,-1,-7,-10,-13,-4,0,5,3,8,0,2,9,10,0,sil
14.45315432548523,-1,-2,5,-8,-8,-6,1,4,-4,-5,2,8,10,0,sil
14.468552589416504,-2,4,6,1,0,-11,-5,1,2,-2,4,4,4,-2,sil
14.468552589416504,-6,5,-5,-4,2,-18,-18,-5,-4,-8,14,10,0,0,sil
14.484266757965088,0,3,-3,-2,0,-10,-20,-17,-29,-26,7,2,-13,-5,sil
14.484266757965088,3,5,0,5,-3,-5,-15,-27,-29,-23,-13,-11,-26,-21,sil
14.500280380249023,1,14,0,1,2,-10,-15,-15,-15,-8,-9,-5,-18,-14,sil
14.500280380249023,1,11,-3,7,11,-2,-6,-1,-6,-3,18,0,5,-1,sil
14.515860080718994,3,4,7,14,8,11,3,0,-5,-8,19,0,9,4,sil
14.515860080718994,2,12,28,17,2,24,12,3,0,2,6,0,0,10,sil
14.531914710998535,-2,7,6,24,3,24,16,0,10,25,11,-13,0,5,sil
14.531914710998535,-8,-10,0,9,1,8,5,0,0,18,5,-10,-5,10,sil
14.547039270401,-9,-5,13,4,2,11,9,2,-1,13,-7,-3,-4,10,sil
14.547039270401,-7,-4,-7,19,8,18,23,-3,10,22,-18,-21,-4,0,sil
14.562647104263306,-6,-14,0,-4,-1,5,12,8,0,4,-33,-12,-21,7,sil
14.562647104263306,-4,-11,-1,-5,-3,3,27,12,12,11,-15,-2,-1,2,sil
14.57788109779358,1,-17,-52,13,8,2,40,-5,39,35,1,-20,21,-10,sil
14.57788109779358,5,-20,-20,-23,0,-10,1,18,14,0,-17,6,0,15,sil
14.594377279281616,4,0,28,-31,-6,-7,-13,41,12,-12,-4,32,6,26,sil
14.594377279281616,11,5,-12,6,6,-1,1,10,31,14,31,9,41,0,sil
14.610081911087036,18,0,-18,-7,3,-10,-14,-9,0,0,23,14,24,0,sil
14.610081911087036,8,9,12,-24,-4,-13,-26,-3,-18,-17,10,26,5,0,sil
14.625329494476318,2,14,4,-3,-1,-9,-18,-1,2,-5,15,11,13,-10,sil
14.641255140304564,6,8,10,-1,0,-1,-19,0,0,-7,6,9,-1,-8,sil
14.641255140304564,0,8,11,-5,0,0,-12,-6,-16,-21,-3,-1,-24,-17,sil
14.641255140304564,-11,9,-4,0,0,-10,-6,-25,-26,-27,-8,-22,-26,-30,sil
14.656935691833496,-15,3,6,0,-7,-15,-16,-27,-38,-35,-18,-20,-27,-28,sil
14.656935691833496,-19,0,15,7,-8,-3,-9,-17,-32,-32,-13,-19,-23,-17,sil
14.673092365264893,-24,0,-2,11,-2,4,6,-14,-11,-8,-9,-24,-14,-2,sil
14.673092365264893,-20,-14,-9,-1,-3,7,10,-6,-5,8,-27,-22,-19,3,sil
14.688679456710815,-10,-17,1,3,-1,18,17,5,2,21,-25,-9,-9,7,sil
14.688679456710815,3,0,7,15,2,26,27,18,17,31,2,8,15,28,sil
14.704081296920776,14,0,-1,-4,-7,9,15,26,26,30,11,17,22,36,sil
14.704421043395996,11,-15,-19,-28,-20,-18,-5,21,28,22,3,8,17,14,sil
14.719957828521729,13,-8,-15,-19,-13,-22,-8,20,27,12,5,7,18,7,sil
14.719957828521729,26,10,6,4,2,-9,-5,16,19,1,21,26,23,12,sil
14.736038446426392,31,13,11,9,8,-6,-6,-1,0,-6,31,33,24,4,sil
14.751542806625366,21,6,4,-3,4,-9,-8,-10,-21,-11,16,17,12,-3,sil
14.751542806625366,6,4,5,-8,4,-3,-12,-11,-23,-14,4,7,0,-10,sil
14.751542806625366,-6,0,-5,1,8,0,-13,-25,-7,-7,17,-1,3,-17,sil
14.767560958862305,-7,0,2,7,6,-6,-19,-22,-16,-11,12,-1,-3,-10,sil
14.767560958862305,-4,18,41,13,11,2,-13,7,-29,-25,-8,7,-20,0,sil
14.783190965652466,-12,19,-8,43,26,25,24,-7,9,8,3,-23,1,-18,sil
14.783190965652466,-14,-11,-54,34,14,13,28,-32,18,25,4,-39,0,-17,sil
14.798903703689575,-3,-2,23,-2,-5,5,-5,3,-27,-16,-23,8,-37,15,sil
14.814161777496338,-7,21,43,8,4,27,10,16,-19,-17,-24,6,-31,4,sil
14.814580917358398,-19,1,-14,20,13,20,36,0,17,17,-11,-30,-4,-13,sil
14.829152822494509,-13,-13,-12,5,3,3,26,9,21,31,-4,-14,1,5,sil
14.829152822494509,-5,-7,16,-18,-4,6,6,20,8,12,-8,7,-5,20,sil
14.845064878463743,-13,-8,0,-28,-10,2,3,10,12,1,-21,-10,-6,3,sil
14.845064878463743,-14,-22,-59,-2,-6,-13,9,-9,38,19,-4,-42,12,-19,sil
14.860241174697876,3,-28,-27,-28,-18,-29,-20,7,7,-8,-4,0,0,10,sil
14.860241174697876,14,-8,44,-47,-24,-12,-22,35,-9,-20,-8,47,2,35,sil
14.875524282455444,9,-11,-10,2,-1,0,18,0,35,27,11,1,36,1,sil
14.875524282455444,10,-18,-15,-14,-6,-13,-3,-4,3,-4,-6,-1,1,1,sil
14.891273975372314,11,14,18,-19,-11,-2,-12,4,-21,-29,2,21,-5,0,sil
14.891273975372314,8,9,-41,22,1,-4,0,-31,10,4,31,-14,26,-32,sil
14.906290292739868,13,-3,24,-27,-17,-32,-54,3,-35,-39,-9,28,-20,4,sil
14.906290292739868,11,35,95,-23,-12,-7,-47,39,-41,-32,0,70,-13,22,sil
14.92173433303833,4,33,-29,55,23,7,11,-28,25,46,53,-13,49,-28,sil
14.92173433303833,7,-2,-57,25,13,-22,-11,-48,-6,8,16,-32,5,-23,sil
14.936671018600464,-4,5,20,-4,0,-7,-24,-11,-45,-35,-12,7,-34,0,sil
14.936671018600464,-17,13,-1,29,17,24,13,-11,-10,0,6,-16,-4,-11,sil
14.953198194503784,-3,4,-4,24,15,24,20,-2,-1,2,-1,-19,-7,0,sil
14.953198194503784,-5,-3,15,4,6,20,21,9,-4,-2,-17,-9,-24,3,sil
14.969257354736328,-17,-21,-11,-2,0,17,31,1,8,10,-23,-30,-22,-10,sil
14.969257354736328,-6,-18,-8,-9,-12,13,28,10,13,8,-24,-16,-13,0,sil
14.984293460845947,0,-5,4,-3,-3,16,22,24,23,11,-4,10,7,17,sil
14.984293460845947,-1,-14,-2,-6,4,3,10,16,26,18,9,14,25,22,sil
14.99988865852356,13,-9,4,-18,-3,-16,-7,0,7,7,12,19,30,22,sil
14.99988865852356,27,14,16,-12,-3,-20,-21,-9,-13,-3,21,26,29,10,sil
15.015868425369264,15,23,20,0,5,-9,-22,-7,-19,-7,22,16,15,-2,sil
15.015868425369264,-2,9,14,10,4,1,-8,-5,-6,-1,8,-4,0,-3,sil
15.031317234039308,-5,0,11,11,2,5,5,0,7,14,-3,-3,-6,11,sil
15.031317234039308,-1,0,4,9,6,9,14,10,17,26,-8,2,-8,18,sil
15.047385931015016,-3,-6,-14,0,-3,0,7,6,11,4,-21,-11,-12,3,sil
15.047385931015016,-13,-13,-13,-27,-21,-13,-12,4,-4,-32,-27,-8,-9,-6,sil
15.062630653381348,-12,-4,-26,-15,-11,-11,-8,-2,5,-19,4,0,14,-10,sil
15.062630653381348,7,7,-14,2,4,-10,-6,-10,0,-10,13,7,2,-5,sil
15.07818841934204,8,22,40,1,6,0,-14,1,-29,-30,-16,14,-31,-5,sil
15.07818841934204,-16,9,-9,37,13,27,19,-13,0,9,-2,-32,-11,-33,sil
15.094186067581177,-25,-29,-60,25,5,12,23,-13,18,34,-1,-46,-7,-16,sil
15.094186067581177,-12,-23,6,-34,-12,-14,-7,23,-14,-6,-31,14,-27,20,sil
15.109527349472046,-2,1,-1,-18,-7,-11,-5,5,-1,-8,-5,14,5,-11,sil
15.109527349472046,6,0,-30,0,-1,-19,-15,-15,5,-5,24,0,21,-24,sil
15.12519669532776,11,9,20,-4,0,-16,-24,8,-4,-15,20,25,11,3,sil
15.12519669532776,5,20,21,17,8,7,-2,1,8,2,19,12,17,-4,sil
15.140889167785645,8,15,10,16,7,13,3,-5,-1,10,12,-7,2,-4,sil
15.140889167785645,10,4,20,10,3,13,9,0,-9,17,10,-3,-5,14,sil
15.15642523765564,-3,-14,9,8,1,17,19,-4,-3,11,-3,-10,-7,14,sil
15.15642523765564,-13,-20,-2,-6,0,13,15,0,-6,1,-25,-17,-19,6,sil
15.171974182128906,-10,-20,-23,-17,-9,0,12,2,4,10,-24,-28,-16,0,sil
15.171974182128906,-3,-28,-21,-36,-26,-15,0,5,10,1,-22,-18,-13,6,sil
15.187921524047852,9,-20,-9,-28,-21,-18,-8,11,19,0,-11,2,7,13,sil
15.187921524047852,23,-4,-8,-12,-1,-24,-18,2,17,0,13,16,33,11,sil
15.203430652618408,29,21,35,-12,0,-10,-28,10,-17,-26,27,52,26,17,sil
15.203430652618408,16,41,22,35,15,20,7,-6,-1,0,52,33,38,-8,sil
15.219550609588625,0,13,-37,39,25,1,10,-37,9,12,33,-23,23,-30,sil
15.219550609588625,-5,3,28,-30,1,-14,-32,-1,-44,-45,-21,11,-38,4,sil
15.23539972305298,-6,29,55,3,5,28,2,18,-20,-13,-1,29,-17,8,sil
15.23539972305298,-12,14,-20,57,25,40,40,-10,29,44,12,-26,16,-13,sil
15.250999212265016,-19,-12,-8,4,2,8,7,-2,-2,9,-35,-24,-22,0,sil
15.250999212265016,-20,-9,5,-17,-10,1,3,9,-2,-3,-37,-5,-24,2,sil
15.266006231307983,-1,-9,-25,-6,-4,-9,8,6,24,0,-7,-6,8,3,sil
15.266006231307983,15,-4,-8,-16,-8,-24,-14,9,3,-12,0,15,11,7,sil
15.281156778335571,6,5,0,-5,-8,-20,-17,-2,-16,-9,4,9,0,-9,sil
15.281156778335571,4,15,14,10,7,-1,0,-1,-12,-8,5,2,-11,-6,sil
15.2968487739563,18,22,25,33,21,15,20,3,10,10,20,8,4,6,sil
15.2968487739563,12,3,5,31,8,6,9,-10,11,24,10,-5,7,2,sil
15.312273502349854,-9,-11,19,-1,-8,4,-13,2,-7,0,-25,-3,-22,7,sil
15.312273502349854,-25,-17,-30,16,-1,20,21,-1,33,35,-4,-30,4,-7,sil
15.328359842300417,-20,-39,-73,0,-7,-4,23,-17,35,44,-1,-40,15,0,hello
15.328359842300417,1,-24,30,-60,-22,-24,-22,24,-21,-24,-33,33,-23,43,hello
15.344051122665403,9,4,23,-17,-2,-2,-2,17,3,-16,3,25,10,9,hello
15.344051122665403,5,-13,-56,4,0,-21,-8,-29,0,-10,21,-23,25,-35,hello
15.359130144119264,11,-9,6,-41,-17,-33,-47,-3,-50,-50,0,17,-14,-10,hello
15.359130144119264,11,15,20,-18,-2,-2,-12,11,-14,-15,27,25,10,-4,hello
15.374294519424438,-3,8,-21,0,5,-4,0,-9,2,0,24,-8,19,-21,hello
15.374294519424438,-14,6,0,-12,-3,-9,-23,-13,-28,-26,-5,-9,-20,-23,hello
15.39035415649414,-11,19,10,14,1,8,-6,-12,-11,-7,1,-10,-19,-15,hello
15.406386852264404,-9,17,7,19,8,21,13,0,7,9,-3,-7,-7,0,hello
15.406386852264404,-15,1,4,4,11,27,20,3,7,8,-15,-7,-12,-3,hello
15.406386852264404,-16,-5,-3,9,9,27,22,-4,4,7,-15,-20,-15,-7,hello
15.422292947769163,-12,1,0,18,0,25,18,1,-2,3,-17,-13,-11,9,hello
15.422292947769163,-8,-6,-7,12,-1,15,14,0,0,6,-13,-10,-6,11,hello
15.436928272247314,0,-15,-1,-6,-2,3,12,6,1,6,-20,-7,-12,14,hello
15.436928272247314,9,-3,4,-7,-5,3,18,21,10,17,-18,0,-1,12,hello
15.452069282531738,6,-7,-17,0,1,0,16,15,33,35,4,-1,24,5,hello
15.467961311340332,21,-9,4,-6,3,-8,-5,15,30,21,19,19,31,26,hello
15.467961311340332,27,-2,27,-3,-5,-15,-13,18,19,4,20,37,31,32,hello
15.482981204986572,12,-12,-6,-3,-9,-32,-17,4,13,3,11,14,26,2,hello
15.482981204986572,23,0,-4,-1,-3,-26,-20,-3,1,4,18,18,17,2,hello
15.498774528503418,43,33,36,20,9,0,-6,-9,-3,0,45,48,21,23,hello
15.498774528503418,31,39,37,24,12,-3,-9,-16,-15,-25,33,42,14,10,hello
15.51399302482605,16,29,23,17,4,-22,-26,-14,-28,-41,5,22,-4,-11,hello
15.51399302482605,10,24,13,22,3,-12,-19,-19,-28,-23,7,4,-16,-18,hello
15.529290199279783,-13,9,1,15,4,3,-5,-20,-28,-12,-8,-19,-27,-20,hello
15.529290199279783,-41,-4,-7,0,5,14,1,-5,-14,-7,-34,-31,-28,-23,hello
15.544945478439333,-44,-19,-26,-6,0,16,13,3,8,12,-26,-36,-16,-23,hello
15.544945478439333,-40,-27,-26,-15,-14,9,15,5,0,17,-20,-33,-21,-12,hello
15.56010127067566,-32,-18,-17,-12,-9,11,18,12,0,14,-25,-26,-22,2,hello
15.56010127067566,-17,-23,-27,-9,3,14,21,15,29,24,-18,-25,0,12,hello
15.575881958007812,-13,-31,-30,-35,-2,1,3,8,26,15,-13,-17,5,10,hello
15.575881958007812,-4,-14,-23,-41,-11,-14,-11,0,0,-6,0,-3,3,-4,hello
15.59196400642395,17,2,-18,-27,-1,-19,-8,-2,0,-19,13,4,12,-13,hello
15.59196400642395,18,0,-9,-45,1,-15,-9,-1,0,-24,3,1,8,-10,hello
15.608041048049929,4,-1,-2,-40,-2,-13,-11,-8,-9,-20,3,-6,1,-16,hello
15.608041048049929,7,16,12,10,0,-4,-5,-10,-12,-10,22,4,7,-15,hello
15.624323844909668,12,31,24,39,13,17,6,-2,-7,3,25,16,11,0,hello
15.624801397323608,1,23,26,31,12,34,13,-1,-5,10,14,9,4,9,hello
15.639883279800417,0,11,36,34,4,27,7,0,-10,0,0,10,-4,4,hello
15.639883279800417,6,9,36,50,5,15,8,5,-2,2,-2,13,-3,4,hello
15.655345678329468,1,8,18,43,6,14,18,7,6,16,6,7,0,18,hello
15.655345678329468,-4,0,7,17,1,17,22,5,6,12,3,3,-8,24,hello
15.6712908744812,-6,-9,-4,8,-3,8,13,-5,2,-3,-17,0,-16,8,hello
15.6712908744812,0,-7,-9,8,-14,-11,0,-7,-8,-11,-27,-6,-13,0,hello
15.686901569366457,14,-2,2,9,-15,-16,-1,5,-5,2,-17,-3,-6,10,hello
15.686901569366457,11,-10,4,5,1,0,0,9,13,21,-16,-2,-1,9,hello
15.7029926776886,-8,-27,-17,-15,0,-1,-5,5,18,17,-19,-9,5,0,hello
15.7029926776886,-12,-32,-33,-38,-19,-30,-16,5,10,3,-5,-11,10,-4,hello
15.718188285827637,-5,-20,-23,-36,-15,-37,-23,6,10,-2,0,-1,4,-2,hello
15.718188285827637,0,-7,-17,-25,-1,-17,-23,5,19,9,1,5,10,-3,hello
15.733819007873535,3,-2,-18,-27,0,-7,-20,6,17,18,18,7,23,-1,sil
15.733819007873535,6,2,-5,-19,1,-7,-16,6,0,0,26,12,20,1,sil
15.74937105178833,13,13,9,0,3,-1,-8,-2,-3,-17,25,17,14,2,sil
15.74937105178833,20,18,12,1,0,-3,-5,-13,-1,-19,24,20,8,0,sil
15.764984130859377,16,15,11,-2,7,-9,-4,-14,-13,-17,21,17,0,-8,sil
15.764984130859377,7,15,13,4,15,-4,-5,-16,-22,-16,19,20,-2,-15,sil
15.780338048934937,-4,16,10,9,10,0,-14,-16,-21,-17,10,15,-6,-10,sil
15.780338048934937,-11,16,5,11,6,2,-7,-7,-16,-9,-2,-3,-6,-7,sil
15.79591178894043,-6,21,10,15,14,10,17,4,-6,9,-4,-11,1,2,sil
15.79591178894043,-4,20,7,18,12,15,33,8,4,18,0,-8,6,9,sil
15.811992168426514,-13,6,-3,9,0,18,30,4,5,8,-6,-15,-5,0,sil
15.811992168426514,-13,-2,-5,-1,-1,22,26,1,1,-1,-20,-22,-19,-3,sil
15.828079462051392,-6,-2,-1,9,3,18,25,-2,2,-1,-16,-19,-12,8,sil
15.828079462051392,-8,-4,0,13,0,11,16,-5,-3,-3,-5,-10,-2,8,sil
15.844061613082886,-6,-12,0,-1,-8,10,8,-3,-10,-5,-11,-17,-14,-6,sil
15.844061613082886,2,-14,1,-5,-7,5,1,-6,-10,-6,-30,-26,-29,-16,sil
15.859375476837158,2,-11,3,1,0,-2,-8,-8,-10,-9,-29,-15,-27,-11,sil
15.859375476837158,0,-10,2,2,-1,0,-10,0,-5,-2,-5,-8,-12,-3,sil
15.874561548233032,-3,-7,-1,0,-4,7,-2,7,1,4,-6,-10,-11,0,sil
15.874561548233032,-4,-5,-3,1,-5,3,0,12,9,10,-16,0,-7,0,sil
15.89020586013794,0,-7,2,-3,-11,-10,-2,17,23,23,7,14,19,12,sil
15.89020586013794,2,-15,-2,-15,-12,-17,-7,21,30,24,22,14,28,22,sil
15.905890941619871,0,-20,-19,-17,-3,-6,-10,14,21,4,0,5,11,15,sil
15.905890941619871,-4,-13,-15,-5,0,1,-13,2,8,-7,-7,6,5,1,sil
15.92140293121338,-1,-5,0,0,0,-3,-13,-2,0,2,6,6,6,-1,sil
15.92140293121338,9,-4,-4,-12,0,-14,-13,-10,-12,2,7,7,2,-4,sil
15.937138319015505,7,0,-13,-20,0,-19,-15,-18,-24,-16,3,14,3,-15,sil
15.937138319015505,0,9,-4,-5,-1,-15,-15,-14,-20,-18,14,14,16,-11,sil
15.953221559524536,6,15,8,8,0,-2,-5,2,0,3,22,17,24,6,sil
15.953221559524536,18,9,1,5,0,7,11,16,26,22,22,20,30,12,sil
15.968304634094238,14,2,-8,-3,4,3,16,17,31,19,20,12,31,15,sil
15.968304634094238,0,8,6,-7,3,-6,0,8,7,0,8,3,16,15,sil
15.983938217163086,-3,13,10,1,0,-6,-1,-6,-5,-8,1,-2,4,-6,sil
15.984426736831663,1,13,5,10,3,-2,4,-14,-6,-10,1,-1,-5,-18,sil
16.000000953674316,2,18,18,13,9,0,5,-10,-16,-23,0,1,-24,-11,sil
16.000000953674316,2,26,28,23,10,3,7,-12,-24,-30,0,-3,-32,-11,sil
16.01813316345215,1,19,21,25,3,3,0,-18,-29,-26,-4,-7,-35,-10,sil
16.01813316345215,-7,3,5,13,-6,2,-3,-12,-23,-10,-18,-13,-36,-5,sil
16.0302996635437,-7,0,-4,3,-2,9,12,-1,-1,8,-18,-18,-25,-3,sil
16.0302996635437,-4,1,-2,3,8,17,18,8,10,16,-12,-12,-10,9,sil
16.04596734046936,-10,-4,-1,10,6,18,10,12,14,25,-9,-10,0,21,sil
16.04596734046936,-5,-15,-6,9,2,16,4,10,20,38,-3,-12,6,20,sil
16.061976432800293,0,-24,-15,-6,7,13,2,5,17,29,-2,-11,7,14,sil
16.061976432800293,-13,-30,-25,-19,3,4,0,2,13,12,-18,-16,0,1,sil
16.083003044128418,-18,-29,-26,-22,-13,-6,-2,5,15,6,-27,-21,-7,-13,sil
16.083003044128418,0,-22,-13,-28,-20,-14,-11,3,1,-6,-6,-1,-1,-11,sil
16.083003044128418,15,-4,1,-24,-7,-11,-17,-6,-15,-27,16,24,16,0,sil
16.093052864074707,19,12,10,-8,-1,-3,-10,-3,-8,-27,24,26,34,3,sil
16.10890007019043,17,7,12,-15,-10,-11,-11,0,0,-15,30,24,36,-1,sil
16.10890007019043,3,0,5,-24,-3,-22,-10,-2,-9,-11,32,22,24,-12,sil
16.125038623809814,-6,11,4,2,15,-3,4,0,-10,0,17,3,10,-12,sil
16.125038623809814,-17,15,10,24,9,14,7,3,0,12,-11,-12,-9,-5,sil
16.140143871307373,-31,-6,-5,12,-10,8,4,-1,-2,9,-29,-19,-23,-5,sil
16.140143871307373,-19,-13,-18,8,-9,4,14,1,0,3,-21,-18,-17,0,sil
16.15532350540161,15,6,0,12,4,0,8,14,9,1,-9,2,-4,11,sil
16.15532350540161,34,17,12,9,1,-17,-12,1,5,-10,0,25,5,3,sil
16.170825958251953,20,15,7,4,-5,-27,-24,-18,-16,-32,9,22,2,-14,sil
16.186875104904175,1,18,4,7,1,-19,-21,-15,-21,-31,1,0,-10,-16,sil
16.186875104904175,4,23,10,15,11,0,-5,-5,-14,-18,-7,-8,-18,-8,sil
16.186875104904175,3,18,19,23,10,21,12,0,-4,-5,0,-5,-15,0,sil
16.202544450759888,-3,3,9,20,5,28,24,3,12,21,10,-7,-3,12,sil
16.202544450759888,2,-7,1,0,7,24,24,9,18,48,9,0,11,30,sil
16.21757197380066,9,-10,1,-8,11,18,23,20,21,53,7,7,18,35,sil
16.21757197380066,-5,-18,-6,-6,3,3,17,19,29,39,0,-3,7,22,sil
16.2333767414093,-17,-28,-13,-20,-10,-9,0,0,13,12,-14,-10,-14,5,sil
16.2333767414093,-6,-25,-15,-24,-12,-10,-11,-16,-9,-6,-8,-3,-16,-4,sil
16.248889446258545,-2,-17,-16,-13,-5,-6,-14,-7,-12,-12,-2,-1,-1,-6,sil
16.248889446258545,-8,-13,-16,-15,-2,-1,-20,0,-7,-15,-4,-5,4,-11,sil
16.264320850372314,-6,3,-9,-11,-5,3,-19,-13,-7,-18,6,0,3,-25,sil
16.27932381629944,-7,22,9,8,1,9,-5,-13,-11,-15,10,1,-1,-18,sil
16.27932381629944,-11,12,15,26,14,17,13,0,2,7,0,-11,-2,0,sil
16.29494071006775,-7,-1,1,15,-5,18,25,9,29,23,-8,-16,0,10,sil
16.29494071006775,-9,-8,-12,-10,-39,3,17,16,28,2,-19,-10,1,7,sil
16.310213804244995,-13,-18,-25,-16,-26,-22,-5,6,4,-21,-15,-11,0,-6,sil
16.310213804244995,5,-9,-7,-14,1,-38,-21,-4,-16,-30,1,4,0,-11,sil
16.326311826705933,25,8,9,-7,2,-23,-2,0,-12,-19,9,23,6,-2,sil
16.326311826705933,25,0,-6,0,3,-16,4,-1,-4,-4,8,13,13,-3,sil
16.34196949005127,22,0,5,-14,13,-18,-15,2,-17,-10,9,24,5,-1,sil
16.34196949005127,17,22,9,0,14,-3,-8,0,-1,0,32,28,24,-1,sil
16.357250928878784,10,18,-5,14,5,-10,-10,-13,0,1,23,8,20,0,sil
16.357250928878784,9,14,29,-1,4,-10,-28,5,-18,-9,-6,17,-9,7,sil
16.373120307922363,3,26,4,31,27,20,7,-1,24,33,26,0,22,-5,sil
16.373120307922363,3,13,2,18,17,3,-1,-7,5,5,20,0,18,13,sil
16.388668060302734,0,18,110,-43,-19,1,-39,31,-71,-66,-40,53,-50,42,sil
16.388668060302734,-27,21,33,24,1,50,25,-6,-10,4,-8,-14,-19,-23,sil
16.40396237373352,-30,-16,-98,60,22,30,49,-53,37,48,17,-94,9,-49,sil
16.40396237373352,0,-15,-2,-5,0,1,3,2,-14,-9,-23,-17,-28,14,sil
16.419286251068115,0,7,26,12,5,33,24,15,1,15,-16,7,-16,10,sil
16.419286251068115,-15,-16,-39,19,3,18,24,-16,12,31,-9,-31,-7,-16,sil
16.434911966323853,-8,-30,-20,-21,-21,-19,-11,-5,-17,-4,-29,-16,-19,0,sil
16.434911966323853,-2,-19,-13,-9,-19,-17,-2,0,0,7,-10,-10,5,6,sil
16.44996738433838,-2,-6,7,-8,-5,-4,-1,18,7,10,-4,5,2,21,sil
16.44996738433838,1,0,4,0,4,6,11,23,24,23,0,2,4,10,sil
16.465250492095947,5,-21,-40,3,5,-2,18,4,36,28,1,-23,5,0,sil
16.465250492095947,10,-9,47,-43,-12,-4,-16,38,-10,-31,-27,32,-38,36,sil
16.481266736984253,1,20,34,-3,-2,25,13,20,18,-6,-1,23,-5,0,sil
16.481266736984253,-14,-22,-101,28,5,-5,28,-47,46,30,25,-52,38,-52,sil
16.497267723083496,-1,-37,-11,-46,-24,-47,-41,-2,-32,-38,-9,17,-7,7,sil
16.497267723083496,13,17,63,-23,-20,-15,-31,25,-21,-30,9,66,9,25,sil
16.51328444480896,-1,9,-31,15,-5,-12,3,-22,27,13,31,0,43,-18,sil
16.51328444480896,-12,-22,-23,-42,-23,-29,-20,-1,-9,-17,-3,0,1,-2,sil
16.528839349746704,-8,-12,2,-34,-12,-1,-11,15,-4,-9,1,11,3,2,sil
16.528839349746704,0,2,-17,-3,11,6,2,-5,11,0,11,-6,17,-9,sil
16.544851064682007,16,24,13,2,12,0,-9,-5,-11,-18,0,5,0,0,sil
16.544851064682007,21,36,20,32,9,0,-11,-19,-23,-10,13,9,0,-7,sil
16.560370683670044,10,28,6,29,12,-4,-20,-24,-28,-9,15,0,3,-8,sil
16.560370683670044,15,28,18,12,14,0,-14,-2,-15,-8,20,11,8,1,sil
16.57610034942627,24,28,20,22,13,-1,1,1,2,-2,25,16,12,-2,sil
16.57610034942627,8,26,15,29,17,-2,2,-5,-7,-7,12,0,-3,-11,sil
16.591211795806885,-5,18,15,33,25,16,16,0,-3,9,5,-15,-8,0,sil
16.591211795806885,-7,-3,10,21,18,26,28,15,16,25,-6,-11,-2,12,sil
16.607017993927002,-15,-15,-3,3,1,17,12,11,7,15,-24,-14,-10,3,sil
16.607017993927002,-20,-6,-7,8,0,17,4,-6,-15,6,-20,-26,-20,-7,sil
16.622206687927246,-11,-6,4,8,4,24,19,-4,-14,4,-18,-19,-25,-4,sil
16.622206687927246,-15,-26,-4,-14,0,15,19,3,0,2,-31,-11,-27,-5,sil
16.637897968292236,-21,-33,-23,-33,-18,0,5,0,5,5,-28,-14,-21,-4,sil
16.637897968292236,-2,-17,-11,-17,-19,1,11,3,16,15,-11,-5,-3,8,sil
16.65408682823181,9,-8,8,2,-3,9,21,11,23,23,-6,1,6,17,sil
16.65408682823181,-2,-17,-1,-7,-4,1,14,3,7,14,-11,-7,0,9,sil
16.669719696044922,-12,-21,-19,-29,-15,-7,1,-2,-3,-6,-10,-7,-4,1,sil
16.669719696044922,0,-15,-8,-24,-13,-14,-8,5,7,-11,-3,5,4,7,sil
16.685398817062378,11,-11,3,-11,-11,-28,-14,11,14,2,7,10,17,11,sil
16.685398817062378,12,-2,3,-6,-6,-27,-15,9,8,5,16,15,20,7,sil
16.701040267944336,21,9,8,5,4,-10,-13,13,11,0,24,29,19,9,sil
16.701040267944336,24,9,8,11,1,-9,-17,6,11,-2,29,30,23,15,sil
16.716137647628784,15,6,-8,-2,-6,-13,-21,-6,-3,-9,19,17,19,5,sil
16.716137647628784,4,7,-16,-9,-1,-8,-16,-8,-11,-19,5,9,10,-12,sil
16.7322359085083,-9,1,-12,-12,-5,-14,-20,-11,-14,-30,-2,3,1,-21,sil
16.7322359085083,-8,3,-11,-13,-9,-13,-27,-18,-23,-25,0,-5,-7,-20,sil
16.747849225997925,5,25,6,3,8,6,-12,-13,-20,-6,12,-1,-3,-12,sil
16.747849225997925,-1,33,21,18,18,12,-1,-11,-10,-10,13,0,0,-5,sil
16.76321315765381,-18,19,7,15,7,8,-4,-18,-8,-18,1,-7,-8,-6,sil
16.76321315765381,-3,21,12,23,12,17,3,-5,-5,3,0,-2,-9,-3,sil
16.779160737991333,15,26,29,37,23,20,21,5,-5,13,2,0,-2,0,sil
16.779160737991333,4,8,14,25,13,13,20,-5,-7,0,-3,-12,-16,-5,sil
16.794267177581787,-14,-7,-9,0,1,12,15,-4,3,14,-11,-14,-22,-8,sil
16.794267177581787,-17,-9,-16,-6,-3,6,18,12,17,32,-10,-10,-1,0,sil
16.809869527816772,-13,-13,-15,-5,-8,0,19,11,9,19,-17,-18,0,4,sil
16.809869527816772,-8,-13,-11,-3,-1,8,23,5,3,3,-28,-25,-21,-3,sil
16.825101852416992,-4,-5,-5,0,1,17,27,8,9,0,-25,-17,-18,-6,sil
16.825101852416992,-2,-3,-1,-4,-5,5,14,12,7,0,-11,-8,1,6,sil
16.840686082839966,0,-12,-3,-10,-9,-6,0,12,4,13,7,-1,14,17,sil
16.840686082839966,7,-18,-1,-7,-3,-5,-5,7,5,11,9,7,12,14,sil
16.856268644332886,8,-14,0,0,-3,-5,-9,7,4,-2,-8,3,2,11,sil
16.856268644332886,6,-13,3,0,-9,-9,-7,13,8,1,-4,4,2,17,sil
16.871861934661865,2,-25,0,-20,-10,-7,-7,13,10,7,8,21,9,14,sil
16.871861934661865,0,-36,-13,-23,0,-4,-8,0,1,-6,5,16,12,-6,sil
16.887274503707886,1,-23,-6,-9,3,-8,-9,-8,-5,-10,13,13,15,-12,sil
16.887274503707886,11,-7,11,-22,-6,-9,-6,1,1,12,34,30,26,8,sil
16.903390645980835,13,-12,9,-38,-10,-7,-6,5,14,11,31,24,32,15,sil
16.903390645980835,6,-5,2,-11,0,-12,-15,-11,1,-27,7,3,10,0,sil
16.918879508972168,2,25,5,22,9,-14,-22,-21,-19,-38,-1,2,-12,-12,sil
16.935222387313843,3,46,10,31,13,-5,-18,-16,-20,-12,5,4,-10,-16,sil
16.935222387313843,3,41,12,34,13,0,-10,-11,-11,-4,9,-5,-11,-13,sil
16.935222387313843,-5,33,7,24,3,-3,-9,-18,-16,-17,-6,-20,-30,-19,sil
16.950902938842773,-21,31,0,3,0,0,-8,-20,-24,-13,-24,-21,-39,-28,sil
16.950902938842773,-9,30,3,16,7,16,8,-8,-10,2,-9,-10,-18,-10,sil
16.966474294662476,8,27,14,29,10,24,24,0,1,6,1,-5,-4,11,sil
16.966474294662476,-3,4,0,3,0,19,20,0,0,4,-19,-16,-12,1,sil
16.982020616531372,-16,-14,-13,-11,-5,11,17,3,8,15,-23,-11,-11,-1,sil
16.982020616531372,0,-5,-2,8,2,6,20,11,22,23,2,5,7,19,sil
16.997154235839844,17,0,2,13,11,7,7,9,17,13,12,5,14,28,sil
16.997154235839844,5,-16,-1,-1,6,15,-5,1,0,8,-4,0,-2,15,sil
17.01324725151062,-16,-25,-17,0,0,8,3,-5,-4,18,-16,-9,-9,-2,sil
17.01324725151062,-14,-22,-18,-15,-13,-10,6,0,0,11,-14,-10,-1,-3,sil
17.028533458709717,4,-19,5,-35,-23,-8,0,25,4,1,-9,8,3,7,sil
17.028533458709717,2,-23,-11,-19,-18,-3,12,24,13,12,1,3,20,-2,sil
17.044084787368774,-8,-27,-36,-20,-15,-17,14,11,9,3,7,-2,29,-6,sil
17.05930185317993,0,-17,-9,-38,-13,-18,1,22,7,-15,4,15,22,14,sil
17.05930185317993,16,-3,-1,-15,-2,-11,0,16,19,-7,17,15,29,12,sil
17.07538414001465,15,3,-2,1,2,-19,-12,-4,14,-4,33,15,41,0,sil
17.07538414001465,18,14,18,1,0,-14,-21,-6,0,-11,32,28,38,5,sil
17.090972661972046,13,21,18,8,6,-1,-15,-12,-7,-13,16,15,18,-3,sil
17.090972661972046,-10,16,9,1,14,-3,-22,-17,-21,-25,0,-4,-11,-25,sil
17.106130361557007,-20,2,12,1,10,-3,-28,-14,-25,-22,-9,-8,-25,-29,sil
17.106130361557007,-11,-1,11,13,2,5,-21,-18,-21,-14,-15,-12,-23,-17,sil
17.12104320526123,-7,9,9,15,2,11,-10,-22,-24,-21,-14,-18,-25,-11,sil
17.12104320526123,-7,17,14,25,9,12,5,-14,-22,-11,0,-13,-19,-3,sil
17.136901378631592,-3,13,18,36,14,16,22,0,-7,17,6,2,-12,9,sil
17.136901378631592,3,10,5,35,11,21,24,6,8,18,-13,0,-21,6,sil
17.15191078186035,5,2,-7,27,8,11,14,-3,10,2,-26,-24,-32,0,sil
17.15191078186035,3,-4,0,11,-1,4,9,-2,3,8,-6,-14,-32,13,sil
17.16749930381775,2,0,-5,0,-12,12,17,9,12,28,4,4,-29,14,sil
17.16749930381775,-1,-4,-26,-2,0,9,19,9,19,23,-22,-8,-37,0,sil
17.183170795440674,0,-12,-10,-15,6,-2,11,11,12,11,-23,-11,-52,7,sil
17.183170795440674,1,-17,0,-27,-6,-4,9,19,22,19,11,6,-33,12,sil
17.19814896583557,-5,-26,-28,-36,-11,-11,-1,8,23,10,8,2,18,-4,sil
17.19814896583557,-4,-15,-18,-40,-5,-18,-20,0,3,-8,-5,3,68,0,sil
17.213669776916504,15,11,9,-21,-6,-14,-20,3,7,4,20,22,90,16,sil
17.213669776916504,23,17,2,-11,-2,-15,-15,1,6,4,27,27,75,4,sil
17.229206085205078,7,10,2,-16,6,-11,-12,-6,-21,-27,5,14,36,-16,sil
17.229206085205078,-13,2,-1,-2,2,6,0,-15,-25,-21,0,-13,5,-19,sil
17.24438452720642,-25,-7,-5,0,-6,6,8,-10,-16,1,-10,-21,-12,-5,sil
17.24438452720642,-23,-11,0,-4,0,6,18,4,-5,6,-20,-10,-17,0,sil
17.26001262664795,-11,-19,-19,-6,0,10,16,2,13,4,-10,-15,-6,-2,hello
17.26001262664795,8,-16,-9,-20,-21,-7,-14,2,1,-14,-1,11,0,9,hello
17.276090383529663,21,14,29,-1,-15,-19,-24,3,-16,-25,16,45,9,12,hello
17.276090383529663,5,22,21,35,5,-2,-5,-15,-15,-15,20,8,-1,-13,hello
17.29220676422119,-20,0,0,28,1,12,-3,-17,-17,-10,-15,-31,-35,-16,hello
17.29220676422119,-11,-4,-4,17,0,8,2,8,1,2,-19,-15,-20,3,hello
17.307886838912964,21,11,4,23,8,-7,4,20,29,12,20,23,26,21,hello
17.307886838912964,35,27,22,28,11,-12,-9,13,30,10,43,42,40,24,hello
17.32291889190674,33,31,21,35,17,0,-9,-1,15,15,44,29,24,6,hello
17.32291889190674,21,24,22,24,18,0,-2,-10,-15,1,30,13,1,-5,hello
17.33827567100525,4,16,21,16,6,1,3,-13,-26,-16,8,3,-14,-6,hello
17.33827567100525,-2,8,8,19,3,6,8,-10,-9,-6,-1,-3,-17,-10,hello
17.35395884513855,-10,-1,9,5,4,6,6,-1,-12,5,-14,-14,-22,-11,hello
17.35395884513855,-22,-17,0,-2,-1,7,10,-7,-24,0,-27,-32,-29,-10,hello
17.369492292404175,-21,-21,-13,-3,-1,9,10,-11,-16,-3,-27,-28,-29,-2,hello
17.369492292404175,-16,-12,-9,-15,2,14,7,6,1,7,-25,-16,-18,1,hello
17.384966135025024,-19,-20,-24,-29,-7,8,6,10,15,9,-29,-28,-13,-9,hello
17.384966135025024,-14,-28,-26,-45,-21,-2,2,11,6,-13,-27,-21,-17,-2,hello
17.40058732032776,-1,-19,-24,-31,-3,8,13,14,19,6,-5,-6,6,12,hello
17.40058732032776,0,-24,-32,-26,3,6,11,9,31,26,-12,-10,10,13,hello
17.416259050369263,-10,-23,-7,-51,-24,-4,-4,16,11,0,-39,-4,-15,12,hello
17.416259050369263,-15,-14,-37,-24,-23,3,13,3,30,22,-9,-19,9,-8,hello
17.43229603767395,-5,-31,-48,-32,-9,-13,-8,-2,15,12,-5,-11,8,-6,hello
17.43229603767395,0,-10,31,-62,-13,-19,-45,24,-28,-43,-29,34,-19,9,hello
17.448285818099976,-6,23,-47,30,15,1,14,-24,34,23,33,-23,42,-41,hello
17.448285818099976,0,0,-116,44,23,-32,10,-58,33,32,41,-52,42,-41,hello
17.46399760246277,19,10,58,-56,-11,-40,-60,18,-58,-75,-21,61,-34,30,hello
17.46399760246277,21,47,97,-9,1,10,-22,23,-16,-36,24,67,9,12,hello
17.479571104049683,25,44,17,68,30,4,15,-19,25,37,69,10,51,-9,hello
17.479571104049683,40,50,83,63,20,-6,-6,3,-19,7,36,47,7,29,hello
17.495163679122925,34,50,92,72,14,15,1,0,-16,4,36,45,4,21,hello
17.495163679122925,10,20,32,56,11,8,8,-21,-13,4,29,10,2,-3,hello
17.51020646095276,0,6,29,34,5,5,8,-2,-28,-13,0,6,-19,3,hello
17.525892972946167,-3,-2,13,46,6,26,19,0,-11,4,0,-6,-11,6,hello
17.525892972946167,-18,-21,-5,25,-1,26,12,-9,-8,7,-14,-15,-14,1,hello
17.525892972946167,-28,-30,-23,-11,-16,13,6,-2,-13,-17,-41,-23,-30,-5,hello
17.540921926498413,-28,-37,-52,-31,-24,-3,1,5,0,-21,-34,-38,-16,-8,hello
17.556939840316772,-23,-33,-44,-43,-28,-17,-7,7,3,-4,-17,-23,12,0,hello
17.556939840316772,-11,-18,-24,-37,-22,-17,-2,7,12,8,-13,0,27,3,hello
17.573196172714233,5,-11,-21,-28,-6,-9,0,7,21,9,-2,7,34,3,hello
17.573196172714233,17,-3,-8,-29,3,-9,-3,14,15,6,13,12,40,9,hello
17.573196172714233,20,14,2,-16,12,-10,4,12,12,9,20,13,38,5,hello
17.588744163513184,20,27,9,0,22,-4,0,1,4,6,19,13,13,-3,hello
17.588744163513184,11,27,22,12,22,7,-9,-2,-3,0,16,7,-19,-7,hello
17.604243755340576,-9,6,3,13,8,13,-1,-9,2,-4,-1,-19,-41,-13,hello
17.604243755340576,-24,-23,-23,-12,-9,14,2,-8,1,-8,-33,-37,-55,-9,hello
17.619051933288574,-19,-25,-21,-18,-11,18,8,-5,-1,6,-33,-25,-46,0,hello
17.63523006439209,-14,-15,-14,-5,-4,8,11,-7,1,21,-19,-18,-25,-1,hello
17.63523006439209,-12,-18,-20,-16,-9,-13,-2,0,3,2,-28,-17,-14,-1,hello
17.650401830673218,-3,-15,-24,-24,-8,-18,-11,4,4,-13,-15,-5,0,-3,hello
17.650401830673218,4,0,-12,-11,0,-8,-14,-7,-8,-16,12,12,6,-11,hello
17.665815591812134,6,19,11,5,2,-2,-14,-6,-20,-18,18,22,7,-10,hello
17.665815591812134,11,31,33,22,12,0,0,9,-9,-19,15,16,13,2,hello
17.680907487869263,9,21,35,21,15,1,14,7,-3,-10,5,2,2,5,hello
17.680907487869263,-9,0,8,9,0,12,13,-5,-1,12,-10,-10,-11,-5,hello
17.696524620056152,-15,-13,-10,5,-7,11,10,0,11,22,-17,-18,-5,-5,hello
17.696524620056152,1,-12,0,4,-5,-3,6,10,11,12,-6,-5,7,8,hello
17.71207571029663,14,-3,4,1,-5,-6,0,6,8,20,10,20,24,17,sil
17.71207571029663,16,1,-11,1,0,-6,-6,4,19,28,22,22,38,10,sil
17.72729206085205,17,7,8,-8,1,-27,-21,10,7,-1,19,26,27,10,sil
17.72729206085205,24,26,41,1,2,-22,-17,12,-3,-12,28,40,20,14,sil
17.74341106414795,23,29,-9,46,15,8,13,-20,23,17,50,5,36,-4,sil
17.74341106414795,2,-1,-24,24,6,1,0,-30,-1,-8,17,-15,-1,-3,sil
17.759596824645996,-14,-3,48,-18,-8,5,-22,6,-52,-45,-27,14,-52,12,sil
17.759596824645996,-15,13,30,20,11,39,14,-1,-13,5,-3,0,-16,-8,sil
17.775369882583618,-9,0,-19,33,13,28,21,-25,15,30,10,-29,7,-12,sil
17.775369882583618,-12,-13,4,-14,-10,4,1,3,-11,-3,-24,-8,-24,6,sil
17.791200399398804,-18,-15,-3,-20,-15,8,14,14,-1,0,-33,-12,-23,-7,sil
17.791200399398804,-16,-29,-42,-13,-14,0,13,-1,18,15,-16,-28,1,-10,sil
17.807263374328613,-14,-31,-16,-36,-25,-12,-14,6,-6,-11,-23,-5,-12,12,sil
17.807263374328613,-10,-9,-4,-29,-16,-1,-6,12,-6,-23,-26,-2,-15,0,sil
17.823355197906494,5,-3,-46,2,7,0,16,-8,22,0,0,-23,19,-18,sil
17.823355197906494,15,-10,-3,-24,4,-23,-14,-1,-9,-21,-1,10,8,10,sil
17.838276863098145,9,9,58,-39,-5,-21,-35,19,-35,-35,-7,47,-10,20,sil
17.838276863098145,7,21,-5,10,4,-5,1,-8,4,6,28,8,22,-15,sil
17.854219913482666,10,9,-29,11,4,-18,-1,-16,-1,-7,22,-4,13,-15,sil
17.854219913482666,8,21,23,-2,4,-18,-19,9,-25,-30,2,15,-8,0,sil
17.86915636062622,8,31,16,28,21,3,-1,0,0,9,23,6,13,-2,sil
17.86915636062622,0,13,1,31,17,10,-1,-14,-1,11,11,-4,-2,-4,sil
17.884734392166138,-18,-5,2,16,4,9,-1,-6,-14,-1,-19,-17,-34,-10,sil
17.884734392166138,-19,-8,-5,17,6,20,22,1,5,21,-13,-21,-15,-5,sil
17.90034770965576,1,1,4,16,8,32,30,7,22,32,0,-1,6,19,sil
17.90034770965576,7,-5,-1,3,0,21,19,4,18,22,-5,-4,2,19,sil
17.916274309158325,-5,-26,-22,-18,-14,1,12,9,15,18,-18,-16,-4,3,sil
17.916274309158325,-5,-20,-10,-20,-12,1,14,20,31,24,-4,-2,7,4,sil
17.931344747543335,12,-3,13,-1,0,5,8,21,44,28,18,14,26,17,sil
17.931344747543335,22,0,10,2,2,-4,-5,15,26,17,21,21,32,15,sil
17.947200775146484,7,-4,-8,-11,-9,-25,-20,-1,-2,-7,8,14,17,-5,sil
17.947200775146484,-4,-1,-9,-19,-17,-38,-26,-20,-21,-34,-1,3,-3,-18,sil
17.96228575706482,0,12,-1,-2,-3,-24,-17,-24,-21,-35,1,-1,-3,-17,sil
17.96228575706482,2,17,12,11,10,-5,-14,-18,-24,-25,10,9,0,-11,sil
17.977853775024414,0,16,21,16,12,2,-6,-7,-24,-15,13,11,-8,-1,sil
17.977853775024414,-1,13,8,26,15,9,12,-6,-9,-3,4,-8,-14,0,sil
17.993294715881348,-13,5,2,16,9,14,10,-2,-15,-2,-19,-16,-26,-5,sil
17.993294715881348,-33,-12,-23,1,-3,17,8,-11,-12,12,-23,-28,-22,-18,sil
18.008267879486084,-29,-29,-40,-20,-15,7,3,-12,-3,16,-21,-34,-14,-6,sil
18.008267879486084,-1,-14,13,-39,-23,7,-5,20,-4,-5,-29,4,-17,25,sil
18.0238893032074,4,-2,-15,3,-10,20,21,8,34,22,1,-5,16,6,sil
18.0238893032074,7,-27,-47,-10,-10,-12,0,-9,16,8,-1,-21,11,3,sil
18.039422512054443,26,-4,94,-85,-31,-28,-62,52,-60,-71,-46,61,-38,48,sil
18.039422512054443,24,38,78,-4,-3,12,-6,38,1,-12,17,55,25,6,sil
18.05456304550171,12,4,-85,66,28,-1,33,-44,59,48,68,-35,74,-44,sil
18.05456304550171,8,-9,-24,-11,7,-37,-28,-20,-23,-32,8,-1,-1,-4,sil
18.070305347442627,-2,25,37,-11,0,-11,-26,7,-33,-44,0,25,-15,1,sil
18.070305347442627,2,26,-15,39,18,6,14,-16,13,9,33,-2,20,-11,sil
18.091174125671387,17,20,19,30,24,10,13,0,11,19,23,19,8,13,sil
18.091174125671387,0,22,31,33,22,23,17,5,13,28,11,10,0,9,sil
18.10157465934753,-19,5,-7,26,11,23,18,-6,7,22,-12,-22,-12,-5,sil
18.10157465934753,-18,-8,-6,11,5,23,22,0,6,14,-25,-21,-24,0,sil
18.11731743812561,-19,-21,-8,8,4,16,31,8,22,27,-16,-18,-9,5,sil
18.11731743812561,-17,-30,-13,-12,-3,6,25,11,15,24,-21,-12,-3,6,sil
18.13350796699524,-14,-36,-35,-26,-11,3,14,0,1,11,-27,-17,-12,-9,sil
18.13350796699524,-17,-39,-26,-38,-23,-13,-14,-2,-21,-21,-33,-19,-32,-12,sil
18.148935317993164,-5,-10,1,-19,-16,-14,-14,13,-3,-14,-8,-1,-5,-4,sil
18.148935317993164,17,8,-29,11,4,-12,4,2,37,23,36,0,44,-7,sil
18.164087295532227,24,0,19,-41,-14,-34,-44,9,-24,-35,6,35,2,17,sil
18.164087295532227,17,22,61,-30,-17,-13,-43,12,-42,-50,0,43,-2,10,sil
18.17987990379333,17,24,-49,56,16,-5,16,-37,33,28,56,-25,63,-33,sil
18.17987990379333,23,-6,-16,-10,-3,-34,-19,-17,-12,-9,22,4,15,0,sil
18.195029258728027,8,4,76,-61,-24,-1,-31,20,-47,-39,-12,43,-29,24,sil
18.195029258728027,-11,11,0,19,5,21,10,-27,2,9,12,-18,4,-18,sil
18.210497856140137,-2,7,0,35,7,-8,-8,-27,-22,-18,-11,-10,-20,-7,sil
18.22567105293274,4,21,44,23,-1,4,-9,2,-31,-26,-21,16,-32,10,sil
18.22567105293274,-14,2,-6,24,0,19,14,-5,9,12,-4,-18,-5,-5,sil
18.241432666778564,-21,-18,-12,-5,-7,6,11,11,16,9,-16,-13,-8,2,sil
18.241432666778564,-8,-8,-1,-4,0,13,16,31,37,25,-13,2,-1,11,sil
18.257291316986084,-10,0,-21,1,8,18,18,23,48,43,-6,-7,9,7,sil
18.257291316986084,-17,-6,-21,-8,7,15,16,19,34,29,-3,-4,10,7,sil
18.273096799850464,-4,-14,-19,-8,7,2,16,10,31,15,10,2,22,10,sil
18.273096799850464,12,-5,-13,-10,7,-14,-9,-6,2,-1,19,9,19,10,sil
18.288501262664795,13,13,1,0,9,-13,-27,-25,-33,-16,14,8,2,-11,sil
18.288501262664795,5,18,11,18,10,-8,-13,-23,-38,-29,0,-1,-16,-26,sil
18.304041147232056,4,15,15,25,11,0,2,-9,-28,-28,-6,-3,-23,-15,sil
18.304041147232056,5,12,12,23,16,18,17,-6,-25,-7,0,-6,-12,0,sil
18.31989622116089,0,0,4,16,11,26,26,-2,-24,3,-11,-19,-11,4,sil
18.31989622116089,-6,-15,0,3,-3,19,30,4,-5,3,-24,-20,-14,1,sil
18.335309267044067,-2,-17,-3,-9,-9,6,20,13,24,15,-3,-2,3,9,sil
18.335309267044067,8,-14,-3,-18,-12,-13,2,22,33,18,15,12,28,22,sil
18.35086345672608,7,-10,-6,-24,-20,-26,-14,13,23,6,7,15,29,15,sil
18.35086345672608,8,0,-6,-22,-16,-22,-26,-1,14,-3,7,14,17,0,sil
18.36658811569214,13,15,9,-11,-3,-11,-29,-5,6,-5,23,17,7,0,sil
18.36658811569214,4,23,20,3,1,0,-20,-8,-4,0,17,13,-3,-3,sil
18.38156795501709,-2,13,9,11,0,7,-9,-15,-12,6,-6,-1,-17,-10,sil
18.38156795501709,-6,-4,0,0,-6,8,-6,-7,-11,7,-10,-7,-18,0,sil
18.397594451904297,-15,-21,-18,-26,-9,2,0,2,2,4,0,-7,-4,0,sil
18.397594451904297,-14,-24,-30,-41,-12,-11,1,3,10,-2,3,0,10,-6,sil
18.41325426101685,0,-10,-14,-26,-8,-19,-13,3,-1,-13,4,12,17,-3,sil
18.41325426101685,0,-2,-5,-7,0,-16,-19,0,-14,-25,5,5,9,-16,sil
18.429192543029785,-11,2,-1,0,1,-12,-11,-11,-25,-29,-3,-6,-12,-39,sil
18.429192543029785,-8,15,12,19,3,0,-2,-14,-30,-23,-15,-7,-22,-27,sil
18.444149494171143,-4,13,17,41,12,9,5,-6,-18,-17,-14,-11,-11,0,sil
18.444149494171143,-6,0,12,36,9,9,16,1,-3,-10,-10,-13,-7,6,sil
18.45939564704895,3,4,12,31,7,16,28,5,5,10,-13,-11,-10,2,sil
18.45939564704895,6,10,15,34,19,32,30,4,13,24,-14,-8,-12,6,sil
18.475492238998413,-1,-1,6,17,15,28,28,8,16,23,-1,-4,-5,17,sil
18.475492238998413,4,-10,-7,-5,-5,4,23,14,24,25,9,3,14,26,sil
18.491049766540527,10,0,-4,-10,-7,-6,4,9,25,22,5,10,17,25,sil
18.491049766540527,6,2,0,1,7,0,0,6,22,24,4,8,8,18,sil
18.506346225738525,8,0,-1,8,11,5,16,12,25,30,9,7,14,19,sil
18.506346225738525,5,0,-4,-1,0,1,8,11,20,16,4,11,20,19,sil
18.52195978164673,0,4,-7,-13,-8,-10,-23,0,2,1,1,10,14,8,sil
18.52195978164673,3,0,-13,-23,-8,-21,-33,0,-5,-8,3,6,3,-8,sil
18.53688788414001,1,-16,-22,-29,-8,-20,-21,-1,-4,-23,1,0,-2,-19,sil
18.53688788414001,0,-12,-15,-27,-10,-15,-25,-13,-15,-27,2,0,-4,-16,sil
18.55297255516052,11,6,2,-15,-8,-20,-34,-15,-26,-14,9,8,0,-10,sil
18.55297255516052,9,9,1,-9,-5,-22,-20,-15,-24,-10,13,5,4,-13,sil
18.56855773925781,-4,3,0,-13,1,-7,-5,-17,-25,-23,8,0,-4,-16,sil
18.56855773925781,0,11,12,0,12,11,3,-7,-14,-14,7,-6,-10,-13,sil
18.58379888534546,1,12,17,21,10,20,14,-3,-11,0,4,-8,-11,-9,sil
18.58379888534546,-18,5,6,14,0,19,15,-13,-28,-13,-12,-15,-23,-13,sil
18.59982657432556,-21,5,3,13,-3,19,15,-10,-20,-14,-18,-20,-27,-13,sil
18.59982657432556,-7,7,15,25,0,26,24,9,10,13,-9,-6,-15,4,sil
18.614957571029663,-6,-2,6,23,5,36,35,17,17,22,-9,-2,-8,18,sil
18.614957571029663,-21,-14,-17,4,2,23,25,10,9,3,-19,-18,-13,2,sil
18.63104271888733,-23,-20,-19,-14,-8,-8,0,8,11,-1,-25,-17,-9,-6,sil
18.63104271888733,-1,-17,-9,-23,-12,-22,-12,7,22,10,-13,0,9,8,sil
18.647154331207275,10,-7,-6,-16,-5,-16,-4,7,28,14,0,9,24,20,sil
18.647154331207275,15,-5,-3,-5,0,-13,2,19,33,19,6,10,29,19,sil
18.663262605667114,16,-8,0,-4,0,-10,-1,22,35,30,15,11,29,20,sil
18.663262605667114,16,-5,-3,-9,0,-8,-14,3,13,11,18,10,21,16,sil
18.679373502731323,16,2,-5,-3,0,-13,-23,-15,-19,-16,7,11,12,1,sil
18.679373502731323,13,10,7,1,2,-19,-26,-10,-27,-19,7,19,11,-4,sil
18.69550514221192,12,12,14,4,3,-14,-17,3,-12,-13,23,21,15,-1,sil
18.69550514221192,12,10,9,9,1,-1,-3,-1,-5,-16,20,14,7,-3,sil
18.71112275123596,1,9,8,10,5,6,-2,-17,-15,-17,8,8,-7,-11,sil
18.71112275123596,0,13,17,12,11,4,-9,-16,-25,-12,13,14,-9,-9,sil
18.726274490356445,9,15,21,18,6,-1,-5,-10,-24,-11,14,13,-8,-8,sil
18.726274490356445,-2,0,-1,10,-2,0,10,-9,-10,-4,-2,-15,-17,-19,sil
18.74224805831909,-24,-13,-5,-7,-5,11,18,-2,-4,6,-25,-31,-26,-12,sil
18.74224805831909,-16,0,16,3,0,23,20,8,0,14,-30,-17,-24,2,sil
18.757215976715088,-8,7,0,27,6,19,28,4,15,28,-12,-19,-8,-3,sil
18.757215976715088,-28,-10,-20,1,-5,8,17,-1,8,21,-14,-29,-11,-10,sil
18.7733371257782,-33,-19,-12,-24,-15,10,-1,0,-8,0,-31,-30,-24,-2,sil
18.7733371257782,-4,-6,-13,-6,-6,7,-1,0,6,0,-19,-22,-4,1,sil
18.789268970489506,10,-2,-8,-5,0,-6,2,8,22,5,-3,0,12,11,sil
18.789268970489506,0,-8,-11,-17,0,-4,0,16,17,3,-3,5,5,12,sil
18.80527901649475,0,-5,-19,-10,11,7,-1,16,17,8,4,5,6,10,sil
18.80527901649475,13,-1,-6,-10,11,7,3,17,26,10,16,21,14,17,sil
18.82086491584778,5,-9,-13,-20,-8,-7,3,5,21,0,7,18,9,8,sil
18.82086491584778,-3,-15,-27,-25,-12,-21,-14,-6,-3,-16,0,5,8,-8,sil
18.835856437683105,10,0,-4,-13,0,-20,-16,-5,-13,-17,15,11,17,-6,sil
18.835856437683105,22,24,20,6,1,-20,-8,-7,-10,-15,26,21,13,4,sil
18.851906776428223,19,30,17,13,-7,-25,-15,-14,-20,-19,17,25,3,0,sil
18.851906776428223,18,18,12,8,-4,-10,-15,-10,-24,-19,21,17,11,-7,sil
18.8670654296875,16,10,23,10,5,3,-4,1,-14,-18,18,2,10,-1,sil
18.8670654296875,9,16,32,23,8,4,0,5,-10,0,0,-4,0,4,sil
18.883108854293823,-2,13,18,26,4,6,6,-8,-11,20,-2,-10,-2,0,sil
18.883108854293823,-15,-7,4,3,-1,12,0,-17,-17,0,-6,-15,-15,-1,sil
18.899235725402832,-17,-12,4,0,-5,15,-5,-8,-16,-16,-22,-14,-28,-5,sil
18.899235725402832,-15,-3,-7,19,7,17,6,-7,-6,4,-25,-24,-28,-19,sil
18.91498374938965,-14,-9,-10,16,16,18,20,-3,0,20,-18,-28,-21,-7,sil
18.91498374938965,-6,-16,6,4,2,19,19,12,21,31,-5,0,0,18,sil
18.93021011352539,-4,-18,-7,-7,-6,15,9,13,32,29,-2,4,15,8,sil
18.93021011352539,-12,-17,-31,-30,-2,3,2,5,13,1,-13,-13,4,-11,sil
18.946075677871704,-9,-8,-13,-23,-2,0,11,17,19,3,-3,2,9,2,sil
18.946075677871704,4,-7,0,0,-4,0,19,25,50,32,19,27,33,26,sil
18.96128559112549,12,-6,-4,-11,-1,-7,0,13,35,19,19,25,29,22,sil
18.96128559112549,15,6,-1,-19,-1,-17,-19,-2,-5,-10,11,16,15,0,sil
18.977139472961422,15,13,4,-5,-4,-23,-25,-12,-24,-25,12,14,8,-12,sil
18.977139472961422,2,2,9,-7,-2,-21,-26,-14,-28,-32,7,11,-4,-13,sil
18.9922742843628,-9,-2,-5,-7,-1,-20,-20,-17,-21,-29,1,-6,-15,-20,sil
18.9922742843628,-2,11,1,5,-4,-32,-17,-15,-18,-21,0,-9,-16,-20,sil
19.00798416137696,9,31,34,20,0,-25,-11,-1,-23,-15,5,6,-16,-5,sil
19.00798416137696,5,22,22,25,7,2,1,-2,-15,-9,0,-9,-14,-1,sil
19.02307653427124,-5,1,-2,11,5,15,1,-9,-14,-12,-22,-28,-21,-5,sil
19.02307653427124,-5,2,1,14,9,24,12,3,-6,4,-25,-17,-20,0,sil
19.03885388374329,-1,12,0,33,15,36,37,14,17,26,-5,-5,-8,10,sil
19.03885388374329,-7,4,-7,19,5,34,33,9,23,20,-5,-9,-6,9,sil
19.05402493476868,-9,-19,-12,-8,-6,26,18,0,14,22,-10,-19,-3,5,sil
19.05402493476868,-10,-29,-19,-20,-4,19,17,1,8,24,-4,-7,4,15,sil
19.069435358047485,-9,-15,-23,-22,-3,3,13,12,13,13,-1,7,9,20,sil
19.085060358047485,-3,-12,-21,-21,-12,-11,1,10,18,12,0,2,16,5,sil
19.085060358047485,4,-19,-8,-22,-14,-11,-5,4,7,7,0,8,16,1,sil
19.10109114646912,14,-5,-6,-12,-6,-8,-6,4,2,-7,8,21,21,6,sil
19.10109114646912,11,0,-18,-11,-3,-20,-21,0,5,-13,16,15,23,-2,sil
19.10109114646912,-4,-10,-11,-32,-10,-26,-38,-8,-10,-19,4,3,4,-16,sil
19.11635947227478,-7,-4,0,-27,-6,-16,-24,-16,-25,-26,-3,0,-8,-22,sil
19.13194966316223,10,10,8,5,6,-12,-12,-16,-19,-22,4,3,-3,-13,sil
19.13194966316223,21,17,29,20,12,-9,-15,-6,-13,-8,15,16,0,0,sil
19.14773964881897,9,23,40,22,11,-2,-8,-2,-11,-3,14,14,-5,-4,sil
19.14773964881897,-4,21,19,21,8,-1,0,-4,-14,-11,0,-5,-16,-14,sil
19.1639051437378,-4,10,5,15,5,0,0,-5,-8,0,0,-8,-10,-7,hello
19.1639051437378,5,11,25,15,7,4,4,0,0,6,5,7,1,7,hello
19.179256916046143,10,21,31,24,8,9,17,6,1,-6,-2,7,0,7,hello
19.179256916046143,0,8,-3,21,0,11,17,-4,3,0,-9,-19,-3,0,hello
19.19529175758361,-6,-10,-3,-7,-8,7,0,2,1,11,-10,-9,-3,14,hello
19.19628143310547,-6,-2,20,-7,-3,13,7,25,14,18,-3,20,10,27,hello
19.21092414855957,-8,3,-14,25,9,23,32,6,39,40,8,-6,25,0,hello
19.21092414855957,-6,-6,-25,19,8,17,16,-7,21,26,-5,-27,0,-8,hello
19.226524829864506,-7,-10,4,-13,-5,11,-5,11,-12,-9,-21,-1,-24,13,hello
19.226524829864506,-11,-18,-22,-21,-6,6,2,3,-3,-9,-11,-7,-7,7,hello
19.24213695526123,-3,-24,-35,-22,-8,-13,-1,-4,6,0,-1,-12,6,-2,hello
19.24213695526123,5,-9,-2,-20,-17,-26,-12,12,6,4,5,9,12,1,hello
19.257396459579468,-4,-11,-20,-18,-15,-16,-3,12,16,6,3,0,9,-2,hello
19.257396459579468,-13,-28,-35,-27,-5,-4,0,5,13,-6,-7,-4,-3,-2,hello
19.273422718048096,3,-11,-9,-12,6,0,0,3,7,-2,12,16,15,3,hello
19.273422718048096,21,14,5,6,16,-7,-2,-6,0,-2,37,20,31,0,hello
19.28896760940552,7,20,21,3,13,-6,-11,-12,-22,-21,17,8,-4,-14,hello
19.28896760940552,-1,14,9,26,15,11,0,-19,-18,-8,10,-11,-13,-26,hello
19.30495524406433,15,10,10,36,15,8,5,-18,-13,0,12,-10,-2,0,hello
19.30495524406433,18,11,56,2,-5,-3,-11,0,-37,-26,-13,12,-32,20,hello
19.32030153274536,-5,0,19,11,-11,6,0,-19,-22,-1,-19,-17,-33,-14,hello
19.32030153274536,-5,-10,-23,20,0,9,7,-28,-7,16,-12,-33,-9,-10,hello
19.33590722084045,6,5,18,-6,0,5,2,18,-9,-2,-13,8,-5,28,hello
19.33590722084045,-8,4,-15,10,1,7,24,15,35,22,2,-5,17,5,hello
19.351999521255493,-13,-17,-34,-7,-9,-13,0,5,21,7,-19,-12,3,1,hello
19.351999521255493,0,1,25,-41,-26,-16,-22,31,-16,-20,-33,29,-9,18,hello
19.36752486228943,-5,4,-49,7,-8,-7,12,-7,33,30,16,-12,36,-23,hello
19.36752486228943,-9,-23,-39,-34,-12,-31,-27,-3,0,-11,-13,-5,-3,-9,hello
19.3833966255188,-3,7,104,-92,-24,-5,-57,58,-55,-72,-53,72,-53,18,hello
19.3833966255188,-11,22,1,5,16,37,20,-4,31,14,22,1,24,-47,hello
19.39929461479187,-8,-13,-96,30,27,-5,17,-56,36,25,35,-47,34,-50,hello
19.39929461479187,12,4,16,-19,0,-31,-30,0,-32,-28,0,28,-13,12,hello
19.41533160209656,15,26,26,18,10,0,4,3,2,11,21,19,6,2,hello
19.41533160209656,-6,0,-13,31,15,8,18,-12,18,14,7,-14,-4,-3,hello
19.430837869644165,-19,-6,5,11,3,14,11,1,-1,-7,-21,0,-24,18,hello
19.430837869644165,-11,-9,-10,11,3,26,27,1,8,20,-14,-4,-6,13,hello
19.44688606262207,0,-18,0,-3,2,19,21,16,10,29,-9,1,-5,22,hello
19.44688606262207,15,-7,8,11,4,3,13,26,26,30,20,18,20,36,hello
19.463005304336548,41,9,15,26,7,-8,-1,9,18,8,47,30,47,34,hello
19.463005304336548,37,28,36,20,0,-7,-22,-9,-23,-26,36,28,27,12,hello
19.478262901306152,10,27,7,32,-3,-8,-16,-25,-30,-16,24,-12,5,-10,hello
19.478262901306152,0,10,26,8,-10,-1,-5,-1,-34,-18,0,-16,-21,4,hello
19.493969678878784,-10,3,16,13,-4,35,30,8,0,11,-1,-35,-9,-4,hello
19.493969678878784,-26,-26,-82,21,0,15,28,-22,36,44,4,-85,15,-30,hello
19.5093092918396,-6,-28,-4,-52,-23,-37,-41,12,-23,-31,-35,-23,-22,12,hello
19.5093092918396,16,21,75,-34,-10,-12,-24,27,-24,-38,-2,11,-1,14,hello
19.524605989456177,9,20,-17,40,24,5,16,-40,23,27,49,-45,40,-34,hello
19.524605989456177,-4,-7,0,5,10,-8,-20,-26,-18,-7,-2,-49,-14,-14,hello
19.54042863845825,-18,-11,32,-6,-5,10,-9,6,-21,-13,-36,-74,-38,-4,hello
19.54042863845825,-23,-30,-30,-4,-4,1,16,-5,10,20,-27,-28,-16,-18,hello
19.55599474906921,-10,-26,-17,-39,-8,-22,-2,12,0,-5,-31,148,-14,0,hello
19.55599474906921,0,-6,-10,-21,-5,-10,-2,18,16,-4,-5,162,12,-1,hello
19.5716199874878,-3,-13,-35,-21,-7,-6,-8,5,28,4,1,49,14,-8,hello
19.5716199874878,-1,-4,-20,-43,-1,-8,-3,12,12,-15,-10,42,-3,0,hello
19.586705923080444,4,11,-12,-18,6,-6,9,2,7,-24,0,43,4,-1,hello
19.586705923080444,2,11,-4,-6,-7,-11,-12,-7,-16,-23,-1,-10,-5,-1,hello
19.601426601409912,-4,7,-2,-8,-9,-4,-15,-12,-27,-9,-11,-44,-24,-7,hello
19.601426601409912,0,5,-1,6,10,13,5,-10,-15,2,-13,-46,-22,-11,hello
19.617234468460083,6,11,22,21,21,29,11,3,-8,9,-14,-33,-10,8,hello
19.617234468460083,0,15,13,30,17,29,17,6,6,22,-11,-32,-3,16,hello
19.63335013389588,-6,2,-11,19,6,20,32,9,17,25,-9,-37,-8,8,hello
19.63335013389588,-10,-9,-4,-1,-1,24,39,21,20,26,-3,-31,-1,13,hello
19.648910999298096,-6,-6,2,-1,3,18,31,18,28,30,8,-17,21,20,sil
19.648910999298096,12,7,9,18,11,-4,5,5,27,18,27,3,35,14,sil
19.664899110794067,19,8,17,18,5,-19,-13,-2,16,10,35,19,35,8,sil
19.664899110794067,4,-11,-1,-8,-14,-21,-18,-10,4,4,22,11,24,2,sil
19.680466175079346,4,-14,-7,-8,-24,-18,-25,-13,0,-8,21,16,16,-3,sil
19.680466175079346,17,7,13,12,-13,-19,-31,-8,-12,-16,31,26,12,-5,sil
19.695669412612915,8,5,10,5,-2,-24,-33,-11,-27,-19,15,2,-3,-9,sil
19.695669412612915,0,-3,5,-4,-4,-21,-32,-23,-36,-34,0,-4,-18,-14,sil
19.711381912231445,14,17,23,14,-4,-9,-19,-18,-27,-38,10,16,-9,-5,sil
19.711381912231445,15,30,26,28,2,1,0,-4,-14,-19,10,11,-3,0,sil
19.726927518844604,-11,13,13,19,6,15,7,-2,-11,0,-7,-7,-15,-6,sil
19.726927518844604,-20,0,9,10,4,26,10,-1,-9,9,-21,-11,-22,-6,sil
19.742329597473145,-9,-5,-1,1,9,23,21,9,3,17,-24,-14,-16,0,sil
19.742329597473145,-8,-18,-27,-10,8,17,26,18,19,22,-22,-17,-6,5,sil
19.7578992843628,-20,-32,-41,-26,-6,8,15,16,21,17,-21,-11,0,4,sil
19.7578992843628,-22,-29,-28,-39,-16,-8,1,14,14,3,-18,-5,4,0,sil
19.77397418022156,4,-3,-9,-28,-2,-13,2,15,15,-2,0,8,12,3,sil
19.77397418022156,19,8,-15,-3,9,-10,2,0,14,0,15,17,21,3,sil
19.78978419303894,0,3,-5,-24,-2,-20,-18,-8,-18,-24,-2,13,0,-5,sil
19.78978419303894,-8,11,25,-31,-9,-11,-23,-1,-42,-47,-13,9,-23,-19,sil
19.80530071258545,0,18,2,27,7,11,3,-16,-14,-9,8,-11,-5,-28,sil
19.80530071258545,5,9,-13,46,18,11,12,-18,0,18,7,-14,-1,-3,sil
19.820889949798584,1,9,29,16,13,11,15,4,0,11,-11,4,-14,23,sil
19.820889949798584,-3,-2,12,12,4,23,31,3,16,23,-15,-12,-5,8,sil
19.836883544921875,-4,-30,-26,-3,-8,13,20,4,21,31,-17,-21,-1,6,sil
19.836883544921875,3,-21,-10,-18,-5,3,5,21,24,24,-4,7,6,30,sil
19.85190987586975,6,-7,-6,-6,0,-7,-1,15,25,10,7,10,16,18,sil
19.85190987586975,5,-8,-7,-17,-12,-22,-25,0,-2,-17,-1,5,0,-3,sil
19.867555618286133,8,-2,-9,-21,-7,-18,-24,-8,-4,-19,12,13,3,-8,sil
19.867555618286133,14,10,0,-4,4,-13,-17,-8,4,-16,32,22,18,-2,sil
19.88310503959656,14,30,42,6,4,-1,-22,8,-10,-20,28,37,11,4,sil
19.88310503959656,7,32,26,28,12,17,4,-2,7,18,36,15,18,-2,sil
19.898670196533203,-6,8,2,19,5,5,5,-17,7,27,20,-8,6,-2,sil
19.898670196533203,-20,0,28,0,-8,-1,-16,-2,-26,-3,-11,-5,-15,-1,sil
19.913843870162964,-22,-1,-1,20,0,14,5,-9,-11,12,-7,-29,-3,-16,sil
19.913843870162964,-15,-14,-25,11,2,11,16,-15,-1,12,-19,-36,-11,-10,sil
19.929942846298218,-14,-16,0,-5,-6,2,4,0,-8,-11,-33,-17,-23,3,sil
19.929942846298218,-10,-12,-9,4,-2,0,9,3,4,0,-16,-17,-7,-1,sil
19.94513177871704,3,-7,-11,-2,-1,-7,11,12,5,3,-15,-2,-5,4,sil
19.94513177871704,6,-4,-6,-9,-4,-6,11,19,9,-8,-14,5,0,1,sil
19.96065759658813,3,-8,-13,-10,-9,-10,0,4,16,-13,2,0,16,-6,sil
19.96065759658813,19,1,-1,-16,-11,-17,-16,4,0,-10,9,14,14,3,sil
19.97628402709961,30,15,0,-6,-2,-15,-10,2,-12,-7,15,23,15,7,sil
19.97628402709961,16,9,3,-5,1,-13,-6,-2,-20,-21,18,19,13,3,sil
19.991960763931274,5,5,4,-16,3,-5,-5,-1,-16,-16,17,15,9,0,sil
19.991960763931274,3,7,-7,-19,0,-2,-7,-7,-12,-6,4,4,-2,-4,sil
20.007458925247192,-8,10,6,-7,-4,0,-13,-10,-24,-23,-15,-2,-25,-2,sil
20.02292776107788,-15,9,3,31,9,14,1,-16,-13,-14,-7,-17,-22,-16,sil
20.02292776107788,-8,2,-6,34,16,9,0,-20,-13,-5,-6,-22,-30,-22,sil
20.02292776107788,-2,5,32,10,5,8,-16,4,-16,-9,-16,-1,-38,-4,sil
20.03881311416626,-4,4,31,29,8,22,12,15,34,36,12,1,12,6,sil
20.03881311416626,-4,-8,-5,21,11,16,28,5,47,54,22,-2,34,17,sil
20.05399441719055,-4,-12,-5,-6,4,11,16,-1,13,28,2,-1,3,14,sil
20.06915616989136,-7,-16,-11,3,7,19,26,-1,22,35,1,-15,6,6,sil
20.06915616989136,-3,-19,-9,1,2,14,20,9,31,35,-3,-5,12,23,sil
20.08421921730041,0,-14,-5,-17,-8,0,-1,5,15,11,-11,7,-1,23,sil
20.08472752571106,-2,-12,-6,-37,-18,-14,-19,2,0,-3,-12,9,-9,7,sil
20.106669187545776,-2,0,0,-22,-14,-9,-8,14,4,1,-6,15,6,2,sil
20.106669187545776,6,0,-43,19,2,-6,20,-12,22,15,12,-14,26,-17,sil
20.106669187545776,9,-20,-41,-20,-7,-27,0,-19,-21,-29,-6,-16,-12,-15,sil
20.116308450698853,0,-8,27,-61,-22,-17,-23,18,-56,-67,-27,26,-38,-1,sil
20.13228225708008,-8,10,3,-6,-3,3,-1,12,-9,-26,-3,3,3,-26,sil
20.13228225708008,-4,11,-12,7,4,-4,-5,0,-5,-17,0,-9,11,-24,sil
20.148021936416622,4,24,30,-12,0,-4,-17,14,-20,-22,0,24,2,0,sil
20.148021936416622,4,26,2,11,7,-4,-6,1,11,3,26,7,27,-3,sil
20.163140058517456,-2,12,-7,16,5,-18,-17,-9,6,-3,16,-8,21,0,sil
20.163140058517456,-2,12,26,9,3,-9,-18,-1,-9,-11,6,7,1,9,sil
20.178937911987305,6,18,15,23,11,7,-1,-11,1,12,14,3,4,0,sil
20.178937911987305,8,19,6,24,10,15,-1,-19,-5,6,0,-3,-6,0,sil
20.194300651550293,1,11,17,28,9,18,3,-15,-20,-7,-10,-3,-25,3,sil
20.194300651550293,1,-4,9,25,2,8,16,-15,-24,-7,-9,-11,-34,-4,sil
20.209413528442383,0,-17,-2,-2,-8,2,14,-4,-20,0,-15,-16,-30,-8,sil
20.209413528442383,0,-20,-8,-6,-6,6,13,9,13,23,-4,-8,0,6,sil
20.22542214393616,5,-10,1,15,3,8,25,20,44,39,14,6,25,28,sil
20.22542214393616,8,-3,12,15,2,15,28,25,38,33,6,3,17,26,sil
20.24105215072632,0,-19,-10,-11,-3,7,9,8,25,28,-2,-6,8,8,sil
20.24105215072632,0,-27,-23,-28,-4,-16,-11,-1,14,14,8,11,19,8,sil
20.256499528884888,10,-5,-3,-17,-4,-20,-13,2,8,-4,19,19,28,13,sil
20.256499528884888,8,0,0,-14,-5,-20,-19,-9,1,-14,11,6,19,-5,sil
20.272156476974487,6,0,0,-21,-6,-25,-33,-19,-18,-23,4,12,-1,-20,sil
20.272156476974487,9,22,15,8,6,0,-15,-16,-28,-23,10,12,-15,-15,sil
20.28799867630005,1,29,18,27,13,24,11,-8,-18,-12,-2,-3,-20,-4,sil
20.28799867630005,-20,-2,-10,0,0,20,14,6,-4,2,-24,-17,-19,-6,sil
20.30395746231079,-32,-23,-40,-15,-6,15,9,13,2,9,-24,-26,-15,-14,sil
20.30395746231079,-24,-11,-22,-6,1,18,11,17,3,0,-23,-23,-17,-4,sil
20.31943988800049,-22,-6,-11,-6,-4,12,17,18,14,7,-20,-15,-10,0,sil
20.31943988800049,-22,-16,-30,-26,-14,-6,5,13,18,11,-11,-9,0,-1,sil
20.335350036621094,0,-6,-23,-30,-6,-18,-10,8,11,-5,3,4,15,2,sil
20.335350036621094,15,12,3,-8,4,-18,-14,0,3,-16,23,17,28,0,sil
20.35085940361023,13,16,20,5,1,-16,-19,-15,-21,-25,16,17,3,-5,sil
20.35085940361023,9,19,23,14,0,-10,-21,-29,-37,-30,7,10,-16,-6,sil
20.366029739379883,8,17,22,13,1,-12,-28,-27,-32,-31,7,2,-12,-13,sil
20.366029739379883,2,8,26,8,0,-10,-26,-11,-27,-24,-2,1,-12,-17,sil
20.381654262542725,-3,3,21,24,10,12,7,-2,-7,5,-8,0,-7,-5,sil
20.381654262542725,0,5,20,33,17,30,33,5,18,34,-3,-3,0,13,sil
20.397242546081543,7,6,18,23,8,22,37,14,24,33,-4,-4,2,17,sil
20.397242546081543,0,-3,-2,11,0,8,36,8,13,22,-11,-9,0,9,sil
20.41296625137329,-9,-16,-14,-4,-5,4,20,3,6,17,-9,-10,-4,12,sil
20.41296625137329,-11,-17,-11,-11,-5,4,4,7,16,20,-5,-7,0,15,sil
20.428151607513428,-6,-18,-20,-5,0,-1,6,9,28,20,-9,-8,11,7,sil
20.428151607513428,8,-13,-17,-14,0,-14,-3,8,24,5,-8,5,10,7,sil
20.44396662712097,26,1,8,-29,-9,-19,-28,2,-3,-15,7,28,5,11,sil
20.44396662712097,25,6,-8,-6,-5,-13,-19,-10,-14,-13,26,10,21,-5,sil
20.45904564857483,22,0,-20,3,0,-18,-10,-9,-9,-9,22,-1,26,-3,sil
20.45904564857483,28,13,36,-19,-3,-11,-24,13,-15,-21,14,41,15,21,sil
20.47442102432251,13,25,27,-3,2,15,-1,9,0,0,37,35,32,4,sil
20.47442102432251,-5,9,-22,14,10,9,18,-10,8,13,34,-13,25,-12,sil
20.490233659744263,-10,4,5,-1,-1,-5,0,0,-9,-15,-7,-12,-20,0,sil
20.490233659744263,-18,9,16,9,-3,0,-4,0,-1,-13,-7,0,-16,-7,sil
20.50535130500793,-16,7,-9,24,6,1,2,-7,10,20,15,-6,6,-15,sil
20.50535130500793,-1,10,8,16,6,5,-2,-2,0,24,8,2,-7,-1,sil
20.52085781097412,-10,5,19,17,3,19,0,-7,-9,1,-6,2,-28,-4,sil
20.52085781097412,-24,-16,-17,9,1,14,14,-20,-2,-1,-14,-23,-23,-18,sil
20.536301374435425,-24,-35,-39,-15,-5,-1,10,-16,2,7,-28,-36,-20,-16,sil
20.536301374435425,-25,-32,-21,-30,-15,-5,-5,8,-3,-7,-37,-13,-29,-2,sil
20.552165985107425,-13,-18,-5,-18,-9,1,-4,19,-2,-14,-23,0,-20,0,sil
20.552165985107425,6,-8,2,-6,0,5,9,10,10,5,-15,-1,-2,2,sil
20.567185163497925,9,-2,-10,9,4,5,21,11,29,22,-13,-7,14,11,sil
20.567185163497925,6,-8,-22,0,-5,-8,3,14,13,-4,-7,-1,10,13,sil
20.583003759384155,6,-2,13,-32,-14,-21,-32,6,-38,-56,-11,15,-14,0,sil
20.583003759384155,2,19,16,-5,4,-3,-16,-19,-45,-44,-1,0,-19,-27,sil
20.59853196144104,4,13,-4,29,16,6,5,-33,-26,-14,0,-20,-18,-32,sil
20.61426043510437,-1,-4,13,10,0,3,-3,-10,-22,-15,-15,-8,-24,-11,sil
20.614617109298703,-18,-5,2,-1,-2,3,0,5,9,15,-4,-10,1,3,sil
20.614617109298703,-10,-6,-22,-10,0,-3,4,9,30,31,7,-10,22,16,sil
20.62965488433838,14,0,-4,-16,-6,-14,-14,12,12,1,12,18,27,19,sil
20.62965488433838,22,22,10,3,0,-18,-23,0,-1,-5,25,26,35,12,sil
20.644906520843502,18,25,18,0,7,-13,-13,-9,-8,2,32,15,27,11,sil
20.660780668258667,16,15,28,-8,9,7,9,-4,-4,4,25,10,12,7,sil
20.660780668258667,8,21,26,24,11,27,35,0,10,20,9,1,5,6,sil
20.67635726928711,2,23,17,40,6,21,33,2,14,33,-5,0,0,19,sil
20.67635726928711,12,6,8,9,0,3,16,14,20,30,6,19,12,25,sil
20.69188523292541,14,-7,-4,-9,0,0,9,23,35,35,24,21,33,14,sil
20.69188523292541,-5,-20,-19,-13,-9,-1,0,8,26,23,4,-4,19,0,sil
20.70791006088257,-12,-20,-23,-22,-20,-12,-16,-3,2,-11,-17,-20,-4,-8,sil
20.70791006088257,3,-9,-13,-19,-6,-10,-15,6,8,-14,-5,-12,3,-2,sil
20.72395086288452,1,-9,-6,-16,5,-6,-9,4,12,0,14,1,13,-2,sil
20.72395086288452,-7,-6,-5,-7,4,-16,-21,-15,-16,-19,17,11,-2,-16,sil
20.73928189277649,4,16,16,25,12,-7,-25,-19,-37,-40,12,14,-16,-11,sil
20.73928189277649,9,32,44,53,20,18,-10,-11,-28,-18,3,13,-18,4,sil
20.754860639572144,-2,13,20,43,14,26,6,-14,-20,1,-14,-7,-30,-9,sil
20.754860639572144,-18,-14,-10,14,6,21,18,-13,-24,-8,-31,-25,-51,-24,sil
20.7704598903656,-30,-23,-14,0,0,22,31,7,-13,-4,-34,-19,-49,-14,sil
20.7704598903656,-25,-22,-25,-8,-10,7,35,16,13,19,-22,-9,-20,-10,sil
20.78566694259644,-14,-26,-30,-31,-19,-13,17,12,18,12,-19,11,-6,-6,sil
20.78566694259644,-16,-29,-26,-46,-23,-14,0,8,4,-10,-24,14,-4,0,sil
20.801287174224854,-9,-17,-23,-33,-21,-18,-12,2,-1,-19,-11,-12,7,-5,sil
20.801287174224854,7,0,-8,-11,-10,-30,-23,-2,-5,-16,16,-11,24,-1,sil
20.81638073921204,15,9,6,-3,-1,-22,-23,-4,-4,-13,30,9,30,6,sil
20.81638073921204,8,17,9,-4,5,-8,-25,-11,-11,-23,9,-1,8,-4,sil
20.83232069015503,0,20,9,7,11,0,-24,-21,-20,-21,-6,-27,-22,-16,sil
20.83232069015503,-2,15,20,24,10,12,-5,-16,-10,4,1,-16,-21,0,sil
20.84722256660461,4,10,23,23,5,21,11,4,8,26,2,-1,1,16,sil
20.84722256660461,6,1,4,13,1,17,15,18,21,37,-7,-9,16,19,sil
20.863312244415283,1,-3,-7,-1,-3,6,12,17,27,38,-5,-9,21,22,sil
20.863312244415283,2,-5,-14,-15,-3,-2,9,17,29,24,-1,0,24,23,sil
20.879161596298218,5,-12,-20,-17,-3,-1,4,16,25,8,-8,6,19,13,sil
20.879161596298218,5,-11,-5,-16,-7,3,-1,6,15,-3,-2,12,15,4,sil
20.893957376480103,17,7,15,-8,-1,0,-4,-4,0,-13,22,21,22,3,sil
20.893957376480103,27,25,27,6,13,-4,1,-6,-12,-4,31,29,19,2,sil
20.9090268611908,28,25,29,19,20,7,11,-2,-11,7,19,30,10,0,sil
20.9090268611908,17,23,27,29,12,9,10,-8,-14,-2,14,21,0,-3,sil
20.925243377685547,-4,19,22,31,7,1,6,-16,-24,-13,2,0,-26,-17,sil
20.925243377685547,-19,-3,0,11,5,2,10,-5,-11,0,-16,-20,-36,-22,sil
20.940931797027588,-20,-28,-22,-17,-3,0,1,4,7,6,-14,-18,-11,-8,sil
20.940931797027588,-8,-24,-21,-17,-10,-9,-13,7,14,5,2,0,9,8,sil
20.95606017112732,4,-4,-6,-4,-5,-10,-13,12,19,12,12,15,14,19,sil
20.95606017112732,4,-2,-5,-15,-4,-18,-18,8,7,-1,11,18,11,15,sil
20.971640586853027,-5,-3,-9,-15,-6,-29,-30,-11,-16,-30,11,9,2,-1,sil
20.971640586853027,-5,14,9,13,0,-10,-19,-19,-27,-25,9,3,-5,-9,sil
20.986876487731934,-1,19,17,28,10,13,7,-10,-22,-5,-3,-9,-17,-12,sil
20.986876487731934,-11,0,-1,10,4,9,14,-14,-23,-20,-25,-31,-44,-26,sil
21.002927541732788,-21,-8,-9,-2,-3,11,8,-15,-26,-37,-33,-30,-53,-32,sil
21.002927541732788,-20,-3,-7,12,0,25,22,-2,-3,2,-18,-21,-20,-16,sil
21.018203496932983,-18,-7,-7,14,0,22,33,12,20,42,-6,-19,1,0,sil
21.018203496932983,-14,-26,-8,-14,-10,10,21,25,23,28,-8,-16,1,1,sil
21.033762216568,0,-26,-10,-23,-16,0,9,27,25,15,-3,1,14,9,sil
21.033762216568,11,-5,-4,-8,-7,-3,1,20,30,21,3,23,26,26,sil
21.049186944961548,3,-4,-9,-10,0,-4,-12,9,29,17,3,14,25,22,sil
21.049186944961548,-3,-21,-16,-28,-5,-10,-22,1,23,6,4,0,24,8,sil
21.06468439102173,7,-13,-5,-22,-8,-14,-12,2,17,5,10,15,24,11,sil
21.06468439102173,26,8,5,1,5,-6,-3,-5,4,-4,11,21,12,10,sil
21.07987093925476,30,15,10,5,15,0,-15,-15,-21,-30,3,8,-1,-2,sil
21.07987093925476,10,11,0,-13,5,-10,-23,-14,-26,-28,0,-4,0,-20,sil
21.095152139663696,-6,8,-8,-24,-2,-19,-18,-13,-13,-14,-1,-4,0,-23,sil
21.110628366470337,3,16,6,-1,3,-14,-13,-11,-20,-26,-9,4,-6,-7,sil
21.110628366470337,11,24,22,26,6,-5,-7,-8,-29,-24,-5,2,-6,4,sil
21.110628366470337,-3,17,25,24,2,1,5,-6,-19,8,5,-5,-3,6,sil
21.12672734260559,-5,14,24,25,5,14,15,-5,-4,26,11,-3,-7,8,sil
21.12672734260559,0,19,16,40,7,26,13,-6,-3,11,2,0,-11,11,sil
21.143106937408447,1,9,10,29,0,20,11,-2,-12,2,-11,-1,-16,12,sil
21.143106937408447,3,-4,4,5,-9,5,16,1,-12,8,-10,-4,-19,11,sil
21.15893602371216,-1,-9,-7,-8,-7,0,10,5,-4,-3,-4,-1,-13,0,sil
21.15893602371216,-12,-14,-20,-8,0,1,12,17,16,0,-3,-8,0,-14,sil
21.173864126205444,-10,-17,-22,4,1,0,27,27,43,33,3,-16,9,-9,sil
21.173864126205444,-3,-11,-10,3,1,-1,18,22,41,31,9,0,11,6,sil
21.18928074836731,-1,-10,-7,-10,5,-4,-2,17,30,1,17,16,21,5,sil
21.20511031150818,-2,-16,-19,-18,1,-9,-5,10,24,0,22,2,28,-7,sil
21.20561528205872,-1,-16,-19,-22,-5,-11,-10,-2,2,0,8,-12,14,-10,sil
21.20561528205872,-1,-7,-5,-29,-7,-12,-25,-11,-19,-9,-2,1,0,-8,sil
21.2201943397522,-4,-3,-1,-27,-4,-18,-28,-10,-19,-20,0,13,0,-10,sil
21.23532509803772,2,8,7,-1,0,-11,-13,-16,-19,-31,1,5,-5,-5,sil
21.23532509803772,13,35,32,19,8,13,1,-20,-24,-21,0,12,-12,3,sil
21.250854015350345,7,33,28,12,10,22,3,-6,-13,0,-2,9,-7,1,sil
21.250854015350345,-9,8,11,6,1,11,-2,-7,-10,-9,-19,-14,-13,-11,sil
21.26597571372986,-17,-7,7,12,-3,14,3,-15,-19,-17,-31,-24,-28,-14,sil
21.26597571372986,-9,-13,-1,10,-3,24,19,5,4,25,-18,-9,-19,10,sil
21.28161907196045,3,-13,-6,0,0,16,21,30,39,54,0,7,9,35,sil
21.28161907196045,8,-16,-10,-3,-2,-5,0,15,29,24,1,5,19,21,sil
21.29731130599976,0,-23,-20,-18,-16,-20,-18,-5,0,-9,-2,0,5,1,sil
21.29731130599976,4,-17,-16,-25,-18,-14,-13,2,-4,-6,-1,5,4,8,sil
21.313522815704346,17,-1,-7,0,0,-10,0,5,2,3,12,8,17,9,sil
21.313522815704346,11,3,-1,11,10,-16,-6,-7,-7,-18,17,8,10,-7,sil
21.328934907913208,5,5,-1,-5,8,-12,-14,-4,-8,-35,15,10,6,-13,sil
21.328934907913208,14,18,1,0,11,-7,-4,3,8,-8,31,12,22,-8,sil
21.345165967941284,11,31,18,22,11,-7,0,-3,5,12,31,14,18,-8,sil
21.345165967941284,-2,29,27,30,7,9,2,-14,-2,8,5,3,-3,-10,sil
21.3606870174408,-10,16,19,25,9,17,11,-8,0,6,-2,-6,-12,-4,hello
21.3606870174408,-15,1,4,11,1,1,5,-5,-14,-1,-3,-10,-17,-1,hello
21.376245498657227,-17,-4,-9,6,-7,1,-1,-15,-29,-8,-22,-29,-27,-9,hello
21.376245498657227,-12,-2,-2,5,1,20,4,-9,-25,-1,-39,-32,-36,-9,hello
21.392337799072266,-15,-12,0,-12,0,15,10,0,-20,-1,-43,-23,-42,-7,hello
21.392337799072266,-26,-29,-28,-34,-21,0,3,-2,-15,-16,-41,-28,-45,-14,hello
21.40792679786682,-18,-23,-30,-30,-18,3,2,7,2,-16,-31,-22,-25,-7,hello
21.40792679786682,-2,-8,-14,-14,0,6,11,22,21,-1,-11,-2,8,6,hello
21.423011541366577,-2,-2,-14,-9,4,-9,11,14,26,14,5,0,23,9,hello
21.423011541366577,8,2,-4,0,6,-10,12,17,36,36,18,11,29,21,hello
21.43830919265747,28,8,20,12,9,5,13,31,48,45,32,36,48,39,hello
21.43830919265747,25,0,15,2,0,-1,-2,23,39,27,42,37,56,33,hello
21.453965425491333,14,-2,1,-6,-8,-25,-20,6,18,14,48,26,47,22,hello
21.453965425491333,20,1,10,0,-3,-21,-18,-1,1,4,40,36,36,18,hello
21.469099521636963,22,-2,10,-1,-4,-5,-12,-11,-13,-18,20,24,14,0,hello
21.469099521636963,4,-5,0,-14,-15,-7,-17,-24,-32,-42,-1,-4,-15,-26,hello
21.48468327522278,-2,5,0,-7,-5,-4,-17,-23,-33,-40,-7,-8,-23,-34,hello
21.48468327522278,5,18,13,14,11,4,-4,-6,-16,-7,3,0,-6,-17,hello
21.49989438056945,0,20,20,21,11,6,3,1,-9,4,1,-1,-2,-7,hello
21.49989438056945,-12,9,6,10,3,1,-2,-12,-19,-19,-18,-15,-20,-20,hello
21.51595425605774,-13,0,-4,0,0,0,-14,-27,-33,-34,-32,-24,-38,-23,hello
21.51595425605774,-14,1,1,1,2,6,-10,-21,-34,-22,-32,-20,-40,-10,hello
21.53204321861267,-18,0,0,9,5,22,12,-6,-3,0,-22,-16,-23,-1,hello
21.53204321861267,-12,-16,-10,6,6,25,27,1,15,14,-18,-14,-8,6,hello
21.547483444213867,-2,-16,-7,1,9,16,22,9,6,19,-18,-8,-10,10,hello
21.547483444213867,-4,-1,0,12,14,14,20,6,12,23,0,-1,-6,6,hello
21.563331842422485,-3,2,7,17,10,15,24,10,30,30,11,2,4,15,hello
21.563331842422485,5,2,11,6,0,7,19,28,37,38,9,9,14,22,hello
21.57885789871216,5,6,-1,-4,-2,-3,7,31,46,46,20,17,32,14,hello
21.57885789871216,5,0,-13,-12,-2,-17,-6,16,43,37,29,22,40,15,hello
21.59389925003052,17,-6,-10,-18,-14,-31,-22,3,16,1,15,22,26,16,hello
21.594310522079468,17,-1,-9,-22,-19,-30,-31,-1,-8,-23,4,15,15,-1,hello
21.60982632637024,4,4,-12,-19,-9,-17,-26,-8,-19,-27,7,3,8,-15,hello
21.60982632637024,-5,11,0,-4,0,-9,-14,-18,-32,-36,1,-2,-8,-18,hello
21.625159740448,-17,6,0,0,1,-7,-8,-21,-44,-51,-16,-23,-36,-33,hello
21.625159740448,-28,-10,-10,-3,-3,0,-9,-21,-45,-46,-29,-41,-49,-41,hello
21.64055585861206,-15,-12,2,2,-6,11,-1,-16,-35,-22,-22,-24,-37,-19,hello
21.64055585861206,2,0,7,16,-3,14,15,0,-15,4,-6,-8,-11,5,hello
21.65558815002441,-2,-3,-2,3,-3,11,19,11,0,16,-2,-5,1,12,hello
21.65558815002441,-10,-14,-5,-18,-4,9,15,9,13,19,-5,0,7,12,hello
21.671669244766235,1,-13,-13,-19,-3,0,18,7,28,19,0,5,18,12,hello
21.671669244766235,14,-2,0,-13,-8,-14,0,16,26,0,7,17,27,18,hello
21.68732476234436,21,8,21,1,-4,-19,-15,14,17,-3,25,31,38,17,hello
21.68732476234436,25,22,19,26,14,-4,-1,-1,11,18,34,21,34,14,hello
21.70351934432984,16,26,27,29,20,16,9,1,-3,18,6,1,0,16,hello
21.70351934432984,-6,1,8,20,5,21,11,-1,-2,11,-15,-25,-17,0,hello
21.719298124313354,-11,-18,-20,0,-1,2,0,-17,-2,5,-18,-26,-15,-8,hello
21.719298124313354,8,-2,8,-17,1,1,-13,0,-16,-15,-11,19,-11,6,hello
21.73491835594177,7,1,-9,3,7,7,-7,-4,1,-8,10,14,5,-11,hello
21.73491835594177,-7,-19,-33,-7,-1,-17,-23,-17,0,-10,2,-13,-5,-26,hello
21.750147342681885,-6,2,35,-19,-4,-11,-29,13,-17,-24,-4,20,-19,0,hello
21.750147342681885,-14,21,5,39,24,30,26,6,30,33,33,4,18,-12,hello
21.76577353477478,-19,-10,-64,27,20,11,27,-11,41,49,14,-34,12,-12,hello
21.76577353477478,1,-14,5,-37,-15,-20,-14,19,-3,-12,-34,5,-22,24,hello
21.781848430633545,12,3,18,-9,-12,-13,-3,12,10,-12,2,20,16,13,hello
21.781848430633545,5,6,-18,4,2,-12,-7,-11,6,2,30,4,23,-5,hello
21.797165393829346,9,26,25,-7,0,-2,-14,-3,-29,-17,4,13,-18,-7,hello
21.797165393829346,14,27,22,19,0,7,9,-24,-22,-20,-3,-7,-22,-24,hello
21.8123300075531,7,6,22,14,0,0,1,-24,-30,-26,-3,4,-15,-7,hello
21.8123300075531,-1,16,42,28,6,16,15,0,-18,1,10,24,2,9,hello
21.82788872718811,-7,6,-10,49,14,26,50,-3,21,38,10,-17,17,-2,hello
21.82788872718811,-4,-22,7,-16,-10,5,11,21,0,-4,-39,-4,-23,22,hello
23.355036735534668,14,4,-7,-10,6,-4,1,1,11,-8,13,17,15,6,hello
23.355036735534668,10,3,3,-24,-3,-14,-10,-6,-6,-19,15,17,4,0,hello
23.37064099311829,0,1,-1,-15,-10,-18,-21,-13,-25,-18,13,7,-8,-11,hello
23.37064099311829,5,5,4,6,6,-1,-17,-15,-31,-18,19,10,-6,-11,hello
23.38586020469665,19,14,20,9,16,1,-16,-11,-24,-18,20,18,-1,1,hello
23.38586020469665,17,19,21,11,-1,-8,-13,-8,-12,-9,18,16,1,9,hello
23.401023387908936,2,10,16,7,-9,-4,-2,-2,-5,-2,21,11,5,4,hello
23.401023387908936,2,1,19,-6,3,8,3,9,1,6,20,10,4,1,hello
23.416916131973267,14,13,23,0,6,1,1,9,0,9,10,10,0,3,hello
23.416916131973267,11,21,18,25,-1,-4,0,-3,-12,-7,1,3,0,0,hello
23.433019638061523,-10,6,1,35,4,11,3,-15,-12,-9,-7,-8,-6,-5,hello
23.433019638061523,-16,-3,-3,34,15,25,9,-10,0,5,-15,-13,-13,-9,hello
23.44824504852295,-1,5,3,31,11,19,16,-1,3,11,-9,-7,-2,-8,hello
23.44824504852295,-2,2,-2,13,7,16,18,-5,0,14,0,-8,6,-4,hello
23.46434998512268,-21,-18,-24,-12,1,14,2,-11,-10,9,-16,-25,-13,-8,hello
23.46434998512268,-29,-28,-27,-27,-15,3,-11,-9,-22,-5,-35,-40,-30,-21,hello
23.47931909561157,-23,-19,-13,-15,-14,-1,0,-3,-15,-3,-34,-38,-15,-20,hello
23.47931909561157,-9,-6,-2,4,7,-3,8,1,4,7,-24,-23,-4,-2,hello
23.494587898254395,1,-1,3,1,16,0,1,10,16,12,-17,-4,-6,4,hello
23.494587898254395,5,-7,1,-9,4,7,2,16,22,19,0,0,0,1,hello
23.50952458381653,4,-8,-3,-7,-3,0,6,13,21,17,9,0,2,4,hello
23.50952458381653,-2,-1,-2,-9,-3,-9,3,2,6,-2,-7,5,0,3,hello
23.5252468585968,-9,-9,-1,-17,-7,-2,5,-5,-6,-13,-20,0,-7,-4,hello
23.5252468585968,-6,-15,-3,-14,-7,1,5,0,-5,-14,-12,0,-12,-2,hello
23.5411913394928,4,-5,-1,-4,-2,-4,5,12,8,-13,3,20,1,11,hello
23.5411913394928,13,-1,4,-1,-11,-9,13,17,23,2,17,30,20,25,hello
23.556336164474487,9,-10,1,-11,-23,-12,8,7,17,10,11,18,17,21,hello
23.556336164474487,2,-8,-17,-14,-16,-22,-6,-3,6,-7,-4,-3,5,3,hello
23.57187509536743,2,7,-9,-5,-9,-19,-14,0,6,-25,0,0,4,0,hello
23.57187509536743,8,18,7,4,-2,-4,-13,5,8,-10,19,16,11,2,hello
23.58718419075012,13,22,0,7,8,0,-15,-3,0,4,28,12,17,-2,hello
23.58718419075012,17,26,2,0,13,-1,-20,-5,-7,-3,34,16,20,5,hello
23.60337805747986,20,22,15,1,12,6,-12,8,0,5,47,30,32,20,hello
23.60337805747986,16,18,16,15,15,6,-6,1,4,26,43,20,30,7,hello
23.6189353466034,5,18,18,18,11,-7,-20,-15,-11,8,15,0,5,-9,hello
23.6189353466034,-3,13,8,15,1,-15,-23,-16,-20,-9,5,-5,-2,-12,hello
23.634148359298703,-10,3,0,3,0,-3,-5,-15,-26,-12,0,-5,-10,-11,hello
23.634148359298703,-14,-2,0,0,3,12,9,-17,-37,-18,-25,-18,-30,-18,hello
23.65015935897827,-11,-2,5,17,7,20,15,-7,-29,-13,-30,-22,-26,-13,hello
23.65015935897827,-3,0,11,18,12,18,17,4,-10,-2,-20,-4,-17,-1,hello
23.665971994400024,-3,-8,-2,12,4,12,18,-3,-2,-1,-28,-12,-24,-9,hello
23.665971994400024,-15,-19,-15,6,-8,10,16,-10,-1,-3,-38,-28,-29,-18,hello
23.681119441986084,-17,-22,-8,-7,-8,13,12,5,3,1,-36,-23,-30,-10,hello
23.681119441986084,-9,-24,-18,-10,-6,10,15,12,16,15,-30,-19,-18,-1,hello
23.696290493011475,-8,-20,-19,-8,-4,6,12,12,18,22,-8,-9,3,11,hello
23.696290493011475,-8,-6,0,-9,2,9,11,13,16,29,15,0,16,11,hello
23.71234703063965,-3,-6,-7,-11,-1,5,10,6,20,24,0,-8,2,-1,hello
23.71234703063965,-1,-18,-14,-22,-9,-1,4,12,26,9,-13,-4,-6,3,hello
23.72796130180359,0,-11,-15,-18,-3,-10,0,11,35,17,17,9,19,17,hello
23.72796130180359,15,0,-4,-15,-10,-33,-16,4,9,3,22,22,27,19,hello
23.74419856071472,23,11,16,-12,-18,-33,-25,6,-13,-26,9,32,22,13,hello
23.74419856071472,5,11,-22,4,3,-14,-8,-21,6,-12,27,1,39,-9,hello
23.75923132896424,5,5,-13,-18,5,-25,-38,-22,-27,-31,0,2,0,-2,hello
23.75923132896424,22,28,78,-17,-7,-16,-51,21,-52,-52,-14,53,-24,17,hello
23.77438855171204,16,33,35,47,7,11,0,-2,18,11,41,18,36,-13,hello
23.790043830871586,0,0,-26,25,11,-3,-5,-32,8,5,25,-21,17,-21,hello
23.790043830871586,-4,2,26,-13,0,-1,-18,3,-41,-44,-28,6,-48,0,hello
23.80522727966309,-1,15,15,35,13,25,34,6,5,-1,0,-6,-14,-10,hello
23.80522727966309,-4,-1,-1,25,12,22,35,-7,7,14,15,-16,3,-1,hello
23.821250438690186,-18,-2,20,-5,7,25,17,-4,-18,0,3,-2,-11,12,sil
23.821250438690186,-11,2,-10,22,10,23,35,-6,13,27,10,-17,5,1,sil
23.821250438690186,10,3,14,7,-2,10,18,20,10,20,-6,5,-2,19,sil
23.837282180786133,-6,3,8,1,0,25,20,22,13,28,-6,-1,-2,1,sil
23.837282180786133,-30,-28,-88,12,7,11,27,-26,36,46,0,-57,8,-32,sil
23.85298705101013,-8,-37,-31,-39,-22,-24,-22,-3,-11,-16,-41,-5,-30,6,sil
23.85298705101013,9,0,42,-42,-29,-10,-20,32,-19,-26,-34,35,-22,24,sil
23.86875629425049,4,-2,-26,-2,-5,-10,6,0,22,27,6,-10,24,-1,sil
23.86875629425049,7,-20,-27,-17,-9,-31,-19,-6,12,14,1,5,18,15,sil
23.88403534889221,10,-4,10,-21,-11,-13,-23,10,1,-8,2,31,15,13,sil
23.88403534889221,5,3,-13,-12,-2,-11,-12,0,-3,-15,14,7,16,-11,sil
23.89919924736023,11,5,-8,-10,-1,-27,-30,-8,-22,-29,16,10,6,-8,sil
23.91489100456237,22,25,21,17,10,-18,-29,-1,-11,-19,32,28,17,-3,sil
23.91489100456237,17,37,33,35,18,-2,-14,3,-7,-10,24,23,11,-4,sil
23.929959297180176,-12,12,12,26,3,7,-3,-9,-15,-7,-14,-10,-19,-14,sil
23.929959297180176,-35,-18,-14,10,-1,17,9,-23,-6,7,-32,-45,-31,-31,sil
23.9455668926239,-21,-10,-4,-1,9,27,28,-3,7,11,-24,-35,-26,-19,sil
23.9455668926239,-7,-1,0,-2,3,28,32,11,14,0,-18,-21,-19,0,sil
23.96119451522827,-14,-24,-17,-20,-8,4,10,5,6,-4,-16,-16,-8,2,sil
23.96119451522827,-1,-10,-9,-26,0,-12,-5,0,-5,-3,0,5,6,0,sil
23.97632670402527,18,24,16,6,8,-9,-8,-5,-13,-16,15,21,6,2,sil
23.97632670402527,17,17,27,24,0,-5,-15,-14,-28,-34,6,6,-14,0,sil
23.99225854873657,2,3,16,16,2,8,0,-14,-23,-11,0,-10,-17,-1,sil
23.99225854873657,1,11,11,20,15,31,29,3,4,24,6,-3,6,13,sil
24.008368730545044,13,3,17,20,8,31,35,23,23,32,13,16,22,34,sil
24.008368730545044,19,-4,18,15,0,12,20,21,29,34,15,23,20,37,sil
24.023991584777832,9,6,0,16,2,4,15,11,36,42,8,9,15,27,sil
24.023991584777832,-5,-4,-18,-8,0,-1,7,8,28,25,-3,-4,10,11,sil
24.03989291191101,-19,-35,-32,-50,-13,-22,-20,1,2,-6,-15,-14,-1,-10,sil
24.03989291191101,-24,-35,-41,-45,-24,-44,-40,-8,-11,-14,-16,-21,-11,-19,sil
24.055073261260983,-14,-9,-25,-13,-20,-39,-31,-3,-3,-6,-2,-2,0,-16,sil
24.055073261260983,2,7,-4,-1,-1,-15,-16,1,1,-10,12,16,13,-16,sil
24.07060599327088,8,15,2,2,7,-4,-9,-4,-5,-11,18,18,16,-12,sil
24.07060599327088,8,18,9,5,5,-2,-5,-3,-8,-4,16,20,14,-6,sil
24.08632469177246,5,5,10,-3,9,11,0,1,-8,-6,12,15,12,-11,sil
24.08632469177246,-9,-6,7,-7,9,18,2,-6,-13,-20,0,0,-5,-13,sil
24.101184844970703,-10,4,12,2,2,6,4,-14,-16,-20,-5,-6,-17,-8,sil
24.101184844970703,4,10,17,8,-3,1,9,-9,-14,-10,2,-1,-8,-8,sil
24.11718940734864,4,-2,13,6,-6,6,3,-5,-12,-9,0,-5,-10,-3,sil
24.11718940734864,0,0,10,13,-1,6,0,-7,-4,-5,-15,-19,-18,4,sil
24.13354134559632,1,17,11,23,8,13,16,-1,3,9,-14,-18,-16,10,sil
24.13354134559632,1,10,2,14,8,22,31,13,9,15,-14,-5,-13,17,sil
24.148934364318848,1,-9,-12,0,0,6,20,13,13,4,-17,-1,-2,18,sil
24.148934364318848,0,-12,-23,-3,-10,-8,1,4,5,0,-16,-6,5,10,sil
24.16504740715027,-4,-15,-28,-10,-16,-5,-4,11,2,18,-16,-8,0,9,sil
24.16504740715027,-3,-16,-16,-16,-14,-10,-3,17,19,34,-2,6,12,14,sil
24.180563926696777,4,-2,-5,-17,-2,-17,-13,2,19,15,15,18,28,3,sil
24.180563926696777,4,6,-7,-23,0,-15,-32,-12,-2,-14,16,8,13,-15,sil
24.19615721702576,1,7,0,-18,0,-12,-28,-11,-6,-19,13,7,0,-14,sil
24.19615721702576,4,11,16,8,12,-3,-7,-2,0,-5,20,13,7,0,sil
24.21112608909607,4,12,22,23,13,5,-7,-1,-10,0,16,5,-5,-1,sil
24.21112608909607,0,10,26,24,8,5,-8,-8,-19,-9,5,-4,-30,-7,sil
24.22632026672364,-6,7,21,32,9,10,11,-10,-10,-20,3,-9,-30,-11,sil
24.22632026672364,-11,-5,2,17,3,14,23,-3,-8,-9,-6,-14,-23,-12,sil
24.24230408668518,-12,-22,-16,-7,-5,6,11,2,1,14,-21,-22,-12,-7,sil
24.24230408668518,-11,-24,-19,-12,-6,0,2,9,17,19,-18,-18,7,3,sil
24.25718331336975,0,-9,-5,-13,0,12,13,20,21,14,-8,0,23,18,sil
24.25718331336975,13,2,-7,-6,2,14,21,13,22,19,4,12,33,17,sil
24.273438215255737,11,1,-8,-6,0,-19,-10,-3,2,-2,10,15,25,2,sil
24.273438215255737,9,7,5,-12,-1,-34,-29,-8,-28,-27,10,17,5,-3,sil
24.288589239120483,7,15,6,9,8,7,4,-12,-18,-5,15,6,0,-1,sil
24.288589239120483,0,14,7,24,8,35,24,-7,1,14,0,-3,-7,5,sil
24.30398964881897,2,13,2,22,3,18,18,8,18,26,-6,0,1,14,sil
24.30398964881897,13,6,-12,8,6,-6,7,8,26,19,14,12,25,10,sil
24.31939172744751,15,0,14,-27,-6,-14,-22,6,-11,-36,2,24,3,-4,sil
24.31939172744751,-3,6,14,-15,-13,-7,-19,-8,-31,-48,-5,-2,-9,-28,sil
24.33483481407165,-21,-6,-39,11,-3,-16,-3,-32,-19,-11,0,-44,-6,-33,sil
24.33483481407165,-23,-25,-1,-31,-13,-21,-25,-2,-34,-22,-29,-16,-36,-1,sil
24.35086345672608,-22,-13,32,-31,-16,6,-6,17,-4,-3,-27,3,-24,5,sil
24.35086345672608,-13,-10,-32,6,-1,11,24,-1,42,34,8,-27,15,-8,sil
24.366299629211422,1,-20,-26,-24,-11,-16,-7,9,8,0,0,-3,3,4,sil
24.366299629211422,9,0,18,-25,-12,-17,-17,20,-4,-19,7,32,8,9,sil
24.38184356689453,11,25,13,20,12,-2,7,0,15,5,32,18,19,8,sil
24.38184356689453,7,22,14,23,17,12,15,-2,0,12,4,0,-16,11,sil
24.39700984954834,-1,0,2,24,9,24,22,-1,-5,20,-20,-13,-31,0,sil
24.39700984954834,-1,-5,0,29,11,20,20,0,6,18,-13,-7,-15,1,sil
24.41306185722351,1,-2,4,10,7,12,5,6,15,14,-6,0,0,15,sil
24.41306185722351,0,-18,-24,-4,-5,-3,-8,0,24,27,1,-9,21,7,sil
24.42834949493408,8,-16,3,-22,-10,-20,-27,2,3,5,10,24,20,10,sil
24.42834949493408,17,14,31,-5,2,-3,-13,7,-2,-3,30,46,25,4,sil
24.443923711776733,8,14,-20,20,6,0,4,-17,6,8,35,3,32,-16,sil
24.443923711776733,4,7,8,0,-2,-14,-15,-14,-27,-24,-4,5,-11,-9,sil
24.459002017974854,0,16,45,4,6,-1,-10,-6,-39,-29,-22,5,-31,-12,sil
24.4742238521576,-23,-4,-16,26,12,4,6,-32,-17,-3,-14,-43,-18,-33,sil
24.4742238521576,-27,-18,-22,-3,-10,0,0,-18,-23,-16,-32,-41,-37,-14,sil
24.48936915397644,-2,0,4,-11,-9,9,8,15,-1,-2,-27,-11,-29,10,sil
24.48936915397644,9,9,-6,6,11,10,19,19,28,18,0,-5,8,18,sil
24.504860639572144,4,1,-6,-2,6,5,11,18,20,-5,4,8,20,21,sil
24.504860639572144,5,-10,-9,-22,-8,3,10,21,17,-10,8,22,27,14,sil
24.52038550376892,9,-14,-11,-30,-9,-4,4,21,24,7,20,23,35,10,sil
24.52038550376892,8,4,0,-15,-2,-4,-3,6,12,1,25,15,22,0,sil
24.536266326904297,7,15,3,0,0,-7,-14,-13,-9,-14,21,2,4,-12,sil
24.536266326904297,7,7,9,0,-3,-16,-21,-11,-19,-15,16,5,0,-7,sil
24.551916360855103,0,3,13,5,-2,-9,-12,-12,-16,-4,2,1,-5,-3,sil
24.551916360855103,-12,0,5,15,-3,3,-5,-16,-24,-1,-24,-19,-22,-6,sil
24.567081451416016,-21,-4,-2,17,-6,15,5,0,-20,-2,-30,-28,-31,-9,sil
24.567081451416016,-20,-11,-9,12,3,24,23,7,-2,0,-24,-25,-30,-10,sil
24.58317518234253,-11,-10,-12,1,16,23,24,3,4,1,-29,-22,-24,-2,sil
24.58317518234253,-4,-2,-10,0,8,14,13,7,19,15,-16,-10,0,6,sil
24.59830045700073,-1,-4,-10,0,-4,-4,-3,15,33,27,11,4,18,7,sil
24.59830045700073,4,-7,-13,-14,-8,-27,-15,12,26,20,20,15,20,7,sil
24.613413333892822,15,5,-5,-12,-3,-32,-12,4,18,13,20,20,29,10,sil
24.613413333892822,27,14,14,5,7,-17,-10,0,9,10,30,26,39,12,sil
24.628565311431885,30,18,28,6,13,-4,-6,-6,-7,0,39,32,33,13,sil
24.628565311431885,18,20,21,0,5,-1,3,-15,-16,-6,31,22,10,0,sil
24.64436507225037,0,6,12,9,-1,0,3,-21,-21,-9,4,-4,-16,-17,sil
24.64436507225037,-17,-6,13,8,-3,6,-6,-20,-28,-17,-24,-15,-36,-20,sil
24.659892797470093,-24,-10,4,0,-2,12,0,-15,-17,-14,-35,-14,-38,-23,sil
24.659892797470093,-18,-14,-5,0,-1,11,13,-3,-5,-2,-33,-19,-31,-21,sil
24.67587852478028,-14,-17,-3,-3,-4,8,9,10,-4,2,-26,-17,-20,0,sil
24.67587852478028,-14,-17,-18,-15,-12,1,4,11,6,7,-11,-6,0,6,sil
24.69191145896912,-2,-18,-18,-27,-10,-3,0,12,16,1,-5,6,6,3,sil
24.69191145896912,11,-6,-1,-20,-3,0,-4,16,14,-6,-1,12,9,15,sil
24.707508087158203,15,10,0,3,-2,-2,-12,5,9,0,20,10,23,16,sil
24.707508087158203,11,16,0,9,0,-13,-20,0,0,-2,26,12,22,1,sil
24.723179817199707,0,11,-1,-1,9,-15,-9,-1,-10,-16,11,-2,2,-1,sil
24.723179817199707,-10,7,-1,-1,12,-11,-3,-12,-16,-22,0,-17,-12,0,sil
24.73853778839112,-6,3,7,17,9,0,-6,-9,-9,-9,-9,-14,-18,-1,sil
24.73853778839112,-4,-1,0,24,6,15,9,5,11,9,-13,-15,-9,-3,sil
24.754307985305783,-10,-6,-10,3,0,18,24,10,20,17,-12,-10,0,5,sil
24.754307985305783,-6,-9,-6,-5,-7,17,16,11,15,23,-11,0,1,16,sil
24.770045280456543,5,-10,-7,0,-10,9,2,12,9,20,-4,3,12,18,sil
24.770045280456543,25,1,-5,-4,-3,-1,-3,10,9,1,20,25,39,17,sil
24.78533840179444,39,22,14,2,9,0,1,4,11,2,45,49,51,18,sil
24.78533840179444,28,28,36,24,11,7,6,-5,-6,7,32,39,16,7,sil
24.80135703086853,11,20,30,23,6,3,2,-13,-29,-12,9,8,-18,-13,sil
24.80135703086853,0,11,7,12,9,1,0,-14,-22,-23,2,-6,-23,-23,sil
24.81740546226501,-18,1,-4,4,8,6,2,-6,-10,-10,-12,-14,-28,-18,sil
24.81740546226501,-28,-8,-9,-6,-5,6,12,0,0,10,-24,-19,-23,-13,sil
24.832990646362305,-13,-20,-18,-22,-11,0,13,0,14,17,-18,-15,-1,-2,sil
24.832990646362305,0,-18,-16,-22,-6,-9,0,2,19,0,-10,-8,5,6,sil
24.84849858283997,-4,-1,-11,-12,-8,-18,-14,2,14,-6,0,-4,4,2,sil
24.84849858283997,-8,2,-11,-17,-12,-24,-23,0,3,0,8,-2,8,-9,sil
24.8638653755188,-4,-10,-13,-20,-11,-23,-31,-8,-10,-10,3,-6,4,-25,sil
24.8638653755188,-7,-5,0,-6,-5,-26,-34,-16,-24,-25,0,-13,-11,-32,sil
24.8798885345459,-8,10,16,7,0,-21,-14,-7,-24,-10,2,-15,-15,-17,sil
24.8798885345459,-2,2,9,20,8,0,12,-1,-12,6,4,-19,-5,-4,sil
24.895145654678345,-8,-19,-3,5,8,9,7,-4,-12,-9,-18,-26,-21,-8,sil
24.895145654678345,-23,-23,-8,-16,0,8,5,2,-6,-7,-39,-26,-36,-10,sil
24.91180658340454,-14,-12,-17,-4,0,15,22,2,9,21,-25,-18,-13,0,sil
24.91180658340454,9,-5,1,-2,0,15,8,7,0,7,-13,8,-4,20,sil
24.925857543945312,15,3,30,-3,0,16,0,17,0,-7,-4,34,-1,31,sil
24.925857543945312,17,12,-1,26,9,15,22,9,35,26,18,18,28,22,sil
24.94188022613525,31,5,-11,13,2,0,15,12,31,29,15,20,33,34,sil
24.94188022613525,30,1,13,-19,-1,-1,-1,23,14,7,11,41,29,37,sil
24.9570426940918,15,6,0,0,9,-1,-2,2,19,0,30,29,35,8,sil
24.9570426940918,13,22,13,15,7,-8,-15,-12,-3,-18,24,30,15,1,sil
24.97220754623413,8,30,28,19,2,6,-4,1,-5,-1,23,27,11,1,sil
24.97220754623413,-9,9,-8,20,7,14,20,13,24,25,21,-10,17,-5,sil
24.988566637039185,-18,0,9,-4,3,10,8,10,0,-8,-12,-7,-17,4,sil
24.988566637039185,-18,1,22,4,0,28,2,-18,-23,-14,-17,-5,-27,-6,sil
25.00308871269226,-25,-11,-30,19,0,23,7,-34,-12,17,-10,-41,-13,-28,sil
25.01826238632202,-19,-21,-22,-18,-9,-6,0,0,-7,0,-26,-22,-15,1,sil
25.01826238632202,8,-7,-1,-22,-8,-12,-3,12,2,-10,8,19,16,21,sil
25.033931493759155,18,1,-13,0,0,-14,-23,-16,-5,-7,39,14,31,-6,sil
25.033931493759155,-3,1,0,-5,-5,-19,-37,-28,-35,-28,1,-10,-13,-29,sil
0.5873832702636719,12,32,20,21,24,10,4,0,-7,0,9,13,2,1,hello
0.5873832702636719,14,35,28,37,23,11,21,1,5,0,17,12,7,15,hello
0.6033196449279785,0,12,15,18,5,19,27,-9,0,0,0,-8,-2,2,hello
0.6033196449279785,-12,0,9,3,-1,20,17,-21,-17,13,-11,-16,-16,-11,hello
0.6199424266815186,-6,-1,12,17,6,17,17,-7,-6,23,-4,-8,-12,-3,hello
0.6199424266815186,-1,-12,6,12,2,23,21,10,15,15,-7,-12,-5,7,hello
0.635040283203125,-5,-13,-4,0,0,25,21,18,24,10,-21,-18,-12,6,hello
0.635040283203125,-7,-7,-10,11,8,14,21,21,30,19,-22,-16,-8,1,hello
0.6505920886993408,-5,-15,-3,10,4,1,8,19,27,21,-10,-5,11,5,hello
0.6505920886993408,1,-17,-1,-8,-6,-5,-12,5,11,2,1,8,20,11,hello
0.6657567024230957,14,-3,-12,-8,-4,-16,-18,-1,5,-11,6,19,15,9,hello
0.6657567024230957,21,1,-6,-3,0,-19,-8,2,2,-12,11,21,16,4,hello
0.6810770034790039,16,-6,-1,-13,-4,-12,-6,4,1,-8,19,18,19,4,hello
0.6810770034790039,9,-3,-11,-22,-8,-12,-19,0,1,-5,21,17,17,5,hello
0.6971096992492676,8,7,-11,-13,-2,-18,-27,0,-5,-3,17,16,16,0,hello
0.6971096992492676,1,10,7,0,0,-9,-15,-12,-17,-6,11,8,7,-5,hello
0.7126843929290771,-6,4,16,0,-2,5,0,-24,-22,-14,-8,-7,-18,-8,hello
0.7126843929290771,-16,-11,-6,-2,-9,3,6,-18,-16,-9,-28,-23,-34,-14,hello
0.7287566661834717,-28,-21,-17,-5,-10,-1,4,-17,-16,-2,-30,-26,-28,-19,hello
0.7287566661834717,-22,-5,8,-6,-2,5,1,-17,-29,-12,-21,-25,-30,-16,hello
0.7440779209136963,-5,-2,4,2,0,11,11,-3,-12,-4,-10,-24,-24,-8,hello
0.7440779209136963,-1,-21,-16,0,0,6,17,16,20,18,-6,-5,-1,2,hello
0.7602112293243408,-6,-13,0,-12,3,2,7,30,29,22,-2,12,5,9,hello
0.7602112293243408,-9,10,-2,-3,-4,0,6,19,29,12,2,-1,3,2,hello
0.7758550643920898,-6,10,-18,0,-18,-8,0,0,17,-1,-6,-10,0,0,hello
0.7758550643920898,9,9,4,0,0,-10,-13,0,0,-4,0,9,8,6,hello
0.7910754680633545,19,15,14,10,29,-7,-11,6,4,5,37,28,33,7,hello
0.7910754680633545,20,11,5,-1,13,-11,-8,6,1,-1,41,31,38,9,hello
0.8062911033630371,14,15,7,-7,-6,-8,-14,-5,-21,-14,17,23,16,2,hello
0.8062911033630371,7,23,3,16,3,0,-14,-23,-35,-22,7,0,-5,-12,hello
0.8223223686218262,2,12,8,22,5,0,-12,-16,-42,-37,-4,-14,-23,-11,hello
0.8223223686218262,0,10,20,18,0,11,4,-1,-15,-18,-13,-6,-21,-6,hello
0.8383204936981201,-1,12,16,25,5,18,22,0,15,12,-14,-3,-11,-3,hello
0.8383204936981201,-10,-1,4,12,1,11,18,-2,3,8,-26,-13,-19,3,hello
0.8529982566833496,-20,-19,-16,0,-1,12,14,2,7,14,-23,-22,-17,2,hello
0.8529982566833496,-9,-18,-20,-2,-3,12,12,12,30,28,-5,-7,4,4,hello
0.8690893650054932,3,-7,1,-5,-2,8,9,14,27,24,5,9,20,14,hello
0.8690893650054932,4,-10,-7,-10,-3,1,10,10,18,27,12,3,22,16,hello
0.8847718238830566,5,-20,-15,-23,-11,-12,-1,14,8,17,4,2,12,10,hello
0.8847718238830566,4,-18,-2,-20,-9,-19,-10,7,0,-5,0,6,4,-4,hello
0.8997838497161865,1,-10,-15,-1,3,-14,-5,-8,7,-1,12,-1,8,-11,hello
0.8997838497161865,10,0,-1,-4,0,-13,-17,-1,0,0,24,15,11,2,hello
0.9156887531280518,23,13,28,0,0,-13,-22,2,-8,-11,25,29,14,2,hello
0.9156887531280518,13,11,1,18,8,-4,-7,-22,-9,-11,10,-4,3,-17,hello
0.9310650825500488,-11,-2,-16,-2,2,0,-13,-28,-36,-26,-22,-26,-23,-16,hello
0.9310650825500488,-19,0,0,-14,0,4,-9,-13,-43,-33,-30,-22,-28,-6,hello
0.946418285369873,-10,3,1,6,2,14,18,-5,-10,-9,-15,-24,-15,-5,hello
0.946418285369873,-11,-11,-7,0,-3,22,25,12,8,2,-13,-17,-13,0,hello
0.9620571136474608,-11,-16,-17,-14,-7,14,12,22,27,8,-9,-1,0,8,hello
0.9620571136474608,0,-3,-13,-12,-2,-1,0,12,28,5,-3,12,14,10,hello
0.9770665168762208,0,1,6,-13,0,-8,-18,1,0,-13,2,19,6,-1,hello
0.9770665168762208,-7,8,11,0,3,-3,-18,-17,-19,-17,12,8,-8,-18,hello
0.993088960647583,-8,14,9,9,2,3,2,-18,-17,0,0,-2,-20,-9,hello
0.993088960647583,-10,4,12,3,0,9,16,3,2,20,-14,-5,-18,8,hello
1.0086290836334229,-6,-9,6,0,0,2,14,17,33,34,5,3,3,17,hello
1.0086290836334229,14,0,9,5,0,-9,4,17,32,32,25,27,30,22,hello
1.023883819580078,25,18,18,6,-4,-18,-10,1,-1,3,19,29,25,9,hello
1.023883819580078,14,24,12,10,1,-14,-11,-14,-23,-25,6,-2,-5,-10,hello
1.039853572845459,0,17,5,19,14,4,13,-1,-12,-12,-4,-15,-16,-3,hello
1.039853572845459,2,3,1,18,15,16,26,21,23,25,-4,3,12,17,hello
1.0545499324798584,20,-1,-11,5,0,2,5,18,39,22,17,14,47,8,sil
1.0699315071105957,24,13,-1,-4,-10,-16,-23,-5,-1,-15,27,17,23,-9,sil
1.0699315071105957,11,18,17,1,0,-13,-20,-19,-42,-30,-2,7,-42,-1,sil
1.0849659442901611,0,3,0,20,12,6,9,-15,-29,-8,-28,-23,-43,7,sil
1.0849659442901611,-14,-8,-14,4,-2,19,21,-4,-7,10,-25,-32,9,-7,sil
1.1005597114562988,-22,-13,-18,-16,-18,13,11,-1,1,11,-17,-26,11,-22,sil
1.1005597114562988,-12,-13,-27,-4,6,0,5,-4,12,7,-9,-24,-9,-11,sil
1.1161201000213623,-7,-18,-16,-7,25,-4,-6,5,5,1,0,0,6,4,sil
1.1161201000213623,-8,-29,-3,-29,0,-7,-22,13,-4,-7,11,23,23,5,sil
1.1312708854675293,0,-18,-8,-21,-18,-10,-21,-3,-7,-28,18,17,10,-3,sil
1.1312708854675293,6,10,3,2,-6,-8,-13,-10,-11,-23,13,9,-7,-2,sil
1.1469533443450928,1,10,23,15,-9,1,-3,-1,-6,12,0,7,-27,3,sil
1.1469533443450928,-5,-9,14,17,-13,8,1,0,1,15,-16,-9,-31,0,sil
1.1627564430236816,-17,-7,-6,10,4,10,0,-6,0,-5,-23,-24,-6,-9,sil
1.1627564430236816,-25,-2,-14,0,10,17,9,0,6,7,-11,-14,4,-5,sil
1.1778860092163086,-11,-12,-5,-2,5,18,30,21,30,30,0,-2,0,9,sil
1.1778860092163086,3,-8,-6,-1,7,3,21,24,34,17,0,-3,7,11,sil
1.193063735961914,0,-12,-25,-28,-23,-12,-5,4,8,-11,-4,-8,3,-5,sil
1.193063735961914,-5,-24,-24,-46,-48,-18,-11,-4,-8,-19,-6,-1,-1,-6,sil
1.2081899642944336,12,7,4,-17,-7,-17,-8,0,-5,-11,10,21,18,8,sil
1.2081899642944336,28,42,17,6,16,-15,-17,-4,-14,-17,24,26,18,0,sil
1.2237985134124756,17,28,10,5,1,-14,-19,-13,-28,-22,16,6,-3,-20,sil
1.2237985134124756,6,10,16,11,16,-9,-4,-14,-19,-10,15,3,-1,-9,sil
1.2390806674957275,15,17,27,15,24,-9,-5,-12,-9,-4,16,7,2,4,sil
1.2390806674957275,15,14,28,16,1,-4,-15,-11,-15,-5,2,2,-3,-3,sil
1.254641056060791,5,4,23,28,11,12,-2,-3,-8,9,-1,0,-3,-4,sil
1.254641056060791,0,2,15,26,20,20,17,3,8,21,0,0,-6,4,sil
1.270029067993164,-10,0,0,7,4,14,19,5,11,12,-9,-4,-10,4,sil
1.270029067993164,-10,-1,-1,8,0,14,14,7,7,5,-11,-5,0,10,sil
1.2852702140808103,0,3,16,18,5,26,22,11,16,23,1,5,11,26,sil
1.2852702140808103,0,-4,6,6,4,30,36,16,30,45,1,4,16,30,sil
1.3009881973266602,-6,-25,-25,-16,-6,8,27,13,29,28,-13,-6,10,15,sil
1.3014278411865234,-6,-28,-25,-27,-16,-12,1,6,22,-3,-18,-3,0,11,sil
1.316722393035889,0,-11,-17,-16,-11,-15,-6,5,23,-1,-9,5,4,16,sil
1.316722393035889,0,0,-23,-9,-11,-21,-16,-1,4,2,-2,12,5,6,sil
1.3317978382110596,-4,6,-15,-18,-16,-27,-34,-4,-22,-11,7,17,2,-10,sil
1.3317978382110596,0,5,-14,-18,-7,-18,-29,-3,-14,-14,14,2,3,-16,sil
1.3478598594665527,9,-1,-15,-13,-2,-13,-21,-7,-5,-21,1,-6,-4,-17,sil
1.3478598594665527,0,2,-6,-2,-5,-12,-19,-9,-15,-26,0,0,-9,-27,sil
1.363032341003418,-16,14,0,7,0,-3,-9,-17,-23,-17,12,-6,-11,-34,sil
1.363032341003418,-13,14,5,6,5,1,-2,-18,-33,-30,0,-24,-29,-30,sil
1.3790481090545654,-5,9,11,13,10,8,5,-7,-27,-30,-16,-26,-34,-25,sil
1.3790481090545654,-19,1,10,16,15,23,27,-2,-12,-6,-18,-23,-27,-18,sil
1.3947041034698486,-19,-8,11,6,14,31,43,0,-8,0,-20,-22,-22,-4,sil
1.3947041034698486,7,0,16,16,17,28,41,10,11,14,-6,-8,4,13,sil
1.4098896980285645,18,2,12,28,15,21,22,22,35,41,11,11,28,29,sil
1.4098896980285645,3,-18,-5,7,0,5,-3,15,24,35,6,11,17,23,sil
1.4257831573486328,0,-29,-15,-20,-11,-14,-20,-1,4,11,-3,4,7,8,sil
1.4257831573486328,9,-13,-7,-22,-11,-22,-22,-2,2,0,2,8,18,7,sil
1.4419941902160645,8,-1,-3,-13,0,-18,-20,0,0,-6,17,18,32,9,sil
1.4419941902160645,9,-3,-3,-19,-8,-20,-26,-2,-12,-8,19,26,32,7,sil
1.457639217376709,18,2,8,-16,-38,-23,-31,-7,-22,-10,15,21,20,6,sil
1.457639217376709,14,20,17,2,-25,-14,-19,-9,-16,-21,11,8,2,0,sil
1.4733057022094729,-2,19,13,10,20,-3,-4,0,-5,-14,0,-5,-10,-4,sil
1.4733057022094729,-12,3,10,16,20,12,14,12,11,16,-7,-17,-14,1,sil
1.489058494567871,-12,-2,3,22,-3,29,34,11,32,31,-7,-24,-17,4,sil
1.489058494567871,-11,-5,-15,0,-4,15,21,10,30,20,-14,-20,-21,3,sil
1.5047519207000732,-10,-9,-26,-32,-3,-8,-5,10,12,3,-15,-4,-7,0,sil
1.5047519207000732,3,-2,-9,-22,0,-7,-1,2,7,-2,5,10,12,-3,sil
1.5199825763702393,19,19,13,11,11,3,7,-8,1,-1,18,19,9,-1,sil
1.5199825763702393,10,29,22,26,11,6,-3,-18,-13,-3,12,19,-4,-2,sil
1.5350947380065918,0,15,14,21,5,5,-5,-23,-16,-9,3,6,-12,-4,sil
1.550116777420044,-2,0,9,12,6,11,12,-12,-5,-2,-7,-2,-13,0,sil
1.550116777420044,-10,-14,-3,2,9,17,27,7,3,13,-13,-6,-7,0,sil
1.5654120445251465,-14,-21,-18,-9,1,3,19,15,12,15,-8,-7,1,5,sil
1.5654120445251465,-2,-13,-11,-19,-7,-12,2,18,15,8,0,4,9,18,sil
1.5807216167449951,16,-3,-5,-8,-3,-10,0,18,16,11,11,17,23,15,sil
1.5807216167449951,18,-3,-2,-5,0,-12,-9,1,3,-1,16,21,23,0,sil
1.596325159072876,4,-7,-1,-18,-9,-24,-33,-17,-23,-29,3,10,0,-16,sil
1.596325159072876,-5,0,-8,-8,-16,-21,-28,-24,-27,-32,-3,-9,-14,-26,sil
1.6121063232421875,-8,13,1,7,-2,-10,-7,-13,-19,-24,-8,-11,-15,-18,sil
1.6121063232421875,-9,16,13,9,10,1,0,0,-20,-17,-13,-10,-18,-12,sil
1.627741813659668,-13,3,4,14,9,18,4,-4,-15,-7,-10,-23,-19,-13,sil
1.627741813659668,-15,-10,-1,20,0,19,7,-4,-8,-2,-19,-31,-16,-8,sil
1.642894983291626,-12,-11,-3,16,-8,6,4,3,-5,0,-36,-30,-15,-7,sil
1.642894983291626,0,-2,-5,5,-7,13,6,9,5,9,-26,-15,-9,-2,sil
1.6580584049224854,13,-1,-4,4,5,27,17,11,24,23,6,6,12,17,sil
1.6580584049224854,12,-3,0,4,10,12,15,6,21,20,13,13,24,22,sil
1.673030138015747,8,2,1,-6,0,-12,0,4,1,0,1,7,12,12,sil
1.673030138015747,11,5,0,-17,-8,-19,-11,4,2,-4,14,11,15,11,sil
1.6880786418914795,8,1,0,-16,-3,-19,-20,-1,4,-1,29,20,26,7,sil
1.6880786418914795,0,5,-2,-15,3,-18,-23,-3,-9,-3,26,15,17,-2,sil
1.7036609649658203,-2,6,-5,-30,0,-9,-7,0,-10,0,26,5,4,-2,sil
1.7036609649658203,5,6,13,-25,-2,0,2,0,-1,-1,19,7,4,4,sil
1.718834638595581,8,17,29,22,9,6,0,-9,-5,-1,1,3,-5,2,sil
1.718834638595581,-14,14,12,42,10,14,6,-11,-10,11,-3,-9,-27,-6,sil
1.7349536418914795,-29,-9,-9,8,-4,14,19,3,4,26,-5,-16,-22,-6,sil
1.7349536418914795,-13,-19,-17,-7,-8,7,16,10,22,23,-9,-10,0,0,sil
1.7500057220458984,0,-13,-18,-5,-1,0,3,4,18,8,-9,4,4,3,sil
1.7500057220458984,0,-11,-14,-3,-1,-1,0,9,22,9,-6,7,3,6,sil
1.7659003734588623,3,-13,-10,-5,-1,0,0,16,35,20,-2,0,18,7,sil
1.7659003734588623,13,-8,-6,-11,0,-5,-5,8,25,9,6,5,22,5,sil
1.7819831371307373,20,2,5,0,0,-12,-9,-5,3,-12,19,24,16,4,sil
1.7819831371307373,19,10,17,13,1,-9,-8,-8,-3,-22,17,20,8,1,sil
1.7975153923034668,14,15,16,5,10,-2,-8,-6,-11,-29,-2,0,-6,-6,sil
1.7975153923034668,5,16,17,4,8,2,-8,-16,-28,-30,-16,-5,-23,-16,sil
1.8130686283111568,-10,0,15,8,0,9,0,-24,-38,-22,-20,-12,-38,-19,sil
1.8130686283111568,-21,-12,1,8,0,17,18,-16,-31,-13,-28,-30,-40,-14,sil
1.8287570476531985,-19,-3,-6,12,2,22,29,0,-16,-3,-36,-36,-25,-9,sil
1.8287570476531985,-15,-7,0,0,-5,19,21,15,-7,6,-30,-18,-13,1,sil
1.8445730209350584,-13,-21,-7,-16,-11,2,13,12,-3,11,-15,-5,-5,9,sil
1.8445730209350584,-6,-19,-24,-12,-7,-20,2,1,2,8,-7,-6,8,9,sil
1.8600928783416748,8,-2,-14,-8,-3,-22,-10,8,13,4,1,8,21,13,sil
1.8600928783416748,15,2,-1,-13,0,-8,-10,13,17,7,19,22,32,13,sil
1.875828504562378,12,2,-5,-10,-6,-15,-16,0,3,-3,26,13,30,3,sil
1.875828504562378,11,11,1,-3,-15,-29,-32,-10,-9,-23,23,15,18,-5,sil
1.890970230102539,12,15,7,2,-6,-23,-34,-5,-7,-17,30,18,16,-12,sil
1.890970230102539,2,15,5,6,3,-9,-26,-4,-14,-3,29,8,4,-14,sil
1.906285047531128,-3,24,17,15,11,4,-7,-9,-20,-1,18,8,-9,-3,sil
1.906285047531128,3,28,22,31,18,19,9,-6,-2,8,11,6,-3,6,sil
1.922569990158081,9,23,30,36,18,23,8,6,12,22,7,5,1,11,sil
1.922569990158081,6,18,33,39,19,26,21,10,22,33,12,11,2,13,sil
1.937204122543335,-1,6,3,31,8,23,43,4,35,41,7,2,6,15,sil
1.937204122543335,-12,-14,-15,-11,-8,10,24,17,36,26,-15,0,0,19,sil
1.953202486038208,-8,-26,-24,-40,-6,-1,0,23,32,9,-17,0,3,3,sil
1.953202486038208,0,-15,-36,-30,2,-14,-8,-8,12,-6,0,-9,5,-21,sil
1.9682977199554443,-5,-3,-19,-24,-1,-17,-17,-22,-19,-29,-10,-18,-14,-18,sil
1.9682977199554443,-23,-18,-16,-23,-6,0,-10,-13,-24,-23,-30,-32,-28,-12,sil
1.985103130340576,-33,-29,-27,-19,-7,6,-2,-19,-27,-11,-39,-45,-34,-25,sil
1.985103130340576,-23,-16,-13,-16,-13,1,-1,-14,-34,-17,-36,-34,-35,-18,sil
2.0086803436279297,-7,-20,-8,-23,-9,7,14,7,-4,0,-24,-16,-14,5,sil
2.0086803436279297,2,-33,-21,-41,-1,15,25,18,22,24,-9,-9,1,16,sil
2.0086803436279297,9,-16,-15,-26,0,10,22,17,24,23,6,-1,13,18,sil
2.0300984382629395,14,2,2,0,0,-1,11,16,14,0,14,12,23,18,sil
2.0300984382629395,17,-2,9,-2,-5,-16,-11,9,-1,-25,12,24,16,1,sil
2.045718193054199,22,-2,8,4,-3,-26,-30,-7,-10,-28,20,28,11,-11,sil
2.045718193054199,23,15,23,32,4,-23,-31,-8,-10,-14,28,29,13,0,sil
2.061820268630981,20,33,45,47,6,-11,-22,-1,-11,-8,23,29,8,0,sil
2.061820268630981,12,38,41,52,6,-4,-11,-15,-17,-17,18,23,1,-13,sil
2.0771713256835938,0,28,26,46,8,-2,0,-19,-23,-24,4,11,-4,-11,sil
2.0771713256835938,-13,16,19,30,6,8,7,-9,-18,-9,-9,-6,-17,-6,sil
2.0930097103118896,-15,9,10,19,6,18,15,0,-1,13,-11,-18,-17,-4,sil
2.0930097103118896,-4,4,0,8,0,16,17,13,18,29,-9,-7,1,12,sil
2.109025478363037,2,0,-7,-13,-7,4,7,20,28,30,-2,15,22,24,sil
2.109025478363037,11,2,-8,-19,-4,-6,-2,16,25,21,19,23,35,16,sil
2.1242034435272217,16,9,3,-2,0,-7,-4,5,4,9,28,16,24,9,sil
2.1242034435272217,-1,5,7,3,3,6,0,-6,-16,4,8,0,-3,0,sil
2.14024305343628,-18,-12,-16,-2,5,18,13,-8,-1,10,-12,-21,-18,-7,sil
2.14024305343628,-17,-20,-25,-17,-3,12,18,2,18,6,-25,-26,-16,2,sil
2.1561942100524902,-10,-20,-17,-28,-11,-4,0,4,9,-8,-20,-10,-1,4,sil
2.1561942100524902,1,-13,-17,-21,0,-10,-6,-12,0,-4,10,4,18,-3,sil
2.1718008518218994,7,0,-4,-12,6,0,-5,-19,-9,-6,18,5,3,-7,sil
2.1718008518218994,-14,0,0,-8,0,4,-15,-16,-34,-24,-19,-23,-33,-21,sil
2.1868484020233154,-32,-10,-15,3,0,10,-6,-15,-28,-12,-40,-46,-39,-26,sil
2.1868484020233154,-12,-15,-12,6,4,14,20,3,16,22,-14,-20,-12,3,sil
2.2023825645446777,9,-11,-4,-7,-3,-1,13,25,40,28,9,4,10,21,sil
2.2023825645446777,6,-5,-15,-18,-9,-24,-12,20,23,7,6,5,14,5,sil
2.218290567398072,2,0,-12,-14,-8,-29,-14,9,8,0,1,10,5,-5,sil
2.218290567398072,9,1,0,-9,-9,-21,-11,2,2,-7,9,20,0,-2,sil
2.232942581176758,9,0,-5,-15,-9,-15,-18,-1,-15,-28,16,18,4,-1,sil
2.232942581176758,6,9,-1,-12,0,-9,-14,-5,-30,-35,14,13,5,0,sil
2.2484755516052246,17,25,31,10,15,7,-3,0,-17,-15,13,20,5,3,sil
2.2484755516052246,26,27,48,30,25,20,5,4,0,4,15,24,6,6,sil
2.2640769481658936,13,18,22,31,17,15,18,-7,3,7,12,12,6,4,sil
2.2640769481658936,-1,8,2,21,2,9,20,-11,-7,0,-5,-8,-6,4,sil
2.2802720069885254,-5,4,11,17,0,14,13,1,-13,-6,-29,-18,-25,0,sil
2.2802720069885254,-14,-2,5,21,0,12,9,-1,-1,3,-28,-26,-18,-16,sil
2.295757293701172,-17,-18,-6,12,-11,5,8,-5,1,10,-22,-33,-7,-15,sil
2.295757293701172,-15,-23,-6,-5,-14,7,12,4,-1,14,-26,-26,-11,1,sil
2.311040163040161,-19,-24,-23,-12,-4,-2,12,1,7,16,-17,-23,-4,-1,sil
2.311040163040161,-18,-26,-33,-21,-10,-20,-3,0,11,-8,-10,-18,5,-7,sil
2.3261823654174805,-3,-19,-12,-26,-12,-12,-12,13,13,-12,-9,2,16,4,sil
2.3261823654174805,7,-11,-4,-12,-5,0,-6,17,26,21,12,20,30,11,sil
2.341780185699463,2,-7,-6,-8,-10,-4,-14,2,17,12,32,24,24,3,sil
2.341780185699463,-9,0,-1,-19,-7,-9,-27,-9,-4,-21,17,15,4,-8,sil
2.357641220092773,1,12,4,-10,7,-6,-21,-6,-4,-6,14,22,5,-3,sil
2.357641220092773,28,29,21,11,20,6,-4,1,4,15,40,43,19,16,sil
2.3728015422821045,36,40,22,32,25,12,8,0,11,8,46,33,19,16,sil
2.3728015422821045,27,40,26,31,17,0,2,-6,-1,2,24,14,6,12,sil
2.38885235786438,23,36,44,22,9,0,-4,-3,-17,4,19,22,1,17,sil
2.38885235786438,13,24,26,24,14,10,3,-10,-19,0,13,8,-5,7,sil
2.404093027114868,-14,3,0,12,8,6,6,-14,-28,-18,-23,-28,-30,-8,sil
2.404093027114868,-27,-12,-12,1,-3,4,8,-1,-26,-10,-37,-43,-31,-6,sil
2.4201436042785645,-9,-17,-16,0,-2,3,12,4,-9,13,-19,-25,-12,2,sil
2.4201436042785645,-1,-11,-4,-11,-4,2,3,3,-6,9,-27,-7,-17,0,sil
2.436182737350464,-14,-8,-17,-5,-6,9,13,0,13,10,-28,-19,-13,-10,sil
2.436182737350464,-18,-20,-35,-6,-7,2,24,0,25,19,-10,-22,-1,-6,sil
2.451740026473999,-10,-30,-22,-36,-17,-19,3,4,0,-9,-16,-4,-6,-2,sil
2.451740026473999,-5,-26,-25,-38,-24,-22,-8,2,-2,-29,-14,-5,0,-18,sil
2.467111110687256,-3,-22,-22,-24,-18,-16,-4,13,16,-13,0,0,8,-12,sil
2.467111110687256,-3,-21,-5,-31,-12,-14,-7,17,13,-4,-1,10,1,0,sil
2.482959032058716,-4,-13,-14,-24,-4,-10,-14,-2,8,-15,-3,0,0,-13,sil
2.482959032058716,5,4,-3,-7,3,-5,-14,-2,3,-21,8,2,5,-9,sil
2.4990127086639404,8,20,21,5,9,0,-7,10,-2,-6,16,10,5,0,sil
2.4990127086639404,-3,17,9,13,8,2,-5,-1,-4,-1,2,-4,-5,-10,sil
2.5146617889404297,-6,14,6,14,2,7,-8,-13,-7,-7,0,-7,-9,-9,sil
2.5146617889404297,0,17,28,21,3,15,-7,-14,-12,0,8,1,-2,1,sil
2.5300991535186768,1,9,30,33,14,20,1,-8,-11,6,-2,-1,-5,4,hello
2.5300991535186768,5,8,17,36,19,22,20,0,4,14,-5,-2,1,13,hello
2.545290231704712,2,10,7,24,11,20,21,-5,14,27,11,3,16,20,hello
2.545290231704712,-5,-5,0,9,1,9,6,-5,5,30,8,2,11,16,hello
2.5610945224761963,2,-8,0,3,-1,2,5,10,3,32,1,8,14,20,hello
2.561455726623535,17,4,-1,3,-3,3,13,16,9,30,15,13,23,24,hello
2.576185464859009,11,-1,-12,2,-5,-3,6,6,6,8,13,5,17,16,hello
2.576185464859009,0,-13,-14,-7,-4,-17,-9,3,5,-12,0,2,13,8,hello
2.5916967391967773,-2,-12,-14,-25,-11,-24,-26,2,2,-18,0,2,9,-3,hello
2.5916967391967773,0,-6,-17,-22,-14,-23,-30,-5,-5,-19,7,0,0,-15,hello
2.606797218322754,11,4,-3,-1,0,-21,-16,0,-9,-13,13,4,6,-11,hello
2.6228842735290527,20,21,17,-1,5,-17,-6,4,-14,-8,17,15,5,-1,hello
2.6228842735290527,13,31,18,-5,-2,-9,-5,-9,-19,-15,18,18,-7,-3,hello
2.6228842735290527,7,19,9,6,-3,-11,-6,-18,-18,-16,8,8,-10,-12,hello
2.63836669921875,0,0,16,5,2,-2,-8,-9,-22,-15,-12,-3,-23,-14,hello
2.63836669921875,-9,-6,19,1,9,30,14,-4,-13,-10,-16,-2,-30,-12,hello
2.654357433319092,-7,-2,2,9,9,39,42,-3,14,10,-5,-6,-12,-5,hello
2.6698904037475586,-13,-4,-1,0,3,17,23,0,11,14,-21,-20,-17,-5,hello
2.6698904037475586,-22,-6,-4,-3,4,13,8,5,-4,0,-40,-27,-35,-15,hello
2.6698904037475586,-7,0,-10,12,9,17,29,8,7,5,-25,-13,-21,-2,hello
2.685844898223877,0,-5,-8,3,-1,9,26,16,21,15,-16,-2,-2,22,hello
2.685844898223877,-19,-28,-23,-20,-15,2,3,10,24,8,-19,-15,6,12,hello
2.70103120803833,-26,-29,-37,-27,-10,-11,-10,1,27,-1,-12,-17,16,0,hello
2.71704626083374,-14,-17,-21,-26,-3,-25,-19,8,22,0,-4,-5,16,7,hello
2.71704626083374,-1,-17,-12,-22,-12,-21,-25,2,10,5,3,-5,13,0,hello
2.7326340675354004,9,-11,-4,-16,-10,-12,-26,-5,-6,-6,15,9,16,-7,hello
2.7326340675354004,20,11,20,0,6,-4,-14,0,-21,-17,20,30,15,1,hello
2.747718334197998,23,30,24,24,15,0,-2,-12,-23,-9,24,22,13,-1,hello
2.747718334197998,22,39,21,34,10,-5,-13,-20,-30,-12,23,10,0,-9,hello
2.763155221939087,10,34,24,27,2,0,-18,-10,-32,-11,9,0,-16,-8,hello
2.763155221939087,-8,0,-1,10,0,14,0,-6,-6,14,0,-21,-17,-7,hello
2.778684377670288,-4,-20,-14,-3,0,8,16,6,18,25,0,-23,-7,7,hello
2.778684377670288,0,-8,1,4,-3,4,26,20,25,20,-1,-1,-2,20,hello
2.793955087661743,-20,-12,-7,8,-9,12,27,6,17,22,-13,-10,-7,5,hello
2.793955087661743,-27,-23,-23,-14,-11,6,6,0,6,7,-22,-18,-8,0,hello
2.809113025665283,-5,-15,-10,-23,-10,-9,-7,5,10,-4,0,6,12,1,hello
2.809113025665283,8,0,0,-7,-7,-13,-6,3,11,-1,24,24,31,-2,hello
2.824786424636841,11,13,5,0,2,-2,-6,1,-1,-6,19,27,27,1,hello
2.824786424636841,25,21,14,5,13,1,-6,6,2,-5,18,32,32,9,hello
2.841146469116211,27,19,14,11,8,-13,-11,-2,4,0,27,32,37,5,hello
2.841146469116211,9,19,14,11,0,-24,-17,-15,-21,-9,14,18,14,-4,hello
2.856620073318481,6,21,13,19,4,-5,-8,-8,-28,-15,0,3,-4,-6,hello
2.856620073318481,14,17,23,32,15,23,8,1,-6,-4,5,3,3,7,hello
2.8716509342193604,4,9,29,32,19,26,15,-2,-6,1,3,0,1,17,hello
2.8716509342193604,-8,0,11,17,11,15,15,-11,-16,3,-13,-17,-22,3,hello
2.8876664638519287,-11,-12,-6,-2,0,12,15,-7,-9,4,-32,-27,-33,-10,hello
2.8876664638519287,-16,-26,-22,-18,-6,4,10,0,-1,-4,-47,-37,-33,-14,hello
2.903360366821289,-19,-32,-35,-27,-10,-3,1,0,0,-11,-45,-35,-35,-13,hello
2.903360366821289,-7,-26,-31,-32,-11,-3,0,8,12,0,-16,-9,-21,-1,hello
2.9189817905426025,-3,-18,-27,-39,-13,-15,-4,16,21,5,3,1,-2,5,hello
2.9189817905426025,-13,-17,-25,-50,-20,-28,-22,10,9,-14,-4,-8,-17,-8,hello
2.934673547744751,-11,-11,-14,-42,-18,-21,-23,0,1,-17,-7,-5,-31,-20,hello
2.934673547744751,-2,11,1,-9,1,-5,0,-5,8,4,12,2,-26,-8,hello
2.949747323989868,-3,26,17,18,13,10,10,-6,-1,6,15,1,-43,0,hello
2.949747323989868,-6,11,22,28,4,18,0,-11,-17,-2,-2,-5,-53,-2,hello
4.381182432174683,-8,-10,-10,-15,-3,-23,-21,-3,-14,-25,3,1,0,-14,hello
4.38153886795044,-6,16,-2,7,0,-11,-14,-11,-13,-21,10,-4,-4,-14,hello
4.396204233169556,-18,13,-4,11,5,15,1,-9,-15,-5,-17,-24,-28,-7,hello
4.396204233169556,-37,-17,-18,-2,0,17,14,-3,-13,3,-40,-37,-37,-12,hello
4.411735534667969,-21,-26,-27,-9,-9,2,9,3,0,6,-28,-21,-14,-2,hello
4.411735534667969,10,0,-4,-7,-5,-3,-7,11,15,18,11,16,17,20,hello
4.427757978439331,20,19,7,0,-3,-7,-12,14,21,31,40,35,42,20,hello
4.427757978439331,19,15,7,-3,-5,-12,-7,10,17,18,36,33,43,9,hello
4.443413972854614,19,13,14,-8,-3,-14,-11,3,4,0,28,27,26,6,hello
4.443413972854614,6,10,5,-4,-9,-20,-21,-9,-9,0,16,5,5,-5,hello
4.458512783050537,-2,16,6,3,-6,-16,-16,-8,-19,-6,3,-3,-3,-9,hello
4.474088668823242,13,36,31,27,20,6,10,7,0,-7,16,17,15,14,hello
4.474088668823242,21,28,30,36,23,17,19,1,11,5,20,20,20,17,hello
4.489142179489136,1,0,9,14,0,9,7,-11,-8,6,-10,-11,-11,-6,hello
4.489142179489136,-8,-12,0,4,-2,17,20,3,-2,5,-15,-27,-16,0,hello
4.504228830337524,0,-26,-3,-10,-2,30,37,24,26,21,-1,-13,1,23,hello
4.504228830337524,-7,-45,-13,-37,-15,22,26,17,23,29,-25,-14,-14,11,hello
4.519761562347412,-16,-36,-19,-18,-10,3,9,0,10,10,-47,-23,-31,-6,hello
4.519761562347412,0,-16,-14,4,0,-6,-5,-8,5,-13,-19,-1,-8,-5,hello
4.535118103027344,16,-8,-8,-6,0,-13,-16,-14,-5,-22,15,17,14,-6,hello
4.535118103027344,4,-9,-6,-23,0,-23,-17,-15,-18,-26,8,9,12,-13,hello
4.5502541065216064,0,-12,-6,-18,5,-27,-18,0,-14,-22,-12,3,1,-14,hello
4.5502541065216064,8,4,3,0,5,-17,-20,3,-5,-15,0,7,-2,-11,hello
4.565894842147827,0,30,11,8,4,-5,-22,-5,-10,-25,11,6,-6,-10,hello
4.565894842147827,-11,27,1,-1,2,-1,-20,-8,-13,-27,0,2,-12,-12,hello
4.581143379211426,-4,12,1,-3,2,0,-8,-7,-4,-5,-7,0,-15,-10,hello
4.581143379211426,-3,7,8,9,0,0,-3,-9,-7,3,-2,-7,-14,-2,hello
4.5961081981658936,-22,2,-3,9,-3,5,-6,-11,-18,2,-10,-23,-17,-7,hello
4.5961081981658936,-27,-1,-1,1,0,19,3,-5,-17,2,-20,-18,-24,-12,hello
4.611729621887207,-11,3,15,18,5,29,26,-2,-8,2,-8,-9,-15,-3,hello
4.611729621887207,0,4,-3,33,4,23,26,-11,-7,4,3,-19,0,0,hello
4.627813816070557,0,-6,-13,8,-2,4,7,3,-6,0,-2,-9,2,10,hello
4.627813816070557,0,-2,6,0,-4,3,19,33,22,14,4,21,20,31,hello
4.643050670623779,11,9,6,25,4,17,46,34,55,45,28,23,46,34,hello
4.643050670623779,27,12,2,16,3,11,33,29,47,48,26,18,42,32,hello
4.658099889755249,30,9,5,-8,-3,-10,1,27,31,31,18,31,38,32,hello
4.658099889755249,26,0,-7,-12,-3,-28,-16,6,22,19,29,30,43,17,hello
4.673337936401367,19,0,-7,-14,-5,-28,-30,-8,2,3,35,21,28,3,hello
4.673337936401367,9,9,0,-12,-1,-13,-30,-13,-2,-2,28,14,11,0,hello
4.688937664031982,4,0,-5,-14,0,-14,-27,-17,-8,-12,2,0,-2,-10,hello
4.688937664031982,-3,-6,2,-25,-3,-20,-30,-14,-32,-40,-19,-9,-27,-25,hello
4.7044358253479,-18,0,2,-7,6,-7,-15,-14,-29,-38,-12,-16,-32,-31,hello
4.7044358253479,-23,-8,-6,3,10,6,0,-16,-20,-17,-11,-21,-29,-23,hello
4.720005512237549,-22,-20,6,-17,-4,13,-1,-11,-37,-24,-35,-18,-41,-20,hello
4.720005512237549,-30,-18,-4,-6,-3,14,5,-11,-31,-21,-38,-28,-41,-26,hello
4.735015392303467,-30,-19,-14,20,7,9,11,-13,-10,-1,-20,-28,-23,-15,hello
4.750045537948608,-16,-17,1,8,-5,7,7,-1,-5,0,-20,-16,-12,-1,hello
4.750045537948608,-3,-9,-7,-8,-22,0,7,9,7,2,-21,-15,-7,-2,hello
4.750045537948608,9,-4,-7,-8,-11,-7,9,16,27,17,0,1,0,8,hello
4.766314506530762,20,1,11,1,5,0,16,20,34,21,17,21,15,19,hello
4.766314506530762,15,3,-2,0,0,-3,9,8,26,2,2,10,17,6,hello
4.780467748641968,15,5,-8,-14,-14,-20,-14,1,11,-14,-2,10,12,0,hello
4.796056509017944,32,25,15,1,3,-9,-10,2,10,-1,29,28,22,12,hello
4.796056509017944,28,34,27,31,23,9,6,1,6,15,41,26,19,18,hello
4.810892820358276,0,14,15,22,11,14,6,-3,-13,6,3,0,-7,0,hello
4.810892820358276,-13,1,2,11,4,17,8,-16,-14,-4,-21,-24,-13,-11,hello
6.332797288894653,19,6,1,0,9,5,24,25,37,22,15,9,27,20,hello
6.332797288894653,28,17,7,7,10,0,6,21,36,18,33,33,29,12,hello
6.348884344100952,16,13,2,0,0,-12,-19,0,2,0,39,34,20,0,hello
6.348884344100952,7,12,10,3,0,-8,-12,-12,-11,0,31,17,15,0,hello
6.363558292388916,1,11,18,13,8,2,-2,-9,-5,-1,19,6,3,-1,hello
6.363558292388916,-11,3,7,14,1,0,-4,-7,-10,-6,9,-4,-11,-11,hello
6.378708600997925,-16,0,2,17,-1,-2,1,-6,-12,-1,-4,-17,-19,-9,hello
6.378708600997925,-11,-4,0,17,4,2,15,-2,0,7,-14,-19,-16,4,hello
6.393999099731445,-13,-19,-17,-1,-6,5,10,-3,0,10,-20,-16,-13,6,hello
6.393999099731445,-20,-31,-30,-29,-20,0,-6,-7,-11,0,-37,-25,-22,-8,hello
6.4101645946502686,-15,-26,-28,-37,-15,-7,-5,-5,-11,-12,-38,-27,-21,-14,hello
6.4101645946502686,2,-11,-14,-24,-8,-8,-1,1,-7,-17,-14,-2,0,-8,hello
6.4261696338653564,18,2,-2,-10,-7,-13,-12,5,-15,-25,-1,18,11,-3,hello
6.4261696338653564,21,21,5,0,3,-17,-18,0,-14,-24,3,20,11,-4,hello
6.442211151123047,20,30,21,13,17,0,-7,0,-3,-8,18,21,15,1,hello
6.442211151123047,9,19,21,10,20,9,-5,0,-8,0,17,8,11,6,hello
6.457412004470825,-9,0,1,-3,8,0,-20,-8,-21,-15,0,-12,-11,-7,hello
6.457412004470825,-13,-5,-1,0,-1,1,-12,-9,-13,-19,0,-13,-19,-13,hello
6.472995281219482,-9,-3,1,5,0,18,20,9,9,10,12,-7,0,5,hello
6.472995281219482,-17,-14,-3,-6,-1,20,28,17,24,43,10,-8,9,16,hello
6.488662481307983,-11,-14,-1,0,-10,19,20,13,32,46,3,0,2,19,hello
6.488662481307983,10,-2,8,16,-6,22,22,15,37,32,4,18,8,26,hello
6.504043817520142,13,-5,5,-2,0,4,8,12,27,21,6,19,12,18,hello
6.504043817520142,9,-6,0,-23,-7,-21,-11,0,14,12,8,13,9,7,hello
6.519891977310181,18,6,8,-6,-6,-28,-12,-2,9,0,9,20,18,8,hello
6.519891977310181,19,13,11,2,3,-20,-20,-6,-2,-13,0,23,14,0,hello
6.535121440887451,1,11,6,0,0,-11,-29,-20,-23,-26,-9,8,-1,-13,hello
6.535121440887451,-9,10,5,11,-3,-4,-14,-18,-29,-35,0,-4,-2,-18,hello
6.55064845085144,-8,12,5,23,7,5,6,-5,-17,-22,6,-8,-3,-19,hello
6.55064845085144,-10,8,2,18,14,21,18,1,0,10,-5,-11,-17,-16,hello
6.566701173782349,-21,-6,-18,5,6,15,19,8,17,27,-24,-27,-19,-8,hello
6.566701173782349,-21,-20,-36,-9,-2,-2,5,7,18,11,-17,-24,-6,-6,hello
6.58186149597168,-3,-9,-22,-18,0,-8,-12,-1,-6,-14,5,-5,0,-15,hello
6.58186149597168,0,7,0,-5,3,-3,-11,-13,-34,-27,5,-14,-6,-20,hello
6.597968339920044,-13,7,5,10,10,5,11,-14,-24,-15,-12,-30,-16,-9,hello
6.597968339920044,-9,-6,0,9,9,11,27,1,9,9,-24,-17,-14,6,hello
6.613139867782593,13,-12,-3,-6,-5,-2,14,16,23,14,-16,2,7,12,hello
6.613139867782593,21,-4,3,-16,-9,-17,-4,12,4,-1,3,11,22,14,hello
6.628227949142456,9,6,13,1,0,-8,-12,-9,-17,-16,10,13,5,9,hello
6.628227949142456,0,10,14,28,1,11,-7,-20,-17,-10,1,4,-15,2,hello
6.644019365310669,8,0,7,26,0,21,11,3,2,19,0,0,-6,17,hello
6.644019365310669,16,-10,3,-4,0,7,14,24,16,31,5,15,6,29,hello
6.66021728515625,12,-13,2,-19,-13,-16,-7,11,6,1,6,30,8,16,hello
6.66021728515625,12,-6,-7,-12,-16,-19,-8,0,-1,-12,10,22,13,0,hello
6.675833940505981,14,3,-4,-18,-5,-7,-3,3,0,-5,21,22,17,-1,hello
6.675833940505981,11,10,10,-20,-6,-7,-18,0,-1,-10,30,31,16,0,hello
6.691027402877808,2,12,13,1,-11,-11,-24,-10,-4,-7,22,15,13,-4,hello
6.691027402877808,-7,13,10,14,0,-2,-16,-7,-6,2,3,-10,0,-11,hello
6.706559658050537,-13,16,7,12,11,11,-8,-1,-5,0,0,-16,-12,-10,hello
6.706559658050537,-18,9,-2,14,13,23,9,-3,0,-3,-1,-15,-9,-10,hello
6.722097635269165,-26,-7,-19,2,11,20,26,-1,6,8,-21,-29,-11,-11,hello
6.722097635269165,-31,-12,-25,-10,3,11,26,0,7,13,-35,-37,-26,-9,hello
6.737233638763428,-26,-7,-18,-7,0,10,18,0,11,12,-27,-27,-25,-2,hello
6.737233638763428,-7,-5,-15,-3,1,2,8,4,16,22,-14,-14,-2,3,hello
6.7529456615448,8,-8,-11,-7,1,-10,-6,6,12,17,0,3,19,7,sil
6.7529456615448,13,-7,-1,-10,3,-15,-15,4,7,0,16,21,30,6,sil
6.769049167633057,13,-2,3,-14,0,-14,-18,3,0,-10,17,19,24,2,sil
6.769049167633057,13,3,8,-12,0,-15,-25,-4,-18,-26,0,3,0,-3,sil
6.78472375869751,5,3,10,1,5,-12,-18,-13,-28,-41,-10,-10,-18,-17,sil
6.78472375869751,-4,1,9,9,3,-2,-2,-11,-24,-29,-5,-9,-18,-21,sil
6.799801588058472,-5,6,12,13,0,8,7,-1,-11,-6,1,4,-17,0,sil
6.799801588058472,1,5,13,22,1,19,22,4,2,9,1,6,-17,12,sil
6.815004587173462,-6,-13,5,11,-1,24,26,2,7,15,-9,-13,-20,-1,sil
6.831275701522827,-19,-28,-10,-7,-12,11,12,6,8,16,-18,-23,-14,-5,sil
6.831275701522827,0,-11,-5,-4,-12,-4,7,17,24,25,0,3,18,18,sil
6.846012115478516,29,10,14,3,-1,-9,13,18,32,27,28,35,43,33,sil
6.846012115478516,29,4,5,-8,-1,-9,-1,4,19,14,21,33,33,20,sil
6.861690521240234,14,0,-8,-17,-4,-7,-15,0,8,7,11,22,28,8,sil
6.861690521240234,12,21,4,6,2,-2,-1,0,7,4,23,24,27,8,sil
6.877017021179199,7,26,17,26,14,-2,0,-12,-9,-16,18,19,5,2,sil
6.877017021179199,1,8,13,12,10,-7,-16,-22,-36,-35,0,3,-11,-9,sil
6.893004179000855,1,11,10,9,0,-2,-12,-19,-37,-26,0,-4,-14,-13,sil
6.893004179000855,-5,16,6,18,0,2,-7,-17,-26,-15,-9,-13,-27,-15,sil
6.908162832260132,-17,-7,-11,4,-4,0,-7,-18,-23,-9,-39,-33,-32,-19,sil
6.908162832260132,-22,-23,-27,-13,-14,0,1,-10,-13,0,-34,-35,-15,-12,sil
6.924099683761597,-17,-19,-26,-19,-7,5,10,7,4,6,-11,-19,-3,-1,sil
6.924099683761597,-5,-13,-19,-22,0,8,14,17,15,5,-20,-22,-5,-2,sil
6.940293312072754,-2,-9,-13,-23,-6,0,4,11,9,0,-22,-21,-2,-6,sil
6.940293312072754,-5,-3,-12,-16,-7,-21,-18,7,1,-10,7,4,11,-3,sil
6.955690622329712,-2,10,-1,-1,5,-19,-13,7,0,-6,19,16,14,-1,sil
6.955690622329712,-3,13,11,13,14,14,17,5,4,17,5,-8,-5,0,sil
6.971173286437988,-9,-4,2,13,6,34,25,6,9,16,-4,-23,-22,1,sil
6.971173286437988,-3,-14,-4,-1,-2,21,16,9,18,-1,-6,-2,-12,5,sil
6.9867637157440186,9,-9,0,-6,0,5,11,18,30,13,10,17,11,13,sil
6.9867637157440186,14,-2,8,2,5,-2,-1,18,29,33,32,27,24,22,sil
7.001966953277588,19,8,20,10,5,-7,-13,8,15,17,35,42,29,25,sil
7.001966953277588,27,25,22,14,6,-8,-11,1,12,9,37,44,38,18,sil
7.018009901046753,19,23,16,10,7,-11,-19,-9,2,7,39,22,30,2,sil
7.018009901046753,1,13,13,1,1,-11,-22,-25,-18,-10,14,1,0,-12,sil
7.033636808395386,-1,13,10,4,1,0,2,-20,-16,-13,-12,-4,-14,-11,sil
7.033636808395386,-2,8,1,8,11,9,17,-6,-9,-8,-22,-18,-21,-4,sil
7.048768043518066,-16,-8,-9,0,8,5,5,-10,-25,-21,-35,-39,-44,-12,sil
7.048768043518066,-25,-16,-13,-6,-9,7,4,-18,-32,-23,-45,-32,-48,-19,sil
7.0645036697387695,-19,-17,-16,-12,-19,7,7,-10,-15,-13,-37,-17,-27,-13,sil
7.0645036697387695,-9,-23,-23,-24,-16,-7,-10,0,0,-16,-27,-14,-12,-9,sil
7.080090522766113,-3,-29,-17,-30,-14,-20,-19,9,7,-13,-14,-3,3,-6,sil
7.080090522766113,3,-14,-1,-15,-12,-18,-4,9,9,0,13,17,25,-2,sil
7.095755100250244,6,12,9,1,0,-14,-6,0,-2,0,37,25,30,0,sil
7.095755100250244,1,14,11,7,7,-9,-19,-4,-13,-6,28,12,16,-1,sil
7.111025333404541,-4,0,5,6,0,2,-2,-1,-11,0,-2,-8,0,-2,sil
7.111025333404541,-7,-1,3,6,0,13,19,4,0,21,-17,-15,-8,4,sil
7.126171588897705,-3,-4,-1,5,3,17,23,8,12,30,-9,-8,-1,13,sil
7.126171588897705,-1,-10,-9,0,0,19,20,5,13,18,-5,0,9,18,sil
7.141694307327271,3,-7,-10,1,0,11,14,9,12,15,0,10,15,21,sil
7.141694307327271,15,1,-7,2,2,-7,0,12,16,9,18,21,23,14,sil
7.1568763256073,23,16,10,5,0,-14,-12,2,3,-12,28,32,25,7,sil
7.1568763256073,28,30,25,24,2,-3,-8,-6,-11,-19,22,26,11,7,sil
7.172502279281616,17,24,19,35,15,14,8,-7,-5,0,5,-3,-7,0,sil
7.172502279281616,-2,5,4,16,12,23,18,4,9,12,-13,-22,-19,-6,sil
7.188244342803955,-8,-9,-10,-9,-5,1,3,10,17,7,-18,-17,-17,0,sil
7.188244342803955,-6,-13,-18,-22,-9,-23,-22,0,8,-11,-18,-12,-9,-5,sil
7.203895330429077,-1,0,-8,-17,2,-16,-27,-10,-11,-20,-13,-8,-10,-23,sil
7.203895330429077,0,14,9,-2,12,4,-9,-8,-21,-16,6,0,-17,-26,sil
7.22002649307251,-7,13,17,9,14,16,12,-3,-9,-8,16,0,-14,-11,sil
7.22002649307251,-9,4,9,20,11,20,25,3,11,12,3,-1,-4,7,sil
7.235382556915283,-3,-7,-5,4,2,3,13,8,22,29,-3,-2,3,12,sil
7.235382556915283,-9,-21,-16,-29,-8,-24,-7,7,18,17,5,-2,9,1,sil
7.250537157058716,-6,-8,-14,-32,-11,-27,-13,0,6,4,21,2,12,-1,sil
7.250537157058716,0,11,0,-1,-3,-2,-10,-9,-14,-2,17,0,2,-1,sil
7.266145944595337,-11,8,3,12,-1,11,-10,-19,-30,-14,-6,-13,-15,-6,sil
7.266145944595337,-16,-1,0,5,-6,8,-1,-15,-18,-6,-15,-8,-9,0,sil
7.282061815261841,-3,-11,-5,-3,-9,2,8,2,8,12,-6,4,8,15,sil
7.282061815261841,2,-21,-10,-11,-13,-5,1,11,15,8,-7,0,9,9,sil
7.298110008239746,3,-20,-12,-22,-15,-21,-13,0,-2,-17,-7,2,6,-6,sil
7.298110008239746,0,-10,-9,-28,-12,-25,-23,-12,-25,-36,-6,6,2,-21,sil
7.313958406448364,-5,0,2,-11,-4,-5,-21,-13,-30,-28,-4,0,-9,-23,sil
7.313958406448364,7,13,22,21,7,12,0,0,-12,-1,6,0,-4,0,sil
7.330325603485107,21,19,30,41,18,21,29,13,7,17,6,13,8,23,sil
7.330325603485107,7,0,11,26,13,29,33,16,21,21,-13,6,0,19,sil
7.345468282699585,-2,-21,-18,-5,0,19,18,21,31,19,-20,-11,-4,8,sil
7.345468282699585,4,-14,-18,-20,-3,-4,9,26,33,9,-2,-1,12,11,sil
7.360954999923706,12,5,0,-7,1,-13,3,12,25,0,17,18,24,6,sil
7.360954999923706,14,18,9,6,6,-4,-4,-6,2,-2,23,17,10,-6,sil
7.376484155654907,15,26,19,15,13,-2,-9,-14,-29,-13,19,10,-7,-8,sil
7.376484155654907,9,33,19,28,15,0,-7,-23,-38,-23,12,3,-11,-8,sil
7.391629934310913,-9,17,5,25,8,10,-5,-25,-24,-10,-6,-10,-14,-10,sil
7.391629934310913,-25,-12,-8,1,-4,6,4,-4,-9,10,-27,-25,-22,-2,sil
7.406725406646728,-27,-25,-20,-13,-15,-2,15,11,10,18,-28,-24,-16,6,sil
7.406725406646728,-18,-18,-19,-19,-11,0,3,13,30,15,-17,-7,0,6,sil
7.421917200088501,0,-6,-13,-21,0,-10,-13,11,26,11,-3,5,18,6,sil
7.421917200088501,13,5,0,-16,0,-21,-19,0,0,0,20,14,25,7,sil
7.438031911849976,10,16,12,0,0,-10,-21,-10,-16,-14,38,24,17,2,sil
7.438031911849976,7,21,13,13,5,0,-15,-15,-17,-12,27,14,4,0,sil
7.45328164100647,7,10,14,11,4,-1,-1,-15,-11,0,6,-5,-6,-3,sil
7.45328164100647,0,-8,11,16,4,9,16,-1,0,16,-1,-16,-15,-7,sil
7.468981027603149,-11,-19,-5,8,6,29,31,11,15,22,-7,-16,-10,-1,sil
7.484097719192505,-19,-31,-25,-33,-5,22,26,12,21,4,-25,-23,-8,0,sil
7.484097719192505,-21,-43,-33,-43,-22,-4,3,7,18,-5,-41,-32,-17,-11,sil
7.499938249588013,-13,-22,-19,-11,-17,-17,-15,7,11,-2,-28,-18,-7,-11,sil
7.499938249588013,5,12,-1,0,-5,-13,-22,3,-1,-8,7,7,19,-1,sil
7.515342473983765,22,24,7,-2,0,-10,-18,-7,-17,-16,30,23,27,0,sil
7.515342473983765,21,22,16,6,5,-10,-10,-14,-25,-11,21,17,8,-2,sil
7.530637979507446,7,26,17,19,6,-1,-6,-15,-25,-11,0,6,-15,-8,sil
7.530637979507446,-4,17,13,24,8,11,3,-10,-22,-13,-5,1,-26,-8,sil
7.546667098999023,-13,-6,1,20,9,16,23,0,-4,1,0,-2,-17,0,sil
7.546667098999023,-12,-19,-12,4,-4,10,19,6,15,14,-5,-2,-3,8,sil
7.5622718334198,1,-18,-11,-7,-15,0,-3,14,20,14,0,11,12,20,sil
7.5622718334198,14,-10,-3,-9,-8,-9,-9,22,25,17,17,20,31,23,sil
7.578188419342041,15,3,2,-7,-2,-14,-7,17,20,9,20,22,34,14,sil
7.578188419342041,20,17,11,2,1,-13,-8,5,0,-7,16,28,23,11,sil
7.5940632820129395,23,29,24,17,17,-8,-1,-3,-12,-14,19,24,12,10,sil
7.5940632820129395,9,30,28,23,20,-7,3,-10,-20,-12,7,0,-5,-5,sil
7.609950304031372,-7,13,16,14,8,0,6,-14,-22,-10,-7,-19,-20,-16,sil
7.609950304031372,-16,-1,5,2,7,21,23,-11,-9,3,-10,-18,-20,-10,sil
7.625451803207397,-15,-7,1,0,9,26,31,0,2,18,-21,-15,-19,-4,sil
7.625451803207397,-13,-15,-13,-10,-7,4,8,6,4,7,-35,-22,-19,-6,sil
7.64080810546875,-17,-28,-38,-39,-19,-12,-19,0,-1,-18,-28,-17,-10,-11,sil
7.64080810546875,-9,-16,-29,-35,-1,-1,-18,-5,0,-15,0,0,0,-8,sil
7.656839370727539,2,7,12,5,15,19,3,1,10,11,13,3,2,3,sil
7.656839370727539,-5,-5,7,9,0,21,9,1,16,20,-13,-20,-10,3,sil
7.671702146530151,-17,-31,-35,-24,-17,2,-3,-4,9,6,-40,-34,-18,-7,sil
7.671702146530151,0,-17,-26,-25,-4,-5,-11,4,10,0,-9,-11,7,4,sil
7.686834573745727,18,9,4,-4,4,-5,-9,10,19,6,33,17,30,18,sil
7.686834573745727,12,14,9,0,-4,-13,-11,-6,9,0,27,18,14,5,sil
7.702537298202515,0,5,7,6,-4,-14,-11,-18,-12,-8,-3,-2,-9,-11,sil
7.702537298202515,-7,-4,-3,10,-1,3,-3,-8,-13,0,-15,-15,-17,-10,sil
7.717881679534912,-14,-7,-14,0,-4,7,2,9,7,12,-4,-1,-4,4,sil
7.717881679534912,3,2,1,3,-5,-8,6,17,16,5,17,23,27,21,sil
7.733290672302246,28,17,29,19,0,-11,3,5,-3,-8,31,32,37,16,sil
7.733290672302246,15,20,29,26,5,4,4,-1,-20,-16,20,13,3,-8,sil
7.748891353607178,-13,8,3,25,5,12,18,0,-10,-8,-3,-11,-21,-18,sil
7.748891353607178,-11,-8,-8,8,-1,-4,15,0,-3,-3,-12,-6,-14,-4,sil
7.764098405838013,3,-11,-4,-7,-10,-25,-15,-1,-17,-22,0,8,-1,-6,sil
7.764098405838013,0,0,1,-5,-9,-22,-34,-6,-29,-32,11,4,2,-24,sil
7.780149221420288,0,18,5,4,2,-6,-17,-4,-19,-5,15,1,4,-16,sil
7.780149221420288,12,25,13,11,8,1,2,0,0,17,20,12,4,9,sil
7.796171903610229,0,8,12,11,7,5,2,-7,0,9,10,9,-1,8,sil
7.796171903610229,-8,-5,-1,4,6,13,5,-8,2,9,-11,-11,-7,1,sil
7.812207460403442,0,-1,-9,0,6,18,22,7,18,22,-22,-19,-6,16,sil
7.812207460403442,-5,-10,-7,-7,2,7,20,19,25,25,-22,-16,-6,19,sil
7.827712774276733,-15,-28,-12,-14,0,0,8,19,28,28,-16,-10,0,14,sil
7.827712774276733,9,-23,-7,-19,-6,1,4,13,34,25,0,6,17,25,sil
7.843703746795654,29,-10,0,-24,-11,-5,-12,0,16,4,9,21,16,16,sil
7.843703746795654,10,-3,-7,-20,-5,-16,-28,-16,-19,-20,5,13,-3,-21,sil
7.859241008758545,0,8,-3,-5,7,-8,-9,-16,-24,-34,3,5,-1,-23,sil
7.859241008758545,19,24,18,9,14,7,12,-4,-1,-23,7,13,13,5,sil
7.875135660171509,14,18,21,5,10,12,7,-3,-2,-4,6,16,0,9,sil
7.875135660171509,-11,1,-1,-3,0,11,0,-8,-20,-5,-5,-8,-19,-9,sil
7.8908421993255615,-22,4,-6,2,0,14,2,-3,-16,-10,-19,-28,-13,-14,sil
7.8908421993255615,-22,10,1,9,9,19,10,0,0,-1,-15,-20,-9,-7,sil
7.905972957611084,-28,-5,-11,-2,0,16,15,0,7,7,-10,-21,-20,-10,sil
7.905972957611084,-23,-23,-20,-8,-13,8,9,0,0,2,-20,-23,-19,-16,sil
7.921264410018921,-9,-21,-14,1,-6,-2,-1,0,-6,-10,-21,-16,-13,-15,sil
7.921264410018921,-8,-7,-16,1,-1,-12,-4,3,-1,-5,-9,-15,-8,-6,sil
7.936654806137085,-8,0,-13,-11,-9,-17,-5,14,12,13,1,-9,7,6,sil
7.936654806137085,6,0,0,-13,-12,-22,-23,11,12,5,11,11,22,10,sil
7.952725887298584,19,10,16,5,-1,-21,-30,-6,-7,-24,17,24,15,3,sil
7.952725887298584,14,21,24,31,9,2,2,-4,-10,-5,16,14,4,4,sil
7.968763113021851,-1,8,10,27,3,24,31,10,12,38,12,5,0,10,sil
7.968763113021851,-6,-11,-1,-2,-3,14,17,11,20,31,5,5,1,12,sil
7.983965158462524,10,-6,4,-2,2,-4,6,4,13,9,4,14,13,14,sil
7.983965158462524,22,2,10,12,5,-9,5,1,11,12,17,28,23,16,sil
8.000072479248047,17,-4,1,3,0,-10,-9,0,10,5,25,27,21,6,sil
8.000072479248047,7,-5,-7,-13,-3,-18,-23,-7,-2,-7,18,10,18,-7,sil
8.015927791595459,0,4,1,-13,-3,-23,-26,-21,-23,-17,10,2,7,-17,sil
8.015927791595459,7,12,16,1,-3,-14,-28,-24,-29,-27,13,7,0,-12,sil
8.03805136680603,23,21,28,15,2,0,-15,-10,-22,-21,18,10,4,6,sil
8.03805136680603,19,19,26,9,5,2,1,0,-21,-6,5,1,0,12,sil
8.03805136680603,-3,5,6,2,3,11,11,2,-13,0,-20,-14,-19,-3,sil
8.047101497650146,-16,-3,-1,7,8,25,25,11,10,8,-31,-23,-24,-12,sil
8.062771797180176,-13,-13,-11,0,3,21,32,9,18,10,-32,-29,-25,-8,sil
8.062771797180176,-13,-27,-26,-15,-7,10,19,0,8,4,-35,-28,-32,-6,sil
8.078380823135376,-17,-22,-27,-15,-6,8,10,6,13,15,-28,-18,-22,-3,sil
8.078380823135376,-16,-6,-25,-4,0,8,14,8,15,10,-16,-10,-4,1,sil
8.094048023223877,-13,-7,-26,-7,1,0,1,1,0,-13,-13,-8,-1,0,sil
8.094048023223877,-9,-11,-26,-17,0,-10,-15,3,0,-9,-8,-5,4,1,sil
8.110326528549194,-4,-3,-16,-21,-5,-17,-18,2,3,-2,4,2,16,6,sil
8.110326528549194,1,0,-3,-14,-7,-15,-17,-5,-7,-25,14,11,12,-3,sil
8.125729322433472,0,4,-2,0,2,-7,-14,-9,-7,-26,13,14,7,-17,sil
8.125729322433472,-7,21,5,5,13,5,-7,-7,2,-2,11,10,2,-12,sil
8.141671180725098,-7,19,17,7,9,15,-1,-6,-7,8,10,0,-10,0,sil
8.141671180725098,0,7,18,18,2,10,0,-1,-17,14,8,-1,-15,9,sil
8.15737771987915,8,15,26,29,4,6,12,11,-1,23,8,14,4,22,sil
8.15737771987915,11,16,25,24,3,13,26,16,17,33,6,8,16,24,sil
8.172955751419067,6,-8,9,1,-5,9,22,8,22,32,-3,-8,1,19,sil
8.172955751419067,13,-24,0,-14,-14,-6,9,1,20,7,-1,3,4,16,sil
8.188050746917725,18,-19,-1,-19,-14,-17,-5,-2,7,-14,18,19,30,4,sil
8.188050746917725,10,-16,-5,-24,-6,-18,-26,-8,-7,-11,20,10,30,-13,sil
8.203661680221558,10,-4,0,-15,-1,-17,-27,-7,-8,-7,6,5,11,-21,sil
8.203661680221558,18,12,17,4,0,-17,-19,-5,-9,-22,8,14,4,-20,sil
8.220300197601318,12,15,15,14,5,-13,-19,-4,-12,-20,12,11,0,-17,sil
8.220300197601318,0,20,9,19,14,2,-6,-4,-6,0,1,3,-8,-11,sil
8.23495888710022,-9,26,13,23,16,18,9,-5,-5,0,-6,-3,-13,-9,sil
8.23495888710022,-17,13,3,11,10,20,12,-3,-4,-7,-7,-18,-16,-8,sil
8.250679969787598,-18,-5,-7,1,2,22,18,3,0,0,-13,-25,-18,-2,sil
8.250679969787598,-14,-1,-4,13,0,22,24,4,4,6,-17,-20,-17,5,sil
10.305761814117432,-17,-5,-10,0,0,26,15,-1,3,5,-22,-14,-6,0,hello
10.32111358642578,-16,-11,-19,-5,-5,3,0,-2,1,10,-20,-12,0,14,hello
10.32111358642578,-13,-15,-20,-24,-14,-10,-16,-1,13,10,-11,-2,-1,13,hello
10.336043119430542,-4,-9,-23,-26,-10,0,-5,7,32,22,-2,0,11,4,hello
10.336043119430542,-3,-9,-30,-29,-1,0,2,18,30,19,0,0,19,2,hello
10.352042436599731,-6,-12,-21,-36,-3,-18,-10,10,2,-3,2,2,8,0,hello
10.352042436599731,-1,0,-9,-16,-4,-16,-6,-7,-14,-20,3,-3,0,-13,hello
10.367647886276243,0,17,2,3,4,-4,6,-16,-15,-25,-3,-9,-9,-17,hello
10.367647886276243,0,18,16,4,7,-6,0,-10,-15,-17,1,0,-12,-5,hello
10.383683919906616,9,20,15,17,0,-7,-9,-7,-10,2,29,6,0,1,hello
10.383683919906616,9,16,19,31,6,3,-2,-10,-6,9,22,1,-1,0,hello
10.400046825408936,-4,-7,13,17,11,5,5,-8,-14,-5,-20,-12,-22,-5,hello
10.400046825408936,-22,-28,-12,-2,-3,-6,1,-11,-28,-23,-40,-32,-37,-16,hello
10.415070295333862,-23,-28,-17,-4,-12,-6,-6,-12,-28,-18,-27,-32,-26,-18,hello
10.415070295333862,-1,-21,-7,-4,-6,1,-6,3,-2,8,-11,-6,6,-1,hello
10.43089723587036,15,-13,-2,-15,-1,0,-6,18,17,17,2,16,24,10,hello
10.43089723587036,15,0,0,-14,-2,-4,-8,11,17,8,11,23,23,11,hello
10.446875095367432,19,9,0,-3,-4,-8,-9,3,16,11,22,29,30,13,hello
10.446875095367432,17,10,10,-8,-6,-11,-12,4,9,0,24,31,24,8,hello
10.462275981903076,-1,11,18,-10,-2,0,-4,1,-13,-23,0,6,-9,-12,hello
10.462275981903076,-14,12,6,5,3,12,13,-4,-17,-15,-16,-13,-24,-22,hello
10.477941989898682,-6,11,7,17,6,19,25,1,2,4,0,-2,-10,-7,hello
10.477941989898682,0,17,22,25,11,28,24,5,9,4,6,3,-5,5,hello
10.49308443069458,-8,11,13,28,12,29,19,-5,0,-1,-7,-7,-15,5,hello
10.49308443069458,-7,-9,0,14,1,20,16,-2,4,2,-11,-14,-19,10,hello
10.508678913116457,2,-9,0,3,-3,11,15,12,27,14,-3,-11,-3,15,hello
10.508678913116457,3,0,-11,3,0,-5,2,15,36,24,4,-5,18,12,hello
10.524226903915403,4,-5,-17,-6,-2,-22,-15,14,28,22,8,8,25,14,hello
10.524226903915403,13,-12,-5,-22,-6,-17,-18,13,19,9,13,19,24,16,hello
10.53990602493286,18,-9,-11,-19,-6,-17,-13,0,2,0,16,15,28,8,hello
10.53990602493286,19,-3,-7,-12,-9,-29,-22,-18,-26,-17,12,20,17,1,hello
10.554967403411863,13,6,14,-10,-5,-27,-29,-18,-40,-32,13,24,-1,-7,hello
10.554967403411863,1,16,13,4,4,-5,-11,-12,-24,-22,16,2,-8,-21,hello
10.570127725601196,-8,14,0,21,12,10,7,-14,-16,-8,7,-17,-8,-17,hello
10.570127725601196,-18,8,-2,17,14,8,6,-13,-26,-3,-7,-18,-11,-10,hello
10.586151123046877,-29,4,-7,5,10,8,2,-8,-21,3,-17,-27,-17,-20,hello
10.586151123046877,-22,0,-5,6,4,14,11,-4,-6,8,-25,-34,-25,-18,hello
10.602003812789915,-9,-4,-3,8,4,16,20,2,1,10,-25,-19,-22,1,hello
10.602003812789915,-10,-14,-12,-2,2,10,21,18,14,22,-18,-5,-5,9,hello
10.617160081863403,-6,-20,-15,-15,-11,1,12,21,28,28,-9,0,8,15,hello
10.617160081863403,0,-7,-5,-16,-20,-5,2,4,20,14,-2,5,12,22,hello
10.632286310195925,-2,-2,-7,-18,-17,-12,-1,2,3,0,-3,3,11,9,hello
10.632286310195925,3,-4,-12,-14,-12,-13,-7,14,4,-4,0,3,13,0,hello
10.648079872131348,22,2,4,-3,-6,-8,-13,3,4,-13,9,19,15,3,hello
10.648079872131348,24,3,14,-2,2,-6,-13,-5,-5,-30,9,24,4,2,hello
10.66384482383728,10,4,7,-5,7,-5,-12,-3,-10,-33,5,9,-7,-8,hello
10.66384482383728,5,8,10,0,8,0,-18,-12,-11,-18,13,1,-8,-13,hello
10.678898572921751,6,8,18,1,7,0,-13,-20,-9,-3,17,0,-2,-9,hello
10.678898572921751,0,10,23,15,10,0,0,-9,-2,1,8,-1,-5,-8,hello
10.694706201553345,-3,14,22,36,9,18,7,1,3,6,0,-3,-13,-6,hello
10.694706201553345,-1,0,6,26,4,29,11,5,10,17,-7,-8,-13,0,hello
10.709740161895752,-13,-22,-8,-2,0,15,10,5,8,16,-26,-17,-15,-3,sil
10.709740161895752,-21,-13,-11,-7,-3,3,12,0,5,8,-32,-18,-12,-1,sil
10.725103616714478,-7,2,-6,0,-1,4,20,3,17,13,-5,0,11,15,sil
10.725103616714478,3,-10,-11,-13,0,1,17,14,28,21,18,12,30,20,sil
10.740941762924194,6,-14,-21,-18,-1,-8,5,16,16,14,13,9,21,8,sil
10.740941762924194,14,6,-5,0,0,-15,1,15,2,6,14,16,18,9,sil
10.756900072097778,23,14,10,3,-4,-22,-8,8,-3,-2,28,24,25,10,sil
10.756900072097778,19,9,11,-7,-10,-24,-28,-6,-14,-22,28,22,14,0,sil
10.771689414978027,6,9,5,-13,-1,-19,-32,-12,-22,-30,15,13,0,-6,sil
10.771689414978027,-3,7,1,-3,7,-6,-14,-16,-31,-16,3,-6,-10,-9,sil
10.78772497177124,-13,5,0,17,7,10,7,-28,-41,-10,-11,-21,-26,-17,sil
10.78772497177124,-25,-1,-6,17,2,21,20,-22,-28,-9,-28,-28,-34,-17,sil
10.80383038520813,-30,-18,-18,-11,-7,18,18,-8,-3,-5,-40,-36,-36,-13,sil
10.80383038520813,-24,-24,-16,-17,-12,14,18,0,5,-3,-39,-32,-36,-17,sil
10.819883108139038,-7,-9,-4,6,-5,13,20,9,17,11,-17,-2,-8,-2,sil
10.819883108139038,9,3,8,11,3,9,1,25,38,38,11,25,30,27,sil
10.835905075073242,24,9,15,3,5,-9,-25,27,38,34,22,30,37,30,sil
10.835905075073242,21,12,11,3,-5,-31,-36,10,9,0,19,23,19,11,sil
10.851067781448364,9,5,3,2,-12,-20,-27,-5,-9,-15,21,18,16,3,sil
10.851067781448364,4,-2,0,-3,4,4,-8,-10,-4,-4,17,10,16,-1,sil
10.867061376571655,-2,1,3,-11,16,7,8,-14,-7,-7,-2,-3,-11,-16,sil
10.867061376571655,-13,9,3,-2,6,8,22,-12,-23,-22,-19,-25,-35,-17,sil
10.88204050064087,-17,-1,-10,8,1,17,23,-1,-13,-10,-20,-35,-22,-2,sil
10.88204050064087,-12,-15,-20,0,6,12,12,11,13,11,-19,-25,-2,6,sil
10.898047924041748,0,-4,-12,-5,0,4,2,15,22,13,-20,-18,-1,8,sil
10.898047924041748,10,3,3,2,-10,-5,-6,1,6,1,-5,-6,4,10,sil
10.913270235061646,14,-2,3,0,-5,-27,-15,-7,-6,-2,19,20,24,7,sil
10.913270235061646,14,7,1,-4,6,-25,-12,-5,-7,-1,24,30,26,-1,sil
10.92914891242981,6,22,7,7,5,-4,-6,-5,-4,-6,6,8,2,-12,sil
10.92914891242981,0,13,7,15,0,-3,-4,-8,-11,-12,0,0,-7,-16,sil
10.944680213928224,5,1,13,11,5,7,0,0,-11,-1,7,9,0,-2,sil
10.944680213928224,11,-1,13,14,4,27,12,13,16,24,5,7,4,17,sil
10.96065068244934,6,-7,-4,7,-6,11,11,16,32,36,0,3,13,20,sil
10.96065068244934,0,-5,-12,-11,-4,-11,0,10,11,11,14,13,22,4,sil
10.975996494293211,0,8,0,-7,4,-4,-1,-3,-9,-18,27,12,9,-8,sil
10.975996494293211,-13,6,7,6,0,8,6,-15,-17,-16,14,-6,-12,-11,sil
10.992104291915894,-24,-16,-3,-7,-8,9,12,-10,-16,3,-14,-22,-25,-7,sil
11.0077543258667,-9,-18,-12,-27,-6,3,10,2,0,-1,-25,-12,-20,3,sil
11.0077543258667,6,1,0,-19,-1,-9,-7,7,9,-23,0,15,-1,8,sil
11.0077543258667,0,1,10,-1,0,-11,-21,0,1,-18,17,15,1,-2,sil
11.022932529449465,-17,-12,4,0,2,8,0,-1,0,7,-8,-12,-15,-10,sil
11.038729429244995,-15,-15,-4,-9,1,14,20,12,13,23,-34,-19,-9,3,sil
11.038729429244995,1,-11,-13,-13,-5,-8,3,9,19,13,-16,1,11,11,sil
11.038729429244995,5,-4,-12,-17,-4,-19,-22,-13,-4,-12,5,14,4,-5,sil
11.053378820419312,-3,4,-2,-6,1,-1,-10,-21,-26,-20,0,0,-21,-17,sil
11.068858861923218,-4,3,1,13,1,14,17,-5,-12,0,-21,-22,-25,-4,sil
11.068858861923218,0,-10,-5,9,-4,4,6,12,7,8,-25,-18,-4,3,sil
11.084045648574827,3,-4,-7,-1,-5,-19,-24,5,4,-10,0,3,8,-4,sil
11.084045648574827,11,15,9,11,3,-14,-24,-13,-6,-24,18,7,4,-14,sil
11.10014533996582,7,19,16,29,8,10,-2,-13,-14,-2,11,-6,0,-11,sil
11.10014533996582,0,14,11,34,8,19,12,0,-13,22,6,-4,5,0,sil
11.116077423095703,8,8,7,32,16,14,23,9,11,32,15,6,12,18,sil
11.116077423095703,15,-3,-1,14,9,10,24,15,35,25,10,9,12,25,sil
11.1310293674469,11,-5,0,-11,-9,-8,1,6,13,1,1,17,16,17,sil
11.1310293674469,20,12,13,-13,-6,-26,-19,-10,-27,-21,11,25,20,7,sil
11.146465539932253,14,26,17,1,3,-10,-20,-15,-35,-26,16,12,5,-1,sil
11.146465539932253,-14,12,-1,1,-4,7,-3,-1,-11,-13,-3,-9,-15,-4,sil
11.161930322647097,-25,-9,-22,-12,-12,0,11,15,13,12,-23,-20,-10,-2,sil
11.161930322647097,-18,-22,-26,-27,-6,-4,4,16,21,17,-24,-16,2,-5,sil
11.178040027618408,-9,-22,-24,-30,-6,5,-1,5,18,-3,-17,-12,3,-7,sil
11.178040027618408,2,-10,-16,-23,-7,3,3,3,11,-9,0,-1,6,-2,sil
11.193795442581177,4,5,3,-7,4,-4,1,3,7,3,24,15,16,-3,sil
11.193795442581177,-6,15,14,15,14,0,-3,-2,7,13,24,10,8,-3,sil
11.209890604019163,-13,9,12,20,8,12,1,-9,-1,13,-2,-12,-13,1,sil
11.209890604019163,-11,-4,5,7,0,16,5,-7,-15,1,-20,-17,-25,2,sil
11.22506856918335,1,-7,6,7,0,1,1,0,-8,-9,-8,3,-10,8,sil
11.22506856918335,21,-3,10,7,-2,-18,-2,6,1,-10,8,25,14,12,sil
11.24033498764038,24,-4,0,-11,-3,-18,-8,1,-1,-11,16,20,15,0,sil
11.24033498764038,8,1,0,-12,0,-4,-12,-8,-7,-10,17,10,-3,-14,sil
11.256128311157228,-3,15,13,12,4,-2,-3,-12,-8,-6,13,3,-14,-11,sil
11.256128311157228,2,18,16,24,1,6,7,-11,-10,-12,-1,-9,-18,-6,sil
11.27134084701538,9,6,11,15,4,28,11,0,-2,-5,-11,-19,-19,2,sil
11.27134084701538,-1,-12,2,0,5,24,14,13,16,20,-10,-14,-8,15,sil
11.286981582641602,-14,-24,-12,-16,-2,2,19,17,20,25,-13,-1,6,15,sil
11.286981582641602,-16,-26,-30,-26,-15,-6,11,7,12,13,-19,-1,8,1,sil
11.302816152572632,-14,-23,-38,-24,-20,-10,-6,-5,6,12,-7,-5,4,-15,sil
11.302816152572632,-5,-6,-17,-12,-5,-12,-15,-10,-6,1,13,4,8,-20,sil
11.318404912948608,12,19,5,3,12,-8,-17,-4,-20,-8,20,19,13,-6,sil
11.318404912948608,13,29,15,12,12,-6,-17,0,-18,-6,12,12,9,9,sil
11.334412574768066,0,9,18,14,6,-5,-7,0,-13,-16,0,-2,-4,3,sil
11.334412574768066,-14,-12,3,6,3,0,3,-3,-9,-27,-19,-20,-21,-10,sil
11.3498215675354,-28,-19,-20,-10,0,4,7,-4,-1,-5,-37,-36,-27,-11,sil
11.3498215675354,-19,-13,-18,-11,-6,8,9,4,11,23,-30,-31,-13,0,sil
11.364986896514893,4,-2,-1,0,-1,7,7,6,19,24,-3,-2,7,7,sil
11.364986896514893,17,8,1,0,3,-4,-8,0,10,4,13,20,19,4,sil
11.380878210067747,18,17,3,0,1,-14,-18,-2,-2,-6,19,24,19,1,sil
11.380878210067747,16,22,19,9,3,-9,-15,-1,-6,-8,23,22,14,4,sil
11.396158933639526,18,25,25,19,4,-6,-10,-3,-2,-6,28,20,10,11,sil
11.396158933639526,19,27,30,28,5,0,0,0,6,0,29,19,9,14,sil
11.411805629730225,2,10,22,28,3,12,14,5,13,9,11,0,-2,4,sil
11.411805629730225,-22,-24,-17,-8,-13,15,18,6,11,7,-23,-29,-23,-9,sil
11.427365064620972,-27,-43,-41,-53,-24,8,13,8,8,-5,-38,-29,-20,-6,sil
11.427365064620972,-5,-25,-25,-39,-12,1,5,9,8,-13,-17,-2,3,8,sil
11.443058729171751,15,4,-4,2,0,-1,2,2,0,-6,12,16,17,8,sil
11.443058729171751,18,18,8,6,1,-1,5,0,-13,0,25,25,15,0,sil
11.458683729171751,13,22,21,11,11,-4,3,-3,-20,-9,16,19,6,-4,sil
11.458683729171751,3,22,26,36,18,-4,-4,-17,-29,-19,1,0,-4,-9,sil
11.4746515750885,-5,2,12,33,7,4,-6,-19,-29,-3,-11,-20,-15,-11,sil
11.4746515750885,-10,-20,-7,6,-5,16,0,-4,-5,18,-22,-24,-21,-4,sil
11.490317821502686,-16,-28,-16,-6,0,14,7,8,21,29,-15,-13,-14,5,sil
11.490317821502686,-18,-24,-19,-10,3,0,5,15,30,33,9,0,11,12,sil
11.504990816116331,0,-15,-13,-10,2,-14,0,15,27,24,17,9,27,13,sil
11.504990816116331,20,4,0,-4,5,-14,-4,8,18,9,10,16,21,9,sil
11.52013087272644,25,25,12,0,7,-8,-11,-5,-1,-8,17,21,12,0,sil
11.52013087272644,13,19,14,-1,4,-15,-20,-19,-28,-36,16,11,0,-17,sil
11.53605580329895,-11,0,-1,-5,-1,-17,-20,-21,-36,-43,-15,-20,-24,-31,sil
11.53605580329895,-38,-12,-18,-15,-7,11,-2,-12,-20,-17,-38,-38,-33,-20,sil
11.551095485687256,-39,-15,-24,-19,-3,28,24,3,5,8,-29,-26,-23,-3,sil
11.551095485687256,-17,-7,-14,-13,-1,12,27,19,24,21,-20,-8,-5,0,sil
11.566295385360718,-3,-5,-2,-20,-13,-1,1,19,24,18,-11,-2,9,0,sil
11.582019567489624,6,-5,2,-26,-18,-7,-14,4,10,0,0,10,15,8,sil
11.582019567489624,27,11,24,-4,-3,-11,-12,-3,0,-16,15,37,16,15,sil
11.598400115966797,35,27,33,14,4,-10,-6,-5,-5,-15,27,31,12,5,sil
11.598400115966797,5,11,6,8,-2,-5,-7,-9,-15,-15,11,-7,-7,-12,sil
11.598400115966797,-27,-7,-7,5,-4,0,-6,-9,-25,-21,-23,-30,-32,-17,sil
11.613415479660034,-17,-3,-1,19,1,17,8,-4,-14,-9,-21,-23,-25,-8,sil
11.629109144210815,7,6,0,28,8,31,32,5,9,22,11,-2,4,13,sil
11.629109144210815,12,-1,-1,22,10,14,32,17,24,39,12,7,16,30,sil
11.64492917060852,5,-20,-14,0,-3,-11,0,14,19,18,-4,2,7,17,sil
11.64492917060852,6,-19,-19,-20,-13,-17,-21,9,6,0,12,10,14,5,sil
11.660809516906738,14,9,-2,-3,1,-12,-6,11,13,14,45,30,35,17,sil
11.660809516906738,25,31,21,22,21,-8,1,-2,17,18,50,35,33,16,sil
11.660809516906738,29,31,34,28,17,-2,-18,-18,-5,0,35,28,11,0,sil
11.676289081573486,17,22,32,24,7,4,-20,-16,-26,-11,13,12,-6,-8,sil
11.692065954208374,-3,8,16,14,9,9,4,-13,-22,-10,-17,-13,-19,-12,sil
11.692065954208374,-20,-7,-5,1,6,9,14,-11,-6,0,-38,-32,-24,-14,sil
11.707162857055664,-31,-18,-19,-7,-9,3,3,-4,1,2,-34,-29,-20,-7,sil
11.707162857055664,-24,-21,-23,-18,-16,-5,0,0,3,-9,-30,-18,-15,0,sil
11.722696304321287,-2,-15,-14,-13,-7,-4,7,5,8,-6,-27,-8,-5,5,sil
11.722696304321287,3,-8,-4,-4,-1,1,3,14,13,10,-13,3,14,6,sil
11.737800359725952,-4,-10,-17,-17,-9,-10,-12,4,1,-3,0,7,20,-4,sil
11.737800359725952,-8,-11,-24,-34,-9,-23,-19,-7,-17,-25,3,0,5,-23,sil
11.752936363220217,-9,-4,-10,-26,0,-13,-17,-1,-25,-22,7,-8,-5,-31,sil
11.752936363220217,-9,5,-3,-12,-5,0,-18,0,-27,-19,4,-11,-10,-23,sil
11.768187999725342,-1,13,4,0,-3,1,-3,-4,-18,-20,-5,-5,-17,-7,sil
11.768187999725342,3,12,19,21,15,20,24,5,4,-1,-7,-4,-15,5,sil
11.7841899394989,-6,2,11,19,14,39,39,16,21,25,-7,-11,-10,12,sil
11.7841899394989,-21,-17,-8,-6,-6,23,32,7,14,27,-12,-14,-13,9,sil
11.800201892852783,-9,-22,-12,-14,-13,0,16,0,13,16,-3,0,-3,9,sil
11.800201892852783,13,-11,0,-10,-5,-5,2,3,21,13,9,15,17,15,sil
11.815642833709717,14,-8,-1,-19,-7,-12,-7,4,15,6,6,12,19,10,sil
11.815642833709717,6,-2,-6,-12,-11,-16,-15,-1,2,-10,9,7,12,-1,sil
11.831221103668211,17,16,7,8,2,-9,-15,0,3,-9,28,21,18,0,sil
11.831221103668211,30,23,19,11,9,-4,-8,4,9,8,34,30,25,11,sil
11.846696138381958,27,23,21,12,4,-6,-7,-1,6,8,24,24,19,13,sil
11.846696138381958,20,30,24,36,9,-1,-10,-6,-1,-3,19,11,4,5,sil
11.862732172012327,2,20,20,44,10,2,-8,-8,-9,-2,11,-4,-8,-4,sil
11.862732172012327,-11,-1,10,20,0,0,-4,-13,-16,0,-5,-15,-12,-7,sil
11.878814697265623,-9,0,3,17,9,5,4,-14,-19,0,-19,-20,-12,0,sil
11.878814697265623,-10,10,2,23,17,23,20,-2,-11,10,-20,-14,-14,8,sil
11.893965482711792,-14,-6,-6,0,3,23,23,11,14,23,-13,-4,-11,9,sil
11.893965482711792,-10,-23,-23,-28,-4,-1,4,7,22,7,-8,-7,-3,4,sil
11.910014152526855,-13,-28,-24,-31,-5,-17,-8,-4,0,-17,-8,-11,1,-4,sil
11.910014152526855,-18,-25,-22,-31,-10,-13,-9,-4,-1,-10,-8,-6,-1,-14,sil
11.925172567367554,-9,-14,-20,-31,-6,-7,-15,1,-2,0,-7,0,-5,-16,sil
11.925172567367554,7,0,-3,-11,0,-7,-15,0,-22,-9,0,6,2,-13,sil
11.94062876701355,16,15,15,10,0,-10,-8,-2,-23,-17,6,15,10,-9,sil
11.94062876701355,4,19,18,13,1,-6,-8,-6,-18,-23,0,7,-4,-6,sil
11.95621109008789,-13,6,5,13,-3,7,5,-8,-26,-12,-19,-20,-19,-4,sil
11.95621109008789,-15,-5,-2,12,-1,19,36,6,-1,11,-19,-21,-8,2,sil
11.971381187438965,0,-6,-10,-1,5,17,36,27,34,16,-3,0,5,14,sil
11.971381187438965,7,-6,-16,-14,-5,3,2,20,30,9,0,1,4,14,sil
11.98723077774048,0,-17,-12,-20,-20,-15,-21,3,9,0,-10,0,0,2,sil
11.98723077774048,1,-17,-7,-20,-22,-27,-22,0,0,-21,-4,20,2,1,sil
12.002710103988647,19,4,6,-3,-8,-14,-15,-4,-1,-21,21,34,9,3,sil
12.002710103988647,16,18,18,7,11,-3,-9,-10,1,0,36,17,11,-8,sil
12.018728971481323,4,19,8,7,1,-9,-12,-10,3,4,27,0,10,-16,sil
12.018728971481323,17,24,10,22,-11,0,-13,-8,-2,9,33,11,19,0,sil
12.034056186676024,22,25,24,32,22,18,5,-5,0,24,42,17,21,11,sil
12.034056186676024,-4,7,13,8,45,21,24,-1,6,20,9,-6,-1,2,sil
12.05576491355896,-26,-15,-10,-8,15,11,20,-2,3,3,-29,-30,-20,-6,sil
12.05576491355896,-24,-16,-19,2,-2,12,17,-3,3,4,-33,-34,-22,-1,sil
12.05576491355896,-20,-6,-12,10,5,22,24,0,5,11,-28,-30,-21,3,sil
12.0661199092865,-24,-18,-16,-1,2,14,15,3,0,2,-31,-31,-19,0,sil
12.080760955810549,-26,-31,-26,-20,-10,-6,-2,3,2,-2,-31,-28,-13,-6,sil
12.081138610839844,-10,-17,-16,-33,-13,-10,-7,14,9,9,-19,-10,0,3,sil
12.096649408340454,20,-3,1,-29,-14,-9,-12,19,3,11,1,11,21,14,sil
12.096649408340454,34,8,17,-9,-9,-19,-18,2,-8,-13,16,30,30,8,sil
12.111721754074097,30,31,27,13,2,-14,-8,-6,-10,-24,22,39,17,2,sil
12.111721754074097,16,31,27,26,8,6,2,-7,-12,-6,23,26,0,8,sil
12.127084493637083,-2,7,25,27,4,11,2,-5,-13,5,13,6,-3,8,sil
12.127084493637083,-6,-4,16,18,-2,3,6,7,2,4,0,7,0,7,sil
12.142521142959597,0,-9,-2,-3,-8,0,0,13,16,3,-1,12,1,7,sil
12.142521142959597,0,-15,-21,-18,-15,-10,-15,-1,7,0,0,3,-2,-4,sil
12.159003496170044,-3,-4,-10,-14,-12,-25,-18,-14,-9,-16,7,2,-3,-22,sil
12.159003496170044,4,13,10,-1,0,-22,-14,-15,-18,-27,14,11,0,-25,sil
12.174631834030151,9,16,11,14,12,-1,-10,-15,-13,-12,11,2,-3,-14,sil
12.174631834030151,-1,11,4,23,14,19,9,-9,-5,5,0,-15,-11,0,sil
12.190325021743774,-9,3,-5,12,9,23,28,1,0,10,-13,-20,-13,8,sil
12.190325021743774,-2,-7,-17,0,6,12,12,3,7,6,-15,-6,-2,10,sil
12.205974817276,2,-21,-22,-16,1,0,-2,3,7,-2,-11,1,7,6,sil
12.205974817276,0,-26,-26,-34,-12,-8,1,5,1,-9,-14,-8,4,1,sil
12.221657991409302,-2,-13,-15,-28,-15,-17,-5,0,0,-13,-13,-6,1,-4,sil
12.221657991409302,6,8,12,4,3,-19,-18,0,-2,-14,2,11,4,-6,sil
12.236792087554932,10,19,20,17,12,-3,-13,2,-10,-2,15,14,0,-3,hello
12.251975536346436,-8,12,4,6,3,12,-7,-7,-15,6,8,-4,-6,-4,hello
12.251975536346436,-27,4,-4,8,0,14,-2,-15,-12,1,-10,-26,-19,-15,hello
12.251975536346436,-24,5,-2,14,2,20,15,-1,-6,-1,-21,-35,-32,-17,hello
12.267746925354004,-18,-2,-5,4,-1,28,26,11,4,12,-16,-29,-21,-5,hello
12.267746925354004,-15,-13,-13,0,-5,11,21,13,20,36,-7,-15,7,10,hello
12.282984733581545,-4,-9,-3,2,1,-4,16,16,27,41,8,0,17,21,hello
12.298561573028564,7,-4,1,3,3,2,11,18,30,24,21,10,14,18,hello
12.298561573028564,12,-2,1,4,-3,4,2,11,33,10,17,18,22,14,hello
12.3145272731781,21,3,7,7,-1,-8,0,15,33,16,13,27,34,20,hello
12.3145272731781,20,5,5,-1,3,-11,0,14,22,15,12,20,29,22,hello
12.3300940990448,5,-2,-4,-19,-2,-8,-16,-3,-1,-9,3,10,14,5,hello
12.3300940990448,3,-3,-1,-19,-8,-21,-26,-16,-18,-29,0,9,1,-7,hello
12.345739364624023,11,6,5,-10,-6,-27,-16,-14,-20,-26,-3,9,-2,-10,hello
12.345739364624023,15,2,2,-18,-11,-16,-12,-10,-18,-22,3,9,7,-7,hello
12.361003160476685,18,-3,10,-16,-15,-5,-15,-8,-11,-19,23,19,12,0,hello
12.361003160476685,16,11,28,5,2,2,-3,-10,-7,-13,16,25,-3,1,hello
12.376771688461304,7,15,20,9,13,6,5,-13,-19,-15,-9,7,-19,-8,hello
12.376771688461304,-5,0,1,-2,0,0,-4,-16,-37,-31,-10,-14,-24,-24,hello
12.392195224761965,-15,-3,0,0,-1,0,-12,-14,-38,-35,-11,-22,-31,-28,hello
12.392195224761965,-20,1,6,17,14,16,0,-6,-21,-7,-27,-26,-33,-18,hello
12.408168315887451,-21,0,6,26,18,17,12,-6,-7,15,-22,-27,-25,-7,hello
12.408168315887451,-16,0,1,25,14,15,14,-1,0,14,-5,-14,-19,0,hello
12.424156665802002,-13,-6,-11,14,8,25,19,6,11,18,-4,-5,-10,5,hello
12.424156665802002,-16,-14,-21,4,0,20,22,4,12,19,-16,-14,-5,4,hello
12.438862085342407,-10,-9,-17,3,0,2,9,5,3,5,-21,-17,-11,4,hello
12.438862085342407,-6,-6,-12,-2,-1,2,5,14,8,7,-5,-1,0,11,hello
12.454017162322998,-1,-10,-17,-13,-12,-1,11,15,20,18,10,0,19,11,hello
12.454017162322998,9,-2,-14,-13,-13,-16,6,13,21,12,9,1,22,10,hello
12.470298767089844,11,6,-1,-7,-2,-16,1,16,25,12,8,13,23,14,hello
12.470298767089844,7,3,-5,-4,-7,-12,3,15,28,10,9,14,27,14,hello
12.485923290252686,15,3,-10,-6,-10,-13,0,11,21,3,10,13,30,13,hello
12.485923290252686,16,3,-4,-12,-1,-12,-10,11,17,17,18,20,35,10,hello
12.501048803329468,9,7,2,-15,0,-6,-25,3,12,24,20,18,22,0,hello
12.501048803329468,10,12,8,-8,1,-3,-27,-4,-1,-2,17,13,1,-7,hello
12.51678204536438,7,9,10,0,5,-5,-13,-10,-12,-24,14,10,-3,-6,hello
12.51678204536438,6,7,12,-4,2,-4,-12,-14,-16,-24,8,4,-3,-10,hello
12.531939506530762,13,12,14,-3,3,-1,-17,-15,-21,-22,8,0,-11,-19,hello
12.531939506530762,9,19,15,11,10,3,-3,-14,-23,-20,9,1,-11,-18,hello
12.548028707504272,-4,10,24,18,6,10,10,-9,-17,-12,-7,0,-12,-2,hello
12.548028707504272,-17,-18,10,4,-8,8,8,-6,-4,2,-26,-16,-18,-1,hello
12.563730478286743,-29,-32,-10,-3,-12,3,0,-13,-10,0,-22,-29,-20,-14,hello
12.563730478286743,-25,-12,2,11,-1,6,0,-14,-31,-16,-11,-19,-15,-6,hello
12.578821420669556,-12,2,10,21,0,8,4,-8,-32,-22,-18,-10,-15,5,hello
12.578821420669556,-15,-3,-4,15,0,5,3,0,-13,-3,-26,-13,-16,0,hello
12.594057083129885,-2,-1,-1,20,10,9,13,13,7,23,-7,-2,-1,6,hello
12.594057083129885,13,1,6,15,9,8,17,14,17,23,4,6,6,21,hello
12.61011791229248,-3,-15,-14,-16,-11,0,2,4,12,-1,-15,-4,-5,11,hello
12.61011791229248,-14,-15,-31,-25,-15,0,2,6,14,-1,-18,-10,-4,2,hello
12.626022577285768,8,-2,-19,-11,0,4,21,16,28,21,6,0,14,14,hello
12.626022577285768,20,-9,-12,-11,1,-1,20,17,31,20,14,6,15,19,hello
12.641680717468262,10,-8,-12,-10,0,-5,4,12,22,6,12,11,7,7,sil
12.641680717468262,13,9,-5,-1,11,0,-8,5,12,7,23,19,9,-4,sil
12.65719223022461,23,15,1,0,15,0,-12,-2,7,7,28,18,11,-9,sil
12.65719223022461,8,3,2,-8,9,-6,-9,-4,-1,-12,22,12,8,-13,sil
12.672818660736084,-7,-2,-3,-17,-3,-23,-15,-6,-15,-26,18,8,3,-20,sil
12.672818660736084,1,11,6,-8,-3,-23,-19,-11,-11,-7,18,10,6,-16,sil
12.68891453742981,11,29,29,12,8,-5,-6,-8,0,10,11,8,11,-5,sil
12.68891453742981,-7,15,18,3,-2,1,-6,-8,-11,0,-11,-7,0,-9,sil
12.705036163330078,-25,-7,1,-13,-16,0,-15,-13,-21,-17,-33,-19,-16,-22,sil
12.705036163330078,-9,1,10,3,4,8,0,-4,-5,-4,-27,-13,-11,-11,sil
12.720760822296144,1,15,20,17,16,15,14,4,-4,5,-15,-8,-9,8,sil
12.720760822296144,-17,0,9,5,-7,10,4,0,-26,-6,-22,-17,-22,7,sil
12.735957384109495,-24,-16,-13,0,-18,12,5,-3,-26,-13,-27,-22,-19,1,sil
12.735957384109495,-12,-10,-14,0,-7,14,15,-5,-14,-4,-18,-12,-6,6,sil
12.751656532287598,-1,-2,-1,1,-8,0,12,0,0,0,-8,-6,-1,14,sil
12.751656532287598,14,-9,-2,7,-10,-9,13,14,29,14,3,3,14,26,sil
12.767299175262451,24,-13,-5,4,0,-2,16,29,53,35,21,27,39,35,sil
12.767299175262451,16,2,-3,5,1,-4,0,21,44,31,28,30,39,23,sil
12.78297233581543,13,9,0,9,0,-15,-25,0,16,6,25,15,25,6,sil
12.78297233581543,18,-3,-4,0,0,-14,-28,-7,-5,-9,19,15,15,3,sil
12.798076152801514,12,-4,-6,0,0,-10,-18,-11,-16,-15,10,20,6,-1,sil
12.798076152801514,0,2,0,4,4,-7,-11,-16,-19,-18,16,10,-6,-11,sil
12.813780784606934,-2,4,4,-1,15,5,-1,-10,-18,-15,21,0,-19,-17,sil
12.813780784606934,-6,10,1,-3,17,10,3,-5,-24,-17,0,-9,-30,-26,sil
12.829943180084229,-9,8,6,8,7,0,0,-3,-19,-12,-13,-16,-28,-25,sil
12.829943180084229,-8,6,10,11,1,5,2,3,2,4,-1,-16,-19,-10,sil
12.845065116882324,-10,6,5,2,13,29,16,3,6,5,-3,-14,-19,-5,sil
12.845065116882324,-10,-2,-1,0,19,32,31,0,0,7,-21,-17,-17,-3,sil
12.860780715942385,-2,-13,-3,-2,2,15,28,7,16,24,-19,-13,-3,9,sil
12.860780715942385,-4,-15,-11,-15,-15,2,9,15,26,19,-14,-11,3,15,sil
12.876346349716188,-15,-21,-27,-28,-17,-4,0,4,10,1,-25,-16,-1,7,sil
12.876346349716188,-12,-25,-27,-37,-21,-17,-7,-6,0,1,-25,-9,0,1,sil
12.891754388809204,7,-13,-13,-34,-25,-31,-21,-4,0,0,-1,10,17,-1,sil
12.891754388809204,19,2,6,-12,-12,-32,-25,-6,-11,-14,16,24,29,-7,sil
12.907806396484377,16,14,19,12,1,-18,-18,-9,-25,-20,16,19,15,-6,sil
12.907806396484377,8,18,19,22,0,0,-9,-3,-16,-11,12,10,3,0,sil
12.923064470291138,-3,11,14,15,2,12,2,2,0,-1,5,4,5,-2,sil
12.923064470291138,-17,7,4,12,13,15,6,0,0,-1,-7,-12,-6,-16,sil
12.939113855361938,-21,14,2,18,16,17,6,-7,-3,-1,-13,-22,-23,-10,sil
12.939113855361938,-14,0,0,13,5,14,15,5,8,7,-7,-10,-14,8,sil
12.954326868057253,-13,-22,-22,-11,-12,-4,10,18,17,1,-6,-3,2,5,sil
12.954326868057253,-2,-13,-23,-24,-11,-23,-12,9,5,-13,0,1,7,-8,sil
12.970031499862673,28,19,18,4,12,-11,-14,0,0,-7,21,24,14,1,sil
12.970031499862673,36,32,43,35,20,11,0,-1,5,4,37,40,21,15,sil
12.985175132751465,14,18,22,23,5,11,0,-6,-5,-1,24,19,9,7,sil
12.985175132751465,5,0,2,8,1,2,5,-11,-16,1,-1,-8,-3,5,sil
13.00079345703125,7,-9,8,10,3,7,15,-1,0,17,-11,-7,-4,18,sil
13.016705751419067,3,-18,-1,-2,-4,7,9,6,10,20,-3,-2,-2,19,sil
13.016705751419067,-2,-20,-28,-28,-12,-3,0,6,5,13,-4,-8,1,8,sil
13.031734704971312,5,-9,-19,-27,-11,-9,0,13,10,11,-2,2,12,11,sil
13.031734704971312,20,9,7,-3,-1,-8,0,12,15,9,16,17,15,16,sil
13.031734704971312,9,26,19,14,13,0,-1,-6,0,-2,22,12,2,1,sil
13.047435522079468,-9,15,10,23,14,13,7,-8,-8,-1,0,-1,-13,-15,sil
13.047435522079468,-14,-13,-10,12,4,10,18,0,5,14,-16,-13,-17,-11,sil
13.064281940460203,-23,-32,-28,-16,-5,-6,7,-6,3,9,-26,-26,-12,-2,sil
13.064281940460203,-34,-30,-33,-34,-24,-15,-14,-6,-11,-17,-31,-29,-8,-11,sil
13.078083992004396,-18,-15,-24,-26,-21,-17,-25,2,-9,-26,-9,-7,0,-22,sil
13.09364628791809,6,9,-5,-9,5,-14,-24,1,0,-15,15,14,11,-14,sil
13.09364628791809,7,21,9,0,10,-3,-22,-12,-10,-16,8,11,2,-8,sil
13.109951496124268,-8,5,9,-7,-6,-2,-21,-12,-23,-26,-2,-3,-24,-20,sil
13.109951496124268,-4,3,13,0,-6,-1,-9,-1,-13,-15,7,-4,-22,-20,sil
13.1253023147583,14,25,32,30,15,14,13,0,-2,4,16,7,1,2,sil
13.1253023147583,9,18,27,36,24,29,30,0,-1,6,1,6,0,10,sil
13.140671014785768,-18,-9,-4,7,3,21,26,4,4,2,-24,-15,-16,-6,sil
13.140671014785768,-25,-15,-14,-7,-9,12,10,2,8,5,-36,-28,-12,-7,sil
13.156630277633669,-6,-11,-10,2,-1,8,3,2,9,15,-20,-13,-2,6,sil
13.156630277633669,1,-16,-16,0,0,-1,8,11,21,22,-5,2,2,14,sil
13.172105312347412,6,-16,-16,-18,-14,-14,5,17,25,17,0,7,20,20,sil
13.172105312347412,22,-2,-2,-12,-10,-15,-2,15,19,11,16,21,39,29,sil
13.188111782073976,38,12,15,6,7,-9,-7,8,15,12,37,43,40,31,sil
13.188111782073976,32,17,14,8,6,-11,-8,-4,-1,-3,36,30,24,13,sil
13.20399045944214,11,17,1,0,-5,-12,-11,-18,-33,-38,20,-1,0,-14,sil
13.20399045944214,-3,13,0,3,-4,-6,-6,-19,-38,-40,5,-12,-17,-21,sil
13.21998167037964,-12,1,4,13,3,1,4,-14,-17,-5,-1,-12,-15,-6,sil
13.21998167037964,-20,-8,4,9,8,10,13,-5,0,18,-6,-16,-11,-2,sil
13.235185861587524,-17,-12,-8,-3,6,7,12,7,9,20,-12,-16,-7,-5,sil
13.235185861587524,-7,-7,-14,-15,-4,-3,-5,8,5,5,-8,-1,4,0,sil
13.250894784927368,3,8,0,-16,-8,-4,-22,0,-6,-10,9,14,8,0,sil
13.250894784927368,10,23,15,0,8,4,-7,1,0,-4,14,13,-1,-5,sil
13.265989780426024,0,11,21,14,16,17,17,2,8,11,-1,0,-12,-3,sil
13.265989780426024,-11,-10,6,11,0,23,20,1,17,19,-13,-5,-7,6,sil
13.28172779083252,-5,-11,-9,-4,-11,8,0,8,27,17,-14,0,5,10,sil
13.28172779083252,12,-4,-1,-16,-7,-18,-19,3,4,-8,-3,9,5,-1,sil
13.297340631484984,17,0,12,-3,0,-23,-22,-17,-31,-36,6,12,-6,-10,sil
13.297340631484984,1,5,14,19,8,0,-8,-19,-28,-22,-6,0,-15,-4,sil
13.313161849975586,-12,1,1,21,6,15,7,-2,-1,13,-22,-20,-15,0,sil
13.313161849975586,-17,-17,-20,-1,-4,10,13,4,8,18,-22,-26,-16,-4,sil
13.328325986862184,-19,-28,-29,-18,-11,-1,7,10,9,2,-23,-20,-17,-1,sil
13.328325986862184,-8,-15,-20,-16,-10,-12,2,20,18,7,-10,-9,7,10,sil
13.344120025634766,6,-6,-7,-17,-4,-18,-2,15,25,18,19,9,39,12,sil
13.344120025634766,1,-9,-9,-18,-3,-24,-11,0,8,2,24,19,31,0,sil
13.359834671020508,0,3,-6,-6,-7,-17,-8,-8,-14,-13,13,12,8,-10,sil
13.359834671020508,15,19,6,2,2,-4,0,-8,-15,-10,20,14,9,-4,sil
13.375673532485962,16,16,5,5,12,0,0,-12,-13,-11,22,13,8,0,sil
13.375673532485962,2,14,10,14,10,5,0,-9,-20,-19,10,4,-9,0,sil
13.390775442123411,0,18,22,25,11,25,4,0,-14,-10,2,-3,-21,0,sil
13.390775442123411,-2,14,13,27,12,33,6,-7,-6,1,-7,-14,-21,-1,sil
13.406360626220703,-11,2,1,18,3,22,11,-5,-1,6,-13,-19,-15,0,sil
13.406360626220703,-7,-6,1,7,-5,9,20,16,15,13,-10,-13,-6,6,sil
13.422311544418337,2,-2,0,-8,-10,-2,12,18,22,14,-10,-4,-5,12,sil
13.422311544418337,4,0,-8,-20,-9,-6,0,3,12,10,-7,1,0,8,sil
13.437959671020508,2,-7,-14,-15,-4,0,-5,2,16,13,2,11,16,1,sil
13.437959671020508,7,-7,-6,-11,-4,-8,-13,1,6,2,7,14,17,-4,sil
13.453621625900269,12,0,3,-11,-7,-25,-20,-8,-20,-18,4,11,4,-8,sil
13.453621625900269,11,3,11,-1,2,-14,-16,-5,-14,-15,14,23,15,-1,sil
13.469049453735352,8,8,12,10,15,3,-9,2,5,0,28,28,26,6,sil
13.469049453735352,-4,8,4,10,10,1,-2,-3,-5,-2,8,-2,3,-5,sil
13.484750986099243,-21,0,0,7,5,7,8,-9,-12,-7,-16,-26,-18,-14,sil
13.484750986099243,-14,-3,0,9,7,22,18,0,4,0,-16,-22,-20,-2,sil
13.50085973739624,-7,-9,-2,3,-1,13,15,6,4,-2,-17,-19,-16,2,sil
13.50085973739624,-13,-22,-9,-7,-11,2,13,7,0,0,-22,-25,-9,0,sil
13.51639199256897,-10,-21,-9,-10,-6,6,17,9,16,23,-18,-15,-3,5,sil
13.51639199256897,0,-9,0,-5,-6,0,10,6,17,27,-13,0,0,15,sil
13.531532287597656,4,-3,-1,-4,-16,-14,0,3,4,9,-5,4,12,11,sil
13.531532287597656,3,-7,-9,-11,-15,-20,-13,0,0,0,4,6,19,5,sil
13.5467050075531,9,-3,-2,-15,-5,-26,-26,-3,-5,-3,12,15,14,2,sil
13.5467050075531,20,16,5,-3,-1,-25,-29,-12,-11,-18,23,20,6,-2,sil
13.562689304351808,21,29,12,5,0,-16,-25,-13,-18,-33,26,23,0,-12,sil
13.562689304351808,11,26,17,8,8,-10,-17,-9,-20,-30,16,17,-3,-17,sil
13.578779935836792,0,30,16,17,18,0,-5,-17,-15,-18,11,-3,-15,-21,sil
13.578779935836792,-14,18,4,14,17,18,0,-16,-13,-9,-1,-21,-32,-22,sil
13.594342231750488,-21,-9,-10,-9,8,28,13,0,-6,2,-23,-19,-28,-10,sil
13.594342231750488,-13,-19,-8,-14,4,24,23,0,-3,10,-23,-10,-15,2,sil
13.609883546829224,-5,-11,-3,10,3,14,13,-7,-9,3,-10,-9,-16,4,sil
13.609883546829224,-2,-9,-4,27,6,14,13,6,0,10,-1,-3,-2,13,sil
13.625788927078249,9,-8,7,24,10,20,29,26,23,39,10,12,29,30,sil
13.625788927078249,11,-7,5,10,0,7,24,22,27,42,8,13,30,26,sil
13.640849590301514,-5,-12,-13,-9,-15,-11,0,14,16,10,-11,2,7,7,sil
13.640849590301514,-11,-19,-23,-22,-16,-12,-1,17,21,-1,-20,-4,6,0,sil
13.656928777694702,-6,-22,-25,-29,-10,-3,1,14,23,4,-14,-8,10,0,sil
13.656928777694702,-3,-15,-20,-30,-10,-6,-10,1,12,-8,-5,-6,5,-6,sil
13.67302131652832,4,2,-5,-10,-7,-15,-20,-3,1,-19,9,4,13,-6,sil
13.67302131652832,17,14,11,6,1,-14,-17,-5,-4,-8,27,21,21,0,sil
13.688441038131714,23,19,18,6,5,-6,-9,-7,-3,-3,33,21,12,5,sil
13.688441038131714,19,29,21,9,3,-5,-6,-9,1,-1,32,13,8,3,sil
13.703571319580078,9,28,21,12,1,-8,-8,-5,0,4,31,17,10,-1,sil
13.703571319580078,0,13,14,9,3,-3,-7,-3,-5,-2,23,11,4,-7,sil
13.72010898590088,-6,14,12,14,6,5,-5,-9,-15,-23,7,-5,-12,-7,sil
13.72010898590088,-8,20,11,20,6,6,-2,-15,-21,-18,-7,-15,-29,-8,sil
13.73607349395752,-16,6,1,9,0,4,3,-14,-14,2,-17,-21,-28,-9,sil
13.73607349395752,-20,-14,-3,-6,-5,10,11,-8,-11,8,-25,-29,-20,-5,sil
13.751662731170654,-12,-18,-2,-1,-1,15,24,0,-11,9,-30,-25,-15,0,sil
13.751662731170654,-6,-16,0,7,5,15,33,7,0,18,-30,-12,-14,3,sil
13.767202615737917,-7,-27,-12,-8,0,14,20,6,8,11,-30,-16,-19,1,sil
13.767202615737917,-4,-26,-28,-29,-10,11,3,3,3,-3,-29,-15,-16,0,sil
13.78275728225708,1,-9,-17,-24,-2,0,3,8,4,-1,-20,3,2,7,sil
13.78275728225708,2,-5,-4,-6,5,-7,0,7,6,0,-12,8,11,4,sil
13.79883098602295,0,-9,-9,0,-4,-12,-14,2,-4,-11,-9,0,1,-7,sil
13.79883098602295,1,-1,-12,-3,-9,-19,-19,7,-5,-15,1,9,2,-3,sil
13.814725399017334,9,-1,-7,-12,-4,-19,-16,3,0,-6,12,12,12,0,sil
13.814725399017334,16,-3,0,-13,-1,-16,-23,-9,-7,-6,16,9,17,-2,sil
13.82976222038269,20,12,8,6,3,-18,-26,-6,-7,-6,28,23,22,5,sil
13.82976222038269,17,22,16,17,5,-11,-14,0,5,0,41,31,24,8,sil
13.845681190490724,4,8,10,-1,-1,-7,-10,-3,1,0,27,11,7,-6,sil
13.845681190490724,-8,6,5,-7,-4,-12,-14,-5,-5,-7,6,-3,-7,-10,sil
13.860728979110718,-2,17,21,15,2,-2,-9,-2,0,-6,4,4,0,0,sil
13.860728979110718,8,13,22,21,1,14,2,0,3,-1,7,0,3,2,sil
13.875755786895752,-9,0,4,5,1,24,13,2,6,2,0,-14,-7,-1,sil
13.875755786895752,-24,-1,3,11,12,35,26,4,10,11,0,-11,-10,0,sil
13.891275644302368,-4,5,9,23,13,39,41,3,13,29,7,0,3,10,sil
13.891275644302368,8,3,9,16,7,25,43,0,13,33,9,3,8,16,sil
13.90605926513672,-1,0,1,11,5,16,30,0,9,24,-5,-1,0,10,sil
13.92188572883606,-7,-3,-14,2,-1,7,10,4,5,15,-17,-10,-5,2,sil
13.92188572883606,0,-8,-19,-17,-11,-7,-3,8,7,1,-7,-3,3,2,sil
13.937950372695925,3,-8,-16,-17,-4,-11,-1,10,13,-5,-2,7,11,8,sil
13.937950372695925,-3,-9,-23,-12,6,-10,4,8,7,-2,-20,-3,0,1,sil
13.953724145889282,-8,-18,-26,-24,0,-19,-3,4,0,-4,-25,-16,-5,-12,sil
13.953724145889282,5,-13,-10,-23,-10,-25,-22,1,-1,-14,0,4,7,-11,sil
13.953724145889282,15,4,8,-5,-2,-22,-29,-6,-15,-18,15,19,13,-5,sil
13.969810009002686,6,11,9,7,6,-19,-22,-15,-30,-18,8,0,-5,-18,sil
13.98503851890564,2,11,12,8,0,-13,-16,-11,-26,-25,1,-7,-21,-20,sil
13.98503851890564,5,16,20,8,-1,-3,-11,-4,-12,-20,-1,-1,-20,0,sil
14.000138521194458,-6,10,16,14,0,6,-8,-9,-7,0,-6,-8,-17,1,sil
14.000138521194458,-19,-7,-1,9,-7,6,-4,-12,-12,2,-6,-14,-25,-14,sil
14.015690326690674,-10,-13,-10,-1,-12,3,3,-4,-7,-5,-5,-10,-26,-6,sil
14.015690326690674,0,-4,-2,-1,-2,11,15,0,4,-4,-8,-6,-11,13,sil
14.031798124313354,-7,-11,-7,-5,-3,14,9,0,2,1,-16,-11,0,12,sil
14.031798124313354,-17,-20,-20,-19,-17,4,-2,4,-1,6,-17,-12,2,7,sil
14.046931028366089,-6,-7,-7,-19,-11,0,2,16,14,16,-3,3,13,16,sil
14.046931028366089,13,0,1,-9,4,4,12,20,36,30,9,17,33,19,sil
14.067922353744509,14,-7,-4,-10,1,0,-4,7,28,28,17,20,38,9,sil
14.067922353744509,5,-5,-4,-12,-2,-10,-18,-4,0,0,19,19,28,0,sil
14.067922353744509,10,7,3,-3,7,-7,-5,-5,-12,-18,16,18,16,-4,sil
14.07809853553772,19,22,13,8,18,2,1,-1,-5,-9,23,16,9,-9,sil
14.093682050704956,14,30,19,18,14,8,-3,-1,-4,-5,22,11,2,-9,sil
14.093682050704956,-4,22,14,22,11,7,0,-12,-21,-22,-1,-3,-15,-12,sil
14.51465368270874,9,1,-1,16,-1,11,1,3,10,1,-7,0,-1,12,sil
14.51465368270874,-6,-8,-6,-5,-6,16,2,-4,5,2,-21,-9,-10,10,sil
14.53025221824646,-9,-11,-10,-17,-7,11,11,4,11,17,-15,-8,-2,6,sil
14.53025221824646,-7,-15,-13,-16,0,9,31,22,24,17,-8,-5,0,2,sil
14.546016931533812,-15,-27,-20,-22,-2,4,36,20,23,8,-16,-11,-5,0,sil
14.546016931533812,-19,-34,-21,-37,-19,-4,12,7,8,0,-18,-13,-1,0,sil
14.561314582824709,-11,-28,-11,-42,-25,-11,-2,8,2,-6,-7,-2,2,0,sil
14.561314582824709,-6,-19,-15,-37,-13,-22,0,9,10,-4,-3,-1,7,-7,sil
14.576942682266235,-3,-9,-19,-28,-2,-25,-6,0,20,2,-1,-3,13,-8,sil
14.576942682266235,13,9,-1,-10,6,-12,-17,3,21,5,15,16,22,6,sil
14.592095375061035,31,28,16,8,15,-3,-21,2,11,-2,30,34,28,12,sil
14.607685804367064,25,28,15,12,16,-9,-19,-9,-4,-11,26,24,20,-4,sil
14.607685804367064,8,24,7,10,12,-10,-15,-11,-10,0,16,10,4,-13,sil
14.622831106185911,0,24,11,13,5,-6,-19,-7,-10,6,9,12,-6,-8,sil
14.622831106185911,0,18,12,14,0,-7,-22,-15,-21,-11,2,5,-13,-16,sil
14.638919115066528,-4,9,6,13,0,-6,-11,-21,-30,-25,0,-9,-13,-24,sil
14.638919115066528,-11,3,6,18,5,0,-1,-11,-26,-13,0,-9,-9,-14,sil
14.653668642044067,-17,-5,0,17,0,9,0,-2,-16,-4,-7,-12,-16,-6,sil
14.653668642044067,-11,-12,-5,12,-3,17,9,-1,-4,3,-9,-15,-10,1,sil
14.669987440109251,6,-4,12,24,7,20,25,5,4,20,6,0,11,13,sil
14.669987440109251,6,5,23,38,14,16,21,9,-2,16,10,6,1,9,sil
14.685101747512816,-9,3,12,24,9,15,13,1,-7,-4,-13,-10,-22,2,sil
14.685101747512816,1,-2,9,9,1,19,22,6,16,2,-16,-13,-6,16,sil
14.700822114944458,21,-6,9,1,-2,13,26,16,28,19,10,6,14,28,sil
14.700822114944458,13,-17,-6,-13,-6,0,11,8,13,16,8,10,6,20,sil
14.716760158538818,1,-20,-20,-18,-10,-10,-4,-2,5,9,-18,0,4,12,sil
14.716760158538818,0,-19,-18,-22,-18,-15,-19,-3,-1,-2,-14,-4,10,4,sil
14.732040405273438,-4,-19,-26,-38,-20,-17,-20,0,-9,-10,2,-3,6,-1,sil
14.732040405273438,-2,-8,-22,-36,-11,-12,-8,5,0,0,0,3,8,1,sil
14.74769902229309,4,2,-2,-14,-5,-15,-10,3,0,-2,0,8,11,-1,sil
14.74769902229309,0,10,0,-4,0,-16,-16,-5,-16,-25,2,4,-1,-17,sil
14.763299703598022,0,17,2,-7,11,6,0,-3,-14,-22,6,8,-9,-20,sil
14.763299703598022,4,12,6,-6,12,16,3,0,-8,-6,6,3,-6,-14,sil
14.778960466384888,-11,5,5,2,7,0,-12,-12,-21,-9,-1,-5,-14,-18,sil
14.778960466384888,-24,12,10,12,11,-3,-13,-18,-31,-18,-10,-7,-23,-19,sil
14.794413566589355,-19,4,2,14,3,9,6,-11,-12,-6,-11,-18,-19,-12,sil
14.794413566589355,-19,-13,-13,4,-8,14,15,-1,12,16,-13,-33,-11,-4,sil
14.81011962890625,-16,-12,-14,0,-6,13,15,9,26,19,-13,-18,-1,3,sil
14.81011962890625,-7,-5,-7,3,-2,0,10,17,39,7,-4,6,8,14,sil
14.825692176818848,4,-5,-6,0,-3,-17,2,21,54,11,4,10,16,17,sil
14.825692176818848,19,1,-4,-3,0,-9,4,21,56,21,12,9,26,16,sil
14.840827226638794,22,14,5,4,7,-3,1,7,41,9,17,20,24,8,sil
14.840827226638794,13,18,10,9,7,-16,-15,-6,25,-8,20,18,6,-3,sil
14.856286764144896,10,20,14,8,5,-9,-18,-10,-1,-11,16,5,-2,-6,sil
14.856286764144896,11,13,25,16,6,14,1,-7,-38,0,8,3,0,0,sil
14.872202396392822,2,0,15,18,3,17,14,-8,-50,8,-1,0,-4,3,sil
14.872202396392822,-3,-2,3,12,1,12,14,-11,-37,4,-5,-6,-13,6,sil
14.88771653175354,3,-6,3,10,3,16,15,0,-14,15,-1,-3,-5,18,sil
14.88771653175354,9,-13,3,0,-5,12,13,18,5,31,-3,8,12,28,sil
14.902877569198608,5,-13,-1,-18,-12,-3,1,10,1,7,-4,16,17,18,sil
14.902877569198608,2,-6,-9,-24,-4,-17,-9,-11,-18,-25,0,10,7,-2,sil
14.918012619018556,5,-2,-6,-24,0,-19,-20,-16,-23,-27,2,1,0,-18,sil
14.918012619018556,3,-5,-1,-21,-6,-17,-27,-9,-20,-26,3,0,-4,-25,sil
14.933749675750732,-9,-3,-1,-8,-6,-7,-21,-12,-21,-29,1,-8,-13,-30,sil
14.933749675750732,-23,-4,-1,1,-2,7,0,-7,-14,-9,-16,-25,-24,-24,sil
14.950080156326294,-23,-9,-8,0,-10,8,11,4,0,8,-30,-27,-16,-2,sil
14.950080156326294,-8,-10,-11,-13,-17,-5,-2,7,1,0,-9,-5,2,10,sil
14.96527910232544,6,0,-1,-8,-3,-13,-16,5,-2,-13,11,8,3,-5,sil
14.96527910232544,3,18,6,18,16,-2,-5,1,-5,-13,2,-1,-12,-21,sil
14.981059551239014,-4,22,4,31,18,15,14,-1,-3,-4,-7,-14,-16,-5,sil
14.9814612865448,2,12,4,25,12,22,25,4,12,18,2,-9,0,14,sil
14.996676445007324,0,0,0,15,9,19,23,12,30,29,2,-2,5,12,sil
14.996676445007324,-21,-13,-17,-1,0,9,13,6,28,12,-18,-12,-9,3,sil
15.012049913406372,-22,-13,-26,-14,-13,-5,1,1,22,5,-25,-9,-11,4,sil
15.012049913406372,3,2,-5,-5,-7,-13,0,7,25,16,6,22,17,17,sil
15.027350187301636,25,7,8,0,6,-7,3,11,34,22,41,44,44,28,sil
15.027350187301636,26,-3,7,-9,2,-9,-9,1,29,20,37,36,44,19,sil
15.043115139007568,21,-5,9,-14,-3,-15,-29,-4,4,11,18,25,29,4,sil
15.043115139007568,18,11,17,2,7,-3,-15,-4,-10,-5,19,19,12,4,sil
15.058809280395508,9,18,18,16,17,11,3,-10,-16,-21,15,3,-4,-6,sil
15.058809280395508,-4,5,12,15,13,3,0,-15,-26,-26,-5,-13,-16,-23,sil
15.07410740852356,-6,2,11,16,7,-2,1,-14,-29,-16,-15,-12,-21,-14,sil
15.07410740852356,0,8,9,19,2,6,13,-6,-18,-6,-14,-12,-23,0,sil
15.090327501296995,-8,0,-10,6,-7,13,18,1,-4,0,-23,-26,-17,-1,sil
15.090327501296995,-25,-23,-27,-16,-16,7,16,8,3,8,-32,-32,-14,-5,sil
15.106019973754885,-29,-36,-27,-34,-21,0,6,8,0,-2,-32,-30,-25,-10,sil
15.106019973754885,-22,-26,-24,-33,-22,-5,-8,2,-8,-23,-25,-25,-24,-15,sil
15.121097326278688,-6,-12,-17,-25,-14,-10,-18,3,-3,-14,-3,-1,1,-9,sil
15.121097326278688,7,0,1,-20,-10,-17,-21,4,0,4,16,21,20,-2,sil
15.136688232421877,13,9,16,-10,-7,-17,-22,0,-6,0,31,29,23,4,sil
15.136688232421877,23,24,18,12,4,-4,-10,3,0,5,42,30,32,19,sil
15.151838779449465,26,34,22,30,18,2,2,1,6,17,37,29,28,19,sil
15.151838779449465,7,25,27,26,19,3,0,-10,-6,2,12,10,2,0,sil
15.167415142059326,-3,14,12,21,11,11,0,-17,-15,-10,-6,-14,-16,-9,sil
15.182481050491331,0,8,3,20,10,21,18,-8,-11,-1,-10,-19,-17,-6,sil
15.182481050491331,-6,-9,0,6,12,18,26,3,-5,5,-17,-17,-17,-3,sil
15.198296070098875,-13,-27,-12,-8,2,10,15,8,5,11,-28,-24,-15,-2,sil
15.198296070098875,-9,-23,-19,-20,-10,1,11,8,24,13,-20,-21,-3,6,sil
15.213343620300291,-8,-21,-21,-36,-16,-3,11,9,26,2,-5,-6,8,17,sil
15.213343620300291,-8,-25,-21,-31,-8,-3,-2,5,8,-1,-14,1,7,12,sil
15.229197978973389,-3,-12,-19,-1,-4,-10,-13,0,-2,-5,-24,0,-3,-1,sil
15.229197978973389,0,1,-11,5,-10,-22,-15,-3,-2,-13,-7,5,-6,-8,sil
15.2440984249115,6,6,5,1,-3,-17,-17,0,-1,-7,20,25,5,-4,sil
15.2440984249115,19,19,19,20,9,-7,-13,2,3,7,32,33,16,0,sil
15.259774923324583,19,30,22,27,15,-2,-7,-1,6,11,27,17,10,3,sil
15.259774923324583,11,21,24,20,16,5,-4,-7,0,8,15,3,-1,0,sil
15.275249004364014,8,17,24,25,8,11,-2,-6,-3,-1,13,6,-1,-2,sil
15.275249004364014,6,19,16,13,0,2,-7,-3,-2,-14,21,17,7,-1,sil
15.290837287902832,5,15,5,-1,2,-2,-9,-1,-2,-2,25,15,13,0,sil
15.290837287902832,-2,6,5,7,3,3,1,-2,-5,9,15,-1,5,1,sil
15.306270360946655,-19,-4,0,6,0,13,18,-4,-5,3,-9,-19,-7,-5,sil
15.306270360946655,-22,-16,-19,-8,1,19,29,2,6,4,-36,-26,-19,-9,sil
15.32231307029724,-16,-16,-21,-12,-2,21,35,16,14,11,-46,-25,-24,-5,sil
15.32231307029724,-16,-16,-19,-16,-13,15,32,12,9,3,-37,-23,-18,0,sil
15.339923858642578,-14,-29,-25,-31,-22,1,16,-2,1,-4,-25,-13,-6,2,sil
15.339923858642578,-2,-41,-22,-35,-24,-18,-2,0,-1,-6,-14,-4,0,-1,sil
15.353684186935425,3,-30,-18,-28,-19,-28,-13,10,0,-9,0,-1,9,-4,sil
15.353684186935425,0,-12,-12,-27,-9,-22,-24,6,-2,-10,16,11,19,0,sil
15.368946075439451,6,-2,0,-18,-2,-18,-32,-4,-13,-7,24,22,14,2,sil
15.368946075439451,23,11,15,7,7,-16,-26,-9,-16,-13,26,19,12,4,sil
15.384118556976318,21,25,20,23,15,-5,-19,-8,-8,-16,23,14,18,8,sil
15.384118556976318,12,32,18,22,15,2,-16,-11,-2,2,20,8,15,11,sil
15.399840593338013,17,36,26,32,22,7,-5,-8,2,20,24,5,12,13,sil
15.399840593338013,17,34,26,45,23,11,3,2,6,13,10,0,4,4,sil
15.414802551269531,-9,15,6,24,3,5,2,-1,-2,-5,-24,-17,-21,-14,sil
15.414802551269531,-26,-6,-9,-2,-8,0,8,-11,-14,-10,-35,-28,-37,-16,sil
15.4303560256958,-13,-16,-7,3,0,13,21,0,-7,8,-18,-21,-24,0,sil
15.4303560256958,-5,-15,0,5,7,27,22,14,8,19,-16,-11,-12,9,sil
15.445776224136353,-9,-18,-7,-16,0,9,6,7,14,7,-15,-6,-4,1,sil
15.445776224136353,-6,-17,-19,-31,-11,-19,-17,-8,6,-10,1,2,2,-12,sil
15.460923910140991,6,-2,-6,-22,-10,-16,-23,-2,0,-15,13,18,5,-16,sil
15.460923910140991,13,14,9,-6,0,1,-4,7,-3,-10,13,23,6,-8,sil
15.476351022720335,1,18,17,0,0,4,2,-7,-16,-15,9,13,-3,-7,sil
15.476351022720335,-9,12,14,8,-1,4,1,-17,-20,-16,0,2,-15,-9,sil
15.492027282714844,-7,10,6,22,5,20,18,0,0,7,-7,-1,-9,-1,sil
15.492027282714844,-7,2,2,19,8,26,36,18,15,29,-7,-6,0,11,sil
15.507641315460203,-1,-9,-1,5,0,15,38,21,24,32,0,-11,3,21,sil
15.507641315460203,2,-16,-7,0,-6,8,26,18,30,24,-1,-3,14,21,sil
15.523746013641356,-2,-15,-17,-2,-8,-1,6,12,24,15,-10,2,18,13,sil
15.523746013641356,-4,-13,-27,-14,-13,-20,-12,1,9,3,-7,5,13,9,sil
15.539850234985352,6,-18,-22,-29,-14,-28,-20,-5,0,-16,3,9,14,2,sil
15.539850234985352,10,-16,-11,-28,-8,-23,-14,-3,0,-20,6,4,11,-4,sil
15.55580186843872,10,1,0,-6,4,-12,-9,0,1,-2,15,5,6,-1,sil
15.55580186843872,14,10,4,5,13,-7,-13,0,0,1,25,14,7,1,sil
15.571108102798462,8,0,-1,-4,2,-13,-22,0,-3,-3,16,6,7,-1,sil
15.571108102798462,-7,-5,-7,-12,-1,-16,-23,-1,-6,0,8,0,1,-8,sil
15.58656358718872,-6,7,1,0,4,-3,-16,-10,-10,-2,11,4,-2,-12,sil
15.58656358718872,1,19,20,17,9,3,-8,-15,-13,-9,9,3,-1,-8,sil
15.60266399383545,0,10,23,20,7,1,0,-2,-13,0,-1,-6,-1,0,sil
15.60266399383545,-6,2,4,15,3,2,7,0,-11,4,-10,-12,-6,-2,sil
15.618730545043944,-5,11,9,14,2,5,2,-8,-7,-7,-4,-11,-9,-6,sil
15.618730545043944,4,14,23,12,4,-2,-7,-13,-15,-17,-1,-9,-9,-3,sil
15.634132862091064,4,2,15,7,2,-7,-13,-16,-32,-22,-10,-8,-16,-6,sil
15.634132862091064,-8,0,0,7,-3,7,-5,-14,-25,-12,-14,-9,-18,-11,sil
15.650214672088625,-6,0,-3,5,-6,26,11,-7,0,0,-12,-8,-10,-2,sil
15.650214672088625,3,-7,0,-3,0,23,18,-1,2,-8,-15,-2,-6,4,sil
15.665919542312622,3,-1,0,4,7,16,17,0,0,-4,-14,-2,-8,6,sil
15.665919542312622,-4,13,-1,15,4,24,24,2,4,20,-8,-4,-8,8,sil
15.681087970733644,-9,0,-8,-3,-5,20,22,10,7,18,-6,-9,-13,3,sil
15.681087970733644,-6,-20,-16,-23,-6,0,13,21,19,7,-3,-14,-8,0,sil
15.696709871292114,0,-9,-11,-21,-2,-4,8,19,30,14,-2,-6,4,6,sil
15.696709871292114,1,0,-6,-14,-11,-4,4,11,20,19,-4,3,7,8,sil
15.711880683898926,-3,-6,-9,-13,-13,-10,0,12,11,11,-1,7,4,1,sil
15.711880683898926,-6,-14,-14,-17,-5,-12,-5,15,13,0,-3,2,4,0,sil
15.72800326347351,-4,-15,-16,-20,-11,-11,-13,13,14,-8,-11,0,4,2,sil
15.72800326347351,0,-11,-4,-9,-4,-10,-9,10,20,2,1,13,17,8,sil
15.743662357330322,10,-2,3,3,8,-8,-3,9,19,11,26,29,33,6,sil
15.743662357330322,15,2,0,-2,3,-10,-5,-1,-1,0,22,21,21,-3,sil
15.758743524551392,13,9,0,-7,1,-11,-4,-9,-15,-10,15,18,10,-2,sil
15.758743524551392,13,21,10,13,15,-9,-4,-7,-3,-7,36,28,22,5,sil
15.773981094360352,16,23,18,21,14,-10,-14,-8,-3,-6,41,23,21,2,sil
15.789769411087036,18,12,19,15,8,-10,-13,-16,-16,-3,12,10,0,-1,sil
15.789769411087036,10,12,20,22,10,-4,-9,-21,-22,0,3,6,-7,-4,sil
15.8046875,-9,10,19,18,7,0,-10,-18,-23,-2,12,-1,-4,-10,sil
15.8046875,-17,-4,1,2,0,4,1,-8,-17,-4,0,-16,-7,-10,sil
15.82081413269043,-13,-4,-2,11,0,8,9,-4,-6,-2,-13,-20,-16,-10,sil
15.82081413269043,-14,3,2,23,6,12,0,-1,0,2,-12,-20,-17,-13,sil
15.836607217788696,-15,0,-1,9,8,20,5,5,3,10,-18,-22,-8,-2,sil
15.836607217788696,-12,-6,-5,-2,-1,25,15,6,0,6,-28,-21,-11,7,sil
15.85205340385437,-12,-10,-7,-1,-18,12,5,-6,-12,-4,-30,-23,-19,1,sil
15.85205340385437,-11,-19,-12,-15,-21,-2,0,-14,-17,-11,-27,-22,-20,-2,sil
15.86749029159546,-10,-26,-16,-33,-17,-4,3,-4,-9,-14,-27,-22,-19,0,sil
15.86749029159546,-19,-22,-24,-30,-17,-7,0,2,0,-17,-37,-28,-23,-1,sil
15.88316249847412,-18,-15,-18,-18,-14,-9,-3,4,6,-9,-27,-21,-17,-8,sil
15.88316249847412,8,-2,0,-9,-1,4,3,17,20,10,7,5,0,0,sil
15.899076700210571,23,6,6,-5,8,12,7,27,24,15,23,25,8,6,sil
15.899076700210571,19,7,5,2,7,-2,5,17,17,2,18,24,8,7,sil
15.91451096534729,24,15,10,15,4,-10,1,6,15,2,23,25,24,19,sil
15.91451096534729,25,15,17,10,6,-6,-4,2,5,9,26,31,33,24,sil
15.93015718460083,16,5,8,-3,5,-11,-9,-1,-7,0,19,24,20,8,sil
15.93015718460083,17,16,1,-1,0,-11,-14,-4,-2,-9,23,18,19,-1,sil
15.94573736190796,16,25,7,8,0,-5,-11,-3,7,-2,25,22,27,2,sil
15.94573736190796,5,19,9,12,9,-6,-1,-8,3,2,15,14,12,-1,sil
15.961025714874268,-1,19,7,16,20,0,0,-12,-10,-2,5,0,-9,-14,sil
15.961025714874268,-12,19,2,23,16,22,5,-12,-16,2,-7,-15,-18,-18,sil
15.976095914840698,-26,2,-1,16,6,28,22,-9,-8,18,-22,-21,-19,-9,sil
15.976095914840698,-26,-21,-14,-9,-5,10,19,-1,-5,7,-34,-26,-22,-4,sil
15.991690397262571,-27,-38,-31,-30,-18,0,3,1,-4,-10,-39,-37,-30,-14,sil
15.991690397262571,-27,-37,-23,-22,-13,10,8,9,13,4,-24,-30,-20,-5,sil
16.006786584854126,-4,-20,0,0,0,10,16,27,31,33,4,1,15,24,sil
16.006786584854126,19,-6,11,2,-1,-5,2,21,23,24,20,23,29,28,sil
16.021947860717773,18,-4,7,-11,-7,-10,-10,3,11,-3,21,19,21,12,sil
16.021947860717773,10,-3,3,-7,0,-6,-3,3,8,-5,23,19,26,10,sil
16.03803062438965,8,-2,5,-1,0,-14,-5,0,0,1,16,20,20,0,sil
16.03803062438965,4,-7,-5,-16,-10,-24,-29,-20,-20,-14,-2,0,-5,-22,sil
16.053643941879272,0,0,-5,-14,-4,-22,-38,-25,-27,-34,-6,-10,-13,-23,sil
16.053643941879272,6,20,19,17,12,-14,-16,-12,-14,-21,12,5,-1,-9,sil
17.98597478866577,4,19,14,21,10,7,1,-2,-11,-8,13,8,-5,-15,hello
17.98597478866577,14,22,21,30,19,0,3,-6,0,-2,16,11,0,1,hello
18.000886917114258,9,18,24,31,19,11,14,-3,-2,4,20,11,9,4,hello
18.000886917114258,-11,-5,0,28,12,24,26,-1,-2,20,7,-6,-1,-2,hello
18.01698112487793,-21,-22,-20,7,-2,6,10,-1,8,23,-8,-16,-8,0,hello
18.01698112487793,-9,-19,-20,-16,-15,-12,-9,6,14,17,-13,-11,5,6,hello
18.032167434692383,-7,-15,-14,-22,-6,-9,-3,6,5,15,-19,-15,5,5,hello
18.032167434692383,-23,-25,-17,-22,-3,-4,9,4,0,8,-29,-27,-16,-2,hello
18.0477032661438,-31,-36,-32,-39,-23,-13,-1,8,0,-9,-30,-34,-27,-12,hello
18.0477032661438,-16,-28,-29,-44,-28,-22,-19,6,-4,-20,-22,-23,-19,-11,hello
18.06303358078003,14,3,0,-15,-6,-19,-5,5,1,-7,0,9,8,8,hello
18.06303358078003,37,25,25,9,10,-3,13,13,21,5,32,41,43,33,hello
18.08465456962585,30,20,15,6,6,3,4,11,20,0,36,34,45,30,hello
18.08465456962585,14,10,-4,1,-3,-1,-8,1,2,-2,20,15,21,11,hello
18.08465456962585,12,10,2,3,-1,-6,-9,-3,-5,-2,16,22,9,2,hello
18.093730926513672,16,10,12,3,2,-8,-17,-9,-12,-12,18,24,8,-1,hello
18.109771251678467,8,10,10,1,-2,-11,-31,-18,-23,-20,11,11,0,-9,hello
18.109771251678467,-2,9,7,0,-2,-12,-29,-25,-28,-28,-2,-2,-18,-22,hello
18.12564992904663,-9,7,4,6,9,-1,-7,-20,-24,-33,-20,-19,-34,-30,hello
18.12564992904663,-9,10,15,28,14,18,9,-7,-12,-14,-19,-20,-31,-18,hello
18.14109826087952,-7,10,17,32,7,25,14,-5,-1,13,-4,-11,-20,-3,hello
18.14109826087952,-7,0,0,13,4,18,20,0,1,14,-9,-20,-20,0,hello
18.15614938735962,-11,-9,-6,2,5,20,27,18,7,4,-27,-28,-20,7,hello
18.15614938735962,-19,-14,-10,0,-2,24,24,16,12,12,-33,-25,-19,1,hello
18.17170739173889,-25,-19,-24,-14,-7,18,17,0,9,20,-28,-24,-19,-14,hello
18.17170739173889,-14,-15,-24,-20,-1,6,10,4,12,17,-13,-13,-1,-4,hello
18.18679642677307,0,-7,-10,-14,0,-4,1,13,21,13,3,10,22,11,hello
18.18679642677307,2,-12,-4,-14,-5,-11,-2,14,25,16,15,25,29,9,hello
18.20204377174377,7,-13,-7,-10,-1,-8,0,14,36,24,20,18,32,11,hello
18.20204377174377,8,-4,-5,-9,3,-4,0,10,32,24,18,17,35,17,hello
18.218117475509644,10,-5,-1,-14,0,-3,-6,1,8,5,20,29,27,9,hello
18.218117475509644,17,4,9,-6,0,-12,-21,-11,-13,-16,27,28,16,0,hello
18.234031438827515,15,27,23,12,1,-23,-25,-13,-27,-25,25,7,7,-6,hello
18.234031438827515,16,35,27,25,2,-13,-1,0,-19,-16,24,0,4,0,hello
18.249001502990723,20,22,24,21,8,4,13,2,-4,-2,24,9,6,9,hello
18.249001502990723,6,9,17,13,11,3,6,-11,-14,1,3,5,-3,0,hello
18.264729261398315,-9,9,10,22,3,0,2,-15,-32,-6,-20,-10,-27,-10,hello
18.264729261398315,-13,1,1,15,-10,0,0,-9,-32,-23,-32,-26,-38,-9,hello
18.279830932617188,-19,-16,-16,-11,-17,-5,-11,-7,-19,-20,-35,-34,-27,-15,hello
18.295106410980225,-23,-16,-16,-9,-2,8,-1,0,1,0,-27,-14,-11,-7,hello
18.295106410980225,-13,-16,-8,5,7,27,21,11,19,24,-12,3,1,17,hello
18.31095242500305,-5,-32,-22,-19,-12,3,16,13,21,32,-7,-4,11,21,hello
18.311365365982056,-2,-36,-32,-51,-31,-32,-16,3,4,5,-11,-4,12,3,hello
18.32665252685547,5,-13,-20,-31,-21,-28,-32,-2,-10,-28,-1,11,4,-13,hello
18.32665252685547,14,9,0,0,6,-3,-16,0,0,-21,22,19,5,-11,hello
18.341816186904907,20,16,13,2,24,7,-1,1,25,2,38,24,20,9,hello
18.341816186904907,11,11,12,-2,17,7,-4,-1,17,-4,33,23,21,10,hello
18.35783743858337,0,15,9,4,4,3,-7,-8,-12,-16,12,4,-1,-13,hello
18.35783743858337,0,21,0,17,0,2,-2,-6,-14,-7,-12,-23,-21,-24,hello
18.37311172485352,0,19,-1,23,8,9,3,-2,-4,-5,-22,-27,-21,-14,hello
18.37311172485352,-4,20,10,22,14,8,5,-3,-9,-11,-10,-5,-13,-6,hello
18.38871479034424,0,17,7,14,3,0,5,0,-10,1,-2,2,-7,-1,hello
18.38871479034424,-1,5,5,6,-5,1,7,3,2,16,3,-1,0,5,hello
18.4039158821106,-2,0,14,9,0,-3,9,-1,1,9,6,-1,4,10,hello
18.4039158821106,0,-3,8,14,3,-9,4,-13,-9,4,-9,-4,-4,2,hello
18.419127702713013,-8,-2,4,8,-1,4,6,0,0,12,-14,-5,-13,2,hello
18.419127702713013,-4,2,16,5,3,21,20,17,25,18,6,4,0,18,hello
18.435121536254883,4,-4,11,5,13,21,20,10,24,17,11,4,8,16,sil
18.435121536254883,-1,-18,-8,0,5,13,12,0,7,15,-5,-12,-2,0,sil
18.45029163360596,-7,-15,-10,-1,-11,3,13,6,6,12,-18,-17,-8,2,sil
18.45029163360596,-1,-18,-7,-14,-18,-6,5,12,6,8,-16,-9,2,4,sil
18.46590280532837,-7,-34,-26,-43,-18,-14,-14,2,-3,4,-7,-2,6,-6,sil
18.46590280532837,-9,-31,-32,-49,-20,-12,-14,-1,-4,-1,-2,1,4,-10,sil
18.48118376731873,0,-14,-12,-11,-9,-7,0,12,11,-2,2,6,13,0,sil
18.48118376731873,3,-2,1,8,5,-7,-3,17,23,8,13,14,20,10,sil
18.496145486831665,7,1,-3,-18,-13,-11,-18,0,8,8,11,21,17,6,sil
18.511746644973755,20,1,-9,-25,-26,-8,-18,-12,-16,-27,3,15,16,0,sil
18.511746644973755,15,5,4,4,6,-3,-9,-9,-26,-62,9,12,16,-1,sil
18.511746644973755,6,16,9,15,15,-1,0,-3,-11,-35,9,10,5,-6,sil
18.526901483535767,7,21,0,2,-4,-2,-2,-9,-2,3,0,2,-11,-13,sil
18.526901483535767,2,15,4,3,11,-4,-20,-13,-10,0,6,5,-11,-6,sil
18.542978286743164,0,19,20,15,31,0,-16,-6,-12,0,18,9,1,-2,sil
18.542978286743164,0,25,17,14,18,13,8,-3,-8,6,11,0,-6,-6,sil
18.559001207351685,-7,7,0,0,9,6,8,-8,-15,-13,-6,-16,-26,-10,sil
18.559001207351685,-19,-7,-6,-5,3,-3,-5,-11,-20,-15,-16,-23,-27,-18,sil
18.57402539253235,-15,1,6,6,0,1,1,-6,-10,5,-10,-15,-17,-15,sil
18.57402539253235,0,14,17,28,10,7,15,4,11,20,5,2,2,13,sil
18.590131759643555,9,22,24,41,15,6,13,11,18,18,17,14,20,30,sil
18.590131759643555,3,19,19,32,2,5,4,0,-1,8,9,0,3,10,sil
18.606143474578857,-11,-2,-5,2,-2,0,0,-12,-10,3,-14,-17,-20,-8,sil
18.606143474578857,-13,-21,-17,-16,-6,-6,-2,0,6,8,-25,-15,-12,-7,sil
18.6216938495636,0,-19,-10,-5,-15,-1,3,19,24,11,-14,-8,4,0,sil
18.6216938495636,5,-9,1,4,-8,9,19,20,24,14,-5,-8,5,11,sil
18.637221813201904,-1,-7,-1,0,-2,11,19,7,18,21,-6,-7,0,18,sil
18.637221813201904,-1,-16,-13,-5,-10,5,2,-2,13,14,-6,-1,4,15,sil
18.65327787399292,3,-20,-12,-20,-7,3,0,0,9,3,-3,9,17,11,sil
18.65327787399292,5,-14,-10,-26,-4,0,3,8,6,7,-5,12,19,6,sil
18.66881036758423,3,-18,-22,-29,-23,-17,-11,5,-1,-10,-7,4,6,-6,sil
18.66881036758423,-2,-27,-26,-48,-32,-32,-29,-2,-13,-46,-6,-1,0,-19,sil
18.683828830719,-3,-8,-13,-42,-9,-24,-22,-2,-11,-33,4,6,4,-17,sil
18.683828830719,10,22,7,-1,14,-3,-8,0,-2,5,24,20,8,-7,sil
18.699804544448853,13,24,19,21,16,5,-1,-5,-9,-3,24,12,-1,-5,sil
18.699804544448853,0,13,17,22,7,8,0,-14,-21,-29,9,0,-16,-6,sil
18.71527934074402,0,14,16,26,9,12,4,-7,-13,-10,8,8,-12,0,sil
18.71527934074402,1,18,14,36,17,17,5,4,1,20,8,3,-6,4,sil
18.730956315994263,-11,15,10,37,12,16,6,4,0,21,0,-15,-12,-1,sil
18.730956315994263,-10,0,3,21,9,17,15,1,1,9,-4,-18,-11,-2,sil
18.74707317352295,-10,-16,-7,-3,5,13,22,2,13,4,-14,-14,-5,1,sil
18.74707317352295,-17,-17,-16,-19,-4,-3,12,5,12,3,-22,-17,0,0,sil
18.7627055644989,2,-4,-11,-18,-4,-18,-1,1,0,-4,-2,0,10,0,sil
18.7627055644989,18,7,1,-12,4,-20,-13,-11,-16,-26,15,15,10,-1,sil
18.778059482574463,3,13,13,1,0,-15,-14,-13,-21,-22,9,5,0,-1,sil
18.778059482574463,4,19,24,20,1,1,0,1,-6,18,8,4,6,9,sil
18.7936851978302,10,6,16,15,6,16,13,11,17,38,6,11,9,18,sil
18.7936851978302,-2,-17,-16,-13,-6,3,2,7,29,19,-8,0,-1,7,sil
18.809123277664185,0,-15,-21,-33,-13,-14,-15,0,11,0,-10,0,4,0,sil
18.809123277664185,18,4,0,-18,-1,-14,-21,-7,-17,-15,1,18,11,-2,sil
18.82407784461975,8,12,10,2,4,1,-10,-13,-24,-20,4,12,-3,-6,sil
18.82407784461975,-10,2,6,6,7,18,3,-2,0,10,2,-4,-7,0,sil
18.840184688568115,-14,-15,-12,-2,0,6,3,10,21,31,-9,-14,0,5,sil
18.84071588516236,-3,-20,-19,-15,-20,-19,-6,12,21,6,-18,-1,5,3,sil
18.855684757232662,13,0,-1,-12,-19,-18,-8,8,13,-10,13,21,27,6,sil
18.855684757232662,11,16,13,8,2,0,-5,-2,6,-3,35,12,26,0,sil
18.871108770370483,-11,11,12,18,8,5,-5,-14,-11,-17,-4,-22,-15,-19,sil
18.886451721191406,-22,6,3,10,-1,9,-1,-16,-32,-32,-35,-30,-41,-20,sil
18.886451721191406,-16,7,1,16,0,15,8,-9,-31,-20,-13,-13,-27,-7,sil
18.902873754501343,-11,-3,0,26,4,11,17,0,-8,2,-6,-14,-17,-3,sil
18.902873754501343,-6,-17,-10,9,0,8,19,6,9,17,-17,-19,-13,-3,sil
18.91800856590271,0,-25,-19,-20,-3,1,11,10,9,14,-9,-3,0,3,sil
18.91800856590271,6,-21,-14,-21,-7,-11,2,13,6,0,1,7,12,12,sil
18.93275594711304,14,-11,-5,-11,-7,-13,0,12,10,-9,3,6,13,12,sil
18.93275594711304,18,-2,-1,-16,0,-8,-1,6,11,-1,14,9,10,4,sil
18.9487886428833,15,14,3,-11,5,-13,1,3,12,10,29,20,13,2,sil
18.9487886428833,13,38,20,12,14,-6,1,-2,9,11,33,29,15,4,sil
18.96460962295532,6,38,22,33,20,15,1,-10,-2,5,17,14,4,-2,sil
18.96460962295532,-14,6,6,23,12,27,8,-10,-14,6,-12,-12,-16,-10,sil
18.97975993156433,-24,-16,-3,-1,-3,12,12,-4,-12,5,-31,-24,-26,-4,sil
18.97975993156433,-9,-15,-13,-14,-11,-5,0,-3,-6,-4,-30,-17,-16,0,sil
18.99551701545716,-4,-13,-15,-15,-7,-10,-11,-2,-5,-14,-14,-5,0,-4,sil
18.99551701545716,-2,-12,-6,-14,-2,-7,-11,2,-1,-8,1,2,11,-3,sil
19.0107102394104,14,3,1,-2,1,-6,-11,4,1,0,9,13,21,3,sil
19.0107102394104,20,14,3,4,4,-7,-16,7,2,-2,20,24,20,3,sil
19.02671813964844,13,8,3,0,2,-5,-15,5,7,0,36,21,20,2,sil
19.02671813964844,14,12,14,5,7,-2,-15,-6,1,1,35,13,15,5,sil
19.041956901550293,2,20,21,24,7,0,-17,-18,-12,-7,8,4,-7,0,sil
19.041956901550293,-20,0,10,24,-6,6,-4,-16,-13,-1,-16,-11,-25,-2,sil
19.057556629180908,-13,-10,4,10,-5,21,14,0,1,23,-17,-18,-13,9,sil
19.057556629180908,5,0,6,9,5,26,27,11,16,31,-9,-8,5,16,sil
19.073315620422363,-6,-10,-6,0,0,15,27,11,17,13,-19,-10,2,5,sil
19.073315620422363,-23,-32,-27,-23,-13,-1,13,11,13,-2,-33,-25,-12,-6,sil
19.08893060684204,-13,-25,-24,-33,-14,-12,-3,9,13,-7,-21,-19,-12,-9,sil
19.08893060684204,6,-8,-10,-20,-3,-13,-5,5,11,-5,2,3,6,-2,sil
19.104511737823486,14,0,-8,-11,4,-8,2,7,4,-2,16,20,23,4,sil
19.104511737823486,7,7,-4,-21,0,-8,-3,-1,-10,-14,17,16,16,-4,sil
19.12012028694153,6,11,8,-11,-1,-14,-12,-16,-22,-30,14,4,-1,-12,sil
19.12012028694153,18,24,29,25,9,-6,0,-4,-13,-17,21,12,0,0,sil
19.135931253433228,14,16,27,13,13,9,17,6,-4,7,21,17,8,9,sil
19.135931253433228,-12,-9,-6,-27,5,5,7,-12,-15,2,-11,-11,-20,-6,sil
19.151180744171143,-29,-4,-8,-1,-1,-3,-7,-24,-23,-14,-38,-33,-47,-19,sil
19.151180744171143,-18,8,2,36,-18,6,0,-8,-10,-2,-26,-25,-28,-15,sil
19.166921138763428,-10,-6,-13,13,-22,11,1,0,3,12,-15,-17,-10,-6,sil
19.166921138763428,-15,-21,-18,-5,3,-4,-7,9,10,10,-16,-8,-10,2,sil
19.18211317062378,-10,-16,-10,2,4,-13,0,23,19,17,-6,-1,5,9,sil
19.18211317062378,0,-11,-14,-2,-6,-9,0,14,16,19,0,0,18,11,sil
19.19775629043579,9,-3,-4,-6,4,-6,-12,0,7,0,6,11,16,9,sil
19.19775629043579,21,10,7,3,1,0,-12,3,10,-9,29,30,28,4,sil
19.21315026283264,23,16,6,0,-16,0,-15,0,2,-2,39,36,35,0,sil
19.21315026283264,17,21,7,-3,0,-16,-21,-14,-15,-11,20,26,13,0,sil
19.22921371459961,11,29,16,7,23,-9,-9,-14,-20,-25,0,8,-10,-4,sil
19.22921371459961,10,23,18,15,19,21,6,-7,-16,-19,-7,-6,-21,-16,sil
19.244361877441406,8,9,18,19,16,31,12,-5,-10,0,-4,-8,-18,-8,sil
19.244361877441406,0,0,22,19,15,22,12,0,1,8,2,-3,-4,11,sil
19.25989007949829,-13,-14,10,9,2,19,8,5,12,11,-3,-12,0,8,sil
19.25989007949829,-14,-26,-7,0,-5,8,9,5,12,14,-13,-15,0,0,sil
19.275479555130005,0,-11,-6,3,-1,-1,22,16,19,21,0,0,11,18,sil
19.275479555130005,7,-1,-5,0,-3,0,30,24,33,28,9,2,17,29,sil
19.29085803031921,-4,-22,-23,-24,-9,-2,17,10,29,20,-1,-9,8,9,sil
19.29085803031921,-9,-26,-31,-34,-10,-18,2,0,15,8,0,-2,10,3,sil
19.30697870254517,2,2,-10,-19,-5,-19,-3,1,3,1,17,16,16,5,sil
19.30697870254517,0,8,-4,-11,0,-14,-17,-9,-16,-15,15,9,0,-15,sil
19.32222008705139,-11,-1,-11,-13,-7,-20,-31,-27,-44,-37,0,-5,-16,-29,sil
19.32222008705139,-1,14,10,0,-6,-14,-20,-26,-45,-28,0,0,-16,-18,sil
19.33821678161621,4,32,25,19,8,6,0,-8,-20,-2,3,0,-8,-7,sil
19.33821678161621,-16,15,9,17,9,16,3,0,-6,3,-12,-11,-16,-5,sil
19.353819608688354,-29,-7,-4,7,-5,15,4,0,-7,2,-35,-26,-29,-11,sil
19.353819608688354,-15,-12,-10,3,-10,18,16,0,-1,6,-38,-28,-25,-13,sil
19.3700213432312,-3,-12,0,-5,-1,21,14,2,-2,-5,-32,-9,-17,0,sil
19.3700213432312,-5,-17,1,-10,0,17,6,4,1,-9,-17,-1,-8,8,sil
19.38589572906494,-5,-12,-12,-5,-4,4,0,6,21,14,0,-9,11,0,sil
19.38589572906494,12,-2,0,0,-2,-10,-15,16,27,21,2,7,27,7,sil
19.40122008323669,28,0,18,3,0,-14,-16,21,21,11,11,32,32,22,sil
19.40122008323669,21,0,5,0,3,-13,-7,7,21,7,29,24,32,20,sil
19.41670274734497,11,0,-9,-8,1,-17,-12,-5,12,-2,13,6,19,5,sil
19.41670274734497,12,0,-3,-6,-5,-18,-16,-8,0,-16,-5,4,3,-4,sil
19.43187975883484,18,4,5,1,0,-15,-7,0,-2,-15,13,12,2,0,sil
19.43187975883484,24,15,5,7,9,-15,-5,7,0,-3,34,19,11,11,sil
19.447044610977173,15,19,6,9,5,-9,-6,0,0,0,33,23,12,9,sil
19.447044610977173,1,14,6,5,2,-1,-3,-9,-7,-5,21,11,0,-5,sil
19.46280598640442,-6,5,0,-5,-1,-4,-8,-15,-22,-19,0,-8,-20,-26,sil
19.46280598640442,-20,-3,-5,-12,-5,-4,-7,-16,-26,-23,-18,-16,-38,-34,sil
19.477949619293213,-22,5,0,10,2,9,12,-9,-12,-6,-12,-11,-30,-14,sil
19.477949619293213,-7,22,9,31,14,22,26,-1,-4,3,0,-6,-7,1,sil
19.49420475959778,-4,3,2,11,6,15,20,3,-2,2,-6,-10,-1,0,sil
19.50921201705933,-15,-16,-13,-10,-6,5,15,4,4,7,-20,-13,-8,0,sil
19.50921201705933,-14,-10,-12,-2,0,16,17,1,3,5,-15,-9,0,8,sil
19.52480149269104,-9,-6,-1,5,8,26,14,0,-6,1,-4,-10,6,1,sil
19.52480149269104,-14,-8,4,0,3,22,9,0,-8,13,-6,-14,-7,-4,sil
19.540968894958496,-11,-2,6,2,0,17,13,2,0,19,-10,-14,-18,0,sil
19.540968894958496,2,-2,1,5,2,14,12,6,6,13,-7,-10,-3,9,sil
19.54135751724243,1,-5,0,0,-4,0,-1,12,9,20,-5,0,11,15,sil
19.55707216262817,2,-2,2,-1,-11,-15,-9,11,12,23,0,10,13,18,sil
19.55707216262817,10,-9,1,0,-4,-15,-8,1,4,4,0,4,2,9,sil
19.572799921035767,4,-23,-18,-12,-7,-12,-12,-4,-4,-8,-12,-3,-3,-3,sil
19.573800802230835,2,-20,-20,-19,-19,-18,-11,0,4,0,-2,11,14,1,sil
19.587863445281982,19,-4,8,-6,-9,-15,-2,10,21,1,26,32,39,21,sil
19.60311198234558,24,2,9,-10,1,-8,2,13,24,-6,23,19,33,20,sil
19.60311198234558,10,0,-12,-26,-1,-8,-4,7,17,-6,3,4,18,0,sil
19.61922836303711,0,-5,-10,-21,1,-7,-16,0,11,0,4,7,15,-7,sil
19.61922836303711,-2,-1,-7,-12,7,-5,-15,-9,-2,-5,7,3,6,-10,sil
19.61922836303711,0,11,-4,-7,6,-4,-9,-10,-13,-20,5,0,-4,-17,sil
19.63626980781555,-2,20,8,9,6,-7,-14,-11,-11,-18,10,4,-9,-25,hello
19.63626980781555,-10,23,17,19,4,-8,-19,-18,-14,-15,7,1,-17,-25,hello
19.65106630325317,-2,24,20,18,2,-2,-9,-15,-20,-19,2,-4,-22,-14,hello
19.666550636291504,8,23,17,22,9,2,0,-4,-15,-18,1,-11,-27,-4,hello
19.666550636291504,-1,20,10,14,10,0,0,-3,-15,-23,-14,-17,-36,-9,hello
19.681714057922363,-9,12,5,10,0,4,5,0,-16,-13,-24,-13,-28,-9,hello
19.681714057922363,3,7,8,29,0,22,19,7,1,21,-12,-4,-2,6,hello
19.69685649871826,7,7,12,35,10,28,24,7,16,36,-3,-5,7,13,hello
19.69685649871826,-3,-1,0,14,2,21,17,-1,8,26,-6,-5,-3,7,hello
19.712114095687863,-9,-16,-7,-2,-9,18,10,-4,2,21,-7,1,-7,11,hello
19.712114095687863,-6,-23,-9,0,-7,10,14,3,8,19,-1,3,8,20,hello
19.72770524024964,-4,-24,-17,-7,-3,-2,12,12,13,17,3,1,17,20,hello
19.72770524024964,-10,-24,-24,-27,-10,-3,4,12,6,11,2,-1,6,10,hello
19.74341320991516,-8,-26,-19,-24,-15,-1,2,7,-2,-8,0,0,4,0,hello
19.74341320991516,2,-24,-5,-12,-13,-14,1,10,0,-23,6,9,16,2,hello
19.759065866470337,10,-16,-1,-24,-10,-28,0,13,3,-12,12,20,19,6,hello
19.759065866470337,6,-5,-5,-32,-6,-27,-11,0,-11,-1,11,17,16,-3,hello
19.77466011047364,1,5,-2,-17,2,-15,-22,-14,-23,-5,15,8,14,-14,hello
19.77466011047364,5,18,0,-6,9,-6,-17,-10,-6,-11,13,0,5,-13,hello
19.79018497467041,9,25,6,-5,9,-3,-7,-7,2,-11,-1,-4,-8,-10,hello
19.79018497467041,6,29,15,3,8,-2,-10,-10,-3,-12,-12,-7,-16,-10,hello
19.80573797225952,-2,22,5,12,2,-1,-12,-13,-8,-14,-17,-15,-19,-13,hello
19.80573797225952,-11,0,0,4,-3,4,-4,-12,-10,-6,-20,-18,-18,-11,hello
19.82108211517334,0,0,11,13,9,19,12,0,5,5,-10,-9,-2,7,hello
19.82108211517334,11,17,18,37,32,31,21,16,25,17,5,2,12,25,hello
19.83678722381592,5,9,18,37,21,24,12,17,21,28,5,6,4,18,hello
19.83678722381592,-6,-15,3,11,-7,9,8,13,14,32,-4,-1,-10,3,hello
19.852739810943604,-11,-22,-16,-16,-11,0,12,7,13,15,-14,-10,-8,1,hello
19.852739810943604,-11,-23,-27,-21,-6,-7,4,1,10,0,-15,-14,0,0,hello
19.86797332763672,-10,-25,-21,-9,-10,-6,-4,4,12,-1,-5,-7,5,-5,hello
19.86797332763672,-2,-14,-19,-10,-6,2,-3,6,3,-6,13,6,10,-9,hello
19.88405132293701,6,7,-7,-9,0,-3,-11,-10,-21,-20,23,17,9,-7,hello
19.88405132293701,3,24,15,12,-1,-17,-26,-27,-35,-30,18,16,-4,-10,hello
19.90009641647339,-5,9,14,23,-5,-7,-18,-27,-32,-29,11,1,-15,-14,hello
19.90009641647339,-10,-4,1,9,-5,15,5,-13,-16,-9,4,-10,-13,-6,hello
19.91567039489746,0,2,3,2,0,16,22,10,11,25,0,-3,-4,10,hello
19.91567039489746,13,9,6,5,2,0,17,20,30,39,5,11,9,19,hello
19.93080472946167,12,3,0,-7,-6,-17,0,8,15,8,13,20,19,12,hello
19.931107997894287,10,5,4,-19,-11,-19,-16,0,-4,-13,10,23,19,5,hello
19.946902751922607,20,19,25,0,3,-14,-23,0,-10,-6,8,22,13,7,hello
19.946902751922607,22,20,29,22,15,-5,-7,-3,-7,0,-2,4,0,2,hello
19.962836027145386,4,0,1,10,3,7,23,5,9,15,-20,-13,-5,-2,hello
19.962836027145386,-6,-21,-16,-27,-8,4,20,15,19,15,-18,-5,5,0,hello
19.97796893119812,-5,-24,-15,-38,-10,-19,-13,0,-7,-30,-8,-1,4,-6,hello
19.97796893119812,-2,-6,-4,-9,-5,-17,-19,-14,-32,-43,-5,-10,-9,-15,hello
19.99404168128968,5,9,13,16,6,9,0,-5,-13,0,5,-1,-2,-1,hello
19.99404168128968,9,13,13,16,14,13,3,0,3,7,11,4,2,8,hello
20.009768962860107,-6,12,1,8,11,4,0,-4,-3,-11,0,-9,-14,0,hello
20.009768962860107,-19,0,-6,5,3,8,14,0,-2,0,-9,-20,-21,-9,hello
20.025062322616577,-18,-18,-11,0,0,10,19,1,3,15,-13,-20,-12,-4,hello
20.025062322616577,-19,-11,-11,-3,0,16,13,3,5,14,-14,-18,-13,4,hello
20.04074120521545,-18,4,-12,5,9,30,21,10,15,21,-9,-15,-11,10,hello
20.04074120521545,-13,-3,-14,2,6,28,25,7,21,28,-9,-10,0,6,hello
20.056763648986816,-12,-17,-18,-11,-11,2,4,4,14,17,-7,-4,8,2,hello
20.056763648986816,-11,-12,-22,-18,-13,-21,-17,2,9,-1,1,1,12,-2,hello
20.072674036026,-5,-10,-19,-22,0,-26,-22,-2,5,-12,1,1,8,-10,hello
20.072674036026,2,-11,-17,-19,-4,-20,-17,0,2,-8,-6,-1,3,-8,hello
20.09277629852295,14,-1,-8,-9,-12,-15,-16,0,0,-11,-3,11,3,-2,hello
20.09277629852295,23,3,10,-3,0,-15,-23,-6,-7,-17,9,26,9,1,hello
20.093786239624023,22,12,24,1,12,-9,-20,-9,-10,-6,20,23,13,1,hello
20.102936267852783,18,25,28,16,9,0,-3,-5,-7,-1,20,14,6,-2,hello
20.11897850036621,20,25,28,21,2,0,2,-2,-7,-12,18,12,0,-1,hello
20.11897850036621,13,14,21,13,0,0,-2,-6,-9,-13,20,9,1,-3,hello
20.1341495513916,0,10,17,12,2,8,-6,-7,-12,-4,15,4,-3,-12,hello
20.1341495513916,-2,10,20,24,1,17,4,3,-10,2,4,1,-10,0,hello
20.150309801101685,0,0,15,29,-2,16,24,12,0,7,-2,-4,-9,13,hello
20.150309801101685,-11,-12,-5,11,-8,14,22,1,1,8,-18,-20,-9,2,hello
20.165546894073486,-19,-10,-9,-1,-1,14,10,-7,-9,6,-24,-24,-6,-2,hello
20.165546894073486,-10,-2,0,4,5,14,15,-5,-10,5,-5,-12,0,9,hello
20.181015253067017,-7,-3,-7,4,-4,8,18,4,8,6,-4,-7,0,10,hello
20.181015253067017,-9,-11,-13,-4,-14,0,3,20,28,20,-13,0,4,12,hello
20.19677233695984,1,-11,-10,-4,-7,-11,-6,16,29,25,0,15,19,21,hello
20.19677233695984,9,-7,-9,-17,-4,-21,-11,-2,10,-1,8,17,14,10,hello
20.212032556533813,5,-14,-11,-33,-14,-29,-19,-4,1,-20,1,12,0,-2,hello
20.212032556533813,8,-11,-10,-22,-8,-24,-18,2,1,-6,5,14,10,-1,hello
20.228135585784912,8,9,-1,-12,7,-9,-13,-5,-11,-6,11,13,10,-6,hello
20.228135585784912,11,19,5,-8,10,-7,-10,-14,-15,-18,10,4,-1,-14,hello
20.243757486343384,23,15,15,9,12,-8,-6,-12,-6,-16,16,7,0,-3,hello
20.243757486343384,14,18,20,13,22,-1,-2,-6,-11,-14,11,1,0,0,hello
20.258785724639893,-12,16,1,-1,15,0,1,0,-11,-4,-9,-25,-17,-15,hello
20.258785724639893,-17,5,-4,4,0,10,10,0,1,12,-17,-31,-19,-16,hello
20.27448463439941,-9,1,1,23,3,25,24,0,2,18,-12,-16,-13,-1,hello
20.27448463439941,-18,-4,-15,6,7,23,22,0,-5,14,-22,-23,-19,-4,hello
20.28978943824768,-31,-21,-34,-21,-4,20,11,1,-6,7,-36,-35,-24,-15,hello
20.30570840835572,-27,-20,-24,-16,-13,17,10,6,5,5,-27,-22,-14,-5,hello
20.30570840835572,-12,-10,-9,-5,-6,-8,1,18,22,12,-6,-2,4,7,hello
20.30570840835572,0,-12,-8,-15,-2,-24,-14,18,26,9,-4,3,8,6,hello
20.32090187072754,7,-10,-5,-19,-4,-11,-17,3,11,-7,-8,12,0,3,hello
20.33700489997864,12,-5,2,-15,-6,-8,-22,-2,-3,-9,13,26,14,3,sil
20.33700489997864,17,0,5,-8,-6,-15,-23,-2,-9,-5,42,29,31,2,sil
20.33700489997864,23,13,24,5,5,0,-9,-4,-7,-21,48,37,24,7,sil
20.3527410030365,24,20,36,18,14,18,5,0,0,-24,31,31,10,7,sil
20.3680317401886,8,9,22,21,1,15,8,-5,-2,-6,9,5,3,0,sil
20.3680317401886,-4,8,23,36,0,7,14,-14,-8,5,3,-1,0,2,sil
20.3680317401886,0,18,28,49,13,12,25,-8,-2,17,12,5,0,13,sil
20.383671045303345,0,8,12,25,2,20,23,-9,-8,15,0,-10,-4,5,sil
20.383671045303345,-14,-9,-8,3,-14,12,12,-10,-16,-3,-28,-26,-18,-4,sil
20.39876365661621,-20,-10,-18,8,-5,-2,5,2,0,5,-30,-18,-14,0,sil
20.41400623321533,-15,-6,-17,3,-1,-6,2,8,13,24,-17,-14,-7,5,sil
20.41400623321533,-4,-10,-12,-6,-10,-7,-6,3,12,10,-18,-17,-8,0,sil
20.430102109909058,8,-6,-6,-7,-4,-15,-18,11,21,-3,-8,0,8,3,sil
20.430102109909058,19,-1,-5,-13,2,-18,-15,23,23,5,16,19,30,9,sil
20.445874214172363,11,-7,-20,-25,-5,-13,-9,12,1,4,15,7,13,1,sil
20.445874214172363,-4,-12,-25,-34,-5,-11,-15,-2,-17,-10,-3,-5,-10,-15,sil
20.46113920211792,1,0,-8,-26,1,-14,-12,-4,-11,-13,0,5,0,-16,sil
20.46113920211792,19,16,9,-9,1,-9,1,-5,-3,-8,19,18,11,-3,sil
20.476993560791016,9,6,-1,-14,1,-5,0,-8,-9,-10,9,7,2,-7,sil
20.476993560791016,-9,-1,-16,-29,2,-6,-13,-8,-14,-18,-10,-1,-3,-24,sil
20.492129802703857,-6,8,1,-15,0,-9,-15,-7,-16,-30,-4,2,-5,-19,sil
20.492129802703857,-2,9,17,4,0,-2,-4,-4,-14,-22,5,-1,-16,-1,sil
20.50799131393433,-9,2,13,10,9,11,2,-6,-7,4,0,-12,-20,0,sil
20.50799131393433,0,9,19,20,18,22,8,-7,-1,21,0,-3,-3,5,sil
20.5234649181366,13,19,31,32,16,22,19,0,1,23,10,9,10,23,sil
20.5234649181366,0,13,26,28,5,21,21,-1,0,12,6,4,5,20,sil
20.53912210464477,-13,-1,9,15,-3,13,9,-12,-10,-8,-15,-16,-14,-2,sil
20.53912210464477,-17,-17,0,7,-9,-1,2,-9,-20,-20,-37,-24,-34,-12,sil
20.554150581359863,-20,-22,-6,2,-12,-2,7,10,-3,-5,-30,-20,-32,-3,sil
20.554150581359863,-18,-18,-22,2,-9,6,5,22,31,15,0,-15,-4,3,sil
20.57019281387329,-10,-15,-29,4,-1,7,1,22,47,29,13,-6,22,6,sil
20.57019281387329,0,-4,-13,10,-1,2,7,22,46,40,9,4,29,14,sil
20.58581137657165,14,2,1,2,-4,3,10,16,35,30,8,10,19,24,sil
20.58581137657165,16,-10,-5,-23,-6,-5,0,6,9,-4,1,14,12,16,sil
20.60189843177796,8,-19,-19,-28,-10,-20,-9,-2,-9,-17,-1,13,15,0,sil
20.60189843177796,4,0,-9,-7,-2,-17,-8,-8,-8,-9,9,8,11,-7,sil
20.6176278591156,10,12,-1,-1,6,-2,-3,-9,-3,-10,17,10,8,-11,sil
20.6176278591156,12,10,-3,-9,4,2,-3,-6,1,-2,20,18,23,-9,sil
20.63317584991455,15,10,1,-7,6,0,-8,-1,0,5,22,25,28,1,sil
20.63317584991455,18,11,7,-5,7,-12,-14,-3,-16,-11,8,18,6,0,sil
20.64868402481079,8,15,13,-2,3,-9,-15,-10,-28,-27,-4,6,-11,-11,sil
20.64868402481079,0,22,20,14,7,10,-4,-6,-16,-17,-7,-6,-17,-14,sil
20.663939714431763,-6,15,16,23,8,17,3,-7,-14,-10,-8,-23,-21,-18,sil
20.663939714431763,-16,0,11,9,0,7,2,-14,-26,-4,-8,-27,-21,-17,sil
20.680109977722168,-14,-4,8,8,1,14,11,-8,-13,14,-3,-11,-14,5,sil
20.680109977722168,-3,-9,3,15,4,18,25,-1,4,20,-11,0,-13,25,sil
20.69605755805969,0,-13,2,7,-2,2,16,-2,-7,4,-27,-8,-22,16,sil
20.69605755805969,-3,-9,3,0,-8,-8,5,4,-9,0,-25,-9,-18,5,sil
20.71170330047608,-4,-13,-9,-5,-7,-12,7,15,8,8,-11,-3,-4,0,sil
20.71170330047608,-11,-26,-30,-27,-13,-24,-8,8,11,0,-7,-14,-1,-10,sil
20.72728061676025,-11,-18,-28,-42,-20,-29,-28,0,9,-8,-1,-12,1,-9,sil
20.72728061676025,4,0,-3,-21,-8,-22,-19,9,19,-2,23,16,22,8,sil
20.74253511428833,19,15,11,8,11,-10,-5,11,17,1,43,36,32,19,sil
20.74253511428833,16,27,10,13,14,1,-10,-2,0,-9,29,21,19,4,sil
20.75776219367981,6,31,9,9,4,6,-10,-11,-9,-17,2,-4,0,-15,sil
20.75776219367981,-5,15,12,20,4,13,0,-5,-9,-12,-9,-13,-11,-17,sil
20.773117065429688,-18,-8,0,19,0,22,5,-4,-11,-2,-16,-9,-13,-8,sil
20.773117065429688,-26,-21,-21,-8,-17,18,5,-5,-7,2,-23,-15,-11,-2,sil
20.78825044631958,-15,-22,-19,-27,-16,5,7,6,9,10,-20,-15,-5,3,sil
20.78825044631958,9,-13,-5,-9,0,-1,6,17,23,17,2,4,13,10,sil
20.80344843864441,21,11,8,12,13,0,-1,6,10,7,29,23,23,7,sil
20.80344843864441,13,17,16,17,14,5,-4,-5,-5,-5,26,12,4,-1,sil
20.81980466842652,0,-6,4,7,3,8,13,-1,1,8,-5,-8,-9,-2,sil
20.81980466842652,0,-19,-5,-11,-4,6,27,10,29,30,-16,-1,6,15,sil
20.8358097076416,7,-2,-5,-16,0,-2,10,9,31,20,5,14,17,19,sil
20.8358097076416,5,17,0,1,7,-14,-6,-12,-8,-11,7,7,-1,-9,sil
20.851104736328125,-4,15,9,16,8,-6,-2,-24,-39,-23,-10,-11,-24,-28,sil
20.851104736328125,-10,-5,1,8,0,12,8,-14,-25,-12,-16,-19,-25,-14,sil
20.866528272628784,-10,-22,-10,-8,-8,9,11,0,-2,-11,-15,-14,-18,0,sil
20.866528272628784,3,-11,-3,-8,-5,-4,5,17,12,0,-1,1,2,9,sil
20.88196873664856,30,19,19,14,10,-8,-6,24,20,23,31,33,37,21,sil
20.88196873664856,37,40,39,34,23,-2,-14,10,6,20,47,43,41,23,sil
20.897335052490234,10,27,25,25,15,5,-2,-4,-1,9,21,9,9,12,sil
20.897335052490234,-22,-3,-9,-2,-1,13,11,-6,0,8,-11,-21,-12,-3,sil
20.91333246231079,-32,-22,-35,-19,-13,7,5,-4,-1,-3,-31,-25,-16,-17,sil
20.91333246231079,-18,-16,-32,-21,-14,-9,-13,-8,-10,-17,-33,-18,-16,-13,sil
20.928948402404785,1,-6,-10,-22,-10,-25,-30,-11,-20,-22,-15,0,-9,-9,sil
20.928948402404785,6,-4,3,-19,-10,-30,-33,-13,-32,-33,2,9,0,-13,sil
20.94429469108581,-6,-4,5,-11,-10,-16,-24,-17,-35,-42,1,0,-7,-13,sil
20.94429469108581,-17,-5,0,-3,-10,2,-5,-10,-20,-18,-12,-16,-20,-12,sil
20.960183143615723,-15,-14,-10,-6,-15,11,11,8,8,19,-20,-20,-10,-5,sil
20.960183143615723,0,-16,-11,-11,-15,-1,9,22,31,27,2,0,20,14,sil
20.975717067718502,16,0,-2,4,0,-14,-1,11,18,9,33,19,25,12,sil
20.975717067718502,3,14,13,26,13,6,6,-3,-3,2,21,8,0,-1,sil
20.99117159843445,-4,7,16,26,16,28,29,5,16,20,-3,-2,-1,13,sil
21.005959033966064,16,5,3,20,14,8,17,18,38,31,6,8,20,26,sil
21.005959033966064,27,18,8,14,11,-6,-12,4,4,0,19,15,12,2,sil
21.021169185638428,9,21,19,12,15,15,0,-6,-18,-15,0,-3,-12,-5,sil
21.021169185638428,-6,-2,1,0,11,21,28,5,7,4,-20,-14,-8,9,sil
21.036935567855835,-1,-25,-21,-28,-6,-7,5,11,19,0,-10,-8,1,4,sil
21.036935567855835,3,0,-9,-16,-8,-7,-17,-9,-6,-22,0,-3,-13,-17,sil
21.051820993423465,-6,16,8,12,10,22,7,-16,-14,1,0,0,-19,-14,sil
21.051820993423465,-18,-18,-13,-30,3,14,25,1,9,30,0,2,2,6,sil
21.067052841186523,-5,-29,-21,-64,-13,-14,-1,5,9,0,3,8,9,7,sil
21.067052841186523,12,14,15,3,0,-8,-14,-5,-15,-27,3,12,-4,-6,sil
21.08281445503235,0,25,25,51,8,9,8,-6,-13,-4,-1,-2,-6,-8,sil
21.08281445503235,-20,-2,0,13,-9,7,17,0,9,18,-9,-17,-4,0,sil
21.0988929271698,-8,-10,-10,-9,-18,-2,0,4,16,16,-5,0,1,7,sil
21.0988929271698,8,2,0,0,-4,-18,-22,3,3,2,9,24,22,10,sil
21.114012002944943,5,8,1,1,0,-32,-32,-4,-13,-18,12,10,19,-2,sil
21.114012002944943,-1,6,-1,1,0,-22,-29,-11,-21,-26,6,-6,-2,-14,sil
21.12977933883667,-4,4,1,4,-1,0,-18,-7,-20,-17,1,2,-7,-8,sil
21.12977933883667,-4,4,0,18,2,10,0,-3,-12,-4,-9,4,-3,-2,sil
21.14560556411743,-5,0,-2,26,12,17,17,0,6,11,-16,-7,-9,-2,sil
21.14560556411743,-2,-9,-1,4,15,14,14,8,24,23,-9,-5,-5,-1,sil
21.160791635513306,10,-7,-3,-13,0,-9,-2,10,23,14,1,7,13,0,sil
21.160791635513306,16,-1,0,-12,-10,-24,-12,0,0,-2,12,15,16,0,sil
21.17676854133606,5,-2,2,-9,-4,-5,-6,-7,-26,-14,5,0,-2,-3,sil
21.17676854133606,-8,-4,-5,0,2,22,17,-3,-21,-7,-15,-25,-21,-6,sil
21.19239592552185,-12,-10,-11,4,5,22,41,14,14,15,-19,-30,-16,5,sil
21.19239592552185,-5,-13,-9,-9,-3,2,24,14,28,15,-5,-16,0,13,sil
21.207449436187744,8,-6,-2,-21,-18,-7,-13,-7,-2,-18,3,0,10,4,sil
21.207449436187744,21,4,8,-10,-12,-11,-24,-14,-21,-31,12,10,7,4,sil
21.223121881484985,17,20,20,7,7,-8,-14,-7,-10,-7,22,12,4,6,sil
21.223121881484985,0,26,23,15,10,4,-5,-2,-3,8,14,8,2,-2,sil
21.23818230628968,-8,9,11,15,-1,14,8,4,3,15,-1,-2,0,-1,sil
21.23818230628968,-3,-7,-2,4,0,10,21,15,28,31,1,-5,0,14,sil
21.25351619720459,-4,-12,-14,-7,6,2,15,24,37,29,6,4,11,19,sil
21.25351619720459,-4,-7,-13,-10,0,-5,-5,12,14,-1,0,12,14,9,sil
21.270111799240112,2,2,-2,-6,-5,-14,-23,-14,-14,-26,0,5,1,-6,sil
21.270111799240112,-6,10,-3,0,0,-13,-23,-25,-30,-28,-2,-5,-18,-24,sil
21.28606033325196,-19,8,5,11,11,0,-7,-18,-31,-16,-14,-7,-29,-22,sil
21.28606033325196,-1,5,21,23,12,18,15,-6,-12,2,-7,0,-20,0,sil
21.3009033203125,14,-1,4,8,-3,15,22,8,12,11,0,-2,-3,8,sil
21.3009033203125,1,-20,-17,-20,-10,-5,2,10,16,3,-5,-2,8,1,sil
21.31602931022644,-1,-23,-14,-21,0,-16,-8,-4,0,0,0,9,14,0,sil
21.31602931022644,10,-1,-7,-7,0,-11,-8,-15,-25,-12,4,11,7,-9,sil
21.33213996887207,5,9,-2,-4,-1,0,0,-8,-26,-18,-8,-7,-7,-19,sil
21.33213996887207,-10,5,2,2,11,21,26,14,12,17,-12,-13,-6,2,sil
21.348066806793213,-13,-2,-3,3,16,26,33,34,45,45,-2,1,8,26,sil
21.348066806793213,2,-4,-17,-7,5,0,-6,23,35,23,5,12,18,15,sil
21.36278247833252,15,4,-1,-8,4,-15,-34,0,7,-8,11,18,15,1,sil
21.36278247833252,14,8,18,3,7,-12,-20,-5,-6,-21,21,27,11,6,sil
21.378821849823,0,7,6,4,-17,-12,-10,-10,-16,-22,23,15,6,-1,sil
21.378821849823,-13,10,3,4,-37,-3,-9,-18,-24,-15,0,-12,-11,-20,sil
21.394079208374023,-7,11,15,21,-16,4,0,-12,-17,-7,-25,-24,-27,-17,sil
21.41002106666565,-6,6,13,31,-9,9,9,0,1,0,-19,-19,-20,-3,sil
21.41002106666565,-19,-4,2,17,-29,19,17,-1,9,15,-11,-21,-10,0,sil
21.41002106666565,-9,-13,1,1,-2,11,15,-10,4,15,-20,-22,-7,5,sil
21.424785614013672,6,-11,0,-4,40,-15,-5,-14,0,0,-11,-3,4,13,sil
21.424785614013672,5,-9,-11,-12,22,-22,-13,-7,-2,3,8,6,15,6,sil
21.44102191925049,8,-16,-17,-22,-7,-16,-4,5,0,8,6,1,9,0,sil
21.44136381149292,20,-8,-12,-24,-1,-13,0,22,4,-12,0,4,4,3,sil
21.456291437149048,12,7,-9,-15,2,2,1,28,15,-15,15,15,16,0,sil
21.456291437149048,-6,2,-6,-16,0,11,5,19,22,0,27,17,17,-10,sil
21.471803903579712,-10,-2,-1,-15,0,0,3,5,10,0,21,4,5,-11,sil
21.487295866012573,0,13,6,-1,4,-5,0,-3,-8,-2,19,0,1,-5,sil
21.487295866012573,5,17,15,5,5,-2,-7,-9,-20,-7,15,1,-1,-4,sil
21.50298571586609,0,6,9,9,0,0,-8,-12,-19,-13,-7,-5,-15,-3,sil
21.50298571586609,-2,7,15,21,6,14,7,-7,-9,0,-20,-11,-17,8,sil
21.50298571586609,1,11,18,30,12,21,8,0,-1,13,-11,-2,-10,14,sil
21.51879906654358,2,6,7,30,3,10,-10,-10,-7,4,-12,-2,-16,2,sil
21.51879906654358,2,0,5,24,0,11,-4,-23,-15,2,-16,-5,-20,0,sil
21.534423828125,0,-11,-5,9,0,17,15,-14,-8,15,-13,-7,-12,7,sil
21.550114393234253,0,-21,-20,-5,-5,8,22,0,5,17,-18,-9,-6,12,sil
21.550114393234253,5,-13,-13,-3,-6,0,20,11,19,14,-12,-2,3,15,sil
21.5650634765625,2,-9,-12,-5,-1,-1,15,22,25,18,5,13,23,14,sil
21.5650634765625,-14,-21,-28,-27,0,-9,3,30,21,14,2,13,29,2,sil
21.580896615982056,-15,-21,-29,-39,-6,-15,-3,24,20,0,0,0,20,-7,sil
21.580896615982056,-7,-2,-11,-35,-15,-16,-9,11,15,-6,18,8,22,-4,sil
21.5962827205658,-2,6,-2,-24,-15,-22,-11,0,-3,-10,12,17,22,-3,sil
21.5962827205658,2,8,0,-7,-7,-24,-11,-12,-22,-34,-1,4,-1,-15,sil
21.61155652999878,3,12,8,0,-6,-17,-23,-21,-26,-56,5,-3,-22,-25,sil
21.61155652999878,3,18,17,1,-3,-10,-32,-22,-25,-37,11,3,-13,-17,sil
21.627104997634888,12,25,31,18,4,0,-26,-21,-25,-13,6,9,-2,-7,sil
21.627104997634888,21,32,40,33,9,16,-19,-16,-17,-9,15,13,-5,-6,sil
21.64286184310913,21,27,36,35,17,17,-11,-5,-7,10,30,20,-1,2,sil
21.64286184310913,13,19,32,34,17,10,0,3,-2,28,27,12,6,13,sil
21.658122777938843,-2,9,11,27,4,17,14,7,14,25,1,-12,0,5,sil
21.658122777938843,-23,-13,-15,2,2,17,21,2,25,19,-27,-26,-19,-2,sil
21.674132347106934,-29,-32,-22,-16,9,2,23,-1,9,14,-32,-25,-22,0,sil
21.674132347106934,-28,-33,-27,-19,0,0,28,1,0,1,-31,-37,-17,-10,sil
21.690017700195312,-33,-33,-32,-22,-10,7,24,15,5,-3,-40,-47,-25,-21,sil
21.690017700195312,-12,-23,-24,-19,-6,8,19,28,22,5,-26,-24,-10,-1,sil
21.70537614822388,19,-1,-11,-6,0,6,21,27,38,16,0,8,29,27,sil
21.70537614822388,17,0,-12,-7,3,0,14,10,28,19,2,15,32,29,sil
21.72076964378357,4,-3,-13,-16,-1,-11,0,0,10,14,3,8,8,13,sil
21.72076964378357,21,-1,0,-11,-2,-18,-7,3,14,9,16,21,21,10,sil
21.736730813980103,35,0,6,-3,1,-21,-9,0,10,0,21,35,37,17,sil
21.736730813980103,24,14,9,-1,0,-11,-25,-28,-22,-15,24,32,15,11,sil
21.75167918205261,9,23,23,5,-14,3,-37,-36,-47,-23,20,18,-11,-2,sil
21.75167918205261,0,10,21,18,-13,-3,-27,-20,-40,-19,0,2,-21,-7,sil
21.767361640930176,-9,8,7,22,4,-14,-14,-16,-25,-19,-6,-5,-22,-9,hello
21.767361640930176,-12,16,9,21,12,5,-5,-8,-13,-10,2,-10,-9,-15,hello
21.78250765800476,-13,4,10,20,2,19,11,11,-8,7,0,-16,0,-12,hello
21.78250765800476,-20,-16,-6,7,-5,6,24,14,-7,4,-18,-23,-13,-9,hello
21.79812431335449,-28,-19,-27,-3,-6,3,20,11,3,0,-25,-25,-24,-13,hello
21.79812431335449,-25,-8,-22,-4,1,18,16,24,20,11,-6,-10,-5,-9,hello
21.81370091438293,-8,-6,-8,-9,0,15,16,20,13,11,5,4,11,2,hello
21.81370091438293,0,-14,-10,-27,-14,-9,0,-3,-9,-17,-4,1,5,3,hello
21.82976198196411,4,-18,-12,-29,-16,-26,-19,-6,-9,-34,0,4,3,-1,hello
21.82976198196411,21,-2,1,-11,0,-24,-21,2,2,-16,18,24,14,2,hello
21.84493637084961,26,20,23,0,6,-21,-26,-6,-4,-4,22,34,16,3,hello
21.84493637084961,19,27,27,13,2,-17,-38,-17,-8,-6,25,23,8,1,hello
21.860860109329224,28,30,28,36,9,1,-28,-10,4,5,35,18,10,9,hello
21.860860109329224,30,33,34,34,31,21,0,-8,13,26,33,18,19,16,hello
21.876145124435425,1,16,15,15,36,27,19,-9,22,35,11,-3,11,4,hello
21.876145124435425,-20,-5,-6,3,17,28,31,4,26,24,-15,-24,-10,-8,hello
21.891358137130737,-20,-8,-13,-4,6,21,45,19,15,8,-36,-30,-26,-7,hello
21.891358137130737,-21,-14,-17,-13,6,12,41,14,6,2,-41,-29,-28,-4,hello
21.907090663909912,-24,-27,-24,-21,-4,10,24,14,10,3,-33,-24,-20,-5,hello
21.907090663909912,-19,-28,-35,-32,-22,3,20,16,16,9,-25,-22,-8,-7,hello
21.922657251358032,-11,-18,-31,-35,-32,-12,5,0,1,5,-25,-20,-10,-8,hello
21.922657251358032,-4,-16,-15,-24,-33,-24,-23,-15,-22,-17,-25,-8,-15,-3,hello
21.93811416625977,7,-11,-4,-13,-25,-30,-30,-11,-24,-25,-10,6,2,7,hello
21.93811416625977,26,6,14,-7,-14,-32,-25,-4,-18,-16,17,28,26,13,hello
21.95329713821411,29,28,27,8,-1,-26,-32,-10,-26,-28,32,36,20,4,hello
21.95329713821411,12,30,25,28,13,-3,-30,-20,-30,-32,23,17,-2,-1,hello
21.96850562095642,0,17,24,43,18,17,-6,-12,-14,3,18,4,-2,9,hello
21.96850562095642,3,12,20,49,15,23,9,-1,3,29,19,7,14,17,hello
21.98371315002441,-4,1,10,30,19,27,9,0,8,23,9,0,12,7,hello
21.98371315002441,-16,-14,-6,4,11,24,16,10,11,32,1,-17,1,0,hello
21.999757051467896,-18,-19,-23,-8,-7,6,30,31,24,34,-3,-20,0,0,hello
21.999757051467896,-24,-26,-34,-25,-14,-1,31,37,38,4,-20,-24,-4,-15,hello
22.014896631240845,-27,-28,-34,-37,-7,0,12,22,31,-19,-28,-21,-7,-25,hello
22.03075909614563,-3,-7,-12,-24,0,-3,-12,5,11,-19,-3,15,10,1,hello
22.03075909614563,23,13,7,-2,2,-16,-22,-3,1,-6,22,39,30,18,hello
22.03075909614563,18,9,5,-5,-5,-25,-20,-19,-8,-7,8,17,14,-2,hello
22.046117544174194,5,0,0,-19,-10,-17,-19,-25,-28,-33,-13,5,-16,-13,hello
22.062010765075684,17,8,14,-2,0,0,-7,-12,-31,-37,0,17,-17,-1,hello
22.062010765075684,24,21,35,28,11,4,3,-8,-19,-7,18,14,-7,3,hello
22.07806158065796,16,18,33,31,8,5,-1,-23,-20,1,10,4,-10,0,hello
22.07806158065796,9,17,22,25,12,14,-5,-28,-19,-3,18,9,-5,0,hello
22.09992098808289,11,22,22,40,24,20,6,-7,0,21,29,6,-2,7,hello
22.09992098808289,3,3,1,28,5,10,8,12,13,47,1,-14,-16,8,hello
22.09992098808289,-19,-28,-42,-26,-25,-12,-2,17,21,19,-23,-28,-23,-6,hello
22.10996675491333,-27,-27,-51,-49,-25,-29,0,30,36,0,-1,-15,-11,-6,hello
22.10996675491333,-16,0,-16,-22,-3,-17,-1,31,35,14,17,3,3,0,hello
22.12588596343994,-21,6,2,0,7,4,-10,-5,0,5,-7,-16,8,-19,hello
22.14164352416992,-29,-3,-8,0,7,8,7,-35,-27,-14,-37,-51,-1,-29,hello
22.14164352416992,-15,-14,-12,-11,0,4,26,-22,-29,-9,-29,-32,-2,-3,hello
22.14164352416992,5,-13,-12,-29,-16,2,11,-1,-29,-16,-10,5,11,11,hello
22.157198190689087,19,1,0,-22,-10,-2,0,6,-24,-29,-7,11,17,5,hello
22.157198190689087,27,19,33,9,15,0,9,16,4,0,7,14,21,8,hello
22.173299074172974,21,20,39,34,17,17,17,25,33,35,19,19,24,17,hello
22.173299074172974,0,2,12,28,4,24,14,22,42,28,-4,10,8,21,hello
22.188926458358765,-3,-10,0,10,4,10,3,16,45,9,-18,9,0,24,hello
22.188926458358765,10,-5,6,0,-4,-4,-12,1,22,-1,0,25,10,20,hello
22.204111099243164,10,-1,5,-10,-18,-4,-21,-13,-25,-23,0,20,-2,-1,hello
22.21979069709778,-3,-13,-10,-21,-13,0,-10,-12,-34,-29,-12,0,-24,-19,hello
22.21979069709778,-6,-14,-18,-20,0,-4,-1,-2,-4,-11,0,4,-7,-9,hello
22.21979069709778,0,-2,-11,-12,3,-13,-9,2,6,1,16,13,14,0,hello
22.235529899597168,-7,3,-5,-1,6,-9,-16,3,8,8,22,0,8,-11,hello
22.250657081604004,-18,6,-1,3,11,-5,-10,0,7,7,23,-13,-1,-23,hello
22.251102685928345,-15,6,-11,2,2,-10,-8,-12,-7,-11,7,-17,-9,-24,hello
22.266690731048584,-8,3,-7,5,-15,-6,-13,-20,-25,-29,-13,-21,-23,-11,sil
22.266690731048584,0,5,16,24,-15,6,-3,-15,-28,-11,-12,-13,-28,5,sil
22.28205180168152,0,6,12,31,0,6,6,-15,-26,12,-4,-5,-19,6,sil
22.28205180168152,-5,-1,-8,11,0,0,1,-20,-25,11,-4,-4,-15,0,sil
22.29764151573181,2,-10,-7,0,2,0,0,-11,-14,11,0,-3,-6,4,sil
22.29764151573181,9,-9,1,5,12,9,13,2,5,26,2,-4,8,9,sil
22.313681602478027,7,0,-1,11,13,14,20,18,28,33,3,-1,15,11,sil
22.313681602478027,12,8,-2,2,11,5,20,28,40,20,11,13,16,16,sil
22.329100847244263,18,1,0,-17,3,-5,17,25,34,-3,21,24,26,12,sil
22.329100847244263,11,-3,-3,-25,-14,-10,3,19,26,-16,15,11,30,0,sil
22.34428572654724,4,6,0,-13,-10,-17,-17,14,20,-10,5,10,28,-1,sil
22.34428572654724,10,12,9,-9,11,-20,-18,3,8,-3,13,26,30,4,sil
22.35992193222046,11,13,14,0,5,-15,-6,-14,-13,-11,13,16,14,-1,sil
22.35992193222046,-6,17,13,9,-9,-5,-5,-30,-46,-29,-17,-17,-29,-24,sil
22.37502837181092,-17,6,7,4,-1,12,0,-26,-53,-26,-35,-31,-48,-25,sil
22.37502837181092,-7,-11,2,1,5,24,11,-6,-18,-3,-21,-18,-31,-7,sil
22.39110803604126,-8,-20,0,1,-6,15,12,3,3,-2,-25,-17,-29,-5,sil
22.39110803604126,-18,-16,-2,-3,-8,11,7,5,7,-7,-36,-20,-27,-3,sil
22.40714812278748,-8,-5,0,-1,8,20,11,13,24,11,-8,2,8,20,sil
22.40714812278748,6,2,-1,0,8,8,7,14,31,26,18,18,34,31,sil
22.42228984832764,4,0,-10,-20,-11,-11,-6,2,8,13,8,8,17,13,sil
22.42228984832764,0,-11,-15,-28,-16,-11,-17,0,-1,6,1,5,0,0,sil
22.43785071372986,4,-6,-14,-9,-5,-8,-16,1,6,10,20,13,12,-3,sil
22.43785071372986,10,12,2,6,6,-9,-11,3,3,6,35,15,27,-7,sil
22.452996253967285,6,19,11,19,16,0,-4,7,-5,2,19,2,6,-10,sil
22.452996253967285,-7,7,3,28,12,10,0,0,-11,-4,-13,-14,-32,-9,sil
22.468517065048218,-19,0,8,19,-5,15,3,-11,-18,-20,-28,-18,-40,-7,sil
22.468517065048218,-21,-2,4,5,-15,11,11,-10,-17,-17,-26,-22,-25,-6,sil
22.48380994796753,-19,-20,-16,-3,-5,0,15,0,-1,3,-24,-22,-16,-1,sil
22.48380994796753,-10,-39,-29,-13,0,-7,7,9,19,21,-13,-12,1,4,sil
22.50015115737915,2,-14,-25,-14,-2,-10,-1,6,30,26,8,6,24,8,sil
22.50015115737915,12,12,-2,-4,9,-13,-7,1,17,13,20,25,32,12,sil
22.51578950881958,22,2,16,-1,13,-17,-17,-7,-11,-11,23,29,25,14,sil
22.51578950881958,28,13,22,2,0,-14,-23,-22,-33,-25,30,25,14,6,sil
22.53112483024597,24,42,24,21,2,-4,-11,-18,-24,-12,31,23,11,-1,sil
22.53112483024597,14,31,20,31,10,5,1,0,-1,-2,19,12,10,-1,sil
22.54666423797608,2,8,13,25,8,11,4,6,4,-14,2,-4,-2,0,sil
22.54666423797608,-12,-1,1,6,6,18,15,2,2,-8,-11,-18,-12,-8,sil
22.56189513206482,-20,-13,-8,-20,0,18,26,1,5,16,-18,-22,-11,-12,sil
22.56189513206482,-8,-5,-9,-27,-14,0,19,7,9,13,-15,-9,-8,2,sil
22.57770538330078,3,-9,-15,-20,-19,-13,4,10,10,-7,-13,0,0,9,sil
22.57770538330078,-2,-39,-23,-38,-21,-16,-12,2,5,-15,-15,-8,-2,-10,sil
22.593308448791504,-10,-21,-15,-35,-19,-20,-22,-6,-5,-19,-13,-10,-15,-19,sil
22.593308448791504,-4,33,13,19,4,-9,-12,-13,-18,-17,1,2,-11,-10,sil
22.60903596878052,9,36,32,47,24,15,4,-12,-15,6,19,7,0,-3,sil
22.60903596878052,14,1,20,21,15,21,17,-1,6,27,11,8,0,8,sil
22.62513327598572,0,-12,0,0,4,17,23,6,16,21,-13,4,3,21,sil
22.62513327598572,-16,-11,-20,-7,0,10,13,8,8,12,-19,-13,0,10,sil
22.640878438949585,-10,-12,-27,-12,-12,-6,-1,13,17,17,-9,-14,-2,0,sil
22.641292333602905,2,-18,-19,-9,-22,-19,-8,23,26,17,-7,0,12,4,sil
22.65601086616516,1,-15,-12,-14,-19,-22,-21,16,1,-1,-1,4,18,2,sil
22.65601086616516,0,0,0,-15,-2,-15,-32,-4,-18,-24,16,10,2,-1,sil
22.67245030403137,17,23,18,17,18,4,-15,-16,-16,-21,24,18,-3,5,sil
22.67245030403137,24,33,35,43,31,21,1,-17,-26,-10,21,13,0,6,sil
22.68746519088745,7,20,34,28,24,20,7,-11,-32,-4,14,1,-3,-4,sil
22.68746519088745,-9,-3,8,17,10,21,20,-2,-5,2,-5,-14,-13,-11,sil
22.70303988456726,-22,-10,-12,4,5,26,26,3,13,8,-24,-28,-18,-8,sil
22.70303988456726,-18,-7,-14,-17,7,11,12,11,22,23,-17,-17,-7,0,sil
22.71908974647522,-10,-18,-17,-25,-5,-12,0,14,37,32,-7,-1,6,3,sil
22.71908974647522,-13,-30,-22,-32,-29,-25,-12,2,23,3,-16,-6,7,0,sil
22.734280347824097,-11,-14,-17,-36,-26,-23,-19,-9,-3,-20,-12,-5,10,-1,sil
22.734280347824097,8,17,1,-20,1,-13,-12,-2,-7,-10,15,20,18,7,sil
22.750200510025024,24,26,13,4,4,-5,-3,0,-9,-15,31,26,10,7,sil
22.750200510025024,26,19,18,23,-3,0,-6,-12,-25,-35,15,11,-10,-6,sil
22.76581335067749,13,19,22,19,7,1,-2,-14,-23,-26,0,6,-16,-12,sil
22.76581335067749,-5,12,4,3,10,2,9,0,-1,-3,3,-3,-4,-9,sil
22.78108310699463,-19,-7,-12,2,0,5,10,1,3,0,-4,-16,-5,-10,sil
22.78108310699463,-19,-21,-12,5,-4,8,5,-4,-3,3,-32,-20,-21,-12,sil
22.79565668106079,-12,-14,-12,-5,-4,7,13,2,2,20,-33,-21,-10,-5,sil
22.79565668106079,-2,-8,-11,-5,1,7,18,16,18,33,-6,-14,13,10,sil
22.811288118362427,2,-12,-6,7,4,1,11,12,20,23,0,3,16,22,sil
22.811288118362427,7,-15,-3,-1,-14,-10,0,0,9,4,0,20,19,20,sil
22.826794624328613,17,-6,-2,-11,-22,-17,-5,2,4,1,23,28,26,19,sil
22.826794624328613,23,17,5,2,-1,-16,-15,0,0,0,37,31,17,11,sil
22.842032432556152,13,24,16,14,5,-19,-27,-15,-18,-26,25,26,3,-11,sil
22.85774612426757,4,2,14,8,-3,-15,-28,-18,-28,-35,14,10,-7,-23,sil
22.85774612426757,1,2,15,6,2,4,-15,-4,-12,-8,14,0,-17,-10,sil
22.87271285057068,-4,20,20,16,12,15,-6,-2,-2,5,13,-3,-11,-1,sil
22.87271285057068,-16,11,5,20,9,12,1,-5,-8,0,0,-18,-4,-6,sil
22.887961626052856,-21,-9,-4,12,8,21,20,3,-4,7,-17,-26,-15,2,sil
22.887961626052856,-2,-9,0,13,3,28,30,18,19,32,-16,-11,-5,26,sil
22.90397024154663,15,-5,2,13,3,15,19,21,35,41,6,7,20,34,sil
22.90397024154663,10,-9,-3,-3,6,0,1,11,19,25,7,6,15,16,sil
22.919857501983643,0,-3,-3,-13,0,-6,-7,-3,-2,0,-12,1,-4,-9,sil
22.919857501983643,0,-1,-1,-20,-8,-17,-12,-12,-6,-22,-13,4,-6,-20,sil
22.934654712677,0,-9,-15,-36,-11,-21,-9,-5,-8,-38,-8,-2,-7,-17,sil
22.934654712677,3,3,-13,-31,0,-11,-4,-4,-27,-42,-14,-14,-8,-16,sil
22.94980430603028,-1,20,4,-7,13,5,1,-9,-31,-23,-13,-15,-7,-21,sil
22.94980430603028,-22,5,0,0,9,19,18,-2,-5,2,-17,-25,-19,-19,sil
22.965490579605103,-26,-8,-13,0,1,25,31,10,18,9,-31,-36,-25,-3,sil
22.965490579605103,-13,-6,-17,-4,5,18,20,13,26,14,-32,-29,-6,10,sil
22.9806911945343,-16,-19,-26,-28,-4,10,1,6,25,25,-27,-22,3,8,sil
22.9806911945343,-20,-30,-28,-32,-13,4,0,10,26,25,-12,-15,0,3,sil
22.99667906761169,1,-10,-11,-5,-3,-15,-3,12,28,18,11,4,7,2,sil
22.99667906761169,20,9,6,2,-9,-36,-21,-4,5,3,19,22,13,-2,sil
23.01266312599182,23,11,12,0,-14,-30,-27,-18,-22,-14,23,30,17,-3,sil
23.01266312599182,24,18,12,11,2,-16,-17,-16,-25,-20,38,42,26,5,sil
23.027884244918823,19,28,19,20,5,-8,-15,-10,-15,-15,38,43,21,5,sil
23.027884244918823,11,23,27,22,-3,1,-8,-7,-13,-9,33,28,8,2,sil
23.04348540306092,6,8,30,22,0,6,0,-5,-18,-8,27,18,4,5,sil
23.04348540306092,0,0,22,24,5,2,-2,-3,-17,-14,5,9,-3,2,sil
23.05990242958069,-9,0,15,28,1,6,0,1,-4,-6,-2,4,-5,3,sil
23.05990242958069,-9,-8,8,23,0,13,12,3,2,14,3,3,0,13,sil
23.07494163513184,-1,-21,-6,7,-4,7,12,2,1,15,-10,-7,-6,4,sil
23.07494163513184,0,-17,-8,0,-7,0,8,10,12,7,-20,-6,-10,-5,sil
23.09093403816223,3,-10,-6,-8,-4,-5,4,18,24,14,-1,6,7,2,sil
23.09093403816223,10,-8,-11,-17,-3,-19,-15,5,8,8,9,5,16,2,sil
23.108952283859253,10,9,1,-9,0,-20,-19,-5,-15,-12,10,1,3,-4,sil
23.108952283859253,8,28,14,10,9,5,7,0,-8,-4,18,2,0,1,sil
23.122693300247192,0,22,10,12,18,21,14,0,6,8,12,-6,0,11,sil
23.122693300247192,-15,3,3,1,19,17,4,-2,4,1,-13,-26,-14,3,sil
23.138715505599976,-17,-2,-8,-3,10,25,18,-3,2,7,-28,-34,-23,-5,sil
23.138715505599976,-12,-2,-15,-5,-2,27,27,0,7,10,-29,-30,-17,-2,sil
23.15415668487549,-17,-10,-23,-8,-15,2,8,3,6,-6,-35,-32,-19,-4,sil
23.15415668487549,-18,-24,-33,-20,-11,-7,0,0,0,-11,-39,-31,-29,-17,sil
23.170177936553955,-3,-22,-30,-31,-3,-1,8,-2,0,0,-24,-16,-20,-18,sil
23.170177936553955,2,-8,-21,-26,-5,-5,1,-2,0,-6,-9,-1,-1,-9,sil
23.185641050338745,0,-2,-6,-13,-3,-9,-21,-1,-7,-18,-5,7,7,-7,sil
23.185641050338745,17,0,8,0,6,-9,-23,3,1,0,10,23,30,2,sil
23.2009825706482,28,8,18,3,8,-12,-16,5,8,17,34,34,48,15,sil
23.2009825706482,0,3,4,-5,-1,-18,-28,-5,-14,-4,27,16,19,0,sil
23.21631455421448,-21,2,-5,0,-4,-14,-22,-15,-34,-20,0,-11,-12,-15,sil
23.21631455421448,-7,8,6,13,0,1,10,-11,-16,3,-6,-11,-8,0,sil
23.23140954971313,-1,0,6,5,-4,9,26,0,5,20,0,-3,0,13,sil
23.23140954971313,-3,-7,-1,-9,-14,1,12,3,2,-5,0,0,-6,2,sil
23.24703001976013,14,0,7,-7,-8,-5,-7,2,-2,-32,0,12,-5,-10,sil
23.24703001976013,23,18,24,10,1,-3,-12,1,7,-14,17,27,5,-8,sil
23.262703895568848,11,30,36,29,8,7,5,7,17,17,32,29,12,6,sil
23.262703895568848,8,22,31,33,15,26,25,15,21,32,22,20,9,20,sil
23.278141975402832,7,6,11,22,13,28,22,15,30,35,7,9,5,26,sil
23.278141975402832,-3,-10,-6,0,0,6,8,12,31,28,7,9,14,30,sil
23.29370307922364,-9,-25,-24,-27,-14,-16,-8,0,6,3,9,10,22,16,sil
23.29370307922364,-6,-15,-19,-27,-11,-28,-22,-11,-15,-21,7,2,9,-6,sil
23.308777809143063,5,10,9,11,1,-21,-16,-7,-15,-23,4,-1,-8,-11,sil
23.308777809143063,17,16,23,34,13,-3,-11,-7,-18,-18,-8,0,-18,-9,sil
23.32482051849365,3,-1,6,10,10,0,-20,-20,-28,-21,-15,-11,-23,-19,sil
23.32482051849365,-20,-12,-10,-1,1,2,-11,-15,-19,-11,-7,-23,-17,-19,sil
23.340691566467285,-21,-8,-7,9,1,17,14,1,-2,0,-15,-22,-6,-1,sil
23.340691566467285,-8,-8,-7,8,4,25,29,11,11,8,-26,-17,-5,8,sil
23.35579776763916,-14,-20,-21,-11,-2,12,31,11,17,17,-18,-20,-8,1,sil
23.35579776763916,-25,-31,-33,-31,-12,-2,27,10,9,22,-22,-23,-2,0,sil
23.37094020843506,-11,-21,-28,-33,-14,-5,17,12,13,18,-26,-16,6,12,sil
23.37094020843506,16,3,-7,-21,-10,-11,-1,5,13,5,2,8,12,16,sil
23.386080503463745,22,16,-2,-18,-7,-26,-23,-14,-18,-16,12,17,0,-7,sil
23.40177154541016,1,10,-9,-20,-3,-24,-33,-29,-41,-43,-10,0,-19,-39,sil
23.40177154541016,-1,13,9,-5,2,-6,-28,-14,-24,-41,0,0,-10,-37,sil
23.4168541431427,11,30,31,18,11,3,-11,6,0,-1,36,15,12,-10,sil
23.4168541431427,10,28,26,33,15,15,2,6,8,24,28,6,5,0,sil
23.43234205245972,0,8,19,36,10,20,3,-1,3,10,0,-9,-15,-5,sil
23.43234205245972,0,2,15,25,6,13,5,-1,0,2,-7,-9,-12,0,sil
23.44796800613404,0,0,4,11,6,15,21,7,15,20,-7,-7,1,14,sil
23.44796800613404,7,-8,-3,9,0,20,28,17,32,28,-7,-11,13,16,sil
23.46305680274964,0,-16,-8,-4,-12,5,12,8,17,14,0,-6,12,8,sil
23.46305680274964,-12,-26,-19,-31,-19,-11,-9,-9,-11,-1,-5,2,0,3,sil
23.47914814949036,-1,-16,-21,-22,-12,-12,-13,-7,-5,-1,-8,15,9,6,sil
23.47914814949036,4,5,-10,-2,0,-7,2,14,17,2,4,20,21,11,sil
23.49481678009033,-9,0,-17,-18,-5,-16,1,18,7,-8,5,9,6,2,sil
23.49481678009033,-9,-13,-15,-29,-18,-24,-22,-3,-21,-25,0,9,-5,-2,sil
23.510024547576904,10,5,14,0,-2,-14,-23,-10,-23,-23,14,26,0,15,sil
23.510024547576904,23,28,37,25,19,1,0,-3,-6,-13,27,35,4,35,sil
23.52593755722046,19,19,32,16,19,4,0,-8,0,-8,27,38,18,39,sil
23.52593755722046,10,6,15,8,12,0,-10,-11,0,0,19,17,19,26,sil
23.541668176651,-2,4,9,11,9,1,-7,-1,-2,2,4,-21,-10,-4,sil
23.541668176651,-9,-1,9,9,0,5,-1,0,0,4,-1,-31,-20,-31,sil
23.55681681632996,0,-5,6,5,-1,2,0,-3,3,18,1,-8,0,-21,sil
23.55681681632996,5,0,12,11,8,8,3,0,3,25,0,-2,2,-6,sil
23.571990966796875,-9,-5,0,15,10,22,19,6,11,17,-10,-18,-7,-15,sil
23.571990966796875,-26,-12,-25,5,2,19,32,5,11,12,-21,-28,-13,-29,sil
23.588082551956177,-23,-7,-22,-6,0,12,30,6,-2,7,-28,-30,-21,-27,sil
23.588082551956177,-23,-11,-23,-15,-6,14,18,4,0,-2,-31,-34,-23,-16,sil
23.603811502456665,-23,-20,-32,-25,-16,0,2,0,12,-13,-30,-24,-14,-8,sil
23.603811502456665,-3,-9,-20,-19,-11,-18,-4,0,14,-8,-16,-4,-1,-4,sil
23.618980407714844,5,-1,-9,-12,-7,-13,-1,1,11,0,-8,0,2,-2,sil
23.618980407714844,-5,-11,-16,-28,-21,-12,-6,0,-1,-10,-18,-2,-4,0,sil
23.6346595287323,6,-7,-10,-28,-24,-25,-19,0,-20,-15,-8,7,-2,0,sil
23.6346595287323,36,9,20,0,-4,-20,-27,0,-25,-16,18,28,18,3,sil
23.65018391609192,38,19,35,17,11,-7,-23,-1,-14,-17,24,35,29,12,sil
23.65071201324463,29,27,25,13,13,-7,-15,-6,-4,-2,25,30,22,14,sil
23.66586875915528,28,32,22,17,17,-5,-13,-7,-3,7,38,27,19,7,sil
23.66586875915528,17,28,20,26,16,4,-8,-1,1,2,36,18,18,6,sil
23.6814067363739,0,19,14,22,10,14,4,7,9,3,17,12,5,13,sil
23.6814067363739,-13,6,1,14,11,14,16,4,4,12,-6,-3,-15,4,sil
23.696856021881104,-29,-8,-9,7,9,13,21,-9,-10,12,-26,-29,-30,-12,hello
23.696856021881104,-31,-14,-6,2,-5,15,18,-12,-21,1,-24,-30,-27,-9,hello
23.71208333969116,-20,-17,-11,2,-18,12,18,-1,-14,-1,-12,-18,-21,1,hello
23.71208333969116,-27,-28,-25,-7,-12,11,16,5,8,8,-15,-22,-21,0,hello
23.728190183639526,-31,-37,-24,-22,-8,12,3,12,22,15,-22,-24,-8,-1,hello
23.728190183639526,-2,-28,-9,-12,-9,-1,-2,17,24,2,-4,-1,16,10,hello
23.74384903907776,25,-8,9,0,-1,-14,2,17,31,-3,24,27,35,31,hello
23.74384903907776,25,0,9,-8,2,-10,-10,4,18,0,29,31,30,23,hello
23.75912714004517,13,0,-1,-10,1,-15,-35,-14,-16,-9,7,13,3,-8,hello
23.75912714004517,9,9,0,9,7,-25,-29,-15,-17,-14,9,13,-2,-12,hello
23.77469682693481,19,17,10,3,8,-8,-6,-2,6,2,35,31,20,12,hello
23.77469682693481,27,15,18,-23,1,10,2,-1,-1,9,27,22,19,13,hello
23.78975296020508,8,16,9,-4,8,5,7,-9,-21,-3,-4,-13,-10,-13,hello
23.78975296020508,-28,18,-5,23,10,-4,4,-14,-22,-20,-20,-37,-33,-33,hello
23.80573391914368,-37,13,-11,13,-2,0,0,-8,-15,-22,-20,-34,-33,-32,hello
23.80573391914368,-16,7,-3,2,-6,15,11,0,0,-5,-17,-23,-14,-18,hello
23.82100892066956,-12,-2,0,-1,0,20,19,-2,4,7,-24,-18,-2,-4,hello
23.82100892066956,-14,-14,-8,-6,-2,8,15,2,3,12,-34,-16,-8,1,hello
23.83648538589477,0,-8,-4,-2,0,7,18,23,18,23,-22,-2,-1,11,hello
23.83648538589477,11,-11,-1,-7,-4,8,17,25,24,25,-5,8,11,14,hello
23.85244083404541,7,-19,-5,-18,-15,-9,-1,7,4,7,-1,12,15,10,hello
23.85244083404541,10,-5,4,-10,-11,-19,-21,0,0,-5,13,29,25,14,hello
23.867987632751465,32,13,20,5,0,-12,-33,-3,13,0,32,38,32,15,hello
23.867987632751465,46,25,27,23,5,-13,-44,-18,6,2,35,40,25,8,hello
23.88312149047852,31,31,29,32,15,-17,-37,-13,-3,0,45,43,26,7,hello
23.898693323135376,4,16,9,14,15,-8,-8,0,5,4,36,20,21,0,hello
23.898693323135376,-15,-5,-12,-3,2,1,18,0,-2,-7,-6,-23,-18,-19,hello
23.898693323135376,-24,-10,-13,0,-2,7,39,2,-22,-26,-32,-43,-46,-25,hello
23.91392016410828,-24,-14,-11,3,0,19,49,18,-5,-12,-20,-34,-35,-13,hello
23.92907881736756,-26,-24,-20,-7,-1,26,36,11,5,7,-17,-31,-25,-8,hello
23.92907881736756,-33,-23,-32,-18,-6,9,8,-6,-20,-2,-33,-32,-31,-15,hello
23.94429016113281,-22,-20,-29,-24,-9,-9,0,-2,-20,-7,-28,-18,-21,-7,hello
23.94429016113281,-1,-24,-19,-30,-8,-7,3,9,18,11,-3,-7,0,6,hello
23.959978342056274,-2,-16,-18,-34,-5,-3,-9,3,18,-2,-4,-10,1,0,hello
23.959978342056274,-1,9,-3,-17,-1,-16,-32,-11,-17,-44,-13,0,-4,-11,hello
23.97503232955933,19,30,25,13,2,-12,-27,-19,-27,-35,10,17,0,0,hello
23.97503232955933,17,26,34,24,8,8,-14,-20,-21,1,26,8,0,13,hello
23.99019169807434,1,15,23,26,14,6,-18,-17,-22,11,4,0,-7,11,hello
23.99019169807434,9,19,27,43,12,3,-15,-13,-17,13,0,17,4,13,hello
24.005923986434937,15,16,27,38,4,16,8,-1,0,28,17,27,27,22,hello
24.005923986434937,6,2,6,14,-1,12,22,14,23,31,17,17,34,26,hello
24.02113938331604,6,-7,-2,6,-4,-2,15,21,43,26,10,16,30,19,hello
24.02113938331604,2,-17,-9,-9,-10,-2,11,23,44,25,2,4,24,7,hello
24.036661624908447,-4,-16,-18,-32,-7,0,9,27,37,21,0,-4,24,0,hello
24.036661624908447,7,-2,-10,-22,3,-14,-2,21,28,5,13,13,27,-2,hello
24.05271291732788,12,0,-3,0,1,-25,-17,-1,7,-15,17,18,12,-10,hello
24.05271291732788,-4,0,-1,-9,-5,-18,-25,-21,-15,-21,4,0,-6,-14,hello
24.06831240653992,-6,5,-2,-17,4,-4,-23,-19,-23,-14,6,-1,-13,-14,hello
24.06831240653992,0,9,-1,0,4,2,-8,-7,-18,-13,7,2,-17,-13,hello
24.083820819854736,0,11,16,14,-14,7,6,-4,-13,-14,-2,-4,-22,-11,hello
24.083820819854736,-5,10,14,12,-13,15,19,-8,-14,-14,-21,-21,-34,-15,hello
24.10499358177185,-15,-11,-13,-7,12,22,28,-3,-12,-19,-42,-34,-43,-18,hello
24.10499358177185,-26,-30,-27,-22,14,22,33,3,-4,-9,-42,-32,-29,-8,hello
24.10599160194397,-24,-21,-22,-10,-5,19,32,3,1,15,-28,-30,-19,3,hello
24.11554741859436,-14,-18,-17,-9,-8,9,22,10,11,22,-17,-24,-16,9,hello
24.130767822265625,1,-22,-12,-15,1,-5,3,22,24,16,2,-1,9,12,sil
24.130767822265625,18,1,3,2,10,-12,-11,11,16,12,23,22,33,11,sil
24.14584350585937,27,25,17,13,9,-8,-15,-4,0,3,21,25,25,4,sil
24.14584350585937,26,24,19,2,3,-11,-23,-12,-13,-10,19,21,17,0,sil
24.16184067726136,19,26,21,9,6,-19,-38,-18,-29,-24,24,26,16,3,sil
24.16184067726136,6,38,21,31,4,-11,-26,-12,-26,-24,15,20,9,5,sil
24.1771936416626,-5,20,15,31,-7,-2,-5,-5,-14,-19,-3,-3,-7,-6,sil
24.1771936416626,-6,-15,6,14,-12,-1,-6,-11,-19,-15,-16,-19,-25,-12,sil
24.192328214645386,-3,-13,-2,6,-8,4,0,-7,-4,14,-13,-9,-16,1,sil
24.192328214645386,-3,8,-4,3,5,6,17,10,21,45,-3,8,13,21,sil
24.20795965194702,4,-4,-2,-13,6,-5,17,17,19,34,3,16,28,27,sil
24.20795965194702,9,-24,-7,-39,-26,-19,0,6,7,0,12,15,19,15,sil
24.22297596931457,0,-4,-11,-38,-38,-24,-16,0,5,-17,13,9,6,-6,sil
24.22297596931457,-3,6,-7,-4,-2,-16,-18,1,3,-13,10,3,3,-17,sil
24.23901391029358,0,-11,5,9,18,3,-6,0,4,-3,15,-3,4,-13,sil
24.23901391029358,-12,-8,-1,-2,14,12,6,-2,2,-2,4,-17,-9,-17,sil
24.254213571548465,-31,2,-19,0,5,11,11,-3,-13,-12,-30,-32,-37,-30,sil
24.254213571548465,-34,-10,-18,10,-8,23,15,0,-12,-10,-42,-35,-42,-26,sil
24.26977586746216,-21,-21,-8,2,-7,31,23,3,12,11,-15,-20,-14,-6,sil
24.26977586746216,-5,-12,-4,-6,17,17,23,1,23,18,0,0,4,8,sil
24.2851722240448,4,0,-7,0,26,3,10,5,15,12,-6,0,2,12,sil
24.2851722240448,17,13,-3,2,21,4,0,7,16,21,0,3,13,14,sil
24.301157236099243,35,7,14,1,29,0,-7,3,12,12,22,30,31,18,sil
24.301157236099243,30,5,23,16,20,-6,-18,-2,-6,-13,27,33,22,13,sil
24.316747188568115,10,28,23,32,-10,6,-7,-4,-17,-7,17,11,5,5,sil
24.316747188568115,15,12,28,24,-20,15,23,5,0,13,5,5,0,14,sil
24.332715034484863,25,-26,10,-1,-8,-2,19,12,19,13,0,6,0,29,sil
24.332715034484863,9,-3,-13,-15,-20,-19,-13,8,7,3,8,3,20,17,sil
24.34833192825317,0,32,-8,-7,-31,-17,-17,-3,-14,-20,8,3,22,-6,sil
24.34833192825317,-2,10,1,-7,-11,-13,-9,-21,-34,-55,-15,-2,-18,-17,sil
24.36352562904358,-23,-15,-4,-11,3,-10,-9,-19,-35,-41,-26,-21,-41,-23,sil
24.36352562904358,-34,-12,-15,-10,2,-2,4,-1,-2,13,-15,-26,-18,-22,sil
24.379175186157227,-17,-11,-18,-27,0,-1,5,0,15,26,-10,-14,-6,-6,sil
24.395034790039062,1,-10,-10,-31,-8,-13,-20,-9,-4,-3,-4,1,-3,-1,sil
24.395034790039062,0,9,13,0,-1,-9,-23,-9,-18,-10,16,14,12,-6,sil
24.395034790039062,-13,26,18,23,14,15,3,-2,-1,14,19,5,12,0,sil
24.41008043289185,-17,4,-11,8,0,18,14,6,18,27,-10,-16,-5,1,sil
24.426088571548465,-8,-25,-18,-23,-14,-5,2,12,14,11,-16,-10,-4,-3,sil
24.426088571548465,5,-9,2,-21,-2,-13,-10,4,-4,-4,13,13,9,-1,sil
24.441819429397583,11,17,9,8,1,-8,-25,-6,-18,-13,15,10,4,-5,sil
24.441819429397583,0,3,-1,14,-1,-13,-27,-6,-22,-27,-16,-10,-24,-27,sil
24.457146167755127,-9,-10,3,8,3,-2,0,-5,-13,-33,-21,-16,-38,-24,sil
24.457146167755127,5,-5,19,23,15,24,28,1,8,-6,-6,0,-12,12,sil
24.472209453582764,17,-7,7,25,14,27,34,17,24,31,-3,2,6,29,sil
24.472209453582764,7,-6,-8,10,-1,13,30,23,27,40,0,1,7,20,sil
24.487714290618896,12,2,0,9,-10,11,29,18,34,33,19,20,26,26,sil
24.487714290618896,30,7,8,15,6,8,20,16,44,35,32,35,48,36,sil
24.503666400909424,23,10,4,6,26,-5,2,10,25,19,29,31,39,21,sil
24.503666400909424,1,1,-6,-9,13,-18,-14,-5,-8,-11,20,17,17,-3,sil
24.519970655441284,-9,-2,-13,-16,-2,-17,-28,-16,-21,-31,9,1,4,-17,sil
24.519970655441284,-9,15,0,-5,2,-9,-24,-15,-23,-32,0,-8,-3,-20,sil
24.53520560264588,-9,17,9,6,3,0,-3,-20,-30,-21,-13,-16,-18,-20,sil
24.53520560264588,-23,-9,-4,2,-6,8,4,-24,-36,-12,-35,-33,-37,-22,sil
24.55076789855957,-30,-15,-16,-10,-10,10,0,-11,-23,-9,-50,-41,-39,-20,sil
24.55076789855957,-19,-9,-19,-23,-19,2,0,4,0,0,-40,-31,-24,-10,sil
24.56640267372132,-11,-21,-21,-26,-31,-4,2,12,13,7,-18,-16,-10,-2,sil
24.56640267372132,-4,-21,-17,-18,-9,-9,-2,12,17,6,5,1,9,4,sil
24.58213806152344,18,3,2,-8,14,-13,-13,2,16,3,28,24,31,17,sil
24.58213806152344,37,24,21,4,-3,-6,-17,-1,3,0,39,32,29,23,sil
24.5977725982666,21,24,26,16,-13,7,-13,-5,-12,-8,32,24,8,11,sil
24.5977725982666,7,22,27,23,21,12,0,-5,-17,-15,15,15,0,3,sil
24.61288690567017,14,26,27,35,38,14,23,3,0,2,7,7,2,17,sil
24.61288690567017,3,11,18,23,15,19,36,7,10,26,-1,-6,-3,15,sil
24.62852644920349,-21,-23,-8,-7,-18,10,16,1,6,21,-25,-26,-23,-12,sil
24.62852644920349,-20,-28,-24,-14,-38,-3,2,6,15,10,-26,-22,-16,-7,sil
24.64367914199829,-3,-12,-15,-16,-21,-8,4,12,26,13,-4,0,8,15,sil
24.64367914199829,-2,-16,-15,-28,9,-13,-4,6,14,6,3,1,14,0,sil
24.65888714790344,-1,-11,-11,-17,19,-13,-9,3,0,-11,9,6,7,-18,sil
24.65888714790344,9,6,6,6,20,-5,-3,1,-4,-23,19,22,3,-6,sil
24.67423439025879,3,3,3,3,11,-6,-13,-15,-24,-25,5,8,-7,-14,sil
24.67423439025879,-13,-5,-2,-11,0,-3,-19,-25,-38,-19,-17,-21,-24,-32,sil
24.689849853515625,-12,0,0,0,14,7,-1,-13,-11,-2,-28,-22,-27,-16,sil
24.689849853515625,-9,2,-2,18,11,9,7,-2,15,10,-21,-5,-15,0,sil
24.705705642700195,-17,-5,-14,12,-37,1,2,3,9,16,-4,-1,5,0,sil
24.705705642700195,-8,-14,-15,-8,-44,-1,-1,9,0,11,3,2,20,10,sil
24.72177481651306,11,-14,-1,-20,3,-13,-15,6,0,-1,2,19,22,14,sil
24.72177481651306,16,0,7,-10,19,-22,-25,-2,-10,-15,13,26,20,-1,sil
24.737203121185303,13,26,21,15,-4,-10,-10,-8,-15,-16,26,14,15,-3,sil
24.737203121185303,14,28,32,29,-9,9,11,0,-1,-1,17,-3,1,2,sil
24.753150939941406,6,15,19,19,9,18,21,3,4,9,-3,-18,-14,-3,sil
24.753150939941406,-1,5,4,10,17,20,21,1,0,10,-11,-15,-22,4,sil
24.768683195114136,6,-2,0,11,5,19,21,11,14,20,-5,-7,-11,27,sil
24.768683195114136,10,-5,-1,0,0,6,10,21,32,28,-2,1,10,27,sil
24.783957719802856,3,0,-6,-9,3,-8,-5,8,21,12,5,15,21,10,sil
24.783957719802856,2,-2,-18,-11,-3,-13,-12,-9,-4,-5,16,18,21,4,sil
24.79998993873596,3,-5,-23,-16,-9,-13,-17,-7,-17,-16,11,8,12,0,sil
24.79998993873596,5,5,-9,-9,0,-9,-11,2,-8,-21,10,13,3,-4,sil
24.81538820266724,2,19,5,3,4,4,8,0,0,-18,9,13,-1,-7,sil
24.81538820266724,-14,9,8,1,2,9,8,-5,-11,-19,-11,-12,-10,-14,sil
24.830862283706665,-24,-6,2,6,8,4,1,-8,-15,-13,-22,-27,-19,-24,sil
24.830862283706665,-12,0,3,24,4,12,16,-5,0,3,-15,-16,-18,-15,sil
24.84608769416809,-5,2,6,15,-13,14,25,8,19,23,-15,-6,-7,8,sil
24.84608769416809,-4,-13,2,-5,-9,1,14,16,31,35,-6,-5,7,19,sil
24.86148834228516,2,-20,-1,-10,8,1,7,7,27,28,5,-3,12,14,sil
24.86148834228516,2,-17,-10,-18,-3,3,3,0,16,11,-2,-6,-2,5,sil
24.87717032432556,-4,-24,-17,-33,-13,-13,-16,-5,0,0,-8,-1,-8,-2,sil
24.87717032432556,3,-18,-15,-25,0,-25,-33,-13,-19,-10,4,8,4,-8,sil
24.89285182952881,7,0,-9,-15,-6,-18,-33,-18,-35,-28,13,7,3,-9,sil
24.89285182952881,0,2,-3,-17,-10,-15,-26,-15,-40,-45,4,0,-17,-14,sil
24.908355951309204,0,8,3,-1,15,-13,-20,-11,-30,-40,-6,-6,-23,-17,sil
24.908355951309204,0,26,23,23,27,8,-12,-4,-11,-6,-2,-3,-9,-9,sil
24.92444157600403,-4,21,24,32,10,20,3,0,-1,20,1,-1,-4,-2,sil
24.92444157600403,-12,0,0,21,5,10,15,0,-1,13,-11,-11,-10,-4,sil
24.939992427825928,-14,-8,-7,3,1,9,16,15,10,16,-12,-9,0,3,sil
24.939992427825928,7,-3,4,0,-12,11,20,35,39,40,16,16,32,28,sil
24.955648183822632,22,-2,0,-1,0,-6,17,26,43,24,29,30,42,30,sil
24.955648183822632,3,-1,-6,-13,14,-19,3,0,9,-13,13,12,19,0,sil
24.97084259986877,0,11,9,-3,-10,-2,4,-9,-15,-17,12,8,2,-7,sil
24.97084259986877,27,29,34,24,-14,6,8,-4,-15,-11,24,25,0,5,sil
24.986704111099243,21,26,21,33,10,2,-1,-12,-12,-25,11,11,-9,-5,sil
24.986704111099243,-14,9,-2,15,3,8,-6,-24,-14,-27,-24,-22,-25,-23,sil
25.00187611579895,-21,-7,-6,-2,-23,15,6,-14,-5,4,-39,-26,-20,-5,sil
25.00187611579895,0,-14,-9,-1,-23,11,13,9,16,37,-22,-9,0,17,sil
25.01791405677796,4,-17,-13,-1,-7,4,6,19,31,32,-7,-1,11,18,sil
25.01791405677796,-7,-24,-22,-21,-7,-2,0,15,27,15,-13,-8,5,7,sil
25.03304171562195,-16,-26,-40,-41,-17,-12,-6,11,8,11,-23,-18,0,-1,sil
25.048741579055783,-9,-19,-37,-40,-17,-20,-13,8,0,-3,-14,-16,3,-9,sil
25.048741579055783,9,4,0,-10,3,-13,-15,0,0,-19,11,1,5,-10,sil
25.06394600868225,21,28,30,26,28,0,-7,-1,-5,-14,35,20,7,0,sil
25.06394600868225,17,21,23,25,27,-5,0,0,-14,-11,34,22,12,5,sil
25.08031177520752,5,7,12,3,13,-9,-6,-12,-15,-14,23,19,9,-3,sil
25.08031177520752,-6,9,14,4,14,6,-13,-18,-19,-11,14,12,-3,-12,sil
25.09594678878784,-22,4,2,14,19,12,-2,-13,-24,-7,-3,-7,-17,-12,sil
25.09594678878784,-26,-10,-8,8,12,5,9,-16,-13,3,-21,-22,-23,-7,sil
25.11131453514099,-11,-16,-8,-3,0,13,7,-16,3,20,-15,-16,-17,0,sil
25.11131453514099,-3,-16,-8,-12,-19,13,2,-1,6,18,0,-6,-3,6,sil
25.126858472824097,-7,-21,-5,-10,-29,0,7,10,6,8,-5,-6,3,9,sil
25.126858472824097,5,-17,-4,-7,-9,-3,4,10,13,5,-12,0,6,14,sil
25.14206886291504,22,0,0,-11,5,-11,-11,6,5,-6,7,22,18,9,sil
25.14206886291504,14,17,10,-2,4,-24,-15,3,-11,-15,30,30,23,0,sil
25.15765881538391,10,28,17,15,13,-18,0,1,-8,-11,19,18,7,-1,sil
25.15765881538391,21,22,15,16,5,0,6,1,0,-9,5,9,-7,1,sil
25.17284679412841,10,15,8,14,-9,11,9,1,-4,-6,-4,-1,-12,0,sil
25.17284679412841,-10,10,3,14,8,14,17,8,-1,-1,-21,-15,-16,0,sil
25.188292264938354,-12,0,-4,6,21,16,16,12,4,0,-27,-24,-24,-1,sil
25.188292264938354,-12,-9,-12,1,1,16,6,1,0,0,-33,-31,-30,-10,sil
25.204411268234253,-18,-10,-6,1,-7,13,1,0,5,8,-36,-28,-16,-10,sil
25.204411268234253,-5,-9,1,-4,-11,1,0,11,26,24,-1,-5,17,9,sil
25.2200939655304,10,-11,1,-11,-11,-9,-2,4,28,29,24,14,35,20,sil
25.2200939655304,18,-7,-4,-10,-13,-9,-4,-9,12,13,11,14,24,5,sil
25.235223531723022,19,3,-6,-5,-17,-8,-9,-4,5,-2,13,10,19,-2,sil
25.235223531723022,15,7,-1,-6,0,-11,-18,8,2,-13,29,18,25,0,sil
25.25081992149353,11,1,0,-10,7,-12,-16,3,0,-13,24,23,20,0,sil
25.25081992149353,-1,4,-7,-14,-12,-13,-9,-14,-4,-7,9,4,0,-20,sil
25.266128301620483,-25,1,-14,-15,-12,-10,-8,-15,-15,-6,-7,-24,-25,-36,sil
25.266128301620483,-32,-4,-9,-8,11,4,3,2,-13,-2,-16,-25,-31,-24,sil
25.28221106529236,-20,0,6,2,17,13,19,7,-6,0,-2,-5,-21,-3,sil
25.28221106529236,-12,6,9,18,0,11,10,-7,-12,-7,0,-3,-16,1,sil
25.297749042510983,-13,-3,2,18,-11,11,-2,-13,-20,-9,-15,-9,-16,7,sil
25.297749042510983,-14,-16,-3,-1,1,8,3,-6,-10,2,-21,-9,-8,14,sil
25.31304621696472,-12,-18,-14,-15,15,1,10,-7,-3,2,-20,-7,0,9,sil
25.31304621696472,0,-11,-10,-11,-5,-3,1,-6,-9,-4,-10,5,6,13,sil
25.32823371887207,19,-2,2,-1,-16,-11,-7,4,-5,3,8,18,18,23,sil
25.32823371887207,26,0,9,4,0,-14,-17,5,6,14,20,24,25,15,sil
25.343751430511475,23,0,8,9,7,-8,-18,0,8,6,28,33,25,9,sil
25.343751430511475,26,18,13,19,18,-6,-8,2,2,-4,39,33,22,9,sil
25.359785556793213,22,30,27,27,32,-3,0,4,0,-2,27,15,8,0,sil
25.359785556793213,8,20,25,31,12,12,15,7,5,7,0,-2,-4,-6,sil
25.37510395050049,1,11,12,31,-1,31,29,9,13,13,-8,-14,-8,1,sil
25.37510395050049,-4,-1,1,9,17,28,25,8,10,7,-21,-28,-20,-2,sil
25.39065742492676,-16,-17,-13,-21,2,8,11,6,9,0,-41,-35,-25,-15,sil
25.39065742492676,-12,-14,-22,-29,-46,-4,1,10,13,0,-28,-16,2,-6,sil
25.40668082237244,0,-5,-19,-26,-37,-13,-8,4,6,-13,-1,1,16,0,sil
25.40668082237244,5,0,-12,-26,8,-18,-17,-6,-8,-31,4,5,0,-10,sil
25.422715425491333,11,12,4,-8,5,-7,-14,-6,-12,-16,19,12,-1,-12,sil
25.422715425491333,6,16,15,13,-10,1,-9,-12,-11,7,22,8,0,-4,sil
25.43783926963806,-12,-2,9,12,6,0,-2,-24,-11,6,-5,-6,-13,0,sil
25.43783926963806,-8,-16,-4,4,7,-1,7,-4,-2,0,-9,-1,-5,10,sil
25.45345163345337,5,-8,-9,-2,-12,-5,0,11,4,-5,10,12,8,8,sil
25.45345163345337,-3,5,-1,-6,0,-14,-22,-2,0,-14,8,4,-4,-11,sil
25.46974515914917,-12,14,5,10,24,-7,-9,-6,0,-5,1,-10,-11,-12,sil
25.46974515914917,-17,0,3,16,10,7,20,10,6,16,-2,-16,-4,3,sil
25.485697984695435,-19,-19,-17,-7,-21,5,17,17,14,30,-15,-17,-1,6,sil
25.485697984695435,-8,-14,-32,-21,-13,-13,-6,0,4,16,-10,-6,10,-5,sil
25.50096583366394,-6,0,-14,-16,13,-21,-14,-10,-17,-9,10,5,14,-15,sil
25.50096583366394,-15,3,4,-4,8,3,2,-1,-16,0,11,-1,0,-7,sil
25.51605105400085,-11,-4,1,5,-4,30,20,6,3,25,-12,-16,-12,7,sil
25.51605105400085,-6,-17,-15,-14,-6,16,14,3,9,13,-31,-20,-11,6,sil
25.53248286247253,-6,-23,-25,-46,-18,-6,-4,1,4,-8,-23,-10,0,0,sil
25.53248286247253,4,-11,-10,-33,-12,-2,-9,3,5,-6,-6,7,16,6,sil
25.547483921051025,28,3,14,-7,8,5,0,4,19,1,8,27,27,24,sil
25.547483921051025,44,15,32,0,2,6,3,5,19,0,25,41,22,27,sil
25.56245970726013,35,26,34,20,-5,2,-5,-5,-8,-14,25,30,4,7,sil
25.56245970726013,20,32,34,51,11,-1,-8,-16,-21,-22,18,14,-2,-6,sil
25.57807350158692,19,31,46,52,24,6,3,-7,-8,-6,25,15,0,-2,sil
25.57807350158692,6,21,31,41,24,20,9,0,-8,4,12,2,-15,-6,sil
25.59366703033448,-13,3,6,39,13,22,14,0,-3,-5,-10,-12,-28,-7,hello
25.59366703033448,-8,-6,6,39,1,17,24,9,17,3,-5,-5,-7,4,hello
25.60912585258484,-9,-10,-10,17,-1,0,6,8,11,19,-12,-16,-8,-4,hello
25.60912585258484,-31,-25,-39,-21,-3,-21,-19,-6,-10,0,-35,-37,-28,-22,hello
25.62513947486877,-19,-33,-34,-30,-8,-24,-6,-2,-3,-10,-19,-21,-6,-10,hello
25.62513947486877,2,-20,-20,-23,-17,-15,3,3,3,0,0,2,16,6,hello
25.640844345092773,-4,-11,-25,-36,-35,-19,-22,-3,-8,-8,-6,7,5,2,hello
25.64126658439636,-6,-5,-18,-34,-28,-29,-39,-10,-16,-20,0,10,2,-1,hello
25.6558678150177,10,13,2,-10,2,-29,-33,-8,-21,-19,21,22,14,2,hello
25.6558678150177,19,21,7,-2,12,-18,-17,0,-14,-8,28,28,29,9,hello
25.67104959487915,13,11,2,-9,5,-1,0,5,6,8,25,18,32,5,hello
25.68668556213379,-2,1,-1,-14,10,6,1,-2,3,5,7,-10,-1,-18,hello
25.68668556213379,-17,3,-6,-10,13,9,-3,-14,-10,-8,-11,-31,-28,-28,hello
25.701918601989743,-10,18,5,9,10,19,8,-2,2,8,-4,-20,-5,-1,hello
25.701918601989743,2,22,20,29,4,31,25,15,19,29,4,-9,7,17,hello
25.717052698135376,-5,3,12,22,5,32,35,16,14,28,-8,-13,-6,10,hello
25.717052698135376,-18,-16,-2,2,6,25,45,15,20,30,-20,-14,-11,7,hello
25.73273491859436,-11,-22,-13,-7,-3,12,47,15,27,17,-16,-10,-6,8,hello
25.73273491859436,-4,-23,-13,-12,-10,-4,25,5,4,-9,-13,-4,-2,0,hello
25.74778413772583,-7,-21,-14,-15,-21,-12,-1,-7,-25,-15,-17,0,-1,-2,hello
25.74778413772583,0,-10,-11,-15,-25,-13,-16,-12,-26,-11,-13,3,-2,-1,hello
25.763080835342407,19,3,3,-6,-3,-14,-27,-6,0,-15,3,13,2,-1,hello
25.763080835342407,24,14,16,10,1,-12,-37,3,20,-18,14,19,11,0,hello
25.77869701385498,18,15,23,18,-5,-1,-32,6,20,-6,20,20,13,1,hello
25.77869701385498,22,11,28,14,19,8,-8,3,22,18,35,28,15,8,hello
25.794269323349,19,12,23,19,38,12,7,-2,19,21,37,27,14,11,hello
25.794269323349,0,7,13,24,23,12,4,-7,-11,-8,12,1,-3,-1,hello
25.8098738193512,-13,-8,5,13,9,7,1,-10,-45,-19,-19,-24,-32,-14,hello
25.8098738193512,-17,-18,-7,0,0,0,6,-13,-37,-1,-40,-28,-38,-9,hello
25.82565474510193,-17,-20,-26,-13,-10,-3,5,-5,-4,-1,-41,-23,-21,-2,hello
25.82565474510193,-25,-17,-32,-24,-7,0,1,14,21,4,-25,-19,-4,-3,hello
25.840933084487915,-29,-9,-24,-22,-7,-2,4,25,37,29,-6,-12,4,1,hello
25.84128308296204,-5,0,-18,-18,-26,-13,2,16,31,18,0,1,12,8,hello
25.856882333755493,19,9,-8,-13,-30,-17,-11,-4,0,-18,5,17,16,3,hello
25.856882333755493,21,21,4,1,7,-21,-20,-17,-28,-26,25,21,19,-2,hello
25.87172508239746,19,30,15,11,29,-25,-13,-12,-32,-14,40,24,20,0,hello
25.87172508239746,22,25,22,7,-7,-13,-12,-9,-25,-13,32,26,10,-1,hello
25.88774561882019,16,13,19,8,-20,0,-16,-16,-19,-12,18,13,0,-6,hello
25.88774561882019,4,10,21,13,16,10,-6,-11,-18,-15,9,0,-6,-1,hello
25.90386009216309,0,12,23,17,19,20,9,0,-11,-11,1,-4,-12,0,hello
25.90386009216309,-6,4,4,18,0,19,18,4,7,10,-4,-12,-11,-1,hello
25.91912269592285,-18,-14,-5,0,14,16,17,8,19,17,-7,-9,-4,6,hello
25.91912269592285,-16,-22,-13,-13,5,25,18,10,16,13,-10,-7,3,13,hello
25.934653282165527,-2,-12,-17,-6,-20,24,23,7,15,27,-14,-16,9,10,hello
25.934653282165527,-5,-17,-15,-5,-13,3,24,11,16,26,-21,-25,1,2,hello
25.95019507408142,-18,-31,-27,-26,-10,-18,5,8,11,-4,-30,-22,-10,-11,hello
25.95019507408142,-6,-13,-24,-34,-13,-30,-21,-5,0,-25,-13,0,-2,-19,hello
25.96631956100464,11,13,10,-2,2,-20,-20,-12,-12,-15,16,13,5,-14,hello
25.96631956100464,2,9,24,26,3,7,1,-13,-12,2,7,-2,-8,-8,hello
25.982094526290894,-6,-3,4,27,0,21,7,-2,1,11,-22,-12,-17,3,hello
25.982094526290894,1,-2,0,20,17,15,6,12,17,13,-13,1,-5,21,hello
25.99710488319397,-2,-6,0,5,-1,1,6,12,18,14,6,7,5,18,hello
25.99710488319397,-8,-17,-17,-16,-30,-14,-1,8,13,18,-2,0,8,5,hello
26.01270604133606,3,-7,-17,-20,-6,-17,-10,10,12,15,-4,4,9,5,hello
26.01270604133606,9,3,-3,-12,9,-9,-13,6,2,0,12,15,10,0,hello
26.02776575088501,6,1,-1,-8,-5,-11,-13,0,-5,-7,21,16,17,-10,hello
26.02776575088501,13,8,2,-2,5,-16,-9,-1,-6,-14,19,12,21,-9,hello
26.04295492172241,14,23,11,3,25,-8,-5,-5,-12,-31,14,12,10,-8,hello
26.04295492172241,8,29,20,13,18,0,-9,-14,-22,-35,10,15,-2,-7,hello
26.058483123779297,4,23,20,22,23,7,-4,-15,-17,-12,9,2,-8,0,sil
26.058483123779297,-3,13,7,16,26,21,6,-9,-11,0,0,-18,-20,-1,sil
26.07458996772766,-13,11,11,10,5,19,1,-7,-18,-8,-4,-13,-27,-8,sil
26.07458996772766,-4,6,15,11,5,9,0,-6,-13,0,-2,-1,-14,1,sil
26.0901906490326,1,-12,1,-10,14,15,16,0,5,15,-16,-10,-5,11,sil
26.0901906490326,-11,-29,0,-34,-17,20,24,8,13,16,-18,-11,-9,7,sil
26.112631797790527,-13,-19,-3,-18,-40,6,18,10,12,19,1,-2,-3,8,sil
26.112631797790527,0,-6,-12,-3,-15,-9,6,6,9,6,-5,-3,3,9,sil
26.113630294799805,3,-10,-8,-9,-8,-17,-4,8,6,-12,-16,-1,6,0,sil
26.12170791625977,5,0,1,1,-17,-17,-6,16,19,6,14,17,26,5,sil
26.13678002357483,23,15,9,18,3,-5,1,20,30,27,35,33,37,20,sil
26.13678002357483,20,7,0,5,-8,-1,-4,0,10,1,14,18,17,2,sil
26.152061939239506,-9,-9,-17,-14,-32,-14,-25,-23,-19,-22,0,0,-8,-27,sil
26.16755151748657,-18,-4,-12,-8,4,-15,-22,-21,-22,-16,0,-8,-17,-31,sil
26.16755151748657,-12,3,-1,7,24,3,-1,-9,-11,-8,-8,-20,-16,-19,sil
26.18302750587464,-13,3,-1,12,-15,17,3,-7,-7,-4,-19,-20,-15,-7,sil
26.18302750587464,-8,8,2,21,-7,22,11,-5,1,10,-10,-9,-10,3,sil
26.199152946472168,-10,1,-4,20,31,22,26,0,10,22,-11,-14,-8,5,sil
26.200141191482544,-20,-24,-23,-13,8,0,11,4,0,9,-32,-23,-18,0,sil
26.200141191482544,-2,-23,-21,-33,-20,-19,-11,8,-5,-5,-19,-4,-12,6,sil
26.214672327041622,23,-3,-1,-11,4,-17,-10,5,-2,-10,15,18,11,14,sil
26.23088574409485,27,-3,0,-2,14,-13,-7,7,-4,-10,16,19,17,13,sil
26.23088574409485,23,0,8,-5,-16,-10,-6,13,0,0,12,21,13,11,sil
26.23088574409485,21,17,25,6,-15,-4,-1,6,3,4,26,24,23,11,sil
26.24693751335144,4,16,18,10,13,-6,-2,-6,-6,-13,5,4,9,0,sil
26.24693751335144,-9,12,6,4,19,0,2,-3,-8,-10,-15,-9,-15,-13,sil
26.262163400650024,0,19,9,18,15,13,7,1,5,18,3,-7,-8,-11,sil
26.277788400650024,0,13,14,23,17,11,-7,-8,0,7,6,-12,2,-11,sil
26.277788400650024,-15,-1,6,8,10,11,-6,-8,-14,-16,-12,-19,-7,-15,sil
26.29317283630371,-18,-8,-7,3,0,18,22,5,0,8,-6,-14,-6,-1,sil
26.29317283630371,-14,-15,-19,-6,0,9,23,6,17,26,-6,-9,6,9,sil
26.30869698524475,-5,-14,-19,-21,-5,0,1,5,16,0,-18,-3,15,10,sil
26.30869698524475,11,1,-8,-18,-22,-4,-9,8,12,-13,0,11,26,8,sil
26.32402014732361,12,3,-2,-13,-19,-11,-16,2,8,-5,25,18,27,3,sil
26.32402014732361,2,-2,-8,-16,6,-16,-24,-9,0,-7,26,18,15,-2,sil
26.340059518814087,5,2,2,-7,11,-16,-23,-13,-10,-11,29,25,14,-4,sil
26.340059518814087,7,10,22,11,0,-10,-6,-9,-17,-4,27,21,9,-1,sil
26.35552978515625,1,11,21,22,9,10,19,-6,-6,4,7,2,-8,0,sil
26.35552978515625,3,6,18,23,9,28,30,-1,8,12,-11,-9,-17,2,sil
26.370822191238403,0,-2,10,17,-11,21,21,6,8,17,-22,-13,-15,3,sil
26.370822191238403,-16,-15,-7,-2,-1,12,13,12,6,16,-27,-16,-19,9,sil
26.38585352897644,-12,-21,-21,-21,4,3,9,10,13,8,-24,-16,-21,8,sil
26.38585352897644,0,-18,-14,-22,-16,-15,0,6,11,-3,-18,-10,-21,-2,sil
26.40207052230835,-2,-14,-7,-13,-17,-27,-9,6,0,-11,-9,0,-25,-9,sil
26.40207052230835,-1,-7,-10,-5,-12,-16,-9,4,-5,-10,1,10,-22,0,sil
26.41818380355835,5,8,-1,-3,-19,-4,-7,-8,-15,-18,10,15,-27,-2,sil
26.41818380355835,0,12,0,-3,-3,-11,-15,-23,-33,-31,2,1,-65,-24,sil
26.434198141098022,-10,7,-3,4,15,-10,-19,-23,-31,-23,-14,-18,-79,-30,sil
26.434198141098022,-8,6,3,12,10,13,0,-8,-10,3,-17,-22,-10,-7,sil
26.4502010345459,-3,0,5,7,0,23,16,5,4,27,-6,-10,67,15,sil
26.4502010345459,3,-5,-2,-3,3,6,5,10,13,30,0,2,81,21,sil
26.465840578079224,15,2,-1,-4,11,-3,-5,12,19,13,15,12,72,16,sil
26.465840578079224,25,20,6,9,2,0,-2,13,12,2,37,27,75,12,sil
26.481131315231323,29,24,18,20,-9,-1,-7,4,1,9,44,32,55,13,sil
26.481131315231323,21,20,22,22,5,-7,-14,-7,1,11,30,13,18,4,sil
26.49674725532532,5,21,16,24,19,1,-8,-14,-8,-8,15,-2,-1,-10,sil
26.49674725532532,-8,12,6,19,0,11,0,-9,-19,-21,0,-11,-11,-8,sil
26.51188802719116,-18,-14,-9,-1,-11,6,9,1,-2,-3,-24,-27,-19,0,sil
26.51188802719116,-25,-34,-26,-24,0,3,18,13,13,6,-39,-26,-28,-5,sil
26.52729558944702,-26,-32,-37,-32,4,10,25,15,16,-4,-40,-19,-29,-11,sil
26.52729558944702,-15,-20,-27,-32,0,0,12,12,15,-10,-29,-13,-17,-3,sil
26.54292321205139,-1,-11,-5,-25,-3,-27,-14,7,5,-7,-4,5,-5,-1,sil
26.54292321205139,3,-4,6,-5,-4,-27,-17,-4,-6,-17,15,19,-10,-9,sil
26.558078050613403,4,2,19,13,11,6,7,-13,-5,-22,13,12,-18,-2,sil
26.558078050613403,-5,0,11,14,19,26,22,-3,4,6,-2,-5,-20,7,sil
26.573857069015503,-23,-13,-13,-7,-2,12,9,6,15,32,-9,-10,-10,1,sil
26.573857069015503,-8,-18,-12,-26,-15,-13,-13,1,13,13,1,9,4,0,sil
26.59016919136048,24,0,8,-2,-1,-24,-26,-11,-7,-11,15,25,9,4,sil
26.59016919136048,21,27,24,39,6,-6,-13,-15,-21,-4,16,17,2,2,sil
26.6053249835968,8,33,29,51,6,13,11,-3,-6,15,14,5,6,9,sil
26.6053249835968,16,10,15,17,0,11,15,4,9,24,11,4,11,25,sil
26.621225595474243,18,-7,-3,-17,-10,-3,-4,6,5,11,11,7,15,20,sil
26.621225595474243,10,7,-3,-9,-6,-6,-14,0,-4,-8,19,11,22,0,sil
26.63720345497132,1,24,11,14,3,3,-7,-9,-16,-14,18,4,6,-9,sil
26.63720345497132,-7,15,8,8,5,10,3,-7,-17,0,0,-12,-17,-12,sil
26.652302026748657,-14,-2,-19,-11,2,9,10,2,-1,13,-19,-24,-17,-14,sil
26.652302026748657,-25,-19,-35,-18,-18,7,10,9,9,12,-33,-29,-11,-12,sil
26.667983770370483,-29,-29,-29,-22,-33,3,5,8,11,0,-32,-26,-15,-7,sil
26.667983770370483,-8,-20,-13,-31,-12,-7,0,6,6,-12,-16,-6,-4,0,sil
26.683669090271,14,-4,1,-21,4,-17,0,5,1,-9,0,17,16,11,sil
26.683669090271,21,4,14,-3,-2,-15,-1,0,-2,-2,11,29,25,9,sil
26.699804544448853,16,5,12,-4,-5,-9,-8,-10,-12,-23,15,17,10,-2,sil
26.699804544448853,9,9,9,0,-1,-3,-12,-10,-18,-37,5,0,-5,-9,sil
26.715375185012817,4,22,23,26,10,6,-7,-9,-10,-14,2,0,-8,-8,sil
26.715375185012817,0,26,25,39,29,12,-2,-10,-7,4,9,-1,-6,-10,sil
26.730117559432983,-8,12,6,39,26,12,2,-1,-8,4,0,-16,-16,-13,sil
26.730117559432983,-21,-4,-3,30,8,11,14,8,0,8,-20,-21,-24,-8,sil
26.745846271514893,-19,-13,-12,0,7,14,22,9,13,22,-20,-15,-12,1,sil
26.745846271514893,-11,-21,-23,-25,12,14,21,11,23,24,-13,-8,2,8,sil
26.76213574409485,-8,-28,-24,-20,-11,0,12,18,32,16,-16,-3,3,9,sil
26.76213574409485,0,-19,-19,-12,-32,-14,-3,12,32,9,-9,2,12,7,sil
26.777267456054688,10,-12,-11,-27,-7,-20,-21,0,12,-2,7,14,30,6,sil
26.777267456054688,8,-8,-7,-32,4,-25,-31,-10,-7,-16,16,17,24,4,sil
26.792909622192383,3,7,2,-8,-3,-24,-26,-15,-12,-17,22,14,11,0,sil
26.792909622192383,7,20,17,11,4,-6,-15,-13,-16,-8,27,14,7,-1,sil
26.80810570716858,4,21,19,20,14,5,-9,-5,-20,-3,20,6,-6,-2,sil
26.80810570716858,-6,17,19,27,5,8,-4,-1,-15,1,6,-4,-18,-1,sil
26.823326587677,-2,3,10,22,1,10,8,-1,-3,9,0,-8,-11,3,sil
26.823326587677,9,-2,-1,2,0,14,21,0,0,9,-5,-5,-7,12,sil
26.83898949623108,8,1,0,0,-3,19,24,7,0,7,-10,-4,-7,13,sil
26.83898949623108,7,-1,2,2,0,16,22,10,10,8,-11,-2,0,12,sil
26.854098081588745,11,-10,-3,-6,0,1,14,9,17,5,-2,1,7,12,sil
26.854098081588745,17,-5,-7,-11,-14,-7,2,8,12,4,12,12,18,9,sil
26.870015621185303,16,0,2,-9,-10,-10,-8,3,6,5,21,25,26,2,sil
26.870015621185303,4,1,7,-11,2,-17,-14,-1,0,-4,23,25,17,-1,sil
26.88540315628052,-4,14,2,-3,-15,-14,-15,-5,-12,-13,22,14,11,-9,sil
26.88540315628052,-10,21,8,8,-30,-6,-14,-12,-26,-10,18,3,6,-16,sil
26.90073585510254,-16,7,11,16,5,-6,-9,-15,-23,-8,-3,-16,-17,-20,sil
26.915874004364014,-28,-6,1,16,32,4,0,-11,-11,-20,-35,-33,-38,-26,sil
26.915874004364014,-32,-16,-11,0,9,20,14,-2,-1,-19,-47,-33,-34,-26,sil
26.931931495666504,-19,-17,-22,-9,-2,20,21,11,13,12,-38,-28,-21,-10,sil
26.931931495666504,-10,-9,-23,-5,8,12,18,17,29,31,-28,-20,-10,2,sil
26.94706630706787,-13,-8,-31,-19,5,0,9,9,30,11,-26,-14,-6,0,sil
26.94706630706787,-15,-16,-37,-48,-8,-7,0,0,16,-8,-22,-17,-8,-12,sil
26.96271753311157,-2,-5,-9,-31,-7,-3,-6,0,-1,-12,0,-3,0,-8,sil
26.96271753311157,22,19,21,18,6,0,-7,-5,-12,-14,23,20,9,5,sil
26.97856497764588,23,21,25,29,15,0,-8,-16,-20,-15,16,17,1,9,sil
26.97856497764588,9,6,22,23,10,1,0,-10,-27,-4,0,2,-5,8,sil
26.994170427322388,15,3,28,36,0,7,13,0,-21,11,4,9,0,19,sil
26.994170427322388,25,2,27,26,-6,3,4,0,-5,19,8,15,5,28,sil
27.009734392166138,18,-7,8,-6,-5,-10,-8,10,14,16,0,5,15,27,sil
27.009734392166138,14,-16,-2,-23,-10,-17,-3,26,35,8,7,10,28,22,sil
27.02556276321411,18,-16,-3,-20,-14,-9,0,22,36,6,27,23,32,14,sil
27.02556276321411,17,-1,-2,-9,-6,-8,-11,6,17,16,34,25,31,9,sil
27.04104709625244,10,11,-1,-6,-3,-16,-22,-2,1,13,26,22,26,5,sil
27.04104709625244,-3,6,-9,-11,-3,-14,-26,-11,-6,-7,21,11,10,-5,sil
27.057063102722168,-17,2,-8,0,11,-6,-23,-19,-21,-23,23,5,-7,-15,sil
27.057063102722168,-20,16,2,18,21,-5,-13,-18,-33,-18,19,0,-16,-22,sil
27.07227826118469,-19,24,2,21,14,0,-5,-19,-32,-12,1,-14,-17,-27,sil
27.07227826118469,-19,12,-1,14,10,9,0,-16,-23,-17,-17,-24,-25,-26,sil
27.0879979133606,-23,-4,-4,8,3,19,11,-3,-9,-21,-38,-30,-38,-27,sil
27.0879979133606,-26,-9,-9,1,1,28,27,6,-1,-8,-44,-38,-35,-24,sil
27.103150367736816,-12,-2,0,9,1,27,41,17,12,22,-22,-21,-7,-1,sil
27.103150367736816,1,-1,6,17,-17,23,45,25,39,41,-5,7,14,18,sil
27.11873435974121,-1,-10,-3,-2,-20,23,30,16,38,24,-7,11,14,19,sil
27.11873435974121,4,-18,-15,-16,1,8,14,3,16,5,-8,0,10,15,sil
27.1339271068573,15,-21,-9,-14,0,-9,4,2,9,5,-9,0,9,11,sil
27.1339271068573,5,-22,-9,-31,-21,-12,-10,4,8,-5,-18,1,1,4,sil
27.14911794662476,0,-11,-12,-36,-16,-15,-24,-2,-2,-29,-6,1,-2,0,sil
27.14911794662476,11,6,0,-9,0,-27,-26,-10,-17,-31,14,9,0,0,sil
27.164673805236816,18,16,9,3,2,-22,-23,-9,-21,-12,21,14,3,-1,sil
27.164673805236816,16,19,18,0,4,-13,-22,-8,-18,-3,26,14,4,2,sil
27.17989230155945,7,19,26,14,12,-12,-15,-8,-16,-3,20,4,0,4,sil
27.17989230155945,-5,11,12,27,12,1,0,-3,-7,10,-3,-13,-2,2,sil
27.194998741149902,-8,2,-1,13,7,22,20,4,7,26,-12,-18,2,9,sil
27.194998741149902,0,4,1,5,7,24,27,7,11,24,-3,-10,2,10,sil
27.21029686927796,8,4,6,15,9,15,12,6,8,9,-1,0,-2,4,sil
27.21029686927796,2,-8,-1,3,2,-1,-3,4,10,0,-4,1,-3,1,sil
27.225403547286987,-17,-22,-27,-32,-15,-25,-14,-4,-1,-3,-16,-11,-12,-15,sil
27.225403547286987,-33,-25,-41,-46,-24,-25,-23,-8,-15,-9,-31,-22,-24,-31,sil
27.240784645080566,-11,-14,-22,-22,-5,-6,-15,2,0,-11,-13,-1,-9,-14,sil
27.240784645080566,14,12,2,7,23,0,2,9,20,-2,17,26,16,3,sil
27.255862951278687,12,29,18,16,15,5,8,2,8,8,26,26,19,0,sil
27.255862951278687,6,19,18,8,-14,8,2,-3,-2,5,23,16,14,0,sil
27.2710440158844,15,10,21,1,0,-6,-9,-5,-2,-17,26,26,20,5,sil
27.2710440158844,17,16,25,12,18,-14,-11,-3,-7,-25,23,26,18,2,sil
27.286667823791504,0,8,17,22,-4,6,3,-7,-16,-5,8,0,0,-4,sil
27.286667823791504,-15,-8,4,12,-14,21,10,-6,-14,9,-7,-11,-11,-1,sil
27.3020088672638,-5,-7,2,10,5,17,12,3,0,19,-4,-3,-5,13,sil
27.31807374954224,4,-2,9,21,8,19,23,1,8,22,1,-6,-3,14,sil
27.31807374954224,-4,-15,0,18,3,23,26,-3,5,10,-11,-16,-12,0,sil
27.333276510238647,-14,-27,-17,-3,-2,12,14,0,4,4,-24,-17,-10,0,sil
27.333276510238647,-7,-20,-23,-21,-17,-4,1,5,4,0,-19,-12,0,4,sil
27.349102020263672,5,-5,-13,-6,-9,-12,-1,12,8,-8,-6,-2,5,1,sil
27.349102020263672,9,1,0,3,4,-15,-3,13,12,-5,6,9,6,5,sil
27.364091157913208,6,-3,-5,-15,-6,-16,-11,8,8,1,8,11,5,7,sil
27.364091157913208,6,-3,-15,-17,-7,-13,-18,4,5,0,6,7,7,1,sil
27.38036346435547,7,6,-2,0,7,-9,-16,-2,-1,-5,14,8,7,-1,sil
27.38036346435547,0,8,3,-6,-1,-13,-18,-19,-19,-16,5,0,-6,-13,sil
27.39639186859131,-4,9,5,-17,-10,-17,-26,-25,-38,-34,-5,-7,-18,-25,sil
27.39639186859131,0,18,18,2,5,-8,-15,-10,-30,-22,5,-5,-14,-13,sil
27.41172289848328,-11,11,10,15,4,12,8,0,0,9,0,-14,-13,0,sil
27.41172289848328,-27,-12,-14,-2,0,23,14,2,15,13,-33,-32,-17,-2,sil
27.42711925506592,-18,-17,-21,-15,16,16,11,12,17,10,-37,-29,-7,1,sil
27.42711925506592,-4,-11,-15,-15,-1,3,14,21,26,25,-18,-7,3,14,sil
27.44226813316345,3,-10,-14,-17,-33,-7,14,14,27,22,-9,5,5,8,sil
27.44226813316345,16,0,-5,-5,2,-8,7,0,5,0,6,12,11,0,sil
27.45789051055908,21,16,9,9,42,-2,0,-4,-9,-8,18,17,13,-2,sil
27.45789051055908,10,15,8,9,15,-5,-5,-5,-7,-8,-3,3,0,-10,sil
27.473607063293457,0,18,10,9,2,0,-4,-8,-5,-3,-13,-3,-4,-15,sil
27.473607063293457,5,22,20,13,16,12,0,-5,-10,2,18,14,9,-1,sil
27.48899722099304,12,14,11,4,-4,1,-3,-5,-12,-5,38,18,21,5,sil
27.48899722099304,9,8,7,-3,-23,-12,-6,-7,-9,-15,23,6,13,2,sil
27.50453209877014,0,4,14,2,-3,7,0,0,0,2,12,6,6,8,sil
27.50453209877014,-9,-3,10,9,4,24,6,1,0,14,11,11,6,16,sil
27.520160913467407,-15,-12,1,11,0,17,5,-6,-6,1,1,-1,-6,2,sil
27.520160913467407,-17,-20,-4,18,0,21,9,-7,-1,0,-11,-11,-21,-9,sil
27.5361008644104,-14,-28,-9,6,-1,17,12,0,5,9,-12,-5,-15,0,sil
27.5361008644104,-8,-27,-13,-9,-11,-8,8,8,7,15,-6,-1,-1,16,sil
27.55083990097046,-5,-12,-9,-1,-14,-16,2,15,17,15,0,2,2,16,sil
27.55083990097046,3,-2,-5,2,-6,-10,-6,16,25,0,5,10,7,5,sil
27.566266536712646,6,-10,-15,-17,-10,-22,-14,4,11,-18,0,1,7,-7,sil
27.566266536712646,0,-14,-17,-31,-13,-32,-16,0,-13,-17,-14,-9,0,-12,sil
27.58150577545166,12,0,-1,-13,-2,-22,-13,4,-14,-5,-6,6,3,-9,sil
27.58150577545166,28,24,15,4,3,-11,-9,-1,0,-7,15,20,13,-5,sil
27.59638977050781,25,35,24,10,10,-7,-6,-5,2,-13,19,16,14,1,sil
27.59638977050781,19,27,25,16,19,0,0,0,0,-2,6,7,4,11,sil
27.612327814102173,8,14,20,15,15,9,3,-7,-4,6,0,-1,-11,3,sil
27.612327814102173,-6,12,10,13,5,13,5,-13,-3,0,-1,-9,-17,-8,sil
27.627871990203857,-11,11,4,18,3,13,7,-2,-1,-1,0,-6,-7,1,sil
27.627871990203857,-9,-2,0,15,5,14,6,0,-4,10,-4,-5,-4,10,sil
27.64385342597961,-13,-16,-14,2,3,16,8,-5,0,20,-13,-19,-14,0,sil
27.64385342597961,-20,-21,-29,-20,-3,12,12,2,9,9,-22,-24,-19,-3,sil
27.6597707271576,-21,-29,-35,-41,-10,0,5,13,10,-5,-27,-19,-11,-7,sil
27.6597707271576,-14,-23,-27,-34,-8,-4,-9,1,0,-15,-13,-14,-2,-23,sil
27.67452454566956,-2,3,-3,-12,0,0,-15,-10,-15,-19,2,-8,-1,-26,sil
27.67452454566956,1,22,9,4,2,6,-5,-9,-23,-8,-1,-7,-7,-13,sil
27.690075874328613,-8,12,5,13,3,11,5,-5,-12,4,-15,-9,-8,-1,sil
27.690075874328613,-8,-10,-2,2,0,0,2,0,0,3,-9,0,3,9,sil
27.705708980560303,8,-16,-6,-7,-13,-23,-10,3,2,0,4,9,19,10,sil
27.705708980560303,13,0,-4,-6,-9,-17,-13,0,0,0,14,15,15,3,sil
27.720852613449097,4,17,7,4,6,5,-1,-2,-3,-3,16,13,5,0,sil
27.720852613449097,0,17,23,30,10,9,11,-4,-7,1,8,2,0,0,sil
27.73677158355713,0,0,17,30,2,8,23,4,8,15,3,-2,-1,8,sil
27.73677158355713,1,-19,-6,-18,0,8,22,22,32,19,3,-2,3,21,sil
27.7519748210907,8,-18,-13,-36,1,-7,5,18,27,14,8,0,17,14,sil
27.7519748210907,18,4,2,3,2,-18,3,4,20,9,18,13,30,12,sil
27.76768684387207,21,11,12,15,-1,-8,3,9,23,6,26,33,31,28,sil
27.78333020210266,12,0,4,-6,0,-5,-13,13,7,0,17,27,16,16,sil
27.7843234539032,4,0,-4,-3,-5,-14,-21,-3,-14,-8,6,15,3,-10,sil
27.7843234539032,9,13,7,9,-4,-9,-8,-13,-16,-12,11,22,4,-11,sil
27.79914140701294,7,10,18,9,7,2,-4,-11,-17,-11,11,13,1,-6,sil
27.79914140701294,-11,3,11,0,4,2,-13,-18,-28,-15,-7,-10,-18,-21,sil
27.81464910507202,-16,8,3,1,1,0,-16,-21,-23,-16,-15,-17,-33,-26,sil
27.81464910507202,-6,12,1,10,5,5,-8,-13,-12,-9,-7,-14,-29,-17,sil
27.83079695701599,-18,2,-2,7,-16,13,-5,-12,-21,-12,-17,-23,-29,-14,sil
27.83079695701599,-31,-7,-5,5,-22,12,0,-12,-22,-10,-33,-30,-37,-11,sil
27.8456072807312,-18,-7,0,10,15,17,14,0,0,8,-32,-22,-37,0,sil
27.86105155944824,-2,-11,-4,0,20,21,26,15,16,22,-21,-13,-16,9,sil
27.86105155944824,0,-15,-13,-4,-5,12,24,20,25,24,-5,-9,12,17,sil
27.876140594482425,5,-10,-10,-3,-3,2,13,17,33,19,0,1,26,15,sil
27.876140594482425,8,-13,-15,-18,3,-8,2,14,25,8,-1,7,18,3,sil
27.89173054695129,13,-12,-19,-23,-5,-17,0,15,18,2,12,15,20,7,sil
27.89173054695129,22,3,-2,-9,-4,-12,5,18,18,4,23,25,31,18,sil
27.90696120262146,14,9,4,-6,-4,-18,-6,6,5,0,7,11,21,1,sil
27.90696120262146,-2,2,0,-11,-7,-23,-21,-10,-12,-15,0,1,2,-14,sil
27.922791481018063,0,3,5,-1,8,0,-8,-10,-13,-18,11,9,2,-7,sil
27.922791481018063,0,3,12,8,12,8,0,-14,-17,-14,7,-5,-6,-7,sil
27.93820643424988,-17,0,4,8,-4,-4,-9,-25,-32,-17,-13,-28,-30,-17,sil
27.93820643424988,-17,1,2,11,-1,3,0,-17,-27,-8,-15,-17,-24,-10,sil
27.95386648178101,0,3,4,13,4,21,15,5,3,16,-4,-3,0,5,sil
27.95386648178101,11,0,-7,4,-2,9,6,16,28,30,2,-1,13,14,sil
27.96905469894409,10,4,-11,-2,-5,-11,-15,3,13,7,8,13,18,9,sil
27.96905469894409,1,10,1,-1,-3,-16,-27,-8,-16,-20,16,13,21,-2,sil
27.98470640182495,3,15,15,3,-1,-10,-27,-5,-14,-17,24,5,17,-4,sil
27.98470640182495,13,22,25,10,8,0,-10,1,4,1,29,21,8,4,sil
28.00019240379333,16,16,17,16,18,10,12,3,7,4,24,20,1,8,sil
28.00019240379333,3,0,3,10,12,15,25,0,3,0,3,-1,-11,3,sil
28.01533389091492,-17,-16,-13,1,-2,14,31,-1,7,6,-21,-20,-19,-5,sil
28.01533389091492,-21,-22,-31,-4,-6,11,37,0,10,16,-28,-30,-16,-11,sil
28.03103518486023,-7,-17,-14,-16,0,13,30,5,0,8,-27,-20,-20,0,sil
28.03103518486023,-7,-15,-4,-14,-1,12,20,11,-1,5,-23,-8,-17,4,sil
28.04612183570861,-13,-16,-20,-3,-9,0,7,11,10,13,-10,-1,4,3,sil
28.04612183570861,-6,-8,-11,-14,-5,-12,-13,10,15,3,0,11,17,6,sil
28.06217193603516,4,6,2,-14,1,-17,-23,6,10,-3,5,13,16,1,sil
28.06217193603516,14,19,14,0,10,-25,-27,-7,-8,-1,14,20,9,0,sil
28.0777370929718,11,10,17,2,0,-13,-32,-18,-26,-17,5,20,-6,0,sil
28.0777370929718,0,2,12,2,-22,8,-22,-14,-24,-30,-4,1,-15,-5,sil
28.09304928779602,0,20,47,23,-5,11,-5,-5,-23,-3,13,17,-9,0,sil
28.09304928779602,0,13,45,24,13,8,-1,0,-14,19,14,17,-5,13,sil
0.0414390563964843,-11,-23,-28,-15,-11,1,0,3,16,3,-23,-28,-2,2,sil
0.0414390563964843,-1,-29,-44,-45,-22,-17,0,6,30,-12,-25,-23,13,-2,sil
0.0566129684448242,16,-5,-2,-22,-1,-21,-4,4,15,-3,13,15,27,0,sil
0.0566129684448242,13,8,5,13,6,-5,-8,-7,-7,-4,22,5,15,-5,sil
0.072049856185913,1,7,5,23,9,0,5,-10,-19,-10,-1,-17,-10,-2,sil
0.072049856185913,-7,-7,0,18,6,2,26,6,0,7,-11,-21,-11,2,sil
0.0878081321716308,-8,-24,-18,0,-5,0,10,8,13,20,-3,-11,3,0,sil
0.0878081321716308,3,-17,-18,-22,-9,-7,-23,-4,-4,-2,2,3,4,-9,sil
0.1033413410186767,9,8,-4,-6,4,-2,-17,-8,-15,-15,9,7,-2,-16,sil
0.1033413410186767,0,28,4,27,19,9,8,-5,-11,-9,4,-1,-12,-14,sil
0.1192927360534668,-9,18,0,20,12,14,10,-5,-14,-9,-15,-15,-21,-13,sil
0.1192927360534668,-11,3,-9,3,5,27,12,0,4,9,-14,-17,-10,-6,sil
0.1347687244415283,-5,8,-3,5,11,29,24,21,44,38,2,0,11,17,sil
0.1347687244415283,3,9,-5,1,6,1,15,28,48,31,10,12,21,25,sil
0.1499369144439697,9,5,-7,-6,-5,-16,-4,1,12,0,22,13,16,2,sil
0.1499369144439697,10,14,14,1,3,-1,-2,-13,-11,-16,23,16,3,-7,sil
0.1657886505126953,5,16,29,19,12,12,15,-2,-15,-4,0,7,-12,-2,sil
0.1657886505126953,-5,0,15,11,0,15,20,1,-7,2,-22,-9,-21,0,sil
0.1808536052703857,-13,-14,-11,-13,-13,7,11,0,5,0,-21,-16,-8,6,sil
0.1808536052703857,-8,-24,-16,-32,-17,-15,-6,0,1,-5,-7,0,8,8,sil
0.1967256069183349,5,-22,1,-31,-18,-28,-23,-2,-22,-20,3,17,4,2,sil
0.1967256069183349,13,-2,11,-9,-10,-12,-23,-12,-30,-26,6,9,-3,-3,sil
0.2118391990661621,6,11,15,11,6,-4,-11,-8,-20,-12,3,-1,-2,-2,sil
0.2118391990661621,-3,7,17,13,9,-4,0,3,-6,3,0,-1,-5,4,sil
0.2273890972137451,-7,-5,4,8,-4,9,11,3,11,18,0,-3,-8,10,sil
0.2273890972137451,-6,-10,-8,1,-7,12,10,7,26,29,-5,-2,0,10,sil
0.2427682876586914,-2,-11,-22,-12,-5,-5,-2,12,27,16,-16,-6,7,5,sil
0.2427682876586914,-2,-22,-27,-25,-9,-18,-13,5,15,-6,-9,-4,12,3,sil
0.2578063011169433,-2,-22,-20,-29,-8,-15,-13,1,8,-7,9,6,20,4,sil
0.2733302116394043,4,-4,-14,-20,-10,-12,-15,0,6,4,19,15,31,1,sil
0.2733302116394043,15,6,-2,-2,0,-12,-17,-4,0,9,26,18,30,-2,sil
0.2886092662811279,10,12,9,0,18,-5,-12,-6,-6,2,24,12,9,-11,sil
0.2886092662811279,2,25,22,4,23,5,-4,-7,-13,-4,8,1,-5,-16,sil
0.3048429489135742,5,35,31,49,13,10,2,-14,-15,-1,4,-2,-6,-12,sil
0.3048429489135742,1,23,31,61,8,7,2,-13,-22,-9,1,-5,-14,-7,sil
0.3048429489135742,-10,2,20,24,10,10,2,-7,-32,-23,-14,-13,-29,-10,sil
0.3194305896759033,-11,3,2,18,4,21,14,-8,-23,-10,-21,-17,-31,-14,sil
0.3345320224761963,-5,7,-4,28,-1,20,18,-6,-7,2,-16,-10,-24,-4,sil
0.3345320224761963,-1,-6,-5,10,1,8,15,4,0,2,-15,-5,-10,9,sil
0.3499574661254883,0,-16,-12,-8,1,2,15,12,9,3,-13,-5,-3,8,sil
0.3499574661254883,-2,-12,-6,-16,-4,7,13,17,19,0,-14,2,-5,5,sil
0.3654294013977051,-1,-13,-10,-18,-7,3,14,18,25,4,-6,6,7,10,sil
0.3654294013977051,2,-19,-27,-27,-8,-9,9,10,22,10,3,0,17,5,sil
0.3805572986602783,-1,-18,-26,-42,-13,-14,-8,2,8,-1,-1,-6,4,-6,sil
0.3805572986602783,-5,-10,-21,-44,-12,-7,-23,-8,0,-17,-5,-4,0,-9,sil
0.3954751491546631,9,4,-8,-29,-5,-7,-21,-9,-6,-22,7,6,8,0,sil
0.3954751491546631,17,19,18,-6,-4,-5,-6,2,-7,-13,16,14,1,4,sil
0.4107887744903564,-2,12,17,5,-2,0,-2,1,-3,0,8,1,-8,-5,sil
0.4107887744903564,-19,1,-4,-3,1,-6,-19,-8,-4,-1,-2,-13,-13,-16,sil
0.4260611534118652,-10,11,4,0,7,-5,-12,-2,-1,0,0,-6,-8,-1,sil
0.4260611534118652,-2,18,21,29,16,12,23,13,15,30,11,0,5,17,sil
0.4416966438293457,-8,6,8,33,11,21,31,11,22,36,6,-5,5,13,sil
0.4416966438293457,-9,-7,-5,19,0,16,16,-3,11,14,-6,-14,-3,0,sil
0.4573004245758056,0,-10,1,21,3,15,21,-1,6,17,-2,-10,0,7,hello
0.4573004245758056,0,-11,4,18,7,14,27,11,14,33,1,2,10,17,hello
0.4731080532073974,0,-24,-13,-2,-6,-1,5,6,14,19,0,7,13,12,hello
0.4731080532073974,13,-22,-19,-8,-13,-30,-18,-3,0,-6,0,5,13,6,hello
0.4888138771057129,27,0,6,-3,-3,-35,-21,-1,-13,-14,10,21,16,7,hello
0.4888138771057129,22,2,9,-16,-4,-20,-22,-1,-13,-15,15,26,17,1,hello
0.5044398307800293,7,-8,-8,-24,-15,-20,-30,-12,-14,-27,10,12,15,-6,hello
0.5044398307800293,3,-2,-2,-18,-7,-24,-22,-9,-12,-27,15,21,14,-3,hello
0.520418643951416,7,9,5,-22,0,-10,-9,-7,-18,-21,13,21,4,-7,hello
0.520418643951416,0,12,6,-14,-4,0,-23,-19,-42,-35,-14,-8,-22,-28,hello
0.5356144905090332,0,23,19,21,4,-3,-24,-14,-40,-34,-17,-10,-29,-30,hello
0.5356144905090332,13,44,30,38,21,10,6,1,-1,-5,25,14,-3,-1,hello
0.5516717433929443,12,40,24,26,23,26,22,3,9,1,28,7,4,5,hello
0.5516717433929443,-5,8,12,21,9,19,12,0,0,1,-17,-23,-11,-7,hello
0.5677170753479004,-13,-6,7,17,-1,20,13,3,3,19,-24,-25,-16,-4,hello
0.5677170753479004,-10,5,2,15,5,28,18,2,6,20,0,-8,-8,6,hello
0.5833292007446289,-16,0,-9,16,15,22,15,-3,-1,5,-17,-15,-11,0,hello
0.5833292007446289,-22,-24,-18,1,0,13,17,0,2,10,-39,-27,-17,-3,hello
0.5984199047088623,-12,-26,-19,-11,-12,11,20,11,25,28,-18,-12,-6,9,hello
0.5984199047088623,-7,-12,-15,-14,0,7,13,15,41,35,0,4,7,21,hello
0.6144664287567139,-16,-20,-16,-22,2,0,0,12,28,24,-7,-1,0,12,hello
0.6144664287567139,-17,-33,-34,-27,-9,-6,-5,3,3,1,-14,-16,-11,-4,hello
0.6305804252624512,-10,-25,-33,-25,-11,-9,-5,0,1,-13,-17,-13,-9,-5,hello
0.6305804252624512,-7,-11,-11,-26,-13,-5,2,6,9,-12,-23,-3,-10,3,hello
0.6463098526000977,-8,-10,-9,-24,-19,-10,0,5,2,-14,-18,-2,-9,0,hello
0.6463098526000977,0,-12,-11,-14,-14,-25,-10,3,0,-23,0,-1,7,-2,hello
0.6613945960998535,18,0,6,-2,-11,-23,-6,11,13,-5,27,16,27,9,hello
0.6613945960998535,21,6,11,-1,-7,-7,0,8,19,24,41,28,34,5,hello
0.6765727996826172,7,-3,0,-11,0,-5,-5,-2,1,18,29,16,24,-7,hello
0.6765727996826172,13,4,10,-2,12,-4,-7,-5,-8,-1,21,14,13,-1,hello
0.6926257610321045,32,27,32,28,23,3,0,-4,-3,2,33,27,19,7,hello
0.6926257610321045,31,33,29,35,15,-6,-3,-6,-8,4,27,28,21,7,hello
0.7083044052124023,17,24,16,12,6,-18,-13,-12,-21,-6,14,17,9,3,hello
0.7083044052124023,5,17,8,3,5,-6,-13,-17,-25,-9,14,2,0,-5,hello
0.7233963012695312,-4,15,9,9,0,0,-12,-14,-26,-20,2,-9,-12,-20,hello
0.7233963012695312,-9,8,7,5,-6,-6,-14,-11,-38,-34,-12,-14,-26,-22,hello
0.7388107776641846,-3,3,-3,3,0,0,-8,-15,-39,-20,-14,-14,-19,-8,hello
0.7548370361328125,-2,8,9,12,9,14,1,-3,-14,0,-5,-1,0,8,hello
0.7548370361328125,-1,11,17,24,14,16,9,14,10,1,2,2,1,10,hello
0.7548370361328125,-3,5,0,28,8,11,6,2,0,-5,-11,-16,-14,-4,hello
0.7707843780517578,-12,2,0,20,0,16,0,-11,-15,-8,-34,-25,-26,-9,hello
0.7707843780517578,-5,0,8,10,-1,19,6,0,1,5,-18,-7,-10,1,hello
0.7863802909851074,-3,-17,-11,-4,-8,2,12,5,20,19,-2,-1,0,2,hello
0.7863802909851074,-26,-29,-26,-18,-18,-6,6,3,13,9,-23,-19,-23,-7,hello
0.8024303913116455,-32,-19,-14,-7,-8,12,9,3,13,4,-30,-26,-30,-5,hello
0.8024303913116455,-6,-8,-3,0,4,20,26,16,27,15,-9,-6,-6,9,hello
0.8176333904266357,8,-6,-3,-15,6,9,31,32,39,31,7,14,17,21,hello
0.8176333904266357,2,-9,-8,-21,0,3,19,22,38,38,13,10,23,17,hello
0.8330645561218262,0,-20,-15,-14,-8,-4,4,3,28,25,0,-2,9,7,hello
0.8330645561218262,0,-22,-15,-19,-6,-11,-3,5,23,-1,-15,2,0,5,hello
0.8482935428619385,2,-15,-10,-25,2,-11,-10,4,11,-16,0,10,12,1,hello
0.8482935428619385,11,-10,-11,-21,-3,-14,-17,-6,-14,-10,19,13,27,0,hello
0.8654487133026123,18,-1,0,-14,-6,-15,-18,-1,-14,0,15,26,28,8,hello
0.8654487133026123,15,5,10,-7,0,-14,-15,2,1,0,11,31,24,11,hello
2.276955366134644,14,-12,-3,-17,-11,-8,-12,6,-2,-13,8,15,12,7,hello
2.276955366134644,6,0,-3,-10,-8,-19,-22,-7,-18,-27,9,6,2,-11,hello
2.2926037311553955,3,10,8,1,2,-12,-21,-8,-25,-19,1,0,-4,-9,hello
2.2926037311553955,-6,0,2,-3,1,3,-7,-5,-18,0,-10,-11,-12,-4,hello
2.3084073066711426,-17,-8,-9,-11,0,9,6,1,3,12,-14,-9,-6,4,hello
2.3084073066711426,0,5,-2,1,1,3,8,13,24,23,9,12,23,23,hello
2.3236536979675293,12,13,2,2,-3,-13,-6,4,15,16,37,26,41,18,hello
2.3236536979675293,1,8,-2,-14,-5,-27,-20,-13,-6,-10,32,20,22,-6,hello
2.339277744293213,0,16,8,-2,0,-20,-23,-23,-28,-30,14,6,-2,-21,hello
2.339277744293213,8,27,26,25,8,-2,-11,-18,-28,-26,7,-3,-9,-16,hello
2.35483980178833,-1,9,10,17,5,9,8,1,1,2,1,-10,-7,0,hello
2.35483980178833,-14,-17,-1,-5,-2,17,9,8,22,26,-3,-9,-8,3,hello
2.369986295700073,-1,-9,12,10,0,19,3,0,17,23,1,-4,-10,4,hello
2.369986295700073,13,12,20,36,10,21,23,7,16,20,0,1,-8,16,hello
2.3847670555114746,0,1,3,15,4,17,33,17,14,17,-16,-4,-8,13,hello
2.40055775642395,-12,-15,-17,-18,-10,1,18,6,7,1,-20,-15,-3,0,hello
2.40055775642395,-2,-5,-16,-19,-1,-1,15,9,13,6,-6,-1,7,5,hello
2.4162988662719727,7,-2,-7,-4,6,2,17,20,25,19,1,11,11,16,hello
2.4162988662719727,4,-9,-15,-10,-12,-8,-2,3,15,-3,0,1,3,3,hello
2.4162988662719727,0,-6,-14,-28,-22,-26,-22,-12,-14,-33,0,-1,0,-13,hello
2.4319088459014893,0,-8,-4,-24,-8,-28,-25,-9,-27,-30,3,4,1,-21,hello
2.4319088459014893,-8,-6,-5,-8,0,-17,-22,-7,-18,-19,2,-1,-3,-24,hello
2.447794437408448,-9,10,-1,2,8,0,-5,-4,-3,-5,9,-3,-2,-12,hello
2.462776660919189,7,20,10,14,22,16,14,2,6,12,23,4,10,5,hello
2.462776660919189,14,17,22,18,22,19,5,-2,-5,0,9,9,4,4,hello
2.477919340133667,-2,17,17,22,11,15,-4,-8,-19,-5,-9,-2,-12,-5,hello
2.477919340133667,-12,3,2,28,6,18,11,0,1,24,-2,-13,-6,3,hello
2.4935905933380127,-7,-15,-1,12,9,22,18,7,21,32,-9,-9,1,16,hello
2.4935905933380127,-8,-19,-5,-6,0,13,1,2,8,3,-38,-10,-7,6,hello
2.508973836898804,-15,-23,-18,-7,-16,-8,-9,-4,0,-8,-37,-22,-13,-8,hello
2.508973836898804,-9,-25,-18,-11,-23,-26,-12,2,1,-1,-14,-16,-6,-4,hello
2.5246362686157227,4,-2,1,-22,-16,-12,-11,9,0,5,0,12,7,5,hello
2.5246362686157227,19,9,6,-18,-4,2,0,3,0,7,18,30,23,13,hello
2.540003538131714,35,8,2,-1,-2,-10,3,0,-1,-6,28,33,25,23,hello
2.540003538131714,28,14,9,2,-3,-21,-8,2,-6,-18,23,29,19,21,hello
2.555714607238769,7,6,3,-6,0,-12,-19,0,-5,-11,19,16,18,2,hello
2.555714607238769,0,-2,-4,-13,-2,-13,-17,-7,-12,-18,19,8,11,-12,hello
2.5717928409576416,0,4,0,-2,-6,-16,-8,-16,-18,-31,16,7,-4,-18,hello
2.5717928409576416,-7,6,-1,8,0,-1,-4,-15,-9,-17,6,-3,-14,-16,hello
2.5873284339904785,-12,2,5,3,4,7,-1,0,0,0,4,-6,-11,-9,hello
2.5873284339904785,-4,17,22,10,5,3,5,4,0,0,12,3,-6,-9,hello
2.602977752685547,6,25,26,31,13,7,13,-2,0,-1,8,1,-7,-7,hello
2.602977752685547,1,6,16,28,15,17,18,0,4,17,-1,-5,-8,8,hello
2.618308782577514,-16,-9,-3,2,2,13,18,0,8,29,-16,-18,-17,2,hello
2.618308782577514,-25,-9,-12,0,-4,5,12,-12,-7,2,-38,-38,-44,-24,hello
2.6337575912475586,-15,-5,-7,11,0,16,8,-11,-11,-8,-39,-38,-40,-21,hello
2.6337575912475586,-4,-2,-6,5,0,24,10,4,10,18,-15,-14,-3,4,hello
2.648773431777954,0,-2,-9,0,2,15,12,11,18,25,-5,-3,14,13,hello
2.648773431777954,5,-7,-16,2,3,4,9,9,10,13,-10,-11,14,17,hello
2.664919376373291,3,-13,-12,-17,-2,-1,0,14,9,8,-8,-3,15,17,hello
2.664919376373291,-6,-18,-10,-31,-6,-10,-2,12,3,-4,-7,1,7,3,hello
2.6804211139678955,-12,-22,-28,-20,0,-9,-3,4,0,-10,-17,-10,0,-1,hello
2.6804211139678955,-9,-21,-24,-25,4,-4,-9,12,9,4,-14,-6,3,4,hello
2.696380615234375,0,-7,0,-23,4,0,-2,22,20,13,6,11,12,2,hello
2.696380615234375,10,6,4,0,2,3,5,10,16,14,26,15,22,2,hello
2.7114920616149902,14,8,5,8,-1,-7,-3,-2,6,14,32,15,22,11,hello
2.7114920616149902,13,11,17,1,-10,-25,-23,-8,-8,-6,24,23,8,5,hello
4.083888292312622,6,-4,0,6,5,10,11,13,14,12,-6,5,8,8,hello
4.083888292312622,-6,-16,-11,-11,0,3,-4,1,-6,0,-8,-4,-1,0,hello
4.099449634552002,-2,-24,-18,-25,-11,-22,-30,-13,-18,-21,-9,0,-8,-5,hello
4.099449634552002,16,-10,-1,-19,-7,-28,-32,-11,-19,-34,1,20,-2,0,hello
4.115694522857666,22,3,1,-9,-5,-16,-13,-6,-15,-29,17,21,9,4,hello
4.115694522857666,14,1,1,-9,-5,-20,-9,-6,-9,-33,16,17,2,-1,hello
4.131688117980957,14,1,6,-5,0,-24,-12,-1,-8,-36,14,23,0,-13,hello
4.131688117980957,22,14,11,7,4,-9,-10,-1,-12,-11,25,30,15,-11,hello
4.147320747375488,25,24,25,14,4,-3,-16,-11,-18,2,27,26,14,0,hello
4.147320747375488,13,18,23,20,6,-8,-17,-22,-24,-11,15,7,-5,-2,hello
4.162376880645752,-5,9,11,22,3,2,-2,-19,-29,-10,3,-8,-15,-4,hello
4.162376880645752,-15,8,8,16,1,16,14,-6,-20,11,-5,-13,-10,0,hello
4.177504062652588,-21,4,-4,7,1,15,12,0,-4,13,-20,-29,-6,-8,hello
4.177504062652588,-26,0,-13,4,1,17,4,1,0,-2,-32,-43,-17,-18,hello
4.193555116653442,-23,4,-6,5,5,21,11,5,7,-2,-31,-36,-26,-13,hello
4.193555116653442,-14,4,-5,-3,9,19,20,9,21,13,-18,-25,-13,-2,hello
4.2094340324401855,-1,-2,-8,-13,8,19,21,12,24,31,-12,-22,3,8,hello
4.2094340324401855,0,-2,-11,-4,11,19,21,12,25,39,-15,-17,5,10,hello
4.224518775939941,-14,0,-16,0,12,15,17,11,28,25,-9,-6,5,6,hello
4.224518775939941,-23,-7,-27,-16,0,6,8,1,21,12,-11,-13,4,0,hello
4.240326404571533,-27,-21,-35,-42,-6,0,0,-2,15,11,-38,-34,-10,-12,hello
4.240326404571533,-18,-22,-22,-41,0,4,6,17,28,19,-33,-18,-9,-2,hello
4.255385875701904,3,-13,1,-16,0,9,14,22,32,21,9,22,18,21,hello
4.255385875701904,4,-21,-3,-16,-20,-5,-4,-4,5,0,15,20,21,11,hello
4.270906448364258,-1,-28,-13,-29,-30,-23,-22,-6,-11,-13,-2,0,0,0,hello
4.270906448364258,16,-8,12,-8,-14,-22,-10,11,-8,-10,17,14,2,15,hello
4.285551309585571,32,2,26,24,-3,-17,-9,3,-6,-15,40,38,14,15,hello
4.285551309585571,30,7,22,34,-2,-16,-21,-4,-5,-15,36,44,15,4,hello
4.300838708877564,29,17,33,37,2,-14,-11,-2,-9,-7,43,48,22,12,hello
4.300838708877564,20,14,21,36,-2,-17,-5,-11,-27,-25,44,33,17,7,hello
4.316617727279663,6,10,5,22,-5,-14,-14,-11,-37,-39,22,18,-2,-6,hello
4.316617727279663,8,19,10,11,6,-5,-9,-4,-21,-19,12,15,-3,-10,hello
4.332142353057861,15,22,13,11,7,-6,-3,-7,-9,-8,7,9,2,-9,hello
4.332142353057861,6,18,14,11,1,-3,-2,-9,-13,-6,-5,1,-7,-10,hello
4.348211288452148,-9,13,5,7,6,2,6,-8,-13,1,-10,-15,-18,-15,hello
4.348211288452148,-12,11,-3,8,7,-1,0,-13,-9,-7,-10,-25,-16,-17,hello
4.363946914672852,-3,11,6,11,2,-6,-16,-10,-8,-19,-11,-16,-18,-8,hello
4.363946914672852,-7,-1,1,-1,7,4,-6,-3,-2,-3,-20,-21,-28,-8,hello
4.379156827926636,-27,-17,-19,-19,14,23,6,-1,7,10,-32,-33,-25,-10,hello
4.379156827926636,-27,-12,-17,-8,9,27,9,0,15,17,-22,-23,-4,0,hello
4.394898176193237,-5,4,2,0,8,24,18,5,14,24,-2,-3,5,13,hello
4.394898176193237,0,5,12,-5,8,28,23,11,4,19,-6,2,1,11,hello
4.410749197006226,-11,-30,-8,-16,-16,19,18,4,6,19,-16,-12,2,-1,hello
4.410749197006226,-12,-51,-24,-36,-36,-6,9,-1,15,23,-16,-21,5,-2,hello
4.426276206970215,-3,-7,-9,-30,-7,-10,7,11,15,9,-5,-3,9,11,hello
4.426276206970215,0,25,-2,0,14,0,5,14,12,-7,0,3,14,10,hello
4.442296266555786,-1,5,-17,-5,-3,-2,-1,4,8,-3,-6,-7,8,-1,hello
4.442296266555786,6,1,-20,-13,-5,-3,0,10,10,14,-6,0,8,6,hello
4.458163261413574,16,15,-11,1,10,4,4,17,16,16,9,18,20,14,hello
4.458163261413574,18,1,-7,0,9,-9,-9,5,7,-4,11,17,13,-2,hello
4.473706245422363,9,-4,4,0,4,-17,-18,-7,-9,-16,6,7,-5,-11,hello
4.473706245422363,-4,0,16,17,1,8,0,-8,-15,-6,0,0,-15,0,hello
4.489672422409058,-13,-14,0,11,-6,14,13,0,-6,2,-13,-9,-11,3,hello
4.504878520965576,-1,-24,-12,-4,-7,-13,0,5,9,9,-1,-5,4,1,hello
4.504878520965576,15,-16,0,-5,-4,-24,-8,4,16,15,21,11,21,11,hello
4.504878520965576,14,0,6,-3,-1,-12,-10,-1,-3,2,19,20,20,12,hello
4.521109580993652,5,15,16,1,4,-15,-16,-8,-27,-26,14,14,2,-7,hello
4.521109580993652,4,20,22,26,4,-13,-17,-13,-21,-33,10,0,-15,-19,hello
6.376482009887695,14,14,13,5,13,7,5,0,0,20,20,16,9,8,sil
6.376482009887695,8,7,28,16,15,10,4,1,2,15,27,14,3,8,sil
6.392517328262329,0,0,22,18,2,5,0,0,-7,-5,2,2,-15,-1,sil
6.392517328262329,-7,2,-1,2,-5,-9,3,5,-5,0,-8,-5,-13,-5,sil
6.408281087875366,-10,-2,-2,-3,0,-14,3,0,-10,-4,-5,-10,-11,-5,sil
6.408281087875366,-19,-13,-1,1,0,-4,-5,-10,-24,-24,-22,-29,-28,-17,sil
6.423765659332275,-29,-10,-10,4,-5,0,-7,-8,-21,-8,-29,-37,-28,-19,sil
6.423765659332275,-24,-7,-10,0,-1,-2,1,0,-9,10,-12,-16,-11,-4,sil
6.439388751983643,-14,-15,-9,-1,0,3,15,0,-2,3,-10,-11,-8,1,sil
6.439388751983643,-18,-20,-15,0,-10,8,14,-1,0,2,-28,-28,-16,-2,sil
6.4544548988342285,-17,-10,-18,-5,-9,7,13,6,11,22,-25,-21,-12,0,sil
6.4544548988342285,-4,0,-15,-1,0,14,19,1,14,26,-8,-1,-4,8,sil
6.469756603240967,0,-6,-8,0,-4,12,13,-6,1,11,-12,-4,-7,7,sil
6.469756603240967,0,-23,-15,-15,-10,-2,6,8,2,12,-21,-12,-7,-1,sil
6.48478889465332,3,-21,-21,-25,-4,-5,7,23,24,9,-2,11,5,-1,sil
6.48478889465332,14,0,-3,-14,0,0,-2,13,21,-13,10,28,12,0,sil
6.500343561172485,21,6,4,-9,0,-9,-22,-6,0,-20,4,15,7,-3,sil
6.500343561172485,16,2,1,-12,2,-18,-26,-7,-1,-11,7,17,9,-2,sil
6.515521764755249,8,12,9,-3,0,-18,-18,0,5,-12,19,31,19,0,sil
6.515521764755249,16,21,21,8,-1,-19,-17,0,2,-20,17,26,24,0,sil
6.5310447216033936,29,18,19,13,0,-12,-17,0,0,-17,19,20,23,7,sil
6.5310447216033936,15,22,9,12,5,-2,-15,-2,0,-5,25,16,12,7,sil
6.546280384063721,-6,21,1,2,7,-8,-11,-10,-12,-5,18,2,0,-7,sil
6.546280384063721,-6,8,1,0,2,-7,0,-4,-6,-2,14,-10,6,-8,sil
6.561880826950073,0,6,9,13,3,6,11,2,7,10,20,-7,12,7,sil
6.561880826950073,-2,11,16,22,13,13,10,-2,0,12,19,-1,3,10,sil
6.577531814575195,-14,-4,0,4,5,18,6,-9,-12,2,-2,-19,-7,0,sil
6.577531814575195,-30,-22,-20,-21,-8,20,4,-7,-26,-8,-36,-42,-25,-8,sil
6.59277868270874,-17,-9,-11,-10,0,15,12,-4,-32,-10,-31,-40,-26,-5,sil
6.608303785324097,12,9,18,27,19,21,28,6,-11,8,2,-11,0,11,sil
6.609304428100586,13,3,22,27,14,32,29,15,9,29,6,-3,5,18,sil
6.609304428100586,-3,-10,2,2,-2,18,16,6,6,22,-10,-18,-12,3,sil
6.6237473487854,0,-11,0,-1,-8,-3,15,1,3,4,-8,-15,-10,-1,sil
6.6393232345581055,0,-13,-1,0,-9,-8,9,3,11,1,-4,-12,1,-1,sil
6.6393232345581055,-21,-20,-15,-14,-11,-8,-12,-3,17,4,-15,-24,-5,-9,sil
6.654854774475098,-23,-20,-16,-23,-11,-13,-15,-2,21,1,-23,-19,-11,-10,sil
6.654854774475098,0,-10,-11,-12,-7,-14,-2,6,20,0,-11,0,2,-1,sil
6.670241594314575,10,-3,-4,-8,-4,-14,-7,7,12,0,7,16,15,1,sil
6.670241594314575,7,-1,-1,-8,-8,-16,-19,3,10,7,13,28,20,3,sil
6.686295986175537,11,3,-7,-3,-8,-17,-24,-1,6,5,10,31,19,1,sil
6.686295986175537,11,13,-4,0,0,-18,-25,-2,-5,-8,14,37,13,-2,sil
6.7023255825042725,10,25,6,1,0,-12,-22,-6,-17,-15,15,42,1,-7,sil
6.7023255825042725,12,27,12,9,2,0,-15,-12,-27,-19,6,34,-9,-12,sil
6.717497825622559,0,12,7,19,11,9,2,-5,-22,-23,0,19,-19,-11,sil
6.717497825622559,-20,-4,-4,10,9,12,20,-1,-12,-15,-14,12,-30,-5,sil
6.732729196548462,-16,-23,-22,-12,-5,4,12,-1,-12,-5,-36,11,-37,-2,sil
6.732729196548462,0,-27,-24,-24,-15,-8,-1,7,0,-4,-33,21,-14,5,sil
6.748573541641235,4,-5,-3,-21,-1,-12,1,15,16,-1,4,46,23,12,sil
6.748573541641235,13,20,15,0,18,0,12,10,12,7,37,59,32,12,sil
6.763663291931152,17,26,28,28,24,19,16,1,3,15,34,44,15,11,sil
6.763663291931152,-2,11,27,25,17,27,15,-4,4,14,10,14,6,5,sil
6.7792932987213135,-11,-2,9,6,10,23,15,-4,8,20,0,-3,11,6,sil
6.7792932987213135,0,-6,-3,4,8,23,16,3,15,32,0,-12,12,16,sil
6.794937610626221,-1,-10,-10,-4,-6,4,3,5,13,23,-5,-27,7,7,sil
6.794937610626221,-7,-14,-16,-27,-28,-32,-21,-8,-6,-10,-4,-43,3,-13,sil
6.809983491897583,-2,-3,-7,-20,-26,-37,-25,-20,-27,-37,5,-56,0,-19,sil
6.809983491897583,0,11,5,5,-2,-9,-12,-19,-21,-30,6,-78,-11,-16,sil
6.825929880142212,1,15,12,14,6,3,-11,-10,-12,-13,4,-113,-15,-15,sil
6.825929880142212,0,10,13,22,2,1,-11,-5,-17,-11,5,-140,-14,-13,sil
6.8415374755859375,-2,2,11,32,6,14,3,-5,-12,-5,0,-154,-24,-2,sil
6.8415374755859375,-4,-6,2,19,10,25,15,4,10,17,-10,-194,-22,14,sil
6.85666298866272,-4,-10,-14,0,-1,16,15,17,22,30,-17,-200,-6,17,sil
6.85666298866272,-6,-12,-17,-9,-12,0,17,14,13,13,-22,-35,-6,4,sil
6.872784852981567,-3,-15,-11,-17,-9,-9,13,11,11,0,-22,170,-6,0,sil
6.872784852981567,4,-9,-12,-21,-5,-16,-2,18,20,2,-9,214,14,8,sil
6.888503313064575,15,0,-5,-13,0,-13,-11,24,24,5,11,184,31,16,sil
6.888503313064575,22,2,2,-6,4,-4,-2,12,16,4,17,184,27,11,sil
6.903665065765381,10,1,-2,-18,3,-5,-6,-12,-5,-13,4,155,12,-6,sil
6.903665065765381,-6,0,-4,-23,-3,-9,-21,-21,-23,-35,1,105,1,-20,sil
6.918871879577637,-3,5,5,0,-2,-8,-22,-11,-13,-18,8,78,4,-15,sil
6.918871879577637,3,17,15,12,7,-2,-6,0,1,10,15,56,12,-2,sil
6.934498310089111,-1,16,11,5,11,5,9,-1,0,7,13,24,8,0,sil
6.934498310089111,-10,3,6,2,7,10,7,-12,-19,-15,-3,-8,-10,-10,sil
6.950608253479004,-13,0,1,9,1,7,0,-5,-26,-12,-16,-34,-28,-11,sil
6.950608253479004,-10,3,-1,16,0,12,12,3,-3,14,-6,-48,-19,0,sil
6.966290712356567,-10,0,0,15,4,18,23,0,13,28,8,-50,0,6,sil
6.966290712356567,-4,-13,-2,9,0,9,21,0,15,30,7,-53,1,10,sil
6.981929063796997,-2,-22,-11,-3,-13,-4,10,7,8,25,-8,-61,-1,16,sil
6.981929063796997,4,-17,-7,-14,-16,-12,-4,6,6,11,-10,-54,3,15,sil
6.996731758117676,17,-2,0,-11,-3,-13,-10,1,15,0,9,-32,17,11,sil
6.996731758117676,17,-1,-1,-10,1,-14,-13,0,10,-11,18,-24,28,9,sil
7.012323617935181,12,-2,-2,-8,-7,-23,-23,-4,-9,-22,11,-30,22,1,sil
7.012323617935181,13,15,13,5,-4,-13,-24,-3,-17,-20,9,-25,-4,-7,sil
7.028356313705444,8,29,23,16,11,10,-7,-2,-11,-10,5,-23,-22,-12,sil
7.028356313705444,2,21,11,16,13,9,3,-5,-8,-9,0,-29,-14,-10,sil
7.043779611587524,4,10,7,6,6,1,3,-7,-13,-19,-6,-26,-15,-11,sil
7.043779611587524,0,6,7,5,5,14,6,-9,-14,-19,-20,-20,-26,-12,sil
7.059519767761231,-16,4,3,19,4,18,12,-6,-4,0,-19,-11,-15,-5,sil
7.059519767761231,-24,-8,-2,12,-1,5,10,0,0,13,-7,-3,-3,-1,sil
7.074417591094971,-23,-23,-19,-7,-4,6,9,2,-1,6,-13,-7,-12,-13,sil
7.074417591094971,-20,-27,-33,-20,-1,20,15,8,8,6,-19,-2,-13,-9,sil
7.090485095977783,-13,-29,-33,-32,-4,15,22,22,26,17,-11,10,2,8,sil
7.090485095977783,-2,-25,-23,-30,-7,-3,7,16,27,10,-16,13,10,11,sil
7.105715036392212,8,-3,-2,1,0,-13,-13,2,15,0,-6,22,15,11,sil
7.106092214584351,11,12,1,15,0,-15,-18,0,6,3,19,36,24,15,sil
7.1213767528533936,11,7,-5,-8,-6,-18,-19,0,0,2,24,42,26,7,sil
7.136573314666748,16,9,1,-12,-3,-14,-22,-1,1,2,18,39,24,5,sil
7.136573314666748,15,24,17,5,4,-9,-16,-1,-1,2,25,30,12,8,sil
7.136573314666748,2,23,15,5,3,-13,-8,-7,-23,-11,18,16,-8,-7,sil
7.152588844299316,-9,13,5,1,3,-1,0,-17,-28,-15,0,1,-19,-19,sil
7.152588844299316,-6,16,18,16,13,26,23,-11,-5,4,0,2,-10,0,sil
7.167905569076538,3,13,26,29,16,31,37,0,8,19,2,4,-3,10,sil
7.167905569076538,-6,-11,1,3,-1,0,12,-1,1,9,-9,-6,-12,-2,sil
7.183607816696167,-12,-27,-11,-26,-16,-20,-13,0,4,4,-13,-5,-5,-4,sil
7.198700189590454,14,-13,4,-4,0,-3,-7,14,23,15,9,20,24,12,sil
7.198700189590454,28,-3,14,12,11,2,-1,10,14,0,22,25,25,10,sil
7.214766979217529,12,-4,0,-13,-3,-11,-11,-2,-9,-24,0,4,0,-8,sil
7.214766979217529,0,1,-6,-21,-17,-14,-8,-2,-11,-22,-15,-2,-8,-16,sil
7.229422092437744,-5,6,0,-5,-15,-11,-5,-3,-21,-32,-3,-6,-13,-15,sil
7.229422092437744,-9,7,4,6,-9,-4,-7,-11,-34,-42,1,-17,-22,-12,sil
7.245753765106201,-3,15,12,25,4,15,4,-3,-17,-8,-4,-13,-13,-1,sil
7.245753765106201,1,13,13,31,14,23,22,7,2,15,-13,-10,-2,8,sil
7.26161527633667,-3,0,1,18,5,16,22,1,9,12,-13,-21,0,12,sil
7.26161527633667,-10,-12,-2,11,0,15,11,0,16,25,-2,-22,2,15,sil
7.276758909225464,-14,-26,-16,2,0,3,4,5,16,33,-6,-22,-1,9,sil
7.276758909225464,-17,-31,-31,-16,-6,-3,4,6,6,18,-24,-24,-4,5,sil
7.292764902114868,-4,-18,-20,-12,-4,8,4,15,19,19,-12,-7,11,15,sil
7.292764902114868,10,-5,-13,-1,8,6,0,24,39,27,13,6,28,18,sil
7.308288812637329,13,-3,-13,-17,8,-13,-11,10,24,10,20,10,26,3,sil
7.308288812637329,9,-1,-8,-22,-1,-19,-21,-10,-6,-11,15,10,11,-9,sil
7.32463002204895,8,1,-5,-14,0,-17,-26,-19,-22,-25,6,5,-3,-18,sil
7.32463002204895,0,0,-8,-25,-1,-19,-22,-15,-22,-27,0,-5,-12,-21,sil
7.340131998062134,-8,6,-4,-25,-8,-11,-13,-11,-13,-20,0,-9,-10,-20,sil
7.340131998062134,-4,21,15,2,0,-4,-9,-13,-13,-18,0,0,-12,-17,sil
7.355437994003296,3,32,28,24,7,-1,-2,-9,-18,-10,5,10,-18,-6,sil
7.355785369873047,1,29,23,18,4,15,11,-1,-13,5,12,5,-10,-1,sil
7.370357275009155,-9,19,9,7,7,25,12,-4,-9,0,-7,-5,-9,-12,sil
7.370357275009155,-15,7,-3,13,4,14,4,-10,-11,-19,-31,-13,-20,-15,sil
7.386289596557617,-6,-2,-1,12,0,10,9,-3,-1,-3,-18,-7,-8,4,sil
7.386289596557617,7,-5,0,1,0,15,26,14,25,33,5,4,18,24,sil
7.4018096923828125,7,-5,0,2,-2,1,27,23,39,36,7,12,22,22,sil
7.4018096923828125,0,-13,0,4,-11,-12,9,13,20,11,1,15,7,13,sil
7.417438507080078,3,-20,0,-5,-7,-6,1,5,8,8,6,13,6,17,sil
7.417438507080078,13,-11,0,-8,6,0,11,13,16,18,12,11,17,23,sil
7.433046340942383,17,-3,3,2,11,-5,10,13,11,6,8,12,22,14,sil
7.433046340942383,11,-3,0,0,1,-13,-10,-3,-12,-21,2,6,6,-1,sil
7.448748826980591,6,-1,1,-5,-6,-12,-22,-9,-16,-28,8,5,-2,-4,sil
7.448748826980591,12,6,6,0,-3,-11,-13,0,0,-7,21,14,12,1,sil
7.464841365814209,5,8,0,-3,-2,-13,-16,-4,-13,-12,14,14,9,-6,sil
7.464841365814209,-20,-6,-15,-17,-9,-17,-34,-23,-42,-42,-11,-10,-23,-29,sil
7.480441093444824,-32,-9,-7,-6,-11,-8,-34,-33,-50,-41,-26,-23,-40,-37,sil
7.480441093444824,-17,9,18,21,3,18,-4,-11,-26,-2,-14,-15,-27,-18,sil
7.496291399002075,-9,12,18,31,14,38,32,11,12,31,-6,-14,-13,2,sil
7.496291399002075,-15,-8,0,10,6,34,33,7,23,32,-15,-15,-11,6,sil
7.512367010116577,-13,-20,-10,-5,-1,15,13,1,9,19,-26,-16,-7,-1,sil
7.512367010116577,-2,-14,-11,-4,-4,0,4,13,13,13,-20,-12,0,0,sil
7.527899503707886,3,-6,-2,-3,-7,-4,2,21,26,15,2,4,10,15,sil
7.527899503707886,12,4,0,2,-4,2,9,14,29,21,19,11,23,19,sil
7.543595790863037,19,8,-1,2,5,1,12,12,26,22,11,7,27,16,sil
7.543595790863037,14,7,0,-4,10,-3,5,19,22,10,10,12,18,13,sil
7.559655666351318,13,18,0,3,12,-3,7,7,15,-2,27,18,18,6,sil
7.559655666351318,16,22,2,7,11,-9,5,-10,0,-10,24,17,14,1,sil
7.575698614120483,7,2,-9,-12,0,-18,-10,-9,-10,-11,1,3,1,-2,sil
7.575698614120483,-2,-14,-25,-39,-9,-13,-16,-3,-4,-8,-7,-5,-2,-7,sil
7.590674638748169,-1,-11,-16,-35,-8,-7,-14,-7,0,-6,-7,-1,0,-7,sil
7.590674638748169,0,0,0,-8,-10,-10,-21,-14,-12,-13,-7,-5,-7,-14,sil
7.606320858001709,-1,9,11,5,-8,-8,-15,-13,-24,-25,0,-6,-15,-14,sil
7.606320858001709,-2,1,9,1,-5,-3,-4,-9,-20,-28,2,0,-9,0,sil
7.621399164199829,-7,-6,2,-2,-6,-7,-17,-16,-21,-26,-8,-5,-11,0,sil
7.621399164199829,-4,5,10,4,0,-11,-23,-21,-32,-18,-10,-10,-16,-14,sil
7.637407302856445,7,18,22,26,8,-1,3,-10,-22,3,6,4,0,-2,sil
7.637407302856445,4,9,20,32,8,9,13,-1,-7,5,6,7,6,8,sil
7.653524398803711,-6,-4,3,14,4,12,0,-3,-10,-13,-7,-11,-9,-1,sil
7.653524398803711,-15,-7,-5,3,6,15,1,0,-7,-2,-9,-18,-17,-10,sil
7.669556379318237,-22,-4,-2,12,8,20,18,11,11,22,-12,-11,-8,-5,sil
7.669556379318237,-17,-8,-3,13,5,19,24,16,22,23,-15,-3,-7,1,sil
7.685822486877441,-6,-12,-5,2,5,21,25,16,23,24,1,0,-6,8,sil
7.685822486877441,-3,-10,-10,4,6,20,23,12,25,36,15,-3,3,8,sil
7.701756477355957,0,-11,-13,3,4,7,11,2,17,30,2,-7,10,6,sil
7.701756477355957,4,-12,-7,-10,4,0,2,7,15,22,-3,5,10,8,sil
7.717360973358154,11,-5,-5,-10,4,1,5,20,27,23,11,14,21,13,sil
7.717360973358154,15,-3,-1,-13,-6,-2,5,23,30,12,27,23,34,22,sil
7.733375549316406,20,-4,2,-20,-18,-14,4,19,28,0,17,29,31,22,sil
7.733375549316406,17,8,4,-12,-16,-24,-3,9,15,-6,0,18,13,7,sil
7.749380826950073,10,18,5,-12,-7,-24,-22,-1,-14,-23,0,11,0,-7,sil
7.749380826950073,14,15,0,-21,-6,-17,-28,-9,-30,-32,6,15,0,-8,sil
7.765405893325806,11,10,7,-14,-6,-18,-27,-21,-33,-29,-3,5,-10,-9,sil
7.765405893325806,-4,5,9,0,-5,-16,-31,-33,-41,-32,-19,-15,-26,-20,sil
7.781286954879761,-21,0,-4,-3,-7,0,-23,-27,-36,-32,-17,-20,-26,-28,sil
7.781286954879761,-28,-4,-11,-9,-8,2,-4,-14,-22,-20,-12,-24,-19,-27,sil
7.796331882476807,-23,-4,-4,6,0,0,7,-10,-13,-8,-13,-34,-19,-21,sil
7.796331882476807,-13,5,7,26,13,14,16,-4,0,-2,-19,-21,-17,-4,sil
7.812353134155273,-1,14,15,29,19,23,21,7,19,12,-12,-1,-3,13,sil
7.812353134155273,5,10,12,28,10,14,13,9,21,23,8,5,16,18,sil
7.827537536621094,0,0,3,22,4,15,7,6,13,21,11,5,15,15,sil
7.827537536621094,-8,-7,-12,3,5,13,15,7,18,19,-6,-3,0,10,sil
7.843343734741211,0,-9,-19,-16,2,-5,12,6,16,6,-7,-5,0,2,sil
7.843343734741211,15,-6,-14,-21,-3,-16,0,5,0,-9,14,9,11,-5,sil
7.860093593597412,16,1,-5,-2,1,-4,-4,1,0,-4,29,19,12,-3,sil
7.860093593597412,8,12,10,21,18,6,0,-4,2,6,25,13,8,4,sil
7.875810623168945,7,1,12,10,8,3,13,0,-4,17,12,5,5,10,sil
7.875810623168945,5,-25,-3,-24,-12,-3,15,10,-4,21,-5,0,-3,9,sil
7.891378879547119,-6,-30,-11,-25,-15,-6,-3,11,-2,1,-21,-7,-14,4,sil
7.891378879547119,-8,-14,-11,-3,-9,-14,-23,0,-6,-13,-16,-6,-6,0,sil
7.9066102504730225,10,-5,0,0,-8,-19,-32,-5,4,0,15,20,20,3,hello
7.9066102504730225,21,12,12,5,-1,-8,-31,-3,3,-1,39,34,27,2,hello
7.922696352005005,8,35,14,14,7,-1,-17,-12,-23,-32,18,12,-3,-13,hello
7.922696352005005,-2,23,8,10,0,-3,-1,-11,-18,-32,-12,-11,-21,-20,hello
7.938323974609375,1,6,16,14,-8,7,3,0,0,5,-8,-11,-5,-3,hello
7.938323974609375,0,19,29,23,4,23,13,-2,-15,17,5,-3,1,3,hello
7.954358100891113,-13,15,9,14,17,24,28,-11,-22,3,-7,-12,-9,-2,hello
7.954358100891113,-28,-21,-19,-14,2,19,22,-5,2,8,-23,-20,-11,0,hello
7.969911336898804,-29,-34,-19,-28,-17,11,3,3,8,17,-14,-17,-4,6,hello
7.969911336898804,-15,-13,-10,-13,-16,-2,0,4,10,12,-9,-13,0,5,hello
7.985707998275757,0,-4,-6,-5,0,-6,1,11,37,19,-6,-2,5,5,hello
7.985707998275757,3,-10,-11,-9,7,-1,0,23,51,31,6,7,9,8,hello
8.001697301864624,-8,-11,-21,-12,3,2,3,24,35,15,4,1,3,0,hello
8.001697301864624,-10,-10,-13,-25,-2,3,4,11,9,-19,-7,-10,-3,-8,hello
8.01635217666626,7,-3,-1,-25,-3,-3,4,0,-3,-28,-2,-4,0,-5,hello
8.01635217666626,15,1,-1,-6,0,-19,6,-1,-8,-12,-2,4,9,0,hello
8.032420873641968,17,-2,-4,1,2,-22,1,4,-10,-4,-11,12,16,2,hello
8.032420873641968,23,4,4,3,7,-12,-13,2,-9,-8,2,19,16,9,hello
8.052629470825195,14,16,11,11,5,-9,-23,-5,-9,-14,13,16,5,5,hello
8.052629470825195,1,15,4,13,0,-9,-17,-11,-13,-19,-3,-1,-12,-6,hello
8.052629470825195,4,18,7,18,5,1,-2,-18,-16,-12,-11,-5,-22,-10,hello
8.063255310058594,6,28,16,28,17,8,2,-20,-17,0,1,6,-15,-8,hello
8.078301668167114,3,27,19,20,10,0,-1,-17,-21,-7,10,10,-12,-15,hello
8.078301668167114,0,15,20,16,-1,-5,-3,-18,-21,-22,4,-2,-20,-19,hello
8.093621015548706,-6,2,15,16,-1,3,1,-11,-12,-14,-5,-14,-16,-11,hello
8.093621015548706,-11,-7,6,5,0,16,9,2,-8,1,-3,-3,-5,2,hello
8.109326601028442,-7,-13,0,2,-7,11,7,6,-5,12,7,6,0,13,hello
8.109326601028442,-11,-17,-4,4,-13,0,-5,2,0,13,7,0,7,9,hello
8.125595808029175,-19,-23,-9,-8,-13,0,-9,0,0,2,0,-10,10,0,hello
8.12594747543335,-9,-20,-20,-15,-11,5,3,2,6,9,-7,-13,5,6,hello
8.140549898147583,4,-9,-18,-14,-4,10,18,16,23,26,-1,-4,6,18,hello
8.140549898147583,6,-10,-10,-17,0,8,19,21,33,26,6,2,12,14,hello
8.15561580657959,5,-15,-14,-15,-2,0,3,15,33,23,11,8,23,6,hello
8.15561580657959,10,-12,-11,-15,3,-5,-9,25,33,30,23,23,40,12,hello
8.170834302902222,13,-3,-9,-17,7,-11,-7,25,34,21,34,28,46,15,hello
8.170834302902222,9,7,0,-12,1,-20,-16,-2,9,-6,23,18,20,0,hello
8.186719417572021,1,16,18,0,0,-15,-29,-22,-26,-24,0,0,-13,-13,hello
8.186719417572021,-4,16,18,11,6,0,-11,-21,-34,-15,-15,-21,-25,-13,hello
8.202347040176392,-9,16,9,13,11,13,13,-12,-23,-6,-10,-22,-17,-8,hello
8.202347040176392,-10,14,6,10,6,17,14,-5,-19,-10,0,-14,-9,-8,hello
8.217817783355713,-16,3,2,8,0,12,4,-9,-20,-17,-17,-28,-24,-12,hello
8.217817783355713,-11,0,4,14,2,7,11,-10,-12,-14,-40,-29,-46,-10,hello
8.23378610610962,0,0,4,17,2,13,26,2,3,-2,-31,-2,-33,0,hello
8.23378610610962,-2,-5,-10,0,0,16,18,14,15,11,-17,0,-6,6,hello
8.248458623886108,-2,-5,-21,-9,0,7,6,13,20,17,-11,-10,2,0,hello
8.248458623886108,5,1,-8,0,2,-7,4,7,16,5,-3,2,6,-2,hello
8.264543294906616,2,-12,-4,-8,-8,-18,-4,5,7,-8,-14,11,6,1,hello
8.264543294906616,-1,-25,-15,-25,-19,-20,-11,3,8,-1,-15,5,4,3,hello
8.280080556869507,6,-2,-4,-9,-6,-19,-5,1,3,0,12,20,16,4,sil
8.280080556869507,24,22,19,10,4,-20,-9,0,-11,-22,29,34,26,5,sil
8.295888900756836,33,20,25,0,-4,-19,-25,-6,-17,-31,29,30,18,9,sil
8.295888900756836,28,6,16,-8,-6,-9,-16,-13,-14,-14,32,26,5,9,sil
8.311523675918579,9,1,3,0,0,-2,-2,-11,-18,-15,15,11,-1,-6,sil
8.311523675918579,-12,2,2,4,0,-4,-13,-12,-23,-26,0,-10,-4,-23,sil
8.32670283317566,-19,2,3,7,3,0,-17,-13,-7,0,16,-12,7,-16,sil
8.32670283317566,-11,0,3,12,8,16,-6,-4,7,29,20,-2,11,-2,sil
8.34280800819397,-10,-4,6,8,4,16,-3,3,5,25,0,-7,-4,3,sil
8.358371496200562,-11,0,-2,15,6,10,8,1,11,23,-6,-16,-5,5,sil
8.358371496200562,-3,11,0,26,15,19,24,1,19,24,-1,-13,0,6,sil
8.374428510665894,-4,1,0,15,11,23,19,7,11,19,-6,-18,-7,5,sil
8.374428510665894,-19,-19,-23,-10,-3,8,10,3,0,17,-15,-31,-15,0,sil
8.374428510665894,-15,-18,-21,-16,-5,4,17,3,0,10,-24,-15,-18,0,sil
8.390116930007935,5,1,9,6,6,22,31,17,11,10,-18,6,-19,7,sil
8.390116930007935,10,1,8,9,4,22,27,16,13,4,-8,4,-11,13,sil
8.405726671218872,-4,-19,-17,-17,-11,-5,0,0,-4,-18,-16,-4,-7,1,sil
8.405726671218872,-13,-18,-19,-28,-12,-22,-15,0,-3,-18,-17,-4,-5,-10,sil
8.420691728591919,-8,-3,-7,-21,-5,-21,-12,11,15,3,-2,0,5,-6,sil
8.43629789352417,-4,-3,-15,-24,-14,-21,-10,10,12,6,-1,4,13,3,sil
8.43629789352417,4,-5,-12,-16,-13,-10,-6,0,-1,0,1,10,17,8,sil
8.452317714691162,21,3,11,-1,1,-6,-3,-1,-2,-4,22,18,29,8,sil
8.452317714691162,26,9,12,-8,2,-23,-18,-3,-7,-13,28,28,31,3,sil
8.452317714691162,22,8,-1,-15,-5,-32,-38,-14,-21,-25,23,29,18,-4,sil
8.46749210357666,21,14,11,6,-6,-22,-40,-22,-29,-31,21,15,3,-15,sil
8.482582330703735,6,24,29,30,2,-3,-18,-21,-26,-26,10,0,-9,-19,sil
8.482582330703735,-14,11,12,17,7,15,8,-13,-14,-6,-3,-11,-21,-14,sil
8.497741937637329,-18,-1,-8,-3,1,20,16,-1,3,6,-12,-21,-24,-9,sil
8.497741937637329,-11,5,5,9,6,18,18,8,13,4,-8,-14,-16,-3,sil
8.513336658477783,0,10,13,30,13,19,20,8,10,6,2,-4,0,8,sil
8.513336658477783,4,-1,0,15,2,11,7,0,0,11,1,-4,3,11,sil
8.528448104858398,-1,2,-1,4,0,10,0,-4,1,12,-8,-2,0,3,sil
8.528448104858398,-5,16,12,24,11,22,16,0,8,15,-5,0,4,6,sil
8.544542789459229,1,5,23,27,14,21,24,9,8,19,7,5,10,18,sil
8.544542789459229,13,-8,6,2,3,4,13,11,13,14,9,9,9,21,sil
8.560380697250366,14,-5,-9,-10,4,-4,3,7,16,0,-6,6,1,13,sil
8.560380697250366,-3,-8,-9,-9,8,-1,0,0,3,-8,-22,-6,-9,4,sil
8.575767755508423,-23,-25,-21,-18,0,2,1,-2,-4,-1,-21,-23,-17,-6,sil
8.575767755508423,-26,-29,-32,-27,-5,0,2,4,0,3,-21,-25,-17,-15,sil
8.591654777526855,-17,-16,-25,-20,-11,-12,-3,11,5,4,-18,-18,-3,-9,sil
8.591654777526855,-11,-12,-19,-25,-23,-24,-18,-1,-2,-4,-4,-8,6,-2,sil
8.606318712234497,-7,-12,-18,-32,-22,-23,-20,-10,-11,-15,4,6,3,-11,sil
8.606318712234497,1,0,-11,-14,-5,-13,-10,-1,-4,-2,12,15,4,-20,sil
8.62195873260498,12,10,5,2,0,-9,-14,2,-6,0,24,16,12,-11,sil
8.62195873260498,19,13,18,7,0,-11,-13,1,-10,-13,27,21,8,0,sil
8.637914419174194,25,19,25,15,7,-4,5,1,0,-3,22,29,0,6,sil
8.637914419174194,27,26,38,24,10,0,6,-6,1,8,19,26,1,12,sil
8.652698040008545,14,16,33,25,2,3,-1,-12,-3,3,16,10,5,9,sil
8.652698040008545,-9,-1,9,6,0,12,6,0,3,7,5,-6,0,0,sil
8.668396472930908,-19,-8,-6,1,7,21,15,6,19,17,-11,-18,-9,-3,sil
8.668396472930908,-13,-1,-3,15,3,19,15,0,21,13,-21,-20,-10,1,sil
8.683835983276367,-10,-5,-1,9,-10,8,14,3,11,16,-21,-11,-1,11,sil
8.683835983276367,-4,-11,-9,-7,-5,-4,4,6,5,20,-13,-3,1,12,sil
8.69945240020752,5,-3,-13,-15,0,-12,-12,-2,3,-8,-4,0,-2,2,sil
8.69945240020752,8,-4,-14,-21,-8,-16,-23,-8,-13,-42,-4,1,-3,-10,sil
8.715450286865234,3,-3,-10,-14,-4,-17,-30,-12,-36,-41,-5,2,2,-17,sil
8.715450286865234,9,13,3,0,8,-13,-31,-20,-39,-31,3,5,3,-16,sil
8.730968952178955,16,23,9,4,5,-3,-15,-15,-26,-26,8,0,-4,-7,sil
8.730968952178955,-2,13,3,10,1,8,4,0,-13,-12,1,-9,-11,-4,sil
8.74702262878418,-26,1,-4,13,6,21,16,11,0,5,-5,-22,-11,-12,sil
8.74702262878418,-20,-1,-5,13,6,31,32,10,9,18,-6,-23,-8,-8,sil
8.763146877288818,-9,-2,5,15,9,31,43,10,12,18,-3,-8,-7,9,sil
8.763146877288818,-13,-7,-2,5,6,19,33,8,12,15,-5,-4,-3,15,sil
8.778578281402588,-6,-11,-13,-10,-3,7,16,9,13,18,-6,-5,5,11,sil
8.778578281402588,10,-9,-1,-4,-4,0,16,17,21,22,2,8,19,24,sil
8.793705701828003,16,-6,0,0,0,-13,6,16,30,18,8,18,29,33,sil
8.793705701828003,10,-11,-12,-23,-6,-25,-19,4,21,9,2,17,25,12,sil
8.809820652008057,0,-16,-17,-37,-15,-28,-29,0,0,2,2,12,18,-11,sil
8.809820652008057,-3,-13,-6,-27,-14,-27,-25,-3,-10,-7,10,8,14,-8,sil
8.827929019927979,5,-1,8,-10,-8,-21,-30,-12,-3,-8,14,14,15,0,sil
8.827929019927979,10,13,17,2,-2,-7,-28,-11,3,1,15,16,10,-6,sil
8.840800762176514,3,19,23,8,9,0,-11,0,-1,-1,12,6,-7,-12,sil
8.840800762176514,9,22,25,22,21,1,3,2,0,-5,7,4,-20,-5,sil
8.856666326522827,18,30,28,37,22,14,8,-7,6,0,8,18,-15,2,sil
8.856666326522827,11,24,26,37,13,25,10,-8,0,-1,9,12,-15,0,sil
8.872196197509766,0,5,10,26,2,21,17,-4,-10,-4,0,-13,-22,-8,sil
8.872196197509766,-6,-2,0,4,1,17,21,-5,-14,-5,-15,-20,-21,-7,sil
8.887753248214722,-10,-8,-11,-8,0,18,19,-2,-13,-7,-28,-25,-17,-4,sil
8.887753248214722,-19,-20,-26,-1,-7,8,11,-7,-10,-2,-30,-35,-19,-10,sil
8.903621912002563,-21,-21,-23,-1,-14,-4,3,-8,-2,6,-15,-19,-9,0,sil
8.904620885848999,-2,-9,-15,-10,-10,-3,5,8,11,10,3,7,15,18,sil
8.919038534164429,6,-14,-13,-18,-5,-1,4,20,17,7,8,11,22,20,sil
8.919038534164429,-5,-25,-18,-25,-8,-16,-6,7,9,1,-1,1,6,5,sil
8.93456768989563,-3,-10,-20,-26,-15,-28,-24,-8,-8,-11,-7,0,2,-11,sil
8.93456768989563,5,2,-7,-16,-19,-27,-39,-12,-27,-27,-3,0,3,-23,sil
8.950542211532593,-6,2,1,0,-11,-21,-36,-8,-29,-25,-3,-6,-8,-22,sil
8.950542211532593,-24,2,-1,8,3,-3,-15,-3,-19,-12,-11,-14,-20,-17,sil
8.965659141540527,-22,-4,-12,3,8,13,6,2,-7,-2,-17,-17,-16,-11,sil
8.965659141540527,-14,-11,-11,-5,3,12,15,12,10,8,-16,-11,-1,3,sil
8.981103897094727,-1,-4,-1,-8,2,0,6,13,23,9,-6,1,17,18,sil
8.981103897094727,15,2,0,-11,-4,-16,-8,-1,8,-8,0,0,20,3,sil
8.996243000030518,15,5,4,-13,-6,-18,-19,-14,-18,-18,6,-1,2,-17,sil
9.011452674865724,8,23,25,6,13,10,0,-1,-15,0,24,13,1,0,sil
9.011452674865724,21,32,42,33,30,40,41,19,19,31,39,31,21,36,sil
9.027123928070068,24,11,25,21,11,21,37,20,33,36,25,24,21,35,sil
9.027123928070068,10,-5,0,-10,-17,-20,-12,-1,4,-1,2,10,3,5,sil
9.042890787124634,21,8,13,-2,-12,-27,-24,-15,-16,-37,8,19,2,-2,sil
9.042890787124634,45,34,40,35,17,4,10,-3,-3,-12,32,35,13,8,sil
9.057961702346802,24,36,32,45,29,36,28,0,10,28,35,21,9,13,sil
9.057961702346802,-12,12,7,24,21,42,24,-3,12,33,11,-3,-1,5,sil
9.073886156082152,-8,-5,-3,16,19,36,34,8,22,32,-5,-8,-1,4,sil
9.073886156082152,8,0,2,23,24,35,46,19,37,39,-1,0,9,17,sil
9.08899974822998,-3,5,0,17,20,20,38,15,35,37,-4,-4,10,23,sil
9.08899974822998,-17,-14,-16,-6,0,-3,14,9,24,27,-21,-17,0,8,sil
9.105313539505005,-13,-29,-25,-20,-12,-10,-5,5,15,10,-18,-17,-6,-1,sil
9.105313539505005,-15,-22,-25,-20,-12,-11,-13,1,9,-5,-9,-11,-6,-3,sil
9.119746208190918,-20,-24,-35,-41,-14,-25,-22,0,0,-22,-15,-12,-8,-11,sil
9.119746208190918,-21,-38,-45,-63,-27,-39,-41,-10,-17,-45,-23,-16,-11,-25,sil
9.135814428329468,-26,-28,-41,-44,-40,-44,-58,-24,-38,-53,-23,-18,-15,-35,sil
9.135814428329468,-27,-7,-18,-20,-37,-43,-62,-27,-51,-41,-15,-9,-22,-39,sil
9.15130090713501,-27,-14,-14,-26,-34,-42,-66,-31,-63,-47,-19,-25,-39,-56,sil
9.15130090713501,-51,-39,-32,-42,-48,-47,-73,-48,-93,-82,-54,-58,-74,-78,sil
9.166438102722168,-56,-31,-12,-21,-44,-31,-47,-42,-90,-73,-56,-42,-70,-55,sil
9.166438102722168,0,10,33,32,1,14,5,-1,-21,-3,7,12,-8,6,sil
9.182158946990969,39,28,40,44,32,41,30,25,25,41,36,29,21,37,sil
9.182158946990969,25,6,9,11,20,32,39,18,27,30,2,5,5,27,sil
9.197762250900269,19,4,7,5,8,22,54,20,40,21,-1,9,17,33,sil
9.197762250900269,39,28,28,26,20,22,50,43,59,38,30,40,54,55,sil
9.213420152664185,47,34,26,33,30,17,30,41,53,52,49,48,69,50,sil
9.213420152664185,35,20,14,15,24,9,18,19,34,39,45,37,61,28,sil
9.228623390197754,26,16,6,-4,14,0,10,17,32,25,31,26,45,13,sil
9.228623390197754,24,24,8,-7,15,-7,-2,15,34,15,17,18,27,8,sil
9.243781089782717,23,28,21,6,13,-8,-16,-10,-1,-10,9,10,8,7,sil
9.243781089782717,19,28,25,23,6,3,-10,-34,-40,-19,13,5,0,4,sil
9.25982117652893,11,31,26,30,14,14,5,-26,-28,0,25,14,2,7,sil
9.25982117652893,6,22,23,34,19,14,17,-4,0,11,24,15,0,11,sil
9.275550365447998,-4,0,2,26,9,20,24,-3,5,9,3,-9,-13,0,sil
9.275550365447998,-28,-9,-12,6,12,33,25,-7,4,11,-14,-36,-27,-25,sil
9.290576457977297,-40,-13,-22,-1,10,24,23,3,3,4,-28,-42,-37,-36,sil
9.290576457977297,-32,-25,-27,-6,-11,0,12,11,-2,-12,-36,-29,-36,-20,sil
9.30653953552246,-18,-25,-18,-10,-18,-9,-1,5,-1,-19,-29,-15,-27,-1,sil
9.30653953552246,-10,-16,-8,-6,-9,-5,-3,0,2,-12,-17,-7,-19,0,sil
9.322320938110352,-15,-25,-12,-15,-14,-3,0,0,5,2,-16,-2,-15,0,sil
9.322320938110352,-23,-39,-29,-35,-24,-4,-7,0,9,22,-20,-9,-8,0,sil
9.337387323379517,-18,-31,-32,-40,-17,-11,-19,-2,7,20,-19,-16,0,-5,sil
9.337387323379517,-1,-13,-14,-19,-5,-16,-20,0,6,7,-3,-5,11,0,sil
9.353464603424072,1,-9,-4,-6,-7,-12,-20,0,0,0,4,6,15,5,sil
9.353464603424072,-5,-22,-16,-26,-23,-14,-25,-8,-21,-24,-10,4,1,-8,sil
9.36875343322754,-6,-28,-25,-44,-31,-29,-30,-5,-34,-54,-22,-2,-6,-27,sil
9.36875343322754,-1,-7,-6,-28,-21,-34,-33,2,-26,-54,-8,2,0,-19,sil
9.38487696647644,8,16,13,-4,-2,-16,-15,13,-4,-25,16,15,15,6,sil
9.38487696647644,19,24,20,5,11,0,3,21,14,0,32,22,31,18,sil
9.400493144989014,12,20,23,8,13,-5,-7,1,2,4,22,15,21,1,sil
9.400493144989014,4,24,26,21,6,-7,-16,-25,-16,0,4,0,-3,-12,sil
9.416576385498049,20,37,33,30,12,3,0,-26,-18,1,10,0,-8,-1,sil
9.416576385498049,23,34,30,28,23,7,9,-17,-15,13,20,6,-3,5,sil
9.43213415145874,-3,19,10,28,12,8,9,-14,-11,20,12,-5,-6,0,sil
9.43213415145874,-13,10,8,31,3,21,18,-6,-2,16,5,-11,-2,2,sil
9.447749376296995,11,9,18,33,16,31,31,11,16,15,6,-2,9,16,sil
9.447749376296995,24,10,12,28,21,28,32,26,33,17,0,1,11,23,sil
9.46281361579895,7,-1,-8,11,7,28,24,23,21,5,-14,-3,-3,18,sil
9.46281361579895,-14,-24,-32,-8,0,26,19,7,3,-3,-30,-12,-17,7,sil
9.47876262664795,-23,-36,-43,-30,-7,5,13,4,11,7,-26,-9,-13,0,sil
9.47876262664795,-14,-29,-37,-40,-16,-14,4,10,22,19,-14,-1,-1,-3,sil
9.494838237762451,0,-12,-17,-29,-12,-16,-4,4,13,11,-9,8,8,-6,sil
9.494838237762451,18,5,6,-2,-2,-17,-10,0,7,0,9,25,17,-1,sil
9.510345458984377,24,16,14,10,-3,-24,-13,1,11,0,39,29,21,0,sil
9.510345458984377,13,7,6,0,-4,-22,-19,-4,0,-1,37,12,14,-6,sil
9.52574110031128,3,0,2,-7,0,-16,-25,-13,-24,-18,15,3,0,-10,sil
9.52574110031128,0,10,15,8,0,-11,-24,-17,-32,-28,9,12,-6,0,sil
9.54122233390808,-3,22,28,19,2,-1,-14,-13,-23,-18,13,13,-3,11,sil
9.54122233390808,-1,22,22,18,9,3,-4,-6,-17,-5,3,0,-4,2,sil
9.5567889213562,-5,11,10,11,13,7,2,0,-9,1,-11,-12,-9,-9,sil
9.5567889213562,-20,-10,-7,-2,5,16,10,4,11,8,-16,-22,-11,-14,sil
9.572412014007568,-34,-24,-23,-10,-7,17,8,1,12,3,-19,-29,-17,-16,sil
9.572412014007568,-34,-16,-14,-5,-8,13,2,-3,-11,-2,-29,-26,-27,-18,sil
9.588545560836792,-20,-6,0,-1,0,16,11,-3,-13,5,-29,-20,-18,-8,sil
9.588545560836792,-4,-5,3,-3,0,15,18,3,4,8,-10,-8,-3,3,sil
9.604724168777466,4,-11,-7,-5,-7,2,11,10,10,0,-2,-6,-2,3,sil
9.604724168777466,-2,-27,-25,-18,-9,0,8,8,8,0,-18,-19,-13,-1,sil
9.619743824005129,-13,-32,-28,-27,-4,6,19,6,11,10,-23,-25,-11,-1,sil
9.619743824005129,-3,-19,-22,-18,-8,4,22,7,18,16,-6,-13,8,8,sil
9.634532928466797,16,-10,-14,-16,-8,-7,5,6,15,7,3,7,25,23,sil
9.634532928466797,24,-1,1,-14,0,-13,-7,7,13,0,6,19,28,23,sil
9.650363445281982,20,12,7,0,3,-15,-11,7,15,0,10,16,19,8,sil
9.665521621704102,15,16,2,4,-1,-19,-19,2,4,-3,9,13,8,0,sil
9.66598415374756,21,17,7,0,-3,-18,-15,3,-5,-5,14,23,13,4,sil
9.681400537490845,30,23,25,7,3,-11,-7,3,-6,-8,27,37,27,11,sil
9.681400537490845,27,19,24,15,9,-10,-14,-1,-4,-10,34,36,24,7,sil
9.696771621704102,16,17,16,16,7,-12,-24,-7,0,-3,38,28,17,1,sil
9.696771621704102,10,26,29,20,9,-4,-17,-10,2,-2,32,27,15,0,sil
9.712298154830933,3,25,29,26,10,2,-10,-20,-15,-12,11,14,2,-10,hello
9.712298154830933,-9,11,10,17,0,-3,-16,-27,-37,-24,-3,-5,-20,-23,hello
9.727443933486938,-16,3,1,10,-3,-4,-17,-19,-34,-29,-9,-19,-28,-26,hello
9.727443933486938,-19,4,2,19,4,9,0,-10,-23,-17,-12,-22,-25,-17,hello
9.743527173995972,-22,0,0,15,6,19,17,-8,-22,0,-6,-15,-24,-6,hello
9.743527173995972,-21,-15,-14,0,-4,15,21,-4,-19,7,-13,-20,-24,-8,hello
9.759445190429688,-17,-20,-10,0,-7,12,14,6,-6,12,-27,-20,-21,-8,hello
9.759445190429688,-6,-3,7,5,0,20,19,21,18,26,-14,-6,-6,15,hello
9.774975776672363,2,-3,-6,-1,0,24,26,22,39,28,-7,-9,1,25,hello
9.774975776672363,-6,-25,-28,-22,-7,14,14,12,24,22,-27,-25,-11,5,hello
9.790606498718262,-15,-22,-18,-16,0,9,14,6,10,33,-26,-20,-11,5,hello
9.790606498718262,-7,-3,-3,0,15,12,23,7,21,32,-3,0,7,22,hello
9.806301593780518,1,-1,-5,-7,12,8,14,12,25,2,0,6,10,14,hello
9.806301593780518,3,-2,-17,-16,-4,-4,4,12,20,-6,0,5,8,0,hello
9.821386098861694,-2,-9,-19,-20,-7,-18,-2,2,13,2,3,2,13,0,hello
9.821386098861694,-3,-20,-18,-24,-7,-26,-19,-5,-2,-4,1,0,12,-5,hello
9.836574792861938,4,-12,-20,-19,-14,-24,-24,-4,-7,-9,6,3,10,-11,hello
9.836574792861938,3,-2,-17,-23,-17,-19,-15,-1,-5,-11,9,4,6,-9,hello
9.852670431137083,-5,-3,-11,-28,-10,-17,-16,-5,-13,-23,0,3,2,-11,hello
9.852670431137083,3,7,5,-9,-3,-13,-19,-5,-15,-28,5,13,13,-7,hello
9.86849045753479,18,16,18,5,0,-9,-14,2,-2,-18,23,19,16,1,hello
9.86849045753479,14,11,11,4,4,-6,-9,-2,0,-10,19,3,0,-5,hello
9.883612871170044,11,13,16,14,13,0,-4,-8,-5,-6,8,-1,-2,-9,hello
9.883612871170044,18,24,36,25,13,5,2,3,0,-5,15,7,7,6,hello
9.89928698539734,16,17,32,22,8,9,3,3,0,-4,22,9,5,10,hello
9.89928698539734,8,0,15,26,5,12,5,-9,-12,7,9,6,-2,0,hello
9.914967775344849,0,4,22,30,9,18,7,-9,-15,14,-6,6,-11,-1,hello
9.914967775344849,-8,11,22,18,9,18,6,-10,-9,-1,-15,-6,-23,-6,hello
9.930585622787476,-13,-3,1,5,0,10,11,-14,-7,-9,-24,-19,-29,-9,hello
9.930585622787476,-12,-12,2,5,-3,9,19,-4,-5,0,-31,-10,-22,0,hello
9.946293830871582,-7,-3,6,9,-2,9,19,3,1,11,-23,-7,-8,9,hello
9.946293830871582,-5,-5,-9,0,-6,5,9,3,5,11,-10,-11,-2,9,hello
9.961825609207152,-11,-16,-23,-16,-8,-1,0,5,2,2,-11,-12,-8,3,hello
9.961825609207152,-13,-9,-27,-10,-4,-2,-3,8,9,0,-13,-14,-7,0,hello
9.977352380752563,-9,0,-22,-9,-1,2,-2,9,18,12,0,0,13,5,hello
9.977352380752563,-1,-14,-19,-34,-6,0,-3,11,11,15,10,12,26,12,hello
9.99337649345398,5,-18,-24,-40,-12,-14,-13,6,0,-3,3,4,15,5,hello
9.99337649345398,11,0,-14,-4,-3,-23,-24,2,1,-13,8,11,12,0,hello
10.00937032699585,13,12,1,23,10,-25,-23,0,3,0,28,28,23,0,hello
10.00937032699585,6,12,11,17,8,-21,-17,-4,-5,4,29,22,17,-1,hello
10.024415969848633,5,21,18,10,5,0,-5,-2,-10,1,20,10,3,-2,hello
10.024415969848633,17,33,21,22,19,20,17,3,5,9,21,7,5,5,hello
10.040297508239746,14,32,28,29,26,22,27,0,14,10,14,3,2,12,hello
10.040297508239746,-4,16,19,25,10,15,17,-5,0,6,-4,-9,-14,0,hello
10.060385465621948,-13,-8,-5,7,-7,14,14,0,-4,10,-17,-23,-23,-10,hello
10.06146788597107,-9,-27,-19,-20,-14,6,13,9,17,17,-19,-16,-8,2,hello
10.06146788597107,-1,-27,-15,-32,-19,-11,-2,7,23,10,-9,2,8,6,hello
10.070570945739746,3,-17,-8,-26,-18,-23,-19,-5,-7,-9,0,4,5,-11,hello
10.086323022842407,0,-10,-14,-25,-14,-16,-18,-16,-25,-27,-2,-9,-5,-22,hello
10.086323022842407,-9,-7,-16,-25,-11,-7,-18,-19,-26,-40,-3,-11,-7,-20,hello
10.10146427154541,-15,-5,-2,-7,-2,-1,-13,-12,-27,-39,-1,-5,-6,-14,sil
10.10146427154541,-11,-10,6,7,6,13,12,-1,-7,-6,-13,-9,-7,-3,sil
10.116615772247314,-7,-12,1,6,4,26,28,6,14,22,-19,-8,-5,11,sil
10.116615772247314,0,-5,-6,2,1,12,18,18,15,22,-9,3,1,22,sil
10.131789684295654,13,0,-6,-1,4,-11,2,21,17,16,2,12,18,22,sil
10.131789684295654,17,0,-2,-13,0,-23,-11,11,20,4,11,13,20,4,sil
10.147520303726196,2,1,-4,-19,-6,-17,-25,-2,1,-18,11,7,-1,-14,sil
10.163532733917236,-5,12,8,-4,1,-5,-21,-13,-25,-26,11,3,-15,-15,sil
10.163532733917236,4,25,26,23,11,3,-1,-13,-27,-16,7,-1,-12,-10,sil
10.163532733917236,4,31,23,36,14,10,6,-11,-17,-21,-14,-13,-25,-14,sil
10.179152965545654,-4,27,24,34,16,16,7,-10,-18,-20,-24,-16,-33,-11,sil
10.179152965545654,-4,14,21,34,15,24,18,-6,-15,7,-4,-14,-12,0,sil
10.194587230682371,-15,-12,-6,3,0,19,16,-3,-7,14,-6,-19,-4,1,sil
10.194587230682371,-28,-31,-29,-31,-17,0,1,0,1,6,-26,-21,-11,-2,sil
10.210566520690918,-15,-19,-16,-14,-11,-10,0,9,22,19,-13,-4,4,4,sil
10.225576877593994,2,-11,2,9,3,2,0,19,32,27,9,13,22,17,sil
10.225576877593994,14,-11,0,8,0,8,0,14,28,29,15,23,26,26,sil
10.225576877593994,26,0,3,3,-2,0,12,12,27,45,18,35,32,29,sil
10.24070954322815,22,0,4,2,1,-8,13,14,27,37,22,30,27,19,sil
10.255985021591188,15,0,0,0,-1,-10,-7,4,14,6,25,19,17,8,sil
10.255985021591188,25,14,6,0,2,-6,-20,-3,-3,-7,24,25,22,8,sil
10.27135944366455,18,13,4,-3,4,-8,-16,-3,-10,-9,17,21,18,1,sil
10.27135944366455,-1,-6,-11,-18,-6,-19,-13,-5,-6,-17,7,-1,3,-9,sil
10.28667426109314,0,-4,-13,-16,-4,-17,-8,-2,-3,-16,2,-7,1,-7,sil
10.28667426109314,4,12,-4,-2,0,-10,-7,0,-6,-13,0,0,0,-5,sil
10.302791118621826,-9,7,-3,-4,-12,-8,-9,-3,-13,-21,-7,-7,-17,-13,sil
10.302791118621826,-12,-8,-8,-14,-12,1,-1,0,-7,-16,-11,-22,-21,-14,sil
10.318363428115845,-8,-8,-7,-19,-3,6,5,0,0,-10,-12,-16,-14,-9,sil
10.318363428115845,-15,-2,-4,-15,-10,-4,1,-11,-15,-28,-17,-6,-17,-15,sil
10.334459066390991,-21,0,-2,-2,-9,-1,0,-17,-34,-36,-15,-10,-19,-15,sil
10.334459066390991,-17,13,7,7,6,16,9,-6,-17,-15,0,-12,-10,-1,sil
10.349704265594482,-7,24,10,16,14,23,20,0,4,2,0,-12,-11,-4,sil
10.349704265594482,-9,11,5,24,10,15,13,-4,-2,3,-16,-14,-19,-17,sil
10.364835262298584,-10,0,7,27,11,12,1,-3,-2,14,-13,-11,-9,-7,sil
10.364835262298584,4,3,10,25,15,17,4,-1,9,28,4,-6,5,10,sil
10.380552291870115,9,2,11,16,14,17,4,-4,0,27,8,1,7,14,sil
10.380552291870115,2,-6,4,10,3,7,0,4,-4,22,4,10,4,13,sil
10.396310329437256,5,-14,-2,3,-5,-2,-3,10,10,13,4,2,4,10,sil
10.396310329437256,2,-22,-13,-9,-5,-9,-6,3,9,4,-5,-13,0,0,sil
10.41196322441101,-9,-28,-26,-24,-4,-13,-1,3,4,6,-21,-13,-2,0,sil
10.41196322441101,-2,-26,-21,-29,-7,-5,0,14,16,5,-12,2,7,7,sil
10.427683591842651,12,-18,-4,-19,-6,-4,-3,17,24,0,12,10,12,8,sil
10.427683591842651,11,-5,4,-6,-3,-20,-6,11,11,2,19,12,11,3,sil
10.442846536636353,5,2,4,-5,-6,-27,-8,2,-2,-2,7,15,15,3,sil
10.442846536636353,9,6,0,-3,-6,-13,-8,-5,-9,-26,3,20,14,2,sil
10.458817720413208,15,14,8,0,4,-4,-3,-5,-8,-31,18,31,7,0,sil
10.458817720413208,10,16,19,0,10,-3,0,-3,0,-3,21,22,3,-7,sil
10.474643468856812,-11,7,12,3,6,8,5,-11,0,8,-3,-12,-10,-16,sil
10.474643468856812,-32,3,1,10,2,26,15,-12,-11,-1,-22,-30,-33,-16,sil
10.490335702896118,-20,3,-4,7,-6,22,21,-2,-1,1,-20,-19,-25,-4,sil
10.490335702896118,4,0,0,-14,-12,-1,7,3,10,4,-20,1,2,7,sil
10.505448818206789,20,6,7,-16,-7,-13,-9,10,7,-1,-12,20,0,23,sil
10.505448818206789,20,14,3,3,-8,-8,-16,9,7,0,9,19,-12,31,sil
10.52081036567688,15,3,-5,-1,-9,-7,-15,0,8,-3,20,2,16,1,sil
10.52081036567688,13,9,-4,-8,1,-8,-10,-5,-4,-14,18,-2,38,-26,sil
10.53671932220459,8,35,15,24,11,0,-10,-7,-25,-6,15,6,14,-10,sil
10.53671932220459,-1,27,19,46,13,13,-5,-9,-25,8,8,0,0,4,sil
10.55232834815979,-10,1,-2,28,17,22,13,-4,-6,16,1,-13,1,0,sil
10.55232834815979,-12,-1,-8,16,18,25,25,2,2,19,-6,-11,-9,4,sil
10.567634105682371,-14,-9,-9,13,10,19,13,2,6,22,-13,-14,-10,8,sil
10.567634105682371,-19,-30,-20,-12,1,3,0,1,12,9,-11,-17,4,-8,sil
10.583311557769775,-13,-26,-22,-32,-8,-10,-5,0,6,-9,-2,-6,12,-11,sil
10.583311557769775,3,-10,-15,-24,-14,-18,-7,-1,0,-11,4,6,13,0,sil
10.598486185073853,11,-8,-8,-18,-9,-21,-8,0,-3,-9,14,16,10,1,sil
10.598486185073853,3,0,2,-11,-4,-20,-5,1,-13,-19,20,16,6,1,sil
10.613763809204102,-8,4,11,0,-3,-4,-2,-9,-18,-22,8,0,-6,-1,sil
10.613763809204102,-16,-8,5,0,-2,6,2,-13,-16,-14,-9,-15,-31,-13,sil
10.628903865814207,-14,-11,-1,4,-3,0,4,-7,-17,-9,-16,-16,-35,-18,sil
10.628903865814207,-5,0,5,10,0,3,3,0,-8,-1,-22,-11,-23,-1,sil
10.6446373462677,1,-1,8,7,8,23,17,12,21,16,-22,-7,-17,13,sil
10.6446373462677,7,-5,6,2,10,23,30,22,45,31,-1,-2,-7,15,sil
10.659852743148804,5,-8,-1,2,-3,4,15,21,38,28,1,-7,0,4,sil
10.659852743148804,-6,-22,-20,-13,-19,-6,-9,6,15,9,-23,-16,-2,-4,sil
10.675549745559692,-9,-26,-19,-35,-20,-15,-18,-3,4,-1,-21,-5,1,0,sil
10.675549745559692,11,-1,0,-21,-9,-21,-11,2,11,5,15,15,25,12,sil
10.691141366958618,21,20,7,0,1,-17,-9,8,15,4,27,34,38,14,sil
10.691141366958618,18,21,5,-3,4,-9,-17,-3,1,-5,14,31,27,6,sil
10.70723557472229,24,26,11,0,4,-5,-22,-15,-13,-5,14,15,11,1,sil
10.70723557472229,19,36,26,20,11,-3,-20,-16,-23,-12,16,15,1,-5,sil
10.72278642654419,0,29,19,19,9,-5,-17,-15,-26,-30,6,16,-6,-17,sil
10.72278642654419,-4,16,7,15,9,0,-4,-9,-20,-23,5,8,-6,-14,sil
10.7385356426239,0,14,13,19,21,18,13,3,-13,-3,8,4,0,0,sil
10.7385356426239,-5,9,8,17,17,29,25,0,-14,-1,-2,-10,-8,0,sil
10.754639625549316,-12,-2,-1,14,4,24,26,-6,-17,0,-10,-28,-16,-10,sil
10.754639625549316,-7,-12,-1,10,0,17,25,5,-6,10,-6,-18,-9,0,sil
10.770626306533812,-5,-17,-6,-5,-3,10,20,8,12,18,-8,-7,-2,14,sil
10.770626306533812,-10,-19,-12,-15,-12,0,8,2,20,25,-7,-13,-2,11,sil
10.786772966384888,-9,-14,-13,-5,-4,-4,0,7,18,27,-1,-14,0,1,sil
10.786772966384888,-6,-11,-9,-5,1,-1,-2,3,8,4,-5,-3,1,1,sil
10.802897214889526,-7,-16,-16,-15,-10,-8,-4,-2,-1,-13,-16,-3,-2,0,sil
10.802897214889526,-13,-17,-24,-18,-23,-13,-8,2,-4,-6,-16,-7,-2,-6,sil
10.818647384643556,-11,-7,-15,-15,-16,-13,-14,5,0,0,-5,-2,3,-11,sil
10.818647384643556,0,-2,-5,-3,-3,-25,-17,0,7,0,4,2,13,-8,sil
10.833755254745483,14,0,0,3,0,-29,-18,0,7,0,19,12,22,0,sil
10.833755254745483,25,11,5,1,0,-10,-13,2,1,-5,26,22,22,5,sil
10.849828958511353,20,15,4,-1,0,-1,-9,-5,-9,-22,10,18,9,-1,sil
10.849828958511353,11,1,5,-5,2,-3,-11,-11,-15,-29,-2,3,-5,-3,sil
10.864870071411133,13,0,17,1,5,6,-4,-4,-10,-19,0,0,-18,-1,sil
10.864870071411133,7,19,26,23,4,10,1,-6,-18,-25,-6,0,-31,-13,sil
10.880947351455688,-10,17,13,23,2,4,10,-11,-27,-24,-12,-8,-25,-18,sil
10.880947351455688,-19,-3,1,-4,7,20,35,2,2,26,1,-9,1,6,sil
10.896092176437378,-10,-9,10,-6,12,44,51,20,39,56,5,0,8,27,sil
10.896092176437378,-9,3,4,25,5,37,37,14,36,27,-7,-2,-4,14,sil
10.911759614944458,-17,4,-8,29,1,7,13,8,17,20,-2,-10,-3,6,sil
10.911759614944458,-9,-9,-9,1,4,-1,0,9,18,43,6,-5,6,16,sil
10.926635265350342,-1,-20,-18,-19,-1,0,-8,1,19,27,-2,-4,8,16,sil
10.942708492279053,0,-18,-23,-23,-9,-13,-20,1,5,-6,-10,0,3,11,sil
10.942708492279053,14,-2,-5,-6,-4,-26,-18,8,8,-5,0,7,1,10,sil
10.942708492279053,22,6,7,-2,1,-11,-10,0,13,-2,5,9,2,-2,sil
10.957784175872805,7,-2,-4,-28,0,-6,-12,-8,-7,-14,3,4,9,-15,sil
10.97338342666626,0,-8,-18,-36,-3,-19,-21,-8,-23,-24,6,4,10,-11,sil
10.97338342666626,3,0,-7,-16,-1,-19,-26,-6,-19,-26,8,11,7,-7,sil
10.989431381225586,5,4,3,-1,-1,-15,-26,-13,-22,-15,10,7,11,-12,sil
10.989431381225586,6,8,8,0,-6,-16,-22,-21,-33,-10,10,3,9,-13,sil
11.004693269729614,5,16,10,0,-7,-3,-14,-14,-30,-18,9,5,0,-10,sil
11.004693269729614,0,16,13,12,1,11,0,-1,-20,-14,6,2,-1,-8,sil
11.020304441452026,0,15,27,26,10,9,13,-3,-22,-11,-6,-2,-12,-9,sil
11.020304441452026,0,18,28,23,8,5,19,-5,-18,-16,-22,-10,-34,-11,sil
11.035316228866575,-3,12,13,17,6,14,18,3,2,-7,-24,-18,-31,-11,sil
11.035316228866575,-10,3,6,19,7,16,21,10,14,0,-17,-18,-11,-9,sil
11.050766706466677,-16,-5,-3,18,-2,12,21,4,11,0,-13,-15,-4,-2,sil
11.050766706466677,-18,-24,-14,1,-16,12,13,5,12,8,-13,-14,-8,5,sil
11.066894054412842,-13,-31,-16,-4,-10,18,23,15,25,24,-5,-7,0,13,sil
11.066894054412842,-4,-11,-12,8,6,21,35,15,38,38,7,6,14,23,sil
11.082865953445436,1,-5,-8,12,5,12,19,15,40,44,5,13,20,29,sil
11.082865953445436,1,-15,-9,-2,-5,-4,0,15,31,34,3,12,20,23,sil
11.09839391708374,11,-3,0,-5,-2,-15,-12,0,9,8,13,20,18,11,sil
11.09839391708374,26,15,6,5,0,-17,-19,-12,-9,-14,14,26,7,0,sil
11.114487648010254,21,12,0,1,1,-10,-9,0,-5,-16,9,18,-1,-4,sil
11.114487648010254,2,0,-6,-12,2,-7,-5,4,0,-10,10,8,0,-4,sil
11.129595756530762,-7,0,-10,-20,-5,-21,-31,-12,-11,-16,4,-5,0,-8,sil
11.129595756530762,-3,5,-7,-14,-7,-25,-44,-20,-26,-20,1,-10,-3,-16,sil
11.145113468170166,0,6,-1,-3,5,-9,-21,-7,-23,-5,12,-3,0,-13,sil
11.145113468170166,-3,-1,0,-20,4,0,-2,-2,-8,1,11,-3,4,-3,sil
11.160654067993164,0,-8,6,-40,0,2,0,-3,0,1,4,-10,4,8,sil
11.160654067993164,5,0,12,-9,6,14,7,0,-1,8,7,-11,5,17,sil
11.17591905593872,-7,0,3,12,3,16,17,0,-8,2,-5,-16,-10,8,sil
11.17591905593872,-17,-13,-6,-9,-6,4,18,-2,-7,-7,-29,-23,-27,0,sil
11.191582679748535,-1,-14,-12,-18,-3,-2,8,3,1,1,-19,-6,-2,7,sil
11.191582679748535,8,5,-9,-4,0,-6,-7,7,1,4,9,13,21,3,sil
11.207331895828249,0,22,0,10,3,-2,-5,0,-8,-12,10,3,7,-18,sil
11.207331895828249,-17,17,10,24,7,11,11,-4,-11,-11,-15,-13,-16,-29,sil
11.223390102386476,-20,0,-1,20,2,19,22,4,0,4,-29,-15,-23,-16,sil
11.223390102386476,-5,-16,-17,1,-5,14,21,18,20,14,-21,-7,-12,3,sil
11.23849630355835,7,-21,-1,-3,-2,4,15,22,33,22,-4,9,16,13,sil
11.23849630355835,14,-2,11,2,1,-7,0,10,28,15,4,23,32,9,sil
11.25453281402588,25,20,14,10,1,-14,-20,-5,8,-17,11,28,14,7,sil
11.25453281402588,29,17,24,19,0,-8,-22,-13,-5,-31,21,32,2,9,sil
11.270325660705566,11,7,16,22,2,-8,-17,-16,-10,-11,17,17,1,-5,sil
11.270325660705566,-8,8,-1,10,0,-12,-23,-20,-24,-17,1,-3,-14,-28,sil
11.285810232162476,-14,2,-5,0,-7,-3,-15,-15,-28,-29,0,-8,-23,-28,sil
11.285810232162476,-13,-3,0,0,-5,4,5,-2,-15,-12,1,-1,-16,-11,sil
11.30076003074646,-12,0,-3,0,-3,0,6,4,-4,0,-2,-5,-12,-2,sil
11.30076003074646,-7,3,0,4,-3,0,4,6,10,13,0,-9,-5,4,sil
11.316391706466677,0,6,16,16,5,9,15,6,17,31,9,-2,3,22,sil
11.316391706466677,1,2,13,17,12,15,20,0,3,24,1,-4,0,27,sil
11.331438541412354,1,-5,-2,6,0,15,14,-1,3,13,-2,-9,2,19,sil
11.331438541412354,4,-5,-1,-4,-1,16,17,5,19,22,1,-1,8,16,sil
11.347540855407717,3,-13,-4,-17,0,7,10,-2,0,8,-18,-5,-6,6,sil
11.347540855407717,-4,-29,-17,-32,-13,-8,-16,-15,-29,-19,-41,-20,-20,-5,sil
11.362686157226562,-1,-27,-17,-31,-18,-18,-16,3,-9,-4,-14,-9,2,-2,sil
11.362686157226562,15,-9,-3,-16,-3,-11,3,21,21,19,21,19,32,9,sil
11.378294706344604,22,2,0,-11,3,-6,-5,10,13,9,19,25,31,10,sil
11.378294706344604,9,3,-10,-14,0,-13,-24,5,0,0,12,11,25,0,sil
11.393316507339478,-2,5,-9,-12,1,-10,-14,7,-2,-5,19,5,23,-8,sil
11.393316507339478,-7,16,-4,-3,8,2,6,-2,-6,-15,12,0,9,-9,sil
11.408514976501465,-14,16,-3,0,9,6,9,-9,-5,-17,0,-12,-10,-13,sil
11.408514976501465,-15,7,2,-1,9,2,0,-2,5,-13,-1,-14,-22,-22,sil
11.42460560798645,-4,12,4,9,8,4,0,0,7,-2,-2,-9,-21,-25,sil
11.42460560798645,-3,13,6,19,7,8,9,0,2,4,-4,-4,-16,-13,sil
11.440436840057371,-4,-3,4,16,5,10,12,2,1,5,-10,-7,-14,1,sil
11.440436840057371,-2,-10,0,13,0,16,8,0,-3,7,-14,-5,-10,9,sil
11.456057071685793,-3,-8,-2,6,-4,9,3,-1,-5,7,-8,4,1,15,sil
11.456057071685793,0,-14,-12,-7,-14,-15,-2,7,9,6,-5,3,15,15,sil
11.471444845199583,2,-11,-18,-14,-11,-31,-12,13,18,7,0,2,21,5,sil
11.471444845199583,6,0,-5,-5,1,-21,-11,5,12,-2,16,15,22,1,sil
11.486636400222778,14,12,14,9,4,-11,-8,-9,2,-26,26,16,14,0,sil
11.502655982971191,11,20,25,20,1,-7,-17,-15,-8,-32,15,4,-4,-4,sil
11.502655982971191,0,17,20,19,8,1,-12,-16,-18,-13,4,0,-17,-6,sil
11.502655982971191,-4,12,12,11,4,8,6,-20,-28,-4,1,0,-18,-6,sil
11.51828908920288,-2,5,9,8,-8,7,13,-19,-32,-4,-2,-6,-16,-8,sil
11.51828908920288,-6,-8,-2,-2,-10,14,0,-8,-23,0,-20,-16,-21,-4,sil
11.533370018005373,-15,-17,-10,-16,-9,23,-2,0,-18,0,-37,-22,-33,-2,sil
11.548498630523682,-10,-14,-6,-8,-11,20,15,0,-6,3,-26,-15,-23,0,sil
11.548498630523682,2,-4,7,-5,1,16,21,11,16,18,-2,4,2,16,sil
11.564714670181274,11,2,11,-7,12,7,8,21,26,26,5,18,17,27,sil
11.564714670181274,13,9,9,10,2,-6,2,15,17,18,7,20,21,20,sil
11.579778671264648,15,8,18,22,0,0,8,10,12,6,7,20,21,15,sil
11.579778671264648,10,-5,4,3,6,9,10,12,18,3,0,4,8,8,sil
11.595465898513794,-2,-19,-19,-16,0,-1,4,10,20,8,-7,-13,0,-4,hello
11.595465898513794,-7,-16,-21,-13,-7,-19,-1,7,17,12,0,-8,5,-9,hello
11.61142110824585,-3,-6,-15,-7,-10,-21,-10,0,13,6,7,1,12,-10,hello
11.61142110824585,-7,-7,-11,-18,-8,-16,-21,-6,5,-3,11,0,9,-16,hello
11.627028703689575,-3,-3,-7,-11,-2,-13,-10,-3,6,3,19,-2,16,-11,hello
11.627028703689575,5,1,-9,0,0,-12,0,0,2,7,20,9,19,3,hello
11.642662048339844,1,-6,-16,-18,-7,-10,-17,-8,-21,-15,1,5,3,0,hello
11.642662048339844,-7,-9,-18,-15,-5,-7,-26,-15,-30,-34,-6,-17,-7,-23,hello
11.657728433609009,-2,12,0,11,4,-3,-8,-12,-18,-28,4,-9,-7,-19,hello
11.657728433609009,7,27,15,18,10,3,5,-1,-12,-19,7,15,0,-1,hello
11.673338174819946,6,18,6,6,12,10,7,2,-10,-13,6,14,8,0,hello
11.673338174819946,4,16,12,3,13,4,5,0,-2,-1,16,8,8,0,hello
11.68845796585083,5,26,23,13,16,-2,0,-4,-1,4,8,4,-9,6,hello
11.68845796585083,2,25,16,23,15,5,-4,-9,-10,-7,-16,-8,-27,0,hello
11.703727960586548,0,10,5,20,3,18,-2,0,-8,-8,-17,-12,-26,-1,hello
11.703727960586548,-11,-3,-1,5,-2,16,4,6,0,12,-1,-6,-14,3,hello
11.719432830810549,-22,-14,-8,0,0,1,4,0,-1,16,-13,-15,-13,1,hello
11.719432830810549,-13,-17,-1,6,-3,2,6,-2,0,5,-28,-24,-18,0,hello
11.735692262649536,-4,-16,3,2,-5,17,20,-1,10,9,-20,-15,-20,0,hello
11.735692262649536,-11,-21,-8,-9,-1,17,29,0,18,17,-13,-13,-13,2,hello
11.751696586608888,-13,-27,-14,-17,-6,5,19,4,24,20,-7,-9,4,9,hello
11.751696586608888,-1,-24,-10,-21,-13,-1,8,9,26,29,2,4,20,12,hello
11.767357349395752,7,-11,-12,-15,-5,-2,7,14,22,23,2,10,18,13,hello
11.767357349395752,13,4,0,0,6,0,10,16,18,10,3,17,21,23,hello
11.782955646514893,15,5,12,-3,-1,-6,3,12,11,10,12,23,30,28,hello
11.782955646514893,15,-2,2,-20,-20,-22,-17,3,-2,-9,3,17,19,11,hello
11.798930406570436,16,-3,-5,-15,-16,-21,-30,-2,-16,-43,-3,13,8,-8,hello
11.798930406570436,14,6,3,0,0,-13,-23,-4,-20,-37,8,19,14,-12,hello
11.814730882644652,15,16,17,7,5,-11,-15,-3,-11,-8,25,20,16,-6,hello
11.814730882644652,12,16,8,14,0,-2,-16,-6,1,-3,24,9,5,-12,hello
11.829737424850464,0,13,-2,9,0,1,-20,-10,-7,-12,11,1,-4,-21,hello
11.829737424850464,-2,13,10,3,6,-4,-13,-8,-29,-12,10,2,-7,-14,hello
11.844857692718506,0,3,8,7,5,-3,0,-10,-34,-12,7,-6,-12,-7,hello
11.844857692718506,-21,-6,-9,0,0,0,-6,-22,-31,-20,-16,-29,-24,-20,hello
11.860965967178345,-29,0,-7,-5,0,3,-13,-25,-26,-17,-24,-35,-29,-33,hello
11.860965967178345,-16,12,4,14,8,22,2,-11,-11,-1,-10,-22,-22,-22,hello
11.87667679786682,-10,14,12,29,10,32,21,3,-1,1,-8,-5,-14,-1,hello
11.87667679786682,1,14,16,26,9,19,27,8,8,14,3,5,-1,19,hello
11.891827583312988,14,9,16,18,11,11,29,8,24,38,19,9,5,33,hello
11.891827583312988,0,-10,0,4,5,7,23,10,26,35,3,-1,0,23,hello
11.90783667564392,-6,-19,-16,-5,-2,-4,14,16,23,16,0,-4,0,14,hello
11.90783667564392,0,-13,-15,-10,-3,-14,12,23,28,9,4,9,12,24,hello
11.923367261886597,0,-21,-20,-18,-8,-21,2,19,33,17,-14,2,8,18,hello
11.923367261886597,0,-24,-21,-24,-9,-23,-6,9,31,27,-18,-4,4,3,hello
11.938628435134888,4,-12,-15,-27,-8,-17,-3,7,24,18,2,7,13,1,hello
11.938628435134888,-8,-10,-28,-32,-15,-17,-7,0,1,-11,-6,-1,6,-12,hello
11.954906702041626,-11,-7,-21,-25,-14,-22,-26,-9,-16,-34,-24,-16,-7,-27,hello
11.954906702041626,9,9,1,-10,-3,-12,-20,-6,-12,-27,-13,0,-1,-15,hello
11.97065043449402,12,11,0,-12,2,7,0,-3,-10,-13,-7,4,4,-6,sil
11.97065043449402,3,7,2,-7,12,24,7,-6,-13,-12,-2,-1,1,-8,sil
11.985812902450562,6,16,16,22,22,22,3,-10,-11,-11,16,8,11,-2,sil
11.985812902450562,10,17,17,30,10,1,-12,-10,-20,-9,21,15,15,3,sil
12.001331329345703,13,12,24,23,0,-4,-21,-4,-24,-10,19,13,5,3,sil
12.001331329345703,11,14,35,31,2,7,-12,-7,-14,-8,30,15,0,1,sil
12.016489267349243,1,9,26,28,3,15,-3,-14,-13,0,21,8,-2,-1,sil
12.016489267349243,0,-1,13,16,4,20,8,-4,-5,5,-3,-8,-10,0,sil
12.032573223114014,-5,-4,8,13,7,25,23,2,5,7,-9,-10,-12,6,sil
12.032573223114014,-12,-4,-2,9,0,20,24,-3,0,10,-1,-6,-9,2,sil
12.048622131347656,-9,-6,-5,2,-6,11,11,0,-6,9,-10,-13,-14,0,sil
12.048622131347656,-8,-11,-3,-6,-9,1,3,9,6,9,-22,-19,-19,4,sil
12.070357084274292,-14,-16,-19,-19,-11,-6,1,14,28,18,-8,-11,-2,11,sil
12.070357084274292,-7,-17,-30,-30,-13,-11,-1,18,36,21,4,2,15,10,sil
12.070357084274292,-2,-13,-25,-29,-11,-15,-4,16,24,12,-7,0,9,2,sil
12.07992458343506,-7,-8,-15,-18,-4,-20,-1,4,8,3,-19,-8,1,1,sil
12.095695972442629,0,-7,-8,-18,-2,-21,-7,0,1,-10,-9,4,4,2,sil
12.095695972442629,13,0,-3,-24,-7,-22,-19,1,-7,-25,0,17,4,-3,sil
12.111020803451538,9,14,10,-12,0,-24,-15,-1,-16,-22,6,12,3,-10,sil
12.111020803451538,5,19,14,9,7,-23,-3,-4,-14,-11,12,8,3,-10,sil
12.126704931259155,16,19,7,14,4,-11,-5,-5,-11,-10,18,18,3,-8,sil
12.126704931259155,22,20,18,10,6,0,-2,-4,-10,-12,26,25,9,-4,sil
12.142164945602415,9,13,19,11,7,4,5,-5,-12,-6,17,10,6,-1,sil
12.142164945602415,-13,7,2,13,1,9,7,-8,-10,0,-1,-12,-11,-2,sil
12.15743613243103,-21,5,-3,19,8,18,11,-10,-5,2,-7,-26,-22,-10,sil
12.15743613243103,-16,0,0,22,14,17,10,-13,-12,3,-9,-28,-18,-11,sil
12.172829866409302,-11,-7,0,8,1,17,2,-12,-22,2,-16,-16,-15,0,sil
12.172829866409302,-7,-14,-5,-1,-4,22,11,0,2,12,-14,-6,-7,14,sil
12.188363790512083,-5,-20,-13,-1,0,23,22,12,31,31,-4,-6,4,14,sil
12.188363790512083,0,-20,-12,-2,3,20,6,13,24,30,0,-5,12,4,sil
12.204947710037231,8,-7,-10,-3,8,7,-13,6,10,9,-1,-1,14,0,sil
12.204947710037231,9,0,-4,-7,3,-10,-13,7,9,-4,-4,2,13,4,sil
12.22079372406006,4,-9,-3,-9,-8,-7,-3,14,14,-4,0,9,16,11,sil
12.22079372406006,15,-5,0,-3,-7,-5,-4,11,15,-7,12,22,21,14,sil
12.236321210861206,18,8,8,-3,-3,-22,-9,2,5,-13,15,23,13,0,sil
12.236321210861206,0,6,8,-12,-12,-25,-8,-3,-2,-16,1,1,-2,-17,sil
12.25234055519104,-2,6,10,0,-7,-10,0,-3,0,-11,-4,-4,-7,-16,sil
12.25234055519104,14,22,22,29,13,-7,3,0,0,0,4,6,-6,0,sil
12.268372774124146,5,22,22,30,10,-2,-1,-8,-8,-5,1,0,-16,1,sil
12.268372774124146,-13,6,6,7,-7,10,-2,-9,-18,-3,-11,-11,-18,0,sil
12.284470558166504,-4,-3,-10,-1,-8,7,7,1,-3,19,-5,0,0,13,sil
12.284470558166504,0,-11,-18,-15,-5,-5,7,5,14,14,-1,8,5,15,sil
12.299747943878174,-6,-14,-19,-30,-11,-5,-2,0,5,-14,-7,2,-1,0,sil
12.299747943878174,0,-6,-7,-24,-11,-4,-13,-7,-21,-21,5,4,-4,-16,sil
12.315911531448364,-3,-6,5,-11,-6,-6,-18,-14,-35,-18,14,-2,-13,-21,sil
12.315911531448364,-17,-3,2,2,0,7,1,-13,-23,-8,-2,-21,-16,-10,sil
12.33178734779358,-12,0,0,12,7,22,26,-5,-4,10,-12,-19,-6,5,sil
12.33178734779358,-8,-12,-10,-4,1,7,9,5,8,13,-10,-7,0,1,sil
12.34770679473877,-4,-11,-10,-16,1,-8,-19,16,17,1,-2,4,15,-1,sil
12.34770679473877,14,12,12,0,13,-7,-18,10,17,-4,15,17,29,3,sil
12.36244797706604,9,13,16,11,14,2,-2,-4,6,0,20,4,9,-3,sil
12.36244797706604,-7,0,4,12,13,14,8,-6,-2,17,8,-3,-8,-1,sil
12.378536701202393,2,6,6,19,15,19,15,0,-1,22,1,0,0,16,sil
12.378536701202393,4,9,0,16,9,16,19,-2,2,13,-9,-9,-3,9,sil
12.394639730453491,-8,-3,-13,2,3,12,19,4,5,11,-20,-16,-16,0,sil
12.394639730453491,-4,-8,-19,-9,-7,-3,5,10,4,4,-11,-2,-4,4,sil
12.410527229309082,-5,-15,-23,-25,-20,-24,-11,0,3,-14,0,1,6,-4,sil
12.410527229309082,-7,-16,-17,-25,-15,-22,-4,6,8,-9,3,0,10,-8,sil
12.425734758377075,13,6,4,-7,-5,-12,3,19,6,0,10,13,19,2,sil
12.425734758377075,23,21,22,8,-2,-10,-7,4,-12,-15,13,17,13,-5,sil
12.440805196762083,6,14,14,19,-2,-6,-8,-11,-20,-20,4,3,-6,-14,sil
12.440805196762083,-3,11,13,18,-5,0,3,-3,-13,-2,0,3,-13,0,sil
12.45678186416626,0,10,20,12,-1,5,6,1,-2,3,-4,5,-11,6,sil
12.45678186416626,11,1,18,14,2,12,7,-3,10,4,-11,-1,-6,6,sil
12.472357034683228,15,-9,5,4,-3,5,5,-2,17,9,-6,2,5,13,sil
12.472357034683228,12,-13,-12,-17,-3,-12,-15,0,7,2,6,12,17,11,sil
12.48753571510315,7,1,-4,-12,6,-19,-35,-7,-11,-12,18,13,16,1,sil
12.48753571510315,4,18,19,11,10,-8,-26,-12,-16,-13,25,15,5,-1,sil
12.503114461898804,-5,7,10,10,3,0,-9,-12,-9,-7,12,0,-6,-6,sil
12.503114461898804,-18,-11,-9,-6,0,7,-10,-7,-6,-7,-13,-24,-17,-14,sil
12.51867127418518,-12,-4,-5,1,4,27,3,3,5,2,-20,-22,-15,-6,sil
12.5347740650177,-6,3,2,12,14,35,31,9,19,18,-9,-5,-7,3,sil
12.5347740650177,-8,-12,-7,0,7,17,35,4,10,21,-7,-7,-9,5,sil
12.5347740650177,-8,-19,-17,-5,-1,5,19,1,9,14,-14,-17,-11,4,sil
12.549953699111938,-10,-7,-10,0,0,3,10,7,22,9,-11,-13,-7,0,sil
12.565388917922974,-8,-10,-12,-8,-2,-6,12,15,15,6,-5,-7,0,1,sil
12.565388917922974,-3,-19,-27,-27,-8,-13,9,7,-3,-8,-10,-5,1,6,sil
12.580608129501345,-14,-10,-26,-20,-10,-15,-4,-4,-11,-24,-11,-4,0,-2,sil
12.580608129501345,-19,0,-11,-3,-11,-19,-21,-8,-11,-11,5,-1,4,-14,sil
12.59679627418518,2,-1,1,-6,-5,-12,-24,-3,-11,3,17,13,18,-3,sil
12.59679627418518,19,1,5,-9,-3,-8,-10,1,-6,0,17,25,20,2,sil
12.61281442642212,16,15,7,1,-8,-13,-3,0,-4,-5,17,17,3,-8,sil
12.61281442642212,16,23,16,10,0,-5,-8,-3,-8,-6,15,10,2,-9,sil
12.627975225448608,15,22,19,12,11,2,-10,-7,-9,-3,20,16,19,2,sil
12.627975225448608,9,21,21,15,6,0,-4,-7,-12,0,20,10,12,3,sil
12.643649578094482,10,21,19,16,4,7,4,-3,-11,0,0,-8,-9,-2,sil
12.643649578094482,-2,7,12,5,4,16,12,1,-6,-3,-24,-14,-20,-1,sil
12.659481048583984,-20,-8,2,-9,-6,9,9,4,-1,0,-31,-14,-21,0,sil
12.659481048583984,-14,-7,-5,-2,-6,10,8,6,11,12,-18,-17,-9,4,sil
12.674737215042114,-8,-11,-6,3,5,22,15,5,25,19,-8,-10,-2,9,sil
12.674737215042114,-17,-30,-15,-13,6,16,12,0,19,14,-23,-14,-18,0,sil
12.690372705459597,-10,-23,-19,-20,-2,-1,-1,-1,6,3,-28,-12,-19,-2,sil
12.690372705459597,13,-3,-3,-3,-2,-4,-4,8,14,-3,8,20,13,11,sil
12.70567798614502,24,0,1,7,0,-9,-1,16,33,3,40,33,37,19,sil
12.70567798614502,23,10,3,10,1,-18,-7,13,30,13,33,16,36,10,sil
12.721625566482544,25,21,16,15,7,-13,-7,3,0,0,20,19,26,0,sil
12.721625566482544,19,11,15,14,8,-11,-5,-13,-29,-22,21,23,9,-8,sil
12.736775159835815,0,4,8,5,3,-19,-14,-22,-39,-20,15,6,-6,-8,sil
12.736775159835815,-9,9,6,5,2,-9,-17,-17,-34,-14,-3,-8,-12,-6,sil
12.752426624298096,-13,0,3,8,4,10,-7,-13,-29,-15,-13,-14,-16,-14,sil
12.752426624298096,-12,-6,3,11,0,10,0,-9,-23,-10,-8,-18,-18,-12,sil
12.76757836341858,-11,-1,0,10,-2,4,5,-5,-10,-3,-12,-17,-21,-5,sil
12.76757836341858,-15,-4,-7,-1,0,13,12,-4,0,-2,-20,-12,-24,-8,sil
12.783162832260132,-12,-8,-15,-6,6,24,22,5,14,10,-15,-10,-9,2,sil
12.783162832260132,-9,-10,-15,-6,2,14,24,20,29,22,-11,-8,3,17,sil
12.799252033233644,-15,-22,-19,-22,-15,0,11,23,27,21,-16,-11,-1,7,sil
12.799252033233644,-11,-14,-18,-26,-19,0,2,20,20,21,-17,-6,-3,0,sil
12.815573692321776,9,4,-4,-10,-3,-5,2,16,14,15,-7,15,11,12,sil
12.815573692321776,15,-3,-5,-9,-7,-21,-2,3,9,0,2,19,16,14,sil
12.830837488174438,0,-17,-12,-23,-20,-24,-15,-5,1,-11,7,0,3,0,sil
12.830837488174438,1,-5,-5,-20,-10,-12,-17,0,0,-8,15,2,7,-2,sil
12.846556901931764,13,7,1,-8,3,0,-8,3,7,4,27,15,27,2,sil
12.846556901931764,7,12,4,-5,3,3,-9,-2,3,0,26,11,21,-5,sil
12.862213373184204,1,18,4,1,0,0,-16,-13,-13,-19,11,-2,-4,-25,sil
12.862213373184204,5,20,11,14,1,-3,-12,-25,-25,-22,4,0,-9,-20,sil
12.877652406692505,6,22,27,25,7,0,-1,-23,-21,-14,10,3,-4,-3,sil
12.877652406692505,-1,24,28,29,9,7,0,-11,-15,-11,12,0,-6,-3,sil
12.893678665161133,-3,17,22,27,12,7,1,-6,-15,-4,2,-4,-9,-5,sil
12.893678665161133,1,6,16,25,20,9,8,0,-5,10,-11,-12,-11,2,sil
12.909639596939089,-4,0,2,18,17,21,13,7,10,19,-19,-21,-10,10,sil
12.909639596939089,-13,-8,-3,11,9,23,18,11,14,17,-20,-10,-2,17,sil
12.925417184829712,-1,-7,0,15,9,11,26,11,13,18,-16,3,1,17,sil
12.925417184829712,4,-7,-3,5,2,4,22,10,15,16,-18,-1,-6,5,sil
12.940409898757936,-6,-22,-22,-15,-12,-5,5,4,12,4,-25,-14,-16,-2,sil
12.940409898757936,-10,-28,-26,-23,-19,-16,-4,-1,0,-11,-16,-1,-7,-3,sil
12.956494331359863,4,-23,-9,-28,-19,-13,-8,3,-7,-17,4,21,14,2,sil
12.956494331359863,16,-15,-4,-29,-17,-14,-10,12,2,-4,20,26,29,13,sil
12.972000360488892,14,-1,-7,-17,-10,-21,-8,9,8,3,23,22,30,10,sil
12.972000360488892,7,6,-9,-8,-4,-17,-8,4,2,-2,14,15,21,0,sil
12.987199306488035,3,2,-5,-16,0,-11,-16,0,-3,-8,6,5,8,-5,sil
12.987199306488035,-1,0,4,-20,4,-12,-20,-2,-9,-6,16,4,4,-9,sil
13.003095626831056,-6,3,7,-3,8,-3,-9,-4,-7,0,16,0,1,-12,sil
13.003095626831056,0,14,11,13,14,6,-4,-9,-2,5,0,-2,-9,-10,sil
13.018341541290283,8,14,17,16,18,6,-7,-17,-10,0,-2,-1,-15,-12,sil
13.018341541290283,0,8,13,15,8,7,-3,-14,-15,-4,1,-5,-12,-15,sil
13.034423828125,-14,5,5,11,0,12,1,-7,-15,-8,-7,-16,-21,-11,sil
13.034423828125,-14,0,-6,3,0,10,-1,-12,-18,-21,-16,-21,-30,-8,sil
13.050368309020996,-9,-8,-6,4,-1,6,0,-13,-21,-21,-11,-12,-25,-2,sil
13.050368309020996,-5,5,8,19,0,5,17,4,-5,4,-3,-4,-10,11,sil
13.065462112426758,0,17,6,21,3,11,27,19,23,26,1,-5,6,19,sil
13.065462112426758,-2,3,-1,6,-1,18,24,20,39,24,3,-3,16,17,sil
13.081504821777344,-2,-5,-1,1,-3,19,25,17,40,23,-3,2,12,17,sil
13.081504821777344,6,0,0,2,-3,12,20,10,30,24,-8,2,8,18,sil
13.096642971038818,4,0,-9,-2,-12,0,3,5,19,15,-5,-4,5,12,sil
13.096642971038818,-6,-13,-19,-12,-18,-12,-8,2,11,1,-6,-10,-2,1,sil
13.111432790756226,-6,-23,-20,-28,-15,-18,-16,0,1,-4,-13,-7,-3,-7,sil
13.111432790756226,-2,-18,-16,-29,-10,-21,-21,-2,-10,-8,-5,0,6,-8,sil
13.126731872558594,6,5,0,-3,0,-19,-15,-6,-14,-19,8,10,6,-2,sil
13.126731872558594,21,15,12,9,3,-7,-3,-3,-1,-14,15,17,6,-3,sil
13.14274787902832,21,7,5,0,0,0,-3,0,5,1,20,22,19,-7,sil
13.14274787902832,15,6,9,0,9,0,-7,-2,-8,-6,24,26,25,0,sil
13.158763885498049,14,5,17,6,8,-11,-5,-5,-22,-24,15,16,16,2,sil
13.158763885498049,6,0,11,2,-6,-19,-9,-12,-31,-26,3,0,0,-9,sil
13.174399614334106,-6,8,6,1,-2,-6,-15,-17,-40,-23,0,-6,-14,-15,sil
13.174399614334106,-15,16,8,9,9,7,-16,-17,-36,-14,-5,-10,-22,-10,sil
13.19033145904541,-25,4,5,3,10,4,-12,-10,-21,-2,-16,-19,-24,-16,sil
13.19033145904541,-20,-1,-3,1,7,8,7,-1,-12,3,-19,-28,-25,-19,sil
13.20555067062378,-6,-3,-6,4,1,26,27,1,-3,12,-17,-25,-20,0,sil
13.20555067062378,-6,-14,-1,0,-2,25,27,11,14,28,-15,-10,-6,17,sil
13.22156023979187,-1,-12,0,0,9,8,19,19,27,37,-1,9,10,18,sil
13.22156023979187,3,-4,1,-1,17,2,10,14,27,27,8,19,14,16,sil
13.23705244064331,-2,-16,-9,-10,8,4,8,15,39,17,1,8,14,16,sil
13.23705244064331,-3,-23,-17,-14,8,2,9,23,45,19,-7,0,18,9,sil
13.25309443473816,-1,-9,-7,-11,14,-1,-1,11,17,6,-7,3,7,-1,sil
13.25309443473816,-2,2,-4,-2,9,-10,-14,-5,-9,-23,0,2,-10,-10,sil
13.268306016921995,3,4,-1,2,9,-17,-18,-7,-4,-28,9,2,-9,-6,sil
13.268306016921995,16,4,4,6,13,-14,-16,-2,12,-3,20,16,8,5,sil
13.284826755523682,26,10,12,14,14,-9,-8,-1,17,4,25,28,20,13,sil
13.284826755523682,28,21,20,15,7,-11,0,0,6,-4,20,25,13,14,sil
13.300436735153198,16,17,10,4,-9,-13,3,-4,-5,-6,5,3,-5,3,sil
13.300436735153198,-4,3,-5,-4,-12,-9,0,-19,-16,-15,-11,-16,-26,-15,sil
13.315467357635498,-13,3,-6,-4,-9,0,-7,-21,-25,-25,-21,-24,-32,-30,sil
13.315467357635498,-7,8,-2,-2,-33,19,0,-13,-16,-7,-14,-21,-16,-22,sil
13.331480026245115,-8,0,-6,-2,-57,23,10,0,-4,5,3,-9,2,2,sil
13.331480026245115,-14,0,-4,0,-52,5,9,11,-8,6,12,-1,14,15,sil
13.346367835998535,-9,12,7,6,-40,12,11,13,-2,24,12,-1,19,7,sil
13.362863779067991,2,7,9,10,-37,29,21,14,19,32,10,0,19,9,sil
13.362863779067991,0,-8,-4,1,-46,16,13,9,10,2,-9,-2,9,13,sil
13.362863779067991,-13,-22,-15,-10,-42,-4,-6,-6,-21,-20,-34,-21,-10,-2,sil
13.378735542297363,-14,-30,-16,-17,-1,-11,-12,-11,-24,-11,-33,-29,-23,-14,sil
13.378735542297363,-6,-23,-12,-19,37,-16,-13,-6,-8,-7,-14,-8,-7,-7,sil
13.394370794296265,1,-8,-10,-13,48,-24,-24,-7,-11,-15,0,8,13,-8,sil
13.394370794296265,6,3,-4,0,55,-25,-25,-5,-18,-13,7,9,12,-14,sil
13.409782648086548,1,14,10,9,62,-14,-11,5,-3,0,21,14,7,-9,hello
13.409782648086548,0,15,12,17,57,8,3,8,10,16,28,14,8,0,hello
13.42453145980835,3,6,10,22,46,23,15,0,6,14,8,3,-3,6,hello
13.440183877944946,0,0,8,13,31,8,23,0,8,11,-17,-2,-15,9,hello
13.440183877944946,0,-4,0,-3,19,-11,9,6,19,10,-8,1,-2,14,hello
13.440183877944946,10,0,5,-12,14,-15,-8,8,13,-3,12,19,15,17,hello
13.455463886260986,23,15,12,-3,3,-13,-6,5,8,-13,13,32,20,11,hello
13.470371007919312,16,24,12,0,-11,-9,-11,0,6,-11,16,28,13,3,hello
13.470371007919312,8,18,17,8,-17,1,-20,-9,-10,-13,26,12,-4,-3,hello
13.486584424972534,8,12,15,24,-14,17,2,-12,-16,-13,8,-8,-24,-10,hello
13.486584424972534,-2,-1,6,17,-11,22,24,-8,-2,-6,-20,-18,-31,-8,hello
13.501718044281006,-11,-15,-5,-1,-17,15,11,-13,1,0,-25,-20,-27,-6,hello
13.501718044281006,-6,-13,-18,-6,-21,13,3,-6,5,15,-13,-17,-19,-5,hello
13.517326354980469,-10,-18,-19,-8,-14,18,16,20,16,25,-6,-14,-4,5,hello
13.517326354980469,-21,-24,-18,-11,-13,11,17,24,18,18,-8,-16,3,10,hello
13.533414363861084,-13,-13,-17,-13,-19,-1,6,11,16,17,-11,-12,5,2,hello
13.533414363861084,-9,-7,-20,-21,-17,-1,5,16,18,17,-12,-6,10,0,hello
13.5485680103302,-19,-13,-24,-26,-14,-2,2,13,10,4,-14,-12,14,-5,hello
13.5485680103302,-7,-7,-6,-20,-12,-14,-5,2,6,0,-6,-4,16,-3,hello
13.564672946929932,16,9,17,-6,-3,-13,-1,5,14,7,16,26,25,15,hello
13.564672946929932,14,10,15,0,0,-4,-1,0,0,-2,19,29,24,15,hello
13.580322980880736,5,0,-6,-5,-11,-19,-17,-21,-33,-26,0,1,3,-11,hello
13.580322980880736,8,4,-4,0,-15,-32,-32,-32,-44,-32,6,-2,-6,-24,hello
13.595564365386965,14,22,17,19,0,-21,-28,-24,-33,-23,30,14,6,-11,hello
13.595564365386965,18,32,26,25,13,-3,-13,-11,-22,-14,30,21,18,1,hello
13.610583782196043,9,13,23,19,16,4,-7,-6,-17,-8,16,13,5,3,hello
13.610583782196043,-7,-6,11,19,7,6,-7,-3,-11,-9,0,-8,-14,-3,hello
13.626301050186155,-12,0,1,19,4,16,5,1,-5,-8,-23,-22,-21,-5,hello
13.626301050186155,-6,3,0,18,13,30,22,0,-6,-1,-26,-16,-22,-6,hello
13.642394542694092,-8,-6,0,17,14,25,22,-5,-6,0,-18,-19,-32,-8,hello
13.642394542694092,-9,-5,-3,9,8,16,19,1,11,10,-15,-20,-28,0,hello
13.657568216323853,0,-3,-1,1,7,15,28,22,35,35,-3,0,-3,13,hello
13.657568216323853,2,-9,-2,-5,6,2,19,20,27,34,4,13,7,13,hello
13.673001527786257,-5,-11,-9,-20,1,-13,-2,1,5,6,0,2,6,9,hello
13.673001527786257,-4,-13,-17,-24,-3,-12,-9,1,12,2,0,-1,16,11,hello
13.688706398010254,-1,-17,-15,-21,-7,-14,-4,15,27,12,4,12,21,11,hello
13.688706398010254,0,-11,-10,-19,-7,-26,-11,15,17,1,0,16,8,4,hello
13.704938173294067,9,1,-6,-10,0,-25,-19,6,3,-12,7,8,3,-3,hello
13.704938173294067,19,9,6,0,1,-16,-21,0,0,-13,22,17,9,-2,hello
13.720561504364014,20,16,9,1,-3,-8,-19,-7,-7,-11,18,17,6,4,hello
13.720561504364014,7,17,2,-3,3,2,-13,-10,-12,-16,3,4,1,0,hello
13.735837936401367,-7,10,2,-4,18,11,-4,-4,-10,-17,2,0,5,-12,hello
13.7361261844635,-8,9,2,4,12,14,2,-7,-10,-3,2,-7,1,-15,hello
13.75178599357605,-2,13,8,10,3,14,11,-10,-7,9,-3,-14,-6,-6,hello
13.75178599357605,-6,10,8,10,8,18,18,0,2,20,0,-9,-1,4,hello
15.35339879989624,5,0,15,24,4,10,16,7,5,23,4,9,4,19,hello
15.35339879989624,3,-13,-2,0,0,11,18,7,17,12,-5,0,0,19,hello
15.368602752685549,-6,-15,-16,-16,-3,0,7,4,16,8,-23,-9,-8,10,hello
15.368602752685549,-1,-4,-10,-5,-1,0,10,12,13,16,-18,-7,-2,9,hello
15.384500741958618,1,-7,-8,-4,1,6,16,19,18,23,0,-2,5,13,hello
15.384500741958618,-6,-13,-15,-16,0,0,6,16,15,16,10,1,2,8,hello
15.400387287139893,3,0,-16,-4,0,-7,0,5,8,5,10,6,5,4,hello
15.400387287139893,20,16,-8,-3,0,-5,0,-2,1,-6,1,1,12,0,hello
15.415786027908323,10,5,-7,-27,-5,-7,-6,-8,-8,-20,-2,-6,5,-8,hello
15.415786027908323,-2,0,-4,-19,-7,-12,-12,-20,-24,-33,3,1,0,-10,hello
15.431793451309204,0,16,10,9,2,-12,-18,-22,-33,-35,8,12,1,-9,hello
15.431793451309204,2,20,14,7,2,-11,-23,-10,-23,-21,10,4,0,-13,hello
15.447347164154053,0,5,15,-13,-6,-11,-24,-1,-12,-7,14,3,1,-13,hello
15.447347164154053,-4,0,12,-17,-10,-6,-21,-4,-13,-4,4,9,5,-12,hello
15.462950706481934,-10,6,6,0,-6,1,-14,-11,-18,-11,-7,0,-1,-10,hello
15.462950706481934,-9,12,18,21,6,3,0,-8,-18,-9,1,-5,-5,-3,hello
15.478577852249146,-11,1,16,22,11,4,10,-1,-10,12,4,-8,-6,-6,hello
15.478577852249146,-27,-23,-11,1,-5,6,10,-1,0,19,-24,-21,-21,-14,hello
15.494621515274048,-24,-32,-23,-5,-10,10,15,6,10,7,-43,-27,-24,0,hello
15.494621515274048,5,-13,-10,3,7,10,20,17,22,10,-19,-7,5,22,hello
15.509780645370483,20,-3,-5,3,13,3,9,17,27,11,2,12,23,22,hello
15.509780645370483,12,-10,-12,-6,0,-5,3,12,20,-5,-3,12,9,7,hello
15.52568745613098,4,-9,-13,-7,-2,-9,14,13,18,-3,-7,7,7,5,hello
15.52568745613098,12,1,-3,1,5,-1,14,18,27,22,9,13,19,11,hello
15.541387557983398,25,11,7,8,9,5,7,14,30,31,28,25,17,14,hello
15.541387557983398,15,11,5,5,4,-1,6,-6,9,5,28,17,2,6,hello
15.557311058044434,0,10,2,5,0,-7,-4,-20,-19,-20,14,0,-10,-7,hello
15.557311058044434,6,22,17,15,4,5,-13,-13,-17,-9,13,5,-5,-5,hello
15.572760820388794,3,20,12,10,7,13,-4,-4,-6,5,12,4,0,0,hello
15.572760820388794,-24,0,-13,-9,0,3,-5,-1,-17,-11,-10,-19,-21,-13,hello
15.588669538497925,-33,0,-9,-5,0,1,-7,-1,-18,-17,-20,-30,-34,-25,hello
15.588669538497925,-8,8,6,9,1,7,0,-5,-6,2,-6,-24,-17,-10,hello
15.604665040969849,2,-1,5,10,-1,12,3,-10,-11,5,-3,-15,-4,3,hello
15.604665040969849,-5,-14,-3,2,-7,10,3,-5,-6,0,-10,-6,-1,6,hello
15.620301008224487,-6,-17,-19,-18,-19,-3,-1,5,12,2,-7,-4,7,7,hello
15.620301008224487,0,-17,-24,-43,-23,-20,-22,6,10,0,3,3,18,2,hello
15.635483741760254,8,-9,-8,-29,-11,-18,-23,-1,2,-6,10,16,24,-2,hello
15.635483741760254,14,9,20,-1,-4,-7,-6,-5,-3,-7,13,21,15,0,hello
15.651456832885742,9,20,28,7,-3,0,2,-1,-15,0,10,14,0,5,hello
15.651456832885742,-6,6,6,13,2,3,12,-4,-15,2,-9,-1,-12,-2,hello
15.66639280319214,-20,-22,-11,4,0,6,15,-9,-6,-7,-38,-22,-22,-12,hello
15.66639280319214,-12,-35,-19,-17,-7,1,10,2,8,-4,-36,-32,-19,-10,hello
15.682494163513184,9,-20,-16,-19,-3,-9,11,22,28,15,-5,-12,7,3,hello
15.682494163513184,24,0,0,-3,5,-20,-1,20,24,13,11,19,26,12,hello
15.69771146774292,16,6,9,0,7,-18,-26,-1,2,-11,10,27,17,1,hello
15.69771146774292,-2,2,7,-3,8,0,-24,-12,-12,-30,10,12,0,-10,hello
15.71330428123474,3,13,16,13,21,9,-4,-3,-13,-24,19,17,2,1,hello
15.71330428123474,28,42,36,48,33,5,-1,3,-5,-1,37,38,18,22,hello
15.728676557540894,23,45,39,48,24,5,0,3,-4,10,42,31,20,13,hello
15.728676557540894,0,24,15,22,10,13,11,-2,-7,15,20,1,3,0,hello
15.74470853805542,-8,11,1,16,9,17,15,-11,-9,17,-2,-11,-12,1,hello
15.74470853805542,-9,7,0,17,3,13,5,-13,-8,11,-14,-11,-20,0,hello
15.760575771331789,-17,-3,-9,0,-9,8,11,0,0,11,-21,-17,-20,-3,sil
15.760575771331789,-25,-18,-20,-12,-10,8,27,13,9,30,-23,-23,-14,1,sil
15.776337623596191,-24,-29,-26,-10,-11,6,17,5,6,27,-26,-28,-14,0,sil
15.776337623596191,-17,-31,-24,-23,-22,3,-4,-4,2,0,-28,-24,-18,-9,sil
15.792369842529297,-10,-23,-21,-26,-19,1,0,8,20,4,-9,-14,-8,-2,sil
15.792369842529297,-7,-10,-16,-12,-3,-3,9,14,32,19,5,-7,12,6,sil
15.8074848651886,-5,-10,-16,-22,-5,-12,-1,4,15,-11,-2,-5,16,-3,sil
15.8074848651886,-3,-16,-23,-34,-19,-12,-6,0,0,-31,-10,-6,5,-12,sil
15.823577404022217,1,-13,-14,-20,-18,-8,-6,0,-3,-15,-5,2,6,-4,sil
15.823577404022217,6,-5,0,-11,-9,-14,-11,-2,-3,-12,-3,12,14,-5,sil
15.838767528533936,5,-3,-4,-17,-9,-17,-10,1,-1,-13,0,8,9,-11,sil
15.838767528533936,12,-4,-3,-17,-4,-12,-6,3,0,-11,2,6,0,-6,sil
15.854837656021118,26,12,20,0,6,-6,-10,-3,-5,-18,12,19,4,1,sil
15.854837656021118,27,32,38,26,13,-2,-11,-8,-15,-15,28,26,9,5,sil
15.870413303375244,19,31,27,37,15,-6,-6,-7,-17,-4,27,16,1,8,sil
15.870413303375244,19,30,13,28,16,-9,-5,-7,-10,-5,14,9,0,11,sil
15.885774612426758,15,23,21,19,12,4,-12,-8,-11,-10,10,10,0,10,sil
15.885774612426758,-2,0,13,12,8,13,-14,-8,-15,-18,4,-1,-14,-2,sil
15.901301860809326,-13,-5,1,10,13,14,0,-5,-6,-12,-4,-14,-19,-8,sil
15.901301860809326,-7,7,5,14,17,20,11,-1,0,20,-5,-12,-9,0,sil
15.91742730140686,-13,-4,-5,5,1,14,8,-2,-6,27,-13,-16,-12,-4,sil
15.91742730140686,-21,-16,-15,-5,0,5,12,2,-4,5,-16,-14,-14,-13,sil
15.932550430297852,-6,5,0,11,15,19,31,10,12,16,0,-2,0,4,sil
15.932550430297852,0,8,6,21,13,23,27,4,14,33,5,-4,4,16,sil
15.948654174804688,-17,-13,-13,0,-6,7,5,4,6,23,-14,-16,-1,0,sil
15.948654174804688,-21,-17,-23,-14,-13,-1,2,9,13,15,-19,-9,5,-4,sil
15.964729309082031,-4,-15,-6,-17,-13,-5,3,2,14,17,0,8,15,15,sil
15.965234994888306,3,-20,-5,-28,-23,-17,-9,-4,1,12,5,8,16,21,sil
15.980342388153076,-1,-13,-12,-31,-28,-26,-24,-1,-2,0,-1,1,13,5,sil
15.980342388153076,5,-1,1,-14,-10,-18,-19,6,7,-2,2,9,9,0,sil
15.99555730819702,21,1,10,-4,0,-6,-4,14,23,1,12,24,13,12,sil
15.99555730819702,15,0,1,-14,-11,-9,0,12,16,-17,14,25,14,8,sil
16.011667251586914,2,2,-2,-9,-10,-17,-7,1,-3,-39,11,8,0,-17,sil
16.011667251586914,0,8,0,7,5,-9,-20,-8,-18,-31,0,-3,-14,-30,sil
16.027727365493774,-3,12,0,2,8,-7,-19,-16,-28,-20,-12,-8,-16,-22,sil
16.027727365493774,1,15,9,2,6,-4,5,-15,-23,-14,-3,-7,-9,-15,sil
16.04281187057495,9,20,28,29,14,16,25,-1,-8,-7,10,0,-4,-4,sil
16.04281187057495,1,13,19,39,13,23,19,0,0,0,4,-3,-4,1,sil
16.05842161178589,-2,-1,-1,18,9,22,19,-4,6,15,-5,-14,-6,0,sil
16.05842161178589,7,-7,0,6,17,33,27,0,12,24,-5,-13,-4,13,sil
16.074580907821655,1,-6,-6,7,8,21,15,0,6,9,-9,-11,-5,14,sil
16.074580907821655,-19,-16,-26,-9,-8,-7,0,-3,2,-1,-24,-17,-12,-7,sil
16.095173597335815,-19,-26,-33,-31,-11,-14,0,10,13,5,-24,-13,-4,-7,sil
16.09567666053772,2,-12,-16,-26,-7,-18,-6,19,17,12,3,8,22,13,sil
16.10529661178589,15,10,5,-5,0,-24,-25,7,-1,7,27,26,33,9,sil
16.10529661178589,5,16,9,7,6,-8,-26,-3,-16,-6,16,18,14,-5,sil
16.120426416397095,-4,10,5,5,0,2,-13,-8,-11,-18,4,2,-1,-4,sil
16.120426416397095,1,7,7,1,0,0,-3,-8,-7,-13,4,0,-7,0,sil
16.135617971420288,0,3,0,3,0,9,8,-1,-5,2,-11,-7,-19,-2,sil
16.135617971420288,-14,-11,-10,4,-8,15,16,7,7,13,-22,-15,-17,0,sil
16.15090584754944,-2,-13,-8,1,-9,0,0,10,19,13,0,-2,2,12,sil
16.16789436340332,14,1,0,-3,-5,-15,-25,-3,-1,0,14,10,10,6,sil
16.16789436340332,5,5,-1,-11,-13,-17,-24,-20,-33,-23,6,3,-1,-9,sil
16.182496547698975,-1,0,2,-11,-8,-10,-9,-19,-37,-39,9,3,-8,-10,sil
16.182496547698975,1,6,21,4,10,6,-2,-9,-17,-22,12,13,-1,-3,sil
16.197953701019287,0,18,27,22,19,24,13,3,9,25,3,3,1,4,sil
16.19894242286682,0,8,16,17,14,25,27,20,30,54,2,-3,-1,18,sil
16.19894242286682,0,-16,-1,-8,-1,9,14,22,36,31,-2,-1,-2,21,sil
16.213564157485962,-6,-19,-18,-22,-13,-7,0,6,30,2,-11,0,6,7,sil
16.22870111465454,6,0,-8,-8,1,-15,3,0,18,0,2,8,18,-3,sil
16.22870111465454,19,9,4,3,8,-19,6,0,-1,-5,17,16,15,-9,sil
16.24481177330017,3,8,9,3,2,-14,-4,-3,-22,-28,10,15,-3,-9,sil
16.24481177330017,-6,12,15,11,8,8,0,-5,-16,-19,3,6,-10,-6,sil
16.260401964187622,-7,5,9,17,11,23,20,-1,0,8,-8,-20,-6,-8,sil
16.260401964187622,-21,-16,-7,0,-2,11,19,-4,-3,1,-28,-41,-15,-9,sil
16.275893211364746,-25,-23,-16,-8,-9,2,7,-7,-3,-2,-25,-26,-15,-4,sil
16.275893211364746,-8,-11,-8,0,0,7,6,-1,8,18,-8,-5,0,0,sil
16.291751861572266,1,-10,-9,-3,0,0,2,3,5,15,-11,-2,0,0,sil
16.291751861572266,3,-10,-20,-16,-8,-15,-9,0,-1,-4,-15,1,3,1,sil
16.307860136032104,1,-5,-17,-22,-14,-21,-28,-4,-6,-15,-1,5,9,0,sil
16.307860136032104,0,-6,-18,-24,-18,-23,-46,-7,-21,-28,2,-1,1,-11,sil
16.324439764022827,7,0,-16,-15,-13,-23,-40,-3,-23,-28,4,1,1,-15,sil
16.324439764022827,15,23,14,11,2,-9,-11,9,0,0,23,19,17,0,sil
16.324439764022827,11,28,28,30,10,6,5,7,8,15,30,17,13,12,sil
16.33973240852356,0,11,10,19,6,10,3,-7,-7,0,7,-1,-7,4,sil
16.35551643371582,-2,7,4,13,4,13,13,-6,-13,0,-3,-7,-18,-1,sil
16.35551643371582,5,15,14,26,9,22,28,3,5,17,-2,1,-10,10,sil
16.370975494384766,10,9,15,24,13,29,28,15,23,24,-3,12,7,24,sil
16.370975494384766,7,-2,0,7,7,20,21,18,27,18,5,9,18,22,sil
16.386515378952026,0,-10,-13,-12,-5,0,4,2,14,9,5,1,10,10,sil
16.386515378952026,0,-9,-10,-18,-2,-9,-3,-1,10,4,-5,5,6,3,sil
16.402450561523438,9,-1,-1,-11,7,0,2,7,18,2,4,16,15,-1,sil
16.402450561523438,3,-3,3,-16,0,-3,0,0,5,-6,19,11,13,-7,sil
16.41769552230835,-6,-5,3,-15,-2,-15,-6,-15,-13,-19,9,-7,-4,-12,sil
16.41769552230835,-4,6,10,0,8,-6,-5,-14,-15,-25,-3,-13,-22,-16,sil
16.433266401290894,-6,6,14,6,9,0,-6,-8,-16,-15,-4,-14,-23,-18,sil
16.433266401290894,-16,-2,12,13,2,0,0,-5,-13,2,-1,-18,-15,-9,sil
16.44865870475769,-9,-2,9,13,2,11,14,3,2,11,-1,-7,-11,3,sil
16.44865870475769,0,-5,-6,-8,-6,8,9,6,9,11,-10,0,-4,9,sil
16.464850187301636,-7,-15,-23,-21,-20,-8,-5,-2,2,2,-21,-12,-2,2,sil
16.464850187301636,-10,-19,-26,-10,-20,-18,-10,-4,0,-9,-15,-15,0,-3,sil
16.480584144592285,0,-14,-23,-11,-12,-25,-25,-5,-4,-13,2,1,14,-7,sil
16.480584144592285,-1,3,-9,-17,-10,-29,-45,-17,-28,-20,8,7,7,-16,sil
16.495575428009033,0,23,7,4,-5,-10,-24,-14,-31,-22,3,0,-13,-13,sil
16.495575428009033,5,15,17,23,6,14,12,5,-12,1,0,-2,-7,4,sil
16.510783672332764,-11,-9,6,6,5,18,16,8,-6,18,-12,-7,-3,6,sil
16.510783672332764,-22,-10,-9,0,0,17,13,3,0,11,-26,-14,-20,-1,sil
16.526373863220215,1,4,-1,16,4,21,25,14,19,20,-23,3,-9,12,sil
16.526373863220215,27,2,9,12,4,17,21,24,29,29,-5,21,17,26,sil
16.542030572891235,26,-2,8,-7,7,7,3,19,26,13,17,23,31,20,sil
16.542030572891235,16,0,4,-7,14,-9,-2,4,18,-6,28,24,35,10,sil
16.55764126777649,8,4,-1,-10,7,-24,-9,-12,-2,-17,11,17,19,1,sil
16.55764126777649,7,13,7,-12,3,-12,-11,-8,-13,-14,8,9,0,-6,sil
16.57279086112976,13,21,22,14,9,6,5,6,0,-2,21,6,1,-7,sil
16.57279086112976,1,9,9,20,4,5,15,0,-1,-3,10,-2,-4,-9,sil
16.588276147842407,-18,-4,-5,0,-5,9,11,-7,-4,-2,-2,-14,-20,-8,sil
16.588276147842407,-14,-4,-2,12,-1,20,13,0,8,13,-1,-15,-11,-3,sil
16.603855848312378,-10,-8,-6,17,0,7,7,-3,4,12,-10,-10,-7,-5,sil
16.603855848312378,-15,-26,-27,-12,-10,-5,0,-7,1,3,-10,-11,-15,-2,sil
16.61971926689148,-11,-29,-25,-28,-12,-1,0,4,20,12,1,-8,-5,7,sil
16.61971926689148,0,-10,-5,-19,-7,-5,-5,14,26,9,2,0,11,8,sil
16.63475275039673,10,9,0,-3,-10,-15,-16,4,13,-3,7,12,22,5,sil
16.63475275039673,17,17,8,5,-5,-13,-19,-5,1,-6,23,21,26,7,sil
16.650324821472168,16,15,16,2,4,-10,-16,-3,-8,-5,19,14,15,2,sil
16.650324821472168,9,21,12,2,6,-2,-13,-6,-19,-8,2,-3,0,-8,sil
16.66573476791382,0,22,6,7,4,4,-7,-17,-29,-12,-6,-11,-6,-11,sil
16.66573476791382,-19,8,-1,6,4,0,-2,-22,-40,-21,-16,-20,-23,-20,sil
16.681770086288452,-36,-4,-6,1,2,-5,-10,-22,-42,-32,-34,-33,-44,-30,sil
16.681770086288452,-26,-5,-2,6,6,5,-5,-12,-30,-17,-34,-29,-31,-17,sil
16.697307348251343,-1,-4,4,17,6,18,18,5,-7,12,-13,-5,1,7,sil
16.697307348251343,2,-20,-1,6,-5,11,20,13,5,17,-8,1,5,10,sil
16.71288824081421,-6,-32,-23,-23,-13,-5,3,9,7,5,-20,-11,-8,1,sil
16.71288824081421,0,-18,-19,-28,-5,-11,3,19,14,5,-4,1,1,10,sil
16.728789806365967,26,0,4,-6,0,-9,8,30,27,13,27,33,32,23,sil
16.728789806365967,32,2,11,-5,0,-12,-4,15,21,7,35,38,34,16,sil
16.744799852371216,12,4,10,-8,-1,-6,-13,-1,5,-10,23,19,5,0,sil
16.744799852371216,2,13,15,16,5,6,0,0,8,-11,5,2,-12,-4,sil
16.760295867919922,5,12,19,28,8,19,22,5,16,17,-3,4,-3,12,sil
16.760295867919922,7,0,11,9,6,29,32,6,19,38,-3,9,4,23,sil
16.776347160339355,5,-6,-6,-8,0,22,15,8,26,27,-2,4,3,14,sil
16.776347160339355,3,-4,-13,-16,-7,-9,-11,0,19,3,6,4,11,6,sil
16.791826725006104,7,4,-4,-11,-8,-25,-18,-8,-1,-12,20,15,18,0,sil
16.791826725006104,9,20,9,2,6,-7,-13,-7,-13,-20,21,14,3,-9,sil
16.807430505752563,-7,23,9,13,12,0,-8,-6,-12,-15,7,-9,-17,-14,sil
16.807430505752563,-33,3,-10,2,0,-8,-3,-14,-16,-11,-13,-32,-24,-21,sil
16.822527408599854,-30,-10,-9,-16,-7,-5,-6,-15,-26,-17,-17,-27,-19,-25,sil
16.822527408599854,-4,3,12,0,-3,7,-8,-10,-23,-12,1,-10,-8,-11,sil
16.837696313858032,0,9,15,28,2,9,1,-11,-15,3,0,-10,-7,0,sil
16.837696313858032,-12,-11,-9,15,1,5,12,-5,-2,18,-21,-18,-11,1,sil
16.85327649116516,-10,-21,-24,-6,-6,0,8,4,12,22,-14,-9,2,4,sil
16.85327649116516,-4,-18,-15,-7,-9,-3,-2,4,11,8,-4,0,11,6,sil
16.868826389312744,0,-19,-14,-6,-2,-1,0,5,8,0,-14,-5,1,2,sil
16.868826389312744,1,-16,-15,-14,1,2,1,11,14,7,-17,-7,1,0,sil
16.884347438812256,0,-12,-11,-14,2,-2,-8,8,15,5,-6,0,11,-2,sil
16.899573802947998,3,2,-6,-3,4,-9,-14,3,11,-2,2,10,16,2,sil
16.899573802947998,22,23,11,9,8,-6,-5,6,4,-1,16,32,22,13,sil
16.914721488952637,30,24,21,15,8,-5,-2,1,-7,-5,25,32,21,5,sil
16.914721488952637,14,12,10,0,-2,-14,-7,-9,-20,-25,20,12,4,-7,sil
16.930803060531616,5,14,11,-10,-7,-20,-4,-10,-26,-40,15,11,-2,-8,sil
16.930803060531616,8,22,18,6,3,-3,5,-1,-21,-24,9,12,-2,-10,sil
16.946391582489014,-2,14,13,15,5,15,16,2,-12,-2,-7,-9,-17,-15,sil
16.946391582489014,-12,5,4,8,-4,18,19,-2,-12,-10,-20,-23,-32,-10,sil
16.961540699005127,-7,2,6,12,-1,13,6,-8,-15,-15,-17,-11,-26,0,sil
16.961540699005127,-6,-8,8,8,0,13,-1,0,-4,11,-6,0,-10,7,sil
16.977587699890137,-9,-13,-1,0,-4,15,11,6,14,30,0,-5,0,9,sil
16.977587699890137,-7,-3,-4,10,0,15,16,1,15,13,-1,-14,0,8,sil
16.993680000305176,-2,-13,-3,-4,-1,8,3,1,11,13,0,-7,1,12,sil
16.993680000305176,0,-33,-10,-55,-13,1,-2,7,21,36,5,5,9,19,sil
17.009342908859253,-7,-29,-20,-57,-10,-1,-5,7,25,32,9,1,12,15,sil
17.009342908859253,-15,-10,-31,-12,-1,-7,-11,1,16,9,4,-13,4,-1,sil
17.024423599243164,-12,-9,-23,0,-4,-11,-8,0,7,0,-1,-14,-1,-6,sil
17.024423599243164,-1,-11,-1,5,0,-8,0,6,10,-2,-8,-5,-3,-2,sil
17.04034948348999,6,0,3,26,17,-8,-2,5,12,-2,-5,3,0,-4,sil
17.04034948348999,11,5,-4,16,19,-13,-11,0,3,-3,2,15,10,-4,sil
17.055506706237793,10,-3,-3,0,3,-12,-7,-2,-2,-7,2,16,13,0,sil
17.055506706237793,12,1,10,11,-2,-11,-4,1,-5,-7,4,17,13,4,sil
17.07064127922058,15,16,10,12,0,-12,-10,-2,-10,-8,16,13,13,1,sil
17.07064127922058,10,19,3,-1,-8,-11,-13,-16,-15,-18,15,4,5,-4,sil
17.08580708503723,13,28,21,6,-10,-2,-4,-12,-9,-10,15,12,5,-3,sil
17.08580708503723,26,47,33,28,7,9,8,3,1,14,31,26,17,7,sil
17.101351022720337,16,38,23,22,16,13,7,2,2,13,21,15,7,11,sil
17.101351022720337,-5,11,12,0,4,10,3,-4,-3,-6,-11,-7,-17,-1,sil
17.1172993183136,-12,-1,4,-5,-3,10,6,-4,-9,-15,-27,-18,-24,-18,sil
17.1172993183136,-20,-5,0,-1,-3,10,6,-4,-17,-21,-25,-20,-25,-21,sil
17.133392810821533,-29,-7,-9,-8,-5,9,7,-5,-21,-17,-21,-23,-26,-17,sil
17.133392810821533,-19,-5,-11,-15,0,10,11,-1,-20,-3,-14,-22,-20,-12,sil
17.148823499679565,-6,-1,0,2,18,16,15,7,-6,5,-13,-16,-10,-3,sil
17.148823499679565,-8,-7,0,18,13,20,18,4,8,14,-19,-14,-6,6,sil
17.16415023803711,-16,-32,-20,-8,-5,16,11,-2,3,17,-21,-15,-9,4,sil
17.16415023803711,-12,-45,-30,-29,-8,3,2,4,7,7,-14,-16,-5,1,sil
17.179746389389038,0,-28,-13,-17,-4,-14,-3,14,24,-6,-2,0,14,9,sil
17.179746389389038,0,-19,-8,-11,-10,-26,-10,4,13,-14,-1,7,17,5,sil
17.195597171783447,-3,-26,-24,-16,-9,-20,-9,-4,0,-5,-10,-6,0,-3,sil
17.195597171783447,2,-21,-14,-15,-4,-13,-1,2,9,10,-1,3,8,9,sil
17.210699796676636,16,-5,1,-6,-11,-18,-7,9,10,16,21,32,31,18,sil
17.210699796676636,17,5,0,0,-17,-25,-30,1,-6,4,28,31,28,2,sil
17.226722717285156,18,15,3,-2,-14,-28,-38,0,-8,-12,25,23,10,-3,sil
17.226722717285156,26,31,18,7,-4,-18,-21,1,7,-6,34,29,7,3,sil
17.24191379547119,16,38,24,15,10,3,-3,-3,10,11,38,22,9,2,sil
17.24191379547119,-1,28,16,7,17,12,0,-13,-7,1,11,0,-3,-5,sil
17.25800323486328,-7,25,12,18,13,12,5,-13,-19,-20,-15,-17,-20,-8,sil
17.25800323486328,-10,20,9,31,13,22,22,-3,-8,-6,-6,-21,-18,-4,sil
17.274498462677002,-15,2,-1,11,7,21,23,0,0,10,0,-19,-16,-3,sil
17.274498462677002,-7,-2,0,6,-1,13,10,-2,-3,0,-12,-6,-16,-10,sil
17.29049062728882,10,6,13,24,8,23,15,-2,-1,0,-8,6,0,0,sil
17.29049062728882,15,1,11,12,19,24,19,4,5,17,1,2,11,18,sil
17.305539846420288,1,-8,0,-11,7,4,0,8,7,9,-7,-9,0,7,sil
17.305539846420288,-3,-7,-6,-13,-3,-4,-4,4,9,0,-11,-5,-2,-5,sil
17.320865392684937,1,-6,0,-8,0,1,13,2,16,21,5,8,13,13,hello
17.320865392684937,0,-8,-1,-4,-2,0,12,6,19,36,11,4,16,28,hello
17.336512565612793,-10,-8,-9,-6,-12,-6,-5,4,9,13,-5,-5,1,9,hello
17.336512565612793,-15,-14,-12,-11,-12,-8,-7,0,1,-11,-15,-7,-2,-6,hello
17.35204243659973,-10,-17,-15,-13,-11,-7,2,0,1,-14,-7,-11,0,-9,hello
17.35204243659973,-13,-18,-18,-25,-9,-10,3,-3,-9,-17,-5,-16,-5,-19,hello
17.36762046813965,-14,-19,-16,-28,-8,-16,-3,-4,-22,-25,-8,-13,-12,-22,hello
17.36762046813965,0,-3,-2,-5,-9,-15,-12,0,-7,-13,8,6,3,-6,hello
17.38363552093506,11,14,11,7,-1,-6,-13,6,13,1,27,30,23,6,hello
17.38363552093506,16,12,11,0,8,-7,-12,5,3,-2,19,22,18,4,hello
17.398772716522217,19,10,11,1,7,-11,-11,-5,-18,-12,10,13,2,-1,hello
17.398772716522217,16,16,16,14,0,-2,-9,-11,-28,-7,8,15,-5,-2,hello
17.41438627243042,0,11,4,14,0,0,-14,-11,-31,-11,-17,-3,-18,-9,hello
17.41438627243042,-13,3,-11,1,0,-12,-22,-12,-31,-26,-44,-25,-32,-24,hello
17.430297374725342,-7,2,-9,0,0,-5,-13,-7,-17,-22,-32,-14,-27,-19,hello
17.430297374725342,4,7,8,21,7,19,10,0,-3,1,-11,3,-8,8,hello
17.445485591888428,9,11,19,34,18,29,22,0,7,20,-9,-1,0,19,hello
17.445485591888428,0,1,4,17,17,21,17,5,23,23,-7,-15,-1,6,hello
17.46154808998108,-14,-12,-8,0,10,16,19,12,22,13,0,-21,-5,3,hello
17.46154808998108,-17,-11,-10,4,2,24,32,6,18,11,-3,-20,-4,7,hello
17.47752356529236,-12,-12,-8,0,0,31,37,6,34,27,0,-9,1,11,hello
17.47752356529236,-8,-23,-11,-17,-6,7,27,22,51,43,15,2,18,17,hello
17.492674112319946,0,-18,-13,-16,-17,-23,1,21,33,29,20,14,33,16,hello
17.492674112319946,5,-7,-9,-20,-19,-27,-28,0,-3,-2,21,22,24,3,hello
17.508734464645386,7,-12,-8,-35,-14,-19,-31,-9,-12,-21,20,19,9,-1,hello
17.508734464645386,11,-5,-1,-28,-15,-17,-13,-5,-3,-23,12,17,12,1,hello
17.524865865707397,10,13,7,-10,-14,-17,-12,-5,-12,-22,2,14,11,-2,hello
17.524865865707397,4,17,3,-4,0,-17,-29,-9,-19,-19,4,2,-4,-13,hello
17.540184020996094,6,14,5,1,9,-17,-35,-13,-13,-16,13,2,-11,-13,hello
17.540184020996094,12,20,13,14,6,-9,-15,-12,-13,-10,18,10,-2,-7,hello
17.555866956710815,9,27,19,20,8,0,0,-8,-16,-9,13,6,-2,-8,hello
17.555866956710815,4,24,19,24,17,9,3,-3,-8,-9,0,-4,-8,-7,hello
17.571418285369873,-2,6,4,25,13,16,12,0,-3,1,-13,-15,-11,-6,hello
17.571418285369873,-9,-10,-4,13,3,19,18,5,-7,9,-17,-11,-10,-5,hello
17.58660101890564,1,-1,2,8,9,17,16,13,2,14,-2,1,0,5,hello
17.58660101890564,7,13,7,11,11,12,16,9,7,17,0,0,7,14,hello
17.60265326499939,-10,-3,-1,-5,-6,4,6,-2,-10,5,-13,-17,-6,0,hello
17.60265326499939,-21,-23,-12,-22,-15,-4,-3,-6,-14,0,-14,-15,-10,-10,hello
17.61834454536438,-11,-14,-2,-8,-2,1,7,0,-4,10,-2,0,3,0,hello
17.61834454536438,-4,-1,3,8,4,16,17,2,1,13,0,0,9,7,hello
17.634400606155396,-4,-4,0,3,1,5,6,0,6,5,-7,-4,1,7,hello
17.634400606155396,-6,-10,0,-1,0,-5,1,1,4,4,-18,-2,-5,3,hello
17.649843215942383,0,-8,0,0,0,2,12,6,8,6,-18,-7,-4,4,hello
17.649843215942383,12,-1,0,0,2,0,7,5,16,-6,-1,0,0,15,hello
17.66547203063965,15,0,3,2,0,-14,-5,5,10,-19,6,10,2,15,hello
17.66547203063965,8,0,-7,3,-2,-5,-3,7,9,-4,2,8,4,6,hello
17.680449724197388,1,-4,-15,-10,-2,3,-4,8,20,12,1,3,4,4,hello
17.695544004440308,-4,-11,-19,-18,-7,-5,-15,1,14,1,0,0,-1,-4,hello
17.695544004440308,-14,-6,-18,-14,-10,-9,-16,-11,-7,-25,-13,-9,-14,-21,hello
17.71090269088745,-17,1,-9,-7,-7,-4,-8,-12,-18,-29,-14,-13,-21,-21,hello
17.71090269088745,-8,0,-8,-1,-8,-8,-7,-5,-9,-8,5,-4,-4,-11,hello
17.71090269088745,4,-4,-4,-8,-11,-13,-9,-4,0,0,14,7,13,-2,hello
17.7266366481781,14,-5,4,-13,-10,-12,-12,-3,-3,-3,6,11,9,2,sil
17.742387294769287,10,0,6,-5,-7,-7,-12,0,-6,-2,12,11,4,1,sil
17.742387294769287,10,8,4,2,0,0,-2,4,5,5,24,14,13,1,sil
17.757270574569702,18,13,12,8,13,5,7,-3,6,18,16,15,14,6,sil
17.757270574569702,8,9,20,11,17,3,4,-9,-7,17,4,6,3,3,sil
17.77265763282776,-3,14,16,15,15,8,1,0,-4,3,3,0,2,-3,sil
17.77265763282776,2,20,15,17,18,12,5,7,3,1,8,2,9,-2,sil
17.78876233100891,9,10,14,10,13,3,1,0,-3,6,13,7,1,4,sil
17.78876233100891,-6,1,3,7,1,2,-8,-10,-14,0,5,0,-13,0,sil
17.80477809906006,-23,2,0,12,0,12,-2,-10,-11,-3,-8,-14,-17,-14,sil
17.80477809906006,-11,5,0,13,5,13,17,1,-5,1,-12,-25,-9,-13,sil
17.8207426071167,0,7,-3,7,4,9,20,0,-12,0,-15,-23,-6,-4,sil
17.8207426071167,-11,0,-9,0,-4,5,13,-3,-10,0,-21,-14,-12,-1,sil
17.835886240005493,-11,-14,-12,-8,-17,3,18,11,20,8,-18,-6,-6,5,sil
17.835886240005493,0,-23,-15,-15,-13,0,14,24,34,14,-10,-2,8,15,sil
17.851447343826294,-4,-25,-25,-25,-5,-11,-4,16,16,7,-5,-1,13,9,sil
17.851447343826294,-3,-17,-19,-28,-12,-27,-12,11,9,-3,5,10,16,3,sil
17.866626501083374,16,-7,3,-17,-19,-25,-11,7,9,-12,17,26,21,10,sil
17.866626501083374,15,0,13,-9,-6,-11,-16,-11,-6,-23,16,23,11,9,sil
17.882025957107544,2,12,19,0,10,0,-15,-17,-15,-29,19,15,0,1,sil
17.882025957107544,5,24,26,20,15,4,-4,-8,-11,-9,18,11,2,-1,sil
17.898046255111694,4,14,14,28,9,2,-2,-18,-22,4,-3,-6,-7,-5,sil
17.898046255111694,-11,1,-1,16,4,12,-3,-22,-28,-11,-27,-26,-29,-12,sil
17.913679361343384,-11,2,-6,15,6,26,12,0,1,0,-23,-23,-20,-7,sil
17.913679361343384,0,0,-1,16,8,22,25,17,30,34,-10,-2,0,12,sil
17.928832292556763,-1,-16,-8,-1,1,9,9,6,19,25,-12,-2,-9,11,sil
17.928832292556763,-8,-21,-18,-23,-8,0,-8,0,3,0,-16,-13,-22,-5,sil
17.944708824157715,0,-12,-6,-24,-11,-7,0,8,6,4,-5,-3,-6,-3,sil
17.944708824157715,11,-3,0,-11,-4,-10,4,10,6,7,4,9,13,2,sil
17.960729837417603,15,0,0,-8,1,-6,-2,10,3,0,12,14,19,2,sil
17.960729837417603,15,0,2,-12,-2,-6,0,14,11,6,19,16,22,7,sil
17.976481437683105,12,1,1,-5,-4,-9,6,1,7,0,13,9,17,1,sil
17.976481437683105,3,12,0,6,0,-9,-8,-14,-12,-17,8,2,4,-8,sil
17.992050886154175,0,24,6,14,3,-11,-20,-12,-14,-9,18,8,3,-2,sil
17.992050886154175,0,26,13,16,3,-18,-22,-11,-13,-4,19,13,4,-3,sil
18.007752180099487,-1,18,14,18,2,-14,-25,-15,-22,-19,6,7,-10,-15,sil
18.007752180099487,-9,5,5,17,0,3,-10,-12,-16,-12,-4,-9,-20,-14,sil
18.023326873779297,-21,-5,-6,6,1,17,13,-6,-3,0,-16,-26,-20,-11,sil
18.023326873779297,-25,-11,-11,0,5,18,20,-2,0,-2,-20,-28,-23,-11,sil
18.03856658935547,-17,-12,-4,7,3,16,21,7,5,4,-13,-14,-9,2,sil
18.03856658935547,-4,-17,-7,-1,-5,12,26,22,22,29,-11,-4,15,20,sil
18.05486822128296,3,-24,-22,-32,-13,2,12,22,31,33,-14,0,17,21,sil
18.05486822128296,0,-21,-17,-38,-11,-9,-8,8,17,8,-4,6,13,9,sil
18.07080340385437,1,-3,-2,-14,-13,-15,-15,0,-2,-13,11,14,19,-1,sil
18.07080340385437,12,9,4,-7,-9,-13,-14,-5,-14,-23,15,18,15,-7,sil
18.08676838874817,11,8,6,-4,5,-7,-11,-8,-14,-17,13,15,6,-7,sil
18.08676838874817,5,14,7,12,15,0,-4,-8,-11,-2,18,5,6,-4,sil
18.108464241027832,5,20,16,22,8,3,0,-7,-17,-5,16,0,1,-3,sil
18.108464241027832,7,13,19,25,9,4,4,-6,-15,-5,3,-1,-3,0,sil
18.108464241027832,7,8,13,28,20,18,10,-4,-3,14,-4,-2,-8,7,sil
18.117572784423828,0,-1,1,11,15,29,15,1,3,18,-13,-10,-17,7,sil
18.13272166252136,-11,-18,-12,-10,0,18,15,11,12,12,-18,-20,-14,11,sil
18.13272166252136,0,-14,-7,-14,-3,6,13,20,27,16,-5,-9,0,22,sil
18.14862847328186,18,0,0,-7,0,-2,2,15,26,4,1,4,2,15,sil
18.14862847328186,10,-2,-2,-12,-10,-19,-16,-2,2,-20,-7,7,-9,-5,sil
18.164878606796265,-4,-14,-11,-23,-18,-25,-23,-9,-10,-19,-12,5,-7,-14,sil
18.164878606796265,0,-12,-12,-24,-14,-13,-12,-3,-1,-10,-5,9,6,-10,sil
18.17999029159546,2,3,3,-12,-3,-4,-10,0,3,-15,7,16,10,-8,sil
18.17999029159546,-2,18,22,11,6,-4,-5,0,0,-7,16,15,1,-6,sil
18.195301294326782,-7,19,16,26,7,-3,1,-5,-8,4,4,2,-9,-5,sil
18.195301294326782,-15,13,5,15,0,1,-1,-17,-20,0,-9,-14,-19,-9,sil
18.21131944656372,-10,8,4,16,1,6,2,-22,-21,0,-4,-22,-17,-8,sil
18.21131944656372,0,2,11,26,3,7,20,-12,-14,12,-3,-11,-12,3,sil
18.227371215820312,-1,-1,11,22,0,8,25,1,-4,13,-11,0,-14,4,sil
18.227371215820312,-7,0,-3,11,0,8,15,15,10,6,-10,-7,-7,0,sil
18.243070363998413,-11,-8,-24,-2,0,0,4,23,21,10,-3,-14,7,3,sil
18.243070363998413,-7,-20,-30,-18,-5,-3,-2,18,27,19,1,-3,17,6,sil
18.25866460800171,2,-14,-14,-25,-5,0,-3,7,28,8,9,8,25,0,sil
18.25866460800171,4,-8,-13,-27,-6,-3,-9,5,17,-9,10,3,28,0,sil
18.27450108528137,3,-13,-20,-23,-15,-9,-16,8,3,-5,4,0,23,7,sil
18.27450108528137,9,-6,-4,-10,-13,-7,-11,5,1,4,11,16,21,14,sil
18.2898223400116,13,1,-1,-6,0,-7,-11,-5,-6,-4,13,20,12,0,sil
18.2898223400116,11,-1,-5,-14,4,-6,-19,-17,-25,-15,0,8,-3,-14,sil
18.30539870262146,11,6,7,-11,6,0,-5,-11,-26,-8,0,9,-3,-4,sil
18.305890321731567,9,21,13,3,13,2,13,-5,-14,-7,17,10,2,-1,sil
18.32052111625672,4,22,12,15,18,0,4,-7,-11,-13,18,4,-3,-11,sil
18.32052111625672,8,18,23,17,15,1,-2,-4,-7,-8,1,0,-6,0,sil
18.335440397262573,0,13,23,13,9,3,0,-1,-7,-8,-12,-13,-9,5,sil
18.351009845733643,-10,0,7,17,7,6,2,-1,-7,-6,-12,-22,-15,-4,sil
18.351009845733643,-4,3,8,33,12,17,12,1,7,17,3,-5,0,5,sil
18.351009845733643,-3,10,14,30,8,19,14,3,15,21,6,0,7,14,sil
18.36665344238281,-14,-6,-2,12,-7,2,3,0,0,0,-11,-15,-10,-1,sil
18.36665344238281,-9,-16,-6,3,-12,-2,4,2,-5,0,-18,-11,-16,-5,sil
18.382365703582764,1,-6,3,0,-10,0,10,3,8,11,-7,8,-7,4,sil
18.382365703582764,-6,-13,-7,-10,-18,-4,3,0,11,4,-8,2,-11,2,sil
18.398324966430664,-14,-28,-16,-23,-17,0,-1,2,5,11,-13,-7,-14,2,sil
18.398324966430664,-5,-18,-13,-24,-9,2,0,7,17,29,-9,-3,-7,7,sil
18.413015365600582,0,-7,-10,-21,-11,-5,-6,7,30,15,-4,5,-3,2,sil
18.413015365600582,8,0,-4,-18,-5,-8,-12,12,26,-3,3,12,6,3,sil
18.42886543273925,19,9,-3,-13,0,-8,-17,8,4,-7,7,9,20,5,sil
18.444576740264893,4,1,-7,-19,-6,-23,-27,-16,-31,-35,0,0,6,-13,sil
18.444576740264893,-12,-11,-11,-17,-4,-28,-26,-30,-47,-51,-1,-6,-11,-27,sil
18.44528841972351,-7,3,-5,0,7,-10,-4,-19,-30,-26,8,-7,-3,-18,sil
18.45979690551757,-4,11,0,3,5,6,16,-8,-18,-16,2,-7,-1,-18,sil
18.47532033920288,-8,7,1,1,7,16,27,0,-15,-16,-6,-4,-11,-15,sil
18.47532033920288,1,19,16,26,25,30,31,10,0,8,3,0,-1,13,sil
18.490736484527588,6,16,16,34,21,30,33,14,14,33,5,1,7,29,sil
18.490736484527588,0,-7,-2,2,-1,10,23,11,20,31,-5,1,2,13,sil
18.50635814666748,4,-14,-2,-6,-2,-1,6,13,26,27,2,7,10,6,sil
18.50635814666748,11,-6,1,4,2,-5,-4,11,29,28,19,7,21,7,sil
18.521594047546387,3,-2,-4,-6,-7,-16,-21,0,21,12,13,1,13,0,sil
18.521594047546387,6,3,0,-7,-14,-19,-31,0,11,0,1,3,7,0,sil
18.53766202926636,15,19,11,17,1,-5,-20,1,1,-1,7,15,15,4,sil
18.53766202926636,11,25,12,19,23,4,-10,-3,-7,-11,21,24,23,1,sil
18.552823543548584,4,20,10,12,15,3,-7,-4,-6,-21,21,16,20,-2,sil
18.552823543548584,10,23,22,19,-2,5,-8,-1,-5,-13,6,9,9,-1,sil
18.56830263137817,18,26,29,24,0,6,-7,-8,-10,-3,0,7,1,0,sil
18.56830263137817,7,12,16,18,4,7,3,-19,-18,-4,-5,-4,-8,1,sil
18.583463191986084,-19,-15,0,7,-4,8,18,-11,-23,-5,-24,-21,-27,3,sil
18.583463191986084,-28,-32,-12,-5,-9,8,23,2,-10,6,-31,-28,-26,0,sil
18.59809875488281,-17,-32,-18,-14,-6,8,22,5,5,20,-18,-24,-14,0,sil
18.59809875488281,-20,-32,-28,-20,-7,2,15,2,-1,16,-16,-26,-15,1,sil
18.61452341079712,-28,-36,-38,-28,-10,-13,0,2,-9,0,-21,-26,-14,0,sil
18.61452341079712,-15,-35,-32,-36,-14,-18,-10,4,0,-9,-13,-14,-10,-5,sil
18.62993645668029,-1,-22,-27,-33,-13,-5,-9,4,10,-5,-5,-3,-7,-8,sil
18.62993645668029,0,-2,-17,-22,-4,-4,-6,4,10,3,0,7,3,0,sil
18.645529985427856,5,1,-6,-13,0,-16,-7,7,11,4,6,15,6,7,sil
18.645529985427856,4,-1,-9,-13,-2,-17,-17,1,5,-12,3,6,-11,-6,sil
18.661606311798096,-1,2,-1,-14,0,-6,-17,-6,-6,-27,0,-1,-18,-22,sil
18.661606311798096,9,15,14,0,5,-1,0,-1,-3,-11,14,8,0,-14,sil
18.6775016784668,18,18,22,10,3,-2,3,1,7,3,27,19,6,-3,sil
18.6775016784668,8,20,18,4,2,0,0,-1,5,-2,15,11,0,-5,sil
18.69308280944824,4,27,13,9,5,7,3,-5,0,-4,10,3,8,-5,sil
18.69308280944824,11,24,21,22,4,7,1,-3,-2,6,20,13,19,0,sil
18.7088360786438,9,13,27,24,-2,6,-1,0,-3,7,11,13,17,6,sil
18.7088360786438,7,9,16,19,-1,9,3,-1,-9,-2,-8,1,7,12,sil
18.724931955337524,9,6,9,20,7,3,2,-2,-10,-8,-7,1,0,6,sil
18.724931955337524,5,11,21,21,11,-1,-1,-5,-9,-10,0,8,3,-2,sil
18.74073600769043,2,15,28,13,16,4,3,-5,-8,-4,0,9,9,7,sil
18.74073600769043,5,2,6,5,17,10,13,3,7,10,-6,3,7,20,sil
18.756452083587646,-2,-8,-10,2,2,5,7,9,14,19,-10,-4,0,12,sil
18.756452083587646,-15,-7,-13,-1,-3,3,-4,0,1,11,-9,-15,-5,-1,sil
18.772496938705444,-15,-6,-15,2,5,9,0,-3,5,6,-3,-16,-8,-3,sil
18.772496938705444,-13,-8,-7,14,8,12,12,7,17,13,-1,-5,-4,5,sil
18.78742289543152,-9,-8,-7,9,0,9,17,12,10,21,-3,-6,0,12,sil
18.78742289543152,-3,-13,-16,-10,-8,7,15,6,7,15,-4,-11,-1,7,sil
18.803131580352783,-9,-24,-19,-18,-9,3,8,5,11,0,-7,-9,-1,0,sil
18.803131580352783,-18,-23,-26,-15,-10,-6,-2,0,1,-10,-12,-14,-5,-9,sil
18.81837296485901,-4,-12,-22,-19,-15,-15,-11,-5,-9,-4,-9,-12,-8,-8,sil
18.81837296485901,12,-6,-7,-18,-11,-12,-6,6,-1,7,5,6,3,1,sil
18.83338475227356,7,-6,-7,-11,-2,-6,2,10,11,7,14,10,15,3,sil
18.83338475227356,0,-2,-9,-18,-6,-11,-5,-4,0,-14,3,-1,4,-5,sil
18.84840726852417,15,8,0,-17,-11,-16,-16,-12,-18,-25,-1,1,-4,-5,sil
18.84840726852417,27,18,10,-1,-1,-10,-7,-1,-18,-15,15,16,4,0,sil
18.86445569992065,20,19,12,4,5,0,0,2,-7,-8,30,21,13,-4,sil
18.86445569992065,5,14,16,2,3,-2,-16,-5,-8,-6,26,19,12,-13,sil
18.87965989112854,1,8,26,5,3,-11,-33,-12,-16,2,15,17,5,-8,sil
18.87965989112854,3,7,19,9,4,-14,-29,-14,-17,0,0,3,-9,-4,sil
18.894864797592163,-5,6,8,8,6,-5,-5,-12,-15,-18,-18,-12,-27,-5,sil
18.894864797592163,-19,-5,1,10,6,6,13,0,-14,-22,-31,-26,-30,-5,sil
18.91038608551025,-24,-19,-9,1,0,9,12,3,-7,-1,-32,-32,-22,-6,sil
18.91038608551025,-19,-15,-14,-8,0,14,11,0,9,13,-21,-23,-13,-6,sil
18.926373958587646,-12,-8,-11,0,2,22,28,3,29,20,-11,-10,-3,1,sil
18.926373958587646,-11,-13,-11,-1,-5,13,27,5,24,15,-10,0,3,5,sil
18.94243645668029,-1,-10,-12,-17,-8,-4,5,2,8,0,-1,13,9,0,sil
18.94243645668029,16,5,-1,-5,0,-12,-8,6,14,-4,16,21,16,3,sil
18.957582712173465,19,16,17,10,1,-13,-13,13,24,-3,30,22,20,15,sil
18.957582712173465,8,25,24,11,1,-9,-12,8,9,-1,34,19,20,12,sil
18.97363328933716,9,33,25,25,7,6,0,-4,-5,5,24,15,14,8,sil
18.97363328933716,10,19,22,34,11,24,15,-6,-2,18,4,3,2,13,sil
18.98931908607483,-10,-7,1,8,0,24,21,-4,-5,9,-18,-21,-12,6,sil
18.98931908607483,-25,-15,-14,-9,-5,17,19,-6,-8,-7,-36,-36,-25,-5,sil
19.00484848022461,-1,1,-8,10,4,15,25,5,21,14,-29,-17,-9,2,sil
19.00484848022461,16,1,-3,11,10,9,18,22,37,36,0,8,18,13,sil
19.01955556869507,5,-19,-16,-21,-1,-7,-13,8,1,0,7,6,12,0,sil
19.01955556869507,0,-15,-20,-21,-6,-18,-31,-11,-20,-32,-3,-3,-5,-13,sil
19.03560709953308,7,5,-3,2,2,-6,-18,0,-4,-12,8,7,0,-8,sil
19.05171632766724,8,3,-2,-6,2,0,-11,14,9,12,26,18,12,3,sil
19.05171632766724,7,-3,-4,-25,5,-7,-12,2,0,6,13,9,7,3,sil
19.05171632766724,2,4,4,-6,4,-8,-2,-6,-22,-13,-3,-4,-7,-2,sil
19.06741833686829,-7,4,0,9,-6,-9,0,-6,-33,-21,-2,-3,-7,-2,sil
19.06741833686829,-3,-12,-6,-4,-2,-18,-16,-15,-30,-14,2,11,6,-3,sil
19.082553386688232,0,-17,-9,-17,-8,-24,-20,-20,-30,-10,5,10,5,-11,sil
19.082553386688232,-11,-6,-11,-18,-35,-16,-9,-8,-28,-10,4,-2,-8,-17,sil
19.098467588424683,-8,-8,3,-16,-23,1,1,3,-10,-5,-2,-4,-10,-11,sil
19.098467588424683,1,-9,11,-3,15,5,9,2,6,0,-7,-2,-6,0,sil
19.114402532577515,-4,3,6,10,12,-4,8,1,0,3,-1,-3,-4,4,sil
19.114402532577515,0,14,15,25,-1,2,7,3,-1,10,4,0,2,3,sil
19.129587650299072,8,15,23,31,6,13,8,0,0,8,0,1,2,0,sil
19.144744873046875,-3,15,9,13,6,5,0,-5,-7,-2,-6,-9,-4,-5,sil
19.144744873046875,-11,8,-2,5,0,5,-1,-4,0,-1,-7,-14,0,0,sil
19.160264492034912,0,-1,4,10,3,15,11,1,17,9,-5,-10,0,8,sil
19.160264492034912,0,-3,-1,4,1,13,10,5,18,16,-11,-18,-10,5,sil
19.175502061843872,-8,-1,-15,-4,1,14,7,8,22,8,-13,-19,-7,2,sil
19.175502061843872,-7,-2,-1,4,12,24,17,12,46,5,-4,2,0,12,sil
19.19072675704956,0,0,1,11,10,17,13,8,58,18,0,3,3,13,sil
19.19072675704956,0,0,-14,-4,0,-3,0,0,65,10,0,-3,10,0,sil
19.20649003982544,-3,-9,-24,-21,-2,-19,0,3,82,-9,5,12,18,0,sil
19.20649003982544,0,-19,-22,-24,-10,-17,1,9,40,-4,1,17,14,3,sil
19.221683979034424,9,-17,-12,-21,-11,-12,0,8,-43,7,-8,2,6,0,sil
19.221683979034424,20,0,7,-5,2,-10,-1,8,-52,8,5,9,17,2,sil
19.236910104751587,18,8,16,-1,5,-3,-11,0,-25,0,25,24,22,10,sil
19.236910104751587,12,0,0,-17,-8,-11,-25,-14,-50,-23,14,17,3,-1,sil
19.252516508102417,15,8,8,-10,-11,-27,-27,-23,-74,-35,6,18,-8,-13,sil
19.252516508102417,16,34,41,22,0,-13,-18,-17,-56,-22,24,27,-7,-6,sil
19.267650365829468,9,33,37,32,5,10,-6,-8,-36,-9,26,13,-17,-4,sil
19.267650365829468,0,17,18,15,9,14,0,-6,-22,-6,9,0,-26,-6,sil
19.28374409675598,-2,15,18,17,15,13,2,-6,-10,-4,0,0,-22,-5,sil
19.28374409675598,-12,7,6,27,10,14,4,-5,-7,-10,-17,-11,-25,-7,sil
19.29934525489807,-34,-19,-21,-1,-4,13,7,-3,-3,-6,-37,-35,-32,-14,sil
19.29934525489807,-43,-32,-41,-30,-5,10,20,3,6,14,-35,-46,-24,-19,sil
19.314735651016235,-28,-20,-31,-14,2,8,23,11,15,17,-25,-33,-11,-8,sil
19.314735651016235,-16,-12,-16,3,0,9,9,7,23,7,-18,-19,-1,5,sil
19.33054256439209,-18,-16,-26,-14,-6,6,0,1,35,19,-11,-22,5,5,sil
19.33054256439209,-12,-17,-25,-24,-1,-1,3,10,35,27,-4,-10,13,6,sil
19.797367811203003,-10,-5,0,26,6,4,2,-22,-33,-8,-26,-12,-31,-14,sil
19.797367811203003,-10,-1,0,15,-16,3,2,-7,-10,14,-11,-7,-18,0,sil
19.81253862380981,-10,-7,-4,-4,-9,11,8,9,18,29,-4,-13,-2,5,sil
19.81253862380981,-24,-31,-18,-15,1,14,13,14,15,14,-24,-30,-9,-1,sil
19.82829570770264,-19,-30,-18,2,-1,7,21,15,14,13,-23,-30,-5,0,sil
19.82829570770264,-3,-10,-9,6,-1,3,22,14,26,29,-7,-16,4,16,sil
19.843413591384888,-8,-13,-22,-16,0,7,14,15,25,16,-10,-13,1,17,sil
19.843413591384888,-10,-24,-27,-18,-7,2,6,11,18,-2,-4,-10,11,11,sil
19.858692407608032,9,-12,-3,-7,-8,-6,0,3,18,5,11,2,24,19,sil
19.858692407608032,13,1,-6,-10,-1,-2,-3,6,22,15,5,7,18,20,sil
19.874735832214355,-6,0,-25,-20,-2,-3,-4,6,18,2,0,0,13,1,sil
19.874735832214355,-8,-9,-11,-26,-10,-20,-15,-3,2,-16,6,1,8,-15,sil
19.890554666519165,4,-6,2,-25,-17,-28,-21,-10,-11,-21,9,11,-1,-18,sil
19.890554666519165,11,7,6,-13,-10,-18,-13,-4,-8,-15,15,22,2,-7,sil
19.905786991119385,21,25,21,7,7,-10,-6,-2,0,-11,25,28,16,0,sil
19.905786991119385,28,34,34,23,10,-11,-13,-9,-10,-14,20,29,8,-2,sil
19.921311616897583,19,31,28,21,-3,-16,-21,-8,-23,-14,13,24,-2,-3,sil
19.921311616897583,13,29,24,24,0,-9,-16,-6,-19,-11,18,15,0,4,sil
19.937344312667847,15,30,26,34,22,3,-5,-7,-18,-18,18,6,0,3,sil
19.937344312667847,7,18,14,26,20,8,0,-5,-23,-15,0,-7,-13,-7,sil
19.95337200164795,-10,-1,2,12,0,9,-1,-7,-20,1,-20,-22,-19,-12,sil
19.95337200164795,-13,-9,2,7,-7,8,2,-10,-10,4,-24,-21,-19,-3,sil
19.968579530715942,-12,-4,-2,0,-2,7,14,-5,-9,-3,-18,-13,-21,3,sil
19.968579530715942,-24,-10,-18,-8,-2,10,7,-6,-15,-4,-27,-23,-18,-7,sil
19.984590768814087,-22,-23,-23,-8,-8,11,-4,-7,-13,-1,-37,-32,-14,-19,sil
19.984590768814087,-5,-16,-11,-6,0,15,8,2,2,6,-19,-16,-11,-6,sil
19.99972105026245,-4,-15,-12,-4,13,22,24,10,21,24,2,0,-3,10,sil
19.99972105026245,-11,-21,-24,-13,5,13,13,10,28,27,3,3,8,10,sil
20.01559472084045,0,-11,-11,-23,-5,0,8,15,29,15,7,10,21,11,sil
20.01559472084045,16,0,1,-15,-6,1,17,25,36,21,20,21,36,24,sil
20.03097367286682,14,-3,-4,-16,-6,-6,5,20,26,22,14,26,37,19,sil
20.03097367286682,-4,-14,-10,-28,-11,-29,-21,-1,-9,-18,0,16,10,-11,sil
20.04664182662964,-13,-8,-3,-12,-3,-22,-20,-15,-32,-46,1,0,-18,-30,sil
20.04664182662964,-4,12,15,19,12,7,5,-8,-19,-19,8,-7,-22,-15,sil
20.062174081802368,-7,13,17,22,13,13,10,-2,-4,3,-7,-15,-21,-5,sil
20.062174081802368,-15,-4,-4,2,3,5,0,-3,-1,-1,-21,-18,-24,-10,sil
20.077937602996823,7,0,-5,-1,3,7,8,12,16,16,3,0,5,7,sil
20.077937602996823,27,6,1,3,5,0,15,25,45,48,35,11,50,29,sil
20.093591928482056,6,-1,0,-4,0,-20,-10,7,32,26,29,3,41,9,sil
20.093591928482056,0,10,8,5,0,-17,-29,-15,-6,-14,13,0,-1,-16,sil
20.11640572547913,18,37,30,36,6,1,-12,-16,-19,-16,16,5,-8,-5,sil
20.11640572547913,14,23,29,34,5,10,4,-8,-13,0,9,5,0,8,sil
20.11640572547913,-11,-7,5,8,0,12,6,-8,-13,4,-16,-5,-12,1,sil
20.124926328659058,-10,-10,-2,-1,-7,8,6,-2,-7,-1,-31,-8,-21,5,sil
20.14014911651612,15,0,1,6,-11,-4,6,9,3,-2,-19,4,-4,20,sil
20.14014911651612,19,0,0,10,-12,-14,-2,3,2,-4,-5,15,5,18,sil
20.15587973594665,1,-13,-13,-9,-19,-16,-11,-2,-3,-18,-9,8,0,4,sil
20.15587973594665,-3,-19,-28,-32,-22,-15,-4,5,-3,-20,-9,0,0,-1,sil
20.170918941497803,-2,-6,-18,-33,-7,-11,-3,4,-5,-9,3,7,0,-9,sil
20.170918941497803,-8,0,0,-20,5,0,-10,-6,-8,-7,8,5,-6,-18,sil
20.18659734725952,-15,-3,-1,-13,4,2,-7,-11,-13,-8,0,-10,-7,-23,sil
20.18659734725952,-18,3,-1,-4,3,2,0,-14,-25,-1,-3,-17,-11,-20,sil
20.20190382003784,-12,19,12,21,11,13,2,-20,-22,-1,-6,-17,-14,-9,sil
20.20190382003784,-9,9,12,31,14,23,8,-18,-11,-8,-17,-25,-16,-8,sil
20.217511653900143,-22,-15,-13,1,3,19,13,0,-6,-5,-30,-32,-20,-12,sil
20.217511653900143,-22,-20,-33,-23,-2,9,13,18,10,5,-26,-20,-9,0,sil
20.232792377471924,0,-8,-20,-20,-2,0,3,27,26,10,-1,4,13,13,sil
20.247910976409912,17,-5,-4,-5,-4,-7,-4,21,25,15,22,18,25,16,sil
20.247910976409912,18,-4,2,-3,0,-8,-3,12,20,17,26,23,27,16,sil
20.26344347000122,17,2,4,-13,3,-8,-9,6,17,8,21,23,25,10,sil
20.26344347000122,19,12,2,-7,2,-11,-12,3,7,-5,28,17,17,1,sil
20.27866005897522,21,19,20,12,13,-8,-4,1,1,-11,39,25,15,5,sil
20.27866005897522,16,23,34,27,18,-5,-1,-1,1,-3,26,22,8,4,sil
20.29475212097168,6,22,30,37,6,0,-4,-10,-5,5,7,1,-6,0,sil
20.29475212097168,9,18,29,35,3,13,4,-9,-8,8,8,-1,-7,5,sil
20.31052589416504,9,11,23,23,11,22,15,-3,2,18,4,5,1,7,sil
20.31052589416504,-8,1,8,25,6,16,15,-6,1,22,-9,-4,-1,0,sil
20.32575416564941,-18,-2,-1,24,0,8,15,-5,-5,13,-18,-14,-15,0,sil
20.32575416564941,-13,-10,-10,-5,0,7,14,0,0,9,-32,-16,-21,-3,sil
20.34136915206909,-16,-24,-24,-32,-10,0,9,2,0,1,-45,-25,-18,-11,sil
20.34136915206909,-19,-28,-34,-30,-26,-16,0,-4,-12,-15,-39,-20,-20,-11,sil
20.356406211853027,-13,-21,-25,-29,-20,-17,-8,-1,-6,-15,-18,0,-18,-3,sil
20.356406211853027,-10,-23,-22,-36,-15,-8,-2,8,14,-1,-1,0,2,0,sil
20.37192463874817,-11,-27,-26,-30,-21,-11,0,6,17,-2,-4,-10,15,-4,sil
20.37192463874817,-2,-21,-13,-14,-15,-16,-14,4,7,-4,-3,3,15,0,sil
20.387305974960327,15,-6,-1,-7,-2,-11,-17,5,8,1,20,17,25,6,sil
20.387305974960327,22,9,3,-12,3,-4,-16,-3,-4,-15,30,13,24,2,sil
20.402501106262207,12,17,10,0,16,3,-13,-10,-25,-36,14,11,5,-4,sil
20.402501106262207,4,24,16,18,21,9,-4,-7,-25,-25,10,11,0,-4,sil
20.417678117752075,12,31,23,20,10,3,-1,-7,-19,-9,18,5,0,-2,sil
20.417678117752075,11,27,24,28,5,0,0,-6,-11,-7,9,-2,-9,0,sil
20.43337559700012,-6,15,17,30,8,9,11,0,0,0,-7,-11,-18,0,sil
20.43337559700012,-9,2,1,6,6,20,23,8,11,21,-9,-14,-13,-1,sil
20.44849538803101,-2,-6,-14,-10,4,15,21,9,18,27,0,-9,-1,1,sil
20.44849538803101,-15,-14,-19,-12,-4,2,3,6,9,10,-10,-10,-9,3,sil
20.464635372161865,-16,-18,-18,-17,-20,-11,-16,1,0,-2,-19,-9,-15,0,sil
20.464635372161865,7,-9,-9,-19,-15,-26,-30,-1,0,-6,7,11,7,0,sil
20.48005986213684,11,13,1,0,2,-28,-29,-4,-3,-3,27,17,21,0,sil
20.48005986213684,-4,25,8,27,11,-1,-10,-9,-12,4,7,1,1,-6,sil
20.49562191963196,0,20,18,38,14,23,10,-8,-5,7,0,1,-12,-3,sil
20.49562191963196,11,15,24,34,16,25,19,-2,8,9,6,8,-2,6,sil
20.510807991027832,-1,2,16,16,8,21,20,-1,5,19,-4,-2,1,10,sil
20.510807991027832,-15,-20,-5,-5,-5,19,13,1,0,8,-19,-11,-7,3,sil
20.52675676345825,-2,-22,-17,-16,-14,8,3,11,5,-6,-12,-4,-2,0,sil
20.52675676345825,9,-8,3,-13,-5,-4,13,18,22,10,0,10,17,15,sil
20.542483806610107,15,-7,10,-3,4,-5,27,25,37,35,5,15,27,28,sil
20.542483806610107,14,-19,-11,-13,-1,-3,12,22,26,19,3,2,19,12,sil
20.557982206344604,1,-24,-27,-34,-11,-14,-9,2,0,-8,1,-1,12,-7,sil
20.557982206344604,0,-14,-18,-27,-2,-24,-9,-9,-6,-15,6,8,9,-9,sil
20.574679613113403,9,3,1,-5,7,-16,-6,-8,-3,-23,10,13,0,-9,sil
20.574679613113403,3,15,2,-2,-1,-12,-15,-19,-22,-35,3,1,-9,-19,sil
20.590043544769287,-8,16,2,-5,-8,-20,-27,-32,-39,-34,-1,-4,-14,-25,sil
20.590043544769287,-8,11,10,0,-4,-12,-29,-23,-29,-25,-2,-7,-18,-15,sil
20.605655670166016,-11,7,6,11,-2,6,-15,-10,-18,-16,-13,-17,-24,-10,sil
20.605655670166016,-22,7,0,13,0,15,3,-6,-16,-6,-24,-23,-26,-15,sil
20.620789051055908,-10,7,8,18,10,19,22,6,1,16,-11,-12,-10,3,sil
20.620789051055908,8,6,12,20,13,28,31,19,25,36,0,0,8,30,sil
20.636359214782715,0,-1,-2,6,3,20,22,16,21,24,-13,-3,2,20,sil
20.636359214782715,-11,-16,-23,-10,-7,-2,9,13,8,11,-14,-9,-6,2,sil
20.651769399642944,3,-19,-17,-12,-6,-6,2,16,18,18,15,9,16,10,sil
20.651769399642944,20,-4,-1,-2,2,0,-1,9,25,9,28,25,37,13,sil
20.66733264923096,14,4,-1,-4,5,-13,-17,-5,2,-13,11,15,21,-2,sil
20.66733264923096,1,-1,-6,-17,-2,-28,-38,-13,-20,-21,1,2,3,-16,sil
20.68241286277771,-2,2,-1,-10,-3,-22,-39,-18,-24,-24,8,0,0,-23,sil
20.68241286277771,-5,16,13,5,5,-9,-23,-14,-25,-24,21,5,-5,-15,sil
20.69806408882141,-5,11,17,3,3,1,-10,-3,-19,-5,22,7,-6,0,sil
20.69806408882141,-8,2,7,2,1,15,2,-4,-6,4,0,-3,-8,0,sil
20.714471101760864,-11,2,7,20,7,27,21,-3,-2,0,-20,-11,-22,-4,sil
20.714471101760864,-4,1,8,26,1,27,32,5,2,8,-15,-13,-30,0,sil
20.730374097824097,-5,-6,2,10,-7,20,28,6,10,16,-10,-14,-24,0,sil
20.730374097824097,-2,-7,-3,9,-3,18,29,11,23,19,-11,-9,-4,6,sil
20.7454686164856,13,-3,-1,15,0,14,35,26,40,32,-2,4,21,23,sil
20.7454686164856,14,-3,0,0,-7,-1,19,20,36,31,1,7,24,26,sil
20.760701417922974,2,-7,-6,-16,-14,-22,0,2,14,3,-4,-2,9,14,sil
20.77590298652649,5,-11,-8,-11,-12,-26,-3,0,3,-10,0,2,11,16,sil
20.77590298652649,9,-11,-3,-6,-6,-17,-5,2,4,0,10,15,19,13,sil
20.791563034057617,4,-2,-6,-10,-1,-8,-18,-4,1,6,11,17,16,-4,sil
20.791563034057617,9,7,-3,-8,9,-6,-23,-7,-4,-4,7,17,15,-5,sil
20.806856632232662,14,9,0,-3,19,-7,-19,-6,-10,-10,11,15,15,4,sil
20.806856632232662,2,5,-4,-14,10,-8,-21,-15,-24,-17,10,3,1,-5,sil
20.82272362709045,-13,0,-11,-22,0,-10,-25,-21,-35,-32,0,-12,-15,-28,sil
20.82272362709045,-16,-4,-13,-6,5,-5,-15,-13,-28,-28,-9,-20,-18,-35,sil
20.838308811187744,-8,-1,-3,2,5,3,0,0,-15,-11,-14,-15,-14,-23,sil
20.838308811187744,-3,4,5,-3,0,6,10,3,-5,-1,-14,-4,-7,-5,sil
20.853458404541016,4,15,23,0,3,5,10,1,-4,-7,-2,5,3,5,sil
20.853458404541016,10,21,28,18,8,6,10,1,-7,-13,1,0,0,4,sil
20.86945939064026,-4,12,7,20,1,8,8,-4,-7,-1,-18,-19,-25,-1,sil
20.86945939064026,-22,-1,0,6,0,15,2,-6,-8,14,-28,-22,-28,-1,sil
20.88461136817932,-15,-7,-1,3,1,21,6,4,2,21,-6,-13,-9,2,sil
20.88461136817932,-6,-15,-11,-2,-7,14,14,10,14,17,0,-11,-11,1,sil
20.90033507347107,-9,-19,-10,-10,-18,3,7,0,11,6,-16,-8,-22,0,sil
20.90033507347107,0,-5,0,1,-15,2,0,-2,17,4,-7,4,-2,6,sil
20.915561199188232,10,1,2,4,-4,0,0,14,33,13,20,18,26,15,sil
20.915561199188232,4,-8,-5,-10,1,-6,4,21,34,13,24,19,29,12,sil
20.931586027145386,0,-12,-16,-17,-3,-14,-2,5,18,-1,15,13,15,0,sil
20.931586027145386,10,-4,-11,-10,-15,-26,-15,-1,0,-13,19,13,9,-3,sil
20.94767951965332,23,7,2,0,-9,-32,-19,4,-1,-6,26,24,20,5,sil
20.94767951965332,26,17,19,13,8,-13,-12,6,1,9,33,36,29,17,sil
20.963728666305546,22,22,28,24,15,2,-3,2,-2,14,36,30,24,18,sil
20.963728666305546,10,23,24,30,14,3,-4,-9,-11,-1,18,10,7,2,sil
20.97937273979187,-5,13,15,24,8,7,-6,-19,-20,-21,-3,-7,-10,-15,sil
20.97937273979187,-16,-2,-1,9,0,11,8,-19,-25,-20,-18,-23,-16,-21,sil
20.995738983154297,-22,-8,-9,3,1,12,25,-13,-21,-1,-27,-28,-23,-13,sil
20.995738983154297,-23,-5,-3,10,9,15,23,-4,-8,14,-25,-19,-26,-4,sil
21.0117256641388,-19,-10,-4,3,3,13,15,2,-2,8,-22,-14,-14,-4,sil
21.0117256641388,-6,-13,-11,-11,-5,5,6,1,-3,-5,-29,-16,-5,-4,sil
21.026371002197266,5,-7,-11,-4,-1,7,-2,0,3,3,-19,-14,-6,7,sil
21.026371002197266,-4,-12,-9,-7,2,8,-2,8,11,19,-4,-8,-1,14,sil
21.042000770568848,-15,-28,-23,-34,-2,4,2,18,19,19,-11,-10,2,4,sil
21.042000770568848,0,-20,-26,-38,-1,0,0,16,30,15,-11,-7,9,0,sil
21.05731511116028,14,6,-3,-15,4,-9,-9,6,24,4,5,4,15,1,sil
21.05731511116028,9,17,3,-9,0,-21,-11,-6,-1,-15,3,3,1,-12,sil
21.072838306427,0,10,-8,-23,-4,-19,-12,-16,-20,-37,-3,2,-6,-20,sil
21.072838306427,4,1,-16,-23,-3,-20,-13,-11,-27,-46,0,2,2,-8,sil
21.08836603164673,-3,-6,-16,-22,-14,-28,-19,-5,-34,-41,-6,-9,-8,-13,sil
21.08836603164673,-17,-6,-6,-25,-16,-18,-22,-3,-24,-20,-7,-14,-26,-23,sil
21.10488724708557,0,11,16,3,0,1,-5,4,1,14,17,7,0,0,sil
21.10488724708557,32,24,40,37,11,12,8,13,16,33,38,28,24,33,sil
21.120360374450684,29,19,37,40,8,17,9,12,18,20,27,24,7,34,sil
21.120360374450684,9,14,26,42,4,24,14,1,12,9,8,12,-7,16,sil
21.13540291786194,0,3,24,37,0,23,21,-5,0,15,0,5,0,8,sil
21.135905265808105,-6,-15,4,10,-11,9,20,-1,2,19,-8,0,4,8,sil
21.15144205093384,-9,-17,-8,-5,-14,0,16,4,16,14,-12,0,3,7,sil
21.15144205093384,1,-4,0,0,-2,0,10,4,13,6,2,8,15,7,sil
21.166218042373657,14,4,7,9,11,-6,0,0,0,-12,19,21,23,4,sil
21.166218042373657,22,23,14,20,15,-15,-11,0,-2,-26,26,30,13,-2,sil
21.181899785995483,16,33,15,30,11,-4,-7,2,6,-5,25,22,3,-10,sil
21.181899785995483,-11,10,3,20,10,16,1,-1,9,24,5,0,-3,-12,sil
21.197540044784542,-29,-13,-8,2,10,16,2,-9,6,34,-16,-22,-13,-12,sil
21.197540044784542,-23,-17,-25,-16,-1,-2,-11,-15,0,25,-20,-35,-17,-14,sil
21.21310496330261,-21,-23,-36,-34,-12,-16,-27,-16,-20,0,-18,-32,-11,-19,sil
21.21310496330261,-17,-14,-24,-28,-3,-13,-15,-7,-29,-29,0,-8,4,-14,sil
21.22879695892334,5,13,1,-9,6,-7,-4,-3,-18,-42,26,20,14,1,sil
21.22879695892334,16,15,15,-1,3,-3,-4,-3,-19,-40,11,14,-5,9,sil
21.244823455810547,-3,-5,1,-3,-3,14,12,7,-13,-22,-38,-19,-33,6,sil
21.244823455810547,-20,-19,-16,-15,-5,24,27,17,14,2,-56,-34,-32,0,sil
21.26078987121582,-15,-32,-29,-28,-8,7,18,15,32,22,-40,-35,-15,-9,sil
21.26078987121582,-18,-44,-39,-36,-14,0,10,10,14,24,-35,-45,-14,-15,sil
21.27564001083374,-28,-36,-36,-39,-18,2,9,5,-9,11,-32,-41,-10,-9,sil
21.27564001083374,-12,-13,-17,-21,-17,-11,0,0,-9,1,-2,-9,11,0,sil
21.2911183834076,13,5,4,2,-5,-19,-19,-8,-3,-7,23,24,22,5,sil
21.2911183834076,20,18,18,15,10,-7,-23,-7,-1,-13,22,36,14,12,sil
21.306602716445923,30,31,32,26,16,0,-2,12,16,0,33,42,25,19,sil
21.306602716445923,43,35,41,29,7,-6,3,26,36,17,51,42,37,18,sil
21.32230496406555,28,23,21,16,-5,-13,-11,5,19,8,30,17,17,5,sil
21.32230496406555,4,11,9,8,-3,-15,-16,-17,-15,-9,5,5,0,-2,sil
21.33748435974121,8,12,18,17,9,-5,-5,-21,-32,-18,19,16,1,0,sil
21.33748435974121,15,19,20,28,21,7,0,-20,-35,-25,30,15,-1,4,sil
21.35353398323059,5,22,17,36,24,8,4,-15,-24,-15,13,10,-5,6,hello
21.35353398323059,0,18,16,37,13,7,7,-3,2,19,-1,10,-5,2,hello
21.36927556991577,3,6,13,22,1,18,8,3,22,39,-4,1,-10,3,hello
21.36927556991577,2,-7,2,2,-3,20,12,9,25,27,-14,-13,-12,3,hello
21.384805917739868,-6,-17,-16,-18,-9,11,9,15,24,21,-21,-16,-7,-5,hello
21.384805917739868,-19,-17,-26,-30,-13,6,5,12,20,20,-13,-10,0,-6,hello
21.400362491607662,-25,-12,-26,-29,-15,-1,1,-1,10,7,-10,-2,9,4,hello
21.400362491607662,-16,-13,-15,-27,-10,-12,-5,-3,1,-3,-9,8,17,9,hello
21.415822505950928,5,-10,0,-21,1,-7,0,16,2,-3,0,18,15,13,hello
21.415822505950928,12,-2,1,-13,2,-5,2,10,-2,-13,0,8,3,7,hello
21.43175959587097,-7,-10,-5,-22,-8,-15,-19,-14,-25,-31,-16,-9,-12,-19,hello
21.43175959587097,-18,-16,-8,-28,-10,-15,-25,-11,-34,-34,-13,-19,-18,-35,hello
21.44779658317566,-7,4,1,-5,2,-2,0,0,-22,-25,0,-22,-15,-25,hello
21.44779658317566,-4,18,8,20,10,7,10,-7,-11,-10,2,-21,-17,-17,hello
21.46376824378968,-14,7,2,27,7,12,10,-14,-9,1,-1,-22,-21,-16,hello
21.46376824378968,-22,-3,-3,24,5,16,18,-9,-12,-2,-7,-32,-26,-15,hello
21.4785635471344,-19,-7,-9,16,5,27,28,-1,-4,-4,-23,-39,-31,-7,hello
21.4785635471344,-12,-10,-14,-3,0,26,27,6,15,3,-36,-25,-22,9,hello
21.494600296020508,-6,-14,-18,-19,-9,2,9,16,27,7,-30,-7,1,17,hello
21.494600296020508,7,-13,-9,-4,-7,-11,-9,16,24,17,-5,5,26,12,hello
21.510545015335083,27,-5,11,11,2,-8,-16,7,18,27,29,33,42,26,hello
21.510545015335083,29,2,8,1,0,-14,-19,4,11,17,45,51,43,38,hello
21.52567172050476,12,2,-6,-8,-8,-21,-26,1,3,1,30,36,28,14,hello
21.52567172050476,4,0,-2,0,-10,-21,-26,-7,-4,-4,12,15,10,-7,hello
21.541388511657715,15,7,10,9,-2,-16,-16,-6,-11,-13,14,14,5,0,hello
21.55658793449402,20,15,17,8,8,-1,0,1,-2,-3,27,23,16,7,hello
21.55658793449402,16,11,14,4,9,11,13,7,18,20,29,16,23,0,hello
21.57250380516052,7,5,8,2,-3,4,9,0,12,10,13,0,2,-9,hello
21.57250380516052,-8,0,0,0,-7,-6,-8,-12,-13,-12,-6,-7,-22,-17,hello
21.588299036026,-13,0,-3,-3,1,0,-10,-11,-15,0,-9,0,-15,-6,hello
21.588299036026,0,13,3,1,5,6,3,0,-2,6,0,3,0,6,hello
21.588299036026,10,21,5,8,-1,-7,0,-2,-11,-31,-8,-2,-14,-3,hello
21.603399515151978,7,10,1,-6,-4,-17,-7,-10,-15,-40,-22,-3,-22,-12,hello
21.61855101585388,5,0,4,-24,0,0,12,0,6,2,-12,0,-2,2,hello
21.61855101585388,-5,-4,-5,-16,1,8,23,2,9,19,-7,-12,-1,6,hello
21.63548064231873,-25,-8,-14,-1,5,2,-1,-3,-18,-3,-19,-25,-20,-11,hello
21.63548064231873,-17,1,-1,9,11,6,-11,-5,-22,-5,-1,-10,-2,-13,hello
21.63548064231873,3,12,17,19,13,14,0,1,0,5,20,12,21,4,hello
21.650731563568115,1,2,18,16,10,10,0,15,9,9,1,3,3,9,hello
21.66661834716797,0,-8,4,12,2,4,9,19,18,22,-10,-18,-6,1,hello
21.66661834716797,2,-2,2,7,2,7,17,3,12,13,5,-8,2,2,hello
21.68247699737549,-8,-3,1,-4,2,18,13,-6,-5,-12,-3,-1,-11,0,hello
21.68247699737549,-18,-20,-12,-10,-6,24,12,-6,-8,-10,-32,-23,-30,-9,hello
21.698041200637817,-17,-24,-17,-5,-7,16,15,-2,1,1,-26,-29,-22,-5,hello
21.698041200637817,-16,-9,-15,-3,3,3,10,0,10,3,-1,-7,-5,4,hello
21.71452569961548,-13,-6,-14,-3,0,-7,-6,-3,7,6,2,0,3,2,hello
21.71452569961548,-4,-12,-6,1,-9,-14,-17,-5,1,9,1,-1,10,0,hello
21.71452569961548,9,0,-2,6,-7,-10,-7,11,11,12,10,15,24,10,hello
21.729717254638672,20,12,-1,-2,-8,-14,0,22,19,11,12,35,34,22,hello
21.74533605575561,18,-5,-5,-18,-16,-29,-7,7,0,-6,1,20,20,9,hello
21.74533605575561,10,-18,-7,-22,-17,-25,-17,-8,-16,-21,0,2,3,-10,hello
23.471142530441284,-7,-31,-14,-24,-17,-7,0,10,23,17,-8,0,7,18,hello
23.471142530441284,2,-25,-27,-41,-16,-25,-21,-3,5,-2,11,12,13,20,hello
23.48633456230164,22,0,-8,-17,-3,-25,-24,-12,-19,-16,19,21,11,12,hello
23.48633456230164,16,18,9,10,0,-12,-19,-19,-38,-23,14,12,0,-7,hello
23.50135493278504,-1,17,12,9,3,0,-10,-16,-37,-16,18,0,-7,-12,hello
23.50135493278504,-2,11,5,6,7,5,9,-4,-17,-2,17,-4,-7,-5,hello
23.51650285720825,4,11,7,8,4,8,14,0,-9,-3,3,-1,-3,-8,hello
23.51650285720825,0,10,13,11,2,12,5,5,-9,0,2,0,0,-10,hello
23.53210210800171,-8,6,7,15,8,13,9,10,3,11,7,-5,3,-4,hello
23.53210210800171,-12,-6,-2,7,7,7,9,3,13,9,-4,-14,0,-5,hello
23.548040628433228,-11,-13,-6,-1,0,7,8,0,11,7,-17,-22,-6,-4,hello
23.548040628433228,-14,-3,0,0,1,15,13,4,13,22,-8,-16,-2,4,hello
23.563709020614624,-10,4,-1,2,4,15,12,1,22,32,0,-9,0,6,hello
23.563709020614624,0,0,-7,3,-5,3,6,-4,15,21,-15,-16,-6,0,hello
23.578979015350345,2,-5,-3,0,-4,0,1,3,0,5,-25,-16,-11,0,hello
23.578979015350345,3,0,-3,-12,0,-1,-4,9,-2,-7,-13,2,-2,1,hello
23.594595193862915,2,0,-8,-22,-8,-14,-14,-1,-3,-18,-7,19,1,0,hello
23.594595193862915,0,-13,-7,-19,-19,-28,-20,-5,-6,-20,-5,22,0,-1,hello
23.609440803527832,3,-8,-7,-6,-8,-23,-28,-4,-3,-19,11,20,4,-5,hello
23.609440803527832,5,10,8,5,7,-11,-32,-10,-13,-24,22,15,3,-6,hello
23.625709772109985,0,13,24,12,13,0,-14,-7,-20,-18,14,1,0,-3,hello
23.625709772109985,-4,1,16,15,11,11,9,2,-8,-8,6,-9,-4,-3,hello
23.641730070114136,-1,0,6,16,8,15,20,5,-1,-3,7,-9,-4,1,hello
23.641730070114136,-3,0,2,13,3,22,29,-1,2,19,5,-8,1,12,hello
23.65700030326844,-5,-12,-11,-3,0,21,30,0,20,42,0,-10,10,11,hello
23.65700030326844,0,-24,-25,-27,-15,-7,4,7,24,19,-8,-4,4,0,hello
23.672797679901123,0,-16,-23,-30,-21,-19,-14,7,12,-9,-13,6,0,-2,hello
23.672797679901123,1,-5,-20,-17,-4,-9,-8,11,10,-7,-9,8,7,2,hello
23.68834567070008,10,4,-11,-14,2,-16,-6,15,11,-5,-1,4,9,3,hello
23.68834567070008,11,14,5,-13,0,-21,-13,-2,-2,-17,7,7,3,-8,hello
23.70378088951111,2,13,6,-4,2,-5,-13,-23,-27,-21,10,7,-3,-18,hello
23.70378088951111,-1,8,10,8,4,3,-4,-19,-34,-12,3,0,-3,-9,hello
23.719883680343628,2,12,29,30,5,13,15,-3,-10,9,1,1,5,6,hello
23.719883680343628,5,17,34,39,10,33,34,14,11,28,0,6,2,15,hello
23.735740661621094,0,7,15,24,10,27,20,18,14,28,-6,-3,-8,6,hello
23.735740661621094,-8,-7,-8,14,1,0,0,4,14,19,-12,-22,-8,-5,hello
23.75074291229248,-11,-16,-12,8,-8,0,4,-4,8,6,-14,-18,-14,0,hello
23.75074291229248,-11,-23,-10,-8,-16,6,3,-3,-4,-3,-18,-3,-25,4,hello
23.765878438949585,-4,-17,-21,-19,-10,-12,-16,-7,-8,-8,-11,1,-13,-2,hello
23.765878438949585,8,4,-10,-7,3,-20,-22,-9,-10,-12,14,12,6,0,hello
23.781614780426025,19,15,4,0,3,-8,-16,-3,-12,-15,25,20,13,13,hello
23.781614780426025,12,8,0,-14,-9,-22,-27,0,-8,-16,14,13,15,3,hello
23.796602964401245,4,11,7,-11,-3,-32,-29,1,-1,-15,18,8,16,-12,hello
23.796602964401245,1,23,20,16,18,3,0,0,2,-9,19,0,8,-7,hello
23.81269717216492,-10,17,13,16,20,30,21,-7,2,-2,-2,-16,-6,1,hello
23.81269717216492,-17,-1,-1,5,3,10,19,-10,-1,9,-15,-23,-10,0,hello
23.828310012817383,-7,-11,-2,16,1,0,12,-3,0,19,-8,-7,0,3,hello
23.828310012817383,2,-7,4,15,10,16,15,13,14,18,-2,4,6,14,hello
23.8433997631073,3,-4,2,-3,0,26,22,24,21,28,-2,-2,5,16,hello
23.8433997631073,-1,-15,-8,-18,-9,12,13,13,13,23,0,-5,6,2,hello
23.8594343662262,1,-19,-20,-24,-5,-7,2,7,10,-6,3,5,11,-6,hello
23.8594343662262,11,-1,-9,-17,-3,-14,2,7,10,-15,9,17,10,0,hello
23.87554144859314,12,3,7,-11,-9,-15,-6,-8,-6,-11,9,16,0,0,hello
23.87554144859314,2,0,0,-15,-10,-25,-30,-23,-22,-27,2,4,-8,-19,hello
23.89081883430481,-2,12,-1,-3,0,-14,-28,-13,-20,-22,0,3,-3,-23,hello
23.89081883430481,-5,14,7,14,8,10,1,-3,-18,0,-4,0,-3,-14,hello
23.90641021728516,-11,-7,0,13,0,19,13,0,-17,0,-17,-16,-20,-8,sil
23.90641021728516,-11,-10,-2,2,-3,13,8,11,-2,7,-22,-20,-18,2,sil
23.92158889770508,-7,-4,-5,0,0,8,13,8,5,18,-21,-15,-5,3,sil
23.92158889770508,-15,-18,-15,-5,0,3,18,-5,1,2,-28,-21,-15,-5,sil
23.93674635887146,-15,-22,-10,-11,-13,1,8,2,19,3,-21,-15,-11,4,sil
23.93674635887146,5,-4,0,-5,-19,-9,-10,11,37,20,8,13,23,19,sil
23.95232033729553,19,8,7,0,-4,-24,-34,0,10,-4,29,34,28,12,sil
23.967754364013672,14,10,4,1,5,-22,-31,-7,-16,-29,29,18,9,-1,sil
23.968749046325684,6,14,7,3,4,-8,-13,-3,-16,-15,24,4,8,-1,sil
23.98333477973938,4,20,17,10,8,2,-7,-1,-13,-2,21,16,7,4,sil
23.98333477973938,-1,16,6,14,13,12,-1,-7,-6,0,13,7,-3,-2,sil
23.998501300811768,-10,4,-3,2,7,17,12,-10,0,-1,-5,-18,-13,-10,sil
23.998501300811768,-4,0,0,0,0,16,24,-3,-2,-3,-19,-24,-17,-3,sil
24.01365613937378,1,0,-5,8,1,16,26,0,-1,5,-17,-21,-21,1,sil
24.01365613937378,0,-5,-6,3,0,11,21,8,5,18,-9,-13,-14,7,sil
24.02939295768737,1,-12,-1,-3,-4,0,11,18,14,21,1,5,9,21,sil
24.02939295768737,7,-17,-6,-9,-6,-13,-3,13,13,13,5,9,18,15,sil
24.04454731941223,6,-17,-12,-11,-5,-20,-17,1,8,1,-3,2,9,0,sil
24.04454731941223,7,-5,-2,-6,-6,-20,-19,-4,7,-6,5,18,19,2,sil
24.059680938720703,15,10,9,0,0,-19,-15,-8,-1,-15,22,33,27,0,sil
24.059680938720703,13,29,19,14,13,-10,-4,-7,-13,-15,13,19,8,-6,sil
24.0748131275177,5,42,29,26,19,5,1,-6,-13,-4,4,0,-2,-6,sil
24.0748131275177,0,30,18,18,12,9,-4,-9,-20,-6,9,-5,-7,-10,sil
24.09037661552429,-8,6,1,7,5,5,0,-7,-21,-10,0,-8,-17,-10,sil
24.09037661552429,-18,-11,-4,3,1,9,22,0,2,10,-21,-15,-12,0,sil
24.105509996414185,-20,-22,-10,-1,-6,11,24,6,18,29,-18,-21,-5,-3,sil
24.105509996414185,-21,-24,-12,-5,-12,11,11,5,10,18,-6,-15,-14,-7,sil
24.121615886688232,-12,-23,-9,-8,-12,10,7,2,8,4,-13,-10,-10,3,sil
24.121615886688232,-1,-24,-9,-27,-14,7,3,7,7,2,-24,-7,2,9,sil
24.137428283691406,0,-15,-3,-31,-8,8,0,14,6,1,-14,0,3,5,sil
24.137428283691406,7,0,0,-3,4,9,0,9,15,2,-1,6,2,9,sil
24.152506589889526,8,0,-5,-5,1,-2,-9,0,14,5,0,6,8,6,sil
24.152506589889526,-1,-13,-13,-37,-10,-19,-24,0,-5,-6,1,5,6,-6,sil
24.169233322143555,0,-6,-6,-22,-9,-17,-24,-7,-21,-35,4,7,0,-7,sil
24.169233322143555,11,11,5,13,1,-6,-20,-12,-20,-41,15,9,-1,-2,sil
24.18448281288147,4,12,-2,10,5,-9,-18,-9,-13,-21,21,3,0,-12,sil
24.18448281288147,0,12,-2,1,8,-13,-13,-8,-15,-9,17,3,0,-20,sil
24.199918031692505,8,28,19,28,15,-3,0,-4,-9,0,23,12,0,-6,sil
24.199918031692505,5,29,23,41,11,6,14,-2,7,8,22,5,0,4,sil
24.21520233154297,-12,0,3,13,0,7,14,-3,8,2,-6,-13,-12,-1,sil
24.21520233154297,-23,-16,-12,-4,-5,4,9,1,5,11,-28,-24,-17,-6,sil
24.230368614196777,-14,-8,-11,-2,-3,3,16,9,6,26,-18,-17,-7,2,sil
24.230368614196777,1,-3,-3,0,-5,2,23,10,0,16,-12,-4,2,12,sil
24.24570035934448,15,-5,3,3,-2,2,18,9,3,7,-8,8,13,15,sil
24.24570035934448,21,-4,7,0,0,1,7,12,17,10,7,18,26,24,sil
24.26122784614563,17,-3,-5,-13,-5,-8,-10,6,11,5,8,15,24,20,sil
24.26122784614563,7,-1,-10,-18,0,-15,-28,-10,-10,-4,0,7,8,-5,sil
24.276575088500977,3,13,11,0,9,-6,-20,-18,-18,-14,11,8,-3,-13,sil
24.276575088500977,-1,23,18,21,6,5,2,-9,-8,-16,11,2,-8,0,sil
24.29234528541565,-15,8,5,19,5,13,8,-4,0,0,-8,-13,-14,-4,sil
24.29234528541565,-14,-7,-5,5,2,13,6,-5,4,25,-14,-26,-17,-9,sil
24.30765032768249,-11,-8,-7,-4,-7,10,11,4,21,36,-3,-19,-2,7,sil
24.30765032768249,-5,-9,-1,-5,-4,8,14,19,37,32,6,0,21,19,sil
24.322808027267456,14,-4,3,2,4,6,8,14,24,12,21,17,31,12,sil
24.338473558425903,18,8,2,-4,-3,-6,-9,-4,-9,-18,27,25,13,1,sil
24.338473558425903,1,8,0,-14,-4,-15,-25,-18,-33,-37,10,12,-6,-12,sil
24.35369634628296,-3,9,5,7,10,-4,-19,-14,-34,-34,-14,-4,-17,-14,sil
24.35369634628296,0,9,10,23,9,10,7,2,-17,-16,-29,-8,-20,-5,sil
24.369325637817383,-2,-11,-9,0,-3,12,24,9,4,4,-25,-12,-17,-3,sil
24.369325637817383,-12,-29,-22,-22,-6,1,13,4,9,4,-20,-16,-14,0,sil
24.38486909866333,-6,-25,-16,-27,-13,-11,0,8,1,-5,-20,-5,-9,3,sil
24.38486909866333,6,-16,-10,-29,-17,-15,-7,5,0,-11,-10,9,0,-4,sil
24.40030217170716,3,-12,-4,-23,-3,-15,-19,-4,0,-26,3,8,10,-10,sil
24.40030217170716,-4,-4,2,-5,4,-16,-21,-5,-3,-29,13,4,8,-5,sil
24.415700674057007,0,10,11,8,6,-7,-9,-2,-5,-7,22,10,0,-11,sil
24.415700674057007,-3,14,9,10,9,7,-1,-5,-9,1,18,4,-6,-18,sil
24.4317147731781,-19,3,0,4,12,13,0,-6,-16,-1,-2,-17,-10,-14,sil
24.4317147731781,-17,2,5,8,12,7,6,-5,-15,13,-9,-22,-15,-4,sil
24.447654724121094,0,19,14,26,11,11,18,0,5,35,1,-8,-7,7,sil
24.447654724121094,12,26,14,33,5,24,20,9,34,38,6,0,10,24,sil
24.46266198158264,17,11,1,11,-8,10,7,13,42,28,2,3,17,21,sil
24.46266198158264,5,-6,-14,-21,-18,-14,-4,9,25,16,0,1,13,0,sil
24.478620290756226,-9,-17,-20,-32,-15,-10,-6,6,8,5,0,-2,10,-5,sil
24.478620290756226,1,-10,-15,-13,-10,0,-4,0,0,-3,4,0,12,0,sil
24.493639945983887,12,7,2,0,-2,-11,-10,-13,-22,-16,11,18,11,-1,sil
24.493639945983887,2,15,19,13,2,-16,-5,-18,-40,-15,12,19,0,0,sil
24.50964498519897,-2,5,15,27,0,1,13,-7,-18,2,5,4,-6,13,sil
24.50964498519897,7,3,13,25,1,13,19,5,9,15,5,8,2,26,sil
24.5247962474823,18,11,13,16,10,4,5,11,22,15,12,22,14,28,sil
24.5247962474823,16,6,3,2,10,-8,-8,9,20,-6,5,18,15,17,sil
24.540350198745728,7,-1,-5,-10,7,-11,-16,1,0,-36,-5,2,0,-4,sil
24.540350198745728,-2,4,-1,5,10,1,-9,-7,-21,-25,-7,-10,-18,-16,sil
24.55561852455139,-15,-1,1,20,3,17,4,-6,-18,3,-12,-22,-25,-9,sil
24.55604386329651,-23,-30,-19,-12,-13,9,11,1,4,13,-24,-29,-14,-7,sil
24.571749448776245,-16,-36,-36,-41,-14,-11,0,4,15,9,-17,-16,2,-14,sil
24.571749448776245,-3,-17,-17,-26,-6,-16,-16,0,0,-6,-4,0,3,-19,sil
24.58752155303955,0,4,8,0,-2,-1,-17,-9,-19,-28,0,0,-10,-17,sil
24.58752155303955,0,20,26,17,8,17,5,-8,-17,-20,0,-2,-11,-7,sil
24.60356831550598,2,12,17,25,15,24,24,3,-4,3,-3,-6,-2,2,sil
24.60356831550598,-3,-10,-7,2,2,16,18,7,3,8,-14,-11,-3,7,sil
24.61882972717285,-12,-27,-24,-29,-8,2,8,3,8,5,-11,-14,-2,3,sil
24.61882972717285,-7,-29,-22,-36,-9,-8,0,2,7,9,-4,-15,6,-5,sil
24.63467836380005,4,-11,-7,-21,-13,-19,-13,3,3,3,0,2,11,-5,sil
24.63467836380005,13,15,3,-8,-14,-22,-9,3,9,-3,19,26,15,8,sil
24.6494619846344,12,18,6,-21,-6,-12,0,-2,6,-4,32,24,14,7,sil
24.6494619846344,-1,11,6,-24,3,-2,-8,-7,-5,1,12,4,2,-9,sil
24.66467308998108,-7,24,10,21,11,3,-7,-4,-5,11,0,1,-4,-7,sil
24.66467308998108,-4,25,18,47,16,12,4,-5,-1,5,6,1,-10,2,sil
24.679848194122314,-4,2,12,26,12,16,4,-9,-4,0,-1,-11,-19,-1,sil
24.679848194122314,0,0,0,12,5,11,5,4,3,9,-9,-9,-15,1,sil
24.69499111175537,4,4,-2,8,1,0,8,17,21,15,0,7,0,17,sil
24.69499111175537,2,0,-3,-1,-6,-12,-6,9,23,9,4,11,19,20,sil
24.711065530776978,12,-1,4,-7,-9,-18,-22,2,7,1,10,18,27,16,sil
24.711065530776978,23,6,6,-2,2,-11,-16,2,0,-5,22,27,20,6,sil
24.72697901725769,8,16,2,0,12,-4,-13,-10,-15,-20,9,8,0,-11,sil
24.72697901725769,-9,12,11,1,5,0,-11,-19,-40,-34,-14,-11,-22,-21,sil
24.74170827865601,-12,-2,3,8,-2,6,2,-13,-33,-22,-18,-19,-28,-13,sil
24.74170827865601,-15,-15,-5,14,-4,9,13,0,-14,0,-14,-17,-18,-1,sil
24.75736141204834,-15,-17,-4,15,-5,9,18,5,-9,5,-17,-10,-7,0,sil
24.75736141204834,0,-17,-8,12,-6,10,21,3,0,1,-21,-7,-6,-5,sil
24.77281379699707,3,-14,-9,2,-4,9,19,8,21,16,-14,-1,0,3,sil
24.77281379699707,-1,-13,-9,-4,0,4,19,15,32,28,8,6,16,18,sil
24.788654088974,0,-16,-10,-11,0,-5,11,8,24,8,19,14,24,15,sil
24.788654088974,10,-10,-3,-11,-6,-10,-1,5,15,-3,9,11,16,0,sil
24.80374646186829,15,3,4,2,-2,-2,-3,8,17,6,12,9,10,-5,sil
24.80374646186829,15,12,13,9,5,0,-4,-1,9,6,23,11,7,0,sil
24.818701028823853,13,17,7,0,1,-5,-13,-15,-10,-6,12,4,3,-4,sil
24.834656238555908,1,16,0,-6,0,-2,-16,-20,-29,-21,0,-11,-5,-17,sil
24.834656238555908,-13,5,1,1,5,5,-9,-16,-33,-20,-3,-23,-19,-19,sil
24.849703788757324,-18,-2,0,-1,5,8,-2,-7,-14,0,-14,-25,-22,-9,sil
24.849703788757324,-19,-1,-6,-13,1,12,0,-1,4,13,-22,-18,-12,2,sil
24.865450859069824,-19,-4,-12,-18,-1,10,1,0,6,10,-20,-15,-4,6,sil
24.865450859069824,-16,-25,-21,-44,-14,-2,0,12,2,9,-26,-18,-2,3,sil
24.880723476409912,-9,-28,-18,-57,-18,-8,1,23,12,7,-22,-9,7,7,sil
24.880723476409912,7,0,-2,-17,0,-7,6,19,24,8,2,15,23,21,sil
24.89657616615296,27,17,10,13,11,-12,0,10,12,8,25,41,30,25,sil
24.89657616615296,31,17,17,18,5,-14,-11,3,0,-4,34,48,29,14,sil
24.91268348693848,19,27,22,26,8,-6,-9,-4,3,-14,38,35,23,3,sil
24.91268348693848,4,24,13,20,11,-5,-5,-7,0,-14,26,11,8,-6,sil
24.928311824798584,1,7,4,4,-3,-13,-15,-11,-16,-18,5,0,-11,-17,sil
24.928311824798584,0,6,12,12,-8,-9,-19,-16,-24,-23,0,3,-22,-17,sil
24.94440698623657,-4,11,10,21,4,4,0,-14,-17,-19,4,-1,-18,-11,sil
24.94440698623657,-14,1,1,12,8,14,10,-15,-13,-21,-9,-22,-29,-15,sil
24.96001124382019,-20,-11,-1,10,3,13,3,-13,-15,-12,-29,-35,-40,-20,sil
24.96001124382019,-13,-10,-5,16,2,18,10,0,-3,18,-24,-27,-22,-3,sil
24.97568941116333,-6,-5,-5,11,8,25,24,9,4,32,-8,-15,-14,6,sil
24.97568941116333,-5,-5,-7,7,8,20,22,7,2,17,-8,-16,-25,0,sil
24.991765022277832,0,-7,-6,6,0,8,14,7,12,11,-16,-11,-5,3,sil
24.991765022277832,0,-16,-6,-4,-9,0,9,12,24,19,-14,-3,18,10,sil
25.00773310661316,-4,-26,-19,-21,-13,-2,7,12,17,18,-16,-10,6,0,sil
25.00773310661316,-5,-20,-20,-22,-5,0,9,4,5,10,-21,-11,0,-5,sil
25.023308992385864,-3,-11,-12,-16,0,-3,5,0,1,3,-7,1,11,0,sil
25.023308992385864,0,-12,-10,-18,-5,-13,-11,6,3,2,19,22,19,5,sil
25.03829026222229,12,-6,2,-13,-11,-22,-23,9,11,3,34,39,29,13,sil
25.03829026222229,21,9,13,0,-12,-28,-24,0,4,-11,25,30,28,13,sil
25.05456018447876,13,13,7,0,-15,-28,-25,-2,-12,-26,21,18,13,3,sil
25.05456018447876,15,11,9,-9,-12,-21,-22,0,-10,-13,30,28,18,4,sil
25.07031297683716,15,20,22,0,2,-4,-11,-9,-7,-5,21,32,24,7,sil
25.07031297683716,8,23,26,17,12,12,0,-12,-14,-18,0,11,7,-2,sil
25.08548879623413,0,15,14,13,9,12,2,-3,-2,-14,-4,-8,0,-6,sil
25.08548879623413,-6,11,10,5,16,5,0,-3,2,1,9,-8,1,-3,sil
25.101515769958496,-4,19,17,22,21,18,8,-9,-7,9,11,-4,-5,-4,sil
25.101515769958496,0,16,15,31,8,29,19,-6,-11,15,0,-10,-13,0,sil
25.11669921875,-9,-3,-1,7,0,23,25,1,-4,17,-11,-24,-16,3,sil
25.11669921875,-19,-13,-22,-1,11,21,34,6,5,17,-18,-29,-15,0,sil
25.13274478912353,-4,-7,-17,1,10,22,30,14,20,12,-14,-11,-8,9,sil
25.13274478912353,0,-12,-14,-7,-3,8,7,24,29,5,-12,-6,-10,17,sil
25.14835810661316,-11,-12,-20,-14,-6,-7,-3,14,21,4,-27,-19,-20,3,sil
25.14835810661316,-9,-2,-14,-15,-4,-19,-6,-4,12,1,-28,-17,-11,-5,sil
25.16345477104187,0,-8,-18,-27,-12,-26,-17,-10,3,-9,-11,-5,2,-5,sil
25.16345477104187,-1,-18,-20,-30,-13,-26,-34,-10,-12,-22,-3,-1,0,-15,sil
25.17866802215576,4,-1,-3,-11,-5,-23,-34,-10,-18,-24,0,3,-1,-18,sil
25.17866802215576,17,8,3,0,-1,-22,-24,-4,-9,-16,9,10,6,-7,sil
25.19449234008789,12,-3,-1,-11,-4,-20,-21,-1,-14,-10,8,10,-1,-10,sil
25.19449234008789,-4,-3,-3,-10,-7,-9,-18,-11,-23,-14,6,5,-13,-24,sil
25.209709405899048,-13,8,4,11,4,7,-1,-18,-20,-14,17,2,-10,-19,sil
25.209709405899048,-9,8,19,26,16,20,12,-11,-14,1,7,0,-4,-6,sil
25.225622177124023,-4,1,17,23,9,21,13,0,-6,14,-15,-5,-3,-1,sil
25.225622177124023,0,0,14,19,6,19,18,9,0,9,-3,-3,-2,3,sil
25.241108655929565,-3,-1,15,16,10,20,34,13,0,7,15,4,1,11,sil
25.241108655929565,-13,-17,1,0,-2,9,29,9,0,7,0,4,2,14,sil
25.25674104690552,-8,-24,-8,-10,-22,-6,9,12,10,7,-10,5,4,16,sil
25.25674104690552,3,-12,-4,-12,-21,-7,4,16,26,14,2,9,12,17,sil
25.27251148223877,0,-7,-7,-24,-11,-4,4,13,30,9,4,9,18,10,sil
25.27251148223877,5,-4,-19,-22,-6,-13,-1,11,25,4,-1,5,19,7,sil
25.287744522094727,26,9,-3,-5,-7,-16,-14,4,12,6,9,14,27,10,sil
25.287744522094727,29,19,15,-1,-5,-9,-21,-10,-4,-6,20,19,24,5,sil
25.302881956100464,12,28,16,19,14,4,-9,-21,-12,-13,14,1,1,-3,sil
25.302881956100464,7,30,15,41,36,25,9,-13,-5,8,9,-9,-4,-1,sil
25.31801700592041,8,8,11,20,25,34,19,5,6,26,9,-3,5,9,sil
25.31801700592041,-3,3,8,9,10,24,16,5,4,10,-7,-8,-7,8,sil
25.33368992805481,-14,21,11,35,14,15,10,-7,-7,-4,-28,-20,-30,-4,sil
25.33368992805481,-15,6,-4,23,0,4,2,0,-3,-2,-24,-16,-25,-7,sil
25.74030494689941,-10,-5,-16,-12,-8,-9,-2,11,13,12,-10,-17,3,-3,sil
25.74030494689941,-11,-13,-25,-23,-18,-1,-6,9,8,9,-12,-4,10,6,sil
25.756407499313354,3,-22,-15,-27,-18,0,-6,7,16,3,-7,3,10,12,sil
25.756407499313354,14,-5,3,-10,-2,-5,-5,2,14,0,5,9,9,4,sil
25.77203679084778,15,6,8,-4,0,-15,-11,-7,0,-9,15,19,12,4,sil
25.77203679084778,18,1,8,-5,-6,-19,-14,-13,-9,-18,13,26,10,8,sil
25.77203679084778,10,-1,11,3,-1,-14,-11,-8,-9,-12,12,22,4,0,sil
25.787756204605103,-4,0,5,0,5,-8,-6,-2,-15,-13,12,15,0,-9,sil
25.80334949493408,0,2,4,-2,2,-6,-1,0,-11,-22,13,8,-3,-3,sil
25.80334949493408,9,11,21,12,1,-1,2,4,-1,-9,17,12,0,9,sil
25.818501472473145,9,13,16,21,7,14,16,9,0,16,11,8,1,6,sil
25.818501472473145,1,9,-6,11,11,26,24,5,0,19,-5,-6,-7,-3,sil
25.834590196609497,-7,4,-10,3,5,9,9,0,0,3,-18,-16,-17,-3,sil
25.834590196609497,-10,0,-6,3,-3,-8,0,0,-5,-4,-20,-18,-14,-4,sil
25.850423574447632,-6,3,-10,0,0,0,3,-2,0,0,-7,-15,-5,-8,sil
25.850423574447632,-7,5,-14,-6,2,2,-2,-4,6,3,-1,-16,0,-6,sil
25.86580204963684,-7,-4,-13,-11,-7,-5,-9,-8,-1,-6,-18,-20,0,-5,sil
25.86580204963684,3,-16,-4,-7,-5,3,0,-5,-6,-7,-17,-11,-3,0,sil
25.88130235671997,13,-3,4,8,6,7,4,1,8,10,4,2,3,12,sil
25.88130235671997,5,13,10,8,5,-1,-6,-1,10,7,14,6,9,7,sil
25.89655065536499,-1,2,7,-1,0,1,-10,-7,-2,-8,7,3,7,-8,sil
25.89655065536499,-2,-7,5,0,4,1,-1,-4,-5,-5,6,1,4,-12,sil
25.912649631500244,-1,4,12,5,6,-8,0,3,2,3,7,6,1,0,sil
25.912649631500244,5,2,12,1,-1,-2,0,11,11,6,4,14,5,14,sil
25.92859673500061,4,-10,5,-2,-11,3,-1,3,0,0,2,10,6,7,sil
25.92859673500061,-8,-9,-2,-2,-9,-5,-6,-9,-19,-9,0,-6,-5,-12,sil
25.9448401927948,-6,-1,0,8,1,-8,-9,-6,-18,-8,1,-4,-6,-11,sil
25.9448401927948,3,2,6,18,6,5,-3,-1,-2,4,3,11,1,1,sil
25.96040081977844,5,4,1,5,3,14,10,-4,4,3,-4,5,-3,0,sil
25.96040081977844,3,0,-2,-11,0,0,9,4,7,-1,-3,-1,-10,-1,sil
25.97564625740052,-1,-1,-4,-5,-6,-12,-1,13,10,5,1,1,-3,0,sil
25.97564625740052,-6,0,-7,-3,-10,-4,0,1,0,0,-10,-2,-4,-2,sil
25.990875720977783,-2,0,-6,-11,-3,8,8,-4,-11,-7,-10,-4,-11,0,sil
25.990875720977783,-1,-1,-12,-6,3,10,7,0,-4,4,7,-1,-3,5,sil
26.006425857543945,-5,0,-14,-3,1,4,0,0,3,15,2,-2,4,7,sil
26.006425857543945,-5,2,-9,-7,0,2,5,9,8,15,-11,-2,6,7,sil
26.02251982688904,-4,2,-7,0,5,5,13,10,10,17,-1,0,9,8,sil
26.02251982688904,-1,0,-6,0,2,5,8,0,6,16,6,0,7,4,sil
26.038625240325928,6,-4,-4,-4,-4,0,4,0,7,4,-1,-3,-3,4,sil
26.038625240325928,5,1,0,-3,-1,-5,6,3,11,-13,-4,-1,-4,10,sil
26.054675817489624,-2,1,0,-6,5,-5,0,-2,1,-23,0,1,2,0,sil
26.054675817489624,0,-10,0,-9,-1,-10,-7,-2,-10,-20,-5,1,0,-12,sil
26.07107090950012,8,-2,11,-3,-7,-13,-7,0,-13,-19,-13,2,-5,-6,sil
26.07107090950012,0,7,8,2,0,-8,-11,-6,-11,-19,-7,-2,2,-6,sil
26.08652782440185,-7,-4,1,1,0,-4,-22,-8,-10,-9,-4,-3,6,-10,sil
26.08652782440185,3,-3,15,0,1,-6,-19,1,-2,0,1,4,3,-1,sil
26.102632761001587,15,9,19,15,13,-4,-10,4,4,0,17,8,9,0,sil
26.102632761001587,11,5,13,20,13,-1,-13,-8,-1,-5,26,11,14,-7,sil
26.11831045150757,1,-1,25,8,5,-4,-12,-11,-5,-2,46,5,15,-2,sil
26.11831045150757,2,5,19,11,4,4,6,-2,1,7,48,-3,13,3,sil
0.0265984535217285,4,13,1,20,0,23,22,0,7,19,-2,0,-8,4,sil
0.0265984535217285,-4,4,-6,6,-8,24,23,5,7,26,-34,-5,-24,0,sil
0.0416281223297119,-9,-7,-15,1,-6,13,20,6,9,32,-23,-16,-16,0,sil
0.0416281223297119,-5,-11,-14,3,-4,3,11,1,8,20,-17,-6,-7,12,sil
0.0576310157775878,-5,-7,-14,-5,-7,0,7,1,5,-4,-11,2,-2,17,sil
0.0576310157775878,-5,-3,-20,-11,-3,3,6,1,1,-17,-5,2,1,7,sil
0.0730297565460205,0,-2,-3,-12,-2,-2,-6,1,-3,-10,0,14,3,-2,sil
0.0730297565460205,2,-2,0,-16,-10,-13,-22,2,0,0,6,13,9,-9,sil
0.088158369064331,0,0,-12,-17,-11,-18,-20,-6,0,1,0,-5,6,-10,sil
0.088158369064331,-6,6,-6,-12,-4,-16,-7,-12,-18,-7,-5,-10,-5,-13,sil
0.1038744449615478,-14,7,-9,-10,0,-4,-2,-7,-26,-13,-3,-7,-10,-21,sil
0.1038744449615478,-13,7,-10,-9,4,3,0,0,-16,-17,-17,-8,-15,-17,sil
0.1191163063049316,-10,11,3,2,13,9,15,5,-2,-5,-18,-16,-22,-3,sil
0.1191163063049316,-8,0,1,10,13,16,25,5,5,13,-3,-19,-14,0,sil
0.1343128681182861,0,-13,-4,1,4,7,11,12,17,12,-1,-2,4,7,sil
0.1343128681182861,15,-4,3,0,0,-14,-2,17,22,-1,3,16,21,16,sil
0.1499512195587158,20,6,10,2,0,-19,-17,0,0,-14,14,22,15,11,sil
0.1499512195587158,11,9,12,7,3,0,-19,-19,-21,-15,10,12,-5,0,sil
0.1655933856964111,2,8,18,21,9,20,0,-11,-7,-2,3,0,-11,4,sil
0.1655933856964111,0,0,20,27,7,24,13,4,7,9,1,0,0,15,sil
0.1809735298156738,0,-15,5,13,-1,12,11,13,20,23,5,2,15,20,sil
0.1809735298156738,0,-15,0,-4,-4,0,5,18,31,30,11,5,19,26,sil
0.1969738006591797,9,-2,2,-9,-4,-12,1,14,22,8,8,5,15,17,sil
0.1969738006591797,13,-4,-6,-7,-5,-16,-5,-1,0,-12,2,2,9,0,sil
0.2131910324096679,9,-14,-11,-16,-5,-13,-16,-13,-22,-10,2,7,3,-5,sil
0.2131910324096679,3,-5,-4,-14,-1,-13,-16,-16,-34,-12,0,4,0,-12,sil
0.2287917137145996,5,4,6,-3,-3,-17,-12,-21,-30,-22,1,-1,-4,-20,sil
0.2287917137145996,1,3,5,-10,-13,-12,-16,-21,-18,-21,8,-1,-8,-23,sil
0.2450196743011474,-11,7,2,-9,-2,1,-10,-6,-8,-12,2,-7,-9,-21,sil
0.2450196743011474,-11,16,11,16,19,18,16,3,-2,-3,-10,-8,-4,-14,sil
0.2609670162200928,-10,7,2,21,12,20,25,0,-4,0,-15,-13,-6,-12,sil
0.2609670162200928,-26,-2,-10,1,-4,14,13,3,0,0,-15,-23,-14,-13,sil
0.2763967514038086,-22,2,-1,7,3,17,21,17,28,22,-4,-14,-4,2,sil
0.2763967514038086,4,7,2,19,8,20,33,19,47,47,9,6,14,22,sil
0.2927858829498291,5,-1,-8,0,-9,6,12,9,32,36,1,9,9,20,sil
0.2927858829498291,-18,-17,-20,-20,-17,-11,-10,0,13,13,-13,-3,-3,2,sil
0.308659553527832,-15,-17,-22,-22,-9,-15,-10,-1,9,11,-7,-1,1,-1,sil
0.308659553527832,10,0,-14,-19,-3,-6,-3,5,12,8,7,13,14,8,sil
0.3238942623138428,14,4,-8,-19,-3,-9,-13,6,7,-7,11,20,10,9,sil
0.3238942623138428,9,3,0,-11,-4,-20,-26,3,-1,-20,12,21,9,3,sil
0.3390126228332519,20,15,12,5,-1,-20,-20,6,-7,-27,15,18,12,1,sil
0.3390126228332519,18,17,15,12,8,-12,-16,-1,-27,-40,4,7,-11,-8,sil
0.3546490669250488,1,2,8,6,12,-5,-19,-21,-48,-42,-11,-6,-34,-16,sil
0.3546490669250488,-3,0,4,8,12,1,-11,-24,-36,-25,-12,-14,-30,-12,sil
0.3707420825958252,0,5,11,19,13,10,1,-13,-17,-9,-6,-13,-20,-2,sil
0.3707420825958252,-1,1,11,24,6,17,12,-7,-13,4,-2,-15,-9,0,sil
0.3866429328918457,-4,-6,3,12,0,19,19,-6,-13,9,-7,-17,-7,0,sil
0.3866429328918457,-5,-11,0,7,4,16,18,-2,-4,9,-16,-14,-7,0,sil
0.4018518924713135,-11,-16,-1,9,0,13,14,4,8,21,-12,-12,3,6,sil
0.4018518924713135,-21,-21,-11,-8,-12,10,13,9,18,28,-7,-18,2,1,sil
0.4170079231262207,-15,-16,-18,-15,-4,7,13,10,22,14,-9,-13,0,0,sil
0.4170079231262207,2,-4,0,0,3,6,11,18,27,14,3,9,27,18,sil
0.4331099987030029,10,-4,4,-1,-9,1,4,23,28,34,24,19,45,21,sil
0.4331099987030029,4,-3,-16,-19,-16,-11,-4,8,13,20,15,6,16,1,sil
0.4486703872680664,0,6,-12,-21,-11,-24,-4,-7,-4,-13,-2,1,-6,-5,hello
0.4486703872680664,7,9,3,-15,-12,-26,-6,-11,-8,-15,3,9,1,-1,hello
0.4646031856536865,24,11,11,-6,-2,-18,-16,-9,-5,0,26,25,18,0,hello
0.4646031856536865,35,25,18,12,15,-6,-8,-2,2,0,35,29,23,5,hello
0.4806830883026123,21,28,18,20,13,-2,-2,8,4,-9,17,16,12,2,hello
0.4806830883026123,-1,14,16,8,3,-1,-15,3,-6,-23,2,17,0,-7,hello
0.496788740158081,-5,7,9,1,8,5,-5,-4,-7,-15,7,20,-2,-9,hello
0.496788740158081,0,10,7,8,10,9,8,1,-3,-6,7,5,-6,-3,hello
0.511967658996582,-3,12,12,20,5,4,-2,-1,-9,-8,0,-5,-6,-1,hello
0.511967658996582,-8,1,13,20,9,6,0,-10,-4,3,0,-4,-4,0,hello
0.5272724628448486,-11,-12,2,9,7,11,12,-11,1,4,-11,-10,-19,1,hello
0.5272724628448486,-23,-18,-20,0,-6,8,9,-15,-13,-16,-40,-32,-36,-15,hello
0.5429039001464844,-35,-31,-33,-31,-17,7,7,-9,-20,-19,-46,-42,-36,-21,hello
0.5429039001464844,-32,-48,-34,-57,-20,8,9,8,-1,0,-35,-38,-29,-7,hello
0.5579884052276611,-22,-33,-37,-29,-19,2,0,14,20,12,-35,-33,-21,0,hello
0.5579884052276611,0,0,-12,6,-5,-4,-9,17,34,29,-20,0,0,10,hello
0.5736403465270996,27,15,15,13,15,-7,-5,22,42,45,16,36,28,26,hello
0.5736403465270996,32,14,4,3,13,-12,-3,13,25,21,25,25,28,17,hello
0.5897319316864014,12,2,-14,-13,-9,-17,-10,1,-4,-24,1,-1,7,-2,hello
0.5897319316864014,-1,-7,-13,-17,-17,-14,-15,-10,-28,-37,-4,-5,-1,-11,hello
0.6049089431762695,-3,-1,0,0,-4,-7,-16,-24,-41,-24,15,1,0,-18,hello
0.6049089431762695,2,12,14,11,3,0,-10,-19,-30,-4,29,3,2,-17,hello
0.6209902763366699,4,18,22,15,9,7,0,-5,-4,13,23,1,5,-10,hello
0.6209902763366699,0,18,23,25,18,15,11,0,10,15,14,-3,8,-2,hello
0.6366050243377686,2,13,16,31,16,18,19,1,11,11,9,-1,14,10,hello
0.6366050243377686,0,2,9,22,4,14,16,0,-6,10,-3,1,6,14,hello
0.6516435146331787,-8,-8,-1,11,-2,8,14,-7,-20,1,-16,-6,-14,6,hello
0.6516435146331787,-11,-10,-12,-4,-4,8,20,-2,-3,-6,-12,-6,-16,4,hello
0.6666836738586426,0,-7,-7,-19,-2,3,19,10,18,6,4,10,10,7,hello
0.6666836738586426,14,-3,3,-14,-2,-11,0,15,18,15,25,25,34,10,hello
0.681767463684082,19,4,8,-9,-4,-18,-20,9,2,-4,31,32,32,14,hello
0.681767463684082,21,14,6,-5,-2,-14,-21,4,0,-17,17,26,19,12,hello
0.6969039440155029,16,12,11,2,3,-18,-16,2,2,-12,0,9,3,2,hello
0.7130093574523926,-9,4,5,-3,3,-15,-23,-7,-8,-14,-11,-12,-20,-19,hello
0.7130093574523926,-26,0,-10,-5,0,3,-9,-13,-14,-10,-17,-25,-35,-32,hello
0.7283148765563965,-10,3,1,16,9,21,20,-4,0,9,-18,-13,-27,-12,hello
0.7283148765563965,0,6,15,28,16,27,30,3,7,19,-20,-6,-19,4,hello
0.7439422607421875,-3,-3,0,14,3,21,19,9,5,0,-20,-16,-14,2,hello
0.7439422607421875,4,-16,-7,0,-8,5,13,17,8,-14,-4,-8,0,15,hello
0.7600100040435791,10,-20,-11,-13,-11,-7,4,17,22,2,3,1,15,29,hello
0.7600100040435791,-7,-27,-24,-32,-14,-16,-15,5,24,18,-8,-3,10,11,hello
0.7757689952850342,-19,-26,-32,-36,-16,-23,-26,-9,-1,-2,-21,-10,-9,-16,hello
0.7757689952850342,-9,-4,-21,-26,-9,-25,-23,-20,-26,-26,-14,-7,-16,-23,hello
0.7757689952850342,4,19,2,-13,0,-19,-18,-14,-18,-7,11,8,4,-10,hello
0.7909789085388184,13,23,13,4,-3,-6,-8,-1,0,24,35,25,27,4,hello
0.8070714473724365,9,15,11,16,0,7,0,-1,-3,9,32,21,19,2,hello
0.8070714473724365,0,13,14,21,21,22,5,-5,-7,-17,11,-1,0,-9,hello
0.8228914737701416,-5,6,10,22,23,28,12,-6,1,-7,-7,-12,-8,-11,hello
0.8228914737701416,-13,-5,0,14,0,14,10,-6,2,7,-7,-6,-8,-2,hello
0.8387095928192139,-10,-6,-8,6,-4,0,11,0,7,20,2,-4,2,8,hello
0.8387095928192139,10,-3,0,0,0,4,10,12,18,35,1,1,18,22,hello
0.85373854637146,15,-13,0,-17,-13,0,-1,10,14,18,-4,8,19,13,hello
0.85373854637146,-3,-17,-16,-29,-14,-20,-13,0,-5,-25,-5,-2,-4,-15,hello
0.8697738647460938,-9,0,-6,-14,0,-21,-16,-6,-23,-44,-6,-7,-28,-27,sil
0.8697738647460938,-1,9,14,15,0,-4,-11,-13,-21,-27,-7,-3,-27,-14,sil
0.8856596946716309,-3,8,17,21,-1,3,1,-6,-12,-10,-8,-12,-16,-3,sil
0.8856596946716309,-7,7,12,11,13,11,22,5,-13,0,-4,-14,-9,0,sil
0.9010744094848632,0,6,9,14,19,20,25,3,-10,15,2,-1,-4,9,sil
0.9010744094848632,2,-4,4,12,6,14,12,2,1,13,0,0,-1,16,sil
0.9170913696289062,-3,-10,-8,-2,-8,0,7,12,17,6,-2,-3,6,14,sil
0.9170913696289062,1,2,-14,-11,-10,-7,-1,14,19,3,9,10,21,10,sil
0.93426775932312,13,7,-8,-14,0,-15,-20,6,5,-1,24,29,24,-3,sil
0.93426775932312,13,1,-2,-7,8,-12,-14,-2,-7,-4,17,17,6,-13,sil
0.93426775932312,8,16,15,16,4,9,10,-2,-9,-3,4,-2,-5,3,sil
0.9482996463775636,7,14,15,28,0,18,21,9,14,16,1,-5,6,16,sil
0.9636597633361816,10,-23,-6,-1,0,4,7,15,36,38,-3,5,23,13,sil
0.9636597633361816,0,-25,-18,-28,-5,-9,-11,4,27,17,-7,12,28,8,sil
0.9787170886993408,-10,1,-15,-19,-10,-19,-23,-8,2,-20,0,3,15,-6,sil
0.9787170886993408,-2,2,0,-4,0,-19,-23,-13,-18,-23,0,-2,-9,-14,sil
0.9939332008361816,0,0,4,2,5,-4,-4,-14,-21,-1,-10,-11,-21,-3,sil
0.9939332008361816,-19,2,-12,-1,-8,5,6,-8,-1,1,-24,-20,-17,0,sil
1.009477138519287,-20,-12,-10,-18,-18,1,0,3,16,-3,-16,-4,-7,-2,sil
1.009477138519287,9,-17,3,-22,-6,-9,-4,0,6,-12,10,14,5,-3,sil
1.0247724056243896,18,7,13,-8,5,-7,-11,-16,-27,-32,20,18,1,-8,sil
1.0247724056243896,2,27,19,21,14,11,-5,-18,-33,-20,13,12,-7,-9,sil
1.0408694744110107,7,34,30,42,18,17,8,-4,-11,14,13,6,-7,6,sil
1.0408694744110107,14,31,36,35,16,11,11,2,-4,21,8,0,-10,10,sil
1.0569374561309814,-4,4,3,19,9,14,15,6,1,8,-16,-23,-19,-4,sil
1.0569374561309814,-23,-26,-25,-3,-4,11,21,14,13,2,-35,-36,-20,-5,sil
1.072038173675537,-20,-35,-27,-21,-20,-1,16,14,17,10,-22,-27,-13,-4,sil
1.072038173675537,-11,-31,-27,-28,-21,-13,0,5,12,8,-12,-17,-11,-8,sil
1.0876588821411133,-8,-22,-18,-30,-11,-15,-12,3,7,-2,-9,-1,-5,-2,sil
1.0876588821411133,-1,-9,-11,-19,-2,-10,-15,5,4,0,9,11,17,-2,sil
1.102917194366455,1,1,-6,-8,0,-3,-16,-3,-5,0,17,14,25,-12,sil
1.102917194366455,1,12,5,6,6,6,-6,-10,-8,-8,12,4,18,-7,sil
1.118732213973999,9,20,15,29,15,9,5,-7,-3,-8,16,-1,9,8,sil
1.118732213973999,3,17,17,26,8,7,2,0,-13,-12,2,3,-6,12,sil
1.134035587310791,-11,-3,-6,8,0,13,5,0,-12,-8,-16,-5,-9,6,sil
1.134035587310791,-10,-19,-24,-2,3,14,14,3,7,11,-10,-9,3,11,sil
1.149620771408081,5,-6,-6,-9,7,-2,4,8,18,20,11,16,17,14,sil
1.149620771408081,24,12,10,-5,0,-23,-12,-1,6,0,22,37,21,8,sil
1.164999008178711,30,18,23,3,-9,-25,-17,-4,-13,-20,15,28,6,5,sil
1.164999008178711,15,22,21,12,-1,-5,0,3,-9,-3,11,9,-3,0,sil
1.180148363113403,0,24,18,16,9,8,15,4,4,13,11,2,0,3,sil
1.180148363113403,-5,12,20,14,4,11,11,4,8,18,1,0,0,10,sil
1.1957340240478516,-5,-12,0,6,-5,7,8,5,16,31,-5,-10,0,4,sil
1.1957340240478516,4,-21,-7,-6,-12,-3,3,3,19,22,0,2,6,9,sil
1.2108354568481443,6,-12,-5,-15,-15,-9,-10,-4,9,-1,0,7,13,8,sil
1.2108354568481443,-5,-16,-23,-28,-11,-14,-21,-10,0,-9,-11,-12,7,-16,sil
1.226062297821045,-10,-16,-18,-38,-4,-23,-23,-6,-19,-28,-17,-9,-13,-29,sil
1.226062297821045,-11,-3,-6,-21,0,-18,-22,-17,-40,-49,-10,-11,-25,-31,sil
1.2410407066345217,-14,4,1,-1,3,0,-15,-19,-43,-38,-14,-22,-23,-33,sil
1.2567057609558103,-8,16,15,11,14,15,10,5,-17,-10,-17,-11,-13,-15,sil
1.2567057609558103,1,16,7,19,28,21,30,14,12,1,-6,-4,0,8,sil
1.2567057609558103,1,-1,4,7,18,30,19,12,15,3,-7,-4,-2,15,sil
1.2713863849639893,-6,-15,-4,9,0,35,20,11,25,23,-8,-11,-2,8,sil
1.2870941162109375,-10,-12,-21,8,0,13,28,5,46,38,0,-14,4,12,sil
1.2870941162109375,-8,0,-2,-13,1,-3,8,18,41,27,-1,5,1,21,sil
1.3029670715332031,-7,-7,-21,-5,-27,0,3,8,36,24,11,0,12,-3,sil
1.3029670715332031,8,-26,-23,-17,-43,-24,-15,-9,-1,-15,12,8,4,-7,sil
1.3185789585113523,22,11,33,-14,0,-25,-27,-2,-33,-39,20,47,0,9,sil
1.3185789585113523,11,30,-35,68,46,0,12,-48,5,26,60,-9,33,-24,sil
1.333735466003418,9,1,0,16,12,-20,-28,-30,-56,-26,0,-8,-30,1,sil
1.333735466003418,8,42,122,-18,-8,10,-31,35,-85,-60,-35,52,-55,31,sil
1.3488123416900637,-19,22,-137,135,43,44,91,-78,86,110,67,-93,78,-68,sil
1.3488123416900637,-11,-72,-143,12,1,-45,-7,-53,3,22,-18,-82,-4,-7,sil
1.3640453815460205,12,4,292,-188,-67,-18,-128,164,-167,-160,-145,169,-143,136,sil
1.364443063735962,-8,70,134,13,0,87,46,72,38,39,10,64,33,11,sil
1.3799874782562256,-7,-26,-187,94,27,4,77,-81,117,120,69,-107,105,-68,sil
1.3799874782562256,15,-32,0,-62,-28,-63,-63,14,-43,-46,-38,20,-17,22,sil
1.3950443267822266,0,3,33,-49,-16,-11,-29,27,-5,-24,-8,33,4,-5,sil
1.3950443267822266,-8,-23,-80,-10,-1,-15,3,-28,42,17,26,-37,33,-44,sil
1.4105966091156006,12,-2,2,-19,-11,-23,-21,-3,-10,-24,8,12,-3,-1,sil
1.4105966091156006,12,13,23,0,3,4,11,-7,-2,-10,30,13,10,0,sil
1.4256541728973389,-1,-10,-3,-17,10,9,23,-15,0,-2,20,-13,7,-2,sil
1.4256541728973389,-3,4,22,8,11,16,13,1,-6,0,-1,-1,-10,11,sil
1.4407122135162354,-1,16,8,61,23,23,26,-5,15,15,0,-8,-6,11,sil
1.4407122135162354,-12,-3,-8,31,12,14,19,-2,13,4,-22,-22,-17,7,sil
1.4560651779174805,-19,-7,-12,9,-6,5,1,8,9,13,-29,-22,-19,-1,sil
1.4560651779174805,-2,-1,-19,18,-6,-7,-6,6,22,30,0,-1,1,2,sil
1.471580982208252,8,-4,-8,-6,-1,-17,-13,9,20,2,7,23,7,12,sil
1.471580982208252,4,-2,-11,-25,-2,-10,-9,0,6,-20,-3,10,3,-9,sil
1.4869391918182373,10,8,-12,-19,-3,-6,-11,-8,-12,-23,2,1,0,-22,sil
1.4869391918182373,19,21,13,-6,3,-5,-11,-3,-23,-22,16,8,-5,-11,sil
1.5030200481414795,9,19,16,12,10,0,5,-14,-27,-15,7,-9,-10,-18,sil
1.5030200481414795,-5,5,8,10,1,15,11,-17,-40,-15,-13,-20,-19,-16,sil
1.518219232559204,-14,0,3,13,2,30,16,-5,-16,8,-7,-9,-12,2,sil
1.518219232559204,-11,-10,2,15,9,23,21,0,10,32,-1,-6,-3,12,sil
1.533012866973877,-6,-15,11,-7,-5,8,7,11,-1,13,-17,-6,-9,10,sil
1.533012866973877,-14,-21,-11,-16,-17,2,0,9,2,2,-15,-13,-3,0,sil
1.549030303955078,-11,-26,-23,-19,-15,-6,0,11,16,11,-2,0,11,11,sil
1.549030303955078,7,-13,-6,-24,-8,-14,-6,17,20,20,8,26,30,27,sil
1.5647408962249756,11,-5,-13,-15,1,-21,-17,5,19,9,16,24,31,9,sil
1.5647408962249756,8,2,-6,-7,6,-22,-26,3,4,-12,11,19,12,0,sil
1.5798897743225098,7,15,1,-2,3,-17,-20,-3,0,-10,22,16,13,-3,sil
1.5798897743225098,0,16,0,-6,0,-20,-20,-15,-6,-12,19,6,8,-7,sil
1.595688819885254,0,21,22,-1,0,-16,-17,-11,-21,-26,-2,6,-8,-5,sil
1.595688819885254,12,29,35,28,7,-1,-1,-8,-15,-13,-1,0,-11,-2,sil
1.6108403205871582,10,24,37,46,11,12,7,-3,-9,-4,1,-8,-15,-2,sil
1.6264362335205078,-8,10,25,36,11,29,21,0,-9,-5,-26,-19,-28,-6,sil
1.6264362335205078,-12,-8,-4,13,8,34,36,0,0,3,-48,-29,-29,-5,sil
1.6427874565124512,-3,-12,-9,5,1,25,34,18,20,19,-17,-11,-3,9,sil
1.6427874565124512,-1,-8,-5,10,-3,7,16,28,39,37,21,9,34,26,sil
1.6427874565124512,-2,-21,-18,-20,-10,-7,0,24,34,31,10,10,37,28,sil
1.658081293106079,-4,-32,-33,-51,-19,-8,-2,7,22,9,-3,1,19,7,sil
1.6737487316131592,-6,-17,-59,-29,-24,-12,-4,-27,11,-1,14,-14,20,-24,sil
1.6737487316131592,4,0,-31,-17,-10,-26,-37,-24,-20,-25,13,6,7,-15,sil
1.6887567043304443,16,5,57,-29,0,-12,-52,17,-40,-47,0,54,-20,4,sil
1.6887567043304443,10,9,13,17,-9,5,0,-19,-6,-5,20,1,-9,-35,sil
1.704097032546997,5,10,-37,27,-8,-15,7,-51,-18,-2,8,-45,-21,-40,sil
1.704097032546997,9,30,60,-9,22,-1,-16,15,-47,-35,-17,21,-39,13,sil
1.7196660041809082,0,24,12,51,54,41,32,-6,15,31,26,-5,18,-13,sil
1.7196660041809082,-12,-14,-50,50,28,10,23,-52,-1,30,11,-56,-5,-24,sil
1.7351057529449463,-7,-3,56,-33,-11,-1,-27,16,-59,-47,-51,10,-76,30,sil
1.7351057529449463,-1,1,11,-2,-3,22,13,22,18,6,-15,7,-7,16,sil
1.751129388809204,0,-24,-52,6,-3,-1,21,1,37,30,0,-19,29,5,sil
1.751129388809204,-5,-16,14,-34,-19,-11,0,36,-5,-6,-24,6,-8,22,sil
1.766635179519653,-12,-19,-10,-14,-11,0,22,23,26,26,-3,-8,13,4,sil
1.766635179519653,-5,-32,-28,-17,-7,-10,12,9,23,21,4,0,26,8,sil
1.7817740440368652,1,-2,5,-30,-4,-10,5,15,1,-7,3,22,14,6,sil
1.7817740440368652,0,17,-11,-5,0,-10,11,-3,15,0,11,-1,19,-12,sil
1.797837495803833,0,21,2,10,0,-15,-18,-1,5,-11,6,0,13,-5,sil
1.797837495803833,3,24,17,12,0,-7,-22,6,2,-20,5,9,6,-2,sil
1.8129959106445312,8,11,-2,-1,2,-2,2,0,14,-4,10,0,16,-1,sil
1.8129959106445312,1,0,3,-5,0,3,0,0,-3,-1,11,4,13,8,sil
1.829185485839844,-11,9,10,12,0,1,-21,-13,-31,-13,6,0,-7,-7,sil
1.829185485839844,-7,17,8,25,5,-9,-26,-29,-33,-15,0,-7,-23,-23,sil
1.8444817066192627,5,12,27,31,9,4,-13,-25,-20,2,5,2,-15,-5,sil
1.8444817066192627,9,2,23,30,10,25,2,-2,-3,21,6,6,-3,13,sil
1.860185146331787,9,-1,2,14,4,13,7,7,15,21,-7,10,-3,16,sil
1.860185146331787,5,-7,-2,0,0,4,4,5,22,14,-8,20,2,16,sil
1.875394344329834,-3,-25,-14,-14,-3,15,4,6,14,12,0,8,12,12,sil
1.875394344329834,0,-24,-17,-14,-5,16,4,7,6,3,-2,1,2,8,sil
1.8910622596740725,12,3,-6,10,4,2,5,0,7,0,0,10,0,8,sil
1.8910622596740725,18,8,-3,4,2,-15,1,1,4,2,1,8,15,5,sil
1.906968593597412,12,-4,-6,-27,-11,-18,-3,7,0,2,0,-1,10,-3,sil
1.906968593597412,0,-3,-12,-19,-7,-6,1,0,0,0,6,-6,0,-16,sil
1.9229998588562007,-6,4,-9,-10,0,-7,5,-3,-4,-15,11,-6,0,-20,sil
1.9229998588562007,-12,2,-6,-21,-3,-11,2,-2,-10,-25,1,-14,-3,-25,sil
1.939049482345581,-16,-12,-6,-14,-4,1,4,-4,-9,-20,-15,-26,-21,-24,sil
1.939049482345581,-14,-10,1,-1,-2,12,8,0,-6,-11,-22,-26,-27,-10,sil
1.954573154449463,0,6,5,2,-1,-1,0,1,-4,-8,-9,-19,-16,-5,sil
1.954573154449463,4,12,13,2,-2,-19,-17,-4,-15,-16,-13,-10,-18,-5,sil
1.970590591430664,-12,1,11,1,-6,-8,-10,-6,-12,-6,-24,-9,-17,-2,sil
1.970590591430664,-20,-7,-4,9,-9,6,8,-3,8,18,-6,-14,1,3,sil
1.9859459400177,-3,0,5,17,-3,11,5,0,5,21,13,0,11,10,sil
1.9859459400177,4,5,8,12,11,18,7,0,-2,17,12,12,11,9,sil
2.0066466331481934,-7,-1,-6,4,14,22,17,2,4,14,0,6,4,10,sil
2.0066466331481934,-6,-1,-4,7,10,11,15,12,13,3,-7,1,0,14,sil
2.007645845413208,18,0,1,0,7,-13,0,8,11,-2,5,12,15,14,sil
2.0176665782928467,28,-2,0,-21,-3,-26,-17,0,7,0,22,31,25,11,sil
2.033118724822998,8,-2,-6,-19,-15,-19,-22,4,8,6,15,26,17,6,sil
2.033118724822998,-5,-4,-11,-9,-13,-12,-19,5,2,2,8,16,10,6,sil
2.0491909980773926,-2,-3,-9,-14,0,-5,-19,-4,-8,-7,17,14,8,-1,sil
2.0491909980773926,0,12,-6,2,16,9,-8,-9,-12,-12,12,3,-4,-9,sil
2.064636707305908,0,28,17,31,23,21,13,-2,-10,0,-3,-8,-17,-7,sil
2.064636707305908,-1,19,26,33,17,17,19,-1,-2,12,-1,-16,-14,-2,sil
2.0798306465148926,-5,-1,7,12,6,12,13,0,1,14,-1,-10,-10,1,sil
2.0798306465148926,-2,-9,-5,-4,-4,8,13,5,2,7,-13,0,-5,4,sil
2.0959372520446777,2,-7,-11,-12,-15,-7,0,0,1,-6,-13,-8,0,0,sil
2.0959372520446777,6,-5,0,-4,-14,-22,-16,-2,-3,-19,6,0,9,0,sil
2.1111955642700195,21,4,23,17,0,-14,-9,-1,-8,-10,28,27,22,4,sil
2.1111955642700195,22,17,30,28,7,1,-2,-4,-7,0,10,18,10,-1,sil
2.12659764289856,2,10,17,16,0,8,0,0,-1,0,-20,-6,-16,-1,sil
2.12659764289856,-9,-10,-7,0,-13,1,10,3,9,7,-22,-14,-15,2,sil
2.1426708698272705,-14,-25,-24,-15,-16,-3,11,1,14,9,-19,-16,-9,-4,sil
2.1426708698272705,-19,-26,-32,-29,-6,0,11,7,22,5,-25,-21,-13,-8,sil
2.157829761505127,-11,-24,-28,-36,0,0,14,6,27,2,-13,-8,2,0,sil
2.157829761505127,8,-9,-1,-21,0,-5,-1,-1,6,-8,8,18,23,5,sil
2.174145698547364,9,9,3,-2,0,-4,-19,-3,-6,-12,18,17,14,0,sil
2.174145698547364,-9,2,-13,-26,0,-2,-15,-5,0,-10,14,-4,-2,-15,sil
2.1896238327026367,-14,-3,-15,-38,8,-9,-6,-10,-12,-19,5,-17,-5,-25,sil
2.1896238327026367,-6,19,2,5,14,-7,-16,-14,-33,-15,1,-14,-4,-21,sil
2.205678939819336,0,35,19,40,7,6,-18,-11,-23,7,0,-6,-9,-8,sil
2.205678939819336,1,18,10,37,7,16,4,0,-2,13,0,-3,-8,5,sil
2.221797704696656,-2,1,6,23,8,11,12,-2,-10,-2,0,-5,-5,3,sil
2.221797704696656,-5,4,17,13,-3,4,0,-9,-21,-2,-5,-10,-10,-3,sil
2.2378957271575928,3,2,15,14,-3,8,4,7,-1,11,-5,-8,-8,7,sil
2.2378957271575928,8,-13,3,7,3,15,23,24,18,13,-2,3,2,21,sil
2.2541213035583496,0,-17,-6,-6,-1,17,25,13,16,21,-1,9,14,13,sil
2.2541213035583496,-1,-10,-4,-11,-7,9,16,9,16,29,0,12,16,16,sil
2.2696022987365723,4,-14,-7,-12,-12,-12,7,17,24,9,-8,8,7,23,sil
2.2696022987365723,0,-20,-22,-19,-22,-24,-5,7,16,-9,-15,0,2,4,sil
2.2847979068756104,-2,-14,-19,-22,-19,-21,-24,-4,0,-2,0,7,12,-7,sil
2.2847979068756104,14,0,0,-4,-2,-20,-27,0,0,5,22,22,27,8,sil
2.7803285121917725,-5,-16,-16,-8,-7,-10,0,17,15,7,0,-2,11,10,sil
2.7803285121917725,-2,-21,-14,-23,-11,-18,-5,20,29,9,6,2,24,12,sil
2.796003818511963,9,-3,-5,-15,-6,-19,-3,16,17,12,24,12,27,8,sil
2.796003818511963,9,11,6,6,0,-21,-7,-5,-7,-11,24,15,17,-4,sil
2.8110475540161133,3,18,10,13,2,-15,-12,-23,-19,-30,14,13,11,-10,sil
2.8110475540161133,13,28,15,11,9,0,-9,-22,-23,-26,16,18,8,-6,sil
2.8265976905822754,14,32,20,20,20,4,-4,-14,-23,-14,13,9,-3,-10,sil
2.8265976905822754,-8,23,16,30,16,0,-4,-11,-14,-2,-5,-12,-21,-12,sil
2.841956615447998,-15,2,13,19,-1,7,0,-7,-3,4,-20,-22,-26,3,sil
2.841956615447998,-7,-18,-5,-5,-7,12,5,0,1,1,-21,-16,-11,10,sil
2.8580117225646973,-8,-22,-21,-28,-5,-5,-9,0,0,-13,-17,-2,-1,0,sil
2.8580117225646973,3,-3,-4,-17,-7,-14,-15,5,2,-13,-2,14,4,4,sil
2.873776912689209,26,3,11,6,0,-3,2,14,15,10,18,27,26,26,sil
2.873776912689209,14,-10,3,-5,0,-7,0,6,12,10,15,19,23,18,sil
2.8897922039031982,-3,-20,-10,-24,-19,-20,-20,-10,-8,-17,-4,-1,-13,-11,sil
2.8897922039031982,8,-2,-1,-12,-19,-8,-16,-9,-17,-19,-2,-5,-22,-17,sil
2.905349016189575,15,21,13,6,13,8,1,6,0,1,15,3,2,-2,sil
2.905349016189575,-1,20,12,11,18,9,4,6,7,4,13,-2,3,-2,sil
2.921022415161133,-11,0,3,7,-1,7,7,-4,-4,0,-2,-9,-14,-7,sil
2.921022415161133,-1,2,5,18,0,13,20,-2,-7,13,-8,-4,-12,8,sil
2.9366466999053955,0,15,12,33,13,25,24,5,0,18,-7,-8,-2,14,sil
2.9366466999053955,-10,-3,0,16,6,25,19,6,6,21,-12,-16,-1,-1,sil
2.953225612640381,-16,-22,-23,-13,-2,9,12,5,17,29,-11,-7,4,-1,sil
2.953225612640381,-1,-1,-16,-14,2,0,-1,6,22,13,1,14,16,14,sil
2.9682836532592773,12,10,0,-1,2,0,-12,9,19,-5,10,18,23,10,sil
2.9682836532592773,1,-11,-10,-16,-10,-14,-12,7,15,0,4,11,23,-3,sil
2.9839649200439453,-4,-20,-18,-34,-16,-30,-14,0,5,3,0,9,12,-2,sil
2.9839649200439453,6,-2,-10,-20,-9,-33,-16,-7,-7,-6,3,3,0,-1,sil
2.999434232711792,3,7,2,-2,-10,-28,-17,-8,-21,-15,1,-2,-3,-11,sil
2.999434232711792,-6,2,2,-3,-11,-9,-9,-12,-24,-22,-5,-12,-7,-19,sil
3.015187263488769,-2,0,1,-5,-2,9,1,-13,-17,-29,-5,-16,-10,-14,sil
3.015187263488769,-3,0,4,0,1,12,9,-2,-9,-18,0,-11,-9,-7,sil
3.0338921546936035,-13,-2,1,1,1,11,5,1,-8,-7,-7,-9,-20,-13,sil
3.0338921546936035,-8,1,9,14,12,13,0,-4,-15,-17,-9,-6,-28,-16,sil
3.045876979827881,5,15,22,36,22,14,8,-6,-13,-12,5,3,-10,-1,sil
3.062088966369629,1,7,17,28,16,15,19,-2,-6,1,4,6,-4,8,sil
3.062088966369629,-6,-12,0,7,7,14,20,3,0,10,-10,0,-10,11,sil
3.062088966369629,3,-6,-7,10,6,14,17,10,14,29,-3,-2,7,23,sil
3.0769832134246826,3,-3,-6,7,3,14,8,10,23,31,2,-5,14,24,sil
3.094229221343994,-8,-17,-14,-8,-6,2,2,8,18,13,-6,-7,1,10,sil
3.094229221343994,0,-6,-10,-11,-5,-9,1,8,17,20,3,11,17,12,sil
3.094229221343994,19,10,2,-5,1,-12,-9,5,18,28,26,27,37,20,sil
3.1078977584838867,19,3,0,-4,0,-16,-23,0,13,9,22,13,23,10,sil
3.123790979385376,22,10,1,-5,-2,-18,-17,0,11,-12,14,8,6,0,sil
3.123790979385376,18,22,6,-5,-1,-10,-6,0,3,-20,11,7,0,-16,sil
3.139432430267334,-13,5,-5,-11,-7,-5,-14,-11,-21,-20,-7,-15,-17,-36,sil
3.139432430267334,-29,-5,-5,-12,-5,-1,-20,-19,-35,-16,-25,-25,-31,-27,sil
3.15549635887146,-13,3,4,1,1,6,4,-10,-9,-2,-21,-16,-24,-3,sil
3.15549635887146,-10,-4,-3,-1,-3,12,20,8,16,7,-13,-12,-9,0,sil
3.1706721782684326,-15,-21,-16,-22,-14,2,4,19,17,5,-4,-1,7,1,sil
3.1706721782684326,6,-6,1,-13,-12,-14,-13,10,9,-3,13,25,17,10,sil
3.185910940170288,20,15,27,11,0,-17,-12,-1,-1,-1,25,29,16,10,sil
3.185910940170288,1,12,16,15,11,0,3,-10,-19,2,8,0,3,2,sil
3.202004909515381,-12,-9,-2,2,1,7,15,-14,-32,-13,-19,-20,-21,-5,sil
3.202004909515381,-3,-17,-4,0,-12,-4,6,-9,-25,-24,-29,-11,-28,-6,sil
3.217346429824829,10,-1,0,2,-5,-6,-2,2,-2,-4,-3,14,8,4,sil
3.217346429824829,19,12,8,2,9,4,1,12,17,11,28,36,39,15,sil
3.232937812805176,21,15,16,16,13,13,2,12,23,5,28,22,24,7,sil
3.232937812805176,0,11,8,24,9,18,-4,0,7,-3,0,-11,-8,-10,sil
3.248144626617432,-25,-6,-12,8,7,17,4,-10,-7,3,-28,-31,-25,-15,sil
3.248144626617432,-23,-25,-24,-10,2,10,19,-4,0,19,-32,-28,-18,0,sil
3.2639589309692383,-7,-13,-14,-13,-5,2,11,2,1,9,-12,-11,-3,7,sil
3.26435923576355,1,6,-8,-7,-10,-10,-1,0,-8,-17,9,-1,2,-1,sil
3.279957771301269,9,9,-6,-3,-1,-25,-11,-6,-20,-28,16,4,1,-12,sil
3.279957771301269,10,10,4,0,5,-21,-18,-6,-21,-13,11,7,-1,-15,sil
3.294633626937866,-2,7,9,2,2,1,-6,-1,-5,5,0,-2,-6,-12,sil
3.294633626937866,-14,-3,1,6,5,18,12,4,9,12,-11,-13,-9,0,sil
3.310056209564209,-13,-11,-9,2,6,15,15,10,19,22,-10,-11,-5,9,sil
3.310056209564209,-7,-13,-12,-9,-2,10,5,15,31,33,-3,0,1,17,sil
3.3259477615356445,3,-15,-5,-12,-5,1,0,17,39,31,5,11,16,23,sil
3.3259477615356445,18,-10,-3,-11,-6,-17,-3,9,34,22,27,26,33,27,sil
3.341492176055908,25,3,9,-12,-8,-26,-7,2,19,15,43,35,39,25,sil
3.341492176055908,26,19,24,9,2,-12,-9,-3,0,-3,27,28,22,10,sil
3.3571486473083496,16,18,24,20,12,-4,-14,-20,-28,-31,3,5,-8,-13,sil
3.3571486473083496,-7,6,16,2,1,-1,-15,-27,-38,-37,-5,-12,-26,-30,sil
3.372824192047119,-27,2,2,2,-2,12,-2,-10,-20,-25,-18,-24,-26,-28,sil
3.372824192047119,-25,1,-3,14,5,23,6,-1,-16,-18,-29,-28,-29,-16,sil
3.388112545013428,-10,3,0,14,9,17,11,-3,-25,-7,-23,-22,-23,-3,sil
3.388112545013428,0,9,0,12,1,9,18,5,-14,3,-11,-6,1,9,sil
3.4037227630615234,10,0,-8,0,-2,8,20,18,9,8,-6,4,18,18,sil
3.4037227630615234,18,-7,-10,-13,-2,9,15,17,28,18,0,6,18,13,sil
3.419174194335937,11,-1,-5,-14,-3,0,7,13,29,20,6,9,15,7,sil
3.419174194335937,3,-10,-14,-15,-9,-15,-4,5,10,-1,5,7,5,0,sil
3.434721231460572,-3,-20,-27,-26,-16,-21,-22,-9,-14,-27,-9,-3,-11,-19,sil
3.434721231460572,-12,-8,-12,-26,-18,-19,-28,-15,-21,-31,-14,-5,-20,-28,sil
3.450294256210327,-7,7,8,-4,-9,-21,-18,-13,-9,-16,3,1,-12,-18,sil
3.450294256210327,0,14,17,11,8,-15,-9,-16,-3,-2,21,8,0,-5,sil
3.4659931659698486,-6,15,15,15,14,-1,-7,-11,-4,3,9,3,-2,0,sil
3.4659931659698486,-14,5,7,14,7,4,-2,-4,-9,1,-18,-11,-20,-8,sil
3.481135606765747,-11,-6,3,10,6,10,9,-2,-14,3,-24,-19,-23,-3,sil
3.481135606765747,-9,-6,0,7,5,20,20,8,7,30,0,-6,3,22,sil
3.496741771697998,-3,-7,0,7,1,23,22,23,35,43,10,8,21,29,sil
3.496741771697998,9,-15,-2,0,0,13,12,16,28,17,-3,9,11,13,sil
3.512868881225586,15,-9,-5,-7,-6,-6,-3,3,8,2,-1,11,12,11,sil
3.512868881225586,14,3,2,0,-4,-21,-10,4,3,4,21,25,29,16,sil
3.5284111499786377,22,10,7,12,3,-10,0,4,5,-3,30,28,32,11,sil
3.5284111499786377,29,5,2,0,4,0,0,0,0,-13,18,19,17,5,sil
3.5437800884246826,9,0,-2,-15,2,-6,-9,0,-7,-12,8,2,0,-6,sil
3.544177293777466,-17,6,-2,-4,8,-3,-7,0,-15,-14,7,-16,-9,-20,sil
3.558880567550659,-16,15,8,13,15,14,4,-2,-17,-11,7,-12,-7,-17,sil
3.558880567550659,-3,11,11,20,15,19,10,-2,-4,3,0,-5,-6,-3,sil
3.574592351913452,-6,3,3,14,3,15,5,-8,2,10,-9,-17,-10,0,sil
3.574592351913452,-20,-6,-6,-1,-12,8,9,-12,-7,5,-16,-28,-19,-11,sil
3.5900940895080566,-28,-26,-25,-18,-20,0,16,-7,-12,0,-25,-29,-22,-15,sil
3.5900940895080566,-18,-26,-23,-22,-18,-2,5,0,4,0,-27,-20,-12,-2,sil
3.605893135070801,8,0,-4,-9,-11,-3,0,6,24,4,-12,-3,2,12,sil
3.605893135070801,19,9,-2,0,-4,-12,3,12,19,5,0,7,9,13,sil
3.621052265167236,5,-2,-12,-12,-8,-18,-4,10,1,-6,0,4,12,7,sil
3.621052265167236,1,-8,-7,-18,-12,-14,-18,5,0,-11,4,6,18,7,sil
3.636605978012085,15,1,9,-7,1,-9,-19,2,6,-8,15,21,15,2,sil
3.652214527130127,19,10,7,4,14,-11,-14,0,6,-7,12,14,5,-10,sil
3.652214527130127,2,7,2,0,8,-8,-16,-7,-6,-9,3,-1,-6,-16,sil
3.652214527130127,-7,5,12,-4,3,0,-16,-16,-25,-10,-3,-1,-21,-16,sil
3.667592287063599,0,16,16,6,11,15,-2,-21,-26,-11,-3,2,-22,-12,sil
3.682737112045288,7,23,21,25,21,27,6,-6,-9,-3,2,2,-12,0,sil
3.682737112045288,0,17,19,31,19,19,8,5,-4,14,2,2,-9,7,sil
3.698429584503174,-9,5,4,17,5,6,16,-1,-14,15,-5,0,-17,2,sil
3.698429584503174,-6,-7,-1,0,-5,12,23,-1,-4,12,-7,-1,-14,11,sil
3.7136361598968506,-2,-20,-4,-5,-9,12,14,9,16,21,-7,0,-2,19,sil
3.7136361598968506,-11,-25,-13,-15,-13,-9,0,6,9,9,-15,-3,0,7,sil
3.729581356048584,-17,-18,-17,-12,-15,-17,-2,5,4,-4,-11,-4,10,2,sil
3.729581356048584,-4,-10,-13,0,-7,-5,0,15,24,7,10,8,31,15,sil
3.7461445331573486,11,-9,-6,-2,-3,-4,-1,12,25,8,22,23,32,14,sil
3.747152090072632,12,-11,-6,-10,-6,-16,-5,3,6,-7,14,19,25,-1,sil
3.747152090072632,6,-7,-4,-6,0,-18,-9,1,-1,-12,12,15,24,-8,sil
3.761671304702759,10,4,4,-1,2,-10,-11,-6,-3,-17,23,12,15,-10,sil
3.7773263454437256,12,16,13,6,0,-9,-14,-19,-13,-23,19,5,-3,-16,sil
3.7773263454437256,0,20,21,20,4,-8,-10,-15,-19,-14,7,7,-6,-15,sil
3.79299521446228,-4,21,18,25,13,0,3,-3,-14,-4,3,4,-5,-5,sil
3.79299521446228,-3,16,12,13,8,7,9,-1,-16,-8,-1,-10,-20,-2,sil
3.808149814605713,-2,10,8,11,3,9,13,0,-13,0,-6,-19,-17,0,sil
3.808149814605713,1,14,6,17,5,20,24,8,9,20,-3,-14,1,3,sil
3.8236708641052246,0,5,-2,5,1,25,19,12,26,22,-14,-18,-3,2,sil
3.8236708641052246,-11,-19,-22,-9,-6,12,3,4,17,14,-34,-35,-18,0,sil
3.839663982391357,-17,-26,-22,-11,-3,4,3,2,7,15,-29,-41,-16,2,sil
3.839663982391357,-15,-15,-11,-11,-1,13,13,4,10,17,-18,-42,-13,3,sil
3.855727434158325,-11,-15,-22,-21,-7,12,5,5,16,14,-23,-39,-3,7,sil
3.855727434158325,0,-17,-32,-37,-7,-10,-12,8,13,5,-11,-21,15,15,sil
3.870921850204468,13,-7,-20,-32,-3,-24,-18,0,0,-5,5,-15,12,9,sil
3.870921850204468,14,1,0,-12,-2,-11,-17,-12,-11,-11,5,3,0,-4,sil
3.886965990066528,13,6,7,-13,-1,0,-5,1,-2,-2,12,71,11,-1,sil
3.886965990066528,16,8,3,-24,0,-2,3,17,7,3,28,100,20,7,sil
3.903266429901123,8,2,3,-16,3,-12,-10,0,-8,-10,20,46,-1,-5,sil
3.903266429901123,-5,-6,4,-2,6,-14,-22,-20,-22,-23,5,0,-15,-22,sil
3.918854236602783,-11,-4,0,0,1,-4,-12,-15,-11,-22,5,0,-5,-16,sil
3.918854236602783,-11,5,0,7,0,5,-3,-3,2,-9,9,0,0,-6,sil
3.9341652393341056,-7,9,8,23,7,5,0,-2,1,6,6,-8,0,-7,sil
3.9341652393341056,-4,12,21,34,10,3,0,-11,-9,2,0,-7,-3,-9,sil
3.950103521347046,-5,18,24,36,4,1,-3,-18,-19,-12,-1,-5,-4,-9,sil
3.950103521347046,0,20,25,30,0,-2,0,-14,-33,-21,-2,-2,-11,-6,sil
3.965689420700073,8,10,24,22,-9,-6,7,-2,-37,-19,-7,-1,-16,2,sil
3.965689420700073,8,-2,11,24,-11,-2,14,13,-5,0,-3,1,-2,17,sil
3.9817874431610094,7,-3,10,25,1,9,20,23,26,18,4,4,14,24,sil
3.9817874431610094,7,0,8,20,8,23,25,13,25,20,0,-1,9,17,sil
3.996615886688232,0,-6,-1,7,3,15,12,-1,13,15,-5,-5,0,11,sil
3.996615886688232,0,-6,-2,-3,1,0,-2,5,15,19,4,4,7,16,sil
4.017880916595459,11,0,-4,-4,0,0,0,14,20,21,5,2,15,15,sil
4.017880916595459,0,-11,-18,-16,-4,-2,2,3,13,3,-7,-10,7,5,sil
4.017880916595459,-12,-26,-30,-34,-5,-14,-1,-2,9,-12,-12,-12,1,-4,sil
4.028062582015991,-5,-15,-30,-38,-7,-14,0,8,14,-3,-7,-5,1,-11,sil
4.043237924575806,-3,0,-22,-27,-6,-2,8,17,19,14,0,0,5,-6,sil
4.043237924575806,-4,-1,-14,-13,2,0,6,9,11,12,5,0,14,0,sil
4.058970928192139,6,0,-7,-15,8,-7,-12,-4,-4,-2,11,12,15,-2,sil
4.058970928192139,11,9,-4,-19,3,-8,-27,-8,-7,-7,12,14,5,-6,sil
4.074660301208496,-2,7,-2,-7,-1,-7,-27,-6,-11,-10,0,-7,-7,-9,sil
4.074660301208496,-8,7,4,2,-2,-7,-24,-10,-22,-21,-15,-19,-18,-16,sil
4.089829444885254,1,17,8,5,0,-6,-18,-12,-17,-17,-11,-9,-15,-13,sil
4.089829444885254,6,16,18,10,3,-2,-7,-12,-14,-3,8,1,-8,-5,sil
4.105890989303589,6,5,26,21,3,13,17,-16,-21,10,12,4,-3,-1,sil
4.105890989303589,0,4,17,26,9,29,36,-11,-13,12,-1,-2,-1,1,sil
4.1219635009765625,-16,-1,6,12,8,25,24,-4,-7,-7,-18,-15,-10,0,sil
4.1219635009765625,-21,-18,-1,3,-8,18,12,3,-4,-10,-24,-19,-18,-3,sil
4.138075351715088,-6,-20,-2,5,-11,20,15,19,15,15,-6,-3,-8,7,sil
4.138075351715088,-3,-18,-11,-4,-4,9,5,22,29,23,8,3,-1,13,sil
4.155842542648315,-12,-29,-28,-22,-9,-6,-11,6,16,4,0,-4,-9,3,sil
4.155842542648315,-3,-23,-18,-17,-9,-11,-7,1,10,0,-1,0,-2,0,sil
4.168768644332886,10,-3,-3,-3,0,-14,1,8,18,10,12,10,17,5,sil
4.168768644332886,8,0,-5,-15,-2,-19,-8,0,4,3,12,10,20,1,sil
4.184012413024902,8,11,0,-19,2,-20,-19,-7,-12,-19,8,15,8,-3,sil
4.184012413024902,17,35,12,8,21,-14,-12,-2,-8,-19,16,19,6,-5,sil
4.199707508087158,10,40,18,26,20,-8,-7,-2,-6,-10,16,8,5,-7,sil
4.199707508087158,0,29,17,21,5,-7,-8,-6,-9,-13,4,0,3,-4,sil
4.214866638183594,1,18,16,12,4,-3,-4,-3,-7,-11,-2,3,2,4,hello
4.214866638183594,-3,3,6,5,4,2,2,-3,-8,-2,-8,2,-5,0,hello
4.230879306793213,-10,-1,-2,9,0,9,12,-6,-5,0,-14,-3,-8,-7,hello
4.230879306793213,0,4,4,11,0,16,18,0,5,6,-10,0,5,1,hello
4.246631145477295,5,0,2,-1,-3,11,12,3,10,19,-7,0,6,11,hello
4.246631145477295,-5,-14,-10,-10,-15,0,3,-2,-1,11,-19,-6,-10,5,hello
4.261967182159424,-2,-17,-10,-3,-19,3,5,-4,-6,-1,-25,-10,-13,3,hello
4.261967182159424,10,-18,-6,-1,-15,5,5,3,5,2,-2,2,5,18,hello
4.2775819301605225,11,-19,0,-12,-9,-7,-7,10,10,7,24,26,23,25,hello
4.2775819301605225,4,-10,3,-12,-4,-19,-15,9,0,3,25,25,24,5,hello
4.293205976486206,-3,0,1,-4,0,-17,-17,1,-11,-10,12,-1,-1,-18,hello
4.293205976486206,-7,5,5,7,7,1,-7,-1,-11,-21,2,-15,-27,-19,hello
4.307950973510742,-1,7,10,23,15,26,22,1,1,0,-7,-10,-17,-6,hello
4.307950973510742,-9,-3,2,9,10,31,33,8,14,29,-12,-6,3,2,hello
4.323567628860474,-12,-19,-11,-16,-1,12,9,12,19,26,0,-6,7,3,hello
4.323567628860474,8,-11,-14,-15,-7,-9,-15,2,12,5,11,0,3,0,hello
4.339659690856934,15,5,-6,-4,-1,-14,-27,-12,-5,-10,10,8,2,-6,hello
4.339659690856934,-3,12,-4,-4,2,-14,-30,-21,-18,-19,15,-1,0,-15,hello
4.355243682861328,-10,16,4,1,4,-11,-19,-23,-23,-20,17,-14,-13,-18,hello
4.355243682861328,-6,15,7,18,12,8,4,-16,-17,-9,-4,-18,-24,-14,hello
4.370966911315918,-5,11,0,20,20,21,21,0,7,6,-18,-20,-15,-5,hello
4.370966911315918,-3,4,-1,8,12,6,24,17,26,20,-8,-20,0,8,hello
4.386600494384766,-6,-7,-4,0,0,4,21,18,19,23,-11,-20,4,13,hello
4.386600494384766,-16,-9,-11,-6,0,20,19,2,7,7,-23,-17,0,2,hello
4.401697158813477,-15,-8,-12,-8,-4,10,17,0,5,-1,-22,-16,-4,3,hello
4.401697158813477,-5,-15,-16,-18,-13,-15,3,9,-1,0,-18,-16,-3,7,hello
4.416910648345947,0,-16,-17,-35,-15,-22,-14,13,-1,-9,-12,-3,7,-1,hello
4.416910648345947,13,-8,-8,-28,-14,-17,-12,11,15,-11,2,16,22,1,hello
4.4329993724823,28,-2,7,-10,-11,-15,-11,3,13,-1,15,34,21,12,hello
4.4329993724823,24,2,8,-10,-6,-14,-17,-3,-1,-1,16,40,15,5,hello
4.447845935821533,16,11,1,-10,-6,-18,-20,-5,-5,-15,20,42,18,1,hello
4.4640514850616455,24,22,17,7,-5,-15,-18,-8,-13,-16,28,48,21,8,hello
4.4640514850616455,29,29,35,30,5,0,-6,-12,-23,-2,24,52,9,8,hello
4.478737115859985,5,12,23,30,19,6,-2,-13,-21,-8,5,42,-12,0,hello
4.478737115859985,-17,-4,10,20,17,3,-12,-12,-19,-20,-5,24,-22,-9,hello
4.494644403457642,-10,4,17,15,-4,6,-11,-3,-15,-7,0,5,-7,-11,hello
4.494644403457642,1,9,20,11,-14,14,0,0,-4,12,2,-12,2,-2,hello
4.509785890579224,-11,-7,-4,11,7,14,10,-4,0,14,-1,-34,-10,-7,hello
4.509785890579224,-28,-12,-17,10,18,12,20,0,-5,2,-13,-47,-30,-19,hello
4.525225877761841,-21,-3,-4,8,9,14,25,7,2,0,-23,-47,-28,-11,hello
4.525225877761841,-8,0,2,17,18,19,23,5,20,17,-10,-38,-5,2,hello
4.5410239696502686,-9,-1,-1,17,20,21,19,7,18,25,10,-22,0,7,hello
4.5410239696502686,-14,0,-14,-10,-11,11,10,9,7,11,0,-26,-12,6,hello
4.55682373046875,-13,-1,-21,-36,-27,-5,-2,0,3,1,-23,-37,-12,0,hello
4.55682373046875,-2,-7,-16,-24,-3,-9,-7,-4,3,8,-9,-23,4,6,hello
4.571953296661377,14,-3,-11,5,5,0,0,2,8,21,19,3,19,25,hello
4.571953296661377,13,-2,-8,2,-3,-4,3,7,9,10,15,11,20,20,hello
4.587762355804443,-5,-18,-17,-27,-7,-11,0,3,11,-12,-4,0,19,-6,hello
4.587762355804443,-4,-23,-17,-42,-16,-12,-8,6,11,-13,-6,7,16,-9,hello
4.60404109954834,19,-5,5,-23,-25,-16,-11,11,8,-1,1,37,15,7,hello
4.60404109954834,26,3,15,-5,-6,-14,-8,6,2,-2,9,43,21,4,hello
4.620044946670532,7,4,10,-2,13,-3,-6,0,-1,-5,18,26,16,-8,hello
4.620044946670532,8,17,12,10,13,-6,-3,-3,0,1,17,14,0,-8,hello
4.6356611251831055,20,28,20,29,10,-6,-7,-10,-4,-10,9,10,-12,-4,hello
4.6356611251831055,7,19,17,31,7,8,-8,-16,-24,-28,0,3,-13,-7,hello
4.651199817657471,-13,9,-1,26,8,10,0,-22,-35,-19,-16,-11,-18,-14,hello
4.651199817657471,-18,2,-3,15,11,2,4,-17,-25,-5,-27,-21,-26,-15,hello
4.666780233383179,-18,-5,3,10,-11,13,5,-1,-7,5,-18,-15,-19,-7,sil
4.666780233383179,-21,-17,-7,1,-29,15,5,0,-2,7,-17,-10,-11,0,sil
4.682875394821167,-15,-22,-21,-27,-5,-7,-6,-5,0,-8,-28,-8,-14,0,sil
4.682875394821167,2,-16,-18,-28,15,-17,-6,11,21,-1,-11,0,0,8,sil
4.698622703552246,14,-6,-6,-7,7,-5,6,29,31,18,11,15,19,18,sil
4.698622703552246,17,-6,-3,-22,-2,-6,6,19,18,14,11,19,18,9,sil
4.7138519287109375,16,-3,-4,-31,-1,-14,-1,5,10,-1,16,18,18,0,sil
4.7138519287109375,8,13,7,9,6,-6,-4,0,0,-10,31,22,17,5,sil
4.728921413421631,2,23,17,30,3,6,-6,-6,-16,-8,22,14,2,5,sil
4.728921413421631,4,19,25,8,-9,11,-6,-10,-17,4,11,2,0,0,sil
4.744862079620361,10,22,31,17,0,8,0,-1,0,10,22,-2,7,2,sil
4.744862079620361,3,17,21,27,12,3,1,2,3,0,18,-16,0,2,sil
4.760282039642334,-16,-11,0,-11,0,8,3,-4,-8,-3,-9,-42,-21,-8,sil
4.760282039642334,-28,-27,-16,-36,-15,14,7,-13,-19,-8,-28,-54,-32,-14,sil
4.776061773300171,-25,-14,-14,-6,-6,10,4,-14,-19,-20,-35,-52,-31,-7,sil
4.776061773300171,-19,-6,-12,20,3,5,5,-1,0,-6,-35,-52,-22,-1,sil
4.791702508926392,-15,-12,-20,10,3,2,13,7,16,17,-13,-16,-9,0,sil
4.791702508926392,-7,-12,-15,-6,0,0,11,9,11,21,0,54,0,1,sil
4.806786060333252,3,-5,-10,-6,0,0,8,8,13,21,-7,67,9,1,sil
4.806786060333252,10,-2,-9,-2,-1,-5,-1,6,18,14,0,36,16,1,sil
4.822830438613892,15,7,1,-1,0,-13,-14,7,10,1,24,30,25,5,sil
4.822830438613892,21,26,18,8,7,-10,-5,8,11,9,26,26,37,10,sil
4.838047504425049,30,27,25,17,14,0,3,0,17,19,25,16,42,14,sil
4.838047504425049,27,16,18,19,15,-2,-11,-11,-1,7,29,12,37,9,sil
4.852832555770874,7,19,12,19,13,-3,-16,-21,-25,-11,14,0,16,-4,sil
4.852832555770874,-7,16,15,21,6,3,2,-15,-19,-12,-1,-12,0,-2,sil
4.868199825286865,-5,-10,2,13,-6,0,0,-1,-4,-2,-5,-15,0,5,sil
4.868199825286865,-6,-29,-19,-14,-14,-9,-17,3,-8,-10,-14,-17,-9,-3,sil
4.884108304977417,-10,-24,-27,-30,-13,-1,-2,6,-7,-24,-22,-16,-23,-12,sil
4.884108304977417,-4,-14,-15,-21,-16,2,12,13,4,-19,-25,-15,-27,-5,sil
4.8990747928619385,-1,-16,-6,-19,-16,-8,3,20,10,-4,-20,-14,-17,0,sil
4.8990747928619385,-2,-13,-9,-28,-10,-5,2,17,8,4,6,7,-1,4,sil
4.914705276489258,2,0,-1,-25,-8,1,3,3,0,-4,20,24,0,3,sil
4.914705276489258,4,5,4,-13,-12,-5,-1,-11,-8,-18,0,0,-16,-10,sil
4.92987585067749,-11,-2,0,-6,-2,0,0,-13,-2,-8,-6,-21,-22,-16,sil
4.92987585067749,-22,-2,-5,3,10,12,5,-9,2,5,3,-17,-21,-12,sil
4.945589065551758,-19,1,-10,13,7,9,0,-14,-5,-1,-15,-23,-33,-17,sil
4.945589065551758,-9,3,0,15,8,10,7,-11,-7,-2,-32,-25,-33,-8,sil
4.961054563522339,5,5,10,19,18,14,20,8,15,26,-7,0,2,22,sil
4.961054563522339,14,0,0,7,10,-3,-2,14,16,24,9,12,27,25,sil
4.977078914642334,8,5,-3,-8,-2,-19,-26,0,-14,-13,-4,9,8,-3,sil
4.977078914642334,4,21,11,5,3,-5,-15,-7,-15,-18,6,16,3,-12,sil
4.992794752120972,6,15,21,12,7,0,-8,-6,-4,0,33,28,18,-1,sil
4.992794752120972,3,0,11,3,2,-3,-3,-1,-10,4,18,10,12,2,sil
5.008582353591919,3,3,3,15,4,7,18,4,-3,9,-4,-5,3,7,sil
5.008582353591919,5,-1,9,18,3,11,15,1,10,15,6,1,15,12,sil
5.023835897445679,-1,-17,0,-5,-8,-8,-5,-4,8,8,8,5,17,7,sil
5.039378643035889,-12,-21,-16,-19,-17,-13,-10,0,3,-2,-6,2,7,3,sil
5.039378643035889,-5,-10,-10,-8,-5,0,-6,8,4,-6,0,7,16,4,sil
5.054628610610962,12,11,7,1,12,4,0,9,3,1,16,11,24,3,sil
5.054628610610962,12,22,17,2,12,1,1,1,-4,8,15,7,6,-3,sil
5.054628610610962,-2,12,8,10,2,0,-7,-11,-15,-1,-1,-11,-15,-16,sil
5.070659875869751,-6,6,6,22,6,8,-4,-12,-9,-6,-9,-22,-14,-15,sil
5.070659875869751,0,3,5,15,-1,20,21,2,18,16,1,-9,1,6,sil
5.087038278579712,3,-8,-5,1,-13,19,32,10,32,36,5,0,9,24,sil
5.087038278579712,1,-16,-12,-3,-2,2,19,6,16,16,-12,-2,0,18,sil
5.101607322692871,1,-17,-17,-16,-11,-15,5,6,4,-11,-23,-1,-7,2,sil
5.117579698562622,3,-12,-15,-28,-21,-18,-7,10,5,-16,-7,14,1,0,sil
5.117579698562622,7,0,-4,-19,1,-6,-16,4,1,-13,9,26,14,0,sil
5.117579698562622,3,1,-3,-14,13,-1,-14,-5,-8,-19,5,12,2,-10,sil
5.132726430892944,0,9,4,-12,6,-7,-5,-4,-15,-23,-1,1,-16,-11,sil
5.148301601409912,4,27,19,13,11,-6,1,-3,-15,-19,0,-5,-20,-1,sil
5.148301601409912,-5,16,15,27,3,-2,-3,-13,-18,-18,-10,-24,-27,-12,sil
5.1636035442352295,-24,-12,-3,9,-12,0,-10,-11,-16,-5,-27,-37,-38,-26,sil
5.1636035442352295,-28,-24,-24,-9,-8,2,-3,-2,0,12,-21,-27,-26,-17,sil
5.179610967636108,-26,-23,-30,-22,-3,2,-3,0,7,6,-12,-11,-7,-6,sil
5.179610967636108,-12,-15,-24,-20,-9,-5,-11,3,0,0,-7,-4,6,1,sil
5.195580244064331,21,2,0,-5,-8,-15,-11,7,-1,2,19,17,28,15,sil
5.195580244064331,41,19,21,10,3,-8,0,2,0,1,45,39,40,17,sil
5.210790634155273,17,20,12,18,13,6,10,-3,-3,1,30,15,20,3,sil
5.210790634155273,-9,8,2,8,9,9,8,-5,-13,2,2,-20,-5,-2,sil
5.226469993591309,-5,3,5,10,8,5,3,-3,-7,0,-3,-18,-8,1,sil
5.226469993591309,3,4,10,22,12,8,6,-1,1,1,-5,0,-9,2,sil
5.241575002670288,-2,-3,4,7,3,11,13,2,3,18,-10,-1,-12,5,sil
5.241575002670288,-10,-13,-10,-16,-10,6,11,8,11,27,-8,-5,-3,10,sil
5.256930112838745,-14,-17,-13,-22,-15,-1,0,6,14,10,-4,-1,0,1,sil
5.256930112838745,-5,-16,-2,-15,-13,-6,0,2,17,2,-2,6,0,-6,sil
5.272933483123779,19,4,16,-1,0,-1,4,7,26,9,8,30,18,8,sil
5.272933483123779,31,28,28,5,12,3,-4,9,21,2,19,45,26,22,sil
5.288697481155396,18,25,19,5,9,0,-14,-1,0,-6,19,23,10,6,sil
5.288697481155396,4,13,14,6,7,-2,-14,-9,-19,-19,12,6,-3,-15,sil
5.303881168365479,4,8,14,13,9,3,-3,-4,-21,-33,0,-4,-6,-16,sil
5.303881168365479,-4,-5,0,10,2,16,13,-2,-13,-18,-12,-24,-11,-10,sil
5.319894313812256,-30,-27,-21,-1,-3,17,19,-7,-14,3,-20,-30,-21,-7,sil
5.319894313812256,-32,-27,-26,-4,-3,0,13,-3,-8,8,-22,-23,-20,-3,sil
5.335331916809082,-7,-10,-10,0,-6,-11,5,10,11,14,-15,-10,1,5,sil
5.335331916809082,9,-3,-1,1,-12,-10,-3,10,22,16,0,4,25,11,sil
5.351380109786987,7,-11,-11,-4,-7,-15,-15,0,11,0,9,9,26,4,sil
5.351380109786987,-3,-10,-18,-19,-6,-24,-22,-2,-7,-18,3,-1,10,-14,sil
5.367014646530151,-11,2,-9,-19,-8,-17,-19,-9,-21,-24,-5,-10,1,-25,sil
5.367014646530151,0,22,13,13,10,1,0,-16,-20,-16,0,0,2,-8,sil
5.382144212722778,15,29,27,43,28,25,24,-5,2,16,9,6,5,14,sil
5.382144212722778,7,10,7,21,10,25,19,8,20,31,1,-4,3,19,sil
5.398095846176148,1,-2,-6,-14,-10,-4,-15,9,13,6,2,0,9,13,sil
5.398095846176148,17,11,0,-10,-3,-18,-25,1,0,-9,23,19,20,6,sil
5.413719892501831,14,20,8,5,9,1,-2,-5,-17,-8,18,8,1,0,sil
5.413719892501831,-11,0,-2,3,-1,12,17,-4,-18,-4,-19,-21,-30,-2,sil
5.4294867515563965,-17,-24,-21,-16,-17,2,18,4,5,9,-32,-23,-24,1,sil
5.4294867515563965,2,-21,-17,-29,-8,-6,2,11,18,12,4,8,10,6,sil
5.4453113079071045,15,5,1,-9,8,-11,-8,5,10,1,32,28,15,4,sil
5.4453113079071045,4,17,16,12,9,-7,-1,-4,3,1,6,13,-25,-1,sil
5.460922479629517,-9,-5,4,1,-2,0,9,0,2,9,-24,-13,-51,-1,sil
5.460922479629517,-13,-23,-18,-21,-11,-5,4,10,4,8,-16,-12,-34,0,sil
5.477055072784424,-7,-12,-12,-23,-6,-6,-9,5,0,-4,1,12,-28,-6,sil
5.477055072784424,2,0,4,-3,0,0,-13,-11,-12,-20,2,10,-33,-18,sil
5.492056369781494,2,3,8,6,-1,0,-14,-19,-29,-29,0,-5,-7,-20,sil
5.492056369781494,-5,4,10,0,-3,0,-12,-11,-27,-18,5,-6,25,-14,sil
5.508031368255615,-9,0,8,4,2,17,7,0,-3,0,6,-4,30,-6,sil
5.508031368255615,-9,-3,5,19,13,30,24,5,10,6,-3,-14,19,0,sil
5.523822546005249,-12,0,-2,22,13,24,21,2,10,11,-17,-23,13,0,sil
5.523822546005249,-6,0,-8,12,1,11,14,4,11,16,-23,-18,10,1,sil
5.538998126983643,0,-7,-4,0,-6,5,15,13,25,9,-16,-7,14,9,sil
5.538998126983643,0,-7,-6,-9,-4,2,9,17,42,15,0,0,30,13,sil
5.554664373397827,0,-3,-4,-19,-6,-12,-8,12,33,28,15,15,43,17,sil
5.554664373397827,14,2,4,-11,-9,-30,-21,1,11,14,25,32,38,21,sil
5.569751501083374,30,13,13,7,0,-26,-25,-6,-1,-17,26,35,21,16,sil
5.569751501083374,31,18,15,13,11,-7,-23,-11,-16,-25,22,29,6,8,sil
5.58491587638855,16,19,12,6,13,0,-16,-19,-39,-19,12,14,0,0,sil
5.58491587638855,3,22,15,10,6,-9,-17,-23,-49,-29,0,0,-18,-13,sil
5.6006178855896,4,23,18,24,0,-12,-12,-14,-36,-28,-5,-2,-32,-17,sil
5.6006178855896,7,14,18,24,3,4,6,-5,-18,-7,0,1,-21,-1,sil
5.615752220153809,-1,-1,10,11,6,14,17,0,-10,1,-1,1,-13,8,sil
5.615752220153809,-16,-18,-11,4,-1,12,17,7,-2,5,-18,-18,-25,-1,sil
5.631789922714233,-20,-24,-25,-4,-6,16,18,10,2,12,-21,-30,-27,-10,sil
5.631789922714233,-20,-22,-19,-13,-3,9,19,2,7,18,-8,-21,-15,-8,sil
5.647876501083374,-25,-22,-20,-16,-8,-5,9,1,14,21,-1,-13,-10,-3,sil
5.647876501083374,-23,-22,-22,-20,-11,-3,4,10,21,26,-3,-11,-4,5,sil
5.663260459899902,-1,-13,-17,-16,-1,0,6,15,31,27,0,0,12,13,sil
5.663260459899902,12,-6,-9,-12,4,-6,-3,11,29,13,9,14,22,5,sil
5.678878784179688,7,-7,-8,-15,-1,-4,-9,8,20,3,10,3,17,-2,sil
5.678878784179688,1,-2,-9,-13,-3,0,-1,12,18,2,0,-4,5,-5,sil
5.694559812545776,4,3,-1,-9,0,-3,0,8,9,-9,-4,9,0,-9,sil
5.694559812545776,14,9,4,-8,0,-5,-4,-2,-5,-25,1,9,6,-9,sil
5.709704160690308,15,20,8,-4,1,-4,-8,-13,-16,-29,2,-1,4,-4,sil
5.709704160690308,4,27,9,0,3,-5,-12,-15,-20,-21,-2,-4,-8,-5,sil
5.724931955337524,3,22,13,12,6,0,-10,-9,-16,-10,-1,-6,-14,-10,sil
5.724931955337524,5,18,25,26,6,7,-6,-5,-12,-15,0,-2,-10,-4,sil
5.740585803985596,-10,11,13,19,-1,10,-1,-12,-16,-25,-11,-6,-16,-3,sil
5.740585803985596,-24,-1,-10,-3,-5,10,8,-14,-14,-9,-19,-22,-19,-3,sil
5.755685091018677,-17,-14,-10,-3,-2,18,16,-6,0,22,-9,-18,-4,3,sil
5.771285057067871,-9,-17,-1,7,-1,16,16,1,6,29,-2,0,3,11,sil
5.771285057067871,-5,-9,-1,1,3,0,11,12,8,18,-3,6,1,14,sil
5.787048101425171,3,0,2,0,3,-4,1,17,16,24,8,13,16,23,sil
5.787048101425171,7,0,2,0,-9,-9,-13,5,5,18,20,22,26,23,sil
5.803075313568115,10,-7,-2,-4,-12,-19,-19,0,-7,0,16,16,20,9,sil
5.803075313568115,22,-7,1,-5,2,-7,-7,7,0,-3,10,15,21,5,sil
5.818707942962647,20,-6,10,-7,4,0,-3,4,0,-7,1,24,12,0,sil
5.818707942962647,13,-1,5,-2,-3,-11,-6,-6,-10,-17,-3,13,-5,-12,sil
5.834888219833374,15,13,5,8,4,-9,-2,-9,-10,-16,15,10,2,-11,sil
5.834888219833374,16,20,18,14,17,-3,-2,-7,-9,-14,37,25,18,0,sil
5.834888219833374,0,10,19,22,8,-8,-11,-10,-17,-16,20,8,0,-10,sil
5.850525856018066,-22,-1,11,24,0,1,-3,-9,-16,-11,-9,-27,-28,-23,sil
5.850525856018066,-18,-7,-2,9,1,17,23,2,3,5,-14,-31,-20,-10,sil
5.865715026855469,-3,-2,-5,5,4,12,27,11,21,23,-3,-9,3,4,sil
5.880796432495117,-7,0,1,13,1,10,11,8,18,25,-4,0,5,6,sil
5.880796432495117,-12,-3,-8,8,-3,19,8,12,18,19,-11,-6,-2,9,sil
5.896034717559815,2,-1,-11,0,-4,14,12,16,28,16,-12,-8,0,15,sil
5.896034717559815,8,3,-7,-4,-2,0,8,5,30,14,-5,-2,8,13,sil
5.911636352539063,-2,-9,-21,-22,-5,-12,3,0,16,4,-1,-2,7,6,sil
5.911636352539063,-6,-25,-31,-40,-14,-12,-1,3,-2,-13,-10,-7,0,-1,sil
5.926871538162232,-3,-19,-30,-38,-16,-8,-12,-1,-12,-21,-16,-13,-7,-13,sil
5.926871538162232,-6,-2,-18,-31,-5,-12,-20,-12,-20,-17,-8,-9,-10,-17,sil
5.943121433258057,-8,5,-1,-23,2,-9,-17,-10,-25,-14,-4,-4,-14,-15,sil
5.943121433258057,-6,6,-2,-12,1,-3,-16,-8,-23,-17,-9,-5,-16,-19,sil
5.958664655685425,-9,3,-8,-14,-2,-12,-20,-13,-22,-18,-7,-9,-13,-22,sil
5.958664655685425,-12,7,-2,-11,-1,-12,-17,-13,-19,-13,0,-11,-9,-16,sil
5.973846673965454,-3,29,17,13,17,10,0,-7,-6,-4,5,0,-9,-4,sil
5.973846673965454,3,35,28,34,31,19,20,0,5,10,-6,-1,-10,2,sil
5.989881992340088,-2,6,16,22,12,5,20,1,4,14,-21,-19,-13,3,sil
5.989881992340088,0,-11,11,11,-3,8,14,11,4,11,0,-9,-6,11,sil
6.005577802658081,12,-2,19,20,4,30,27,17,18,26,17,12,8,21,sil
6.005577802658081,5,-6,14,17,1,26,19,9,19,25,0,11,5,18,sil
6.025681018829346,-1,-16,-1,5,-14,-1,-6,5,5,0,0,8,2,13,sil
6.025681018829346,7,-11,-3,5,-13,-12,-8,6,1,-5,18,21,22,13,sil
6.025681018829346,9,-4,0,5,-4,-9,-1,1,9,8,16,26,29,11,sil
6.036735773086548,13,-2,-2,5,-6,-15,-2,0,20,11,15,25,22,17,sil
6.052769422531128,30,0,8,6,-3,-13,1,8,25,4,28,35,31,28,sil
6.052769422531128,33,-4,14,0,2,-6,2,7,19,0,28,39,40,22,sil
6.067960739135742,19,-3,2,-2,0,-10,-13,-3,1,-3,22,21,25,2,sil
6.067960739135742,10,4,0,0,-5,-9,-22,-12,-20,-16,15,1,0,-9,sil
6.083069562911987,3,10,3,2,1,1,-7,-14,-26,-16,0,-9,-13,-17,sil
6.083069562911987,-6,10,3,-1,9,0,0,-15,-25,-5,-5,-13,-13,-21,sil
6.098618507385254,-14,2,3,-7,3,-9,-13,-12,-31,-12,-1,-14,-7,-17,sil
6.098618507385254,-19,-1,0,-5,-3,-5,-22,-9,-28,-21,-4,-19,-6,-15,sil
6.113842248916626,-25,7,-2,-4,1,5,-9,-7,-18,-10,-16,-24,-14,-20,sil
6.113842248916626,-30,7,-10,0,0,11,6,-2,-14,-1,-30,-31,-26,-26,sil
6.128923177719116,-28,-5,-18,2,-7,12,8,0,-22,-10,-36,-26,-32,-17,sil
6.128923177719116,-16,-6,-7,1,0,16,12,8,-15,0,-24,-11,-20,0,sil
6.144590377807617,-9,-1,-6,-3,13,21,30,21,23,27,-8,-5,-1,6,sil
6.144590377807617,-13,-10,-21,-17,6,13,30,23,51,28,-6,-11,-1,1,sil
6.159643888473511,-7,-13,-26,-21,-3,0,13,15,45,10,-13,-11,-6,0,sil
6.159643888473511,8,-3,-15,-15,0,-10,0,7,33,1,-9,1,7,4,sil
6.174974679946899,16,-3,-4,-14,-2,-15,-8,-2,19,-4,4,12,17,7,sil
6.174974679946899,16,-6,1,-12,-6,-15,-11,-6,7,-16,14,14,5,2,sil
6.191064596176148,17,1,9,-12,-2,-8,-8,-1,5,-19,14,13,-4,0,hello
6.191064596176148,13,4,7,-11,-3,-4,-7,-5,0,-9,6,5,-8,-5,hello
6.206624269485474,0,5,3,3,-3,-4,-11,-14,-14,-3,0,-5,-15,-9,hello
6.206624269485474,-6,15,16,25,7,9,1,-9,-11,1,-2,-4,-15,2,hello
6.221883773803711,4,18,26,37,13,26,21,0,0,17,-4,-2,-5,18,hello
6.221883773803711,9,9,27,39,6,22,21,0,-4,25,-6,2,0,19,hello
6.237037658691406,2,1,17,30,0,7,10,0,-5,20,-6,-1,-1,13,hello
6.237037658691406,-1,-2,0,12,-5,-1,3,2,-3,16,-6,-11,-2,9,hello
6.252660512924194,0,-7,-8,0,-9,-1,0,7,-1,15,0,0,10,12,hello
6.269566297531128,1,-11,-11,0,-1,-2,-3,12,4,14,13,19,28,18,hello
6.269566297531128,0,-14,-15,-7,0,-19,-16,6,-5,1,16,12,24,6,hello
6.269566297531128,0,-10,-15,-16,-4,-28,-28,-3,-18,-12,12,2,12,-16,hello
6.28413724899292,5,2,-8,-9,0,-13,-20,-1,-9,-15,23,15,24,-11,hello
6.300020456314087,10,8,-4,-3,4,-5,-12,5,-2,-15,36,27,40,6,hello
6.300020456314087,6,3,-7,-15,-5,-20,-20,-4,-12,-16,22,13,27,0,hello
6.300020456314087,-4,2,-5,-26,-13,-24,-24,-19,-23,-21,0,-2,-1,-16,hello
6.315408229827881,-13,3,-1,-17,-7,-2,-8,-12,-27,-25,-4,-10,-13,-20,hello
6.316408395767212,-10,1,4,-5,0,10,0,-1,-14,-18,-5,-10,-12,-17,hello
6.331199645996094,-3,2,11,-3,1,7,0,0,3,-6,-11,-4,-11,-8,hello
6.331199645996094,-1,1,6,-2,1,7,17,-2,4,-2,-16,-1,-11,-2,hello
6.346074342727661,0,0,8,-2,4,13,27,-3,-5,-6,-18,0,-16,-2,hello
6.361647844314575,6,2,20,7,7,17,11,0,1,1,-8,6,-20,1,hello
6.361647844314575,5,2,11,18,10,17,14,6,16,14,0,1,-20,5,hello
6.376927137374878,-3,-2,0,14,10,16,29,10,22,17,-9,-8,-17,3,hello
6.376927137374878,0,-3,4,14,6,11,17,12,30,15,-10,0,-9,3,hello
6.392789840698242,0,-3,11,7,2,7,1,5,28,0,-1,12,-6,3,hello
6.392789840698242,-6,-8,6,-1,4,5,11,0,36,-2,-5,-7,-8,0,hello
6.407721757888794,0,-2,2,7,5,5,20,4,58,21,-4,-32,-3,4,hello
6.407721757888794,4,6,1,12,1,7,7,10,44,32,10,-17,4,6,hello
6.422791481018066,-4,2,-13,-2,0,13,-2,2,-4,19,7,-1,7,2,hello
6.422791481018066,-12,0,-23,-3,1,11,-1,-3,-28,10,-14,-12,-1,0,hello
6.438592672348023,-9,-5,-21,4,-3,-4,-6,-4,-24,0,-19,-23,-9,-7,hello
6.438592672348023,-7,-12,-23,-1,-13,-17,-20,-4,-26,-10,-12,-12,-3,-8,hello
6.4546427726745605,-3,-5,-8,-5,-8,-11,-17,-1,-25,-9,-4,5,8,7,hello
6.4546427726745605,8,0,1,4,1,-9,-1,5,-8,0,9,14,20,20,hello
6.470657110214233,15,-2,-5,0,0,-22,-7,2,-7,0,18,19,27,15,hello
6.470657110214233,7,2,-5,-18,-11,-28,-23,-7,-23,-17,11,22,24,0,hello
6.48675274848938,2,6,0,-19,-13,-21,-26,-12,-26,-25,0,8,15,-13,hello
6.48675274848938,7,1,0,-16,-8,-20,-28,-6,-26,-23,0,5,7,-11,hello
6.502835035324097,8,10,-2,-9,-5,-23,-26,-8,-26,-20,9,11,0,-10,hello
6.502835035324097,1,26,10,6,-1,-3,-5,-13,-17,-10,8,11,-10,-12,hello
6.517995595932007,-2,16,19,17,4,23,20,-3,-5,6,0,3,-19,0,hello
6.517995595932007,-5,-7,1,6,1,23,26,6,3,12,-3,-10,-14,7,hello
6.533614873886108,-12,-19,-9,-12,-2,11,20,9,17,10,-2,-16,-6,0,hello
6.533614873886108,-12,-18,-3,-7,0,11,22,18,35,19,4,0,6,3,hello
6.549191951751709,5,-6,6,0,0,-1,13,20,35,13,20,25,25,15,hello
6.549191951751709,22,5,16,-9,-1,-17,-8,6,14,-7,25,29,23,5,hello
6.564902305603027,13,8,11,-10,3,-13,-15,-10,-3,-17,13,11,0,-15,hello
6.564902305603027,-1,12,7,8,9,0,-11,-20,-14,-20,8,-3,-15,-17,hello
6.58000636100769,-2,23,15,31,20,14,0,-15,-12,-5,11,-6,-8,-10,hello
6.58000636100769,0,18,18,32,26,23,11,-4,-2,18,-5,-13,-12,-8,hello
6.595627069473267,-7,-3,4,9,9,19,12,2,1,12,-24,-22,-29,-1,hello
6.595627069473267,-7,-16,-4,6,0,16,13,1,5,1,-15,-19,-23,9,hello
6.610649585723877,-1,-3,1,20,8,21,21,0,8,6,-12,-10,-12,13,hello
6.610649585723877,-3,-1,-4,6,7,19,18,4,8,4,-28,-22,-13,5,hello
6.626610517501831,-5,-16,-16,-15,-3,4,8,14,17,2,-29,-26,-8,7,hello
6.626610517501831,-2,-20,-6,-6,-8,0,11,18,30,14,-16,-4,0,15,hello
6.642827033996582,-1,-16,-5,-3,-6,1,14,8,20,20,-15,-1,2,13,hello
6.642827033996582,-9,-15,-7,-25,-8,-1,-2,0,-1,8,-9,-4,9,6,hello
6.658471584320068,-7,-17,-5,-25,-10,-11,-16,2,2,1,12,11,27,1,sil
6.658471584320068,5,-12,-9,-8,-15,-22,-18,5,13,0,17,24,30,3,sil
6.673742055892944,7,1,-12,-8,-13,-25,-24,-2,-3,-12,6,24,17,0,sil
6.674139022827148,-1,4,-21,-10,-6,-22,-28,-11,-18,-13,7,11,6,-14,sil
6.689777135848999,-2,-5,-18,-21,-7,-20,-26,-7,-21,-9,9,7,7,-13,sil
6.689777135848999,3,0,-2,-16,-7,-12,-16,0,-17,-9,11,12,13,-5,sil
6.705692529678345,14,18,4,13,1,-3,-4,0,-12,-6,15,7,6,-4,sil
6.705692529678345,19,25,16,12,0,-5,-7,-4,-18,-7,13,0,0,-7,sil
6.720911026000977,4,15,6,-12,-12,-9,-10,-13,-26,-13,6,-2,3,-15,sil
6.720911026000977,-9,16,0,0,-8,0,0,-11,-27,-22,-1,-3,-5,-13,sil
6.736091375350952,-1,35,14,32,16,15,13,-4,-17,-8,0,-2,-11,-3,sil
6.736091375350952,4,31,19,27,21,14,16,-2,4,10,8,0,-2,0,sil
6.752121210098267,0,14,28,6,9,4,12,6,11,1,4,8,-6,7,sil
6.752121210098267,-1,9,22,16,14,6,14,4,3,-2,-3,-1,-11,3,sil
6.767907381057739,0,-1,2,18,10,10,6,-4,-1,7,-12,-21,-17,-4,sil
6.767907381057739,-1,-14,5,8,6,18,6,1,3,15,-10,-11,-22,1,sil
6.782952308654785,0,-10,6,14,11,17,18,4,15,17,-2,-2,-10,12,sil
6.782952308654785,0,-9,-6,7,1,11,12,3,16,7,-11,-6,-8,14,sil
6.798624038696289,-3,-18,-15,-2,-6,16,11,8,25,10,-6,-5,-8,8,sil
6.798624038696289,-1,-21,-14,-5,0,11,18,11,32,24,13,7,10,8,sil
6.813734769821167,-15,-26,-21,-16,-3,-6,3,5,13,4,0,6,11,5,sil
6.813734769821167,-25,-41,-41,-27,-17,-21,-18,-8,-3,-20,-28,-16,-10,-12,sil
6.828878879547119,-9,-34,-23,-32,-18,-22,-20,0,1,-9,-23,-13,-9,-5,sil
6.828878879547119,8,-13,-5,-26,-6,-12,-5,19,20,20,15,9,29,19,sil
6.845001459121704,12,-5,-7,-12,-2,-9,-9,2,8,10,37,16,38,9,sil
6.845001459121704,12,14,13,-1,-1,-12,-20,-13,-15,-17,25,20,10,-12,sil
6.861126184463501,19,34,24,14,8,-10,-5,-5,-5,-8,19,17,10,-6,sil
6.861126184463501,20,26,18,12,7,-5,0,-1,-8,-3,13,7,13,3,sil
6.877222537994385,0,16,9,1,-1,0,-4,-15,-32,-20,-3,-8,-8,-9,sil
6.877222537994385,-17,12,-3,-1,-1,4,2,-19,-29,-27,-21,-18,-25,-18,sil
6.892758846282959,-7,12,6,-5,0,12,6,1,-17,-16,-27,-7,-20,-4,sil
6.892758846282959,0,17,12,10,5,24,10,8,-6,5,-16,-8,-8,1,sil
6.907580375671387,-3,8,4,19,3,14,9,0,-1,8,-17,-13,-12,2,sil
6.907580375671387,-1,-5,4,5,-6,0,3,7,3,6,-21,-5,-10,2,sil
6.923037052154541,6,-4,-3,5,-1,5,8,9,24,28,-1,-4,11,1,sil
6.923037052154541,11,0,2,0,2,4,5,13,23,23,7,7,15,19,sil
6.93887996673584,4,-7,9,-2,1,0,-5,13,7,6,4,22,13,19,sil
6.93887996673584,-2,-18,-11,1,2,-14,-15,-3,3,4,6,9,18,-1,sil
6.95457911491394,-2,-12,-4,-13,-3,-26,-28,5,-10,-12,1,9,4,-3,sil
6.95457911491394,-1,0,-6,-7,-3,-16,-12,0,-7,-6,18,11,11,-15,sil
6.969613790512085,2,-1,-3,2,2,-12,-5,-20,-12,-7,16,6,4,-20,sil
6.969613790512085,-1,14,54,0,1,5,-7,0,-29,-32,-11,20,-33,6,sil
6.985022783279419,-24,18,-19,48,14,31,39,-29,27,22,17,-32,-4,-23,sil
7.000987768173218,-27,-26,-58,-7,-4,-1,7,-30,6,3,-15,-50,-25,-25,sil
7.000987768173218,-11,-6,98,-90,-39,1,-41,58,-61,-68,-72,45,-72,34,sil
7.016737699508667,-11,18,-65,75,17,47,81,-22,91,84,54,-34,69,-24,sil
7.016737699508667,11,-48,-239,91,33,-30,63,-91,119,112,88,-96,104,-25,sil
7.031886339187622,51,-17,103,-127,-39,-68,-113,79,-97,-107,-52,110,-59,97,sil
7.031886339187622,28,71,169,-43,-14,25,-45,69,-62,-66,-3,103,-23,31,sil
7.047043800354004,-6,21,-77,85,36,22,47,-76,28,36,62,-75,40,-66,sil
7.047043800354004,-9,-8,11,-9,2,-7,-18,-7,-63,-46,-27,-25,-50,0,sil
7.063250780105591,-10,19,63,-1,-4,35,0,33,-30,-12,-28,4,-36,10,sil
7.063250780105591,0,-7,-32,34,12,23,43,-15,41,49,3,-37,7,-14,sil
7.0790674686431885,9,-20,-1,-22,0,-4,15,16,23,11,-19,0,-14,16,sil
7.0790674686431885,-1,-9,-7,-22,-7,-7,2,26,38,16,-7,6,9,11,sil
7.094607353210449,-4,-24,-30,-18,-14,-32,-13,5,27,11,1,2,30,0,sil
7.094607353210449,9,-17,6,-29,-14,-33,-23,11,-3,-13,2,28,21,7,sil
7.110107660293579,15,8,9,-3,1,-11,-15,-7,-6,-12,17,22,15,-5,sil
7.110107660293579,8,18,13,9,3,-5,-18,-18,-19,-14,10,8,-3,-12,sil
7.125781774520874,0,20,24,18,2,9,1,-4,-12,3,0,-2,-5,-6,sil
7.125781774520874,-3,16,16,38,17,33,34,-4,8,25,-9,-19,-3,-1,sil
7.14093804359436,-11,-5,0,26,19,37,34,0,0,15,-33,-24,-23,0,sil
7.14093804359436,-30,-29,-29,-1,0,22,23,3,6,20,-32,-28,-16,-3,sil
7.156101226806641,-29,-34,-34,-16,-16,0,12,0,18,18,-18,-21,0,0,sil
7.156101226806641,-11,-24,-17,-25,-17,-17,-3,0,0,-11,-17,1,0,0,sil
7.171675682067871,1,-10,-18,-21,-12,-21,-14,-6,-3,-20,1,11,10,-10,sil
7.171675682067871,10,8,-7,-8,-3,-18,-22,-10,-3,-14,22,14,18,-4,sil
7.187067031860352,15,26,23,-3,0,-13,-27,2,-17,-25,22,23,9,7,sil
7.187067031860352,17,33,27,3,3,-9,-22,0,-20,-26,25,23,9,3,sil
7.202781915664673,14,31,21,22,9,-8,-18,-15,-20,-18,28,10,5,0,sil
7.202781915664673,9,21,24,24,10,3,-10,-5,-22,-6,17,7,-10,5,sil
7.218060255050659,3,4,12,17,8,22,13,2,-2,15,4,0,-13,7,sil
7.218060255050659,-1,-13,-4,1,1,19,23,9,18,24,-8,-10,-6,14,sil
7.233670234680176,-4,-26,-12,-17,-8,0,4,23,29,21,-9,-7,4,14,sil
7.233670234680176,-3,-20,-22,-14,-8,-12,-5,9,22,9,5,1,16,-5,sil
7.249477863311768,3,2,-10,-7,0,-12,-8,-4,-9,-17,11,12,7,-12,sil
7.249477863311768,10,19,12,1,5,-4,-8,-2,-22,-23,15,18,1,-8,sil
7.265005826950073,7,20,18,23,8,2,-3,-15,-8,-6,13,1,0,-13,sil
7.265005826950073,-2,14,20,32,10,17,4,-12,0,-1,-3,-11,-13,-5,sil
7.280925512313843,-13,0,5,19,4,26,22,5,10,14,-13,-12,-14,1,sil
7.280925512313843,-12,-25,-21,-6,-9,9,27,9,22,34,-18,-20,-8,0,sil
7.2969443798065186,-11,-28,-16,-28,-18,-3,15,19,20,26,-33,-14,-8,9,sil
7.2969443798065186,-20,-23,-28,-27,-11,-3,14,19,22,16,-22,-8,6,2,sil
7.31207799911499,-7,-27,-36,-40,-12,-17,-6,5,0,-14,-5,-5,11,-6,sil
7.31207799911499,7,-7,1,-44,-10,-15,-21,-2,-18,-34,0,3,3,-6,sil
7.327565908432007,0,12,-20,0,11,0,0,-26,0,-5,10,-20,2,-26,sil
7.327565908432007,3,17,30,-10,9,-10,-27,-4,-47,-36,-22,0,-46,-7,sil
7.34271502494812,2,40,82,21,9,21,-10,16,-39,-20,-10,20,-33,5,sil
7.34271502494812,-20,2,-125,125,39,33,77,-71,83,98,60,-82,61,-41,sil
7.358155012130737,-1,-60,-102,3,0,-40,-1,-40,12,15,-15,-42,-12,13,sil
7.358155012130737,25,1,166,-111,-42,-22,-76,92,-86,-94,-74,110,-82,84,sil
7.373855590820312,3,35,39,28,2,37,29,21,37,29,35,28,46,2,sil
7.373855590820312,4,-28,-86,31,6,-11,25,-36,42,33,35,-30,59,-15,sil
7.388921737670898,25,-9,52,-51,-16,-23,-34,35,-37,-51,-16,51,-11,31,sil
7.388921737670898,18,37,30,22,10,11,10,4,16,8,43,28,33,-3,sil
7.404159307479858,17,36,0,39,13,-5,-2,-24,9,16,42,6,29,-3,sil
7.404159307479858,13,36,54,11,0,-1,-31,4,-27,-12,5,26,-10,13,sil
7.419779062271118,-8,15,5,36,11,20,-1,-16,-1,16,8,-13,0,-16,sil
7.419779062271118,-14,-15,-10,14,6,11,-1,-18,-5,5,-17,-21,-6,-10,sil
7.435204744338989,-10,-18,1,-10,0,7,-1,9,0,2,-28,-2,-5,8,sil
7.435204744338989,-12,-23,-27,-11,0,10,17,16,23,22,-10,-11,11,4,sil
7.450688600540161,-15,-28,-20,-34,-12,0,15,19,5,0,-13,-8,0,4,sil
7.450688600540161,-18,-20,-22,-42,-19,-11,7,6,2,-18,-11,-7,-3,-5,sil
7.466307401657104,-13,-14,-36,-30,-14,-12,4,-4,7,-15,-2,-9,0,-20,sil
7.481916189193726,-1,-6,-3,-22,-13,-17,-8,0,-5,-21,-4,1,-10,-18,sil
7.481916189193726,4,8,12,-7,-8,-31,-22,-6,-8,-19,1,6,-14,-8,sil
7.481916189193726,13,22,15,7,7,-21,-26,-6,-10,-5,14,10,-7,2,sil
7.497299432754517,14,26,14,24,16,5,-17,-5,-7,9,17,0,-1,-1,sil
7.512107372283935,-1,15,-8,27,9,4,-5,-18,-1,6,8,-25,-7,-12,sil
7.512107372283935,-7,8,7,8,6,6,4,-1,-18,-8,0,-7,-23,0,sil
7.527827501296997,-10,2,7,6,10,29,26,7,-11,3,0,-2,-14,-3,sil
7.527827501296997,-13,-13,-43,10,4,21,30,-15,6,11,-11,-37,-6,-19,sil
7.5435895919799805,-5,-11,-15,1,-1,8,15,-9,-10,-3,-17,-12,-15,0,sil
7.5435895919799805,2,2,26,6,4,21,19,14,-9,4,0,21,-2,17,sil
7.558946847915649,2,-2,3,9,1,17,21,11,14,19,0,2,14,12,sil
7.558946847915649,1,-5,-3,6,0,4,12,8,23,23,0,-4,16,12,sil
7.574275970458984,4,-1,7,8,10,7,7,11,23,22,0,6,13,17,sil
7.574275970458984,8,-1,5,0,0,0,-4,11,16,1,-11,13,6,17,sil
7.589997053146362,15,-5,0,-11,-13,-16,-13,6,7,-8,-2,20,11,12,sil
7.589997053146362,6,-10,0,-15,-15,-19,-17,2,1,-2,14,14,17,8,sil
7.60558271408081,-3,-17,-7,-21,-18,-17,-24,3,-2,-7,0,0,6,3,sil
7.60558271408081,5,-12,-9,-19,-16,-24,-27,-1,0,-13,-9,3,3,-3,sil
7.62065839767456,20,16,14,-2,-2,-22,-20,-10,-1,-12,14,24,14,-1,sil
7.62065839767456,19,38,27,17,12,-2,-6,-16,-9,-4,27,19,9,0,sil
7.6357927322387695,7,18,19,16,15,6,-4,-16,-21,-1,5,-3,-12,-7,sil
7.6357927322387695,-7,-5,5,4,7,10,-2,-16,-21,-8,-13,-19,-26,-17,sil
7.651418209075928,-19,-10,-11,1,3,13,13,-4,1,6,-12,-21,-13,-14,sil
7.651418209075928,-16,-9,-11,-7,2,0,17,16,19,27,-4,-6,3,4,sil
7.666649341583252,-2,-3,-9,-13,-1,-7,5,16,15,13,5,1,16,13,sil
7.666649341583252,14,4,-10,-7,-1,-6,-5,4,3,-11,13,10,22,5,sil
7.6827232837677,19,11,0,-5,2,-10,-4,6,-2,-15,16,19,17,-2,sil
7.6827232837677,5,14,1,-2,2,-11,2,2,-10,-19,15,8,5,-11,sil
7.698842525482178,-6,13,5,6,1,2,4,-4,-20,-25,7,1,-7,-9,sil
7.698842525482178,-11,7,10,13,3,15,5,-1,-13,-12,-5,-9,-15,-9,sil
7.714070081710815,-22,-8,-5,6,0,8,2,-6,-4,-8,-26,-35,-27,-22,sil
7.714070081710815,-30,-17,-16,-3,-4,3,0,-12,-8,-10,-39,-33,-34,-20,sil
7.730093717575073,-26,-14,-15,0,2,13,8,-6,-3,6,-24,-16,-23,-3,sil
7.730093717575073,-23,-16,-10,0,4,18,11,2,8,13,-6,-13,-9,2,sil
7.745993375778198,-12,-13,-7,2,0,11,5,7,21,21,5,-6,0,8,sil
7.745993375778198,0,-5,1,4,0,5,11,8,22,41,10,3,4,18,sil
7.761526584625244,6,-12,6,-15,-7,0,10,3,5,31,-13,-2,-5,12,sil
7.761526584625244,4,-19,-4,-28,-17,-9,-4,-2,0,2,-23,-1,-8,0,sil
7.776738882064819,9,0,0,-5,-12,-13,-14,0,4,-1,10,19,10,5,sil
7.776738882064819,24,20,12,16,0,-5,-10,2,8,6,31,22,25,13,sil
7.792971611022949,27,16,10,13,0,-3,-11,1,7,4,17,17,19,12,sil
7.792971611022949,12,4,1,4,-6,-9,-16,5,4,-3,12,24,12,8,sil
7.808069229125977,8,3,-9,1,-4,-12,-17,0,-11,-22,15,19,8,0,sil
7.808069229125977,18,10,2,-4,0,-13,-16,-12,-30,-45,6,12,0,-5,sil
7.824102163314819,16,14,14,-1,5,-3,-6,-6,-17,-28,0,8,0,-4,sil
7.824102163314819,6,10,12,4,13,9,4,1,-1,2,6,-2,7,-6,sil
7.83958625793457,9,18,25,17,20,12,14,0,-1,2,12,2,11,0,sil
7.83958625793457,12,30,26,36,20,15,21,-4,1,6,14,7,15,8,sil
7.855671882629394,-3,16,14,21,16,16,7,-3,-8,4,0,-3,-2,0,sil
7.855671882629394,-23,1,5,3,16,16,9,0,-14,-2,-14,-17,-20,-13,sil
7.871756553649902,-22,-5,-15,10,8,14,30,3,16,18,-20,-27,-11,-5,sil
7.871756553649902,-12,-24,-21,-5,-13,0,18,15,28,24,-27,-25,-8,5,sil
7.886934280395508,-12,-33,-17,-23,-20,-13,3,16,16,9,-21,-12,-8,2,sil
7.886934280395508,-17,-22,-23,-15,-5,-6,16,13,24,22,-7,-5,5,5,sil
7.903031587600708,-12,-24,-26,-15,-4,-5,8,12,27,21,-7,-9,8,5,sil
7.903031587600708,-9,-27,-28,-26,-19,-21,-20,-2,0,-18,-9,-9,1,-9,sil
7.917942047119141,-3,-9,-15,-29,-22,-25,-32,-12,-18,-33,-2,3,4,-6,sil
7.917942047119141,12,6,0,-14,-7,-10,-23,-7,-10,-6,7,14,11,5,sil
7.933131217956543,15,3,-3,-2,2,-6,-19,-7,-7,4,23,11,7,-4,sil
7.933131217956543,4,1,-4,-3,-2,-13,-21,-9,-16,-6,23,11,-3,-12,sil
7.948634147644043,2,9,12,0,0,-6,-15,-6,-14,-15,9,12,-3,-8,sil
7.948634147644043,5,9,17,1,5,-1,-12,-9,-15,-19,8,12,2,-7,sil
7.96375584602356,2,4,8,-8,-1,-4,-15,-15,-21,-13,10,10,-1,-3,sil
7.96375584602356,-6,4,9,-5,-2,4,-9,-4,-16,-5,0,0,-15,0,sil
7.978723287582397,-9,9,12,6,6,18,6,6,-8,-5,-10,-7,-21,0,sil
7.9939658641815186,0,20,12,10,11,23,21,3,-1,-2,-4,-2,-8,2,sil
7.9939658641815186,4,23,23,17,15,20,26,-1,0,1,3,8,0,7,sil
8.009916305541992,4,10,24,31,10,17,23,2,7,12,-4,1,-9,11,sil
8.009916305541992,6,0,8,33,2,14,19,5,18,21,-12,-11,-9,10,sil
8.009916305541992,0,-4,3,20,0,11,16,0,14,19,-7,-15,-5,5,sil
8.031070470809937,-17,-9,-1,6,-2,8,15,1,9,19,-5,-15,-9,2,sil
8.031070470809937,-12,-9,-7,0,-4,2,15,12,18,17,-8,-8,-3,3,sil
8.040586709976196,1,-8,-16,-4,-4,-12,0,8,12,-3,-13,-6,2,-5,sil
8.055769205093384,-4,-17,-28,-19,-3,-21,-17,-9,-9,-17,-19,-15,-5,-18,sil
8.055769205093384,-2,-11,-14,-14,2,-1,-4,-1,3,1,-5,-5,5,0,sil
8.071871757507324,22,7,8,11,9,15,13,23,34,23,18,18,35,29,sil
8.071871757507324,27,10,1,12,2,1,1,18,24,18,19,20,34,21,sil
8.087018251419067,9,-4,-15,-9,-4,-8,-6,0,-2,0,3,4,19,-1,sil
8.087018251419067,-1,-15,-14,-27,-3,-1,0,-2,-15,-19,-3,-4,13,-8,sil
8.10304856300354,-12,-18,-15,-35,-5,-6,-12,-8,-19,-28,-3,-7,0,-17,sil
8.10304856300354,-20,-9,-18,-25,-9,-18,-26,-10,-15,-17,4,2,-7,-22,sil
8.118898391723633,-2,9,0,-7,-5,-12,-21,4,-4,-5,10,19,3,-1,sil
8.118898391723633,18,23,13,3,-1,-8,-11,6,0,-2,7,13,6,7,sil
8.134571552276611,17,23,19,14,-2,-16,-11,-3,-6,0,15,3,-1,-2,sil
8.134571552276611,8,18,25,18,0,-15,-10,-13,-14,-2,24,8,-1,-4,sil
8.149729490280151,2,8,9,3,4,-2,0,-18,-15,-11,11,0,-1,-1,hello
8.149729490280151,-8,3,2,-6,4,6,0,-19,-24,-22,-2,-5,-17,-5,hello
8.165215253829956,-13,5,11,6,8,8,0,-17,-27,-18,-10,-1,-26,-9,hello
8.165215253829956,-11,0,5,19,9,5,6,-7,-8,1,-15,-4,-14,-3,hello
8.181171178817749,-10,-6,2,12,2,9,9,12,8,12,-3,2,-1,9,hello
8.181171178817749,-5,-8,4,9,0,16,15,17,19,21,0,7,4,18,hello
8.196075677871704,-1,-8,1,17,0,10,23,8,31,37,-9,-1,3,14,hello
8.196075677871704,-1,-9,-4,13,-5,4,19,9,33,43,0,-7,2,16,hello
8.211611986160278,-7,-21,-17,-6,-8,6,2,7,15,23,0,-14,-1,11,hello
8.211611986160278,-21,-30,-27,-20,-4,4,-5,0,-1,-1,-29,-31,-16,-14,hello
8.22675085067749,-20,-17,-31,-17,-3,3,-2,4,4,-3,-30,-25,-16,-19,hello
8.22675085067749,9,2,-9,-18,0,0,-7,6,8,-3,6,11,8,5,hello
8.24190640449524,34,15,17,-11,1,-14,-12,-2,0,-16,27,33,23,9,hello
8.24190640449524,24,13,7,0,0,-13,-2,-8,0,-14,15,17,12,-4,hello
8.257602214813232,11,2,-1,-7,0,-3,2,2,3,-14,0,5,2,-3,hello
8.257602214813232,15,5,16,-7,-2,-6,0,11,0,-23,3,8,9,1,hello
8.272798776626587,11,8,19,1,0,-4,2,5,-4,-11,9,7,6,-4,hello
8.272798776626587,0,1,3,0,5,6,3,0,-10,3,0,1,-4,-4,hello
8.287949800491333,-1,3,2,7,8,5,-3,2,-7,5,0,-8,0,0,hello
8.287949800491333,-5,10,9,14,1,0,-8,-4,-5,0,12,-14,5,-3,hello
8.303252458572388,-15,11,3,8,-2,0,-2,-18,-20,-5,8,-7,-8,-13,hello
8.303252458572388,-13,11,0,8,4,2,-1,-24,-36,-17,-4,1,-16,-13,hello
8.31899905204773,-1,3,6,9,11,9,-5,-17,-31,-12,-13,-11,-16,-5,hello
8.31899905204773,0,0,2,6,1,9,1,0,-12,5,-17,-21,-14,0,hello
8.334600448608398,1,10,-2,13,-2,5,13,12,6,15,-5,0,5,5,hello
8.334600448608398,8,5,0,19,2,11,17,12,20,12,6,11,16,18,hello
8.350545883178711,3,-11,1,0,0,14,16,6,20,3,-6,-5,-2,22,hello
8.350545883178711,-12,-15,-10,-20,-9,5,11,6,20,2,-25,-11,-11,11,hello
8.366038084030151,-18,-13,-23,-20,-9,-6,-1,0,17,8,-25,-2,-5,0,hello
8.366038084030151,-19,-20,-26,-24,-7,-12,-18,-5,3,5,-21,-2,-8,-5,hello
8.381678581237793,-16,-24,-28,-28,-12,-10,-15,3,11,6,-10,-3,0,-2,hello
8.381678581237793,-5,-17,-20,-17,-5,-10,-1,12,30,14,10,5,13,0,hello
8.396682977676392,0,-7,-7,-5,4,-16,-2,5,20,7,20,13,10,-6,hello
8.411840438842773,0,-5,-9,-4,-1,-18,-13,0,1,-5,14,9,8,-10,hello
8.411840438842773,6,-5,-3,-12,-8,-17,-16,-2,0,-3,16,8,10,-6,hello
8.411840438842773,19,1,14,-4,0,-15,-4,-3,0,2,31,21,17,0,hello
8.427031755447388,21,14,27,16,10,0,6,0,-9,-9,38,28,25,6,hello
8.443198204040527,17,20,30,22,8,9,0,0,-26,-22,26,23,15,8,hello
8.443704605102539,19,22,27,17,6,2,-3,0,-15,-1,12,12,6,7,hello
8.45900273323059,17,24,24,19,7,8,0,-6,-4,14,14,7,3,6,hello
8.45900273323059,1,20,14,21,4,15,-1,-11,-19,0,8,-8,-18,-4,hello
8.475026607513428,-5,17,4,15,0,3,0,-7,-25,-21,-11,-28,-33,-17,hello
8.475026607513428,-2,14,10,9,2,1,9,2,-12,-17,-21,-22,-15,-12,hello
8.475026607513428,-1,3,9,16,6,12,11,2,-7,3,-16,-11,-6,-1,hello
8.49057149887085,-3,-3,0,17,6,9,3,-7,-8,6,-13,-9,-12,0,hello
8.505661964416504,-3,-5,3,6,0,4,1,-8,0,-1,-13,-4,-9,0,hello
8.505661964416504,-1,-1,9,4,0,15,13,5,7,8,-10,2,0,9,hello
8.520819187164307,0,0,8,11,3,20,25,13,14,16,-12,1,2,22,hello
8.520819187164307,-8,-17,-9,-5,0,5,18,3,20,5,-26,-11,-3,15,hello
8.536409616470337,-16,-26,-26,-29,-9,-6,0,-1,15,-3,-23,-15,-4,1,sil
8.536409616470337,-9,-10,-24,-17,-12,-6,-7,4,11,3,0,0,9,6,sil
8.551662921905518,-8,-8,-24,-10,-13,-6,-5,2,12,9,2,3,14,3,sil
8.551662921905518,-16,-25,-32,-32,-13,-14,-10,2,7,2,-8,-2,1,-5,sil
8.56762981414795,-9,-28,-32,-36,-10,-21,-9,16,7,0,-3,-5,0,-6,sil
8.56762981414795,6,-16,-15,-20,-6,-20,-12,13,10,-1,6,3,4,-4,sil
8.583173513412476,16,0,5,-5,0,-10,-17,-4,0,-10,12,17,7,-4,sil
8.583173513412476,11,16,4,2,4,-1,-12,-7,-7,-17,9,10,2,-10,sil
8.59916377067566,-5,13,-12,-14,2,-5,-13,-5,-6,-16,0,-5,-9,-25,sil
8.59916377067566,-7,4,-14,-23,3,-1,-10,-11,-8,-13,-1,-10,-12,-24,sil
8.614688634872437,4,15,5,-2,11,16,4,-9,-15,-14,1,-6,-4,-9,sil
8.614688634872437,-2,12,11,-12,6,15,11,-4,-18,-5,1,-12,-5,-7,sil
8.630014896392822,-17,-10,0,-36,-3,0,4,-7,-18,7,-1,-15,-10,-7,sil
8.630014896392822,-7,-3,9,0,5,3,10,-9,-14,13,-3,-6,-4,0,sil
8.645944118499756,9,23,23,53,19,19,23,0,2,18,4,2,10,9,sil
8.645944118499756,13,24,31,54,13,17,17,14,14,23,19,16,14,26,sil
8.661027431488037,14,14,39,46,3,12,11,18,20,30,25,24,17,33,sil
8.661027431488037,19,12,26,51,0,10,11,14,25,37,24,19,20,27,sil
8.676665782928467,9,1,6,30,-1,-4,-4,3,8,11,10,15,2,16,sil
8.676665782928467,-5,-12,-8,7,-8,-23,-15,-13,-6,-21,-5,8,-8,0,sil
8.692058086395264,-2,-13,-11,1,-13,-21,-10,-15,-6,-24,-9,4,1,-4,sil
8.692058086395264,8,-2,2,-4,-9,-9,-10,2,-9,-21,-8,10,2,4,sil
8.707724809646606,6,-3,-5,-12,-8,-11,-13,4,-8,-23,0,8,0,-1,sil
8.707724809646606,3,-7,-10,-10,-7,-21,-18,-8,-5,-21,12,4,6,-14,sil
8.72289228439331,11,12,22,9,9,-11,-13,-7,-6,-9,9,9,1,-6,sil
8.72289228439331,9,21,31,21,20,10,6,0,-2,8,-2,-4,-6,3,sil
8.738677024841309,-11,-6,-7,-4,3,20,21,3,4,18,-13,-25,-6,2,sil
8.738677024841309,-23,-28,-32,-31,-9,19,18,5,11,12,-23,-27,-5,0,sil
8.753730297088623,-17,-24,-28,-46,-12,6,0,2,10,-1,-22,-14,-7,-1,sil
8.753730297088623,-6,-19,-22,-49,-15,-8,-17,0,3,-11,-9,-3,-5,-12,sil
8.769608974456787,0,0,-4,-25,-3,-2,-13,0,-2,-15,5,4,0,-16,sil
8.769608974456787,-3,16,11,6,13,15,2,-5,-11,-11,6,-3,-8,-14,sil
8.784838676452637,-13,9,-1,18,10,22,14,-7,-7,9,-17,-25,-28,-8,sil
8.784838676452637,-10,-4,-13,8,0,20,15,10,12,30,-25,-21,-20,1,sil
8.799996852874756,-4,-13,-14,-13,-5,0,7,19,16,20,-3,-2,0,9,sil
8.799996852874756,0,-11,-18,-26,-7,-26,0,6,3,-6,13,8,10,7,sil
8.815613746643066,7,2,-9,-10,0,-18,-1,1,6,-15,15,12,18,3,sil
8.815613746643066,6,8,-3,4,7,-2,-3,0,2,-12,2,0,9,-4,sil
8.83171010017395,-1,5,0,-1,0,-12,-10,-12,-18,-14,-10,0,-8,-11,sil
8.83171010017395,5,11,15,4,-1,-6,-4,-9,-13,0,5,19,4,0,sil
8.846909046173096,11,24,24,28,16,12,3,-2,0,19,27,21,20,10,sil
8.846909046173096,3,26,23,36,26,16,6,-7,-9,9,14,3,4,3,sil
8.862076759338379,4,9,12,30,8,15,14,-6,-3,11,-5,-5,-2,3,sil
8.862076759338379,1,-13,-4,10,-10,1,11,5,12,29,-5,-8,5,11,sil
8.877670288085938,-3,-21,-11,-14,-17,-25,-8,11,12,14,0,-2,13,10,sil
8.877670288085938,4,-12,-3,-19,-24,-35,-19,3,1,-17,3,5,15,0,sil
8.892956972122192,9,-3,1,-14,-21,-20,-16,-8,-13,-33,-4,6,-1,-10,sil
8.892956972122192,3,2,1,-7,-3,-5,-15,-9,-16,-29,-11,0,-14,-12,sil
8.908639192581177,2,8,11,7,10,2,-14,3,0,-14,2,7,-2,-3,sil
8.908639192581177,1,5,20,20,9,11,1,5,6,-5,18,9,1,-1,sil
8.923934698104858,-6,-3,4,13,2,24,16,-6,1,-6,2,-13,-12,-7,sil
8.923934698104858,-15,-3,-1,6,3,29,14,-4,0,0,-19,-26,-20,0,sil
8.939069032669067,-14,1,4,15,9,21,13,5,4,20,-14,-16,-9,6,sil
8.954720497131348,-10,-6,-1,8,4,17,18,4,8,27,0,-4,-1,9,sil
8.954720497131348,-1,-17,-15,-13,-3,13,12,3,8,24,2,2,0,17,sil
8.969883680343628,8,-8,-14,-18,-3,-4,-6,4,-2,11,8,9,2,14,sil
8.969883680343628,5,-1,-8,-19,-8,-28,-28,0,-12,-14,10,14,5,-3,sil
8.9850754737854,5,-3,-5,-24,-12,-28,-23,2,1,-17,14,23,14,-3,sil
8.9850754737854,26,13,12,-5,4,-12,-7,2,7,0,30,31,21,6,sil
9.000664234161377,27,29,28,20,14,0,-5,-10,-17,-2,23,17,3,0,sil
9.000664234161377,1,14,14,26,7,5,2,-17,-22,-8,-9,-5,-13,0,sil
9.015841960906982,-7,0,0,8,7,9,20,-1,4,5,-24,-10,-6,1,sil
9.015841960906982,-8,-1,-13,-8,3,4,24,10,18,14,-18,-13,-5,-6,sil
9.031426191329956,-15,-6,-23,-12,-7,-6,15,12,12,4,-20,-16,-9,-11,sil
9.031426191329956,-8,-8,-16,-12,-9,-16,6,8,8,-5,-19,0,4,-8,sil
9.046954154968262,2,1,-14,-19,-4,-17,-4,0,0,-16,-2,6,10,-14,sil
9.046954154968262,0,10,0,-11,1,-3,-10,-8,-14,-27,8,-5,-4,-13,sil
9.06293249130249,-6,8,13,13,10,11,0,-8,-3,-8,0,-19,-11,-3,sil
9.06293249130249,-14,-1,-2,15,9,15,3,-2,10,21,-12,-27,-8,-4,sil
9.078892469406128,-19,-9,-10,1,0,12,-5,0,0,20,-11,-25,-7,-4,sil
9.078892469406128,-11,-13,-2,2,-6,12,-9,0,1,8,-8,-14,0,2,sil
9.09442949295044,-4,-17,-4,0,-10,9,-6,3,20,8,-2,-2,7,9,sil
9.09442949295044,0,-21,-11,-12,-12,0,-7,6,22,8,6,5,13,8,sil
9.109619617462158,8,-19,-11,-26,-13,-13,-13,0,0,-3,8,10,17,3,sil
9.109619617462158,6,-7,-2,-27,-12,-20,-16,0,-17,-20,8,16,12,0,sil
9.125635862350464,3,15,6,0,-5,-11,-10,6,-16,-18,9,15,1,0,sil
9.125635862350464,6,25,18,18,2,-7,-5,-6,-21,-14,6,9,-10,-5,sil
9.141723155975342,7,16,26,14,12,-1,0,-18,-24,-12,12,8,-15,-3,sil
9.141723155975342,1,12,28,27,19,13,13,-5,-11,3,18,8,-7,4,sil
9.157336473464966,-2,6,21,34,15,22,25,1,-4,16,5,3,-7,7,sil
9.157336473464966,-1,-4,5,19,3,13,27,-1,0,14,-7,-2,-11,9,sil
9.173049926757812,1,-4,0,7,0,5,20,6,15,18,-2,4,3,19,sil
9.173049926757812,7,-1,-2,0,0,3,12,16,26,24,4,17,22,19,sil
9.188725233078005,17,-1,-8,-11,0,-1,7,14,21,17,4,8,22,10,sil
9.188725233078005,24,1,-5,-11,2,-12,-4,11,11,3,2,4,18,10,sil
9.2038836479187,17,5,-3,-6,-4,-19,-19,2,0,-7,6,16,19,7,sil
9.2038836479187,8,7,-7,-9,-6,-13,-21,-13,-12,-22,10,15,7,-8,sil
9.218940019607544,6,13,-4,-5,2,-1,-17,-21,-15,-27,2,-6,-15,-20,sil
9.218940019607544,1,13,5,9,8,-1,-10,-12,-9,-18,-4,-17,-24,-16,sil
9.234997272491457,-6,12,16,19,7,0,3,-4,-7,-11,-4,-7,-18,-7,sil
9.234997272491457,-13,4,7,12,0,11,17,-2,-3,1,-12,-11,-18,-8,sil
9.25066304206848,-23,-15,-15,-7,-10,7,11,2,3,12,-27,-26,-23,-10,sil
9.25066304206848,-26,-22,-21,-20,-12,1,2,13,14,13,-22,-14,-4,1,sil
9.266178369522097,-10,-9,-14,-12,-1,8,7,13,27,13,0,3,22,17,sil
9.266178369522097,-1,-8,-8,-13,0,0,8,3,13,3,4,-1,21,8,sil
9.28276824951172,-7,-17,-18,-25,-3,-16,-7,-2,-8,-12,-6,-12,3,-14,sil
9.28276824951172,-16,-17,-22,-28,-4,-16,-24,-3,-13,-17,-6,-8,-4,-29,sil
9.298797130584717,-16,-10,-5,-13,-3,-12,-22,-11,-16,-15,0,-8,-9,-31,sil
9.298797130584717,-10,0,9,4,-4,-5,-11,-20,-25,-16,0,-13,-14,-26,sil
9.31506633758545,-7,8,15,13,6,21,0,-7,-16,-5,1,-3,-15,-11,sil
9.31506633758545,-8,5,7,17,16,41,13,9,9,19,-3,-7,-15,0,sil
9.331119060516356,-6,0,-4,12,3,22,11,7,16,27,-17,-19,-14,2,sil
9.331119060516356,0,-3,-2,5,-9,0,-1,4,4,14,-13,-2,-2,16,sil
9.347043991088867,13,-3,4,10,-5,-1,7,8,3,12,0,14,16,30,sil
9.347043991088867,14,-3,1,3,-2,-1,13,9,11,11,0,11,19,28,sil
9.362701177597046,16,-4,0,-9,-6,-11,4,13,16,1,1,16,13,24,sil
9.362701177597046,31,4,10,0,0,-18,2,10,15,-3,16,32,20,23,sil
9.378653526306152,38,17,21,7,5,-13,3,2,10,-1,31,45,28,15,sil
9.378653526306152,27,19,19,1,4,-13,-4,0,2,7,40,42,33,10,sil
9.393688678741457,17,17,14,11,3,-26,-22,-7,-19,-1,38,31,25,7,sil
9.393688678741457,16,21,15,13,2,-20,-29,-17,-29,-25,27,15,5,1,sil
9.409632921218872,15,20,15,-8,1,5,-9,-7,-6,-17,18,3,-2,2,sil
9.409632921218872,3,5,9,-11,0,11,6,0,3,2,2,-9,-8,-3,sil
9.424761295318604,-19,-8,-6,8,-3,3,7,-5,-10,-6,-25,-32,-27,-22,sil
9.424761295318604,-28,-4,-5,13,0,18,11,-2,-10,-17,-41,-34,-37,-27,sil
9.440263748168944,-23,0,-4,8,10,25,16,0,2,-1,-33,-24,-24,-17,sil
9.440263748168944,-30,-14,-26,0,6,8,5,-9,-6,0,-25,-30,-17,-18,sil
9.455420732498167,-36,-24,-34,-10,1,1,0,-19,-22,-11,-22,-33,-19,-26,sil
9.455420732498167,-19,-13,-24,-2,6,10,14,-7,0,0,-10,-20,-8,-16,sil
9.47057008743286,-7,-4,-13,6,8,10,25,18,29,18,6,-6,7,6,sil
9.47057008743286,-8,-2,-7,3,1,4,15,21,30,22,9,-1,15,14,sil
9.485700368881226,1,1,-3,0,-6,-2,0,3,17,21,1,1,15,5,sil
9.485700368881226,8,0,4,-4,-12,-7,-9,3,14,17,0,13,9,8,sil
9.501171827316284,6,-10,5,-8,-11,-6,-10,10,10,7,-1,11,2,14,sil
9.501171827316284,6,-7,1,-9,-6,-4,-11,-3,-6,-10,-8,4,0,6,sil
9.517093420028688,4,0,2,-15,-5,-2,-9,-13,-14,-15,-4,8,-2,-1,sil
9.517093420028688,0,0,0,-17,-5,-5,-8,-5,-8,0,9,8,-2,-3,sil
9.533215522766112,4,1,3,-11,-6,-14,-13,0,-18,-5,10,5,-3,-5,sil
9.533215522766112,12,10,11,0,-7,-17,-15,0,-22,-22,6,8,0,-3,sil
9.549347400665283,10,10,14,4,-1,-6,-13,0,-11,-12,14,15,4,5,sil
9.549347400665283,9,0,15,1,3,1,-6,6,1,10,16,13,7,12,sil
9.565104246139526,12,0,6,4,4,-1,3,5,15,16,7,2,6,5,sil
9.565104246139526,2,3,0,5,4,0,4,-2,11,5,0,-5,-1,-4,sil
9.580069303512571,-5,0,0,-3,0,7,6,-5,-4,-2,-3,-7,-7,-7,sil
9.580069303512571,-3,-8,-2,-8,-5,-1,7,-1,-10,-10,-6,0,-2,0,sil
9.595625638961792,1,-1,1,4,0,-5,3,-4,0,-13,-6,5,1,3,sil
9.595625638961792,7,9,9,22,9,10,6,-1,9,2,-2,2,5,7,sil
9.610716819763184,3,11,9,19,16,16,9,8,10,21,5,0,10,6,sil
9.610716819763184,1,8,-2,9,19,7,8,8,7,15,6,-2,7,0,sil
9.625899076461792,1,7,-5,11,12,11,7,0,2,-5,-1,-4,-3,-3,sil
9.625899076461792,-14,0,-1,12,1,15,8,0,-2,-12,-6,-10,-6,0,sil
9.641032457351685,-23,-10,-5,0,-4,4,10,2,-5,-3,-18,-16,-2,2,sil
9.641032457351685,-2,-6,-1,-13,-7,-9,3,1,-1,-3,-26,-4,-3,3,sil
9.656657695770264,14,0,0,-1,-9,-17,-7,0,3,-4,-4,8,0,0,sil
9.656657695770264,8,1,-10,1,-10,-9,-4,1,6,5,18,5,4,-1,sil
9.671697616577148,0,0,-13,-15,-2,4,3,3,7,9,14,4,1,0,sil
9.686845064163208,-4,-4,-11,-16,1,0,-3,0,3,-5,-1,0,-5,-5,sil
9.686845064163208,-9,-7,-13,-12,-6,-10,-16,-7,-7,-16,-6,-5,-6,-10,sil
9.70269012451172,-8,-5,-11,-16,-12,-7,-10,-11,-5,-2,5,-3,1,-6,sil
9.70269012451172,-7,-10,-5,-18,-7,-4,-10,-6,0,8,6,4,0,-6,sil
9.717853546142578,-5,-9,-1,-7,-4,-7,-21,0,-4,-2,-14,-1,-8,-14,sil
9.717853546142578,0,5,-1,7,0,-5,-12,0,4,-5,-11,-14,-1,-6,sil
9.733376502990724,2,9,3,5,5,-4,-1,0,13,4,10,-1,6,10,sil
9.733376502990724,1,0,5,2,1,-3,-4,-2,-5,7,12,12,3,9,sil
9.748631715774536,7,0,6,13,2,0,-2,-5,-22,-4,7,2,2,0,sil
9.748631715774536,4,9,21,10,14,6,4,-3,-18,-15,8,0,4,2,sil
9.765089750289915,-4,8,13,3,14,9,16,0,-12,1,3,0,0,-2,sil
9.765089750289915,-9,0,-5,4,4,11,25,1,-8,9,-7,-14,-7,-11,sil
9.780595779418944,-6,0,4,7,2,14,24,5,0,-4,-14,-12,-14,-3,sil
9.780595779418944,4,11,22,18,1,13,18,4,7,0,-6,1,-12,2,sil
9.796634674072266,12,18,19,22,-2,5,10,1,12,15,3,0,-4,5,sil
9.796634674072266,7,5,6,6,1,1,1,5,14,18,2,1,0,15,sil
9.811861276626589,6,-1,2,5,8,5,2,7,11,18,0,13,5,21,sil
9.811861276626589,11,0,2,9,-3,0,4,5,7,11,5,15,11,15,sil
9.827608585357666,5,-10,-8,-11,-24,-18,-9,4,11,-3,10,15,18,7,sil
9.827608585357666,6,-13,-11,-23,-12,-22,-24,4,13,-7,21,27,29,2,sil
9.843694925308228,18,1,0,-6,5,-7,-16,3,10,0,30,37,36,7,sil
9.843694925308228,13,5,7,1,1,0,-9,0,0,-6,24,30,23,8,sil
9.85906219482422,-2,5,10,3,0,-6,-15,-10,-8,-20,17,11,2,-7,sil
9.85906219482422,-12,11,9,12,2,-6,-11,-14,-12,-15,4,-13,-8,-18,sil
9.874269485473633,-23,0,0,8,0,7,7,-14,-25,0,-23,-34,-23,-17,sil
9.874269485473633,-24,-19,-17,0,-2,16,17,-9,-26,0,-48,-49,-44,-18,sil
9.889959573745728,-13,-17,-22,-5,2,13,13,7,0,-2,-46,-41,-42,-10,sil
9.889959573745728,0,-12,-17,-18,0,10,12,21,30,14,-29,-20,-8,12,sil
9.905048370361328,3,-15,-24,-27,-4,3,2,12,22,17,-20,-8,5,15,sil
9.905048370361328,-11,-16,-30,-33,-2,-4,-14,-5,-4,-11,-24,-12,-13,-9,sil
9.92057728767395,-19,-12,-28,-37,0,-5,-10,-5,-7,-14,-27,-28,-21,-23,sil
9.92057728767395,-5,-8,-19,-28,0,-5,0,1,0,1,-14,-29,-6,-14,sil
9.9366557598114,0,-8,-16,-21,-5,-14,-10,-5,-7,-6,4,-5,3,-7,sil
9.9366557598114,0,-6,-16,-24,-4,-20,-12,-12,-13,-22,12,9,7,-3,sil
9.95176124572754,0,4,0,-10,1,-11,-1,-7,-16,-21,12,9,1,-5,sil
9.95176124572754,2,14,15,14,3,1,1,0,-6,-5,15,14,-1,-4,sil
9.967852115631104,9,17,24,23,8,6,0,9,12,8,31,26,16,11,sil
9.967852115631104,20,24,35,34,15,0,0,8,14,20,49,36,31,20,sil
9.984110832214355,14,27,37,45,8,-7,-4,3,8,30,46,32,22,13,sil
9.984110832214355,1,23,35,38,0,-1,-6,2,14,20,30,27,11,11,sil
9.999610900878906,7,24,31,40,0,9,5,-7,11,-2,24,21,9,6,sil
9.999610900878906,23,27,33,45,2,11,8,-16,-18,-13,12,18,0,0,sil
10.015675783157349,25,20,38,38,0,11,12,-6,-33,-24,-6,18,-8,7,sil
10.015675783157349,9,6,17,34,-1,14,24,0,-12,-28,-14,0,0,13,sil
10.036757707595823,-12,-8,-4,9,-7,14,12,-8,-9,-10,-22,-19,-4,0,sil
10.036757707595823,-28,-22,-17,-20,-9,12,0,-5,-11,14,-30,-25,-11,-17,sil
10.036757707595823,-30,-25,-31,-22,0,9,5,11,18,33,-12,-19,7,-10,sil
10.046836376190186,-14,-18,-21,-18,10,1,5,23,46,51,14,-6,32,12,sil
10.062094926834106,4,-14,-10,-16,3,-5,9,22,44,53,10,-4,29,22,sil
10.062094926834106,1,-18,-20,-19,-13,-8,9,12,25,13,-13,-12,2,12,sil
10.077245235443115,-8,-21,-30,-38,-14,-13,-6,-2,-4,-33,-32,-14,-25,-4,sil
10.077245235443115,-9,-21,-29,-47,-5,-16,-17,-13,-24,-39,-40,-17,-38,-19,sil
10.09288477897644,-13,-16,-21,-34,-4,-6,-19,-5,-13,-18,-37,-21,-26,-19,sil
10.09288477897644,-9,-2,-16,-16,-3,0,-21,5,2,-7,-20,-14,-8,-8,sil
10.108991861343384,11,8,-3,-3,-1,-14,-16,0,2,-1,4,5,0,-2,sil
10.108991861343384,31,6,16,-2,-4,-20,-8,0,2,12,27,28,15,11,sil
10.1246018409729,36,5,22,-6,0,-2,-1,5,0,15,36,36,22,20,sil
10.1246018409729,20,8,11,-7,6,6,6,-8,-16,-6,22,23,0,-1,sil
10.140244722366331,-14,1,-5,-9,12,6,4,-28,-30,-29,-2,-9,-25,-29,sil
10.140244722366331,-26,7,-2,3,24,10,-6,-28,-35,-36,-5,-16,-24,-27,sil
10.156070947647097,4,30,20,39,30,5,-7,-9,-31,-26,12,4,-11,-1,sil
10.156070947647097,21,27,24,52,12,-1,1,7,-12,-7,15,5,0,9,sil
10.171612977981567,3,2,17,24,-9,1,8,12,0,-1,5,-4,4,8,hello
10.171612977981567,-9,-7,14,7,-14,1,13,7,2,0,2,-3,3,7,hello
10.186803579330444,-20,-17,-6,0,-10,-2,10,0,8,12,-5,-10,-5,0,hello
10.186803579330444,-35,-31,-32,-19,-17,3,5,-1,16,14,-22,-27,-11,-12,hello
10.202929496765137,-38,-26,-34,-20,-15,18,9,5,13,10,-26,-29,-3,-9,hello
10.202929496765137,-24,-5,-13,9,3,19,14,10,13,22,-6,-8,9,0,hello
10.219051361083984,8,12,4,34,10,2,12,17,35,39,24,21,30,17,hello
10.219051361083984,38,21,14,22,-6,-10,3,24,48,29,39,35,48,35,hello
10.234802961349487,42,15,14,0,-16,-13,-3,12,28,1,21,27,40,31,hello
10.234802961349487,29,5,7,-13,-9,-17,-13,-6,4,-11,-7,19,16,11,hello
10.249964952468872,11,-1,0,-28,0,-19,-29,-18,-15,-25,-17,14,-5,-9,hello
10.249964952468872,-5,-2,-2,-26,7,-4,-29,-22,-30,-36,-15,0,-19,-29,hello
10.26501750946045,-12,5,0,-8,12,5,-9,-10,-24,-21,-15,-11,-24,-30,hello
10.26501750946045,-15,8,3,0,11,2,0,3,-3,0,-6,-11,-19,-16,hello
10.280609846115112,-15,6,1,16,7,10,3,1,8,13,14,-15,-9,-8,hello
10.280609846115112,-2,14,8,36,2,24,15,0,1,15,15,-13,-8,0,hello
10.295857906341553,5,17,18,29,2,18,13,0,-14,10,-12,-9,-19,7,hello
10.295857906341553,1,0,15,5,2,6,5,-5,-21,6,-29,-7,-22,14,hello
10.31191372871399,2,-18,7,-8,-5,6,14,0,-13,9,-10,-3,-9,21,hello
10.31191372871399,4,-24,-6,-11,-8,0,22,7,3,14,9,0,6,12,hello
10.327601432800291,-3,-24,-15,-15,2,-11,9,7,10,15,12,12,17,3,hello
10.327601432800291,-9,-21,-24,-25,2,-11,-2,4,10,13,9,12,24,9,hello
10.342687129974363,-11,-13,-30,-25,0,-10,-3,4,11,0,8,-4,19,1,hello
10.342687129974363,0,3,-4,-7,5,-10,-3,12,12,-20,11,2,11,-9,hello
10.358655214309692,18,20,10,5,-3,-7,-2,11,11,-20,6,20,12,-2,hello
10.358655214309692,20,12,-2,-5,-18,-15,-11,-8,0,-20,-6,11,5,0,hello
10.373895406723022,7,-4,-8,-14,-7,-18,-18,-16,-18,-27,-1,3,-3,-11,hello
10.388939619064333,-2,-5,-1,-7,4,-2,-12,-8,-29,-30,5,2,-4,-20,hello
10.388939619064333,-12,1,-1,-5,1,3,-10,-16,-24,-26,-9,-12,-17,-26,hello
10.403711795806885,-19,0,-7,-1,0,0,-11,-17,-15,-6,-16,-26,-26,-20,hello
10.403711795806885,-13,2,-1,12,5,7,-4,-2,-10,6,-2,-19,-15,-5,hello
10.419732570648192,-1,17,12,31,10,14,5,0,-1,4,-2,-10,-8,1,hello
10.419732570648192,4,22,25,35,10,12,11,1,12,14,-2,-4,-10,6,hello
10.43537139892578,0,7,23,15,0,12,8,9,16,24,2,3,0,13,hello
10.43537139892578,1,-5,4,0,-4,14,2,7,14,21,-5,3,10,18,hello
10.451070547103882,10,-1,3,3,3,16,9,9,19,27,-8,5,12,22,hello
10.451070547103882,7,-6,6,-1,4,12,14,15,13,25,-2,6,4,18,hello
10.466650247573853,-5,-18,-15,-19,-10,-6,2,5,0,0,-9,0,-6,7,hello
10.466650247573853,-3,-12,-17,-20,-17,-21,-5,-1,7,-6,-4,2,1,8,hello
10.482784509658812,11,-3,2,-2,-10,-14,0,7,25,16,18,14,21,13,hello
10.482784509658812,15,-5,2,3,-6,-4,1,9,23,26,29,20,26,9,hello
10.498533964157104,6,-2,-4,-2,-8,-6,-2,-1,7,2,17,14,16,0,hello
10.498533964157104,0,4,-4,-3,-5,-8,-6,-6,-7,-25,0,0,0,-12,hello
10.513805389404297,0,8,4,-1,1,-5,-9,-3,-20,-35,0,3,-6,-18,hello
10.514280796051024,3,6,2,0,6,-5,-3,-4,-17,-19,15,16,6,-10,hello
10.52926254272461,-7,0,-5,-3,6,-6,0,-9,-16,-12,11,0,1,-10,hello
10.52926254272461,-14,7,0,3,7,4,0,-6,-23,-21,-2,-20,-18,-16,hello
10.544400691986084,0,31,11,26,15,17,7,1,-16,-11,5,-10,-10,-8,hello
10.544400691986084,2,23,8,27,19,16,2,-5,-8,2,7,-1,-3,-3,hello
10.559571743011476,-8,-4,0,9,12,10,-6,-13,-13,0,-15,-12,-25,-10,hello
10.559571743011476,-10,-5,2,3,9,8,0,-5,-6,-2,-25,-20,-34,-10,hello
10.574669122695925,-13,-8,-1,0,6,9,9,-3,4,7,-21,-19,-16,-3,sil
10.574669122695925,-17,-28,-14,-13,-5,10,3,-5,-1,3,-29,-22,-10,-3,sil
10.590259790420532,-11,-24,-17,-21,-9,4,3,0,-8,-7,-28,-19,-14,-1,sil
10.590259790420532,-4,-9,-14,-8,-6,-3,14,6,11,15,-10,-10,3,11,sil
10.606005668640137,0,-10,-10,-4,-7,-3,9,10,30,42,0,3,27,28,sil
10.606005668640137,3,-10,-5,-15,-10,-4,-4,16,24,25,1,12,28,26,sil
10.621587753295898,0,-6,-13,-20,-17,-15,-9,11,18,1,1,7,19,10,sil
10.621587753295898,6,-3,-11,-18,-16,-20,-9,3,20,2,3,11,16,3,sil
10.6368248462677,21,0,-2,-10,-9,-15,-7,4,18,10,11,19,16,4,sil
10.6368248462677,21,3,2,-9,-10,-18,-9,2,3,-1,24,24,15,4,sil
10.65203022956848,16,6,14,-12,-5,-19,-13,1,-14,-24,26,26,9,0,sil
10.65203022956848,18,17,21,6,11,-6,-8,3,-7,-16,22,23,4,-7,sil
10.667603015899658,19,29,30,27,14,2,-3,0,3,0,24,26,10,-6,sil
10.667603015899658,19,27,33,20,12,2,0,-4,0,-1,31,25,20,1,sil
10.683874607086182,7,17,17,11,18,2,5,0,-5,-6,22,4,9,-1,sil
10.683874607086182,-12,5,9,12,5,8,0,-6,-15,-9,-2,-15,-17,-15,sil
10.699886798858644,-13,0,6,10,-8,15,-8,-18,-28,-12,-17,-19,-28,-18,sil
10.699886798858644,-8,0,3,12,2,6,-3,-12,-26,-10,-17,-8,-20,-9,sil
10.715017557144163,-16,0,-2,19,12,0,8,-5,-17,-8,-21,-13,-21,-9,sil
10.715017557144163,-24,-6,-13,12,0,16,16,-10,-14,-4,-26,-37,-28,-15,sil
10.73065996170044,-21,-9,-13,-3,-3,25,17,-10,-5,8,-15,-25,-16,-2,sil
10.73065996170044,-6,-3,-8,0,2,7,14,1,8,17,-6,-3,0,14,sil
10.746563911437988,-5,-5,-14,5,1,3,7,7,6,4,-19,-16,-8,12,sil
10.746563911437988,-21,-19,-24,-7,-5,14,6,2,0,-1,-31,-31,-21,2,sil
10.763197422027588,-23,-25,-23,-22,-6,7,8,5,10,2,-22,-23,-15,4,sil
10.763197422027588,-4,-17,-9,-13,-3,-3,1,19,20,3,-10,-7,-6,10,sil
10.778911113739014,8,-5,-9,-1,0,0,2,20,29,14,2,1,7,11,sil
10.778911113739014,17,0,-11,-9,1,2,0,13,28,16,19,17,24,15,sil
10.796152353286743,18,-1,2,-16,-1,-6,-13,12,10,-2,25,28,28,13,sil
10.796152353286743,7,-2,0,-7,-7,-20,-14,-3,-4,-9,17,16,17,-6,sil
10.809664487838743,0,0,-12,-10,-8,-18,-6,-19,-11,-8,7,6,2,-18,sil
10.809664487838743,7,4,1,-11,-3,-5,-7,-1,-4,-6,5,17,2,-4,sil
10.825565814971924,16,11,23,7,1,-6,-11,7,5,3,14,25,18,5,sil
10.825565814971924,21,15,25,20,3,-19,-13,-8,0,7,23,22,27,2,sil
10.84097671508789,27,24,24,16,3,-19,-11,-8,-4,8,26,22,26,3,sil
10.84097671508789,25,30,28,11,5,-9,-3,0,0,8,28,24,19,6,sil
10.856133222579956,10,19,22,12,2,0,-1,-8,-10,-4,15,13,0,-3,sil
10.856133222579956,-7,2,9,10,0,4,-3,-12,-31,-17,-6,-7,-18,-14,sil
10.872088193893433,-9,-1,1,4,5,13,9,0,-21,-8,-16,-17,-17,-2,sil
10.872088193893433,-5,-4,-6,3,3,18,14,2,-1,2,-18,-18,-14,7,sil
10.886974334716797,-22,-21,-15,0,-5,11,-2,-8,-6,-3,-30,-27,-29,-10,sil
10.886974334716797,-35,-31,-21,-14,-5,0,1,-6,-1,-3,-31,-31,-32,-22,sil
10.902682065963743,-23,-16,-19,-22,0,2,21,12,24,16,-13,-19,-5,0,sil
10.902682065963743,-11,-9,-19,-21,-6,4,15,16,31,18,-5,-8,11,9,sil
10.917877197265623,-8,-22,-27,-25,-14,-10,-1,2,10,-4,-7,-5,9,-7,sil
10.917877197265623,-7,-9,-12,-25,-7,-18,-11,-8,-9,-12,5,4,6,-10,sil
10.93300461769104,0,19,15,3,11,2,-10,-7,-12,-6,14,3,3,0,sil
10.948670864105225,8,19,16,37,21,29,7,0,-5,-11,-3,-5,-9,0,sil
10.948670864105225,2,3,5,26,7,24,22,7,-1,-8,-19,-8,-14,3,sil
10.965065002441406,0,1,0,-2,-5,5,15,11,10,16,-8,0,2,21,sil
10.965065002441406,17,12,2,-5,0,-2,0,15,21,17,9,19,24,27,sil
10.965065002441406,28,17,7,8,3,-8,-6,9,8,-4,16,29,22,9,sil
10.979641437530518,8,9,6,6,0,-6,-6,-3,-5,-11,15,13,0,-7,sil
10.995672225952148,-9,3,9,0,0,0,-12,-11,-6,-4,7,-3,-15,-11,sil
10.995672225952148,-6,1,11,12,-1,1,-14,-17,-15,-4,-7,-13,-22,-13,sil
11.010868787765505,-2,-10,7,20,0,4,0,-13,-21,0,-9,-11,-24,-10,sil
11.010868787765505,-13,-23,-7,2,1,11,16,7,9,16,-1,-4,-10,0,sil
11.026761770248411,-19,-23,-25,-25,-4,-3,7,12,26,17,-7,-9,2,6,sil
11.026761770248411,-3,-9,-17,-28,-11,-29,-18,-3,-1,-6,-3,0,3,0,sil
11.042929410934448,23,15,7,4,-5,-27,-26,-5,-13,-9,25,18,17,2,sil
11.042929410934448,24,22,14,14,4,-11,-17,0,-5,-1,32,21,31,6,sil
11.058363437652588,6,3,-4,-14,7,-8,-10,-1,-9,-8,6,11,14,0,sil
11.058363437652588,0,0,-8,-12,4,-6,0,-1,-3,-5,0,6,0,-4,sil
11.073628664016724,0,11,16,20,2,6,7,0,2,0,8,5,2,-1,sil
11.073628664016724,0,6,22,28,3,16,13,-2,-3,9,0,-3,0,0,sil
11.089847326278688,3,-5,4,11,2,16,22,1,-4,24,-15,-8,-9,9,sil
11.089847326278688,0,-14,-7,-9,-4,12,27,11,6,13,-22,-12,-13,16,sil
11.104979276657104,-9,-20,-20,-25,-13,7,11,10,14,-16,-19,-14,-1,4,sil
11.104979276657104,0,-11,-12,-22,-9,1,-2,5,20,-10,2,7,19,3,sil
11.120948553085327,14,5,-1,-3,0,-1,3,4,22,12,24,27,29,14,sil
11.120948553085327,6,5,-8,0,0,-10,-5,-3,0,-3,13,13,5,0,sil
11.136074304580688,-2,5,-6,0,-5,-12,-24,-10,-20,-22,0,-4,-14,-23,sil
11.136074304580688,-1,17,9,11,1,1,-12,-5,-12,-8,0,-11,-9,-22,sil
11.151634454727173,-10,20,20,18,15,15,1,-9,-12,-3,-5,-18,-13,-16,sil
11.151634454727173,-16,8,9,19,13,14,2,-21,-16,-8,-18,-22,-28,-18,sil
11.167752981185911,-12,-5,-7,5,2,9,4,-8,-7,0,-20,-23,-21,-15,sil
11.167752981185911,-13,-16,-12,-11,-5,1,3,7,-2,10,-18,-22,-8,-4,sil
11.18445324897766,-11,-15,-7,-18,-10,-5,4,5,6,13,-15,-15,-7,8,sil
11.18445324897766,0,-10,0,-24,-6,-2,12,9,23,12,-6,2,0,23,sil
11.199647188186646,10,-8,0,-21,6,0,9,20,25,19,5,16,17,23,sil
11.199647188186646,7,-4,-3,-5,11,-6,-3,13,13,16,11,17,20,8,sil
11.21487545967102,0,-1,1,1,0,-9,-9,2,6,-6,17,24,19,5,sil
11.21487545967102,2,1,5,5,-5,-12,-11,0,-1,-14,26,28,23,7,sil
11.230557203292848,11,8,7,5,-6,-19,-19,-9,-17,-12,18,16,6,-7,sil
11.230557203292848,4,7,3,-2,-9,-12,-19,-15,-24,-25,-3,-2,-18,-17,sil
11.245720863342283,-8,1,-1,0,-6,3,-10,-10,-24,-27,-15,-8,-25,-11,sil
11.245720863342283,-7,4,6,15,6,13,4,-4,-23,-9,-14,-11,-25,-13,sil
11.261037111282349,-3,13,11,28,16,19,22,0,-6,5,-12,-17,-21,-12,sil
11.261037111282349,-4,4,2,24,15,25,26,5,13,20,-5,-10,-2,6,sil
11.276663303375244,3,-8,-7,12,7,16,15,14,27,36,2,2,22,25,sil
11.276663303375244,13,1,1,0,-2,-2,0,21,32,29,15,17,36,30,sil
11.291809797286987,13,7,6,-10,-9,-12,-12,9,22,10,25,25,31,16,sil
11.291809797286987,9,-12,-13,-17,-7,-15,-13,-6,7,0,23,16,20,-2,sil
11.307115077972412,6,-15,-9,-14,0,-17,-12,-5,0,-11,20,14,17,0,sil
11.307115077972412,9,5,10,-2,1,-18,-12,-8,-3,-15,21,11,14,1,sil
11.32315182685852,8,6,3,-2,-5,-16,-11,-18,-18,-10,7,-4,-6,-13,sil
11.32315182685852,-6,-5,0,-9,-12,-3,-5,-13,-34,-19,-14,-15,-32,-17,sil
11.338351964950562,-12,-2,0,6,-1,17,9,-7,-31,-25,-22,-25,-31,-8,sil
11.338351964950562,-5,3,-3,23,7,22,20,-10,-21,-16,-23,-29,-24,-6,sil
11.353724241256714,-5,0,-2,5,0,16,19,-1,-12,-8,-29,-18,-29,-6,sil
11.353724241256714,-12,-5,-4,-8,-1,21,18,10,8,7,-25,-17,-22,0,sil
11.369122743606567,-13,-9,-9,0,1,16,15,11,22,25,-13,-14,-4,4,sil
11.369122743606567,-14,-6,-14,0,-2,0,7,7,17,22,-10,-6,2,3,sil
11.38481307029724,-9,-3,-17,-14,-6,-2,2,9,19,13,-3,1,10,7,sil
11.38481307029724,0,-2,-13,-17,-1,0,0,14,28,13,0,5,14,9,sil
11.400120973587036,0,-2,-12,-17,-1,-12,-11,8,13,-1,-10,2,3,0,sil
11.400120973587036,4,5,-1,-18,-4,-25,-23,0,-4,-20,0,8,5,-8,sil
11.415934085845947,18,17,12,0,0,-20,-15,0,3,-4,22,23,24,-1,sil
11.415934085845947,15,15,16,8,3,-10,-10,-2,2,3,18,22,19,0,sil
11.431623458862305,10,10,20,0,3,-6,-16,-9,-11,-9,17,18,9,-1,sil
11.431623458862305,19,14,28,11,9,-1,-9,-3,-2,-3,29,23,18,5,sil
11.446749925613403,15,12,27,22,16,4,4,2,0,8,22,15,7,2,sil
11.446749925613403,8,12,23,24,16,8,8,-5,-13,7,17,2,-4,-3,sil
11.462881088256836,5,14,24,26,20,15,5,-15,-15,0,14,0,0,1,sil
11.462881088256836,-11,-1,7,10,12,18,4,-15,-13,-9,-11,-15,-12,0,sil
11.477971315383911,-27,-26,-22,-9,-11,6,8,-4,-13,-7,-28,-28,-33,-13,sil
11.477971315383911,-23,-33,-25,-10,-18,3,11,4,-3,8,-20,-19,-25,-9,sil
11.49359679222107,-22,-28,-21,-7,-8,9,12,7,11,20,-18,-14,-10,0,sil
11.49359679222107,-20,-24,-26,-13,-9,2,9,14,19,19,-17,-10,-4,7,sil
11.509076833724976,-1,-13,-16,-8,-10,-4,8,24,23,12,-4,6,9,21,sil
11.509076833724976,10,0,-6,0,-7,-2,8,19,18,7,0,7,22,19,sil
11.52470636367798,6,-3,-9,-10,-11,-9,-7,4,3,-2,-1,0,16,5,sil
11.52470636367798,4,-15,-17,-27,-10,-17,-23,-3,0,-15,1,3,8,-2,sil
11.539889574050903,2,-12,-21,-32,-4,-21,-23,-11,-10,-21,4,7,6,-9,sil
11.555638074874878,-1,3,-6,-23,-7,-24,-25,-19,-34,-29,3,6,0,-16,sil
11.555638074874878,9,25,16,8,-2,-15,-23,-15,-20,-27,16,7,0,-9,sil
11.555638074874878,24,48,33,37,16,1,-11,-6,4,-12,29,17,6,1,sil
11.57121729850769,14,41,28,30,18,7,-3,-10,-7,-9,8,9,-6,-4,sil
11.57121729850769,-4,10,14,12,6,7,0,-11,-23,-16,-18,-13,-22,-17,sil
11.586389780044556,-3,6,18,16,8,15,11,1,-6,0,-4,-12,-10,-6,sil
11.602720975875854,4,17,20,26,13,18,25,7,7,20,13,0,2,6,sil
11.602720975875854,0,11,11,15,7,15,21,1,2,13,-5,-11,-10,0,sil
11.617855548858644,-5,0,1,5,3,15,20,0,0,5,-24,-23,-20,0,sil
11.617855548858644,-3,-10,-8,0,-1,12,24,0,0,4,-16,-15,-14,5,sil
11.633143901824951,-10,-20,-9,-11,-6,6,15,0,0,2,-10,-3,-10,0,sil
11.633143901824951,-11,-19,-9,-9,2,11,10,12,18,25,0,1,3,5,sil
11.648683547973633,4,-18,-10,-3,10,14,15,23,41,47,12,11,27,26,sil
11.648683547973633,6,-20,-16,-11,-3,0,4,14,31,27,5,9,21,21,sil
11.66387414932251,-6,-13,-25,-11,-19,-15,-11,-1,4,-2,-10,0,1,0,sil
11.66387414932251,0,-4,-18,-5,-15,-15,-9,2,6,-2,-3,9,6,3,sil
11.679895877838137,13,-5,-11,-10,-11,-14,-6,11,20,6,5,10,15,10,sil
11.679895877838137,3,-5,-10,-18,-14,-18,-17,-6,0,-10,0,1,5,-3,sil
11.696002960205078,-1,0,-2,-7,-1,-10,-14,-10,-15,-21,2,6,7,-9,sil
11.696002960205078,8,5,4,1,16,-1,-3,9,1,-7,16,13,19,0,sil
11.711608409881592,7,3,9,-9,11,-4,-8,9,-1,-1,13,8,7,-3,sil
11.711608409881592,0,3,9,-10,0,-8,-9,-8,-15,-6,7,5,-1,-14,sil
11.726651668548584,-4,5,10,-1,-1,-10,-11,-13,-12,-9,11,2,0,-15,sil
11.726651668548584,-5,3,15,-2,-5,-12,-25,-13,-18,-16,8,-3,-8,-12,sil
11.74202275276184,-1,8,15,3,-1,-5,-18,-16,-30,-13,0,-3,-15,-5,sil
11.74202275276184,-5,14,9,13,7,4,0,-16,-32,-9,-6,-6,-12,-5,sil
11.757954359054564,-19,5,0,10,7,7,1,-12,-24,-19,-14,-13,-19,-13,sil
11.757954359054564,-11,4,10,12,5,14,0,-1,-8,-15,-4,-3,-21,-2,sil
11.773602485656738,8,17,26,27,9,18,10,5,10,12,9,5,-8,10,sil
11.773951768875122,1,5,6,20,2,8,15,3,11,19,-2,-7,-7,1,sil
11.788822889328005,-15,-15,-14,-5,-7,5,11,2,4,2,-20,-16,-12,-4,sil
11.788822889328005,-4,-6,-8,-8,-5,15,16,9,22,10,-7,-5,3,10,sil
11.804120302200316,5,0,-7,0,-2,8,17,15,30,24,-2,-5,8,12,sil
11.804120302200316,-4,-16,-18,-10,-8,0,7,9,11,7,-22,-16,-6,-3,sil
11.819612741470335,0,-14,-19,-11,-3,8,6,6,9,2,-14,-11,2,0,sil
11.819612741470335,19,3,-4,0,10,3,12,10,20,14,11,7,25,17,sil
11.834782361984251,23,5,0,6,4,-11,7,4,10,3,14,13,19,11,sil
11.834782361984251,12,1,-3,3,-10,-13,-5,-3,-7,-16,4,7,7,-5,sil
11.849829196929932,0,-1,-2,-7,-5,-12,-17,-5,-17,-23,7,8,10,-6,sil
11.849829196929932,-1,-4,-6,-12,3,-16,-22,-7,-18,-19,13,13,15,0,sil
11.865593910217283,8,9,4,8,6,-7,-20,-9,-19,-13,20,24,10,1,sil
11.865593910217283,7,24,25,35,12,3,-9,-10,-19,-3,18,17,-4,-2,sil
11.88066792488098,-9,8,20,30,12,5,9,-6,-12,11,0,-4,-18,-6,sil
11.88066792488098,-12,-16,0,0,0,9,24,6,0,23,-11,-11,-13,2,sil
11.89582896232605,-5,-28,-12,-21,-13,5,21,11,11,16,-26,-15,-9,8,sil
11.89582896232605,-9,-25,-8,-26,-18,-2,9,1,16,0,-34,-19,-19,1,sil
11.91286039352417,-10,-8,-3,-12,-8,0,10,5,27,10,-14,-4,-8,4,sil
11.91286039352417,2,5,-4,-3,4,2,8,14,34,26,4,5,12,10,sil
11.926626205444336,8,3,-3,-15,2,-2,-7,7,17,8,0,2,5,2,sil
11.926626205444336,2,0,-8,-18,0,-2,-9,1,3,-11,0,1,1,-1,sil
11.94164514541626,0,8,-6,-10,3,1,-5,6,3,0,15,8,15,4,sil
11.94164514541626,6,16,0,-5,0,0,-13,1,-1,9,18,12,19,5,sil
11.957197189331056,8,12,-1,0,-1,-8,-21,-20,-20,-11,10,5,7,-7,sil
11.97391390800476,4,6,1,5,1,-18,-25,-29,-34,-36,12,1,0,-19,sil
11.97391390800476,5,11,15,16,2,-13,-25,-11,-27,-26,21,6,4,-11,sil
11.988615036010742,7,19,23,26,0,8,-15,0,-12,-1,15,11,10,1,sil
11.988615036010742,1,14,18,22,0,21,0,-4,-3,7,0,-4,0,0,sil
12.003652811050417,-6,-1,3,8,-1,12,9,-4,-4,-2,-8,-27,-17,-13,hello
12.003652811050417,-19,-8,-1,0,0,8,16,0,-7,-10,-12,-21,-23,-16,hello
12.019692182540894,-22,-2,-1,9,4,14,29,-1,0,0,-18,-12,-26,-11,hello
12.019692182540894,-17,-7,-6,7,-2,4,31,0,-2,8,-25,-16,-26,-6,hello
12.04139280319214,-18,-23,-17,-12,-16,-7,18,9,-10,1,-29,-15,-19,0,hello
12.04139280319214,-9,-22,-22,-20,-12,0,12,15,8,1,-15,-4,0,8,hello
12.04139280319214,7,-5,-5,-16,6,6,6,14,30,6,9,14,21,13,hello
12.051882266998293,20,2,4,-12,15,-6,-7,13,28,9,20,32,31,9,hello
12.067119359970093,19,3,1,-4,9,-21,-22,5,10,0,15,23,20,2,hello
12.067119359970093,3,4,7,9,5,-15,-20,-4,-1,-16,5,0,0,0,hello
12.083594799041748,-6,-1,6,12,6,3,-4,-9,-4,-11,-5,-3,-7,0,hello
12.083594799041748,-9,-18,-9,-6,2,4,-7,-6,-2,4,-12,-2,-9,2,hello
12.09824824333191,-14,-24,-20,-18,-6,-12,-20,0,2,10,-9,-9,-2,3,hello
12.09824824333191,-5,-10,-11,-11,-9,-18,-17,0,9,9,2,-1,9,0,hello
12.113799333572388,19,9,2,-6,-4,-13,-8,-5,0,0,19,13,14,0,hello
12.113799333572388,25,23,16,4,2,-4,0,-2,-12,-9,22,15,8,6,hello
12.128965377807615,12,24,32,25,10,14,14,6,-8,-2,16,18,3,17,hello
12.128965377807615,10,15,26,31,7,25,31,1,-6,13,9,10,1,14,hello
12.14469838142395,13,12,8,15,0,14,27,-9,-19,7,-5,-16,-7,0,hello
12.14469838142395,6,18,13,14,1,12,13,-4,-21,0,-15,-22,-17,-5,hello
12.160153865814207,0,11,17,26,-1,24,16,6,2,9,-8,-8,-7,0,hello
12.160153865814207,2,0,3,9,-11,20,21,10,21,12,-1,0,4,13,hello
12.176007509231567,1,-4,-13,-13,-6,1,5,1,14,4,-3,0,5,7,hello
12.176007509231567,-8,-13,-27,-17,0,-8,-14,-11,-4,0,-15,-7,0,-9,hello
12.19209122657776,-19,-28,-34,-26,-12,-13,-15,-8,-8,-6,-25,-15,0,-10,hello
12.19209122657776,-11,-21,-29,-33,-16,-16,-6,5,12,-7,-5,-1,7,-4,hello
12.20816969871521,0,4,-6,-17,0,-11,-12,10,24,-4,23,24,18,-4,hello
12.20816969871521,9,14,6,4,7,-8,-17,6,21,6,34,29,29,0,hello
12.22385025024414,14,9,4,4,4,-12,-11,4,15,14,34,22,28,11,hello
12.22385025024414,-2,6,2,-10,7,-4,-7,1,2,4,17,10,2,0,hello
12.239001512527466,-26,0,-13,-4,10,4,-1,-8,-1,-2,-4,-18,-22,-28,hello
12.239001512527466,-21,-4,-12,7,6,0,-3,-11,-2,-9,-8,-25,-30,-27,hello
12.254833459854126,-9,1,9,4,4,-3,-9,0,-17,-21,-7,-8,-27,-7,hello
12.254833459854126,-13,-1,10,5,2,0,-2,3,-27,-19,-19,-22,-28,-10,hello
12.270339250564575,-16,-17,0,7,-4,0,2,-5,-21,-12,-38,-40,-36,-19,hello
12.270339250564575,-11,-26,-7,0,-13,1,5,-4,-8,-7,-46,-31,-30,-11,hello
12.285982370376589,-6,-22,-14,-18,-10,5,8,0,-6,-4,-29,-11,-7,-3,hello
12.285982370376589,2,-14,-7,-29,-2,0,-1,-3,-13,-13,-6,7,5,0,hello
12.30147385597229,14,-3,4,-8,0,-8,-8,0,-10,-10,9,24,15,13,hello
12.30147385597229,28,8,12,13,6,-2,3,10,0,7,27,33,30,21,hello
12.316976308822632,23,11,17,4,5,0,6,5,4,5,32,25,25,8,hello
12.316976308822632,3,12,19,0,0,-2,-5,-4,0,-1,26,17,10,3,hello
12.3332200050354,8,22,21,18,0,0,3,-6,7,11,25,14,12,15,hello
12.3332200050354,21,31,21,24,4,8,15,-3,10,17,17,8,11,17,hello
12.348644733428957,2,24,24,19,0,8,-2,-5,-5,2,-1,6,0,5,hello
12.348644733428957,-1,14,19,18,0,13,-6,-9,-9,-4,-12,2,-7,0,hello
12.365084171295166,3,8,-8,15,8,26,14,0,5,5,-9,-12,-5,3,hello
12.365084171295166,-11,3,-31,24,12,17,24,13,21,29,0,-19,1,12,hello
12.38108253479004,-14,0,-14,27,6,-1,21,12,29,29,-2,-3,6,11,hello
12.38108253479004,7,-8,11,0,-3,-1,19,6,22,6,-12,1,-3,10,hello
12.396164655685425,8,-11,0,-3,-8,2,12,13,14,15,-3,-8,0,20,hello
12.396164655685425,0,-5,-10,1,-4,-5,-3,14,11,25,10,1,18,19,hello
12.411821842193604,6,-8,-3,-48,-8,-11,-13,3,4,0,0,26,16,0,hello
12.411821842193604,6,-23,-18,-90,-16,-8,-6,3,3,-11,-14,14,3,-9,hello
12.426910638809204,-7,-30,-31,-48,-8,-10,-7,3,3,-4,0,-8,6,-6,hello
12.426910638809204,-15,-20,-19,8,-2,-19,-22,-9,-6,-11,16,-11,8,-14,hello
12.443029403686523,-22,-11,-14,6,-9,-22,-34,-17,-21,-23,5,-14,-6,-31,hello
12.443029403686523,-27,-14,-21,-16,-9,-15,-37,-14,-27,-26,-6,-19,-18,-36,hello
12.458966493606567,-9,-11,-16,-15,-1,-9,-30,-13,-23,-27,-1,-7,-15,-29,hello
12.458966493606567,13,13,9,-1,2,-7,-15,-9,-19,-28,2,14,-9,-18,hello
12.474117279052734,14,31,27,19,9,-1,3,0,-9,-14,3,14,-4,-9,hello
12.474117279052734,7,28,23,36,17,6,11,0,0,3,8,-3,-6,-1,hello
12.489583969116213,9,18,20,29,12,9,7,-6,-10,0,4,-10,-10,2,hello
12.489583969116213,10,14,11,21,5,13,8,-7,-21,-14,-7,-2,-7,5,hello
12.504838228225708,3,16,10,24,7,20,9,-3,-15,-9,-15,-1,-12,7,hello
12.504838228225708,3,15,21,32,9,16,9,0,-1,9,-5,-6,-16,8,hello
12.520940780639648,9,6,22,19,6,12,18,4,4,18,8,3,-4,8,hello
12.520940780639648,4,-6,10,-7,7,21,31,6,9,21,7,10,4,13,hello
14.49498200416565,-14,-4,8,-4,-3,0,5,-9,-11,2,-14,-11,-11,-5,sil
14.49498200416565,-11,0,8,-4,-3,0,-8,-9,-28,-4,-11,-14,-22,-6,sil
14.510570287704468,0,11,16,10,5,10,2,-3,-22,2,-2,-7,-22,5,sil
14.510570287704468,3,1,13,14,2,6,17,5,-1,11,-8,-4,-14,10,sil
14.52573275566101,0,-9,8,6,0,2,18,15,2,12,-11,-1,-11,6,sil
14.52573275566101,4,0,11,17,7,16,28,17,15,22,0,3,-3,18,sil
14.541821718215942,6,0,6,16,6,18,29,12,27,30,2,1,-3,25,sil
14.541821718215942,0,-11,-2,0,-1,5,13,6,16,15,-15,-2,-10,9,sil
14.556963920593262,0,-7,-6,6,0,0,7,4,6,0,-23,-1,-6,0,sil
14.556963920593262,-1,0,-8,10,0,0,11,8,16,4,-8,3,8,6,sil
14.573067665100098,-4,-4,-19,-12,-3,2,9,11,24,23,2,-3,17,7,sil
14.573067665100098,-3,-10,-22,-27,-7,-5,-6,4,11,9,-9,-18,8,-6,sil
14.588656187057495,0,-7,-13,-13,-6,-17,-22,-1,-2,-23,-14,-8,0,-14,sil
14.588656187057495,5,0,-9,-1,0,-12,-18,0,2,-22,12,10,14,-2,sil
14.604109048843384,3,0,-3,-16,0,-6,-7,5,12,0,28,12,31,10,sil
14.604109048843384,4,-7,-4,-24,-11,-17,-7,0,8,0,7,5,18,5,sil
14.619609594345093,11,0,-8,-1,-7,-18,-15,-12,-1,-10,-4,7,4,-4,sil
14.619609594345093,11,10,0,13,6,-1,-16,-15,-8,-15,14,15,8,-6,sil
14.634816884994509,9,12,8,10,5,6,-2,-1,-3,-8,28,17,12,-6,sil
14.634816884994509,14,14,14,8,2,0,1,2,0,-2,22,21,12,-5,sil
14.649956464767456,11,18,18,14,12,-1,-8,-4,-6,-2,17,17,8,-1,sil
14.649956464767456,0,13,14,14,16,4,-9,-9,-17,-1,14,6,0,-3,sil
14.665146589279177,0,9,10,6,6,7,-7,-11,-24,-9,0,0,-10,-11,sil
14.665146589279177,-1,10,3,8,-1,1,-10,-9,-21,-10,-7,-7,-15,-9,sil
14.681212186813354,-11,12,6,15,4,3,-3,0,-14,2,1,-2,-11,1,sil
14.681212186813354,-10,14,12,14,12,8,8,2,-3,10,4,0,-5,6,sil
14.696961402893066,-5,2,2,1,2,2,6,-5,-2,-5,-14,-16,-13,1,sil
14.696961402893066,-16,-18,-9,-10,-13,-1,3,-12,-16,-16,-30,-31,-31,-4,sil
14.713027477264404,-29,-23,-12,-10,-16,1,8,-6,-18,-6,-32,-34,-35,-7,sil
14.713027477264404,-20,-15,-5,-8,-15,2,6,3,-4,-3,-30,-25,-25,-4,sil
14.729012250900269,-3,-9,-3,-3,-10,5,9,9,7,2,-17,-4,-9,0,sil
14.729012250900269,-5,-11,-7,-5,-1,9,19,9,14,21,-2,-2,0,5,sil
14.743936538696287,-9,-15,-4,-15,-2,4,15,12,16,22,-4,-11,1,11,sil
14.74435329437256,2,-14,-1,-11,-8,-2,6,12,14,15,0,-4,7,16,sil
14.759869813919067,13,-7,0,-5,-1,-4,4,12,14,16,6,9,15,21,sil
14.759869813919067,18,0,3,0,6,2,6,18,29,20,10,21,23,21,sil
14.775981903076172,24,6,6,11,12,6,7,13,35,15,20,27,34,12,sil
14.775981903076172,21,6,1,8,13,0,-1,-5,9,0,18,23,29,0,sil
14.791126489639282,8,3,-6,-2,5,-6,-13,-10,-4,-9,1,10,6,-6,sil
14.791126489639282,1,1,-6,-7,-1,-1,-13,0,0,-11,0,7,-1,-6,sil
14.806736946105955,2,0,-6,-10,-2,1,-7,1,-1,-12,5,7,3,-8,sil
14.806736946105955,4,0,-10,-12,-2,-6,-5,-4,0,-12,3,3,4,-8,sil
14.821820259094238,4,-2,0,-8,0,-15,-9,-5,0,-14,4,9,2,-6,sil
14.821820259094238,4,0,9,-1,2,-15,-6,-3,-4,-4,3,5,3,-12,sil
14.83703088760376,0,14,7,6,4,-5,-2,-2,-7,4,3,-4,-1,-14,sil
14.83703088760376,-9,21,8,13,5,6,-2,-7,-7,-4,8,-5,-12,-3,sil
14.853241920471191,-17,8,3,16,7,12,0,-18,-16,-12,0,-9,-19,-6,sil
14.853241920471191,-19,-2,0,12,6,9,1,-18,-25,-7,-16,-22,-22,-19,sil
14.868908643722534,-18,-6,-3,1,-3,5,0,-4,-21,0,-20,-31,-25,-11,sil
14.868908643722534,-13,-13,-13,-8,-10,6,5,6,-2,8,-14,-17,-18,9,sil
14.883976697921751,0,-7,-8,-4,-4,3,8,8,11,13,0,5,1,13,sil
14.883976697921751,5,3,-4,-1,-11,-15,-9,0,0,-7,3,4,7,-1,sil
14.899926900863647,-3,0,-7,-20,-22,-33,-35,-12,-20,-27,-1,-6,-3,-15,sil
14.899926900863647,1,3,2,-10,-9,-23,-25,-1,-7,-11,15,6,8,-6,sil
14.914655923843384,21,27,27,24,8,1,4,11,8,8,31,25,26,11,sil
14.914655923843384,13,25,28,27,10,15,19,7,3,14,8,7,8,18,sil
14.92988395690918,-3,-4,4,13,5,17,24,1,8,20,-11,-14,-10,16,sil
14.92988395690918,3,-17,-1,9,2,21,26,8,20,26,-6,-2,0,20,sil
14.945044040679932,4,-16,-6,-3,0,20,16,10,12,19,-5,6,7,20,sil
14.945044040679932,-7,-18,-18,-22,1,4,0,4,2,0,-15,-1,7,8,sil
14.960077047348022,6,-5,-2,-9,1,-5,-3,7,13,-10,-1,14,18,0,sil
14.975695610046388,26,15,12,16,5,2,3,11,17,0,21,29,25,0,sil
14.975695610046388,9,12,4,7,5,0,-4,-3,-10,-7,15,12,2,-5,sil
14.975695610046388,-9,1,-2,-3,0,-16,-21,-23,-31,-26,-9,-12,-21,-10,sil
14.99086618423462,-9,3,3,15,5,0,-7,-16,-18,-15,-19,-19,-18,-11,sil
15.00578474998474,-16,-5,0,14,9,23,18,3,-4,6,-19,-17,-15,-12,sil
15.00578474998474,-25,-25,-24,-17,0,9,21,8,3,11,-20,-17,-17,-8,sil
15.020934104919434,-7,-20,-24,-24,-6,-7,5,4,16,4,-7,-4,-3,2,sil
15.020934104919434,15,0,-2,-5,-5,-9,-6,6,18,0,10,11,15,4,sil
15.036160945892334,12,1,-1,-15,-15,-23,-19,0,1,-13,12,14,13,-1,sil
15.036160945892334,0,-1,-5,-36,-17,-32,-30,-14,-18,-30,5,8,0,-9,sil
15.051970720291138,0,7,0,-17,-6,-19,-26,-13,-20,-24,6,0,-6,-16,sil
15.051970720291138,1,15,13,8,0,-6,-15,0,-8,-2,10,0,-8,-12,sil
15.067050218582152,0,7,21,12,4,0,0,3,4,12,4,3,-7,0,sil
15.067050218582152,-2,0,15,16,9,11,21,3,14,25,0,-3,0,7,sil
15.083276271820068,-3,2,14,19,10,24,30,7,16,29,1,-4,4,11,sil
15.083276271820068,-3,0,8,10,0,22,23,4,14,20,0,-4,0,8,sil
15.098282098770142,-4,-3,-2,3,-2,17,17,3,20,22,0,-7,-1,9,sil
15.098282098770142,0,3,-2,7,6,22,29,18,38,42,10,0,11,24,sil
15.11392331123352,10,3,-2,5,6,12,25,15,36,36,18,9,26,25,sil
15.11392331123352,9,-11,-9,-7,-5,-15,-16,-6,-3,-6,5,8,19,2,sil
15.129771947860718,6,-4,-14,-3,-5,-22,-37,-15,-24,-26,-1,3,7,-12,sil
15.129771947860718,7,14,-5,0,3,-8,-24,-11,-18,-18,5,10,7,-8,sil
15.145660877227783,4,8,-1,-16,2,-10,-23,-15,-32,-26,5,9,1,-10,sil
15.145660877227783,-3,0,-8,-15,-2,-18,-31,-18,-53,-40,-15,-9,-22,-21,sil
15.160806894302368,-8,11,-1,16,0,-9,-20,-10,-48,-34,-27,-19,-37,-20,sil
15.160806894302368,-11,14,4,26,5,7,-2,-3,-28,-23,-15,-19,-24,-14,sil
15.176546812057495,-22,-6,-6,0,1,14,3,-5,-19,-23,-21,-30,-24,-18,sil
15.176546812057495,-27,-23,-13,-17,-3,8,5,-1,-7,-14,-40,-34,-31,-15,sil
15.19157099723816,-11,-21,-7,-9,-3,5,14,16,20,7,-20,-9,-6,4,sil
15.19157099723816,3,-11,0,-3,0,9,18,27,38,21,7,12,19,21,sil
15.20761251449585,9,-8,-1,-4,-4,2,13,21,37,27,9,10,22,23,sil
15.20761251449585,9,-12,-5,-10,-9,-14,5,6,25,19,5,10,22,19,sil
15.223120212554932,11,-9,-1,-14,-5,-18,-3,0,9,-1,16,25,21,9,sil
15.223120212554932,21,6,13,-1,0,-9,-3,0,0,-3,30,33,22,5,sil
15.239145040512083,30,24,31,10,2,-7,3,-1,0,4,35,37,21,7,sil
15.239145040512083,11,25,26,11,1,-2,4,-13,-5,-4,20,24,2,-2,sil
15.25470805168152,-12,17,9,17,3,14,4,-13,-10,-8,0,-7,-19,-15,sil
15.25470805168152,-6,14,10,25,9,26,19,1,0,16,-1,-15,-18,-5,sil
15.269704580307009,6,5,11,25,10,22,28,5,23,38,3,-4,-3,8,sil
15.269704580307009,-1,-4,0,17,6,14,16,4,29,35,2,-2,1,11,sil
15.28500199317932,-7,-2,-8,7,3,5,4,9,23,29,0,-5,8,10,sil
15.28500199317932,-1,-6,-15,-9,-4,-6,-9,3,15,7,-7,-5,8,2,sil
15.301012992858888,-1,-15,-22,-25,-14,-19,-30,-3,-5,-26,-12,-4,1,-10,sil
15.301012992858888,3,1,-12,-11,-9,-23,-30,-1,-20,-29,5,8,13,-7,sil
15.316405534744264,11,26,16,9,7,-10,-14,-6,-15,-12,26,22,16,0,sil
15.316405534744264,5,16,24,17,11,2,-1,-11,-10,-9,10,6,-6,-5,sil
15.33193588256836,-11,-8,2,7,-1,3,2,-4,-20,-11,-13,-15,-15,-10,sil
15.33193588256836,-21,-20,-9,-21,-13,6,2,0,-25,-5,-17,-19,-8,0,sil
15.34709858894348,-16,-22,-18,-37,-12,10,9,6,-3,6,-19,-18,-6,7,sil
15.34709858894348,-2,-14,-21,-17,0,0,5,14,18,11,-19,-11,0,9,sil
15.36310863494873,4,-11,-18,-9,1,-13,-13,6,17,0,-13,-4,0,3,sil
15.36310863494873,-1,-19,-20,-28,-12,-23,-28,-7,-2,-11,-11,-11,-8,-10,sil
15.378769159317017,-6,-12,-12,-25,-13,-23,-27,-12,-24,-22,-6,-5,-10,-20,sil
15.378769159317017,-6,6,0,3,2,-5,-12,-18,-30,-28,-11,-1,-18,-22,sil
15.394572257995604,-11,4,0,7,11,15,9,-15,-24,-21,-27,-16,-35,-21,sil
15.394572257995604,-13,-9,-7,-4,9,21,25,0,-9,1,-26,-25,-27,-10,sil
15.409716844558716,-3,-6,-9,-2,9,9,19,11,12,17,-5,-9,2,4,sil
15.42538857460022,7,7,0,0,8,-3,1,6,18,4,20,17,20,8,sil
15.42538857460022,14,19,15,4,6,-4,-5,-5,1,-5,41,25,16,3,sil
15.42538857460022,13,27,32,24,7,3,-1,-9,-10,0,32,14,1,4,sil
15.441073656082152,11,24,42,44,5,11,8,2,4,15,14,11,4,17,sil
15.441073656082152,16,9,29,39,0,14,20,17,31,41,23,24,26,27,sil
15.457034826278688,16,0,9,13,-1,4,10,16,30,36,25,29,31,23,sil
15.457034826278688,10,-1,0,-1,-6,-7,-3,8,10,-4,8,14,20,9,sil
15.473111867904665,3,-2,0,-10,-9,-4,-4,0,-4,-29,1,1,6,-3,sil
15.473111867904665,1,7,7,-7,-2,0,-3,-3,-11,-22,0,-1,-5,-14,sil
15.488778352737429,3,27,7,16,7,0,3,-1,-3,-5,-5,-4,-10,-14,sil
15.488778352737429,-4,21,7,25,8,12,20,4,8,11,-4,-6,-9,-1,sil
15.503942489624023,-18,-1,-6,7,0,21,24,4,18,23,-11,-9,-7,8,sil
15.503942489624023,-15,-10,-22,-1,0,15,18,7,24,27,-19,-16,0,12,sil
15.520047903060911,-5,-13,-16,0,8,15,20,15,31,34,-6,-13,10,17,sil
15.536147117614746,-13,-28,-19,-15,0,6,11,8,32,32,-2,-15,4,11,sil
15.536147117614746,-22,-40,-30,-42,-22,-22,-21,-8,2,1,-20,-19,-9,-7,sil
15.536147117614746,-3,-26,-18,-35,-18,-39,-34,-10,-27,-24,-14,-2,-4,-7,sil
15.551669359207152,18,-6,3,-11,-7,-29,-23,-8,-28,-27,9,19,10,6,sil
15.551669359207152,12,-11,-2,-15,-15,-23,-21,-17,-33,-38,0,14,-1,-4,sil
15.566793203353882,0,-16,-17,-24,-13,-20,-23,-16,-43,-44,-11,-1,-14,-27,sil
15.566793203353882,7,2,-1,-10,3,-4,-20,-7,-33,-29,7,8,0,-19,sil
15.58284854888916,20,20,13,13,6,1,-17,-3,-15,-14,17,17,9,-5,sil
15.58284854888916,13,22,7,22,4,-4,-12,-1,-2,-4,3,4,0,-6,sil
15.598689317703249,0,13,7,6,9,-3,-6,2,2,1,1,-5,-8,-12,sil
15.613691806793211,-4,1,11,-1,9,1,-6,0,-1,0,5,-7,-8,-13,sil
15.613691806793211,-2,5,21,11,13,1,-7,-2,-2,6,7,0,-2,0,sil
15.613691806793211,0,17,20,20,18,7,1,-4,7,19,6,4,-2,8,sil
15.629656553268433,-6,9,4,9,10,19,13,-3,5,9,-4,-5,-14,0,sil
15.629656553268433,-17,0,3,3,3,22,14,0,0,-4,-7,-10,-17,-5,sil
15.64478087425232,-17,5,2,5,0,18,12,2,3,2,0,-5,-5,0,sil
15.659930229187012,-7,2,-2,-1,-5,14,14,2,0,7,-2,-2,1,3,sil
15.659930229187012,0,-6,-1,0,-2,13,25,4,7,11,-7,-7,0,11,sil
15.67564868927002,5,4,6,20,6,16,34,5,22,21,-2,-8,1,16,sil
15.67564868927002,12,17,10,20,7,15,22,6,19,20,6,5,12,20,sil
15.691694498062134,9,0,-5,-2,-3,3,10,7,9,10,5,9,16,21,sil
15.691694498062134,-5,-21,-20,-20,-14,-6,10,4,0,-3,-9,-4,1,10,sil
15.707580804824827,-12,-13,-17,-12,-9,0,18,8,0,-4,-18,-10,-3,0,sil
15.707580804824827,-10,-3,-14,-1,-1,1,16,16,13,12,-10,-8,5,0,sil
15.722766160964966,-8,-12,-13,-9,-6,-9,0,12,19,9,-6,-1,8,-1,sil
15.722766160964966,0,-16,-7,-11,-9,-13,-11,0,8,-3,-2,4,7,-3,sil
15.738563537597656,9,-3,-1,-3,-2,-10,-17,0,1,0,10,9,10,0,sil
15.738563537597656,14,7,2,0,1,-11,-14,5,6,4,12,8,9,2,sil
15.753974199295044,13,6,2,6,0,-9,-11,4,8,0,1,7,6,3,sil
15.753974199295044,4,-3,0,0,-2,-7,-20,-2,-3,-9,0,9,1,0,sil
15.770066738128662,3,-7,-3,-16,-4,-15,-29,-12,-9,-14,9,7,0,-6,sil
15.770066738128662,6,0,0,-13,-1,-22,-23,-19,-12,-14,10,1,-9,-14,sil
15.785808801651,-3,3,1,-1,1,-18,-19,-19,-24,-27,-5,-3,-20,-21,sil
15.785808801651,-3,0,-3,-3,0,-8,-18,-15,-25,-35,-9,-4,-6,-22,sil
15.800913333892822,9,-1,1,-5,0,-1,-13,-4,-10,-12,8,5,11,-10,sil
15.800913333892822,6,1,6,-1,4,3,-1,4,0,10,18,7,5,0,sil
15.816046714782717,-2,3,4,0,2,4,1,0,-1,2,11,0,-7,-1,sil
15.816046714782717,0,4,8,8,-1,4,3,-1,-6,-3,8,3,-6,-2,sil
15.831629276275637,-2,8,11,16,3,11,10,2,-4,9,2,1,-7,0,sil
15.831629276275637,-7,13,11,5,13,15,14,0,-4,16,-2,-10,-10,7,sil
15.846778154373167,-5,12,8,13,12,11,14,-3,-8,3,2,-4,0,12,sil
15.846778154373167,-6,7,9,33,4,14,14,-1,-10,-6,5,1,0,7,sil
15.862784624099731,-5,0,11,23,0,23,16,-1,-5,4,-6,-11,-19,4,sil
15.862784624099731,-1,-8,0,3,0,16,21,0,6,15,-24,-27,-19,3,sil
15.878240823745728,-8,-13,-9,-2,0,0,13,0,6,2,-26,-11,5,0,sil
15.878240823745728,-3,-6,-1,-2,3,-1,0,-1,0,0,-3,9,13,0,sil
15.893401861190796,7,2,0,-4,0,6,-6,0,-1,8,6,10,-2,4,sil
15.893401861190796,-1,-3,-6,-13,-8,0,-7,0,-5,-5,-14,-5,-10,-5,sil
15.908927917480469,-2,-5,-6,-9,-7,-9,-2,3,4,-7,-14,-6,6,0,sil
15.908927917480469,15,10,5,1,5,-1,7,12,24,9,11,17,19,19,sil
15.925187349319458,10,10,1,-5,0,-5,1,14,19,3,5,17,3,9,sil
15.925187349319458,-8,-8,-16,-18,-18,-16,-11,6,1,-6,-11,-5,-6,-10,sil
15.940335273742676,0,-6,-10,-4,-11,-2,-1,11,15,8,1,1,18,2,sil
15.940335273742676,10,5,-2,3,0,8,17,17,40,26,18,17,33,18,sil
15.955933332443236,-2,-3,-11,-10,0,-5,6,4,23,17,9,1,11,0,sil
15.955933332443236,-12,-13,-14,-7,2,-8,-11,-3,-2,9,-4,-15,-1,-19,sil
15.972026109695436,0,-4,-2,8,10,3,-2,3,7,11,0,-4,7,-9,sil
15.972026109695436,4,-1,2,1,3,0,13,5,18,0,12,9,7,9,sil
15.987863302230837,-1,-9,-3,-6,-1,-12,9,-3,-1,-17,3,1,-4,3,sil
15.987863302230837,5,-4,1,0,0,-11,0,-10,-24,-18,-4,-1,-4,-4,sil
16.00407361984253,17,6,15,7,0,0,2,-8,-21,-12,5,6,6,10,sil
16.00407361984253,8,6,10,3,-4,8,-5,-12,-15,-10,2,1,-4,10,sil
16.019773483276367,-8,-3,-2,-10,-6,-1,-29,-19,-19,-17,-15,-5,-25,-14,sil
16.019773483276367,-6,-2,-4,-17,-1,-5,-22,-11,-13,-19,-7,0,-12,-20,sil
16.035579681396484,0,10,1,-11,4,4,-10,1,-6,-10,10,4,1,-5,sil
16.035579681396484,-7,7,-2,-7,1,-1,-22,-1,-13,-4,9,3,-9,-6,sil
16.060203075408936,-11,-4,-7,-5,-2,-12,-17,-8,-16,-6,0,-1,-13,-15,hello
16.060203075408936,-5,0,0,0,0,-6,0,-3,-11,-11,-4,-9,-9,-15,hello
16.060203075408936,-8,8,0,7,0,0,1,0,-13,-14,-17,-21,-18,-13,hello
16.066983699798584,-8,7,-1,16,-1,3,2,0,-13,-6,-16,-13,-18,-4,hello
16.08299446105957,6,2,11,21,7,9,9,-3,-3,11,7,3,0,8,hello
16.08299446105957,10,3,19,20,8,2,0,-6,-4,7,15,7,2,6,hello
16.0977725982666,5,7,21,18,3,-5,-14,0,-9,-1,7,4,1,0,hello
16.0977725982666,8,3,18,23,6,0,-1,12,12,20,12,3,17,7,hello
16.11322832107544,9,-3,17,19,8,9,11,15,23,30,13,5,18,13,hello
16.11322832107544,3,0,14,12,8,15,14,5,4,8,2,3,0,10,hello
16.12885332107544,-1,0,-1,7,4,16,19,-2,0,1,0,-8,-2,9,hello
16.12885332107544,-10,-7,-15,-3,-3,10,23,2,11,14,-11,-16,-4,10,hello
16.14467716217041,-6,0,-17,-2,-2,20,30,13,25,28,-20,-13,-4,8,hello
16.14467716217041,2,3,-15,-6,1,27,31,11,32,21,-1,-3,9,7,hello
16.160260438919067,-5,-18,-20,-32,-4,4,21,4,22,-1,1,3,11,5,hello
16.160260438919067,-14,-31,-33,-40,-14,-17,17,4,17,3,-24,-10,0,1,hello
16.175971031188965,-13,-21,-22,-34,-23,-20,10,6,16,12,-31,-12,0,0,hello
16.175971031188965,-7,-8,-3,-28,-26,-23,-12,1,3,-7,-8,7,9,-7,hello
16.1920325756073,6,1,-5,-10,-16,-27,-26,-6,-1,-22,13,21,21,-4,hello
16.1920325756073,24,14,6,2,0,-14,-18,-2,-1,-13,30,30,30,10,hello
16.207804203033447,27,27,27,6,9,1,-12,3,-3,-1,35,42,28,17,hello
16.207804203033447,19,27,21,13,13,1,-17,-1,-2,1,21,39,12,9,hello
16.22307801246643,15,13,4,14,13,-4,-9,0,2,-3,8,19,0,3,hello
16.22307801246643,13,12,4,11,14,-1,-4,2,-1,-10,5,9,-3,-2,hello
16.238774299621582,3,13,11,12,13,-1,-21,-10,-18,-10,-1,2,-14,-8,hello
16.238774299621582,-10,-5,0,1,0,-9,-27,-21,-26,-12,-16,-12,-28,-15,hello
16.253979206085205,-22,-22,-11,-16,-9,-11,-22,-18,-24,-29,-19,-23,-28,-29,hello
16.253979206085205,-22,-13,-12,-11,-6,-8,-26,-14,-22,-37,-8,-28,-21,-33,hello
16.269638299942017,-10,1,-1,4,1,0,-20,-8,-21,-12,0,-21,-13,-16,hello
16.269638299942017,-8,0,10,8,10,16,1,1,-11,10,-1,-11,-4,-5,hello
16.285606622695923,-15,-12,0,5,10,16,13,5,0,11,-3,-26,-4,-9,hello
16.285606622695923,-8,-10,-6,7,6,8,10,4,-1,11,2,-31,-7,-7,hello
16.301677465438843,1,1,8,14,6,10,10,2,-8,13,4,-13,-3,0,hello
16.301677465438843,0,8,14,13,1,7,16,1,-11,0,2,-15,0,4,hello
16.3169105052948,0,5,7,10,-6,4,27,3,-3,-2,4,-17,-2,7,hello
16.3169105052948,0,-1,-2,15,-5,15,34,1,10,15,-6,-20,-11,9,hello
16.331624746322632,-9,-8,-11,1,-2,16,31,3,13,21,-19,-29,-11,6,hello
16.331624746322632,-5,-10,-12,-23,-7,4,22,8,12,11,-13,5,-2,8,hello
16.34774613380432,0,-12,-12,-17,-16,-3,7,3,14,4,-12,53,-6,8,hello
16.34774613380432,-1,-9,-10,0,-16,-6,-2,0,12,4,-15,38,-9,4,hello
16.36289143562317,11,8,5,4,-2,0,2,11,20,15,6,16,15,13,hello
16.377776861190796,29,21,18,6,6,-2,1,15,26,7,21,25,32,24,hello
16.377776861190796,13,7,2,-1,-1,-16,-17,0,9,-17,0,14,16,11,hello
16.393282175064087,-1,-1,-11,-14,-8,-14,-23,-8,-5,-16,-8,1,8,0,hello
16.393282175064087,8,8,5,-5,4,0,-8,0,0,0,8,15,19,9,hello
16.408827304840088,14,6,9,5,12,-2,2,15,18,10,23,20,30,11,hello
16.408827304840088,8,-5,-4,-8,1,-11,-4,7,17,12,19,16,30,2,hello
16.42420506477356,5,-4,-5,-21,-7,-14,-17,-11,-1,1,8,14,21,0,hello
16.42420506477356,2,0,-2,-12,0,-11,-14,-12,-8,-3,6,3,8,-3,hello
16.43964958190918,-1,0,2,-8,10,-4,-8,-4,-9,-7,9,-6,-3,-9,hello
16.43964958190918,-4,0,1,-4,6,2,-9,-7,-18,-14,4,-13,-13,-12,hello
16.455609560012817,-1,-1,-2,1,0,5,-7,-10,-20,-14,-4,-10,-13,-9,hello
16.455609560012817,1,0,6,7,9,7,0,-6,-13,-10,-5,0,-11,-3,hello
17.946032762527466,-11,-15,-23,-23,-14,-13,-17,0,-8,-16,-14,-15,-4,-6,hello
17.961637258529663,-16,-13,-23,-25,-14,-16,-19,4,-19,-18,-15,-11,-2,-13,hello
17.961637258529663,-20,-10,-21,-28,-9,-11,-15,0,-14,-23,-10,-4,-3,-18,hello
17.976677656173706,-1,2,-6,-17,-2,-10,-13,-6,-16,-21,5,12,0,-10,hello
17.976677656173706,10,13,3,-3,3,-10,-12,-5,-20,-16,6,17,4,-2,hello
17.992700576782227,0,7,4,-1,5,-13,-14,-10,-21,-18,-2,2,-7,-8,hello
17.992700576782227,0,5,10,2,4,-14,-20,-18,-22,-16,-3,-3,-17,-18,hello
18.008524179458618,9,12,13,11,8,0,-15,-10,-17,-13,-2,-5,-17,-20,hello
18.008524179458618,1,11,17,18,15,9,0,2,-6,-9,0,-2,-13,-11,hello
18.024041891098022,0,7,19,27,13,10,12,3,8,4,5,0,-7,1,hello
18.024041891098022,6,1,14,25,3,22,17,2,18,20,0,-8,-2,10,hello
18.039575576782227,3,-5,6,15,3,41,29,11,22,30,0,-9,0,13,hello
18.039575576782227,-3,-6,0,16,2,33,40,14,24,37,10,-5,7,9,hello
18.06172227859497,-7,-3,-2,6,-6,9,28,8,18,28,9,-3,11,6,hello
18.06172227859497,-5,-5,-5,-8,-7,0,9,8,13,18,0,0,7,7,hello
18.06172227859497,0,-10,-14,-5,-4,-5,2,17,16,15,2,12,10,10,hello
18.07080984115601,5,-9,-13,-3,-7,-11,-5,19,16,3,11,23,21,20,hello
18.08594012260437,8,-10,-12,-12,-8,-18,-16,3,8,-5,10,23,27,24,hello
18.08594012260437,12,-8,-6,-16,-5,-29,-19,-8,-4,-5,6,21,23,13,hello
18.10199475288391,21,0,1,-8,-4,-27,-9,0,1,1,16,23,25,8,hello
18.10199475288391,22,3,3,-11,0,-19,-2,7,14,3,22,16,22,8,hello
18.11808443069458,6,3,9,-20,4,-19,-6,-2,1,0,9,8,7,-2,hello
18.11808443069458,-5,5,6,-6,1,-12,-8,-10,-16,-5,1,5,4,-11,hello
18.133756160736084,-11,0,-3,1,-3,-4,-17,-13,-26,-24,1,-8,-1,-14,hello
18.13417077064514,-16,0,-2,-4,-1,-9,-21,-17,-33,-35,-6,-25,-22,-23,hello
18.148733615875244,-9,13,11,5,6,0,1,-11,-19,-17,-11,-14,-27,-19,hello
18.148733615875244,0,19,19,20,14,23,19,0,-3,-5,-13,-4,-17,-5,hello
18.16466164588928,-2,10,12,24,13,27,10,-3,-4,-3,-15,-11,-15,-2,hello
18.16466164588928,-3,11,8,29,12,19,5,-8,-5,7,-15,-12,-17,-5,hello
18.17981004714965,-4,16,2,20,16,27,20,-3,5,13,-17,-12,-17,-5,hello
18.17981004714965,-10,3,-10,2,12,34,29,3,16,14,-14,-16,-7,1,hello
18.195422887802124,-6,-18,-13,-6,-7,16,9,3,11,7,-4,-6,-1,12,hello
18.195422887802124,-3,-30,-16,-22,-25,-10,-14,-1,0,-8,-12,-15,-17,7,hello
18.21051406860352,-10,-24,-22,-28,-18,-11,-6,0,-2,-13,-24,-29,-22,-3,hello
18.21051406860352,-6,-12,-15,-7,-6,4,13,12,7,1,-12,-7,-1,0,hello
18.22663235664368,0,-9,-11,-1,-10,0,5,15,7,4,1,6,5,0,hello
18.22663235664368,1,-5,-9,-10,-13,-16,-14,6,3,0,7,-1,6,-2,hello
18.24184799194336,11,4,-2,1,-2,-15,-12,4,18,19,21,8,23,5,hello
18.24184799194336,15,7,2,-1,0,-12,-12,4,13,31,25,25,20,7,hello
18.256988048553467,0,2,0,-15,-2,-13,-19,-3,-18,0,8,13,-1,-6,hello
18.256988048553467,-2,3,0,-10,-1,-10,-15,-11,-28,-27,3,7,-3,-8,hello
18.273091316223145,11,3,5,-15,-5,-14,-10,-11,-16,-16,18,30,13,5,hello
18.273091316223145,21,6,17,-2,-11,-15,-6,-2,-2,0,27,35,25,12,hello
18.288954257965088,18,20,34,28,0,-7,-7,2,0,-10,19,21,19,9,hello
18.288954257965088,9,18,30,17,16,-1,-7,-1,-10,-21,9,12,4,4,hello
18.30369687080384,4,6,13,0,15,6,4,-2,-7,-4,6,3,4,-2,hello
18.30369687080384,2,11,17,16,14,19,16,0,0,5,0,-6,0,-8,hello
18.319591999053955,-13,12,13,26,17,20,10,-6,0,1,-17,-20,-20,-13,hello
18.319591999053955,-24,-3,-4,17,14,16,13,0,10,16,-28,-28,-21,-10,hello
18.33494138717652,-11,-16,-1,11,7,28,28,16,27,29,-20,-12,-4,6,hello
18.33494138717652,-4,-23,-5,3,2,27,26,13,22,16,-20,-12,-4,15,hello
18.351009607315063,-12,-24,-27,-2,-3,7,8,11,14,9,-20,-22,-6,12,hello
18.351009607315063,-9,-18,-35,-6,-5,0,2,15,21,9,-6,-13,3,3,hello
18.365655660629272,-4,-18,-36,-19,-7,-6,-2,0,3,-13,-4,-5,0,-7,hello
18.365655660629272,-7,-13,-31,-28,-14,-24,-13,-12,-23,-24,-8,-5,-6,-13,hello
18.381723880767822,2,4,-18,-16,-13,-27,-7,0,-11,-4,7,4,3,-4,hello
18.381723880767822,21,18,3,-12,-4,-18,-4,2,1,-6,21,21,8,1,hello
18.397390842437744,27,24,21,-7,0,-18,-14,-6,-5,-11,27,27,12,0,sil
18.397390842437744,14,25,21,8,1,-11,-14,-9,-9,5,38,26,18,0,sil
18.413026809692383,0,19,19,17,5,0,-5,-13,-15,-3,30,16,3,5,sil
18.413026809692383,1,16,22,17,4,1,1,-12,-18,-18,5,0,-8,2,sil
18.42867088317871,2,10,20,7,0,1,6,-1,-2,3,-4,-7,-1,0,sil
18.42867088317871,-14,-10,0,-8,-2,7,5,1,10,17,-9,-17,-5,0,sil
18.44394397735596,-26,-19,-14,-10,-3,16,0,-2,-2,0,-30,-33,-20,-8,sil
18.44394397735596,-14,-6,-1,6,0,23,7,-4,-10,-3,-35,-26,-27,-11,sil
18.459874153137207,-4,0,12,19,0,18,15,-1,1,10,-18,-8,-23,0,sil
18.459874153137207,-5,-8,2,6,-1,2,3,4,4,13,-11,-2,-9,4,sil
18.47504830360413,0,-16,-10,-10,-5,-8,-7,5,0,7,-19,-1,3,3,sil
18.47504830360413,5,-17,-13,-12,-6,-9,-7,4,6,4,-13,0,10,9,sil
18.49062180519104,0,-18,-11,-17,-2,-5,-12,13,13,2,-3,2,14,13,sil
18.49062180519104,0,-16,-12,-16,-6,-4,-14,12,11,6,1,6,22,7,sil
18.505878448486328,4,-6,-6,-2,-5,-5,-6,-1,5,0,14,13,30,0,sil
18.521949529647827,5,4,-2,-4,5,0,-5,-2,5,-5,24,12,29,0,sil
18.521949529647827,5,1,-6,-9,2,5,-7,5,9,0,18,10,18,0,sil
18.521949529647827,7,0,4,2,2,3,0,0,4,-1,19,18,3,-7,sil
18.53764200210572,5,15,6,13,17,-2,5,-9,-3,-13,14,8,-5,-19,sil
18.55392980575561,0,21,-7,0,9,-13,0,-6,-11,-19,-2,-4,-11,-19,sil
18.55392980575561,-1,11,-6,-10,-11,-17,-5,4,-7,-17,0,3,-10,-7,sil
18.569096565246586,7,14,10,2,0,-8,8,8,6,-9,11,13,-3,2,sil
18.569096565246586,20,25,28,23,18,-1,22,0,0,-3,4,10,-5,9,sil
18.5877058506012,13,15,20,21,6,-1,16,-5,-10,2,0,2,-11,9,sil
18.5877058506012,-2,2,4,0,0,4,2,0,-6,8,5,-4,-16,1,sil
18.5877058506012,-1,10,11,6,11,16,4,0,-2,3,2,-8,-23,-1,sil
18.6007399559021,0,16,14,28,11,18,5,-12,-7,-5,-7,-11,-27,-4,sil
18.616607904434204,-13,-1,0,11,-6,4,-10,-20,-18,-8,-15,-15,-23,-9,sil
18.616607904434204,-15,-15,-4,-6,-12,1,-10,-13,-23,-6,-19,-15,-11,-3,sil
18.616607904434204,-4,-11,-7,0,-6,18,3,0,-15,-2,-13,-12,0,7,sil
18.63314199447632,-16,-23,-17,-5,-11,18,0,6,-2,9,-8,-14,6,5,sil
18.648688793182373,-25,-33,-18,-10,-15,1,-7,7,11,26,-6,-16,16,3,sil
18.648688793182373,0,-8,2,2,-3,0,6,11,24,28,5,1,22,17,sil
18.648688793182373,16,9,11,9,6,4,17,16,26,24,11,12,19,26,sil
18.664278745651245,5,0,0,-1,4,0,4,14,25,24,3,7,20,19,sil
18.664278745651245,0,-9,-8,-23,-3,-10,-6,13,27,19,1,13,26,13,sil
18.679889917373657,2,-12,-15,-33,-15,-21,-4,7,19,4,2,14,20,1,sil
18.679889917373657,0,-7,-12,-21,-12,-27,-9,-3,-2,-16,1,5,7,-14,sil
18.69503426551819,3,6,-4,-3,0,-21,-18,-10,-10,-22,7,3,3,-17,sil
18.71155905723572,11,8,-5,0,5,-19,-18,-10,-7,-21,13,9,3,-11,sil
18.71155905723572,8,2,0,-4,5,-10,-11,-12,-14,-26,6,10,-1,-9,sil
18.72568941116333,-1,3,4,3,7,8,0,-8,-16,-15,-4,-4,-10,-12,sil
18.72568941116333,-17,-4,0,9,7,14,12,-2,-15,-2,-20,-25,-21,-19,sil
18.74128580093384,-24,-17,-12,5,0,12,21,0,-9,-1,-32,-31,-23,-21,sil
18.74128580093384,-8,-12,-12,-3,-10,11,14,7,3,1,-25,-16,-12,-12,sil
18.7564070224762,4,-4,-6,-17,-14,-2,-13,6,-1,-8,-4,1,-6,-11,sil
18.7564070224762,3,0,-3,-12,-4,-14,-30,-10,-17,-30,12,5,-9,-20,sil
18.771961450576782,1,19,16,12,8,2,-13,-16,-17,-25,11,-2,-10,-11,sil
18.771961450576782,5,31,28,28,21,26,8,-3,-10,1,-1,-11,-10,2,sil
18.787292957305908,1,16,8,19,23,28,20,4,1,25,-2,-7,-10,9,sil
18.787292957305908,0,3,3,4,6,11,24,13,24,34,13,14,4,19,sil
18.80296897888184,16,9,14,6,-8,-4,13,17,26,22,21,29,24,28,sil
18.80296897888184,34,16,19,12,-2,-14,-4,5,4,3,25,35,25,31,sil
18.81799840927124,31,20,27,10,10,-10,-4,-5,0,4,31,37,16,28,sil
18.81799840927124,12,21,27,15,16,5,14,-1,7,16,25,26,11,21,sil
18.83398985862732,0,9,20,18,13,17,26,4,3,18,6,8,7,23,sil
18.83398985862732,-1,-5,5,4,4,12,19,8,16,21,-6,-1,5,29,sil
18.84911012649536,0,-14,-11,-10,0,2,-1,9,33,23,-14,-3,5,23,sil
18.84911012649536,-8,-22,-23,-15,-11,-3,-17,4,21,8,-19,-6,3,2,sil
18.864668369293213,-20,-28,-36,-24,-26,-22,-22,-7,-3,-20,-17,-17,-2,-20,sil
18.864668369293213,-27,-25,-40,-35,-25,-34,-33,-20,-30,-49,-18,-30,-22,-41,sil
18.87980699539185,-30,-18,-32,-19,-20,-22,-39,-25,-46,-58,-28,-41,-42,-55,sil
18.87980699539185,-34,-12,-17,-1,-16,-4,-17,-20,-41,-40,-28,-42,-41,-50,sil
18.89495730400085,-29,-9,-6,0,-3,4,7,-4,-21,-6,-17,-31,-21,-25,sil
18.89495730400085,-14,-10,-7,2,4,15,17,6,-9,9,-14,-19,-6,-4,sil
18.91049838066101,0,-8,0,8,2,20,21,14,0,2,-8,-6,0,5,sil
18.91049838066101,15,0,10,10,8,4,19,21,22,14,16,13,23,20,sil
18.926146268844604,23,1,9,0,7,-13,-6,16,31,27,36,33,46,25,sil
18.926146268844604,23,0,4,-10,-2,-11,-20,6,13,12,31,40,36,14,sil
18.94197130203247,26,8,2,-7,0,-2,-2,6,5,3,26,33,27,7,sil
18.94197130203247,19,14,7,-6,6,-7,-2,1,2,3,26,21,20,1,sil
18.95711159706116,3,20,16,0,4,-2,-13,-16,-9,-9,18,10,-1,-7,sil
18.95711159706116,1,32,23,19,3,13,-1,-25,-16,-16,0,1,-20,-9,sil
18.97275972366333,0,28,16,21,2,16,10,-14,-15,-8,-18,-6,-26,-5,sil
18.97275972366333,-11,6,5,13,1,13,16,1,-4,7,-26,-16,-23,-2,sil
18.98824572563172,-17,0,5,15,8,21,23,6,8,24,-21,-14,-13,7,sil
18.98824572563172,-9,-3,-3,8,6,22,28,7,15,27,-15,-18,-8,11,sil
19.003722190856934,0,-20,-19,-13,-5,1,23,16,23,19,-10,-18,-4,6,sil
19.003722190856934,9,-24,-13,-19,-6,-17,10,19,31,14,-3,0,11,8,sil
19.019288301467896,12,-10,-9,-12,-3,-19,-5,6,23,8,0,12,22,6,sil
19.019288301467896,9,-5,-8,-15,0,-14,-16,-4,1,-7,6,10,12,-3,sil
19.03505563735962,7,0,-3,-13,8,-12,-21,-9,-6,-23,8,11,1,-11,sil
19.03505563735962,8,13,1,0,14,-11,-20,-14,-10,-28,5,12,-3,-9,sil
19.0506751537323,14,22,20,15,11,-9,-16,-7,-19,-18,16,19,1,0,sil
19.0506751537323,14,21,31,29,10,0,-12,4,-13,0,26,17,9,5,sil
19.06688618659973,-8,13,11,21,5,10,-12,0,-12,0,2,-7,-6,-6,sil
19.06688618659973,-37,-3,-13,-2,-8,14,0,-17,-31,-11,-23,-30,-27,-18,sil
19.0818784236908,-36,-16,-16,-6,-11,17,11,-11,-33,-9,-23,-30,-20,-5,sil
19.0818784236908,-21,-16,-8,0,-3,18,10,1,-13,-9,-23,-27,-14,4,sil
19.09714198112488,-16,-15,-9,-4,-5,4,11,2,1,-4,-25,-23,-16,3,sil
19.09714198112488,-4,-8,0,-5,-12,-1,20,8,22,21,1,4,9,15,sil
19.112725973129272,12,0,8,0,-9,4,20,22,44,41,28,27,38,32,sil
19.112725973129272,12,-6,-5,-5,-5,-2,6,14,29,21,14,14,28,24,sil
19.12802028656006,0,-18,-13,-20,-8,-17,-8,-2,2,-10,1,10,10,1,sil
19.143640279769897,-2,-19,-9,-26,-14,-17,-20,0,7,-13,16,14,14,-12,sil
19.143640279769897,0,-7,-8,-24,-12,-13,-34,0,6,-14,16,5,11,-17,sil
19.15918874740601,10,11,2,-4,0,-10,-33,-12,-16,-28,1,3,-6,-21,sil
19.15918874740601,19,21,13,23,9,-7,-12,-13,-22,-15,4,6,-14,-19,sil
19.15918874740601,10,14,13,23,7,-8,-4,-6,-16,3,7,-2,-19,-9,sil
19.17479920387268,7,11,12,19,8,0,-2,-12,-19,0,0,-8,-20,-2,sil
19.189865350723267,18,18,18,29,17,20,18,-4,-9,5,2,3,-5,6,sil
19.189865350723267,18,12,19,20,18,28,40,16,14,28,0,5,1,18,sil
19.20539355278015,0,-2,1,0,12,25,41,18,25,31,-18,-7,-6,15,sil
19.20539355278015,-7,-7,-15,-6,3,22,31,12,19,19,-21,-10,0,7,sil
19.221206426620483,-7,-2,-23,-6,-9,4,17,11,14,12,-20,-9,8,7,sil
19.221206426620483,-13,-5,-22,-13,-13,-16,-2,0,0,0,-30,-16,-2,0,sil
19.236963748931885,-12,-10,-15,-17,-6,-15,-14,-4,-8,-9,-12,-5,0,-5,sil
19.236963748931885,0,-10,-12,-17,-9,-13,-18,-2,-1,-13,20,11,20,0,sil
19.253114700317383,-1,-5,-11,-15,-12,-25,-32,-13,-13,-30,11,8,11,-11,sil
19.253114700317383,-5,2,-3,-14,-5,-28,-37,-16,-21,-28,0,1,0,-22,sil
19.269171476364136,2,15,20,-5,1,-14,-19,-3,-1,-8,22,10,9,-9,sil
19.269171476364136,5,23,35,20,11,3,2,-4,0,-6,26,10,3,0,sil
19.28434729576111,-8,10,13,30,14,14,12,-8,-8,0,0,-8,-13,-3,sil
19.28434729576111,-21,-11,-1,5,5,17,10,0,2,8,-14,-16,-20,-2,sil
19.300040245056152,-15,-15,0,4,0,19,13,1,8,9,-19,-15,-21,-2,sil
19.300040245056152,-3,-6,-2,22,2,17,16,1,5,11,-19,-15,-19,-1,sil
19.315998792648315,-3,-8,-2,0,2,7,10,10,13,13,-4,-9,-7,9,sil
19.315998792648315,-1,-14,-6,-24,0,0,3,9,18,11,8,0,7,14,sil
19.33070015907288,8,-11,-11,-13,-3,-7,-6,0,3,2,4,9,11,3,sil
19.33070015907288,12,-10,-6,0,-7,-11,-14,0,-5,-5,0,16,10,0,sil
19.34584188461304,12,-7,-2,-6,-2,-5,-11,8,-2,-1,19,24,16,6,sil
19.34584188461304,16,8,6,-7,6,0,-6,0,-7,-3,36,30,20,9,sil
19.361593008041385,18,27,22,14,6,2,1,-8,-9,-9,27,18,10,6,sil
19.361593008041385,15,26,34,31,10,10,10,-3,-3,5,15,8,0,9,sil
19.377254724502563,2,12,20,26,16,13,8,0,0,17,4,5,0,12,sil
19.377254724502563,-13,3,-8,9,4,7,5,-2,-1,2,-21,-16,-4,4,sil
19.39289355278015,-12,-5,-15,-15,-11,2,12,3,-2,-4,-35,-32,-13,-4,sil
19.39289355278015,-2,-19,-15,-27,-20,-5,8,9,3,4,-25,-21,-12,-6,sil
19.408629655838013,-11,-7,-26,-15,-24,-12,-4,6,5,3,-23,-10,-3,-3,sil
19.408629655838013,-16,23,-25,-8,-16,-8,-6,4,2,-5,-22,-4,5,0,sil
19.42374920845032,1,9,-7,-25,-5,-4,-5,4,4,-10,0,4,12,0,sil
19.42374920845032,11,-25,3,-38,0,0,-10,0,2,-10,11,11,7,-6,sil
19.439229488372803,2,-10,-3,-13,3,-2,-6,-1,-4,-6,6,2,0,-10,sil
19.439229488372803,-5,16,-9,7,3,-13,-7,-5,-5,-15,9,-1,0,-9,sil
19.455188274383545,-2,2,5,2,-2,-20,-17,-11,1,-24,17,0,1,-7,sil
19.455188274383545,11,0,24,14,-2,-15,-12,-12,-2,-15,11,6,0,-5,sil
19.47075319290161,14,10,26,33,-2,-7,-5,-13,-22,-10,6,11,-9,-2,sil
19.47075319290161,-1,-2,9,24,3,4,-3,-12,-20,-1,2,0,-20,-9,sil
19.485887050628666,-6,-8,7,23,29,20,4,-2,0,18,-4,-8,-16,-7,sil
19.485887050628666,5,5,15,40,35,29,21,0,8,29,-4,0,-5,9,sil
19.501981019973755,2,0,0,29,12,27,31,-3,3,22,-2,0,-5,13,sil
19.501981019973755,-7,-10,-10,-5,0,17,22,5,8,21,-5,-7,-5,2,sil
19.517570972442627,-6,0,-4,-9,2,11,11,17,30,38,0,-4,11,9,sil
19.517570972442627,-6,-3,-8,-2,-3,2,4,10,32,39,3,-3,17,14,sil
19.53327703475952,-14,-21,-21,-22,-16,-13,-7,0,3,2,-9,-15,-1,-1,sil
19.53327703475952,-15,-19,-29,-41,-19,-15,-8,0,-11,-24,-23,-27,-10,-11,sil
19.548381567001343,-12,-11,-23,-38,-21,-6,1,7,-6,-23,-18,-18,-2,-5,sil
19.548381567001343,-3,-5,-6,-20,-22,-12,0,10,-1,-18,0,8,7,-1,sil
19.563681602478027,10,10,7,-3,-6,-15,-4,12,2,-16,20,30,21,5,sil
19.56413555145264,20,17,9,-5,11,-10,-6,5,0,-18,26,30,21,7,sil
19.5797016620636,17,10,4,-8,11,-16,-19,-8,-12,-24,8,16,0,-5,sil
19.5797016620636,13,22,15,12,11,-10,-28,-11,-13,-22,2,19,0,-4,sil
19.59563064575196,14,32,24,29,19,5,-15,-3,-2,-5,16,16,11,8,sil
19.59563064575196,5,13,17,16,5,4,-11,-7,-8,-2,13,-3,-1,3,sil
19.61067605018616,-3,4,17,15,-2,10,-9,-11,-19,-6,-3,-5,-17,-6,sil
19.61067605018616,3,13,18,30,15,32,15,0,0,17,0,3,-2,2,sil
19.625889778137207,2,6,11,26,19,31,30,3,13,31,10,-1,0,10,sil
19.625889778137207,-16,-12,-2,9,-7,7,21,-3,-3,10,-13,-18,-21,4,sil
19.64200019836425,-17,-23,-13,-6,-21,-2,14,-5,-11,-2,-34,-21,-23,2,sil
19.64200019836425,0,-26,-13,-18,-10,0,17,2,4,9,-11,-7,-1,10,sil
19.65717124938965,1,-22,-13,-14,-10,-3,15,12,19,23,2,0,10,15,sil
19.65717124938965,-7,-18,-14,-19,-13,-15,0,17,22,27,-7,-2,11,7,sil
19.67309665679932,-8,-19,-21,-27,-5,-15,-8,13,24,19,-2,-1,15,-5,sil
19.67309665679932,-8,-12,-23,-20,-5,-14,-13,-1,14,-8,3,2,14,-17,sil
19.688655614852905,-4,4,-6,-10,-11,-19,-21,-13,-8,-23,0,9,3,-25,sil
19.688655614852905,5,15,4,-3,-6,-10,-16,-10,-17,-5,11,11,0,-23,sil
19.70458507537841,5,14,0,-3,0,0,-16,-7,-14,-9,15,2,1,-18,sil
19.70458507537841,4,11,-1,-6,3,0,-18,-9,-9,-25,-3,-5,-1,-12,sil
19.72060203552246,9,13,2,-1,9,2,0,-2,-3,-12,-12,-3,-10,-6,sil
19.72060203552246,4,15,13,7,8,7,13,2,-9,-5,-7,1,-16,0,sil
19.735639572143555,4,13,17,18,9,9,14,0,-8,-9,-1,-6,-5,8,sil
19.735639572143555,6,6,11,23,18,12,14,0,-1,-3,-1,-16,0,15,sil
19.75172543525696,-10,-2,3,16,16,13,7,-2,-8,-1,-15,-20,-18,0,sil
19.75172543525696,-17,-4,2,9,3,12,2,-8,-15,-4,-19,-16,-21,-3,sil
19.76680970191956,0,-7,4,1,0,10,11,0,-4,-2,-4,0,0,15,sil
19.76680970191956,-1,-13,-2,-3,-2,3,13,12,13,6,0,3,10,19,sil
19.782907962799072,-7,-6,-8,1,-7,-2,5,14,22,24,6,1,10,12,sil
19.782907962799072,9,4,2,10,-2,-1,11,12,24,30,22,13,16,26,sil
19.7990140914917,18,4,5,9,2,-3,11,4,22,12,23,21,20,27,sil
19.7990140914917,3,0,-2,0,0,-12,-17,0,11,2,17,21,15,4,sil
19.81466817855835,0,0,-13,-5,-8,-18,-32,2,0,9,21,23,14,-9,sil
19.81466817855835,16,2,-4,-4,-4,-17,-20,0,-2,0,30,23,13,-7,sil
19.829704999923703,22,11,16,6,5,-10,-17,-5,-10,-16,26,22,5,-7,sil
19.829704999923703,2,8,18,16,2,2,-16,-8,-20,-17,1,4,-14,-15,sil
19.84494185447693,-12,1,15,17,1,21,0,-12,-19,-10,-12,-11,-25,-16,sil
19.86012458801269,-5,1,13,15,5,25,14,-6,-1,3,-3,-8,-10,-1,sil
19.86012458801269,-5,-14,-9,-11,-10,-2,4,6,9,9,-8,-9,0,3,sil
19.87585997581482,-15,-31,-27,-45,-27,-27,-5,5,4,0,-24,-14,-3,-9,sil
19.87585997581482,-6,-7,-14,-33,-12,-17,-2,-1,-4,-5,-13,-3,0,-15,sil
19.89107298851013,0,22,5,0,3,1,0,-4,-12,-10,-6,-1,-2,-13,sil
19.89107298851013,-10,13,2,8,9,12,7,-11,-13,-17,-25,-24,-20,-15,sil
19.90666913986206,-14,-3,-10,0,11,21,14,-13,-14,-10,-46,-34,-28,-8,sil
19.90666913986206,-8,-13,-19,-16,4,17,13,1,-4,2,-50,-26,-13,8,sil
19.921767950057983,-4,-24,-27,-32,-7,0,12,15,24,13,-29,-23,8,15,hello
19.921767950057983,-7,-27,-26,-40,-7,-5,3,8,26,3,0,-13,15,1,hello
19.936930894851685,-9,-11,-22,-32,0,-4,-5,0,0,-13,0,-5,4,-13,hello
19.936930894851685,5,8,-12,-13,9,-9,-1,5,4,-2,7,0,7,-2,hello
19.953165292739868,22,19,11,0,16,-4,1,16,21,21,42,21,30,18,hello
19.953165292739868,15,17,21,8,4,0,-8,10,8,23,51,38,34,12,hello
19.968729972839355,2,15,25,24,-2,-1,-9,-4,-12,7,31,41,8,0,hello
19.968729972839355,6,22,36,43,13,6,9,-3,-7,0,24,28,-10,10,hello
19.98464345932007,9,23,38,55,19,15,19,3,-2,-6,14,1,-12,16,hello
19.98464345932007,0,10,29,54,-2,4,2,-5,-12,-11,0,-6,-12,4,hello
20.00020933151245,-3,-3,16,42,-9,0,-4,-15,-6,5,1,3,-15,-3,hello
20.00020933151245,0,-9,6,22,-1,2,0,-7,3,17,4,0,-14,0,hello
20.01533389091492,-1,-8,-3,9,-23,-9,-3,-6,-9,-4,-10,-7,-5,3,hello
20.01533389091492,-1,-10,-16,-2,-40,-22,-14,-13,-15,-18,-14,-4,3,0,hello
20.031121730804443,2,-12,-13,-18,-7,-13,-18,0,-1,0,-5,2,4,-5,hello
20.031121730804443,6,-6,-9,-14,16,-3,-8,13,8,11,-1,4,7,0,hello
20.046666622161865,13,0,-11,-7,13,-1,3,16,18,2,5,11,22,13,hello
20.046666622161865,26,2,-3,-14,16,1,4,18,32,4,21,19,34,20,hello
20.06817626953125,21,1,0,-21,10,3,-3,14,21,7,23,22,25,10,hello
20.06817626953125,-4,4,-9,-25,-4,-1,-8,0,-15,-9,2,5,-2,-9,hello
20.06817626953125,-14,7,-13,-18,-9,-5,-10,-14,-36,-27,-21,-24,-25,-26,hello
20.07880997657776,-8,2,-5,-9,-19,-3,-8,-22,-29,-31,-25,-26,-27,-20,hello
20.09383535385132,-15,-1,-2,-16,-16,1,0,-14,-11,-16,-15,-12,-18,-11,hello
20.09383535385132,-31,-1,-14,-19,9,8,10,-4,-4,2,-19,-28,-18,-21,hello
20.10893964767456,-32,-4,-12,0,15,15,12,-10,-11,-6,-33,-41,-28,-26,hello
20.10893964767456,-15,-11,0,10,1,20,18,-3,-3,-15,-31,-23,-22,-6,hello
20.12459921836853,-2,-7,7,0,6,12,17,12,14,8,-10,-5,-1,8,hello
20.12459921836853,-1,-3,7,-8,14,4,8,8,18,27,0,-2,7,10,hello
20.14067959785461,-1,-11,-1,3,6,8,11,1,19,25,0,-4,4,7,hello
20.14067959785461,-2,-17,-6,6,2,4,12,11,27,20,0,-2,5,5,hello
20.157394409179688,-1,-11,-3,-6,0,-8,1,15,24,17,8,11,14,9,hello
20.157394409179688,7,0,1,-14,-4,-9,-1,9,6,9,17,30,23,12,hello
20.17284917831421,18,8,2,-10,-6,-9,0,8,1,5,23,33,23,10,hello
20.17284917831421,27,20,6,4,-9,-16,-8,8,9,-1,25,28,18,11,hello
20.18805503845215,29,34,26,20,0,-12,-23,0,1,-14,33,35,14,12,hello
20.18805503845215,24,34,31,30,9,-5,-21,-9,-7,-4,42,29,14,7,hello
20.20362973213196,15,17,17,32,-4,-3,-16,-18,-13,1,25,1,4,0,hello
20.20362973213196,-2,0,11,26,-13,0,-23,-25,-37,-22,-7,-9,-19,-13,hello
20.21871542930603,-16,-6,3,18,6,1,-14,-24,-46,-30,-12,-9,-27,-18,hello
20.21871542930603,-4,-6,1,17,19,2,7,-15,-24,-8,0,-6,-12,0,hello
20.23422122001648,7,-4,2,12,8,10,18,0,-2,8,-6,-8,-2,9,hello
20.23422122001648,-9,-15,-15,-13,0,14,18,19,14,17,-25,-20,-12,-4,hello
20.248863697052,-26,-30,-30,-37,-7,8,18,26,32,24,-25,-28,-12,-11,hello
20.248863697052,-17,-27,-31,-24,-14,-1,11,16,30,19,-17,-18,0,-2,hello
20.26400995254517,-6,-15,-23,-15,-16,-10,-2,2,9,0,-22,-6,2,-1,hello
20.26400995254517,-8,-9,-14,-23,-10,-6,2,0,0,-7,-24,-7,2,-4,hello
20.27972292900085,-4,0,-4,-13,0,1,12,7,5,-3,-3,4,19,3,hello
20.27972292900085,4,11,5,1,1,0,0,3,3,-8,14,22,23,7,hello
20.29488706588745,6,20,11,2,-6,-6,-8,-6,-5,-18,8,7,0,-1,hello
20.29488706588745,6,26,11,4,4,-10,-5,-11,-17,-21,2,-2,-10,-6,hello
20.310917377471924,11,22,10,12,10,-13,-12,-12,-21,-15,17,16,1,0,hello
20.310917377471924,13,17,14,14,-7,-6,-13,-8,-13,-8,21,14,6,10,hello
20.326605081558228,4,13,22,14,-4,13,4,2,1,-4,1,-10,-3,7,sil
20.326605081558228,-6,0,5,15,18,22,12,0,6,4,-9,-22,-14,-3,sil
20.34169316291809,-15,-10,-12,4,23,16,4,-13,-12,12,-6,-15,-25,-5,sil
20.34169316291809,-13,-11,-6,-4,12,16,8,-6,-14,13,-8,-9,-26,2,sil
20.35733890533448,-9,-22,-10,-12,-3,6,7,12,17,20,-11,-11,-6,5,sil
20.35733890533448,-15,-34,-25,-30,-19,-15,-8,16,32,21,-4,-4,4,2,sil
20.373002290725708,-8,-23,-19,-34,-14,-17,-14,9,26,14,3,4,2,-4,sil
20.388038873672485,13,0,3,-16,0,-1,-6,8,23,4,11,16,12,-5,sil
20.388038873672485,25,11,15,-1,0,0,-2,9,16,-1,21,29,30,1,sil
20.40325736999512,23,19,16,7,0,-12,-7,0,0,1,27,28,31,5,sil
20.40325736999512,21,21,20,9,6,-10,-12,-13,-19,-1,15,17,17,0,sil
20.41880440711975,15,9,11,6,3,0,-4,-23,-28,-17,-1,4,0,-8,sil
20.41880440711975,3,0,4,11,-2,-1,0,-19,-24,-25,-2,-3,-12,-11,sil
20.43398213386536,0,11,14,22,0,-5,1,0,-12,-11,6,-1,-7,-1,sil
20.43433213233948,2,14,12,22,9,7,16,16,3,5,-1,-4,-1,4,sil
20.450040817260746,-7,0,1,13,9,19,17,10,1,0,-19,-17,-10,1,sil
20.450040817260746,-15,0,-1,19,7,14,2,-2,-11,-15,-18,-9,-10,2,sil
20.46574902534485,-9,3,-4,20,10,14,5,-11,-15,-9,-11,1,-3,6,sil
20.46574902534485,-11,-13,-16,0,5,16,13,-10,-8,5,-19,-10,-5,0,sil
20.48092222213745,-22,-22,-28,-9,-7,4,8,-6,0,8,-19,-21,-7,-5,sil
20.48092222213745,-22,-19,-20,-15,-11,-4,4,-2,8,7,-9,-15,-12,-2,sil
20.496601819992065,-17,-25,-15,-29,-11,0,1,8,18,16,-9,-10,-11,-1,sil
20.496601819992065,-13,-24,-21,-32,-26,-5,-6,20,18,14,-12,-7,0,0,sil
20.511690378189087,0,-10,-13,-25,-32,-26,-12,19,14,0,-1,4,7,6,sil
20.511690378189087,15,0,-2,-22,-9,-32,-14,13,16,1,13,12,13,8,sil
20.52701473236084,20,10,7,-13,2,-19,-18,5,5,1,23,20,18,2,sil
20.52701473236084,25,19,23,9,-3,-8,-11,-5,-10,-3,30,20,16,6,sil
20.543221473693848,26,22,23,17,7,-6,0,-12,-10,-5,29,11,16,9,sil
20.543221473693848,12,20,10,5,19,-3,-2,-12,-9,-7,17,2,11,-2,sil
20.558724403381348,0,17,9,10,7,3,-6,-12,-10,-6,11,3,0,-7,sil
20.558724403381348,1,15,23,24,10,13,0,-7,-1,-4,19,16,-4,1,sil
20.57389521598816,-1,14,16,29,19,18,21,1,12,4,13,8,0,0,sil
20.57389521598816,-9,6,-5,24,6,18,34,7,14,19,-8,-18,-4,-8,sil
20.589443683624268,-14,-9,-13,6,0,14,24,6,3,7,-25,-27,-23,-9,sil
20.589443683624268,-22,-22,-18,-8,3,10,9,0,-4,-15,-32,-24,-34,-7,sil
20.60503387451172,-22,-26,-23,-17,-1,4,-1,0,-1,-5,-25,-18,-20,-5,sil
20.60503387451172,0,-19,-14,-23,-1,-6,-11,5,6,14,-4,0,6,3,sil
20.620830535888672,16,-1,-3,-16,8,-9,-17,1,4,3,2,18,19,10,sil
20.620830535888672,8,8,1,-5,9,-6,-23,-9,-12,-19,-7,18,7,-1,sil
20.63660502433777,0,2,0,-8,0,-7,-24,-11,-25,-23,-11,1,-7,-18,sil
20.63660502433777,7,8,14,-3,-1,0,-15,-7,-24,-19,0,-3,-8,-12,sil
20.651636838912964,18,31,36,26,5,11,1,1,-8,-8,9,7,1,7,sil
20.651636838912964,15,29,32,40,6,12,19,11,10,13,8,8,8,16,sil
20.666911363601685,0,-2,9,11,-5,8,26,7,14,25,0,0,4,11,sil
20.666911363601685,-5,-24,-4,-12,-21,0,14,4,17,25,-3,-2,4,12,sil
20.68300700187683,0,-25,-8,-15,-26,-14,0,14,25,27,1,4,19,20,sil
20.68300700187683,0,-24,-15,-18,-15,-16,-5,10,20,22,12,7,26,15,sil
20.69906616210937,-5,-15,-27,-20,-5,-11,-12,-11,-1,-3,12,-1,10,-9,sil
20.69906616210937,-13,0,-18,-14,-8,-17,-23,-20,-27,-32,4,-6,-9,-27,sil
20.71472144126892,-14,5,-5,-5,-6,-13,-12,-18,-31,-37,-1,-7,-17,-22,sil
20.71472144126892,-12,1,-3,0,3,6,1,-18,-24,-28,-11,-17,-29,-17,sil
20.729894638061523,-21,0,-5,2,5,17,5,-12,-20,-15,-25,-27,-37,-20,sil
20.729894638061523,-27,-6,-12,7,0,15,8,-5,-16,-10,-27,-25,-26,-10,sil
20.745686292648315,-7,-10,-4,6,-2,11,7,5,-3,-3,-12,-5,-3,12,sil
20.745686292648315,23,0,9,7,0,7,5,28,27,27,7,19,23,27,sil
20.76132869720459,29,11,8,1,10,1,12,33,51,42,21,30,33,23,sil
20.76132869720459,23,8,2,-4,16,-6,10,17,36,14,21,26,22,10,sil
20.77657651901245,23,11,3,0,7,-13,-4,4,4,-5,17,20,15,-2,sil
20.77657651901245,16,22,11,1,2,-12,-15,0,-5,-3,22,18,12,-9,sil
20.792120218276978,10,25,17,10,14,-4,-5,-5,3,0,22,14,7,-3,sil
20.792120218276978,4,18,20,24,18,1,1,-7,0,5,3,-1,-2,0,sil
20.80777406692505,-13,5,13,21,4,6,4,-11,-14,5,-13,-19,-17,-3,sil
20.80777406692505,-24,-6,0,11,-3,16,19,-4,-3,6,-9,-20,-20,1,sil
20.822875261306763,-8,-15,-6,0,-1,23,30,12,16,10,-5,-9,-8,14,sil
20.822875261306763,4,-14,-6,-5,-2,13,21,17,24,10,-10,-9,0,13,sil
20.83898997306824,6,-1,-12,-2,-5,-3,2,9,15,4,-4,-4,9,11,sil
20.83898997306824,8,5,-9,-3,-6,-12,-18,2,-6,-8,8,7,17,11,sil
20.855000972747803,4,-6,-13,-19,-10,-23,-31,-9,-20,-22,9,5,13,-7,sil
20.855000972747803,0,-9,-4,-24,-6,-28,-28,-18,-18,-22,7,11,6,-13,sil
20.870420455932617,4,11,23,3,5,-8,-14,-10,-17,-4,10,16,3,0,sil
20.870420455932617,-6,8,18,21,7,7,-1,-16,-26,3,-4,-10,-14,-9,sil
20.88637328147888,-30,-25,-14,-4,-2,5,1,-32,-37,-7,-33,-33,-33,-28,sil
20.88637328147888,-26,-29,-21,-26,-6,12,4,-18,-25,-6,-37,-24,-28,-19,sil
20.902108907699585,-8,-9,-9,-19,-5,20,6,10,0,5,-20,-8,-12,-4,sil
20.902108907699585,-2,-6,-10,-12,-9,10,7,17,17,8,-8,0,0,-4,sil
20.91712737083435,-1,-6,-8,-13,-8,-7,-4,10,17,0,0,3,10,-5,sil
20.932716369628903,0,-2,0,-14,-7,-22,-26,6,2,-14,2,3,2,-6,sil
20.932716369628903,1,1,0,-11,-12,-27,-30,0,-7,-22,0,6,-6,-8,sil
20.94808459281921,7,22,9,2,-7,-17,-21,-6,-11,-26,5,13,-2,-5,sil
20.94808459281921,8,28,21,26,8,0,-7,-4,-8,-22,18,10,0,0,sil
20.96373987197876,1,6,12,34,15,20,18,8,4,3,15,-3,0,5,sil
20.96373987197876,-2,-3,3,19,14,35,37,19,21,31,1,-8,-1,16,sil
20.978832006454468,0,-2,-2,11,7,19,29,11,28,37,-4,-7,1,22,sil
20.978832006454468,5,-5,-6,8,0,-4,15,7,32,31,2,2,18,26,sil
20.99413752555847,11,0,-2,-3,2,-5,13,13,37,25,16,17,36,25,sil
20.99413752555847,16,9,2,-2,12,-4,11,6,26,17,24,14,29,6,sil
21.009885787963867,18,15,15,18,15,-1,8,-3,4,8,24,10,15,0,sil
21.009885787963867,17,21,21,33,18,27,22,-1,1,16,21,16,17,19,sil
21.02524447441101,9,5,5,16,13,41,30,-1,4,15,4,8,5,23,sil
21.02524447441101,-3,-22,-18,-18,-8,4,6,0,-3,-7,-26,-11,-17,-2,sil
21.040935277938843,-14,-30,-34,-39,-30,-33,-22,7,-10,-22,-34,-11,-16,-17,sil
21.040935277938843,-14,-19,-16,-34,-28,-34,-35,0,-19,-23,-1,4,-4,-18,sil
21.056249141693115,-3,-2,4,-15,-10,-22,-31,-18,-27,-25,10,2,-10,-24,sil
21.056249141693115,2,9,5,-7,0,-7,-19,-18,-32,-36,-14,-10,-23,-22,sil
21.072736740112305,0,14,10,-2,0,3,-10,-13,-35,-34,-17,-8,-21,-12,sil
21.072736740112305,-3,13,18,7,2,0,-2,-12,-24,-11,0,-5,-11,-9,sil
21.088565349578857,-6,7,12,9,2,1,0,-6,-9,0,-8,-13,-14,-4,sil
21.088565349578857,-14,-1,0,15,-4,7,-2,-4,-7,-4,-19,-22,-21,-3,sil
21.10373520851136,-19,-6,-10,15,-8,-3,-10,-3,-10,0,-12,-22,-17,-9,sil
21.10373520851136,-10,-3,-13,-1,0,-7,-3,9,0,16,-4,-8,0,1,sil
21.11927103996277,-1,-2,-10,-9,3,2,7,16,24,30,6,5,20,17,sil
21.11927103996277,-6,-12,-10,-6,0,-5,0,5,26,18,12,10,19,9,sil
21.13493275642395,-7,-17,-17,-13,-1,-20,-10,-2,7,-2,5,3,8,-1,sil
21.13493275642395,11,-1,-8,-12,1,-14,-15,-1,2,-5,15,10,15,2,sil
21.150532484054565,32,13,20,-1,3,-6,-14,3,12,7,36,36,29,8,sil
21.150532484054565,32,14,26,4,9,0,-1,9,21,17,33,40,27,13,sil
21.16597437858581,21,17,17,8,22,14,9,5,14,7,18,22,10,10,sil
21.16597437858581,9,21,15,19,26,25,18,-2,1,-4,10,3,-2,-3,sil
21.18157410621643,-1,11,15,29,15,30,29,-5,-3,-1,-2,-8,-6,-7,sil
21.18157410621643,-4,3,17,33,9,26,29,1,-3,10,-12,-6,-1,4,sil
21.19668245315552,-2,2,7,20,4,18,24,8,1,19,-9,-7,0,10,sil
21.19668245315552,-21,-15,-19,-15,-16,15,15,3,1,8,-23,-26,-16,-4,sil
21.212774991989136,-40,-41,-40,-35,-34,0,7,1,-1,-6,-50,-43,-30,-21,sil
21.212774991989136,-30,-38,-35,-22,-31,-16,7,11,1,-7,-45,-35,-14,-8,sil
21.22809886932373,-19,-22,-27,-27,-21,-16,3,8,5,-3,-21,-17,0,6,sil
21.22809886932373,-20,-20,-33,-41,-13,-16,-11,-5,2,0,-10,-13,-2,-2,sil
21.24404501914978,-1,-10,-15,-24,-3,-19,-26,-2,0,0,-3,-7,0,-7,sil
21.24404501914978,27,14,11,5,3,-9,-16,3,5,-4,6,13,12,10,sil
21.2600040435791,31,22,11,9,7,-5,-4,-4,4,-13,15,25,11,17,sil
21.2600040435791,17,12,8,-1,4,-14,-17,-13,-15,-21,17,20,-1,0,sil
21.274999141693115,14,16,16,3,1,-10,-25,-11,-21,-16,21,16,0,-6,sil
21.274999141693115,21,25,24,20,12,3,-10,-5,-9,-5,34,24,11,2,sil
21.290058612823486,14,18,20,14,20,9,-6,0,-8,-6,27,16,3,0,sil
21.290058612823486,-4,12,6,0,11,6,-10,-2,-15,-18,-7,-8,-25,-21,sil
21.305593490600582,-9,13,11,7,7,4,0,-9,-16,-17,-15,-11,-32,-22,sil
21.305593490600582,-2,8,20,27,11,7,14,-4,-10,4,5,-1,-8,-3,sil
21.321150064468384,-9,-7,6,19,3,8,15,0,-10,12,5,-3,0,3,sil
21.321150064468384,-18,-17,-10,1,-12,4,10,-2,-9,-1,-9,-10,-8,0,sil
21.33687353134156,-8,-10,-2,7,-11,0,7,-5,2,5,-10,-7,0,7,sil
21.33687353134156,4,-3,13,16,-1,3,10,1,19,30,0,5,15,20,sil
21.352925777435303,0,-12,-2,7,-8,9,18,14,30,34,11,10,14,15,sil
21.352925777435303,-8,-18,-22,-4,-15,0,14,19,34,20,7,9,14,6,sil
21.36869239807129,6,-5,-5,-1,-8,-17,-1,16,30,15,6,24,27,13,sil
21.36869239807129,30,7,5,5,-1,-14,-13,9,22,13,23,38,37,22,sil
21.38398170471192,29,16,6,4,7,-4,-13,3,7,0,33,34,32,15,sil
21.38398170471192,16,18,7,2,10,-5,-6,-3,-8,-11,19,16,19,1,sil
21.399402618408203,6,11,2,-4,2,-5,-7,-7,-18,-11,3,-4,3,-9,sil
21.399402618408203,0,13,8,-5,4,5,-11,-3,-8,-4,5,-1,1,-7,sil
21.414578437805176,1,19,16,2,5,8,-4,-4,2,0,10,4,5,-1,sil
21.414578437805176,-8,1,0,-11,-5,0,0,-15,-11,-7,-16,-17,-12,-14,sil
21.43014168739319,-33,-22,-27,-29,0,-2,-3,-17,-19,-12,-48,-47,-38,-35,sil
21.43014168739319,-39,-20,-27,-19,11,2,-1,-8,-14,-13,-45,-47,-40,-33,sil
21.445741176605225,-22,-11,-12,-24,4,10,6,-2,-22,-18,-41,-38,-35,-18,sil
21.445741176605225,-15,-16,-21,-39,-2,15,15,3,-13,-6,-46,-43,-28,-9,sil
21.461350679397583,-24,-23,-30,-21,-1,10,8,6,0,9,-35,-42,-19,-7,sil
21.461350679397583,-26,-17,-18,0,-1,3,0,0,-7,3,-25,-39,-22,-3,sil
21.476922512054443,-12,-8,-12,-14,-2,7,10,1,0,-6,-24,-31,-26,5,sil
21.476922512054443,1,-6,-11,-12,0,9,12,18,28,2,-8,-6,-7,15,sil
21.493029594421387,9,-6,-2,22,8,-7,3,17,31,18,6,8,11,19,sil
21.493029594421387,8,-7,5,5,1,-20,2,6,17,12,8,11,11,15,sil
21.508469581604004,7,-6,-2,-28,-24,-10,3,10,18,4,15,19,11,5,sil
21.508469581604004,14,1,-2,6,-25,-4,-9,9,11,2,32,34,17,1,sil
21.52397871017456,27,16,25,41,-3,-12,-18,-6,-6,-7,47,55,25,4,sil
21.52397871017456,36,22,40,19,-3,-12,-11,-15,-10,-17,54,65,35,7,sil
21.539044618606567,37,24,36,11,0,-8,-10,-12,-12,-16,51,59,33,9,sil
21.539044618606567,35,28,37,36,19,-8,-10,-9,-15,-5,51,52,21,11,sil
21.554579496383667,21,25,32,43,19,0,-3,-8,-11,0,39,35,12,3,sil
21.56976866722107,0,12,22,29,1,13,-1,-4,-13,-6,7,13,0,-4,sil
21.56976866722107,-11,7,13,19,-2,10,-1,-1,-12,-2,-4,1,1,4,sil
21.585691928863525,-9,5,5,5,0,-1,-4,-5,-5,5,0,-5,3,7,sil
21.585691928863525,-11,0,-5,-5,-2,-4,-5,-7,-7,-11,-12,-19,-10,-8,sil
21.60091757774353,-10,0,-8,0,0,1,7,0,-8,-16,-31,-25,-18,-15,sil
21.60091757774353,-5,5,2,5,17,10,21,7,0,11,-29,-15,-9,0,sil
21.61567234992981,-2,-1,0,5,21,14,23,8,11,32,-21,-20,-6,3,sil
21.61567234992981,-6,-7,-17,1,0,14,21,11,19,25,-21,-31,-10,0,sil
21.631782293319706,-17,-11,-28,-11,-13,11,17,13,15,14,-25,-35,-15,-1,sil
21.631782293319706,-23,-22,-38,-29,-4,6,8,5,9,13,-26,-36,-17,-3,sil
21.64691638946533,-24,-25,-33,-34,-3,6,1,-1,13,15,-15,-28,-7,-7,sil
21.64691638946533,-21,-18,-25,-22,-3,6,-2,-3,17,14,-9,-21,0,-13,sil
21.66307663917541,-14,-20,-23,-23,0,-4,-13,2,10,9,-15,-19,-4,-12,sil
21.66307663917541,-1,-22,-17,-32,-6,-16,-18,3,9,-2,-11,-4,-3,7,sil
21.67901015281677,9,-7,-6,-22,-11,-16,-13,-7,6,-16,5,15,11,20,sil
21.67901015281677,16,4,9,-7,3,-15,-15,-6,-3,-12,22,25,27,11,sil
21.6940495967865,14,0,13,-7,13,-8,-11,9,1,0,26,21,26,5,sil
21.6940495967865,9,-7,0,-17,-4,-6,-4,9,3,-8,11,10,5,1,sil
21.71005654335022,14,0,-1,-15,-20,-19,-13,-2,-16,-27,1,12,-3,-4,sil
21.71005654335022,23,25,17,11,-4,-21,-22,-10,-27,-28,15,19,1,-5,sil
21.72559499740601,21,39,36,30,9,-6,-14,-21,-38,-29,23,16,-5,-6,sil
21.72559499740601,10,30,28,25,1,0,-4,-23,-46,-28,3,3,-19,-11,sil
21.7406861782074,-5,17,9,22,0,7,6,-5,-17,-13,-10,-1,-17,-8,sil
21.7406861782074,-17,7,5,27,9,29,27,16,20,9,-5,-1,-7,-4,sil
21.75596237182617,-14,-7,2,21,3,33,34,19,18,23,-6,-14,-5,-7,sil
21.75596237182617,-14,-14,0,11,-4,15,19,0,-11,9,-21,-21,-14,-5,sil
21.771443605422974,-12,-3,3,16,1,14,20,-9,-10,5,-17,-7,-16,0,sil
21.771443605422974,-2,0,2,14,8,18,29,6,19,23,4,5,0,4,sil
21.78696846961975,-1,-2,-3,-2,6,5,8,9,21,13,6,2,14,10,sil
21.78696846961975,-7,-8,-15,-16,-3,-5,-13,-5,0,-5,-8,-6,8,1,sil
21.803141355514526,-4,-17,-14,-23,-9,-7,-12,-2,-1,1,-5,0,1,-7,sil
21.803141355514526,6,-11,-2,-13,-2,-15,-3,12,17,14,9,14,12,7,sil
21.81879210472107,15,8,1,-1,1,-20,-7,10,22,9,19,21,26,23,sil
21.81879210472107,16,9,1,-4,0,-17,-20,3,16,6,27,22,28,12,sil
21.834598302841187,15,0,1,-3,0,-14,-13,4,22,18,27,19,22,0,sil
21.834598302841187,7,0,1,-5,0,-1,-3,-3,11,8,5,7,1,0,sil
21.850160360336304,-8,0,0,-13,-4,7,-10,-23,-21,-24,-23,-17,-28,-10,sil
21.850160360336304,-16,-7,3,3,-5,2,-6,-20,-32,-24,-26,-32,-30,-13,sil
21.86502718925476,-8,-2,11,21,4,7,12,1,-10,7,-7,-17,-12,4,sil
21.86502718925476,-6,-4,0,8,1,16,12,8,3,14,-10,-15,-13,8,sil
22.30127739906311,9,0,2,-1,9,1,12,-2,5,4,20,5,23,0,sil
22.30127739906311,14,17,21,19,12,-1,5,-2,5,13,37,16,28,0,sil
22.31703209877014,20,28,21,33,15,0,-2,-1,3,3,31,16,15,-7,sil
22.31703209877014,11,24,14,30,16,13,-1,-11,0,0,4,-6,-12,-7,sil
22.33213496208191,-3,18,14,27,13,22,9,-18,-3,2,-16,-24,-25,-7,sil
22.33213496208191,2,11,12,20,6,7,13,-4,0,0,-19,-11,-5,5,sil
22.34798145294189,10,0,4,4,-3,-9,0,10,9,8,-5,5,8,17,sil
22.34798145294189,-6,-12,-14,-7,-5,-7,-4,3,10,13,-1,-2,-1,1,sil
22.36314487457276,-16,-12,-16,-13,-2,-4,-4,-1,0,-4,-9,-1,-9,0,sil
22.36314487457276,-2,-5,-1,-11,-10,-14,-12,4,-6,-12,-3,16,8,15,sil
22.37894606590271,4,-9,-6,-17,-22,-26,-28,3,-10,-11,5,21,18,6,sil
22.37894606590271,-3,-17,-14,-34,-20,-26,-29,-1,-20,-25,0,9,-6,-15,sil
22.394659280776978,-13,-2,-7,-22,-5,-6,-7,-1,-14,-19,-4,-8,-25,-17,sil
22.394659280776978,-15,18,6,10,5,16,7,-1,-2,-1,0,-19,-13,-7,sil
22.410232067108154,-6,21,14,26,12,22,11,-4,1,0,3,-12,-5,-2,sil
22.410232067108154,-3,9,13,24,10,22,16,-3,-1,1,-4,-6,-21,-7,sil
22.4261953830719,-14,-7,6,11,3,27,21,2,-2,9,-18,-16,-26,-9,sil
22.4261953830719,-12,-18,-6,-2,0,21,22,7,9,18,-15,-21,-4,3,sil
22.442015886306763,2,-11,-11,-3,-2,0,13,9,21,23,-11,-11,6,16,sil
22.442015886306763,11,-3,-9,-2,-2,-10,5,9,21,23,-12,0,9,14,sil
22.45758295059204,13,-8,-8,-15,-1,-7,2,1,14,12,2,10,21,12,sil
22.45758295059204,19,-11,-2,-15,-5,-8,-5,2,9,-9,19,20,29,16,sil
22.47314715385437,25,-3,-4,-8,-10,-7,-14,9,8,-19,15,17,23,12,sil
22.47314715385437,12,0,-9,-19,-8,0,-18,-6,-7,-25,2,8,1,-8,sil
22.488953351974487,-3,2,1,-11,0,-1,-17,-18,-26,-28,-3,2,-17,-22,sil
22.488953351974487,8,14,16,15,7,-6,-12,-4,-15,-7,11,7,-2,-10,sil
22.50508546829224,23,23,19,9,10,-3,-9,-2,0,8,31,22,20,4,sil
22.50508546829224,7,19,9,-6,6,5,-9,-12,-12,-3,21,16,11,-1,sil
22.52060961723328,-9,11,5,1,8,8,-4,-6,-22,-9,1,-3,-3,-10,sil
22.52060961723328,-13,7,11,22,13,5,5,6,-5,10,4,-5,-2,-3,sil
22.536149501800537,-12,13,15,38,14,7,17,6,13,26,9,2,3,9,sil
22.536149501800537,-8,12,15,30,12,10,21,0,9,22,2,0,5,16,sil
22.55165982246399,-6,2,4,14,9,1,19,0,2,21,-3,-9,0,12,sil
22.55165982246399,-8,-5,-7,10,5,-1,13,9,6,20,-9,-13,-15,3,sil
22.5668420791626,-14,-17,-9,-2,-8,-9,5,5,10,5,-26,-16,-23,-3,sil
22.5668420791626,-15,-30,-17,-28,-29,-32,-5,-3,1,-14,-37,-21,-20,-8,sil
22.58288145065308,-8,-25,-20,-31,-23,-37,-16,-2,-6,-20,-24,-10,-17,-7,sil
22.58288145065308,-7,-17,-20,-19,-11,-14,-12,0,0,-11,-15,-5,-11,-8,sil
22.59839963912964,-15,-27,-27,-30,-21,-7,-14,4,7,-9,-22,-15,-5,-13,sil
22.59839963912964,1,-24,-24,-39,-25,-8,-17,8,4,-8,-6,-1,8,-4,sil
22.613773584365845,32,7,0,-9,-2,6,1,4,0,-2,32,29,27,9,sil
22.613773584365845,30,32,25,19,12,18,13,-1,-1,-9,42,31,24,7,sil
22.628861904144287,12,22,15,17,16,14,3,-8,-2,-19,21,9,7,-3,sil
22.628861904144287,4,13,5,15,23,19,4,-13,-9,-7,14,1,4,-5,sil
22.64359998703003,-1,18,20,28,24,30,17,0,-7,11,15,4,6,5,sil
22.64359998703003,-8,8,17,29,8,23,10,3,5,14,-2,-8,-2,4,sil
22.659655570983887,-11,-8,4,9,-1,13,-2,-4,6,6,-20,-16,-19,-4,sil
22.659655570983887,-4,-6,-1,0,4,21,9,2,12,17,-13,-8,-13,0,sil
22.674904108047485,0,-4,-11,-3,3,14,17,12,21,29,-9,-6,6,7,sil
22.674904108047485,-4,-8,-14,-20,-15,-15,-5,2,0,6,-17,-9,8,0,sil
22.69093942642212,0,-8,-8,-21,-19,-28,-22,-3,-19,-17,-5,0,4,-1,sil
22.706966400146484,14,-3,-2,-11,-4,-21,-16,-1,-9,-12,12,18,10,6,sil
22.706966400146484,17,9,3,-5,1,-18,-14,-4,0,-5,8,16,6,1,sil
22.706966400146484,3,22,7,0,4,-12,-14,-7,-11,-14,-1,1,-11,-6,sil
22.72306156158448,-9,17,8,11,11,1,-3,-5,-20,-17,-2,-3,-18,-7,sil
22.72306156158448,-10,1,2,20,10,12,9,0,-11,0,-5,-10,-10,-5,sil
22.73894476890564,-9,-13,-4,3,3,8,11,3,-3,9,-17,-14,-9,0,sil
22.73894476890564,-15,-21,-16,-22,-6,-6,2,2,5,5,-20,-11,-11,5,sil
22.753947734832764,-7,-18,-19,-25,-23,-20,-13,4,14,-5,0,-2,0,0,sil
22.76933002471924,8,-7,-1,-13,-23,-21,-20,7,14,-9,23,14,21,-3,sil
22.76933002471924,12,7,8,-3,-3,-11,-13,4,9,0,29,25,26,0,sil
22.76933002471924,9,19,18,10,8,1,-9,-5,-5,-1,27,18,11,1,sil
22.78507328033448,9,12,29,23,13,15,8,-7,-20,-1,21,8,3,4,sil
22.78507328033448,2,5,21,25,16,20,32,3,-5,17,11,1,2,10,sil
22.801641702651978,-7,1,7,21,12,16,30,4,18,23,0,-6,-9,9,sil
22.801641702651978,-11,-10,-9,10,4,14,19,0,27,13,-20,-20,-26,-3,sil
22.815836906433105,-14,-17,-22,-4,0,12,17,7,22,12,-36,-21,-28,-7,sil
22.831050395965576,-4,0,-8,0,1,4,13,16,17,16,-23,-3,-12,3,sil
22.831050395965576,17,16,7,11,6,-1,2,11,16,7,6,12,15,13,sil
22.84663438796997,20,8,-1,-5,-1,-10,-16,-4,-7,-18,14,15,27,5,sil
22.84663438796997,0,-5,-18,-28,-13,-20,-28,-24,-48,-37,1,3,10,-11,sil
22.86295866966248,-4,5,-5,-11,-2,-16,-18,-29,-56,-32,0,-4,-2,-20,sil
22.86295866966248,1,21,13,10,1,1,-1,-13,-24,-11,3,-6,-7,-11,sil
22.878125190734863,-10,0,0,-1,-17,13,7,2,4,12,-14,-12,-12,0,sil
22.878125190734863,-20,-29,-17,-18,-19,8,6,15,22,26,-21,-10,-3,5,sil
22.89418816566468,-8,-20,-19,-10,-5,0,-1,15,34,24,-3,-4,13,1,sil
22.89418816566468,1,-5,-14,-13,-4,-1,-8,9,25,17,6,-2,19,5,sil
22.9097580909729,7,-8,-3,-15,-2,-6,-9,10,10,15,5,8,22,16,sil
22.9097580909729,14,-2,5,0,5,-13,-8,4,0,-4,10,18,20,7,sil
22.9248571395874,9,9,15,8,8,-12,-8,-9,-18,-34,15,15,0,-13,sil
22.9248571395874,5,7,16,7,7,-3,-5,-9,-25,-27,13,8,-8,-14,sil
22.94005227088928,1,8,6,11,9,1,-6,-11,-21,-17,1,0,-12,-10,sil
22.94005227088928,-4,16,4,16,12,6,-4,-10,-15,-25,-11,-8,-28,-19,sil
22.95568060874939,0,15,17,23,15,17,11,3,9,0,-8,-10,-27,-10,sil
22.95568060874939,0,0,23,17,11,19,25,8,25,23,-5,-8,-10,12,sil
22.971741199493408,-8,-12,3,0,0,8,21,0,10,3,-18,-11,-10,9,sil
22.971741199493408,-3,-13,-10,-1,-4,1,9,1,1,0,-20,-9,-9,0,sil
22.987585067749023,5,-3,-3,4,0,6,6,6,10,26,-2,4,4,13,sil
22.987585067749023,4,-2,-10,0,-2,3,8,6,17,19,1,2,6,21,sil
23.00272989273072,0,-16,-18,-16,-13,-7,-1,5,9,-6,0,-1,4,8,sil
23.00272989273072,-3,-20,-11,-22,-17,-10,-12,4,1,-3,14,6,19,5,sil
23.01858925819397,2,-9,-12,-25,-17,-13,-14,-1,-5,0,15,10,21,7,sil
23.01858925819397,0,-4,-17,-38,-20,-23,-19,-10,-19,-18,-2,4,2,-10,sil
23.033718585968018,-13,0,-9,-25,-13,-23,-19,-11,-24,-24,5,4,-2,-27,sil
23.033718585968018,-11,19,4,10,4,-10,-18,-9,-25,-17,14,5,-2,-18,sil
23.04876160621643,-2,31,12,29,10,-1,-14,-12,-27,-6,-4,-7,-12,-12,sil
23.04876160621643,-1,33,21,42,15,11,2,-7,-9,8,-3,-10,-10,-10,sil
23.064138412475582,1,34,28,50,31,27,24,7,18,20,15,4,4,6,sil
23.064138412475582,-4,13,8,23,28,22,29,14,27,25,9,0,11,19,sil
23.079838037490845,-16,-14,-10,-15,5,12,22,5,15,27,-7,-18,-3,10,sil
23.079838037490845,-5,-14,-9,-18,-4,10,13,2,15,23,-10,-13,-11,5,sil
23.095102548599243,10,-14,-8,-11,-2,6,7,11,30,22,-1,7,8,15,sil
23.095102548599243,16,-26,-5,-20,-7,0,2,15,31,20,12,24,28,22,sil
23.110999822616577,22,-20,-3,-19,-9,-4,-6,5,15,7,13,22,22,13,sil
23.110999822616577,17,-2,2,-7,-3,-13,-16,-4,0,-12,0,11,10,-4,sil
23.1259765625,10,5,7,3,0,-12,-10,-3,-8,-19,-1,9,6,-14,sil
23.1259765625,16,8,4,11,-1,-6,-5,-4,-21,-19,5,5,-1,-11,sil
23.1419894695282,11,6,8,8,-7,-6,-15,-14,-40,-30,3,-2,-12,-7,sil
23.1419894695282,-4,2,7,8,-7,-3,-14,-17,-33,-30,-5,-13,-13,-11,sil
23.15791606903076,-11,1,-1,12,0,-1,-2,-1,-17,-16,-14,-18,-17,-11,sil
23.15791606903076,-9,0,0,9,0,0,5,5,-20,-10,-21,-21,-29,-7,sil
23.173831939697266,-15,-2,0,3,0,13,18,0,-17,-13,-25,-25,-28,-9,sil
23.173831939697266,-27,-14,-13,-8,0,9,19,4,0,-10,-22,-17,-16,-5,sil
23.188983917236328,-17,-23,-18,-17,-3,-20,1,15,14,2,-12,-5,0,4,sil
23.188983917236328,2,-11,-13,-16,-9,-24,-11,8,20,9,0,1,14,5,sil
23.204663038253784,4,3,-3,-14,-5,0,-11,0,22,4,12,14,20,-1,sil
23.204663038253784,2,13,1,-1,5,0,-1,-2,13,2,24,23,16,0,sil
23.220277786254883,12,21,14,16,11,-3,1,-8,2,5,20,16,0,10,sil
23.220277786254883,12,16,17,17,10,19,7,-8,8,11,0,0,-7,15,sil
23.236226081848145,1,0,7,6,9,27,16,0,15,21,-13,-1,0,11,sil
23.236226081848145,0,-10,-2,-1,3,3,12,4,10,22,-8,5,5,10,sil
23.25110340118408,3,-13,-13,-15,-6,-10,-10,0,4,11,4,5,9,4,sil
23.25110340118408,1,-4,-7,-28,-7,-9,-25,-11,-10,-11,17,5,9,-8,sil
23.266626358032227,-3,11,7,-8,3,-6,-18,-13,-23,-24,15,9,0,-18,sil
23.266626358032227,-9,14,10,15,7,2,-5,-2,-17,-10,2,0,-11,-18,sil
23.28207731246948,-11,2,3,15,0,18,8,2,-7,6,-4,-14,-14,-8,sil
23.298048973083496,-12,-3,-8,6,-3,22,13,0,-6,6,-7,-22,-13,-2,sil
23.298048973083496,-13,1,-8,5,4,10,5,6,0,7,-6,-14,-8,0,sil
23.298048973083496,-1,3,1,11,7,4,18,22,30,26,2,-3,8,13,sil
23.31314778327942,9,-3,2,7,-3,0,27,25,40,32,7,5,22,25,sil
23.31314778327942,9,-7,-2,-8,-9,-11,1,7,13,9,7,16,22,10,sil
23.32867932319641,16,0,-2,-9,-1,-14,-14,-2,5,0,15,22,23,5,sil
23.32867932319641,20,0,1,-3,-1,-9,-13,3,12,0,11,19,23,14,sil
23.34408187866211,7,-5,-1,-6,-7,-15,-17,0,-2,-10,0,5,13,0,sil
23.36056137084961,4,0,0,0,-2,-13,-11,-13,-24,-19,7,-2,3,-19,sil
23.36056137084961,5,15,12,14,3,0,-1,-22,-33,-26,6,-5,-10,-13,sil
23.37592577934265,-6,15,13,18,1,2,-2,-21,-36,-29,-11,-14,-27,-10,sil
23.37592577934265,-9,0,14,10,0,6,0,-11,-25,-15,-9,-8,-24,-6,sil
23.37592577934265,-6,-7,10,2,1,15,6,-3,-10,0,-9,-7,-22,0,sil
23.39063262939453,-21,-15,-8,-1,-1,12,9,-4,-7,0,-33,-31,-35,-8,sil
23.40615916252136,-24,-16,-12,-4,-3,6,12,7,3,4,-33,-24,-20,0,sil
23.40615916252136,-2,-6,-6,-2,-1,-1,14,19,27,16,-5,5,13,22,sil
23.42172646522522,7,-3,-14,-12,-5,-18,0,3,26,7,1,4,16,15,sil
23.42172646522522,0,-11,-25,-27,-12,-25,-17,-4,8,-9,-8,0,2,-3,sil
23.43770980834961,3,-13,-14,-20,-8,-16,-20,9,3,-5,-8,14,8,-3,sil
23.43770980834961,11,-12,0,-12,-1,-10,-13,14,0,-1,7,22,10,-4,sil
23.45276141166687,7,-8,-6,-18,-1,-6,0,2,-4,-9,14,5,2,-12,sil
23.45276141166687,6,13,-5,-8,7,2,9,0,-2,-10,8,6,5,-5,sil
23.46804118156433,16,33,17,17,22,13,5,3,5,1,13,24,16,4,sil
23.46804118156433,7,17,9,12,13,6,-5,-7,0,1,17,9,5,-7,sil
23.483635425567627,-11,3,-4,-9,-1,-8,-17,-19,-16,-11,1,-17,-16,-20,sil
23.483635425567627,2,20,13,9,6,0,-2,-5,-4,2,7,-3,-7,-4,sil
23.49879026412964,19,33,32,34,18,20,17,8,11,23,28,19,7,15,sil
23.49879026412964,7,19,26,27,12,18,14,1,5,16,15,5,-5,15,sil
23.51410388946533,-2,6,14,18,6,15,11,-5,2,13,0,-8,-6,14,sil
23.51410388946533,-1,5,11,15,9,29,13,-1,6,20,5,0,13,13,sil
23.53002572059632,-11,0,-1,8,5,26,9,-2,8,19,4,-11,8,0,sil
23.53002572059632,-25,-11,-15,-1,-6,6,4,-1,5,13,-11,-31,-12,-5,sil
23.544854879379272,-26,-20,-17,-9,-19,-5,6,5,1,6,-20,-25,-12,-3,sil
23.544854879379272,-18,-23,-15,-8,-26,-12,6,6,1,-4,-24,-12,-10,-3,sil
23.560662508010864,-18,-28,-15,-12,-20,-12,2,0,-3,-16,-35,-11,-16,-2,sil
23.560662508010864,-16,-32,-23,-20,-13,-7,0,-3,-10,-12,-36,-15,-11,-6,sil
23.57607913017273,-5,-23,-24,-19,-14,-12,-13,0,-8,-9,-15,-9,0,-4,sil
23.57607913017273,1,-15,-12,-13,-12,-24,-26,1,-1,-12,-1,1,5,0,sil
23.591609477996823,3,-13,-11,-8,-7,-20,-18,4,6,-11,-9,5,8,-2,sil
23.591609477996823,16,-3,-3,-3,0,-8,-5,11,9,-5,0,17,18,4,sil
23.60684847831726,29,11,13,7,7,-3,-2,9,0,-1,27,31,26,18,sil
23.60684847831726,26,16,15,13,9,-6,-9,-6,-8,-3,37,32,18,13,sil
23.622945308685303,20,15,10,2,7,-4,-8,-11,-5,1,33,29,8,5,sil
23.622945308685303,21,15,13,2,14,1,6,3,1,14,31,23,13,7,sil
23.63765048980713,21,16,25,15,16,3,12,8,-2,4,22,19,10,5,sil
23.63765048980713,16,17,22,11,9,6,4,1,-5,-12,14,13,2,-2,sil
23.65274953842163,6,8,4,-7,4,9,0,1,0,-2,17,4,6,-10,sil
23.65274953842163,0,5,7,-4,5,1,-2,-1,3,6,14,4,2,-8,sil
23.6680428981781,1,16,17,13,3,-1,-7,-13,-1,-8,2,4,-5,-4,sil
23.6680428981781,-2,14,14,5,3,3,-10,-11,-12,-21,-6,-1,-4,-11,sil
23.68326139450073,-11,-1,2,-5,0,-2,-1,-3,-13,-10,-16,-13,-8,-14,sil
23.69887065887451,-21,-2,-2,3,-5,-10,2,-11,-9,1,-22,-24,-24,-6,sil
23.69887065887451,-23,3,-2,8,0,2,2,-13,-13,2,-21,-25,-26,-6,sil
23.69887065887451,-22,-2,-13,0,6,15,12,-1,-9,5,-24,-27,-15,-10,sil
23.71415376663208,-28,-17,-26,-13,-2,10,14,1,3,14,-37,-38,-21,-9,sil
23.729591846466064,-32,-26,-34,-21,-11,8,8,7,11,14,-37,-39,-26,-4,sil
23.729591846466064,-21,-18,-33,-13,-3,14,11,17,16,11,-22,-30,-16,3,sil
23.74476456642151,-9,-6,-17,-12,0,8,9,7,11,4,-25,-22,-17,7,sil
23.74476456642151,-2,-3,-10,-19,-6,0,2,-2,5,1,-26,-17,-17,0,sil
23.760655403137207,0,-7,-17,-17,-4,3,3,8,15,2,-2,-9,0,3,sil
23.760655403137207,-7,-7,-17,-14,-1,6,6,14,26,-4,5,-2,4,4,sil
23.7767071723938,-3,0,-9,-11,-2,-3,3,4,18,-6,0,4,4,-2,sil
23.7767071723938,22,8,13,10,0,-3,0,8,4,2,24,30,31,7,sil
23.79297471046448,42,7,33,30,0,2,0,15,9,12,50,47,57,27,sil
23.79297471046448,35,0,30,15,0,-7,-4,4,9,9,36,45,47,22,sil
23.808784246444706,24,0,20,8,-2,-16,-11,-4,-4,4,25,41,28,13,hello
23.808784246444706,22,0,19,26,-6,-8,-9,-9,-14,-3,33,40,24,11,hello
23.82396626472473,14,2,22,19,-5,-11,-21,-24,-30,-24,29,28,7,-6,hello
23.82396626472473,1,7,11,4,-1,-23,-33,-27,-39,-30,16,12,-13,-21,hello
23.83900094032288,6,24,12,19,2,-9,-17,-8,-17,-7,21,15,-9,-6,hello
23.83900094032288,17,34,29,35,10,11,4,0,5,17,27,23,2,11,hello
23.854491472244263,6,22,19,23,11,8,1,-4,0,17,4,6,-4,5,hello
23.854491472244263,-12,11,3,5,6,-4,-6,-8,-16,-7,-23,-21,-26,-11,hello
23.870590925216675,-17,5,0,3,11,7,16,-4,-8,-12,-29,-38,-33,-17,hello
23.870590925216675,-27,-18,-22,-9,10,30,38,2,8,7,-32,-45,-25,-6,hello
23.886667490005493,-40,-41,-42,-31,-8,17,13,6,0,7,-46,-45,-19,-2,hello
23.886667490005493,-18,-23,-26,-21,-15,-16,-17,1,-5,-3,-38,-32,-11,-3,hello
23.901822328567505,12,-3,-1,-1,0,-20,-10,7,17,8,0,0,11,14,hello
23.901822328567505,2,-18,-15,-17,-1,-6,6,20,26,20,8,8,23,22,hello
23.917033433914185,-19,-30,-34,-42,-20,-12,-2,13,0,-2,-11,-7,5,-6,hello
23.917033433914185,-8,-13,-19,-37,-16,-12,-7,0,-12,-23,-11,-4,-6,-20,hello
23.93324184417725,6,0,-5,-13,0,0,2,-1,0,-12,0,4,0,-5,hello
23.93324184417725,7,0,2,-3,5,6,0,1,0,2,0,5,6,-1,hello
23.94864225387573,15,8,13,-2,9,8,-3,5,6,2,9,15,16,-4,hello
23.94864225387573,19,18,10,0,7,7,5,8,21,-7,20,18,18,1,hello
23.96468997001648,1,16,8,0,2,2,9,8,13,-7,5,3,0,2,hello
23.96468997001648,-9,9,6,4,6,7,9,0,-1,2,-1,-7,-9,-5,hello
23.98079204559326,-4,7,1,1,7,16,5,-14,-8,-4,1,-9,-11,-12,hello
23.98079204559326,0,11,5,8,4,9,3,-15,-7,-8,0,-6,-11,-11,hello
23.995932579040527,2,11,16,27,9,0,8,-2,-1,9,3,2,-4,0,hello
23.995932579040527,-3,-2,7,20,3,-1,5,0,5,18,4,2,-3,5,hello
24.01114058494568,-19,-12,-13,-3,-12,1,-6,-10,1,13,-7,-16,-13,-8,hello
24.01114058494568,-24,-3,-6,-3,-11,2,-7,-13,-13,3,-17,-25,-17,-13,hello
24.02719664573669,-10,3,10,17,2,4,2,-4,-10,0,-11,-5,-7,6,hello
24.02719664573669,2,0,3,19,3,3,6,6,8,15,2,8,5,21,hello
24.04285836219788,1,-6,-9,-1,-7,-1,0,4,8,18,4,5,2,13,hello
24.04285836219788,2,-9,-11,-12,-11,-7,-5,0,0,0,-7,1,-6,6,hello
24.05864906311035,16,-3,0,0,0,-2,3,12,12,0,-3,12,2,20,hello
24.05864906311035,29,10,10,12,8,2,13,25,33,18,17,25,28,30,hello
24.07923531532288,26,9,5,4,2,-6,-5,13,23,15,28,21,39,18,hello
24.07923531532288,14,-2,2,-13,-3,-21,-35,-5,-8,-7,26,18,24,5,hello
24.07923531532288,13,0,3,-5,0,-17,-29,-15,-31,-26,15,16,7,-2,hello
24.089741945266724,13,11,10,6,0,-13,-11,-21,-36,-38,6,15,2,-14,hello
24.10533380508423,5,13,19,6,-6,-11,-2,-16,-31,-32,11,10,4,-20,hello
24.10533380508423,0,13,11,12,0,-1,2,-2,-21,-12,8,1,0,-16,hello
24.12107563018799,-1,17,8,15,7,0,-8,1,-17,-6,-6,1,-12,-12,hello
24.12107563018799,-3,9,11,8,5,0,-13,0,-17,-12,-4,-1,-19,-11,hello
24.13621640205384,-8,-4,-1,1,3,17,6,1,-4,-3,-4,-16,-19,-7,hello
24.13621640205384,-16,-16,-20,0,4,22,26,6,16,20,-16,-23,-14,0,hello
24.152008056640625,-19,-25,-23,-6,-2,4,26,5,23,20,-17,-25,-10,1,hello
24.152008056640625,-14,-24,-10,-9,-8,4,16,5,11,-3,-21,-29,-16,0,hello
24.16983318328857,-16,-19,-12,-6,-5,15,12,7,5,-1,-29,-29,-21,-2,hello
24.16983318328857,-25,-24,-25,-11,-5,12,11,0,14,23,-25,-23,-11,-1,hello
24.182842016220093,-22,-20,-22,-24,-4,11,10,0,21,29,-17,-8,4,4,hello
24.182842016220093,-8,-8,-17,-25,-2,9,5,4,21,15,-1,7,19,11,hello
24.198888540267944,-1,-13,-18,-24,-5,-14,-10,0,13,-6,5,12,18,6,hello
24.198888540267944,10,-10,-12,-26,-9,-33,-18,-2,4,-16,-3,6,7,-5,hello
24.21500873565674,20,16,3,-14,-2,-25,-16,2,-6,-11,0,7,7,-12,hello
24.21500873565674,11,25,15,0,6,-12,-25,-1,-21,-13,24,13,8,-13,hello
24.2310163974762,3,16,17,8,9,-7,-20,-4,-14,-9,28,8,1,-4,hello
24.2310163974762,11,21,22,12,10,4,1,0,3,-3,15,8,0,5,hello
24.24600315093994,9,21,21,15,11,17,9,-1,3,0,7,5,0,2,hello
24.24600315093994,0,9,14,14,6,10,8,-4,-2,9,8,3,0,1,hello
24.26196002960205,8,15,25,15,6,9,11,2,1,16,13,10,9,12,sil
24.26196002960205,22,28,31,27,17,26,14,6,6,12,8,8,12,12,sil
24.277065992355347,14,22,26,34,15,20,10,-2,-1,6,-5,3,-3,9,sil
24.277065992355347,2,8,11,29,0,0,10,-5,-7,5,-11,3,-18,12,sil
24.293213605880737,-1,-1,-7,17,-1,5,15,9,5,11,-8,-1,-10,8,sil
24.293213605880737,-2,-18,-19,-2,0,7,17,22,26,19,-5,-6,5,7,sil
24.30883812904358,-2,-30,-28,-20,-14,-19,3,11,27,9,1,0,13,9,sil
24.30883812904358,-3,-14,-15,-21,-15,-34,-19,-3,11,-13,14,15,13,0,sil
24.32404637336731,0,10,3,-4,-1,-21,-25,-4,0,-18,21,19,15,-8,sil
24.32404637336731,0,5,-1,2,-3,-10,-19,-10,-21,-11,10,0,3,-7,sil
24.33958888053894,-14,-17,-9,-3,-11,-3,-19,-24,-58,-13,-12,-20,-20,-13,sil
24.33958888053894,-24,-25,-15,-6,-9,3,-14,-28,-56,-16,-29,-28,-32,-21,sil
24.35566258430481,-19,-28,-29,-22,-17,-2,-9,-16,-23,-23,-34,-30,-31,-18,sil
24.35566258430481,-10,-34,-31,-40,-27,-18,-11,-1,-5,-25,-25,-19,-19,-16,sil
24.371148109436035,3,-19,-10,-27,-11,-17,-13,7,1,-11,1,3,6,-14,sil
24.371148109436035,19,14,15,1,14,2,-5,9,10,3,30,27,21,0,sil
24.386776447296143,9,32,24,24,18,21,6,0,10,11,24,15,9,4,sil
24.386776447296143,-11,25,16,29,12,26,8,-4,-4,7,-3,-12,-8,-5,sil
24.401829719543457,-15,6,6,16,13,27,13,3,-8,1,-15,-16,-13,-4,sil
24.401829719543457,-10,-4,0,6,14,27,32,14,11,14,-13,-6,-5,11,sil
24.41709804534912,-6,-4,-3,0,8,16,34,18,28,21,-15,-5,5,21,sil
24.41709804534912,3,-1,-8,0,1,-1,22,17,32,11,-9,-5,13,17,sil
24.43310785293579,12,0,-2,0,1,-6,11,7,28,8,1,9,14,15,sil
24.43310785293579,19,3,9,-3,0,-7,1,0,19,10,7,23,16,18,sil
24.44883632659912,25,8,6,-2,-9,-19,-7,7,15,6,11,20,20,14,sil
24.44883632659912,17,9,3,-3,-16,-22,-18,7,12,0,17,14,13,6,sil
24.46393251419068,5,2,-1,-14,-11,-12,-16,-5,0,-4,13,7,2,-2,sil
24.46393251419068,4,0,-3,-18,-5,-1,-3,-9,-13,-14,10,2,-1,-8,sil
24.47943615913391,4,5,8,-3,0,0,-2,-5,-9,-12,16,11,0,-10,sil
24.49539852142334,0,12,8,7,8,2,-10,-5,-3,0,20,14,4,-9,sil
24.49539852142334,0,9,8,2,9,3,-12,-7,-14,-1,14,1,2,-3,sil
24.49539852142334,-3,4,17,5,7,-1,-6,-7,-21,-2,5,-5,-6,0,sil
24.51101517677307,-8,3,19,17,10,-6,0,-6,-9,6,0,-2,-10,0,sil
24.51101517677307,-10,0,9,18,14,1,4,-4,-7,9,-2,-7,-9,-1,sil
24.527770280838013,-19,-9,-9,11,11,9,3,-8,-17,0,-14,-32,-18,-14,sil
24.527770280838013,-29,-15,-20,3,1,6,2,-8,-16,-9,-29,-40,-31,-31,sil
24.54356789588928,-16,-12,-14,2,-7,7,9,1,0,-2,-28,-23,-24,-19,sil
24.54356789588928,-5,-10,-12,0,-8,5,17,8,12,12,-17,-5,-7,5,sil
24.558300018310547,-10,-13,-16,-12,-7,0,16,12,16,12,-17,1,1,16,sil
24.57379674911499,0,-11,-12,-12,-10,3,8,22,29,14,-7,8,21,23,sil
24.57379674911499,19,-1,0,-5,-8,0,0,23,35,17,10,21,32,27,sil
24.58888602256775,13,0,-3,-13,-6,-11,-8,0,16,0,7,19,17,14,sil
24.58888602256775,2,-8,-11,-23,-10,-11,-23,-24,-22,-32,-5,2,0,-5,sil
24.60518741607666,14,-3,0,-9,-8,-8,-30,-24,-46,-51,0,4,-3,-12,sil
24.60518741607666,26,19,12,12,0,-6,-15,-9,-29,-36,20,19,8,-7,sil
24.60518741607666,19,26,15,9,1,-1,-7,-3,-7,-10,27,19,14,-6,sil
24.620789289474487,0,9,9,-2,0,-3,-10,-1,-7,1,7,-1,-1,-14,sil
24.620789289474487,-12,7,2,1,3,-3,-2,0,-11,1,-10,-15,-19,-14,sil
24.63593578338623,-9,12,8,8,5,10,10,-2,-12,1,-7,-11,-19,-2,sil
24.651967525482178,-10,-3,3,5,-1,13,11,-4,-3,12,-13,-17,-16,1,sil
24.651967525482178,-22,-21,-12,-1,0,5,4,5,10,19,-30,-28,-17,0,sil
24.667919635772705,-15,-15,-14,-4,6,6,12,18,17,19,-17,-14,-8,7,sil
24.667919635772705,8,-3,-3,-1,2,5,22,14,22,18,10,10,13,19,sil
24.684139728546143,25,0,6,2,0,0,11,6,21,12,26,27,27,17,sil
24.684139728546143,24,6,7,13,14,1,3,9,15,10,37,24,24,7,sil
24.684139728546143,10,11,6,12,18,0,2,6,9,9,37,13,16,-1,sil
24.698948860168457,-2,10,10,2,6,-3,-2,-7,3,-2,14,-1,6,-12,sil
24.713942289352417,-8,1,8,5,1,-1,0,-9,-3,-6,-8,-12,-9,-11,sil
24.713942289352417,-14,-11,2,4,0,1,6,0,-3,12,-14,-13,-9,3,sil
24.72936177253723,-13,-13,-7,0,-4,7,12,8,9,25,-10,-9,8,12,sil
24.72936177253723,-7,-5,-10,-2,-5,9,15,10,18,12,-8,1,11,12,sil
24.74467825889588,-1,-3,-4,-10,-5,0,4,9,15,4,-4,14,5,15,sil
24.744943857193,6,0,-7,-14,-5,-12,-16,0,7,-1,0,15,8,6,sil
24.76063823699951,13,5,-5,-9,-6,-18,-30,-13,-10,-34,-6,13,0,-9,sil
24.76063823699951,11,6,-1,-6,-15,-22,-26,-19,-24,-49,-8,8,-17,-15,sil
24.776087760925293,3,8,2,-8,-11,-15,-16,-15,-22,-32,2,-1,-16,-16,sil
24.776087760925293,-3,8,5,-4,0,-2,-10,-7,-16,-20,3,-6,-13,-21,sil
24.791740655899048,-9,3,0,1,0,2,-11,-6,-16,-14,-10,-17,-22,-20,sil
24.791740655899048,-10,2,0,5,1,6,-9,-9,-28,-7,-20,-30,-29,-11,sil
24.807067155838013,-5,0,5,13,11,18,8,-4,-23,1,-16,-25,-17,-1,sil
24.807067155838013,0,-6,2,13,13,24,22,0,0,20,-7,-9,0,9,sil
24.82303357124329,-5,-9,-4,-2,2,9,18,5,14,29,-1,0,7,18,sil
24.82303357124329,-10,-10,-6,-11,-7,-7,7,8,15,24,0,1,13,18,sil
24.83901834487915,-1,-10,-4,-9,-8,-7,-3,4,10,10,2,6,20,15,sil
24.83901834487915,1,-6,-5,-10,-7,-6,-8,-3,0,-6,5,6,13,0,sil
24.853794813156128,-7,-6,-5,-14,-10,-13,-14,-7,-9,-16,8,6,2,-22,sil
24.853794813156128,-3,0,6,-4,-1,-9,-9,1,-8,-9,14,16,8,-22,sil
24.868938207626343,17,20,15,23,16,8,14,10,5,6,23,18,16,-2,sil
24.868938207626343,18,26,20,35,18,26,32,13,13,13,20,7,4,9,sil
24.884621620178223,3,10,14,26,7,28,39,19,23,23,8,-4,0,15,sil
24.884621620178223,2,-8,-8,6,0,8,26,19,36,31,-4,-6,9,20,sil
24.90073609352112,4,-20,-16,-17,-6,-17,-10,6,22,14,-9,0,11,14,sil
24.90073609352112,5,-17,-10,-21,-5,-21,-25,0,2,-2,2,6,11,9,sil
24.91624474525452,16,-4,-3,-13,2,-10,-16,-4,-1,-10,13,13,9,7,sil
24.91624474525452,19,1,-1,-10,4,-9,-20,-15,-14,-30,1,10,-13,-8,sil
24.93186593055725,8,12,9,4,4,-7,-21,-15,-32,-41,-3,-2,-29,-22,sil
24.93186593055725,4,32,27,27,12,8,-4,0,-17,-17,11,-1,-9,-12,sil
24.94794154167176,-4,28,14,22,10,17,10,0,1,4,5,-1,0,-3,sil
24.94794154167176,-27,0,-13,0,0,13,18,-8,-5,7,-23,-18,-17,-9,sil
24.96317219734192,-33,-17,-17,0,0,12,22,-3,-1,23,-31,-26,-19,-9,sil
24.96317219734192,-19,-13,-10,0,-2,10,9,3,14,27,-19,-14,-8,2,sil
24.978581428527832,-16,-14,-14,-17,-19,-3,-7,2,7,0,-15,-3,-6,10,sil
24.978581428527832,-11,-14,-17,-18,-24,-17,-8,7,7,-3,-12,0,8,12,sil
24.994056224823,10,-2,-2,0,-7,-19,-6,13,22,13,5,19,29,20,sil
24.994056224823,23,11,12,0,1,-16,-15,-2,6,-5,23,32,20,11,sil
25.009522914886475,9,12,6,-11,-4,-16,-22,-28,-34,-43,15,3,-9,-19,sil
25.009522914886475,0,5,7,-10,-4,-13,-18,-28,-54,-44,-7,-14,-23,-29,sil
25.02520036697388,-2,-5,8,0,0,0,-6,-12,-37,-16,-12,-9,-12,-12,sil
25.02520036697388,-9,-13,2,6,2,13,9,-1,-7,3,-1,-12,-3,0,sil
25.040828704833984,-11,-10,0,5,1,19,21,7,11,19,-2,-18,-1,6,sil
25.040828704833984,-1,-9,-3,0,-3,14,15,17,20,36,-9,-7,9,11,sil
25.05662512779236,-4,-16,-10,-12,-8,3,5,22,29,31,0,7,19,12,sil
25.05662512779236,-10,-12,-18,-16,-4,-3,4,18,39,18,16,8,19,12,sil
25.072707414627075,4,2,-12,-5,3,-9,-1,11,31,14,21,9,25,4,sil
25.072707414627075,28,12,7,4,14,-8,-7,9,15,10,22,24,29,-4,sil
25.088655710220337,31,15,13,10,22,0,-8,0,0,-7,22,25,7,-4,sil
25.088655710220337,17,24,13,13,17,0,-13,-18,-28,-31,11,12,-16,-8,sil
25.1039559841156,10,31,20,22,13,0,-4,-18,-33,-28,2,3,-14,-14,sil
25.1039559841156,4,21,20,24,9,7,10,-5,-11,-11,0,-5,-10,-11,sil
25.11965847015381,-6,3,13,12,-3,12,11,0,0,-7,-7,-14,-19,0,sil
25.11965847015381,-4,0,6,12,-6,12,16,0,5,0,-9,-14,-16,14,sil
25.13517141342163,-6,-5,0,12,1,10,17,-1,1,6,-11,-13,-13,11,sil
25.13517141342163,-16,-17,-11,-3,-5,4,6,-3,-6,2,-21,-17,-18,1,sil
25.15083169937133,-19,-19,-19,-15,-12,2,4,7,3,8,-27,-17,-13,4,sil
25.15083169937133,-17,-14,-18,-15,-4,1,9,18,21,18,-22,-9,-5,3,sil
25.166009426116943,-14,-15,-25,-18,-8,-4,5,8,10,6,-18,-9,-8,-6,sil
25.166009426116943,-5,-19,-25,-27,-21,-16,-10,-9,-18,-22,-17,-2,-14,-12,sil
25.181498765945435,0,-17,-11,-29,-20,-22,-27,-13,-17,-30,-3,11,0,-5,sil
25.181498765945435,5,-2,2,-18,-6,-13,-24,0,7,-2,25,28,33,6,sil
25.19696855545044,13,14,16,0,7,-1,-10,11,9,21,39,37,49,13,sil
25.19696855545044,18,17,19,17,11,-4,-10,6,0,17,27,25,36,5,sil
25.21312165260315,23,19,25,23,10,-9,-15,-6,-3,1,24,15,23,5,sil
25.21312165260315,23,25,29,23,13,1,0,-10,-2,4,31,16,21,10,sil
25.228810787200928,2,17,17,20,12,14,11,-11,-6,11,15,2,6,0,sil
25.228810787200928,-23,1,4,12,6,8,1,-20,-19,-10,-15,-25,-24,-22,sil
25.244932174682617,-24,-5,-9,1,4,5,2,-19,-24,-30,-29,-35,-39,-31,sil
25.244932174682617,-8,-4,-13,-11,6,18,18,2,-6,-5,-19,-22,-25,-12,sil
25.260571241378784,-5,0,-8,-8,8,24,25,21,16,24,-17,-19,-11,5,sil
25.260571241378784,-9,-4,-16,5,3,12,25,20,25,18,-32,-24,-15,7,sil
25.27862882614136,-7,-15,-21,-5,-9,0,22,17,24,0,-27,-12,-14,14,sil
25.27862882614136,-3,-22,-24,-32,-24,-13,2,10,14,-5,-7,-6,-3,12,sil
25.291996955871586,-8,-25,-27,-36,-28,-27,-21,-1,-5,-11,-7,-10,-2,-7,sil
25.291996955871586,-4,-17,-16,-18,-23,-24,-24,-3,-3,-7,-1,4,4,-9,sil
25.308021068573,14,0,2,3,-9,-20,-15,0,16,4,28,31,26,8,sil
25.308021068573,35,19,21,18,4,-15,-14,2,15,5,49,52,37,15,sil
25.32356595993042,41,28,30,27,9,0,-6,3,5,6,46,45,29,12,sil
25.32356595993042,18,20,23,24,7,7,-3,-9,0,3,24,17,9,2,sil
25.338985443115234,-14,7,15,18,10,5,-7,-14,-6,-9,0,-6,-12,-13,sil
25.338985443115234,-14,11,11,20,17,13,-4,-3,-10,-13,-6,-16,-20,-15,sil
25.35463738441468,-6,9,8,14,15,19,-2,-1,-16,-3,-13,-19,-23,-8,sil
25.35463738441468,-12,-3,5,7,11,13,0,-8,-10,6,-20,-20,-21,-2,sil
25.36998200416565,-6,-6,8,7,13,9,12,0,4,16,-10,-13,-7,10,sil
25.38559198379517,5,-1,5,2,7,12,23,13,4,27,-6,-8,5,18,sil
25.38559198379517,3,-2,-4,-12,-6,12,28,15,2,25,-14,-4,5,15,sil
25.40071511268616,2,-9,-8,-31,-15,-5,12,3,0,-6,-11,7,1,6,sil
25.40071511268616,-1,-23,-23,-45,-21,-26,-12,-6,-18,-36,-13,6,-1,-16,sil
25.40071511268616,-16,-27,-34,-53,-23,-32,-25,-6,-27,-39,-20,-6,-7,-34,sil
25.41538715362549,-15,-9,-11,-36,-9,-21,-20,-8,-20,-31,0,-1,-8,-22,sil
25.43100309371948,-5,7,11,6,5,2,-4,-13,-16,-16,17,9,0,-5,sil
25.43100309371948,-7,4,13,30,6,13,10,0,-3,3,4,7,8,6,sil
25.44709086418152,-5,0,-1,22,-2,3,15,13,23,26,0,0,15,15,sil
25.44709086418152,8,6,-10,9,-2,4,8,9,30,31,11,-4,15,16,sil
25.46258997917176,15,9,-3,2,8,12,-2,2,15,3,8,2,10,11,sil
25.46258997917176,14,4,-1,1,8,-2,-12,-6,0,-20,5,6,4,0,sil
25.477712154388428,11,10,2,4,4,-16,-21,-17,-17,-15,17,2,-3,-20,sil
25.477712154388428,0,19,11,14,10,-1,-17,-16,-21,1,14,-6,-14,-25,sil
25.494003534317017,-18,14,8,27,10,13,0,-2,-5,10,-3,-14,-16,-11,sil
25.494003534317017,-12,7,10,33,2,16,24,12,16,19,-2,-7,-4,5,sil
25.50990438461304,16,11,17,31,0,19,37,24,36,32,11,5,11,23,sil
25.50990438461304,19,7,12,7,0,20,29,21,28,29,1,9,8,29,sil
25.52509903907776,0,-10,-2,-18,-6,4,13,4,6,13,-21,-1,-2,9,sil
25.52509903907776,-2,-15,-9,-18,-8,-11,-1,-3,-2,-9,-22,-2,-5,-2,sil
25.54110097885132,4,-1,-1,-11,0,-8,-12,0,-1,-18,-3,11,-4,6,sil
25.54110097885132,2,-1,0,-13,8,0,-10,2,0,-6,0,6,-2,10,sil
25.55668902397156,-3,-21,-8,-19,0,-5,-9,1,0,-11,-11,-7,-1,0,sil
25.55668902397156,-9,-30,-19,-16,-13,-11,-9,9,8,-12,-7,-4,9,0,sil
25.57272982597351,-5,-19,-19,-12,-16,-10,-5,10,14,10,11,3,27,0,sil
25.57272982597351,1,-8,-8,-18,-12,-11,-4,-1,0,6,5,2,18,-5,sil
25.58847498893737,5,-2,-9,-16,-4,-9,-4,-9,-11,-14,0,3,4,-8,sil
25.58847498893737,1,0,-12,-11,3,-7,-9,-11,-11,-6,14,8,4,-10,sil
25.603845357894897,-3,-2,-3,-15,-1,-14,-19,-15,-17,-6,13,0,-5,-14,sil
25.603845357894897,-3,5,1,-9,-8,-18,-19,-18,-22,-23,-2,-11,-19,-13,sil
25.619595766067505,-5,21,5,6,4,-12,-18,-17,-20,-19,0,-2,-16,-10,sil
25.619595766067505,-12,19,8,16,12,-4,-20,-15,-21,-11,1,-3,-17,-11,sil
25.634764194488525,-11,10,13,19,4,4,-7,-9,-24,-15,-9,-13,-24,-13,sil
25.634764194488525,1,10,18,24,6,18,10,0,-12,-5,-5,-8,-12,-6,sil
25.65083622932434,4,8,11,20,15,21,16,8,3,10,5,0,0,2,sil
25.65083622932434,4,10,21,21,17,20,19,12,6,15,7,7,-1,15,sil
25.666045427322388,22,22,35,41,19,24,28,6,12,29,11,17,7,26,sil
25.666045427322388,25,11,21,37,13,19,22,4,18,37,8,15,17,25,sil
25.681640625,0,-14,-2,7,-3,8,12,10,18,21,-4,-1,4,9,sil
25.681640625,-13,-17,-13,-7,-12,7,23,10,18,12,-15,-10,-3,0,sil
25.69770765304565,-9,-13,-12,-15,-12,7,24,7,14,8,-21,-3,3,7,sil
25.69770765304565,-8,-22,-22,-25,-14,-2,4,9,6,0,-22,-1,1,3,sil
25.713956594467163,-8,-20,-25,-25,-17,-15,-5,7,5,-3,-9,-3,0,-3,sil
25.713956594467163,-2,-13,-17,-25,-15,-19,-6,3,7,-8,-3,-2,11,-3,sil
25.72896647453308,-3,-13,-24,-31,-11,-18,-16,0,-4,-28,-11,-11,1,-14,sil
25.72896647453308,-6,-7,-22,-32,-4,-16,-21,-4,-19,-37,-6,-9,-10,-20,sil
25.74459671974182,9,10,1,-9,3,-5,-5,0,-6,-11,18,14,20,3,sil
25.74459671974182,25,23,16,9,10,0,2,6,13,10,38,29,44,18,sil
25.759766340255737,17,20,9,3,6,-5,-7,-1,7,4,32,19,11,2,sil
25.759766340255737,3,15,8,3,3,-1,-11,-10,-3,-4,14,1,-11,-4,sil
25.77565193176269,9,25,29,24,11,8,-2,-7,0,0,11,2,0,6,sil
25.77565193176269,15,32,31,31,16,6,2,-11,-6,6,13,5,-1,6,sil
25.79085874557495,-6,12,1,11,8,2,-7,-21,-19,-8,-7,-14,-28,-13,sil
25.79085874557495,-31,-8,-15,-6,-1,11,-14,-14,-14,-19,-30,-34,-38,-25,sil
25.80605721473694,-27,-10,-13,0,-7,18,0,2,-1,5,-28,-32,-22,-17,sil
25.80605721473694,-14,-15,-8,3,-7,10,9,6,-7,23,-21,-17,-10,-5,sil
25.822079181671143,-8,-28,-9,0,-5,-1,8,3,0,12,-13,-4,-8,0,sil
25.822079181671143,-5,-23,-7,1,-7,-8,1,10,21,9,1,10,4,6,sil
25.83771634101868,3,-20,1,2,-6,-12,-6,16,26,18,6,21,21,14,sil
25.83771634101868,9,-28,-1,-4,0,-13,-1,9,14,14,0,16,15,12,sil
25.853869915008545,7,-20,0,-11,1,-6,9,4,8,2,0,15,6,10,hello
25.853869915008545,9,-2,8,-11,0,-2,14,9,16,0,8,19,20,17,hello
25.869877576828003,15,0,0,-19,-1,-8,4,9,16,-5,15,18,29,15,hello
25.869877576828003,13,3,-5,-27,-7,-19,-15,-3,-6,-22,15,15,8,-2,hello
25.885698318481445,5,21,5,-4,-3,-22,-21,-17,-25,-19,12,5,-3,-13,hello
25.885698318481445,0,33,15,22,12,-8,-11,-21,-27,-2,14,0,0,-8,hello
25.90074801445008,1,32,13,27,13,7,-6,-16,-31,-7,11,-1,-3,-4,hello
25.90074801445008,5,22,6,25,3,11,-3,-11,-23,-18,-3,-10,-9,-8,hello
25.916623830795288,-1,12,5,23,6,10,2,-8,-12,-13,-15,-18,-17,-14,hello
25.916623830795288,-10,4,0,15,5,17,0,-3,-9,-5,-12,-23,-24,-16,hello
25.93175840377808,-11,-2,-5,4,0,19,-8,1,-7,0,-6,-24,-21,-11,hello
25.93175840377808,-11,-2,-7,0,1,15,4,3,0,7,-8,-20,-11,-1,hello
25.947063207626343,-13,0,-14,0,1,22,33,7,5,8,-13,-19,-8,1,hello
25.947063207626343,-12,-3,-17,-9,-4,27,33,12,7,1,-12,-12,-4,-1,hello
25.962651252746586,-6,-11,-11,-13,-4,13,24,9,6,11,-11,-3,3,0,hello
25.962651252746586,1,-11,-2,-8,-1,4,25,6,4,15,-16,0,1,14,hello
25.97877287864685,4,-10,0,-11,-3,0,13,12,16,5,-13,-2,-1,20,hello
25.97877287864685,5,-2,1,-12,-2,-17,-4,14,32,12,-2,3,7,13,hello
25.994125843048096,7,1,12,-4,0,-21,-13,4,27,16,-1,13,8,6,hello
25.994125843048096,1,-15,4,-5,-3,-5,-16,-4,11,0,-1,11,2,-1,hello
26.00951862335205,-5,-31,-8,-23,-8,-6,-12,-2,3,0,13,13,10,0,hello
26.00951862335205,5,-19,0,-23,-8,-13,0,8,5,7,23,27,25,15,hello
26.02493786811829,17,-5,4,-3,-7,-12,-1,11,6,0,14,27,30,16,hello
26.02493786811829,12,-5,0,1,-8,-25,-24,0,-1,1,14,22,26,5,hello
26.04104256629944,11,4,1,4,0,-28,-30,-11,-4,6,28,25,25,1,hello
26.04104256629944,16,28,13,11,11,-10,-22,-13,0,-15,27,19,17,0,hello
26.05707812309265,16,34,22,1,14,-2,-14,-8,1,-24,10,8,0,-6,hello
26.05707812309265,5,14,3,-1,8,-6,-2,0,6,-1,6,0,-8,-10,hello
26.073211669921875,-13,-2,-13,9,3,0,-1,-5,0,-5,3,-8,-17,-16,hello
26.073211669921875,-20,0,-8,12,1,9,-6,-26,-33,-33,-13,-24,-34,-21,hello
26.09573745727539,-13,5,-4,7,0,11,0,-27,-58,-37,-28,-37,-42,-23,hello
26.09573745727539,-13,6,-2,13,3,14,8,-8,-42,-20,-23,-29,-30,-20,hello
26.09573745727539,-15,12,6,22,8,15,8,0,-2,0,-7,-15,-13,-10,hello
26.10480260848999,-7,11,8,17,10,13,3,3,16,10,-3,-12,-9,-1,hello
26.120437145233154,-5,1,-1,10,3,14,9,11,19,22,-9,-18,-7,0,hello
26.120437145233154,-3,4,0,14,-4,18,24,21,27,44,1,-1,10,13,hello
26.13544058799744,7,11,9,13,-2,19,28,18,23,45,17,15,21,28,hello
26.13544058799744,8,-2,-1,1,-2,8,19,2,1,19,0,0,3,14,hello
26.15104055404663,-2,-22,-9,-13,-7,0,11,0,-10,2,-24,-12,-15,0,hello
26.15104055404663,-5,-23,-7,-20,-2,9,20,10,3,12,-22,-5,-7,8,hello
26.166974544525143,-2,-18,-13,-18,0,5,21,10,6,12,-11,-5,2,6,hello
26.166974544525143,1,-14,-8,-11,-7,-14,-4,0,-14,-16,-2,2,2,-2,hello
26.18311643600464,5,-12,-5,-10,-8,-14,-22,-4,-14,-28,4,15,6,-2,hello
26.18311643600464,3,-14,-11,-23,-7,-8,-20,-2,-1,-13,5,13,11,0,hello
26.19871473312378,7,-13,-7,-26,-12,-19,-20,2,-2,0,12,15,18,6,hello
26.19871473312378,14,-8,0,-17,-9,-30,-30,3,-3,0,19,23,27,9,hello
26.213947057724,2,-7,-4,-15,-2,-28,-33,-5,-6,-12,6,15,16,-3,hello
26.213947057724,-8,0,-4,-1,3,-13,-12,-9,-12,-14,0,0,2,-9,hello
26.22996068000793,4,13,13,17,11,0,8,-2,-11,-4,11,1,7,1,hello
26.22996068000793,16,16,21,12,11,0,4,0,-6,-12,12,5,6,-1,hello
26.24557590484619,6,13,9,1,7,-2,-7,-7,-6,-31,-1,-3,-11,-11,hello
26.24557590484619,-4,17,9,12,6,3,-5,-16,-8,-31,-10,-4,-24,-5,hello
26.26159906387329,-8,21,13,19,2,5,5,-9,-5,-5,-3,-2,-17,-2,hello
26.26159906387329,-10,19,8,13,0,7,8,0,4,11,3,-5,-6,-8,hello
0.9346308708190918,24,31,19,11,-2,-9,-4,-7,-8,-3,34,24,17,1,sil
0.9346308708190918,15,31,27,28,3,0,7,-8,-7,-1,21,15,1,0,sil
0.950159788131714,4,22,32,43,19,3,3,-19,-15,-2,-8,-1,-8,-2,sil
0.950159788131714,-19,-1,8,20,7,9,4,-19,-24,-8,-30,-21,-23,-10,sil
0.9657371044158936,-32,-17,-15,1,-8,15,16,-8,-9,-2,-26,-25,-26,-13,sil
0.9657371044158936,-26,-27,-21,-13,-13,-4,8,0,0,-1,-26,-20,-22,-11,sil
0.9812896251678468,-20,-39,-26,-29,-15,-20,-3,11,6,6,-21,-17,-7,-8,sil
0.9812896251678468,-13,-33,-29,-27,-14,-14,-13,15,11,10,-5,-9,5,0,sil
0.9975016117095948,-2,-8,-22,-20,-6,-19,-24,7,1,-9,7,2,16,3,sil
1.0137617588043213,1,-1,-22,-31,-3,-25,-23,-2,-13,-25,17,7,20,-7,sil
1.014768362045288,0,-8,-20,-39,-7,-14,-13,-7,-23,-20,12,0,1,-21,sil
1.014768362045288,4,6,-3,-13,-1,0,3,-11,-20,-12,1,-5,-11,-16,sil
1.0281107425689695,5,24,12,3,14,16,20,-8,-3,-6,-5,-6,-9,-1,sil
1.0281107425689695,-3,10,11,-1,21,34,24,1,9,9,-15,-14,-13,-1,sil
1.0442302227020264,-16,-15,-8,-13,15,38,25,7,20,26,-28,-26,-20,-3,sil
1.0587458610534668,-21,-24,-23,-30,7,27,25,13,22,21,-39,-28,-21,8,sil
1.0587458610534668,-16,-17,-19,-20,0,20,22,16,28,22,-30,-14,-4,11,sil
1.0742394924163818,-8,-17,-13,-7,-6,2,2,17,34,23,-13,2,12,6,sil
1.0742394924163818,0,-14,-3,-16,-14,-21,-16,13,15,0,0,10,14,9,sil
1.089285373687744,11,3,7,0,-10,-25,-20,-1,-8,-13,18,11,14,5,sil
1.089285373687744,17,23,21,35,0,-20,-24,-13,-20,-14,30,21,15,-3,sil
1.1051712036132812,22,39,33,45,6,-17,-27,-15,-25,-21,31,30,11,-4,sil
1.1051712036132812,20,39,32,49,4,-7,-12,-22,-31,-28,18,17,-2,-3,sil
1.1206779479980469,4,16,20,47,-6,4,9,-11,-20,-19,0,-3,-13,0,sil
1.1206779479980469,8,3,10,36,-9,0,15,15,16,11,11,4,7,17,sil
1.1361377239227295,30,13,16,24,0,-15,-3,16,20,17,35,37,26,21,sil
1.1361377239227295,23,19,28,27,2,-11,-12,-5,-5,-4,32,34,14,2,sil
1.1516542434692385,-4,9,23,26,0,8,1,-16,-19,-13,4,-4,-11,-9,sil
1.1516542434692385,-16,-9,1,7,-4,17,13,-10,-17,0,-23,-25,-32,-10,sil
1.1671075820922852,-14,-26,-15,-8,-5,9,14,-4,-1,10,-25,-12,-26,-4,sil
1.1671075820922852,-11,-25,-19,-26,-3,-3,0,-4,1,-1,-10,0,-5,1,sil
1.183335304260254,-2,-6,-15,-36,1,-8,-15,-7,-12,-14,2,1,8,-1,sil
1.183335304260254,6,12,-6,-26,6,-2,-14,-5,-12,-8,14,3,10,-11,sil
1.1985116004943848,-2,14,4,-8,9,9,-2,1,-3,4,5,0,0,-9,sil
1.1985116004943848,-17,-2,-5,-2,15,29,22,10,10,28,-18,-19,-7,-1,sil
1.2138454914093018,-19,-23,-29,-25,11,22,29,19,26,34,-25,-30,-3,1,sil
1.214320182800293,-11,-22,-22,-40,3,-1,8,22,31,19,-11,-14,8,5,sil
1.2297394275665283,-2,-14,-5,-18,0,-3,-6,14,31,21,-4,0,16,11,sil
1.2297394275665283,4,-15,-4,-4,-8,2,-3,5,30,22,-5,-1,6,18,sil
1.2452714443206787,6,-18,-17,-16,-14,-8,-5,0,16,3,-2,-6,-6,13,sil
1.2452714443206787,-1,-17,-24,-29,-14,-22,-20,-6,-12,-21,-13,-8,-13,-5,sil
1.2613072395324707,-8,-7,-15,-22,-12,-14,-19,-6,-21,-35,-15,-2,-5,-12,sil
1.2613072395324707,0,6,-2,-4,0,-3,-4,-1,-8,-26,12,9,9,0,sil
1.2774248123168943,7,9,5,0,6,-7,0,2,-11,-14,22,16,6,0,sil
1.2774248123168943,7,9,11,8,0,-8,0,-4,-12,-10,11,12,3,-9,sil
1.2931725978851318,10,20,19,22,1,0,2,-5,-4,-16,15,15,12,-4,sil
1.2931725978851318,22,31,27,31,13,1,9,11,3,2,33,31,31,13,sil
1.3083202838897705,24,26,23,29,10,-6,12,10,8,24,38,33,40,16,sil
1.3083202838897705,8,15,12,14,-1,-11,-1,-9,-9,1,8,3,11,-1,sil
1.324146747589111,-5,16,10,13,0,0,-7,-23,-26,-24,-11,-15,-14,-19,sil
1.324146747589111,-7,14,13,27,4,7,-2,-27,-28,-16,-8,-11,-20,-17,sil
1.339200496673584,-11,4,8,31,4,13,8,-18,-25,-8,-24,-21,-34,-10,sil
1.339200496673584,-28,-7,-12,11,11,29,27,0,-9,2,-56,-50,-44,-15,sil
1.354902982711792,-43,-24,-36,-17,0,19,12,0,1,8,-61,-57,-41,-19,sil
1.354902982711792,-30,-28,-33,-9,-14,2,-11,-3,7,9,-25,-31,-21,-7,sil
1.3700237274169922,0,-17,-7,5,-12,0,-5,9,21,19,4,-1,0,9,sil
1.3700237274169922,7,-11,9,-9,-4,0,5,25,26,27,10,11,9,17,sil
1.3851830959320068,5,-10,7,-11,0,1,3,21,23,27,19,18,18,19,sil
1.3851830959320068,15,-4,10,0,1,0,0,14,15,16,21,24,19,20,sil
1.4007189273834229,19,0,15,-11,1,-5,-5,5,4,0,12,21,5,8,sil
1.4007189273834229,12,3,9,-17,3,-9,-10,-5,0,-13,14,18,-3,0,sil
1.4159417152404783,17,9,5,-6,0,0,0,4,9,-6,22,25,4,13,sil
1.4159417152404783,22,5,0,0,-4,4,8,12,18,7,21,28,18,20,sil
1.43204665184021,9,0,-2,-10,-2,-10,-7,5,7,0,9,23,10,9,sil
1.43204665184021,8,7,1,-7,-5,-26,-17,4,6,-1,11,25,0,5,sil
1.4473588466644287,17,8,1,0,-4,-21,-19,-2,6,4,20,26,3,3,sil
1.4473588466644287,6,5,-2,-2,3,-6,-30,-17,-15,-12,7,7,10,-8,sil
1.4629032611846924,-4,14,0,0,7,-1,-24,-19,-25,-27,-3,-15,18,-16,sil
1.4629032611846924,-1,15,2,2,3,-4,-1,-8,-19,-19,-6,-19,15,-16,sil
1.4780166149139404,-5,4,-3,2,4,3,10,-9,-21,-15,-13,-17,2,-21,sil
1.4780166149139404,-24,-6,-17,0,-2,12,13,-22,-31,-25,-21,-31,-10,-29,sil
1.4932432174682615,-34,-18,-21,-9,-18,9,18,-15,-29,-26,-30,-47,-23,-28,sil
1.4932432174682615,-22,-13,-12,0,-4,13,27,2,-3,0,-29,-39,-22,-15,sil
1.5088622570037842,-10,-1,0,20,18,19,19,10,7,18,-19,-16,-17,1,sil
1.5088622570037842,-10,-5,4,21,16,19,11,7,7,23,-5,-1,-12,13,sil
1.5240273475646973,-9,-12,-2,12,6,14,16,0,14,28,-6,-8,-10,13,sil
1.5240273475646973,-11,-11,-3,2,1,1,5,0,10,16,-21,-15,-17,3,sil
1.5391347408294678,-10,-13,2,-1,-2,-10,-9,1,4,9,-7,-2,-5,3,sil
1.5551488399505615,6,-7,4,-6,-6,-20,-13,12,12,20,22,16,17,24,sil
1.5551488399505615,27,9,7,-4,-7,-23,-10,20,15,16,29,26,29,29,sil
1.571120262145996,28,13,10,0,-5,-20,-10,14,8,0,24,34,31,13,sil
1.571120262145996,16,1,6,-17,-6,-13,-14,5,-2,-18,21,31,18,4,sil
1.5868589878082275,12,3,1,-21,-2,0,-6,1,0,-21,18,20,7,-2,sil
1.5868589878082275,18,24,14,8,8,12,10,1,3,-17,14,19,5,-3,sil
1.60198974609375,18,32,28,15,9,17,25,5,5,0,22,23,8,12,sil
1.60198974609375,5,13,15,-14,1,17,23,0,16,19,27,6,10,15,sil
1.6180803775787354,-10,-4,-3,-18,0,12,2,-13,5,12,2,-16,-3,-6,sil
1.6180803775787354,-17,-5,-6,15,3,14,-2,-16,-9,2,-10,-21,-15,-12,sil
1.6336610317230225,-13,-9,-10,17,2,17,8,-4,3,9,-16,-18,-19,0,sil
1.6336610317230225,-9,-21,-21,-7,-10,1,-2,1,13,5,-39,-20,-23,-4,sil
1.649317741394043,-5,-22,-28,-13,-13,-23,-29,0,-4,-8,-37,-14,-14,-14,sil
1.649317741394043,1,-8,-21,-9,-5,-29,-28,7,-23,-13,-11,2,0,-8,sil
1.6653242111206057,8,4,-7,-3,0,-17,-10,7,-16,-12,1,11,9,-6,sil
1.6653242111206057,4,7,-1,3,0,-16,-14,-7,-10,-19,4,10,2,-17,sil
1.6812069416046145,-6,11,8,13,2,-12,-17,-17,-11,-23,1,2,-14,-23,sil
1.6812069416046145,-15,10,9,24,5,9,-3,-20,-8,-14,-13,-17,-24,-21,sil
1.6971333026885986,-18,-7,-2,10,0,18,5,-16,-9,-5,-25,-30,-25,-13,sil
1.6971333026885986,-11,-11,-1,1,2,20,18,-1,5,4,-11,-16,-14,2,sil
1.713257074356079,-2,-2,7,5,3,16,17,8,24,13,-3,-7,-6,15,sil
1.713257074356079,-4,-10,-1,-7,-9,0,2,8,13,13,-20,-12,-8,16,sil
1.7283942699432373,2,-14,-7,-12,-11,-6,3,11,13,21,-9,1,13,19,sil
1.7283942699432373,20,1,6,-5,3,-1,3,15,17,13,21,28,36,21,sil
1.744218111038208,22,15,17,-3,10,-3,-3,11,1,0,35,31,36,12,sil
1.744218111038208,9,13,15,3,11,-6,0,0,-12,-3,31,19,24,0,sil
1.7601494789123535,10,16,15,11,14,0,5,-5,-14,-7,26,17,13,-1,sil
1.7601494789123535,14,23,21,18,10,7,8,-8,-13,-5,21,13,12,-1,sil
1.7757298946380615,-5,6,13,6,-5,8,9,-12,-20,0,1,-8,-2,-10,sil
1.7757298946380615,-28,-17,-10,-9,-12,2,9,-3,-17,4,-13,-29,-22,-14,sil
1.7917466163635254,-15,-13,-19,-5,-4,1,13,11,6,20,-6,-18,-10,0,sil
1.7917466163635254,3,-5,-4,-6,0,3,13,22,23,33,8,5,11,20,sil
1.8078482151031487,-3,-18,-11,-29,0,2,6,21,20,24,14,5,16,20,sil
1.8078482151031487,-11,-21,-30,-38,-8,-13,-5,10,3,-1,0,-2,3,4,sil
1.8078482151031487,7,3,-12,-11,-16,-24,-16,-2,-13,-19,-6,9,0,-4,sil
1.823014497756958,25,24,9,15,-5,-19,-22,-12,-25,-28,11,23,8,-4,sil
1.8383119106292725,15,22,12,19,6,-3,-22,-17,-30,-31,12,12,4,-1,sil
1.8383119106292725,-1,14,8,23,7,10,-7,-16,-22,-16,-3,-5,-7,-1,sil
1.8538885116577148,-11,0,0,14,-1,5,-1,-9,-16,-7,-19,-17,-20,-5,sil
1.8538885116577148,-12,-16,-13,-7,-11,0,-5,-4,-3,-11,-33,-24,-27,-9,sil
1.8694226741790767,-1,-21,-14,-8,-8,8,0,7,28,7,-27,-16,-16,0,sil
1.8694226741790767,14,-5,2,-1,1,1,2,20,48,23,1,13,9,21,sil
1.8850765228271484,22,13,13,2,6,-11,-2,4,41,12,24,35,26,11,sil
1.8850765228271484,8,18,13,8,8,-2,-4,-21,20,-11,12,15,6,-15,sil
1.900211334228516,-7,14,19,20,10,17,3,-18,20,-11,-5,-10,-14,-14,sil
1.900211334228516,-11,1,14,22,6,22,11,-5,57,11,-5,-14,-12,-1,sil
1.91593599319458,-16,-17,-3,0,-1,14,11,0,67,9,-20,-17,-21,-11,sil
1.91593599319458,-24,-25,-17,-13,-6,13,16,0,13,-1,-31,-28,-27,-16,sil
1.931046962738037,-21,-22,-21,-13,-9,8,18,3,-45,1,-24,-25,-16,-3,sil
1.931046962738037,-7,-16,-15,-19,-5,-10,7,16,-47,7,-14,0,-1,9,sil
1.9467120170593264,11,-1,-5,-12,12,-22,-5,18,-26,8,8,20,20,16,sil
1.9467120170593264,20,13,3,-3,13,-21,-23,1,-39,-4,25,18,22,4,sil
1.9617891311645508,14,16,8,-3,1,-16,-21,-4,-46,-10,24,9,13,-9,sil
1.9617891311645508,10,11,4,-2,5,-6,-5,1,-27,0,32,21,22,0,sil
1.9769697189331048,6,12,6,-2,8,0,-5,-1,-22,1,35,24,23,1,sil
1.9769697189331048,-3,13,7,2,1,0,-11,-13,-30,-11,11,-8,-2,-20,sil
1.9930262565612795,-11,4,4,13,-2,4,0,-11,-32,-16,-15,-31,-27,-20,sil
1.9930262565612795,-9,0,2,17,0,20,24,-1,-11,-1,-18,-19,-21,1,sil
2.014149904251098,-4,0,1,7,2,25,23,3,11,11,-20,-10,-7,9,sil
2.014149904251098,-1,-8,-3,3,-7,10,10,8,16,12,-18,-14,-5,7,sil
2.014149904251098,-6,-19,-14,3,-14,0,8,6,25,21,-6,-9,-2,7,sil
2.024745464324951,-16,-25,-23,-15,-15,-6,1,3,29,12,-10,0,0,7,sil
2.0399439334869385,-5,-14,-16,-25,-9,-14,-5,10,28,-3,0,10,19,12,sil
2.0399439334869385,17,6,0,-5,0,-17,-3,12,22,-6,29,23,35,11,sil
2.055245876312256,23,20,13,4,-1,-16,-5,2,5,-9,25,33,20,6,sil
2.055245876312256,20,18,11,2,-9,-10,-11,-2,4,-11,13,29,11,6,sil
2.0709428787231445,21,13,8,0,0,-8,-13,-3,11,-12,17,20,18,4,sil
2.0709428787231445,15,16,20,12,16,-3,-8,-5,5,-9,17,13,12,2,sil
2.0862038135528564,1,14,23,24,14,6,-2,-3,2,-2,2,0,-6,3,sil
2.0862038135528564,-14,-4,8,9,-4,11,-1,-3,0,1,-19,-19,-28,-7,sil
2.101858615875244,-23,-16,-5,-7,-7,7,1,-10,-3,12,-22,-30,-32,-23,sil
2.101858615875244,-21,-18,-14,-14,0,1,11,-4,2,22,-14,-27,-22,-7,sil
2.116999387741089,-12,-20,-21,-20,2,2,16,7,16,21,-14,-12,-7,10,sil
2.116999387741089,1,-15,-18,-20,4,1,0,2,16,9,-6,6,6,3,sil
2.1328377723693848,13,2,5,-8,5,-7,-21,-7,-3,-7,10,17,10,-6,sil
2.1328377723693848,7,13,15,6,0,-1,-17,-9,-17,-11,11,9,2,-8,sil
2.148359537124634,-7,9,5,8,-9,4,-7,-8,-23,-11,-3,-4,-12,-7,sil
2.148359537124634,-7,17,10,19,3,8,1,-6,-19,-14,-2,-11,-17,-8,sil
2.16370153427124,-6,18,9,31,20,19,14,-7,-8,-8,-7,-14,-11,-14,sil
2.16370153427124,-12,-5,-7,13,8,25,17,-3,-6,0,-24,-17,-14,-7,sil
2.1797327995300293,-6,-21,-11,-3,-3,18,23,4,5,10,-15,-10,0,9,sil
2.1797327995300293,3,-16,-8,-5,-3,0,16,12,10,10,-7,-2,10,13,sil
2.1951324939727783,7,-8,-16,-12,-6,-14,-7,17,2,0,-12,3,7,9,sil
2.1951324939727783,19,0,-10,-12,-7,-19,-11,17,3,-4,6,14,20,10,sil
2.211142539978028,26,11,12,-2,-3,-21,-9,5,-5,-13,23,22,24,6,sil
2.211142539978028,10,16,16,12,1,-9,-11,-9,-20,-12,17,10,3,-1,sil
2.2271370887756348,-9,4,-8,5,4,6,1,-9,-21,5,-5,-19,-20,-9,sil
2.2271370887756348,-14,-16,-20,-20,-2,0,17,4,-14,11,-21,-29,-23,-4,sil
2.243103265762329,0,-11,-6,-18,-2,-12,11,17,4,11,4,3,7,11,sil
2.243103265762329,12,8,4,-2,1,-16,-6,15,16,3,34,28,24,13,sil
2.2582709789276123,7,18,5,6,1,-6,-14,-4,7,-9,31,12,6,-6,sil
2.2582709789276123,-1,16,17,21,8,11,-2,-15,0,-2,12,0,-4,-5,sil
2.273975849151612,-10,-1,14,12,4,17,7,0,9,19,-7,1,-1,8,sil
2.273975849151612,-20,-30,-19,-22,-13,0,-5,9,16,6,-16,-3,-1,0,sil
2.289191722869873,-8,-21,-18,-33,-12,-17,-18,0,10,-23,0,11,14,-4,sil
2.289191722869873,13,18,18,1,7,-1,-4,-8,6,-6,26,34,35,7,sil
2.305234670639038,2,21,23,18,4,11,-3,-20,-6,4,13,14,8,-5,sil
2.305234670639038,-20,-2,5,5,-12,4,-13,-28,-20,-17,-22,-20,-34,-32,sil
2.32082200050354,-23,-5,-1,6,-3,5,0,-15,-4,-9,-24,-27,-35,-25,sil
2.32082200050354,-17,-9,-1,7,2,14,14,6,11,18,-8,-17,-18,-6,sil
2.3360440731048584,-9,-21,-8,-5,-3,15,18,16,21,27,-6,-11,-1,0,sil
2.3360440731048584,0,-20,-18,-15,-3,1,14,19,26,22,-12,-10,7,13,sil
2.351600170135498,6,-12,-19,-21,-2,-15,-2,19,13,0,-12,-4,4,21,sil
2.3672447204589844,22,0,-6,-15,-2,-15,-12,6,2,-11,5,10,19,9,sil
2.3672447204589844,30,21,15,4,2,-10,-11,-8,-10,-7,17,16,21,1,sil
2.3829145431518555,16,28,26,26,8,-9,-7,-16,-32,-8,6,2,-5,2,sil
2.3829145431518555,4,13,12,27,7,-1,0,-16,-33,-14,-11,-10,-21,0,sil
2.3980770111083984,7,10,7,23,8,12,12,0,-10,0,-13,-2,-15,9,sil
2.3980770111083984,8,13,9,23,11,20,28,16,8,21,0,2,-7,19,sil
2.413275241851806,-2,-6,-8,0,2,10,18,16,8,11,-8,-10,-12,4,sil
2.413275241851806,-6,-16,-19,-21,-3,-1,0,10,11,-10,-13,-8,-4,-6,sil
2.428459405899048,10,2,-5,-13,7,-7,-3,8,10,-18,8,18,22,4,hello
2.428459405899048,21,15,7,0,5,-14,-9,0,-13,-31,19,29,24,2,hello
2.4442312717437744,11,17,7,11,0,-8,-13,-16,-23,-21,19,14,8,-12,hello
2.4442312717437744,-4,14,8,12,2,5,-9,-21,-13,6,17,-1,-1,-12,hello
2.4600400924682617,-19,0,4,0,0,13,-2,-15,-9,9,3,-14,-4,-10,hello
2.4600400924682617,-23,-17,-9,-4,-13,11,0,-9,-2,5,-9,-18,-7,-10,hello
2.475414752960205,-19,-22,-14,-4,-28,5,1,1,6,15,-14,-14,-9,0,hello
2.475414752960205,-16,-20,-14,-6,-23,1,6,14,19,28,-8,-4,0,12,hello
2.4911534786224365,-10,-18,-16,-11,0,-9,3,15,21,20,5,9,9,11,hello
2.4911534786224365,-2,-13,-11,-20,9,-15,-12,3,9,0,15,15,11,-1,hello
2.506718873977661,5,0,0,-13,7,-8,-20,-2,0,-9,17,14,11,-15,hello
2.506718873977661,15,20,17,3,16,-4,-10,4,-3,-6,23,22,8,-9,hello
2.5218615531921387,10,29,23,16,22,0,2,3,0,0,27,16,2,-5,hello
2.5218615531921387,-12,5,5,7,0,5,1,-11,-10,-2,-1,-14,-13,-15,hello
2.5375447273254395,-23,-21,-6,-8,-13,2,1,-9,-12,-5,-42,-30,-25,-8,hello
2.5375447273254395,-18,-25,-14,-16,-9,2,16,0,10,4,-49,-25,-20,6,hello
2.553239107131958,-8,-20,-18,-15,-16,0,16,10,21,0,-35,-20,-13,8,hello
2.553239107131958,10,-13,-7,-7,-15,-11,0,17,15,-4,-13,-5,3,12,hello
2.5689501762390137,21,-7,-3,-13,0,-20,-12,14,9,0,3,9,18,14,hello
2.5689501762390137,16,2,-1,-17,0,-13,-13,3,1,-2,12,14,15,0,hello
2.5842807292938232,22,26,13,10,3,6,-4,-4,-6,-8,23,16,11,-5,hello
2.5842807292938232,15,33,25,23,14,7,-4,-15,-19,-14,12,6,-3,-2,hello
2.599731206893921,-5,18,20,19,8,2,-1,-19,-28,-17,-3,-10,-12,-3,hello
2.599731206893921,-1,9,18,30,8,22,17,-5,-10,1,4,-8,-1,5,hello
2.61506462097168,2,5,9,24,21,41,39,7,11,20,3,-3,-4,14,hello
2.61506462097168,-10,-6,-11,0,17,25,35,5,20,25,-10,-12,-12,6,hello
2.630786895751953,-7,-11,-16,-7,0,-3,6,4,14,22,-4,-4,0,5,hello
2.630786895751953,7,-3,-5,-5,-3,-16,-7,8,13,19,16,14,21,11,hello
2.646590232849121,4,0,-3,-12,-3,-18,-8,4,7,4,21,20,28,5,hello
2.646590232849121,7,6,0,-13,-10,-14,-15,-7,-16,-20,9,21,12,-5,hello
2.6622467041015625,11,16,7,2,-7,-6,-19,-20,-28,-33,-1,7,-12,-18,hello
2.6622467041015625,-9,9,4,8,-4,-4,-18,-17,-27,-42,-13,-17,-36,-29,hello
2.6777327060699463,-27,-3,-2,12,-8,0,-9,-6,-18,-34,-15,-20,-34,-27,hello
2.6777327060699463,-19,-11,-5,18,-3,5,0,-3,-3,-4,-12,-13,-18,-8,hello
2.693213701248169,-6,-12,-3,11,0,1,4,6,11,23,-11,-7,-4,11,hello
2.693213701248169,1,-6,-3,4,-5,-1,7,25,31,41,5,9,17,23,hello
2.708346605300904,12,-6,-9,-4,-7,-6,0,26,33,32,14,22,35,25,hello
2.708346605300904,20,-7,-7,-14,-1,-11,-17,8,7,10,16,22,37,17,hello
2.724252462387085,16,3,2,-8,0,-13,-22,-5,-17,-3,29,20,30,0,hello
2.724252462387085,2,9,13,-4,-6,-13,-16,-15,-28,-17,15,5,3,-13,hello
2.7396764755249023,-5,5,12,0,-5,-1,-2,-21,-22,-22,-12,-11,-18,-17,hello
2.7396764755249023,-5,0,7,3,0,8,6,-15,-13,-11,-21,-9,-23,-11,hello
2.754918575286865,-7,-9,-1,-1,3,20,20,-1,1,7,-20,-9,-20,0,hello
2.754918575286865,-13,-19,-18,-16,7,27,31,11,21,23,-24,-18,-10,8,hello
2.770650625228882,-10,-12,-23,-25,2,3,16,16,22,11,-24,-17,-4,7,hello
2.770650625228882,3,0,-12,-18,0,-8,0,8,17,0,-5,-2,3,0,hello
2.786182165145874,9,0,-1,-17,2,-2,-4,-2,11,-4,15,12,11,0,hello
2.786182165145874,6,7,11,-11,9,-7,-10,-3,1,-5,27,15,14,1,hello
2.801760673522949,10,24,23,16,22,-5,-2,1,0,1,29,6,15,2,hello
2.801760673522949,3,18,20,24,21,8,12,1,-3,3,11,-2,1,1,hello
2.8168771266937256,-18,-4,0,8,0,16,16,-2,-7,4,-6,-17,-16,-3,hello
2.8168771266937256,-25,-17,-17,-2,-11,9,9,1,5,9,-14,-26,-24,-5,hello
2.8320391178131104,-9,-10,-12,-6,-4,-3,6,16,21,7,-13,-16,-13,0,hello
2.8477113246917725,3,-7,-3,-3,-1,-11,2,10,16,2,-3,0,6,-1,hello
2.8477113246917725,8,-7,-7,-1,-13,-15,-16,-3,-1,-7,2,15,15,0,hello
2.863178253173828,16,10,0,4,-13,-10,-22,-7,-8,-15,17,24,21,4,hello
2.863178253173828,12,26,16,20,6,4,-4,-14,-19,-17,19,8,12,-4,hello
2.879171848297119,-6,9,12,24,11,16,13,-14,-27,-11,-7,-15,-13,-8,sil
2.879171848297119,-12,-13,-10,10,0,13,10,4,-3,4,-22,-16,-13,4,sil
2.895087957382202,0,-13,-15,-9,-12,-4,-11,10,5,4,-15,-5,3,7,sil
2.895087957382202,8,1,1,-13,-13,-25,-29,-5,-16,-15,-1,4,4,-7,sil
2.91018009185791,13,16,15,-2,-4,-32,-33,-17,-30,-27,10,14,-6,-13,sil
2.91018009185791,13,26,20,16,5,-10,-24,-14,-20,-15,11,8,-11,-6,sil
2.925731420516968,3,24,22,35,11,16,0,-13,-6,2,5,-7,-6,-4,sil
2.925731420516968,-7,5,16,24,4,23,24,-5,-3,4,-2,-8,-10,-3,sil
2.940815687179565,-9,-12,-2,0,0,29,35,8,7,12,-15,-3,-13,9,sil
2.940815687179565,-10,-19,-19,-10,0,21,24,10,19,17,-26,-10,-14,16,sil
2.9568538665771484,-11,-17,-14,-11,-2,0,11,10,15,6,-21,-7,-12,9,sil
2.9568538665771484,-6,-21,-15,-15,-2,-3,14,17,25,18,0,11,6,7,sil
2.97309684753418,-4,-27,-22,-26,0,2,9,19,31,33,4,15,14,11,sil
2.97309684753418,3,-11,-9,-15,0,0,0,12,26,27,4,14,16,13,sil
2.9886953830718994,20,2,1,-2,-1,-6,6,8,21,12,20,32,33,12,sil
2.9886953830718994,17,0,-3,-14,-2,-15,-2,0,2,-7,23,39,29,1,sil
3.0038483142852783,8,3,-9,-14,0,-14,-21,-11,-11,-11,16,24,11,-13,sil
3.0038483142852783,13,11,-1,-1,4,-12,-24,0,5,0,20,25,12,-5,sil
3.0197482109069824,11,6,5,-10,-2,-19,-20,7,8,-3,23,31,19,1,sil
3.0197482109069824,-2,9,2,-16,-8,-22,-31,-17,-25,-31,7,12,2,-16,sil
3.034858703613281,-14,21,14,2,-1,-11,-28,-25,-46,-42,-10,-7,-26,-27,sil
3.034858703613281,-13,20,20,21,6,7,2,-8,-25,-19,-7,-16,-26,-14,sil
3.049989938735962,-15,7,6,12,1,10,16,-11,-16,-6,-16,-28,-21,-10,sil
3.049989938735962,-21,3,3,10,0,9,10,-17,-22,-14,-32,-37,-28,-19,sil
3.065638542175293,-19,0,5,23,2,18,12,-7,-12,-13,-22,-38,-23,-14,sil
3.065638542175293,-8,-5,0,13,1,23,17,1,-1,-1,-10,-35,-10,3,sil
3.0812509059906006,2,-5,0,2,7,24,26,8,7,16,-3,-28,0,18,sil
3.0812509059906006,6,-13,0,0,8,6,20,16,10,21,3,-27,0,20,sil
3.097188234329224,5,-24,-12,-10,0,-9,1,17,14,15,6,-36,9,17,sil
3.097188234329224,3,-16,-13,-10,0,-1,4,17,32,28,8,-34,26,20,sil
3.1133830547332764,1,-5,-6,-4,2,5,14,22,36,38,6,-21,20,21,sil
3.1133830547332764,6,-5,-6,0,0,-1,0,17,30,29,11,-10,20,13,sil
3.128918409347534,13,-3,-4,-5,-2,-10,-21,6,24,7,12,-8,29,2,sil
3.128918409347534,11,8,0,-8,-5,-17,-22,-5,-2,-15,8,-17,12,-10,sil
3.1441969871521,7,18,5,5,-3,-13,-11,-25,-30,-24,10,-18,-10,-19,sil
3.1441969871521,7,21,17,21,6,0,-10,-30,-37,-24,8,-1,-14,-12,sil
3.1601009368896484,4,22,25,25,8,6,-8,-23,-31,-20,-1,5,-12,-9,sil
3.1601009368896484,0,18,21,28,7,11,-1,-13,-21,-9,-15,0,-21,-9,sil
3.175764322280884,0,10,18,31,9,21,15,8,3,8,-10,14,-18,2,sil
3.175764322280884,0,-5,0,11,1,15,26,27,34,28,0,40,0,15,sil
3.190836191177368,-11,-28,-23,-33,-17,-7,4,20,26,14,-18,40,-5,12,sil
3.190836191177368,-24,-36,-35,-51,-19,-3,-2,5,1,-10,-41,32,-20,-2,sil
3.206017017364502,-28,-33,-40,-44,-11,0,13,0,-8,-16,-39,43,-20,-12,sil
3.206017017364502,-16,-21,-27,-35,-9,-20,5,-5,-11,-25,-19,66,-10,-9,sil
3.2221148014068604,6,0,-3,-11,-2,-23,-14,-10,-9,-26,13,88,15,-4,sil
3.2221148014068604,20,9,10,1,-1,-10,-20,-2,-3,-8,33,106,29,1,sil
3.2381398677825928,21,10,14,0,-5,-18,-28,6,10,11,35,111,24,8,sil
3.2381398677825928,14,15,12,4,0,-24,-32,-4,10,12,34,98,16,3,sil
3.253682374954224,2,18,11,15,8,1,-13,-11,-6,2,26,74,4,-4,sil
3.253682374954224,-1,17,12,25,12,18,6,-2,-7,6,20,56,0,-4,sil
3.269705295562744,6,16,13,15,6,0,5,0,-4,4,12,38,2,0,sil
3.269705295562744,9,14,13,11,1,1,13,-1,-3,2,4,6,2,0,sil
3.2847437858581543,-1,7,12,18,4,27,25,5,0,8,-2,-36,-2,2,sil
3.2847437858581543,-15,-3,3,10,4,24,15,3,-5,9,-20,-85,-6,7,sil
3.3007657527923584,-14,-8,-9,2,0,10,7,-9,-7,9,-27,-139,-2,5,sil
3.3007657527923584,-5,-7,-14,0,-3,4,10,0,5,12,-22,-203,-6,2,sil
3.3168156147003174,-5,-10,-16,-12,-9,-6,4,17,15,2,-20,-275,-6,-1,sil
3.3168156147003174,-6,-13,-23,-25,-10,-20,-10,5,6,-22,-12,-324,1,-11,sil
3.3328959941864014,-2,-5,-13,-23,0,-16,-14,-3,-9,-36,-1,-379,-4,-19,sil
3.3328959941864014,0,6,7,1,9,6,3,0,-7,-12,-1,-429,-11,-14,sil
3.348875045776367,0,9,22,21,14,22,17,1,0,9,-3,-247,-9,4,sil
3.348875045776367,5,2,22,16,13,23,24,6,8,18,10,184,5,27,sil
3.364143848419189,7,-7,3,0,7,7,20,14,15,25,23,454,25,27,sil
3.364143848419189,3,-13,-11,-19,-7,-15,-9,4,1,2,12,416,16,5,sil
3.38018012046814,1,-5,-4,-21,-9,-20,-32,-18,-17,-21,5,352,-3,-13,sil
3.38018012046814,3,9,16,6,1,-1,-17,-27,-17,-11,6,335,-14,-14,sil
3.3957316875457764,0,11,18,31,6,16,7,-14,0,9,3,246,-21,-10,sil
3.3957316875457764,-16,-8,-8,15,2,15,10,0,17,17,-10,140,-20,-6,sil
3.410819292068481,-17,-14,-20,-6,-3,5,7,9,19,12,-23,84,-8,6,sil
3.410819292068481,2,-3,-8,0,-7,3,15,18,22,12,-9,31,5,21,sil
3.4260687828063965,7,-14,-9,-8,-8,-8,2,15,16,9,-1,-49,6,16,sil
3.4260687828063965,6,-14,-4,-20,-5,-18,-20,9,5,5,0,-110,14,11,sil
3.4421091079711914,24,16,13,4,2,-5,-15,11,6,9,20,-133,34,19,sil
3.4421091079711914,28,24,12,11,0,-5,-12,7,-3,-3,19,-208,23,8,sil
3.456782579421997,8,1,-5,-8,-7,-20,-22,-15,-24,-35,-2,-301,0,-16,sil
3.456782579421997,-3,-4,-15,-13,-6,-18,-21,-28,-29,-44,-8,-217,-10,-23,sil
3.471819400787353,-12,4,-9,-8,-8,-9,-16,-18,-26,-22,-3,-19,-13,-22,sil
3.471819400787353,-16,0,-9,-12,-11,-14,-16,-16,-25,-6,-2,54,-11,-29,sil
3.4871342182159424,-8,0,-1,-12,-5,-14,-8,-9,-22,-16,-2,33,-8,-24,sil
3.4871342182159424,-1,13,10,6,10,12,12,4,-5,-13,5,48,-3,-11,sil
3.503352165222168,-10,13,6,17,18,27,18,2,3,4,3,58,-6,-3,sil
3.503352165222168,-16,2,0,16,12,20,18,2,-1,9,-12,32,-17,2,sil
3.518458604812622,-2,9,13,32,11,22,34,17,11,14,-9,22,-10,13,sil
3.518458604812622,7,12,27,34,11,24,33,20,28,29,3,31,0,25,sil
3.5336976051330566,1,-3,12,5,3,16,19,10,29,41,9,30,5,27,sil
3.5493171215057373,-4,-20,-8,-16,-6,2,17,8,22,33,1,13,8,11,sil
3.5493171215057373,-4,-24,-13,-23,-14,-8,9,3,8,3,-13,0,2,0,sil
3.564932107925415,-1,-17,-17,-20,-12,-14,-8,-5,4,-3,-11,0,6,3,sil
3.564932107925415,9,-6,-12,-17,-6,-19,-18,1,3,-2,6,7,28,15,sil
3.564932107925415,26,1,5,-10,-2,-19,-16,7,0,-9,27,19,45,17,sil
3.580136775970459,24,4,7,-8,-4,-13,-18,-3,-6,-15,29,14,30,2,sil
3.595710039138794,3,10,1,-6,0,-6,-19,-8,-11,-12,15,-2,0,-12,sil
3.595710039138794,0,21,10,14,14,3,-8,-5,-6,-4,10,-9,-9,-12,sil
3.610807180404663,0,12,14,27,17,7,-2,-13,-5,-4,0,-17,-17,-8,sil
3.610807180404663,-14,-3,2,17,8,10,0,-21,-15,-12,-23,-31,-37,-24,sil
3.6269125938415527,-17,1,-6,8,7,16,5,-14,-21,-19,-30,-34,-41,-31,sil
3.6269125938415527,-11,5,-8,2,0,12,4,-8,-29,-25,-29,-31,-36,-15,sil
3.643001556396485,-21,-8,-18,-1,-3,9,13,-8,-17,-7,-28,-34,-28,-10,sil
3.643001556396485,-23,-14,-22,-9,-1,3,18,7,15,21,-18,-20,-12,-9,sil
3.658194303512573,-3,-9,-8,-12,-8,-9,5,23,35,32,1,7,9,8,sil
3.658194303512573,1,-19,-3,-7,-17,-14,-6,16,26,25,7,14,20,22,sil
3.67386531829834,-2,-28,-3,-14,-17,-6,-5,11,19,17,2,14,15,22,sil
3.67386531829834,7,-18,0,-16,-7,-5,-4,18,27,19,13,31,24,26,sil
3.688831806182861,19,-4,6,-2,2,-15,-19,13,14,8,20,36,33,23,sil
3.688831806182861,25,11,17,7,5,-9,-25,0,-9,-21,16,27,24,7,sil
3.704065322875977,30,21,20,6,7,4,-12,-9,-18,-30,19,29,14,-1,sil
3.704065322875977,25,17,12,1,8,1,-5,-9,-26,-24,18,25,7,-4,sil
3.719752311706543,16,17,7,7,5,-1,-1,-3,-18,-16,18,7,13,-6,sil
3.719752311706543,4,16,2,8,3,7,10,-2,-2,-7,11,-4,10,-10,sil
3.735829114913941,-8,8,0,8,5,13,20,-3,3,6,-1,-9,-3,-12,sil
3.735829114913941,-12,11,8,17,9,9,20,-7,9,15,-1,-9,-5,-6,sil
3.75149130821228,-13,16,11,15,4,2,8,-8,1,7,-8,-13,-10,1,sil
3.75149130821228,-17,8,0,11,0,2,7,-2,-6,10,-23,-23,-22,0,sil
3.76678991317749,-14,-2,-6,5,-3,5,15,-3,0,15,-22,-22,-29,1,sil
3.76678991317749,-12,-8,-7,-8,-14,-4,10,-15,-9,-2,-23,-17,-38,0,sil
3.7828872203826895,-13,-12,-10,-11,-13,-12,3,-15,-21,-11,-27,-18,-34,-7,sil
3.7828872203826895,-7,-7,-9,-7,-4,-2,4,11,-2,1,-16,-7,-16,-2,sil
3.798956871032715,0,-9,-12,-13,-6,4,6,28,27,13,0,7,2,9,sil
3.798956871032715,-3,-22,-24,-26,-15,-11,-10,15,25,4,-1,3,9,4,sil
3.8142011165618896,-6,-11,-22,-16,-6,-17,-28,1,4,-13,1,1,9,-7,sil
3.8142011165618896,2,11,-10,2,13,2,-25,0,0,-15,26,13,21,-4,sil
3.829787254333496,10,3,1,-9,14,0,-26,-5,-2,-14,33,18,25,0,sil
3.829787254333496,12,-8,8,-14,8,-5,-25,-12,-11,-13,17,11,18,0,sil
3.845381736755371,13,0,10,8,15,4,-7,-10,-19,-5,9,7,7,-1,sil
3.845381736755371,11,10,18,22,20,11,9,-6,-24,1,8,4,-4,-2,sil
3.860432624816896,2,8,24,27,12,17,19,-7,-14,6,3,-6,-12,-11,sil
3.860432624816896,-14,-8,7,19,-3,23,29,1,0,9,-22,-24,-21,-11,sil
3.876500368118286,-18,-24,-12,0,-13,7,29,17,19,21,-36,-26,-14,5,sil
3.876500368118286,2,-14,-9,-13,-8,-11,7,22,30,24,-11,0,13,17,sil
3.892120599746704,16,1,5,-7,-5,-7,-7,22,25,11,11,19,32,17,sil
3.892120599746704,2,1,0,-3,-12,-6,-6,20,29,11,7,6,30,12,sil
3.907535076141357,-6,-5,-15,-21,-19,-25,-9,10,20,8,-6,-7,11,0,sil
3.907535076141357,2,0,-8,-21,-9,-20,-4,-3,-4,-7,2,1,2,-10,sil
3.9229252338409424,10,12,12,2,6,3,5,-12,-13,-13,24,14,7,-2,sil
3.9229252338409424,16,19,23,10,4,1,-5,-8,-7,-15,25,24,8,13,sil
3.938097476959229,31,25,25,12,1,-7,-8,-8,-5,-17,24,33,11,19,sil
3.938097476959229,24,25,23,16,7,4,0,-22,-22,-20,21,27,0,7,sil
3.954176902770996,-11,6,9,10,4,13,-3,-32,-37,-19,-5,-2,-27,-14,sil
3.954176902770996,-29,-10,-12,4,-1,8,-6,-27,-26,-11,-28,-30,-39,-23,sil
3.969658374786377,-24,0,-9,11,6,6,3,-10,-11,-9,-18,-28,-31,-15,sil
3.969658374786377,-20,11,4,28,19,22,18,5,0,2,-4,-14,-20,-5,sil
3.9847874641418457,-17,-2,-1,18,10,21,22,15,16,24,-15,-14,-18,2,sil
3.9847874641418457,-14,-22,-26,-18,-7,7,19,19,25,30,-29,-17,-14,4,sil
4.000880718231201,-16,-26,-42,-27,-9,4,14,18,19,19,-26,-18,-3,-1,sil
4.000880718231201,-8,-17,-24,-18,-5,0,10,16,11,9,-17,-16,2,1,sil
4.0219316482543945,12,-2,-2,-13,-8,-14,-2,7,15,12,-5,0,12,10,sil
4.0219316482543945,18,0,-4,-11,-9,-28,-36,-7,-2,0,-1,13,16,5,sil
4.0219316482543945,7,0,-1,-3,0,-28,-50,-17,-23,-13,7,13,16,-5,sil
4.033028602600098,9,5,9,1,4,-16,-25,-16,-12,-4,26,9,21,-10,sil
4.048697471618652,10,0,5,-9,-4,-9,-12,-13,-7,-8,13,2,6,-13,sil
4.048697471618652,0,-3,0,-7,-11,-6,-12,-9,-12,-22,0,-5,-4,-16,sil
4.063876628875732,1,8,5,2,2,-4,0,5,-3,-14,17,5,6,-6,sil
4.063876628875732,18,15,17,2,11,-1,10,24,4,-1,32,23,18,9,sil
4.078915357589722,16,15,22,8,8,5,5,24,9,2,30,21,19,13,sil
4.078915357589722,6,17,20,23,4,14,4,15,10,6,15,15,11,16,sil
4.094336986541748,3,11,15,27,2,25,24,9,15,17,0,7,2,18,sil
4.094336986541748,-12,-4,0,12,0,24,34,1,14,10,-17,-13,-14,1,sil
4.110132217407227,-29,-15,-6,1,0,12,23,-6,1,-4,-28,-27,-34,-12,sil
4.110132217407227,-15,-15,-8,0,1,10,17,-6,2,4,-24,-18,-25,2,sil
4.1258544921875,0,-17,-17,-9,-7,2,11,-1,12,16,-22,-6,-5,18,sil
4.1258544921875,0,-18,-19,-26,-10,-12,-4,2,2,4,-17,2,4,9,sil
4.141958713531494,1,-11,-11,-29,-1,-20,-19,-1,-14,-13,-2,10,8,-5,sil
4.141958713531494,4,1,0,-14,6,-14,-19,-9,-16,-22,14,9,11,-10,sil
4.157083749771118,8,16,5,3,8,-4,-12,-12,-3,-7,24,6,19,-7,sil
4.157083749771118,8,14,4,-5,2,-4,-14,-8,-10,-5,14,3,9,-9,sil
4.172857999801636,0,10,9,-3,0,-5,-15,-4,-14,-12,7,-1,-6,-12,sil
4.172857999801636,0,19,20,24,13,5,-1,0,1,6,16,0,-4,0,sil
4.187718868255615,9,22,16,32,16,25,15,11,16,27,9,6,0,16,sil
4.203358888626099,1,1,-4,21,1,30,24,10,18,24,-6,0,-3,6,sil
4.203358888626099,-23,-23,-19,-1,-13,10,16,-4,3,4,-21,-21,-19,-10,sil
4.219103813171387,-27,-28,-22,-28,-21,-3,4,-3,0,-4,-27,-22,-17,-7,sil
4.219103813171387,-4,-22,-22,-36,-20,-17,-10,4,4,-2,-14,-1,6,0,sil
4.219103813171387,7,-14,-10,-30,-18,-38,-31,-5,-15,-14,-1,7,6,-2,sil
4.234722852706909,5,3,4,-14,-6,-34,-35,-20,-37,-34,7,5,0,-13,sil
4.249730825424194,6,22,11,5,4,-12,-24,-15,-41,-41,10,6,1,-17,sil
4.249730825424194,0,20,15,19,7,3,-3,-5,-28,-18,1,0,-3,-13,sil
4.265298843383789,-7,7,11,22,8,18,19,0,3,19,-13,-14,-13,-2,sil
4.265298843383789,-2,3,13,24,12,24,28,10,25,30,-13,-7,-9,11,sil
4.280831813812256,3,0,15,32,12,21,26,12,27,23,-3,0,-5,17,sil
4.280831813812256,-5,-10,1,17,0,14,19,3,18,19,-10,-13,-15,9,sil
4.29625129699707,-7,-13,-14,0,-7,5,13,7,23,27,-11,-5,-3,8,sil
4.29625129699707,8,-2,-7,7,-2,-3,10,19,39,27,10,19,23,23,sil
4.311766624450684,19,1,10,9,0,-4,3,26,29,2,17,22,22,31,sil
4.311766624450684,16,0,0,-1,-1,-7,-7,19,15,-2,17,14,17,18,sil
4.327519178390503,7,0,-13,-3,0,-22,-23,1,5,2,22,18,22,3,sil
4.327519178390503,7,8,-1,0,-3,-18,-24,-12,-14,-15,24,21,19,-3,sil
4.343029260635376,17,15,10,5,-1,0,-9,-13,-27,-27,27,21,13,-8,sil
4.343029260635376,16,10,7,0,2,-1,-3,-11,-27,-25,18,16,6,-8,sil
4.359078645706177,6,9,6,-4,4,-8,-3,-13,-25,-27,4,0,0,-17,hello
4.359078645706177,0,9,4,-2,4,-4,-3,-15,-27,-28,-3,-9,-7,-24,hello
4.375085115432739,-8,4,0,-1,7,1,-2,-9,-17,-11,-9,-11,-11,-14,hello
4.375085115432739,-18,3,-3,-6,11,7,-2,-5,2,12,-13,-21,-7,-9,hello
4.390114068984985,-22,0,-7,-23,5,12,-6,-4,4,14,-20,-34,-19,-17,hello
4.390114068984985,-24,-15,-21,-34,4,18,5,0,2,13,-23,-34,-21,-12,hello
4.405717611312866,-24,-26,-35,-39,6,20,24,6,8,25,-22,-28,-3,8,hello
4.405717611312866,-20,-28,-27,-50,-6,10,21,8,11,21,-31,-30,-8,9,hello
4.421079158782959,-16,-35,-30,-54,-18,2,7,11,12,0,-34,-27,-20,-3,hello
4.421079158782959,-10,-38,-33,-54,-18,-7,-2,17,5,-5,-10,0,0,2,hello
4.436280965805054,1,-12,-4,-30,-7,-16,-9,3,0,1,24,25,20,12,hello
4.436280965805054,11,20,28,17,0,-9,-10,-19,-5,-5,27,23,2,0,hello
4.451878547668457,12,29,43,56,5,12,1,-12,-5,-1,7,17,-13,-1,hello
4.451878547668457,9,19,38,69,5,24,15,6,15,25,1,18,-3,16,hello
4.466960191726685,3,8,18,49,-2,1,4,6,16,4,-6,15,-4,12,hello
4.466960191726685,11,12,13,35,-7,-20,-16,0,-6,-28,2,27,6,-1,hello
4.48315167427063,29,30,37,62,2,-15,-8,1,-11,-15,30,39,24,2,hello
4.48315167427063,20,34,44,76,7,3,20,0,-1,1,16,15,6,6,hello
4.499217510223389,0,9,8,46,3,18,36,2,6,2,-21,-16,-11,2,hello
4.499217510223389,0,-13,-16,2,-2,3,14,10,4,-4,-33,-18,-11,2,hello
4.514353752136231,12,-8,-13,-10,-6,-24,-15,2,-4,-18,-8,-6,-4,-2,hello
4.514353752136231,13,4,-10,-12,1,-20,-25,-11,-5,-9,23,2,12,-4,hello
4.530035018920898,5,1,-11,-26,9,-2,-22,-5,-2,2,34,8,22,0,hello
4.530035018920898,-3,-5,-15,-32,3,-12,-29,-6,-13,-11,24,-9,8,-10,hello
4.5451953411102295,-15,-7,-18,-24,-5,-21,-35,-17,-24,-20,3,-30,-17,-20,hello
4.5451953411102295,-27,-11,-14,-23,0,6,-5,-7,-3,13,-5,-22,-19,-10,hello
4.560851335525513,-24,-18,-15,-29,9,24,22,9,25,42,-4,-7,4,2,hello
4.560851335525513,-4,-17,-13,-32,0,1,11,17,29,27,-5,2,22,14,hello
4.57605504989624,12,-6,-3,-24,-11,-13,3,14,24,12,6,19,29,20,hello
4.57605504989624,9,3,6,-14,0,-5,1,0,5,1,16,20,19,3,hello
4.59179425239563,0,10,12,1,14,12,0,-11,-14,-7,2,0,0,-14,hello
4.59179425239563,-3,7,7,16,5,26,14,-4,-1,9,-5,-8,-1,0,hello
4.607362985610962,1,-1,0,12,-8,24,29,4,10,19,-10,0,-4,18,hello
4.607362985610962,5,-2,-1,7,-5,18,23,1,0,4,-20,-1,-18,11,hello
4.623270988464356,-6,-9,-14,-4,-7,0,0,-2,-18,-16,-36,-13,-25,-2,hello
4.623270988464356,-15,-19,-27,-28,-17,-20,-14,-1,-20,-28,-29,-10,-10,-3,hello
4.638764381408691,3,-2,-13,-21,-8,-13,-7,5,-5,-24,5,7,10,-1,hello
4.638764381408691,18,20,6,-1,5,-1,-7,5,-8,-26,16,13,3,-5,hello
4.654113054275513,4,18,10,6,3,-10,-16,-8,-16,-25,6,3,-8,-11,hello
4.654113054275513,-2,15,20,20,2,-8,-6,-8,-4,2,12,0,-2,-5,hello
4.669465065002441,1,25,38,41,14,19,14,6,11,27,13,0,-4,3,hello
4.669465065002441,-10,5,18,32,16,30,20,5,11,21,-9,-16,-22,0,hello
4.684727430343628,-27,-28,-15,1,0,2,9,0,5,10,-26,-23,-28,-10,hello
4.684727430343628,-10,-20,-10,-2,0,-2,8,7,20,23,-2,0,0,0,hello
4.699849843978882,13,-2,5,0,10,9,5,11,28,17,15,20,22,13,hello
4.699849843978882,7,-11,-2,-7,1,-9,-16,0,3,-13,5,16,15,0,hello
4.715237617492676,0,-7,-11,-2,-7,-36,-37,-15,-22,-26,2,11,6,-15,hello
4.731107234954834,6,6,0,-4,-5,-29,-32,-16,-31,-34,7,13,1,-17,hello
4.731107234954834,7,11,4,-12,-1,-10,-5,-6,-25,-33,9,2,0,-13,hello
4.746814727783203,-2,11,-1,-1,-2,-7,0,-10,-18,-14,7,-14,-3,-12,hello
4.746814727783203,-5,10,5,14,-1,1,-6,-13,-15,-1,-5,-18,-16,-9,hello
4.746814727783203,0,7,13,20,0,21,10,1,3,12,-13,-16,-16,2,hello
4.762218952178955,2,-4,6,9,-2,21,26,13,19,30,-9,-9,-6,21,hello
4.777822494506836,3,-19,-3,-3,-9,2,15,12,22,37,0,7,10,26,hello
4.777822494506836,9,-18,-8,-7,-4,-3,5,17,27,32,3,17,26,24,hello
4.793009281158447,10,-11,-9,-19,-1,1,3,24,31,20,2,11,26,24,hello
4.793009281158447,7,-11,-14,-28,-10,-3,-1,8,19,1,2,7,20,10,hello
4.80816125869751,7,0,-14,-23,-5,-16,-14,-11,-10,-25,5,11,14,-4,hello
4.80816125869751,4,24,-1,0,11,1,-10,-11,-18,-20,17,10,15,-7,hello
4.823816537857056,-6,29,9,23,15,28,10,-3,0,7,25,0,12,-5,sil
4.823816537857056,-8,25,16,35,11,28,25,3,7,14,15,-7,-2,2,sil
4.839283466339111,-1,14,8,27,8,21,28,4,12,17,0,-11,-10,8,sil
4.839283466339111,-15,-13,-13,-5,-7,0,5,-5,5,10,-28,-25,-25,-5,sil
4.855025768280029,-26,-29,-21,-26,-18,-28,-19,-13,-9,-16,-36,-27,-30,-15,sil
4.855025768280029,1,-12,-8,-10,-1,-36,-19,-4,-3,-21,-3,0,-1,0,sil
4.8701136112213135,22,5,3,-2,6,-27,-18,0,-2,-10,17,23,13,3,sil
4.8701136112213135,7,8,15,3,3,-10,-19,-14,-24,-11,11,17,-5,-12,sil
4.886205673217773,-3,4,28,17,11,12,1,-16,-32,-7,-1,1,-20,-6,sil
4.886205673217773,-1,-1,16,11,7,25,23,7,-6,13,-10,-4,-11,9,sil
4.901725769042969,-2,-10,-11,-9,-9,7,11,17,14,16,-9,-1,0,3,sil
4.901725769042969,0,-10,-14,-12,-10,-8,-10,9,1,-7,-8,8,0,-4,sil
4.917076826095581,6,3,-3,-4,0,-5,-13,3,-5,-17,-1,11,5,-6,sil
4.917076826095581,3,8,-5,-13,-1,-12,-22,-7,-11,-27,-2,0,4,-18,sil
4.933243036270142,-3,1,-8,-21,-7,-21,-25,-16,-26,-39,-7,-7,-8,-28,sil
4.933243036270142,-4,3,-1,-4,1,0,0,-10,-19,-22,4,-9,-8,-22,sil
4.9490063190460205,-6,5,10,13,15,30,23,0,-3,-2,6,-8,-7,-6,sil
4.9490063190460205,-14,-7,6,14,12,37,27,0,0,13,-11,-6,-11,2,sil
4.964412689208984,-24,-28,-15,-5,-5,17,14,-1,4,25,-26,-19,-11,3,sil
4.964412689208984,-18,-25,-18,-21,-15,-1,4,13,23,28,-10,-19,3,13,sil
4.980047464370728,4,-8,-5,-8,-5,-1,8,32,42,33,17,8,30,32,sil
4.980047464370728,20,-2,1,0,1,-5,3,26,36,26,21,23,31,28,sil
4.99608588218689,22,6,9,2,0,-18,-7,1,21,12,19,19,21,12,sil
4.99608588218689,23,25,18,16,0,-17,-15,-14,1,-1,25,22,21,7,sil
5.0120813846588135,26,30,29,31,3,-5,-11,-14,-14,-9,22,18,12,7,sil
5.0120813846588135,22,19,30,39,10,5,3,-13,-9,-1,12,0,-4,2,sil
5.026714086532593,0,5,9,22,2,7,10,-11,-6,3,-8,-13,-20,-3,sil
5.026714086532593,-26,-5,-16,1,-9,12,12,-5,-4,1,-25,-27,-24,-12,sil
5.042261123657227,-25,-15,-24,-9,-3,10,9,2,6,10,-17,-25,-14,-8,sil
5.042261123657227,-8,-14,-17,-16,1,-4,3,15,13,13,2,0,1,7,sil
5.057371139526367,2,-5,-14,-14,-4,-14,-5,14,11,-4,14,15,11,9,sil
5.057371139526367,4,-6,-14,-21,-11,-23,-25,4,-10,-31,3,10,4,-7,sil
5.073071002960205,3,0,-7,-25,-6,-28,-30,-3,-29,-33,-4,9,0,-16,sil
5.073071002960205,4,27,9,1,10,-14,-10,-9,-20,-17,5,13,0,-8,sil
5.08873462677002,4,33,21,20,18,5,1,-3,-6,-9,5,7,-6,-1,sil
5.08873462677002,-2,13,10,13,8,16,7,0,-2,-1,-9,-5,-9,-7,sil
5.104766845703125,-15,0,-1,4,1,21,13,-9,-5,0,-24,-22,-14,-13,sil
5.104766845703125,-10,-4,-3,8,6,28,22,-8,2,9,-21,-16,-10,0,sil
5.120290517807007,3,-17,-9,-1,7,23,26,12,18,29,-8,5,7,20,sil
5.120290517807007,-1,-30,-18,-26,-7,1,13,21,14,14,-10,0,7,15,sil
5.135413885116577,-9,-29,-19,-36,-19,-16,-5,2,0,-17,-8,-10,0,-6,sil
5.135413885116577,7,-15,-4,-22,-13,-16,-20,-11,-10,-18,11,13,12,-9,sil
5.1510961055755615,21,4,21,5,0,-6,-23,-11,-16,-2,32,28,21,-1,sil
5.1510961055755615,7,19,28,22,4,-3,-13,-15,-15,-7,24,0,3,-5,sil
5.166168928146362,-5,21,20,16,-2,0,0,-11,-5,-16,1,-16,-16,-6,sil
5.166168928146362,-7,13,12,16,0,15,9,0,7,1,-7,-11,-12,-3,sil
5.181748867034912,-14,-1,0,12,1,14,12,-1,5,14,-13,-13,-14,-7,sil
5.181748867034912,-13,-9,-7,1,0,2,10,5,7,8,-13,-9,-16,0,sil
5.196988105773926,3,-1,-3,4,3,4,6,19,20,15,-2,1,5,16,sil
5.213030815124512,6,0,-1,5,5,5,5,17,16,21,-1,1,13,19,sil
5.213030815124512,-3,-19,-15,-8,0,-9,0,6,12,21,-2,-4,2,10,sil
5.213030815124512,0,-24,-18,-17,-5,-23,-17,4,12,11,2,0,2,4,sil
5.2276599407196045,11,-4,-5,-9,-4,-21,-24,1,0,-6,6,14,14,0,sil
5.2276599407196045,5,0,-11,-12,-2,-22,-23,-14,-20,-21,13,17,13,-12,sil
5.243310451507568,0,5,-9,-17,0,-19,-19,-20,-33,-30,15,11,-1,-18,sil
5.258800983428955,12,34,27,21,14,8,7,-5,-18,-13,16,12,4,-1,sil
5.258800983428955,16,36,39,40,18,22,22,4,-1,0,8,6,6,9,sil
5.27407693862915,-4,7,7,4,2,8,2,-2,-5,-9,-5,-15,-15,-4,sil
5.27407693862915,-13,-3,-6,-11,-6,10,0,-13,-4,-9,-13,-24,-22,-15,sil
5.290025234222412,0,-5,2,1,-7,15,11,-1,4,9,-11,-6,-4,1,sil
5.290025234222412,4,-7,-1,5,-3,10,14,5,13,23,0,7,12,16,sil
5.305718421936035,-9,-6,-13,-1,3,8,13,0,12,18,1,0,4,10,sil
5.305718421936035,-21,-11,-13,-10,-2,4,11,13,13,15,-13,-8,-13,0,sil
5.320797920227051,-12,-17,-16,-13,-11,-1,12,35,36,28,-13,-2,0,4,sil
5.320797920227051,-2,-14,-16,-19,-6,-3,10,37,46,18,-10,4,12,15,sil
5.335923194885254,0,-4,-11,-18,0,-5,0,19,24,-9,0,9,8,5,sil
5.335923194885254,5,9,-1,-2,2,-16,-16,-9,-8,-17,19,18,6,-10,sil
5.351540327072144,12,20,15,13,7,-17,-17,-35,-36,-18,17,20,2,-6,sil
5.351540327072144,18,18,19,18,8,-4,-11,-35,-39,-22,5,10,3,-2,sil
5.367192983627319,19,13,14,10,4,-2,-20,-16,-32,-25,9,3,6,-9,sil
5.367192983627319,14,11,23,16,5,0,-21,-8,-24,-18,13,-1,-7,-14,sil
5.383302211761475,5,4,23,28,1,6,-6,-9,-22,-11,-2,-17,-29,-10,sil
5.383302211761475,-7,-6,1,10,-10,3,5,0,-24,-13,-22,-25,-30,-4,sil
5.398355007171631,-22,-15,-15,-5,-12,5,17,0,-9,-1,-20,-23,-14,-3,sil
5.398355007171631,-28,-17,-15,-3,-2,13,22,-4,6,9,-20,-26,-14,0,sil
5.413680076599121,-14,-13,-12,0,2,11,16,5,17,14,-23,-20,-12,7,sil
5.414096355438232,1,-13,-13,-13,2,2,10,16,29,18,-10,1,5,14,sil
5.428832530975342,0,-12,-15,-27,-1,-3,1,19,29,15,5,11,20,11,sil
5.428832530975342,-5,-4,-16,-23,-1,-3,-8,16,18,15,13,4,31,0,sil
5.444795370101929,4,0,-8,-15,0,-11,-14,10,7,8,13,10,31,-2,sil
5.444795370101929,18,5,8,-8,0,-16,-9,4,7,2,19,30,26,10,sil
5.4600911140441895,26,21,20,5,8,-11,-11,-6,6,-1,30,35,25,10,sil
5.4600911140441895,19,30,23,13,9,-8,-13,-19,-12,-10,19,18,8,-5,sil
5.476116180419922,-5,15,13,8,1,0,3,-22,-21,-13,0,-6,-13,-15,sil
5.476116180419922,-27,-8,0,-1,0,13,15,-9,-12,-4,-14,-14,-26,-11,sil
5.491751909255981,-19,-15,4,3,1,23,13,4,-6,4,-16,-10,-22,0,sil
5.491751909255981,-6,-10,2,15,-5,20,14,2,-1,14,-13,-15,-11,4,sil
5.506802082061768,-11,-8,-7,8,-13,4,7,0,6,16,-13,-16,-10,2,sil
5.506802082061768,-1,-5,-9,-6,-7,-8,-9,6,17,16,0,4,1,13,sil
5.522819995880127,20,0,-2,-11,0,-19,-20,9,16,0,19,23,22,18,sil
5.522819995880127,22,10,6,0,0,-16,-18,0,-3,-21,21,17,12,-5,sil
5.538757085800171,5,19,8,17,4,2,-2,-17,-19,-20,2,-3,-17,-19,sil
5.538757085800171,-8,1,-2,10,1,15,14,-5,-7,-2,-18,-18,-25,0,sil
5.553913116455078,-4,-14,-14,-6,-1,5,16,24,24,11,-8,-2,7,10,sil
5.553913116455078,11,1,-6,-7,4,-13,-5,15,13,-4,5,11,19,-4,sil
5.56993556022644,5,18,8,11,7,-4,-7,-13,-22,-24,-12,-13,-17,-18,sil
5.56993556022644,-16,1,-1,15,7,21,20,-5,-1,1,-26,-30,-25,-10,sil
5.585152626037598,-8,-14,-17,-12,0,4,13,14,26,19,-2,3,9,9,sil
5.585152626037598,13,0,-4,-18,-6,-21,-17,-1,0,-6,24,24,23,9,sil
5.600730419158936,2,12,10,7,0,0,-13,-18,-23,-12,17,-2,1,-2,sil
5.600730419158936,-13,-2,0,5,3,12,8,0,-6,14,-1,-10,-10,3,sil
5.615911483764648,-8,-23,-18,-18,-4,-9,0,7,-2,6,-5,3,-7,5,sil
5.615911483764648,-8,-33,-23,-31,-19,-19,-19,-1,-23,-27,-15,-10,-11,-7,sil
5.632007837295532,-5,-25,-13,-23,-15,-5,-14,0,-10,-16,-10,-14,2,-4,sil
5.632007837295532,19,4,8,1,6,-4,-1,3,9,4,20,18,25,9,sil
5.647617816925049,28,32,35,31,20,1,4,0,-2,-4,34,34,20,4,sil
5.647617816925049,4,26,30,35,10,12,5,-8,-9,-5,19,10,6,-11,sil
5.6630167961120605,-14,6,13,14,-5,5,0,-8,-6,2,-1,-14,-9,-18,sil
5.6630167961120605,-14,3,9,13,-2,11,8,0,0,15,-15,-23,-15,-7,sil
5.678114652633667,-5,4,6,20,8,29,28,9,17,36,-16,-11,-3,14,sil
5.678114652633667,4,0,3,3,8,23,31,17,29,38,-11,4,3,29,sil
5.693718194961548,9,-4,-5,-14,7,3,18,8,24,20,-6,9,7,18,sil
5.693718194961548,0,-10,-20,-23,0,-8,-1,-4,2,-4,-10,1,0,0,sil
5.709816694259644,-3,-10,-24,-22,-8,-13,-17,-4,-5,-16,-11,0,-5,-11,sil
5.709816694259644,0,-1,-17,-19,-4,-19,-29,-5,-2,-20,-2,6,3,-10,sil
5.724964380264282,8,6,2,-14,0,-25,-38,-6,-13,-27,2,13,7,-6,sil
5.724964380264282,7,18,24,6,3,-12,-25,-5,-12,-10,14,9,4,-3,sil
5.741046905517578,0,22,20,20,8,5,-4,-4,1,10,19,0,0,0,sil
5.741046905517578,-8,8,5,15,3,13,10,-4,-1,7,7,-3,-7,-2,sil
5.755694389343262,-15,-9,-11,5,-3,18,26,-3,-8,-2,-11,-14,-19,-7,sil
5.771759748458862,-18,-15,-20,-7,-6,17,29,3,2,0,-22,-20,-21,2,sil
5.771759748458862,-8,-9,-16,-8,-5,9,21,10,16,5,-12,-10,0,17,sil
5.787798643112183,-1,-14,-11,-11,-12,-9,0,10,12,0,-1,0,10,12,sil
5.787798643112183,-8,-23,-20,-26,-21,-23,-22,0,2,-12,1,2,4,-7,sil
5.787798643112183,0,-16,-18,-25,-14,-25,-29,-9,-3,-18,6,2,5,-23,sil
5.8040502071380615,20,0,6,-7,-1,-23,-22,-4,-17,-20,13,11,6,-17,sil
5.8040502071380615,27,7,24,9,4,-11,-6,0,-18,-9,28,19,10,0,sil
5.819122076034546,20,9,30,23,4,3,8,4,0,6,32,14,12,10,sil
5.819122076034546,10,13,31,36,9,13,17,15,11,20,20,4,10,15,sil
5.834708213806152,-1,10,10,33,14,15,18,12,9,28,10,-4,10,9,sil
5.834708213806152,-12,1,-5,10,8,14,15,4,6,15,-7,-11,0,0,sil
5.850744724273682,-8,-1,-2,2,8,20,22,2,20,12,-25,-11,-13,6,sil
5.866351127624512,3,-4,-5,-4,5,10,11,-5,12,6,-25,-5,-18,9,sil
5.866351127624512,12,3,-10,-16,-4,-14,-20,-15,-14,-15,-7,5,-3,-8,sil
5.866351127624512,6,19,0,-1,4,-14,-24,-18,-20,-19,7,12,13,-17,sil
5.881917715072632,-11,14,4,14,12,5,-6,-12,-19,-9,-13,-5,-10,-11,sil
5.881917715072632,-25,0,-5,6,2,11,1,-3,-13,-4,-33,-27,-38,-15,sil
5.897342681884766,-22,0,-7,0,1,5,-1,0,-1,-4,-22,-26,-28,-14,sil
5.912963628768921,-14,-4,-2,1,1,7,2,3,2,0,-15,-16,-11,1,sil
5.912963628768921,-7,-18,-9,-5,-7,7,10,11,8,8,-9,-5,1,18,sil
5.928922176361084,2,-22,-15,-26,-11,-8,6,18,14,13,5,11,13,26,sil
5.928922176361084,10,-13,-9,-32,-5,-16,-4,12,11,4,21,23,25,18,sil
5.928922176361084,14,-2,-3,-20,-5,-17,-20,-4,-2,-13,26,24,24,4,sil
5.944205045700073,16,3,-1,-18,-11,-22,-26,-13,-26,-35,17,17,7,-7,sil
5.959726572036743,8,7,-1,-18,-7,-13,-18,-17,-34,-31,8,0,-1,-21,sil
5.959726572036743,-2,13,11,3,4,7,-4,-11,-15,-4,8,-2,0,-15,sil
5.974914789199829,0,16,26,38,14,26,16,5,14,21,14,4,5,5,sil
5.974914789199829,2,9,17,38,7,24,24,15,27,32,5,1,2,10,sil
5.990080118179321,-3,0,5,12,-4,15,20,14,18,33,-5,-4,0,5,sil
5.990080118179321,3,-2,3,11,-3,22,26,12,30,46,3,-1,13,14,sil
6.005717992782593,17,0,5,12,0,18,25,15,43,44,4,6,20,27,sil
6.005717992782593,11,-4,-2,-7,0,-7,7,8,26,16,-6,11,10,21,sil
6.025811195373535,0,-16,-19,-25,-1,-31,-15,-16,-9,-22,-16,3,-7,-2,sil
6.025811195373535,0,-14,-15,-20,-5,-38,-27,-26,-30,-43,-21,0,-18,-26,sil
6.025811195373535,0,5,0,-4,1,-27,-18,-10,-20,-32,-1,4,-5,-29,sil
6.036872148513794,-11,11,1,0,8,-14,-18,-9,-21,-34,9,-3,-3,-25,sil
6.05203104019165,-23,1,2,2,0,-9,-25,-25,-40,-47,-8,-20,-25,-31,sil
6.05203104019165,-13,6,15,19,2,4,-4,-15,-32,-25,-8,-14,-24,-20,sil
6.068035364151001,0,13,25,25,12,24,21,9,-2,8,4,-6,-9,6,sil
6.068035364151001,-12,0,4,15,1,31,23,4,18,22,-3,-18,-2,11,sil
6.08321738243103,-24,-20,-24,-6,-14,18,11,5,21,21,-12,-20,-1,2,sil
6.08321738243103,-9,-19,-20,-19,-13,1,11,28,25,23,2,0,8,11,sil
6.099299430847168,10,-7,-3,-13,-2,-6,7,30,32,20,13,12,20,19,sil
6.099299430847168,20,2,-4,-10,-2,-10,-7,17,13,-3,8,13,19,13,sil
6.115135908126831,20,11,-10,-13,-2,-8,-15,8,-12,-20,12,15,15,6,sil
6.115135908126831,7,9,-2,-10,2,-5,-10,-3,-17,-13,8,7,2,1,sil
6.13078236579895,2,7,11,7,7,6,1,-10,-3,8,-1,2,-1,1,sil
6.13078236579895,7,9,15,28,10,19,7,-11,3,21,-1,7,-2,7,sil
6.146276235580444,0,-2,5,14,5,13,1,-10,-9,7,-12,-3,-21,10,sil
6.146276235580444,-3,-18,-10,-11,0,-1,-5,-1,-6,5,-14,-14,-16,12,sil
6.161985874176025,3,-12,-16,-21,-4,-19,-14,3,0,6,2,-1,14,6,sil
6.161985874176025,3,3,-8,-16,-6,-30,-23,-7,-9,-14,12,11,17,-10,sil
6.177727222442627,0,8,0,-2,-1,-15,-8,-21,-17,-27,12,5,-1,-25,sil
6.177727222442627,0,11,8,6,3,6,10,-10,-15,-21,3,-2,-11,-26,sil
6.192812204360962,-6,11,7,9,0,13,15,4,-3,-6,-5,-7,-9,-14,sil
6.192812204360962,-13,-4,0,4,-3,7,14,5,13,10,-6,-10,-2,1,sil
6.2084784507751465,-9,-10,4,9,2,13,21,5,22,23,-4,-4,2,9,sil
6.2084784507751465,-3,2,9,24,11,22,21,3,17,22,-5,-3,0,8,sil
6.223840713500977,-3,-1,2,8,0,10,-1,-1,2,9,-11,-9,-10,8,hello
6.224351406097412,4,-9,-2,-9,-6,1,-7,4,9,12,-8,-1,0,6,hello
6.23903751373291,17,-2,-5,-3,3,-5,-6,8,19,4,1,15,23,4,hello
6.23903751373291,22,8,3,-1,1,-24,-25,-3,-4,-27,16,28,25,3,hello
6.254739284515381,29,24,27,10,3,-20,-24,-9,-17,-18,37,36,19,7,hello
6.254739284515381,23,30,36,29,14,2,5,2,-2,9,26,27,7,10,hello
6.270360231399536,-10,2,4,15,4,14,24,4,-2,0,-13,-10,-23,-4,hello
6.270360231399536,-37,-27,-26,-10,-12,9,23,0,-9,-13,-38,-37,-46,-19,hello
6.286076068878174,-24,-26,-25,-24,-13,3,16,8,2,6,-26,-23,-25,-7,hello
6.286076068878174,-11,-18,-21,-32,-8,-11,-1,14,14,9,-4,-4,3,2,hello
6.302109241485596,-15,-20,-16,-37,-16,-31,-29,1,-7,-22,-5,0,2,-4,hello
6.302109241485596,0,-1,4,-15,-15,-21,-32,-8,-18,-22,11,12,13,-6,hello
6.31738018989563,20,26,20,10,4,-4,-16,-10,-5,-3,39,18,30,-2,hello
6.31738018989563,3,22,14,23,16,4,-10,-13,-10,-2,14,-2,5,-5,hello
6.333168029785156,-13,0,0,25,7,25,2,-10,-7,18,-12,-20,-12,-7,hello
6.333168029785156,-13,-8,-11,0,0,32,19,5,13,30,-10,-22,-8,-1,hello
6.348711013793945,-12,-8,-16,-18,0,10,21,14,21,6,-14,-22,-5,3,hello
6.348711013793945,-2,-10,-19,-15,-1,-10,2,6,13,0,-6,-5,10,12,hello
6.364027261734009,9,-4,-7,-14,-6,-19,-19,0,-6,-1,14,20,17,8,hello
6.364027261734009,8,9,11,1,1,-8,-6,-9,-22,-20,5,9,-9,-12,hello
6.37946891784668,0,4,7,10,5,9,20,-9,-15,-21,-31,-21,-38,-9,hello
6.37946891784668,-5,-15,-12,-3,-4,8,19,6,13,0,-38,-23,-27,9,hello
6.394977807998657,-4,-17,-20,-9,-4,-3,0,13,25,12,-12,0,-1,6,hello
6.394977807998657,7,0,-5,-4,4,-7,-8,1,2,5,7,16,11,0,hello
6.411083936691284,20,16,12,1,8,-1,-9,-4,-11,-5,23,24,24,2,hello
6.411083936691284,24,22,28,15,9,1,-8,-2,-8,-7,33,24,24,2,hello
6.426938772201538,17,22,31,26,12,12,11,-7,-6,5,25,11,9,0,hello
6.426938772201538,5,19,20,33,13,22,32,-7,1,25,11,-3,7,0,hello
6.443052768707275,-1,4,7,22,6,20,24,14,21,32,4,-1,14,13,hello
6.443052768707275,-4,-11,-9,0,0,10,12,26,39,32,5,6,13,28,hello
6.458909749984741,-5,-22,-20,-19,-6,-3,2,11,22,16,0,7,5,21,hello
6.458909749984741,7,-16,-10,-17,-13,-16,-17,3,0,-1,8,14,10,9,hello
6.47431230545044,14,-1,-2,-8,-11,-23,-37,0,-4,-15,22,19,18,2,hello
6.47431230545044,-6,6,-2,-13,-5,-26,-39,-17,-17,-38,2,2,-4,-20,hello
6.490185737609863,-20,8,5,-1,-1,-9,-12,-25,-25,-37,-17,-16,-31,-38,hello
6.490185737609863,-15,5,8,14,-1,6,13,-20,-18,-17,-19,-24,-37,-32,hello
6.505873203277588,-22,-4,0,4,-6,8,16,-19,-24,-14,-30,-28,-41,-22,hello
6.505873203277588,-28,-13,-11,-6,-6,7,7,-15,-19,-11,-40,-27,-37,-14,hello
6.5219361782073975,-12,-8,-3,-6,-11,-2,-8,3,-2,-5,-31,-8,-21,-2,hello
6.5219361782073975,8,-1,5,-1,-15,-16,-19,20,8,1,0,16,14,8,hello
6.537976026535034,19,2,3,-3,-4,-17,-21,20,13,3,23,29,35,15,hello
6.537976026535034,21,15,12,4,8,-10,-17,13,8,2,24,27,24,8,hello
6.5539870262146,17,25,29,27,16,-3,-3,1,-5,3,24,18,17,-1,hello
6.5539870262146,13,21,35,35,16,7,14,-4,-16,0,20,10,8,6,hello
6.569510221481323,7,14,18,26,12,24,33,-1,-6,6,8,-1,-4,15,hello
6.569510221481323,-11,-6,-15,6,4,22,31,-2,-1,13,-11,-24,-14,3,hello
6.585525989532471,-26,-34,-38,-23,-3,4,10,-1,-2,3,-28,-36,-22,-8,hello
6.585525989532471,-11,-35,-37,-38,0,2,4,9,15,5,-16,-26,-12,-3,hello
6.601544618606567,4,-20,-31,-46,3,10,3,20,26,5,-5,-11,9,10,hello
6.601544618606567,3,-7,-27,-47,6,5,-3,12,21,-2,1,0,27,8,hello
6.6169421672821045,-3,3,-18,-31,9,-3,-5,-6,7,0,17,1,23,-7,hello
6.6169421672821045,-16,1,-14,-12,2,4,1,-9,-4,16,2,-18,-8,-14,hello
6.632128477096558,-21,-12,-22,-11,-4,18,7,7,15,32,-27,-26,-16,-1,hello
6.632128477096558,0,-10,-14,-22,-7,-5,-8,16,27,20,-7,2,8,8,hello
6.64775538444519,16,8,12,-9,-9,-31,-28,-6,-6,-11,30,23,17,0,hello
6.64775538444519,5,16,23,23,-6,-8,-9,-30,-32,-18,16,9,-6,-9,hello
6.6629908084869385,0,7,26,38,-3,16,23,-13,-12,-1,-13,4,-20,0,hello
6.6629908084869385,11,3,25,37,-5,-2,13,6,11,9,0,24,6,17,hello
6.677766561508179,23,8,26,32,-9,-34,-28,-5,0,-9,24,37,20,14,hello
6.677766561508179,19,18,37,40,-2,-14,-21,-20,-18,-26,22,23,4,-1,hello
6.694265842437744,2,12,30,43,2,18,17,-11,-10,-5,0,-2,-9,-6,sil
6.694265842437744,-10,-6,0,17,-6,8,13,5,-2,7,-20,-13,-15,0,sil
6.70980167388916,-2,-4,-12,0,-2,-6,-6,13,2,0,-6,-3,-1,4,sil
6.70980167388916,12,13,0,6,13,-1,0,15,5,-1,14,14,22,10,sil
6.724762201309204,18,21,8,5,15,1,2,7,1,1,17,26,29,12,sil
6.740262985229492,13,15,3,0,11,0,-7,-4,-2,-9,18,16,14,-2,sil
6.740262985229492,1,10,6,0,10,7,-5,0,-2,-25,6,-7,-6,-16,sil
6.755709409713745,-10,8,8,10,11,16,15,6,2,-6,-9,-19,-14,-10,sil
6.755709409713745,-25,-8,-6,-1,5,14,20,-5,-2,14,-26,-22,-24,-5,sil
6.771782875061035,-38,-40,-28,-40,-13,10,10,-11,-9,0,-43,-30,-38,-9,sil
6.771782875061035,-40,-56,-47,-63,-24,0,14,7,6,-5,-43,-30,-28,-5,sil
6.787813186645508,-22,-43,-47,-64,-11,-10,14,29,21,9,-25,-14,-10,4,sil
6.787813186645508,8,-14,-22,-53,-6,-12,-5,27,23,16,0,1,8,6,sil
6.787813186645508,27,6,0,-26,-19,-22,-31,2,12,0,22,14,24,0,sil
6.802892446517944,21,23,19,12,-8,-29,-39,-22,-9,-13,30,21,18,-8,sil
6.817842960357666,10,40,34,46,24,1,-23,-38,-19,-9,31,14,0,-14,sil
6.817842960357666,4,35,27,44,21,23,-8,-33,-32,-1,8,-1,-16,-9,sil
6.833872079849243,-5,6,11,22,4,16,6,-15,-40,1,-18,-11,-22,2,sil
6.833872079849243,-14,-10,-7,11,5,13,21,1,-14,9,-16,-15,-12,4,sil
6.849983215332031,-13,-14,-18,-10,-2,7,15,17,13,3,-8,-12,0,0,sil
6.849983215332031,0,-13,-2,-34,-11,-9,-4,31,15,-6,-2,9,13,2,sil
6.865844249725342,17,4,0,-1,1,-9,-10,18,20,4,29,19,40,0,sil
6.865844249725342,17,20,-15,46,15,2,0,-6,23,20,42,-1,39,-5,sil
6.881912469863892,0,9,7,28,7,2,4,-1,-1,4,-4,-9,-7,7,sil
6.881912469863892,-4,-2,23,2,-4,1,5,14,-4,0,-27,0,-18,21,sil
6.897397041320801,12,-7,-3,4,-7,-3,3,14,21,19,1,4,17,23,sil
6.897397041320801,18,-14,-5,-12,-9,-13,-2,14,22,16,12,14,26,27,sil
6.912973403930664,8,-9,0,-22,-9,-15,-4,0,1,-8,5,17,17,11,sil
6.912973403930664,1,1,-6,-7,-5,-15,-9,-32,-29,-37,-3,1,-2,-22,sil
6.928435564041138,-3,9,10,0,-2,-4,0,-36,-44,-45,-9,-5,-26,-30,sil
6.928435564041138,-9,7,21,11,2,16,28,-18,-20,-14,2,-10,-24,-19,sil
6.943760871887207,-21,-3,0,10,7,28,29,-7,1,8,-8,-21,-21,-13,sil
6.943760871887207,-23,-6,-11,3,5,30,17,11,23,23,-22,-14,-17,-2,sil
6.959120512008667,-5,-6,-11,4,4,20,19,29,49,47,-6,2,0,11,sil
6.959120512008667,0,-16,-13,-8,-1,0,8,23,39,36,-4,2,0,10,sil
6.975146055221558,-6,-16,-15,-16,-4,-11,-15,8,16,3,-7,0,1,4,sil
6.975146055221558,4,0,-6,-8,0,-20,-25,6,2,-7,9,16,18,8,sil
6.990725040435791,19,14,8,-1,4,-24,-18,3,-11,-9,20,25,18,7,sil
6.990725040435791,16,17,10,-6,3,-18,-20,-10,-24,-22,17,13,5,-3,sil
7.006847143173218,12,21,10,-6,1,-12,-29,-14,-28,-32,16,6,3,-8,sil
7.006847143173218,13,27,14,11,8,-3,-21,-12,-22,-17,16,11,9,-5,sil
7.02303147315979,6,22,16,21,5,1,-10,-21,-24,-10,3,3,-1,-8,sil
7.02303147315979,-3,11,19,13,-5,10,1,-16,-23,-13,-4,-13,-18,-5,sil
7.038235187530518,-9,0,10,12,-1,22,23,0,-3,1,-7,-15,-16,2,sil
7.038235187530518,-19,-20,-9,-3,-1,17,24,4,1,13,-19,-8,-14,4,sil
7.053821802139282,-22,-37,-16,-25,-11,11,15,10,9,22,-19,-10,-11,2,sil
7.053821802139282,-15,-34,-12,-15,-9,19,24,25,31,29,-16,-22,-9,1,sil
7.068889856338501,-14,-22,-20,2,0,14,22,29,32,19,-27,-26,-11,0,sil
7.068889856338501,-12,-18,-29,-7,0,-8,-2,18,20,7,-18,-10,5,0,sil
7.0849289894104,4,-12,-19,-29,-8,-24,-25,8,11,-2,7,4,24,-1,sil
7.0849289894104,17,4,0,-15,-1,-21,-23,-7,-5,-24,15,6,18,-10,sil
7.100091934204102,17,19,9,4,7,-13,-22,-23,-26,-39,10,6,6,-12,sil
7.100091934204102,22,25,23,16,2,-13,-24,-18,-28,-24,16,17,7,0,sil
7.115741968154907,30,34,38,36,8,-10,-7,-14,-14,-4,26,25,9,8,sil
7.115741968154907,18,35,32,42,21,10,14,-11,-5,3,21,19,0,10,sil
7.130889177322388,-1,17,11,29,19,33,25,0,7,19,6,3,-3,14,sil
7.130889177322388,-14,-5,-7,13,0,23,18,0,8,21,-16,-14,-12,11,sil
7.14631986618042,-25,-23,-22,-5,-16,-2,10,-2,0,5,-31,-24,-25,1,sil
7.14631986618042,-26,-29,-34,-25,-15,-5,12,7,12,15,-20,-17,-12,0,sil
7.1612632274627686,-13,-23,-35,-43,-10,-11,2,16,22,21,-5,-1,10,2,sil
7.1612632274627686,0,-11,-24,-43,-10,-27,-11,12,9,1,11,12,24,0,sil
7.176861047744751,12,0,-8,-25,-11,-28,-15,1,-2,-12,24,22,24,-4,sil
7.176861047744751,15,11,5,-7,-12,-12,-14,-6,-14,-19,9,16,5,-16,sil
7.192219734191895,1,15,9,8,-1,1,-4,-12,-19,-16,0,-5,-11,-26,sil
7.192219734191895,-6,8,11,11,11,6,5,-5,-13,-6,7,-13,-11,-16,sil
7.20788836479187,7,15,29,21,18,15,5,0,-3,0,13,1,0,0,sil
7.20788836479187,12,18,38,38,17,24,3,-4,-1,0,6,0,-4,8,sil
7.223045110702515,-5,1,20,25,7,19,6,-6,-2,-1,-9,-12,-22,8,sil
7.223045110702515,-15,-14,-6,2,0,12,12,0,4,7,-15,-11,-16,4,sil
7.238767147064209,-12,-23,-19,-7,-2,5,4,8,8,14,-14,-5,-1,5,sil
7.238767147064209,-6,-28,-11,-10,-3,-4,-9,14,15,14,-14,-1,2,8,sil
7.25394606590271,7,-14,0,-5,0,-5,-6,17,28,15,-3,12,18,20,sil
7.25394606590271,31,7,2,-8,4,0,1,23,28,10,16,35,39,33,sil
7.270081520080566,38,17,0,-9,3,-5,-7,13,12,0,31,37,40,17,sil
7.270081520080566,15,18,3,0,0,-11,-18,-8,-11,-15,20,11,15,-10,sil
7.285710096359253,-9,17,8,11,0,0,0,-17,-24,-17,0,-12,-11,-15,sil
7.285710096359253,-14,7,1,7,0,11,11,-17,-20,-3,-13,-20,-26,-17,sil
7.3008713722229,-14,1,0,6,1,10,5,-16,-14,-2,-20,-20,-30,-25,sil
7.3008713722229,-15,2,9,17,4,13,11,-9,-4,1,-20,-20,-23,-11,sil
7.316116094589233,-16,-10,0,1,-3,12,15,-3,0,7,-26,-25,-27,-1,sil
7.331708431243896,-26,-33,-29,-28,-13,2,9,0,0,0,-40,-32,-34,-12,sil
7.331708431243896,-26,-34,-39,-28,-5,-12,10,6,6,-2,-27,-22,-13,-8,sil
7.346882343292236,-5,-12,-18,-16,-2,-22,2,17,14,1,4,0,11,7,sil
7.346882343292236,10,0,-10,-14,-12,-18,-11,13,12,0,23,15,22,7,sil
7.362025022506714,7,-6,-20,-21,-12,-17,-16,5,0,-9,19,21,21,3,sil
7.362025022506714,8,-4,-5,-12,-1,-21,-21,2,-10,-19,24,26,23,2,sil
7.37784481048584,20,21,23,9,4,-22,-29,-9,-13,-16,40,30,34,0,sil
7.37784481048584,24,34,36,17,0,-18,-27,-18,-20,-11,36,26,23,0,sil
7.392944097518921,20,25,30,21,2,-3,-11,-15,-21,-4,21,13,0,-2,sil
7.392944097518921,11,20,25,29,9,10,-1,-11,-15,0,14,5,-6,-6,sil
7.408794164657593,6,22,33,27,9,18,2,-5,-9,6,12,6,2,7,sil
7.408794164657593,3,14,24,17,7,28,15,-2,-2,6,-2,0,-3,14,sil
7.424043416976929,-12,-6,-5,1,0,27,21,-5,0,-5,-32,-18,-27,-1,sil
7.424043416976929,-32,-20,-19,0,0,21,22,-4,3,1,-42,-29,-31,-10,sil
7.439062118530273,-30,-17,-11,2,4,20,25,4,17,18,-32,-27,-19,-2,sil
7.439062118530273,-15,-12,-10,-5,0,14,24,17,21,20,-28,-17,-13,9,sil
7.454843044281006,-3,-15,-21,-10,-4,1,15,23,24,25,-19,-8,-6,16,sil
7.454843044281006,2,-18,-20,-14,0,-7,2,23,30,26,-10,-6,1,8,sil
7.470883369445801,7,-14,-15,-16,1,-9,-3,15,31,10,0,0,17,0,sil
7.470883369445801,5,-14,-19,-11,-6,-12,-10,10,24,5,12,7,29,0,sil
7.486180305480957,5,-11,-16,-13,-7,-13,-12,11,16,14,15,14,25,3,sil
7.486180305480957,19,2,-5,-12,5,-16,-5,2,5,3,14,18,21,1,sil
7.501711130142212,26,10,1,-8,7,-20,-12,-9,-15,-29,15,14,14,-2,sil
7.501711130142212,18,14,10,-1,0,-11,-18,-12,-28,-33,24,10,6,-4,sil
7.51684308052063,11,22,19,7,0,-1,-8,-12,-28,-14,32,13,3,-1,sil
7.51684308052063,4,23,17,13,0,-2,-8,-15,-28,-16,18,9,-6,-11,sil
7.532934665679932,1,18,16,21,6,5,-13,-21,-21,-19,6,1,-10,-24,sil
7.533443450927734,0,16,29,27,15,20,-1,-21,-19,-9,8,0,-6,-12,sil
7.548623323440552,-16,6,24,24,1,20,19,-11,-16,2,-6,-9,-14,8,sil
7.548623323440552,-32,-16,-4,10,-9,13,25,-2,-3,5,-33,-26,-32,6,sil
7.563827753067017,-24,-23,-12,-3,-7,11,16,8,2,5,-42,-27,-41,0,sil
7.563827753067017,-15,-11,-5,-4,-9,17,23,24,16,22,-29,-21,-23,10,sil
7.579728841781616,-16,-17,-16,-15,-14,7,20,26,39,32,-20,-15,0,22,sil
7.579728841781616,-12,-26,-26,-31,-8,-7,-6,10,30,13,-8,0,12,10,sil
7.5952064990997314,-4,-10,-18,-26,-4,-17,-27,3,0,-4,4,11,15,-7,sil
7.5952064990997314,5,0,-7,-17,-8,-26,-28,4,-11,-10,1,12,13,-7,sil
7.610744476318359,13,-6,-8,-14,-4,-30,-26,-5,-8,-20,1,11,17,-7,sil
7.610744476318359,10,0,-9,-17,0,-21,-25,-9,-14,-38,15,12,19,-12,sil
7.626768589019775,15,22,8,-8,3,-8,-8,-1,-11,-29,28,20,20,-9,sil
7.626768589019775,26,30,26,16,11,-9,0,-11,-2,-2,27,18,16,-5,sil
7.64209508895874,12,21,22,21,11,-10,-7,-25,-14,-6,3,-3,-8,-10,sil
7.64209508895874,-7,17,17,21,15,9,0,-20,-16,-9,-7,-12,-22,-10,sil
7.657355546951294,-3,13,20,30,21,29,19,-6,0,13,1,-1,-13,0,sil
7.657355546951294,2,6,14,33,11,27,25,3,8,30,2,-4,-4,15,sil
7.672879695892334,-4,-3,3,24,0,21,24,6,10,29,-8,-11,-6,20,sil
7.672879695892334,-11,-17,-5,1,-4,17,23,8,11,26,-10,-3,-9,15,sil
7.688745021820068,0,-24,-19,-16,-7,10,21,14,22,27,4,4,7,16,sil
7.688745021820068,13,-11,-15,-15,-2,0,12,18,34,20,15,10,28,20,sil
7.704173803329468,9,0,-5,-9,-2,-8,-4,11,20,0,4,12,18,4,sil
7.704173803329468,-3,-13,-22,-22,-14,-18,-20,3,-2,-11,-2,0,1,-12,sil
7.719693422317505,-1,-15,-26,-30,-17,-29,-24,6,-12,-19,1,-5,0,-12,sil
7.719693422317505,5,9,5,4,-2,-14,-10,2,-20,-20,9,1,0,-7,sil
7.735008478164673,-2,20,22,36,8,10,2,-11,-33,-10,-2,-4,-14,-7,sil
7.735008478164673,-17,-1,4,17,5,22,10,-9,-17,2,-27,-25,-34,-10,sil
7.750184535980225,-18,-18,-20,-6,0,15,7,6,18,10,-27,-26,-28,-7,sil
7.750184535980225,-2,-11,-20,-21,-3,-2,-14,10,15,0,-2,-1,0,0,sil
7.7663068771362305,9,8,8,-14,0,-11,-21,-3,-14,-12,18,18,20,-3,sil
7.7663068771362305,4,15,26,11,1,3,0,-13,-21,-14,13,8,6,-7,sil
7.781841039657593,0,1,14,17,1,22,18,2,6,9,-2,-3,-5,10,sil
7.781841039657593,3,-11,-6,-4,3,6,10,20,35,37,-4,2,13,24,sil
7.796736001968384,5,-14,-13,-27,-5,-27,-19,6,21,8,-5,14,19,13,sil
7.796736001968384,9,1,-1,-16,-5,-31,-30,-11,-3,-34,3,21,8,0,sil
7.812965631484985,14,20,13,8,4,-8,-9,-12,-2,-25,17,11,7,-4,sil
7.812965631484985,1,20,18,6,1,-1,-1,-11,-9,-11,6,-5,-1,-12,sil
7.828559637069702,-17,7,6,-6,-2,-4,-6,-23,-25,-25,-7,-13,-17,-22,sil
7.828559637069702,-21,0,-3,-5,2,3,2,-18,-23,-25,-14,-19,-23,-23,sil
7.844083070755005,-16,-6,-2,3,8,21,31,4,-3,14,-18,-24,-13,-5,sil
7.844083070755005,-12,-14,-4,4,9,26,49,20,19,45,-16,-16,-2,18,sil
7.859797477722168,-1,-16,-11,-7,0,6,26,22,26,29,-10,0,4,22,sil
7.874942779541016,17,-4,-8,-13,-3,-15,-8,14,16,0,6,15,22,10,sil
7.874942779541016,23,9,0,-3,5,-20,-20,-1,-5,-17,21,24,18,0,sil
7.891018390655518,12,18,7,20,9,-4,-8,-13,-20,-17,18,16,-3,-7,sil
7.891018390655518,5,23,19,40,4,10,0,-16,-18,-8,8,3,-13,-8,sil
7.906736612319946,-2,15,19,33,-2,11,-3,-16,-18,-6,-5,-7,-18,-4,sil
7.906736612319946,-17,-7,-7,7,-7,6,-6,-10,-9,0,-13,-15,-17,-1,sil
7.906736612319946,-20,-26,-27,-18,-13,-3,-12,3,3,6,-5,-9,-2,3,sil
7.921897172927856,-4,-26,-17,-20,-18,-12,-11,15,13,19,5,4,14,15,sil
7.938008546829224,14,-8,0,-2,-10,-9,-5,18,21,34,11,17,26,20,sil
7.938008546829224,22,10,8,0,0,-9,-14,14,11,16,20,25,27,11,sil
7.95411491394043,19,14,4,-2,0,-15,-17,0,-3,-7,32,22,24,-3,sil
7.95411491394043,14,5,0,-5,-5,-15,-4,-7,-7,-8,26,12,9,-12,sil
7.970220804214477,6,4,7,-12,-1,0,8,-4,-2,-4,8,6,-5,-15,sil
7.970220804214477,-5,13,18,3,15,23,22,-9,-2,-6,-7,-9,-16,-11,sil
7.970220804214477,-14,8,11,24,23,37,23,-17,-10,-8,-26,-33,-34,-11,sil
7.9857940673828125,-20,-9,-3,20,13,41,21,-7,0,4,-32,-38,-35,-10,sil
8.000898599624634,-22,-24,-8,-1,3,32,24,19,27,23,-28,-26,-15,7,sil
8.000898599624634,-12,-22,-9,-19,0,7,14,30,38,19,-22,-16,0,25,sil
8.016915082931519,-7,-16,-22,-21,-6,-14,-10,11,22,4,-12,-10,2,15,sil
8.016915082931519,-7,-12,-22,-13,-12,-23,-16,3,0,-2,-9,1,2,1,sil
8.037939548492432,4,-4,-7,-7,-3,-14,0,17,4,1,-2,14,16,8,sil
8.037939548492432,12,0,-7,-14,5,-14,-5,10,10,-3,5,15,25,8,sil
8.037939548492432,8,14,0,-9,0,-24,-21,-11,-12,-27,5,12,11,-9,sil
8.048595666885376,16,28,16,15,0,-15,-17,-18,-33,-30,12,13,7,-15,sil
8.048595666885376,18,16,6,7,0,-7,-21,-19,-34,-25,15,15,10,-12,sil
8.063920259475708,8,10,0,-10,-7,-16,-25,-26,-27,-36,15,13,3,-14,sil
8.079129219055176,8,24,21,10,1,-10,-2,-23,-24,-30,17,6,-2,-12,sil
8.079129219055176,2,18,31,29,14,15,20,-10,-19,-5,6,-3,-7,-5,sil
8.095199823379517,-23,-12,6,9,-1,21,24,-3,-2,16,-9,-16,-16,-4,sil
8.095199823379517,-28,-26,-6,-8,-19,10,19,1,8,26,-12,-23,-21,1,sil
8.110779523849487,-8,-12,2,9,-3,15,26,9,10,31,-6,-12,-15,9,sil
8.110779523849487,-11,-11,-5,10,8,19,31,13,10,28,-17,-9,-14,12,sil
8.12614130973816,-17,-23,-20,-22,-6,3,10,19,14,23,-23,-9,-9,17,sil
8.12614130973816,11,-5,-4,-18,-8,-14,-16,18,18,12,6,17,15,15,sil
8.14173436164856,29,21,11,1,2,-21,-33,0,0,-19,28,37,20,0,sil
8.14173436164856,12,15,3,-3,3,-14,-32,-12,-12,-28,21,23,10,-6,sil
8.156983613967896,5,6,0,-4,4,-5,-24,-8,5,0,25,9,18,-13,sil
8.156983613967896,1,14,1,8,8,3,-7,-4,12,10,16,0,9,-20,sil
8.17209792137146,-14,2,-7,14,6,20,17,-7,3,6,-15,-21,-20,-9,sil
8.17209792137146,-20,-25,-18,-2,-1,19,17,2,8,11,-32,-27,-27,5,sil
8.18816065788269,-8,-23,-15,-14,-12,1,2,23,23,31,-12,-13,-2,12,sil
8.18816065788269,6,0,-10,0,-7,-4,3,27,26,31,7,5,23,22,sil
8.203195571899414,22,12,-3,3,2,-3,0,12,5,-10,7,20,32,26,sil
8.203195571899414,28,17,5,-3,4,-7,-14,-4,-10,-37,13,18,26,6,sil
8.219086170196533,24,26,21,9,3,-8,-11,-16,-23,-29,15,6,0,-10,sil
8.219086170196533,10,24,34,34,11,4,8,-21,-34,-27,-2,-1,-26,-12,sil
8.234253168106079,-6,8,28,35,17,23,24,-15,-25,-19,-14,-12,-27,-9,sil
8.234253168106079,-19,-7,8,14,5,23,24,0,-2,8,-11,-17,-14,-7,sil
8.24992847442627,-26,-24,-15,-6,-12,0,13,3,9,28,-20,-22,-9,-9,sil
8.24992847442627,-27,-37,-31,-29,-15,-19,-4,-1,7,12,-34,-23,-7,-5,sil
8.265141010284424,-10,-33,-25,-36,-6,-22,-19,4,7,-2,-14,0,6,0,sil
8.265141010284424,0,-24,-20,-27,-9,-25,-29,0,0,-4,12,16,18,-3,sil
8.280873537063599,-3,-13,-16,-28,-20,-27,-32,-6,-11,-13,10,4,6,-11,hello
8.280873537063599,3,11,10,-7,0,-9,-8,2,3,-12,17,7,4,-6,hello
8.296016693115234,11,26,29,25,23,16,24,7,17,1,27,19,8,3,hello
8.296016693115234,-1,8,5,19,10,34,36,2,14,17,9,2,-5,14,hello
8.312083959579468,-9,-12,-18,-9,-1,23,25,11,31,41,0,-5,-3,25,hello
8.312083959579468,7,-2,-6,-14,4,-6,-2,20,29,30,10,15,11,21,hello
8.328193664550781,16,22,8,0,5,-4,-16,0,-17,-15,13,19,8,-1,hello
8.328193664550781,0,22,6,7,2,16,-9,-24,-44,-34,0,-6,-14,-24,hello
8.34375810623169,-10,11,17,14,6,16,8,-24,-29,-14,-18,-22,-29,-20,hello
8.34375810623169,-4,3,15,20,-3,6,20,-14,-13,0,-28,-21,-21,-1,hello
8.359293460845947,0,-10,-7,-1,-33,-8,2,1,-1,0,-26,-14,-3,8,hello
8.359293460845947,8,-6,-12,-12,-25,-25,-18,12,7,0,-4,4,21,7,hello
8.374704599380493,19,10,1,0,15,-25,-19,5,0,-9,18,24,34,3,hello
8.374704599380493,13,15,10,2,23,-4,-2,7,-1,-14,28,24,23,0,hello
8.390312671661377,7,18,13,12,13,13,10,9,4,0,26,11,7,1,hello
8.390312671661377,7,19,21,29,16,16,10,4,-1,5,4,0,-7,9,hello
8.406371355056763,-2,2,15,25,13,18,10,2,4,15,-9,-5,-8,13,hello
8.406371355056763,-13,-15,-6,5,0,12,10,-1,13,29,-8,-2,-9,2,hello
8.42193078994751,-9,-23,-22,-21,-12,-16,-15,-7,-1,2,-19,-5,-22,-11,hello
8.42193078994751,0,-22,-24,-37,-14,-36,-44,-8,-7,-33,-19,-7,-5,-9,hello
8.437518835067749,2,-9,-19,-30,-10,-28,-38,-5,-4,-31,2,3,20,-5,hello
8.437518835067749,6,10,-1,-4,-6,-11,-14,-2,-8,-4,17,10,12,-13,hello
8.453019857406616,0,20,17,15,0,3,0,-3,-1,9,12,-3,-7,-16,hello
8.453019857406616,-23,0,10,8,0,6,5,-8,0,2,-10,-25,-23,-16,hello
8.468154668807983,-45,-31,-20,-7,-19,5,10,-11,-9,0,-33,-39,-33,-17,hello
8.468154668807983,-29,-33,-25,-12,-27,10,17,3,0,10,-28,-30,-26,0,hello
8.483718395233154,5,-6,0,-4,-3,17,34,27,30,25,-1,-1,1,27,hello
8.483718395233154,20,0,2,-1,14,8,27,29,37,25,11,19,22,26,hello
8.499719381332397,14,-6,-6,-14,4,-6,-6,13,12,0,5,27,18,7,hello
8.499719381332397,19,4,0,-10,10,-2,-14,0,0,-16,16,29,19,1,hello
8.51573634147644,25,16,10,5,28,2,-2,-9,-3,-14,22,23,21,0,hello
8.51573634147644,8,13,9,4,14,3,-4,-21,-20,-18,7,7,3,-13,hello
8.531004428863525,-10,12,7,2,-1,11,1,-21,-28,-14,1,-8,-10,-14,hello
8.531004428863525,-13,12,12,20,8,23,23,-3,-14,2,10,-14,-3,0,hello
8.54616117477417,-12,1,7,31,12,28,33,9,15,32,7,-14,7,12,hello
8.54616117477417,-6,-15,-5,6,-2,15,17,14,34,51,-7,-7,9,23,hello
8.56175446510315,2,-21,-6,-16,-8,-7,2,22,32,39,-9,0,8,32,hello
8.56175446510315,0,-17,-15,-15,-7,-23,-3,17,21,5,-4,0,6,13,hello
8.576814413070679,2,-7,-23,-14,-9,-26,-17,0,-3,-18,-2,2,1,-8,hello
8.592023849487305,23,13,1,-1,0,-23,-29,-18,-25,-25,11,21,4,-6,hello
8.592023849487305,24,31,24,13,3,-22,-31,-29,-33,-38,14,21,3,-9,hello
8.607160329818726,6,33,18,18,-4,-17,-29,-29,-38,-45,-1,-2,-10,-27,hello
8.607160329818726,0,23,16,25,0,2,-13,-23,-36,-27,-4,-17,-19,-25,hello
8.622797727584839,-10,7,21,23,5,23,6,-7,-25,-12,-10,-19,-27,-9,hello
8.622797727584839,-18,-6,9,12,-3,26,22,13,0,6,-24,-17,-23,-1,hello
8.638489723205566,-5,-15,-6,-2,-14,9,22,25,25,24,-14,-4,-1,10,hello
8.638489723205566,1,-18,-9,-18,-13,-8,11,30,30,24,6,14,16,27,hello
8.653881549835205,2,-12,-8,-16,-6,-17,-1,21,25,17,18,29,25,22,hello
8.653881549835205,16,1,1,-7,-4,-24,-21,0,5,-2,22,38,25,5,hello
8.669220209121704,27,17,20,3,0,-18,-26,-16,-17,-24,28,36,18,0,hello
8.669220209121704,14,21,27,17,8,0,-14,-28,-30,-22,19,17,-7,-10,hello
8.684745073318481,-5,14,18,24,12,12,1,-26,-22,-9,-1,-5,-30,-23,hello
8.684745073318481,-13,5,0,24,9,23,22,-3,0,2,-10,-21,-16,-13,hello
8.700835227966309,-18,-13,-19,2,4,27,31,16,13,10,-18,-31,-10,0,hello
8.700835227966309,-25,-32,-35,-29,2,21,21,22,22,26,-29,-38,-20,-3,hello
8.716940879821777,-28,-39,-45,-48,0,2,4,25,37,36,-33,-36,-13,-2,hello
8.716940879821777,-19,-37,-45,-59,-6,-20,-8,22,34,19,-26,-22,3,5,hello
8.733005285263062,-3,-23,-35,-53,-1,-22,-12,5,15,3,-1,-5,24,0,hello
8.733005285263062,3,0,-16,-34,10,-4,-8,0,-1,-1,10,0,29,-5,hello
8.748374938964844,2,12,1,-13,9,1,-5,-6,-15,-10,3,-2,7,-10,hello
8.748374938964844,-3,12,6,1,0,-4,-7,-29,-29,-26,-7,-17,-19,-21,hello
8.763960361480713,-17,7,6,13,-2,5,0,-30,-32,-27,-22,-26,-29,-17,sil
8.763960361480713,-19,0,6,20,0,21,22,0,-5,3,-22,-14,-17,5,sil
8.779902696609497,-2,-15,5,11,-7,10,31,21,22,28,-8,0,-5,24,sil
8.779902696609497,13,-14,7,2,-10,0,21,24,31,25,7,15,11,30,sil
8.795680046081543,21,-2,9,5,-2,1,1,18,25,13,26,35,33,28,sil
8.795680046081543,26,7,12,9,-2,-10,-19,4,3,-2,43,43,39,20,sil
8.81070613861084,35,26,22,30,-5,-20,-28,-12,-9,-11,57,44,37,13,sil
8.81070613861084,40,51,38,50,0,-16,-28,-28,-23,-17,53,49,23,4,sil
8.826104164123535,25,56,43,50,3,0,-19,-40,-42,-25,20,29,-13,-13,sil
8.826104164123535,-3,24,20,37,7,13,3,-34,-36,-14,-21,-14,-43,-22,sil
8.841771602630615,-18,-11,-3,17,5,7,15,0,-1,6,-29,-20,-28,-5,sil
8.841771602630615,-1,-9,-1,6,0,-12,5,23,18,6,0,11,8,5,sil
8.857784271240234,11,11,11,7,-2,-19,-8,8,-5,-23,5,11,9,-5,sil
8.857784271240234,-2,8,13,5,0,5,-2,-3,-23,-23,-16,-17,-17,-16,sil
8.87286901473999,-26,-15,-5,-4,-1,29,18,10,8,19,-18,-29,-19,-8,sil
8.87286901473999,-29,-32,-33,-30,-8,11,18,28,34,31,-13,-23,-4,2,sil
8.88884162902832,-7,-28,-37,-45,-6,-9,0,24,31,15,-8,-13,16,5,sil
8.88884162902832,4,-10,-16,-35,0,-6,-13,6,15,7,2,0,22,-2,sil
8.903843641281128,-4,9,2,-6,13,6,-5,-10,-12,-9,5,-5,0,-13,sil
8.903843641281128,-8,11,5,14,20,25,14,-15,-17,-15,-2,-23,-22,-4,sil
8.919272422790527,0,-13,-3,0,4,26,21,0,7,10,-18,-12,-22,11,sil
8.919272422790527,0,-29,-17,-21,-8,-1,9,13,20,26,-19,8,-4,15,sil
8.934917211532593,-2,-24,-25,-29,-5,-27,-3,11,12,6,-5,8,15,7,sil
8.934917211532593,0,-16,-22,-30,-7,-29,-19,4,10,-7,-3,4,18,-1,sil
8.950777292251587,7,-3,-10,-17,-4,-21,-27,-1,9,-6,1,11,15,-5,sil
8.950777292251587,15,18,12,-1,6,-23,-22,-8,-7,-18,24,17,19,-1,sil
8.965963125228882,13,29,27,9,4,-20,-16,-23,-29,-27,27,13,12,-3,sil
8.965963125228882,4,22,22,18,0,-1,-18,-35,-48,-25,-1,-3,-14,-13,sil
8.981563091278076,-4,12,21,23,1,17,-1,-25,-43,-19,-18,-17,-33,-9,sil
8.981563091278076,-13,0,13,21,0,23,27,-3,-16,-1,-14,-17,-28,0,sil
8.996474266052246,-16,-9,-1,5,-8,18,34,10,2,17,-12,-14,-23,0,sil
8.996474266052246,-12,-10,-6,1,0,19,32,18,23,31,-6,-11,-10,8,sil
9.012168169021606,-12,-14,-9,4,2,17,30,22,35,42,-5,-11,0,16,sil
9.012168169021606,-14,-24,-26,-10,-11,8,15,26,28,36,-10,-13,2,10,sil
9.027845621109009,-5,-17,-34,-21,-12,-4,-1,29,35,25,3,0,19,2,sil
9.027845621109009,6,-1,-20,-21,-1,-19,-18,18,26,0,13,16,29,7,sil
9.042895078659058,18,9,0,-14,0,-26,-26,-4,-4,-30,14,24,20,6,sil
9.042895078659058,28,20,9,-3,-1,-26,-24,-14,-15,-38,26,27,21,-4,sil
9.058741569519045,27,30,21,6,9,-17,-18,-15,-11,-19,30,29,20,-2,sil
9.058741569519045,14,30,30,20,18,-1,-12,-26,-23,-12,17,17,0,-7,sil
9.07401204109192,0,22,24,26,9,4,-17,-36,-43,-28,2,0,-22,-24,sil
9.07401204109192,-5,16,18,31,2,18,-4,-21,-33,-19,0,-12,-18,-18,sil
9.089929103851318,-6,3,8,29,9,38,29,3,4,16,-2,-13,-7,0,sil
9.089929103851318,-12,-18,-3,12,3,32,33,14,18,24,-17,-12,-18,0,sil
9.105159521102903,-16,-23,-1,13,-10,22,18,9,19,21,-19,-11,-15,1,sil
9.105159521102903,-7,-6,5,15,-3,24,13,13,31,34,-6,-8,5,22,sil
9.120999336242676,0,-9,-5,-4,3,16,7,22,36,32,-3,-4,13,18,sil
9.120999336242676,-3,-29,-23,-24,-2,-5,-10,19,21,9,-14,-4,7,3,sil
9.13677167892456,0,-16,-15,-19,-9,-21,-21,11,0,-12,-10,2,6,11,sil
9.13677167892456,21,14,0,-3,-4,-33,-13,0,-14,-20,9,16,16,14,sil
9.151958703994753,27,12,6,-14,-1,-43,-17,-20,-33,-38,4,18,3,-7,sil
9.167640447616575,14,5,-1,-28,-1,-32,-23,-30,-39,-45,1,10,-8,-32,sil
9.167640447616575,4,18,0,-1,6,-14,-8,-23,-20,-16,19,6,0,-23,sil
9.167640447616575,-9,13,28,10,2,-3,5,-5,-13,0,0,3,-15,5,sil
9.183382749557495,-28,-11,20,-2,-7,20,24,9,0,13,-25,-16,-24,6,sil
9.19863224029541,-28,-28,-33,-3,-1,31,37,17,32,34,-12,-36,-3,-5,sil
9.19863224029541,-16,-28,-32,-14,1,6,23,23,35,31,-8,-18,-2,10,sil
9.213851928710938,-13,-18,-11,-29,-9,-8,3,19,18,20,-12,1,-1,23,sil
9.214229822158812,-9,-12,-24,-24,-14,-13,-10,6,2,1,-4,-3,12,6,sil
9.229894161224363,12,0,-15,-5,-1,-17,-18,2,0,-13,4,0,14,-1,sil
9.229894161224363,31,21,12,4,10,-13,-19,-1,0,-13,18,21,14,0,sil
9.24501132965088,21,27,16,9,8,-6,-14,-15,-18,-24,27,28,11,-9,sil
9.24501132965088,0,11,7,14,3,1,-8,-25,-32,-34,20,8,2,-22,sil
9.26018238067627,-6,5,11,12,3,14,-2,-17,-25,-12,7,-10,-11,-18,sil
9.26018238067627,0,22,23,25,12,29,10,-3,-6,19,6,-4,-13,-3,sil
9.275947093963625,0,20,23,38,14,33,15,0,3,26,0,0,-7,5,sil
9.275947093963625,-11,-7,2,15,0,20,5,0,1,12,-15,-14,-5,2,sil
9.291093111038208,-16,-22,-16,-15,-15,-2,1,3,4,9,-16,-17,-2,0,sil
9.291093111038208,-5,-13,-14,-18,-13,-10,4,16,22,15,-5,0,2,9,sil
9.306923151016235,4,-5,-7,0,0,2,2,18,31,16,0,7,5,15,sil
9.306923151016235,5,-6,-9,2,3,-3,-12,1,13,-5,-4,6,-1,2,sil
9.322990894317629,15,6,-1,-3,1,-22,-25,-10,-8,-37,-4,10,-5,-10,sil
9.322990894317629,27,32,17,8,5,-12,-16,-15,-20,-34,5,7,-1,-16,sil
9.33877968788147,5,20,20,10,1,4,0,-13,-27,-11,3,-8,-8,-15,sil
9.33877968788147,-21,-11,0,1,-1,11,21,-1,-10,5,-5,-16,-8,-2,sil
9.35405135154724,-11,-17,-3,1,4,20,39,13,19,22,-6,-3,1,15,sil
9.35405135154724,3,-8,10,0,0,16,31,21,29,42,2,8,8,28,sil
9.370081186294556,-2,-10,-1,-3,-8,-5,8,19,26,45,10,5,16,28,sil
9.370081186294556,-7,-16,-24,-13,-10,-22,-6,11,15,8,-4,-3,11,13,sil
9.385640859603882,-1,-15,-20,-13,-10,-20,-12,8,11,-14,-11,0,5,2,sil
9.385640859603882,6,-6,-10,-7,-6,-13,-13,9,17,-2,8,9,14,5,sil
9.401745557785034,12,2,-2,-12,0,-10,-12,0,-4,-11,9,12,7,-3,sil
9.401745557785034,10,5,4,-8,4,-4,-12,-22,-35,-37,0,8,-7,-21,sil
9.41688847541809,7,10,9,4,8,-4,-18,-32,-43,-42,7,11,-7,-17,sil
9.41688847541809,8,19,11,5,7,-2,-14,-25,-36,-26,11,10,-2,-17,sil
9.433038473129272,0,13,9,-1,3,2,-10,-19,-26,-13,5,-4,-6,-29,sil
9.433038473129272,-15,1,14,-1,2,3,-10,-8,-13,-5,-4,-14,-14,-18,sil
9.448065996170044,-15,3,12,12,9,14,11,8,9,20,-6,-10,-3,4,sil
9.448065996170044,-8,2,1,11,6,23,30,15,22,38,-9,-6,2,17,sil
9.463255643844604,-6,-4,-3,2,-4,21,25,15,25,29,-9,-5,-2,18,sil
9.463255643844604,-6,-8,-9,2,-4,13,20,15,30,22,-10,-15,-2,10,sil
9.478700160980225,-14,-20,-22,-8,-9,-1,12,0,14,7,-26,-26,-15,0,sil
9.478700160980225,-20,-29,-30,-21,-18,-17,-3,-10,-1,-10,-27,-17,-19,-3,sil
9.494829893112184,-3,-11,-18,-14,-11,-18,-17,2,-3,-20,1,7,2,0,sil
9.494829893112184,22,15,7,3,5,-10,-17,9,-4,-23,28,28,25,10,sil
9.510738611221312,29,20,19,11,10,-8,-11,-4,-7,-17,30,33,27,10,sil
9.510738611221312,15,14,12,0,2,-15,-16,-6,-12,-10,22,25,17,-2,sil
9.525887966156006,11,24,14,7,2,-12,-19,0,-4,3,30,12,16,-8,sil
9.525887966156006,16,32,27,33,12,1,-7,-2,5,20,32,4,7,7,sil
9.5419921875,10,18,26,32,11,13,5,-4,0,17,7,0,-6,17,sil
9.5419921875,-6,-2,10,13,4,15,9,-5,-6,6,-16,-16,-10,1,sil
9.557714700698853,-18,-15,-5,1,0,16,13,1,-3,9,-27,-30,-21,-13,sil
9.557714700698853,-16,-17,-15,1,-3,24,29,12,10,17,-24,-25,-29,-12,sil
9.572843074798584,-16,-22,-24,-7,-10,17,27,4,16,1,-27,-16,-26,-12,sil
9.572843074798584,-25,-30,-30,-34,-15,2,5,-3,5,-9,-37,-21,-22,-16,sil
9.588260650634766,-23,-28,-34,-38,-8,-4,-2,2,0,-1,-25,-20,-7,-13,sil
9.588260650634766,-11,-17,-25,-23,-3,-17,-7,5,-3,-15,-7,-2,2,-13,sil
9.603843212127686,-1,-8,-14,-14,-2,-16,-9,0,-2,-21,2,8,6,-13,sil
9.603843212127686,4,-4,-9,-17,1,-7,-9,1,4,7,12,13,18,1,sil
9.619463443756104,15,2,5,-14,1,-17,-16,10,10,19,26,27,33,20,sil
9.619463443756104,29,22,23,11,4,-24,-17,6,12,6,41,44,44,24,sil
9.634622812271118,33,37,31,29,9,-9,-6,0,-3,-4,36,39,35,17,sil
9.634622812271118,21,31,30,30,11,12,9,-1,-12,0,15,13,13,10,sil
9.650290727615356,10,15,26,23,10,18,14,-11,-10,-5,-3,-1,-14,6,sil
9.650290727615356,9,9,25,10,0,10,5,-22,-29,-29,-12,0,-37,0,sil
9.665956020355225,0,7,20,15,-7,9,5,-22,-34,-27,-11,-11,-34,-9,sil
9.665956020355225,-13,-5,3,15,-6,13,14,-12,-13,-6,-27,-32,-32,-5,sil
9.681061029434204,-18,-18,-13,0,-3,7,15,6,11,6,-30,-24,-22,7,sil
9.681061029434204,-12,-24,-21,-18,-4,-8,3,15,22,18,0,0,8,15,sil
9.69718074798584,-12,-24,-20,-27,-11,-22,-15,9,13,13,9,0,19,12,sil
9.69718074798584,-15,-17,-24,-23,-8,-16,-23,7,9,6,0,-6,13,0,sil
9.71329641342163,-4,-3,-26,-20,1,-10,-29,12,8,5,3,6,17,-6,sil
9.71329641342163,12,13,-6,-10,5,-12,-28,6,2,6,22,22,27,-3,sil
9.729299068450928,16,26,17,14,6,1,-9,-3,4,3,30,22,25,-5,sil
9.729299068450928,10,30,27,29,10,24,7,-2,5,0,21,11,2,-9,sil
9.745169401168823,6,26,25,34,17,28,15,-5,1,2,10,0,-7,-4,sil
9.745169401168823,2,12,23,26,13,17,18,-9,-1,7,-4,-7,-7,2,sil
9.760776042938232,-7,-8,8,6,1,9,24,-7,0,5,-26,-19,-23,0,sil
9.760776042938232,-24,-27,-28,-13,-5,-2,20,-6,0,5,-40,-38,-35,-12,sil
9.77675747871399,-36,-40,-51,-37,-11,-10,4,1,-4,-1,-39,-36,-20,-20,sil
9.77675747871399,-27,-38,-46,-49,-16,-6,0,17,5,-6,-16,-13,2,-16,sil
9.79177474975586,-2,-24,-26,-35,-15,-12,-2,19,8,-5,6,4,11,-4,sil
9.79177474975586,16,0,0,-10,-7,-18,-5,7,0,-9,20,20,19,6,sil
9.807169914245604,23,21,20,8,0,-10,-10,-3,-5,-19,25,29,22,4,sil
9.807169914245604,16,24,25,16,4,-1,-16,-12,-15,-20,14,18,1,-1,sil
9.82325315475464,8,23,25,31,10,12,-3,-16,-14,4,5,-2,-11,0,sil
9.82325315475464,1,18,22,31,7,21,12,-9,-2,11,-2,-15,-16,2,sil
9.840465545654297,-4,2,16,13,0,10,8,0,-2,-1,-8,-7,-19,3,sil
9.840465545654297,0,-5,7,8,3,3,0,-1,-4,8,-2,2,-3,12,sil
9.854010343551636,2,-4,-2,5,8,5,2,2,0,13,-3,0,2,18,sil
9.854010343551636,2,-9,-10,-5,0,0,4,12,11,0,-3,6,4,15,sil
9.869388580322266,13,-3,-14,-12,-5,-18,-11,7,2,-12,10,21,22,10,sil
9.869388580322266,15,13,0,-4,0,-21,-28,-7,-24,-21,16,18,16,-7,sil
9.884716033935549,1,13,16,15,11,3,-11,-5,-12,0,7,4,-5,-17,sil
9.90074110031128,-2,0,15,13,6,10,11,9,18,31,-3,1,-4,4,sil
9.90074110031128,-1,-3,-2,-3,-9,-1,10,7,18,19,-10,-6,1,10,sil
9.916335821151732,-13,-13,-18,-13,-18,-11,-3,-7,-1,-2,-17,-22,-12,-10,sil
9.916335821151732,-17,-22,-13,-17,-17,-16,-11,-8,-6,-1,-22,-19,-22,-10,sil
9.932969331741331,-1,-12,-13,-17,-12,-14,-11,-2,-1,-12,-14,-3,-7,-1,sil
9.932969331741331,2,-3,-24,-26,-5,-11,-12,4,-4,-39,-2,2,3,-8,sil
9.932969331741331,0,3,-11,-24,4,-5,0,8,-1,-20,11,5,12,-9,sil
9.948036670684814,6,22,21,12,14,12,24,5,8,17,21,10,14,3,sil
9.96324062347412,7,21,24,34,13,33,37,10,15,28,11,8,4,13,sil
9.96324062347412,-7,-8,-5,11,0,29,26,15,30,38,0,-4,7,13,sil
9.978881120681764,-11,-22,-18,-19,-3,-3,-4,3,27,28,0,-6,13,9,sil
9.978881120681764,3,5,5,-5,4,-13,-24,-9,3,0,21,10,18,2,sil
9.99491262435913,10,25,21,25,15,9,-14,-15,-14,-12,22,9,5,-5,sil
9.99491262435913,-3,2,3,18,7,20,6,-9,-18,-8,-13,-17,-22,-10,sil
10.0100200176239,-18,-26,-22,-18,-9,7,21,0,-2,0,-26,-25,-18,-6,sil
10.0100200176239,-10,-25,-22,-32,-14,-10,7,0,4,-7,-9,0,7,0,sil
10.02613091468811,18,5,11,1,1,-13,-5,-1,0,-17,8,27,14,3,sil
10.02613091468811,28,31,31,32,11,-1,1,-5,-5,-3,22,25,5,6,sil
10.047765493392944,3,22,17,19,2,2,1,-13,-22,0,11,-1,-8,-5,sil
10.047765493392944,-8,10,6,13,8,7,-7,-11,-25,-14,-2,-16,-11,-16,sil
10.047765493392944,-5,7,14,25,14,10,0,2,-4,-5,-10,-9,-12,0,sil
10.056814670562744,-8,-3,11,16,-6,5,5,8,11,15,-19,-9,-15,13,sil
10.07291293144226,-3,-14,-7,-3,-15,-1,-6,2,19,18,-16,-9,-2,7,sil
10.07291293144226,3,-16,-13,-22,-4,-13,-27,3,4,-3,-4,5,6,6,sil
10.088622570037842,0,-21,-15,-30,-9,-35,-37,0,-14,-22,0,8,3,1,sil
10.088622570037842,0,-17,-16,-24,-18,-38,-31,-8,-26,-31,-1,-2,-2,-15,sil
10.103849172592165,2,4,-2,-12,-11,-11,-7,-5,-25,-22,2,-2,-5,-18,sil
10.104225873947144,0,13,6,5,0,10,21,3,-9,-1,10,0,-2,-3,sil
10.119113683700562,-8,1,2,14,5,25,36,7,7,8,1,-10,-8,3,sil
10.119113683700562,-18,-8,-9,3,4,33,39,11,21,21,-17,-17,-17,3,sil
10.134717226028442,-8,-14,-19,-17,-3,11,22,18,25,27,-17,-5,-11,7,sil
10.134717226028442,5,-5,-10,-15,0,-14,-2,13,23,15,3,14,12,8,sil
10.150525093078612,8,8,-4,-2,11,-5,-11,-3,13,6,17,21,25,1,sil
10.150525093078612,14,13,-4,-7,9,1,-17,-9,-1,-1,13,14,7,0,sil
10.166058540344238,24,18,9,0,3,-14,-15,-8,-9,-2,20,13,2,-2,sil
10.166058540344238,9,19,19,17,5,-13,-7,-12,-12,-3,18,2,8,-8,sil
10.181765794754028,-13,4,10,15,6,15,9,-6,-8,0,-4,-13,-1,-2,sil
10.181765794754028,-15,-10,-4,7,0,25,26,5,14,19,-12,-16,-4,7,sil
10.197471857070925,-11,-19,-16,-9,-15,-7,5,12,23,20,-22,-13,-2,4,sil
10.197471857070925,-4,-13,-16,-16,-14,-19,-19,4,7,-13,-22,-7,6,-1,sil
10.21320939064026,10,9,2,1,7,-5,-15,-1,-12,-30,5,9,16,-3,sil
10.21320939064026,7,21,21,21,18,2,-2,0,-13,-8,5,8,3,-6,sil
10.228704690933228,-11,0,10,20,9,14,6,0,6,19,-20,-8,-7,-4,sil
10.228704690933228,-16,-20,-4,3,-2,19,15,-5,7,19,-12,-7,-5,4,sil
10.2447669506073,-1,-11,-1,-5,-5,6,17,0,-3,11,22,4,1,15,sil
10.2447669506073,7,0,1,-9,-5,-10,0,7,-2,0,26,7,8,19,sil
10.260342121124268,15,0,2,-15,-13,-22,-17,4,-7,-17,18,19,18,7,hello
10.260342121124268,29,13,17,4,-11,-17,-14,-2,-13,-15,37,33,24,0,hello
10.27614951133728,22,26,27,23,3,0,-1,-4,-11,-7,36,19,8,5,hello
10.27614951133728,0,19,20,16,8,16,6,-6,-6,-3,-1,-9,-16,1,hello
10.291802644729614,-8,0,6,5,5,28,9,-12,-5,-2,-30,-23,-33,-11,hello
10.291802644729614,-6,-12,-5,2,1,25,12,-5,2,-3,-31,-16,-29,-8,hello
10.30729627609253,-9,-12,-13,0,1,9,20,5,23,2,-8,-4,-1,3,hello
10.30729627609253,-10,-11,-9,-9,-2,-5,7,11,23,1,0,0,6,5,hello
10.322944402694702,0,-11,-8,-17,-7,-16,-17,6,-1,-9,-2,1,-3,-5,hello
10.322944402694702,3,0,-11,-7,0,-19,-29,-15,-22,-17,-2,0,-7,-26,hello
10.33871364593506,-12,10,-1,4,6,-7,-19,-26,-34,-20,-10,-6,-21,-32,hello
10.33871364593506,-26,3,0,7,7,14,4,0,-13,-1,-23,-17,-22,-7,hello
10.353870630264282,-17,-16,-19,-12,2,9,14,26,21,22,-23,-14,0,13,hello
10.353870630264282,-6,-21,-27,-30,-3,-12,6,22,28,20,-24,-8,7,2,hello
10.369308471679688,-5,-7,-18,-22,-4,-24,-5,4,11,6,-20,-5,4,-4,hello
10.369308471679688,6,6,0,-10,-1,-19,-14,1,1,0,6,9,17,11,hello
10.38534688949585,21,13,12,-5,3,-4,-9,0,7,8,37,21,32,17,hello
10.38534688949585,20,22,14,3,9,3,-2,-13,-6,4,30,12,14,2,hello
10.401024580001833,15,32,14,23,12,9,1,-22,-28,-12,13,2,-5,-5,hello
10.401024580001833,7,23,15,37,10,13,7,-14,-10,-4,15,-1,0,0,hello
10.416889667510986,-4,-1,7,22,-4,10,16,0,11,18,3,-12,-2,10,hello
10.416889667510986,-12,-18,-11,0,-19,8,24,12,16,27,-12,-20,-13,9,hello
10.431500434875488,-13,-30,-28,-26,-23,-4,8,20,12,14,-16,-17,-12,0,hello
10.431500434875488,-7,-35,-25,-40,-18,-23,-17,15,7,2,-3,0,4,-2,hello
10.447502613067629,6,-19,-10,-20,-8,-13,-16,0,6,3,22,18,27,3,hello
10.447502613067629,16,-3,3,-6,0,1,-11,-2,-5,-9,25,20,22,4,hello
10.463204622268677,15,7,15,-2,4,0,-15,-7,-19,-24,4,8,1,-10,hello
10.463204622268677,8,19,22,17,12,1,-12,-17,-17,-22,-5,0,-6,-20,hello
10.47829556465149,-2,23,28,39,15,15,7,-4,-6,-11,-1,1,-5,-7,hello
10.47829556465149,-6,9,25,45,13,24,28,4,0,-4,1,6,-5,5,hello
10.493626594543455,-8,-4,9,32,3,12,21,-6,0,-8,-9,0,-18,4,hello
10.493626594543455,-14,-5,-4,16,-2,6,14,-5,3,-2,-25,-10,-21,0,hello
10.509446382522585,-16,-7,-11,-1,-9,3,12,8,6,0,-27,-8,-13,4,hello
10.509446382522585,-8,-16,-11,-14,-16,-14,-10,12,2,-9,-8,7,2,8,hello
10.525100946426392,4,-5,-10,-11,-6,-27,-33,6,0,-1,19,28,24,3,hello
10.525100946426392,25,24,10,2,9,-19,-21,7,1,8,33,40,29,9,hello
10.540650129318236,38,35,31,8,15,-7,0,8,6,6,39,35,22,19,hello
10.540650129318236,23,19,25,1,9,0,3,-3,3,5,35,17,14,9,hello
10.556201696395874,0,9,16,-1,6,13,7,-11,-5,6,10,-2,0,-3,hello
10.556201696395874,-9,6,5,5,12,31,23,-8,0,13,-8,-25,-17,-7,hello
10.571928024291992,-18,-9,-22,-16,2,30,22,-8,0,11,-28,-47,-35,-13,hello
10.571928024291992,-24,-24,-41,-47,-15,11,12,-3,-1,5,-44,-50,-35,-9,hello
10.587901830673218,-14,-23,-37,-48,-8,-2,9,13,12,6,-37,-33,-13,4,hello
10.587901830673218,-7,-19,-31,-39,4,-8,1,21,19,5,-24,-21,-4,0,hello
10.60299587249756,-9,-19,-34,-35,2,-15,-13,6,10,0,-19,-17,0,-13,hello
10.60299587249756,-2,-14,-26,-28,-6,-20,-26,-6,-7,-17,-14,-4,7,-12,hello
10.61888337135315,8,5,0,-4,-9,-22,-32,-14,-21,-27,2,11,7,-7,hello
10.61888337135315,7,21,18,26,-4,-25,-30,-20,-26,-27,10,11,0,-12,hello
10.63409972190857,0,20,22,44,0,-15,-19,-12,-30,-25,4,2,-6,-16,hello
10.63409972190857,0,15,26,53,6,17,5,-6,-17,0,10,4,2,-5,hello
10.649317026138306,-2,2,19,37,8,25,16,-8,0,26,7,5,6,6,hello
10.665161609649658,-7,-11,6,10,0,10,11,0,13,25,-4,-2,0,3,hello
10.665161609649658,-3,-13,0,2,0,8,14,15,27,23,0,2,6,7,hello
10.665161609649658,-2,-19,0,-10,-3,4,18,25,30,20,13,23,17,22,hello
10.68071222305298,-8,-26,-15,-22,-11,-4,17,22,24,15,23,25,23,20,hello
10.68071222305298,-3,-12,-16,-16,-10,-11,0,9,12,5,25,18,19,6,hello
10.696765422821043,11,11,3,-5,-4,-9,-18,-3,1,-6,27,17,9,-1,hello
10.696765422821043,18,23,17,10,-1,-5,-13,-10,-4,-11,29,12,4,-5,hello
10.712820768356323,16,26,26,25,2,-3,0,-11,-22,-11,18,7,1,0,hello
10.712820768356323,11,24,26,30,10,5,6,-12,-27,-11,2,4,-4,2,hello
10.728477716445925,-2,12,6,21,9,15,6,-12,-18,-17,-14,-10,-20,-5,hello
10.728477716445925,-9,-3,-3,14,3,17,6,-4,-9,-17,-28,-26,-32,0,hello
10.744243144989014,2,-8,0,12,6,16,21,8,7,3,-26,-24,-23,15,hello
10.744243144989014,3,-6,-3,-2,0,1,17,13,17,13,-25,-10,-15,13,hello
10.759499311447144,-2,-10,-20,-15,-13,-16,-8,6,13,5,-24,-2,-7,0,hello
10.775164127349854,4,-14,-19,-21,-6,-18,-19,4,10,-1,-7,1,12,0,hello
10.775164127349854,18,0,1,-21,5,-8,-6,14,9,1,14,19,30,9,hello
10.790767192840576,15,12,3,-13,7,-11,-5,6,1,-1,21,24,29,0,hello
10.790767192840576,1,5,-9,-17,-2,-22,-26,-12,-18,-20,10,5,4,-20,hello
10.790767192840576,0,8,4,-12,-8,-6,-23,-18,-24,-23,15,1,-4,-18,hello
10.80671238899231,1,18,22,1,1,17,0,-14,-14,-9,13,10,-1,-6,sil
10.80671238899231,-15,4,9,2,16,25,13,-7,-8,-3,-12,-9,-17,-11,sil
10.822202682495115,-33,-12,-10,-2,20,28,17,0,-2,7,-20,-34,-27,-20,sil
10.838231086730955,-30,-18,-12,-9,4,17,16,3,0,13,-18,-27,-11,-9,sil
10.838231086730955,-10,-14,-8,-12,-12,-1,12,9,16,14,-18,-3,4,11,sil
10.854154586791992,10,-3,-3,-2,-8,-8,3,13,33,22,-1,9,7,21,sil
10.854154586791992,15,1,4,5,2,-5,0,14,24,27,8,4,7,14,sil
10.854154586791992,1,-2,-8,3,0,-8,0,7,9,17,-1,-3,12,5,sil
10.869762182235718,-1,0,-18,-5,-8,-19,-15,0,-2,-8,3,7,14,-1,sil
10.88476848602295,11,15,3,1,-1,-18,-27,-12,-14,-18,24,17,13,-9,sil
10.88476848602295,7,13,19,20,-1,-9,-13,-20,-22,-10,11,-5,-3,-10,sil
10.899796962738035,-15,-6,3,13,-13,0,4,-13,-28,-12,-20,-30,-32,-8,sil
10.899796962738035,-17,-11,-6,5,-5,16,18,-3,-18,-11,-21,-25,-31,-15,sil
10.91492795944214,-7,-3,3,9,9,22,17,0,-5,-4,-11,-11,-18,-13,sil
10.91492795944214,-6,-6,7,12,6,10,9,4,5,3,-4,-1,-7,7,sil
10.93103003501892,0,-12,-5,-1,0,8,9,13,20,19,5,5,7,20,sil
10.93103003501892,5,-16,-15,-16,-2,12,15,15,24,22,3,9,14,15,sil
10.946178674697876,0,-18,-18,-19,-6,1,12,8,19,8,1,6,15,10,sil
10.946178674697876,2,-10,-12,-15,-11,-19,-7,0,3,-8,2,7,8,7,sil
10.961694478988647,18,10,4,-1,-5,-14,-18,2,0,-6,7,24,19,10,sil
10.961694478988647,24,21,9,8,7,-7,-17,7,16,12,26,42,45,14,sil
10.977732419967651,18,19,10,2,5,-19,-23,8,19,9,36,37,41,11,sil
10.977732419967651,17,24,17,8,-3,-18,-19,0,6,-6,19,16,12,1,sil
10.993266582489014,11,23,17,15,-1,-3,-10,-11,-11,-19,-7,0,-15,-6,sil
10.993266582489014,-2,12,12,6,10,5,-2,-16,-26,-22,-12,-9,-29,-15,sil
11.009167432785034,-19,0,2,-1,12,10,1,-25,-36,-18,-10,-25,-25,-24,sil
11.009167432785034,-33,-16,-10,-8,-2,9,-3,-32,-40,-21,-30,-42,-33,-29,sil
11.024685859680176,-19,-15,-8,4,-3,6,7,-12,-13,0,-18,-28,-31,-16,sil
11.024685859680176,5,2,6,25,8,11,27,20,20,32,13,4,-5,10,sil
11.040701150894163,8,2,7,15,5,12,24,27,25,23,9,10,9,21,sil
11.040701150894163,8,-7,-4,-5,0,3,8,16,17,0,0,9,16,15,sil
11.055890560150146,15,0,0,-13,2,-9,-11,8,1,-7,12,19,17,8,sil
11.055890560150146,-5,1,3,-6,0,-15,-18,-11,-28,-16,0,-4,-6,-9,sil
11.071978092193604,-34,-12,-12,-9,-3,-1,0,-29,-38,-18,-34,-44,-44,-25,sil
11.071978092193604,-20,-12,-15,-17,-6,17,16,-3,-6,3,-26,-26,-29,-8,sil
11.087169647216797,19,4,7,-3,-3,8,11,29,32,18,13,19,26,15,sil
11.087169647216797,38,14,18,3,5,-15,-2,23,31,-5,19,29,36,16,sil
11.103373289108276,18,16,5,1,8,-8,-6,0,7,-24,12,12,9,0,sil
11.103373289108276,-8,3,-1,0,0,10,-1,-7,-7,-12,2,-4,-7,-8,sil
11.118974447250366,-24,-16,0,0,-5,11,10,-4,-7,11,-22,-20,-17,-3,sil
11.118974447250366,-32,-27,-23,-10,-7,8,12,-5,2,31,-26,-25,-13,3,sil
11.134257555007936,-26,-22,-37,-28,-13,0,-2,-1,6,30,-9,-21,0,5,sil
11.134257555007936,0,-8,-13,-22,-10,-1,-1,12,20,27,11,-3,25,10,sil
11.149718284606934,23,3,11,4,-1,0,4,22,36,28,26,18,41,19,sil
11.149718284606934,25,8,14,12,0,-5,-4,10,14,4,18,25,25,16,sil
11.1650550365448,19,9,6,9,0,-13,-12,-16,-12,-23,5,19,5,0,sil
11.1650550365448,12,7,1,7,-3,-16,-14,-23,-24,-39,0,15,-3,-16,sil
11.181164026260376,5,11,6,7,0,-15,-19,-12,-25,-32,4,12,-4,-23,sil
11.181164026260376,5,19,17,19,17,-10,-21,-7,-14,-8,20,17,4,-13,sil
11.197100400924684,4,21,23,30,16,0,-13,-3,-4,8,36,25,15,0,sil
11.197100400924684,-4,14,18,29,2,6,-2,-5,-4,16,22,8,6,-1,sil
11.212182760238647,-14,-2,6,13,1,12,4,-9,-9,16,-17,-17,-21,-5,sil
11.212182760238647,-13,-16,-8,0,3,25,23,2,1,14,-40,-19,-32,-2,sil
11.227837800979614,-14,-18,-21,-8,0,28,35,15,17,6,-35,-15,-22,-2,sil
11.227837800979614,-17,-14,-18,-13,-3,13,22,16,15,-1,-26,-20,-16,0,sil
11.24307107925415,-12,-17,-16,-17,-6,-4,11,11,11,-6,-23,-23,-17,2,sil
11.24307107925415,-8,-22,-22,-26,-14,-22,1,5,-1,-18,-29,-22,-26,-1,sil
11.2588312625885,-6,-13,-16,-22,-17,-24,-9,2,-6,-17,-19,-13,-13,-2,sil
11.2588312625885,0,-2,-14,-8,-8,-18,-20,-2,-1,-5,0,-1,11,0,sil
11.274112462997437,3,-2,-9,-13,-3,-16,-30,-10,-11,-10,7,2,11,0,sil
11.274112462997437,14,2,6,-5,0,0,-19,-3,-11,-4,26,8,12,8,sil
11.289997577667236,26,14,17,10,1,12,0,3,1,-1,32,17,19,13,sil
11.289997577667236,17,20,18,4,2,5,13,0,-4,-23,14,13,10,3,sil
11.305685997009276,7,25,19,0,10,3,15,-1,-9,-19,20,10,12,4,sil
11.305685997009276,13,30,22,15,20,7,4,-1,-5,1,27,14,13,9,sil
11.320838451385498,18,33,25,36,20,11,0,-13,-4,4,9,7,-4,-3,sil
11.320838451385498,2,16,19,25,12,15,1,-17,-9,5,-7,-7,-19,-6,sil
11.336030960083008,-13,-7,6,0,7,14,-2,-2,1,26,-8,-12,-5,5,sil
11.336030960083008,-20,-13,-4,0,5,12,5,5,21,46,-3,-5,10,4,sil
11.3516743183136,-20,-14,-12,3,-1,10,17,8,23,34,-8,-3,3,1,sil
11.3516743183136,-8,-20,-14,-7,-4,0,13,15,19,16,-1,1,6,10,sil
11.366799116134644,5,-22,-9,-22,-5,-10,5,14,12,2,7,15,17,10,sil
11.366799116134644,1,-24,-8,-29,-19,-9,1,3,2,-17,-5,9,2,-4,sil
11.382888078689575,-2,-23,-18,-21,-19,-6,-3,6,6,-12,-20,-6,-6,-9,sil
11.382888078689575,1,-15,-16,-17,-8,-24,-15,15,9,4,-10,0,4,0,sil
11.3988139629364,0,-2,-2,-18,-9,-34,-23,0,0,0,4,10,14,-7,sil
11.3988139629364,-1,6,0,-3,-9,-24,-29,-16,-15,-17,5,3,4,-17,sil
11.414019107818604,1,17,1,15,0,-16,-24,-11,-20,-18,12,4,-3,-11,sil
11.414019107818604,7,21,3,21,7,-10,-8,-7,-9,-16,24,9,2,-11,sil
11.429831981658936,3,15,6,14,5,3,-1,-11,-9,-23,5,-7,-3,-12,sil
11.445008993148804,-2,9,8,19,10,23,13,-9,-16,-10,-11,-23,-19,-4,sil
11.445008993148804,0,8,9,25,15,30,30,-5,-5,12,-3,-11,-17,1,sil
11.445008993148804,0,6,8,9,4,23,25,-1,1,12,-5,-2,-8,10,sil
11.46022891998291,-11,0,2,1,-2,13,12,-3,-1,2,-17,-11,-11,7,sil
11.475828170776367,-7,-1,5,8,1,9,2,-5,-8,-2,-19,-12,-25,-4,sil
11.475828170776367,3,2,8,12,3,16,0,0,-1,4,-11,-6,-23,0,sil
11.491892337799072,-8,-9,-9,-3,-3,11,2,8,8,8,-10,-12,-10,7,sil
11.491892337799072,-21,-29,-27,-29,-15,-4,3,14,8,0,-20,-12,-9,0,sil
11.507072925567629,-7,-19,-23,-25,-13,-5,5,17,11,6,-16,-3,-1,0,sil
11.507072925567629,3,-1,-12,-10,0,-3,1,19,12,14,-3,3,11,12,sil
11.523168087005615,0,-5,-7,-8,7,-9,0,18,21,14,11,15,25,16,sil
11.523168087005615,4,-14,-9,-10,2,-12,-2,7,29,17,23,25,37,15,sil
11.539003372192385,17,0,0,-2,-2,-16,-15,-6,5,2,25,27,34,13,sil
11.539003372192385,25,21,10,4,4,-16,-25,-15,-19,-21,28,26,26,3,sil
11.554785251617432,22,23,14,0,9,-10,-22,-13,-22,-30,24,15,10,-3,sil
11.554785251617432,16,14,19,0,3,-5,-10,-8,-15,-23,18,9,2,-5,sil
11.56984257698059,9,9,20,4,0,-5,-7,-18,-15,-17,14,5,3,-13,sil
11.56984257698059,0,11,21,8,1,0,-10,-20,-20,-18,1,-6,-8,-22,sil
11.584982633590698,0,19,27,30,12,17,5,-4,-6,0,-3,-9,-13,-10,sil
11.584982633590698,-2,12,21,32,5,20,17,0,5,18,-1,-5,-7,3,sil
11.601061582565308,-10,-5,0,6,-7,12,20,-4,2,21,-8,-16,-14,0,sil
11.601061582565308,-13,-9,-11,-2,0,16,28,-1,4,24,-16,-30,-24,-3,sil
11.616705656051636,-15,-13,-10,-6,3,17,24,7,7,16,-29,-26,-29,2,sil
11.616705656051636,-14,-20,-13,-14,-2,8,13,13,16,12,-22,-12,-11,4,sil
11.633349895477297,-3,-10,-13,-12,1,0,9,20,26,17,0,0,11,7,sil
11.633349895477297,-2,2,-12,-6,1,-10,1,17,18,5,6,9,15,9,sil
11.648963689804075,-8,-6,-23,-11,-12,-20,-11,6,2,-13,-6,6,7,0,sil
11.648963689804075,-7,-22,-26,-27,-23,-22,-16,10,1,-12,-14,2,7,0,sil
11.664435148239136,-1,-18,-18,-28,-17,-15,-12,16,11,3,0,8,16,2,sil
11.664435148239136,0,-9,-15,-19,-7,-18,-17,1,-3,-3,7,9,8,-6,sil
11.680028676986694,0,-1,-9,-12,-4,-20,-27,-16,-32,-32,-1,0,-4,-19,sil
11.680028676986694,1,13,3,5,1,-2,-18,-19,-30,-33,5,0,0,-20,sil
11.695913314819336,4,25,15,19,9,12,-7,-18,-18,-19,17,6,-1,-7,sil
11.695913314819336,7,24,26,21,11,10,-2,-18,-12,-6,19,8,-8,1,sil
11.71200156211853,8,23,36,27,14,10,2,-10,-5,2,14,6,-7,0,sil
11.71200156211853,3,14,28,30,5,20,11,-1,0,13,0,-2,-13,-2,sil
11.727160453796388,-4,-8,0,21,-7,22,17,0,3,20,-16,-18,-19,3,sil
11.727160453796388,-4,-12,-1,13,0,16,16,3,10,18,-17,-15,-13,13,sil
11.743191003799438,4,1,10,18,20,17,20,11,16,19,-8,0,1,17,sil
11.743191003799438,6,-4,0,7,13,4,12,6,9,15,-14,-5,5,11,sil
11.758834600448608,2,-11,-9,-9,-5,-14,-6,-1,-2,-2,-13,-8,2,6,sil
11.758834600448608,4,-2,-5,-7,-4,-12,-7,0,3,-3,3,7,8,7,sil
11.77412223815918,1,-14,-18,-23,-3,-6,3,10,14,3,0,5,4,7,sil
11.77412223815918,0,-23,-23,-39,-9,-2,12,21,29,11,1,0,6,6,sil
11.79006552696228,3,-6,-5,-19,-5,-1,9,22,32,7,18,17,25,4,sil
11.79006552696228,4,3,0,-6,0,-9,-2,10,5,-10,17,24,21,-3,sil
11.806140184402466,8,13,0,-1,6,-11,-10,-9,-17,-16,21,9,8,-11,sil
11.806140184402466,12,27,14,10,4,-9,-18,-22,-33,-21,27,7,5,-9,sil
11.82172989845276,1,25,16,11,-1,-13,-26,-25,-46,-27,13,5,0,-12,sil
11.82172989845276,-9,12,2,6,-1,-12,-21,-25,-36,-20,0,-7,-9,-15,sil
11.83741283416748,-14,1,0,4,-3,1,-4,-8,-12,-8,-13,-12,-15,-4,sil
11.83741283416748,-14,-12,-4,-1,-11,15,14,13,11,12,-19,-13,-6,3,sil
11.852553606033323,-8,-18,-15,-9,-10,11,16,18,20,27,-13,-15,3,6,sil
11.852553606033323,-2,-10,-3,0,1,3,10,13,22,24,-13,-9,0,9,sil
11.86839246749878,-4,-15,-2,-3,5,-1,6,12,28,18,-23,-7,-4,6,sil
11.86839246749878,-4,-20,-16,-26,-6,-10,-8,10,14,3,-11,2,4,-1,sil
11.884238958358765,4,-2,-8,-17,0,-7,-16,-2,-8,-16,17,14,9,-12,sil
11.884238958358765,4,12,10,9,12,4,-8,-14,-14,-20,11,-1,-11,-18,sil
11.899109125137327,-6,14,13,21,9,9,4,-11,-8,-6,-7,-16,-24,-15,sil
11.899109125137327,-10,15,11,24,5,14,13,-12,-17,-2,-4,-4,-17,-10,sil
11.914754867553713,-4,12,17,18,8,23,18,-11,-17,-1,3,3,-13,-2,sil
11.914754867553713,4,3,16,16,7,22,19,2,17,25,8,5,2,14,sil
11.929784297943115,7,-4,8,14,0,5,13,10,33,33,0,5,6,23,sil
11.929784297943115,0,-12,-2,-2,-3,1,10,7,16,3,-15,-4,-10,11,sil
11.945885181427002,0,-16,-14,-14,0,5,10,9,14,0,-10,-5,-5,2,sil
11.945885181427002,8,-6,-8,-10,0,3,0,13,10,5,3,7,12,12,sil
11.961519718170166,10,6,2,0,-6,0,-7,9,9,-1,13,12,20,17,sil
11.961519718170166,3,0,-6,-3,-7,-7,-5,6,13,0,8,3,17,9,sil
11.977195739746094,0,-8,-21,-23,-8,-23,-5,2,2,3,2,-1,13,0,sil
11.977195739746094,-1,-6,-17,-26,-13,-38,-18,-13,-20,-13,8,1,12,-8,sil
11.99330759048462,3,3,-1,-7,-16,-43,-41,-26,-39,-35,12,8,3,-14,sil
11.99330759048462,13,18,9,4,-4,-29,-35,-24,-38,-28,15,18,4,-10,sil
12.008424520492554,18,22,13,-2,7,-14,-16,-14,-28,-21,20,25,12,0,sil
12.008424520492554,15,18,20,1,4,-5,-15,-7,-27,-32,12,18,0,2,sil
12.023884296417236,3,11,18,18,0,10,-8,-4,-20,-18,-3,0,-13,-7,sil
12.023884296417236,-15,-9,0,6,0,16,9,1,-7,7,-20,-19,-15,-8,sil
12.039894342422484,-23,-20,-12,-1,2,19,21,6,3,14,-25,-29,-17,-3,sil
12.039894342422484,-14,-7,-7,9,2,25,20,3,5,12,-23,-29,-23,-11,sil
12.061826944351196,-9,-2,-3,14,3,24,21,7,6,24,-23,-22,-17,-15,sil
12.061826944351196,-12,-6,-9,13,13,26,30,18,30,41,-16,-18,1,-1,sil
12.061826944351196,-9,-3,-10,4,15,24,28,28,40,31,-13,-15,4,10,sil
12.070849180221558,-5,-8,-9,-6,1,6,17,28,32,20,-6,-8,2,12,sil
12.086703538894652,-1,-11,-6,-3,-1,-8,6,20,34,23,12,3,12,16,sil
12.086703538894652,10,1,5,-3,5,-4,-1,16,31,7,22,19,17,15,sil
12.103228569030762,16,0,1,-9,1,-3,-5,4,12,-9,18,21,17,3,sil
12.103228569030762,3,-13,-13,-21,-10,-19,-13,-18,-17,-22,6,10,1,-7,sil
12.118278503417969,-1,-5,-6,-13,-7,-21,-12,-28,-29,-26,5,7,-8,-11,sil
12.118278503417969,9,17,13,10,4,-5,-2,-21,-20,-19,17,11,-2,-6,sil
12.133906841278076,7,25,23,22,3,8,0,-18,-15,-15,9,7,-8,-2,sil
12.133906841278076,-10,13,16,18,0,18,0,-13,-2,-2,-10,-4,-18,-2,sil
12.149119138717651,-15,-8,0,-1,-3,5,-9,2,11,20,-11,-7,-6,5,sil
12.149119138717651,3,-9,-1,-18,-13,-20,-26,4,6,17,10,11,20,14,sil
12.1645188331604,28,12,11,-7,-11,-18,-27,-10,-11,-15,26,28,30,6,sil
12.1645188331604,22,24,23,6,1,1,-8,-15,-26,-32,14,15,10,0,sil
12.179603815078735,-6,3,6,6,5,12,12,-7,-20,-6,-10,-14,-9,-2,sil
12.179603815078735,-20,-23,-20,-10,-5,6,20,7,-1,10,-29,-24,-21,-5,sil
12.195125102996826,-5,-24,-21,-24,-8,-4,20,23,16,7,-16,-6,-9,-2,sil
12.195125102996826,9,-3,-6,-17,-1,-15,5,13,13,2,7,9,16,-1,sil
12.210733413696287,5,15,6,7,9,-4,-12,-3,-9,-8,6,4,7,-8,sil
12.210733413696287,-1,22,10,32,18,20,0,0,-3,-4,1,-6,-11,-5,sil
12.226299524307253,-6,5,3,27,6,17,14,4,8,14,-6,-11,-8,1,sil
12.226299524307253,-15,-14,-3,3,-10,-6,0,-3,-7,16,-22,-18,-8,-1,sil
12.241933822631836,-20,-16,-10,-4,-9,-12,-12,-7,-14,6,-16,-18,-12,-2,sil
12.241933822631836,-7,-8,-15,-11,-6,-8,-10,0,-2,-5,-1,0,0,2,sil
12.257957696914673,13,0,-13,-11,-3,-11,-7,1,2,-10,11,16,16,-1,sil
12.257957696914673,14,10,0,-2,5,-16,-3,0,-2,-13,13,11,6,-6,sil
12.273278713226318,0,12,14,8,7,-2,4,0,-8,-10,-3,-2,-15,-2,hello
12.273278713226318,-4,0,4,11,2,21,17,-4,-2,0,-15,-11,-17,0,hello
12.289217710494995,0,-10,-8,1,5,24,22,2,12,9,-6,-8,-6,9,hello
12.289217710494995,7,-9,-1,-6,3,11,15,21,29,26,10,4,20,22,hello
12.305237531661987,15,-7,0,-9,0,-9,-8,19,30,28,13,19,37,25,hello
12.305237531661987,14,-4,-6,-13,0,-23,-25,5,15,7,15,28,27,11,hello
12.320764780044556,7,4,-3,-11,0,-15,-17,-1,1,-7,21,16,14,-4,hello
12.320764780044556,6,12,12,0,0,3,-3,-4,-9,-16,10,0,0,-8,hello
12.33592963218689,6,15,22,20,12,30,15,-1,0,-5,6,4,-3,0,hello
12.351139783859251,-6,1,7,18,15,32,26,-4,-1,6,-4,-4,-10,1,hello
12.351139783859251,-24,-20,-18,-8,-7,6,19,-9,-22,-3,-37,-37,-38,-16,hello
12.366805791854858,-22,-25,-29,-24,-17,-7,8,-5,-8,-2,-33,-38,-33,-23,hello
12.366805791854858,-12,-17,-19,-30,-14,-14,-12,-3,5,-7,-5,-9,-1,-14,hello
12.381864309310911,-8,-4,-6,-27,-20,-27,-28,-12,-18,-28,2,1,2,-15,hello
12.381864309310911,-3,15,11,0,-15,-20,-24,-13,-24,-20,7,4,-4,-12,hello
12.397239446640016,1,24,25,27,3,4,-19,-1,2,2,11,6,2,1,hello
12.397239446640016,-5,11,11,39,19,18,-5,1,18,18,3,-6,7,6,hello
12.413275241851808,-14,0,-4,28,16,18,11,7,11,27,-4,-11,-2,5,hello
12.413275241851808,-5,0,-1,9,2,16,15,9,10,12,-4,2,-7,4,hello
12.429191589355469,2,-6,-5,-7,-4,5,11,1,5,-16,-9,7,-3,1,hello
12.429191589355469,8,-4,-2,-8,-6,-14,5,1,-7,-14,-3,13,5,5,hello
12.444819688796995,24,19,23,14,0,-20,-1,1,-2,5,28,34,24,7,hello
12.444819688796995,27,29,34,20,4,-18,-15,-1,0,3,40,33,25,0,hello
12.460384607315063,13,19,23,11,4,-16,-21,-1,-8,0,23,12,14,-5,hello
12.460384607315063,8,16,20,19,7,-5,-11,-4,-11,0,10,1,4,-4,hello
12.475557088851929,10,10,25,19,6,5,7,-6,-12,-2,-1,0,-7,5,hello
12.475557088851929,8,-6,10,6,-2,16,24,-2,-5,9,-12,-2,-8,17,hello
12.491107940673828,5,-21,-10,-2,-11,18,27,1,0,10,-20,-6,-9,17,hello
12.491107940673828,4,-24,-16,-14,-2,12,27,13,4,-1,-17,0,-6,16,hello
12.505773782730104,5,-20,-22,-37,4,1,19,22,18,8,1,11,17,26,hello
12.505773782730104,7,-15,-29,-44,-3,-8,-3,13,20,9,11,13,28,20,hello
12.52189302444458,4,-11,-32,-31,-5,-13,-21,-4,7,-11,1,-2,9,-8,hello
12.52189302444458,-16,-10,-32,-38,-1,-12,-24,-7,-5,-28,-18,-26,-17,-30,hello
12.53703546524048,-40,-11,-30,-45,-4,-5,-12,-2,-11,-28,-33,-45,-29,-33,hello
12.53703546524048,-39,-7,-22,-11,1,3,0,-6,-9,-10,-32,-45,-27,-31,hello
12.552687644958496,-30,-7,-15,6,11,18,9,-6,-4,14,-25,-29,-24,-15,hello
12.552687644958496,-33,-16,-18,-6,6,26,18,-1,10,36,-11,-18,-8,2,hello
12.568268299102783,-27,-16,-17,-6,-6,7,6,0,7,24,-10,-19,-2,3,hello
12.568268299102783,-3,1,0,6,-13,-20,-17,-2,0,0,-10,-7,-3,0,hello
12.58391284942627,19,15,16,11,-2,-26,-23,-3,10,-1,27,29,21,8,hello
12.58391284942627,37,27,30,21,12,-10,-23,-2,8,-1,55,52,36,10,hello
12.599090814590454,39,44,43,45,19,5,-12,-1,-6,-8,37,34,19,0,hello
12.599090814590454,26,39,45,46,12,4,1,-5,-11,-4,21,13,0,-1,hello
12.615222930908203,11,21,41,34,0,1,-1,-12,-15,-6,21,13,-7,-1,hello
12.615222930908203,0,9,28,36,0,17,4,-9,-9,-5,6,0,-13,-3,hello
12.631216287612917,-5,-4,7,20,3,33,30,12,6,11,-13,-21,-18,1,hello
12.631216287612917,-13,-16,-10,1,-2,24,38,20,18,20,-13,-22,-17,1,hello
12.646114349365234,-18,-20,-21,-5,-12,-3,7,6,9,-2,-15,-9,-11,-7,hello
12.646114349365234,-7,-28,-21,-22,-21,-20,-11,5,4,-17,-16,3,2,-4,hello
12.661762475967407,4,-23,-19,-33,-21,-19,-3,7,5,-6,-2,9,18,1,hello
12.661762475967407,6,0,-11,-23,-8,-26,-9,-3,-8,-15,0,13,15,0,hello
12.67772889137268,15,15,3,-5,4,-26,-15,-7,-14,-27,6,29,20,3,hello
12.67772889137268,30,19,19,5,2,-12,-6,1,-7,-16,15,33,26,9,hello
12.693164110183716,22,21,24,11,4,-6,-8,-1,-17,-12,5,15,5,5,hello
12.693164110183716,-4,15,11,15,15,-1,-11,-13,-19,-4,4,0,-9,0,hello
12.70904278755188,-18,2,-2,6,8,9,-2,-15,-14,9,4,-6,-9,1,sil
12.70904278755188,-9,-2,0,7,1,22,11,-5,-2,29,-7,-10,-5,9,sil
12.7250554561615,-8,-14,-9,1,6,16,16,3,8,38,-18,-22,-9,9,sil
12.7250554561615,-21,-34,-34,-23,2,4,13,17,14,26,-20,-27,-11,7,sil
12.74062991142273,-9,-28,-29,-26,0,11,22,33,38,29,-6,-7,9,16,sil
12.74062991142273,6,-6,-6,-9,-3,4,15,33,52,28,4,4,15,16,sil
12.75606369972229,0,1,-7,-10,-9,-16,-10,11,20,-8,1,-3,0,-7,sil
12.75606369972229,1,-7,-18,-34,-7,-12,-23,-9,-9,-38,3,-3,-2,-22,sil
12.772154092788696,9,-2,-4,-34,-6,-1,-22,-18,-18,-34,11,2,1,-13,sil
12.772154092788696,14,29,22,22,3,0,-15,-22,-22,-17,15,0,-1,-8,sil
12.787732362747192,15,22,28,36,1,2,-3,-25,-26,-9,8,-9,-9,-10,sil
12.787732362747192,0,-19,11,-13,-12,21,12,-21,-15,-3,-11,-22,-26,-12,sil
12.803160667419434,-32,-15,-7,-12,11,32,26,-13,0,1,-30,-25,-28,-11,sil
12.803160667419434,-36,9,-11,16,35,16,25,0,4,10,-31,-11,-15,-2,sil
12.818637609481812,-12,-3,-6,10,0,0,11,3,7,24,-15,-3,-3,5,sil
12.818637609481812,-1,-16,-5,-3,-23,-9,-7,5,3,13,-10,0,0,8,sil
12.83385682106018,-2,2,-4,-2,0,-20,-15,17,0,-7,2,16,14,8,sil
12.83385682106018,14,24,9,11,15,-15,-13,26,13,3,35,36,30,7,sil
12.849148035049438,30,29,29,29,12,-2,-11,19,22,5,35,43,24,9,sil
12.849148035049438,24,25,23,25,8,-13,-12,0,1,-22,16,30,12,2,sil
12.86525297164917,17,21,18,10,1,-19,-10,-19,-26,-30,15,9,2,-10,sil
12.86525297164917,0,6,16,11,0,8,5,-19,-25,2,5,-11,-9,-12,sil
12.88091802597046,-25,-30,-18,-6,-10,14,15,-7,-5,16,-25,-28,-17,-8,sil
12.88091802597046,-22,-39,-39,-41,-29,-10,-2,0,-3,-9,-31,-19,-14,-7,sil
12.897026538848875,-4,-16,-27,-30,-20,-15,-9,2,1,-4,1,-2,5,0,sil
12.897026538848875,-6,-20,-26,-17,-4,-15,-10,6,5,10,12,-3,19,5,sil
12.913060188293455,-1,-12,-14,-15,-6,-19,-21,3,-7,-5,5,0,14,-4,sil
12.913060188293455,12,23,13,7,-2,-1,-11,-1,-8,-12,17,10,12,-4,sil
12.928196907043455,9,26,20,23,10,18,11,5,2,-1,16,6,3,10,sil
12.928196907043455,0,7,15,22,10,23,19,5,6,8,0,-4,-7,11,sil
12.943723917007446,0,4,14,19,-1,21,13,-4,2,6,-14,-13,-17,0,sil
12.944113969802856,0,1,17,13,0,20,14,1,2,-6,-15,-12,-20,2,sil
12.959794521331789,0,-1,8,14,19,26,25,8,12,7,1,-4,-6,11,sil
12.959794521331789,3,-3,-3,10,19,24,29,6,20,35,8,0,4,13,sil
12.974961519241331,4,-11,-4,-2,2,9,22,9,25,32,-7,-4,1,9,sil
12.974961519241331,-4,-10,-6,-12,-3,-10,1,6,18,8,-21,-13,-7,3,sil
12.99098825454712,-5,-4,-10,-16,-6,-15,-11,0,5,0,-13,-6,-3,5,sil
12.99098825454712,13,-5,-9,-13,-6,-14,-13,0,3,-1,7,21,16,10,sil
13.00679326057434,20,-1,-5,-19,-9,-28,-27,-8,-13,-24,10,33,11,3,sil
13.00679326057434,11,11,0,-19,-9,-33,-34,-17,-31,-35,8,27,1,-8,sil
13.021833896636965,11,17,15,-1,3,-21,-23,-13,-21,-13,13,22,11,-11,sil
13.021833896636965,5,14,26,12,11,-9,-12,-1,-11,-3,8,14,7,-14,sil
13.03692865371704,-10,12,14,19,4,1,0,0,-8,-5,2,2,-8,-16,sil
13.03692865371704,-16,7,3,11,1,17,15,0,0,1,-1,-5,-15,-5,sil
13.052672863006592,-16,0,2,3,1,29,27,1,7,9,-13,-19,-10,0,sil
13.067805290222168,-20,-13,-8,2,-4,21,26,-3,0,2,-26,-37,-15,-6,sil
13.067805290222168,-20,-29,-30,-15,-12,-5,3,-9,-9,-6,-31,-37,-18,-12,sil
13.082971334457396,-12,-30,-41,-33,-5,-13,-9,4,5,9,-14,-19,6,-6,sil
13.082971334457396,0,-15,-27,-26,0,-8,-12,17,18,18,2,-1,22,4,sil
13.099069356918337,16,1,-3,-5,-3,-9,-15,0,3,0,11,5,8,3,sil
13.099069356918337,13,6,0,2,4,-3,-11,-19,-18,-17,14,4,-1,-11,sil
13.11476469039917,-1,6,2,-2,10,-3,-7,-13,-29,-24,9,0,-7,-16,sil
13.11476469039917,-1,13,13,11,4,-2,-8,-5,-16,-16,9,-6,-11,-8,sil
13.129913568496704,0,19,21,31,4,11,-6,-3,-4,-8,7,-9,-7,0,sil
13.129913568496704,-6,14,19,30,6,26,9,6,1,1,0,-4,-2,6,sil
13.145991563796995,-5,0,9,15,0,21,24,9,15,19,-5,1,-4,15,sil
13.145991563796995,0,-6,6,1,-3,13,19,4,23,21,-4,11,-4,23,sil
13.161500453948976,5,0,11,7,2,6,13,14,32,17,7,19,19,28,sil
13.161500453948976,10,-1,3,3,-3,-7,7,23,32,18,14,16,28,21,sil
13.17673659324646,9,-10,-9,-18,-14,-11,2,19,17,21,7,16,12,13,sil
13.17673659324646,8,-9,-10,-14,-5,-8,0,18,14,24,9,26,20,16,sil
13.193259477615356,10,1,-1,-1,4,-13,-13,12,8,7,20,27,28,10,sil
13.193259477615356,9,10,4,3,8,-11,-21,-13,-14,-13,23,10,12,-6,sil
13.208849906921388,3,12,6,4,8,-7,-17,-30,-33,-21,10,0,-3,-17,sil
13.208849906921388,1,14,11,5,3,-10,-10,-22,-31,-20,3,4,-6,-18,sil
13.22422695159912,7,21,17,19,2,0,4,-21,-18,-12,8,0,-10,-16,sil
13.22422695159912,2,11,10,20,4,19,25,-17,-12,-1,-9,-16,-22,-4,sil
13.23988914489746,-8,-8,-14,-2,0,17,29,7,0,4,-27,-18,-12,2,sil
13.23988914489746,-13,-18,-31,-29,-7,0,13,26,18,-2,-24,-17,-1,0,sil
13.255011081695557,-15,-20,-27,-28,-10,-3,3,27,28,-1,-24,-23,-3,-1,sil
13.255011081695557,-7,-21,-22,-18,-6,0,-2,12,25,9,-14,-14,5,0,sil
13.27063012123108,3,-12,-11,-25,-5,-15,-22,-9,-1,-6,-1,0,6,-9,sil
13.27063012123108,-5,-1,4,-11,-6,-11,-22,-27,-27,-23,-14,-16,-21,-20,sil
13.285805463790894,-28,-8,-1,7,-6,7,-7,-25,-28,-13,-41,-37,-43,-17,sil
13.285805463790894,-25,-18,-13,-5,-3,4,-6,-4,-17,-9,-36,-21,-25,0,sil
13.301812171936035,9,-5,-6,-10,7,-13,-13,4,-4,-11,1,12,9,12,sil
13.301812171936035,24,17,11,4,10,-19,-17,-11,-17,-16,11,19,4,1,sil
13.316941738128662,-1,21,15,15,6,7,0,-28,-32,-22,-14,-5,-26,-14,sil
13.316941738128662,-19,3,5,21,4,37,28,-6,-8,-4,-25,-23,-31,-7,sil
13.332974910736084,4,0,9,24,2,22,33,35,34,32,1,-1,1,16,sil
13.332974910736084,26,5,14,12,1,-9,11,41,48,46,33,27,35,24,sil
13.349006414413452,16,4,7,-10,-3,-21,-11,10,16,15,33,27,27,4,sil
13.349006414413452,11,6,12,-3,0,-9,-16,-1,-3,-1,31,20,13,-5,sil
13.364141702651978,16,19,24,21,10,4,-9,3,5,7,41,27,18,3,sil
13.364141702651978,3,22,21,20,8,7,-7,-8,-2,1,24,16,1,-1,sil
13.379494428634644,-15,14,8,13,5,7,1,-22,-16,0,4,-11,-23,-15,sil
13.379494428634644,-20,-3,-4,6,4,6,7,-8,0,5,3,-12,-23,-6,sil
13.395180463790894,-14,-22,-13,-9,-9,1,0,8,21,13,4,5,-13,8,sil
13.395180463790894,-5,-21,-16,-12,-15,1,2,9,19,31,1,9,8,16,sil
13.410754203796388,6,-10,-9,-8,-5,7,19,17,10,29,2,16,43,28,sil
13.410754203796388,16,-6,-3,-9,0,2,14,19,15,2,21,28,61,30,sil
13.42618203163147,20,-1,0,-13,-7,-16,-8,4,4,-14,38,31,58,15,sil
13.42618203163147,19,8,10,-8,-11,-20,-6,-2,-14,-17,29,30,52,4,sil
13.441749334335327,12,9,8,-1,-7,-10,2,1,-8,-15,12,20,38,-1,sil
13.441749334335327,0,1,0,-6,-4,-5,-1,2,2,-8,13,2,19,-4,sil
13.457798719406128,-6,-2,-4,-16,-1,0,-3,-4,0,-6,0,-14,3,-9,sil
13.457798719406128,-7,-8,-11,-25,2,0,-9,-15,-14,-26,-46,-36,-30,-18,sil
13.474092960357666,-2,0,-8,-14,10,0,-13,-19,-23,-28,-45,-41,-53,-16,sil
13.474092960357666,0,14,-1,12,19,7,0,-17,-18,1,-8,-28,-42,-8,sil
13.489046573638916,-17,-2,-10,9,10,5,4,-19,-22,3,-32,-33,-51,-14,sil
13.489046573638916,-34,-20,-25,2,-2,6,1,-20,-22,-9,-73,-54,-71,-21,sil
13.504729747772217,-24,-10,-24,13,0,20,7,-6,-9,-1,-66,-57,-67,-18,sil
13.504729747772217,-19,-3,-21,15,10,21,9,12,7,7,-54,-46,-49,-14,sil
13.521015405654907,-22,-11,-25,2,4,3,7,18,26,1,-51,-36,-29,-10,sil
13.521015405654907,-6,-8,-18,-4,-11,-2,8,13,28,-2,-37,-19,-16,0,sil
13.536173582077026,7,3,-1,2,-8,-4,5,6,9,0,-11,6,-2,6,sil
13.536173582077026,10,6,7,4,7,-18,-11,2,-4,-7,9,28,12,3,sil
13.551766157150269,23,15,15,12,8,-19,-16,7,3,-1,37,38,35,7,sil
13.551766157150269,37,28,32,21,5,-6,-7,8,12,13,59,54,55,18,sil
13.567341089248655,33,24,50,6,0,-14,-19,1,-8,-2,54,63,39,14,sil
13.567341089248655,21,20,50,15,-1,-10,-22,-7,-13,-8,61,44,27,0,sil
13.583010911941528,2,18,33,34,7,5,-2,-17,-1,9,69,26,29,-3,sil
13.583010911941528,-18,-7,18,1,0,6,12,-9,-3,8,37,19,14,-3,sil
13.598898649215698,-17,-32,0,-27,-26,11,28,12,10,18,13,11,7,5,sil
13.598898649215698,-3,-23,-2,-15,-24,21,36,23,26,31,13,8,13,29,sil
13.61420726776123,-2,-16,-4,-16,-4,11,28,16,23,26,9,4,15,27,sil
13.61420726776123,-5,-25,-22,-37,-8,-7,8,8,11,11,1,-5,14,7,sil
13.630128622055054,1,-13,-22,-33,-11,-7,-6,0,-6,-5,-1,0,10,6,sil
13.630128622055054,11,2,-12,-10,8,-2,-14,-9,-14,-12,2,6,8,0,sil
13.64506697654724,9,0,-14,-11,9,-7,-28,-12,-12,-16,3,-1,2,-15,sil
13.64506697654724,5,12,-8,-4,2,0,-32,-8,-10,-25,1,-2,0,-13,sil
13.661119222640991,3,31,2,17,13,5,-22,-14,-18,-24,-3,-3,-3,-5,sil
13.661119222640991,3,25,7,22,15,-6,-20,-21,-25,-15,-15,-14,-11,-7,sil
13.676894187927246,2,19,9,24,11,-2,-8,-15,-14,-3,-14,-18,-10,-11,sil
13.676894187927246,-5,8,2,19,7,6,7,-5,-11,-1,-22,-20,-19,-9,sil
13.692047357559204,-18,-12,-10,6,-3,9,18,-1,-9,0,-44,-32,-32,-3,sil
13.692047357559204,-19,-19,-10,8,-3,20,26,3,7,16,-40,-31,-23,4,sil
13.708173513412476,-10,-15,0,10,-2,17,27,19,17,27,-23,-12,-13,13,sil
13.708173513412476,-2,-15,0,4,-5,-1,23,28,25,26,-18,-3,-11,16,sil
13.723764896392822,0,-13,-11,-7,-1,-12,11,29,40,20,-14,0,-3,15,sil
13.723764896392822,1,-13,-16,-21,0,-12,-5,21,38,10,1,9,9,9,sil
13.739789485931396,5,-9,-15,-16,-1,-22,-21,5,16,-2,15,14,13,-3,sil
13.739789485931396,4,7,-7,-4,2,-21,-23,-7,-5,-13,14,8,7,-15,sil
13.755853652954102,2,17,-2,-4,6,-4,-14,-12,-10,-11,11,0,9,-19,sil
13.755853652954102,6,12,5,-10,0,-4,-11,-10,-9,-9,13,0,16,-14,sil
13.771955490112305,10,18,23,0,-2,-5,-2,-10,-17,-12,21,6,15,-4,sil
13.771955490112305,0,19,15,14,0,8,11,-24,-31,-21,6,-2,-8,-7,sil
13.78709840774536,-22,-2,-11,5,-9,13,6,-31,-44,-42,-27,-25,-42,-21,sil
13.78709840774536,-22,-14,-8,4,-15,11,11,-16,-30,-34,-28,-21,-34,-19,sil
13.803163051605225,-3,-3,11,8,-2,17,32,3,0,-3,-8,1,-14,0,sil
13.803163051605225,-6,-7,3,0,1,20,27,10,14,14,-11,6,-20,11,sil
13.819180011749268,-14,-19,-13,-9,-4,7,7,8,20,21,-11,0,-14,8,sil
13.819180011749268,3,-9,0,-12,-4,-2,0,13,26,20,4,3,9,13,sil
13.834715127944946,25,10,17,-2,3,-4,-4,19,28,20,31,22,32,22,sil
13.834715127944946,29,13,19,0,9,-8,-23,15,16,19,42,38,43,21,sil
13.850906372070312,20,6,18,-3,10,-12,-29,5,1,8,33,36,37,11,sil
13.850906372070312,6,4,6,-6,3,-11,-22,-4,-2,-2,29,23,27,1,sil
13.86605143547058,7,8,0,-4,-2,-14,-25,-10,-14,-15,20,15,12,-7,sil
13.86605143547058,14,15,18,17,7,-3,-18,-12,-25,-19,7,5,-2,-10,sil
13.88206672668457,0,6,19,30,12,12,0,-8,-15,-13,-2,-7,-16,-2,sil
13.88206672668457,-22,-12,-9,7,-2,12,13,1,3,6,-14,-21,-12,-4,sil
13.897774934768677,-20,-12,-21,2,-1,8,20,4,13,30,-17,-28,-2,-12,sil
13.897774934768677,-9,0,-5,17,4,11,15,-3,2,19,-10,-19,-7,-1,sil
13.912850141525269,-7,-4,-4,11,0,14,10,-2,1,6,-6,-10,-7,9,sil
13.912850141525269,-12,-18,-20,-10,-5,1,11,9,7,18,-16,-23,-2,0,sil
13.928726196289062,-13,-19,-22,-27,-6,-12,7,13,6,18,-24,-27,-11,-3,sil
13.928726196289062,-2,-9,-17,-24,-4,-10,0,7,13,9,-12,-4,-3,12,sil
13.943896293640137,6,-2,-7,-15,-4,-13,-7,3,6,-3,-8,11,7,17,sil
13.943896293640137,12,-1,0,-14,-7,-18,-11,1,-9,-17,-8,13,6,8,sil
13.958959579467772,16,-3,1,-27,-17,-13,-10,0,-6,-16,0,21,3,9,sil
13.97476577758789,16,2,0,-24,-24,-16,-12,-1,-5,-19,8,25,2,7,sil
13.97476577758789,14,25,6,14,-5,-17,-10,-6,-15,-32,16,15,9,-10,sil
13.97476577758789,9,32,14,31,16,0,-1,-6,-13,-26,22,8,15,-15,sil
13.989944219589232,3,17,13,14,16,20,10,-1,-4,-2,11,2,5,-7,sil
14.00519323348999,-2,6,5,5,9,18,14,-6,-6,0,0,-5,-4,-10,sil
14.00519323348999,-8,5,4,11,13,10,9,-5,1,-2,2,-6,-7,-11,sil
14.021193265914915,-10,1,6,21,21,22,15,-1,17,19,0,-10,-9,-4,sil
14.021193265914915,-12,-1,7,19,11,33,15,-7,5,23,-21,-21,-24,-6,sil
14.037216901779177,-9,1,15,14,-3,25,11,-8,-3,3,-22,-18,-27,-5,sil
14.037216901779177,0,-3,8,13,-2,15,5,-2,10,-1,-9,-7,-20,3,sil
14.053251028060911,1,-18,-9,-2,-1,4,-8,0,9,-6,-19,-8,-21,0,sil
14.053251028060911,-9,-26,-22,-19,-9,-17,-15,5,6,-5,-17,-11,-9,-9,sil
14.568257331848145,-11,-28,-43,-45,-7,0,7,23,36,20,-19,-11,13,6,sil
14.568257331848145,8,-16,-22,-33,0,-1,10,19,31,14,22,9,38,14,sil
14.583908319473268,15,-5,-18,-32,3,-5,7,16,15,10,32,10,33,4,sil
14.583908319473268,6,5,-7,-27,-9,-18,-3,3,-9,-4,20,7,5,-5,sil
14.599129438400269,0,17,14,-3,-17,-16,-1,-13,-17,-11,23,2,-3,-3,sil
14.599129438400269,1,17,28,12,-7,0,5,-13,-15,-7,21,-2,-9,1,sil
14.615015506744385,7,10,24,18,7,21,9,-6,-11,4,16,1,-16,4,sil
14.615015506744385,3,0,10,16,2,22,10,-3,-8,1,4,3,-18,5,sil
14.631120681762695,-5,-10,-1,-2,-9,3,10,2,-2,-3,-10,-3,-12,3,sil
14.631120681762695,-3,-19,-11,-19,-5,-1,12,9,13,11,-7,-4,-4,3,sil
14.646205186843872,0,-22,-10,-17,0,3,3,9,21,14,0,0,4,7,sil
14.646205186843872,0,-16,-8,-11,-4,-3,-12,0,11,0,-3,4,13,2,sil
14.662190914154053,1,-11,-7,-23,-12,-23,-27,-7,-10,-14,-2,15,11,0,sil
14.662190914154053,8,1,0,-19,-5,-27,-24,-3,-20,-20,12,25,14,2,sil
14.678230047225952,7,17,12,7,11,-12,-10,-4,-9,-16,19,18,22,1,sil
14.678230047225952,-1,21,18,17,11,2,-5,-10,-11,-9,4,1,3,-8,sil
14.693639993667604,-8,22,21,24,5,9,-7,-11,-17,-3,-4,-2,-14,-11,sil
14.693639993667604,-9,16,19,32,9,5,-6,-11,-14,-12,-13,-1,-20,-5,sil
14.709409952163696,-13,0,8,18,5,7,2,-10,-8,-10,-25,-9,-27,-5,sil
14.709409952163696,-20,-14,-5,6,0,15,9,-2,3,14,-20,-15,-24,-7,sil
14.724763870239258,-12,-14,-9,5,2,13,10,11,20,28,-12,-11,-8,4,sil
14.724763870239258,7,-7,-1,8,3,6,18,23,35,35,0,0,16,18,sil
14.740863800048828,14,0,-4,0,-1,-2,12,21,35,35,10,11,33,13,sil
14.740863800048828,6,0,-16,-16,-3,-12,-7,7,17,6,3,3,26,-1,sil
14.756446123123167,11,0,-9,-16,1,-10,-11,0,2,-19,4,3,21,-3,sil
14.756446123123167,26,11,8,0,4,-7,-5,1,-2,-19,22,18,21,2,sil
14.772270441055298,23,19,6,4,5,-8,-3,-1,-12,-14,24,9,6,-5,sil
14.772270441055298,8,17,2,-2,0,-8,-5,-11,-33,-23,1,-8,-18,-14,sil
14.78779673576355,4,20,16,8,-1,0,-1,-9,-31,-21,0,0,-18,-5,sil
14.78779673576355,4,19,8,23,2,9,4,-5,-2,-1,14,5,0,0,sil
14.803326845169067,-6,1,-6,7,-7,2,0,-4,0,2,4,-2,-1,4,sil
14.803326845169067,-15,-7,-5,-5,-17,-1,-2,-2,-5,1,-8,-4,-11,7,sil
14.818708658218384,-8,-8,-5,-1,-5,6,8,-2,1,8,-6,-11,-11,-2,sil
14.818708658218384,-6,-17,-11,-3,3,14,19,2,7,13,-15,-21,-10,-3,sil
14.834789991378784,-14,-28,-19,-11,-2,10,13,12,13,17,-23,-16,-5,11,sil
14.834789991378784,-21,-31,-21,-23,-7,1,-1,11,7,7,-20,-9,-8,10,sil
14.850794315338137,-16,-22,-7,-10,-2,7,2,3,2,0,-14,-9,-15,-2,sil
14.850794315338137,-9,-22,-11,0,0,9,17,2,14,3,-19,-12,-15,0,sil
14.86603593826294,0,-30,-21,-35,-8,-18,0,5,7,-8,-24,-2,-11,4,sil
14.86603593826294,17,-3,5,-33,-9,-39,-37,-1,-14,-23,4,28,11,5,sil
14.88209867477417,23,37,31,25,3,-18,-38,-14,-18,-20,32,34,25,0,sil
14.88209867477417,13,33,20,33,7,2,-7,-13,-12,-12,24,9,15,-5,sil
14.89769458770752,3,12,10,0,2,-2,6,-4,-10,-2,24,2,13,-10,sil
14.89769458770752,-2,16,14,2,5,-4,0,-4,-3,3,29,2,14,-18,sil
14.913994550704956,-1,21,14,21,11,11,3,-5,8,5,11,-6,0,-16,sil
14.913994550704956,1,14,13,16,5,20,11,2,5,12,-5,-5,-7,4,sil
14.92998719215393,-4,5,8,8,2,18,16,10,5,20,-2,-4,-1,14,sil
14.92998719215393,-11,-1,-4,6,8,19,21,12,19,18,-6,-14,-5,0,sil
14.945128440856934,-13,-7,-15,-2,3,8,16,8,15,10,-20,-11,-16,-4,sil
14.945128440856934,-7,-12,-17,-10,-1,-2,3,-2,8,8,-15,-1,-3,9,sil
14.961196422576904,6,-17,-6,-15,-2,-8,-10,-4,11,5,-4,2,12,21,sil
14.961196422576904,16,-10,-1,-13,-2,-5,-12,5,14,12,2,11,16,17,sil
14.976784706115724,10,-4,-9,-8,0,-7,-7,6,8,16,1,17,16,7,sil
14.976784706115724,1,-7,-7,-16,-3,-19,-14,0,-10,-9,-4,10,8,0,sil
14.991957426071169,-5,-2,-5,-17,-12,-19,-17,-8,-26,-29,-2,3,0,-15,sil
14.991957426071169,-2,6,-2,-4,-9,-4,-10,-11,-31,-26,3,2,-3,-22,sil
15.006689548492432,7,15,15,10,1,3,-1,-9,-23,-20,13,4,4,-10,sil
15.023218393325806,7,18,18,14,9,0,-1,-13,-16,-20,19,2,4,-5,sil
15.023218393325806,1,12,7,6,6,0,-9,-19,-25,-25,0,-7,-20,-11,sil
15.023218393325806,0,13,12,17,2,3,0,-9,-15,-14,-12,-15,-28,-8,sil
15.038779497146606,-6,11,17,24,2,12,19,7,5,1,-4,-14,-22,0,sil
15.038779497146606,-15,1,6,14,4,22,24,13,8,11,-4,-11,-19,3,sil
15.053963899612429,-8,-3,-5,14,2,19,19,10,17,22,-12,-9,-3,8,sil
15.054316759109495,0,-7,-6,3,-4,-1,12,18,28,20,-11,-3,6,19,sil
15.070063829421995,5,-17,-8,-10,-6,-5,13,26,28,19,1,7,9,25,sil
15.070063829421995,2,-20,-17,-7,-2,5,11,20,31,30,8,12,16,20,sil
15.0861496925354,0,-17,-18,-10,-2,0,0,15,28,21,4,11,19,11,sil
15.10178518295288,2,-20,-23,-26,-6,-19,-17,2,7,-2,4,11,19,2,sil
15.10178518295288,7,-16,-17,-28,-15,-28,-24,-11,-14,-18,3,9,12,-4,sil
15.116889238357544,14,6,7,0,-6,-7,-5,-7,-4,-9,15,13,14,-2,sil
15.116889238357544,16,12,19,7,10,9,6,0,5,0,25,20,20,-1,sil
15.133012771606444,-1,-6,3,-15,0,0,-7,-16,-18,-16,3,4,-1,-17,sil
15.133012771606444,-21,-7,-4,-9,-9,-8,-17,-32,-41,-21,-9,-21,-25,-26,sil
15.133012771606444,-18,6,0,8,1,0,-11,-22,-33,-11,-13,-26,-27,-20,sil
15.148162126541138,-11,8,0,8,8,7,-6,-7,-12,-10,-36,-28,-31,-26,sil
15.163872003555298,-14,4,2,3,6,1,-1,-5,-6,-11,-37,-31,-33,-29,sil
15.163872003555298,-4,10,12,5,7,0,0,4,-9,2,8,-9,-9,-2,sil
15.17878794670105,11,19,16,18,11,8,0,8,-1,9,33,9,11,10,sil
15.17878794670105,1,15,9,19,8,4,3,-5,-4,-7,-3,-4,-1,0,sil
15.194761753082275,-17,0,-5,1,-3,2,6,-3,-2,-6,-23,-13,-11,0,sil
15.194761753082275,-5,-6,-14,-3,-5,13,11,16,21,21,-1,3,4,21,sil
15.21023440361023,17,0,0,10,3,15,17,25,34,31,8,14,19,34,sil
15.21023440361023,14,2,9,14,6,7,27,21,33,28,3,8,22,33,sil
15.226258039474487,-4,-10,-12,-12,-5,0,16,17,29,22,-1,6,13,23,sil
15.226258039474487,-1,-17,-24,-28,-9,-8,-5,10,23,13,1,17,16,11,sil
15.24284529685974,24,1,-1,-11,0,-14,-10,0,15,5,21,30,34,10,sil
15.24284529685974,32,20,24,0,-2,-15,-10,-5,-1,-7,31,35,28,12,sil
15.258221626281738,10,12,15,-4,-7,-8,-18,-14,-18,-19,22,22,8,-2,sil
15.258221626281738,-3,0,1,-11,-5,-16,-28,-17,-26,-21,10,1,-3,-17,sil
15.27438497543335,2,5,13,-4,-3,-22,-21,-13,-30,-17,8,-2,-7,-15,sil
15.27438497543335,1,5,16,5,0,-5,-5,-12,-22,-17,-1,0,-11,-12,sil
15.289960622787476,-10,-6,4,5,2,12,9,-6,-9,-22,-22,-9,-21,-13,sil
15.289960622787476,-11,-3,1,9,0,14,16,0,0,-6,-22,-21,-20,-12,sil
15.305103778839111,-12,0,1,8,0,7,2,-4,-10,3,-15,-27,-19,-19,sil
15.305103778839111,-19,-4,-2,5,3,12,4,-3,-10,-3,-19,-21,-25,-19,sil
15.320494174957275,-14,-6,-4,16,7,23,24,2,8,4,-18,-18,-20,-7,sil
15.320494174957275,-5,-9,-10,10,10,20,25,3,5,7,-16,-21,-18,-1,sil
15.336511373519896,-5,-14,-14,-1,12,17,17,2,3,8,-13,-14,-9,1,sil
15.336511373519896,0,-14,-13,-2,4,10,9,9,14,13,-3,-1,6,8,sil
15.352959394454956,7,-9,-14,-7,-7,-4,-5,11,11,7,7,6,14,10,sil
15.352959394454956,5,-8,-22,-12,-3,-14,-6,5,9,2,13,11,16,7,sil
15.368176698684692,-3,-14,-23,-17,-3,-21,-12,3,7,1,2,6,7,5,sil
15.368176698684692,-3,-11,-13,-18,-12,-23,-26,3,0,-1,0,0,0,0,sil
15.383683919906616,6,7,1,-11,-11,-20,-25,1,-4,-7,10,13,11,-1,sil
15.383683919906616,14,20,13,-3,-7,-17,-17,0,-7,-14,16,26,22,4,sil
15.39914059638977,13,18,16,8,0,-6,-10,-2,-10,-9,25,22,23,3,sil
15.39914059638977,7,24,29,26,9,6,-5,-11,-14,-1,29,12,12,0,sil
15.41505765914917,-2,37,36,37,16,12,5,-19,-11,1,18,0,-3,-6,sil
15.41505765914917,-14,15,6,20,5,14,14,-15,-2,0,-2,-21,-21,-10,sil
15.431037425994871,-18,-19,-20,-12,-8,14,13,3,8,6,-17,-23,-22,-2,sil
15.431037425994871,-3,-18,-13,-21,-8,2,6,17,19,16,-13,-6,-1,10,sil
15.446120262145996,9,0,3,-12,-4,-7,5,15,14,8,-4,2,0,19,sil
15.446120262145996,9,0,4,-3,-4,-1,11,12,11,9,-4,6,0,21,sil
15.461642742156982,7,-13,-1,-9,-6,-2,3,7,12,16,-6,10,16,15,sil
15.461642742156982,12,-11,0,-19,-5,-16,-13,-7,-5,-10,-1,13,19,6,sil
15.47771167755127,10,9,12,3,6,-12,-12,-20,-22,-24,9,12,7,-2,sil
15.47771167755127,0,14,19,25,14,9,4,-11,-14,-1,4,3,-3,-4,sil
15.49380087852478,-3,-4,8,11,4,20,19,4,4,9,-12,-12,-13,0,sil
15.49380087852478,-8,-15,-15,-11,-4,9,11,5,7,1,-21,-16,-13,1,sil
15.508929967880247,-4,-7,-16,-15,-4,-8,-10,3,-1,0,-7,4,2,-3,sil
15.508929967880247,11,4,1,2,3,-12,-15,1,0,2,21,20,22,-7,sil
15.52408504486084,2,9,6,6,9,-2,-8,-7,-8,-10,13,1,6,-12,sil
15.52408504486084,-23,6,0,6,8,18,10,-10,-22,-18,-22,-26,-25,-20,sil
15.54019284248352,-23,-1,-5,13,9,35,35,1,0,3,-27,-33,-29,-19,sil
15.54019284248352,-13,-15,-17,0,3,17,24,18,28,18,-17,-24,-17,-7,sil
15.555853843688965,-15,-22,-28,-19,-6,-6,-2,19,25,13,-12,-17,-8,-4,sil
15.555853843688965,-3,-9,-18,-13,-7,-7,-10,11,11,4,-3,-3,3,-2,sil
15.570943593978882,15,3,-1,-1,-1,-4,-2,9,14,2,5,13,17,9,sil
15.570943593978882,16,-3,-3,-8,-7,-22,-14,-1,7,-12,1,16,15,8,sil
15.586077213287354,9,-4,-5,-16,-12,-36,-36,-22,-27,-34,-4,6,-5,-10,sil
15.586077213287354,6,18,7,3,0,-19,-25,-21,-32,-21,6,8,-9,-12,sil
15.60215139389038,2,27,12,17,4,-5,-8,-11,-13,-5,20,15,-2,-6,sil
15.60215139389038,-1,15,15,11,1,1,-11,-16,-15,-10,20,5,-4,-9,sil
15.617825508117676,-2,16,22,20,8,15,-4,-18,-13,-2,15,-4,-6,0,sil
15.617825508117676,0,18,18,31,9,22,9,-6,-2,4,6,-4,-8,11,sil
15.632928609848022,4,9,14,29,8,18,14,-2,-8,2,5,0,-2,10,sil
15.632928609848022,10,4,23,22,12,16,21,1,-11,12,9,6,10,20,sil
15.648783445358276,13,2,12,12,3,10,26,13,12,34,14,7,23,30,sil
15.648783445358276,11,-14,-4,-2,-13,0,12,20,27,36,15,15,29,24,sil
15.66387391090393,7,-22,6,-22,-20,0,0,25,16,16,8,28,24,25,sil
15.66387391090393,-5,-17,-5,-25,-12,10,12,19,26,16,6,10,20,17,sil
15.678961038589478,-18,-26,-39,-35,-8,1,9,12,33,19,0,-8,12,0,sil
15.678961038589478,-5,-27,-24,-43,-13,-21,-8,19,14,0,2,12,13,1,sil
15.694130420684814,12,-9,0,-24,-9,-28,-10,10,4,-11,25,27,29,2,sil
15.694130420684814,7,-3,-4,-15,0,-23,-17,-15,-10,-16,24,12,13,-6,sil
15.709751844406128,-3,-1,-6,-13,3,-23,-26,-27,-27,-24,8,4,-9,-14,sil
15.709751844406128,-4,8,-4,-4,0,-31,-31,-29,-33,-34,-7,0,-15,-30,sil
15.724769592285156,-6,13,0,0,-2,-24,-30,-29,-33,-40,-27,-15,-28,-40,sil
15.724769592285156,-9,13,5,13,3,10,-3,-11,-15,-22,-24,-26,-35,-24,sil
15.740795850753784,-10,11,6,24,8,34,31,10,3,-3,-36,-37,-37,-6,sil
15.740795850753784,-15,4,-8,18,11,36,45,14,6,1,-82,-61,-48,-10,sil
15.75596570968628,-26,-7,-25,9,14,30,34,2,0,-1,-98,-81,-61,-23,sil
15.75596570968628,-33,-16,-27,8,9,28,22,-1,0,0,-68,-68,-59,-21,sil
15.771432161331177,-20,-11,-20,13,7,26,16,0,10,19,-39,-33,-33,-4,sil
15.771432161331177,0,-3,-10,2,7,4,-5,4,13,23,-22,-9,-6,8,sil
15.78718638420105,15,5,4,0,5,-12,-17,22,16,18,16,9,26,18,sil
15.78718638420105,35,20,23,15,8,-8,-1,36,27,23,57,42,60,31,sil
15.80276608467102,41,24,35,17,3,-7,0,18,17,18,65,69,64,31,sil
15.80276608467102,25,11,21,3,-5,-14,-11,-11,0,8,67,63,54,16,sil
15.818091630935667,13,7,4,-8,-2,-14,-14,-20,-8,-1,68,49,49,8,sil
15.818091630935667,16,19,16,-1,6,-5,-11,-16,-10,-8,61,47,39,1,sil
15.833871126174929,3,12,26,12,4,1,-11,-13,-4,1,46,31,17,-3,sil
15.833871126174929,-17,-6,10,2,-10,1,-8,-1,1,9,22,2,-6,-1,sil
15.848966598510742,-12,-5,7,-1,-17,0,0,5,2,2,11,-3,-6,4,sil
15.864283084869385,4,0,22,6,-10,8,5,2,0,1,7,4,0,15,sil
15.864283084869385,0,-16,8,-1,-3,12,10,4,6,11,-10,0,-8,19,sil
15.879968166351318,-4,-27,-20,-21,-10,-3,0,5,13,8,-17,0,-7,9,sil
15.879968166351318,8,-13,-12,-23,-20,-28,-17,-5,0,-13,-1,10,1,0,sil
15.895943880081177,8,0,-2,-11,-11,-23,-14,-22,-23,-35,-1,5,-3,-8,sil
15.895943880081177,-11,-4,-18,-18,-1,-12,-8,-32,-46,-51,-32,-17,-25,-21,sil
15.9110426902771,-13,-2,-21,-21,-3,-16,-7,-23,-49,-42,-35,-20,-28,-28,sil
15.9110426902771,1,6,0,-1,1,-10,2,-4,-21,-12,-15,-14,-17,-27,sil
15.926736116409302,0,2,6,11,16,12,13,11,2,1,-24,-27,-22,-6,sil
15.926736116409302,-18,-7,-11,11,17,26,16,22,21,24,-29,-36,-19,12,sil
15.94186019897461,-20,-10,-22,2,4,24,17,24,32,39,-21,-29,-10,3,sil
15.94186019897461,-10,-5,-13,0,2,23,22,24,38,22,-23,-23,-7,-7,sil
15.9573712348938,-6,-5,-14,0,4,10,16,20,37,9,-19,-19,-1,1,sil
15.9573712348938,-5,-11,-21,-13,-4,-17,-10,4,5,-5,-3,-9,4,-2,sil
15.9730064868927,4,1,-8,-10,-1,-15,-20,-13,-24,-29,13,4,10,-19,sil
15.9730064868927,10,25,13,14,14,1,-11,-16,-33,-37,11,11,7,-17,sil
15.98888111114502,2,25,21,24,3,1,-5,-10,-31,-21,-2,5,-6,-2,sil
15.98888111114502,3,8,13,16,-13,4,5,-8,-11,10,-2,0,-2,12,sil
16.003838777542114,10,0,6,8,-4,10,18,5,11,37,5,9,13,26,sil
16.003838777542114,9,-2,4,3,10,9,17,18,35,48,17,21,25,27,sil
16.01902484893799,5,-12,-4,-8,8,0,4,16,45,40,20,20,27,21,sil
16.01902484893799,6,-12,-9,-13,3,-4,-6,14,26,15,17,14,22,12,sil
17.99211025238037,4,22,20,5,-10,-12,-22,-23,-36,-42,-1,2,-8,-13,hello
17.99211025238037,5,18,30,26,0,-4,-12,-21,-21,-16,-4,-7,-14,-3,hello
18.007132530212402,-1,2,21,17,2,2,8,-6,-10,8,-16,-12,-18,-2,hello
18.007132530212402,-7,2,8,13,-2,13,23,0,-2,15,-17,-11,-9,-1,hello
18.022801876068115,3,2,5,10,-4,10,14,2,0,4,-15,-4,-4,13,hello
18.022801876068115,14,-5,8,-1,-4,0,-1,11,-4,-6,-13,11,0,22,hello
18.03809952735901,12,-3,-3,-1,-3,-8,-6,6,0,-8,-1,14,15,3,hello
18.03809952735901,12,11,0,3,7,-12,-11,0,1,-13,8,11,12,-7,hello
18.05328345298767,20,22,19,12,18,-1,-9,0,0,-8,15,20,4,0,hello
18.05328345298767,14,22,10,31,17,22,7,0,4,4,16,7,6,-7,hello
18.06843852996826,-6,13,8,28,14,27,14,0,-4,0,-4,-17,-14,-15,hello
18.06843852996826,-20,3,10,15,16,24,22,12,2,9,-8,-15,-21,-4,hello
18.09146475791931,-18,-18,-37,14,10,26,42,7,38,48,16,-17,11,2,hello
18.09146475791931,-13,-41,-59,-16,-5,5,20,-7,27,31,3,-19,8,6,hello
18.09146475791931,0,-28,-9,-40,-13,-12,-11,4,4,-2,-14,7,-9,17,hello
18.099465370178223,19,-4,2,-12,0,-5,-6,18,27,12,19,27,26,19,hello
18.115139722824097,23,2,-2,-9,3,-13,-11,2,17,3,41,30,43,6,hello
18.115139722824097,25,22,32,-5,-1,-23,-23,-8,-19,-22,37,43,27,3,hello
18.13118028640747,26,39,49,26,0,-5,-5,-7,-16,-8,46,41,25,11,hello
18.13118028640747,8,20,29,21,4,13,13,-10,-15,-3,23,13,2,12,hello
18.146743297576904,-8,-1,8,-1,8,20,24,-8,-8,2,-2,-5,-13,4,hello
18.146743297576904,-19,-19,-13,-17,-1,9,10,5,13,19,-4,-11,-7,2,hello
18.162808656692505,-27,-31,-22,-34,-21,-10,-19,11,8,8,-11,-10,-9,0,hello
18.162808656692505,-11,-19,-18,-34,-21,-21,-29,2,-2,-12,-5,0,1,-3,hello
18.17840337753296,3,-6,-17,-34,-15,-32,-32,-5,-13,-32,7,5,3,-13,hello
18.17840337753296,-1,0,-10,-22,-11,-27,-30,-10,-28,-36,2,-5,-15,-25,hello
18.193819046020508,-7,14,3,15,-2,-6,-12,-18,-36,-19,-15,-18,-25,-26,hello
18.193819046020508,-17,9,0,18,-7,0,-6,-26,-43,-20,-42,-39,-41,-26,hello
18.208861351013184,-44,-24,-33,-9,-16,1,-2,-21,-28,-17,-86,-76,-72,-33,hello
18.208861351013184,-50,-36,-52,-18,-2,21,20,5,10,11,-112,-88,-72,-26,hello
18.224209547042847,-23,-11,-33,-4,15,28,34,28,34,22,-81,-53,-25,-8,hello
18.224209547042847,-5,0,-23,-1,17,0,19,24,27,4,-34,-18,11,-3,hello
18.240078687667847,2,-1,-20,-7,16,-17,2,16,16,-1,-11,0,19,2,hello
18.240078687667847,23,20,14,13,23,-5,-3,2,3,1,19,23,30,10,hello
18.256774425506592,27,40,47,45,20,3,-19,-23,-25,-17,41,27,21,0,hello
18.256774425506592,1,27,39,48,4,10,-15,-26,-27,-19,20,9,-10,-6,hello
18.27187418937683,-10,4,17,37,-4,24,19,2,15,22,6,2,-12,6,hello
18.27187418937683,6,-1,21,23,-1,26,44,30,46,50,33,22,20,25,hello
18.28709578514099,27,0,24,5,0,10,33,33,44,43,62,47,46,33,hello
18.28709578514099,29,-4,13,-5,-12,-18,-5,9,19,13,55,55,46,31,hello
18.30320978164673,33,0,16,0,-19,-36,-29,-5,-8,-13,51,53,44,24,hello
18.30320978164673,47,20,33,5,1,-22,-21,0,-12,-20,72,57,50,21,hello
18.31875944137573,46,28,41,0,15,0,-12,-1,-9,-11,72,52,43,22,hello
18.31875944137573,27,23,30,6,2,5,-3,-9,-8,9,48,28,25,13,hello
18.333983659744263,4,13,14,14,-3,3,7,0,0,25,19,4,0,6,hello
18.333983659744263,-10,-2,4,2,1,15,11,5,10,21,-8,-6,-18,10,hello
18.34936499595642,-14,-20,-12,-12,0,26,11,-2,10,19,-33,-17,-18,8,hello
18.34936499595642,-22,-33,-41,-30,-6,7,9,-8,4,13,-51,-32,-23,-4,hello
18.36478090286255,-31,-40,-57,-41,-7,-15,2,-8,3,-1,-48,-35,-27,-15,hello
18.36478090286255,-21,-32,-52,-42,-9,-16,-7,0,-1,-13,-36,-20,-16,-16,hello
18.37983655929565,-8,-12,-36,-40,-13,-11,-11,6,-10,-19,-29,-6,-10,-14,hello
18.37983655929565,-11,-3,-20,-24,-1,-9,-7,-4,-12,-29,-17,-8,-10,-20,hello
18.394976139068604,-19,-2,-12,-7,7,-4,-13,-18,-22,-45,-13,-20,-20,-40,hello
18.394976139068604,-21,8,-6,0,6,0,-13,-12,-27,-45,-22,-31,-34,-50,hello
18.410377025604248,-21,14,3,6,6,5,-3,-3,-17,-21,-29,-37,-38,-36,hello
18.42616844177246,-26,0,13,18,10,15,3,-3,-11,0,-28,-33,-29,-21,hello
18.42616844177246,-23,-3,7,31,5,20,13,-2,-4,12,-19,-21,-16,-6,hello
18.44198179244995,-7,0,0,21,-4,14,28,13,15,21,-9,-10,-5,16,hello
18.44198179244995,3,-3,-1,7,-7,5,26,19,30,27,-7,-5,3,23,hello
18.457119703292847,6,-8,-3,7,-5,-5,0,6,15,14,-9,-2,12,13,sil
18.457119703292847,14,1,-1,-1,-8,-18,-23,1,-1,-8,5,11,24,14,sil
18.473227739334103,20,9,2,-7,-5,-24,-32,0,-5,-20,29,25,24,9,sil
18.473227739334103,28,12,16,0,0,-31,-39,-10,-14,-27,33,27,12,0,sil
18.488741397857662,37,24,36,1,2,-22,-25,-8,-11,-16,34,27,19,6,sil
18.488741397857662,21,25,31,-1,5,4,8,-2,4,11,31,16,24,12,sil
18.504783391952515,-3,13,14,26,5,28,31,1,5,26,8,0,0,7,sil
18.504783391952515,-6,10,15,48,6,33,36,1,-1,27,-4,-5,-16,10,sil
18.52082300186157,-3,6,14,26,7,23,26,-2,-4,19,-7,-4,-10,7,sil
18.52082300186157,-5,-4,-1,11,8,18,19,2,10,25,-5,-2,2,8,sil
18.536619186401367,-4,-13,-15,-2,6,17,23,18,33,35,4,5,16,23,sil
18.536619186401367,-7,-24,-20,-35,-3,1,13,17,22,21,0,5,10,17,sil
18.551742553710938,-2,-25,-18,-30,-6,-16,-6,2,6,2,-15,0,0,-1,sil
18.551742553710938,7,-14,-14,-7,-6,-18,-24,2,3,-10,-10,11,-1,-1,sil
18.567222595214844,6,-10,-12,-21,-9,-16,-29,5,-1,-20,13,24,8,-2,sil
18.567222595214844,1,-14,-18,-36,-6,-18,-23,-1,-2,-10,25,15,18,-14,sil
18.583159923553467,-3,-12,-16,-28,-2,-18,-23,-7,-6,-10,7,0,9,-18,sil
18.583159923553467,-9,-4,-6,-14,-2,-8,-22,-12,-16,-22,0,-2,0,-13,sil
18.59803891181945,-3,3,1,-7,-2,-10,-9,-9,-11,-21,10,0,0,-8,sil
18.59803891181945,3,13,6,0,0,-12,1,-1,5,-5,18,0,2,-8,sil
18.61375951766968,-3,14,4,7,0,-2,-2,-3,1,1,7,-8,-4,-14,sil
18.61375951766968,-5,14,11,13,0,4,-4,-6,-16,-7,-4,-9,-8,-8,sil
18.629162311553955,8,24,23,19,0,8,3,-8,-20,-20,-1,1,-1,1,sil
18.629162311553955,13,25,26,18,3,11,8,-18,-22,-23,-4,5,-12,-1,sil
18.644789457321167,7,25,25,29,16,15,19,-13,-19,-9,-10,0,-27,-4,sil
18.644789457321167,0,18,14,35,16,18,31,4,0,7,-6,-10,-14,1,sil
18.6604163646698,-8,-9,-11,-4,0,13,22,9,7,7,-15,-21,-7,2,sil
18.6604163646698,-15,-21,-20,-18,0,8,13,1,1,7,-26,-20,-11,0,sil
18.675944328308105,-11,-4,-3,24,10,15,12,4,6,17,-16,-15,-8,3,sil
18.675944328308105,0,0,5,38,6,25,8,12,16,24,-4,-12,0,16,sil
18.691324472427368,8,-3,1,12,5,14,8,9,24,28,0,0,9,24,sil
18.691324472427368,9,-1,-2,1,4,-9,1,13,25,23,6,17,19,17,sil
18.707364559173584,5,-2,-1,4,-7,-16,-13,17,23,14,10,17,21,10,sil
18.707364559173584,0,-12,-1,-5,-14,-10,-19,-2,3,0,-4,2,0,6,sil
18.7228844165802,-6,-23,-10,-26,-10,-14,-7,-17,-19,-10,-20,-7,-22,0,sil
18.7228844165802,-12,-21,-22,-25,-9,-13,0,6,-2,1,-14,-4,-7,0,sil
18.738960027694706,-7,-15,-24,-22,-17,-16,-12,19,13,0,-10,0,11,-7,sil
18.738960027694706,0,-17,-22,-32,-18,-24,-26,-3,-8,-31,-4,-2,4,-24,sil
18.7550208568573,6,-10,-12,-35,-5,-20,-22,-8,-19,-35,13,2,4,-19,sil
18.7550208568573,10,8,2,-22,4,-7,-11,0,-6,-10,28,11,20,0,sil
18.77040886878968,-1,7,0,-16,1,-4,-10,-21,-17,-15,19,-4,10,-15,sil
18.77040886878968,-14,0,0,-7,-1,6,-2,-28,-33,-28,0,-22,-22,-28,sil
18.78609275817871,-11,4,15,13,7,33,24,2,-3,9,-7,-6,-23,-2,sil
18.78609275817871,-7,0,7,1,9,25,32,15,25,35,-12,5,-6,20,sil
18.801448822021484,-3,-12,-10,-23,0,-2,3,5,13,8,-9,0,-1,12,sil
18.801448822021484,11,0,-2,-2,2,-6,-14,2,3,0,21,14,17,1,sil
18.81674218177796,23,30,20,26,12,0,-4,1,3,10,45,32,30,3,sil
18.81674218177796,16,43,33,43,18,10,14,-7,4,13,27,14,10,1,sil
18.832000017166138,0,21,28,42,21,17,19,-11,-1,8,-4,-10,-14,0,sil
18.832000017166138,-5,1,15,21,7,12,17,6,4,15,-13,-6,-9,9,sil
18.84732913970948,0,0,-9,9,-9,1,13,14,28,28,5,1,21,17,sil
18.84732913970948,5,-7,-11,-13,-9,-16,-22,1,0,-13,6,10,15,16,sil
18.86319255828857,16,6,21,-21,0,-19,-36,-1,-43,-56,0,30,0,3,sil
18.86319255828857,20,34,23,27,11,4,-1,-5,-22,-17,14,20,12,-10,sil
18.879070281982425,0,10,0,37,3,5,5,-17,-9,4,2,-10,-7,-8,sil
18.879070281982425,-11,-19,-5,0,-7,-3,0,-5,-15,-6,-19,-15,-35,-1,sil
18.894769191741943,0,-10,-6,1,-2,2,14,15,18,16,-12,-7,-11,0,sil
18.894769191741943,3,-1,-3,20,1,8,19,17,39,36,-2,-4,10,8,sil
18.909825086593628,-8,-11,-6,7,-6,3,6,8,20,18,-10,-6,-2,10,sil
18.909825086593628,-22,-25,-22,-16,-21,1,1,5,13,3,-22,-10,-8,0,sil
18.925885915756226,-23,-30,-23,-28,-20,-4,0,9,21,4,-17,-5,1,-4,sil
18.925885915756226,-10,-20,-12,-32,-11,-21,-10,4,10,-6,-8,0,3,-3,sil
18.941967248916622,-1,-5,-13,-24,-13,-26,-24,-7,-15,-28,-10,-1,-1,-11,sil
18.941967248916622,4,5,-11,-7,-12,-18,-23,-18,-24,-31,-3,2,1,-22,sil
18.957713842391968,11,17,0,0,0,-13,-17,-16,-26,-26,5,3,-2,-22,sil
18.957713842391968,3,17,3,9,12,-5,-20,-28,-40,-35,-3,-18,-25,-25,sil
18.97321653366089,-7,2,1,15,12,11,-11,-33,-51,-42,-26,-41,-44,-28,sil
18.97321653366089,1,3,15,18,15,30,18,-3,-23,-12,-19,-26,-30,-8,sil
18.98881697654724,9,11,19,32,27,35,33,18,9,28,8,-3,1,15,sil
18.98881697654724,0,-3,4,12,18,20,19,10,7,30,6,-4,4,17,sil
19.004026651382446,-11,-25,-8,-42,-1,14,22,16,21,34,-3,-7,3,17,sil
19.004026651382446,-18,-28,-16,-54,-5,11,25,34,52,46,5,-1,15,25,sil
19.019190788269043,-20,-19,-21,-25,-6,-4,5,26,41,30,8,1,13,19,sil
19.019190788269043,-6,-14,-19,-21,-13,-9,0,9,28,25,14,14,18,20,sil
19.03479623794556,11,-8,-7,-30,-10,-2,6,12,30,31,26,32,35,31,sil
19.03479623794556,17,3,0,-11,-3,-9,-6,0,8,5,24,29,30,11,sil
19.050382375717163,14,9,4,-1,-7,-25,-31,-20,-24,-26,17,23,9,-17,sil
19.050382375717163,13,15,14,-4,-3,-25,-26,-15,-24,-27,25,30,15,-14,sil
19.06626868247986,18,25,18,8,10,-11,-5,-5,-5,-14,32,26,35,-2,sil
19.06626868247986,21,29,21,18,11,-4,-6,-3,-4,-10,26,21,28,0,sil
19.081183195114136,14,27,25,25,10,0,-7,0,0,-3,32,22,16,0,sil
19.081183195114136,-6,11,8,21,8,1,1,0,5,-7,12,-2,-1,-7,sil
19.096935510635376,-20,-1,-5,12,0,6,4,-7,-5,-17,-36,-32,-29,-17,sil
19.096935510635376,-6,10,9,33,2,11,0,-10,-11,-4,-42,-27,-31,-10,sil
19.112032413482662,2,12,23,33,1,4,-1,-6,-8,-4,-16,-13,-24,-1,sil
19.127179622650143,-5,-1,8,12,-3,4,0,-3,-4,-9,-11,-14,-28,-3,sil
19.127179622650143,-10,-3,-4,23,5,17,3,-9,-12,0,-30,-20,-35,-11,sil
19.14322280883789,-11,-4,0,30,1,15,3,-14,-32,-4,-42,-18,-43,-11,sil
19.14322280883789,-3,-9,4,21,-15,9,15,-1,-17,-4,-21,-3,-25,1,sil
19.158868312835693,11,-11,0,9,-14,3,19,15,10,5,-4,7,0,16,sil
19.158868312835693,9,-17,-14,-7,-6,-6,11,11,6,3,-16,0,0,10,sil
19.174214363098145,-1,-21,-23,-21,-7,-11,7,1,-3,-2,-15,-4,1,0,sil
19.174214363098145,-1,-12,-14,-21,-7,-10,-3,10,6,3,2,1,18,8,sil
19.18969964981079,3,-3,-10,-20,-2,-9,-16,18,18,17,16,5,28,12,sil
19.18969964981079,4,-1,-15,-28,-3,-8,-15,10,10,14,15,4,20,5,sil
19.20499300956726,2,4,-4,-20,2,-1,-7,11,10,5,16,7,21,2,sil
19.20499300956726,-2,7,-6,-5,14,1,-6,14,28,4,16,4,23,0,sil
19.220138549804688,-7,-4,-19,-19,8,-3,-9,-4,14,-3,2,-3,2,-13,sil
19.220138549804688,-2,-7,-9,-31,2,-7,-4,-30,-18,-11,0,-2,-6,-19,sil
19.236260652542114,1,5,11,-16,4,-5,-3,-26,-28,-14,8,8,-1,-11,sil
19.236260652542114,-11,9,6,-3,2,4,-5,-6,-14,-15,8,-1,-11,-13,sil
19.251792907714844,-22,0,-4,-3,5,10,1,-6,-4,-9,2,-24,-19,-25,sil
19.251792907714844,-9,2,6,2,6,2,8,-9,-5,-4,1,-19,-9,-18,sil
19.26748633384705,0,14,17,19,-2,0,4,-3,-2,1,-3,-8,-2,-1,sil
19.26748633384705,-10,5,12,19,-7,7,0,4,3,9,-10,-11,-10,10,sil
19.283045291900635,-4,-3,0,9,-1,16,14,12,14,22,1,-3,2,24,sil
19.283045291900635,11,-4,-4,8,0,11,19,9,22,29,14,9,17,30,sil
19.29910922050476,10,-10,11,1,-5,3,5,10,12,16,2,13,0,21,sil
19.29910922050476,12,-11,13,1,-7,1,6,13,13,14,0,12,-2,11,sil
19.314760446548465,18,-7,-10,-4,-3,-9,10,2,9,6,6,10,7,14,sil
19.314760446548465,11,0,-8,-10,1,-13,5,0,1,-7,9,19,16,24,sil
19.3302857875824,9,0,0,-2,5,-3,2,13,8,1,17,25,30,17,sil
19.3302857875824,9,-3,-5,-7,0,-12,-10,12,1,0,6,15,18,-1,sil
19.345563173294067,-1,2,0,-10,2,-17,-18,-4,-7,-15,-6,4,-2,-11,sil
19.345563173294067,-2,14,4,8,7,-7,-17,-10,-3,-15,-3,6,1,-8,sil
19.361331701278687,6,11,0,10,5,-4,-20,-7,-12,-12,-2,5,5,-10,sil
19.361331701278687,1,4,3,1,4,2,-15,-10,-28,-17,-4,-2,-1,-17,sil
19.37698745727539,-7,3,16,6,0,7,-8,-10,-27,-24,-9,-6,-13,-21,sil
19.37698745727539,1,11,18,21,-5,3,-1,-9,-13,-18,-13,-6,-21,-20,sil
19.393037796020508,5,16,4,17,-4,0,0,-14,-10,-7,-16,-12,-22,-15,sil
19.393037796020508,-7,7,-1,3,-7,4,0,-14,-20,-6,-15,-19,-21,-9,sil
19.40872073173523,-10,0,1,10,-5,11,3,-5,-8,-1,0,-14,-10,-6,sil
19.40872073173523,-8,0,1,14,0,9,10,7,11,5,5,-8,-3,0,sil
19.42388153076172,-13,-3,-6,5,4,12,19,16,22,22,-2,-8,-1,7,sil
19.42388153076172,-16,-5,-7,9,10,20,25,9,22,34,-2,-12,-2,2,sil
19.438855409622192,-11,-1,0,8,5,15,14,0,11,27,1,-13,-6,0,sil
19.438855409622192,-3,-5,-6,0,-7,5,6,4,11,24,2,-6,0,8,sil
19.45420217514038,2,-11,-15,-8,-5,-2,4,11,15,13,0,2,7,12,sil
19.45420217514038,4,-11,-13,-14,2,-9,1,2,14,-2,-9,0,2,3,sil
19.469769716262817,4,-15,-13,-26,0,-13,0,0,10,-4,-11,-1,-2,3,sil
19.469769716262817,5,-19,-19,-35,-7,-18,-5,4,0,-11,-10,4,-3,9,sil
19.48490095138549,5,-15,-15,-31,-8,-26,-19,0,-13,-23,-4,9,3,3,sil
19.48490095138549,9,-8,-3,-27,-14,-33,-33,-2,-23,-29,0,12,16,-3,sil
19.501006603240967,13,0,6,-20,-8,-26,-26,2,-19,-24,13,19,28,-1,sil
19.501006603240967,13,11,15,0,14,0,-1,5,-2,-6,30,21,28,2,sil
19.51708054542541,6,17,24,24,18,16,11,1,0,3,26,12,8,4,sil
19.51708054542541,-3,21,19,26,3,14,8,-9,-7,-3,16,0,-7,-3,sil
19.53217840194702,-7,10,13,-4,-2,9,3,-15,-11,-13,14,-7,-13,-15,sil
19.53217840194702,-6,-4,11,-5,-1,15,8,-11,-11,-3,13,-9,-14,-16,sil
19.54778742790222,-12,-4,-4,30,0,10,10,-7,-2,15,1,-12,-10,-5,sil
19.54778742790222,-16,1,-11,25,4,3,9,3,9,21,-17,-13,-9,3,sil
19.562986135482788,-6,1,-4,3,9,18,19,13,19,28,-16,-5,-2,10,sil
19.562986135482788,-2,-5,-8,6,6,20,13,5,21,29,-6,-1,3,18,sil
19.578126192092896,-9,-9,-16,0,-3,2,0,4,24,21,-11,-4,5,17,sil
19.578126192092896,-7,-8,-16,-14,-6,-7,-3,13,32,15,-17,-4,6,4,sil
19.593859434127808,5,-1,-3,-17,-3,-9,-10,16,25,1,-8,4,8,2,sil
19.593859434127808,23,11,14,0,1,-13,-19,7,8,-10,15,18,18,9,sil
19.60987639427185,33,22,20,9,0,-18,-20,-2,-15,-15,26,32,24,8,sil
19.60987639427185,31,25,18,4,-7,-20,-23,-9,-33,-16,19,38,18,3,sil
19.62511134147644,22,23,21,1,-2,-10,-24,-20,-33,-22,16,26,6,-3,sil
19.62511134147644,1,13,20,7,0,1,-15,-28,-34,-36,0,0,-17,-18,sil
19.640718460083008,-15,5,9,16,0,14,6,-18,-21,-20,-18,-18,-29,-21,sil
19.640718460083008,-14,1,0,16,3,16,18,-7,-2,3,-23,-19,-22,-13,sil
19.656712532043457,-13,-5,-1,9,4,16,19,-4,-1,0,-19,-18,-26,-14,sil
19.656712532043457,-18,-18,-4,9,3,22,27,0,4,0,-16,-28,-29,-15,sil
19.672927856445312,-22,-32,-15,0,0,14,24,7,6,4,-23,-35,-25,-10,sil
19.672927856445312,-24,-36,-25,-20,-4,1,21,11,5,5,-29,-33,-17,-3,sil
19.688395023345947,-16,-32,-28,-27,-4,-2,23,18,17,19,-17,-15,-3,6,sil
19.688395023345947,0,-22,-20,-19,-3,-6,9,20,21,24,2,0,10,12,sil
19.703797340393063,4,-14,-17,-14,-3,-15,-2,21,17,18,9,3,22,13,sil
19.71891045570373,2,-12,-23,-21,-6,-25,-5,28,18,14,5,6,23,15,sil
19.71891045570373,6,-4,-20,-21,-9,-23,-15,10,10,2,13,15,22,8,sil
19.71891045570373,13,13,1,-6,-6,-15,-33,-18,-12,-20,23,19,21,0,sil
19.7349636554718,14,26,20,8,0,-11,-35,-13,-25,-26,19,19,9,-1,sil
19.751030683517456,10,24,16,14,2,-7,-20,-5,-21,-14,20,14,1,-7,sil
19.751030683517456,8,21,18,3,4,-4,-9,-15,-20,-13,21,13,0,-4,sil
19.751030683517456,21,33,33,13,11,0,-3,-5,-7,-3,25,27,18,11,sil
19.76691627502441,25,36,29,26,12,5,-3,-1,4,9,31,26,29,15,sil
19.782930374145508,0,13,13,7,1,7,-10,-16,-4,0,7,0,0,0,sil
19.782930374145508,-15,-1,6,4,2,16,-2,-19,-4,0,-11,-15,-20,-4,sil
19.782930374145508,-2,3,7,25,7,25,8,-1,7,14,-7,-4,-10,1,sil
19.798258543014526,-4,0,6,20,6,24,15,4,6,15,-8,0,-6,2,sil
19.798258543014526,-22,-10,-3,1,7,20,17,-7,-6,2,-25,-22,-25,-8,sil
19.81418442726136,-23,-18,-14,-5,0,14,17,-9,-8,-3,-34,-36,-35,-16,sil
19.81418442726136,-11,-25,-23,-8,-9,8,23,8,15,1,-28,-20,-16,-8,sil
19.829816818237305,-9,-32,-29,-27,-13,-4,16,23,25,-1,-21,-4,0,5,sil
19.829816818237305,-4,-26,-24,-33,-11,-15,2,18,15,1,-4,-3,13,8,sil
19.84568476676941,7,-12,-16,-19,-6,-19,-1,12,20,12,14,3,24,5,sil
19.84568476676941,15,4,-4,-4,-2,-12,1,14,16,2,18,18,16,4,sil
19.86113166809082,7,14,11,14,2,11,6,5,-1,-5,17,16,2,-4,sil
19.86113166809082,-9,5,16,23,5,27,12,-8,-10,0,0,-7,-13,-13,sil
19.87667489051819,-13,0,8,9,2,12,13,-6,0,4,-18,-18,-21,0,sil
19.87667489051819,5,4,-1,-2,-2,-15,4,2,9,2,-9,3,0,17,sil
19.89377284049988,21,9,0,-9,-7,-33,-18,0,-4,-10,3,27,17,11,sil
19.89377284049988,22,25,18,6,0,-29,-33,-17,-23,-19,10,20,6,-6,sil
19.909249782562256,10,26,27,19,8,-7,-24,-23,-32,-18,2,0,-15,-9,sil
19.909249782562256,-9,-7,5,0,0,6,-4,-7,-26,-7,-15,-17,-24,-6,sil
19.925297737121586,-12,-26,-18,-17,-9,-4,0,7,1,11,-15,-18,-3,-6,hello
19.925297737121586,1,-13,-15,-16,-7,-28,-19,5,7,1,1,-3,16,-4,hello
19.94089818000793,9,-2,-3,-13,-7,-25,-32,-7,-12,-31,11,10,10,-6,hello
19.94089818000793,8,15,8,-2,-5,-1,-23,-11,-18,-27,22,19,7,-5,hello
19.95606780052185,8,32,24,23,8,16,-1,0,2,14,31,18,21,6,hello
19.971447467803955,-2,7,7,19,22,22,15,4,13,34,16,0,13,10,hello
19.971447467803955,-18,-22,-17,-13,7,13,18,3,0,16,-13,-19,-15,0,hello
19.971447467803955,-12,-15,-7,-7,-5,15,27,11,6,18,-8,-14,-8,7,hello
19.98723006248474,0,-6,1,8,1,22,31,17,33,37,11,1,9,22,hello
19.98723006248474,-5,-13,-13,-6,3,13,10,12,31,29,6,5,3,13,hello
20.00327587127685,-4,-3,-19,-9,0,-3,-7,2,11,1,0,4,6,-3,hello
20.00327587127685,8,10,-3,0,4,-19,-13,-4,-4,-26,1,9,11,-5,hello
20.018921852111816,10,16,7,5,12,-10,-8,-13,-14,-28,3,5,2,-4,hello
20.018921852111816,0,18,17,26,13,18,8,-14,-11,-6,0,-4,-6,-4,hello
20.035276889801025,-6,10,20,36,4,35,25,0,-1,2,-12,-10,-17,4,hello
20.035276889801025,-17,-8,-1,12,-2,25,24,6,4,0,-22,-19,-19,3,hello
20.05153012275696,-23,-25,-27,-21,-5,3,9,2,0,-8,-23,-20,-13,-9,hello
20.05153012275696,-10,-20,-28,-27,-7,-9,0,5,0,-7,-13,-5,0,-13,hello
20.0668306350708,1,-10,-19,-21,-15,-22,-18,4,-2,-6,-9,0,3,-8,hello
20.0668306350708,8,-2,-6,-21,-19,-29,-34,1,-12,-17,-7,3,2,-5,hello
20.08297228813172,23,16,17,-1,-5,-20,-17,3,-3,-11,22,27,16,0,hello
20.08297228813172,25,28,30,14,1,-10,-1,-2,0,0,33,23,13,0,hello
20.104740858078003,5,12,18,9,0,1,0,-18,-13,0,3,-17,-16,-6,hello
20.104740858078003,-8,-8,1,5,2,15,6,-20,-13,2,-18,-28,-28,-7,hello
20.104740858078003,-6,-9,3,3,0,13,19,-3,-2,6,-22,-14,-22,-2,hello
20.113863229751587,0,-1,12,3,1,11,27,17,17,18,-15,-10,-8,14,hello
20.12979030609131,0,-9,0,-7,3,2,14,22,31,26,-6,-6,2,19,hello
20.12979030609131,-8,-17,-18,-21,-8,-20,-15,3,13,3,-8,0,0,-4,hello
20.14496874809265,-7,-5,-17,-18,-13,-27,-27,-23,-12,-19,-8,8,-3,-14,hello
20.16050815582276,12,9,4,-6,-2,-11,-15,-21,-10,-13,14,31,19,8,hello
20.16050815582276,22,17,11,0,5,-7,-5,-1,8,0,42,42,48,20,hello
20.16050815582276,12,17,7,-1,2,-17,-17,1,-2,-11,38,30,31,5,hello
20.176494598388672,1,9,12,2,1,-11,-31,-2,-23,-18,24,20,2,-8,hello
20.176494598388672,-4,4,11,20,11,10,-15,3,-8,2,24,11,6,-6,hello
20.19153952598572,-15,3,1,23,14,28,11,9,0,12,6,-9,-1,0,hello
20.2072434425354,-22,-7,-9,14,0,28,26,0,-9,10,-20,-27,-24,-6,hello
20.2072434425354,-23,-25,-19,1,-8,12,22,-4,-12,9,-34,-33,-28,-8,hello
20.222934007644653,-16,-24,-17,0,0,9,20,13,3,13,-30,-24,-17,7,hello
20.222934007644653,1,-7,-5,8,12,20,27,30,35,26,-11,0,5,25,hello
20.238759756088257,17,2,1,2,6,8,14,21,39,22,3,12,24,26,hello
20.238759756088257,21,5,2,-5,1,-12,-7,0,14,-3,9,6,15,3,hello
20.238759756088257,17,7,6,-3,3,-13,-13,-9,-2,-20,16,4,6,-12,hello
20.253895044326782,17,15,15,0,9,-4,-6,-6,-6,-18,20,11,15,-5,hello
20.269262313842773,8,16,9,2,10,2,-1,-13,-19,-23,7,0,1,-11,hello
20.269262313842773,-9,1,0,1,0,4,1,-17,-29,-30,-16,-25,-30,-30,hello
20.284863471984863,-16,-4,-1,3,-10,8,10,-1,-5,2,-22,-28,-19,-15,hello
20.284863471984863,-12,-4,-13,-3,-12,2,8,11,18,32,-17,-14,-2,9,hello
20.299993753433228,-11,-10,-24,-17,-14,-10,-5,7,12,17,-11,-2,-8,10,hello
20.299993753433228,-4,-12,-23,-18,-17,-20,-12,-1,4,8,-2,2,3,6,hello
20.31579732894897,1,-6,-16,-21,-19,-21,-14,-4,0,1,-4,3,9,3,hello
20.31579732894897,3,8,-3,-18,-6,-20,-18,-6,-2,-11,2,11,4,-1,hello
20.33126735687256,12,22,15,3,0,-19,-21,-10,-10,-13,28,23,14,0,hello
20.33126735687256,13,22,25,19,-6,-2,-12,-11,-24,-13,30,19,5,-3,hello
20.34680414199829,0,14,19,24,5,19,8,-11,-21,-15,5,0,-20,-18,hello
20.34680414199829,-11,0,13,13,21,26,17,-9,-13,-5,-20,-14,-31,-15,hello
20.363030910491943,-11,-13,11,6,13,28,21,-4,-8,10,-23,-12,-25,-1,hello
20.363030910491943,-8,-18,4,5,3,23,27,5,5,7,-17,-7,-17,4,hello
20.379016876220703,-7,-16,-10,-11,1,1,16,21,22,-2,-19,-5,-5,13,sil
20.379016876220703,-5,-17,-22,-24,3,-10,-1,22,29,7,-11,0,14,18,sil
20.393744707107544,0,-14,-16,-20,4,-12,-14,10,21,10,5,3,26,14,sil
20.393744707107544,18,3,5,0,5,-13,-16,4,9,7,24,17,34,15,sil
20.408925771713257,30,19,17,15,11,-9,-11,-3,0,3,36,30,30,8,sil
20.408925771713257,8,11,8,4,8,-2,-10,-13,-15,-20,19,11,2,-14,sil
20.42428731918335,-7,3,6,5,3,3,1,-6,-12,-18,1,-9,-6,-18,sil
20.42428731918335,0,8,14,21,-1,8,13,10,7,17,2,1,3,4,sil
20.43892288208008,-3,-1,0,9,-36,20,13,14,17,14,1,4,2,10,sil
20.43892288208008,-14,-18,-24,-11,-60,10,9,3,9,-6,-11,-13,-1,-3,sil
20.45444631576538,-9,-15,-18,-14,-23,-18,0,2,2,3,-20,-13,-1,-4,sil
20.45444631576538,0,-12,-16,-16,23,-27,-6,5,9,19,-8,0,2,5,sil
20.470238208770752,5,-9,-19,-19,27,-22,-16,-11,-7,-1,8,6,7,-3,sil
20.470238208770752,8,13,4,2,15,-18,-23,-31,-41,-27,6,0,-8,-25,sil
20.4856960773468,3,22,19,22,6,0,-7,-25,-35,-17,-4,-11,-29,-22,sil
20.4856960773468,1,12,10,13,0,21,12,-1,-7,-2,-6,-11,-21,0,sil
20.50121021270752,-2,11,7,15,9,19,10,3,2,5,-6,-14,-4,7,sil
20.50121021270752,-16,-2,-1,6,6,2,0,6,5,15,-17,-25,-11,2,sil
20.51717686653137,-10,-24,-21,-24,-4,1,3,21,23,19,-11,-6,-3,7,sil
20.51717686653137,11,-10,-12,-24,4,11,10,20,29,5,20,27,28,15,sil
20.53333640098572,23,21,17,2,10,5,0,10,5,1,40,34,36,19,sil
20.53333640098572,22,32,24,17,3,-3,-2,8,-7,10,32,20,21,11,sil
20.54840660095215,6,19,8,4,0,0,-1,-4,-12,-6,8,6,-2,-2,sil
20.54840660095215,-10,8,6,0,-10,1,-1,-21,-21,-32,-8,0,-21,-8,sil
20.56407833099365,-8,12,18,22,-7,7,5,-20,-6,-15,-3,0,-17,-7,sil
20.56407833099365,-9,9,12,30,1,12,4,-14,0,0,-10,-8,-15,-8,sil
20.58016848564148,-24,-10,-6,8,-2,7,0,-16,-3,-1,-25,-21,-18,-7,sil
20.58016848564148,-22,-29,-15,-6,-7,-6,-1,-10,3,7,-16,-14,-4,-1,sil
20.59606957435608,-4,-28,-8,-9,0,-4,5,9,15,16,-3,2,7,3,sil
20.59606957435608,0,-23,-14,-16,0,6,14,20,20,18,-9,0,7,5,sil
20.61216259002685,0,-23,-19,-25,-6,0,15,23,18,21,-14,-10,1,9,sil
20.61216259002685,9,-13,-6,-11,-1,-6,6,25,17,19,3,4,15,15,sil
20.62777352333069,18,-6,-1,-5,0,-12,-12,12,4,-9,17,15,24,9,sil
20.62777352333069,13,-10,-11,-23,-6,-29,-26,-8,-19,-36,5,9,9,-4,sil
20.64294028282165,9,-4,-17,-20,-6,-31,-22,-14,-25,-17,0,8,2,-11,sil
20.64294028282165,4,6,-10,-9,0,-12,-19,-8,-20,-11,3,5,-2,-17,sil
20.65874218940735,3,15,1,-4,3,1,-17,-6,-18,-26,5,-1,-8,-19,sil
20.65874218940735,11,30,19,16,10,8,-3,-1,-9,-13,9,0,0,-6,sil
20.67407822608948,13,40,36,37,14,15,3,6,0,5,12,7,5,3,sil
20.67407822608948,3,24,30,36,16,18,9,1,10,13,10,1,-1,1,sil
20.6901593208313,-6,1,8,20,9,16,13,-6,11,14,-2,-10,-15,1,sil
20.6901593208313,-20,-3,-1,7,0,14,14,-10,1,14,-21,-28,-25,0,sil
20.705747842788696,-30,-10,-11,-11,-2,13,19,-9,-2,15,-35,-34,-23,-6,sil
20.705747842788696,-24,-21,-19,-29,-2,9,20,0,3,4,-37,-19,-22,-3,sil
20.72140574455261,-12,-17,-20,-14,-6,5,11,8,14,-1,-17,-9,-12,2,sil
20.72140574455261,-3,-11,-20,-1,-18,-7,1,15,23,10,-13,-6,5,7,sil
20.73715543746948,9,-6,-11,-6,-17,-16,1,24,30,20,-9,8,24,14,sil
20.73715543746948,15,0,-1,-6,0,-21,-8,17,15,0,19,25,30,10,sil
20.75324010848999,6,1,2,-8,1,-23,-26,3,-12,-26,31,24,17,-2,sil
20.75324010848999,7,6,8,-3,-1,-9,-16,2,-11,-16,23,16,12,-2,sil
20.768982648849487,12,15,16,6,7,0,0,-5,-5,-5,19,15,4,0,sil
20.768982648849487,3,13,15,5,8,-2,-3,-25,-18,-16,17,9,-12,-12,sil
20.784080266952515,-2,9,11,12,6,10,-3,-29,-21,-6,14,-1,-18,-14,sil
20.784080266952515,-3,10,17,26,10,23,3,-17,-15,7,8,-4,-13,1,sil
20.79985618591309,-3,4,12,27,8,13,7,-14,-14,8,7,-1,-6,9,sil
20.79985618591309,0,-5,4,12,1,4,4,-14,-12,8,9,0,0,7,sil
20.81504344940185,0,-10,7,2,-3,9,4,-5,-2,13,0,0,7,10,sil
20.81504344940185,0,-14,2,-3,-11,6,5,0,4,10,-4,3,13,14,sil
20.830843210220337,8,-11,-3,-13,-15,-4,2,12,2,-1,11,22,18,15,sil
20.830843210220337,21,-2,-1,-14,-7,-6,2,24,13,-2,23,31,30,17,sil
20.846041679382324,13,-3,-5,-19,-1,-13,-12,18,16,-9,16,16,28,12,sil
20.846041679382324,3,2,-7,-19,-3,-26,-29,8,0,-16,13,10,15,0,sil
20.861615896224976,10,20,7,2,-1,-14,-13,2,-9,-6,22,13,14,-10,sil
20.861615896224976,5,17,19,17,1,9,5,-1,-11,-1,5,-4,0,-12,sil
20.8768846988678,-7,0,5,13,6,19,14,4,4,7,-19,-20,-13,-3,sil
20.892895460128784,-4,-6,-11,5,8,5,13,19,34,30,-22,-14,-5,5,sil
20.892895460128784,-9,-7,-18,-1,2,-2,7,14,28,31,-29,-23,-8,-1,sil
20.892895460128784,-30,-20,-38,-15,-1,4,5,-1,6,9,-73,-58,-42,-18,sil
20.908149480819706,-32,-31,-55,-35,-2,2,4,-3,0,-10,-111,-74,-65,-25,sil
20.9236707687378,-19,-21,-46,-33,0,-4,0,-6,-3,-16,-81,-53,-47,-30,sil
20.9236707687378,-13,-3,-33,-13,4,-10,-10,-14,-14,-20,-32,-28,-25,-32,sil
20.939685344696045,-4,8,-21,-2,7,-11,-15,-1,-12,-27,-14,-15,-19,-18,sil
20.939685344696045,2,15,0,9,12,0,-1,9,3,-11,8,0,-2,-4,sil
20.95572590827942,0,13,21,12,9,12,7,-2,-1,0,25,15,4,-1,sil
20.95572590827942,11,16,30,14,7,14,5,-13,-15,-9,33,29,5,1,sil
20.95572590827942,24,29,42,34,15,15,7,-11,-13,-20,49,40,14,7,sil
20.971742868423465,7,18,42,36,2,16,7,-9,-8,-8,46,32,13,12,sil
20.971742868423465,-8,-9,21,11,-20,6,3,-4,5,23,35,16,13,20,sil
20.98687720298767,7,-10,13,0,-9,-4,-2,1,20,31,39,27,29,30,sil
21.002025365829468,23,6,22,4,1,-12,-13,1,15,6,49,50,45,29,sil
21.002025365829468,16,5,19,-5,-17,-23,-26,0,-4,-3,56,49,43,16,sil
21.017710208892822,4,-1,15,-10,-25,-22,-20,0,-21,0,43,25,22,6,sil
21.017710208892822,0,-3,13,4,-7,-3,5,-4,-17,7,6,2,0,3,sil
21.03439927101136,2,-10,1,-4,-6,2,19,10,2,18,-14,-1,-1,13,sil
21.03439927101136,10,-14,-4,-24,-10,-2,18,30,24,31,3,9,20,24,sil
21.0490198135376,3,-7,-15,-22,0,-10,2,7,16,8,17,11,30,6,sil
21.0490198135376,-3,8,-16,-4,5,-12,-14,-22,-12,-26,3,-2,6,-23,sil
21.06472158432007,5,26,2,20,11,3,-4,-14,-10,-9,-7,-15,-10,-21,sil
21.06472158432007,1,17,7,20,12,13,3,-2,1,7,-29,-22,-19,-4,sil
21.080808401107788,-18,-2,-6,3,6,22,0,-12,-5,-9,-49,-36,-34,-12,sil
21.080808401107788,-20,-7,-11,8,7,33,9,-16,-6,-9,-44,-45,-43,-23,sil
21.095940589904785,-16,-15,-12,4,0,18,11,-1,0,0,-51,-37,-46,-11,sil
21.095940589904785,-14,-22,-18,-9,-1,4,2,14,12,0,-52,-24,-26,3,sil
21.11108493804932,-2,-15,-16,-11,7,4,8,25,20,8,-31,-12,0,7,sil
21.11108493804932,-4,-15,-23,-19,-5,-5,11,20,8,10,-21,-9,0,2,sil
21.12718439102173,-13,-22,-34,-25,-18,-13,-1,10,0,-6,-19,-9,-4,0,sil
21.12718439102173,0,-8,-19,-9,2,-7,-14,8,-3,-22,-5,0,2,-2,sil
21.14321804046631,13,15,0,7,16,-10,-16,1,-7,-13,20,14,10,-9,sil
21.14321804046631,12,20,5,1,9,-19,-16,-8,-10,-5,36,16,10,-8,sil
21.1588134765625,15,15,11,1,7,-19,-15,-5,-10,-13,30,14,9,3,sil
21.1588134765625,15,14,14,7,2,-16,-7,-2,-4,-10,24,14,8,2,sil
21.17418527603149,0,4,6,-6,-8,-8,0,-6,-5,-2,21,10,3,-7,sil
21.17418527603149,-10,0,3,-3,0,6,5,-6,-4,4,15,0,0,-7,sil
21.189185619354248,-11,1,4,9,5,6,5,-1,0,5,9,-2,-4,0,sil
21.189185619354248,-7,0,4,-10,-12,-6,2,0,0,1,5,0,-4,1,sil
21.20436263084412,1,0,8,-13,-13,1,4,-2,1,6,4,-2,2,2,sil
21.20436263084412,11,13,17,22,4,14,8,-6,4,17,7,0,4,6,sil
21.21988558769226,11,20,20,42,8,14,14,-5,11,23,17,12,13,12,sil
21.21988558769226,9,14,18,33,0,11,6,-7,4,18,12,15,16,12,sil
21.23587131500244,6,7,21,23,0,18,3,-2,0,11,0,8,4,7,sil
21.23587131500244,4,-4,12,9,9,27,22,9,19,23,0,12,12,12,sil
21.25054669380188,5,-16,-1,-11,1,17,19,12,23,19,-1,14,20,20,sil
21.25054669380188,2,-19,-9,-14,-9,-4,-9,6,6,2,-6,7,12,13,sil
21.266519784927368,-8,-25,-21,-23,-16,-22,-22,0,-1,-6,-15,0,1,-3,sil
21.266519784927368,-15,-33,-34,-49,-19,-27,-23,1,-6,-19,-27,-11,-8,-12,sil
21.28207516670227,-9,-23,-28,-42,-9,-21,-28,3,-2,-24,-14,-13,-5,-7,sil
21.28207516670227,0,0,-2,-17,4,-14,-24,0,-6,-26,2,0,-1,-5,sil
21.29770803451538,2,21,18,10,15,0,-2,-12,-25,-35,2,2,-10,-18,sil
21.29770803451538,-1,26,18,28,18,12,10,-19,-26,-28,-2,-15,-21,-26,sil
21.31321930885315,-6,17,12,24,8,9,4,-10,-10,-17,-3,-19,-27,-16,sil
21.31321930885315,-4,14,12,28,10,14,14,-7,-5,-11,0,-9,-24,-11,sil
21.329230308532715,-9,5,2,27,13,28,29,-9,-7,1,-6,-18,-25,-13,sil
21.329230308532715,-19,-12,-14,2,-10,12,21,0,0,20,-22,-30,-23,-9,sil
21.34479260444641,-16,-23,-23,-15,-24,-11,6,9,6,16,-21,-19,-11,-2,sil
21.34479260444641,-8,-20,-18,-18,-11,-10,1,13,6,3,-16,-6,-4,5,sil
21.360000371932983,-1,-7,-13,-10,-1,0,5,20,19,18,-4,0,4,20,sil
21.360000371932983,5,6,-7,-4,0,-7,-1,20,27,31,5,12,16,23,sil
21.37548565864563,6,5,-1,-5,0,-10,-8,15,17,25,8,16,14,14,sil
21.37548565864563,9,-1,-5,-2,0,-10,-7,12,13,20,15,15,18,17,sil
21.391106843948364,22,8,0,1,2,-16,-15,10,7,8,26,26,34,23,sil
21.391106843948364,27,20,9,6,7,-13,-22,0,-4,-4,25,28,37,10,sil
21.40674495697021,19,8,7,-1,2,-11,-18,-9,-14,-10,19,18,22,0,sil
21.40674495697021,22,-2,10,-10,-3,-15,-15,-8,-14,-10,26,23,22,8,sil
21.42219114303589,30,12,22,-1,-1,-9,-11,-7,-8,-4,37,33,31,9,sil
21.42219114303589,19,22,20,7,-2,3,1,-10,-8,-5,27,21,18,-2,sil
21.43806934356689,0,4,9,1,0,16,15,-13,-4,-10,10,0,1,-8,sil
21.43806934356689,-11,-5,7,0,11,18,15,-13,-6,-16,-5,-15,-14,-7,sil
21.45358967781067,-17,0,3,8,13,16,9,-9,-7,-12,-24,-23,-29,-9,sil
21.45358967781067,-23,-6,-7,4,4,19,5,-11,-2,-3,-32,-33,-30,-17,sil
21.468710899353027,-29,-20,-12,-11,-6,9,-3,-18,-15,-15,-38,-37,-41,-26,sil
21.484731197357178,-30,-15,-6,-1,-6,3,-1,-16,-26,-20,-40,-31,-48,-31,sil
21.484731197357178,-30,-12,-9,7,0,11,5,-6,-16,-8,-39,-25,-36,-28,sil
21.484731197357178,-25,-18,-11,-4,-5,12,8,7,7,0,-34,-17,-20,-9,sil
21.499867916107178,-3,-8,0,0,-6,3,21,22,36,19,-8,0,2,17,sil
21.515028715133667,9,2,6,12,5,2,24,26,40,37,11,9,14,26,sil
21.515028715133667,0,-2,-5,0,7,9,15,22,27,29,7,1,7,14,sil
21.53045463562012,-1,-6,-17,-13,-9,-5,1,23,30,21,0,4,9,14,sil
21.53045463562012,20,12,0,-4,-16,-24,-11,26,23,21,20,23,32,27,sil
21.54620218276977,32,27,11,7,2,-17,-17,11,-1,4,47,27,43,16,sil
21.54620218276977,18,12,5,0,12,-13,-20,-9,-24,-34,35,14,16,-9,sil
21.56132435798645,6,2,0,-2,3,-18,-22,-18,-28,-40,12,9,0,-18,sil
21.56132435798645,8,7,6,0,4,-13,-21,-17,-24,-15,12,8,5,-13,sil
21.57690072059632,7,8,12,2,10,0,-9,-12,-24,-12,8,0,-5,-13,sil
21.57690072059632,0,7,8,18,7,9,9,-15,-20,-11,-5,-6,-20,-12,sil
21.59300756454468,-2,1,2,15,0,12,12,-12,-10,4,-19,-10,-17,-4,sil
21.59300756454468,-4,-4,3,3,-1,14,10,2,10,20,-15,-13,-9,8,sil
21.6085524559021,-9,-9,-5,-1,-1,12,16,6,19,23,-8,-9,-2,12,sil
21.6085524559021,-16,-22,-20,-19,-15,-2,13,5,11,13,-16,0,-3,9,sil
21.62383317947388,-14,-33,-22,-30,-19,-9,3,12,24,10,-16,0,-5,8,sil
21.624343395233154,-4,-24,-13,-19,-12,-7,-7,18,27,14,-7,1,2,14,sil
21.638977766036987,7,0,-2,-8,-4,-7,-12,11,7,11,2,14,27,16,sil
21.638977766036987,17,19,6,5,3,-8,-9,-1,-4,-2,14,24,33,11,sil
21.655149459838867,11,24,14,14,7,-5,-10,-12,-15,-17,21,19,11,1,sil
21.655149459838867,2,17,8,6,4,-3,-14,-20,-25,-20,21,6,4,-9,sil
21.6707410812378,0,11,1,-7,0,-12,-18,-17,-28,-23,5,-5,0,-17,sil
21.6707410812378,1,12,7,5,7,-6,-13,-9,-28,-22,-9,-13,-19,-19,sil
21.68607306480408,-2,9,13,27,17,15,3,-14,-23,-18,-8,-12,-24,-15,sil
21.68607306480408,-13,-2,10,12,8,25,15,-14,-17,-21,-15,-16,-25,-14,sil
21.70122575759888,-17,-8,1,6,1,32,28,0,1,8,-18,-28,-24,-12,sil
21.70122575759888,-11,-2,-3,16,10,35,40,12,22,37,-8,-27,-11,-1,sil
21.71726775169373,-11,-2,-10,0,5,15,31,17,27,24,-1,-10,0,10,sil
21.71726775169373,-16,-16,-21,-22,-10,-8,7,19,29,8,-2,-3,5,8,sil
21.73279356956482,-7,-25,-24,-28,-17,-16,-6,21,31,11,-2,-3,5,4,sil
21.73279356956482,7,-16,-16,-18,-11,-20,-12,12,27,12,6,7,13,9,sil
21.74801778793335,19,-3,0,-11,-9,-24,-19,3,15,3,16,21,22,13,sil
21.74801778793335,26,6,11,-4,-6,-19,-16,5,3,-3,28,30,30,15,sil
21.763848781585693,25,15,12,2,3,-14,-13,-3,-4,-2,33,35,33,9,sil
21.763848781585693,21,20,16,6,7,-14,-23,-20,-26,-16,15,24,12,-3,sil
21.77884650230408,14,27,26,20,3,0,-10,-16,-32,-24,0,6,-9,-13,sil
21.77884650230408,-1,19,17,25,0,19,9,-3,-16,-6,-6,-4,-20,-13,sil
21.794124364852905,-17,-4,2,8,-1,23,15,0,-5,7,-27,-15,-28,-10,sil
21.79460430145264,-13,-14,-3,9,4,18,23,0,0,5,-34,-23,-21,0,sil
21.80986952781677,-7,-13,-11,4,1,3,20,3,2,0,-27,-16,-10,13,sil
21.80986952781677,-5,-21,-21,-28,-8,-8,2,6,4,1,-20,-3,0,6,sil
21.825222492218018,0,-19,-18,-40,-1,-16,-11,7,4,-5,-8,8,8,-4,sil
21.825222492218018,6,1,0,-13,8,-15,-19,1,0,-13,8,16,5,0,sil
21.84097957611084,2,13,11,11,9,-4,-18,-7,-4,0,23,12,5,2,sil
21.84097957611084,-1,11,15,14,11,4,-9,-6,-2,13,24,4,9,0,sil
21.856138467788696,-6,10,10,18,12,16,7,2,7,20,20,-3,3,0,sil
21.856138467788696,-15,4,0,21,0,21,17,1,10,18,6,-14,-8,-2,sil
21.87137031555176,-22,-6,-10,5,-11,9,12,-4,-1,2,-18,-23,-19,-15,sil
21.87137031555176,-16,-18,-25,-18,-16,-5,4,-4,3,5,-19,-22,-10,-12,sil
21.887199640274048,-4,-24,-28,-36,-21,-16,-9,0,9,4,0,-6,8,5,hello
21.887199640274048,6,-3,-3,-12,-11,-18,-19,-1,-6,-27,11,5,14,8,hello
21.90337347984314,9,22,13,15,4,-9,-11,-10,-23,-31,5,2,1,-11,hello
21.90337347984314,2,16,8,10,3,3,1,-8,-18,2,0,-5,-9,-16,hello
21.918758392333984,0,0,3,13,2,14,14,1,0,15,-5,-8,-5,4,hello
21.918758392333984,4,0,7,20,11,17,21,14,13,9,-13,-4,0,24,hello
21.934876441955566,12,0,6,2,9,14,18,23,21,14,-3,9,8,22,hello
21.934876441955566,13,-3,0,-7,3,0,0,13,17,1,15,21,20,11,hello
21.950460195541385,6,1,0,-8,2,-18,-12,-2,-2,-20,17,22,13,0,hello
21.950460195541385,7,7,4,-7,-2,-21,-12,-11,-17,-18,15,17,3,-10,hello
21.966201305389404,1,0,0,-8,-13,-15,-19,-19,-29,-28,0,0,-16,-21,hello
21.966201305389404,-17,-4,-1,2,-6,3,-4,-19,-30,-36,-21,-18,-35,-19,hello
21.984803915023804,-16,-2,1,13,7,21,20,-3,-1,6,-21,-17,-19,-1,hello
21.984803915023804,2,-4,0,0,0,10,14,14,27,41,-10,-1,2,15,hello
21.997811555862427,12,-2,-8,-12,0,0,6,23,40,33,0,12,23,23,hello
21.997811555862427,16,-1,-7,-6,8,0,4,17,29,14,9,17,36,19,hello
22.01333284378052,19,0,2,-8,-1,-15,-16,-3,4,-1,11,10,21,1,hello
22.01333284378052,12,10,11,-7,0,-19,-25,-15,-7,-8,11,9,1,-12,hello
22.028851747512817,6,21,19,11,13,0,-7,-5,-12,-9,15,15,1,-6,hello
22.028851747512817,1,17,19,31,12,8,7,-3,-10,0,11,8,0,0,hello
22.044878482818604,-15,2,6,24,2,8,5,-14,-10,7,-8,-12,-25,-5,hello
22.044878482818604,-31,-9,-6,2,-9,13,1,-6,-12,5,-20,-26,-33,-7,hello
22.06094765663147,-24,-21,-20,-14,-15,15,12,12,1,8,-13,-23,-9,0,hello
22.06094765663147,-14,-28,-28,-21,-11,2,11,19,14,10,-14,-15,0,3,hello
22.07613039016724,-10,-19,-25,-19,-10,-12,-9,8,10,3,-5,-8,6,-2,hello
22.07613039016724,2,1,-12,-14,-10,-16,-20,-3,-2,-12,18,9,19,-6,hello
22.092238426208496,18,17,13,3,2,-2,-3,-2,-10,-14,24,14,15,-2,hello
22.092238426208496,1,5,12,19,8,14,15,-3,-7,0,2,-11,-6,-2,hello
22.1133975982666,-20,-20,-15,-4,-5,2,3,-8,-9,-3,-28,-30,-25,-7,hello
22.1133975982666,-2,-13,-12,-17,-8,-16,-13,-4,-1,-5,-19,-7,-9,-5,hello
22.12290859222412,23,16,13,4,-2,-18,-12,-1,3,1,20,20,17,0,hello
22.12290859222412,7,18,15,7,1,-6,-6,-12,-15,-18,21,13,2,-4,hello
22.13875126838684,-17,3,11,1,11,7,3,-7,-12,-21,-13,-8,-26,-8,hello
22.13875126838684,-10,-2,15,1,9,13,23,21,22,13,-30,-5,-13,16,hello
22.153745889663696,14,-3,1,0,0,9,26,29,36,26,-13,12,16,32,hello
22.153745889663696,24,5,-6,-2,5,-1,-1,7,7,1,11,19,21,11,hello
22.16954493522644,17,22,7,7,16,-1,-6,0,-3,0,24,13,13,-5,hello
22.18477296829224,6,22,13,28,20,14,15,-4,5,16,22,6,14,0,hello
22.18477296829224,2,12,11,28,15,18,10,-18,-12,0,10,0,0,0,hello
22.20083713531494,1,8,14,18,0,16,7,-16,-20,-11,6,-5,-13,-2,hello
22.20083713531494,-6,-13,-2,2,-7,17,21,-1,8,14,-8,-13,-15,0,hello
22.20083713531494,-18,-41,-29,-27,-11,0,3,5,14,9,-32,-17,-17,1,hello
22.216773509979248,-15,-33,-35,-40,-19,-30,-29,4,-3,-15,-19,-7,-4,-5,hello
22.23293423652649,-6,-21,-26,-31,-24,-39,-44,3,-5,-14,1,0,10,-8,hello
22.23293423652649,-1,-16,-17,-29,-17,-28,-41,3,0,-3,2,4,12,-2,hello
22.23293423652649,8,5,-1,-12,-2,-15,-25,0,-8,-9,10,17,13,0,hello
22.24863290786743,15,29,22,21,5,-1,-9,-6,-19,-11,21,22,12,0,hello
22.26391911506653,7,29,30,40,11,12,1,-15,-15,3,20,3,8,1,hello
22.26391911506653,-4,19,22,27,7,12,10,-15,-13,2,2,-6,-3,2,hello
22.279061317443848,-12,3,4,9,-4,12,21,-4,-4,0,-16,-7,-16,1,hello
22.279061317443848,-13,-15,-17,-3,-6,11,25,12,20,13,-17,-13,-11,2,hello
22.29476308822632,-3,-13,-17,-20,0,-3,13,24,27,7,-2,-3,1,4,hello
22.29476308822632,17,7,0,-10,10,-9,0,15,15,-6,16,20,18,4,hello
22.30985927581787,26,21,16,10,8,0,-6,-1,2,-7,18,20,15,1,hello
22.30985927581787,4,19,23,19,0,7,2,-6,-1,-2,1,0,-8,-6,hello
22.32503151893616,-16,2,10,14,0,8,10,-5,-2,3,-15,-7,-20,-8,hello
22.32503151893616,-13,-10,-6,-1,0,15,12,0,0,13,-24,-3,-16,0,hello
22.340680837631226,-9,-10,-10,-2,-6,21,27,9,11,23,-23,-15,-11,0,hello
22.340680837631226,-15,-15,-13,-8,-7,5,21,10,19,16,-14,-30,-11,-2,hello
22.35624861717224,-7,-18,-14,-29,-4,-13,-12,9,10,0,4,-11,6,-2,hello
22.35624861717224,4,-13,-16,-32,-2,-18,-28,2,2,-11,15,12,25,-1,hello
22.371840238571167,7,-10,-11,-24,-1,-24,-28,-11,-13,-22,5,8,13,-6,hello
22.371840238571167,11,1,1,-8,10,-22,-20,-20,-25,-19,12,-1,4,-9,hello
22.38738512992859,6,13,12,5,9,-10,-12,-20,-31,-19,19,-3,-3,-13,hello
22.38738512992859,-3,10,14,15,-4,5,-2,-16,-32,-20,-1,-8,-25,-12,hello
22.402950525283813,0,11,16,27,8,26,15,-3,-6,4,-12,-7,-22,1,sil
22.402950525283813,2,5,8,18,22,31,23,9,17,19,-6,-1,-8,8,sil
22.418890714645386,-9,-13,-9,-1,-1,15,15,10,16,20,-3,0,-2,10,sil
22.418890714645386,-2,-15,-13,0,-19,-2,1,11,15,34,0,5,16,25,sil
22.434163570404053,26,4,3,12,0,-9,-2,19,29,34,13,24,41,35,sil
22.434163570404053,34,15,9,14,17,-5,-2,12,28,9,28,38,49,28,sil
22.44915676116944,15,11,4,2,5,-8,-10,0,-3,-21,25,31,27,10,sil
22.44915676116944,1,15,3,3,-3,-15,-13,-7,-23,-31,12,6,0,-12,sil
22.46431589126587,-11,13,0,8,0,-10,-6,-13,-17,-27,-3,-13,-18,-28,sil
22.46431589126587,-32,0,-5,-2,-5,0,-6,-15,-20,-28,-26,-24,-36,-29,sil
22.480032682418823,-28,-4,0,0,-12,13,1,-8,-15,-8,-25,-24,-34,-20,sil
22.480032682418823,-5,-1,2,6,-8,17,19,4,3,24,-11,-10,-15,0,sil
22.495455741882324,-6,-15,-10,-10,-11,6,18,12,11,30,-18,-7,-7,10,sil
22.495455741882324,-20,-28,-28,-24,-17,-7,0,6,10,9,-30,-17,-10,0,sil
22.511483430862427,-4,-11,-10,-23,-7,-13,-10,10,10,-3,-20,0,-5,0,sil
22.511483430862427,20,11,10,-8,8,-6,0,18,19,5,16,27,26,16,sil
22.52674126625061,19,7,-3,0,11,-4,2,0,12,0,38,19,36,9,sil
22.52674126625061,0,-3,-2,-10,0,-9,-12,-21,-19,-24,10,-1,-6,-12,sil
22.541889905929565,-7,0,14,-1,-4,-2,-11,-20,-25,-17,-7,-13,-25,-21,sil
22.541889905929565,-3,4,12,17,0,7,-2,-13,-9,0,-1,-17,-9,-8,sil
22.55771279335022,-4,6,17,13,6,17,0,-4,-4,-3,-9,-6,-16,4,sil
22.55771279335022,-2,0,5,12,10,25,17,13,18,21,-5,-2,-7,4,sil
22.5729615688324,0,-17,-33,1,4,5,20,23,37,42,11,-7,19,4,sil
22.5729615688324,0,-24,-24,-39,-9,-22,-11,16,1,-4,-4,8,2,8,sil
22.588624715805054,6,-4,4,-32,-8,-12,-13,7,-15,-25,-7,19,-1,3,sil
22.588624715805054,21,13,-4,13,9,-1,2,-7,4,0,29,11,33,0,sil
22.60383439064026,20,14,3,6,8,-18,-20,-23,-18,-16,30,16,18,-2,sil
22.60383439064026,11,17,26,0,0,-10,-28,-27,-42,-33,12,17,-6,-14,sil
22.61896014213562,9,17,19,16,10,1,-4,-22,-28,-11,16,2,3,-17,sil
22.61896014213562,8,15,26,19,10,0,2,-6,-21,-4,12,0,1,-1,sil
22.63414001464844,8,21,38,32,3,16,13,1,1,8,8,3,2,11,sil
22.649974584579468,-2,12,19,34,8,27,25,0,17,21,-1,-3,7,11,sil
22.649974584579468,-20,-4,-8,12,4,18,23,4,6,6,-19,-17,-7,9,sil
22.665740251541138,-22,-7,-14,9,-6,17,22,16,14,11,-17,-17,-16,11,sil
22.665740251541138,-20,-14,-9,2,-9,18,16,19,31,30,-15,-13,-8,10,sil
22.68180084228516,-20,-26,-17,-13,-5,12,18,16,37,30,-23,-16,-1,7,sil
22.68180084228516,-11,-24,-31,-21,-6,3,15,14,37,23,-24,-13,-6,7,sil
22.696792364120483,-4,-15,-26,-28,-7,-15,-9,8,11,7,-23,-4,-11,1,sil
22.696792364120483,-3,-11,-17,-20,-8,-30,-25,-5,-12,-12,-22,-4,-6,-9,sil
22.712810277938843,-2,-13,-19,-14,-13,-31,-21,-4,-7,-21,-18,-4,-8,-9,sil
22.712810277938843,2,-8,-15,-21,-14,-21,-15,10,9,-8,-4,5,-2,0,sil
22.72875928878784,11,0,-10,-17,-3,-12,-13,16,9,0,10,12,14,6,sil
22.72875928878784,12,6,-3,-4,5,-7,-13,5,-3,-12,14,15,16,-1,sil
22.744759798049927,6,11,3,0,4,-7,-15,-6,-11,-14,17,19,14,-13,sil
22.744759798049927,10,12,8,-4,-3,-13,-17,-7,-18,-15,22,20,14,-9,sil
22.744759798049927,20,10,12,-3,0,-8,-8,-4,-18,-22,27,19,9,-3,sil
22.76124119758606,20,17,21,6,13,3,0,-9,-11,-16,28,16,6,-5,sil
22.76124119758606,9,26,31,18,10,14,-2,-20,-21,-4,23,5,0,-4,sil
22.77685260772705,-2,20,27,26,1,20,-1,-27,-27,-5,15,-10,-14,-8,sil
22.77685260772705,-8,6,13,20,4,18,8,-23,-18,-4,0,-16,-20,-11,sil
22.79187178611756,-6,0,11,19,12,19,24,-6,-4,8,-7,-8,-10,0,sil
22.79187178611756,-6,-4,8,24,12,24,28,1,3,13,-10,-11,-4,8,sil
22.80689024925232,-13,-14,-5,8,3,16,14,3,2,7,-25,-23,-13,1,sil
22.822126626968384,-18,-22,-13,-6,-1,8,15,10,10,19,-29,-17,-11,3,sil
22.822126626968384,-15,-25,-12,-5,-3,7,16,16,17,25,-19,-8,-4,11,sil
22.837704181671143,-7,-18,-14,-10,-8,-9,1,12,15,16,-15,-11,-3,5,sil
22.837704181671143,-6,-12,-18,-25,-11,-31,-14,2,5,0,-13,-9,0,-7,sil
22.852798223495483,0,-8,-4,-27,-11,-28,-19,-6,-8,-26,-3,2,2,-11,sil
22.852798223495483,13,4,7,-9,-3,-12,-15,-8,-7,-27,11,18,11,-3,sil
22.868725776672363,16,22,2,0,3,-12,-17,-2,4,-1,20,27,18,1,sil
22.868725776672363,13,34,5,4,5,-3,-16,-2,5,1,21,18,14,0,sil
22.884005069732662,7,29,20,22,7,17,3,-1,1,-2,15,0,1,4,sil
22.884005069732662,-7,0,12,24,6,26,29,12,7,12,-7,-18,-18,15,sil
22.899041414260864,-13,-24,-17,-2,0,16,29,23,25,29,-20,-21,-14,25,sil
22.899041414260864,-1,-20,-18,-24,-7,0,0,22,23,19,-10,3,7,29,sil
22.91534113883972,8,-3,-4,-14,-10,-9,-8,16,18,10,6,18,20,12,sil
22.91534113883972,4,-10,-23,-11,-10,-14,-7,0,13,1,10,3,17,-10,sil
22.93131422996521,-1,-19,-20,-39,-7,-23,-25,-7,-11,-27,0,17,2,-11,sil
22.93131422996521,10,6,11,-11,7,-3,-7,1,-11,-15,26,38,16,-6,sil
22.94681596755981,23,30,11,40,21,17,17,0,4,16,52,11,32,-12,sil
22.94681596755981,5,19,16,27,7,0,-15,-13,-22,-7,17,-5,0,-8,sil
22.96199679374695,-3,12,28,12,-2,-7,-36,-23,-36,-29,-2,7,-15,-5,sil
22.96199679374695,5,11,11,21,2,3,-10,-27,-18,-14,6,0,-3,-15,sil
22.97718000411988,-11,-2,-3,11,1,4,5,-21,-17,-9,-14,-26,-16,-21,sil
22.97718000411988,-34,-12,-10,1,1,10,13,-2,-9,-2,-45,-40,-32,-12,sil
22.993332862854004,-19,-11,-15,-1,2,22,32,21,14,17,-41,-27,-22,7,sil
22.993332862854004,0,-12,-7,-11,-5,14,35,27,22,26,-21,-8,-8,13,sil
23.00896167755127,-2,-8,0,-4,-11,-1,19,11,10,15,-15,-10,-9,3,sil
23.00896167755127,-6,4,7,16,1,2,11,0,7,12,-13,-8,-5,2,sil
23.02510356903076,1,3,11,14,7,6,8,0,14,20,-6,-2,3,12,sil
23.02510356903076,5,-8,-3,-16,-2,-8,-3,5,9,10,1,0,7,10,sil
23.0406494140625,7,-5,-15,-25,-5,-26,-14,3,-1,-8,11,13,12,1,sil
23.0406494140625,12,0,0,-15,-5,-28,-16,0,-10,-19,16,25,11,2,sil
23.05623245239257,11,-7,0,-14,-15,-22,-16,-5,-12,-27,10,14,6,-2,sil
23.05623245239257,2,-10,-16,-27,-14,-19,-22,-13,-14,-28,5,6,4,-16,sil
23.071823596954346,4,0,-7,-24,1,-12,-28,-12,-20,-21,8,11,5,-12,sil
23.071823596954346,8,12,12,4,7,-7,-29,-15,-22,-19,13,5,1,-8,sil
23.08727240562439,-3,15,11,17,3,-5,-24,-22,-20,-21,9,-1,-14,-18,sil
23.08727240562439,-9,15,11,20,14,16,3,-5,1,1,6,0,-14,-3,sil
23.1027729511261,1,13,20,30,26,32,31,17,24,22,6,-1,1,26,sil
23.1027729511261,1,6,17,27,14,22,28,11,18,13,0,-7,-2,16,sil
23.11797285079956,-9,2,5,17,1,24,26,1,13,17,-3,-6,-10,-6,sil
23.11797285079956,-15,-4,-4,1,-3,25,26,13,17,24,-11,-11,-10,0,sil
23.133490800857544,-14,-16,-18,-16,-15,3,14,16,13,13,-16,-16,-7,12,sil
23.133490800857544,-2,-16,-18,-17,-15,-2,1,5,12,13,-3,-3,9,11,sil
23.149347066879272,12,-4,0,-8,-2,5,-6,10,18,21,12,16,30,20,sil
23.149347066879272,9,0,0,-1,0,3,-10,7,12,12,21,20,30,19,sil
23.164933919906616,0,-6,-14,-8,-11,-9,-20,-9,-12,-10,3,6,7,-2,sil
23.164933919906616,4,-7,-8,-15,-12,-9,-25,-9,-17,-15,-7,-1,3,-14,sil
23.18095111846924,15,0,3,-5,-1,-5,-16,0,6,3,16,11,27,-4,sil
23.18095111846924,6,14,6,6,-3,-8,-8,-4,2,0,28,19,18,-4,sil
23.19606876373291,-4,17,4,18,-2,0,0,-11,-21,-18,-5,-7,-19,-20,sil
23.19606876373291,-11,1,1,12,6,17,12,-8,-31,-20,-42,-34,-45,-22,sil
23.212172269821167,-14,-10,-6,-4,6,15,23,7,-15,-7,-39,-24,-32,-4,sil
23.212172269821167,-6,-9,-20,-16,0,-3,15,15,7,1,-14,-4,0,8,sil
23.227705717086792,5,-5,-15,-23,0,-11,-6,0,-1,-7,-5,1,5,0,sil
23.227705717086792,6,9,7,0,10,-1,-11,-17,-20,-12,0,3,-8,-13,sil
23.242982387542725,-3,18,19,30,18,7,9,-10,-8,-6,0,0,-12,-6,sil
23.242982387542725,-4,7,20,28,17,11,29,11,22,12,2,-1,1,15,sil
23.25873160362244,6,-2,13,12,16,3,25,17,40,43,9,5,18,24,sil
23.25873160362244,6,-10,-8,-8,2,-24,-4,4,18,27,1,7,10,12,sil
23.27408242225647,2,-8,-15,-16,-14,-46,-23,-8,-8,-8,2,1,3,-1,sil
23.27442002296448,15,2,3,-2,-10,-38,-13,-12,-11,-10,22,12,15,0,sil
23.290047883987427,24,11,13,1,0,-27,-3,-3,-6,-5,29,27,16,3,sil
23.290047883987427,12,15,7,2,0,-34,-8,-4,-8,-16,26,17,6,-3,sil
23.30575919151306,0,18,11,12,-6,-37,-7,-10,-15,-24,12,-3,-9,-13,sil
23.30575919151306,-6,10,17,21,0,-2,14,-3,-6,-8,-9,-16,-21,-11,sil
23.32129693031311,-18,-6,4,16,7,23,19,3,7,10,-20,-22,-25,-1,sil
23.32129693031311,-32,-19,-12,-1,-2,10,3,3,10,12,-23,-25,-25,1,sil
23.337393283844,-28,-24,-27,-19,-11,0,2,10,17,13,-21,-20,-14,3,sil
23.337393283844,-9,-21,-23,-28,-13,3,-1,18,24,12,-9,-5,1,6,sil
23.353265047073364,4,-14,-9,-21,-13,10,-14,10,19,6,-1,3,13,4,sil
23.353265047073364,1,-13,-13,-18,-9,30,-13,-2,1,0,-13,1,10,0,sil
23.36816143989563,-4,-10,-16,-25,-7,60,-12,-3,-15,-11,-13,2,4,0,sil
23.36816143989563,2,0,-7,-17,-6,72,-21,-2,-11,-17,8,9,12,-2,sil
23.383793354034424,7,5,-2,-11,-1,90,-25,-3,-7,-13,12,14,15,-5,sil
23.383793354034424,7,6,1,-1,5,126,-12,-3,-12,-3,16,20,20,-1,sil
23.399128198623657,13,13,13,14,10,88,0,-2,-13,-10,31,20,25,0,sil
23.399128198623657,16,21,24,19,9,-27,3,-2,-17,-21,25,11,6,0,sil
23.41489291191101,6,21,24,20,5,-92,0,-8,-19,-6,5,0,-5,-6,sil
23.41489291191101,-4,9,15,16,1,-83,-1,-13,-21,-3,-7,-10,-13,-14,sil
23.43052864074707,-6,0,12,17,7,-63,14,-6,-9,-2,-15,-18,-26,-15,sil
23.446462631225582,-2,-3,9,25,14,-46,36,3,13,21,-17,-18,-25,-3,sil
23.446462631225582,-3,-8,0,16,7,-39,35,10,21,31,-21,-15,-20,7,sil
23.446462631225582,-4,-7,-8,4,4,-35,29,7,21,27,-17,-13,-16,12,sil
23.46177983283997,0,-2,-9,-1,0,-30,21,6,25,27,-6,-2,0,20,sil
23.46177983283997,3,-2,-10,-11,-7,-27,8,12,27,19,2,12,22,23,sil
23.47772979736328,6,-4,-17,-17,-1,-26,-5,10,23,8,7,16,25,15,sil
23.49310207366944,11,0,-1,-13,-1,-23,-21,2,7,-4,6,15,19,12,sil
23.49310207366944,14,11,15,-1,-9,-12,-23,0,-4,-11,18,22,25,10,sil
23.50872611999512,11,16,14,0,0,0,-14,-3,-8,-12,30,24,18,0,sil
23.50872611999512,8,16,10,1,10,10,-4,-10,-10,-12,24,11,0,-14,sil
23.52388620376587,1,10,2,5,9,16,-3,-15,-15,-16,10,-2,-6,-16,sil
23.524264335632324,-9,1,-4,1,1,25,-8,-12,-27,-24,-7,-13,-16,-15,sil
23.53998279571533,-16,0,-1,10,0,39,3,-7,-16,-13,-15,-26,-22,-19,sil
23.53998279571533,-23,-8,-4,16,1,42,15,-1,0,0,-18,-31,-20,-15,sil
23.55532598495484,-28,-25,-21,-3,-6,37,5,6,4,7,-27,-27,-20,-1,sil
23.55532598495484,-21,-27,-25,-14,-6,36,7,8,12,15,-25,-20,-13,5,sil
23.5710506439209,-11,-21,-14,-10,-1,22,14,11,19,13,-25,-10,-6,13,sil
23.5710506439209,-4,-24,-17,-11,-10,-4,-2,18,14,4,-19,-2,2,20,sil
23.586737155914307,0,-19,-20,-19,-22,-21,-27,13,2,-2,-1,2,8,6,sil
23.586737155914307,6,6,1,-14,-9,-11,-24,-3,-12,-6,10,10,4,-9,sil
23.60177326202393,12,19,10,-3,4,1,-10,-16,-12,-6,18,16,6,-7,sil
23.60177326202393,15,7,1,-10,0,-4,-13,-11,-3,-2,19,15,13,-2,sil
23.61788964271545,13,6,14,-6,0,-8,-3,-1,2,3,16,10,14,-5,sil
23.61788964271545,12,13,22,8,8,-5,4,-1,-8,-1,9,8,4,-6,sil
23.633052587509155,12,9,8,0,5,-8,-10,-6,-23,-17,11,11,1,-5,sil
23.633052587509155,12,8,4,-7,1,-14,-11,-7,-13,-21,18,15,11,-6,sil
23.64916300773621,7,11,19,3,0,-9,3,-3,-7,-18,13,12,6,-3,sil
23.64916300773621,0,13,20,18,2,7,10,0,-8,0,4,6,-5,3,sil
23.66481208801269,1,16,12,26,6,7,11,1,1,14,4,6,-1,5,sil
23.66481208801269,2,10,16,21,0,-4,10,0,5,4,4,6,0,0,sil
23.68024778366089,-4,-1,9,17,0,0,11,-8,4,0,2,0,-4,-1,sil
23.68024778366089,-11,-2,-4,3,2,7,13,-9,0,9,-10,-10,-11,0,sil
23.6963107585907,-6,-2,-6,-3,-4,2,19,9,6,18,-20,-13,-7,4,sil
23.6963107585907,-2,-9,-9,0,-6,0,18,16,17,18,-13,-14,-4,7,sil
23.711984395980835,-11,-7,-18,2,3,5,8,5,15,10,-11,-13,-10,7,sil
23.711984395980835,-20,0,-14,9,15,14,15,4,21,19,-8,-12,-2,5,sil
23.72706723213196,-13,-3,-6,14,13,12,19,15,31,32,-2,-7,9,13,sil
23.72706723213196,0,-11,-5,0,0,0,-1,8,19,18,0,0,4,17,sil
23.74318194389344,5,-12,-10,-15,-5,-17,-28,-10,-2,-7,-5,-2,-2,7,sil
23.74318194389344,5,-9,-6,-21,-9,-27,-33,-10,-19,-19,-10,-5,0,0,sil
23.759161233901978,2,-10,-9,-19,-11,-19,-19,1,-16,-13,-5,0,7,0,sil
23.759161233901978,1,-13,-13,-19,-7,-10,-8,9,-4,-9,-8,0,0,1,sil
23.77386236190796,4,-6,-5,-12,0,1,1,9,2,-11,-12,-2,-6,3,sil
23.77386236190796,9,-2,0,-8,3,4,4,4,-2,-12,0,11,10,-1,sil
23.789506435394287,12,-1,4,-11,-1,-3,-3,0,-12,-22,14,24,21,-9,sil
23.789506435394287,16,12,15,0,2,-6,-5,-1,-3,-16,25,21,20,-9,sil
23.805254220962524,14,18,17,5,7,0,-3,-3,4,-4,26,18,15,-7,sil
23.805254220962524,0,4,0,-5,0,1,-8,-9,-4,-9,16,2,0,-18,sil
23.82078266143799,-23,-2,-8,-3,-6,1,-13,-18,-16,-17,0,-21,-23,-35,sil
23.82078266143799,-22,5,4,12,-1,9,-6,-15,-17,-12,-12,-22,-34,-26,sil
23.836812019348145,-8,15,11,30,8,22,12,-8,-4,4,0,-7,-21,-3,sil
23.836812019348145,-13,13,0,25,4,19,15,-9,0,12,2,-9,-11,0,sil
23.85303735733032,-14,6,-3,13,-4,5,2,-5,0,10,-13,-15,-13,-2,sil
23.85303735733032,1,1,-1,9,0,1,10,4,13,21,-17,-9,-5,14,sil
23.867985486984253,5,-11,-10,-12,-2,-1,13,13,11,20,-15,-1,1,24,sil
23.867985486984253,7,-15,-11,-28,-14,-13,-2,10,-9,-3,-2,11,17,11,sil
23.884025812149048,18,2,4,-7,-9,-18,-17,-4,-21,-18,19,21,26,3,sil
23.884025812149048,3,8,13,5,-4,-9,-15,-11,-21,-13,15,6,2,0,sil
23.900079250335693,-13,-1,6,1,0,5,-7,-5,-12,-5,0,-8,-14,-7,sil
23.900079250335693,2,4,14,7,12,14,-2,0,-1,3,5,2,0,-1,sil
23.91575860977173,13,14,25,20,14,17,14,0,6,20,14,11,9,7,sil
23.91575860977173,0,0,8,17,3,14,28,4,8,17,-2,-1,-7,4,sil
23.930828332901,-7,-9,0,5,1,15,28,18,15,10,-10,-3,-7,7,sil
23.930828332901,0,-9,0,-2,7,15,26,26,38,38,4,3,15,17,sil
23.94598269462585,2,-16,-10,-12,5,0,19,22,38,43,0,-1,12,21,sil
23.94598269462585,2,-12,-17,-15,0,-7,4,18,26,14,-5,0,5,18,sil
23.961169242858887,12,-1,-11,-9,-4,-10,-10,12,27,-2,4,15,19,11,sil
23.961169242858887,15,-6,-11,-15,-10,-26,-20,-1,13,-18,2,19,17,2,sil
23.9767701625824,5,-12,-17,-18,-9,-35,-27,-7,-3,-29,-2,13,6,-4,sil
23.9767701625824,2,0,-8,-19,-4,-25,-35,-4,-12,-27,3,10,2,-8,sil
23.99185585975647,10,13,6,-5,5,-7,-19,-9,-9,-22,6,1,0,-12,sil
23.99185585975647,4,10,10,6,12,-1,1,-12,-12,-19,0,-5,-2,-13,sil
24.00700759887696,-12,1,4,3,0,-1,-3,-9,-24,-16,-3,-7,-6,-10,sil
24.00700759887696,-11,2,0,8,-6,0,-10,-16,-19,-11,0,-8,-9,-12,sil
24.02304244041443,-6,8,-1,7,0,-4,-7,-22,-17,-12,-3,-11,-9,-17,sil
24.02304244041443,-16,8,-1,-3,-3,-11,-9,-18,-33,-14,-14,-20,-15,-21,sil
24.03896951675415,-24,-1,-5,0,-10,-1,-6,-17,-36,-17,-18,-26,-27,-22,sil
24.03896951675415,-19,-7,0,7,-8,18,8,-6,-14,-15,-15,-18,-26,-12,sil
24.054187059402462,-4,4,13,12,0,33,21,4,1,7,-7,-5,-7,2,sil
24.054187059402462,5,17,15,22,4,23,12,-3,-11,10,-4,-2,-10,2,sil
24.06940484046936,2,13,16,26,10,16,13,-14,-21,0,0,-1,-17,-4,sil
24.06940484046936,3,2,12,19,15,21,25,0,4,19,11,0,3,9,sil
24.085493087768555,1,-10,-1,6,8,17,17,15,22,29,3,0,9,23,sil
24.085493087768555,-5,-16,-16,-3,-1,4,2,14,19,24,-11,-1,2,8,sil
24.101136445999146,-6,-11,-17,-12,-5,-6,0,15,22,27,-6,0,12,4,sil
24.101136445999146,-2,-15,-16,-18,-2,-8,2,26,37,31,4,1,20,19,sil
24.116873264312744,-3,-21,-19,-19,-1,-1,3,24,44,24,1,6,15,12,sil
24.116873264312744,6,-4,-5,-18,-4,-4,-3,21,32,13,4,21,13,5,sil
24.13299775123596,24,16,9,-3,1,-12,-7,19,26,10,27,30,23,16,sil
24.13299775123596,19,8,2,-7,5,-14,-11,3,10,-5,27,19,21,13,sil
24.14843392372132,6,0,-3,-21,-5,-17,-17,-11,-15,-22,9,8,6,-3,sil
24.14843392372132,13,14,6,-8,-4,-14,-7,-8,-12,-10,18,13,5,-1,sil
24.164108276367188,19,17,15,3,4,-11,-3,-6,-9,-13,24,18,2,2,sil
24.17969846725464,12,5,10,1,1,-16,-16,-19,-26,-37,13,6,-4,-10,sil
24.17969846725464,5,-1,4,-3,-4,-15,-15,-22,-30,-33,3,-7,-11,-18,sil
24.17969846725464,-2,-3,1,-8,-6,2,7,-6,-14,-6,-18,-15,-19,-10,sil
24.19509768486023,-12,-1,0,5,0,20,22,0,-8,-3,-34,-20,-21,-11,sil
24.19509768486023,-11,4,4,30,3,13,13,-10,-19,-22,-24,-22,-20,-14,sil
24.21113443374633,-8,8,11,30,5,3,3,-14,-21,-19,-15,-18,-16,-9,sil
24.21113443374633,-13,3,6,13,8,9,-2,-6,-14,-2,-20,-14,-15,-5,sil
24.226911067962646,-13,-5,3,10,7,18,-6,-1,-6,5,-12,-2,-6,0,sil
24.24283766746521,-10,-14,-8,4,-4,3,-6,0,8,16,6,7,16,7,sil
24.24283766746521,-11,-19,-20,-18,-18,-11,-8,9,16,18,2,6,18,9,sil
24.24283766746521,-5,-12,-16,-17,-5,0,6,19,20,18,1,3,9,8,sil
24.25837206840515,3,-5,-9,3,9,8,20,14,24,28,6,0,9,7,sil
24.25837206840515,-4,-13,-13,-11,-11,-7,6,9,16,15,-1,-9,1,8,sil
24.2734899520874,-10,-10,-17,-27,-28,-20,-15,2,4,-14,-5,-5,0,1,sil
24.28914213180542,7,11,0,-10,-3,-10,-22,-6,-7,-21,5,12,15,-3,sil
24.28914213180542,22,28,26,18,23,10,-8,-7,-9,4,21,20,22,0,sil
24.304707050323486,11,22,32,27,20,23,10,-4,-8,16,16,8,5,5,sil
24.304707050323486,1,11,22,15,12,25,23,-1,-3,5,-6,-3,-20,3,sil
24.304707050323486,2,-2,1,-1,14,12,27,5,12,9,-18,-6,-19,0,sil
24.320289611816406,-3,-17,-21,-23,0,-20,1,4,7,4,-17,-5,-6,-5,sil
24.3358633518219,-3,0,-10,-17,-10,-24,-18,-7,-10,-17,3,-1,-2,-19,sil
24.3358633518219,4,24,13,19,5,4,-1,-14,-6,-17,21,-4,-4,-19,sil
24.35107707977295,-2,8,9,26,10,12,8,-3,1,2,0,-18,-13,-5,sil
24.35107707977295,-8,-13,-9,4,0,7,1,10,18,20,-16,-17,-10,4,sil
24.36672592163086,2,-5,-8,-5,-4,0,-4,18,30,14,0,6,6,17,sil
24.36672592163086,13,9,0,0,0,-11,-7,12,10,-1,16,24,18,20,sil
24.383416652679443,13,1,-9,-7,1,-17,-13,0,-10,-10,10,15,14,3,sil
24.383416652679443,6,-10,-12,-25,-9,-24,-20,-2,-13,-23,3,12,8,-2,sil
24.398700714111328,3,2,0,-11,-14,-20,-15,-3,-11,-24,16,19,13,0,sil
24.398700714111328,0,14,8,14,0,7,0,-13,-17,-8,12,6,-3,0,sil
24.413768529891968,-12,0,7,16,3,32,20,-20,-19,0,-15,-15,-30,-7,sil
24.413768529891968,-20,-19,0,5,-8,22,24,-18,-12,1,-29,-29,-32,-11,sil
24.429190158844,-20,-27,-9,-12,-14,0,5,-1,-8,5,-24,-29,-23,-5,sil
24.429190158844,-11,-22,-11,-18,-13,-4,0,17,10,17,-13,-8,1,7,sil
24.44477725028992,0,-17,-12,-22,-6,-10,1,20,25,11,-3,8,26,9,sil
24.44477725028992,1,-13,-13,-23,3,-17,-11,9,10,-3,2,12,25,1,sil
24.459912300109863,5,-1,-3,-4,-1,-12,-19,0,-4,-1,18,17,15,0,sil
24.459912300109863,11,20,16,9,-8,-8,-19,-5,-9,-12,26,15,8,-6,sil
24.47510361671448,8,32,26,13,13,0,-12,-9,-17,-31,20,4,3,-13,sil
24.47510361671448,3,25,23,19,29,19,4,-5,-15,-13,7,0,2,-5,sil
24.49061894416809,3,10,24,18,14,30,26,3,6,22,-10,-5,-2,5,hello
24.49061894416809,3,-1,9,8,6,28,40,9,30,35,-20,-17,-8,4,hello
24.506511211395264,-1,-8,-11,0,3,15,31,11,24,18,-22,-18,-15,4,hello
24.506511211395264,-6,-6,-18,-4,-1,-3,15,10,17,3,-15,-5,-6,5,hello
24.52294564247132,3,-4,-13,-14,-2,-24,-4,4,10,-2,4,15,13,3,hello
24.52294564247132,23,6,2,-5,-4,-17,-14,0,0,0,23,28,22,3,hello
24.5387659072876,21,31,22,29,2,4,-11,-7,-5,-1,27,20,8,4,hello
24.5387659072876,3,34,25,45,16,10,-13,-24,-19,-18,11,4,-17,-1,hello
24.554203033447266,-2,8,3,26,13,12,-3,-19,-20,-5,1,-7,-16,-6,hello
24.554203033447266,-5,-13,-13,0,-2,7,10,5,2,30,-1,-7,6,7,hello
24.56971883773804,-7,-19,-13,-15,-13,-15,1,15,6,22,-6,0,4,18,hello
24.56971883773804,-9,-27,-17,-17,-13,-29,-14,6,1,-2,-16,-4,-9,4,hello
24.5848445892334,-13,-28,-24,-28,-15,-27,-25,1,-1,-15,-18,-11,-7,-3,hello
24.5848445892334,-11,-11,-15,-24,-14,-24,-34,-7,-18,-28,1,0,8,-4,hello
24.600134134292603,-2,3,1,-2,-4,-13,-32,-21,-33,-31,14,5,9,-14,hello
24.600134134292603,-4,10,11,2,0,0,-17,-13,-24,-12,4,-5,-7,-15,hello
24.61530065536499,-9,14,13,3,-1,1,4,-4,-7,-1,1,-14,-14,-13,hello
24.61530065536499,-11,5,4,7,0,15,15,-8,-5,-12,-9,-19,-23,-22,hello
24.631222009658813,-15,-9,-3,2,3,38,23,1,5,0,-21,-19,-23,-16,hello
24.631222009658813,-14,-16,-13,-11,6,32,35,30,34,37,-8,-12,0,9,hello
24.646713733673096,-3,-15,-14,-19,0,9,33,39,46,41,-2,-2,13,20,hello
24.646713733673096,6,-11,-13,-17,-6,3,16,15,35,19,-7,0,10,12,hello
24.663272857666016,8,-15,-18,-25,-9,-3,-1,-2,10,3,-3,2,3,4,hello
24.663272857666016,10,-12,-15,-26,-4,-13,-3,6,1,-12,5,15,11,3,hello
24.67936134338379,24,10,4,-3,0,-17,-5,9,4,-27,13,31,27,5,hello
24.67936134338379,36,31,28,18,2,-18,-16,-6,-18,-32,13,29,17,8,hello
24.694965839385983,29,33,36,32,13,0,-6,-20,-35,-15,10,15,0,0,hello
24.694965839385983,15,31,38,48,24,18,12,-20,-16,1,11,9,-5,-6,hello
24.71053051948548,1,25,36,48,25,16,14,-12,5,11,17,5,-3,-2,hello
24.71053051948548,-13,6,10,27,17,15,7,-6,11,23,10,-6,0,0,hello
24.72662997245789,-23,-8,-9,5,-1,16,9,-1,1,16,-16,-18,-12,0,hello
24.72662997245789,-21,-13,-12,0,-13,8,14,0,0,7,-29,-22,-25,-2,hello
24.74224591255188,-25,-24,-20,-19,-11,-5,2,3,1,8,-23,-22,-17,-2,hello
24.74224591255188,-20,-29,-24,-34,-7,-14,-8,15,11,15,-7,-8,4,7,hello
24.7578387260437,5,-15,-14,-21,-3,-15,-7,19,21,21,9,7,22,17,hello
24.7578387260437,10,-5,-12,-17,-9,-21,-21,1,1,-3,3,5,15,5,hello
24.773014783859253,0,-3,-12,-23,-19,-30,-35,-13,-22,-35,1,4,9,-3,hello
24.773014783859253,6,0,-1,-18,-11,-25,-27,-13,-25,-33,16,14,6,0,hello
24.78838610649109,13,5,9,-8,-1,-12,-18,-12,-24,-20,14,10,-6,-9,hello
24.78838610649109,6,13,10,8,4,-1,-11,-13,-18,-12,4,-3,-10,-20,hello
24.80402898788452,7,17,14,22,17,8,0,-3,-10,-1,11,1,0,-6,hello
24.80402898788452,9,21,21,31,22,17,10,0,-2,9,20,11,6,4,hello
24.81922745704651,-3,16,13,28,3,19,10,-2,5,9,7,1,0,1,hello
24.81922745704651,-8,0,1,13,-8,25,23,10,18,17,-8,-2,-2,4,hello
24.834709405899048,3,-9,-8,6,0,28,30,25,33,36,-2,0,6,14,hello
24.834709405899048,0,-7,-9,0,0,7,10,18,23,23,1,-2,5,15,hello
24.850074529647827,-7,-9,-9,-16,-3,-8,-2,2,2,-3,-3,-4,2,5,hello
24.850074529647827,2,-8,-12,-26,-8,-15,-10,-6,-13,-25,-10,0,-2,-8,hello
24.86579918861389,8,2,-3,-19,-11,-18,-20,-14,-34,-52,-22,-8,-27,-25,hello
24.86579918861389,-9,3,7,5,2,3,0,-17,-28,-39,-28,-28,-36,-28,hello
24.881532669067383,-19,-9,3,14,17,30,32,4,7,11,-15,-20,-7,-2,hello
24.881532669067383,-6,-10,-11,2,8,21,30,25,35,38,-1,3,17,16,hello
24.897237539291385,-7,-16,-23,-13,-6,-12,2,21,31,18,-16,-1,4,5,hello
24.897237539291385,-16,-23,-21,-21,-12,-28,-12,11,12,-3,-33,-13,-10,0,hello
24.912887811660767,-6,-11,-19,-15,-8,-13,-8,0,1,-2,-13,-1,5,2,hello
24.912887811660767,1,-1,-13,-11,-5,-8,-13,-15,-14,-8,7,5,8,-9,hello
24.92880797386169,2,8,14,-1,0,-12,-14,-23,-21,-12,18,6,-2,-9,hello
24.92880797386169,15,35,43,30,11,2,0,-17,-14,0,27,11,-4,4,hello
24.944814443588257,20,39,45,53,9,14,8,-10,-14,2,17,8,-9,2,hello
24.944814443588257,0,5,19,34,-2,13,10,-1,0,19,9,0,-4,2,hello
24.9598445892334,-14,-21,-10,-10,-5,4,9,10,20,36,12,0,13,16,hello
24.9598445892334,-1,-11,-16,-26,0,0,1,16,21,18,17,10,28,14,hello
24.97546124458313,19,6,-3,-8,2,-7,-13,6,11,-4,21,28,38,9,hello
24.97546124458313,20,8,2,-9,-2,-17,-27,-1,-2,-10,17,28,30,9,hello
24.991139888763428,9,5,0,-19,-2,-17,-20,0,-8,-9,13,11,6,-4,sil
24.991139888763428,4,8,8,-5,5,-8,-8,-3,-3,-13,5,1,-13,-13,sil
25.006701946258545,3,10,23,17,9,3,-2,-8,-1,-7,0,0,-13,1,sil
25.021836757659912,3,9,21,26,7,19,9,-11,-2,7,3,-5,-6,9,sil
25.021836757659912,-1,1,5,14,5,31,22,-3,-3,2,-10,-15,-16,-2,sil
25.03698182106018,-15,-12,-11,0,7,26,24,7,5,0,-34,-27,-22,-10,sil
25.03698182106018,-18,-23,-28,-18,0,5,21,18,12,10,-35,-24,-12,0,sil
25.05216670036316,-1,-21,-30,-30,-9,-3,14,20,13,13,-15,-4,0,14,sil
25.05216670036316,5,-16,-22,-17,-3,-4,0,11,13,-2,-3,7,11,10,sil
25.06780219078064,0,-10,-15,-11,0,-19,-19,3,-1,-21,-4,5,9,-9,sil
25.06780219078064,-2,0,-14,-13,-6,-29,-25,-1,-16,-19,4,0,10,-17,sil
25.083441019058228,4,10,-4,-10,-2,-18,-18,-13,-19,-10,14,2,12,-9,sil
25.083441019058228,9,20,21,8,-3,-3,-13,-23,-26,-16,13,13,-1,-3,sil
25.098918676376343,5,28,32,33,-9,0,-11,-27,-30,-23,11,12,-16,-7,sil
25.098918676376343,-8,20,13,27,0,5,-6,-26,-30,-24,-2,-11,-24,-14,sil
25.11525559425354,-23,0,-5,9,10,15,4,-15,-20,-6,-18,-29,-27,-22,sil
25.11525559425354,-29,-19,-14,3,1,13,5,-2,-6,10,-24,-25,-25,-22,sil
25.131213188171387,-23,-18,-7,3,-2,7,4,5,2,11,-29,-19,-23,-7,sil
25.131213188171387,-5,-2,3,8,8,12,19,14,20,24,-11,-15,-10,6,sil
25.14630699157715,3,0,6,7,2,1,21,23,36,41,13,-1,11,16,sil
25.14630699157715,0,-13,-3,-11,-9,-6,15,28,41,31,15,3,21,19,sil
25.1615686416626,-4,-23,-8,-24,-2,4,18,25,33,11,3,0,10,15,sil
25.1615686416626,4,-13,1,-12,1,9,21,20,18,9,2,12,10,23,sil
25.177071571350098,21,0,10,6,-3,0,13,15,18,15,5,23,23,35,sil
25.177071571350098,21,1,4,0,-3,-2,0,6,11,2,5,16,11,19,sil
25.192790031433105,9,8,-6,-6,1,-7,-14,-12,-6,-10,1,6,0,-12,sil
25.192790031433105,8,17,-4,1,0,-9,-23,-21,-17,-16,1,10,11,-18,sil
25.207804918289185,15,15,10,11,-7,-4,-13,-7,-6,-14,19,23,27,0,sil
25.207804918289185,14,11,8,13,-7,-11,-1,2,6,-1,39,27,36,7,sil
25.22344207763672,13,6,0,-5,-8,-27,-17,-2,-4,-10,18,20,19,3,sil
25.22394871711731,18,9,7,-6,-4,-19,-24,-3,-7,-18,11,20,13,1,sil
25.23853898048401,15,18,14,18,13,-6,-11,-5,6,0,33,22,27,7,sil
25.23853898048401,5,17,12,21,18,-6,-15,-18,-13,0,18,9,2,2,sil
25.25394368171692,0,5,8,5,5,3,-16,-29,-42,-17,-16,-11,-35,-14,sil
25.25394368171692,-3,6,10,1,4,15,-7,-18,-36,-22,-28,-20,-40,-17,sil
25.27006363868713,-10,13,13,15,18,18,1,-6,-13,-18,-17,-18,-26,-16,sil
25.27006363868713,-19,-5,-6,-6,10,21,12,-3,-4,-3,-13,-26,-18,-23,sil
25.28718590736389,-32,-41,-33,-68,-9,20,26,8,0,13,-35,-42,-20,-12,sil
25.28718590736389,-37,-45,-38,-65,-1,21,29,15,13,19,-46,-44,-21,0,sil
25.300696849823,-33,-24,-25,-10,8,13,17,8,17,9,-32,-32,-21,-2,sil
25.300696849823,-25,-15,-13,2,-4,1,10,13,8,11,-18,-24,-14,1,sil
25.316046714782715,-9,-10,-4,10,-10,1,16,18,15,25,-5,-14,-1,14,sil
25.316046714782715,11,1,4,33,0,6,20,18,28,22,4,8,1,18,sil
25.3320631980896,18,4,5,24,2,0,13,19,33,23,14,25,6,22,sil
25.3320631980896,10,0,1,-3,-9,-17,-10,1,7,10,18,23,6,6,sil
25.34746241569519,5,8,1,-3,-11,-22,-30,-19,-18,-22,20,17,-6,-20,sil
25.34746241569519,12,15,3,0,0,-17,-25,-8,-8,-25,29,22,5,-18,sil
25.36310315132141,10,6,5,-3,-4,-26,-27,1,-8,-9,18,19,14,-5,sil
25.36310315132141,-2,8,10,17,-11,-18,-22,-17,-22,-18,-5,0,-18,-15,sil
25.37904143333435,-7,13,9,30,-1,9,4,-18,-12,-24,-15,-11,-31,-6,sil
25.37904143333435,2,6,5,13,0,12,18,11,8,2,-7,0,18,23,sil
25.393739700317383,14,-1,1,0,-5,-5,10,13,7,17,-2,8,53,27,sil
25.393739700317383,14,-3,-4,-14,-11,-17,-6,-5,-15,-15,-4,7,28,6,sil
25.40895438194275,9,2,-1,-16,-5,-8,-12,-10,-19,-34,10,11,16,-6,sil
25.40895438194275,12,15,14,7,15,19,4,-3,-5,-8,19,11,20,-1,sil
25.42418575286865,12,15,16,19,27,32,21,0,4,16,-4,-2,8,4,sil
25.42418575286865,2,-2,-8,-2,12,9,3,4,17,24,-10,-8,13,1,sil
25.44014883041382,0,-14,-17,-35,-1,-13,-19,9,22,19,20,6,25,0,sil
25.44014883041382,6,-5,2,-28,4,-3,-7,3,10,12,48,15,19,-1,sil
25.455721378326416,-2,5,10,2,10,10,6,-11,-6,1,30,0,-5,-13,sil
25.470856189727783,-27,-2,-3,0,0,14,7,-11,-13,-7,-15,-27,-38,-20,sil
25.470856189727783,-35,-18,-16,-10,-7,15,18,-2,-7,1,-33,-36,-47,-12,sil
25.486090183258057,-17,-10,-5,12,-3,11,22,0,-5,19,-14,-20,-32,2,sil
25.486090183258057,0,5,9,30,2,4,12,8,11,32,1,0,-10,20,sil
25.50218391418457,3,-2,3,12,0,-6,-2,16,30,25,-5,3,-1,23,sil
25.50218391418457,2,-13,-1,-5,-5,-11,-12,9,12,2,-11,-1,-8,7,sil
25.51772427558899,11,-2,5,7,0,-2,0,0,-1,-7,-1,10,-7,2,sil
25.51772427558899,16,2,7,5,-3,-7,3,4,3,-18,-4,27,2,12,sil
25.533874988555908,10,-4,-3,-15,-15,-23,-12,2,-4,-31,-9,20,10,5,sil
25.533874988555908,3,0,-8,-17,-11,-18,-20,-7,-22,-26,0,10,11,-9,sil
25.549959897994995,0,14,0,-5,-4,-6,-14,-3,-20,-22,4,11,4,-10,sil
25.549959897994995,-1,11,2,-5,-5,-14,-17,0,-6,-22,4,8,3,-8,sil
25.549959897994995,0,4,3,-3,-2,-19,-30,-6,-15,-16,1,0,2,-3,sil
25.56606101989746,0,14,13,16,6,4,-14,-10,-20,-4,-7,-5,-4,0,sil
25.581494092941284,-3,14,11,26,11,29,18,-7,0,7,-19,-16,-9,-4,sil
25.581494092941284,-5,0,2,13,11,29,28,1,17,16,-22,-15,-12,0,sil
25.581494092941284,-6,-4,-7,10,18,26,32,1,23,29,-15,-11,-11,3,sil
25.596412897109985,-9,-9,-22,-6,11,7,25,-3,17,23,-13,-20,-8,-6,sil
25.61203694343567,-4,-15,-26,-28,-5,-12,2,7,9,5,3,-10,11,-12,sil
25.61203694343567,6,-7,-17,-21,-4,-12,-11,17,20,6,39,14,37,0,sil
25.627097129821777,12,0,-8,-18,3,-10,-18,7,18,9,43,20,35,9,sil
25.627097129821777,7,1,-1,-17,1,-11,-16,-4,-2,2,25,10,25,5,sil
25.64318323135376,-6,0,1,-7,-5,-3,0,-7,-20,-6,10,-4,6,-4,sil
25.64318323135376,-18,-5,0,0,-8,4,15,-7,-21,-19,-1,-23,-20,-15,sil
25.658823490142822,-14,-6,8,10,-1,2,11,-7,-16,-21,-8,-25,-23,-11,sil
25.658823490142822,-4,2,18,23,3,4,3,-4,-16,-4,-15,-12,-14,4,sil
25.67419147491455,0,9,15,31,0,14,-3,-7,-16,8,-14,-6,-21,5,sil
25.67419147491455,2,4,13,24,-3,10,-12,-14,-12,1,-9,-3,-28,0,sil
25.688846349716187,6,1,20,18,-3,1,-4,-5,2,2,-1,6,-10,10,sil
25.688846349716187,9,0,11,13,0,6,8,9,15,13,5,14,13,17,sil
25.70411872863769,0,-9,-9,-10,4,1,-1,10,0,-2,0,16,6,0,sil
25.704451084136963,-9,-12,-12,-23,1,-4,0,2,-3,-8,-8,9,-1,-10,sil
25.719149351119995,-2,-4,-9,-13,-11,0,17,7,11,7,-11,-5,6,0,sil
25.719149351119995,2,0,-9,-11,-12,-1,14,18,18,13,-13,-5,8,5,sil
25.73489165306092,6,4,-8,-9,0,-12,-1,13,15,9,-3,10,10,5,sil
25.73489165306092,9,11,-3,-10,-3,-19,-13,2,0,-6,4,12,8,4,sil
25.750443696975708,10,1,-6,-18,-11,-13,-12,1,-9,-18,3,4,3,-4,sil
25.750443696975708,16,0,-2,-7,3,0,-4,10,12,-1,12,14,10,0,sil
25.7664635181427,23,12,13,14,13,1,0,9,17,10,26,26,19,12,sil
25.7664635181427,11,7,7,7,6,-6,-8,-9,-9,-8,12,11,2,-1,sil
25.78224754333496,0,-7,-5,-15,-1,-3,-14,-16,-21,-26,-5,-3,-13,-12,sil
25.78224754333496,1,4,4,0,0,6,1,-8,0,-6,13,5,4,3,sil
25.79815435409546,-7,13,9,16,6,5,6,-8,6,12,25,8,11,3,sil
25.79815435409546,-21,-4,-1,1,0,0,-9,-10,-3,2,1,-9,-12,-7,sil
25.81315588951111,-17,-7,0,4,-3,-1,-7,-6,1,0,-6,-15,-8,0,sil
25.81315588951111,-5,3,12,14,9,1,7,-3,1,10,1,0,9,8,sil
25.828860759735107,0,4,15,11,16,14,9,3,0,16,1,2,7,9,sil
25.828860759735107,-11,-4,2,8,1,17,7,1,3,10,-12,-15,-11,4,sil
25.844776391983032,-30,-5,-5,1,-8,11,14,-2,-4,-4,-34,-30,-33,-11,sil
25.844776391983032,-23,0,-2,3,3,16,26,3,0,4,-30,-26,-26,-15,sil
25.860177516937256,-9,-12,-8,6,3,14,17,7,11,17,-23,-21,-13,0,sil
25.860177516937256,-8,-26,-26,-7,-14,-3,1,5,10,11,-28,-24,-8,5,sil
25.87623429298401,4,-18,-34,-18,-15,-18,-2,8,7,2,-10,-9,8,3,sil
25.87623429298401,16,0,-18,-20,-4,-21,-13,8,-1,-7,9,14,18,3,sil
25.89175605773925,11,11,-2,-13,0,-13,-21,-1,-9,-14,11,15,15,0,sil
25.89175605773925,13,10,1,-9,-1,-13,-18,-2,-12,-14,17,11,17,0,sil
25.907002210617065,22,6,5,-9,-1,-18,-14,-1,-10,-15,29,24,21,-2,sil
25.907002210617065,14,8,6,0,3,-11,-11,-4,-4,-12,26,26,12,-12,sil
25.92304801940918,2,11,11,9,10,1,-6,-8,-6,-14,11,9,-4,-17,sil
25.92304801940918,8,12,21,15,6,4,-4,-13,-22,-16,5,-1,-15,-13,sil
25.93864822387696,18,17,28,18,0,0,-7,-11,-24,-15,3,0,-10,-3,sil
25.93864822387696,18,21,25,23,4,4,1,0,-2,-3,12,13,2,7,sil
25.95368266105652,5,7,14,14,9,15,14,-1,5,3,11,12,4,8,sil
25.95368266105652,-12,-8,4,-5,-1,14,7,-7,-6,-11,-15,-9,-16,0,sil
25.96887230873108,-23,-15,-6,-1,-10,10,4,-4,-1,-9,-30,-25,-27,-4,sil
25.96887230873108,-26,-25,-17,-12,-8,11,13,-3,4,11,-20,-21,-20,-1,sil
25.984081983566284,-22,-25,-15,-36,-6,15,19,7,9,23,-5,-7,-2,6,sil
25.984494924545288,-8,-5,0,-8,0,10,17,18,26,31,8,1,15,13,sil
25.999755859375,-1,2,1,23,1,-5,5,12,19,24,0,0,5,11,sil
26.014896392822266,0,0,-8,5,-1,-6,0,5,5,12,-18,-3,0,4,sil
26.014896392822266,8,3,-8,-2,1,1,0,9,10,13,-12,1,11,6,sil
26.030950784683228,10,5,6,22,8,1,0,12,12,21,4,7,12,14,sil
26.030950784683228,0,-1,0,25,6,0,2,5,10,19,12,1,5,11,sil
26.030950784683228,-5,-12,-18,-7,-4,-7,0,0,3,0,6,-4,6,0,sil
26.046077966690063,0,-15,-19,-22,-8,-18,-3,6,2,-9,3,0,11,-3,sil
26.06217622756958,0,-8,-13,-16,-5,-16,-9,12,13,-2,2,12,13,2,sil
26.06217622756958,1,0,-6,-9,-9,-11,-18,9,14,2,2,16,16,10,sil
26.077943086624146,13,6,0,-3,-5,-14,-15,3,14,5,20,19,25,10,sil
26.077943086624146,26,18,11,-5,6,-13,-5,1,10,-12,26,23,20,3,sil
26.077943086624146,15,21,15,1,12,0,-1,-11,-11,-28,6,4,-1,-11,sil
26.0930438041687,-10,4,4,5,9,5,-8,-31,-37,-22,-5,-17,-24,-27,sil
26.10819196701049,-11,-4,3,-6,0,4,-11,-33,-42,-24,1,-12,-26,-21,sil
26.10819196701049,0,4,12,-6,-3,8,2,-21,-25,-24,5,-4,-10,-9,sil
26.12880086898804,-8,2,3,-9,0,3,1,-14,-19,-12,-8,-13,-16,-16,sil
26.12880086898804,-12,0,-1,-11,-1,-7,-14,-12,-22,-12,-14,-11,-22,-22,sil
26.12880086898804,2,15,16,7,3,-4,-12,-2,-15,-14,-1,2,-4,-6,sil
26.139877319335938,9,20,29,25,14,14,1,10,-2,0,6,7,2,8,sil
26.155856370925903,0,10,16,26,15,25,13,8,7,14,-2,-4,-7,1,sil
26.155856370925903,-11,-4,-3,13,-1,10,19,4,0,0,-27,-18,-22,0,sil
26.17119026184082,-10,-12,-11,4,-7,7,29,9,-1,3,-29,-15,-17,8,sil
26.17119026184082,1,-10,-10,10,2,26,35,6,19,30,-6,-3,-4,12,sil
26.18670773506165,-2,-15,-9,6,-2,18,23,3,21,29,-8,-9,-13,5,sil
26.18670773506165,-12,-17,-16,-4,-11,0,6,12,10,13,-17,-15,-9,5,sil
26.202146291732788,-5,-12,-20,-12,-4,-1,-3,17,15,10,-2,-3,13,11,sil
26.202146291732788,-3,-16,-22,-13,-1,-6,-7,14,26,12,10,2,23,6,sil
26.218241453170776,-6,-22,-24,-15,-8,-23,-5,12,23,16,4,6,23,3,sil
26.218241453170776,5,-9,-6,-17,-6,-25,-6,8,9,3,2,16,23,9,sil
26.23433923721313,22,10,6,-6,2,-11,-16,-1,-3,-15,12,17,24,1,sil
26.234924793243408,13,10,3,-2,-1,-13,-29,-10,-16,-27,11,13,14,-13,sil
26.24907946586609,-1,3,3,-8,-10,-23,-27,-13,-19,-28,10,13,3,-9,sil
26.24907946586609,10,15,15,5,0,-17,-13,-5,1,-10,28,20,17,5,sil
26.265443801879883,28,26,30,15,10,0,-7,7,16,12,33,28,29,14,sil
26.265443801879883,11,16,25,5,2,8,0,0,4,13,16,12,8,3,sil
26.28140425682068,-11,2,0,-3,1,6,4,-22,-19,-6,-2,-14,-21,-9,sil
26.28140425682068,-11,5,-5,2,7,8,1,-18,-21,-11,-12,-16,-26,-10,sil
26.296193838119507,-5,7,2,12,7,13,13,-2,0,3,-8,-8,-14,-1,sil
26.296193838119507,-4,1,2,6,0,14,22,-1,5,9,-9,-9,-11,4,sil
26.31221985816956,-3,0,0,7,0,17,13,-5,-3,10,-10,-6,-9,2,sil
26.31221985816956,-5,3,3,13,2,13,1,-3,-8,5,-6,-6,-10,-5,sil
26.32823896408081,-9,0,2,11,2,9,6,-1,-10,0,-8,-18,-23,-7,sil
26.32823896408081,-15,-17,-10,-2,0,3,5,2,-1,4,-15,-23,-24,-3,sil
26.34377241134644,-16,-23,-17,-21,-3,-13,-8,16,6,6,-16,-8,-8,2,sil
26.34377241134644,0,-7,-10,-20,0,-18,-3,25,10,3,0,10,12,7,sil
26.35984516143799,16,-3,-9,-12,-2,-14,0,20,9,-1,10,17,25,8,sil
26.35984516143799,14,-6,-3,-10,-7,-12,-11,5,2,-12,8,20,25,7,sil
26.37500047683716,15,7,6,0,0,-2,-5,-7,-4,-17,10,20,19,1,sil
26.37500047683716,13,14,5,4,4,4,3,-8,-7,-22,11,5,8,-11,sil
26.39108777046204,1,7,1,5,1,2,3,-4,-6,-13,3,-10,1,-17,sil
26.39108777046204,-6,6,6,11,6,3,-2,-13,-7,-4,-20,-15,-12,-13,sil
26.40709638595581,-10,3,9,3,3,8,-10,-19,-12,-14,-30,-19,-30,-10,sil
26.40709638595581,-12,-4,4,1,-3,13,1,-13,-4,-3,0,-15,-13,-3,sil
26.42311453819275,-17,-13,-2,1,-2,15,17,0,5,20,12,-8,0,6,sil
26.42311453819275,-16,-14,-13,-3,-4,13,19,14,20,37,1,-5,0,14,sil
26.438805103302,0,-6,-8,-2,-4,6,15,19,33,42,7,7,10,22,sil
26.438805103302,17,-2,4,1,-2,-10,1,15,18,24,3,22,16,23,sil
26.45468473434448,14,-2,1,3,-5,-19,-10,6,5,1,-5,22,8,12,sil
26.45468473434448,6,2,-8,-1,-4,-16,-22,0,2,-10,0,15,4,0,sil
26.4697539806366,6,9,-7,-4,5,-13,-25,-4,-8,-24,4,4,2,-14,sil
26.4697539806366,9,12,-2,-2,10,-10,-17,-7,-14,-30,10,-2,-2,-21,sil
26.484956979751587,3,15,7,2,6,-4,-7,-8,-13,-21,16,0,-7,-10,sil
26.484956979751587,-3,19,17,16,6,3,0,-10,-14,-9,10,-7,-8,-7,sil
26.500359296798703,-6,7,13,21,2,10,7,-2,-12,0,-6,-23,-12,-12,sil
26.500359296798703,-8,-11,0,10,0,19,20,7,3,22,-10,-22,-7,0,sil
26.515548944473267,-8,-13,-14,-6,1,13,16,4,9,23,-8,-4,6,12,sil
26.515548944473267,-3,-5,-12,-22,-5,-10,-5,0,-11,-17,-10,7,3,0,sil
26.53140592575073,-3,-3,-1,-18,-12,-15,-12,-3,-21,-36,-6,4,-8,-18,sil
26.53140592575073,-11,-6,3,-7,-7,2,0,-6,-13,-11,-11,-7,-19,-15,sil
26.54612159729004,-13,-8,2,-4,-3,13,13,1,3,13,-19,-6,-10,5,sil
26.54612159729004,-2,-11,0,-10,-7,-2,11,12,24,19,-1,7,16,16,sil
26.56228399276733,11,-5,1,-20,-5,-22,-9,0,7,2,21,18,24,10,sil
26.56228399276733,12,13,11,2,7,-12,-13,-22,-14,-4,21,11,10,0,sil
26.57711172103882,2,16,17,28,10,14,10,-21,-4,3,8,-4,-7,2,sil
26.57711172103882,4,2,9,18,0,24,26,7,19,17,2,0,0,23,sil
26.593286514282227,13,-2,-6,0,0,6,15,23,33,32,2,16,29,30,sil
26.593286514282227,11,-5,-17,-7,1,-12,-6,16,23,19,0,12,26,15,sil
26.608724355697632,10,-4,-9,-2,0,-14,-18,10,4,-4,11,9,8,0,sil
26.608724355697632,17,10,9,10,8,-10,-21,9,-8,-5,26,21,9,-4,sil
26.624128580093384,13,21,21,19,13,-1,-11,2,-11,1,24,15,4,-3,sil
26.624128580093384,-3,10,11,18,6,13,6,-10,-6,-5,7,-5,-9,-5,sil
26.639734506607056,-19,-4,-1,9,-1,15,7,-18,-14,-18,-22,-20,-27,-18,sil
26.639734506607056,-24,-9,-9,5,0,14,7,-13,-15,-11,-39,-30,-32,-25,sil
26.65477228164673,-20,-13,-23,-8,0,11,8,-1,-2,1,-32,-32,-20,-12,sil
26.65477228164673,-13,-17,-28,-28,-8,4,2,10,5,0,-28,-27,-12,0,sil
26.6702561378479,-8,-19,-21,-27,-13,0,-3,17,8,-6,-22,-16,-6,-1,sil
26.6702561378479,-2,-12,-13,-22,-14,-12,-13,15,3,-15,-6,0,1,-2,sil
26.685949563980103,8,8,0,-13,-4,-20,-9,6,0,-14,12,16,13,1,sil
26.685949563980103,14,22,14,0,5,-10,-1,-8,-2,-5,19,16,16,-1,sil
26.702006816864014,9,20,17,2,2,-2,-7,-18,-12,-8,15,7,7,-11,sil
26.702006816864014,8,25,19,18,9,1,-6,-15,-12,-8,15,0,-1,-11,sil
26.71725964546204,4,22,26,31,18,18,11,-11,-7,-1,0,-10,-17,-4,sil
26.71725964546204,-10,0,11,16,9,25,21,-12,-2,6,-18,-15,-23,-2,sil
26.7331383228302,-17,-18,-11,1,0,8,15,-6,3,18,-18,-6,-9,3,sil
26.7331383228302,-12,-22,-15,-4,-7,-7,2,5,6,18,-12,0,-9,10,sil
26.749247312545776,-11,-25,-19,-16,-13,-12,0,8,9,9,-8,-4,-14,8,sil
26.749247312545776,-7,-23,-23,-21,-11,-16,0,12,17,4,1,0,0,8,sil
26.764505863189697,6,-10,-9,-7,-8,-19,-5,23,23,12,18,20,25,8,sil
26.764505863189697,16,0,0,-3,-7,-22,-17,10,7,5,24,24,30,0,sil
26.780072450637817,16,5,12,-4,-5,-26,-27,-11,-23,-19,16,19,17,0,sil
26.780072450637817,15,19,31,16,4,-6,-20,-15,-26,-19,21,19,11,1,sil
26.79617428779602,13,23,30,20,13,15,-5,-14,-14,-5,26,12,4,0,sil
26.79617428779602,1,10,20,7,8,26,17,-14,-13,0,14,-3,-2,-1,sil
26.811700344085693,-5,1,16,16,5,30,32,-3,-6,12,1,-5,-4,1,sil
26.811700344085693,-1,1,7,18,4,21,25,11,3,11,-8,1,-8,9,sil
26.82689666748047,2,-7,-12,-4,-3,-1,6,18,13,9,-5,4,1,20,sil
26.82689666748047,3,-12,-17,-26,-14,-20,-11,27,24,19,9,11,22,27,sil
26.843015909194943,15,3,0,-13,-5,-16,-12,31,30,24,32,25,40,25,sil
26.843015909194943,28,20,10,7,10,-1,-1,5,14,5,36,27,43,13,sil
26.858192682266235,15,12,5,-5,4,1,-8,-21,-19,-23,7,9,13,-7,sil
26.858192682266235,-5,2,4,-3,0,2,-13,-30,-29,-23,-2,-5,-8,-22,sil
26.87289261817932,-16,0,0,17,6,12,7,-25,-11,-10,-11,-21,-15,-17,sil
26.88881802558899,-27,-18,-28,0,2,21,27,-5,6,-6,-69,-49,-36,-9,sil
26.88881802558899,-34,-35,-58,-32,-7,9,19,14,22,-1,-105,-64,-46,-17,sil
26.904120922088623,-26,-25,-52,-31,-9,-9,-2,18,17,0,-64,-46,-28,-23,sil
26.904120922088623,-18,-7,-32,-13,2,-5,-8,10,7,-3,-16,-26,-12,-18,sil
26.92017602920532,-17,-1,-24,-11,9,1,-10,0,0,-9,-9,-18,-17,-20,sil
26.92017602920532,-11,9,-9,-2,1,-5,-15,-12,-21,-20,-12,-16,-26,-32,sil
26.935739755630493,-6,27,16,23,8,-1,-7,-22,-36,-18,-2,-16,-27,-34,sil
26.935739755630493,-3,25,34,32,19,12,3,-18,-25,-10,6,-8,-26,-13,sil
26.95138621330261,6,12,39,31,11,13,14,-5,-2,7,22,11,-9,12,sil
26.95138621330261,13,1,27,26,0,9,19,11,14,31,30,26,14,24,sil
26.967288970947266,5,-2,11,8,-3,6,12,23,30,34,24,31,21,23,sil
26.967288970947266,7,-3,6,-2,-13,-9,-1,19,35,20,25,34,26,27,sil
26.98301362991333,21,-6,16,-7,-22,-35,-21,10,15,4,25,38,34,30,sil
26.98301362991333,34,0,23,-5,-9,-29,-24,1,-1,0,34,49,39,25,sil
26.998725414276123,36,15,22,4,-1,-14,-12,-4,-4,-2,46,51,36,25,sil
26.998725414276123,27,15,22,0,-10,-16,-11,-2,-15,-15,36,32,22,21,sil
27.014026641845703,8,-4,5,-16,-13,-15,-11,-11,-33,-31,15,8,0,-5,sil
27.014026641845703,-12,-20,-10,-26,-11,-7,-2,-27,-48,-39,-8,-12,-20,-28,sil
27.02922248840332,-17,-10,-1,-5,-3,9,8,-22,-32,-19,-19,-26,-23,-24,sil
27.02922248840332,-11,0,1,14,11,32,16,0,3,11,-14,-27,-17,-11,sil
27.04483795166016,-9,-7,-11,2,8,30,17,13,25,26,-13,-17,-10,2,sil
27.04483795166016,-6,-16,-20,-2,0,11,10,13,36,39,-12,-11,9,15,sil
27.0600814819336,-4,-16,-26,-6,0,1,-3,11,35,39,-12,-11,22,15,sil
27.0600814819336,-4,-10,-25,-20,1,0,-4,20,27,24,-8,-2,22,16,sil
27.07569193840027,4,-4,-15,-20,6,0,4,21,20,7,0,2,16,15,sil
27.07569193840027,5,1,-12,-13,13,3,5,3,4,-12,0,-2,4,-2,sil
27.09115242958069,-3,10,-13,-5,14,1,2,-15,-13,-22,0,-2,4,-16,sil
27.09115242958069,-2,15,-1,0,10,-7,-4,-14,-29,-20,2,1,0,-9,sil
27.106710195541385,2,16,10,6,4,-7,-6,-5,-26,-15,-2,-1,-12,-16,sil
27.106710195541385,-4,18,6,20,0,5,-1,-9,-10,-12,-9,-10,-20,-31,sil
27.122066020965576,-11,18,10,29,1,8,-4,-14,-12,-19,-6,-8,-24,-23,sil
27.122066020965576,-2,21,20,31,5,3,-5,-11,-12,-13,4,0,-15,-9,sil
27.13773393630981,2,23,24,28,-1,1,2,-7,-2,3,-1,0,-8,-1,sil
27.13773393630981,-6,6,15,19,-8,2,8,0,2,10,-11,-1,-11,8,sil
27.152892112731934,-17,-17,-7,2,-4,-3,5,9,6,10,-8,-4,-9,9,sil
27.152892112731934,-10,-22,-14,-9,-5,-2,7,8,8,8,-15,-15,-13,0,sil
27.168161869049072,0,-14,-6,0,-1,14,21,5,11,13,-20,-26,-17,-2,sil
27.168161869049072,-5,-18,-10,0,0,14,21,13,12,10,-16,-20,-14,0,sil
27.18375420570373,-8,-21,-15,-15,-5,0,7,14,15,4,-14,-6,-4,4,sil
27.18375420570373,2,-12,-9,-19,-8,-10,0,4,17,7,-5,0,6,7,sil
27.19918537139893,6,-10,-10,-23,-10,-19,-8,4,6,0,7,4,13,5,sil
27.19918537139893,3,-13,-10,-29,-13,-14,-10,7,6,-5,14,12,23,6,sil
27.215181350708008,9,-6,1,-21,-4,-4,-10,0,10,-1,10,19,22,11,sil
27.215181350708008,17,1,7,-14,0,-12,-18,-2,-4,-5,10,26,10,12,sil
27.23070812225341,22,-1,8,-23,-5,-19,-15,-1,-13,-11,24,32,19,10,sil
27.23070812225341,15,3,14,-22,-4,-11,-17,-8,-17,-18,23,30,22,5,sil
27.246715545654297,7,23,15,8,7,-4,-29,-22,-28,-23,12,18,2,-11,sil
27.246715545654297,6,30,12,23,11,-3,-28,-23,-29,-19,17,9,-4,-18,sil
27.262825965881348,0,15,16,8,6,0,-10,-9,-13,-8,20,4,5,-9,sil
27.262825965881348,-12,7,7,12,8,6,-3,-8,-4,0,3,-9,1,-13,sil
27.27797055244445,-13,10,-2,22,5,5,-5,-10,-11,3,-13,-25,-18,-17,sil
27.27797055244445,-9,3,0,22,0,15,12,3,-7,14,-3,-17,-15,-3,sil
27.293142318725582,-3,-4,6,27,5,30,37,13,11,24,9,0,2,13,sil
27.293142318725582,8,1,10,29,12,25,38,12,22,22,-2,0,0,18,sil
27.30836510658264,9,7,5,24,9,16,26,10,21,21,-18,-9,-12,11,sil
27.30836510658264,-1,-1,1,16,4,14,19,10,13,16,-16,-13,-9,8,sil
27.32381558418274,0,-7,-3,6,1,13,23,12,20,20,0,-6,4,16,sil
27.32381558418274,0,-16,-19,-9,-8,0,17,15,26,21,1,0,11,17,sil
27.338901042938232,-7,-29,-28,-31,-15,-16,-4,16,15,10,-15,0,3,9,sil
27.338901042938232,-7,-23,-30,-36,-7,-18,-7,16,20,9,-18,-3,9,7,sil
27.35415554046631,0,-13,-33,-40,-6,-19,-7,6,14,-4,0,0,18,5,sil
27.369601011276245,0,-6,-13,-28,-3,-21,-20,-11,-17,-36,18,8,15,-5,sil
27.369601011276245,0,3,9,-4,5,-15,-27,-21,-37,-42,12,5,0,-21,sil
27.38511109352112,-4,10,10,0,-3,-18,-28,-25,-42,-42,-11,-2,-24,-37,sil
27.38511109352112,-1,18,10,5,-7,-16,-24,-29,-35,-34,-2,-2,-24,-31,sil
27.400713443756104,0,23,13,18,5,3,-8,-14,-13,-3,13,4,-9,-8,sil
27.400713443756104,-7,14,8,10,8,20,11,1,1,11,-3,-1,-3,-8,sil
27.415828943252563,-4,13,8,12,8,16,13,-1,-1,-3,-9,-12,-2,-19,sil
27.415828943252563,8,23,21,27,13,13,3,-2,0,-6,2,-4,-1,-4,sil
27.43192982673645,2,10,13,16,8,19,8,0,8,9,-4,0,-10,6,sil
27.43192982673645,-12,-12,-3,-3,0,11,12,-2,6,9,-22,-8,-23,1,sil
27.4471242427826,-13,-20,-4,-3,-4,4,8,4,1,9,-16,-12,-15,6,sil
27.4471242427826,-6,-20,-1,-6,-12,3,4,8,6,19,-9,-5,0,14,sil
27.463350534439087,1,-10,0,-3,-15,-1,4,4,7,11,-7,2,-2,17,sil
27.463350534439087,10,-2,4,3,-8,-3,9,10,10,5,5,6,0,17,sil
27.478981971740723,3,-27,-8,-41,-12,-4,6,19,16,7,9,3,12,10,sil
27.478981971740723,0,-36,-24,-78,-17,-13,-6,14,19,4,10,4,22,5,sil
27.494271278381348,13,-4,-10,-21,-4,-19,-8,7,20,2,26,12,36,15,sil
27.494271278381348,20,12,6,26,4,-17,-6,14,11,10,21,17,37,26,sil
27.50970339775085,10,8,-1,17,9,-6,-5,18,10,17,8,18,32,18,sil
27.50970339775085,2,12,-9,15,10,-3,-8,2,1,1,10,14,22,0,sil
27.52574872970581,0,14,0,17,2,-8,-10,-11,-20,-21,7,10,5,-7,sil
27.52574872970581,4,14,9,10,7,-1,-5,-14,-22,-15,5,10,-2,-12,sil
27.54176592826844,13,23,14,18,19,9,-4,-17,-15,-7,10,9,-9,-18,sil
27.54176592826844,12,24,21,31,14,8,-5,-25,-24,-18,6,0,-27,-18,sil
27.55779719352722,0,9,14,24,4,1,-9,-20,-31,-22,-10,-10,-37,-17,sil
27.55779719352722,-13,-5,0,7,0,8,-3,-9,-10,-1,-20,-20,-26,-24,sil
27.57331156730652,-24,-15,-15,0,1,26,17,-3,14,18,-14,-31,-14,-21,sil
27.57331156730652,-24,-19,-15,-4,3,21,24,0,12,14,-15,-31,-19,-7,sil
27.588848114013672,-17,-16,-11,-6,-2,5,13,3,3,5,-22,-20,-19,-1,sil
27.588848114013672,-13,-11,-15,-11,-16,-1,7,11,11,6,-21,-12,-3,4,sil
27.604087114334103,-4,-6,-12,-17,-12,-4,7,22,16,7,-9,-2,13,18,sil
27.604087114334103,9,-1,-2,-15,6,-12,0,16,12,6,10,12,26,14,sil
27.620081901550293,11,9,8,-13,5,-19,-17,-4,-6,-16,15,18,15,1,sil
27.620081901550293,4,22,20,-1,-8,-12,-21,-15,-21,-36,6,15,-9,-5,sil
27.63575220108032,1,12,23,11,-7,4,-1,-2,-12,-12,-3,5,-20,-5,sil
27.63575220108032,2,0,17,12,0,15,17,15,15,22,-1,-3,-2,5,sil
27.650770902633667,11,2,7,5,1,4,14,14,31,29,12,2,25,26,sil
27.650770902633667,17,3,-3,-5,0,-9,0,3,14,17,12,21,32,29,sil
27.666378259658813,16,0,-5,-9,0,-5,-10,1,1,3,15,28,33,12,sil
27.666378259658813,17,10,6,0,6,0,-12,-2,-2,-5,31,21,31,1,sil
27.682058334350582,4,18,11,15,8,0,-1,-18,-17,-11,16,5,5,-4,sil
27.682058334350582,-18,-1,-6,20,4,5,11,-24,-26,-12,-15,-15,-19,-15,sil
27.69671869277954,-22,-24,-18,-1,-1,7,6,-16,-24,-12,-23,-21,-27,-14,sil
27.69671869277954,-11,-22,-8,-15,-4,4,-1,-14,-21,-10,-18,-18,-33,-3,sil
27.71280550956726,-16,-18,-10,-9,-4,5,2,-5,-11,-6,-24,-24,-39,-5,sil
27.71280550956726,-30,-32,-28,-15,-9,0,15,19,5,1,-31,-34,-36,-20,sil
27.72872424125672,-26,-33,-36,-30,-8,-5,22,31,27,19,-20,-34,-16,-20,sil
27.72872424125672,-5,-13,-18,-17,0,-1,5,23,42,30,-1,-13,11,2,sil
27.74396252632141,9,0,0,-4,-3,-2,-20,20,33,18,10,13,28,14,sil
27.74396252632141,10,-3,0,-13,-16,-21,-29,11,10,-6,11,21,22,3,sil
27.75913095474243,13,5,1,-11,-13,-22,-19,4,1,-14,13,20,17,5,sil
27.75913095474243,20,26,13,11,4,1,-3,5,5,0,28,26,28,17,sil
27.7750301361084,19,24,16,13,15,5,-2,-6,-7,-10,19,25,18,10,sil
27.7750301361084,13,17,21,5,12,-3,-11,-29,-32,-36,-1,11,-13,-4,sil
27.791040897369385,12,24,29,17,8,3,-15,-31,-32,-23,-1,0,-20,-9,sil
27.791040897369385,7,22,25,24,3,1,-9,-11,-10,-3,-3,0,-6,-9,sil
27.807101488113403,-3,17,10,22,7,-9,2,-1,0,-1,-12,0,0,-10,sil
27.807101488113403,-5,22,7,21,16,2,9,-4,-9,-1,5,0,0,-5,sil
27.82319474220276,4,22,19,25,17,21,13,-6,-3,9,28,1,10,-1,sil
27.82319474220276,2,3,13,20,10,17,19,0,15,19,14,0,8,0,sil
27.838790893554688,-8,-14,-2,2,2,15,19,5,13,26,-5,-8,0,7,sil
27.838790893554688,-2,-11,-10,-1,-1,22,18,5,11,31,-2,-4,10,20,sil
27.85437297821045,3,-7,-8,2,-2,9,18,8,18,25,-2,3,6,21,sil
27.85437297821045,0,-16,-7,0,-4,-1,11,8,15,18,-10,5,-9,12,sil
27.869508743286133,3,-28,-24,-22,-12,-3,-2,0,4,4,-14,3,-10,2,sil
27.869508743286133,-1,-23,-35,-42,-16,-15,-17,1,-11,-20,-9,-1,-5,-8,sil
27.88503885269165,-14,-6,-20,-25,-5,-20,-13,2,-16,-25,4,-11,2,-20,sil
27.88503885269165,-10,0,-2,-4,2,-12,-5,5,-9,-11,10,-6,7,-15,sil
27.90084648132324,0,4,4,-6,0,-8,-11,4,-8,-4,13,6,3,-2,sil
27.90084648132324,-10,4,4,-8,-9,-8,-22,-11,-17,-16,9,-6,-12,-9,sil
27.916019916534424,-22,-7,5,-1,-14,-2,-14,-18,-24,-34,-20,-27,-35,-20,sil
27.916019916534424,-14,-10,2,12,-8,10,11,-5,-6,-11,-30,-22,-24,-4,sil
27.931615591049194,-10,-7,-2,5,-7,14,23,3,6,19,-23,-13,-7,16,sil
27.931615591049194,-8,-3,-5,-8,-12,6,12,7,16,18,-19,-9,-3,12,sil
27.94626545906067,9,3,-6,0,-3,-4,-2,14,28,12,-8,0,6,6,sil
27.94626545906067,14,1,-2,-2,1,-13,-14,10,19,3,-5,7,7,9,sil
27.96207594871521,9,-5,-2,-6,1,-13,-12,0,9,-2,1,12,12,8,sil
27.96207594871521,21,-1,-1,-10,5,-6,-10,-1,2,-4,17,25,28,9,sil
27.97800302505493,22,5,0,-13,7,0,-5,0,-9,-15,24,26,26,4,sil
27.97800302505493,6,1,-3,-7,6,3,7,0,-4,-11,19,8,11,-10,sil
27.99303150177002,8,0,3,-1,12,-1,14,10,7,6,22,4,8,-5,sil
27.99303150177002,13,16,12,13,15,3,13,8,9,10,31,14,16,5,sil
28.00825357437133,-4,11,6,13,8,5,5,-1,-2,-7,9,0,1,0,sil
28.02385711669922,-15,0,9,1,4,6,3,-3,-9,-5,-12,-11,-17,-5,sil
28.02385711669922,1,11,16,11,9,12,8,-9,-3,10,1,-2,-11,-11,sil
28.039000988006592,2,20,19,24,10,8,1,-15,-10,-3,2,0,-13,-14,sil
28.039000988006592,-13,8,19,28,5,3,2,-16,-17,-6,-7,-9,-18,-7,sil
28.054301500320435,-14,-9,7,16,-2,2,-3,-21,-13,2,-16,-16,-15,-3,sil
28.054301500320435,-7,-12,1,3,-1,7,-7,-3,-6,7,-22,-19,-16,-2,sil
28.06922197341919,-1,6,7,20,9,16,10,14,10,24,-4,-4,1,4,sil
28.06922197341919,-1,0,0,10,-1,5,8,12,10,19,-3,3,5,12,sil
28.08482575416565,-13,-22,-27,-20,-20,-4,-6,7,9,11,-17,-9,-1,7,sil
28.08482575416565,-10,-12,-36,-15,-15,-10,-11,6,17,12,1,-1,14,2,sil
28.100016593933105,-1,3,-24,-17,-14,-23,-19,2,-2,-6,8,18,11,1,sil
28.100016593933105,5,9,-16,-23,-20,-17,-18,-2,-13,-17,3,13,0,-10,sil
28.115708112716675,25,37,0,8,-12,-8,-29,-13,-11,-28,21,27,9,-14,sil
28.115708112716675,25,33,17,9,-2,-9,-29,-6,-20,-38,6,24,0,-3,sil
0.0269989967346191,0,-12,9,-14,2,5,20,9,-4,0,-21,-22,-14,2,sil
0.0269989967346191,-1,-21,1,-4,9,9,40,14,22,28,-1,-21,5,14,sil
0.0428218841552734,1,-20,1,-5,8,-3,14,10,17,10,6,3,6,25,sil
0.0428218841552734,-5,-28,0,-20,5,1,13,4,11,8,-2,0,0,13,sil
0.0579831600189209,0,-16,1,-13,1,3,9,0,10,7,7,4,9,3,sil
0.0579831600189209,1,-14,-4,-12,-4,-5,-7,-2,1,-6,4,9,4,8,sil
0.0738332271575927,0,-12,-8,-6,0,-3,1,-6,-1,3,6,2,9,10,sil
0.0738332271575927,7,5,2,3,5,-8,0,-2,-6,2,13,6,15,4,sil
0.0893945693969726,9,14,12,10,0,-9,-14,0,-15,-21,5,0,1,-13,sil
0.0893945693969726,1,17,9,23,7,7,0,-7,-14,-20,-1,-14,-9,-24,sil
0.1048371791839599,-9,12,6,13,12,16,15,-5,-8,-8,-11,-15,-20,-13,sil
0.1048371791839599,-17,-3,-5,1,1,15,14,7,10,7,-14,-13,-13,-5,sil
0.1200423240661621,-4,-7,-7,4,0,4,0,9,17,9,0,-5,6,-5,sil
0.1351063251495361,9,12,9,10,8,-4,-4,-2,-1,-6,13,12,3,-8,sil
0.1351063251495361,0,26,9,22,10,11,2,-19,-15,-7,8,6,-12,-15,sil
0.150261640548706,-24,9,-3,19,2,27,3,-19,-24,3,-14,-21,-27,-13,sil
0.150261640548706,-26,-14,-11,-4,-5,16,8,-5,-17,10,-38,-37,-32,-5,sil
0.1653764247894287,-15,-21,-21,-32,-15,-16,-1,3,-1,1,-50,-29,-25,-2,sil
0.1653764247894287,-5,-12,-17,-34,-20,-27,-20,14,8,-3,-34,-5,-2,2,sil
0.1812965869903564,3,-14,-9,-18,-13,-9,-10,21,30,20,6,10,24,15,sil
0.1812965869903564,6,-22,-6,-27,-12,-12,-8,18,34,17,18,13,24,20,sil
0.1962552070617675,17,0,9,-16,-11,-26,-20,7,16,-3,22,26,27,16,sil
0.1962552070617675,32,32,29,26,3,-11,-15,0,2,-1,47,39,40,18,sil
0.2118949890136718,28,23,29,31,14,0,-3,1,-4,-4,49,36,29,20,sil
0.2118949890136718,10,5,11,15,13,0,2,0,-2,-6,30,24,10,4,sil
0.2278451919555664,-4,7,4,11,9,9,4,-10,-7,-6,5,0,-11,-15,sil
0.2278451919555664,-11,8,2,11,7,24,12,-17,-14,-10,-10,-19,-27,-23,sil
0.2431421279907226,-8,0,0,12,12,23,16,-16,-6,-1,-7,-11,-16,-13,sil
0.2431421279907226,-5,-5,4,10,14,15,11,-5,-1,12,-2,3,-6,2,sil
0.258338451385498,-8,-3,2,9,4,20,18,9,6,21,-9,-4,-5,6,sil
0.258338451385498,-3,-11,-18,-3,-5,8,19,19,18,20,-23,-17,-3,5,sil
0.273897647857666,7,-20,-25,-18,-6,-18,-3,20,18,11,-12,-4,11,10,sil
0.273897647857666,14,-11,-13,-18,-4,-27,-25,2,5,1,13,9,27,9,sil
0.2889859676361084,13,6,-5,-15,-5,-20,-22,-13,-23,-9,16,6,16,0,sil
0.2889859676361084,9,19,-2,-5,-4,-15,-4,-18,-41,-18,11,3,0,-13,sil
0.3042910099029541,0,21,8,2,-4,-15,0,-14,-32,-23,3,1,-5,-13,sil
0.3042910099029541,-14,10,11,1,-3,-5,0,-8,-15,-19,-18,-12,-16,-12,sil
0.3201737403869629,-25,0,-1,-2,2,7,4,-10,-7,-21,-29,-28,-27,-17,sil
0.3201737403869629,-17,3,0,4,0,10,2,-3,-2,-25,-25,-22,-26,-16,sil
0.3354048728942871,-1,1,14,15,-6,12,3,7,17,-1,-17,-4,-16,-3,sil
0.3354048728942871,4,-10,12,8,-7,13,14,13,26,21,-9,0,-9,13,sil
0.3510303497314453,0,-13,-3,-1,-6,10,19,11,12,16,-2,-5,-9,19,sil
0.3510303497314453,-5,-16,-21,-2,-5,9,15,6,4,14,-5,-6,-8,10,sil
0.3670520782470703,-3,-16,-15,-4,-3,4,7,3,4,14,-7,0,-1,9,sil
0.3670520782470703,8,-4,4,-8,2,-4,-3,5,11,11,6,18,19,17,sil
0.382289171218872,17,-1,5,-16,6,-12,-22,0,10,4,19,26,29,14,sil
0.3826320171356201,14,-6,-1,-16,3,-11,-29,-3,0,0,20,16,26,2,sil
0.3983020782470703,9,0,2,-8,2,-10,-19,3,-4,-6,23,17,25,0,sil
0.3983020782470703,7,10,11,-9,6,-14,-13,7,-4,-13,24,18,19,0,sil
0.4138112068176269,1,8,4,-3,6,-8,-12,-1,-4,-11,11,-5,5,-12,sil
0.4138112068176269,-8,13,3,21,7,2,0,-11,-11,-1,-2,-22,-7,-20,sil
0.4291524887084961,-14,18,11,39,10,13,15,-11,-12,2,-2,-13,-10,-13,sil
0.4291524887084961,-20,-1,-4,23,2,17,13,-11,-5,0,-5,-18,-17,-11,sil
0.4445960521697998,-26,-23,-22,-5,-8,14,2,-7,-3,0,-21,-26,-32,-15,sil
0.4445960521697998,-14,-10,-12,0,-1,13,16,5,14,24,-12,-4,-20,1,sil
0.4602611064910888,0,-4,-5,12,7,14,29,18,34,44,2,8,0,17,sil
0.4602611064910888,0,-16,-14,-5,1,7,12,18,24,21,0,0,3,7,sil
0.4758651256561279,4,-5,-9,-17,-4,-5,-2,14,7,-5,1,4,9,2,sil
0.4758651256561279,19,14,5,-6,-5,-17,-3,15,3,-10,8,22,22,7,sil
0.4909393787384033,18,13,5,-2,-2,-20,-13,6,0,-9,16,28,27,1,sil
0.4909393787384033,11,8,3,-13,0,-20,-21,-11,-3,-15,16,20,16,0,sil
0.5067076683044434,11,12,11,-15,-4,-17,-13,-20,-15,-25,6,6,3,3,sil
0.5067076683044434,9,14,17,1,-6,-9,-15,-23,-26,-30,4,0,0,-2,sil
0.5222234725952148,10,14,24,9,-2,-4,-16,-21,-30,-18,9,6,3,0,sil
0.5222234725952148,14,5,22,-4,0,1,4,-7,-23,-3,3,6,-3,9,sil
0.5379126071929932,3,-4,10,-7,-2,13,18,1,-14,-11,-14,-7,-19,0,sil
0.5531997680664062,-11,0,1,17,0,26,15,0,-2,-12,-27,-20,-27,-6,sil
0.5531997680664062,-23,1,-11,19,4,22,18,2,10,6,-28,-26,-27,-7,sil
0.5531997680664062,-25,-11,-20,-3,0,8,17,14,15,19,-22,-24,-21,-7,sil
0.5692358016967773,-6,-10,-9,3,0,11,15,18,25,25,-2,-10,2,7,sil
0.5851531028747559,4,-7,-6,6,0,5,8,6,16,20,-3,0,10,17,sil
0.5851531028747559,-4,-20,-18,-14,-11,-19,-12,-3,-3,8,-16,-1,-4,2,sil
0.5851531028747559,2,-16,-10,-7,-11,-28,-21,1,2,11,-1,1,4,-2,sil
0.6011440753936768,22,6,3,1,0,-22,-17,3,5,4,14,9,22,2,sil
0.6011440753936768,11,16,-1,-1,6,-18,-21,-16,-16,-18,11,0,5,-14,sil
0.6162018775939941,-11,9,-3,9,10,-3,-15,-22,-22,-18,2,-11,-24,-27,sil
0.6162018775939941,-19,2,6,20,11,18,15,4,5,7,-2,-10,-22,-9,sil
0.6312510967254639,-12,-5,0,9,9,25,23,22,30,21,2,-4,7,7,sil
0.646425724029541,0,-13,-9,-7,4,10,-3,9,9,3,8,9,21,4,sil
0.646425724029541,13,1,2,-9,4,0,-13,-5,-18,-14,19,25,20,-2,sil
0.6621520519256592,3,15,9,-1,5,0,-5,-15,-24,-24,18,10,8,-6,sil
0.6621520519256592,-20,2,3,2,2,8,0,-17,-17,-25,-3,-13,-12,-5,sil
0.6772768497467041,-22,-5,2,7,5,27,18,-4,4,9,-10,-11,-13,4,sil
0.6772768497467041,0,2,7,6,4,30,32,15,34,45,5,5,5,22,sil
0.6929857730865479,13,-1,-1,-7,-7,4,16,17,35,33,13,12,21,25,sil
0.6929857730865479,5,-17,-16,-30,-20,-27,-14,6,6,-1,-3,11,13,10,sil
0.7081091403961182,2,-18,-14,-41,-22,-33,-27,8,-4,-12,-10,11,0,0,sil
0.7081091403961182,10,-9,-8,-31,-18,-29,-20,11,4,1,10,15,11,2,sil
0.7232778072357178,17,-5,0,-16,-19,-30,-15,5,-7,-7,16,15,15,1,sil
0.7232778072357178,23,9,14,5,-7,-17,-10,3,-12,-29,10,17,9,-3,sil
0.7388095855712891,31,35,31,30,14,-1,-1,3,1,-16,21,24,17,1,sil
0.7388095855712891,20,36,30,33,17,3,0,-6,-1,3,13,11,8,7,sil
0.7548723220825195,0,12,10,25,8,9,4,-17,-11,-1,-16,-19,-20,-6,sil
0.7548723220825195,-11,0,0,18,8,10,12,-17,-15,-13,-25,-29,-33,-16,sil
0.770963191986084,-17,1,0,20,13,14,16,-17,-15,-6,-16,-24,-28,-12,sil
0.770963191986084,-24,-5,-7,14,15,22,17,-14,-8,-1,-19,-33,-30,-15,sil
0.7862374782562256,-23,-11,-18,0,2,13,12,-5,-5,-7,-23,-35,-29,-17,sil
0.7862374782562256,-22,-16,-17,-5,-10,4,5,-4,-4,2,-21,-27,-19,-10,sil
0.8018550872802734,-27,-33,-18,-12,-8,13,2,-4,-2,12,-32,-28,-25,-7,sil
0.8018550872802734,-18,-26,-14,-14,0,11,8,8,10,8,-22,-14,-13,0,sil
0.8169803619384766,0,-2,-7,-5,-5,-7,3,21,23,8,2,6,19,12,sil
0.8169803619384766,0,0,-4,-14,-9,-11,-3,20,16,8,0,5,22,11,sil
0.8321588039398193,-6,-4,-8,-21,0,-2,0,10,7,9,0,9,13,2,sil
0.8321588039398193,7,3,-2,-12,1,-9,-5,5,8,11,25,30,25,4,sil
0.8475604057312012,28,16,16,0,0,-8,-18,6,8,13,47,37,39,12,sil
0.8475604057312012,35,27,21,15,6,-1,-21,-6,-8,0,45,30,31,8,sil
0.863156795501709,30,30,20,22,4,-7,-23,-17,-25,-18,27,27,9,0,sil
0.863156795501709,22,30,26,25,5,-7,-14,-8,-8,-6,24,24,10,4,sil
0.8792486190795898,4,20,21,21,12,7,1,1,1,3,15,12,8,4,sil
0.8792486190795898,-9,-1,-2,6,2,16,10,3,-3,0,-13,-8,-14,0,sil
0.8949093818664551,-7,-15,-11,-1,-6,15,22,7,14,11,-27,-18,-17,8,hello
0.8949093818664551,-11,-17,-6,-11,-9,11,30,8,20,17,-23,-16,-10,10,hello
0.9109623432159424,-23,-26,-19,-28,-15,3,25,1,0,7,-21,-19,-17,-8,hello
0.9109623432159424,-14,-29,-22,-27,-10,-10,10,0,0,-2,-17,-14,-13,-8,hello
0.9262650012969972,2,-14,-2,-11,0,-20,-10,1,10,-13,-4,4,9,7,hello
0.9262650012969972,0,-7,-7,-16,-1,-20,-26,-6,-1,-17,3,7,9,1,hello
0.942049503326416,0,-2,-21,-23,-1,-17,-22,-7,-11,-18,3,0,-1,-3,hello
0.942049503326416,15,11,-2,0,8,-8,-7,3,0,-12,19,11,16,3,hello
0.9571795463562012,11,11,7,11,4,-9,-10,0,-6,-17,19,10,14,-8,hello
0.9571795463562012,-10,1,0,-5,-8,-13,-19,-18,-36,-33,-18,-19,-28,-30,hello
0.972813367843628,-10,8,6,2,0,0,-7,-16,-33,-25,-23,-23,-32,-19,hello
0.972813367843628,5,18,23,22,14,6,0,-3,-11,0,9,3,-3,3,hello
0.9878873825073242,4,19,30,34,10,3,1,-1,-2,12,17,4,1,3,hello
0.9878873825073242,-6,10,22,39,0,12,4,-3,0,11,1,-7,-5,-7,hello
1.00325345993042,-10,1,8,26,0,29,13,1,9,21,-3,-2,-7,-1,hello
1.00325345993042,-7,-4,-1,11,8,29,24,6,24,45,-2,0,-3,11,hello
1.0189239978790283,-7,-22,-11,-8,0,15,17,9,16,30,-10,-11,-7,14,hello
1.0189239978790283,-8,-32,-25,-31,-19,7,3,11,1,0,-13,-13,-8,4,hello
1.0341615676879885,-3,-16,-25,-30,-12,1,5,13,11,9,-5,-1,6,0,hello
1.0341615676879885,6,1,-7,-10,2,-7,12,24,32,20,9,16,30,8,hello
1.0498263835906982,17,0,1,-1,0,-10,6,27,37,8,27,25,45,17,hello
1.0650625228881836,16,-4,-1,-13,-7,-5,-8,10,19,0,15,15,28,11,hello
1.0650625228881836,5,1,-3,-9,-1,0,-11,-11,0,-3,-7,4,1,-5,hello
1.0802185535430908,6,13,-1,5,6,-6,-6,-21,-8,-14,-8,3,-2,-11,hello
1.0802185535430908,9,15,0,-1,4,-16,-13,-21,-24,-30,-14,2,-4,-9,hello
1.0962367057800293,-8,2,-1,-7,6,-6,-6,-18,-37,-33,-26,-13,-19,-19,hello
1.0962367057800293,-18,0,2,5,8,5,9,-8,-31,-22,-16,-20,-28,-23,hello
1.112048625946045,-2,19,21,25,8,6,11,0,-15,-6,1,-1,-22,-11,hello
1.112048625946045,-4,21,22,31,12,11,2,-3,-8,-1,-1,3,-17,-5,hello
1.127213716506958,-20,0,3,9,2,11,2,0,0,5,-9,-11,-13,4,hello
1.127213716506958,-11,-15,-11,-6,-7,4,7,8,25,24,0,-13,0,20,hello
1.142869472503662,0,-16,-15,-12,-5,-2,-3,7,22,18,1,-3,1,18,hello
1.142869472503662,-3,-14,-15,-18,-7,-4,-14,-1,-2,-3,0,0,0,6,hello
1.1578941345214844,1,-8,-13,-12,-10,-12,-12,-6,-3,-3,15,9,17,7,hello
1.1578941345214844,15,-4,-6,-11,-2,-24,-11,3,5,0,37,20,36,13,hello
1.1738903522491455,26,-5,-7,-21,1,-26,-17,10,2,0,43,24,43,8,hello
1.1738903522491455,24,0,-3,-18,-5,-24,-22,0,-5,-6,29,19,23,0,hello
1.1899166107177734,7,15,19,4,-8,-15,-9,-2,-3,-8,13,6,-4,0,hello
1.1899166107177734,0,16,27,19,-2,0,5,5,0,0,5,0,-12,2,hello
1.205995798110962,1,5,15,13,-1,7,1,0,-11,-5,-4,1,-17,-4,hello
1.205995798110962,-4,11,11,17,2,13,3,-13,-20,-12,-6,0,-15,-18,hello
1.2212281227111816,-8,19,13,23,12,26,16,-12,-16,-2,-16,-10,-11,-16,hello
1.2212281227111816,5,12,15,22,16,29,21,-4,-6,12,-25,-6,-11,0,hello
1.2365248203277588,8,2,13,19,9,20,25,3,10,26,-12,0,-3,12,hello
1.2365248203277588,-11,-13,-2,-1,-4,13,21,9,16,15,-22,-15,-9,4,hello
1.2523539066314695,-23,-21,-22,-15,-8,8,7,7,19,2,-35,-24,-15,-6,hello
1.2523539066314695,-15,-21,-24,-12,-1,0,-2,6,26,11,-17,-14,-2,-2,hello
1.2678887844085691,-16,-23,-19,-19,-9,-6,-3,10,26,10,-16,-14,2,0,hello
1.2678887844085691,-10,-17,-23,-18,-14,-12,-7,8,18,-9,-18,-9,2,-12,hello
1.2831416130065918,7,0,-11,-10,0,-16,-17,5,0,-24,8,15,13,-15,hello
1.2831416130065918,7,10,4,-9,11,-3,-11,2,-18,-15,21,9,13,-6,hello
1.2989027500152588,-3,6,1,-8,8,6,-1,-2,-12,-3,10,-6,6,-2,hello
1.2989027500152588,6,10,6,10,9,5,1,-2,-3,0,23,17,14,5,hello
1.3143694400787354,15,22,24,26,15,2,0,-7,-11,0,37,31,16,13,hello
1.3143694400787354,0,14,14,8,5,0,-4,-14,-22,-2,9,2,-7,4,hello
1.3299551010131836,-8,-5,-3,0,-6,0,1,-11,-15,4,-10,-11,-19,-2,hello
1.3299551010131836,-2,-7,-1,19,-8,1,15,-8,-5,13,-5,-3,-12,4,hello
1.3452997207641602,-1,1,0,15,-8,-1,18,0,1,4,-5,-2,-9,8,hello
1.3452997207641602,0,-9,-12,-9,-4,-3,14,10,17,11,-12,-4,-2,4,hello
1.361436367034912,2,-25,-20,-25,-6,-7,0,12,17,13,-22,-7,-3,3,hello
1.361436367034912,7,-16,-13,-18,-12,-9,-11,8,3,-11,-16,-6,-8,2,hello
1.377079725265503,11,0,-2,-11,-4,-2,-12,4,0,-20,10,6,7,0,hello
1.377079725265503,8,0,-1,-21,-2,-8,-18,3,0,-9,23,17,24,-1,hello
1.3920960426330566,4,3,-2,-15,-7,-25,-19,1,-1,-3,27,14,20,-1,sil
1.3920960426330566,12,21,13,10,1,-18,-13,-3,-1,-6,35,18,12,2,sil
1.4075582027435305,11,30,28,20,15,1,-7,-9,0,-5,31,16,14,0,sil
1.4075582027435305,-2,16,23,14,17,7,-4,-10,-2,-2,9,4,4,-6,sil
1.422816276550293,-1,7,26,18,9,10,1,-5,-5,4,-3,3,-7,-3,sil
1.422816276550293,0,14,29,30,8,20,6,-4,-2,14,-1,0,0,0,sil
1.43794846534729,-19,5,6,14,3,11,2,-10,-12,0,-18,-23,-10,-5,sil
1.43794846534729,-29,-14,-15,-9,-8,0,2,-12,-20,-12,-37,-35,-30,-10,sil
1.4536051750183103,-15,-21,-26,-20,-13,2,2,-12,-4,-1,-29,-26,-25,-10,sil
1.4536051750183103,-12,-18,-30,-25,-7,4,1,-8,0,-2,-34,-21,-24,-4,sil
1.4692463874816897,-20,-17,-32,-16,-2,8,19,3,-4,-3,-42,-31,-29,0,sil
1.4692463874816897,-22,-17,-25,-8,-9,11,34,19,8,11,-29,-34,-23,2,sil
1.4849200248718262,-5,-16,-16,-13,-12,7,21,29,22,19,-17,-16,-6,6,sil
1.4849200248718262,16,-9,-13,-8,0,-3,8,30,24,15,-4,9,19,13,sil
1.5009534358978271,18,0,-8,-6,7,-9,1,24,25,9,18,24,31,15,sil
1.5009534358978271,22,7,3,1,9,-4,-4,16,33,14,38,32,33,14,sil
1.516791820526123,34,17,14,15,13,-6,-18,5,24,13,36,40,37,11,sil
1.516791820526123,27,20,19,16,7,-14,-33,-8,-6,-9,26,37,27,0,sil
1.5320427417755127,11,12,16,8,2,-10,-24,-21,-21,-25,21,23,9,-9,sil
1.532423496246338,3,8,13,7,8,1,1,-20,-17,-20,13,9,-4,-12,sil
1.5475378036499023,-7,8,11,10,9,10,10,-16,-17,-16,1,0,-7,-17,sil
1.5475378036499023,-13,2,14,10,-2,4,-1,-16,-27,-22,-1,2,-7,-12,sil
1.5631599426269531,1,11,33,22,-6,-4,-3,-7,-24,-9,14,14,0,2,sil
1.5631599426269531,9,24,32,33,2,-1,0,-1,-13,7,18,4,3,0,sil
1.5782606601715088,-6,12,7,15,0,2,-6,-1,-15,-2,-8,-21,-8,-11,sil
1.5782606601715088,-15,0,-2,1,-9,9,3,0,-3,0,-15,-20,-10,-2,sil
1.593482255935669,-7,-1,1,3,-9,12,13,-5,8,16,-1,-1,-7,6,sil
1.609501838684082,-1,-5,3,3,-4,6,1,-8,0,13,2,3,-12,9,sil
1.609501838684082,0,-13,-2,1,0,3,0,4,11,13,8,0,0,18,sil
1.609501838684082,-4,-19,-10,-12,-11,0,1,13,27,14,9,0,10,15,sil
1.6248314380645752,-3,-18,-14,-26,-13,-8,2,7,14,10,4,0,4,3,sil
1.6401512622833252,2,-13,-13,-22,0,-10,7,6,3,4,7,1,0,5,sil
1.6401512622833252,2,-10,-13,-26,0,-7,10,15,11,-6,9,5,5,9,sil
1.6562318801879885,2,-9,-15,-27,0,0,12,20,24,-2,4,4,14,3,sil
1.6562318801879885,5,-15,-20,-38,5,0,4,18,12,7,-21,-8,4,0,sil
1.6710584163665771,-3,-24,-32,-52,0,-8,-8,3,-7,0,-34,-19,-9,-5,sil
1.6710584163665771,-9,-14,-32,-34,-2,-11,-8,-10,-7,-9,-15,-18,-3,-11,sil
1.686476707458496,-3,3,-14,-2,5,-7,-4,-10,-4,-11,-21,-21,-10,-16,sil
1.686476707458496,-4,18,-4,9,10,-5,-9,-8,-9,-12,-32,-23,-19,-20,sil
1.7022604942321775,-6,24,-3,14,10,-2,-13,-13,-13,-11,-15,-12,-14,-16,sil
1.7022604942321775,-5,14,2,26,7,10,-2,-19,-17,-9,-15,-16,-21,-15,sil
1.7178096771240234,-7,-1,1,28,2,21,8,-19,-20,-7,-38,-33,-34,-14,sil
1.7178096771240234,-7,-6,-3,15,1,11,1,-7,-10,1,-31,-23,-19,0,sil
1.7337961196899414,-11,-4,-9,5,3,-3,-12,-6,-1,7,-5,0,2,0,sil
1.7337961196899414,-13,-1,0,1,-3,-14,-23,-16,-20,-12,0,8,0,-20,sil
1.7498362064361572,3,19,34,23,-4,-5,-10,-4,-21,-23,8,19,-1,-13,sil
1.7498362064361572,20,32,58,55,1,11,15,22,17,9,23,26,8,14,sil
1.7652699947357178,9,9,39,39,-4,18,26,36,38,38,21,20,11,28,sil
1.7652699947357178,-2,-15,9,-1,-12,14,18,30,33,29,14,17,22,22,sil
1.7814199924468994,0,-15,0,-14,-11,0,-4,14,23,-3,22,25,31,13,sil
1.7814199924468994,19,12,12,4,-2,-4,-9,3,17,-16,47,40,32,18,sil
1.7968504428863523,30,32,25,22,11,0,11,6,15,8,68,55,37,25,sil
1.7968504428863523,21,19,16,7,13,-4,7,7,0,9,49,42,29,12,sil
1.8129074573516848,12,4,0,-6,3,-16,-10,-9,-17,-8,20,8,11,-3,sil
1.8129074573516848,11,8,1,-6,2,-14,-7,-20,-23,-5,13,0,3,0,sil
1.8289449214935305,4,10,7,-3,7,0,-2,-12,-20,4,14,8,3,9,sil
1.8289449214935305,5,7,6,0,6,10,-3,-8,-8,4,13,5,7,14,sil
1.8440964221954343,11,0,4,1,0,2,0,-9,1,3,0,-7,1,12,sil
1.8440964221954343,-1,-16,-10,-13,-9,-2,4,-6,5,6,-24,-23,-14,-7,sil
1.860203742980957,-24,-31,-30,-30,-12,2,8,-2,3,0,-41,-33,-33,-22,sil
1.860203742980957,-30,-35,-36,-32,-5,3,10,-5,0,-8,-43,-39,-41,-21,sil
1.875821828842163,-30,-35,-41,-29,0,0,0,-17,-7,-4,-40,-46,-34,-32,sil
1.875821828842163,-30,-31,-38,-28,-1,1,-8,-12,-15,-1,-37,-42,-28,-35,sil
1.890974760055542,-22,-16,-19,-11,0,6,6,12,-2,4,-23,-27,-16,-9,sil
1.890974760055542,-14,-12,-13,-4,-9,-2,12,21,9,2,-17,-19,-5,5,sil
1.906843662261963,-5,-16,-11,-15,-26,-18,-6,12,0,-10,-19,-10,0,4,sil
1.906843662261963,15,-1,0,-1,-13,-13,-11,10,3,-3,-5,13,17,17,sil
1.9221432209014893,31,20,14,15,7,-3,-5,8,10,5,10,34,26,24,sil
1.9221432209014893,25,16,16,3,9,-1,-9,-1,-1,0,16,34,20,9,sil
1.93807339668274,13,0,6,-10,2,-9,-18,-11,-16,-18,8,26,10,-2,sil
1.93807339668274,3,9,0,-8,2,-12,-17,-12,-22,-37,-4,14,-4,-12,sil
1.953546524047852,0,36,6,17,11,1,-2,-5,-15,-23,8,3,-11,-22,sil
1.953546524047852,0,37,13,33,16,13,9,8,-1,0,19,0,-10,-10,sil
1.96909499168396,-6,18,12,29,10,14,15,14,8,4,7,-7,-2,4,sil
1.96909499168396,-12,8,6,20,5,20,19,6,16,8,-4,-20,-2,0,sil
1.9847297668457031,-10,12,9,21,7,26,21,3,19,21,-17,-26,-14,-5,sil
1.9847297668457031,-17,8,13,27,13,23,20,3,16,31,-18,-21,-11,-3,sil
2.0072944164276123,-24,-12,-2,6,6,17,8,0,10,26,-2,-13,0,2,sil
2.0072944164276123,-2,-19,-9,-14,-4,11,5,4,24,23,16,5,13,23,sil
2.0072944164276123,26,0,13,0,-3,0,4,9,32,24,26,33,36,41,sil
2.0168099403381348,22,5,23,10,-5,-18,-12,-1,10,8,26,36,23,28,sil
2.032023429870605,7,-12,0,-1,-10,-26,-17,-5,2,2,16,14,0,5,sil
2.032023429870605,4,-22,-15,-14,-8,-23,-12,6,8,8,6,8,12,0,sil
2.0479941368103027,1,-14,-8,-21,-8,-21,-17,1,-2,-2,9,10,21,-6,sil
2.0479941368103027,0,-5,-6,-19,-14,-28,-23,-18,-18,-23,10,-1,-3,-18,sil
2.062737941741944,8,2,3,-11,-15,-26,-20,-21,-32,-31,-7,-6,-20,-22,sil
2.062737941741944,10,6,11,-4,-2,-3,-12,-14,-34,-24,-11,2,-3,-17,sil
2.0781805515289307,2,7,5,-1,10,0,-7,-15,-29,-22,-1,3,2,-11,sil
2.0781805515289307,2,16,8,8,6,-4,-1,-17,-32,-28,3,0,-7,-9,sil
2.0941312313079834,5,19,17,20,0,13,2,-19,-35,-25,4,0,-12,-3,sil
2.0941312313079834,-2,0,7,10,5,31,10,-13,-25,-13,-5,-7,-17,5,sil
2.1094932556152344,-18,-22,-16,-1,3,30,26,0,0,4,-22,-21,-27,0,sil
2.1094932556152344,-25,-35,-33,-23,-7,15,28,19,18,8,-42,-33,-36,-11,sil
2.1247875690460205,-16,-36,-35,-46,-8,0,16,37,29,10,-32,-21,-10,0,sil
2.1247875690460205,-1,-16,-28,-35,0,-9,8,42,43,27,12,12,35,18,sil
2.1414334774017334,8,8,-10,-11,-3,-9,1,25,31,21,28,26,42,15,sil
2.1414334774017334,15,26,15,10,4,-2,0,13,12,7,24,16,36,12,sil
2.15700626373291,15,31,28,31,20,4,2,13,13,16,32,19,37,21,sil
2.15700626373291,4,22,17,31,13,7,1,1,10,22,22,17,13,12,sil
2.1721901893615723,-2,13,6,21,3,11,3,-18,-2,14,6,-2,-11,-6,sil
2.1721901893615723,-3,4,6,18,3,16,7,-24,-12,-2,-11,-19,-25,-10,sil
2.187838554382324,-12,-6,-2,19,3,16,15,-23,-16,-12,-44,-29,-45,-9,sil
2.187838554382324,-16,-14,-17,6,0,3,3,-13,-17,-11,-49,-29,-47,-14,sil
2.202889204025269,-6,-9,-9,-9,-10,-17,-21,11,-3,-8,-7,-8,-13,-11,sil
2.202889204025269,-1,-6,-6,-11,-11,-18,-19,17,23,3,10,0,14,0,sil
2.218585968017578,-2,-13,-16,-17,1,-12,-12,2,20,7,-8,-7,9,0,sil
2.218585968017578,7,-5,-9,-22,0,-21,-26,-3,-6,-10,2,6,9,-7,sil
2.233879327774048,17,14,14,-7,-11,-22,-28,-4,-11,-23,30,29,21,1,sil
2.233879327774048,13,26,34,17,-1,5,-1,-3,2,-6,26,23,16,18,sil
2.2497808933258057,6,16,29,25,17,21,13,-5,4,13,6,6,3,13,sil
2.2497808933258057,1,-7,9,-3,3,5,5,-6,-6,6,-11,2,-3,7,sil
2.264891624450684,3,-12,-1,-21,-17,0,4,0,-1,5,-8,9,7,18,sil
2.264891624450684,17,6,2,-11,-12,-4,0,0,0,-1,11,23,22,17,sil
2.281047105789185,17,14,11,-4,-3,-16,-19,-19,-31,-36,11,13,2,-10,sil
2.281047105789185,-14,-2,3,-1,-3,-9,-15,-30,-44,-38,-12,-20,-32,-39,sil
2.2961947917938232,-38,-18,-14,-1,-6,4,8,-14,-21,-2,-32,-39,-39,-38,sil
2.2961947917938232,-29,-17,-16,2,-2,13,24,11,7,22,-23,-30,-22,-21,sil
2.311333179473877,-14,-10,-9,19,14,24,33,25,35,35,-2,-21,-3,-4,sil
2.311333179473877,-7,-7,-9,14,20,22,32,28,46,40,2,-10,9,13,sil
2.3269405364990234,-3,-6,-20,-6,7,2,13,25,32,23,0,-3,17,16,sil
2.3269405364990234,-3,-13,-30,-19,-4,-15,-13,14,5,-10,0,0,8,-1,sil
2.342457056045532,4,-6,-14,-11,-2,-21,-26,-1,-11,-20,20,16,13,-1,sil
2.342457056045532,21,19,12,9,4,-18,-27,-18,-20,-14,42,37,26,10,sil
2.3580141067504883,21,27,25,17,5,-8,-23,-19,-28,-23,26,27,6,2,sil
2.3580141067504883,12,16,23,18,6,7,0,-8,-17,-14,8,9,-12,-5,sil
2.3732247352600098,7,16,23,26,10,18,20,-1,-5,7,8,4,-9,0,sil
2.389129400253296,0,3,13,11,2,24,28,3,1,10,0,-2,-2,7,sil
2.389129400253296,-2,-26,-9,-38,-15,21,35,12,17,11,-13,-9,2,17,sil
2.389129400253296,0,-30,-17,-59,-22,8,27,16,24,13,-15,-6,2,27,sil
2.404385089874268,0,-1,-12,-3,-5,0,4,6,20,14,-7,-2,5,17,sil
2.420009136199951,3,13,-8,28,6,-3,-15,0,13,8,-10,0,3,9,sil
2.420009136199951,14,13,-1,11,0,-14,-21,4,10,2,-9,4,2,17,sil
2.4360873699188232,17,5,1,-1,-5,-21,-19,6,16,3,3,13,15,14,sil
2.4360873699188232,11,0,0,-7,-5,-17,-23,-3,0,-9,1,14,11,-4,sil
2.4520487785339355,5,6,7,-1,1,-8,-21,-18,-25,-19,-4,0,-11,-21,sil
2.4520487785339355,-3,9,9,8,6,-1,-16,-23,-28,-18,-2,-11,-20,-25,sil
2.4520487785339355,-20,2,-1,-8,0,-3,-14,-19,-23,-28,-2,-11,-14,-28,sil
2.468149185180664,-23,2,-5,-13,0,-8,-13,-21,-29,-33,2,-9,-6,-34,sil
2.468149185180664,-13,9,11,5,2,-8,-10,-16,-31,-19,6,-11,-7,-29,sil
2.4838125705718994,-8,11,19,19,3,9,8,0,-8,7,-4,-11,-8,-11,sil
2.499265432357788,-10,0,8,16,6,24,30,11,17,29,-14,-11,-3,2,sil
2.499265432357788,-8,-11,4,6,6,21,33,20,25,31,-6,-7,2,13,sil
2.515287637710572,-13,-13,-1,0,3,14,24,20,24,30,-1,-2,0,11,sil
2.515287637710572,-21,-21,-12,-7,-3,4,11,9,12,20,-18,-8,-15,0,sil
2.5313713550567627,-11,-30,-14,-9,-11,-4,4,2,3,3,-25,-15,-18,0,sil
2.5313713550567627,-1,-23,-12,-12,-10,-10,-1,0,-1,-12,-13,-6,-8,7,sil
2.5313713550567627,0,-6,-8,-11,-5,-8,-10,0,-4,-10,3,10,0,11,sil
2.5465011596679688,14,2,-3,2,1,-5,-6,10,8,10,22,19,18,10,sil
2.5616533756256104,21,1,-7,0,1,-3,0,16,16,9,14,14,22,8,sil
2.5616533756256104,10,-1,-13,-4,-7,2,3,12,15,1,1,6,16,10,sil
2.577216386795044,13,0,-8,1,-1,0,-2,8,15,7,11,10,26,16,sil
2.577216386795044,21,4,0,-2,6,-12,-15,3,-2,1,17,15,28,14,sil
2.592946052551269,18,7,10,-1,0,-13,-16,-9,-15,-15,19,15,16,7,sil
2.592946052551269,16,15,18,10,-3,-6,-11,-12,-13,-24,25,13,5,3,sil
2.608978509902954,16,25,12,12,8,-2,-4,-8,-12,-22,23,10,1,-6,sil
2.608978509902954,17,30,9,6,15,3,-2,-8,-10,-10,16,10,0,-7,sil
2.624135971069336,15,25,15,3,11,2,-7,-9,-10,-4,11,10,-2,-3,sil
2.624135971069336,0,16,11,9,9,0,-1,-11,-14,-4,7,0,-7,-10,sil
2.640248537063598,-14,2,1,5,4,11,9,-11,-11,-1,-4,-10,-15,-14,sil
2.640248537063598,-19,-8,-2,-9,-2,20,13,-10,2,8,-18,-20,-20,-15,sil
2.655838251113892,-27,-17,-11,-14,-8,15,12,-12,5,7,-24,-32,-20,-22,sil
2.655838251113892,-33,-12,-3,-2,-7,8,11,-7,-4,-6,-23,-29,-20,-13,sil
2.670917272567749,-23,-1,6,11,4,12,16,0,2,0,-19,-14,-13,0,sil
2.670917272567749,-12,-8,0,8,6,15,18,2,15,18,-21,-10,-10,0,sil
2.68626070022583,-13,-19,-9,-5,-8,12,18,16,16,21,-22,-7,-10,2,sil
2.68626070022583,-15,-18,-13,-13,-19,-2,9,19,5,5,-19,-4,-9,6,sil
2.701956987380981,-13,-18,-17,-20,-14,-23,-10,3,-8,-12,-27,-11,-16,2,sil
2.701956987380981,-5,-13,-14,-11,-4,-21,-13,3,0,-1,-26,-9,-7,2,sil
2.716886281967163,3,-5,-9,-1,0,-12,-7,19,16,15,-13,4,11,11,sil
2.716886281967163,10,-2,-7,-4,0,-13,-14,19,12,7,0,12,21,12,sil
2.732907295227051,20,3,-2,-4,-1,-14,-16,5,6,-3,22,18,33,8,sil
2.732907295227051,29,11,11,1,-1,-12,-13,2,0,-5,43,31,38,15,sil
2.748433828353882,30,13,19,8,5,-13,-11,0,-6,1,42,32,30,16,sil
2.748433828353882,24,12,14,7,9,-13,-14,-10,-11,1,36,18,18,0,sil
2.763965845108032,22,16,19,11,7,-5,-19,-11,-10,-1,38,16,14,-8,sil
2.763965845108032,20,18,30,26,9,4,-16,-6,-2,5,34,16,8,-2,sil
2.7799763679504395,1,7,19,20,4,4,-5,-8,-7,0,8,0,-12,0,sil
2.7799763679504395,-17,1,-1,11,-3,8,8,-16,-13,-6,-15,-22,-29,-8,sil
2.7958335876464844,-21,2,-10,11,-3,22,17,-12,-5,0,-24,-32,-30,-9,sil
2.7958335876464844,-21,-7,-16,-7,0,23,22,7,7,1,-25,-24,-22,-1,sil
2.812142848968506,-11,-10,-18,-20,7,8,15,24,23,4,-3,6,8,11,sil
2.812142848968506,10,6,1,-9,9,-3,-2,10,16,6,19,30,29,18,sil
2.8281126022338867,12,14,10,-4,3,0,-7,-19,-15,-16,6,14,8,0,sil
2.8281126022338867,-15,-2,-13,-15,-3,2,4,-25,-33,-37,-29,-20,-26,-26,sil
2.843280553817749,-31,-19,-25,-18,-10,7,20,-3,-11,-18,-40,-37,-35,-26,sil
2.843280553817749,-18,-23,-15,-11,-10,9,23,9,18,9,-25,-25,-18,-11,sil
2.858849048614502,2,-19,-11,-16,-7,-4,7,12,18,0,-11,0,-4,-1,sil
2.858849048614502,15,-1,-3,-11,-5,-13,0,11,3,-17,7,16,8,-1,sil
2.8739802837371826,6,4,8,2,2,-3,0,-2,-6,-17,11,8,9,-5,sil
2.8739802837371826,-11,-1,9,8,7,8,1,-12,-10,-4,-5,-6,-3,-11,sil
2.89005184173584,-10,0,2,18,6,15,14,-2,2,21,-1,-10,-1,-7,sil
2.89005184173584,2,10,8,24,5,16,17,4,11,32,9,-5,5,12,sil
2.904881238937378,7,14,17,27,5,14,6,5,8,31,4,0,4,29,sil
2.904881238937378,1,0,0,14,1,0,-1,3,8,33,-3,-2,6,20,sil
2.920975923538208,-8,-20,-18,-17,-10,-15,-10,3,8,19,-8,-7,4,7,sil
2.920975923538208,-5,-13,-6,-19,-14,-6,-14,10,19,7,-1,0,7,10,sil
2.937007188796997,3,-2,2,-11,-9,-9,-21,11,14,-2,-4,8,5,12,sil
2.937007188796997,8,-14,-4,-21,-8,-40,-37,-6,-19,-25,-10,10,-10,-2,sil
2.952314615249634,21,-3,5,-9,-1,-41,-36,-14,-32,-27,14,21,-2,-10,sil
2.952314615249634,33,30,29,11,5,-12,-18,1,-15,-8,41,34,24,0,sil
2.9682867527008057,21,34,15,12,7,-2,-10,4,-2,-7,31,23,24,-2,sil
2.9682867527008057,4,21,-3,12,8,-7,-14,-4,-4,-16,16,15,9,-9,sil
2.9838716983795166,4,25,11,27,19,1,0,-3,-2,-3,22,18,13,-2,sil
2.9838716983795166,0,19,16,32,19,12,15,-8,0,4,16,0,7,0,sil
2.9999616146087646,-15,5,0,15,-1,19,18,-13,-5,-7,-14,-24,-16,-9,sil
2.9999616146087646,-19,0,-5,8,-7,28,26,-1,-2,0,-19,-18,-15,-9,sil
3.015296697616577,-8,-8,-2,7,1,22,29,4,3,14,-3,-10,-7,2,sil
3.015296697616577,-6,-16,-5,-7,0,11,18,-1,3,10,-11,-18,-16,8,sil
3.031282424926758,-14,-19,-11,-18,0,16,15,0,5,11,-28,-23,-18,0,sil
3.031282424926758,-15,-24,-14,-20,0,17,21,10,4,9,-29,-19,-20,-4,sil
3.047270059585572,-14,-25,-21,-24,-10,-1,13,0,3,-5,-24,-16,-21,0,sil
3.047270059585572,-12,-26,-24,-36,-20,-25,-18,-4,0,-17,-18,-8,-10,2,sil
3.0621066093444824,-2,-22,-16,-38,-14,-20,-28,10,2,-7,0,6,11,6,sil
3.0621066093444824,4,-12,-10,-25,-8,1,0,18,17,16,11,10,25,13,sil
3.077132225036621,0,-11,-12,-19,-14,0,0,7,11,6,-2,2,6,0,sil
3.077132225036621,0,-4,-5,-10,-8,-9,-19,-2,-4,-15,-3,4,-2,-16,sil
3.0928378105163574,11,19,10,2,6,-12,-18,-15,-16,-18,14,15,3,-12,sil
3.0928378105163574,21,36,27,21,11,-15,-9,-20,-27,-18,18,12,-2,-9,sil
3.1089560985565186,16,35,30,39,18,0,1,-6,-15,-14,17,4,-5,-11,sil
3.1089560985565186,3,27,26,28,23,21,15,5,2,1,16,1,0,2,sil
3.124828100204468,-2,16,19,26,19,22,21,0,11,23,10,0,5,14,sil
3.124828100204468,-5,2,9,37,11,15,18,1,18,32,0,-3,5,10,sil
3.1403157711029053,-3,-7,2,17,-4,7,5,16,23,25,0,0,9,13,sil
3.1403157711029053,6,-12,-5,0,-13,-10,-4,14,21,21,8,8,20,14,sil
3.1563494205474854,8,-15,-15,-4,-5,-19,-7,0,9,7,4,8,20,4,sil
3.1563494205474854,-1,-10,-18,-17,0,-11,-10,-3,-5,-17,-6,3,6,-10,sil
3.1721224784851074,-4,-1,-8,-20,0,-13,-20,-11,-21,-39,-9,0,-8,-25,sil
3.1721224784851074,-4,1,3,-7,0,-14,-17,-19,-25,-40,-9,-3,-18,-26,sil
3.187063694000244,-2,11,7,5,0,3,-2,-11,-8,-11,-3,-7,-11,-9,sil
3.187063694000244,1,20,11,11,2,21,2,3,0,14,0,0,-8,2,sil
3.2030725479125977,1,8,14,13,1,26,9,7,-1,28,-2,0,-4,9,sil
3.2030725479125977,1,-11,4,3,-8,14,20,7,11,35,0,2,13,28,sil
3.2186899185180664,7,-13,-3,-8,-10,-2,10,11,20,25,0,8,15,37,sil
3.2186899185180664,5,-8,-7,-7,2,-1,0,11,13,9,-8,0,0,17,sil
3.234344482421875,0,-10,-11,-11,0,-2,2,6,0,-6,-14,-14,-5,0,sil
3.234344482421875,1,-4,-12,-19,-7,-15,-2,-1,-13,-26,1,-2,1,-5,sil
3.25028133392334,0,-2,-19,-20,-4,-18,-17,-16,-26,-33,14,5,-1,-16,sil
3.25028133392334,-9,-13,-25,-26,-8,-19,-23,-16,-30,-28,-3,-2,-13,-23,sil
3.2653584480285645,-3,-5,-15,-12,-1,-13,-11,0,-10,-14,-1,0,-6,-17,sil
3.2653584480285645,6,22,6,16,14,-1,0,5,4,-3,24,11,5,-8,sil
3.280902147293091,0,20,13,27,12,9,8,-4,3,8,13,-1,-5,-7,sil
3.280902147293091,-23,-5,-4,14,4,9,7,-12,0,10,-21,-28,-30,-11,sil
3.2969110012054443,-32,-6,-6,0,2,10,0,-11,-6,-8,-25,-29,-35,-7,sil
3.2969110012054443,-17,3,8,4,-4,16,6,-5,-2,-9,-7,-13,-13,2,sil
3.3130035400390625,-2,-4,10,8,-10,12,11,5,11,14,-5,-5,0,11,sil
3.3130035400390625,-1,-9,7,0,-5,5,9,13,16,27,-9,0,-1,13,sil
3.328559160232544,3,-5,6,-5,-2,0,9,10,12,15,-6,8,0,10,sil
3.328559160232544,16,-4,3,-11,-4,-6,1,12,8,0,1,13,12,13,sil
3.3445699214935303,23,1,9,-9,4,-8,-2,18,20,5,26,31,38,18,sil
3.3445699214935303,26,9,17,-7,8,-10,-7,12,23,8,38,42,48,17,sil
3.3601036071777344,25,8,11,-12,-6,-15,-17,2,6,-4,22,22,29,3,sil
3.3601036071777344,16,10,4,-3,-4,-9,-7,-1,-2,-6,18,2,17,-10,sil
3.375871181488037,3,14,8,14,18,9,7,-4,-6,0,20,2,14,-11,sil
3.375871181488037,-8,16,10,28,23,22,11,-9,-5,1,12,-2,5,-6,sil
3.391056060791016,-9,11,4,27,6,20,12,-9,-4,2,-2,-13,-8,-6,sil
3.391056060791016,-4,2,1,24,3,15,19,-5,-8,10,-19,-15,-21,-9,sil
3.4064152240753174,-7,-4,-5,25,14,13,20,-4,-3,19,-32,-17,-23,-3,sil
3.4064152240753174,-11,-14,-14,3,3,3,5,-2,-2,-1,-39,-20,-24,4,sil
3.422168731689453,-5,-20,-19,-17,-11,0,0,-1,-7,-21,-28,-13,-17,0,sil
3.422168731689453,-7,-20,-23,-17,-11,-7,-5,1,-4,-5,-18,-4,-6,-7,sil
3.437732219696045,-14,-22,-22,-29,-19,-30,-20,4,-4,1,-30,-3,-4,-1,sil
3.437732219696045,-4,-20,-20,-35,-29,-35,-36,-1,-14,-18,-15,-1,2,3,sil
3.452847480773926,2,-10,-14,-29,-24,-25,-41,-11,-20,-40,19,4,10,0,sil
3.452847480773926,3,2,-2,-23,-9,-20,-29,-5,-10,-27,30,11,12,-4,sil
3.4689016342163086,11,21,10,-2,4,-12,-13,3,-2,0,22,17,13,-3,sil
3.4841768741607666,12,29,18,21,8,3,-9,1,-6,3,23,12,4,-3,sil
3.4841768741607666,0,19,17,23,5,12,-4,-9,-2,-2,20,-1,-9,-8,sil
3.5002026557922363,-5,9,16,20,9,15,12,-8,1,1,5,-2,-21,-6,sil
3.5002026557922363,-2,11,15,27,15,29,40,4,8,21,3,-1,-17,2,sil
3.5002026557922363,-5,3,1,18,12,35,47,11,22,27,3,-6,-9,6,sil
3.5159595012664795,-13,-8,-6,1,6,19,22,5,17,9,-14,-10,-20,0,sil
3.5159595012664795,-15,-10,-1,2,5,11,9,0,9,14,-19,-7,-27,4,sil
3.531074285507202,-10,-14,-2,-1,0,9,15,11,19,37,-9,-4,-13,22,sil
3.5463552474975586,-1,-17,-9,-11,-7,-1,13,20,29,32,-2,0,3,23,sil
3.5463552474975586,4,-13,-17,-18,-3,-14,-1,10,23,5,0,6,0,8,sil
3.5620834827423096,6,-11,-17,-32,-1,-19,-13,3,4,-12,0,9,-2,1,sil
3.5620834827423096,17,-1,-5,-23,0,-17,-7,10,-4,-12,6,12,33,6,sil
3.578050136566162,33,14,13,-1,0,-21,-2,7,-5,-13,17,23,67,15,sil
3.578050136566162,29,17,19,2,1,-19,-6,-7,-4,-15,20,24,52,12,sil
3.5932769775390625,12,12,8,7,5,-3,-11,-16,0,-10,13,9,23,-8,sil
3.5932769775390625,7,19,11,20,11,9,-10,-10,-2,-20,6,-1,10,-20,sil
3.609199047088623,2,20,16,23,13,14,-1,-14,-16,-29,0,-8,15,-18,sil
3.609199047088623,-11,-1,3,6,-4,6,-5,-27,-35,-21,-14,-21,7,-21,sil
3.6242620944976807,-15,-1,-1,-1,-17,-3,-18,-23,-44,-12,-23,-28,-19,-28,sil
3.6242620944976807,-13,12,3,6,-5,-1,-15,-16,-44,-12,-20,-22,-42,-29,sil
3.639871835708618,-24,-6,-5,-2,-5,2,-11,-16,-45,-19,-28,-22,-52,-25,sil
3.639871835708618,-25,-27,-17,-11,-14,0,-9,-3,-18,-10,-24,-20,-41,-12,sil
3.6558451652526855,-6,-11,-5,2,0,5,0,20,20,17,-1,0,-12,12,sil
3.6558451652526855,1,2,15,17,11,14,12,27,31,37,7,16,5,30,sil
3.6709275245666495,-2,-4,10,13,2,16,25,15,31,35,4,11,4,27,sil
3.6709275245666495,-4,-10,-8,-7,-2,13,30,12,32,21,0,2,0,22,sil
3.686179637908936,-3,-10,-11,-19,-1,7,22,18,29,23,0,6,6,19,sil
3.686179637908936,0,-12,-6,-18,-12,-9,0,17,22,25,5,11,12,13,sil
3.70188307762146,7,-3,-3,-8,-17,-19,-16,11,24,15,21,16,14,13,sil
3.70188307762146,19,10,-2,7,5,-13,-9,5,27,6,32,20,19,13,sil
3.7171285152435294,16,0,-4,0,14,-19,-9,2,6,-6,15,13,3,0,sil
3.7171285152435294,3,-14,-14,-23,0,-23,-14,0,-6,-15,3,6,-7,-10,sil
3.7319607734680176,2,0,-14,-17,0,-8,-3,-2,-2,-15,8,8,5,-9,sil
3.7319607734680176,7,16,4,7,11,7,7,-6,-12,-14,1,0,2,-15,sil
3.7474303245544434,-3,11,9,17,13,6,0,-16,-23,-14,-4,-19,-15,-32,sil
3.7474303245544434,-19,7,1,8,4,0,-5,-24,-26,-28,-1,-20,-20,-33,sil
3.7630574703216553,-9,18,4,14,0,9,7,-20,-22,-17,-4,-11,-10,-12,sil
3.7630574703216553,6,16,13,24,2,23,17,-6,-7,13,-8,-9,-4,11,sil
3.7784156799316406,2,-2,4,10,1,19,16,2,7,15,-11,-9,-6,17,sil
3.7784156799316406,-5,-13,-14,0,-1,10,15,4,12,8,-15,-5,-1,14,sil
3.794253826141357,1,-9,-8,-3,-2,3,4,7,3,9,-15,4,10,22,sil
3.794253826141357,14,-4,4,-8,-7,-3,-7,15,6,6,-1,13,22,21,sil
3.809255599975586,11,-5,-4,-14,-9,-13,-11,9,13,-3,8,14,22,2,sil
3.809255599975586,6,4,-1,-9,0,-19,-15,-6,-10,-25,12,9,9,-9,sil
3.824808120727539,6,19,19,10,12,-6,-10,-14,-27,-29,18,0,5,-8,sil
3.824808120727539,0,9,17,15,9,3,-5,-9,-18,-3,5,-14,-5,-9,sil
3.841332674026489,-3,3,17,14,2,10,0,-3,-7,15,-8,-13,-15,-5,sil
3.841332674026489,1,7,22,19,4,21,9,-1,1,16,-6,-2,-4,6,sil
3.85722279548645,-6,-13,0,-11,-4,8,5,0,8,10,-13,-2,0,8,sil
3.85722279548645,-16,-32,-28,-42,-18,-18,-11,1,5,0,-19,-7,-3,-3,sil
3.87312388420105,-15,-22,-26,-36,-21,-32,-26,0,-5,-12,-16,0,-5,-12,sil
3.87312388420105,-10,-9,-10,-23,-13,-27,-27,-4,-11,-13,-5,10,1,-10,sil
3.889153718948364,0,5,6,-3,0,-11,-14,0,-5,-10,18,18,13,0,sil
3.889153718948364,4,14,18,14,3,12,5,9,3,-8,18,7,7,0,sil
3.904284954071045,-15,-2,0,7,1,26,23,7,14,13,-8,-17,-10,-9,sil
3.904284954071045,-27,-27,-28,-13,2,17,27,8,17,28,-19,-25,-19,-8,sil
3.91994309425354,-6,-18,-29,-13,8,4,22,21,23,22,2,0,0,8,sil
3.91994309425354,16,9,-4,6,10,-1,13,16,30,15,22,22,22,10,sil
3.935340404510498,17,24,17,18,2,1,2,-1,7,-2,21,16,11,0,sil
3.935340404510498,14,23,25,29,2,15,10,-8,-11,-3,18,2,-4,1,sil
3.9503791332244873,15,11,17,27,7,18,23,-2,-2,15,8,0,-4,18,sil
3.9503791332244873,9,0,-1,6,0,-1,7,1,7,0,-10,3,-2,16,sil
3.9661457538604736,15,4,-8,-4,-8,-29,-22,-3,-1,-30,0,11,7,0,sil
3.9661457538604736,34,25,16,7,-1,-29,-31,-11,-17,-21,27,24,19,0,sil
3.981895446777344,20,29,30,28,5,-1,-12,-21,-22,4,19,17,4,2,sil
3.981895446777344,-16,0,4,16,6,14,-4,-26,-20,-2,-19,-10,-27,-8,sil
3.996802806854248,-25,-21,-11,-10,8,10,2,-8,-11,-7,-31,-27,-35,-10,sil
4.017248392105103,-18,-16,-12,-5,8,10,13,10,10,15,-15,-27,-16,-4,sil
4.017248392105103,-26,-18,-19,-5,-5,0,1,11,14,17,-23,-26,-11,-7,sil
4.017248392105103,-26,-23,-27,-27,-14,-11,-11,8,4,-2,-27,-17,-5,-5,sil
4.027729272842407,-6,-15,-25,-30,-5,-10,-9,9,1,-13,-2,0,11,3,sil
4.043423414230347,9,-3,-10,-13,0,-11,-15,9,1,-9,17,13,24,8,sil
4.043423414230347,18,1,4,-8,-2,-20,-22,2,-1,-1,21,15,33,4,sil
4.05837869644165,18,5,7,-12,0,-14,-15,-11,-13,-12,14,8,21,-5,sil
4.05837869644165,8,13,8,-2,7,4,-1,-12,-18,-18,12,7,1,-10,sil
4.074479579925537,-1,10,12,-2,0,12,7,2,-9,-3,7,2,-6,-2,sil
4.074479579925537,-12,-5,8,-13,-17,11,7,4,-8,0,-17,-16,-18,0,sil
4.0895631313323975,-15,-7,5,12,-10,17,15,-6,-5,0,-27,-21,-24,-3,sil
4.0895631313323975,-1,3,15,37,5,27,28,4,7,17,-8,1,-13,2,sil
4.104527473449707,8,2,16,23,6,21,30,15,19,20,3,14,2,12,sil
4.104527473449707,4,-8,-3,-2,-2,-1,12,3,16,2,3,14,14,16,sil
4.119637727737427,6,-2,-10,-5,-6,-20,-8,0,8,-4,13,20,21,8,sil
4.119637727737427,14,17,5,10,7,-13,-8,0,7,5,28,16,22,-9,sil
4.135514736175537,1,20,11,18,18,5,3,-16,-3,1,12,-1,0,-16,sil
4.135514736175537,-21,0,-3,9,10,18,11,-19,-9,-1,-18,-23,-27,-15,sil
4.150339126586914,-28,-13,-17,1,0,10,8,0,10,14,-25,-32,-22,-14,sil
4.150339126586914,-13,-14,-11,-7,-2,-3,3,15,27,28,-11,-17,-3,2,sil
4.165840864181519,0,-9,-7,-10,-5,2,4,19,29,33,0,0,7,17,sil
4.165840864181519,3,-11,-10,-18,-14,-1,-4,14,14,9,-1,0,3,7,sil
4.181288480758667,11,-5,-1,-20,-13,-23,-17,5,-2,-24,2,8,6,0,sil
4.181288480758667,29,9,6,-9,5,-27,-17,-2,-14,-29,14,25,18,11,sil
4.196875810623169,27,16,5,-8,12,-18,-13,-7,-29,-24,17,25,12,13,sil
4.196875810623169,6,10,4,-6,0,-16,-10,-11,-31,-18,18,13,0,0,sil
4.212200880050659,0,8,12,4,-1,-2,-8,-12,-25,-11,14,4,-2,-8,sil
4.212200880050659,1,5,19,12,2,17,1,-7,-16,-6,0,-6,-11,0,sil
4.2272865772247314,-3,-5,3,10,2,14,9,-2,-2,3,-15,-14,-17,8,sil
4.2272865772247314,-7,-14,-15,-4,-3,0,-3,3,4,8,-18,-10,-17,4,sil
4.243268251419067,-7,-13,-15,-12,-6,-1,-13,1,3,0,-13,-7,-7,-3,sil
4.243268251419067,-14,-17,-13,-10,-5,-3,-14,-2,-1,-11,-15,-6,0,-1,sil
4.258877992630005,-9,-7,-12,-8,-4,-14,-19,-2,-9,-16,-8,4,4,-3,sil
4.258877992630005,5,19,4,6,-4,-13,-20,-9,-12,-10,17,13,10,-18,sil
4.273919105529785,2,32,22,30,1,1,-12,-13,-10,-1,16,1,2,-22,sil
4.273919105529785,-5,19,15,41,16,23,13,-1,2,14,-2,-11,-6,-6,sil
4.288976907730103,-6,2,-2,20,19,33,36,11,18,20,-14,-13,-11,4,sil
4.288976907730103,-15,-10,-11,-9,3,21,37,17,26,14,-26,-18,-15,-1,sil
4.304231643676758,-20,-17,-14,-12,-6,8,31,20,37,20,-20,-20,-4,-4,sil
4.304231643676758,-5,-12,-12,-9,-7,-1,20,19,30,13,7,0,16,10,sil
4.3198325634002686,9,0,-3,-7,-1,-6,1,7,8,-9,23,21,26,12,sil
4.335164546966553,17,9,3,1,6,-9,-10,-5,-2,-16,15,23,20,-2,sil
4.335164546966553,31,15,16,8,4,-9,-11,-5,0,0,23,29,25,4,sil
4.350156545639038,41,19,30,14,2,-8,-10,-7,0,11,44,38,38,18,sil
4.350156545639038,22,13,29,14,5,-7,-10,-17,-17,-1,24,17,12,4,sil
4.366150856018066,-9,1,5,9,1,5,1,-18,-28,-9,-12,-21,-27,-10,sil
4.366150856018066,-24,-7,-11,2,-6,15,15,-10,-20,-1,-21,-34,-37,-7,sil
4.38195276260376,-19,-12,-2,-8,-7,14,20,-1,-8,2,-21,-21,-34,0,sil
4.38195276260376,-16,-18,-5,-13,-2,14,20,3,0,11,-27,-17,-27,0,sil
4.3973658084869385,-23,-27,-26,-23,-9,5,7,5,1,9,-29,-25,-20,0,sil
4.3973658084869385,-16,-23,-23,-24,-10,-4,-4,10,3,3,-7,-16,-1,0,sil
4.413447856903076,2,-9,-9,-14,-3,-3,-11,16,13,11,7,0,13,6,sil
4.413447856903076,3,-10,-11,-24,-10,-10,-20,11,11,7,-9,-1,3,5,sil
4.42898964881897,0,-12,-11,-30,-10,-20,-18,0,11,-2,-12,0,2,2,sil
4.42898964881897,10,-4,-1,-16,0,-13,-17,0,9,-1,4,16,12,11,sil
4.4450414180755615,9,1,1,-6,0,-6,-23,3,1,0,13,20,16,10,sil
4.4450414180755615,0,7,2,-3,7,-7,-15,0,6,-1,22,19,21,0,sil
4.461224794387817,4,15,9,1,15,-7,-4,0,7,0,20,17,14,-1,sil
4.461224794387817,4,17,8,10,5,-6,-5,-2,-1,-8,6,0,0,-6,sil
4.476868391036987,-5,10,-2,10,-4,-12,-9,-6,-11,-25,0,-10,-4,-20,sil
4.476868391036987,-5,2,-7,0,0,-12,-3,-8,-16,-27,5,-2,2,-19,sil
4.492020130157471,2,-1,-8,-6,0,-8,-2,-16,-25,-22,-1,1,-1,-12,sil
4.492020130157471,0,1,0,2,-2,0,0,-14,-26,-18,-14,0,-11,-13,sil
4.508082866668701,0,9,9,27,8,16,15,-3,-7,1,-7,0,-8,-4,sil
4.508082866668701,9,11,17,32,12,19,22,0,0,14,9,6,-3,10,sil
4.523295879364014,18,17,28,26,2,9,8,-1,-5,0,13,15,-1,11,sil
4.523295879364014,15,26,31,40,4,7,5,0,0,0,12,22,1,3,sil
4.53882622718811,9,25,28,43,11,12,11,0,6,12,12,18,3,6,sil
4.53882622718811,4,16,18,32,4,13,9,-4,0,7,4,5,3,7,sil
4.554898977279663,-9,4,5,23,-4,10,6,-8,-9,-10,-13,-3,-5,2,sil
4.554898977279663,-11,4,2,24,0,12,14,0,0,-5,-11,-3,-9,2,sil
4.5700976848602295,6,12,7,31,7,14,20,9,16,15,0,-1,-2,5,sil
4.5700976848602295,10,4,7,19,0,4,7,7,10,9,-11,-9,-5,5,sil
4.586217164993286,-2,-13,-3,-2,-5,-3,0,5,3,7,-16,-14,-3,0,sil
4.586217164993286,-7,-22,-24,-25,-10,-10,-4,4,3,6,-15,-14,-2,-8,sil
4.60187292098999,-14,-23,-33,-30,-13,-19,-23,1,-5,-15,-28,-28,-21,-18,sil
4.60187292098999,-19,-31,-35,-41,-3,-9,-20,7,0,-8,-12,-31,-13,-14,sil
4.617783308029175,-15,-46,-35,-85,-2,9,3,23,21,20,9,-16,13,3,sil
4.617783308029175,-12,-38,-27,-81,-6,18,20,20,28,28,-2,-11,13,13,sil
4.632855415344238,-11,-15,-15,-26,3,13,12,1,18,23,-12,-13,2,12,sil
4.632855415344238,-9,-19,-16,-28,2,4,3,-1,9,19,2,-8,6,7,sil
4.648494005203247,-15,-29,-28,-51,-7,-9,-1,0,10,15,7,-9,8,-2,sil
4.648494005203247,-15,-11,-23,-30,-6,-23,-12,-4,6,8,1,-7,5,-5,sil
4.664563655853272,-1,0,-9,-17,0,-14,-15,-3,1,3,10,8,12,0,sil
4.664563655853272,0,-5,-3,-24,-1,-11,-17,1,3,-2,13,16,12,0,sil
4.680202007293701,1,10,6,-2,-6,-28,-26,-2,-1,-15,9,11,2,-2,sil
4.680202007293701,20,36,18,25,-4,-25,-19,-9,-6,-20,24,19,9,1,sil
4.69625449180603,32,32,25,16,0,-7,-11,-8,-11,-13,32,37,17,12,sil
4.69625449180603,31,26,34,23,8,-5,-15,-10,-23,-14,26,43,12,10,sil
4.712128162384033,33,36,38,48,14,-3,-11,-11,-31,-22,24,35,10,3,sil
4.712128162384033,27,29,27,42,6,2,0,-6,-27,-19,17,27,8,0,sil
4.728123188018799,5,12,18,32,0,0,4,-14,-29,-23,-4,10,-7,-13,sil
4.728123188018799,-8,12,23,45,0,0,7,-23,-43,-53,-30,-10,-37,-23,sil
4.743350267410278,-1,28,36,59,1,15,16,-8,-26,-39,-23,-12,-35,-11,sil
4.743350267410278,3,26,36,59,9,35,27,6,13,13,0,-5,-7,0,sil
4.759347438812256,-6,9,21,45,16,34,30,11,21,28,-2,-7,-8,0,sil
4.759347438812256,-11,4,9,41,10,27,30,7,6,18,-16,-14,-23,-4,sil
4.774939298629761,-15,0,1,29,0,25,25,1,-1,9,-27,-29,-32,-11,sil
4.774939298629761,-18,-16,-15,4,0,22,25,7,12,11,-26,-31,-18,-2,sil
4.7910315990448,-6,-25,-30,-14,-2,0,12,12,26,26,-10,-10,11,12,sil
4.7910315990448,-1,-26,-28,-33,-17,-16,-19,2,6,14,-18,-3,7,4,sil
4.806007623672485,-12,-31,-31,-45,-18,-13,-23,0,1,-1,-28,-9,-1,0,sil
4.806007623672485,-16,-36,-39,-49,-14,-19,-9,14,25,4,-10,-3,10,12,sil
4.822128057479858,-10,-31,-35,-48,-17,-27,-11,17,32,11,1,-1,18,10,sil
4.822128057479858,0,-22,-23,-38,-4,-13,-11,15,27,18,8,3,23,6,sil
4.837358236312866,7,-10,-12,-38,10,-2,-8,16,20,23,27,15,30,12,sil
4.837358236312866,5,2,-9,-42,6,-8,-12,5,13,20,31,13,23,3,sil
4.852944374084473,0,5,-15,-37,2,-11,-14,-9,8,3,15,4,8,-11,sil
4.852944374084473,-6,0,-15,-28,8,-4,-9,-19,-3,-17,5,0,-1,-14,sil
4.868520498275757,0,6,0,-16,9,-3,-11,-20,-22,-19,6,0,-3,-9,sil
4.868520498275757,22,21,23,0,2,-9,-19,-6,-28,-11,14,7,0,5,sil
4.884223222732544,28,25,28,15,3,0,-6,1,-18,-8,18,13,5,14,sil
4.884223222732544,10,12,12,14,2,13,11,-5,-18,-11,0,0,-3,3,sil
4.899832725524902,0,4,9,12,-5,7,7,-6,-23,-15,-13,-11,-18,-3,sil
4.899832725524902,2,10,21,29,0,1,0,-3,-12,-9,6,-1,-4,0,sil
4.915195941925049,1,14,25,36,8,2,1,-6,-6,2,19,9,10,3,sil
4.915195941925049,-2,11,23,34,4,11,12,-4,1,16,8,9,7,0,sil
4.931233882904053,-5,6,18,34,1,17,23,4,10,15,0,1,-2,0,sil
4.931233882904053,-8,1,7,29,2,11,23,8,2,3,-7,-8,-11,0,sil
4.94650673866272,-9,-7,-9,20,3,9,23,8,3,11,-16,-13,-14,-2,sil
4.94650673866272,-10,-13,-19,1,0,8,15,8,14,18,-18,-12,-10,-4,sil
4.961633205413818,-15,-16,-26,-20,-13,-11,-2,-1,4,-6,-21,-17,-13,-12,sil
4.961633205413818,-16,-23,-32,-23,-24,-32,-25,-16,-16,-41,-34,-21,-25,-24,sil
4.977270603179932,-1,-16,-21,-10,-8,-20,-24,-11,-16,-38,-29,-10,-18,-15,sil
4.977270603179932,6,0,-11,-8,4,-8,-11,-1,-8,-15,-1,0,4,-5,sil
4.993273496627808,0,9,1,-14,-3,-20,-20,-9,-19,-29,12,7,7,-12,sil
4.993273496627808,4,18,27,5,-1,-5,-15,-12,-21,-28,18,20,7,-6,sil
5.009269714355469,5,13,30,22,9,27,16,0,3,16,18,14,12,9,sil
5.009269714355469,-8,-8,6,-2,0,28,24,16,25,42,2,-5,2,14,sil
5.024820804595947,-5,-20,-6,-31,-9,8,13,25,34,36,-6,1,5,18,sil
5.024820804595947,17,-14,-1,-44,-5,-3,2,21,27,18,4,32,19,26,sil
5.039903163909912,30,8,12,-16,1,-9,-8,5,10,2,29,41,25,19,sil
5.039903163909912,20,31,21,30,16,-2,-10,-8,-1,0,30,23,16,4,sil
5.055553913116455,-2,20,14,33,15,16,1,-8,-5,3,-5,-4,-8,-7,sil
5.055553913116455,-15,-2,0,18,0,25,15,-4,0,13,-21,-27,-26,-10,sil
5.071362257003784,-9,-12,-12,14,-5,13,13,6,9,19,-13,-26,-17,6,sil
5.071362257003784,0,-14,-21,1,4,2,8,21,21,14,-10,-5,8,22,sil
5.086807012557983,4,-15,-24,-13,7,-1,4,14,23,8,-3,0,20,10,sil
5.086807012557983,0,-12,-18,-17,-4,-17,-6,-3,9,1,-1,-11,6,-6,sil
5.101975440979004,-6,0,-14,-11,-2,-24,-15,-5,4,0,2,-7,8,-4,sil
5.101975440979004,0,13,0,-9,7,-17,-21,-6,-11,-6,15,12,14,2,sil
5.117151975631714,14,15,15,-7,0,-11,-20,-15,-36,-19,20,12,5,-1,sil
5.117151975631714,14,11,10,1,-6,-23,-14,-18,-31,-22,16,8,3,-12,sil
5.132328748703003,4,13,9,1,0,-26,-17,-14,-23,-25,10,12,-1,-16,sil
5.132328748703003,0,13,18,8,-2,0,-8,-10,-17,-19,6,0,-15,-17,sil
5.148458242416382,0,5,12,26,-2,20,16,-2,0,-4,-1,-20,-21,-13,sil
5.148458242416382,-6,2,6,24,7,20,28,0,4,0,-9,-15,-19,-3,sil
5.163873910903931,-8,2,15,17,8,24,19,-5,-13,-1,-6,-5,-16,4,sil
5.163873910903931,-5,-5,8,14,1,22,5,-3,-17,1,-6,-9,-13,10,sil
5.179125547409058,-13,-19,-17,-3,0,11,5,5,8,13,-17,-16,-4,2,sil
5.195152282714844,-32,-31,-35,-34,-8,0,0,9,22,11,-31,-25,-9,-17,hello
5.195152282714844,-32,-31,-30,-36,-16,-11,-5,14,14,-3,-34,-23,-17,-18,hello
5.195152282714844,0,-10,-10,-3,1,-4,6,18,21,6,-13,2,3,10,hello
5.211238145828247,19,7,4,7,9,7,15,17,13,23,3,20,18,25,hello
5.211238145828247,0,-4,-8,-10,-2,1,9,5,-15,2,-4,6,5,5,hello
5.227002859115601,-12,-21,-29,-30,-9,-18,-9,-9,-26,-31,-12,1,0,-8,hello
5.227002859115601,7,1,-5,-13,-8,-23,-21,-9,-16,-27,11,19,13,-1,hello
5.242271423339844,23,33,23,15,-7,-13,-10,-5,-7,0,39,26,23,0,hello
5.242271423339844,22,31,22,12,0,-3,-7,-10,-3,0,33,25,14,-2,hello
5.25772762298584,18,19,23,8,13,9,-12,-11,4,-6,23,25,7,-1,hello
5.25772762298584,3,15,28,23,13,17,-1,-8,0,-1,13,4,-4,-1,hello
5.272902488708496,-14,1,12,14,1,15,13,-3,-10,0,-10,-24,-24,-6,hello
5.272902488708496,-14,-15,-8,-5,-2,10,13,2,7,9,-18,-25,-20,-4,hello
5.28808856010437,-9,-17,-11,-12,0,6,7,12,30,24,-11,-11,-7,7,hello
5.303235530853272,-7,-8,-4,-2,0,7,13,19,39,37,-9,-9,1,13,hello
5.303235530853272,0,-5,1,4,0,1,7,17,39,40,-5,-7,11,15,hello
5.318844795227051,14,-5,8,-2,-5,-11,-10,12,21,17,4,8,17,23,hello
5.318844795227051,19,-1,1,-12,-14,-14,-12,7,0,-1,14,22,23,20,hello
5.333967447280884,8,0,-12,-14,-15,-15,-13,0,-6,-7,8,14,21,0,hello
5.333967447280884,8,6,-8,5,2,-14,-7,-3,-6,-10,9,8,16,-2,hello
5.349510192871094,21,15,4,19,23,-5,5,-1,-7,-12,21,18,20,3,hello
5.349510192871094,12,15,7,0,10,-8,-10,-12,-20,-30,11,13,5,-10,hello
5.365122556686401,0,18,7,7,1,-2,-22,-28,-30,-35,4,-2,-12,-20,hello
5.365122556686401,3,24,16,34,10,18,7,-15,-20,-11,4,-6,-14,-4,hello
5.3812096118927,-11,9,9,23,6,25,28,0,-7,0,-18,-19,-23,-7,hello
5.3812096118927,-39,-19,-13,-2,1,15,14,-7,-7,-7,-39,-41,-44,-27,hello
5.396519660949707,-35,-28,-11,-9,5,14,10,-1,0,3,-28,-31,-34,-13,hello
5.396519660949707,-8,-20,-3,-10,0,13,22,14,15,27,-13,-6,-3,9,hello
5.411981344223023,0,-24,-15,-24,-11,0,14,13,13,14,-16,-4,-3,8,hello
5.411981344223023,-7,-28,-29,-34,-9,-10,-4,8,8,-1,-10,-4,-4,8,hello
5.427527904510498,-9,-19,-32,-31,-7,-12,-18,2,2,0,4,5,10,4,hello
5.427527904510498,-5,-3,-22,-20,-15,-17,-30,-10,-25,-19,1,5,1,-19,hello
5.442854404449463,5,17,3,4,-10,-21,-30,-20,-32,-36,6,3,-1,-26,hello
5.442854404449463,20,33,35,24,1,-14,-15,-13,-11,-13,31,18,18,0,hello
5.458480358123779,16,27,38,25,2,-1,1,-1,-6,2,26,18,12,13,hello
5.458480358123779,-5,8,11,21,1,1,7,0,-8,-1,-5,-3,-9,2,hello
5.474276065826416,-11,-1,0,12,0,1,6,4,0,11,-11,-6,-7,3,hello
5.474276065826416,5,0,8,13,0,5,12,16,22,34,12,9,14,15,hello
5.489820241928101,17,-2,5,3,4,-3,9,21,34,26,15,10,23,16,hello
5.489820241928101,11,-5,-6,-19,4,-11,-2,13,23,5,1,9,18,6,hello
5.505282878875732,9,8,-5,-10,3,0,-5,-2,1,-10,7,14,14,-1,hello
5.505282878875732,3,15,3,9,4,9,-1,-12,-12,-21,11,3,1,-6,hello
5.521437168121338,-7,0,3,10,5,22,11,-4,6,6,-4,-17,-8,-6,hello
5.521437168121338,-15,-17,-8,-1,4,35,19,5,23,31,-30,-24,-19,-4,hello
5.536998987197876,-16,-22,-21,-13,0,19,13,8,8,6,-37,-21,-29,-2,hello
5.536998987197876,-3,-15,-20,-13,-7,-7,4,14,7,2,-9,-3,-5,6,hello
5.552192211151123,18,2,1,-8,-6,-12,-9,12,10,13,14,20,27,17,hello
5.552192211151123,20,12,14,-3,3,-8,-18,-6,-10,-7,14,18,20,3,hello
5.5675036907196045,4,10,9,1,5,-18,-15,-21,-30,-31,8,4,-8,-14,hello
5.5675036907196045,0,18,16,17,2,-9,-4,-12,-24,-23,9,4,-12,-3,hello
5.583511590957642,-7,12,15,26,9,19,10,-6,-12,-2,0,-5,-2,5,hello
5.583511590957642,-27,-20,-11,-1,4,20,12,-13,-14,-3,-22,-26,-18,-6,hello
5.599179267883301,-18,-23,-18,-16,-4,1,11,-6,4,0,-12,-15,-15,-2,hello
5.599179267883301,7,2,0,1,5,2,15,14,32,18,13,7,12,15,hello
5.614809036254883,10,1,0,-3,5,0,4,22,20,16,3,9,17,7,hello
5.614809036254883,7,-10,-14,-25,-8,-23,-13,8,0,-1,1,4,14,-3,hello
5.630887985229492,20,1,-2,-22,-14,-36,-31,-2,-5,-13,25,15,20,6,hello
5.630887985229492,25,17,20,-4,-7,-25,-34,-11,-17,-17,27,22,14,2,hello
5.646324634552002,6,16,18,6,0,-7,-18,-20,-28,-21,4,7,-2,-16,hello
5.646324634552002,-11,6,10,12,-2,11,4,-14,-17,-18,-10,-11,-20,-19,hello
5.661926031112671,-18,-1,5,18,-8,28,23,-2,0,4,-9,-17,-21,-10,hello
5.661926031112671,-22,-14,-7,4,-2,22,22,1,7,17,-21,-21,-18,-5,hello
5.677178144454956,-26,-19,-21,-11,2,10,15,5,15,13,-30,-25,-13,0,hello
5.677178144454956,-19,-13,-24,-2,-1,7,7,6,24,20,-14,-10,0,8,hello
5.692293405532837,0,0,-9,8,-2,0,-6,5,17,18,0,10,6,8,hello
5.692293405532837,12,2,-1,5,1,-11,-9,6,7,0,0,14,9,3,hello
5.707896709442139,9,-7,-10,-14,-4,-25,-7,6,-9,-18,-1,7,9,-3,sil
5.707896709442139,7,-1,0,-17,-11,-26,-8,9,-22,-19,2,14,1,-10,sil
5.723822593688965,21,29,24,22,3,-3,-1,12,-5,0,21,22,7,-7,sil
5.723822593688965,23,34,37,46,15,14,0,3,0,7,28,16,9,7,sil
5.738978385925293,5,15,28,33,9,16,-5,-11,-14,1,7,0,-8,5,sil
5.738978385925293,-9,0,0,19,7,21,5,-20,-10,9,-10,-19,-18,-10,sil
5.754724502563477,-18,-16,-11,-5,6,20,18,-10,-2,9,-19,-24,-20,-5,sil
5.754724502563477,-18,-20,-1,-22,4,11,27,8,7,4,-17,-13,-14,11,sil
5.769866228103638,-2,-8,-20,-2,15,7,36,15,33,21,1,-13,17,12,sil
5.769866228103638,5,-9,-35,-6,14,-9,13,6,26,10,9,-8,28,9,sil
5.78503155708313,2,-12,-5,-40,-7,-24,-27,3,-5,-25,2,15,9,8,sil
5.801227569580078,18,11,13,-30,-15,-10,-33,10,7,-11,26,33,24,9,sil
5.801227569580078,34,25,12,-2,-5,-2,-21,4,22,8,47,33,41,15,sil
5.801227569580078,10,12,13,-3,-1,-9,-20,-12,-9,-16,23,14,10,1,sil
5.81714940071106,-18,3,3,2,3,2,-9,-21,-25,-13,-5,-11,-18,-17,sil
5.81714940071106,-19,0,-5,12,6,18,4,-17,-20,3,-27,-25,-34,-11,sil
5.8322343826293945,-15,-7,-3,5,-3,10,12,-13,-21,-8,-40,-27,-38,-3,sil
5.847473382949829,-20,-22,-20,-7,-10,0,16,-7,-5,-3,-37,-29,-26,-10,sil
5.847473382949829,-19,-42,-34,-29,-15,-2,7,11,14,11,-41,-28,-19,-5,sil
5.863500595092773,-2,-30,-21,-34,-16,-4,-5,25,22,7,-26,-10,0,6,sil
5.863500595092773,13,1,1,-11,-5,-11,-14,15,15,-2,19,23,31,8,sil
5.879054546356201,19,20,17,7,6,-13,-15,1,0,-7,43,36,29,0,sil
5.879054546356201,16,27,20,18,10,-9,-9,-8,-12,-9,31,20,8,-14,sil
5.895057916641235,4,27,15,22,7,-10,-3,-17,-27,-26,6,3,-11,-21,sil
5.895057916641235,-7,12,14,24,5,0,8,-17,-26,-21,-11,-6,-20,-10,sil
5.91100025177002,-12,-6,6,22,0,13,14,-5,-4,16,-14,-11,-13,1,sil
5.91100025177002,-17,-15,-1,7,-10,7,6,3,8,34,-13,-6,-14,3,sil
5.926165580749512,-13,-13,-3,3,-5,4,18,10,19,25,-8,0,-9,7,sil
5.926165580749512,5,-8,0,4,0,10,29,26,28,14,2,8,16,18,sil
5.94231653213501,18,-1,2,4,-1,0,8,29,24,5,17,22,37,16,sil
5.94231653213501,19,7,0,3,1,-19,-11,1,7,-1,23,24,34,0,sil
5.956934213638306,20,17,4,0,1,-19,-21,-18,-18,-17,13,14,18,-8,sil
5.956934213638306,14,22,15,11,3,-3,-27,-18,-27,-23,10,6,7,-3,sil
5.973066568374634,2,21,20,26,8,2,-24,-14,-14,-8,16,2,-4,-4,sil
5.973066568374634,-1,22,21,34,6,7,-6,-9,-6,1,11,-2,-12,-4,sil
5.989168167114258,-2,22,16,34,6,22,9,-6,-10,2,-4,-10,-13,0,sil
5.989168167114258,-1,7,11,21,9,30,21,-9,-10,5,-15,-14,-22,3,sil
6.004793882369995,-2,-13,-2,0,6,25,30,-1,6,10,-12,-14,-26,5,sil
6.004793882369995,-9,-27,-21,-21,-5,9,19,11,22,11,-17,-16,-16,8,sil
6.025163173675537,-12,-32,-28,-44,-13,-1,4,17,17,10,-17,-9,-3,10,sil
6.025163173675537,-2,-27,-26,-45,-4,-1,5,19,16,17,2,5,13,16,sil
6.025163173675537,2,-21,-25,-45,5,-4,0,25,26,13,12,11,22,23,sil
6.035571336746216,0,-19,-28,-56,0,-20,-17,15,24,0,8,5,23,9,sil
6.0513060092926025,-6,-20,-35,-70,-10,-31,-27,1,4,-16,7,-4,16,-13,sil
6.0513060092926025,-10,-11,-29,-61,-6,-27,-23,-1,-7,-28,2,-12,5,-21,sil
6.066837787628174,-7,8,-4,-24,2,-12,-9,-9,-8,-31,-5,-16,-1,-21,sil
6.066837787628174,-3,19,10,11,3,1,-2,-21,-19,-17,-10,-21,-11,-24,sil
6.082242250442505,-11,16,11,28,6,6,-5,-22,-31,4,-9,-24,-19,-23,sil
6.082242250442505,-23,8,11,30,9,9,0,-17,-34,3,-18,-21,-22,-12,sil
6.097622871398926,-21,-3,4,26,-2,13,19,-8,-20,1,-40,-21,-28,-2,sil
6.097622871398926,-10,-17,-6,16,-9,17,25,4,10,22,-41,-15,-25,2,sil
6.113267183303833,-2,-16,-11,3,-7,4,1,11,28,25,-12,7,-6,2,sil
6.113267183303833,9,4,1,17,-5,-10,-12,3,17,0,21,34,19,-2,sil
6.128862142562866,25,33,32,45,1,-13,-10,-9,-14,-23,31,41,15,0,sil
6.128862142562866,25,40,48,58,9,6,8,-14,-25,-14,22,26,-1,11,sil
6.144525051116943,21,18,27,55,8,22,28,0,2,20,17,16,10,21,sil
6.144525051116943,27,0,22,29,-1,0,11,21,4,13,9,29,14,30,sil
6.160058498382568,32,8,24,7,-13,-25,-13,12,-6,-16,17,35,16,21,sil
6.160058498382568,24,16,1,15,-9,-24,-26,-12,4,-17,40,20,28,-2,sil
6.175206899642944,10,17,16,19,4,-11,-29,-5,0,-16,30,16,9,-7,sil
6.175206899642944,0,11,32,20,10,15,0,8,0,-7,4,7,-10,-1,sil
6.1912102699279785,-9,-17,-7,0,-3,23,26,1,17,12,-14,-17,-7,-5,sil
6.1912102699279785,-16,-33,-29,-32,-12,4,18,-1,10,11,-22,-23,-6,-7,sil
6.206980466842651,-14,-19,-21,-33,0,7,20,3,2,4,-10,-19,-2,0,sil
6.206980466842651,-11,-18,-21,-30,4,16,18,7,7,12,-2,-16,2,8,sil
6.2222888469696045,-11,-20,-23,-38,3,6,-3,15,20,29,-1,-5,5,16,sil
6.2222888469696045,-11,-11,-27,-43,6,-5,-12,23,34,35,0,-10,9,12,sil
6.237799882888794,-13,-11,-33,-52,0,-11,-9,17,25,16,-4,-15,12,-3,sil
6.237799882888794,-16,-9,-22,-48,-5,-13,-10,-2,-11,-13,-8,-11,0,-19,sil
6.253892183303833,-8,8,2,-20,1,-3,-7,-19,-40,-31,-6,-10,-18,-17,sil
6.253892183303833,2,21,15,0,9,1,-10,-21,-30,-24,3,-2,-10,-8,sil
6.269924640655518,0,17,14,7,1,-11,-21,-20,-18,-22,2,5,-4,-18,sil
6.269924640655518,-12,9,10,21,-6,-10,-7,-24,-25,-26,-17,-16,-29,-29,sil
6.286017417907715,-13,-4,0,19,-4,2,8,-13,-18,-12,-31,-32,-36,-14,sil
6.286017417907715,-3,-9,-4,6,0,7,-4,6,2,3,-19,-10,-8,8,sil
6.3014349937438965,1,2,1,28,7,9,-9,3,6,17,2,5,10,15,sil
6.3014349937438965,1,8,12,40,9,16,3,-10,-8,23,8,8,3,17,sil
6.31700325012207,8,4,11,17,2,24,16,-2,-6,16,7,16,2,20,sil
6.31700325012207,9,-5,-5,2,-4,15,23,4,11,8,2,9,5,10,sil
6.332130432128906,-4,-18,-21,-7,-6,-4,17,12,20,3,-14,-10,-6,0,sil
6.332130432128906,-8,-17,-19,-12,-2,-3,19,35,38,10,-8,-5,0,2,sil
6.3473801612854,4,-8,-6,-7,-2,-1,21,41,45,8,14,17,21,9,sil
6.3473801612854,18,1,6,0,-3,-22,-1,19,18,-4,22,30,28,7,sil
6.362948179244995,30,17,16,6,6,-31,-24,0,-3,-4,24,34,29,5,sil
6.362948179244995,32,16,15,2,5,-24,-27,-11,-18,-13,16,27,20,3,sil
6.378017425537109,17,8,7,-6,-8,-20,-24,-22,-21,-23,10,14,11,-5,sil
6.378017425537109,11,15,13,0,-5,-3,-13,-14,-9,-10,23,8,14,-5,sil
6.393219709396362,11,21,26,18,8,17,5,0,-3,2,26,3,10,-2,sil
6.393219709396362,-7,8,12,17,5,13,10,-14,-16,-8,0,-15,-15,-15,sil
6.40883994102478,-30,-7,-9,-10,-8,2,-3,-29,-34,-26,-28,-35,-39,-25,sil
6.40883994102478,-31,-9,-12,-10,-8,8,-1,-18,-31,-17,-23,-32,-31,-20,sil
6.424148797988892,-26,-5,-6,10,0,9,4,-8,-17,-2,-15,-15,-22,-11,sil
6.424148797988892,-19,-2,-5,10,1,2,4,-2,0,8,-16,-8,-21,0,sil
6.440230846405029,0,-3,-6,2,5,6,8,10,24,32,-2,-8,0,14,sil
6.440230846405029,10,-5,4,5,5,7,5,14,29,33,1,0,8,18,sil
6.455956220626831,2,-3,10,9,3,13,6,3,15,12,-13,1,-9,10,sil
6.455956220626831,-5,-2,0,2,2,19,16,7,12,13,-20,-9,-17,9,sil
6.471046209335327,-2,-5,-8,-10,1,15,24,26,21,29,-5,0,0,17,sil
6.471046209335327,0,-12,-9,-10,1,7,21,19,26,16,0,9,11,14,sil
6.486282587051392,-2,-22,-16,-20,-5,-8,0,0,6,-17,-16,-6,0,-1,sil
6.50201153755188,1,-15,-16,-28,-17,-21,-19,-6,-13,-23,-7,-5,4,-11,sil
6.50201153755188,12,0,-8,-20,-9,-20,-21,-2,-9,-3,16,20,28,-4,sil
6.517453908920288,15,1,-3,-20,3,-18,-19,6,2,0,16,23,24,1,sil
6.517453908920288,7,0,-8,-19,1,-20,-20,10,6,-8,14,9,14,-3,sil
6.533095836639404,0,4,-8,-11,-4,-19,-27,-3,-9,-22,16,11,12,-10,sil
6.533095836639404,-2,9,9,2,0,-7,-23,-13,-24,-21,8,7,0,-7,sil
6.548474073410034,-1,10,25,14,8,6,-1,-9,-16,-8,6,-1,-9,-1,sil
6.548474073410034,-3,16,21,23,1,0,0,-5,-14,-10,6,0,-6,-2,sil
6.5636305809021,0,18,9,19,-4,-8,-11,-10,-21,-12,6,-1,-1,-10,sil
6.5636305809021,7,10,9,0,0,1,0,-5,-14,-4,11,-5,0,-8,sil
6.579368591308594,2,7,17,8,8,13,28,3,7,5,14,0,2,0,sil
6.579368591308594,0,8,9,41,7,15,35,0,15,19,-2,-4,-2,4,sil
6.594846248626709,0,3,0,29,3,18,22,-1,7,17,-20,-12,-13,6,sil
6.594846248626709,0,0,0,7,6,25,21,3,14,12,-1,-4,-3,10,sil
6.610394477844238,-10,-6,-2,8,1,12,10,-1,9,7,1,-7,-1,4,sil
6.610394477844238,-17,-14,-10,1,-4,6,-3,-15,-9,6,-27,-27,-20,-10,sil
6.625024080276489,-8,-10,-13,-2,0,18,6,-6,0,18,-31,-24,-21,-5,sil
6.625024080276489,5,-4,-7,-6,3,8,13,20,20,24,-8,5,1,18,sil
6.6412436962127686,6,-12,-13,-21,-1,-20,-5,19,22,10,1,15,22,19,sil
6.6412436962127686,-1,-20,-25,-34,-7,-29,-21,4,13,-5,-2,0,12,-1,sil
6.657256603240967,3,-7,-12,-20,-1,-11,-8,19,15,-1,0,2,6,0,sil
6.657256603240967,16,10,10,3,3,-3,3,21,17,6,11,30,25,16,sil
6.673291444778442,15,16,14,4,-1,-11,-16,-9,-8,-14,16,31,19,7,sil
6.673291444778442,10,15,7,0,2,-8,-26,-16,-29,-26,15,10,1,-6,sil
6.688822507858276,10,13,1,-2,10,-1,-7,-1,-22,-19,11,9,0,-6,sil
6.688822507858276,3,6,0,-9,-4,-7,1,-9,-25,-34,-3,9,-6,-12,sil
6.70488977432251,-6,-1,2,-12,-15,-14,-9,-30,-32,-47,-7,-2,-18,-25,sil
6.70488977432251,-15,-13,1,-10,-14,-9,-16,-26,-27,-30,-1,-11,-21,-23,sil
6.721051454544067,-22,-15,0,4,-14,6,-3,-15,-14,-4,2,-21,-20,-17,sil
6.721051454544067,-19,-3,4,19,-3,20,13,-3,-2,15,-2,-26,-23,-9,sil
6.736542224884033,-10,0,8,14,2,18,21,12,15,34,-12,-17,-19,1,sil
6.736542224884033,-6,-8,0,6,0,16,19,16,29,42,-13,-12,-8,5,sil
6.75191855430603,-2,-11,-2,4,3,21,20,16,26,31,-7,-6,-3,13,sil
6.75191855430603,4,-1,2,7,8,21,29,21,28,32,1,3,2,27,sil
6.767279863357544,0,0,-4,0,2,1,13,14,22,26,-1,-1,8,18,sil
6.767279863357544,-5,-5,-14,-11,6,-11,-11,4,2,-1,-9,-8,8,3,sil
6.782888412475586,-1,-3,-12,-4,19,-4,-10,2,4,-4,-3,0,15,1,sil
6.782888412475586,2,0,-8,-2,11,-8,-8,2,5,-4,0,3,14,0,sil
6.797986030578613,5,7,-3,-3,2,-18,-14,0,-7,-16,11,4,17,-1,sil
6.797986030578613,15,12,3,1,0,-13,-12,-2,-14,-17,24,13,26,7,sil
6.813126087188721,22,4,5,-6,-11,-10,-18,-4,-12,-10,17,21,21,11,sil
6.813126087188721,17,2,0,-11,-11,-14,-18,-1,-2,-1,11,22,17,3,sil
6.828704595565796,13,11,5,-1,0,-10,-8,0,-1,1,13,18,16,0,sil
6.828704595565796,15,20,17,9,0,-3,-3,-4,-8,-7,9,12,11,-4,sil
6.844254016876221,9,21,13,11,-2,-3,-2,-11,-7,-16,6,3,3,-10,sil
6.844254016876221,-2,13,6,5,0,-2,0,-10,-11,-21,0,-3,-18,-18,sil
6.859888792037964,-12,5,5,10,1,7,3,-7,-11,-13,-9,-8,-29,-22,sil
6.859888792037964,-17,-4,4,11,-2,13,5,-6,-1,-1,-16,-15,-24,-13,sil
6.875970125198364,-16,-10,9,11,-2,13,10,-7,-1,2,-19,-22,-26,-1,sil
6.875970125198364,-9,-5,12,19,3,15,16,-7,-7,5,-14,-14,-25,0,sil
6.892162799835205,-10,-6,5,9,3,16,12,2,1,18,-10,-2,-11,4,sil
6.892162799835205,-13,-18,-6,-3,-2,16,5,10,22,31,-7,-3,0,12,sil
6.9082019329071045,-7,-21,-15,-7,-5,4,5,9,20,17,-5,-5,2,18,sil
6.9082019329071045,2,-11,-16,-12,-2,-1,16,17,10,0,0,2,10,14,sil
6.923850297927856,8,-11,-16,-22,1,1,21,27,21,2,3,8,18,5,sil
6.923850297927856,6,-16,-17,-30,-6,-4,4,23,22,6,0,5,9,6,sil
6.938930511474609,6,-10,-27,-29,-13,-18,-13,5,7,0,9,6,13,7,sil
6.938930511474609,15,0,-20,-21,0,-22,-19,-7,-3,-5,15,13,18,0,sil
6.954938411712647,23,17,12,-1,11,-13,-13,-19,-10,-11,7,13,3,-6,sil
6.954938411712647,15,27,22,16,6,-1,-8,-29,-19,-11,10,3,-6,-10,sil
6.970956087112427,-3,16,8,9,1,1,-13,-25,-35,-19,9,-3,-12,-13,sil
6.970956087112427,-15,7,7,14,5,1,-11,-16,-35,-21,-3,-7,-15,-15,sil
6.986235618591309,-16,8,6,24,7,6,-2,-13,-19,-7,-15,-17,-17,-16,sil
6.986235618591309,-14,5,0,12,4,11,5,-2,-5,8,-17,-21,-19,-11,sil
7.001469612121582,-14,-2,0,6,8,19,17,7,5,14,-11,-16,-14,0,sil
7.001469612121582,-15,-10,0,9,4,10,12,9,9,6,-11,-12,-8,1,sil
7.016589879989624,-11,-12,-2,3,-3,0,11,13,19,12,-10,-14,-1,0,sil
7.016589879989624,-9,-13,-9,-9,-6,5,23,18,23,17,-7,-13,-2,7,sil
7.032416582107544,-5,-14,-10,-15,-9,3,11,19,12,0,-8,-2,-8,13,sil
7.032416582107544,7,-9,-6,-9,-9,-11,-13,16,10,-4,0,10,5,11,sil
7.047391176223755,14,-2,1,-11,-7,-18,-26,9,5,0,12,18,21,13,sil
7.047391176223755,11,0,1,-11,-8,-15,-29,0,-3,-2,19,24,25,8,sil
7.062956094741821,13,0,0,-7,-8,-21,-28,-2,0,-6,16,26,26,-2,sil
7.062956094741821,16,8,6,-3,0,-18,-13,-3,2,-6,14,19,27,-2,sil
7.078578472137451,14,19,12,11,11,-3,0,-8,0,-3,19,17,25,0,sil
7.078578472137451,15,21,16,15,8,0,-6,-12,0,-6,18,19,12,1,sil
7.094281196594238,10,16,16,6,3,1,-3,-10,-1,-1,14,7,6,-1,sil
7.094281196594238,-1,8,10,7,5,10,13,-9,-4,1,5,-9,1,-7,sil
7.111878871917725,-3,8,12,15,5,13,16,-5,-7,-3,-9,-6,-13,-3,sil
7.111878871917725,-1,11,13,23,7,16,12,-4,-10,0,-5,-2,-22,0,sil
7.125199556350708,-9,1,0,8,2,22,13,-6,-14,6,-4,-17,-26,-9,sil
7.125199556350708,-13,-14,-10,-3,-5,22,21,4,2,15,-15,-20,-20,-3,sil
7.141211032867432,-8,-18,-14,0,-2,12,23,15,27,26,-14,-5,-7,15,sil
7.141211032867432,-1,-13,-16,-7,-2,-1,7,10,18,12,-11,-1,-1,17,sil
7.157231330871582,4,-9,-14,-14,-9,-9,-5,2,1,-1,-6,-1,8,7,sil
7.157231330871582,3,-12,-15,-15,-9,-19,-9,1,-7,-5,0,7,13,5,sil
7.172095775604248,-3,-15,-15,-20,-7,-27,-15,-5,-18,-21,1,4,2,-2,sil
7.187490224838257,0,-1,-7,-17,-7,-22,-23,-16,-24,-35,-1,-5,-10,-16,sil
7.187490224838257,13,18,16,0,2,-5,-11,-1,-13,-16,2,0,-8,-9,sil
7.203039407730103,13,24,30,20,19,9,14,12,1,10,9,8,4,1,sil
7.203039407730103,-8,4,13,16,11,10,17,0,-1,7,-4,-5,-4,-2,sil
7.218130588531494,-30,-22,-13,-4,-6,14,10,-8,2,2,-26,-23,-27,-10,sil
7.218130588531494,-24,-29,-28,-20,-5,14,12,8,26,14,-23,-23,-18,-7,sil
7.233828544616699,-4,-9,-20,-29,-1,-3,-4,17,24,-1,-3,0,9,0,sil
7.233828544616699,6,12,-1,-14,4,-9,-30,2,0,-21,23,27,30,0,sil
7.248980760574341,5,23,18,15,19,5,-26,-11,-18,-9,27,13,17,-2,sil
7.248980760574341,1,15,23,28,17,19,9,-6,-5,22,0,-12,-5,0,sil
7.265061378479004,0,-9,0,12,-5,14,34,8,25,37,-9,-9,0,11,sil
7.265061378479004,1,-18,-20,-15,-21,-11,7,7,14,2,4,1,7,3,sil
7.281163930892944,0,4,-9,-6,-11,-22,-16,-14,-27,-41,4,-7,-11,-23,sil
7.281163930892944,-7,14,8,20,-1,2,-6,-24,-38,-33,-12,-16,-29,-27,sil
7.297222852706909,-2,3,16,25,-5,17,1,-3,-4,16,-10,-2,-10,6,sil
7.297222852706909,5,0,6,17,0,2,-5,10,19,41,11,15,21,35,sil
7.312855243682861,-4,-2,-10,-2,2,-5,-9,0,0,6,1,10,6,20,sil
7.312855243682861,-14,-14,-18,-13,-8,-4,2,-6,-2,-11,-18,-9,-17,-5,sil
7.3280510902404785,0,-13,-7,-2,-9,-13,10,13,26,11,-8,-3,1,2,sil
7.3280510902404785,22,6,14,2,1,-22,-1,28,31,5,12,24,27,17,sil
7.344167947769165,34,17,16,-2,8,-19,-17,18,9,-14,21,27,21,4,hello
7.344167947769165,26,6,5,-6,8,-15,-19,5,-4,-6,11,10,9,0,hello
7.359764099121094,6,1,-1,-7,6,-8,-11,-2,-11,0,8,13,15,1,hello
7.359764099121094,0,4,-7,-9,3,-1,-10,-14,-23,-12,12,13,8,-12,hello
7.374901294708252,0,3,-4,-8,1,3,-3,-18,-28,-19,6,-4,-10,-17,hello
7.374901294708252,0,15,12,10,6,14,16,-14,-17,-4,8,-9,-8,-7,hello
7.391000747680664,6,27,27,26,12,27,25,-12,-9,4,15,5,3,0,hello
7.391000747680664,9,16,24,26,11,35,27,-11,0,9,12,8,4,9,hello
7.406867742538452,-3,-4,9,14,6,28,26,-1,13,19,0,-6,-4,14,hello
7.406867742538452,-21,-17,-3,-2,-1,16,17,15,16,24,-17,-20,-13,1,hello
7.422147989273071,-33,-26,-19,-19,-11,15,16,18,12,20,-34,-30,-20,-8,hello
7.422147989273071,-35,-35,-35,-36,-23,0,8,13,7,3,-38,-35,-27,-6,hello
7.438214778900146,-15,-30,-31,-32,-28,-24,-13,10,10,-5,-23,-17,-10,-3,hello
7.438214778900146,2,-15,-16,-23,-19,-31,-25,4,12,-7,1,9,16,1,hello
7.454200983047485,6,-1,-7,-27,-10,-33,-21,1,2,-17,17,21,22,5,hello
7.454200983047485,15,8,2,-8,-3,-33,-21,-4,-3,-19,24,20,20,2,hello
7.469346761703491,18,14,20,19,4,-12,-28,-20,-11,-16,13,14,9,-4,hello
7.469346761703491,3,18,20,25,15,7,-17,-25,-24,-16,-3,0,-8,-12,hello
7.485468864440918,-3,20,5,26,24,7,2,-13,-22,-9,-9,-10,-17,-9,hello
7.485468864440918,-3,12,11,26,18,11,12,0,-8,2,-12,-5,-20,-2,hello
7.501088857650757,-9,-4,4,20,5,27,19,7,10,18,-18,-8,-15,0,hello
7.501088857650757,-13,-15,-17,2,0,25,22,13,23,25,-30,-18,-16,8,hello
7.51695442199707,-3,-8,-16,-4,3,13,20,24,29,28,-25,-6,-9,15,hello
7.51695442199707,5,-7,-12,-9,-1,-5,-1,20,23,15,-3,6,10,2,hello
7.532108306884766,4,-13,-21,-25,-15,-23,-27,2,-4,-21,3,0,12,-12,hello
7.532108306884766,7,2,-3,-11,-7,-10,-18,-9,-24,-29,13,3,10,-11,hello
7.547415971755981,16,20,23,13,7,2,4,-13,-25,-11,27,17,11,-2,hello
7.547415971755981,6,13,18,12,5,7,10,-13,-21,-13,25,6,2,-4,hello
7.5635223388671875,-15,0,1,8,5,20,12,-8,-8,-13,10,-20,-7,-9,hello
7.5635223388671875,-20,-7,-4,-1,4,13,12,4,10,13,3,-16,-2,5,hello
7.579147815704346,6,-5,0,-7,0,-6,11,17,33,39,18,12,20,32,hello
7.579147815704346,32,8,11,1,1,-18,-1,17,37,27,32,34,38,31,hello
7.595062255859375,25,10,17,2,-5,-27,-26,3,13,6,37,36,34,8,hello
7.595062255859375,11,6,10,3,-8,-18,-29,-16,-10,7,35,26,22,-4,hello
7.610215425491333,12,20,13,16,1,-2,-17,-28,-27,-5,5,8,0,-7,hello
7.610215425491333,3,24,17,24,7,1,-3,-28,-32,-24,-25,-10,-25,-12,hello
7.625821828842163,-19,-5,2,10,-3,8,7,-18,-32,-23,-35,-26,-42,-17,hello
7.625821828842163,-31,-27,-18,-9,-17,20,18,2,-20,-14,-41,-35,-42,-15,hello
7.641310691833496,-26,-28,-33,-23,-18,9,27,23,8,1,-41,-31,-27,-6,hello
7.641310691833496,-19,-30,-33,-34,-13,-5,21,27,26,7,-35,-18,-19,0,hello
7.657297611236572,-11,-20,-20,-26,-2,0,2,14,23,-4,-19,-6,-4,0,hello
7.657297611236572,0,-2,-12,-14,3,-4,-18,2,8,-9,-2,4,20,4,hello
7.672561883926392,12,7,0,-13,5,-21,-24,-3,-10,-3,9,19,27,16,hello
7.672561883926392,20,18,13,0,10,-13,-11,-8,-10,-3,20,24,16,10,hello
7.687806844711304,12,19,19,8,9,0,-8,-2,0,-13,12,14,3,0,hello
7.687806844711304,0,8,14,8,4,4,-6,5,5,-3,6,3,0,-2,hello
7.702972888946533,-2,3,9,15,8,16,11,0,7,14,16,0,-2,-1,hello
7.702972888946533,-3,2,15,17,8,23,20,-3,6,13,3,-8,-10,-2,hello
7.71855092048645,-2,-4,14,16,0,25,20,3,12,22,-8,-12,-5,4,hello
7.71855092048645,0,-13,0,2,-8,18,18,8,10,30,0,-5,6,12,hello
7.734182596206665,-4,-17,-14,-21,-10,0,4,7,4,8,0,-3,6,0,hello
7.734182596206665,-9,-14,-22,-24,-6,-15,-7,11,19,-7,-2,-2,7,-9,hello
7.750109910964966,12,1,0,-11,-1,-16,-11,20,21,-4,12,20,15,1,hello
7.750109910964966,35,22,28,3,7,-11,-8,13,4,1,32,38,25,7,hello
7.766232252120972,20,25,15,19,13,-14,-17,-15,-12,-4,29,13,19,-4,hello
7.766232252120972,0,19,12,15,6,-20,-38,-39,-48,-27,0,-3,-11,-10,hello
7.781959295272827,-2,23,29,13,5,0,-27,-33,-57,-26,-10,1,-24,-8,hello
7.781959295272827,-3,21,-9,46,15,35,27,-14,-2,24,7,-20,3,-12,hello
7.79782772064209,-14,-3,-53,42,9,28,51,-5,29,46,-6,-42,1,0,hello
7.79782772064209,-24,-30,-28,-18,-9,0,31,4,7,4,-47,-21,-36,13,hello
7.813014030456543,-24,-36,-24,-38,-12,0,29,15,14,-4,-35,-12,-24,7,hello
7.813014030456543,-15,-32,-40,-21,-11,-5,14,17,33,6,-10,-16,2,3,hello
7.828127384185791,-1,-22,-11,-25,-15,-23,-23,16,10,-15,-16,6,-3,6,hello
7.828127384185791,6,-3,4,-18,-6,-18,-31,6,-6,-30,-3,17,1,-3,hello
9.403233051300049,5,6,1,-5,6,-16,-23,-11,-36,-22,13,6,1,-8,hello
9.403233051300049,-2,8,0,5,8,-11,-23,-14,-25,-27,5,-5,-4,-15,hello
9.41924262046814,0,9,5,10,3,-5,-14,-12,-9,-23,8,-1,0,-7,hello
9.41924262046814,-6,0,15,5,-10,6,1,-10,-23,-14,-7,-10,-22,-15,hello
9.4344584941864,-16,-10,-7,17,-11,19,19,-6,-2,13,-18,-30,-26,-19,hello
9.4344584941864,5,-4,-1,11,0,2,14,13,24,26,-9,0,-3,21,hello
9.449925422668455,27,6,31,-5,6,-10,2,28,25,20,5,42,16,46,hello
9.465055465698242,22,15,12,5,8,-5,0,10,15,12,19,24,29,8,hello
9.465055465698242,12,22,0,16,17,0,-5,-6,-11,-13,14,6,14,-14,hello
9.48109006881714,1,19,17,17,22,4,0,-10,-28,-22,-4,4,-10,-6,hello
9.48109006881714,-12,-5,1,3,3,11,13,-11,-17,-1,-21,-16,-19,-5,hello
9.48109006881714,-15,-34,-21,-27,-17,9,12,2,5,13,-24,-25,-11,-5,hello
9.496236085891724,-10,-36,-29,-42,-15,-2,-1,19,30,5,-12,-11,3,0,hello
9.511996507644652,-7,-20,-27,-38,-9,-19,-21,11,14,-20,-2,0,7,0,hello
9.511996507644652,-3,-8,-12,-32,-18,-20,-28,-10,-12,-27,7,5,4,-13,hello
9.527297019958496,-1,0,0,-20,-16,-5,-15,-13,-9,-10,10,8,1,-19,hello
9.527297019958496,1,22,16,7,2,7,3,-4,-3,-3,11,8,0,-7,hello
9.542981147766112,3,37,24,37,10,15,16,-6,-5,0,15,-1,0,0,hello
9.542981147766112,-3,15,10,28,3,14,14,-7,-8,6,-1,-15,-10,0,hello
9.55861759185791,-2,1,7,19,2,17,23,7,1,19,-17,-4,-12,14,hello
9.55861759185791,9,6,4,36,13,27,43,15,26,39,0,4,6,28,hello
9.574615716934204,0,-13,-13,14,10,20,27,3,23,25,-5,-10,-1,19,hello
9.574615716934204,-19,-33,-13,-32,-2,0,-3,5,0,0,-31,-11,-24,6,hello
9.590235948562622,-12,-13,-18,-20,-1,-12,-6,9,6,6,-11,-4,1,-5,hello
9.590235948562622,2,4,-31,7,0,-25,-20,-8,4,-1,17,-7,28,-14,hello
9.606266498565674,5,-2,-9,-12,-14,-35,-48,-14,-27,-35,12,4,12,-11,hello
9.606266498565674,11,4,6,-17,-14,-19,-31,-5,-22,-22,21,23,12,-10,hello
9.621318817138672,22,25,11,7,7,-2,-11,-9,-3,-3,32,27,17,-8,hello
9.621318817138672,20,32,36,18,17,-4,-17,-10,-13,-17,14,20,-2,-1,hello
9.637332677841188,2,22,31,15,11,0,-8,-5,-11,-12,0,0,-9,-7,hello
9.637332677841188,-10,2,9,6,0,8,5,-8,-11,-4,-14,-17,-13,-13,hello
9.652920007705688,-6,-4,15,10,0,14,15,-3,-9,1,-18,-11,-18,1,hello
9.652920007705688,5,-1,16,20,8,18,26,10,13,21,-1,3,-2,23,hello
9.66798973083496,3,-2,2,10,5,11,19,17,18,18,0,3,4,24,hello
9.66798973083496,-7,-17,-7,-4,-9,0,12,18,18,11,-6,-7,0,11,hello
9.683706998825071,-6,-35,-18,-36,-14,-6,10,23,31,24,3,0,10,15,hello
9.683706998825071,9,-25,-13,-52,-1,-7,0,21,27,22,17,25,26,22,hello
9.69928789138794,10,-1,-5,-20,5,-14,-12,-1,0,-8,13,16,17,-1,hello
9.69928789138794,-9,2,-13,0,-6,-22,-28,-23,-28,-39,-7,-15,-9,-31,hello
9.715283632278442,-16,6,-12,0,-10,-14,-28,-29,-36,-37,-12,-16,-15,-32,hello
9.715283632278442,-6,15,4,15,0,0,-11,-23,-31,-24,-3,-5,-15,-23,hello
9.73024868965149,-3,14,15,25,1,11,7,-9,-21,-17,-5,-8,-19,-10,hello
9.73024868965149,-4,4,8,23,8,28,26,2,0,6,-5,-6,-5,13,hello
9.745307207107544,-7,-7,-4,16,14,33,36,6,18,29,-10,-8,-2,21,hello
9.745307207107544,-7,-11,-9,8,6,31,39,13,32,40,-13,-14,-11,10,hello
9.76089882850647,-1,-11,-14,-3,-5,20,25,17,35,40,-8,-7,-4,10,hello
9.76089882850647,-2,-17,-23,-24,-15,-3,0,11,22,13,-12,-3,2,9,hello
9.776849269866943,-5,-12,-23,-28,-16,-25,-16,8,14,-1,-10,-2,9,-4,hello
9.776849269866943,5,0,-7,-24,-7,-29,-19,8,3,0,1,8,17,-6,hello
9.792040586471558,21,7,5,-14,0,-24,-18,0,-2,-2,17,22,24,7,hello
9.792040586471558,28,17,9,7,2,-19,-21,-10,-7,-12,34,28,32,3,hello
9.807514429092407,15,22,10,12,4,-7,-29,-15,-30,-27,29,17,17,-15,hello
9.807514429092407,-11,9,8,2,2,-2,-22,-19,-39,-32,4,-6,-10,-26,hello
9.823121786117554,-15,6,12,10,1,0,-6,-15,-20,-17,-8,-17,-21,-20,hello
9.823121786117554,1,19,20,32,12,16,8,-1,-8,0,-2,-3,-14,-8,hello
9.838552236557009,0,9,17,29,16,26,18,0,-9,-4,-1,0,-16,4,hello
9.838552236557009,-20,-14,1,1,-5,12,19,-3,-3,-6,-14,-18,-29,8,hello
9.854548692703249,-18,-18,-14,-12,-14,6,18,9,18,16,-21,-21,-19,0,hello
9.854548692703249,-2,-10,-13,-10,1,5,11,27,34,29,-18,1,4,9,hello
9.87017035484314,6,-10,-6,-11,7,-11,2,21,31,22,-6,12,17,24,hello
9.87017035484314,6,-13,-11,-20,-5,-28,-12,5,7,5,0,5,12,12,hello
9.885908603668211,6,-3,0,-25,-8,-23,-24,0,-13,-11,6,11,15,-1,hello
9.885908603668211,18,16,8,3,9,-3,-9,-5,-8,-5,36,18,34,0,hello
9.902021408081056,26,26,13,26,14,-2,-1,-13,-13,-11,39,19,17,0,sil
9.902021408081056,14,17,34,9,0,0,-6,-13,-29,-31,8,21,-13,-6,sil
9.91812801361084,2,2,22,-1,0,15,3,-23,-19,-18,-2,0,-14,-13,sil
9.91812801361084,-1,3,3,17,12,18,10,-23,-12,-12,-7,-14,-24,-12,sil
9.93421745300293,-3,18,23,48,12,18,17,-4,-3,-10,-10,-8,-25,-3,sil
9.93421745300293,-12,0,7,32,2,24,28,6,18,21,-8,-17,-7,3,sil
9.950030088424684,-28,-35,-35,-19,-9,19,20,12,26,42,-17,-21,-8,8,sil
9.950030088424684,-27,-40,-39,-35,-12,9,8,22,31,43,-19,-8,-6,14,sil
9.965340375900269,-11,-26,-24,-24,-16,-3,4,20,30,31,-14,-9,4,15,sil
9.965340375900269,-5,-17,-24,-23,-18,-7,0,15,23,13,-7,-10,14,10,sil
9.981464385986328,1,-6,-18,-22,-7,-3,-2,17,26,12,17,9,34,13,sil
9.981464385986328,24,7,7,-11,1,-14,-10,7,14,6,35,27,38,18,sil
9.997199058532717,29,16,15,3,0,-29,-27,-16,-20,-26,15,20,6,0,sil
9.997199058532717,3,6,-1,-2,-10,-28,-40,-25,-43,-47,-11,0,-17,-29,sil
10.01222848892212,-15,-3,-12,-17,-10,-24,-31,-10,-29,-31,-7,-13,-6,-37,sil
10.01222848892212,-10,1,0,-10,1,-22,-19,-1,-13,-19,-1,-9,1,-20,sil
10.02752447128296,0,12,13,7,8,-4,-7,-2,-13,-11,-5,1,-4,-3,sil
10.02752447128296,-3,6,1,17,5,14,9,-3,-9,12,-1,0,-5,-2,sil
10.04870080947876,-13,-1,-5,7,2,20,17,2,-3,14,0,-6,-8,0,sil
10.04870080947876,-3,9,11,8,10,21,18,4,1,1,1,3,-4,11,sil
10.058325052261353,14,19,16,21,15,15,12,1,0,0,5,12,4,12,sil
10.058325052261353,12,11,7,10,4,1,2,0,-11,-7,0,13,2,0,sil
10.073932886123655,11,10,8,2,0,-6,0,-7,-14,-22,4,10,-1,-7,sil
10.073932886123655,14,12,8,12,7,0,1,-10,-4,-16,13,-5,-5,-9,sil
10.089116096496582,2,0,15,8,6,5,1,0,-4,3,0,-11,-13,-9,sil
10.089116096496582,-8,-3,16,8,1,10,11,2,2,15,-3,-10,-4,-5,sil
10.105011701583862,-4,4,-9,29,9,15,24,-5,22,14,4,-22,7,-1,sil
10.105011701583862,-2,-1,-8,15,9,17,19,0,13,6,-20,-12,-7,10,sil
10.120022058486938,-10,-15,10,-19,-10,20,13,18,6,11,-44,1,-20,21,sil
10.120022058486938,-19,-21,-17,-14,-14,17,24,20,35,35,-21,-23,-5,15,sil
10.1352379322052,-13,-20,-33,-7,4,2,20,17,44,35,-1,-18,8,17,sil
10.1352379322052,8,-9,-7,-15,0,-5,1,18,24,17,6,24,15,29,sil
10.15131950378418,8,-9,-15,-18,-20,-20,-15,0,8,0,5,14,7,8,sil
10.15131950378418,-12,-21,-37,-37,-21,-41,-36,-14,-14,-25,-10,-11,-13,-25,sil
10.166940450668337,-5,-13,-22,-39,-7,-31,-40,-4,-16,-24,9,8,4,-26,sil
10.166940450668337,10,3,1,-14,-5,-14,-34,-7,-8,-6,44,27,29,-12,sil
10.18196940422058,11,13,21,-1,-6,-19,-38,-24,-33,-22,31,18,5,-14,sil
10.197422742843628,22,26,39,17,7,-15,-27,-19,-33,-30,23,22,0,-7,sil
10.197422742843628,27,28,41,31,11,0,-8,-3,-6,-7,21,29,16,7,sil
10.212684154510498,0,8,23,19,2,8,2,-2,-5,4,-1,8,4,3,sil
10.212684154510498,-11,-3,6,12,3,18,10,-5,-14,-4,-10,-6,-6,0,sil
10.228195667266846,8,10,22,23,8,24,18,-2,-7,-7,-2,4,0,14,sil
10.228195667266846,5,16,23,28,6,24,28,-6,0,5,-2,2,-7,9,sil
10.2437641620636,-21,-13,-14,2,-6,13,26,-6,-8,7,-16,-21,-32,-8,sil
10.2437641620636,-22,-35,-33,-24,-13,2,16,12,1,7,-22,-26,-23,-6,sil
10.2593412399292,-1,-22,-18,-22,-4,-1,12,31,32,26,-3,-9,13,11,sil
10.2593412399292,6,-8,-10,-18,0,-8,7,31,32,24,9,4,28,21,sil
10.274434089660645,12,1,-14,-6,0,-14,0,19,15,0,11,13,30,11,sil
10.274434089660645,11,16,-6,2,13,-16,-10,7,5,-12,5,10,19,0,sil
10.290046215057371,5,28,8,11,19,-8,-10,-3,0,0,8,0,10,-3,sil
10.290046215057371,9,30,4,21,15,3,-2,-15,-11,-2,11,-3,11,-6,sil
10.305299282073976,0,20,1,3,11,8,-3,-16,-31,-37,-22,-13,-18,-13,sil
10.305299282073976,-29,2,-11,-6,11,15,0,-18,-24,-28,-49,-44,-50,-26,sil
10.321401357650757,-41,-16,-38,4,1,12,2,-22,-8,8,-39,-59,-45,-32,sil
10.321401357650757,-27,-24,-24,-6,-11,-2,-2,-11,-15,-3,-34,-34,-42,-23,sil
10.336992502212524,-18,-19,0,-12,-12,4,4,-1,-5,-9,-30,-25,-40,-25,sil
10.336992502212524,-21,-18,-5,-1,-14,14,6,1,9,13,-16,-29,-20,-19,sil
10.352965831756592,-9,-9,3,1,-15,10,1,17,18,25,6,7,11,11,sil
10.352965831756592,13,2,22,2,-1,8,16,20,40,38,36,42,35,30,sil
10.36804723739624,16,-1,19,0,0,1,17,8,37,34,35,30,23,27,sil
10.36804723739624,15,-5,12,-1,-6,-10,2,5,17,13,22,24,17,32,sil
10.383256435394289,31,5,21,11,-4,-8,0,12,13,8,39,49,45,44,sil
10.383256435394289,39,12,27,15,0,-4,-2,11,13,11,50,55,54,32,sil
10.398845195770264,20,7,8,2,-2,-13,-22,1,1,0,18,25,20,0,sil
10.398845195770264,0,1,-6,-7,-10,-21,-25,-10,-14,-17,-11,4,-13,-11,sil
10.414273977279665,-5,-6,-5,-7,-10,-19,-11,-21,-25,-28,-7,4,-16,-9,sil
10.414273977279665,0,-11,-11,-14,-2,-13,-17,-14,-22,-29,-1,1,-3,-8,sil
10.429848909378052,11,0,-4,-11,6,-3,-19,4,-3,-14,5,5,11,0,sil
10.429848909378052,15,15,8,-1,15,4,-2,8,11,-1,19,11,20,6,sil
10.444894075393677,6,10,0,-5,16,4,1,-3,-1,-11,8,3,8,-4,sil
10.444894075393677,-3,-1,-13,-7,7,0,-4,-10,-20,-21,-7,-10,-5,-17,sil
10.46141529083252,-10,-3,-9,-9,-7,-6,-6,-12,-29,-27,-11,-21,-15,-21,sil
10.46141529083252,-16,0,-3,-8,-7,-13,-8,-18,-33,-27,-16,-29,-22,-23,sil
10.476954221725464,-7,16,5,15,9,0,-5,-19,-25,-7,-18,-20,-21,-14,sil
10.476954221725464,7,28,24,38,17,21,8,-5,-13,14,-12,-3,-16,-1,sil
10.4923255443573,-2,11,16,28,10,20,19,-4,-12,11,-15,-13,-22,-4,sil
10.4923255443573,-26,-11,-10,0,-1,0,16,-10,-23,-8,-36,-33,-43,-14,sil
10.507997274398804,-25,-7,-11,-1,-3,6,25,3,-10,-3,-40,-27,-39,-10,sil
10.507997274398804,-14,-1,-1,13,2,30,38,26,24,25,-17,-13,-12,5,sil
10.523170948028564,-14,-13,-8,1,0,27,28,36,45,36,-7,-8,1,21,sil
10.523170948028564,-14,-21,-23,-21,-7,3,15,33,44,34,0,-4,20,21,sil
10.53925895690918,-1,-17,-22,-28,-5,-13,0,21,31,19,14,9,40,13,sil
10.53925895690918,11,-4,-8,-13,1,-12,-17,7,20,5,31,28,43,13,sil
10.554428100585938,12,9,2,2,7,-5,-20,1,18,12,39,31,35,4,sil
10.554428100585938,8,16,15,12,1,-3,-17,-3,14,10,32,12,13,-8,sil
10.571057081222534,14,22,28,33,-6,8,-2,-8,16,7,21,1,-2,-3,sil
10.571057081222534,20,12,28,34,-6,18,16,-1,15,20,8,4,-3,19,sil
10.5870463848114,10,-16,7,-3,-4,7,18,7,10,24,-4,4,0,29,sil
10.5870463848114,-7,-42,-24,-39,-9,-9,2,3,12,3,-14,-2,4,17,sil
10.602166652679443,-14,-40,-38,-55,-11,-19,-14,1,1,-19,-16,-3,4,-4,sil
10.602166652679443,-1,-7,-22,-35,0,-18,-14,0,-10,-22,0,8,10,-19,sil
10.61760115623474,15,21,1,2,0,-15,-6,-10,-14,-26,15,19,14,-8,sil
10.61760115623474,20,20,14,13,-9,-21,-13,-15,-24,-31,11,14,5,-1,sil
10.633435010910034,18,10,9,3,-10,-23,-25,-21,-31,-21,9,5,0,-10,sil
10.633435010910034,14,6,5,-3,-3,-13,-29,-29,-40,-23,1,1,-10,-10,sil
10.648991346359251,-3,3,4,2,1,-4,-25,-28,-49,-32,-7,-6,-19,-14,sil
10.648991346359251,-19,2,2,14,12,0,-20,-15,-39,-20,0,-8,-12,-21,sil
10.66450023651123,-5,17,12,20,25,9,-1,1,-13,-4,9,1,0,-3,sil
10.66450023651123,3,28,17,24,22,19,18,4,-1,-4,-3,-2,-8,2,sil
10.680304050445557,-8,13,10,16,0,11,16,-2,-7,-13,-32,-24,-37,-13,sil
10.680304050445557,-10,0,0,8,-7,10,24,1,2,1,-45,-31,-41,-10,sil
10.695898532867432,-4,-1,-2,14,1,16,29,4,15,19,-35,-21,-24,2,sil
10.695898532867432,-18,-9,-4,8,1,11,8,-4,0,7,-14,-11,-14,-2,sil
10.71198058128357,-32,-20,-16,-7,0,9,2,-4,-6,3,0,-9,-4,-10,sil
10.71198058128357,-25,-17,-19,-11,6,10,13,11,8,12,0,-9,-3,0,sil
10.72728967666626,-3,-3,-2,1,9,7,12,23,30,18,6,0,0,15,sil
10.72728967666626,13,0,2,-2,2,3,6,24,38,19,16,17,17,18,sil
10.74329113960266,14,-4,1,-17,-4,6,3,24,35,22,11,19,30,14,sil
10.74329113960266,16,-6,6,-8,-5,11,11,28,47,46,17,14,40,21,sil
10.75879979133606,17,-11,1,-16,-9,0,10,24,49,48,17,19,42,24,sil
10.75879979133606,5,-20,-10,-35,-18,-15,-7,8,22,9,4,17,28,10,sil
10.774847984313965,0,-18,-15,-27,-16,-17,-19,-1,0,-13,7,6,20,4,sil
10.774847984313965,0,-3,-10,-14,-11,-16,-17,0,-9,-9,15,5,18,5,sil
10.79091501235962,4,12,-3,0,-3,-17,-15,-5,-20,-11,17,11,14,-1,sil
10.79091501235962,18,21,8,18,5,-17,-14,-16,-28,-16,16,16,7,0,sil
10.806202411651611,28,29,23,32,8,-6,0,-18,-17,-3,19,15,1,2,sil
10.806202411651611,15,25,15,28,10,1,7,-21,-16,-5,11,-2,-14,-13,sil
10.821889400482178,-5,7,0,4,8,-1,-2,-24,-45,-36,-13,-18,-34,-25,sil
10.821889400482178,-8,0,-1,-5,2,-5,-5,-18,-42,-40,-15,-15,-25,-15,sil
10.8372905254364,-1,8,7,8,0,-6,-4,-6,-13,-17,-2,-9,-10,-6,sil
10.8372905254364,-1,11,12,20,1,0,-4,0,-5,0,-1,-5,-10,-8,sil
10.852877855300903,-14,-1,0,6,0,8,2,1,2,14,-2,-8,-7,-4,sil
10.852877855300903,-21,-18,-8,-16,-1,12,10,9,19,19,-8,-16,-4,10,sil
10.868910312652588,-10,-10,-1,-1,-2,19,13,14,23,20,-10,-5,-1,14,sil
10.868910312652588,0,3,7,18,0,20,8,3,12,16,-5,4,-5,5,sil
10.884865999221802,-12,-2,-1,6,1,12,1,-9,-2,-7,-21,-11,-26,-6,sil
10.884865999221802,-25,-19,-19,-9,-6,8,-4,-21,-18,-37,-49,-30,-51,-25,sil
10.900999069213867,-14,-21,-22,-17,-13,0,-10,-15,-17,-29,-43,-20,-50,-25,sil
10.900999069213867,2,-9,-9,-15,0,-7,-1,6,11,9,-2,0,-7,0,sil
10.91691255569458,2,-6,-8,-13,5,-2,5,20,25,22,4,4,20,9,sil
10.91691255569458,-6,-13,-16,-17,-8,-6,-3,13,13,4,-14,-3,10,-1,sil
10.932116746902466,-4,-9,-22,-13,-9,-10,-9,8,14,9,0,-3,17,0,sil
10.932116746902466,17,7,-3,-7,7,-5,-4,19,19,19,31,19,47,18,sil
10.948144674301147,43,26,27,12,22,0,9,24,20,13,50,52,73,34,sil
10.948144674301147,44,33,33,29,26,-4,11,7,10,1,52,54,66,31,sil
10.963316202163696,19,25,16,16,15,-13,-3,-8,-10,-10,31,23,35,0,sil
10.963316202163696,0,12,11,3,2,-15,-16,-18,-18,-16,18,3,21,-23,sil
10.978899717330933,0,9,17,14,-4,-10,-17,-21,-24,-23,14,2,8,-20,sil
10.99398708343506,-1,10,12,20,-7,5,-2,-19,-36,-31,-3,-9,-31,-14,sil
10.99398708343506,-17,-1,1,3,-9,11,10,-15,-33,-24,-28,-25,-60,-13,sil
10.99398708343506,-28,-16,-1,-8,-14,4,7,-6,-13,-2,-33,-27,-50,-5,sil
11.009518146514893,-26,-18,-7,0,-12,8,6,3,2,19,-27,-27,-38,-1,sil
11.024724006652832,-20,-16,-13,0,-5,18,12,8,0,19,-21,-26,-39,1,sil
11.024724006652832,-16,-19,-15,-14,-4,21,18,11,12,22,-5,-15,-19,12,sil
11.03986930847168,-8,-14,-11,-9,-1,17,21,15,27,31,0,-3,1,18,sil
11.03986930847168,3,-5,-3,-2,-3,1,6,6,11,19,-2,5,2,12,sil
11.055084466934204,7,-19,-12,-32,-15,-21,-11,-4,4,11,2,6,13,2,sil
11.055084466934204,0,-29,-24,-64,-12,-24,-13,7,16,12,0,0,23,0,sil
11.071194410324097,8,1,-3,-16,12,0,4,19,23,9,0,9,19,8,sil
11.071194410324097,25,25,13,39,23,8,5,9,22,7,13,22,20,17,sil
11.087156772613524,22,14,9,22,7,-7,-19,0,12,-5,15,21,22,6,sil
11.087156772613524,17,18,9,6,6,-7,-16,0,0,-17,20,21,25,0,sil
11.10284161567688,19,27,17,15,12,-8,0,2,-5,-12,24,22,19,4,sil
11.10284161567688,14,16,14,9,2,-16,-6,-2,-3,-7,9,10,2,-4,sil
11.118007183074951,1,10,0,0,-1,-16,-17,-19,-9,-18,-2,0,-8,-26,sil
11.118007183074951,-10,15,-3,2,-1,-9,-14,-26,-24,-28,-4,-4,-13,-32,sil
11.13330626487732,-17,11,5,12,0,3,-1,-17,-18,-9,-11,-20,-18,-25,sil
11.13330626487732,-16,0,11,15,2,22,8,-4,-5,2,-26,-30,-25,-15,sil
11.149506092071531,-13,-8,1,6,4,26,16,0,-8,-7,-26,-22,-28,-2,sil
11.149506092071531,-14,-12,-3,11,-1,12,10,-6,-15,-7,-16,-16,-26,3,sil
11.165058135986328,-16,-16,6,12,-13,4,3,-7,-17,-5,-20,-18,-21,6,sil
11.165058135986328,-16,-22,-1,-3,-14,8,10,4,0,-1,-20,-13,-6,9,sil
11.181065797805786,-16,-29,-29,-29,-3,3,7,14,15,9,-9,-6,4,14,sil
11.181065797805786,-7,-25,-28,-32,0,-8,-5,17,15,14,2,6,15,18,sil
11.197142601013184,11,-9,-8,-12,0,-9,-8,11,5,1,18,21,33,12,sil
11.197142601013184,21,6,-1,-3,4,-4,-11,0,-10,-13,26,21,29,2,sil
11.213251113891602,18,19,5,3,13,-4,-9,-1,-9,-1,34,19,24,2,sil
11.213251113891602,20,26,19,11,12,-5,2,3,7,13,44,25,26,4,sil
11.2288818359375,13,20,13,5,1,1,6,0,7,5,24,12,3,-3,sil
11.2288818359375,-5,6,-1,2,0,8,7,-5,-2,3,-10,-14,-20,-9,sil
11.244954347610474,-5,1,1,10,0,4,11,0,5,15,-15,-16,-17,-2,sil
11.244954347610474,5,4,3,10,-6,8,16,7,29,26,2,-2,-4,8,sil
11.261040449142456,1,-6,-15,-9,-19,-1,9,8,25,19,-2,-5,1,15,sil
11.261040449142456,-1,-15,-18,-25,-21,-28,-9,2,1,-1,-14,0,6,5,sil
11.27610969543457,6,-1,-2,-11,-3,-24,-24,-8,-6,-15,2,17,7,-14,sil
11.27610969543457,8,8,7,0,9,0,-17,-15,-17,-12,11,9,-3,-19,sil
11.292327880859377,-6,0,12,2,11,13,4,-10,-21,-1,-2,-14,-14,-11,sil
11.292327880859377,-15,-2,15,12,8,15,12,0,-4,-2,-14,-16,-20,-8,sil
11.308198690414429,-9,1,13,17,3,20,10,5,2,-5,-21,-4,-20,-5,sil
11.308198690414429,-8,-11,-1,8,3,16,17,6,0,6,-28,-8,-14,0,sil
11.323321104049684,-10,-24,-11,-15,0,-4,4,9,5,0,-25,-9,-9,7,sil
11.323321104049684,4,-8,-1,-18,-6,-16,-17,7,6,-13,-2,10,11,11,sil
11.3388774394989,14,8,8,-4,0,-10,-17,-3,-2,-15,7,16,21,2,hello
11.3388774394989,-1,8,6,-8,-3,-13,-16,-7,-12,-22,-2,0,0,-12,hello
11.35399866104126,-6,7,3,-1,-8,-18,-15,-4,-7,-13,4,-4,-1,-16,hello
11.35399866104126,0,9,8,15,5,2,0,-4,-6,4,8,0,0,-4,hello
11.369549989700316,-6,3,3,20,12,24,14,-1,-2,10,-7,-9,-10,6,hello
11.369549989700316,-12,-10,-17,6,1,11,9,5,13,9,-12,-7,-5,13,hello
11.385536193847656,-3,-11,-24,-8,0,-10,-6,9,15,5,-6,1,7,17,hello
11.385536193847656,7,0,-13,-10,3,-12,-9,4,11,9,8,8,19,12,hello
11.401089906692505,13,8,-5,-6,0,-12,-6,0,7,3,30,18,25,4,hello
11.401089906692505,19,17,10,8,0,-4,3,-2,0,-2,45,25,23,3,hello
11.416959285736084,22,28,25,28,7,11,13,-3,0,13,50,20,24,8,hello
11.416959285736084,10,25,23,25,4,13,10,-1,1,19,35,9,11,2,hello
11.432563066482544,-9,7,4,13,8,19,10,-6,-5,0,0,-10,-19,-17,hello
11.432563066482544,-12,-10,-11,3,10,24,17,-10,-13,-5,-27,-28,-39,-24,hello
11.448347330093384,-8,-21,-14,-7,-4,14,20,0,-3,13,-25,-25,-24,-7,hello
11.448347330093384,-12,-20,-15,-14,-15,1,15,7,9,16,-17,-19,-7,0,hello
11.46388053894043,-3,-17,-11,-16,-14,-5,1,5,5,0,-23,-11,-6,1,hello
11.46388053894043,6,-18,-7,-12,-7,-13,-9,3,3,0,-18,6,4,6,hello
11.478987216949465,0,-20,-12,-23,-6,-19,-25,3,0,-8,-6,16,15,7,hello
11.478987216949465,0,-13,-9,-35,-16,-24,-36,0,-13,-36,0,9,10,0,hello
11.49478816986084,7,4,5,-13,-14,-27,-23,-8,-17,-35,5,9,2,-4,hello
11.49478816986084,3,20,18,10,1,-11,-9,-13,-17,-16,2,12,-3,-10,hello
11.50987672805786,1,24,24,17,14,11,-2,-9,-15,-4,5,1,-4,-13,hello
11.50987672805786,3,21,20,14,19,16,3,-1,-7,6,8,-5,-2,-2,hello
11.525067567825316,-5,10,10,10,13,18,16,4,0,11,-7,-4,-13,7,hello
11.525067567825316,-20,-9,-6,4,-5,21,18,-6,-4,0,-28,-22,-31,-1,hello
11.54108452796936,-28,-27,-18,-12,-16,5,0,-13,-13,-12,-37,-40,-36,-13,hello
11.54108452796936,-14,-26,-13,-19,-4,-7,-2,6,6,5,-15,-15,-8,2,hello
11.55664038658142,6,-15,-5,-11,-1,-1,12,31,39,27,13,17,22,26,hello
11.55664038658142,9,-3,-3,-8,-3,-3,11,36,43,19,19,24,26,23,hello
11.571759939193726,9,3,-6,-4,13,-8,-2,23,30,8,16,18,31,4,hello
11.571759939193726,22,11,2,4,18,-8,-8,9,13,3,19,21,32,0,hello
11.587188720703123,21,24,13,21,7,-5,-1,0,6,3,29,27,22,3,hello
11.587188720703123,0,23,11,26,13,-8,-1,-7,1,-2,16,15,6,-5,hello
11.60263180732727,-16,7,5,16,17,0,-4,-18,-11,-12,-13,-11,-10,-21,hello
11.60263180732727,-17,2,2,22,6,18,3,-24,-12,7,-13,-23,-13,-17,hello
11.618170022964478,-13,1,-2,22,-3,19,9,-12,-3,26,-15,-23,-17,-4,hello
11.618170022964478,-4,-7,-9,2,-13,3,1,4,0,4,-24,-16,-13,0,hello
11.63346791267395,14,-4,-4,-12,-17,-16,-11,5,-3,-19,14,10,13,3,hello
11.63346791267395,21,18,9,-8,-7,-17,-11,-4,-14,-16,56,29,27,9,hello
11.648544788360596,8,26,13,8,3,9,8,-17,-18,-5,29,5,-1,0,hello
11.648544788360596,2,0,3,7,-5,22,12,-13,-12,0,-16,-20,-29,0,hello
11.66430687904358,12,-17,-2,-5,-16,2,0,6,7,12,-12,-4,-4,14,hello
11.66430687904358,18,-6,-6,-18,-7,-13,-7,6,15,7,11,18,21,20,hello
11.67981481552124,6,-2,-5,-28,0,-9,-18,-13,-15,-26,-6,6,-7,-4,hello
11.695839643478394,-12,-12,-1,-13,4,8,-4,-19,-38,-32,-36,-25,-40,-30,hello
11.695839643478394,-25,-18,0,0,6,20,25,-6,-19,-5,-40,-32,-39,-15,hello
11.695839643478394,-19,-23,-9,-11,-1,5,19,8,10,13,-24,-9,-12,14,hello
11.71197748184204,3,-20,-14,-18,-9,-15,-12,21,19,16,-2,13,20,16,hello
11.71197748184204,15,0,1,-6,-6,-21,-25,17,2,-5,15,21,27,4,hello
11.727749109268188,0,6,2,0,-3,-19,-16,1,-9,-22,18,13,13,-5,hello
11.727749109268188,-13,0,-6,-8,-2,-19,-14,-3,-12,-13,3,0,0,-15,hello
11.742862939834597,-9,7,5,-5,5,-1,-5,-3,-13,-5,-2,-9,-10,-15,hello
11.758355855941772,-9,16,13,13,9,20,13,-8,-5,-4,-2,-11,-13,-7,hello
11.758355855941772,-9,13,7,30,4,21,25,1,7,8,-5,-4,-5,1,hello
11.774380207061768,-3,10,2,35,11,20,30,13,25,32,0,-2,9,8,hello
11.774380207061768,-11,-4,-11,14,14,20,24,10,34,34,2,-10,11,6,hello
11.774380207061768,-19,-18,-23,-10,0,4,10,13,36,25,1,-5,9,5,hello
11.790356159210203,-1,-3,-12,-7,-5,-9,0,16,36,27,10,11,22,12,hello
11.790356159210203,20,13,3,-2,1,-6,-9,11,25,13,22,22,32,16,hello
11.805870056152344,29,11,5,-2,4,-3,-13,3,14,-1,28,28,33,10,hello
11.805870056152344,25,3,3,-7,0,-20,-18,-11,-6,-16,25,24,14,0,hello
11.821241855621338,15,3,15,-8,-3,-30,-24,-25,-30,-30,12,8,-8,-15,hello
11.836729764938354,4,7,20,3,-2,-12,-17,-22,-28,-20,4,-5,-11,-17,hello
11.836729764938354,-1,12,22,10,3,9,-4,-10,-25,-7,-4,-9,-17,-6,hello
11.851821422576904,0,13,26,16,10,23,13,-8,-22,-2,-8,-11,-23,-2,sil
11.851821422576904,-1,-5,7,13,3,21,20,-2,-11,0,-23,-20,-27,0,sil
11.867868185043337,-16,-22,-15,-3,-5,10,11,10,-4,0,-45,-25,-32,5,sil
11.867868185043337,-13,-16,-13,-2,-2,15,13,15,4,2,-31,-12,-17,6,sil
11.883039712905884,-3,-15,-11,-9,-7,13,13,10,6,1,-17,-6,-5,2,sil
11.883039712905884,-4,-22,-26,-30,-18,-9,-5,4,1,-5,-20,-11,-4,-1,sil
11.898233652114868,4,-7,-20,-21,-13,-25,-27,1,2,-11,2,9,14,-1,sil
11.898233652114868,20,15,1,2,-3,-16,-25,1,0,-16,32,36,33,1,sil
11.913235187530518,9,13,0,3,0,-16,-19,-12,-12,-19,26,23,22,-6,sil
11.913235187530518,-8,0,-9,-10,-5,-26,-28,-29,-28,-21,6,-3,-8,-16,sil
11.928731679916382,-11,3,-1,-7,-7,-12,-17,-22,-25,-10,3,-8,-16,-11,sil
11.928731679916382,-5,13,11,13,3,10,11,-7,-10,5,7,-2,-3,-2,sil
11.943857192993164,2,15,17,28,13,13,20,2,-2,11,2,0,-1,2,sil
11.943857192993164,0,8,14,28,16,12,21,10,15,25,-4,-5,-2,7,sil
11.95990777015686,-17,-2,5,15,12,16,20,17,32,37,-11,-17,0,9,sil
11.95990777015686,-19,-11,-1,8,5,22,23,14,27,32,-9,-15,-3,4,sil
11.975212097167969,-4,-12,-10,-2,0,24,35,10,21,25,-7,-9,-10,5,sil
11.975212097167969,0,-9,-13,-18,-6,9,32,20,27,10,-14,-5,-8,10,sil
11.991336584091188,2,0,-3,-11,-2,-3,13,24,27,-7,-5,3,9,11,sil
11.991336584091188,12,5,1,-7,3,0,-1,5,3,-17,8,14,20,9,sil
12.006383419036863,17,2,-2,-18,1,-1,-10,-7,-7,-9,16,16,16,4,sil
12.006383419036863,10,-2,-7,-16,-2,-20,-24,-4,0,1,20,11,15,-3,sil
12.022167444229126,1,-1,-1,-11,-2,-27,-32,-1,-4,0,15,8,16,-2,sil
12.022502422332764,6,3,2,-4,2,-11,-21,-1,-5,0,16,16,21,0,sil
12.03730320930481,15,3,6,1,-3,-10,-18,-4,-6,-2,22,25,19,-6,sil
12.03730320930481,6,2,5,2,-16,-16,-25,-20,-29,-19,11,10,2,-12,sil
12.057798385620115,-8,0,0,10,-3,-7,-22,-34,-44,-27,-7,-13,-22,-15,sil
12.057798385620115,-4,3,6,18,14,0,-15,-20,-32,-28,-19,-16,-32,-14,sil
12.057798385620115,0,13,17,20,6,1,-2,-2,-9,-13,-9,-7,-14,-7,sil
12.068877220153809,0,12,19,16,0,18,16,2,0,8,3,-5,-5,2,sil
12.084835767745972,0,0,17,10,8,31,32,7,7,13,-4,-11,-15,8,sil
12.084835767745972,-5,-11,2,7,8,20,29,9,15,11,-22,-20,-14,4,sil
12.100341081619264,-15,-19,-18,-3,-5,3,12,9,13,10,-26,-19,-6,1,sil
12.100341081619264,-13,-16,-22,-11,-12,-2,5,9,13,8,-12,-7,1,7,sil
12.11647081375122,-9,-12,-19,-18,-8,-8,0,8,15,2,-12,-3,0,9,sil
12.11647081375122,-8,-11,-18,-26,-5,-9,-2,6,13,2,-13,0,2,2,sil
12.131944179534912,1,-3,-10,-15,-1,-4,0,6,14,5,16,13,22,2,sil
12.131944179534912,12,6,0,-7,-3,-6,0,0,1,-6,31,23,26,1,sil
12.147035598754885,8,10,2,-10,-6,-7,-9,-8,-17,-15,13,9,3,-9,sil
12.147035598754885,2,18,7,1,0,6,-14,-16,-23,-8,0,-1,-11,-16,sil
12.163514137268066,1,26,27,34,16,28,5,-9,-12,5,2,2,-10,-8,sil
12.163514137268066,-3,12,18,40,21,34,37,4,3,16,-5,-3,-13,1,sil
12.17952585220337,-9,-13,-13,0,-2,3,22,8,4,11,-25,-19,-22,6,sil
12.17952585220337,-4,-20,-21,-25,-18,-26,-14,5,2,2,-21,-8,-10,2,sil
12.195236206054688,0,-13,-12,-16,-8,-27,-19,7,9,-3,3,15,13,2,sil
12.195236206054688,7,-4,-5,-12,0,-13,-11,12,12,-11,20,23,22,9,sil
12.210994482040403,26,10,6,-1,7,-10,-15,5,8,-1,29,21,26,7,sil
12.210994482040403,23,19,21,9,9,-17,-21,-4,-3,1,22,16,21,0,sil
12.226800441741943,0,13,16,11,2,-7,-11,-10,-9,-8,10,5,4,-6,sil
12.226800441741943,-4,3,3,8,2,8,-1,-15,-8,-13,0,-11,-15,-12,sil
12.242319107055664,-1,1,4,5,8,13,4,-13,-8,-3,-18,-20,-25,-7,sil
12.242319107055664,-11,2,3,13,7,17,20,-3,8,19,-20,-20,-14,3,sil
12.257456302642822,-16,-7,-3,10,0,15,25,7,25,31,-7,-13,-2,16,sil
12.257456302642822,0,-16,-4,-5,-6,0,12,19,23,21,5,5,10,24,sil
12.273205995559692,20,-4,-4,-18,-5,-11,1,11,1,5,15,21,23,12,sil
12.273205995559692,12,10,0,-12,-8,-9,-6,-6,-26,-8,19,17,12,-3,sil
12.288242816925049,-8,11,5,12,-4,0,-12,-13,-25,-12,11,2,-2,-11,sil
12.288242816925049,-15,-5,-2,3,-3,6,-5,-9,-14,-24,-16,-22,-21,-23,sil
12.303963661193848,-20,-24,-16,-29,-14,6,10,-6,-10,-33,-35,-41,-32,-28,sil
12.303963661193848,-26,-24,-19,-21,-13,6,10,0,2,-9,-24,-28,-14,-7,sil
12.31907606124878,-15,-7,-5,9,3,10,0,7,7,9,-13,-11,-2,6,sil
12.31907606124878,0,0,1,16,8,17,7,3,3,10,-11,-13,-5,4,sil
12.334231853485107,-3,-13,-5,1,-5,1,8,4,4,12,-5,-3,1,10,sil
12.334231853485107,-1,-14,-11,-11,-12,-20,-12,1,1,8,8,17,18,11,sil
12.350683689117432,16,5,-4,-12,1,-24,-23,-9,-6,-8,22,24,23,0,sil
12.350683689117432,29,17,4,-8,10,-16,-19,-1,-5,-16,24,32,21,3,sil
12.366194486618042,30,20,9,0,5,-15,-12,8,10,2,30,48,30,10,sil
12.366194486618042,22,23,14,1,7,-14,-8,0,5,1,33,41,27,4,sil
12.381900310516356,10,21,22,6,14,2,-7,-5,-13,-9,15,12,3,0,sil
12.381900310516356,5,22,29,26,14,20,0,-4,-10,0,-2,-3,-12,-4,sil
12.397696495056152,0,22,27,29,7,18,8,-9,-2,-1,-11,-10,-20,-11,sil
12.397696495056152,-14,9,10,21,2,11,10,-10,-10,-18,-16,-21,-27,-17,sil
12.413347721099854,-26,-9,-1,10,-2,8,5,-8,-16,-10,-28,-28,-39,-18,sil
12.413347721099854,-28,-16,-2,0,-8,10,14,-3,-2,8,-34,-27,-37,-10,sil
12.428926706314089,-15,-17,-8,-3,-2,13,33,10,22,23,-23,-21,-12,6,sil
12.428926706314089,0,-22,-22,-14,0,1,20,26,29,21,-13,-7,1,13,sil
12.44401240348816,-4,-22,-32,-25,-6,-8,-2,24,26,20,-9,-5,2,7,sil
12.44401240348816,-13,-20,-31,-21,-9,0,0,19,32,32,-2,-8,12,12,sil
12.459537982940674,3,-8,-13,-8,-6,2,11,25,33,30,8,6,25,19,sil
12.475258827209473,20,10,-7,0,1,-3,2,12,21,3,19,17,28,11,sil
12.475258827209473,15,13,-8,-3,6,-11,-19,-9,2,-14,21,13,26,2,sil
12.475258827209473,12,8,3,-10,3,-12,-23,-8,-8,-9,28,20,27,4,sil
12.491363763809204,19,13,19,5,2,-11,-10,-4,-19,-14,28,21,14,3,sil
12.491363763809204,11,16,23,20,5,-5,-2,-16,-29,-26,11,4,-9,-1,sil
12.507051467895508,-1,-4,12,-5,0,-3,-3,-25,-30,-20,3,-7,-11,-12,sil
12.507051467895508,-8,-20,3,-31,-13,-9,-13,-26,-43,-36,-8,-9,-18,-21,sil
12.522587537765505,-12,1,7,11,-8,-5,-12,-24,-43,-44,-13,-13,-26,-20,sil
12.538135051727297,-14,12,9,42,3,7,2,-11,-16,-6,-2,-10,-10,-6,sil
12.538135051727297,-9,-6,3,7,0,15,12,7,5,25,0,-2,0,6,sil
12.554000616073608,-6,-11,-2,-4,-3,14,9,7,8,22,-15,-6,-4,2,sil
12.554000616073608,-15,-8,-11,0,-3,9,0,-1,-2,10,-25,-21,-17,-7,sil
12.569470643997192,-16,-14,-13,-10,-6,7,3,2,2,15,-19,-22,-15,-4,sil
12.569470643997192,-6,-12,-13,-15,-9,-2,7,13,24,21,-12,-6,-1,1,sil
12.585500478744509,0,-6,-13,-17,-8,-16,-9,11,27,10,-12,8,2,5,sil
12.585500478744509,11,-4,-8,-14,0,-12,-19,4,19,1,1,19,6,9,sil
12.601285696029665,22,2,-2,-6,6,-10,-18,7,10,-8,19,26,16,5,sil
12.601285696029665,19,18,6,-2,12,-15,-16,10,2,-11,26,29,27,-1,sil
12.61704444885254,24,29,19,8,19,-3,-4,5,2,-1,32,30,30,0,sil
12.61704444885254,25,25,23,14,7,7,5,-1,-6,-9,22,19,12,1,sil
12.632320165634155,1,10,14,7,-4,5,13,-15,-18,-22,0,-3,-8,-7,sil
12.632320165634155,-14,2,11,11,4,12,24,-15,-11,-6,-11,-15,-18,-10,sil
12.647590160369871,-5,11,15,30,18,35,35,2,9,12,-5,-9,-12,1,sil
12.647590160369871,-5,15,8,34,13,31,34,10,19,14,-3,-7,-2,15,sil
12.6634840965271,-15,1,0,12,2,8,22,9,11,13,-13,-11,-7,17,sil
12.6634840965271,-11,-10,-12,2,0,7,12,12,16,27,-15,-19,-10,8,sil
12.679014682769775,-6,-12,-19,0,-4,8,0,7,18,27,-14,-23,-5,7,sil
12.679014682769775,-9,-17,-18,-14,-9,-8,-12,2,2,7,-15,-16,-1,6,sil
12.694421529769896,-6,-24,-22,-30,-9,-20,-19,0,-4,-7,-8,-7,0,-8,sil
12.694421529769896,4,-19,-16,-33,-9,-20,-25,-4,-7,-19,5,4,6,-10,sil
12.70996594429016,16,-1,5,-10,-2,-18,-18,-4,-12,-19,23,20,20,3,sil
12.70996594429016,18,3,11,-2,-1,-22,-18,-5,-22,-19,25,22,18,2,sil
12.725993156433104,14,0,7,-13,-14,-27,-28,-17,-28,-27,11,12,0,-11,sil
12.725993156433104,6,9,15,3,-7,-10,-15,-24,-27,-23,5,8,-6,-13,sil
12.742039918899536,-3,16,19,25,11,14,9,-12,-19,-3,-1,0,-7,0,sil
12.742039918899536,-14,0,0,11,4,18,17,1,3,19,-13,-9,-9,5,sil
12.757165908813477,-21,-24,-23,-18,-15,-7,0,9,20,19,-19,-9,-7,0,sil
12.757165908813477,-18,-22,-23,-33,-18,-25,-13,8,11,-4,-11,-5,-4,-8,sil
12.773290872573853,-8,-1,-13,-18,1,-5,-9,-5,0,-11,1,-10,-2,-19,sil
12.773290872573853,-7,6,0,5,12,17,3,-6,-7,-1,-5,-15,-11,-23,sil
12.788910150527954,-14,-2,2,15,6,25,23,6,1,9,-18,-20,-18,-13,sil
12.788910150527954,-13,-12,-6,-1,-2,18,31,16,22,18,-13,-17,-6,3,sil
12.80491304397583,6,-1,-7,-10,-9,4,11,18,26,19,4,7,14,16,sil
12.80491304397583,29,16,4,10,0,-3,-15,10,11,13,24,27,26,17,sil
12.820051908493042,31,22,20,21,13,-2,-20,0,-5,-6,25,22,15,11,sil
12.820051908493042,24,27,29,20,15,1,-2,-3,-8,-16,24,22,10,9,sil
12.835732221603394,27,35,26,25,11,0,1,-8,-6,-7,28,27,17,11,sil
12.835732221603394,21,31,22,23,16,1,0,-10,-10,1,19,14,6,9,sil
12.85138177871704,0,17,17,26,17,16,18,-2,-2,9,0,-4,-7,2,sil
12.85138177871704,-21,-11,-7,12,0,20,24,0,1,2,-20,-14,-16,0,sil
12.866955757141112,-32,-36,-31,-19,-11,5,3,0,0,-4,-33,-23,-19,-3,sil
12.866955757141112,-30,-35,-28,-26,-9,-7,0,8,13,10,-27,-25,-13,-1,sil
12.88225507736206,-15,-24,-19,-18,-12,-8,6,18,27,19,-17,-8,0,8,sil
12.88259983062744,0,-23,-18,-25,-15,-12,-6,12,17,5,0,6,15,6,sil
12.898211240768433,5,-16,-9,-30,-8,-26,-28,-5,-10,-12,12,5,13,-7,sil
12.898211240768433,10,10,7,-10,0,-22,-19,-13,-21,-13,14,9,9,-10,sil
12.91383147239685,20,28,17,10,11,-3,3,-10,-9,-10,13,15,11,-3,sil
12.91383147239685,13,15,24,9,6,0,2,-12,-17,-21,2,2,-7,-4,sil
12.928922414779665,-1,5,18,9,-1,3,-5,-18,-24,-17,-11,-12,-25,-10,sil
12.928922414779665,-3,8,7,13,0,18,2,-9,-8,0,-17,-11,-23,-11,sil
12.94398045539856,-5,0,4,9,0,25,17,5,4,8,-13,-9,-15,-8,sil
12.94398045539856,-14,-13,-4,0,-6,12,16,3,1,5,-13,-13,-10,-2,sil
12.959126234054564,-9,-11,-11,-9,-6,-2,8,7,7,1,-11,-5,-2,11,sil
12.959126234054564,3,-9,-11,-9,0,-3,9,26,35,18,10,12,19,24,sil
12.975010871887209,-3,-23,-20,-22,-4,-4,0,24,33,24,20,15,32,14,sil
12.975010871887209,-15,-20,-23,-32,-8,-17,-31,-4,-2,-1,6,5,20,-8,sil
12.99009394645691,-3,4,-4,-5,3,-22,-37,-18,-19,-15,6,4,7,-13,sil
12.99009394645691,5,16,7,12,1,-9,-20,-11,-20,-17,13,1,-2,-6,sil
13.006197929382324,-1,13,7,9,-7,1,-6,-14,-21,-22,5,-7,-12,-9,sil
13.006197929382324,0,13,12,16,6,12,3,-13,-17,-13,-3,-6,-14,-9,sil
13.021382808685305,6,13,18,32,18,26,17,-1,-6,2,-9,-7,-13,-2,sil
13.021382808685305,1,5,5,29,3,22,23,5,8,14,-11,-18,-15,1,sil
13.037208795547484,2,-1,-10,3,-6,0,16,15,22,25,-7,-5,-5,13,sil
13.037208795547484,14,-1,-12,-14,1,-13,7,22,22,22,4,17,19,20,sil
13.052372455596924,19,0,-6,-13,3,-16,-7,9,5,-5,4,15,19,10,sil
13.052372455596924,22,8,7,-1,-1,-9,-7,-1,-1,-13,2,11,3,0,sil
13.067946195602415,18,20,11,15,6,2,3,-8,-2,1,15,13,5,-7,sil
13.067946195602415,-2,12,11,13,7,0,0,-12,-15,-1,20,0,0,-8,sil
13.083944082260132,-18,-5,10,1,0,9,3,-1,-5,2,11,-7,-7,0,sil
13.083944082260132,-14,-10,2,-4,0,17,12,4,14,18,-3,-4,-2,3,sil
13.099191665649414,-14,-8,-8,-4,0,7,9,2,8,13,-21,-15,-7,0,sil
13.099191665649414,-17,-13,-20,-10,-5,0,6,9,13,15,-16,-19,-5,0,sil
13.114325284957886,-10,-20,-20,-28,-12,-8,-5,11,18,9,0,6,11,2,sil
13.114325284957886,0,-12,-4,-29,-10,-21,-19,-3,-3,-24,6,24,21,-1,sil
13.130051612854004,2,6,12,-1,0,-12,-13,-11,-25,-40,4,6,6,-7,sil
13.130051612854004,4,16,23,15,8,1,-4,-6,-24,-18,3,-1,-9,0,sil
13.145309209823608,-2,2,14,11,1,4,0,-8,-13,2,0,2,-12,2,sil
13.161323308944702,-12,-18,-7,-4,-10,1,6,-7,-6,0,-20,-11,-20,-2,sil
13.161323308944702,2,-14,-9,-4,-4,0,6,7,11,1,-22,-11,-9,9,sil
13.161323308944702,26,5,0,-2,4,-2,0,10,19,8,1,15,22,21,sil
13.177871227264404,22,12,1,-8,-1,-10,-8,-5,-5,-6,8,17,19,0,sil
13.177871227264404,11,16,8,12,4,0,-2,-14,-13,-13,6,-6,-3,-21,sil
13.192779779434204,8,18,16,38,21,21,11,-6,1,5,2,-15,-13,-8,sil
13.207807540893556,-1,0,2,21,10,25,14,3,3,22,-14,-17,-14,2,sil
13.207807540893556,-21,-23,-25,-11,-8,2,-2,5,2,12,-23,-20,-15,-2,sil
13.22304916381836,-30,-24,-33,-23,-10,-16,-21,5,6,-6,-11,-15,-8,-7,sil
13.22304916381836,-15,-9,-22,-16,-3,-11,-21,4,5,-4,9,4,12,-2,sil
13.23839783668518,7,3,-2,-8,-1,-6,-8,6,-1,0,24,28,22,7,sil
13.23839783668518,18,15,15,1,7,-4,9,4,1,1,28,28,15,9,sil
13.253989458084106,8,14,16,11,12,0,11,-4,0,0,19,8,0,-1,sil
13.253989458084106,-5,6,7,11,-6,6,1,-11,-22,-11,-5,-8,-22,-13,sil
13.269208908081056,-10,2,2,8,-14,11,11,-6,-15,0,-21,-13,-19,-8,sil
13.269208908081056,-7,-7,-1,-8,-2,-3,14,4,14,12,-12,0,6,8,sil
13.284871339797974,0,-5,-2,-19,-1,-24,-12,3,9,-8,8,9,13,7,sil
13.284871339797974,12,19,15,8,0,-13,-16,-14,-13,-23,20,3,3,-8,sil
13.300015449523926,7,23,28,26,3,12,5,-17,-12,-6,7,-6,-2,-3,sil
13.300015449523926,-9,1,12,18,1,21,21,4,13,16,-9,-10,-4,6,sil
13.315303564071655,-4,-12,-5,-2,-2,14,21,25,33,35,-5,-5,-1,8,sil
13.315303564071655,6,-19,-10,-34,-7,3,11,26,33,29,5,5,14,15,sil
13.331255197525024,0,-20,-16,-40,-7,-9,-5,9,14,1,0,3,16,13,hello
13.331255197525024,3,-11,-17,-14,0,-21,-27,-5,-12,-24,-10,2,0,-2,hello
13.34681224822998,13,2,-5,4,3,-19,-33,-13,-21,-27,4,15,1,-16,hello
13.34681224822998,0,11,1,12,5,-2,-18,-14,-14,-20,13,4,0,-17,hello
13.362102031707764,-17,8,1,20,14,16,8,-1,-6,2,-9,-16,-13,-9,hello
13.362102031707764,-11,-1,-1,20,9,24,25,8,3,26,-18,-13,-8,6,hello
13.378039836883543,-2,-5,0,6,-11,11,15,4,1,16,-9,-2,-1,19,hello
13.378039836883543,1,-1,-1,2,-5,3,2,2,3,10,2,4,4,23,hello
13.393388509750366,12,2,-5,0,19,-1,-6,7,15,17,12,13,18,14,hello
13.393388509750366,16,13,1,0,18,-6,-10,3,2,-1,16,13,15,0,hello
13.408982038497925,13,23,15,14,7,-4,-5,-9,-20,-17,18,11,3,-8,hello
13.408982038497925,11,17,21,11,2,-4,-5,-19,-27,-15,7,4,-11,-7,hello
13.42427372932434,-3,-2,7,1,-5,-5,1,-18,-19,-9,-14,-17,-29,-13,hello
13.42427372932434,-20,-17,-7,0,-8,6,26,-2,-4,1,-28,-22,-26,-11,hello
13.440290927886965,-12,-18,-7,-9,-12,14,31,17,11,9,-20,-5,-6,1,hello
13.440290927886965,-8,-24,-22,-33,-28,-10,5,10,12,4,-13,-9,0,-5,hello
13.455418586730955,-17,-31,-33,-47,-27,-34,-22,-3,-8,-17,-19,-15,-6,-18,hello
13.455418586730955,-2,-8,-4,-21,-6,-20,-27,-2,-11,-39,1,11,7,-4,hello
13.471211433410645,12,14,12,4,-4,-11,-26,-8,-2,-30,25,21,21,0,hello
13.471211433410645,0,14,10,1,-7,-10,-26,-15,-5,-9,11,0,2,-11,hello
13.486974000930786,0,18,20,14,17,18,-2,-6,4,4,2,-6,-8,0,hello
13.486974000930786,8,19,24,31,29,41,19,2,15,14,5,-1,-6,13,hello
13.502231121063232,1,6,9,21,15,30,22,9,15,28,-2,-10,-8,7,hello
13.502231121063232,-8,-6,-3,3,14,18,21,16,20,31,-12,-18,-7,2,hello
13.51807451248169,-10,-20,-14,-13,7,6,15,13,20,11,-19,-10,-6,3,hello
13.51807451248169,-5,-22,-22,-25,-9,-7,2,10,18,5,-1,6,7,6,hello
13.533360958099363,10,-4,-9,-15,-5,-19,-6,16,11,5,23,24,33,14,hello
13.533360958099363,21,12,2,3,4,-20,-8,8,-7,-12,22,26,31,10,hello
13.549925565719604,14,18,2,9,-4,-19,-12,-11,-20,-31,14,15,10,-3,hello
13.549925565719604,7,18,14,9,-9,-9,-11,-11,-13,-12,24,13,8,-2,hello
13.565462589263916,6,18,20,27,8,14,14,-2,0,29,28,14,19,6,hello
13.565462589263916,0,13,13,38,12,22,28,-7,-2,31,7,1,3,9,hello
13.581074714660645,-10,2,5,25,-3,12,11,-10,-10,12,-9,-10,-16,5,hello
13.581074714660645,-17,-17,-5,1,-7,8,-1,-8,-2,16,-15,-14,-23,0,hello
13.59680151939392,-12,-22,-9,-16,-1,2,-7,-3,0,10,-20,-12,-26,-3,hello
13.59680151939392,5,-6,-2,-6,0,-7,-9,2,0,-1,-13,-4,-14,0,hello
13.61200213432312,10,-12,-12,-8,-3,-19,-18,3,0,-6,-7,-2,-2,1,hello
13.61200213432312,0,-20,-22,-29,-16,-32,-30,-1,-6,-21,-10,-2,-3,-10,hello
13.62747836112976,0,0,-13,-12,-12,-24,-17,-4,-14,-32,2,4,4,-23,hello
13.62747836112976,3,10,1,0,0,-2,0,-1,-19,-38,7,5,4,-19,hello
13.64359188079834,-8,1,0,-14,0,4,2,-3,-16,-33,-3,-11,-5,-17,hello
13.64359188079834,-15,7,0,-3,-1,9,4,-7,-6,-12,-11,-20,-9,-18,hello
13.658976554870604,-6,12,18,25,7,28,23,0,8,11,-14,-8,-3,1,hello
13.658976554870604,0,-1,17,22,6,32,32,8,25,29,-9,-4,2,22,hello
13.674483060836792,-2,-13,-11,-9,0,4,12,13,22,22,-10,-7,0,21,hello
13.674483060836792,0,-9,-17,-21,6,-10,-2,12,15,10,-11,1,1,16,hello
13.69028353691101,13,0,-4,-13,6,-9,-3,4,12,5,-7,6,8,11,hello
13.69028353691101,17,10,0,-13,-1,-17,-12,4,-4,-11,-3,8,2,2,hello
13.705888271331789,3,10,-1,-14,5,-17,-15,8,-4,-16,11,14,9,-4,hello
13.705888271331789,-1,2,-13,-13,8,-8,-9,-1,7,0,30,4,21,-12,hello
13.721893787384031,0,3,3,-17,-2,-7,-15,-11,-14,-10,18,-2,3,-11,hello
13.721893787384031,-2,15,31,4,1,5,-9,-5,-22,-13,8,2,-2,-1,hello
13.737693786621094,-5,11,4,40,11,26,14,-5,12,19,19,-10,12,-2,hello
13.737693786621094,-16,-11,-15,21,1,23,16,-16,5,18,-3,-28,-13,-4,hello
13.753569841384888,-18,-19,12,-12,-6,21,10,-6,-14,6,-23,-14,-34,2,hello
13.753569841384888,0,-5,13,14,3,30,25,15,26,49,13,2,4,11,hello
13.76916527748108,15,-2,0,30,7,10,17,18,39,55,25,12,17,22,hello
13.76916527748108,5,-12,0,0,-9,-12,-3,4,0,2,-8,8,-16,13,hello
13.785123586654665,-2,-21,-14,-17,-19,-12,-2,-2,-12,-15,-15,-1,-18,-11,hello
13.785123586654665,4,-12,-12,-15,-13,-16,-6,3,-15,-16,-2,10,3,-10,hello
13.800999879837036,18,11,17,1,0,-17,-6,9,-12,-20,12,32,19,11,sil
13.800999879837036,15,14,14,12,3,-10,-1,0,2,-10,20,23,23,9,sil
13.816220998764038,2,-1,-2,-9,-9,-17,-18,-9,-8,-19,2,6,9,-11,sil
13.816220998764038,6,5,2,-8,-5,-18,-26,-11,-21,-33,2,16,9,-13,sil
13.832412481307983,13,32,23,30,16,-3,-11,-9,-12,-20,20,30,13,0,sil
13.832412481307983,-1,34,27,47,16,13,8,-11,-6,0,8,10,-2,2,sil
13.847795486450195,-15,3,0,24,0,15,22,-11,-1,0,-21,-21,-25,-4,sil
13.847795486450195,-6,-19,-20,-7,-8,-1,12,1,8,-10,-36,-19,-29,1,sil
13.863565683364868,7,-13,-17,-12,-11,-15,-6,14,17,-3,-19,4,-3,7,sil
13.863565683364868,10,0,-7,-2,-8,-14,-20,3,1,-9,2,9,15,-1,sil
13.87964391708374,-6,6,0,0,1,-5,-23,-18,-30,-27,0,-13,0,-13,sil
13.87964391708374,-27,3,-3,3,5,7,-7,-23,-35,-12,-17,-39,-22,-19,sil
13.895405054092407,-31,-10,-15,-3,-9,21,16,1,-4,15,-31,-46,-28,-10,sil
13.895405054092407,-25,-18,-25,-13,-15,18,27,29,30,35,-29,-35,-11,8,sil
13.910348653793337,-14,-9,-24,-10,2,0,12,31,44,45,-9,-15,12,17,sil
13.910348653793337,7,-5,-7,-25,13,-6,0,19,33,34,8,2,21,12,sil
13.925475120544434,19,-10,-2,-53,6,-6,-2,5,16,7,8,6,16,2,sil
13.94108533859253,11,-7,-10,-43,3,-9,-11,-6,-3,-12,6,0,4,-8,sil
13.94108533859253,11,10,0,-6,16,-1,-9,-17,-15,-9,24,0,0,-14,sil
13.94108533859253,11,20,18,4,25,15,2,-23,-21,-3,25,0,1,-11,sil
13.956975936889648,-6,9,14,6,17,23,8,-18,-19,0,1,-12,-9,-9,sil
13.956975936889648,-24,-13,-3,8,5,20,16,1,0,9,-12,-32,-23,-7,sil
13.972264766693115,-25,-27,-12,-9,-9,17,22,19,15,12,-13,-32,-23,0,sil
13.988229513168337,-12,-16,-1,-2,-13,23,26,18,18,15,-4,0,0,13,sil
13.988229513168337,5,-2,11,19,-5,14,22,13,23,24,9,26,16,25,sil
14.003808975219728,15,-2,11,0,-13,-18,-4,10,15,13,13,31,13,27,sil
14.003808975219728,20,5,16,-4,-16,-36,-29,0,-1,-8,15,46,18,15,sil
14.019829750061035,24,20,27,23,-2,-29,-31,-5,-12,-28,19,59,23,4,sil
14.019829750061035,24,21,23,29,-7,-27,-26,-3,-13,-32,29,48,21,0,sil
14.035470962524414,17,4,0,2,-20,-36,-33,-5,-12,-19,28,36,20,-3,sil
14.035470962524414,14,2,-5,0,-8,-30,-34,-6,-16,-18,7,34,12,-5,sil
14.051254272460938,19,33,17,40,19,-1,-11,-8,-13,-18,13,33,9,0,sil
14.051254272460938,18,43,30,49,25,23,11,-10,-7,-12,29,18,5,3,sil
14.072293758392334,0,15,12,12,12,27,25,-5,-9,-6,1,-8,-9,-2,sil
14.072293758392334,-12,-2,0,5,7,23,31,-4,-5,2,-22,-24,-17,-11,sil
14.072293758392334,-16,-1,3,22,10,21,22,-7,-3,5,-20,-20,-19,-14,sil
14.081940412521362,-22,-10,-8,15,2,16,9,-10,-11,-7,-34,-29,-33,-15,sil
14.0973699092865,-30,-30,-29,-12,-19,1,-1,-14,-19,-16,-58,-51,-48,-17,sil
14.0973699092865,-24,-35,-25,-26,-24,-11,0,-4,-7,1,-48,-43,-31,-12,sil
14.112529993057253,-7,-16,-15,-11,-6,-1,11,19,17,21,-24,-18,-2,-1,sil
14.112529993057253,-1,0,-14,-6,0,10,22,35,31,31,-12,-17,2,11,sil
14.128178596496582,-3,-9,-15,-19,-5,2,24,33,41,42,0,-27,8,22,sil
14.128178596496582,0,-21,-15,-34,-7,-13,2,21,37,36,10,-20,23,22,sil
14.144227504730225,6,-5,-12,-26,0,-13,-28,0,11,6,18,-4,30,11,sil
14.144227504730225,6,8,-10,-20,6,-13,-36,-16,-10,-16,25,-7,23,0,sil
14.15893530845642,-2,-1,-16,-41,1,-20,-31,-19,-16,-30,14,-18,3,-10,sil
14.15893530845642,-6,-1,-9,-38,-1,-13,-33,-26,-27,-32,3,-4,-6,-23,sil
14.174104690551758,0,19,13,3,9,0,-26,-36,-47,-31,3,6,-14,-28,sil
14.174104690551758,-11,18,17,23,18,13,-2,-19,-34,-25,0,-9,-28,-21,sil
14.190117597579956,-28,-7,-9,0,8,30,26,9,12,7,-16,-22,-25,-12,sil
14.190117597579956,-12,-16,-16,-10,0,34,42,30,45,41,-25,-3,-7,4,sil
14.206149339675903,16,-3,3,9,5,18,35,33,50,43,-4,16,7,26,sil
14.206149339675903,19,-2,7,9,4,0,11,17,31,22,10,20,13,31,sil
14.221914529800417,8,-6,0,-7,-2,-6,8,3,0,11,2,23,13,18,sil
14.222267389297484,9,-1,2,0,0,-1,18,4,-5,12,14,34,23,12,sil
14.237924098968506,26,8,22,17,0,-4,-1,4,1,-2,40,49,34,17,sil
14.237924098968506,34,16,36,28,-3,-13,-17,-6,-5,-19,38,52,26,10,sil
14.25370168685913,15,19,32,30,0,-16,-12,-13,-19,-22,21,36,0,-5,sil
14.25370168685913,3,30,36,31,5,-15,-21,-11,-18,-19,25,30,-3,-5,sil
14.269266843795776,10,39,44,47,8,-6,-31,-17,-14,-9,34,27,8,-1,sil
14.269266843795776,0,19,31,49,0,6,-10,-19,-24,-2,-2,0,-8,-3,sil
14.284810066223145,-11,-7,0,22,-11,9,18,0,-15,-2,-37,-17,-22,8,sil
14.284810066223145,-3,-21,-26,-12,-15,0,19,16,10,0,-23,-6,0,19,sil
14.30143427848816,-7,-32,-41,-39,-17,-4,4,12,6,-2,-12,-10,6,-2,sil
14.30143427848816,-18,-33,-46,-47,-17,-6,4,9,-1,-12,-34,-33,-12,-26,sil
14.317458868026732,-13,-17,-37,-40,-7,-14,3,18,10,-18,-35,-37,-13,-21,sil
14.317458868026732,-7,0,-17,-26,4,-14,-10,4,7,-11,-4,-22,-3,-19,sil
14.333228588104248,-4,9,-1,-6,4,-11,-27,-28,-21,-10,4,-15,-9,-26,sil
14.333228588104248,5,18,15,12,4,-1,-24,-34,-35,-15,-4,-14,-18,-10,sil
14.348814249038696,7,17,20,23,11,28,8,-12,-11,6,1,-14,-7,8,sil
14.348814249038696,-15,-6,-2,0,3,44,35,5,10,34,0,-22,-3,5,sil
14.364218950271606,-32,-31,-27,-26,-5,29,34,16,19,36,-23,-32,-14,0,sil
14.364218950271606,-16,-28,-28,-23,0,8,20,22,39,27,-20,-21,-3,8,sil
14.380286693572998,6,-5,-12,-13,4,-6,6,22,49,17,14,7,21,14,sil
14.380286693572998,10,4,-1,-5,7,-13,-3,12,34,8,37,21,27,5,sil
14.396279335021973,0,-4,-1,-11,6,-23,-21,0,8,-5,23,15,10,-3,sil
14.396279335021973,2,0,7,-16,-3,-35,-31,-12,-10,-15,9,13,2,-2,sil
14.41195011138916,20,24,28,12,0,-23,-25,-22,-24,-14,6,15,1,2,sil
14.41195011138916,23,29,38,46,13,7,-15,-14,-37,-16,-1,13,-5,8,sil
14.42799997329712,6,13,23,45,9,24,3,-6,-30,-6,-11,5,-8,7,sil
14.42799997329712,-12,-4,-6,10,-4,20,22,-12,-21,7,-28,-10,-23,-1,sil
14.443563461303713,-26,-21,-28,-16,-15,13,20,-3,-6,3,-38,-26,-35,-10,sil
14.443563461303713,-22,-24,-31,-18,-17,5,11,23,23,6,-18,-23,-7,-6,sil
14.459239959716797,-1,-5,-20,-15,-7,-2,2,25,28,8,4,1,21,8,sil
14.459239959716797,16,11,-3,-4,2,-5,-9,1,5,-3,26,31,27,14,sil
14.475268602371216,21,14,11,8,4,-8,-23,-10,-4,-11,46,39,29,7,sil
14.475268602371216,28,28,30,24,12,-8,-21,-5,-4,-4,50,35,34,1,sil
14.491362810134888,39,48,49,45,24,-3,-1,-4,-13,-5,46,33,29,7,sil
14.491362810134888,27,33,47,39,15,1,10,-4,-16,-9,28,19,6,8,sil
14.50650715827942,-8,-2,12,7,-5,7,19,2,0,4,-12,-10,-19,-5,sil
14.50650715827942,-33,-24,-17,-15,-11,14,24,11,11,15,-47,-32,-34,-14,sil
14.522405624389648,-31,-27,-20,-20,-7,13,22,10,14,11,-42,-31,-30,-6,sil
14.52271842956543,-27,-31,-24,-26,-9,8,21,6,20,13,-21,-18,-11,3,sil
14.537791013717651,-21,-37,-26,-43,-9,0,13,11,21,14,-18,-7,0,8,sil
14.537791013717651,0,-23,-14,-39,1,-3,0,17,22,8,-2,6,16,13,sil
14.553879737854004,17,-2,-4,-14,3,-9,-17,5,7,-5,23,22,32,8,sil
14.553879737854004,11,2,-7,-14,-10,-22,-34,-15,-28,-27,10,13,11,-11,sil
14.56923532485962,5,3,-7,-21,-12,-29,-35,-31,-44,-46,-17,-9,-20,-31,sil
14.56923532485962,12,14,9,1,-1,-27,-27,-32,-38,-54,-16,-10,-25,-28,sil
14.584962129592896,8,21,22,31,0,-14,-13,-24,-23,-29,-4,-7,-12,-13,sil
14.584962129592896,-6,11,9,24,-4,-5,-1,-10,-7,6,-5,-17,-12,-2,sil
14.601070880889893,-11,0,3,15,-6,0,1,1,2,21,-2,-14,-14,0,sil
14.601070880889893,-13,-7,4,30,0,18,7,0,6,22,1,-9,-7,-3,sil
14.61605739593506,-24,-9,-9,24,10,34,15,0,4,17,-9,-18,-11,-6,sil
14.61605739593506,-19,0,-16,12,18,30,26,18,14,27,-6,-6,0,9,sil
14.632614850997925,4,6,-1,13,18,23,33,33,36,46,12,10,19,24,sil
14.632614850997925,13,1,-1,-2,6,16,20,29,39,32,5,5,13,19,sil
14.647820949554443,5,-11,-19,-23,-3,-3,-1,14,24,-1,-6,0,4,8,sil
14.647820949554443,4,-13,-18,-34,-10,-25,-20,5,7,-21,5,15,13,5,sil
14.662956476211548,9,1,-2,-29,-12,-26,-32,-1,-11,-23,28,23,20,1,sil
14.662956476211548,12,18,4,-6,0,-21,-35,-12,-24,-20,34,20,25,-2,sil
14.678106546401978,13,27,16,10,10,-15,-20,-18,-26,-17,20,17,16,-3,sil
14.678106546401978,10,28,24,19,10,3,7,-14,-22,-1,6,5,-4,-4,sil
14.693702936172484,-1,12,19,19,7,24,20,-7,-18,3,-7,-14,-23,-7,sil
14.693702936172484,-9,1,17,15,7,30,24,3,2,2,-13,-19,-19,0,sil
14.709376573562622,0,2,17,18,5,26,30,7,25,20,-2,-5,-5,11,sil
14.709376573562622,6,-7,7,11,0,19,31,3,21,33,-2,0,-7,9,sil
14.725041151046751,3,-18,-3,-2,0,22,23,6,13,22,-15,-11,-4,7,sil
14.725041151046751,2,-16,-4,-9,-2,10,0,8,12,7,-17,-7,7,12,sil
14.741085767745972,4,-18,-11,-13,-13,-18,-20,3,6,1,2,14,13,6,sil
14.741085767745972,0,-23,-28,-21,-13,-37,-23,0,0,-9,12,22,10,-4,sil
14.75617790222168,-5,-15,-25,-24,-12,-40,-23,-2,-6,-27,2,16,8,-4,sil
14.75617790222168,0,-3,-4,-15,-15,-39,-25,-12,-13,-24,14,17,18,-3,sil
14.771908521652222,-3,2,0,-13,-13,-29,-27,-18,-26,-19,26,13,9,-11,sil
14.771908521652222,-11,8,-1,-8,-3,-9,-24,-17,-30,-32,3,0,-17,-22,sil
14.78688669204712,-7,15,8,12,3,5,-3,-13,-7,-22,-9,-11,-23,-17,sil
14.78688669204712,2,20,22,26,10,14,17,0,7,0,0,-11,-10,1,sil
14.802432775497437,0,22,19,29,16,20,22,4,0,6,-6,-10,-10,6,sil
14.802432775497437,-16,10,0,22,15,23,21,-10,-11,0,-28,-26,-25,-9,sil
14.81813144683838,-22,-4,-8,11,7,27,23,-11,-16,2,-37,-36,-30,-11,sil
14.81813144683838,-14,-11,-16,-3,4,28,22,6,-2,1,-43,-32,-18,1,sil
14.833806276321411,-11,-18,-29,-32,0,13,11,21,15,4,-52,-32,-8,0,sil
14.833806276321411,-5,-19,-25,-27,-4,-3,9,25,30,26,-24,-20,6,0,sil
14.849205255508425,7,-14,-9,-7,-5,-18,-1,25,33,33,15,11,27,11,sil
14.849205255508425,11,-17,-4,-26,-11,-33,-24,18,16,10,21,23,26,5,sil
14.864581108093262,13,-12,-3,-38,-10,-32,-30,7,-1,-5,17,16,18,-10,sil
14.864581108093262,23,12,9,-6,0,-16,-17,0,-6,-11,30,27,20,-4,sil
14.881012201309204,24,30,26,31,12,8,-3,-6,-2,-6,46,39,20,8,sil
14.881012201309204,11,21,33,41,17,20,0,-15,-3,4,41,29,5,4,sil
14.89653706550598,5,10,30,27,10,8,-3,-16,-6,2,23,18,-7,3,sil
14.89653706550598,3,10,19,20,-3,1,-2,-14,-6,0,13,12,-4,10,sil
14.911947011947632,-2,9,10,21,-11,12,0,-12,-4,3,5,1,-5,12,sil
14.911947011947632,0,7,9,22,-3,16,4,-2,12,16,4,0,-1,14,sil
14.92762851715088,7,0,2,8,0,-1,4,12,27,36,6,3,16,26,sil
14.92762851715088,9,-7,-6,-17,-9,-12,-6,13,13,21,3,2,24,24,sil
14.942806959152222,15,2,-6,-18,-6,-6,-8,-4,-7,-24,8,5,13,-5,sil
14.942806959152222,6,9,1,-1,6,-2,0,-14,-26,-51,0,-3,-15,-31,sil
14.957958936691284,-21,-6,-6,-2,4,10,16,-10,-33,-31,-33,-34,-44,-26,sil
14.97355580329895,-37,-25,-31,-17,-2,21,24,-8,-19,0,-49,-45,-43,-13,sil
14.97355580329895,-31,-28,-38,-27,-7,3,7,3,1,6,-35,-24,-19,-8,sil
14.989126443862917,-12,-13,-25,-17,-3,-11,-7,19,13,-2,-6,-3,5,-6,sil
14.989126443862917,4,11,-7,2,9,-2,0,15,4,-8,9,0,10,-7,sil
14.989126443862917,0,23,10,24,17,12,21,4,0,5,3,-3,0,-8,sil
15.004528522491457,-12,3,13,25,7,15,27,6,19,29,-8,-9,-3,1,sil
15.019559621810911,-7,-17,-4,-2,-8,0,10,8,25,27,-12,-1,3,17,sil
15.019559621810911,-4,-18,-21,-23,-13,-17,-5,-1,4,7,-12,5,9,12,sil
15.035583019256592,-12,-19,-18,-27,-14,-22,-13,-9,-5,-6,-15,0,8,-5,sil
15.035583019256592,-2,-15,-9,-23,-12,-21,-17,-5,-2,-18,0,2,16,-10,sil
15.051261901855469,12,2,-4,-14,-3,-19,-27,-6,-10,-29,18,18,24,-6,sil
15.051261901855469,17,19,13,0,4,-15,-38,-15,-24,-32,20,20,10,-6,sil
15.067132234573364,23,32,43,24,13,-7,-27,-18,-23,-17,20,14,0,-3,sil
15.067132234573364,21,37,46,34,16,3,-6,-17,-24,-12,16,7,-1,3,sil
15.08331823348999,8,25,32,25,11,22,6,-14,-21,-8,8,2,-4,12,sil
15.08331823348999,5,11,23,23,8,31,19,1,4,24,9,3,-2,21,sil
15.09889268875122,9,3,9,17,3,19,27,22,25,40,0,-1,-6,20,sil
15.09889268875122,0,-14,-11,0,-8,7,20,21,26,22,-19,-14,-14,11,sil
15.114097595214844,-6,-32,-20,-19,-14,2,6,14,28,13,-14,-4,-5,9,sil
15.114097595214844,0,-27,-17,-29,-10,-4,0,26,33,22,2,12,11,7,sil
15.129645586013794,6,-12,-23,-25,-5,-15,0,25,25,11,9,9,21,-2,sil
15.129645586013794,10,0,-16,-21,-4,-18,-12,2,0,-14,9,4,1,-10,sil
15.145412683486938,10,16,3,-6,3,0,-9,-9,-16,-11,20,9,-14,-11,sil
15.145412683486938,-1,13,7,8,9,9,3,-12,-19,-3,13,0,-21,-13,sil
15.16105031967163,-21,-6,-1,6,0,-1,0,-17,-24,-17,-14,-16,-45,-14,sil
15.16105031967163,-22,-9,0,11,-2,1,-4,-13,-15,-11,-19,-21,-56,-12,sil
15.177040338516235,-16,-5,-2,11,0,17,11,1,0,8,-10,-18,-22,-5,sil
15.177040338516235,-14,-13,-17,-3,-4,13,22,8,15,17,-11,-13,20,9,sil
15.191857814788818,2,-16,-17,-17,-9,-10,4,6,27,12,-2,2,45,21,sil
15.191857814788818,17,-1,1,-10,-4,-22,-18,-1,7,-10,16,20,54,5,sil
15.207900047302246,4,12,11,8,5,-9,-16,-17,-21,-25,20,16,36,-22,sil
15.207900047302246,-8,15,14,25,18,13,1,-19,-22,-5,8,-3,6,-20,sil
15.22313952445984,-11,11,19,35,18,27,15,-3,-6,16,-11,-17,3,-2,sil
15.22313952445984,-18,-2,4,20,1,17,13,1,-9,5,-33,-21,-1,-5,sil
15.23916506767273,-16,-11,-13,-7,-9,0,1,0,-6,-7,-29,-11,-18,-7,sil
15.23916506767273,-2,-3,-16,-9,-3,-4,-1,8,13,-1,-9,0,-12,5,sil
15.2549729347229,2,0,-20,-16,1,-6,-4,10,5,-5,-10,0,-2,10,sil
15.2549729347229,7,0,-15,-31,0,-22,-18,-1,-18,-22,-5,6,-2,-2,sil
15.271075248718262,17,18,12,-6,4,-23,-21,-8,-15,-26,19,15,-1,-11,sil
15.271075248718262,9,29,29,23,7,2,-2,-4,-1,-11,17,4,-11,-1,sil
15.286203622817991,-9,5,9,16,3,22,20,0,10,19,1,-9,-10,13,sil
15.286203622817991,-4,-12,-1,-4,-5,7,19,11,24,34,5,0,8,22,sil
15.302151679992676,17,-2,2,-9,-10,-10,3,21,28,21,10,18,15,24,sil
15.302151679992676,27,3,-1,-8,-11,-14,-12,15,19,7,13,27,14,22,sil
15.317477464675903,33,11,6,-4,-14,-18,-23,4,1,-1,28,33,24,17,hello
15.317477464675903,33,25,24,8,-2,-10,-16,-7,-5,-1,41,34,25,11,hello
15.33261251449585,9,13,13,4,10,6,0,-11,-5,-4,15,10,-2,4,hello
15.33261251449585,-13,-6,-1,-5,6,13,10,-5,-9,-7,-14,-19,-26,-3,hello
15.347881555557253,-21,-11,-7,0,-6,6,5,-7,-17,-2,-24,-32,-30,-15,hello
15.347881555557253,-29,-20,-15,-2,-17,0,0,-4,-10,7,-28,-29,-27,-15,hello
15.363951444625854,-15,-27,-15,-12,-12,-1,3,13,13,15,-9,-6,0,0,hello
15.363951444625854,11,-12,-4,-9,2,-14,0,12,9,1,16,18,26,0,hello
15.38001036643982,6,7,2,2,10,-13,-6,-9,-18,-21,12,7,6,-20,hello
15.38001036643982,-13,6,5,11,14,16,11,-14,-19,-17,-4,-19,-20,-25,hello
15.3955819606781,-16,-11,5,8,14,35,26,-5,1,0,-15,-26,-27,-11,hello
15.3955819606781,-16,-20,-5,7,9,24,22,-3,16,16,-22,-23,-21,-8,hello
15.411268949508669,-17,-17,-20,2,5,18,19,4,16,21,-29,-23,-9,-7,hello
15.411268949508669,-11,-18,-20,-11,3,10,5,17,8,5,-27,-12,1,1,hello
15.42633605003357,-12,-19,-17,-23,-4,-21,-23,3,0,-13,-6,0,8,0,hello
15.42633605003357,-2,-8,-12,-23,-15,-41,-39,-17,-17,-26,8,7,13,-14,hello
15.441511869430542,24,13,5,-3,-4,-19,-24,-15,-29,-24,10,12,17,-12,hello
15.441511869430542,28,32,31,18,8,0,-14,-8,-25,-18,16,19,12,2,hello
15.457274913787842,10,35,39,27,6,-1,-10,-3,-15,-15,17,21,5,10,hello
15.457274913787842,4,22,26,31,5,12,4,3,5,1,4,6,3,15,hello
15.472843408584597,4,8,9,23,6,28,20,9,20,20,-6,-5,-1,24,hello
15.472843408584597,-3,0,-6,5,0,16,26,9,23,32,1,0,1,27,hello
15.488381624221802,-5,-10,-20,-17,-5,-5,13,15,22,29,0,3,8,18,hello
15.488381624221802,-2,-13,-19,-37,-15,-15,-7,18,15,9,-4,5,8,6,hello
15.504354000091553,0,-1,-12,-33,-17,-16,-9,7,14,-1,12,19,15,-2,hello
15.504354000091553,0,3,-14,-24,-4,-19,-10,0,6,-9,21,16,12,-14,hello
15.519863367080688,-1,12,-6,-3,4,-7,-14,-7,-8,-20,10,-2,-1,-22,hello
15.519863367080688,3,34,20,34,9,15,0,-13,-8,-8,6,-5,-11,-16,hello
15.535908937454224,6,31,30,42,6,27,16,-7,-2,15,5,0,-16,2,hello
15.535908937454224,-2,0,2,21,0,21,22,0,0,29,0,-10,-16,8,hello
15.551353216171265,-5,-22,-13,6,0,9,26,6,12,28,-9,-15,-9,5,hello
15.551353216171265,1,-25,-7,-5,0,-3,15,9,23,18,-15,-9,0,8,hello
15.567249059677124,0,-26,-17,-18,-3,-19,-9,5,7,0,-13,-7,3,11,hello
15.567249059677124,2,-21,-16,-17,-2,-21,-23,5,-6,-11,-1,2,10,7,hello
15.582889556884766,15,-4,0,-10,2,-17,-18,3,-4,-13,16,20,26,1,hello
15.582889556884766,9,3,5,-13,0,-24,-26,-13,-24,-35,11,13,13,-6,hello
15.598412275314333,-2,8,10,2,0,-18,-25,-29,-49,-47,-1,1,-14,-14,hello
15.598412275314333,1,13,23,30,9,7,-1,-24,-40,-25,4,3,-13,-12,hello
15.614192724227903,0,11,23,25,8,20,20,-8,-24,-14,2,-1,-14,-7,hello
15.614192724227903,-11,2,7,9,0,21,25,0,-9,-12,-13,-13,-23,-3,hello
15.629286766052246,-13,-9,-3,3,-5,24,22,12,16,12,-20,-13,-14,7,hello
15.629286766052246,-10,-17,-11,-9,-9,19,19,23,32,34,-19,-9,0,15,hello
15.64481782913208,-5,-16,-14,-26,-9,0,4,16,18,20,-15,-6,0,8,hello
15.64481782913208,3,-12,-14,-33,-12,-19,-20,0,0,-5,-2,3,8,0,hello
15.660369396209717,12,-9,-9,-28,-12,-26,-37,-8,-2,-9,11,14,20,-10,hello
15.660369396209717,8,0,1,-17,-3,-26,-40,-9,-9,-4,14,12,15,-15,hello
15.67626452445984,0,17,13,2,6,-13,-23,-5,-4,0,15,7,9,-9,hello
15.67626452445984,0,30,20,30,18,10,3,0,16,4,16,0,8,-5,hello
15.691362857818604,2,27,24,39,23,24,17,0,10,4,1,-11,-11,-7,hello
15.691362857818604,-5,13,11,28,15,26,30,3,5,18,-10,-18,-23,-3,hello
15.707048416137695,-20,-6,-17,3,3,24,37,8,23,31,-15,-16,-14,4,hello
15.707048416137695,-19,-19,-28,-15,-4,17,23,10,25,25,-19,-12,-4,12,hello
15.722109079360962,-3,-17,-27,-16,-7,5,16,9,22,21,-8,-5,8,15,hello
15.722109079360962,-4,-19,-35,-31,-13,-10,1,7,18,0,0,-2,8,8,hello
15.738041639328005,-16,-19,-35,-48,-15,-23,-23,0,1,-26,5,-2,4,-5,hello
15.738041639328005,4,0,-6,-23,-4,-22,-26,-5,-10,-17,26,20,24,-3,hello
15.753332376480104,32,26,30,17,8,-16,-10,-8,-15,0,41,43,35,7,hello
15.769259452819824,17,24,31,28,10,-6,-7,-20,-27,-11,20,16,6,-2,hello
15.769259452819824,-6,8,11,21,7,6,-3,-24,-35,-18,-12,-18,-30,-19,hello
15.784013748168944,-3,8,10,30,6,21,13,-8,-21,-1,-19,-16,-33,-11,sil
15.784013748168944,5,4,13,24,0,19,18,3,-8,2,-22,-7,-20,7,sil
15.79917311668396,4,-7,6,2,-7,8,12,12,2,-2,-31,-9,-12,11,sil
15.79917311668396,0,-16,-4,-3,-10,2,9,22,13,2,-25,-5,-6,3,sil
15.814870595932009,1,-15,-7,-7,-13,-8,0,23,9,1,-2,6,1,11,sil
15.814870595932009,24,2,8,1,-5,-18,-6,20,12,0,27,31,28,32,sil
15.830369234085085,37,12,19,17,2,-21,-11,14,16,-2,41,44,45,28,sil
15.830369234085085,10,1,4,1,-2,-22,-24,-7,-7,-20,24,21,21,-1,sil
15.845531940460203,-4,8,1,-4,-1,-14,-22,-26,-23,-25,16,1,4,-15,sil
15.845531940460203,0,22,16,16,8,0,-10,-17,-14,-11,15,0,3,-13,sil
15.861188888549805,-7,7,11,22,9,11,-3,-9,-8,-4,-1,-6,-14,-13,sil
15.861188888549805,-21,0,0,15,12,18,4,-11,-2,0,-11,-16,-26,-10,sil
15.876161575317385,-16,7,4,18,13,20,14,-5,0,17,-10,-15,-14,-3,sil
15.876161575317385,-7,-5,0,10,0,12,22,-1,3,37,-14,-14,-6,2,sil
15.8922278881073,-9,-34,-19,-30,-12,7,22,1,15,38,-28,-16,-14,12,sil
15.8922278881073,-19,-42,-39,-66,-14,2,15,11,27,21,-35,-21,-14,3,sil
15.90806245803833,-18,-32,-41,-56,-11,-11,-2,14,23,8,-27,-24,-3,-11,sil
15.90806245803833,0,-14,-21,-36,-6,-20,-21,11,12,-1,-10,-9,6,-6,sil
15.92344069480896,11,-2,-11,-31,1,-9,-20,7,7,-9,9,7,13,-4,sil
15.92344069480896,0,-4,-17,-32,-2,-6,-18,-5,-9,-22,9,6,4,-17,sil
15.93944525718689,-13,0,-9,-16,-8,-8,-18,-17,-18,-24,1,-6,-2,-22,sil
15.93944525718689,-11,18,1,5,4,0,-8,-12,-8,-16,1,-18,0,-21,sil
15.95457148551941,-5,26,5,18,15,10,0,-7,-18,-20,0,-15,-6,-20,sil
15.95457148551941,-3,27,11,29,9,8,0,-9,-29,-16,4,-4,-11,-12,sil
15.970313787460327,3,30,24,38,4,4,4,-1,-18,-3,11,-1,-7,1,sil
15.970313787460327,11,23,34,38,10,17,20,4,-7,2,9,1,-3,15,sil
15.985839366912842,2,6,19,32,13,26,27,-2,-5,4,6,4,-2,16,sil
15.985839366912842,0,-4,3,18,1,10,16,3,8,9,9,11,1,18,sil
16.001368761062622,19,-5,12,8,-3,2,21,22,39,34,19,27,16,34,sil
16.001368761062622,26,-10,18,-2,-4,3,24,21,44,43,18,29,23,38,sil
16.017377138137817,10,-14,9,-8,-13,-9,1,12,21,14,10,22,19,19,sil
16.017377138137817,14,-9,-1,1,-9,-21,-17,6,14,-2,21,37,29,11,sil
16.033008337020874,27,0,-4,-6,-2,-21,-20,-2,0,-7,26,45,30,8,sil
16.033008337020874,21,22,17,0,-1,-16,-13,-6,-19,-17,21,26,14,0,sil
16.04813504219055,11,36,36,43,6,0,-1,-3,-16,-10,12,10,1,2,sil
16.04813504219055,-1,10,6,41,8,15,5,-5,-9,9,-13,-7,-14,6,sil
16.06381320953369,-12,-26,-28,-14,-4,13,4,-2,-1,19,-37,-22,-18,4,sil
16.06381320953369,0,-27,-21,-34,-10,-8,-1,4,4,-1,-33,-6,-2,2,sil
16.085253953933716,3,0,-10,-12,-2,-21,-15,-6,-8,-39,-16,0,3,-14,sil
16.08625316619873,-18,10,-11,-2,3,-9,-22,-19,-24,-40,-9,-25,-19,-36,sil
16.08625316619873,-33,-2,-8,1,4,12,0,-10,-7,0,-23,-43,-40,-31,sil
16.0958514213562,-43,-33,-31,-8,-4,13,15,-5,4,12,-53,-55,-44,-24,sil
16.11087441444397,-56,-55,-59,-48,-22,-7,-7,-2,-10,-14,-59,-66,-38,-23,sil
16.11087441444397,-29,-36,-42,-53,-19,-14,-22,14,-8,-9,-19,-34,-6,-9,sil
16.126356601715088,14,0,-15,-18,5,-5,-6,23,11,22,15,6,27,0,sil
16.126356601715088,17,18,-1,-1,21,1,1,8,8,17,17,12,23,-4,sil
16.141892910003662,2,22,9,2,16,6,-1,-7,-3,-4,15,1,3,-11,sil
16.141892910003662,-3,15,8,3,7,3,-1,-13,-10,-6,8,-8,-15,-13,sil
16.157129526138306,-9,10,10,15,8,6,5,-10,-5,-3,1,-12,-27,-11,sil
16.157129526138306,0,15,31,38,13,25,24,-3,12,3,14,3,-10,4,sil
16.1722571849823,14,9,36,25,5,26,30,11,27,24,29,28,13,25,sil
16.1722571849823,20,-4,11,-11,-9,-6,5,18,27,29,30,35,26,25,sil
16.18742322921753,30,-4,2,-19,-17,-29,-24,12,13,2,28,40,38,22,sil
16.18742322921753,48,17,29,4,-7,-18,-19,2,-2,-15,41,54,51,27,sil
16.203437328338623,44,32,49,19,3,-1,-3,-15,-16,-18,44,49,35,14,sil
16.203437328338623,14,21,35,15,2,4,1,-27,-27,-23,7,19,-2,-7,sil
16.21919536590576,-3,12,18,28,8,21,16,-13,-13,-4,-14,-1,-9,-1,sil
16.234469175338745,-7,8,11,32,14,29,23,6,7,17,-13,-5,-7,10,sil
16.234469175338745,-17,-10,-7,2,-5,14,7,6,9,17,-24,-17,-20,0,sil
16.250020027160645,-21,-26,-32,-22,-23,-9,-1,3,5,6,-35,-27,-20,-5,sil
16.250020027160645,-11,-27,-32,-22,-14,-19,8,19,13,-4,-22,-15,-6,4,sil
16.250020027160645,-3,-16,-24,-17,-4,-18,12,30,19,0,0,2,12,11,sil
16.26550316810608,0,4,-14,-10,-1,-21,-10,7,-3,-1,13,9,18,7,sil
16.281127452850342,2,13,1,7,7,-9,-25,-27,-34,-18,7,-1,-8,-5,sil
16.281127452850342,-12,-2,-4,14,11,12,0,-33,-30,-10,-16,-27,-35,-14,sil
16.29620623588562,-33,-15,-24,-9,0,13,20,-6,-3,8,-32,-33,-27,-7,sil
16.29620623588562,-26,-15,-26,-20,-4,3,9,5,10,11,-15,-15,-2,-1,sil
16.311946868896484,-3,-14,-20,-7,0,0,-12,-2,9,11,2,-5,7,3,sil
16.311946868896484,4,-5,-11,-5,0,-6,-25,-1,2,7,4,-1,10,5,sil
16.326862335205078,1,0,-9,-17,-4,-18,-26,3,-5,-9,4,-2,11,-15,sil
16.326862335205078,2,2,-5,-19,0,-22,-27,4,-9,-20,9,-2,7,-28,sil
16.34210753440857,16,21,18,9,11,-13,-16,5,4,-5,21,10,11,-14,sil
16.34210753440857,21,29,32,32,13,5,0,3,9,-1,14,13,7,-5,sil
16.357243299484253,2,10,18,19,3,19,10,-1,-6,-12,-12,-6,-11,-8,sil
16.357243299484253,-12,-2,6,12,0,25,21,-3,-10,-2,-26,-19,-25,-6,sil
16.372819423675537,-5,-8,9,11,0,27,32,4,0,11,-22,-12,-27,4,sil
16.372819423675537,3,-15,3,2,3,29,32,12,18,22,-5,0,-4,17,sil
16.38828134536743,0,-15,-10,-10,0,8,15,13,32,31,0,7,14,21,sil
16.38828134536743,0,-7,-12,-23,-10,-21,-1,14,23,18,-4,3,9,11,sil
16.403836727142334,13,-1,-4,-20,-8,-31,-14,12,10,-1,12,14,17,3,sil
16.403836727142334,15,0,-4,-15,-5,-26,-22,-2,0,-18,26,26,20,-2,sil
16.418925285339355,-2,1,-6,-16,-7,-12,-18,-22,-16,-25,5,5,-7,-14,sil
16.418925285339355,-10,11,6,-5,-3,1,-11,-29,-32,-22,0,-5,-24,-18,sil
16.434858322143555,0,24,31,23,2,6,-8,-22,-36,-19,23,13,-9,-9,sil
16.434858322143555,3,21,35,47,8,13,2,-15,-22,-6,21,18,1,4,sil
16.45029067993164,-4,1,16,29,5,17,11,-9,-4,9,-3,0,0,10,sil
16.45029067993164,-8,-6,1,2,-2,11,17,3,10,17,-8,0,4,11,sil
16.465924501419067,-1,-4,-4,0,-2,14,27,18,26,18,-3,1,4,20,sil
16.465924501419067,1,-9,-10,0,0,16,24,25,30,14,-13,-7,0,22,sil
16.481011867523193,3,-12,-14,-5,0,-3,9,23,33,15,-12,-7,8,13,sil
16.481011867523193,7,-10,-5,-5,0,-24,-13,16,23,11,6,11,25,14,sil
16.496803998947144,20,-1,3,-10,-1,-25,-29,5,-5,-8,17,23,26,18,sil
16.496803998947144,25,12,-1,-17,0,-22,-30,-9,-22,-31,11,15,14,0,sil
16.51189351081848,13,21,-2,-4,8,-17,-24,-18,-21,-34,1,2,-3,-17,sil
16.51189351081848,1,15,3,12,11,-3,-12,-21,-21,-16,3,-7,-12,-21,sil
16.526904821395874,-13,0,-1,0,1,3,-2,-17,-25,-6,-7,-24,-21,-25,sil
16.526904821395874,-30,-2,-9,0,0,13,8,-10,-15,-2,-22,-35,-26,-24,sil
16.543015003204346,-25,2,-4,22,7,23,24,0,5,16,-14,-26,-15,-7,sil
16.543015003204346,-14,-8,-5,9,0,19,23,13,18,31,-9,-13,-8,1,sil
16.559105396270752,-21,-21,-15,-18,-12,10,12,13,16,23,-18,-12,-11,-2,sil
16.559105396270752,-24,-20,-17,-13,-6,8,11,4,2,10,-20,-18,-12,0,sil
16.57518720626831,-12,-19,-14,-5,-4,7,11,3,-4,8,-17,-17,-6,5,sil
16.57518720626831,3,-15,-10,-18,-7,0,5,5,8,14,-3,0,9,8,sil
16.59122395515442,18,0,1,-23,-1,-12,-1,7,16,8,21,21,27,11,sil
16.59122395515442,16,2,2,-14,-1,-26,-18,3,4,-8,27,25,27,0,sil
16.60711979866028,7,-9,-12,-19,-7,-35,-32,-6,-10,-26,7,10,8,-18,sil
16.60711979866028,14,2,0,-14,0,-20,-17,-3,-10,-22,9,12,3,-10,sil
16.622246026992798,20,24,23,9,8,0,-8,0,0,-2,26,21,12,1,sil
16.622246026992798,12,20,23,13,4,1,-23,-9,-2,-1,14,12,3,-3,sil
16.637836933135986,5,16,13,8,9,5,-6,-10,-3,-6,1,-1,-11,-10,sil
16.637836933135986,-1,19,10,13,11,18,14,-6,-8,-15,-5,-12,-22,-8,sil
16.653939723968506,-10,12,9,20,0,11,4,-8,-17,-26,-20,-17,-33,-5,sil
16.653939723968506,-6,5,7,31,2,10,11,-4,-6,-6,-12,-8,-20,0,sil
16.669979572296143,-5,-2,5,20,7,23,29,4,0,5,0,0,-8,9,sil
16.669979572296143,-11,-16,1,0,-4,25,25,6,0,1,-9,-3,-7,12,sil
16.68585181236267,-1,-13,0,3,-11,9,16,15,17,18,-3,4,5,20,sil
16.68585181236267,10,-5,-1,8,-10,-4,13,27,34,34,15,26,23,31,sil
16.700968742370605,0,-18,-10,-7,-12,-9,4,14,26,24,6,20,21,26,sil
16.700968742370605,-11,-26,-16,-20,-7,-9,-2,4,14,20,-10,3,10,15,sil
16.71623158454895,5,0,-5,-3,3,-9,-6,10,8,14,4,12,19,11,sil
16.71623158454895,23,21,6,16,5,-13,-19,1,-6,-8,25,30,30,6,sil
16.7319233417511,23,21,10,15,2,-17,-34,-13,-21,-19,26,28,22,-4,sil
16.7319233417511,16,16,10,13,7,-11,-23,-16,-19,-14,20,10,14,-17,sil
16.74795365333557,13,13,15,14,7,1,0,-16,-20,-25,8,-1,4,-20,sil
16.74795365333557,7,19,21,23,7,17,12,-17,-16,-18,1,0,-6,-9,sil
16.763086318969727,-11,17,8,23,9,22,9,-14,-6,4,-12,-18,-26,-10,sil
16.763086318969727,-30,-4,-6,1,-10,12,1,-3,-9,0,-40,-48,-45,-20,sil
16.779188632965088,-19,-23,-9,-21,-22,0,7,12,10,0,-39,-40,-25,-7,sil
16.779188632965088,-3,-25,-14,-39,-1,-9,11,22,35,21,-25,-18,0,10,sil
16.79488754272461,-7,-16,-22,-41,11,-21,-5,13,18,14,-26,-20,-2,0,sil
16.79488754272461,-11,-12,-27,-37,0,-26,-24,0,-4,-10,-18,-20,-6,-15,sil
16.809932708740234,-6,-24,-33,-64,-8,-22,-23,-2,-4,-19,-10,-11,0,-17,sil
16.809932708740234,-5,-23,-35,-71,0,-13,-8,-3,-1,-6,0,-8,5,-16,sil
16.8252112865448,-8,1,-17,-21,14,-3,-4,-10,-14,-5,15,-7,1,-14,sil
16.840955018997192,-12,13,1,15,13,9,-1,-17,-23,-10,8,-14,-16,-19,sil
16.840955018997192,-15,3,2,13,-1,17,8,-17,-18,-2,-3,-20,-27,-16,sil
16.840955018997192,-6,3,11,18,-5,18,18,-2,-4,8,18,0,-8,7,sil
16.856343507766724,3,13,23,42,3,26,25,9,10,19,38,23,13,26,sil
16.871999740600586,0,5,16,41,1,30,24,4,9,28,22,19,8,18,sil
16.871999740600586,0,-4,13,25,-4,22,17,4,6,22,12,20,7,16,sil
16.887206077575684,17,7,24,32,-1,8,10,16,17,7,15,35,22,31,sil
16.887206077575684,28,19,22,40,-2,-4,1,22,19,-3,10,34,20,33,sil
16.902952671051025,14,1,2,19,-7,-16,-4,17,19,5,4,20,6,16,sil
16.902952671051025,6,-15,-9,-10,-6,-24,-6,8,17,5,-5,16,2,2,sil
16.919044256210327,18,-3,-2,-14,0,-18,-7,-1,-2,-15,-7,21,7,2,sil
16.919044256210327,18,5,-5,-8,0,-11,-9,-11,-21,-32,-9,12,2,-7,sil
16.935161590576172,0,-4,-15,-23,-6,-14,-23,-14,-26,-39,-26,-3,-13,-25,sil
16.935161590576172,-6,0,-3,-21,-4,-10,-26,-12,-20,-23,-16,-5,-9,-22,sil
16.951241731643677,6,15,18,3,6,-3,-17,-4,-6,8,13,1,12,-1,sil
16.951241731643677,10,24,27,14,13,-1,-5,3,6,15,18,0,16,5,sil
16.967334985733032,0,23,21,18,17,8,8,0,7,6,8,-8,5,0,sil
16.967334985733032,-5,7,10,14,8,13,13,-11,-4,2,4,-13,-6,-8,sil
16.967334985733032,-4,-2,2,8,0,18,18,-5,-2,7,1,-15,-7,-2,sil
16.9829363822937,-8,-2,1,12,4,26,25,5,8,17,-3,-16,0,11,sil
16.9829363822937,-11,-10,-1,7,0,23,24,12,17,33,-3,-9,4,18,sil
16.998990058898926,-12,-18,-11,-1,-14,9,21,20,35,45,2,-5,7,16,sil
16.998990058898926,-18,-19,-23,-13,-15,-6,6,19,32,21,-13,-16,-1,4,sil
17.014153957366943,-19,-24,-32,-39,-10,-23,-21,0,3,-12,-30,-21,-10,-8,sil
17.03022861480713,0,-17,-27,-44,-5,-26,-37,-9,-14,-26,-7,-3,-2,-6,sil
17.03022861480713,21,0,-12,-19,3,-20,-27,-7,-25,-36,2,8,-2,-6,sil
17.03022861480713,19,4,-2,-7,4,-20,-10,-12,-33,-47,-8,5,-8,-17,sil
17.046254873275757,11,6,5,-14,0,-18,-12,-12,-27,-38,0,7,-6,-12,sil
17.046254873275757,15,22,15,0,0,-11,-22,-8,-21,-24,16,13,-1,-1,sil
17.062265634536743,11,26,12,16,0,-5,-13,-14,-27,-18,11,3,-5,-9,sil
17.062265634536743,-8,8,2,14,-1,7,10,-15,-25,-6,-3,-8,-19,-17,sil
17.077821254730225,-25,-4,-2,16,6,26,23,-8,-3,15,-11,-14,-21,-12,sil
17.077821254730225,-20,-6,1,20,15,29,14,0,6,22,-6,-11,-4,2,sil
17.09385347366333,-9,-7,1,10,5,22,10,8,13,27,7,0,12,15,sil
17.09385347366333,-13,-13,-12,-3,-2,18,26,14,25,34,-3,-1,5,9,sil
17.109877109527588,-21,-16,-17,-11,0,10,33,23,28,22,-27,-14,-9,0,sil
17.109877109527588,-8,-18,-7,-13,-2,-2,16,24,29,8,-8,0,2,0,sil
17.125985145568848,12,-8,2,-22,-11,-21,-17,3,21,-1,21,17,22,0,sil
17.125985145568848,14,17,13,0,-6,-13,-23,-14,0,-5,19,5,11,-6,sil
17.141221284866333,0,18,19,33,9,18,8,-15,-11,1,5,-5,-12,-2,sil
17.141221284866333,-9,-13,4,13,10,22,23,-4,1,3,-8,-5,-19,8,sil
17.157110929489136,-3,-23,-12,-26,-2,-5,2,15,28,8,-11,-1,3,13,sil
17.157110929489136,15,2,-3,-17,-8,-25,-20,26,36,14,13,17,31,20,sil
17.172809600830078,31,32,23,20,2,-19,-29,4,2,-2,37,35,31,20,sil
17.172809600830078,25,37,30,32,11,-2,-21,-19,-37,-18,22,19,6,6,sil
17.187822341918945,3,2,7,5,-3,10,1,-6,-27,3,-5,-3,-8,0,sil
17.203922986984253,-8,-27,-14,-20,-18,0,13,12,13,22,-12,-1,2,0,sil
17.203922986984253,-1,-16,-21,-30,-10,-22,-13,3,6,-13,-5,9,11,-8,sil
17.203922986984253,7,4,-8,-16,0,-24,-39,-17,-23,-37,7,15,10,-18,sil
17.219159603118896,8,13,11,14,8,-8,-28,-20,-23,-17,19,11,9,-8,sil
17.233842849731445,6,18,27,33,14,7,2,-7,-14,-8,10,2,2,5,hello
17.233842849731445,0,13,17,28,12,20,32,5,-9,-5,-10,-6,-10,7,hello
17.24993133544922,-14,-2,-10,12,2,19,43,5,-2,4,-34,-27,-24,-3,hello
17.24993133544922,-20,-14,-23,-4,0,18,33,0,4,12,-36,-36,-23,-5,hello
17.26504635810852,-14,-20,-19,-8,1,19,22,7,21,26,-12,-19,-9,5,hello
17.26504635810852,-5,-19,-18,-11,-14,-5,5,14,21,17,-4,-6,-3,5,hello
17.281147718429565,4,-2,-15,-15,-28,-33,-22,-3,-1,-18,3,0,2,-15,hello
17.281147718429565,6,19,3,-1,-5,-25,-33,-20,-15,-29,20,5,2,-28,hello
17.297105312347412,0,28,21,25,25,7,-8,-4,-7,-13,16,1,-9,-16,hello
17.297105312347412,3,28,22,38,30,32,12,9,5,3,15,0,-3,0,hello
17.312036514282227,10,22,19,24,16,24,9,-1,0,4,16,3,0,5,hello
17.312036514282227,-1,0,8,2,2,7,12,-15,-13,-2,-9,-4,-18,8,hello
17.32813334465027,-15,-30,-16,-25,-7,5,17,-5,-4,6,-29,-12,-21,13,hello
17.32813334465027,-11,-38,-28,-44,-20,-3,3,6,10,27,-4,-1,5,15,hello
17.34284234046936,-6,-36,-24,-53,-29,-31,-18,0,4,12,8,2,18,14,hello
17.34284234046936,-10,-37,-22,-55,-27,-40,-31,2,-5,-17,-22,0,3,7,hello
17.358917951583862,1,-18,-9,-34,-17,-21,-23,18,2,-13,-23,10,4,-3,hello
17.358917951583862,24,9,17,-6,-4,-10,-18,19,7,-1,20,31,26,-8,hello
17.37485957145691,27,26,35,16,7,-11,-22,0,3,0,32,33,31,-2,hello
17.37485957145691,9,36,33,48,13,5,-14,-12,-6,-10,-2,8,2,-7,hello
17.390289783477783,-6,31,22,57,17,29,12,-14,-22,-20,-19,-15,-25,-13,hello
17.390289783477783,-13,6,-1,27,22,37,37,-11,-9,10,-5,-18,-15,-8,hello
17.40636968612671,-12,-11,-22,-7,13,24,38,0,23,46,-1,-17,0,3,hello
17.40636968612671,-12,-13,-19,-12,3,12,28,21,41,28,0,-10,3,13,hello
17.421956062316895,-1,-9,-11,-2,7,4,21,17,39,5,16,11,22,18,hello
17.421956062316895,14,0,-5,0,1,-10,-7,-7,1,-4,14,10,18,2,hello
17.43711256980896,6,20,5,12,-8,-17,-38,-20,-36,-22,1,-15,-22,-26,hello
17.43711256980896,-19,12,4,10,0,-2,-24,-4,-28,-25,-9,-24,-40,-28,hello
17.4528648853302,-27,-12,-14,-11,4,14,14,12,2,0,-17,-20,-21,-7,hello
17.4528648853302,-11,-22,-32,-18,-7,3,26,7,14,14,-21,-25,-8,0,hello
17.46806812286377,1,-17,-22,-25,-24,-24,3,-3,2,-1,-11,-5,-1,3,hello
17.46806812286377,10,-4,3,-35,-21,-28,-12,-4,1,-10,26,34,32,12,hello
17.483686923980713,22,15,28,-7,6,-5,-3,-4,-1,-8,49,39,42,14,hello
17.483686923980713,22,29,44,42,28,17,10,-7,-8,-2,17,9,4,15,hello
17.49923324584961,7,22,28,55,16,30,3,-7,0,8,-17,-5,-15,11,hello
17.49923324584961,0,2,1,21,-1,12,-13,12,11,12,-17,3,-11,10,hello
17.514994859695435,5,-17,-3,-5,-8,-9,-10,22,8,9,-3,14,-4,13,hello
17.514994859695435,10,-20,-2,-7,-13,-21,-11,6,-10,-10,-8,7,0,3,hello
17.530158519744873,17,2,2,3,-7,-26,-25,0,-28,-33,-2,11,7,-8,hello
17.530158519744873,19,19,8,14,1,-26,-24,-13,-25,-19,33,30,23,-5,hello
17.54584264755249,5,12,11,6,-5,-18,-13,-31,-27,-7,32,21,15,0,hello
17.54584264755249,-1,20,21,20,5,13,12,-20,-19,0,3,-2,-4,-3,hello
17.561439990997314,-7,20,10,38,23,40,37,-2,5,16,-1,-17,-10,-8,hello
17.561439990997314,-27,-11,-17,3,10,32,31,6,20,25,-8,-25,-15,-6,hello
17.577524662017822,-37,-29,-32,-24,-5,20,14,22,40,35,-23,-28,-15,-6,hello
17.577524662017822,-26,-31,-29,-38,-6,8,-2,26,43,29,-30,-28,-10,-5,hello
17.59270739555359,-10,-33,-28,-59,-3,-5,-8,15,21,1,-21,-24,0,-1,hello
17.59270739555359,0,-22,-31,-51,0,-10,0,10,3,-12,-5,-12,12,0,hello
17.608776092529297,2,-11,-22,-30,-4,-15,0,5,-11,-15,0,4,8,0,hello
17.608776092529297,8,1,-5,-25,-8,-21,-9,-15,-13,-9,13,13,10,-2,hello
17.624828815460205,8,17,0,-14,-4,-20,-23,-40,-9,-10,16,5,8,-8,hello
17.624828815460205,0,28,17,12,-6,-1,-17,-36,-24,-25,0,4,-8,-7,hello
17.640367031097412,2,27,33,38,2,18,14,-11,-21,-14,1,10,-7,-1,hello
17.640367031097412,2,9,22,28,9,16,21,12,-3,2,-5,-1,-9,0,hello
17.655739068984985,-6,-3,12,4,2,6,5,25,-2,-1,-29,-16,-27,2,hello
17.655739068984985,-10,-7,3,10,-1,6,3,19,-1,0,-29,-18,-24,0,hello
17.67133402824402,-14,-22,-12,16,-10,-1,1,7,3,0,-23,-23,-17,-3,hello
17.67133402824402,-3,-23,-6,-2,-17,-9,1,16,9,-3,-15,-9,-9,4,hello
17.687375783920288,23,-5,0,-10,-4,-10,2,14,23,17,13,17,20,20,hello
17.687375783920288,30,9,0,5,5,-15,-11,-4,14,19,32,30,35,19,hello
17.703468561172485,25,28,22,23,11,-3,-8,-8,3,0,44,40,32,13,hello
17.703468561172485,20,26,21,15,17,12,12,-13,7,-1,52,38,34,5,hello
17.71915078163147,2,6,0,0,10,1,5,-27,-12,-2,26,16,12,-9,hello
17.71915078163147,-4,16,12,22,6,5,1,-15,-26,-6,5,1,-5,-17,hello
17.73482370376587,-4,22,23,47,9,21,4,5,-7,5,5,-3,-5,-1,sil
17.73482370376587,-14,0,5,24,1,14,-5,15,5,21,-14,-14,-15,8,sil
17.75145411491394,-20,-17,-14,-2,-1,5,2,23,23,29,-22,-19,-11,2,sil
17.75145411491394,-15,-23,-26,-25,0,0,10,29,39,12,-9,-8,3,5,sil
17.767378091812134,-5,-19,-25,-31,-7,-13,-5,11,34,2,1,6,12,13,sil
17.767378091812134,9,-4,-15,-24,-8,-23,-16,-17,6,6,5,10,15,8,sil
17.782973766326904,10,0,-7,-27,-2,-13,-13,-31,-30,-17,0,2,1,-8,sil
17.782973766326904,-3,-1,-10,-23,0,-2,-13,-29,-42,-40,-9,-9,-17,-29,sil
17.799018621444702,-17,1,-6,-11,5,-5,-15,-15,-37,-32,-13,-20,-26,-34,sil
17.799018621444702,-14,7,7,0,8,0,-1,3,-30,-17,-12,-21,-21,-22,sil
17.814157724380493,-10,0,7,12,-4,12,9,6,-15,-9,-15,-22,-23,-12,sil
17.814157724380493,-17,-18,-1,3,-24,7,8,10,-2,-5,-31,-27,-31,-5,sil
17.830247402191162,-14,-24,-14,-11,-29,2,14,17,15,13,-29,-21,-15,7,sil
17.830247402191162,5,-18,-14,-20,-23,-1,4,6,23,15,-12,0,5,24,sil
17.845930576324463,23,-4,0,-9,-4,-7,-15,0,16,-5,10,21,21,26,sil
17.845930576324463,27,7,4,10,13,-12,-9,2,10,-5,27,29,33,15,sil
17.861307382583618,24,8,5,8,6,-15,1,-1,-7,0,18,25,26,10,sil
17.861307382583618,25,18,15,7,0,-7,5,-16,-14,-4,17,26,19,9,sil
17.877023696899414,26,36,21,24,19,1,7,-11,-3,-7,26,23,15,1,sil
17.877023696899414,16,41,29,34,31,7,9,7,8,5,25,18,13,0,sil
17.892269134521484,4,27,28,33,24,22,8,15,18,31,25,12,17,7,sil
17.892269134521484,-12,0,8,17,9,26,2,8,19,33,10,-2,3,7,sil
17.907814025878906,-30,-24,-9,1,-2,17,3,-7,7,19,-19,-28,-25,-6,sil
17.907814025878906,-25,-18,-10,-3,-2,12,13,-16,-4,11,-35,-37,-37,-19,sil
17.9238703250885,-12,-14,-12,-17,0,13,18,-2,-7,5,-31,-23,-28,-13,sil
17.9238703250885,-22,-30,-27,-35,-6,7,16,10,-1,-4,-26,-16,-11,-3,sil
17.939512729644775,-26,-27,-24,-36,-11,-10,7,15,1,-14,-23,-11,-2,-5,sil
17.939512729644775,0,-2,-2,-21,-12,-22,-2,20,10,-2,3,8,14,-2,sil
17.955204248428345,13,1,0,-20,-14,-23,-19,13,21,4,28,18,28,0,sil
17.955204248428345,0,0,-5,-11,-10,-19,-36,-1,0,-22,17,7,8,-12,sil
17.97120428085327,0,18,9,11,3,-15,-33,-17,-24,-30,16,6,-1,-18,sil
17.97120428085327,11,23,29,16,11,-3,-22,-28,-22,-6,28,16,6,4,sil
17.986227989196777,6,14,25,29,7,11,-16,-28,-10,1,10,6,-8,14,sil
17.986227989196777,-2,5,8,44,0,9,-8,-13,-13,-9,-19,-15,-32,3,sil
18.001461505889893,0,-5,-8,19,-9,1,11,8,-9,-1,-19,-16,-19,5,sil
18.001461505889893,-1,-18,-31,-16,-7,7,34,29,8,13,-11,-6,-3,10,sil
18.01682162284851,-10,-21,-40,-27,-5,9,38,37,20,3,-19,-9,-3,0,sil
18.01682162284851,-1,-15,-30,-26,-10,-2,23,23,18,-15,-13,-7,5,-4,sil
18.032989978790283,20,-2,-12,-24,-7,-12,3,-5,0,-17,13,17,27,2,sil
18.032989978790283,34,15,18,-14,8,-8,-14,-27,-13,0,36,40,34,11,sil
18.048476457595825,29,29,37,13,19,-5,-34,-31,-7,9,36,35,29,7,sil
18.048476457595825,11,21,25,28,16,-6,-46,-27,-7,5,18,11,14,-2,sil
18.06415724754333,-3,9,10,19,10,6,-27,-14,-8,0,3,-7,-5,-6,sil
18.06415724754333,-8,12,11,23,10,15,1,5,-3,-4,-16,-17,-28,-7,sil
18.079881191253666,-13,9,16,35,8,10,23,20,-1,1,-31,-17,-36,-5,sil
18.079881191253666,-17,-13,5,16,-1,13,50,26,18,28,-13,-15,-11,2,sil
18.101131916046143,-22,-33,-21,-22,-15,15,57,28,31,26,-16,-23,-4,2,sil
18.101131916046143,-28,-32,-35,-35,-18,2,43,17,17,6,-42,-32,-21,-6,sil
18.11091113090515,-21,-26,-17,-22,-14,-10,26,0,0,12,-28,-18,-12,0,sil
18.11091113090515,0,-17,1,-15,-12,-17,-11,-15,-5,13,7,5,17,11,sil
18.12902426719665,14,-2,0,-8,-4,-18,-55,-26,-10,-10,11,15,25,6,sil
18.12902426719665,21,13,0,2,14,-8,-60,-22,-6,-16,7,23,16,5,sil
18.142109394073486,27,26,13,18,24,3,-43,-4,3,2,24,36,23,14,sil
18.142109394073486,23,24,20,12,12,6,-30,3,3,-2,28,27,20,1,sil
18.15775156021118,2,12,12,-7,1,0,-5,7,-10,-35,4,0,-8,-22,sil
18.15775156021118,-11,14,4,1,3,1,21,20,-15,-31,-2,-12,-22,-23,sil
18.172810554504395,-4,26,11,23,0,6,29,25,-5,8,21,0,-8,-2,sil
18.188830375671387,0,15,16,10,-6,5,26,1,-6,11,30,4,-2,5,sil
18.188830375671387,-10,-5,0,-11,-7,3,23,-23,-24,-14,-2,-14,-20,-3,sil
18.188830375671387,-11,-12,-13,-5,-9,1,17,-16,-22,-4,-23,-22,-22,-3,sil
18.20490336418152,-6,-15,-20,-3,-15,-7,0,-5,6,18,-7,-11,2,7,sil
18.20490336418152,-8,-29,-36,-36,-17,-15,-30,-19,13,-5,-11,-8,10,0,sil
18.22091293334961,0,-22,-31,-37,-5,-3,-42,-24,1,-32,-15,3,6,-10,sil
18.22091293334961,15,8,3,12,14,8,-20,-1,3,-11,14,26,16,0,sil
18.23605251312256,6,11,19,28,22,16,6,22,18,16,17,10,4,4,sil
18.252010583877563,-16,-13,-1,8,14,24,29,42,44,40,-18,-26,-15,-4,sil
18.25233745574951,-19,-23,-18,-1,1,10,38,59,63,51,-28,-22,-1,2,sil
18.267412662506104,-4,-15,-15,-10,-12,-21,23,47,44,29,-2,9,28,11,sil
18.267412662506104,9,0,5,-22,-13,-35,8,4,-8,-8,11,22,27,4,sil
18.28324031829834,21,20,31,-2,2,-9,19,-27,-53,-25,2,9,0,4,sil
18.28324031829834,12,13,18,25,8,10,20,-38,-52,-15,-17,-12,-17,11,sil
18.28324031829834,-7,-10,-10,8,-7,-8,-22,-43,-38,-13,-27,-20,-16,5,sil
18.298816442489624,7,0,-1,-8,-5,-20,-59,-42,-28,-22,7,3,4,-1,sil
18.31406855583191,33,30,21,2,18,0,-50,-27,-4,-14,46,27,24,-1,sil
18.31406855583191,11,36,23,20,19,14,-26,-7,13,5,30,16,3,-5,sil
18.329225778579712,-19,19,13,35,8,18,-9,0,12,8,-8,-10,-32,-19,sil
18.329225778579712,-20,1,2,20,0,19,7,8,0,-3,-26,-21,-47,-20,sil
18.345332384109497,-15,-9,-15,-3,-9,17,33,16,4,6,-19,-20,-24,-11,sil
18.345332384109497,-19,-26,-32,-27,-18,1,42,15,0,7,-19,-24,-9,-8,sil
18.360936403274536,-19,-36,-15,-47,-24,-18,29,15,-22,-19,-31,-13,-16,1,sil
18.360936403274536,0,-14,-5,-9,-10,-13,28,9,-3,0,0,7,11,19,sil
18.376094102859497,15,-9,-14,17,4,-12,6,-1,16,19,26,20,35,24,sil
18.376094102859497,5,-23,5,-29,-2,-24,-41,-1,-4,-6,9,31,17,20,sil
18.39120507240296,6,-1,23,-22,4,-7,-42,3,8,-2,35,44,34,18,sil
18.39120507240296,31,34,25,43,25,14,-19,11,44,27,76,52,66,24,sil
18.407160997390747,36,39,34,53,11,9,-16,23,43,24,58,43,47,16,sil
18.407160997390747,9,24,15,16,-13,2,-13,14,15,2,9,4,-3,-15,sil
18.42319059371948,-19,7,-14,-2,-4,10,5,-2,-14,-18,-23,-32,-39,-42,sil
18.42319059371948,-26,-1,-16,4,17,23,34,-5,-22,-17,-31,-45,-39,-33,sil
18.43835592269897,-17,0,-5,12,9,25,44,-9,-18,-3,-33,-43,-32,-8,sil
18.43835592269897,-12,0,-8,0,-15,15,28,-15,-26,0,-40,-36,-36,1,sil
18.45396852493286,-3,-10,-11,-13,-13,4,12,-6,-20,5,-30,-20,-15,10,sil
18.45396852493286,13,-12,-9,-17,11,-10,0,1,5,16,0,3,21,24,sil
18.46907091140747,9,-8,-16,-18,9,-23,-18,-4,25,15,7,8,29,21,sil
18.46907091140747,-5,-11,-25,-25,-8,-18,-30,0,29,4,-9,0,15,5,sil
18.48425269126892,0,-8,-12,-21,0,-9,-24,12,26,-6,-10,8,9,-4,sil
18.48425269126892,10,0,7,-16,5,-17,-19,1,5,-23,-2,10,-6,-16,sil
18.500168085098267,-5,0,5,-17,-16,-20,-9,-12,-22,-34,-8,-9,-30,-34,sil
18.500168085098267,-15,-3,-1,-3,-12,-2,11,-16,-36,-31,-10,-19,-30,-41,sil
18.516198873519897,-3,0,15,14,12,6,18,-16,-37,-24,-7,-6,-16,-20,sil
18.516198873519897,3,6,32,22,8,9,19,-13,-24,-4,6,7,0,3,sil
18.53182864189148,-2,4,25,27,-8,12,23,-4,-16,13,15,5,0,8,sil
18.53182864189148,-5,-3,9,20,0,11,15,0,-15,13,2,-9,-6,10,sil
18.54692316055298,-4,-16,-5,-1,12,10,-4,1,9,25,0,-6,9,18,sil
18.54692316055298,-6,-22,-13,-15,-5,10,-16,13,40,42,12,10,22,23,sil
18.563129425048828,0,-7,-11,-1,-10,1,-14,25,47,40,17,16,23,17,sil
18.563129425048828,5,1,-16,-5,9,-13,-20,20,23,6,8,10,19,2,sil
18.578691720962524,2,0,-18,-28,3,-18,-24,7,-4,-30,5,8,9,-1,sil
18.578691720962524,12,13,-8,-15,-8,-13,-7,2,-3,-21,19,15,18,4,sil
18.594606637954712,22,33,1,0,-1,-13,-5,-3,-4,-7,18,20,17,3,sil
18.594606637954712,11,32,15,13,-1,-10,-11,-12,-19,-12,7,14,-6,-3,sil
18.61129355430603,1,26,25,30,-10,-4,0,-13,-17,-10,2,2,-17,0,sil
18.61129355430603,-2,15,15,18,-8,1,7,-4,-9,-10,-21,-9,-17,2,sil
18.62632179260254,-13,0,1,10,4,15,12,0,-6,-9,-39,-24,-28,-6,sil
18.62632179260254,-12,-4,9,27,14,24,23,4,0,0,-24,-24,-31,-10,sil
18.64199709892273,-2,-5,10,26,7,23,31,4,4,7,-14,-12,-15,-5,sil
18.64237952232361,-5,-19,-9,-2,-4,24,30,0,10,15,-6,-6,0,7,sil
18.65765070915222,-4,-24,-12,-19,-1,20,26,10,22,32,16,6,14,27,sil
18.65765070915222,8,-12,-5,-8,5,6,16,21,36,41,30,24,31,28,sil
18.67331385612488,13,-7,-8,-1,1,-12,-3,11,31,25,16,22,26,13,sil
18.67331385612488,13,0,-2,-3,5,-16,-15,4,20,10,20,23,23,6,sil
18.68931007385254,16,1,0,-7,10,-16,-19,-1,9,1,33,26,32,0,sil
18.68931007385254,0,-9,-12,-23,-2,-23,-32,-16,-19,-30,11,0,11,-22,sil
18.70438814163208,-19,-4,-17,-22,-9,-15,-33,-22,-31,-43,-7,-27,-14,-38,sil
18.70438814163208,-9,16,1,-2,0,4,-15,-15,-19,-21,-5,-20,-16,-26,sil
18.7200608253479,1,21,15,5,3,10,-4,-11,-17,-11,-6,-12,-12,-15,sil
18.7200608253479,-8,4,5,3,5,2,-6,-16,-23,-21,-18,-24,-21,-23,sil
18.735251426696777,-16,-4,4,2,7,1,-9,-23,-30,-24,-29,-31,-38,-24,sil
18.735251426696777,-16,-4,4,7,0,4,0,-20,-31,-6,-29,-25,-34,-17,sil
18.75093054771424,-16,-16,-13,-4,-9,0,8,-3,-24,2,-33,-17,-20,-4,sil
18.75093054771424,-3,-19,-13,-11,-5,1,18,21,2,8,-30,-5,-3,15,sil
18.76654410362244,9,-2,3,5,1,7,27,34,35,25,-3,7,18,25,sil
18.76654410362244,4,-2,2,2,-6,-3,22,33,34,24,-1,11,12,25,sil
18.782277584075928,0,-15,-8,-13,-10,-7,17,26,29,17,-17,5,-3,25,sil
18.782277584075928,9,-9,-11,-8,-3,-1,7,20,28,7,-3,6,5,17,sil
18.79795789718628,13,8,-3,0,-5,-12,-14,9,2,-8,27,18,18,1,sil
18.79795789718628,16,18,1,-2,-9,-18,-21,-5,-15,-8,38,19,17,0,sil
18.81311655044556,20,21,12,-2,-10,-10,-15,-4,-2,-2,33,23,19,11,sil
18.81311655044556,20,23,22,8,-5,-4,-13,-1,10,-9,44,40,30,16,sil
18.829161405563354,12,20,21,14,6,-3,-12,-11,0,-14,49,28,26,7,sil
18.829161405563354,-5,10,15,5,9,1,-6,-16,-14,-5,19,-2,0,-1,sil
18.84419631958008,-18,0,1,8,6,6,-1,-15,-16,3,-10,-12,-20,-9,sil
18.84419631958008,-16,-2,-2,15,0,9,0,-15,-16,-3,-18,-9,-20,-13,sil
18.85983967781067,-11,1,5,13,-2,17,4,-10,-9,0,-16,-10,-12,-9,sil
18.85983967781067,-12,-4,1,3,2,24,10,-5,0,14,-20,-11,-11,-2,sil
18.87541007995605,-14,-17,-9,-1,13,24,13,-2,3,16,-24,-16,-18,-1,sil
18.87541007995605,-11,-18,-15,4,15,19,21,0,13,24,-9,-17,-3,0,sil
18.89096164703369,-2,-11,-16,-1,13,7,12,1,16,26,4,-4,9,2,sil
18.89096164703369,8,-1,-10,-8,8,-1,2,5,14,14,1,1,5,0,sil
18.90691471099853,9,-1,-4,-4,2,-5,11,16,17,7,-5,0,1,-2,sil
18.90691471099853,0,-12,-9,-13,-3,-13,9,19,8,-5,-9,-2,0,0,sil
18.922081232070923,0,-13,-17,-18,-7,-21,-6,9,0,-12,-5,-2,10,-4,sil
18.922081232070923,12,0,-5,-6,-6,-16,-9,3,0,-12,5,7,18,-6,sil
18.93818759918213,20,12,15,0,-1,-3,0,3,-4,-15,16,17,7,-5,sil
18.93818759918213,7,14,15,-3,-2,-5,-6,-6,-14,-21,2,0,-12,-17,sil
18.953807592391968,-7,11,6,1,-9,-15,-21,-19,-28,-30,-18,-14,-21,-23,sil
18.953807592391968,-2,13,6,16,-1,-3,-17,-23,-31,-33,-5,-8,-14,-17,sil
18.96986436843872,6,18,12,24,7,8,-8,-16,-27,-22,5,-6,-15,-5,sil
18.96986436843872,2,18,15,27,7,14,4,-2,-13,-1,-1,-7,-13,12,sil
18.98496961593628,-6,3,5,24,3,22,22,7,9,18,-4,-2,-3,27,sil
18.98496961593628,-12,-11,-7,6,-6,15,18,11,17,20,-8,-5,-5,19,sil
19.000105142593384,-15,-21,-18,-21,-13,0,4,15,26,20,-10,-5,0,11,sil
19.01545286178589,-10,-35,-19,-53,-11,-4,1,22,37,20,-9,2,16,25,sil
19.01545286178589,-4,-35,-13,-51,-14,-11,-5,16,23,12,-13,7,19,27,sil
19.030940294265747,-2,-15,-14,-7,-16,-30,-26,0,3,2,-4,6,16,2,sil
19.030940294265747,6,5,-3,13,-2,-37,-28,0,0,5,18,17,26,0,sil
19.046146392822266,20,17,15,9,12,-9,-7,4,7,20,40,29,40,16,sil
19.046146392822266,6,8,6,-2,7,10,-4,-8,-1,9,28,17,21,1,sil
19.061379194259644,-12,-2,-9,-11,-1,3,-11,-15,-17,-16,3,-3,-12,-24,sil
19.061379194259644,0,1,-3,-8,0,-3,-7,-15,-23,-21,5,-4,-18,-29,sil
19.07693839073181,10,8,5,-8,-1,-2,-6,-19,-29,-20,10,2,-15,-25,sil
19.07693839073181,3,13,9,1,0,3,0,-9,-14,-16,8,0,-14,-17,sil
19.092262983322144,3,19,15,21,13,17,17,2,4,-6,10,0,-14,-4,sil
19.092262983322144,8,21,22,28,13,23,19,-1,-3,1,4,3,-13,-2,sil
19.10820889472961,13,28,30,34,14,15,13,-6,-4,11,-1,1,-2,-1,sil
19.10820889472961,14,28,32,38,18,7,13,0,7,16,0,0,0,9,sil
19.1238660812378,-3,2,9,17,9,19,24,6,11,16,-10,-7,-9,7,sil
19.1238660812378,-26,-19,-16,-2,0,26,31,6,10,14,-28,-20,-12,-3,sil
19.13991498947144,-24,-17,-15,2,2,15,23,8,11,5,-28,-21,-7,0,sil
19.13991498947144,-14,-20,-16,1,0,1,9,7,14,7,-16,-15,0,7,sil
19.1559374332428,-14,-30,-29,-21,-15,-7,3,12,12,6,-22,-15,2,7,sil
19.1559374332428,-9,-30,-35,-31,-18,-16,2,16,10,1,-26,-15,3,2,sil
19.17205262184143,2,-25,-30,-21,-11,-25,-9,9,9,-2,-11,-3,11,4,sil
19.17205262184143,8,-10,-10,-22,-12,-25,-25,0,0,-15,7,14,15,7,sil
19.18806862831116,14,6,0,-23,-14,-20,-27,-10,-17,-34,16,19,18,0,sil
19.18806862831116,13,6,-3,-25,-9,-23,-33,-17,-39,-46,7,4,8,-9,sil
19.20283961296081,2,5,1,-14,1,-17,-32,-14,-36,-34,5,-5,-7,-11,sil
19.20283961296081,0,16,23,14,10,3,-8,-10,-19,-10,6,0,-17,-8,sil
19.218438386917114,7,15,33,32,6,20,9,-4,-12,7,-2,7,-17,0,sil
19.218438386917114,3,4,18,24,7,23,12,4,9,32,2,4,-1,5,sil
19.23362946510315,0,0,0,10,14,18,12,14,38,43,10,3,10,13,sil
19.23362946510315,10,2,2,8,12,7,5,21,47,39,11,17,15,22,sil
19.74749994277954,-29,-12,-16,3,6,23,20,-1,-3,6,-14,-25,-23,-10,sil
19.74749994277954,-23,-24,-22,-13,-6,13,16,11,9,13,-25,-29,-20,-8,sil
19.763474941253666,-9,-24,-17,-31,-8,0,2,19,17,7,-16,-16,-3,8,sil
19.763474941253666,3,-12,-19,-32,-4,-12,-9,13,13,2,0,3,18,17,sil
19.77945160865784,6,0,-16,-34,-12,-26,-24,4,-7,-13,0,9,16,4,sil
19.77945160865784,14,14,0,-15,-7,-21,-17,0,-10,-24,5,7,17,-2,sil
19.794538497924805,23,26,21,9,8,-6,-5,-5,-3,-20,25,17,22,5,sil
19.794538497924805,16,27,34,18,11,4,-1,-13,-8,-2,26,21,11,13,sil
19.810158491134644,2,25,29,29,6,17,7,-16,-19,5,5,2,-4,10,sil
19.810158491134644,-3,17,14,33,7,22,12,-13,-22,0,-19,-11,-14,6,sil
19.825188875198364,-6,-3,2,14,9,23,16,-7,-1,20,-27,-6,-14,7,sil
19.825188875198364,-17,-23,-16,-9,2,18,19,3,12,33,-31,-14,-18,0,sil
19.841205835342407,-28,-25,-38,-24,-5,3,13,9,7,13,-34,-36,-24,-11,sil
19.841205835342407,-19,-21,-40,-25,-4,-1,10,10,19,14,-20,-34,-9,-7,sil
19.85690927505493,-2,-16,-18,-20,0,1,11,18,33,23,0,-7,10,3,sil
19.85690927505493,-1,-4,-10,-13,2,0,8,22,26,12,12,5,20,1,sil
19.87226510047913,-2,0,-19,-17,0,-6,0,19,15,1,10,0,14,-2,sil
19.87226510047913,8,0,-14,-16,0,-8,-8,19,16,-1,9,5,8,-1,sil
19.888047695159912,13,7,1,-4,4,-14,-14,8,19,-12,14,14,9,-8,sil
19.888047695159912,9,13,12,0,-2,-14,-14,-10,1,-24,13,10,3,-13,sil
19.90413498878479,15,10,14,3,-11,-3,-15,-23,-19,-28,13,5,0,-8,sil
19.90413498878479,13,8,14,8,-6,-5,-27,-28,-32,-36,12,7,-1,-12,sil
19.92023205757141,5,12,23,14,0,-4,-17,-18,-21,-27,9,9,-2,-11,sil
19.92023205757141,8,16,32,28,9,14,8,-3,0,1,9,6,-3,4,sil
19.93600344657898,3,9,24,28,16,23,9,-2,-3,5,-8,-6,-13,8,sil
19.93600344657898,-12,0,8,17,8,15,7,-8,-15,0,-32,-19,-24,0,sil
19.951270818710327,-12,-12,-2,8,-3,8,14,-4,-9,11,-22,-18,-19,3,sil
19.951270818710327,-11,-22,-5,2,-3,7,10,0,-3,18,-6,-8,-8,8,sil
19.96648478507996,-15,-20,-9,0,1,6,12,4,3,24,-7,-2,0,5,sil
19.96648478507996,-5,-16,-14,-12,-5,-8,14,17,16,22,-14,-2,2,11,sil
19.98232793807984,6,-16,-19,-26,-11,-25,-4,17,12,5,-6,4,9,11,sil
19.9826922416687,3,-8,-18,-24,-9,-31,-29,1,-5,-12,7,14,17,-4,sil
19.99853134155273,4,4,-3,-16,-11,-34,-31,-5,-13,-20,20,20,16,-11,sil
19.99853134155273,19,9,6,-9,-8,-32,-18,-3,-8,-15,28,25,20,-5,sil
20.014236450195312,16,12,4,-2,-5,-15,-11,-3,-13,-17,26,24,18,1,sil
20.014236450195312,2,24,10,15,0,7,2,-9,-18,-13,25,14,6,1,sil
20.03029775619507,0,29,25,32,17,17,21,-11,-8,7,17,2,-3,0,sil
20.03029775619507,-5,18,20,29,19,18,20,-6,2,17,1,-8,-12,0,sil
20.04638910293579,-21,-1,0,18,6,16,11,0,8,11,-10,-22,-19,-4,sil
20.04638910293579,-23,-11,-7,5,4,14,13,2,9,10,-22,-28,-22,0,sil
20.06145548820496,-14,-14,-2,-1,2,16,20,4,13,19,-27,-18,-15,11,sil
20.06145548820496,-14,-19,-8,-5,-7,11,16,8,19,21,-22,-14,-4,12,sil
20.07741665840149,-12,-18,-22,-19,-10,-3,7,18,20,10,-26,-19,-5,0,sil
20.07741665840149,0,-13,-31,-32,-4,-10,5,22,24,3,-22,-10,0,-2,sil
20.093393325805664,9,-20,-25,-38,-6,-9,-2,17,23,-2,-7,10,19,6,sil
20.093393325805664,13,-16,-12,-36,-13,-17,-21,9,7,-16,2,19,21,5,sil
20.11392593383789,11,7,-7,-23,-13,-18,-34,-4,-13,-35,9,13,4,-12,sil
20.11392593383789,15,24,6,1,-1,-2,-32,-15,-23,-39,15,16,1,-19,sil
20.11392593383789,23,31,24,30,16,13,-16,-16,-11,-16,23,26,14,-4,sil
20.125022172927856,21,31,26,35,18,19,-5,-12,-13,-9,26,17,7,0,sil
20.14124584197998,11,25,28,28,8,27,-5,-15,-31,-19,18,0,-6,-5,sil
20.14124584197998,4,16,30,32,8,42,-1,-21,-30,-5,11,-13,-6,-7,sil
20.156944513320923,-2,4,15,26,9,47,10,-10,-12,16,2,-19,-12,-4,sil
20.156944513320923,-18,-12,-9,9,1,40,20,0,5,23,-8,-21,-21,-8,sil
20.172356843948364,-29,-26,-21,-5,-3,27,15,-1,9,23,-20,-22,-18,-10,sil
20.172356843948364,-17,-21,-10,-2,5,26,26,12,21,39,-14,-15,2,6,sil
20.18796181678772,0,-11,-2,1,12,24,43,31,40,45,-1,-9,14,27,sil
20.18796181678772,-1,-18,-14,-18,0,-1,17,21,28,19,-6,-9,3,23,sil
20.203201293945312,0,-22,-21,-31,-8,-36,-21,10,13,8,-5,7,12,16,sil
20.203201293945312,15,-7,-4,-25,-12,-52,-32,12,10,1,10,40,32,16,sil
20.219269514083862,19,6,15,-20,-22,-51,-27,-3,-7,-30,26,47,25,9,sil
20.219269514083862,7,13,18,-7,-13,-47,-18,-23,-36,-42,29,24,9,-2,sil
20.23486638069153,-5,18,14,9,0,-45,-2,-24,-48,-35,4,-1,-11,-14,sil
20.23486638069153,-11,12,13,16,0,-40,9,-20,-35,-30,-24,-14,-31,-25,sil
20.249895095825195,-10,-3,3,2,-4,-39,10,-12,-15,-9,-23,-15,-27,-15,sil
20.249895095825195,-5,-4,-11,-5,1,-48,7,7,2,16,-11,-9,-10,5,sil
20.265419006347656,-4,-1,-15,2,5,-50,4,21,32,24,-14,-11,-1,6,sil
20.265419006347656,-3,-5,-10,-4,-4,-51,-11,19,47,14,-14,-8,5,-2,sil
20.28094983100891,12,4,0,-8,-2,-56,-26,9,22,-1,12,13,21,-2,sil
20.28094983100891,28,31,23,19,20,-39,-12,1,-3,-17,34,29,21,2,sil
20.296927213668823,13,30,27,44,26,-1,21,-5,0,-5,18,7,1,1,sil
20.296927213668823,-14,-1,-6,26,2,11,36,-15,-1,12,-11,-23,-17,-9,sil
20.31206750869751,-32,-23,-31,-9,-16,4,21,-15,-17,0,-30,-35,-34,-22,sil
20.31206750869751,-36,-25,-35,-17,-12,25,11,-13,-11,-12,-33,-35,-42,-25,sil
20.32763671875,-25,-27,-28,-18,-8,49,1,-7,0,-3,-30,-26,-35,-13,sil
20.32763671875,0,-17,-2,-17,-7,64,-4,14,4,16,-12,-4,-5,8,sil
20.34532356262207,24,-1,9,0,0,101,-5,26,19,34,12,12,28,27,sil
20.34532356262207,18,-5,0,-13,-2,135,-24,17,8,2,10,23,20,24,sil
20.35934352874756,6,-7,-7,-26,-12,168,-31,3,-6,-19,18,27,20,2,sil
20.35934352874756,16,5,-5,-4,2,242,-10,-2,5,1,42,24,46,1,sil
20.37518119812012,30,22,21,2,18,262,-5,1,0,-1,37,35,38,23,sil
20.37518119812012,26,36,41,15,21,104,-10,-1,-17,-16,32,35,16,10,sil
20.39119434356689,5,29,26,36,16,-110,-4,-21,-20,-8,19,0,-2,-19,sil
20.39119434356689,-10,8,17,25,8,-177,4,-16,-12,-1,-10,-25,-22,-13,sil
20.40722155570984,-10,-1,11,10,2,-149,19,2,0,8,-19,-21,-14,1,sil
20.40722155570984,-14,-12,-3,1,-3,-160,23,2,1,5,-20,-21,-10,-2,sil
20.42312717437744,-20,-21,-10,-8,-15,-164,13,0,0,-3,-24,-21,-15,-4,sil
20.42312717437744,-1,-12,-8,-6,-15,-125,10,11,14,9,-11,-5,-1,9,sil
20.43848252296448,19,0,-1,1,-1,-96,15,23,28,27,2,15,16,26,sil
20.43848252296448,14,-1,-1,-2,1,-84,2,13,21,16,9,24,26,23,sil
20.453696966171265,0,0,-11,-13,-5,-74,-26,-10,-12,-16,7,12,13,-4,sil
20.453696966171265,-9,13,-10,-6,-3,-41,-29,-30,-42,-39,0,-10,-21,-32,sil
20.4688572883606,-19,12,4,9,-2,4,-2,-16,-33,-24,-8,-16,-39,-23,sil
20.4688572883606,-18,-5,5,11,-1,37,20,9,3,16,-9,-6,-15,5,sil
20.48404264450073,-8,-15,-8,-1,3,39,24,7,21,30,-7,-3,3,11,sil
20.48404264450073,0,-10,-10,-15,1,28,5,0,9,2,0,0,1,-3,sil
20.50007390975952,6,0,0,-16,-2,25,-11,0,3,-13,10,10,1,-12,sil
20.50007390975952,6,6,9,-1,0,38,-9,-9,1,-14,5,5,-1,-12,sil
20.51482963562012,-6,5,7,19,5,62,6,-7,2,-5,-8,-12,-13,-10,sil
20.51482963562012,-17,-5,-5,17,3,67,13,6,9,15,-18,-27,-18,-6,sil
20.53156590461731,-13,-15,-19,-9,-7,41,-5,9,10,14,-29,-23,-15,2,sil
20.53156590461731,-3,-11,-20,-20,-10,23,-14,3,11,-4,-18,0,0,7,sil
20.54717946052552,0,-11,-18,-23,-3,18,-12,5,9,-16,-1,8,8,4,sil
20.54717946052552,10,-12,-15,-28,-6,7,-20,3,-1,-15,0,0,6,2,sil
20.56283974647522,22,2,-5,-15,-2,6,-22,-3,-3,-2,9,5,18,7,sil
20.56283974647522,18,21,7,-1,10,17,-12,-2,-9,2,26,18,23,6,sil
20.577972888946533,9,26,15,8,13,17,-2,-2,-15,0,28,16,19,-1,sil
20.577972888946533,14,29,23,17,13,11,2,-2,-12,-3,21,16,18,2,sil
20.594067573547363,18,31,32,22,18,17,12,0,-9,0,14,13,14,8,sil
20.594067573547363,4,17,23,30,16,20,20,0,-4,10,9,-3,0,1,sil
20.60975432395935,-7,-2,13,28,5,8,18,0,0,13,3,-14,-14,-1,sil
20.60975432395935,-9,-3,10,26,1,1,20,0,8,16,-2,-10,-13,0,sil
20.625275135040283,-14,-9,-4,14,0,-2,14,0,11,17,-19,-11,-13,0,sil
20.625275135040283,-26,-26,-18,-11,-10,-7,12,7,10,17,-27,-13,-23,0,sil
20.641510009765625,-25,-34,-22,-22,-18,-10,27,14,18,21,-15,-7,-12,1,sil
20.641510009765625,-13,-31,-19,-30,-24,-36,13,10,6,-2,-18,0,1,0,sil
20.656874418258667,0,-20,-12,-30,-24,-51,-21,-2,-16,-32,-13,7,3,-7,sil
20.656874418258667,13,0,0,-7,-15,-37,-31,-7,-12,-30,16,21,10,-6,sil
20.67203068733216,26,16,14,12,-2,-27,-27,0,0,-14,30,31,19,9,sil
20.67203068733216,31,23,19,19,9,-31,-26,0,1,-2,32,35,27,12,sil
20.68740177154541,26,22,17,13,8,-30,-25,-8,-6,-10,34,30,22,3,sil
20.68740177154541,17,21,16,18,5,-11,-9,-7,-12,-22,26,17,9,0,sil
20.70325779914856,12,20,17,32,13,11,10,-1,-10,-4,17,7,-1,0,sil
20.70325779914856,3,8,16,23,11,12,9,-3,-9,4,6,0,-14,1,sil
20.71933221817017,-9,0,6,7,0,0,0,-16,-8,-8,-5,-11,-20,-6,sil
20.71933221817017,-20,-2,-4,3,-4,5,-2,-21,-12,-6,-16,-25,-24,-15,sil
20.7353413105011,-23,-7,-8,2,0,26,8,-8,-6,16,-21,-28,-25,-5,sil
20.7353413105011,-21,-14,-13,-7,0,29,20,6,13,29,-27,-25,-15,9,sil
20.75101590156555,-18,-20,-24,-25,-2,13,20,18,23,29,-31,-26,0,10,sil
20.75101590156555,-20,-27,-39,-39,0,5,20,23,24,25,-31,-32,2,1,sil
20.76616621017456,-23,-31,-50,-51,0,7,12,22,22,10,-42,-36,-8,-1,sil
20.76616621017456,-14,-19,-45,-53,-5,0,0,23,24,10,-42,-26,-1,0,sil
20.78136396408081,0,-13,-38,-49,-5,-15,-13,10,22,8,-23,-22,16,-5,sil
20.78136396408081,-1,-12,-25,-46,-2,-19,-22,-11,0,-21,-13,-23,3,-23,sil
20.796448945999146,-9,0,-10,-37,2,0,-17,-17,-18,-27,2,-13,-4,-29,sil
20.81225681304932,-5,11,5,-23,9,4,-10,-11,-18,-14,19,0,4,-18,sil
20.81225681304932,8,20,28,2,13,4,-2,-8,-14,-18,22,11,6,-6,sil
20.82740521430969,17,34,41,37,15,11,1,-10,-11,-21,25,21,0,-4,sil
20.82740521430969,19,39,48,59,10,7,-7,-14,-20,-21,21,30,-7,-3,sil
20.843093872070312,19,35,55,79,2,5,-9,-22,-21,-10,16,29,-10,1,sil
20.843093872070312,11,18,46,68,-4,10,0,-13,-9,6,18,25,-3,14,sil
20.85881423950196,8,0,27,38,-11,11,13,7,-1,8,20,33,2,20,sil
20.85881423950196,13,-2,21,45,-8,11,27,12,5,9,16,41,3,24,sil
20.873969554901123,16,1,20,45,-9,11,28,12,16,29,16,31,5,31,sil
20.873969554901123,14,-4,5,12,-11,9,22,26,31,43,28,24,23,33,sil
20.889704704284668,13,-11,-11,-3,-6,0,8,30,32,25,26,26,32,25,sil
20.889704704284668,8,-10,-16,-5,-11,-22,-15,14,16,1,5,15,18,9,sil
20.90498447418213,1,-10,-24,-20,-9,-28,-25,-1,0,-7,-6,-5,10,-3,sil
20.90498447418213,-5,-14,-32,-37,1,-18,-19,0,-16,-21,-14,-9,8,-4,sil
20.92108273506165,-8,-11,-23,-34,0,-19,-10,2,-12,-20,-10,-4,6,-4,sil
20.92108273506165,0,-5,-17,-28,-5,-26,-8,-1,-3,-5,-2,-9,9,-9,sil
20.936798810958862,5,2,-11,-24,2,-14,-6,-4,-15,-8,-3,-10,5,-10,sil
20.936798810958862,0,12,-1,-15,13,1,-4,-13,-20,-12,-3,-12,-7,-16,sil
20.95198464393616,-6,16,6,-7,14,4,-2,-22,-11,-5,-3,-26,-21,-20,sil
20.95198464393616,-8,13,7,5,22,14,10,-12,-5,4,-6,-30,-21,-13,sil
20.967437744140625,-13,0,6,10,16,13,10,-8,-12,-2,-10,-22,-21,-13,sil
20.967437744140625,-23,-6,6,-3,-1,5,-3,-17,-23,-24,-15,-20,-31,-17,sil
20.98258900642395,-24,-4,-3,-1,-3,17,2,-11,-5,-12,-18,-24,-26,-9,sil
20.98258900642395,-21,-14,-18,0,-1,26,10,3,14,9,-25,-26,-19,-2,sil
20.998204708099365,-21,-27,-19,-7,-8,17,10,7,25,21,-21,-20,-13,0,sil
20.998204708099365,-15,-17,-5,0,-2,9,12,13,37,40,-4,-3,2,11,sil
21.01382565498352,-2,-1,0,2,1,1,5,20,33,41,1,6,12,15,sil
21.01382565498352,-3,-12,-14,-20,-10,-13,-3,6,11,10,-4,0,6,4,sil
21.029905080795288,-12,-26,-25,-33,-21,-22,-10,-2,-5,-14,-16,-12,-3,-1,sil
21.029905080795288,1,-9,-7,-9,-6,-12,-10,6,-3,-8,-11,-3,0,-1,sil
21.04504370689392,25,17,13,16,15,0,-5,3,-2,-2,14,15,15,1,sil
21.04504370689392,27,24,17,16,10,-6,-4,-4,-8,-17,20,28,14,3,sil
21.061161279678345,22,12,11,6,-3,-19,0,4,1,-14,8,28,13,1,sil
21.061161279678345,23,3,6,-8,-15,-16,-1,16,8,-1,6,25,16,2,sil
21.07687091827393,19,11,11,-8,-20,-6,-9,8,-4,-8,16,22,13,1,sil
21.07687091827393,12,17,17,8,-3,1,-6,-4,-9,-13,25,20,16,2,sil
21.09243512153625,8,13,22,15,10,8,1,-5,-7,-3,22,17,17,5,sil
21.09243512153625,6,16,15,19,7,16,2,-9,-8,0,9,5,4,0,sil
21.10805344581604,2,19,9,26,9,13,3,-17,-15,-10,-6,-4,-12,-9,sil
21.10805344581604,-8,11,10,18,18,13,16,-14,-15,-6,-14,-9,-18,-3,sil
21.12318229675293,-20,0,-2,6,12,16,24,-5,-3,12,-13,-21,-23,-1,sil
21.12318229675293,-15,-3,-12,1,4,14,15,-2,-1,8,-15,-22,-30,-3,sil
21.13910150527954,-4,-3,-3,14,9,15,10,0,0,3,-9,-5,-15,4,sil
21.13910150527954,-4,-13,-3,7,2,6,7,1,8,11,-2,-4,-3,15,sil
21.65300703048706,11,20,35,25,8,23,18,-2,-9,0,31,33,2,22,sil
21.65300703048706,23,15,39,31,0,24,28,6,8,35,50,56,33,40,sil
21.66822385787964,7,0,26,30,-7,2,13,-4,-3,14,41,48,20,25,sil
21.66822385787964,3,-8,15,21,-10,-15,1,-2,-4,-2,37,46,11,14,sil
21.6840500831604,21,2,13,23,-12,-19,-7,9,7,10,47,58,33,17,sil
21.6840500831604,22,11,10,17,-17,-26,-24,1,-7,-7,41,49,33,2,sil
21.699239492416385,12,11,8,11,-9,-31,-34,-10,-17,-23,43,35,30,-10,sil
21.699239492416385,17,19,25,18,3,-26,-33,-4,-6,-4,45,38,32,-2,sil
21.714884281158447,23,28,35,24,7,-6,-19,1,-5,3,22,27,15,2,sil
21.714884281158447,16,24,22,25,7,12,-2,-1,-4,-2,3,5,4,0,sil
21.73097014427185,0,11,12,18,13,19,5,0,-1,-8,-3,-6,1,2,sil
21.73097014427185,-12,-3,1,10,15,23,20,0,0,-2,-21,-28,-12,-1,sil
21.746102333068848,-13,-16,-15,-7,4,20,26,1,8,7,-47,-47,-33,-4,sil
21.746102333068848,-9,-24,-29,-29,-1,15,20,4,22,16,-57,-42,-38,-1,sil
21.76127052307129,-19,-39,-46,-42,-2,15,23,3,27,16,-52,-45,-31,-7,sil
21.76127052307129,-26,-46,-50,-50,-11,4,16,13,19,9,-48,-53,-22,-13,sil
21.7764151096344,-11,-24,-30,-39,-8,-7,0,23,23,16,-24,-29,1,-6,sil
21.7764151096344,0,0,-19,-28,3,-6,-7,10,21,13,0,-3,17,3,sil
21.79237675666809,-1,2,-15,-25,6,-10,-11,-8,-1,-5,3,0,7,1,sil
21.79237675666809,0,0,-7,-14,0,-20,-22,-15,-19,-15,1,-5,0,-11,sil
21.807881355285645,-2,2,0,-10,-8,-23,-32,-15,-22,-22,0,-9,-6,-15,sil
21.807881355285645,-6,14,7,5,-3,-6,-9,-10,-8,-14,4,-6,-10,-7,sil
21.82344937324524,2,16,20,30,14,9,15,-6,-9,-3,7,1,-12,-2,sil
21.82344937324524,0,1,23,22,10,14,13,-8,-28,-17,-10,-5,-19,-3,sil
21.839084148406982,-19,-5,0,4,0,16,14,-10,-14,-11,-20,-19,-19,-6,sil
21.839084148406982,-22,-7,-18,-1,0,12,18,-1,7,14,-12,-14,-12,-6,sil
21.854219436645508,-15,-13,-14,-3,-1,4,10,13,9,27,0,2,1,3,sil
21.854219436645508,-5,-4,-5,2,-5,-1,4,20,21,31,18,18,25,24,sil
21.86971664428711,17,13,5,10,0,-6,0,19,34,25,28,30,34,31,sil
21.86971664428711,24,15,8,8,-1,-11,-13,9,18,9,22,28,27,10,sil
21.88554859161377,9,-2,-4,-8,-16,-12,-26,-4,-13,-16,12,16,11,-9,sil
21.88554859161377,11,-4,-3,-16,-18,-16,-29,-13,-34,-43,10,21,-1,-5,sil
21.90114164352417,27,10,9,-2,-1,-20,-21,-11,-29,-38,15,31,5,-1,sil
21.90114164352417,23,16,19,1,2,-14,-9,-3,-25,-20,16,21,9,-5,sil
21.91692543029785,8,12,25,0,-1,-3,-1,-3,-26,-21,11,11,-4,-5,sil
21.91692543029785,2,11,11,22,2,10,4,-11,-3,-11,7,0,0,-9,sil
21.93305706977844,1,14,7,26,9,18,8,-8,2,5,-5,-9,4,-7,sil
21.93305706977844,-1,8,43,4,10,15,6,7,-16,0,-23,0,-17,8,sil
21.948288440704346,-4,1,37,14,12,22,19,11,9,13,-9,2,-8,14,sil
21.948288440704346,-10,-7,-7,32,12,32,37,0,37,41,6,-20,12,4,sil
21.963944673538208,-18,-16,-11,9,5,24,28,-4,7,29,-15,-32,-16,-1,sil
21.963944673538208,-21,-17,-13,-2,-1,12,17,0,4,17,-26,-32,-33,-4,sil
21.979161262512207,-11,-20,-36,-6,-4,0,12,7,31,20,-4,-19,-4,5,sil
21.99429750442505,0,-17,-28,-26,-5,-11,-6,14,20,8,-1,-3,2,16,sil
21.99429750442505,-4,-3,-18,-20,-5,-10,-14,10,12,2,-14,-6,-5,1,sil
22.009815216064453,-10,-5,-22,-12,-9,-19,-10,8,15,0,-13,-4,0,-5,sil
22.009815216064453,0,-11,-11,-18,-8,-29,-15,12,5,-7,4,13,18,3,sil
22.009815216064453,11,2,-2,-12,0,-23,-23,3,5,-11,15,20,26,0,sil
22.02494716644287,8,19,1,-5,2,-17,-20,-3,4,-17,15,22,18,-6,sil
22.04093909263611,9,18,8,1,7,-14,-8,-10,-3,-12,29,22,18,-4,sil
22.04093909263611,12,12,11,7,2,-8,-8,-22,-13,-11,26,5,9,-9,sil
22.0562551021576,11,18,18,10,-1,-2,-12,-17,-22,-18,9,-3,-11,-14,sil
22.0562551021576,16,28,29,25,5,5,-2,-5,-26,-11,14,6,-10,-5,sil
22.071971654891968,13,18,30,29,6,16,12,-4,-27,-1,8,7,-7,2,sil
22.07238817214965,-2,-3,9,12,-1,21,18,-3,-12,4,-15,-6,-19,0,sil
22.08794569969177,-16,-19,-19,-7,-5,12,5,0,-7,1,-30,-27,-29,-3,sil
22.08794569969177,-24,-23,-23,-14,-2,7,-4,-7,-16,-6,-34,-33,-27,-2,sil
22.10309720039368,-25,-23,-16,-11,3,18,10,-4,0,9,-27,-19,-14,0,sil
22.10309720039368,-19,-25,-18,-17,0,18,18,11,17,27,-16,-8,-1,3,sil
22.12413096427917,-8,-21,-19,-22,-7,2,7,16,16,20,-12,-7,12,13,sil
22.12513256072998,4,-14,-12,-21,-1,-9,0,14,22,15,-5,3,24,23,sil
22.12513256072998,9,-10,-7,-22,-4,-11,1,19,26,15,4,18,24,19,sil
22.13523435592652,9,-4,-8,-17,-12,-9,1,17,16,4,16,17,27,3,sil
22.15128803253174,18,7,0,-4,-4,-7,0,7,5,-10,21,17,23,-2,sil
22.15128803253174,30,24,18,13,9,0,5,3,0,-12,25,27,10,0,sil
22.16706204414368,19,32,27,26,13,-2,0,-3,-12,-16,21,24,0,-6,sil
22.16706204414368,-1,24,22,15,5,-17,-18,-13,-22,-27,5,4,-11,-17,sil
22.18234848976136,-8,13,12,7,0,-14,-24,-21,-21,-25,-3,-9,-18,-19,sil
22.18234848976136,-7,11,9,14,0,-1,-19,-24,-20,-24,-6,-6,-21,-15,sil
22.19806718826294,-9,13,16,30,7,6,-7,-18,-14,-19,-4,0,-17,-3,sil
22.19806718826294,-11,4,9,23,7,11,4,-7,-3,0,-6,-10,-5,5,sil
22.213860511779785,-5,-9,-4,3,0,10,9,1,3,18,-8,-19,0,7,sil
22.213860511779785,0,-10,-3,7,0,11,22,7,13,35,0,-14,0,9,sil
22.22942996025085,0,-7,-1,12,3,17,32,12,27,40,0,-10,0,15,sil
22.22942996025085,0,-12,-9,-5,-5,8,19,17,41,35,-4,-5,7,14,sil
22.24516177177429,5,-16,-17,-23,-16,-12,-1,20,35,27,2,6,15,8,sil
22.24516177177429,-2,-19,-23,-33,-20,-20,-17,9,2,1,3,6,7,-2,sil
22.261293172836304,-10,-12,-21,-34,-11,-17,-26,-14,-25,-34,4,0,-6,-17,sil
22.261293172836304,0,12,1,-14,0,-21,-35,-28,-45,-48,15,8,-12,-20,sil
22.276874780654907,0,27,17,19,7,-5,-20,-26,-50,-32,10,0,-15,-17,sil
22.276874780654907,-21,6,7,24,11,21,12,-15,-30,-4,-21,-25,-26,-16,sil
22.29212546348572,-18,-12,1,2,8,28,29,6,5,15,-33,-25,-25,-3,sil
22.29212546348572,0,-9,0,0,3,14,21,21,32,21,-10,0,-1,4,sil
22.307945728302,0,-6,-1,-2,-1,0,1,19,20,7,-5,7,6,2,sil
22.307945728302,2,-3,-4,-12,-2,2,1,19,15,10,-8,5,14,9,sil
22.323162317276,19,-1,-2,-3,1,5,11,17,30,21,3,13,32,23,sil
22.323162317276,21,-5,8,-9,0,-6,-1,13,9,-5,3,26,18,22,sil
22.3392813205719,14,-1,-5,-12,1,-10,-6,4,3,-12,14,21,21,5,sil
22.3392813205719,10,0,-34,-9,-2,-17,-13,-8,13,-2,28,9,34,1,sil
22.35484719276428,7,2,-1,-20,-14,-29,-36,-8,-12,-24,13,21,9,9,sil
22.35484719276428,11,20,25,2,-2,-12,-23,-6,-18,-16,17,20,4,0,sil
22.36995244026184,9,26,8,29,12,1,3,-15,-1,11,23,0,12,-10,sil
22.36995244026184,1,19,11,18,6,6,7,-13,-12,1,7,-5,-6,-4,sil
22.385108470916748,3,14,13,20,5,16,13,-6,-12,-11,2,-5,-13,-5,sil
22.385108470916748,-1,2,3,24,9,15,21,-5,-7,-5,-7,-15,-19,-7,sil
22.40120100975037,-14,-3,3,18,7,17,21,-5,-4,4,-15,-20,-27,-3,sil
22.40120100975037,-8,-3,-14,24,13,23,26,-2,10,19,0,-24,-8,-3,sil
22.41615867614746,-6,-15,-7,1,8,8,11,0,-1,7,-12,-11,-11,4,sil
22.41615867614746,-22,-25,26,-33,-15,-4,-12,6,-24,-10,-44,-1,-40,8,sil
22.431265115737915,-28,-17,-2,-16,-20,1,0,6,-1,10,-33,-20,-25,-11,sil
22.431265115737915,-17,-14,-43,-6,-13,-6,5,1,18,25,-8,-21,1,-12,sil
22.44726610183716,-5,-17,-13,-31,-17,-14,-12,10,12,3,-4,4,3,9,sil
22.44726610183716,4,-8,2,-22,-9,-8,-11,14,19,0,12,14,27,15,sil
22.462963104248047,9,0,-9,-10,1,-10,-6,7,14,6,22,14,41,7,sil
22.462963104248047,9,1,0,-15,-1,-12,-14,3,-2,-2,11,11,16,-5,sil
22.4790780544281,10,8,8,-5,0,-15,-16,-3,-7,-13,12,3,1,-19,sil
22.4790780544281,4,10,3,-2,5,-24,-20,-12,-14,-22,13,5,0,-20,sil
22.4949893951416,-1,17,9,11,3,-11,-16,-14,-16,-25,6,3,-7,-20,sil
22.4949893951416,0,28,20,32,5,9,-5,-12,-13,-16,-1,-5,-14,-17,sil
22.51013708114624,0,24,22,26,9,16,0,-8,-18,-7,-3,-5,-19,-1,sil
22.51013708114624,-4,8,13,25,13,26,13,-5,-6,4,0,-1,-13,9,sil
22.52526450157165,0,0,10,30,11,35,28,0,10,15,-5,-7,-8,15,sil
22.52526450157165,0,-3,1,16,1,24,33,11,19,27,-15,-14,-11,22,sil
22.541295528411865,-6,-18,-22,-7,-2,8,21,13,21,23,-14,-12,-3,17,sil
22.541295528411865,1,-24,-27,-32,-6,-1,2,12,10,-4,-10,1,11,8,sil
22.556893348693848,12,-21,-18,-36,-11,-9,0,10,6,-9,-1,11,22,13,sil
22.556893348693848,8,-19,-18,-24,-13,-10,-2,6,7,3,0,13,19,15,sil
22.57192587852478,8,-6,-14,-12,-7,-8,-13,4,1,0,1,19,19,8,sil
22.57192587852478,12,4,-10,-10,1,-16,-17,1,0,-9,11,22,21,0,sil
22.58794951438904,7,2,-2,-10,2,-26,-14,-1,2,-5,16,21,9,-8,sil
22.58794951438904,8,6,10,4,1,-10,-6,-4,4,5,23,23,10,-8,sil
22.60414814949036,8,17,14,15,6,4,-2,-5,0,4,23,13,10,-3,sil
22.60414814949036,-5,15,10,10,8,8,-4,-6,-6,-2,6,-2,-6,-7,sil
22.619186639785767,-8,12,16,16,8,9,1,-9,-9,0,-2,-8,-13,-13,sil
22.619186639785767,0,15,20,21,3,6,7,-9,-12,-4,-2,-11,-12,-12,sil
22.63511967658997,-10,7,12,17,0,1,4,-11,-15,-9,-7,-17,-16,-12,sil
22.63511967658997,-12,-2,8,18,0,7,4,-10,-16,-1,-7,-16,-16,-2,sil
22.65015292167664,0,-4,5,15,4,14,16,4,-1,15,-2,-11,-9,16,sil
22.65015292167664,-7,-15,-16,-7,-4,-3,11,14,18,23,-15,-23,-7,11,sil
22.66589641571045,-18,-28,-32,-35,-19,-26,-15,5,12,-2,-30,-30,-12,-5,sil
22.66589641571045,0,-7,-17,-25,-11,-18,-21,-1,-2,-32,-5,-4,0,-8,sil
22.6809766292572,10,16,3,-2,5,-5,-14,0,-9,-22,24,9,12,-5,sil
22.6809766292572,-4,12,11,6,9,0,-6,-1,-14,5,14,-5,3,-5,sil
22.69684267044068,-18,0,3,6,5,18,14,0,-9,15,-7,-17,-8,-5,sil
22.69684267044068,-21,-14,-12,-8,-3,18,16,8,3,0,-21,-16,-14,-3,sil
22.712256908416748,-2,-22,-14,-17,-8,-6,0,10,14,0,-11,-2,0,3,sil
22.712256908416748,26,-5,-1,-13,-3,-22,-10,-1,5,5,13,22,26,10,sil
22.728041172027588,25,19,12,-2,0,-8,-13,-14,-17,-8,22,32,23,3,sil
22.728041172027588,9,29,28,27,5,18,-3,-15,-14,-10,15,17,3,2,sil
22.74320101737976,10,16,31,38,8,30,22,1,13,9,2,5,0,17,sil
22.74320101737976,3,-4,7,11,0,25,34,15,26,22,-13,2,-1,16,sil
22.75878548622132,-11,-16,-12,-2,-3,19,25,7,18,16,-22,-3,-15,0,sil
22.75878548622132,-9,-15,-10,2,1,10,17,7,16,8,-16,-3,-14,1,sil
22.774879932403564,-1,-16,-10,-5,0,-3,10,20,24,10,-6,2,3,10,sil
22.790924549102783,2,-11,-12,-22,-6,-13,-3,17,15,2,-6,5,3,9,sil
22.790924549102783,9,0,-11,-16,0,-13,-9,3,3,-8,1,12,2,1,sil
22.790924549102783,0,-4,-20,-17,0,-19,-20,4,0,-8,12,13,9,-11,sil
22.806169986724854,-16,-9,-23,-30,-8,-25,-35,0,-11,-12,3,1,4,-25,sil
22.806169986724854,-7,7,-7,-15,-5,-22,-27,-17,-20,-16,2,2,1,-20,sil
22.822134017944336,9,19,4,4,1,-21,-23,-21,-22,-20,19,11,6,-7,sil
22.836875915527344,5,11,6,2,0,-19,-29,-16,-26,-18,24,3,8,-8,sil
22.836875915527344,-1,4,6,0,0,-4,-11,-23,-24,-8,6,-9,-2,-13,sil
22.852112293243408,3,7,21,19,-2,7,1,-18,-24,-8,-5,-6,-14,-5,sil
22.852112293243408,15,19,35,44,0,7,2,-6,-20,-4,13,4,-1,10,sil
22.86755752563477,14,21,31,39,11,10,10,-3,-8,7,23,2,13,15,sil
22.86755752563477,-7,1,11,14,10,26,22,-1,3,12,-8,-18,-4,0,sil
22.882692575454712,-24,-14,-5,6,0,30,22,4,10,10,-39,-40,-28,-10,sil
22.882692575454712,-14,-11,-7,0,-1,12,22,13,18,16,-26,-28,-19,8,sil
22.898082733154297,0,-15,-12,-13,-1,5,21,20,30,28,0,-3,10,26,sil
22.898082733154297,0,-23,-25,-19,0,10,10,19,27,18,-6,-2,12,17,sil
22.913238048553467,-4,-14,-23,-13,1,5,7,15,18,1,-19,-10,-5,3,sil
22.913238048553467,-3,-10,-17,-13,-3,-14,-2,11,9,-4,-6,0,-3,0,sil
22.92931342124939,0,-10,-16,-29,-11,-25,-23,4,-2,-11,8,18,11,-2,sil
22.92931342124939,10,10,0,-19,0,-12,-15,-2,-1,-10,24,27,18,-8,sil
22.94486618041992,15,28,21,7,10,-3,0,-5,-3,-9,25,18,7,-12,sil
22.94486618041992,10,29,30,24,9,-7,-2,-12,-23,-15,10,10,-3,-13,sil
22.96047568321228,10,33,30,34,12,3,1,-20,-20,-7,7,8,-4,-5,sil
22.96047568321228,7,24,27,31,13,20,14,-15,-4,3,1,0,-9,3,sil
22.97606039047241,-8,-4,5,16,5,22,15,0,0,13,-15,-14,-15,0,sil
22.97606039047241,-22,-26,-22,-2,0,11,10,8,6,25,-20,-15,-11,-4,sil
22.992372274398804,-17,-24,-22,-12,-5,4,6,11,23,31,-6,-1,1,8,sil
22.992714881896973,-5,-20,-14,-13,-12,1,0,6,25,27,-1,-1,9,15,sil
23.007784366607662,-4,-27,-21,-27,-24,-8,-9,8,8,3,-14,-11,0,7,sil
23.007784366607662,-4,-26,-23,-33,-19,-16,-6,15,12,-9,-6,0,8,10,sil
23.023898124694824,9,-7,-7,-19,-2,-13,-4,11,20,-5,15,23,29,12,sil
23.023898124694824,21,11,6,-8,-5,-18,-17,2,-4,-18,16,26,18,0,sil
23.039044618606567,16,12,7,-7,-11,-31,-26,-4,-24,-35,14,17,9,-6,sil
23.039044618606567,6,4,1,-12,0,-25,-26,-11,-24,-28,18,14,12,-8,sil
23.054277420043945,-3,7,0,-1,6,-1,-15,-19,-28,-20,7,1,-5,-18,sil
23.054277420043945,-9,17,7,15,1,5,-11,-21,-37,-29,-10,-16,-29,-22,sil
23.069940090179443,-1,20,17,18,0,0,-14,-16,-35,-28,-8,-16,-25,-15,sil
23.069940090179443,4,18,21,21,7,4,-4,-9,-20,-3,1,-4,-9,-6,sil
23.08491158485413,0,12,19,27,13,16,13,0,-3,17,-3,0,-7,0,sil
23.08491158485413,-3,3,14,26,12,27,28,5,17,20,-13,-6,-8,8,sil
23.100978136062626,-14,-7,0,16,9,33,36,1,24,9,-18,-10,-11,11,sil
23.100978136062626,-19,-18,-10,9,6,28,33,2,20,16,-16,-11,-13,5,sil
23.116187572479248,-8,-18,-13,6,6,19,30,19,33,46,-7,-12,0,7,sil
23.116187572479248,-5,-21,-20,-13,0,6,19,29,41,43,-6,-11,8,15,sil
23.131786108016968,-13,-30,-31,-37,-13,-12,0,19,22,12,-10,-8,0,1,sil
23.131786108016968,-1,-20,-24,-32,-19,-23,-11,8,9,0,1,-1,7,-7,sil
23.146881103515625,21,6,0,-14,-9,-16,-12,2,4,-3,17,13,28,3,sil
23.146881103515625,27,22,9,-2,8,-12,-14,-4,-3,-15,26,16,31,2,sil
23.16244959831237,22,25,9,0,19,-17,-20,-9,-17,-20,22,9,13,-6,sil
23.16244959831237,17,28,19,8,15,-8,-16,-13,-27,-16,14,15,0,-4,sil
23.179269313812256,9,23,24,16,2,6,-12,-23,-26,-17,0,9,-14,-5,hello
23.179269313812256,0,11,18,10,-3,2,-11,-18,-27,-21,-15,-10,-30,-8,hello
23.194203853607178,-4,6,11,16,0,2,8,-4,-20,0,-13,-10,-23,-1,hello
23.194203853607178,-7,0,4,23,2,14,28,1,-1,16,-8,-1,-10,5,hello
23.20957350730896,-9,-6,-5,9,-2,14,19,4,16,6,-5,0,-2,14,hello
23.20957350730896,-7,-14,-16,-9,-10,-7,-2,10,16,0,0,5,9,15,hello
23.225606441497803,-6,-22,-20,-25,-16,-28,-15,12,8,3,1,4,11,5,hello
23.225606441497803,-7,-22,-20,-26,-12,-20,-11,10,12,3,5,4,13,-5,hello
23.241177797317505,0,-9,-15,-17,-2,-7,-15,2,4,-8,18,13,21,-7,hello
23.241177797317505,5,4,3,-7,1,0,-18,-2,-6,-12,27,15,18,-5,hello
23.257721424102783,-9,3,14,6,2,16,5,-7,-2,7,12,-5,1,-8,hello
23.257721424102783,-28,-6,0,8,3,30,27,-1,4,21,-20,-28,-19,-13,hello
23.273253440856934,-18,-6,-9,4,9,28,26,11,12,22,-26,-29,-21,-5,hello
23.273253440856934,1,-1,-3,2,7,15,12,13,20,25,-8,-14,-3,9,hello
23.28881931304932,2,0,-3,-5,-5,-4,-1,4,13,16,-8,-2,2,12,hello
23.28881931304932,1,-2,-13,-18,-11,-21,-8,0,5,-3,-11,1,1,5,hello
23.30485916137696,18,-5,-10,-29,-11,-30,-22,-2,-4,-19,-4,9,10,2,hello
23.30485916137696,24,7,7,-9,-9,-30,-38,-11,-19,-23,10,21,23,0,hello
23.32105278968811,20,27,25,21,1,-20,-31,-17,-29,-30,22,24,10,-5,hello
23.32105278968811,13,22,27,26,3,-1,-4,-15,-26,-33,11,13,-11,-6,hello
23.3367223739624,-9,2,10,17,-2,17,12,-15,-21,-23,-4,-2,-12,-4,hello
23.3367223739624,-22,-4,3,16,0,22,12,-12,-26,-13,-10,-9,-15,-8,hello
23.351846933364868,-5,3,17,29,11,21,23,-7,-16,3,-4,-4,-20,-3,hello
23.351846933364868,1,2,17,26,14,16,33,1,9,18,0,-4,-12,14,hello
23.367107629776,-8,-16,-4,-3,6,8,21,21,21,17,-4,-6,-3,19,hello
23.367107629776,-6,-24,-21,-23,0,-2,1,27,25,27,-4,3,11,5,hello
23.38283944129944,7,-9,-14,-17,1,-15,-12,16,24,23,10,16,27,3,hello
23.38283944129944,20,14,4,0,8,-20,-15,4,10,-6,21,15,23,0,hello
23.398518085479736,21,27,15,18,5,-9,-9,-4,-4,-21,22,8,6,-14,hello
23.398518085479736,10,28,21,22,2,10,0,-10,-10,-6,25,7,-1,-9,hello
23.41381025314331,6,24,20,19,15,32,15,-5,0,10,9,-2,-7,1,hello
23.41381025314331,3,2,0,8,13,34,24,4,8,12,-30,-26,-24,0,hello
23.42895817756653,-11,-27,-28,-14,-8,15,20,13,13,11,-44,-35,-28,2,hello
23.42895817756653,-22,-43,-36,-37,-15,-1,10,11,24,19,-29,-23,-9,11,hello
23.44419836997986,-14,-31,-31,-42,-14,-14,-7,5,20,19,-24,-11,4,5,hello
23.459720849990845,-10,-16,-38,-40,-22,-25,-25,0,10,4,-12,-9,10,-5,hello
23.459720849990845,-14,-16,-45,-47,-21,-28,-29,-2,-1,-11,-2,-10,9,-13,hello
23.47490406036377,-8,-6,-28,-39,-8,-23,-20,-11,-13,-21,-4,-8,4,-21,hello
23.47490406036377,-2,12,-6,-6,1,-25,-18,-21,-22,-31,0,-4,-2,-25,hello
23.49007773399353,-1,18,15,15,12,-17,-14,-13,-18,-29,6,1,-7,-12,hello
23.49007773399353,5,22,35,25,21,10,5,2,-4,4,14,11,2,10,hello
23.505361318588257,1,22,32,29,13,21,8,-1,-6,19,12,10,-1,12,hello
23.505361318588257,-12,4,14,29,0,17,1,-12,-20,-2,4,1,-16,-2,hello
23.52146577835083,-8,-10,10,26,-3,15,14,-5,-15,0,8,7,-3,4,hello
23.52146577835083,2,-7,17,17,-9,8,17,4,-1,20,14,23,9,23,hello
23.536848306655884,5,0,15,22,-10,3,9,11,10,17,6,23,2,17,hello
23.536848306655884,10,-6,6,13,-3,-1,0,19,14,2,11,21,14,11,hello
23.552897453308105,15,-10,3,-13,-1,-23,-14,12,5,-6,33,35,36,14,hello
23.552897453308105,21,9,16,-4,0,-22,-16,-5,-3,-9,39,39,28,7,hello
23.56850004196167,31,32,31,16,0,7,-1,-8,-6,-12,26,25,12,1,hello
23.56850004196167,22,30,26,11,5,11,-1,-7,-10,-15,16,5,8,-5,hello
23.584231853485107,0,12,6,1,14,-1,-5,-13,-19,-12,-2,-17,-10,-15,hello
23.584231853485107,-4,4,2,7,11,17,13,-8,-7,0,-31,-30,-29,-2,hello
23.59917688369751,-3,0,3,14,1,40,30,1,21,10,-37,-26,-19,10,hello
23.59917688369751,-15,-14,-10,3,0,26,20,12,27,16,-33,-28,-15,3,hello
23.614701986312863,-20,-27,-28,-3,-1,5,12,20,25,35,-28,-32,-14,-6,hello
23.614701986312863,-17,-33,-42,-21,-10,-7,0,15,22,29,-26,-22,-2,-9,hello
23.631105184555054,-12,-26,-36,-45,-12,-20,-16,5,7,-1,-21,-7,4,-4,hello
23.631105184555054,5,-13,-24,-41,-5,-22,-13,0,0,-21,-2,0,10,1,hello
23.64616584777832,19,0,-19,-17,-5,-24,-17,-1,-6,-35,10,7,17,0,hello
23.64616584777832,18,24,-2,1,6,-22,-21,-3,-10,-19,26,20,23,0,hello
23.661751985549927,11,28,13,8,19,-17,-10,-7,-7,8,33,18,10,-4,sil
23.661751985549927,0,12,7,0,5,-15,-12,-16,-18,-13,10,-3,-19,-19,sil
23.67721128463745,-14,17,1,5,-3,-4,-14,-21,-33,-39,-12,-14,-29,-23,sil
23.67721128463745,-21,13,14,17,5,15,4,-17,-29,-19,-14,-10,-29,-16,sil
23.692683458328247,-29,-19,9,6,8,29,28,-3,-4,12,-14,-14,-34,-13,sil
23.692683458328247,-31,-34,-8,-10,0,22,33,9,15,29,-21,-18,-30,-1,sil
23.70823645591736,-23,-24,-10,-7,-12,10,26,11,13,22,-27,-16,-21,7,sil
23.70823645591736,-17,-20,-11,1,-12,10,23,3,8,7,-25,-18,-12,-1,sil
23.72426199913025,-10,-18,-18,-8,-2,12,16,5,15,7,-16,-13,0,0,sil
23.72426199913025,5,-5,-7,-17,3,0,0,14,19,17,4,8,25,20,sil
23.74026989936829,21,3,8,-8,2,-11,-13,15,12,13,27,28,46,27,sil
23.74026989936829,32,17,20,4,-1,-10,-20,6,1,-6,36,33,44,19,sil
23.75619864463806,36,39,30,22,0,-12,-28,-6,-8,-13,39,29,31,9,sil
23.75619864463806,31,39,31,29,5,-13,-32,-12,-18,-9,36,23,18,6,sil
23.771349668502808,18,21,24,28,3,10,-6,-10,-10,0,28,15,10,11,sil
23.771349668502808,2,3,6,28,1,30,25,0,14,19,14,0,6,14,sil
23.78709292411804,0,-9,-4,7,0,5,10,15,30,31,-1,0,3,14,sil
23.78709292411804,11,-14,-7,-13,0,-23,-19,20,28,21,7,17,18,17,sil
23.802281379699707,17,-7,-6,-19,-5,-24,-23,10,7,-1,27,29,29,11,sil
23.802281379699707,8,9,0,-7,-4,-9,-3,-2,-11,-14,20,22,11,-2,sil
23.81787943840027,-5,16,6,16,3,6,10,-20,-17,-11,-6,0,-18,-16,sil
23.81787943840027,-24,-5,0,13,1,19,14,-21,-17,-10,-35,-27,-41,-25,sil
23.83389139175415,-31,-34,-23,-28,-7,16,20,-1,-2,-2,-50,-36,-37,-17,sil
23.83389139175415,-21,-36,-38,-58,-16,-14,3,6,2,-10,-41,-20,-16,-7,sil
23.84942030906677,-5,-5,-18,-32,-19,-35,-27,-6,-23,-39,-11,-2,-4,-23,sil
23.84942030906677,6,22,13,17,3,-15,-18,-13,-35,-43,9,0,-4,-32,sil
23.865397453308105,6,17,21,27,20,4,5,-8,-24,-27,-7,-9,-18,-13,sil
23.865397453308105,-7,1,5,3,-8,-2,-3,-14,-22,-20,-32,-23,-36,-13,sil
23.881065607070923,-13,0,6,4,-16,0,-7,-16,-13,-10,-21,-20,-29,-18,sil
23.881065607070923,3,9,25,35,28,28,19,4,16,25,6,-2,1,12,sil
23.89629101753235,7,5,12,29,35,29,27,19,28,52,8,0,15,31,sil
23.89629101753235,-11,-12,-16,-12,0,5,5,5,9,34,-15,-16,1,7,sil
23.91209983825684,-24,-22,-17,-16,-2,6,7,-5,3,16,-19,-25,-11,-9,sil
23.91209983825684,-20,-24,-15,-7,-4,15,18,2,13,15,-2,-26,-14,-4,sil
23.92705082893372,-6,-13,-16,-12,-16,13,18,23,27,20,10,-7,3,10,sil
23.92705082893372,11,10,0,5,13,4,14,30,43,31,27,24,34,26,sil
23.942129850387573,14,16,7,8,31,-19,-7,11,21,9,28,28,30,18,sil
23.942129850387573,4,2,-8,-14,-3,-26,-19,-3,-6,-26,21,18,17,0,sil
23.957683801651,8,-4,-16,-22,-23,-14,-10,2,-2,-29,16,21,24,2,sil
23.957683801651,10,-3,-10,-19,-13,-18,-16,3,-7,-13,6,18,18,10,sil
23.973602294921875,6,4,-6,-14,-8,-22,-17,5,-11,-1,15,18,17,2,sil
23.973602294921875,12,17,1,-3,-2,-1,-4,16,8,4,34,31,28,4,sil
23.9883451461792,13,19,14,5,3,9,-6,-1,6,-4,19,20,10,6,sil
23.9883451461792,5,14,19,10,-5,-1,-20,-34,-26,-23,-15,-6,-23,-7,sil
24.00393271446228,14,21,25,18,-9,-4,-21,-27,-31,-22,-13,-1,-20,-12,sil
24.00393271446228,23,26,35,32,8,8,-3,-4,-4,-1,13,16,7,2,sil
24.019952535629272,5,5,18,24,13,12,9,-9,-5,1,0,0,-5,0,sil
24.019952535629272,-18,-19,-7,3,-3,9,10,-22,-26,-10,-37,-32,-38,-25,sil
24.03529691696167,-18,-18,-6,6,0,16,13,-14,-18,2,-37,-30,-33,-22,sil
24.051310062408447,-5,-4,-1,16,12,16,23,4,6,23,-15,-9,-12,7,sil
24.051310062408447,-7,-14,-13,7,5,4,25,11,15,21,-12,-9,-12,10,sil
24.051310062408447,-21,-33,-21,-12,-10,2,15,9,5,17,-19,-21,-15,-4,sil
24.06699061393737,-24,-31,-15,-25,-13,6,12,15,12,17,-6,-16,0,4,sil
24.082191944122314,-12,-21,-16,-25,-6,-5,6,23,29,4,4,-3,14,19,sil
24.082191944122314,5,-15,-14,-18,-3,-23,-15,23,28,-5,7,5,20,8,sil
24.09823179244995,13,-3,-8,-14,-4,-21,-31,8,13,0,19,17,31,-5,sil
24.09823179244995,10,9,-1,-19,-5,-16,-31,-10,-6,-11,20,23,23,-7,sil
24.11392116546631,14,20,11,-4,5,-6,-16,-17,-17,-26,18,19,10,-7,sil
24.11392116546631,20,31,27,21,19,4,-9,-15,-18,-19,25,19,14,-5,sil
24.11392116546631,15,39,43,34,19,9,-4,-12,-21,-5,21,19,8,0,sil
24.13409996032715,1,30,32,37,16,19,16,-8,-5,12,7,0,-7,-3,sil
24.13409996032715,-17,0,7,5,4,14,19,0,0,4,-20,-24,-31,-7,sil
24.14469885826111,-24,-19,-4,-15,-11,-1,13,5,-4,-4,-36,-28,-34,-1,sil
24.15997290611267,-14,-12,-26,2,-6,-3,22,-4,7,14,-18,-33,-12,-4,sil
24.15997290611267,-19,-15,-32,-12,-4,0,7,-7,0,-2,-29,-33,-26,-2,sil
24.17566537857056,-19,-18,-14,-32,-12,3,0,9,-5,-17,-41,-11,-31,7,sil
24.17566537857056,0,-11,-18,-8,-2,6,13,18,24,19,-4,0,8,7,sil
24.191019535064697,5,-8,-19,-7,1,-6,0,16,26,20,14,4,19,7,sil
24.191019535064697,2,-7,-9,-16,-6,-18,-17,17,7,-6,1,10,9,11,sil
24.206461906433105,13,4,-3,-5,-5,-18,-15,12,0,-9,6,21,20,6,sil
24.206461906433105,24,24,13,9,4,-11,-16,-4,-9,-7,31,32,25,0,sil
24.22191429138184,27,31,27,21,7,-6,-15,-13,-18,-8,41,32,19,0,sil
24.22191429138184,23,26,23,26,4,0,-4,-9,-17,-4,27,27,9,-2,sil
24.237350463867188,4,14,17,22,3,15,2,-15,-21,-13,9,12,-10,-9,sil
24.237350463867188,-17,-6,5,8,1,28,8,-21,-18,-21,-7,-18,-27,-15,sil
24.25293874740601,-17,-15,-4,4,3,29,21,-3,7,9,-13,-23,-5,-6,sil
24.25293874740601,-4,-12,-5,1,0,13,14,10,26,38,0,0,18,9,sil
24.269001960754395,-5,-22,-13,-16,-8,-11,-11,3,14,16,10,4,11,6,sil
24.269001960754395,-8,-16,-18,-24,-4,-24,-22,-4,-1,-13,3,-3,2,-11,sil
24.284285306930546,0,11,4,-4,0,-14,-19,-6,-15,-16,-6,-8,-3,-15,sil
24.284285306930546,4,17,25,22,-4,8,-3,-5,-10,4,-13,-15,-15,-1,sil
24.299806118011475,0,-5,5,14,-5,14,18,4,12,24,-16,-12,-16,8,sil
24.299806118011475,-8,-21,-21,-23,-7,-1,18,17,21,22,-21,-6,-7,6,sil
24.315449237823486,-7,-20,-20,-24,-8,-11,2,15,13,10,-22,-9,0,6,sil
24.315449237823486,6,-8,-3,0,-2,-10,0,10,13,-1,-10,2,7,21,sil
24.33105707168579,16,3,0,-2,0,-12,5,10,16,-8,12,24,23,22,sil
24.33105707168579,9,10,0,-15,0,-15,-2,6,4,-6,24,23,31,2,sil
24.3462142944336,7,17,12,-2,4,-7,-14,-2,-14,-8,17,13,13,-3,sil
24.3462142944336,8,23,19,20,12,5,-6,-15,-15,-6,12,5,-1,-2,sil
24.361921072006226,-3,19,10,19,13,16,3,-17,-14,-5,3,-9,-14,-8,sil
24.361921072006226,-14,11,4,11,10,26,9,-9,-15,-3,-10,-22,-27,-13,sil
24.37791562080384,-18,0,-4,9,7,28,11,-11,-16,-3,-24,-32,-39,-18,sil
24.37791562080384,-24,-18,-12,2,2,20,10,-8,-12,-7,-35,-35,-43,-19,sil
24.39306139945984,-18,-23,-16,1,4,17,23,8,11,5,-20,-19,-19,-4,sil
24.39306139945984,1,-13,-8,0,6,-1,18,24,30,17,4,5,16,17,sil
24.40858030319214,19,3,6,-4,-1,-24,-7,19,24,8,19,22,36,19,sil
24.40858030319214,26,6,11,-3,-11,-26,-20,0,8,-2,23,29,32,7,sil
24.424463748931885,16,-2,3,-11,-13,-24,-21,-10,-9,-9,16,28,19,4,sil
24.424463748931885,3,-6,-5,-16,-8,-30,-25,-8,-13,-13,20,22,21,2,sil
24.440151691436768,-1,0,-6,-16,-11,-24,-29,-10,-14,-18,21,10,14,-5,sil
24.440151691436768,-5,7,0,-6,-9,1,-14,-14,-23,-14,1,-2,-9,-12,sil
24.455862522125244,-7,6,4,10,5,20,8,-9,-17,-2,-11,-10,-23,-17,sil
24.455862522125244,-9,1,3,8,8,17,9,0,-5,-3,-6,-7,-25,-12,sil
24.47136878967285,-9,8,3,4,-1,6,5,0,0,0,-1,-6,-17,-3,sil
24.47136878967285,-2,15,7,18,0,4,8,-3,0,7,-2,-7,-6,0,sil
24.48711347579956,4,4,13,28,7,15,10,5,1,5,-2,-3,0,7,sil
24.48711347579956,0,-11,2,5,3,10,8,7,8,9,-5,-3,6,16,sil
24.50235629081726,-3,-15,-10,-22,-11,-7,1,5,16,19,-11,-5,7,13,sil
24.50235629081726,6,-2,-6,-10,-9,0,10,14,21,25,-3,0,8,11,sil
24.51785182952881,9,0,-8,0,2,12,15,18,17,18,-5,0,5,13,sil
24.51785182952881,-4,-18,-19,-24,0,-10,-1,6,5,2,-21,-7,-2,0,sil
24.533036708831787,-5,-19,-20,-34,-7,-22,-15,-2,6,0,-8,-2,3,-10,sil
24.533036708831787,11,2,-4,-17,-3,-6,-11,6,12,3,17,17,23,1,sil
24.549148321151733,21,18,7,2,7,-1,-2,9,10,4,32,31,33,7,sil
24.549148321151733,14,19,7,12,15,-5,-5,-5,-7,-7,30,19,16,-5,sil
24.56483483314514,0,16,13,18,12,4,1,-12,-17,-18,11,-3,-10,-18,sil
24.56483483314514,-10,9,14,29,9,20,20,-1,-3,-5,-1,-15,-15,-15,sil
24.57993459701538,-11,6,11,25,8,15,12,-3,-7,-6,-6,-11,-15,-5,sil
24.57993459701538,-9,4,6,20,5,7,-3,-22,-24,-24,-10,-12,-20,-4,sil
24.595463037490845,-16,-12,-4,11,-3,5,-5,-19,-24,-23,-24,-26,-30,-10,sil
24.595463037490845,-15,-22,-9,-8,-8,6,-2,0,-15,-4,-33,-25,-33,-2,sil
24.610281705856323,-1,-7,-2,-2,-1,9,7,1,0,15,-21,-4,-14,10,sil
24.625813007354736,0,-1,1,3,-2,6,15,-1,8,11,-14,0,-4,11,sil
24.625813007354736,0,-8,0,-5,-11,-3,1,5,7,4,-4,-5,1,5,sil
24.64134955406189,10,-6,-4,-10,-8,-17,-11,13,11,14,13,3,18,6,sil
24.64134955406189,6,-4,-12,-19,-3,-22,-9,16,13,7,15,10,19,6,sil
24.65791654586792,-4,-7,-17,-29,-2,-17,-5,12,15,-6,7,3,9,0,sil
24.65791654586792,0,0,-7,-22,0,-10,-13,0,12,0,9,9,13,-2,sil
24.67351055145264,12,19,9,0,1,0,-11,-2,7,5,20,22,19,1,sil
24.67351055145264,6,15,7,-1,0,-4,-5,-6,-3,-14,13,7,5,-1,sil
24.689224004745483,-4,-3,-1,-21,-9,-25,-17,-13,-24,-36,-6,0,-6,-12,sil
24.689224004745483,8,1,4,-7,-2,-19,-12,-12,-23,-13,11,25,14,-3,sil
24.7053291797638,24,21,19,22,8,6,12,-4,-12,10,35,32,25,14,sil
24.7053291797638,5,18,23,29,6,15,20,-5,-10,4,13,-1,1,4,sil
24.7053291797638,-13,0,14,26,6,18,11,-7,0,5,-10,-16,-11,-7,sil
24.72137808799744,-4,-4,12,26,12,32,13,3,11,21,-9,0,-6,5,sil
24.72137808799744,-3,-2,3,22,4,36,21,10,10,26,-14,-9,-9,8,sil
24.73684048652649,-17,-17,-12,1,-9,11,8,3,12,14,-28,-31,-19,-4,sil
24.75198149681092,-12,-29,-18,-17,-3,-2,1,6,21,14,-20,-17,-12,0,sil
24.75198149681092,-4,-20,-17,-18,9,2,4,12,19,15,-8,0,1,5,sil
24.75198149681092,-3,-10,-18,-23,0,0,-4,9,4,0,-8,1,4,0,sil
24.76806902885437,9,0,-8,-15,-6,-7,-6,8,5,2,9,12,18,5,sil
24.783312559127808,28,15,9,1,3,-8,-1,16,7,0,27,29,29,19,sil
24.783312559127808,25,19,10,2,6,-17,-11,11,-1,-19,21,24,16,6,sil
24.798819065094,7,11,-1,-2,0,-21,-17,-10,-7,-22,19,9,1,-19,sil
24.798819065094,-2,9,-1,2,0,-6,-11,-21,-16,-13,13,-1,-10,-21,sil
24.814238786697388,-12,6,0,10,-3,2,-1,-18,-18,-12,-1,-12,-18,-10,sil
24.814238786697388,-16,2,-3,8,-8,0,3,-18,-20,-14,-10,-23,-22,-11,sil
24.82955026626587,-13,7,0,7,0,10,6,-17,-27,-17,-19,-28,-25,-13,sil
24.82955026626587,-21,2,-2,4,3,14,9,-10,-20,-11,-32,-30,-27,-11,sil
24.84543514251709,-27,-21,-18,-16,-12,-4,1,0,-7,-1,-39,-32,-28,-2,sil
24.84543514251709,-10,-20,-18,-19,-13,-9,1,9,9,11,-24,-19,-11,11,sil
24.861374139785767,4,0,-8,-2,0,-1,4,10,20,16,-4,0,4,14,sil
24.861374139785767,1,-3,-4,-12,-2,-10,-5,5,8,5,1,8,7,1,sil
24.87632918357849,5,-10,-4,-30,-7,-14,-13,5,0,4,9,14,21,-2,sil
24.87632918357849,20,8,11,-4,0,-12,-16,9,2,-4,23,30,30,4,sil
24.89201092720032,23,32,34,40,10,-3,-13,0,0,-23,25,30,17,4,sil
24.89201092720032,8,23,34,44,11,17,3,-13,-12,-11,4,5,-2,-3,sil
24.906983613967896,-4,-3,21,14,5,31,26,-3,-5,17,-10,-11,-9,0,sil
24.906983613967896,0,-21,0,-1,1,16,28,14,23,30,0,-5,2,11,sil
24.92327857017517,7,-26,-18,-20,-1,-5,-1,16,23,13,10,9,14,7,sil
24.92327857017517,8,-12,-6,-24,0,-5,-20,2,0,-2,17,19,15,-2,sil
24.93926858901977,4,12,19,9,13,9,-1,-3,0,-1,15,12,8,0,sil
24.93926858901977,-4,8,11,26,17,13,19,11,20,17,-8,-2,-3,8,sil
24.95439577102661,-4,-13,-17,2,3,5,26,28,44,37,-6,-2,6,17,sil
24.95439577102661,9,-11,-20,-24,-2,2,16,20,46,30,25,16,31,26,sil
24.96997714042664,14,7,-4,-19,-2,-6,-7,-12,12,2,31,22,26,13,sil
24.96997714042664,2,11,0,-2,-12,-26,-31,-41,-33,-30,7,1,-7,-18,sil
24.985971689224243,-4,8,5,2,-10,-24,-31,-38,-58,-53,-3,-10,-31,-29,sil
24.985971689224243,-5,17,11,7,3,0,-7,-22,-46,-38,1,-8,-23,-18,sil
25.00197505950928,-8,14,6,13,0,10,5,-11,-28,-9,-15,-12,-21,-14,sil
25.00197505950928,-15,0,1,10,-11,7,9,0,-14,6,-35,-19,-25,-12,sil
25.0179762840271,-17,-13,-8,1,-3,9,12,14,3,16,-21,-16,-12,2,sil
25.0179762840271,-7,-12,-15,-9,4,3,6,22,16,19,-2,-5,8,16,sil
25.03323221206665,4,-5,-16,-11,3,-4,-6,19,23,15,1,6,23,15,sil
25.03323221206665,11,-4,-12,-10,-1,-21,-22,4,10,-1,-1,9,19,7,sil
25.048364400863647,6,0,-2,-1,-3,-24,-19,-2,-5,-14,2,1,4,-4,sil
25.048364400863647,-1,12,3,12,2,-1,0,-4,-1,-2,9,-7,-2,-18,sil
25.06446075439453,-11,9,5,10,3,12,8,-10,-8,0,-3,-13,-14,-16,sil
25.06446075439453,-20,-5,1,1,-3,12,9,-12,-22,-15,-29,-21,-27,-10,sil
25.0801739692688,-21,-20,-5,-9,-8,19,14,5,0,-9,-37,-21,-20,0,sil
25.0801739692688,-1,-20,-2,-20,-7,14,6,22,33,12,-12,6,5,20,sil
25.09587025642395,20,-4,5,-6,0,-8,-8,9,20,12,17,31,19,17,sil
25.09587025642395,15,12,12,3,6,-13,-16,-9,-18,-12,17,17,3,-6,sil
25.111199855804443,10,25,19,12,7,8,0,-9,-23,-16,11,0,-8,-8,sil
25.111199855804443,14,23,15,20,2,17,23,-2,-10,1,12,1,-13,2,sil
25.127204418182373,0,-2,-2,6,-4,7,30,4,0,10,0,-7,-13,2,sil
25.127204418182373,-7,-24,-19,-15,-1,3,20,8,16,11,-7,-13,4,2,sil
25.1423397064209,2,-14,-13,-21,-1,-10,-3,4,13,3,9,5,18,1,hello
25.1423397064209,9,12,2,0,2,-21,-20,0,1,-1,34,22,24,-3,hello
25.157957792282104,9,20,7,11,12,-17,-20,-2,5,-4,33,16,28,-1,hello
25.157957792282104,3,8,8,4,7,-9,-14,-9,0,-4,5,0,2,0,hello
25.1732337474823,-11,-2,1,7,0,0,-5,-17,-12,6,-20,-20,-25,-7,hello
25.1732337474823,-21,-10,-11,8,0,8,4,-7,-2,6,-40,-31,-24,-7,hello
25.188024759292603,-18,-20,-24,-7,-1,6,8,7,15,3,-36,-26,-7,-1,hello
25.188024759292603,-8,-21,-20,-14,-6,-8,-2,12,9,10,-11,-7,4,5,hello
25.20411777496338,7,-5,-6,-10,-3,-16,-14,8,-1,-2,5,16,16,9,hello
25.20411777496338,15,9,2,-3,7,-5,-8,0,5,-16,19,30,24,3,hello
25.21933317184448,14,13,19,1,12,9,-3,0,6,-5,33,31,20,7,hello
25.21933317184448,12,19,31,16,5,15,0,11,4,8,33,27,14,14,hello
25.23561429977417,8,15,22,25,0,15,14,8,4,10,8,11,3,8,hello
25.23561429977417,0,0,11,10,-1,22,25,0,-3,14,-9,-4,-11,4,hello
25.2513325214386,-1,-13,4,-1,-2,20,22,5,4,28,-5,-3,-6,9,hello
25.2513325214386,1,-16,-5,-13,-5,-7,-2,6,13,13,-6,0,0,0,hello
25.266849517822266,1,-7,-3,-13,-4,-25,-30,-20,-10,-24,-9,-1,-6,-19,hello
25.266849517822266,-13,3,5,5,-3,-4,-16,-34,-33,-28,1,-11,-16,-24,hello
25.282960653305054,-21,2,6,15,-5,12,10,-8,-15,-5,2,-14,-17,-7,hello
25.282960653305054,-7,-6,-6,-1,-8,-2,1,9,11,5,-5,-5,0,2,hello
25.297635316848755,2,-6,-16,-19,-16,-21,-23,3,-1,-3,0,3,9,-1,hello
25.297635316848755,3,11,-2,-4,-15,-15,-12,-3,-20,-12,17,7,8,-5,hello
25.313168048858643,5,26,14,24,0,0,5,-10,-18,-20,19,4,0,-7,hello
25.313168048858643,1,15,14,28,7,7,11,-5,-13,-22,-4,-3,-14,-5,hello
25.32832360267639,-4,-5,-4,12,5,13,25,9,0,-1,-27,-17,-22,2,hello
25.32832360267639,-6,-18,-23,-14,2,4,20,14,6,9,-35,-22,-18,12,hello
25.34436321258545,1,-16,-23,-34,0,-2,5,13,12,10,-20,-7,1,21,hello
25.34436321258545,17,-5,-16,-21,7,-3,7,17,31,22,3,9,25,23,hello
25.359909772872925,14,4,-14,-11,19,-5,-1,12,26,15,7,10,20,10,hello
25.37596082687378,-3,9,-11,-11,18,0,-14,-4,0,0,-1,-4,0,-13,hello
25.37596082687378,-18,1,-7,-13,6,6,-6,-16,-10,-5,-22,-29,-21,-29,hello
25.37596082687378,-23,-9,-9,-12,-1,10,2,-11,0,-7,-35,-42,-31,-21,hello
25.39192008972168,-20,-13,-16,-6,-1,18,10,-2,8,2,-23,-30,-16,-7,hello
25.39192008972168,-19,-20,-22,-13,-5,9,8,-2,-4,6,-21,-22,-11,-11,hello
25.406749486923218,-15,-25,-18,-27,-14,-12,-8,0,-5,2,-13,-11,-4,-8,hello
25.406749486923218,14,-1,6,-15,-7,-19,-16,12,15,9,30,34,34,18,hello
25.42223691940308,43,33,44,19,12,-10,-13,8,4,3,59,68,52,20,hello
25.437908172607425,22,33,52,41,13,-6,-19,-20,-32,-27,41,42,17,-12,hello
25.437908172607425,-2,18,42,39,-6,-10,-22,-26,-36,-35,18,13,-10,-18,hello
25.45328617095948,17,21,44,54,-4,-1,-5,-3,1,5,29,26,3,12,hello
25.45328617095948,34,20,44,61,5,8,5,5,19,29,37,38,16,28,hello
25.469280004501343,11,0,17,24,-3,1,7,6,10,6,13,13,7,15,hello
25.469280004501343,0,-12,-20,-9,-5,-10,5,11,9,-5,3,-3,13,0,hello
25.484315872192383,10,1,-20,-10,2,-8,-8,3,-1,-5,16,12,14,1,hello
25.484315872192383,-5,5,0,1,0,7,-2,-8,-17,-6,10,5,-6,0,hello
25.49995374679565,-35,-14,-11,-1,-3,16,22,-1,-10,0,-21,-35,-26,-9,hello
25.49995374679565,-36,-28,-33,-20,-4,12,26,15,6,12,-40,-44,-24,-4,hello
25.51559400558472,-21,-30,-37,-35,-9,5,12,21,23,23,-26,-17,-7,7,hello
25.51559400558472,-6,-27,-27,-45,-9,-7,-2,20,28,9,-11,0,7,10,hello
25.53121280670166,14,2,-1,-32,0,-15,-19,5,8,-10,-5,5,12,-1,hello
25.53121280670166,13,24,10,-9,-1,-5,-21,-19,-18,-19,-8,-1,-7,-16,hello
25.54712557792664,-4,5,-1,-2,-12,13,6,-17,-19,-17,-15,-15,-24,-6,hello
25.54712557792664,-4,-1,-3,8,1,29,38,0,1,0,-18,-21,-11,8,hello
25.562805891036987,-1,0,-4,9,10,25,28,0,4,12,-27,-25,-12,3,hello
25.562805891036987,-4,-6,-14,-6,2,1,4,-1,9,16,-15,-12,-6,3,hello
25.57820725440979,9,4,-9,-7,14,-19,-4,6,18,17,19,20,29,11,hello
25.57820725440979,12,16,8,0,17,-22,-18,-2,-10,-6,21,23,22,0,hello
25.59342288970948,-3,6,14,4,-7,-11,-24,-25,-36,-22,0,-1,-11,-17,hello
25.59342288970948,0,9,19,16,-8,-6,-15,-21,-24,-16,-1,-9,-13,-15,hello
25.60903787612915,5,14,21,25,18,0,-1,-1,-3,1,6,0,-3,-6,hello
25.60903787612915,-2,-6,4,11,15,11,14,12,17,28,9,4,0,5,hello
25.625112771987915,1,-18,-3,-10,-11,1,17,24,30,26,8,8,7,14,hello
25.625112771987915,6,-9,-8,-9,-13,-14,-3,15,18,-7,3,3,13,4,hello
27.557201862335205,9,-6,4,9,5,21,27,26,33,35,5,4,4,19,sil
27.57280731201172,6,-5,-4,4,8,7,18,18,32,30,11,-2,6,12,sil
27.57280731201172,0,-16,-11,-10,0,-7,-4,10,26,23,19,6,21,9,sil
27.588566064834595,7,-4,-5,-7,0,-11,-20,1,15,6,27,31,37,16,sil
27.588566064834595,26,16,9,7,3,-13,-18,-4,7,0,39,44,41,21,sil
27.604293823242188,22,19,21,12,0,-11,-15,-10,-7,-5,41,36,26,9,sil
27.604293823242188,-1,8,12,4,0,-5,-20,-23,-29,-20,18,9,-3,-14,sil
27.61989116668701,-14,-1,6,-8,-1,-6,-25,-29,-43,-31,-10,-13,-31,-20,sil
27.61989116668701,-2,1,18,6,-4,-2,-9,-19,-37,-22,-13,-13,-26,-8,sil
27.63510370254517,4,6,15,22,-6,4,8,-5,-20,-2,-12,-4,-12,0,sil
27.63510370254517,2,-6,-6,-8,-12,-2,5,6,-8,3,-24,-1,-14,4,sil
27.65118670463562,7,-7,-17,-27,-11,-21,-9,5,-3,-4,-15,6,-3,4,sil
27.65118670463562,17,16,-3,-2,-9,-24,-21,-6,-11,-24,6,15,9,-2,sil
27.666926622390747,12,27,17,20,-8,3,-4,-8,-15,-13,13,4,10,-2,sil
27.666926622390747,-10,7,11,13,0,22,21,-2,-9,9,-13,-20,-2,-1,sil
27.68217325210572,-31,-10,-13,-8,-2,10,16,-3,-14,-2,-47,-44,-33,-9,sil
27.6825270652771,-31,-12,-16,-6,-4,12,11,2,-1,-3,-36,-40,-31,-11,sil
27.69815278053284,-16,-13,-6,1,7,26,25,17,33,21,-9,-15,4,1,sil
27.69815278053284,-5,-13,-11,-10,13,11,20,19,46,16,-3,0,22,11,sil
27.71327996253968,0,-8,-20,-24,6,-12,-5,4,27,-11,5,10,17,4,sil
27.71327996253968,9,-1,-3,-14,11,-13,-12,0,10,-12,23,28,17,0,sil
27.728861331939697,25,4,13,3,17,-4,-1,3,9,6,34,38,29,9,sil
27.728861331939697,32,6,16,2,3,-9,-14,1,1,5,34,32,29,13,sil
27.74418520927429,17,6,15,3,-1,-12,-22,0,-8,0,26,24,15,0,sil
27.74418520927429,1,7,15,17,11,-2,-3,0,-10,1,16,11,3,-8,sil
27.75971817970276,1,11,18,17,6,12,10,-2,-12,-3,5,-1,-8,-2,sil
27.75971817970276,0,10,12,20,-3,22,11,-8,-7,2,-5,-12,-15,1,sil
27.775596857070923,-19,-1,-6,18,2,18,10,-8,-5,15,-21,-26,-23,-8,sil
27.775596857070923,-24,-13,-15,-3,0,13,16,1,-1,18,-25,-29,-27,-11,sil
27.79129266738892,-7,-13,-9,-12,-9,6,24,14,21,23,-10,-13,-10,11,sil
27.79129266738892,0,-13,-10,-13,-1,-3,17,22,29,19,-3,0,1,24,sil
27.80717301368713,-1,-15,-18,-15,-1,-11,-1,11,17,3,-1,0,0,2,sil
27.80717301368713,0,-12,-16,-20,-11,-17,-21,-4,8,-12,5,-1,0,-9,sil
27.82293820381165,8,0,-6,-13,-7,-17,-30,-1,2,-10,11,9,13,6,sil
27.82293820381165,13,18,1,5,0,-18,-27,-2,-11,-6,16,21,25,5,sil
27.838451385498047,11,25,10,15,0,-23,-26,-16,-25,-26,11,13,2,-15,sil
27.838451385498047,1,24,14,15,5,-4,-10,-18,-25,-23,0,0,-19,-20,sil
27.85432481765747,-11,14,4,12,7,20,9,-9,-20,-2,-13,-12,-16,-7,sil
27.85432481765747,-22,-7,-4,0,-8,13,10,-8,-23,-6,-22,-21,-17,-10,sil
27.86997628211975,-22,-16,-9,-1,-10,6,11,-10,-12,-13,-26,-23,-26,-17,sil
27.86997628211975,-8,-7,1,13,4,19,23,0,5,1,-28,-12,-17,0,sil
27.885418176651,3,-1,10,14,0,18,21,8,19,16,-12,-3,3,15,sil
27.885418176651,0,-10,-9,-13,-17,-5,0,4,16,13,-2,-6,5,9,sil
27.901216506958008,-3,-14,-24,-33,-14,-20,-13,5,6,1,-3,-2,5,3,sil
27.901216506958008,10,-8,-3,-19,0,-16,-16,11,8,-1,10,15,28,4,sil
27.91685152053833,26,0,17,-8,0,-12,-18,8,0,-7,20,23,33,6,sil
27.91685152053833,21,10,10,-5,0,-8,-15,1,-11,-15,18,14,23,3,sil
27.93195152282715,9,11,1,-2,6,-10,-9,-5,-9,-10,23,8,19,-6,sil
27.93195152282715,1,6,8,-1,5,-4,-4,-14,-15,-7,18,5,0,-12,sil
27.947348594665527,-5,3,11,11,7,19,8,-14,-17,-3,2,0,-18,-4,sil
27.947348594665527,-7,-1,7,19,12,28,17,0,-4,2,-6,-4,-16,5,sil
27.963298082351685,1,2,9,21,13,21,25,10,11,14,-9,-4,-9,7,sil
27.963298082351685,0,4,2,20,6,21,32,8,16,24,-12,-7,-8,4,sil
27.97905659675598,-12,-14,-14,-3,-1,12,24,12,16,22,-18,-9,-11,3,sil
27.97905659675598,-11,-25,-17,-21,2,-5,15,17,25,15,-11,-1,-1,8,sil
27.99479031562805,3,-10,-5,-16,2,-17,0,13,21,3,8,13,11,17,sil
27.99479031562805,13,7,0,-6,-9,-22,-22,7,7,1,28,28,25,16,sil
28.01034474372864,15,23,4,3,1,-21,-28,5,10,9,39,31,27,6,sil
28.01034474372864,4,25,14,8,15,-5,-23,-2,8,5,32,16,5,-6,sil
28.02640175819397,-9,13,13,9,3,4,-20,-19,-6,-1,13,-5,-13,-18,sil
28.02640175819397,-4,11,9,12,-5,-2,-21,-28,-21,-11,-2,-9,-16,-21,sil
28.04204821586609,5,13,11,17,-2,0,-5,-17,-18,-21,-9,-8,-13,-10,sil
28.04204821586609,-12,-10,-6,7,-8,13,17,-7,-11,-16,-25,-28,-21,-8,sil
28.05760145187378,-30,-27,-16,-5,-12,10,25,-13,-22,-12,-50,-42,-34,-14,sil
28.05760145187378,-19,-16,-10,-1,-4,8,20,-11,-18,-4,-43,-27,-22,-8,sil
28.073216438293457,-8,-22,-19,-10,-7,3,10,11,0,4,-18,-10,2,8,sil
28.073216438293457,-4,-30,-28,-31,-16,-10,-1,25,13,6,-5,0,12,14,sil
28.08982753753662,7,-13,-20,-28,-9,-14,-9,16,15,3,6,12,21,8,sil
28.08982753753662,16,1,-10,-16,-3,-9,-12,12,9,-1,13,21,30,6,sil
28.10415863990784,13,9,-1,-3,-1,-5,-5,7,2,0,16,17,25,1,sil
28.10415863990784,15,18,13,3,7,-3,0,-2,-2,-2,20,12,10,0,sil
28.119266271591187,20,23,30,10,9,-3,-2,-7,-10,-10,21,18,5,3,sil
28.119266271591187,12,22,25,24,6,0,-5,-15,-14,-9,12,10,6,-1,sil
28.13513445854187,-4,7,8,15,7,14,0,-13,-10,1,-3,-13,-8,-11,sil
28.13513445854187,-16,-5,3,3,11,22,12,-1,3,13,-7,-22,-19,-6,sil
28.1565363407135,-7,0,8,17,10,14,13,1,16,15,-8,-10,-13,4,sil
28.15753602981568,4,9,9,23,7,8,10,1,14,13,-15,0,-9,8,sil
28.15753602981568,3,1,-2,6,5,6,14,6,9,8,-10,0,-4,7,sil
28.16606020927429,-1,-10,-12,-13,-2,-8,5,9,2,-8,-2,0,1,8,sil
28.1812903881073,-1,-12,-14,-20,-7,-19,-11,8,1,-14,3,10,10,2,sil
28.1812903881073,2,-1,-7,-18,-3,-21,-26,1,-3,-12,10,14,5,-8,sil
28.19668769836425,4,13,10,-7,-8,-14,-24,-7,-13,-13,12,1,-10,-8,sil
28.19668769836425,-3,5,12,6,-14,4,-1,-5,-2,5,11,-3,-11,0,sil
28.21202158927917,-16,-17,-4,0,-12,7,11,0,4,19,-3,-3,-6,-1,sil
28.21202158927917,-13,-22,-18,-15,-1,-6,1,2,2,8,-16,-8,-4,-5,sil
28.227375745773315,4,-6,-11,-13,7,-6,-6,4,0,-6,-1,1,5,-2,sil
28.24312949180603,17,8,10,3,10,7,-2,0,-9,-12,22,21,15,2,sil
28.24312949180603,2,11,15,20,13,13,6,-7,-10,1,22,8,9,0,sil
28.259177684783936,-16,2,0,12,6,11,7,-5,-1,16,-8,-24,-13,-3,sil
28.259177684783936,-7,-4,-8,0,-1,9,2,4,5,8,-24,-21,-10,-5,sil
28.259177684783936,9,-5,-7,-7,0,-4,-9,5,8,-8,2,11,20,0,sil
28.275001525878903,6,6,3,-9,4,-11,-19,-3,-2,-15,25,24,23,3,sil
28.275001525878903,2,22,21,17,5,8,-1,-10,-15,-5,13,3,-2,-5,sil
28.29027271270752,1,7,14,25,2,19,19,-3,-10,-4,-19,-18,-23,-7,sil
28.305943489074707,-13,-21,-11,-8,-5,9,21,0,8,1,-31,-22,-21,0,sil
28.305943489074707,-24,-23,-27,-22,-12,1,17,0,19,24,-21,-18,-5,6,sil
28.32246994972229,-9,-7,-13,-7,-8,-3,16,11,16,26,-9,-5,7,16,sil
28.32246994972229,14,0,0,-1,1,-3,8,19,16,4,10,13,18,17,sil
28.32246994972229,16,-5,-3,-17,-1,-9,-14,5,6,-18,15,16,19,3,sil
28.33815860748291,5,-6,-14,-21,-15,-29,-26,-2,-6,-23,0,7,13,0,sil
28.33815860748291,10,8,-1,-3,-10,-31,-13,-2,-8,-12,3,10,9,2,sil
28.353291988372803,11,19,18,7,4,-7,-2,-5,-10,-14,9,13,-1,-6,sil
28.36891198158264,-3,12,16,13,7,4,0,-11,-16,-13,4,-1,-14,-13,sil
28.36891198158264,-8,7,13,21,0,5,7,-17,-26,0,-4,-15,-24,-10,sil
28.383979082107544,0,3,17,24,-4,18,6,-18,-20,8,-12,-12,-23,-4,sil
28.383979082107544,-1,-5,8,16,3,15,3,-4,6,17,-7,0,-2,5,sil
28.40007257461548,0,-3,0,1,5,3,6,14,26,24,2,5,9,18,sil
28.40007257461548,5,2,-1,-3,0,5,1,17,28,21,5,5,7,14,sil
28.41539740562439,2,-7,-9,-13,-1,-4,-19,9,18,8,8,7,8,1,sil
28.41539740562439,0,-11,-16,-21,5,-12,-23,8,11,-2,12,8,14,-5,sil
28.430965900421143,4,6,-9,-7,15,-1,-7,5,10,-7,8,7,9,-14,sil
28.430965900421143,3,14,4,-2,9,-3,-13,0,-6,-16,3,8,0,-17,sil
28.446240186691284,-1,11,12,0,0,-10,-20,-7,-19,-19,12,2,0,-13,sil
28.446240186691284,-5,8,2,13,0,3,-2,-15,-21,-13,-1,-15,-13,-16,sil
28.461536169052124,-13,4,0,22,5,17,18,-15,-26,-5,-22,-28,-33,-18,sil
28.461536169052124,-15,0,3,23,4,27,27,-9,-19,-3,-10,-23,-18,-2,sil
28.477149486541748,-7,-7,-1,8,-1,30,27,2,-1,0,0,-9,0,11,sil
28.477149486541748,-6,-16,-12,-7,-2,14,31,20,17,26,-11,0,4,16,sil
28.492588996887207,-5,-20,-16,-12,-7,-14,19,20,23,35,-14,-2,4,21,sil
28.492588996887207,7,-17,-11,-18,-17,-28,-1,10,5,7,-1,2,8,19,sil
28.5078353881836,17,-12,-9,-20,-8,-16,-6,9,0,-5,13,17,24,12,sil
28.5078353881836,12,-14,-10,-25,0,-14,-12,3,6,-11,9,14,26,10,sil
28.523951530456543,9,-9,-7,-21,-5,-19,-27,-7,5,-20,6,3,13,0,sil
28.523951530456543,18,13,8,4,8,-5,-23,-10,0,-6,24,17,12,-8,sil
28.53912353515625,18,29,29,23,16,7,-4,-8,-6,3,24,26,5,-2,sil
28.53912353515625,-1,16,22,14,-3,1,2,-17,-11,-5,-5,-3,-17,-8,sil
28.555200338363647,-18,0,3,0,-12,0,0,-17,-14,-19,-29,-24,-32,-16,sil
28.555200338363647,-14,11,4,4,4,19,10,-3,-7,-7,-24,-13,-24,-7,sil
28.570947647094727,-10,8,4,12,14,25,23,4,5,15,-20,-14,-17,-1,sil
28.570947647094727,-18,-13,-7,0,0,11,16,6,11,21,-25,-17,-20,-1,sil
28.586814641952515,-19,-19,-18,-15,-12,-6,1,4,16,3,-16,-1,-3,0,sil
28.586814641952515,-3,-10,-18,-24,-18,-23,-18,5,7,-15,-4,7,16,4,sil
28.60202717781067,18,-2,-3,-16,-14,-22,-21,9,0,-6,13,12,26,10,sil
28.60202717781067,27,3,3,-9,0,-11,-7,10,8,12,35,27,29,16,sil
28.61708927154541,10,11,5,-11,5,-7,-9,0,2,3,32,25,18,4,sil
28.61708927154541,-1,17,11,17,6,0,-14,-13,-15,-6,14,0,0,-14,sil
28.6331729888916,3,19,19,51,8,2,-12,-21,-26,-10,4,-11,-14,-16,sil
28.6331729888916,8,23,21,46,11,0,-6,-16,-26,-14,13,0,-8,-7,sil
28.64926624298096,5,19,15,30,14,14,6,-5,-11,0,12,0,0,-2,sil
28.64926624298096,-3,-5,3,20,9,30,23,5,3,19,-14,-17,-13,-1,sil
28.664939641952515,-17,-28,-12,0,-2,21,29,11,12,24,-22,-24,-18,0,sil
28.664939641952515,-22,-30,-21,-24,-9,0,20,18,21,20,-9,-15,-5,3,sil
28.681028127670288,-14,-24,-23,-29,-2,0,11,27,34,18,-12,-7,3,9,sil
28.681028127670288,-3,-18,-23,-21,3,3,8,22,36,12,-12,2,10,11,sil
28.696898698806763,5,-11,-10,-27,0,-12,-1,6,13,-11,1,12,16,9,sil
28.696898698806763,6,0,-2,-23,-3,-27,-15,-8,-3,-23,10,14,20,-5,sil
28.71229124069214,3,8,0,-11,0,-18,-25,-14,-13,-10,16,16,16,-12,sil
28.71229124069214,11,15,12,0,5,1,-18,-10,-22,-8,21,15,4,-1,sil
28.728086471557617,18,20,24,9,7,8,0,-12,-21,-18,14,3,-6,-1,sil
28.728086471557617,5,10,18,2,0,2,8,-16,-21,-15,-4,-2,-15,-9,sil
28.7432165145874,-2,-3,9,4,-5,7,16,-6,-12,5,-9,-2,-9,3,sil
28.7432165145874,1,-6,1,14,-8,11,19,6,6,15,-9,-8,-8,19,sil
28.75926113128662,-1,-2,-5,6,-14,4,11,7,12,13,-16,-11,-14,17,sil
28.75926113128662,0,-2,-11,3,-5,4,10,4,8,18,-5,0,1,11,sil
28.774407863616943,7,0,-9,3,3,-3,-2,6,4,3,0,4,14,4,sil
28.774407863616943,-4,2,-11,-7,0,-22,-23,0,0,-17,-3,1,1,-8,sil
28.7902410030365,-8,6,-9,-7,0,-19,-26,-5,-5,-11,2,8,-2,-11,sil
28.7902410030365,11,20,7,12,7,-4,-17,0,-8,-5,6,13,5,-8,sil
28.805816888809204,3,23,5,17,3,-11,-20,-9,-19,-28,-21,-10,-14,-24,sil
28.805816888809204,-22,-2,-3,0,-8,-21,-29,-24,-39,-56,-44,-35,-42,-33,sil
28.8209969997406,-22,-12,7,1,-1,9,-2,-14,-22,-29,-23,-24,-25,-13,sil
28.8209969997406,-16,-6,3,12,6,40,32,2,14,18,-9,-14,-3,2,sil
28.83608603477478,-22,-23,-19,-9,-7,28,32,9,16,26,-13,-20,-10,1,sil
28.83608603477478,-11,-35,-20,-30,-11,7,20,11,13,23,1,-10,0,6,sil
28.851897716522217,11,-16,-2,-26,4,0,11,20,29,29,18,15,19,25,sil
28.851897716522217,21,1,2,-4,6,-4,2,21,35,23,28,30,32,27,sil
28.866905689239506,13,0,-1,4,0,-12,-7,9,20,12,40,27,39,8,sil
28.866905689239506,13,7,11,-4,4,-11,-8,5,9,12,47,29,34,1,sil
28.88238382339477,35,22,36,5,13,-4,-3,5,11,20,50,42,36,14,sil
28.88238382339477,36,23,33,17,6,-4,-17,-6,-3,5,35,31,25,10,sil
28.89724326133728,6,17,16,13,-1,-1,-21,-18,-22,-13,8,1,-2,-8,sil
28.91280722618103,-6,14,10,17,2,7,3,-17,-14,-4,1,-8,-12,-10,sil
28.91280722618103,-4,6,9,16,2,9,14,-14,-7,4,-5,-5,-15,-2,sil
28.91280722618103,-12,1,0,16,2,12,13,-7,-9,0,-19,-18,-20,-6,sil
28.92828607559204,-16,-2,-8,16,5,17,21,1,-8,-1,-23,-27,-22,-7,sil
28.944159507751465,-21,-17,-20,-1,-2,11,19,5,0,2,-30,-27,-27,-6,sil
28.944159507751465,-32,-31,-37,-26,-8,-3,6,5,4,1,-43,-29,-29,-9,sil
28.959310054779053,-23,-24,-33,-32,-5,-11,3,15,6,-3,-40,-22,-16,-4,sil
28.959310054779053,-2,-8,-17,-24,-5,-7,0,20,15,-3,-15,-3,5,4,sil
28.975016355514526,3,-9,-10,-26,-11,-14,-13,11,17,-5,-2,7,12,7,sil
28.975016355514526,5,-11,-4,-27,-13,-23,-13,0,3,-13,-1,9,9,4,sil
28.991116285324097,15,4,0,-9,-4,-22,-10,-3,-3,-18,10,14,11,0,sil
28.991116285324097,19,23,2,1,2,-13,-19,-4,-12,-25,17,16,10,1,sil
29.00714683532715,6,20,0,4,2,-3,-21,-22,-30,-25,1,0,-4,-7,sil
29.00714683532715,-6,9,5,12,0,3,-16,-36,-44,-25,-15,-9,-22,-21,sil
29.02278852462769,6,23,25,35,10,15,-1,-12,-23,-17,4,6,-6,-5,sil
29.02278852462769,21,35,36,50,22,23,13,9,8,8,32,16,17,14,sil
29.037930727005005,0,13,20,28,9,12,6,-1,1,12,7,-3,-5,0,sil
29.037930727005005,-12,-6,5,17,0,10,10,-7,-11,6,-20,-17,-29,-7,sil
29.05324769020081,1,-12,1,18,0,17,21,8,8,17,-7,-1,-8,18,sil
29.05324769020081,0,-21,0,-3,-10,1,7,20,29,28,8,14,15,27,sil
29.06894278526306,-9,-19,-6,-14,-18,-10,3,14,29,35,3,9,21,8,sil
29.06894278526306,-2,-5,-9,-5,-6,-4,11,5,19,29,-8,-1,8,4,sil
29.084107398986816,2,-9,-17,-10,3,-3,0,6,15,8,-6,-1,4,6,sil
29.084107398986816,4,-18,-19,-27,1,-10,-11,15,11,0,8,4,16,0,sil
29.09923410415649,14,0,0,-18,3,-5,-1,13,3,2,20,10,20,-1,sil
29.09923410415649,11,15,1,0,7,0,0,-4,-4,-10,18,1,5,-11,sil
29.11527419090271,-6,0,-10,-10,0,-8,-20,-18,-17,-34,0,-13,-11,-25,sil
29.11527419090271,-12,-9,-8,-27,-1,-6,-20,-13,-16,-23,-1,-7,-7,-24,sil
29.131446361541748,-5,4,3,-11,6,1,-4,-9,-13,-8,12,1,-2,-20,sil
29.131446361541748,-9,9,13,10,6,4,-5,-14,-24,-13,9,-4,-15,-16,sil
29.147135734558105,-14,-3,13,-7,0,12,2,-9,-7,5,4,-8,-9,1,sil
29.147135734558105,-11,-16,-1,-47,-9,19,25,7,18,22,0,-9,0,13,sil
29.16290688514709,-11,-15,-11,-23,-13,14,30,8,12,12,-15,-19,-9,4,sil
29.16290688514709,-14,-7,-5,20,-9,2,14,1,4,9,-23,-20,-8,5,sil
29.177924633026123,-5,1,1,19,-7,-2,1,12,19,18,-14,-1,3,19,sil
29.177924633026123,11,8,0,23,-2,-7,-1,17,25,13,-5,11,8,17,sil
29.1958270072937,16,7,1,34,5,-17,-8,6,4,-7,-5,17,7,11,sil
29.1958270072937,22,12,16,21,11,-15,-6,3,0,-7,11,29,20,16,sil
29.20984721183777,38,28,19,17,17,-6,-4,0,8,9,35,40,35,20,sil
29.20984721183777,31,29,8,18,14,-12,-21,-8,-8,-5,17,30,18,3,sil
29.22588801383972,3,14,5,9,0,-14,-23,-19,-26,-29,-5,7,-8,-16,sil
29.22588801383972,-7,2,9,-1,-8,-1,-10,-22,-29,-27,-3,-4,-19,-10,sil
29.24140882492065,-3,0,6,3,0,14,5,-17,-29,-15,-3,-7,-19,0,sil
29.24140882492065,-9,1,-2,16,10,21,15,-6,-19,-1,-17,-14,-25,-11,sil
29.25692629814148,-21,-11,-14,0,-4,11,13,7,3,12,-25,-27,-33,-10,sil
29.25692629814148,-13,-26,-29,-26,-16,0,6,17,21,17,-21,-27,-18,6,sil
29.27219867706299,8,-14,-23,-24,-4,-5,0,18,15,8,-6,-3,3,9,sil
29.27219867706299,13,11,-1,-5,5,-10,-5,11,4,2,17,14,13,-2,sil
29.28823161125183,-6,9,3,1,0,-4,2,-3,2,0,19,-1,3,-20,sil
29.28823161125183,-28,-21,-6,-8,-10,14,16,-3,1,-9,-14,-28,-20,-23,sil
29.303895950317383,-30,-34,-17,-15,-10,13,22,8,15,0,-25,-28,-10,-4,sil
29.303895950317383,-14,-20,-17,-20,-4,-8,2,3,18,2,-1,-8,23,6,sil
29.31899857521057,3,3,0,-19,-2,-11,-24,-9,-1,-13,17,7,29,-5,sil
29.31899857521057,8,19,15,2,5,3,-14,-9,-11,-7,23,11,12,-10,sil
29.334169149398804,0,8,13,13,10,14,12,-4,-9,5,2,0,-3,0,sil
29.334169149398804,-12,-16,-1,-2,0,10,15,-2,-3,5,-20,-10,-7,0,sil
29.34980869293213,-5,-20,-10,-17,-10,-14,-10,1,1,4,-8,4,9,6,sil
29.34980869293213,25,9,9,-6,-4,-24,-30,0,-15,-3,24,36,27,15,sil
29.36592626571656,37,32,35,20,13,0,-23,-10,-35,-17,28,31,10,2,sil
29.36592626571656,10,20,29,31,19,14,-2,-13,-26,-10,1,0,-17,-4,sil
29.381052494049072,-4,0,7,19,11,13,17,-1,9,21,-1,-6,-6,10,sil
29.381052494049072,2,-9,-5,0,-4,10,15,14,31,36,4,2,5,22,sil
29.396821975708008,5,-7,-7,-9,-12,-5,5,24,31,22,-6,1,-5,22,sil
29.396821975708008,4,-5,-8,-4,-3,-16,5,23,33,11,-5,6,-1,20,sil
29.41187882423401,4,-3,-7,-9,0,-11,0,15,25,-1,8,15,11,12,sil
29.41187882423401,9,7,-4,-9,0,-2,-5,1,6,-15,14,12,16,0,sil
29.42701101303101,13,18,1,3,2,-7,-7,-15,-12,-19,12,10,6,-9,sil
29.42701101303101,0,21,8,11,-2,-4,-3,-16,-24,-22,2,-2,-17,-22,sil
29.44314455986023,-18,15,0,20,0,15,13,-7,-12,-8,-15,-32,-27,-32,sil
29.44314455986023,-22,0,-9,18,12,23,19,-4,-1,5,-27,-37,-23,-23,sil
29.458739519119263,-17,-10,-5,6,4,12,6,-8,-3,12,-20,-21,-16,-7,sil
29.458739519119263,-16,-13,-1,0,-9,4,2,-6,0,22,-19,-16,-7,0,sil
29.4742488861084,-13,-19,-7,-13,-11,-4,-4,5,5,15,-24,-11,-2,0,sil
29.4742488861084,-5,-23,-17,-23,-7,-19,-19,9,3,-4,-2,5,10,1,sil
29.4898693561554,4,-8,-11,-21,-7,-25,-20,0,0,-11,16,21,29,8,sil
29.4898693561554,17,14,11,-4,-4,-16,-9,0,-2,-8,22,29,29,8,sil
29.505006790161133,20,25,24,16,5,-2,-1,-2,-16,-15,32,31,9,-1,sil
29.505006790161133,7,16,20,20,12,9,8,-21,-30,-18,14,12,-18,-7,sil
29.52100396156311,-10,-3,1,6,6,22,21,-23,-15,-9,-18,-18,-29,-6,sil
29.52100396156311,-21,-23,-23,-15,-4,18,12,9,11,-6,-24,-30,-17,-6,sil
29.53709602355957,-17,-25,-28,-25,-2,0,1,30,25,6,-5,-10,3,-3,sil
29.53709602355957,2,-9,-8,-14,4,-13,-3,10,12,13,14,7,15,1,sil
29.553497552871704,14,11,16,3,3,-15,-12,-9,-13,-13,24,0,1,3,sil
29.553497552871704,4,18,22,24,3,2,-3,-6,-15,-14,12,-9,-11,3,sil
29.56876873970032,2,1,13,22,2,19,16,7,2,18,-17,-1,-6,16,sil
29.56876873970032,11,-9,1,2,-1,15,14,16,14,30,-20,8,12,33,sil
29.584439754486084,9,-2,-8,-4,-2,1,-2,9,18,19,-1,4,23,23,sil
29.584439754486084,3,2,-9,-10,0,-4,-12,-5,3,-2,2,0,6,-4,sil
29.600314140319824,2,3,-6,-12,0,-11,-17,-16,-15,-22,3,6,0,-19,sil
29.600314140319824,0,11,-1,-2,-6,-13,-21,-14,-20,-18,15,11,5,-16,sil
29.6158230304718,-2,10,10,11,-4,2,-7,-5,-4,5,16,1,4,-8,sil
29.6158230304718,-5,-1,10,12,3,18,15,0,10,19,-2,-11,-3,-1,sil
29.63129615783692,-6,-9,-4,0,0,14,15,10,14,7,-23,-11,-3,4,sil
29.63129615783692,-4,-14,-12,-11,-11,0,5,16,22,14,-21,0,4,8,sil
29.646857261657715,-4,-23,-16,-24,-13,-17,-1,15,24,20,-15,0,2,9,sil
29.646857261657715,0,-15,-10,-26,-2,-27,-5,14,8,2,-7,5,4,5,sil
29.6619815826416,15,10,6,-3,9,-16,-5,5,-5,-12,22,19,16,0,sil
29.677761554718018,22,34,24,16,12,-9,-6,-9,-13,-14,29,18,6,-8,sil
29.677761554718018,17,40,26,24,10,-2,-3,-21,-20,-20,5,-1,-18,-21,sil
29.693259239196777,0,20,17,19,7,7,1,-24,-27,-22,-4,-12,-34,-28,sil
29.693259239196777,-23,-3,5,11,3,14,9,-10,-19,-3,-1,-12,-32,-20,sil
29.693259239196777,-32,-15,-7,10,5,18,19,4,7,17,-6,-15,-18,-7,sil
29.708791971206665,-30,-21,-19,0,0,21,18,5,12,12,-25,-23,-16,-2,sil
29.72390508651733,-22,-21,-22,-10,-6,17,7,1,3,8,-23,-17,-6,0,sil
29.72390508651733,0,-9,-13,-7,-2,-1,0,6,7,1,3,3,19,20,sil
29.73946046829224,25,6,0,-4,-1,-19,-12,8,8,-17,25,25,35,37,sil
29.73946046829224,31,9,7,-5,-5,-29,-28,-6,-5,-23,27,27,33,20,sil
29.75556445121765,19,4,12,-4,-7,-23,-28,-14,-17,-10,17,16,15,-1,sil
29.75556445121765,3,6,10,6,-4,0,-9,-8,-15,-4,8,4,-2,-1,sil
29.7712242603302,-10,3,2,11,0,18,6,-9,-13,-6,-5,-10,-14,0,sil
29.7712242603302,-17,-4,2,6,0,22,19,-8,-5,3,-17,-22,-16,-3,sil
29.787256717681885,-13,-9,0,4,4,27,33,7,14,25,-13,-22,-11,-2,sil
29.787256717681885,-3,-8,-11,-2,8,15,22,22,22,22,-12,-12,-13,0,sil
29.80310821533203,8,-3,-7,0,1,-8,6,26,27,19,0,6,6,9,sil
29.80310821533203,21,-5,-1,-16,-9,-17,0,31,37,32,19,28,40,22,sil
29.8181414604187,21,-10,-5,-47,-13,-17,-8,24,29,18,17,30,38,17,sil
29.8181414604187,11,3,-4,-24,-1,-17,-17,-7,0,-8,10,14,17,-6,sil
29.833587169647217,0,16,6,20,6,-12,-23,-33,-35,-27,-1,-5,-7,-26,sil
29.833587169647217,-10,8,6,25,6,0,-18,-32,-47,-34,-23,-21,-32,-30,sil
29.849128246307373,-12,4,3,27,8,12,-6,-18,-34,-28,-34,-23,-38,-23,sil
29.849128246307373,-7,6,11,29,8,24,6,0,-9,-8,-22,-9,-21,-6,sil
29.8644597530365,-9,-10,-1,2,1,23,20,10,19,18,-2,-3,3,9,sil
29.8644597530365,-14,-29,-22,-29,-5,-4,11,15,24,23,8,-3,15,17,sil
29.879619359970093,-5,-22,-21,-28,-8,-25,-6,9,9,4,11,1,12,5,sil
29.879619359970093,5,-3,-11,-17,-10,-25,-17,-10,-6,-13,4,2,0,-13,sil
29.8948278427124,6,16,2,-7,-8,-22,-26,-22,-22,-24,1,5,-7,-14,sil
29.8948278427124,9,35,22,21,8,-8,-17,-13,-16,-15,21,17,1,-2,sil
29.91114902496338,10,30,28,30,16,7,0,0,-2,0,30,19,5,7,sil
29.91114902496338,0,16,20,20,0,18,15,8,5,19,14,3,-1,15,sil
29.92655038833618,-7,0,2,13,-5,27,31,13,18,31,-8,-17,-9,12,sil
29.92655038833618,-13,-18,-14,-8,1,18,30,15,19,12,-27,-23,-11,4,sil
29.941924571990967,-11,-18,-17,-25,1,-1,6,11,11,-6,-17,-5,4,3,sil
29.941924571990967,7,-1,-7,-25,-5,-17,-14,4,-2,-12,0,11,12,4,sil
29.957831382751465,20,10,1,-11,-1,-11,-9,-1,-1,-9,10,13,8,-3,sil
29.957831382751465,11,15,9,10,12,0,-1,-8,5,-9,19,7,15,-6,sil
29.973021984100345,3,14,19,17,10,6,0,-6,0,-13,13,13,10,5,sil
29.973021984100345,4,4,17,19,0,18,19,-3,2,7,0,12,-2,11,sil
29.98911666870117,-4,-13,4,17,-1,27,30,-2,3,22,-21,-11,-19,3,sil
29.98911666870117,-18,-29,-12,-2,-9,15,10,0,-4,8,-33,-28,-28,-10,sil
30.00424766540528,-21,-40,-36,-32,-19,-12,-4,-1,-6,3,-23,-24,-23,-20,sil
30.00424766540528,-12,-37,-30,-41,-19,-25,-11,2,-4,-1,-17,-9,-11,-7,sil
30.01935863494873,4,-7,-5,-7,-1,-9,-18,8,3,-3,0,6,13,7,sil
30.01935863494873,12,10,5,4,2,-13,-29,-2,-4,-6,18,15,22,0,sil
30.03439044952393,11,15,16,-2,-3,-23,-26,-7,-23,-12,26,20,13,-10,sil
30.03439044952393,8,25,24,20,8,-2,-5,-9,-14,0,32,16,14,-3,sil
30.05003523826599,0,24,18,33,18,13,6,-14,-7,7,7,-1,-2,5,sil
30.05003523826599,-10,8,3,19,8,11,10,-5,0,14,-14,-15,-13,5,sil
30.06591200828552,-10,-7,-15,0,2,3,7,10,11,19,-7,-12,-3,4,sil
30.06591200828552,0,-9,-21,-15,0,-2,3,17,5,6,0,-3,2,5,sil
30.08130955696106,16,5,-11,-6,-2,-8,2,9,11,1,13,9,20,10,sil
30.08130955696106,19,18,2,0,5,-9,-2,10,15,-5,17,22,29,14,sil
30.09731698036194,9,23,5,-1,12,0,-7,7,1,-21,10,15,16,-5,sil
30.09731698036194,-7,13,0,2,4,0,-10,-16,-21,-30,2,-6,-9,-28,sil
30.113374948501587,-14,4,8,5,-2,2,-3,-23,-33,-23,-16,-18,-34,-22,sil
30.113374948501587,-3,4,9,15,10,23,16,-6,2,0,-24,-17,-16,-4,sil
30.129255294799805,-8,-8,-2,14,13,18,11,-1,25,6,-19,-20,-5,-3,sil
30.129255294799805,-17,-23,-5,4,-2,4,0,0,20,8,-18,-20,-20,-1,sil
30.14486265182495,2,-15,-9,2,-2,7,0,8,44,22,-1,0,0,18,sil
30.14486265182495,11,-18,-16,-11,-6,-4,-4,6,35,13,4,3,13,18,sil
0.0416371822357177,-5,-32,-8,-27,-39,-15,0,0,-21,0,-17,-14,-16,4,sil
0.0416371822357177,-11,-25,0,-24,-46,-4,18,8,-17,11,-18,-8,-10,11,sil
0.0568141937255859,-3,-18,-7,-25,-13,-6,14,13,2,8,0,9,13,14,sil
0.0568141937255859,6,-4,-1,-24,7,-15,-8,0,-20,-23,3,17,5,1,sil
0.0718493461608886,27,26,21,1,8,-7,-13,-3,-20,-25,23,33,12,-4,sil
0.0718493461608886,32,34,31,21,7,-1,0,0,-7,0,37,41,18,-4,sil
0.0874648094177246,10,21,20,9,11,2,6,4,-7,4,27,25,4,-10,sil
0.0874648094177246,-4,13,8,4,16,5,0,0,2,4,18,8,6,-15,sil
0.1025342941284179,-11,7,11,8,11,0,-12,-8,-6,5,3,-3,-2,-14,sil
0.1025342941284179,-18,9,10,19,5,13,0,-10,-12,5,-7,-14,-19,-8,sil
0.1180851459503173,-11,1,-5,18,6,23,12,-3,5,13,-4,-13,-8,0,sil
0.1180851459503173,0,-9,-14,-6,6,6,0,6,11,17,0,0,15,10,sil
0.1341376304626464,13,7,-3,0,5,-2,-10,0,9,15,17,11,38,18,sil
0.1341376304626464,16,26,12,27,8,2,-8,-7,0,-7,16,6,21,8,sil
0.1496212482452392,-4,6,3,17,4,11,5,-7,-7,-14,-11,-16,-15,-3,sil
0.1496212482452392,-26,-22,-27,-13,-7,4,9,-12,-1,0,-34,-35,-31,-6,sil
0.164750337600708,-20,-26,-30,-24,-18,-17,-7,-3,-5,-16,-45,-26,-29,-5,sil
0.1808743476867675,0,-14,-18,-12,-13,-21,-12,11,0,-24,-21,0,-2,-2,sil
0.1808743476867675,6,-7,-10,-12,-5,-11,-7,10,7,-3,12,7,21,0,sil
0.1808743476867675,8,8,11,1,0,-8,-8,1,-5,1,18,3,9,0,sil
0.196404218673706,9,22,26,30,6,-3,0,-4,-8,-8,9,1,-4,-6,sil
0.196404218673706,-9,1,5,11,5,0,13,-3,-6,-9,-10,-16,-22,-10,sil
0.2122852802276611,-32,-30,-24,-19,-2,5,19,0,0,8,-33,-38,-34,-10,sil
0.2122852802276611,-22,-36,-23,-27,-9,1,14,4,13,14,-30,-20,-26,2,sil
0.227893590927124,-1,-20,-9,-22,-12,-6,7,14,15,4,-8,3,-8,17,sil
0.227893590927124,0,-9,-12,-6,-2,-6,-1,11,18,10,0,1,5,7,sil
0.2436776161193847,9,0,-4,-3,2,0,-11,10,21,14,3,11,14,0,sil
0.2436776161193847,32,14,12,-7,1,5,-5,9,16,6,31,42,31,12,sil
0.2598659992218017,30,16,13,-5,1,-2,-5,-3,-7,-17,37,42,29,7,sil
0.2598659992218017,15,24,21,6,4,-4,-14,-14,-27,-30,9,15,2,-6,sil
0.2749495506286621,20,40,37,33,10,8,-7,-15,-20,-6,15,9,1,-3,sil
0.2909317016601562,11,28,29,34,11,10,-6,-14,-19,2,23,7,10,-1,sil
0.2909317016601562,-16,3,2,17,2,10,-3,-14,-19,-2,3,-10,-1,-14,sil
0.2909317016601562,-23,-4,-2,18,0,20,13,-4,1,16,-6,-19,-3,-8,sil
0.306952953338623,-10,-10,4,7,3,18,28,11,17,32,-3,-9,6,13,sil
0.306952953338623,-2,-13,-1,-1,1,5,21,15,23,27,-4,-5,13,19,sil
0.3225128650665283,1,-4,-10,9,-3,-5,7,15,20,16,-6,-2,5,14,sil
0.3225128650665283,5,-7,-15,-10,-2,-9,1,21,26,15,6,10,18,20,sil
0.3390765190124511,6,-27,-21,-62,-7,-12,-9,14,30,10,22,20,34,22,sil
0.3390765190124511,6,-18,-13,-52,-15,-20,-26,-7,1,-13,16,14,15,2,sil
0.3546571731567383,4,13,0,7,-5,-17,-28,-28,-28,-37,-2,0,-14,-26,sil
0.3546571731567383,0,19,5,15,0,-8,-21,-26,-30,-42,-11,0,-28,-33,sil
0.3698914051055908,0,16,13,14,-1,-2,-5,-10,-22,-23,0,1,-20,-20,sil
0.3698914051055908,0,19,17,30,4,0,6,-9,-25,-9,-2,-10,-19,-18,sil
0.385800838470459,-13,0,10,11,13,4,3,-11,-33,-16,-32,-25,-39,-24,sil
0.385800838470459,-23,-18,0,-2,3,12,13,-4,-17,-6,-39,-31,-41,-17,sil
0.4009954929351806,-22,-17,-10,4,-11,12,23,0,0,5,-25,-31,-28,-6,sil
0.4009954929351806,-20,-12,-16,-2,-5,9,15,3,0,8,-25,-25,-20,0,sil
0.4165174961090088,-11,-7,-16,-15,6,7,9,17,15,16,-18,-11,-2,15,sil
0.4316930770874023,2,-2,-12,-15,0,-2,9,28,34,15,1,9,14,27,sil
0.4316930770874023,7,-9,-16,-15,-6,-8,5,23,34,8,14,23,22,15,sil
0.4468221664428711,1,-18,-16,-21,0,-8,-6,9,22,7,15,17,30,5,sil
0.4468221664428711,2,0,-3,-12,4,-10,-17,0,9,3,18,14,32,7,sil
0.4620416164398193,15,24,12,11,8,-4,-19,-6,-8,-5,20,18,19,4,sil
0.4620416164398193,20,24,27,22,8,11,-9,-11,-27,-9,14,7,3,5,sil
0.4777350425720215,10,9,27,25,4,27,14,-11,-20,0,1,-12,-7,11,sil
0.4777350425720215,0,-1,7,16,1,22,29,2,4,11,-9,-7,-11,11,sil
0.4929530620574951,3,-7,-7,-11,-2,2,12,18,23,17,-1,10,6,10,sil
0.4929530620574951,8,-8,-5,-19,-9,-17,-14,7,20,8,17,12,25,6,sil
0.5091898441314697,8,0,1,-4,-14,-22,-25,-3,6,-8,17,11,17,-4,sil
0.5091898441314697,10,4,1,-1,-7,-12,-18,0,5,-3,16,17,9,-12,sil
0.5247609615325928,5,3,1,-1,0,-7,-16,-7,-3,3,22,4,4,-13,sil
0.5247609615325928,-3,10,12,16,1,-9,-16,-22,-24,-6,11,-6,-7,-17,sil
0.5405280590057373,-1,16,17,22,5,-4,-9,-23,-27,-14,-5,0,-14,-18,sil
0.5405280590057373,-9,4,9,6,3,1,-3,-21,-26,-20,-18,-6,-23,-12,sil
0.5565598011016846,-23,0,-3,10,1,10,13,-15,-16,-12,-21,-30,-30,-4,sil
0.5565598011016846,-17,0,-13,13,7,19,33,5,8,14,-18,-28,-18,5,sil
0.5726318359375,-10,-13,-18,-1,8,16,32,18,22,25,-15,-7,-6,8,sil
0.5726318359375,-8,-19,-23,-9,1,7,20,12,20,15,-8,-2,-1,6,sil
0.5887274742126465,3,-8,-21,-10,1,1,12,13,21,13,2,-6,15,14,sil
0.5887274742126465,12,-2,-10,-14,0,0,2,19,17,12,6,6,29,13,sil
0.6046605110168457,6,-5,-3,-21,-12,-18,-17,9,0,-8,-2,16,17,-2,sil
0.6046605110168457,8,-1,0,-20,-21,-36,-27,-1,-8,-25,-3,11,3,-10,sil
0.6198558807373047,14,9,9,-4,-9,-19,-16,-1,-5,-16,8,18,3,-5,sil
0.6202747821807861,9,14,18,5,6,4,-7,-4,-13,-10,7,13,-5,-5,sil
0.6358742713928223,0,19,22,7,9,3,-4,-12,-18,-10,5,-5,-11,-9,sil
0.6358742713928223,0,21,25,12,1,6,0,-5,-8,-2,10,2,-2,-1,sil
0.6517055034637451,2,12,22,21,0,27,10,8,2,4,5,14,0,16,sil
0.6517055034637451,1,-3,12,23,8,28,27,9,13,17,-4,-8,-1,19,sil
0.6668746471405029,-1,-17,0,0,4,11,23,8,17,16,-11,-14,1,13,hello
0.6668746471405029,-7,-25,-18,-26,-9,0,8,11,10,-4,-7,13,3,15,hello
0.6825006008148193,-11,-27,-27,-25,-9,-8,-4,1,2,-14,-8,2,-6,5,hello
0.6825006008148193,-12,-17,-24,-15,3,-13,-15,-14,-9,-6,-27,-34,-16,-24,hello
0.699026346206665,-14,-4,-23,-14,7,-12,-21,-21,-28,-19,-31,-16,-16,-31,hello
0.699026346206665,-10,3,-11,-9,-4,-15,-28,-18,-33,-38,-4,13,-19,-14,hello
0.7145872116088867,-4,9,6,8,-6,-8,-22,-13,-11,-12,17,-3,-11,-16,hello
0.7145872116088867,-6,4,4,11,2,9,1,-7,2,22,15,-26,2,-19,hello
0.7306253910064697,-4,-2,-2,2,5,22,23,7,5,31,13,-13,7,0,hello
0.7306253910064697,4,-3,4,12,7,17,17,16,19,43,18,6,11,17,hello
0.7466325759887695,9,-3,10,14,7,-7,-7,12,20,38,16,19,18,22,hello
0.7466325759887695,19,7,11,1,0,-26,-19,6,3,0,22,31,28,20,hello
0.7618350982666016,27,21,17,8,-1,-17,-8,0,-3,-23,22,23,21,3,hello
0.7618350982666016,7,8,11,20,1,1,11,1,4,0,0,-8,-3,0,hello
0.7770476341247559,-6,-5,-7,12,2,8,26,14,27,32,-4,-10,-2,15,hello
0.7770476341247559,14,7,-3,3,1,4,12,7,26,17,12,19,18,16,hello
0.792783260345459,19,20,9,5,0,8,-2,-19,-8,-21,8,11,5,-6,hello
0.792783260345459,-12,6,1,2,-7,14,2,-22,-24,-19,-15,-24,-23,-15,hello
0.8086321353912354,-18,-1,-9,-7,-12,6,7,4,0,8,-26,-22,-19,2,hello
0.8086321353912354,1,4,-8,-9,2,-2,6,14,15,6,-12,5,11,13,hello
0.8239471912384033,2,2,-10,-19,6,-2,-2,0,-1,-21,-5,12,18,0,hello
0.8239471912384033,-9,-1,-10,-19,-7,-8,-9,-10,-25,-36,-18,-1,-9,-21,hello
0.8390777111053467,-17,0,-4,0,-6,-9,-2,-7,-29,-32,-27,-18,-33,-26,hello
0.8390777111053467,-22,-12,-3,-2,0,2,11,9,-3,-11,-26,-26,-28,-14,hello
0.8550608158111572,-11,-26,-8,-19,-4,4,15,21,26,16,-12,-8,-6,1,hello
0.8550608158111572,3,-13,0,-15,-5,-11,-7,10,21,11,2,11,5,4,hello
0.8699696063995361,12,6,13,4,0,-12,-28,-2,2,-8,17,13,13,0,hello
0.8699696063995361,17,4,16,12,0,-3,-21,-10,-6,-4,24,19,14,-3,hello
0.8856096267700195,6,-7,9,3,-3,2,-7,-19,-22,0,10,13,0,0,hello
0.8856096267700195,-11,-11,5,1,5,14,4,-15,-19,8,-2,-10,-10,11,hello
0.9011383056640624,-12,-20,-2,-3,8,10,13,4,0,18,-1,-13,-5,18,hello
0.9011383056640624,-1,-21,-18,-15,-4,-5,4,17,7,10,2,-2,6,6,hello
0.9168527126312256,10,2,-9,-2,0,-4,-8,11,12,-4,17,4,20,-1,hello
0.9168527126312256,20,27,16,23,12,1,-10,-2,6,-13,35,25,18,0,hello
0.9326980113983154,17,35,19,30,15,-2,-7,-18,-14,-6,30,30,4,-3,hello
0.9326980113983154,5,28,9,21,13,4,-3,-17,-21,9,5,1,-1,-3,hello
0.9489214420318604,-5,13,1,15,9,17,15,0,2,15,-10,-20,-1,4,hello
0.9489214420318604,-13,-2,-9,5,-2,10,25,11,20,16,-17,-16,-10,2,hello
0.9639439582824708,-14,-13,-9,-16,-21,-10,9,12,8,12,-25,-14,-17,-1,hello
0.9639439582824708,-8,-14,-5,-19,-24,-18,1,13,4,9,-10,-7,4,4,hello
0.9800891876220704,4,-5,-5,-9,-2,-11,-2,6,13,0,9,13,18,6,hello
0.9804239273071288,11,11,3,0,14,2,-13,-8,0,-15,6,10,-2,-11,hello
0.9955649375915528,0,12,13,10,6,14,-4,-18,-23,-17,-6,-11,-21,-22,hello
0.9955649375915528,-6,-8,3,5,-2,11,12,-3,-6,2,-14,-6,-14,0,hello
1.0106732845306396,3,-17,-14,-11,-2,-1,4,10,22,8,-3,9,3,23,hello
1.0106732845306396,3,-6,-12,-21,0,-11,-13,1,6,-12,9,5,10,8,hello
1.0261540412902832,-4,2,0,-11,4,0,-10,-9,-14,-16,5,-5,3,-15,hello
1.0261540412902832,-1,9,1,5,5,12,0,-10,-7,-1,-3,-8,-2,-17,hello
1.0418453216552734,4,13,10,11,0,8,6,0,-1,0,-2,-4,-4,0,hello
1.0418453216552734,-3,2,14,7,-3,6,18,10,0,2,-2,-6,2,8,hello
1.0569922924041748,-23,-23,-11,-3,-8,4,14,12,9,9,-19,-17,-2,0,hello
1.0569922924041748,-20,-28,-27,-13,-11,-8,2,15,15,10,-29,-18,-10,-2,hello
1.072911024093628,0,-11,-14,-14,-4,-8,1,14,20,10,-8,0,1,3,hello
1.072911024093628,10,-8,-2,-19,-7,-9,-15,1,5,-11,6,14,6,2,hello
1.088963270187378,15,0,1,-5,-14,-23,-27,-11,-13,-26,14,19,4,-4,hello
1.088963270187378,27,21,11,20,-3,-21,-17,-12,-15,-14,27,30,13,0,hello
1.1049227714538574,27,32,23,27,14,1,-6,-5,-10,-5,27,28,18,8,hello
1.1049227714538574,12,23,18,31,23,17,4,-6,-4,3,16,0,9,3,hello
1.1205551624298096,-8,-1,0,13,9,16,12,-10,-8,8,-8,-25,-17,-1,hello
1.1205551624298096,-26,-20,-15,-17,-8,12,13,-1,-2,11,-26,-23,-29,-1,hello
1.135669469833374,-21,-17,-27,-18,-4,-4,7,11,21,21,-15,-11,-1,1,sil
1.135669469833374,0,0,-10,-14,-1,-25,-11,15,14,7,6,10,20,10,sil
1.1513025760650637,10,18,3,-6,1,-10,-8,0,-4,-4,28,25,24,3,sil
1.1513025760650637,-1,10,1,9,11,8,1,-22,-21,-13,13,8,-2,-16,sil
1.1671805381774902,-10,0,22,13,3,11,3,-19,-32,-24,-21,-8,-36,-13,sil
1.1671805381774902,-6,4,5,26,-4,21,28,-2,3,15,-2,-19,-3,0,sil
1.1829454898834229,-13,-13,-22,-2,0,6,17,0,9,15,-1,-19,5,3,sil
1.1829454898834229,-17,-25,23,-53,-8,-15,-24,14,-26,-36,-38,4,-34,4,sil
1.199035406112671,5,0,4,-11,0,4,2,15,17,6,3,4,8,-3,sil
1.199035406112671,25,3,-39,13,13,0,10,-1,35,32,35,0,40,-2,sil
1.2146344184875488,23,10,43,-21,1,-19,-33,3,-31,-41,-4,35,-10,12,sil
1.2146344184875488,8,32,54,16,7,11,-11,6,-13,-17,8,16,-1,-5,sil
1.2307968139648438,-10,11,-31,47,16,22,9,-18,22,31,23,-31,12,-22,sil
1.2307968139648438,-13,-13,-5,7,-1,3,-8,-17,-12,-3,-23,-16,-29,-2,sil
1.246381759643555,0,-3,21,8,-10,20,16,8,6,10,-23,0,-14,14,sil
1.246381759643555,0,-8,-23,13,-7,16,30,18,46,44,4,-5,18,17,sil
1.2619993686676023,4,-14,-20,-13,-8,-13,3,20,33,26,6,5,13,24,sil
1.2619993686676023,20,0,-3,-8,-2,-17,-1,18,28,23,16,19,29,28,sil
1.2776250839233398,17,1,-6,-10,-7,-23,-9,3,8,1,12,14,29,12,sil
1.2776250839233398,9,4,7,-20,-17,-27,-23,-11,-23,-36,-4,4,-3,-11,sil
1.292792558670044,8,13,12,-2,-6,-11,-19,-22,-28,-35,3,0,-15,-22,sil
1.292792558670044,-10,4,0,1,0,0,-16,-21,-36,-34,1,-7,-18,-22,sil
1.3091342449188232,-27,-6,-3,2,1,8,1,-6,-31,-21,-17,-26,-24,-20,sil
1.3091342449188232,-17,-13,-15,7,3,15,21,6,4,14,-31,-34,-24,-15,sil
1.3243427276611328,-14,-23,-21,-10,1,5,16,13,19,21,-35,-20,-25,-6,sil
1.3243427276611328,-19,-23,-15,-18,8,2,18,21,22,18,-12,-6,-4,8,sil
1.339493751525879,-5,-11,-14,-7,10,-1,10,24,28,19,13,5,24,19,sil
1.339493751525879,10,2,-12,-6,-3,-23,-19,1,8,-3,13,19,29,3,sil
1.3555424213409424,12,13,-1,-5,-5,-25,-21,-23,-21,-23,15,22,20,-14,sil
1.3555424213409424,12,16,12,0,7,-7,-8,-22,-36,-25,23,22,14,-10,sil
1.371657371520996,10,20,19,6,7,-1,-10,-16,-35,-21,22,15,9,-4,sil
1.371657371520996,4,22,24,14,1,2,-9,-14,-25,-15,11,4,0,-3,sil
1.3877525329589844,-3,20,32,25,4,22,2,-9,-17,-6,3,0,-10,3,sil
1.3877525329589844,-15,6,15,30,5,41,14,-15,-2,9,-2,-7,-10,3,sil
1.4035859107971191,-15,-6,-2,11,0,35,12,-7,11,15,-13,-17,-11,0,sil
1.4035859107971191,-1,-5,-2,2,0,19,19,22,25,17,-13,-18,-7,7,sil
1.419833421707153,4,-6,-4,4,1,4,23,26,28,21,-3,-9,3,16,sil
1.419833421707153,2,-14,-12,-14,-8,-10,7,5,15,16,-2,0,2,12,sil
1.4352431297302246,2,-18,-19,-27,-13,-19,-10,0,5,8,-6,-1,-4,2,sil
1.4352431297302246,0,-11,-13,-9,-4,-19,-13,10,5,4,-8,-1,-4,5,sil
1.4512732028961182,4,0,1,-5,0,-5,-2,22,19,10,6,16,19,13,sil
1.4512732028961182,21,0,4,-35,-3,0,2,18,23,7,19,29,31,9,sil
1.4668972492218018,15,-3,0,-32,-2,-5,-1,-1,-5,-11,4,12,2,-2,sil
1.4668972492218018,0,13,7,24,7,-1,-6,-16,-25,-24,-2,-3,-22,-14,sil
1.482206106185913,4,31,28,48,8,2,-10,-18,-22,-29,9,6,-20,-17,sil
1.482206106185913,10,27,37,36,2,0,-3,-21,-16,-18,11,7,-19,-15,sil
1.498708724975586,-10,0,6,23,2,1,3,-18,-9,2,-18,-26,-34,-15,sil
1.498708724975586,-26,-26,-26,-3,-1,1,3,2,3,7,-42,-44,-34,-7,sil
1.5141215324401855,-14,-26,-21,-20,-4,-1,9,25,24,13,-19,-11,2,8,sil
1.5141215324401855,-3,-11,-9,-12,-2,0,15,30,38,29,1,11,23,18,sil
1.5295801162719729,-4,-12,-19,-9,-3,0,5,16,37,29,-9,-4,16,12,sil
1.5295801162719729,7,-13,-18,-20,0,-12,-10,8,22,10,0,0,29,15,sil
1.5445897579193115,27,7,10,-12,8,-12,-15,8,6,6,34,32,53,24,sil
1.5445897579193115,18,24,7,13,10,-3,-17,-15,-10,4,43,32,51,3,sil
1.5599384307861328,-6,10,-13,4,-1,-14,-25,-43,-46,-33,15,4,14,-24,sil
1.5599384307861328,-14,0,-1,-23,-7,-16,-19,-29,-56,-55,-4,0,-18,-26,sil
1.5757648944854736,-10,7,7,-21,-2,5,-4,-7,-31,-26,-8,0,-26,-28,sil
1.5757648944854736,-12,9,-14,6,0,14,5,-11,-9,2,-2,-22,-14,-32,sil
1.5908868312835691,-9,2,0,12,7,5,5,-5,-15,-8,-2,-11,-17,-8,sil
1.5908868312835691,0,13,57,4,11,9,4,18,-23,-22,-13,20,-37,20,sil
1.6065561771392822,3,18,25,35,10,28,33,10,12,16,1,-5,-11,9,sil
1.6065561771392822,-6,-16,-47,33,-1,12,31,-13,30,35,1,-45,2,-4,sil
1.6222639083862305,-17,-39,-23,-26,-22,-12,-6,1,-6,-4,-39,-27,-33,7,sil
1.6222639083862305,-9,-17,5,-22,-18,8,4,16,3,2,-26,-9,-22,12,sil
1.63805890083313,3,-9,-17,12,-2,19,24,10,29,26,7,-8,16,10,sil
1.63805890083313,2,-13,-24,4,-4,-9,0,7,7,5,5,0,15,8,sil
1.653228759765625,2,-6,-17,-11,-5,-24,-19,1,-3,-2,2,1,10,2,sil
1.668771505355835,20,3,5,-15,2,-14,-10,4,6,4,9,18,18,11,sil
1.668771505355835,31,12,24,-1,6,-1,-1,14,14,6,27,39,33,19,sil
1.6844885349273682,21,21,22,12,7,0,0,6,10,0,33,35,29,6,sil
1.6844885349273682,21,31,33,13,14,7,2,-1,2,2,22,26,7,-1,sil
1.6997323036193848,31,34,39,21,15,12,7,-2,-1,1,16,18,2,1,sil
1.6997323036193848,18,23,28,22,4,3,1,-3,-11,-13,8,9,1,-1,sil
1.7157177925109863,-10,5,14,10,7,10,1,-4,-6,-6,-3,2,-8,-9,sil
1.7157177925109863,-28,-14,-6,-7,6,15,6,-5,6,6,-33,-13,-30,-8,sil
1.7309367656707764,-36,-32,-27,-22,-12,0,-1,-6,2,-4,-59,-38,-43,-13,sil
1.7309367656707764,-43,-36,-29,-18,-17,-12,-10,0,0,0,-39,-41,-27,-19,sil
1.74651837348938,-30,-26,-13,-13,-7,-2,-4,5,9,9,-7,-13,-5,0,sil
1.74651837348938,-4,-11,-2,-11,-3,0,1,1,12,2,-5,8,7,17,sil
1.7625572681427002,0,-7,-13,-15,-6,-16,-10,-2,7,-1,-8,-1,7,6,sil
1.7625572681427002,-9,-6,-29,-20,-3,-25,-26,-5,0,-4,7,-16,2,-13,sil
1.7790815830230713,2,6,-14,-7,3,-17,-22,-6,-4,-13,25,1,4,-11,sil
1.7790815830230713,19,14,1,3,3,-3,-18,2,-2,-10,21,19,11,1,sil
1.794628620147705,20,12,-2,-1,0,0,-8,8,6,0,16,14,22,2,sil
1.794628620147705,18,13,-2,-4,0,-8,-1,0,0,-1,22,9,24,-2,sil
1.809997320175171,13,16,12,9,1,-6,0,-9,-19,-6,17,5,6,-5,sil
1.809997320175171,-1,8,13,18,0,10,7,-16,-30,-7,-2,-8,-11,-9,sil
1.825721979141236,-12,1,8,13,-2,14,15,-13,-25,-6,-8,-12,-14,-10,sil
1.825721979141236,-5,2,9,17,1,15,18,0,-7,5,3,-8,-2,-2,sil
1.8408715724945068,6,-3,6,16,3,25,21,6,-1,10,-2,-4,0,7,sil
1.8408715724945068,0,-18,-3,5,-2,22,31,12,-3,6,-15,-7,-7,8,sil
1.85697603225708,-17,-25,-12,-3,-4,1,31,20,8,12,-9,-9,2,6,sil
1.85697603225708,-7,-13,-8,-15,-1,-13,8,20,9,13,3,5,16,12,sil
1.872598886489868,15,12,5,-5,4,-10,-9,8,-1,1,17,22,16,16,sil
1.872598886489868,15,28,21,16,17,1,-9,-5,-9,-13,17,17,1,9,sil
1.8877201080322263,2,24,24,26,18,18,1,-6,2,2,0,1,-5,0,sil
1.8877201080322263,6,10,7,19,4,16,5,5,24,31,-10,1,-1,5,sil
1.9037582874298096,11,-7,-8,-4,-4,-6,-4,11,26,13,-7,12,6,15,sil
1.9037582874298096,1,-9,-10,-20,-2,-18,-20,-6,4,-17,0,12,6,1,sil
1.9199678897857664,-12,0,-2,-8,-1,-7,-20,-18,-8,-13,-1,-1,-12,-17,sil
1.9199678897857664,-18,-3,0,6,-3,5,1,-3,0,-2,-16,-24,-33,-12,sil
1.9356651306152344,-14,-23,-15,-2,-8,10,13,2,14,2,-23,-34,-27,0,sil
1.9356651306152344,-3,-29,-20,-28,-13,-1,-4,0,15,8,-16,-12,-9,0,sil
1.9507911205291748,6,-7,-5,-29,-9,-15,-21,-1,5,-4,0,6,2,-2,sil
1.9507911205291748,10,10,9,-9,-3,-21,-12,-7,-7,-21,7,11,3,-2,sil
1.9668927192687988,17,13,22,2,-6,-15,-2,-4,-8,-11,11,23,3,0,sil
1.9668927192687988,20,15,23,5,0,-1,0,3,1,0,20,22,16,2,sil
1.982590675354004,6,13,13,0,4,1,0,0,-8,-17,8,1,11,-1,sil
1.982590675354004,-9,7,2,4,1,0,4,-8,-18,-16,-13,-14,-14,-14,sil
1.997769832611084,-19,-1,-4,22,6,10,15,-2,-1,11,-22,-23,-24,-10,sil
1.997769832611084,-26,-19,-16,7,1,17,17,9,11,19,-25,-29,-13,1,sil
2.0175726413726807,-23,-31,-36,-27,-19,1,0,5,5,8,-23,-29,-1,-3,sil
2.0175726413726807,-9,-21,-34,-32,-20,-14,-20,-3,-4,0,-6,-9,5,-9,sil
2.019075393676758,1,7,-8,-5,3,-6,-14,1,-2,1,21,15,24,3,sil
2.02860426902771,9,23,2,9,14,0,-5,7,-1,1,40,21,38,11,sil
2.043945074081421,19,17,7,10,11,-2,-6,6,-8,1,45,26,33,7,sil
2.043945074081421,26,23,22,23,24,5,1,6,0,13,48,37,33,12,sil
2.059638977050781,16,24,25,25,27,13,4,-3,4,17,27,24,20,6,sil
2.059638977050781,-7,6,6,11,7,5,0,-21,-17,-1,-6,-4,-9,-15,sil
2.0753214359283447,-21,-2,-7,6,0,-3,0,-25,-29,-26,-17,-14,-27,-18,sil
2.0753214359283447,-11,3,3,10,3,0,7,-7,-14,-25,-16,-15,-24,0,sil
2.091076612472534,-2,0,11,10,-3,9,19,6,2,3,-19,-20,-17,5,sil
2.091076612472534,-5,-16,1,1,-13,16,20,6,5,11,-18,-10,-15,4,sil
2.1065995693206787,-4,-16,-3,-6,-10,13,10,0,3,2,-12,0,-14,6,sil
2.1065995693206787,0,-12,-4,-10,-7,3,8,2,10,14,-15,-9,-13,8,sil
2.1225602626800537,0,-22,-10,-20,-10,-11,2,15,20,14,-26,-13,-12,10,sil
2.1225602626800537,6,-16,-13,-23,-4,-16,-7,19,24,-4,-14,6,5,5,sil
2.13876748085022,17,4,-1,-10,4,-10,-10,8,19,-6,14,21,25,0,sil
2.13876748085022,19,16,15,8,6,-1,-8,3,10,-3,22,15,14,0,sil
2.153968572616577,14,15,20,20,6,-1,-8,-3,0,-6,10,6,-4,0,sil
2.153968572616577,6,4,12,8,0,-2,-5,-12,-13,0,4,5,-13,-3,sil
2.169701099395752,-2,-3,-3,0,-3,11,6,-3,0,15,7,0,-6,3,sil
2.169701099395752,-6,0,-8,5,0,23,18,10,19,16,-1,-13,4,10,sil
2.185710430145264,-12,-1,-8,-3,0,5,11,9,9,0,-18,-15,0,0,sil
2.185710430145264,-23,-16,-27,-19,-13,-18,-6,-6,-6,-6,-34,-23,-18,-14,sil
2.2008960247039795,-15,-18,-25,-14,-17,-17,-20,-5,-6,0,-30,-21,-13,-2,sil
2.2008960247039795,16,0,5,4,-2,-5,-12,10,1,4,10,11,22,13,sil
2.2159457206726074,23,10,8,-4,5,-11,-11,3,-9,-9,30,27,26,0,sil
2.2159457206726074,0,8,-3,-19,0,-23,-20,-14,-25,-27,6,9,1,-17,sil
2.231641292572021,-4,13,3,-3,0,-17,-10,-10,-14,-14,12,8,9,-5,sil
2.231641292572021,4,12,9,-1,1,-1,0,-1,-6,-3,28,21,17,0,sil
2.246667861938477,0,6,2,-9,2,9,-1,-11,-17,-10,18,8,0,-10,sil
2.246667861938477,-4,7,4,6,9,7,-5,-21,-22,-12,11,-5,-10,-14,sil
2.261852264404297,-11,2,4,11,6,1,-3,-20,-25,-10,-1,-12,-15,-14,sil
2.261852264404297,-24,-10,-7,1,0,11,8,-15,-21,-4,-27,-28,-25,-14,sil
2.277923345565796,-19,-15,0,7,0,21,25,-4,-4,3,-31,-30,-24,-4,sil
2.277923345565796,-2,-1,17,23,6,20,27,6,14,13,-12,-11,-10,4,sil
2.293504476547241,5,6,18,26,7,19,20,14,30,24,-3,0,4,12,sil
2.293504476547241,8,-1,11,17,0,12,14,22,37,28,-5,6,15,20,sil
2.309225559234619,11,-4,7,7,-3,0,7,20,32,28,1,22,24,20,sil
2.309225559234619,18,3,8,2,1,0,2,13,18,20,15,25,30,22,sil
2.324852228164673,18,9,2,4,10,3,6,17,19,11,24,18,30,21,sil
2.324852228164673,6,-1,-12,-2,1,-5,0,19,27,11,25,16,26,14,sil
2.339518070220948,3,-11,-20,-24,-12,-20,-21,9,15,3,10,13,15,11,sil
2.339518070220948,0,-10,-24,-27,-8,-17,-18,5,6,-11,-2,1,5,0,sil
2.355149269104004,-14,-12,-28,-21,0,-10,-5,11,7,-16,-4,-8,-5,-16,sil
2.355149269104004,-19,-8,-22,-20,-11,-11,-5,0,-3,-8,-9,-14,-19,-22,sil
2.370758056640625,-17,3,-15,-17,-18,-12,-12,-25,-30,-17,-24,-25,-37,-27,sil
2.370758056640625,-8,7,-6,-10,-4,-10,-18,-26,-42,-42,-25,-26,-42,-25,sil
2.386804342269897,9,8,7,0,9,-11,-18,-18,-32,-42,-1,-4,-23,-9,sil
2.386804342269897,11,12,17,4,7,-9,-12,-21,-29,-23,5,3,-18,-7,sil
2.4025394916534424,2,15,27,19,4,9,3,-15,-25,-5,1,0,-25,-8,sil
2.4025394916534424,9,12,31,37,11,22,15,0,-6,10,9,1,-18,3,sil
2.417569398880005,10,4,18,24,9,18,11,6,1,16,12,6,-18,14,sil
2.4327335357666016,0,1,6,9,3,19,13,6,6,19,8,4,-13,16,sil
2.4327335357666016,-3,-4,2,10,-1,15,13,0,10,25,1,-4,14,9,sil
2.447887897491455,-8,-14,-3,2,-9,7,9,-2,6,21,-13,-7,28,0,sil
2.447887897491455,-11,-14,-9,-7,-4,11,24,6,15,22,-19,-2,24,4,sil
2.4635684490203857,-3,-10,-10,-6,1,7,25,17,23,16,-14,-3,22,13,sil
2.4635684490203857,4,-6,-14,-8,-5,-6,2,12,17,3,-1,3,30,8,sil
2.479039669036865,8,-3,-16,-19,-15,-20,-15,4,4,-5,8,18,38,2,sil
2.479039669036865,3,-11,-19,-30,-13,-28,-24,3,-5,-19,2,15,37,0,sil
2.494589805603028,1,-14,-17,-21,-4,-27,-28,-2,-7,-28,-3,1,25,-3,sil
2.494589805603028,17,5,8,0,4,-14,-25,-12,-11,-22,10,0,3,-3,sil
2.509856700897217,19,31,26,19,14,0,-15,-15,-15,-11,29,4,-10,-8,sil
2.509856700897217,-7,26,13,23,21,6,-5,-11,-13,-9,20,3,-18,-13,sil
2.5258562564849854,-18,5,7,17,12,11,8,-3,1,6,-2,-3,-26,-1,sil
2.5258562564849854,-7,5,19,18,6,21,21,3,17,26,-6,-15,-28,2,sil
2.5408365726470947,-11,8,12,14,8,23,19,8,18,19,-10,-17,-28,-3,sil
2.5408365726470947,-19,-5,-6,-1,0,11,16,12,20,19,-14,-4,-16,3,sil
2.5564112663269043,0,-11,-4,-11,-14,1,13,17,29,30,2,10,8,22,sil
2.5564112663269043,14,0,9,0,-7,1,8,19,21,15,20,22,19,21,sil
2.572057008743286,0,-11,-6,0,0,-6,6,7,2,-2,2,12,4,0,sil
2.572057008743286,-14,-39,-38,-32,-12,-21,-5,-9,-15,-16,-30,-17,-16,-19,sil
2.5875790119171143,-10,-29,-35,-48,-17,-20,-27,-11,-27,-45,-28,-23,-15,-26,sil
2.5875790119171143,0,0,-11,-28,-6,-16,-29,-5,-30,-55,-1,0,-3,-19,sil
2.6026930809021,10,9,3,-1,0,-21,-15,-3,-22,-23,15,10,5,-5,sil
2.6026930809021,20,20,15,19,4,-10,-5,-5,-5,13,28,14,22,2,sil
2.618783712387085,18,31,31,26,10,12,-4,-6,-5,17,24,16,18,5,sil
2.618783712387085,10,28,29,29,11,20,7,-6,-10,10,2,0,-3,3,sil
2.6345791816711426,0,15,11,34,5,15,10,-7,-5,10,-4,-16,-9,-1,sil
2.6345791816711426,-13,3,0,11,0,14,-2,-4,1,6,-3,-15,-8,-3,sil
2.6495890617370605,-17,-4,-4,-1,0,17,4,0,8,9,-6,-16,-8,0,sil
2.6495890617370605,-13,-10,-7,3,2,19,22,1,11,10,-22,-24,-13,2,sil
2.664722204208374,-10,-14,-10,-6,0,16,27,4,6,8,-34,-15,-16,7,sil
2.664722204208374,-7,-20,-20,-23,-4,2,19,7,11,14,-19,2,-4,9,sil
2.679914951324463,0,-24,-24,-23,-11,-12,2,7,19,5,0,1,12,9,sil
2.679914951324463,11,-15,-13,-15,-7,-11,-5,6,20,-9,5,3,22,17,sil
2.6955246925354004,14,-6,-3,-10,-2,-10,-5,11,9,-4,5,19,18,21,hello
2.6955246925354004,11,3,-1,0,-2,-17,-14,8,-4,1,10,25,9,6,hello
2.710613489151001,18,20,10,15,5,-16,-21,-5,-5,-7,27,25,11,-5,hello
2.710613489151001,22,27,23,25,12,-11,-18,-7,-4,-17,35,30,15,0,hello
2.7256784439086914,6,21,14,23,7,-4,-9,-6,-16,-12,19,16,6,-3,hello
2.740838050842285,-6,14,7,13,6,1,2,-12,-21,-5,0,-6,-9,-17,hello
2.740838050842285,-3,15,16,10,8,2,6,-10,-3,-3,0,-9,-13,-21,hello
2.740838050842285,0,14,19,19,9,5,1,-3,8,0,8,-3,-5,-14,hello
2.756366491317749,-11,3,11,15,9,13,7,0,-2,6,1,-13,-5,-4,hello
2.7713875770568848,-27,-19,-12,-8,0,15,17,-3,-2,13,-21,-31,-17,-2,hello
2.7713875770568848,-29,-41,-34,-36,-16,3,5,0,10,16,-44,-34,-26,-10,hello
2.78743314743042,-15,-35,-24,-41,-15,-4,-5,13,14,10,-30,-11,-11,-4,hello
2.78743314743042,0,-14,-10,-30,3,-12,-3,13,8,-6,5,14,18,16,hello
2.80256462097168,11,-4,-8,-26,-12,-21,-12,-2,-10,-26,13,15,18,15,hello
2.80256462097168,20,1,3,-14,-46,-11,-16,0,-25,-12,6,4,6,0,hello
2.817854642868042,19,8,15,-1,-21,1,-10,10,-16,7,9,7,6,0,hello
2.817854642868042,2,6,13,4,23,0,-4,2,1,0,4,2,2,3,hello
2.8339619636535645,-11,1,8,17,19,10,10,-10,0,-3,-5,-14,-9,0,hello
2.8339619636535645,-10,0,9,18,3,29,22,-8,-5,8,-14,-16,-20,0,hello
2.852617025375366,-8,1,-1,4,8,21,20,6,17,18,-13,-7,-16,5,hello
2.852617025375366,-12,-7,-23,-6,1,0,14,14,39,15,-9,-4,7,2,hello
2.865043878555298,-1,-11,-26,-8,-5,-3,0,5,18,4,-7,0,25,-2,hello
2.865043878555298,12,12,-4,5,4,-1,-12,-12,-11,-8,2,6,13,-5,hello
2.8805720806121826,4,26,4,15,3,-11,-12,-18,-27,-28,12,2,-8,-13,hello
2.8805720806121826,-6,13,4,15,1,-3,0,-11,-23,-23,9,-6,-12,-13,hello
2.896606206893921,-1,2,9,22,10,15,13,0,2,13,5,-4,-6,4,hello
2.896606206893921,3,-3,5,14,1,2,6,15,22,26,8,6,0,19,hello
2.912649154663086,9,-3,-4,3,-6,-16,-3,17,23,16,19,17,16,17,hello
2.912649154663086,26,11,9,8,9,-5,-5,10,17,14,29,31,27,16,hello
2.927966594696045,31,19,22,6,17,3,0,2,6,4,34,35,21,10,hello
2.927966594696045,12,6,7,-7,-2,-14,-8,-10,-19,-18,13,17,6,-9,hello
2.943906545639038,-2,2,8,-5,-12,-17,-17,-18,-38,-33,-23,-3,-17,-19,hello
2.943906545639038,-2,10,25,21,2,12,3,-6,-13,-11,-27,-13,-21,-5,hello
2.9591588973999023,-10,-4,7,13,3,20,18,7,10,15,-16,-15,-10,4,hello
2.9591588973999023,-18,-25,-20,-25,-10,-4,0,5,5,11,-17,-10,-4,3,hello
2.9749224185943604,-2,-14,-14,-30,-11,-23,-20,-6,-1,-15,-5,6,1,1,hello
2.9749224185943604,5,0,2,-6,-5,-23,-23,-11,-6,-28,9,15,3,-9,hello
2.99005389213562,-11,-6,-3,0,-1,-6,-11,-12,-20,-11,0,-3,-7,-19,hello
2.99005389213562,-25,-18,-12,-6,1,22,12,-6,-18,12,-12,-19,-17,-6,hello
3.0056707859039307,-21,-17,-14,-5,-1,34,33,10,17,28,-9,-16,-7,11,hello
3.0056707859039307,-9,-18,-20,-13,-9,10,17,18,44,28,0,-9,9,15,hello
3.02089786529541,0,-11,-15,-26,-4,-11,-16,5,17,2,7,2,13,5,hello
3.02089786529541,0,9,-3,-6,7,3,-15,-10,-18,-18,7,0,0,-10,hello
3.0364389419555664,-12,8,-1,18,10,24,11,-9,-17,-3,-9,-22,-16,-12,hello
3.0364389419555664,-10,0,-7,9,1,12,17,8,4,21,-23,-30,-12,4,hello
3.052454233169556,9,-1,-13,-10,-6,-13,0,18,14,9,-10,-8,6,9,hello
3.052454233169556,24,4,-2,-8,0,-20,-13,7,0,-17,5,8,17,0,hello
3.067634344100952,26,22,12,1,14,-7,-5,-3,-14,-12,9,6,23,0,hello
3.067634344100952,22,30,11,-1,15,0,7,-3,-17,-2,0,3,11,-1,hello
3.0827763080596924,12,21,10,3,10,0,10,0,-6,-10,-1,1,-5,-14,hello
3.0827763080596924,1,13,14,18,4,0,5,-5,7,-2,10,0,0,-16,hello
3.09872841835022,-8,0,6,-8,-7,2,0,-9,0,3,6,-3,-2,-9,hello
3.09872841835022,-17,-17,-1,-21,-9,6,6,-1,-3,2,-9,-7,-17,-7,hello
3.114275455474853,-11,-15,13,17,-5,2,10,5,10,14,-2,5,-6,8,hello
3.114275455474853,0,-10,25,32,-19,-9,-4,8,16,17,13,34,12,28,hello
3.1300599575042725,-6,-16,4,4,-20,-14,-19,2,8,-1,12,27,6,17,hello
3.1300599575042725,-21,-25,-17,-6,-8,-13,-19,0,0,-16,-7,-1,-10,-6,hello
3.145087242126465,-8,-19,-16,0,-4,-13,-12,1,1,-12,-6,0,-4,-8,hello
3.145087242126465,11,-2,-4,-2,0,-10,-11,0,-1,-10,13,17,8,-4,hello
4.685505151748657,-1,4,2,-9,10,-9,-3,-11,-20,-15,0,8,1,-3,hello
4.685505151748657,0,-10,-3,-20,-4,-20,-13,-18,-29,-26,0,1,-8,-19,hello
4.700639247894287,0,0,0,-15,-11,-21,-18,-13,-25,-29,0,3,-14,-22,hello
4.700639247894287,2,24,17,18,7,5,0,0,-3,-11,4,6,-2,-1,hello
4.71637225151062,16,19,32,36,17,23,13,3,7,5,10,3,3,9,hello
4.71637225151062,18,10,25,22,8,14,4,0,-1,9,9,4,-4,5,hello
4.731878995895386,3,18,14,16,6,14,-7,-4,-10,1,3,0,-8,0,hello
4.731878995895386,-1,20,15,25,12,19,-8,-13,-9,-7,1,-10,-12,-3,hello
4.74796986579895,0,12,10,24,20,14,4,-15,0,-1,6,-14,-13,-4,hello
4.74796986579895,-8,-1,-1,6,13,9,11,-6,1,9,-3,-17,-13,0,hello
4.7635111808776855,-18,-13,-10,-4,-2,6,11,0,0,12,-19,-20,-14,3,hello
4.7635111808776855,-8,-18,-16,-3,-5,3,15,9,14,14,-5,-8,-4,10,hello
4.779036521911621,2,-24,-16,-10,-9,5,20,26,35,26,8,0,9,19,hello
4.779036521911621,4,-19,-12,-10,-22,0,13,28,32,30,5,-1,15,19,hello
4.7946882247924805,5,-5,-7,-9,-16,-16,-4,14,13,5,13,9,15,12,hello
4.7946882247924805,10,6,0,-10,0,-16,-15,7,10,-12,29,27,29,5,hello
4.810899257659912,14,12,3,-1,5,-11,-12,2,11,-3,33,30,40,2,hello
4.810899257659912,7,10,0,7,0,-15,-14,-8,-7,-8,14,13,19,0,hello
4.826028108596802,-14,2,-5,3,-3,-9,-13,-21,-24,-24,-13,-14,-16,-17,hello
4.826028108596802,-30,-8,-5,-1,-3,-1,-3,-22,-24,-18,-35,-28,-31,-30,hello
4.842059850692749,-21,-10,1,2,0,4,11,-7,-16,0,-27,-13,-14,-13,hello
4.842059850692749,-11,-9,-8,-1,0,12,20,3,0,17,-14,-8,0,4,hello
4.858799934387207,-8,-13,-15,-15,-5,2,5,7,9,19,-21,-9,-7,0,hello
4.858799934387207,9,-2,0,-14,-3,-13,-9,14,6,8,-8,9,1,0,hello
4.873915910720825,33,18,14,0,9,-13,-11,10,-2,-4,23,30,22,9,hello
4.873915910720825,25,25,21,10,8,0,-3,-4,-16,-13,21,24,5,2,hello
4.889052152633667,-1,8,11,13,-2,13,7,-13,-18,-4,-4,0,-19,-10,hello
4.889052152633667,-11,-5,-9,2,-1,18,16,-3,-2,4,-20,-13,-22,-8,hello
4.904577970504761,-7,-1,-22,-7,4,13,16,8,20,10,-17,-5,-8,0,hello
4.904577970504761,-1,-5,-17,-13,0,3,-3,8,22,8,-1,12,4,6,hello
4.92069673538208,7,-8,-1,-16,0,-9,-22,4,5,-1,14,29,13,11,hello
4.92069673538208,7,10,8,-1,11,-9,-14,-2,-7,-18,15,26,11,-1,hello
4.936184644699097,-7,15,12,11,14,6,-5,-12,-20,-32,-3,2,-7,-17,hello
4.936184644699097,-11,0,13,11,9,11,0,-16,-14,-16,-6,-13,-15,-8,hello
4.952223062515259,-6,-15,7,3,0,0,9,-6,1,13,0,-19,-10,5,hello
4.952223062515259,-11,-18,-1,-6,-11,1,5,8,9,20,-10,-21,-13,10,hello
4.967747449874878,-7,-7,0,-4,-10,0,0,12,17,15,-9,-14,-2,13,hello
4.967747449874878,10,0,3,0,-9,-22,-3,8,17,8,11,-14,19,11,hello
4.983980894088745,19,0,1,-5,-10,-28,-14,5,0,-10,23,-25,25,6,hello
4.983980894088745,18,5,6,-2,-5,-8,-16,-4,-13,-23,20,-22,6,0,hello
4.998960256576538,6,9,13,12,-3,11,4,-7,-9,-9,2,-19,-13,-3,hello
4.998960256576538,-3,-3,-5,13,-7,16,24,6,11,16,-5,-19,1,3,hello
5.015042781829834,8,-4,-9,0,-2,0,14,18,26,19,7,3,31,15,hello
5.015042781829834,20,18,9,4,3,-10,0,2,6,2,20,20,22,0,hello
5.031102418899536,1,20,11,17,5,0,-1,-21,-19,-6,4,7,-12,-21,hello
5.031102418899536,-6,7,5,13,10,8,-1,-20,-22,-17,-5,-3,-24,-16,hello
5.046717166900635,-2,9,6,13,19,14,5,-7,-9,-8,3,-1,-11,-8,hello
5.046717166900635,-13,3,0,9,15,22,15,-4,-9,15,-4,0,-8,-3,hello
5.062283754348755,-20,-10,-11,0,4,11,11,-1,-7,25,-22,5,-7,5,hello
5.062283754348755,-12,-19,-21,-13,-2,-7,0,8,7,12,-16,14,1,9,hello
5.0779783725738525,-16,-29,-36,-51,-13,-13,-7,11,6,-3,-14,22,-3,-2,hello
5.0779783725738525,-20,-28,-41,-63,-18,-17,-17,2,-4,-15,-19,29,-6,-19,hello
5.092965602874756,0,2,-11,-12,-6,-23,-29,-2,-3,-21,0,37,11,-11,hello
5.092965602874756,18,36,28,36,11,-13,-20,0,4,-9,33,45,26,7,hello
5.108812808990479,13,32,29,37,14,4,1,0,0,4,24,28,11,4,hello
5.108812808990479,-4,1,3,13,0,16,13,-1,-3,5,-15,-7,-9,-2,hello
5.124181985855103,-8,-11,-5,0,-5,21,20,3,12,10,-23,-21,-8,6,hello
5.124181985855103,0,-14,-1,-4,-1,12,17,11,22,14,-11,-22,-8,10,hello
5.13982629776001,0,-19,-2,-11,-5,-7,0,12,13,6,-11,-26,-11,5,hello
5.13982629776001,6,-14,-9,-14,-11,-25,-18,5,11,4,0,-17,5,5,hello
5.155349254608154,20,4,4,-7,-10,-22,-27,-3,0,-11,17,-3,12,1,hello
5.155349254608154,11,14,22,10,1,5,-10,-12,-14,-24,14,-9,-8,-5,hello
5.170980930328369,-4,-2,15,16,10,20,14,-8,-5,0,-4,-23,-20,0,hello
5.170980930328369,3,-10,0,0,3,3,10,4,4,15,-8,-15,-1,6,hello
5.186142444610596,16,4,0,-4,-4,-10,-10,-1,-7,-4,12,4,16,2,sil
5.186142444610596,8,18,17,13,3,3,-5,-11,-20,-13,15,2,4,-2,sil
5.2018890380859375,-6,9,14,18,11,24,26,5,-1,10,-4,-12,-6,1,sil
5.2018890380859375,-5,-9,-12,-11,3,13,32,22,22,19,-1,-4,9,13,sil
5.217562437057495,5,-6,-15,-23,0,-7,8,9,15,0,20,19,27,8,sil
5.217562437057495,-7,9,1,6,2,-1,-2,-16,-19,-23,10,6,4,-23,sil
5.232710599899292,-32,0,0,9,-5,7,0,-23,-40,-28,-28,-34,-41,-38,sil
5.232710599899292,-17,-9,-16,-13,-12,-2,3,-1,-11,-3,-26,-22,-26,-7,sil
5.247918367385864,16,6,-9,-9,0,-17,-11,9,11,12,15,25,25,16,sil
5.247918367385864,11,16,13,9,7,-17,-29,-6,-9,-3,22,26,16,2,sil
5.263593435287476,-2,9,16,23,4,6,-10,-13,-16,-2,-4,-1,-19,-5,sil
5.263593435287476,2,0,2,16,2,23,16,5,16,23,-16,-2,-10,12,sil
5.278725624084473,2,-10,-11,-10,-5,7,11,19,40,26,-6,7,14,21,sil
5.293977737426758,-4,-18,-22,-25,-14,-16,-7,13,27,0,-2,4,12,6,sil
5.293977737426758,9,-7,-9,-11,-3,-21,-15,4,5,-13,1,8,9,4,sil
5.293977737426758,26,12,8,5,9,-15,-10,-1,1,0,19,25,22,11,sil
5.309923410415649,12,10,12,3,0,-15,-11,-8,-12,0,20,19,10,-4,sil
5.309923410415649,-13,0,8,0,-6,-8,-9,-13,-32,-18,1,-2,-20,-25,sil
5.325658559799194,-18,-1,4,12,2,12,8,-12,-19,-4,-7,-12,-22,-14,sil
5.341012239456177,-9,0,4,14,15,31,26,1,1,27,-2,-8,-7,8,sil
5.341012239456177,-5,0,2,5,10,29,30,11,12,32,-1,-6,0,14,sil
5.356586933135986,-12,-16,-10,-14,-10,7,13,6,21,2,-16,-13,0,1,sil
5.356586933135986,-14,-28,-25,-34,-20,-11,-5,2,14,-15,-18,-10,0,-12,sil
5.371727705001831,0,-8,-15,-28,-7,-14,-15,0,-6,-16,4,9,6,-12,sil
5.371727705001831,13,16,7,-2,2,-11,-23,-3,-11,-24,12,16,5,-3,sil
5.386893033981323,8,19,6,13,9,-7,-17,-6,0,-19,4,1,-1,-8,sil
5.386893033981323,4,14,10,14,13,3,0,-4,-1,-3,3,-8,-5,-10,sil
5.402944326400757,1,14,23,22,7,17,14,0,-5,-2,-2,-9,-4,1,sil
5.402944326400757,-14,1,3,25,1,20,20,1,0,0,-18,-19,-10,6,sil
5.419132947921753,-20,-14,-22,3,0,7,12,5,3,12,-23,-24,-20,0,sil
5.419132947921753,1,-12,-15,-8,-6,-8,0,8,7,22,-10,-11,-10,4,sil
5.434513330459595,18,-9,-5,-9,-13,-19,-11,4,8,12,-1,4,13,16,sil
5.434513330459595,11,-5,-3,-14,-10,-17,-15,4,1,-3,4,16,23,16,sil
5.450577259063721,9,3,0,-7,-2,-11,-17,-1,-6,-8,26,28,18,4,sil
5.450577259063721,13,12,11,6,7,-4,-17,-12,-20,-10,32,23,3,-5,sil
5.466126203536987,0,13,12,12,9,5,-3,-18,-25,-13,8,-2,-13,-6,sil
5.466126203536987,-16,6,5,10,1,12,14,-8,-9,-2,-11,-21,-22,-1,sil
5.482133150100708,-12,2,1,8,0,14,18,8,12,19,1,-12,-6,2,sil
5.482133150100708,0,0,-1,4,3,13,16,15,26,37,17,3,11,5,sil
5.497748613357544,0,-14,-7,-14,-3,3,11,11,18,24,-9,1,1,7,sil
5.497748613357544,-6,-20,-14,-26,-13,-2,4,11,11,7,-37,-3,-3,0,sil
5.512943744659424,1,-15,-8,-16,-5,-2,0,17,18,7,-8,12,17,0,sil
5.512943744659424,25,-4,11,-11,8,0,8,18,23,5,33,31,34,13,sil
5.528952121734619,28,7,13,-17,12,0,12,0,6,-15,31,25,29,13,sil
5.528952121734619,0,8,0,-10,2,-10,-12,-20,-24,-40,-1,0,0,-12,sil
5.544718980789185,-11,7,1,11,-5,-18,-26,-21,-33,-39,-8,-11,-17,-30,sil
5.544718980789185,0,16,12,18,0,-13,-19,-10,-20,-23,8,0,-5,-21,sil
5.56070613861084,2,21,16,15,9,-8,-15,-15,-21,-18,9,6,2,-6,sil
5.56070613861084,-1,18,15,24,3,-2,-3,-23,-30,-14,-9,-5,-13,-2,sil
5.576232194900513,-8,4,4,17,-5,5,6,-16,-23,-5,-24,-23,-29,-7,sil
5.576232194900513,-21,-14,-15,-3,-10,7,0,-5,2,7,-17,-31,-20,-8,sil
5.591522693634033,-20,-18,-19,-5,-9,0,-2,2,18,18,-4,-18,-2,0,sil
5.591522693634033,-4,1,-1,12,0,5,9,11,13,23,0,0,2,14,sil
5.607604503631592,3,9,2,24,6,22,18,6,14,28,0,-1,0,13,sil
5.607604503631592,3,-2,-3,8,2,18,11,4,14,21,-4,-4,-1,10,sil
5.6237194538116455,8,0,0,-5,3,1,3,16,12,12,-2,7,6,13,sil
5.6237194538116455,11,2,-5,-1,8,1,4,13,17,10,5,11,11,12,sil
5.639907598495483,-2,-15,-17,-6,-2,7,8,5,6,-2,-9,-8,-8,0,sil
5.639907598495483,-26,-28,-26,-20,-14,3,14,12,0,-5,-27,-24,-27,-10,sil
5.655611276626587,-23,-26,-19,-20,-6,0,16,21,15,9,-16,-10,-13,-4,sil
5.655611276626587,5,-14,-5,-11,4,2,12,19,26,18,9,14,11,9,sil
5.670799255371094,14,0,1,-8,3,-5,-6,6,9,2,20,19,14,6,sil
5.670799255371094,1,3,7,-11,0,-16,-23,-4,-8,-14,17,14,3,-6,sil
5.68649697303772,8,2,9,-4,1,-3,-10,-5,-5,-7,25,19,21,0,sil
5.68649697303772,19,2,3,-6,3,3,-6,-4,-4,-3,21,23,34,8,sil
5.702601671218872,7,2,0,-15,0,-16,-26,-15,-18,-16,4,9,14,-5,sil
5.702601671218872,-1,5,3,-5,-3,-29,-29,-26,-24,-21,-1,-10,-4,-21,sil
5.7177510261535645,4,9,9,8,-4,-12,-19,-21,-22,-19,-6,-12,-10,-15,sil
5.7177510261535645,5,17,12,15,-1,-1,-19,-14,-20,-12,-7,-1,-6,-5,sil
5.732959032058716,2,18,13,11,2,-9,-16,-12,-13,-6,3,6,2,-3,sil
5.732959032058716,10,18,12,4,0,-12,-2,-3,-4,-9,13,11,12,0,sil
5.748939514160156,14,19,10,4,0,0,10,3,-1,-8,16,13,19,5,sil
5.748939514160156,5,9,12,2,0,11,16,4,0,-1,7,11,9,13,sil
5.764251708984375,-3,0,8,3,0,16,21,3,5,4,-8,-1,-12,8,sil
5.764251708984375,-6,-6,1,6,5,19,23,1,9,8,-16,-15,-23,-2,sil
5.779604911804199,-13,-11,-6,1,5,19,19,0,8,7,-14,-15,-19,-5,sil
5.779604911804199,-15,-9,-7,4,4,12,14,2,8,6,-8,-15,-15,1,sil
5.795615911483765,-6,0,5,19,7,5,9,4,2,5,-5,-14,-18,5,sil
5.795615911483765,-1,7,7,22,7,7,16,7,0,16,-5,-14,-15,0,sil
5.810793399810791,-8,-3,-11,4,-2,7,18,6,0,23,-12,-18,-15,-2,sil
5.810793399810791,-10,-14,-17,-8,-9,6,11,3,-2,9,-17,-10,-16,0,sil
5.8260791301727295,-5,-10,-8,2,0,12,7,7,7,3,-6,4,0,8,sil
5.8260791301727295,-1,-7,-10,5,3,7,3,14,16,15,1,6,11,15,sil
5.841821670532227,0,-12,-21,-8,-4,-1,0,12,19,19,3,0,11,8,sil
5.841821670532227,1,-16,-17,-17,-7,-9,-8,7,16,1,2,2,14,1,sil
5.856956481933594,5,-11,-1,-8,-6,-22,-27,7,4,-11,1,8,16,1,sil
5.856956481933594,7,0,2,-2,-5,-24,-29,0,0,-4,11,11,15,-6,sil
5.87261962890625,4,3,3,-8,-1,-10,-13,-6,1,3,16,13,16,-9,sil
5.87261962890625,-3,-2,-1,-12,-4,-9,-12,-7,-5,-8,0,6,8,-1,sil
5.887665271759033,-9,-4,-6,-9,-10,-17,-23,-14,-18,-30,-10,0,-5,-4,sil
5.887665271759033,2,6,6,-2,0,-2,-13,-9,-13,-29,1,6,-1,-9,sil
5.903691530227661,14,18,17,5,9,14,3,2,4,-4,13,7,9,-2,sil
5.903691530227661,6,17,5,7,8,2,-3,0,4,0,3,2,1,0,sil
5.919882774353027,0,16,4,9,6,-9,-7,-6,-6,-6,3,4,2,-3,sil
5.919882774353027,1,6,7,-8,2,0,8,-6,-4,1,7,-1,11,-3,sil
5.935465335845947,-1,-11,-4,-46,-5,7,11,-10,-7,1,-5,-15,-2,-10,sil
5.935465335845947,-7,-6,-4,-23,0,0,0,-17,-18,-6,-1,-9,-5,-13,sil
5.95061469078064,0,10,14,23,1,-5,-1,-14,-24,-15,14,1,0,0,sil
5.95061469078064,9,10,18,19,-3,4,10,-2,-15,-7,7,0,-8,10,sil
5.965805768966675,4,-2,10,9,1,14,23,9,0,16,-7,1,-13,10,sil
5.965805768966675,-4,-8,0,14,6,8,16,11,1,17,-17,1,-12,5,sil
5.980947732925415,-9,-6,-17,11,1,5,5,3,4,4,-23,-16,-15,0,sil
5.980947732925415,-9,-6,-25,2,0,7,2,10,20,13,-27,-23,-12,6,sil
5.997035026550293,2,-8,-16,-3,3,-2,-3,24,31,15,-10,1,2,20,sil
5.997035026550293,18,-1,-1,-4,2,-14,-14,9,21,-3,21,26,20,15,sil
6.012612342834473,19,12,13,7,2,-8,-15,-12,-4,-9,24,25,17,4,sil
6.012612342834473,11,18,16,21,6,4,-3,-8,-14,2,7,12,-2,0,sil
6.032702207565308,8,9,17,18,2,2,2,3,-1,0,9,3,-8,0,sil
6.032702207565308,-2,0,12,4,-3,-1,2,-1,2,-2,12,0,-4,-8,sil
6.043804168701172,-17,1,1,0,-2,5,10,-11,-12,1,-2,-7,-11,-16,sil
6.043804168701172,-6,7,8,6,1,18,20,-5,-15,3,-10,-5,-16,-8,sil
6.059934139251709,5,4,10,8,0,17,22,6,7,9,2,0,2,5,sil
6.060479164123535,-9,-16,-14,-13,-6,5,9,7,18,15,3,-3,13,3,sil
6.075181245803833,-22,-26,-20,-26,-9,2,0,5,8,10,-4,-7,3,0,sil
6.075181245803833,-9,-11,0,-13,-7,2,0,10,13,15,0,-1,8,5,sil
6.090823173522949,0,-3,-4,-13,-1,-11,-8,13,18,8,0,2,15,7,sil
6.090823173522949,-6,-13,-29,-22,-4,-20,-10,3,10,-11,-10,-6,5,-2,sil
6.1064369678497314,-12,-23,-34,-28,-13,-14,-6,-6,2,-13,-8,-13,-1,-10,sil
6.1064369678497314,-4,-10,-20,-25,-6,-9,-15,0,-2,-6,8,0,5,-8,sil
6.122050046920776,12,14,-2,-3,7,-9,-30,0,-8,-20,24,14,20,-4,sil
6.122050046920776,21,23,13,12,0,-22,-39,-10,-20,-42,20,16,16,-2,sil
6.137685060501099,11,18,16,12,0,-30,-27,-16,-31,-40,0,3,0,-12,sil
6.137685060501099,-1,15,12,14,16,-6,-1,-21,-27,-15,-11,-4,-9,-24,sil
6.153362274169922,-9,10,17,22,13,22,16,-19,-15,4,-14,-7,-14,-18,sil
6.153362274169922,-17,-3,9,22,-1,30,28,-8,-11,4,-43,-33,-37,-7,sil
6.168726205825806,-18,-14,-4,12,4,28,36,5,-9,-3,-73,-49,-53,-3,sil
6.168726205825806,-4,-1,3,12,11,24,27,17,10,11,-37,-18,-23,10,sil
6.184253931045532,7,3,6,15,1,6,8,19,25,29,9,11,9,26,sil
6.199639320373535,11,-3,0,2,-6,-6,1,13,14,23,8,6,9,23,sil
6.199639320373535,13,-2,2,-7,-5,-2,2,5,9,24,11,8,8,23,sil
6.215311765670776,12,0,3,-9,-8,-2,-5,0,4,16,28,21,14,22,sil
6.215311765670776,10,1,0,-10,-9,-8,-11,-4,-2,-8,31,22,18,9,sil
6.231198072433472,16,9,8,-2,4,-10,-7,-4,0,-2,37,30,27,8,sil
6.231198072433472,13,7,12,2,13,-8,-8,-1,4,12,35,36,21,12,sil
6.246731758117676,0,0,0,-5,0,-5,-7,-6,2,0,14,14,6,-2,sil
6.246731758117676,3,0,0,-11,-12,-3,-7,-6,0,-12,1,3,1,-12,sil
6.262669801712036,15,2,6,-4,-2,-1,-12,6,5,6,12,20,12,-2,sil
6.262669801712036,8,2,-5,0,5,-1,-14,8,14,18,24,15,17,0,sil
6.278761625289917,-5,2,-6,0,1,0,-6,-2,9,1,12,-2,1,-7,sil
6.278761625289917,-5,10,10,14,6,10,9,-6,2,0,1,-7,-10,-9,sil
6.278761625289917,-7,7,11,22,9,15,23,-4,-1,3,-12,-18,-20,-10,sil
6.294829368591309,-16,-5,-10,8,0,11,33,3,2,2,-32,-33,-24,-8,sil
6.294829368591309,-18,-19,-29,-11,-3,7,31,23,18,8,-29,-24,-8,1,sil
6.310542345046997,-15,-28,-30,-33,-10,-8,4,24,6,-9,-14,-12,0,-1,sil
6.310542345046997,-12,-14,-17,-29,-14,-23,-14,-5,-28,-52,-16,-15,-15,-20,sil
6.326575756072998,-11,2,-1,-1,-3,-10,-8,-25,-43,-53,-21,-19,-29,-22,sil
6.326575756072998,-18,-1,0,10,4,14,1,-10,-31,-10,-20,-20,-21,-7,sil
6.341724634170532,-19,-14,-9,3,1,22,11,7,3,22,-12,-15,-1,8,sil
6.341724634170532,-3,-11,-7,-7,0,11,13,17,34,32,3,5,21,22,sil
6.357272148132324,11,1,-3,-10,1,-5,-9,6,25,19,18,18,31,17,sil
6.372588396072388,15,9,4,-1,0,-17,-32,-14,-5,-10,14,11,15,-2,sil
6.372588396072388,17,18,26,9,0,-9,-23,-14,-12,-18,11,12,1,-7,sil
6.388853073120117,19,22,24,12,4,0,-8,-3,-4,-4,16,16,8,0,sil
6.388853073120117,16,14,6,1,0,-9,-20,-6,-15,-15,2,9,0,-6,sil
6.404551267623901,11,14,7,4,-4,-18,-25,-12,-21,-21,-7,2,-13,-13,sil
6.404551267623901,7,10,16,19,0,-6,-13,-4,-11,-1,-3,0,-5,0,sil
6.41981840133667,1,0,15,16,6,9,2,6,3,18,0,2,1,11,sil
6.41981840133667,-9,-3,4,9,3,18,17,4,16,24,-1,-3,-3,2,sil
6.434904336929321,-26,-12,-10,1,-1,8,12,-9,4,4,-23,-16,-20,-15,sil
6.434904336929321,-29,-24,-19,-8,-1,0,9,-18,-15,-17,-37,-21,-29,-20,sil
6.450552463531494,-10,-10,-7,-2,0,12,24,-5,-9,0,-7,-12,-12,-2,sil
6.450552463531494,4,0,6,2,0,15,26,16,14,33,20,1,8,20,sil
6.46610689163208,6,-9,0,-9,-6,-4,10,25,27,34,20,13,19,28,sil
6.46610689163208,14,-3,0,-10,-10,-11,5,24,19,15,21,19,30,28,sil
6.482163190841675,20,15,8,8,-2,0,11,16,16,13,28,21,35,26,sil
6.482163190841675,9,5,-2,6,1,-9,0,2,19,16,15,16,23,15,sil
6.498691320419312,4,-8,-15,-12,-3,-23,-17,-4,7,2,0,5,10,2,sil
6.498691320419312,10,2,-15,-10,-4,-14,-13,-9,-3,-13,1,4,7,-6,sil
6.514386415481567,12,11,-9,2,2,-3,-1,-7,-3,-17,7,13,2,-7,sil
6.514386415481567,9,8,-2,3,6,-4,-2,0,0,-10,9,8,-3,-10,sil
6.529718399047852,4,1,-2,-5,0,-4,-13,0,-5,-9,4,-7,-4,-13,sil
6.529718399047852,5,4,2,-3,1,2,-16,0,-13,-19,1,-1,-5,-6,sil
6.545176982879639,10,20,18,15,20,13,1,0,0,-13,13,7,0,0,sil
6.545176982879639,3,16,22,14,25,22,14,-3,1,-5,10,-1,0,-6,sil
6.560796022415161,-21,-7,7,2,4,27,18,-2,-17,-11,-17,-18,-23,-15,sil
6.560796022415161,-37,-21,-8,-4,-9,22,16,-4,-29,-17,-40,-41,-50,-25,sil
6.575992822647095,-37,-15,-10,-24,-6,13,-1,-17,-28,-27,-46,-44,-56,-29,sil
6.575992822647095,-33,-7,-2,-17,2,13,-12,-20,-18,-17,-31,-23,-31,-15,sil
6.591980457305908,-25,-15,0,8,0,4,0,-8,-1,10,-12,-11,-12,0,sil
6.591980457305908,-12,-23,-8,0,-19,-15,5,6,18,23,-6,-1,0,8,sil
6.607515335083008,-2,-17,-13,-23,-25,-25,-6,12,26,22,-2,13,19,14,sil
6.607515335083008,6,-10,-1,-14,-7,-13,-16,13,18,23,6,16,30,18,sil
6.622979640960693,21,-1,2,5,0,1,-4,11,19,21,12,15,33,22,sil
6.622979640960693,24,9,-4,8,-7,-6,2,6,18,4,5,18,24,13,sil
6.638963222503662,13,14,-5,1,-4,-19,-7,0,-2,-11,-3,10,7,-5,sil
6.638963222503662,13,10,0,-3,10,-14,-10,0,-11,-13,11,11,17,-4,sil
6.653692245483398,24,10,4,0,9,-17,-7,1,0,0,28,21,33,9,sil
6.653692245483398,14,15,6,9,0,-23,-6,2,3,10,20,13,21,6,sil
7.165541648864746,-16,9,7,18,2,15,3,-9,-7,-2,-13,-16,-9,-14,sil
7.165541648864746,-20,-15,-2,8,-4,13,12,10,13,4,-37,-19,-12,0,sil
7.18164849281311,0,-13,-8,-3,-9,0,7,21,26,16,-3,14,23,18,sil
7.18164849281311,18,9,-2,0,-5,-12,-3,10,11,8,37,37,44,15,sil
7.197269916534424,14,19,4,11,0,-15,-4,-1,-7,-5,27,22,20,-2,sil
7.197269916534424,-3,14,1,8,1,-7,-2,-10,-24,-17,-2,-4,-10,-15,sil
7.2130022048950195,-13,4,-1,5,-3,11,1,-12,-22,-19,-9,-11,-19,-10,sil
7.2130022048950195,-9,-3,-6,8,-6,22,16,0,5,1,-2,-3,-14,0,sil
7.229084014892578,5,-5,-9,3,-1,9,20,9,17,8,-9,-2,-9,6,sil
7.229084014892578,23,6,0,5,0,-6,1,5,4,-5,0,12,9,17,sil
7.244591236114502,28,10,12,1,-6,-17,-12,2,0,-1,29,28,30,24,sil
7.244591236114502,15,0,15,-21,0,-13,-8,3,-1,5,25,9,9,7,sil
7.2598981857299805,3,8,18,-1,16,6,0,-6,-7,0,-2,-12,-19,-7,sil
7.2598981857299805,0,17,22,44,15,12,10,-11,-7,2,-9,-10,-17,0,sil
7.275152206420898,-3,-1,7,32,3,1,12,6,0,10,-5,-10,-8,7,sil
7.275152206420898,-10,-28,-23,-13,0,-8,0,13,11,11,-8,-15,-3,2,sil
7.290789365768433,-11,-30,-29,-36,-8,-16,-17,2,7,0,-10,-6,0,-1,sil
7.290789365768433,-9,-12,-18,-33,-16,-21,-20,-2,-3,-14,-3,3,4,-9,sil
7.306173324584961,-5,-1,-9,-23,-3,-14,-17,-7,-1,-7,0,0,4,-16,sil
7.306173324584961,0,6,3,-6,13,1,-5,-8,1,4,0,-1,0,-11,sil
7.321985006332397,-8,11,8,9,15,21,14,-6,-4,0,-9,-12,-10,-9,sil
7.321985006332397,-27,-7,-10,-1,2,24,14,-5,-14,-6,-34,-38,-28,-15,sil
7.337491512298584,-33,-31,-31,-28,-4,13,5,-2,-6,8,-42,-45,-31,-15,sil
7.337491512298584,-22,-29,-33,-39,-2,0,3,1,2,11,-30,-27,-11,-6,sil
7.352903366088867,-7,-11,-21,-32,-2,-11,-3,0,-4,-7,-19,-9,2,-1,sil
7.352903366088867,8,5,-7,-16,-1,-12,-10,-7,-10,-12,0,2,7,-4,sil
7.368041038513184,15,14,8,-5,1,-7,-6,-10,-13,-13,20,12,6,-9,sil
7.368041038513184,7,18,27,10,5,3,5,-1,-10,-5,24,17,1,0,sil
7.3841493129730225,2,12,28,28,0,12,10,14,11,18,14,16,4,25,sil
7.3841493129730225,12,0,17,24,-15,-1,-5,22,27,10,14,22,19,28,sil
7.399319410324097,24,8,15,25,-9,-16,-19,4,2,-24,33,36,24,5,sil
7.399319410324097,19,26,30,50,7,-2,-15,-9,-18,-24,42,35,10,-2,sil
7.415076494216919,-1,16,19,48,1,22,3,-1,6,7,13,12,-3,2,sil
7.415076494216919,-8,-11,-9,11,-7,22,24,15,43,25,-6,2,4,9,sil
7.430836200714111,17,-1,0,0,0,4,16,19,31,12,12,22,24,18,sil
7.430836200714111,31,29,26,21,7,0,0,-1,0,-3,29,27,20,10,sil
7.446408987045288,6,14,13,22,1,5,5,-16,-10,-1,2,-4,-9,-6,sil
7.446408987045288,-5,-9,-9,0,-5,1,16,3,7,16,-15,-15,-6,1,sil
7.461611032485962,11,2,-6,-12,0,-9,4,18,18,20,4,10,22,16,sil
7.461611032485962,14,12,5,-10,6,-9,-6,0,-4,5,13,12,14,3,sil
7.4767866134643555,1,4,2,-3,5,-1,-4,-21,-25,-3,-3,-15,-9,-15,sil
7.4767866134643555,-1,4,0,-2,2,1,-3,-16,-24,-14,-20,-23,-18,-13,sil
7.492390871047974,-7,0,0,-4,8,4,4,-1,-3,2,-17,-12,-13,1,sil
7.507934093475342,-21,-25,-20,-18,4,-3,8,4,16,36,-16,-19,-4,10,sil
7.507934093475342,-23,-46,-36,-41,-9,-20,-10,3,7,22,-27,-27,-3,7,sil
7.523151636123657,-12,-36,-30,-44,-13,-22,-19,-1,-12,-14,-21,-11,-6,-1,sil
7.523151636123657,-8,-17,-23,-32,-5,-9,-14,-6,-24,-31,-8,2,-11,-12,sil
7.538734436035156,-9,0,-10,-16,2,6,-8,-2,-24,-33,-9,-2,-12,-21,sil
7.538734436035156,-4,16,6,1,6,12,3,0,-16,-26,-5,-7,-6,-24,sil
7.554015398025513,-9,15,6,5,1,3,7,-3,-8,-23,3,-13,-8,-23,sil
7.554015398025513,-24,4,-6,3,0,1,3,-5,-2,-15,0,-19,-13,-19,sil
7.56946873664856,-25,-4,-9,5,-1,6,4,0,4,1,-12,-16,-18,-9,sil
7.56946873664856,-19,-8,-7,2,-6,7,1,4,14,1,-19,-16,-18,-2,sil
7.584894895553589,-14,-8,-6,5,-4,6,0,6,23,-1,-8,-14,-4,0,sil
7.584894895553589,3,-6,3,9,0,1,0,8,10,8,-3,1,-1,3,sil
7.600939512252808,21,-2,8,7,-3,1,0,3,-3,16,-1,17,-2,12,sil
7.600939512252808,23,0,5,3,-4,0,-1,0,3,15,14,24,16,21,sil
7.616509914398193,27,6,7,2,-8,-24,-15,4,7,10,32,36,37,23,sil
7.616509914398193,33,13,10,0,-5,-36,-29,2,-3,-1,25,38,36,13,sil
7.63253378868103,25,14,19,-2,5,-8,-18,-3,-13,-10,4,22,19,6,sil
7.63253378868103,17,24,32,16,16,14,9,-1,-2,4,18,18,17,12,sil
7.648065567016602,13,30,33,39,17,12,18,0,3,16,40,18,19,13,sil
7.648065567016602,1,15,19,30,11,17,15,-5,-3,11,21,-2,0,2,sil
7.664077043533325,-4,6,6,16,10,28,27,0,6,21,0,-14,-11,2,sil
7.664077043533325,8,5,6,12,10,25,31,14,28,34,8,4,1,19,sil
7.679871320724487,9,-4,1,3,0,17,20,12,20,21,2,7,-6,15,sil
7.679871320724487,-18,-18,-17,-15,-8,1,8,-1,-1,-2,-28,-19,-33,-11,sil
7.694924354553223,-30,-21,-25,-27,-5,-11,-1,0,0,-15,-33,-23,-21,-23,sil
7.694924354553223,-10,-13,-20,-21,-1,-15,-12,8,6,-15,-6,-6,10,-13,sil
7.710927486419678,1,-4,-13,-16,-8,-24,-25,1,1,-21,6,1,13,-4,sil
7.710927486419678,1,1,-3,-15,-12,-29,-31,-10,-5,-27,7,3,2,-8,sil
7.726447105407715,3,-2,0,-9,-8,-13,-24,-14,-13,-23,5,1,-1,-17,sil
7.726447105407715,-2,-1,0,-2,-1,4,-10,-5,-15,-10,0,-5,-7,-13,sil
7.742006540298462,-14,12,0,10,7,15,9,-4,0,2,-4,-15,-11,-7,sil
7.742006540298462,-14,5,1,18,6,22,16,-16,-3,-3,-20,-20,-22,-7,sil
7.758062601089477,-9,-12,1,13,-1,27,20,-9,-8,-6,-29,-13,-22,1,sil
7.758062601089477,-8,-14,-7,3,0,16,23,11,9,17,-12,-3,-3,12,sil
7.773565292358398,-6,-10,-18,-13,-1,-5,12,13,11,26,-8,-4,5,6,sil
7.773565292358398,-6,-14,-24,-26,-9,-15,-2,4,1,13,-13,-10,12,0,sil
7.788644313812256,-10,-22,-23,-31,-13,-21,-13,3,-1,0,-3,-5,16,3,sil
7.788644313812256,-4,-14,-9,-26,-8,-29,-20,-1,-14,-10,6,9,13,0,sil
7.803837537765503,16,7,5,-11,0,-28,-21,-1,-22,-17,14,25,19,0,sil
7.803837537765503,24,18,13,0,4,-15,-22,7,-12,-13,17,25,20,4,sil
7.8190107345581055,5,15,10,5,4,0,-18,1,-8,-5,10,0,1,-4,sil
7.8190107345581055,0,16,15,14,3,6,-4,-12,-13,-9,0,-9,-11,-11,sil
7.834644317626953,15,23,27,29,3,9,4,-11,-8,-13,2,7,-13,0,sil
7.834644317626953,8,14,18,29,0,8,2,-10,-5,-6,1,6,-23,0,sil
7.850090742111206,-17,-3,2,18,-4,5,2,-12,-10,3,-6,-15,-32,-11,sil
7.850090742111206,-16,-2,-1,19,9,17,24,0,8,20,-4,-17,-16,-9,sil
7.865904808044434,3,-3,-3,7,23,33,39,13,31,28,-2,-5,-3,9,sil
7.865904808044434,7,-9,-1,-8,10,28,28,18,27,24,0,0,-2,21,sil
7.8815178871154785,0,-2,0,3,2,7,14,16,23,22,16,2,13,15,sil
7.8815178871154785,2,0,-4,3,5,-10,1,10,21,10,17,8,22,5,sil
7.896534204483032,12,-3,-1,-12,-1,-11,-4,8,23,6,5,16,21,10,sil
7.896534204483032,19,0,11,-7,-9,-7,-4,15,29,15,8,26,30,23,sil
7.912638187408447,16,4,11,-1,-4,-14,-12,11,10,1,15,25,31,17,sil
7.912638187408447,11,11,5,0,0,-15,-22,-8,-18,-28,11,7,9,-7,sil
7.92781138420105,7,17,11,4,0,-2,-21,-20,-28,-33,0,-1,-10,-20,sil
7.92781138420105,-6,8,3,-1,-3,0,-12,-18,-23,-17,-3,-1,-11,-19,sil
7.942973613739014,-11,-1,-6,-6,1,0,-3,-15,-16,-11,1,-5,-3,-11,sil
7.942973613739014,0,5,4,13,7,9,4,-9,-9,-9,-4,-6,0,1,sil
7.959095001220703,-8,1,2,15,-1,11,6,-8,-7,1,-15,-6,-9,3,sil
7.959095001220703,-25,-24,-22,-15,-18,2,1,-4,-8,4,-27,-22,-23,-8,sil
7.974563837051392,-20,-32,-31,-28,-18,-2,9,7,0,1,-28,-32,-17,-9,sil
7.974563837051392,-3,-20,-21,-21,-5,-6,13,16,10,12,-15,-19,-3,8,sil
7.990576505661011,4,-14,-12,-28,0,-10,-3,16,11,14,0,-1,4,12,sil
7.990576505661011,3,-2,-8,-29,-2,-13,-18,3,1,-4,12,0,4,-11,sil
8.006582736968994,-1,9,3,-6,0,-9,-10,-16,-18,-21,11,-3,-9,-25,sil
8.006582736968994,-3,13,19,19,10,4,6,-22,-25,-10,1,-2,-22,-11,sil
8.02178430557251,-14,8,12,24,7,16,15,-10,-8,6,-8,-5,-19,-5,sil
8.02178430557251,-28,2,-3,9,-2,15,14,8,6,4,-9,-13,-13,-7,sil
8.046638011932373,-18,0,-5,9,0,10,14,18,23,9,0,-3,1,7,sil
8.046638011932373,2,-1,0,8,0,-5,1,13,22,15,3,22,20,22,sil
8.046638011932373,18,-2,4,-1,-1,-18,-11,7,2,4,6,37,29,20,sil
8.05265474319458,33,0,14,-1,3,-10,-18,4,-1,-4,20,29,32,9,sil
8.068665266036987,21,5,10,3,-1,-8,-26,0,-1,-7,19,17,16,-5,sil
8.068665266036987,-8,8,-6,6,-3,-7,-20,-10,-12,-8,6,5,-1,-16,sil
8.084696769714355,-5,11,-1,6,7,3,-4,-11,-20,-15,-6,-11,-10,-18,sil
8.084696769714355,7,10,13,6,5,9,5,-6,-14,-16,-11,-19,-14,-16,sil
8.100806713104248,-1,-1,9,14,0,12,21,-4,0,0,-2,-15,-17,-3,sil
8.100806713104248,-3,-4,3,18,8,20,31,4,18,24,0,-7,-7,14,sil
8.115884065628052,11,4,3,5,10,11,15,15,26,36,0,5,15,26,sil
8.115884065628052,16,0,3,-3,3,-2,0,11,14,24,7,16,21,33,sil
8.131511211395264,11,-6,-2,-6,0,0,1,3,1,-4,9,12,7,25,sil
8.131511211395264,8,-2,-10,-16,-7,-10,-15,-5,-5,-21,3,8,7,3,sil
8.146533727645874,11,7,2,-13,-3,-22,-30,-10,-9,-16,12,15,14,-2,sil
8.161746978759766,13,15,21,13,10,0,0,-4,0,1,23,7,3,0,sil
8.161746978759766,0,4,4,16,4,17,29,2,8,14,0,-15,-18,0,sil
8.177830457687378,-17,-8,-19,-4,-11,4,17,3,5,9,-29,-26,-24,-4,sil
8.177830457687378,-18,-12,-19,-7,-11,-1,9,4,10,6,-29,-21,-17,-5,sil
8.177830457687378,-14,-22,-16,-16,-6,0,9,8,14,12,-18,-14,-7,-2,sil
8.193694591522217,-10,-23,-22,-30,-5,-6,-6,3,4,2,-9,-2,8,-5,sil
8.193694591522217,-4,-6,-16,-26,-4,-12,-27,-10,-19,-30,-1,4,5,-21,sil
8.208843231201172,-4,3,-3,-17,-7,-13,-28,-17,-32,-43,2,0,-11,-29,sil
8.224555015563965,-8,5,0,-7,-5,-13,-18,-17,-23,-24,1,-5,-4,-26,sil
8.224555015563965,-11,8,6,0,0,-8,-19,-18,-27,-30,-2,-11,-4,-29,sil
8.240561723709106,-10,9,14,11,0,5,-8,-11,-30,-28,0,-9,-18,-23,sil
8.240561723709106,-3,9,19,28,3,19,14,9,-1,10,7,-1,-10,4,sil
8.255665302276611,0,4,23,23,9,27,26,20,29,43,5,0,4,28,sil
8.255665302276611,-2,-7,11,5,9,23,21,10,25,35,1,0,9,23,sil
8.270869255065918,2,-10,-2,4,0,2,8,6,11,15,3,11,15,14,sil
8.270869255065918,9,-5,-1,1,0,-11,3,17,23,18,11,26,26,20,sil
8.286404609680176,8,-9,0,-20,6,-12,2,15,31,23,9,26,28,22,sil
8.286404609680176,15,1,-2,-12,5,-13,-6,1,8,1,5,22,17,9,sil
8.3019437789917,23,29,7,30,6,-16,-15,-7,-11,-18,17,22,11,0,sil
8.3019437789917,15,25,11,27,4,-14,-15,-5,-14,-12,22,8,4,0,sil
8.317576885223389,2,10,2,2,-1,2,0,-1,-9,2,12,-3,1,0,sil
8.317576885223389,-4,5,0,12,3,24,16,-3,-2,7,1,-10,-7,-4,sil
8.332963943481445,-7,-1,2,13,7,25,9,-11,-10,-9,-20,-24,-30,-5,sil
8.332963943481445,-12,-12,-11,-4,-3,12,0,-15,-18,-15,-35,-37,-44,-13,sil
8.349067449569702,-16,-21,-20,-12,-10,9,3,-3,-5,0,-34,-29,-35,-15,sil
8.349067449569702,-7,-19,-11,-15,-11,9,13,12,19,13,-23,-9,-10,1,sil
8.367743253707886,8,-6,-4,-17,-9,-2,9,14,28,15,-2,-1,9,19,sil
8.367743253707886,14,-4,-1,-10,-3,-13,-5,7,13,9,12,8,14,18,sil
8.37975788116455,16,-3,0,-2,-2,-10,-7,0,5,3,17,25,21,8,sil
8.37975788116455,9,2,0,-8,-6,-14,-7,-5,-1,-8,19,26,28,0,sil
8.395772933959961,-7,5,-4,-9,0,-20,-17,-12,-15,-17,14,11,17,-12,sil
8.395772933959961,-6,10,-3,0,9,-16,-17,-14,-23,-19,10,1,1,-18,sil
8.41185736656189,1,15,5,4,3,-7,-7,-13,-25,-28,5,0,-4,-15,sil
8.41185736656189,-4,8,13,10,0,0,0,-11,-26,-25,-2,-5,-10,-12,sil
8.427865982055664,-13,0,7,12,0,10,10,-5,-16,-2,-14,-21,-23,-9,sil
8.427865982055664,-19,-4,-2,2,1,19,19,4,2,16,-21,-23,-20,-4,sil
8.443533420562744,-21,-9,-12,-5,0,11,15,8,14,19,-26,-16,-9,0,sil
8.443533420562744,-11,-16,-15,-12,0,-6,2,9,15,12,-33,-17,-13,-1,sil
8.459064960479736,-2,-12,-13,-11,-3,-7,-2,17,23,9,-23,-13,-5,4,sil
8.459064960479736,9,0,0,-1,-4,-3,-10,18,21,6,7,10,19,17,sil
8.474783658981323,28,18,17,9,7,-6,-16,7,1,-5,35,26,25,14,sil
8.474783658981323,28,23,20,22,20,9,-1,-4,-1,0,38,19,18,0,sil
8.490020990371704,10,5,16,18,16,31,15,0,14,24,20,13,14,7,sil
8.490020990371704,0,-12,4,0,1,17,13,9,21,23,9,8,14,19,sil
8.505969524383545,-1,-18,-12,-19,-12,-19,-16,-3,-3,-18,6,1,6,7,sil
8.505969524383545,5,1,-2,-14,-15,-29,-30,-18,-32,-41,6,14,-2,-8,sil
8.521629333496094,10,26,19,18,1,0,0,-10,-18,-11,8,16,-2,-7,sil
8.521629333496094,-2,11,10,25,3,20,26,7,10,17,-4,-8,-7,1,sil
8.536632061004639,-13,-15,-10,-5,-12,5,14,14,21,20,-10,-12,-5,8,sil
8.536632061004639,0,-9,-7,-26,-14,-16,-10,1,8,0,5,12,3,8,sil
8.552401065826416,6,10,4,-8,-5,-11,-18,-13,-18,-24,7,15,-5,-2,sil
8.552401065826416,-8,7,0,4,0,1,-7,-20,-30,-13,-12,-14,-24,-16,sil
8.56765604019165,-26,-14,-13,-10,-2,-2,1,-12,-17,7,-23,-28,-22,-13,sil
8.56765604019165,-19,-15,-9,-7,0,0,6,0,-4,6,-18,-13,-6,-2,sil
8.582826852798462,-2,0,4,19,14,21,18,7,0,4,-13,-4,-2,3,sil
8.582826852798462,-1,0,2,15,16,24,24,13,10,10,-8,-9,-2,7,sil
8.598949432373047,-5,-12,-12,-8,0,7,14,14,23,9,0,-10,8,0,sil
8.598949432373047,2,-9,-8,-15,2,-2,0,4,19,6,9,-5,21,-10,sil
8.61455750465393,12,8,6,-4,19,-7,-8,-3,5,5,21,5,27,-6,sil
8.61455750465393,12,18,6,7,9,-20,-14,-7,-5,-6,27,17,25,-4,sil
8.630540132522583,7,15,7,11,-7,-19,-19,-13,-18,-24,6,5,0,-17,sil
8.630540132522583,-4,7,5,11,-6,4,-4,-10,-11,-9,-16,-20,-29,-19,sil
8.645702123641968,-10,-5,-3,5,-3,14,11,3,9,9,-19,-16,-29,0,sil
8.645702123641968,-3,-13,-8,0,-10,7,14,9,15,7,-16,0,-12,9,sil
8.661312580108643,0,-14,-10,-4,-12,7,8,0,3,-1,-23,-3,-11,5,sil
8.661312580108643,4,-10,-11,-12,-10,1,0,0,-7,-10,-24,-6,-18,7,sil
8.676987648010254,16,0,-1,-5,-9,-15,-11,4,-1,-12,5,12,0,15,sil
8.676987648010254,20,5,2,-3,-7,-23,-20,8,1,-4,26,28,23,13,sil
8.69257378578186,13,10,-2,-7,0,-17,-14,9,0,-1,17,26,23,1,sil
8.69257378578186,6,21,9,3,9,-6,-8,1,0,-4,19,15,17,0,sil
8.70860743522644,4,23,29,21,16,11,-4,0,4,2,31,15,18,9,sil
8.70860743522644,3,18,22,27,22,27,12,0,6,22,28,11,17,15,sil
8.723939180374146,-9,6,1,13,18,18,20,-8,-3,28,5,-8,2,9,sil
8.723939180374146,-26,-14,-10,-7,0,0,9,-7,-10,12,-20,-20,-16,1,sil
8.739177465438843,-19,-23,-16,-9,-8,0,8,1,2,0,-29,-14,-15,0,sil
8.739177465438843,-2,-16,-12,-4,-2,1,8,1,11,4,-17,-5,-4,7,sil
8.754257678985596,0,-13,-10,-12,-5,-6,-3,-1,5,1,-6,-1,0,7,hello
8.754257678985596,-2,-18,-13,-25,-15,-24,-15,0,-2,-16,-4,0,-1,-8,hello
8.770030736923218,0,-5,-3,-26,-13,-30,-21,0,-9,-23,8,3,1,-20,hello
8.770030736923218,8,12,17,-11,-6,-11,-19,-1,-10,-11,31,10,12,-9,hello
8.785603284835815,15,15,30,6,0,9,-5,0,-11,-6,26,11,9,-2,hello
8.785603284835815,9,14,21,15,7,15,8,-2,-7,-4,0,0,0,-12,hello
8.800774335861206,-7,2,1,7,2,13,7,-5,-3,-3,-19,-21,-12,-18,hello
8.800774335861206,-23,-16,-11,-5,-7,18,11,-1,-3,0,-30,-27,-25,-11,hello
8.81684136390686,-26,-20,-20,-7,0,24,26,2,5,14,-28,-21,-24,-3,hello
8.81684136390686,-14,-16,-25,-12,6,15,15,3,11,6,-21,-10,-10,-2,hello
8.83208966255188,1,-9,-14,-13,0,-5,-8,-1,-3,-13,-5,3,2,-6,hello
8.848060369491577,4,1,0,-2,-4,-20,-22,-11,-25,-20,3,7,-2,-11,hello
8.848060369491577,-2,16,5,19,0,-12,-18,-14,-23,-22,3,-3,-12,-15,hello
8.848060369491577,-4,20,12,37,13,7,4,-6,-2,-4,2,-14,-1,-8,hello
8.863516807556152,0,5,12,21,13,11,18,8,12,26,0,-5,9,13,hello
8.879613161087036,5,-3,0,2,1,-4,6,18,25,33,2,11,13,26,hello
8.879613161087036,10,1,-7,5,0,-21,-6,16,33,19,17,16,16,20,hello
8.895514488220215,13,10,0,3,5,-24,-14,8,21,4,21,11,16,13,hello
8.895514488220215,16,18,7,0,4,-10,-13,0,0,-1,15,11,13,10,hello
8.91056203842163,17,12,13,8,0,8,7,-4,-6,5,8,11,6,13,hello
8.91056203842163,14,0,12,9,-2,19,32,3,7,22,-4,5,-2,22,hello
8.91056203842163,9,-3,3,-2,-2,12,17,14,20,22,-8,1,0,18,hello
8.925915241241455,7,-3,0,-12,-2,-6,-16,13,7,1,3,13,10,1,hello
8.941834926605225,12,0,4,-8,-5,-17,-17,3,0,-10,23,31,22,-4,hello
8.941834926605225,15,9,7,2,-6,-5,0,0,0,-17,24,32,16,-4,hello
8.957529306411743,2,20,10,21,7,23,24,-3,-9,-11,4,10,-3,-5,hello
8.957529306411743,-5,13,9,25,23,41,42,-1,-1,8,-7,-8,-7,7,hello
8.972695112228394,0,-7,-3,-4,10,22,25,8,20,3,-6,-11,1,15,hello
8.972695112228394,-5,-24,-21,-32,-11,-8,-6,0,9,-14,-5,-13,7,-3,hello
8.988909244537354,-19,-27,-26,-33,-16,-18,-22,-22,-21,-16,-8,-13,-1,-22,hello
8.988909244537354,-25,-16,-18,-17,-11,-6,-17,-24,-28,-13,-6,-13,-17,-24,hello
9.004635095596313,-34,-11,-13,-6,-7,0,-9,-22,-20,-15,-19,-30,-34,-28,hello
9.004635095596313,-45,-34,-29,-25,-20,-16,-20,-22,-28,-13,-49,-49,-46,-35,hello
9.019942045211792,-40,-47,-46,-43,-32,-34,-42,-14,-39,-17,-52,-45,-41,-31,hello
9.019942045211792,-13,-15,-15,-26,-20,-32,-47,-10,-42,-30,-14,-9,-15,-15,hello
9.03551721572876,15,23,25,5,0,-17,-32,-10,-33,-31,19,26,7,0,hello
9.03551721572876,17,27,25,17,13,-6,-16,-3,-16,-11,18,19,6,3,hello
9.05089020729065,6,18,23,24,19,6,0,2,0,12,9,-5,-2,2,hello
9.05089020729065,10,18,30,34,18,18,26,13,28,32,19,-1,10,14,hello
9.06601858139038,15,4,17,21,10,20,39,34,54,43,20,14,20,30,hello
9.06601858139038,11,0,0,2,7,19,31,42,60,47,7,8,15,30,hello
9.081592321395874,12,10,-3,1,12,12,20,23,48,43,10,2,19,19,hello
9.081592321395874,20,12,2,0,4,-5,7,0,13,12,10,16,19,5,hello
9.097200632095335,19,15,10,3,-2,0,3,-8,-13,-13,5,14,3,-7,hello
9.097200632095335,9,25,17,21,7,24,18,-4,-7,-7,1,-1,-11,-8,hello
9.111969709396362,0,14,10,22,16,29,27,6,13,13,-7,-6,-12,7,hello
9.111969709396362,-2,-8,-8,1,8,8,15,10,16,2,-16,0,-2,13,hello
9.127610206604004,0,-13,-14,-16,0,-7,3,13,13,-17,-7,7,13,9,hello
9.127610206604004,9,0,-1,-10,-3,-12,2,18,21,-3,12,21,32,14,hello
9.143514394760132,16,7,10,1,-8,-21,-8,5,5,0,19,31,30,11,hello
9.143514394760132,3,6,8,7,-7,-13,-20,-18,-32,-22,13,15,10,-8,hello
9.159061193466188,-13,-1,0,11,-1,10,-12,-27,-38,-14,10,-2,0,-17,hello
9.159061193466188,-22,-12,-2,6,-6,11,-3,-21,-23,-1,1,-5,-15,-11,hello
9.174281597137451,-19,-18,-8,1,-12,-1,1,-16,-14,-4,-10,-13,-27,-6,hello
9.174281597137451,-4,-15,-12,2,-10,-8,-3,-9,-6,-1,-6,-7,-7,-3,hello
9.189772605895996,10,-1,-5,0,-9,-21,-22,-7,-11,-4,9,14,12,-4,hello
9.189772605895996,12,12,5,0,-3,-26,-26,-15,-21,-21,24,18,7,-9,hello
9.205326557159424,6,16,17,10,3,-2,-10,-7,-15,-24,13,5,-10,-7,hello
9.205326557159424,3,9,15,20,10,22,13,9,8,0,-8,-8,-15,0,hello
9.221172571182253,-2,-10,-2,1,11,23,23,14,27,24,-18,-22,-11,8,hello
9.221172571182253,-20,-29,-23,-37,-1,9,10,16,30,23,-22,-27,-9,9,hello
9.23680067062378,-23,-32,-37,-45,-12,-7,-4,13,26,14,-21,-19,0,0,hello
9.23680067062378,0,-18,-27,-30,-4,-27,-14,5,11,8,-13,-1,8,2,hello
9.25268840789795,17,5,0,-14,2,-22,-16,1,-2,1,1,7,8,0,sil
9.25268840789795,2,17,0,-4,4,-1,-12,-14,-16,-7,1,-9,-9,-21,sil
9.267963409423828,-20,6,-9,-10,8,11,-2,-21,-33,-14,-19,-32,-35,-30,sil
9.267963409423828,-16,-1,0,-2,12,15,14,-3,-22,-4,-27,-33,-27,-10,sil
9.28321409225464,-10,-11,-11,6,4,9,17,3,0,7,-24,-36,-11,0,sil
9.28321409225464,-19,-22,-33,-12,-5,7,12,9,8,10,-30,-33,-14,0,sil
9.298711776733398,-14,-20,-24,-32,0,15,23,30,27,22,-15,-2,7,19,sil
9.298711776733398,7,-7,2,-33,2,4,13,29,26,14,6,24,30,26,sil
9.313852548599243,17,13,19,-3,-8,-17,-15,0,0,-12,17,26,19,1,sil
9.313852548599243,17,36,34,30,-14,-19,-27,-23,-21,-32,26,32,4,-15,sil
9.3297598361969,15,40,53,37,-5,-8,-14,-24,-32,-37,30,43,-1,-9,sil
9.3297598361969,9,30,46,47,2,8,6,-21,-23,-16,29,25,0,-8,sil
9.344538450241089,5,11,33,45,-2,12,6,-6,-10,-1,13,9,-2,-1,sil
9.35978078842163,5,2,36,21,-8,2,0,16,5,1,4,19,0,18,sil
9.360202312469482,15,7,-2,36,4,4,18,14,50,39,35,15,34,22,sil
9.360202312469482,31,0,-34,36,13,0,9,6,51,36,49,12,50,21,sil
9.374950885772703,27,-3,5,-8,4,-13,-24,13,0,-18,26,40,26,26,sil
9.39103627204895,11,10,31,-8,3,-7,-15,10,-11,-20,18,37,13,13,sil
9.39103627204895,1,14,5,18,8,9,7,-8,-3,8,13,-3,5,-6,sil
9.406668663024902,-15,-1,-4,5,6,13,1,-20,-17,9,-13,-30,-19,-15,sil
9.406668663024902,-25,-13,0,-13,7,9,1,-9,-18,10,-40,-33,-40,-10,sil
9.422587633132936,-20,-16,-13,-12,5,5,20,3,4,17,-44,-29,-33,-2,sil
9.422587633132936,-17,-29,-48,-22,-4,-4,21,4,19,14,-34,-36,-10,-7,sil
9.422587633132936,-12,-34,-52,-45,-11,-17,-7,2,10,1,-21,-26,2,-7,sil
9.437933683395386,0,-17,-13,-42,-7,-16,-26,3,0,-10,-5,4,6,-3,sil
9.453938961029053,0,4,0,-14,0,-5,-14,-6,-5,-15,8,6,4,-14,sil
9.453938961029053,-12,10,-11,1,0,3,1,-17,-18,-17,0,-13,-11,-21,sil
9.46964144706726,-22,-2,-13,-5,-3,13,9,-6,-21,-13,-22,-20,-24,-9,sil
9.470009326934814,-26,-16,-20,-7,-6,17,14,4,3,16,-25,-25,-14,2,sil
9.48552417755127,-10,-15,-19,-4,-9,4,17,13,24,28,-11,-21,-1,12,sil
9.48552417755127,11,-2,0,-12,-8,-6,10,24,17,-2,-2,7,6,17,sil
9.501574039459229,19,0,2,-13,-2,-12,-9,13,7,-19,7,25,19,6,sil
9.501574039459229,20,0,3,-9,-1,-21,-24,-5,-7,-14,14,24,16,-2,sil
9.517597436904907,23,12,12,1,0,-19,-16,-4,-16,-13,21,26,12,-1,sil
9.517597436904907,15,16,9,15,4,-4,-13,-7,-14,-18,20,17,6,-8,sil
9.517597436904907,8,17,22,18,4,2,-22,-23,-24,-21,6,6,-9,-17,sil
9.532634735107422,12,31,38,31,11,8,-8,-20,-18,-4,9,5,-2,-7,sil
9.548651456832886,8,28,27,37,17,14,11,-1,0,13,11,2,6,8,sil
9.548651456832886,-9,4,12,17,6,19,17,7,4,15,-4,-6,-9,10,sil
9.564189434051514,-22,-9,1,-2,-1,20,22,4,8,11,-17,-20,-17,0,sil
9.564189434051514,-20,-14,-8,-13,-8,10,23,7,12,2,-23,-25,-20,2,sil
9.580007076263428,-7,-12,0,-7,-12,5,18,17,16,16,-13,-6,-13,14,sil
9.580007076263428,8,-8,4,1,-4,-3,5,17,22,33,5,11,15,22,sil
9.595965385437012,14,-4,-4,-8,0,-20,-14,4,12,4,12,16,28,11,sil
9.595965385437012,13,11,0,-6,2,-16,-22,-13,-11,-18,21,19,19,-10,sil
9.610753536224363,12,26,19,19,12,4,-11,-16,-25,-3,30,15,13,-11,sil
9.610753536224363,-1,16,18,26,10,19,7,-9,-18,5,10,0,-1,0,sil
9.626838207244871,-21,-11,-12,0,-4,13,12,-4,-1,4,-17,-22,-21,-5,sil
9.626838207244871,-21,-29,-35,-24,-4,-4,-2,5,12,5,-17,-24,-8,-11,sil
9.64294409751892,-3,-18,-19,-25,0,-23,-21,5,6,-15,-1,0,9,-4,sil
9.64294409751892,8,5,1,-1,-3,-15,-19,-11,-10,-30,2,5,-5,-11,sil
9.65865969657898,-4,7,0,23,0,5,9,-12,-2,0,-5,-16,-22,-14,sil
9.65865969657898,-23,-15,0,0,0,7,19,8,3,8,-22,-15,-30,5,sil
9.674559116363524,-12,-21,-8,-17,-6,1,8,11,11,1,-16,-2,-12,3,sil
9.674559116363524,5,-11,-41,0,1,-4,4,-1,23,15,10,-6,26,-9,sil
9.689760446548462,5,-8,-19,-10,1,-14,-1,5,1,-3,-2,10,17,13,sil
9.689760446548462,11,2,18,-16,-6,-4,3,21,0,-14,-13,26,3,25,sil
9.705713033676147,26,6,-1,4,0,0,14,17,23,10,10,14,28,13,sil
9.705713033676147,27,8,-1,3,2,-7,2,8,12,0,24,20,33,17,sil
9.720900535583496,15,24,26,1,-4,0,-17,-8,-11,-19,22,31,14,5,sil
9.720900535583496,-2,17,16,6,-4,-1,-31,-26,-24,-13,10,3,-5,-29,sil
9.73699116706848,-9,0,-3,10,4,-5,-25,-24,-32,-8,4,-19,-12,-34,sil
9.73699116706848,-1,5,13,4,5,6,-9,-11,-27,-10,2,0,-12,-4,sil
9.752556324005129,-6,11,33,-20,-4,12,0,-3,-17,-2,-8,6,-17,4,sil
9.752556324005129,-15,4,6,-7,-1,7,10,-12,1,19,-6,-21,-6,-9,sil
9.768658638000488,-7,3,-1,25,7,9,14,-5,4,18,0,-24,-3,1,sil
9.768658638000488,-3,6,12,30,3,20,19,16,4,18,-5,-8,-13,17,sil
9.783954620361328,-5,1,0,23,3,20,31,22,22,32,-12,-13,-8,13,sil
9.783954620361328,3,0,-1,12,11,10,32,22,31,25,-6,0,7,25,sil
9.799808740615845,5,-7,0,-6,5,6,20,22,27,16,1,20,17,28,sil
9.799808740615845,-3,-27,-23,-27,-12,-6,0,4,10,6,-10,1,2,2,sil
9.814769983291626,1,-20,-19,-21,-12,-21,-14,-1,2,-9,-13,-11,-6,-10,sil
9.814769983291626,16,1,-6,-3,1,-13,-17,5,5,-13,6,0,8,-6,sil
9.83028244972229,11,0,-15,-13,-1,-7,-24,0,-5,-13,11,10,13,-9,sil
9.83028244972229,0,-13,-13,-21,-9,-16,-28,-11,-12,-14,10,12,12,-10,sil
9.84548282623291,0,-10,-5,-15,-7,-28,-28,-15,-8,-14,8,9,9,-7,sil
9.84548282623291,0,0,-5,-12,-5,-22,-26,-18,-21,-28,-2,-1,-8,-16,sil
9.861558675765991,-10,5,0,0,-3,-6,-8,-17,-32,-40,-9,-9,-21,-27,sil
9.861558675765991,-10,3,11,16,3,9,15,-8,-20,-28,-8,-16,-19,-17,sil
9.877644538879396,-3,6,15,23,12,19,27,-6,-7,-2,-1,-16,-14,-4,sil
9.877644538879396,-6,15,17,21,10,13,14,-10,-13,-2,0,-7,-17,-5,sil
9.893657922744753,-14,12,13,18,3,8,0,-10,-16,-9,-5,-9,-19,-8,sil
9.893657922744753,-17,-2,1,11,4,21,7,-1,1,12,-4,-13,-10,-2,sil
9.909285306930542,-16,-10,-3,-3,3,28,22,13,21,32,-3,-2,-1,9,sil
9.909285306930542,-3,-2,-5,-10,0,11,16,19,29,32,-8,3,3,24,sil
9.924872875213625,7,0,-9,-10,0,-5,0,13,27,25,-6,5,11,27,sil
9.924872875213625,3,-6,-10,-12,-1,-9,-9,7,19,13,2,10,18,11,sil
9.940048217773438,0,-7,-4,-16,-8,-17,-8,8,11,2,11,21,21,6,sil
9.940048217773438,13,0,0,-15,-8,-24,-8,8,6,0,17,29,23,12,sil
9.95517611503601,21,7,4,-2,-2,-16,-1,1,5,2,26,22,27,8,sil
9.95517611503601,19,12,16,5,0,-3,-1,0,-3,-1,22,10,15,3,sil
9.970579862594604,22,20,26,11,3,5,-1,8,-6,0,8,5,-3,4,sil
9.970579862594604,21,24,15,32,12,15,1,3,4,7,4,0,-2,-1,sil
9.98667597770691,6,10,1,32,7,10,4,-11,-1,0,3,-12,0,-6,sil
9.98667597770691,-9,-6,1,4,-3,2,7,-10,-15,-4,-10,-18,-13,-1,sil
10.001873254776,-17,-21,-6,-10,-7,6,8,2,-6,3,-26,-20,-26,0,sil
10.001873254776,-17,-29,-23,-13,-9,1,2,8,9,9,-23,-18,-12,-7,sil
10.017001628875732,-6,-22,-26,-22,-10,-16,-7,6,11,-3,-3,-2,13,-8,sil
10.017001628875732,10,-5,-9,-22,-4,-19,-15,3,1,-21,8,20,22,-4,sil
10.03266167640686,17,18,6,1,11,-4,-12,-3,-5,-16,17,27,20,-1,sil
10.03266167640686,12,28,16,18,20,0,-9,-10,-14,-7,20,18,12,1,sil
10.055310726165771,11,15,21,19,11,2,-5,-8,-19,-7,11,6,-5,0,sil
10.055310726165771,0,5,13,13,0,14,2,-8,-10,-1,2,-4,-17,-7,sil
10.055310726165771,-20,0,0,4,0,14,8,-10,-4,2,-10,-18,-23,-15,sil
10.063009023666382,-26,-8,-10,3,-2,10,15,-4,-4,0,-31,-32,-27,-13,sil
10.078997373580933,-23,-18,-22,-2,-3,15,21,2,-1,-1,-37,-33,-23,-6,sil
10.078997373580933,-27,-22,-31,-26,-7,7,4,1,0,-2,-23,-16,-14,-2,sil
10.094144344329834,-22,-21,-29,-36,-12,-10,-7,0,0,4,-6,-1,-3,3,sil
10.094144344329834,-2,-18,-18,-26,-11,-18,-8,6,7,9,0,0,10,14,sil
10.110003471374512,7,-8,-10,-17,-10,-17,-17,6,14,-3,9,6,22,8,sil
10.110003471374512,11,7,6,-3,-8,-10,-23,-3,2,-13,21,16,15,0,sil
10.125604629516602,20,25,31,20,9,0,-6,-4,-5,-3,20,15,1,6,sil
10.125604629516602,19,26,31,31,21,2,7,0,0,12,18,1,3,10,sil
10.14078450202942,2,11,20,14,5,0,-1,-8,-5,5,6,-2,0,-5,sil
10.14078450202942,-9,9,14,11,-4,11,1,-11,-9,-2,-11,-6,-12,-14,sil
10.156478881835938,-5,5,7,14,2,8,16,4,11,6,-16,-9,-12,4,sil
10.156478881835938,1,-11,1,-9,-3,-10,14,25,23,17,-12,6,2,21,sil
10.171639919281006,4,-11,-6,-15,-10,-11,5,15,14,6,1,22,21,10,sil
10.171639919281006,12,7,-5,5,0,0,-3,-4,-2,-16,12,20,19,-2,sil
10.187158107757568,22,22,8,12,11,4,-1,-1,-9,-13,16,17,10,0,sil
10.202874660491943,15,15,12,8,11,7,8,0,-7,1,20,9,7,-4,sil
10.202874660491943,0,-3,5,10,8,8,10,-10,-16,-12,7,-12,-9,-15,sil
10.21890664100647,-11,-10,-3,11,4,15,16,-2,-7,-1,-12,-22,-20,-11,sil
10.21890664100647,-16,-15,-14,-1,-1,13,18,11,14,32,-17,-19,-10,1,sil
10.21890664100647,-17,-25,-25,-18,-9,-4,1,9,17,16,-15,-14,-6,5,sil
10.234570503234863,-5,-25,-26,-17,-9,-14,-8,6,7,-8,-13,-5,-7,2,sil
10.234570503234863,7,-17,-12,-11,-2,-12,-10,5,-2,-1,-3,-1,-2,0,sil
10.24985933303833,4,-11,-5,-16,-4,-19,-17,-1,-5,0,4,-2,4,-1,sil
10.264984846115112,0,-3,-10,-21,-10,-24,-18,-2,-1,-13,1,3,7,-2,sil
10.264984846115112,8,20,2,0,0,-4,-9,0,-4,-11,13,17,8,0,sil
10.281052350997925,10,27,19,11,7,7,-9,-9,-9,-3,35,21,15,0,sil
10.281052350997925,2,5,11,-23,-6,-5,-21,-18,-13,-8,22,10,12,0,sil
10.296559572219849,0,9,5,-22,-5,-5,-17,-12,-10,-5,-6,0,-1,-4,sil
10.296559572219849,0,35,19,40,18,19,2,-4,-3,9,-5,-2,-7,-2,sil
10.311774015426636,1,30,31,64,24,37,27,3,5,19,7,2,6,14,sil
10.311774015426636,1,2,16,31,10,26,33,8,17,19,3,9,16,23,sil
10.327432870864868,-7,-14,-2,4,-4,1,13,8,14,10,-14,1,-4,8,sil
10.327432870864868,-19,-16,-11,-1,-10,0,0,7,7,3,-26,-11,-21,-4,sil
10.3425772190094,-18,-20,-17,-17,-7,5,1,4,7,0,-31,-22,-13,-4,sil
10.3425772190094,-6,-27,-21,-33,-9,-3,0,5,8,0,-27,-13,-2,-2,sil
10.358779668807983,0,-22,-21,-28,-15,-16,-8,2,4,-2,-6,3,5,-4,sil
10.358779668807983,2,-7,-11,-15,-12,-20,-26,-8,-11,-16,9,5,7,-8,sil
10.374808311462402,9,9,8,2,-1,-14,-32,-16,-26,-20,18,8,4,-10,sil
10.374808311462402,15,20,19,17,8,-6,-13,-15,-22,-13,22,9,-2,-10,sil
10.390228033065796,1,17,13,10,9,-3,0,-13,-16,-20,10,-3,-15,-13,sil
10.390228033065796,-11,10,3,6,4,9,11,-9,-14,-16,-2,-16,-20,-14,sil
10.405522108078005,-3,13,9,18,6,25,28,2,-6,6,-3,-10,-10,0,sil
10.405522108078005,8,10,10,19,13,19,31,13,14,24,6,1,3,20,sil
10.421624183654783,1,-12,-12,-1,12,1,18,16,28,23,6,0,7,21,sil
10.421624183654783,-9,-23,-23,-16,-1,-7,9,13,19,9,-8,-11,-1,4,sil
10.436906099319458,-6,-11,-14,-6,-12,-7,10,7,12,4,-6,-9,0,0,sil
10.436906099319458,5,-10,-8,-5,-7,-1,9,9,17,11,3,1,7,11,sil
10.452954053878784,5,-18,-12,-22,-1,0,6,14,18,13,-3,0,4,4,sil
10.452954053878784,-3,-15,-19,-27,-7,-11,-7,0,3,-3,-9,-7,-1,-17,sil
10.469171047210692,0,-1,-7,-10,-5,-20,-25,-16,-17,-27,1,2,-1,-21,sil
10.469171047210692,18,18,21,12,10,-8,-23,-13,-16,-18,19,20,5,-6,sil
10.484521627426147,19,30,37,15,10,-3,-21,-13,-17,-6,23,26,10,2,sil
10.484521627426147,8,31,30,12,1,0,-21,-18,-27,-19,9,17,5,5,sil
10.500025987625122,0,22,18,21,2,12,-1,-11,-22,-18,-9,-1,-7,4,sil
10.500025987625122,-11,-2,6,11,-4,15,12,0,-10,1,-26,-20,-21,-7,sil
10.515912055969238,-24,-21,-8,-12,-16,3,7,8,3,12,-24,-16,-11,-10,sil
10.515912055969238,-8,-17,-7,-17,-10,0,9,20,24,20,-3,6,14,19,sil
10.531556367874146,10,-5,0,-1,-3,6,14,26,37,33,9,20,26,37,sil
10.531556367874146,3,-4,-6,2,-3,5,3,21,33,26,2,16,20,17,sil
10.547110795974731,0,-7,-11,-9,1,-3,-6,15,17,2,1,13,16,5,sil
10.547110795974731,8,-2,-9,-9,6,0,-5,0,-1,-3,20,13,20,3,sil
10.56305480003357,-1,0,-10,-1,1,0,-11,-15,-14,-1,23,0,10,-11,sil
10.56305480003357,-12,5,-3,5,5,-3,-16,-10,-17,-10,9,-11,-6,-20,sil
10.578808069229126,2,21,9,15,15,-3,-6,-10,-15,-13,8,-6,-6,-8,sil
10.578808069229126,11,20,14,15,7,-2,-7,-23,-22,-15,0,-3,-18,-2,sil
10.593838214874268,-8,0,3,11,0,0,-5,-30,-32,-18,-21,-21,-41,-14,sil
10.593838214874268,-26,-10,-6,16,12,7,14,-21,-25,-6,-29,-38,-42,-22,sil
10.609680652618408,-21,-9,-9,13,10,10,29,0,3,8,-27,-31,-25,-14,sil
10.609680652618408,-12,-15,-19,-11,-7,0,17,15,25,11,-19,-12,-4,0,sil
10.625165462493896,-1,-22,-20,-32,-16,-11,2,15,14,1,-5,0,4,1,sil
10.625165462493896,13,-10,-3,-17,-10,-6,5,9,8,0,9,7,9,0,sil
10.641069173812866,19,0,4,-3,-4,1,8,10,14,-2,14,11,16,6,sil
10.641069173812866,14,2,4,-14,-5,0,-1,10,11,-7,17,14,20,9,sil
10.656593799591064,10,15,12,-3,0,-1,-10,1,3,-5,23,15,14,-1,sil
10.656593799591064,8,28,26,29,9,4,-3,-1,5,3,13,2,2,-5,sil
10.672197818756104,4,14,16,27,2,6,5,3,17,18,0,-2,0,3,sil
10.672197818756104,-6,-15,-9,-13,-12,0,-1,4,16,17,-11,1,-6,9,sil
10.68783164024353,-10,-23,-11,-27,-12,-1,-6,10,6,5,-14,5,-4,12,sil
10.68783164024353,2,-2,1,-2,-3,-3,-4,9,6,7,2,12,20,19,sil
10.703355550765991,16,10,3,4,-2,-9,-15,-7,-11,-3,16,19,28,16,sil
10.703355550765991,11,21,13,7,1,-5,-13,-16,-34,-21,16,15,4,5,sil
10.718988180160522,0,18,23,24,12,11,11,-10,-20,-4,6,0,-13,3,sil
10.718988180160522,-8,-5,3,10,8,18,18,-4,-1,15,-21,-14,-19,7,sil
10.73498272895813,-2,-20,-19,-17,0,3,4,-3,0,7,-24,-6,-2,1,sil
10.73498272895813,2,-12,-9,-15,0,-15,-13,-3,-8,-17,5,10,16,-7,sil
10.750558614730837,0,7,9,5,5,-3,-10,-7,-14,-21,12,1,8,-12,sil
10.750558614730837,-8,10,6,13,7,22,13,-7,-4,1,-5,-19,-12,-12,sil
10.765877485275269,-14,-13,-14,-6,-3,13,18,5,10,20,-17,-14,-16,-4,sil
10.765877485275269,-7,-25,-33,-26,-10,-19,0,16,12,13,-8,-1,-1,0,sil
10.780913829803469,14,0,-17,-17,0,-28,-15,8,2,-7,3,0,8,-4,sil
10.780913829803469,19,17,7,4,13,-12,-20,-2,0,-20,8,7,9,-8,sil
10.796560764312744,-1,9,-1,5,11,-6,-24,-3,-4,-20,8,8,1,-11,sil
10.796560764312744,-12,2,-8,-4,3,-10,-15,0,-19,-22,5,-2,-10,-18,sil
10.811664819717407,-7,6,10,6,5,5,11,-3,-12,-10,0,-9,-14,-17,hello
10.811664819717407,-17,0,11,13,1,20,23,-5,2,10,-8,-14,-16,-10,hello
10.827078819274902,-24,-6,0,7,-7,13,15,-4,-1,14,-14,-17,-18,-7,hello
10.827078819274902,-12,0,0,15,-6,10,19,0,5,19,-5,-6,-6,1,hello
10.842406749725342,-9,-5,-3,8,-6,9,22,8,20,25,-6,-5,-3,12,hello
10.842406749725342,-16,-19,-18,-14,-13,0,8,15,22,15,-16,-21,-12,6,hello
10.857547283172607,0,-15,-9,-10,-8,-6,-3,13,22,2,-2,-8,0,2,hello
10.857547283172607,24,8,14,5,3,-4,-9,8,21,0,30,29,26,17,hello
10.873652458190918,31,22,14,-2,7,-3,-14,0,4,-6,35,38,34,21,hello
10.889267683029177,26,15,9,-13,-5,-4,-18,-6,-11,-17,19,19,22,8,hello
10.889267683029177,17,13,20,6,-13,0,-6,-10,-12,-12,12,13,12,1,hello
10.904133319854736,11,14,27,25,-4,5,4,-15,-17,-1,-1,8,-2,5,hello
10.904133319854736,13,6,17,17,1,14,11,-7,-13,10,-14,2,-10,14,hello
10.919973611831663,8,-4,-4,4,-5,12,6,5,10,21,-7,5,4,19,hello
10.919973611831663,0,-16,-18,-15,-18,-9,-11,7,15,4,-9,3,8,7,hello
10.935656309127808,2,-11,-13,-18,-7,-22,-19,3,1,-3,-2,2,7,-3,hello
10.935656309127808,5,6,0,3,9,-15,-18,-3,-14,5,16,8,9,-2,hello
10.935656309127808,-2,13,9,12,-5,-3,-15,-13,-26,-5,5,0,-6,-4,hello
10.95122218132019,-12,-1,0,1,-18,10,6,-11,-13,-11,-18,-22,-28,-10,hello
10.967209100723268,-21,-25,-16,-7,8,18,26,3,12,10,-25,-32,-23,-5,hello
10.967209100723268,-18,-25,-18,-7,35,15,20,13,28,21,-12,-15,0,0,hello
10.982536315917969,-1,-8,-13,-7,24,5,7,9,22,6,4,2,11,-1,hello
10.982536315917969,0,-4,-14,-23,-5,-8,-6,-3,-9,-23,2,-1,-5,-18,hello
10.99806308746338,-21,-7,-19,-29,-8,-14,-9,-20,-42,-53,-13,-22,-24,-39,hello
10.99806308746338,-26,-3,-9,-10,21,-2,4,-11,-37,-44,-24,-26,-25,-28,hello
11.013458013534546,-11,-1,-4,1,38,4,15,19,4,2,-12,-8,-3,1,hello
11.013458013534546,5,0,-6,-3,34,-6,11,30,34,26,15,10,28,19,hello
11.029109716415403,18,11,11,0,28,-14,1,13,20,11,34,18,34,17,hello
11.029109716415403,10,24,24,17,6,-6,-6,-6,-4,0,25,10,10,-1,hello
11.04498529434204,-3,21,20,24,1,7,-3,-8,-8,6,3,0,-7,-9,hello
11.04498529434204,0,10,21,25,21,18,15,6,19,34,4,8,1,12,hello
11.060678720474243,4,-12,4,11,-5,-1,3,2,30,38,8,12,9,15,hello
11.060678720474243,2,-19,-5,-10,-47,-30,-40,-19,-18,-23,-13,8,-11,-9,hello
11.076201438903809,15,18,22,13,-22,-9,-33,-18,-42,-51,-8,19,-14,-12,hello
11.076201438903809,18,37,28,41,-2,26,11,-8,-5,-2,19,15,2,0,hello
11.091965198516846,-1,4,-5,3,-36,18,10,-11,0,7,-6,-8,-15,1,hello
11.091965198516846,-5,-13,-14,-19,-31,1,-4,0,-7,-9,-35,-13,-29,6,hello
11.10711669921875,2,-4,-2,1,3,1,7,23,19,17,-3,3,4,21,hello
11.10711669921875,-2,-9,-16,-16,-36,-11,0,11,17,21,17,7,25,14,hello
11.123167514801024,0,-9,-20,-42,-112,-23,-18,-10,-21,-23,0,-3,2,-5,hello
11.123167514801024,18,19,7,-1,-82,-1,-2,0,-12,-16,11,1,4,1,hello
11.1380033493042,13,24,22,31,12,18,16,10,13,20,25,7,21,14,hello
11.1380033493042,-14,-11,0,5,24,17,12,-3,-1,4,-6,-12,0,-2,hello
11.15372109413147,-30,-24,-27,-8,-7,13,15,-10,-5,-5,-31,-29,-24,-15,hello
11.15372109413147,-16,-13,-23,-5,18,4,14,8,24,21,-14,-21,-9,-1,hello
11.16882586479187,2,-13,-5,-16,55,-10,-3,23,36,28,4,-3,11,7,hello
11.16882586479187,8,-11,-3,-20,56,-19,-10,12,22,4,16,15,21,1,hello
11.184061288833618,1,-5,0,-22,57,-13,-3,-2,3,-15,15,16,11,-6,hello
11.184061288833618,-10,-12,4,-22,51,3,7,-6,-6,-8,-7,-12,-12,-10,hello
11.199654817581177,-12,-11,2,1,36,12,9,-2,-1,6,-31,-23,-19,1,hello
11.200119972229004,7,2,2,29,37,1,-1,0,4,7,-13,5,4,11,hello
11.214816093444824,26,11,4,22,39,-9,-14,-5,-7,-1,24,30,28,3,hello
11.214816093444824,22,19,6,-1,18,-7,-17,-13,-29,-14,28,24,18,-2,hello
11.23083782196045,5,24,6,10,-1,0,-10,-14,-28,-18,10,5,-5,-11,hello
11.23083782196045,-7,12,10,28,-7,5,-7,-16,-23,-15,-8,-12,-28,-23,hello
11.2464017868042,-10,6,17,22,-13,13,1,-11,-23,-16,-18,-17,-33,-13,hello
11.2464017868042,-14,2,0,9,-26,23,19,0,-1,-1,-5,-11,-13,7,hello
11.261635303497314,-17,-12,-17,-14,-41,9,13,12,17,16,-2,-2,-1,14,hello
11.261635303497314,-2,-12,-10,-22,-42,-16,-6,16,12,13,-11,8,8,7,hello
11.27770972251892,13,-2,-2,-7,-37,-32,-17,6,-3,-3,-1,14,25,4,hello
11.27770972251892,11,6,4,-5,-33,-24,-14,4,-10,-16,17,15,30,5,hello
11.293218851089478,7,19,10,3,-15,2,2,2,-5,-12,17,4,16,-4,sil
11.293218851089478,0,7,3,18,0,17,14,-9,-16,-12,-10,-17,-20,-18,sil
11.308890104293823,-14,-15,-2,4,-3,17,20,-2,-5,1,-29,-21,-34,-9,sil
11.308890104293823,-13,-18,-12,-12,-1,22,26,26,53,42,-7,-11,2,7,sil
11.324811935424805,-1,-15,-18,-15,6,8,9,30,63,39,7,-4,23,6,sil
11.324811935424805,4,-10,-4,-16,3,-19,-11,4,6,-4,2,10,4,0,sil
11.33985471725464,7,4,9,-10,0,-20,-18,-12,-15,-12,13,20,-3,1,sil
11.33985471725464,1,13,7,5,0,-7,-17,-18,-6,0,18,0,-13,-4,sil
11.355849504470823,-12,3,2,12,0,-5,-7,-21,-17,-10,-2,-23,-37,-10,sil
11.355849504470823,-6,-4,4,2,2,6,15,-8,-17,-8,-13,-10,-36,5,sil
11.370892763137816,11,-6,0,-2,12,18,20,3,13,10,0,19,-1,26,sil
11.370892763137816,13,-10,-4,-14,3,-1,-9,1,13,0,-1,18,16,22,sil
11.386988639831545,9,0,-2,-13,-2,-14,-24,-1,-9,-12,2,5,21,4,sil
11.386988639831545,13,16,4,10,11,-4,-13,0,-14,-16,15,6,27,-7,sil
11.402559995651243,0,9,7,13,11,-4,-12,-4,-14,-20,6,2,19,-16,sil
11.402559995651243,-14,1,3,3,1,4,-3,-7,-8,1,0,-8,8,-10,sil
11.418047666549684,-7,8,8,15,5,26,16,-5,-1,23,2,-6,-1,4,sil
11.418047666549684,-2,8,5,27,8,18,13,4,2,17,-8,0,-11,7,sil
11.434144973754885,-7,-1,-8,11,6,-2,3,17,23,27,-10,-2,3,9,sil
11.434144973754885,4,-3,-5,-9,10,2,15,29,41,39,5,2,21,22,sil
11.44980525970459,14,0,-2,-10,3,3,18,18,18,11,9,16,13,10,sil
11.44980525970459,-1,-9,-17,-17,-13,-24,-9,-13,-26,-39,-6,7,-13,-24,sil
11.465123176574709,-11,-8,-14,-26,-15,-33,-26,-28,-47,-62,-17,-13,-30,-39,sil
11.465123176574709,0,10,7,-2,0,-4,-6,-13,-30,-29,-4,-17,-15,-24,sil
11.481205463409424,0,17,17,19,11,11,3,0,-9,0,9,-10,0,-14,sil
11.481205463409424,-7,10,8,16,9,9,10,-2,2,4,3,-14,0,-13,sil
11.497075080871582,-9,0,0,14,6,12,26,0,16,17,-12,-22,1,1,sil
11.497075080871582,-8,-19,-7,-1,-1,10,25,14,22,34,-16,-10,2,18,sil
11.512532234191896,-3,-24,-16,-20,-12,0,7,24,25,29,-4,13,6,23,sil
11.512532234191896,5,-7,-8,-9,-7,0,0,24,27,17,0,20,18,29,sil
11.52790665626526,15,4,2,3,1,0,-7,10,20,6,7,16,20,27,sil
11.52790665626526,20,-2,-3,-15,-6,-16,-31,-10,-4,-13,20,19,8,8,sil
11.543951749801636,15,-5,-3,-26,-18,-23,-40,-32,-34,-37,18,19,-10,-7,sil
11.543951749801636,2,8,15,-1,-14,-9,-21,-38,-44,-47,0,7,-25,-20,sil
11.559692859649658,-6,13,19,16,0,0,-5,-20,-31,-32,-3,-8,-28,-30,sil
11.559692859649658,-11,2,4,10,6,3,1,0,-11,0,4,-15,-17,-26,sil
11.574708938598633,-17,-6,2,5,1,15,15,2,-1,14,-5,-15,-13,-12,sil
11.59059476852417,-16,-2,8,15,0,29,21,4,6,16,-19,-15,-12,5,sil
11.59059476852417,-6,0,0,16,9,25,14,18,25,36,-6,-9,7,22,sil
11.59059476852417,3,-9,-10,-9,6,0,0,27,32,35,9,6,26,23,sil
11.60614562034607,9,-13,-8,-21,-8,-16,-4,19,20,1,6,13,29,12,sil
11.621800184249878,10,0,-9,-6,-5,-15,-8,0,5,-17,-6,1,13,6,sil
11.621800184249878,5,5,0,-6,0,-15,-16,-10,-10,-18,-12,1,-7,1,sil
11.637343645095823,0,6,15,-7,-3,-6,-4,-13,-13,-15,5,12,-5,-6,sil
11.637343645095823,9,7,13,7,0,9,10,-8,-3,-6,20,6,5,-9,sil
11.653063774108888,14,13,6,21,14,8,11,-2,0,7,18,0,8,-12,sil
11.653063774108888,2,22,14,24,17,4,11,-3,0,10,15,0,6,-9,sil
11.668835401535034,-3,19,13,23,10,15,14,3,6,9,4,-4,1,4,sil
11.668835401535034,-4,-1,-10,14,1,18,19,11,13,15,-14,-8,-3,9,sil
11.668835401535034,-20,-31,-34,-13,-9,4,19,5,7,17,-32,-17,-13,0,sil
11.683960676193236,-26,-33,-37,-30,-13,-10,7,6,9,16,-28,-18,-8,4,sil
11.69887375831604,-6,-12,-25,-25,-7,-22,-11,11,10,7,-6,5,10,13,sil
11.69887375831604,10,-1,-6,-24,-4,-22,-21,0,-6,-18,2,19,12,7,sil
11.714304685592651,19,2,6,-13,0,-15,-20,-6,-14,-29,7,16,5,4,sil
11.714304685592651,25,14,17,5,2,-16,-19,-1,-18,-25,15,23,2,6,sil
11.729829549789429,9,23,17,9,3,-11,-15,-14,-30,-26,12,16,-8,-11,sil
11.729829549789429,-16,12,0,5,2,-3,-12,-31,-28,-20,4,-12,-23,-34,sil
11.745741128921509,-22,0,-2,1,2,-2,-15,-15,-16,-6,-1,-23,-24,-30,sil
11.745741128921509,-16,4,5,4,3,14,0,0,-1,3,-2,-14,-9,-17,sil
11.76081085205078,-11,9,9,14,3,28,17,-3,5,6,-1,-11,-4,-12,sil
11.76081085205078,-6,0,9,15,0,18,20,5,4,12,-4,-13,-6,0,sil
11.775975227355955,-2,-12,0,2,-2,6,13,21,21,30,-3,-6,10,18,sil
11.775975227355955,-1,-20,-7,-10,-9,3,5,18,26,26,-4,-5,12,15,sil
11.791630268096924,-3,-15,-11,-11,-11,6,7,5,7,8,-16,-14,-9,6,sil
11.791630268096924,1,-10,-15,-13,-6,0,0,-2,-1,-3,-12,-5,-7,11,sil
11.807669162750244,26,4,3,-9,-2,-14,-19,0,2,-13,20,30,26,14,sil
11.807669162750244,35,27,32,19,8,-3,-10,-2,-3,-8,40,38,37,1,sil
11.8228018283844,11,21,27,30,20,21,14,-3,-7,8,15,9,7,0,sil
11.8228018283844,-2,-1,3,15,11,30,30,13,14,21,-4,-3,-5,13,sil
11.838894605636597,7,-11,-7,-1,1,10,26,27,36,22,-1,5,11,19,sil
11.838894605636597,17,-9,-1,-13,0,-18,-1,11,21,3,4,13,19,13,sil
11.854700565338137,13,0,6,-3,-3,-21,-19,-13,-5,-14,7,9,6,3,sil
11.854700565338137,-8,-5,0,6,-5,3,-4,-17,-13,-10,-3,-6,-12,-1,sil
11.869717121124268,-25,-23,-15,-7,0,8,7,-1,1,4,-18,-20,-12,1,sil
11.869717121124268,-5,-25,-21,-21,0,-17,-6,7,8,0,-10,-8,0,0,sil
11.885829448699951,7,-2,-15,-13,-4,-32,-27,-2,-8,-27,3,8,-5,-10,sil
11.885829448699951,-6,15,-10,-3,-2,-24,-28,-14,-22,-39,7,11,-12,-20,sil
11.901893615722656,-4,19,5,-3,1,-15,-19,-7,-18,-22,6,7,-1,-27,sil
11.901893615722656,2,20,15,1,0,-9,-5,-1,-13,3,9,1,0,-26,sil
11.916919231414797,-10,10,4,5,-12,-1,3,-9,-15,5,-3,-10,-19,-12,sil
11.916919231414797,-18,0,1,4,-16,9,6,-9,-13,-3,-26,-19,-29,-7,sil
11.932544231414797,-16,0,2,6,-1,21,16,-6,-5,9,-29,-22,-20,-13,sil
11.932544231414797,-24,-8,-7,0,4,22,20,-6,-3,19,-26,-26,-20,-5,sil
11.948630332946776,-22,-18,-14,-6,0,18,14,-1,3,9,-23,-21,-11,11,sil
11.948630332946776,2,-13,-6,-3,0,12,6,9,18,12,-5,-1,16,21,sil
11.963970422744753,19,-6,5,-4,1,-2,-4,14,18,13,9,17,26,24,sil
11.963970422744753,15,2,2,-4,0,-10,-9,5,4,-7,10,15,12,13,sil
11.97966480255127,8,14,-4,-1,2,-6,-11,-7,-10,-30,7,7,4,-8,sil
11.97966480255127,9,18,2,2,2,-8,-17,-7,-16,-21,10,10,6,-21,sil
11.99466633796692,1,14,8,12,1,-1,-4,0,-6,3,13,1,4,-15,sil
11.99466633796692,-13,2,1,12,6,23,24,5,9,24,8,-8,-1,0,sil
12.009915113449097,-9,-11,-7,-1,11,25,30,12,25,32,7,2,10,13,sil
12.010293960571287,10,-10,-4,-5,7,-2,2,18,22,15,14,13,25,17,sil
12.02569842338562,21,9,6,3,5,-14,-10,13,11,-3,19,11,22,15,sil
12.02569842338562,21,22,11,7,8,-10,-4,0,1,-7,27,16,20,13,sil
12.040874481201172,18,13,15,2,5,-9,-7,-8,-14,-13,20,18,10,11,sil
12.040874481201172,17,14,23,17,0,-1,-4,-8,-17,-14,10,9,-9,5,sil
12.060985326766968,20,24,31,39,4,10,11,-8,-4,-2,11,7,-20,0,sil
12.060985326766968,12,15,20,35,5,20,24,0,2,18,5,4,-14,4,sil
12.072524547576904,-10,-19,-10,6,-1,17,24,9,21,39,-14,-13,-8,7,sil
12.072524547576904,-29,-51,-35,-29,-13,1,4,14,33,27,-31,-27,-13,-2,sil
12.087622165679932,-28,-51,-42,-44,-21,-11,-13,10,21,0,-29,-24,-10,-8,sil
12.087622165679932,-17,-35,-33,-38,-18,-17,-17,5,7,-4,-13,-13,5,2,sil
12.103198528289797,-4,-18,-11,-29,-10,-18,-13,1,-3,-14,3,0,14,5,sil
12.103198528289797,0,-5,0,-21,-6,-15,-14,-9,-24,-36,8,6,3,-12,sil
12.118057250976562,1,0,2,-14,-5,-19,-24,-20,-39,-39,-6,0,-10,-23,sil
12.118057250976562,-1,13,6,1,0,-14,-26,-21,-35,-26,-16,-5,-13,-25,sil
12.133636474609377,-9,17,7,8,6,4,-12,-20,-29,-19,-13,-10,-19,-30,sil
12.133636474609377,-12,14,12,11,4,12,6,-10,-19,-5,-9,-4,-23,-22,sil
12.148793697357178,-8,17,16,22,0,4,13,-3,-4,7,-11,0,-14,-5,sil
12.16443133354187,-12,4,4,12,-4,2,4,-9,-1,1,-23,-13,-13,-6,sil
12.16443133354187,-17,-8,-10,-7,-2,12,6,-3,8,8,-22,-15,-8,-4,sil
12.17983865737915,-4,0,-12,-6,2,8,14,16,28,25,-3,5,17,16,sil
12.17983865737915,11,3,-6,-6,7,-8,-3,23,24,10,7,20,33,27,sil
12.19557809829712,14,3,-5,-6,5,-13,-19,12,6,-4,13,18,32,13,sil
12.19557809829712,12,14,5,1,0,-3,-8,7,3,2,16,20,28,4,sil
12.210743427276611,13,23,15,9,0,0,4,4,4,9,14,15,13,8,sil
12.210743427276611,11,16,11,17,2,5,8,-7,-6,0,1,-5,-5,5,sil
12.226825714111328,11,11,20,28,9,18,19,-9,-18,-4,-5,-14,-19,0,sil
12.226825714111328,14,10,22,33,11,23,34,-2,-2,11,2,-5,-16,6,sil
12.242513418197632,13,0,0,16,8,16,26,1,11,23,6,-3,-7,17,sil
12.242513418197632,7,-3,-8,2,13,19,20,11,20,20,9,0,3,20,sil
12.257619857788086,2,-1,-1,3,17,25,21,20,32,23,22,7,15,20,sil
12.257619857788086,-3,-19,-15,-14,-5,0,-4,9,17,7,18,4,3,10,sil
12.272822380065918,-7,-37,-35,-41,-25,-38,-36,-3,-7,-27,14,1,-4,-9,sil
12.272822380065918,0,-15,-15,-26,-11,-35,-34,0,-11,-30,29,9,4,-14,sil
12.28796887397766,-4,9,13,4,0,-8,-20,-4,-18,-12,30,11,6,-13,sil
12.28796887397766,-18,0,7,-1,-10,-10,-21,-23,-36,-21,10,0,-6,-23,sil
12.303547859191896,-13,-4,2,-6,-11,-13,-15,-19,-30,-27,-2,-8,-13,-24,sil
12.303547859191896,-2,5,9,14,6,9,5,-1,2,2,-10,-15,-8,-6,sil
12.319089651107788,-11,-6,-3,5,0,12,11,2,18,17,-32,-19,-18,-1,sil
12.319089651107788,-21,-22,-22,-22,-18,-8,3,7,13,9,-38,-15,-22,-11,sil
12.335090398788452,-8,-11,-17,-12,-5,-8,8,17,22,17,-14,-3,4,-3,sil
12.335090398788452,11,-4,0,0,7,0,11,17,29,20,-1,5,27,15,sil
12.35115671157837,18,0,5,-8,1,-3,0,5,19,11,0,15,29,18,sil
12.35115671157837,19,20,7,-1,4,-11,-13,-7,1,4,17,25,34,7,sil
12.366745948791504,21,36,20,14,13,-3,-13,-13,-10,-12,17,22,21,3,sil
12.366745948791504,11,21,22,21,9,13,0,-17,-15,-24,-12,-2,-11,-2,sil
12.381902933120728,-9,0,7,14,4,20,8,-19,-18,-12,-34,-21,-28,-14,sil
12.381902933120728,-19,-4,-5,10,7,20,20,-13,-18,2,-23,-18,-20,-11,sil
12.397427320480348,-11,0,-4,10,5,23,30,0,-16,2,-18,-17,-25,0,sil
12.397427320480348,-7,-6,-2,-1,-8,18,23,7,-14,0,-30,-18,-32,0,sil
12.412601947784424,-8,-18,-8,-15,-14,4,3,6,-4,1,-26,-17,-16,3,sil
12.412601947784424,1,-13,-8,-19,-3,-6,-7,8,8,3,-8,-4,4,15,sil
12.428698539733888,14,3,-2,-12,1,-21,-14,13,15,4,11,13,21,11,sil
12.428698539733888,7,4,-2,-13,-8,-31,-30,4,3,-4,22,7,19,0,sil
12.443852186203005,-1,2,-4,-15,-11,-22,-34,-3,-3,-13,18,0,10,0,sil
12.443852186203005,6,12,-1,-6,0,-13,-18,-1,1,-6,22,25,15,1,sil
12.4594886302948,9,13,9,1,5,-11,-8,0,-11,-11,31,30,14,-2,sil
12.4594886302948,-4,5,7,6,0,6,4,-1,-20,-14,17,-1,-2,-5,sil
12.474998474121094,-17,-6,-9,8,-5,19,18,0,-3,1,-11,-18,-18,-5,sil
12.474998474121094,-16,-18,-10,5,0,14,17,3,5,8,-16,-10,-24,-4,sil
12.490995407104492,-10,-17,-3,7,7,14,21,7,7,14,0,-5,-15,0,sil
12.490995407104492,-2,-13,-2,4,-1,2,17,7,19,20,5,4,1,13,sil
12.50600814819336,12,-4,6,4,-4,-17,-9,6,23,15,22,27,22,20,sil
12.50600814819336,25,10,22,18,10,-11,-20,0,8,4,48,36,35,8,sil
12.522089958190918,13,21,22,22,10,-1,-12,-7,-10,-7,36,26,20,-10,sil
12.522089958190918,2,20,11,14,2,-5,-3,-12,-7,-8,11,9,9,-13,sil
12.537675857543944,7,14,10,9,3,0,0,-7,0,-2,3,-4,7,-1,sil
12.537675857543944,1,12,16,15,4,18,9,-1,7,0,-6,-13,-10,0,sil
12.55287790298462,-12,3,5,17,6,29,21,1,20,5,-25,-20,-27,-12,sil
12.55287790298462,-11,-16,-13,-7,1,21,22,8,20,16,-38,-25,-22,-6,sil
12.56898593902588,-6,-27,-27,-33,-12,0,5,7,12,23,-29,-20,-7,4,sil
12.56898593902588,-4,-18,-27,-30,-12,-17,-10,0,3,13,-12,-12,-1,4,sil
12.584567308425903,7,-3,-14,-18,0,-19,-13,0,-7,-1,-5,-2,6,7,sil
12.584567308425903,17,7,-3,-17,0,-17,-12,4,-15,-13,2,11,16,13,sil
12.599770784378052,12,11,-5,-12,-2,-11,-10,0,-16,-22,5,11,10,2,sil
12.599770784378052,0,8,-13,0,6,-1,-6,-10,-16,-16,-10,-11,-5,-9,sil
12.615561485290527,-7,0,-7,3,7,5,-8,-18,-22,-9,-25,-26,-17,-13,sil
12.615561485290527,-15,0,0,0,2,13,-4,-18,-26,-20,-19,-18,-24,-12,sil
12.631169557571411,-25,-8,-10,-11,1,17,11,-7,-17,-20,-16,-19,-24,-10,sil
12.631169557571411,-27,-24,-13,-30,-2,13,20,5,0,0,-25,-26,-17,-7,sil
12.64671230316162,-17,-27,0,-22,-11,8,22,2,10,17,-20,-19,-9,-6,sil
12.64671230316162,-13,-24,0,-3,-16,2,19,5,13,25,-1,-2,0,3,sil
12.661908149719238,-7,-9,0,-1,-11,-10,1,21,17,27,19,21,20,19,sil
12.661908149719238,19,17,13,8,1,-17,-12,13,18,8,36,40,37,21,sil
12.67736554145813,42,30,28,21,6,-4,-10,-2,9,-8,43,47,33,17,sil
12.67736554145813,38,25,26,27,3,4,-4,3,4,-3,43,48,27,18,sil
12.693371057510376,25,27,27,36,3,-20,-13,1,-9,-22,38,36,15,6,sil
12.709087133407593,19,36,39,45,8,-25,-13,-9,-23,-40,30,19,-2,-10,sil
12.709087133407593,7,26,30,43,15,13,8,-8,-7,0,15,4,-6,-8,sil
12.709087133407593,-9,-4,-1,16,8,23,12,-3,3,21,-15,-10,-8,-1,sil
12.72450566291809,-18,-21,-20,-13,-6,-1,-4,-1,2,0,-33,-20,-20,-9,sil
12.739718437194824,-18,-15,-22,-26,-9,-5,-11,5,9,-4,-33,-24,-24,-9,sil
12.739718437194824,-15,-12,-26,-27,-7,1,-4,14,14,4,-29,-22,-7,0,sil
12.754789113998411,-8,-12,-25,-25,-8,-6,-11,3,3,0,-7,-8,11,-2,sil
12.754789113998411,0,-8,-11,-25,-10,-21,-30,-10,-9,-14,7,5,7,-10,sil
12.770991802215576,0,2,1,-15,-3,-17,-20,-7,-11,-19,2,0,-4,-9,sil
12.770991802215576,-2,12,7,6,13,5,9,0,-2,-2,6,-7,0,-3,sil
12.788881063461304,-4,14,15,23,19,20,15,0,9,25,15,2,9,4,sil
12.788881063461304,-2,5,10,23,6,21,14,0,12,34,11,1,3,3,sil
12.802573680877686,0,-7,0,8,1,20,22,-1,2,24,-4,-16,-14,3,sil
12.802573680877686,0,-10,-3,0,2,21,23,-2,3,23,-12,-17,-18,6,sil
12.819099426269531,-3,-15,-18,-3,-8,5,17,-2,7,22,-9,-13,-5,3,sil
12.819099426269531,-10,-27,-30,-20,-14,-10,11,2,0,9,-10,-14,0,3,sil
12.834570169448853,-2,-23,-18,-22,-2,-3,13,15,8,14,-8,3,8,15,hello
12.834570169448853,17,-8,-2,-8,4,2,11,24,14,2,-1,26,20,17,hello
12.850478649139404,20,0,-6,-7,5,-11,1,8,-5,-34,4,14,15,0,hello
12.850478649139404,5,0,-8,-17,6,-19,-16,-14,-22,-46,4,-2,0,-17,hello
12.866174459457396,-2,3,7,-13,0,-9,-31,-19,-25,-33,-2,-2,-14,-20,hello
12.866174459457396,-8,9,13,4,-1,1,-20,-15,-20,-23,-6,-8,-23,-15,hello
12.8817458152771,-13,10,8,15,0,9,-3,-7,-11,-2,-8,-17,-21,-8,hello
12.8817458152771,-3,8,11,17,0,19,2,4,2,20,-7,-5,-3,0,hello
12.896761178970335,4,-1,4,6,-4,8,-3,7,17,15,-5,2,8,13,hello
12.896761178970335,0,-7,-8,-13,-16,-27,-23,0,11,-10,-8,4,2,13,hello
12.912256002426147,2,17,0,-5,-10,-30,-23,-4,-6,-19,6,14,9,-6,hello
12.912256002426147,6,31,22,24,12,4,0,-3,-11,-7,26,16,16,-13,hello
12.927966117858888,0,10,24,25,10,18,17,0,1,5,14,5,3,5,hello
12.927966117858888,0,0,8,5,-1,3,21,4,16,16,7,5,7,18,hello
12.942994356155396,19,16,7,2,3,-7,6,10,10,5,24,20,23,12,hello
12.942994356155396,19,26,13,13,6,-1,-1,0,-5,-11,25,15,11,0,hello
12.959038734436035,-4,6,7,11,2,12,17,-5,-9,-4,-4,-12,-15,-4,hello
12.959038734436035,-11,-14,-6,-1,0,9,21,7,1,12,-24,-20,-21,1,hello
12.975050687789915,2,-19,-26,-11,-11,-17,-11,11,7,6,-15,-4,-3,0,hello
12.975050687789915,0,-17,-27,-27,-17,-29,-31,-2,-5,-13,-4,0,2,-11,hello
12.991097211837769,-14,-5,-7,-20,-2,0,-4,-3,-8,-5,0,-3,-1,-11,hello
12.991097211837769,-13,4,0,9,12,22,23,1,7,17,-2,-8,-8,-1,hello
13.006607055664062,-14,-8,-5,9,9,19,13,-4,7,14,-14,-11,-22,-2,hello
13.006607055664062,-20,-29,-8,-9,-1,12,-2,-8,1,7,-10,-3,-14,0,hello
13.021811485290527,-1,-22,-4,-8,0,3,0,3,13,18,11,17,15,16,hello
13.021811485290527,21,1,1,4,9,-8,0,8,16,18,21,33,32,17,hello
13.03696632385254,19,6,5,5,7,-12,-22,-6,-5,-2,14,22,19,-1,hello
13.03696632385254,9,1,12,3,5,-6,-19,-15,-23,-16,3,-5,-2,-9,hello
13.053002834320068,3,9,24,14,11,7,13,-3,-12,-5,-4,-19,-13,1,hello
13.053002834320068,-3,2,15,12,0,14,24,7,1,6,-19,-15,-13,8,hello
13.069050550460815,-9,-18,-15,-15,-22,-3,7,10,2,3,-26,-17,-7,0,hello
13.069555521011353,-5,-23,-25,-33,-28,-26,-6,12,9,-3,-21,-17,1,-3,hello
13.084991931915283,8,-5,-9,-22,-11,-18,-10,12,12,-7,-4,-2,11,1,hello
13.084991931915283,14,15,-5,-7,2,2,-11,0,-2,-16,15,9,13,-6,hello
13.10031509399414,1,20,-4,-2,0,2,-16,-12,-20,-33,13,3,0,-18,hello
13.10031509399414,-5,18,8,6,0,-2,-9,-15,-11,-31,0,-2,-15,-15,hello
13.116319179534912,-9,20,17,21,7,11,12,-7,1,-1,2,0,-15,-4,hello
13.116319179534912,-20,14,8,30,12,27,25,3,5,21,5,-1,-13,0,hello
13.132084369659424,-22,-5,-12,21,8,22,24,5,13,22,-6,-17,-14,-1,hello
13.132084369659424,-8,-16,-10,0,2,5,14,7,15,18,-9,-10,-7,6,hello
13.147067546844482,9,-3,0,-2,1,0,7,12,14,19,13,19,17,20,hello
13.147067546844482,20,3,-4,0,2,-4,-5,-1,10,9,25,25,28,15,hello
13.162685632705688,14,5,2,-1,1,-12,-25,-13,-11,-9,12,11,11,0,hello
13.162685632705688,12,17,21,11,7,-7,-14,-10,-17,-6,14,10,8,-1,hello
13.177778959274292,4,6,4,6,9,2,7,-14,-6,-4,0,-6,-1,-5,hello
13.177778959274292,-17,-17,-16,-17,-3,-2,0,-15,-14,-13,-34,-26,-28,-17,hello
13.193759441375732,-16,-14,-9,-9,-13,-12,-13,0,-19,-9,-27,-12,-15,-6,hello
13.193759441375732,8,-5,-2,-3,-14,-17,-16,8,-6,-4,6,14,21,13,hello
13.20879602432251,17,-9,-6,-26,-14,-15,-20,6,-5,-9,17,26,26,10,hello
13.20879602432251,5,-4,0,-21,-8,-8,-12,5,-17,-10,11,10,5,-3,hello
13.22384262084961,0,9,16,12,1,6,8,6,-10,2,8,-4,-3,-1,hello
13.22384262084961,3,12,25,20,7,14,15,7,8,21,2,3,-1,12,hello
13.239586114883425,7,1,16,5,4,8,10,12,21,31,-4,6,0,18,hello
13.239586114883425,-3,-10,-12,-1,0,8,14,5,29,30,-14,-20,-2,4,hello
13.255447149276732,-7,-20,-17,-19,-4,1,3,1,22,1,-16,-20,-1,-1,hello
13.255447149276732,12,-3,6,-21,-2,-11,-12,9,8,-27,5,22,15,9,hello
13.270617008209229,19,20,12,5,7,-9,-9,0,0,-21,28,38,25,6,hello
13.270617008209229,-2,17,1,7,9,0,-7,-17,-18,-20,4,4,-9,-17,hello
13.286652326583862,-20,8,-3,5,2,7,0,-18,-25,-28,-23,-24,-42,-30,hello
13.286652326583862,-23,3,-6,17,2,18,12,-6,-9,-8,-22,-27,-37,-21,hello
13.301798105239868,-26,-9,-8,4,2,21,21,1,3,13,-17,-17,-20,-9,hello
13.301798105239868,-22,-15,-16,-3,4,15,25,6,15,18,-14,-17,-5,-1,hello
13.31737780570984,-5,-7,-13,8,5,3,15,11,20,18,-6,-14,0,6,sil
13.31737780570984,12,0,1,10,0,-1,4,19,28,27,6,6,10,14,sil
13.332958936691284,24,0,3,-2,-6,-8,2,19,34,24,18,24,31,21,sil
13.332958936691284,24,-1,0,-5,-6,-16,-11,7,12,2,25,24,33,15,sil
13.349128007888794,14,6,4,5,0,-18,-26,-9,-14,-11,26,17,14,-2,sil
13.349128007888794,6,8,10,8,0,-14,-23,-21,-30,-18,11,0,-2,-11,sil
13.36470103263855,0,5,13,4,0,-3,-9,-23,-32,-19,-1,-11,-9,-11,sil
13.36470103263855,-11,2,13,3,3,8,2,-17,-21,-5,-3,-10,-13,-11,sil
13.379982471466064,-15,-3,2,4,4,14,14,-4,-9,9,-15,-12,-17,-1,sil
13.380377292633057,-8,-12,-7,4,0,12,22,0,0,18,-24,-19,-8,7,sil
13.395876169204712,-3,-17,-13,-4,0,11,16,2,9,18,-14,-11,5,8,sil
13.395876169204712,-6,-17,-26,-27,-4,2,0,9,10,5,-6,0,7,4,sil
13.410523891448976,-4,-15,-32,-38,-14,-13,-16,7,-1,-17,-8,0,5,0,sil
13.410523891448976,3,-6,-13,-26,-17,-24,-29,-4,-15,-31,0,3,8,-6,sil
13.426071166992188,5,9,0,-5,-10,-21,-32,-9,-20,-29,19,13,9,-11,sil
13.426071166992188,2,19,0,-3,0,-16,-28,-7,-22,-34,15,10,-1,-14,sil
13.441185235977173,3,18,14,-1,3,-1,-7,-5,-18,-21,7,3,-7,-6,sil
13.456522226333618,2,17,29,14,7,16,10,-4,-7,10,17,6,-2,4,sil
13.456522226333618,0,21,28,27,15,21,16,2,5,22,11,8,-2,8,sil
13.471697092056274,1,20,21,30,21,16,28,14,28,26,0,2,-4,10,sil
13.471697092056274,9,3,17,22,9,15,29,18,35,33,2,1,-2,18,sil
13.487443923950195,13,-8,5,2,-5,11,13,18,27,19,-1,6,5,22,sil
13.487443923950195,5,-10,-14,-13,-8,-5,6,20,30,6,-13,4,12,17,sil
13.50290870666504,0,-16,-21,-18,-6,-23,1,18,31,6,-5,5,10,6,sil
13.50290870666504,6,-5,-8,-4,-1,-19,-11,1,18,2,4,8,14,-1,sil
13.519078731536863,16,13,8,9,4,-8,-14,-11,-1,-8,0,7,9,-5,sil
13.519078731536863,4,12,10,8,4,-8,-13,-14,-25,-21,-2,2,-9,-13,sil
13.534854412078856,-16,-3,-4,-1,2,-9,-15,-23,-39,-27,-6,-14,-22,-29,sil
13.534854412078856,-17,-4,-2,1,3,6,-6,-26,-33,-24,-16,-24,-25,-26,sil
13.550369262695312,-7,1,12,19,3,27,11,-8,-15,-8,-9,-15,-15,-4,sil
13.550369262695312,-11,-8,6,20,0,36,19,4,-1,16,-5,-20,-5,7,sil
13.565978050231934,-16,-17,-8,2,0,29,23,10,9,34,-11,-23,-3,6,sil
13.565978050231934,-7,-17,-14,-7,0,15,21,13,17,34,-1,-4,5,12,sil
13.581539392471312,-1,-25,-19,-18,-11,0,0,12,12,14,0,3,10,14,sil
13.581539392471312,-4,-26,-29,-33,-18,-15,-5,5,5,0,-8,-6,6,0,sil
13.597054243087769,-3,-16,-23,-33,-10,-23,-1,0,0,-5,-1,-5,4,-10,sil
13.597054243087769,3,-6,-6,-19,-6,-20,-7,-1,-3,-4,13,10,11,0,sil
13.612977981567385,6,5,1,-4,-6,-19,-14,0,0,-1,25,26,22,9,sil
13.612977981567385,3,18,7,-2,-5,-23,-18,-6,-6,-12,29,35,20,2,sil
13.62914228439331,5,20,10,-1,-2,-15,-21,-18,-20,-23,20,24,5,-11,sil
13.62914228439331,8,23,10,8,6,-2,-14,-15,-20,-18,8,7,-8,-11,sil
13.645094871520996,8,34,18,20,19,5,0,1,-8,-14,2,2,-14,-9,sil
13.645094871520996,6,30,21,28,20,13,0,-1,1,-20,-7,-6,-16,-17,sil
13.6606707572937,4,12,10,21,10,13,0,-8,5,-19,-14,-21,-19,-14,sil
13.6606707572937,-4,5,0,8,4,3,6,4,5,1,-7,-21,-18,3,sil
13.67618727684021,-10,-6,-4,0,0,-1,7,9,0,14,-18,-16,-17,10,sil
13.67618727684021,-1,-21,-6,0,-3,6,7,5,8,17,-32,-8,-7,4,sil
13.691693782806396,9,-11,-3,3,0,10,16,15,30,29,-7,0,14,9,sil
13.691693782806396,9,-6,0,-3,-1,1,6,22,26,20,9,1,18,22,sil
13.707068920135498,8,-9,0,-13,-3,-4,-1,9,11,2,8,11,16,25,sil
13.707068920135498,15,1,4,-5,-2,-7,3,-4,9,7,30,36,35,18,sil
13.722784280776978,16,16,16,3,-3,-12,-8,-8,-10,1,33,27,30,7,sil
13.722784280776978,0,14,13,15,0,2,-11,-13,-26,-12,0,-11,-6,-9,sil
13.7388813495636,-16,6,3,20,5,21,11,-10,-13,-2,-21,-25,-30,-15,sil
13.7388813495636,-18,2,0,14,0,19,16,-5,-10,10,-17,-16,-30,-6,sil
13.75478744506836,-14,-14,-6,1,-4,9,3,-7,-15,5,-13,-13,-24,-1,sil
13.75478744506836,-18,-34,-16,-17,-8,0,0,-1,-6,-4,-14,-13,-15,-5,sil
13.76978063583374,-11,-21,-17,-24,-6,-10,-4,7,2,-2,-7,-6,3,-3,sil
13.76978063583374,8,-2,-6,-16,-1,-14,-7,6,3,3,4,8,17,2,sil
13.78537368774414,10,-10,-6,-14,-2,-5,0,7,11,5,7,15,14,0,sil
13.78537368774414,-10,-23,-22,-22,0,1,0,12,19,0,0,1,10,-5,sil
13.801021337509155,-13,-16,-23,-25,7,-4,-6,6,9,-8,-5,0,12,-6,sil
13.801021337509155,1,3,-4,-12,3,-9,-9,-5,0,-8,7,19,13,-3,sil
13.81654143333435,6,17,13,0,0,0,-12,-9,-4,-4,17,13,9,-8,sil
13.81654143333435,-2,19,14,7,4,0,-9,-11,-9,-11,9,-6,0,-15,sil
13.832589387893677,-9,13,2,7,0,-10,-6,-17,-13,-25,3,-7,-13,-17,sil
13.832589387893677,0,11,7,8,-4,-7,-8,-9,-18,-27,7,-1,-13,-11,sil
13.848865270614624,12,18,28,22,7,11,4,4,-11,-1,16,0,3,1,sil
13.848865270614624,12,16,28,34,12,19,24,4,2,18,7,-5,0,12,sil
13.864683151245115,4,7,14,28,-2,15,30,2,11,13,-14,-11,-16,16,sil
13.864683151245115,2,0,2,10,-6,11,29,11,17,19,-19,-7,-8,18,sil
13.880009174346924,2,-10,-12,-9,-6,4,16,15,12,24,-15,-6,-2,18,sil
13.880009174346924,0,-16,-28,-11,-13,-3,3,9,11,19,-16,-11,-6,16,sil
13.895995616912842,3,-5,-18,-1,-7,-12,-5,4,15,15,-8,0,3,15,sil
13.895995616912842,14,7,0,0,3,-14,-16,5,7,2,4,17,13,11,sil
13.911521911621094,16,5,-1,-2,7,-10,-11,2,-2,-12,11,20,12,7,sil
13.911521911621094,16,0,0,-4,7,-13,-6,-2,-7,-11,8,18,7,1,sil
13.927557229995728,7,3,5,-4,2,-18,-26,-12,-13,-13,6,14,3,-13,sil
13.927557229995728,-12,2,-1,-6,-4,-14,-39,-24,-20,-25,7,2,-5,-27,sil
13.943601369857788,-19,0,0,-5,-1,0,-16,-20,-22,-25,1,-5,-13,-25,sil
13.943601369857788,-12,5,6,2,4,13,3,-8,-20,-19,-4,-9,-13,-19,sil
13.958646535873411,-15,-5,3,3,-1,15,4,-5,-19,-13,-5,-18,-16,-14,sil
13.958646535873411,-16,-16,1,3,-2,16,13,-3,-5,10,0,-15,-5,-1,sil
13.974703788757324,-7,-11,1,1,5,12,17,6,14,27,-3,-4,12,4,sil
13.974703788757324,-13,-14,-6,-12,0,2,6,14,20,21,-12,-7,9,-1,sil
13.990020513534546,-14,-18,-14,-15,-9,5,10,15,22,22,-4,-6,2,-1,sil
13.990020513534546,3,-8,-6,-4,1,11,17,21,27,25,6,6,11,18,sil
14.00573992729187,19,5,3,-3,11,0,4,20,26,12,15,22,22,27,sil
14.00573992729187,24,13,3,-4,3,-14,-8,2,11,-8,23,23,22,9,sil
14.020955085754396,22,14,4,-1,-1,-11,-14,-7,-9,-27,19,10,11,-1,sil
14.020955085754396,8,13,10,8,0,0,-5,-6,-13,-17,6,-2,1,1,sil
14.036542177200316,-4,11,14,19,2,9,4,-13,-16,3,-10,-12,-16,-2,sil
14.036542177200316,-17,1,0,12,0,9,10,-19,-24,3,-33,-19,-34,-14,sil
14.051695108413696,-19,-10,-16,-2,-5,0,11,-5,-5,1,-33,-19,-19,-7,sil
14.051695108413696,0,-5,-5,-8,-4,-11,7,14,20,10,-1,0,11,11,sil
14.07297396659851,15,9,11,3,3,-9,0,10,13,8,22,17,19,6,sil
14.07297396659851,4,12,14,16,7,1,-1,-8,-8,-10,2,-1,-7,-10,sil
14.07297396659851,-7,2,6,17,4,14,11,-4,-5,-7,-18,-23,-27,-5,sil
14.083028078079224,-9,-16,-10,-1,-2,15,21,7,6,15,-10,-11,-12,10,sil
14.099159479141235,0,-23,-16,-22,-8,0,3,7,5,16,0,11,7,12,sil
14.099159479141235,10,-6,-6,-14,-4,-21,-14,3,0,0,7,15,13,4,sil
14.114864826202393,2,0,-9,-7,-3,-30,-20,-1,-8,-21,17,10,9,-4,sil
14.114864826202393,-6,-2,-9,-12,-12,-19,-23,-6,-13,-27,16,14,7,-10,sil
14.130982398986816,0,2,2,-1,-4,-8,-28,-3,-4,-8,15,14,6,-9,sil
14.130982398986816,2,10,9,12,9,1,-24,-2,0,0,9,0,-7,-13,sil
14.147019624710085,-4,19,6,13,7,15,-8,-13,-5,-9,0,-4,-16,-20,sil
14.147019624710085,-7,13,4,10,0,15,-6,-16,-11,-13,-7,-2,-13,-13,sil
14.16278910636902,-4,3,4,8,3,10,0,1,-1,-2,-11,-9,-10,0,sil
14.16278910636902,6,1,9,15,14,24,27,18,21,27,-2,-5,5,16,sil
14.177878141403198,13,-6,10,5,3,17,31,16,18,37,1,11,17,32,sil
14.177878141403198,1,-20,-11,-19,-14,-12,11,7,3,12,-8,1,9,26,sil
14.193746328353882,-4,-19,-24,-33,-15,-22,3,6,4,-7,-19,-11,2,11,sil
14.193746328353882,6,-10,-13,-28,-10,-15,0,2,-2,-11,-10,5,9,4,sil
14.208773612976074,11,2,-4,-18,-6,-13,-8,-8,-13,-18,10,17,16,-4,sil
14.208773612976074,7,17,7,-6,8,-1,-2,-6,-8,-16,17,-1,7,-12,sil
14.223737955093384,2,22,19,14,18,11,5,0,-1,-3,8,-13,-7,-10,sil
14.223737955093384,-9,13,14,24,11,7,-1,-5,-5,-2,-1,-13,-13,-12,sil
14.240013599395752,-17,2,7,15,11,7,-3,-6,-4,-2,-2,-12,-7,-7,sil
14.240013599395752,-12,-3,4,14,16,20,2,-6,0,4,0,-12,-6,-1,sil
14.255574941635132,-14,-7,2,17,2,20,0,-14,-9,7,-6,-14,-19,-13,sil
14.255574941635132,-15,-7,-1,14,-10,3,0,-7,-9,16,-12,-8,-16,-15,sil
14.27120804786682,-3,-17,-12,0,-9,-8,12,11,15,26,-4,4,2,7,sil
14.27120804786682,3,-26,-16,-9,-10,-8,12,19,25,19,-1,12,10,15,sil
14.286816835403442,6,-10,-5,0,-6,0,11,12,18,14,-3,4,9,6,sil
14.286816835403442,11,2,1,6,-1,-2,13,8,13,3,-3,-1,3,12,sil
14.30252718925476,16,1,-1,-3,-8,-9,5,9,10,-11,1,7,5,20,sil
14.30252718925476,16,0,-5,-13,-13,-6,-11,2,0,-11,7,16,16,11,sil
14.318021059036257,9,7,-5,-22,-6,-13,-24,-6,-14,-18,7,14,13,-6,sil
14.318021059036257,1,10,-3,-23,0,-23,-26,-5,-11,-22,10,10,4,-17,sil
14.33362603187561,0,9,1,-17,0,-13,-20,1,0,-4,16,10,3,-11,sil
14.33362603187561,5,19,12,-3,8,-3,-12,0,-6,2,21,14,10,0,sil
14.34965181350708,7,30,20,13,19,-2,-4,-12,-23,-17,17,11,5,-4,sil
14.34965181350708,-5,19,14,18,13,12,3,-16,-24,-22,-4,-4,-20,-10,sil
14.365264654159546,-18,-1,2,17,5,32,14,-7,-3,5,-13,-16,-31,-2,sil
14.365264654159546,-12,-10,2,21,7,27,19,3,13,26,-4,-13,-15,6,sil
14.381304264068604,-9,-11,0,16,0,12,16,10,15,20,-12,-12,-9,4,sil
14.381304264068604,-20,-21,-17,-5,-11,0,6,7,13,10,-28,-24,-18,0,sil
14.396966457366943,-18,-26,-24,-24,-8,-2,0,5,12,7,-24,-22,-8,2,sil
14.396966457366943,0,-13,-13,-15,2,2,-1,6,10,6,-3,4,13,7,sil
14.41195583343506,11,0,0,-4,0,-6,-4,-4,-4,-8,7,17,14,3,sil
14.41195583343506,12,3,10,-4,-6,-16,-11,-13,-13,-22,11,10,9,0,sil
14.427413702011108,20,7,10,-1,0,-6,-8,-4,-3,-11,20,14,15,0,sil
14.427413702011108,28,16,13,8,8,-1,-2,0,-5,-8,17,19,11,-1,sil
14.443025588989258,16,22,16,16,6,-4,3,-10,-15,-18,2,3,-3,-3,sil
14.443025588989258,-5,4,4,13,0,0,10,-7,-13,-6,-9,-16,-13,-3,sil
14.458755016326904,-16,-17,-12,0,0,8,14,9,2,13,-12,-20,-13,0,sil
14.458755016326904,-19,-16,-16,0,-2,9,14,10,15,17,-6,-12,0,10,sil
14.47392749786377,-11,-5,-5,4,-7,4,10,6,12,14,-3,-5,8,13,sil
14.48957657814026,0,0,-1,1,-3,-4,6,10,15,20,-1,1,11,7,sil
14.48957657814026,0,-5,-10,-15,-2,-13,-7,7,11,12,0,2,15,0,sil
14.504667043685911,0,-8,-12,-29,-13,-15,-20,0,-9,-6,1,0,12,-5,sil
14.504667043685911,3,3,-7,-24,-14,-15,-20,-6,-14,-12,5,5,9,-9,sil
14.519999265670776,0,15,0,-12,-3,-14,-24,-7,-10,-11,6,9,4,-12,sil
14.519999265670776,-3,12,5,4,1,-5,-23,-8,-16,-11,1,0,-6,-19,sil
14.535497188568115,-3,1,8,17,0,-1,-13,-14,-18,-12,-9,-14,-24,-24,sil
14.535497188568115,-6,3,12,21,0,1,-2,-9,-9,-10,-12,-7,-27,-12,sil
14.550677061080933,-6,1,9,24,9,22,19,1,1,4,-4,0,-9,4,sil
14.550677061080933,-9,-24,-8,2,9,31,26,4,8,8,-16,-17,-9,7,sil
14.565876245498655,-11,-34,-22,-24,0,13,12,6,12,-6,-26,-22,-17,0,sil
14.565876245498655,4,-7,-4,-15,1,2,11,18,23,-2,0,7,3,8,sil
14.581003904342651,30,16,21,5,15,9,20,25,33,17,28,42,34,29,sil
14.581003904342651,35,18,16,6,24,9,19,18,29,24,39,46,42,28,sil
14.596529483795166,19,10,6,0,15,-6,-2,3,5,6,31,21,18,7,sil
14.596529483795166,3,9,9,-1,-1,-19,-18,-14,-13,-10,16,4,-13,-8,sil
14.612622022628784,0,14,12,9,0,-8,-14,-23,-20,-7,17,8,-26,-9,sil
14.612622022628784,0,18,17,24,7,10,-4,-14,-25,1,21,5,-30,0,sil
14.627781629562378,-2,19,18,30,6,16,2,-9,-13,5,6,-10,-39,3,sil
14.627781629562378,-7,9,5,20,-2,6,10,-8,1,9,-16,-21,-28,3,sil
14.642923831939695,-15,-7,-6,9,-15,-2,12,-2,1,15,-26,-21,3,0,sil
14.642923831939695,-16,-24,-17,-6,-27,-2,0,-1,-2,3,-30,-20,19,-2,sil
14.658045291900637,-7,-31,-30,-34,-24,-4,-8,3,4,-7,-32,-16,13,0,sil
14.658045291900637,-6,-19,-36,-36,-8,-12,-5,16,14,3,-15,-3,30,2,sil
14.673599243164062,-7,-2,-23,-18,1,-16,-7,15,9,-1,3,7,47,0,sil
14.673599243164062,4,1,-4,-14,2,-8,-10,5,-2,-24,9,15,39,0,sil
14.688928604125977,9,-1,-1,-18,-1,-11,-10,0,-8,-15,2,7,30,0,sil
14.688928604125977,0,0,-1,-17,-7,-28,-16,-2,-14,-11,-3,0,12,-14,sil
14.70481777191162,-1,7,3,-4,-3,-20,-17,-9,-19,-23,0,0,-20,-25,sil
14.70481777191162,-5,3,6,9,2,3,-1,-16,-18,-11,-2,-7,-41,-21,sil
14.720481634140016,-15,0,7,14,6,13,16,-8,-4,10,-9,-21,-37,-7,sil
14.720481634140016,-14,3,8,22,12,22,26,0,8,10,-6,-23,-31,-3,sil
14.735735416412354,-7,-3,8,24,11,34,24,0,2,0,-11,-18,-34,-4,sil
14.735735416412354,1,-14,0,11,3,24,21,4,6,9,-4,-2,-14,12,sil
14.750931024551392,20,-5,1,-1,1,4,11,23,28,24,24,19,25,34,sil
14.750931024551392,26,5,8,-6,0,1,0,26,33,24,41,25,41,30,sil
14.766072988510132,13,-2,0,-11,-10,-8,-10,3,15,9,28,20,27,7,sil
14.766072988510132,6,-6,-6,-16,-15,-28,-25,-12,-6,-13,-4,13,1,-4,sil
14.78166389465332,15,16,6,1,3,-13,-25,-9,-15,-19,-21,10,-5,-6,sil
14.78166389465332,25,32,21,30,29,12,-9,-3,-9,-6,4,15,5,0,sil
15.310747623443604,-7,2,-12,-9,0,-21,-34,-18,-20,-16,-5,-14,-1,-21,sil
15.310747623443604,-15,5,0,2,3,0,-23,-8,-19,-19,-12,-21,-8,-3,sil
15.326326847076416,-10,-1,-3,7,11,31,1,1,-4,-7,-18,-20,-13,4,sil
15.326326847076416,-12,-19,-18,-5,5,28,20,6,11,10,-21,-18,-10,0,sil
15.341920375823976,-15,-24,-28,-30,-3,1,15,9,19,19,-19,-10,2,0,sil
15.341920375823976,-2,-7,-18,-25,-1,-10,-4,1,0,0,-11,0,3,4,sil
15.357961893081663,9,12,2,2,0,-3,-8,-8,-18,-21,10,12,4,0,sil
15.357961893081663,13,23,16,12,-1,0,4,-10,-12,-15,33,19,19,-6,sil
15.373811721801758,8,21,22,2,0,-2,0,-6,-16,-10,22,10,2,-3,sil
15.373811721801758,0,13,22,8,3,6,8,0,-12,1,7,-2,-18,-2,sil
15.389009475708008,-5,5,18,19,6,28,36,11,13,22,7,-2,-6,0,sil
15.389009475708008,-6,-2,11,17,2,24,26,12,19,23,1,0,1,3,sil
15.404064178466797,0,-10,6,13,-3,-4,-6,4,0,10,-6,6,-1,4,sil
15.404064178466797,20,-5,17,7,-4,-22,-17,3,0,0,7,32,16,15,sil
15.419750690460203,34,14,29,7,0,-23,-21,0,0,-16,33,49,33,22,sil
15.435529232025146,28,20,25,16,-6,-24,-26,-13,-16,-23,34,35,24,1,sil
15.435529232025146,20,11,23,21,-7,-14,-11,-10,-18,-12,17,18,7,-9,sil
15.450538158416748,7,10,17,19,0,5,5,-3,-5,-3,6,8,-6,-2,sil
15.450538158416748,-8,1,7,9,-3,10,7,-7,-6,0,-8,-7,-19,0,sil
15.465739965438845,-4,-10,0,8,-13,11,15,0,1,14,-16,-14,-13,8,sil
15.465739965438845,3,-12,-13,7,-7,9,18,16,24,24,-12,-7,0,17,sil
15.48104190826416,-7,-14,-29,-12,0,-2,1,18,26,8,-20,-2,1,5,sil
15.48104190826416,-12,-21,-36,-29,1,-8,-6,5,17,-2,-18,-5,4,-10,sil
15.495978116989136,-3,-12,-28,-23,9,-8,-6,-8,2,-9,-3,-10,0,-16,sil
15.495978116989136,-2,12,-8,-5,15,-4,-6,-21,-18,-17,-4,-15,-17,-24,sil
15.51110553741455,-12,18,0,9,13,8,0,-21,-15,-11,-10,-27,-25,-26,sil
15.51110553741455,-23,0,-6,3,12,19,6,-4,1,-3,-7,-38,-23,-15,sil
15.52664566040039,-24,-5,-14,0,14,22,15,8,15,10,-3,-33,-7,0,sil
15.52664566040039,-14,-8,-13,-1,10,22,21,21,28,30,-3,-15,5,15,sil
15.54183840751648,-14,-24,-22,-22,-1,3,7,24,26,24,-9,-8,0,14,sil
15.54183840751648,-13,-29,-26,-41,-10,-24,-12,9,2,0,-12,-3,0,12,sil
15.557185173034668,9,-6,0,-26,-9,-25,-16,0,-9,-5,2,15,22,21,sil
15.557185173034668,20,10,12,-9,-12,-15,-14,0,-12,-6,14,27,24,10,sil
15.572896003723145,6,9,0,-18,-14,-21,-23,-10,-30,-19,6,17,7,-16,sil
15.572896003723145,6,15,6,-9,-2,-13,-21,-21,-37,-22,7,18,7,-17,sil
15.589115142822266,22,25,28,21,8,8,-5,-20,-21,-13,21,23,14,-1,sil
15.589115142822266,26,25,33,29,7,12,3,-13,-14,-9,15,14,4,2,sil
15.604570627212524,13,21,25,18,1,1,5,-4,-15,-8,1,-2,-11,0,sil
15.604570627212524,-2,10,19,15,-4,6,1,3,-5,-4,-1,-6,-19,0,sil
15.61998963356018,-10,-1,12,22,-12,21,6,14,15,9,0,-2,-5,7,sil
15.61998963356018,-13,-9,2,20,-8,20,22,15,28,32,-1,-8,6,10,sil
15.635534048080444,-8,-7,0,6,-1,8,20,9,20,36,-5,-5,-2,10,sil
15.635534048080444,0,-9,-7,0,0,0,8,0,9,13,-6,3,-10,7,sil
15.65055227279663,-10,-27,-20,-7,-5,-11,-1,-7,0,-9,-14,-7,-16,-3,sil
15.65055227279663,-22,-31,-22,-17,-13,-20,-6,0,0,-10,-13,-10,-16,-13,sil
15.66592526435852,0,-10,-21,-13,-4,-15,-9,6,13,0,2,0,2,-11,sil
15.66592526435852,6,-9,-21,-19,0,-11,-20,0,5,-9,0,-3,2,-10,sil
15.681857347488403,-6,-19,-19,-30,-9,-12,-28,-5,-11,-23,-12,-5,-9,-15,sil
15.681857347488403,0,-6,-10,-18,-4,-10,-22,-3,-9,-18,1,6,-2,-15,sil
15.697588443756104,17,15,5,6,16,-4,-6,-1,-1,-9,16,10,7,-7,sil
15.697588443756104,7,17,8,11,18,-1,2,-2,2,-7,5,0,8,-5,sil
15.712714910507202,-4,5,0,-6,5,2,1,2,-1,-11,-4,-7,3,-11,sil
15.712714910507202,-6,2,0,-6,6,9,4,0,-14,-11,-4,-12,-4,-11,sil
15.728700399398804,-12,4,3,10,8,11,13,-13,-18,-6,-13,-17,-16,-7,sil
15.728700399398804,-11,7,9,16,5,13,26,-2,-4,12,-13,-8,-7,8,sil
15.743377685546877,6,18,23,26,14,21,42,13,11,35,10,12,17,33,sil
15.743377685546877,18,21,36,41,14,22,36,8,11,25,18,18,18,37,sil
15.75875449180603,22,12,30,33,1,14,22,10,15,17,9,7,7,30,sil
15.75875449180603,29,11,15,12,0,10,19,26,34,34,14,13,22,38,sil
15.773974657058716,33,21,16,6,13,16,19,26,36,33,28,36,40,48,sil
15.789177417755129,27,21,14,12,19,16,7,6,22,19,40,42,38,30,sil
15.789177417755129,20,9,5,5,15,-2,-8,-2,17,16,40,33,29,11,sil
15.804572105407717,24,14,9,-1,14,-7,-5,9,24,20,36,38,39,20,sil
15.804572105407717,23,20,9,-2,11,0,-6,6,12,4,21,31,31,18,sil
15.8198401927948,5,19,6,14,4,3,-9,-8,-6,-17,1,2,-2,-9,sil
15.8198401927948,4,31,15,40,10,19,15,-3,0,-8,7,-7,-16,-20,sil
15.835834741592407,-6,9,1,16,2,11,15,-6,-11,-6,-4,-17,-30,-22,sil
15.835834741592407,-40,-32,-30,-22,-20,-13,-15,-24,-33,-17,-40,-46,-46,-38,sil
15.850982427597046,-57,-54,-51,-32,-36,-19,-27,-29,-35,-17,-56,-64,-48,-46,sil
15.850982427597046,-63,-73,-64,-53,-48,-27,-40,-23,-40,-32,-67,-66,-62,-50,sil
15.866589546203612,-62,-71,-58,-61,-47,-36,-47,-18,-31,-35,-64,-49,-55,-42,sil
15.866589546203612,-79,-88,-72,-88,-68,-63,-74,-34,-48,-53,-78,-57,-57,-56,sil
15.881744146347046,-80,-100,-87,-114,-86,-84,-95,-40,-74,-79,-81,-71,-64,-72,sil
15.881744146347046,-66,-81,-81,-104,-79,-88,-98,-41,-74,-84,-63,-60,-60,-69,sil
15.89782428741455,-148,-144,-144,-180,-142,-159,-182,-111,-167,-171,-146,-123,-151,-146,sil
15.89782428741455,-86,-73,-69,-108,-77,-88,-105,-60,-127,-122,-88,-66,-91,-100,sil
15.913895845413208,32,46,50,27,29,15,21,37,12,6,36,33,33,12,sil
15.913895845413208,-250,-217,-209,-252,-221,-227,-251,-151,-229,-251,-242,-236,-256,-240,sil
15.929514408111572,-72,-31,-25,-60,-47,-11,-41,6,-75,-96,-76,-77,-96,-79,sil
15.929514408111572,901,889,874,953,824,852,935,679,865,869,886,822,888,842,sil
15.94459629058838,839,782,751,894,745,710,844,514,836,866,829,754,847,801,sil
15.94459629058838,-218,-237,-259,-202,-205,-247,-213,-285,-207,-181,-220,-228,-221,-199,sil
15.95984935760498,-320,-305,-309,-321,-282,-275,-296,-269,-337,-325,-321,-299,-336,-296,sil
15.95984935760498,72,60,67,67,72,77,81,55,70,76,72,82,75,90,sil
15.974926233291626,-104,-126,-113,-126,-95,-110,-118,-83,-84,-92,-106,-85,-96,-78,sil
15.974926233291626,-188,-190,-179,-210,-184,-182,-204,-126,-171,-192,-192,-166,-188,-173,sil
15.991002559661863,-26,-36,-29,-49,-49,-46,-53,-4,-20,-39,-33,-17,-25,-30,sil
15.991002559661863,-38,-48,-44,-69,-55,-65,-73,-35,-57,-66,-41,-33,-30,-53,sil
16.006563186645508,-46,-33,-34,-53,-48,-48,-64,-47,-79,-77,-37,-45,-43,-65,sil
16.006563186645508,-31,-9,-4,-3,-16,-1,-18,-19,-36,-25,-17,-31,-36,-36,sil
16.021776914596558,-60,-46,-35,-24,-28,-3,-23,-14,-33,-24,-54,-62,-61,-47,sil
16.021776914596558,-42,-30,-31,-17,-12,12,-2,5,-10,-5,-42,-41,-36,-24,sil
16.037872076034546,-22,-11,-23,-12,-6,2,-5,12,2,7,-24,-15,-18,-4,sil
16.037872076034546,-17,-11,-21,-14,-14,-21,-18,14,16,16,-13,-3,-6,2,sil
16.053556203842163,-3,-8,-17,-14,-13,-24,-14,16,17,14,-8,8,2,8,sil
16.053556203842163,1,-11,-24,-27,-11,-18,-7,-1,-5,-16,-13,1,-4,-5,sil
16.074599266052246,6,-9,-6,-19,2,-3,4,-6,-10,-33,7,3,7,-9,sil
16.074599266052246,0,-1,10,-12,3,-5,0,-2,-18,-26,21,14,15,-6,sil
16.074599266052246,2,18,11,-2,2,-1,-8,-10,-27,-12,19,12,6,-8,sil
16.0847008228302,15,36,21,19,14,13,-4,-14,-19,-7,18,0,0,-5,sil
16.099966287612915,12,31,36,37,20,11,-8,-5,-12,-4,17,0,-2,-5,sil
16.099966287612915,15,30,41,53,20,15,-5,9,2,19,21,12,13,3,sil
16.11591100692749,22,23,32,44,17,27,19,17,25,35,18,12,21,23,sil
16.11591100692749,18,2,16,13,11,24,43,14,35,35,6,0,8,28,sil
16.131962537765503,9,-9,6,-1,6,14,42,15,33,30,-2,3,0,22,sil
16.131962537765503,2,-17,-7,-3,-2,11,32,17,21,18,-6,6,4,21,sil
16.147971868515015,3,-18,-19,-13,-2,6,17,12,13,11,0,6,12,20,sil
16.147971868515015,12,-4,-11,-17,5,3,0,11,14,8,11,14,19,13,sil
16.163504600524902,23,6,-2,0,7,2,-10,10,15,8,22,24,31,3,sil
16.163504600524902,26,16,1,7,5,-10,-20,2,4,1,28,25,35,0,sil
16.1790292263031,6,22,8,10,4,-13,-20,-2,-1,-8,11,10,15,0,sil
16.1790292263031,-13,15,13,22,5,8,10,1,10,0,-13,-6,-10,-2,sil
16.194581747055054,-9,8,12,22,10,22,32,4,13,17,-14,-9,-20,5,sil
16.194581747055054,-3,8,3,16,11,14,19,-6,-1,7,-8,-11,-21,6,sil
16.209906339645386,-11,-2,-4,7,0,5,10,-8,-7,-6,-19,-17,-20,2,sil
16.209906339645386,-5,-12,-5,-11,-9,-2,13,8,8,2,-11,-1,-2,13,sil
16.224976539611816,12,1,-1,-16,1,-14,0,4,5,-2,15,16,18,11,sil
16.224976539611816,4,12,9,-2,8,-11,-15,-20,-28,-32,10,0,0,-18,sil
16.24049472808838,-21,-10,0,-4,-3,3,-4,-18,-27,-22,-18,-25,-27,-29,sil
16.24049472808838,-24,-42,-34,-30,-12,-1,-6,6,6,8,-19,-21,-15,-10,sil
16.255598783493042,0,-28,-26,-36,-13,-25,-28,10,10,1,7,5,19,0,sil
16.255598783493042,10,8,19,-2,-10,-25,-22,-11,-13,-13,24,21,23,-6,sil
16.2708420753479,0,16,27,22,-6,-4,3,-20,-26,-2,3,7,-10,-6,sil
16.2708420753479,-11,-2,-9,9,-3,3,1,-4,-11,9,-16,-16,-20,-3,sil
16.28628897666931,-3,-9,-24,-13,-3,-5,-22,7,8,4,-5,-5,4,0,sil
16.302027702331543,11,3,-7,-17,-6,-13,-33,2,2,-11,14,20,13,0,sil
16.302027702331543,7,13,0,-1,0,-6,-24,-13,-23,-30,14,11,-2,-14,sil
16.317840099334717,-5,9,8,12,5,2,-10,-22,-32,-29,1,-6,-8,-20,sil
16.317840099334717,0,14,24,27,3,17,9,-14,-18,0,-1,-2,0,1,sil
16.333001613616943,11,14,26,33,3,27,26,6,1,19,-2,0,-2,13,sil
16.333001613616943,0,0,6,9,3,18,25,18,18,18,-13,-6,-13,2,sil
16.348955631256104,-22,-17,-21,-20,-4,0,15,8,19,18,-24,-22,-23,-2,sil
16.348955631256104,-28,-28,-27,-26,-11,1,15,5,9,10,-35,-34,-32,-2,sil
16.36432647705078,-17,-24,-15,-16,0,12,20,19,21,1,-40,-22,-21,0,sil
16.36432647705078,-1,-14,-19,-19,8,8,17,22,41,7,-17,-3,7,8,sil
16.37966752052307,5,-13,-25,-27,-2,-8,0,11,29,6,16,10,22,8,sil
16.37966752052307,11,-5,-11,-9,-6,-21,-18,-1,6,4,40,25,32,2,sil
16.3948392868042,18,14,12,10,2,-20,-27,-7,-5,0,44,31,36,9,sil
16.3948392868042,20,24,23,14,6,-16,-22,-8,-13,-11,35,23,22,8,sil
16.41103434562683,15,20,20,15,3,-19,-20,-18,-26,-22,23,11,3,-4,sil
16.41103434562683,8,17,25,16,1,-15,-15,-16,-33,-22,10,6,-7,-4,sil
16.42655634880066,-1,8,15,17,3,7,16,4,-10,-1,-3,-6,-8,3,sil
16.42655634880066,-4,-3,4,18,8,25,39,22,16,18,-18,-15,-3,8,sil
16.442590713500977,2,1,12,19,8,32,35,18,22,21,-22,0,1,16,sil
16.442590713500977,-3,0,5,8,0,28,29,0,15,16,-21,-1,-2,11,sil
16.45863938331604,-11,-16,-14,-7,-4,11,21,-6,5,19,-19,-21,-13,0,sil
16.45863938331604,0,-12,-17,-8,0,-2,0,0,0,13,-4,-11,-5,-1,sil
16.473846912384033,8,0,-14,-12,-7,-13,-23,0,-5,-9,1,13,9,-3,sil
16.473846912384033,5,0,-15,-18,-11,-21,-35,-5,-6,-14,2,11,13,-11,sil
16.488938093185425,10,0,-6,-10,1,-15,-27,-5,-1,-2,17,5,12,-10,sil
16.488938093185425,7,3,0,-9,11,-6,-17,-10,-10,-18,20,11,6,-10,sil
16.5044949054718,-8,7,0,-14,2,-14,-24,-28,-33,-44,1,3,-8,-22,sil
16.5044949054718,-11,9,9,-2,-2,-20,-30,-28,-39,-34,-3,-9,-20,-24,sil
16.519644260406494,-6,14,17,14,5,6,-7,-4,-16,-2,3,-3,-14,-4,sil
16.519644260406494,-11,10,8,18,10,31,21,5,4,16,0,0,-4,8,sil
16.535216569900513,-16,-3,4,9,-1,18,19,0,-2,6,-14,-11,-13,1,sil
16.535216569900513,-8,-7,5,10,-12,9,17,1,-1,7,-14,-16,-22,-1,sil
16.55110478401184,0,-4,0,7,-4,18,26,17,24,32,-2,-4,-8,14,sil
16.55110478401184,6,-6,0,-4,0,12,24,30,36,36,4,14,16,27,sil
16.56671643257141,5,-6,-6,-4,-8,-4,11,24,31,14,9,14,26,15,sil
16.56671643257141,-1,-11,-13,-10,-14,-10,5,14,24,1,0,-2,6,6,sil
16.5822696685791,1,-10,-13,-15,0,-6,11,15,23,9,-9,-2,-1,10,sil
16.5822696685791,11,-5,-9,-9,10,-8,3,13,19,5,-7,5,8,7,sil
16.598906993865967,7,-5,-4,-10,0,-19,-13,0,3,-15,-3,3,5,-2,sil
16.598906993865967,0,0,-2,-15,-3,-21,-19,-13,-5,-18,3,2,2,-10,sil
16.61456608772278,8,13,0,-3,3,-11,-20,-18,-9,-9,17,5,12,-17,sil
16.61456608772278,9,12,5,9,8,-4,-23,-23,-23,-17,18,0,9,-19,sil
16.630537748336792,-4,6,8,14,7,-3,-21,-27,-39,-30,1,-14,-11,-14,sil
16.630537748336792,-9,10,7,14,0,6,-10,-19,-36,-23,-8,-16,-24,-13,sil
16.645663261413574,-7,7,4,13,1,23,8,-5,-17,-7,-2,-9,-17,-10,sil
16.645663261413574,-7,-4,9,14,9,24,20,6,-1,5,-3,-6,-2,2,sil
16.66130805015564,-4,-1,10,22,6,16,15,12,3,23,-9,-3,5,11,sil
16.66130805015564,0,1,2,19,-2,10,9,2,0,26,-6,0,4,12,sil
16.677082538604736,-2,-11,-8,-5,-4,9,13,-3,0,10,-1,0,1,13,sil
16.677082538604736,-7,-20,-19,-23,-8,0,15,6,11,12,-4,-4,5,12,sil
16.691995859146118,-7,-18,-10,-16,-18,-13,2,15,19,18,-6,0,3,9,sil
16.691995859146118,2,-10,-1,-11,-17,-16,-3,18,25,14,1,16,6,12,sil
16.707921743392944,8,-9,-15,-33,-8,-18,-2,19,32,10,5,15,15,8,sil
16.707921743392944,9,-2,-18,-38,-3,-23,-17,10,14,-8,0,2,5,-4,sil
16.723586797714233,18,20,6,6,1,-17,-28,-7,-12,-28,10,14,-3,-9,sil
16.723586797714233,23,32,23,29,4,-13,-24,-16,-18,-18,23,31,7,0,sil
16.739882707595825,17,25,25,16,5,-9,-12,-12,-9,1,22,21,15,3,sil
16.739882707595825,10,21,24,19,13,11,2,-9,-9,4,17,4,6,0,sil
16.755226612091064,-3,9,14,13,13,23,7,-13,-25,-10,0,-3,-16,-11,sil
16.755226612091064,-25,-11,-8,-6,0,11,5,-15,-24,-23,-29,-25,-34,-23,sil
16.77074646949768,-28,-16,-15,-5,-1,10,15,-1,0,-11,-37,-38,-33,-17,sil
16.77074646949768,-16,-8,-4,3,10,31,32,14,25,19,-22,-23,-13,0,sil
16.786874055862427,-14,-22,-10,-6,8,26,27,10,26,19,-23,-20,-6,1,sil
16.786874055862427,-14,-31,-22,-22,-9,-1,4,8,9,-6,-27,-22,-7,0,sil
16.80268406867981,6,-2,-3,-12,-7,-7,-2,12,1,-1,9,10,19,10,sil
16.80268406867981,30,16,14,2,5,-8,-11,-1,1,6,39,38,41,13,sil
16.81797170639038,20,7,2,0,0,-18,-27,-18,-12,-12,23,23,18,-2,sil
16.81797170639038,-9,0,-8,-6,-6,-7,-25,-20,-35,-22,14,0,0,-16,sil
16.833908557891846,-12,5,5,1,-2,3,-7,-13,-40,-14,16,-2,-3,-11,sil
16.833908557891846,3,22,16,19,5,-1,13,-2,-9,0,2,0,-11,0,sil
16.84915804862976,0,21,14,29,9,2,32,16,24,22,-5,-5,-11,11,hello
16.84915804862976,-6,2,7,22,5,15,32,33,44,38,1,-6,2,19,hello
16.86461329460144,-1,-6,-8,6,-1,3,20,35,57,45,4,6,15,24,hello
16.86461329460144,0,-7,-17,-4,-6,-16,3,23,43,33,4,16,15,22,hello
16.88065266609192,1,-5,-17,-4,-4,-17,-14,1,2,-3,9,8,10,7,hello
16.88065266609192,0,-5,-18,-18,-6,-14,-38,-25,-37,-46,-3,-10,-6,-17,hello
16.89667248725891,-4,-6,-10,-32,-12,-15,-43,-36,-51,-55,-19,-16,-25,-35,hello
16.89667248725891,4,0,7,-3,0,0,-15,-21,-26,-26,-4,-2,-19,-25,hello
16.912510871887207,15,10,19,22,10,20,9,-6,0,0,0,-1,-8,-4,hello
16.912510871887207,0,0,13,15,0,21,16,-5,1,10,-22,-17,-11,0,hello
16.92869281768799,-13,-21,-4,-4,-11,5,9,0,-2,16,-29,-17,-11,3,hello
16.92869281768799,-7,-29,-19,-29,-11,-12,-6,12,4,11,-16,-5,2,11,hello
16.94443964958191,3,-21,-20,-35,-13,-25,-22,8,1,-1,0,2,19,7,hello
16.94443964958191,12,-2,-2,-10,-9,-21,-22,-2,-16,-14,7,14,22,1,hello
16.95963215827942,19,19,19,18,3,-2,-5,0,-14,-5,11,20,16,6,hello
16.95963215827942,9,17,23,23,7,7,9,3,3,8,16,15,13,5,hello
16.975754737854004,0,5,10,8,4,10,15,4,5,-2,15,12,9,0,hello
16.975754737854004,2,12,7,9,12,21,23,4,6,-5,15,10,9,0,hello
16.990944147109985,-3,12,14,19,22,34,31,5,14,19,9,-2,0,2,hello
16.990944147109985,-19,-4,1,8,16,30,27,5,22,30,-8,-15,-13,1,hello
17.00690484046936,-16,-12,-20,-12,2,6,10,5,22,15,-9,-11,-3,4,hello
17.00690484046936,3,4,-9,-7,2,-12,-10,-2,4,0,11,7,14,2,hello
17.021968841552734,7,21,8,4,6,-12,-17,-22,-15,-12,10,8,0,-12,hello
17.021968841552734,-9,9,0,-9,-4,-14,-18,-25,-24,-28,-8,-14,-28,-27,hello
17.036614179611206,-20,-1,0,-6,-12,-7,-3,-2,-7,-16,-7,-17,-27,-16,hello
17.036614179611206,-12,1,7,13,-1,12,17,12,18,18,1,1,-10,5,hello
17.052589654922485,0,-2,-1,-1,2,12,15,10,20,24,-5,2,-7,13,hello
17.052589654922485,4,-7,-11,-15,-1,-6,-1,9,12,7,-5,0,-6,9,hello
17.067683219909668,4,-3,-6,-3,-2,-21,-13,12,8,-4,-7,5,0,8,hello
17.067683219909668,10,-4,-3,-8,-7,-25,-16,10,0,-12,-5,9,10,6,hello
17.083614826202393,20,-4,0,-17,-9,-23,-15,1,-12,-17,16,17,21,0,hello
17.083614826202393,25,2,7,-1,-3,-16,-13,-7,-22,-18,23,17,17,0,hello
17.099061012268066,14,8,7,10,-3,-4,-9,-17,-32,-21,2,4,0,0,hello
17.099061012268066,-6,2,0,6,-5,7,-3,-17,-31,-18,-12,-15,-13,-13,hello
17.114612579345703,-23,-8,-9,11,-1,15,5,-3,-14,-2,-18,-29,-17,-16,hello
17.114612579345703,-17,-9,-9,21,3,21,18,5,9,20,-19,-25,-8,0,hello
17.129798412322998,-2,-1,0,13,8,23,21,8,21,34,-13,-11,1,8,hello
17.145617485046387,0,0,-4,4,6,11,19,11,25,35,-2,-1,15,12,hello
17.145617485046387,0,-9,-13,-1,-3,-1,7,11,28,16,2,9,23,18,hello
17.145617485046387,6,-5,-7,-12,-4,-7,-10,8,14,0,12,21,21,10,hello
17.16077971458435,10,7,2,-12,3,-9,-20,-5,-11,-5,26,23,16,-2,hello
17.17639398574829,4,11,7,0,6,-7,-21,-22,-25,-21,19,13,2,-8,hello
17.17639398574829,0,7,10,5,5,-2,-16,-22,-19,-30,1,-2,-17,-13,hello
17.17639398574829,-11,-1,10,-6,0,-2,-14,-16,-20,-21,-10,-17,-34,-20,hello
17.191948413848877,-19,-7,7,-4,-1,6,-3,-8,-22,-13,-16,-24,-33,-17,hello
17.207526683807373,-16,-10,0,8,4,26,19,4,-5,-1,-19,-22,-19,-9,hello
17.207526683807373,-7,-16,-2,1,0,22,31,18,19,20,-17,-15,-11,0,hello
17.223572492599487,2,-8,0,-6,-6,2,22,23,38,34,-2,2,6,15,hello
17.223572492599487,15,0,0,-10,-2,-10,0,18,32,24,9,21,27,21,hello
17.23860478401184,18,0,-10,-23,-7,-22,-20,5,8,-2,6,17,24,8,hello
17.23860478401184,12,14,-5,-15,-9,-29,-15,-3,0,-14,13,14,16,-2,hello
17.25376844406128,11,33,14,5,2,-17,0,-2,-1,-2,31,18,20,-1,hello
17.25376844406128,7,29,17,11,6,4,12,-3,-4,7,19,0,4,0,hello
17.2689471244812,-4,5,4,11,0,17,18,-6,-4,0,-16,-18,-25,-1,hello
17.2689471244812,-9,-4,0,22,4,20,18,0,-2,-5,-20,-10,-25,7,hello
17.284956693649292,0,1,-2,23,14,16,21,11,8,17,8,10,12,25,hello
17.284956693649292,4,-5,-8,-3,7,5,14,16,22,26,7,13,24,26,hello
17.300482988357544,-1,-23,-19,-25,-1,-4,-7,6,16,1,-11,-3,9,2,sil
17.300482988357544,-8,-15,-20,-20,-4,-17,-31,-10,-6,-24,-2,0,5,-13,sil
17.31563425064087,-7,10,-1,-7,-6,-29,-37,-18,-20,-26,12,9,4,-16,sil
17.31563425064087,-4,8,12,6,-6,-16,-27,-20,-18,-16,0,-6,-14,-26,sil
17.330915689468384,-9,-18,8,8,-6,3,-13,-15,-12,-4,-23,-22,-29,-20,sil
17.330915689468384,-10,-22,-5,0,-4,8,1,4,2,9,-19,-8,-10,5,sil
17.346842050552368,2,0,-4,2,0,-5,3,10,2,4,9,17,8,9,sil
17.346842050552368,16,16,19,19,3,-8,-5,-6,-27,-15,22,25,-1,-9,sil
17.36198616027832,8,15,27,24,4,15,8,-14,-32,-14,4,2,-18,-15,sil
17.36198616027832,-6,-3,4,8,0,28,33,1,-1,4,-13,-13,-17,0,sil
17.377516508102417,-4,-12,-11,-4,-5,7,28,12,17,15,-5,1,2,9,sil
17.377516508102417,12,8,3,-1,0,-12,-1,2,5,2,15,16,18,3,sil
17.39271640777588,18,30,24,11,5,-1,-11,-4,-7,-13,23,7,12,2,sil
17.39271640777588,6,18,9,14,7,18,5,-4,3,2,15,-7,1,10,sil
17.408823490142822,-9,-14,-16,-7,-1,14,9,-1,5,11,-12,-20,-8,7,sil
17.408823490142822,-6,-21,-17,-16,-7,-4,0,6,0,2,-29,-15,-6,-1,sil
17.424577474594116,8,-8,-17,-7,0,-11,-2,13,14,6,-11,2,12,2,sil
17.424577474594116,7,-8,-21,-30,-2,-11,-15,12,12,-3,-10,0,9,6,sil
17.440519094467163,-3,-1,-17,-33,-7,-6,-22,5,0,-12,-11,-12,3,-2,sil
17.440519094467163,-9,3,-21,-7,10,-2,-11,-5,1,-4,1,-12,4,-12,sil
17.4559326171875,-17,-5,-3,-13,16,3,-6,-6,-5,-7,-5,-13,-17,-11,sil
17.4559326171875,-20,1,22,-4,9,18,5,4,0,12,-7,-18,-18,-7,sil
17.47193479537964,-15,5,0,20,10,24,23,10,24,47,3,-21,4,-2,sil
17.47193479537964,-20,-20,-33,-6,2,10,20,5,25,33,-6,-28,0,0,sil
17.487985610961914,-21,-35,-20,-34,-15,-2,8,4,9,10,-17,-19,-9,5,sil
17.487985610961914,-3,-13,0,-10,-20,-11,5,11,3,7,-5,5,2,9,sil
17.50364398956299,11,6,5,12,-13,-22,1,7,4,-8,9,25,10,4,sil
17.50364398956299,22,5,21,5,-9,-31,-12,-3,-1,-29,16,39,13,3,sil
17.518710374832153,35,11,38,8,-11,-28,-21,-8,-4,-22,36,56,25,12,sil
17.518710374832153,39,33,31,33,0,-9,-9,-14,-1,-1,66,56,40,16,sil
17.53388476371765,34,40,20,41,16,1,-5,-19,-15,-4,48,40,23,10,sil
17.53388476371765,23,29,27,27,8,-2,-17,-17,-38,-27,-5,23,-13,-3,sil
17.549808979034424,15,23,30,28,0,3,-13,-11,-28,-28,-15,9,-20,-11,sil
17.549808979034424,2,18,16,31,9,13,0,-7,-12,-13,1,-3,-11,-7,sil
17.56493639945984,-16,0,-3,11,5,12,0,-12,-18,-12,-15,-19,-27,-9,sil
17.56493639945984,-22,-14,-11,-9,0,17,10,-9,-19,-10,-28,-29,-35,-15,sil
17.580968379974365,-23,-12,-14,-2,7,22,28,-4,-5,11,-15,-31,-15,-13,sil
17.580968379974365,-34,-17,-18,-5,5,6,13,-6,-7,12,-24,-40,-20,-11,sil
17.59679627418518,-36,-28,-16,-27,-5,1,1,7,-8,2,-37,-38,-27,-7,sil
17.59679627418518,-24,-30,-35,-23,-4,9,20,17,29,29,-11,-30,8,-2,sil
17.612008333206177,-14,-28,-39,-21,-2,-7,11,17,41,33,-1,-17,18,8,sil
17.612008333206177,-1,-8,15,-26,-4,-11,-10,31,22,7,-5,21,6,31,sil
17.627973318099976,12,8,3,4,4,22,15,28,51,35,24,17,44,25,sil
17.627973318099976,15,-8,-50,1,6,12,14,3,46,37,16,-17,42,4,sil
17.64305567741394,15,-17,7,-50,-8,-26,-27,11,-24,-35,-33,13,-24,13,sil
17.64305567741394,19,4,40,-29,-4,-15,-13,21,-18,-35,-8,39,-10,4,sil
17.65894842147827,14,9,-18,9,5,1,11,0,26,14,37,7,39,-17,sil
17.65894842147827,4,3,-18,-13,-6,-12,-14,-10,-5,-2,13,3,8,-15,sil
17.67378067970276,2,15,11,-12,-12,-10,-17,-5,-26,-18,1,12,-16,-11,sil
17.67378067970276,8,24,9,18,3,-2,-1,-13,-1,0,25,3,4,-7,sil
17.689926624298096,7,19,16,15,8,-9,-13,-16,-2,-5,20,2,9,0,sil
17.689926624298096,-3,14,11,12,0,-5,-22,-19,-11,-8,6,-2,0,-3,sil
17.705592155456543,-8,5,2,23,0,3,-13,-24,-18,-2,0,-14,-13,-5,sil
17.705592155456543,-7,0,15,22,2,8,-4,-19,-23,-6,-15,-13,-28,-5,sil
17.72071409225464,-11,-2,8,11,-1,4,2,-14,-13,-13,-26,-19,-34,-10,sil
17.72071409225464,-8,-3,9,9,-1,5,10,-6,-14,-18,-22,-18,-27,0,sil
17.736755847930908,-1,-1,17,24,10,23,25,6,-15,-6,-7,-2,-5,13,sil
17.752851009368896,0,-5,-2,18,15,25,28,14,4,11,-1,4,8,13,sil
17.752851009368896,0,-13,-14,-10,0,1,10,17,21,23,-6,1,2,14,sil
17.752851009368896,0,-19,-12,-16,-16,-12,-1,14,21,30,-2,-1,6,10,sil
17.768938779830933,-3,-23,-21,-21,-14,-16,-6,10,13,13,0,0,14,1,sil
17.768938779830933,2,-9,-18,-21,-7,-19,-10,10,5,-6,6,14,20,4,sil
17.78462052345276,17,6,-5,-5,-3,-21,-10,11,4,-2,28,30,36,8,sil
17.78462052345276,21,9,0,-4,1,-22,-16,7,1,-10,40,38,37,-2,sil
17.7996609210968,14,23,8,5,12,-11,-14,-4,-3,-23,34,24,12,-15,sil
17.7996609210968,6,33,14,22,17,12,-1,-14,-8,-11,11,-1,-13,-13,sil
17.81455898284912,1,22,19,18,15,25,14,-10,-4,6,-7,-10,-19,-6,sil
17.83006000518799,-5,7,19,17,10,16,26,-4,0,9,-8,-6,-14,-6,sil
17.83006000518799,-19,-1,11,16,0,8,20,-5,-13,-7,-14,-15,-27,-10,sil
17.845585346221924,-21,-6,2,5,-2,19,19,-3,-8,-7,-24,-23,-28,-7,sil
17.845585346221924,-8,-10,-1,0,-1,25,26,3,12,13,-25,-13,-8,9,sil
17.861257314682007,-6,-15,-3,-4,-9,14,23,6,14,24,-25,-7,-5,24,sil
17.861257314682007,-7,-18,-12,-14,-13,5,9,4,18,25,-21,-7,-5,16,sil
17.876954078674316,-7,-21,-23,-26,-12,-3,-5,5,17,10,-17,-7,2,1,sil
17.876954078674316,-18,-30,-32,-41,-16,-17,-20,4,0,-10,-13,-15,3,-6,sil
17.891987085342407,-24,-32,-38,-53,-19,-29,-32,1,-8,-14,-10,-19,-1,-11,sil
17.891987085342407,-3,-19,-23,-40,-11,-31,-39,3,2,-7,-5,-1,7,-1,sil
17.90785813331604,16,-2,-3,-8,-1,-26,-40,0,6,-12,13,14,26,3,sil
17.90785813331604,17,14,8,3,1,-22,-37,-9,-12,-19,30,15,28,-1,sil
17.923438787460327,20,37,22,13,9,-10,-21,-12,-23,-10,29,15,18,-3,sil
17.923438787460327,21,40,28,24,17,4,-9,-11,-17,-1,27,15,7,-4,sil
17.938722372055054,12,26,27,28,16,8,-2,-5,-15,-4,32,12,0,-9,sil
17.938722372055054,8,26,28,40,18,11,19,2,-5,2,29,10,-4,0,sil
17.954564094543457,13,26,24,42,16,17,28,5,5,11,10,6,-7,6,sil
17.954564094543457,10,11,13,27,4,20,22,2,6,10,-4,2,-5,-1,sil
17.970678329467773,-2,-3,0,14,-6,23,25,1,5,3,-16,-6,-4,-3,sil
17.970678329467773,-8,-9,-6,2,-5,25,34,5,12,8,-25,-12,-7,10,sil
17.986758947372437,-1,-6,-4,0,4,19,37,11,19,28,-16,-4,3,17,sil
17.986758947372437,1,-14,-11,-3,3,2,28,12,14,12,-14,0,3,10,sil
18.002829551696777,-7,-29,-26,-22,-9,-8,7,9,10,-12,-25,-10,-9,4,sil
18.002829551696777,-4,-28,-34,-42,-16,-18,-15,8,13,-2,-6,0,2,2,sil
18.018913984298703,4,-8,-14,-35,-11,-31,-32,-3,-4,-4,23,18,16,-5,sil
18.018913984298703,-2,5,11,0,0,-22,-34,-31,-35,-36,20,13,-6,-22,sil
18.035017251968384,-9,10,21,22,5,0,-25,-36,-41,-36,1,-1,-28,-20,sil
18.035017251968384,-3,14,15,21,5,8,-14,-9,-24,-9,6,0,-15,-7,sil
18.05064105987549,-11,5,8,15,3,5,-1,1,-13,0,4,-1,-8,-6,sil
18.05064105987549,-27,-15,-1,2,1,13,14,-3,-3,5,-17,-17,-18,-6,sil
18.065727949142456,-21,-29,-19,-10,-1,9,17,2,17,17,-25,-23,-13,1,sil
18.065727949142456,-6,-21,-18,-12,-4,-4,7,15,24,18,-20,-15,-6,8,sil
18.08779215812683,-1,-1,-3,2,-3,-1,13,15,25,24,-6,-14,0,11,sil
18.08779215812683,-6,1,-9,-3,-1,0,15,7,22,20,-2,-18,4,10,sil
18.08779215812683,-3,0,-13,-17,-6,-12,2,8,9,2,-9,-5,9,8,sil
18.0971794128418,11,5,-9,-9,-5,-13,-3,11,16,11,9,10,31,7,sil
18.112987279891968,20,1,0,-29,-6,-7,-14,11,11,10,18,17,33,11,sil
18.112987279891968,22,6,22,-37,0,-2,-20,16,0,-6,11,31,24,15,sil
18.129119873046875,32,27,17,17,13,7,-8,1,8,2,28,34,40,7,sil
18.129119873046875,30,25,10,32,9,0,-17,-18,-12,-13,24,22,25,-1,sil
18.14473581314087,13,13,20,3,0,-9,-19,-13,-36,-31,3,16,-4,-7,sil
18.14473581314087,3,10,14,7,2,0,0,-6,-24,-15,1,11,-8,-10,sil
18.15983295440674,-1,0,1,11,0,8,2,-16,-21,-24,-5,-6,-22,-18,sil
18.15983295440674,-12,-8,1,6,0,10,11,-11,-17,-27,-11,-22,-33,-26,sil
18.17499852180481,-19,-2,2,12,3,11,20,8,3,4,-5,-20,-21,-14,sil
18.17499852180481,-22,4,1,16,4,10,12,2,3,13,-6,-15,-17,-2,sil
18.190582275390625,-18,0,2,18,5,10,11,-12,-7,0,-12,-21,-20,0,sil
18.190582275390625,-5,-7,2,14,4,15,16,2,7,10,-5,-11,-7,12,sil
18.205829620361328,3,-8,-9,-2,0,4,3,9,28,25,5,6,10,22,sil
18.205829620361328,0,-12,-24,-18,-8,-14,-11,-6,12,19,-3,4,7,11,sil
18.221574783325195,-7,-18,-26,-21,-15,-7,-1,-2,6,18,-14,-6,0,3,sil
18.221574783325195,-10,-24,-26,-28,-14,0,-1,16,22,13,-2,0,10,7,sil
18.23765993118286,0,-14,-20,-31,-8,-17,-15,17,22,-2,11,12,19,-1,sil
18.23765993118286,16,12,-4,-12,0,-21,-14,4,3,-10,15,14,13,-13,sil
18.252805709838867,18,28,12,6,3,-16,-9,-1,-16,-23,11,6,2,-9,sil
18.252805709838867,2,17,14,11,0,-15,-9,-11,-31,-36,1,-5,-1,-13,sil
18.26790881156921,-6,5,12,6,5,-3,-3,-15,-33,-29,-7,-7,-10,-17,sil
18.26790881156921,2,15,22,14,17,13,7,-2,-13,-9,0,5,-10,1,sil
18.28352403640747,9,15,21,33,17,22,17,1,9,16,5,4,1,9,sil
18.28352403640747,-4,-4,12,27,7,20,18,-8,4,24,-6,-9,-2,-1,sil
18.29917526245117,-20,-7,8,14,1,17,17,-8,0,20,-5,-14,-7,-2,sil
18.29917526245117,-16,-2,0,4,-4,14,13,1,3,18,-2,-12,-8,8,sil
18.31478452682495,0,-8,-11,-14,-8,6,9,9,0,11,-12,-6,-9,17,sil
18.31478452682495,7,-9,-11,-14,-3,-1,8,8,5,11,-10,-1,1,15,sil
18.33080005645752,0,-15,-12,-13,-6,-5,-5,3,7,9,-7,-3,1,8,sil
18.33080005645752,1,-19,-13,-27,-16,-8,-19,6,-3,0,-7,2,-1,8,sil
18.345815181732178,16,-7,-3,-19,-10,-16,-19,9,-1,-6,5,19,14,15,sil
18.345815181732178,9,-5,-1,-7,-3,-17,-18,4,10,-12,14,20,18,8,sil
18.36163711547852,-9,-19,-18,-21,-7,-16,-16,2,14,-10,4,7,7,-10,sil
18.36163711547852,-7,-12,-11,-24,-7,-15,-11,4,12,-8,-2,4,4,-17,sil
18.376646518707275,11,18,16,9,10,0,1,1,8,-10,15,16,12,-7,sil
18.376646518707275,15,29,16,24,19,10,7,-4,-2,-10,32,16,11,-4,sil
18.392676830291748,2,17,9,7,6,3,-8,-9,-23,-16,13,0,-2,-15,sil
18.392676830291748,-1,16,16,17,3,9,-6,-15,-17,-14,0,-6,-9,-20,sil
18.407760620117188,0,15,13,26,9,15,1,-15,-6,-6,-3,-6,-14,-16,sil
18.407760620117188,-9,10,7,16,3,5,6,-7,-7,-1,-21,-20,-27,-13,sil
18.42355227470398,-11,2,6,16,5,10,25,1,2,11,-20,-24,-20,1,sil
18.42355227470398,1,-5,0,10,8,22,41,12,18,31,-1,-7,1,26,sil
18.438645362854004,6,-4,-10,-3,0,9,26,18,14,38,2,1,19,29,sil
18.438645362854004,0,-2,-13,-14,-8,-18,-5,9,-1,11,-3,3,19,11,sil
18.45458149909973,1,1,-4,-15,-3,-22,-23,-5,-5,-13,9,7,15,-1,sil
18.45458149909973,2,8,0,-4,1,-4,-16,-12,-2,-9,22,4,6,-5,sil
18.4697322845459,-12,-5,-1,-2,0,1,-3,-7,-10,-7,-4,-12,-14,-7,sil
18.4700767993927,-29,-26,-21,-12,-9,0,-2,-2,-3,-3,-29,-22,-19,-12,sil
18.485841512680054,-20,-29,-31,-25,-21,-6,-8,6,15,13,-18,-7,-3,0,sil
18.485841512680054,4,-21,-15,-30,-24,-16,-4,16,19,15,-1,13,11,18,sil
18.50095272064209,17,-7,-6,-22,-9,-18,-7,0,-2,-11,1,11,9,1,sil
18.50095272064209,7,9,2,-5,4,-4,-18,-15,-27,-31,-1,2,-9,-20,sil
18.516591787338257,0,17,25,19,9,8,-8,-11,-20,-13,3,7,-12,-15,sil
18.516591787338257,10,21,36,36,11,2,2,-7,-4,-1,15,12,0,0,sil
18.531911373138428,19,30,30,30,17,6,2,-2,-5,-6,14,8,3,9,sil
18.547980308532715,8,22,18,28,22,25,14,5,3,0,6,0,0,10,sil
18.547980308532715,-5,3,8,30,11,22,23,8,13,15,4,-5,0,4,sil
18.547980308532715,-9,-6,0,19,-1,9,18,4,5,20,0,-4,-4,2,sil
18.563586950302124,-6,-21,-12,-4,-4,9,13,4,4,5,-23,-5,-10,9,sil
18.580159664154053,0,-28,-18,-14,-1,5,10,11,9,-8,-22,-4,-5,16,sil
18.580159664154053,0,-22,-20,-13,-3,-12,9,12,9,8,1,0,4,11,sil
18.59584736824036,-10,-23,-28,-30,-16,-25,-1,1,11,18,-2,-10,0,-2,sil
18.59584736824036,-4,-7,-22,-32,-16,-21,-10,-1,9,-1,-7,-11,2,-9,sil
18.59584736824036,12,16,0,-8,0,-15,-14,-2,-8,-17,16,12,16,-7,sil
18.611506700515747,12,13,0,-4,0,-13,-20,-12,-23,-19,21,15,10,-14,sil
18.62653970718384,8,9,2,-12,0,-8,-21,-14,-16,-17,10,5,0,-13,sil
18.62653970718384,20,27,28,4,11,4,-8,-4,-4,-2,20,16,12,4,sil
18.64168357849121,18,28,18,35,18,20,6,-10,4,15,35,9,23,4,sil
18.64168357849121,-8,0,-2,16,3,19,-2,-10,-9,4,-2,-11,-6,0,sil
18.657768964767456,-25,-16,13,-13,-8,13,-3,9,-18,-3,-48,-6,-28,8,sil
18.657768964767456,-24,-14,2,0,-4,24,17,8,16,18,-30,-9,-7,0,sil
18.67294311523437,-23,-16,-24,2,0,14,11,0,27,20,-3,-24,-11,-16,sil
18.67294311523437,-13,-13,-13,-14,-4,-6,-1,11,14,17,-5,-13,-16,-5,sil
18.688677549362183,4,-4,2,-11,-9,-11,0,12,20,15,0,7,12,10,sil
18.688677549362183,17,4,8,-10,-6,-9,-4,6,12,-14,17,18,29,11,sil
18.70356321334839,14,12,10,-5,2,-17,-8,3,-4,-17,22,24,24,0,sil
18.70356321334839,4,14,6,4,1,-23,-2,0,-10,-1,9,13,7,-11,sil
18.719170808792114,6,16,3,13,1,-10,1,-6,-14,-19,1,-4,-7,-15,sil
18.719170808792114,8,12,8,13,7,0,-2,-7,-25,-39,-4,-6,-15,-5,sil
18.73473572731018,-2,9,8,17,7,2,1,-7,-21,-22,-15,-6,-18,0,sil
18.73473572731018,-15,5,-7,25,11,9,15,-11,-1,5,-10,-19,-14,-8,sil
18.74990963935852,-17,-8,-10,7,6,15,9,-9,-9,0,-17,-25,-27,-5,sil
18.74990963935852,-13,-17,-1,-7,-12,13,4,0,-12,5,-23,-15,-28,0,sil
18.765618562698364,-3,-13,-9,-3,-15,4,13,9,18,33,-2,-2,3,6,sil
18.765618562698364,1,-12,-13,-9,-3,0,8,16,31,34,11,4,23,23,sil
18.780823945999146,6,-10,-6,-15,5,1,0,17,28,14,13,11,26,32,sil
18.780823945999146,15,-5,1,-11,5,-9,-14,8,14,-6,9,22,20,17,sil
18.79701042175293,18,2,5,-3,3,-12,-21,-4,-10,-17,10,25,15,-1,sil
18.79701042175293,18,11,4,9,7,0,-11,-15,-17,-4,25,17,20,-6,sil
18.812625646591187,15,11,19,11,4,5,-4,-11,-20,-13,21,10,1,0,sil
18.812625646591187,-5,-5,16,11,-7,0,0,-10,-24,-23,-5,-4,-26,-4,sil
18.8276584148407,-23,-24,-13,-1,-13,-4,8,-8,-8,2,-20,-15,-21,-9,sil
18.8276584148407,-7,-21,-13,-21,-7,0,9,10,21,25,-11,-4,-2,1,sil
18.843697786331177,7,-9,0,-14,-3,2,7,20,31,20,-6,-2,1,7,sil
18.843697786331177,1,0,-12,-7,-4,-9,-2,9,13,2,-10,-7,1,-2,sil
18.859009742736816,1,13,-9,-10,2,-10,-9,0,-1,-13,0,4,14,-15,sil
18.859009742736816,7,26,8,-2,6,0,-6,-2,-12,-25,10,8,13,-18,sil
18.87476134300232,-4,23,6,8,0,-2,-4,-14,-22,-19,5,-9,-7,-14,sil
18.87476134300232,-19,20,6,19,1,1,-2,-20,-14,-2,6,-16,-16,-5,sil
19.40302538871765,-9,8,11,26,8,15,0,-10,-9,-12,-6,-14,-22,-12,sil
19.40302538871765,4,3,17,23,1,17,15,6,-1,11,0,-9,-9,3,sil
19.418869256973267,0,0,6,13,0,5,22,13,16,28,0,0,0,16,sil
19.418869256973267,-27,-16,-15,-10,-11,-4,5,1,4,2,-22,-16,-18,1,sil
19.43386697769165,-18,-21,-15,-21,-17,-3,0,8,-1,-8,-20,-15,-10,0,sil
19.43386697769165,9,-9,-6,-14,-9,-4,3,24,21,12,9,7,20,15,sil
19.44954323768616,7,-6,-8,-16,-4,-10,-11,23,27,20,20,19,25,18,sil
19.44954323768616,1,0,0,-7,1,-8,-19,15,6,8,21,17,17,2,sil
19.465081453323364,15,9,10,-1,0,-8,-18,6,-9,-9,25,9,14,-8,sil
19.465081453323364,23,11,19,3,0,-5,-17,0,-10,-15,28,15,10,-3,sil
19.480270624160767,21,21,27,32,16,2,0,-2,-2,-2,32,34,14,13,sil
19.480270624160767,7,19,20,27,19,0,12,-7,-8,-5,10,10,-2,10,sil
19.49588441848755,-12,-3,0,0,4,0,10,-13,-16,-13,-22,-30,-31,-14,sil
19.49588441848755,-18,-20,-7,7,0,13,16,-3,-7,5,-26,-32,-25,-14,sil
19.511390209198,-19,-21,-8,4,-5,18,18,9,4,21,-16,-18,-3,1,sil
19.511390209198,-20,-23,-23,-23,-12,1,7,6,16,18,-16,-18,0,2,sil
19.52695679664612,0,-18,-21,-22,-3,-3,0,9,23,15,-12,-5,9,12,sil
19.52695679664612,23,4,0,-2,5,0,0,13,16,15,10,21,32,25,sil
19.54286527633667,23,18,4,-2,2,-11,-16,-4,-8,-8,24,26,21,3,sil
19.54286527633667,3,11,0,1,-2,-20,-22,-20,-26,-32,7,1,-9,-22,sil
19.55791711807251,-8,2,4,10,0,0,-1,-10,-14,-19,-10,-8,-17,-18,sil
19.55791711807251,-13,-2,3,2,0,20,11,2,0,-1,-19,0,-17,-6,sil
19.573564529418945,-17,-9,-14,-5,-5,14,14,7,8,4,-19,-6,-12,-1,sil
19.573564529418945,-11,-14,-23,-15,-4,-2,10,5,16,11,-14,-10,1,2,sil
19.588647603988647,4,-6,-13,-25,2,-9,-8,4,8,2,-5,8,8,0,sil
19.603964805603027,9,10,-9,-11,5,-11,-24,-6,-12,-16,2,15,7,-12,sil
19.603964805603027,3,18,0,8,0,-16,-19,-19,-19,-21,7,-1,0,-15,sil
19.603964805603027,4,19,21,19,3,-5,-6,-14,1,1,14,-7,-2,0,sil
19.619558334350582,5,15,26,24,4,12,-1,-1,9,14,10,-2,-1,7,sil
19.619558334350582,2,5,13,23,-9,8,-2,-9,-16,-6,-10,-11,-15,0,sil
19.635629892349243,1,2,11,20,-14,5,8,-19,-22,-8,-18,-18,-25,-3,sil
19.635629892349243,-5,0,7,5,3,16,28,-2,1,17,-7,-12,-16,5,sil
19.650818586349487,-11,-7,-12,-13,9,17,25,12,11,13,-6,-5,-5,6,sil
19.66606450080872,-5,-21,-19,-13,0,0,11,13,8,-2,-11,0,0,4,sil
19.66606450080872,-1,-26,-9,-13,-7,-13,0,22,11,11,-3,3,9,13,sil
19.681748628616333,0,-15,-11,-22,-7,-19,-13,25,19,22,12,4,26,17,sil
19.681748628616333,4,-7,-13,-28,-3,-17,-20,16,18,4,16,13,34,11,sil
19.697842359542847,1,0,-8,-24,0,-7,-10,10,10,-4,14,19,26,-1,sil
19.697842359542847,0,10,-2,-12,-1,-4,-7,-8,-9,-12,13,10,8,-12,sil
19.713908433914185,11,19,12,1,0,-7,-14,-27,-30,-29,12,10,-5,-13,sil
19.713908433914185,18,19,26,16,13,1,-1,-18,-13,-14,24,24,0,-6,sil
19.729812622070312,7,14,23,18,18,15,8,0,4,11,25,10,3,0,sil
19.729812622070312,-8,15,15,18,7,18,3,0,-6,3,4,-16,-9,-6,sil
19.729812622070312,-19,9,8,21,-2,10,2,-11,-19,-13,-9,-17,-21,-17,sil
19.744537353515625,-14,-3,8,18,-3,5,9,-5,-9,-1,-9,-10,-16,-9,sil
19.760639190673828,0,-1,13,21,6,18,22,12,18,29,-2,-8,-3,12,sil
19.760639190673828,0,-2,3,21,11,24,25,13,29,27,-9,-8,-2,15,sil
19.776509523391724,-2,-13,-13,6,2,9,15,5,18,5,-22,-11,-8,5,sil
19.776509523391724,3,-17,-15,-4,-4,-2,9,7,14,8,-21,-10,-10,5,sil
19.79165840148925,2,-22,-18,-16,-10,-10,1,3,2,0,-22,-8,-13,4,sil
19.79165840148925,-17,-28,-31,-27,-16,-20,-12,-10,-26,-31,-30,-12,-11,-11,sil
19.807414531707764,-16,-20,-29,-25,-12,-19,-23,-7,-27,-31,-16,-5,0,-14,sil
19.807414531707764,11,-5,-12,-23,-5,-16,-25,7,0,-4,13,14,12,2,sil
19.823012351989743,24,3,-1,-23,-5,-25,-18,5,12,8,14,30,29,16,sil
19.823012351989743,22,12,4,-14,-6,-22,-16,0,4,-2,-4,33,38,17,sil
19.83915567398072,21,24,11,4,1,-8,-19,0,2,-9,14,28,32,11,sil
19.83915567398072,17,24,14,4,6,-10,-17,-4,-2,-5,43,19,14,3,sil
19.85477185249329,9,16,21,-3,5,-6,-2,-9,-15,0,28,6,-4,-1,sil
19.85477185249329,1,16,21,22,11,14,11,-4,-15,0,7,-3,-14,-6,sil
19.870532512664795,-7,15,14,44,7,18,7,-4,-14,-4,2,-15,-24,-13,sil
19.870532512664795,-13,7,9,32,-1,16,10,-9,-10,-1,-1,-24,-27,-17,sil
19.88595533370972,-10,-1,7,16,0,24,17,-8,-6,7,-7,-21,-21,-14,sil
19.88595533370972,-13,-6,0,7,0,21,16,-3,-6,7,-14,-20,-17,-9,sil
19.90192604064941,-22,-15,-8,-6,-1,9,19,1,3,10,-19,-26,-14,-2,sil
19.90192604064941,-12,-18,-12,-14,0,1,15,13,20,19,-10,-17,-1,5,sil
19.91694283485413,0,-8,-11,-6,0,-1,2,15,33,27,6,6,15,14,sil
19.91694283485413,-5,-7,-14,-8,0,-2,0,8,29,19,5,15,17,13,sil
19.93299150466919,-17,-12,-13,-17,-1,1,1,12,18,0,-12,0,2,2,sil
19.93299150466919,-9,-4,-12,-9,0,5,1,10,14,-1,-13,-5,3,0,sil
19.94914150238037,5,-2,-14,-11,3,0,0,4,11,3,-1,7,12,10,sil
19.94914150238037,12,-2,-5,-20,3,-5,1,5,5,-3,6,16,12,7,sil
19.96507716178894,8,12,12,-3,3,-2,1,-1,-2,-15,6,13,8,-4,sil
19.96507716178894,2,22,12,7,2,-3,-8,-13,-20,-24,-2,0,-3,-10,sil
19.980679035186768,2,10,-1,-3,-3,-13,-12,-10,-26,-24,-5,-4,-10,-13,sil
19.980679035186768,4,2,8,-6,-3,-13,-12,-7,-21,-19,4,2,-5,-12,sil
19.9962420463562,3,7,23,12,6,4,-5,-14,-18,-8,7,0,-7,-8,sil
19.9962420463562,-3,-3,8,20,2,15,1,-16,-17,1,-8,-13,-25,-9,sil
20.01227569580078,-13,-22,-10,0,-15,2,2,0,-6,5,-22,-19,-29,-1,sil
20.01227569580078,-3,-19,-15,-14,-17,-11,-3,14,12,13,-10,-12,1,9,sil
20.02788281440735,18,-10,-8,-14,-6,-17,-13,8,15,8,6,7,24,15,sil
20.02788281440735,21,-3,3,0,1,-12,-10,6,11,7,20,26,28,22,sil
20.04295945167541,12,5,6,9,7,-4,-2,10,14,19,24,29,31,21,sil
20.04295945167541,11,6,0,0,3,-4,-13,3,0,1,14,21,18,6,sil
20.058601140975952,9,5,2,0,3,-5,-18,-1,-14,-27,16,17,9,-3,sil
20.058601140975952,5,11,7,13,7,-9,-12,0,-10,-19,17,13,10,-9,sil
20.07456088066101,7,17,12,22,3,-6,-4,-8,-12,-7,2,2,0,-13,sil
20.07456088066101,4,18,15,24,2,11,8,-18,-15,-4,2,-4,-12,-9,sil
20.09474015235901,-4,8,14,17,6,22,14,-11,-4,0,4,-7,-11,-3,sil
20.09474015235901,-12,-3,5,9,4,16,17,-4,6,10,-14,-10,-15,-4,sil
20.09474015235901,-21,-7,-3,8,0,19,30,1,9,15,-27,-15,-25,-3,sil
20.10584306716919,-27,-9,-14,-4,-2,22,31,9,5,6,-27,-31,-29,-8,sil
20.121531009674072,-20,-13,-22,-21,-3,9,16,0,-1,-5,-29,-40,-25,-15,sil
20.121531009674072,-10,-7,-14,-19,-6,0,8,-10,-4,0,-21,-23,-19,-6,sil
20.136600971221924,-12,0,-6,-4,-6,6,8,-1,10,19,0,-5,-3,9,sil
20.136600971221924,-12,-4,-7,-2,-7,4,-1,9,22,21,7,-5,11,17,sil
20.15185594558716,4,-5,-4,-8,-5,-10,-6,14,22,19,7,3,18,22,sil
20.15185594558716,20,3,2,-6,0,-22,-7,13,19,17,15,22,22,22,sil
20.1665952205658,15,0,-1,-10,0,-25,-16,5,5,-9,4,18,16,12,sil
20.1665952205658,8,-13,-15,-17,-1,-14,-16,0,-5,-21,-2,5,14,3,sil
20.182249546051025,11,-12,-14,-19,0,-7,-9,2,-9,-4,6,12,17,0,sil
20.182249546051025,16,0,1,-7,2,-8,-11,9,-10,-7,14,19,17,-5,sil
20.19798398017884,16,14,9,8,3,-3,-10,9,-1,-12,19,21,15,-11,sil
20.19798398017884,8,13,11,8,4,1,0,3,1,0,17,16,5,-11,sil
20.213778257369995,-1,16,18,10,8,11,14,1,-1,4,6,-3,-4,-12,sil
20.213778257369995,-5,22,22,26,13,17,9,-2,-5,-8,-1,-9,-12,-11,sil
20.228965759277344,-5,10,15,24,4,14,-3,-15,-16,-13,-3,-7,-20,-5,sil
20.228965759277344,-12,-9,-1,5,-7,10,0,-20,-15,-5,-15,-20,-20,-8,sil
20.24495649337769,-20,-21,-9,-13,-5,7,0,-10,0,-6,-33,-26,-24,-6,sil
20.24495649337769,-22,-20,-2,-16,0,4,-1,-4,5,-2,-30,-16,-32,2,sil
20.25976610183716,-21,-21,-12,-9,-7,1,2,-7,-1,9,-19,-14,-22,0,sil
20.25976610183716,-14,-18,-21,-19,-20,-15,-6,-5,-9,-4,-21,-5,-7,-4,sil
20.275402307510376,6,0,-6,-18,-11,-29,-19,-4,0,-13,6,17,16,4,sil
20.275402307510376,22,7,5,0,2,-22,-19,0,6,0,34,26,32,3,sil
20.290935277938843,14,6,6,4,0,-12,-19,8,-5,-1,24,21,20,-5,sil
20.290935277938843,12,18,10,10,3,-10,-9,1,-7,-4,21,18,17,-3,sil
20.30652976036072,20,28,16,30,21,-3,10,-7,2,4,30,10,24,3,sil
20.30652976036072,15,17,17,29,15,13,17,0,0,-1,12,0,10,9,sil
20.32187509536743,3,7,12,14,3,25,16,7,2,-1,0,0,1,17,sil
20.32187509536743,4,8,5,21,7,20,21,5,19,26,12,4,9,16,sil
20.33694696426392,1,0,-2,19,1,11,16,0,8,22,2,-5,-2,2,sil
20.33694696426392,-7,-13,-10,-6,-12,15,5,-3,-16,-5,-26,-18,-21,-2,sil
20.35214900970459,-8,-5,-10,-11,-7,18,13,-1,-5,0,-31,-11,-16,7,sil
20.36796188354492,-7,-1,-4,-1,0,3,11,7,7,13,-15,-4,-11,11,sil
20.36796188354492,-12,-13,-11,-15,-5,-1,-2,13,11,18,-5,-9,-6,4,sil
20.3835883140564,-10,-21,-23,-35,-7,-2,4,20,27,19,-3,0,7,8,sil
20.3835883140564,0,-16,-18,-31,-3,-14,6,28,24,1,-5,11,8,10,sil
20.398789644241333,3,-7,-13,-14,-1,-21,-8,13,1,-13,1,2,6,-1,sil
20.398789644241333,0,-1,-12,-14,-2,-20,-14,-8,-7,-15,10,-1,12,-14,sil
20.41393780708313,3,8,1,-12,0,-14,-10,-11,-15,-20,9,0,2,-14,sil
20.41393780708313,4,14,13,9,9,0,-6,-15,-28,-15,1,-7,-13,-18,sil
20.42966055870056,-5,2,7,10,4,1,-10,-26,-29,-13,-12,-17,-25,-23,sil
20.42966055870056,-8,0,7,2,-3,-3,-6,-17,-12,-14,-9,-14,-20,-19,sil
20.44513964653015,1,13,20,13,2,2,0,1,2,1,13,5,-1,0,sil
20.44513964653015,10,22,32,24,6,6,0,-1,2,11,23,19,11,9,sil
20.460551738739014,7,18,27,31,7,8,-6,-16,-2,5,9,3,4,-4,sil
20.460551738739014,-9,0,5,24,6,16,0,-11,-8,3,-16,-19,-14,-14,sil
20.476604223251343,-25,-26,-20,-4,-2,14,8,7,1,5,-26,-19,-14,-1,sil
20.476604223251343,-15,-28,-27,-25,-9,5,3,17,23,8,-10,-1,2,7,sil
20.49179244041443,1,-11,-16,-14,-6,11,6,17,33,15,-1,3,8,10,sil
20.49179244041443,1,-9,-13,-7,-5,11,15,15,37,15,-11,1,2,15,sil
20.5075523853302,2,-16,-13,-22,-3,-7,4,11,32,4,-6,10,3,17,sil
20.5075523853302,5,-6,-8,-22,0,-20,-12,-3,0,-9,4,16,8,5,sil
20.5226948261261,0,0,-6,-6,-8,-26,-22,-23,-43,-32,-6,6,-2,-10,sil
20.5226948261261,3,1,-1,-3,-14,-25,-24,-16,-47,-39,-5,4,-9,-7,sil
20.5386962890625,13,14,1,-4,-2,-18,-19,0,-19,-14,26,18,10,3,sil
20.5386962890625,14,15,7,-2,1,-19,-20,3,-7,-5,33,23,27,1,sil
20.554513692855835,16,15,24,8,5,-12,-15,4,-5,-1,23,19,27,1,sil
20.554513692855835,20,27,33,34,20,10,5,6,7,22,30,17,20,10,sil
20.5695436000824,15,31,32,45,26,27,23,6,10,21,21,8,-1,12,sil
20.5695436000824,5,21,25,35,18,30,34,3,5,4,0,-7,-16,6,sil
20.58556151390076,-7,7,8,16,12,29,33,-4,0,0,-14,-21,-15,0,sil
20.58556151390076,-16,0,-1,12,10,33,32,-6,5,13,-22,-30,-11,-8,sil
20.601596117019653,-16,-14,-8,9,1,22,27,0,9,28,-21,-29,-9,-10,sil
20.601596117019653,-16,-31,-24,-19,-16,-11,-1,-1,-4,17,-18,-20,-8,-4,sil
20.616721391677856,-14,-28,-30,-36,-21,-23,-16,-1,-6,0,-6,-3,3,2,sil
20.616721391677856,-5,-19,-21,-34,-16,-6,2,9,14,4,4,7,17,5,sil
20.63186550140381,-2,-19,-25,-39,-20,-9,6,12,21,0,-4,0,11,-2,sil
20.63186550140381,0,0,-19,-21,-19,-22,-21,0,2,-25,-11,-1,-2,-12,sil
20.64796638488769,10,23,15,19,0,-3,-25,-2,-9,-22,3,12,-6,-7,sil
20.64796638488769,6,16,23,30,14,21,12,5,0,5,10,4,-5,1,sil
20.66316246986389,-14,-8,-5,0,4,14,22,1,5,1,-12,-19,-14,0,sil
20.66316246986389,-10,-15,-16,-17,-6,-6,-10,-8,-5,-12,-23,-14,-9,-1,sil
20.678778886795044,10,-2,-4,-10,0,-15,-26,-11,-8,3,3,9,4,2,sil
20.678778886795044,6,3,4,-8,10,-13,-22,-13,-9,0,14,13,-4,-1,sil
20.69452214241028,-12,-1,5,-1,7,0,-11,-11,-9,-11,-7,-1,-18,-13,sil
20.69452214241028,-6,-15,1,7,-3,4,4,7,4,15,-21,-10,-13,0,sil
20.70981884002685,8,-12,-2,-1,-13,-11,6,29,20,31,-8,-1,-3,23,sil
20.70981884002685,10,0,0,-4,-6,-19,-3,28,25,6,10,21,14,16,sil
20.724905490875244,11,7,6,6,2,-12,-12,8,8,-10,17,24,29,1,sil
20.724905490875244,17,15,7,9,3,-11,-21,-11,-16,-16,19,3,17,-2,sil
20.7409930229187,11,22,1,0,6,-8,-21,-28,-35,-42,17,-3,-4,-11,sil
20.7409930229187,0,17,0,3,12,7,0,-30,-36,-51,7,-5,-14,-25,sil
20.756506204605103,-11,9,7,20,10,19,12,-21,-28,-19,-1,-13,-20,-26,sil
20.756506204605103,-21,0,8,18,0,19,10,-14,-27,-2,-12,-17,-30,-16,sil
20.77182245254517,-25,-9,-4,2,-7,20,19,-7,-16,0,-16,-15,-22,-4,sil
20.77182245254517,-10,-9,-3,2,0,20,20,4,12,19,-5,-2,3,8,sil
20.787869453430176,11,0,14,8,8,14,8,20,32,40,6,17,25,21,sil
20.787869453430176,13,2,14,5,4,7,16,21,39,44,10,21,33,25,sil
20.803641319274902,1,-8,-1,-8,0,5,27,24,45,42,9,4,26,26,sil
20.803641319274902,2,-15,-7,-19,-4,2,18,30,47,35,5,-2,17,21,sil
20.819903135299683,10,-7,-4,-15,-8,-7,0,14,23,5,1,11,13,5,sil
20.819903135299683,11,10,3,-7,-1,-14,-12,-5,-8,-21,7,24,14,-1,sil
20.83498239517212,11,16,5,-1,4,-13,-9,-2,-8,-9,15,21,22,5,sil
20.83498239517212,16,3,-4,-10,0,-18,-8,6,2,-2,10,14,20,13,sil
20.85059094429016,17,5,-4,-5,5,-15,-12,-1,-5,-17,12,9,6,2,sil
20.85059094429016,1,18,5,16,15,3,-8,-13,-11,-10,9,-5,-7,-13,sil
20.866274118423465,-17,7,3,20,3,9,-8,-13,-12,4,-15,-26,-27,-14,sil
20.866274118423465,-23,-11,-7,18,-6,1,-11,-12,-19,-1,-23,-35,-35,-13,sil
20.882009506225582,-21,-8,-9,20,-2,-1,-9,-16,-29,-19,-22,-32,-43,-23,sil
20.882009506225582,-21,-6,-12,7,-3,3,3,-14,-24,-15,-34,-30,-50,-22,sil
20.897520065307617,-22,-30,-21,-21,-19,5,13,-11,-15,-1,-36,-22,-39,-12,sil
20.897520065307617,-20,-43,-19,-42,-30,-3,5,-6,-19,-10,-27,-15,-19,-8,sil
20.912911891937256,-5,-13,-10,-27,-15,-7,2,6,-2,-16,-11,-4,3,-3,sil
20.912911891937256,16,14,-2,-4,0,-1,4,21,26,3,12,15,31,6,sil
20.929044723510746,24,12,8,-4,0,0,-2,20,20,8,27,26,39,10,sil
20.929044723510746,20,10,13,-3,2,-12,-13,7,-1,-5,30,31,30,7,sil
20.94468879699707,21,22,14,5,5,-21,-18,0,-2,-7,31,29,27,12,sil
20.94468879699707,15,26,21,12,2,-6,-15,-9,5,5,19,9,12,8,sil
20.960489749908447,2,12,23,17,11,9,-6,-12,5,7,-2,-11,-11,-3,sil
20.960489749908447,1,1,12,24,22,12,8,1,10,10,-5,-10,-5,7,sil
20.97621703147888,1,-1,-1,13,12,15,22,10,14,26,0,-1,8,24,sil
20.97621703147888,-14,-18,-23,-14,-9,10,11,2,1,17,-17,-10,-10,0,sil
20.991121768951416,-21,-27,-35,-25,-9,-6,-5,4,1,-5,-21,-9,-14,-19,sil
20.991121768951416,1,0,-11,-13,14,-6,-3,13,17,-6,15,20,14,3,sil
21.00666308403015,16,28,20,9,24,13,9,1,9,-1,36,31,18,8,hello
21.021947860717773,0,14,24,23,8,17,5,-18,-12,-8,11,5,-8,-17,hello
21.021947860717773,-13,-8,14,16,-2,5,-1,-18,-22,-11,-16,-13,-25,-19,hello
21.037129402160645,-16,-9,2,7,0,3,13,-5,-8,9,-14,-14,-16,-3,hello
21.037129402160645,-20,-15,-9,-7,-5,2,18,2,7,18,-7,-15,-8,0,hello
21.05292296409607,-6,-19,-7,-15,-8,0,7,11,19,4,-8,-4,0,9,hello
21.05292296409607,18,1,1,4,-4,-4,2,14,23,5,0,20,17,21,hello
21.069063663482662,19,9,7,6,-8,-10,-9,3,5,2,9,25,23,19,hello
21.069063663482662,16,4,7,-6,0,-3,-18,-4,-10,-11,21,15,20,8,hello
21.08423089981079,24,17,8,4,13,0,-9,-3,-19,-11,20,12,7,0,hello
21.08423089981079,5,19,6,14,0,-5,-1,-11,-36,-11,-7,-10,-22,-15,hello
21.099905729293823,-21,-6,-14,0,-22,-3,-1,-24,-36,-23,-31,-41,-36,-27,hello
21.099905729293823,-13,-18,-29,-18,-17,5,-1,-6,-9,-15,-25,-29,-16,-8,hello
21.115497589111328,5,-3,-16,-12,-2,0,1,18,20,14,-4,1,14,13,hello
21.115497589111328,-2,5,-4,-5,0,-12,-2,13,24,13,14,5,22,2,hello
21.13058423995972,-16,6,-5,-8,-3,-12,-15,-7,-4,-10,14,-11,0,-16,hello
21.13058423995972,-15,0,-1,3,0,4,-8,-13,-26,-9,-3,-25,-19,-15,hello
21.145736694335938,-11,-11,4,12,5,14,11,1,-11,6,-20,-19,-17,-2,hello
21.145736694335938,-2,-11,1,6,8,12,27,18,22,25,-6,2,6,15,hello
21.160956621170044,15,0,4,2,15,4,20,19,37,31,10,25,28,29,hello
21.160956621170044,22,-1,9,-6,6,-18,-12,8,17,3,7,30,26,16,hello
21.176618099212646,6,-7,-6,-17,-7,-34,-38,-6,-3,-20,6,18,15,-6,hello
21.176618099212646,-1,1,-11,-18,-2,-24,-31,-11,-7,-22,8,10,4,-12,hello
21.1917781829834,1,15,7,-3,5,-7,-7,-3,-4,-11,6,5,-5,-7,hello
21.1917781829834,0,8,18,6,0,0,5,0,-3,2,0,0,-16,-6,hello
21.207353115081787,0,0,11,4,-1,17,13,1,0,-2,-13,-13,-21,-4,hello
21.207353115081787,0,3,4,13,3,31,25,-1,3,-14,-18,-22,-21,-2,hello
21.22256851196289,-8,0,4,17,0,28,30,0,3,3,-9,-5,-21,2,hello
21.22256851196289,-2,-8,0,4,-4,24,29,12,19,36,3,10,-3,8,hello
21.2387797832489,4,-11,-11,-6,-4,9,16,18,32,35,10,3,19,6,hello
21.2387797832489,0,-15,-12,-16,-7,-13,-11,1,13,6,3,-1,16,0,hello
21.254350185394287,2,-10,-7,-14,-5,-16,-21,-11,-7,-4,7,7,11,-6,hello
21.254350185394287,12,0,1,-8,0,-13,-22,-12,-24,-19,21,18,15,-10,hello
21.26960301399231,11,11,12,6,7,-12,-21,-16,-36,-32,26,9,6,-6,hello
21.26960301399231,0,19,15,28,11,3,-2,-23,-33,-20,4,-6,-12,-3,hello
21.28572416305542,-14,9,10,26,3,20,15,-9,-23,-3,-25,-12,-31,0,hello
21.28572416305542,-15,0,-1,17,-1,25,28,7,1,21,-11,-12,-19,3,hello
21.30093050003052,0,4,-8,14,1,12,25,7,19,32,-1,-8,1,17,hello
21.30093050003052,5,11,-1,6,-3,-6,1,8,17,10,-20,4,7,32,hello
21.31701135635376,2,4,-8,-2,-5,-16,-13,13,18,2,-1,12,21,20,hello
21.31701135635376,7,-3,-7,-21,0,-26,-22,9,5,0,25,16,27,7,hello
21.33295607566833,12,7,0,-19,-2,-27,-29,-3,-8,-17,19,16,19,0,hello
21.33295607566833,8,14,-11,0,0,-20,-27,-19,-7,-27,14,5,14,-16,hello
21.349141359329224,2,9,13,-5,9,-20,-29,-10,-29,-38,0,12,-11,-16,hello
21.349141359329224,1,22,37,22,15,9,0,4,-12,-4,2,2,-5,-8,hello
21.3647301197052,0,9,-10,46,15,32,29,-8,27,38,9,-42,12,-15,hello
21.3647301197052,-17,-28,2,-29,-5,5,3,-8,-16,-11,-46,-30,-43,-6,hello
21.37994360923767,-31,-23,35,-43,-17,14,14,9,-29,-27,-64,-9,-63,-8,hello
21.37994360923767,-29,-25,-47,8,-2,45,49,2,31,35,-17,-53,-8,-32,hello
21.39554977416992,-28,-62,-70,-59,-11,11,12,13,22,24,-28,-46,-17,-10,hello
21.39554977416992,-15,-42,-10,-89,-17,-17,-5,44,20,1,-25,5,-14,13,hello
21.41063451766968,12,0,-25,0,4,-5,15,24,62,33,31,8,47,3,hello
21.41063451766968,25,-1,-24,7,2,-14,-12,-4,24,16,29,16,41,10,hello
21.426246881484985,24,5,17,-17,-6,-24,-34,0,-13,-15,8,34,13,17,hello
21.426246881484985,24,28,17,22,2,-20,-22,-10,-3,-22,28,29,27,0,hello
21.44196128845215,19,24,16,28,0,-20,-28,-25,-34,-38,30,35,10,-5,hello
21.44196128845215,13,22,32,25,-5,-4,-18,-19,-48,-23,27,33,-4,0,hello
21.457688331604004,11,31,38,49,10,11,10,-15,-18,0,24,9,-1,6,hello
21.457688331604004,3,25,38,43,16,16,15,-10,-16,-4,-3,-4,-14,9,hello
21.472906589508057,-10,12,20,30,7,25,15,-10,-24,0,-16,-9,-24,2,hello
21.472906589508057,-15,2,3,27,2,26,24,-11,-8,11,-9,-10,-15,2,hello
21.489098072052,-10,-4,3,17,4,15,35,6,15,19,-10,-5,-6,13,sil
21.489098072052,-8,-9,-7,5,0,2,31,19,31,29,-12,-7,0,17,sil
21.50399088859558,-4,-11,-15,-9,-12,-4,6,14,28,23,-13,-5,2,15,sil
21.50399088859558,-1,-11,-21,-26,-10,-7,-5,19,28,16,-3,0,12,9,sil
21.5195050239563,-5,-17,-34,-38,-8,-17,-13,15,18,3,0,-2,10,-2,sil
21.5195050239563,-3,-17,-31,-41,-16,-23,-27,-2,-5,-23,-1,-5,-3,-17,sil
21.535539388656616,8,0,-13,-26,-8,-12,-27,-4,-9,-24,17,10,9,-18,sil
21.535539388656616,11,12,-2,-11,2,-8,-26,2,0,-3,34,22,26,-8,sil
21.551151037216187,6,14,6,1,5,-4,-22,-6,-3,-2,25,4,13,-11,sil
21.551151037216187,5,19,20,15,17,5,-5,-12,-14,-15,4,-12,-4,-20,sil
21.56630754470825,1,23,30,18,18,4,5,-2,-15,-12,-4,-5,-5,-11,sil
21.56630754470825,0,10,23,19,10,8,6,-3,-9,6,-1,0,-3,0,sil
21.581976175308228,0,-3,14,15,11,27,13,-9,-17,0,-11,-13,-19,2,sil
21.581976175308228,-12,-10,5,7,9,38,31,-1,-10,-6,-31,-19,-28,2,sil
21.597492694854736,-21,-21,-13,0,1,21,31,3,8,4,-33,-18,-23,-1,sil
21.597492694854736,-7,-26,-14,-6,0,-7,8,-3,1,4,-30,-19,-25,4,sil
21.61266255378723,4,-21,-9,-12,-7,-16,-1,1,1,2,-25,-12,-13,14,sil
21.62876033782959,-3,-24,-22,-26,-19,-11,0,22,26,16,-12,0,8,9,sil
21.62876033782959,-9,-24,-30,-34,-18,-19,-7,19,24,16,-1,0,11,-4,sil
21.64394187927246,-5,-15,-28,-32,-18,-31,-18,-3,-2,-10,-1,-1,9,-11,sil
21.64394187927246,0,-5,-20,-29,-19,-26,-21,-3,-9,-29,10,12,23,-3,sil
21.659464120864868,13,12,4,-5,2,-6,-11,3,0,-6,38,32,38,5,sil
21.659464120864868,23,29,27,19,17,5,-6,-6,0,10,40,27,29,9,sil
21.67483282089233,13,32,33,28,10,8,-5,-11,-4,-2,26,14,9,7,sil
21.67483282089233,7,26,30,35,12,3,-1,-8,-4,-2,26,12,3,6,sil
21.69085431098938,7,17,24,28,9,-2,-5,-14,-14,0,3,4,-10,4,sil
21.69085431098938,-7,11,8,17,-2,2,-4,-18,-22,-12,-21,-10,-31,-7,sil
21.706622838974,-12,11,1,20,0,15,11,-6,-11,-5,-14,-17,-30,-15,sil
21.706622838974,-3,4,7,21,2,19,24,6,7,22,-5,-14,-13,-6,sil
21.722244262695312,-4,-11,-6,3,-4,13,14,10,20,32,-10,-12,-1,3,sil
21.722244262695312,-10,-23,-21,-14,-7,3,2,16,19,10,-15,-8,0,4,sil
21.737866640090942,-8,-20,-19,-17,-3,-3,6,19,17,-1,-18,-4,-3,0,sil
21.737866640090942,-1,-20,-18,-30,-9,-9,0,13,14,-4,-17,-2,-2,1,sil
21.75315570831299,12,-11,-5,-36,-7,-8,-11,6,2,-13,9,14,15,9,sil
21.75315570831299,23,17,16,-2,9,-1,0,0,-5,-14,32,28,27,4,sil
21.7687828540802,14,35,22,30,15,8,13,-5,-9,-6,16,17,4,-3,sil
21.7687828540802,-1,15,9,28,2,17,11,-9,-12,1,-2,0,-14,1,sil
21.78395199775696,-13,-19,-9,5,-7,9,0,-5,-8,7,-7,-11,-13,5,sil
21.78395199775696,-10,-27,-21,-16,-6,-7,-2,13,10,15,-7,-11,0,4,sil
21.799591779708862,4,-8,-14,-17,3,-13,4,25,28,15,8,8,32,13,sil
21.799591779708862,15,3,-5,-10,6,-18,-9,7,9,0,27,29,44,12,sil
21.81468319892884,13,7,0,-7,3,-24,-29,-17,-21,-13,23,19,16,-12,sil
21.81468319892884,-1,7,4,-1,2,-14,-24,-27,-27,-18,7,-9,-11,-28,sil
21.82990503311157,-20,4,1,5,1,5,-5,-18,-14,-16,-10,-27,-18,-16,sil
21.82990503311157,-19,6,0,12,5,16,9,-6,-5,-2,-15,-25,-13,-5,sil
21.84501600265503,0,16,19,23,12,18,14,-2,-6,10,-5,-12,-15,-1,sil
21.84501600265503,6,15,29,33,11,28,23,-3,1,19,4,0,-15,2,sil
21.860561847686768,-3,-6,11,17,-1,27,24,-4,6,11,-13,-6,-24,0,sil
21.860561847686768,-14,-24,-4,-16,-15,-4,1,-8,-9,-14,-39,-24,-37,-9,sil
21.87637305259705,-11,-19,-16,-31,-14,-24,-12,-5,-10,-25,-33,-24,-25,-12,sil
21.87637305259705,-7,-15,-24,-30,-14,-10,-4,5,4,-17,-18,-8,-12,-4,sil
21.892059087753296,-8,-17,-14,-21,-15,1,6,12,12,1,-7,5,-5,6,sil
21.892059087753296,0,-9,0,-11,-2,-3,4,19,21,17,5,12,15,16,sil
21.90756058692932,17,2,0,-5,4,-12,-12,26,25,11,19,19,33,18,sil
21.90756058692932,17,8,0,0,-2,-15,-27,11,17,6,32,30,37,13,sil
21.92356562614441,10,9,3,0,-4,-11,-25,-3,6,12,30,31,37,8,sil
21.92356562614441,12,20,9,6,8,-2,-14,-7,0,8,20,18,32,-1,sil
21.939648151397705,17,28,16,25,18,1,-4,-12,-8,-6,18,10,16,-9,sil
21.939648151397705,16,26,17,26,12,7,0,-9,-18,-17,10,5,-1,-8,sil
21.955225706100464,0,15,5,13,6,8,9,-5,-19,-7,-8,-14,-8,-11,sil
21.955225706100464,-20,-2,-8,7,0,2,19,-5,-17,-2,-24,-26,-17,-14,sil
21.970653533935547,-17,-15,-7,11,-6,8,22,3,-13,-12,-28,-14,-30,-4,sil
21.970653533935547,-10,-22,-9,3,-11,16,15,8,-7,-9,-27,-11,-26,5,sil
21.9858558177948,-15,-26,-17,-14,-8,6,8,0,-5,3,-30,-22,-17,13,sil
21.9858558177948,-17,-27,-21,-20,-2,2,9,3,8,19,-19,-19,-10,18,sil
22.0017614364624,-12,-30,-21,-25,-8,-1,0,18,22,28,-7,-5,3,17,sil
22.0017614364624,1,-22,-14,-33,-11,-18,-9,12,23,15,10,12,25,10,sil
22.01781630516052,22,7,6,-15,4,-12,-4,0,17,-1,38,31,29,4,sil
22.01781630516052,21,27,26,11,11,3,0,0,5,-1,45,31,13,2,sil
22.03303098678589,7,17,14,13,3,-4,-4,-3,-3,0,28,12,5,-4,sil
22.03303098678589,4,4,-3,-1,0,-18,-12,-11,-5,-10,14,4,0,-10,sil
22.048895835876465,9,15,4,0,4,-6,-8,-2,1,-5,15,9,-6,-6,sil
22.048895835876465,17,32,26,24,15,8,7,5,9,8,20,9,0,0,sil
22.06458854675293,17,19,28,28,13,9,15,3,9,0,11,2,2,1,sil
22.06458854675293,-2,-5,6,3,-2,7,6,-2,6,-12,-10,-6,-5,-4,sil
22.0798602104187,-17,-8,-9,-11,-8,3,-11,-13,-7,-10,-25,-20,-13,-13,sil
22.0798602104187,-14,6,-5,0,-2,2,-20,-25,-32,-13,-26,-24,-14,-25,sil
22.10054850578308,-14,5,0,12,-4,3,-11,-33,-40,-24,-23,-25,-17,-36,sil
22.10054850578308,-12,-6,0,4,-3,9,-5,-22,-37,-23,-21,-23,-21,-21,sil
22.110597133636475,-4,-5,-1,1,8,18,8,3,-16,4,-12,-7,-7,6,sil
22.110597133636475,-3,-1,-4,6,15,10,15,18,12,18,-5,2,8,12,sil
22.12663722038269,-3,2,-3,6,6,-7,2,14,24,6,-5,1,7,7,sil
22.12663722038269,0,4,-2,8,2,-5,0,7,18,13,-3,0,0,12,sil
22.141770362854004,-2,0,-2,0,-1,3,12,9,12,26,-9,-5,-6,15,sil
22.157853841781616,-3,-7,-1,-10,-13,4,13,11,15,10,-7,-1,0,12,sil
22.157853841781616,4,-7,-1,-10,-13,0,-1,8,10,-5,7,16,18,19,sil
22.157853841781616,6,-10,0,-12,-3,-13,-7,12,2,2,14,23,23,22,sil
22.173572540283203,-4,-15,-5,-20,-6,-21,1,17,7,10,0,6,8,7,sil
22.173572540283203,-12,-18,-17,-19,-12,-14,4,9,8,-2,-10,-6,-3,-8,sil
22.188651084899902,-4,-8,-14,-4,0,1,8,3,11,4,0,-1,1,-8,sil
22.20384120941162,1,-6,-7,1,9,7,16,13,29,31,9,2,6,2,sil
22.20384120941162,-3,-17,-13,-13,-2,-5,-1,7,21,13,3,0,-2,2,sil
22.21915912628174,0,-11,-12,-17,-11,-17,-27,-17,-16,-24,10,3,1,-7,sil
22.21915912628174,21,11,11,0,-10,-10,-23,-20,-38,-22,24,17,15,0,sil
22.23419451713562,25,17,20,7,-7,-3,-12,-3,-25,-6,18,22,12,11,sil
22.23419451713562,1,-8,-7,-14,-1,-8,-19,-3,-8,-20,0,4,-2,-6,sil
22.24961853027344,-5,-12,-15,-25,5,-3,-22,-11,-9,-32,-6,-5,-6,-26,sil
22.25002098083496,8,25,14,8,15,9,-7,-11,-11,-12,12,7,4,-18,sil
22.264755487442017,9,41,32,33,19,12,0,-14,-10,0,20,10,0,-7,sil
22.264755487442017,0,22,24,25,8,8,4,-21,-15,-2,7,-3,-15,-8,sil
22.279964447021484,7,26,29,36,1,6,7,-29,-27,-8,11,-5,-7,-4,sil
22.279964447021484,22,50,48,60,11,10,8,-23,-33,-13,19,4,0,11,sil
22.29550528526306,13,35,33,53,16,28,23,0,-9,0,1,-4,-12,17,sil
22.29550528526306,-11,-12,-12,11,1,33,30,26,22,22,-30,-27,-31,4,sil
22.31161832809448,-26,-33,-35,-21,-1,17,29,30,38,29,-45,-32,-25,-2,sil
22.31161832809448,-26,-33,-25,-28,2,1,32,23,43,20,-39,-23,-7,4,sil
22.327715158462524,-22,-39,-24,-32,-13,-2,22,27,46,21,-25,-19,2,8,sil
22.327715158462524,-14,-32,-32,-26,-21,-2,8,27,48,43,-11,-9,16,10,sil
22.343587398529053,0,-12,-19,-13,-3,-10,-1,10,32,35,-3,8,26,18,sil
22.343587398529053,10,-10,-1,-12,1,-22,-16,0,2,0,-1,14,19,14,sil
22.358773708343502,8,-15,-5,-17,-10,-29,-23,0,-13,-15,2,8,12,4,sil
22.358773708343502,2,-7,-13,-22,-14,-29,-21,-3,-15,-17,6,8,13,0,sil
22.37455701828003,0,3,-12,-24,-7,-22,-21,-10,-14,-17,14,11,11,-13,sil
22.37455701828003,0,1,-11,-19,-1,-14,-26,-14,-18,-17,19,12,4,-22,sil
22.39057302474976,5,11,2,-1,1,-5,-23,-11,-19,-22,22,17,5,-14,sil
22.39057302474976,9,26,14,15,9,3,-15,-13,-16,-21,28,16,8,-11,sil
22.406649351119995,-4,19,6,7,10,3,-20,-25,-35,-34,7,0,-19,-20,sil
22.406649351119995,-13,6,4,7,4,3,-15,-29,-52,-49,-19,-14,-44,-21,sil
22.421858310699463,2,10,21,26,3,15,5,-9,-32,-17,-8,-7,-25,-5,sil
22.421858310699463,13,16,29,28,3,22,17,11,-8,23,8,3,-1,9,sil
22.437960386276245,-4,4,12,13,4,13,15,3,-7,18,0,-5,-8,3,sil
22.437960386276245,-20,-10,2,4,7,7,18,0,3,4,-17,-20,-23,-4,sil
22.45258975028992,-17,-10,5,11,10,22,33,21,45,31,-12,-15,-10,8,sil
22.45258975028992,-12,-10,0,12,6,29,35,31,57,48,-6,-10,3,16,sil
22.46880459785461,-9,-19,-10,-4,-2,7,14,13,29,25,-9,-11,0,5,sil
22.46880459785461,3,-11,-11,-10,-12,-10,-1,6,24,16,0,3,10,10,sil
22.48453950881958,24,4,0,-2,-17,-11,0,19,30,28,22,29,40,33,sil
22.48453950881958,35,10,10,4,-2,-10,0,18,15,19,31,41,56,38,sil
22.499606370925903,31,7,6,4,10,-15,-3,1,-2,-11,22,33,44,19,sil
22.499606370925903,18,3,-8,-11,-2,-19,-19,-8,-15,-30,4,14,18,-3,sil
22.514671802520752,7,-6,-16,-29,-18,-23,-26,-20,-25,-28,-7,2,0,-21,sil
22.514671802520752,3,-12,-12,-33,-11,-26,-30,-22,-26,-34,-14,1,-11,-20,sil
22.53015160560608,1,8,-1,-16,0,-16,-29,-12,-21,-39,-6,-5,-16,-16,sil
22.53015160560608,-3,27,6,6,1,0,-15,-13,-19,-23,6,-13,-13,-22,sil
22.545843601226807,-8,19,11,11,0,6,-2,-16,-20,-13,2,-12,-20,-17,sil
22.545843601226807,-16,5,4,9,3,7,3,-8,-8,-5,-10,-18,-28,-7,sil
22.56170630455017,-23,0,0,15,10,18,16,-3,4,9,-15,-31,-27,-10,sil
22.56170630455017,-20,0,10,31,13,38,39,-1,11,26,-8,-25,-21,-11,sil
22.57727098464965,-16,-3,4,34,13,46,45,0,12,29,-14,-16,-23,-3,sil
22.57727098464965,-12,-17,-5,14,12,25,32,6,1,14,-27,-16,-22,5,sil
22.59300184249878,-3,-15,-3,2,8,0,22,17,3,8,-12,-8,0,14,sil
22.59300184249878,-3,-9,-6,-7,-4,-4,7,19,12,15,-1,4,13,18,sil
22.609031677246094,-10,-18,-15,-20,-9,0,-7,12,18,18,-5,8,5,16,sil
22.609031677246094,-1,-24,-14,-21,-2,-4,-14,13,26,18,0,9,11,16,sil
22.624743938446045,14,-18,-11,-25,-7,-19,-26,16,18,12,11,17,27,17,sil
22.624743938446045,16,-11,-9,-30,-17,-29,-28,5,0,0,17,22,29,8,sil
22.640860319137573,13,-3,-1,-23,-14,-36,-22,0,-1,-10,20,18,21,0,sil
22.640860319137573,9,6,-1,-19,-10,-31,-21,5,-4,-15,13,15,15,-11,sil
22.656956672668457,4,9,-7,-20,-7,-17,-14,0,-15,-18,8,11,12,-17,sil
22.656956672668457,5,13,0,-5,0,-9,0,-8,-10,-20,9,4,6,-10,sil
22.67258071899414,9,26,18,16,6,0,2,-12,0,-18,11,3,1,-3,sil
22.67258071899414,12,27,20,21,7,8,-6,-19,-10,-17,12,5,1,-3,sil
22.68791913986206,15,22,22,22,9,12,-7,-20,-24,-16,10,7,0,1,sil
22.68791913986206,9,23,25,33,16,10,-1,-15,-17,-9,6,4,-9,1,sil
22.703561067581177,-1,20,20,31,13,9,-2,-13,-19,-9,0,-1,-19,-7,sil
22.703561067581177,-10,14,13,29,10,20,8,-13,-18,0,-3,-7,-12,-5,sil
22.71866250038147,-21,0,3,27,10,34,20,-6,-2,11,-6,-18,-10,1,sil
22.71866250038147,-27,-18,-8,7,2,27,19,2,8,12,-7,-27,-15,-2,sil
22.73692965507508,-24,-28,-19,-7,-8,10,21,7,10,27,-6,-24,-10,-5,sil
22.73692965507508,-15,-28,-19,-16,-17,0,19,13,13,36,-18,-19,-17,-1,sil
22.74949336051941,-4,-22,-16,-11,-13,2,15,20,19,16,-24,-16,-23,0,sil
22.74949336051941,1,-11,-12,-2,0,4,16,18,23,1,-21,-9,-4,2,sil
22.765029668807983,0,0,-8,-13,4,-4,1,8,11,2,-20,-1,3,4,sil
22.765029668807983,5,2,-6,-15,0,-13,-14,3,5,-5,-9,6,0,1,sil
22.78055763244629,22,2,4,0,-2,-15,-8,10,12,-16,3,19,13,13,sil
22.78055763244629,17,-4,2,-12,-9,-15,0,8,9,-8,1,17,20,19,sil
22.79658055305481,-4,-27,-22,-53,-18,-21,-11,-1,-4,-3,-13,0,5,1,sil
22.79658055305481,-6,-22,-18,-46,-14,-22,-19,2,-5,-9,-19,-1,1,-7,sil
22.812700986862183,8,12,11,7,-2,-15,-13,0,-5,-6,-6,13,9,-8,sil
22.812700986862183,10,23,17,25,3,-9,-19,-21,-30,-12,12,13,6,-13,sil
22.82877469062805,6,17,17,15,10,0,-17,-21,-33,-18,37,13,8,-3,sil
22.82877469062805,18,23,20,16,17,9,-7,-7,-9,-4,54,23,22,6,sil
22.844621419906616,19,23,18,19,13,10,-5,-11,-8,6,40,20,11,-1,sil
22.844621419906616,-8,11,13,26,6,21,10,-14,-4,10,15,0,-6,-2,sil
22.859689235687256,-29,-9,-2,14,2,26,25,6,21,16,-1,-16,-8,8,sil
22.859689235687256,-16,-24,-24,-19,4,8,18,29,38,29,-5,-8,6,13,sil
22.87508225440979,2,-9,-21,-25,4,-8,5,24,34,34,9,6,27,13,sil
22.87508225440979,8,13,5,3,0,-12,-1,3,10,7,12,8,16,7,sil
22.890772104263306,9,18,21,30,4,7,8,-4,-6,-6,-3,-3,-15,-3,sil
22.890772104263306,6,4,15,26,6,32,28,4,-1,9,-20,-18,-32,-1,sil
22.90578031539917,-11,-20,-8,-3,-7,19,16,8,6,10,-33,-24,-24,5,sil
22.90578031539917,-21,-35,-32,-31,-16,-21,-18,0,0,-16,-34,-17,-8,-3,sil
22.921802043914795,0,-24,-25,-38,-10,-36,-29,-1,-6,-28,-7,1,6,-13,sil
22.921802043914795,10,-6,-8,-28,-12,-29,-19,-6,-11,-19,15,11,12,-15,sil
22.93770742416382,-10,0,-5,-14,-15,-29,-20,-24,-29,-31,-1,-2,-7,-19,sil
22.93770742416382,-9,13,7,13,0,-8,-13,-25,-36,-43,-11,-11,-23,-13,sil
22.95318078994751,16,31,30,42,16,18,12,-5,-12,-12,7,0,-4,3,sil
22.95318078994751,9,22,16,27,11,24,17,1,1,14,0,1,2,6,sil
22.96866011619568,-20,2,-11,5,2,18,6,-4,0,5,-27,-22,-21,-10,sil
22.984081268310547,-22,-3,-9,6,-1,10,2,2,10,-1,-27,-28,-28,-11,sil
22.984081268310547,-7,-9,2,1,-9,3,6,15,25,17,-8,-3,-5,5,sil
22.99983501434326,-2,-18,-10,-12,-5,1,5,8,27,33,3,11,12,12,sil
22.99983501434326,9,-8,-14,-14,2,-4,-5,4,8,16,11,17,19,10,sil
23.014933586120605,30,15,12,-1,7,-11,-15,3,-12,-6,33,33,40,6,sil
23.014933586120605,32,30,37,12,11,-4,-13,-10,-22,-11,40,38,36,2,sil
23.03078365325928,11,29,37,23,11,6,-1,-13,-15,0,19,17,1,3,sil
23.03078365325928,-4,13,16,22,6,11,11,-1,-2,14,8,-2,-3,5,sil
23.045572996139526,-12,-6,1,0,2,9,17,2,-3,7,0,-11,0,2,sil
23.045572996139526,-14,-11,-7,-15,0,17,25,1,-3,-3,-23,-18,-23,-1,sil
23.061165809631348,-11,-16,-17,-11,0,23,30,10,11,12,-33,-23,-33,0,sil
23.061165809631348,-4,-25,-21,-18,-5,8,22,28,33,38,-9,-10,-1,13,sil
23.07661271095276,1,-24,-20,-28,-13,-12,7,31,44,36,13,12,26,23,sil
23.07661271095276,4,-16,-21,-25,-19,-27,-12,10,25,3,9,19,19,12,sil
23.092496395111084,7,-11,-20,-20,-13,-29,-26,-7,2,-20,0,6,9,-5,hello
23.092496395111084,5,-9,-20,-24,-5,-24,-30,-9,-7,-30,2,3,11,-16,hello
23.10796093940735,-2,1,-16,-20,-1,-22,-36,-9,-23,-39,7,6,4,-21,hello
23.10796093940735,-3,18,2,10,6,-20,-27,-16,-31,-30,9,-5,-10,-24,hello
23.12396001815796,2,21,22,26,12,-10,-16,-14,-24,-16,2,-18,-23,-22,hello
23.12396001815796,0,19,28,25,7,2,-10,-12,-21,-22,-2,-7,-19,-16,hello
23.13994026184082,-3,18,28,37,8,13,1,-13,-16,-20,1,0,-5,0,hello
23.13994026184082,0,6,30,41,8,24,12,0,-3,5,1,-6,0,13,hello
23.15528917312622,-4,-9,11,20,0,26,14,4,4,24,-6,-8,0,13,hello
23.15528917312622,-13,-21,-11,0,-5,13,15,0,0,19,-18,-1,-4,9,hello
23.17108941078186,-9,-20,-8,-4,-5,5,21,4,6,22,-22,0,-2,13,hello
23.17108941078186,-1,-8,0,-9,-8,12,23,16,23,32,-14,0,5,18,hello
23.18677806854248,6,-6,-8,-19,-5,13,16,19,27,17,-4,5,10,21,hello
23.18677806854248,12,-8,-21,-17,0,-6,0,11,19,0,12,20,23,13,hello
23.20190167427063,7,2,-16,-12,-1,-28,-24,-7,-4,-10,24,19,20,-8,hello
23.20190167427063,7,23,10,0,-1,-22,-25,-23,-27,-26,15,1,-4,-23,hello
23.217305421829224,16,31,22,17,9,0,-2,-19,-21,-32,6,-6,-12,-17,hello
23.217305421829224,4,26,14,18,13,10,9,-6,-13,-16,2,-5,-5,-7,hello
23.232465744018555,-9,16,8,16,11,18,17,-2,-5,8,-6,-12,-7,-9,hello
23.232465744018555,-6,0,-3,11,5,22,20,0,9,21,-19,-17,-16,-8,hello
23.24908971786499,-5,-8,-18,-2,-4,16,14,11,17,26,-15,-13,-14,2,hello
23.24908971786499,-7,-5,-13,-5,-5,9,5,11,18,29,3,-3,1,12,hello
23.26488256454468,1,-6,0,-3,0,1,-2,6,19,17,11,7,16,16,hello
23.26488256454468,7,-12,-4,-8,0,-10,-7,8,15,7,4,9,16,14,hello
23.28053855895996,2,-14,-13,-19,-4,-20,-17,4,0,-8,-3,0,1,5,hello
23.28053855895996,1,-12,-9,-31,-9,-27,-26,-1,-9,-29,0,4,3,-6,hello
23.29588747024536,8,-6,-2,-27,-3,-32,-19,2,-1,-21,25,19,27,-11,hello
23.29588747024536,13,9,13,-9,0,-28,-18,5,-7,-20,30,28,22,-4,hello
23.310914993286133,3,26,24,11,5,-5,-12,-6,-19,-31,4,15,-11,-6,hello
23.310914993286133,-15,13,16,15,7,17,7,-13,-18,-12,-16,-13,-30,-12,hello
23.326420068740845,-26,-10,3,6,0,23,23,-9,-14,11,-22,-27,-32,-10,hello
23.326420068740845,-26,-20,-9,4,-8,26,19,-10,-12,6,-25,-27,-38,-10,hello
23.34196925163269,-24,-21,-14,7,-7,23,12,-7,-3,6,-30,-31,-42,-7,hello
23.34196925163269,-12,-20,-6,2,-6,13,17,10,18,36,-18,-21,-16,7,hello
23.35755610466004,-1,-22,-7,-17,-6,3,16,21,31,46,-8,0,10,19,hello
23.35755610466004,0,-15,-13,-20,0,-2,5,15,20,17,-7,6,12,16,hello
23.37283158302307,8,0,-2,8,2,-15,-5,8,11,3,9,9,18,9,hello
23.37283158302307,17,2,6,6,-5,-25,-16,4,2,-21,22,18,35,8,hello
23.388878345489506,14,4,0,-12,-9,-18,-22,-4,-14,-75,17,25,39,7,hello
23.388878345489506,18,18,-1,-2,0,-10,-22,-12,-19,-53,18,28,33,-1,hello
23.404140949249268,24,26,11,10,7,-9,-19,-9,-2,35,29,23,28,-6,hello
23.404140949249268,20,35,24,24,17,-5,-8,-10,5,41,33,15,20,3,hello
23.419999361038208,17,44,26,43,22,0,-4,-12,-15,-24,27,14,7,5,hello
23.419999361038208,13,33,23,42,20,15,1,-8,-22,-14,15,4,-6,-6,hello
23.43493390083313,5,11,16,27,10,34,17,-4,0,40,0,-13,-17,-5,hello
23.43493390083313,-4,-1,5,12,-2,25,19,0,0,24,-18,-19,-27,3,hello
23.45053672790528,-20,-14,-12,0,-3,9,15,3,-9,-12,-28,-21,-27,2,hello
23.45053672790528,-19,-27,-20,-14,-2,9,20,6,9,0,-32,-25,-23,6,hello
23.466355562210083,-5,-30,-19,-28,-15,6,19,12,29,27,-30,-15,-16,10,hello
23.466355562210083,-14,-33,-30,-41,-23,-13,1,13,22,12,-22,-8,-6,-2,hello
23.481830835342407,-22,-29,-35,-46,-14,-27,-8,14,10,-18,-18,-5,0,-10,hello
23.481830835342407,-4,-14,-23,-34,-4,-19,-3,8,6,-19,-10,3,6,-11,hello
23.496978282928467,8,-3,-9,-24,-3,-11,-13,-5,-7,-16,1,9,3,-17,hello
23.496978282928467,6,3,4,-12,0,-6,-26,-14,-20,-24,21,11,2,-17,hello
23.512638330459595,2,14,13,2,8,-4,-20,-13,-16,-20,31,10,10,-14,hello
23.512638330459595,-2,20,17,11,8,-3,-14,-11,-15,-10,14,0,1,-17,hello
23.527618169784542,-3,19,24,30,8,6,-5,-11,-14,0,1,-9,-14,-11,sil
23.54371976852417,0,14,24,43,11,23,16,-9,-5,7,-2,-8,-13,6,sil
23.54371976852417,-3,6,12,28,6,30,31,1,3,20,-14,-13,-7,15,sil
23.55982756614685,-18,-10,-7,6,-4,18,29,9,6,30,-18,-20,-8,12,sil
23.55982756614685,-30,-28,-29,-9,-10,-1,15,6,6,18,-17,-19,-9,5,sil
23.55982756614685,-28,-29,-33,-23,-14,-11,-1,9,20,7,-16,-15,-1,3,sil
23.575204610824585,-10,-21,-18,-27,-15,-9,-10,21,29,9,-9,-7,7,6,sil
23.59084963798523,15,-4,4,-15,-1,-7,-10,18,14,2,4,13,18,12,sil
23.59084963798523,41,22,20,6,16,-8,-5,0,0,-1,29,40,34,19,sil
23.60585832595825,50,31,29,7,14,-10,-9,-7,-9,-3,44,55,32,21,sil
23.60585832595825,41,23,29,0,5,-6,-12,-3,-6,-10,37,45,19,9,sil
23.62139868736267,27,26,23,10,8,-5,-16,-2,-1,-16,20,20,6,-3,sil
23.62139868736267,15,31,23,28,9,-6,-13,-5,-13,-13,11,10,-4,-4,sil
23.63718271255493,6,18,19,32,6,6,6,-8,-14,-3,13,8,-4,0,sil
23.63718271255493,-6,0,7,18,3,13,15,-9,-6,0,-1,-7,-9,0,sil
23.652893781661987,-26,-13,-9,4,-6,8,8,-9,-9,-2,-24,-29,-22,-8,sil
23.652893781661987,-36,-23,-20,-2,-15,15,8,-5,-7,-3,-34,-35,-22,-15,sil
23.668025493621823,-26,-27,-16,-3,-6,24,22,6,11,9,-27,-25,-7,-5,sil
23.668025493621823,-19,-23,-23,0,7,17,29,12,27,33,-14,-22,1,3,sil
23.68401789665222,-21,-28,-38,-17,-1,2,10,9,20,24,-15,-24,-5,1,sil
23.68401789665222,-10,-33,-34,-40,-17,-12,-7,11,12,5,-20,-12,-1,0,sil
23.69905424118042,3,-25,-25,-39,-14,-30,-12,12,10,7,-7,4,23,6,sil
23.69905424118042,5,-7,-17,-28,-10,-39,-23,3,-1,0,8,12,25,4,sil
23.71467161178589,5,8,-8,-20,-10,-31,-30,-7,-13,-20,14,11,6,-13,sil
23.71467161178589,16,16,3,-15,-3,-19,-28,-11,-17,-30,8,8,0,-26,sil
23.72983336448669,24,33,25,1,6,-10,-23,-13,-26,-40,12,20,5,-18,sil
23.72983336448669,23,48,36,27,10,0,-12,-19,-30,-38,30,31,2,-6,sil
23.745938539505005,21,38,35,32,13,16,0,-15,-20,-17,23,16,-7,-3,sil
23.745938539505005,10,23,35,33,18,23,6,-8,-8,0,-1,-7,-14,-2,sil
23.76146936416626,-6,13,26,36,14,19,7,-8,-8,0,-14,-16,-23,-4,sil
23.76146936416626,-23,-2,6,25,6,22,17,-2,3,15,-13,-19,-31,-5,sil
23.777504444122314,-34,-21,-11,3,0,24,22,3,16,33,-15,-22,-24,-2,sil
23.777504444122314,-31,-29,-24,-14,-6,8,9,0,2,17,-21,-20,-16,0,sil
23.792569875717163,-14,-22,-19,-6,-4,8,15,4,4,13,-11,-11,-4,8,sil
23.792569875717163,0,-7,1,5,0,19,33,22,24,30,-1,0,4,19,sil
23.8086211681366,3,0,5,0,-7,4,21,22,20,21,0,1,7,19,sil
23.8086211681366,3,-3,-13,-13,-9,-16,-2,3,10,-2,-2,-1,7,10,sil
23.824053049087524,0,-17,-15,-18,0,-14,-7,0,8,-6,-8,-2,1,7,sil
23.824053049087524,0,-13,-1,-12,3,0,0,7,13,7,0,0,11,10,sil
23.838985681533813,5,0,1,-1,0,0,6,9,20,12,17,13,27,15,sil
23.838985681533813,8,0,-1,0,0,-3,6,6,6,-6,15,19,17,12,sil
23.85385036468506,8,-6,-5,-4,-2,-5,-4,2,-9,-17,2,10,4,6,sil
23.85385036468506,12,0,-4,-10,-5,-13,-17,7,-2,-6,4,10,11,9,sil
23.869086265563965,10,9,-2,-5,-4,-18,-20,8,7,0,14,14,22,6,sil
23.869086265563965,4,3,-7,-3,-1,-16,-21,0,2,-1,12,4,19,-4,sil
23.884610891342163,6,-3,-7,-12,0,-19,-20,-1,1,-5,7,3,13,-8,sil
23.884610891342163,3,-1,0,-9,0,-18,-10,-6,-6,-13,5,6,2,-13,sil
23.899714708328247,0,5,5,7,0,0,-4,-20,-27,-18,0,-2,-11,-19,sil
23.899714708328247,9,15,14,18,7,13,0,-17,-23,-5,6,4,-4,-12,sil
23.91573977470398,21,20,17,11,5,2,0,-5,-6,-1,17,17,7,-6,sil
23.91573977470398,12,15,6,3,-2,-6,-11,-12,-6,-11,6,0,-6,-14,sil
23.9308819770813,-2,3,6,-1,-2,-5,-14,-23,-17,-23,-5,-10,-19,-20,sil
23.9308819770813,-6,5,20,-5,-3,0,-14,-21,-36,-39,-8,-1,-18,-16,sil
23.94700813293457,-3,18,16,21,2,18,6,-15,-27,-11,-5,-10,-13,-17,sil
23.94700813293457,-6,11,6,40,20,39,38,3,10,43,-8,-23,-16,-5,sil
23.962729692459103,-17,-8,9,7,19,37,42,29,28,46,-18,-10,-21,16,sil
23.962729692459103,-24,-20,-6,-13,0,20,24,23,27,23,-20,-5,-5,19,sil
23.97789311408997,-17,-20,-33,-2,-7,0,8,0,27,24,-12,-15,11,12,sil
23.99399256706237,-2,-10,-26,-6,1,-13,-6,-2,16,12,-3,-5,8,10,sil
23.99399256706237,0,4,9,-23,0,-17,-25,-1,-20,-31,-8,11,-16,2,sil
23.99399256706237,-15,8,13,1,-4,3,0,-5,-26,-25,-12,-9,-22,-11,sil
24.010045528411865,-26,-11,-35,32,0,29,42,-9,13,28,-8,-44,-1,-14,sil
24.010045528411865,-19,-34,-30,-14,-5,5,20,11,13,16,-27,-21,-16,10,sil
24.02603507041931,0,-14,12,-35,-12,-15,-9,34,10,4,-14,16,-13,24,sil
24.02603507041931,19,8,-5,6,0,-7,-4,12,26,26,29,5,29,6,sil
24.04096412658692,24,1,-6,-1,0,-18,-19,-5,-6,-8,22,9,25,6,sil
24.04096412658692,19,5,34,-22,-10,-26,-25,6,-25,-29,4,38,5,19,sil
24.05649733543396,12,8,12,0,-7,-6,-3,6,7,2,17,23,15,5,sil
24.0716335773468,1,-7,-19,2,-3,-2,-1,-1,19,-1,12,0,12,-12,sil
24.0716335773468,-1,-6,1,-14,-6,-9,-6,7,4,-21,-5,6,-1,-10,sil
24.08771181106568,7,7,8,1,-3,-5,1,8,6,-8,3,5,4,-4,sil
24.08771181106568,13,1,-17,17,0,-9,-6,-5,8,-3,20,-2,17,-2,sil
24.08771181106568,5,-10,-10,-13,-7,-22,-32,-11,-22,-26,0,6,3,1,sil
24.108599185943604,0,1,7,-19,-4,-12,-20,-11,-32,-24,-7,12,-1,-1,sil
24.108599185943604,8,20,-4,21,17,7,6,-9,-2,2,16,6,15,-9,sil
24.118738412857056,10,23,0,21,20,6,0,-3,4,6,20,5,15,-5,sil
24.134605884552,0,19,15,6,5,8,-8,-13,-7,4,14,-2,6,-3,sil
24.134605884552,-7,10,17,14,6,15,-1,-22,-14,0,13,-5,0,0,sil
24.149744272232056,-4,2,19,16,14,20,7,-8,-17,-7,0,0,-11,4,sil
24.149744272232056,-7,0,2,11,8,19,18,-4,-2,1,-14,-15,-17,-6,sil
24.16492533683777,-12,-10,-3,-2,-3,9,18,-4,4,11,-20,-19,-22,-6,sil
24.16492533683777,-4,-9,12,-8,-3,7,25,9,0,12,-15,-1,-16,7,sil
24.180906295776367,-3,-5,1,6,0,15,32,11,8,20,-5,-9,0,5,sil
24.180906295776367,-12,-9,-16,9,0,17,16,2,12,22,-13,-17,-2,-3,sil
24.196004152297974,-4,-4,2,2,5,14,6,11,16,18,-15,4,-9,4,sil
24.196004152297974,10,4,11,0,6,9,9,17,22,17,-6,16,-2,14,sil
24.21206831932068,2,-4,-3,-11,-9,-1,0,5,16,15,-8,1,-4,5,sil
24.21206831932068,-11,-19,-17,-24,-15,-12,-10,6,13,14,-5,-4,-4,-2,sil
24.227872371673584,-6,-12,-20,-21,-5,-22,-7,19,19,15,6,2,12,4,sil
24.227872371673584,3,-3,-9,-20,-3,-36,-11,13,0,-7,1,11,10,6,sil
24.24355387687683,6,-1,-5,-26,-10,-39,-24,-7,-26,-40,-4,6,-2,-10,sil
24.24355387687683,1,3,-9,-18,-9,-26,-32,-19,-32,-42,4,-1,-2,-20,sil
24.258591175079346,2,13,9,0,0,-5,-24,-14,-27,-26,10,1,-1,-6,sil
24.258591175079346,7,22,18,29,8,8,-1,-9,0,-5,24,3,12,0,sil
24.274006366729736,3,17,9,30,5,2,-1,-15,2,0,21,-1,7,-4,sil
24.274006366729736,-8,2,15,5,0,7,-7,-12,-28,-23,-16,-12,-29,-9,sil
24.289692401885983,-16,-1,-1,10,5,27,17,-2,-16,-24,-28,-35,-32,-16,sil
24.289692401885983,-9,-3,-16,14,2,21,28,0,10,-2,-17,-23,-17,-8,sil
24.30535101890564,4,-1,4,6,0,11,28,12,19,20,-7,3,-7,11,sil
24.30535101890564,1,-2,0,11,12,21,37,27,42,45,5,0,23,16,sil
24.321086645126343,-6,-14,-16,-3,0,1,5,22,33,32,6,-1,34,12,sil
24.321086645126343,11,-11,-1,-16,-20,-26,-27,3,-4,-4,8,19,28,11,sil
24.33669829368592,27,-2,0,-9,-5,-27,-29,-10,-22,-22,15,27,23,6,sil
24.33669829368592,6,-6,-11,-20,-1,-23,-38,-18,-34,-28,5,15,5,-3,sil
24.35197401046753,-4,-1,0,-14,-4,-17,-35,-19,-28,-18,11,10,5,-8,sil
24.35197401046753,15,17,24,21,14,7,-3,-6,1,3,32,23,16,5,sil
24.3670597076416,21,18,26,26,17,32,16,9,15,23,31,25,11,18,sil
24.3670597076416,-3,-3,0,-12,-4,24,14,4,2,20,3,0,1,5,sil
24.382190704345703,-19,-5,-7,-18,-3,4,7,-9,-8,0,-25,-22,-20,-12,sil
24.382190704345703,-6,15,12,24,10,6,12,-7,0,1,-21,-20,-28,-11,sil
24.397813081741333,-1,11,13,36,4,10,14,0,7,8,-6,-14,-15,1,sil
24.397813081741333,-19,-13,-11,7,-5,3,13,0,4,-3,-20,-20,-19,0,sil
24.412972450256348,-29,-23,-22,-10,-5,0,18,0,4,0,-38,-24,-29,-8,sil
24.412972450256348,-12,-16,-15,-18,-3,0,16,9,13,19,-26,-16,-15,0,sil
24.42859935760498,5,-7,-12,-16,-4,-2,5,16,32,22,2,0,7,10,sil
24.42859935760498,5,-9,-10,-18,-7,-13,-8,22,33,11,7,14,7,9,sil
24.443878412246704,4,-7,-6,-26,-7,-24,-13,22,22,9,-1,14,6,7,sil
24.443878412246704,14,3,-3,-15,0,-21,-14,4,8,-1,9,20,14,3,sil
24.45910668373108,17,11,0,-3,4,-15,-22,-11,-17,-24,23,22,9,-7,sil
24.45910668373108,1,11,0,-5,6,-9,-27,-19,-38,-35,14,2,-1,-18,sil
24.47420454025269,1,16,7,2,8,0,-20,-19,-32,-34,0,-6,-1,-12,sil
24.47420454025269,19,27,27,28,7,3,-4,-10,-16,-21,7,9,14,0,sil
24.48993444442749,11,20,21,23,4,-1,5,-10,-15,-7,16,10,19,-6,sil
24.48993444442749,-7,4,7,-1,4,7,8,-9,-20,-4,7,-5,5,-11,sil
24.5054988861084,-5,5,10,10,3,26,21,0,-10,0,0,-11,0,-3,sil
24.5054988861084,-3,5,6,25,-2,16,26,1,-6,1,0,-7,-5,3,sil
24.52152180671692,-8,-2,0,12,-2,9,20,0,-3,9,1,-6,-10,7,sil
24.52152180671692,0,-4,4,9,4,24,20,8,15,33,8,-4,-1,15,sil
24.53703355789185,0,-5,2,10,0,21,13,12,24,32,4,-2,0,16,sil
24.53703355789185,-4,-7,-2,5,-4,4,4,4,15,13,-11,-6,-8,6,sil
24.55303716659546,-2,-10,0,0,1,1,-1,-4,7,4,-16,-6,-8,2,sil
24.55303716659546,0,-11,0,-5,0,-2,-11,-7,6,0,-4,4,2,7,sil
24.56909942626953,3,-6,-7,-6,-3,-10,-17,0,17,4,3,10,11,14,sil
24.56909942626953,1,-7,-5,-4,0,-7,-8,12,19,10,-8,-1,0,4,sil
24.58373665809632,-15,-19,-12,-15,-4,-8,-3,2,1,-2,-27,-19,-21,-19,sil
24.598902463912964,-27,-29,-27,-34,-23,-22,-13,-15,-15,-20,-32,-24,-23,-24,sil
24.598902463912964,-21,-26,-28,-38,-31,-32,-27,-14,-24,-21,-25,-17,-13,-15,sil
24.61467218399048,-12,-14,-20,-26,-16,-27,-29,-4,-25,-14,-13,-6,-3,-13,sil
24.61467218399048,1,-2,-6,-9,0,-11,-8,9,-10,-14,-1,8,3,-2,sil
24.62984013557434,19,12,3,4,10,1,12,23,12,-12,6,17,12,11,sil
24.62984013557434,20,15,0,1,11,0,-2,18,11,-6,3,11,6,2,sil
24.6459321975708,11,10,3,-8,5,-1,-14,7,0,-3,9,13,3,-7,sil
24.6459321975708,13,18,6,0,3,0,9,4,8,0,34,27,19,0,sil
24.661512851715088,23,28,9,8,7,-2,16,-3,6,2,40,31,26,11,sil
24.661512851715088,16,25,16,19,13,3,4,-19,-15,2,24,17,8,8,sil
24.677544355392456,-1,15,17,30,13,18,7,-21,-17,-2,11,-2,-4,-3,sil
24.677544355392456,-3,14,16,31,13,20,9,-5,0,1,7,-6,1,-5,sil
24.692677974700928,0,19,14,27,13,18,4,0,4,15,12,-1,9,3,sil
24.692677974700928,-5,9,12,15,11,20,3,-10,-4,14,7,-4,4,8,sil
24.70871114730835,-6,2,10,13,7,19,13,-8,0,12,2,-8,1,7,sil
24.70871114730835,1,0,7,24,1,12,17,-1,12,24,-1,-11,-1,5,sil
24.72418522834778,0,-10,1,10,-9,2,5,0,5,12,-20,-17,-17,1,sil
24.72418522834778,-3,-14,-8,-8,-11,0,6,6,1,-1,-27,-14,-21,3,sil
24.739595413208008,-2,-10,-8,-2,-2,6,17,17,11,14,-14,-5,-5,12,sil
24.740543127059937,-3,-13,-9,-2,-1,8,16,17,20,23,-11,-3,2,13,sil
24.75500750541687,-10,-27,-21,-24,-10,0,7,12,16,7,-14,-8,-3,5,sil
24.75500750541687,-18,-40,-28,-46,-26,-16,0,9,1,-4,-15,-7,-13,-3,sil
24.76964926719665,-20,-33,-28,-46,-28,-30,-15,8,0,-8,-13,2,-3,-13,sil
24.76964926719665,-9,-14,-20,-40,-17,-35,-29,5,-7,-26,-5,10,7,-14,sil
24.78512191772461,3,-3,-1,-30,-9,-26,-26,-1,-16,-33,9,10,10,-10,sil
24.78512191772461,9,0,14,-12,-2,-12,-20,-8,-9,-17,21,12,14,-11,sil
24.80084204673767,10,9,12,-1,9,-5,-27,-8,-6,-16,12,13,9,-15,sil
24.80084204673767,13,28,12,11,19,-3,-25,-13,-17,-26,7,9,0,-14,sil
24.815842628479004,14,34,28,31,20,0,-12,-19,-17,-20,15,10,-1,-7,sil
24.815842628479004,8,27,34,41,17,12,1,-11,-10,-6,11,4,-5,-4,sil
24.831023931503296,0,19,15,32,13,18,15,-7,-9,-1,2,-12,-10,-6,sil
24.831023931503296,-2,14,2,23,7,15,25,-11,-15,0,0,-19,-17,0,sil
24.84680151939392,0,8,5,26,10,20,30,-6,-2,10,-6,-16,-16,5,sil
24.84680151939392,0,0,4,19,13,20,24,9,19,19,-8,-13,-4,11,sil
24.862716913223267,-5,-4,-12,-2,0,1,5,17,22,19,6,-3,4,15,sil
24.862716913223267,-10,-1,-25,-6,-7,-7,-2,11,15,20,-1,2,4,12,sil
24.878836631774902,-2,-1,-15,-2,-1,2,-1,6,14,16,-41,2,0,16,sil
24.878836631774902,1,-5,-9,-16,-3,2,-3,2,14,11,-38,6,5,21,sil
24.89453721046448,-6,-18,-21,-29,-17,-12,-16,-4,4,2,-1,0,3,6,sil
24.89453721046448,-11,-24,-18,-15,-20,-13,-12,-2,-2,-4,2,-11,-6,-2,sil
24.90994143486023,-4,-16,-3,-1,-8,0,12,5,5,6,-6,0,-1,11,sil
24.90994143486023,2,-14,0,-12,-1,-1,14,8,11,19,4,11,12,15,sil
24.925525665283203,7,-9,-2,-12,-4,-9,-4,6,1,8,23,9,15,-5,sil
24.925525665283203,7,0,0,-2,-7,-3,-6,2,-11,-10,23,12,7,-18,sil
24.943358182907104,8,5,7,-2,-3,1,6,4,-7,-11,17,13,12,-5,sil
24.943358182907104,14,9,10,1,3,-6,2,5,0,-4,22,11,25,0,sil
24.95689582824707,9,5,4,2,1,-16,-11,0,-6,-14,20,9,10,-9,sil
24.95689582824707,-5,-1,-1,0,1,-2,-9,-2,-8,-14,4,-1,-8,-17,sil
24.972761154174805,-11,1,1,5,4,12,-1,-7,-3,-3,-8,-22,-12,-17,sil
24.972761154174805,-7,12,8,12,0,3,-5,-15,-19,-11,-16,-26,-18,-15,sil
24.98778247833252,0,16,11,13,-3,-5,-6,-20,-31,-24,-8,-7,-19,-11,sil
24.98778247833252,8,18,17,11,6,3,-8,-18,-22,-23,4,6,-9,-5,sil
25.00309157371521,4,21,22,14,14,18,-4,-13,-15,-10,1,0,-11,-7,sil
25.00309157371521,-6,7,17,18,13,25,18,2,-2,13,-11,-9,-18,-1,sil
25.01880121231079,-12,-13,1,7,9,24,31,20,25,33,-12,-5,-8,16,sil
25.01880121231079,-11,-19,-15,-9,4,12,15,20,40,34,-9,0,6,22,sil
25.033926486969,-2,-17,-19,-21,0,-1,1,16,33,21,-8,0,13,18,sil
25.033926486969,15,-12,-5,-12,0,-6,9,21,33,21,6,15,27,29,sil
25.04961562156677,24,-4,3,1,1,-9,5,12,30,17,21,33,35,32,sil
25.04961562156677,10,0,2,-5,0,-16,-12,-7,6,-11,10,17,12,0,sil
25.06560969352722,-8,1,-5,-14,0,-19,-12,-16,-7,-24,0,-9,-10,-30,sil
25.06560969352722,-16,6,-7,-10,-3,-19,-10,-17,-25,-23,-15,-17,-23,-25,sil
25.08157539367676,-13,5,-1,0,-11,-9,-10,-19,-39,-36,-24,-15,-28,-13,sil
25.08157539367676,-9,0,-4,9,-9,4,1,-9,-18,-21,-11,-14,-13,-3,sil
25.096309661865234,-8,0,-15,1,-9,5,5,11,4,16,-1,-10,1,11,sil
25.096309661865234,-4,-1,-18,-10,-12,-6,-2,16,9,28,-2,0,6,10,sil
25.111682653427124,4,-11,-15,-12,-6,-9,-6,10,15,13,5,9,11,-1,sil
25.12771725654602,12,-4,-8,-8,0,-4,-8,4,6,-6,14,6,14,-5,sil
25.12771725654602,12,14,4,0,-3,-12,-16,-8,-16,-24,9,8,1,-7,sil
25.14295792579651,6,14,16,8,-1,-14,-19,-18,-31,-23,1,7,-14,-9,hello
25.14295792579651,-5,4,14,12,7,6,-5,-12,-26,-3,0,-9,-10,-8,hello
25.15912079811096,-6,3,12,22,12,22,10,-6,-11,6,1,-13,0,-2,hello
25.15912079811096,4,10,20,29,13,27,15,-2,4,7,4,0,-2,3,hello
25.17444086074829,4,5,22,23,11,34,20,4,10,19,7,8,2,7,hello
25.17444086074829,1,-5,9,9,5,26,20,12,1,16,0,6,11,13,hello
25.18990159034729,3,-10,-3,6,0,5,13,10,5,6,-13,1,-1,14,hello
25.18990159034729,0,-14,-5,-2,-5,0,7,7,20,10,-17,-2,-13,14,hello
25.205499410629272,-2,-18,-6,-24,-4,1,11,19,29,26,0,5,8,17,hello
25.205499410629272,-1,-15,-18,-33,2,-1,11,22,31,24,16,15,31,8,hello
25.22113251686096,-4,-10,-27,-30,0,-23,-10,2,9,-6,0,3,10,-10,hello
25.22113251686096,-1,-2,-17,-20,-7,-36,-28,-15,-15,-34,-9,-5,-4,-21,hello
25.23696064949036,4,4,0,-13,-3,-25,-22,-13,-15,-27,13,2,8,-19,hello
25.23696064949036,5,10,5,-10,-6,-9,-17,-6,-5,-9,25,5,12,-9,hello
25.25259804725647,3,17,3,6,-5,-4,-16,-11,-10,-12,12,-6,-6,-2,hello
25.25259804725647,-1,14,7,25,10,5,-6,-15,-20,-21,-6,-19,-27,-4,hello
25.26775360107422,-9,7,6,27,12,22,11,-3,-14,0,-12,-18,-19,-1,hello
25.26775360107422,-9,4,1,23,0,25,21,6,0,23,-4,-3,-1,8,hello
25.28300976753235,-6,2,0,20,0,13,17,3,11,19,-9,-1,-7,5,hello
25.28300976753235,0,1,0,11,0,-1,15,9,21,18,-19,-9,-8,1,hello
25.298911809921265,12,-1,-1,-7,-10,-17,1,14,13,12,-8,7,11,10,hello
25.298911809921265,13,-6,-4,-18,-12,-22,-18,-6,-7,-11,13,24,13,0,hello
25.31476712226868,0,-4,0,-15,-1,-14,-24,-24,-20,-26,10,9,-5,-21,hello
25.31476712226868,-7,6,14,-4,7,-6,-15,-13,-21,-25,-4,-10,-12,-20,hello
25.33052349090576,0,10,24,18,7,5,0,-3,-7,-14,3,-7,-6,-3,hello
25.33052349090576,0,-1,14,17,-7,15,14,-1,5,-1,13,0,-1,0,hello
25.34566164016724,-4,-7,0,-6,-12,16,26,7,7,11,2,0,6,10,hello
25.34566164016724,-4,-12,-3,-17,8,6,24,13,4,21,-11,3,6,26,hello
25.36111044883728,-1,-17,-5,-16,17,5,21,19,16,26,-15,5,0,23,hello
25.36111044883728,0,-6,-12,-12,7,14,23,29,32,30,-7,12,14,12,hello
25.376830339431763,2,-3,-18,-12,0,1,-2,19,20,15,0,18,21,7,hello
25.376830339431763,4,-13,-18,-20,-7,-21,-39,-7,-8,-13,1,7,10,-2,hello
25.391955375671387,7,0,-6,-18,-7,-19,-37,-23,-26,-28,4,0,7,-14,hello
25.391955375671387,12,20,7,2,6,-2,-19,-18,-29,-28,12,2,5,-10,hello
25.407553911209103,6,19,8,16,15,2,-9,-12,-21,-24,10,-4,-6,-7,hello
25.407553911209103,-5,5,1,12,2,11,-2,-11,-12,-14,-9,-21,-22,-14,hello
25.42283177375793,-18,0,-5,14,-6,19,5,-4,-4,-5,-30,-40,-39,-19,hello
25.42283177375793,-24,0,-10,20,0,12,12,10,11,4,-25,-38,-32,-4,hello
25.43884968757629,-13,-8,-2,9,5,10,19,23,35,28,-3,-4,0,15,hello
25.43884968757629,-3,-15,-6,-6,0,13,22,17,46,51,9,6,16,10,hello
25.45398664474488,-9,-15,-16,-19,-11,-7,6,1,25,33,-3,-10,-1,-4,hello
25.45398664474488,-3,-2,-8,-11,-15,-28,-8,-5,3,-1,0,-1,2,0,hello
25.469747304916385,17,13,4,4,-3,-26,-11,-6,-2,-18,21,26,21,4,hello
25.469747304916385,17,19,12,7,2,-24,-16,-8,-22,-30,17,24,6,-6,hello
25.48465061187744,3,14,14,10,-1,-25,-20,-13,-38,-25,16,13,-2,-12,hello
25.48465061187744,13,10,21,16,0,-10,-15,-14,-35,-9,36,26,9,1,hello
25.50076198577881,35,22,37,33,13,21,3,-3,-17,2,43,36,18,16,hello
25.50076198577881,34,30,42,52,18,33,23,5,5,15,33,25,20,20,hello
25.51636552810669,11,6,27,26,0,12,21,1,1,10,9,3,4,13,hello
25.51636552810669,-6,-12,3,-6,-8,5,17,-3,-4,3,-12,-11,-14,4,hello
25.53199028968811,-16,-15,-9,-3,-6,14,14,4,7,10,-23,-14,-11,4,hello
25.53199028968811,-25,-22,-19,-13,-21,1,1,10,5,4,-38,-17,-13,0,hello
25.548778295516968,-26,-32,-35,-38,-27,-14,-7,1,3,-5,-43,-20,-16,-8,hello
25.548778295516968,-8,-29,-27,-43,-7,-17,-17,6,13,-4,-21,1,1,1,hello
25.56375789642334,10,-10,-8,-24,2,-15,-17,10,11,-8,2,19,20,9,hello
25.56375789642334,12,0,-9,-19,0,-11,-9,-3,0,-16,0,10,15,-2,hello
25.578978300094604,8,6,1,-21,10,-2,-5,0,-6,-11,-4,7,5,-6,hello
25.578978300094604,3,21,-1,5,32,12,2,6,7,8,10,-4,11,-11,hello
25.594911098480225,-18,5,-24,-7,31,13,4,-6,0,-1,-8,-33,-13,-20,hello
25.594911098480225,-34,-9,-4,-47,12,16,10,-1,-15,-10,-31,-38,-39,-15,hello
25.61054420471192,-23,7,-19,3,11,36,40,-2,27,32,5,-53,0,-19,hello
25.61054420471192,-17,-2,-42,25,7,20,14,-17,20,14,-8,-56,-8,-15,hello
25.626169443130493,-18,-11,27,-15,-10,1,-22,4,-33,-35,-56,-3,-56,13,hello
25.626169443130493,0,9,5,38,1,19,28,8,28,37,7,-2,6,6,hello
25.642012357711792,12,-16,-75,36,4,-12,23,-11,53,56,35,-23,37,-3,sil
25.642012357711792,7,-36,9,-72,-27,-57,-58,9,-46,-50,-34,36,-30,17,sil
25.65752124786377,15,15,65,-31,-23,-17,-38,14,-39,-45,-5,56,-4,0,sil
25.65752124786377,20,34,6,55,-1,1,5,-20,14,9,59,18,43,-24,sil
25.67255997657776,16,16,26,22,-6,-25,-22,-16,-26,-25,38,31,6,0,sil
25.67255997657776,18,27,56,18,-4,-13,-28,-3,-35,-31,28,41,0,8,sil
25.68793821334839,16,29,37,57,-7,3,-4,-7,1,7,45,26,21,7,sil
25.68793821334839,13,11,44,46,-15,5,10,8,6,21,30,29,16,29,sil
25.703895568847656,6,-2,22,22,2,18,23,11,4,19,5,14,9,27,sil
25.703895568847656,-7,-19,-19,0,8,13,16,0,-4,3,-22,-12,-16,5,sil
25.71902751922608,-14,-24,-25,-13,-6,0,11,5,-3,7,-37,-21,-29,1,sil
25.71902751922608,-16,-23,-30,-20,-5,-2,16,16,23,26,-29,-28,-9,0,sil
25.73418354988098,-20,-25,-36,-36,-2,-5,6,19,32,13,-20,-20,0,-2,sil
25.749488353729248,-6,-7,-27,-34,-6,-5,-2,21,28,5,0,7,19,2,sil
25.749488353729248,15,9,-18,-18,5,-10,-9,7,21,11,18,18,39,9,sil
25.76495623588562,18,12,-10,-13,14,-18,-18,-10,-3,-5,15,8,21,-3,sil
25.76495623588562,7,15,-3,-4,7,-9,-13,-15,-22,-23,8,0,2,-22,sil
25.780531644821167,1,14,2,-1,5,5,-5,-14,-23,-25,0,-3,-4,-22,sil
25.780531644821167,-5,11,10,2,12,20,0,-19,-23,-24,-6,-18,-22,-13,sil
25.795599937438965,-15,8,6,13,13,26,3,-28,-29,-24,-16,-29,-35,-15,sil
25.795599937438965,-21,1,10,13,9,20,7,-26,-30,-16,-33,-30,-37,-19,sil
25.81114196777344,-13,-1,10,15,6,25,28,-15,-12,9,-32,-25,-31,-10,sil
25.81114196777344,0,-5,-1,19,-2,27,39,5,11,29,-14,-14,-11,12,sil
25.82622528076172,7,-7,-1,9,-4,8,27,30,30,32,1,1,10,28,sil
25.82622528076172,10,-11,2,-2,11,-2,17,34,43,34,13,14,25,29,sil
25.84170913696289,12,-19,-9,-15,8,-5,3,23,38,23,7,21,25,26,sil
25.84170913696289,12,-16,-13,-19,-6,-15,-9,15,25,2,5,19,32,19,sil
25.856825351715088,11,-4,0,-9,-7,-27,-17,4,4,-10,24,21,36,3,sil
25.856825351715088,9,5,11,0,-1,-25,-23,-8,-16,-17,35,27,22,-10,sil
25.87287712097168,5,17,10,3,4,-7,-29,-15,-21,-27,22,17,2,-16,sil
25.87287712097168,0,25,12,6,7,0,-29,-12,-23,-31,10,0,-8,-14,sil
25.888893842697144,-7,24,13,15,1,-5,-20,-9,-17,-5,13,-5,-6,-11,sil
25.888893842697144,-6,11,8,17,-3,-4,-6,-3,-1,18,4,-11,-11,-9,sil
25.90460991859436,-9,-9,3,3,-12,0,0,-1,-4,8,-17,-23,-28,-5,sil
25.90460991859436,-38,-40,-25,-25,-37,-12,-12,-17,-24,-15,-44,-40,-44,-21,sil
25.91966938972473,-56,-53,-50,-51,-49,-21,-21,-17,-24,-24,-63,-45,-50,-32,sil
25.91966938972473,-33,-39,-35,-46,-35,-7,-6,9,1,-2,-49,-28,-32,-10,sil
25.934921503067017,-26,-45,-35,-54,-40,-19,-13,7,0,-5,-37,-22,-21,-5,sil
25.934921503067017,-22,-37,-33,-58,-45,-37,-35,-10,-20,-35,-30,-12,-19,-18,sil
25.9509801864624,46,40,29,18,16,6,4,12,12,-3,31,46,31,14,sil
25.9509801864624,100,100,84,88,81,57,64,40,57,47,92,90,81,53,sil
25.96692609786988,65,76,63,74,71,49,64,22,43,42,78,58,64,41,sil
25.96692609786988,28,42,31,53,48,31,47,5,19,26,41,20,28,28,sil
25.98253083229065,24,35,26,51,47,37,47,4,16,25,20,12,12,32,sil
25.98253083229065,2,14,10,32,23,35,38,-4,9,20,1,-4,1,19,sil
25.99856400489807,-20,-17,-16,1,-4,18,16,-1,5,21,-17,-20,-7,9,sil
25.99856400489807,-14,-29,-33,-20,-9,-3,0,11,16,21,-16,-4,1,7,sil
26.01458215713501,-2,-25,-34,-31,-19,-36,-26,-6,-2,-10,-4,4,11,-10,sil
26.01458215713501,-6,-23,-21,-30,-31,-50,-54,-36,-44,-49,-6,-8,-7,-36,sil
26.03008770942688,-27,-28,-20,-32,-33,-45,-68,-43,-61,-60,-24,-26,-39,-56,sil
26.03008770942688,-45,-23,-18,-32,-34,-47,-67,-37,-65,-54,-32,-36,-47,-56,sil
26.04575634002685,-31,-4,8,5,-10,-12,-22,-15,-40,-22,-11,-23,-22,-23,sil
26.04575634002685,-4,0,21,34,19,37,30,14,14,20,0,-1,0,13,sil
26.06177973747253,-5,-11,1,3,7,29,26,19,27,24,-22,-8,-9,16,sil
26.06177973747253,-19,-16,-13,-18,-10,0,9,11,9,8,-32,-18,-14,6,sil
26.077816247940063,-4,-9,-9,-11,-4,0,11,21,20,8,-8,5,9,18,sil
26.077816247940063,23,0,-1,-9,0,-1,3,30,38,15,16,30,33,24,sil
26.09385848045349,27,1,-3,-14,4,-9,-10,10,22,1,25,17,32,2,sil
26.09385848045349,18,3,-2,-13,4,-18,-21,-11,-10,-28,16,0,8,-15,sil
26.11488962173462,15,23,11,0,0,-14,-15,-12,-21,-33,12,1,-5,-16,sil
26.11488962173462,9,32,19,13,3,14,6,-6,-13,-8,19,0,-8,-13,sil
26.11488962173462,-8,12,6,16,6,30,18,-9,-11,10,9,-13,-13,-11,sil
26.124903917312626,-20,-7,-6,14,0,19,15,-6,-3,19,-12,-16,-16,-1,sil
26.14096617698669,-7,-2,3,8,-5,17,22,12,19,31,-17,-2,-6,16,sil
26.14096617698669,9,3,5,0,3,16,28,25,42,45,5,11,18,27,sil
26.15659785270691,15,-4,-3,-7,7,-7,4,16,33,34,25,27,38,26,sil
26.15659785270691,20,7,9,-1,1,-15,-17,1,8,2,27,35,34,16,sil
26.171967267990112,15,23,24,17,0,-1,-11,-13,-9,-14,9,12,5,0,sil
26.171967267990112,0,3,11,15,4,7,7,-13,-18,-6,-11,-14,-25,0,sil
26.18797183036804,-1,-18,-5,0,3,6,22,-2,-2,9,-17,-13,-24,8,sil
26.18797183036804,0,-17,-15,-16,-9,-15,1,0,1,-4,-19,-5,-8,0,sil
26.20327734947205,-5,-8,-15,-23,-16,-29,-31,-8,-24,-34,-13,-2,1,-14,sil
26.20327734947205,0,7,1,-2,0,-4,-20,-13,-32,-37,0,0,0,-16,sil
26.21890020370484,-9,4,5,11,6,11,1,-7,-22,-30,-10,-12,-20,-8,sil
26.21890020370484,-32,-23,-17,-7,-10,-2,3,6,-6,-15,-35,-24,-28,0,sil
26.2338650226593,-19,-32,-33,-27,-10,-10,1,23,19,9,-22,-5,5,7,sil
26.2338650226593,7,-9,-13,-23,5,-12,-3,25,29,17,18,23,32,8,sil
26.249958276748657,8,14,9,-1,7,-15,-11,5,12,5,38,20,23,-2,sil
26.249958276748657,0,29,15,17,0,-2,-11,-8,-3,0,19,0,-1,-12,sil
26.26452898979187,1,33,20,26,9,12,0,-12,-2,2,8,0,-9,-12,sil
26.26452898979187,3,25,22,28,14,13,2,-20,-3,3,13,2,-11,-10,sil
26.280017852783203,0,17,16,29,2,15,1,-16,-6,4,2,-2,-16,-9,sil
26.280017852783203,-1,2,7,26,2,23,9,-3,2,17,-3,-5,-5,-3,sil
26.295697927474976,-1,-9,3,20,11,20,17,0,10,28,0,-3,4,6,sil
26.295697927474976,-1,-11,-9,10,6,12,19,6,9,25,-7,-6,4,13,sil
26.310944080352783,-5,-25,-28,-15,-5,1,15,12,8,10,-13,-12,11,10,sil
26.310944080352783,-4,-35,-24,-43,-9,-11,8,15,12,0,-8,-6,19,8,sil
26.32652592658997,0,-24,-16,-41,-13,-19,-3,13,13,0,-1,8,16,10,sil
26.32652592658997,8,-13,-17,-28,-22,-28,-27,1,-8,-18,0,12,5,1,sil
26.341710329055783,16,-4,-5,-20,-18,-34,-37,-16,-34,-49,-2,5,-5,-16,sil
26.341710329055783,13,11,8,-21,-3,-28,-28,-18,-36,-49,-10,0,-20,-24,sil
26.35779595375061,2,15,4,-19,0,-6,-16,-4,-29,-33,-17,-8,-22,-21,sil
26.35779595375061,-3,8,3,6,3,13,5,-1,-15,-15,-2,-9,-6,-12,sil
26.37302947044373,-6,6,14,22,7,19,17,-6,-4,0,11,-1,-4,3,sil
26.37302947044373,-6,8,23,20,8,22,11,-6,3,11,10,0,-5,12,sil
26.389053106307983,-1,10,19,28,13,28,9,-2,11,20,14,-2,6,9,sil
26.389053106307983,0,10,13,35,11,23,16,0,12,23,17,4,8,15,sil
26.404680252075195,0,9,8,28,7,13,23,2,18,30,11,11,5,24,sil
26.4198739528656,6,0,4,9,1,6,14,11,23,34,0,1,7,18,sil
26.4198739528656,1,-12,-5,-7,-4,3,1,13,18,27,-4,-5,4,4,sil
26.43582510948181,-14,-12,-21,-10,-3,2,4,8,14,11,-3,-6,1,0,sil
26.43582510948181,-13,-8,-24,-7,-3,-3,12,8,12,0,-12,-12,1,1,sil
26.450947046279907,-3,-13,-19,-13,-9,-13,0,9,10,2,-26,-15,-3,0,sil
26.450947046279907,-3,-16,-16,-22,-9,-14,-21,12,10,5,-27,-5,-8,-5,sil
26.46619820594788,1,1,-9,-16,0,-10,-19,10,6,-4,-3,9,2,-5,sil
26.46619820594788,11,11,-4,-10,2,-19,-7,-5,-6,-14,20,18,15,-1,sil
26.481942415237427,10,1,2,-22,-10,-32,-15,-7,-22,-22,21,23,10,-4,sil
26.481942415237427,13,6,18,-14,-8,-21,-13,0,-23,-27,21,28,9,-9,sil
26.49798607826233,18,22,25,6,7,-10,-2,-15,-25,-33,23,26,7,-10,sil
26.49798607826233,8,22,22,10,10,-15,-11,-28,-32,-30,13,9,-15,-20,sil
26.513593196868896,0,13,23,21,7,-4,-13,-13,-12,-3,0,-9,-24,-24,sil
26.513593196868896,-3,7,20,34,11,23,2,0,9,14,-11,-16,-11,-10,sil
26.52985978126526,-18,1,4,31,10,28,8,-5,7,14,-13,-11,-3,-2,sil
26.52985978126526,-19,0,-1,19,5,12,1,-5,0,14,-6,-13,-5,0,sil
26.544846534729004,0,4,4,16,6,18,15,2,5,13,-4,-16,0,12,sil
26.544846534729004,0,1,-3,18,5,40,34,8,17,16,0,-13,6,22,sil
26.56055998802185,-12,-11,-16,7,-4,28,24,12,16,18,0,-9,2,24,sil
26.56055998802185,-3,-18,-16,-11,-13,0,7,9,9,11,-14,-12,-4,20,sil
26.57659792900085,3,-26,-16,-26,-18,-1,6,1,0,0,-27,-17,-15,8,sil
26.57659792900085,-4,-32,-25,-29,-15,4,7,5,2,-3,-25,-13,-17,3,sil
26.59173703193665,-1,-23,-33,-26,-1,-8,5,17,20,4,-7,0,4,7,sil
26.59173703193665,12,-13,-21,-25,2,-27,-3,16,19,10,12,17,29,5,sil
26.60783219337464,13,-6,-4,-18,-2,-22,-13,6,1,1,23,23,31,-6,sil
26.60783219337464,3,0,-9,-27,-6,-16,-20,2,-3,-10,14,15,21,-9,sil
26.62304639816284,4,0,-10,-49,-4,-17,-17,5,0,-10,14,13,21,-1,sil
26.62304639816284,9,4,9,-27,1,-11,-13,-6,-7,-12,26,17,22,-5,sil
26.63896346092224,4,21,28,17,3,-8,-21,-25,-28,-30,10,11,-2,-15,sil
26.63896346092224,5,40,40,43,4,-6,-15,-25,-32,-29,-3,8,-19,-8,sil
26.65483665466309,10,39,38,52,6,1,-2,-15,-20,-16,7,8,-8,-3,sil
26.65483665466309,-1,19,22,40,3,8,-4,-9,-15,-16,0,-2,-14,-15,sil
26.66984844207764,-17,8,9,24,6,9,-2,-8,-6,0,-18,-20,-27,-19,sil
26.670386791229248,-9,10,7,20,13,11,3,-10,0,13,-12,-20,-20,-6,sil
26.68492317199707,-3,1,6,20,8,20,7,-8,-4,4,-3,-11,-12,0,sil
26.68492317199707,-17,-15,-1,13,0,23,13,-1,-2,10,-7,-14,-6,0,sil
26.70050930976868,-24,-18,-11,-3,-1,13,17,7,10,27,-7,-13,1,5,sil
26.70050930976868,-14,-16,-22,-13,-5,6,23,12,23,29,-2,-3,11,11,sil
26.71560454368592,-8,-21,-26,-16,-11,1,20,14,15,16,-10,-10,6,9,sil
26.71560454368592,-11,-18,-16,-17,-9,-5,6,12,7,13,-17,-17,-4,2,sil
26.73076629638672,0,-12,-7,-13,-3,-3,5,12,12,18,-5,0,-3,3,sil
26.73076629638672,10,-9,-5,-17,-1,1,9,13,15,9,4,11,3,7,sil
26.74590516090393,0,-8,-10,-30,-6,-8,0,6,12,-1,4,2,0,-1,sil
26.74590516090393,-4,-10,-12,-31,-14,-25,-20,1,4,-7,-3,-1,-10,-2,sil
26.76108193397522,19,0,-2,-9,-5,-18,-20,7,2,-16,0,10,-8,14,sil
26.76108193397522,36,11,0,9,15,-2,-3,10,9,-18,16,25,9,19,sil
26.777007341384888,30,14,0,7,16,-6,-1,8,6,-6,23,32,20,12,sil
26.777007341384888,23,21,13,6,2,-17,-12,1,-3,0,28,32,8,12,sil
26.791954517364506,21,26,23,8,6,-15,-16,-10,-14,-15,25,23,-8,7,sil
26.791954517364506,19,27,25,15,15,-4,-8,-20,-23,-25,12,13,3,-2,sil
26.80750298500061,12,31,28,29,8,5,2,-20,-19,-7,12,1,27,-8,sil
26.80750298500061,-5,20,20,23,1,14,2,-13,-15,0,4,-19,9,-18,sil
26.82308292388916,-25,-4,-1,13,9,22,7,-9,-8,3,-18,-36,-14,-25,sil
26.82308292388916,-27,-19,-12,14,0,22,16,-7,0,10,-32,-36,-5,-19,sil
26.8391981124878,-21,-24,-8,4,-23,13,11,1,3,13,-32,-26,0,-6,sil
26.8391981124878,-23,-29,-15,-11,-12,15,11,14,13,18,-27,-18,0,4,sil
26.85457730293274,-22,-30,-24,-24,1,17,19,21,23,14,-23,-6,12,13,sil
26.85457730293274,-8,-28,-21,-30,-14,-2,5,11,17,1,-11,3,28,13,sil
26.869892358779907,1,-22,-15,-33,-17,-26,-30,-3,1,-10,9,8,16,5,sil
26.869892358779907,9,-2,-4,-28,0,-27,-45,-7,-8,-17,25,17,-4,-4,sil
26.885088443756104,16,18,11,-6,2,-21,-25,-9,-17,-16,28,23,-3,-13,sil
26.900964498519897,8,26,22,11,1,-11,-8,-13,-25,-15,24,15,-1,-15,sil
26.900964498519897,-2,26,19,22,9,7,0,-9,-14,-6,14,3,-14,-9,sil
26.900964498519897,-8,16,9,22,8,15,10,-2,-2,7,-9,-7,-27,-1,sil
26.9159791469574,-15,0,0,16,9,18,30,3,1,11,-22,-15,-30,0,sil
26.93150973320008,-16,0,-3,21,14,30,44,7,12,17,-8,-15,-21,1,sil
26.93150973320008,-5,-1,-5,16,4,23,32,10,13,22,-14,-15,-18,9,sil
26.947558403015137,-1,-14,-8,0,-7,5,19,10,7,18,-34,-17,-18,16,sil
26.947558403015137,2,-17,-9,-9,-6,-1,16,13,19,13,-17,-3,2,15,sil
26.96265888214112,18,-4,-6,-14,-6,-12,-5,13,18,-1,16,20,23,6,sil
26.96265888214112,17,1,-6,-13,-8,-25,-26,-1,-3,-23,25,26,20,-6,sil
26.97788023948669,8,-1,-6,-10,-5,-24,-28,-12,-16,-29,16,16,10,-5,sil
26.97788023948669,16,9,0,-2,2,-15,-20,-4,-4,-12,25,16,20,2,sil
26.99271535873413,18,23,8,11,9,-12,-19,-4,-3,0,35,12,23,-5,sil
26.99271535873413,0,19,16,23,7,-7,-15,-16,-18,-2,17,-5,-5,-11,sil
27.007959127426147,-22,-4,8,18,0,7,1,-12,-9,5,0,-25,-26,-5,sil
27.007959127426147,-18,-22,-10,-3,-2,14,11,5,13,21,-13,-25,-14,5,sil
27.02364683151245,3,-13,-9,-15,0,2,8,17,20,29,-34,-1,10,22,sil
27.02364683151245,10,-13,-4,-32,-7,-16,-6,10,8,7,-48,6,14,19,sil
27.03872871398925,-3,-23,-14,-50,-21,-25,-23,0,-9,-31,-33,-5,-1,-5,sil
27.03872871398925,1,2,-7,-16,-7,-11,-13,0,-10,-28,9,3,2,-12,sil
27.05414128303528,20,30,14,20,12,-2,-4,-1,-6,-9,32,26,19,0,sil
27.05414128303528,12,23,17,5,4,-5,-15,-19,-22,-21,23,17,4,-11,sil
27.0697181224823,-3,16,18,5,-3,1,-13,-30,-32,-24,19,0,-16,-27,sil
27.0697181224823,0,18,31,24,6,13,2,-12,-18,-5,17,0,-12,-12,sil
27.08475351333618,0,8,27,23,10,21,17,3,0,3,3,-5,-3,2,sil
27.08475351333618,-22,-12,1,12,4,32,34,5,7,11,-16,-27,-16,-2,sil
27.101053953170776,-34,-23,-15,4,5,42,41,13,16,30,-33,-32,-23,-2,sil
27.101053953170776,-22,-15,-15,-1,7,30,32,21,35,45,-21,-12,-4,17,sil
27.117004871368408,-1,-8,-9,1,1,8,18,14,33,35,0,3,9,29,sil
27.117004871368408,10,-9,-8,9,0,5,17,10,23,19,-2,3,10,18,sil
27.1317105293274,13,-11,-15,0,0,8,14,22,24,14,-11,2,12,9,sil
27.1317105293274,5,-10,-19,-16,-8,-7,0,24,18,7,0,11,15,12,sil
27.147164583206177,-2,-11,-25,-20,-12,-26,-20,2,0,-10,12,14,17,0,sil
27.147164583206177,0,-7,-22,-18,-3,-25,-30,-15,-13,-29,6,7,10,-21,sil
27.16298818588257,9,7,-8,-9,9,-18,-24,-9,-13,-22,10,6,10,-23,sil
27.16298818588257,18,23,4,3,15,-19,-18,0,-8,-9,24,17,14,-5,sil
27.17890572547913,22,29,21,10,2,-18,-15,-3,-8,-8,23,28,11,8,sil
27.17890572547913,15,17,28,11,-12,-11,-7,-11,-7,-2,12,11,4,4,sil
27.193910598754883,0,0,18,6,-21,-12,2,-14,-8,0,0,-11,-4,-2,sil
27.193910598754883,-2,3,11,1,-16,-6,7,-15,-15,-12,-1,-8,-13,-4,sil
27.209806442260746,0,9,7,0,1,4,-1,-21,-22,-21,0,-5,-16,-7,sil
27.209806442260746,-13,4,0,5,17,5,-14,-20,-23,-11,-6,-20,-21,-12,sil
27.225013494491577,-28,1,-9,19,23,11,0,-9,-9,5,-13,-27,-22,-8,sil
27.225013494491577,-26,-9,-16,13,16,25,16,6,4,9,-14,-19,-20,1,sil
27.24090790748596,-12,-14,-8,-1,1,23,17,19,16,14,-7,-6,-12,6,sil
27.24090790748596,0,-5,7,0,-9,16,19,11,19,18,-2,1,-6,6,sil
27.256805181503296,9,-5,12,-1,-20,19,21,1,7,9,-9,0,-13,10,sil
27.256805181503296,6,-19,-6,-23,-24,0,7,3,0,7,-16,-2,-15,11,sil
27.271540880203247,1,-28,-20,-46,-16,-36,-31,1,-12,-8,-23,0,-8,0,sil
27.28698205947876,6,-13,-6,-44,-3,-44,-56,-8,-25,-39,-11,7,2,-12,sil
27.28698205947876,9,8,5,-12,4,-26,-40,-7,-18,-35,22,20,18,-8,sil
27.28698205947876,-1,11,7,16,7,-9,-13,-5,-11,-14,26,12,15,-4,sil
27.30261754989624,-15,5,2,29,11,7,4,-8,-7,-5,3,-11,4,-17,sil
27.30261754989624,-11,6,1,29,14,20,21,9,12,11,-7,-16,3,-11,sil
27.31868815422058,10,8,6,18,6,20,32,38,43,41,-5,0,17,18,sil
27.33423352241516,31,2,9,0,-8,-1,13,33,49,39,11,23,37,28,sil
27.33423352241516,37,11,19,-6,-4,-24,-16,6,17,9,37,45,48,19,sil
27.350157737731934,21,30,28,12,12,-1,-13,-7,-14,-1,40,28,29,9,sil
27.350157737731934,-5,22,10,22,14,30,13,-10,-18,0,9,-11,-6,-2,sil
27.350157737731934,-27,-6,-15,9,6,29,32,-5,0,5,-17,-22,-20,-6,sil
27.36488890647888,-34,-24,-24,-2,2,22,35,1,13,11,-29,-21,-14,-1,sil
27.380746841430664,-24,-21,-22,-11,-4,25,33,6,13,13,-38,-30,-21,-2,sil
27.380746841430664,-7,-12,-17,-11,-12,10,24,6,14,12,-34,-28,-23,-2,sil
27.39626932144165,6,-12,-11,-15,-12,-12,-1,1,10,-3,-24,-11,-13,1,sil
27.39626932144165,16,-11,-3,-21,-10,-20,-24,-4,-3,-24,-8,10,-3,3,sil
27.41239142417908,21,-1,1,-7,-5,-17,-14,-5,-3,-12,17,27,11,4,sil
27.41239142417908,13,3,6,-7,1,-9,-2,0,2,0,36,22,19,1,sil
27.428008556365967,-3,1,0,-17,7,-1,-5,-2,-6,-11,33,10,9,-10,sil
27.428008556365967,-22,1,-17,-10,8,-11,-19,-20,-28,-27,23,5,-6,-25,sil
27.44387412071228,-28,10,-10,7,11,-20,-25,-27,-32,-19,23,7,-6,-19,sil
27.44387412071228,-6,29,19,33,18,-5,-15,-17,-13,3,32,14,7,0,sil
27.4596745967865,19,40,39,49,6,9,-7,-8,-6,8,18,16,1,10,sil
27.4596745967865,21,26,35,40,-10,11,-1,-2,-3,8,-7,1,-10,14,sil
27.47461199760437,4,-4,11,9,-18,2,4,6,3,14,-32,-22,-17,15,sil
27.47461199760437,-9,-29,-17,-16,-21,-6,4,10,0,4,-56,-38,-35,0,sil
27.489880800247192,-17,-32,-29,-21,-14,0,0,5,-6,-7,-57,-38,-42,-13,sil
27.489880800247192,-15,-25,-25,-26,0,2,-8,2,-3,-13,-34,-27,-16,-4,sil
27.50590777397156,-7,-22,-24,-33,2,-11,-12,5,2,-11,-12,-12,10,0,sil
27.50590777397156,0,-12,-10,-16,7,-14,-5,11,10,1,8,9,22,-6,sil
27.5219144821167,8,10,11,5,16,0,2,16,13,10,35,28,29,-1,sil
27.5219144821167,15,18,11,5,10,5,2,7,10,0,43,24,33,-2,sil
27.53762602806092,21,14,12,0,-2,-3,-6,-5,-1,-10,26,16,17,-9,sil
27.53762602806092,19,25,30,23,0,-2,1,-5,-4,-3,7,16,0,-1,sil
27.552759170532227,6,18,25,34,8,18,26,1,7,9,-8,0,-10,8,sil
27.552759170532227,-10,-14,5,6,-1,28,30,10,14,13,-22,-18,-14,11,sil
27.568762063980103,-19,-29,-13,-14,-11,15,21,9,13,21,-18,-17,-8,12,sil
27.568762063980103,-20,-29,-28,-21,-7,2,7,3,9,22,-13,-15,1,14,sil
27.58429503440857,-10,-23,-26,-26,-2,-10,-9,4,8,6,-4,-5,14,13,sil
27.58429503440857,10,-1,-9,-17,-3,-25,-20,3,1,-16,12,13,24,2,sil
27.600003957748413,19,13,3,-4,-10,-24,-23,-7,-16,-34,18,23,16,-7,sil
27.600003957748413,9,20,4,3,-7,-15,-20,-17,-19,-27,25,24,12,-5,sil
27.61553740501404,12,32,11,6,6,-6,-10,-14,-11,-2,31,21,10,-2,sil
27.61553740501404,13,28,27,14,11,15,6,-13,-15,5,14,11,-2,-8,sil
27.630826234817505,-4,7,25,22,7,26,16,-19,-25,-7,-8,-3,-21,-11,sil
27.630826234817505,-13,0,10,16,9,16,24,-13,-19,-6,-16,-15,-25,-2,sil
27.64597153663636,-8,0,4,8,13,24,36,4,9,26,-14,-18,-12,7,sil
27.64597153663636,-10,-8,-3,3,1,24,31,15,26,41,-17,-19,-5,10,sil
27.661890745162964,-12,-14,-16,-3,-15,1,7,16,18,20,-22,-18,-10,8,sil
27.661890745162964,-7,-15,-24,-7,-10,-7,-8,13,19,8,-15,-9,-6,7,sil
27.677045106887817,-11,-14,-24,-15,6,-6,-18,12,29,11,-7,0,1,2,sil
27.677045106887817,-14,-14,-29,-23,3,-20,-24,9,21,0,-5,0,1,-11,sil
27.69258451461792,-1,-12,-24,-19,-5,-30,-26,4,4,-21,2,1,6,-14,sil
27.69258451461792,16,5,7,0,3,-20,-20,3,-4,-21,28,20,20,-2,sil
27.70767426490784,24,25,33,11,12,-6,-5,0,-4,0,46,37,27,3,sil
27.70767426490784,23,27,32,7,8,-1,0,-4,-6,0,39,34,19,4,sil
27.72320795059204,20,23,25,17,9,0,-4,-13,-7,-5,25,13,7,3,sil
27.72320795059204,1,10,10,20,2,2,-15,-27,-22,-17,-5,-21,-17,-11,sil
27.739054918289185,-26,-9,-11,2,-12,7,-12,-28,-41,-34,-43,-43,-47,-29,sil
27.739054918289185,-33,-15,-20,-1,-8,23,15,-10,-26,-20,-49,-44,-48,-27,sil
27.754976511001587,-21,-15,-12,1,-2,21,28,1,-10,0,-39,-33,-32,-12,sil
27.754976511001587,-14,-17,-10,1,-7,7,16,2,-13,0,-31,-19,-19,-4,sil
27.769978523254395,-9,-15,-14,2,-2,8,12,13,5,0,-28,-8,-11,1,sil
27.769978523254395,7,-5,-6,-2,1,6,16,32,38,20,-21,4,4,21,sil
27.785577297210693,33,9,11,0,-1,-12,15,32,41,30,14,30,40,42,sil
27.785577297210693,42,10,17,0,-8,-19,1,19,20,18,48,46,58,47,sil
27.80069398880005,20,-7,5,-16,-16,-19,-18,7,9,6,43,35,42,28,sil
27.80069398880005,8,-7,-1,-20,-14,-26,-25,-1,-2,0,26,21,26,6,sil
27.815856456756592,17,11,7,-4,-1,-14,-18,-12,-15,-7,26,23,21,0,sil
27.815856456756592,14,15,15,0,7,2,-16,-23,-11,-6,29,23,14,-10,sil
27.831539630889893,0,14,15,-2,9,4,-17,-22,-13,-3,20,8,-1,-23,sil
27.831539630889893,-11,16,11,4,16,12,-6,-23,-27,-17,-1,-14,-21,-23,sil
27.84765362739563,-27,5,-5,5,14,19,5,-25,-26,-25,-25,-37,-36,-25,sil
27.84765362739563,-40,-3,-16,2,1,11,14,-12,-9,0,-35,-42,-34,-23,sil
27.862780809402462,-33,-8,-9,12,0,10,24,0,3,22,-30,-38,-25,-7,sil
27.862780809402462,-27,-25,-15,3,1,10,15,1,4,6,-33,-33,-26,0,sil
27.87798309326172,-25,-33,-27,-22,-12,0,0,19,19,0,-27,-19,-15,1,sil
27.87798309326172,-4,-18,-20,-28,-19,-11,4,42,39,22,0,2,17,19,sil
27.893943548202515,17,0,-1,-16,-9,-18,7,37,32,24,26,23,36,31,sil
27.893943548202515,21,1,0,-12,-9,-20,-6,6,10,0,30,27,33,11,sil
27.90895652770996,18,0,0,-13,-6,-18,-15,-8,-8,-20,17,11,18,-10,sil
27.924802780151367,9,4,6,-5,7,-8,-11,-8,-19,-24,6,2,0,-19,sil
27.924802780151367,-2,11,7,2,9,0,-11,-12,-18,-17,0,0,-13,-21,sil
27.940531969070435,-5,15,6,14,4,9,-5,-13,-14,-10,-8,-11,-21,-18,sil
27.940531969070435,-1,14,15,38,12,23,12,-9,-9,-1,-15,-18,-28,-12,sil
27.940531969070435,3,13,24,50,23,30,24,-1,0,6,-16,0,-26,8,sil
27.956037044525143,14,13,20,43,22,29,31,9,20,24,-7,18,-7,27,sil
27.972016096115112,15,4,3,28,14,22,29,19,32,43,0,10,6,26,sil
27.972016096115112,18,0,-2,11,9,9,8,18,23,21,4,17,20,20,sil
27.987555980682373,33,10,8,3,8,-3,-12,1,14,-9,25,46,40,15,sil
27.987555980682373,35,15,12,-5,8,-10,-18,-8,0,-14,35,47,39,5,sil
28.00353741645813,17,16,7,-2,8,-6,-19,-10,-16,-7,21,23,21,1,sil
28.00353741645813,0,14,5,18,0,-2,-17,-18,-17,-1,10,0,6,-3,sil
28.018686532974243,-11,-4,0,12,-8,1,-1,-12,-5,9,-3,-14,-9,-5,sil
28.018686532974243,-19,-30,-9,-24,-12,7,17,3,7,25,-22,-16,-10,1,sil
28.03440642356873,-20,-36,-21,-40,-14,0,15,16,15,24,-27,-18,-5,7,sil
28.03440642356873,-7,-24,-20,-22,-15,-11,5,22,19,12,-15,-11,1,2,sil
28.04984736442566,-2,-16,-17,-23,-16,-20,-9,5,9,-10,0,0,12,-5,sil
28.04984736442566,-14,-14,-18,-44,-25,-33,-37,-17,-28,-45,5,-6,4,-13,sil
28.065492630004883,-11,0,-8,-26,-27,-33,-40,-21,-51,-52,12,-13,-9,-23,sil
28.065492630004883,-20,1,-6,-19,-31,-32,-30,-22,-49,-43,7,-29,-29,-35,sil
28.08154797554016,-37,0,-6,-26,-31,-24,-20,-20,-35,-31,0,-43,-38,-29,sil
28.08154797554016,-46,-5,-7,-11,-29,-4,-3,-12,-25,-16,-3,-46,-34,-13,sil
28.096619129180908,-73,-36,-32,-39,-59,-21,-11,-5,-45,-31,-38,-79,-66,-19,sil
28.096619129180908,-46,-34,-31,-43,-36,-19,-8,7,-26,-22,-44,-58,-50,-12,sil
0.0272524356842041,46,21,14,36,53,32,29,18,36,29,3,41,35,17,sil
0.0272524356842041,58,33,26,47,68,42,32,12,38,32,11,66,44,21,sil
0.0428841114044189,26,13,2,5,46,28,17,15,22,16,-15,24,14,11,sil
0.0428841114044189,34,20,7,25,55,42,28,20,41,31,-12,24,25,16,sil
0.0583026409149169,32,35,28,55,48,45,34,11,42,28,8,33,26,17,sil
0.0583026409149169,19,29,36,51,36,40,31,3,26,22,18,23,16,17,sil
0.0739965438842773,16,6,29,34,26,28,28,2,18,35,4,13,9,18,sil
0.0739965438842773,7,-5,13,24,0,0,16,0,14,31,-2,8,-2,8,sil
0.0900976657867431,11,-2,11,18,-8,-13,7,1,18,8,21,24,2,8,sil
0.0900976657867431,20,-4,16,8,-10,-11,0,2,22,1,36,33,11,16,sil
0.1056861877441406,5,-7,-4,-3,-21,-22,-19,0,10,1,18,12,7,0,sil
0.1056861877441406,-9,-2,-15,-14,-22,-31,-32,-1,-2,-2,13,7,13,-13,sil
0.1208720207214355,5,9,5,-6,-1,-17,-19,2,-1,-1,31,19,30,0,sil
0.1208720207214355,12,12,11,7,9,0,1,0,-4,1,25,5,19,2,sil
0.1360177993774414,-13,-6,-6,-6,-8,3,2,-3,-10,-1,-12,-19,-9,-8,sil
0.1360177993774414,-19,-17,-20,-25,-22,-8,-11,5,-4,-3,-19,-21,-2,1,sil
0.1520590782165527,2,4,-8,-10,-5,-20,-30,-6,-12,-8,4,-4,22,5,sil
0.1520590782165527,-4,13,0,1,-1,-19,-33,-38,-41,-25,1,-12,0,-14,sil
0.1672749519348144,-25,-8,-16,-10,-18,-1,-9,-29,-44,-24,-30,-31,-38,-15,sil
0.1672749519348144,-24,-30,-34,-32,-21,4,-1,-4,-28,-19,-42,-28,-39,-10,sil
0.1829173564910888,-24,-30,-38,-46,-15,-17,-23,-11,-33,-36,-32,-25,-33,-31,sil
0.1829173564910888,-22,-10,-16,-38,-14,-18,-21,-21,-40,-39,-17,-24,-34,-35,sil
0.1985321044921875,-20,0,6,-12,-5,14,9,-7,-25,-8,-8,-22,-32,-13,sil
0.1985321044921875,-23,-11,2,3,2,28,25,12,1,8,-9,-20,-23,4,sil
0.2143387794494629,-4,-5,3,1,0,13,23,29,32,13,-1,2,3,23,sil
0.2143387794494629,21,6,6,-3,0,0,20,30,41,22,15,20,29,32,sil
0.2299485206604004,23,5,5,0,6,-2,14,15,26,19,30,21,37,26,sil
0.2299485206604004,26,11,13,11,13,0,8,9,17,3,26,28,33,15,sil
0.2449939250946045,36,28,25,27,18,7,7,5,10,-3,15,29,19,9,sil
0.2449939250946045,31,35,35,43,26,14,9,-2,2,1,22,25,4,8,sil
0.2605888843536377,8,19,19,32,23,9,6,0,3,7,15,5,-5,-6,sil
0.2605888843536377,-12,-5,-4,6,1,1,1,0,5,8,-17,-19,-28,-29,sil
0.2766163349151611,-18,-11,-5,7,-4,2,5,-3,10,14,-26,-22,-31,-19,sil
0.2766163349151611,-15,-9,-7,3,3,7,12,5,23,26,-11,-12,-4,6,sil
0.2918059825897217,-13,-20,-21,-21,0,0,5,12,25,20,-3,-2,9,9,sil
0.3072893619537353,-9,-22,-28,-29,-13,-16,-10,5,15,0,-11,-3,1,-4,sil
0.3072893619537353,-3,-12,-24,-20,-16,-26,-24,2,1,-13,-22,-6,2,-7,sil
0.3230655193328857,5,0,-2,-6,-3,-19,-23,-4,-8,-11,-4,11,23,0,sil
0.3230655193328857,15,16,22,7,3,-8,-17,-19,-20,-8,30,31,30,4,sil
0.3381490707397461,18,23,34,17,0,-1,-12,-21,-34,-16,26,25,10,2,sil
0.3381490707397461,2,15,21,18,0,11,0,-14,-35,-20,-2,-1,-10,-8,sil
0.3536880016326904,-17,5,1,10,0,14,4,-12,-24,-15,-10,-18,-17,-15,sil
0.3536880016326904,-15,-3,1,3,0,6,3,-6,-11,-1,-10,-11,-8,-4,sil
0.3693032264709472,0,-7,2,8,0,8,8,9,3,16,-7,-1,7,14,sil
0.3693032264709472,6,-5,-12,2,2,13,12,16,19,26,-4,-3,9,24,sil
0.3848590850830078,-1,-16,-30,-27,-1,3,0,5,18,8,-5,-14,-3,14,sil
0.3848590850830078,-5,-22,-28,-40,-7,-13,-12,0,5,-7,3,-6,0,0,sil
0.3999381065368652,7,-4,-5,-16,-7,-20,-9,0,-1,-1,22,15,15,-3,sil
0.3999381065368652,17,9,3,0,-2,-16,-8,-14,-14,-10,17,12,0,-5,sil
0.4151990413665771,10,16,11,2,7,-6,-9,-22,-33,-34,-1,0,-23,-14,sil
0.4151990413665771,1,20,20,11,11,7,3,0,-19,-15,3,3,-15,-14,sil
0.4308450222015381,-5,8,18,16,0,16,22,18,21,26,12,1,1,1,sil
0.4308450222015381,-10,-6,10,14,-8,14,28,14,33,35,0,-7,2,9,sil
0.4469425678253174,-14,-7,-1,9,-2,10,19,10,20,23,-9,-6,-4,0,sil
0.4469425678253174,-11,-4,-7,2,2,15,14,16,24,20,-7,2,-2,6,sil
0.461646556854248,0,-8,-9,0,1,20,14,17,34,19,-3,3,12,19,sil
0.461646556854248,2,-7,-10,-6,-1,4,-2,9,16,5,0,0,18,18,sil
0.4768693447113037,0,3,-2,-12,-2,-11,-21,1,-2,-5,9,7,8,5,sil
0.4768693447113037,9,10,2,-3,2,-13,-15,-5,-7,-9,12,10,1,-8,sil
0.4928896427154541,16,8,6,4,4,-18,-13,-18,-24,-32,-4,3,-11,-11,sil
0.4928896427154541,7,3,3,0,1,-22,-24,-21,-36,-48,-10,0,-21,-14,sil
0.5080199241638184,-3,0,-4,-7,0,-18,-21,-6,-20,-28,2,0,-9,-20,hello
0.5080199241638184,-1,1,5,-1,0,-15,-6,-1,-13,-8,1,-5,-6,-15,hello
0.5242486000061035,0,4,6,10,-3,-2,1,-10,-19,-10,-18,-17,-22,-9,hello
0.5242486000061035,-12,-2,-6,6,-1,11,5,-7,-13,-12,-30,-23,-25,-8,hello
0.5403275489807129,-21,-12,-2,1,4,13,12,0,-1,-4,-21,-21,-9,0,hello
0.5403275489807129,-10,-9,4,11,6,18,22,1,8,15,-11,-19,8,10,hello
0.5559947490692139,0,-3,0,7,1,25,20,15,27,38,-1,-1,21,17,hello
0.5559947490692139,0,-9,-13,-18,-5,5,7,22,32,35,11,12,27,14,hello
0.5718061923980713,6,-11,-15,-24,-8,-14,-3,5,10,16,13,12,21,7,hello
0.5718061923980713,17,1,-2,-2,-2,-4,-6,-4,-4,6,12,16,11,5,hello
0.5874316692352295,11,10,0,-4,0,-5,-16,-4,-12,-8,15,15,4,0,hello
0.5874316692352295,-4,3,-7,-20,-1,-16,-25,-16,-24,-23,5,4,-6,-11,hello
0.6033008098602295,-6,-3,-4,-7,-5,2,-8,-19,-11,-4,-4,-5,-12,-7,hello
0.6033008098602295,-8,-1,2,9,-7,16,9,5,13,17,-2,-5,-8,4,hello
0.619053840637207,-9,1,5,4,-2,-1,8,20,22,13,5,3,5,11,hello
0.619053840637207,6,6,6,0,2,-12,-1,8,18,4,22,17,27,10,hello
0.6340925693511963,16,16,15,9,2,-3,-6,-2,1,-1,28,22,22,0,hello
0.6340925693511963,7,19,18,26,5,5,0,-7,-15,-4,5,5,-6,-14,hello
0.6497204303741455,-5,4,6,25,8,10,9,-9,-16,-1,-16,-12,-25,-15,hello
0.6497204303741455,-9,-3,1,9,6,15,17,-4,-1,7,-13,-9,-16,-3,hello
0.665351152420044,1,0,6,11,8,14,19,5,12,7,-2,1,0,8,hello
0.665351152420044,8,-3,2,6,6,-5,1,5,14,-4,2,7,6,15,hello
0.6809184551239014,0,-7,-9,-19,-4,-26,-22,-5,0,-21,5,4,7,2,hello
0.6809184551239014,0,6,2,-15,-2,-20,-22,-7,-10,-25,-1,2,1,-6,hello
0.695976972579956,9,11,23,14,5,4,0,3,-6,-11,-1,2,1,4,hello
0.695976972579956,-1,-7,1,12,0,21,17,8,0,7,2,-11,1,8,hello
0.7112555503845215,-21,-20,-20,-11,-1,15,20,5,0,13,-18,-24,-17,-2,hello
0.7112555503845215,-11,-15,-19,-17,0,-1,11,8,8,11,-28,-18,-17,0,hello
0.7264366149902344,6,-13,-19,-20,-10,-16,-4,13,13,7,-1,-1,9,6,hello
0.7264366149902344,6,-11,-16,-28,-17,-20,-17,1,-6,-11,5,4,3,-7,hello
0.7421073913574219,9,3,0,-15,-4,-10,-17,-16,-24,-21,0,5,-14,-24,hello
0.7421073913574219,12,19,17,9,5,0,-11,-14,-16,-5,14,14,-2,-11,hello
0.7572207450866699,1,17,15,14,3,4,-3,-7,-4,4,6,1,2,0,hello
0.7729294300079346,-16,-4,-4,0,-2,13,8,-5,0,-5,-29,-30,-15,-8,hello
0.7729294300079346,-23,-20,-13,-9,-4,23,16,5,7,-4,-33,-31,-17,-3,hello
0.7881567478179932,-11,-13,-15,-6,0,8,13,18,18,13,-7,-6,2,11,hello
0.7881567478179932,8,-2,-9,-3,0,-9,1,17,22,24,12,16,20,24,hello
0.7881567478179932,17,0,0,0,-2,-3,-6,14,18,14,22,28,27,24,hello
0.803973913192749,13,8,1,4,0,-4,-13,1,7,-6,14,20,14,1,hello
0.803973913192749,12,17,10,10,6,-13,-15,-16,-6,-17,8,15,0,-11,hello
0.8192493915557861,12,21,20,27,7,1,0,-17,-12,-6,16,13,-1,-4,hello
0.8349509239196777,-3,19,17,34,10,18,10,-12,-17,-1,3,-1,-12,-10,hello
0.8349509239196777,-21,7,9,27,15,12,12,-13,-19,-6,-19,-18,-25,-20,hello
0.849961519241333,-23,-5,-4,11,3,0,13,-7,-6,0,-13,-19,-13,-1,hello
0.849961519241333,-15,-17,-15,-15,-14,-8,8,5,5,11,4,-6,7,12,hello
0.865863561630249,-10,-18,-14,-24,-11,-16,-4,11,5,11,14,2,25,1,hello
0.865863561630249,-10,-4,-3,-11,0,-16,-22,1,-2,0,7,3,18,-8,hello
0.8812971115112305,-8,4,0,-14,-3,-14,-30,-13,-14,-9,-1,-4,-1,-14,hello
0.8812971115112305,4,4,2,-12,-4,-11,-21,-11,-16,-2,12,-4,-3,-9,hello
0.8971920013427734,14,0,14,0,4,7,0,4,2,12,23,7,4,8,hello
0.8971920013427734,9,-8,16,-11,0,28,24,12,22,22,6,3,0,15,hello
0.912207841873169,9,-9,14,-19,-6,23,32,11,16,11,-7,1,-5,17,hello
0.912207841873169,23,4,20,6,3,10,24,14,10,7,0,15,3,28,hello
0.9275708198547364,28,7,8,18,11,7,13,13,16,20,1,19,15,24,hello
0.9275708198547364,9,-5,-8,1,0,-3,-6,4,3,2,-9,5,7,2,hello
0.9431638717651368,1,-6,-13,-4,-11,-18,-22,0,-11,-26,-9,3,0,-7,hello
0.9431638717651368,14,6,-1,5,-7,-19,-22,0,-7,-22,4,13,6,-1,hello
0.9589877128601074,6,16,11,13,6,-3,-15,-10,-8,-18,2,6,1,-2,hello
0.9589877128601074,-23,7,-4,7,10,7,3,-18,-11,-21,-23,-22,-25,-15,hello
0.974074363708496,-25,-8,-25,-4,2,8,22,-2,3,0,-31,-29,-26,-7,hello
0.974074363708496,-2,-11,-25,-8,-3,3,12,9,14,6,-4,-8,2,4,hello
0.9893486499786376,2,0,-12,-4,-8,-8,-18,0,-2,-22,10,2,7,-6,hello
0.9893486499786376,-10,9,0,2,-3,-4,-16,-14,-15,-26,0,-5,-12,-22,hello
1.005390167236328,-21,-3,-11,5,3,16,15,-8,-4,6,-9,-24,-22,-22,hello
1.005390167236328,-24,-21,-29,-9,-2,7,17,4,8,17,-5,-20,-13,-10,hello
1.0211684703826904,-12,-12,-21,-18,-12,-17,-6,8,5,4,2,1,10,-3,hello
1.0211684703826904,3,9,7,-4,-2,-16,-14,5,-7,-1,6,3,12,-7,hello
1.036428689956665,-1,4,20,5,2,0,-2,0,-10,1,-6,-14,-15,-6,sil
1.036428689956665,-10,-18,1,1,-3,8,7,2,6,12,-23,-18,-22,3,sil
1.0523066520690918,4,-18,-3,-6,-3,6,7,13,21,13,-13,7,6,16,sil
1.0523066520690918,28,5,21,0,5,0,4,8,12,1,14,29,27,19,sil
1.0674819946289062,28,19,31,11,10,-5,-1,-12,-11,-1,18,24,15,7,sil
1.0674819946289062,10,20,22,11,8,-6,-15,-25,-31,-5,6,12,-8,-6,sil
1.0832884311676023,7,25,17,19,8,2,-8,-16,-19,-4,17,9,-4,-7,sil
1.0832884311676023,8,24,23,29,16,23,19,5,14,26,25,16,24,12,sil
1.098576307296753,0,10,15,18,18,23,33,20,31,54,11,11,28,24,sil
1.098576307296753,-2,-5,-6,0,1,0,19,15,23,24,-1,-1,5,16,sil
1.1138813495635986,0,-12,-12,-8,-16,-7,5,6,13,-9,-4,-2,1,9,sil
1.1143252849578855,-7,-13,-20,-18,-11,-6,-5,3,8,-1,-1,-1,13,6,sil
1.1298682689666748,-12,-17,-29,-27,-1,-18,-29,-5,-6,0,2,0,3,-3,sil
1.1298682689666748,-5,-13,-15,-20,-8,-23,-38,-20,-24,-26,7,1,-11,-17,sil
1.145298957824707,3,0,5,-3,-8,-8,-20,-21,-31,-40,9,0,-16,-18,sil
1.145298957824707,0,0,12,3,2,8,-5,-10,-26,-27,1,-11,-27,-12,sil
1.1611299514770508,-8,-7,-1,1,1,21,4,0,2,0,0,-21,-23,-6,sil
1.1611299514770508,-1,0,-6,-2,0,17,18,15,38,24,17,-5,6,10,sil
1.1766657829284668,11,0,-3,-8,1,-5,16,18,31,26,30,16,27,21,sil
1.1766657829284668,10,-8,-8,-10,-6,-22,-5,4,-2,0,17,12,25,8,sil
1.1922826766967771,2,2,0,0,-17,-17,-17,-1,-12,-25,-11,3,16,1,sil
1.1922826766967771,6,16,8,4,-10,-6,-7,0,-8,-21,-30,-2,1,1,sil
1.208284854888916,0,3,-1,-5,1,0,1,0,-10,-6,-28,-10,-7,-9,sil
1.208284854888916,-13,0,-5,1,8,16,10,0,-10,-3,-24,-16,-17,-19,sil
1.2238798141479492,-11,3,3,26,10,28,19,-7,-11,-7,-37,-26,-39,-21,sil
1.2238798141479492,-12,-5,6,21,4,14,15,-16,-18,-10,-43,-26,-50,-20,sil
1.2394402027130127,-15,-16,-4,5,0,0,4,-4,-10,-3,-28,-14,-25,-15,sil
1.2394402027130127,-8,-17,-14,0,3,3,0,8,0,4,-23,-10,-7,0,sil
1.255096197128296,-6,-8,-7,-2,5,0,2,6,7,8,-26,-2,0,9,sil
1.255096197128296,-6,4,0,-2,-1,-12,0,6,18,11,-2,13,20,7,sil
1.2708001136779783,3,3,0,-7,-1,-17,-13,10,18,9,26,23,26,13,sil
1.2708001136779783,14,0,-3,-12,5,-12,-17,5,8,7,41,25,18,12,sil
1.2863638401031494,19,17,5,-5,0,-9,-3,4,7,11,46,31,25,6,sil
1.2863638401031494,25,27,22,4,-8,-7,3,6,10,4,44,35,27,11,sil
1.3021326065063477,25,16,14,5,-1,0,0,-5,0,-9,31,22,12,5,sil
1.3021326065063477,8,16,11,5,9,7,0,-18,-16,-11,15,6,-1,-12,sil
1.3172340393066406,-4,18,18,13,9,16,12,-13,-18,1,11,-7,-7,-13,sil
1.3172340393066406,-7,-2,4,9,4,21,18,0,-1,15,7,-16,-2,1,sil
1.333327054977417,-12,-18,-9,-3,1,19,11,7,13,21,0,-9,3,7,sil
1.333327054977417,-15,-9,-5,2,4,16,7,9,21,28,5,-2,6,4,sil
1.3488757610321045,-9,-9,0,0,4,10,7,6,25,31,1,-5,1,12,sil
1.3488757610321045,-12,-26,-13,-35,-8,-1,0,7,24,19,-23,-18,-1,19,sil
1.364077091217041,-16,-33,-27,-49,-22,-21,-18,7,11,-13,-31,-20,-7,3,sil
1.364077091217041,0,-14,-13,-14,-17,-34,-33,-1,-5,-39,-18,-2,-8,-10,sil
1.3800537586212158,23,13,9,15,-1,-23,-25,-9,-10,-30,-4,12,0,-5,sil
1.3800537586212158,28,23,22,17,5,-8,-10,-12,-21,-25,1,16,-6,-4,sil
1.3950650691986084,15,12,16,15,2,-6,-9,-18,-39,-37,1,1,-20,-20,sil
1.3950650691986084,1,4,2,12,1,-3,-8,-17,-39,-29,-9,-12,-12,-19,sil
1.410231590270996,-8,4,-1,7,7,8,1,-6,-22,1,-16,-12,-1,-3,sil
1.4258527755737305,-12,0,-9,8,4,10,7,0,-9,17,-11,-16,-9,-2,sil
1.4258527755737305,-10,-7,-10,14,0,8,16,9,0,17,-7,-18,-9,0,sil
1.441396951675415,-7,-6,-8,10,0,17,26,17,16,21,-2,-5,6,18,sil
1.441396951675415,-6,-10,-20,-9,-6,8,13,9,19,19,1,0,12,21,sil
1.4566857814788818,-4,-13,-16,-20,-7,-14,-1,6,9,2,5,3,10,4,sil
1.4566857814788818,4,-3,-2,-5,3,-14,0,10,6,-1,16,14,16,0,sil
1.472318172454834,9,2,-2,-4,2,-11,-6,-6,-2,-5,14,17,4,-2,sil
1.472318172454834,0,0,-3,-14,-9,-18,-22,-26,-20,-29,-2,0,-20,-21,sil
1.487917184829712,-7,8,8,0,-6,-3,-10,-11,-14,-26,0,-8,-17,-32,sil
1.487917184829712,-5,25,27,21,6,18,9,7,0,7,15,1,2,-12,sil
1.503422737121582,0,23,22,18,12,28,21,6,9,22,18,12,11,7,sil
1.503422737121582,0,5,14,4,10,30,28,8,21,17,10,16,8,16,sil
1.5194966793060305,0,-5,12,1,1,27,21,13,23,25,-2,6,3,18,sil
1.5194966793060305,-3,-6,-1,-2,0,11,7,9,15,27,-14,-8,1,15,sil
1.5346548557281494,0,-6,-11,-16,3,0,9,13,25,17,-10,5,4,15,sil
1.5346548557281494,14,-6,-4,-15,2,-2,11,19,36,12,0,22,17,17,sil
1.550325870513916,19,0,1,-4,-1,-15,-12,3,10,-7,-2,10,9,7,sil
1.550325870513916,15,7,2,0,0,-23,-31,-15,-14,-30,-2,0,-7,-12,sil
1.5661320686340332,11,1,-6,-1,-2,-16,-22,-14,-11,-18,5,-2,1,-19,sil
1.5661320686340332,-1,-1,-6,-5,-9,-16,-20,-6,-15,-2,-2,-7,9,-10,sil
1.581263542175293,-8,10,5,3,-4,-17,-24,-6,-24,-11,-4,-9,-3,-5,sil
1.581263542175293,-7,9,4,20,0,-9,-10,-6,-12,-19,1,-13,-13,-2,sil
1.5973119735717771,-17,-14,-5,7,-6,-1,2,-10,-5,-9,-19,-21,-15,0,sil
1.5973119735717771,-19,-24,-8,-8,-8,6,8,-12,-12,0,-31,-19,-9,0,sil
1.6133766174316406,-11,-10,-2,0,0,13,16,0,-6,8,-2,-9,0,1,sil
1.6133766174316406,-8,-9,-4,1,-1,7,19,12,10,21,12,-1,0,10,sil
1.62929105758667,6,-11,-2,-9,-5,-1,4,6,6,10,8,12,1,19,sil
1.62929105758667,23,0,5,-11,0,-10,-13,-7,-16,-24,8,21,6,6,sil
1.6444735527038574,10,1,-6,-8,3,-14,-17,-10,-22,-23,8,4,-2,-23,sil
1.6444735527038574,-1,-1,-15,-10,8,-13,-13,-8,-8,-4,8,-8,-11,-32,sil
1.6605167388916016,11,11,2,2,8,-3,-11,-9,-7,-16,16,-2,-5,-23,sil
1.6605167388916016,19,31,23,26,6,8,-4,0,-8,-14,20,9,-1,-7,sil
1.6761860847473145,1,24,23,27,10,20,10,8,1,21,11,3,-1,13,sil
1.6761860847473145,-16,0,0,9,10,29,19,1,2,35,-8,-20,-1,10,sil
1.6912689208984375,-18,-9,-15,0,0,29,20,3,0,25,-14,-18,-5,2,sil
1.6912689208984375,-5,-3,-9,5,1,25,28,19,20,26,0,4,4,17,sil
1.7073709964752195,0,0,-5,4,8,15,24,19,32,19,-6,4,8,18,sil
1.7073709964752195,-11,-11,-7,-12,-5,0,4,6,15,0,-34,-5,-12,-1,sil
1.7228960990905762,-18,-22,-20,-28,-23,-16,-3,4,2,-16,-31,-10,-15,-13,sil
1.7228960990905762,-10,-14,-22,-27,-16,-19,-3,8,3,-26,-11,-1,7,-13,sil
1.7384541034698486,5,2,-2,-9,0,-11,-5,6,7,-18,3,20,19,-4,sil
1.7384541034698486,19,11,13,4,0,-9,-4,3,16,6,23,30,27,10,sil
1.754077434539795,21,14,23,4,-4,-9,-1,5,20,17,36,27,41,22,sil
1.754077434539795,22,18,25,7,1,-4,-4,-3,15,7,35,24,35,22,sil
1.7695035934448242,13,11,17,10,9,-14,-19,-23,0,-1,21,11,4,5,sil
1.7695035934448242,-11,5,5,9,5,-18,-28,-25,-15,-5,-1,-10,-18,-16,sil
1.7852959632873535,-19,4,2,11,4,0,-11,-12,-22,-9,-20,-23,-26,-20,sil
1.7852959632873535,0,0,16,17,5,12,6,-15,-27,-19,-26,-13,-30,-4,sil
1.8002524375915527,17,1,23,23,5,11,8,-18,-29,-19,-12,-1,-21,5,sil
1.8002524375915527,8,12,12,20,6,11,11,0,-14,-2,9,-3,-2,6,sil
1.815230131149292,-11,-1,-10,-1,1,8,15,13,7,18,4,-14,1,6,sil
1.815230131149292,-15,-30,-32,-26,-12,-3,7,16,16,26,-14,-16,-3,0,sil
1.8308794498443604,-10,-32,-31,-27,-15,-5,0,22,11,17,-9,0,3,0,sil
1.8308794498443604,-8,-19,-31,-21,-7,0,0,20,13,10,2,4,18,7,sil
1.8468396663665767,-5,-20,-36,-30,-10,-11,-7,8,10,3,-3,0,14,8,sil
1.8468396663665767,-2,-12,-15,-24,-13,-21,-21,0,-10,-5,0,1,4,-6,sil
1.862964868545532,0,10,4,1,-2,-10,-20,-13,-29,-25,10,0,-5,-19,sil
1.862964868545532,3,13,7,0,3,-4,-12,-26,-41,-52,-6,-10,-35,-28,sil
1.8784940242767327,0,1,6,-12,-2,-5,-10,-19,-43,-49,-23,-14,-44,-33,sil
1.8784940242767327,-1,14,16,11,0,1,-8,-7,-25,-12,-12,-8,-17,-23,sil
1.894216060638428,4,24,25,28,14,12,-1,-9,-7,5,0,1,-5,-7,sil
1.894216060638428,1,0,9,8,10,17,7,-8,-1,0,0,-3,-13,-3,sil
1.909562587738037,-10,-11,-2,0,-6,17,14,4,8,6,-13,-8,-4,6,sil
1.909562587738037,-3,0,-2,10,-7,19,18,18,35,35,-15,-1,12,21,sil
1.9248714447021484,18,2,3,7,7,20,21,33,60,51,10,19,32,37,sil
1.9248714447021484,25,0,15,1,10,8,17,32,59,39,37,38,51,47,sil
1.9428932666778564,14,0,9,0,0,-10,5,8,29,12,31,27,37,21,sil
1.9428932666778564,10,8,3,0,8,-14,-5,-11,7,-11,17,9,7,-11,sil
1.9567410945892327,13,29,17,22,26,1,-4,-16,15,-16,30,13,6,-10,sil
1.9567410945892327,0,30,18,40,19,6,6,-13,9,-3,28,4,8,0,sil
1.9732608795166016,-20,3,-2,14,0,3,16,-4,-11,12,-2,-20,-9,-1,sil
1.9732608795166016,-22,-11,-24,-8,0,10,24,9,-1,20,-16,-28,-15,-2,sil
1.9891302585601809,-23,-17,-25,-17,0,5,22,15,9,10,-25,-14,-13,0,sil
1.9891302585601809,-14,-18,-12,-20,-6,-8,8,7,-2,2,-29,-4,-6,7,sil
2.010207414627075,12,-3,-2,-5,-3,-8,-3,13,-4,11,6,12,25,16,sil
2.010207414627075,23,4,3,1,2,-5,-10,17,0,8,37,32,44,15,sil
2.010207414627075,6,7,5,1,0,-9,-14,-9,-17,-10,21,17,12,1,sil
2.0192184448242188,0,12,16,17,-1,-1,-8,-28,-34,-12,-2,-4,-21,-3,sil
2.035189390182495,13,1,12,19,-5,7,2,-6,-11,-4,-10,-1,-18,0,sil
2.035189390182495,17,-6,-9,-3,-7,-8,-8,2,5,-15,-3,10,-1,0,sil
2.0510146617889404,9,5,2,-6,-5,-18,-26,-17,-15,-21,0,5,-7,-10,sil
2.0510146617889404,2,3,20,9,0,11,-9,-16,-21,-1,-12,-14,-20,-19,sil
2.0663745403289795,-7,-19,-6,0,0,16,2,2,2,2,-28,-24,-23,-8,sil
2.0663745403289795,-15,-25,-37,-27,-12,-20,-25,-4,-9,-24,-25,-20,-18,-8,sil
2.0823843479156494,-14,-9,-25,-29,-16,-24,-40,-22,-40,-38,-14,-17,-12,-26,sil
2.0823843479156494,-20,-8,0,-11,-8,0,-17,-15,-31,-26,-18,-21,-19,-26,sil
2.098145008087158,-36,-29,-18,-23,-23,-10,-9,-3,-11,-22,-39,-39,-37,-21,sil
2.098145008087158,-35,-36,-43,-57,-43,-40,-33,-3,-14,-31,-41,-32,-32,-27,sil
2.114110946655273,-16,-15,-18,-46,-24,-35,-31,-6,-19,-28,-7,3,-4,-24,sil
2.114110946655273,-17,-6,5,-11,-4,-7,0,-5,-14,-10,4,2,-7,-12,sil
2.1291067600250244,-35,-24,-12,-23,-18,-2,8,-1,-6,0,-22,-23,-27,-7,sil
2.1291067600250244,-27,-26,-26,-40,-24,-11,-9,6,5,-2,-18,-14,-9,-10,sil
2.145408391952514,-3,0,0,-11,-6,-3,-12,4,6,-5,5,2,7,-8,sil
2.145408391952514,2,15,21,19,8,18,13,0,10,12,4,-3,1,4,sil
2.1605570316314697,-2,8,8,20,15,29,34,16,36,45,6,0,17,23,sil
2.1605570316314697,9,13,11,16,22,22,28,30,47,49,27,24,38,32,sil
2.1764700412750244,56,51,44,52,43,26,29,29,44,37,58,54,52,42,sil
2.1764700412750244,101,92,83,107,78,49,55,41,60,53,93,86,84,75,sil
2.1928980350494385,110,98,100,122,95,67,75,49,69,76,106,98,100,94,sil
2.1928980350494385,113,109,100,132,109,93,107,53,82,100,113,96,105,92,sil
2.2080273628234863,130,134,119,162,129,131,155,65,120,132,135,111,126,106,sil
2.2080273628234863,70,66,64,98,76,88,112,29,83,87,74,55,70,65,sil
2.223057985305786,-66,-81,-77,-65,-50,-47,-32,-63,-48,-48,-78,-78,-77,-54,sil
2.2383475303649902,-133,-138,-141,-145,-119,-120,-118,-105,-119,-122,-155,-129,-145,-111,sil
2.2383475303649902,-102,-104,-112,-120,-102,-97,-113,-72,-97,-99,-117,-90,-99,-80,sil
2.2383475303649902,-78,-96,-95,-118,-91,-89,-110,-42,-84,-87,-87,-68,-72,-66,sil
2.253507614135742,-67,-80,-78,-115,-87,-88,-101,-32,-78,-87,-71,-55,-65,-69,sil
2.269317626953125,-41,-30,-38,-68,-62,-54,-70,-22,-57,-66,-37,-27,-39,-57,sil
2.269317626953125,-29,-13,-18,-36,-35,-24,-47,-21,-51,-55,-25,-23,-36,-48,sil
2.2853689193725586,-36,-26,-21,-28,-18,-11,-24,-14,-42,-35,-32,-38,-49,-44,sil
2.2853689193725586,-27,-15,-5,-10,-5,2,0,3,-20,-1,-23,-24,-32,-17,sil
2.300979852676392,2,7,22,17,4,21,13,13,6,20,1,2,0,10,sil
2.300979852676392,17,16,25,31,19,29,24,18,30,33,13,12,12,21,sil
2.300979852676392,17,23,22,30,34,21,26,39,50,41,13,22,23,30,sil
2.316039562225342,36,39,29,39,38,18,24,50,64,46,41,41,52,43,sil
2.3311634063720703,46,38,32,38,29,15,18,22,40,33,60,45,55,36,sil
2.3311634063720703,24,19,20,18,11,-1,2,-10,-5,0,31,25,24,4,sil
2.347242832183838,10,12,18,14,1,-12,-6,-12,-21,-25,12,12,9,-9,sil
2.347242832183838,15,17,28,26,4,-4,1,-6,-16,-25,17,12,9,0,sil
2.363055467605591,2,9,17,21,5,9,13,-5,-10,-6,3,-4,0,3,sil
2.363055467605591,-9,-7,0,2,2,19,22,2,9,13,-12,-19,-4,3,sil
2.3778719902038574,0,-13,-2,-7,1,16,21,10,25,23,-11,-8,2,11,sil
2.3778719902038574,7,-4,-4,-2,2,10,12,7,23,28,-1,6,12,21,sil
2.3930106163024902,8,2,-1,-1,0,6,0,7,19,21,12,16,25,26,hello
2.3930106163024902,11,3,-5,-8,-2,-1,-6,3,9,0,25,12,28,11,hello
2.408860921859741,2,5,-2,-5,0,0,-2,-7,-5,-9,11,0,9,-7,hello
2.408860921859741,-7,11,10,10,10,19,16,-7,-7,5,-9,-5,-5,-8,hello
2.4250195026397705,-11,1,1,16,12,28,34,2,-2,11,-15,-12,-9,-2,hello
2.4250195026397705,-21,-17,-19,-5,0,15,32,5,-3,-5,-19,-16,-16,-3,hello
2.440593719482422,-19,-17,-21,-25,-2,0,15,11,13,2,-14,-8,-8,-3,hello
2.440593719482422,2,-5,-10,-19,-1,-15,0,16,23,21,1,5,6,0,hello
2.4557759761810303,14,0,-2,-7,-2,-19,-12,0,2,1,4,9,0,0,hello
2.4557759761810303,9,6,-4,-10,5,-11,-23,-17,-10,-24,2,2,-14,-5,hello
2.4709322452545166,8,21,9,0,17,0,-20,-12,-4,-9,12,7,-16,0,hello
2.4709322452545166,12,24,23,32,13,8,-1,-3,0,11,10,3,-26,2,hello
2.4862959384918213,3,2,1,26,-2,-2,-2,-4,4,11,-13,-14,-38,0,hello
2.4862959384918213,0,-13,-17,-11,-9,-17,-20,-4,6,3,-12,-7,-33,1,hello
2.5020108222961426,6,-3,-5,-14,-4,-12,-16,-2,-5,-7,21,19,-14,1,hello
2.5020108222961426,4,6,9,4,-5,-11,-11,-9,-23,-26,17,18,7,-2,hello
2.5170419216156006,-4,-2,2,3,-15,-15,-21,-22,-30,-35,-21,-9,20,-15,hello
2.5170419216156006,-16,-15,-4,-2,-19,-5,-14,-14,-29,-27,-34,-24,7,-26,hello
2.533506393432617,-26,-20,-6,-5,-14,5,5,7,-20,-8,-22,-19,-12,-17,hello
2.533506393432617,-23,-25,-20,-15,-13,-3,4,12,-3,5,-12,-14,1,-3,hello
2.5491676330566406,-2,-18,-8,-18,-16,-23,-11,6,1,1,5,9,40,4,hello
2.5491676330566406,17,5,20,-1,-5,-13,-14,7,2,1,31,38,56,10,hello
2.565171718597412,20,21,28,16,12,7,-5,6,4,14,33,28,44,9,hello
2.565171718597412,4,18,20,23,18,16,11,1,3,16,7,-2,29,0,hello
2.581015348434448,-3,14,13,28,16,28,36,11,11,12,0,-11,25,2,hello
2.581015348434448,0,7,9,19,12,31,37,18,23,20,6,-3,11,17,hello
2.596089124679565,-1,-11,-8,-6,-4,10,13,9,18,25,0,-7,-11,16,hello
2.596089124679565,-14,-22,-35,-29,-19,-9,-6,1,8,7,-15,-14,-26,-1,hello
2.6116230487823486,-10,-7,-23,-27,-8,-14,-19,-5,1,-17,-15,-5,-28,-12,hello
2.6116230487823486,0,8,0,-1,4,-1,-14,-18,-10,-15,-9,-10,-27,-16,hello
2.627012014389038,-5,6,0,7,5,17,10,-10,-3,2,-13,-17,-32,-6,hello
2.627012014389038,-3,0,-5,-1,10,14,23,12,17,7,-8,-1,-22,14,hello
2.642220973968506,17,1,-2,-4,17,-3,7,10,14,-1,4,12,-1,16,hello
2.642220973968506,18,3,3,0,11,-8,-8,-8,-5,-11,13,11,-2,0,hello
2.656886100769043,7,7,0,0,2,-7,-7,-10,-11,-21,20,11,-9,-7,hello
2.656886100769043,8,12,1,4,4,-3,0,-4,-7,-21,18,9,-2,-4,hello
2.672282457351685,0,4,4,10,3,4,7,-6,-4,-1,8,-8,-5,-2,hello
2.672282457351685,-20,-11,-1,0,-7,3,6,-1,0,15,0,-25,-19,-2,hello
2.6879684925079346,-14,-13,-5,-9,-9,-1,3,5,1,13,-13,-14,-11,3,hello
2.6879684925079346,7,-4,-3,-7,-3,0,2,1,0,10,-24,2,12,9,hello
2.7039644718170166,10,-2,3,-6,-2,-3,-10,-1,-4,0,-15,14,22,9,hello
2.7039644718170166,2,0,9,-11,-2,-10,-25,-3,-7,-16,0,20,22,0,hello
2.719259262084961,2,3,4,-1,0,-8,-21,-7,-8,-9,8,13,17,-9,hello
2.7344343662261963,0,12,16,17,0,-1,-2,-5,-15,-2,0,4,0,-6,hello
2.7344343662261963,-2,16,28,25,0,9,11,1,-7,-4,-4,1,-7,0,hello
2.750114917755127,-1,0,6,9,-3,13,13,9,18,6,-2,0,-1,-2,hello
2.750114917755127,-1,-16,-9,-1,-7,2,6,17,32,30,2,3,5,-1,hello
2.765925407409668,2,-3,-2,7,-1,-2,-1,15,25,30,10,10,20,6,hello
2.765925407409668,11,7,0,7,5,-5,-11,0,7,2,16,12,22,6,hello
2.765925407409668,6,4,-9,-2,0,-16,-18,-13,-10,-16,16,4,6,-8,hello
2.781111478805542,-12,4,-7,-4,-6,-21,-17,-14,-24,-18,5,-6,-3,-16,hello
2.79668402671814,-15,5,7,5,-1,-3,-6,-11,-21,-10,-8,-13,-10,-8,hello
2.79668402671814,-3,0,1,8,0,12,7,-7,-11,4,-15,-20,-19,1,hello
2.8129844665527344,-10,-10,-16,-12,-5,4,7,2,-5,5,-17,-17,-18,8,hello
2.8129844665527344,-15,-22,-21,-32,-10,-7,3,14,4,-6,-12,-4,-2,5,hello
2.828892707824707,3,-17,-11,-21,-5,-11,1,9,7,-11,1,5,6,0,hello
2.828892707824707,16,2,5,-6,0,-6,-3,-7,-11,-17,6,2,0,-3,hello
2.828892707824707,2,9,8,2,5,7,-1,-11,-24,-20,-6,-12,-11,-7,hello
2.8441309928894043,-8,1,4,15,14,26,13,3,-5,0,-14,-17,-15,-2,hello
2.859785556793213,-2,0,-2,9,14,34,26,15,22,27,-7,-16,-6,3,hello
2.859785556793213,-4,-6,-17,-16,2,11,15,10,26,26,0,-12,3,3,hello
2.875345468521118,-4,-8,-13,-16,0,-18,0,5,9,5,9,8,15,6,hello
2.875345468521118,17,6,9,13,7,-11,3,11,5,0,31,26,26,7,hello
2.891201972961426,25,24,21,18,11,2,2,4,4,1,28,21,17,2,hello
2.891201972961426,7,22,16,10,7,1,-8,-13,-4,-5,12,14,0,0,hello
2.9058837890625,4,9,17,19,2,10,4,-12,-4,1,12,16,-2,8,hello
2.9058837890625,3,-5,15,12,0,18,22,-1,5,13,1,10,-5,17,hello
2.921968460083008,-17,-19,-20,-17,-5,1,1,-5,13,2,-20,-10,-9,3,hello
2.921968460083008,-16,-13,-28,-21,-13,-13,-25,-6,11,-8,-13,-2,4,-3,hello
4.263033866882324,13,16,27,30,8,9,9,0,12,30,30,17,18,20,hello
4.263033866882324,11,-11,5,-5,-2,4,10,14,16,38,27,14,26,28,hello
4.278211116790772,14,-12,-2,-23,7,4,16,37,32,31,12,18,29,30,hello
4.278211116790772,25,17,17,16,12,5,12,15,18,1,4,21,15,15,hello
4.294113636016846,24,30,35,50,4,1,-1,-20,-18,-20,9,18,0,-3,hello
4.294113636016846,3,13,21,33,5,7,3,-17,-22,-9,-1,3,-8,-7,hello
4.309165239334106,-5,-2,-1,10,10,17,22,3,4,11,-18,-3,-5,6,hello
4.309165239334106,1,-11,-15,-4,-4,0,6,4,16,5,-9,1,6,10,hello
4.324966669082642,0,-7,-10,-12,-18,-31,-21,-6,-1,-14,0,3,9,-5,hello
4.324966669082642,-8,9,5,4,0,-8,-4,-2,-6,-12,-14,-3,-8,-13,hello
4.340059280395508,-13,2,-5,12,10,30,21,8,11,13,-21,-15,-16,-6,hello
4.340059280395508,-15,-19,-23,-13,-4,8,1,3,12,12,-9,-11,-3,0,hello
4.355574131011963,-8,-11,-10,-20,-9,-20,-27,-15,-11,-21,0,-6,-2,-12,hello
4.355574131011963,-4,5,6,6,3,-2,-18,-19,-24,-30,-7,-14,-14,-26,hello
4.371159315109253,-10,-1,0,4,6,21,5,2,-14,0,-15,-10,-10,-7,hello
4.371159315109253,-7,-14,-13,-18,-1,9,13,15,1,11,-1,0,3,13,hello
4.387239933013916,1,-9,-12,-20,-2,-8,0,3,2,-8,10,0,4,2,hello
4.387239933013916,3,2,2,-3,0,-4,-2,0,-1,-10,12,-1,1,-12,hello
4.403212308883667,2,7,8,6,-2,-1,4,6,-1,-2,10,-1,-2,-4,hello
4.403212308883667,2,0,7,6,-7,-6,8,1,1,3,2,-4,-11,7,hello
4.418258905410767,0,-6,-1,2,-2,0,14,-1,10,29,-2,-8,-8,11,hello
4.418258905410767,2,-5,-6,-4,3,0,5,1,13,36,-1,0,0,13,hello
4.434025287628174,13,2,-5,-7,0,-8,-9,-1,7,4,0,9,6,11,hello
4.434025287628174,18,9,-5,-5,1,-4,-7,-2,7,-7,6,9,18,8,hello
4.449082136154175,11,9,0,-6,2,-5,-7,0,0,-1,19,10,15,3,hello
4.449082136154175,7,11,7,-9,0,-12,-15,-5,-19,-13,11,9,-1,-3,hello
4.4644317626953125,-2,13,7,-1,0,4,-7,-9,-26,-25,-12,1,-14,-10,hello
4.4644317626953125,-21,4,6,9,3,24,5,-8,-14,-16,-21,-7,-17,-11,hello
4.480262756347656,-18,-12,1,7,-1,20,11,0,2,-3,-13,-2,-14,-2,hello
4.480262756347656,-8,-24,-2,-8,0,5,9,11,16,2,-15,5,-4,6,hello
4.495807409286499,-15,-28,-14,-18,-3,-5,2,7,17,6,-17,-5,0,0,hello
4.495807409286499,-15,-21,-19,-19,-9,-16,-10,-2,3,1,-9,-11,0,-8,hello
4.511221885681152,4,-2,0,-8,-2,-21,-17,-3,-4,-5,9,11,17,-2,hello
4.511221885681152,13,19,19,17,4,-17,-13,0,0,0,35,21,34,2,hello
4.526719808578491,6,30,27,32,4,0,-9,-5,-2,7,30,1,10,-2,hello
4.526719808578491,2,21,19,26,3,19,2,-10,-13,0,1,-14,-17,-13,hello
4.542339324951172,0,4,4,14,-2,16,16,0,-5,-6,-9,-11,-12,-7,hello
4.542339324951172,-6,-6,-5,8,-6,8,21,13,10,7,-10,-10,-5,4,hello
4.55787992477417,-4,-7,-20,-1,0,9,16,13,16,24,-11,-15,-5,3,hello
4.55787992477417,7,-5,-15,-12,-1,1,2,9,9,17,-3,0,4,10,hello
4.573954105377197,15,0,-1,-8,-5,-8,-14,2,0,-4,9,20,13,16,hello
4.573954105377197,15,11,5,4,3,-14,-19,-6,-4,-17,19,22,12,7,hello
4.589503765106201,22,25,19,13,16,-15,-6,-6,-8,-7,24,26,17,2,hello
4.589503765106201,22,21,21,20,14,-1,3,-5,-16,2,11,17,13,0,hello
4.605197191238403,-5,-8,1,11,-1,6,0,-5,-9,3,-11,-10,-10,2,hello
4.605197191238403,-21,-32,-16,-9,-8,-2,2,7,16,11,-11,-15,-14,8,hello
4.620712041854858,0,-17,-14,-14,2,-8,5,17,23,10,5,6,5,6,hello
4.620712041854858,12,3,-1,-4,9,0,0,3,4,-4,9,9,6,-1,hello
4.635844230651856,-9,-6,-3,-4,2,8,0,-18,-11,-14,-7,-21,-22,-13,hello
4.635844230651856,-34,-16,-14,-15,0,11,3,-25,-23,-19,-32,-40,-43,-23,hello
4.650991439819336,-32,-5,-17,-14,0,13,10,-9,-19,-16,-35,-36,-32,-21,hello
4.650991439819336,-15,-6,-16,-11,-5,12,12,10,1,0,-20,-21,-5,-7,hello
4.666257858276367,0,-12,-10,-17,-9,1,0,10,10,9,-4,5,12,2,hello
4.666257858276367,4,2,-7,-19,-4,-13,-9,0,3,7,7,15,19,-1,hello
4.681683540344238,2,15,2,-11,0,-21,-9,0,-6,-4,10,9,12,-6,hello
4.681683540344238,10,20,24,8,2,-6,-1,0,-5,-12,14,13,7,0,hello
4.697144031524658,12,19,30,28,3,12,8,0,4,4,21,14,8,10,hello
4.697144031524658,-6,4,11,20,0,12,6,0,7,20,3,-6,0,3,hello
4.713028430938721,-16,-8,-8,0,-8,0,2,0,8,15,-11,-18,-3,-2,hello
4.728160381317139,-4,-9,0,-4,-7,-3,4,9,19,13,0,5,10,14,sil
4.728160381317139,10,-5,11,0,-9,0,0,20,23,16,13,27,20,30,sil
4.743338584899902,25,1,2,-5,-13,-9,-8,15,13,0,13,26,18,17,sil
4.743338584899902,33,10,0,-9,-1,-14,-10,3,2,-24,15,28,18,6,sil
4.759021759033203,26,15,12,7,7,-1,-5,-3,0,-14,24,25,15,2,sil
4.759021759033203,8,14,18,22,7,9,-1,-3,0,6,9,4,-3,0,sil
4.775153875350952,-5,-3,5,2,8,16,5,0,-1,0,-25,-17,-29,-3,sil
4.775153875350952,-14,-23,-15,-11,4,21,6,-1,-9,-12,-40,-30,-36,-12,sil
4.790550231933594,-11,-14,-14,2,-1,6,-2,-4,-12,-4,-24,-17,-21,-8,sil
4.790550231933594,0,-2,-10,7,-1,-21,-7,-2,-6,2,0,0,0,0,sil
4.806665182113648,1,-3,-17,-2,1,-33,-9,-8,-11,-7,13,2,7,-3,sil
4.806665182113648,-8,1,-7,1,3,-18,-11,-26,-32,-25,14,-9,-2,-24,sil
4.82300591468811,-15,6,1,9,3,2,-6,-31,-35,-23,0,-22,-14,-34,sil
4.82300591468811,-18,0,1,11,3,9,0,-9,-16,-2,-14,-22,-16,-21,sil
4.82300591468811,-18,-4,-1,10,3,8,3,9,6,19,-11,-14,-10,-5,sil
4.838857650756836,-13,0,-5,-1,0,4,-2,7,16,29,0,0,0,9,sil
4.838857650756836,-5,-1,-3,-10,-1,0,-11,0,14,19,0,11,13,17,sil
4.853891372680664,4,0,-1,-4,1,-4,-6,-2,10,-1,2,8,25,10,sil
4.869421005249023,15,10,6,-4,6,-12,-10,-4,0,-10,16,11,23,2,sil
4.869421005249023,18,17,13,0,4,-8,-18,-10,-12,-3,21,23,16,0,sil
4.885203838348389,6,8,17,11,0,8,1,-3,-9,-4,7,9,0,0,sil
4.885203838348389,0,0,18,13,0,27,40,25,13,3,-4,-8,-14,7,sil
4.900822877883911,0,-2,4,3,1,32,49,38,27,23,-7,-6,-10,13,sil
4.900822877883911,-7,-16,-14,-12,-8,21,31,17,13,13,-20,-7,-12,12,sil
4.915964126586914,-11,-27,-24,-24,-12,12,27,11,8,-4,-29,-16,-15,9,sil
4.915964126586914,5,-7,-16,-17,0,2,21,29,28,9,-2,2,4,10,sil
4.931995391845703,11,12,0,-7,0,-13,-1,20,23,16,23,24,19,12,sil
4.931995391845703,4,1,-3,-13,-10,-23,-20,-6,-1,-4,14,10,13,1,sil
4.947162628173828,10,-1,-5,-12,-6,-24,-26,-10,-8,-14,5,5,11,-8,sil
4.947162628173828,15,11,9,2,1,-21,-26,-11,-7,-12,12,12,12,-12,sil
4.962941408157349,0,9,12,4,-3,-19,-24,-25,-23,-26,1,0,-5,-16,sil
4.962941408157349,-13,0,5,0,-5,-13,-17,-31,-32,-23,-16,-9,-21,-14,sil
4.978150367736816,-7,2,0,17,3,0,2,-16,-14,9,-4,-3,-5,0,sil
4.978150367736816,1,7,8,33,9,14,13,5,9,23,8,0,7,10,sil
4.994375228881836,0,1,12,25,6,20,9,14,23,21,7,-1,3,8,sil
4.994747161865234,-5,-8,-8,6,3,15,6,10,21,29,6,-6,7,9,sil
5.009829998016357,-4,-13,-23,-14,-1,0,-6,2,7,13,0,-4,9,5,sil
5.009829998016357,0,-3,-14,-20,-2,-7,-21,-6,-4,-19,-1,2,2,-12,sil
5.024972438812256,9,10,2,-8,3,-2,-13,-15,-15,-27,10,8,0,-17,sil
5.024972438812256,14,14,8,0,2,-1,-3,-20,-30,-21,10,3,-3,-9,sil
5.041001558303833,4,7,9,1,-2,-3,-6,-17,-30,-21,-6,-5,-16,-10,sil
5.041001558303833,-14,0,15,8,1,6,0,-4,-11,-9,-15,-10,-21,-9,sil
5.05675220489502,-24,-7,8,13,4,16,15,0,0,7,-16,-15,-16,-4,sil
5.05675220489502,-22,-22,-8,-6,-4,5,12,-1,0,8,-27,-20,-18,-1,sil
5.071847915649414,-15,-33,-17,-27,-14,-10,3,5,5,2,-25,-13,-14,4,sil
5.071847915649414,0,-15,-11,-19,-8,-17,0,22,12,-2,0,2,6,8,sil
5.0870771408081055,19,17,13,1,5,-8,-5,24,8,-2,18,20,19,10,sil
5.0870771408081055,21,34,24,17,11,7,-3,7,11,4,19,18,17,11,sil
5.102288484573364,12,29,11,25,4,6,2,-5,2,0,4,11,3,5,sil
5.102288484573364,5,11,0,19,0,3,10,-4,-10,-7,-5,3,-4,1,sil
5.1178412437438965,0,-5,-12,0,0,10,15,7,1,4,-3,-8,3,8,sil
5.1178412437438965,0,-11,-21,-17,0,2,9,14,17,11,0,0,12,9,sil
5.132922649383545,8,-8,-16,-21,0,-10,0,10,11,4,7,15,12,-2,sil
5.132922649383545,10,-2,-1,-5,2,-5,-5,1,0,0,9,8,5,-8,sil
5.148532152175903,3,6,17,9,6,2,-5,-5,1,1,5,0,0,0,sil
5.148532152175903,-2,6,11,7,7,6,2,-4,5,14,9,0,0,3,sil
5.164160966873169,-15,-6,-1,0,1,10,7,0,4,20,2,-8,-4,2,sil
5.164160966873169,-24,-20,-15,-7,-8,5,2,0,1,9,-15,-21,-4,-2,sil
5.18027925491333,-16,-22,-27,-26,-11,-10,-6,-7,-1,-2,-6,-12,1,-10,sil
5.18027925491333,-9,-8,-13,-25,-4,-16,-20,-16,-10,-13,8,5,0,-17,sil
5.195838451385498,-6,3,11,8,0,-1,-15,-16,-16,-20,1,1,-9,-15,sil
5.195838451385498,2,6,24,31,2,13,8,0,-2,-3,0,-2,-5,3,sil
5.211385726928711,8,3,18,24,10,13,24,11,12,21,8,4,7,14,sil
5.211385726928711,4,-4,3,10,6,5,18,8,11,22,3,0,8,11,sil
5.226564168930054,9,-6,-2,1,0,0,4,8,7,10,0,0,4,13,sil
5.226564168930054,22,11,-1,-4,1,-12,-8,3,5,2,7,11,12,10,sil
5.24223256111145,22,22,7,-7,0,-26,-20,-8,-8,-19,5,12,8,0,sil
5.24223256111145,14,16,13,0,-2,-19,-18,-9,-15,-36,0,7,-6,-6,sil
5.257466077804565,12,15,8,4,1,-1,-8,-4,-5,-21,4,6,-6,-11,sil
5.257466077804565,0,18,9,7,1,7,0,-9,-4,-2,0,1,-5,-11,sil
5.273147344589233,-14,6,2,15,-4,8,3,-10,-14,-3,-19,-15,-19,-6,sil
5.273147344589233,-19,-10,-17,0,-6,6,0,-3,-17,-10,-34,-26,-27,-2,sil
5.28888201713562,-11,-19,-23,-24,-12,3,1,4,-2,2,-22,-14,-4,0,sil
5.28888201713562,0,-13,-15,-14,-13,-3,7,17,18,22,3,6,18,13,sil
5.304196119308472,0,-6,-10,-7,-9,-12,0,25,14,6,12,17,15,19,sil
5.304196119308472,2,-6,-16,-20,-7,-8,-9,12,-4,-24,7,6,11,3,sil
5.319538354873657,10,-3,-4,-15,1,0,-8,-2,-6,-18,12,1,11,-5,sil
5.335568428039551,5,1,12,2,13,5,0,-7,0,5,13,-1,1,-4,sil
5.335568428039551,-10,0,8,10,11,17,8,-9,-6,3,0,-14,-13,-14,sil
5.335568428039551,-13,-4,4,5,6,24,20,-6,-7,0,-11,-22,-20,-19,sil
5.351590871810913,-11,-15,1,-8,6,24,23,0,6,20,-13,-24,-17,-8,sil
5.351590871810913,-20,-20,-7,-8,5,17,13,-2,19,34,-14,-19,-9,0,sil
5.366986274719238,-19,-5,-7,10,0,3,2,-5,19,22,-7,0,0,-1,sil
5.366986274719238,-2,4,-1,12,0,-10,-1,7,10,7,2,16,7,1,sil
5.3830156326293945,2,-1,4,-2,1,-16,-9,13,4,-2,10,27,14,10,sil
5.3830156326293945,6,6,12,3,0,-17,-16,0,0,-8,19,33,18,8,sil
5.398540496826172,14,26,25,24,0,-17,-13,-10,-16,-18,17,24,7,4,sil
5.398540496826172,0,20,20,19,0,-9,-2,-9,-23,-16,0,5,-6,8,sil
5.414234161376953,-14,-6,-9,-11,-5,-5,-4,0,-2,3,-9,-4,-1,7,sil
5.414234161376953,-1,-10,-14,-21,-9,-17,-24,3,2,1,0,3,8,2,sil
5.430274486541748,6,11,9,7,-3,-18,-24,-9,-10,-17,9,3,2,-8,sil
5.430274486541748,0,15,13,18,0,1,1,-11,-12,-2,0,-9,-8,-9,sil
5.4454100131988525,9,0,2,0,0,16,15,8,4,27,-2,-2,0,13,sil
5.4454100131988525,25,2,0,-2,5,10,4,14,19,18,15,18,24,26,sil
5.460538864135742,19,13,8,9,10,3,-1,-1,8,-10,18,11,18,4,sil
5.47610330581665,0,2,0,8,7,18,19,-3,0,-6,-10,-24,-17,-16,sil
5.47610330581665,-11,-18,-24,-8,-1,28,32,12,12,8,-30,-36,-24,-9,sil
5.491116285324097,2,-22,-27,-19,-4,3,14,17,14,0,-16,-11,1,3,sil
5.491116285324097,31,0,-3,-7,3,-14,-1,6,0,-14,7,4,16,3,sil
5.507178068161011,31,15,5,-1,6,-7,-7,-1,-10,-21,15,6,9,0,sil
5.507178068161011,8,4,-4,-6,0,-8,-12,-10,-17,-21,9,5,0,-11,sil
5.522947549819946,1,2,0,7,0,-14,-5,-12,-13,-5,2,-2,-8,-16,sil
5.522947549819946,4,9,16,19,4,4,13,-10,4,12,-7,-12,-14,-6,sil
5.53805947303772,-1,-4,4,6,0,20,17,-11,6,14,-14,-14,-15,0,sil
5.53805947303772,-10,-16,-11,-3,-11,9,5,-4,-5,5,-14,-7,-19,0,sil
5.553183555603027,-12,-11,-12,-4,-15,1,-1,7,-5,-1,-17,-11,-25,-3,sil
5.553183555603027,-19,-14,-20,-14,-15,-4,-11,4,-1,-2,-16,-17,-13,-7,sil
5.568477630615234,-22,-17,-16,-21,-10,-16,-20,0,-1,10,-1,0,11,1,sil
5.568477630615234,-10,-11,-5,-17,-6,-14,-16,9,6,15,12,13,21,5,sil
5.583943128585815,-5,-7,-5,-21,-6,-8,-16,8,3,-7,9,15,9,0,sil
5.583943128585815,-5,7,5,-7,0,-7,-17,-8,-8,-15,15,23,8,-1,sil
5.5993735790252686,-13,21,29,24,13,3,3,-9,-6,9,27,23,20,4,sil
5.5993735790252686,-37,10,28,21,13,20,20,3,6,22,9,7,10,14,sil
5.615433931350708,-55,-4,-5,-5,0,8,8,10,13,9,-10,0,0,18,sil
5.615433931350708,-64,0,-5,-6,-3,-12,-6,6,7,3,3,16,11,12,sil
5.631481170654297,-61,11,18,4,6,-6,0,0,2,9,28,24,26,2,sil
5.631481170654297,0,19,18,6,11,4,7,0,5,1,23,7,10,-1,sil
5.646891117095947,80,22,18,15,7,0,4,-6,0,-20,-1,-4,-17,-4,sil
5.646891117095947,86,11,24,28,7,1,3,-11,-10,-21,-19,-10,-25,-11,sil
5.662970542907715,50,-1,15,25,5,17,5,-3,-5,-4,-26,-18,-20,-7,sil
5.662970542907715,43,-7,1,16,1,17,8,1,3,6,-30,-22,-19,1,sil
5.679094076156616,33,-11,-15,2,0,0,4,-1,4,4,-25,-20,-14,0,sil
5.679094076156616,10,-16,-26,-17,0,-9,-12,-2,-1,-6,-13,-10,-1,-5,sil
5.694581270217896,9,-12,-29,-25,-1,-4,-14,0,-5,-12,0,-3,7,-9,sil
5.694581270217896,5,-6,-32,-20,-3,-9,-6,0,-9,-12,7,0,5,-11,sil
5.710632085800171,-3,-4,-22,-15,-7,-21,-13,0,-10,-17,11,2,5,-6,sil
5.710632085800171,0,2,1,-5,-10,-16,-12,1,-10,-19,8,3,7,-1,sil
5.726203918457031,-2,9,16,0,0,3,9,-1,-8,-10,3,2,2,0,sil
5.726203918457031,-12,2,7,5,6,17,20,0,1,7,3,-10,-3,1,sil
5.741868019104004,-13,-5,-4,10,0,13,12,6,8,18,-5,-18,-11,7,sil
5.741868019104004,-14,-12,-7,0,-8,1,7,8,6,17,-18,-8,-15,5,sil
5.756988048553467,-21,-21,-15,-16,-11,0,6,9,11,22,-5,1,0,8,sil
5.756988048553467,-14,-14,-9,-17,-7,0,0,13,22,27,14,10,18,20,sil
5.773296594619751,1,7,-3,-9,6,-6,-6,11,22,16,20,21,24,17,sil
5.773296594619751,7,20,5,0,14,-10,-7,2,8,0,23,25,20,6,sil
5.788907766342163,3,28,32,23,7,-2,-8,-10,-5,-7,29,24,9,1,sil
5.788907766342163,-1,30,33,31,2,3,0,-14,-11,-8,20,16,1,-6,sil
5.804137706756592,-14,17,10,11,7,8,8,-12,-13,-10,-5,-2,-10,-15,sil
5.804137706756592,-19,4,3,10,9,20,15,-18,-17,-6,-22,-24,-26,-18,sil
5.820067882537842,-11,0,5,24,3,20,18,-17,-11,2,-16,-22,-17,-8,sil
5.820067882537842,-7,-9,0,3,-5,4,10,4,4,10,-7,-3,0,8,sil
5.835011959075928,-7,-17,-12,-28,-18,-9,-6,13,13,11,-5,0,0,6,sil
5.835011959075928,1,-17,-11,-26,-19,-21,-21,0,0,-2,-3,0,-2,-3,sil
5.851034641265869,20,-11,0,-6,-4,-22,-15,6,0,-8,9,18,24,4,sil
5.851034641265869,29,2,3,0,4,-10,-10,20,18,11,29,32,48,17,sil
5.866313219070435,21,11,5,-6,1,-3,-15,2,7,6,19,23,25,6,sil
5.866313219070435,7,7,5,-3,0,0,-12,-19,-19,-23,-11,-8,-18,-16,sil
5.8818440437316895,0,5,10,16,7,12,3,-10,-17,-14,-23,-23,-31,-10,sil
5.8818440437316895,-7,1,8,20,11,23,13,0,-5,8,-14,-16,-19,-1,sil
5.896946668624878,-24,-17,-15,-5,3,14,5,-9,-12,-10,-24,-27,-30,-18,sil
5.896946668624878,-32,-29,-28,-19,-3,-7,-2,-7,-10,-23,-39,-37,-39,-18,sil
5.912984132766724,-15,-21,-22,-8,-5,-11,4,12,9,6,-21,-19,-8,5,sil
5.912984132766724,-3,-19,-18,-16,-3,-2,10,21,19,13,0,0,13,8,sil
5.9281325340271,-3,-11,-15,-27,-3,-9,-3,13,14,-5,4,3,11,0,sil
5.9281325340271,6,6,-4,-10,-7,-19,-16,6,4,-8,9,9,15,0,sil
5.943957805633545,10,10,5,0,-4,-12,-14,-5,-12,-9,15,13,9,-4,sil
5.943957805633545,3,5,0,-3,0,-5,-11,-19,-22,-17,16,5,0,-10,sil
5.959718465805054,6,14,1,9,2,-7,-12,-14,-18,-15,14,5,3,-2,sil
5.959718465805054,10,25,18,27,5,0,-5,-4,-17,-6,11,9,-2,0,sil
5.975299596786499,0,22,21,27,10,17,13,-3,-9,0,2,-5,-12,-5,sil
5.975299596786499,0,11,15,19,6,23,27,0,8,10,-10,-8,-7,7,sil
5.990881681442261,13,1,12,18,1,18,24,8,23,23,-5,8,5,24,sil
5.990881681442261,21,-5,9,9,3,9,14,17,26,34,7,16,16,30,sil
6.00597071647644,15,-14,4,-12,-3,3,9,19,26,29,5,9,19,25,sil
6.00597071647644,13,-9,-2,-15,-12,1,6,9,20,5,3,14,15,14,sil
6.027066230773926,26,18,13,6,5,0,8,2,12,0,24,35,23,18,sil
6.027066230773926,35,36,30,21,20,1,17,6,13,24,45,38,36,26,sil
6.038077831268311,16,25,19,14,10,11,16,2,8,23,28,15,14,10,sil
6.038077831268311,-12,7,4,3,0,15,6,-4,1,1,-5,-8,-15,-9,sil
6.053613901138306,-29,-10,-19,-5,-6,1,-1,-4,1,0,-23,-27,-21,-17,sil
6.053613901138306,-39,-32,-42,-25,-18,-18,-19,-10,-11,-8,-35,-38,-32,-32,sil
6.068722724914551,-38,-41,-43,-37,-19,-25,-37,-20,-35,-39,-35,-35,-35,-46,hello
6.068722724914551,-25,-21,-22,-27,-9,-21,-30,-17,-36,-41,-12,-21,-11,-34,hello
6.084411382675171,-13,0,-3,-8,0,-14,-14,-10,-22,-22,0,-11,-2,-17,hello
6.084411382675171,-18,-2,-7,0,5,-8,-12,-11,-19,-23,-7,-12,-15,-22,hello
6.100098848342896,-28,-6,-7,7,1,1,-3,-9,-19,-16,-16,-14,-15,-20,hello
6.100098848342896,-15,0,1,19,3,18,13,4,4,17,-13,-10,-2,4,hello
6.115384817123413,9,0,0,7,11,14,0,18,31,32,-2,0,9,26,hello
6.115384817123413,15,-3,0,-11,4,-6,-21,8,20,14,13,19,23,23,hello
6.131436347961426,14,11,9,1,-2,-7,-13,-5,1,0,30,27,28,6,hello
6.131436347961426,20,17,15,13,5,0,-1,-1,0,-8,13,12,6,-1,hello
6.146704435348511,9,-2,3,0,2,-2,3,0,-2,-12,-20,-12,-16,-4,hello
6.162442445755005,-6,-11,-3,-6,-11,-3,18,0,-6,3,-23,-16,-16,0,hello
6.162442445755005,2,-2,5,-3,-7,4,22,12,3,11,-1,9,-1,21,hello
6.177976369857788,18,0,2,-14,-3,1,9,13,4,-3,1,17,6,27,hello
6.177976369857788,13,0,-1,-15,-7,-15,-1,0,-12,-14,2,9,0,2,hello
6.177976369857788,5,16,14,8,0,-13,0,0,-8,-7,20,13,1,-11,hello
6.194019317626953,4,16,18,21,7,12,13,4,7,5,23,10,4,0,hello
6.194019317626953,0,2,6,9,0,22,12,-1,6,12,0,2,-5,5,hello
6.2092132568359375,3,0,0,5,-6,12,-1,-2,5,13,-6,8,0,4,hello
6.224912166595459,14,0,8,9,-4,3,0,0,10,11,9,14,20,16,hello
6.224912166595459,19,0,12,4,0,-4,1,-4,0,2,22,12,24,18,hello
6.239979982376099,15,13,0,1,7,-8,-7,-3,-7,-1,23,10,16,0,hello
6.239979982376099,-3,19,2,1,9,0,-5,8,1,4,9,-3,3,-12,hello
6.2557759284973145,-19,0,0,0,6,10,0,9,5,-1,-16,-37,-22,-20,hello
6.2557759284973145,-17,-10,-14,5,9,9,-1,0,2,-12,-35,-45,-37,-20,hello
6.2708516120910645,-17,-9,-13,4,9,8,11,5,22,8,-20,-17,-12,0,hello
6.2708516120910645,-17,-14,-8,-6,0,4,22,19,41,32,1,1,22,16,hello
6.286864519119263,-4,-16,-9,-12,-3,-7,1,16,23,8,2,6,23,10,hello
6.286864519119263,0,-6,-18,-13,-4,-16,-15,-6,-9,-22,-2,5,10,-5,hello
6.303004264831543,-4,-2,-15,-20,-9,-22,-18,-25,-31,-28,0,7,1,-13,hello
6.303004264831543,3,3,8,-11,-6,-16,-18,-23,-35,-22,9,13,-2,-8,hello
6.318949222564697,19,19,24,24,9,6,-9,-20,-27,-11,12,7,-4,-2,hello
6.318949222564697,14,23,23,40,17,22,4,-23,-17,0,0,-2,-13,-3,hello
6.334483861923218,-6,0,1,11,1,18,10,-14,-10,4,-19,-13,-28,-15,hello
6.334483861923218,-24,-25,-23,-16,-12,4,6,-2,-10,1,-32,-25,-36,-22,hello
6.350041151046753,-15,-24,-18,-14,-8,-2,7,8,1,2,-20,-18,-20,-1,hello
6.350041151046753,3,-10,-6,-11,-5,0,13,28,27,13,4,4,9,23,hello
6.367377996444702,3,-6,-6,-22,-6,0,0,29,19,10,9,17,18,20,hello
6.367377996444702,0,-5,-15,-23,-4,-17,-15,4,-8,0,6,14,16,2,hello
6.380880832672119,6,2,-7,-11,-5,-21,-9,-6,-6,7,18,10,23,0,hello
6.380880832672119,4,10,13,0,-7,-3,-5,-5,3,5,23,8,15,0,hello
6.396808624267578,0,15,17,14,0,7,-9,-10,-3,-5,6,3,0,0,hello
6.396808624267578,1,12,12,22,7,3,-3,-8,-8,-6,-9,0,-9,1,hello
6.412195205688477,-4,-1,9,17,-1,1,3,-1,-4,-7,-14,-10,-21,-3,hello
6.412195205688477,-10,-8,0,7,-5,2,3,10,9,-11,-13,-18,-16,-4,hello
6.42726731300354,-4,-4,-9,-5,1,-3,2,22,24,1,-8,-1,5,3,hello
6.42726731300354,-1,-4,-14,-9,0,-11,0,6,17,10,0,5,15,0,hello
6.443288087844849,5,0,1,0,0,-10,-5,-11,-5,-2,8,6,11,5,hello
6.443288087844849,23,20,22,8,13,0,-3,-6,-15,-18,18,18,15,10,hello
6.45932674407959,19,32,18,13,16,2,-9,-5,-16,-17,16,14,8,-6,hello
6.45932674407959,0,26,8,22,12,0,-8,-5,-5,4,10,-3,-2,-16,hello
6.474797248840332,-2,5,6,18,15,16,20,10,16,26,11,-9,3,-2,hello
6.474797248840332,-3,-16,1,-8,1,26,36,15,15,20,-2,-9,-6,5,hello
6.490155458450317,-9,-23,-4,-17,-20,6,19,5,3,13,-20,-12,-19,6,hello
6.490155458450317,3,-10,-10,-3,-15,-13,1,6,11,14,-4,2,6,19,hello
6.505284547805786,14,0,-2,-7,3,-7,-6,3,4,-3,14,22,24,20,hello
6.505284547805786,0,0,0,-7,4,5,-3,-7,-17,-21,0,3,-2,-6,hello
6.5209269523620605,-10,0,2,13,0,13,8,-1,-9,-8,-23,-16,-30,-9,hello
6.5209269523620605,4,0,0,8,0,10,9,9,13,7,-16,-1,-13,19,hello
6.53654932975769,19,-9,-9,-25,-4,-11,-15,-2,5,-1,8,15,12,15,hello
6.53654932975769,5,-8,-3,-28,-6,-23,-31,-23,-19,-18,9,7,5,-18,hello
6.552107095718384,-12,5,7,2,0,0,-11,-26,-19,-8,-4,-13,-11,-24,hello
6.552107095718384,-14,1,-7,4,2,9,2,-9,-2,9,-5,-21,-6,-3,hello
6.56810474395752,-9,-13,-23,-16,-4,-11,-9,3,3,4,4,-3,11,2,hello
6.56810474395752,-7,-2,-9,-10,-7,-16,-17,2,-3,-12,19,11,19,-10,hello
6.5843186378479,-4,16,13,18,-1,4,2,0,-10,-10,15,8,0,-15,hello
6.5843186378479,0,6,7,22,0,25,27,11,6,13,-5,-6,-12,4,hello
6.600354909896851,6,-12,-6,0,-1,17,23,22,27,19,-8,-4,5,15,hello
6.600354909896851,3,-4,-5,-6,-2,-10,-2,2,12,-5,3,5,7,-6,hello
6.616352558135986,-9,7,-3,5,-2,-13,-13,-20,-15,-12,-6,-8,-22,-29,hello
6.616352558135986,-22,0,-2,3,0,8,-3,-10,-13,0,-25,-19,-34,-17,hello
6.632976055145264,-13,-8,0,1,10,14,15,11,3,3,-8,-4,-2,4,sil
6.632976055145264,4,0,-1,5,15,-1,17,13,6,7,10,5,18,16,sil
6.648365497589111,5,-2,-4,-6,0,-9,-2,5,3,10,3,0,10,10,sil
6.648365497589111,3,-4,-5,-15,-9,-9,-14,3,2,-3,-2,3,10,1,sil
6.6639933586120605,17,13,13,0,0,-17,-12,4,-2,-8,5,18,19,11,sil
6.6639933586120605,20,23,22,10,4,-15,-18,-6,-8,0,6,12,11,7,sil
6.679343700408936,-4,5,4,4,0,2,-16,-14,-7,-1,-12,-12,-8,-12,sil
6.679343700408936,-20,-12,-5,0,2,17,9,-2,-2,1,-33,-21,-18,-9,sil
6.694929361343384,-13,-12,-13,-4,0,11,26,0,-4,3,-29,-13,-16,4,sil
6.694929361343384,-3,-9,-17,-8,-8,-1,9,-7,-9,-9,-16,-1,-8,11,sil
6.710519552230835,10,-4,-2,-8,-6,-3,-2,5,3,-9,-5,12,6,15,sil
6.710519552230835,25,3,8,-4,-1,-4,0,19,16,-2,3,20,16,13,sil
6.725579023361206,24,10,13,1,-4,-17,-7,9,12,-2,23,24,18,4,sil
6.725579023361206,20,20,24,13,0,-18,-12,2,14,10,48,26,23,4,sil
6.741614580154419,15,24,33,16,10,0,-2,0,9,16,52,21,14,5,sil
6.741614580154419,-1,13,24,19,9,21,3,-11,-4,1,31,-1,-8,-7,sil
6.757913112640381,-18,5,12,27,7,24,9,-9,-1,7,19,-20,-16,-17,sil
6.757913112640381,-20,-5,0,9,9,22,18,2,10,25,15,-18,-10,-7,sil
6.774104118347168,-20,-26,-23,-19,1,14,11,0,8,17,3,-21,-9,-1,sil
6.774104118347168,-20,-27,-31,-30,-11,-1,-11,-11,-3,-9,-7,-18,-19,-2,sil
6.7894487380981445,-12,-13,-23,-22,-13,-13,-11,-17,-19,-26,-17,-10,-19,-2,sil
6.7894487380981445,0,-5,-22,-12,-5,-14,-1,-12,-27,-28,-29,-4,-7,-6,sil
6.805464506149292,13,5,-7,-5,2,-3,-6,3,-12,-20,-21,12,12,0,sil
6.805464506149292,26,17,10,2,8,2,-8,9,1,-7,9,31,29,8,sil
6.821098327636719,17,15,9,11,7,-5,-8,3,-5,-2,12,25,20,1,sil
6.821098327636719,-3,11,1,16,2,0,-5,2,-9,-1,-12,0,-3,-9,sil
6.837202787399292,-1,8,6,19,6,24,14,6,0,8,-12,-10,-4,0,sil
6.837202787399292,6,3,15,14,5,18,25,1,-3,13,-10,-8,-1,6,sil
6.852961301803589,-12,-12,-6,-2,-16,-8,10,-7,-14,0,-39,-31,-24,-10,sil
6.852961301803589,-31,-34,-37,-27,-29,-19,0,0,-3,-5,-53,-43,-37,-17,sil
6.86814546585083,-17,-32,-27,-30,-13,-13,4,18,28,10,-19,-6,-5,0,sil
6.86814546585083,1,-11,-3,-13,1,-5,7,26,44,23,12,18,23,6,sil
6.883940935134888,4,1,6,-4,4,-10,-8,17,29,14,20,18,25,7,sil
6.883940935134888,13,14,10,3,5,-22,-23,2,10,0,26,26,28,11,sil
6.89939284324646,28,23,20,15,6,-16,-20,-13,-6,-15,23,29,26,13,sil
6.89939284324646,15,16,26,18,9,5,-11,-22,-23,-27,5,10,3,5,sil
6.91545295715332,-12,-1,5,9,9,14,-2,-16,-24,-14,-2,-8,-16,-3,sil
6.91545295715332,-21,-10,-6,0,3,11,4,-4,-10,6,-2,-14,-21,-7,sil
6.93099045753479,-13,-6,0,0,-1,10,12,0,4,14,-7,-24,-19,-8,sil
6.93099045753479,-10,-1,1,0,-8,9,14,2,10,11,-15,-24,-18,-5,sil
6.946235656738281,-9,-6,-6,-7,-11,10,12,7,7,9,-11,-8,-13,0,sil
6.946235656738281,-4,-13,-18,-22,-7,7,0,9,0,6,0,0,0,4,sil
6.962277889251709,-1,-2,-18,-23,3,-3,-14,-6,-12,-9,7,2,9,3,sil
6.962277889251709,13,20,-1,7,17,-6,-7,-14,-10,-9,27,14,15,0,sil
6.978278160095215,34,29,21,33,16,-1,0,2,5,15,53,28,23,4,sil
6.978278160095215,28,24,33,22,2,-5,-12,1,3,10,42,27,16,5,sil
6.993901252746582,11,21,25,12,-4,-4,-9,-15,-11,-17,4,4,-4,-2,sil
6.994315147399902,0,4,6,12,0,10,13,-7,-11,-20,-16,-10,-16,-6,sil
7.010011672973633,-21,-22,-14,-3,0,20,18,2,-5,-9,-20,-12,-14,-3,sil
7.010011672973633,-28,-21,-23,-16,0,10,9,0,2,0,-15,-15,-2,1,sil
7.025557041168213,-4,1,-5,-7,3,-1,8,7,18,18,-4,-1,11,12,sil
7.025557041168213,13,7,-4,0,-1,-8,4,14,26,22,0,9,17,9,sil
7.041425943374634,9,-5,-17,-13,-13,-14,-8,9,16,4,-5,4,10,-1,sil
7.041425943374634,6,-11,-12,-28,-11,-19,-14,8,7,-5,-5,0,2,-6,sil
7.057023525238037,1,-5,-1,-19,-4,-18,-12,3,-1,-13,-1,-3,-9,-16,sil
7.057023525238037,-15,-4,5,5,-2,-3,-6,-10,-18,-22,-2,-11,-24,-29,sil
7.072937726974487,-19,-5,13,20,2,13,2,-17,-29,-14,-8,-17,-25,-21,sil
7.072937726974487,1,7,24,29,13,15,11,-3,-18,0,-12,0,-8,9,sil
7.088465929031372,27,18,35,39,16,16,20,14,9,19,6,23,18,37,sil
7.088465929031372,20,0,21,25,4,14,18,14,22,33,18,20,27,35,sil
7.10396933555603,-11,-23,-15,-8,-9,0,5,0,5,9,-7,-4,-2,8,sil
7.10396933555603,-28,-22,-38,-25,-11,-10,1,-6,-8,-26,-28,-20,-27,-18,sil
7.119014024734497,-14,-8,-20,-22,-3,-20,-10,-13,-16,-37,-18,-10,-11,-22,sil
7.119014024734497,8,3,-3,-15,-5,-28,-40,-23,-30,-31,0,12,5,-9,sil
7.134171485900879,24,21,10,1,-1,-18,-45,-17,-29,-17,22,32,13,5,sil
7.134171485900879,24,32,36,21,11,0,-21,0,-3,12,32,40,26,22,sil
7.150277376174927,12,17,28,24,3,14,8,16,21,46,21,30,33,29,sil
7.150277376174927,-9,-7,-12,3,-9,24,33,26,31,50,-1,0,9,15,sil
7.165942907333374,-46,-27,-47,-30,-10,23,37,27,32,23,-28,-47,-26,-17,sil
7.165942907333374,-63,-35,-68,-54,-12,6,14,11,24,-5,-38,-73,-41,-50,sil
7.181366920471191,-26,-22,-45,-46,-2,-6,-8,-10,2,-20,-26,-42,-26,-42,sil
7.181366920471191,22,6,5,-24,13,-7,-3,-17,-9,-20,-3,-1,0,-7,sil
7.196932077407837,31,20,32,-5,12,-1,5,-8,-11,-10,8,5,4,12,sil
7.196932077407837,23,19,35,23,8,3,1,-4,-9,-1,11,7,0,13,sil
7.21299147605896,26,17,29,50,10,5,4,0,6,8,16,14,15,22,sil
7.21299147605896,15,4,11,34,0,4,11,10,23,25,20,14,27,35,sil
7.228272676467895,-7,-13,-16,5,-5,4,6,7,19,27,13,-1,12,14,sil
7.228272676467895,-16,-13,-29,-4,0,-3,-6,0,5,4,1,-14,-4,-17,sil
7.244110107421875,-12,-4,-15,-13,-1,-13,-13,-8,-7,-12,1,-14,-8,-23,sil
7.244110107421875,-4,-1,-4,-14,-3,-12,-11,-11,-20,-19,6,-2,0,-16,sil
7.259695053100586,6,7,8,0,0,-16,-16,-11,-29,-35,13,18,5,-12,sil
7.259695053100586,10,16,23,12,-8,-22,-27,-12,-34,-40,12,22,0,-15,sil
7.27581000328064,2,11,26,15,-11,-9,-15,-11,-28,-21,-1,11,-11,-8,sil
7.27581000328064,5,12,36,28,8,18,17,0,-6,2,-1,20,-5,20,sil
7.291889905929565,22,19,39,41,21,39,26,8,11,17,8,25,5,33,sil
7.291889905929565,13,10,21,20,4,28,5,4,5,8,-11,6,-7,15,sil
7.307950973510742,-4,-9,-2,-11,-9,7,5,6,5,1,-26,-4,-14,3,sil
7.307950973510742,-3,-16,-5,-13,-4,3,14,20,28,25,-8,1,5,14,sil
7.323381423950195,-3,-12,-1,-4,0,3,7,19,34,41,3,7,15,16,sil
7.323381423950195,-12,-12,-14,-11,0,-9,0,6,12,17,4,6,12,0,sil
7.338943004608154,-17,-19,-29,-24,-1,-14,-2,-4,-5,-6,-1,0,6,-9,sil
7.338943004608154,-18,-22,-32,-30,-7,-5,-1,0,-3,-7,-13,-10,0,-13,sil
7.354034185409546,-19,-15,-37,-30,-6,-7,-1,6,1,-7,-13,-19,1,-20,sil
7.354034185409546,-10,-1,-27,-25,-1,-15,-15,-2,-6,-13,-1,-18,0,-22,sil
7.36950945854187,6,14,-4,-5,0,-12,-24,-24,-19,-17,0,-18,-7,-15,sil
7.36950945854187,23,31,25,23,3,-1,-17,-23,-20,-11,-6,-7,-12,0,sil
7.3849241733551025,34,43,42,44,11,8,-9,-4,-4,6,6,10,0,18,sil
7.3849241733551025,25,26,22,38,7,11,3,3,8,13,23,11,11,23,sil
7.400943040847778,-11,-11,-7,6,-1,10,26,0,2,-1,4,-9,-1,8,sil
7.400943040847778,-37,-32,-31,-16,-9,8,34,0,-4,-6,-22,-27,-21,-4,sil
7.417054653167725,-32,-26,-38,-22,-10,-6,16,8,-1,2,-21,-20,-25,-6,sil
7.417054653167725,-19,-21,-30,-18,-2,-20,0,14,8,4,-4,-6,-7,-9,sil
7.433112382888794,0,-13,-14,-18,2,-16,-10,13,16,1,10,3,8,-4,sil
7.433112382888794,27,7,7,-19,-1,-16,-16,7,11,-1,20,22,10,6,sil
7.449230432510376,43,19,27,-1,-1,-15,-13,4,3,-4,19,28,8,0,sil
7.449230432510376,29,18,42,20,11,3,-3,7,3,-1,16,15,6,-4,sil
7.46528434753418,3,13,32,16,13,24,8,4,4,3,9,5,0,0,sil
7.46528434753418,-18,0,2,0,0,26,14,-9,-1,2,-6,-9,-3,-9,sil
7.483380556106567,-29,-12,-3,0,0,21,2,-23,-15,-7,-13,-19,-10,-16,sil
7.483380556106567,-25,-3,3,5,4,15,-5,-23,-24,-15,-4,-17,-10,-8,sil
7.496241331100464,-16,0,-6,-4,-5,3,-2,-16,-21,-5,-6,-9,-5,-2,sil
7.496241331100464,-5,-10,-10,-9,-7,2,0,-4,-4,10,-14,-2,0,0,sil
7.512250423431396,9,-9,-2,3,-3,5,0,9,5,17,-5,3,8,13,sil
7.512250423431396,21,-1,10,5,-9,-6,-2,13,2,7,5,16,17,30,sil
7.528063058853149,23,0,5,-5,-10,-16,-6,10,7,3,12,28,27,28,sil
7.528063058853149,18,-1,-6,-7,0,-10,-2,14,19,7,15,28,29,22,sil
7.543380737304687,10,2,-2,-2,2,-18,-1,15,19,6,12,26,21,17,sil
7.543380737304687,7,12,1,6,0,-26,-9,1,6,0,11,17,12,0,sil
7.5589072704315186,9,25,5,18,10,-3,-7,-9,-8,-7,14,11,3,-10,sil
7.5589072704315186,12,30,15,24,19,20,9,-5,-4,-10,11,6,-1,-2,sil
7.57418942451477,5,18,18,23,12,14,15,-1,9,-1,-5,-8,-9,-3,sil
7.57418942451477,-9,3,9,16,3,8,11,-2,8,5,-27,-24,-25,-17,sil
7.590030670166016,-25,-9,-10,4,4,18,15,0,0,1,-34,-37,-36,-28,sil
7.590030670166016,-32,-19,-19,1,4,22,16,7,4,3,-30,-42,-34,-21,sil
7.605370759963989,-31,-25,-23,-3,0,7,8,7,10,13,-20,-33,-21,-12,sil
7.605370759963989,-25,-25,-34,-20,-10,-18,-12,-3,-7,-4,-12,-20,-7,-16,sil
7.621260404586792,-9,-4,-19,-19,-11,-21,-29,-16,-29,-34,-4,-8,-4,-17,sil
7.621260404586792,9,20,10,5,0,2,-13,-16,-18,-15,8,0,-4,-5,sil
7.63630199432373,7,10,14,16,-2,1,0,-8,-9,9,0,1,-6,5,sil
7.63630199432373,0,-16,-1,0,-18,-25,-11,0,-15,-9,-15,-1,-7,6,sil
7.65181827545166,10,-19,-8,-39,-21,-35,-17,9,-9,-28,2,12,6,8,sil
7.667315244674683,10,-5,-1,-59,-12,-24,-13,5,-7,-20,19,22,11,5,sil
7.667315244674683,-9,4,3,-17,-2,-4,-7,-6,-12,-2,4,0,-1,-1,sil
7.683359622955322,-6,0,4,13,7,10,4,-1,7,22,7,1,4,15,sil
7.683359622955322,19,-4,7,-1,12,11,12,11,36,43,39,34,43,38,sil
7.683359622955322,31,11,13,-2,8,6,0,12,25,25,50,43,56,33,sil
7.698923349380493,23,23,25,9,2,4,-6,0,-3,-4,34,26,25,14,sil
7.714205265045166,17,6,15,3,0,1,2,-10,-11,-7,20,8,0,-6,sil
7.714205265045166,9,-2,2,2,4,8,12,-5,-9,-4,0,-1,-4,-12,sil
7.73016881942749,-4,1,0,10,6,26,24,-1,-6,-2,-19,-12,-10,-6,sil
7.73016881942749,-16,0,-4,13,2,29,35,0,8,17,-11,-19,-10,-6,sil
7.74590277671814,-17,-5,-10,14,4,18,27,18,30,33,-1,-10,0,0,sil
7.74590277671814,-8,-10,-15,4,9,8,10,29,37,26,-8,-3,12,11,sil
7.761466026306152,0,-8,-15,-9,9,0,0,16,30,17,-11,-1,8,9,sil
7.761466026306152,2,0,-5,-6,2,-1,-5,8,19,12,-2,5,3,6,sil
7.776893615722656,7,4,0,0,-3,-1,-10,2,2,-10,0,5,0,2,sil
7.776893615722656,9,9,7,4,-1,-10,-19,-16,-23,-37,-10,2,-14,-12,sil
7.792985677719116,-4,13,8,15,-2,-14,-25,-29,-41,-43,-22,-5,-33,-33,sil
7.792985677719116,-22,8,-3,13,-8,-7,-21,-25,-35,-36,-25,-18,-37,-38,sil
7.808241605758667,-20,4,-8,7,-3,0,-5,-18,-17,-21,-22,-25,-29,-23,sil
7.808241605758667,-11,3,-8,18,7,2,5,-10,-12,-9,-26,-29,-27,-10,sil
7.823273658752441,-16,-1,-2,16,4,0,3,0,-16,-17,-41,-28,-30,-7,sil
7.823273658752441,-12,-8,0,3,-5,-2,3,1,-8,-11,-37,-23,-18,-3,sil
7.839111566543579,0,-16,-6,-7,-4,0,7,0,5,16,-10,-9,2,8,sil
7.839111566543579,3,-17,-4,-16,-1,-2,5,7,17,30,9,9,13,18,sil
7.854353904724121,12,-7,-1,-16,-4,-14,0,19,27,22,18,18,21,22,sil
7.854353904724121,20,-1,2,-11,-6,-26,-8,9,12,10,31,22,32,21,sil
7.869850873947143,15,0,1,-15,-7,-25,-23,-10,-17,-7,37,26,30,4,sil
7.869850873947143,9,11,3,-10,-8,-20,-31,-12,-34,-26,24,18,13,-11,sil
7.885831594467163,5,11,18,2,-3,-12,-21,-2,-24,-19,13,5,1,-12,sil
7.885831594467163,-5,-1,20,7,3,7,1,10,0,5,16,0,-1,-5,sil
7.901915311813354,-10,-2,13,6,7,23,20,18,16,13,19,3,0,3,sil
7.901915311813354,-6,2,9,7,0,22,24,3,17,11,16,7,7,7,sil
7.917106628417969,-11,-1,-2,-1,-2,16,19,0,24,21,7,8,8,3,sil
7.917106628417969,-6,-3,-3,-12,6,12,15,19,33,34,13,16,13,15,sil
7.933138608932495,20,-2,0,-15,1,0,6,17,26,36,35,25,33,29,sil
7.933138608932495,28,-12,-3,-28,-19,-13,-14,-7,4,11,37,32,35,26,sil
7.948880910873413,22,-5,3,-22,-10,-11,-19,-11,-7,-12,33,36,25,16,sil
7.948880910873413,34,23,21,13,14,5,-1,-2,-1,-5,44,34,26,16,sil
7.964110374450684,35,28,25,24,11,13,5,-4,-4,1,36,25,19,17,sil
7.964110374450684,11,11,10,10,1,11,9,-6,-12,-5,5,1,3,2,sil
7.979880809783935,-11,3,1,13,3,11,17,-2,-10,-2,-26,-26,-12,-12,sil
7.979880809783935,-23,-2,-4,24,4,11,15,-7,-5,2,-43,-45,-30,-24,sil
7.99541974067688,-36,-7,-23,22,6,12,11,-4,-3,-2,-68,-61,-51,-31,sil
7.99541974067688,-48,-13,-48,-3,10,15,14,9,-1,-19,-131,-84,-79,-35,sil
8.011399745941162,-50,-25,-74,-35,9,10,14,13,0,-32,-154,-96,-86,-40,sil
8.011399745941162,-35,-21,-63,-27,6,-3,2,6,4,-20,-88,-68,-52,-35,sil
8.032883882522583,-15,-7,-32,-1,2,-12,-9,0,9,-3,-27,-30,-20,-25,hello
8.032883882522583,-6,0,-21,-2,0,-10,-14,-12,-1,-12,-18,-15,-9,-22,hello
8.032883882522583,-1,11,1,-4,1,-7,-17,-22,-25,-31,0,4,0,-12,hello
8.04192328453064,8,22,29,14,-1,-4,-14,-24,-34,-28,31,24,6,1,hello
8.057024955749512,12,13,35,20,-7,6,-5,-17,-21,-2,40,28,5,8,hello
8.057024955749512,14,10,41,15,-1,15,0,-1,1,28,48,34,17,16,hello
8.0732421875,21,12,42,16,6,0,6,13,17,41,64,43,35,27,hello
8.0732421875,18,0,30,8,0,-20,3,11,17,26,61,52,35,33,hello
8.088866949081421,15,-10,19,-2,-20,-27,-12,7,8,13,49,51,32,28,hello
8.088866949081421,20,-6,23,-3,-23,-33,-24,8,-3,5,45,45,36,28,hello
8.103946685791016,20,-7,24,-2,-13,-37,-22,5,-5,-8,42,45,34,22,hello
8.103946685791016,11,-12,4,-18,-24,-28,-22,3,2,-23,35,34,27,5,hello
8.11935544013977,4,-7,-2,-30,-24,-9,-24,4,-6,-19,29,17,20,0,hello
8.11935544013977,3,5,6,-5,1,5,-7,0,-19,-3,18,1,10,0,hello
8.135095834732056,6,11,12,26,13,13,20,0,0,11,5,-4,3,4,hello
8.135095834732056,4,2,8,18,10,20,33,10,26,26,3,-2,3,16,hello
8.151128768920898,-7,-10,-18,-14,7,19,22,16,32,32,-8,-11,3,16,hello
8.151128768920898,-11,-9,-34,-20,5,12,4,9,22,18,-25,-19,0,0,hello
8.166866302490234,4,11,-18,0,15,22,1,-1,12,1,-8,-10,4,-10,hello
8.166866302490234,7,15,-11,8,16,27,3,-6,-2,-9,1,-12,-2,-16,hello
8.182900190353394,-7,0,-10,5,0,9,6,-7,-8,-10,-27,-31,-22,-19,hello
8.182900190353394,-6,0,-3,13,0,7,15,-5,7,6,-42,-33,-28,-9,hello
8.198684930801392,-2,1,-8,1,8,9,7,-2,15,13,-36,-16,-22,1,hello
8.198684930801392,-7,-8,-24,-22,6,-5,-6,-8,3,-2,-29,-5,-10,-4,hello
8.21390676498413,-9,-10,-15,-15,7,-13,-2,-8,-8,-10,-16,-2,-8,-18,hello
8.21390676498413,-14,-1,5,3,4,-3,1,-2,-17,-8,-16,-15,-23,-21,hello
8.22880506515503,-22,0,2,7,2,9,2,-8,-21,-5,-27,-36,-29,-18,hello
8.22880506515503,-15,2,1,11,13,15,8,-12,-18,-6,-22,-23,-17,-6,hello
8.244215726852417,-7,0,0,7,8,7,6,-2,-8,-10,-12,-8,-16,0,hello
8.244215726852417,-8,-5,-11,-8,-10,-7,-1,8,-2,-13,-15,-13,-11,2,hello
8.260345697402954,1,1,-3,-13,-9,-16,-4,11,0,-14,-6,3,7,0,hello
8.260345697402954,13,10,12,-6,-8,-19,-2,8,0,-14,20,23,13,-4,hello
8.275928020477295,10,14,16,0,-15,-14,-4,0,-10,-10,24,15,0,-6,hello
8.275928020477295,2,18,17,12,-4,0,0,-8,-23,0,6,3,0,-3,hello
8.291031122207642,-5,2,6,14,4,6,3,-3,-12,5,1,-2,6,0,hello
8.291031122207642,-10,-19,-7,-7,-4,-1,5,9,18,14,9,-4,3,13,hello
8.30676531791687,-2,-22,-18,-21,-11,-8,2,19,33,20,7,2,8,16,hello
8.30676531791687,6,-12,-9,-11,-9,-15,-12,8,14,0,7,13,19,10,hello
8.321842670440674,11,2,9,5,-3,-14,-21,-7,0,-23,24,23,21,11,hello
8.337470293045044,16,12,14,11,2,0,-12,-10,0,-8,30,25,11,3,hello
8.337470293045044,7,3,7,6,-1,13,-9,-10,-4,11,13,13,0,-7,hello
8.337470293045044,-2,-8,2,11,-9,14,-4,-9,-9,15,3,0,-1,-2,hello
8.352950811386108,0,-10,1,12,-1,7,2,2,5,20,4,4,2,13,hello
8.352950811386108,5,-9,-3,-1,5,0,0,12,20,23,4,17,5,18,hello
8.368287086486816,13,-1,-9,-5,3,-8,-4,10,13,10,4,16,10,10,hello
8.383885860443115,19,11,0,0,7,-10,-3,6,-4,-7,5,17,13,3,hello
8.383885860443115,19,15,10,1,13,0,0,-3,-16,-16,8,14,8,-1,hello
8.399830341339111,10,12,14,2,10,7,0,-14,-14,-15,12,9,3,-3,hello
8.399830341339111,0,16,24,10,11,5,5,-7,-3,-6,10,15,1,0,hello
8.41496729850769,-7,12,20,13,6,9,16,1,6,9,0,6,0,2,hello
8.41496729850769,-9,-5,3,3,-2,13,21,3,12,26,-14,-8,-6,4,hello
8.430488348007202,-10,-12,-7,-8,0,10,16,12,23,30,-13,-12,-1,2,hello
8.430488348007202,-12,-6,-11,-16,2,1,3,17,16,9,-10,-12,3,-2,hello
8.445991039276123,-8,-5,-13,-19,-2,-8,-4,2,-3,-14,-13,-18,1,-8,hello
8.445991039276123,0,-3,-18,-14,-4,-9,-4,-7,-8,-19,-7,-20,-1,-11,hello
8.461877346038818,-5,4,-8,-5,-3,-3,-2,-5,-13,-22,-8,-26,-14,-16,hello
8.461877346038818,-18,0,-2,0,-7,-1,-2,-12,-26,-27,-21,-49,-35,-26,hello
8.477545976638794,-16,-10,-5,4,-5,0,0,-19,-17,-17,-24,-64,-35,-19,hello
8.477545976638794,-10,-1,2,9,1,5,11,-7,3,1,-13,-47,-17,2,hello
8.493067264556885,-6,-1,-3,6,-2,1,12,6,12,10,-8,-19,-2,7,hello
8.493067264556885,-6,-22,-23,-12,-11,-15,-11,6,7,2,-24,0,-5,0,hello
8.508249521255493,-6,-15,-23,-16,-9,-26,-30,3,3,-5,-22,7,-2,-8,hello
8.508249521255493,3,15,-5,4,0,-18,-22,3,1,1,18,25,18,-6,hello
8.52411437034607,16,14,6,5,3,-1,-11,-4,-4,3,39,42,26,2,hello
8.52411437034607,6,-2,9,-1,2,6,0,-12,-10,0,12,19,5,0,hello
8.539061546325684,-4,3,16,12,6,14,14,-3,-11,8,-3,4,-11,1,sil
8.539061546325684,4,7,14,14,8,27,19,9,-1,19,7,25,-1,20,sil
8.55425477027893,8,-4,-1,-9,2,24,14,18,9,9,7,28,7,24,sil
8.55425477027893,2,-7,-7,-15,-1,6,0,14,8,-1,0,13,4,10,sil
8.57018756866455,13,6,-4,1,0,0,-3,-1,0,-5,15,20,16,3,sil
8.57018756866455,20,18,9,9,2,0,-1,-6,-5,-8,29,30,27,6,sil
8.585705757141113,16,19,26,11,4,-1,1,0,0,-4,21,23,18,6,sil
8.585705757141113,10,10,21,20,7,4,2,-6,-1,0,4,7,3,1,sil
8.60153865814209,-3,0,2,12,3,1,0,-11,-1,1,-10,-7,-11,-5,sil
8.60153865814209,-7,-7,-13,-5,-5,-14,-3,6,9,10,-8,-8,-7,-7,sil
8.616859436035156,11,3,-4,-9,-5,-18,-6,14,10,7,6,1,8,0,sil
8.616859436035156,11,7,12,3,4,-5,-1,-5,-9,-9,4,-5,-2,-2,sil
8.632251262664795,-18,-13,3,1,1,0,1,-8,-12,-6,-12,-22,-22,-9,sil
8.632251262664795,-27,-26,-7,-12,-8,-3,4,6,2,6,-18,-19,-15,-1,sil
8.648274660110474,-10,-14,-10,-8,-7,-3,6,4,10,3,-16,-15,0,4,sil
8.648274660110474,0,-6,-8,0,1,-1,0,3,12,-5,-8,-4,10,8,sil
8.663371562957764,4,-1,-1,-7,-2,-3,-5,5,7,-6,8,9,18,9,sil
8.663371562957764,4,4,2,-14,-13,-7,-15,-10,-7,-9,11,-3,8,-8,sil
8.679260015487671,-5,5,3,-4,-4,-5,-20,-18,-15,-16,-3,-17,-11,-19,sil
8.679260015487671,-15,6,2,5,5,10,4,0,0,-2,-3,-9,-7,-7,sil
8.694130182266235,-11,4,-4,1,-1,16,20,5,14,20,-4,-8,-6,3,sil
8.694130182266235,0,-3,-7,-5,-1,4,0,2,18,22,-15,-9,-11,10,sil
8.7096266746521,11,-1,-4,-6,6,-5,-9,9,20,13,-1,5,5,11,sil
8.7096266746521,10,5,2,-6,5,-6,-4,2,6,0,15,14,9,-1,sil
8.72515606880188,-3,0,1,2,0,4,0,-16,-20,-15,0,-9,-17,-22,sil
8.72515606880188,-18,-15,-9,3,-4,12,3,-12,-21,-14,-19,-27,-29,-17,sil
8.741251707077026,-18,-19,-15,-15,-5,0,1,6,-1,2,-4,-8,-3,5,sil
8.741251707077026,4,-2,-8,-9,6,-10,-4,6,-2,1,20,13,19,7,sil
8.756840229034424,17,19,15,24,15,0,0,-7,-15,-8,18,16,5,-1,sil
8.756840229034424,0,15,12,30,5,14,12,-4,-3,5,0,-1,-11,2,sil
8.772107601165771,-8,-1,-10,1,0,10,12,13,10,25,-7,-7,0,12,sil
8.772107601165771,14,8,0,-2,8,-5,0,8,0,6,5,14,17,5,sil
8.787244319915771,23,30,19,24,13,-10,-7,-11,-16,-20,16,20,10,-10,sil
8.787244319915771,5,18,21,36,9,5,2,-7,-13,-11,-3,0,-8,-8,sil
8.803147554397583,-2,-5,10,10,0,16,21,12,4,15,-18,0,-3,5,sil
8.803147554397583,0,-12,-8,-18,-11,3,17,17,16,12,-13,5,11,6,sil
8.818652868270874,0,-11,-16,-24,-15,-6,-1,5,8,-15,-12,4,7,0,sil
8.818652868270874,1,-9,-8,-14,-11,-5,-6,1,4,-15,-1,6,11,-1,sil
8.834487438201904,0,-7,0,-10,-6,-12,-10,0,2,-5,11,9,15,0,sil
8.834487438201904,-3,-6,-2,-9,-2,-20,-21,-13,-14,-14,5,4,2,-4,sil
8.849265336990356,2,-1,5,0,0,-11,-16,-18,-27,-12,7,6,-4,-2,sil
8.864901065826416,7,12,23,20,3,4,0,-9,-18,-2,17,4,-4,2,sil
8.864901065826416,-4,7,4,15,-2,6,5,-5,-1,0,0,-23,-13,0,sil
8.880408763885498,-14,-19,-23,-33,-15,0,7,6,16,9,-18,-28,-16,7,sil
8.880408763885498,-1,-18,-13,-44,-11,8,12,25,32,26,-3,-2,1,27,sil
8.896153926849365,7,2,-4,0,0,12,6,20,30,21,3,2,7,24,sil
8.896153926849365,-7,-7,-17,5,-1,-4,-10,0,9,0,-13,-7,-9,0,sil
8.911946058273315,-19,-23,-27,-19,-5,-20,-17,-4,-5,-17,-10,-8,-10,-17,sil
8.911946058273315,-6,-3,-9,-12,0,-20,-18,-4,-12,-25,9,4,3,-18,sil
8.927390813827515,4,19,11,3,1,-4,-14,-9,-12,-9,15,13,8,-14,sil
8.927390813827515,4,25,23,13,6,20,0,-12,-2,11,15,8,0,-14,sil
8.943400382995605,3,22,31,26,20,27,13,-10,0,15,17,0,-8,-7,sil
8.943400382995605,3,10,22,32,20,14,13,-7,0,15,6,-5,-5,0,sil
8.959104061126709,0,3,5,20,10,9,9,0,2,17,-10,-5,-1,3,sil
8.959104061126709,3,0,3,5,6,7,12,6,9,21,-4,3,1,10,sil
8.974253177642822,10,-11,3,2,2,-1,16,9,18,22,8,10,14,17,sil
8.974253177642822,6,-5,2,5,-5,-9,4,12,17,12,0,14,20,20,sil
8.989383697509766,1,3,-4,-1,-9,-10,-9,8,2,-1,-10,5,10,5,sil
8.989383697509766,0,0,-9,-15,-2,-10,-13,-2,-20,-27,-1,-5,1,-10,sil
9.005450248718262,0,-2,0,-14,0,-7,-12,-7,-30,-46,0,-3,0,-10,sil
9.005450248718262,2,5,1,-1,-6,-5,-8,-5,-22,-33,-10,-1,-2,-13,sil
9.021444082260132,1,12,4,7,0,0,5,-3,-12,-12,-10,-4,-8,-17,sil
9.021444082260132,0,11,7,17,14,16,24,4,0,-2,2,-9,-8,-6,sil
9.036328315734863,-3,-2,-4,18,8,21,24,9,11,10,0,-13,-11,2,sil
9.036328315734863,-17,-16,-18,1,-4,11,5,0,12,21,-18,-20,-21,-4,sil
9.052325963974,-30,-21,-28,-18,-9,4,-5,-9,-1,6,-25,-26,-24,-12,sil
9.052325963974,-13,-22,-22,-25,-10,-5,-13,-6,-7,-11,-8,-8,-8,2,sil
9.067310571670532,15,-11,-7,-15,-9,-19,-15,3,0,-7,11,17,12,20,sil
9.067310571670532,21,4,-1,-8,-3,-20,-5,12,7,7,15,25,20,20,sil
9.083499670028688,17,3,1,-16,-3,-13,0,13,11,2,13,29,24,14,sil
9.083499670028688,18,2,8,-16,-6,-9,-7,-1,8,-11,21,29,27,12,sil
9.09942865371704,12,19,19,0,4,-2,-12,-18,-7,-8,15,14,7,4,sil
9.09942865371704,0,23,17,14,9,4,-14,-21,-20,-1,-7,-4,-16,-13,sil
9.114326000213625,-19,0,0,10,-3,2,-17,-22,-26,-13,-21,-20,-24,-25,sil
9.114326000213625,-32,-10,-7,1,-8,3,0,-14,-17,-5,-12,-28,-16,-15,sil
9.129356861114502,-17,-5,-1,4,-1,13,27,13,13,33,0,-20,3,0,sil
9.129356861114502,-4,-14,0,3,-3,9,24,20,23,35,-4,-9,11,3,sil
9.145308494567873,-8,-19,-8,-4,-1,0,7,4,14,17,-1,-4,4,0,sil
9.145308494567873,0,0,-4,0,12,2,9,18,25,26,14,5,9,3,sil
9.161539793014526,12,6,6,6,15,3,7,28,22,12,16,16,11,10,sil
9.161539793014526,10,0,0,0,0,-10,-7,0,-6,-28,10,11,0,1,sil
9.17651391029358,14,15,8,0,0,-14,-16,-16,-20,-36,12,15,-2,-2,sil
9.17651391029358,24,30,30,21,10,1,-10,-7,-17,-18,10,13,-2,1,sil
9.192945957183838,10,10,14,26,1,6,0,-6,-5,-3,0,-1,-4,3,sil
9.192945957183838,-12,-9,-9,1,-12,0,1,1,14,14,-8,-1,-5,2,sil
9.208309650421144,-10,-9,-14,-16,-7,2,-3,17,19,17,-16,0,-2,1,sil
9.208309650421144,6,-5,-8,-10,2,0,-5,10,5,0,-12,2,6,6,sil
9.223886013031006,14,4,4,0,3,-5,6,0,1,-3,12,14,22,6,sil
9.223886013031006,6,13,9,3,7,1,17,0,-1,2,19,2,9,-2,sil
9.23991346359253,-11,7,3,3,8,5,12,-1,-8,-9,-12,-23,-20,-13,sil
9.23991346359253,-23,-1,-1,4,5,14,13,-9,-6,-19,-25,-26,-22,-18,sil
9.255116939544678,-18,-8,-2,0,4,29,23,-4,4,-3,-9,-15,-8,-5,sil
9.255116939544678,-4,-18,-12,-14,0,16,12,3,10,13,-19,-14,-12,9,sil
9.27066707611084,0,-18,-26,-20,-10,-14,-11,-1,0,10,-35,-16,-13,2,sil
9.27066707611084,-1,-9,-19,-12,-12,-25,-28,-14,-19,-6,-10,0,0,-1,sil
9.28627610206604,4,-3,-3,-9,-15,-22,-34,-16,-24,-18,20,17,11,0,sil
9.28627610206604,22,1,7,-7,-13,-22,-29,-4,-15,-12,24,25,13,0,sil
9.301862239837646,30,14,25,11,3,-11,-19,0,-8,0,31,30,17,3,sil
9.301862239837646,15,25,30,26,15,10,-7,0,-7,0,36,24,17,4,sil
9.31782078742981,-6,15,21,19,13,19,4,-3,-6,5,13,6,-3,0,sil
9.31782078742981,-16,-1,1,9,7,17,21,-6,3,18,-4,-11,-16,-4,sil
9.333353996276855,-15,-6,-6,6,2,15,22,1,17,20,-4,-9,-1,0,sil
9.333353996276855,-12,-3,1,5,0,9,15,12,21,14,-9,0,11,12,sil
9.34834623336792,-4,0,-1,3,0,-2,14,10,21,21,-9,-3,10,14,sil
9.34834623336792,0,0,-12,-3,0,-8,12,11,15,21,-1,-7,5,10,sil
9.36408519744873,-3,-12,-17,-12,-6,-10,0,13,9,0,-5,-3,5,4,sil
9.36408519744873,-6,-18,-20,-23,-9,-15,-14,0,2,-14,-9,-4,3,-3,sil
9.379528522491457,-2,-10,-18,-29,-6,-10,-15,-11,-11,-17,-4,-8,-10,-16,sil
9.379528522491457,0,-6,-12,-14,-7,-6,-6,0,-19,-31,-2,-9,-14,-25,sil
9.395192384719849,-1,0,-1,-1,-6,-12,-1,11,-4,-34,-5,-6,-6,-17,sil
9.395192384719849,-3,5,-2,-4,0,0,1,7,2,-15,-6,-9,-12,-12,sil
9.41016149520874,-7,-1,-4,0,1,9,0,-7,-12,-14,-5,-15,-24,-21,sil
9.41016149520874,-8,0,12,18,2,3,2,-15,-15,-16,-3,-8,-16,-12,sil
9.425290584564207,4,12,22,25,13,14,17,0,9,20,0,1,0,13,sil
9.425290584564207,12,6,9,6,6,16,16,7,15,38,1,5,1,22,sil
9.440796375274658,2,-4,-2,-4,-12,-2,0,-1,1,16,0,3,1,13,sil
9.456916093826294,-3,-3,-10,-3,-13,-5,-6,4,9,5,2,9,12,12,sil
9.456916093826294,5,0,-2,-5,-5,0,-8,14,18,11,11,20,22,14,sil
9.456916093826294,19,6,5,-2,0,-9,-17,0,-1,2,16,19,25,4,sil
9.473012924194336,23,13,12,3,13,-10,-18,-18,-28,-13,15,23,20,4,sil
9.473012924194336,21,18,19,14,21,4,-4,-8,-21,-7,24,29,14,8,sil
9.488889694213867,19,23,23,28,16,15,7,7,-1,6,23,14,10,7,sil
9.488889694213867,6,18,26,24,10,14,9,0,0,8,1,-3,0,4,sil
9.50491738319397,-12,0,11,7,5,11,11,-16,-7,3,-16,-15,-11,-6,sil
9.50491738319397,-24,-12,-6,-1,-1,9,12,-17,-8,-4,-22,-25,-25,-13,sil
9.520947217941284,-20,-16,-7,-10,-4,8,8,-4,0,-4,-17,-19,-20,0,sil
9.520947217941284,-6,-15,-3,-11,-5,1,3,3,15,17,-3,-5,3,14,sil
9.536448001861572,-4,-15,-10,-14,-14,-15,-7,5,17,13,-10,-3,3,6,sil
9.536448001861572,-15,-23,-30,-32,-21,-22,-18,11,8,-9,-30,-18,-18,-15,sil
9.552066564559937,-11,-24,-28,-38,-12,-11,-17,16,10,-6,-21,-17,-15,-21,sil
9.552066564559937,5,-7,-10,-14,-1,-3,-6,12,11,-1,5,1,6,-7,sil
9.568029403686523,7,8,-10,7,0,-5,9,7,2,-11,18,8,7,-4,sil
9.568029403686523,0,12,-5,7,3,-1,10,3,-3,-6,9,1,-5,-10,sil
9.583168029785156,1,11,5,11,5,2,-2,-7,-5,-2,3,-2,-3,-14,sil
9.583168029785156,4,17,5,25,13,2,-3,-13,-8,-7,15,4,1,-8,sil
9.598898887634276,-1,20,11,27,20,12,9,-3,-3,2,29,13,1,1,sil
9.598898887634276,-11,3,7,16,6,12,11,-3,-4,1,10,0,-7,1,sil
9.6138916015625,-15,-13,-8,3,-11,1,6,-11,-16,-8,-21,-18,-23,0,sil
9.62966537475586,-8,-13,-12,-9,-13,6,10,0,-5,6,-21,-10,-9,11,sil
9.62966537475586,9,-11,1,-23,-8,0,2,15,14,13,0,14,23,27,sil
9.62966537475586,23,-5,9,-14,-4,-21,-16,13,12,-3,6,27,26,21,sil
9.645240783691406,21,7,1,0,-1,-24,-16,11,8,-3,8,20,16,9,sil
9.645240783691406,14,5,6,-9,-3,-14,-8,11,7,4,11,17,18,9,sil
9.66081976890564,19,2,15,-18,-2,-8,-2,0,-5,-4,7,11,13,5,sil
9.66081976890564,10,13,10,-1,3,2,6,-8,-12,-6,-3,-6,-1,-5,sil
9.676083326339722,-10,10,2,9,5,9,9,-9,-8,-6,-14,-17,-11,-12,sil
9.692118167877195,-15,-5,-1,7,2,8,-4,-16,-16,-17,-10,-22,-14,-21,sil
9.692118167877195,-12,-5,4,6,-2,10,-11,-19,-23,-12,-3,-20,-12,-17,sil
9.70749545097351,-10,3,8,11,-2,17,5,-8,-7,13,0,-10,-1,0,sil
9.70749545097351,-2,1,2,16,8,16,11,-5,5,25,1,0,5,4,sil
9.723013401031494,-7,-3,-1,13,9,9,-3,-9,4,13,-2,1,-2,0,sil
9.723013401031494,-8,-4,-5,7,0,0,-14,-3,8,8,-7,0,-4,0,sil
9.738834619522097,3,0,-8,3,2,-6,-10,6,11,10,2,8,2,5,sil
9.738834619522097,1,2,-7,0,8,-1,2,10,11,17,11,10,10,4,sil
9.754204511642456,-11,-3,-15,-6,-3,2,10,12,15,18,-2,-7,0,-3,sil
9.754204511642456,-11,-12,-17,-15,-14,-3,7,13,12,-1,-17,-15,-13,-3,sil
9.770283460617064,-4,-11,-14,-17,-8,-8,8,7,5,-18,-1,-6,-11,1,sil
9.770283460617064,3,-3,-3,-12,2,-2,5,3,1,-12,11,5,-3,2,sil
9.786229372024536,7,0,6,-11,4,-2,-3,2,-1,-6,2,9,0,-6,sil
9.786229372024536,4,-4,2,-13,0,-11,-5,1,-2,-9,0,7,2,-5,sil
9.801339387893677,11,2,7,0,6,-9,0,4,2,-9,5,18,9,9,sil
9.801339387893677,23,25,19,19,15,3,0,6,3,-6,9,23,8,8,sil
9.817241668701172,16,30,24,17,9,4,0,-3,-11,-9,5,4,-4,-3,sil
9.817241668701172,3,12,21,11,0,3,8,-11,-19,-10,-1,-11,-11,0,sil
9.832889556884766,-2,1,6,15,0,9,15,-2,-2,0,-9,-13,-6,4,sil
9.832889556884766,-9,-6,-13,1,-9,1,1,7,6,8,-11,-6,-3,7,sil
9.848338603973389,-1,-15,-22,-14,-17,-13,-16,3,1,0,0,0,2,5,sil
9.848338603973389,9,-4,-3,-5,-11,-10,-10,-6,-1,-10,11,4,9,0,sil
9.86414074897766,0,6,12,8,0,7,12,-8,-8,-3,7,-1,1,-1,sil
9.86414074897766,-13,-7,-2,3,0,14,20,2,-4,17,-3,-7,-3,2,sil
9.879510164260864,-11,-21,-18,-12,-2,0,2,5,6,15,-3,6,1,4,hello
9.879510164260864,-2,-6,-5,-11,-2,-7,-15,-8,0,-5,10,14,15,-2,hello
9.895092248916626,0,12,13,6,4,5,-14,-15,-11,-2,15,1,13,-4,hello
9.895092248916626,-3,7,16,14,9,15,-7,-4,1,22,4,-6,0,0,hello
9.910935878753662,-6,-8,-4,0,-1,-1,-12,0,18,26,-1,-1,2,1,hello
9.910935878753662,1,-11,-15,-22,-15,-23,-22,-1,7,7,2,0,18,-5,hello
9.92640995979309,3,-1,-9,-24,-1,-14,-10,2,-2,-8,3,-5,9,-15,hello
9.92640995979309,-6,1,-1,-2,16,9,7,0,0,-24,-14,-17,-20,-18,hello
9.94231367111206,-19,-8,-5,2,2,13,10,-8,-6,-29,-35,-31,-35,-16,hello
9.94231367111206,-22,-17,-21,-11,-13,3,12,0,-4,-3,-28,-32,-23,-8,hello
9.957826614379885,-4,-10,-9,-8,-3,4,22,24,24,23,-6,-2,0,15,hello
9.957826614379885,15,0,5,7,1,0,9,19,28,15,2,22,15,25,hello
9.97306990623474,13,11,4,6,-1,-19,-14,-8,-21,-17,1,16,4,0,hello
9.97306990623474,6,27,18,13,4,-8,-9,-17,-42,-23,4,10,-8,-10,hello
9.98881196975708,11,24,23,34,12,24,16,-3,-10,7,11,11,2,5,hello
9.98881196975708,7,3,10,28,10,22,21,4,4,18,6,8,7,19,hello
10.004013299942017,4,3,-1,10,6,0,6,2,0,4,0,3,0,11,hello
10.004013299942017,14,7,-3,4,4,-7,-9,0,3,-1,8,10,6,2,hello
10.019233226776125,15,-1,1,-3,7,-13,-15,-2,1,-9,19,20,12,0,hello
10.019233226776125,8,2,2,-4,6,-21,-5,-4,-6,-15,16,9,6,-5,hello
10.040081024169922,0,14,0,1,2,-7,-5,-4,-9,-5,6,-5,0,-8,hello
10.040081024169922,-11,1,2,0,0,10,-11,-7,-4,4,0,-11,-10,-9,hello
10.040081024169922,-19,-13,-5,-4,-9,4,0,-4,3,1,-11,-17,-18,-5,hello
10.051132917404177,-20,-17,-17,-15,-16,-3,9,7,6,3,-20,-19,-15,5,hello
10.067255020141602,-16,-23,-22,-37,-21,0,0,17,13,11,-14,-12,-2,10,hello
10.067255020141602,-2,-21,-10,-40,-20,-5,-12,12,15,5,0,3,10,6,hello
10.083260774612429,12,0,8,-11,-4,-7,-8,4,5,-10,16,20,19,3,hello
10.083260774612429,18,13,24,8,10,10,1,2,0,-9,22,27,18,0,hello
10.098456859588625,23,14,36,17,7,11,2,-2,2,0,15,17,4,3,hello
10.098456859588625,19,17,28,32,4,1,3,-8,1,-2,2,-1,-6,1,hello
10.114375352859495,-3,6,4,19,3,13,13,-2,4,-7,-8,-12,-8,-5,hello
10.114375352859495,-27,-20,-18,-20,-3,24,25,4,15,9,-20,-20,-4,-8,hello
10.129945039749146,-26,-28,-35,-26,-11,7,20,2,13,30,-28,-30,-6,-9,hello
10.129945039749146,-16,-11,-27,-4,-8,-12,0,0,0,17,-16,-15,-7,-10,hello
10.145921230316162,-5,0,-11,1,4,-13,-9,0,-1,0,8,7,7,-6,hello
10.145921230316162,8,7,0,0,14,-7,-8,2,0,1,21,16,23,0,hello
10.16091537475586,11,16,5,7,12,-3,-13,-4,-9,-2,16,12,13,-6,hello
10.16091537475586,-2,14,5,18,10,-4,-12,-15,-16,-12,6,0,-6,-14,hello
10.177041292190552,-13,5,10,20,11,0,0,-10,-10,-3,-7,-5,-16,-6,hello
10.177041292190552,-6,0,6,17,10,9,12,-2,-7,10,-14,-7,-8,5,hello
10.19314169883728,4,0,-4,8,2,4,9,-2,-12,3,-14,-10,-2,14,hello
10.19314169883728,12,0,1,-2,-6,-10,0,0,-9,-9,-3,2,1,22,hello
10.20885944366455,19,4,5,-10,-7,-15,-15,8,-4,-14,20,22,18,22,hello
10.20885944366455,18,11,4,-10,-2,-10,-25,2,-11,-21,24,24,19,9,hello
10.22392964363098,7,10,7,0,-4,2,-14,-11,-14,-19,1,0,-6,-5,hello
10.224334478378296,-4,2,-1,5,-6,14,5,-6,-8,-1,-13,-21,-23,-6,hello
10.240034818649292,-10,-14,-19,-6,-4,9,12,8,-1,3,-22,-18,-20,-1,hello
10.240034818649292,-8,-31,-19,-23,-14,-3,9,13,11,1,-24,-4,-13,0,hello
10.255225658416748,-2,-25,-2,-23,-22,-10,0,10,17,3,-16,3,-4,1,hello
10.255225658416748,0,-4,-3,-18,-14,-16,-7,0,0,-5,-9,2,2,-4,hello
10.2708420753479,-1,2,-8,-14,-5,-18,-6,-10,-10,-20,2,2,1,-17,hello
10.2708420753479,0,13,16,4,4,-5,0,-9,3,-8,28,14,4,-11,hello
10.28625464439392,10,28,33,32,21,17,6,0,23,20,37,15,14,1,hello
10.28625464439392,3,21,22,38,27,34,15,1,26,30,14,0,3,8,hello
10.301836729049684,-5,0,9,31,17,31,24,6,22,26,1,-7,-8,13,hello
10.301836729049684,0,-12,0,11,6,13,19,14,23,21,0,-2,1,13,hello
10.316997051239014,-3,-20,-17,-20,-1,-8,-3,9,19,10,-12,-4,8,1,hello
10.316997051239014,-12,-16,-25,-25,-6,-21,-17,4,0,0,-11,-7,5,-11,hello
10.332117795944214,-1,-2,-5,-7,0,-20,-15,2,-20,-11,9,4,12,-6,hello
10.332117795944214,4,3,0,-7,2,-7,-12,-12,-22,-15,10,8,12,-6,hello
10.347755193710327,-6,9,-7,-6,0,1,-10,-19,-21,-18,-5,-7,-5,-20,hello
10.347755193710327,-8,16,6,10,0,6,1,-1,-20,-11,-9,-13,-13,-14,hello
10.362948656082152,-5,6,7,13,0,12,15,8,-6,12,-6,-13,-3,2,hello
10.37881350517273,-10,-9,-7,-6,-6,8,12,0,0,22,-6,-10,0,8,hello
10.37881350517273,-2,-4,-6,-14,-8,0,6,1,-2,3,0,1,0,11,hello
10.37881350517273,13,0,-2,-5,-9,-7,3,6,4,-8,0,12,4,12,hello
10.39426851272583,16,-4,0,-1,-9,-11,-9,-1,2,-16,-3,17,4,5,hello
10.39426851272583,18,6,8,0,-3,-8,-18,-9,-6,-23,10,20,7,0,hello
10.409563541412354,25,29,22,11,8,0,-8,-9,-2,-10,33,21,12,3,hello
10.424860954284668,25,29,33,30,11,3,4,-8,3,9,24,13,6,8,sil
10.424860954284668,9,8,20,31,5,7,13,2,4,11,-2,-1,-6,10,sil
10.440507650375366,-6,-8,0,12,9,22,22,21,16,20,-5,-5,-10,14,sil
10.440507650375366,-13,-24,-19,-9,0,17,20,24,30,32,-2,-8,-2,9,sil
10.455661296844482,-24,-36,-36,-31,-18,-15,-3,8,17,3,-25,-17,-7,-3,sil
10.455661296844482,-25,-25,-31,-35,-9,-24,-20,-8,-6,-24,-31,-10,-14,-12,sil
10.470913171768188,-3,-5,-9,-20,4,-3,-12,-11,-7,-13,0,1,1,-11,sil
10.470913171768188,5,1,3,-17,-4,-7,-11,-13,-7,-14,2,4,2,-14,sil
10.486398696899414,-2,14,7,-4,-2,-17,-19,-19,-22,-23,-10,-1,-17,-20,sil
10.486398696899414,-8,19,8,18,10,0,-13,-19,-32,-11,-9,-14,-21,-17,sil
10.501936435699465,-16,-8,0,12,0,15,2,-12,-24,-5,-15,-27,-16,-14,sil
10.501936435699465,-22,-23,-11,1,-7,10,11,-3,-8,-5,-24,-28,-17,-9,sil
10.518002033233644,-15,-7,-1,7,0,8,12,6,3,11,-14,-12,-6,5,sil
10.518002033233644,-5,-8,-7,-5,0,7,6,7,8,19,0,-4,6,6,sil
10.53354287147522,1,-14,-18,-19,-6,-9,-6,6,9,6,5,1,7,0,sil
10.53354287147522,15,8,3,3,0,-16,-6,14,13,6,20,21,20,9,sil
10.549076318740845,28,24,16,24,9,-1,5,18,19,19,38,38,41,22,sil
10.549076318740845,26,12,0,6,7,-1,0,10,15,6,30,29,30,15,sil
10.564268112182615,19,14,-3,-4,4,-12,-11,4,7,-13,11,11,10,2,sil
10.564268112182615,15,30,13,11,11,-2,-7,4,6,-6,12,7,7,3,sil
10.579633474349976,14,24,30,29,14,12,7,0,1,8,17,8,7,5,sil
10.579633474349976,9,9,23,25,7,14,11,-6,-7,1,14,0,3,-1,sil
10.595422506332396,-3,4,13,10,-3,7,1,-9,-8,-5,8,-2,-1,-4,sil
10.595422506332396,-12,-4,6,-1,-8,7,7,-3,-1,12,0,-2,-9,1,sil
10.610326528549194,-11,-23,-7,-17,-9,10,25,12,15,28,-13,-8,-9,8,sil
10.610326528549194,-7,-22,-14,-36,-14,2,15,17,22,15,-8,0,4,11,sil
10.62590193748474,-2,-5,-8,-27,-16,-14,-15,0,1,-8,7,9,7,0,sil
10.62590193748474,-6,0,1,-1,-7,-17,-25,-12,-22,-20,2,2,-11,-13,sil
10.641056299209597,-17,-3,2,3,-2,0,-10,-15,-22,-21,-19,-13,-27,-17,sil
10.641056299209597,-18,-4,-10,-7,-1,10,1,-17,-20,-30,-33,-23,-27,-22,sil
10.657031059265137,-7,-6,-6,-8,5,3,5,-12,-21,-24,-30,-16,-25,-13,sil
10.657031059265137,-1,0,0,8,7,5,15,0,-4,8,-15,-12,-12,4,sil
10.673243284225464,0,4,-4,11,7,17,23,2,13,26,-5,-8,3,14,sil
10.673243284225464,2,-3,-15,-1,11,12,16,5,19,10,-11,-4,3,9,sil
10.688304901123049,0,-18,-20,-12,0,-8,-1,10,15,-1,-18,-11,-7,-2,sil
10.688304901123049,-5,-21,-22,-17,-15,-20,-17,6,3,0,-11,-9,-5,-6,sil
10.703920364379885,-1,-8,-21,-15,-9,-15,-18,1,0,1,1,4,12,0,sil
10.703920364379885,15,12,3,2,10,-11,-14,5,6,1,17,22,26,8,sil
10.719014883041382,26,25,31,19,12,-9,-16,5,6,2,36,35,32,9,sil
10.719014883041382,21,21,27,20,0,-7,-16,-3,-1,6,44,32,27,3,sil
10.734244108200071,10,21,22,23,-1,-6,-6,-13,-15,-1,24,16,5,-1,sil
10.734244108200071,2,20,21,28,10,5,0,-13,-14,-12,7,1,-6,-6,sil
10.749346017837524,-2,7,11,14,8,17,1,-11,-6,-7,6,-5,-6,-3,sil
10.749346017837524,-6,-2,3,7,-2,13,10,-10,-9,-1,-2,-12,-17,-1,sil
10.764900922775269,-12,-5,-1,12,-1,7,21,0,-3,4,-14,-18,-17,-5,sil
10.764900922775269,-16,-15,-7,-13,0,11,20,14,16,18,-9,-10,0,0,sil
10.78092908859253,-10,-29,-20,-47,-10,14,13,14,22,17,-12,-12,-4,9,sil
10.78092908859253,-11,-32,-30,-39,-16,-2,0,9,3,-3,-33,-23,-21,4,sil
10.797001361846924,-17,-23,-21,-19,-13,-21,-16,8,-7,-12,-30,-14,-7,-5,sil
10.797001361846924,-2,-4,-11,-12,-10,-19,-22,9,-1,-11,6,7,23,0,sil
10.813003778457642,12,10,1,-8,0,-9,-18,7,0,-14,28,18,27,5,sil
10.813003778457642,9,17,11,0,4,-12,-16,-5,-10,-11,13,11,7,-6,sil
10.828871726989746,6,23,17,15,3,-13,-11,-11,-12,-2,0,9,0,-13,sil
10.828871726989746,7,27,24,29,9,7,4,-2,-1,3,10,12,5,-1,sil
10.84395980834961,0,8,12,19,10,23,19,-3,1,7,10,-2,-5,-4,sil
10.84395980834961,-9,-9,-7,0,2,15,19,-13,-3,8,-9,-14,-24,-8,sil
10.859972476959229,-3,-1,-5,13,7,16,21,-2,9,21,-10,-2,-9,8,sil
10.859972476959229,4,5,1,26,14,20,25,13,30,29,0,2,4,24,sil
10.876071214675903,5,-6,-6,0,0,1,4,6,21,5,-2,1,0,17,sil
10.876071214675903,12,-5,-12,-21,-12,-18,-19,0,9,-7,5,7,9,5,sil
10.892135620117188,20,8,5,-3,0,-10,-12,11,11,0,14,18,19,6,sil
10.892135620117188,10,5,13,7,11,2,2,9,1,-9,4,11,1,0,sil
10.90783715248108,0,0,4,-2,4,-3,-3,-2,-14,-23,3,0,-4,-13,sil
10.90783715248108,0,4,11,-1,-3,-9,-3,-8,-20,-13,1,-5,-4,-10,sil
10.922897100448608,-8,-4,7,7,-3,3,16,-10,-20,-1,-22,-19,-25,-6,sil
10.922897100448608,-20,-17,-15,-6,-1,9,21,-3,-11,1,-32,-22,-28,-2,sil
10.938963890075684,-7,-7,-19,-22,-2,-5,1,6,6,6,-4,-1,4,4,sil
10.938963890075684,6,0,-9,-17,-8,-21,-17,-1,1,-3,18,10,18,2,sil
10.954184770584106,-4,-2,0,-6,-7,-13,-18,-21,-18,-19,10,3,2,-7,sil
10.954184770584106,-17,-3,-2,1,-1,9,-6,-23,-19,-6,-3,-11,-5,-14,sil
10.969957828521729,-13,-8,-6,2,-1,12,-6,-8,-10,11,-10,-12,-4,-5,sil
10.969957828521729,1,-7,0,0,-3,-4,-14,7,1,16,5,9,13,13,sil
10.986021518707275,14,9,12,3,-1,-6,-17,9,7,7,30,26,31,13,sil
10.986021518707275,9,17,22,14,-1,0,-20,-2,-7,-8,19,11,8,-7,sil
11.002055883407593,-2,4,12,16,2,0,-7,0,-7,-3,-7,-17,-15,-11,sil
11.002055883407593,-5,-5,0,4,5,11,17,19,17,20,-10,-15,-5,8,sil
11.017235040664673,-4,-7,-7,-4,-2,20,26,23,26,17,-6,-2,0,10,sil
11.017235040664673,-2,-12,-16,-9,-3,10,19,15,17,-1,-13,-4,-8,-4,sil
11.033460140228271,9,-8,-5,-10,5,2,14,12,13,-3,-11,6,1,5,sil
11.033460140228271,15,10,5,0,5,0,6,0,6,-6,0,17,12,7,sil
11.049000978469849,2,18,-3,6,-1,-16,-7,-17,-3,-24,-6,2,-2,-15,sil
11.049000978469849,0,5,-9,-4,-5,-22,-16,-10,-6,-28,-5,-2,-7,-17,sil
11.064278841018677,10,3,0,-3,1,-8,-13,0,-5,-10,17,8,7,3,sil
11.064278841018677,0,10,11,8,11,2,-1,-8,-9,4,16,0,0,4,sil
11.080239534378052,-14,3,5,12,4,9,9,-15,-7,14,-6,-18,-16,-7,sil
11.080239534378052,-10,-1,-3,11,-2,13,16,0,2,22,-11,-12,-14,0,sil
11.094919919967651,-4,-2,-1,11,6,14,21,12,12,18,-3,-4,-6,9,sil
11.110084533691406,-9,-8,-7,1,7,15,20,12,18,8,-3,-13,0,10,sil
11.110084533691406,-5,-10,-7,-16,-1,8,8,10,20,10,-8,-6,6,12,sil
11.12607765197754,4,-5,-4,-21,-1,-6,-2,11,13,17,-2,5,5,7,sil
11.12607765197754,2,-10,-11,-17,-1,-14,-15,3,-1,2,6,1,0,-1,sil
11.141249895095823,0,-6,-6,-17,-8,-11,-23,-10,-15,-19,9,3,7,-1,sil
11.141249895095823,17,11,12,0,-6,-15,-19,-14,-18,-13,21,27,22,9,sil
11.156383752822876,29,22,28,18,0,-24,-20,-9,-17,0,34,41,22,14,sil
11.156383752822876,9,16,13,4,-2,-14,-26,-11,-20,-13,20,17,9,-1,sil
11.172292470932009,-5,3,0,-6,-3,-1,-15,-12,-24,-28,0,-8,-6,-18,sil
11.172292470932009,0,-3,13,8,1,2,9,-1,-17,-15,-1,-6,-12,-10,sil
11.187360763549805,-3,-4,11,15,5,15,29,4,0,3,-4,-8,-11,-4,sil
11.187360763549805,-21,-10,-5,1,3,20,28,0,0,7,-19,-17,-19,-14,sil
11.20349407196045,-23,-20,-10,0,-1,7,18,0,0,10,-28,-20,-25,-16,sil
11.20349407196045,-13,-25,-14,-7,-9,-7,3,7,11,9,-30,-19,-12,-4,sil
11.21896767616272,-9,-21,-23,-24,-11,-14,-14,5,10,-11,-17,-7,1,-5,sil
11.21896767616272,0,1,-9,-6,-3,-12,-19,-2,-2,-20,8,9,4,-12,sil
11.23406171798706,12,28,19,26,9,-1,-8,0,-1,-1,17,17,8,0,sil
11.23406171798706,11,22,20,25,10,11,0,1,5,9,6,8,13,14,sil
11.250141143798828,2,0,-3,7,1,18,2,-2,3,5,-1,-3,7,7,sil
11.250141143798828,-5,-1,-6,1,2,20,4,-2,7,12,-8,-7,2,4,sil
11.266254186630247,-2,3,0,2,10,23,14,7,22,28,-10,-8,10,10,sil
11.266254186630247,8,2,0,0,7,23,22,18,28,27,-2,1,15,18,sil
11.281857013702393,14,3,-4,-6,0,14,11,20,22,10,6,12,14,21,sil
11.281857013702393,15,2,-6,-10,-2,-9,-6,10,16,-4,13,11,18,12,sil
11.29792857170105,18,6,0,-8,0,-36,-17,-5,2,-13,18,9,9,1,sil
11.29792857170105,12,18,9,0,3,-29,-18,-19,-19,-14,13,1,-14,-12,sil
11.313381671905518,-4,15,7,6,3,-4,-12,-20,-36,-14,-1,-16,-33,-27,sil
11.313381671905518,-19,1,4,9,-3,2,0,-13,-29,-10,-12,-24,-30,-19,sil
11.328927516937256,-18,0,1,8,-9,-1,8,0,-7,-2,-7,-11,-15,0,sil
11.328927516937256,-13,-10,-2,0,-9,-2,12,10,0,0,-3,-2,-13,1,sil
11.344818830490112,-18,-31,-18,-13,-16,-7,6,9,5,3,-10,-8,-17,-2,sil
11.344818830490112,-14,-31,-25,-30,-15,-15,-6,6,15,9,-12,0,0,5,sil
11.360221147537231,3,-16,-10,-35,-4,-12,-7,4,9,3,2,22,23,10,sil
11.360221147537231,12,-12,-2,-20,-2,-7,-3,-3,-4,-7,17,23,22,4,sil
11.375491380691528,8,-3,0,-3,0,-5,-10,-9,-10,-12,15,20,11,1,sil
11.375491380691528,10,11,11,5,8,0,-8,-7,-14,-17,10,16,5,-6,sil
11.39036250114441,8,13,20,19,14,10,0,-10,-23,-23,8,1,-4,-15,sil
11.39036250114441,0,17,23,33,16,21,2,-8,-10,-6,3,-3,-10,-7,sil
11.40586519241333,0,23,12,34,20,26,7,4,8,18,0,-2,-2,1,sil
11.40586519241333,0,12,9,24,17,22,15,6,6,14,-3,-6,3,5,sil
11.421531915664673,-5,1,6,17,6,20,13,-2,10,11,-2,-8,6,11,sil
11.421531915664673,-12,-1,-11,0,-2,11,3,0,20,22,-12,-11,4,8,sil
11.437225341796877,-16,-15,-26,-24,-7,-5,-4,11,13,11,-27,-20,-3,-3,sil
11.437225341796877,-5,-16,-22,-19,-5,-12,0,20,20,10,-6,-13,6,0,sil
11.45341682434082,16,3,-1,-4,0,-12,4,20,31,28,22,11,29,16,sil
11.45341682434082,30,11,9,-6,-3,-18,0,4,4,5,13,20,22,8,sil
11.469348907470703,21,6,7,-8,-12,-26,-12,-11,-28,-35,-8,5,-5,-6,sil
11.469348907470703,4,7,13,-1,-15,-21,-18,-18,-30,-37,-6,-4,-18,-7,sil
11.484950065612791,1,6,13,1,-4,0,0,-13,-14,-11,0,-5,-13,-6,sil
11.484950065612791,-1,-1,8,7,3,10,12,-1,-8,0,-3,0,-13,-7,sil
11.501035451889038,-18,-9,2,14,0,6,11,0,-6,-3,-8,-3,-18,-11,sil
11.501035451889038,-25,-12,-3,7,-2,10,17,-4,0,1,-10,-9,-17,-8,sil
11.51709008216858,-9,-7,-2,1,1,18,18,4,14,30,-5,-1,-6,13,sil
11.51709008216858,0,-3,-6,1,7,7,2,10,16,30,0,1,2,14,sil
11.533186197280884,-5,-8,-20,-10,1,-14,-19,0,0,-11,-5,-3,0,-5,sil
11.533186197280884,-7,-13,-23,-24,-6,-15,-32,-4,-10,-26,-9,0,1,-7,sil
11.54911184310913,-3,-7,-17,-21,-4,-9,-37,0,-9,-11,7,2,4,-3,sil
11.54911184310913,0,2,-9,-19,1,-16,-34,-5,-11,-12,19,6,4,-10,sil
11.563981294631958,4,7,-9,-19,-3,-19,-26,-17,-19,-14,12,9,4,-10,sil
11.564366340637209,5,11,6,-2,-7,-7,-9,-14,-17,-9,9,8,1,-1,sil
11.579046487808228,13,16,27,24,2,18,23,7,0,-6,15,2,1,0,sil
11.579046487808228,7,11,14,29,8,37,46,19,12,-4,5,-7,2,0,sil
11.595240831375122,-15,-2,-1,6,0,27,41,10,9,4,-12,-14,-9,6,sil
11.595240831375122,-10,-9,3,-5,-2,14,33,12,18,25,-11,-10,-7,10,sil
11.610832452774048,19,-3,8,0,1,9,23,24,35,34,3,6,21,19,sil
11.610832452774048,24,8,3,4,3,-2,3,16,30,18,17,28,39,23,sil
11.62643313407898,12,20,9,8,8,-16,-13,0,7,-1,28,33,23,7,sil
11.62643313407898,8,16,19,18,13,-9,-14,-13,-9,-10,13,19,-1,-5,sil
11.64219355583191,2,0,5,22,11,5,-1,-19,-10,-1,-10,-3,-8,-4,sil
11.64219355583191,-10,-4,-3,19,9,12,3,-9,-2,8,-12,-16,-2,0,sil
11.657450675964355,-7,4,10,28,12,17,5,3,8,8,-3,-11,0,6,sil
11.657450675964355,5,6,14,32,13,14,11,1,10,12,-6,-9,-4,9,sil
11.673323392868042,-8,-17,-11,-6,0,-9,-2,-11,-6,14,-25,-21,-19,-2,sil
11.673323392868042,-38,-42,-43,-48,-24,-32,-27,-20,-24,-9,-43,-37,-34,-28,sil
11.688921451568604,-30,-24,-33,-41,-25,-22,-20,-10,-21,-28,-36,-30,-28,-23,sil
11.688921451568604,-2,0,-3,-18,-11,-4,-2,3,-7,-11,-14,-8,-10,3,sil
11.704045295715332,-1,-8,-9,-21,-19,-15,-13,6,2,0,-2,1,-1,2,sil
11.704045295715332,-2,-12,-15,-31,-23,-24,-22,4,0,-14,5,14,5,-12,sil
11.719998598098757,19,14,2,-16,-1,-11,-7,9,-7,-12,24,27,27,-3,hello
11.719998598098757,27,26,19,4,11,-1,-1,7,-4,5,34,26,36,10,hello
11.735919952392578,15,14,20,1,6,3,0,-2,0,-1,21,13,18,3,hello
11.735919952392578,9,3,9,-1,7,9,8,-6,-7,-21,6,1,-2,-10,hello
11.750932931900024,3,4,10,4,9,2,3,-3,-12,-17,7,4,-11,-3,hello
11.750932931900024,-3,7,18,4,1,0,-2,-4,-7,-3,14,8,-13,6,hello
11.766154050827026,-5,0,5,3,-2,3,4,-4,-1,0,5,-3,-18,0,hello
11.766154050827026,-9,-10,-7,10,0,10,10,0,3,4,-18,-18,-22,-7,hello
11.78220510482788,-12,-7,-6,13,3,20,15,4,8,14,-22,-20,-17,-8,hello
11.78220510482788,-2,-2,2,18,3,21,19,4,8,19,-1,-1,-2,4,hello
11.797800064086914,6,-7,-1,22,7,15,15,8,14,24,10,10,8,17,hello
11.797800064086914,1,-7,-17,7,9,10,13,11,23,21,-1,-1,9,15,hello
11.812910795211792,-2,-3,-19,-11,5,6,8,6,22,6,-2,0,16,11,hello
11.812910795211792,1,0,-11,-10,0,0,5,11,22,9,17,16,31,11,hello
11.828356742858888,5,7,-5,-4,0,-6,0,10,15,10,19,15,28,6,hello
11.828356742858888,4,15,-2,-6,-4,-7,-11,-8,-6,-16,4,0,11,-7,hello
11.844327211380005,0,16,1,-3,-4,-4,-17,-15,-18,-26,-4,-6,2,-16,hello
11.844327211380005,-3,17,14,15,5,0,-11,-5,-9,-7,-5,0,-4,-14,hello
11.85899257659912,0,10,22,31,5,3,0,-8,-3,0,1,-1,-5,-8,hello
11.875304698944092,0,-3,18,17,-3,-2,1,-12,-9,0,0,-5,0,0,hello
11.875304698944092,0,-10,8,4,-7,-9,0,-2,-10,14,-13,-1,-3,7,hello
11.891348361968994,-1,-13,-2,4,-15,-7,-6,2,-3,19,-15,-5,-5,1,hello
11.891348361968994,-5,-12,-2,-5,-17,-13,-10,0,-1,8,-5,-10,0,0,hello
11.891348361968994,2,-5,0,-15,-2,-24,-9,5,0,-3,-1,0,8,15,hello
11.907344102859495,19,0,0,-11,2,-26,-13,7,0,-18,0,16,8,17,hello
11.907344102859495,20,5,6,-6,-2,-17,-22,-8,-15,-25,5,18,0,-1,hello
11.923356771469116,2,12,11,1,2,0,-17,-19,-31,-24,1,2,-15,-12,hello
11.923356771469116,-7,8,5,7,9,13,3,-4,-17,-15,-10,-7,-28,-5,hello
11.938915252685549,-4,-1,-7,1,6,19,26,15,14,9,-3,-7,-21,-1,hello
11.938915252685549,-7,-6,-13,-9,3,23,31,17,20,19,1,-9,-10,0,hello
11.953803777694702,-14,-13,-16,-24,1,19,15,3,1,-6,-13,-14,-13,-5,hello
11.953803777694702,-5,-12,-22,-28,-1,4,0,-4,-5,-25,-4,-9,-10,-17,hello
11.969822645187378,7,3,-1,-2,4,4,-2,0,1,-10,23,12,5,-4,hello
11.969822645187378,0,7,16,16,6,16,6,0,4,4,11,9,6,4,hello
11.985265970230104,-23,-13,-8,-5,0,12,11,-4,0,0,-24,-19,-12,-8,hello
12.00088882446289,-32,-24,-30,-29,0,0,7,-1,4,3,-26,-30,-13,-12,hello
12.00088882446289,-26,-15,-26,-22,-1,-7,0,7,13,18,-10,-20,0,-5,hello
12.016543626785278,-15,-13,-18,-18,-8,-14,-11,3,6,12,-11,-7,-1,-6,hello
12.016543626785278,0,-5,-12,-15,-5,-10,-12,-2,4,0,0,3,1,-6,hello
12.032867908477783,17,19,13,4,1,-6,-5,1,12,8,25,16,23,0,hello
12.032867908477783,18,28,36,25,0,0,2,2,8,20,25,19,24,0,hello
12.053490400314333,15,11,28,31,5,14,16,1,9,24,7,9,12,8,hello
12.053490400314333,22,0,14,17,7,8,18,11,28,23,15,13,23,29,hello
12.053490400314333,29,1,6,0,-2,-12,-3,11,22,12,31,25,40,30,hello
12.06314992904663,23,14,11,11,-5,-18,-24,-14,-11,-5,24,24,24,7,hello
12.079166650772097,11,21,31,39,4,-1,-11,-26,-22,-17,5,13,-4,3,hello
12.079166650772097,3,9,13,32,8,10,10,-5,-12,-10,-9,-1,-9,14,hello
12.095266103744509,-1,-1,-18,-5,1,-5,-6,1,-26,-11,-17,-2,-2,2,hello
12.095266103744509,-3,4,-7,-3,-6,-25,-35,-10,-45,-28,-6,2,-5,-20,hello
12.11113691329956,-2,14,20,35,-3,-8,-13,-5,-31,-22,3,-3,-15,-11,hello
12.11113691329956,0,7,18,32,1,12,13,12,3,11,-1,-4,-11,15,hello
12.126385688781738,0,-9,-10,-12,-8,0,0,12,18,14,-9,-5,-2,10,hello
12.126385688781738,-2,-14,-20,-28,-13,-15,-12,0,-1,-23,-11,-6,-7,-8,hello
12.142053365707396,3,0,0,-6,0,-1,10,-1,-7,-24,0,2,-7,-5,hello
12.142053365707396,7,3,14,2,1,6,14,2,9,7,20,15,4,2,hello
12.157179355621338,-2,2,21,4,0,4,-1,0,9,10,23,17,4,0,hello
12.157179355621338,-10,4,9,17,9,21,13,-1,3,2,9,2,-2,-5,hello
12.17344880104065,-21,-13,-20,0,6,31,28,0,17,18,-10,-18,-8,-3,hello
12.17344880104065,-29,-39,-41,-37,-10,13,11,5,23,21,-23,-23,-11,0,hello
12.18857717514038,-16,-32,-31,-41,-8,-7,-2,7,13,1,-20,-13,-6,-5,hello
12.18857717514038,-2,-14,-15,-30,2,-15,-1,2,5,-1,-17,-6,-1,-9,hello
12.20388960838318,-5,-6,-20,-32,1,-9,-3,-2,2,4,-14,-10,0,-9,hello
12.20388960838318,-7,5,-20,-26,1,0,-8,-2,-10,-13,-9,-17,-3,-17,hello
12.219095945358276,-13,9,-11,-16,10,5,-7,-9,-25,-27,-18,-27,-22,-23,hello
12.219095945358276,-19,0,-12,-9,13,11,2,-12,-17,-9,-35,-37,-33,-17,hello
12.234302759170532,-7,-1,-12,-5,4,11,4,1,1,4,-35,-26,-19,-1,hello
12.234302759170532,3,-8,-18,-22,-5,-6,-5,10,7,3,-9,-8,8,2,hello
12.250259637832642,6,-12,-16,-34,-10,-26,-15,2,-2,-7,6,1,16,0,hello
12.250259637832642,17,8,14,5,-4,-15,-10,-3,-9,-20,9,10,8,0,hello
12.26494026184082,21,25,41,47,9,11,7,0,2,1,24,21,11,9,hello
12.26494026184082,13,17,47,41,16,21,18,9,20,43,36,32,21,19,hello
12.280981540679932,14,12,41,33,3,18,17,9,18,37,23,28,11,18,hello
12.280981540679932,13,8,27,33,-7,10,9,4,9,2,12,22,0,20,hello
12.296569585800173,11,5,26,27,-2,-4,0,0,11,1,28,39,19,26,hello
12.296569585800173,24,15,21,30,0,-16,-10,1,6,12,49,46,39,18,hello
12.313104629516602,25,17,9,24,-8,-20,-22,0,-16,-3,39,26,23,0,hello
12.313104629516602,2,7,1,0,-13,-28,-27,-12,-28,-29,10,3,3,-15,hello
12.329100370407104,-10,6,2,-1,-9,-26,-13,-23,-23,-36,-5,-6,-7,-15,sil
12.329100370407104,-9,4,-2,11,-3,-4,5,-17,-18,-25,-12,-15,-24,-7,sil
12.34406328201294,-11,-7,-16,6,-3,11,9,-4,-10,0,-21,-26,-23,-4,sil
12.34406328201294,-15,-17,-23,-12,-6,6,0,5,7,22,-26,-23,-6,3,sil
12.35949182510376,-12,-20,-24,-27,-4,0,2,15,28,32,-18,-9,0,16,sil
12.35949182510376,-4,-16,-23,-25,-2,0,4,15,29,26,-4,1,8,16,sil
12.37464714050293,9,-4,-9,-10,-2,-3,0,2,3,3,3,11,19,8,sil
12.37464714050293,18,5,0,0,3,1,-2,-6,-18,-22,0,6,6,-4,sil
12.390294790267944,0,7,1,-9,12,9,-1,-7,-19,-38,-13,-9,-17,-22,sil
12.390294790267944,-14,6,1,-6,21,15,6,-7,-5,-21,-13,-16,-20,-29,sil
12.40580415725708,-9,2,4,10,26,23,10,-3,1,4,-2,-16,-10,-14,sil
12.40580415725708,-6,-7,5,3,13,22,1,-3,-4,6,-11,-21,-12,1,sil
12.421313285827637,-12,-16,-1,-10,-4,8,3,0,-2,6,-17,-22,-10,3,sil
12.421313285827637,-16,-17,-10,-8,-6,1,15,16,10,23,-5,-9,0,2,sil
12.43739652633667,-13,-19,-18,-13,-6,0,16,25,15,21,-3,0,9,2,sil
12.43739652633667,0,-16,-22,-24,-15,-5,5,14,13,-2,-2,4,10,1,sil
12.4531831741333,10,0,-5,-17,-6,-7,-1,6,14,-14,12,17,1,0,sil
12.4531831741333,8,7,3,-6,5,-10,-3,1,8,-9,10,8,-5,-8,sil
12.46839189529419,2,5,6,1,2,-10,-5,-9,-8,-10,-5,-9,-16,-14,sil
12.46839189529419,-3,10,13,11,0,3,-4,-14,-14,-1,-3,-10,-20,-9,sil
12.484345197677612,-5,16,9,15,4,14,6,0,1,23,8,-5,-5,3,sil
12.484345197677612,0,12,-1,13,2,4,7,10,12,25,5,2,7,16,sil
12.499807119369509,0,1,-11,4,-8,-9,-10,-2,4,0,0,12,12,17,sil
12.499807119369509,0,-4,-11,-10,-9,-18,-25,-15,-4,-5,2,18,20,11,sil
12.515163898468018,10,1,-2,-6,2,-19,-22,-5,-5,-1,7,20,22,2,sil
12.515163898468018,13,7,0,4,0,-17,-25,-3,-18,-24,3,11,1,-10,sil
12.530762434005736,2,6,7,1,-5,-20,-27,-22,-34,-41,-2,2,-16,-15,sil
12.530762434005736,0,9,21,5,4,-12,-6,-14,-17,-15,4,1,-2,-10,sil
12.546297788619995,4,12,24,15,7,5,8,8,3,8,10,1,11,0,sil
12.546297788619995,8,10,25,20,0,14,10,8,2,10,14,2,9,9,sil
12.561808347702026,14,10,22,27,1,15,18,-2,-1,11,17,6,7,17,sil
12.561808347702026,6,0,12,22,6,23,24,1,0,11,1,0,-1,14,sil
12.57783317565918,-11,-18,-5,2,-2,22,20,13,6,14,-16,-21,-14,1,sil
12.57783317565918,-12,-25,-21,-19,-10,-4,12,15,19,13,-17,-23,-8,0,sil
12.594028234481812,-2,-17,-19,-31,-9,-18,4,4,21,1,-10,-4,2,5,sil
12.594028234481812,-2,-16,-16,-26,-1,0,5,3,14,0,-3,4,5,0,sil
12.61003851890564,-1,-8,-5,-16,5,3,2,10,4,0,3,13,10,1,sil
12.61003851890564,14,18,10,-1,2,-2,-7,0,0,-10,13,21,16,0,sil
12.62517786026001,17,28,15,17,0,7,-6,-9,4,-7,13,11,7,-7,sil
12.62517786026001,-2,5,4,13,3,18,3,0,7,6,0,-2,-10,-9,sil
12.640387535095217,-14,-6,-4,2,6,10,0,-1,0,5,-10,-10,-16,-10,sil
12.640387535095217,-19,-2,0,13,4,4,-7,-11,-7,0,-17,-14,-15,-8,sil
12.656396389007568,-16,-9,-6,14,0,11,1,-4,-9,7,-20,-18,-17,0,sil
12.656396389007568,0,-18,-17,-5,-3,4,6,5,-6,14,-12,-16,-11,4,sil
12.672935485839844,2,-13,-11,-16,-7,-16,-5,7,1,1,0,0,0,6,sil
12.672935485839844,-3,-7,-12,-17,-5,-24,-8,4,8,-20,0,3,5,0,sil
12.688884973526,3,-2,-15,-20,0,-22,-6,0,0,-27,-5,0,2,-12,sil
12.688884973526,7,0,-11,-18,0,-20,-18,-7,-15,-18,-4,1,0,-17,sil
12.704110622406006,0,1,-9,-11,-8,-13,-23,-12,-18,-12,7,5,5,-9,sil
12.704110622406006,3,18,6,2,0,-3,-14,-9,-11,-4,23,12,14,0,sil
12.719656944274902,15,37,29,30,15,2,-1,0,0,11,38,18,22,13,sil
12.719656944274902,6,22,26,33,13,7,6,3,0,18,25,6,9,14,sil
12.735342979431152,-11,-1,3,10,0,11,16,-4,-9,6,-8,-16,-10,-2,sil
12.735342979431152,-18,-4,-5,0,-5,13,20,-1,-7,0,-19,-19,-22,-9,sil
12.750842571258543,-14,-2,5,4,0,14,19,3,0,5,-4,-4,-21,2,sil
12.750842571258543,-4,-4,5,9,0,18,22,0,2,13,-4,-1,-8,10,sil
12.766859769821169,3,-7,2,1,3,10,14,3,6,7,-14,-1,0,11,sil
12.766859769821169,3,-15,-1,-15,3,-6,0,13,17,-3,-9,0,0,9,sil
12.782038927078249,2,-18,-13,-23,0,-8,-6,12,21,-4,-2,2,5,3,sil
12.782038927078249,6,-6,-9,-12,-1,1,-8,6,18,10,-1,11,18,7,sil
12.797071933746338,15,2,3,-3,-1,0,-5,8,19,26,9,19,31,17,sil
12.797071933746338,18,6,2,-11,-3,-5,-1,7,14,10,21,20,28,15,sil
12.8131685256958,13,8,-3,-16,-3,-2,-9,-5,-3,-25,5,12,1,-1,sil
12.8131685256958,3,2,-3,-2,-3,-5,-18,-14,-20,-36,-14,-5,-18,-24,sil
12.828073740005491,-1,4,6,5,-4,-11,-13,-12,-21,-23,-7,-9,-16,-25,sil
12.843267679214478,0,11,14,3,-5,-10,-12,-14,-18,-13,5,-1,-9,-18,sil
12.843267679214478,2,8,14,5,-2,-6,-13,-9,-19,-10,0,-6,-12,-16,sil
12.857926845550535,0,8,17,24,8,10,6,0,-9,2,0,-10,-12,-12,sil
12.857926845550535,-7,8,9,32,14,22,24,-4,1,12,0,-11,-5,-5,sil
12.874126195907593,-16,-5,-2,13,0,6,7,-9,-3,3,-12,-11,-10,0,sil
12.874126195907593,-19,-13,-11,0,-10,-1,-1,2,-1,4,-13,-11,-11,8,sil
12.88957691192627,-11,-13,-17,-2,0,3,8,13,16,23,-1,-3,7,17,sil
12.88957691192627,0,-17,-11,-7,5,0,13,19,34,40,1,8,28,26,sil
12.904781341552734,0,-16,-9,-7,0,-10,2,17,35,30,5,10,29,24,sil
12.904781341552734,-4,-13,-20,-14,-4,-21,-16,-2,5,-6,4,0,4,1,sil
12.92082142829895,-1,-7,-25,-21,-3,-19,-17,-18,-23,-32,-2,-7,-8,-22,sil
12.92082142829895,11,9,-6,-1,3,-1,-1,-12,-23,-24,3,2,0,-15,sil
12.936352968215942,13,21,13,12,10,4,-2,-8,-19,-19,14,16,0,-2,sil
12.936352968215942,0,18,11,6,6,0,-11,-8,-21,-20,8,6,-11,-9,sil
12.951879262924194,-5,18,21,17,0,10,0,1,-12,-7,5,-1,-10,-9,sil
12.951879262924194,8,14,31,18,3,24,26,14,6,19,16,4,3,10,sil
12.96729588508606,13,-2,13,-11,5,19,37,21,27,42,18,9,15,25,sil
12.96729588508606,-1,-9,5,-10,-3,11,28,15,33,28,2,7,4,15,sil
12.982866764068604,-3,-3,2,12,-11,6,10,3,16,0,-19,-4,-13,0,sil
12.982866764068604,0,-11,-14,-3,-5,-3,0,3,-2,-4,-27,-14,-15,2,sil
12.998129606246948,-14,-28,-29,-33,-2,-3,-10,4,-4,-5,-20,-12,-8,4,sil
12.998129606246948,-20,-27,-33,-37,-10,-8,-28,-5,-5,-29,-27,-12,-16,-14,sil
13.013900995254517,-12,-12,-30,-31,-13,-24,-37,-15,-18,-42,-35,-18,-22,-30,sil
13.01424479484558,-1,4,-17,-12,-4,-24,-22,-14,-16,-20,-4,-14,0,-28,sil
13.029258966445925,13,22,5,10,7,-11,-9,-8,0,13,37,15,30,-4,sil
13.029258966445925,24,30,24,17,7,-7,-7,-5,2,23,41,38,40,21,sil
13.0450758934021,23,25,31,22,0,-6,-8,-6,-13,3,24,25,19,19,sil
13.0450758934021,26,26,43,41,9,0,-6,0,-17,-11,18,12,3,10,sil
13.060420989990234,25,27,34,48,21,13,6,7,0,-4,19,8,9,13,sil
13.060420989990234,0,6,11,23,15,29,19,2,13,3,0,-10,0,5,sil
13.07630205154419,-22,-14,-3,2,1,26,17,-6,7,14,-19,-27,-18,-10,sil
13.07630205154419,-25,-21,-11,3,-3,11,14,0,0,17,-16,-20,-16,-10,sil
13.091810941696169,-21,-19,-9,-1,-3,2,18,5,0,8,-14,-8,-12,0,sil
13.091810941696169,-9,-17,-6,-19,-2,2,22,8,10,5,-14,-3,-7,6,sil
13.10785150527954,4,-17,-16,-34,-5,0,11,10,8,0,-10,1,4,6,sil
13.10785150527954,0,-15,-20,-32,-5,-3,-3,9,0,-11,-10,2,3,2,sil
13.12303352355957,-14,-9,-20,-18,-1,1,-8,11,5,0,-5,-3,1,-5,sil
13.12303352355957,-13,-4,-24,-21,-4,-2,-12,4,12,9,1,0,6,-18,sil
13.139076232910156,-3,-1,-20,-24,-13,-18,-22,-18,0,-6,-1,0,-5,-28,sil
13.139076232910156,-2,3,2,0,-3,-18,-20,-25,-13,-17,-9,-7,-25,-20,sil
13.154618978500366,-7,0,8,19,4,-4,-5,-13,-13,-8,-17,-12,-25,-3,sil
13.154618978500366,-12,-13,-11,-1,-11,-6,0,-2,-1,-3,-19,-10,-15,5,sil
13.16968560218811,-2,-10,-5,-14,-17,-15,-2,9,9,0,2,11,2,15,sil
13.16968560218811,21,14,25,8,4,-11,0,15,12,10,39,35,27,17,sil
13.184924364089966,25,31,31,29,14,-1,3,1,-3,7,38,18,17,7,sil
13.184924364089966,5,20,22,26,0,11,8,-4,-12,0,5,-9,-14,0,sil
13.201021432876589,6,5,11,17,-1,18,14,11,9,10,0,-1,0,6,sil
13.201021432876589,29,10,16,8,10,5,7,17,19,17,30,32,42,26,sil
13.21686553955078,42,25,25,12,18,-2,-5,-4,-6,0,46,39,48,25,sil
13.21686553955078,26,20,23,24,17,9,-7,-16,-25,-8,24,12,17,7,sil
13.23189902305603,-4,-1,8,18,9,19,8,-1,-9,4,-3,-8,-3,5,sil
13.23189902305603,-19,-16,-12,0,0,15,26,5,13,18,-16,-21,-6,1,sil
13.247952461242676,-28,-20,-26,-12,-3,9,11,-1,13,3,-33,-34,-18,-18,sil
13.263582944869995,-29,-26,-31,-22,-6,0,-8,0,0,-14,-37,-26,-23,-24,sil
13.263582944869995,-7,-18,-25,-27,-6,-12,-9,10,-2,-11,-13,7,0,-3,sil
13.263582944869995,2,-1,-12,-28,-7,-16,-14,2,0,-15,1,20,11,-1,sil
13.279145002365112,-14,-2,-12,-23,-14,-20,-30,-18,-14,-32,-8,-6,-6,-26,sil
13.279145002365112,-16,-3,-5,-8,-10,-22,-31,-24,-29,-28,-15,-18,-20,-28,sil
13.294817209243774,1,15,10,13,5,0,-12,-14,-19,-9,-5,-8,-13,-7,sil
13.294817209243774,0,21,7,21,3,11,3,-6,-7,-1,2,-8,-7,0,sil
13.310893297195436,-14,1,0,9,-8,0,5,-4,-6,0,-3,-15,-13,0,sil
13.310893297195436,-12,-10,-7,0,-6,3,13,1,2,5,-21,-26,-22,0,sil
13.326043844223022,-2,-13,-21,-11,2,18,29,12,12,3,-43,-29,-27,4,sil
13.326043844223022,0,-11,-20,-9,5,18,29,19,20,4,-38,-16,-20,8,sil
13.341658353805542,1,-1,-4,6,8,13,20,24,33,24,4,3,6,13,sil
13.341658353805542,9,1,5,1,11,3,18,24,34,39,29,19,29,19,sil
13.357317209243774,14,-8,0,-19,6,-12,8,12,16,27,23,23,31,9,sil
13.357317209243774,24,-2,10,-14,-7,-19,-10,1,7,16,41,40,34,9,sil
13.373353004455566,35,13,26,5,-11,-10,-13,2,11,11,62,61,41,22,sil
13.373353004455566,18,7,18,4,-3,-2,-16,-5,-2,-14,35,35,19,8,sil
13.389330625534058,-7,2,14,-1,-1,-4,-28,-22,-29,-34,1,0,-10,-15,sil
13.389330625534058,-4,13,22,9,-1,-5,-24,-22,-25,-14,7,0,-4,-17,sil
13.4048171043396,0,17,23,20,7,0,-14,-14,-6,-1,12,5,5,-10,sil
13.4048171043396,-10,15,22,18,8,4,-6,-15,-6,-2,0,-8,-5,-7,sil
13.420008420944214,-14,6,10,14,-2,6,3,-7,-10,13,-10,-17,-11,-3,sil
13.420008420944214,-8,-7,-4,10,0,9,15,4,-4,21,-20,-12,-10,0,sil
13.436053276062012,-8,-14,-15,0,4,11,21,8,8,11,-23,-20,-17,-2,sil
13.436053276062012,-14,-18,-22,-10,-1,0,16,8,13,4,-25,-29,-18,-2,sil
13.452128887176514,-15,-19,-25,-13,-3,-5,7,7,4,1,-25,-19,-6,0,sil
13.452128887176514,-10,-13,-27,-9,4,2,10,10,3,-9,-19,-8,-1,0,sil
13.468122482299805,2,-4,-19,-8,5,0,8,16,4,-20,-16,-1,-6,10,sil
13.468122482299805,19,1,-6,-2,0,-10,-6,5,-7,-19,-5,2,0,13,sil
13.484361410140991,20,4,-6,-1,-4,-17,-23,-14,-24,-27,10,10,15,-2,sil
13.484361410140991,4,1,-12,-12,-12,-27,-28,-19,-29,-43,6,6,10,-17,sil
13.499979496002195,1,6,-4,-10,-9,-21,-16,-6,-16,-23,3,1,3,-13,sil
13.499979496002195,7,12,19,4,6,6,0,-1,0,5,12,6,0,-3,sil
13.515004634857178,2,10,20,12,9,14,-1,-9,-1,-4,2,-1,-13,-8,sil
13.515004634857178,-1,13,9,11,0,6,-3,-13,-9,-12,-12,-11,-17,-8,sil
13.530739068984984,2,20,21,20,5,18,8,-2,3,15,0,3,-5,8,sil
13.530739068984984,0,10,19,22,11,31,21,11,20,39,15,10,-1,18,sil
13.546393156051636,-3,-1,3,9,9,27,23,18,21,40,13,6,0,17,sil
13.546393156051636,0,-2,-2,2,6,20,24,18,27,32,12,10,18,16,sil
13.561991214752195,-1,-7,-12,-4,-1,3,13,19,31,19,5,2,24,14,sil
14.107587099075316,4,3,0,-12,-12,-8,-10,0,0,-13,22,19,17,-1,sil
14.107587099075316,2,-1,-3,-3,-10,-19,-8,-4,-8,-26,19,16,16,-1,sil
14.12538480758667,-3,0,-6,-9,-3,-17,0,-3,-16,-29,4,-2,0,-9,sil
14.12538480758667,-15,4,-6,-16,-3,-6,-1,-1,-17,-16,-15,-21,-21,-13,sil
14.138892889022827,-24,-2,-8,-8,-9,0,-10,-13,-16,0,-25,-26,-30,-18,sil
14.138892889022827,-21,-7,-1,7,-8,2,-5,-12,-10,5,-22,-17,-24,-14,sil
14.154796361923218,-13,-7,-3,13,0,13,12,4,4,3,-19,-11,-14,-6,sil
14.154796361923218,-9,-7,-15,4,7,23,23,14,14,12,-16,-8,-10,-2,sil
14.170183658599854,-9,-1,-12,-5,9,8,14,11,13,19,-15,-7,-5,4,sil
14.170183658599854,-1,0,-8,-4,0,-17,0,12,16,16,-9,-7,5,7,sil
14.185983419418337,14,0,-7,-6,-1,-20,-11,10,11,6,3,4,20,8,sil
14.185983419418337,26,9,2,-12,9,-9,-13,-1,-5,-10,17,17,24,9,sil
14.20099425315857,23,24,8,0,7,-12,-4,-6,-10,-16,23,13,17,3,sil
14.20099425315857,14,21,12,13,2,-7,-2,0,1,-1,25,11,13,-4,sil
14.216350078582764,7,8,7,13,8,10,-4,-1,2,3,12,3,3,-8,sil
14.216350078582764,-2,0,1,12,16,12,5,-6,-5,-2,-11,-7,-14,-1,sil
14.231871604919434,-13,-7,-2,11,10,9,24,-5,0,0,-17,-9,-16,1,sil
14.247820377349854,-16,-18,-7,2,-1,19,24,-14,-9,-1,-18,-14,-18,-10,sil
14.247820377349854,-16,-22,-2,-2,-7,16,9,-17,-24,-14,-29,-20,-30,-13,sil
14.247820377349854,-11,-17,-5,-6,-10,-2,-2,5,-2,0,-14,-1,-4,6,sil
14.26330590248108,5,-2,-1,-13,-10,-9,-13,21,15,18,20,28,33,17,sil
14.26330590248108,27,22,25,7,3,-3,-18,8,2,2,33,36,29,12,sil
14.27932906150818,27,30,41,36,12,2,-9,0,5,-12,26,21,10,17,sil
14.27932906150818,0,3,18,16,-3,12,6,6,22,6,8,2,9,21,sil
14.294897079467772,-12,-16,-13,-16,-14,10,14,8,20,25,-3,-6,11,10,sil
14.310940265655518,0,-4,-16,-15,-5,-11,-3,-3,1,2,3,-1,6,-1,sil
14.310940265655518,7,4,-3,-5,-1,-24,-22,-27,-24,-30,7,-3,-9,-14,sil
14.310940265655518,-5,-1,-1,-1,-3,-10,-8,-30,-39,-21,-3,-19,-25,-23,sil
14.327007055282593,-10,-5,0,2,0,9,17,-5,-12,14,-8,-10,-18,-7,sil
14.327007055282593,0,-8,-5,1,0,14,16,16,30,35,0,0,5,9,sil
14.343034505844116,1,-13,-13,-5,-3,0,-3,26,35,26,3,-2,12,9,sil
14.343034505844116,0,-6,-11,-18,-4,-13,-11,28,20,5,0,-1,6,0,sil
14.35900592803955,0,-1,-17,-27,-4,-8,-8,15,11,-10,-7,0,3,-15,sil
14.35900592803955,-1,-2,-14,-21,-2,-4,-2,-5,-6,-23,-9,-2,-4,-20,sil
14.374243259429932,-4,10,2,-3,7,-4,3,-14,-29,-30,-6,-6,-15,-15,sil
14.374243259429932,-4,23,11,6,14,-1,1,-13,-31,-28,-10,-13,-25,-14,sil
14.389309167861938,0,17,18,16,14,10,-3,-14,-18,-15,-12,-9,-24,-15,sil
14.389309167861938,2,9,20,25,11,19,-1,-12,-11,-5,-9,0,-18,-11,sil
14.404666185379028,-10,1,4,15,0,8,0,-9,-18,-8,-12,-4,-26,-8,sil
14.420274019241331,-22,-12,-17,5,-11,-2,6,-5,-9,0,-13,-15,-20,0,sil
14.420274019241331,-6,-13,-10,11,-6,2,20,7,18,23,-5,-3,11,26,sil
14.435827493667604,11,-5,9,12,0,4,20,18,28,36,7,16,37,44,sil
14.435827493667604,8,-12,-4,-4,-8,-8,7,18,27,38,19,12,38,30,sil
14.450887441635132,-4,-22,-21,-25,-11,-16,-6,14,25,31,11,1,28,13,sil
14.450887441635132,-2,-10,-14,-24,-4,-12,-15,9,17,10,4,8,21,7,sil
14.466229438781738,15,11,0,-3,2,-5,-8,7,12,-3,23,25,29,9,sil
14.466229438781738,20,18,12,2,10,0,-3,3,7,-8,30,27,28,10,sil
14.481830596923828,9,8,11,-1,11,1,-8,-14,-12,-13,10,6,9,-2,sil
14.481830596923828,6,8,5,-2,4,-3,-11,-19,-21,-14,5,4,-2,-12,sil
14.496880054473875,12,16,13,2,0,-4,-8,-4,-10,-11,17,17,0,-7,sil
14.496880054473875,11,14,24,10,1,-1,-7,-5,-9,-15,9,12,-1,-5,sil
14.512122869491575,10,8,30,16,3,0,0,-9,-14,-11,-3,-1,-13,-6,sil
14.512122869491575,5,2,16,18,0,7,11,-4,-15,-4,-2,-11,-18,-9,sil
14.527307510375977,-10,-7,0,8,-6,11,6,-11,-24,-14,-11,-21,-28,-12,sil
14.527307510375977,-26,-15,-7,-3,-3,12,-1,-17,-20,-18,-29,-29,-41,-20,sil
14.542880058288574,-26,-17,-18,-7,0,11,4,-6,-4,-5,-34,-35,-37,-26,sil
14.542880058288574,-19,-19,-25,-6,-3,8,9,2,-1,0,-29,-28,-23,-15,sil
14.558006286621094,-14,-19,-26,-12,-7,3,8,11,9,4,-16,-10,-6,1,sil
14.558006286621094,-15,-15,-25,-21,-6,-1,10,18,29,18,-9,-1,2,9,sil
14.57353448867798,-12,-5,-21,-16,-4,0,13,14,30,19,-14,-1,3,8,sil
14.57353448867798,-3,4,-13,-3,-4,0,4,8,17,0,-6,1,6,4,sil
14.589088916778564,3,8,3,2,1,-7,-7,7,7,-4,12,16,12,3,sil
14.589088916778564,12,16,9,7,12,-4,-5,6,5,6,27,23,16,5,sil
14.604182004928589,20,19,12,5,13,-4,-8,1,1,0,25,20,16,3,sil
14.604182004928589,20,16,21,7,3,-16,-18,-11,-13,-10,11,13,12,-2,sil
14.619675397872925,13,20,22,26,1,-8,-9,-12,-12,15,6,6,7,0,sil
14.619675397872925,8,20,22,34,13,18,16,5,10,39,15,6,7,15,sil
14.635116338729858,10,0,16,19,16,24,29,15,23,30,15,2,9,20,sil
14.635116338729858,5,-14,-3,0,1,9,15,6,17,15,-2,-7,5,18,sil
14.651233196258543,-4,-17,-15,-17,-15,-3,-7,-1,2,3,-17,-14,-1,14,sil
14.651233196258543,-6,-21,-19,-25,-21,-22,-17,-1,-18,-11,-20,-18,-1,1,sil
14.667232990264893,-2,-20,-14,-22,-11,-31,-16,-2,-26,-22,-11,-10,2,-4,sil
14.667232990264893,0,-8,-8,-19,-3,-17,-12,-5,-15,-26,4,1,11,-4,sil
14.682276964187622,-1,0,-4,-16,-7,-13,-16,-3,-15,-29,10,8,6,-9,sil
14.682276964187622,-2,0,0,-13,-14,-23,-26,-3,-22,-25,8,9,-9,-13,sil
14.69795846939087,2,4,4,-9,-10,-16,-23,-12,-19,-22,14,5,-13,-10,sil
14.69795846939087,12,22,20,4,0,3,-6,-16,-13,-21,19,7,-7,-2,sil
14.713236808776855,12,26,23,24,15,18,13,-10,-8,-8,7,11,-6,0,sil
14.713236808776855,-8,0,-1,16,13,19,22,-5,-4,0,-12,-3,-15,-12,sil
14.729112148284912,-34,-18,-23,-4,0,17,23,-1,6,7,-18,-23,-16,-22,sil
14.729112148284912,-27,-4,-11,6,4,27,27,7,30,31,-6,-18,0,-11,sil
14.744848489761353,-4,12,15,31,21,36,25,12,36,35,-6,2,4,9,sil
14.744848489761353,0,3,7,25,15,30,16,8,19,20,-13,4,-4,12,sil
14.759868383407593,-5,-10,-14,3,0,20,17,8,16,24,-8,-3,-2,5,sil
14.77597713470459,0,-6,-4,1,10,14,17,10,28,26,-1,5,9,9,sil
14.77597713470459,10,-2,2,1,16,4,5,10,31,7,1,11,15,13,sil
14.77597713470459,12,-12,-10,-16,-7,-17,-12,13,12,-7,0,3,12,10,sil
14.792023181915283,14,-11,-5,-19,-21,-36,-21,11,-5,-6,-2,4,14,10,sil
14.792023181915283,23,5,9,0,-7,-35,-20,2,0,-3,6,16,18,14,sil
14.808098554611206,27,5,10,-10,-7,-21,-18,-4,1,-14,7,18,8,6,sil
14.808098554611206,12,-7,-7,-32,-17,-15,-22,-17,-37,-36,-6,-3,-7,-15,sil
14.823307514190674,-11,-4,-12,-23,-3,-15,-29,-29,-71,-43,-6,-19,-17,-29,sil
14.823307514190674,-22,5,1,-1,3,-12,-17,-22,-46,-16,7,-12,-14,-26,sil
14.838230848312378,-19,15,14,10,-14,-12,0,-4,-7,3,13,-5,-5,-14,sil
14.838230848312378,-16,21,24,21,-9,-1,0,0,-7,-1,9,-8,-11,-2,sil
14.853842973709106,-8,12,21,23,22,20,1,0,-6,3,2,-15,-20,-1,sil
14.854228973388672,-1,0,4,12,15,21,19,5,12,17,-3,-12,-14,0,sil
14.868898868560793,-4,2,-3,13,-31,6,22,7,19,10,-3,-1,-3,5,sil
14.88411259651184,-5,1,-1,15,-33,7,12,4,13,7,0,2,2,12,sil
14.88411259651184,0,-10,0,0,13,10,8,7,16,17,-3,1,6,21,sil
14.900080919265749,-2,-18,-22,-15,23,2,5,13,23,19,-8,-4,6,7,sil
14.900080919265749,0,-16,-32,-16,1,1,0,17,28,18,-5,-1,6,0,sil
14.916151762008669,17,-11,-7,-10,8,10,9,18,29,22,0,17,14,20,sil
14.916151762008669,20,-10,4,-10,19,8,15,10,16,5,4,22,17,21,sil
14.932238101959229,13,-6,-1,-15,7,0,0,-4,-10,-20,7,19,13,-1,sil
14.932238101959229,13,5,-4,-12,-2,-5,-6,-12,-22,-23,13,18,15,-6,sil
14.94783329963684,10,11,-4,-9,-3,-12,-8,-11,-25,-21,8,9,8,-6,sil
14.94783329963684,6,10,2,-7,-2,-17,-16,-11,-27,-25,0,2,-2,-14,sil
14.963441133499146,10,16,10,5,0,-5,-7,-6,-10,-15,2,1,0,-11,sil
14.963441133499146,-3,15,13,18,6,6,0,-1,9,-1,4,-6,0,-2,sil
14.979069709777832,-15,7,6,28,7,11,-4,-6,8,7,0,-17,-8,-5,sil
14.979069709777832,-4,6,8,37,6,12,0,-9,0,17,-4,-12,-5,0,sil
14.994220972061155,-8,-2,7,22,3,10,7,-8,-10,10,-11,-12,-9,3,sil
14.994220972061155,-31,-21,-17,-5,-3,6,-1,-12,-19,-8,-27,-31,-30,-11,sil
15.009274244308472,-28,-21,-23,-13,-10,1,-12,-9,-11,-10,-37,-33,-37,-18,sil
15.009274244308472,-4,-7,0,-4,-9,-7,1,8,10,5,-19,-8,-15,0,sil
15.024427890777588,4,-7,7,-6,-4,-15,10,18,20,15,6,9,10,13,sil
15.024427890777588,-1,-9,-2,-18,-5,-15,3,13,15,8,13,14,15,10,sil
15.040368556976318,-1,-3,-10,-24,-14,-16,0,7,9,0,9,9,11,6,sil
15.040368556976318,3,2,-3,-20,-12,-21,-5,5,5,0,12,9,12,6,sil
15.055967092514038,7,8,6,-4,0,-12,-19,0,-1,1,20,17,11,1,sil
15.055967092514038,10,16,11,1,6,0,-24,-5,-13,-6,26,23,10,0,sil
15.07122540473938,12,18,17,-1,4,3,-11,-7,-17,-10,25,19,14,0,sil
15.07122540473938,14,17,21,13,4,12,11,2,0,0,17,7,11,-4,sil
15.086540937423706,4,16,16,24,7,23,21,11,10,0,3,-1,-2,-12,sil
15.086540937423706,-8,8,1,8,8,28,23,1,3,-4,-7,-10,-9,-15,sil
15.102407693862917,-6,0,-8,5,11,31,30,-4,9,5,-12,-12,-4,-2,sil
15.102407693862917,5,0,3,21,9,23,21,0,19,13,-15,-4,-7,13,sil
15.118059635162354,7,0,5,21,0,0,3,-4,8,9,-17,-11,-16,7,sil
15.118059635162354,0,-12,-9,1,-3,-13,-4,-4,-6,4,-22,-17,-20,3,sil
15.133161544799805,-1,-21,-23,-11,-1,-8,-1,7,0,3,-24,-9,-12,11,sil
15.133161544799805,-1,-29,-28,-21,-6,-12,-2,10,2,0,-17,-10,-1,0,sil
15.148681163787842,-9,-31,-26,-32,-9,-26,-9,3,-4,-3,-3,-4,5,-5,sil
15.148681163787842,-3,-18,-20,-29,-7,-20,-18,2,-1,-7,10,10,18,3,sil
15.163986444473268,3,-1,-8,-18,-7,-11,-32,-6,-4,-21,10,17,23,2,sil
15.163986444473268,3,7,6,-9,-6,-20,-33,-18,-22,-28,10,19,17,-4,sil
15.179579973220823,2,7,10,-3,-3,-19,-14,-9,-26,-11,22,14,13,-2,sil
15.179579973220823,-7,0,4,-4,-4,0,0,0,-18,-7,9,0,0,-6,sil
15.19524359703064,-19,0,-1,0,-2,14,0,-4,-14,-11,-10,-11,-14,-21,sil
15.19524359703064,-11,13,8,19,6,19,8,-3,-9,4,0,-7,-13,-15,sil
15.21082353591919,3,26,28,37,14,22,21,0,-8,21,8,-1,-7,2,sil
15.21082353591919,15,27,34,42,19,25,29,2,0,19,5,2,-4,14,sil
15.22598147392273,24,22,33,39,21,25,32,15,27,24,12,12,5,32,sil
15.22598147392273,17,12,16,20,14,10,27,18,44,30,12,7,12,31,sil
15.241985321044922,1,-1,-8,-5,1,-5,8,10,33,27,-4,-3,7,7,sil
15.241985321044922,2,-5,-9,-13,-6,-6,-6,15,28,21,-3,3,12,6,sil
15.25727081298828,12,-1,-4,-7,-6,-13,-14,10,20,1,12,10,16,15,sil
15.25727081298828,11,-1,-9,-12,-3,-26,-30,-16,-9,-26,9,5,3,-4,sil
15.27314019203186,1,2,-10,-14,-5,-16,-30,-25,-22,-33,0,-3,-10,-25,sil
15.27314019203186,-15,7,-2,-4,-7,-2,-14,-16,-21,-26,-6,-16,-23,-25,sil
15.288173198699951,-30,-9,-4,-1,-5,7,2,-14,-23,-13,-27,-27,-37,-23,sil
15.288173198699951,-29,-28,-26,-16,-9,17,20,-3,-8,4,-36,-29,-30,-19,sil
15.303695678710938,-24,-19,-29,-21,-5,14,25,15,10,9,-19,-17,-11,-8,sil
15.303695678710938,-23,-14,-15,-10,1,6,14,14,8,0,-13,-13,-10,-11,sil
15.319215059280396,-20,-29,-19,-16,-6,0,-2,0,-2,-6,-19,-17,-14,-17,sil
15.319215059280396,-1,-16,-6,-20,-11,-11,-19,-1,-1,-5,-2,1,2,-4,sil
15.3348388671875,21,13,16,5,5,-18,-21,3,9,3,27,30,28,12,sil
15.3348388671875,27,15,17,15,7,-18,-20,1,2,3,32,35,34,20,sil
15.350422143936155,22,11,12,6,0,-9,-15,-8,-18,-11,25,22,20,10,sil
15.366355180740356,7,17,21,19,8,4,6,-12,-19,-18,12,10,0,0,sil
15.366355180740356,-7,11,17,21,6,9,28,-2,1,-6,-7,1,-9,6,sil
15.366355180740356,-4,-6,-11,-8,-9,6,24,8,9,6,-15,-14,-6,10,sil
15.381886959075928,-1,-19,-25,-39,-15,-3,0,3,-5,0,-13,-11,0,1,sil
15.397957563400269,0,-12,-8,-28,-10,-14,-22,-6,-16,-8,-2,10,1,0,sil
15.397957563400269,11,15,15,18,2,-4,-22,-10,-13,-2,8,11,0,2,sil
15.397957563400269,9,23,24,36,16,14,-2,-9,-6,3,0,-8,-11,1,sil
15.413091659545898,0,0,3,11,6,15,18,7,7,19,-6,-10,-2,8,sil
15.429166078567505,14,-1,1,3,3,3,15,28,27,33,19,18,33,23,sil
15.429166078567505,30,16,14,15,16,-2,3,20,27,16,35,33,46,20,sil
15.429166078567505,20,15,12,11,8,-2,2,1,11,-1,19,16,27,3,sil
15.44435977935791,7,10,12,6,0,1,7,0,0,4,5,6,9,0,sil
15.460053205490112,-4,9,15,15,6,9,7,-2,-4,1,3,0,2,-4,sil
15.460053205490112,-17,0,3,7,3,10,4,-12,-6,-14,-7,-17,-9,-16,sil
15.47584080696106,-20,-9,-6,-9,-6,9,6,-9,-3,-8,-24,-31,-19,-20,sil
15.47584080696106,-13,-9,-8,-2,-3,9,10,1,9,17,-20,-23,-13,-9,sil
15.490867853164673,-4,-2,-3,9,0,2,5,7,18,25,-7,-9,-6,1,sil
15.490867853164673,-3,-4,-6,0,-7,0,-1,0,5,4,-7,-12,-13,-3,sil
15.506011247634888,-9,-15,-17,-12,-6,2,-7,-9,-8,-6,-13,-12,-19,-3,sil
15.506011247634888,-9,-13,-20,-10,0,0,-6,-2,1,5,-10,-2,-12,8,sil
15.521138668060305,-5,-7,-21,-13,-2,-6,-4,3,0,-5,-8,-7,-9,2,sil
15.521138668060305,-5,-14,-21,-26,-8,-8,-12,0,-16,-38,-12,-5,-13,-6,sil
15.536256074905396,0,-13,-20,-23,-4,-9,-8,6,-1,-23,0,9,-9,-1,hello
15.536256074905396,0,-7,-18,-13,-5,-19,2,14,13,1,9,13,-6,0,hello
15.552358150482178,-2,-10,-9,-11,-11,-27,-9,0,-5,-11,4,7,-11,-7,hello
15.552358150482178,3,-6,-5,-13,-4,-22,-31,-14,-24,-20,9,7,-17,-15,hello
15.568056344985962,0,4,5,-6,3,-5,-29,-19,-28,-9,14,6,-31,-19,hello
15.568056344985962,-8,12,17,11,3,6,-3,-18,-26,-12,1,-1,-41,-14,hello
15.583265781402588,1,22,24,26,10,9,14,-4,-11,-9,-2,-3,-16,0,hello
15.583265781402588,5,26,29,26,15,21,15,6,5,15,4,0,27,6,hello
15.598509788513184,-9,6,16,13,6,26,17,10,22,34,4,-1,53,7,hello
15.598509788513184,-1,-4,2,-6,-5,0,8,10,26,15,4,3,54,19,hello
15.614365100860596,26,11,12,-8,-10,-20,-6,-1,4,-13,15,19,49,21,hello
15.614365100860596,28,25,32,18,0,-6,-10,-8,-6,-7,23,20,38,9,hello
15.629932880401611,13,16,34,31,16,6,1,4,7,19,17,13,26,9,hello
15.629932880401611,1,-3,12,15,9,12,17,10,17,24,0,0,15,5,hello
15.6450297832489,-12,-15,-9,-6,0,21,22,4,14,7,-32,-19,-5,-2,hello
15.6450297832489,-15,-12,-19,-18,2,17,20,7,16,7,-35,-20,-5,0,hello
15.660189628601074,0,-10,-16,-12,0,3,15,12,15,17,0,3,19,7,hello
15.660189628601074,9,-10,-12,-3,-2,1,5,2,-1,4,11,12,7,2,hello
15.675960063934326,6,-5,-22,-4,0,-5,-15,-10,-23,-17,0,-5,-24,-9,hello
15.675960063934326,0,-3,-18,-7,-2,-22,-35,-16,-30,-22,-3,-9,-28,-10,hello
15.691465139389038,-11,-6,-3,0,-6,-9,-18,-14,-20,-15,-4,-10,-31,-11,hello
15.691465139389038,-18,-5,-12,0,-8,5,11,-2,-10,-12,-16,-19,-42,-10,hello
15.707576751708984,-15,-8,-19,-9,-13,-2,6,5,1,-5,-21,-13,-27,1,hello
15.707576751708984,-9,-8,-16,-14,-12,-6,-8,3,11,3,-12,-4,-5,8,hello
15.723184585571287,1,6,-6,-15,0,-5,-7,0,1,-2,-2,0,-7,4,hello
15.723184585571287,10,13,5,-7,6,-12,-5,-8,-13,-20,4,5,-11,-3,hello
15.738443851470947,9,7,13,12,5,-7,-3,-11,-12,-10,12,2,-7,-8,hello
15.738443851470947,10,4,19,24,5,7,9,8,3,24,19,3,1,5,hello
15.753984212875366,12,2,23,20,3,11,19,28,27,40,22,13,17,25,hello
15.753984212875366,8,0,17,12,2,5,11,20,34,29,12,12,24,25,hello
15.76949143409729,11,2,9,4,5,3,-1,12,24,24,9,12,24,13,hello
15.76949143409729,11,6,1,-3,2,0,-13,5,10,6,17,19,19,0,hello
15.784648656845093,0,3,1,-11,-2,-5,-18,-14,-11,-28,18,19,7,-9,hello
15.784648656845093,-8,1,7,-7,0,0,-9,-22,-15,-23,9,1,-1,-17,hello
15.799798488616943,-11,5,9,9,7,4,7,-8,0,2,-11,-15,-14,-17,hello
15.81535792350769,-20,2,3,20,6,9,25,-1,0,0,-30,-20,-29,-16,hello
15.81535792350769,-22,-12,-12,3,0,17,23,0,-10,-5,-23,-20,-22,-14,hello
15.81535792350769,-16,-22,-20,-19,-5,1,-1,1,-8,-2,-16,-10,-1,-10,hello
15.83087992668152,-1,-11,-20,-14,-4,-20,-12,-3,-2,-13,-9,2,13,-10,hello
15.846987009048462,13,3,-14,-2,1,-9,-5,-5,0,-19,7,17,24,-6,hello
15.846987009048462,9,10,0,-1,2,6,-8,-7,-8,-14,13,19,21,-6,hello
15.86307144165039,2,14,9,6,0,-4,-10,-9,-18,-13,9,6,8,-12,hello
15.86307144165039,7,22,22,23,6,-8,-4,-5,-13,-5,17,2,6,3,hello
15.878771781921388,4,14,17,20,11,14,0,0,-4,10,8,-4,3,19,hello
15.878771781921388,-6,-13,-7,-12,-6,15,3,5,0,12,-20,-25,-11,11,hello
15.894272327423096,-6,-25,-15,-30,-18,-6,4,14,12,12,-26,-22,-12,15,hello
15.894272327423096,0,-21,-12,-19,-7,-10,2,16,17,14,-11,-4,0,25,hello
15.894272327423096,0,-22,-19,-24,-7,-9,-4,9,3,0,-11,-3,-5,8,hello
15.910009622573853,1,-12,-19,-36,-16,-14,-11,0,0,-11,-2,-5,-5,-4,hello
15.92540979385376,6,12,0,-10,-3,-8,-9,-8,-2,-1,10,1,6,3,hello
15.92540979385376,0,16,15,14,9,-3,-5,-12,-14,1,0,2,0,4,hello
15.940935134887695,-5,4,7,9,7,-3,-3,-9,-12,2,-11,-5,-15,-2,hello
15.940935134887695,-4,0,4,4,7,14,6,0,1,10,-4,-10,-13,3,hello
15.956457138061523,-5,-5,5,14,8,24,19,8,17,14,-2,-11,-4,4,hello
15.956457138061523,-5,-10,-3,10,0,1,16,11,29,11,-1,-3,1,0,hello
15.973001718521118,0,0,-9,-3,-5,-6,4,7,20,6,9,16,8,5,hello
15.973001718521118,9,10,-8,-3,-2,7,2,0,0,0,22,24,14,3,hello
15.973001718521118,21,14,5,6,10,8,2,0,-1,0,34,32,14,-2,hello
15.98831272125244,28,27,31,21,16,1,3,3,7,5,45,40,15,-2,hello
16.003501892089844,13,27,32,33,3,0,0,-1,-1,-4,29,23,2,-6,hello
16.003501892089844,-12,8,16,31,0,0,-6,-12,-22,-19,-2,-5,-25,-17,hello
16.019224405288696,-19,0,4,24,3,4,-1,-9,-22,-4,-13,-20,-25,-21,hello
16.019224405288696,-14,-2,4,12,-11,8,11,1,0,10,-18,-16,-2,-4,hello
16.034900188446045,-15,-19,-4,-6,-18,3,13,6,17,-2,-37,-16,0,7,hello
16.034900188446045,-14,-24,-22,-20,0,-1,6,5,10,-10,-38,-24,-5,-3,hello
16.050905466079712,-2,-15,-23,-23,1,-5,-7,3,-3,0,-15,-9,5,-12,hello
16.050905466079712,8,-13,-15,-26,-14,-16,-21,-3,-6,0,2,15,19,0,hello
16.071693181991577,15,0,-3,-18,-7,-28,-26,-5,-9,-13,17,24,24,11,hello
16.071693181991577,21,14,13,-4,1,-25,-26,-7,-17,-21,22,16,18,6,hello
16.071693181991577,9,8,15,0,0,-7,-16,-9,-16,-16,2,-2,-1,-6,hello
16.082317352294922,-10,3,6,4,8,13,0,-4,-3,0,-17,-13,-18,-6,sil
16.09830594062805,-13,1,-7,13,16,25,12,0,4,16,-11,-17,-13,0,sil
16.09830594062805,-8,-11,-17,0,0,13,14,1,3,15,-5,-21,-5,5,sil
16.113494157791138,-14,-16,-16,-17,-3,4,21,12,8,7,-13,-17,-9,8,sil
16.113494157791138,-9,-9,-18,-11,11,12,24,20,22,11,-7,-7,-9,7,sil
16.129149198532104,6,-1,-12,-6,14,8,7,14,20,14,17,7,6,13,sil
16.129149198532104,20,3,1,-5,0,-4,-6,5,12,9,34,23,29,18,sil
16.144399404525757,19,0,2,-7,-9,-19,-13,-3,2,0,15,21,18,4,sil
16.144399404525757,1,1,0,-11,-12,-28,-23,-18,-16,-14,-10,-2,-14,-15,sil
16.15981912612915,-9,17,8,0,-4,-12,-15,-19,-27,-19,-1,-12,-18,-16,sil
16.15981912612915,-8,20,23,18,2,11,2,-7,-16,-4,9,0,-3,-1,sil
16.17565655708313,-7,6,20,14,0,13,8,-6,-11,4,-1,-3,-8,2,sil
16.17565655708313,-11,-7,8,0,-6,9,16,-4,-6,2,-14,-17,-17,0,sil
16.190435886383057,-11,-18,2,-4,-10,19,32,13,20,14,-15,-9,-7,0,sil
16.190435886383057,-3,-14,-3,-3,-13,16,21,27,40,18,-7,7,8,2,sil
16.205938816070557,6,0,0,2,-5,-9,-6,13,18,-10,1,15,16,3,sil
16.205938816070557,15,10,4,8,5,-24,-16,-6,-7,-29,11,16,16,-2,sil
16.22144913673401,16,15,-3,6,7,-13,-18,-8,-13,-12,22,17,18,-4,sil
16.22144913673401,13,14,-2,7,8,-1,-16,-11,-20,-7,20,15,6,-2,sil
16.236663341522217,9,12,3,24,8,5,-1,-16,-25,-20,-3,-5,-15,-12,sil
16.236663341522217,0,10,5,28,6,15,2,-8,-14,-13,-20,-17,-21,-10,sil
16.252378940582275,-14,0,-2,7,4,18,0,0,3,18,-12,-9,-8,4,sil
16.252378940582275,-19,-15,-14,-10,5,5,0,2,16,38,-5,-6,-4,6,sil
16.267428159713745,-8,-16,-11,-12,1,-5,-2,8,20,28,-8,-2,-2,4,sil
16.267428159713745,4,-13,-9,-15,-9,-7,-3,10,16,14,-3,6,13,8,sil
16.283260345458984,1,-13,-16,-27,-13,-14,-4,0,-1,1,4,11,18,6,sil
16.283260345458984,-4,-3,-5,-18,0,-18,-14,-4,-15,-14,15,12,7,0,sil
16.298925638198853,0,8,12,2,6,-3,-4,2,-8,-15,13,3,0,-2,sil
16.298925638198853,1,10,23,14,7,18,23,7,3,3,-4,-12,-6,0,sil
16.314266204833984,-5,2,12,15,5,22,31,5,14,17,-13,-23,-13,2,sil
16.314266204833984,-14,-11,-8,0,-6,3,6,0,12,4,-15,-22,-17,0,sil
16.330233573913574,-5,-16,-15,-18,-13,-9,-8,1,4,-6,-10,-12,-7,-5,sil
16.330233573913574,18,-1,-3,-6,0,-11,-2,10,8,3,12,6,16,3,sil
16.346267700195312,25,7,7,3,5,-15,1,10,15,6,21,22,24,15,sil
16.346267700195312,18,3,5,-6,-4,-15,0,0,5,-6,9,19,13,3,sil
16.362087726593018,13,6,4,-7,0,-10,-5,-5,-8,-17,7,10,8,-5,sil
16.362087726593018,-2,5,-4,-9,2,-3,-10,-14,-20,-22,3,1,0,-11,sil
16.377618312835693,-23,-3,-14,-13,-9,1,-11,-21,-25,-24,-7,-12,-16,-23,sil
16.377618312835693,-17,0,6,2,-6,4,-4,-12,-16,-23,-11,-13,-20,-19,sil
16.39293146133423,-4,11,19,19,3,7,-1,-6,-12,-14,-8,-8,-14,-6,sil
16.39293146133423,-1,13,11,21,3,17,0,-5,-20,3,-6,2,-8,5,sil
16.408282041549683,1,16,15,27,9,27,11,3,-11,19,6,14,2,20,sil
16.408282041549683,0,12,8,23,8,17,22,2,0,11,11,1,4,16,sil
16.42387557029724,-6,-5,-10,2,-5,0,12,-4,0,4,-5,-11,-7,4,sil
16.42387557029724,4,-7,-4,3,-2,1,3,7,15,22,-4,2,1,10,sil
16.439971446990967,16,0,3,3,7,6,3,18,30,29,14,15,22,19,sil
16.439971446990967,0,-12,-12,-20,-4,-8,-4,11,16,7,6,2,13,11,sil
16.456093311309814,-14,-28,-32,-33,-13,-24,-16,0,0,-6,-9,-5,-3,-5,sil
16.456093311309814,-8,-15,-14,-19,-3,-22,-20,-12,-11,-15,-8,-2,-13,-21,sil
16.471423625946045,0,4,4,0,1,0,-5,-17,-14,-23,-5,-11,-17,-23,sil
16.471423625946045,1,6,5,11,5,21,20,5,16,1,-3,-10,-6,0,sil
16.486980199813843,1,-3,2,6,10,16,21,26,41,36,-4,2,7,13,sil
16.486980199813843,0,-17,-10,-13,0,-7,-8,15,21,22,-10,0,9,0,sil
16.50299572944641,6,-10,-12,-20,-4,-23,-24,0,0,-8,2,7,16,-9,sil
16.50299572944641,12,15,10,-1,8,-5,-4,-2,-2,0,27,18,24,-3,sil
16.51905369758606,0,19,19,14,16,17,11,-7,-11,14,12,-3,1,0,sil
16.51905369758606,-18,-7,-2,5,-3,5,2,-8,-10,3,-17,-20,-16,0,sil
16.53428840637207,-12,-20,-23,-13,-24,-22,-13,0,-1,-14,-18,-9,-1,-7,sil
16.53428840637207,6,0,-5,-14,-15,-23,-19,-3,-8,-28,-3,4,6,-11,sil
16.54987335205078,17,19,21,4,1,-7,-15,-8,-16,-27,7,13,-3,0,sil
16.54987335205078,18,23,26,22,6,0,-13,0,-10,-15,20,19,-1,14,sil
16.566595792770386,19,27,27,24,8,3,-7,3,-9,-8,25,21,7,11,sil
16.566595792770386,7,18,15,15,5,8,9,-9,-10,-2,9,4,-1,0,sil
16.582995176315308,-14,-11,-2,-2,0,15,22,-16,-14,-7,-21,-18,-26,-6,sil
16.582995176315308,-24,-25,-6,-14,-3,22,24,-6,-15,-19,-25,-26,-33,-6,sil
16.59834337234497,-17,-13,-15,-8,-7,18,28,6,3,0,-4,-13,-9,1,sil
16.59834337234497,-10,-8,-21,-3,-5,4,25,18,30,38,3,5,16,20,sil
16.613992929458618,0,-12,-16,-7,-1,-8,3,21,33,31,10,13,27,16,sil
16.613992929458618,7,-2,-4,-4,-1,-15,-16,3,2,-3,19,12,17,-3,sil
16.629470825195312,2,16,8,14,4,0,-5,-18,-15,0,8,3,0,-12,sil
16.629470825195312,-1,22,15,30,13,19,8,-13,-1,24,-4,-3,-6,-6,sil
16.644712924957275,-6,9,9,25,4,10,0,1,1,17,-5,-4,-8,0,sil
16.644712924957275,-8,-3,-1,4,-2,-5,-2,6,0,1,-10,-11,-3,0,sil
16.66059112548828,-3,-8,-6,-7,0,-4,9,12,11,5,-23,-17,1,3,sil
16.66059112548828,0,-12,-11,-10,0,2,4,9,14,2,-24,-12,-3,5,sil
16.67582654953003,0,-21,-20,-20,-7,-5,-13,-1,3,-12,-6,-8,-8,0,sil
16.67582654953003,3,-18,-12,-32,-9,-23,-17,3,8,-15,2,0,1,-1,sil
16.691896438598633,16,0,-1,-18,0,-15,-2,14,8,-5,2,8,14,7,sil
16.691896438598633,23,8,0,-5,4,1,-2,-1,-14,-7,9,18,18,11,sil
16.707963228225708,15,4,6,-15,-1,-5,-17,-17,-25,-11,24,26,19,1,sil
16.707963228225708,8,11,9,-11,0,-13,-15,-4,-11,-8,22,17,12,-13,sil
16.724093675613403,12,25,14,11,15,3,-5,2,-7,-14,8,3,-5,-17,sil
16.724093675613403,3,21,18,26,15,15,-6,-14,-10,-15,0,-4,-24,-10,sil
16.740058183670044,-19,1,13,22,0,5,-10,-26,-9,-1,-8,-15,-28,-9,sil
16.740058183670044,-23,-8,9,14,-6,1,-5,-16,-10,8,-13,-20,-17,-12,sil
16.75521755218506,-13,-5,1,12,-4,14,7,-2,-6,12,0,-12,-4,0,sil
16.75521755218506,-18,-1,-3,13,0,20,19,8,8,23,7,2,0,15,sil
16.77041459083557,-13,-7,-3,10,2,10,23,15,23,27,-1,3,4,13,sil
16.77041459083557,-4,-18,-11,-2,-8,-5,13,12,22,4,-12,-1,2,6,sil
16.7858943939209,-6,-23,-24,-24,-18,-15,-6,4,9,-15,-14,0,-1,2,sil
16.7858943939209,1,-13,-25,-29,-10,-19,-15,4,3,-9,-2,5,8,-1,sil
16.801928520202637,16,0,-11,-18,-1,-24,-9,11,8,0,9,14,22,0,sil
16.801928520202637,12,0,-9,-15,-2,-15,-1,11,9,-4,12,17,18,-3,sil
16.817468881607056,4,-1,-8,-17,0,0,3,8,-1,-15,8,3,3,-17,sil
16.817468881607056,7,10,16,1,6,4,12,0,-15,-23,1,-8,-10,-13,sil
16.83320713043213,10,19,30,24,3,7,19,-13,-17,-14,-8,-10,-14,0,sil
16.83320713043213,9,15,23,17,4,12,12,-16,-10,-1,-12,-6,-11,4,sil
16.84930419921875,5,7,17,5,7,15,7,-5,-3,3,0,-3,-7,6,sil
16.84930419921875,1,11,15,22,8,16,11,3,4,19,10,-2,-1,10,sil
16.86492109298706,5,19,19,39,13,21,9,8,16,40,8,0,6,18,sil
16.86492109298706,2,7,11,22,11,24,4,5,18,34,7,3,7,20,sil
16.880388498306274,-7,-10,-13,-8,1,10,-4,0,0,4,1,3,2,13,sil
16.880388498306274,-8,-9,-23,-12,0,-7,-12,0,-6,-6,-1,4,8,8,sil
16.896463871002197,-6,-2,-15,-3,-2,-15,-12,4,5,1,4,3,18,11,sil
16.896463871002197,-14,-11,-13,-16,-18,-18,-10,0,5,4,-3,-1,9,7,sil
16.913053035736084,-12,-20,-26,-30,-21,-19,-11,-2,-3,0,-19,-13,-3,-11,sil
16.913053035736084,-3,-14,-23,-24,-5,-15,-18,-6,-8,-9,-15,-6,-6,-18,sil
16.928871393203735,0,-1,-9,-16,-1,-15,-19,-19,-24,-25,-6,4,-11,-22,sil
16.928871393203735,7,8,1,-10,-5,-16,-10,-19,-31,-27,0,1,-12,-24,sil
16.94406294822693,22,17,22,6,0,-3,-4,0,-8,-8,13,11,2,-7,sil
16.944437742233276,19,23,28,23,9,8,1,6,4,0,19,17,17,1,sil
16.959157705307007,0,16,12,24,11,10,7,-1,-5,-3,7,-6,0,-10,sil
16.959157705307007,-11,-2,4,16,6,19,12,-6,-2,0,-12,-28,-24,-12,sil
16.97487187385559,-16,-16,-6,6,1,25,13,2,10,1,-23,-22,-22,-4,sil
16.97487187385559,-23,-21,-17,-4,1,7,5,16,9,-1,-13,-4,-9,0,sil
16.990412950515747,-24,-26,-20,-17,-3,-7,4,17,12,2,-5,-6,-5,3,sil
16.990412950515747,-16,-24,-13,-22,-12,-10,10,9,21,11,-13,-12,-6,10,sil
17.006470203399658,3,-9,3,-11,-10,-10,4,6,17,5,-6,8,0,10,sil
17.006470203399658,23,5,10,-1,-1,-7,-3,3,5,-5,16,24,10,0,sil
17.02200698852539,19,12,8,-6,2,-3,-8,-3,-2,-8,23,19,7,0,sil
17.02200698852539,14,20,11,2,5,0,-8,-10,-9,-2,20,15,3,1,sil
17.037513732910156,15,24,12,16,9,4,-12,-20,-21,-6,13,13,1,-1,sil
17.037513732910156,6,11,13,10,4,0,-13,-22,-25,-12,2,2,-3,-3,sil
17.052959442138672,-1,-4,11,6,0,-4,0,-2,-3,5,3,-4,0,5,sil
17.052959442138672,2,-1,11,20,5,11,13,19,25,31,6,0,8,20,sil
17.068786144256592,7,6,7,21,9,23,18,21,35,38,5,1,10,22,sil
17.068786144256592,7,0,0,0,4,5,17,20,29,23,10,3,17,18,sil
17.0848970413208,2,-13,-12,-20,-4,-12,13,21,20,4,4,8,31,17,sil
17.0848970413208,-7,-17,-27,-29,-15,-13,0,10,1,-4,-15,1,22,0,sil
17.10097336769104,-9,-5,-19,-21,-12,-13,-11,-8,-28,-16,-10,-5,0,-16,sil
17.10097336769104,3,18,3,6,0,-8,-5,-20,-39,-24,11,0,0,-12,sil
17.11680769920349,7,30,20,34,7,2,-1,-21,-26,-13,7,1,0,-5,sil
17.11680769920349,-5,12,21,26,4,9,-11,-20,-18,0,-11,-8,-13,-10,sil
17.13186764717102,-21,-7,-8,0,0,12,-9,-22,-13,-3,-25,-29,-26,-20,sil
17.147987127304077,-27,-10,-24,-3,0,17,4,-9,1,-7,-34,-35,-29,-13,sil
17.147987127304077,-20,-13,-11,-9,0,13,12,14,23,11,-24,-15,-11,1,sil
17.147987127304077,-17,-31,-24,-51,-15,-2,3,17,23,14,-12,-8,-1,5,sil
17.16317582130432,-14,-32,-37,-57,-18,-11,-11,4,0,-18,-23,-10,-14,0,sil
17.16317582130432,3,3,-9,4,5,-3,-1,6,-7,-23,-7,5,-2,0,sil
17.178327083587646,21,29,23,36,15,0,12,13,6,6,34,33,26,3,sil
17.19392228126526,20,16,20,10,3,-3,6,5,8,6,39,31,14,-1,sil
17.19392228126526,12,3,2,-1,3,-3,-5,0,1,-8,12,10,-12,-11,sil
17.194342374801636,11,14,12,16,8,-6,-9,-4,1,0,5,1,-16,-11,sil
17.20914077758789,14,25,26,38,11,-3,-7,-13,-4,10,16,1,-6,-5,sil
17.2241153717041,10,13,21,35,13,7,-9,-19,-14,2,6,-1,-4,1,sil
17.2241153717041,-2,-7,6,7,3,9,-5,-14,-15,0,-14,-11,-15,3,sil
17.239924669265747,-9,-17,-4,-9,-8,0,4,0,-6,1,-14,-13,-11,5,sil
17.239924669265747,-3,-15,-3,-9,-9,-7,6,13,4,7,0,2,12,17,sil
17.255105018615723,6,-14,1,-6,-4,-4,2,13,19,14,10,16,30,24,sil
17.255105018615723,11,-14,2,-8,-1,-10,0,10,20,6,15,14,30,22,sil
17.27002739906311,11,-4,-2,-13,-2,-20,-7,10,2,-4,19,13,28,15,sil
17.27002739906311,11,11,-3,-11,-6,-17,-16,2,-10,-8,18,12,22,0,sil
17.2850980758667,1,18,10,-2,-1,-4,-15,-10,-20,-18,5,4,-1,-13,sil
17.2850980758667,-19,5,3,-2,2,7,2,-14,-22,-15,-11,-15,-22,-25,sil
17.30119037628174,-36,-9,-21,-14,-5,14,18,-2,-8,1,-25,-30,-34,-25,sil
17.30119037628174,-32,-13,-21,-15,-9,21,25,5,10,3,-34,-25,-34,-17,sil
17.317219734191895,-11,-16,-15,-11,-2,21,26,10,27,3,-25,-13,-11,-1,sil
17.317219734191895,5,-14,-15,-18,-3,5,14,15,35,9,0,8,15,18,sil
17.333356618881226,13,5,-4,-8,-2,-7,-4,5,19,-1,18,23,24,12,sil
17.333356618881226,12,19,8,15,2,-6,-22,-12,-11,-18,9,12,11,-9,sil
17.348913192749023,6,11,17,22,3,0,-21,-16,-19,-7,-5,-1,-5,-8,sil
17.348913192749023,6,13,20,25,10,3,0,-7,-3,17,5,2,4,2,sil
17.364277124404907,4,16,18,22,20,12,13,-6,-2,17,17,7,15,2,sil
17.364277124404907,-12,-7,-4,4,5,12,8,-8,-10,0,-10,-8,-4,-2,sil
17.37982487678528,-16,-22,-21,-6,-8,0,7,3,-1,-1,-30,-22,-19,0,sil
17.37982487678528,0,-10,-10,-4,-4,-2,9,18,12,15,-5,-12,-3,9,sil
17.394986391067505,0,-7,-6,-6,-4,0,0,17,14,24,8,0,8,12,sil
17.394986391067505,1,-11,-9,-6,-5,-9,-12,8,5,12,0,8,12,15,sil
17.41106367111206,20,6,-2,-1,2,-17,-13,2,-3,-9,7,18,24,13,sil
17.41106367111206,18,24,6,-3,3,-13,-14,-10,-18,-23,20,13,13,0,sil
17.4288227558136,-2,22,14,0,0,-8,-16,-21,-35,-21,6,0,-20,-18,hello
17.4288227558136,-1,15,14,19,2,0,0,-13,-28,-4,-6,-14,-27,-25,hello
17.44215989112854,6,12,16,30,6,16,15,0,0,10,4,-10,-15,-6,hello
17.44215989112854,0,3,13,13,4,26,15,3,18,10,9,0,-11,12,hello
17.457292795181274,-7,-15,-6,-13,-2,4,1,4,15,-3,-12,-3,-11,8,hello
17.457292795181274,-4,-22,-12,-24,-9,-28,-11,6,10,-12,-15,-2,-4,3,hello
17.473837852478027,4,-6,-7,-17,-9,-25,-15,5,9,-14,9,4,7,1,hello
17.473837852478027,7,5,-2,-7,0,-1,-9,0,1,-18,12,8,8,-5,hello
17.489262342453003,1,8,3,2,10,1,0,-3,-4,-6,6,9,6,-13,hello
17.489262342453003,-6,7,7,12,6,-1,2,-1,-6,6,8,0,3,-15,hello
17.504858255386353,-18,-3,3,10,-1,5,5,-4,-8,0,-10,-15,-10,-14,hello
17.504858255386353,-21,-22,-10,2,-2,15,16,-5,-2,0,-25,-19,-22,-7,hello
17.52088189125061,-7,-18,-10,2,2,12,16,6,12,19,-10,0,-8,7,hello
17.52088189125061,11,2,3,8,3,1,3,15,19,19,6,22,20,18,hello
17.536332368850708,17,0,2,1,-7,-8,-3,1,5,1,16,28,33,13,hello
17.536332368850708,5,-10,-3,-16,-17,-15,-8,-14,-15,-9,20,21,17,0,hello
17.551960945129395,2,5,9,-13,-6,-1,-5,-16,-21,-8,11,2,4,-2,hello
17.551960945129395,6,18,21,2,7,19,8,-6,-2,5,-1,-9,0,5,hello
17.567687034606934,-5,-5,-1,1,1,22,10,4,14,22,-11,-2,-8,12,hello
17.567687034606934,-19,-23,-34,-12,-3,3,0,12,13,22,-9,-11,-6,4,hello
17.5829176902771,-9,-8,-25,-22,0,-9,-1,10,4,4,-7,-46,3,-2,hello
17.5829176902771,0,3,-6,-17,0,-3,6,9,10,-1,-5,-38,6,-4,hello
17.599003076553345,2,1,-3,-3,0,4,11,14,12,3,-2,22,6,4,hello
17.599003076553345,7,5,4,2,0,-4,-8,3,0,1,-4,50,13,12,hello
17.613983154296875,9,12,2,0,-8,-22,-33,-17,-18,-15,-7,15,4,2,hello
17.613983154296875,0,12,5,5,-6,-14,-30,-23,-37,-38,5,-19,-19,-11,hello
17.62945580482483,-3,13,17,20,14,8,0,-5,-32,-32,13,-29,-15,-12,hello
17.62945580482483,0,10,11,23,24,16,23,14,8,6,-4,-7,0,0,hello
17.644454956054688,8,-1,-2,7,8,2,17,13,32,23,-9,20,0,7,hello
17.644454956054688,19,-1,5,-1,-5,-13,-6,-5,5,-4,11,25,2,0,hello
17.660290956497192,9,8,17,7,-2,-12,-13,-17,-17,-23,6,12,-6,-13,hello
17.660290956497192,-14,3,3,9,4,6,5,-12,-2,-2,-15,-10,-26,-19,hello
17.67587161064148,-22,-10,-10,-2,1,18,12,0,16,19,-17,-24,-20,-8,hello
17.67587161064148,-11,-12,-7,-8,-5,12,4,12,17,20,-13,-12,-7,7,hello
17.69141459465027,-1,-7,-6,-7,-8,0,4,18,14,15,-7,-2,-2,9,hello
17.69141459465027,4,-4,-2,-9,-7,-12,-1,14,17,5,10,3,12,7,hello
17.706725120544434,7,-5,-3,-12,-4,-13,-11,7,14,-11,17,9,19,7,hello
17.723129749298096,2,1,-9,-8,0,-3,-5,-1,-3,-16,11,2,5,-5,hello
17.723129749298096,3,15,5,8,2,3,7,-12,-22,-8,9,0,-4,-13,hello
17.723129749298096,2,10,14,20,0,4,5,-18,-24,-4,1,-8,-7,-9,hello
17.73883366584778,-13,-10,2,10,-1,8,-2,-19,-22,-5,-9,-16,-14,-5,hello
17.73883366584778,-17,-12,0,7,0,14,5,-7,-9,9,1,-9,-3,0,hello
17.75417137145996,-3,-3,0,10,2,7,18,12,9,29,14,2,21,17,hello
17.75417137145996,-1,-8,-2,-6,0,-9,4,15,7,23,2,11,22,21,hello
17.76979422569275,2,-9,-10,-15,-8,-19,-13,1,-3,2,4,17,15,6,hello
17.78524112701416,14,1,-4,-2,-2,-11,-9,2,0,-7,23,21,21,7,hello
17.78524112701416,18,15,9,9,13,3,-5,8,5,-2,28,24,33,13,hello
17.78524112701416,16,22,13,14,13,0,-15,1,2,1,25,21,29,6,hello
17.800772428512573,14,20,11,10,2,-11,-12,-4,-2,1,22,10,10,3,hello
17.816365242004395,11,11,9,9,-1,2,5,-3,-7,-2,0,-5,-12,0,hello
17.816365242004395,-2,-3,0,3,-3,19,8,-9,-13,-16,-45,-25,-37,-13,hello
17.831886529922485,-23,-20,-18,-16,-7,11,4,-15,-11,-21,-57,-37,-45,-21,hello
17.831886529922485,-26,-26,-29,-25,-4,1,6,-4,8,-4,-33,-30,-26,-16,hello
17.84793519973755,-7,-15,-18,-22,-2,-1,0,8,20,-2,-18,-9,-12,-6,hello
17.84793519973755,9,-4,-3,-24,-7,-7,-3,10,18,-3,-6,9,0,4,hello
17.864057540893555,14,4,12,-15,0,-13,-2,8,20,9,15,28,16,12,hello
17.864057540893555,10,16,18,3,15,-4,-7,0,12,2,12,22,9,3,hello
17.864057540893555,-5,17,0,4,14,11,-3,-9,-11,-14,-12,-8,-17,-13,hello
17.87966299057007,-20,7,-5,3,8,21,13,-6,-21,-5,-24,-19,-29,-13,hello
17.895317554473877,-19,-7,-4,2,5,14,24,1,-3,10,-19,-15,-20,-6,hello
17.895317554473877,-18,-25,-20,-21,-9,-7,21,6,4,5,-15,-15,-14,-6,hello
17.911296367645264,-10,-21,-19,-30,-19,-18,9,10,2,1,-6,-3,0,0,hello
17.911296367645264,5,-3,-1,-2,-6,-4,-3,12,7,5,13,13,22,9,hello
17.926923036575317,12,0,5,8,1,-1,-13,5,1,0,25,23,28,5,hello
17.926923036575317,7,6,8,16,0,-14,-16,-8,-15,-7,24,15,20,-6,hello
17.94300627708435,4,24,24,42,2,-8,-16,-17,-17,-4,20,3,13,-7,hello
17.94300627708435,4,22,33,46,9,12,-5,-7,-2,0,21,5,1,0,hello
17.94300627708435,0,2,14,27,4,20,9,5,8,11,21,1,0,8,hello
17.958244562149048,-2,-6,0,13,-5,6,6,3,8,20,6,-12,3,11,hello
17.97402286529541,-1,-9,-6,2,-11,-3,-8,2,6,7,-8,-17,-9,2,sil
17.97402286529541,4,-10,-11,-8,-5,0,-12,9,9,1,-4,-7,-14,0,sil
17.989482879638672,6,-8,-4,-17,0,-5,-15,1,3,13,14,6,12,6,sil
17.989482879638672,9,0,1,-16,-5,-20,-21,-17,-15,4,20,7,29,1,sil
18.005540370941162,22,19,18,0,-4,-19,-10,-15,-29,-18,13,4,18,2,sil
18.005540370941162,30,30,34,20,8,0,9,0,-14,-7,17,7,15,18,sil
18.02108144760132,10,13,14,16,13,12,15,0,0,10,7,-3,1,14,sil
18.02108144760132,-16,-8,-13,-6,6,16,22,0,-1,-5,-24,-22,-26,-3,sil
18.036360263824463,-16,-10,-20,-13,6,18,32,6,7,-10,-27,-14,-18,0,sil
18.036360263824463,-3,-6,-16,-11,5,8,17,6,17,8,-11,10,3,17,sil
18.051898956298828,-3,-7,-19,-19,-7,-8,-6,2,5,1,-15,12,0,6,sil
18.051898956298828,-8,-1,-26,-21,-8,-10,-7,7,1,-13,-14,7,-1,-13,sil
18.07174181938172,5,8,-14,-13,7,7,3,9,14,-3,8,19,13,-9,sil
18.07174181938172,13,6,1,-8,10,14,3,2,11,-1,8,11,3,-7,sil
18.07174181938172,-8,-4,7,0,0,4,-3,-2,-6,-8,-23,-12,-27,-23,sil
18.083255290985107,-25,-13,-1,6,0,3,0,-5,-4,7,-37,-17,-33,-25,sil
18.09846997261048,-10,-16,-9,-2,-1,3,4,0,15,15,-20,-10,-13,-3,sil
18.09846997261048,-2,-12,-5,-12,-7,-10,-5,7,20,0,-6,-2,5,9,sil
18.114017724990845,-9,-9,-7,-10,-10,-24,-13,0,1,-10,-2,5,13,-4,sil
18.114017724990845,-14,-9,-10,-14,-7,-27,-14,-13,-18,-25,-2,2,2,-22,sil
18.13004159927368,-17,-1,0,-11,-4,-15,-17,-18,-29,-35,-3,-11,-17,-26,sil
18.13004159927368,-16,5,11,11,-1,0,-10,-16,-29,-13,0,-17,-21,-20,sil
18.14523339271545,-6,3,16,29,2,8,0,-15,-29,0,3,-7,-12,-7,sil
18.14523339271545,3,4,14,28,7,15,4,-9,-18,1,5,-4,-5,1,sil
18.16127133369445,7,6,14,20,9,20,20,12,8,22,15,0,6,18,sil
18.16127133369445,10,0,6,7,2,16,31,28,32,42,26,16,21,41,sil
18.177214860916138,16,-2,-5,0,0,2,9,18,28,26,21,19,21,38,sil
18.177214860916138,23,8,1,3,0,-13,-18,4,11,0,14,17,16,23,sil
18.192976474761963,28,9,2,-2,-5,-22,-22,9,8,-2,24,23,25,17,sil
18.192976474761963,28,4,-3,-13,0,-22,-18,11,0,-5,35,25,31,13,sil
18.20809054374695,20,20,18,4,11,-4,-11,-6,-15,-8,28,15,16,0,sil
18.20809054374695,9,28,28,19,-11,20,7,-18,-14,4,4,-3,-3,-9,sil
18.223243236541748,8,12,16,15,-26,25,19,-5,0,17,-11,-8,-8,0,sil
18.223243236541748,7,7,22,31,4,21,22,7,16,21,-1,-5,0,9,sil
18.23888874053955,-13,-2,12,13,21,16,17,6,19,20,0,-15,0,0,sil
18.23888874053955,-34,-33,-28,-47,0,0,4,5,10,10,-24,-30,-13,-17,sil
18.255051851272583,-27,-32,-45,-42,-4,-9,0,11,16,1,-26,-27,-9,-17,sil
18.255051851272583,-10,-10,-24,0,4,-4,-1,4,14,-13,-13,-9,1,-9,sil
18.27051782608032,-7,-11,-17,-12,-1,-12,-14,-15,-15,-35,-15,-1,0,-11,sil
18.27051782608032,-5,0,-15,-20,-1,-20,-21,-19,-29,-27,-11,2,-4,-12,sil
18.28565812110901,1,17,0,4,9,-7,-15,-12,-17,-8,-5,4,-6,-9,sil
18.28565812110901,2,10,5,14,9,1,-3,-18,-19,-21,-13,-4,-20,-17,sil
18.301263332366943,-8,0,2,7,0,4,7,-10,-20,-24,-27,-14,-33,-14,sil
18.301263332366943,-22,-9,-12,0,-5,9,18,14,0,7,-29,-19,-24,-4,sil
18.31683039665222,-22,-25,-29,-13,-12,0,15,19,16,15,-13,-13,-4,-2,sil
18.31683039665222,0,-9,-8,-10,-8,-15,0,7,12,0,8,16,12,7,sil
18.33231830596924,25,14,13,1,3,-7,-7,5,4,2,23,34,26,21,sil
18.33231830596924,29,14,16,6,9,0,-5,0,-8,-2,30,29,22,17,sil
18.348315715789795,17,13,19,12,3,-4,-5,-14,-22,-17,26,15,1,1,sil
18.348315715789795,1,5,12,10,-4,-3,-9,-12,-14,-3,1,-3,-14,0,sil
18.36389183998108,-9,-10,3,0,-8,3,-1,3,10,21,-11,-9,-9,11,sil
18.36389183998108,-6,-8,0,3,-2,7,13,12,25,29,0,-6,2,17,sil
18.37939715385437,-6,-5,-2,-2,-1,3,4,5,9,10,-2,-9,-1,6,sil
18.37939715385437,-10,-15,-11,-28,-12,-5,-16,-6,-6,-13,-9,-3,-4,-8,sil
18.39550089836121,0,-3,-3,-18,-3,-7,-11,-5,-5,-12,9,10,10,-9,sil
18.39550089836121,13,18,16,9,16,0,4,4,-4,0,24,17,18,0,sil
18.410537481307983,10,22,19,10,14,7,4,7,-6,-4,18,14,10,-1,sil
18.410537481307983,-1,20,23,12,6,14,2,2,3,1,13,11,2,-7,sil
18.426109552383423,-1,17,24,30,9,29,15,2,22,30,11,2,6,4,sil
18.426109552383423,4,-2,-1,23,6,25,21,9,27,29,1,-6,9,9,sil
18.4411883354187,-3,-20,-16,-2,0,4,8,13,13,4,-8,-3,0,4,sil
18.4411883354187,-13,-20,-13,-9,-5,-1,-2,2,0,5,-10,-4,-5,0,sil
18.4572856426239,-2,-17,-19,-12,-13,-12,-11,-9,-2,5,-9,-5,4,1,sil
18.4572856426239,13,-10,-22,-19,-18,-28,-19,-5,1,-12,0,4,16,0,sil
18.472944259643555,14,6,-9,-13,-12,-25,-16,-7,-4,-22,11,3,7,-6,sil
18.472944259643555,8,17,7,2,2,-10,-7,-19,-22,-22,1,-9,-11,-14,sil
18.48830008506775,6,18,15,19,17,0,-2,-19,-24,-21,-15,-18,-21,-15,sil
18.48830008506775,3,20,13,22,15,2,0,-11,-14,-13,-15,-13,-18,-6,sil
18.503833055496216,-3,6,10,9,3,7,8,-2,-7,0,-10,-5,-11,1,sil
18.503833055496216,-10,-13,-3,0,-2,11,15,9,6,15,-10,-8,-3,7,sil
18.519221544265747,-10,-12,-11,0,-1,8,13,18,17,18,-11,-10,-2,13,sil
18.519221544265747,-3,-3,-10,-3,-1,4,12,20,14,7,-11,-5,1,13,sil
18.5351505279541,-2,-9,-11,-14,-6,2,7,19,14,5,-5,4,11,9,sil
18.5351505279541,-3,-10,-12,-20,-6,-4,-2,11,18,9,14,19,21,9,sil
18.55025148391724,3,-5,-8,-16,1,-9,-6,4,12,8,27,19,27,6,sil
18.55025148391724,7,1,0,-8,3,-10,-10,-2,-8,-7,10,6,10,-5,sil
18.565280199050903,2,14,3,4,2,-13,-16,-17,-26,-26,-4,-1,-19,-18,sil
18.58081889152527,0,18,11,14,5,-10,-10,-21,-25,-18,0,0,-23,-15,sil
18.58081889152527,0,4,17,8,3,0,-2,-14,-14,6,0,0,-17,-8,sil
18.59686493873596,-5,-9,2,0,-3,9,0,-9,-10,8,-8,-6,-22,-9,sil
18.59686493873596,-19,-16,-9,-9,-6,8,0,-2,-4,-3,-15,-10,-21,-5,sil
18.6128797531128,-22,-19,-17,-19,-9,0,-2,5,7,-2,-17,-11,-5,-3,sil
18.6128797531128,-2,-18,-17,-18,-16,-8,-7,9,7,-1,-4,0,7,-2,sil
18.6128797531128,8,-4,2,-5,-8,-7,-12,2,-5,-9,24,18,10,0,sil
18.62811708450317,-3,8,11,5,7,3,-4,-10,-8,-9,27,6,4,-9,sil
18.644482374191284,-8,4,7,12,11,14,7,-6,-5,0,-1,-15,-4,-9,sil
18.644482374191284,0,0,13,19,3,22,14,8,0,7,-10,-9,-1,7,sil
18.644482374191284,0,4,7,14,2,22,18,9,9,10,-6,-4,-1,9,sil
18.66018438339233,-8,0,-1,0,2,7,16,8,17,12,-15,-6,-1,4,sil
18.66018438339233,5,-2,-3,-5,2,-7,7,15,26,18,-2,12,20,14,sil
18.67593145370484,31,18,4,2,10,-12,-4,6,19,3,18,38,37,21,sil
18.67593145370484,34,34,19,15,16,-4,-3,-11,-2,-15,19,28,26,9,sil
18.69201636314392,15,18,19,21,5,0,8,-7,-2,1,14,-1,9,1,sil
18.69201636314392,1,-2,-1,5,-4,0,12,10,17,27,5,-5,7,13,sil
18.70810103416443,3,-6,-17,-15,-9,-4,0,12,20,19,4,4,14,15,sil
18.70810103416443,3,2,-8,-14,-8,-12,-18,-2,-1,-9,15,4,7,-2,sil
18.724300861358643,-3,9,6,7,0,-2,-12,-17,-17,-20,4,-4,-12,-15,sil
18.724300861358643,-4,2,1,14,7,12,7,-10,-10,0,-19,-15,-19,-10,sil
18.74030303955078,4,-11,-5,-6,0,0,2,7,2,9,-13,-6,-6,1,sil
18.74030303955078,8,-8,-1,-15,-6,-20,-19,7,0,-10,8,11,7,4,sil
18.75589871406555,4,11,8,0,0,-16,-20,-2,-18,-22,7,12,5,0,sil
18.75589871406555,-4,13,10,15,2,0,0,-8,-29,-13,-9,-9,-14,-9,sil
18.771435499191284,-13,-3,1,10,-6,18,15,-6,-20,-11,-19,-26,-29,-14,sil
18.771435499191284,-14,-14,-5,-3,-7,21,10,-2,-10,-6,-22,-17,-32,-7,sil
18.78697299957276,-12,-17,-13,-4,-3,3,5,0,1,14,-16,-9,-18,-3,sil
18.78697299957276,-17,-23,-18,-5,-11,-7,1,3,14,22,-11,-15,-7,0,sil
18.802993535995483,-20,-27,-17,-22,-15,-6,-3,4,19,11,-11,-13,-9,3,sil
18.802993535995483,-13,-33,-27,-36,-7,-9,-4,1,19,1,-11,-9,-4,-3,sil
18.818885803222656,-9,-32,-24,-36,1,-7,-5,0,3,-6,-3,-1,7,-8,sil
18.818885803222656,-8,-7,-4,-17,3,0,-5,-4,-14,-13,7,12,9,-4,sil
18.834409952163696,1,13,4,0,4,0,-5,-8,-13,-18,13,20,3,-5,sil
18.834409952163696,12,16,3,1,7,-7,-9,-3,-6,-17,14,13,4,-9,sil
18.85004425048828,14,22,14,17,11,-9,-9,-1,-9,-10,13,6,6,-12,sil
18.85004425048828,14,36,35,44,19,3,-1,-7,-10,0,13,11,1,-5,sil
18.86514616012573,17,37,35,44,24,27,15,0,4,17,19,14,8,15,sil
18.86514616012573,16,24,17,29,15,28,33,20,29,33,25,6,25,35,sil
18.88042473793029,3,8,4,20,0,12,28,18,36,28,9,-3,12,25,sil
18.89585518836975,-10,-6,-17,2,-9,6,9,1,15,13,-18,-18,-15,-1,sil
18.89585518836975,-18,-20,-27,-20,-6,1,-7,0,-2,0,-27,-16,-13,-6,sil
18.910896062850952,-11,-18,-13,-26,-3,-5,-14,5,0,-7,-11,-1,10,1,sil
18.910896062850952,3,-3,-7,-21,-6,-14,-12,2,2,-7,0,5,14,1,sil
18.92618656158448,10,0,-5,-16,-10,-22,-11,-2,-5,-2,2,11,8,2,sil
18.92618656158448,19,0,5,-7,-11,-22,-12,0,-12,-4,16,21,19,4,sil
18.94228386878968,29,9,24,0,-9,-16,-9,0,-14,-12,20,20,20,2,sil
18.94228386878968,18,14,24,12,0,-5,-3,-9,-12,-9,12,3,0,-5,sil
18.95784568786621,-2,13,15,19,4,0,-5,-15,-15,-9,5,-7,-17,-9,sil
18.95784568786621,0,17,27,19,4,0,-3,-11,-16,-13,0,3,-8,-1,sil
18.97349071502685,9,8,24,14,4,13,14,-2,-2,6,-1,2,5,3,sil
18.97349071502685,-13,-17,-10,0,1,26,18,-2,5,16,-20,-18,-14,0,sil
18.98856019973755,-36,-26,-28,-17,-4,22,7,-3,2,-4,-39,-25,-34,-5,sil
18.98856019973755,-20,-18,-15,-16,-3,10,1,4,7,-3,-25,-12,-13,-1,sil
19.0040922164917,-8,-21,-8,-10,-3,-5,-4,5,11,13,-8,-7,-4,4,sil
19.0040922164917,-18,-25,-23,-18,-12,-19,-8,1,7,3,-16,-12,-21,0,sil
19.0194149017334,-13,-14,-32,-20,-9,-14,-3,8,7,-7,-14,-2,-11,-7,sil
19.0194149017334,7,0,-18,-2,6,-1,2,14,9,0,6,11,9,-4,sil
19.0354528427124,13,8,-4,6,12,0,4,12,2,0,19,10,7,-3,sil
19.0354528427124,7,13,2,-1,4,0,0,8,-2,-7,21,9,0,-4,sil
19.05106496810913,10,11,1,0,3,6,1,0,-1,-7,24,11,12,-9,sil
19.05106496810913,13,8,9,15,11,11,2,-9,-6,2,24,5,16,-8,sil
19.06626057624817,8,15,21,27,12,5,-2,-11,-12,3,16,-4,1,-4,sil
19.06626057624817,0,17,11,24,8,0,0,-12,-6,-7,0,-17,-6,-7,sil
19.081794261932373,-11,2,2,8,9,4,12,-12,-1,-3,-9,-16,-3,-2,sil
19.081794261932373,-10,-8,9,1,3,11,16,-2,6,21,-3,-6,7,13,sil
19.09726905822754,-2,-5,0,-1,-9,0,7,5,13,23,-6,-4,7,20,sil
19.09726905822754,-7,-8,-18,-18,-12,-6,3,6,12,8,-22,-11,-6,12,sil
19.112927436828613,-10,-15,-22,-29,-3,1,1,8,11,9,-27,-7,-2,7,sil
19.112927436828613,6,-7,-5,-20,2,1,-11,10,11,9,-6,20,16,14,sil
19.12812781333924,20,7,4,-4,0,-17,-17,4,2,-4,22,35,20,16,sil
19.12812781333924,15,12,10,3,-4,-31,-17,-3,-9,-15,27,17,8,3,sil
19.144174575805664,10,14,18,3,-8,-22,-22,-8,-19,-22,6,10,0,-5,sil
19.144174575805664,14,15,15,6,-11,-5,-19,-9,-29,-25,-3,15,-2,-6,sil
19.15946173667908,4,2,14,12,-12,1,-10,-7,-32,-20,-3,3,-3,-4,sil
19.15946173667908,-8,-6,13,12,-9,3,-1,-4,-8,-15,-5,-11,-4,-1,sil
19.1752290725708,-15,-6,0,2,-9,10,6,0,13,-1,-7,-12,-10,-3,sil
19.1752290725708,-17,-9,-11,0,-8,20,14,8,16,24,-11,-5,-13,-7,sil
19.19075083732605,-4,-11,-12,4,0,14,17,16,23,32,-3,0,2,0,sil
19.19075083732605,18,0,-2,0,6,-4,7,10,22,12,17,12,18,11,sil
19.206655025482178,14,15,6,-1,9,-7,2,-2,1,-3,23,10,12,0,sil
19.206655025482178,-6,22,9,12,15,8,9,-7,-12,-9,8,-9,-6,-21,sil
19.222413301467896,-2,17,15,11,18,8,9,-10,-14,-13,1,-8,-15,-17,sil
19.222413301467896,6,4,10,3,15,1,3,-11,-11,-2,6,-1,-6,-6,sil
19.23807191848755,-6,-5,-3,4,15,13,4,-5,-7,1,-8,-9,-10,-4,sil
19.23807191848755,-16,-12,-10,-1,13,19,11,-2,-7,-1,-28,-22,-27,-10,sil
19.253503561019897,-11,-21,-19,-15,0,3,12,0,-7,7,-25,-23,-22,-6,sil
19.253503561019897,-10,-30,-23,-18,-10,-4,0,4,0,12,-16,-13,-9,6,sil
19.268897771835327,-10,-31,-26,-21,-14,-3,-10,4,5,0,-14,-5,-2,5,sil
19.268897771835327,-6,-17,-20,-27,-13,-12,-11,12,11,-2,-7,-2,8,4,sil
19.28420376777649,0,-2,-12,-17,-14,-18,-14,12,15,5,8,3,23,10,sil
19.28420376777649,4,6,-11,-6,-12,-19,-25,-4,4,-3,17,15,18,1,sil
19.29997038841248,8,21,5,1,1,-14,-19,-7,-7,-7,18,21,11,-3,sil
19.29997038841248,7,29,22,21,14,7,8,6,4,8,16,6,11,3,sil
19.31541895866394,2,10,13,27,5,18,21,15,24,15,0,-5,2,15,sil
19.31541895866394,5,-7,2,2,-9,-4,5,11,23,7,-3,5,5,20,sil
19.33127808570861,14,-3,5,-8,-13,-25,-14,0,1,3,17,20,20,11,sil
19.33127808570861,13,12,19,5,-5,-16,-19,-13,-15,-6,20,21,15,0,sil
19.34726119041443,12,27,30,25,7,8,0,-8,-9,-10,13,14,10,2,sil
19.34726119041443,7,22,28,29,16,25,21,0,4,0,8,4,6,6,sil
19.362273931503296,-8,-2,5,2,7,23,24,-1,5,2,-17,-11,-17,0,sil
19.362273931503296,-20,-21,-22,-24,-4,4,6,0,-3,-7,-39,-24,-33,-9,sil
19.377456188201904,-11,-18,-20,-22,-6,-12,-17,-1,-13,-17,-18,-3,-15,-15,hello
19.377456188201904,11,0,4,0,-1,-8,-18,-6,-8,-6,13,19,8,-5,hello
19.393234968185425,23,14,20,18,8,7,0,-6,-2,5,12,14,8,0,hello
19.393234968185425,4,9,13,23,13,14,12,-12,-14,1,-4,-6,-12,-13,hello
19.409268856048584,-25,-11,-20,4,0,11,8,-17,-20,-1,-18,-29,-28,-22,hello
19.424872875213623,-31,-26,-37,-20,-11,1,-1,-2,-6,0,-23,-32,-18,-8,hello
19.424872875213623,-1,-7,-20,-13,-4,-3,1,13,8,-4,-7,-6,7,3,hello
19.424872875213623,22,22,6,7,5,0,3,14,5,-4,19,13,17,6,hello
19.44008708000183,9,20,12,7,5,0,-6,3,-7,0,17,2,0,0,hello
19.44008708000183,-11,-5,-5,0,-2,-4,0,0,-7,2,-9,-12,-18,-7,hello
19.45523381233216,-5,-12,-8,1,-5,-6,17,14,12,17,-13,-1,-3,4,hello
19.47090673446656,13,-2,3,-1,1,-13,8,26,33,29,15,15,28,19,hello
19.47090673446656,12,-1,3,-11,7,-12,-7,10,20,15,33,20,29,9,hello
19.48602271080017,-4,-1,2,-13,4,-1,-11,-16,-11,-7,22,12,5,-3,hello
19.48602271080017,-9,-2,7,-3,3,3,-2,-13,-14,-7,9,-1,0,-5,hello
19.501279830932617,-6,-11,3,0,5,5,7,6,3,2,-1,-4,5,5,hello
19.501279830932617,-14,-16,-16,-7,-4,5,9,8,15,3,-17,-3,-2,12,hello
19.51699209213257,-17,-9,-21,-22,-16,-9,-6,-3,11,-3,-20,-8,-7,4,hello
19.51699209213257,2,0,2,-26,-15,-20,-30,-11,-7,-12,-1,3,2,0,hello
19.53301405906677,22,2,10,-4,-13,-11,-31,-15,-23,-20,8,12,5,0,hello
19.53301405906677,18,10,6,10,-11,-4,-14,-12,-25,-28,-3,0,-6,-10,hello
19.54830002784729,3,21,16,13,-3,-1,-7,-7,-22,-22,-11,-16,-17,-20,hello
19.54830002784729,-7,19,19,23,5,8,-1,-8,-13,-11,-11,-17,-21,-14,hello
19.56384968757629,-8,1,11,25,9,20,21,-1,5,1,-16,-5,-19,0,hello
19.56384968757629,-7,-12,-4,13,5,23,34,13,17,14,-16,-4,-12,2,hello
19.579877614974976,-11,-13,-15,4,0,11,16,13,9,9,-10,-6,-6,1,hello
19.579877614974976,0,-3,-10,-1,4,0,6,6,12,4,3,10,12,8,hello
19.59581613540649,17,3,0,-11,10,-1,4,11,28,24,23,29,33,14,hello
19.59581613540649,11,11,4,-7,6,-6,-4,7,16,21,19,23,24,4,hello
19.611315727233887,4,22,2,10,5,-4,-5,-4,-4,-8,4,1,1,-14,hello
19.611315727233887,1,20,2,16,8,14,1,-5,-1,-11,0,-13,-8,-20,hello
19.62735915184021,-12,-7,-3,0,0,20,4,0,7,13,-10,-23,-14,-11,hello
19.62735915184021,-14,-27,-10,-8,-6,0,7,11,11,25,-17,-21,-7,5,hello
19.64304685592652,8,-9,1,2,9,-7,10,18,21,21,1,4,11,30,hello
19.64304685592652,20,1,0,5,16,0,8,10,20,21,16,16,18,30,hello
19.65815782546997,11,-7,-13,-8,0,-6,1,2,1,6,16,7,17,13,hello
19.65815782546997,12,3,0,-9,0,-13,-3,-2,-11,-17,26,19,23,6,hello
19.67419004440308,15,22,13,2,12,-3,-7,-17,-18,-20,25,22,15,-2,hello
19.67419004440308,-6,10,0,-1,-2,-4,-18,-27,-34,-13,2,0,-8,-17,hello
19.68986487388611,-25,0,-3,-3,-18,-8,-17,-18,-35,-8,-3,-11,-16,-15,hello
19.68986487388611,-22,-4,2,6,-8,0,0,-2,-11,5,-3,-6,-7,0,hello
19.7049024105072,-19,-26,-5,-5,-11,0,10,0,3,13,-21,-11,-8,2,hello
19.7049024105072,-18,-42,-26,-30,-31,-16,-3,-6,-5,-10,-27,-21,-16,-8,hello
19.72091031074524,-2,-24,-12,-28,-26,-23,-24,-10,-22,-38,-15,-4,-17,-14,hello
19.72091031074524,12,2,10,-4,-2,-8,-14,-6,-24,-38,-3,11,-9,-11,hello
19.736851453781128,8,19,15,12,9,1,0,-4,-16,-25,-1,0,-12,-10,hello
19.736851453781128,0,26,17,22,9,5,-5,-4,-8,-11,-3,-13,-20,-11,hello
19.75288033485413,0,18,14,23,6,13,-2,4,0,2,-11,-13,-15,-7,hello
19.75288033485413,0,0,0,2,1,11,6,16,16,7,-20,-6,-3,5,hello
19.76881527900696,2,-5,-12,-17,2,0,3,19,37,12,-6,0,11,13,hello
19.76881527900696,15,5,-3,-11,6,-3,0,16,34,18,20,15,28,11,hello
19.78483533859253,21,18,13,4,4,0,-1,6,12,9,25,23,27,4,hello
19.78483533859253,9,15,12,19,9,17,13,0,10,11,16,4,9,2,hello
19.800265789031982,-3,-1,2,19,20,31,36,7,22,29,4,-10,-1,11,hello
19.800265789031982,-8,-19,-11,-1,10,18,27,15,15,31,-1,-3,4,12,hello
19.81499528884888,-1,-15,-18,-14,-3,-2,-2,7,-1,8,6,9,10,1,hello
19.81499528884888,8,1,1,1,0,-7,-9,-10,-5,-13,11,9,-1,0,hello
19.830452919006348,0,0,8,12,0,-3,7,-18,-3,-8,-6,-7,-16,-2,hello
19.830452919006348,-17,-12,-12,-6,-10,-4,13,-3,-1,13,-16,-10,-6,0,hello
19.845656394958496,0,-1,-10,-13,-5,-9,-3,7,0,9,3,6,18,7,hello
19.845656394958496,20,19,14,9,1,-12,-18,-2,-6,-15,17,15,19,5,hello
19.86160469055176,0,18,21,15,-1,-4,-9,-14,-21,-20,2,6,-4,-6,hello
19.86160469055176,-25,-3,-7,0,-5,8,4,-5,-12,0,-19,-15,-20,-11,hello
19.877705097198486,-12,-22,-23,-12,-5,1,-1,7,7,6,-24,-24,-15,-2,hello
19.877705097198486,9,-21,-12,-10,-7,-9,-13,5,6,-3,-4,-2,0,-1,hello
19.89301896095276,9,-3,-1,-7,0,-11,-17,-1,-3,-9,20,20,12,-4,sil
19.89301896095276,9,12,8,-3,14,-9,-12,-6,-6,-5,18,19,10,0,sil
19.908775568008423,10,13,11,5,10,-1,0,-4,-7,-10,1,2,3,-1,sil
19.908775568008423,-6,1,10,10,-3,7,3,-3,-10,-12,-8,-7,-7,-6,sil
19.92422580718994,-20,-7,7,3,0,12,7,-5,-2,8,-10,-12,-13,-2,sil
19.92422580718994,-16,-7,-9,-3,1,10,17,0,9,16,-9,-18,-7,0,sil
19.93983054161072,-11,-3,-13,-8,-5,2,13,9,13,0,-13,-11,-1,8,sil
19.93983054161072,4,0,0,-4,-5,-3,1,9,13,5,-1,7,9,15,sil
19.954973936080933,19,7,4,2,-1,-15,-11,3,7,15,17,17,21,7,sil
19.954973936080933,14,13,1,1,-6,-21,-19,-1,-7,-3,20,15,15,-3,sil
19.97050976753235,8,15,0,-2,-3,-6,-12,-10,-20,-21,6,2,-2,-13,sil
19.97050976753235,5,18,1,8,11,5,-7,-12,-21,-15,-2,-2,-13,-17,sil
19.986060857772827,-1,15,7,24,14,7,-2,0,-5,2,4,-3,-8,-7,sil
19.986060857772827,-9,-3,3,13,2,15,11,5,8,11,4,-9,-8,4,sil
20.00158452987671,-14,-19,-3,-7,-6,20,18,0,2,1,-17,-18,-21,0,sil
20.00158452987671,-13,-19,-13,-11,-12,5,11,-1,-7,-12,-27,-22,-25,-4,sil
20.0174400806427,-8,-22,-15,-15,-12,-5,2,-3,-11,-14,-15,-15,-15,2,sil
20.0174400806427,-3,-29,-20,-25,-5,-7,-5,-4,-6,0,-10,-6,-7,0,sil
20.03227710723877,9,-17,-13,-17,-1,-15,-11,7,10,14,0,12,10,3,sil
20.03227710723877,25,6,14,0,1,-11,-2,16,23,12,26,33,35,19,sil
20.048261165618896,19,17,20,5,10,6,3,9,17,5,35,26,37,11,sil
20.048261165618896,3,12,8,0,11,5,-2,-2,5,0,17,13,17,-4,sil
20.06410765647888,1,13,17,7,6,-2,-2,-11,0,-9,7,11,2,-3,sil
20.06410765647888,2,18,31,28,6,8,3,-11,-12,-12,-1,0,-8,-3,sil
20.08606743812561,-11,8,21,25,6,21,6,-3,-15,0,-18,-16,-21,0,sil
20.08606743812561,-25,-9,-5,-4,0,14,10,4,1,8,-19,-16,-18,1,sil
20.08606743812561,-14,-9,-14,-15,0,1,10,13,15,3,-15,-9,-4,-1,sil
20.09541893005371,5,1,-5,5,7,-1,8,20,19,15,-9,-4,11,2,sil
20.110992908477783,7,2,-6,6,1,-4,4,14,26,33,2,4,22,18,sil
20.110992908477783,-2,-5,-20,-17,-11,-14,-4,-1,19,13,7,11,18,8,sil
20.126250743865967,0,-6,-20,-12,-5,-17,-11,-9,-2,-17,5,5,10,-13,sil
20.126250743865967,10,5,5,9,5,-11,-12,-8,-20,-20,9,8,2,-9,sil
20.141859531402588,7,12,13,9,-7,-8,-12,-10,-29,-22,10,6,-9,-7,sil
20.141859531402588,-2,3,-5,2,-17,-7,-11,-15,-34,-34,0,-11,-22,-22,sil
20.15717720985413,0,6,6,10,4,3,-7,-12,-23,-18,-2,-13,-21,-13,sil
20.15717720985413,7,12,18,16,14,15,2,-2,-1,16,2,-3,-9,2,sil
20.173404455184937,-2,-6,-2,3,-6,5,9,2,10,24,0,-3,-4,3,sil
20.173404455184937,-13,-22,-17,-7,-13,-6,10,7,21,16,-2,0,0,12,sil
20.189404487609863,-6,-20,-17,-16,-1,0,9,13,27,13,-2,5,5,22,sil
20.189404487609863,2,-20,-20,-28,-5,1,2,10,9,3,-11,0,7,14,sil
20.20531725883484,10,-6,-14,-20,-5,-5,-3,5,-3,0,-4,0,16,3,sil
20.20531725883484,13,20,8,4,10,-2,0,0,-3,3,20,10,23,3,sil
20.22090697288513,12,28,27,14,14,11,0,-8,-6,-1,26,13,14,0,sil
20.22090697288513,14,23,24,14,7,19,0,-14,-5,-4,13,2,1,-2,sil
20.236114740371704,6,14,19,16,12,18,4,-9,-3,1,0,-3,-8,1,sil
20.236114740371704,-12,-2,4,14,10,16,7,-6,-7,4,-13,-15,-21,-6,sil
20.251262426376343,-26,-20,-15,-3,-2,3,0,-1,-5,-2,-24,-25,-28,-12,sil
20.26591348648072,-24,-30,-25,-24,-14,-14,-11,7,2,-10,-24,-19,-16,-5,sil
20.26591348648072,-14,-26,-22,-27,-19,-28,-8,14,2,-9,-14,-3,1,-4,sil
20.28105735778809,-5,-7,-13,-22,-13,-28,-11,9,-6,-15,-2,12,3,-7,sil
20.28105735778809,0,4,-3,-13,-6,-17,-18,-3,-14,-29,2,13,-4,-12,sil
20.29626202583313,7,14,13,7,1,-5,-11,-13,-7,-19,6,8,-1,-12,sil
20.29626202583313,13,26,34,29,16,10,7,-9,1,3,9,8,4,0,sil
20.31216812133789,0,13,14,20,7,14,9,-6,-4,2,-9,-8,-10,-2,sil
20.31216812133789,-24,-22,-14,-6,-12,0,0,-7,-7,0,-28,-30,-29,-11,sil
20.32826352119445,-21,-31,-18,-10,-8,0,9,5,17,24,-9,-22,-9,0,sil
20.32826352119445,10,-4,-4,2,5,9,15,29,41,36,18,10,26,28,sil
20.343873977661133,34,18,12,11,9,0,0,27,36,28,28,36,40,35,sil
20.343873977661133,28,20,15,9,11,-5,-5,5,12,15,31,33,32,15,sil
20.35932469367981,7,9,5,1,6,-1,1,-6,-12,-11,13,5,3,-9,sil
20.35932469367981,-9,2,0,-2,1,9,9,-7,-21,-23,-19,-25,-32,-22,sil
20.374903917312626,-24,-2,-6,1,6,27,14,-7,-11,-6,-33,-38,-39,-18,sil
20.374903917312626,-21,-14,-13,0,2,19,8,-8,-2,-6,-18,-14,-15,-4,sil
20.389951705932617,5,-13,-9,-3,-8,-9,-5,-10,-2,-13,10,15,14,6,sil
20.389951705932617,27,7,6,-1,-4,-11,-9,-3,-3,5,25,29,36,19,sil
20.406004428863525,26,18,13,0,2,-1,-1,6,2,22,27,31,46,22,sil
20.406004428863525,18,15,13,4,0,-12,-5,7,1,8,33,32,42,12,sil
20.422037839889526,15,19,27,14,0,-12,-13,1,-3,0,29,29,21,6,sil
20.422037839889526,11,27,30,29,1,4,-1,0,4,9,12,8,0,3,sil
20.4371874332428,-2,17,12,22,0,8,9,0,3,2,-8,-11,-18,0,sil
20.4371874332428,-20,-12,-12,-4,-2,5,7,-7,-17,-16,-31,-29,-37,-7,sil
20.45326280593872,-24,-33,-35,-22,-3,8,10,-9,-17,-16,-43,-38,-33,-12,sil
20.45326280593872,-23,-27,-32,-21,-6,8,15,1,1,0,-33,-33,-19,-6,sil
20.468942880630493,-23,-19,-27,-21,-7,-2,5,9,2,3,-21,-23,-17,-4,sil
20.468942880630493,-8,-19,-22,-23,-6,-16,-11,5,2,-4,-11,-4,-8,-6,sil
20.48440432548523,19,-7,-4,-13,-1,-12,-11,2,13,-10,10,18,15,1,sil
20.48440432548523,25,4,5,-3,3,-3,-3,4,13,-6,31,26,24,9,sil
20.49980878829956,13,7,5,1,5,-9,-2,5,4,2,28,23,15,3,sil
20.49980878829956,11,14,11,13,10,-7,-2,0,4,8,16,13,10,0,sil
20.515916347503666,9,22,24,26,17,6,-6,-7,1,1,6,2,1,1,sil
20.515916347503666,-4,14,20,24,13,10,-11,-10,-10,-2,-5,-2,-12,-7,sil
20.53194832801819,-23,-8,-4,12,1,6,-2,-9,-17,1,-17,-19,-25,-20,sil
20.53194832801819,-29,-16,-13,-1,-2,9,6,-6,-8,1,-20,-24,-25,-9,sil
20.548041582107544,-24,-9,-12,-10,-10,8,0,-6,0,6,-18,-20,-21,-3,sil
20.548041582107544,-38,-27,-30,-29,-37,-22,-22,-18,-17,-8,-36,-42,-38,-24,sil
20.56434869766236,-63,-58,-51,-59,-56,-50,-38,-27,-41,-43,-57,-60,-55,-43,sil
20.56473469734192,-35,-41,-29,-47,-32,-24,-21,-5,-14,-29,-28,-27,-20,-25,sil
20.579869747161865,28,15,23,0,14,17,6,29,25,18,22,25,33,15,sil
20.579869747161865,55,49,46,31,32,29,19,31,28,28,44,40,49,30,sil
20.59593296051025,49,44,39,31,27,19,23,15,13,12,46,43,44,23,sil
20.59593296051025,45,38,35,25,26,9,22,5,13,13,49,50,42,20,sil
20.612008333206177,30,34,25,25,18,4,12,-1,11,14,33,26,22,10,sil
20.612008333206177,8,12,18,25,10,17,18,-3,2,7,0,0,-5,7,sil
20.627286672592163,8,-1,11,16,10,32,36,12,13,13,-2,5,1,25,sil
20.627286672592163,12,0,2,0,0,10,21,21,25,19,10,19,19,27,sil
20.6432900428772,-4,-8,-11,-12,-15,-19,-12,8,8,1,-4,4,6,3,sil
20.6432900428772,-17,-26,-32,-14,-11,-18,-18,-3,-8,-18,-26,-15,-10,-7,sil
20.658838272094727,-8,-16,-26,-13,3,-6,-6,0,-7,-14,-18,-5,-4,2,sil
20.658838272094727,10,0,-1,-2,12,-7,-2,0,-1,2,2,13,11,13,sil
20.674352645874023,13,1,-1,8,7,-14,-7,-9,-3,2,10,10,18,9,sil
20.674352645874023,-1,6,-8,6,-1,-13,-14,-16,-13,-10,9,3,4,-5,sil
20.68991231918335,-9,13,0,4,-3,-2,-14,-14,-22,-12,8,-1,-13,-17,sil
20.68991231918335,-2,7,13,5,0,0,-9,-9,-17,-14,1,-6,-20,-12,sil
20.70533561706543,-3,3,10,4,4,2,0,-6,-1,-14,-2,-11,-10,-12,sil
20.70533561706543,-12,5,1,5,0,10,4,-6,0,-1,-5,-15,-8,-18,sil
20.72091269493103,-19,-7,0,1,-10,11,4,-8,-9,3,-19,-18,-23,-13,sil
20.72091269493103,-21,-23,-7,-8,-17,6,6,-7,-8,-4,-26,-22,-29,-12,sil
20.736045837402344,-18,-23,-18,-11,-9,6,7,0,0,0,-15,-17,-16,-8,sil
20.736045837402344,-6,-16,-5,0,-1,11,4,7,11,25,0,-7,0,7,sil
20.75126361846924,0,-8,1,1,-3,7,5,14,22,33,2,-4,7,17,sil
20.75126361846924,-3,-5,-4,-14,-5,-7,5,13,22,14,-11,-4,0,12,sil
20.766977548599243,-5,-12,-17,-23,-8,-15,-1,6,11,-2,-14,-2,-1,0,sil
20.766977548599243,-6,-16,-21,-20,-10,-9,-15,3,0,-9,-2,0,7,-8,sil
20.783085107803345,-5,-6,-16,-18,-9,-14,-20,0,-11,-19,4,1,12,-13,sil
20.783085107803345,6,5,-1,-13,-1,-26,-18,0,-18,-19,8,6,12,-8,sil
20.79893469810486,16,11,8,-7,2,-22,-19,-1,-24,-13,14,17,9,0,sil
20.79893469810486,12,14,6,-1,0,-9,-16,-7,-22,-15,15,15,0,-6,sil
20.81495451927185,15,23,13,13,6,-1,-1,-6,-6,-13,13,3,-8,-7,sil
20.81495451927185,17,24,23,27,15,11,12,-1,7,1,11,1,-5,4,sil
20.83096647262573,0,14,8,17,13,23,17,-4,7,9,2,-2,-1,5,sil
20.83096647262573,-7,9,4,9,11,18,16,-7,0,5,-6,-5,-1,3,sil
20.847034454345703,0,6,12,18,10,18,20,0,7,6,-7,-6,-3,6,sil
20.847034454345703,0,-1,8,16,6,22,21,2,12,10,-11,-6,-2,8,sil
20.863054513931274,-1,-2,6,5,3,23,15,0,9,17,-16,-3,1,12,sil
20.863054513931274,6,-4,2,0,0,14,7,10,18,21,-9,3,7,16,sil
20.877840518951416,9,-5,-7,-10,-4,-7,-4,19,25,5,7,15,14,9,sil
20.877840518951416,4,3,-9,-9,0,-19,-17,2,4,-12,20,16,11,-9,sil
20.89404344558716,-1,3,0,6,2,-9,-16,-14,-22,-14,7,1,-6,-13,sil
20.89404344558716,-5,-6,7,12,-1,-1,0,-1,-9,2,-2,-2,-6,7,sil
20.909565210342407,0,-3,0,8,-2,-8,7,20,23,24,19,16,18,26,sil
20.909565210342407,4,0,-1,-3,0,-20,-14,11,19,15,31,27,25,16,sil
20.9252347946167,8,0,3,-11,0,-18,-23,-12,-10,-9,14,11,8,-6,sil
20.9252347946167,12,8,13,3,4,0,6,-12,-19,-8,1,3,-4,-8,sil
20.94129991531372,-4,4,13,13,4,18,31,0,-7,4,-6,0,-13,-2,sil
20.94129991531372,-25,-17,-18,-12,-11,10,16,2,0,0,-17,-16,-12,-9,sil
20.95685601234436,-14,-26,-40,-34,-18,-12,-13,-5,-8,-16,-14,-12,-2,-11,sil
20.95685601234436,0,-13,-16,-21,-14,-22,-21,-14,-26,-30,-10,2,0,-14,sil
20.97238326072693,-5,0,6,-3,-12,-9,-14,-16,-33,-28,-19,-6,-14,-25,sil
20.97238326072693,-11,8,2,6,1,9,-6,-9,-17,-11,-19,-18,-21,-17,sil
20.98792290687561,-12,2,-6,7,10,13,2,1,2,7,-12,-26,-17,-1,sil
20.98792290687561,-13,-13,-4,-7,0,4,9,7,7,11,-18,-25,-13,4,sil
21.003953456878666,0,-15,-2,-10,-6,8,13,8,15,4,-19,-14,0,12,sil
21.003953456878666,12,-4,-1,1,-1,13,11,8,27,0,-10,-16,7,18,sil
21.01987934112549,6,0,-1,-8,-5,5,2,10,21,10,0,-12,7,12,sil
21.01987934112549,11,7,-1,-13,-2,-4,0,12,13,23,29,10,29,7,sil
21.035040616989136,27,25,13,13,13,-10,1,4,6,12,43,24,38,9,sil
21.035040616989136,21,33,26,31,17,-7,-6,-10,-8,-6,20,13,4,1,sil
21.051090955734253,-2,16,2,14,8,4,-12,-13,-18,-9,0,-6,-16,-13,sil
21.051090955734253,-21,-12,-13,-7,1,9,-5,-10,-16,-5,-10,-18,-16,-21,sil
21.06720972061157,-20,-23,-13,-6,-2,4,3,-4,-2,-2,-21,-12,-20,-13,sil
21.06720972061157,0,-5,-10,7,1,1,1,13,14,7,-7,14,-5,8,sil
21.08333921432495,23,15,6,12,8,-1,1,24,21,12,23,33,20,20,sil
21.08333921432495,20,18,21,12,4,-7,1,12,12,-2,32,23,16,7,sil
21.099193572998047,-3,9,18,12,4,-4,-4,0,-2,-8,15,7,1,-2,sil
21.099193572998047,-13,0,6,9,10,6,-1,-6,-14,1,-2,-2,-1,-2,sil
21.11481714248657,-11,-4,0,4,0,5,5,-17,-17,0,-12,-3,-11,-1,sil
21.11481714248657,-9,-12,-3,-4,-16,-6,3,-14,-8,1,-8,4,-13,4,sil
21.129944324493408,0,-19,-10,-19,-15,-9,-3,1,9,19,7,8,6,10,sil
21.129944324493408,4,-15,-12,-29,-7,-9,-19,0,19,13,8,16,15,3,sil
21.145527839660645,0,-5,-14,-26,-8,-16,-29,-17,1,-9,0,20,3,-12,sil
21.145527839660645,-1,5,2,-7,0,-6,-11,-17,-16,-13,0,17,-5,-7,sil
21.16148614883423,0,14,22,15,13,24,21,-2,-15,-8,-3,5,-12,0,sil
21.16148614883423,-6,12,11,23,8,30,35,4,-10,-10,-22,-12,-24,-16,sil
21.177006483078003,-7,1,-1,7,-6,9,29,16,1,-2,-25,-15,-19,-9,sil
21.177006483078003,2,-7,-1,-6,-7,0,20,30,22,13,-9,-5,5,18,sil
21.192976713180546,5,-11,-11,-14,-3,-12,0,16,10,6,-5,-1,19,16,sil
21.192976713180546,2,-8,-13,-19,-10,-25,-18,-2,-10,-15,-1,-1,19,0,sil
21.2078504562378,6,-3,-6,-14,-11,-18,-19,-3,-7,-23,10,-3,19,0,sil
21.2078504562378,8,4,4,0,2,-5,-9,-7,-12,-19,7,-8,6,-3,sil
21.223949432373047,8,13,11,17,11,9,-2,-21,-18,-14,1,-18,-4,-13,sil
21.224358797073364,5,9,10,23,4,17,-2,-17,-6,-1,1,-32,-6,-8,sil
21.24005460739136,-7,-3,3,4,0,5,-1,0,-1,13,-7,-41,-13,0,sil
21.24005460739136,-16,-11,-7,-7,1,5,5,7,0,17,-15,-46,-21,-1,sil
21.255576372146606,-9,-10,-9,2,3,16,4,8,12,11,-5,-29,-9,1,sil
21.255576372146606,6,-1,-3,5,0,0,-5,12,18,5,10,12,11,10,sil
21.270692586898804,13,6,4,-4,-1,-20,-14,8,9,-1,18,39,16,11,sil
21.270692586898804,5,10,19,5,5,-8,-6,-4,3,-3,16,32,3,4,sil
21.28681755065918,0,9,14,22,7,16,13,-1,19,16,13,19,0,4,hello
21.28681755065918,-4,0,-9,5,0,15,20,10,27,38,3,15,3,11,hello
21.302988052368164,-7,-14,-26,-19,-4,-3,4,6,14,29,-4,12,3,6,hello
21.302988052368164,-1,-11,-23,-23,1,-15,-9,7,11,8,3,15,13,-3,hello
21.31874918937683,7,9,2,-6,12,-3,-10,8,12,0,16,26,24,-1,hello
21.31874918937683,3,19,17,18,11,16,4,-7,-3,-1,7,13,3,-6,hello
21.33396053314209,-6,3,0,17,3,19,15,-16,-17,-8,-15,-3,-24,-11,hello
21.33396053314209,-9,-13,-19,-9,-5,-2,-2,-9,-15,-12,-24,-6,-12,-5,hello
21.34903359413147,-10,-13,-20,-21,-15,-26,-27,-16,-31,-24,-14,-7,-1,-13,hello
21.34903359413147,-10,0,0,-5,-10,-22,-18,-21,-47,-47,-4,-8,-18,-28,hello
21.3642053604126,-2,11,15,18,4,0,10,-7,-27,-34,1,-9,-17,-16,hello
21.3642053604126,-2,2,11,20,4,7,16,1,-6,3,0,-10,-2,6,hello
21.38031578063965,-17,-17,-8,-5,-10,0,10,1,-5,9,-14,-13,-6,5,hello
21.38031578063965,-22,-19,-20,-20,-17,-9,7,7,0,-6,-16,-11,-8,-3,hello
21.396361351013184,-1,-4,-6,-15,-16,-19,-13,7,0,-11,-5,1,0,1,hello
21.396361351013184,19,7,16,-11,-9,-14,-24,0,-8,-11,11,12,4,7,hello
21.41188645362854,20,15,39,3,6,1,-3,4,0,-6,18,11,0,11,hello
21.41188645362854,21,25,42,19,13,15,9,4,11,13,11,4,0,12,hello
21.42755126953125,30,19,20,-1,5,20,11,1,11,28,4,2,0,9,hello
21.42755126953125,28,0,19,-23,1,12,14,8,14,22,4,13,9,19,hello
21.443109035491943,25,0,20,6,8,4,14,13,33,21,17,22,29,27,hello
21.443109035491943,19,13,-6,43,14,8,3,12,45,22,30,15,39,18,hello
21.458110332489014,1,6,-23,30,12,13,-1,6,26,5,24,0,23,-1,hello
21.47427678108216,-12,0,-11,9,4,11,0,-3,3,-4,7,-15,3,-16,hello
21.47427678108216,-13,10,0,19,4,7,-1,-8,0,4,-7,-17,-11,-11,hello
21.47427678108216,-15,3,-3,27,8,4,0,1,9,16,-18,-18,-16,0,hello
21.489458560943604,-17,-21,-15,0,2,-2,2,6,11,17,-19,-16,-8,8,hello
21.489458560943604,-15,-34,-27,-31,-12,-9,-5,-3,-4,9,-13,-7,-3,4,hello
21.50534152984619,-17,-33,-41,-45,-26,-23,-17,-10,-28,-13,-14,-7,-7,-9,hello
21.50534152984619,-10,-19,-22,-43,-20,-29,-19,-8,-38,-36,-11,-1,-1,-17,hello
21.520857572555546,4,1,6,-17,-2,-11,-12,-13,-35,-44,-4,6,3,-17,hello
21.536109924316406,0,3,5,5,5,1,-8,-21,-37,-40,-13,-3,-17,-24,hello
21.536109924316406,-22,-9,-5,0,1,2,-2,-17,-30,-19,-30,-16,-36,-28,hello
21.536109924316406,-26,-14,-18,-18,-4,9,10,-1,-4,11,-32,-24,-29,-19,hello
21.55135941505432,-21,-14,-28,-23,-3,11,14,16,20,21,-24,-21,-13,-8,hello
21.566922426223755,-9,-6,-17,-17,3,7,13,23,36,14,-5,-1,3,-1,hello
21.566922426223755,3,5,0,-19,8,2,6,17,27,3,20,14,17,0,hello
21.582313537597656,0,12,2,-19,4,-6,-6,6,2,-3,31,18,9,-3,hello
21.582313537597656,4,23,13,19,5,-7,-2,0,3,5,23,16,0,0,hello
21.59836459159851,19,36,39,50,9,1,8,-5,3,15,19,14,5,18,hello
21.59836459159851,18,27,41,35,1,3,13,-8,-18,6,14,9,5,24,hello
21.614054679870605,10,1,18,21,-11,0,12,0,-16,-3,0,5,-3,12,hello
21.614054679870605,15,-4,9,14,-11,-5,0,6,8,-4,6,21,5,15,hello
21.62936425209045,22,5,12,4,-3,-11,-11,-1,13,0,40,39,26,24,hello
21.62936425209045,22,12,26,18,7,-7,-12,-7,-1,0,36,31,21,23,hello
21.64482593536377,15,15,36,41,14,9,-1,-4,-2,6,5,8,6,19,hello
21.64482593536377,6,6,13,31,7,11,1,0,8,17,-2,-3,8,14,hello
21.66028594970703,0,-10,-10,2,-3,-5,-2,5,13,16,-5,-10,8,4,hello
21.66028594970703,0,-14,-16,-11,-6,-12,-5,4,10,5,-14,-18,10,-2,hello
21.67590022087097,0,-5,-13,-17,0,-1,-8,0,0,-6,-11,-13,12,-6,hello
21.67590022087097,0,-1,-14,-22,2,3,-6,0,-3,-17,-3,-6,3,-11,hello
21.69093489646912,4,5,-8,-17,2,2,0,5,-2,-15,4,-5,6,-7,hello
21.69093489646912,10,15,12,-5,1,7,5,0,-9,-4,9,-2,13,-2,hello
21.706885814666748,-5,6,6,-3,-3,11,3,-15,-19,-4,-10,-22,-13,-17,hello
21.706885814666748,-34,-15,-21,-13,-3,12,-3,-13,-19,-10,-38,-53,-46,-29,hello
21.722874641418457,-33,-25,-27,-12,0,24,1,1,0,1,-30,-44,-33,-15,hello
21.722874641418457,-16,-25,-22,-10,0,25,17,7,21,19,-8,-14,-10,0,hello
21.738032579422,-21,-27,-29,-28,-6,2,8,6,17,9,-17,-7,-16,2,hello
21.738032579422,-19,-18,-33,-32,-2,-8,-8,11,8,-4,-25,-11,-19,-7,hello
21.753344297409058,1,-1,-15,-13,2,-8,-11,9,7,-3,-3,11,-3,-8,hello
21.753344297409058,6,6,9,-1,-3,-18,-13,-6,-5,-5,18,32,1,-3,hello
21.76988625526428,0,6,11,2,-12,-27,-11,-13,-20,-14,14,14,-6,-6,hello
21.76988625526428,0,6,10,8,-5,-13,-2,-11,-22,-24,-4,-3,-19,-12,hello
21.785372972488403,-4,6,15,18,3,8,10,-9,-17,-23,-13,-6,-20,-16,hello
21.785372972488403,-4,5,13,19,4,16,22,3,1,8,0,7,1,0,hello
21.8014132976532,12,5,8,11,6,6,24,22,33,47,18,40,37,34,hello
21.8014132976532,24,5,3,4,12,-3,11,24,43,50,16,51,44,38,hello
21.81699180603028,16,5,1,6,5,-16,-6,12,19,19,12,43,26,17,sil
21.81699180603028,4,0,0,1,-10,-30,-10,0,-5,-10,19,41,15,1,sil
21.833006143569943,3,-1,3,-7,-13,-36,-10,-12,-22,-29,16,35,7,-8,sil
21.833006143569943,6,13,16,4,0,-33,-10,-19,-26,-25,13,23,1,-8,sil
21.84809947013855,10,20,18,25,8,-21,-6,-16,-18,-12,21,16,4,0,sil
21.84809947013855,6,8,12,20,3,9,-7,-15,-19,-12,12,7,0,-4,sil
21.864091873168945,-1,3,10,14,4,51,-4,-15,-17,-8,-4,-9,-9,-10,sil
21.864091873168945,0,5,10,20,9,62,9,2,12,13,0,-17,0,1,sil
21.8800015449524,0,3,3,14,11,44,17,20,36,36,2,-17,11,16,sil
21.8800015449524,-4,-1,-12,1,6,26,11,13,27,35,-13,-45,1,10,sil
21.895368337631226,-6,-11,-19,-12,-5,4,-1,2,10,8,-28,-74,-14,7,sil
21.895368337631226,-5,-17,-16,-26,-10,-14,-6,8,5,-7,-25,-75,-8,12,sil
21.91139030456543,-8,-17,-23,-30,-2,-13,-1,11,0,-8,-16,-92,1,4,sil
21.91139030456543,-8,-16,-20,-40,-9,-1,-6,-5,-16,-21,-14,-123,-4,-10,sil
21.92685317993164,0,-5,-9,-40,-14,-1,-12,-17,-20,-31,-8,-87,-9,-16,sil
21.92685317993164,3,3,3,-1,0,-10,-11,-5,-14,-11,1,15,-1,-10,sil
21.94220280647278,1,8,11,21,8,-12,-1,2,-7,4,13,75,2,-5,sil
21.94220280647278,0,19,6,-1,0,-7,9,-1,-2,-2,11,61,-7,-7,sil
21.95805048942566,-4,10,8,0,-9,-16,9,-4,-5,-17,-9,46,-23,-12,sil
21.95805048942566,-8,-12,9,23,-13,-21,5,-5,-12,-14,-19,44,-26,-16,sil
21.973230123519897,-8,-2,2,7,-5,-4,7,-1,-4,4,-10,41,-18,-7,sil
21.973230123519897,-3,7,-8,-9,9,5,11,13,22,26,-1,49,0,9,sil
21.989267587661743,7,-18,-11,0,10,-6,2,18,31,29,17,63,24,17,sil
21.989267587661743,18,-14,4,7,5,-8,-15,3,8,11,39,64,32,14,sil
22.00483560562133,14,20,14,9,5,10,-15,-8,-7,1,25,33,13,1,sil
22.00483560562133,-1,13,6,13,3,25,6,-1,-1,3,-10,-2,-11,-6,sil
22.02028083801269,-8,-20,-4,4,0,19,23,10,7,6,-15,-9,-12,3,sil
22.02028083801269,0,-20,-14,-10,-2,0,6,9,8,4,3,0,16,13,sil
22.03622674942017,8,7,0,-14,-3,-14,-22,-9,-7,-7,10,3,25,4,sil
22.03622674942017,6,14,17,1,2,-5,-15,-20,-18,-10,5,-13,2,-6,sil
22.051831007003784,-5,-6,11,8,4,3,9,-1,0,5,-2,-32,-8,5,sil
22.051831007003784,-5,-3,0,0,4,10,10,16,24,14,-2,-25,3,20,sil
22.06794095039368,9,17,-5,-2,6,6,0,5,19,0,8,-7,10,9,sil
22.06794095039368,1,8,-12,-5,-2,-18,-8,-13,-7,-19,7,-10,-1,-13,sil
22.088210105896,-18,-7,-19,-10,-14,-29,-12,-14,-19,-20,-1,-24,-6,-25,sil
22.088210105896,-6,11,0,7,-4,-19,-13,-1,-13,-9,0,-15,1,-15,sil
22.088210105896,9,29,25,21,9,-8,-5,5,-6,-3,8,-5,5,-5,sil
22.098816633224487,-3,8,10,11,5,17,7,1,-1,2,9,-14,2,-6,sil
22.11399865150452,-8,-9,0,5,-1,42,12,0,0,13,0,-15,-3,1,sil
22.11399865150452,7,-2,10,17,0,36,17,0,0,10,-14,-14,-11,8,sil
22.129379987716675,5,-2,3,13,0,23,22,1,8,2,-21,-22,-17,2,sil
22.129379987716675,-9,-20,-17,-6,0,14,18,6,19,7,-22,-17,-16,7,sil
22.14548707008361,-11,-26,-26,-25,-7,0,5,12,16,3,-20,-9,-9,14,sil
22.14548707008361,-1,-18,-19,-29,-11,-10,-7,9,7,-15,-12,3,1,6,sil
22.161370515823364,6,-7,-9,-20,-9,-23,-12,2,1,-15,0,17,15,-3,sil
22.161370515823364,10,5,1,-9,-8,-34,-15,-4,-9,-3,6,15,10,-8,sil
22.17658424377441,15,20,21,4,0,-24,-17,-19,-27,-11,5,14,-6,-8,sil
22.17658424377441,11,20,22,19,13,-4,-11,-25,-32,-17,5,15,-7,-10,sil
22.192320108413696,0,6,7,17,17,1,-9,-16,-27,-3,7,4,-4,-11,sil
22.192320108413696,-3,0,8,13,10,6,-4,-3,-4,16,4,-1,-7,-5,sil
22.20796012878418,-4,-9,1,3,0,8,11,12,19,23,-7,0,-5,5,sil
22.20796012878418,-18,-19,-18,-23,-8,-1,14,18,15,10,-13,-2,1,6,sil
22.22304558753968,-17,-16,-24,-33,-10,-15,-2,11,0,2,-1,2,12,0,sil
22.22304558753968,-3,-6,-13,-22,-8,-20,-13,5,-7,0,8,22,15,8,sil
22.23838233947754,3,0,-6,-13,-8,-7,-3,1,-9,-14,14,25,16,17,sil
22.23838233947754,10,20,6,3,0,2,2,3,-5,-15,28,22,24,8,sil
22.25399780273437,15,32,31,16,10,1,-1,6,3,0,29,24,18,0,sil
22.254409790039062,5,15,25,16,6,3,-3,-1,5,1,9,1,-6,-8,sil
22.269207239151,-3,6,12,21,1,12,1,-13,2,-3,-8,-21,-25,-12,sil
22.269207239151,-2,10,6,25,14,24,15,-11,9,10,-14,-20,-23,-8,sil
22.284863471984863,-1,0,-3,13,12,28,22,-3,18,29,-7,-18,-15,-1,sil
22.284863471984863,-3,-11,-1,10,-2,16,13,3,15,28,-3,-14,-5,6,sil
22.300206184387207,-3,-12,-6,7,-2,1,9,11,17,17,-10,-13,3,10,sil
22.31528687477112,-5,-18,-24,-11,0,-5,8,18,32,12,-8,-12,7,8,sil
22.31528687477112,0,-15,-16,-12,-4,-8,-4,16,31,5,5,1,13,6,sil
22.3308629989624,7,-3,0,0,-8,-11,-11,0,5,-18,12,13,16,2,sil
22.3308629989624,6,-1,-3,-17,-11,-15,-14,-19,-20,-38,7,14,4,-3,sil
22.34683442115784,7,4,-1,-18,-9,-9,-20,-25,-31,-29,4,13,0,-11,sil
22.34683442115784,9,20,16,17,4,3,-11,-18,-36,-17,-4,7,0,-3,sil
22.362262964248657,4,15,26,31,16,19,16,-3,-21,-6,-14,-1,-9,8,sil
22.362262964248657,-2,-3,7,9,5,23,25,10,4,10,-10,-12,-18,3,sil
22.37805318832397,-10,-14,-13,-14,-4,0,2,9,1,7,-10,-20,-20,-6,sil
22.37805318832397,-15,-16,-22,-23,-5,-19,-13,2,-7,-4,-15,-19,-8,-11,sil
22.39358067512512,-10,-12,-19,-18,-4,-8,-9,8,3,0,-7,-4,5,-11,sil
22.39358067512512,1,0,-2,-8,0,0,-9,7,7,3,13,12,14,-4,sil
22.409425497055054,13,15,7,1,6,-10,-13,1,-3,-1,26,18,21,3,sil
22.409425497055054,7,22,15,9,5,-10,-9,0,-10,-2,7,6,8,4,sil
22.42532110214233,-8,5,6,7,-5,1,0,-9,-17,0,-20,-12,-21,-2,sil
22.42532110214233,-10,-11,-10,-5,-13,0,7,-13,-23,-1,-23,-17,-24,0,sil
22.440107822418213,6,-6,-5,-8,-1,-1,16,0,-1,5,-4,-4,0,9,sil
22.440107822418213,10,-4,1,-1,7,0,13,16,26,11,3,3,16,13,sil
22.45552611351013,-1,-14,-6,-11,-11,-12,-10,6,17,-3,-2,6,13,6,sil
22.45552611351013,0,-10,-10,-25,-21,-16,-21,-10,-4,-19,-1,5,4,-8,sil
22.471109867095947,5,2,1,-9,0,-6,-9,-12,-6,-12,14,5,2,-19,sil
22.471109867095947,5,12,21,19,14,1,0,-8,-6,-2,26,14,5,-7,sil
22.486567735672,10,22,27,34,10,13,10,-6,-3,7,24,14,14,9,sil
22.486567735672,4,17,15,30,12,26,24,-3,7,25,7,2,5,16,sil
22.502854108810425,-18,-1,-2,17,11,20,20,2,12,29,-10,-11,-13,6,sil
22.502854108810425,-21,-9,-12,3,0,5,11,13,19,19,-12,-16,-18,0,sil
22.5182785987854,-5,-1,-7,-6,-1,0,10,21,35,17,-5,-6,-8,7,sil
22.5182785987854,-5,-3,-13,-14,-4,-11,6,17,34,15,-3,-2,0,7,sil
22.533987522125244,-9,-14,-21,-21,-9,-20,-6,3,6,-2,-6,0,-3,-6,sil
22.53435754776001,2,-13,-15,-22,-2,-8,-16,-15,-17,-21,0,4,-3,-15,sil
22.549928903579712,9,0,-3,-12,1,-1,-19,-22,-31,-29,5,2,-2,-15,sil
22.549928903579712,7,13,13,0,0,-8,-17,-8,-37,-35,2,0,-5,-14,sil
22.56532406806945,12,23,19,18,9,2,-7,5,-23,-27,7,4,4,-7,sil
22.56532406806945,15,27,24,31,25,22,2,6,4,-4,20,10,14,10,sil
22.581377744674683,4,15,23,26,19,17,11,4,16,17,8,3,4,14,sil
22.581377744674683,-5,-9,-1,0,-5,4,8,2,7,19,-18,-10,-3,2,sil
22.597342491149902,-8,-23,-16,-16,-13,6,1,5,4,7,-27,-8,-3,2,sil
22.597342491149902,-3,-20,-12,-10,-10,1,1,5,12,7,-15,-1,0,9,sil
22.612940073013306,6,-14,-5,-11,-14,-18,-9,-5,3,2,2,4,5,6,sil
22.612940073013306,18,1,12,-7,-9,-13,-20,-14,-19,-16,13,18,12,4,sil
22.62805891036988,11,11,16,10,0,11,-3,-13,-22,-15,0,6,2,1,sil
22.62805891036988,-9,-7,-8,3,-3,9,3,-8,-15,0,-19,-18,-18,-10,sil
22.643978118896484,-19,-19,-23,-8,-9,0,-6,3,-8,0,-9,-18,-11,-16,sil
22.643978118896484,-4,-3,-4,0,0,20,4,17,14,8,6,3,12,6,sil
22.659465551376343,10,0,3,-5,3,24,16,18,35,30,11,15,22,24,sil
22.659465551376343,8,-5,-11,-20,0,-1,0,14,29,20,14,10,17,5,sil
22.67486310005188,0,5,-2,-8,2,-10,-13,0,11,-6,19,9,10,-9,sil
22.67486310005188,-8,13,7,1,0,-4,-6,-19,-4,-14,16,2,1,-13,sil
22.69089198112488,-12,8,0,0,-3,-12,0,-22,-26,-16,3,-11,-14,-19,sil
22.69089198112488,-9,6,2,5,0,-9,7,-10,-35,-17,-12,-14,-23,-18,sil
22.70696759223938,-15,-1,0,7,0,-1,15,-3,-22,-14,-22,-14,-24,-14,sil
22.70696759223938,-24,-12,-6,2,-1,-16,12,0,-12,-9,-27,-21,-28,-8,sil
22.7229905128479,-8,-4,-6,10,3,-32,10,10,-1,11,-19,-16,-17,6,sil
22.7229905128479,12,6,-5,10,5,-40,9,17,22,27,0,5,5,22,sil
22.73796916007996,17,4,0,0,0,-49,4,17,39,16,12,22,17,27,sil
22.73796916007996,17,-1,0,0,2,-36,3,9,35,13,10,14,20,24,sil
22.75307846069336,13,0,-5,-7,6,-5,-2,0,16,12,8,9,18,15,sil
22.75307846069336,8,8,1,-13,3,17,-10,-6,-7,-8,7,17,9,-2,sil
22.76916193962097,12,12,16,1,5,33,-10,-11,-24,-24,9,15,1,-15,sil
22.76916193962097,15,17,26,21,12,44,-9,-15,-27,-16,7,0,-6,-11,sil
22.78429889678955,10,23,23,30,11,55,-3,-14,-16,1,0,-14,-8,-8,sil
22.78429889678955,0,10,13,15,8,72,0,-5,-8,7,-5,-17,-5,-4,sil
22.7999050617218,-14,-13,-1,-6,3,70,-4,-1,-1,3,-4,-16,-3,-3,sil
22.7999050617218,-26,-21,-17,-11,-7,30,-4,-1,7,4,-9,-22,-13,-9,sil
22.8159408569336,-26,-22,-20,-9,-15,-12,0,6,12,6,-22,-20,-16,-10,sil
22.8159408569336,-15,-26,-21,-22,-15,-40,-6,14,8,-3,-12,-4,0,-1,sil
22.831424236297607,-2,-19,-10,-29,-17,-62,-15,10,1,-15,8,20,20,7,sil
22.831424236297607,4,-8,2,-12,-16,-71,-5,9,2,-4,17,32,28,9,sil
22.846981048583984,10,0,0,2,-7,-54,1,9,8,13,27,30,28,10,sil
22.846981048583984,15,13,4,2,6,-13,-1,-5,0,3,31,26,20,6,sil
22.86290454864502,15,18,10,7,8,33,0,-18,-17,-17,9,10,3,-4,sil
22.86290454864502,2,10,8,18,0,52,6,-13,-17,-15,-9,-6,-12,-8,sil
22.87849998474121,-8,1,3,16,0,42,15,-7,-1,2,-5,-13,-15,-2,sil
22.87849998474121,-6,-2,-4,11,5,26,22,1,6,12,-7,-21,-11,0,sil
22.89359211921692,-2,-6,-1,6,1,12,21,13,6,16,-22,-20,-16,3,sil
22.89359211921692,-1,-3,1,0,3,7,22,16,17,27,-12,-6,-10,10,sil
22.909379959106445,0,1,-3,-5,7,-7,13,15,27,23,5,5,10,13,sil
22.909379959106445,1,0,-9,-17,-5,-34,-13,12,14,-3,1,11,13,10,sil
22.92488670349121,7,-5,-13,-24,-15,-42,-25,-1,-4,-19,-3,7,-3,0,sil
22.92488670349121,13,5,1,-10,-3,-26,-14,-13,-13,-21,0,2,-21,-11,sil
22.940404653549194,6,19,18,12,5,-13,-6,-11,-16,-24,-3,-4,-21,-17,sil
22.940404653549194,-9,10,9,16,4,-8,-11,-15,-20,-17,-16,-14,-20,-18,sil
22.95625376701355,-16,2,1,4,6,7,-1,-17,-16,1,-20,-18,-21,-6,sil
22.95625376701355,-5,3,-2,-3,9,20,20,3,6,14,-13,-17,-11,7,sil
22.97247338294983,0,-5,-13,-8,6,6,10,13,17,5,-9,-10,0,4,sil
22.97247338294983,-4,-13,-18,-4,0,-15,-21,-9,0,-5,3,2,16,-3,sil
22.987907648086548,6,-1,1,-1,0,-16,-28,-15,-10,-4,30,22,38,5,sil
22.987907648086548,26,12,21,3,1,-1,-13,4,-6,-2,35,29,32,12,sil
23.00400018692017,14,11,10,12,-3,6,-5,5,-8,-10,11,9,7,2,sil
23.00400018692017,-9,-3,-1,12,-7,11,1,0,-8,-3,-2,-6,-2,-2,sil
23.01994800567627,-14,-19,-4,4,-3,21,20,13,10,24,0,-11,0,0,sil
23.01994800567627,-13,-19,-8,0,0,16,22,24,24,34,-2,-7,2,7,sil
23.03515934944153,-12,-13,-11,-14,1,-1,6,14,15,13,-3,3,9,8,sil
23.03515934944153,0,-6,-7,-21,0,-5,2,4,3,-4,6,9,14,-1,sil
23.05117130279541,13,12,12,0,0,1,-2,-3,-8,-9,15,12,9,-3,sil
23.05117130279541,10,24,25,21,6,7,-11,-17,-17,-3,18,12,2,-4,sil
23.06633853912353,-4,7,9,13,13,11,2,-26,-16,2,5,-5,-11,-13,sil
23.06633853912353,-13,-8,-2,1,5,11,16,-20,-4,0,-20,-21,-24,-11,sil
23.082082509994507,-3,-12,-6,-6,-14,0,6,2,11,4,-24,-16,-10,-2,sil
23.082082509994507,4,-8,-9,-21,-21,-15,-8,18,10,2,-7,0,5,0,sil
23.09706473350525,1,0,-10,-20,-19,-25,-15,0,-9,-25,-1,5,0,-11,sil
23.09706473350525,1,2,-5,-1,-16,-19,-9,-14,-22,-43,-8,-2,-19,-20,sil
23.113029718399048,0,0,8,10,0,5,9,0,-7,-10,-9,-11,-28,-3,sil
23.113029718399048,-7,-1,-2,0,9,20,24,19,23,28,-9,-12,-13,13,sil
23.12836122512817,-7,-5,-19,-16,5,0,6,17,32,22,-9,1,9,11,sil
23.12836122512817,8,8,4,0,10,-11,-12,5,6,-5,5,14,17,6,sil
23.14402556419373,16,27,33,35,20,13,1,1,-9,-2,21,11,8,13,sil
23.15916347503662,8,16,17,27,11,22,15,11,7,20,12,11,8,31,sil
23.15916347503662,10,1,-6,-2,2,-3,0,8,17,20,12,20,25,27,sil
23.1738498210907,13,7,2,0,10,-6,-9,-11,-2,-4,23,13,17,4,sil
23.174322605133057,0,5,8,7,10,14,5,-13,-10,-11,3,-8,-13,0,sil
23.18919515609741,-10,-7,-6,-3,-2,8,8,3,9,6,-15,-11,-14,7,sil
23.18919515609741,0,-9,-4,-10,-2,-12,-9,5,17,12,6,15,11,0,sil
23.204896688461304,13,0,3,0,2,-16,-19,-9,0,-1,27,27,21,-6,sil
23.204896688461304,10,6,9,5,-2,-18,-27,-13,-18,-14,9,6,5,0,sil
23.22046184539795,-5,-2,7,-1,-9,-16,-19,-8,-21,-5,-14,-16,-16,-14,sil
23.22046184539795,-24,-25,-16,-15,-11,-1,3,-7,-7,5,-29,-33,-26,-31,sil
23.23641967773437,-32,-37,-34,-30,-19,0,9,-4,0,-1,-44,-35,-23,-23,sil
23.23641967773437,-24,-30,-30,-35,-26,-11,0,3,0,-11,-36,-25,-15,-19,sil
23.25128960609436,-13,-18,-19,-30,-23,-13,-10,0,-9,-20,-12,-7,-8,-23,sil
23.25128960609436,-2,4,1,-7,-6,-2,-17,-16,-24,-36,0,5,-2,-18,sil
23.26683616638184,14,30,25,29,15,13,2,-11,-28,-25,8,6,5,-3,hello
23.26683616638184,20,31,32,50,23,23,25,7,-8,14,14,6,8,20,hello
23.28287172317505,9,14,11,37,11,18,19,13,17,41,16,10,12,29,hello
23.28287172317505,9,7,-5,10,0,1,1,10,19,21,21,11,13,15,hello
23.29845714569092,14,6,-2,1,0,-6,-3,0,-5,-20,11,5,1,0,hello
23.29845714569092,-1,0,-3,6,5,4,6,-4,-20,-22,-8,-9,-15,-7,hello
23.31401491165161,-19,0,-3,8,9,28,24,5,0,11,-6,-12,-12,0,hello
23.31401491165161,-12,-1,-4,0,9,32,28,17,30,25,0,-3,7,15,hello
23.329172372818,0,-11,-14,-15,1,2,5,15,33,12,-2,0,18,13,hello
23.329172372818,4,-4,-7,-17,-2,-21,-9,11,11,5,10,9,18,3,hello
23.34529733657837,12,9,6,-6,6,-17,-5,5,3,4,30,14,18,0,hello
23.34529733657837,16,14,18,3,11,-9,-8,-8,6,7,19,12,11,3,hello
23.360795736312863,11,16,25,11,3,0,-4,-13,6,19,1,8,0,7,hello
23.360795736312863,0,1,14,3,0,8,7,0,4,19,-1,5,-2,11,hello
23.37640619277954,-2,-19,-6,-26,-3,-9,-7,6,4,1,-2,7,4,7,hello
23.37640619277954,3,-12,-9,-26,-10,-26,-26,-7,2,-12,2,8,10,-9,hello
23.391437292099,0,8,4,3,-5,-15,-22,-19,-12,-20,0,0,-3,-17,hello
23.391437292099,-9,6,8,12,0,-1,-10,-16,-23,-15,-14,-12,-21,-14,hello
23.4075574874878,-10,-6,1,2,-2,5,6,-1,-9,0,-25,-17,-22,-9,hello
23.4075574874878,-8,-14,-1,-4,-5,10,11,11,10,1,-20,-9,-11,0,hello
23.423171043396,-6,-18,-15,-13,-10,-7,-2,5,5,-14,-10,-8,-1,0,hello
23.423171043396,0,-9,-17,-16,-10,-24,-18,-11,-16,-26,-4,-6,-5,-7,hello
23.438234090805054,7,6,9,7,5,0,-5,-13,-23,-16,3,6,-10,-8,hello
23.438234090805054,8,11,21,34,16,25,19,1,-12,3,9,11,-1,7,hello
23.45419669151306,0,0,3,23,2,13,26,9,1,9,-3,-1,-2,16,hello
23.45419669151306,-9,-14,-19,-10,-15,3,9,13,13,7,-12,-10,-9,2,hello
23.46930980682373,0,-13,-21,-19,-13,4,-1,14,16,13,0,3,5,-1,hello
23.46930980682373,14,0,-5,-2,0,-2,5,4,9,6,11,16,20,7,hello
23.485039234161377,7,10,1,7,-6,-10,-2,-7,-4,-18,10,7,7,-3,hello
23.485039234161377,-8,13,4,5,-8,-4,-22,-14,-21,-32,4,-3,-7,-20,hello
23.500200510025024,-7,17,7,13,13,15,-3,-10,-13,-17,-1,-9,-5,-9,hello
23.500200510025024,-3,9,5,21,19,21,23,1,9,15,-3,-12,0,8,hello
23.516185522079468,-6,-5,0,12,2,6,14,13,14,36,2,-6,1,11,hello
23.516185522079468,-7,-10,-5,-7,0,-8,-2,12,12,28,5,1,6,10,hello
23.53085780143737,-4,-6,-9,-26,0,-20,-14,3,9,2,5,8,12,8,hello
23.53085780143737,7,0,-5,-18,-9,-25,-28,-4,-1,-8,16,11,17,-2,hello
23.54609441757202,22,15,15,5,0,-9,-22,-5,-5,0,26,14,11,-2,hello
23.54609441757202,18,21,32,16,17,13,0,-3,1,10,17,10,0,5,hello
23.56213092803955,3,9,13,9,13,24,11,-4,0,9,-1,-6,-11,0,hello
23.56213092803955,-7,-3,-2,0,8,28,15,0,3,6,-10,-9,-12,0,hello
23.577877521514893,-13,-13,-12,-9,3,22,25,6,17,17,-13,-5,-1,2,hello
23.577877521514893,-15,-25,-27,-26,-10,-1,18,1,9,12,-26,-20,0,-3,hello
23.593018293380737,-7,-24,-26,-36,-13,-22,-2,0,-9,-16,-27,-17,-6,-9,hello
23.593018293380737,0,-5,-12,-25,-7,-17,-3,0,-12,-29,-7,2,0,-12,hello
23.60887122154236,-8,2,-2,-5,-7,-5,1,-7,-15,-18,-7,-4,-4,-18,hello
23.60887122154236,-19,-5,-3,6,-6,-2,0,-1,-10,-2,-19,-26,-21,-12,hello
23.6239550113678,-7,-6,-9,3,-2,-11,-2,12,5,1,-18,-15,-10,3,hello
23.639323711395264,7,3,-2,-1,-5,-21,-15,1,0,-10,-5,9,10,4,hello
23.639323711395264,12,15,15,12,-5,-17,-22,-17,-18,-21,16,17,10,0,hello
23.65493988990784,16,23,30,32,9,-1,-14,-20,-20,-25,19,15,-4,2,hello
23.65493988990784,15,25,30,37,24,16,0,-9,-9,-14,1,8,-13,5,hello
23.67156195640564,6,11,21,34,17,25,16,7,8,18,0,0,-3,14,hello
23.67156195640564,4,-9,12,16,-1,14,17,16,28,33,14,9,7,24,hello
23.68724036216736,8,-18,-5,-8,-16,-6,1,14,30,20,21,21,14,13,hello
23.68724036216736,10,-4,-8,-12,-9,-10,-6,12,21,13,12,22,19,7,hello
23.703346967697144,12,7,4,-2,2,-1,-2,6,8,8,10,19,21,9,hello
23.703346967697144,3,0,0,-13,-4,-12,-11,3,-13,-8,19,18,16,0,hello
23.703346967697144,-9,-1,-1,-16,-8,-19,-18,0,-22,-15,18,10,6,-12,hello
23.718986988067627,-7,4,3,1,4,0,-2,-14,-7,-4,-1,-13,-4,-17,hello
23.718986988067627,-7,-2,0,0,2,15,4,-19,-1,7,-14,-25,-13,-14,hello
23.73414707183838,-14,-15,-7,-13,-12,13,0,-5,-3,12,-12,-15,-9,-2,hello
23.75017189979553,-6,-9,-7,1,-3,16,11,1,4,13,-11,-11,-7,6,hello
23.75017189979553,-2,-6,-8,12,12,25,25,0,6,10,-16,-15,-13,5,hello
23.76518154144287,-15,-17,-25,-8,-3,20,21,7,5,6,-16,-18,-10,-1,sil
23.76518154144287,-9,-6,-22,-21,-11,-3,2,12,10,1,0,-1,0,0,sil
23.78085780143737,17,16,2,-8,9,-19,-11,4,4,-2,18,21,7,2,sil
23.78085780143737,16,12,4,-1,12,-17,-19,-4,-14,-14,10,12,3,-5,sil
23.796040534973145,-3,1,-1,-6,-5,-18,-20,-4,-21,-27,-1,-2,-9,-10,sil
23.796040534973145,-1,13,5,7,0,-9,-4,4,-11,-18,12,0,-8,-8,sil
23.812081336975098,5,25,17,26,18,8,10,2,-7,-5,14,-2,-2,-9,sil
23.812081336975098,-3,12,17,21,11,14,14,-9,-10,-13,-12,-13,-9,-9,sil
23.82749438285828,-13,-7,1,6,-3,10,16,-9,-1,-17,-28,-20,-18,-6,sil
23.82749438285828,-15,-16,-12,-6,-2,13,13,0,12,0,-23,-12,-12,2,sil
23.84295892715454,-9,-15,-14,-10,3,12,8,6,20,24,-12,-1,5,15,sil
23.84295892715454,0,-13,-16,-15,-3,1,0,8,18,22,-9,0,15,14,sil
23.85844135284424,0,-13,-16,-24,-15,-14,-12,3,7,4,-20,-6,4,3,sil
23.85844135284424,0,-13,-16,-23,-14,-30,-22,-2,0,-3,-14,-2,5,1,sil
23.8741238117218,4,0,0,-9,-5,-30,-21,-3,-3,-2,17,16,19,5,sil
23.87453293800354,6,17,14,3,1,-10,-9,-5,0,2,33,16,19,3,sil
23.889198541641235,5,15,19,17,5,5,4,-5,0,5,11,0,2,3,sil
23.889198541641235,5,9,20,32,3,15,6,0,-2,1,-8,-7,-11,0,sil
23.9048273563385,2,11,15,32,5,19,3,0,0,8,0,-1,-10,-2,sil
23.9048273563385,0,-1,5,6,4,4,0,0,1,15,8,6,2,3,sil
23.92028832435608,6,-22,-6,-21,-11,-14,-9,-1,-9,0,2,10,6,0,sil
23.92028832435608,17,-12,-3,-19,-17,-18,-17,2,-12,-15,4,17,8,-3,sil
23.936362981796265,25,20,19,3,2,-12,-7,7,1,-6,28,40,28,11,sil
23.936362981796265,25,30,27,12,13,-5,4,0,5,5,41,38,32,14,sil
23.95205354690552,8,15,19,6,6,10,10,-5,-1,4,23,10,5,1,sil
23.95205354690552,-11,7,12,14,6,27,24,0,-3,5,-5,-10,-14,-9,sil
23.96738290786743,-21,-3,-1,13,2,29,31,0,-3,0,-32,-29,-31,-24,sil
23.96738290786743,-26,-24,-17,-9,-6,16,13,-2,-8,-11,-40,-34,-44,-22,sil
23.982933521270752,-18,-24,-25,-13,-3,2,3,3,1,-16,-22,-15,-22,0,sil
23.982933521270752,-9,-14,-28,-8,2,-6,0,3,12,-10,-7,1,0,4,sil
23.99833559989929,-6,-13,-26,-14,0,-11,-19,0,5,0,-3,-3,3,-8,sil
23.99833559989929,-2,-1,-17,-8,3,-20,-29,4,-6,-1,8,2,11,-1,sil
24.01383686065674,0,12,0,11,15,-16,-17,0,-15,-9,19,13,9,6,sil
24.01383686065674,-4,4,0,13,5,2,-7,-9,-15,-8,5,-7,-11,-6,sil
24.02994203567505,-7,4,0,7,-5,7,-6,-11,-8,-3,-15,-30,-24,-12,sil
24.02994203567505,3,19,10,23,4,10,8,-5,5,7,0,-13,-8,5,sil
24.046009063720703,16,4,8,8,5,14,17,4,19,28,25,12,20,24,sil
24.046009063720703,3,-34,-10,-64,-19,-1,8,14,23,27,4,5,27,23,sil
24.0620391368866,-16,-41,-30,-86,-28,-9,5,12,17,0,-24,-18,5,6,sil
24.0620391368866,-11,-16,-26,-27,-17,-4,1,4,2,-15,-12,-11,-3,-7,sil
24.07934832572937,9,4,6,8,-10,-15,-8,0,-10,-10,3,13,8,-12,sil
24.07934832572937,16,23,33,20,0,-14,-6,-3,-9,-4,1,15,10,-6,sil
24.098902463912964,8,38,38,47,16,10,2,-10,-5,-2,1,5,-4,0,sil
24.098902463912964,6,31,27,55,19,21,6,-11,0,6,5,-1,-13,-4,sil
24.098902463912964,7,16,22,39,15,18,9,-3,8,15,-3,1,-15,-6,sil
24.108910083770752,6,11,16,29,11,11,15,0,9,13,-15,3,-14,11,sil
24.12497329711914,3,2,-1,7,1,0,16,6,4,11,-9,-3,-6,19,sil
24.12497329711914,4,-9,-9,-11,4,-3,11,18,12,11,3,3,8,11,sil
24.14098596572876,4,-8,-10,-10,9,0,3,16,23,4,12,18,21,10,sil
24.14098596572876,4,-6,-20,-15,-4,-14,-14,-2,4,-16,8,16,20,12,sil
24.157005786895752,7,-10,-13,-28,-20,-30,-34,-12,-22,-27,6,12,14,4,sil
24.157005786895752,6,-9,-7,-21,-17,-29,-33,-8,-22,-15,20,13,14,-5,sil
24.17252469062805,-4,2,-2,-2,-3,-16,-19,-7,-13,-7,23,6,13,-8,sil
24.17252469062805,-6,9,9,9,7,3,-4,-6,-9,-2,7,-2,3,-12,sil
24.187849760055546,-7,0,10,5,9,18,6,-3,-10,4,-2,-6,-13,-13,sil
24.187849760055546,-20,-8,-2,-1,3,17,12,-6,-18,-2,-9,-15,-25,-9,sil
24.20397067070008,-26,-13,-14,-7,-1,13,18,0,-11,0,-19,-26,-24,-10,sil
24.20397067070008,-17,-22,-18,-25,-6,5,15,10,7,10,-18,-18,-9,-11,sil
24.21993970870972,-7,-14,-17,-29,-7,-4,-5,-1,3,-5,-4,-6,2,-15,sil
24.21993970870972,-10,0,-13,-5,0,-4,-19,-17,-16,-22,-9,-14,-9,-26,sil
24.2360520362854,-25,-8,-13,1,3,11,-2,-7,-12,-4,-34,-28,-34,-24,sil
24.2360520362854,-20,-22,-20,-14,-3,14,12,11,10,8,-39,-25,-23,-2,sil
24.25109887123108,6,-4,0,-7,-7,-8,-6,12,17,0,-6,6,10,14,sil
24.25109887123108,23,23,32,25,0,-14,-17,0,4,3,29,29,22,12,sil
24.265896797180176,27,32,43,44,9,9,10,3,9,19,35,23,17,16,sil
24.265896797180176,25,16,23,26,5,13,23,14,24,20,21,20,15,32,sil
24.281041145324707,16,2,0,3,0,-10,-3,7,11,-3,17,18,17,18,sil
24.281041145324707,21,16,15,12,6,-14,-14,-8,-13,-20,17,15,8,1,sil
24.296167850494385,28,24,36,27,15,10,11,-8,-8,-4,8,13,0,12,sil
24.296167850494385,9,3,10,17,2,19,24,3,7,10,-2,1,-1,20,sil
24.31222128868103,-7,-8,-10,2,-5,13,17,12,12,16,-8,-11,-4,13,sil
24.31222128868103,-4,-1,-12,-4,2,6,14,10,18,26,-7,-13,-6,4,sil
24.32771325111389,-2,-4,-20,-21,4,-10,-2,0,13,8,-5,-5,0,-1,sil
24.32771325111389,-1,-7,-22,-25,-8,-20,-26,-10,-1,-21,0,3,4,-9,sil
24.343268871307373,3,3,-5,-8,-9,-13,-21,-9,-7,-18,11,7,7,-11,sil
24.343268871307373,3,11,12,4,1,-4,-1,0,-1,-6,13,8,8,-4,sil
24.359298944473267,-7,4,6,5,0,0,6,3,0,-5,6,0,1,-7,sil
24.359298944473267,-27,-13,-12,-7,-7,0,9,0,-8,-1,-14,-17,-14,-16,sil
24.374928951263428,-38,-34,-23,-27,-13,0,15,-1,-7,4,-34,-30,-25,-16,sil
24.374928951263428,-19,-32,-23,-28,-15,1,12,4,4,8,-19,-16,-11,-7,sil
24.39048218727112,6,-2,-6,-15,-1,-6,-3,7,1,5,12,18,14,3,sil
24.39048218727112,13,14,4,0,14,-5,-13,-4,-10,-1,19,20,17,1,sil
24.40618801116944,0,4,2,10,7,2,-15,-23,-19,-12,0,-5,-6,-6,sil
24.40618801116944,-10,0,6,8,-1,8,-12,-23,-26,-17,-12,-10,-17,-7,sil
24.42128586769104,-2,7,10,9,0,10,-3,-3,-15,-6,-12,0,-6,-1,sil
24.42128586769104,3,3,-1,6,0,-2,-2,7,5,5,-17,0,1,7,sil
24.43702077865601,5,-6,-15,-5,-8,-16,-6,12,21,7,-12,3,14,11,sil
24.43702077865601,6,-9,-7,-11,-7,-13,-7,15,13,7,1,8,17,4,sil
24.45204377174377,6,-2,5,-4,-3,-8,-12,0,-7,-4,6,2,-1,-4,sil
24.45204377174377,3,11,7,9,5,-3,-13,-19,-13,-25,6,-6,-12,-13,sil
24.467207431793213,2,16,17,22,18,10,0,-14,-3,-13,10,-1,-5,-10,sil
24.48236846923828,1,6,16,20,19,19,19,0,3,23,10,-3,-3,1,sil
24.48236846923828,0,2,3,8,11,18,20,10,18,34,4,-6,-1,13,sil
24.49833083152771,-1,6,3,7,9,19,13,23,31,27,4,3,12,19,sil
24.49833083152771,4,-2,0,1,1,11,12,25,21,27,13,6,22,16,sil
24.51347064971924,4,-13,-13,-19,-9,-6,3,11,0,5,9,6,16,5,sil
24.51347064971924,3,2,-6,-14,-5,-12,-8,0,-7,-23,9,18,15,-6,sil
24.52925133705139,13,21,14,12,2,-9,-9,-3,-6,-21,21,21,14,-8,sil
24.52925133705139,11,12,19,7,0,-12,-6,-10,-18,-16,5,6,-5,-7,sil
24.544947385787964,-6,-3,4,-3,-8,-12,-6,-23,-30,-27,-20,-14,-31,-13,sil
24.544947385787964,-14,-4,3,5,-9,-4,-3,-26,-26,-24,-24,-22,-40,-9,sil
24.560957670211792,-7,-4,6,6,-9,9,7,-14,-7,-4,-18,-18,-28,0,sil
24.560957670211792,-11,-13,-6,-6,-7,17,23,5,4,6,-17,-17,-11,2,sil
24.576866626739506,-15,-25,-18,-18,-6,8,29,17,13,10,-14,-13,-5,10,sil
24.576866626739506,-7,-25,-22,-20,-8,-5,10,10,20,13,-10,-4,-3,9,sil
24.59292793273925,5,-4,-14,-10,-6,-9,-12,0,12,7,1,10,12,6,sil
24.59292793273925,16,10,-3,-2,1,-10,-19,7,4,0,19,18,30,6,sil
24.608120679855347,19,11,3,-8,6,-12,-17,13,10,-5,24,19,28,2,sil
24.608120679855347,14,24,21,7,14,0,-9,4,7,1,22,22,12,2,sil
24.62433123588562,6,33,25,39,17,21,7,-4,-2,16,16,11,0,4,sil
24.62468242645264,-4,5,0,27,3,19,10,-7,1,13,-7,-8,-7,0,sil
24.640279293060303,-11,-19,-16,-4,-6,2,0,-4,16,8,-22,-11,-7,-5,sil
24.640279293060303,-9,-13,-13,-5,0,2,0,6,16,23,-7,-4,3,0,sil
24.65594267845153,-11,-7,-11,0,4,5,2,13,10,22,0,-4,5,3,sil
24.65594267845153,-10,-9,-20,-9,0,-7,0,6,15,1,-6,-7,3,-2,sil
24.671975135803223,-4,-7,-19,-17,-2,-23,-5,0,6,-7,-7,-4,1,-11,sil
24.671975135803223,-1,-6,-5,-20,-7,-23,-14,-8,-26,-14,1,0,0,-14,sil
24.687805891036987,0,3,4,-10,-8,-8,-13,-17,-41,-29,7,0,-4,-12,sil
24.687805891036987,3,19,18,5,1,1,-11,-19,-34,-41,1,2,-9,-7,sil
24.702927589416504,3,16,22,10,5,0,-11,-10,-28,-34,0,0,-10,-10,sil
24.702927589416504,8,6,22,10,5,0,-4,-3,-24,-11,6,1,-3,-7,sil
24.71810030937195,11,9,29,16,5,9,1,-11,-16,3,8,2,-6,0,sil
24.71810030937195,2,5,17,16,0,15,4,-12,-4,7,-4,-10,-10,2,sil
24.73326063156128,-4,-10,-3,1,-2,13,13,8,18,13,-16,-16,0,12,sil
24.73326063156128,-2,-19,-12,-10,-1,13,21,20,28,21,-13,-6,1,20,sil
24.748583793640137,-1,-19,-14,-13,-6,4,9,13,16,17,-5,2,-6,18,sil
24.748583793640137,-5,-13,-8,-4,-6,-2,2,16,16,11,0,2,3,13,sil
24.763923406600952,-1,-4,-5,-2,-2,-1,14,23,28,14,4,1,20,10,sil
24.763923406600952,3,-4,-10,-16,-4,-8,8,11,16,4,0,5,11,6,sil
24.779528379440308,0,-1,-16,-17,-5,-15,-14,-5,-1,-10,4,9,0,-5,sil
24.779528379440308,-2,9,-5,-1,0,-8,-17,-9,-4,-9,14,5,0,-21,sil
24.79545783996582,9,16,13,9,7,2,-1,-5,-5,-5,16,8,3,-16,sil
24.79545783996582,22,20,14,16,14,2,-1,-4,-6,-8,20,20,9,-1,sil
24.811075448989868,11,25,15,26,14,-1,-9,-9,-8,-3,20,18,3,0,sil
24.811075448989868,-5,17,20,29,8,8,2,-11,-9,8,0,-5,-10,-8,sil
24.827160120010376,-8,-2,3,16,7,20,19,0,-1,10,-21,-21,-14,-2,sil
24.827160120010376,-9,-14,-14,-1,3,10,11,9,10,8,-16,-10,-10,16,sil
24.843013525009155,-15,-20,-18,-7,-10,-4,0,6,13,11,-10,-8,-2,18,sil
24.843013525009155,-14,-20,-15,-14,-24,-9,-2,4,13,5,-19,-8,1,4,sil
24.85814046859741,-1,-10,-12,-21,-17,-10,-4,2,7,-6,-13,1,1,0,sil
24.85814046859741,5,-4,-6,-20,-3,-13,-13,-6,-8,-15,6,8,6,4,sil
24.87337064743042,1,-4,-1,-20,0,-10,-16,-13,-18,-19,11,10,10,-2,sil
24.87337064743042,3,8,2,-5,2,-3,-6,-7,-11,-12,11,7,7,-14,sil
24.889118432998657,12,23,19,12,11,0,-2,-3,-8,-4,14,1,2,-11,sil
24.889118432998657,10,17,27,10,13,5,-4,-9,-13,-6,11,-2,-3,-6,sil
24.905330657958984,-3,3,10,5,7,7,2,-2,-7,-4,0,-8,-6,-7,sil
24.905330657958984,-12,-3,0,10,0,3,14,11,5,9,-15,-19,-10,-5,sil
24.92119073867798,-11,-12,-4,5,-6,7,14,10,11,23,-23,-20,-13,-3,sil
24.92119073867798,-8,-21,-13,-10,-8,8,6,5,12,21,-15,-6,-7,6,sil
24.93630576133728,-7,-18,-21,-21,-10,-3,1,6,8,6,-10,-4,-1,13,sil
24.93630576133728,-3,-15,-26,-22,-11,-17,-2,6,-2,-6,-15,-10,-4,1,sil
24.95189428329468,4,-10,-11,-13,-6,-12,-4,8,-6,-8,-1,11,4,0,sil
24.95189428329468,16,0,4,-2,-2,0,-3,2,0,-5,18,29,20,8,sil
24.96727514266968,13,10,5,5,0,-2,-9,-13,-9,-19,9,9,1,0,sil
24.96727514266968,3,21,10,22,6,1,-12,-17,-19,-18,4,-2,-14,-8,sil
24.98334527015686,-1,26,16,32,7,19,-3,-4,-2,7,19,2,-1,-2,sil
24.98334527015686,-2,19,18,19,9,19,9,2,9,16,12,5,1,3,sil
24.99903011322021,2,6,6,11,16,11,26,8,12,15,-1,0,-6,6,sil
24.99903011322021,7,3,-5,11,11,6,20,17,17,16,1,3,3,11,sil
25.01412057876587,2,2,-3,0,0,-8,-5,12,14,-4,10,16,20,6,sil
25.01412057876587,5,3,2,-3,0,-19,-13,-3,2,-24,13,20,25,-3,sil
25.030219793319706,16,12,15,12,10,-6,-3,-14,-9,-9,9,13,13,-3,sil
25.030219793319706,10,12,24,20,12,8,4,-14,-10,7,-2,-1,-2,-4,sil
25.04554343223572,-11,-13,0,0,0,4,8,-6,-3,3,-23,-17,-14,-9,sil
25.04554343223572,-26,-31,-27,-22,-12,0,1,2,0,2,-28,-21,-16,-5,sil
25.061208248138428,-18,-20,-25,-26,-11,-1,-12,14,6,15,-8,-13,-3,1,sil
25.061208248138428,-5,-12,-12,-31,-13,-17,-20,10,4,4,4,0,3,2,sil
25.07703709602356,3,-5,-6,-28,-17,-20,-14,-10,-12,-16,10,6,3,-1,sil
25.07703709602356,18,17,15,2,0,6,0,-7,-10,0,31,19,18,5,sil
25.092159509658813,21,19,28,20,18,24,14,8,10,18,28,17,19,15,sil
25.092159509658813,-2,-8,5,7,5,15,13,0,7,4,-10,-13,-13,1,sil
25.10753965377808,-18,-14,-6,0,-7,5,10,-3,3,4,-27,-27,-28,-6,sil
25.10753965377808,-13,-6,-8,-2,-4,1,8,11,21,23,-14,-16,-5,3,sil
25.12338876724243,-13,-17,-25,-22,-12,-16,-5,7,16,1,-7,-13,2,1,sil
25.12338876724243,-12,-16,-24,-26,-18,-33,-21,-13,-9,-34,-6,-5,-5,-14,sil
25.13902521133423,-7,0,-9,-9,-8,-22,-17,-20,-21,-34,-7,-7,-12,-25,sil
25.13902521133423,-13,2,0,3,0,1,-3,-14,-25,-18,-17,-23,-22,-20,sil
25.15387749671936,-9,3,6,15,7,21,10,-4,-16,-1,-17,-18,-24,-8,sil
25.15387749671936,5,5,7,18,12,14,11,6,0,5,-9,-2,-11,2,sil
25.169846773147583,12,0,1,1,0,-9,-3,7,0,-2,-5,8,2,10,sil
25.169846773147583,29,9,6,2,-3,-16,-8,5,-5,-4,12,27,23,17,sil
25.185264110565186,38,29,28,20,15,-1,-2,4,-4,-5,30,45,31,20,sil
25.185264110565186,14,25,30,21,17,13,4,0,-12,-12,21,32,7,6,sil
25.2007999420166,0,12,6,14,0,16,12,0,-12,0,4,9,-4,-1,sil
25.2007999420166,9,2,3,9,0,12,13,9,10,21,-2,3,3,10,sil
25.21683549880981,0,-11,0,-1,4,6,8,15,28,23,-6,-2,6,13,sil
25.21683549880981,-21,-22,-23,-16,-1,-4,0,9,22,15,-2,-3,2,-2,sil
25.23186445236206,-14,-18,-27,-22,-8,-7,-13,0,10,11,9,1,11,-12,sil
25.23186445236206,-3,-3,-9,-16,0,3,-19,-8,-1,5,17,2,20,-11,sil
25.24791193008423,1,17,14,10,15,7,-8,-7,-4,0,19,6,13,-7,sil
25.24791193008423,15,24,29,39,21,5,6,-1,6,10,19,8,4,-5,sil
25.262926816940308,7,9,15,28,11,14,21,1,20,20,9,-5,1,4,sil
25.27830696105957,-17,-6,-12,-2,0,16,23,4,22,17,-6,-16,-3,9,sil
25.27830696105957,-16,-13,-21,-14,-11,-1,10,7,9,7,-14,-16,-14,3,sil
25.29389500617981,-10,-19,-12,-20,-15,-14,0,1,-12,-9,-22,-21,-18,0,sil
25.29389500617981,-9,-15,-14,-27,-13,-11,-5,-4,-13,-23,-17,-20,-2,-2,sil
25.30973720550537,8,1,-6,-18,-11,-14,-16,-4,-6,-18,9,4,12,-3,sil
25.30973720550537,14,12,13,-2,-11,-12,-17,-11,-19,-17,15,14,0,2,sil
25.325432300567627,-11,0,2,0,-9,-5,-6,-15,-26,-26,-19,-16,-28,-1,sil
25.325432300567627,-21,-13,-21,-8,-7,-6,-4,0,-4,-20,-31,-25,-27,-9,sil
25.34113836288452,3,-7,-11,-6,-5,-10,-7,9,9,-6,7,5,1,-1,sil
25.34113836288452,18,7,19,10,4,-6,-5,-4,-2,-3,25,24,11,5,sil
25.356470584869385,3,9,27,19,16,7,8,-7,-8,11,0,7,-4,9,sil
25.356470584869385,-6,-8,0,3,7,13,17,6,4,21,-15,-10,-8,9,sil
25.37332391738892,4,-14,-11,-13,-3,-5,0,7,11,0,-4,4,8,0,sil
25.37332391738892,14,12,12,-1,10,-9,-12,-1,1,0,12,22,16,-8,sil
25.389268398284912,-2,21,17,11,20,9,-3,-8,-4,19,3,1,-2,-9,sil
25.389268398284912,-11,-7,-8,0,1,7,-1,-3,0,12,-21,-15,-12,-6,sil
25.40505838394165,7,-14,-18,-14,-7,-7,-8,11,8,-2,-11,6,7,-2,sil
25.40505838394165,11,6,2,-5,0,-8,-12,7,-5,-14,8,16,12,-3,sil
25.420653343200684,-3,4,16,9,3,-1,-4,-13,-20,-25,-3,-6,-5,-15,sil
25.420653343200684,-4,0,9,18,0,12,15,-4,-11,-12,-15,-17,-8,-7,sil
25.420653343200684,1,5,0,11,2,26,26,13,1,6,-8,-7,-5,17,sil
25.43592143058777,-2,-7,-13,-3,1,7,11,9,7,6,-3,0,-3,16,sil
25.451026678085327,-5,-12,-12,-9,-8,-21,-9,6,7,-5,10,15,10,1,sil
25.451026678085327,0,11,3,0,-14,-14,-10,3,0,-9,26,18,16,-5,sil
25.466264247894287,2,16,6,9,0,12,8,-5,0,7,16,-5,3,-2,sil
25.466264247894287,-2,-3,-2,6,12,25,24,-2,18,34,0,-13,1,8,sil
25.48227953910828,-10,-13,-20,-6,-2,16,14,2,20,32,-4,-16,-1,6,sil
25.48227953910828,-11,-10,-20,-14,-10,0,-5,-2,0,1,-5,-14,-10,-6,sil
25.497504949569706,1,1,1,1,1,-2,-9,0,-5,-6,9,10,3,-5,sil
25.497504949569706,15,12,12,8,3,0,-3,4,0,0,34,29,26,1,sil
25.51305913925171,12,13,15,0,0,-6,-5,-1,-5,-2,32,22,18,3,sil
25.51305913925171,5,21,22,9,3,0,-1,-5,-6,-1,13,10,0,1,sil
25.52916264533997,0,16,19,22,2,15,9,0,7,3,-1,1,-5,8,sil
25.52916264533997,-10,-12,0,1,-4,11,11,6,17,0,-18,-10,-5,13,sil
25.544808387756348,-16,-25,-13,-17,-7,-6,3,8,19,2,-23,-11,-2,8,sil
25.544808387756348,-1,-13,-12,-17,-4,-17,-10,5,13,9,-14,0,3,2,sil
25.56045937538147,8,-10,-12,-18,-7,-30,-28,-10,-7,-11,-11,0,0,-5,sil
25.56045937538147,8,-6,-4,-17,-9,-35,-34,-22,-27,-36,-11,-2,-12,-14,sil
25.576179265975952,17,13,11,4,1,-10,-15,-12,-23,-20,3,1,-8,-10,sil
25.576179265975952,12,20,18,24,12,10,-3,0,-16,2,9,1,0,-1,sil
25.591280698776245,-9,0,5,9,6,7,-3,-3,-16,0,-13,-8,-11,-2,sil
25.591280698776245,-14,-13,-16,-3,2,9,13,0,-1,3,-26,-22,-17,-5,sil
25.60618758201599,-4,-9,-26,-3,5,1,17,12,7,3,-15,-12,-6,0,sil
25.60618758201599,-3,-7,-22,-13,0,-20,-7,9,-6,-20,-4,0,0,-6,sil
25.62230086326599,-7,-7,-18,-16,-4,-12,-12,-4,-18,-31,-4,-12,-10,-23,sil
25.62230086326599,-14,2,-1,5,7,14,18,-3,-6,-1,-8,-24,-20,-19,sil
25.638062477111816,-9,8,10,24,18,22,37,9,17,32,-1,-9,-6,3,sil
25.638062477111816,1,-1,7,11,9,15,27,17,29,40,8,4,14,22,sil
25.653152227401733,2,0,5,0,-3,9,11,15,27,21,11,9,19,25,sil
25.653152227401733,6,10,4,5,-6,-6,-3,2,15,1,18,19,19,14,sil
25.668681144714355,13,10,8,-2,-5,-25,-18,-8,-9,-7,23,25,18,0,sil
25.668681144714355,13,8,18,-7,-2,-14,-13,-9,-17,-2,21,20,11,-6,sil
25.683918476104736,17,18,38,21,2,15,-1,-5,0,5,25,24,7,6,sil
25.683918476104736,14,7,38,12,-4,20,2,-5,1,1,17,24,5,11,sil
25.699846982955933,-10,-25,-2,-40,-16,5,12,-4,-8,-1,-9,-3,-4,0,sil
25.699846982955933,-19,-27,-17,-33,-7,14,21,2,0,10,-21,-12,-13,2,sil
25.715314865112305,-1,-2,-3,13,2,27,9,8,16,8,-10,-2,-6,4,sil
25.715314865112305,-3,-4,-15,0,-5,4,-15,2,5,-21,-10,-7,0,-7,sil
25.73084211349488,-12,-12,-30,-20,-8,-10,-23,-5,-9,-30,-11,-13,1,-12,sil
25.73084211349488,3,2,-17,0,0,2,-16,0,-2,-10,0,-2,5,-4,sil
25.7461359500885,15,13,-1,8,2,0,-15,6,0,-5,2,7,8,4,sil
25.7461359500885,7,10,-4,1,0,-24,-22,-12,-6,-13,5,7,6,1,sil
25.76142954826355,-3,7,-6,0,-2,-30,-25,-22,-12,-11,12,0,0,-20,sil
25.76142954826355,-16,1,1,0,0,-10,-16,-8,-13,5,2,-15,-11,-32,sil
25.777514696121216,-20,-1,3,9,2,2,2,0,-10,22,-9,-27,-14,-10,sil
25.777514696121216,-8,5,8,24,5,2,12,-2,-2,14,-7,-16,-11,8,sil
25.793281078338623,-3,10,10,25,11,10,15,2,3,5,-5,-9,-9,0,sil
25.793281078338623,-9,0,2,16,15,20,20,9,2,13,-11,-15,-12,0,sil
25.80842995643616,-4,-14,0,3,6,11,22,10,3,14,-18,-3,-8,16,sil
25.80842995643616,7,-17,-3,-10,-3,-3,17,11,13,4,-16,1,4,18,sil
25.8243670463562,14,-9,-8,-20,-1,-13,10,17,18,-2,-4,5,10,13,sil
25.8243670463562,26,0,-6,-15,4,-12,10,16,16,0,10,20,13,16,sil
25.83927750587464,33,4,-4,-5,0,-8,6,8,11,-1,18,33,19,17,sil
25.83927750587464,22,8,1,-1,1,-6,-1,2,6,-7,20,30,26,18,sil
25.85495162010193,13,10,2,-1,10,-6,-2,1,4,0,24,17,25,8,sil
25.85495162010193,5,10,4,-4,2,-13,-11,-4,-8,0,14,8,0,-9,sil
25.87001848220825,-11,10,4,4,-8,-7,-14,-18,-19,-14,2,-7,-20,-19,sil
25.87001848220825,-15,8,7,18,-5,19,0,-21,-14,-12,0,-20,-15,-11,sil
25.88586592674256,-9,6,18,12,-2,32,8,-10,-8,-4,-10,-15,-15,-2,sil
25.88586592674256,-20,-3,2,0,-8,19,6,-2,-3,-5,-25,-25,-31,-9,sil
25.90095281600952,-24,-19,-11,-8,-12,9,3,0,0,3,-27,-27,-35,-12,sil
25.917039155960083,-9,-13,-5,-10,-4,9,-2,1,7,15,-11,-9,-15,-2,sil
25.917039155960083,2,0,-6,-8,2,-1,-9,2,13,5,8,4,9,2,sil
25.933109045028687,4,0,-2,-9,3,-15,-18,3,5,-2,14,18,24,2,sil
25.933109045028687,-2,-13,-10,-17,-4,-20,-28,-1,-5,0,7,13,23,-4,sil
25.933109045028687,-9,-24,-17,-33,-17,-22,-28,-7,-10,-12,3,1,12,-14,sil
25.948293924331665,-3,-11,-1,-27,-13,-16,-9,-3,-7,-17,10,6,14,-12,sil
25.964349031448364,0,7,7,8,4,-4,2,-4,-9,0,15,5,15,-6,sil
25.964349031448364,-4,14,16,30,9,3,-2,-9,-20,0,5,4,-1,-7,sil
25.97962713241577,-2,21,20,32,6,14,4,-5,-17,-1,-3,1,-9,-10,sil
25.97962713241577,7,24,20,28,8,19,21,1,-7,9,-2,2,-2,4,sil
25.99528884887696,15,12,22,28,13,17,28,7,4,19,2,13,6,25,sil
25.99528884887696,19,-1,6,28,11,9,26,8,17,16,0,7,4,20,sil
26.01121187210083,4,-7,-5,6,0,1,13,6,5,4,-20,-3,-10,8,sil
26.01121187210083,-11,-19,-22,-16,-8,0,9,11,9,9,-22,-8,-4,9,sil
26.027002096176147,0,-24,-29,-23,-6,-7,8,19,31,6,-8,0,9,19,sil
26.027002096176147,9,-8,-5,-25,0,-18,-4,14,18,-16,-6,16,4,10,sil
26.04202914237976,0,-3,-10,-23,-1,-16,-8,0,0,-15,-4,0,-1,-10,sil
26.04202914237976,-8,-9,-23,-22,-8,-12,-9,-5,-4,-6,0,-16,-6,-15,sil
26.057175636291504,1,6,-5,-9,0,-8,-13,-3,-3,-9,0,-9,-5,-5,sil
26.057175636291504,19,23,10,15,21,5,-1,-2,8,-4,11,-9,-1,5,sil
26.072768211364743,15,20,14,21,22,21,4,-2,10,0,14,-10,-11,0,sil
26.072768211364743,-2,5,0,19,10,30,1,-1,10,11,-2,-25,-19,-14,sil
26.088871479034424,-4,-13,-16,20,2,38,9,5,39,38,-12,-64,-22,1,sil
26.088871479034424,-3,-20,-7,-4,-8,16,0,7,27,24,-3,-34,-6,17,sil
0.0273778438568115,-10,-3,-4,-35,-24,-32,-34,-3,-32,-26,9,39,23,-6,sil
0.0273778438568115,-9,10,-7,-19,-23,-45,-34,-11,-48,-41,20,39,24,-19,sil
0.0431442260742187,0,19,18,11,-5,-17,-10,-20,-32,-19,19,19,3,1,sil
0.0431442260742187,5,20,35,19,0,-1,-8,-30,-38,-8,12,28,-1,4,sil
0.0582787990570068,2,8,19,20,-3,0,-7,-19,-34,-8,9,16,-5,-10,sil
0.0582787990570068,-4,1,14,17,3,4,12,2,-11,5,8,10,0,-7,sil
0.0743069648742675,-10,0,4,11,10,10,29,12,11,25,4,2,14,2,sil
0.0743069648742675,-15,-7,-9,-2,0,8,17,6,11,18,-12,-16,2,2,sil
0.0903646945953369,-18,-16,-13,-23,-6,0,3,2,0,3,-29,-10,-9,0,sil
0.0903646945953369,-7,-17,-17,-21,0,-3,13,8,11,13,-20,2,9,5,sil
0.106440782546997,10,-10,-3,-12,1,-3,16,13,29,19,-4,8,17,12,sil
0.106440782546997,13,-9,2,-19,-2,-8,4,13,27,7,-2,8,7,9,sil
0.1211090087890625,12,-2,-1,-17,0,-15,-8,8,9,-15,0,6,3,1,sil
0.1211090087890625,24,24,25,16,9,0,-7,-2,-7,-33,11,11,-4,0,sil
0.1363255977630615,18,26,29,42,18,28,12,-8,-1,-8,8,-2,-14,-4,sil
0.1363255977630615,-2,-8,-3,9,8,18,11,0,9,16,-4,-11,-7,-3,sil
0.1524028778076172,-9,-25,-23,-28,-11,-18,-11,6,2,0,0,3,9,-6,sil
0.1524028778076172,-4,-8,-18,-15,-4,-16,-19,0,-1,-14,7,1,4,-14,sil
0.1683831214904785,-4,8,3,17,9,16,0,0,3,3,0,-11,-13,-8,sil
0.1683831214904785,-16,-2,-9,14,-4,23,12,8,14,20,-11,-21,-9,0,sil
0.1840167045593261,-22,-24,-34,-15,-20,0,2,4,11,11,-23,-22,-5,5,sil
0.1840167045593261,-3,-17,-22,-22,-11,-10,-7,3,2,0,-16,-10,-2,16,sil
0.2001192569732666,13,1,-6,-7,-3,-13,-13,1,-7,-12,0,1,7,10,sil
0.2001192569732666,13,19,14,1,1,-15,-20,-15,-24,-30,0,15,3,-5,sil
0.2156474590301513,14,40,31,23,18,2,-9,-14,-22,-20,17,18,3,-2,sil
0.2156474590301513,15,34,26,27,22,17,6,0,-10,-7,40,12,11,4,sil
0.2307825088500976,1,6,15,8,7,3,4,-10,-11,-5,15,-1,-2,-10,sil
0.2307825088500976,-12,-2,2,9,-3,-3,0,-18,-14,5,-24,-20,-21,-20,sil
0.2465269565582275,-11,-4,-2,11,-12,6,5,-2,-9,17,-20,-22,-22,0,sil
0.2465269565582275,-8,-16,-10,-5,-12,13,11,8,7,22,6,-8,-5,14,sil
0.2621064186096191,-4,-19,-11,-11,0,0,7,5,25,30,6,2,14,17,sil
0.2621064186096191,5,-7,0,-5,0,-5,4,5,22,20,-3,10,18,19,sil
0.2773025035858154,8,-5,-7,-1,-6,0,5,8,11,3,0,6,9,10,sil
0.2773025035858154,-1,-16,-16,-15,-12,-10,-7,4,0,-10,-2,1,-1,-2,sil
0.292478084564209,-2,-20,-16,-31,-16,-24,-17,-3,-9,-27,-7,3,-1,-5,sil
0.292478084564209,8,0,-3,-16,-4,-14,-15,-5,-9,-36,3,13,3,-7,sil
0.3080570697784424,10,30,19,14,14,0,-11,0,-3,-17,20,21,4,-16,sil
0.3084018230438232,1,33,18,23,18,0,-1,0,-6,3,22,11,8,-19,sil
0.3231747150421142,4,19,14,13,7,-2,4,-2,-13,5,13,5,8,-7,sil
0.3231747150421142,2,14,19,14,2,4,4,0,-9,3,5,1,1,-3,sil
0.3389866352081299,-12,5,10,15,4,15,9,3,0,7,-6,-13,-7,0,sil
0.3389866352081299,-14,-11,0,3,3,23,19,3,10,14,-11,-16,-13,12,sil
0.3549981117248535,-13,-19,-6,-7,0,20,21,4,21,20,-7,-9,-7,11,sil
0.3549981117248535,-23,-19,-16,-13,-1,9,14,6,15,14,-20,-12,-7,0,sil
0.3710930347442627,-18,-17,-19,-15,-4,2,6,9,12,6,-26,-14,-10,-1,sil
0.3710930347442627,-1,-11,-11,-14,-2,-2,2,12,24,2,-9,-6,-1,4,sil
0.3863468170166015,8,-8,-4,-14,1,-10,-4,3,12,-9,-9,5,6,6,sil
0.3863468170166015,14,-11,-13,-13,0,-13,-12,-7,-7,-12,-15,6,5,1,sil
0.4020364284515381,11,-8,-10,-12,-4,-10,-14,-10,-6,-4,1,5,8,-2,sil
0.4020364284515381,4,1,-6,-13,-4,-13,-18,-8,-8,-2,14,5,11,-12,sil
0.4182944297790527,3,5,-4,-11,-4,-13,-23,-11,-21,-11,6,-2,0,-16,sil
0.4182944297790527,2,7,13,3,0,3,-11,-8,-14,-11,3,-6,-13,-4,sil
0.4342236518859863,1,17,27,25,4,16,5,1,1,1,11,1,-4,4,sil
0.4342236518859863,7,22,23,28,5,12,7,0,0,8,15,10,3,13,sil
0.4493930339813232,12,13,15,19,2,12,11,0,1,13,13,8,3,20,sil
0.4493930339813232,8,-1,0,11,-1,6,15,16,14,24,7,5,6,19,sil
0.4649877548217773,11,-2,-7,5,-6,-17,-8,8,1,0,6,16,9,6,sil
0.4649877548217773,20,11,5,6,-2,-31,-29,-20,-38,-50,11,17,0,-14,sil
0.4802329540252685,7,16,15,15,2,-17,-11,-25,-51,-52,2,0,-18,-20,sil
0.4802329540252685,-11,1,5,17,4,4,14,-7,-19,-9,-4,-14,-23,-11,sil
0.4962809085845947,-17,-10,-7,4,6,14,21,5,16,23,2,-16,-3,-2,sil
0.4962809085845947,-16,-6,-1,-3,11,20,27,21,34,36,0,-4,12,10,sil
0.5121738910675049,-3,0,3,7,9,29,31,32,43,36,-14,8,14,21,sil
0.5121738910675049,5,-4,-3,-1,-1,12,11,19,33,26,-14,10,18,19,sil
0.5273387432098389,-4,-18,-17,-33,-12,-21,-12,0,10,11,-1,1,23,7,sil
0.5273387432098389,-9,-15,-26,-35,-16,-31,-18,-12,-11,-9,0,-4,11,-8,sil
0.542593240737915,0,0,-15,-15,-9,-19,-22,-16,-23,-36,-10,-4,-7,-19,sil
0.542593240737915,5,13,0,-7,3,-7,-19,-12,-14,-35,-6,0,-5,-14,sil
0.558215856552124,10,21,11,3,7,0,-8,-5,-13,-10,9,6,2,-4,sil
0.5734853744506836,-2,18,9,19,0,4,-4,-9,-23,1,4,-10,-12,-15,sil
0.5734853744506836,-30,-4,-6,9,-1,8,1,-5,-6,-1,-12,-38,-25,-26,sil
0.5734853744506836,-31,-21,-11,-8,0,19,9,5,15,1,-17,-27,-17,-13,sil
0.5894651412963867,-20,-20,-15,-12,-5,24,7,6,9,9,-16,-19,-18,-3,sil
0.5894651412963867,-26,-22,-21,-17,-6,16,4,5,6,12,-19,-30,-25,0,sil
0.6050570011138916,-13,-23,-8,-15,2,6,7,9,19,21,-8,-11,-7,15,sil
0.6050570011138916,13,-17,2,-6,0,-5,-1,10,22,25,9,16,14,24,sil
0.6202387809753418,18,-8,0,-12,-9,-22,-11,8,16,5,14,22,18,14,sil
0.6354012489318848,22,5,7,-8,-6,-25,-6,2,6,-10,15,26,13,7,sil
0.6354012489318848,31,19,20,12,3,-19,-7,-13,-19,-15,22,30,2,5,sil
0.6506180763244629,23,21,24,15,2,-8,-8,-23,-39,-21,23,23,-8,-2,hello
0.6506180763244629,10,20,19,13,4,10,5,-13,-25,-15,14,10,-4,-7,hello
0.6662435531616211,2,18,21,25,19,21,14,6,-1,0,1,8,5,1,hello
0.6662435531616211,0,12,16,25,21,16,17,16,14,17,-1,5,11,13,hello
0.6814882755279541,4,5,7,14,7,5,16,14,20,22,0,2,16,20,hello
0.6814882755279541,15,2,1,7,1,-3,0,17,20,16,4,10,25,15,hello
0.6974990367889404,20,3,-1,0,0,-6,-7,13,15,3,18,17,30,7,hello
0.6974990367889404,11,9,6,0,-3,0,1,-7,0,-12,12,10,12,5,hello
0.7131056785583496,-5,4,5,13,0,2,4,-17,-12,-12,-10,-6,-9,-2,hello
0.7131056785583496,-19,-11,-12,3,1,0,-1,-12,-9,2,-18,-14,-15,-10,hello
0.7290282249450684,-15,-13,-13,-17,-11,0,0,-6,0,1,-15,-8,-13,-3,hello
0.7290282249450684,0,0,-7,-13,-15,-6,-1,4,6,-11,-11,2,-6,0,hello
0.7450413703918457,4,3,-7,-1,0,-18,-11,8,1,-3,8,8,8,-2,hello
0.7450413703918457,-2,2,-6,-4,8,-8,-15,-6,-20,0,17,-5,5,-16,hello
0.7604801654815674,-9,2,-8,-8,-1,3,-11,-17,-31,-20,-8,-27,-15,-31,hello
0.7604801654815674,-17,-6,-11,-6,-12,0,-10,-8,-16,-19,-26,-29,-22,-24,hello
0.7761116027832031,-21,-20,-15,-4,-9,1,-1,1,-1,8,-23,-22,-14,-9,hello
0.7761116027832031,-18,-20,-17,-9,-4,16,18,8,2,8,-22,-21,-19,-3,hello
0.7913990020751953,-7,-16,-15,-11,-1,21,22,15,15,-2,-18,-19,-14,7,hello
0.7913990020751953,6,-13,-9,-12,0,-3,-4,15,19,2,-3,-1,7,15,hello
0.8074688911437988,7,-2,1,-15,0,-25,-27,-1,0,-6,9,17,9,0,hello
0.8074688911437988,0,10,13,0,0,-4,-7,-17,-12,-17,13,2,-8,-12,hello
0.8235130310058594,0,8,17,22,6,16,21,-8,0,4,0,-12,-10,1,hello
0.8235130310058594,0,-1,2,4,6,9,24,12,29,29,0,0,8,15,hello
0.8392641544342041,-3,-2,-13,-23,0,-3,0,10,26,16,17,12,17,4,hello
0.8392641544342041,-8,1,-4,-16,0,-11,-17,-15,-13,-6,7,3,-3,-17,hello
0.8544185161590576,-20,0,0,5,-4,-6,-10,-18,-23,-1,-11,-7,-18,-18,hello
0.8544185161590576,-11,0,3,11,-1,6,8,9,9,12,0,3,5,16,hello
0.8694844245910645,23,14,14,12,5,3,8,17,14,9,26,26,34,34,hello
0.8694844245910645,30,22,20,17,4,-8,-5,-2,-14,-3,28,25,17,6,hello
0.8853058815002441,7,15,25,22,7,0,0,-9,-12,-2,10,8,-9,-6,hello
0.8853058815002441,3,4,18,22,16,14,20,2,12,12,2,1,-3,9,hello
0.9009957313537598,6,-3,-1,5,4,3,16,9,5,10,-5,-1,2,10,hello
0.9009957313537598,4,-15,-15,-15,-17,-10,-4,4,-7,-8,-13,-3,-1,0,hello
0.9171795845031738,10,-18,-13,-17,-21,-12,-10,0,0,-13,-4,4,6,6,hello
0.9171795845031738,14,1,-2,-4,-13,-10,-12,0,0,-11,2,14,14,7,hello
0.9325037002563475,15,27,7,3,-1,-4,-16,-1,-7,-13,9,18,16,0,hello
0.9325037002563475,15,26,19,5,11,7,-11,-3,-3,-9,19,20,19,4,hello
0.9484457969665528,2,5,22,13,15,20,1,-1,-5,-1,6,6,5,4,hello
0.9484457969665528,-8,-4,4,15,10,19,11,0,-1,6,-12,-10,-12,-1,hello
0.9641094207763672,-4,-3,-1,6,5,6,10,1,14,16,-6,-2,-5,7,hello
0.9641094207763672,0,-5,0,4,0,0,9,6,14,15,-4,-3,-4,7,hello
0.9793024063110352,-5,-17,-10,-3,-7,-12,0,1,-3,-9,-23,-18,-26,-12,hello
0.9793024063110352,-3,-16,-17,-12,-13,-27,-18,-9,-12,-24,-15,-5,-19,-23,hello
0.9953715801239014,7,3,-6,-3,-7,-19,-20,-5,-8,-4,18,10,15,-14,hello
0.9953715801239014,1,10,1,-4,2,3,-5,3,-5,12,16,0,9,-11,hello
1.0111641883850098,-22,-6,-14,-14,3,11,-2,-7,-5,0,-8,-26,-25,-26,hello
1.0111641883850098,-35,-12,-20,-7,5,8,0,-12,-2,-14,-16,-36,-26,-26,hello
1.0264568328857422,-25,-7,-7,-2,11,12,20,8,11,4,-13,-30,-4,0,hello
1.0264568328857422,-18,-15,-19,-18,3,14,31,20,31,34,-17,-26,4,13,hello
1.0418925285339355,-24,-23,-35,-29,-4,9,11,7,21,26,-23,-18,0,10,hello
1.0418925285339355,-11,-17,-22,-26,-2,0,-4,0,-2,-4,-21,-10,-2,7,hello
1.0570533275604248,12,-3,-5,-22,-5,-17,-2,2,-5,-14,-6,0,1,5,hello
1.0570533275604248,17,11,4,-11,-7,-20,-1,0,0,-8,14,16,7,1,hello
1.0723962783813477,10,18,10,4,2,-8,-8,-7,-12,-12,24,19,2,-9,hello
1.0723962783813477,6,15,14,9,11,-1,-8,-13,-22,-20,16,9,-6,-16,hello
1.0885212421417236,2,20,18,23,6,10,1,-14,-10,-7,10,11,-2,-3,hello
1.0885212421417236,8,21,29,43,0,16,8,-4,-1,4,4,15,4,14,hello
1.104625225067139,9,6,33,36,-1,4,4,3,-9,0,-4,9,0,19,hello
1.104625225067139,0,-4,11,18,-12,0,4,4,-7,4,-4,2,-1,15,hello
1.1197843551635742,1,-1,1,13,-23,0,0,8,2,10,2,14,7,17,hello
1.1197843551635742,20,1,14,14,-7,0,-7,12,13,12,19,31,24,23,hello
1.135556697845459,26,0,10,6,13,-6,-9,5,19,9,34,33,33,20,hello
1.135556697845459,23,5,0,-5,0,-23,-21,-7,4,-11,23,24,16,0,hello
1.1512212753295898,18,18,9,3,-6,-19,-21,-14,-16,-22,4,8,-7,-19,hello
1.1512212753295898,0,15,16,18,14,16,8,-8,-11,0,-5,-15,-18,-15,hello
1.1672742366790771,-20,-7,-10,-1,15,32,31,4,12,10,-19,-32,-15,-8,hello
1.1672742366790771,-18,-21,-30,-30,-1,4,20,15,25,8,-15,-21,0,0,hello
1.1833317279815674,-2,-16,-10,-25,2,-7,9,14,26,27,4,-1,15,16,sil
1.1833317279815674,-1,-15,-9,-15,0,0,0,5,19,32,6,-5,17,3,sil
1.19901442527771,-10,-13,-30,-23,-14,-9,-19,0,2,2,0,-6,14,-13,sil
1.19901442527771,-6,4,-18,-25,-2,-12,-15,-2,-6,-9,7,8,9,-4,sil
1.2145106792449951,0,12,4,-12,11,1,-1,-4,-11,-9,0,1,-10,-9,sil
1.2145106792449951,-4,6,12,0,1,0,-12,-17,-30,-39,-19,-11,-38,-30,sil
1.2296690940856934,-10,3,6,7,-3,-8,-21,-25,-47,-53,-27,-9,-43,-30,sil
1.2296690940856934,-21,-7,0,2,-2,3,-7,-6,-36,-24,-35,-18,-39,-19,sil
1.245375156402588,-29,-23,-6,-7,-7,17,2,5,-16,0,-37,-29,-31,-6,sil
1.245375156402588,-8,-18,-5,1,-7,11,13,8,3,6,-10,-12,-4,18,sil
1.260972023010254,14,0,3,16,5,3,27,23,31,30,16,18,23,41,sil
1.260972023010254,15,7,3,15,11,2,24,27,45,44,26,21,33,32,sil
1.277163028717041,15,5,-3,3,4,-5,4,12,30,20,24,8,26,11,sil
1.277163028717041,19,8,-1,2,3,-16,-5,2,16,4,21,7,22,2,sil
1.292680025100708,20,16,5,10,9,-9,-6,-7,12,7,23,16,26,1,sil
1.292680025100708,22,19,19,20,10,0,-10,-21,-7,-7,24,21,19,-3,sil
1.3082823753356934,11,19,21,28,7,1,-5,-21,-22,-24,9,3,-7,-17,sil
1.3082823753356934,-17,13,1,15,3,7,1,-18,-20,-13,-18,-28,-28,-25,sil
1.3237183094024658,-28,-4,-10,-3,-4,17,3,-15,-16,0,-33,-31,-25,-18,sil
1.3237183094024658,-19,-16,-11,-4,-8,16,13,0,-2,-4,-19,-15,-12,-4,sil
1.339141845703125,-19,-14,-13,-5,-6,8,17,11,16,-2,-8,-10,-7,8,sil
1.339141845703125,-14,-15,-15,-24,-12,0,5,15,17,15,-15,-9,-4,13,sil
1.355149507522583,0,-19,-16,-37,-19,-10,-7,17,5,14,-16,1,6,17,sil
1.355149507522583,3,-11,-10,-27,-10,-16,-12,14,2,0,0,15,16,22,sil
1.370997428894043,8,0,-1,-12,-5,-13,-12,3,5,0,16,23,17,10,sil
1.370997428894043,25,9,14,-6,-7,-12,-11,-2,-2,0,21,29,11,-3,sil
1.3864493370056152,29,15,20,0,0,-7,-8,-3,-12,-13,23,24,10,0,sil
1.3864493370056152,9,7,9,3,6,-4,-10,-5,-13,-12,21,11,7,0,sil
1.4024620056152344,0,2,7,1,2,-10,-14,-13,-18,-7,5,0,-8,-17,sil
1.4024620056152344,3,15,17,21,11,0,-5,-12,-16,-5,-1,-6,-18,-21,sil
1.4182114601135254,1,22,26,40,21,21,14,2,0,11,4,-3,-9,2,sil
1.4186224937438965,-9,2,15,23,10,22,26,8,9,23,2,-5,-1,11,sil
1.4333107471466064,-21,-18,-14,-1,0,11,24,5,3,2,-17,-22,-12,-6,sil
1.4333107471466064,-23,-19,-24,-8,-3,7,12,8,2,-9,-27,-22,-17,-11,sil
1.4490172863006592,-15,-15,-20,-5,-12,-3,0,5,9,7,-17,-11,-7,-1,sil
1.4490172863006592,-9,-16,-12,-7,-11,-12,-3,-5,4,10,-7,-1,0,9,sil
1.4641704559326172,2,-7,-3,-6,0,-5,-1,-5,2,-4,0,9,8,14,sil
1.4793622493743896,21,4,0,-1,0,-11,-12,4,12,-10,7,14,22,5,sil
1.4793622493743896,19,10,3,2,1,-19,-18,3,9,-4,12,10,20,-9,sil
1.4953911304473877,5,16,8,0,9,-4,-7,-4,-2,1,25,9,17,-9,sil
1.4953911304473877,7,18,11,0,10,0,-3,-11,-8,-8,31,9,15,0,sil
1.4953911304473877,8,11,12,8,7,0,-7,-13,-18,-20,7,-2,0,-1,sil
1.511164903640747,-3,8,5,9,7,14,0,0,-12,2,-11,-14,-11,-4,sil
1.511164903640747,-12,0,-4,-4,3,19,13,12,11,18,-14,-16,-15,0,sil
1.526275396347046,-16,-21,-21,-15,-10,2,14,-3,10,-1,-28,-28,-30,-9,sil
1.542367935180664,-16,-25,-15,-13,-17,0,4,-15,-7,-6,-39,-30,-34,-12,sil
1.542367935180664,-5,-6,3,-5,-4,10,6,5,3,13,-20,-2,-11,9,sil
1.5579535961151123,2,0,0,0,3,9,12,18,18,15,0,10,3,21,sil
1.5579535961151123,0,-4,-7,0,-1,0,0,7,6,3,2,7,2,14,sil
1.5579535961151123,9,-1,-1,2,0,0,-9,13,6,10,11,20,17,12,sil
1.5735244750976562,18,2,2,2,8,-2,-2,23,14,18,22,29,35,16,sil
1.588909149169922,5,3,0,-3,4,0,0,4,-1,2,21,17,26,10,sil
1.588909149169922,-4,0,-5,-8,-7,3,-9,-13,-12,-8,19,5,14,-1,sil
1.6039905548095703,8,2,1,-5,-10,-10,-18,-10,-8,-6,17,14,14,-5,sil
1.6039905548095703,19,17,15,5,-5,-22,-17,-14,-21,-20,13,18,3,-14,sil
1.6199853420257568,5,21,12,10,0,-14,-8,-26,-34,-46,4,0,-19,-27,sil
1.6199853420257568,-10,9,7,2,5,-6,0,-17,-15,-31,-6,-15,-23,-20,sil
1.6350276470184326,-10,-1,2,0,3,0,11,4,9,3,-9,-17,-13,-9,sil
1.6350276470184326,-9,-9,0,0,-5,1,13,11,7,4,-17,-22,-21,-11,sil
1.6500506401062012,-9,-7,0,1,-5,-2,4,3,-2,-3,-28,-25,-24,-12,sil
1.6500506401062012,-3,5,3,8,5,8,10,-1,-1,8,-19,-12,-7,0,sil
1.6656088829040527,-3,5,0,13,12,26,25,0,3,19,-6,0,0,10,sil
1.6656088829040527,-13,-12,-13,11,8,18,17,8,14,28,-4,-12,0,10,sil
1.6813139915466309,-13,-11,-10,6,4,2,3,14,23,31,-4,-11,7,14,sil
1.6813139915466309,7,7,5,10,3,2,11,11,26,24,5,9,13,19,sil
1.6964092254638672,16,0,5,13,-1,0,13,12,21,24,12,18,10,22,sil
1.6964092254638672,0,-29,-7,-5,-12,-9,-9,8,11,12,2,13,7,14,sil
1.7120110988616943,-10,-31,-20,-27,-12,-14,-30,-7,-1,-23,0,7,7,0,sil
1.7120110988616943,-2,-10,-14,-23,1,-14,-33,-12,-12,-32,13,12,15,0,sil
1.72705340385437,7,10,0,-5,10,-9,-22,0,-7,-2,27,18,26,6,sil
1.72705340385437,25,22,10,-1,4,-2,-5,10,2,7,26,14,22,5,sil
1.7424254417419434,37,25,20,-9,-8,-9,-2,1,-1,-7,15,9,8,5,sil
1.7424254417419434,17,16,9,-16,-19,-22,-6,-13,-16,-18,1,0,-2,-6,sil
1.7581045627593994,-2,6,-1,-17,-13,-16,-9,-21,-32,-34,-13,-13,-21,-29,sil
1.7581045627593994,-4,3,2,-5,5,4,-5,-22,-38,-40,-21,-20,-36,-31,sil
1.7741239070892334,-19,-2,-2,3,16,17,5,-18,-27,-21,-22,-20,-33,-25,sil
1.7741239070892334,-43,-14,-13,0,10,15,11,-9,-12,-4,-17,-19,-17,-26,sil
1.7901930809020996,-31,-9,-3,6,6,19,11,6,4,9,-5,-15,0,-19,sil
1.7901930809020996,0,9,20,22,7,25,17,17,22,22,4,1,5,2,sil
1.806202173233032,8,8,28,23,-3,19,19,10,14,13,4,10,-1,12,sil
1.806202173233032,12,0,19,19,-17,2,6,5,-1,4,3,5,3,15,sil
1.822176218032837,24,4,16,14,-4,-3,0,18,20,28,8,16,28,33,sil
1.822176218032837,19,2,2,4,8,0,3,19,43,45,10,22,30,33,sil
1.837193250656128,-7,-11,-16,-2,5,1,7,4,25,26,-4,-1,-1,12,sil
1.837193250656128,-24,-22,-31,-6,1,1,12,1,7,11,-21,-19,-22,6,sil
1.853217601776123,-28,-25,-50,-16,-3,0,10,1,7,5,-18,-17,-13,0,sil
1.853217601776123,-24,-15,-44,-27,-10,-8,-6,-10,-5,-17,-15,-9,-5,-18,sil
1.8685381412506104,0,2,-13,-17,-9,-13,-15,-12,-14,-28,-5,-5,-4,-19,sil
1.8685381412506104,28,10,10,-2,-2,-15,-15,0,-12,-22,2,2,-2,-7,sil
1.884239912033081,32,12,17,1,0,-14,-22,0,-17,-24,-2,10,-1,-2,sil
1.884239912033081,23,10,12,-1,2,-14,-25,-4,-20,-21,8,15,12,5,sil
1.89939284324646,16,5,20,4,8,-7,-8,0,-6,-1,37,26,30,18,sil
1.89939284324646,2,8,27,21,19,18,22,10,14,20,35,20,24,15,sil
1.9150631427764893,-12,6,9,24,15,29,36,8,17,22,2,-6,0,4,sil
1.9150631427764893,-11,0,-2,11,1,10,17,1,6,3,-10,-12,-9,0,sil
1.930345058441162,1,2,-1,-1,-2,-2,-8,-3,1,-6,5,1,3,-5,sil
1.930345058441162,7,9,0,-6,-3,-12,-26,-16,-14,-11,4,0,1,-19,sil
1.9463801383972168,11,15,17,11,-6,-13,-22,-24,-34,-16,-4,-9,-14,-21,sil
1.9463801383972168,6,12,31,25,-1,5,3,-6,-14,0,0,-7,-14,-5,sil
1.9620375633239744,-12,-14,2,-11,0,7,14,10,16,19,-5,-5,-4,2,sil
1.9620375633239744,-22,-31,-34,-44,-12,-18,-1,3,10,11,-3,-6,6,-6,sil
1.978315830230713,-19,-6,-21,-25,-11,-21,-15,-10,-12,-4,13,1,9,-8,sil
1.9786310195922847,-21,7,0,2,-2,0,-7,-16,-18,-5,5,-2,-9,-11,sil
1.994276523590088,-11,0,0,12,-1,11,8,-1,-2,3,-15,-12,-24,-6,sil
1.994276523590088,17,7,8,19,-4,17,25,24,18,13,-8,4,-4,24,sil
2.015423059463501,20,1,7,5,-5,14,26,23,26,14,-4,8,6,36,sil
2.015423059463501,-3,-24,-9,-23,-8,-3,1,1,9,-4,-25,-8,-17,10,sil
2.015423059463501,-8,-23,-20,-26,-9,-14,-9,3,0,-18,-21,-10,-17,-5,sil
2.024965763092041,-3,-8,-25,-13,0,-6,0,10,0,-10,-2,0,5,-1,sil
2.0410232543945312,-11,-5,-19,-12,11,1,-3,0,0,0,-2,2,12,-1,sil
2.0410232543945312,-8,3,-7,-6,16,0,-18,0,9,0,0,3,18,-5,sil
2.05717396736145,4,18,0,8,16,0,-17,4,13,-1,11,7,20,-9,sil
2.05717396736145,15,18,7,18,17,8,-7,-5,-1,-2,9,10,5,-11,sil
2.073239803314209,22,14,24,21,10,16,4,-10,-9,-1,13,12,3,-2,sil
2.073239803314209,11,9,30,12,-2,13,8,-4,-4,3,20,9,12,6,sil
2.089521169662476,-1,0,11,6,-7,5,7,0,-3,9,8,-3,5,3,sil
2.089521169662476,2,0,3,14,2,1,8,0,-4,3,-7,-9,-6,6,sil
2.1054797172546387,4,0,11,15,4,2,8,0,0,2,-5,0,-4,17,sil
2.1054797172546387,-4,-10,2,0,-6,0,5,-3,3,11,0,1,1,13,sil
2.1210639476776123,-5,-15,-7,-7,-7,-8,1,0,2,8,-3,-3,-1,8,sil
2.1210639476776123,0,-8,-10,-6,-1,-13,0,1,0,0,3,0,1,1,sil
2.1374294757843018,6,0,-9,-11,-2,-11,-5,-7,-4,-8,16,11,6,-12,sil
2.1374294757843018,11,13,6,-8,-5,-8,-8,-14,-18,-23,11,13,-12,-25,sil
2.152590274810791,0,17,15,8,-1,-4,-7,-10,-28,-33,-12,-12,-38,-28,sil
2.152590274810791,-17,-2,5,9,0,0,2,0,-19,-12,-29,-29,-38,-19,sil
2.1681511402130127,-13,-16,-3,0,-2,4,12,9,12,21,-12,-15,-4,0,sil
2.1681511402130127,0,-1,-6,-4,1,0,-1,13,27,21,7,4,19,15,sil
2.1841461658477783,1,8,-5,-4,3,-6,-15,10,12,3,7,11,19,11,sil
2.1841461658477783,5,0,-5,-11,-1,-8,-8,9,7,-1,9,13,22,7,sil
2.199349403381348,7,-5,0,-22,-8,-11,-9,4,5,-8,6,16,18,5,sil
2.199349403381348,-11,-4,-7,-19,-8,-5,-15,-10,-15,-18,-16,-4,-9,-16,sil
2.2153537273406982,-31,-2,-10,-2,-3,8,-5,-15,-25,-9,-30,-29,-27,-28,sil
2.2153537273406982,-17,1,6,17,4,18,9,-9,-6,10,-9,-17,-19,-6,sil
2.231179714202881,0,3,12,30,9,23,22,0,4,21,9,0,-9,13,sil
2.231179714202881,0,-2,0,24,7,18,22,8,7,21,7,0,3,22,sil
2.2463669776916504,2,-4,-8,6,7,9,16,16,21,24,11,5,23,25,sil
2.261981248855591,17,-1,-10,-1,5,0,13,18,29,26,17,16,25,19,sil
2.261981248855591,17,0,-1,-5,-2,-4,4,12,17,14,15,20,21,18,sil
2.261981248855591,21,2,2,-6,-6,-10,-12,0,3,-2,25,17,26,17,sil
2.277057409286499,29,5,3,-6,0,-18,-19,-7,-10,-22,17,18,17,6,sil
2.277057409286499,16,5,0,-11,3,-16,-17,-6,-12,-35,-11,5,0,-9,sil
2.292641878128052,-2,6,-5,-17,3,-6,-16,-8,-6,-29,-12,-8,-8,-22,sil
2.292641878128052,-4,5,2,-8,0,0,-3,-15,-13,-14,0,-5,-18,-24,sil
2.3081791400909424,-11,0,4,0,-5,1,12,-11,-14,-3,-11,-18,-26,-20,sil
2.3081791400909424,-28,-5,-10,-2,-9,1,8,-2,-6,-4,-32,-39,-31,-18,sil
2.324068307876587,-27,-3,-10,4,-5,4,2,-2,-3,-5,-24,-29,-29,-13,sil
2.324068307876587,-13,0,1,14,0,9,11,0,5,11,-6,-6,-9,1,sil
2.3393383026123047,-12,-6,0,0,-1,10,17,12,21,25,-6,0,7,14,sil
2.3393383026123047,-12,-11,-13,-17,-9,2,5,17,18,9,-9,2,9,6,sil
2.355397939682007,1,-2,0,-11,-7,-6,-11,9,3,-5,0,15,8,0,sil
2.355397939682007,21,12,26,6,4,-5,-21,0,-9,0,18,23,11,1,sil
2.371011257171631,28,19,31,13,13,0,-16,-8,-18,-7,29,27,17,-1,sil
2.371011257171631,20,14,30,11,10,0,-9,-13,-15,-15,30,26,19,0,sil
2.3873186111450195,10,13,27,21,11,0,-5,-14,-7,-1,18,5,8,0,sil
2.3873186111450195,0,12,14,30,18,3,1,-12,-4,7,-1,-14,-9,-4,sil
2.402815103530884,-10,-5,-3,12,11,8,13,-2,3,9,-10,-13,-13,2,sil
2.402815103530884,-15,-31,-28,-9,-8,1,13,8,12,21,-10,-16,-5,10,sil
2.418027877807617,-18,-32,-34,-15,-17,-14,-1,8,0,13,-20,-22,-10,1,sil
2.41838812828064,-10,-19,-28,-15,-11,-14,-3,4,0,-1,-18,-13,-8,-2,sil
2.433989286422729,6,-9,-20,-13,-8,1,6,14,21,3,2,9,10,13,sil
2.433989286422729,13,-3,-8,-7,-5,9,3,13,19,0,9,20,15,10,sil
2.449680805206299,6,0,-2,-10,-3,-2,-13,-8,-13,-30,-6,4,-3,-18,sil
2.449680805206299,4,7,3,-5,0,-7,-15,-16,-32,-35,-7,-1,-12,-20,sil
2.4652910232543945,2,10,8,18,10,12,13,2,-10,5,5,-1,-5,5,sil
2.4652910232543945,-2,0,0,13,8,16,33,17,13,33,2,-4,1,19,sil
2.4809646606445312,0,-1,-5,-12,-3,-8,12,10,10,12,-2,1,8,12,sil
2.4809646606445312,11,15,2,-7,-2,-12,-15,-3,-7,-12,7,11,8,0,sil
2.496164321899414,11,26,17,10,11,0,-16,-11,-10,-9,19,9,5,0,sil
2.511852979660034,6,21,17,11,10,1,-4,-5,0,-2,21,1,5,1,sil
2.511852979660034,0,4,3,3,-4,2,2,0,3,2,6,-6,-3,-1,sil
2.511852979660034,-11,-7,-6,0,-12,12,12,4,8,14,-17,-16,-14,-1,sil
2.5275866985321045,-15,-4,-13,-6,-8,6,11,7,15,13,-19,-16,-7,0,sil
2.5432498455047607,-15,-8,-14,-18,-4,-11,-5,5,10,0,-6,-1,0,-4,sil
2.5432498455047607,-6,-14,-9,-25,-1,-16,-12,-1,0,0,2,8,6,-8,sil
2.5432498455047607,5,2,5,-8,0,-2,-7,-5,-5,1,7,8,9,-4,sil
2.5589749813079834,0,16,23,5,0,3,-12,-11,-17,-9,7,7,0,-4,sil
2.5589749813079834,-11,5,15,7,0,2,-8,-16,-15,-15,8,0,-6,-12,sil
2.5745110511779785,-9,0,3,12,8,15,11,-4,2,-3,0,-8,-6,-5,sil
3.151651382446289,25,6,3,-3,0,-1,-10,-5,-3,-16,20,23,17,-4,sil
3.151651382446289,12,13,10,1,0,2,-11,-8,-6,-14,15,16,4,-12,sil
3.1672251224517822,0,20,11,12,5,18,4,-4,0,-1,2,4,0,-9,sil
3.1672251224517822,-4,10,1,17,10,24,19,0,8,9,2,-8,2,3,sil
3.1830008029937744,-19,-16,-20,-9,-4,9,15,0,10,11,-11,-23,-2,6,sil
3.1830008029937744,-27,-30,-35,-29,-17,-9,0,5,1,7,-27,-16,-3,1,sil
3.198354959487915,-8,-14,-17,-13,-11,-23,-17,2,-7,-6,-6,5,11,0,sil
3.198354959487915,14,6,6,1,-12,-23,-24,-11,-17,-19,19,10,15,-5,sil
3.213773488998413,23,19,25,8,-9,-10,-10,-15,-21,-10,19,10,5,-8,sil
3.213773488998413,17,21,26,19,12,0,-3,-10,-16,1,10,15,-3,-2,sil
3.2290542125701904,1,7,10,17,17,3,-11,-11,-15,-8,0,2,-12,-4,sil
3.2290542125701904,-7,0,5,12,2,11,0,-6,-15,-6,-11,-14,-16,-1,sil
3.245159387588501,0,0,7,15,1,17,20,10,0,16,-10,-12,-2,12,sil
3.245159387588501,6,-8,2,1,2,3,18,11,12,14,-10,-5,0,20,sil
3.260801076889038,0,-12,-5,-14,-5,-8,4,-1,8,-7,-13,-7,-5,16,sil
3.260801076889038,0,-4,-7,-10,-8,-9,0,0,8,-3,-4,-5,1,11,sil
3.2760002613067627,0,-9,-8,-12,-9,-10,-1,12,14,5,2,6,10,4,sil
3.2760002613067627,4,-8,-8,-18,-5,-6,-2,10,15,-6,13,15,9,0,sil
3.291163444519043,9,6,6,-11,8,-3,-4,-1,1,-15,22,18,8,0,sil
3.3062727451324463,3,8,21,3,18,1,-9,-14,-9,0,12,11,1,-7,sil
3.3062727451324463,-2,5,15,18,12,15,-4,-11,-6,14,-4,-2,-12,-10,sil
3.322242021560669,-9,7,1,26,2,17,9,1,0,13,-8,-15,-15,-5,sil
3.322242021560669,-22,-4,-17,13,-1,4,12,10,6,15,-8,-24,-7,-8,sil
3.337329626083374,-20,-11,-29,-14,-4,-2,2,12,18,20,-11,-15,4,-4,sil
3.337329626083374,0,-9,-24,-21,-10,-3,0,11,24,11,-4,0,13,9,sil
3.3526504039764404,7,-18,-16,-16,-12,-10,2,11,14,-10,0,8,5,14,sil
3.3526504039764404,3,-11,-5,-20,-3,-11,0,8,1,-19,-4,11,-2,4,sil
3.3682377338409424,4,22,-1,-9,3,-9,-11,-6,-10,-15,3,0,1,-14,sil
3.3682377338409424,0,32,5,12,5,-15,-20,-16,-22,-18,13,-6,-4,-23,sil
3.384312629699707,-5,14,8,20,7,-6,-8,-7,-12,-14,6,0,-6,-15,sil
3.384312629699707,-2,4,10,18,9,22,15,0,0,3,0,0,2,-10,sil
3.399134874343872,-1,0,18,16,10,36,22,-4,-5,8,-1,-4,0,-5,sil
3.399134874343872,-7,-14,-1,5,0,19,12,-3,-4,14,-7,-6,-5,2,sil
3.414296388626098,-11,-15,-20,-14,-18,-3,7,-1,6,24,-5,-2,0,13,sil
3.414296388626098,1,-2,-1,-18,-14,-5,1,0,11,20,4,13,10,23,sil
3.4300711154937744,21,-3,10,-10,-3,-1,-7,7,10,1,2,24,12,16,sil
3.4300711154937744,24,-8,7,-18,0,-9,-9,8,2,-12,-5,23,0,-3,sil
3.446161985397339,18,6,16,-13,6,-13,-4,-1,-3,-14,6,16,0,-2,sil
3.446161985397339,17,22,30,18,6,-12,-18,-9,-12,-18,21,16,6,6,sil
3.4613168239593506,8,23,27,42,1,-11,-27,-11,-23,-14,18,9,1,0,sil
3.4613168239593506,0,14,18,36,9,3,-6,-9,-20,0,14,-11,-2,-3,sil
3.47707748413086,-5,0,7,16,10,24,10,-1,-7,7,-4,-29,-3,2,sil
3.47707748413086,-23,-18,-25,-9,-7,12,4,1,0,1,-32,-37,-9,2,sil
3.4930315017700195,-25,-23,-36,-29,-18,-16,-8,1,-2,-12,-21,-22,-2,5,sil
3.4930315017700195,0,-5,-10,-20,-4,-15,-8,1,-4,-18,8,-6,8,1,sil
3.508230209350586,2,-5,-4,-2,6,4,4,-2,0,-8,-2,-17,-7,-15,sil
3.508230209350586,-16,-13,-11,-10,2,11,14,-2,0,-1,-34,-17,-28,-15,sil
3.5242116451263428,-15,0,-12,-5,0,16,25,4,8,8,-19,-1,-17,-1,sil
3.5242116451263428,2,5,-1,7,0,14,28,9,21,23,9,10,2,10,sil
3.5394070148468018,5,-2,4,4,7,5,21,18,35,25,6,18,13,15,sil
3.5394070148468018,-4,-3,-18,-2,5,-2,9,19,33,25,0,9,13,5,sil
3.5545482635498047,-4,-11,-19,-11,-10,-14,-7,4,7,11,1,3,3,-2,sil
3.5545482635498047,9,-7,1,-8,-12,-17,-13,-5,-7,-9,6,10,10,1,sil
3.570208787918091,23,16,7,6,1,-11,-6,-1,-1,-11,18,20,20,6,sil
3.570208787918091,16,17,12,7,1,-10,-8,0,-1,-1,25,25,12,0,sil
3.586118459701538,4,3,9,5,-1,-10,-19,-10,-14,-4,24,13,7,-13,sil
3.586118459701538,6,8,9,7,6,-11,-28,-16,-30,-22,14,3,-2,-16,sil
3.6013383865356445,1,9,18,8,7,-5,-23,-9,-26,-26,-8,-4,-24,-22,sil
3.6013383865356445,-17,-7,1,9,-1,10,-5,-5,-9,-6,-25,-23,-32,-25,sil
3.616488695144653,-22,-13,-7,0,-2,15,6,-5,0,8,-22,-26,-19,-7,sil
3.616488695144653,-15,-4,-2,-11,0,12,12,-1,0,12,-15,-18,-8,7,sil
3.631963014602661,-12,-2,-9,-8,2,11,16,3,9,17,-9,-21,0,7,sil
3.631963014602661,-5,0,-6,-2,7,8,22,18,30,15,0,-1,15,16,sil
3.647083759307861,1,2,5,0,3,5,26,29,37,19,5,24,28,29,sil
3.6623685359954834,6,-4,-8,-6,-8,3,16,16,23,24,10,16,28,32,sil
3.6623685359954834,18,-5,-8,-18,-6,-1,-9,-6,2,-1,15,14,22,21,sil
3.6623685359954834,30,16,13,1,1,-4,-19,-26,-20,-25,18,22,12,0,sil
3.6783926486968994,25,28,22,29,1,-2,-12,-25,-34,-23,13,16,0,-10,sil
3.6783926486968994,11,15,23,21,0,-2,-9,-9,-30,-21,2,7,-11,-6,sil
3.6931192874908447,-3,4,8,7,6,2,-3,-4,-18,-14,-1,-12,-16,-17,sil
3.7083356380462646,-17,2,-4,5,3,9,1,-9,-17,-1,-9,-29,-24,-23,sil
3.7083356380462646,-27,-9,-7,0,-7,10,1,1,0,5,-22,-24,-22,-10,sil
3.723395347595215,-26,-26,-21,-14,-9,0,2,16,23,4,-33,-26,-16,-5,sil
3.723395347595215,-10,-24,-20,-24,-7,-15,-2,17,18,-9,-34,-23,-14,-4,sil
3.738996982574463,2,-13,-10,-21,-13,-17,-11,8,5,-12,-17,-6,0,1,sil
3.738996982574463,1,-8,-9,-19,-10,-10,-12,2,5,-3,5,10,17,3,sil
3.7545318603515625,4,-2,-1,-19,0,-10,-8,3,3,-2,20,24,18,1,sil
3.7545318603515625,18,11,9,1,11,-12,0,2,0,3,26,22,15,3,sil
3.769601345062256,21,22,29,25,16,-1,10,-2,-2,11,22,16,6,6,sil
3.769601345062256,8,16,27,34,14,17,25,0,2,17,19,9,-1,5,sil
3.785454273223877,0,1,8,31,11,20,26,5,9,26,19,5,0,6,sil
3.785454273223877,-5,-5,0,17,2,7,11,4,1,19,1,-1,-6,7,sil
3.8010334968566895,-13,-9,-10,0,-2,2,4,0,2,12,-13,-14,-12,5,sil
3.8010334968566895,-6,-9,-12,-6,-1,0,1,1,13,16,-1,-2,0,10,sil
3.816485643386841,1,-15,-13,-14,-9,-16,-15,-6,0,-5,0,5,5,3,sil
3.816485643386841,-6,-20,-22,-30,-17,-27,-36,-19,-23,-40,-16,-5,-1,-9,sil
3.8314146995544434,-4,0,-3,-16,-4,-9,-29,-10,-15,-25,1,7,1,-7,sil
3.8314146995544434,12,21,20,15,10,12,-1,0,1,4,26,22,14,-6,sil
3.847432374954224,13,17,18,9,8,7,11,-4,-6,-6,19,7,6,-16,sil
3.847432374954224,-2,15,2,-1,3,8,4,-7,-10,-13,2,-11,-5,-21,sil
3.863410711288452,-21,10,-11,7,6,21,7,-4,-3,0,-13,-24,-7,-14,sil
3.863410711288452,-19,-5,-10,5,3,22,20,0,3,12,-24,-22,-4,4,sil
3.879426956176758,-5,-11,-7,0,-2,12,27,17,20,24,-15,-10,0,16,sil
3.879426956176758,-1,-9,-13,-4,-4,2,9,21,25,19,-16,0,3,13,sil
3.895036458969116,3,-2,-12,-12,-1,-5,-10,7,9,6,-22,0,9,9,sil
3.895036458969116,23,10,0,-1,-1,-15,-13,3,7,0,0,5,20,14,sil
3.9104466438293457,33,17,16,10,-6,-19,-13,5,7,-15,19,24,14,10,sil
3.9104466438293457,17,11,17,-1,-5,-17,-11,-4,-12,-26,13,18,-6,-7,sil
3.926304340362549,-4,3,8,0,2,-13,-6,-21,-33,-22,-2,-8,-26,-15,sil
3.926304340362549,-10,-4,3,17,2,2,-4,-21,-32,-15,-7,-23,-33,-10,sil
3.9419682025909424,-10,-12,0,10,-3,17,1,-7,-16,-2,-13,-19,-24,-6,sil
3.9419682025909424,-16,-11,-6,-14,-2,16,12,4,0,7,-17,-6,-14,3,sil
3.957281827926636,-13,-12,-12,-15,4,6,15,19,26,18,2,5,4,15,sil
3.957281827926636,-2,-18,-15,-14,2,-8,4,24,39,23,16,12,26,14,sil
3.972690105438232,-4,-16,-14,-28,-12,-23,-12,10,20,9,6,9,28,1,sil
3.972690105438232,-2,-3,1,-19,-11,-22,-13,0,-2,0,14,12,22,0,sil
3.9881398677825928,12,8,22,5,2,-11,-8,0,-9,1,33,20,18,0,sil
3.9881398677825928,8,8,18,11,0,-7,-11,-19,-21,-11,20,1,-1,-13,sil
4.003777742385864,-4,3,14,8,0,2,-10,-29,-32,-26,-1,-16,-26,-23,sil
4.003777742385864,0,8,25,21,13,25,7,-14,-24,-18,-14,-12,-30,-14,sil
4.025688886642456,-5,7,7,20,8,33,23,-5,-8,-2,-27,-16,-25,-5,sil
4.025688886642456,-20,0,-14,0,-6,23,23,0,4,11,-24,-16,-14,0,sil
4.025688886642456,-4,-1,-9,-4,-4,9,13,15,18,15,-1,3,7,12,sil
4.03521466255188,17,2,4,5,4,-1,4,22,23,12,6,21,23,20,sil
4.050107717514038,23,7,3,8,9,0,5,24,28,22,13,22,32,24,sil
4.050107717514038,20,9,-6,1,13,-4,-4,15,30,23,31,27,41,21,sil
4.066126585006714,17,3,-5,-5,7,-21,-25,-1,7,-1,27,24,23,6,sil
4.066126585006714,11,4,-1,1,-1,-16,-19,-6,-8,-8,10,0,0,-11,sil
4.081933259963989,-2,9,-4,13,0,0,-1,-4,-9,-2,0,-18,-10,-12,sil
4.081933259963989,-16,-2,-10,6,0,2,0,-9,-11,-12,-16,-24,-25,-10,sil
4.097491264343262,-18,-13,-12,0,-2,4,2,-14,-15,-17,-31,-26,-37,-13,sil
4.097491264343262,-12,-3,-5,1,1,4,13,-12,-10,0,-26,-10,-21,-10,sil
4.113582372665405,-8,-4,-7,-4,-3,-6,14,1,3,6,-15,-2,-1,-1,sil
4.113582372665405,-8,-16,-12,-24,-13,-14,0,12,13,-2,-9,-4,6,4,sil
4.128906726837158,0,-1,0,-21,-4,-10,-15,0,1,-2,15,14,18,1,sil
4.128906726837158,11,18,21,9,2,-1,-14,-10,-16,-1,27,17,14,-2,sil
4.144979953765869,-3,4,16,14,-6,10,1,-6,-18,-13,-10,-13,-18,-4,sil
4.144979953765869,-17,-25,-13,-18,-14,7,10,4,0,-12,-34,-19,-24,0,sil
4.160847902297974,5,-20,-18,-28,-10,-12,0,11,10,3,-3,8,9,10,sil
4.160847902297974,18,8,8,1,0,-13,-12,-2,-4,-6,18,15,18,6,sil
4.17587685585022,-3,10,14,13,10,7,-4,-15,-14,-16,0,-10,-12,-15,sil
4.17587685585022,-18,-8,0,1,7,16,6,0,5,9,-18,-17,-20,-9,sil
4.191058158874512,-10,-11,-10,-8,-2,8,6,18,20,31,0,5,9,14,sil
4.191058158874512,0,0,-3,-9,0,0,0,7,6,14,26,23,26,12,sil
4.206256628036499,12,18,17,8,10,7,0,-5,-5,-4,32,19,15,-2,sil
4.206256628036499,13,26,21,33,14,27,9,3,0,1,20,5,7,1,sil
4.222026348114014,3,4,1,18,8,23,13,7,4,13,2,-4,0,12,sil
4.222026348114014,-5,-17,-14,-8,-4,3,5,-9,1,13,-13,-18,-11,0,sil
4.237122058868408,-9,-12,-10,-8,-4,-4,1,-10,1,7,-18,-15,-19,-10,sil
4.252878665924072,-2,4,1,2,3,-12,4,9,8,5,-8,0,-11,6,sil
4.252878665924072,10,10,1,0,0,-26,2,13,14,2,6,8,13,17,sil
4.252878665924072,20,4,2,-9,-4,-30,-7,6,11,-7,16,18,30,6,sil
4.26807713508606,25,4,6,-10,-4,-23,-20,3,1,-10,18,23,19,-2,sil
4.283599615097046,16,11,10,-1,-4,-11,-21,-8,-12,-15,8,15,4,-5,sil
4.283599615097046,0,10,16,4,0,0,-15,-22,-27,-33,-5,1,-9,-11,sil
4.29877519607544,-11,-1,9,7,0,0,-14,-21,-29,-34,-17,-17,-26,-18,sil
4.29877519607544,-18,-8,-3,10,-4,3,-5,-11,-21,-11,-25,-28,-34,-14,sil
4.314405918121338,-20,-4,-8,13,4,29,22,4,-4,9,-21,-23,-22,-5,sil
4.314405918121338,-16,-4,-13,7,10,32,31,18,12,21,-15,-20,-9,0,sil
4.330056428909302,-25,-23,-28,-15,-3,0,6,13,14,18,-19,-20,-5,0,sil
4.330056428909302,-25,-29,-33,-28,-9,-11,-6,6,13,6,-11,-13,-1,-4,sil
4.345470190048218,1,0,-6,-9,6,-1,2,13,15,2,17,7,16,5,sil
4.345470190048218,20,19,9,4,9,-2,6,12,12,9,28,28,33,13,sil
4.361001253128052,11,6,0,-3,-5,-15,-7,-5,0,1,13,24,25,-1,sil
4.361001253128052,9,3,6,-3,-9,-19,-15,-20,-12,-17,10,12,3,-14,sil
4.376374006271362,17,18,18,14,-1,-2,-6,-18,-13,-15,15,4,-4,-6,sil
4.376374006271362,8,10,16,16,3,17,8,-10,-4,6,2,3,-5,11,sil
4.392374277114868,1,-9,9,9,7,22,16,0,8,18,-2,4,0,21,sil
4.392374277114868,10,-7,6,8,6,11,18,18,19,17,10,12,14,25,sil
4.407859802246094,13,2,7,0,0,1,10,23,23,14,11,21,19,24,sil
4.407859802246094,5,-2,-3,-17,-9,-7,-6,2,8,2,-3,11,5,1,sil
4.423405408859253,0,-10,-9,-20,-12,-16,-19,-14,-18,-16,-14,0,-12,-20,sil
4.423405408859253,1,0,2,3,0,-8,-11,-5,-24,-13,-6,0,-14,-15,sil
4.438993453979492,1,5,7,25,9,8,3,1,-8,5,0,-8,-8,-6,sil
4.438993453979492,-12,0,1,17,5,19,9,-8,-2,10,-14,-24,-18,-7,sil
4.454211235046387,-23,-10,-13,-4,0,18,7,-8,0,5,-23,-33,-24,-6,sil
4.454211235046387,-25,-16,-30,-19,0,2,0,7,11,0,-15,-28,-11,-2,sil
4.469967365264893,-16,-11,-20,-17,-4,-12,-8,10,10,-3,-4,-9,4,1,sil
4.469967365264893,0,6,1,-6,-4,-14,-9,-4,-6,-5,10,4,11,2,sil
4.485092401504517,7,22,10,-2,2,-13,-14,-14,-19,-19,24,7,11,-3,sil
4.485092401504517,7,26,10,7,10,-7,-14,-11,-13,-24,22,-1,7,-9,sil
4.500229120254517,6,15,11,19,9,7,2,-4,-4,-5,-1,-8,-1,-1,sil
4.500229120254517,-2,-5,0,6,0,12,11,8,6,8,-15,-3,-4,7,sil
4.516327142715454,-1,-9,-9,-9,-2,-2,-2,16,15,8,9,10,9,0,sil
4.516327142715454,8,10,4,0,0,-9,-6,4,1,1,30,18,13,-7,sil
4.5319554805755615,1,8,12,11,-3,1,14,-2,-6,-7,2,1,-4,-2,sil
4.5319554805755615,-2,-13,-3,-8,-9,6,21,11,13,-1,-21,-4,-6,10,sil
4.547598838806152,7,-14,-7,-24,-6,0,3,18,28,18,-10,15,9,17,sil
4.547598838806152,9,0,1,-13,-4,-10,-11,6,15,16,5,26,15,10,sil
4.563475131988525,7,9,15,0,-1,-12,-13,-3,-5,-1,10,19,7,4,sil
4.563475131988525,7,12,17,9,0,1,-2,-9,-15,-3,0,7,-3,0,sil
4.57858943939209,-3,-2,1,6,-4,14,6,-13,-18,1,-23,-11,-26,-10,sil
4.57858943939209,-13,-18,-9,-1,-6,14,10,-11,-9,7,-30,-24,-32,-9,sil
4.594175577163696,-2,-11,-9,-3,5,4,11,2,9,9,-12,-15,-1,3,sil
4.594175577163696,7,-2,-11,-9,10,-13,0,9,3,-16,-2,0,17,3,sil
4.609432935714722,1,-2,-14,-10,1,-19,-13,-5,-17,-38,-4,-5,0,-16,sil
4.609432935714722,-2,2,-1,9,5,1,-6,-10,-8,-8,3,-11,-4,-11,sil
4.625529766082764,1,9,18,27,20,22,10,0,14,23,15,0,10,11,sil
4.625529766082764,0,-1,4,23,15,25,12,1,13,20,9,0,4,6,sil
4.641446828842163,-12,-18,-15,7,-2,10,3,2,6,12,-3,-9,-9,0,sil
4.641446828842163,-5,-12,-8,-4,-11,-12,-2,6,7,14,2,2,2,2,sil
4.6570703983306885,5,1,1,-12,-14,-26,-15,-5,-8,-5,20,18,11,-7,sil
4.6570703983306885,2,4,3,-12,-15,-22,-26,-19,-29,-37,18,18,0,-14,sil
4.672336101531982,1,10,9,8,-10,-6,-11,-13,-23,-31,14,13,3,-7,sil
4.672336101531982,0,19,16,23,2,5,8,-3,-12,-4,12,10,6,-2,sil
4.68850564956665,-10,2,11,6,3,6,12,0,-6,6,-4,-7,-9,0,sil
4.68850564956665,-8,-13,-1,-6,-6,2,11,12,15,17,-15,-14,-4,12,sil
4.704427003860474,0,-2,-3,1,-5,6,12,28,38,37,0,2,20,24,sil
4.704427003860474,-2,1,-9,0,7,5,2,28,33,30,10,7,23,19,sil
4.719425678253174,4,-2,-7,-13,17,1,-8,10,15,1,2,5,6,9,sil
4.719425678253174,20,9,2,-8,15,3,-3,-5,2,-14,5,9,4,0,sil
4.73541784286499,9,19,0,-1,2,0,-5,-13,-17,-28,8,-3,-1,-17,sil
4.73541784286499,-12,12,0,0,-3,-8,-15,-15,-28,-31,-11,-21,-24,-23,sil
4.750104665756226,-3,9,8,13,0,-1,-1,-8,-9,0,-21,-18,-24,-5,sil
4.750104665756226,8,6,4,19,4,11,12,-3,4,25,-13,-15,-12,7,sil
4.766196489334106,-9,-6,-14,-4,0,9,0,-5,1,12,-17,-21,-13,2,sil
4.766196489334106,-18,-18,-27,-23,-7,-6,-7,2,3,3,-22,-22,-11,1,sil
4.78141188621521,1,-16,-14,-30,-5,-18,0,16,8,8,-13,0,5,8,sil
4.78141188621521,14,-12,-6,-42,-2,-10,3,10,6,3,2,16,14,3,sil
4.797041893005371,1,-10,-5,-37,-5,0,6,-5,-1,-4,5,4,4,-6,sil
4.797041893005371,-1,4,11,3,3,8,9,-5,-4,-3,0,-1,-3,-10,sil
4.8122169971466064,7,18,19,34,15,18,7,0,-1,-6,2,5,-4,-9,hello
4.828397750854492,-1,1,11,20,2,14,7,-7,-6,-18,2,5,-7,-1,hello
4.828397750854492,-10,-15,5,12,-8,3,14,-5,-5,-8,-1,0,-4,4,hello
4.828397750854492,4,-2,4,18,0,0,14,12,12,11,3,11,11,10,hello
4.843928098678589,9,0,-1,5,-5,-7,-1,10,8,0,12,20,17,6,hello
4.843928098678589,-2,-17,-11,-12,-24,-20,-20,-8,-16,-18,11,15,14,-5,hello
4.859784126281738,0,-10,1,-8,-21,-21,-25,-10,-22,-10,17,17,17,-7,hello
4.859784126281738,11,15,22,15,-7,-6,-21,-10,-13,-8,20,14,9,-7,hello
4.875577449798584,3,18,21,30,0,4,-10,-21,-17,-21,-1,-4,-12,-13,hello
4.890958786010742,-11,2,7,16,3,5,5,-11,-11,0,-18,-13,-17,-8,hello
4.890958786010742,-15,-1,-4,4,9,3,8,14,18,32,-7,-7,-1,8,hello
4.906365633010864,-3,4,-7,7,14,1,-2,22,31,22,-3,0,4,20,hello
4.906365633010864,9,4,-6,-1,13,-1,-3,13,21,4,-1,3,6,17,hello
4.922480821609497,12,1,-5,-11,8,-3,0,5,8,10,18,11,13,11,hello
4.922480821609497,7,8,2,1,11,5,-7,0,0,6,26,10,6,3,hello
4.938254117965698,0,14,0,10,14,13,0,-4,-9,-4,6,-16,-15,-9,hello
4.938254117965698,-14,3,-7,-3,6,8,3,-14,-19,-9,-21,-40,-36,-18,hello
4.952860832214356,-32,-15,-15,-17,-4,4,0,-13,-15,-4,-29,-35,-34,-15,hello
4.952860832214356,-25,-22,-22,-21,-6,2,10,12,12,14,-14,-16,-9,-1,hello
4.968375444412232,0,-14,-9,-19,-4,-2,23,30,33,27,-4,0,12,14,hello
4.968375444412232,15,-2,0,-16,-6,-4,6,17,22,6,0,8,23,9,hello
4.984255313873291,20,5,-1,-14,-6,-11,-3,2,2,-18,12,16,24,0,hello
4.984255313873291,23,14,10,-4,0,-12,8,-1,-3,-14,23,23,14,1,hello
4.999453544616699,13,14,19,1,2,3,11,-10,-5,-5,12,12,0,-2,hello
4.999453544616699,-5,3,14,6,0,15,3,-17,-11,-3,-10,-8,-13,-8,hello
5.015454530715942,-9,-3,1,18,-5,4,10,-10,-10,4,-14,-16,-11,-1,hello
5.015454530715942,0,-3,0,12,-3,0,13,-1,1,16,0,2,1,10,hello
5.031490087509155,6,-8,0,1,-1,10,-1,5,14,13,1,15,13,9,hello
5.031490087509155,7,-8,-10,2,-4,3,-17,9,10,3,-5,3,16,8,hello
5.047649621963501,0,1,-13,-1,-5,-16,-23,0,-5,-5,0,9,15,7,hello
5.047649621963501,-1,6,-3,-7,0,-21,-25,-9,-12,-18,14,19,10,-9,hello
5.063015699386597,-2,1,3,4,6,-14,-25,-12,-19,-31,8,6,-5,-22,hello
5.063015699386597,-7,3,9,10,-1,-7,-14,-20,-30,-25,-10,-10,-18,-15,hello
5.079042196273804,-10,6,9,11,-12,0,-2,-24,-27,-7,-14,-22,-17,-12,hello
5.079042196273804,-12,0,5,16,-3,6,3,-7,-13,0,-8,-22,-15,-8,hello
5.095072984695435,-11,-7,-1,14,8,17,16,11,2,7,-8,-11,-13,0,hello
5.095072984695435,-5,-11,-5,1,6,16,23,17,18,16,-13,-2,-8,6,hello
5.110456466674805,0,-8,-3,-8,2,2,9,16,21,14,-10,-2,-3,15,hello
5.110456466674805,3,-7,-14,-21,2,0,-2,15,17,14,-2,-3,-1,16,hello
5.125962495803833,2,-12,-11,-24,1,4,1,13,16,16,2,8,8,10,hello
5.125962495803833,9,-5,5,-4,5,3,6,7,11,6,20,23,19,6,hello
5.142004489898682,25,14,19,-7,5,-7,-3,-1,-4,-17,32,24,14,1,hello
5.142004489898682,20,20,22,-24,-5,-15,-10,-5,-9,-33,16,12,0,-5,hello
5.15840482711792,-2,7,10,-1,-9,-15,-7,-1,-2,-23,3,4,-5,-8,hello
5.15840482711792,-7,8,4,29,0,-3,0,1,-4,-3,8,3,-2,-4,hello
5.173171043395996,0,22,6,27,3,14,7,-3,-4,5,4,-6,-4,-4,hello
5.173171043395996,-8,17,7,3,4,15,16,-11,-1,10,-12,-20,-12,-3,hello
5.189340591430664,-12,-2,0,-6,5,4,20,-1,0,16,-21,-18,-13,4,hello
5.189340591430664,0,-17,-20,1,4,5,17,18,15,28,-10,-8,6,10,hello
5.204472303390503,3,-14,-26,2,2,4,-3,18,31,27,0,5,25,8,hello
5.204472303390503,2,1,-8,-4,-2,-4,-19,-6,9,3,5,9,15,-5,hello
5.220370769500732,0,9,-1,4,-1,-3,-9,-23,-15,-4,6,-1,-3,-13,hello
5.220370769500732,-14,-10,-13,1,2,5,1,-11,-7,5,-4,-10,-8,-5,hello
5.235966682434082,-26,-30,-25,-20,-14,0,-5,3,5,-2,-19,-14,0,-5,hello
5.235966682434082,-12,-20,-11,-13,-28,-22,-14,0,-2,-24,-7,-1,5,-1,hello
5.251681566238403,11,2,6,6,-9,-26,-13,-11,-19,-18,16,16,6,1,hello
5.251681566238403,5,7,9,5,13,0,0,-5,-15,0,8,8,-2,-6,hello
5.267300844192505,-4,0,16,9,18,25,19,12,12,14,-5,0,0,5,hello
5.267300844192505,11,-2,13,11,7,12,15,22,34,20,11,9,17,28,hello
5.283087253570557,19,3,0,-9,-3,-13,-11,9,8,-2,18,15,14,12,hello
5.283087253570557,10,13,7,-4,4,-3,-15,-13,-26,-20,0,0,-7,-12,hello
5.298694849014282,0,6,8,13,14,11,1,-15,-26,-11,-13,-21,-20,-7,sil
5.298694849014282,-7,-11,-12,-10,-9,-8,0,1,-8,-11,-18,-22,-18,0,sil
5.314526081085205,7,-3,-13,-23,-16,-24,-11,4,-2,-9,-2,3,0,0,sil
5.314526081085205,27,21,20,2,7,-5,-6,-9,-12,-2,14,21,8,0,sil
5.330227851867676,0,16,20,11,8,10,3,-18,-16,-16,0,-1,-9,-10,sil
5.330227851867676,-20,1,-3,4,-4,10,14,-8,-6,-17,-14,-13,-14,-13,sil
5.345258474349976,0,5,8,15,0,14,16,3,-2,8,-4,3,-4,0,sil
5.345258474349976,-3,3,16,20,1,18,9,8,4,17,0,0,-8,2,sil
5.360605239868164,-19,-7,-3,0,-6,12,5,13,23,18,-4,-8,-3,4,sil
5.360605239868164,-3,-7,-10,-15,-5,4,5,17,26,23,-11,5,9,11,sil
5.376384735107422,7,0,-7,-10,2,-2,-1,18,19,11,-6,9,9,9,sil
5.376384735107422,1,3,-3,-5,11,-9,-5,17,25,2,17,13,15,13,sil
5.392483472824097,3,2,-6,-9,5,-14,-8,5,22,9,29,15,24,7,sil
5.392483472824097,0,-2,-9,-4,-2,-10,-17,-10,-1,-3,10,-3,10,-12,sil
5.408147811889648,0,1,2,7,0,0,-17,-19,-20,-30,2,-11,-8,-21,sil
5.408147811889648,3,6,6,5,0,-2,-12,-20,-24,-29,2,-4,-19,-18,sil
5.423566818237305,-9,-5,-7,-4,-9,-12,-7,-13,-20,-6,-13,-9,-22,-10,sil
5.423566818237305,-14,-16,-11,1,-3,0,10,-5,-4,18,-14,-21,-11,2,sil
5.439163684844971,-6,-11,-7,3,0,7,21,0,1,22,-7,-17,-6,6,sil
5.439163684844971,-7,-10,-6,-8,-10,2,13,8,-2,4,-18,-7,-13,3,sil
5.454312801361084,0,-9,-7,-5,-4,0,11,13,2,1,-12,2,3,11,sil
5.454312801361084,13,-1,0,0,7,-1,5,10,13,17,5,19,26,17,sil
5.46898078918457,10,1,2,-9,6,-3,-7,2,5,2,11,20,24,3,sil
5.46898078918457,0,4,6,1,2,6,-2,-6,-7,-18,13,5,13,-4,sil
5.484498739242554,0,11,18,19,7,21,14,-6,1,4,14,1,10,9,sil
5.484498739242554,4,2,10,8,7,17,10,7,23,26,9,6,10,15,sil
5.500447988510132,6,-5,-1,-8,2,-2,-10,8,13,0,4,9,8,0,sil
5.500447988510132,6,3,2,0,0,-11,-19,-7,-16,-20,3,7,1,-16,sil
5.516027927398682,3,9,5,3,-2,-9,-14,-12,-25,-14,4,5,-12,-18,sil
5.516027927398682,4,6,6,-2,0,-8,-8,-7,-16,-17,1,3,-13,-10,sil
5.531196117401123,3,10,7,6,2,2,0,-6,-7,-12,2,-4,0,-2,sil
5.531196117401123,-12,7,4,9,2,15,13,-4,-2,2,-4,-12,-11,1,sil
5.547389507293701,-18,-9,-6,-2,0,9,15,6,2,9,-15,-12,-26,1,sil
5.547389507293701,-3,-12,-14,-1,-2,-6,4,13,9,9,-11,-11,-8,4,sil
5.562500238418579,3,-1,-2,3,-2,-11,-2,12,12,6,-1,-2,6,10,sil
5.562500238418579,0,0,-2,-8,-6,-13,-5,8,8,-3,0,1,6,6,sil
5.5782554149627686,6,-3,-9,-17,-10,-20,-19,0,-4,-19,2,5,5,-3,sil
5.5782554149627686,10,4,-1,-5,-7,-15,-30,-12,-14,-19,8,10,2,-11,sil
5.594266653060913,2,12,4,5,-1,-4,-11,-5,-10,-2,3,4,-1,-10,sil
5.594266653060913,0,11,6,8,-3,-1,6,0,-4,3,-2,-5,-4,-6,sil
5.609966993331909,-6,7,4,14,-1,5,5,-16,-9,-4,-6,-14,-11,-12,sil
5.609966993331909,-19,-3,-2,10,9,17,4,-16,-7,-1,-22,-18,-16,-10,sil
5.625003099441528,-17,-10,-8,1,15,22,16,5,7,18,-30,-18,-12,1,sil
5.625003099441528,0,-2,-5,4,10,23,26,16,25,31,-21,-11,-4,11,sil
5.641084909439087,9,0,0,8,3,19,20,13,30,21,-12,1,0,15,sil
5.641084909439087,2,-8,-6,-4,0,10,11,12,24,7,2,8,6,13,sil
5.657376766204834,-6,-12,-14,-23,-2,2,9,13,11,7,23,4,14,11,sil
5.657376766204834,-5,-15,-18,-29,-7,-5,2,4,2,9,18,1,14,8,sil
5.673009395599365,1,-17,-18,-26,-10,-19,-12,-9,-4,-1,8,5,8,-1,sil
5.673009395599365,11,-2,7,-16,-8,-27,-28,-12,-18,-19,20,22,9,-3,sil
5.68822979927063,19,14,30,0,0,-16,-29,-8,-25,-19,29,26,19,-5,sil
5.688601493835449,17,21,25,9,6,-5,-19,-12,-26,-22,20,16,9,-11,sil
5.704246759414673,10,25,27,15,10,-2,0,-14,-22,-22,15,14,-6,-6,sil
5.704246759414673,7,19,30,24,4,5,14,-5,-6,-1,13,9,-6,6,sil
5.719417095184326,-6,-3,5,11,-2,13,11,1,1,3,-5,-7,-9,5,sil
5.719417095184326,-21,-19,-20,-3,-6,10,5,1,-5,-13,-22,-25,-19,-9,sil
5.735306262969971,-16,-9,-8,8,1,3,6,10,6,4,-17,-20,-9,-4,sil
5.735306262969971,0,3,6,20,10,0,7,26,38,42,0,2,19,20,sil
5.750957727432251,3,0,-9,8,0,-3,4,30,41,36,6,11,29,24,sil
5.767033815383911,-6,-10,-20,-9,-9,-9,-2,15,16,4,-12,0,9,7,sil
5.767033815383911,-4,-9,-17,-15,-3,-12,-6,0,6,-2,-14,-3,1,-4,sil
5.767033815383911,9,2,-13,-5,2,-2,-4,-10,0,-1,7,8,7,-10,sil
5.782228946685791,9,15,8,7,2,14,-4,-21,-18,-18,8,9,-3,-10,sil
5.797662734985352,3,19,23,12,7,13,0,-25,-21,-24,-4,0,-17,-8,sil
5.797662734985352,9,7,12,3,4,-2,0,-22,-13,-6,-5,-6,-16,-12,sil
5.813096761703491,0,-9,-2,0,-5,-6,-7,-26,-25,0,-11,-18,-24,-20,sil
5.813096761703491,-19,-12,-5,3,-3,6,-7,-18,-35,-15,-26,-26,-34,-16,sil
5.828458309173584,-18,-7,-2,1,3,16,6,5,-11,-8,-24,-10,-19,0,sil
5.828458309173584,-12,-18,-16,-16,0,5,12,18,21,16,-7,-13,0,1,sil
5.843844175338745,-21,-29,-26,-27,-11,-8,7,19,22,14,-7,-27,-2,0,sil
5.843844175338745,-14,-11,-12,-18,-10,-5,14,25,18,9,-5,-10,0,10,sil
5.859390258789063,5,2,-3,-7,-4,-4,18,29,26,16,9,13,14,21,sil
5.859390258789063,16,-2,1,-7,-4,-15,-3,14,11,6,16,25,21,18,sil
5.874982595443726,24,5,3,-4,-2,-8,-20,-1,-8,-11,21,24,23,4,sil
5.874982595443726,21,22,8,2,10,8,-10,1,-3,-9,27,17,16,-4,sil
5.889991521835327,8,21,14,15,14,6,2,6,3,0,28,13,8,-4,sil
5.889991521835327,11,24,19,25,4,-2,-1,-7,-7,-1,23,17,12,-2,sil
5.905372858047485,16,28,24,24,5,-1,-14,-26,-20,-11,5,12,2,-7,sil
5.905372858047485,0,10,17,15,6,1,-12,-27,-24,-12,-15,-5,-16,-12,sil
5.921448469161987,-15,-12,2,2,-6,5,1,-15,-13,-4,-15,-10,-16,-4,sil
5.921448469161987,-9,-8,-7,-2,-6,7,12,-4,6,9,-3,-3,-1,7,sil
5.937049388885498,-2,2,-8,0,5,-1,8,1,12,18,-5,-5,3,12,sil
5.937049388885498,-7,-8,-5,-6,-2,-10,0,4,4,10,-13,-6,-2,9,sil
5.951896190643311,-11,-26,-20,-23,-16,-8,-10,3,7,-4,-14,-5,-1,0,sil
5.951896190643311,-2,-12,-19,-23,-11,-10,-24,0,4,-18,-9,0,4,-7,sil
5.967495441436768,10,12,11,-5,3,-6,-10,4,1,-17,2,10,8,0,sil
5.967495441436768,9,5,21,8,11,10,11,8,8,0,13,8,4,3,sil
5.983080148696899,-7,-14,2,2,3,16,0,-3,-5,1,2,-2,-9,-4,sil
5.983080148696899,-14,-10,-5,-1,0,9,-5,-10,-23,0,-7,-10,-21,-11,sil
5.998313188552856,-4,0,0,3,12,8,21,4,-10,8,-3,-9,-17,0,sil
5.998313188552856,0,-2,-2,9,13,11,25,8,2,11,-2,-10,-7,13,sil
6.013319969177246,0,-5,-13,6,-2,4,12,0,2,6,-2,-10,3,6,sil
6.013319969177246,9,-2,-3,-1,-5,-3,13,8,18,20,3,8,21,7,sil
6.034305810928345,12,0,6,-4,0,-3,12,18,32,29,14,20,31,13,sil
6.034305810928345,4,7,-4,-2,0,-10,-11,10,21,8,16,11,21,5,sil
6.034305810928345,4,13,-5,1,0,-20,-26,6,12,-1,19,14,16,0,sil
6.044391870498657,12,16,12,11,4,-8,-12,5,9,0,28,19,19,0,sil
6.0600316524505615,4,19,26,19,0,10,2,-7,-8,-19,15,2,0,-11,sil
6.0600316524505615,-8,18,10,9,-3,10,3,-19,-28,-38,-15,-18,-24,-25,sil
6.075193881988525,-18,2,-11,-4,0,8,1,-17,-28,-14,-32,-27,-30,-17,sil
6.075193881988525,-28,-17,-11,-8,0,16,7,-12,-22,1,-34,-32,-30,-8,sil
6.090391397476196,-26,-27,-10,-8,-12,13,11,0,-5,0,-33,-28,-29,-10,sil
6.090391397476196,-10,-22,-12,-14,-18,0,4,17,17,11,-22,-6,-15,1,sil
6.106008768081665,0,-14,-14,-14,-13,-13,-4,14,20,14,-6,7,1,16,sil
6.106008768081665,1,-17,-19,-9,-6,-30,-19,-4,3,-9,-2,2,3,3,sil
6.121131181716919,7,-13,-15,-12,0,-31,-26,-14,-9,-29,-1,4,-2,-6,sil
6.121131181716919,14,1,-5,-11,1,-9,-13,-13,-13,-22,1,4,-1,-11,sil
6.137223243713379,13,12,6,-1,1,-5,-3,-16,-20,-11,0,4,-3,-14,sil
6.137223243713379,14,25,24,19,10,-6,0,-11,-24,-11,10,15,-1,-4,sil
6.153128623962402,18,30,33,26,16,13,12,0,-9,-2,30,22,15,16,sil
6.153128623962402,5,7,25,0,8,29,21,11,18,29,28,16,25,25,sil
6.168226480484009,-4,-6,0,-9,1,22,15,20,30,46,6,2,16,17,sil
6.183476686477661,2,0,-7,10,2,9,2,17,12,18,-4,0,7,15,sil
6.183476686477661,6,0,0,15,8,2,0,4,5,0,0,2,10,19,sil
6.198239803314209,5,0,0,7,7,-3,0,1,11,7,20,8,21,14,sil
6.198239803314209,18,15,8,13,0,-12,-11,-1,-2,-3,29,16,21,-1,sil
6.213190078735352,23,24,21,21,0,-10,-15,-12,-20,-21,15,7,3,-12,sil
6.213190078735352,-3,4,10,9,4,1,-8,-16,-17,-8,-6,-15,-16,-14,sil
6.228325366973877,-32,-21,-16,-12,-10,5,-3,-8,-9,3,-16,-26,-25,-17,sil
6.228325366973877,-27,-26,-23,-25,-20,4,6,7,1,-2,-12,-16,-15,-9,sil
6.244344472885132,-10,-13,-6,-18,-3,2,14,23,23,2,-5,-1,4,12,sil
6.244344472885132,-7,-12,-7,-10,1,-6,2,19,29,20,-3,0,15,14,sil
6.2597057819366455,-10,-17,-19,-20,-7,-9,-13,6,12,12,-4,0,5,-2,sil
6.2597057819366455,0,-6,-8,-22,-1,-1,-9,0,-1,-5,3,13,2,-4,sil
6.27535605430603,15,13,7,2,9,1,2,-1,-3,0,15,13,10,0,sil
6.27535605430603,16,28,22,24,13,12,11,-2,-1,3,3,8,2,-4,sil
6.290354013442993,6,29,21,26,13,26,21,0,5,0,-5,5,-10,-12,sil
6.290354013442993,1,10,4,12,8,12,25,-3,2,-4,-8,-9,-13,-7,sil
6.3059680461883545,-12,-12,-9,-5,-3,-1,12,-12,-11,-16,-30,-30,-26,-14,sil
6.3059680461883545,-29,-20,-19,-11,-10,3,-1,-12,-6,-17,-49,-39,-43,-25,sil
6.321253061294556,-18,-17,-17,-8,-10,-5,-4,0,3,2,-25,-19,-26,-3,sil
6.321253061294556,1,-15,-19,-19,-14,-31,-11,3,-7,-8,-2,-1,-1,9,sil
6.337087154388428,-4,-8,-21,-25,-16,-33,-26,-14,-31,-43,-16,0,-11,-14,sil
6.337087154388428,-15,0,-2,-5,-7,-1,-15,-15,-25,-15,-16,-3,-18,-14,sil
6.351939916610718,-2,-5,2,0,0,18,11,11,6,32,5,0,7,17,sil
6.351939916610718,14,-1,-5,-9,0,-2,0,13,15,11,9,15,28,25,sil
6.367468595504761,27,24,15,15,6,-20,-21,-9,0,-11,25,30,31,11,sil
6.367468595504761,29,26,41,42,15,0,-2,-2,2,17,40,18,20,12,sil
6.38336968421936,11,-6,18,16,8,9,12,18,14,31,16,4,7,21,sil
6.38336968421936,3,-12,-7,-6,-1,-5,-7,8,7,8,13,14,17,9,sil
6.399031639099121,13,18,13,13,2,-4,-22,-11,-8,-6,37,20,24,-5,sil
6.399031639099121,8,24,25,28,10,20,-2,-3,-1,3,24,-1,6,-3,sil
6.414567947387695,-2,0,-1,7,4,22,16,17,21,19,3,-4,5,11,sil
6.414567947387695,4,-1,-5,-5,0,1,10,16,21,14,17,20,25,17,sil
6.430352687835693,13,16,7,1,5,-2,0,0,1,0,24,18,20,3,sil
6.430352687835693,-2,11,2,2,7,0,-1,-12,-19,-11,0,-4,-12,-11,sil
6.445782661437988,-18,-6,-6,4,2,6,5,-14,-24,-13,-19,-16,-33,-12,sil
6.445782661437988,-12,-14,-8,6,0,21,15,-1,-1,-4,-22,-18,-17,0,sil
6.461555004119873,-7,-16,-10,-13,0,13,10,10,16,1,-14,-6,4,4,sil
6.461555004119873,-12,-16,-23,-32,-8,-21,-14,-5,-4,-13,-13,-2,-3,-17,sil
6.477249383926392,-18,-10,-15,-18,-12,-26,-19,-24,-30,-29,-28,-21,-30,-35,sil
6.477249383926392,-16,-7,1,-2,-4,4,13,-1,-13,-13,-36,-32,-32,-19,sil
6.493195295333862,-11,-14,-9,-15,-4,4,29,16,11,6,-25,-18,-12,0,sil
6.493195295333862,0,-8,-15,-26,-14,-17,-1,3,10,4,-6,1,0,5,sil
6.50821328163147,13,12,6,-5,-7,-13,-21,-2,2,-3,5,11,5,1,sil
6.50821328163147,10,15,22,10,6,0,-9,0,-3,-5,2,10,0,-4,sil
6.5236358642578125,-1,0,16,5,3,9,1,-11,-11,-4,-5,1,-6,-4,sil
6.538785696029663,-2,-4,2,3,-3,17,6,-8,0,3,-4,-5,-6,4,sil
6.538785696029663,3,0,-2,0,0,3,5,11,19,16,0,1,2,14,sil
6.538785696029663,18,3,-1,1,7,-11,2,22,28,28,12,19,23,20,sil
6.554316520690918,32,11,7,11,11,-5,2,23,22,25,36,35,35,21,sil
6.554316520690918,15,17,12,17,14,8,3,8,6,6,34,23,17,6,sil
6.569430351257324,-13,3,-1,14,9,17,7,-7,-1,-1,4,-7,-1,-9,sil
6.58529806137085,-21,-11,-13,4,0,9,8,-1,1,4,-13,-17,-2,-4,hello
6.58529806137085,-14,-19,-17,-14,-17,-18,-9,4,-2,0,-11,-14,-4,0,hello
6.6009743213653564,-13,-26,-20,-30,-28,-34,-33,-6,-13,-10,-3,-6,-7,-5,hello
6.6009743213653564,-4,-10,-3,-17,-17,-22,-28,-16,-11,-9,8,8,3,-3,hello
6.6009743213653564,13,23,20,21,5,-3,-7,-16,-16,-7,17,4,4,-1,hello
6.61641001701355,17,37,31,43,21,11,-2,-17,-35,-19,7,-1,-14,-1,hello
6.631967067718506,3,23,17,35,19,23,7,-17,-32,-24,-8,-4,-22,-5,hello
6.631967067718506,-14,-3,-5,4,2,21,26,-8,-9,-15,-24,-24,-18,-12,hello
6.647181272506714,-27,-25,-25,-29,-14,10,21,3,1,-8,-31,-44,-22,-17,hello
6.647181272506714,-13,-21,-24,-31,-10,1,0,16,11,-4,-12,-21,-6,-3,hello
6.66317343711853,14,0,4,-5,6,-4,-3,30,35,8,17,25,27,23,hello
6.66317343711853,20,12,13,3,9,-4,0,26,39,17,25,33,38,23,hello
6.678502321243286,7,13,0,0,2,0,-7,2,10,7,6,12,19,0,hello
6.678502321243286,7,13,9,8,4,1,-6,-9,-3,1,0,13,9,1,hello
6.693979978561401,11,8,16,19,7,10,14,-3,6,22,6,13,5,16,hello
6.693979978561401,2,-1,4,16,1,15,22,0,1,26,-1,0,-9,12,hello
6.709675550460815,0,-8,-6,2,-2,3,0,-2,-6,3,-8,2,-12,0,hello
6.709675550460815,9,-5,-9,-8,-1,-13,-18,-5,3,-2,11,16,2,-6,hello
6.725391387939453,6,0,-5,-18,0,-20,-15,-7,2,0,23,11,5,-15,hello
6.725391387939453,-15,-8,-11,-28,-4,-19,-10,-14,-16,-14,6,-15,-9,-29,hello
6.741070747375488,-30,-21,-15,-23,-10,-5,-1,-17,-27,-19,-18,-32,-22,-29,hello
6.741070747375488,-20,-11,-2,1,-5,13,18,0,-8,5,-21,-22,-16,-9,hello
6.7562339305877686,-3,0,5,11,5,14,24,24,22,31,-2,-2,9,17,hello
6.7562339305877686,11,-5,6,1,8,-1,10,29,31,31,12,21,33,38,hello
6.771975994110107,21,0,5,-3,-2,-14,-1,12,12,5,14,30,31,31,hello
6.771975994110107,14,19,13,0,-10,-19,-13,-10,-18,-31,7,15,4,10,hello
6.787501811981201,4,21,19,12,-2,-4,-10,-24,-32,-38,-1,0,-16,0,hello
6.787501811981201,0,4,7,21,4,15,6,-12,-19,-15,-14,-9,-22,-6,hello
6.8035523891448975,-13,-7,-8,8,0,14,5,3,-7,-6,-32,-26,-30,-21,hello
6.8035523891448975,-20,-12,-19,-8,-5,0,-5,3,1,-7,-37,-33,-30,-21,hello
6.819645643234253,-5,-10,-15,-15,-4,-11,-10,2,6,0,-13,-13,-3,-4,hello
6.819645643234253,2,-1,-8,-17,-7,-14,-13,4,-2,-3,9,-2,17,-1,hello
6.835270881652832,2,9,0,-2,-10,-13,-19,-1,-6,-8,11,-4,12,-6,hello
6.835270881652832,10,14,25,17,-3,-2,-12,-8,3,0,12,14,8,4,hello
6.851330995559692,11,5,30,26,9,21,9,-5,8,18,14,19,8,8,hello
6.851330995559692,-6,-8,-2,11,14,31,21,1,9,22,-4,-5,-1,3,hello
6.86715579032898,-17,-18,-26,-15,0,14,8,2,11,4,-20,-13,-14,0,hello
6.86715579032898,-7,-19,-22,-25,-9,-1,-8,0,2,-11,-5,2,-8,-8,hello
6.882604122161865,5,-5,-10,-13,4,-7,-12,-3,-9,-10,11,18,5,-11,hello
6.882604122161865,9,12,-1,0,18,-4,-4,0,-4,0,19,13,10,-12,hello
6.898313283920288,7,19,5,13,12,2,7,4,0,-4,19,-3,-1,-15,hello
6.898711442947388,1,18,16,27,9,15,19,9,3,-6,15,-3,-6,0,hello
6.914338827133179,0,15,18,27,11,18,23,15,13,14,11,5,11,23,hello
6.914338827133179,6,5,11,10,4,4,14,19,20,36,10,11,23,36,hello
6.929430961608887,10,0,-3,-3,-2,-14,6,15,25,37,13,17,24,38,hello
6.929430961608887,11,0,-9,-9,0,-20,-2,1,19,17,10,19,23,25,hello
6.944962024688721,10,6,-2,-6,-2,-12,-17,-17,-11,-13,0,9,6,-1,hello
6.944962024688721,1,7,3,-1,-7,-5,-17,-24,-31,-24,0,-2,-12,-13,hello
6.960595369338989,-10,-2,6,0,-7,0,0,-15,-20,-9,-7,-12,-18,-8,hello
6.960595369338989,-23,-23,-7,-10,-8,5,8,-10,-11,-1,-30,-33,-28,-20,hello
6.977241277694702,-29,-30,-30,-27,-13,0,1,-1,-6,-6,-38,-44,-28,-26,hello
6.977241277694702,-18,-21,-22,-33,-11,-10,-4,8,5,-3,-20,-16,-7,-2,hello
6.992400646209717,-2,-16,-12,-30,-13,-16,-9,7,3,-8,-7,9,8,4,hello
6.992400646209717,-2,-9,-8,-24,-13,-19,-15,0,-8,-28,-1,7,3,-9,hello
7.008295297622681,-1,12,6,4,2,-6,-8,-3,-14,-23,7,-2,-1,-18,hello
7.008295297622681,10,20,24,29,9,16,8,-8,-17,-2,0,-4,-11,-13,hello
7.023281812667847,8,6,29,20,-1,25,13,-10,-15,1,-18,0,-19,0,hello
7.023281812667847,3,7,22,26,3,19,4,-5,1,8,-11,4,-6,5,hello
7.038281202316284,7,18,17,47,21,8,2,3,18,23,1,7,8,9,hello
7.038281202316284,8,8,6,27,16,0,6,20,29,26,7,6,20,16,hello
7.053635835647583,6,-5,-11,-5,0,-6,1,26,28,20,16,10,29,13,hello
7.053635835647583,11,-8,-14,-14,-7,-11,-5,11,16,7,28,24,28,6,hello
7.069415807723999,18,-4,-5,-14,-2,-9,-5,0,9,-7,33,22,17,9,hello
7.069415807723999,11,0,0,-13,-1,-2,-8,-1,0,-12,21,4,4,5,hello
7.085004806518555,1,0,-2,-6,-4,-3,-15,-17,-16,-7,2,-2,-8,-11,hello
7.085004806518555,2,0,2,-2,-1,-8,-9,-26,-26,-7,5,3,-10,-10,hello
7.100520133972168,4,14,21,12,8,0,0,-17,-28,-12,15,13,-9,5,hello
7.100520133972168,-1,17,28,27,13,14,0,-13,-21,-8,1,5,-16,0,hello
7.116273641586304,-14,0,6,12,7,18,0,-10,-5,3,-17,-14,-21,-10,hello
7.116273641586304,-21,-9,-17,-5,0,20,11,3,8,8,-22,-23,-15,-3,hello
7.131459474563599,-20,-13,-24,-8,-4,16,23,16,14,9,-27,-27,-8,0,hello
7.131459474563599,-22,-19,-21,-22,-1,3,16,19,10,12,-28,-25,-1,0,hello
7.147449254989624,-18,-15,-31,-31,-3,-9,7,20,12,5,-14,-12,11,2,hello
7.147449254989624,-3,-5,-32,-21,-7,-24,0,17,17,-4,-6,3,19,6,hello
7.162580728530884,11,1,-10,-8,-3,-25,-11,9,12,1,-1,12,17,7,hello
7.162580728530884,12,9,1,-1,1,-11,-13,1,0,5,15,9,20,1,hello
7.178435325622559,4,11,5,0,0,-7,-8,-7,-10,-13,16,0,5,-11,hello
7.178435325622559,1,15,15,15,6,0,1,-11,-13,-22,0,-8,-23,-22,hello
7.193411111831665,0,15,21,22,9,12,8,-3,-2,-7,-4,-8,-25,-14,sil
7.193411111831665,-4,-2,13,5,-2,14,7,2,9,11,-10,-8,-9,1,sil
7.209086179733276,-2,-12,-3,2,-5,14,4,4,18,18,-12,-13,-2,13,sil
7.209086179733276,3,-10,-6,0,0,7,0,0,13,3,7,-2,7,19,sil
7.22418999671936,7,-16,-4,-40,-10,-12,-4,-1,-1,-11,19,9,22,9,sil
7.22418999671936,12,-8,1,-40,-14,-18,-3,0,-11,-4,6,5,13,-1,sil
7.239362716674805,11,11,22,22,-2,-5,1,-5,-13,3,5,8,-4,0,sil
7.255053758621216,2,16,31,48,-1,1,-1,-23,-22,-4,10,10,-13,-1,sil
7.255053758621216,-4,7,14,24,0,6,-6,-25,-28,-15,0,-1,-26,-8,sil
7.270184278488159,-1,0,-3,19,6,11,2,-1,-2,-1,-5,-7,-19,-3,sil
7.270184278488159,5,-9,-12,12,5,-1,4,16,27,20,2,3,8,6,sil
7.286277294158935,4,-16,-8,-14,2,-15,-10,8,15,6,10,17,20,7,sil
7.286277294158935,0,-12,-4,-15,-1,-9,-17,-8,-12,-18,13,15,13,-3,sil
7.301044225692749,4,11,2,9,-4,0,-10,-7,-11,-10,8,9,8,-11,sil
7.301044225692749,0,32,6,15,4,6,-8,0,-2,9,6,7,3,-8,sil
7.317110061645508,-8,15,2,6,12,11,-7,0,-6,7,6,3,-2,0,sil
7.317110061645508,-3,2,6,6,3,18,4,1,0,7,-5,8,-3,6,sil
7.332382678985596,0,2,5,3,-1,18,19,9,20,23,-10,12,4,6,sil
7.332382678985596,-16,-13,-13,-15,3,0,20,11,19,20,-8,8,2,3,sil
7.34789514541626,-19,-27,-22,-24,3,-4,15,6,4,0,-21,1,-10,0,sil
7.34789514541626,0,-16,-10,-15,-3,0,12,10,9,-4,-21,10,-1,2,sil
7.363935232162476,15,0,14,-10,-5,-13,10,20,18,2,5,29,24,18,sil
7.363935232162476,24,2,12,0,-1,-24,2,13,15,-2,14,24,28,15,sil
7.379986524581909,10,2,-5,5,-2,-12,-11,-7,0,-13,1,0,8,-5,sil
7.379986524581909,-9,9,-4,-3,-11,-10,-24,-18,-16,-18,-1,-20,-2,-15,sil
7.396003007888794,-5,16,10,-6,-5,-11,-24,-20,-27,-24,-5,-34,-4,-10,sil
7.396003007888794,1,16,15,10,12,0,-9,-16,-20,-17,-10,-46,-8,-5,sil
7.412041425704956,-4,10,0,25,12,12,6,-5,-7,3,-4,-55,-16,-7,sil
7.412041425704956,-11,0,-9,14,4,19,9,0,-4,3,-7,-56,-30,-8,sil
7.427138566970825,-9,-8,-13,-6,4,18,5,1,-4,-4,-23,-44,-35,-9,sil
7.427138566970825,-8,-9,-26,-12,-2,5,2,7,2,5,-18,-33,-25,-10,sil
7.442407369613647,-12,-20,-26,-17,-13,1,5,11,9,11,-4,-16,-15,0,sil
7.442407369613647,-5,-30,-13,-29,-7,4,14,17,15,5,4,1,0,14,sil
7.457529306411743,13,-13,-8,-26,1,-11,5,13,12,-3,21,24,19,14,sil
7.457529306411743,13,8,-4,-9,0,-16,-15,-8,-3,-10,30,41,19,3,sil
7.47344183921814,-4,6,5,1,0,4,-8,-13,-6,1,15,31,5,1,sil
7.47344183921814,-4,-4,13,4,0,11,10,9,8,28,3,22,8,13,sil
7.489051342010498,6,-5,0,-2,-6,-6,5,8,15,29,15,31,23,11,sil
7.489051342010498,11,4,-1,-10,-10,-25,-18,-17,-12,-10,18,36,14,-9,sil
7.504706144332886,14,23,33,16,0,-10,-21,-24,-40,-36,4,23,-10,-20,sil
7.504706144332886,3,25,35,47,5,24,3,-10,-24,-7,-5,0,-19,-11,sil
7.520373582839966,-11,0,6,22,3,16,12,3,8,17,-10,-3,-3,0,sil
7.520373582839966,5,-5,7,2,2,-16,-5,6,16,7,2,16,19,4,sil
7.5359697341918945,26,19,30,26,8,-9,-11,0,3,-1,18,28,23,4,sil
7.5359697341918945,12,27,32,43,8,13,6,-5,1,2,8,13,10,6,sil
7.551111221313477,-3,5,13,33,3,18,27,0,13,19,-5,0,5,13,sil
7.551111221313477,-11,-13,-8,7,3,21,30,14,25,29,-6,-5,2,21,sil
7.566258668899536,-17,-21,-29,-17,0,11,10,18,22,12,-13,-16,-1,6,sil
7.566258668899536,-14,-19,-35,-28,-12,-20,-16,1,2,-19,-24,-22,-6,-18,sil
7.582011938095093,0,-12,-22,-38,-16,-39,-27,-15,-18,-38,-15,-9,-12,-20,sil
7.582011938095093,3,-8,-15,-42,-13,-32,-21,-6,-21,-37,1,-3,-12,-15,sil
7.597477197647095,-6,0,-8,-24,-2,-9,-11,2,-14,-23,-9,-13,-11,-15,sil
7.597477197647095,-6,9,0,-1,13,16,5,-4,-9,-5,-22,-21,-14,-5,sil
7.613486289978027,3,10,2,5,15,25,23,-2,-4,5,-8,-13,-9,11,sil
7.613486289978027,-2,0,0,4,2,19,22,11,3,19,2,-1,0,15,sil
7.629376649856567,-16,-12,-11,-1,-6,8,4,14,13,27,-4,-4,0,8,sil
7.629376649856567,-6,-12,-15,-11,-5,-10,-10,5,12,12,-7,1,3,10,sil
7.644992828369141,9,0,-2,-7,-2,-14,-14,1,9,3,7,15,16,14,sil
7.644992828369141,11,0,0,-4,-2,-4,-15,5,11,11,20,14,18,6,sil
7.660956859588623,17,2,8,-2,2,-4,-12,9,9,9,23,21,11,-2,sil
7.660956859588623,23,23,22,15,16,0,0,-1,0,-5,30,25,14,-5,sil
7.676521301269531,7,22,17,18,10,4,5,-19,-16,-21,29,8,10,-6,sil
7.676521301269531,0,3,9,3,-6,2,-2,-26,-30,-24,14,-2,-7,-9,sil
7.692557811737059,8,4,18,8,-1,6,-2,-16,-31,-15,0,-3,-20,-10,sil
7.692557811737059,-1,6,20,19,12,15,9,-1,-14,-6,-11,-13,-24,-10,sil
7.708340406417847,-18,-3,0,11,6,14,14,2,7,11,-11,-21,-15,-6,sil
7.708340406417847,-17,-12,-16,0,-7,0,6,2,16,25,-4,-15,0,10,sil
7.7238450050354,-19,-19,-17,-5,-12,-8,4,6,15,9,-9,-18,1,14,sil
7.7238450050354,-18,-20,-16,-5,-5,0,12,14,19,1,-13,-25,0,-1,sil
7.739810943603516,-6,-10,-17,-9,0,6,14,11,18,9,-23,-21,-7,-7,sil
7.739810943603516,-7,-12,-31,-23,-4,-4,9,1,4,-1,-52,-31,-28,-12,sil
7.755504131317139,-13,-16,-33,-29,-2,-14,0,-4,-9,-21,-51,-44,-30,-23,sil
7.755504131317139,0,1,-3,-10,1,-9,-13,-8,-14,-17,-1,-19,5,-17,sil
7.771043300628662,17,16,13,9,-5,-13,-24,-6,-11,-6,33,22,30,-2,sil
7.771043300628662,13,9,19,10,-12,-19,-22,0,-13,0,33,37,23,6,sil
7.787430286407471,0,2,27,9,-5,0,-2,4,-9,10,27,18,20,14,sil
7.787430286407471,0,11,29,19,3,19,13,7,8,19,18,12,22,26,sil
7.803544044494629,17,22,33,36,8,25,13,8,25,26,14,33,16,35,sil
7.803544044494629,22,11,17,26,7,16,5,2,18,17,9,37,9,26,sil
7.819326162338257,8,-8,-10,-11,0,-5,-4,-3,0,-6,-6,20,-2,5,sil
7.819326162338257,4,-4,-19,-19,-3,-12,-13,-3,-3,-15,-4,17,-9,-10,sil
7.834360837936401,8,5,-11,-3,0,-6,-15,1,2,-5,9,48,0,-9,sil
7.834360837936401,10,0,-6,-8,0,-10,-13,1,1,-7,12,78,9,4,sil
7.849967002868652,16,8,1,-8,0,-13,-10,-10,-8,-14,19,47,11,6,sil
7.849967002868652,12,23,13,5,6,-4,-10,-18,-19,-19,20,-22,0,-4,sil
7.865483999252319,-4,13,5,3,11,2,-13,-13,-24,-15,0,-60,-15,-20,sil
7.865483999252319,-13,-2,0,3,7,9,-4,-4,-10,3,-16,-58,-14,-15,sil
7.881070852279663,-13,-9,6,8,4,14,17,4,9,16,-18,-49,-6,1,sil
7.881070852279663,-24,-24,-15,-9,0,9,30,10,13,3,-26,-54,-16,-7,sil
7.897261381149292,-33,-30,-30,-26,-7,0,21,6,0,-6,-35,-44,-27,-17,sil
7.897261381149292,-24,-12,-9,-15,-8,0,19,7,3,12,-23,-11,-12,-4,sil
7.912847757339477,-14,-13,-10,-12,-7,2,22,13,16,25,-3,12,6,-2,sil
7.912847757339477,-10,-25,-18,-21,-9,-6,8,9,13,1,-2,19,2,-9,sil
7.9281415939331055,2,-5,3,-3,-1,-9,-3,3,2,-14,0,22,-3,-3,sil
7.9281415939331055,19,20,27,16,9,4,-1,2,0,-2,20,40,7,7,sil
7.943242311477661,22,22,24,19,13,14,0,-2,-3,3,36,49,21,11,sil
7.943242311477661,13,20,9,21,9,5,-2,-8,-7,-1,24,26,6,7,sil
7.958984375,0,9,5,21,0,0,0,-6,-3,4,-3,0,-19,4,sil
7.958984375,-4,-9,-1,9,-6,14,10,0,2,15,-14,-6,-17,5,sil
7.97502875328064,0,-6,-6,-5,-2,11,5,1,2,2,-19,-11,-6,6,sil
7.97502875328064,2,4,-9,-11,-1,-12,-13,-2,1,-14,-20,-23,0,2,sil
7.990322828292847,6,-1,-14,-7,-8,-20,-19,-2,3,-12,0,-25,16,0,sil
7.990322828292847,14,-4,-7,-10,-10,-12,-19,3,-1,-7,10,-26,26,3,sil
8.006417512893677,19,3,-2,-13,-8,-18,-25,0,-11,-11,-3,-44,15,0,sil
8.006417512893677,14,12,1,0,0,-17,-23,-13,-17,-13,0,-60,5,-6,sil
8.022019624710083,3,15,14,17,11,7,-9,-15,-14,-2,21,-50,3,-2,sil
8.022019624710083,-7,4,12,11,6,18,3,0,-2,15,12,-21,6,9,sil
8.043147563934326,-18,-12,0,1,-5,10,6,8,5,23,-9,16,1,13,sil
8.043147563934326,-14,-9,-1,9,-2,13,12,3,16,25,-3,37,-6,8,sil
8.052692413330078,0,0,1,13,4,11,19,7,20,23,8,44,0,7,sil
8.052692413330078,3,-4,-7,-5,1,-8,6,7,10,1,4,49,6,3,sil
8.068259716033936,-6,-9,-14,-19,0,-19,-11,-3,-2,-24,1,43,-4,-9,sil
8.068259716033936,-15,-2,-6,-13,4,-12,-15,-8,-11,-27,8,33,-10,-19,sil
8.083978176116943,-9,1,-5,-6,2,-6,-10,-2,-12,-12,12,28,-2,-23,sil
8.083978176116943,1,7,1,0,0,-14,-10,-1,-10,-3,5,22,-5,-16,sil
8.099145650863647,0,18,25,16,5,-5,0,-7,-10,-4,-1,16,-12,-6,sil
8.11432433128357,-6,15,21,20,8,18,14,-6,-7,0,0,4,-11,-3,sil
8.11432433128357,-2,-3,3,2,1,15,17,0,2,8,-5,-8,-14,1,sil
8.129937648773193,10,-12,1,-2,-5,6,24,5,13,10,-23,-18,-11,8,sil
8.129937648773193,14,-8,0,-4,-3,19,36,9,19,5,-22,-19,0,8,sil
8.147034168243408,2,-16,-8,-17,-1,14,27,12,13,-2,-12,-19,1,5,sil
8.147034168243408,-1,-22,-14,-19,-3,-8,3,11,3,-9,-13,-23,0,1,sil
8.147034168243408,8,-7,-5,-15,-6,-15,-14,7,-1,-11,-8,-12,11,4,sil
8.161515712738037,13,4,3,-15,-11,-15,-26,-2,-7,-10,7,-1,14,0,sil
8.177318334579468,0,7,1,-2,-12,-14,-27,-10,-18,-11,8,-10,0,-12,sil
8.177318334579468,-14,11,2,11,0,8,-2,-2,-10,1,0,-11,0,-2,sil
8.19309377670288,-10,9,6,16,16,33,23,8,17,30,6,-8,12,17,sil
8.19309377670288,4,1,3,13,19,26,17,14,32,38,7,0,18,22,sil
8.19309377670288,14,0,-1,5,8,1,0,16,25,27,6,14,21,15,sil
8.208105087280273,5,3,-11,-2,-4,-19,-13,0,1,12,13,10,14,2,sil
8.223257541656494,-5,11,-5,0,-5,-24,-28,-23,-19,-9,16,-1,-2,-4,sil
8.223257541656494,0,15,7,9,0,-10,-19,-22,-17,-19,12,-3,-10,-3,sil
8.239010572433472,0,1,6,12,0,2,5,-6,-7,-8,-1,-5,-15,-4,sil
8.239010572433472,-8,-5,-3,8,-5,8,15,5,4,1,-12,-10,-9,-2,sil
8.254573345184326,-2,3,-11,4,-4,1,7,11,11,1,-4,1,2,4,sil
8.254573345184326,11,1,-1,-2,1,-12,-8,-5,-9,-10,4,15,-6,-4,sil
8.27039623260498,12,-2,10,0,4,-10,-18,-27,-33,-28,4,11,-16,-23,sil
8.27039623260498,0,5,16,14,5,5,-8,-19,-26,-24,-8,-1,-11,-17,sil
8.285991907119751,-23,-4,2,10,2,13,3,-4,-14,-4,-21,-14,-19,-10,sil
8.285991907119751,-32,-31,-21,-22,-7,-1,-6,-3,-9,-1,-16,-18,-21,-14,sil
8.30118727684021,-13,-32,-24,-36,-15,-18,-15,2,1,-12,-5,-4,2,-2,sil
8.30118727684021,8,-7,-10,-16,-5,-8,0,19,17,-6,3,12,27,11,sil
8.317396402359009,12,9,5,1,7,6,8,18,17,6,15,22,28,11,sil
8.317396402359009,5,19,17,10,5,6,7,3,5,8,13,11,10,4,sil
8.333410263061523,-2,9,1,10,3,9,19,2,1,8,-3,-10,-2,0,sil
8.333410263061523,-15,-14,-15,-9,2,19,21,15,11,18,-12,-8,-2,5,sil
8.349160432815552,-12,-13,-13,-17,-6,9,4,21,23,30,-3,0,3,11,sil
8.349160432815552,13,7,3,-1,-3,-7,-1,13,22,19,6,7,11,15,sil
8.364597082138062,33,19,23,11,10,-7,0,-1,7,1,14,22,16,12,sil
8.364597082138062,26,23,24,20,7,-6,-6,-12,-12,-4,13,13,5,0,sil
8.380710363388062,7,18,22,25,0,-9,-12,-14,-28,-8,-1,-7,-10,-3,sil
8.380710363388062,0,2,16,11,0,1,0,-12,-20,-7,-17,-10,-16,-2,sil
8.396495342254639,0,-11,-5,-12,-7,4,10,-6,3,3,-14,-10,-10,-1,sil
8.396495342254639,-5,-17,-21,-21,-10,-9,9,8,26,11,0,-9,3,3,sil
8.412050724029541,-3,-14,-23,-22,-3,-16,0,16,31,8,11,2,14,3,sil
8.412050724029541,3,-4,-11,-25,-2,-10,-13,1,9,-6,13,14,8,-5,sil
8.42830514907837,-4,1,-3,-10,-1,1,-11,-16,-15,-25,7,2,-13,-17,sil
8.42830514907837,-21,0,-4,12,5,17,1,-15,-23,-27,-8,-18,-32,-24,sil
8.443655490875244,-18,1,0,15,10,24,9,-7,-19,-10,-20,-23,-30,-17,sil
8.443655490875244,-11,1,5,5,11,20,11,-3,-10,10,-14,-12,-12,-2,sil
8.459591150283813,-7,-1,10,5,7,10,6,2,0,20,-4,1,0,11,sil
8.459591150283813,8,0,10,12,4,0,0,9,8,15,3,13,19,16,sil
8.475165128707886,18,0,2,5,1,-9,-9,0,-2,-7,5,13,27,8,sil
8.475165128707886,5,4,3,-3,-6,-18,-24,-12,-29,-28,2,6,8,-7,sil
8.490416526794434,1,9,12,15,-7,-6,-11,-7,-22,-8,7,0,-1,-8,sil
8.490416526794434,10,7,16,30,4,18,15,6,9,20,8,6,6,23,sil
8.50581431388855,9,3,8,10,1,23,18,14,26,17,5,12,14,35,sil
8.50581431388855,4,-4,-9,-9,-14,-3,2,20,30,2,8,9,16,13,sil
8.521040439605713,1,-11,-20,-14,-12,-25,-6,17,23,1,5,12,11,-1,sil
8.521040439605713,-4,-6,-24,-17,-6,-26,-13,0,2,-2,0,6,2,-9,sil
8.536401748657227,-15,-1,-17,-16,-10,-23,-20,-13,-11,-16,-1,-9,-6,-22,sil
8.536401748657227,-16,-2,-4,-7,-3,-10,-12,-7,-5,-11,-1,-19,-14,-25,sil
8.55158543586731,-6,1,0,2,13,11,2,0,1,8,0,-16,-9,-10,sil
8.55158543586731,-4,3,1,4,13,18,16,0,2,13,0,-7,-3,5,sil
8.567198038101196,-12,-12,-5,-6,-5,6,14,2,4,6,-11,-9,-8,4,sil
8.567198038101196,0,-18,-7,-19,-6,-7,-6,2,1,2,-13,-4,-3,2,sil
8.583077192306519,22,9,15,-8,13,-4,-16,-9,-12,-5,5,13,10,4,sil
8.583077192306519,12,24,23,14,17,13,4,-17,-23,-15,13,8,0,-1,sil
8.599223136901855,-19,-5,-4,10,1,17,18,-8,-12,-5,-8,-13,-23,-5,sil
8.599223136901855,-9,-21,-21,-9,-3,0,6,2,9,13,-16,-11,-9,0,sil
8.6148042678833,20,13,2,-7,2,-5,-5,5,6,6,7,13,14,0,sil
8.6148042678833,20,36,29,19,7,4,3,1,-13,-11,16,12,1,-4,sil
8.630018711090088,1,8,13,27,1,6,15,4,-3,-1,-10,-12,-18,-2,sil
8.630018711090088,-1,-19,-6,-1,-9,-6,0,14,19,11,-20,-2,0,10,sil
8.645238399505615,9,-8,-1,-14,-11,-9,-11,6,8,2,2,18,16,6,sil
8.645238399505615,10,9,11,0,0,0,-4,-14,-21,-15,11,7,-4,-8,sil
8.660413980484009,-2,-1,5,1,-3,-1,0,-11,-20,-16,-7,-7,-19,-6,sil
8.660413980484009,-9,-16,-13,-8,-8,-1,6,11,11,5,-13,-3,-1,11,sil
8.676001787185669,-4,-12,-14,-8,1,12,14,18,27,21,-2,1,12,20,sil
8.676001787185669,-2,-8,-8,-7,3,10,2,6,15,9,3,-2,13,12,sil
8.691203355789185,-1,-3,-7,-6,-1,-11,-20,0,-1,-7,3,-2,13,0,sil
8.691203355789185,6,15,10,14,5,-6,-19,-6,-10,-9,10,2,4,-6,sil
8.707237482070923,8,23,23,32,10,11,0,-13,-11,-3,16,0,0,-7,sil
8.707237482070923,-5,6,17,15,1,5,4,-4,-2,3,5,-5,2,0,sil
8.722273588180542,-12,-5,-4,-8,-6,-2,6,9,12,17,-1,-5,1,5,sil
8.722273588180542,-5,-7,-19,-8,-5,0,8,10,19,21,2,-1,0,2,sil
8.738797903060913,-2,-4,-9,-4,-1,-3,-1,2,10,6,4,3,7,-2,hello
8.738797903060913,-5,-1,-9,-14,-3,-14,-18,-6,-5,-12,4,5,11,-7,hello
8.754051685333252,0,1,-11,-16,-6,-17,-21,-13,-13,-27,8,9,-3,-11,hello
8.754051685333252,8,8,4,2,0,0,-2,-11,-10,-29,5,2,-13,-15,hello
8.769179821014404,-1,3,8,16,9,12,13,-6,-8,-17,-14,-20,-20,-16,hello
8.769179821014404,-18,-12,-5,2,8,8,15,-6,-4,-1,-35,-25,-32,-12,hello
8.784729480743408,-9,-13,-12,-7,0,7,19,0,7,18,-17,-8,-17,0,hello
8.784729480743408,2,-2,-4,-10,-5,0,11,12,19,23,5,13,14,15,hello
8.799813985824585,6,-2,1,-10,-8,-14,-9,14,18,10,6,26,27,17,hello
8.81544303894043,19,2,10,-1,-8,-18,-14,3,-3,0,14,32,22,7,hello
8.81544303894043,26,26,27,13,1,-7,-8,-10,-27,1,22,36,15,6,hello
8.831400632858276,10,29,21,20,11,0,-7,-10,-18,3,7,30,5,7,hello
8.831400632858276,-2,5,10,18,8,2,-3,3,0,7,1,13,0,5,hello
8.847105503082275,-4,-8,7,12,1,17,18,7,5,10,-2,-15,-8,3,hello
8.847105503082275,-15,-15,-7,-3,0,26,28,4,3,0,-31,-44,-24,-2,hello
8.862496137619019,-15,-20,-19,-20,0,11,8,9,6,-7,-33,-38,-17,-3,hello
8.862496137619019,5,-9,-14,-19,0,0,-6,12,8,-1,2,-8,15,6,hello
8.878081560134888,14,1,-2,-3,2,-4,-7,0,-1,-5,16,4,25,10,hello
8.878081560134888,0,2,-1,0,2,-9,-10,-14,-21,-22,11,-5,0,-6,hello
8.893298864364624,-9,3,-12,-10,0,-8,-16,-13,-22,-22,8,-18,-17,-25,hello
8.893298864364624,-4,9,-5,0,0,7,-6,0,-5,-12,0,-14,-16,-15,hello
8.908947467803955,1,7,7,21,0,16,5,1,3,0,0,-6,-8,-1,hello
8.908947467803955,-7,-7,-2,11,-6,3,1,-11,-1,8,0,-9,-7,-2,hello
8.924013137817383,-18,-20,-19,-13,-14,-8,-1,-9,1,6,-10,-13,-10,-1,hello
8.924013137817383,-8,-15,-13,-10,-8,-8,9,11,25,15,0,0,2,8,hello
8.939244508743286,3,-4,0,-3,0,-7,13,21,39,28,15,15,21,14,hello
8.939244508743286,6,-2,-7,-6,2,-7,0,13,26,18,11,10,23,5,hello
8.954427719116211,7,5,-3,-4,4,-5,-14,3,5,2,12,13,18,0,hello
8.954427719116211,11,22,23,4,10,0,-17,-6,-10,-3,13,26,9,-1,hello
8.96977686882019,10,22,30,20,10,0,-10,-11,-16,-10,-8,6,-14,-5,hello
8.96977686882019,0,8,19,19,1,-3,-1,-13,-18,-18,-31,-12,-29,-8,hello
8.985548973083496,0,0,13,7,-6,3,10,-10,-15,-13,-22,-6,-12,-2,hello
8.985548973083496,7,-3,7,5,-5,13,22,1,-2,-1,-10,2,0,5,hello
9.001444101333618,1,-9,1,-1,0,6,16,8,8,3,-15,5,-3,5,hello
9.001444101333618,-9,-10,-10,-18,-5,-9,0,7,9,2,-10,2,5,3,hello
9.017565488815308,0,-3,-11,-16,-6,-15,-9,10,6,2,7,11,19,9,hello
9.017565488815308,7,0,-2,-8,-3,-7,-10,1,-3,-1,22,26,17,2,hello
9.033121824264526,-8,0,6,-10,0,-2,-10,-16,-17,-16,16,19,3,-10,hello
9.033121824264526,-9,6,12,1,2,0,-7,-13,-12,-16,6,0,-3,-5,hello
9.048331022262571,0,12,7,21,5,9,1,0,0,5,5,-10,-5,0,hello
9.048331022262571,-6,8,1,24,11,19,12,0,0,17,0,-10,-13,0,hello
9.063399314880373,-7,-5,-9,10,11,17,19,0,6,17,-5,-16,-16,6,hello
9.063399314880373,-3,-18,-24,-6,-3,5,10,7,16,12,-2,-22,-6,8,hello
9.079039812088013,-4,-11,-21,-15,-12,-5,-7,2,2,-1,2,-5,4,2,hello
9.079039812088013,5,0,-13,-10,-4,-16,-13,-3,-10,-10,7,12,12,1,hello
9.095134019851685,14,0,-7,-10,-4,-21,-15,-1,-16,-15,13,11,7,0,hello
9.095134019851685,2,0,0,-10,-4,-7,-16,0,-10,-17,16,2,1,-8,hello
9.111226320266724,0,11,4,0,7,0,-4,2,3,-5,12,2,6,-8,hello
9.111226320266724,12,11,15,9,9,-4,0,2,6,2,3,0,3,1,hello
9.127475023269652,7,3,15,13,0,8,5,-1,0,9,-6,-15,-5,-1,hello
9.127475023269652,-8,-3,3,4,0,24,14,0,6,21,-17,-20,-3,-4,hello
9.143099308013916,-7,-7,-5,0,10,21,22,11,19,26,-14,-3,5,3,hello
9.143099308013916,6,-6,-4,8,14,13,22,22,27,26,0,14,10,11,hello
9.158265113830566,9,-4,-3,1,8,1,9,15,24,14,2,14,9,10,hello
9.158265113830566,1,0,-9,-16,-6,-10,-10,-1,1,-12,0,0,0,-6,hello
9.174027442932127,0,10,1,-8,-9,-9,-16,-12,-16,-22,6,0,-4,-16,hello
9.174027442932127,-3,18,18,11,-1,-3,-2,-14,-10,-5,6,0,-5,-6,hello
9.189144372940063,-10,7,10,15,-2,-3,4,-14,-4,-5,-14,-12,-14,-5,hello
9.189144372940063,-18,-4,3,6,-8,2,3,-8,-14,-20,-30,-16,-23,-6,hello
9.205198764801024,-19,-8,2,1,-7,11,7,-3,-15,-11,-23,-14,-17,0,hello
9.205198764801024,-7,-10,-1,-2,-1,0,4,-2,-5,2,-10,-4,-1,8,hello
10.604449272155762,-9,-22,-18,-3,-5,-3,5,0,-12,15,-15,-12,-11,-4,hello
10.620030164718628,-3,-9,-10,-8,-1,-11,0,3,9,24,-10,-1,-10,-1,hello
10.620030164718628,2,-6,-3,-14,-4,-20,-14,8,20,7,0,13,3,1,hello
10.636061668395996,5,-4,-6,-11,-9,-28,-31,10,7,-20,10,24,12,1,hello
10.636061668395996,10,3,-6,-9,-4,-23,-23,4,0,-24,5,22,3,-2,hello
10.652084827423096,19,9,2,-10,0,-17,-11,0,5,-9,5,19,4,-7,hello
10.652084827423096,16,16,19,1,0,-12,-14,0,0,0,26,25,13,0,hello
10.652084827423096,-3,19,20,17,-3,10,-9,-9,-17,0,28,11,1,-1,hello
10.667333602905272,-16,8,5,12,0,29,7,-16,-13,-1,-4,-12,-17,-8,hello
10.683064460754396,-12,-4,-4,-2,1,23,14,-3,4,4,-20,-15,-20,-5,hello
10.683064460754396,-14,-9,-6,-2,-1,13,7,4,8,18,-5,-18,-15,0,hello
10.683064460754396,-17,-2,1,5,0,13,5,3,1,7,-7,-19,-13,3,hello
10.698442459106444,-2,0,0,9,2,9,15,8,9,-2,-21,-9,0,7,hello
10.71412205696106,7,-9,-6,0,-3,5,20,17,17,7,-20,-2,17,18,hello
10.71412205696106,4,-24,-8,-19,-5,8,13,15,12,1,-17,-3,15,20,hello
10.730146408081056,8,-17,-11,-18,0,0,3,10,3,-22,-15,0,10,8,hello
10.730146408081056,19,4,-1,4,7,-10,-4,7,0,-21,0,9,16,0,hello
10.74616026878357,12,9,1,6,13,-4,-5,2,0,-2,16,7,14,-4,hello
10.74616026878357,-4,-1,-11,-18,5,-11,-5,-4,-4,-5,11,3,1,-12,hello
10.76140594482422,-3,-1,-5,-16,-7,-20,-4,-10,-11,-11,-2,1,-3,-12,hello
10.76140594482422,1,5,6,8,-1,-4,2,-11,-9,0,-2,-10,-4,-6,hello
10.7770516872406,-11,4,3,13,7,7,5,-14,-8,1,2,-20,-9,-6,hello
10.7770516872406,-13,6,3,13,3,10,6,-14,-11,-2,0,-16,-7,-7,hello
10.793173551559448,-1,1,4,13,1,20,8,-2,-1,13,-3,-7,1,0,hello
10.793173551559448,-3,-8,-8,-6,1,3,-3,1,6,25,6,5,14,6,hello
10.808332681655884,0,-3,-10,-14,0,-30,-24,-12,-4,4,22,10,18,-2,hello
10.808332681655884,8,12,11,12,3,-24,-24,-14,-15,-7,16,4,6,-4,hello
10.824119329452516,0,12,16,27,3,5,-1,4,0,21,2,2,0,9,hello
10.824119329452516,-10,-4,-6,4,-4,4,4,15,20,31,0,-1,0,15,hello
10.839263677597046,2,-11,-13,-20,-14,-17,-13,10,13,-1,1,-1,2,0,hello
10.839263677597046,13,0,-3,-12,-15,-16,-17,1,-3,-24,4,7,-2,-14,hello
10.854408264160156,-2,9,4,2,-6,7,0,-13,-17,-21,-9,0,-32,-14,hello
10.854408264160156,-25,-5,-2,-2,-8,21,12,-13,-12,-7,-22,-21,-53,-9,hello
10.870419263839722,-15,-17,-7,-10,-12,10,14,16,14,10,-1,0,-23,4,hello
10.870419263839722,16,0,14,1,2,0,9,30,25,13,25,44,8,22,hello
10.885956764221191,24,18,23,12,11,0,0,5,8,0,22,34,-2,15,hello
10.885956764221191,13,14,10,2,2,-6,-13,-10,-5,-10,15,13,-24,5,hello
10.90100073814392,18,8,15,1,6,-6,-12,-6,-6,-14,21,22,-10,5,hello
10.90100073814392,16,9,18,18,17,4,4,0,-2,-7,8,14,18,-2,hello
10.9170823097229,-2,6,10,26,9,16,20,8,2,3,-15,-9,31,-2,hello
10.9170823097229,-8,-4,0,12,-1,21,19,10,2,7,-15,-12,24,6,hello
10.932414293289185,-8,-18,-10,-9,0,9,10,-1,-2,6,-15,-11,10,0,hello
10.932414293289185,-14,-26,-25,-21,0,-7,11,-6,1,8,-28,-20,9,-7,hello
10.9476420879364,-10,-18,-30,-20,-6,-7,8,0,4,2,-25,-23,21,-4,hello
10.9476420879364,0,0,-17,-21,-5,-2,0,1,1,-8,-11,-11,26,-2,hello
10.962958812713625,5,7,-13,-20,0,-8,-3,0,2,-5,-1,-5,25,-6,hello
10.962958812713625,8,2,-9,-11,0,-10,-9,-2,0,2,8,-7,34,-6,hello
10.978446006774902,6,8,3,4,3,1,-10,-8,-3,0,12,-9,36,-5,hello
10.978446006774902,0,19,5,11,11,7,-9,-10,-5,-6,-1,-11,0,-5,hello
10.99431848526001,-7,12,5,2,2,0,-15,-10,-11,-14,-15,-11,-46,-2,hello
10.99431848526001,-13,0,7,2,-1,8,-1,-4,-4,-9,-12,-14,-48,-4,hello
11.009987354278564,-21,-5,-2,4,6,19,23,2,6,6,-15,-15,-36,-3,sil
11.009987354278564,-19,-16,-10,-5,2,4,14,0,1,14,-21,-7,-39,3,sil
11.02548885345459,1,-14,0,-1,-7,-4,-2,5,-1,12,-1,8,-25,13,sil
11.02548885345459,13,-3,14,10,-3,-2,-1,17,5,6,13,28,-3,20,sil
11.04039478302002,4,-6,5,0,-5,-16,-8,8,2,0,9,29,0,10,sil
11.04039478302002,5,-9,0,-10,-8,-24,-19,0,-5,-5,19,23,4,0,sil
11.056029319763184,11,3,9,0,0,-10,-18,0,-5,-7,31,27,9,-3,sil
11.056029319763184,5,11,5,11,-2,-12,-20,-13,-11,-9,21,23,7,-7,sil
11.071996450424194,5,8,3,12,-13,-18,-20,-17,-24,-20,11,12,4,-6,sil
11.071996450424194,2,3,8,17,-3,0,0,-1,-14,-19,14,2,0,-3,sil
11.088318109512327,-9,-6,2,11,2,14,21,2,8,1,3,-11,-4,-5,sil
11.088318109512327,-9,-7,-2,0,-6,17,31,4,22,28,-5,-19,0,-5,sil
11.103453397750854,-6,4,-4,9,0,29,39,14,27,39,-2,-22,2,-2,sil
11.103453397750854,-8,4,-8,12,10,24,28,16,26,29,-8,-22,-3,4,sil
11.118985652923584,1,-4,-10,-16,-1,-2,-1,7,19,15,-9,-6,8,15,sil
11.118985652923584,14,-2,-7,-29,-11,-20,-22,3,11,7,10,14,33,14,sil
11.134418964385986,18,4,0,-9,-4,-24,-31,0,-3,-12,16,15,26,0,sil
11.134418964385986,13,7,0,0,2,-16,-32,-8,-20,-31,-1,-7,0,-17,sil
11.150031566619871,-6,11,-6,-8,9,2,-15,-17,-24,-25,-10,-16,-12,-25,sil
11.150031566619871,-7,15,3,1,18,14,2,-19,-20,-14,-1,-9,0,-15,sil
11.165212631225586,11,18,16,14,20,9,7,-19,-20,-15,-5,-5,3,4,sil
11.165212631225586,9,18,21,11,7,8,19,-15,-12,1,-14,3,-4,19,sil
11.18040418624878,0,7,10,7,-4,17,36,3,5,22,-5,11,0,22,sil
11.18040418624878,-2,-12,-5,-3,0,14,29,23,8,14,-7,3,4,17,sil
11.195999145507812,-12,-32,-18,-24,4,0,13,27,9,2,-27,-10,-10,3,sil
11.211583852767944,-9,-34,-18,-26,-4,-14,5,23,22,3,-22,-6,-11,0,sil
11.211583852767944,4,-17,1,-7,-5,-18,-4,16,18,-4,3,15,13,5,sil
11.211583852767944,1,-4,8,2,-3,-12,-17,-1,0,-13,17,24,21,-4,sil
11.227234601974487,-1,2,7,1,-7,-11,-20,-22,-16,-16,14,14,-4,-16,sil
11.24240255355835,0,18,12,9,-5,-5,-15,-26,-26,-25,7,-3,-24,-14,sil
11.24240255355835,-9,17,4,25,-1,11,-4,-12,-15,-17,0,-21,-21,-15,sil
11.258313417434692,-20,-6,-7,15,0,18,1,3,12,14,-9,-17,-10,-8,sil
11.258313417434692,-14,-18,-21,-12,-1,0,-2,10,23,32,-6,-1,0,0,sil
11.27326488494873,0,4,-19,-16,-4,-17,-18,4,9,15,5,7,5,1,sil
11.27326488494873,18,26,6,8,4,-2,-19,-4,1,0,15,18,10,5,sil
11.289421319961548,15,10,17,17,14,15,-4,-3,2,10,13,12,7,9,sil
11.289421319961548,-10,-13,0,2,-1,8,9,0,-5,17,-4,-14,-9,5,sil
11.305469036102297,-19,-15,-15,-2,-16,4,18,3,-4,7,-19,-28,-17,3,sil
11.305469036102297,-3,-19,-13,-7,-6,8,19,11,9,6,-8,-10,-1,11,sil
11.321510314941406,7,-15,-2,-13,0,0,9,12,16,9,13,11,15,11,sil
11.321510314941406,13,14,1,-4,0,-10,-2,2,4,-6,22,13,14,-4,sil
11.33703899383545,11,24,9,0,5,-6,-15,-8,-16,-34,11,10,-2,-17,sil
11.33703899383545,7,7,12,2,8,0,-15,-13,-27,-26,7,3,-5,-18,sil
11.352521419525146,1,7,12,18,7,0,5,-9,-21,-1,8,-8,5,-6,sil
11.352521419525146,-11,1,4,13,-1,0,19,-6,-12,-1,-16,-19,-3,-1,sil
11.367970705032349,-14,-20,-18,-18,-15,0,9,-2,0,-5,-39,-21,-12,-6,sil
11.367970705032349,0,-12,-15,-21,-5,-4,-2,4,14,6,-13,0,5,6,sil
11.383426189422607,20,19,16,9,11,-10,-5,0,12,7,20,20,22,17,sil
11.383426189422607,29,33,32,22,7,-4,-3,-6,0,-5,18,20,13,4,sil
11.39908480644226,13,19,21,17,5,11,10,0,6,4,1,7,0,0,sil
11.39908480644226,-11,-13,-7,5,2,11,19,8,15,18,-8,-6,-8,2,sil
11.414685249328612,-11,-35,-25,-19,-9,-9,-1,9,7,1,-8,-1,-4,2,sil
11.414685249328612,6,-12,-15,-24,-1,-11,-15,11,3,-5,17,17,13,4,sil
11.429871559143066,0,10,0,-4,8,-2,-9,8,2,0,30,15,12,0,sil
11.429871559143066,-25,0,-1,-1,-3,-3,-15,-6,-17,-13,-4,-11,-13,-13,sil
11.44579029083252,-21,-9,-6,0,-8,7,-12,-13,-27,-15,-26,-27,-22,-6,sil
11.44579029083252,-2,-3,1,5,-1,20,8,-2,-7,6,-16,-15,-13,13,sil
11.461016654968262,-8,-11,-3,-6,-7,5,15,8,9,11,-15,-7,-11,13,sil
11.461016654968262,-14,-18,-20,-21,-12,-10,5,13,11,2,-17,-1,-2,2,sil
11.476502656936646,7,-1,-5,-10,0,-5,-3,8,10,1,3,18,14,4,sil
11.476502656936646,26,20,18,14,12,0,-11,-7,4,1,22,22,17,0,sil
11.492534875869753,15,28,28,31,17,1,-11,-21,-4,7,10,5,-1,-7,sil
11.492534875869753,2,18,16,26,13,11,2,-15,4,19,-7,-2,-12,-1,sil
11.50838303565979,5,0,0,12,8,10,9,0,19,22,-4,4,5,6,sil
11.50838303565979,8,-1,1,3,2,-7,0,2,4,0,6,14,21,1,sil
11.524349927902222,0,4,-1,-7,-6,-16,-9,-2,-21,-28,11,7,8,-13,sil
11.524349927902222,-10,0,-9,-17,-9,-3,0,1,-19,-34,9,-6,-7,-20,sil
11.53999948501587,-19,-6,-2,-7,2,13,18,3,-5,-16,2,-18,-10,-22,sil
11.53999948501587,-27,-11,-7,-1,6,16,19,-3,-8,-3,-11,-33,-16,-21,sil
11.555104970932009,-25,-19,-21,-17,-8,8,14,-2,-10,1,-21,-35,-30,-9,sil
11.555104970932009,-5,-23,-17,-29,-24,-1,15,7,3,9,-16,-19,-23,1,sil
11.570321083068848,9,-13,-2,-15,-17,-11,1,12,8,2,-8,1,0,12,sil
11.570321083068848,17,4,4,2,3,-12,-15,13,4,-7,4,17,21,19,sil
11.585469722747805,22,11,2,5,8,-8,-18,5,2,-6,20,20,25,13,sil
11.585469722747805,24,12,13,2,-2,-11,-17,-2,0,-8,20,22,15,8,sil
11.601055145263672,26,29,35,26,3,-7,-15,-4,0,3,18,27,13,14,sil
11.601055145263672,19,33,35,46,23,10,-7,-9,5,30,14,25,14,23,sil
11.616346597671509,2,4,10,28,19,19,1,-10,11,34,1,10,6,20,sil
11.616346597671509,-11,-14,-18,3,0,9,9,3,25,19,-5,-8,2,6,sil
11.632142543792725,-20,-13,-24,-8,-5,0,2,6,19,3,-12,-17,-2,-2,sil
11.632142543792725,-16,-14,-20,-14,-4,-1,-11,-3,-4,-7,-15,-12,-7,-8,sil
11.648255109786987,-2,-6,-15,-13,-6,-10,-8,1,-5,-6,0,2,6,-10,sil
11.648255109786987,1,9,-3,-7,-1,-9,4,9,1,-2,14,9,17,-8,sil
11.663781642913818,-3,10,3,0,0,3,12,-3,-16,-11,6,-6,-4,-16,sil
11.663781642913818,-12,-3,3,2,-7,7,14,-11,-30,-16,-14,-20,-29,-20,sil
11.679386615753174,-11,-17,-4,0,-10,2,15,-1,-11,0,-21,-17,-20,-4,sil
11.679386615753174,-4,-18,-12,-17,-11,-6,8,0,1,1,-15,-9,-7,8,sil
11.695034265518188,3,-13,-9,-36,-13,-16,-4,0,-7,-16,-9,0,-7,-2,sil
11.695034265518188,11,-6,-1,-24,-7,-10,-13,-2,-15,-28,-3,4,-13,-15,sil
11.710383415222168,13,7,17,8,9,0,-14,-8,-16,-32,-2,2,-23,-11,sil
11.710383415222168,3,19,25,26,23,7,-2,-10,-6,-17,1,0,-24,-2,sil
11.726283311843872,-4,10,11,18,22,17,10,-2,13,23,11,-1,-2,3,sil
11.726283311843872,-8,-7,-2,0,3,13,0,5,19,40,8,-1,14,7,sil
11.741622686386108,-8,-14,-11,-13,-9,-4,-17,13,14,18,-1,-3,14,4,sil
11.741622686386108,0,0,-7,-12,-2,-13,-13,14,11,3,4,4,19,6,sil
11.757087230682371,4,20,6,-1,7,-6,2,0,1,1,20,18,28,2,sil
11.757087230682371,-2,21,6,6,2,3,12,-4,-10,0,18,16,22,-3,sil
11.772786855697632,-7,11,3,13,1,12,14,0,-5,3,4,3,6,-1,sil
11.772786855697632,-12,2,-2,16,1,13,17,0,5,3,-1,-8,-2,0,sil
11.788022994995115,-4,0,2,16,2,9,17,2,13,6,0,-4,-1,6,sil
11.788022994995115,23,4,16,21,11,9,15,16,25,21,6,17,12,26,sil
11.804026126861572,28,0,6,9,6,-1,1,19,29,19,12,26,27,28,sil
11.804026126861572,9,-16,-8,-18,-11,-19,-18,5,11,-6,11,17,22,16,sil
11.819982290267944,10,-7,-1,-17,-12,-19,-26,-9,-5,-21,6,6,4,-2,sil
11.819982290267944,10,8,6,1,-7,-8,-23,-14,-14,-15,-5,-2,-15,-15,sil
11.835011005401611,0,4,4,6,-10,0,-7,-11,-17,0,-14,-8,-23,-3,sil
11.835011005401611,-3,-2,0,6,-6,15,14,-5,-11,1,-19,-17,-20,5,sil
11.851049423217772,-11,-10,-11,-2,-7,17,16,0,-4,-5,-35,-26,-26,-6,sil
11.851049423217772,-23,-22,-26,-19,-15,-3,5,4,1,2,-35,-30,-25,-16,sil
11.866484880447388,-11,-17,-13,-16,-5,-17,0,3,0,8,-9,-15,-8,-8,sil
11.866484880447388,8,2,5,0,9,-7,-8,-5,-11,-14,8,7,1,-9,sil
11.882473230361938,1,10,-1,6,7,0,-8,-13,-22,-25,10,3,-1,-25,sil
11.882473230361938,-27,2,-10,0,8,4,0,-18,-30,-18,-4,-23,-20,-32,sil
11.897486686706545,-38,-7,-12,-7,10,14,8,-10,-18,-10,-19,-38,-32,-25,sil
11.897486686706545,-21,-12,-16,-15,-1,0,2,7,11,1,-6,-16,-4,-4,sil
11.913021087646484,1,-6,-9,-14,-6,-21,-15,4,9,2,12,14,25,9,sil
11.913021087646484,11,7,5,1,5,-4,-14,-5,-11,-6,16,17,16,6,sil
11.928188562393188,15,13,26,18,11,17,8,9,1,7,16,10,4,18,sil
11.928188562393188,26,6,28,14,4,9,19,23,30,32,20,22,24,45,sil
11.943480253219604,38,6,18,0,0,-10,0,8,19,15,21,44,35,43,sil
11.958625555038452,30,22,19,6,8,-10,-11,-4,-5,-11,19,36,15,10,sil
11.958625555038452,1,18,10,20,10,5,0,0,0,2,4,0,-3,-6,sil
11.97424054145813,-8,-6,-3,6,-5,6,11,10,22,27,-6,-6,0,8,sil
11.97424054145813,7,-13,-5,-12,-15,-5,2,14,25,18,2,15,15,15,sil
11.989697456359863,0,-6,-15,-21,-5,-5,-13,1,2,-2,6,4,9,-12,sil
11.989697456359863,-24,-3,-19,-23,0,1,-12,-7,-12,-13,-3,-15,-3,-33,sil
12.00592803955078,-11,5,0,-3,-3,3,0,-1,-3,-8,2,-7,0,-13,sil
12.00592803955078,10,19,18,19,5,9,8,1,5,0,11,6,5,7,sil
12.020345449447632,-1,10,5,15,14,18,17,-9,0,0,0,-2,1,-2,sil
12.020345449447632,-15,-7,-6,10,4,8,19,-14,-4,0,-16,-18,-8,-8,sil
12.03645372390747,-2,-6,0,15,-6,-3,5,-6,-4,1,-22,-12,-20,2,sil
12.03645372390747,1,-1,-4,7,-6,0,0,-2,-5,-1,-19,-9,-22,0,sil
12.057977676391602,-13,-17,-22,-12,-5,-5,0,0,-7,-3,-24,-13,-18,-4,sil
12.057977676391602,-17,-25,-22,-24,-14,-18,-12,6,-1,0,-22,-9,-12,0,sil
12.057977676391602,1,-8,-7,-13,-15,-15,-20,5,7,-2,2,8,6,4,sil
12.067487478256226,22,12,17,5,1,-1,-11,0,7,0,25,24,25,6,sil
12.083080530166626,21,20,23,11,10,3,0,-1,-6,1,23,16,19,-1,sil
12.083080530166626,1,14,13,2,4,2,-3,-7,-24,-13,6,0,-7,-11,sil
12.09917402267456,-13,0,6,1,2,6,0,-11,-25,-26,-7,-11,-24,-14,sil
12.09917402267456,-16,-10,0,3,2,9,10,-4,-10,-11,-16,-23,-19,-16,sil
12.114793062210085,-17,-15,-4,0,3,9,10,0,4,10,-20,-24,-18,-7,sil
12.114793062210085,-14,-11,-7,-3,2,13,5,9,18,20,-11,-12,-16,7,sil
12.129866123199465,0,-3,-6,-3,0,8,3,22,22,17,5,3,3,12,sil
12.129866123199465,11,-7,-10,-14,-8,-12,1,9,10,2,7,8,18,3,sil
12.14548659324646,5,-16,-22,-26,-11,-27,-2,-9,-6,-18,-6,-1,5,-2,sil
12.14548659324646,3,0,-9,-18,-5,-25,-13,-6,-13,-22,0,6,0,4,sil
12.160966396331789,18,25,15,7,2,-14,-15,-2,-5,2,25,22,19,11,sil
12.160966396331789,27,25,17,19,8,0,-12,-5,0,13,26,18,27,8,sil
12.176477432250977,9,8,7,10,8,5,-12,-2,-2,-5,9,4,7,0,sil
12.176477432250977,-5,9,8,18,7,10,-3,0,-2,-6,1,-4,-9,-7,sil
12.192172050476074,-6,12,8,27,9,18,9,-1,-2,1,-7,-6,-17,-3,sil
12.192172050476074,-13,-13,-12,6,-1,15,18,2,2,2,-19,-17,-17,0,sil
12.2074453830719,-23,-33,-29,-14,-18,4,22,10,21,16,-18,-19,-6,-1,sil
12.2074453830719,-14,-17,-14,-11,-8,0,15,15,31,33,0,0,13,2,sil
12.223024606704712,4,1,0,-4,10,-8,0,14,20,22,25,25,33,13,sil
12.223024606704712,18,12,14,-3,8,-12,-7,11,7,7,34,39,35,21,sil
12.238383531570436,22,21,25,9,1,-1,-1,3,0,10,32,32,23,14,sil
12.238759994506836,8,15,16,13,2,3,0,-11,-6,0,12,2,2,0,sil
12.253988265991213,-3,4,2,1,0,5,1,-18,-15,-21,-15,-14,-11,-7,sil
12.253988265991213,1,6,3,0,3,16,10,-9,-11,-18,-16,-5,-9,-3,sil
12.26931643486023,0,9,10,9,9,19,12,-4,-1,0,-10,0,-15,2,sil
12.26931643486023,-3,-2,-2,0,-1,7,2,-13,-3,-1,-27,-16,-26,-3,sil
12.28543210029602,0,-16,-21,-18,-12,-13,-13,-12,-15,-22,-30,-17,-13,-14,sil
12.28543210029602,0,-11,-15,-25,-8,-30,-24,-3,-22,-29,-4,0,6,-13,sil
12.30103063583374,3,4,3,-12,-4,-22,-20,-3,-17,-20,6,4,1,-14,sil
12.30103063583374,2,8,21,3,-1,0,-9,-4,-12,-16,-3,-3,-11,-9,sil
12.316179037094116,-12,0,18,12,0,14,6,6,0,2,-8,-9,-10,0,sil
12.316179037094116,-15,-6,-1,9,-1,17,16,14,16,33,-4,-13,-5,1,sil
12.332257747650146,-6,-11,-11,3,-3,8,11,10,17,25,-6,-6,-5,7,sil
12.332257747650146,-10,-17,-12,0,0,0,3,10,18,4,-6,-1,0,14,sil
12.34830927848816,-8,-14,-17,-9,0,-6,-1,11,18,7,0,-4,6,5,sil
12.34830927848816,0,-12,-24,-19,-2,-12,-9,4,9,7,5,-5,0,-10,sil
12.36431360244751,-1,-18,-29,-21,-5,-18,-15,0,-1,-13,-1,-5,-6,-19,sil
12.36431360244751,-6,-15,-14,-20,-11,-18,-14,-5,-15,-29,-9,-6,-12,-20,sil
12.379461288452148,0,0,0,-6,-8,-8,-5,-13,-21,-20,8,-4,-6,-17,sil
12.379461288452148,10,16,14,11,6,3,3,-11,-13,-2,28,9,4,-4,sil
12.395064353942873,14,28,27,24,17,8,1,-7,-10,4,19,16,5,8,hello
12.395064353942873,3,23,21,27,10,5,-1,-11,-18,1,0,3,-5,11,hello
12.410664319992064,-11,3,7,18,2,10,9,-6,-11,4,-5,-1,-12,11,hello
12.410664319992064,-7,0,7,11,6,22,24,16,14,21,1,4,0,16,hello
12.427148342132568,9,13,11,11,12,24,25,29,32,36,7,11,19,24,hello
12.427148342132568,14,10,3,4,9,16,17,9,24,24,3,14,21,25,hello
12.442986965179443,5,-5,-5,-5,4,5,4,-5,8,-2,3,12,9,11,hello
12.442986965179443,6,-2,3,-9,0,-8,-7,1,11,-2,9,12,18,4,hello
12.458035230636597,22,14,7,0,-4,-15,-7,6,26,21,17,14,38,7,hello
12.458035230636597,29,21,6,13,0,-14,-6,3,18,14,20,14,32,4,hello
12.47347354888916,11,13,9,15,5,-6,-9,0,-6,-15,10,4,7,-8,hello
12.47347354888916,-17,-5,-6,-2,-6,2,-2,-9,-23,-20,-15,-19,-15,-17,hello
12.48939847946167,-34,-24,-22,-18,-18,4,8,-13,-20,-4,-33,-26,-27,-8,hello
12.48939847946167,-22,-23,-17,-16,-12,2,12,2,0,3,-19,-13,-3,2,hello
12.505014181137083,-4,-19,-17,-18,-5,0,-4,10,3,-13,-6,0,12,0,hello
12.505014181137083,0,-18,-12,-24,-11,-14,-28,-1,-16,-34,-5,3,-5,-9,hello
12.520301342010498,6,-2,2,-8,-13,-25,-31,-8,-15,-23,5,6,-14,-11,hello
12.520301342010498,6,14,15,8,-4,-18,-21,-9,-11,-11,4,3,-12,-12,hello
12.5354483127594,0,10,12,6,2,-7,-19,-19,-25,-16,-10,-6,-25,-17,hello
12.5354483127594,0,7,12,7,8,0,-6,-17,-24,-8,-2,-9,-21,-14,hello
12.55103349685669,0,10,14,17,11,10,17,-1,-4,4,2,-10,-17,-9,hello
12.55103349685669,-16,-7,-7,5,5,21,24,5,2,3,-22,-25,-32,-10,hello
12.567084074020386,-27,-28,-29,-18,0,20,13,5,11,9,-30,-28,-26,1,hello
12.567084074020386,-19,-22,-22,-23,0,20,14,12,24,29,-11,-12,0,12,hello
12.582294940948486,-7,-9,-11,-8,1,16,23,16,21,23,-11,-7,-2,9,hello
12.582294940948486,4,-2,-6,-1,6,2,17,10,17,0,-12,0,-2,12,hello
12.598417282104492,17,5,-3,-2,7,-5,0,7,17,0,14,13,23,10,hello
12.598804712295532,18,10,7,-4,4,-5,-9,11,9,12,31,26,39,5,hello
12.613964557647703,17,10,14,0,9,-7,-1,9,7,11,34,27,40,7,hello
12.629069805145264,16,12,14,10,8,-11,2,-6,0,5,37,16,32,2,hello
12.629069805145264,0,9,15,17,-5,-9,-9,-22,-26,-2,15,1,3,-11,hello
12.644114971160889,-12,7,10,15,-10,-7,-19,-22,-31,-18,-13,-5,-16,-19,hello
12.644114971160889,-2,14,13,14,0,-8,-11,-10,-7,-20,-5,3,-7,-7,hello
12.659568548202516,9,17,22,27,4,5,6,2,9,5,17,9,9,12,hello
12.659568548202516,4,8,11,29,0,21,10,4,5,21,9,2,8,15,hello
12.6753671169281,-1,-1,-3,7,-5,14,-4,-7,-16,-4,-13,0,-9,7,hello
12.6753671169281,4,-6,-5,-7,-6,0,-3,-5,-19,-19,-14,0,-12,12,hello
12.69100284576416,13,-8,-2,-10,-4,-3,13,20,18,7,-1,9,9,23,hello
12.69100284576416,6,-9,-13,-23,-5,-6,6,36,51,28,8,23,28,18,hello
12.706149578094482,-2,-2,-19,-28,-3,-11,-10,26,39,12,18,22,24,3,hello
12.706149578094482,2,15,8,-1,4,-3,-2,4,7,-3,21,14,9,-1,hello
12.721399307250977,10,19,23,19,6,0,6,-10,-4,1,11,7,-1,-2,hello
12.721399307250977,0,1,2,12,-4,-9,-4,-17,-14,-4,-1,-9,-13,-10,hello
12.737480401992798,-17,-9,-9,2,-3,0,-2,-14,-27,-22,-17,-26,-28,-20,hello
12.737480401992798,-23,-15,-18,-2,2,14,15,-6,-22,-19,-30,-31,-30,-24,hello
12.753130912780762,-28,-28,-29,-17,-2,0,7,-5,-10,-8,-32,-31,-26,-21,hello
12.753130912780762,-26,-28,-26,-20,-5,-3,-9,-7,-3,-1,-28,-31,-22,-14,hello
12.768582582473757,-1,-12,-16,-11,3,0,-11,-2,1,7,-18,-16,-5,0,hello
12.768582582473757,15,-3,-12,-17,5,-13,-14,-5,-11,0,-4,0,6,2,hello
12.784069538116457,5,0,-6,-15,-1,-15,-15,-17,-32,-28,-3,-7,-5,-10,hello
12.784069538116457,4,11,12,2,-2,-5,-12,-15,-30,-26,-13,-11,-19,-9,hello
12.799259185791016,16,18,22,10,1,0,-8,-3,-11,-1,-9,-2,-9,0,hello
12.799259185791016,3,6,13,2,3,14,2,7,4,9,2,0,0,3,hello
12.814794778823853,-16,-15,-3,-4,0,25,19,15,21,20,8,-6,1,11,hello
12.814794778823853,-17,-20,-16,-20,-9,5,14,11,25,26,1,-12,1,12,hello
12.830347299575806,-7,-5,-1,-28,-6,0,3,7,15,13,-7,-3,2,2,hello
12.830347299575806,6,6,13,1,5,13,12,15,26,10,10,14,13,2,hello
12.845912456512451,15,7,8,22,5,1,7,16,30,2,33,29,26,8,hello
12.845912456512451,14,16,17,10,0,-20,-9,3,3,-21,26,36,21,1,hello
12.86143708229065,19,30,30,18,0,-13,-6,0,-8,-17,25,41,19,0,hello
12.86143708229065,28,33,31,47,8,0,-1,-1,1,3,42,49,26,15,hello
12.877438306808472,26,28,34,51,14,11,1,-14,0,11,33,39,22,20,sil
12.877438306808472,6,12,26,36,13,21,17,-14,-8,16,-1,2,2,4,sil
12.893335342407228,-12,-11,-2,19,6,12,18,0,-2,17,-19,-18,-7,0,sil
12.893335342407228,-17,-26,-31,0,0,-1,5,8,10,17,-7,-19,0,5,sil
12.908974170684814,-18,-26,-32,-22,-3,-3,0,7,12,16,-5,-16,2,3,sil
12.908974170684814,-16,-12,-26,-32,-6,-1,-6,0,0,-3,-13,-13,-3,-15,sil
12.924000978469849,-7,-3,-25,-35,-9,-9,-22,-5,-13,-29,-6,-6,-2,-22,sil
12.924000978469849,-1,-4,-11,-28,-7,-16,-23,-4,-16,-19,7,1,4,-4,sil
12.939469575881958,-2,9,8,0,-4,-5,-3,-2,-10,0,4,-3,0,1,sil
12.939469575881958,-2,16,11,10,-3,11,12,-1,-4,3,-17,-21,-23,-1,sil
12.955497980117798,-6,-18,-6,-10,-2,11,15,7,8,13,-27,-28,-31,2,sil
12.955497980117798,-12,-35,-19,-25,-7,-10,0,6,10,12,-21,-18,-16,2,sil
12.971030473709106,-4,-4,-10,-15,-14,-25,-14,-6,-10,-12,-21,-7,-10,-4,sil
12.971030473709106,13,12,-1,-3,-4,-19,-11,-11,-17,-25,-15,-5,-11,-6,sil
12.987184524536133,21,15,9,8,10,-8,-4,-7,-7,-21,4,10,-3,-4,sil
12.987184524536133,9,23,17,18,12,1,0,-7,-8,-14,14,14,-5,-7,sil
13.002408027648926,-6,0,2,2,1,11,7,-7,-10,-4,-6,-16,-21,-9,sil
13.002408027648926,-12,-26,-10,-15,-8,6,0,0,-3,-12,-20,-18,-14,0,sil
13.018112182617188,3,-8,-4,-1,-9,-5,-11,11,10,-11,6,11,18,7,sil
13.018112182617188,9,8,6,11,2,-7,-6,13,14,13,28,12,20,6,sil
13.033616542816162,-6,1,9,6,9,1,2,0,0,17,12,-3,-4,-6,sil
13.033616542816162,-14,-1,2,9,0,11,5,-4,-5,4,-1,-4,-6,-11,sil
13.049695491790771,-7,-6,-4,7,2,19,13,8,8,13,-2,5,13,10,sil
13.049695491790771,-5,-12,-16,-10,10,13,17,17,16,19,-2,7,19,16,sil
13.06562876701355,-7,-6,-24,-23,-1,-8,-2,-1,2,-3,-4,2,7,-10,sil
13.06562876701355,-3,2,-4,-11,-11,-7,-13,-22,-15,-17,0,0,-2,-23,sil
13.081247329711914,3,10,20,13,6,21,8,-12,-12,3,10,7,0,0,sil
13.081247329711914,12,14,19,18,15,20,19,7,9,22,11,18,14,29,sil
13.097384929656982,16,7,2,4,0,-3,0,9,21,19,13,17,26,25,sil
13.097384929656982,26,12,14,10,0,0,-4,5,10,7,27,22,30,11,sil
13.113015174865724,32,31,44,30,14,14,7,5,2,-3,34,27,24,10,sil
13.113015174865724,17,26,31,30,12,8,10,1,6,-3,17,10,9,6,sil
13.127949953079224,0,1,5,17,8,0,12,0,8,12,-2,-5,-5,1,sil
13.127949953079224,-8,-16,-8,0,-1,4,13,3,10,17,-23,-14,-14,1,sil
13.144046545028688,-22,-33,-28,-27,-21,-5,-12,0,0,-11,-45,-25,-22,-7,sil
13.144046545028688,-15,-30,-26,-33,-26,-29,-39,-7,-15,-34,-40,-17,-23,-17,sil
13.159238576889038,10,-5,-5,-12,-16,-40,-34,-7,-13,-20,-6,2,-11,-8,sil
13.159238576889038,13,8,1,-5,-7,-28,-21,-8,-4,-8,12,8,-5,-3,sil
13.17440104484558,-4,6,-5,-6,0,-5,-10,-10,-6,-7,8,-1,-9,-15,sil
13.17440104484558,-20,1,-8,0,8,3,-2,-9,-17,-5,-1,-19,-21,-20,sil
13.190212488174438,-31,-5,-9,-2,9,7,2,-11,-23,-8,-12,-28,-28,-12,sil
13.190212488174438,-29,-13,-13,-14,-1,11,16,-4,-7,-6,-17,-26,-15,-4,sil
13.205843925476074,-21,-15,-18,-22,-5,1,26,15,7,3,-23,-19,-4,0,sil
13.205843925476074,-8,-2,-18,-14,2,-3,13,19,6,9,-12,-10,1,0,sil
13.221024990081789,11,13,-3,7,5,0,-8,7,0,6,23,10,19,0,sil
13.236181020736694,20,19,23,16,1,0,-9,0,-4,2,40,27,27,6,sil
13.236181020736694,11,17,28,16,7,12,11,0,-2,5,19,5,10,3,sil
13.236181020736694,0,5,15,18,12,26,23,4,7,14,-2,-14,-6,0,sil
13.25144910812378,-5,-11,2,10,1,24,18,11,19,27,-3,-9,0,4,sil
13.267109870910645,8,-16,-3,-1,-6,1,10,14,27,28,5,4,18,21,sil
13.267109870910645,18,-9,1,-7,-3,-19,-1,11,22,8,15,16,22,29,sil
13.28278374671936,13,0,0,-8,-3,-18,-17,0,4,-9,18,14,13,5,sil
13.28278374671936,17,11,2,2,-3,0,-17,-12,-11,-20,4,10,0,-12,sil
13.298080444335938,19,17,15,21,1,12,0,-14,-12,-15,-12,10,-15,0,sil
13.298080444335938,1,4,8,19,8,10,8,-5,0,4,-13,9,-5,11,sil
13.314012050628662,-4,-5,-10,-4,5,-2,-2,-3,0,1,0,21,18,8,sil
13.314012050628662,2,-4,-18,-13,-2,-12,-15,-16,-17,-28,5,27,15,-3,sil
13.3295578956604,0,1,-9,-4,-7,-8,-14,-21,-29,-33,-1,24,-7,-13,sil
13.3295578956604,-10,5,-1,0,-7,0,-4,-7,-19,-9,-13,27,-21,-13,sil
13.34542965888977,-15,-1,-5,-1,-3,4,6,0,-7,1,-23,1,-29,-12,sil
13.34542965888977,-21,-11,-9,-6,0,9,9,2,2,3,-28,-45,-32,-7,sil
13.360974073410034,-19,-14,-14,-14,-3,2,0,11,19,9,-19,-55,-9,-2,sil
13.360974073410034,-3,-6,-4,-14,-4,-11,-9,19,21,3,0,-21,13,0,sil
13.376447916030884,13,12,25,1,7,-6,-2,10,9,0,21,2,17,-1,sil
13.376447916030884,16,22,30,15,11,4,5,-1,-1,4,26,-10,8,-2,sil
13.391576528549194,0,8,18,12,2,0,0,-4,-11,0,7,-20,-3,0,sil
13.391576528549194,-14,-6,7,5,-1,-1,0,1,-10,-1,-7,-15,-7,0,sil
13.407167434692385,-14,-15,-7,-6,-2,2,8,8,8,15,-7,-11,0,1,sil
13.407167434692385,2,-16,-8,-15,0,-4,10,12,26,29,3,1,16,16,sil
13.422369956970217,20,-5,0,-4,6,-5,4,13,28,22,21,26,29,24,sil
13.422369956970217,17,6,-2,0,6,1,-8,2,11,1,21,32,16,6,sil
13.438295602798462,2,9,-11,-2,1,0,-13,-13,-7,-15,7,10,0,-18,sil
13.438295602798462,-1,14,-2,7,-1,-3,-1,-12,-12,-16,5,-1,-4,-17,sil
13.453852891921995,0,19,16,20,0,3,4,-5,-12,-2,1,4,-8,0,sil
13.453852891921995,0,9,12,19,1,9,5,-12,-12,11,-8,6,-8,3,sil
13.46937870979309,-13,-9,-8,5,-6,5,7,-7,-4,7,-16,-3,-7,3,sil
13.46937870979309,-10,-16,-23,-14,-15,0,6,11,5,0,-11,-7,-4,6,sil
13.485434293746948,16,-1,-11,-15,-3,-1,-2,8,-1,-6,5,7,8,3,sil
13.485434293746948,15,6,9,0,1,-4,-8,-10,-18,-16,11,10,2,0,sil
13.501482486724854,-18,-12,-5,1,-7,-3,0,-13,-22,-14,-11,-20,-19,-9,sil
13.501482486724854,-23,-30,-25,-11,-5,5,5,-7,-11,0,-33,-30,-23,-8,sil
13.517608642578123,-1,-21,-13,-12,1,8,4,2,8,4,-22,-11,-2,2,sil
13.517608642578123,7,-1,0,-5,1,-8,0,18,22,0,2,0,12,6,sil
13.533029794692991,5,8,4,-6,1,-21,-10,4,7,-9,10,10,6,-4,sil
13.533029794692991,-1,8,0,-5,0,-9,-17,-24,-20,-23,0,5,-7,-22,sil
13.54911732673645,-1,15,12,7,5,4,-11,-10,-18,-18,2,1,-10,-13,sil
13.54911732673645,13,33,37,33,18,12,7,18,6,5,17,9,2,12,sil
13.564774990081789,11,28,22,41,15,17,20,13,12,13,7,2,3,12,sil
13.564774990081789,-10,0,-7,13,1,19,12,2,7,14,-10,-11,-4,0,sil
13.58045220375061,-7,-15,-17,-14,-2,12,7,11,22,28,3,1,8,7,sil
13.58045220375061,10,-14,-10,-18,-4,-4,5,19,33,26,16,19,29,22,sil
13.595952033996582,7,-10,-3,-14,-6,-14,-7,10,22,4,8,21,31,13,sil
13.595952033996582,4,-2,0,-6,0,-11,-19,0,11,0,15,15,24,0,sil
13.612067222595217,10,11,11,1,5,-8,-13,-7,1,3,26,15,15,0,sil
13.612067222595217,3,13,18,2,0,-8,-5,-17,-17,-2,7,8,1,0,sil
13.628032445907593,-16,-4,7,-6,-13,-8,-15,-31,-39,-20,-21,-14,-25,-16,sil
13.628032445907593,-26,-16,-2,-6,-16,-3,-13,-25,-38,-21,-28,-30,-40,-23,sil
13.643274307250977,-15,-13,-8,0,-6,3,16,6,-3,1,-18,-17,-21,0,sil
13.643274307250977,-7,-17,-14,-8,-1,6,22,20,19,11,-23,-6,-12,12,sil
13.65946650505066,-11,-20,-17,-21,-5,7,4,5,5,1,-29,-17,-18,-1,sil
13.65946650505066,0,-5,-5,-8,1,4,5,8,2,6,-9,-8,-4,0,sil
13.674993991851808,20,7,4,2,5,-7,4,8,4,3,15,17,12,8,sil
13.674993991851808,21,11,10,-1,-3,-13,-16,-10,-19,-27,17,19,8,-1,sil
13.69059705734253,13,21,17,12,3,0,-14,-19,-28,-37,16,10,6,-11,sil
13.69059705734253,15,24,4,25,14,2,6,-9,-5,-13,25,2,14,-9,sil
13.706146240234377,8,19,3,11,7,1,0,0,-5,-4,20,1,2,-3,sil
13.706146240234377,-5,15,19,18,7,15,1,-2,-13,0,2,-3,-13,-5,sil
13.721517324447632,-12,-1,-1,23,7,16,15,-5,-1,11,-14,-24,-16,-12,sil
13.721517324447632,-18,-21,-21,-17,-4,1,3,-1,9,9,-24,-22,-16,-1,sil
13.73747992515564,-16,-20,-16,-24,-6,5,-1,7,19,15,-13,-5,-3,13,sil
13.73747992515564,0,-10,-11,9,4,12,18,18,28,28,-4,-7,10,15,sil
13.75302004814148,11,0,-2,12,11,11,27,28,33,29,-7,-4,10,24,sil
13.75302004814148,17,10,7,0,5,7,14,29,31,25,1,18,20,34,sil
13.768365144729614,9,0,0,-8,-2,-6,-5,8,8,13,11,25,26,15,sil
13.768365144729614,-4,-13,-15,-26,-7,-20,-18,-9,-7,-2,6,10,15,-10,sil
13.783348798751833,-1,0,-8,-22,-8,-16,-19,-3,2,-5,12,12,13,-4,sil
13.783348798751833,1,8,7,-4,-9,-12,-25,-2,2,-13,22,21,12,0,sil
13.798475742340088,-6,-6,-3,-8,-7,-15,-26,-16,-14,-32,7,0,-6,-25,sil
13.798475742340088,-4,-4,-7,-12,-6,-18,-13,-15,-14,-28,-1,-11,-17,-28,sil
13.814011096954346,0,10,8,0,-3,-14,-4,-2,-10,-13,12,3,-4,-8,sil
13.814011096954346,-10,4,8,8,3,-4,-9,-8,-24,-11,6,2,-7,-10,sil
13.82929277420044,-17,-3,3,11,2,4,-6,-19,-33,-11,-17,-15,-24,-19,sil
13.82929277420044,-7,-2,0,12,0,11,15,-16,-22,-3,-24,-26,-17,-10,sil
13.84445023536682,0,0,5,12,3,20,21,-5,-8,3,-18,-16,-8,3,sil
13.84445023536682,15,11,21,27,9,26,9,5,1,11,-5,-2,-5,14,sil
13.860496044158936,21,17,26,39,12,22,9,7,12,18,3,8,1,22,sil
13.860496044158936,-1,5,13,19,7,10,22,3,12,21,-2,5,0,19,sil
13.876018524169922,-16,-2,-8,-5,-8,0,20,11,9,17,-9,-5,-2,11,sil
13.876018524169922,-2,-9,-20,-14,-15,-6,0,19,11,6,-4,-1,3,7,sil
13.89200210571289,0,-19,-22,-21,-5,-9,-6,6,17,1,0,3,3,0,sil
13.89200210571289,-9,-17,-20,-23,-6,-11,0,5,18,5,0,0,3,0,sil
13.907180547714232,0,-12,-10,-15,-5,-9,-11,15,10,1,2,2,14,5,sil
13.907180547714232,10,-12,-7,-11,6,-4,-25,4,0,-10,8,4,16,-5,sil
13.92244577407837,5,2,-3,-17,11,0,-16,-12,-8,-24,16,1,9,-16,sil
13.92244577407837,12,15,10,-14,4,-4,0,-10,-9,-22,20,8,15,-1,sil
13.938511610031128,21,6,9,-8,-5,-20,0,-5,-10,-7,13,14,17,3,sil
13.938511610031128,4,4,1,-14,-9,-22,-11,-13,-17,-9,0,5,-5,-9,sil
13.95417833328247,0,18,10,-2,-3,0,-1,-13,-15,-12,-5,0,-17,-12,sil
13.95417833328247,14,26,30,31,11,21,17,0,0,8,0,4,-9,2,sil
13.969421863555908,7,18,26,42,21,30,22,0,7,21,-2,1,-13,5,sil
13.969421863555908,-18,3,0,19,18,29,22,-5,3,14,-10,-16,-22,-3,sil
13.98496413230896,-20,-2,-3,2,6,15,18,0,3,15,-14,-17,-18,0,sil
13.98496413230896,-6,-5,3,6,-3,1,8,6,4,21,-9,-5,-10,7,sil
14.000303030014038,-11,-15,-11,0,-8,3,3,7,0,8,-13,-15,-13,4,sil
14.01631212234497,-22,-21,-25,-15,-8,0,4,9,7,-3,-21,-17,-10,0,sil
14.01631212234497,-8,-12,-18,-10,-8,-13,-1,14,17,3,-5,6,15,2,sil
14.032363653182983,8,-7,-4,1,-9,-16,-20,10,12,5,20,21,32,11,sil
14.032363653182983,5,-17,-4,-2,-12,-16,-28,0,5,-10,13,9,24,9,sil
14.032363653182983,0,-14,-8,-10,-10,-20,-24,0,6,-13,-1,7,19,-2,sil
14.047492265701294,11,12,2,0,1,-11,-9,4,5,0,12,19,23,-5,sil
14.068203926086426,12,16,2,5,3,2,1,-2,-4,-3,26,9,14,-8,sil
14.068203926086426,-7,0,-9,-3,0,0,-5,-14,-19,-20,14,-2,-4,-17,sil
14.068203926086426,-7,3,-4,-3,6,-4,-13,-14,-23,-22,8,-3,-8,-18,sil
14.078083038330078,9,16,11,9,8,1,-4,-9,-19,-14,6,-9,-8,-7,sil
14.093884944915771,0,8,19,12,2,7,0,0,-10,0,-5,-11,-14,0,sil
14.093884944915771,-15,0,8,5,1,8,2,8,-1,18,-2,-2,-4,10,sil
14.10907220840454,-8,-4,-1,-2,0,4,6,0,-6,14,-2,0,-4,17,sil
14.10907220840454,0,-17,-6,-11,-10,1,14,-12,-7,0,-32,-12,-24,9,sil
14.125174522399902,-2,-20,-10,-15,-11,5,14,1,5,4,-37,-13,-19,2,sil
14.125174522399902,5,-5,-9,-17,0,0,0,13,10,1,1,5,6,2,sil
14.140347480773926,10,6,-7,-15,-1,-19,-12,-3,-1,-16,22,8,11,-5,sil
14.140347480773926,5,16,8,1,0,-18,-10,-12,-2,-9,6,0,0,-12,sil
14.156540870666504,6,24,24,31,12,16,13,2,9,13,-3,-1,-6,-7,sil
14.156540870666504,0,11,6,33,6,32,27,6,13,16,-10,-9,-12,-1,sil
14.172093152999878,-10,-6,-10,0,-6,4,15,2,10,10,-10,-5,1,10,sil
14.172093152999878,11,1,-1,-10,1,-14,3,12,16,15,19,26,40,24,sil
14.187198162078856,33,23,19,12,14,-3,-1,9,7,2,39,44,36,14,sil
14.187198162078856,9,19,24,19,12,9,-3,-16,-17,-23,8,11,-14,-10,sil
14.202989101409912,-20,-1,4,8,4,14,5,-20,-22,-17,-23,-28,-41,-16,sil
14.202989101409912,-18,-15,-10,-1,-1,12,9,0,0,8,-21,-22,-21,-4,sil
14.218590021133425,-10,-19,-13,-13,-8,5,-1,9,16,13,-10,-6,0,0,sil
14.218590021133425,-12,-23,-12,-21,-9,-3,-4,11,22,6,-12,-12,2,1,sil
14.23416018486023,0,-24,-8,-19,-6,-7,1,21,32,13,-14,-8,3,13,sil
14.23416018486023,16,-11,-4,-14,-1,-3,-2,17,25,14,-2,8,15,15,sil
14.24932026863098,10,-1,-1,-14,4,-1,-14,-2,-3,-2,12,17,22,3,sil
14.24932026863098,0,-10,-12,-18,-1,-15,-16,-13,-16,-15,19,10,23,-10,sil
14.264966249465942,-3,-12,-15,-20,-12,-28,-20,-15,-17,-20,12,3,8,-15,hello
14.264966249465942,-8,5,5,1,0,-13,-19,-12,-31,-21,1,4,-15,-16,hello
14.280108451843262,-6,17,16,17,15,5,-2,-5,-33,-17,0,1,-21,-15,hello
14.280108451843262,0,19,15,14,12,3,0,-4,-25,-19,6,-1,-11,-10,hello
14.295235872268677,0,26,21,28,8,6,-3,-5,-24,-13,12,-3,-2,-3,hello
14.295235872268677,-9,20,17,39,9,23,8,1,-7,7,4,-7,-5,0,hello
14.310410261154177,-11,0,-5,13,0,14,22,5,14,14,-5,-8,-12,0,hello
14.310410261154177,0,-7,-19,-5,-15,-12,10,5,14,4,-3,-7,-3,3,hello
14.325998783111572,6,-2,-10,-7,-18,-16,-4,9,15,8,-2,0,6,13,hello
14.325998783111572,4,-2,-7,-9,-14,-2,2,13,35,31,-2,4,11,20,hello
14.3411283493042,12,0,-4,2,-4,2,9,14,38,42,7,12,22,23,hello
14.3411283493042,26,5,6,9,0,-3,-4,2,8,6,4,22,17,15,hello
14.35724139213562,20,4,0,-5,-4,-14,-20,-16,-17,-32,-4,15,0,-4,hello
14.35724139213562,0,-2,-7,-23,-5,-16,-24,-22,-28,-29,0,0,-10,-19,hello
14.373347043991089,-17,-12,-7,-19,-7,-4,-14,-17,-33,-9,-5,-21,-18,-20,hello
14.373347043991089,-19,-10,-3,2,-5,6,5,-9,-22,-4,-19,-29,-21,-10,hello
14.38903832435608,-1,5,16,29,12,18,26,1,4,1,0,-8,-3,8,hello
14.38903832435608,4,10,20,31,18,26,33,3,19,21,15,0,10,16,hello
14.404426336288452,-14,-13,-4,-1,7,14,23,0,11,21,-4,-10,-1,5,hello
14.404426336288452,-20,-29,-22,-24,6,4,16,8,11,9,-14,-11,-5,-3,hello
14.420039653778076,0,-14,-19,-20,7,10,15,16,14,3,-9,-4,3,-2,hello
14.420039653778076,1,1,-11,-17,0,2,-3,5,1,-6,-19,-2,0,-3,hello
14.436042547225952,-1,0,-5,-13,0,-11,-19,1,1,-10,-14,0,-1,-1,hello
14.436042547225952,14,3,13,4,7,-4,-8,18,24,10,16,18,21,10,hello
14.451211929321287,26,11,24,14,7,5,1,17,27,16,28,34,33,14,hello
14.451211929321287,13,3,3,-9,0,-4,-8,-5,-1,-14,6,18,10,0,hello
14.467303991317747,3,-1,-1,-27,-6,-13,-20,-15,-24,-29,1,1,-4,-11,hello
14.467303991317747,11,25,22,8,0,0,-8,-10,-21,-9,17,2,1,-10,hello
14.483053922653198,12,47,36,46,16,20,13,0,-2,1,10,8,-6,0,hello
14.483053922653198,-4,15,15,23,13,19,24,8,11,8,-11,2,-19,6,hello
14.498284101486206,-20,-22,-16,-10,-7,-7,10,0,0,6,-13,-7,-12,-1,hello
14.498284101486206,-23,-22,-22,-17,-20,-30,-16,-8,-10,-13,-11,-6,-11,-9,hello
14.514286518096924,-11,-18,-19,-17,-24,-35,-30,-5,-6,-21,-17,-7,-14,-7,hello
14.514286518096924,0,-15,-15,-18,-17,-27,-31,-6,-19,-18,-8,-8,-9,-11,hello
14.529961109161375,0,4,2,0,0,-4,-23,-11,-29,-18,19,4,1,-17,hello
14.529961109161375,0,19,16,19,6,3,-6,-5,-10,-1,34,14,12,-3,hello
14.546072721481323,6,19,20,31,5,-1,-2,-6,-8,11,17,2,3,9,hello
14.546072721481323,4,17,14,37,8,10,-3,-17,-21,2,-3,-15,-13,-1,hello
14.561803579330444,-14,-3,-5,14,3,23,6,-11,-6,8,-14,-19,-16,-6,hello
14.561803579330444,-23,-30,-30,-21,-9,18,20,6,18,24,-13,-15,-3,8,hello
14.577182531356812,-19,-30,-35,-26,-6,17,30,14,24,26,-7,-18,7,11,hello
14.577182531356812,-13,-16,-15,-10,0,16,30,14,20,18,-10,-19,0,5,hello
14.592430114746094,4,-8,0,-2,-7,3,21,20,26,12,-12,-7,-3,10,hello
14.592430114746094,25,0,2,-1,-4,-4,11,25,34,5,0,14,16,20,hello
14.608441352844238,25,0,1,-7,6,-10,1,17,21,0,10,31,31,21,hello
14.608441352844238,16,0,-4,-15,0,-18,-13,2,-6,-5,0,21,25,11,hello
14.623985290527344,14,2,-2,-13,0,-17,-19,0,-16,-10,-4,15,17,0,hello
14.623985290527344,19,6,12,-3,12,-8,-3,1,0,-2,14,20,21,0,hello
14.639116764068604,18,12,15,0,7,-5,-3,-4,3,-1,30,13,12,-1,hello
14.655184030532835,5,20,9,1,0,-3,-20,-17,-16,-16,23,0,-6,-11,hello
14.655184030532835,-4,19,10,12,7,1,-14,-21,-25,-17,12,-6,-14,-19,hello
14.655184030532835,-9,13,24,19,8,5,0,-18,-23,-7,-1,-13,-22,-16,hello
14.67093586921692,-9,5,23,21,2,11,9,-10,-16,0,-12,-17,-23,-7,hello
14.687597274780272,-11,-2,0,20,8,25,25,2,8,9,-10,-12,-11,-2,hello
14.687597274780272,-23,-11,-15,2,2,25,23,5,16,11,-14,-12,-13,-3,hello
14.687597274780272,-28,-20,-19,-12,-12,8,7,0,0,4,-30,-20,-22,-4,hello
15.977346181869509,22,17,17,11,-9,-19,-17,-15,-20,-31,13,26,6,-12,hello
15.977346181869509,23,30,23,22,0,-16,-17,-22,-36,-23,23,20,6,-6,hello
15.992790222167969,18,23,21,18,0,-4,-13,-26,-48,-37,12,8,-2,0,hello
15.992790222167969,3,13,3,21,4,0,-13,-23,-46,-53,-15,-13,-21,-15,hello
16.008100509643555,-8,15,0,21,11,0,-18,-16,-33,-38,-23,-20,-29,-20,hello
16.008100509643555,-4,11,7,15,7,8,-16,-8,-17,-7,-5,-14,-13,-8,hello
16.024029970169067,0,5,7,15,8,15,-5,0,-5,3,0,-11,-6,0,hello
16.024029970169067,-8,5,-2,9,13,8,8,5,3,9,-14,-11,-20,1,hello
16.039427757263184,-16,-4,-18,-3,5,12,22,6,12,27,-19,-17,-23,2,hello
16.039427757263184,-13,-15,-14,-4,4,22,32,13,22,42,-8,-20,-7,10,hello
16.055011749267578,-9,-11,-3,5,15,21,39,19,35,37,-3,-18,0,13,hello
16.055011749267578,-22,-19,-20,-9,8,12,33,14,26,26,-22,-29,-12,0,hello
16.07614755630493,-31,-33,-34,-34,-11,0,17,6,11,20,-34,-36,-17,-9,hello
16.07614755630493,-5,-22,-20,-29,-8,-6,5,11,18,15,-6,-13,11,5,hello
16.07614755630493,17,-4,0,-17,2,-2,0,17,19,9,22,19,37,25,hello
16.08561658859253,5,-6,-4,-23,-4,-9,0,2,2,3,14,20,29,14,hello
16.100828170776367,-9,-18,-18,-37,-19,-30,-12,-11,-6,-5,-5,3,7,-7,hello
16.100828170776367,1,-16,-11,-39,-18,-29,-22,-3,-4,-14,-7,6,0,-10,hello
16.11721158027649,19,4,10,-20,-8,-10,-9,6,0,-12,8,20,12,-2,hello
16.11721158027649,22,21,29,4,0,-6,-6,0,-7,-9,21,31,21,0,hello
16.13244128227234,24,24,34,20,9,-5,-17,-7,-11,-9,25,33,20,0,hello
16.13244128227234,24,31,36,33,13,8,-9,-4,-1,-2,34,31,15,2,hello
16.147949695587158,8,23,36,38,6,12,0,-5,3,2,32,18,1,2,hello
16.147949695587158,-9,2,14,30,-1,3,-4,-15,-7,0,1,-6,-16,-10,hello
16.163663625717163,-20,3,0,20,2,10,-2,-12,-11,-14,-22,-22,-28,-12,hello
16.163663625717163,-22,4,-3,20,4,24,14,-4,-3,-15,-28,-24,-31,0,hello
16.179431200027466,-19,-11,-18,9,-4,13,17,-3,2,0,-33,-20,-27,0,hello
16.179431200027466,-18,-17,-24,-11,-8,0,5,0,5,6,-29,-10,-21,-2,hello
16.194962978363037,-21,-15,-30,-16,-7,9,6,13,6,-2,-29,-24,-23,-2,hello
16.194962978363037,-20,-24,-37,-16,-8,7,3,14,1,-10,-37,-35,-27,-3,hello
16.211002349853516,-9,-22,-25,-18,-6,-14,-15,0,-2,-12,-13,-7,0,-5,hello
16.211002349853516,5,-3,-10,-15,-6,-23,-24,1,-4,-1,29,18,31,-4,hello
16.227070808410645,16,9,-2,-14,-3,-14,-17,9,-8,8,40,22,30,1,hello
16.227070808410645,24,10,2,-7,2,-16,-11,0,-6,0,29,19,24,4,hello
16.243122577667236,31,15,20,6,7,-16,-5,-9,-2,-16,26,21,27,1,hello
16.243122577667236,32,22,34,12,9,-1,2,-11,-2,-10,26,19,18,5,hello
16.25925087928772,15,25,23,18,16,7,1,-13,-8,5,17,2,5,0,hello
16.25925087928772,0,20,18,24,16,9,0,-8,-13,13,2,-10,0,-6,hello
16.27525782585144,3,13,27,27,8,21,15,-2,-5,16,-1,-9,-2,6,hello
16.27525782585144,3,11,21,27,7,24,25,-4,7,14,-3,-9,-10,18,hello
16.290210962295532,-8,6,2,17,7,14,14,0,7,11,-22,-29,-19,0,hello
16.290210962295532,-15,-14,-14,-3,-5,5,5,9,1,8,-33,-28,-24,-10,hello
16.305294036865234,-10,-26,-16,-18,-15,-7,8,10,6,4,-18,8,-20,8,hello
16.305294036865234,-4,-17,-13,-19,-8,-8,16,14,19,9,-5,16,-2,19,hello
16.320979595184326,-7,-20,-17,-25,-9,-1,9,20,19,12,-11,-1,6,3,hello
16.320979595184326,-6,-22,-19,-25,-15,-15,-7,10,2,-12,-3,12,6,-9,hello
16.33703875541687,4,0,-3,-7,0,-17,-2,-1,-8,-30,17,27,13,-4,hello
16.33703875541687,0,10,15,4,12,13,8,0,1,-2,10,6,7,2,hello
16.35244059562683,-14,-9,-1,-3,-1,21,4,7,19,28,-1,-4,6,4,hello
16.35244059562683,-4,-13,-23,-22,-7,-6,-16,0,13,14,18,11,19,3,hello
16.36783480644226,0,2,-6,-17,3,-16,-33,-22,-13,-14,23,5,4,-12,hello
16.36783480644226,-15,4,7,7,1,1,-20,-23,-15,-11,-9,-25,-20,-23,hello
16.383585453033447,-7,-5,0,5,-1,1,0,3,6,2,-13,-13,-7,2,hello
16.383585453033447,17,0,-2,-11,4,-21,-8,7,6,-5,12,19,17,14,hello
16.39877939224243,18,15,12,0,4,-22,-26,-17,-15,-15,12,14,6,-5,hello
16.39877939224243,2,11,17,20,1,10,-2,-19,-13,-3,-5,-4,-15,-8,hello
16.41402292251587,-7,-11,-7,9,0,12,20,6,2,0,-9,-8,-10,0,hello
16.41402292251587,-9,-22,-27,-21,-9,-16,-2,13,-4,-13,-7,0,1,-5,hello
16.429219722747803,-3,-2,-12,-14,-10,-13,-14,-2,-17,-14,-3,0,1,-13,hello
16.429219722747803,8,21,14,26,-1,11,8,0,-10,-1,8,-5,0,-3,hello
16.445318937301636,14,27,28,42,4,15,18,11,1,3,7,-6,-3,9,hello
16.445318937301636,6,19,21,26,11,9,17,0,4,8,-8,-6,-11,7,hello
16.46100354194641,0,8,9,7,12,13,18,-6,-1,11,-14,-9,-15,3,sil
16.46100354194641,0,-7,-3,-2,-1,24,17,5,-4,5,-19,-16,-14,4,sil
16.476043224334717,-6,-21,-18,-11,-15,13,10,16,9,1,-25,-16,-8,0,sil
16.476043224334717,1,-10,-7,-12,-8,-9,0,11,20,2,0,7,11,-1,sil
16.491191625595093,23,20,15,5,9,-4,-5,0,10,1,30,32,32,4,sil
16.491191625595093,11,25,19,21,17,8,0,-8,-5,-4,13,15,11,10,sil
16.50632953643799,-13,-10,-6,1,3,0,3,-4,-1,1,-14,-11,-7,7,sil
16.521979808807373,-8,-25,-26,-20,-10,-9,-3,6,13,12,-7,-5,10,1,sil
16.521979808807373,-3,-6,-10,-17,-6,-14,-18,-3,3,0,6,13,12,-8,sil
16.521979808807373,-12,-2,-7,-14,-3,-24,-30,-24,-21,-18,6,4,-6,-21,sil
16.53706955909729,-9,-7,-15,-22,-5,-18,-28,-13,-17,-13,12,-1,0,-19,sil
16.553173065185547,2,12,9,0,5,1,-9,3,3,0,22,14,14,0,sil
16.553173065185547,11,27,34,32,16,14,7,-1,0,0,23,16,6,8,sil
16.56840968132019,11,12,21,25,16,15,18,-8,-9,3,9,-1,-10,7,sil
16.56840968132019,0,-3,-1,4,8,15,30,2,7,10,-10,-14,-11,7,sil
16.584046602249146,-8,-9,-9,-2,-3,8,21,12,21,9,-13,-9,-3,9,sil
16.584046602249146,-6,-17,-16,-14,-9,0,3,8,11,9,-5,-5,-2,5,sil
16.599257707595825,-6,-28,-27,-24,-10,-2,1,9,0,9,-10,-17,-10,1,sil
16.599257707595825,-6,-25,-20,-30,-11,-8,-9,14,0,-5,-15,-11,-9,5,sil
16.615294933319092,0,-7,-8,-29,-9,-16,-27,10,2,-14,0,4,5,-1,sil
16.615294933319092,2,8,0,-10,-2,-12,-18,6,-3,-1,13,1,3,-11,sil
16.631012678146362,0,17,20,21,1,5,3,-2,-13,2,4,-2,-9,-5,sil
16.631012678146362,-5,12,20,23,-3,13,7,-16,-14,-6,-19,-3,-10,0,sil
16.646034717559814,-12,0,0,0,-8,3,5,-14,-5,0,-28,-6,-10,0,sil
16.646034717559814,-2,-1,-3,1,0,-1,14,5,14,21,-6,0,1,4,sil
16.661384344100952,13,8,2,9,6,-1,10,15,29,16,16,23,27,13,sil
16.661384344100952,17,10,6,0,2,-9,-7,1,8,-18,19,34,24,0,sil
16.677108764648438,13,11,12,7,0,-14,-16,-12,-23,-33,8,16,1,-20,sil
16.677108764648438,9,17,21,24,9,-1,-9,-16,-30,-16,-4,2,-6,-14,sil
16.69221329689026,-2,2,10,17,13,4,6,-12,-14,3,-8,-4,-4,-3,sil
16.69221329689026,-19,-25,-9,0,1,0,10,-7,4,17,-7,-18,-10,-2,sil
16.707446575164795,-17,-26,-11,-9,-4,6,0,0,14,21,-10,-19,-11,3,sil
16.707446575164795,7,-1,-3,-1,0,14,-1,9,17,13,0,-3,6,15,sil
16.723363876342773,17,8,0,3,0,0,-3,14,11,-4,20,11,19,15,sil
16.723363876342773,10,8,-2,-6,-3,-10,-10,5,2,-15,26,8,15,4,sil
16.738972425460815,16,16,4,0,4,0,-3,-1,0,-6,22,-2,14,1,sil
16.738972425460815,13,16,17,20,14,10,3,-4,-5,1,8,-13,2,3,sil
16.754055976867676,-9,0,0,18,3,9,4,-10,-17,-4,-20,-24,-21,-9,sil
16.754055976867676,-17,-10,-20,-1,-1,7,12,-4,-12,-2,-27,-16,-27,-15,sil
16.7697594165802,-5,-14,-16,-9,3,10,18,13,14,8,-4,4,-3,1,sil
16.7697594165802,-6,-13,-18,-16,-7,-1,0,8,14,-2,3,11,10,6,sil
16.785313606262207,-9,-1,-7,-21,-21,-20,-23,-7,-14,-21,-1,12,4,-11,sil
16.785313606262207,1,10,14,-3,-8,-13,-12,-2,-15,-11,5,12,-4,-14,sil
16.800793886184692,3,9,17,7,6,9,13,6,4,9,3,4,-13,3,sil
16.800793886184692,-11,-3,-5,-7,4,20,27,4,12,20,-16,-13,-13,10,sil
16.81633758544922,-19,-19,-29,-29,-7,9,8,9,15,16,-23,-18,-2,3,sil
16.81633758544922,-6,-16,-20,-29,-7,-13,-16,17,12,8,-8,3,11,6,sil
16.83241319656372,9,4,-3,-8,1,-21,-14,6,0,2,11,12,20,2,sil
16.83241319656372,9,14,6,3,2,-14,-11,-15,-19,-20,10,1,2,-13,sil
16.84705400466919,0,6,17,7,0,-2,-14,-27,-29,-35,-8,-4,-22,-19,sil
16.84705400466919,-7,2,15,21,2,11,2,-10,-8,-5,-8,-3,-13,-8,sil
16.86306881904602,-5,2,11,24,6,14,19,9,14,25,7,6,3,11,sil
16.86306881904602,5,-6,8,10,0,0,12,9,12,26,11,11,7,24,sil
16.879206657409668,10,-12,0,3,-4,-9,-5,7,6,14,8,4,13,18,sil
16.894776105880737,5,-2,0,5,0,-6,-16,7,12,7,14,12,23,7,sil
16.894776105880737,15,7,9,9,4,-3,-13,-2,9,-4,22,25,24,5,sil
16.894776105880737,29,18,22,15,8,-5,-3,-10,-2,-19,26,22,17,6,sil
16.90997052192688,18,28,21,20,13,-2,0,-4,-7,-11,16,4,7,-3,sil
16.90997052192688,-10,16,2,13,8,6,0,-6,-9,6,-11,-18,-13,-16,sil
16.92520499229431,-27,-8,-12,0,-5,11,8,-12,-11,1,-32,-30,-29,-14,sil
16.92520499229431,-16,-18,-18,-15,-10,4,22,0,-1,-1,-30,-25,-26,-2,sil
16.940335035324097,-5,-17,-25,-31,-1,2,15,14,6,5,-23,-19,-23,-4,sil
16.955907344818115,-6,-15,-32,-32,0,9,-3,6,1,-6,-19,-17,-15,-12,sil
16.955907344818115,5,-6,-13,-14,0,5,-8,-3,-7,-17,2,0,5,0,sil
16.971027374267578,15,3,9,-3,6,-6,-4,-1,-14,-11,24,14,13,5,sil
16.971027374267578,0,6,7,-8,-1,-8,-7,-2,-17,-14,12,2,0,-7,sil
16.986178398132324,-9,5,10,3,-7,0,-5,-6,-8,-12,-2,0,-6,-8,sil
16.986178398132324,-1,2,16,23,0,4,10,0,15,18,0,0,3,4,sil
17.001935958862305,-1,-9,6,12,-3,0,19,11,31,36,1,0,9,9,sil
17.001935958862305,-7,-18,-3,-10,-11,3,13,12,28,25,-3,4,4,13,sil
17.017524242401123,-2,-13,-16,-15,-7,1,1,8,15,4,-6,4,4,10,sil
17.017524242401123,1,-4,-16,-17,-8,-16,-23,1,-4,-26,-8,2,2,0,sil
17.03297257423401,8,7,1,-7,-11,-25,-36,-11,-19,-34,5,12,3,-7,sil
17.03297257423401,17,26,14,16,1,-12,-19,-10,-14,-6,27,19,10,-3,sil
17.049010515213013,6,27,15,23,14,3,-2,4,-6,11,20,13,6,0,sil
17.049010515213013,-9,11,7,15,12,17,6,0,-4,12,-1,-5,-6,-7,sil
17.06451678276062,-6,3,5,19,6,24,18,-11,-1,16,-9,-11,-6,-1,sil
17.06451678276062,0,-4,0,16,6,17,26,6,8,20,-3,2,7,13,sil
17.080090761184692,-10,-23,-17,-12,1,1,16,21,15,15,-7,1,10,7,sil
17.080090761184692,-7,-17,-17,-26,-1,-9,0,12,6,-3,-12,0,0,-3,sil
17.095221042633057,16,16,2,4,4,-11,-2,0,-6,-22,4,12,0,0,sil
17.095221042633057,14,26,14,28,13,-4,-6,-13,-19,-30,10,4,-6,-2,sil
17.11134123802185,-15,0,5,13,5,0,-8,-21,-24,-22,-18,-27,-25,-19,sil
17.11134123802185,-19,-11,-8,-4,-5,0,2,-6,-4,-1,-28,-33,-22,-8,sil
17.127402305603027,0,-7,-4,-7,-3,-4,10,8,21,15,-3,-4,-1,16,sil
17.127402305603027,6,-8,2,-2,0,-7,6,12,27,22,8,3,15,15,sil
17.14265489578247,7,-8,-2,-5,-1,-4,0,10,10,17,6,1,18,5,sil
17.14265489578247,9,0,-7,-20,-5,-7,-14,-5,-11,-3,21,9,14,0,sil
17.15834665298462,2,3,-1,-20,-11,-14,-27,-22,-27,-30,27,8,4,-9,sil
17.15834665298462,-4,0,12,0,-3,-1,-17,-13,-25,-27,2,-4,-12,-12,sil
17.173784255981445,-2,-5,12,8,3,17,8,1,-2,5,-13,-14,-17,-3,sil
17.173784255981445,-2,-6,0,-4,-2,19,16,5,19,25,-5,-13,-11,2,sil
17.189542055130005,-11,-13,-12,-16,-8,14,6,3,19,16,-9,-13,-12,2,sil
17.189542055130005,-10,-22,-21,-17,-6,14,1,3,9,10,-19,-11,-2,1,sil
17.205281496047974,1,-2,-8,-8,1,12,-1,4,8,7,0,7,19,3,sil
17.205281496047974,11,27,10,5,7,11,-10,5,7,-1,24,25,28,1,sil
17.221092224121094,15,25,17,13,5,8,-18,-1,-11,-12,21,26,14,0,sil
17.221092224121094,12,13,17,18,9,0,-14,-11,-26,-11,11,20,1,0,sil
17.23741126060486,0,11,15,30,15,-6,6,-6,-12,0,1,6,-5,-3,sil
17.23741126060486,-9,2,12,24,5,-6,25,5,4,8,-15,-3,-11,0,sil
17.252877712249756,-3,-9,-1,2,-8,-8,27,12,15,13,-19,0,-3,4,sil
17.252877712249756,1,-14,-16,-8,-7,-15,18,15,19,14,-3,9,13,8,sil
17.268325090408325,2,-12,-15,-12,-5,-20,5,6,10,-1,4,9,12,6,sil
17.268325090408325,7,2,-9,-15,-7,-23,-8,-6,-3,-25,6,1,0,-1,sil
17.284326791763306,11,22,6,-4,-1,-22,-16,-5,-10,-30,9,5,-2,-6,sil
17.284326791763306,4,17,12,9,0,-10,-14,-8,-19,-21,-1,-1,-10,-14,sil
17.30014133453369,-8,0,-2,7,-5,7,-5,-14,-21,-15,-20,-24,-28,-21,sil
17.30014133453369,-17,-3,-4,3,2,28,11,2,1,2,-16,-21,-23,-3,sil
17.315143585205078,-5,-3,2,11,14,27,19,18,29,27,-5,-10,1,13,sil
17.315143585205078,1,-12,-7,1,5,-1,0,4,23,15,-5,-10,3,8,sil
17.331047296524048,-3,-10,-18,-17,-7,-21,-16,-6,0,-9,2,0,4,0,sil
17.331047296524048,-2,5,-6,-11,-3,-14,-16,-4,-15,-11,17,8,14,-1,sil
17.346463203430176,-2,9,12,7,3,4,-8,-8,-18,0,9,-3,0,-5,sil
17.346463203430176,-11,-1,8,17,2,23,10,-6,-5,15,-4,-17,-13,-7,sil
17.36202311515808,-13,-13,-6,1,-1,23,16,1,0,25,-6,-13,0,0,sil
17.36202311515808,-8,-22,-17,-32,-6,8,8,-1,-2,22,-2,-9,3,10,sil
17.37755560874939,-4,-23,-18,-40,-7,4,4,2,2,16,-5,-10,-1,13,sil
17.37755560874939,6,-11,-2,-12,-1,0,-1,14,9,-1,-12,-2,-2,1,sil
17.392935752868652,11,2,3,5,0,-17,-11,12,4,-19,-4,9,5,-9,sil
17.392935752868652,11,13,3,1,0,-16,-11,7,2,-12,17,25,17,0,sil
17.40902853012085,24,18,14,5,6,0,-2,0,3,0,26,34,26,10,sil
17.40902853012085,28,13,18,16,7,3,-6,-15,-1,-9,19,18,17,0,sil
17.424535036087036,8,15,23,25,0,2,-14,-12,-5,-21,10,6,0,-11,sil
17.424535036087036,0,20,25,33,8,13,1,-2,-4,0,0,4,-7,-8,sil
17.439706087112427,-3,-1,4,13,14,18,18,-4,-2,22,-13,-4,-15,0,sil
17.439706087112427,-16,-23,-18,-18,-1,-1,8,1,9,12,-15,-10,-10,7,sil
17.455352783203125,-9,-9,-12,-18,-12,-22,-8,15,20,-2,3,1,12,13,sil
17.455352783203125,9,10,7,0,-4,-19,-21,2,5,-4,21,18,18,9,sil
17.471147537231445,4,16,6,12,3,0,-10,-15,-11,-1,12,6,0,-5,sil
17.471147537231445,-16,5,-6,6,3,14,17,-4,-5,6,-11,-11,-12,-3,sil
17.48720097541809,-18,-18,-22,-12,-3,13,27,12,3,8,-19,-8,-7,9,sil
17.48720097541809,0,-12,-20,-16,-11,-6,13,7,-7,-10,-10,0,0,0,sil
17.503010749816895,12,12,7,4,-3,-14,1,-6,-21,-23,-5,-3,-15,-12,sil
17.503010749816895,1,2,9,14,1,6,9,-1,-12,-1,-10,-16,-30,-3,sil
17.519147396087646,-8,-13,-7,3,-2,18,19,14,18,22,-10,-14,-10,11,sil
17.519147396087646,0,-3,-1,-3,0,0,4,13,32,19,-1,0,7,7,sil
17.534690141677856,2,-2,-5,-14,-7,-23,-21,-8,0,-7,-2,-3,-7,-14,sil
17.534690141677856,-12,-14,-21,-29,-19,-26,-34,-17,-35,-33,-10,-10,-16,-26,sil
17.550463914871216,-12,-6,-10,-20,-11,-16,-28,-5,-22,-32,-5,-4,0,-20,sil
17.550463914871216,4,11,6,-5,2,-14,-21,2,-1,-14,4,2,6,-7,sil
17.566092252731323,14,18,12,0,6,-7,-12,-1,-5,-1,13,9,4,-2,sil
17.566092252731323,6,17,12,16,11,14,0,-9,-8,-2,18,4,15,-3,sil
17.581250190734863,-6,12,13,21,19,29,10,-7,-1,-2,10,0,16,0,sil
17.581250190734863,-4,0,11,11,16,26,20,2,3,19,1,0,7,10,sil
17.59736442565918,3,-8,5,15,7,25,24,4,11,37,1,0,1,14,sil
17.59736442565918,0,-5,3,15,6,19,18,-1,15,26,3,2,-1,16,sil
17.61244773864746,-3,-9,0,0,3,2,13,3,22,22,0,0,4,16,sil
17.61244773864746,0,-17,-6,-11,-4,0,14,15,31,21,-6,-1,10,11,sil
17.628018617630005,0,-13,-12,-12,-6,2,13,15,22,1,-6,3,12,7,sil
17.628018617630005,8,-5,-11,-7,-3,-7,0,5,0,-6,1,9,14,9,sil
17.643590688705444,20,-2,1,-3,-5,-19,-17,0,-2,0,8,16,12,10,sil
17.643590688705444,15,3,1,-2,-4,-11,-17,1,9,-1,14,15,13,0,sil
17.659409999847412,0,9,-10,-10,-5,-8,-22,-5,-1,-12,15,6,7,-12,sil
17.659409999847412,-2,9,-5,-7,-14,-14,-24,-15,-27,-19,8,1,-8,-21,sil
17.674436569213867,0,10,10,9,-9,-11,-5,-12,-31,-28,0,0,-20,-16,sil
17.674436569213867,-4,15,17,24,12,1,13,-4,-24,-30,-18,-11,-23,-2,sil
17.689961671829224,0,17,12,28,14,8,14,-1,-15,-7,-28,-21,-24,1,sil
17.689961671829224,3,10,15,25,0,3,1,1,-4,12,-8,-6,-16,0,sil
17.705573081970215,-1,1,12,20,0,8,0,-2,0,13,8,4,-5,1,sil
17.705573081970215,-4,-1,-6,10,5,16,9,-4,6,14,0,-9,-6,5,sil
17.720974683761597,-10,-10,-19,-14,-1,-1,4,3,11,14,-12,-21,-14,1,sil
17.720974683761597,-25,-26,-28,-42,-16,-26,-12,10,9,0,-17,-18,-15,-8,sil
17.73704504966736,-19,-30,-26,-47,-15,-21,-13,13,2,-15,-14,-8,-10,-7,sil
17.73704504966736,0,-23,-10,-31,1,0,0,10,5,-6,-6,0,3,2,sil
17.75298762321472,-2,-18,-13,-26,4,0,-3,0,12,2,-1,-1,21,-2,sil
17.75298762321472,-9,-2,-12,-26,-10,-12,-18,-9,-5,-11,1,-2,16,-16,sil
17.768296480178833,3,22,11,0,-10,-2,-7,-14,-18,-19,9,6,8,-9,sil
17.768296480178833,21,32,33,22,10,20,13,-6,-5,0,21,24,18,9,sil
17.784323692321777,18,22,31,22,14,15,11,0,-1,5,24,28,19,12,sil
17.784323692321777,4,13,18,27,0,10,9,-4,-8,0,8,5,1,5,sil
17.80043315887451,5,8,13,30,8,29,19,-3,2,14,-4,0,-2,17,sil
17.80043315887451,9,0,-2,9,15,19,18,3,16,29,-3,8,2,16,sil
17.81596541404724,-2,-13,-24,-12,-1,-10,2,6,9,19,-7,0,-3,-2,sil
17.81596541404724,-9,-21,-19,-20,-10,-10,-7,0,-1,0,-8,-3,-2,-5,sil
17.831068515777588,0,-11,-6,-10,0,0,-6,-2,-1,-15,8,8,8,-1,sil
17.831068515777588,3,6,0,7,7,-12,-6,2,0,-19,24,15,10,-6,sil
17.845956802368164,2,11,6,14,4,-19,-9,8,4,-11,18,4,9,-7,sil
17.845956802368164,0,7,9,11,-3,-8,-10,7,6,-2,6,-8,4,-4,sil
17.861564874649048,0,12,16,15,-1,12,2,9,17,13,1,-3,0,3,sil
17.877180099487305,4,8,17,20,7,25,17,11,28,30,0,3,2,13,sil
17.877180099487305,-4,-9,4,10,4,16,9,0,15,20,-7,-8,-2,6,sil
17.89238691329956,-7,-14,-10,2,-6,6,2,-13,-3,1,-25,-32,-21,-6,sil
17.89238691329956,6,-5,-13,2,-6,3,3,-6,-7,-2,-28,-26,-24,-2,sil
17.9081289768219,5,-8,-6,-6,-3,-7,-1,0,-7,-1,-13,-1,-11,13,sil
17.9081289768219,0,-9,-3,-14,-6,-19,-9,-2,-10,-5,-8,1,-4,9,sil
17.92413902282715,10,7,0,-10,-3,-19,-13,-9,-24,-23,-6,0,-12,-13,hello
17.92413902282715,9,17,-5,-9,1,-16,-11,-8,-24,-27,10,9,-5,-20,hello
17.939411878585815,0,5,-8,-15,0,-18,-8,2,-6,-6,25,20,14,-7,hello
17.939411878585815,0,-1,2,-15,-2,-16,-10,2,-8,-10,11,13,7,-5,hello
17.955084800720215,-13,0,0,-6,-3,-4,-7,-4,-22,-26,-8,-5,-15,-17,hello
17.955084800720215,-33,-5,-10,1,1,7,3,0,-6,-2,-6,-8,-12,-9,hello
17.97049641609192,-24,-11,-2,4,1,21,18,0,18,34,5,0,10,5,hello
17.97049641609192,-14,-13,-5,-9,-7,21,16,-16,5,25,-5,-13,10,5,hello
17.98646068572998,-22,-21,-18,-24,-10,0,-7,-18,-19,-11,-29,-26,-5,0,hello
17.98646068572998,-12,-20,-17,-12,-12,-13,-17,0,-6,-12,-18,-8,1,4,hello
18.001500844955444,15,0,2,0,-9,-7,-3,23,28,12,12,22,25,26,hello
18.001500844955444,30,14,12,-1,4,-1,4,28,36,14,24,30,31,32,hello
18.017348289489743,27,17,9,9,14,-3,1,13,9,-5,16,12,16,6,hello
18.017348289489743,15,19,17,21,10,-2,-4,-5,-18,-19,6,7,-1,-10,hello
18.032214879989624,12,25,24,19,14,8,0,-13,-17,-12,8,10,-6,-6,hello
18.032214879989624,14,25,26,22,18,20,8,-9,-1,9,11,3,-5,-4,hello
18.04847240447998,1,8,20,21,8,17,13,0,7,21,0,-9,-12,-6,hello
18.04847240447998,-4,-1,8,14,7,14,16,6,14,15,-9,-9,-16,-2,hello
18.064095497131348,1,5,8,17,13,20,20,7,20,9,-3,0,-5,3,hello
18.064095497131348,-1,0,-3,9,0,13,17,6,14,11,-2,-1,0,2,hello
18.084229707717896,-9,-14,-23,-18,-14,-5,2,9,5,0,-4,-7,-3,0,hello
18.084229707717896,0,-9,-16,-23,-8,-10,-5,4,7,-1,1,2,2,3,hello
18.084229707717896,7,-12,-17,-12,-5,-8,-2,0,9,12,7,6,16,4,hello
18.095094919204712,-3,-22,-27,-25,-17,-12,-11,2,2,8,5,-1,6,-5,hello
18.11029601097107,-11,-11,-15,-30,-20,-16,-24,-1,-3,-10,6,-4,-3,-18,hello
18.11029601097107,-8,-1,2,-12,-8,-17,-25,-14,-13,-23,2,-2,-4,-15,hello
18.126351833343502,-9,0,10,5,4,-9,-14,-15,-24,-23,-2,-2,-7,-7,hello
18.126351833343502,-7,2,4,18,5,-3,0,-13,-24,-11,-2,-9,-7,-6,hello
18.14194083213806,-3,1,9,13,-1,-6,-2,-20,-31,-6,-9,-9,-11,-2,hello
18.14194083213806,-9,-1,18,5,0,2,-3,-21,-30,-5,-17,-11,-16,1,hello
18.157059907913208,-13,-1,4,6,11,19,9,-3,-5,1,-21,-13,-15,1,hello
18.157059907913208,-2,-5,-11,0,2,19,16,18,13,1,-29,-3,-11,8,hello
18.172610759735107,3,-12,-15,-15,-13,7,14,26,19,3,-20,0,4,14,hello
18.172610759735107,3,-7,-15,-18,-9,-8,4,18,26,8,5,4,24,14,hello
18.18815970420837,16,5,-1,-8,4,-15,-4,16,25,1,20,22,29,18,hello
18.18862223625183,27,17,10,6,11,-10,-2,20,14,0,25,24,26,14,hello
18.20425772666931,17,19,0,8,3,-10,-1,5,3,4,27,10,21,0,hello
18.20425772666931,12,16,2,4,-1,-8,-11,-14,-7,-1,18,10,6,-7,hello
18.219414949417114,9,17,23,15,7,6,-4,-17,-10,-4,5,4,-12,-5,hello
18.219414949417114,-5,14,10,25,14,18,10,-19,-11,0,-4,-19,-22,-14,hello
18.23552799224853,-16,7,-4,19,5,15,8,-20,-16,-1,-5,-22,-21,-20,hello
18.23552799224853,-12,3,7,13,1,12,6,-9,-10,1,0,-2,-15,-6,hello
18.251489639282227,-7,-5,0,7,-2,5,8,4,3,12,-4,-7,-7,4,hello
18.251489639282227,1,-16,-9,-9,-6,-4,-4,9,9,11,-2,-1,9,14,hello
18.2661681175232,14,-10,0,-15,0,-6,-14,7,10,16,18,26,31,20,hello
18.2661681175232,8,-2,-1,-10,-3,-11,-9,5,10,12,19,30,26,9,hello
18.281293630599976,-4,-6,-13,-20,-9,-20,-7,3,0,-17,4,15,4,-7,hello
18.281293630599976,-8,-8,-16,-23,-3,-8,0,0,-8,-28,1,-1,-4,-16,hello
18.296430587768555,-16,-4,-7,-11,-1,6,4,-1,-11,-15,-10,-19,-16,-20,hello
18.296430587768555,-24,-8,0,-4,-6,4,1,-3,-10,-6,-31,-27,-29,-17,hello
18.311984300613403,-14,-8,1,0,-1,6,5,-3,-8,0,-31,-23,-26,-10,sil
18.311984300613403,-9,-5,4,3,3,13,8,-1,-3,6,-22,-15,-22,-5,sil
18.32706022262573,-6,-10,3,-2,-1,7,1,2,9,5,-13,-8,-5,0,sil
18.34303379058838,4,-11,1,-10,0,0,-4,11,19,8,1,8,21,11,sil
18.34303379058838,21,3,8,-4,4,-2,-2,14,18,16,18,23,25,17,sil
18.34303379058838,27,22,17,10,7,0,0,4,12,10,26,20,14,11,sil
18.358593463897705,13,21,17,26,10,18,4,-11,0,-4,10,0,-1,6,sil
18.358593463897705,-5,2,0,25,7,28,11,-9,-3,0,-11,-20,-15,2,sil
18.373350858688354,-7,-6,-17,0,-2,6,13,9,10,15,0,-13,0,6,sil
18.38910460472107,0,-3,-14,-15,-8,-15,1,14,14,5,21,3,25,12,sil
18.38910460472107,2,-2,-11,-4,-6,-20,-10,3,2,-10,15,7,20,3,sil
18.40425658226013,11,7,0,1,3,-18,-8,0,0,-9,7,13,5,-2,sil
18.40425658226013,18,23,16,3,7,-10,-2,-2,0,-5,11,16,9,1,sil
18.42137122154236,2,16,15,9,0,-1,-7,-21,-23,-11,0,0,-2,-1,sil
18.42137122154236,-13,-2,3,7,-8,1,-4,-22,-34,-8,-24,-18,-28,-11,sil
18.43604588508606,-6,-15,-12,-3,-13,-1,11,1,-13,0,-30,-18,-27,-5,sil
18.43604588508606,-2,-19,-17,-17,-9,-6,5,11,2,-4,-19,2,-5,6,sil
18.451446294784542,-1,-7,-12,-17,0,-7,-6,-1,-2,-7,0,17,13,3,sil
18.451446294784542,11,6,-1,-6,0,-13,-10,-11,-14,-7,13,14,19,-9,sil
18.46747088432312,12,12,16,5,0,-15,-14,-14,-22,-14,15,12,8,-14,sil
18.46747088432312,-3,10,17,19,7,3,-8,-9,-11,-4,8,0,-4,-4,sil
18.48297119140625,-12,-2,0,11,8,18,4,4,9,14,-7,-10,-12,4,sil
18.48297119140625,-8,-16,-11,-15,0,6,1,13,19,5,-8,-3,-1,0,sil
18.4990131855011,-4,-3,-8,-11,1,-6,-11,8,9,-4,9,4,8,-9,sil
18.4990131855011,-2,12,7,18,12,1,-5,0,-1,5,12,-1,-1,-12,sil
18.51437830924988,0,2,9,23,18,29,22,1,8,24,10,-10,-5,-4,sil
18.51437830924988,-5,-10,0,3,10,37,30,13,24,26,6,-12,1,8,sil
18.529646635055546,-18,-13,-10,-5,-7,10,6,7,16,14,-16,-13,-4,9,sil
18.529646635055546,-19,-18,-21,-9,-19,-13,-9,-3,7,3,-28,-8,-16,1,sil
18.54534339904785,0,-17,-17,-19,-14,-13,-9,0,8,0,-6,6,-9,1,sil
18.54534339904785,14,0,0,-13,-8,-12,-7,5,4,-7,11,14,3,2,sil
18.56099843978882,21,23,22,9,1,-8,-3,0,-2,-12,17,17,11,1,sil
18.56099843978882,17,30,30,20,13,10,8,-2,-7,-1,16,15,12,2,sil
18.57725501060486,2,7,17,12,10,20,19,2,-7,3,0,0,0,4,sil
18.57725501060486,-1,-8,2,0,0,5,18,7,2,2,-20,-12,-12,10,sil
18.592304944992065,9,0,-7,-10,-3,-16,0,3,7,-2,-14,-6,0,7,sil
18.592304944992065,5,6,-6,-17,-5,-26,-22,-10,-13,-22,2,3,15,-5,sil
18.60739636421204,-14,2,-2,-12,-7,-17,-14,-18,-28,-24,1,-2,0,-15,sil
18.60739636421204,-22,-3,-9,-2,-6,0,8,-4,-11,0,-14,-24,-19,-15,sil
18.623226642608643,-9,-12,-17,-9,-3,-1,7,9,9,11,-9,-18,-4,0,sil
18.623226642608643,5,-5,-14,-14,0,-11,-10,3,8,-6,18,4,25,8,sil
18.63850235939026,9,11,0,2,6,0,-16,-7,-5,-22,19,4,16,-2,sil
18.63850235939026,2,5,7,21,5,21,0,0,-2,-4,0,-8,-3,-6,sil
18.65400719642639,0,-9,-1,19,0,19,17,11,11,25,-6,-5,0,7,sil
18.65400719642639,-3,-12,-4,-1,0,5,7,3,11,21,-10,5,-4,11,sil
18.669191122055054,0,-9,-3,-12,-2,0,-3,-7,5,4,-8,12,-4,7,sil
18.669191122055054,7,0,-3,-6,-5,-10,-9,-4,-5,0,3,17,6,3,sil
18.68491268157959,7,13,3,0,-7,-19,-17,-4,-25,-14,10,19,1,-11,sil
18.68491268157959,12,15,13,7,-1,-5,-12,-9,-22,-18,13,14,-2,-14,sil
18.70030951499939,12,10,26,14,8,11,3,-7,-6,-4,12,10,-2,4,sil
18.70030951499939,-2,5,18,16,10,22,18,0,0,5,0,-2,-13,4,sil
18.715458631515503,-6,5,7,15,11,28,23,5,7,17,-3,-10,-15,0,sil
18.715458631515503,0,0,10,9,10,15,16,11,15,27,-6,-2,-8,14,sil
18.7309684753418,-10,-14,-10,-9,-3,-4,2,12,18,16,-13,-7,-4,9,sil
18.7309684753418,-14,-18,-24,-21,-7,-8,-8,11,15,4,-6,-8,11,0,sil
18.747509479522705,11,3,3,-2,2,-10,-9,5,4,2,9,12,29,6,sil
18.747509479522705,23,11,17,11,1,-23,-12,-7,-9,-11,16,22,25,0,sil
18.763343572616577,7,5,4,9,-5,-26,-18,-14,-14,-25,11,8,12,-15,sil
18.763343572616577,0,7,1,10,-3,-19,-11,-8,-8,-18,-6,-10,0,-14,sil
18.778395414352417,-10,-2,0,5,-5,-8,-4,-5,-4,-8,-21,-25,-22,-14,sil
18.778395414352417,-32,-22,-15,-5,-6,10,0,-6,7,3,-20,-33,-30,-16,sil
18.79435896873474,-32,-23,-27,-10,2,20,9,3,22,19,-12,-25,-13,0,sil
18.79435896873474,-12,-14,-31,-19,2,5,9,13,22,17,-2,-7,1,9,sil
18.80932068824768,3,-12,-27,-30,-8,-10,1,13,11,3,6,6,7,0,sil
18.80932068824768,14,0,-8,-20,0,-7,0,8,0,-4,13,16,6,3,sil
18.82560682296753,5,13,-1,-3,7,4,0,-2,-18,-15,9,5,-8,0,sil
18.82560682296753,-17,10,-7,-4,-3,13,0,-13,-30,-22,-6,-16,-31,-20,sil
18.84059977531433,-11,9,4,1,0,21,12,-8,-16,-4,-10,-12,-26,-9,sil
18.84059977531433,12,14,13,15,13,19,23,6,5,18,0,2,4,17,sil
18.856585264205933,10,1,8,7,3,1,15,10,5,14,-2,7,15,18,sil
18.856585264205933,5,-8,11,-6,-7,-5,4,3,8,6,1,20,18,16,sil
18.87176728248596,28,4,23,-1,2,0,0,5,16,9,23,36,40,28,sil
18.87176728248596,34,19,28,1,6,-7,-13,0,0,-6,26,34,44,19,sil
18.88728141784668,11,14,16,1,-3,-9,-22,-20,-27,-23,11,10,14,-11,sil
18.88728141784668,-1,11,14,16,1,6,-14,-19,-25,-12,2,-3,-12,-19,sil
18.902875185012817,0,14,20,30,10,20,3,0,0,1,-1,-10,-13,-4,sil
18.902875185012817,-8,-2,2,17,-1,8,10,4,14,4,-11,-23,-9,-6,sil
18.91862916946411,-23,-31,-16,-9,-14,-11,0,3,14,9,-17,-23,-10,-10,sil
18.91907811164856,-14,-29,-15,-14,-7,-10,-3,9,18,14,-10,-7,0,2,sil
18.9332492351532,4,-10,-18,-11,-1,-8,-3,7,10,1,0,3,5,6,sil
18.94831323623657,5,-8,-17,-14,-6,-23,-16,-4,-11,-15,3,5,-1,-7,sil
18.94831323623657,-2,-4,-8,-9,-7,-28,-19,-8,-14,-17,3,0,-4,-12,sil
18.96365261077881,-10,6,0,0,-3,-9,-6,-2,-9,-14,-1,-5,-10,-6,sil
18.96365261077881,-4,10,6,10,0,10,10,-1,-5,-2,-5,-5,-16,-3,sil
18.97882914543152,7,10,17,32,9,17,19,0,0,9,-5,-1,-14,9,sil
18.97882914543152,1,1,8,25,6,15,19,6,3,10,-14,0,-16,14,sil
18.99450421333313,-5,-10,-10,0,-1,13,17,12,11,16,-15,-3,-8,1,sil
18.99450421333313,1,-2,-6,-1,2,10,9,8,21,27,6,6,15,4,sil
19.00997519493103,7,8,-3,6,2,-5,-4,-1,12,11,17,20,23,9,sil
19.00997519493103,-1,0,-18,-8,-8,-24,-24,-12,-11,-18,0,17,0,-6,sil
19.026057958602905,-7,-1,-16,-21,-5,-23,-34,-21,-30,-30,-9,3,-11,-17,sil
19.026057958602905,2,15,6,-1,11,-6,-19,-17,-24,-27,5,0,-1,-6,sil
19.041664600372314,12,26,28,25,19,10,4,0,-10,-17,10,6,5,3,sil
19.041664600372314,0,13,16,19,16,19,17,7,-8,1,-5,-8,0,1,sil
19.056888580322266,-19,-6,-8,-3,7,23,16,4,-5,11,-16,-32,-16,-5,sil
19.056888580322266,-15,-12,-9,-5,-2,27,16,8,14,12,-8,-20,-16,-6,sil
19.07214903831482,2,-12,-11,-17,-9,17,22,18,35,19,-1,-5,4,1,sil
19.07214903831482,3,-23,-24,-59,-10,-10,12,21,33,23,-3,-7,19,13,sil
19.08842945098877,-3,-24,-19,-57,-11,-22,-5,16,21,18,9,-1,24,9,sil
19.08842945098877,0,-3,-6,-14,-7,-14,-14,3,6,7,31,12,30,-2,sil
19.104002952575684,10,8,4,-3,4,-13,-17,-8,-7,-3,33,21,28,-2,sil
19.104002952575684,12,7,12,-7,-4,-12,-13,-8,-3,-1,27,18,20,1,sil
19.11920118331909,2,13,21,8,-22,1,-1,-3,1,6,24,7,12,1,sil
19.11920118331909,0,15,22,23,-1,14,9,-6,-4,1,8,0,0,8,sil
19.13466715812683,8,11,25,35,31,20,16,-11,-9,-9,-3,2,-9,16,sil
19.13466715812683,8,11,33,43,29,23,17,-9,-6,-9,-10,3,-17,12,sil
19.150421857833862,-5,-1,5,25,6,12,10,-5,-1,1,-22,-18,-22,-2,sil
19.150421857833862,-15,-18,-24,0,-5,-3,1,0,6,10,-22,-17,-17,-8,sil
19.16611123085022,-10,-14,-13,0,-12,-13,-2,4,12,6,-13,4,-5,-3,sil
19.16611123085022,-8,-15,-10,-1,-17,-24,-16,-1,1,-11,-23,-1,-11,-11,sil
19.181209087371823,-16,-27,-33,-27,-24,-32,-30,-13,-14,-32,-37,-16,-28,-26,sil
19.181209087371823,-11,-23,-31,-33,-29,-27,-27,-12,-20,-36,-25,-6,-26,-19,sil
19.1972885131836,3,-1,1,-4,-20,-15,-24,-1,-32,-35,-8,7,-20,-7,sil
19.1972885131836,19,22,24,25,0,-2,-20,-2,-38,-30,5,12,-14,-6,sil
19.21253514289856,27,40,33,40,16,7,4,-3,-18,-7,18,13,0,3,sil
19.21253514289856,20,41,38,39,30,18,29,3,0,11,14,10,0,13,sil
19.228236436843872,5,23,18,27,31,32,33,8,2,16,3,-2,-1,4,sil
19.228236436843872,0,-2,-6,5,18,29,28,11,12,25,3,-4,13,5,sil
19.24331974983216,-1,-19,-14,-14,3,13,19,14,29,39,4,3,23,15,sil
19.24331974983216,-8,-15,-26,-21,-5,4,6,12,28,33,-3,-2,15,7,sil
19.25898599624633,-10,-13,-34,-28,-6,-5,-8,13,13,8,-7,-7,13,2,sil
19.25898599624633,-5,-18,-27,-35,-4,-18,-14,18,18,0,3,0,31,3,sil
19.2741801738739,-3,-1,-9,-28,-2,-16,-16,14,29,7,21,5,41,2,sil
19.2741801738739,0,19,16,-12,4,-2,-17,0,14,-2,25,14,26,0,sil
19.290075302124023,13,19,24,2,8,2,-12,-16,-9,-19,17,14,10,-1,sil
19.290075302124023,14,12,22,17,6,2,-8,-23,-17,-7,18,10,1,-1,sil
19.30517768859864,1,15,18,26,5,7,2,-20,-10,6,13,0,-12,0,sil
19.30517768859864,-14,5,2,13,-1,10,13,-13,-7,-2,-17,-22,-32,-10,sil
19.3213050365448,-28,-18,-18,-6,-14,3,14,-2,-3,0,-33,-34,-38,-15,sil
19.3213050365448,-25,-29,-24,-14,-16,-1,14,6,6,19,-14,-21,-23,-2,sil
19.337374687194824,-8,-18,-14,-17,-10,-5,2,0,0,3,-5,-3,-9,4,sil
19.337374687194824,0,-10,-8,-16,-8,-16,-17,-7,-17,-23,-13,-4,-2,2,sil
19.35333895683289,2,-8,-8,-9,-3,-19,-16,0,-19,-15,-1,2,4,5,sil
19.35333895683289,14,3,5,0,8,-9,-3,1,-16,-1,20,22,10,7,sil
19.36897325515747,24,18,23,22,15,2,0,-8,-14,-7,24,19,9,4,sil
19.36897325515747,15,9,25,34,13,17,12,1,5,0,10,4,1,11,sil
19.384361028671265,-1,-9,8,17,4,30,41,22,30,30,0,-3,-2,14,sil
19.384361028671265,-7,-12,-6,-5,-5,19,46,26,29,38,-11,-12,-7,1,sil
19.399969339370728,-7,-13,-13,-16,-14,-9,17,13,15,10,-24,-9,-10,-5,sil
19.399969339370728,-1,-12,-18,-15,-16,-23,-8,-1,4,-6,-19,1,3,-4,sil
19.415460348129272,12,8,0,-10,0,-10,-13,-5,-4,-8,6,15,18,0,sil
19.415460348129272,13,23,21,0,5,0,-17,-9,-12,-19,19,16,14,-2,sil
19.431485176086422,-1,7,9,1,-9,-11,-33,-18,-15,-34,4,0,6,-12,sil
19.431485176086422,-5,0,3,-1,-8,-15,-40,-17,-18,-31,-9,-6,-2,-22,sil
19.44760298728943,-2,10,9,7,6,5,-22,-6,-13,-17,-9,-1,-16,-23,sil
19.44760298728943,-8,10,5,15,8,16,-7,-2,-3,-4,-10,-4,-19,-10,sil
19.46315741539001,-12,-2,-4,8,0,1,-9,-7,0,0,-13,-12,-9,-1,sil
19.46315741539001,-8,-9,-11,-1,-5,-7,-7,-4,0,3,-8,-9,-4,0,sil
19.478413820266724,0,-10,-10,-4,0,1,7,17,17,20,0,8,2,15,sil
19.478413820266724,17,-6,-12,-7,9,9,18,32,37,33,10,15,24,29,sil
19.49381446838379,21,1,-14,-20,0,-8,4,18,22,7,23,18,31,15,sil
19.49381446838379,9,13,0,-16,-4,-26,-4,-3,-6,-16,24,20,13,0,sil
19.50940012931824,1,17,18,13,5,-5,8,-7,-11,-4,9,5,-3,-3,sil
19.50940012931824,-3,9,13,22,12,21,21,-3,-8,0,-2,-4,-13,-1,sil
19.52550387382508,-8,5,-1,11,10,20,23,-7,-13,-7,-1,-3,-14,-2,sil
19.52550387382508,-9,9,2,14,12,12,15,-11,-11,0,0,-5,-15,-5,sil
19.541381120681763,-6,7,13,18,9,16,10,-6,-6,10,0,-7,-11,-4,sil
19.541381120681763,-4,0,2,6,0,15,13,0,-1,14,-1,-10,0,1,sil
19.556862115859985,-13,-9,-11,-7,-3,2,3,-2,3,13,-6,-18,0,3,sil
19.556862115859985,-14,-11,-15,-3,0,-4,-9,-3,5,13,-10,-22,-8,1,sil
19.57295513153076,2,-4,-6,1,0,0,-3,9,5,12,-6,-10,-1,12,sil
19.57295513153076,6,-6,4,-3,-6,6,0,9,7,11,-1,0,11,20,sil
19.588991165161133,-3,-21,-7,-15,-6,0,-5,0,1,0,-11,-8,10,9,hello
19.588991165161133,-3,-24,-19,-20,-7,-9,-5,4,-5,-12,-21,-9,4,0,hello
19.604344844818115,2,-10,-7,-12,-12,-11,-1,12,6,-7,1,7,14,0,hello
19.604344844818115,8,-2,5,-10,-11,-18,-9,8,12,1,29,20,20,1,hello
19.619596004486084,11,-8,4,-24,-10,-30,-21,-2,-10,-18,10,17,0,-2,hello
19.619596004486084,7,-6,0,-21,-17,-25,-20,-13,-24,-42,-10,7,-15,-16,hello
19.63521933555603,5,15,10,9,-10,-2,-7,-9,-11,-26,7,12,-5,-13,hello
19.63521933555603,12,32,21,26,8,7,0,-3,0,1,22,11,3,-5,hello
19.650413751602173,9,18,13,15,13,3,-9,-10,-14,1,6,-1,-3,-13,hello
19.665552854537964,0,1,11,15,8,13,-6,-13,-15,3,-6,-6,-14,-15,hello
19.665552854537964,-5,-1,5,23,3,23,16,1,14,30,-4,-10,-8,0,hello
19.68076539039612,-11,-7,-11,-1,-5,0,16,14,27,29,0,-7,3,9,hello
19.68076539039612,-10,-8,-22,-27,-3,-21,-5,11,9,-3,0,8,11,6,hello
19.6962366104126,5,10,-11,-8,7,-14,-13,1,2,-13,4,14,14,0,hello
19.6962366104126,10,22,13,18,12,2,1,-2,1,-1,7,6,6,-3,hello
19.711211681365967,-4,3,9,17,11,21,24,2,1,2,-5,-5,-5,1,hello
19.711211681365967,-19,-16,-18,-5,10,24,27,10,18,5,-19,-10,-6,10,hello
19.7270667552948,-9,-14,-24,-21,-2,2,14,12,32,15,-2,1,8,10,hello
19.7270667552948,9,0,-4,-19,-12,-14,1,6,13,5,18,13,14,0,hello
19.743128776550293,4,2,4,-15,-2,-7,-14,-11,-18,-16,2,4,-5,-13,hello
19.743128776550293,-10,-3,-6,-7,5,6,-13,-23,-26,-16,-20,-19,-20,-14,hello
19.75848960876465,-4,-2,4,12,6,22,8,-10,-13,0,-16,-17,-18,0,hello
19.75848960876465,2,10,29,34,14,33,18,0,-1,2,-2,-2,-15,6,hello
19.774429321289062,-5,8,14,26,14,23,12,1,-2,1,-3,-11,-18,1,hello
19.774429321289062,-10,-7,-11,-2,-5,-1,4,1,-9,5,-17,-23,-16,0,hello
19.79003596305847,-6,-9,-8,-10,-15,-20,-3,4,-4,3,-14,-9,0,1,hello
19.79003596305847,6,1,14,3,-2,-16,-14,10,7,-3,9,12,18,14,hello
19.805114030838013,22,1,12,4,3,-5,-17,8,7,-5,18,21,23,22,hello
19.805114030838013,19,0,-10,1,-5,-6,-16,0,-1,-5,12,18,22,10,hello
19.820274829864506,15,13,0,7,-4,-16,-19,1,-6,-4,29,26,26,9,hello
19.820274829864506,20,18,18,5,4,-17,-12,0,0,0,39,27,24,11,hello
19.83636713027954,3,5,-2,-15,-7,-16,-11,-15,-3,-9,8,1,-3,-7,hello
19.83636713027954,-19,-1,-12,-18,-21,-14,-17,-23,-23,-27,-22,-17,-26,-26,hello
19.852235317230225,-11,3,4,2,-10,3,1,-5,-23,-8,-13,-16,-9,-14,hello
19.852235317230225,-2,1,12,14,7,25,30,7,0,19,-5,-9,3,3,hello
19.8672935962677,-13,-11,-2,7,9,24,27,0,8,20,-18,-14,-13,0,hello
19.8672935962677,-16,-21,-19,-4,0,15,12,0,6,10,-21,-21,-26,-12,hello
19.88310503959656,-4,-18,-19,-11,0,8,18,9,15,9,-7,-10,-6,-5,hello
19.88310503959656,4,-16,-13,-9,3,-1,19,16,29,20,8,4,19,7,hello
19.89795732498169,-2,-21,-11,-11,0,-10,-5,13,26,28,15,12,18,10,hello
19.89795732498169,-6,-15,-9,-10,-7,-12,-19,0,11,15,1,4,0,0,hello
19.914049863815308,3,1,2,3,0,-14,-4,-4,2,-3,-8,-1,-2,-4,hello
19.914049863815308,8,7,3,0,8,-8,-2,0,2,-13,1,5,2,-3,hello
19.93002963066101,3,2,-10,-15,0,-7,-16,0,-3,-20,11,10,1,-10,hello
19.93002963066101,0,9,-2,-11,-7,-16,-15,0,-14,-23,9,12,5,-10,hello
19.945118188858032,7,20,10,3,0,-10,-7,0,-6,-18,12,10,14,0,hello
19.945118188858032,10,17,4,4,4,-4,-17,-9,-7,-17,15,2,4,-5,hello
19.96108770370484,-5,14,12,5,1,-7,-19,-24,-30,-21,4,-8,-17,-16,hello
19.96108770370484,-17,15,19,14,0,7,3,-25,-36,-18,-11,-17,-25,-8,hello
19.97716856002808,-9,10,12,15,5,29,20,-12,-13,-4,-21,-11,-20,5,hello
19.97716856002808,0,0,14,15,10,26,25,6,5,20,-15,-4,-7,9,hello
19.992332458496094,-2,-4,15,12,8,17,27,18,8,31,-7,-9,0,14,sil
19.992332458496094,-4,-12,3,0,1,20,21,15,11,21,-9,-6,-2,19,sil
20.00761342048645,-1,-14,-10,-5,-1,16,15,13,30,21,-6,2,7,19,sil
20.00761342048645,6,-8,-1,-6,-1,0,7,19,37,26,4,11,25,22,sil
20.023305892944336,20,1,13,2,0,-3,3,22,32,23,18,26,32,24,sil
20.023305892944336,23,12,2,11,2,-1,1,16,28,10,23,29,30,13,sil
20.03911089897156,4,7,-18,-4,-2,-14,-16,-4,5,-18,8,10,11,-6,sil
20.03911089897156,-3,0,-23,-21,-12,-25,-37,-26,-25,-36,-8,-5,-6,-20,sil
20.05475163459778,4,6,-9,-4,-6,-14,-33,-19,-31,-27,-3,3,-6,-18,sil
20.05475163459778,0,7,1,9,4,8,-13,-6,-25,-23,2,2,-5,-16,sil
20.07029676437378,-16,-7,-1,5,2,28,3,-5,-18,-14,-7,-17,-17,-19,sil
20.07029676437378,-18,-14,-2,4,0,27,15,-5,-8,8,-17,-20,-29,-11,sil
20.090327739715576,-11,-22,-9,1,-2,0,15,-3,-4,12,-19,-20,-31,-7,sil
20.091327667236328,-6,-33,-18,-18,-13,-24,6,-1,-8,0,-22,-24,-28,-8,sil
20.101973056793213,5,-19,-7,-27,-17,-26,-1,1,-1,2,-14,-4,-10,1,sil
20.101973056793213,13,2,3,-15,-4,-29,-6,8,13,4,12,16,17,14,sil
20.11717104911804,6,10,1,-5,5,-22,-9,10,8,-4,30,15,28,10,sil
20.11717104911804,0,14,-1,2,7,-2,-11,-6,-13,-10,22,2,11,-4,sil
20.13236117362976,1,20,12,12,8,-1,-14,-24,-27,-17,8,-2,-8,-14,sil
20.13236117362976,0,17,25,17,14,0,4,-9,-8,-10,1,-3,-7,-6,sil
20.147940158844,-9,3,9,13,13,19,30,16,23,24,-5,-10,0,5,sil
20.147940158844,-13,-9,-6,2,1,21,20,17,31,36,-10,-18,0,10,sil
20.16403794288636,3,-5,-4,1,-2,2,6,9,22,16,5,-4,13,14,sil
20.16403794288636,16,5,-1,2,-1,-3,5,11,10,8,28,26,32,19,sil
20.17941927909851,11,11,-1,-7,-7,-7,-13,1,-4,4,29,33,26,14,sil
20.17941927909851,4,12,5,-7,-8,-8,-27,-16,-24,-17,7,5,6,-1,sil
20.19497275352478,-7,9,13,8,-1,6,-6,-15,-34,-25,-17,-12,-13,-13,sil
20.19497275352478,-18,0,-1,15,-2,17,11,0,-10,0,-29,-10,-19,-11,sil
20.21097707748413,-8,-11,-19,0,-4,7,2,9,19,18,-19,0,-2,0,sil
20.21097707748413,9,-9,-6,-11,0,-4,-8,5,14,5,0,16,12,5,sil
20.226388454437256,14,4,8,0,0,-5,-3,0,-3,-7,8,16,8,-1,sil
20.226388454437256,0,4,11,17,0,5,5,-1,-7,-4,-2,0,-6,-4,sil
20.241605520248413,-12,-11,6,12,2,22,16,3,1,6,-14,-10,-12,2,sil
20.257269859313965,-13,-21,-7,-14,0,22,17,15,21,7,-10,-11,-4,3,sil
20.257269859313965,-4,-16,-14,-28,0,0,0,13,31,0,0,0,1,0,sil
20.257269859313965,7,0,-10,-12,0,-16,-11,-5,16,-8,8,9,6,-5,sil
20.273239612579346,11,14,0,-2,0,-17,-15,-23,-5,-19,9,5,-1,-9,sil
20.28856873512268,7,11,10,0,2,-6,-12,-22,-6,-23,3,-4,-15,-14,sil
20.28856873512268,2,9,10,13,10,5,0,-11,9,-5,-3,-8,-16,-7,sil
20.30448007583618,-3,4,5,15,12,11,13,-4,3,10,-16,-12,-11,2,sil
20.30448007583618,-4,-14,-7,-1,-5,2,17,5,-12,15,-17,-20,-9,4,sil
20.31953501701355,-4,-28,-20,-16,-16,-7,12,22,-5,18,-5,-7,0,9,sil
20.31953501701355,-2,-14,-15,-14,-3,-14,1,20,7,9,7,10,17,10,sil
20.33556699752808,8,6,2,0,-1,-17,-13,0,-6,-7,17,7,18,0,sil
20.33556699752808,13,15,14,3,-6,-12,-24,-14,-32,-18,18,4,3,-5,sil
20.351295948028564,5,20,16,6,4,0,-14,-9,-31,-12,17,6,6,-3,sil
20.351295948028564,6,26,17,26,16,13,4,-3,-18,1,13,1,7,0,sil
20.366437911987305,0,14,7,25,8,15,17,-4,-7,3,-9,-11,-11,2,sil
20.366437911987305,-24,-12,-14,-10,-5,3,14,1,1,-1,-28,-19,-16,1,sil
20.381972551345825,-10,-16,-11,-26,-4,-7,2,16,9,0,-7,1,6,9,sil
20.381972551345825,21,7,4,-2,4,-12,-10,12,12,2,27,30,27,15,sil
20.397192001342773,17,25,12,12,3,-11,-17,-4,0,-1,25,28,19,4,sil
20.397192001342773,-4,17,15,15,-2,1,-4,-9,-7,4,4,4,-1,-10,sil
20.4128315448761,-8,-7,3,16,-1,22,13,-2,8,13,-7,-8,-15,-6,sil
20.4128315448761,-12,-26,-14,-8,-4,18,10,-1,13,5,-21,-10,-24,0,sil
20.42799425125122,-25,-29,-34,-31,-14,3,1,-6,1,-3,-33,-20,-27,-13,sil
20.42799425125122,-22,-22,-29,-20,-10,-3,0,0,8,0,-23,-16,-15,-13,sil
20.443438053131104,5,-12,0,0,-1,-12,-3,13,24,9,0,13,9,13,sil
20.443438053131104,24,-2,7,0,-4,-15,-6,15,18,3,17,25,27,15,sil
20.45946335792541,16,5,2,-2,-1,-2,-8,0,0,-13,25,14,17,0,sil
20.45946335792541,10,11,8,6,8,0,-10,-5,-5,-12,17,7,0,-1,sil
20.47546529769897,2,7,2,8,8,-10,-10,-7,-10,-9,-4,-9,-11,-10,sil
20.47546529769897,-17,-3,-3,0,3,5,2,-8,-14,-11,-19,-31,-17,-23,sil
20.49163937568665,-17,-9,-2,0,1,25,26,5,4,13,-15,-30,-6,-4,sil
20.49163937568665,0,-8,-9,-6,-5,3,21,14,15,26,-4,-5,13,14,sil
20.507297039031982,5,0,-11,-16,-4,-18,-5,-2,-1,-6,3,6,18,-2,sil
20.507297039031982,4,16,9,-4,11,-2,-10,-13,-11,-11,12,5,6,-13,sil
20.52285122871399,7,27,24,15,16,16,2,-8,-5,12,19,10,7,0,sil
20.52285122871399,5,25,16,27,6,10,1,-3,-5,7,16,5,12,5,sil
20.53810286521912,0,21,16,26,9,5,-7,-6,-11,-7,0,-1,-2,0,sil
20.53810286521912,1,12,14,15,9,13,5,-8,-2,4,-12,-2,-13,7,sil
20.553354501724243,5,-2,0,0,-5,9,23,6,9,15,-14,-1,-5,20,sil
20.553354501724243,-3,-19,-4,-14,-13,-7,10,17,11,7,-12,1,-4,18,sil
20.569383144378666,-11,-34,-9,-26,-14,-18,-12,3,10,-7,-9,3,-6,3,sil
20.569383144378666,0,-27,-10,-31,-10,-14,-16,-2,3,-20,0,6,1,-2,sil
20.58531594276428,7,-1,-4,-16,-1,-10,-12,8,-1,-16,10,10,12,-3,sil
20.58531594276428,-1,5,-10,-2,-4,-18,-17,2,-10,-17,8,7,3,-11,sil
20.60143160820008,-6,1,-2,0,-6,-20,-20,-13,-26,-29,0,0,-16,-18,sil
20.60143160820008,-2,9,13,14,4,2,-3,-15,-21,-18,0,-7,-19,-15,sil
20.617623567581177,-3,12,12,29,12,25,19,-1,0,7,0,-3,-9,-3,sil
20.617623567581177,2,5,0,20,14,27,29,12,15,23,1,2,-1,13,sil
20.632185697555546,11,-3,-10,0,9,14,21,14,18,27,0,-1,3,21,sil
20.632185697555546,0,-16,-21,-17,-6,0,1,10,12,20,-7,-2,7,9,sil
20.64805793762207,2,-8,-18,-9,-7,-11,-11,16,16,15,7,8,21,4,sil
20.64805793762207,28,19,7,14,8,-20,-11,13,19,13,29,26,33,11,sil
20.66334700584412,28,20,24,22,7,-22,-12,-9,-6,-5,22,25,14,0,sil
20.66334700584412,-6,-1,10,7,-4,-8,-11,-29,-36,-21,-1,-7,-15,-22,sil
20.6789345741272,-28,-12,-2,-11,-7,7,4,-22,-27,-7,-13,-32,-27,-18,sil
20.6789345741272,-22,-15,-4,-11,-14,11,18,-4,-1,8,-17,-29,-19,-5,sil
20.69495820999145,-16,-15,-4,-3,-17,14,12,1,4,6,-19,-17,-12,-2,sil
20.69495820999145,-22,-14,-11,-4,-5,17,9,3,6,9,-17,-19,-9,2,sil
20.711002111434937,-17,-15,-17,-14,0,11,6,11,20,4,-15,-17,-1,7,sil
20.711002111434937,3,-5,-3,-16,0,0,-7,14,26,-9,-3,12,13,9,sil
20.72602581977844,16,10,6,-4,5,-3,-8,7,20,-2,17,25,29,6,sil
20.72602581977844,7,14,-4,-4,2,-10,-7,-6,-4,-7,14,3,14,-8,sil
20.74199151992798,1,11,-4,-11,-3,-21,-25,-27,-32,-36,-2,-1,-17,-22,sil
20.74199151992798,7,10,10,5,3,-9,-23,-21,-28,-21,1,6,-15,-16,sil
20.75804567337036,6,13,22,29,15,19,6,0,-11,11,10,3,5,-3,sil
20.75804567337036,-3,18,10,27,11,25,24,3,-3,8,-7,-4,0,2,sil
20.773360013961792,-6,4,-7,3,0,3,15,10,11,6,-20,-4,-10,13,sil
20.773360013961792,0,-16,-11,-16,-2,-10,3,23,28,18,-3,3,3,22,sil
20.78935194015503,5,-6,-11,-16,-3,-14,-5,11,16,6,16,13,25,13,sil
20.78935194015503,8,18,2,-1,0,-8,-7,-3,-9,-5,25,19,25,5,sil
20.8049955368042,3,9,21,13,4,6,8,0,-11,13,14,1,3,2,sil
20.8049955368042,-10,-23,6,3,5,8,17,0,2,19,-12,-21,-21,0,sil
20.82041096687317,0,-24,-8,-13,0,-8,-7,-7,3,-13,-16,-5,-19,-1,sil
20.82041096687317,30,11,11,5,0,-11,-25,-9,-9,-36,17,20,2,-7,sil
20.836260557174683,19,24,26,27,8,6,-4,-5,-14,-14,23,10,-2,-10,sil
20.836260557174683,-11,-2,2,1,7,7,8,5,3,10,-9,-8,-12,0,sil
20.85202169418335,-4,-14,-18,-26,-13,-16,-9,5,7,-3,-20,-5,0,1,sil
20.85202169418335,5,2,-5,-12,-21,-20,-15,-9,-20,-28,-6,-2,-1,-10,sil
20.867183208465576,-3,5,1,17,-1,8,10,-6,-12,-5,-5,-12,-16,-13,sil
20.867183208465576,-10,-10,-5,15,9,30,22,10,23,36,-6,-12,-5,0,sil
20.882431268692017,-18,-18,-14,0,2,23,18,19,26,39,-4,-8,6,11,sil
20.882431268692017,-18,-10,-16,-1,0,4,19,21,17,19,-5,-7,2,11,sil
20.89795470237732,3,-1,-6,1,3,-1,9,11,16,9,9,8,12,12,sil
20.89795470237732,16,0,0,-4,0,0,-2,-5,0,0,26,22,28,5,sil
20.91313409805298,8,6,3,-8,-1,-9,-11,-7,-18,-12,22,20,17,-3,sil
20.91313409805298,7,18,14,2,0,-20,-17,-8,-15,-14,15,13,4,-7,sil
20.929392099380493,1,18,11,7,-6,-16,-12,-21,-12,-8,5,-1,2,-10,sil
20.929392099380493,-16,-4,0,-7,-10,-2,-2,-21,-15,-3,-21,-14,-18,-11,sil
20.945451736450195,-20,-21,-6,-13,-2,1,5,-7,-3,0,-41,-21,-28,-5,sil
20.945451736450195,-7,-19,-12,-9,-7,0,8,1,8,-1,-29,-18,-9,8,sil
20.96151089668274,0,-12,-13,-16,-18,-5,0,8,11,1,-4,-1,8,18,sil
20.96151089668274,9,0,-2,-12,-4,-7,-13,9,7,3,9,16,14,13,sil
20.977133750915527,17,17,15,2,13,0,-16,-4,-4,-14,13,25,9,2,sil
20.977133750915527,12,17,10,0,5,5,-13,-13,-14,-29,13,12,-3,-12,sil
20.99296736717224,-3,9,-1,-6,0,0,-10,-2,-16,-17,4,-5,-11,-19,sil
20.99296736717224,-16,10,4,10,10,1,0,1,-15,-4,-9,-18,-13,-16,sil
21.008288860321045,-16,7,3,23,17,23,14,-2,-9,-4,-14,-27,-21,-14,sil
21.00865936279297,-11,-2,-3,14,8,31,22,2,1,6,-10,-20,-21,-5,sil
21.02425527572632,-3,-9,-2,5,0,9,19,19,26,33,-1,-1,3,11,sil
21.02425527572632,2,-11,-6,0,-3,-13,0,26,34,33,3,7,19,17,sil
21.039825439453125,8,-7,-11,-7,-3,-17,-18,15,15,6,8,13,16,15,sil
21.039825439453125,19,10,1,0,2,-7,-9,0,4,-1,18,24,20,14,sil
21.05578756332397,23,30,23,18,9,-2,0,-10,-3,-1,22,26,14,3,sil
21.05578756332397,13,28,18,22,8,1,-3,-18,-25,-15,17,7,0,-10,sil
21.07080078125,2,11,7,15,10,11,3,-14,-23,-12,9,-9,2,-3,sil
21.07080078125,-2,-5,10,9,8,12,17,2,8,11,-3,-12,0,5,sil
21.087204456329346,-13,-22,-12,-3,-11,4,14,11,18,16,-18,-25,-14,-3,sil
21.087204456329346,-26,-36,-36,-28,-20,0,11,6,4,6,-21,-30,-16,-6,sil
21.10330104827881,-18,-35,-28,-35,-12,-2,17,4,14,15,-14,-13,-2,5,sil
21.10330104827881,-1,-25,-18,-30,-14,-10,2,11,29,18,-4,2,9,9,sil
21.11942934989929,5,-14,-8,-28,-12,-12,-20,4,14,-2,0,5,4,-1,sil
21.11942934989929,12,0,5,-14,0,-4,-20,-14,-11,-25,5,11,-5,-15,sil
21.134992122650143,20,18,25,10,2,-3,-16,-24,-31,-32,11,23,-8,-14,sil
21.134992122650143,18,29,40,27,3,-5,-9,-23,-36,-24,7,25,-6,-3,sil
21.1501579284668,1,16,29,24,9,-2,4,-15,-23,-7,-3,11,-9,1,sil
21.1501579284668,-12,-4,5,8,0,3,16,-1,-8,6,-12,-5,-13,1,sil
21.16624975204468,-10,-7,-5,2,-14,6,23,12,2,12,-14,-13,-2,5,sil
21.16624975204468,-1,0,-4,0,-3,0,11,20,18,12,-3,2,15,16,sil
21.181931018829346,7,0,-5,-7,11,-8,-10,21,28,14,18,22,34,22,sil
21.181931018829346,12,2,-10,-6,1,-10,-19,14,16,6,26,15,33,11,sil
21.197575569152832,2,11,-2,-3,-9,-18,-18,0,-5,-13,14,1,13,-4,sil
21.197575569152832,-6,21,2,2,1,-15,-12,-18,-18,-21,3,-7,-5,-18,sil
21.213269233703613,-9,18,4,18,18,11,0,-14,-23,-9,-1,-11,-17,-17,sil
21.213269233703613,-14,0,-1,15,14,29,12,0,-15,2,-11,-14,-17,-8,sil
21.228498458862305,-25,-13,-19,-3,-1,20,14,-2,1,10,-24,-21,-14,-4,sil
21.228498458862305,-23,-12,-23,-8,-7,14,8,-3,11,8,-25,-18,-14,-2,sil
21.24429702758789,-3,-9,-12,-3,-2,13,1,13,20,4,-14,-6,-2,4,sil
21.24429702758789,9,-5,-3,-11,1,-7,-15,17,24,9,7,3,16,6,sil
21.25934410095215,11,6,1,-6,7,-20,-27,0,9,5,24,10,17,0,sil
21.25934410095215,19,18,12,12,4,-5,-13,0,1,-6,23,18,7,0,sil
21.275141954422,31,17,30,22,0,6,0,0,0,-8,18,21,1,11,sil
21.275141954422,14,5,22,13,1,5,-1,-18,-15,-4,5,0,-3,11,sil
21.290215015411377,-15,-5,-7,1,-2,4,1,-25,-27,-8,-22,-26,-20,-2,sil
21.290215015411377,-13,-6,-11,4,-2,12,29,1,-7,7,-32,-28,-28,-7,sil
21.305688619613647,0,-10,-4,3,3,15,45,20,11,28,-19,-19,-20,-2,sil
21.305688619613647,-14,-26,-17,-24,-4,0,17,11,9,8,-19,-17,-14,-5,sil
21.321012258529663,-18,-28,-29,-43,-17,-17,-7,5,7,-7,-10,-7,-1,-7,sil
21.3364679813385,-4,-19,-22,-36,-13,-22,-4,9,8,4,6,3,11,0,sil
21.3364679813385,-3,-18,-13,-31,-11,-19,-9,1,1,-1,8,7,17,2,sil
21.351482391357425,0,-2,-1,-10,-5,-10,-16,-7,0,-14,18,13,24,-2,hello
21.351482391357425,16,26,28,25,14,3,-1,0,4,1,30,23,16,-4,hello
21.366496562957764,13,32,38,40,23,10,3,-3,0,6,13,10,-3,-13,hello
21.366496562957764,-2,18,22,27,16,11,0,-20,-10,-9,0,0,-11,-11,hello
21.38239288330078,-2,-2,16,3,6,15,7,-13,-6,-2,0,12,0,14,hello
21.38239288330078,9,-16,9,-9,-8,6,5,9,4,8,0,18,17,33,hello
21.39837074279785,16,-5,2,2,-13,-17,-17,8,-3,-11,0,15,22,22,hello
21.39837074279785,8,5,-1,11,-8,-27,-23,0,-14,-30,1,13,9,-2,hello
21.413605451583862,2,0,-10,-6,-11,-19,-7,4,-9,-19,0,7,1,-17,hello
21.413605451583862,9,3,-5,-4,-10,-8,-2,8,-7,-8,0,2,-2,-14,hello
21.429484367370605,5,13,6,21,0,4,-3,1,-12,-13,0,-3,-13,-8,hello
21.429484367370605,-8,18,18,31,7,13,0,-7,-10,-12,0,-1,-15,-1,hello
21.44501304626465,-2,25,23,29,11,10,5,-16,-1,2,9,6,0,11,hello
21.44501304626465,5,20,13,24,12,10,9,-13,8,26,13,4,2,22,hello
21.46055269241333,0,3,0,10,10,19,13,5,23,43,8,-1,0,25,hello
21.46055269241333,-4,-6,-15,-4,8,15,12,17,32,41,6,-12,8,14,hello
21.476402759552,-9,-19,-28,-25,-1,0,-3,10,22,23,-3,-22,5,-3,hello
21.476402759552,-7,-18,-20,-38,-5,0,-9,2,12,16,-5,-8,0,-4,hello
21.49195003509521,8,6,-7,-22,7,0,-2,0,5,6,14,6,13,2,hello
21.49195003509521,7,12,-5,-6,9,-7,0,-7,-15,-19,5,-8,0,-7,hello
21.5080349445343,-18,-9,-16,-6,-8,-2,14,-11,-25,-20,-37,-39,-35,-21,hello
21.5080349445343,-31,-21,-23,-12,-15,6,28,4,-6,1,-52,-44,-42,-19,hello
21.5237820148468,-24,-26,-24,-19,-6,10,21,18,14,4,-38,-29,-23,-15,hello
21.5237820148468,-18,-37,-29,-34,-9,3,4,18,18,-3,-27,-16,-10,-13,hello
21.5394024848938,-20,-33,-27,-44,-15,-12,-15,7,1,-7,-20,-6,-9,-13,hello
21.5394024848938,-13,-13,-17,-33,-9,-22,-32,-5,-12,-19,-11,-5,-2,-16,hello
21.55515956878662,1,0,0,-9,1,-20,-33,-11,-12,-28,5,13,14,-6,hello
21.55515956878662,19,7,19,2,7,-15,-25,-15,-15,-20,27,47,31,9,hello
21.57044816017151,26,19,33,19,10,-8,-16,-22,-24,-19,26,44,26,5,hello
21.57044816017151,18,31,40,42,12,-2,-15,-22,-29,-22,17,18,4,-5,hello
21.5863516330719,14,31,37,52,11,5,-7,-11,-18,0,28,12,1,-3,hello
21.5863516330719,23,28,43,45,5,20,13,6,6,27,38,23,17,13,hello
21.600983142852783,27,22,46,42,0,26,32,20,25,23,30,23,19,27,hello
21.600983142852783,15,10,17,40,0,18,27,15,17,4,11,8,4,18,hello
21.6170551776886,-5,2,0,29,2,11,14,0,0,-1,-9,-6,-15,0,hello
21.6170551776886,-15,-6,-2,12,-5,3,19,-2,0,4,-17,-21,-20,-2,hello
21.632244110107425,-7,-21,-22,-9,-11,-10,22,8,10,14,-9,-17,-6,11,hello
21.632244110107425,-2,-24,-31,-27,-3,-14,4,12,21,19,-3,0,7,23,hello
21.64728832244873,-8,-20,-27,-32,-6,0,-9,10,28,21,-2,-2,12,11,hello
21.64728832244873,-1,-13,-21,-28,-7,4,-2,15,25,16,-3,-8,11,4,hello
21.66265726089477,15,5,-10,-16,5,-6,2,14,14,1,0,6,11,9,hello
21.66265726089477,18,20,2,-6,7,-9,-7,-5,-6,-8,13,15,7,0,hello
21.678412437438965,8,16,9,-6,3,-4,-22,-22,-26,-8,17,5,-1,-16,hello
21.678412437438965,1,9,8,-6,9,-7,-24,-21,-21,-19,4,-3,-10,-19,hello
21.693679809570312,-8,0,4,-7,8,-7,-19,-19,-20,-37,-7,-6,-19,-19,hello
21.693679809570312,-20,-4,1,-6,-2,-5,-11,-20,-31,-28,-16,-16,-29,-22,hello
21.70896697044373,-17,4,5,3,0,-5,-5,-13,-24,-7,-20,-22,-30,-15,hello
21.70896697044373,-7,3,10,10,2,4,3,2,-1,3,-12,-9,-17,0,hello
21.72507882118225,-5,-12,0,5,-6,17,23,20,20,29,0,2,8,13,hello
21.72507882118225,-10,-14,-14,-7,-10,7,19,24,29,41,0,3,20,22,hello
21.74034428596497,-8,-10,-23,-18,-5,-1,-1,13,22,16,-11,0,7,11,hello
21.74034428596497,0,-14,-26,-17,-6,0,-1,12,20,0,-7,2,6,0,hello
21.75576090812683,9,-7,-10,-8,-4,0,6,14,17,0,5,15,26,7,hello
21.75576090812683,16,5,0,0,4,-4,-2,0,-4,-13,12,14,26,2,hello
21.771653175354004,6,9,2,4,7,-5,-12,-15,-28,-21,5,1,1,-17,hello
21.771653175354004,0,12,14,15,1,5,-4,-17,-23,-17,-1,-1,-7,-17,hello
21.78736639022827,0,13,18,23,2,18,4,-19,-17,-18,-6,-3,-10,-7,hello
21.78736639022827,-11,2,7,16,4,11,0,-22,-28,-13,-14,-15,-25,-12,hello
21.80342984199524,-19,-4,-3,8,-2,3,1,-16,-26,0,-20,-28,-31,-19,sil
21.80342984199524,-8,-5,-2,2,-6,9,15,5,0,8,-15,-23,-22,-7,sil
21.819318056106567,-8,-17,-6,-8,-3,5,22,22,19,15,-4,-10,-6,5,sil
21.819318056106567,-13,-25,-13,-12,-5,-7,9,18,18,21,0,-2,2,5,sil
21.83525586128235,7,-8,-2,-5,-4,-7,-6,10,13,9,9,9,5,8,sil
21.83525586128235,27,6,4,0,5,-8,-9,11,20,1,23,18,18,16,sil
21.85034227371216,23,12,6,0,12,-13,-7,12,18,9,31,22,32,17,sil
21.85034227371216,18,25,20,5,11,-6,-4,7,11,10,37,27,32,10,sil
21.865832328796387,13,30,18,13,7,-1,-7,0,7,-3,22,17,21,2,sil
21.865832328796387,-4,10,5,6,2,-3,-4,-11,1,-6,-14,-7,-5,-2,sil
21.881288290023804,-12,-2,0,0,1,6,14,-11,3,20,-18,-15,-12,2,sil
21.881288290023804,-2,-3,-1,-3,0,3,11,-1,13,28,7,5,11,16,sil
21.89647340774536,6,-5,-1,-5,-6,-16,-19,-2,0,-10,8,23,19,11,sil
21.89647340774536,7,2,8,1,0,-14,-25,-8,-25,-34,-2,13,3,-8,sil
21.91206216812133,-2,5,15,4,5,9,3,-2,-20,-19,-2,0,-16,-7,sil
21.927161931991577,-6,-11,-6,-2,-14,14,18,6,6,-23,-12,-8,-33,4,sil
21.927161931991577,5,-13,-22,-13,-24,-7,0,5,0,-39,-13,1,-19,0,sil
21.94311046600341,7,1,-2,-12,4,-17,-12,-8,-26,-13,6,9,7,-11,sil
21.94311046600341,-13,-2,-3,-4,11,4,5,-11,-15,19,-4,-19,-9,-17,sil
21.959105014801025,-25,-18,-24,-10,-9,15,7,3,6,13,-32,-37,-30,-9,sil
21.959105014801025,-3,-7,-16,-13,-8,-3,-12,2,3,3,-5,-3,0,-1,sil
21.9744074344635,10,7,2,6,4,-4,-16,-14,-8,1,18,11,9,-7,sil
21.9744074344635,1,7,9,20,3,21,0,-15,-12,2,-7,-10,-22,-8,sil
21.990022897720337,2,4,11,18,2,27,17,-2,0,19,-13,-16,-16,8,sil
21.990022897720337,6,1,2,5,0,7,18,6,14,20,3,0,9,17,sil
22.00517129898072,-3,-12,-13,-12,-8,-8,1,11,17,-2,-4,-1,11,1,sil
22.00517129898072,0,-10,-9,-11,-4,-6,-6,14,16,-11,0,4,24,-1,sil
22.021286487579346,15,13,15,7,12,0,1,12,14,-1,31,25,43,14,sil
22.021286487579346,1,16,16,16,14,0,5,0,2,2,25,19,19,3,sil
22.03743696212769,-22,-1,5,9,5,3,-2,-4,-13,2,-10,-6,-20,-13,sil
22.03743696212769,-25,-6,-2,5,6,14,6,2,-11,7,-19,-18,-18,-7,sil
22.05353426933289,-14,-3,-9,2,6,10,29,14,3,21,0,-12,1,1,sil
22.05353426933289,-5,-10,-5,-5,0,-3,20,18,16,25,1,-1,0,3,sil
22.06875801086425,1,-10,-4,-16,-9,-15,-6,10,16,7,0,5,9,1,sil
22.06875801086425,10,7,0,-16,-7,-27,-25,-4,-3,-13,16,15,27,-2,sil
22.084031581878666,16,25,15,6,4,-24,-23,-19,-22,-11,24,22,15,-3,sil
22.084031581878666,7,14,14,19,7,-3,-5,-24,-26,-4,3,1,-13,-1,sil
22.10415816307068,-8,-4,-1,0,-1,6,6,-13,-19,-16,-15,-15,-25,-2,sil
22.10415816307068,-4,-8,-14,-16,-14,-8,-3,5,-3,-19,-16,-8,-12,0,sil
22.10415816307068,5,-17,-22,-27,-22,-27,-28,1,-2,-10,-14,0,-2,0,sil
22.115026235580444,0,-21,-11,-30,-17,-24,-34,-23,-30,-22,-11,-5,-13,-13,sil
22.131023645401,-3,0,12,-3,-2,-2,-8,-27,-32,-31,-6,-12,-27,-24,sil
22.131023645401,9,18,23,23,4,18,23,1,4,-1,-5,-3,-19,-1,sil
22.14618873596192,11,8,6,20,6,27,41,23,32,29,-12,-1,-1,21,sil
22.14618873596192,0,-3,-8,-1,5,14,25,20,23,13,-13,-6,5,16,sil
22.162405729293823,5,0,-5,-4,0,0,-9,6,4,-15,3,1,12,1,sil
22.162405729293823,16,14,10,18,3,6,-19,0,0,-13,19,9,14,-1,sil
22.177563905715942,13,19,19,27,17,25,3,3,10,10,11,6,5,9,sil
22.177563905715942,8,4,0,13,15,29,25,15,38,33,5,3,12,23,sil
22.19297504425049,3,-4,-14,1,3,21,20,22,55,32,12,12,26,28,sil
22.19297504425049,-5,-3,-8,-8,2,20,2,8,37,17,15,17,22,16,sil
22.20898461341858,-7,-1,-10,-14,0,11,-10,-13,4,2,8,6,7,-5,sil
22.20898461341858,-8,6,-1,0,0,0,-17,-18,-10,-12,5,-2,-4,-14,sil
22.22456336021424,-10,11,16,23,6,17,-1,-14,0,-3,12,0,-6,-1,sil
22.22456336021424,-11,-3,4,12,9,24,14,-2,11,19,5,3,-5,2,sil
22.240302562713623,-20,-23,-23,-24,-5,-25,0,4,11,11,-19,-7,-16,-17,sil
22.240302562713623,-22,-29,-32,-42,-27,-72,-29,-2,1,-12,-19,-13,-14,-29,sil
22.256065845489506,-8,-15,-8,-26,-20,-68,-29,-12,-11,-24,10,12,1,-17,sil
22.256065845489506,0,2,12,-3,0,-50,-14,-15,-24,-27,15,18,0,-18,sil
22.271127700805664,0,8,21,8,2,-26,-9,-17,-33,-19,-5,-4,-16,-21,sil
22.271127700805664,2,10,29,22,3,5,3,-8,-32,-4,-8,-8,-17,0,sil
22.287221908569336,5,7,18,29,4,18,23,6,-21,5,0,-8,-5,11,sil
22.287221908569336,8,-7,-1,4,0,17,27,16,-12,12,-9,-18,-5,8,sil
22.30240631103516,3,-14,-8,-15,0,23,21,20,-3,25,-15,-20,0,10,sil
22.30240631103516,0,-3,-10,-7,2,16,9,22,-4,22,-3,-11,17,13,sil
22.31855797767639,10,4,-5,-1,-5,-1,-4,17,-21,-1,0,0,25,9,sil
22.31855797767639,23,4,-2,-6,-12,-2,-4,4,-31,-16,-1,2,22,5,sil
22.334308385849,14,7,0,-10,-7,1,-7,-10,-39,-18,2,0,5,0,sil
22.334308385849,0,8,3,-1,1,8,-12,-21,-52,-20,0,0,-14,-8,sil
22.349544763565063,-12,0,-5,8,2,20,-4,-17,-55,-21,-18,-8,-25,-13,sil
22.349544763565063,-15,-10,-11,0,-2,21,3,-5,-40,-8,-29,-14,-27,-5,sil
22.365583658218384,-4,0,-6,-5,0,11,9,6,-13,17,-17,-1,-14,8,sil
22.365583658218384,-1,7,-1,-1,5,0,3,15,4,14,0,13,5,16,sil
22.38095426559448,-4,0,-2,-2,5,-5,-10,8,8,-7,17,21,21,8,sil
22.38095426559448,10,1,4,6,10,-9,-13,-4,13,-1,31,25,23,0,sil
22.39714813232422,22,20,25,26,23,-10,-3,-1,20,12,26,19,8,1,sil
22.39714813232422,5,23,24,32,18,1,14,7,31,12,11,-2,-3,3,sil
22.412832021713257,-9,8,2,16,1,19,25,7,52,22,6,-7,0,7,sil
22.412832021713257,-10,-6,-13,1,-4,5,14,1,64,31,0,2,4,4,sil
22.428240060806274,-9,-14,-15,-6,-8,-15,0,1,69,13,-5,1,0,-7,sil
22.428240060806274,1,-10,-5,-16,-8,-7,-8,-2,73,-14,-2,1,0,-10,sil
22.4436194896698,13,-2,0,-21,-2,0,-15,-19,73,-19,4,8,3,-4,sil
22.4436194896698,5,0,3,-9,0,-13,-16,-19,64,-15,7,12,1,0,sil
22.458754301071167,0,-4,11,0,-1,-5,-5,-9,69,-13,4,9,-3,2,sil
22.458754301071167,1,-8,5,-2,-3,11,1,-8,81,-4,-3,-6,-4,1,sil
22.474538803100582,-9,-9,-9,-11,-13,5,0,0,92,12,-6,-15,-2,6,sil
22.474538803100582,-10,-5,-16,-9,-15,-4,2,21,102,26,3,-4,8,18,sil
22.48935627937317,15,6,-2,1,2,-9,-2,18,78,15,18,12,21,16,sil
22.48935627937317,22,16,14,17,15,-3,-10,-4,27,-12,18,7,9,-6,sil
22.50462365150452,-7,2,1,13,5,11,0,-7,0,-25,-8,-24,-19,-25,sil
22.50462365150452,-36,-24,-19,-10,-8,9,14,2,-16,-14,-33,-41,-31,-25,sil
22.520339012146,-31,-30,-20,-17,-14,-4,19,6,-39,3,-30,-30,-18,-18,sil
22.520339012146,-10,-15,-14,-10,-9,-8,8,8,-65,5,-17,-11,-2,-9,sil
22.536436796188354,2,-5,-6,-17,0,-13,-9,2,-108,-10,-6,8,4,0,sil
22.536436796188354,10,0,2,-17,-8,-22,-19,-6,-158,-24,1,20,6,-4,sil
22.55199503898621,11,13,13,0,-8,-19,-18,-6,-187,-25,6,22,0,-14,sil
22.55199503898621,8,29,18,16,10,1,-9,-3,-199,-10,5,10,-2,-8,sil
22.5676167011261,9,30,20,30,25,19,2,-1,-216,4,-5,-4,0,6,sil
22.5676167011261,5,26,23,36,24,22,10,1,-234,13,-13,-5,-7,14,sil
22.583544731140137,1,20,10,27,11,18,20,4,-228,24,-1,-1,-4,16,sil
22.583544731140137,3,0,-3,1,0,14,21,5,-217,21,4,0,5,23,sil
22.59912323951721,-1,-23,-11,-22,-7,0,3,0,-214,7,-5,-3,2,21,sil
22.59912323951721,-5,-21,-15,-28,-11,-18,-12,-4,-197,-4,-1,-2,0,10,sil
22.61435174942017,9,-5,0,-8,0,-11,-5,5,-151,-11,21,16,14,5,sil
22.61435174942017,20,4,11,12,12,4,3,11,-72,2,33,21,24,0,sil
22.629513025283813,3,4,5,2,3,0,-5,-4,-3,9,17,4,3,-7,sil
22.629513025283813,-10,0,4,-2,-4,5,-7,-13,68,-2,2,-3,-10,-8,sil
22.64503312110901,-1,1,14,25,7,33,13,0,200,11,6,0,1,2,sil
22.64503312110901,1,5,10,32,10,32,27,5,346,40,5,0,8,10,sil
22.66016173362732,-5,1,-12,0,-3,0,19,3,527,30,-6,-8,0,0,sil
22.67555952072144,-8,-12,-25,-21,-11,-12,2,10,734,2,-14,-9,-5,-6,sil
22.67555952072144,-6,-24,-23,-23,-9,-5,-11,8,819,-10,-13,0,0,-4,sil
22.69128441810608,-5,-17,-20,-26,-11,-15,-21,-6,1010,-25,-6,1,2,-11,sil
22.69128441810608,-1,1,-8,-21,-11,-30,-26,-15,1274,-34,-2,0,-2,-16,sil
22.70634794235229,1,9,-1,-6,-5,-29,-23,-13,733,-25,0,4,0,-11,sil
22.70634794235229,2,8,2,0,-4,-23,-22,-15,-459,-26,8,14,10,-7,sil
22.72139406204224,4,11,14,8,-15,-17,-17,-14,-965,-23,14,10,9,-5,sil
22.72139406204224,0,8,13,17,-7,1,1,1,-787,6,1,-11,-1,-2,sil
22.7374119758606,-8,0,2,17,21,26,20,14,-774,17,-13,-15,-11,0,sil
22.7374119758606,-6,0,0,17,24,26,23,3,-795,0,-12,-7,-14,1,sil
22.75232720375061,-5,-3,2,9,2,9,16,-5,-620,-5,-10,-12,-19,3,sil
22.75232720375061,-12,-17,-8,-9,0,5,15,4,-468,9,-20,-22,-25,4,sil
22.76730990409851,-7,-19,-17,-20,0,6,13,23,-345,26,-20,-19,-16,3,sil
22.76730990409851,2,-7,-8,-23,-5,-4,-6,27,-220,17,-1,-2,3,3,sil
22.783355236053467,13,-1,-2,-17,-2,-9,-23,9,-129,1,14,7,16,7,sil
22.783355236053467,28,7,5,-1,5,-4,-11,-1,-36,0,29,24,26,19,sil
22.79947805404663,32,21,21,4,5,-4,7,-4,34,-2,37,35,29,19,sil
22.79947805404663,10,20,14,0,-1,-2,0,-21,77,-18,13,10,7,-5,sil
22.81498670578003,-8,15,10,8,0,8,-15,-28,133,-14,-7,-4,-13,-12,sil
22.81498670578003,-3,19,21,25,10,14,-5,-6,185,0,0,8,-4,0,sil
22.83106279373169,-3,10,14,21,10,9,10,4,208,-9,-5,1,-6,-3,sil
22.83106279373169,-22,-14,-2,3,0,10,13,0,219,-11,-24,-19,-25,-20,sil
22.846196174621586,-23,-21,-4,1,-3,11,15,2,235,14,-16,-13,-10,-14,sil
22.846196174621586,-6,-13,0,9,0,9,20,12,244,26,1,1,8,2,sil
22.86207413673401,-1,-14,-5,4,0,11,24,16,233,27,2,-1,4,8,sil
22.86207413673401,-5,-10,-18,-11,0,7,18,18,210,23,-1,-6,5,8,sil
22.877594470977783,0,-2,-17,-13,0,-14,-2,11,173,2,-2,3,15,6,sil
22.877594470977783,10,-2,-12,-3,-4,-32,-17,1,127,-2,0,9,18,2,sil
22.89293313026428,15,0,-6,-3,-5,-28,-23,-3,91,9,8,13,19,6,sil
22.89293313026428,19,13,0,-6,-4,-24,-28,-13,53,-1,21,19,26,7,sil
22.908414363861084,17,13,5,-2,-8,-26,-26,-23,-4,-30,18,14,6,-3,sil
22.908414363861084,0,5,9,2,-6,-8,-7,-24,-48,-32,-8,-5,-33,-18,sil
22.92394542694092,-10,8,2,3,0,17,9,-14,-53,-15,-17,-20,-35,-22,sil
22.92394542694092,-10,5,0,-7,-2,8,7,0,-58,-7,-6,-14,-17,-12,sil
22.93934154510498,-15,-6,4,-11,-6,0,7,4,-74,-2,-8,-11,-20,-1,sil
22.93934154510498,-13,0,1,10,2,16,13,6,-74,8,-13,-14,-16,5,sil
22.95462298393249,1,3,-2,20,11,21,-1,7,-66,11,-3,-1,1,16,sil
22.95462298393249,-2,-16,-12,-5,0,4,-14,10,-67,14,0,2,10,14,sil
22.970356464385983,-13,-27,-19,-26,-4,-2,-11,17,-68,10,1,0,14,6,sil
22.970356464385983,7,-4,-1,-11,5,-2,-10,9,-69,-15,17,12,26,3,sil
22.98544979095459,19,16,15,10,1,0,-8,-6,-80,-28,18,15,18,-2,sil
22.98544979095459,-7,4,7,6,-9,8,7,-12,-89,-9,-9,-6,-14,-9,sil
23.00105786323548,-15,-16,-7,-9,-4,5,12,-12,-72,2,-23,-18,-23,0,sil
23.00105786323548,12,-12,-4,-12,3,-7,-7,-8,-43,0,0,4,7,7,sil
23.01620626449585,26,13,15,6,4,-5,-7,2,-33,7,26,22,29,4,sil
23.01620626449585,4,24,18,23,10,13,22,5,-36,11,11,-4,0,-1,sil
23.03196144104004,-15,7,0,13,13,23,34,1,-18,5,-22,-24,-28,0,hello
23.03196144104004,-3,-3,-11,-1,4,9,24,12,17,18,-9,0,0,5,hello
23.04749369621277,12,4,1,0,1,-7,11,18,26,14,25,17,27,1,hello
23.04749369621277,1,13,10,5,1,-5,0,0,8,-17,9,-2,-2,-15,hello
23.063597917556763,-8,3,0,6,-1,7,0,-11,16,-7,-22,-15,-31,-16,hello
23.063597917556763,0,-11,-2,3,2,7,8,4,45,22,-12,1,-14,3,hello
23.07877922058105,0,-13,-5,-5,-3,-13,-4,8,48,7,2,11,7,8,hello
23.07877922058105,-3,-7,-15,-18,-19,-33,-26,-2,25,-16,0,7,5,0,hello
23.09418821334839,4,-2,-8,-18,-15,-31,-31,-4,15,-19,4,11,3,-3,hello
23.09418821334839,11,6,4,-3,0,-18,-24,0,21,-16,20,16,16,-2,hello
23.1094868183136,1,14,18,11,3,-6,-21,-6,27,-2,25,16,21,1,hello
23.125092029571533,-3,9,19,18,3,9,-13,-16,27,12,12,2,6,-2,hello
23.125092029571533,-2,2,7,19,11,21,2,-9,26,4,-4,-15,-7,-4,hello
23.140757083892822,-9,0,1,16,11,19,18,9,33,6,-9,-13,-2,8,hello
23.140757083892822,-18,-12,-5,2,0,16,17,11,37,25,-7,-13,-2,7,hello
23.157266855239868,-15,-19,-13,-7,-3,21,14,0,25,22,-17,-24,-20,-1,hello
23.157266855239868,0,-3,-10,-2,2,15,21,1,11,7,-23,-26,-23,0,hello
23.17311692237854,8,3,-2,-4,-4,-6,8,1,1,-3,-14,-8,-7,1,hello
23.17311692237854,3,-8,-4,-25,-17,-23,-16,-6,-8,-11,-3,10,2,7,hello
23.17311692237854,8,-4,-11,-28,-9,-15,-10,-1,-11,-10,-4,11,7,14,hello
23.188232421875,18,6,-4,-19,-4,-10,1,6,-19,-21,-11,6,4,3,hello
23.20348834991455,9,4,-3,-23,-13,-24,-8,1,-31,-37,-3,6,6,-16,hello
23.20348834991455,1,7,0,-12,-7,-26,-15,-2,-32,-25,21,13,19,-15,hello
23.219523906707764,12,13,24,16,14,0,0,0,-20,2,35,21,20,3,hello
23.219523906707764,7,5,24,29,17,24,14,0,-9,20,22,15,6,9,hello
23.23503828048706,-11,1,1,21,6,17,5,-6,-13,15,3,2,-9,1,hello
23.23503828048706,-13,3,0,17,3,9,-6,-22,-25,-4,-7,-7,-21,-8,hello
23.25062084197998,-5,2,7,19,8,22,9,-16,-17,-8,-14,-18,-25,-13,hello
23.25062084197998,-6,1,5,13,8,29,33,15,8,14,-10,-13,-15,-2,hello
23.265825748443604,-10,-8,-12,-3,0,13,25,26,24,34,-7,-8,-1,5,hello
23.265825748443604,-19,-26,-30,-17,-11,-5,-3,7,14,15,-19,-15,-4,-5,hello
23.281293630599976,-22,-23,-28,-17,-8,-12,-11,1,2,-13,-21,-17,-11,-11,hello
23.281293630599976,-6,-8,-16,-13,0,-7,-1,12,9,-7,0,-3,4,4,hello
23.297464847564697,10,-4,-9,-11,2,-2,-6,13,16,7,16,15,25,17,hello
23.297464847564697,17,-1,-3,-1,-1,-10,-15,2,4,-3,17,16,25,12,hello
23.31216096878052,19,9,9,3,4,-20,-13,-5,-12,-22,18,12,12,4,hello
23.31216096878052,16,16,18,1,10,-8,-10,-8,-15,-21,21,16,8,0,hello
23.32842278480529,9,17,10,1,0,4,-16,-8,-11,-2,17,12,10,-5,hello
23.32842278480529,9,22,20,17,0,0,-20,-8,-13,15,14,5,6,-4,hello
23.343963384628296,14,19,35,32,10,-3,-7,-10,-10,17,17,3,4,-3,hello
23.343963384628296,2,4,20,21,6,5,2,-11,-3,0,2,-4,-1,-1,hello
23.358991622924805,-15,-1,0,5,0,11,5,-8,1,-2,-25,-19,-17,1,hello
23.358991622924805,-8,3,0,11,0,5,21,1,7,12,-24,-14,-18,3,hello
23.375067710876465,-2,0,2,5,-5,0,29,9,10,9,-10,2,-8,4,hello
23.375067710876465,-12,-13,-12,-20,-20,-1,13,2,0,-10,-22,-2,-9,0,hello
23.391064405441284,-15,-25,-26,-40,-23,-7,-7,0,-8,-24,-31,-14,-13,-11,hello
23.391064405441284,-3,-19,-16,-40,-16,-20,-18,0,-3,-19,-8,-1,-1,-18,hello
23.40570521354676,7,6,3,-11,-2,-12,-13,-2,-1,-3,10,10,4,-9,sil
23.40570521354676,5,20,18,21,11,15,7,2,3,6,6,6,-1,12,sil
23.421703815460205,-2,-1,4,15,13,14,24,15,21,11,-2,-5,0,22,sil
23.421703815460205,-5,-24,-14,-14,0,-2,15,21,31,22,-3,-9,7,17,sil
23.437313318252563,0,-14,-9,-18,-5,3,4,20,37,30,3,1,12,20,sil
23.437313318252563,3,0,-5,0,1,5,5,13,38,25,15,12,22,13,sil
23.4523446559906,1,1,-8,0,6,-4,-2,0,9,6,20,14,19,-4,sil
23.4523446559906,4,5,-2,-6,0,-4,-19,-15,-18,-17,15,4,3,-12,sil
23.46810221672058,3,5,2,0,2,-4,-19,-27,-29,-32,7,-3,-7,-18,sil
23.46810221672058,-13,-3,-1,12,5,0,-4,-25,-37,-24,-7,-9,-28,-30,sil
23.483449697494507,-16,-11,-12,8,-5,18,12,-7,-16,0,-20,-18,-39,-17,sil
23.483449697494507,1,-4,-12,-3,-6,14,4,7,8,0,-6,-2,-13,9,sil
23.498661518096924,14,13,2,0,8,-8,-17,0,-4,-18,14,22,17,5,sil
23.498661518096924,12,20,14,15,10,-13,-15,-12,-21,-22,17,17,12,-14,sil
23.514299154281616,12,20,23,23,2,-2,0,-9,-14,-12,5,6,-7,-8,sil
23.514299154281616,3,15,13,17,3,4,0,-4,-14,-3,-10,-2,-12,-2,sil
23.529951810836792,-17,-5,-3,-5,1,7,-2,-5,-17,0,-26,-19,-13,-3,sil
23.529951810836792,-14,-17,-3,-7,-5,8,12,3,1,12,-20,-18,-6,6,sil
23.54497194290161,3,-2,0,9,-3,10,23,18,17,23,-4,-6,5,18,sil
23.54497194290161,-3,-5,-9,0,0,2,8,17,16,27,-8,-5,6,14,sil
23.5608937740326,-5,-22,-14,-12,0,-10,4,14,19,26,-5,-4,16,13,sil
23.5608937740326,17,-7,-2,-6,1,-10,9,26,27,20,25,15,41,26,sil
23.577189207077023,22,13,7,-2,4,-4,-2,22,21,4,37,27,41,20,sil
23.577189207077023,7,11,10,0,1,-6,-20,-3,0,-6,10,11,9,-5,sil
23.59254169464112,3,10,16,9,4,-5,-21,-21,-16,-11,0,1,-8,-16,sil
23.59254169464112,0,18,15,9,4,3,-7,-15,-14,-4,15,-1,-4,-15,sil
23.608229637146,-14,8,6,7,-6,12,1,-5,-6,0,2,-9,-8,-15,sil
23.608229637146,-22,-20,-8,-4,-15,3,0,-3,3,-2,-28,-18,-20,-7,sil
23.62433862686157,-18,-30,-23,-22,-11,-9,0,-3,10,1,-22,-14,-15,1,sil
23.62433862686157,0,-12,-15,-26,-5,-9,-3,2,7,0,2,4,0,4,sil
23.63933181762696,9,0,-1,-15,-6,-9,-8,0,0,-22,5,12,8,0,sil
23.63933181762696,0,0,4,-1,-6,-15,-6,-7,-9,-31,-1,7,-3,-5,sil
23.654484033584595,0,14,20,19,4,-3,9,-13,-9,-6,0,7,-12,-3,sil
23.654484033584595,9,22,19,28,14,18,21,-5,3,17,0,3,-3,4,sil
23.67027235031128,0,0,0,12,8,23,15,6,9,18,-6,-8,-1,8,sil
23.67027235031128,-10,-21,-18,-2,0,14,13,9,7,11,-12,-13,-8,1,sil
23.685399293899536,0,-11,-19,-12,0,-4,5,6,4,-5,-7,-4,-7,-1,sil
23.70097327232361,9,3,-7,-19,0,-19,-10,1,-3,-16,5,6,0,-2,sil
23.70097327232361,13,11,7,-3,3,-5,-13,-4,-15,-14,16,5,1,-8,sil
23.70097327232361,3,15,15,17,6,14,0,-10,-25,-15,10,-1,-2,-10,sil
23.716066122055054,-12,0,-6,4,0,11,12,-8,-21,-4,-11,-17,-13,-8,sil
23.7313039302826,-14,-23,-26,-25,-10,-1,1,4,-9,9,-24,-23,-16,-2,sil
23.7313039302826,0,-11,-5,-19,-4,-5,-14,14,1,3,-1,5,5,12,sil
23.74739408493042,19,18,14,12,7,-2,-13,3,1,-2,24,28,33,14,sil
23.74739408493042,7,15,8,12,7,3,-5,-10,-14,0,9,10,11,0,sil
23.76332926750183,-20,-17,-8,-12,-8,4,0,-5,-12,3,-22,-18,-24,-7,sil
23.76332926750183,-24,-36,-23,-22,-20,-11,-2,7,6,5,-21,-20,-10,-4,sil
23.77844738960266,-1,-10,-7,-11,-11,-22,-15,10,8,8,6,3,20,0,sil
23.77844738960266,15,30,22,14,6,-1,-8,7,5,15,25,19,23,10,sil
23.79396247863769,15,34,33,34,17,19,13,7,10,11,15,14,8,15,sil
23.79396247863769,6,13,20,36,14,20,29,6,23,14,-2,7,3,16,sil
23.80938673019409,6,5,4,23,8,9,26,9,31,32,6,11,17,21,sil
23.80938673019409,14,5,0,5,5,-9,-3,1,16,20,27,22,30,19,sil
23.825586080551147,7,2,-2,0,0,-22,-26,-18,-3,-21,17,14,13,-6,sil
23.825586080551147,-7,5,2,2,0,-8,-13,-15,-5,-35,-3,-3,-19,-27,sil
23.84086585044861,-10,1,8,3,5,8,8,1,11,-13,-12,-16,-26,-26,sil
23.84086585044861,-11,-14,-5,-2,-2,7,13,-2,8,-5,-25,-24,-17,-23,sil
23.857065677642822,-17,-23,-21,-10,-11,6,11,-7,-5,-5,-33,-22,-20,-13,sil
23.857065677642822,-6,-20,-20,-10,-2,3,3,7,12,8,-9,-8,-10,6,sil
23.87299656867981,7,-17,-14,-17,-2,-10,-12,5,23,1,12,6,10,12,sil
23.87299656867981,6,-9,-5,-25,-13,-15,-22,-6,6,-30,12,10,9,-2,sil
23.888591051101685,0,10,1,-13,-5,-1,-15,-6,-3,-26,9,4,0,-14,sil
23.888591051101685,0,20,5,-1,7,7,-5,-10,-12,0,0,-8,-8,-13,sil
23.904196739196777,-9,2,0,2,1,9,6,-15,-19,5,-16,-24,-22,-16,sil
23.904196739196777,-12,-9,-3,0,-1,16,16,2,-7,12,-18,-20,-22,-2,sil
23.91936492919922,3,0,-3,-3,6,9,13,17,6,31,2,12,11,25,sil
23.91936492919922,18,12,-2,-1,0,-17,0,1,-6,19,23,28,30,21,sil
23.93496990203857,9,15,11,10,-2,-24,-1,-11,-29,-10,17,12,8,0,sil
23.93496990203857,-4,1,12,16,6,3,18,3,-11,-1,-4,-8,-3,6,sil
23.950530529022217,-8,-18,-3,-2,1,14,18,18,8,23,-18,-13,-2,19,sil
23.950530529022217,-7,-22,-9,-18,-13,-7,-7,16,0,17,-16,-8,-2,9,sil
23.966540336608887,-5,-11,-9,-15,-14,-16,-20,13,-11,-13,-1,-3,3,-2,sil
23.966540336608887,0,2,0,-10,-5,-2,-16,-1,-42,-38,8,6,2,-8,sil
23.981961250305176,9,22,17,4,0,5,-11,-20,-60,-35,4,12,-8,-14,sil
23.981961250305176,11,24,25,22,6,6,0,-14,-43,-23,-9,1,-17,-9,sil
23.997365713119507,-4,0,12,11,1,10,12,0,-30,-9,-18,-14,-17,-4,sil
23.997365713119507,-15,-16,-8,-6,-2,11,12,7,-12,22,-7,-10,-3,0,sil
24.013066053390503,0,-8,-7,-4,2,6,2,15,9,29,9,11,15,17,sil
24.013066053390503,15,1,4,2,7,1,-6,12,8,1,14,20,29,25,sil
24.028091430664062,12,5,4,0,8,-3,-16,1,5,-8,18,24,27,11,sil
24.028091430664062,10,14,10,5,11,-5,-11,-2,2,0,25,25,13,-1,sil
24.043598651885983,15,18,16,23,11,3,10,-8,11,9,18,5,2,-2,sil
24.043598651885983,5,7,4,29,12,17,20,-14,38,18,5,-8,-1,0,sil
24.05933117866516,-14,-5,-17,12,10,13,8,-9,50,14,-4,-11,-6,-4,sil
24.05933117866516,-5,-14,-21,-2,0,-12,1,3,96,13,-7,-5,0,-3,sil
24.074589490890503,12,-13,-9,-13,-13,-33,-8,2,122,6,4,14,13,-1,sil
24.074589490890503,0,0,-10,-15,-15,-32,-22,-15,99,-15,10,9,4,-17,sil
24.090240478515625,-11,7,-7,3,-9,-16,-3,-21,178,-4,-5,-8,-18,-22,sil
24.090240478515625,-10,1,0,7,-8,-5,5,-4,136,7,-14,-13,-22,-13,sil
0.0120260715484619,-21,-1,-1,-13,-9,0,-12,0,-122,-16,-7,-22,-15,-13,sil
0.0280807018280029,-16,0,2,-11,-4,14,-3,-1,-185,-13,-9,-27,-18,-4,sil
0.0280807018280029,-7,-4,0,1,-1,20,22,7,-104,7,-20,-21,-17,9,sil
0.0440671443939209,-9,-9,-8,-6,0,10,18,14,-108,6,-17,-12,-4,10,sil
0.0440671443939209,5,-7,-2,-8,0,7,9,13,-71,8,-4,0,10,13,sil
0.0587315559387207,16,-7,2,-3,0,9,9,18,-33,0,-1,9,15,15,sil
0.0587315559387207,11,-5,-1,-7,7,0,4,20,-41,-14,-3,16,12,5,sil
0.0739524364471435,9,0,-7,-4,6,-7,-6,5,-24,-1,8,15,16,-5,sil
0.0739524364471435,9,4,3,-5,-2,-6,-17,-5,-24,-7,20,12,13,-4,sil
0.0892980098724365,2,9,11,-9,-2,-1,-10,-7,-31,-28,4,6,-2,-8,sil
0.0892980098724365,-10,7,-7,-3,-1,-1,-2,-14,-15,-19,-15,-17,-20,-21,sil
0.1048686504364013,-20,-2,-8,-1,-4,0,-10,-13,-2,-3,-13,-28,-23,-16,sil
0.1048686504364013,-13,0,13,0,2,11,-3,0,18,8,3,-6,-1,0,sil
0.1208674907684326,-3,5,15,11,10,19,14,4,39,29,11,2,15,10,sil
0.1208674907684326,2,-7,0,18,1,4,6,0,47,39,6,1,13,19,sil
0.1368777751922607,13,-6,0,-3,-3,-14,-12,5,35,5,4,17,7,14,sil
0.1368777751922607,12,11,19,-11,4,-10,-14,-7,1,-40,8,24,-2,-2,sil
0.1521077156066894,-3,5,15,15,11,13,6,-20,1,-26,0,-1,-9,-4,sil
0.1521077156066894,-6,-11,-8,20,8,19,18,2,41,21,-11,-12,0,15,sil
0.1682615280151367,3,-2,-6,-2,1,0,11,23,55,29,0,13,15,35,sil
0.1682615280151367,19,11,2,0,0,-14,5,16,45,14,28,28,24,35,sil
0.1838607788085937,30,13,0,11,0,-13,-3,0,21,2,28,20,14,23,sil
0.1838607788085937,19,18,5,10,-1,-6,-10,-12,-8,-13,-1,4,-7,8,sil
0.1989345550537109,-3,13,6,12,-3,3,2,-12,-17,-11,-17,-11,-19,-14,sil
0.1993358135223388,-21,-12,-7,-2,-6,3,12,-1,-12,0,-18,-22,-23,-37,sil
0.2146620750427246,-14,-24,-20,-22,-15,-9,-9,0,-1,-2,-15,-17,-19,-39,sil
0.2146620750427246,8,-2,-13,-13,-12,-18,-29,-11,0,-8,6,7,2,-30,sil
0.2297677993774414,5,10,1,4,-2,-15,-18,-21,-27,-5,18,13,12,-25,sil
0.2297677993774414,-15,-1,8,0,-2,-2,2,-10,-39,0,-7,-5,-10,-11,sil
0.2458746433258056,-11,-10,1,-9,-4,1,11,8,-14,3,-20,-9,-9,5,sil
0.2458746433258056,7,4,2,-4,0,-5,7,17,3,-4,6,7,17,9,sil
0.2612814903259277,0,11,14,0,5,5,3,9,-5,-13,10,5,8,3,sil
0.2612814903259277,-22,-8,-3,0,5,28,7,2,-8,0,-19,-23,-17,0,sil
0.2770607471466064,-19,-17,-18,1,1,12,8,11,10,16,-23,-19,-6,9,sil
0.2770607471466064,1,-2,-2,7,8,-4,2,15,19,24,10,7,24,26,sil
0.2930746078491211,8,0,-6,1,12,8,1,4,14,19,23,5,29,17,sil
0.2930746078491211,-1,-7,-12,-13,4,8,2,-7,0,-5,7,0,2,-8,sil
0.308678388595581,-3,1,-1,-5,2,-2,3,-11,-17,-21,3,0,-18,-23,sil
0.3090405464172363,-1,4,1,8,11,3,5,-8,-13,-19,-3,-16,-25,-18,sil
0.3238284587860107,-20,-14,-5,-3,0,8,1,-1,0,-14,-24,-22,-24,-5,sil
0.3238284587860107,-22,-22,-11,-16,-19,-4,-5,4,8,1,-20,-13,-11,3,sil
0.3389487266540527,9,-4,-1,-3,-10,-14,-9,12,9,14,-1,1,4,10,sil
0.3549256324768066,21,12,5,6,6,-10,-9,8,6,9,4,11,13,8,sil
0.3549256324768066,8,11,-6,-3,-5,-10,-18,-3,-1,-5,6,10,8,0,sil
0.3705465793609619,20,13,9,-7,-17,-6,-20,-3,-6,-11,14,21,8,5,sil
0.3705465793609619,41,33,38,16,1,10,0,0,0,8,31,34,27,13,sil
0.3857893943786621,24,38,33,28,18,21,8,-8,-5,10,25,19,23,7,sil
0.3857893943786621,-6,9,6,16,5,10,2,-14,-12,-10,-1,-9,-6,-6,sil
0.4016985893249511,-11,-15,-8,4,-9,-2,10,-6,0,0,-10,-16,-14,-1,sil
0.4016985893249511,-3,-14,0,0,-2,-3,26,6,3,20,-7,0,-3,17,sil
0.4171574115753174,-3,-9,-1,0,7,1,25,9,3,17,-15,-2,-1,16,sil
0.4171574115753174,-9,-20,-18,-11,0,-4,0,-4,12,2,-25,-17,-9,-2,sil
0.9301846027374268,7,-7,9,8,1,15,31,10,19,9,11,8,3,17,sil
0.9301846027374268,6,-6,0,-4,0,-15,3,-2,0,-10,3,10,-2,4,sil
0.9458153247833252,6,12,3,-5,0,-20,-8,-8,-19,-21,6,18,-11,-9,sil
0.9458153247833252,6,24,22,14,6,16,6,3,0,3,13,23,0,0,sil
0.9617874622344972,1,11,15,17,7,32,19,9,22,29,9,6,8,9,sil
0.9617874622344972,-10,-12,-7,-7,-4,9,10,1,18,23,-7,-8,2,4,sil
0.9617874622344972,-3,-19,-11,-18,-7,-2,-6,7,14,9,-5,6,11,4,sil
0.9778592586517334,14,-1,2,-6,0,0,-12,15,12,6,16,19,28,6,sil
0.9937222003936768,8,11,6,2,3,0,-6,-7,-7,-6,4,1,5,-6,sil
0.9937222003936768,-8,6,1,11,2,4,1,-24,-28,-14,-23,-14,-25,-10,sil
0.9937222003936768,-10,-5,-6,9,5,10,6,-6,-18,-3,-17,-12,-17,0,sil
1.0093646049499512,-2,-15,-14,-7,0,3,2,9,3,3,-6,-7,3,2,sil
1.0093646049499512,8,-7,-3,-10,-2,-8,-10,7,12,1,-2,3,6,0,sil
1.0242502689361572,16,8,8,0,0,-11,-21,-2,-4,-12,14,14,6,-7,sil
1.0396409034729004,-1,0,0,-15,-8,-3,-12,-5,-27,-28,6,-2,-2,-15,sil
1.0396409034729004,-18,-13,-7,-17,-13,6,10,1,-16,-12,-25,-26,-18,-11,sil
1.0547764301300049,-12,-3,-14,5,0,2,20,5,14,11,-30,-28,-12,1,sil
1.0547764301300049,-10,-6,-22,0,0,-15,-1,1,14,2,-17,-14,0,7,sil
1.0705385208129885,-11,-12,-14,-12,-13,-26,-21,3,4,-3,2,2,12,4,sil
1.0705385208129885,6,4,1,0,-9,-22,-16,7,8,10,26,20,24,7,sil
1.0856125354766846,16,19,20,4,5,-9,-10,-2,0,2,19,21,16,8,sil
1.0856125354766846,0,15,12,8,5,5,-8,-18,-16,-12,-1,-11,-5,-13,sil
1.1016244888305664,-21,5,-7,12,-2,13,0,-16,-12,-4,-13,-34,-22,-31,sil
1.1016244888305664,-19,-3,-6,4,4,22,19,-1,7,14,-12,-19,-19,-13,sil
1.1177148818969729,-5,-3,-7,3,17,30,28,11,27,26,-1,-6,0,10,sil
1.1177148818969729,-2,0,-9,2,10,20,13,17,30,20,6,0,6,16,sil
1.133211374282837,2,-1,0,-3,3,5,0,9,20,6,17,14,13,13,sil
1.133211374282837,27,7,16,5,12,0,0,-1,5,10,36,39,33,19,sil
1.148679256439209,41,26,35,24,13,1,1,-2,-12,11,39,49,31,23,sil
1.148679256439209,22,23,36,32,1,0,8,-4,-17,-7,16,18,0,8,sil
1.1646978855133057,0,-3,16,12,-7,-13,13,-14,-17,-27,-17,-11,-25,-4,sil
1.1646978855133057,-2,-24,-1,-11,-17,-22,0,-9,-19,-17,-28,-6,-24,-5,sil
1.1800527572631836,1,-26,-6,-14,-20,-23,-13,7,-9,0,-10,3,-8,-3,sil
1.1800527572631836,0,-16,-6,-15,-7,-28,-25,6,-7,-11,0,9,-1,-3,sil
1.194878339767456,3,1,-7,-12,0,-19,-27,-5,-15,-24,9,12,0,-11,sil
1.194878339767456,7,16,4,13,2,2,-11,-8,-10,-7,18,10,-2,-11,sil
1.2108817100524902,-1,14,12,27,10,23,18,-2,6,15,12,2,-3,4,sil
1.2108817100524902,-15,0,-16,4,9,28,31,11,20,26,-1,-11,1,12,sil
1.2262277603149414,-26,-23,-45,-34,-4,13,12,20,18,13,-23,-29,-6,0,sil
1.2262277603149414,-32,-39,-43,-50,-25,-8,-11,6,0,-14,-44,-39,-23,-15,sil
1.2422339916229248,-25,-22,-21,-34,-26,-12,-20,-9,-13,-32,-39,-23,-21,-21,sil
1.2422339916229248,-3,11,4,-12,-4,-1,-11,-6,-13,-28,-12,0,-10,-21,sil
1.257887601852417,11,21,14,0,13,3,4,0,-4,-11,6,2,0,-15,sil
1.257887601852417,8,15,12,6,17,6,3,0,4,4,6,-4,12,0,sil
1.2734663486480713,1,16,6,9,9,9,-8,-1,0,9,-9,-12,4,3,sil
1.2734663486480713,-4,10,-2,8,0,13,-7,-10,-9,6,-20,-25,-11,0,sil
1.2892847061157229,-4,-6,-12,-9,0,18,10,-2,3,13,-18,-21,0,12,sil
1.2892847061157229,6,-15,-14,-30,2,13,21,19,28,21,-4,1,27,27,sil
1.3050007820129397,17,-2,0,-17,6,0,11,12,24,15,21,20,33,22,sil
1.3050007820129397,16,20,18,18,13,-3,5,-8,1,9,38,23,24,7,sil
1.320956468582153,7,22,25,35,12,3,11,-3,-2,11,24,11,5,-1,sil
1.320956468582153,-2,-1,10,28,0,4,11,8,11,10,10,2,-6,-1,sil
1.336507797241211,0,-8,-3,17,-3,-6,-4,7,17,4,22,16,5,4,sil
1.336507797241211,16,15,21,23,4,-16,-25,2,5,1,42,43,21,7,sil
1.3518338203430176,24,28,49,50,10,-5,-15,-6,-2,8,40,34,16,5,sil
1.3518338203430176,4,7,28,46,5,9,13,-8,-1,12,7,1,-6,2,sil
1.3670449256896973,-16,-17,-5,4,-3,8,20,0,1,4,-18,-3,-15,1,sil
1.3670449256896973,-10,-19,-19,-18,-9,-9,3,3,3,-6,-14,4,-3,1,sil
1.3827104568481443,0,-11,-16,-24,-16,-28,-12,4,3,-10,-4,6,3,0,sil
1.3827104568481443,-4,-12,-24,-35,-23,-28,-22,3,0,-5,-6,0,-1,-9,sil
1.397763729095459,-13,-16,-29,-38,-22,-27,-28,-8,-25,-24,-21,-16,-24,-23,sil
1.397763729095459,-15,-13,-12,-30,-16,-36,-27,-26,-54,-65,-33,-29,-48,-32,sil
1.4137747287750244,-1,1,5,-9,-3,-20,-11,-21,-47,-57,-21,-16,-31,-24,sil
1.4137747287750244,16,19,24,21,18,20,9,-1,-13,0,0,5,0,2,sil
1.4298651218414309,10,14,18,26,18,33,27,0,0,24,-7,-1,0,13,sil
1.4298651218414309,-13,-12,-17,-2,-3,12,19,-4,-5,6,-29,-28,-12,-1,sil
1.4448721408843994,-15,-23,-29,-18,-8,7,3,3,3,12,-20,-23,-4,0,sil
1.4448721408843994,0,-12,-15,-8,6,13,3,15,31,38,9,-4,19,19,sil
1.4600393772125244,-4,-7,-15,-7,6,1,0,18,38,30,13,0,26,15,sil
1.4600393772125244,-17,-14,-30,-22,-6,-9,-7,15,16,0,0,-10,12,-1,sil
1.4758882522583008,-2,-11,-22,-29,-4,-2,-10,12,-2,-16,3,-7,6,-7,sil
1.4758882522583008,14,10,9,-12,7,11,-8,6,-2,-17,17,7,12,-5,sil
1.491650104522705,6,27,22,13,11,26,-1,0,0,-13,18,9,8,-10,sil
1.491650104522705,-5,22,22,22,3,31,3,-8,-7,-9,11,0,-8,-11,sil
1.5071218013763428,5,20,30,25,3,30,8,-13,-9,1,12,6,-8,0,sil
1.5071218013763428,17,24,24,28,8,32,17,-10,-1,11,7,18,0,10,sil
1.523188829421997,4,11,9,15,4,24,24,-5,5,14,-5,13,0,11,sil
1.523188829421997,0,-4,4,3,-2,0,22,2,19,26,2,8,7,16,sil
1.538942575454712,11,-3,6,0,-2,-26,6,14,26,25,14,22,19,25,sil
1.5392603874206543,12,-2,0,-3,-1,-44,-14,6,8,-3,2,21,13,9,sil
1.553931474685669,1,0,2,-1,0,-43,-21,-8,-11,-20,1,7,1,-11,sil
1.553931474685669,-2,6,14,8,1,-20,-8,-1,-5,0,9,8,-6,-11,sil
1.5700504779815674,-10,-3,0,4,0,-4,0,5,5,11,-9,-3,-15,-6,sil
1.5700504779815674,-9,-16,-10,-7,-2,-4,0,-2,0,0,-28,-17,-16,3,sil
1.5856661796569824,5,-3,-1,0,1,0,4,0,2,3,-9,-2,0,15,sil
1.5856661796569824,0,-5,-13,4,2,2,4,9,14,11,1,0,8,4,sil
1.600771427154541,-15,-28,-33,-17,0,-7,-7,10,7,-2,-15,-19,0,-8,sil
1.600771427154541,0,-14,-25,-26,1,-7,-9,3,-2,-10,-17,-18,0,-3,sil
1.615924835205078,12,12,-7,-11,0,-7,-8,-3,-11,-11,0,-1,3,-4,sil
1.615924835205078,-2,3,-12,-13,-10,-19,-20,-12,-21,-22,0,-13,-8,-22,sil
1.6321053504943848,-13,-6,-15,-14,-15,-14,-19,-17,-22,-25,-7,-33,-19,-25,sil
1.6321053504943848,-4,11,9,10,-2,9,4,-11,-17,-7,-3,-16,-16,-7,sil
1.6477630138397217,-2,13,16,21,5,27,19,-3,-12,9,7,-2,-4,0,sil
1.6627304553985596,-11,-7,4,-1,4,24,9,-4,-13,-3,-2,-8,-10,0,sil
1.6627304553985596,-11,-6,14,0,2,20,2,0,-4,-10,-15,-2,-17,3,sil
1.678781032562256,0,3,4,27,3,19,14,13,18,26,5,5,9,10,sil
1.678781032562256,9,-3,-4,14,5,5,10,14,22,33,29,23,31,26,sil
1.678781032562256,12,-3,10,-9,-4,-11,-7,3,2,-7,24,39,22,21,sil
1.6948795318603516,13,6,7,-5,-16,-15,-12,0,-2,-21,13,30,16,-5,sil
1.7106914520263672,11,1,-2,-4,-7,-12,-13,0,-2,-3,12,14,9,-11,sil
1.7106914520263672,7,-2,3,-5,2,-5,-13,-3,-2,0,11,1,0,-8,sil
1.7106914520263672,-1,3,8,1,3,7,-2,-5,0,-4,2,-3,-10,-13,sil
1.7258729934692385,-7,3,8,5,6,15,10,-1,-1,0,-7,-3,-16,-7,sil
1.7419745922088623,-4,1,7,12,0,7,12,0,-1,7,-9,-4,-9,3,sil
1.7419745922088623,-3,0,-2,15,-9,0,13,0,5,1,-12,-5,1,9,sil
1.7419745922088623,-4,-6,-8,4,-2,5,22,7,14,5,-16,-2,2,11,sil
1.7580149173736572,-1,-2,-3,-1,7,7,22,10,16,28,-12,-4,0,9,sil
1.7580149173736572,0,1,-6,-4,3,-3,2,2,9,19,-7,-7,3,5,sil
1.7737343311309814,1,0,-13,-10,0,-12,-13,-1,7,-7,-2,1,13,2,sil
1.7737343311309814,5,2,-4,-11,3,-13,-13,1,15,-1,7,11,22,2,sil
1.7886745929718018,8,6,1,-14,6,-15,-13,0,2,0,19,14,23,0,sil
1.80401349067688,5,4,-1,-11,8,-14,-19,-12,-17,-18,25,9,15,-5,sil
1.80401349067688,5,12,1,11,8,-9,-16,-19,-20,-18,20,1,-2,-10,sil
1.8194174766540527,0,24,16,20,5,-3,-11,-5,-24,-24,-1,-3,-29,-8,sil
1.8194174766540527,-12,17,16,11,4,9,-1,0,-23,-27,-15,-14,-36,-10,sil
1.8347902297973635,-15,-5,-12,6,0,18,6,-11,-9,0,-18,-33,-25,-15,sil
1.8347902297973635,-15,-21,-15,-9,-12,9,7,0,-3,14,-30,-27,-31,-6,sil
1.849984169006348,-12,-19,0,-15,-13,8,18,15,7,12,-31,-11,-23,2,sil
1.849984169006348,5,-15,-6,-2,0,9,30,17,28,20,-10,-9,8,8,sil
1.8657679557800293,16,-11,-7,-5,4,0,13,20,29,17,4,-1,24,18,sil
1.8657679557800293,6,-9,-4,-18,-9,-2,-14,13,13,0,5,12,20,10,sil
1.8813462257385247,2,-7,-6,-22,-13,-8,-20,0,1,-8,-2,15,13,-2,sil
1.8813462257385247,8,2,-3,-16,0,-19,-9,2,0,-6,4,14,13,-1,sil
1.897012948989868,7,15,5,4,6,-14,0,0,-4,-1,24,11,8,5,sil
1.897012948989868,3,20,25,29,9,4,5,-14,-20,-2,22,14,-5,4,sil
1.9121673107147217,0,18,29,35,16,18,15,-15,-18,-1,11,9,-6,-6,sil
1.9121673107147217,-16,1,4,19,6,18,15,-8,-1,7,0,-12,-4,-13,sil
1.9277734756469729,-26,-20,-12,1,-10,11,8,-8,3,15,-12,-22,-9,-3,sil
1.9277734756469729,-15,-27,-20,-5,-11,4,3,-3,0,11,-9,-9,0,0,sil
1.9428720474243164,-7,-18,-22,-13,-7,-4,-7,1,-1,1,-1,3,14,0,sil
1.9428720474243164,-1,-7,-10,-18,-11,-7,-19,1,5,0,0,3,11,3,sil
1.958869457244873,9,0,4,-7,-6,-5,-21,0,10,5,12,11,11,11,sil
1.958869457244873,23,11,12,8,1,-7,-20,-4,4,-2,24,30,20,9,sil
1.973881483078003,29,21,14,15,0,-12,-17,-4,-3,-22,18,23,13,-1,sil
1.973881483078003,12,18,14,10,-2,-6,-8,-4,-10,-33,-2,-1,-14,-11,sil
1.9892163276672363,-9,1,2,2,3,3,8,-4,-9,-16,-22,-15,-29,-8,sil
1.9892163276672363,-7,-8,-4,-1,6,9,27,11,7,13,-21,-16,-17,2,sil
2.0102221965789795,-2,-9,-11,-6,4,8,33,25,21,29,-9,-19,-5,7,sil
2.0102221965789795,-9,-6,-27,-18,3,1,15,12,12,18,-7,-18,-4,1,sil
2.0102221965789795,-3,-1,-21,-23,0,-11,-7,-6,-12,-14,-9,-7,-5,-9,sil
2.020811080932617,3,5,-3,-9,-3,-16,-10,-12,-30,-36,2,0,-3,-19,sil
2.036907434463501,0,21,6,8,2,-11,-9,-5,-23,-19,17,8,2,-9,sil
2.036907434463501,6,29,28,20,11,-4,-15,-2,-9,7,14,18,6,6,sil
2.052180528640747,13,20,39,31,12,10,-6,-4,-4,7,5,10,4,8,sil
2.052180528640747,7,14,28,36,11,19,4,0,3,2,0,1,0,9,sil
2.068117141723633,0,5,10,21,3,13,6,4,17,17,-8,-1,-3,11,sil
2.068117141723633,-6,-13,-10,-4,-4,10,10,6,17,27,-11,-6,-4,10,sil
2.0831198692321777,-9,-27,-19,-21,-3,12,11,9,17,17,1,2,4,13,sil
2.0831198692321777,0,-29,-12,-27,-5,0,3,7,24,8,7,15,19,12,sil
2.0987679958343506,1,-21,-8,-29,-7,-13,-4,0,14,1,0,7,12,3,sil
2.0987679958343506,-6,-11,-10,-23,-2,-8,-4,0,2,-5,7,-3,3,-8,sil
2.1148521900177,-11,0,-4,-10,0,0,0,1,0,-5,13,-1,5,-16,sil
2.1148521900177,-9,12,8,5,0,0,3,-6,-6,-2,0,-4,-4,-19,sil
2.1300361156463623,-8,10,0,16,0,5,3,-15,-13,-4,-15,-25,-19,-21,sil
2.1300361156463623,-11,-10,-1,3,-2,6,0,-7,-12,-11,-17,-23,-20,-4,sil
2.146126508712769,-7,-19,4,-9,-8,0,0,5,-5,-12,-13,-2,-6,14,sil
2.146126508712769,3,-11,-14,-5,-10,-15,0,2,0,-3,-8,-1,11,6,sil
2.1616971492767334,15,-1,-15,-4,-10,-28,-11,-1,0,-3,0,6,20,0,sil
2.1616971492767334,21,9,4,-2,-12,-20,-22,-1,-6,-9,12,22,17,0,sil
2.177730083465576,18,16,9,4,-10,-6,-18,-12,-20,-12,19,15,1,-9,sil
2.177730083465576,17,14,13,12,1,3,-2,-14,-30,-14,6,5,-17,-3,sil
2.1927335262298584,12,8,10,19,11,19,11,0,-16,-4,-8,-4,-15,9,sil
2.1927335262298584,-7,0,-4,12,11,26,17,10,5,15,-14,-14,-9,6,sil
2.208103895187378,-19,-3,-17,0,13,15,17,16,26,32,-5,-1,-1,9,sil
2.208103895187378,-8,-1,-21,-5,13,-4,0,20,39,26,7,12,13,9,sil
2.223987102508545,0,4,-6,-6,3,-14,-17,8,20,4,16,9,21,-6,sil
2.223987102508545,0,13,9,0,0,0,-8,-6,-9,-7,17,2,7,-16,sil
2.239717721939087,-6,11,7,12,7,19,4,-18,-22,-13,3,-3,-15,-13,sil
2.239717721939087,-19,0,2,5,6,15,7,-12,-21,-22,-20,-21,-31,-18,sil
2.255821943283081,-27,-11,-5,-6,-8,1,10,9,-1,-7,-27,-27,-24,-13,sil
2.2710554599761963,-10,-12,-11,0,-10,6,14,12,25,24,0,-3,0,6,sil
2.2710554599761963,22,0,11,9,8,15,20,10,36,40,21,21,22,35,sil
2.2710554599761963,30,10,29,8,17,1,16,14,29,31,16,20,26,39,sil
2.28708553314209,9,0,1,-1,1,-28,-10,-5,0,-4,4,1,10,1,sil
2.28708553314209,2,-6,-3,-11,-12,-40,-31,-24,-34,-40,9,3,0,-17,sil
2.3030571937561035,15,4,21,-5,-8,-16,-17,-7,-20,-25,22,15,14,3,sil
2.3030571937561035,11,3,18,1,-1,5,-4,2,1,-2,5,1,11,5,sil
2.3186557292938232,-15,-10,7,0,-3,3,-10,-12,-10,-18,-29,-20,-27,-12,sil
2.3186557292938232,-26,-18,-6,-1,-10,-2,-4,-12,-15,-24,-43,-27,-41,-12,sil
2.3346779346466064,-14,-20,-24,-16,-11,-1,2,3,-3,-2,-39,-19,-21,-3,sil
2.3346779346466064,-6,-17,-21,-28,-5,0,2,6,4,13,-27,-5,-5,-3,sil
2.349919319152832,-4,-4,-18,-11,-5,0,0,3,13,19,6,7,12,0,hello
2.349919319152832,9,7,-10,0,-4,-5,-6,5,9,13,36,25,30,12,hello
2.3659465312957764,27,21,6,1,2,-4,-4,1,3,4,33,26,31,6,hello
2.3659465312957764,22,36,19,18,9,3,7,-1,-1,1,18,9,8,-12,hello
2.3817081451416016,-3,25,16,31,8,17,13,0,-9,4,9,-4,-14,-10,hello
2.3970351219177246,-13,-11,-14,9,0,14,11,1,-6,5,0,-17,-10,0,hello
2.3970351219177246,2,-21,-21,-26,-5,-15,-6,5,-4,-8,-1,0,5,7,hello
2.3970351219177246,17,11,15,-3,5,-14,-9,0,-5,-15,20,23,17,4,hello
2.412625789642334,3,19,19,43,16,20,10,-9,2,6,20,5,9,0,hello
2.412625789642334,-9,-8,-2,17,7,21,10,0,12,17,-10,-3,-4,6,hello
2.4279897212982178,7,-10,-12,-13,0,-4,0,12,17,8,0,12,9,8,hello
2.4279897212982178,16,5,1,6,5,0,1,1,4,-2,14,7,8,0,hello
2.443135976791382,-22,-9,15,0,2,24,3,3,-12,-13,-30,-15,-35,-3,hello
2.4587295055389404,-46,-27,-12,-27,-12,15,5,15,2,-5,-48,-29,-32,-12,hello
2.4587295055389404,-17,-8,-29,-19,-9,-18,-4,0,8,0,-12,-17,10,-17,hello
2.473783016204834,2,16,3,2,9,-21,-20,-22,-21,-9,0,0,3,-11,hello
2.473783016204834,-5,14,13,15,16,0,-7,-17,-19,-5,-11,-10,-19,-5,hello
2.488703727722168,0,0,-2,12,1,5,15,3,17,11,-9,-14,-6,10,hello
2.488703727722168,10,-12,0,-11,-14,-7,9,14,22,4,-4,8,11,23,hello
2.5042150020599365,2,-11,-1,-27,-12,-19,-16,-4,-12,-18,0,7,1,0,hello
2.5042150020599365,-2,4,-5,-10,-1,-13,-20,-19,-29,-17,0,-16,-15,-17,hello
2.5201735496521,1,13,8,8,0,11,6,1,-2,16,6,-9,-11,0,hello
2.5201735496521,4,-1,5,13,-5,18,21,17,27,43,19,11,12,19,hello
2.5358986854553223,12,-11,-6,2,-11,-5,-6,8,22,23,19,16,22,21,hello
2.5358986854553223,20,-1,1,-7,-7,-14,-23,0,1,-12,13,20,12,10,hello
2.551248550415039,13,8,1,4,6,0,2,-6,-5,-20,14,15,4,-6,hello
2.551248550415039,-5,6,0,15,10,10,14,-7,-10,-14,0,-6,-10,-18,hello
2.566830635070801,-21,-1,3,5,-4,7,2,0,-4,-10,-15,-18,-22,-18,hello
2.566830635070801,-4,-2,-10,4,-5,-3,5,9,17,5,1,-5,-1,-1,hello
2.5819103717803955,24,5,-3,5,8,-9,0,3,20,20,18,15,21,17,hello
2.5819103717803955,15,0,6,-19,3,-9,-14,-4,-3,6,7,18,15,4,hello
2.598108291625977,-10,-6,0,-31,-1,-14,-13,-6,-24,-21,-9,6,-3,-15,hello
2.598108291625977,-9,7,8,0,10,-2,0,-9,-24,-23,-13,-5,-14,-12,hello
2.6140594482421875,-9,8,9,15,6,16,12,-5,-16,-6,-11,-18,-12,-6,hello
2.6140594482421875,-21,-12,-8,-6,-10,14,13,0,-9,-1,-15,-19,-12,-6,hello
2.6299970149993896,-9,-11,-6,-9,-3,5,9,1,6,2,-18,-11,-6,0,hello
2.6299970149993896,13,0,9,7,6,4,5,15,19,16,-2,8,11,20,hello
2.64609694480896,18,0,10,5,-1,-1,-4,19,10,13,23,31,32,29,hello
2.64609694480896,21,5,9,0,-3,-6,-11,0,-1,-4,31,28,32,11,hello
2.6621081829071045,18,25,23,20,12,0,-3,-7,0,-7,21,14,18,-2,hello
2.6621081829071045,5,33,26,46,18,10,8,0,3,15,15,7,11,0,hello
2.678025722503662,-7,12,3,34,5,12,5,-5,-1,23,3,-5,-1,0,hello
2.678025722503662,-20,-16,-18,0,-2,4,0,-5,-1,7,-17,-20,-20,-3,hello
2.693311929702759,-25,-34,-36,-24,-6,-4,8,10,12,1,-23,-28,-10,-5,hello
2.693311929702759,-16,-34,-36,-37,-20,-18,-1,6,9,-4,-24,-20,4,-10,hello
2.709096908569336,0,-17,-19,-30,-18,-22,-20,-15,-9,-24,-19,-5,-1,-17,hello
2.709096908569336,6,2,-2,-3,2,-6,-18,-17,-14,-25,0,0,-3,-13,hello
2.724869966506958,2,10,12,9,10,10,-8,-8,-3,4,12,0,1,-4,hello
2.724869966506958,-1,4,6,6,0,13,1,-2,5,21,4,-1,-9,0,hello
2.740433692932129,-3,-3,-6,-1,-8,9,10,8,9,1,-9,-6,-26,2,hello
2.740433692932129,-10,-7,-9,-12,-9,3,11,18,15,-7,-10,-4,-21,6,hello
4.1409173011779785,21,13,6,1,4,-4,0,17,12,9,16,26,18,19,hello
4.1409173011779785,17,15,0,-1,2,-13,-9,-4,-8,-12,11,9,7,-5,hello
4.156403541564941,6,7,0,4,0,-13,-17,-22,-33,-35,-8,-7,-26,-18,hello
4.156403541564941,-4,-3,-7,2,-9,1,-6,-20,-30,-26,-19,-16,-37,-13,hello
4.171951055526733,-9,-19,-23,-16,-14,0,0,-13,-13,-1,-21,-20,-19,-6,hello
4.171951055526733,-3,-18,-11,-25,-13,-17,-4,0,-6,0,-8,1,-2,5,hello
4.187123775482178,6,0,-2,-10,-13,-19,-7,6,-1,-5,23,16,12,3,hello
4.187123775482178,-1,8,1,-5,-13,-12,-7,0,-11,-16,21,2,9,-9,hello
4.20304799079895,-10,4,12,1,-1,13,4,-6,-11,-10,-1,-17,0,-7,hello
4.20304799079895,-7,-1,4,11,12,33,20,-1,9,12,-3,-23,2,3,hello
4.218559980392456,-10,-11,-4,-8,8,9,11,12,21,21,-8,-7,5,7,hello
4.218559980392456,-5,-13,-10,-24,-2,-17,0,17,24,14,-5,8,20,1,hello
4.234052419662476,5,0,-7,-13,0,-16,-11,0,6,0,8,11,23,-6,hello
4.234052419662476,0,11,9,3,6,0,-8,-15,-16,-8,4,3,0,-13,hello
4.250107049942017,-7,5,2,15,7,18,7,-1,-4,6,-9,-9,-9,-6,hello
4.250107049942017,6,0,-3,5,6,16,5,11,12,11,-15,-2,-3,11,hello
4.265087842941284,13,0,-2,-10,0,-5,-3,0,10,0,-3,6,6,10,hello
4.265087842941284,7,-1,-11,-10,-5,-19,-6,-12,-1,-6,15,4,12,-4,hello
4.280646324157715,2,3,6,-2,-1,-7,-13,-5,-21,-17,6,6,-5,-11,hello
4.280646324157715,-8,8,23,11,4,10,-3,3,-15,-15,-11,-3,-19,-10,hello
4.296077489852905,-18,-1,4,21,3,7,11,4,17,7,-7,-19,-12,-5,hello
4.296077489852905,-9,-6,-2,18,3,1,11,14,38,31,-1,-9,-6,8,hello
4.31198000907898,3,0,2,8,2,8,5,21,34,26,0,19,0,21,hello
4.31198000907898,9,1,0,-4,-2,5,-2,6,12,0,18,33,16,19,hello
4.32779335975647,15,7,4,0,2,0,-5,-10,-7,-13,22,18,14,6,hello
4.32779335975647,14,21,12,16,13,5,5,-6,-11,-4,0,3,-7,1,hello
4.343589067459106,-3,3,-2,9,2,4,13,-6,-14,0,-19,-8,-22,-3,hello
4.343589067459106,-20,-24,-17,-13,-14,-2,5,-11,-19,-2,-28,-22,-25,-9,hello
4.359290838241577,-17,-21,-13,-16,-12,-1,0,1,-1,-3,-22,-22,-11,-5,hello
4.359290838241577,0,-11,-18,-11,-8,-8,-3,11,7,0,-4,-7,10,0,hello
4.373960256576538,12,-9,-13,-19,-8,-20,-17,2,-15,-8,7,4,13,-3,hello
4.373960256576538,6,3,0,-9,-4,-15,-21,-9,-27,-20,19,1,7,-14,hello
4.390070915222168,0,16,10,6,-2,-6,-14,-12,-18,-19,21,-3,1,-14,hello
4.390070915222168,-1,9,13,9,0,0,0,-10,-12,2,6,-5,-6,-3,hello
4.405472755432129,-6,-2,-1,10,6,15,18,-5,0,28,0,-16,1,3,hello
4.420689821243286,-1,-4,1,12,11,21,25,11,20,32,13,0,20,19,hello
4.420689821243286,16,4,17,10,9,8,10,17,25,20,20,29,28,31,hello
4.43588662147522,13,4,0,-5,-1,-12,-20,-3,2,-7,0,15,7,8,hello
4.43588662147522,-5,-3,-20,-18,-11,-22,-29,-20,-20,-31,-10,-5,-13,-21,hello
4.451290607452393,0,2,-4,-2,-3,-15,-7,-12,-9,-22,8,4,0,-15,hello
4.451290607452393,9,15,25,8,7,-3,0,1,-2,-11,4,16,0,2,hello
4.466972827911377,-10,11,20,9,3,6,0,7,-6,-8,-19,-1,-20,-7,hello
4.466972827911377,-16,-2,-7,13,-1,14,18,6,0,0,-24,-22,-23,-12,hello
4.481989622116089,-4,-1,-3,4,4,19,24,9,8,1,-24,-9,-7,6,hello
4.481989622116089,0,0,-2,-10,2,10,16,15,23,15,-17,5,11,15,hello
4.497949838638306,5,-6,-12,-23,-3,-7,5,11,26,20,1,9,16,6,hello
4.497949838638306,10,-2,-10,-21,-5,-7,-7,0,6,0,12,7,4,-9,hello
4.513431072235107,7,0,-6,-6,-1,0,-16,-5,-7,-12,10,0,-3,-18,hello
4.513431072235107,2,2,7,4,3,0,-6,-2,-2,3,9,-2,0,-6,hello
4.528774261474609,-1,7,10,14,12,9,10,-3,4,16,5,-5,0,4,hello
4.528774261474609,-12,-4,0,6,7,9,8,-6,-4,5,-9,-8,-17,2,hello
4.544800996780396,-20,-21,-9,-6,-10,4,2,0,-1,3,-15,-12,-23,5,hello
4.544800996780396,-8,-21,-20,-6,-11,0,1,7,19,13,2,-13,4,11,hello
4.560179948806763,14,0,5,-4,0,-8,-11,5,4,-4,20,13,18,15,sil
4.560179948806763,14,18,31,9,5,-4,-10,-7,-20,-14,15,18,4,0,sil
4.576035022735596,-10,1,0,12,0,5,5,-11,-9,2,-10,-13,-11,-14,sil
4.576035022735596,-18,-16,-14,-12,-9,1,6,2,9,13,-19,-9,-7,0,sil
4.592009782791138,-2,-6,-4,-11,-4,-6,0,6,13,5,0,6,9,6,sil
4.592009782791138,9,0,0,0,0,-14,-12,0,-2,-11,2,4,7,-2,sil
4.606708288192749,16,5,4,-3,-5,-21,-23,0,-17,-16,5,12,10,-4,sil
4.606708288192749,19,21,8,9,1,-14,-13,-14,-23,-10,21,16,17,-1,sil
4.621875762939453,3,23,19,27,10,8,2,-11,-25,-17,0,0,-9,0,sil
4.621875762939453,-10,7,-4,32,10,24,25,11,14,11,-11,-19,-3,2,sil
4.637964010238648,1,-7,-32,-1,9,0,8,13,36,31,5,-2,27,7,sil
4.637964010238648,14,2,28,-39,-1,-15,-30,10,-15,-18,-3,39,-1,13,sil
4.65340256690979,0,17,34,20,-4,28,10,-1,-8,-8,1,2,-10,-11,sil
4.65340256690979,-17,-16,-41,34,0,31,38,-11,28,30,1,-43,1,-15,sil
4.668884515762329,-8,-30,-12,-54,-12,-14,-11,16,-2,-10,-19,13,-13,15,sil
4.668884515762329,7,2,-3,-17,-8,-14,-3,1,2,-7,25,20,13,-7,sil
4.684037208557129,1,-2,-16,25,1,-8,6,-26,-11,-3,12,-21,-9,-17,sil
4.684037208557129,-15,-12,17,-8,-6,5,2,3,-24,-15,-45,-8,-46,8,sil
4.699430704116821,-10,-17,-75,19,1,10,30,-16,47,36,10,-41,30,-21,sil
4.699430704116821,8,-26,-12,-55,-7,-53,-47,-4,-39,-48,-2,12,-17,4,sil
4.715134620666504,5,38,148,-58,-18,-17,-50,41,-88,-81,-24,80,-52,24,sil
4.715134620666504,-8,45,-72,136,32,63,86,-49,87,106,78,-79,86,-62,sil
4.731034517288208,-8,-40,-105,35,26,-7,3,-47,14,34,-3,-69,-2,-6,sil
4.731034517288208,0,-7,163,-121,-28,-21,-74,78,-103,-94,-101,101,-111,81,sil
4.746936559677124,0,39,32,29,-2,40,46,28,66,61,28,3,50,-3,sil
4.746936559677124,0,-11,-104,28,14,-16,19,-27,74,59,41,-52,62,-20,sil
4.762475490570068,0,-15,22,-75,-11,-42,-54,24,-29,-47,-26,46,-19,28,sil
4.762475490570068,12,18,13,-2,0,6,-2,2,14,6,18,16,34,-4,sil
4.77808690071106,23,28,0,28,16,2,-1,-22,1,2,19,-6,21,-12,sil
4.77808690071106,9,27,36,6,5,-1,-14,-5,-35,-38,-9,14,-27,-2,sil
4.793231010437012,-2,8,1,23,6,18,9,-12,-7,-11,0,-11,-12,-12,sil
4.793231010437012,-2,1,7,24,8,26,11,-3,-11,-4,-14,-12,-16,0,sil
4.808949947357178,-15,-2,4,19,-4,23,19,6,-6,8,-24,-9,-22,2,sil
4.808949947357178,-19,-32,-25,1,-13,4,24,2,18,35,-16,-17,-9,4,sil
4.823968172073364,0,-37,-9,-21,-11,-3,10,17,26,35,-5,6,4,24,sil
4.823968172073364,8,-22,-10,-12,-5,-2,8,18,30,27,9,18,23,17,sil
4.839657783508301,7,-19,-21,-9,0,-14,2,7,24,7,15,14,27,3,sil
4.839657783508301,14,-1,1,-9,3,-14,-4,13,14,-4,25,21,30,7,sil
4.855248212814331,17,16,5,0,5,-7,-8,-2,0,-8,38,14,25,0,sil
4.855248212814331,13,14,0,1,0,-18,-20,-21,-29,-32,21,3,-3,-12,sil
4.871009349822998,0,19,5,7,0,-12,-16,-21,-33,-32,9,1,-13,-13,sil
4.871009349822998,-20,13,0,14,3,2,-3,-20,-22,-16,3,-12,-16,-19,sil
4.886120557785034,-27,-2,-3,5,-3,9,-5,-17,-29,-22,-24,-28,-40,-25,sil
4.901822566986084,-25,-9,-15,9,-6,20,2,-9,-11,2,-27,-40,-29,-15,sil
4.901822566986084,-21,-15,-18,2,-3,17,13,2,11,32,-16,-27,-11,2,sil
4.901822566986084,-16,-22,-13,-21,-4,1,11,16,20,23,-15,-6,-7,4,sil
4.916916370391846,-1,-21,-20,-30,-9,-9,0,15,20,7,-12,0,11,0,sil
4.93255615234375,19,-2,2,-22,-14,-16,-16,11,0,-10,-7,19,24,11,sil
4.93255615234375,24,19,17,0,-4,-19,-18,1,-13,-19,6,31,24,6,sil
4.948196649551392,22,25,10,2,10,-20,-20,-8,-15,-26,19,23,11,-2,sil
4.948196649551392,21,33,32,6,19,-4,-13,-4,-16,-23,22,17,-1,0,sil
4.963910818099976,7,28,35,34,20,19,14,-3,0,6,9,-1,-2,0,sil
4.963910818099976,-11,8,14,17,7,21,24,0,4,11,-25,-16,-15,7,sil
4.979920864105225,-14,1,0,5,1,23,21,4,3,-1,-34,-17,-19,3,sil
4.979920864105225,-8,0,-4,21,8,26,20,0,1,3,-20,-20,-17,-2,sil
4.99604606628418,-9,-20,-4,-2,-2,10,11,7,4,20,-17,-11,-20,7,sil
4.99604606628418,-13,-34,-25,-31,-18,-3,0,10,27,30,-1,-4,0,4,sil
5.011791944503784,-7,-29,-31,-27,-13,-15,-13,7,21,12,8,-3,13,-2,sil
5.011791944503784,6,-12,-11,-8,-11,-26,-11,10,9,7,14,12,21,9,sil
5.027837514877319,21,4,0,0,-6,-25,-7,7,20,18,36,31,44,19,sil
5.027837514877319,31,16,15,-1,6,-12,-11,0,10,4,44,39,45,15,sil
5.027837514877319,29,20,18,3,14,-11,-8,-10,-4,-9,39,28,24,-1,sil
5.043024301528931,13,14,8,10,12,-16,-13,-19,-15,-19,25,14,0,-14,sil
5.058311700820923,0,11,11,12,9,6,-7,-22,-26,-22,0,-2,-18,-17,sil
5.058311700820923,-9,-2,0,5,2,25,9,-16,-24,-15,-24,-24,-34,-18,sil
5.073947191238403,-17,-14,-3,0,-3,13,10,-2,-18,-24,-30,-24,-39,-13,sil
5.073947191238403,-18,-1,4,14,1,15,18,-3,-13,-10,-19,-19,-24,-9,sil
5.089198112487793,-12,1,-1,10,0,21,27,-1,-6,21,-23,-25,-16,-1,sil
5.089198112487793,-16,-12,-12,-9,-15,3,15,10,2,17,-27,-19,-16,3,sil
5.104640960693359,-24,-17,-19,-9,-13,-5,0,11,8,0,-13,-9,-2,0,sil
5.104640960693359,-22,-15,-17,-10,-2,0,-1,11,10,1,-4,-8,5,6,sil
5.119848728179932,-6,-12,-4,-15,-5,0,0,26,24,19,-1,2,13,20,sil
5.119848728179932,10,-1,-9,-1,0,-8,-1,24,40,33,16,15,32,14,sil
5.135854244232178,15,9,-10,5,9,-8,-13,3,22,15,29,19,34,5,sil
5.135854244232178,10,12,23,-10,-1,-4,-27,-7,-12,-22,16,29,13,6,sil
5.15163516998291,6,9,4,-1,-12,-3,-21,-24,-10,-13,13,5,11,-20,sil
5.15163516998291,4,4,-21,0,0,-17,-24,-33,-25,-14,4,-14,-2,-32,sil
5.166757106781006,11,20,60,-14,6,-13,-31,-1,-62,-50,-21,27,-36,8,sil
5.166757106781006,14,35,70,28,6,25,14,9,-9,-10,-6,19,-13,10,sil
5.181888341903687,0,6,-11,44,12,36,44,-5,39,26,-1,-32,0,-9,sil
5.181888341903687,-5,-16,-24,2,12,19,38,8,24,10,-22,-22,-15,5,sil
5.198115110397339,3,-16,-26,-2,3,2,37,9,30,26,-5,-8,7,12,sil
5.198115110397339,1,-17,-25,-19,-7,-23,0,6,14,7,-2,0,5,8,sil
5.214006423950195,-11,-12,-15,-37,-14,-30,-33,8,-11,-23,-6,5,-4,-1,sil
5.214006423950195,-2,-3,-31,-11,-9,-26,-22,-11,-4,-7,19,-6,16,-12,sil
5.229964733123779,20,14,0,4,0,-23,-16,-13,-18,-7,26,12,13,-2,sil
5.229964733123779,19,27,36,14,6,-4,-11,-6,-32,-8,15,24,-4,-3,sil
5.245109081268311,9,14,26,23,8,11,0,-8,-12,6,10,2,-10,-7,sil
5.245109081268311,4,6,15,32,13,23,19,1,13,16,10,-1,-3,2,sil
5.26068377494812,-20,-3,6,24,9,29,25,6,9,16,-10,-8,-10,4,sil
5.26068377494812,-43,-24,-8,-13,-8,15,13,1,-16,2,-38,-26,-31,3,sil
5.275834560394287,-24,-24,-23,-19,-10,1,3,0,0,-4,-18,-21,-1,7,sil
5.275834560394287,7,-8,-17,-3,0,-5,-2,12,23,0,5,6,30,16,sil
5.291946887969971,7,-10,-3,-17,-5,-9,-9,17,12,2,1,11,15,15,sil
5.291946887969971,-4,-25,-17,-33,-12,-16,-16,-2,-5,-4,-9,-10,0,-3,sil
5.307966232299805,0,-18,-21,-28,-9,-18,-24,-16,-18,-25,-8,-11,0,-22,sil
5.307966232299805,3,4,3,-13,-8,-9,-21,-6,-19,-24,6,4,-5,-17,sil
5.323033332824707,11,23,23,5,0,-2,-8,1,3,2,33,17,9,0,sil
5.323033332824707,20,29,23,18,11,0,-6,2,17,19,32,24,25,3,sil
5.3386430740356445,4,21,27,16,4,11,-1,3,0,3,1,10,-2,-7,sil
5.338941335678101,-13,11,17,23,4,25,26,2,0,1,-7,-12,-19,-4,sil
5.3537445068359375,-8,1,-1,19,10,26,44,0,17,22,-5,-7,-4,10,sil
5.3537445068359375,-6,-6,2,-1,1,17,25,1,9,15,-20,0,-13,9,sil
5.369805812835693,-13,-8,1,7,2,18,18,3,6,2,-21,-17,-19,-1,sil
5.369805812835693,-2,-3,-4,10,7,9,23,7,14,12,-11,-12,-2,7,sil
5.385239124298096,13,0,-4,-13,-4,-10,7,13,12,23,-10,11,4,16,sil
5.385239124298096,11,-7,-19,-17,-8,-21,-13,4,4,8,0,6,5,1,sil
5.40117335319519,4,-9,-23,-13,-1,-22,-29,-4,-9,-26,6,4,5,-11,sil
5.40117335319519,5,-1,-16,-11,0,-23,-23,-11,-11,-34,5,6,7,-16,sil
5.416679620742798,7,0,-7,-22,-7,-21,-17,-10,-8,-22,7,8,8,-11,sil
5.416679620742798,6,0,0,-34,-9,-13,-25,-11,-17,-24,9,12,5,-3,sil
5.432093381881714,7,19,3,4,2,-4,-15,-23,-21,-26,8,4,0,-5,sil
5.432093381881714,11,38,26,58,18,4,4,-18,-19,-10,11,1,-7,-2,sil
5.448181390762329,2,20,27,49,9,12,5,-2,-16,8,8,-5,-7,0,sil
5.448181390762329,-18,-14,-3,5,-8,5,-2,-2,-15,8,-14,-20,-20,0,sil
5.463934659957886,-22,-19,-3,0,-4,8,6,0,-8,8,-22,-18,-27,1,sil
5.463934659957886,-12,-7,9,14,9,25,18,16,13,31,3,-5,0,13,sil
5.478627681732178,-8,-9,4,4,2,19,11,25,29,33,12,2,13,25,sil
5.478627681732178,-3,-13,-9,-6,-4,-1,7,22,30,19,7,0,12,13,sil
5.494522571563721,5,-6,-12,-12,0,-6,0,17,18,9,11,0,22,1,sil
5.494522571563721,8,-1,-6,-23,1,0,-8,16,12,0,6,8,24,7,sil
5.509970664978027,0,-3,-11,-18,-5,-5,-8,7,15,0,0,5,19,1,sil
5.509970664978027,-7,-3,-9,-10,-7,-15,-14,-5,0,-5,1,1,12,-11,sil
5.526068925857544,0,0,0,-9,-1,-8,-15,-13,-16,-19,3,4,1,-13,sil
5.526068925857544,7,5,5,-4,-1,3,-1,-22,-17,-21,0,1,-10,-12,sil
5.541813373565674,1,12,5,10,-1,10,11,-23,-23,-12,-12,-8,-19,-12,sil
5.541813373565674,-10,-3,-1,8,1,11,18,-7,-15,0,-22,-16,-20,0,sil
5.5569398403167725,-5,-23,-7,-16,-3,2,16,7,11,10,-15,-3,-9,8,sil
5.5569398403167725,13,-8,-4,-11,-6,-9,6,8,19,7,0,8,8,0,sil
5.572657346725464,19,17,9,12,2,-12,-3,0,-2,-11,9,13,7,-4,sil
5.572657346725464,12,18,14,7,8,-5,-3,-1,-10,-23,7,11,-2,-3,sil
5.590998411178589,10,10,7,2,10,-3,0,4,0,-11,3,0,-7,-5,sil
5.590998411178589,0,11,13,17,16,1,1,7,7,2,-5,-7,-11,-7,sil
5.60300612449646,-14,5,5,16,5,10,4,0,7,11,-14,-20,-15,-11,sil
5.6188576221466064,-12,1,-3,5,-2,9,2,-9,0,7,-13,-19,-17,-8,sil
5.6188576221466064,-4,2,9,16,5,11,8,-3,-3,8,-6,-1,-12,7,sil
5.6188576221466064,-3,-6,-3,10,2,9,8,0,6,12,-8,0,-2,19,sil
5.634862422943115,-10,-24,-33,-32,-18,-6,-12,-3,3,2,-13,-7,-1,11,sil
5.634862422943115,-13,-30,-30,-45,-23,-19,-15,3,1,5,0,0,6,3,sil
5.650112152099609,-7,-20,-15,-23,-14,-18,0,13,15,13,7,10,17,12,sil
5.665646553039551,1,-10,-9,-20,-13,-17,-12,5,10,-4,7,11,16,8,sil
5.665646553039551,5,-7,-2,-20,-10,-16,-31,-3,-9,-12,22,12,20,-5,sil
5.6816887855529785,12,7,16,-2,6,-5,-18,0,-13,0,31,22,23,-3,sil
5.6816887855529785,13,27,26,19,17,10,0,0,-6,2,24,17,15,0,sil
5.6816887855529785,1,25,22,27,11,21,3,-4,-6,0,16,1,4,-3,sil
5.696894645690918,2,22,27,34,9,28,15,0,-3,6,15,7,0,1,sil
5.712036371231079,16,36,31,52,19,37,27,-1,-1,6,17,16,2,12,sil
5.712036371231079,9,24,21,42,12,30,17,-7,-6,0,0,0,-3,10,sil
5.728065729141235,-8,-14,-8,0,-9,-1,5,2,0,5,-28,-21,-13,0,sil
5.728065729141235,-4,-19,-28,-21,-9,-26,2,7,5,0,-25,-12,-10,-3,sil
5.744008779525757,10,3,-17,-10,2,-23,-9,-2,-10,-28,-1,4,-1,-6,sil
5.744008779525757,11,10,-5,-2,3,-16,-17,-10,-19,-46,3,-2,-4,-14,sil
5.759712219238281,-10,2,-5,0,4,-1,-5,-9,-13,-25,-11,-19,-13,-21,sil
5.759712219238281,-25,-14,-14,-4,0,12,13,1,0,11,-23,-31,-11,-13,sil
5.774768829345703,-14,-34,-22,-19,-12,-1,14,15,16,19,-21,-26,-4,3,sil
5.774768829345703,0,-26,-8,-29,-11,-21,-5,8,8,-1,-7,-1,0,7,sil
5.790828704833984,0,0,2,-12,-2,-12,-17,-9,-10,-11,0,7,1,-5,sil
5.790828704833984,-8,5,4,11,5,9,-1,-4,-1,1,-5,-5,-6,-13,sil
5.806911945343018,-16,-8,1,10,5,21,18,13,23,30,-8,-8,-11,-2,sil
5.806911945343018,-9,-15,-11,-10,-3,15,11,16,31,49,0,-2,-1,10,sil
5.82207179069519,10,-13,-13,-22,-6,-2,-1,11,25,32,2,3,11,17,sil
5.82207179069519,19,-11,-3,-19,-3,-19,-4,5,16,3,-1,12,15,16,sil
5.838062763214111,9,-3,-3,-17,-7,-23,-12,-2,2,-5,0,17,8,7,sil
5.838062763214111,8,15,1,-1,-2,-17,-18,-3,-4,-9,21,18,6,2,sil
5.853136777877808,13,27,14,16,7,-3,-8,-7,-7,-18,28,15,11,1,sil
5.853136777877808,0,13,16,2,2,3,-6,-19,-22,-24,4,3,0,-7,sil
5.86876392364502,-9,3,8,-7,-4,2,-9,-27,-33,-24,-10,-12,-15,-15,sil
5.86876392364502,-5,15,14,11,4,9,0,-16,-24,-16,-3,-8,-13,-9,sil
5.883830308914185,-5,11,19,21,12,22,16,6,-8,4,0,4,-6,2,sil
5.883830308914185,-7,-12,3,7,4,18,27,13,5,18,0,1,0,10,sil
5.899461030960083,-3,-17,-4,-2,1,8,20,5,15,9,-1,0,3,10,sil
5.899461030960083,1,0,0,3,4,12,12,11,21,3,-4,5,2,8,sil
5.915269613265991,9,12,1,12,6,12,0,15,19,8,7,12,12,7,hello
5.915269613265991,16,8,1,4,4,-9,-18,0,2,1,28,19,26,1,hello
5.930893898010254,13,10,4,1,0,-20,-20,-6,-9,-12,24,17,12,-9,hello
5.930893898010254,0,16,13,14,1,0,0,0,-7,-10,2,0,-10,-10,hello
5.947005987167358,-10,5,4,19,1,12,11,-2,-4,3,-13,-23,-17,-6,hello
5.947005987167358,-16,-15,-19,4,-3,9,13,-5,-5,9,-22,-29,-22,-10,hello
5.963039875030518,-18,-28,-23,-7,-11,0,14,9,1,8,-21,-13,-19,-8,hello
5.963039875030518,-7,-19,-12,-6,-16,-15,0,14,10,12,-4,1,5,2,hello
5.978305339813232,11,-2,-4,-2,-15,-31,-27,-4,3,3,9,11,21,7,hello
5.978305339813232,25,6,3,1,-7,-26,-32,-17,-13,-16,8,14,16,7,hello
5.994310617446899,27,14,16,12,2,-7,-18,-10,-25,-20,10,13,10,6,hello
5.994310617446899,15,19,22,13,4,0,-5,-9,-25,-16,9,6,-1,0,hello
6.00987434387207,-4,6,3,4,-1,2,4,-15,-17,-16,-10,-15,-20,-7,hello
6.00987434387207,-19,-13,-11,-1,-4,9,9,-3,-6,0,-24,-23,-20,0,hello
6.0310821533203125,-12,-17,-10,-12,-1,7,7,17,14,18,-10,-2,0,17,hello
6.0310821533203125,3,-6,-10,-28,1,-4,0,25,28,15,4,9,18,18,hello
6.0310821533203125,2,1,-10,-23,8,-7,-10,11,10,0,11,0,16,-1,hello
6.041004180908203,-14,0,-13,-6,12,8,-3,-5,-9,-8,4,-18,-1,-18,hello
6.0564398765563965,-30,-7,-19,-8,9,23,17,-5,-2,1,-12,-31,-22,-18,hello
6.0564398765563965,-29,-12,-19,-10,4,19,27,3,17,21,-21,-35,-21,-9,hello
6.072154760360718,-12,-10,-8,-17,1,12,22,10,32,25,-16,-24,-7,0,hello
6.072154760360718,0,-4,-5,-43,0,3,8,14,33,13,-8,4,0,4,hello
6.087739706039429,4,2,-10,-41,2,-6,-7,4,18,10,6,21,9,-2,hello
6.087739706039429,10,6,16,-14,5,-5,-11,-12,-1,-2,11,14,9,-15,hello
6.103084564208984,22,9,51,1,0,-2,-3,-19,-12,-29,-1,8,-3,-16,hello
6.103084564208984,19,15,33,28,-3,-6,4,-16,-12,-23,0,13,-7,-5,hello
6.118230581283569,-1,10,7,64,7,7,14,-10,-5,13,22,13,1,3,hello
6.118230581283569,-8,5,12,66,5,23,23,4,5,27,17,18,7,15,hello
6.133434057235718,4,6,12,39,0,2,8,17,7,9,-5,26,6,26,hello
6.133434057235718,17,-1,-1,7,-2,-21,-19,12,-3,-8,0,26,11,22,hello
6.14862585067749,19,-8,-5,-10,-13,-22,-32,0,-18,-29,21,27,24,12,hello
6.14905309677124,11,0,2,-2,-16,-21,-24,-4,-30,-47,15,14,8,0,hello
6.164655208587647,-2,1,0,8,-8,-14,-13,-12,-29,-24,-10,-23,-25,-20,hello
6.164655208587647,-9,-6,-4,0,-8,6,0,-15,-14,18,-15,-30,-25,-11,hello
6.180630922317505,0,-9,-3,-11,-6,10,14,2,4,29,-3,-2,3,19,hello
6.180630922317505,6,-8,-17,-18,0,-8,1,10,8,10,1,4,16,16,hello
6.1960766315460205,0,-5,-18,-20,-5,-22,-30,-3,-2,-5,10,8,14,-2,hello
6.1960766315460205,2,11,5,0,-4,-9,-26,-5,-4,-7,14,8,5,-4,hello
6.212007999420166,3,25,21,18,7,13,5,-1,0,0,4,-9,-4,0,hello
6.212007999420166,-4,15,12,17,14,26,20,-8,0,10,2,-18,-1,3,hello
6.228268146514893,-6,0,1,15,13,26,27,-3,3,20,4,-11,-1,9,hello
6.228268146514893,-2,-4,-4,0,11,18,29,14,14,17,-12,-13,-16,9,hello
6.244268178939819,-10,-10,-20,-24,2,-3,12,18,18,0,-27,-18,-10,0,hello
6.244268178939819,-18,-15,-24,-29,-3,-21,-9,6,7,-10,-12,-8,8,-16,hello
6.259978294372559,-6,-3,-6,-16,0,-16,-21,-6,-9,-9,4,0,2,-24,hello
6.259978294372559,2,15,7,4,2,0,-20,-12,-17,-14,-1,-6,-19,-24,hello
6.2760844230651855,-7,8,7,16,4,11,0,-6,-8,-16,-18,-21,-27,-17,hello
6.2760844230651855,-12,-12,-5,2,3,17,26,5,11,4,-15,-16,-11,0,hello
6.29182767868042,-5,-17,-15,-21,-2,8,22,14,26,22,7,9,16,12,hello
6.29182767868042,5,-12,-9,-26,-2,-2,5,13,21,10,20,24,30,4,hello
6.307019710540772,21,0,-1,-8,0,-5,0,6,17,2,18,22,27,0,hello
6.307019710540772,15,13,7,0,0,-10,-10,-1,8,5,16,20,19,4,hello
6.322235584259033,-7,8,8,0,-1,-11,-18,-10,-14,-2,7,6,-2,-5,hello
6.322235584259033,-11,0,0,7,2,5,0,-9,-20,-13,-9,-14,-24,-13,hello
6.337795734405518,-4,-5,-2,14,0,16,19,-5,-7,-12,-23,-12,-25,-3,hello
6.337795734405518,-8,-17,-10,-1,-15,2,4,-5,-4,-6,-29,-13,-20,-1,hello
6.353008031845093,-4,-18,-15,-16,-14,-8,-13,0,3,5,-13,-15,-6,-4,hello
6.353008031845093,3,-7,-6,-14,-4,-11,-20,8,10,8,2,-1,16,1,hello
6.368075847625732,4,0,0,-6,-5,-18,-27,2,-9,-7,2,10,17,5,hello
6.368075847625732,15,16,19,16,1,-16,-17,0,-17,-11,15,19,9,7,hello
6.38373613357544,28,37,45,38,15,0,7,2,0,6,31,25,17,15,sil
6.398909091949463,9,24,39,30,14,13,14,0,-4,10,10,8,8,16,sil
6.398909091949463,-7,0,16,20,5,15,12,-2,-6,6,-11,-1,-8,20,sil
6.398909091949463,0,-2,4,16,-1,12,18,0,13,17,-4,9,-2,26,sil
6.4140729904174805,0,-6,-4,-7,-9,-1,11,0,14,18,-8,7,-2,17,sil
6.4300971031188965,-2,-18,-16,-25,-9,-19,0,3,0,-1,-13,0,-6,1,sil
6.4300971031188965,3,-10,-13,-22,-2,-15,-9,-1,-7,-20,9,12,5,-9,sil
6.446112394332886,4,11,0,-14,0,-1,-12,-14,-12,-19,18,6,0,-23,sil
6.446112394332886,0,21,11,6,3,3,-1,-12,-10,-9,0,-11,-16,-22,sil
6.461708307266235,6,14,16,26,12,6,10,-2,-8,-10,3,-6,-8,-5,sil
6.461708307266235,-1,0,-3,13,5,17,11,-2,-6,-5,7,-6,0,0,sil
6.478008985519409,-22,-16,-25,-4,-6,23,10,0,7,11,-11,-23,-12,-2,sil
6.478008985519409,-19,-25,-25,-7,-8,5,6,14,20,19,-21,-21,-7,0,sil
6.493462562561035,-4,-18,-24,-15,-2,-11,-6,13,15,11,-6,-8,14,3,sil
6.493462562561035,0,-9,-23,-24,4,-5,-16,1,0,-2,1,4,12,-5,sil
6.508795738220215,7,-8,-12,-11,3,-1,-16,-1,-6,-17,4,8,2,-15,sil
6.509108543395996,10,1,0,0,3,-6,-14,0,-8,-19,14,1,7,-18,sil
6.524627685546875,0,18,7,1,9,-2,-8,0,-7,-10,14,-6,4,-18,sil
6.524627685546875,-6,20,11,11,9,3,5,-1,-4,-7,0,-7,-11,-9,sil
6.539851665496826,-6,9,12,17,6,5,16,0,0,0,-5,-4,-14,8,sil
6.539851665496826,-10,-3,-1,1,-2,9,17,8,14,27,-1,-5,0,18,sil
6.555073976516724,-10,-11,-16,-11,-17,2,5,12,24,34,2,1,13,15,sil
6.555073976516724,1,0,-1,-7,-14,-14,-11,4,8,3,12,17,20,5,sil
6.570729494094849,5,14,16,-4,-1,-22,-12,-7,-12,-13,12,12,10,-2,sil
6.570729494094849,-3,7,17,0,1,-3,0,-8,-13,0,-4,-3,-11,-1,sil
6.585958242416382,2,1,14,21,4,15,11,-8,-5,9,-16,-3,-20,1,sil
6.585958242416382,11,7,14,28,9,16,19,-4,1,8,-15,1,-10,2,sil
6.601908683776856,0,0,8,3,8,12,23,8,18,17,-10,-1,0,14,sil
6.601908683776856,-5,-14,-6,-14,0,11,13,11,30,22,-9,-5,3,16,sil
6.618011236190796,0,-20,-14,-15,-10,-2,-8,0,14,4,-13,0,4,0,sil
6.618011236190796,9,-15,-12,-12,-14,-27,-22,-2,0,-13,-4,12,8,0,sil
6.633167028427124,25,0,1,-7,-9,-31,-17,0,-3,-24,16,20,16,13,sil
6.633167028427124,27,7,11,-8,-10,-20,-12,-11,-19,-32,17,20,14,1,sil
6.648758411407471,7,3,2,-9,-9,-11,-15,-17,-32,-26,3,13,0,-17,sil
6.648758411407471,4,13,9,8,1,-2,-13,-11,-29,-17,5,12,-9,-11,sil
6.6638898849487305,6,12,17,20,5,3,-7,-10,-27,-21,0,0,-20,-9,sil
6.6638898849487305,-20,-7,-8,0,4,10,-5,-11,-28,-21,-25,-27,-29,-25,sil
6.6790735721588135,-39,-11,-19,-5,9,22,5,0,-11,0,-24,-33,-26,-19,sil
6.6790735721588135,-23,-3,-2,9,4,28,23,11,5,21,-6,-22,-19,3,sil
6.69488263130188,-18,-12,-6,3,2,17,19,7,9,17,-4,-21,-16,8,sil
6.69488263130188,-18,-14,-20,-6,13,11,14,15,29,21,0,-13,7,9,sil
6.709861278533936,3,2,-8,3,19,13,22,34,53,47,20,15,45,26,sil
6.709861278533936,18,5,5,8,10,0,13,31,42,41,31,27,47,32,sil
6.7258689403533936,12,-5,-3,-1,-2,-17,-10,11,17,-4,22,8,27,16,sil
6.7258689403533936,8,-3,-6,-10,-9,-17,-19,0,4,-27,14,4,16,0,sil
6.741933107376099,6,7,6,-10,-7,-14,-19,-17,-18,-19,12,15,6,-10,sil
6.741933107376099,0,16,9,-2,-8,-17,-18,-32,-35,-22,1,2,-11,-26,sil
6.757962226867676,-2,16,6,0,-10,-11,-14,-22,-23,-27,-6,-8,-22,-30,sil
6.757962226867676,-1,11,8,0,-4,0,-8,-10,-9,-7,-4,-2,-18,-20,sil
6.773862361907959,5,12,12,15,6,14,6,-4,-8,11,-1,-4,-12,-5,sil
6.773862361907959,8,9,14,28,5,19,22,1,0,17,-4,-8,-12,2,sil
6.789267539978027,0,0,7,18,0,17,20,6,19,33,-1,1,0,15,sil
6.789267539978027,1,-5,-3,-1,5,14,13,13,28,39,6,15,16,26,sil
6.804879426956177,8,0,-10,-6,6,6,12,13,21,18,2,7,15,18,sil
6.804879426956177,4,0,-7,-4,0,-2,8,8,8,-2,-9,1,5,3,sil
6.820667266845703,0,-15,-8,-22,-7,-12,0,5,-2,-17,-12,3,4,-2,sil
6.820667266845703,-3,-19,-16,-35,-16,-26,-12,-7,-23,-37,-14,-5,-7,-17,sil
6.835756063461304,-14,-2,-3,-9,-12,-27,-24,-24,-42,-43,-17,-15,-23,-33,sil
6.835756063461304,-10,2,11,23,1,-2,-14,-15,-24,-16,-14,-16,-19,-20,sil
6.850896596908569,0,-7,4,16,3,18,7,0,7,17,-11,-10,-13,4,sil
6.850896596908569,-4,-15,-10,-10,-3,12,8,8,20,24,-4,-4,-1,15,sil
6.866826057434082,-1,-10,-14,-14,-6,-7,-7,15,18,6,12,5,21,17,sil
6.866826057434082,11,1,2,-5,-1,-17,-22,7,-1,-12,20,16,16,12,sil
6.881953716278076,2,7,10,-3,1,-10,-18,-15,-27,-24,1,2,-16,-4,sil
6.881953716278076,-19,-2,-3,-1,0,3,1,-20,-22,-22,-14,-17,-24,-10,sil
6.898066759109497,-10,-8,-1,8,0,18,22,1,5,2,-10,-6,-6,10,sil
6.898066759109497,11,-6,2,7,6,16,16,16,18,22,-5,3,0,17,sil
6.9138946533203125,6,-5,-9,-13,2,-7,-11,9,6,8,-4,-1,1,-3,sil
6.9138946533203125,0,1,-9,-8,-1,-19,-17,2,0,-4,10,3,15,-12,sil
6.930214881896973,14,25,11,14,12,0,2,8,6,-6,33,22,32,3,sil
6.930214881896973,24,38,21,18,23,18,10,9,10,-3,40,31,37,9,sil
6.945819854736328,15,30,12,20,14,13,3,0,7,15,29,19,25,0,sil
6.945819854736328,-4,12,9,18,5,-1,-1,-7,0,19,8,0,2,-6,sil
6.961072444915772,-22,-7,4,0,-3,-7,-7,-17,-6,3,-5,-12,-9,-11,sil
6.961072444915772,-24,-9,1,-3,-11,6,1,-16,-6,8,-4,-11,-7,-11,sil
6.976745843887329,-10,1,7,8,0,22,19,-6,-2,14,-3,-6,-11,1,sil
6.976745843887329,-5,-2,2,0,8,15,20,-6,-4,4,-11,-13,-18,6,sil
6.992034912109375,-12,-17,-3,-7,-1,2,12,-1,-7,6,-18,-15,-15,1,sil
6.992034912109375,5,-15,4,5,-9,2,15,14,8,12,-17,-2,-7,13,sil
7.007999658584595,28,-8,2,0,-4,2,12,22,35,2,-13,3,-3,25,sil
7.007999658584595,13,-15,-18,-26,-4,-9,-6,18,34,-5,-12,2,-1,10,sil
7.022832870483398,-4,-19,-30,-30,-13,-24,-18,13,5,-7,-16,3,2,-9,sil
7.022832870483398,3,-9,-21,-23,-15,-30,-17,3,-17,-19,-12,5,6,-12,sil
7.038814067840576,7,0,-10,-20,-14,-28,-20,-8,-16,-32,0,4,6,-14,sil
7.038814067840576,-8,4,-8,-7,-12,-19,-18,-13,-10,-25,6,-2,0,-22,sil
7.05415940284729,-9,6,0,0,1,-7,-9,-13,-14,-9,7,-6,-8,-21,sil
7.05415940284729,5,12,9,6,13,0,-6,-9,-14,-1,15,1,0,-5,sil
7.06991171836853,4,15,14,19,9,4,-8,-9,-13,-6,21,10,4,0,sil
7.06991171836853,-7,5,13,19,5,10,-5,-13,-20,-10,10,-1,-9,-9,sil
7.08507513999939,-6,0,3,12,3,15,0,-6,-17,-1,0,-15,-19,-9,sil
7.08507513999939,1,4,10,15,10,19,17,6,-2,9,3,-2,-10,6,sil
7.100965261459351,1,5,16,16,16,18,28,9,14,16,3,0,0,15,sil
7.100965261459351,-3,1,0,8,4,8,11,1,16,16,-10,-9,0,13,sil
7.115993976593018,-5,2,-6,10,-1,6,-4,2,7,16,-12,-5,1,12,sil
7.131878852844238,0,1,0,11,9,20,5,8,9,18,-3,1,5,17,sil
7.131878852844238,1,-4,-7,-1,2,17,10,4,12,8,-2,1,11,13,sil
7.131878852844238,-2,-10,-16,-11,-13,-2,-1,0,4,-2,-7,-3,8,1,sil
7.146876335144043,-1,-10,-10,-13,-6,-12,-6,2,0,0,-12,-3,1,-2,sil
7.162271738052368,2,-7,-2,-12,3,-9,0,10,8,10,-3,3,9,1,sil
7.162271738052368,1,-2,-1,-8,-2,-2,11,16,20,18,12,9,21,6,sil
7.177874565124512,2,-4,3,-16,-7,-5,5,17,19,16,15,15,19,9,sil
7.177874565124512,13,-5,5,-22,-14,-24,-15,2,5,-2,12,22,12,4,sil
7.19362473487854,14,8,4,-8,-14,-25,-28,-19,-17,-23,12,18,7,-6,sil
7.19362473487854,5,18,13,2,3,-1,-24,-22,-33,-32,6,7,-4,-15,sil
7.208848476409912,3,15,19,9,13,0,-10,-8,-21,-24,4,1,-10,-10,sil
7.208848476409912,8,18,21,18,9,-7,4,-4,-2,-11,16,10,-6,0,sil
7.2243335247039795,5,20,17,21,13,11,15,-11,-3,-7,11,4,-12,-1,sil
7.2243335247039795,-11,0,-1,15,12,23,17,-9,-8,-16,-20,-23,-28,-18,sil
7.239640712738037,-25,-18,-19,3,0,9,14,-4,-2,-14,-42,-39,-31,-24,sil
7.239640712738037,-25,-14,-19,-4,-5,2,12,-1,3,10,-27,-26,-14,-11,sil
7.254886865615845,-17,-7,-9,1,4,12,11,3,4,27,0,-6,3,2,sil
7.254886865615845,-7,-14,-12,6,1,9,8,7,2,24,1,-11,0,3,sil
7.270083904266357,-4,-19,-19,-8,-11,-8,1,11,10,21,-12,-16,-4,3,sil
7.270083904266357,-1,-13,-15,-16,-8,-17,-4,16,26,19,-2,1,12,8,sil
7.285936117172241,6,-11,-14,-13,-8,-17,-13,12,23,7,11,12,27,7,sil
7.285936117172241,10,-8,-11,-23,-14,-20,-25,4,0,-10,11,11,19,4,sil
7.3011603355407715,15,3,3,-20,-6,-10,-23,0,-11,-23,16,21,12,2,sil
7.3011603355407715,18,11,14,0,0,7,-9,-7,-18,-26,16,21,9,-5,sil
7.316669464111328,10,10,22,9,-3,5,-4,-15,-32,-19,10,4,0,-6,sil
7.316669464111328,8,18,30,16,1,0,0,-13,-23,-8,7,4,-8,5,sil
7.331798315048218,8,23,25,21,9,9,11,-5,-2,1,0,12,-11,9,sil
7.331798315048218,3,7,10,13,6,13,21,4,8,18,-2,4,-6,14,sil
7.34695029258728,1,1,5,12,6,12,17,7,18,30,5,0,5,21,sil
7.34695029258728,-8,1,-1,8,11,17,3,0,11,13,-6,-7,-5,5,sil
7.362940311431885,-31,-13,-25,-13,3,10,3,0,0,-3,-35,-31,-29,-15,sil
7.362940311431885,-27,-27,-32,-28,-9,-2,12,11,6,7,-31,-27,-19,-8,sil
7.378090143203735,-2,-21,-14,-18,-11,-5,2,14,19,16,-8,-1,5,7,sil
7.378090143203735,4,0,-3,-1,-3,-4,-11,1,14,0,-1,4,10,3,sil
7.393429756164551,10,15,3,7,3,-6,-12,0,10,-14,6,8,14,-3,sil
7.393429756164551,22,16,6,9,7,-10,-11,3,13,-9,20,18,23,1,sil
7.4090354442596436,14,15,1,2,3,-17,-17,-2,0,-11,19,16,15,0,sil
7.4090354442596436,-3,14,0,-2,-2,-15,-17,-19,-25,-20,16,7,0,-16,sil
7.424139499664307,-4,14,4,3,1,0,-9,-23,-34,-23,8,-3,-11,-26,sil
7.424139499664307,0,16,16,17,8,9,-2,-14,-34,-23,-2,-6,-21,-15,sil
7.440018892288208,-2,8,15,20,1,4,4,-8,-31,-13,-10,-7,-18,-3,sil
7.440018892288208,-10,-9,-4,5,2,9,13,-3,-14,4,-17,-20,-13,-2,sil
7.455208778381348,-14,-17,-11,0,13,24,20,7,10,16,-14,-23,-11,-1,sil
7.455208778381348,-6,-16,0,7,4,19,25,18,33,30,1,-7,1,10,sil
7.470654964447021,-3,-19,-3,-2,-6,1,24,23,43,40,10,4,17,22,sil
7.48672890663147,-1,-20,-16,-24,-7,-3,13,18,30,30,7,3,21,18,sil
7.48672890663147,7,-14,-12,-27,-8,-8,-2,9,8,10,0,4,21,7,sil
7.48672890663147,8,-8,1,-15,-11,-20,-12,2,3,0,0,14,16,3,sil
7.502852916717529,5,0,0,-6,-10,-21,-12,-1,8,-1,10,19,12,2,sil
7.502852916717529,6,0,-2,-11,-6,-11,-16,-7,-7,-7,16,17,12,-1,sil
7.518975734710693,4,2,2,-12,-1,-13,-21,-14,-28,-26,0,6,0,-7,sil
7.518975734710693,5,15,16,5,0,-9,-12,-13,-28,-30,-8,1,-15,-4,sil
7.535103321075439,11,24,30,26,6,8,3,-1,-14,-3,6,9,-11,4,sil
7.535103321075439,4,14,19,27,11,12,10,-1,-6,4,4,0,-9,1,sil
7.550753831863403,-16,-3,-3,6,8,9,3,-13,-8,-15,-26,-28,-33,-11,sil
7.550753831863403,-34,-17,-16,-11,-4,12,0,-2,0,-8,-42,-42,-40,-13,sil
7.565804004669189,-22,-18,-13,-11,-12,0,2,20,15,9,-24,-16,-8,4,sil
7.565804004669189,17,-8,-2,-3,-6,-17,-5,15,20,1,5,18,23,17,sil
7.580990791320801,37,6,4,3,-1,-12,-6,1,15,-2,21,28,31,9,sil
7.596869468688965,21,25,7,8,3,3,1,3,10,3,25,20,21,-2,sil
7.596869468688965,7,25,-1,2,8,6,0,0,3,0,23,9,7,-6,sil
7.611622333526611,2,6,-12,-1,6,1,-6,-12,-6,-6,8,-3,-1,-10,sil
7.611622333526611,-4,3,-1,8,4,4,-1,-9,-12,-8,0,-5,-11,-11,sil
7.628284692764282,-2,19,15,25,6,14,6,-2,-4,4,7,-3,-11,0,sil
7.628284692764282,-8,13,9,20,5,20,8,-9,0,17,0,-7,-8,1,sil
7.643876314163208,-29,-14,-13,-3,0,17,8,-7,-6,13,-19,-18,-17,-8,sil
7.643876314163208,-26,-20,-21,-11,-1,14,14,12,-1,16,-16,-12,-12,0,sil
7.643876314163208,-1,-7,-5,0,2,17,23,21,19,29,-3,3,13,24,sil
7.658989429473877,3,-13,-6,0,0,12,16,8,24,14,-13,-1,11,16,sil
7.674129962921143,-8,-30,-18,-27,-4,-7,-2,3,0,-10,-24,-13,-8,-4,sil
7.674129962921143,-6,-30,-15,-35,-6,-20,-10,1,-5,-12,-8,-2,3,-1,sil
7.689717531204224,4,-10,-4,-14,-2,-19,-12,-2,0,-13,12,10,17,0,sil
7.689717531204224,6,8,6,0,0,-27,-22,-4,-15,-23,16,11,5,-15,sil
7.70489764213562,7,6,5,-2,-6,-40,-28,-10,-26,-21,8,6,2,-17,sil
7.70489764213562,10,0,7,-13,-15,-34,-27,-12,-18,-20,7,10,9,-2,sil
7.720051527023315,12,18,18,-1,-4,-14,-19,-11,-12,-21,21,14,8,0,sil
7.720051527023315,13,30,18,22,5,-8,-7,-14,-11,-8,15,2,1,-7,sil
7.736020803451538,4,10,20,14,-1,-1,-4,-10,-6,2,-4,-3,-6,-2,sil
7.736020803451538,-5,0,22,2,-3,18,10,4,4,17,-4,-3,-6,4,sil
7.751008987426758,-9,4,4,12,6,25,28,8,9,29,2,-10,-5,0,sil
7.751008987426758,-9,0,-4,17,6,20,24,5,6,17,-4,-14,-13,-4,sil
7.767128229141235,-5,-6,0,7,3,27,19,7,5,0,-15,-12,-19,2,sil
7.767128229141235,-4,-3,-2,-1,9,30,24,14,10,8,-18,-11,-15,10,sil
7.78266716003418,-2,-2,-16,0,10,19,26,21,35,30,-2,-2,7,11,sil
7.78266716003418,8,-5,-8,0,0,3,12,17,42,19,5,17,20,20,sil
7.798300266265869,10,-8,-2,-9,-6,-10,-2,8,11,-3,-4,14,6,21,sil
7.798300266265869,3,-5,-25,-8,-4,-21,-5,4,3,0,0,-4,9,8,sil
8.249766826629639,-24,-12,-26,-17,7,22,20,18,27,23,-14,-22,-8,0,sil
8.249766826629639,-4,-23,-33,-30,2,-3,4,5,18,16,-6,-6,17,6,sil
8.264929056167603,9,-8,-6,-30,-4,-20,-4,3,1,-6,5,22,32,11,sil
8.264929056167603,9,6,-13,5,-12,-21,-16,-13,0,-15,28,5,31,-7,sil
8.27999210357666,20,21,27,20,-14,-33,-44,-9,-36,-54,16,15,-5,-7,sil
8.27999210357666,31,40,57,56,2,-15,-11,-5,-25,-34,27,25,2,0,sil
8.295145034790039,24,27,36,74,19,20,28,-10,5,21,37,13,25,15,sil
8.295145034790039,5,0,29,27,4,23,17,4,-6,18,0,4,-9,24,sil
8.311086893081665,-17,-23,-4,0,-18,0,16,8,2,10,-21,-25,-24,1,sil
8.311086893081665,-14,-41,-31,-10,-20,-5,20,5,29,20,-11,-21,2,3,sil
8.326744556427002,10,-18,-3,-25,-4,4,0,21,25,18,8,22,29,25,sil
8.326744556427002,8,13,0,-13,8,-5,-13,11,2,0,29,28,32,11,sil
8.341758012771606,-11,11,-13,-9,0,-24,-23,-16,-24,-27,13,5,5,-14,sil
8.341758012771606,-9,5,-7,-12,-9,-18,-27,-25,-26,-31,-9,-3,-16,-22,sil
8.358286619186401,1,11,5,4,-3,-4,-24,-22,-24,-29,-14,-9,-29,-16,sil
8.358286619186401,-6,4,9,7,1,12,-5,-8,-28,-23,-29,-8,-39,-5,sil
8.374226331710815,-18,-15,-14,-14,-3,27,16,-1,0,15,-35,-12,-20,0,sil
8.374226331710815,-5,-24,-24,-36,-4,10,12,4,24,29,-20,-6,0,7,sil
8.389089822769165,8,-16,-12,-27,-5,-15,-1,17,20,12,0,11,11,11,sil
8.389089822769165,9,-2,-13,-9,-5,-23,-7,18,22,12,14,15,26,0,sil
8.404229164123535,15,15,3,-5,8,-9,-4,9,15,7,18,21,29,-5,sil
8.404229164123535,16,29,17,14,22,12,10,1,-1,2,30,12,23,-7,sil
8.419683694839478,-2,22,9,19,16,14,11,-2,-22,-1,17,-16,0,-14,sil
8.419683694839478,-15,9,9,15,12,15,15,-5,-18,-2,-9,-22,-21,-15,sil
8.435056209564209,-3,4,3,31,16,32,42,-4,8,14,-9,-13,-10,0,sil
8.435056209564209,0,-5,0,19,4,26,36,10,9,9,-12,-10,-10,18,sil
8.45043158531189,-17,-20,-7,-8,-9,2,7,12,14,4,-15,-19,-9,12,sil
8.45043158531189,-13,-26,-21,-15,-14,-16,-6,2,37,25,7,-9,14,4,sil
8.465908765792847,0,-21,-6,-21,-20,-35,-22,7,26,19,19,16,24,16,sil
8.465908765792847,1,-13,-1,-23,-21,-38,-38,4,-2,-15,8,16,16,6,sil
8.481043577194214,3,-3,-8,-20,-12,-25,-40,-9,-19,-35,2,7,3,-13,sil
8.481043577194214,8,15,9,-1,-3,-9,-26,-17,-25,-27,0,7,-10,-16,sil
8.496643543243408,2,26,24,27,5,4,-12,-26,-38,-24,-11,-5,-25,-14,sil
8.496643543243408,-8,21,17,28,8,22,-1,-30,-47,-28,-24,-28,-40,-16,sil
8.511806964874268,-6,9,8,17,7,30,16,-12,-17,-7,-23,-31,-40,-7,sil
8.511806964874268,0,0,3,15,13,17,22,12,12,14,-24,-11,-28,12,sil
8.527876377105713,3,0,-9,14,12,11,16,18,14,10,-12,10,-1,19,sil
8.527876377105713,12,0,-9,2,8,7,7,10,11,-1,11,21,25,14,sil
8.542505264282227,19,1,10,-1,10,-5,-4,14,13,0,24,31,37,13,sil
8.55814003944397,17,14,11,2,6,-17,-14,5,5,5,28,32,33,2,sil
8.55814003944397,10,15,6,0,2,-11,-6,-9,-5,3,19,12,11,-6,sil
8.573779106140137,-8,-9,5,0,0,10,14,-2,4,17,1,-16,-8,-3,sil
8.573779106140137,-28,-41,-18,-11,-12,13,19,8,20,31,-15,-30,-12,-1,sil
8.573779106140137,-31,-42,-31,-36,-29,-6,6,10,17,18,-24,-19,-9,0,sil
8.58920955657959,-14,-18,-19,-32,-22,-12,4,6,17,8,-10,-4,2,0,sil
8.604625701904297,7,-6,-10,-21,-4,-3,5,9,13,5,9,6,17,6,sil
8.604625701904297,22,2,-3,-17,0,-2,0,12,8,1,24,24,28,9,sil
8.620678424835205,25,13,2,-10,0,-15,-7,5,5,-7,30,26,31,7,sil
8.620678424835205,20,14,11,-11,0,-20,-17,-1,-11,-28,19,19,15,3,sil
8.636759281158447,10,17,11,1,4,-7,-17,-7,-14,-20,16,16,9,-4,sil
8.636759281158447,3,20,6,17,6,2,-7,-14,-13,-2,17,10,4,-12,sil
8.636759281158447,-7,10,10,16,7,6,0,-19,-29,-14,-5,-7,-22,-18,sil
8.652864456176758,-16,1,15,24,8,14,8,-23,-26,-16,-24,-24,-37,-23,sil
8.668071985244751,-12,13,15,37,9,14,12,-15,-6,6,-14,-20,-21,-14,sil
8.668071985244751,-9,13,17,19,4,7,4,-4,-10,0,-11,-8,-23,-3,sil
8.683870553970337,-15,-7,14,-3,-4,5,-8,-4,-26,-21,-38,-19,-48,-9,sil
8.683870553970337,-20,-15,-11,12,-9,7,-2,-11,-10,-3,-44,-40,-41,-18,sil
8.699210405349731,-18,-17,-30,17,-3,2,11,-3,7,10,-30,-33,-15,-6,sil
8.699210405349731,-14,-21,-20,-14,0,3,9,14,8,1,-23,-12,-2,14,sil
8.715034008026123,0,-12,-11,-14,0,15,16,20,23,21,-4,-5,16,23,sil
8.715034008026123,16,-4,-9,0,1,11,20,29,43,50,14,8,33,35,sil
8.730974674224854,17,-3,-6,-13,0,-9,2,36,43,35,16,24,35,37,sil
8.730974674224854,12,-3,-9,-26,-6,-26,-19,17,25,5,20,21,32,14,sil
8.746014833450317,16,3,0,-22,-5,-28,-29,2,0,-12,29,24,25,-1,sil
8.746014833450317,15,17,7,-5,3,-16,-29,-1,-4,-12,34,30,28,-6,sil
8.762129306793213,14,23,5,7,10,-5,-21,-9,0,-4,32,28,33,-5,sil
8.762129306793213,17,22,17,10,6,-8,-10,-12,-12,-10,30,28,22,-5,sil
8.777950525283813,13,17,18,10,0,-17,-8,-20,-27,-31,23,13,2,-10,sil
8.777950525283813,2,14,11,15,4,-7,-9,-23,-29,-37,4,-5,-17,-9,sil
8.792937755584717,-7,8,9,19,7,22,11,-13,-14,-9,-4,-14,-24,-2,sil
8.792937755584717,-19,-9,-4,7,0,33,29,0,-4,5,-10,-20,-25,-3,sil
8.808185815811157,-22,-15,-11,0,-1,20,22,2,-7,-2,-21,-21,-30,-6,sil
8.808185815811157,-15,-5,-2,11,3,19,18,-3,-5,8,-18,-16,-25,-2,sil
8.823273181915283,-15,-9,4,9,0,27,19,-5,0,18,-16,-15,-23,0,sil
8.823273181915283,-16,-20,-1,-5,-4,16,20,0,11,18,-21,-18,-19,1,sil
8.83891248703003,0,-20,-9,-15,-2,-3,17,9,22,22,-18,-11,-4,8,sil
8.83891248703003,9,-16,-8,-20,-5,-7,2,13,11,11,-13,4,4,12,sil
8.85445785522461,2,-15,-10,-16,-13,-9,-13,3,1,-9,-15,5,6,3,sil
8.85445785522461,5,-17,-11,-23,-13,-18,-13,9,10,0,-13,0,10,3,sil
8.869719982147217,8,-7,-8,-29,-4,-18,-3,22,22,17,2,9,21,6,sil
8.869719982147217,2,3,-4,-19,0,-18,-9,4,4,-7,15,22,24,-4,sil
8.884846687316895,9,12,4,-4,-3,-23,-26,-13,-24,-36,8,16,11,-17,sil
8.884846687316895,18,20,6,2,1,-17,-23,-15,-24,-17,10,8,4,-19,sil
8.89998173713684,6,21,7,-3,11,-10,-18,-17,-25,-19,9,8,-7,-20,sil
8.89998173713684,-11,16,10,9,11,1,-14,-21,-27,-34,2,-9,-16,-24,sil
8.915701627731323,-16,5,5,33,1,11,-1,-10,-11,-4,0,-34,-16,-16,sil
8.915701627731323,-13,0,10,22,-3,14,9,11,1,21,-2,-19,-23,3,sil
8.931178331375122,-11,7,8,22,6,31,25,9,18,27,0,-8,-11,7,sil
8.931178331375122,-6,5,-4,34,15,36,34,1,28,25,-7,-21,0,8,sil
8.947150707244873,-5,-5,0,14,0,12,19,13,16,15,-14,-5,-3,20,sil
8.947150707244873,-2,-3,-2,-4,-12,-4,1,17,15,13,3,10,14,20,sil
8.962414264678955,6,-2,-11,-7,-4,-9,-4,11,21,11,16,8,32,14,sil
8.962414264678955,9,-9,-2,-14,-1,-12,-3,13,18,6,15,19,32,21,sil
8.977936506271362,11,-6,4,-17,-4,-16,-6,9,9,7,19,31,34,25,sil
8.977936506271362,16,4,0,-8,0,-17,-12,-3,-3,0,26,25,29,13,sil
8.993000030517578,16,8,-1,-7,3,-13,-14,-9,-7,-12,26,21,22,-4,sil
8.993000030517578,18,13,8,-8,0,-13,-23,-11,-15,-21,19,19,14,-8,sil
9.00801157951355,14,18,22,11,5,-10,-26,-20,-26,-15,15,5,-4,-10,sil
9.00801157951355,-2,7,17,21,6,3,-8,-17,-22,-1,5,-5,-23,-12,sil
9.023621082305908,-15,-7,3,10,0,21,13,-3,-4,7,-13,-10,-22,-5,sil
9.023621082305908,-12,-13,-4,10,-2,22,22,0,3,6,-31,-22,-23,-2,sil
9.039092779159546,-15,-20,-12,-3,-2,16,20,1,5,6,-45,-27,-40,-3,sil
9.039092779159546,-18,-26,-28,-27,-5,13,25,12,21,8,-36,-18,-29,-6,sil
9.055500507354736,0,-11,-19,-23,-2,-5,15,15,17,-13,-13,0,-4,-4,sil
9.055500507354736,13,13,8,0,0,-16,-4,-1,-12,-32,-6,7,-7,-12,sil
9.069979667663574,-4,14,4,10,0,1,-2,-21,-25,-18,-12,-6,-26,-23,sil
9.085624933242798,-16,0,-4,7,7,15,10,-8,-12,-3,-16,-18,-29,-3,sil
9.085624933242798,-10,-6,-8,10,9,7,16,12,5,5,-12,-9,-2,14,sil
9.100620031356812,0,-14,-21,-4,-1,-5,-2,2,4,3,-3,0,18,5,sil
9.100620031356812,8,-7,-12,-24,-6,-15,-28,-9,-10,-15,9,6,15,-2,sil
9.116694688796995,2,11,4,-1,1,-5,-22,-11,-17,-20,16,-2,4,-7,sil
9.116694688796995,-10,10,8,10,2,14,0,-8,-18,-4,0,-17,-11,-10,sil
9.131712675094604,-9,-6,4,-8,-8,20,17,10,3,21,-10,-17,-4,0,sil
9.131712675094604,4,-16,-6,-14,-7,0,13,31,35,46,0,-3,23,19,sil
9.147763013839722,12,-9,-2,-7,0,-24,-15,15,20,27,13,12,29,16,sil
9.147763013839722,10,1,5,-6,-9,-29,-27,-13,-8,-6,22,20,24,0,sil
9.163207054138184,12,11,6,-5,-10,-21,-13,-4,-3,-10,31,23,32,5,sil
9.163207054138184,18,21,15,3,4,-8,-7,10,8,6,34,29,34,11,sil
9.179073810577393,13,20,17,7,3,-9,-14,-1,0,9,26,18,19,-4,sil
9.179073810577393,-2,7,13,9,-2,-5,-7,-11,-5,1,13,2,1,-10,sil
9.195083379745483,-14,3,15,24,8,17,9,-6,7,-1,4,0,-6,0,sil
9.195083379745483,-4,10,18,26,14,29,14,3,9,5,-8,3,-15,3,sil
9.210920095443726,-2,4,8,14,4,25,24,17,13,19,-15,0,-16,7,sil
9.210920095443726,-14,-18,-14,5,-1,16,29,20,42,29,-8,-8,-1,13,sil
9.22622537612915,-4,-26,-28,-17,-2,-6,0,11,38,10,-6,1,6,13,sil
9.22622537612915,14,-4,-4,-31,-6,-27,-30,-2,-7,-20,-4,22,0,6,sil
9.242295265197754,16,12,6,2,-2,-15,-13,-23,-22,-30,8,8,-2,-6,sil
9.242295265197754,10,13,6,19,5,0,-1,-29,-28,-45,1,-14,-18,-16,sil
9.257905721664429,0,14,31,-2,4,2,-5,-9,-55,-58,-25,-6,-40,-15,sil
9.257905721664429,-12,11,-7,24,7,19,28,-9,-22,-3,-10,-28,-15,-28,sil
9.273102283477783,-11,-8,-44,29,10,23,36,-15,1,27,-5,-41,-8,-19,sil
9.273102283477783,-7,-13,15,-24,-1,18,11,17,-25,-5,-39,0,-42,14,sil
9.28908348083496,-10,-16,-10,-5,0,19,31,19,17,26,-17,-15,-11,3,sil
9.28908348083496,-10,-37,-59,-10,2,-6,16,7,36,33,-6,-28,9,-1,sil
9.304643869400024,-6,-25,-1,-55,-12,-13,-21,23,0,-12,-19,20,-1,16,sil
9.304643869400024,-2,-3,-11,-15,-11,-4,-14,2,17,10,17,11,33,2,sil
9.320626258850098,8,0,-23,2,0,-30,-33,-12,2,2,16,2,30,-1,sil
9.320626258850098,19,16,21,-9,0,-29,-39,-2,-28,-29,0,26,7,3,sil
9.335987091064451,13,24,8,6,1,-4,-12,-15,-12,-12,23,11,17,-10,sil
9.335987091064451,0,19,11,2,2,0,-12,-18,-29,-22,13,0,0,-8,sil
9.351275205612184,-10,16,32,10,3,11,-6,-9,-26,-18,-9,-1,-19,-2,sil
9.351275205612184,-10,0,12,28,2,16,7,-3,14,21,-10,-15,-19,0,sil
9.367027521133425,-6,-6,7,17,-3,6,11,9,23,28,-9,-11,-16,9,sil
9.367027521133425,-3,2,7,9,-1,7,18,12,22,26,3,-3,2,14,sil
9.38291597366333,2,0,-3,1,3,6,16,14,32,34,20,3,15,18,sil
9.38291597366333,2,-18,-10,-13,-3,-9,3,17,26,26,17,8,18,10,sil
9.39794111251831,0,-20,-11,-16,-15,-25,-11,4,8,5,9,9,22,-3,sil
9.39794111251831,17,2,-4,-11,-9,-21,-18,0,4,1,16,24,27,0,sil
9.41406273841858,27,16,7,0,5,-5,-14,7,13,3,29,39,33,6,sil
9.41406273841858,12,12,9,4,9,0,-14,0,-1,-12,24,24,23,0,sil
9.42984676361084,0,14,11,4,0,3,-11,-17,-28,-34,7,0,-3,-10,sil
9.42984676361084,-3,14,15,2,0,9,6,-24,-36,-46,-15,-16,-25,-19,sil
9.444921970367432,-15,0,0,1,1,10,20,-20,-32,-38,-33,-29,-33,-24,sil
9.444921970367432,-20,-9,-2,3,5,14,24,-6,-28,-11,-36,-22,-33,-12,sil
9.4599769115448,-8,-4,2,16,12,20,33,13,-4,17,-27,-19,-20,6,sil
9.4599769115448,0,-5,-9,8,5,16,28,17,20,17,-18,-28,-5,9,sil
9.476091384887695,-3,-9,-12,-11,-7,11,11,13,22,6,-9,-16,-3,7,sil
9.476091384887695,-8,-13,-6,-7,-1,13,7,13,29,24,0,0,-3,13,sil
9.491842031478882,-14,-24,-18,-12,0,-2,0,11,29,30,-2,0,-1,14,sil
9.491842031478882,-8,-18,-25,-25,-8,-24,-21,1,4,-6,-2,6,5,0,sil
9.506934881210327,12,7,-4,-8,-2,-23,-27,-8,-15,-30,11,18,16,-11,sil
9.506934881210327,20,19,16,8,2,-9,-19,-4,-11,-7,26,23,15,-4,sil
9.52211570739746,16,9,7,3,2,-7,-15,0,-1,11,27,23,9,-1,sil
9.52211570739746,6,11,5,-1,1,-8,-12,-3,-3,0,17,12,0,-7,sil
9.53773307800293,-4,22,15,15,2,10,1,-13,-12,-6,-2,-10,-15,-9,sil
9.53773307800293,-10,6,7,32,7,28,19,-11,-6,12,-20,-32,-21,-5,sil
9.553038835525513,-5,-9,-4,12,4,10,17,0,11,27,-18,-17,-9,5,sil
9.553038835525513,1,-5,-13,-18,-7,-19,-1,7,16,18,3,13,15,12,sil
9.56824517250061,0,-7,-14,-26,-12,-30,-19,-1,0,-11,11,19,19,1,sil
9.56824517250061,7,-4,0,-12,-4,-19,-18,-4,-10,-25,5,11,7,-5,sil
9.584113597869871,23,15,18,7,0,-10,-8,-1,-10,-8,10,14,14,1,sil
9.584113597869871,16,22,24,16,1,-1,-3,-7,-14,-1,8,16,9,8,sil
9.599622964859009,-2,4,17,15,11,22,9,-7,0,0,-1,-2,-10,2,sil
9.599622964859009,-8,-6,8,17,13,33,19,-2,10,0,-11,-17,-17,0,sil
9.614993333816528,-13,-6,4,12,1,19,14,-3,-2,-5,-22,-19,-19,-2,sil
9.614993333816528,-17,-11,-5,1,0,13,14,0,-5,4,-15,-20,-20,0,sil
9.631056547164915,-11,-20,-13,-12,0,13,21,11,4,17,-4,-11,-7,10,sil
9.631056547164915,-8,-21,-23,-21,-9,-1,12,15,4,2,-8,-3,6,7,sil
9.646640062332152,-6,-13,-21,-21,-18,-19,-11,12,10,-7,-2,0,12,6,sil
9.646640062332152,6,0,-4,-11,-9,-15,-18,13,17,0,10,12,17,12,sil
9.661974668502808,12,3,-7,-8,0,-12,-9,4,9,8,16,15,26,4,sil
9.661974668502808,5,0,-11,-15,-2,-15,-12,-1,-2,-6,17,15,26,-10,sil
9.677116394042969,7,10,0,-2,-2,-13,-17,-1,-10,-25,17,13,15,-17,hello
9.69269323348999,0,13,3,12,-3,-12,-16,-10,-22,-23,5,-1,-7,-14,hello
9.69369387626648,-10,10,11,17,3,-2,-7,-14,-17,-3,-3,-9,-25,-8,hello
9.69369387626648,-1,13,18,31,23,21,12,-6,4,14,-3,-7,-14,-5,hello
9.70888066291809,0,4,11,26,20,29,25,0,8,14,-16,-13,-5,0,hello
9.724010467529297,-8,-14,-7,-10,-4,10,22,9,6,10,-26,-20,-8,5,hello
9.724010467529297,-4,-17,-17,-30,-13,-9,5,11,15,12,-5,-6,3,5,hello
9.739646673202516,7,0,-4,-21,-1,-13,-13,1,10,7,14,7,18,-2,hello
9.739646673202516,10,13,8,0,6,-4,-14,2,3,2,18,4,12,-5,hello
9.755422115325928,7,18,18,18,9,2,-3,2,2,2,16,3,-4,-4,hello
9.755422115325928,-3,7,14,14,0,5,-3,-15,-9,-5,-1,-4,-22,-13,hello
9.77086853981018,-19,-14,-2,-1,-7,9,0,-24,-18,-17,-27,-19,-36,-15,hello
9.77086853981018,-11,-14,0,0,-1,12,19,0,-8,-2,-21,-6,-23,3,hello
9.786447048187256,13,5,6,6,0,-2,16,14,4,12,2,16,10,18,hello
9.786447048187256,23,4,2,-9,-10,-16,-10,2,4,-2,9,26,25,10,hello
9.802059888839722,16,-3,-5,-24,-11,-12,-17,0,0,-12,12,26,19,0,hello
9.802059888839722,4,7,-1,-6,-3,0,-9,-1,-4,-6,17,15,7,2,hello
9.818076133728027,0,22,14,24,3,6,-5,-8,-14,-12,6,3,-10,4,hello
9.818076133728027,-6,4,5,23,2,10,4,-8,-15,-9,-11,-10,-22,1,hello
9.834167718887327,-26,-31,-28,-14,-6,8,13,-1,0,6,-32,-22,-25,-5,hello
9.834167718887327,-24,-31,-39,-35,-6,0,5,8,9,7,-34,-19,-18,-4,hello
9.849650859832764,3,-2,-15,-17,8,-8,-1,15,12,5,3,0,10,8,hello
9.849650859832764,17,16,11,8,20,0,4,8,11,9,40,19,34,13,hello
9.865087509155272,9,21,22,30,21,15,11,0,0,9,35,11,21,6,hello
9.865087509155272,2,14,20,37,11,12,14,-6,-10,11,7,-9,0,4,hello
9.881101846694946,0,0,12,22,0,3,18,-3,0,20,-5,-13,3,13,hello
9.881101846694946,-2,-7,-1,5,-3,-2,9,11,21,14,-4,-1,14,16,hello
9.896750211715698,-2,-7,-15,-7,-1,-12,-11,21,26,-3,-4,0,14,0,hello
9.896750211715698,3,-1,-12,-12,-4,-19,-24,8,16,-11,-3,2,13,-15,hello
9.9125394821167,20,8,14,-3,-1,-16,-22,-5,0,-13,11,27,11,-7,hello
9.9125394821167,24,15,24,1,4,-11,-11,-7,-10,-10,22,26,3,-3,hello
9.92823839187622,-1,3,4,-1,-2,2,1,-14,-11,-1,2,-11,-12,-13,hello
9.92823839187622,-21,-11,-1,-4,-8,22,5,-19,-14,-2,-22,-22,-31,-15,hello
9.944112300872805,-16,-24,-7,-15,-10,20,3,-11,-9,-2,-26,-19,-32,-11,hello
9.944112300872805,-21,-36,-32,-35,-19,0,0,-3,-2,2,-32,-34,-23,-15,hello
9.95973539352417,-26,-32,-34,-38,-24,-17,-13,4,-6,-8,-38,-24,-15,-8,hello
9.95973539352417,-12,-12,-17,-17,-20,-22,-18,7,-4,-26,-7,5,6,1,hello
9.975301265716553,0,3,-4,-4,-10,-19,-14,-2,-5,-22,25,17,25,-1,hello
9.975301265716553,4,19,9,0,4,-4,-7,-1,-14,-6,24,14,21,-4,hello
9.991337060928345,13,30,23,18,16,10,4,6,-5,4,23,10,12,5,hello
9.991337060928345,13,25,23,31,16,16,15,1,2,7,17,4,0,9,hello
10.007126331329346,0,17,14,26,11,22,19,0,0,17,-3,-2,-15,7,hello
10.007126331329346,-4,6,1,11,13,21,19,14,14,31,-7,-4,-6,11,hello
10.022753715515137,7,-12,-8,-5,8,-2,7,25,30,26,6,6,18,20,hello
10.022753715515137,22,-9,-4,-11,-2,-16,-6,15,17,8,16,25,25,15,hello
10.04378366470337,21,12,4,1,0,-7,-9,-3,-7,-8,12,20,5,-4,hello
10.04378366470337,8,18,10,20,10,-2,-3,-21,-24,-18,-1,-7,-22,-16,hello
10.04378366470337,2,16,26,33,18,5,9,-23,-28,-18,-8,-13,-31,-8,hello
10.05382251739502,3,16,28,30,17,18,20,-9,-18,-10,-5,-5,-22,0,hello
10.068960666656494,-9,-5,-5,4,0,14,13,-6,-2,0,-19,-10,-21,0,hello
10.068960666656494,-22,-31,-34,-23,-11,0,3,-9,7,10,-25,-19,-16,0,hello
10.084084510803224,-6,-25,-20,-30,-6,-9,0,1,10,9,-3,-10,6,5,hello
10.084084510803224,10,-5,0,-26,-8,-17,-13,11,12,-5,17,13,25,9,hello
10.099228382110596,5,0,-6,-17,-14,-24,-29,3,7,-11,21,23,26,2,hello
10.099228382110596,0,9,-6,1,1,-10,-22,0,4,0,12,7,13,-8,hello
10.114911317825316,-2,13,8,20,16,19,3,2,16,14,0,-6,-3,-10,sil
10.114911317825316,-12,-9,2,8,1,23,18,1,22,20,-14,-9,-10,-4,sil
10.130835056304932,-23,-31,-14,-13,-15,6,14,2,4,10,-22,-13,-6,1,sil
10.130835056304932,-12,-15,-8,-5,-7,7,14,9,1,0,-12,-8,3,12,sil
10.146430015563965,6,6,1,3,0,8,15,13,18,3,2,11,21,22,sil
10.146430015563965,6,1,0,-13,-8,-21,-8,4,7,3,5,19,29,12,sil
10.16161608695984,1,0,-1,-18,-16,-36,-35,-13,-25,-19,8,3,13,-10,sil
10.16161608695984,1,13,7,0,-3,-4,-23,-19,-38,-32,9,-5,-9,-16,sil
10.177711963653564,-1,8,6,9,9,22,4,1,-13,2,0,-6,-13,-4,sil
10.177711963653564,-1,-11,-11,-3,-3,12,8,16,18,31,-2,-1,4,3,sil
10.19369912147522,7,-8,-8,-17,-11,-5,-7,6,8,1,9,13,12,1,sil
10.19369912147522,5,12,5,0,6,-7,-10,-7,-17,-26,11,10,2,-8,sil
10.208648920059204,-7,16,9,24,14,6,5,-8,-17,-11,1,-9,-12,-14,sil
10.208648920059204,-11,-8,5,12,-7,9,16,0,-11,-1,-13,-21,-27,-5,sil
10.223793029785156,-3,-16,-3,-6,-22,-9,4,0,-5,-12,-19,-20,-22,-2,sil
10.223793029785156,18,12,-2,3,-1,-17,-13,0,0,-11,1,3,2,-4,sil
10.239859104156494,32,32,20,27,26,5,-6,2,-3,4,24,26,11,2,sil
10.239859104156494,7,18,26,31,29,25,20,1,-1,15,5,5,-9,7,sil
10.256080865859984,-13,-1,1,10,13,15,26,5,19,14,-17,-11,-16,4,sil
10.256080865859984,-1,-11,-17,-11,-1,-4,3,9,22,6,-12,1,0,6,sil
10.271430253982544,0,-12,-22,-24,-1,-17,-15,-3,0,-12,-9,5,0,0,sil
10.271430253982544,0,-6,-16,-27,3,-18,-13,-9,-1,-16,-5,1,0,-4,sil
10.287883043289185,14,10,5,-5,2,-5,-3,0,11,7,20,16,18,6,sil
10.287883043289185,11,21,23,23,6,7,0,-1,7,18,23,9,16,12,sil
10.303791999816896,-15,0,7,14,1,2,4,-12,-9,5,-8,-24,-13,0,sil
10.303791999816896,-23,-28,-12,-12,-15,0,12,-8,-11,7,-20,-30,-19,-4,sil
10.31883430480957,-9,-23,-10,-16,-19,8,16,3,1,21,-9,-8,0,2,sil
10.31883430480957,-4,-7,-2,-13,-5,1,2,1,7,10,-7,0,3,5,sil
10.33413052558899,-2,-9,-1,-19,-2,-13,-17,-7,-2,-13,-3,0,0,-2,sil
10.33413052558899,6,0,-2,-17,-6,-15,-24,-2,-13,-18,14,6,6,-10,sil
10.35017228126526,3,17,11,0,1,-6,-21,0,-21,-14,21,10,6,-15,sil
10.35017228126526,-7,9,20,16,8,5,-8,-8,-23,-17,9,2,0,-12,sil
10.365822076797484,-11,-10,1,13,-1,18,10,0,-1,-6,2,-2,3,2,sil
10.365822076797484,-7,-13,-17,-1,-10,14,18,22,21,15,0,-1,12,13,sil
10.38094449043274,0,-4,-15,0,-1,1,14,24,27,18,-1,2,17,9,sil
10.38094449043274,3,1,-10,3,5,0,5,11,24,0,0,15,26,4,sil
10.396031141281128,2,0,-9,-6,2,-6,-8,7,13,-12,5,19,21,1,sil
10.411733627319336,8,12,2,0,6,-10,-11,1,0,-5,8,11,-6,-4,sil
10.411733627319336,12,33,21,26,18,3,0,-9,-3,0,8,7,-20,-8,sil
10.411733627319336,7,30,20,27,9,12,2,-15,-9,-9,-1,-3,-12,-7,sil
10.427131175994871,0,11,12,11,-3,15,9,-13,-11,-6,-10,-14,-12,0,sil
10.427131175994871,0,5,12,9,0,22,24,0,-1,19,-10,-7,-15,10,sil
10.442989110946655,4,0,5,8,0,16,27,8,8,28,-13,-4,-9,14,sil
10.442989110946655,11,-14,-2,-5,-6,3,15,3,9,11,-15,-9,-4,9,sil
10.458207607269289,-2,-30,-18,-22,-10,-7,3,-1,0,-1,-18,-13,-7,1,sil
10.458207607269289,-14,-32,-30,-29,-16,-20,-2,5,-2,0,-26,-11,-10,-1,sil
10.473809480667114,3,-18,-12,-17,-6,-17,-8,19,12,9,-11,6,6,8,sil
10.473809480667114,20,-3,8,-5,1,-13,-21,12,16,0,19,25,28,15,sil
10.489873886108398,0,0,0,-11,-6,-30,-41,-12,-15,-24,17,16,14,-7,sil
10.489873886108398,-14,0,-10,-8,-8,-32,-34,-22,-34,-26,-3,-8,-9,-28,sil
10.50597333908081,-7,3,4,8,6,-6,-12,-14,-22,-14,7,-10,-4,-13,sil
10.50597333908081,0,4,12,10,13,1,-8,-12,-17,-15,26,2,5,3,sil
10.521655797958374,-5,7,3,4,6,0,-13,-18,-21,-13,12,0,-4,-5,sil
10.521655797958374,-17,7,5,8,0,14,0,-17,-17,-7,-8,-15,-21,-19,sil
10.536714315414429,-13,0,9,9,1,25,21,2,7,10,-10,-19,-20,-8,sil
10.536714315414429,1,-5,0,0,8,16,27,24,40,39,2,0,3,12,sil
10.551970720291138,7,0,-10,-9,4,0,5,16,36,30,22,19,28,12,sil
10.551970720291138,4,17,-5,-2,3,-3,-11,-5,0,-5,21,9,17,-7,sil
10.566748857498167,0,25,10,16,13,8,2,-7,-17,-14,-4,-13,-12,-17,sil
10.58192253112793,0,7,13,19,5,14,17,0,-7,-8,-17,-18,-19,-6,sil
10.58192253112793,4,-5,0,5,-10,12,9,1,4,2,-3,-2,-2,8,sil
10.59810471534729,3,-5,-6,-1,-6,11,10,5,13,30,-2,3,6,19,sil
10.59810471534729,0,-8,-11,-7,0,4,21,15,19,27,-16,0,0,23,sil
10.614055395126345,4,-8,-10,-16,1,-3,11,17,17,-1,-4,10,7,17,sil
10.614055395126345,19,0,1,-13,4,-13,-1,16,9,-6,21,29,32,11,sil
10.629660844802856,20,6,5,-6,-4,-23,-1,6,-5,-7,23,31,36,4,sil
10.629660844802856,1,3,-2,-11,-9,-21,-10,-7,-23,-33,4,9,0,-16,sil
10.64479923248291,-8,3,-3,-6,-3,-10,-16,-12,-22,-35,-9,-13,-26,-27,sil
10.64479923248291,-10,3,9,14,-2,2,-1,-12,-9,-5,-15,-14,-19,-12,sil
10.660749912261965,-17,-4,3,16,-3,16,5,-17,-10,-3,-21,-14,-21,-6,sil
10.660749912261965,-25,-22,-11,-3,-5,22,-3,-13,-17,-24,-32,-25,-35,-12,sil
10.676776885986328,-18,-29,-7,-7,-7,15,2,3,0,0,-29,-25,-22,-2,sil
10.676776885986328,4,-7,2,13,1,11,17,17,27,43,-4,-9,6,15,sil
10.691933870315552,22,13,11,22,12,6,10,20,37,41,16,12,24,23,sil
10.691933870315552,13,-1,0,-2,3,-8,-1,10,30,17,15,16,24,12,sil
10.70703411102295,-7,-18,-17,-25,-9,-19,-13,-3,7,6,10,7,13,-3,sil
10.70703411102295,-1,3,2,-10,-8,-24,-28,-3,-7,0,20,21,17,0,sil
10.72297215461731,19,30,23,12,-1,-27,-24,0,-3,-2,29,31,27,10,sil
10.72297215461731,14,26,11,8,2,-15,-12,-15,-11,-7,25,14,14,0,sil
10.738693714141846,6,18,13,10,10,2,-9,-19,-22,-12,17,6,-2,-4,sil
10.738693714141846,9,20,27,29,14,10,0,-3,-13,0,7,3,-5,4,sil
10.753628253936768,-4,4,17,21,7,18,10,0,-10,0,-9,-12,-15,1,sil
10.753628253936768,-17,-21,-8,-1,-1,23,15,-6,-11,-7,-21,-24,-25,-9,sil
10.769712448120115,-11,-31,-26,-17,-8,13,24,5,4,4,-26,-19,-19,-6,sil
10.769712448120115,-12,-29,-34,-36,-6,-1,15,19,11,6,-28,-18,-12,0,sil
10.785792350769045,-16,-20,-35,-34,-2,-13,-5,5,1,-11,-17,-14,-6,-9,sil
10.785792350769045,0,-2,-19,-22,-3,-24,-14,-10,-1,-16,0,0,5,-11,sil
10.800978660583496,7,9,-4,-20,-3,-22,-17,-10,-9,-11,3,1,4,-8,sil
10.800978660583496,-6,17,2,0,5,-3,-15,-10,-23,-19,0,-9,-13,-17,sil
10.81611704826355,-2,23,13,35,18,16,6,-10,-17,-17,4,-2,-16,-11,sil
10.81611704826355,8,20,22,42,9,28,28,5,6,6,17,10,5,15,sil
10.831651449203491,2,9,18,22,0,34,34,23,24,27,16,9,15,24,sil
10.831651449203491,-2,-4,2,8,6,32,28,20,32,26,1,2,6,15,sil
10.846724271774292,-3,-14,-11,-3,2,9,8,6,27,17,-4,-1,3,12,sil
10.846724271774292,-3,-16,-14,-22,-13,-18,-17,5,12,11,0,-2,5,2,sil
10.862401008605955,9,-10,-8,-23,-14,-21,-22,7,8,7,7,7,9,-1,sil
10.862401008605955,15,0,-1,-8,-4,-16,-18,0,7,-1,14,21,21,1,sil
10.87817406654358,12,12,6,-5,-7,-28,-26,-5,-7,-22,10,15,14,-3,sil
10.87817406654358,13,19,19,2,-13,-25,-26,-14,-26,-28,-5,-2,-9,-10,sil
10.89377236366272,10,12,23,23,-2,0,-2,-20,-29,-10,-13,-10,-17,-11,sil
10.89377236366272,-2,0,5,14,6,12,11,-15,-22,0,-21,-16,-15,-10,sil
10.90902328491211,-16,-13,-13,-13,0,11,12,-1,-5,9,-33,-19,-19,-2,sil
10.90902328491211,-24,-26,-17,-16,-2,6,15,7,10,20,-32,-18,-16,0,sil
10.924148321151732,-20,-28,-11,-14,0,4,19,12,15,7,-18,-9,-1,0,sil
10.924148321151732,-3,-10,-4,-18,0,1,8,16,17,-10,4,7,16,5,sil
10.939685583114624,5,2,0,-3,4,-8,-8,11,11,-3,26,22,26,10,sil
10.939685583114624,0,11,12,13,12,-12,-11,-6,-8,-1,29,20,14,0,sil
10.954973459243774,5,28,25,22,11,-1,0,-14,-16,-14,26,12,2,-4,sil
10.954973459243774,16,33,31,32,12,7,5,-5,-8,-6,25,11,0,5,sil
10.970702409744264,8,10,20,33,14,21,9,0,-4,13,17,6,-4,10,sil
10.970702409744264,-7,-6,-4,17,5,31,18,0,5,20,5,-3,-4,9,sil
10.986738920211792,-4,-4,-15,0,-6,12,9,5,18,16,-1,0,4,8,sil
10.986738920211792,7,-6,-14,-9,-10,-20,-9,3,6,4,-7,5,1,4,sil
11.001991748809814,-1,-18,-22,-14,-14,-28,-20,-7,-11,-12,-10,-2,-5,-2,sil
11.001991748809814,-3,-15,-20,-26,-11,-17,-26,-7,-8,-21,-1,0,4,-5,sil
11.018280029296877,21,3,0,-18,-2,-13,-26,1,3,-13,13,18,21,1,sil
11.018280029296877,30,26,24,6,-2,-14,-16,0,1,-6,21,23,18,5,sil
11.03398084640503,11,25,25,19,-1,-7,-7,-5,-12,-2,5,4,-5,0,sil
11.03398084640503,-9,2,1,10,0,12,4,-5,-13,3,-16,-21,-27,-6,sil
11.04921555519104,-22,-14,-16,-3,0,27,23,-6,-1,3,-31,-35,-29,-8,sil
11.04921555519104,-27,-18,-19,-9,1,24,27,-1,1,5,-40,-38,-28,-9,sil
11.064843893051147,-26,-21,-20,-8,0,22,24,15,7,20,-35,-32,-22,-4,sil
11.064843893051147,-14,-17,-23,-16,3,22,24,26,27,27,-15,-22,1,1,sil
11.080458879470823,0,-8,-24,-26,5,2,12,15,29,8,-4,-11,17,0,sil
11.080458879470823,0,-2,-19,-28,0,-16,-11,0,3,-11,-3,-7,9,-9,sil
11.096174955368042,-8,-1,-11,-20,-3,-21,-22,-7,-14,-15,0,-5,0,-13,sil
11.096174955368042,0,0,5,-11,0,-23,-26,-7,-17,-26,0,8,-1,-11,sil
11.11169719696045,15,7,21,-7,0,-20,-27,-8,-12,-33,10,23,1,-6,sil
11.127036809921265,16,13,22,2,0,-7,-13,-8,-9,-12,22,18,3,-1,sil
11.127036809921265,8,15,30,28,5,4,4,-6,-14,4,15,11,-2,0,sil
11.127036809921265,11,17,35,45,8,14,18,-7,-9,8,7,12,0,8,sil
11.142170667648315,16,11,30,36,6,20,24,-4,4,20,20,23,16,24,sil
11.15817642211914,14,5,21,24,11,13,20,7,9,27,24,30,18,25,sil
11.15817642211914,0,2,1,20,4,0,10,8,11,20,13,14,11,13,sil
11.17405104637146,-7,-8,-17,2,-15,-14,0,3,18,11,4,3,9,7,sil
11.17405104637146,-1,-17,-23,-17,-20,-22,-11,11,24,5,2,10,13,6,sil
11.189067602157593,-7,-7,-24,-18,-7,-13,-15,10,13,-8,1,5,10,-7,sil
11.189449787139893,-21,1,-17,-10,-4,-3,-16,-8,-17,-32,-6,-13,-14,-25,sil
11.20507526397705,-19,1,-9,-9,-8,-5,-11,-13,-30,-29,-9,-20,-26,-23,sil
11.20507526397705,-6,4,3,0,0,0,-1,0,-12,0,0,-16,-7,-8,sil
11.220012426376345,-3,11,17,21,12,16,9,4,0,5,-5,-19,-4,3,sil
11.220012426376345,-4,0,11,21,7,28,24,4,7,0,-20,-18,-12,13,sil
11.23544716835022,5,-14,-2,-4,2,21,29,18,29,21,-9,0,5,23,sil
11.23544716835022,24,-5,0,-17,-2,-1,5,21,28,30,10,19,20,28,sil
11.250961780548096,29,4,7,-8,-3,-15,-19,-2,-1,2,15,25,17,14,sil
11.250961780548096,18,3,1,-4,2,-7,-22,-20,-13,-7,13,16,10,-4,sil
11.26707673072815,4,7,3,-2,4,9,-16,-19,-10,3,2,1,-7,-13,sil
11.26707673072815,-3,5,10,4,2,18,-6,-21,-20,-1,-10,-17,-25,-14,sil
11.282639980316162,-8,-10,-6,0,0,8,7,-12,-21,-7,-13,-28,-18,-12,sil
11.282639980316162,-3,-15,-21,-15,0,-7,5,3,-3,0,-9,-9,0,0,sil
11.297762632369995,1,-5,-13,-19,-2,-22,-7,0,-6,-12,-11,11,5,0,sil
11.297762632369995,-9,-4,-3,-14,-10,-29,-14,-13,-26,-37,-17,1,-9,-21,sil
11.31332540512085,-25,-4,1,-3,-6,-12,-2,-9,-19,-29,-20,-16,-25,-26,sil
11.31332540512085,-23,0,-1,2,0,14,17,5,7,0,-20,-20,-17,-7,sil
11.329110622406006,-21,-9,-19,-13,-2,8,17,20,22,7,-14,-14,-1,-1,sil
11.329418897628784,-13,-12,-26,-23,-7,-8,-2,18,19,-4,5,3,8,-7,sil
11.344631671905518,12,19,4,12,8,0,-9,0,6,0,31,24,18,-2,sil
11.344631671905518,23,39,34,41,23,16,4,-4,-1,11,28,19,17,8,sil
11.359891414642334,0,12,11,21,9,11,11,10,6,18,6,-2,3,13,sil
11.359891414642334,-3,-9,-14,-3,-4,0,0,17,22,25,6,0,7,18,sil
11.375989198684692,18,-2,0,-5,0,-14,-11,10,23,21,21,20,24,24,sil
11.375989198684692,21,3,10,-2,0,-25,-14,0,2,-2,13,18,19,10,sil
11.39164900779724,3,1,5,4,-7,-14,-10,-10,-14,-13,1,2,-2,-8,sil
11.39164900779724,0,0,6,20,-2,13,-2,-9,-3,8,6,-7,-10,-1,sil
11.407893896102903,0,-4,10,28,9,31,13,0,8,32,2,-14,-2,12,sil
11.407893896102903,-2,-2,5,20,5,29,23,1,0,17,-16,-17,-3,10,sil
11.423317432403564,-6,-5,-4,1,-6,15,18,-5,-11,-11,-27,-17,-19,3,sil
11.423317432403564,-6,-20,-13,-20,-7,0,14,0,0,-8,-16,-5,-16,3,sil
11.438865900039673,-4,-19,-16,-32,-4,-11,6,9,14,5,0,7,6,4,sil
11.438865900039673,0,-3,-4,-23,-6,-15,-15,1,2,-10,6,11,11,-5,sil
11.454977989196776,7,0,5,-6,-4,-15,-29,-12,-19,-26,8,12,2,-22,sil
11.454977989196776,12,10,7,0,0,-13,-20,-8,-14,-14,18,18,8,-18,sil
11.47066617012024,12,31,18,5,1,-7,-12,-3,-3,-12,26,22,9,-3,sil
11.47066617012024,11,33,22,14,4,0,-8,-11,-12,-17,16,10,-1,-7,sil
11.485816240310667,0,17,10,14,4,11,8,-11,-9,0,-4,-8,-8,-10,sil
11.485816240310667,-14,4,5,7,2,19,25,3,7,15,-18,-19,-8,4,sil
11.501622915267944,-11,-3,1,2,0,8,21,10,6,10,-29,-17,-11,11,sil
11.501622915267944,-7,-18,-10,-9,-1,-3,7,5,1,3,-32,-10,-9,3,sil
11.517735719680786,-13,-31,-22,-22,-6,-7,2,11,12,2,-17,-6,0,3,sil
11.517735719680786,-14,-31,-24,-26,-8,-14,1,19,8,-4,-8,0,6,10,sil
11.533274412155151,-3,-25,-19,-23,-7,-19,-10,6,-8,-18,-16,1,2,3,sil
11.533274412155151,0,-12,-17,-16,-7,-16,-25,-12,-12,-21,-7,-3,-3,-10,sil
11.549127578735352,-2,11,1,0,1,-7,-17,-13,-15,-13,16,3,-6,-11,sil
11.549127578735352,0,24,19,28,16,10,8,-4,-13,5,20,8,-4,0,sil
11.564801454544067,0,6,1,28,15,23,20,1,11,27,0,-9,-5,6,sil
11.564801454544067,-2,-6,-16,-1,1,15,5,14,30,27,-4,-3,0,6,sil
11.580875158309937,15,17,0,-6,-1,-1,-3,13,17,19,26,24,23,3,hello
11.580875158309937,27,36,22,15,13,0,-4,-7,0,10,47,21,25,-6,hello
11.595992088317873,11,22,21,22,22,8,-8,-16,0,-5,26,-5,0,-13,hello
11.595992088317873,-3,7,8,16,5,10,-4,-10,0,-6,0,-13,-13,-7,hello
11.612048625946043,-14,-5,0,6,-8,7,1,-15,-16,3,-14,-16,-19,-7,hello
11.612048625946043,-19,-12,-5,0,-7,10,-2,-15,-19,-1,-19,-23,-24,-10,hello
11.62819790840149,-6,-11,-7,0,-4,10,1,3,3,-2,-10,-11,-3,7,hello
11.62819790840149,6,-21,-10,-9,-12,-6,8,14,12,8,-1,7,18,20,hello
11.64379620552063,12,-20,-7,-19,-18,-24,-8,5,0,-1,3,18,19,3,hello
11.64379620552063,19,7,14,-3,-4,-15,-12,-2,-6,-19,14,16,13,-7,hello
11.659666299819946,6,12,17,11,1,0,10,0,-6,-7,0,0,0,3,hello
11.659666299819946,-11,-9,1,0,-6,1,22,7,0,9,-19,-11,-3,14,hello
11.674825191497805,0,-6,1,-1,-7,0,12,16,12,15,-7,1,11,21,hello
11.674825191497805,19,7,5,1,2,1,-1,13,17,6,7,22,21,22,hello
11.690895557403564,15,4,0,-7,8,-3,-17,-4,0,-15,6,26,13,6,hello
11.690895557403564,-1,8,4,-2,11,-5,-14,-14,-18,-20,1,6,-2,-11,hello
11.706008911132812,-15,11,3,16,9,9,10,-1,-7,0,-8,-15,-19,-13,hello
11.706008911132812,-23,-9,-15,2,2,12,17,15,13,10,-21,-16,-23,-7,hello
11.721989154815674,-22,-24,-26,-20,-5,-11,-1,12,15,5,-18,-3,-10,-2,hello
11.721989154815674,-2,-9,-13,-15,-7,-24,-11,5,6,1,4,8,5,-3,hello
11.738092422485352,12,6,-2,-8,0,-12,-3,3,0,-4,19,10,5,-11,hello
11.738092422485352,-4,4,0,-6,5,0,-4,-13,-12,-20,-1,-10,-16,-21,hello
11.753830194473268,-18,0,2,2,0,6,-10,-27,-27,-36,-27,-35,-34,-21,hello
11.753830194473268,-5,0,3,6,-2,10,1,-10,-18,-18,-21,-28,-27,-7,hello
11.769963264465332,0,-7,-4,-1,0,14,17,9,15,25,-7,-6,-3,7,hello
11.769963264465332,2,-16,-13,-12,-6,6,5,15,38,32,-3,3,19,20,hello
11.786057472229004,10,-4,1,-23,-11,-14,-14,1,12,-4,7,15,26,18,hello
11.786057472229004,12,12,17,-11,0,-16,-13,-20,-20,-14,21,18,16,-4,hello
11.80109691619873,13,24,12,20,9,7,0,-21,-19,2,23,10,9,-10,hello
11.80109691619873,8,23,16,22,11,19,11,-1,-13,8,20,6,4,7,hello
11.816659450531006,-7,3,8,7,9,16,20,1,-9,12,1,-12,-5,6,hello
11.816659450531006,-14,-9,-12,8,0,12,12,0,8,21,-20,-26,-9,-2,hello
11.831943273544312,0,-6,-8,7,-2,0,-6,13,21,21,0,1,7,3,hello
11.831943273544312,13,0,0,0,2,-9,-6,18,13,12,30,25,26,4,hello
11.847160816192629,9,13,6,7,3,-2,1,3,0,1,27,26,20,-1,hello
11.847160816192629,0,20,16,15,0,8,-2,-6,-6,-5,19,19,7,0,hello
11.86275315284729,-2,5,6,14,1,16,-5,-4,-4,-2,13,-1,-2,-1,hello
11.86275315284729,-9,-12,-4,13,7,13,2,1,2,0,-13,-17,-13,0,hello
11.8777015209198,-8,-14,-4,7,2,-6,10,10,18,0,-18,-6,-6,13,hello
11.8777015209198,1,-15,-6,-12,-14,-25,0,13,27,4,4,11,13,15,hello
11.893227577209473,11,-14,-8,-24,-18,-28,-18,4,5,0,2,15,8,3,hello
11.893227577209473,10,0,-2,-8,-5,-23,-27,-9,-22,-21,-10,5,-12,-10,hello
11.909260988235474,3,9,7,4,-1,-19,-24,-20,-32,-33,-7,-1,-17,-22,hello
11.909260988235474,-7,4,7,4,-7,-8,-12,-17,-30,-24,-17,-13,-20,-22,hello
11.924898862838743,-15,-2,-5,7,0,12,10,-2,-19,-9,-36,-32,-30,-10,hello
11.924898862838743,-9,-6,-8,0,6,22,27,9,-1,0,-33,-28,-31,0,hello
11.939952850341797,2,-8,-8,-18,-2,11,24,5,10,8,-21,-13,-12,3,hello
11.939952850341797,2,-8,-18,-19,0,-6,9,6,14,8,-6,-3,17,7,hello
11.95576548576355,1,-3,-12,-13,6,-16,-8,13,9,-4,12,12,26,9,hello
11.95576548576355,1,0,4,-11,1,0,-18,-3,-1,-13,12,13,2,-2,hello
11.971141576766968,-3,4,9,4,5,18,-5,-19,-11,-7,-3,-10,-12,-13,hello
11.971141576766968,-8,4,5,13,13,19,15,-4,-10,0,-10,-13,-3,1,hello
11.986879110336304,-14,-3,-7,-2,0,11,19,7,3,7,-4,-3,6,10,sil
11.986879110336304,-9,-11,-20,-20,-15,-2,2,7,14,17,6,-1,12,11,sil
12.002031087875366,14,-4,-2,-15,-5,-11,-3,12,19,22,25,17,29,19,sil
12.002031087875366,27,5,11,0,4,-4,0,7,18,16,40,31,35,12,sil
12.0176899433136,14,15,8,5,0,0,0,-2,2,4,35,17,9,-4,sil
12.0176899433136,2,20,23,13,5,1,0,-2,0,6,21,11,-3,0,sil
12.033734798431396,5,16,28,31,16,13,17,0,15,19,7,8,5,13,sil
12.033734798431396,5,13,16,28,11,24,25,3,21,23,-1,5,8,16,sil
12.054633378982544,0,4,6,-1,2,13,8,14,19,24,4,9,7,13,sil
12.054633378982544,-10,-12,-12,-22,-6,-10,-19,5,7,13,1,5,3,-5,sil
12.064050197601318,-18,-11,-16,-18,-15,-25,-35,-19,-21,-31,-18,-6,-20,-38,sil
12.079466819763184,-12,9,0,-1,-10,-20,-28,-26,-38,-61,-19,-13,-34,-48,sil
12.079466819763184,-4,10,3,10,3,-7,-13,-14,-35,-44,-6,-16,-25,-27,sil
12.095032691955566,-7,-3,3,20,9,6,0,-7,-30,-19,-16,-20,-25,-9,sil
12.095032691955566,-9,-9,0,21,3,12,9,-5,-7,-1,-35,-27,-27,-4,sil
12.110762119293211,-7,-23,-17,-8,-8,2,7,5,16,11,-33,-21,-11,5,sil
12.110762119293211,0,-35,-26,-31,-13,-10,0,20,23,18,-13,1,14,19,sil
12.126219987869264,17,-10,-7,-9,-1,-12,-1,15,13,15,14,20,31,17,sil
12.126219987869264,25,19,15,13,8,-9,-5,-3,-4,0,29,20,26,7,sil
12.14191460609436,14,18,10,18,6,-3,-2,-7,-7,-2,23,11,14,6,sil
12.14191460609436,3,3,2,19,6,4,6,2,0,8,11,6,6,7,sil
12.157067775726318,-1,-6,-1,8,0,8,15,4,-6,12,-1,-2,-7,4,sil
12.157067775726318,-11,-14,-14,-13,-14,1,10,0,-9,6,-20,-16,-18,4,sil
12.172238111495972,-14,-19,-23,-29,-14,-10,-3,0,6,0,-18,-12,-2,6,sil
12.172238111495972,-1,-6,-15,-30,-12,-17,-10,6,8,-11,9,11,19,4,sil
12.187788248062134,7,18,4,-18,-6,-2,-6,1,-10,-17,22,17,14,-4,sil
12.187788248062134,-1,27,20,7,10,24,-3,-8,-15,-15,8,-1,-9,-10,sil
12.203054904937744,-4,22,24,35,19,32,10,-6,1,0,2,-7,-15,-3,sil
12.203054904937744,7,19,23,34,16,18,29,8,17,23,11,6,0,8,sil
12.219006776809692,10,7,9,10,12,11,23,10,20,28,2,2,0,14,sil
12.219006776809692,0,-5,-7,-6,5,8,0,3,20,9,-20,-10,-4,4,sil
12.234496355056764,-2,-12,-17,-20,-9,-10,-17,4,9,-10,-17,-1,2,-7,sil
12.234496355056764,0,-16,-16,-34,-20,-28,-22,0,-7,-19,5,15,10,-8,sil
12.250104665756226,0,-6,1,-24,-13,-25,-18,-15,-19,-26,8,12,2,-13,sil
12.250104665756226,0,14,13,5,3,-14,-5,-15,-19,-22,-4,-3,-7,-19,sil
12.26562523841858,-13,10,9,18,10,1,9,-2,-9,4,-3,-13,-11,-3,sil
12.26562523841858,-21,-17,-1,3,0,21,17,0,6,28,-5,-18,-10,13,sil
12.280999898910522,-2,-23,-12,-5,-3,26,16,1,16,29,-12,-17,-5,11,sil
12.280999898910522,5,-6,-12,6,5,8,9,12,18,25,0,0,8,6,sil
12.296857595443726,2,0,0,9,7,-12,-6,12,18,9,17,11,21,8,sil
12.296857595443726,10,2,1,-10,-2,-18,-19,-1,6,-22,12,8,16,4,sil
12.312857389450071,12,7,-3,-15,-9,-16,-21,-3,-10,-28,7,10,10,-1,sil
12.312857389450071,3,8,1,2,-2,-16,-22,-2,-17,-6,13,14,10,-6,sil
12.328933715820312,0,0,8,13,2,-12,-18,-16,-19,-5,8,1,-4,-17,sil
12.328933715820312,0,4,5,12,0,-2,1,-20,-25,-20,-9,-10,-23,-19,sil
12.344950199127195,-6,16,5,13,2,16,21,-8,-27,-17,-22,-6,-23,-10,sil
12.344950199127195,-9,2,7,9,7,32,25,0,-13,4,-16,-5,-12,1,sil
12.36024260520935,0,-15,1,2,2,22,19,13,9,30,-5,-6,0,11,sil
12.36024260520935,3,-13,-6,0,7,0,6,23,24,30,-7,-2,5,5,sil
12.375787734985352,0,-12,-15,-4,6,-4,-3,16,23,10,-8,-3,1,-2,sil
12.375787734985352,0,-15,-12,-14,-8,-5,-7,4,13,-1,5,2,6,4,sil
12.390875101089478,11,-2,2,-11,-10,-16,-13,-5,0,-7,21,15,10,5,sil
12.390875101089478,7,13,11,8,0,-6,-7,-11,-10,-9,16,6,-6,-7,sil
12.406896591186523,-9,12,15,18,0,18,16,0,2,-1,1,-3,-10,3,sil
12.406896591186523,-8,-2,3,3,-5,14,23,15,23,11,-2,3,7,22,sil
12.422629594802856,11,-5,-10,-11,-5,-12,0,9,19,12,6,16,19,16,sil
12.422629594802856,19,19,10,0,2,-21,-17,-6,-4,3,22,21,21,0,sil
12.438147068023682,5,34,26,22,3,-3,-6,-14,-10,0,11,0,4,-1,sil
12.438147068023682,-11,4,2,9,-1,12,10,-2,2,0,-19,-22,-19,4,sil
12.45369839668274,-5,-22,-26,-26,-2,4,6,7,3,-6,-25,-11,-11,7,sil
12.45369839668274,2,-5,-18,-26,0,-6,-15,-8,-15,-27,-7,2,2,-8,sil
12.468973636627195,-10,12,5,0,1,3,-16,-22,-29,-38,-3,-4,-16,-24,sil
12.468973636627195,-20,1,3,4,2,17,8,-6,-15,-7,-11,-11,-26,-11,sil
12.484708547592165,-9,-13,-11,-7,4,9,15,7,11,22,-11,-2,-4,4,sil
12.484708547592165,0,-19,-15,-9,0,-3,-2,5,21,18,-5,-2,8,4,sil
12.499801635742188,-6,-20,-22,-19,-9,-11,-19,3,8,7,-6,-11,7,0,sil
12.499801635742188,-8,-16,-27,-32,-15,-19,-20,0,-7,-4,-3,-5,10,-7,sil
12.515827655792236,0,0,-10,-11,-7,-23,-6,-2,-14,-23,15,4,12,-18,sil
12.515827655792236,6,16,16,15,4,-14,5,0,-9,-14,28,0,4,-16,sil
12.531872987747192,9,16,24,18,9,-1,5,2,-3,4,18,0,-4,-7,sil
12.531872987747192,4,14,9,20,12,11,10,-1,-4,1,6,1,-11,0,sil
12.547916412353516,-4,10,4,22,12,21,19,0,1,11,-1,-9,-11,5,sil
12.547916412353516,9,4,6,15,2,9,7,12,23,32,-5,-4,3,19,sil
12.563265562057495,34,13,12,16,2,-6,-14,16,19,17,12,26,25,24,sil
12.563265562057495,29,29,24,21,14,0,-13,-1,-10,-3,33,32,26,8,sil
12.579158067703249,4,24,26,17,15,13,3,-18,-17,0,10,1,3,-5,sil
12.579158067703249,-7,0,11,12,4,18,7,-13,-5,5,-25,-16,-17,-9,sil
12.59463906288147,-14,-23,-5,2,-9,15,3,-6,-5,0,-28,-13,-21,-6,sil
12.59463906288147,-25,-33,-6,-13,-17,4,12,0,-1,0,-19,-6,-11,1,sil
12.610740900039673,-21,-34,-3,-23,-12,-4,20,12,9,7,-23,-2,-5,7,sil
12.610740900039673,-10,-32,-15,-25,-8,-1,13,18,20,8,-20,-5,-9,2,sil
12.62578272819519,-7,-34,-25,-26,-14,-5,0,14,23,-5,-7,-3,-1,3,sil
12.62578272819519,2,-25,-19,-25,-15,-19,-13,11,17,-15,0,7,16,10,sil
12.641133785247805,15,0,-5,-20,0,-19,-16,5,4,-9,11,23,19,10,sil
12.641133785247805,15,12,0,-15,5,-11,-15,0,-5,-7,32,26,19,3,sil
12.657256603240969,17,17,1,-5,-2,-11,-16,0,-4,-7,37,20,32,-1,sil
12.657256603240969,18,32,10,13,0,0,-8,-3,-2,0,29,16,23,-4,sil
12.672915697097778,0,39,9,29,9,9,0,-21,-15,-6,7,-4,-19,-12,sil
12.672915697097778,-19,21,0,24,8,5,-3,-34,-32,-23,-26,-32,-46,-27,sil
12.6890766620636,-22,0,0,12,8,8,-1,-22,-29,-17,-31,-29,-32,-22,sil
12.6890766620636,-9,0,-1,8,10,20,11,-2,-7,2,-8,-11,-12,3,sil
12.703914403915403,0,8,-2,10,10,18,10,0,2,9,-5,-7,-8,9,sil
12.703914403915403,-7,-4,0,6,1,2,6,0,0,5,-18,-14,-12,0,sil
12.719192266464232,-12,-17,-7,-6,-9,-7,12,8,6,9,-19,-16,-5,4,sil
12.719192266464232,0,-12,-14,-17,-9,-9,7,14,13,22,-5,-3,9,11,sil
12.734803438186646,9,-7,-10,-11,-4,-16,-7,14,10,18,11,13,22,4,sil
12.734803438186646,7,-9,0,-5,-6,-23,-19,8,8,-1,25,25,27,0,sil
12.750112295150757,10,0,3,-8,-4,-17,-24,0,5,-12,26,22,21,0,sil
12.765687465667725,11,16,8,-4,0,-5,-18,-7,-11,-17,11,9,2,-9,sil
12.765687465667725,3,19,19,9,-3,2,0,-9,-21,-23,-1,-4,-11,-15,sil
12.780831813812256,1,19,23,20,0,14,15,0,-4,-6,0,-8,-7,-4,sil
12.780831813812256,1,19,19,19,14,27,30,10,11,18,1,-2,-1,14,sil
12.79693603515625,-2,3,10,13,18,30,37,13,12,26,-6,-2,-3,21,sil
12.79693603515625,-4,-11,-3,9,7,24,27,9,16,28,-3,-6,0,13,sil
12.812679290771484,0,-11,-6,1,4,11,16,13,29,31,0,-7,1,10,sil
12.812679290771484,0,-16,-13,-13,0,-3,7,18,34,22,-10,-8,0,15,sil
12.827745914459229,-9,-32,-31,-28,-9,-15,-10,5,19,1,-10,0,3,3,sil
12.827745914459229,-10,-32,-28,-27,-8,-23,-31,-12,0,-13,9,12,9,-18,sil
12.843695402145386,8,-6,-1,-9,1,-19,-32,-13,-6,-16,20,15,11,-16,sil
12.843695402145386,13,12,11,0,2,-11,-22,-13,-19,-19,12,6,9,-8,sil
12.858843564987184,-3,7,0,-4,-11,-18,-22,-23,-37,-32,-4,-7,-11,-23,sil
12.858843564987184,-10,6,4,2,-10,-12,-16,-20,-37,-31,-18,-17,-30,-29,sil
12.87466311454773,0,17,21,20,4,10,7,-8,-26,-14,-18,-9,-20,-7,sil
12.87466311454773,3,8,12,16,-1,17,16,-3,-15,-2,-15,0,-8,13,sil
12.889724254608154,4,-6,-1,4,-7,11,5,5,2,13,-10,2,-2,18,sil
12.889724254608154,5,0,-2,5,0,14,5,16,15,25,-2,7,13,19,sil
12.905778408050535,0,-3,-8,-9,-4,6,9,13,8,10,0,10,19,18,sil
12.905778408050535,-8,-24,-24,-39,-14,-9,0,8,3,-10,1,4,8,10,sil
12.92099118232727,-2,-13,-20,-32,0,-9,-3,7,6,-11,4,1,1,-1,sil
12.92099118232727,8,23,7,7,14,-3,0,-5,0,-8,16,11,7,-13,sil
12.93708562850952,9,30,18,20,11,-9,-1,-15,-13,-9,24,15,5,-13,sil
12.93708562850952,-6,9,5,5,5,-7,-7,-12,-20,-10,2,0,-15,-13,sil
12.952624559402466,-14,1,3,11,3,5,0,-8,-14,-11,-18,-15,-28,-16,sil
12.952624559402466,0,9,9,24,-2,10,13,0,5,2,-15,-8,-12,-5,sil
12.967784643173218,1,0,6,10,-2,14,12,13,25,24,-10,0,-1,8,sil
12.967784643173218,-3,-16,1,0,3,17,12,21,36,37,-4,0,7,14,sil
12.983078479766846,6,-6,5,10,2,0,14,20,37,32,15,11,28,21,sil
12.983078479766846,11,4,5,5,-2,-19,-2,9,27,14,26,28,31,22,sil
12.99861979484558,8,-1,-2,-5,-3,-20,-21,-5,7,0,20,21,20,12,sil
12.998937129974363,5,-6,0,-9,0,-15,-21,-15,-19,-14,10,7,12,4,sil
13.01370406150818,-8,-5,0,-12,-1,-9,-12,-17,-37,-30,-5,-8,-13,-9,sil
13.01370406150818,-14,0,-5,-3,5,15,10,-8,-24,-14,-7,-28,-30,-21,sil
13.029830932617188,1,15,13,18,22,41,37,7,-1,23,6,-22,-8,-6,sil
13.029830932617188,0,10,14,19,14,29,32,10,5,32,-3,-12,0,4,sil
13.04592490196228,-20,-15,-20,-12,-7,0,6,7,12,8,-27,-25,-14,-10,sil
13.04592490196228,-20,-20,-35,-28,-15,-8,0,13,28,1,-17,-29,-6,-11,sil
13.061755180358888,0,-4,-16,-12,-10,-8,-3,14,28,10,4,-5,15,9,sil
13.061755180358888,17,-1,-6,-5,-3,-19,-25,1,5,1,10,9,16,9,sil
13.076910257339478,20,1,-8,-9,-3,-21,-38,-16,-17,-23,6,1,3,-8,sil
13.076910257339478,14,19,0,-3,-4,-9,-29,-29,-30,-40,4,-3,-6,-17,sil
13.092648267745972,8,21,14,6,1,-4,-17,-22,-38,-42,-2,-8,-18,-16,sil
13.092648267745972,2,12,15,20,3,-5,-7,-12,-33,-33,-11,-11,-23,-10,sil
13.10771131515503,-4,6,11,28,-1,6,5,-8,-18,-11,-8,-5,-20,2,sil
13.10771131515503,-8,-4,1,12,0,21,23,0,-7,7,-9,-5,-18,9,sil
13.123659133911133,-19,-21,-6,-9,0,20,31,7,-3,8,-25,-11,-20,0,sil
13.123659133911133,-21,-25,-6,-11,-8,7,17,12,10,12,-25,-1,-6,3,sil
13.138736248016356,-1,-12,-3,-6,-9,-2,0,25,30,32,4,23,23,30,sil
13.138736248016356,14,-9,-2,-15,0,-12,-4,23,31,24,24,37,37,33,sil
13.153970718383787,15,-11,-4,-24,3,-25,-15,5,13,-1,19,37,33,7,sil
13.153970718383787,15,10,13,-14,3,-18,-22,-2,2,-3,25,46,32,-1,sil
13.169734001159668,15,25,28,0,5,0,-10,-6,1,2,40,54,31,2,sil
13.169734001159668,3,12,9,3,0,2,0,-14,-8,-7,24,31,8,-12,sil
13.185750007629396,-7,7,2,6,0,9,3,-13,-16,-10,-5,7,-18,-25,sil
13.185750007629396,-11,14,11,15,4,24,10,-4,-1,9,-9,1,-20,-14,sil
13.200926542282104,-15,3,1,17,9,22,15,0,3,20,-6,1,-9,-2,sil
13.200926542282104,-16,-8,-11,14,9,11,14,4,-8,8,-20,-2,-12,0,sil
13.216965198516846,-13,-10,-12,8,3,5,16,8,1,5,-27,-4,-13,3,sil
13.216965198516846,-3,-13,-9,-5,-1,-3,11,13,26,10,-12,0,0,8,sil
13.232654333114624,12,-6,-10,-9,-3,-14,-2,17,25,-1,0,3,7,7,sil
13.232654333114624,15,5,-7,-2,-3,-19,-11,4,4,-21,0,1,0,0,sil
13.24830198287964,0,5,-1,-5,-8,-25,-22,-15,-9,-31,-2,-12,-4,-15,sil
13.24830198287964,-5,7,2,0,-11,-24,-27,-18,-15,-25,2,-38,-10,-19,sil
13.263939380645752,2,15,11,16,0,0,-3,-8,-18,0,0,-54,-19,-3,sil
13.263939380645752,4,0,10,24,8,17,20,-6,-15,23,-7,-70,-19,14,sil
13.279618501663208,-6,-25,-10,0,0,14,16,-2,0,21,-12,-92,-6,16,sil
13.279618501663208,-4,-23,-18,-24,-5,9,3,10,15,11,-4,-89,4,11,sil
13.294691324234009,13,-1,-5,-13,1,5,3,19,21,16,11,-94,19,12,sil
13.294691324234009,16,3,2,0,8,0,4,10,19,15,24,-103,30,6,sil
13.310789823532104,4,1,-4,-12,7,0,-4,-1,14,-4,21,-9,23,-7,sil
13.310789823532104,3,20,3,-5,10,3,-11,-8,0,-16,15,136,8,-15,sil
13.326921939849854,3,29,24,23,8,5,-10,-8,-25,-11,15,151,-3,-16,sil
13.326921939849854,-9,1,13,13,-4,7,-3,-13,-43,-19,4,83,-20,-15,sil
13.342065811157228,-19,-15,-6,-9,-10,10,1,-18,-32,-27,-15,71,-22,-7,sil
13.342065811157228,-10,-8,-1,0,-7,12,13,-7,-8,0,-20,66,-7,4,sil
13.35784125328064,-2,-2,2,11,-3,12,22,6,6,27,-15,29,-7,13,sil
13.35784125328064,0,-1,-5,1,1,2,11,15,24,26,-7,19,0,18,sil
13.372856855392456,4,-5,-13,-17,-4,-18,-5,25,38,20,1,30,28,17,sil
13.372856855392456,3,-12,-15,-31,-17,-30,-20,19,19,6,1,24,27,6,sil
13.388853311538696,2,0,-10,-18,-14,-25,-26,-2,-14,-21,0,3,1,-4,sil
13.388853311538696,7,15,1,0,1,-18,-20,-13,-28,-36,3,-9,-4,-9,sil
13.40485978126526,2,9,11,-3,2,-20,-14,-12,-25,-31,4,-14,-4,-13,sil
13.40485978126526,-7,2,8,0,-6,-13,-11,-20,-21,-27,-7,-31,-17,-18,sil
13.420079708099363,-9,4,5,21,6,14,8,-18,-11,-16,-23,-54,-30,-18,sil
13.436092853546144,-8,-3,4,23,17,26,30,5,10,8,-23,-52,-23,-2,sil
13.436092853546144,-6,-14,-2,-1,0,0,12,21,29,26,-2,-28,0,10,sil
13.436092853546144,2,-11,-5,-13,-3,-16,-12,12,20,17,11,-11,19,5,sil
13.451618671417236,16,5,0,3,21,0,-7,5,5,3,14,-4,20,2,sil
13.451618671417236,26,22,18,20,26,15,6,7,16,10,33,7,24,13,sil
13.46675992012024,21,14,27,18,8,21,13,2,25,25,40,10,20,15,hello
13.482829093933104,-5,-1,3,13,1,27,15,-5,1,20,-3,-20,-14,0,hello
13.482829093933104,-20,-11,-19,0,3,25,19,0,-3,10,-25,-33,-27,-2,hello
13.498867273330688,-1,-17,-16,-23,-4,4,16,17,26,18,12,0,11,17,hello
13.498867273330688,5,-7,0,-17,-13,-17,-9,2,11,1,26,25,24,11,hello
13.514506578445436,-13,12,6,18,-8,-14,-26,-26,-44,-35,-6,-1,-12,-23,hello
13.514506578445436,-25,0,-5,17,-4,6,1,-18,-39,-18,-23,-34,-29,-21,hello
13.529755592346191,-15,-24,-19,-16,-13,0,8,9,1,9,-15,-12,-6,7,hello
13.529755592346191,0,-9,-11,-19,-16,-21,-17,6,0,-8,-6,20,14,4,hello
13.54514980316162,8,18,9,4,-6,-5,-10,-11,-23,-17,0,18,8,-11,hello
13.54514980316162,3,15,19,16,-4,20,17,-8,-14,11,-4,4,-10,-4,hello
13.560622453689575,0,0,3,4,-9,5,9,3,14,16,-18,5,-6,9,hello
13.560622453689575,11,1,-6,-17,-1,-19,-18,3,16,-14,-11,14,10,5,hello
13.576052904129028,22,9,3,-14,12,-14,-21,-1,0,-21,8,17,8,-3,hello
13.576052904129028,12,12,15,12,18,11,3,0,-1,8,17,9,0,0,hello
13.591625213623049,-2,0,9,11,9,16,22,8,13,26,4,0,0,11,hello
13.591625213623049,1,-17,-10,-10,-1,-3,15,17,22,15,-9,1,2,13,hello
13.607054948806764,16,-9,-11,-11,0,-18,-1,11,13,-1,0,18,11,6,hello
13.607054948806764,17,4,-1,-7,4,-15,-14,-7,-14,-24,13,21,7,-6,hello
13.622262954711914,0,4,-6,-14,0,-5,-15,-20,-31,-39,-2,-5,-17,-26,hello
13.622262954711914,-30,-6,-16,-3,3,10,0,-15,-17,-20,-16,-30,-35,-31,hello
13.637961149215698,-47,-16,-20,3,8,18,14,0,3,14,-14,-25,-21,-8,hello
13.637961149215698,-24,-16,-17,-11,0,1,6,13,14,21,0,0,9,12,hello
13.653332471847534,4,-3,-11,-18,-12,-20,-9,7,1,-9,18,8,23,5,hello
13.653332471847534,0,12,5,1,-11,-19,-16,-11,-24,-30,14,-6,4,-8,hello
13.66876745223999,-3,15,27,25,-1,4,-5,-16,-24,-1,-1,-16,-8,-2,hello
13.66876745223999,9,1,23,26,1,20,12,-2,-1,24,-5,-8,-8,12,hello
13.68425965309143,2,-8,6,6,-1,5,10,11,9,13,-5,2,-3,18,hello
13.68425965309143,0,-9,1,-3,-3,-9,-8,16,14,11,2,8,15,18,hello
13.700154781341553,23,0,8,4,1,0,-15,9,18,17,20,12,31,12,hello
13.700154781341553,29,18,21,10,6,4,-8,1,9,-1,25,16,15,0,hello
13.715667486190796,11,24,22,12,4,0,-2,-1,2,-5,18,14,3,-6,hello
13.715667486190796,-2,9,11,12,3,6,5,-3,1,9,5,5,0,-4,hello
13.731123924255373,-18,-6,-2,4,5,16,17,1,5,13,-21,-11,-19,-7,hello
13.731123924255373,-21,-7,-15,0,0,16,28,10,22,19,-33,-15,-19,-8,hello
13.74607276916504,1,-2,-9,0,0,11,28,11,38,28,-5,7,11,9,hello
13.74607276916504,14,-5,-6,-5,1,-4,9,3,28,3,14,21,19,16,hello
13.761340618133543,0,-7,-14,-16,-2,-12,-18,-8,-7,-33,0,7,0,-8,hello
13.761340618133543,1,6,-3,-10,0,-7,-25,-17,-27,-35,-6,0,-3,-18,hello
13.777866125106812,16,20,15,10,7,-7,-8,-17,-20,-15,8,1,-1,-1,hello
13.777866125106812,3,6,6,8,3,-5,0,-11,-22,-10,1,-13,-14,-3,hello
13.793140411376951,-17,-13,-17,-11,-7,5,6,-1,-32,-11,-24,-31,-27,-12,hello
13.793140411376951,-22,-16,-22,-16,-9,6,10,0,-21,0,-29,-28,-21,-1,hello
13.808703184127808,-17,-22,-19,-23,-9,-6,0,0,-2,10,-20,-18,-7,8,hello
13.808703184127808,-3,-24,-15,-33,-13,-12,-9,11,8,12,-5,-3,8,9,hello
13.823967456817629,20,0,3,-14,-3,-12,-7,17,11,2,24,24,25,11,hello
13.823967456817629,25,18,13,2,9,-7,-13,1,2,-12,35,31,23,5,hello
13.840094089508057,7,15,3,0,4,4,-12,-6,-5,-13,4,3,-2,-3,hello
13.840094089508057,0,15,13,22,5,18,8,0,-1,6,-7,-7,-8,0,hello
13.856229066848757,5,13,25,47,16,20,19,0,1,19,4,2,6,13,hello
13.856229066848757,-8,-7,0,21,0,7,9,-3,-2,11,-2,-3,0,5,hello
13.872172117233276,-26,-25,-30,-14,-20,-12,0,0,0,1,-20,-18,-14,-8,hello
13.872172117233276,-17,-11,-16,-15,-7,-17,-2,6,5,-2,-4,-5,4,-4,hello
13.887834072113035,0,2,3,-4,1,-12,-12,1,-1,-14,17,9,21,-7,sil
13.887834072113035,1,0,-2,-3,-13,-18,-19,-8,-13,-22,16,4,2,-18,sil
13.903078317642212,-5,4,8,2,-7,-11,-14,-10,-7,-7,9,1,-12,-11,sil
13.903078317642212,-9,14,25,16,15,13,-1,-10,0,4,0,-2,-13,-7,sil
13.91871738433838,-9,4,7,20,14,27,11,-5,3,1,-16,-18,-21,-8,sil
13.91871738433838,0,-13,-5,4,2,21,25,11,25,15,-16,-8,-11,10,sil
13.933774948120115,10,-13,-4,-8,-3,8,19,23,35,30,3,15,14,18,sil
13.933774948120115,10,-1,-4,-14,-3,-2,-3,9,15,11,16,25,19,0,sil
13.949167966842651,12,7,0,-8,10,-6,-9,-9,-4,-9,21,23,12,-7,sil
13.949167966842651,19,20,15,8,19,-4,-1,-11,-12,-12,21,19,12,0,sil
13.964996814727783,20,25,24,21,12,2,2,-5,-10,-8,11,9,4,2,sil
13.964996814727783,8,10,11,12,1,13,13,0,0,8,-9,-6,-4,10,sil
13.980116844177246,-1,-12,-10,-7,-3,4,16,2,7,15,-26,-14,-7,16,sil
13.980116844177246,5,-20,-19,-16,-4,-11,1,12,17,-3,-21,-6,-1,8,sil
13.995627641677856,19,-1,-11,-9,-4,-10,-8,17,16,-12,-2,5,9,5,sil
13.995627641677856,10,8,6,-8,-10,-11,-19,4,-8,-8,4,11,11,2,sil
14.010797023773192,-3,5,11,-4,-13,-17,-23,-14,-28,-17,2,4,0,-4,sil
14.026827335357666,-12,3,3,10,-3,2,-3,-13,-20,-9,0,-9,-10,-4,sil
14.026827335357666,-23,-6,-5,7,2,17,11,2,-5,17,-11,-26,-14,0,sil
14.026827335357666,-30,-23,-18,-17,-7,0,9,8,5,23,-22,-32,-15,-6,sil
14.042518377304075,-24,-24,-26,-24,-13,-8,1,0,8,1,-19,-17,-7,-8,sil
14.065248727798462,-8,-8,-19,-11,-8,-5,-7,0,0,-15,-10,-3,2,-3,sil
14.065248727798462,7,6,1,-3,1,-11,-14,0,-12,-16,12,9,11,0,sil
14.065248727798462,12,18,17,8,17,-7,-6,-7,-15,-7,34,17,9,0,sil
14.073116064071655,-1,16,15,27,13,10,0,-22,-12,-2,11,-3,-11,-13,sil
14.088968992233276,-17,-1,11,24,-1,17,4,-21,-8,0,-17,-23,-28,-17,sil
14.088968992233276,-14,-16,-1,0,0,18,19,1,6,11,-6,-11,-12,2,sil
14.104123830795288,-6,-13,-17,-13,4,13,16,20,24,25,8,4,20,14,sil
14.104123830795288,9,0,-9,-10,0,-2,-2,19,21,26,14,15,38,11,sil
14.119649648666382,32,21,12,0,0,-7,-3,11,10,19,29,32,38,12,sil
14.119649648666382,30,28,19,6,6,-3,0,-1,0,0,29,31,19,4,sil
14.135088443756104,2,7,6,1,1,-3,-10,-19,-13,-27,-2,4,-18,-14,sil
14.135088443756104,-19,-9,-1,-2,-8,4,0,-16,-15,-27,-29,-12,-43,-16,sil
14.1510751247406,-20,-8,0,0,-5,14,22,3,-5,-5,-29,-20,-31,-6,sil
14.1510751247406,-10,-10,-9,-1,0,7,17,10,3,4,-24,-20,-17,-4,sil
14.165740251541138,0,-14,-15,-4,-5,-10,-5,4,15,0,-17,-4,-5,5,sil
14.165740251541138,10,-6,-9,-2,-9,-26,-17,6,16,-5,1,15,13,17,sil
14.18128490447998,19,5,-4,0,-2,-25,-19,6,0,-4,24,27,31,7,sil
14.18128490447998,22,18,6,5,11,-14,-19,-2,-13,-9,30,31,30,-3,sil
14.196991443634031,9,20,13,16,16,-4,-14,-10,-14,-19,12,9,7,-2,sil
14.196991443634031,-5,1,10,17,8,13,1,-7,-8,-8,-6,-18,-15,-3,sil
14.212671518325806,-7,-3,4,13,6,26,14,-1,0,18,-10,-25,-22,-6,sil
14.212671518325806,-8,5,2,17,6,17,17,-2,-1,19,-11,-19,-25,-5,sil
14.2277193069458,-11,-1,3,13,-1,8,20,2,0,8,-11,-15,-22,1,sil
14.2277193069458,4,-17,-1,-12,-8,7,19,14,19,16,1,-7,3,17,sil
14.24298334121704,21,-14,-5,-30,-6,0,4,11,18,13,10,4,25,24,sil
14.24298334121704,14,-3,0,-12,-3,-13,-3,5,4,6,5,12,26,12,sil
14.258641719818115,12,7,10,0,-3,-12,-4,7,6,6,17,19,30,7,sil
14.258976697921751,21,11,10,-15,-6,-12,-18,0,0,-12,29,24,29,5,sil
14.274733781814575,3,3,1,-21,-12,-18,-31,-19,-28,-27,2,4,1,-10,sil
14.274733781814575,-29,0,0,-4,-2,3,-10,-21,-28,-10,-24,-22,-24,-23,sil
14.29082417488098,-36,-3,-4,4,16,37,19,0,2,8,-18,-24,-19,-11,sil
14.29082417488098,-29,-11,-21,-3,3,23,16,9,15,8,-17,-11,-10,0,sil
14.30692720413208,-31,-24,-26,-22,-23,-14,-3,0,4,2,-29,-12,-13,-5,sil
14.30692720413208,-21,-29,-26,-29,-19,-20,-5,0,6,1,-25,-12,-9,-8,sil
14.322943210601808,0,-13,-19,-15,2,-7,-6,11,14,-1,-2,10,3,-1,sil
14.322943210601808,13,10,7,2,14,-6,-13,10,7,-8,22,29,13,1,sil
14.338751316070557,13,29,22,20,17,-1,-1,0,0,-4,28,18,16,-1,sil
14.338751316070557,7,31,14,31,19,8,17,-6,0,0,17,3,1,-7,sil
14.354844093322754,3,26,9,32,15,13,20,-8,0,-1,10,0,-16,-8,sil
14.354844093322754,7,19,23,31,4,12,10,-9,-3,0,11,3,-10,-1,sil
14.37073850631714,16,17,27,36,3,6,0,-12,-16,6,5,1,-4,4,sil
14.37073850631714,19,17,9,30,2,7,-8,-15,-21,0,-9,-9,-18,3,sil
14.385905742645264,2,0,-6,6,-5,7,-14,0,-10,-6,-17,-14,-18,1,sil
14.385905742645264,-5,-23,-17,-11,-7,-7,-7,18,5,2,-13,-11,0,3,sil
14.401639223098757,5,-21,-18,-13,-1,-14,5,20,22,15,-4,-5,7,9,sil
14.401639223098757,4,-22,-15,-23,-9,-9,9,17,22,12,-2,-2,8,11,sil
14.417028903961182,-13,-40,-28,-45,-27,-11,0,5,-2,-9,-14,-8,11,3,sil
14.417028903961182,-12,-32,-24,-47,-25,-12,-7,-15,-25,-35,-19,-7,3,-7,sil
14.433006525039673,16,5,13,-16,-4,-8,-10,-15,-26,-33,13,21,6,-2,sil
14.433006525039673,40,30,45,19,11,-6,-12,-1,-16,-3,50,43,26,14,sil
14.447885990142822,29,29,42,31,15,2,-3,-6,-6,14,35,18,21,18,sil
14.447885990142822,-4,15,15,24,5,15,8,-6,6,18,-1,-13,-7,4,sil
14.463622093200684,-25,-1,-5,16,2,19,20,12,18,24,-14,-20,-19,-3,sil
14.463622093200684,-25,-14,-21,-1,7,15,28,19,25,26,-15,-19,-14,0,sil
14.478861808776855,-29,-25,-31,-30,0,9,12,10,23,12,-18,-17,-7,-1,sil
14.478861808776855,-25,-27,-24,-37,-13,-3,-16,0,13,-1,-13,-7,-1,-13,sil
14.494341611862184,0,-5,-8,-11,-5,-13,-18,-9,1,-8,-2,3,4,-18,sil
14.494341611862184,21,22,12,6,9,-9,-8,-5,0,-5,11,27,17,0,sil
14.510170459747314,17,21,16,8,6,-11,-15,2,2,0,23,35,25,11,sil
14.510170459747314,0,10,9,11,-2,-18,-17,-3,-9,-1,9,9,10,0,sil
14.52569341659546,-9,13,13,13,3,-4,-2,-8,-18,-3,-4,-7,-9,-9,sil
14.52569341659546,-7,12,10,11,7,16,6,-4,-7,-7,-4,-8,-12,-3,sil
14.540972471237184,-18,-6,-7,0,-1,18,14,0,0,-8,-15,-14,-11,0,sil
14.540972471237184,-17,-19,-22,-16,-8,7,20,11,2,2,-24,-15,-12,0,sil
14.55713963508606,5,-5,-18,-20,-1,-2,4,11,8,0,0,0,0,-4,sil
14.55713963508606,12,13,0,-3,9,-2,-4,-5,-1,-18,20,0,5,-17,sil
14.572685718536375,-2,10,2,9,8,10,8,-10,-10,-12,2,-12,-17,-16,sil
14.572685718536375,-1,-3,-3,15,2,12,12,-5,-4,-2,-21,-16,-35,-4,sil
14.587953805923462,5,-4,4,16,-3,2,8,-7,0,-2,-19,-13,-17,4,sil
14.587953805923462,0,-1,4,3,-5,0,9,0,1,10,-6,-8,3,12,sil
14.603870153427124,4,-8,-3,-12,0,-10,-3,12,7,11,3,11,16,15,sil
14.603870153427124,23,0,7,-5,2,-25,-22,0,2,-6,20,28,31,14,sil
14.618653059005736,25,19,32,18,0,-3,-15,-8,-6,-1,35,21,27,16,sil
14.618653059005736,12,8,26,23,0,27,6,5,6,21,25,9,7,21,sil
14.634629249572754,5,-14,-2,0,0,13,6,18,25,27,1,10,8,20,sil
14.634629249572754,9,-12,-10,-16,-5,-23,-21,8,8,12,4,19,17,6,sil
14.649872303009031,2,2,-5,2,-6,-32,-41,-16,-26,-10,12,8,3,-13,sil
14.649872303009031,-15,8,-2,18,0,-2,-16,-26,-33,-18,-8,-15,-19,-23,sil
14.665939807891846,-16,-2,-3,5,3,21,21,-6,-11,-3,-28,-22,-23,-12,sil
14.665939807891846,-4,-17,-13,-16,-6,0,14,4,3,-1,-19,-12,-8,-4,sil
14.681628704071043,-8,-16,-17,-30,-11,-29,-14,-2,-3,-13,0,0,0,-14,sil
14.681628704071043,-16,2,0,-22,-3,-10,-7,-2,-13,-13,2,0,-5,-19,sil
14.696836709976196,-11,15,12,0,0,25,26,7,0,-1,-13,-8,-17,-6,sil
14.712626457214355,0,2,8,8,2,27,39,8,18,11,-19,-8,-14,3,sil
14.712626457214355,1,-8,-1,5,4,9,17,5,14,11,-7,-1,-9,6,sil
14.712626457214355,-6,-7,-5,0,-2,-2,-3,4,-2,-6,-11,-6,-9,8,sil
14.727717876434326,-6,-9,-8,-8,-8,-7,-1,10,5,-10,-15,-11,1,10,sil
14.742988348007202,-2,-9,-12,-12,0,-1,4,10,28,10,6,0,19,5,sil
14.742988348007202,-3,-4,-15,-12,8,1,-3,0,19,10,19,9,17,-3,sil
14.758923292160034,0,4,-12,-6,2,-5,-12,-5,-4,-7,12,10,6,-7,sil
14.758923292160034,12,20,7,7,0,-9,-6,-3,-7,-4,18,14,10,0,sil
14.774579048156738,21,29,19,15,7,0,2,7,3,0,26,19,20,7,sil
14.774579048156738,16,21,13,11,11,3,1,5,0,-6,21,15,14,1,sil
14.79018235206604,4,14,12,19,6,4,-1,-14,-13,2,16,0,-1,-10,sil
14.79018235206604,1,10,13,34,6,10,0,-13,-7,21,3,-10,-9,0,sil
14.805747509002686,-2,-5,6,23,6,12,0,-1,3,13,-18,-12,-14,12,sil
14.805747509002686,-17,-17,-8,0,0,5,-3,-6,0,4,-29,-23,-19,2,sil
14.820817232131958,-19,-16,-16,-12,-3,6,2,0,0,14,-24,-29,-6,-1,sil
14.820817232131958,-7,-22,-10,-17,-3,1,0,13,7,9,-12,-4,14,11,sil
14.836305379867554,-4,-24,-10,-25,-14,-18,-12,3,-2,-6,-2,11,17,10,sil
14.836305379867554,-1,-12,-8,-25,-14,-20,-12,-6,-9,-12,0,7,3,-3,sil
14.851147174835203,9,-1,0,-14,-4,-12,-11,-1,-3,-16,1,3,-5,-10,sil
14.851147174835203,15,1,3,-3,-9,-20,-16,-3,-11,-29,5,9,0,-12,sil
14.866699934005736,16,4,16,0,-6,-16,-8,-7,-19,-27,19,23,10,-3,sil
14.866699934005736,18,14,24,8,10,0,6,0,-7,-6,26,22,3,6,sil
14.882097959518433,17,30,22,20,13,11,12,3,1,1,16,9,-6,5,sil
14.882097959518433,11,29,21,22,3,22,15,0,1,0,8,6,-3,3,sil
14.897672176361084,1,12,12,21,6,32,24,-2,6,15,0,3,-2,8,sil
14.897672176361084,-4,0,0,16,12,22,23,0,8,28,-13,-7,-11,6,sil
14.912898302078249,-13,-10,-7,4,0,14,13,2,13,22,-23,-19,-17,0,sil
14.912898302078249,-28,-25,-20,-10,-14,11,7,2,17,15,-27,-26,-18,-5,sil
14.929023265838625,-27,-30,-36,-27,-17,-11,0,7,11,6,-26,-23,-13,-4,sil
14.929023265838625,-9,-13,-31,-32,-6,-28,-13,6,1,-1,-6,-6,3,-4,sil
14.944212913513184,3,1,-7,-14,7,-19,-14,-1,-7,-12,16,8,20,-10,sil
14.944212913513184,4,-1,-8,-7,-2,-23,-16,-4,-17,-32,7,4,13,-17,sil
14.960221529006958,0,-5,-15,-20,-12,-28,-26,-5,-20,-41,-11,0,-5,-19,sil
14.960221529006958,3,7,2,-4,2,-12,-23,-7,-15,-19,0,2,-6,-15,sil
14.975844860076904,11,17,22,23,11,0,-7,-2,-3,-2,10,3,0,-5,sil
14.975844860076904,0,9,20,23,5,3,0,0,2,0,0,1,-3,0,sil
14.990890979766846,-13,5,5,11,5,13,8,0,0,12,-10,-8,-13,3,sil
14.990890979766846,-5,8,3,12,6,22,16,2,0,21,-4,-18,-11,13,sil
15.006336212158203,0,0,10,18,4,28,20,10,16,24,3,-11,0,25,sil
15.006336212158203,-6,-9,-2,14,5,25,22,13,29,29,5,0,7,24,sil
15.022087097167969,-7,-15,-20,-6,1,11,17,11,25,24,2,0,14,12,sil
15.022087097167969,0,-17,-16,-22,-4,2,2,12,20,19,7,1,23,8,sil
15.038226127624512,4,-9,-1,-12,-7,-3,-7,6,15,14,18,17,29,11,sil
15.038226127624512,9,-3,2,-5,-9,-12,-6,-4,0,-3,17,24,24,6,sil
15.05328917503357,18,1,0,-9,-4,-13,0,-4,-9,-17,7,21,14,0,sil
15.05328917503357,24,13,12,-4,4,-10,-6,-3,-15,-21,11,26,13,-4,sil
15.069265842437744,18,16,17,2,0,-8,-20,-17,-28,-29,17,19,7,-10,sil
15.069265842437744,7,15,10,-2,-2,-10,-18,-27,-33,-32,1,1,-9,-17,sil
15.08475923538208,2,20,16,5,3,-13,-4,-19,-25,-20,-9,1,-19,-12,sil
15.08475923538208,0,19,22,22,5,-3,1,-3,-19,-4,-7,-3,-17,-4,sil
15.099989652633669,-9,2,14,15,5,15,6,2,-10,0,-17,-26,-27,-6,sil
15.099989652633669,-13,-9,0,2,3,18,13,-4,1,-1,-28,-32,-36,-8,sil
15.11608099937439,-13,-8,-12,4,1,12,16,0,11,7,-16,-15,-20,-1,sil
15.11608099937439,-10,-5,-14,5,5,16,19,20,23,34,0,-7,0,6,sil
15.131723165512083,0,-8,-13,1,2,7,15,22,33,40,5,-8,6,9,sil
15.131723165512083,2,-11,-15,-5,-3,-13,-4,8,24,14,4,0,10,9,sil
15.147740840911863,4,-9,-14,-17,-5,-19,-17,5,8,-7,2,10,21,10,sil
15.147740840911863,13,-7,-9,-18,-10,-18,-16,6,0,-4,11,18,25,7,sil
15.162938833236694,12,-3,-3,-17,-18,-24,-26,-3,-7,-7,25,25,14,-1,sil
15.162938833236694,4,9,2,-10,-9,-14,-30,-18,-16,-27,16,13,-1,-6,sil
15.17920708656311,-3,13,12,10,6,8,-6,-21,-20,-24,-9,-10,-19,-5,sil
15.17920708656311,-16,-1,15,27,7,18,17,-8,-15,1,-25,-19,-31,-10,sil
15.194794178009031,-28,-10,0,15,1,18,23,1,-2,4,-30,-20,-33,-17,sil
15.194794178009031,-24,-6,-9,-2,3,18,15,2,4,-4,-30,-21,-31,-14,sil
15.210748195648192,-4,0,-9,-4,5,10,6,9,11,4,-14,-12,-8,-2,sil
15.210748195648192,4,-8,-11,-10,0,-3,-2,13,15,13,7,4,25,8,sil
15.226234912872314,-5,-29,-23,-33,-12,-17,-13,7,4,-4,4,5,28,8,sil
15.226234912872314,-15,-20,-25,-36,-12,-20,-15,3,-12,-18,-9,-2,8,-4,sil
15.242466688156128,-2,10,0,-8,1,-6,0,0,-17,-7,1,1,10,-9,sil
15.242466688156128,8,16,13,13,3,2,12,-2,-5,5,16,2,19,2,sil
15.258307933807371,3,10,14,15,1,5,3,2,9,4,12,0,12,9,sil
15.258307933807371,5,16,28,18,6,12,4,7,15,13,17,9,9,4,sil
15.2736337184906,14,15,30,24,5,22,21,5,16,29,17,17,6,11,sil
15.2736337184906,10,2,3,17,7,22,20,5,18,20,-2,7,0,19,sil
15.289185523986816,11,0,-10,1,11,0,1,4,18,4,-2,5,3,11,sil
15.289185523986816,22,6,0,-4,7,-26,-14,0,3,1,20,19,16,0,sil
15.3050377368927,20,12,5,-3,-2,-24,-22,-13,-17,-2,24,20,13,-3,sil
15.3050377368927,10,6,0,0,-7,-8,-16,-21,-20,-13,7,1,-1,-2,sil
15.321142435073853,9,5,10,12,1,-2,-5,-16,-10,-18,2,-10,-13,-4,sil
15.321142435073853,10,20,23,30,9,5,6,-7,-13,-12,3,-8,-16,-1,sil
15.33665418624878,-1,15,10,22,7,23,18,-1,-16,2,-7,-10,-17,3,sil
15.33665418624878,-19,-15,-9,-2,0,21,15,0,-5,5,-26,-21,-24,0,sil
15.352108240127563,-23,-29,-20,-9,-2,0,1,2,5,0,-26,-23,-26,1,sil
15.352108240127563,-12,-15,-16,-6,-8,-7,2,13,16,10,-4,-3,-10,13,sil
15.36826515197754,-3,-11,-15,-15,-9,-4,5,22,23,25,5,12,7,12,hello
15.36826515197754,0,-10,-15,-22,0,-10,-10,11,6,0,-4,10,5,-2,hello
15.38382601737976,0,-6,-5,-21,-2,-26,-32,-5,-16,-40,-7,2,0,-15,hello
15.38382601737976,-12,-8,-6,-26,-21,-29,-33,-15,-23,-42,-2,0,2,-27,hello
15.39901065826416,-12,-5,-2,-20,-18,-12,-21,-17,-23,-15,0,6,5,-27,hello
15.39901065826416,0,11,17,8,3,0,-7,-11,-15,0,7,5,6,-8,hello
15.415003061294556,-2,16,22,23,7,4,7,0,-1,3,-2,-8,1,3,hello
15.415003061294556,-14,-4,3,10,-2,21,20,1,1,9,-19,-12,-8,0,hello
15.4303240776062,-1,-14,-8,1,-3,31,25,5,11,20,-9,-4,-3,2,hello
15.4303240776062,8,-3,-6,-2,2,17,19,14,29,24,4,4,14,13,hello
15.445859670639038,5,-2,-8,-15,3,0,2,11,22,8,3,10,15,5,hello
15.461935758590698,5,0,-7,-11,0,-2,-14,-2,-7,-16,6,7,0,-20,hello
15.461935758590698,10,20,13,18,5,7,-1,-7,-18,-22,14,0,-7,-21,hello
15.461935758590698,9,30,24,39,19,20,29,6,4,11,15,0,0,15,hello
15.47803544998169,-2,7,6,26,28,20,30,17,29,39,7,-4,4,28,hello
15.47803544998169,-16,-18,-14,-1,9,3,10,12,24,24,-10,-18,0,5,hello
15.493252277374268,-14,-20,-23,-17,-13,-13,5,11,18,5,-17,-16,0,8,hello
15.493252277374268,2,-7,-18,-22,-10,-22,0,14,23,12,1,4,20,23,hello
15.509010314941406,18,-1,-11,-24,0,-27,-19,-1,3,7,11,14,27,9,hello
15.524610996246338,21,9,7,-17,-4,-26,-29,-21,-22,-18,11,16,13,-1,hello
15.524610996246338,16,24,20,5,-5,-17,-18,-18,-18,-29,10,11,-2,0,hello
15.524610996246338,8,20,15,22,0,-10,-17,-20,-23,-28,-12,-7,-25,-14,hello
15.540276765823364,0,9,25,16,-2,-2,-21,-25,-46,-27,-22,-2,-36,-16,hello
15.540276765823364,-8,-1,17,15,-3,12,0,-14,-25,-6,-3,1,-16,-3,hello
15.5559344291687,-23,-26,-23,7,-7,19,11,-2,5,3,-16,-26,-15,-10,hello
15.571677923202516,-22,-35,-19,-25,-11,13,0,11,5,-3,-33,-25,-23,-6,hello
15.571677923202516,1,-6,11,-24,4,14,6,30,22,23,14,18,20,16,hello
15.587700605392456,13,8,-3,2,17,1,8,14,32,34,49,26,47,9,hello
15.587700605392456,5,0,-18,-3,-1,-19,-15,-16,-10,-18,9,0,0,-8,hello
15.587700605392456,0,4,5,-2,-5,-2,-8,-14,-35,-31,-9,-3,-21,-4,hello
15.603271961212158,0,11,18,26,17,29,22,1,-5,21,14,5,5,5,hello
15.603271961212158,1,-1,3,19,11,21,21,5,4,25,9,2,4,8,hello
15.618330240249634,-2,-11,-2,-4,-8,2,9,9,-5,-7,-11,-2,-15,2,hello
15.63370156288147,-4,-1,-7,0,-5,0,7,11,5,-4,-9,0,-4,-5,hello
15.63370156288147,2,10,-4,4,1,-6,-1,7,20,6,7,15,20,0,hello
15.64965319633484,7,5,0,-8,-6,-20,-13,6,17,-1,18,20,26,5,hello
15.64965319633484,-1,-1,-4,-14,-10,-22,-17,-1,5,-8,5,4,10,-8,hello
15.664668798446655,-12,6,-1,1,0,-13,-15,-16,-12,-16,-8,-8,-5,-25,hello
15.664668798446655,-8,16,5,20,1,-5,-2,-16,-22,-20,-7,-9,-14,-19,hello
15.68071722984314,-3,9,3,16,-3,0,13,0,0,0,-10,-12,-12,-3,hello
15.68071722984314,-7,-5,1,0,1,14,25,11,22,20,-19,-15,-5,0,hello
15.696277856826782,-8,-9,-6,-4,7,20,28,7,18,13,-19,-16,-13,3,hello
15.696277856826782,2,-8,-13,-7,1,8,12,5,11,2,-9,-4,-15,15,hello
15.711474895477297,17,-9,-6,-15,-5,-3,-14,6,9,5,4,6,9,18,hello
15.711474895477297,20,4,11,-5,-4,-9,-24,-2,-4,1,18,8,20,2,hello
15.727861404418944,6,16,20,8,1,-2,-10,-9,-17,0,16,2,-1,-5,hello
15.727861404418944,-10,-2,-3,-3,3,7,7,-1,-5,11,-6,-16,-13,4,hello
15.74365258216858,-10,-25,-21,-28,-1,4,4,5,8,16,-17,-20,-1,16,sil
15.74365258216858,10,-17,-3,-31,-3,-11,-12,2,10,3,2,10,17,14,sil
15.758637189865112,18,3,9,-14,6,-13,-20,-8,-7,-13,15,21,17,0,sil
15.758637189865112,-1,11,15,11,16,1,-6,-17,-25,-20,3,0,-7,-10,sil
15.774073362350464,-10,3,11,28,5,5,9,-6,-13,-2,-5,-1,-14,1,sil
15.774073362350464,0,-5,-3,9,-10,-11,0,8,-1,6,1,13,7,4,sil
15.790178537368774,0,0,-11,-3,-10,-19,-23,-2,-16,-16,14,12,13,-15,sil
15.790178537368774,-10,13,1,15,0,0,-22,-25,-32,-35,8,2,-9,-25,sil
15.805741786956789,-12,18,14,27,6,20,6,-14,-14,-12,-8,1,-22,-9,sil
15.805741786956789,-2,3,2,16,4,24,31,22,32,28,-5,2,-2,11,sil
15.821716547012327,-1,-12,-13,0,-3,22,34,31,50,38,-2,-6,9,17,sil
15.821716547012327,-3,-13,-13,-12,-5,10,18,11,27,16,-19,-12,4,9,sil
15.836879968643188,13,0,-5,-8,-2,-10,2,11,22,8,-2,5,19,10,sil
15.836879968643188,27,5,2,-7,-4,-19,-9,13,18,1,30,24,33,10,sil
15.852020978927612,22,2,9,-10,-2,-16,-13,-5,-15,-20,17,13,9,-4,sil
15.852020978927612,8,12,12,1,8,-7,-6,-10,-25,-26,-1,2,-11,-13,sil
15.868002653121948,-10,4,4,3,7,-1,-3,-6,-9,-17,-1,-11,-15,-12,sil
15.868002653121948,-23,-14,-10,-10,-2,5,-4,-15,-16,-8,-15,-32,-23,-17,sil
15.883121490478516,-16,-11,-8,-4,7,26,11,-10,-16,8,-20,-30,-22,-10,sil
15.883121490478516,-18,-6,-11,6,15,30,21,4,8,14,-12,-24,-17,0,sil
15.898705959320068,-32,-19,-32,-10,-1,3,4,5,11,5,-21,-31,-18,-8,sil
15.898705959320068,-28,-21,-33,-19,-9,-18,-10,0,-3,10,-27,-19,-13,-12,sil
15.913864374160768,-13,-13,-13,-5,-8,-25,-15,0,-5,0,-12,5,0,0,sil
15.913864374160768,14,0,14,5,-6,-24,-17,0,0,-17,20,35,27,16,sil
15.929997205734251,47,27,38,16,1,-10,-3,6,3,-3,51,55,49,20,sil
15.929997205734251,34,37,40,23,-1,-2,0,0,-6,2,39,34,19,1,sil
15.945433139801024,3,24,25,13,-12,-10,-14,-17,-27,-18,4,0,-18,-13,sil
15.945433139801024,11,22,20,16,0,-1,-2,-13,-19,-7,3,0,-7,3,sil
15.960635900497437,17,22,23,24,16,25,23,9,9,25,12,8,3,19,sil
15.960635900497437,-4,1,4,10,6,34,27,18,27,37,0,-1,-5,14,sil
15.976671695709229,-9,-18,-14,-11,-7,9,13,14,30,30,-13,-5,2,15,sil
15.976671695709229,2,-21,-14,-27,-9,-22,-6,11,21,6,-10,5,13,15,sil
15.992683410644531,4,-14,-13,-27,-3,-24,-17,-3,0,-26,-1,5,2,-3,sil
15.992683410644531,1,-7,-7,-16,0,-9,-17,-20,-17,-37,2,5,-2,-16,sil
16.007723331451416,6,-2,4,-10,0,-10,-18,-14,-18,-27,1,5,2,-12,sil
16.007723331451416,3,4,5,1,6,0,-11,-2,-12,-9,0,-2,-2,-12,sil
16.023822784423828,-10,-1,-2,14,12,30,11,-4,-2,9,-12,-22,-21,-12,sil
16.023822784423828,-21,-16,-14,4,0,30,22,-2,3,16,-32,-35,-24,-3,sil
16.038996934890747,-18,-16,-21,-9,-3,15,19,11,9,15,-25,-23,0,8,sil
16.038996934890747,-9,-13,-18,-9,1,6,19,21,18,24,-1,-7,18,15,sil
16.05454397201538,-6,-10,-20,-10,-3,-11,6,14,17,20,2,-5,14,6,sil
16.05454397201538,-4,1,-15,-9,-1,-23,-17,1,3,-6,9,3,12,-7,sil
16.076180934906006,9,14,2,-2,3,-11,-24,-9,-8,-26,32,17,17,-10,sil
16.076180934906006,17,19,22,10,9,5,-8,-20,-17,-22,36,14,5,-7,sil
16.076180934906006,5,24,27,32,23,12,0,-16,-22,-7,11,2,-14,-9,sil
16.085745573043823,-4,19,21,40,11,11,2,-3,-14,6,-7,-2,-18,-7,sil
16.101646423339844,-3,1,11,21,-8,8,14,3,1,7,-9,0,-10,3,sil
16.101646423339844,-2,-16,-8,0,-2,4,14,7,18,0,-19,-3,-8,9,sil
16.117674112319946,-13,-23,-26,-19,-7,-7,-2,10,14,-4,-37,-15,-16,0,sil
16.117674112319946,-14,-19,-24,-31,-30,-26,-10,7,0,-6,-30,-7,-15,-5,sil
16.133639335632324,4,0,-8,-16,-18,-28,-3,5,2,2,2,19,5,6,sil
16.133639335632324,16,9,5,-5,6,-12,-5,0,5,7,26,27,17,4,sil
16.148988485336304,8,9,7,-12,5,-6,-16,-9,-6,-1,17,10,3,-11,sil
16.148988485336304,6,16,12,-3,0,-7,-14,-5,-10,-14,10,4,0,-10,sil
16.1641206741333,15,20,22,17,9,7,3,2,-6,-13,19,6,11,4,sil
16.1641206741333,7,10,18,20,9,21,19,4,-8,2,8,-4,1,7,sil
16.180065870285034,-11,-1,6,9,0,13,13,2,-2,14,-9,-13,-7,1,sil
16.180065870285034,-13,-16,-3,-6,-15,4,5,0,2,9,-10,-9,-1,7,sil
16.195635080337524,-7,-31,-13,-18,-18,11,11,1,6,8,-17,-12,0,14,sil
16.195635080337524,-3,-26,-12,-14,-5,5,8,7,14,15,-21,-9,0,10,sil
16.210694313049316,8,-5,-1,-6,2,-12,-10,7,10,7,0,10,19,5,sil
16.210694313049316,17,9,5,-2,0,-11,-18,-1,-4,-9,20,22,25,0,sil
16.226226806640625,12,15,1,3,2,0,-10,-5,-5,-13,21,10,10,-7,sil
16.226226806640625,0,22,0,8,13,0,-9,-9,-2,-9,13,-5,-4,-14,sil
16.242181539535522,-10,20,8,16,18,10,-4,-15,-9,-5,0,-15,-14,-14,sil
16.242181539535522,-11,5,8,22,9,21,10,-9,-8,-1,-12,-19,-24,-6,sil
16.258094787597656,-10,-7,-2,4,1,8,6,-6,-7,-5,-15,-15,-30,-2,sil
16.258094787597656,-17,-12,-12,-8,0,0,-1,-11,-5,-4,-10,-11,-20,-6,sil
16.273191928863525,-11,-10,-7,0,-3,6,12,2,16,17,-2,0,3,8,sil
16.273191928863525,7,-15,-2,0,-6,-2,13,23,29,32,9,14,23,27,sil
16.28860831260681,16,-11,-8,-10,-3,-20,-14,13,9,8,17,16,20,11,sil
16.28860831260681,16,12,3,-6,-3,-18,-26,-7,-12,-20,16,16,10,-10,sil
16.303709506988525,14,21,18,1,-8,-19,-8,-8,-11,-19,15,15,7,-8,sil
16.319661855697632,11,9,16,6,-3,-18,7,3,-5,-2,19,10,5,1,sil
16.319661855697632,7,9,16,14,3,2,11,6,-5,10,8,3,-1,1,sil
16.335067987442017,-5,5,6,12,4,13,16,-1,-2,7,-21,-10,-11,-3,sil
16.335067987442017,-13,-6,-1,-1,7,11,19,8,7,-2,-29,-7,-8,3,sil
16.35094904899597,0,-8,-2,-1,4,18,20,26,27,17,4,11,17,15,sil
16.35094904899597,3,-13,-12,-6,-4,9,11,18,26,35,11,11,28,17,sil
16.366015672683716,-6,-22,-13,-30,-4,-16,-10,7,-1,-1,-26,2,-1,8,sil
16.366015672683716,-14,-17,-32,-27,-10,-16,-19,-3,-8,-26,-33,-11,-12,-19,sil
16.381702423095703,-13,-6,-49,-10,-13,-3,-13,-21,-5,-20,-10,-23,-4,-39,sil
16.381702423095703,-4,14,-1,-8,3,1,-7,-14,-21,-33,-7,-7,-18,-15,sil
16.396739959716797,2,32,33,9,15,9,-3,-7,-23,-32,-7,0,-25,-1,sil
16.396739959716797,0,21,16,27,8,6,-10,-23,-18,-8,-2,-14,-16,-15,sil
16.41189193725586,-2,11,15,24,7,7,-5,-18,-18,5,-4,-11,-16,-9,sil
16.41189193725586,-10,5,8,21,6,23,14,-2,-1,13,-1,-13,-15,0,sil
16.427958488464355,-19,-15,-17,0,-2,22,10,0,6,11,-5,-24,-13,-7,sil
16.427958488464355,-7,-23,-13,-17,-3,12,1,6,16,13,0,-6,0,4,sil
16.443970918655396,14,-10,-1,-10,3,3,10,11,33,25,29,15,36,26,sil
16.443970918655396,20,-10,1,-10,-2,-18,-7,10,17,5,26,22,37,27,sil
16.459879875183105,6,-6,12,-16,-16,-27,-31,9,-5,-17,3,25,9,11,sil
16.459879875183105,8,-2,4,-4,-20,-26,-23,-1,-2,0,20,22,23,0,sil
16.475099563598633,30,0,2,1,-10,-26,-12,-10,-7,5,36,19,33,5,sil
16.475099563598633,17,10,22,12,6,-2,-2,-5,-12,-8,20,7,-4,0,sil
16.490755558013916,-14,16,11,22,8,15,8,-8,-2,0,1,-17,-27,-13,sil
16.490755558013916,-9,4,-1,9,0,4,12,-11,-7,9,-7,-17,-21,-5,sil
16.506296157836914,0,-8,2,5,-3,7,25,0,-10,-1,-14,-10,-25,2,sil
16.506296157836914,-13,-8,-4,8,2,14,35,11,4,0,-26,-21,-25,-4,sil
16.521639108657837,-11,-1,-7,-7,4,1,13,11,16,11,-19,-6,0,0,sil
16.521639108657837,7,-3,-6,-19,0,-9,-5,13,15,12,0,17,25,13,sil
16.53677225112915,15,0,-7,-12,2,-16,-11,18,8,2,3,22,26,11,sil
16.53677225112915,17,18,13,1,16,-16,-12,6,0,-5,1,26,14,0,sil
16.55201244354248,7,22,21,17,11,0,0,-11,-8,-17,1,7,-4,-6,sil
16.55201244354248,-14,3,0,13,-3,15,19,-6,-8,-17,-21,-21,-21,-3,sil
16.56800389289856,-20,-13,-19,-8,-5,13,19,8,3,5,-33,-22,-16,2,sil
16.56800389289856,-8,-17,-15,-23,-4,3,3,8,14,17,-11,-4,4,4,sil
16.58392596244812,0,-4,-1,-13,-2,1,-8,4,15,4,6,8,18,0,sil
16.58392596244812,4,12,-2,3,0,3,-14,4,10,0,15,9,22,-6,sil
16.59918475151062,1,13,-2,3,2,-2,-21,-1,-2,-2,26,10,18,-6,sil
16.59918475151062,5,12,8,4,5,-5,-16,-7,-11,-3,32,14,15,-5,sil
16.614877939224243,12,24,14,22,6,4,0,-9,-11,-1,23,11,9,-6,sil
16.614877939224243,-1,21,11,26,7,17,2,-19,-21,-11,1,-6,-12,-5,sil
16.630085706710815,-15,0,0,11,11,21,6,-23,-25,-15,-12,-20,-28,-6,sil
16.630085706710815,-13,-9,-10,-3,1,14,12,-9,-12,-3,-16,-19,-23,-10,sil
16.64567255973816,-17,-21,-13,-9,-19,0,3,-3,3,5,-21,-21,-22,-8,sil
16.64567255973816,-16,-34,-12,-10,-16,-9,0,-2,17,16,-16,-21,-17,3,sil
16.660913467407227,-3,-35,-4,-20,-4,-11,6,12,19,15,-3,-3,-5,13,sil
16.660913467407227,-1,-26,-15,-31,-13,-17,-3,18,10,-4,-14,0,-1,6,sil
16.67800259590149,-2,-14,-24,-22,-15,-22,-22,4,4,-13,-16,-4,6,0,sil
16.67800259590149,16,0,0,-5,0,-19,-19,2,1,0,16,13,21,6,sil
16.691898107528687,28,8,17,-2,4,-12,-11,3,-6,-4,25,27,12,2,sil
16.691898107528687,13,7,5,0,1,-11,-18,-11,-20,-26,0,12,-7,-12,sil
16.707910299301147,1,11,3,17,5,-2,-12,-20,-22,-24,-4,-3,-12,-10,sil
16.707910299301147,-2,15,16,24,8,16,7,-11,-15,5,4,-2,-13,0,sil
16.72403049468994,-7,7,13,20,3,22,16,0,-13,22,-1,-4,-18,-3,sil
16.72403049468994,-6,4,6,24,0,20,19,5,-6,13,-10,-8,-13,0,sil
16.739282369613647,-3,3,4,15,1,23,22,13,18,17,-5,-6,-1,12,sil
16.739282369613647,-1,-5,-5,-6,0,10,20,26,44,36,1,-3,12,19,sil
16.75530481338501,4,-8,-6,-12,-6,-1,16,28,43,34,3,4,31,20,sil
16.75530481338501,9,-6,0,-11,-5,4,17,16,27,12,13,14,38,22,sil
16.77133846282959,5,0,-5,-17,1,0,7,8,16,0,20,13,29,11,sil
16.77133846282959,1,14,0,-5,6,-17,-11,3,6,-12,19,19,19,-3,sil
16.78718376159668,5,26,12,6,4,-15,-20,-5,-7,-19,19,25,15,-2,sil
16.78718376159668,7,22,8,0,3,-6,-18,-16,-24,-23,11,5,3,-4,sil
16.80329990386963,1,9,5,-3,6,-5,-8,-25,-40,-36,-10,-20,-19,-23,sil
16.80329990386963,-6,0,1,1,2,6,12,-21,-35,-26,-26,-24,-30,-19,sil
16.81862473487854,-11,-8,-10,-6,1,18,24,0,-9,0,-21,-15,-18,0,sil
16.81862473487854,-1,-6,-13,-15,3,-7,0,8,3,-3,-13,-2,-1,0,sil
16.834636211395264,16,8,7,0,-5,-35,-32,-2,0,-13,0,16,10,-3,sil
16.834636211395264,19,19,24,20,-2,-21,-26,-5,-1,7,16,22,13,6,sil
16.850003004074097,-1,3,4,21,3,3,-4,-1,0,22,0,-2,-9,2,sil
16.850003004074097,-23,-26,-17,0,-6,1,0,-3,-2,11,-28,-27,-35,-14,sil
16.86550998687744,-23,-39,-22,-12,-17,-9,-3,-1,3,6,-25,-23,-27,-12,sil
16.86550998687744,-6,-22,-16,-15,-10,-7,-3,-1,3,0,0,0,0,0,sil
16.881059646606445,6,2,0,-6,0,1,-8,-12,-8,-16,14,15,8,-5,sil
16.881059646606445,4,14,14,17,4,21,0,-16,-12,-14,8,0,-4,-15,sil
16.89711093902588,-8,7,12,29,9,40,15,-5,-1,6,0,-17,-16,-4,sil
16.89711093902588,-10,-2,0,14,12,32,19,13,18,28,7,-10,0,6,sil
16.91273784637451,-2,-2,-6,1,4,9,16,20,29,36,17,5,15,8,sil
16.91273784637451,-4,0,0,4,0,10,20,15,23,29,6,4,3,13,sil
16.92786955833435,-2,-2,5,9,5,20,25,22,31,28,0,0,6,24,sil
16.92786955833435,4,-7,-3,0,9,9,23,30,45,22,4,2,26,20,sil
16.943831205368042,0,-15,-21,-30,-2,-12,5,10,20,-9,-9,0,12,-2,sil
16.943831205368042,0,-15,-22,-40,-19,-26,-20,-10,-17,-34,-28,-6,-8,-16,sil
16.958725690841675,12,-2,-1,-17,-16,-31,-28,-6,-26,-29,-8,7,0,0,sil
16.958725690841675,16,8,2,-14,-8,-29,-26,-4,-20,-27,11,23,15,11,sil
16.97481679916382,7,7,0,-23,-4,-23,-31,-18,-30,-34,8,19,11,-4,sil
16.97481679916382,9,2,4,-8,1,-22,-26,-22,-42,-35,2,5,0,-18,sil
16.990060091018677,10,6,6,6,4,-13,-5,-8,-30,-26,3,-4,-10,-7,sil
16.990060091018677,0,18,13,13,2,5,7,0,-10,-4,6,-5,-6,3,sil
17.006086111068726,0,19,18,27,4,14,12,0,-3,13,11,-1,-2,1,sil
17.006086111068726,0,5,8,26,4,21,14,2,-4,12,4,-7,-13,-2,sil
17.021634101867676,-18,-5,-4,9,4,30,14,-1,-3,12,-12,-25,-24,-6,sil
17.037099361419678,-23,-4,-5,6,0,23,8,-13,-6,14,-20,-22,-19,-7,sil
17.037099361419678,-7,-3,2,7,-1,4,-2,-11,-3,5,-7,0,-6,0,sil
17.037099361419678,-1,-1,2,7,0,-5,-3,2,14,8,0,3,6,9,sil
17.053080558776855,-1,2,-4,3,2,-2,12,13,32,28,-1,-2,13,16,sil
17.053080558776855,5,4,-1,-4,3,1,19,25,43,42,3,7,17,20,sil
17.069340467453003,13,6,0,-4,0,-5,7,28,41,32,14,19,24,20,sil
17.069340467453003,13,4,-4,-8,-2,-17,-2,8,18,-2,14,18,21,9,sil
17.08367657661438,9,1,-6,-20,0,-13,-8,-8,0,-27,5,7,6,-7,sil
17.09887385368347,8,7,-1,-14,-1,-12,-18,-6,-6,-27,0,3,0,-18,sil
17.09887385368347,11,10,10,0,-2,-14,-24,-3,-14,-20,4,15,7,-17,sil
17.11410617828369,6,7,16,5,5,1,-11,-8,-14,-7,13,13,5,-11,sil
17.11410617828369,-1,10,21,16,9,15,0,-9,-7,1,10,1,-9,-9,sil
17.129650831222534,-1,7,22,26,6,13,6,-5,-8,0,-1,-5,-15,-9,sil
17.129650831222534,-8,-10,5,14,6,11,11,-11,-13,-3,-16,-17,-13,-10,sil
17.145710468292236,-25,-33,-17,-9,-3,5,3,-16,-17,-5,-31,-33,-28,-10,sil
17.145710468292236,-23,-37,-24,-12,-15,1,-3,0,-13,0,-30,-30,-37,-8,sil
17.16105818748474,-13,-18,-12,1,3,22,17,13,1,15,-14,-15,-16,0,sil
17.16105818748474,-11,-12,-12,0,12,30,30,6,11,15,-8,-17,-3,13,sil
17.176697492599487,-9,-22,-23,-18,-13,-3,6,2,3,6,-8,-14,-3,11,sil
17.176697492599487,-2,-18,-17,-21,-21,-27,-6,11,0,0,1,3,14,1,sil
17.1927649974823,4,-1,-7,-10,-7,-14,4,13,5,-6,9,12,23,6,sil
17.1927649974823,16,10,0,-3,-1,-2,7,10,9,-10,12,18,17,20,sil
17.207957983016968,27,20,10,8,8,-5,0,7,15,5,29,39,31,29,sil
17.207957983016968,23,26,9,15,18,-7,-10,0,10,4,39,43,39,25,sil
17.223491191864014,6,23,0,3,5,-8,-27,-7,-9,-26,14,18,5,-6,sil
17.223491191864014,3,14,-3,-7,-7,-13,-28,-12,-19,-34,-11,0,-17,-31,sil
17.238736629486084,2,7,0,-9,-3,-11,-19,-17,-16,-10,-6,-4,-8,-23,sil
17.23905348777771,-9,4,6,0,3,-4,-12,-13,-11,0,1,-10,-6,-12,sil
17.254687309265137,-9,8,18,15,3,1,-2,0,-4,2,0,-12,-10,-8,sil
17.254687309265137,-1,9,26,15,-3,9,4,1,0,13,-5,-5,-6,3,sil
17.26984715461731,-5,0,13,1,-15,9,12,-2,2,19,-10,-11,-7,13,sil
17.26984715461731,-7,-5,1,0,-10,12,19,2,7,18,-14,-19,-11,8,sil
17.2858829498291,-5,-10,-4,3,3,14,17,10,10,10,-14,-17,-8,0,sil
17.2858829498291,-9,-23,-13,-4,1,6,12,10,13,6,-14,-10,-1,5,sil
17.301109313964844,-2,-23,-14,-14,-1,3,9,8,20,12,-7,0,4,11,sil
17.301109313964844,5,-8,-17,-11,2,0,0,3,19,8,0,2,7,0,sil
17.31661629676819,2,0,-9,-4,2,-6,-11,3,3,-7,13,8,10,-8,sil
17.31661629676819,11,5,4,-2,3,-6,-12,9,-3,-4,31,23,26,0,sil
17.33233642578125,18,11,1,-4,5,-7,-12,0,-6,-2,24,19,21,0,sil
17.33233642578125,3,15,4,0,2,-10,-8,-18,-15,-21,6,0,-6,-14,sil
17.347890377044678,1,13,16,7,0,-6,-1,-14,-23,-24,5,-2,-15,-18,hello
17.347890377044678,5,7,14,8,0,0,-3,-5,-26,-14,2,1,-13,-7,hello
17.363662004470825,-10,5,13,15,6,12,4,-6,-14,-7,-4,0,-18,-2,hello
17.363662004470825,-7,13,16,35,24,31,29,0,9,10,-8,-2,-7,1,hello
17.37965202331543,3,9,10,26,17,21,22,1,4,12,-20,-4,-7,5,hello
17.37965202331543,-6,-10,-8,2,-7,-3,0,-11,-14,-4,-28,-14,-24,-3,hello
17.39490556716919,-13,-19,-16,-1,-14,-3,4,-1,1,3,-14,-15,-13,-9,hello
17.39490556716919,-4,-16,-14,-8,-10,1,12,22,33,27,0,-2,16,6,hello
17.41006112098694,1,-18,-16,-21,-14,-9,-1,19,31,22,-1,2,23,23,hello
17.41006112098694,-1,-13,-12,-16,-7,-15,-11,5,10,5,-6,6,13,15,hello
17.425674200057983,0,-5,-10,-12,1,-12,-8,8,8,7,1,9,14,2,hello
17.425674200057983,12,-7,-11,-22,-5,-17,-11,9,14,6,20,14,28,9,hello
17.441778659820557,20,-4,-1,-20,-9,-25,-17,-2,-3,-10,21,14,26,8,hello
17.441778659820557,2,5,9,-4,-1,-26,-22,-16,-30,-26,4,0,1,-8,hello
17.457943439483643,-7,14,17,0,5,-8,-14,-13,-28,-22,10,0,-11,-9,hello
17.457943439483643,6,21,26,16,12,18,7,-4,-10,-7,27,12,-4,6,hello
17.47401738166809,0,21,21,33,7,28,19,-10,-16,-4,2,2,-20,0,hello
17.47401738166809,-27,0,-4,14,-1,27,18,-13,-12,0,-25,-25,-39,-22,hello
17.490169525146484,-21,-22,-35,-16,-2,23,16,6,23,18,-12,-32,-14,-18,hello
17.490169525146484,-3,-21,-26,-30,-2,9,2,22,31,9,-4,-13,6,5,hello
17.506053686141968,-8,-10,-15,-23,-5,-4,-8,14,12,-3,-11,-8,1,3,hello
17.506053686141968,-6,-8,-23,-12,-9,-10,-9,-4,7,1,-2,-9,2,-9,hello
17.5216703414917,8,0,3,-11,-11,-11,-20,-11,-11,-12,3,11,0,-2,hello
17.5216703414917,7,12,30,4,-4,-6,-20,-12,-34,-31,-6,13,-15,0,hello
17.537731885910034,5,22,14,33,7,3,5,-17,-19,-8,-5,-2,-11,-4,hello
17.537731885910034,15,18,10,31,10,11,23,-6,5,16,0,8,1,9,hello
17.55339789390564,13,2,18,10,3,9,20,12,11,12,-9,14,0,20,hello
17.55339789390564,1,-1,6,7,2,0,11,11,15,5,-12,1,-2,8,hello
17.568625450134277,10,7,0,7,6,-9,-1,8,21,8,5,11,8,2,hello
17.568625450134277,27,19,12,6,7,-7,-10,11,13,7,22,28,21,4,hello
17.584670066833496,17,20,12,23,16,2,-2,-1,0,4,27,9,28,-4,hello
17.584670066833496,-12,0,-1,24,22,7,1,-10,-9,1,11,-16,8,-12,hello
17.600783586502075,-28,-22,-13,-1,6,8,3,7,-3,11,-9,-20,-10,-5,hello
17.600783586502075,-18,-23,-23,-18,-12,-1,6,17,8,24,-4,-13,10,6,hello
17.616271495819092,2,-15,-17,-23,-18,-21,-3,10,1,4,9,7,28,17,hello
17.616271495819092,11,-5,-3,-18,-9,-16,-14,-1,-7,-13,16,17,18,7,hello
17.632052183151245,1,1,-2,-9,0,-6,-18,-17,-17,-12,13,4,7,-12,hello
17.632052183151245,-13,2,2,-7,-3,-12,-21,-26,-37,-31,-5,-3,-8,-20,hello
17.648131608963013,-13,0,1,0,-13,-6,-11,-20,-37,-36,-19,-17,-28,-26,hello
17.648131608963013,-9,-4,1,0,-9,13,1,-3,-12,0,-19,-27,-29,-16,hello
17.663926362991333,-10,-6,8,-9,5,27,16,17,19,31,-14,-15,-10,5,hello
17.663926362991333,-3,-8,1,-8,10,18,22,26,43,24,-8,-4,4,20,hello
17.679128408432007,1,-11,-5,-12,-4,0,9,17,40,7,-12,0,6,20,hello
17.679128408432007,0,-19,-15,-24,-13,-10,3,8,32,7,-13,-2,7,3,hello
17.694632053375244,5,-10,-10,-24,-8,-13,4,5,22,0,0,3,5,0,hello
17.694632053375244,13,20,13,-6,4,-2,5,0,0,-14,15,20,-4,7,hello
17.7100350856781,10,30,15,16,12,6,3,-21,-25,-22,14,12,-21,-2,hello
17.7100350856781,4,12,10,21,3,-2,-8,-34,-44,-31,-1,-3,-42,-16,hello
17.725640296936035,1,12,9,24,2,0,-3,-25,-33,-14,-5,-5,-51,-10,hello
17.725640296936035,0,15,1,35,15,14,17,-7,-5,14,5,0,-44,0,hello
17.740973949432373,-4,-1,1,25,7,15,14,3,-5,0,-5,-2,-23,-4,hello
17.740973949432373,-17,-19,-16,1,-13,5,-4,0,-11,-17,-20,-18,11,-16,hello
17.757556676864624,-13,-11,-25,-12,-15,-7,-11,5,11,10,-3,-5,38,3,sil
17.757556676864624,10,2,0,0,-2,-11,-6,26,37,38,23,31,51,30,sil
17.77266573905945,19,0,1,9,-1,-5,-6,22,28,18,30,34,54,18,sil
17.77266573905945,18,1,-1,0,-4,-8,-18,8,3,-8,29,32,39,8,sil
17.788122177124023,26,22,12,7,3,-14,-19,7,5,11,36,36,34,17,sil
17.788122177124023,26,26,30,24,14,-4,-12,3,7,30,28,24,29,16,sil
17.803985834121704,10,13,33,22,12,6,0,-2,-7,8,9,6,8,5,sil
17.803985834121704,-10,-3,6,14,1,4,15,-8,-14,-3,-7,-20,-9,-9,sil
17.819108247756958,-18,-18,-5,0,-4,5,16,-11,-19,-1,-32,-36,-23,-15,sil
17.81948757171631,-12,-13,-2,-6,3,16,17,-1,-2,5,-33,-29,-18,-4,sil
17.835026741027832,-12,-10,-23,-14,8,11,21,5,22,8,-15,-28,0,5,sil
17.835026741027832,-12,-18,-24,-41,-5,-2,4,10,11,-6,-26,-23,-2,0,sil
17.850674152374268,-7,-13,-21,-39,-8,0,-2,6,4,-5,-28,-16,8,-18,sil
17.850674152374268,-1,-7,-23,-34,4,-3,-7,0,2,-6,-7,-4,24,-14,sil
17.866013050079346,0,-5,2,-51,1,-10,-19,2,-18,-36,0,15,0,3,sil
17.866013050079346,-11,-4,-18,-27,-3,-7,-11,-21,-7,-28,7,-13,-20,-23,sil
17.880940675735474,-25,-4,-8,-28,-2,-21,-29,-23,-30,-38,-25,-25,-65,-27,sil
17.880940675735474,-20,29,62,-7,2,15,-12,13,-42,-32,-36,10,-66,0,sil
17.89609432220459,-11,22,-34,82,31,57,59,-25,37,51,21,-46,9,-28,sil
17.89609432220459,-17,-37,-20,-25,6,-9,-15,-14,-28,-19,-47,-29,-64,-1,sil
17.912017345428467,-15,0,133,-99,-69,-13,-52,71,-71,-73,-80,67,-92,36,sil
17.912017345428467,6,33,-93,120,-43,40,86,-22,127,117,104,-51,124,-54,sil
17.92806625366211,25,-33,-192,100,23,-43,23,-91,74,71,98,-72,94,-30,sil
17.92806625366211,29,-9,121,-68,8,-57,-89,30,-109,-105,-44,111,-82,84,sil
17.943699598312378,18,30,86,50,0,41,35,34,24,23,22,50,13,32,sil
17.943699598312378,5,-26,-75,64,5,2,48,-16,74,73,40,-35,53,-1,sil
17.958993196487427,12,-20,46,-58,-5,-46,-49,38,-48,-35,-25,71,-24,45,sil
17.958993196487427,36,33,65,1,12,-3,-13,23,-25,-9,35,74,28,17,sil
17.97469472885132,39,35,12,58,25,2,9,-28,-3,0,60,16,44,-6,sil
17.97469472885132,11,21,36,26,-2,6,-8,-8,-27,-24,5,15,-10,6,sil
17.990482568740845,-9,0,0,7,-5,22,10,7,13,23,-6,-5,-2,7,sil
18.006080865859985,-1,-14,-25,-26,6,-3,4,16,34,36,-8,-7,14,10,sil
18.006080865859985,8,0,-1,-36,-1,-26,-19,16,7,-3,-7,3,16,-5,sil
18.02169251441956,0,14,1,-11,-3,-11,-13,-8,-17,-25,6,-5,9,-27,sil
18.02169251441956,-7,17,12,0,14,14,7,-14,-19,-16,4,-7,-4,-9,sil
18.036795377731323,-6,16,12,12,21,36,30,1,10,12,-4,-13,-1,4,sil
18.036795377731323,-19,0,-7,13,9,38,29,1,20,18,-22,-33,-10,-12,sil
18.052292585372925,-36,-16,-18,-5,3,26,20,1,15,13,-40,-39,-26,-16,sil
18.052292585372925,-30,-31,-27,-20,-5,12,23,10,26,28,-30,-30,-12,0,sil
18.06785130500793,-14,-38,-38,-35,-19,-3,7,8,20,21,-19,-18,0,3,sil
18.06785130500793,-10,-29,-37,-38,-20,-20,-24,-5,-1,-15,-27,-17,-4,-10,sil
18.089234352111816,-9,-20,-32,-29,-14,-36,-43,-16,-19,-41,-23,-21,-3,-20,sil
18.089234352111816,-1,-8,-17,-23,-14,-30,-39,-13,-34,-41,0,-3,0,-18,sil
18.089234352111816,14,21,8,4,0,-4,-19,-15,-20,-17,25,14,10,-9,sil
18.099109888076782,35,46,37,35,20,7,-4,-12,-11,-9,30,22,15,10,sil
18.115005016326904,23,31,36,32,13,2,-2,-8,-29,-20,14,23,-1,16,sil
18.115005016326904,-13,0,2,17,-4,1,0,-17,-27,-6,-4,-1,-16,-1,sil
18.13107013702393,-21,-7,-2,16,0,9,5,-8,-6,15,-18,-23,-23,-5,sil
18.13107013702393,-13,-7,-1,15,3,11,17,11,11,27,-14,-18,-19,6,sil
18.146944761276245,-11,-20,-17,-13,-8,2,23,22,24,28,-8,-2,-12,19,sil
18.146944761276245,3,-16,-7,-30,-12,-3,21,34,31,22,-1,14,4,27,sil
18.162618160247803,20,-4,6,-5,-1,-12,14,35,35,19,12,21,23,19,sil
18.162618160247803,18,-8,2,-6,1,-21,-5,21,26,8,18,26,21,8,sil
18.178165435791016,14,-4,0,-21,0,-11,-7,8,20,-1,25,28,25,4,sil
18.178165435791016,23,14,9,-6,6,-2,0,-3,12,-8,33,26,23,0,sil
18.193639755249023,16,19,23,10,9,-2,-9,-17,-11,-18,19,14,-4,-9,sil
18.193639755249023,-12,7,7,6,2,1,-18,-35,-33,-30,-1,-5,-25,-28,sil
18.20884394645691,-21,9,0,0,2,0,-14,-38,-47,-41,-3,-12,-28,-36,sil
18.20884394645691,-7,23,16,22,7,4,0,-24,-40,-25,2,-7,-21,-23,sil
18.224947929382324,-9,7,11,31,6,14,6,-8,-14,0,-9,-17,-12,-7,sil
18.224947929382324,-17,-9,4,10,1,18,5,4,0,10,-25,-25,-9,0,sil
18.240905046463013,-1,6,7,14,3,25,14,5,5,22,-10,-15,1,8,sil
18.240905046463013,14,2,0,18,4,19,14,5,5,24,-3,-2,8,22,sil
18.25600552558899,3,-26,-16,-5,-3,0,8,18,14,23,-13,1,11,27,sil
18.25600552558899,-5,-29,-23,-21,-11,-10,12,27,30,33,-5,0,26,21,sil
18.27072596549988,2,-9,-12,-23,-8,-8,5,21,25,21,1,7,30,17,sil
18.27072596549988,10,-2,-16,-14,-5,-9,-12,5,19,4,4,12,23,5,sil
18.28597950935364,16,0,-15,-16,-9,-20,-26,-2,5,-14,3,15,12,-1,sil
18.28597950935364,16,12,8,-17,-8,-22,-28,-2,-13,-33,8,15,6,-10,sil
18.30120182037353,1,19,4,0,0,-13,-22,-14,-14,-24,18,-3,6,-30,sil
18.30120182037353,-6,13,0,9,1,-1,-15,-14,-18,-12,10,-10,-8,-26,sil
18.31634736061096,-1,17,22,18,9,14,3,-2,-14,-8,1,2,-17,-4,sil
18.31634736061096,-2,21,21,32,19,25,18,-2,2,0,1,-4,-11,2,sil
18.332443952560425,-10,9,2,22,9,22,15,-7,3,7,-4,-12,-15,1,sil
18.332443952560425,-13,-7,-3,2,-3,9,17,-3,1,13,-11,-4,-18,5,sil
18.34782767295837,-11,-17,-7,-5,0,1,22,5,13,13,-10,-5,-14,9,sil
18.34782767295837,-13,-19,-12,-9,4,7,20,8,19,12,-12,-14,-13,5,sil
18.36367535591125,-14,-20,-15,-15,-2,0,11,10,16,11,-15,-13,-18,5,sil
18.36367535591125,-7,-20,-16,-27,-7,-21,1,16,14,10,-6,-2,-6,10,sil
18.37978959083557,2,-22,-18,-34,-10,-24,-13,9,6,0,10,8,19,2,sil
18.37978959083557,14,-11,-7,-26,-14,-22,-25,-8,-16,-25,13,19,22,-5,sil
18.39487934112549,16,12,14,-3,-8,-17,-20,-20,-29,-31,8,15,6,-7,sil
18.39487934112549,13,22,22,13,6,0,-4,-18,-32,-13,9,5,-2,-5,sil
18.41063451766968,11,24,25,24,13,15,4,-9,-29,-6,10,7,-6,0,sil
18.41063451766968,0,15,22,33,7,14,5,-6,-17,-5,1,0,-12,0,sil
18.42565083503723,-15,-6,12,24,0,11,-2,0,-10,-1,-13,-12,-18,-1,sil
18.42565083503723,-15,-9,-7,8,-2,14,-1,9,7,13,-16,-11,-5,3,sil
18.44172763824463,0,0,-22,-4,2,2,8,11,30,28,-12,-6,9,9,sil
18.44172763824463,3,-8,-15,-11,2,-9,1,7,23,19,-12,-7,8,1,sil
18.457759618759155,0,-17,-12,-12,-7,-3,-1,5,14,7,-1,-7,11,-7,sil
18.457759618759155,4,-6,-11,-17,-4,2,6,17,22,9,13,12,27,4,sil
18.47379493713379,15,6,-1,-10,11,2,3,28,30,9,27,32,42,17,sil
18.47379493713379,16,6,-1,-5,11,-3,-6,19,23,-3,26,19,32,0,sil
18.489648818969727,3,9,-1,-13,-1,-10,-14,-5,-3,-22,5,-1,2,-22,sil
18.489648818969727,-6,26,10,4,1,0,-16,-29,-30,-25,-4,-5,-14,-22,sil
18.504718542099,0,30,24,26,9,11,-1,-28,-36,-15,-4,-5,-24,-4,sil
18.504718542099,2,13,19,20,0,11,18,-16,-21,-2,-10,-13,-29,-1,sil
18.519887924194336,-7,1,4,14,-1,9,14,-13,-9,-3,-15,-14,-21,-2,sil
18.519887924194336,-10,-5,0,10,5,9,8,-8,-7,-7,-14,-3,-14,4,sil
18.535992860794067,-12,-22,-11,-6,-3,3,10,-5,-1,3,-13,-3,-10,8,sil
18.535992860794067,-3,-29,-17,-17,-18,-7,-5,1,9,15,-10,-3,1,13,sil
18.55185413360596,13,-10,-5,-20,-14,-24,-19,13,13,14,16,10,23,12,sil
18.55185413360596,12,0,-1,-23,-6,-38,-16,2,1,-2,37,17,25,-7,sil
18.566899061203003,-3,6,7,-2,-2,-30,-17,-8,-18,-19,18,5,0,-16,sil
18.566899061203003,-11,14,18,28,0,-4,-9,-10,-15,-8,-1,-8,-14,-6,sil
18.582876205444336,-12,4,12,21,0,11,3,0,-2,7,-4,-9,-15,0,sil
18.582876205444336,-8,-11,1,5,0,21,18,11,1,8,-9,-5,-18,4,sil
18.597962141036987,-4,-12,-4,11,2,33,34,12,14,17,-17,-13,-17,5,sil
18.597962141036987,-6,-6,-4,4,5,32,33,14,31,29,-20,-13,-7,4,sil
18.613811016082764,-6,-9,-7,0,6,22,23,22,36,34,-9,-4,4,4,sil
18.613811016082764,0,-15,-11,0,4,5,6,18,21,15,-1,2,9,5,sil
18.62906098365784,12,-7,-6,-10,0,-14,-13,5,4,-7,0,19,13,9,sil
18.62906098365784,20,-1,-8,-19,-1,-24,-30,0,-4,-17,3,27,20,10,sil
18.64469051361084,12,-6,-15,-23,0,-20,-29,0,-17,-25,5,12,11,0,sil
18.66004848480225,3,-2,-13,-19,-1,-16,-10,0,-13,-29,6,0,8,-8,sil
18.66004848480225,16,12,-4,-10,-1,-15,-5,4,2,-18,11,9,17,-1,sil
18.67608404159546,25,25,7,0,7,0,-13,0,3,0,19,17,18,3,sil
18.67608404159546,5,25,12,7,9,5,-11,-19,-12,5,18,5,5,-5,sil
18.67608404159546,-10,11,5,5,-7,-9,-10,-31,-34,-17,-1,-19,-16,-21,sil
18.69174361228943,-10,6,1,5,-12,-14,-15,-28,-37,-34,-8,-25,-24,-20,sil
18.69174361228943,-1,21,18,27,11,4,-2,-14,-18,-14,6,-4,-11,2,sil
18.70782327651977,-1,25,30,39,22,20,20,3,2,12,1,0,-9,14,sil
18.70782327651977,-23,-2,4,9,1,20,32,7,13,21,-19,-22,-17,0,sil
18.72367835044861,-29,-23,-11,-9,-8,22,31,1,7,20,-25,-28,-18,-4,sil
18.738826751708984,-8,-12,-1,9,0,24,25,-5,1,21,-13,-9,-8,4,sil
18.738826751708984,-3,-12,-3,6,-1,7,11,-2,3,15,-7,0,-4,4,sil
18.754782676696777,-11,-28,-11,-24,-15,-12,1,15,10,7,-6,3,2,8,sil
18.754782676696777,2,-20,-8,-31,-10,-4,1,23,24,18,6,18,19,15,sil
18.76994752883911,21,0,-2,-22,4,2,-5,20,28,16,15,36,30,11,sil
18.76994752883911,24,11,3,-6,6,-8,-8,18,26,5,25,38,40,4,sil
18.78602743148804,23,13,11,7,4,-13,-6,14,28,1,37,32,42,6,sil
18.78602743148804,16,8,10,0,5,-7,-16,0,10,-10,26,18,19,-1,sil
18.80164313316345,-3,2,-1,-4,1,-9,-25,-23,-26,-30,-1,-10,-10,-24,sil
18.80164313316345,-15,7,0,7,0,-10,-23,-34,-50,-33,-17,-26,-29,-28,sil
18.81679916381836,-17,9,4,18,1,0,-13,-25,-42,-16,-21,-26,-35,-15,sil
18.81679916381836,-24,-14,-8,7,-10,9,0,-18,-33,-12,-37,-39,-44,-16,sil
18.83290696144104,-34,-32,-20,-11,-26,9,8,-11,-23,-17,-51,-46,-49,-21,sil
18.83290696144104,-23,-24,-16,-10,-17,5,22,7,12,5,-25,-23,-26,-5,sil
18.848621368408203,10,-6,0,4,2,5,36,36,46,39,9,4,10,28,sil
18.848621368408203,28,2,3,6,7,0,28,46,49,42,17,20,31,37,sil
18.86416387557984,17,1,-11,-8,-4,-18,0,24,30,15,16,23,30,16,sil
18.86416387557984,12,5,-7,-12,-4,-26,-23,3,7,-9,23,22,25,8,sil
18.879727602005005,22,16,8,2,13,-12,-21,-5,-1,-10,30,23,30,9,sil
18.879727602005005,17,14,3,5,16,-11,-22,-14,-16,-13,16,16,12,-4,sil
18.89481282234192,0,9,-2,1,2,-11,-31,-25,-34,-20,2,-1,-18,-21,sil
18.89481282234192,-7,16,10,13,6,0,-20,-27,-29,-8,4,-9,-19,-17,sil
18.91085147857666,0,22,23,24,15,10,3,-12,-18,-1,6,-3,-9,0,sil
18.91085147857666,-1,17,19,23,4,16,20,-8,-15,-2,-5,-7,-17,2,sil
18.926966905593872,-5,4,11,17,-3,24,26,-8,-7,3,-21,-13,-20,-1,sil
18.926966905593872,-2,-4,7,10,1,34,31,5,11,18,-16,-1,-2,12,sil
18.942854166030884,0,-10,-5,0,0,28,24,14,19,20,-6,3,12,24,sil
18.942854166030884,-1,-28,-20,-24,-13,0,1,11,11,5,-16,-4,9,9,sil
18.957683563232425,-11,-43,-28,-42,-22,-22,-15,5,6,-12,-21,-13,3,-6,sil
18.957683563232425,-15,-30,-25,-42,-13,-21,-25,3,2,-24,-6,-6,3,-8,sil
18.97305679321289,-4,3,-8,-22,2,-13,-16,13,5,-11,11,14,17,-9,sil
18.97305679321289,12,16,0,0,4,-9,-3,8,9,7,25,21,29,-9,sil
18.988948822021484,14,14,7,3,0,-7,-11,-9,-6,-4,19,10,11,-6,sil
18.988948822021484,2,22,17,13,10,9,-4,-10,-13,-10,15,5,-3,-1,sil
19.00486898422241,2,22,24,32,19,33,20,2,8,9,17,5,0,6,sil
19.00486898422241,3,10,26,35,11,29,25,5,16,15,5,0,-4,6,sil
19.02068996429444,-4,-2,12,19,1,9,18,2,15,21,-11,-7,-13,10,sil
19.02068996429444,-9,-15,-10,-10,-7,-5,11,13,23,32,-15,-5,-6,20,sil
19.03590416908264,0,-20,-20,-30,-11,-18,-3,6,11,6,0,0,8,0,sil
19.03590416908264,7,-5,-11,-17,-2,-26,-12,-15,-21,-34,8,0,3,-27,sil
19.05108642578125,-5,3,2,1,0,-15,-6,-17,-30,-28,-5,-11,-24,-26,sil
19.05108642578125,-25,-8,-5,0,-8,-2,9,-9,-13,6,-26,-28,-41,-15,sil
19.06781482696533,-12,-23,-17,-11,-9,0,15,3,0,9,-31,-22,-24,1,sil
19.06781482696533,9,-12,-5,-11,2,-2,1,13,9,1,-9,5,10,15,sil
19.08305335044861,13,11,4,0,12,-14,-21,2,4,0,10,20,22,4,sil
19.08305335044861,7,25,9,10,7,-15,-23,-12,-15,-16,7,15,1,-9,sil
19.09894371032715,0,18,11,18,-3,6,-4,-15,-19,-16,0,0,-11,-9,sil
19.09894371032715,-6,2,7,14,-5,21,8,-3,-11,10,-2,-11,-7,0,sil
19.114990949630737,-3,4,0,7,-5,14,14,11,4,26,-3,-6,1,18,sil
19.114990949630737,6,5,-9,-2,-4,5,2,11,22,18,8,9,16,22,sil
19.13086938858032,10,-4,-12,-10,0,-4,-24,3,13,2,19,22,24,8,sil
19.13086938858032,9,-3,-1,0,0,-10,-29,4,1,-2,19,21,27,2,sil
19.14597058296204,10,1,-3,8,0,-2,-7,3,12,7,23,8,35,0,sil
19.14597058296204,3,0,-15,-10,0,-2,0,-4,4,-2,15,-1,21,-8,sil
19.161401510238647,0,9,7,-10,0,-9,-12,-8,-24,-32,-5,2,-9,-10,sil
19.161401510238647,6,24,31,29,8,1,-1,-6,-16,-22,2,3,-7,-7,sil
19.17703366279602,5,10,17,35,15,9,15,-8,-1,-6,7,-4,-6,-1,sil
19.17703366279602,-6,-9,15,-1,0,0,9,0,-16,-18,-26,-14,-40,4,sil
19.191725730896,-18,-13,7,0,-9,8,15,6,-5,0,-34,-22,-38,-1,sil
19.191725730896,-19,-20,-21,6,-2,20,29,1,20,27,-15,-22,-9,-1,sil
19.20775413513184,-12,-26,-24,-22,-8,5,18,3,11,10,-26,-18,-16,4,sil
19.20775413513184,-6,-20,-16,-30,-14,-6,6,8,4,0,-24,-17,-11,0,sil
19.22363924980164,0,-19,-18,-24,-1,-3,0,11,15,0,4,2,19,1,sil
19.22363924980164,3,-17,-13,-33,11,-5,-8,5,13,-4,20,24,28,2,sil
19.23968482017517,0,-3,-8,-30,7,-16,-13,-8,-5,-7,19,14,14,-13,sil
19.23968482017517,-1,10,0,-11,-1,-14,-14,-13,-22,-16,13,0,0,-21,sil
19.25487589836121,-1,16,9,9,1,8,-2,-12,-17,-18,13,0,-4,-13,sil
19.25487589836121,1,20,18,22,13,25,7,-9,-1,0,16,6,3,-5,sil
19.27053380012512,7,27,29,31,16,21,11,5,11,28,13,9,9,8,sil
19.27053380012512,7,18,27,39,6,14,9,5,11,39,-3,-1,-1,17,sil
19.286460876464844,0,-1,9,23,-5,7,1,-4,0,24,-20,-10,-15,14,sil
19.286460876464844,-1,-6,-6,3,-5,0,7,4,9,20,-13,-1,-6,13,sil
19.302037715911865,2,-3,-12,-3,-1,-8,11,21,27,25,-5,4,7,15,sil
19.302037715911865,7,-5,-11,-15,-13,-22,-4,16,17,3,-7,9,13,6,sil
19.318060874938965,6,-7,-14,-27,-26,-35,-25,-3,-5,-24,0,15,17,-1,hello
19.318060874938965,7,1,-7,-19,-16,-32,-36,-14,-28,-41,12,19,13,-3,hello
19.33422493934632,15,24,18,6,5,-15,-28,-14,-33,-40,23,19,10,-1,hello
19.33422493934632,20,35,33,26,11,-3,-14,-9,-21,-21,25,13,6,-3,hello
19.34983491897583,7,17,20,21,8,3,-7,-7,-17,-5,8,-5,-11,-14,hello
19.34983491897583,-10,5,13,20,12,21,8,-10,-16,2,2,-14,-24,-12,hello
19.36551070213318,-12,8,14,34,10,35,34,-4,-2,8,-1,-9,-22,0,hello
19.36551070213318,-13,-5,-9,24,1,26,38,8,13,4,-28,-23,-29,-3,hello
19.381335020065308,-19,-31,-39,-17,2,11,23,21,30,4,-44,-40,-28,-6,hello
19.381335020065308,-11,-35,-35,-36,0,2,10,27,45,21,-22,-19,3,9,hello
19.396865606307983,0,-25,-22,-25,-7,-12,-1,21,38,29,5,12,33,15,hello
19.396865606307983,0,-19,-26,-38,-9,-28,-15,8,15,7,21,15,35,7,hello
19.41289496421814,-1,-7,-16,-38,-3,-22,-21,-1,-8,-14,20,5,26,-1,hello
19.41289496421814,4,5,2,-4,4,-5,-18,-15,-29,-16,9,7,9,-11,hello
19.428850173950195,4,3,5,9,7,4,-15,-25,-31,-14,7,1,-9,-16,hello
19.428850173950195,-9,-3,4,0,-2,8,-6,-20,-20,-26,-11,-15,-28,-13,hello
19.4438636302948,-15,-1,8,7,-1,16,5,-6,-13,-23,-33,-12,-33,-4,hello
19.4438636302948,-10,-6,3,23,6,25,20,-1,2,4,-18,0,-20,3,hello
19.45921039581299,-6,-20,-8,6,-9,11,22,3,16,25,-9,-3,-10,7,hello
19.45921039581299,0,-15,-11,-23,-26,-17,4,13,15,27,-17,-2,2,11,hello
19.47480797767639,12,7,0,-19,-10,-20,-12,8,9,17,12,19,27,13,hello
19.47480797767639,25,34,29,7,5,3,-14,0,-1,1,42,33,31,5,hello
19.49080300331116,19,43,38,27,9,7,-4,-4,-7,0,29,17,13,-1,hello
19.49080300331116,0,23,24,27,10,1,6,-10,-7,-5,-2,-8,-6,-5,hello
19.50588631629944,-16,-4,10,9,1,13,16,0,-1,-7,-19,-17,-13,0,hello
19.50588631629944,-2,-12,-3,-11,-5,0,13,15,17,13,-1,0,11,16,hello
19.52104973793029,26,2,2,-9,6,-28,-4,13,13,19,30,28,39,23,hello
19.52104973793029,32,23,20,18,18,-13,-9,-6,-16,-9,32,23,22,0,hello
19.53696370124817,9,22,12,32,14,9,0,-17,-27,-22,8,-3,-9,-17,hello
19.53696370124817,-9,6,2,25,11,5,6,-7,-14,-3,-1,-13,-13,-10,hello
19.553158283233643,-19,-10,-8,9,8,8,6,4,3,12,-9,-23,-17,-6,hello
19.553158283233643,-20,-24,-34,-24,-8,4,-1,5,15,6,-28,-32,-29,-8,hello
19.568968057632446,-4,-11,-31,-31,-17,-13,-13,2,13,-7,-13,-1,-3,-2,hello
19.568968057632446,10,9,-3,-8,-6,-19,-25,-2,-9,-30,7,24,15,-6,hello
19.584969758987427,-4,5,-6,-11,-4,-13,-32,-15,-34,-49,-11,-3,-25,-27,hello
19.584969758987427,-22,-10,-19,-21,-7,-2,-11,-16,-20,-24,-25,-31,-46,-24,hello
19.601066827774048,-14,-14,-2,-2,-2,18,19,6,10,5,-13,-14,-12,6,hello
19.601066827774048,-11,-16,-1,5,-4,29,26,18,27,23,-8,0,4,13,hello
19.6169822216034,-18,-26,-21,-24,-8,20,14,16,37,50,-12,-6,-1,6,hello
19.6169822216034,-4,-25,-15,-44,-4,6,13,25,41,48,-5,0,12,20,hello
19.63213515281677,18,-4,-1,-11,0,-6,11,17,25,16,10,13,29,21,hello
19.63213515281677,20,9,1,10,-2,-23,-12,0,-5,-8,23,25,20,8,hello
19.648218870162964,17,13,14,6,-3,-26,-25,-10,-21,-14,34,32,20,0,hello
19.648218870162964,18,21,25,14,3,-20,-15,-18,-26,-18,26,18,20,-5,hello
19.66421341896057,11,27,32,32,16,0,0,-14,-26,-17,-1,-6,-5,-4,hello
19.66421341896057,2,14,28,39,20,25,22,-7,-2,2,-8,-16,-13,4,hello
19.68024468421936,0,-3,8,22,8,27,29,-1,6,15,-16,-9,-8,6,hello
19.68024468421936,-11,-10,-13,7,2,19,21,6,0,12,-30,-5,-14,2,hello
19.695404529571533,-16,-15,-22,0,0,12,10,8,6,0,-21,-9,-7,2,hello
19.695404529571533,0,-13,-14,-25,-11,-7,-15,3,7,-15,-4,-3,6,2,hello
19.71103858947754,8,-2,-7,-30,-15,-28,-33,-5,2,-9,14,13,22,-5,hello
19.71103858947754,12,17,6,-1,0,-22,-24,-6,-7,-3,36,32,30,-4,hello
19.72648978233337,12,31,22,17,7,-5,-13,-14,-21,-7,40,26,16,-1,hello
19.72648978233337,-4,12,12,6,0,-2,-12,-28,-28,-4,13,-6,-10,-15,hello
19.742047786712646,-21,-7,3,3,-9,2,-1,-7,-21,-10,-15,-25,-29,-15,hello
19.742047786712646,-21,-6,-5,22,0,21,25,13,4,-3,-16,-23,-21,-1,hello
19.757156133651733,-20,-10,-20,9,7,15,31,14,19,16,-17,-29,-20,1,hello
19.757156133651733,-6,-15,-13,-11,-5,-1,13,23,18,25,-20,-18,-17,10,hello
19.773262977600098,19,-9,-4,-8,-9,-4,-2,17,29,18,7,7,19,12,hello
19.773262977600098,25,0,1,-11,0,-15,-20,0,11,-7,28,31,32,7,hello
19.78883385658264,18,18,24,-1,6,-14,-14,-2,-12,-19,25,37,13,5,sil
19.804378271102905,20,35,33,32,11,3,6,-7,-4,0,31,29,14,1,sil
19.804378271102905,22,30,27,32,13,9,7,-13,-4,2,24,20,11,1,sil
19.804378271102905,8,6,20,14,10,18,4,-5,-13,0,-7,0,-11,0,sil
19.81989312171936,-16,-17,-5,5,6,21,16,-1,-1,6,-33,-30,-26,-7,sil
19.81989312171936,-35,-35,-42,-25,-11,-1,10,-1,0,1,-46,-44,-33,-6,sil
19.83551859855652,-38,-46,-55,-57,-30,-16,-7,6,0,0,-47,-35,-22,-1,sil
19.83551859855652,-25,-39,-44,-57,-19,-11,-11,13,14,3,-32,-21,1,-8,sil
19.850658178329468,-3,-11,-26,-46,4,-11,-14,12,13,-17,-17,0,4,-9,sil
19.850658178329468,6,7,-13,-33,8,-13,-21,3,-1,-21,-2,13,1,-9,sil
19.86579442024231,1,7,-2,-25,-1,-9,-25,-9,-12,-7,10,6,4,-12,sil
19.86579442024231,3,17,16,-16,0,0,-19,-18,-27,-18,5,-1,-9,-7,sil
19.88168239593506,2,31,21,21,11,13,2,-15,-13,-9,7,-12,-15,-5,sil
19.897759437561035,-9,24,19,49,17,23,27,3,13,21,14,-15,0,5,sil
19.897759437561035,-9,9,15,40,16,27,40,16,22,36,4,-6,9,20,sil
19.897759437561035,-4,-9,-7,12,4,11,30,13,18,29,-12,-10,0,13,sil
19.913482189178467,-9,-22,-17,-13,-16,-6,1,15,15,11,-14,-11,-2,3,sil
19.92903542518616,4,-11,2,-7,-15,-16,-10,5,20,-1,13,14,27,5,sil
19.92903542518616,34,4,16,13,0,-26,-14,-12,3,-17,36,38,36,4,sil
19.94386005401612,39,17,26,25,-3,-18,-17,-16,-24,-30,40,42,20,0,sil
19.94386005401612,25,23,35,43,-2,0,-5,-16,-21,-15,43,36,18,0,sil
19.960034370422363,13,16,34,48,5,2,4,-8,-12,0,30,26,4,2,sil
19.960034370422363,0,0,14,34,-5,12,10,-3,-11,7,7,5,-11,1,sil
19.97565770149231,-14,-17,-2,12,-13,18,20,1,-5,13,-11,-3,-13,10,sil
19.97565770149231,-11,-24,-4,-4,-8,4,18,15,11,17,-25,-1,-10,20,sil
19.990801334381104,9,-8,-10,-7,-4,-10,0,18,25,27,-12,-1,6,20,sil
19.990801334381104,15,6,-11,-15,2,-11,-22,11,14,16,1,6,18,11,sil
20.00612854957581,0,9,-11,-20,8,-9,-24,0,-6,-15,-5,3,4,-16,sil
20.00612854957581,-7,15,-12,-13,7,-7,-19,-14,-18,-31,-7,-17,-10,-33,sil
20.02200579643249,-7,20,2,-2,10,2,-9,-19,-30,-23,-5,-19,-14,-19,sil
20.02200579643249,-21,4,3,-3,8,12,1,-27,-39,-20,-24,-27,-27,-18,sil
20.036890983581543,-29,-19,-10,-17,0,16,9,-15,-22,-15,-44,-42,-42,-16,sil
20.036890983581543,-16,-25,-24,-16,7,23,30,19,30,26,-27,-30,-20,3,sil
20.05269193649292,-2,-21,-30,-13,6,14,37,37,58,52,-7,-6,9,19,sil
20.05269193649292,2,-12,-10,-26,-8,-9,9,29,31,24,2,14,19,21,sil
20.06804847717285,7,-3,3,-19,-2,-13,-7,6,15,7,28,28,33,10,sil
20.06804847717285,10,1,-3,-9,8,-11,-16,-11,2,-5,33,25,27,-2,sil
20.08897113800049,11,13,-1,-9,0,-19,-35,-14,-26,-33,12,13,-2,-10,sil
20.08897113800049,4,15,1,-6,-4,-17,-38,-16,-33,-37,0,-4,-13,-20,sil
20.08897113800049,-9,2,-2,-8,-2,-2,-15,-12,-15,-27,-3,-20,-14,-24,sil
20.09906363487244,-17,0,2,-2,-4,9,9,-3,-4,-17,-5,-16,-21,-12,sil
20.115158319473267,-10,1,15,15,-5,15,16,2,-2,-3,-7,-3,-18,1,sil
20.115158319473267,-7,-6,14,24,-2,14,15,1,1,1,-17,-7,-6,4,sil
20.13109350204468,-12,-18,-3,11,-6,7,22,4,7,2,-21,-18,-2,6,sil
20.13109350204468,0,-13,-7,0,-13,1,23,24,19,27,2,-1,7,23,sil
20.146670818328857,25,2,5,2,-5,-2,0,23,27,39,32,27,31,26,sil
20.146670818328857,27,12,8,2,3,-19,-25,-10,6,-1,30,28,25,4,sil
20.162237882614136,9,23,16,17,5,-16,-15,-27,-14,-19,16,11,3,-11,sil
20.162237882614136,6,30,29,38,13,15,11,-8,-6,17,12,4,1,2,sil
20.17814564704895,6,4,10,18,10,24,15,5,8,29,-8,-7,-4,12,sil
20.17814564704895,-3,-24,-20,-14,-5,-2,0,5,12,5,-29,-15,-8,2,sil
20.193731546401978,1,-11,-14,-15,-3,-22,-10,8,1,-6,-10,9,13,0,sil
20.193731546401978,16,15,4,-3,7,-20,-14,-6,-20,-16,16,30,23,-1,sil
20.208892107009888,4,20,12,4,4,-11,-14,-27,-38,-28,17,13,-2,-17,sil
20.208892107009888,-3,22,26,28,7,11,0,-14,-28,-6,9,-1,-19,-15,sil
20.224919080734253,1,16,18,35,18,32,23,11,8,25,1,-3,-7,6,sil
20.224919080734253,-6,-7,-12,-3,5,23,21,17,26,16,-14,-10,-1,12,sil
20.24063992500305,-19,-20,-20,-20,-6,14,16,15,25,9,-20,-15,-2,2,sil
20.24063992500305,-15,-18,-17,-6,0,16,27,14,24,21,-16,-15,-8,-2,sil
20.256080150604248,-8,-21,-25,-21,-8,-7,10,2,7,2,-24,-18,-19,-6,sil
20.256080150604248,-8,-21,-26,-37,-23,-30,-21,-11,-8,-19,-19,-13,-9,-6,sil
20.27122735977173,-4,-18,-13,-23,-14,-13,-23,-4,0,-15,0,0,5,1,sil
20.27122735977173,-5,-23,-16,-16,-7,-7,-13,0,1,-12,7,0,3,-1,sil
20.28676462173462,-11,-28,-25,-29,-19,-35,-27,-10,-16,-23,-2,-3,-1,-14,sil
20.28676462173462,0,-2,-3,-19,-13,-28,-26,-4,-17,-22,4,15,8,-5,sil
20.302143573760983,20,27,22,13,9,3,-4,9,4,-7,33,31,19,8,sil
20.302143573760983,19,25,15,16,10,-4,-8,0,-2,-8,31,15,12,1,sil
20.317833423614506,6,15,9,6,0,-16,-19,-11,-20,-12,8,-2,1,-10,sil
20.317833423614506,0,16,21,22,7,8,2,-5,-5,1,0,-7,-6,-3,sil
20.33276319503784,0,13,25,28,17,24,22,0,8,9,-5,-8,-13,7,sil
20.33276319503784,0,16,18,18,12,18,16,-2,-2,7,-3,-9,-12,0,sil
20.34814739227295,8,28,21,26,15,27,14,-1,-7,12,13,-5,-3,0,sil
20.34814739227295,15,22,15,30,21,37,27,9,9,19,4,-1,3,19,sil
20.36374807357788,6,-2,-6,9,8,25,29,8,9,22,-20,-6,3,26,sil
20.36374807357788,-11,-19,-11,-7,-4,17,22,0,-6,19,-23,-13,-9,9,sil
20.379317045211792,-9,-21,-6,-9,-1,18,21,0,6,24,-8,-2,-8,3,sil
20.379317045211792,0,-21,-18,-15,-2,-1,1,6,25,20,-2,12,11,7,sil
20.394723176956177,-3,-13,-17,-30,-16,-32,-30,2,13,-3,0,17,16,-1,sil
20.394723176956177,-4,-2,-4,-29,-19,-32,-33,2,3,-14,5,17,10,-12,sil
20.40996527671814,6,-5,-10,-16,-10,-18,-19,8,7,-6,9,11,17,-5,sil
20.40996527671814,13,-9,-3,-17,-8,-24,-20,1,-2,-18,11,9,18,2,sil
20.425997018814087,4,-1,20,-21,-9,-27,-23,-5,-21,-33,14,21,5,-4,sil
20.425997018814087,0,13,11,9,3,-6,-6,-12,-15,-10,26,9,11,-19,sil
20.440836668014526,2,17,-2,37,16,6,2,-17,-4,0,15,-16,6,-17,sil
20.45616865158081,-11,12,12,17,9,5,0,-5,-10,-14,-14,-18,-27,-6,sil
20.45616865158081,-28,1,-1,6,0,9,8,-5,-6,-2,-16,-26,-39,-17,sil
20.47141909599304,-21,-9,-19,12,0,15,15,-16,-4,7,-22,-37,-33,-18,sil
20.47141909599304,-7,-9,1,4,0,21,17,-5,-7,-2,-40,-21,-35,0,sil
20.487761735916138,-9,-13,-7,-5,-6,19,27,9,7,0,-33,-15,-24,6,sil
20.487761735916138,-12,-25,-28,-17,-6,0,13,18,17,4,-22,-17,-10,10,sil
20.502949476242065,-1,-15,-15,-17,-2,-15,-2,18,14,3,-15,0,3,17,sil
20.502949476242065,10,-2,-13,-9,-1,-21,-5,12,18,10,3,16,21,13,sil
20.51898741722107,21,0,-11,-12,-5,-17,-12,13,15,4,16,18,28,6,sil
20.51898741722107,23,11,7,-5,-3,-8,-14,2,0,-2,24,18,27,-1,sil
20.534136295318604,12,28,19,14,4,-3,-8,-12,-17,-4,29,17,20,-12,sil
20.534136295318604,9,35,33,34,13,8,0,-11,-15,1,32,20,12,0,sil
20.549731492996216,14,19,34,35,16,25,12,-2,3,21,25,18,10,26,sil
20.549731492996216,7,-5,6,7,9,11,6,8,12,31,4,10,9,28,sil
20.564932823181152,8,-7,-14,-13,-2,-22,-18,7,2,5,-1,10,12,5,sil
20.564932823181152,19,13,0,-8,-5,-28,-26,-9,-10,-22,16,15,10,-10,sil
20.580244541168213,8,18,11,1,0,-3,-6,-19,-14,-18,17,3,-5,-18,sil
20.580244541168213,-18,-2,2,1,0,10,4,-18,-17,-8,-4,-18,-19,-22,sil
20.59606957435608,-31,-10,0,2,0,15,1,-18,-23,-17,-11,-21,-18,-14,sil
20.59606957435608,-20,-3,5,9,4,28,9,-12,-16,-11,-11,-15,-17,-5,sil
20.61144995689392,-8,-11,4,4,1,28,17,4,-3,1,-22,-18,-22,2,sil
20.61144995689392,-15,-27,-15,-15,-5,16,7,18,2,0,-29,-20,-22,5,sil
20.62707757949829,-23,-29,-30,-27,-7,19,3,18,11,0,-23,-17,-13,1,sil
20.62707757949829,-7,-18,-18,-19,0,16,19,25,31,25,-11,-8,4,8,sil
20.64272904396057,6,-14,-10,-16,-1,-16,19,27,49,39,5,7,27,24,sil
20.64272904396057,9,-12,-10,-24,-9,-40,-2,15,35,16,10,23,32,21,sil
20.65774393081665,21,13,10,-5,-5,-29,-8,-1,6,-7,13,31,26,7,sil
20.65774393081665,32,37,31,19,5,-18,-3,-9,-5,-16,25,29,21,0,sil
20.67379665374756,20,27,18,11,5,-14,-13,-11,-14,-27,17,16,3,-7,sil
20.67379665374756,-1,11,0,5,1,-6,-18,-19,-34,-30,0,-2,-14,-20,sil
20.690282106399536,-11,9,4,13,-1,0,-16,-24,-43,-27,-7,-16,-23,-29,sil
20.690282106399536,-5,10,8,17,-8,7,-11,-19,-21,-11,-14,-17,-24,-20,sil
20.70635485649109,-2,0,-2,21,-2,18,-3,-14,-2,16,-18,-18,-19,-3,sil
20.70635485649109,-18,-12,-8,16,1,15,1,-6,-3,17,-23,-24,-25,-4,sil
20.72144150733948,-32,-18,-13,1,-2,8,9,4,3,3,-23,-26,-31,-14,sil
20.72144150733948,-17,-17,-14,-6,0,8,19,15,18,15,-13,-15,-18,0,sil
20.737120628356934,0,-12,-3,0,6,2,18,23,23,34,1,-1,7,23,sil
20.737120628356934,5,-11,-8,-7,1,-9,6,24,26,30,13,8,24,23,sil
20.753057718276978,14,-10,-10,-26,-5,-14,-6,16,17,11,20,25,30,18,sil
20.753057718276978,20,0,-1,-19,-3,-10,-7,0,3,1,30,34,38,10,sil
20.76866698265076,13,5,-1,-9,0,-17,-8,-6,-4,-6,28,24,37,3,sil
20.76866698265076,13,8,0,-10,2,-26,-13,0,-4,-17,17,13,22,-1,sil
20.783761739730835,20,17,12,0,3,-11,-4,1,8,-13,18,14,14,-2,sil
20.783761739730835,15,21,11,3,8,6,-6,0,7,-16,12,11,4,-2,sil
20.79966711997986,0,18,5,4,10,4,-8,-4,-11,-33,0,-1,-9,-5,sil
20.79966711997986,-1,12,18,17,9,5,11,-10,-16,-25,0,-1,-13,-2,sil
20.81470561027527,3,6,23,12,9,16,29,-8,-5,4,1,1,-9,1,sil
20.81470561027527,-9,4,8,4,0,17,15,-13,-10,8,-17,-17,-18,-13,sil
20.830825090408325,-18,7,10,19,-8,12,-6,-19,-36,-20,-37,-34,-39,-24,sil
20.830825090408325,-17,3,7,28,-6,13,-8,-17,-37,-14,-31,-25,-35,-14,sil
20.84690308570861,-11,-8,-16,3,-3,11,-1,0,-3,19,-11,-9,-2,3,sil
20.84690308570861,-1,-9,-17,-5,0,15,7,18,22,33,-5,-2,15,16,sil
20.862698316574097,-5,-10,-8,6,1,18,10,7,15,16,-13,-15,1,3,sil
20.862698316574097,-20,-25,-19,-7,-5,2,0,-7,-3,-1,-16,-21,-17,-7,sil
20.87808585166931,-20,-31,-24,-25,-16,-9,0,4,0,6,-3,-4,-4,7,sil
20.87808585166931,-4,-29,-15,-13,-12,-6,-1,17,14,24,4,7,12,18,sil
20.893872261047363,6,-21,-5,-6,-3,-8,-12,16,15,16,4,7,9,9,sil
20.893872261047363,5,-9,-3,-19,0,-17,-13,11,18,2,8,10,10,5,sil
20.908966541290283,8,-2,0,-23,0,-21,-3,9,24,2,11,18,16,11,sil
20.908966541290283,16,7,8,-9,4,-16,-1,8,22,7,17,23,12,8,sil
20.92420649528504,14,11,2,-9,3,-8,-5,-2,4,-5,18,17,7,-3,sil
20.92420649528504,5,12,-1,-12,-1,-7,-9,-6,-11,-28,13,11,3,-8,sil
20.93969440460205,10,27,12,8,3,-11,-4,0,-8,-20,18,14,5,-7,sil
20.93969440460205,13,32,23,14,12,-1,1,-3,-13,-10,12,8,0,-12,sil
20.95574283599853,5,23,28,11,14,24,7,-19,-20,-20,3,0,-10,-13,sil
20.95574283599853,9,27,32,39,15,28,11,-20,-4,-14,12,3,-7,-3,sil
20.9709746837616,9,23,22,41,11,10,12,-2,1,6,5,0,-5,1,sil
20.9709746837616,-10,-3,0,14,1,12,17,0,-2,15,-17,-13,-10,1,sil
20.986881971359253,-17,-21,-11,4,-2,16,16,-5,-1,10,-27,-20,-13,4,sil
20.986881971359253,-13,-19,-15,0,-4,-4,7,-1,2,12,-22,-24,-7,-1,sil
21.001726627349854,-15,-21,-25,-11,-9,-17,1,1,2,13,-23,-27,-3,-1,sil
21.001726627349854,-8,-26,-21,-22,-14,-12,-3,8,1,-3,-30,-16,-3,10,sil
21.017822265625,-3,-25,-26,-38,-22,-16,-12,11,4,-11,-16,-3,9,2,sil
21.017822265625,0,-19,-33,-42,-22,-20,-17,9,5,0,13,7,24,-1,sil
21.03387355804444,17,5,-5,-6,-3,-8,-11,9,2,1,30,24,30,11,sil
21.03387355804444,26,22,15,18,4,-3,-5,-2,-2,-7,28,26,23,4,sil
21.04990863800049,12,14,9,1,-2,-8,-14,-10,-14,-9,17,12,1,-11,sil
21.04990863800049,0,14,10,2,2,0,-19,-5,-25,-10,14,6,-7,-9,sil
21.06519198417664,-4,17,21,18,14,3,-11,-4,-23,-13,7,9,-3,-3,sil
21.06519198417664,-1,11,20,15,9,1,0,-5,-6,-1,-7,0,-14,-4,sil
21.08078408241272,-1,7,8,16,5,11,8,-4,7,20,-9,-19,-20,-4,sil
21.08078408241272,-12,2,6,19,10,21,3,-5,-2,15,-9,-17,-17,-5,sil
21.095826148986816,-30,-8,-1,10,7,16,0,-8,-9,0,-20,-15,-23,-9,sil
21.095826148986816,-25,-17,-13,1,0,10,6,-4,4,5,-28,-22,-29,-4,sil
21.11082887649536,-4,-11,-10,-4,0,11,16,8,13,16,-20,-11,-16,6,sil
21.11082887649536,-4,-11,-11,-6,2,10,23,12,17,19,-7,0,2,14,sil
21.126843690872192,-8,-19,-15,-9,-1,4,15,17,30,18,-1,-2,12,17,sil
21.126843690872192,6,-7,-3,-9,-4,0,8,17,37,17,10,9,25,17,sil
21.142860651016235,24,5,0,-8,0,-10,2,9,16,0,25,28,32,10,sil
21.142860651016235,23,0,-1,-13,1,-15,-5,7,-3,-18,19,24,19,-1,sil
21.15884780883789,16,-3,1,-11,1,-8,-3,4,6,-8,16,15,16,-3,sil
21.15884780883789,15,1,4,-9,1,-4,-2,-3,7,-10,24,16,20,6,sil
21.1752450466156,15,11,11,-4,0,-10,-11,-11,-14,-28,23,14,13,3,sil
21.1752450466156,7,19,13,2,0,-11,-13,-9,-25,-28,10,6,1,-13,sil
21.18947410583496,-3,20,14,5,3,-1,-3,-5,-23,-19,-6,-4,-11,-15,sil
21.20506858825684,-15,9,9,6,-1,10,2,-12,-17,-12,-20,-21,-26,-11,sil
21.20506858825684,-18,-6,1,0,-7,15,4,-15,-9,0,-28,-30,-30,-10,sil
21.220659017562863,-12,-15,-11,-10,-5,15,14,-2,-1,12,-25,-24,-22,-3,sil
21.220659017562863,-9,-13,-18,-5,-1,12,24,2,9,19,-17,-19,-14,4,sil
21.23610210418701,-1,-7,-7,4,-2,1,10,6,21,24,-9,-4,0,11,hello
21.23610210418701,11,-3,0,-1,-9,-11,-13,6,12,16,8,18,21,11,hello
21.2520809173584,15,1,-4,-6,-8,-21,-28,-4,-12,-5,19,22,21,0,hello
21.2520809173584,0,14,6,18,1,-18,-27,-14,-21,-17,11,9,1,-5,hello
21.26800036430359,-9,12,21,36,5,1,-8,-9,-13,-2,-2,-2,-12,-4,hello
21.26800036430359,-6,-8,3,15,-5,15,9,3,-2,8,-17,-15,-16,-7,hello
21.2841055393219,-10,-22,-18,-17,-18,-7,-2,9,3,-7,-21,-12,-11,-5,hello
21.2841055393219,-6,-12,-16,-18,-14,-29,-19,7,6,-11,4,7,10,-2,hello
21.30005192756653,17,10,1,14,6,-16,-9,-2,2,11,39,19,28,-4,hello
21.30005192756653,23,26,37,25,14,4,-1,-1,-16,6,26,24,8,7,hello
21.30005192756653,-1,14,8,19,8,17,15,0,1,9,6,-1,5,4,hello
21.315778255462646,-17,-20,-60,7,5,3,24,-8,29,30,0,-35,17,-3,hello
21.315778255462646,-4,-28,2,-44,-6,-16,-5,21,-7,-10,-36,7,-23,23,hello
21.33074283599853,1,-1,41,-43,-14,3,0,38,-2,-20,-22,25,-15,18,hello
21.346227645874023,-5,2,-43,6,0,18,19,-8,41,16,26,-20,37,-21,hello
21.346227645874023,2,13,-11,1,14,3,-3,-25,-1,-5,14,1,13,-1,hello
21.36218309402465,6,38,48,10,14,18,2,-11,-29,-11,0,19,-13,11,hello
21.36218309402465,-15,28,-11,39,9,26,18,-11,-6,6,-2,-24,-18,-10,hello
21.37767601013184,-14,0,-18,14,7,17,6,8,1,-2,-21,-23,-27,-2,hello
21.37767601013184,21,-17,18,-25,13,19,12,23,22,8,-6,5,2,13,hello
21.393907070159912,26,-10,8,-28,17,8,11,18,30,13,9,13,17,13,hello
21.393907070159912,1,7,-6,7,15,-10,-4,6,4,-1,12,16,8,6,hello
21.409018754959103,4,-7,3,-2,0,-29,-25,-11,-22,-19,17,12,6,-3,hello
21.409018754959103,10,-11,26,-26,1,-31,-33,-10,-34,-32,13,13,-3,-3,hello
21.42485857009888,-13,30,5,38,25,-8,-4,-7,-7,-8,10,-4,-6,-13,hello
21.42485857009888,-20,1,3,13,-13,-11,-11,-16,-23,-22,-29,-24,-34,-20,hello
21.440978050231934,-7,-70,45,-83,-58,-10,-21,-8,-47,-45,-62,-18,-64,-17,hello
21.440978050231934,-15,-53,-41,7,20,23,44,-12,44,41,-4,-50,0,-31,hello
21.456234455108643,-25,-3,-127,78,53,10,49,-12,81,80,21,-59,36,-13,hello
21.456234455108643,-8,-16,-29,-48,-47,-26,-20,18,-4,0,-24,11,-7,32,hello
21.47130250930786,8,-28,20,-87,-56,-18,-17,26,-14,-19,-15,31,6,23,hello
21.47130250930786,8,11,-22,0,13,-7,0,0,9,-2,14,8,32,-4,hello
21.487038612365723,12,47,22,27,-12,-1,-19,-4,-22,-19,14,37,7,3,hello
21.487038612365723,28,48,67,26,-50,17,-8,1,-18,-7,31,53,12,12,hello
21.50181674957276,22,40,37,34,-32,20,10,0,4,6,27,26,17,8,hello
21.50181674957276,0,32,24,26,-30,15,0,-4,-9,0,-9,0,-10,1,hello
21.518259525299072,-6,15,30,27,-22,27,9,-2,0,14,-16,-12,-11,0,hello
21.518259525299072,5,0,19,22,10,31,32,10,32,31,1,-4,7,13,hello
21.53404140472412,11,-7,-4,0,18,14,22,18,30,26,6,0,9,20,hello
21.53404140472412,0,-18,-31,-18,14,-10,-12,3,7,12,3,-9,6,0,hello
21.55000877380371,-4,-23,-25,-22,34,-30,-35,-3,-8,-10,4,-7,10,-12,hello
21.55000877380371,1,-2,0,-2,51,-28,-27,-6,-18,-31,11,0,10,-12,hello
21.56570720672608,-2,10,2,22,41,-13,-4,-15,-23,-24,1,-6,-5,-10,hello
21.56570720672608,-12,-4,-3,11,27,0,10,-2,-7,6,-15,-5,-14,3,hello
21.580867528915405,-11,-18,-15,-10,24,-5,11,13,12,25,0,4,9,12,hello
21.580867528915405,-1,-9,-19,-15,18,-22,-5,2,-5,-7,17,6,16,0,hello
21.59602761268616,1,5,-6,-11,4,-12,-7,-15,-28,-31,7,2,-12,-17,hello
21.59602761268616,-2,8,0,-9,-2,13,6,-17,-19,-5,-2,-4,-23,-15,hello
21.611714124679565,-7,0,5,-11,-9,20,13,-5,-11,5,-5,-10,-15,0,hello
21.611714124679565,-11,-8,4,1,-17,13,13,0,-1,0,-5,-13,-13,3,hello
21.62769556045532,-11,-13,-12,3,-23,6,7,2,11,7,-10,-14,-13,0,hello
21.62769556045532,-10,-14,-17,-14,-27,0,-2,12,18,7,-17,-7,-10,3,hello
21.643295288085938,-1,-7,-7,-14,-23,-3,-6,14,23,-1,-11,0,-4,8,hello
21.643295288085938,14,-8,-4,-10,-18,-7,-11,6,15,-8,-5,1,3,3,hello
21.659269094467163,12,-3,0,-18,-19,-11,-21,1,-2,-21,-5,9,12,-8,hello
21.659269094467163,2,23,3,0,-3,-7,-11,0,-6,-19,8,12,15,-10,hello
21.674888610839844,6,39,6,37,20,5,8,-10,-1,1,25,2,7,-3,hello
21.674888610839844,3,22,32,28,19,17,10,-10,-22,-6,-3,-1,-19,1,hello
21.690629482269287,-8,1,13,27,4,30,26,-7,-4,11,-20,-19,-15,-10,hello
21.690629482269287,-4,-24,-40,20,-2,13,35,-10,33,45,-4,-35,7,-9,hello
21.70599842071533,5,-32,36,-55,-16,-20,-17,28,-13,-13,-39,25,-31,36,hello
21.70599842071533,2,2,86,-46,-14,0,-18,51,-16,-27,-31,48,-15,32,hello
21.721585035324097,-2,-2,-48,28,4,9,19,-3,52,48,47,-21,65,-22,hello
21.721585035324097,4,-30,-64,-13,2,-31,-22,-22,15,22,45,-8,43,-9,hello
21.73665571212769,16,10,36,-19,1,-24,-37,-1,-23,-21,17,42,6,9,sil
21.73665571212769,22,44,21,48,15,5,6,-17,1,-2,30,8,20,-8,sil
21.752094507217407,10,18,0,32,13,2,2,-17,-14,-13,2,-11,-9,-3,sil
21.752094507217407,-10,-1,9,8,5,14,3,-2,-17,-5,-24,-7,-28,6,sil
21.76777148246765,-13,-6,-7,15,0,25,20,2,14,24,-11,-10,-8,7,sil
21.76777148246765,-4,-8,-8,-3,-8,9,9,11,20,21,-1,1,0,13,sil
21.783678770065308,-6,-11,-18,-16,-11,-6,-2,10,17,16,0,0,1,3,sil
21.783678770065308,-9,-13,-32,-21,-5,-14,-4,6,12,11,3,0,9,-2,sil
21.79892086982727,0,3,-3,-27,0,-13,-8,12,-2,-6,8,25,15,2,sil
21.79892086982727,7,21,4,-7,7,-11,-16,-4,-15,-21,13,6,10,-9,sil
21.814428091049194,0,16,-1,4,9,-9,-19,-27,-34,-33,4,-20,-14,-23,sil
21.814428091049194,-12,15,28,0,10,8,0,-8,-37,-27,-11,2,-31,-7,sil
21.83056092262268,-8,11,16,22,9,28,34,-1,-2,13,-11,-2,-9,0,sil
21.83056092262268,-4,-13,-21,15,-2,11,31,-13,7,19,-14,-29,-8,0,sil
21.846168279647827,-9,-24,-1,-28,-11,-9,3,4,-10,-16,-28,-4,-31,9,sil
21.846168279647827,-8,-14,-8,-22,-3,-7,0,18,8,-7,-17,0,-5,2,sil
21.862664937973022,6,-13,-31,-4,-2,-19,-6,6,22,6,3,-6,25,-7,sil
21.862664937973022,20,0,-1,0,-4,-24,-14,2,5,-8,20,15,22,-4,sil
21.87798476219177,22,15,20,17,0,-13,-13,-8,-8,-15,25,17,9,-4,sil
21.87798476219177,15,7,35,11,0,-6,-16,-7,-17,-12,10,12,0,3,sil
21.893999338150024,-3,-1,21,3,-4,16,0,0,-2,6,10,4,1,2,sil
21.893999338150024,-27,-12,-17,4,-8,28,13,-14,0,9,0,-28,-10,-15,sil
21.90968489646912,-29,-10,-12,-3,-4,16,2,-11,-9,-4,-35,-35,-32,-14,sil
21.90968489646912,-14,0,0,9,7,14,8,10,23,20,-26,-13,-3,8,sil
21.92523193359375,1,0,-4,16,6,10,7,21,42,41,0,2,16,21,sil
21.92523193359375,11,-4,-6,-2,-5,-7,-8,22,19,17,0,6,3,15,sil
21.939890384674072,8,-11,-11,-15,-3,-15,-12,12,7,-2,-1,2,5,6,sil
21.939890384674072,10,-8,-6,-15,3,-7,-12,1,4,-6,10,11,19,3,sil
21.955053091049194,23,18,12,0,9,0,-2,0,0,-1,29,29,26,7,sil
21.955053091049194,28,26,16,13,9,-7,4,-5,-10,-7,25,26,12,8,sil
21.971075773239136,6,7,-1,1,-1,-14,-7,-15,-28,-28,-2,-1,-11,-11,sil
21.971075773239136,-15,3,-4,-4,-2,0,-13,-13,-26,-21,-8,-12,-17,-28,sil
21.9871084690094,-9,11,5,5,7,17,2,-4,-9,4,0,-4,-7,-7,sil
21.9871084690094,-5,0,0,1,-1,12,9,-5,-7,3,-11,-11,-14,7,sil
22.00272989273072,-12,-7,-5,-3,-10,10,15,0,0,-2,-17,-13,-13,5,sil
22.00272989273072,-2,0,1,4,6,17,39,22,31,32,4,4,13,17,sil
22.01802587509156,3,-5,-5,-4,6,2,32,25,44,44,9,12,27,21,sil
22.01802587509156,-3,-10,-18,-23,-7,-21,-7,3,16,3,-2,0,12,-1,sil
22.03384590148925,0,3,-2,-14,-2,-20,-23,-8,-1,-16,8,8,7,-15,sil
22.03384590148925,14,13,18,-4,7,-4,-18,-15,-12,-8,23,24,9,-9,sil
22.04910039901733,9,6,13,0,4,1,-14,-30,-29,-15,10,6,-3,-13,sil
22.04910039901733,-4,0,14,6,-3,-7,-16,-30,-40,-32,-14,-12,-26,-15,sil
22.0642569065094,-6,2,21,15,-6,-9,-9,-8,-25,-16,-15,-11,-28,-3,sil
22.07913708686829,0,0,5,24,-4,6,14,11,5,16,-1,-9,-7,8,sil
22.07913708686829,-2,-17,-5,9,-3,17,24,25,26,18,-9,-15,0,13,sil
22.1007776260376,-14,-25,-13,-10,-6,12,15,19,28,5,-21,-17,-7,6,sil
22.10177755355835,-16,-18,-26,-16,-12,0,5,6,11,0,-19,-12,-15,-1,sil
22.10177755355835,-12,-13,-25,-23,-14,-16,-7,6,-8,-16,-17,-8,-15,-5,sil
22.110865592956543,-10,-11,-21,-21,-9,-18,-21,0,-14,-22,-3,-3,4,-10,sil
22.1259663105011,-1,-1,-13,-8,0,-12,-26,-10,-16,-15,14,15,23,-8,sil
22.1259663105011,14,15,6,3,10,-6,-22,-4,-15,-10,25,26,17,-4,sil
22.14199924468994,25,39,30,30,17,3,-9,0,-1,3,39,19,12,1,sil
22.14199924468994,22,48,42,55,28,17,10,1,6,22,36,17,18,16,sil
22.158111572265625,5,14,17,40,23,22,24,0,9,25,0,-1,7,11,sil
22.158111572265625,-10,-19,-10,0,3,16,19,-6,10,19,-27,-23,-19,-5,sil
22.17366623878479,-11,-19,-7,-12,-5,10,11,0,6,18,-14,-13,-13,0,sil
22.17366623878479,-7,-16,-4,-13,0,2,10,4,10,15,1,0,11,11,sil
22.189281463623047,2,-16,-12,-22,0,-7,6,9,18,5,-6,3,13,12,sil
22.189281463623047,20,0,-8,-12,-3,-8,-2,13,18,0,2,17,16,8,sil
22.204084634780884,22,13,1,1,-3,-10,-21,4,0,-13,24,21,24,3,sil
22.204084634780884,10,15,4,0,-1,-17,-24,-5,-11,-14,15,4,6,-6,sil
22.22286891937256,-3,11,0,-1,-1,-9,-3,-7,-8,0,-2,-8,-18,-17,sil
22.22286891937256,-17,3,0,-4,-4,8,4,-12,-17,-8,-19,-20,-35,-19,sil
22.235849618911743,-20,-2,0,-3,-7,20,11,-12,-15,-12,-27,-30,-35,-12,sil
22.235849618911743,-13,-6,0,1,-1,16,19,4,11,5,-21,-12,-15,5,sil
22.250848531723022,-10,-14,-4,-9,-2,2,3,15,16,3,-18,5,-2,15,sil
22.250848531723022,-15,-24,-24,-25,-15,-6,-10,0,0,-9,-23,-10,-7,-1,sil
22.26649618148804,-7,-22,-24,-22,-16,-10,-6,-1,-4,-5,-13,-12,-3,-9,sil
22.26649618148804,13,-5,0,-4,-5,-11,-2,10,0,7,13,17,18,6,sil
22.28207731246948,18,12,7,7,1,-6,-2,6,0,3,29,27,32,8,sil
22.28207731246948,10,16,1,2,2,-10,-6,-1,-6,-19,22,17,22,-8,sil
22.29785680770874,8,14,7,2,1,-16,-9,-7,-7,-21,19,10,11,-18,sil
22.29785680770874,-4,12,12,16,5,0,-3,-18,-10,-7,13,0,-5,-14,sil
22.313851833343502,-19,10,13,26,7,16,0,-18,-16,-2,0,-10,-20,-1,sil
22.313851833343502,-3,17,24,31,15,16,4,-7,-6,10,1,-5,-6,7,sil
22.32990574836731,16,15,28,32,25,21,20,3,10,28,11,0,8,9,sil
22.32990574836731,0,-1,13,13,10,14,27,9,12,24,-1,-2,-3,11,sil
22.34600043296814,-14,-17,-13,-16,-16,-15,10,5,10,15,-16,-8,-12,8,sil
22.34600043296814,4,-25,-21,-33,-24,-33,-11,4,9,0,-12,-1,0,7,sil
22.361127853393555,23,-19,-2,-26,-14,-15,-19,8,-1,-14,2,19,15,9,sil
22.361127853393555,15,0,-11,5,1,3,-7,-2,0,0,24,8,23,0,sil
22.37675976753235,3,10,-6,9,11,1,-3,-9,-8,-4,15,-3,0,0,sil
22.37675976753235,-1,13,37,0,6,14,0,16,-17,-17,-16,8,-24,17,sil
22.391867876052856,-1,0,7,26,5,34,24,19,22,27,-5,-5,7,11,sil
22.391867876052856,-1,-24,-34,-1,3,3,6,0,33,29,0,-6,14,2,sil
22.40698003768921,-3,-17,-7,-59,-6,-24,-34,0,-7,-24,-19,14,-19,-5,sil
22.40698003768921,0,16,-9,-11,0,-4,-21,-14,-9,-21,-5,-8,-8,-27,sil
22.42269396781921,6,31,-3,48,11,11,3,-20,-4,-9,3,-11,-3,-15,sil
22.42269396781921,-12,12,16,24,4,18,16,2,-3,-1,-17,1,-20,1,sil
22.43821358680725,-35,-22,-23,-16,-3,17,26,15,21,26,-25,-24,-7,-7,sil
22.43821358680725,-14,-29,-34,-32,-8,0,11,17,25,19,-10,-14,11,0,sil
22.45383214950561,14,-3,-2,-18,-13,-15,-7,6,3,-8,13,18,17,9,sil
22.45383214950561,4,0,-3,-12,-9,-23,-17,-14,-14,-18,18,7,14,-3,sil
22.46969175338745,-1,-5,-6,-18,-5,-19,-16,-12,-19,-17,9,0,6,-12,sil
22.46969175338745,11,8,11,0,1,-11,-6,-3,-9,-8,19,11,5,-10,sil
22.48575687408448,11,24,23,15,12,-7,-8,-16,-10,-5,18,6,-2,-6,sil
22.48575687408448,-1,21,19,15,6,4,-5,-17,-14,-3,0,-10,-16,-4,sil
22.50089144706726,-11,11,11,23,-1,14,8,0,-5,8,-6,-9,-13,0,sil
22.50089144706726,-14,2,7,27,0,11,9,1,-8,2,-8,-8,-14,-3,sil
22.51648449897766,-18,-8,-1,10,-2,10,8,-8,-15,-8,-26,-29,-29,-15,sil
22.51648449897766,-16,-18,-13,-3,-8,9,17,3,2,2,-35,-30,-23,-7,sil
22.531870126724243,-1,-20,-16,-8,0,6,15,22,26,17,-9,-2,6,12,sil
22.531870126724243,6,-16,-12,-14,0,-6,-4,16,21,13,10,9,18,12,sil
22.54791688919068,11,-10,-7,-20,-15,-29,-20,1,0,0,3,9,15,9,sil
22.54791688919068,22,-2,0,-20,-13,-34,-19,0,-8,-15,7,19,21,17,sil
22.56387424468994,24,9,8,-9,4,-18,-13,0,-9,-33,26,22,22,6,sil
22.56387424468994,18,24,23,12,8,-2,-8,-10,-14,-25,28,14,10,-4,sil
22.579628229141235,9,24,33,26,2,17,0,-12,-13,4,14,16,2,8,sil
22.579628229141235,0,4,16,20,6,29,16,0,7,28,5,16,5,20,sil
22.59469556808472,-4,-5,4,13,7,15,16,10,21,29,1,7,2,15,sil
22.59469556808472,-6,0,6,10,4,9,10,6,12,21,-7,3,-3,8,sil
22.609861850738525,-3,-3,-4,1,3,14,19,8,19,27,-6,3,1,7,sil
22.609861850738525,1,-12,-11,-13,1,7,16,13,30,27,1,6,8,11,sil
22.62552380561829,-3,-15,-13,-20,0,-8,-6,6,12,3,0,-1,3,3,sil
22.62552380561829,-2,-5,-12,-9,1,-16,-18,-7,-6,-16,1,2,4,-12,sil
22.64108896255493,17,16,10,6,6,-5,-15,-9,-7,-20,20,22,11,-15,sil
22.64108896255493,16,23,14,14,6,1,-11,-4,-9,-23,26,7,4,-12,sil
22.656630754470825,0,25,12,18,9,-2,-2,-3,-15,-23,6,-13,-10,-8,sil
22.656630754470825,12,40,27,37,21,13,24,5,0,2,1,0,-2,2,sil
22.67191767692566,13,32,16,43,24,39,50,13,21,31,8,0,5,6,sil
22.67191767692566,-17,-8,-18,3,12,30,38,2,11,21,-15,-27,-21,-4,sil
22.687890768051147,-31,-37,-41,-32,-1,3,7,-10,-3,0,-51,-46,-41,-15,sil
22.687890768051147,-21,-38,-51,-39,-12,-9,-6,-11,-3,-4,-55,-41,-30,-14,sil
22.703689575195312,-11,-33,-42,-40,-15,-13,-11,5,3,-1,-37,-22,-13,-6,sil
22.703689575195312,-7,-31,-22,-39,-19,-22,-24,12,6,3,-15,-5,6,0,sil
22.718700170516968,-14,-31,-23,-49,-28,-42,-48,-7,-12,-10,-8,-2,8,-6,sil
22.718700170516968,-20,-24,-29,-54,-31,-48,-58,-26,-39,-39,-15,-15,-14,-28,sil
22.73476505279541,-20,-6,-7,-26,-27,-31,-48,-31,-50,-60,-14,-25,-31,-43,sil
22.73476505279541,-42,-12,0,-19,-38,-31,-53,-45,-69,-74,-22,-36,-45,-54,sil
22.74989104270935,-61,-37,-10,-37,-56,-37,-59,-47,-74,-65,-32,-46,-53,-54,sil
22.74989104270935,-20,-4,15,9,-18,12,0,5,-11,0,0,-7,-7,-5,sil
22.765065908432007,51,59,64,95,43,65,78,55,65,72,58,57,61,60,sil
22.78103899955749,70,63,68,95,46,55,77,42,69,77,66,80,71,75,sil
22.78103899955749,43,28,35,43,22,29,36,25,42,44,41,63,41,57,sil
22.797005891799927,36,13,13,28,23,15,27,34,42,33,34,49,31,48,sil
22.797005891799927,41,17,19,28,19,0,22,29,36,28,43,51,43,40,sil
22.811856746673584,31,21,25,20,12,-1,10,17,19,18,48,49,49,32,sil
22.811856746673584,14,19,17,12,26,4,0,4,8,7,38,30,32,17,sil
22.82795071601868,0,11,3,-1,29,3,-4,-13,-6,-17,9,0,1,-12,sil
22.82795071601868,-1,8,0,-6,11,6,4,-20,-14,-20,-9,-21,-17,-26,sil
22.84311938285828,-1,5,2,7,4,13,17,-13,-4,9,-17,-19,-22,-12,sil
22.84311938285828,-8,-8,-6,6,0,5,9,-10,-2,13,-33,-25,-25,-5,sil
22.858699321746823,-17,-22,-21,-16,-9,-6,-2,-9,-5,-4,-41,-33,-24,-9,sil
22.858699321746823,-13,-20,-26,-27,-8,-12,0,-2,3,4,-26,-24,-10,-4,sil
22.873767137527462,-9,-22,-35,-29,-7,-15,-4,0,3,6,-19,-23,-6,-4,sil
22.873767137527462,-19,-34,-43,-45,-17,-17,-23,-4,-8,-18,-30,-32,-17,-18,sil
22.889821529388428,-16,-32,-36,-50,-20,-22,-36,-7,-15,-29,-20,-21,-12,-23,sil
22.889821529388428,-3,-10,-16,-28,-14,-23,-36,-10,-23,-27,5,-1,1,-19,sil
22.9050772190094,-1,0,0,-11,-10,-15,-28,-12,-31,-31,9,-4,-8,-22,sil
22.9050772190094,-4,5,8,0,-9,-2,-15,-11,-30,-23,-2,-12,-26,-20,sil
22.92079734802246,-2,20,16,21,4,15,5,-3,-17,-11,-3,-3,-17,-9,sil
22.92079734802246,-4,21,17,36,18,25,22,4,-5,-7,0,-2,-6,-2,sil
22.936028003692627,-12,3,6,25,1,19,25,3,0,2,-11,-6,-16,1,sil
22.936028003692627,-11,-5,-3,9,-9,14,26,5,14,21,-17,-2,-17,8,sil
22.95173144340515,-5,-6,-8,-1,-2,5,16,14,28,24,-8,1,0,12,sil
22.95173144340515,-11,-7,-6,-13,-5,-3,0,12,20,14,0,5,11,11,sil
22.967772006988525,-6,-4,-1,-6,-6,4,1,12,26,19,9,7,13,13,sil
22.967772006988525,12,0,12,0,5,10,1,15,34,21,16,15,20,23,sil
22.9834213256836,14,-6,9,-14,-3,-12,-20,2,10,1,14,24,23,17,sil
22.9834213256836,0,-13,-15,-21,-22,-36,-36,-10,-7,-13,10,13,18,-4,sil
22.999104022979736,2,0,2,-12,-11,-27,-30,-4,-15,-27,4,10,3,-9,sil
22.999104022979736,11,20,32,0,3,-6,-15,0,-21,-24,9,17,-1,-8,sil
23.01514172554016,4,25,11,18,9,5,0,-11,-11,0,19,2,5,-16,sil
23.01514172554016,2,18,7,29,23,17,14,-12,-13,0,5,-12,-3,-10,sil
23.031190872192383,14,17,23,35,30,30,32,0,-19,1,-4,-6,-13,6,sil
23.031190872192383,10,9,10,38,15,27,34,6,7,29,1,-3,0,14,sil
23.04676413536072,4,-7,-3,17,1,9,27,11,33,32,0,-1,14,21,sil
23.04676413536072,13,-18,-6,-8,-3,-7,19,13,27,17,5,11,27,23,sil
23.063260316848755,9,-16,-14,-25,-2,-20,-5,2,0,5,15,16,26,8,sil
23.063260316848755,-1,-6,-13,-18,0,-17,-26,-10,-19,-14,6,4,2,-8,sil
23.07880473136902,6,7,0,3,1,-2,-11,-18,-12,-18,1,-3,-7,-7,sil
23.07880473136902,13,13,8,12,3,2,0,-11,-3,-2,0,-7,-5,-4,sil
23.0941743850708,-10,6,0,5,0,3,0,-4,-10,0,-12,-19,-20,-13,sil
23.0941743850708,-31,-8,-18,-4,-4,14,3,-2,-8,0,-17,-23,-25,-11,sil
23.11021590232849,-25,-23,-24,-17,-8,12,7,3,4,4,-19,-19,-12,0,sil
23.11021590232849,-16,-27,-24,-27,-15,-6,0,7,9,1,-28,-16,-8,-3,sil
23.12539315223694,-4,-16,-20,-29,-14,-22,-15,11,12,-2,-14,-2,0,-6,sil
23.12539315223694,12,5,-2,-15,-3,-21,-22,9,10,-11,9,12,16,2,sil
23.14105248451233,18,19,16,4,2,-9,-16,-1,-4,-27,14,18,8,0,sil
23.14105248451233,13,26,29,12,7,2,2,0,-10,-16,17,24,-1,-2,sil
23.155739068984985,7,33,31,16,13,9,14,1,-1,2,15,17,-2,2,sil
23.155739068984985,-7,15,19,18,5,10,7,-3,-4,0,-8,-5,-17,-1,sil
23.17087197303772,-21,-13,1,7,-8,8,7,-1,-4,3,-23,-16,-28,-4,sil
23.17087197303772,-19,-25,-9,-7,-10,5,17,7,10,16,-19,-8,-13,4,sil
23.619797706604004,21,23,30,18,10,0,-12,-7,-3,0,17,22,15,6,sil
23.619797706604004,24,22,24,17,9,0,-7,-4,0,5,12,13,15,9,sil
23.63488245010376,0,7,8,2,3,1,-4,-6,-4,1,-4,-2,-11,-2,sil
23.63488245010376,-27,-1,-2,5,1,15,7,-4,-1,-1,-15,-19,-33,-18,sil
23.65069985389709,-23,-8,-8,8,8,32,25,1,7,7,-17,-25,-23,-19,sil
23.65069985389709,-11,-16,-9,-9,4,26,25,3,8,14,-24,-22,-12,-6,sil
23.66585087776184,-15,-22,-21,-22,-10,-1,7,6,11,0,-26,-23,-10,-3,sil
23.66585087776184,-9,-19,-24,-21,-9,-16,-7,7,12,-17,-8,-7,0,-3,sil
23.68186020851136,7,-9,-11,-20,-1,-15,-8,1,7,-12,13,18,14,1,sil
23.68186020851136,8,-4,-12,-17,-13,-24,-8,0,4,-2,9,16,13,3,sil
23.697936296463013,0,-8,-14,-23,-19,-27,-17,2,-5,-17,-6,2,-6,-2,sil
23.697936296463013,0,0,0,-17,-6,-12,-12,-3,-17,-24,0,-3,-18,-14,sil
23.71311855316162,-5,16,16,12,3,-5,-3,-15,-25,-14,12,-7,-19,-19,sil
23.71311855316162,-5,17,25,26,4,1,-4,-16,-29,-13,7,-5,-20,-9,sil
23.728650093078613,4,12,21,25,4,19,9,-9,-17,-2,9,1,-11,2,sil
23.728650093078613,0,11,11,32,9,22,22,0,2,16,11,0,0,8,sil
23.74388718605041,-17,1,-1,24,1,15,9,9,10,17,-7,-7,0,7,sil
23.74388718605041,-14,-12,-17,-2,-3,13,3,8,7,6,-22,-7,-2,6,sil
23.75998878479004,0,-13,-16,-18,3,5,4,13,5,0,-18,-1,2,12,sil
23.75998878479004,0,-1,-9,-17,-5,-6,-9,16,11,11,-3,3,18,18,sil
23.77598881721497,11,7,-1,-14,-13,-10,-14,5,17,28,21,18,41,16,sil
23.77598881721497,31,7,3,-6,4,-7,0,0,12,25,35,37,47,18,sil
23.791953802108765,34,10,8,4,10,-4,6,3,6,7,31,33,34,20,sil
23.791953802108765,28,21,19,18,3,-3,0,-1,-1,-8,28,20,19,9,sil
23.808003664016724,22,28,26,29,14,0,0,-19,-19,-17,18,11,2,-6,sil
23.808003664016724,1,18,20,24,23,7,0,-27,-24,-10,1,-4,-15,-16,sil
23.82383227348328,-12,-2,7,15,11,6,1,-8,-6,0,-3,-20,-19,-18,sil
23.82383227348328,-7,-13,1,19,4,11,10,8,6,5,-11,-21,-20,-12,sil
23.83895778656006,-10,-9,-1,13,7,24,29,9,9,10,-26,-22,-29,-8,sil
23.83928680419922,-19,-14,-9,-3,0,20,37,15,18,20,-25,-26,-19,-4,sil
23.85421800613404,-14,-26,-20,-22,-14,1,22,22,32,19,-20,-17,-1,7,sil
23.85421800613404,-9,-25,-29,-34,-20,-10,1,15,31,10,-22,-7,0,20,sil
23.86972451210022,-7,-15,-24,-29,-13,-16,-11,6,17,5,-10,1,4,16,sil
23.86972451210022,0,-14,-7,-19,-6,-22,-28,-2,0,-9,1,14,13,3,sil
23.88556861877441,4,-15,-7,-25,-12,-28,-44,-17,-15,-27,-1,9,5,-11,sil
23.88556861877441,-9,-4,-20,-32,-20,-32,-51,-19,-22,-32,-6,-3,-9,-27,sil
23.900704383850098,-21,1,-19,-27,-15,-33,-49,-12,-27,-33,-4,-3,-11,-35,sil
23.900704383850098,-20,-4,-16,-25,-18,-36,-42,-19,-36,-38,0,-3,-9,-31,sil
23.9167869091034,-19,-3,-7,-21,-18,-23,-30,-23,-38,-35,0,-9,-17,-24,sil
23.9167869091034,-10,21,13,10,6,12,-3,-1,-18,-11,7,-5,-16,-8,sil
23.93187093734741,8,40,35,44,26,32,18,10,-3,5,15,5,1,11,sil
23.93187093734741,18,26,36,42,15,23,27,0,-4,8,7,4,8,16,sil
23.94696259498596,10,11,22,26,15,26,41,0,6,18,-6,-1,-1,14,sil
23.963085651397705,8,6,15,20,23,39,47,10,13,12,-9,0,-13,16,sil
23.963085651397705,17,0,15,19,9,31,35,5,2,-2,-5,2,-8,14,sil
23.978135347366333,9,0,8,15,4,14,29,-1,3,10,-7,0,0,5,sil
23.978135347366333,-10,-2,-8,4,8,10,27,1,17,27,-11,-8,-5,-2,sil
23.99368786811829,-12,-21,-23,-5,-9,5,11,7,22,22,-4,-15,-3,-3,sil
23.99368786811829,0,-22,-16,-12,-13,-7,1,13,22,20,13,0,20,6,sil
24.008940935134888,10,-4,-7,-14,5,-10,0,20,25,25,28,21,39,20,sil
24.008940935134888,15,5,-3,-5,4,-4,-8,19,24,20,32,26,40,23,sil
24.02486562728882,24,13,6,8,0,-9,-16,9,11,8,32,30,41,14,sil
24.02486562728882,26,20,17,13,5,-20,-20,-8,-9,-3,26,27,32,2,sil
24.040961742401123,11,16,18,7,0,-13,-21,-25,-26,-21,12,7,-1,-8,sil
24.040961742401123,6,10,13,2,3,4,-7,-17,-23,-20,-1,-3,-26,-9,sil
24.057047605514526,13,9,16,0,14,14,5,0,-8,-5,-3,3,-23,1,sil
24.057047605514526,0,0,19,3,-1,10,0,2,-1,-2,-4,0,-19,5,sil
24.07309365272522,-18,-19,-3,4,-20,3,-2,-4,0,0,-13,-14,-13,-1,sil
24.07309365272522,-24,-25,-26,-5,-8,1,6,-4,-2,14,-24,-14,-3,-3,sil
24.088674783706665,-23,-26,-33,-21,-3,1,10,5,1,12,-28,-16,-8,-2,sil
24.088674783706665,-16,-24,-30,-29,-11,-3,0,9,13,-7,-21,-13,-7,0,sil
24.11024618148804,-1,-15,-18,-27,-6,-17,-17,8,15,-10,-5,3,14,0,sil
24.11024618148804,-3,-2,-13,-21,-8,-27,-28,1,0,-8,0,0,14,-11,sil
24.11024618148804,-13,6,-11,-19,-15,-21,-31,-9,-17,-27,-6,-10,-8,-22,sil
24.119803428649902,0,13,6,-4,0,-7,-20,-15,-20,-33,-1,-4,-12,-17,sil
24.13583731651306,6,20,17,19,13,-1,-4,-22,-16,-14,1,-6,-11,-20,sil
24.13583731651306,-12,19,8,28,9,0,0,-26,-12,-4,-4,-21,-22,-26,sil
24.150623083114624,-17,12,0,24,8,5,6,-12,-4,0,-6,-18,-20,-13,sil
24.150623083114624,-4,2,6,16,8,8,13,3,-1,5,-9,-7,-14,0,sil
24.166173696517944,0,-1,12,13,4,8,23,19,7,19,-2,0,-4,12,sil
24.166173696517944,2,0,5,15,6,15,40,35,32,43,18,6,19,34,sil
24.182135105133057,0,-12,-11,-6,3,17,39,35,39,35,9,0,23,32,sil
24.182135105133057,-9,-30,-29,-34,-13,-3,12,16,21,1,-23,-16,0,4,sil
24.19828701019287,-5,-17,-25,-28,-23,-24,-10,3,0,-8,-17,-7,0,-2,sil
24.19828701019287,12,4,-2,-5,-11,-19,-18,0,-10,-5,20,20,19,10,sil
24.2139949798584,24,9,12,-1,3,-8,-22,-17,-17,-16,33,32,15,2,sil
24.2139949798584,19,8,18,-8,6,0,-26,-30,-37,-33,16,19,-9,-22,sil
24.229666471481323,11,10,23,1,0,8,-18,-21,-43,-29,10,7,-13,-22,sil
24.229666471481323,15,22,36,29,4,15,-3,-11,-12,-3,24,16,8,2,sil
24.24569869041443,25,31,39,42,19,16,5,-4,1,9,25,27,19,16,sil
24.24569869041443,19,17,23,27,18,19,14,3,-2,10,7,18,12,13,sil
24.26091241836548,6,-6,14,10,7,23,25,9,13,27,1,7,10,19,sil
24.26091241836548,0,-11,3,1,-1,29,26,9,32,29,-3,-1,4,24,sil
24.276091814041138,-6,-7,-8,-4,-2,20,16,10,21,7,-24,-6,-4,19,sil
24.276091814041138,-9,-10,-10,-4,2,0,15,20,20,16,-26,-3,-3,16,sil
24.29208469390869,-8,-14,-20,-7,-1,-1,14,23,31,31,-20,-10,-7,4,sil
24.29208469390869,-16,-17,-36,-26,-11,0,-8,7,13,-2,-30,-22,-16,-17,sil
24.30788230895996,-22,-20,-37,-36,-11,-31,-35,-9,-15,-34,-23,-17,-4,-30,sil
24.30788230895996,-21,-16,-32,-28,-13,-52,-42,-23,-23,-28,-1,-8,0,-32,sil
24.32364559173584,-17,-1,-21,-18,-11,-30,-28,-21,-16,-20,1,-6,-11,-26,sil
24.32364559173584,-2,12,-2,-1,2,-14,-11,-5,-6,-12,3,2,-1,-8,sil
24.33901882171631,10,16,9,10,4,-13,-10,0,-8,-8,15,9,10,-1,sil
24.33901882171631,10,9,8,13,-1,-2,-2,-1,-7,-7,13,-4,0,-6,sil
24.35432362556457,-8,6,2,11,8,8,20,3,0,5,2,-21,-9,-3,sil
24.35432362556457,-25,3,5,9,16,19,26,6,0,11,-3,-25,-9,-1,sil
24.370453596115112,-18,0,12,17,0,23,20,0,0,6,-5,-21,-12,-5,sil
24.370453596115112,-7,-8,13,12,-11,11,19,0,9,6,-5,-14,-16,-4,sil
24.386295080184937,-1,-22,-2,-12,-10,0,11,8,13,9,-4,-3,-7,5,sil
24.386295080184937,9,-19,-11,-21,-9,0,-6,11,13,11,5,12,13,17,sil
24.401779174804688,27,0,3,-6,-3,-6,-14,8,11,11,28,31,31,22,sil
24.401779174804688,38,18,14,6,3,-14,-14,0,4,6,40,39,38,19,sil
24.41778349876404,32,28,13,13,9,-12,-19,-12,-8,-4,31,34,29,11,sil
24.41778349876404,12,25,11,13,8,-7,-23,-17,-21,-18,12,17,6,0,sil
24.43320846557617,2,17,9,10,6,0,-16,-13,-17,-20,0,3,-6,-11,sil
24.43320846557617,5,9,13,10,12,4,0,-11,-7,-7,-8,3,-9,-4,sil
24.448578596115112,0,-4,11,8,8,8,19,-8,-13,7,-18,-5,-16,5,sil
24.448578596115112,-15,-15,0,1,0,17,23,0,-22,2,-28,-21,-23,-4,sil
24.464497804641724,-18,-11,-11,-3,-1,20,15,3,-11,-7,-29,-19,-24,-11,sil
24.464497804641724,-16,-7,-8,-4,-3,12,16,5,4,0,-23,-4,-21,3,sil
24.480275630950928,-11,-9,-3,1,-4,14,20,13,16,8,-17,-3,-10,13,sil
24.480275630950928,-2,-8,-7,8,0,17,16,21,27,10,-6,-11,3,9,sil
24.495869159698486,-3,-5,-14,-4,0,0,5,19,27,17,4,-5,13,9,sil
24.495869159698486,-5,-5,-18,-22,-6,-15,-3,9,9,9,-4,1,12,4,sil
24.51181602478028,6,-3,-10,-15,-6,-7,-5,3,-1,-12,-6,2,10,-4,sil
24.51181602478028,14,0,1,-14,-4,-9,-7,6,0,-12,13,9,14,-3,sil
24.52716064453125,7,-1,-5,-30,-8,-28,-23,-1,-3,-3,18,6,7,-8,sil
24.52716064453125,0,0,-4,-19,-7,-23,-37,-20,-20,-16,5,0,-8,-23,sil
24.54280400276184,-8,9,11,7,-4,-2,-27,-17,-19,-23,4,3,-8,-25,sil
24.54280400276184,-8,18,9,8,-4,-1,-11,-8,-7,-13,6,-5,-1,-11,sil
24.55798101425171,2,16,11,8,6,0,0,-13,-8,-5,5,-14,-8,-1,sil
24.55798101425171,-2,-1,11,22,13,10,15,-9,-1,9,0,-14,-12,1,sil
24.573628187179565,-20,-26,-16,0,-4,5,17,6,23,20,-13,-16,0,7,sil
24.573628187179565,0,-21,-25,-22,-12,-5,1,19,38,20,0,1,21,16,sil
24.58970046043396,37,16,9,7,11,0,-2,8,24,27,37,36,37,18,sil
24.58970046043396,28,32,34,33,25,9,0,-10,-3,18,35,34,24,9,sil
24.605791568756104,-2,5,19,26,8,14,5,-6,-8,4,0,2,0,4,sil
24.605791568756104,-13,-15,-1,8,-4,13,15,7,10,13,-13,-10,-12,7,sil
24.621914386749268,-8,-12,-10,-11,-4,5,12,7,8,11,-14,-3,-9,5,sil
24.621914386749268,-3,-2,-14,-14,-7,-5,0,0,-15,-15,-11,4,2,-3,sil
24.63801383972168,0,4,-2,-5,-7,-12,-5,-10,-37,-35,0,5,4,-14,sil
24.63801383972168,3,5,12,0,3,-2,3,-18,-35,-30,0,0,-9,-16,sil
24.653820276260376,0,7,14,14,9,18,20,-6,-8,-5,-10,-8,-19,-7,sil
24.653820276260376,-13,1,4,17,0,23,24,16,16,12,-21,-13,-21,1,sil
24.668949604034424,-12,-9,-6,1,-1,7,13,22,24,13,-9,-10,-12,8,sil
24.66944909095764,5,-4,-2,-3,2,-7,0,15,23,7,4,0,0,15,sil
24.684856176376343,8,0,-5,-11,-5,-22,-12,9,15,0,0,3,3,11,sil
24.684856176376343,-4,-10,-23,-24,-16,-27,-22,0,1,-11,-1,2,5,-4,sil
24.70010495185852,3,-5,-15,-8,0,-14,-22,-5,-9,-15,10,7,16,-7,sil
24.70010495185852,18,21,5,11,17,-3,-13,-10,-12,-5,14,6,12,-1,sil
24.71568250656128,0,18,1,-2,6,-9,-16,-22,-26,-14,5,0,-8,-11,sil
24.71568250656128,-20,-6,-11,-15,-8,-13,-29,-25,-42,-30,0,-12,-23,-28,sil
24.7317636013031,-14,-1,-1,7,0,0,-21,-15,-32,-14,-6,-20,-19,-22,sil
24.7317636013031,-3,7,10,22,13,14,-3,0,-7,9,-11,-19,-16,-2,sil
24.74787664413452,0,-11,2,12,1,14,4,13,11,21,-14,-14,-6,8,sil
24.74787664413452,-2,-21,-3,-1,-8,16,15,15,23,28,-11,-12,4,14,sil
24.763622283935547,1,-12,-4,-10,1,22,30,14,32,22,-8,-6,4,20,sil
24.763622283935547,11,-7,-5,-12,-3,14,28,20,36,16,-1,9,11,20,sil
24.779017448425293,14,-5,2,-10,-24,0,21,21,27,25,12,28,31,15,sil
24.779017448425293,11,-3,2,-12,-15,-8,20,15,19,18,16,29,34,10,sil
24.795238733291622,12,-2,-3,-20,7,-3,6,8,17,-6,6,20,23,6,sil
24.795238733291622,11,-3,5,-17,6,0,-10,-3,4,-16,14,20,16,0,sil
24.81075525283813,-2,1,13,-5,2,-4,-15,-19,-18,-18,21,13,0,-9,sil
24.81075525283813,-9,19,12,3,7,-12,-16,-26,-26,-16,8,0,-15,-15,sil
24.826837301254272,1,26,17,15,3,-7,-11,-19,-17,-11,7,-1,-4,-7,sil
24.826837301254272,6,21,22,24,1,-4,-3,-17,-18,-14,16,10,2,-2,sil
24.84244561195373,-1,23,10,20,7,-8,-4,-20,-28,-15,0,2,-11,-10,sil
24.84244561195373,-13,15,-3,17,3,1,-4,-16,-21,-4,-20,-26,-23,-10,sil
24.858014583587646,-15,-3,0,22,3,21,7,0,-5,-3,-16,-31,-21,-1,sil
24.858014583587646,-8,-6,0,21,5,17,11,11,2,0,-11,-13,-15,0,sil
24.87386679649353,-7,-8,-13,6,-9,-4,-3,10,0,16,-21,-15,-11,-1,sil
24.87386679649353,-15,-23,-20,-11,-15,-11,-10,11,0,18,-28,-24,-11,-2,sil
24.88864278793335,-18,-24,-21,-22,-5,-4,0,22,19,12,-21,-10,-3,-1,sil
24.88864278793335,-6,-13,-22,-22,-1,-3,6,29,38,10,3,12,16,3,sil
24.9041075706482,13,-7,-14,-10,0,-6,7,19,33,14,36,26,37,12,sil
24.9041075706482,19,2,4,1,6,-6,2,-5,4,6,38,31,30,2,sil
24.920034646987915,17,10,17,4,8,-8,-10,-20,-25,-15,9,17,0,-12,sil
24.920034646987915,17,7,15,3,2,-1,-3,-13,-21,-20,0,1,-11,-6,sil
24.93562150001526,10,8,21,15,8,14,13,-2,5,0,8,1,-2,7,sil
24.93562150001526,1,8,20,24,12,21,11,1,17,9,0,0,-2,13,sil
24.95117473602295,-1,-1,-5,2,-5,13,0,1,7,2,-18,-13,-13,9,sil
24.95117473602295,-9,-17,-25,-25,-13,0,0,1,0,1,-22,-17,-19,0,sil
24.96695160865784,-7,-18,-22,-22,-6,-10,0,8,7,12,-7,-10,-3,0,sil
24.96695160865784,5,-2,-16,-16,-9,-7,-4,12,10,12,8,3,22,7,sil
24.982646703720093,10,1,-13,-27,-9,-6,-10,9,-1,0,15,14,30,5,sil
24.982646703720093,8,7,6,-13,10,-6,-13,0,-7,-10,17,11,18,0,sil
24.9978187084198,5,15,26,17,19,7,-2,-9,-4,-11,7,-1,-1,0,sil
24.9978187084198,-12,9,14,22,5,19,7,-12,-15,-15,-18,-15,-24,-6,sil
25.01298451423645,-23,0,4,13,-2,13,6,-16,-28,-15,-30,-18,-30,-11,sil
25.01298451423645,-15,-6,4,7,-1,8,12,-12,-10,1,-16,-9,-17,0,sil
25.02910113334656,-7,-13,-6,-4,-8,0,15,-5,8,8,-6,0,-7,5,sil
25.02948117256165,-5,-12,-13,-20,-15,-18,-9,-11,-15,-27,-11,1,-9,-11,sil
25.044628620147705,0,-3,-13,-20,-12,-24,-31,-16,-33,-44,-5,5,-3,-27,sil
25.044628620147705,6,2,-2,-9,2,-16,-20,-1,-7,-5,20,17,18,-9,sil
25.060667753219604,7,12,14,5,12,-19,-10,9,8,20,33,15,25,9,sil
25.060667753219604,-4,20,11,17,2,-11,-5,0,-3,8,8,-8,-1,-2,sil
25.07656455039978,-11,15,4,16,0,12,16,1,0,8,-17,-19,-24,-10,sil
25.07656455039978,-1,0,9,16,6,22,34,22,24,32,-8,-4,-5,11,sil
25.09169125556945,0,-6,3,14,0,11,23,29,29,35,7,7,17,25,sil
25.09169125556945,0,-3,-12,0,-4,0,2,13,18,9,3,3,14,11,sil
25.10700249671936,16,-5,-13,-9,0,-4,-8,3,15,-3,3,7,13,-1,sil
25.10700249671936,21,-3,0,-3,1,-3,-11,4,11,-1,18,18,16,-5,sil
25.122009992599487,12,7,7,4,0,-5,-13,-4,-4,-10,19,10,13,-6,sil
25.122009992599487,17,15,16,11,5,2,-9,-16,-11,-13,13,3,9,0,sil
25.13804721832276,16,10,21,17,9,28,6,-7,0,6,12,4,0,9,sil
25.13804721832276,-8,-1,1,9,0,27,17,1,13,23,-1,-9,-10,4,sil
25.15361738204956,-17,-13,-12,-9,-3,1,10,2,13,23,-17,-12,-4,3,sil
25.168865442276,5,-13,-4,-10,1,-2,1,11,15,22,-9,6,10,23,sil
25.168865442276,10,-8,-3,-5,0,-9,-13,4,8,3,-2,10,7,19,sil
25.184526920318604,-2,-7,-13,-20,-8,-28,-24,-11,-15,-29,-8,5,-4,-10,sil
25.184526920318604,2,1,-6,-15,-4,-17,-13,-19,-32,-40,0,8,-8,-17,sil
25.184526920318604,5,13,12,8,4,3,-3,-20,-32,-32,6,0,-19,-11,sil
25.200548887252808,-14,8,10,13,6,6,7,-9,-19,-15,-10,-27,-33,-24,sil
25.200548887252808,-27,0,-2,4,2,11,28,6,-1,0,-26,-40,-32,-23,sil
25.21662449836731,-25,-11,-17,-4,-1,17,26,8,2,3,-27,-36,-23,-6,sil
25.21662449836731,-22,-23,-29,-14,-3,10,12,9,10,13,-12,-22,-6,-1,sil
25.231889009475708,-15,-15,-15,-13,0,0,12,20,28,29,1,0,16,9,sil
25.24792528152465,-7,-4,-8,-8,-3,-15,4,14,24,12,-1,12,24,22,sil
25.24792528152465,2,-4,-14,-11,-13,-24,-20,-5,-1,-21,0,16,18,13,sil
25.24792528152465,18,5,0,-7,-7,-19,-29,-12,-17,-30,18,25,18,1,sil
25.26360011100769,18,21,15,11,3,-10,-23,-14,-28,-28,14,22,6,-8,sil
25.278631448745728,0,16,13,3,-3,-3,-23,-20,-42,-37,-4,5,-20,-21,sil
25.278631448745728,-2,0,11,-25,-12,4,-9,-11,-29,-21,-4,0,-23,-13,sil
25.293967485427856,8,-1,18,-7,0,17,21,1,5,18,5,2,-1,5,sil
25.293967485427856,4,6,21,39,15,29,32,14,29,40,1,-3,3,11,sil
25.30918335914612,0,0,6,37,10,20,11,22,32,44,-5,-10,1,16,sil
25.30918335914612,8,-2,-2,2,-1,0,-6,14,26,40,0,2,15,21,sil
25.324881315231323,20,0,-1,0,-2,-14,-8,4,23,27,18,18,35,16,sil
25.324881315231323,20,9,3,5,5,-12,-9,4,13,9,33,23,37,9,sil
25.33996963500977,11,18,11,-1,10,-5,-14,-1,-3,-4,31,18,22,2,sil
25.33996963500977,8,15,13,6,3,5,-3,-10,-3,-6,17,6,6,-7,sil
25.355480670928955,8,6,9,17,2,17,9,-8,-1,0,6,0,-5,-5,sil
25.355480670928955,0,2,0,6,10,20,12,-5,-14,1,-1,-3,-14,0,sil
25.3709523677826,-11,-9,-12,-7,0,10,11,-3,-13,0,-18,-16,-22,-5,sil
25.3709523677826,-12,-25,-21,-12,-9,-4,4,9,7,-8,-30,-21,-20,-8,sil
25.386999368667603,-5,-19,-21,-18,-4,-22,-4,14,10,-9,-22,-10,-3,-6,sil
25.386999368667603,-6,-5,-17,-23,-5,-29,-8,-3,-16,-9,-9,-4,-1,-17,sil
25.402631759643555,-15,2,-8,-12,-11,-27,-9,-18,-32,-26,-5,-16,-20,-29,sil
25.402631759643555,-18,8,6,6,-5,-18,-11,-15,-19,-31,-5,-22,-28,-15,sil
25.41801309585572,-12,5,16,15,6,4,4,-5,-6,-10,-4,-10,-21,4,sil
25.41801309585572,-12,-13,-1,11,5,19,22,0,0,1,-11,-9,-16,2,sil
25.43370723724365,-19,-25,-16,-7,-8,2,12,1,9,-5,-27,-16,-13,0,sil
25.43370723724365,-15,-15,-12,-20,-11,-6,-1,4,15,-1,-23,-2,0,6,sil
25.44919776916504,5,-2,-8,-11,-1,0,-5,5,12,2,2,21,19,10,sil
25.44919776916504,22,9,0,-4,6,2,-9,10,12,-2,25,33,32,13,sil
25.464630842208862,24,17,11,0,4,6,-7,11,17,7,34,29,36,14,sil
25.464630842208862,15,16,11,8,0,9,-8,-3,5,9,20,16,22,3,sil
25.48015570640564,1,9,15,13,1,6,-7,-7,-5,-3,1,3,0,-2,sil
25.48015570640564,-2,1,15,20,4,15,12,6,7,14,5,-2,0,6,sil
25.49567604064941,-3,-6,1,12,2,28,30,10,15,39,2,-6,5,14,sil
25.49567604064941,-2,-15,-14,-9,0,19,27,9,12,33,-11,-13,3,10,sil
25.51111650466919,5,-10,-10,-14,-3,1,10,11,15,23,-6,-6,4,5,sil
25.51111650466919,13,4,-2,-2,-1,-10,-9,4,6,9,2,10,7,1,sil
25.526947498321533,15,9,-1,3,0,-22,-16,-7,-13,-20,9,19,5,-4,sil
25.526947498321533,6,11,7,0,-4,-21,-14,-21,-33,-38,15,12,0,-14,sil
25.542027473449707,-3,12,11,-1,-4,-16,-22,-26,-40,-28,8,-3,-11,-23,sil
25.542027473449707,-3,16,13,15,10,-2,-14,-11,-23,-4,2,-10,-19,-14,sil
25.558050632476807,2,14,17,34,22,27,19,6,4,15,0,-8,-13,4,sil
25.558050632476807,0,-3,2,11,8,26,26,8,13,14,-9,-11,-2,12,sil
25.57372117042541,-10,-16,-20,-32,-10,-13,-2,7,8,-1,-15,-8,0,7,sil
25.57372117042541,0,-1,-16,-28,-4,-23,-10,7,6,-8,-6,0,1,1,sil
25.58918285369873,16,18,12,9,10,-2,-1,-6,-3,-13,5,9,-4,-2,sil
25.58918285369873,-1,11,21,15,6,1,-10,-17,-21,-26,5,4,-18,-12,sil
25.604799032211304,-21,-12,-1,-1,-6,-6,-24,-15,-26,-29,-9,-14,-23,-15,sil
25.604799032211304,-17,-14,-6,-3,-10,-2,-18,-10,-22,-20,-23,-19,-24,-9,sil
25.620819091796875,-20,-19,-4,-2,-9,7,4,-3,-7,0,-26,-17,-25,-9,sil
25.620819091796875,-26,-40,-20,-21,-14,0,13,8,7,19,-25,-17,-11,-2,sil
25.636830806732178,-6,-32,-23,-26,-11,-14,6,21,22,28,-6,3,18,12,sil
25.636830806732178,9,-5,-22,-5,0,-4,10,24,44,34,17,13,40,14,sil
25.651970148086548,3,-2,-16,-9,-5,0,10,23,48,28,14,7,38,10,sil
25.651970148086548,10,-3,-3,-14,-10,-9,0,18,29,19,14,15,33,10,sil
25.668062925338745,24,12,4,6,1,-10,-7,-2,4,4,25,19,27,5,sil
25.668062925338745,16,28,17,18,10,-1,-15,-18,-16,-23,19,9,6,-5,sil
25.684073209762573,2,33,27,26,9,10,-5,-15,-14,-22,16,1,-3,-12,sil
25.684073209762573,-7,22,18,31,8,22,17,-6,-3,0,7,-5,-14,-5,sil
25.699758052825928,-15,-1,-5,4,1,14,14,0,-5,1,-23,-19,-26,-1,sil
25.699758052825928,-2,-12,-17,-18,-5,-5,-8,-1,-6,-14,-28,-8,-14,-4,sil
25.715839385986328,18,12,13,-1,0,-11,-13,-4,-9,-18,2,24,9,2,sil
25.715839385986328,20,31,36,30,12,3,3,-8,-15,-4,21,26,16,11,sil
25.73102688789368,9,18,25,30,17,19,20,-3,-14,0,7,7,-4,12,sil
25.73102688789368,0,0,3,7,13,22,22,3,-5,0,-8,-7,-21,10,sil
25.74706554412841,0,-14,-17,-11,0,5,7,2,7,8,-9,-14,-7,2,sil
25.74706554412841,6,-19,-14,-24,-6,-12,-12,5,4,-1,-2,0,3,-7,sil
25.76365208625793,8,-2,0,-4,5,-8,-9,3,-2,-11,3,8,0,-12,sil
25.76365208625793,0,7,11,11,13,8,2,0,0,9,3,2,-3,0,sil
25.77899527549744,-7,0,10,-9,-1,19,13,6,13,31,0,0,2,17,sil
25.77899527549744,-19,-15,-13,-22,-8,14,18,5,11,25,1,-9,6,13,sil
25.79489636421204,-29,-20,-19,-10,-2,3,9,2,0,12,-6,-13,2,2,sil
25.79489636421204,-13,-9,-7,0,-6,-1,0,10,6,13,-5,-8,4,2,sil
25.81004357337952,3,-9,-13,-4,-20,-17,-12,0,3,-3,-1,-4,1,-1,sil
25.81004357337952,-6,-19,-23,-17,-24,-25,-26,-11,-14,-26,-4,-3,-7,-12,sil
25.82586884498596,-5,-10,-11,-18,-10,-16,-14,-1,0,-12,1,4,1,-11,sil
25.82586884498596,6,4,-2,-13,-5,-17,-12,3,11,-3,0,2,6,-4,sil
25.8410279750824,-1,-2,-22,-6,-13,-25,-29,-15,-7,-26,-13,-17,-10,-24,sil
25.8410279750824,-9,-8,-25,-3,-11,-24,-28,-23,-22,-36,-14,-26,-22,-41,sil
25.856700658798218,6,12,11,1,5,-12,-14,-4,-17,-20,0,0,-11,-14,sil
25.856700658798218,17,35,22,25,16,7,-1,0,1,2,25,14,15,13,sil
25.872686624526978,17,35,21,28,12,15,0,-11,1,5,29,11,14,11,sil
25.872686624526978,16,22,38,20,11,15,1,-5,-8,1,8,9,-1,3,sil
25.88883781433105,3,4,18,33,16,21,17,1,1,14,-3,-5,-2,1,sil
25.88883781433105,-10,-1,15,21,11,19,25,12,1,9,-13,-1,-13,17,sil
25.904138803482056,-11,-2,17,9,12,27,40,14,8,15,-14,4,-7,14,sil
25.904138803482056,-16,-29,-43,2,5,19,41,-8,22,26,-13,-29,4,-7,sil
25.92003870010376,-22,-41,-20,-57,-17,-14,-2,10,-19,-14,-43,-7,-32,12,sil
25.92003870010376,-12,-5,15,-39,-11,-8,5,32,2,7,-12,23,-1,16,sil
25.93597888946533,7,-4,-63,25,7,-7,25,-2,59,52,40,-14,64,-10,sil
25.93597888946533,20,-12,2,-43,-13,-36,-49,3,-19,-37,0,34,3,25,sil
25.95163559913636,21,26,97,-42,-16,-6,-51,25,-40,-49,-1,74,-13,26,sil
25.95163559913636,20,33,9,48,16,12,5,-11,26,22,44,1,36,-24,sil
25.96719765663147,13,16,-1,27,16,-1,-8,-21,-5,-8,15,0,3,-12,sil
25.96719765663147,-5,12,9,16,3,16,3,-16,-14,-8,-1,3,-13,-8,sil
25.98279094696045,-11,-6,10,9,-2,13,15,-2,-9,5,-21,-10,-28,-4,sil
25.98279094696045,-2,2,58,-1,-4,24,17,32,-7,7,-20,17,-29,20,sil
25.997895002365112,-1,0,-79,74,17,51,68,-8,87,91,52,-52,63,-12,sil
25.997895002365112,-3,-47,-137,7,3,-10,17,-28,52,36,15,-62,37,-4,sil
26.012678384780884,-2,-34,27,-112,-34,-46,-51,31,-53,-78,-52,45,-44,40,sil
26.012678384780884,-2,-1,8,-39,-20,-14,-11,11,1,-12,5,13,19,-5,sil
26.02777314186096,8,0,-44,9,4,-22,-13,-26,10,6,26,-22,37,-26,sil
26.02777314186096,10,24,33,-12,3,-21,-32,0,-45,-43,-1,22,-14,0,sil
26.04309129714965,-5,26,24,19,5,1,-2,-8,-20,-11,11,-1,-11,-15,sil
26.058714866638184,-9,4,11,25,6,0,-4,-19,-22,-3,5,-18,-17,-22,sil
26.058714866638184,-3,13,34,15,5,6,-9,-6,-41,-19,-6,-3,-30,-12,sil
26.074668645858765,-11,5,1,19,3,11,5,-12,-17,-6,-9,-22,-20,-10,sil
26.074668645858765,-19,-18,-11,-8,-10,-4,0,-3,-5,-4,-31,-28,-27,4,sil
26.09064722061157,-13,-1,-7,-20,-17,-13,-1,17,9,0,-26,-25,-22,1,sil
26.09064722061157,0,9,-2,-1,-5,-6,5,13,24,19,4,-9,3,-2,sil
0.0267291069030761,2,-9,10,3,0,9,3,3,17,26,6,21,13,19,sil
0.0267291069030761,2,-15,-3,1,1,12,-3,-6,9,13,-14,11,0,16,sil
0.0421013832092285,10,-11,-5,1,5,9,0,-8,6,-1,-10,11,0,10,sil
0.0421013832092285,13,-14,8,0,8,11,14,15,19,15,13,35,32,24,sil
0.0577919483184814,4,-7,-8,-8,3,-3,8,29,34,19,9,19,38,9,sil
0.0577919483184814,1,7,-8,-15,0,-15,-2,17,14,-9,-2,10,13,-9,sil
0.0733544826507568,11,15,7,-3,5,-6,1,4,0,-6,7,20,2,-5,sil
0.0733544826507568,11,14,7,4,3,-7,0,-5,-6,0,7,8,-3,-3,sil
0.0884857177734375,1,16,11,2,-2,-12,-9,-18,-26,-29,0,-3,-8,-13,sil
0.0884857177734375,-4,13,11,9,3,0,-7,-24,-33,-31,7,-3,0,-18,sil
0.1036419868469238,-1,4,14,14,7,16,-2,-16,-22,-7,4,-7,-9,-12,sil
0.1036419868469238,-5,-5,6,14,3,22,11,-2,-13,0,-11,-25,-32,-11,sil
0.1197152137756347,-15,-17,-12,9,2,19,24,0,-5,-2,-19,-29,-34,-8,sil
0.1197152137756347,-10,-10,-11,0,-1,16,20,3,14,11,-14,-7,-13,4,sil
0.1357214450836181,-5,-2,-21,-6,-6,11,10,14,35,37,-5,-4,9,13,sil
0.1357214450836181,-5,-15,-35,-25,-4,-4,-8,14,23,25,0,-4,20,11,sil
0.1517260074615478,10,-2,-8,-16,2,-8,-15,6,0,-4,17,19,27,10,sil
0.1517260074615478,14,24,13,11,7,4,-4,0,-6,-8,25,15,18,10,sil
0.1669578552246093,-2,8,4,10,0,6,3,0,0,9,2,-14,-2,6,sil
0.1669578552246093,-1,-18,-4,-1,-4,0,14,16,28,35,4,-8,12,19,sil
0.1829626560211181,17,-8,10,-2,-3,-10,9,23,39,31,27,29,38,31,sil
0.1829626560211181,23,3,13,-5,-8,-24,-16,1,2,-8,24,35,25,8,sil
0.1986942291259765,13,0,1,-6,-6,-23,-24,-21,-31,-36,8,9,-3,-20,sil
0.1986942291259765,-1,9,10,2,0,-9,-22,-27,-37,-33,1,-1,-23,-21,sil
0.2137894630432129,-17,17,9,7,0,-5,-25,-31,-37,-28,-7,-10,-31,-22,sil
0.2137894630432129,-18,2,0,0,-3,-10,-17,-20,-31,-23,-16,-19,-25,-24,sil
0.2291121482849121,-11,-2,8,0,-2,-5,2,2,-10,-6,-12,-9,-7,-3,sil
0.2291121482849121,-15,-2,1,2,-5,6,12,5,2,11,-9,-9,0,9,sil
0.245192289352417,-14,-4,-9,-1,0,4,14,0,11,20,-11,-12,-1,2,sil
0.245192289352417,-1,-6,-11,-6,8,-6,25,14,29,24,-8,-2,6,5,sil
0.2613086700439453,4,-7,-13,-13,0,-12,19,25,35,15,0,13,20,14,sil
0.2613086700439453,12,-1,-5,-15,-3,-10,-7,16,15,-3,15,19,25,6,sil
0.2768290042877197,17,7,4,-3,5,-5,-14,2,-3,-13,11,7,7,-13,sil
0.2768290042877197,1,4,9,2,7,1,-7,-6,-22,-27,-16,-7,-24,-25,sil
0.2920150756835937,-6,1,5,13,1,16,-8,-20,-34,-33,-23,-13,-38,-22,sil
0.2920150756835937,3,9,6,29,0,20,-8,-22,-25,-5,-11,-10,-26,-4,sil
0.308143138885498,7,5,11,22,1,17,7,-2,-4,16,-14,-4,-15,8,sil
0.308143138885498,-6,-7,-3,6,6,28,27,10,8,10,-19,-11,-12,4,sil
0.3236877918243408,-12,-8,-15,7,6,33,27,13,16,10,-7,-16,-4,4,sil
0.3236877918243408,-4,-10,-14,0,0,17,15,16,24,19,1,-6,6,14,sil
0.3397867679595947,0,-22,-18,-22,-3,-2,3,13,21,7,1,0,13,14,sil
0.3397867679595947,0,-16,-14,-30,-4,-8,-3,11,11,1,8,10,18,8,sil
0.3558683395385742,3,1,-3,-16,-1,-6,-1,13,18,19,19,21,31,11,sil
0.3558683395385742,6,4,2,-12,4,-9,-8,4,21,13,22,20,31,5,sil
0.3710789680480957,6,6,1,-14,0,-17,-28,-15,-2,-13,20,11,10,-9,sil
0.3710789680480957,7,21,9,0,-4,-18,-28,-24,-26,-23,18,9,-2,-10,sil
0.3871176242828369,15,28,29,21,1,-8,-6,-17,-25,-15,15,11,4,0,sil
0.3871176242828369,15,31,37,36,6,4,1,-14,-13,-1,12,9,4,1,sil
0.4027254581451416,2,28,26,39,5,10,0,-18,-15,10,4,0,-13,-8,hello
0.4027254581451416,-14,0,3,19,3,9,7,-6,-14,16,-13,-16,-22,-9,hello
0.4180300235748291,-31,-29,-24,-6,-4,3,16,0,-3,6,-29,-30,-20,-9,hello
0.4180300235748291,-29,-27,-25,-11,-10,-2,18,6,6,-4,-28,-25,-17,-7,hello
0.4336302280426025,-8,-17,-13,-2,-6,-6,19,23,20,1,-13,-8,-1,6,hello
0.4336302280426025,-1,-17,-12,-15,-4,-17,4,20,19,1,-4,-1,6,12,hello
0.448754072189331,-1,-19,-17,-31,-12,-30,-19,0,3,-2,-2,0,7,5,hello
0.448754072189331,13,-11,-12,-23,-6,-24,-21,6,10,15,11,12,20,11,hello
0.4641573429107666,25,2,0,-8,9,-9,-10,18,20,14,27,24,25,15,hello
0.4641573429107666,13,11,6,0,11,0,-4,3,5,-18,16,15,7,-1,hello
0.4797773361206054,5,6,4,0,2,2,0,-8,-10,-28,-1,8,-7,-8,hello
0.4951677322387695,8,1,0,-13,-7,-6,-4,-7,-20,-21,-3,1,-12,-6,hello
0.4951677322387695,0,2,1,-12,-13,-13,-13,-12,-31,-30,-1,-7,-12,-15,hello
0.5102221965789795,-7,6,15,7,-6,1,-11,-21,-36,-22,3,0,0,-11,hello
0.5102221965789795,10,17,32,27,9,25,3,-15,-22,10,26,19,16,12,hello
0.5267348289489746,20,28,36,41,21,34,10,0,0,11,28,15,10,17,hello
0.5267348289489746,1,22,23,44,16,34,10,6,12,-3,-7,-6,-11,0,hello
0.5425262451171875,-10,5,1,24,0,30,16,10,16,22,-25,-19,-14,-2,hello
0.5425262451171875,-4,-11,-11,-4,-1,16,22,16,24,43,-15,-17,-4,7,hello
0.5577390193939209,-11,-24,-25,-20,4,12,23,11,21,18,-21,-18,-6,3,hello
0.5577390193939209,-26,-24,-37,-28,-1,12,16,0,4,1,-33,-25,-10,-6,hello
0.5732553005218506,-22,-22,-35,-34,-12,-3,-5,0,3,2,-23,-20,-5,-11,hello
0.5732553005218506,-11,-16,-30,-30,-11,-17,-23,-7,9,-9,-10,-5,0,-16,hello
0.5889453887939453,-2,-1,-14,-17,-1,-15,-20,-15,2,-14,0,9,1,-10,hello
0.5889453887939453,8,4,6,-3,2,-13,-12,-5,-5,-8,12,13,3,-3,hello
0.6041543483734131,2,0,10,-1,0,-8,-15,0,-19,-17,11,4,0,-17,hello
0.6041543483734131,-4,3,11,-3,0,1,-9,-3,-24,-17,4,2,-2,-17,hello
0.6201937198638916,8,18,20,15,3,9,7,5,0,0,7,5,-1,9,hello
0.6201937198638916,11,15,20,31,5,1,16,14,16,2,0,2,-6,19,hello
0.6357986927032471,1,0,10,21,1,-11,18,9,12,7,-9,-2,-9,9,hello
0.6357986927032471,1,-5,2,6,0,-5,22,10,19,28,-1,-1,0,16,hello
0.650892972946167,5,-2,-5,1,3,-10,11,14,23,28,11,7,12,25,hello
0.650892972946167,8,-4,-6,-2,-1,-49,-14,0,3,8,21,19,25,14,hello
0.6666784286499023,16,0,10,0,-6,-50,-26,-16,-20,-12,33,24,26,1,hello
0.6666784286499023,21,18,25,16,0,-8,-16,-17,-22,-22,28,13,10,0,hello
0.6817452907562256,9,27,19,23,5,2,-12,-14,-12,-14,7,0,-2,-6,hello
0.6817452907562256,-14,15,4,7,0,4,-14,-14,-19,-10,-10,-12,-10,-21,hello
0.6972153186798096,-25,2,-11,-1,0,26,0,-5,-18,-8,-22,-21,-18,-20,hello
0.6972153186798096,-15,-4,-17,0,0,28,12,7,6,14,-21,-18,-10,0,hello
0.7132217884063721,-3,-15,-21,-2,-3,22,16,15,24,37,-5,-6,10,16,hello
0.7132217884063721,2,-13,-20,-9,-1,26,16,15,23,25,7,7,22,21,hello
0.7285027503967285,11,-7,-10,-16,0,10,5,6,14,-4,11,20,21,16,hello
0.7285027503967285,12,-15,-16,-29,-4,-8,-12,-10,-10,-25,2,8,8,-5,hello
0.7437412738800049,-1,-19,-25,-46,-2,-4,-18,-16,-37,-37,-13,-6,-16,-30,hello
0.7437412738800049,-8,-5,-3,-30,0,0,-8,0,-27,-33,-6,0,-19,-23,hello
0.7598514556884766,5,17,33,12,0,-1,2,7,0,-1,19,18,9,7,hello
0.7598514556884766,10,20,39,24,1,2,9,2,6,21,18,14,10,18,hello
0.7754290103912354,-6,-4,15,6,0,17,21,5,3,13,-9,-11,-20,1,hello
0.7754290103912354,-14,-19,4,4,1,25,31,13,17,11,-25,-23,-28,-3,hello
0.791172981262207,-11,-12,0,6,2,9,23,8,28,18,-19,-15,-9,0,hello
0.791172981262207,-10,-12,-9,-7,-5,-10,2,0,17,5,-9,-9,-6,-2,hello
0.806797981262207,0,-8,-6,-7,-4,-14,-12,4,6,0,-8,-2,-4,-2,hello
0.806797981262207,15,9,1,9,0,-18,-24,3,1,0,-9,0,9,2,hello
0.8223469257354736,12,16,1,6,0,-25,-31,-13,-13,-20,1,2,11,-1,hello
0.8223469257354736,11,16,10,4,2,-17,-22,-21,-22,-31,19,19,4,-3,hello
0.8378500938415527,17,27,15,25,7,-7,-10,-19,-14,-12,18,22,0,0,hello
0.8378500938415527,4,28,8,24,7,-2,-8,-20,-18,-10,3,-2,-10,-7,hello
0.8539278507232666,-17,8,-5,10,12,7,3,-8,-14,-9,-6,-23,-17,-21,hello
0.8539278507232666,-28,-5,-9,12,12,18,20,6,10,12,-6,-23,-8,-17,hello
0.8696353435516357,-23,-8,-8,9,3,20,20,12,25,33,-3,-15,2,2,hello
0.8696353435516357,-13,-13,-12,-3,0,17,19,15,20,39,-5,-10,7,14,hello
0.885185956954956,-8,-22,-17,-15,0,3,18,17,16,30,-10,-4,6,12,hello
0.885185956954956,0,-22,-18,-20,-8,-12,4,13,15,13,-1,5,11,17,hello
0.9011526107788086,4,-18,-20,-21,-22,-18,-15,4,0,-2,4,11,14,16,hello
0.9011526107788086,-4,-18,-21,-28,-20,-19,-25,-3,-16,-21,-4,-1,3,-2,hello
0.9171600341796876,3,-4,-6,-19,-2,-16,-19,-2,-13,-22,2,1,5,-5,hello
0.9171600341796876,28,21,21,6,6,-8,-11,1,-7,-15,32,31,17,8,hello
0.9330484867095948,26,23,21,10,-4,-3,-8,0,-8,-13,35,32,13,6,sil
0.9330484867095948,9,17,10,0,-8,-3,-9,-7,-10,-11,11,9,3,-9,sil
0.9486048221588136,11,20,20,11,9,5,0,-11,-19,-10,1,5,2,-11,sil
0.9486048221588136,18,9,26,3,19,21,18,-3,-11,-1,11,7,2,2,sil
0.9646315574645996,3,-6,17,-16,4,23,26,1,5,17,8,-5,-5,11,sil
0.9646315574645996,-10,-6,7,8,-10,14,15,-2,2,10,-18,-19,-24,-1,sil
0.9800660610198976,-7,2,0,35,-3,12,10,-2,-1,-4,-36,-16,-31,-9,sil
0.9800660610198976,-6,-2,-8,16,6,14,18,13,17,11,-20,-3,-16,3,sil
0.9960763454437256,-13,-10,-16,2,-1,7,19,17,32,26,-6,-1,-5,9,sil
0.9960763454437256,-8,-6,-13,1,-3,1,4,6,23,14,-7,0,2,6,sil
1.0120744705200195,3,0,-8,-8,10,-1,-3,3,16,4,4,10,22,9,sil
1.0120744705200195,5,4,-8,-11,13,-9,-3,-1,1,-12,10,11,18,-2,sil
1.027745485305786,-2,4,-5,-8,0,-20,-12,-16,-20,-33,-2,0,-4,-20,sil
1.027745485305786,-7,4,0,-13,-2,-28,-25,-21,-19,-23,1,-6,-6,-17,sil
1.0428543090820312,-6,7,10,-15,0,-26,-28,-14,-16,-11,10,-8,-7,-14,sil
1.0428543090820312,-8,-2,13,0,-3,-12,-17,-10,-25,-6,-9,-18,-19,-13,sil
1.0581345558166504,-13,-24,1,8,-7,0,0,-1,-8,14,-19,-20,-12,3,sil
1.0581345558166504,-10,-29,-11,-9,-2,6,8,15,20,24,-1,-8,9,14,sil
1.0730643272399902,2,-14,-16,-22,-6,4,0,18,18,5,7,0,20,4,sil
1.0730643272399902,13,5,1,-2,-5,-2,-12,5,0,-9,8,10,16,-2,sil
1.089021921157837,10,18,17,23,7,4,-10,0,-5,0,19,17,9,0,sil
1.089021921157837,1,18,9,28,8,24,5,-3,-3,7,13,7,0,2,sil
1.1040797233581543,-8,6,1,15,0,26,19,-3,-1,0,-5,-4,-11,4,sil
1.1040797233581543,-12,-9,-7,3,-2,3,18,6,8,6,-10,-8,-6,5,sil
1.11964750289917,0,-16,-13,-9,-3,-6,5,13,11,14,-7,6,11,7,sil
1.11964750289917,18,-5,-6,-16,-7,-3,-1,5,0,0,0,22,16,2,sil
1.135028839111328,15,10,2,-2,-2,-7,-1,-8,-9,-10,8,15,7,-4,sil
1.135028839111328,0,17,8,8,9,0,-3,-16,-18,-8,1,-2,-6,-6,sil
1.149980068206787,-7,11,1,7,8,14,-1,-9,-18,-16,-24,-21,-26,-12,sil
1.149980068206787,-13,0,0,6,-4,3,5,0,-6,-17,-38,-26,-37,-14,sil
1.165757417678833,-9,-7,3,6,-8,-3,20,6,10,9,-16,-16,-17,1,sil
1.165757417678833,2,-10,-2,-8,-2,3,23,9,20,22,3,-8,6,14,sil
1.181121826171875,6,-2,-7,-27,-4,-3,1,11,14,0,3,0,13,8,sil
1.181121826171875,14,6,0,-17,-1,-13,-15,7,8,-7,19,19,22,7,sil
1.1967201232910156,26,7,7,0,6,-12,-17,0,7,0,42,35,29,15,sil
1.211925983428955,21,4,12,0,7,-15,-21,-9,0,-4,37,32,20,7,sil
1.211925983428955,7,5,5,7,4,-11,-19,-17,-9,-16,17,5,4,-9,sil
1.2271153926849363,-7,11,4,24,9,7,0,-12,-10,-11,-3,-12,-10,-12,sil
1.2271153926849363,-11,8,4,34,12,25,18,1,2,14,-9,-8,-8,1,sil
1.2421579360961914,-4,-2,1,18,4,22,13,4,7,31,3,0,3,19,sil
1.2421579360961914,-10,-15,-9,-7,-3,6,0,5,3,26,1,-3,0,18,sil
1.2578790187835691,-22,-24,-23,-19,-10,-14,-2,9,4,17,-14,-6,-2,4,sil
1.2578790187835691,-10,-20,-18,-24,-6,-24,-8,6,0,2,-5,7,7,-3,sil
1.2738726139068604,10,2,-2,-16,5,-17,-16,-2,-10,-17,13,7,9,-14,sil
1.2738726139068604,13,20,12,7,6,-1,-5,-9,-17,-25,2,-6,-12,-18,sil
1.2890524864196775,3,17,22,20,3,15,16,-6,-18,-14,-12,-10,-24,-14,sil
1.2890524864196775,-7,5,6,7,1,16,26,0,-8,3,-15,-16,-17,-18,sil
1.3045966625213623,-21,-2,-7,-10,-10,7,20,-1,-4,2,-28,-26,-23,-23,sil
1.3045966625213623,-17,-6,-1,-5,-20,12,16,0,1,0,-32,-26,-25,-11,sil
1.319737195968628,-3,-6,-4,-1,-6,10,12,7,21,10,-12,-5,-6,6,sil
1.319737195968628,-4,-5,-9,-19,0,-9,-3,13,26,6,2,14,6,15,sil
1.3352019786834717,-10,-15,-12,-27,-11,-16,-17,7,14,-11,-1,3,12,12,sil
1.3352019786834717,-10,-21,-10,-21,-12,-11,-20,3,6,-14,-7,-3,16,6,sil
1.3513052463531494,-1,-8,0,-12,-2,-17,-17,4,6,-1,10,13,21,4,sil
1.3513052463531494,16,4,11,3,-4,-19,-17,-1,0,-2,30,22,23,3,sil
1.3669240474700928,24,13,16,12,-4,-6,-20,-9,-12,-13,13,17,8,-1,sil
1.3669240474700928,10,15,1,10,8,0,-13,-14,-18,-8,3,10,-1,-6,sil
1.382826566696167,7,9,4,15,15,-3,-3,-18,-20,-2,24,8,4,2,sil
1.382826566696167,17,18,28,27,13,11,3,-4,-14,-3,23,10,3,10,sil
1.3986835479736328,17,26,18,41,19,31,16,3,1,12,1,3,-2,9,sil
1.3986835479736328,13,13,0,36,24,33,26,0,3,22,-9,-4,-7,14,sil
1.4142491817474363,4,-6,0,19,16,29,33,4,7,19,-12,-15,-6,9,sil
1.4142491817474363,-11,-23,-15,-3,0,14,20,6,14,17,-21,-29,-11,-1,sil
1.4293978214263916,-11,-25,-21,-35,-12,-1,-8,4,-2,-6,-31,-14,-20,0,sil
1.4293978214263916,0,-15,-22,-31,-9,-2,-10,2,-2,-19,-15,3,0,-3,sil
1.4451446533203125,-10,-21,-20,-22,-10,-14,-7,5,8,-8,1,7,12,-8,sil
1.4451446533203125,-16,-19,-7,-30,-16,-21,-20,14,5,-1,2,9,2,-1,sil
1.4610073566436768,-4,0,-21,-11,-8,-12,-18,-5,9,2,17,-4,14,-18,sil
1.4610073566436768,6,9,8,-16,-2,-29,-28,-12,-18,-26,6,12,1,-12,sil
1.4760565757751465,9,33,52,1,-4,-25,-10,5,-18,-13,14,33,5,6,sil
1.4760565757751465,8,34,-16,59,4,-3,30,-19,29,43,52,-13,38,-12,sil
1.491884469985962,5,12,17,3,5,-17,-9,-12,-30,-14,0,10,-29,0,sil
1.491884469985962,-3,32,79,0,7,14,5,19,-34,-16,-14,35,-38,10,sil
1.507008075714111,-12,14,-58,85,17,33,66,-24,62,76,38,-64,45,-23,sil
1.507008075714111,-7,-29,-36,-6,-5,-21,-4,-13,-10,-2,-26,-40,-25,7,sil
1.5224676132202148,-6,2,81,-56,-18,5,-19,39,-45,-40,-58,41,-60,29,sil
1.5224676132202148,-4,7,-24,30,3,47,46,8,60,52,7,-24,31,-4,sil
1.537766933441162,-5,-30,-46,-15,-3,4,-2,1,28,1,-15,-25,7,5,sil
1.537766933441162,-15,-22,11,-60,-12,0,-27,21,-14,-34,-32,18,-20,8,sil
1.5532283782958984,-10,-13,-43,-11,6,13,15,0,31,29,4,-13,25,-11,sil
1.5532283782958984,9,-14,-28,-21,6,-16,0,0,12,3,2,-1,22,3,sil
1.5688369274139404,14,-4,11,-24,-5,-24,-20,5,-13,-29,11,20,14,2,sil
1.5688369274139404,7,0,-3,-4,0,-15,-12,-10,-20,-19,23,4,9,-14,sil
1.583977222442627,5,13,17,1,5,-4,-4,-16,-33,-27,9,7,-11,-10,sil
1.583977222442627,9,19,32,25,8,1,0,-16,-16,-21,7,6,-10,-7,sil
1.5996787548065186,8,9,24,37,13,-3,-7,-12,-12,-6,4,3,-6,-4,sil
1.5996787548065186,-2,3,18,28,14,11,-6,-2,-16,3,4,3,-8,0,sil
1.6157186031341553,-10,-8,6,18,3,27,2,8,8,12,4,0,-4,10,sil
1.6157186031341553,-2,-20,-1,13,-4,17,7,16,27,19,-7,0,0,18,sil
1.630937099456787,-3,-19,-13,1,-11,4,4,1,20,26,-20,-9,0,14,sil
1.630937099456787,-13,-16,-14,-25,-19,-5,-3,-1,1,11,-26,-9,-11,9,sil
1.6470255851745603,-4,-8,-20,-24,-16,-11,-2,6,2,1,-11,-2,-1,1,sil
1.6470255851745603,7,-9,-36,-11,-10,-20,-9,-4,-1,0,0,-1,16,-8,sil
1.6630816459655762,5,-1,3,-29,-11,-21,-29,-5,-25,-21,-5,17,1,-4,sil
1.6630816459655762,9,26,1,7,5,1,1,-7,1,0,27,8,17,-17,sil
1.67863130569458,14,27,-35,36,17,0,14,-24,13,11,35,-19,20,-25,sil
1.67863130569458,6,16,19,-12,0,-16,-22,-4,-44,-42,-15,6,-29,-1,sil
1.6942179203033447,0,18,51,-5,-4,2,-5,10,-39,-36,-7,18,-26,0,sil
1.6942179203033447,3,20,30,27,8,19,23,3,2,6,20,3,-1,0,sil
1.71002197265625,7,25,26,25,15,32,29,6,21,14,2,-1,-4,10,sil
1.71002197265625,3,7,8,13,11,40,30,8,32,13,-9,-10,1,14,sil
1.7260682582855225,0,-11,19,-4,2,21,18,18,19,16,-4,4,1,28,sil
1.7260682582855225,-4,-6,1,9,0,11,23,10,24,45,9,-3,15,12,sil
1.7420973777770996,-18,-18,-49,4,0,0,7,-9,21,35,-5,-31,12,-9,sil
1.7420973777770996,-27,-29,-28,-36,-9,-13,-22,7,-8,-11,-32,-15,-13,6,sil
1.7577664852142334,-20,-21,-22,-23,-6,-12,-8,13,9,1,-7,-7,6,7,sil
1.7577664852142334,-4,-19,-36,-16,0,-20,-5,0,18,6,0,-3,17,-7,sil
1.7736191749572754,0,-9,-16,-30,-3,-30,-21,-2,-8,-20,-5,12,2,-11,sil
1.7736191749572754,1,-1,-8,-11,-5,-36,-18,-7,-12,-18,9,12,5,-18,sil
1.7887895107269287,9,-2,-3,-3,-1,-37,-22,-1,-12,-20,15,21,3,-16,sil
1.7887895107269287,9,0,4,-7,-2,-27,-25,-3,-25,-24,14,19,0,-12,sil
1.804038047790528,1,12,8,2,-4,-26,-15,-21,-31,-13,12,-1,0,-11,sil
1.804038047790528,16,34,29,28,7,-13,6,-7,-9,1,12,3,0,1,sil
1.819685459136963,28,44,39,52,23,17,24,6,10,10,24,12,5,11,sil
1.819685459136963,5,22,23,39,11,31,10,-6,-2,-7,6,-3,-2,2,sil
1.8347184658050537,-14,-2,9,10,-5,29,-2,-14,-12,-15,-21,-16,-13,-3,sil
1.8347184658050537,-11,-13,5,2,-6,33,8,-9,0,8,-17,-16,-10,1,sil
1.8503127098083496,-9,-15,1,0,-3,40,21,-3,4,23,-14,-15,-10,5,sil
1.8503127098083496,-4,-6,3,-2,0,38,28,16,17,23,-16,-4,-3,12,sil
1.8659050464630127,7,-3,2,-1,2,23,31,30,35,31,0,6,10,24,sil
1.88103985786438,5,-12,-3,-10,0,8,13,15,30,26,9,7,10,22,sil
1.88103985786438,-8,-17,-13,-23,-5,-1,-15,-1,12,8,-2,2,-2,12,sil
1.8961632251739504,-11,-22,-27,-33,-18,-16,-28,0,2,-7,-16,-4,-6,0,sil
1.8961632251739504,-1,-26,-30,-38,-21,-29,-27,0,-8,-21,-22,-2,-8,-7,sil
1.9116206169128416,9,-13,-21,-31,-4,-25,-21,-7,-18,-27,-10,8,-3,-10,sil
1.9116206169128416,10,1,-3,-13,3,-16,-11,-6,-15,-21,14,12,6,-11,sil
1.927295446395874,1,9,7,-2,2,-13,0,-2,-14,-24,23,10,5,-14,sil
1.927295446395874,2,16,3,2,6,-18,0,-6,-19,-28,12,3,0,-17,sil
1.9430475234985352,0,19,7,9,10,-14,-8,-13,-15,-15,0,-2,-5,-18,sil
1.9430475234985352,-7,16,12,19,15,7,-5,-8,-11,-7,-2,-11,-12,-15,sil
1.9587035179138184,-7,17,8,26,11,17,4,-2,-16,-8,-3,-17,-16,-5,sil
1.9587035179138184,0,25,18,32,3,11,11,-1,-6,8,0,-9,-6,1,sil
1.974769830703736,-5,14,15,32,4,8,13,0,10,25,0,-5,-2,3,sil
1.974769830703736,-18,-8,-10,12,4,3,7,-4,0,10,-16,-10,-20,1,sil
1.98990797996521,-17,-10,-17,0,-4,1,3,-6,-4,9,-20,-15,-20,-2,sil
1.98990797996521,-4,-4,-2,5,-10,6,8,5,13,35,-2,-11,5,6,sil
2.0126266479492188,7,0,4,3,-4,6,9,16,23,35,9,9,23,26,sil
2.0126266479492188,21,3,0,1,0,0,5,17,25,22,17,22,33,32,sil
2.0126266479492188,19,-5,-4,-5,-2,-3,1,17,31,18,21,17,36,22,sil
2.0206503868103027,8,-19,-8,-23,-8,-8,4,18,29,6,14,16,23,6,sil
2.037181615829468,9,-14,-7,-21,-8,-5,6,7,9,-5,9,16,10,-1,sil
2.037181615829468,11,-2,-2,-9,1,0,-3,-1,-4,-11,8,11,9,-5,sil
2.053290605545044,2,-5,-2,-14,1,-7,-12,-1,-1,-16,8,3,13,-8,sil
2.053290605545044,3,-2,3,-15,-7,-12,-9,-3,-9,-19,13,12,11,-6,sil
2.068937301635742,9,14,12,1,1,3,-9,-8,-21,-16,13,13,6,-4,sil
2.068937301635742,-1,15,7,9,6,6,-16,-13,-17,-16,-2,-5,0,-11,sil
2.083949089050293,-14,1,6,0,-3,0,-17,-13,-16,-18,-9,-10,-7,-16,sil
2.083949089050293,-2,0,9,4,0,12,3,-4,-11,-11,-3,-5,-3,-3,sil
2.099159002304077,-4,0,4,9,10,20,18,-4,-10,-11,-18,-19,-9,0,sil
2.099159002304077,-26,-3,-3,4,7,14,11,-17,-26,-21,-39,-38,-34,-20,sil
2.114691972732544,-26,-8,-8,0,11,12,14,-11,-13,-1,-29,-31,-30,-12,sil
2.114691972732544,-6,-10,-6,-6,7,5,22,16,24,30,-15,-9,-8,17,sil
2.130781888961792,3,-7,-10,-5,-12,-13,7,25,30,29,-9,0,-9,17,sil
2.130781888961792,3,-8,-13,-3,-12,-27,-7,14,16,11,0,4,-15,6,sil
2.14601469039917,2,-8,-2,-11,-1,-27,-10,8,10,8,0,14,0,14,sil
2.14601469039917,9,5,1,0,-2,-28,-20,-6,-6,0,1,13,0,9,sil
2.1616547107696533,16,20,7,10,0,-24,-29,-29,-32,-27,10,5,-21,-16,sil
2.1616547107696533,5,22,10,3,0,-9,-17,-29,-32,-36,5,-3,-34,-22,sil
2.1767561435699463,-7,14,6,12,-2,11,0,-6,-8,-4,1,-5,-37,-1,sil
2.1767561435699463,-3,0,6,19,6,30,20,18,22,30,3,0,-32,15,sil
2.192725896835327,1,-7,-6,-8,4,28,21,20,40,28,-2,2,10,9,sil
2.192725896835327,2,-3,-13,-30,-10,3,-8,0,14,1,4,14,65,0,sil
2.2080323696136475,1,0,1,-13,-6,-6,-21,-11,-20,-9,27,23,62,-3,sil
2.2080323696136475,-4,3,12,5,3,10,0,-8,-20,-6,15,10,19,-9,sil
2.224092960357666,-1,9,11,13,3,24,18,4,-3,1,-1,-3,1,-5,sil
2.224092960357666,9,5,5,19,2,9,27,24,11,24,4,-6,16,15,sil
2.240155935287476,15,-11,0,7,1,-6,20,29,28,28,9,8,28,26,sil
2.240155935287476,14,-17,-10,-16,3,-11,0,9,23,0,12,16,24,5,sil
2.255948781967163,0,-5,-18,-20,1,-16,-19,-9,-3,-23,9,-5,-4,-21,sil
2.255948781967163,-24,3,-9,-4,-5,-16,-25,-14,-22,-28,-17,-29,-35,-29,sil
2.2711100578308105,-22,1,-2,10,-6,0,-7,-13,-14,-20,-26,-25,-29,-21,hello
2.2711100578308105,-7,-4,-1,10,1,16,14,-3,7,0,0,-12,-2,-1,hello
2.2872474193573,-5,-12,-1,1,1,16,13,10,20,26,0,-8,6,17,hello
2.2872474193573,-4,-15,-6,-9,-3,2,0,10,8,24,-13,0,9,16,hello
2.302802801132202,11,-6,3,-7,-1,-5,-4,2,-9,-1,13,28,31,12,hello
2.302802801132202,31,16,25,17,2,-5,-4,-1,-11,-12,43,42,42,15,hello
2.317876100540161,28,27,27,28,6,-1,-7,-15,-18,-14,19,16,14,1,hello
2.317876100540161,5,14,9,14,9,3,-2,-25,-20,-17,-11,-9,-7,-16,hello
2.3334009647369385,-7,8,6,8,6,10,6,-16,-4,0,-16,-11,-17,-9,hello
2.3334009647369385,-12,6,10,8,2,13,5,-7,-5,10,-22,-13,-42,0,hello
2.3487019538879395,-21,-9,-14,-2,1,6,2,-3,-12,2,-29,-25,-48,-7,hello
2.3487019538879395,-23,-22,-33,-23,-9,-2,3,7,9,5,-22,-19,-22,-6,hello
2.3646769523620605,-5,-17,-16,-30,-18,-7,0,27,35,24,-4,0,-4,8,hello
2.3646769523620605,9,-8,-8,-19,-7,-8,-3,30,32,20,8,9,3,13,hello
2.379833221435547,6,-5,-14,-15,0,-9,-9,7,11,-9,8,10,7,0,hello
2.379833221435547,1,0,-9,-17,-3,-10,-16,-11,-6,-27,0,0,-3,-10,hello
2.395220994949341,0,13,6,-3,0,-7,-11,-12,-22,-25,0,-5,-15,-8,hello
2.395220994949341,3,29,24,17,12,-3,1,-9,-24,-23,6,7,-5,0,hello
2.4109530448913574,6,22,27,30,9,4,11,-8,-12,-6,8,9,1,1,hello
2.4109530448913574,-4,-4,10,18,6,15,16,-3,-5,12,-8,-11,-12,4,hello
2.426975727081299,-18,-19,-10,-9,3,2,14,1,-1,8,-26,-23,-19,5,hello
2.426975727081299,-2,-11,-10,-16,-8,-25,1,7,13,9,-8,0,6,5,hello
2.442691802978516,26,0,12,2,-4,-32,-4,17,22,20,25,33,42,15,hello
2.442691802978516,25,1,7,2,3,-24,-3,16,13,13,26,30,43,16,hello
2.4581458568573,2,-3,-15,-21,-2,-16,-12,-1,2,-9,7,5,23,-3,hello
2.4581458568573,2,-2,-13,-21,-7,0,-13,-12,-6,-20,10,3,13,-16,hello
2.4736993312835693,9,9,5,9,-1,23,0,-7,-14,-11,18,3,8,-12,hello
2.4736993312835693,-3,6,11,24,5,29,3,0,-13,-1,6,-10,-4,-12,hello
2.4897148609161377,-17,0,7,15,5,26,0,0,-8,3,0,-16,-9,-14,hello
2.4897148609161377,-19,3,2,9,0,26,12,-3,0,12,-1,-12,-9,-8,hello
2.505256414413452,-17,2,-4,20,0,19,19,-3,8,16,-16,-15,-19,-3,hello
2.505256414413452,-11,3,-7,26,6,12,11,2,16,16,-22,-8,-14,3,hello
2.520557880401612,-4,0,-4,10,4,18,8,14,27,29,-3,2,3,20,hello
2.5361673831939697,-1,-16,-12,-13,-9,10,6,15,23,19,-5,0,0,22,hello
2.5361673831939697,-2,-21,-22,-26,-15,-16,-11,-2,-4,-20,-28,-8,-15,2,hello
2.5361673831939697,-1,-9,-16,-22,-8,-28,-27,-11,-13,-29,-19,-5,-6,-12,hello
2.5513014793396,14,-1,2,-11,-4,-22,-21,-1,1,-7,17,15,15,-2,hello
2.567110300064087,23,0,16,-14,-2,-17,-11,0,-2,-10,33,29,17,9,hello
2.567110300064087,10,7,9,-11,2,-9,-10,-11,-17,-28,18,11,1,-1,hello
2.58321499824524,0,17,16,9,12,0,-9,-16,-19,-20,7,-5,-6,-13,hello
2.58321499824524,7,21,30,27,16,5,0,-8,-19,4,10,-5,-1,-1,hello
2.5987095832824707,2,13,17,25,7,15,18,-1,-7,19,7,-9,-2,9,hello
2.5987095832824707,-12,-5,-1,10,1,29,25,3,9,18,-3,-9,-7,5,hello
2.614156484603882,-11,-12,-11,0,2,18,22,9,12,21,-12,-3,-5,4,hello
2.614156484603882,-2,-5,-15,-6,0,-8,9,8,8,19,-15,0,2,7,hello
2.630167484283448,0,-6,-13,-13,-4,-23,-9,5,6,4,-11,3,7,0,hello
2.630167484283448,1,-4,-12,-16,-8,-20,-18,4,3,-6,0,10,10,-6,hello
2.645679235458374,5,-3,-11,-13,-3,-16,-13,1,-5,-14,1,15,8,-8,hello
2.645679235458374,0,-6,-15,-20,-2,-23,-11,-3,-14,-23,0,3,0,-18,hello
2.6617579460144043,-6,2,-7,-15,-5,-22,-13,-5,-17,-27,1,-12,-7,-21,hello
2.6617579460144043,-1,13,10,4,0,0,-4,-2,-13,-32,0,-12,-11,-9,hello
2.6778500080108643,6,1,13,0,2,16,10,0,-7,-26,-15,-11,-15,-2,hello
2.6778500080108643,-2,-9,9,-10,-3,12,15,-4,-8,0,-14,-17,-18,0,hello
2.693408966064453,-9,-6,8,17,-1,13,13,-7,-6,21,-5,-15,-13,10,hello
2.693408966064453,1,-4,1,31,0,18,19,2,9,23,-9,-6,-5,15,hello
2.693408966064453,7,-5,-3,7,-8,11,21,17,29,27,0,5,3,16,hello
2.709073543548584,7,-3,-2,4,0,7,4,15,31,32,19,18,18,20,hello
2.724653959274292,11,-1,5,12,12,3,-12,7,18,13,17,28,26,16,hello
2.724653959274292,15,8,10,1,3,-5,-10,11,17,0,19,30,27,6,hello
2.740654945373535,12,25,5,-4,-1,-6,-9,11,23,4,31,28,25,3,hello
2.740654945373535,3,24,9,1,12,-5,-12,-4,7,2,19,15,11,-1,hello
2.7567298412323,-9,14,9,12,7,-8,-8,-24,-16,-2,3,-6,-1,-15,hello
2.7567298412323,-16,13,3,13,2,0,-10,-24,-27,0,1,-16,-5,-16,hello
2.7567298412323,-9,14,9,11,14,8,-6,-9,-14,0,-6,-4,-3,2,hello
2.771945238113404,-1,8,13,19,8,7,9,-1,3,4,-14,-1,-1,12,hello
2.786917209625244,-10,-13,-9,3,-9,9,8,0,4,16,-21,-21,-9,-1,hello
2.786917209625244,-32,-34,-39,-35,-12,5,-1,9,1,10,-32,-40,-22,-17,hello
2.802464008331299,-38,-34,-43,-46,-11,-6,0,17,7,-6,-25,-29,-19,-18,sil
2.802464008331299,-4,-18,-27,-33,-14,-19,-1,13,3,-21,-5,-1,-6,-3,sil
2.817688465118408,23,-5,-6,-31,-10,-23,-6,1,-15,-35,0,10,0,1,sil
2.8180201053619385,8,-2,1,-21,-8,-14,0,-14,-30,-41,1,3,-4,-13,sil
2.8328990936279297,7,6,10,4,-4,0,3,-23,-36,-36,1,1,-13,-14,sil
2.8328990936279297,30,19,30,23,6,9,8,-15,-29,-25,6,13,-8,2,sil
2.8486688137054443,22,7,24,28,15,17,15,-6,-5,0,13,3,0,1,sil
2.8486688137054443,-8,-10,0,25,13,20,14,-5,11,21,0,-13,-12,0,sil
2.8642380237579346,-9,-7,0,16,7,17,12,2,12,15,-13,-3,-16,13,sil
2.8642380237579346,1,-4,-4,10,0,8,8,18,23,16,-2,5,10,16,sil
2.8794162273406982,0,-19,-17,0,-9,-2,0,23,40,34,12,4,31,12,sil
2.8794162273406982,7,-15,-3,-2,-13,-10,-5,25,34,34,17,19,34,20,sil
2.8950555324554443,19,6,1,0,-2,-16,-11,15,13,13,15,22,29,9,sil
2.8950555324554443,0,2,-9,-17,3,-17,-28,-10,-3,-6,14,4,10,-16,sil
2.910627841949463,-4,0,0,-14,-4,-12,-32,-20,-13,-16,15,4,2,-14,sil
2.910627841949463,11,29,26,20,-2,-8,-21,-9,-21,-13,19,17,11,0,sil
2.9266908168792725,5,34,24,23,11,-3,-15,-9,-27,-6,10,8,0,-5,sil
2.9266908168792725,-18,3,2,-4,8,9,-2,-14,-21,0,-10,-11,-22,-9,sil
2.941981792449951,-20,0,1,-5,3,16,9,-2,-4,2,-23,-19,-23,2,sil
2.941981792449951,-2,18,16,16,11,18,18,14,13,10,-14,-12,-8,19,sil
2.95808744430542,2,11,14,17,7,22,33,17,22,20,-6,-4,-1,21,sil
2.95808744430542,-19,-16,-15,-18,-7,16,34,7,13,13,-37,-25,-20,0,sil
2.973439931869507,-30,-22,-33,-45,-17,0,14,2,3,0,-56,-36,-32,-15,sil
2.973439931869507,0,-6,-10,-24,-5,-13,4,5,6,-2,-5,1,1,0,sil
2.9891936779022217,23,0,3,1,4,-15,0,3,3,-7,35,27,34,11,sil
2.9891936779022217,8,-6,-10,-4,-2,-13,-11,-2,0,-11,19,10,24,-1,sil
3.005046844482422,1,-10,-13,-14,-10,-20,-10,-4,4,-2,15,9,17,-9,sil
3.005046844482422,14,-3,-3,0,0,-23,-3,-4,3,-4,27,20,19,-5,sil
3.0206854343414307,9,7,2,8,3,-7,-13,-8,-15,-24,11,8,-1,-10,sil
3.0206854343414307,-8,11,0,11,-2,0,-16,-11,-20,-22,-5,-6,-19,-21,sil
3.0369794368743896,-7,7,0,14,0,0,-5,-13,-6,-3,-3,-4,-12,-17,sil
3.0369794368743896,10,15,16,20,14,14,1,-8,1,1,2,8,-2,0,sil
3.0526418685913086,19,29,25,33,15,20,3,-4,-4,1,5,6,-1,8,sil
3.0526418685913086,0,13,12,29,9,11,2,-6,-23,-5,-9,-11,-18,0,sil
3.0678746700286865,-22,-21,-10,0,-2,13,2,-5,-23,-14,-32,-32,-38,-13,sil
3.0678746700286865,-24,-38,-21,-23,-14,15,8,6,0,5,-31,-31,-27,-7,sil
3.083036184310913,-13,-29,-8,-13,-10,13,17,23,14,30,-14,-11,-1,14,sil
3.083036184310913,-3,-12,-2,0,-1,15,20,27,22,25,-2,0,1,24,sil
3.09822416305542,1,-8,-12,-10,-1,2,5,16,26,7,1,0,1,15,sil
3.09822416305542,8,-8,-6,-16,-3,-17,-10,2,14,-1,17,13,24,8,sil
3.113922595977783,12,2,4,0,0,-14,-14,-6,4,-1,35,27,46,7,sil
3.113922595977783,12,11,10,3,2,-9,-20,-6,5,0,32,27,38,7,sil
3.1290032863616943,22,6,12,-2,0,-16,-20,0,9,8,27,25,26,8,sil
3.1290032863616943,25,0,10,-9,-1,-12,-13,-1,4,10,33,22,22,5,sil
3.145020008087158,5,5,8,-11,-5,-7,-9,-8,-9,0,20,9,8,-3,sil
3.145020008087158,-12,18,11,6,0,-11,0,-8,-18,-7,-5,-7,-7,-15,sil
3.1610753536224365,-13,19,8,18,11,0,8,-5,-8,-6,-23,-16,-23,-16,sil
3.1610753536224365,-5,11,-2,12,8,18,11,0,0,-1,-32,-20,-29,-7,sil
3.177103042602539,-4,6,0,9,0,20,16,6,0,2,-34,-21,-21,1,sil
3.177103042602539,-14,-10,-7,-2,-3,8,21,9,1,7,-37,-22,-16,6,sil
3.192631244659424,-17,-21,-25,-19,-5,0,18,9,10,7,-31,-15,-11,6,sil
3.192631244659424,0,-7,-10,-11,-1,-5,9,11,10,0,0,10,7,8,sil
3.208679676055908,17,0,4,-1,-1,-11,0,6,7,-3,18,20,18,4,sil
3.208679676055908,4,-11,-9,-15,-10,-17,-15,-13,-1,-13,-2,2,-1,-9,sil
3.2242159843444824,-11,-11,-11,-22,-12,-16,-25,-26,-27,-32,-12,-7,-19,-24,sil
3.2242159843444824,-7,1,1,-9,0,-4,-18,-21,-40,-33,17,1,-13,-23,sil
3.2398481369018555,5,13,11,3,13,7,-9,-13,-25,-21,35,9,-4,-10,sil
3.2398481369018555,14,20,25,20,18,13,-1,-4,-4,-10,21,1,-3,0,sil
3.255629777908325,1,10,17,29,10,22,9,-1,-1,1,-1,-14,-11,0,sil
3.255629777908325,-27,-16,-17,7,-8,20,12,0,-4,10,-31,-29,-24,-7,sil
3.270810127258301,-29,-24,-34,-14,-14,0,5,8,9,13,-35,-20,-14,4,sil
3.270810127258301,2,0,-7,-10,2,-7,0,18,27,15,6,16,21,19,sil
3.28594183921814,22,21,14,8,14,0,-2,15,20,16,38,34,38,13,sil
3.28594183921814,11,26,19,23,14,2,0,2,0,9,27,15,19,0,sil
3.301659107208252,6,19,21,32,11,4,6,1,0,10,8,0,5,2,sil
3.301659107208252,9,4,8,23,1,9,18,13,18,25,-2,-4,7,9,sil
3.3171775341033936,-3,-19,-11,-7,-13,0,17,16,20,21,-15,-8,4,10,sil
3.3171775341033936,-12,-35,-24,-28,-16,-13,7,11,17,4,-10,-3,7,2,sil
3.3328003883361816,0,-21,-16,-19,-4,-16,-3,7,22,3,9,10,23,-7,sil
3.3328003883361816,8,1,4,-9,1,-11,-20,-9,3,-3,15,16,21,-13,sil
3.3485090732574463,10,8,10,-5,0,-10,-32,-33,-23,-20,8,4,0,-8,sil
3.3485090732574463,16,15,15,5,1,-8,-26,-30,-26,-15,9,2,-6,5,sil
3.363324880599976,23,29,26,22,2,2,-10,-10,-18,-1,4,6,1,12,sil
3.363324880599976,9,19,21,23,-7,12,4,-7,-22,-5,-18,-3,-10,0,sil
3.379178047180176,-14,-14,-1,-2,-14,12,20,-1,-14,-1,-30,-15,-30,-3,sil
3.395012855529785,-14,-25,-19,-18,-5,12,30,24,22,26,-13,-5,-10,13,sil
3.395012855529785,0,-12,-12,-9,0,12,28,38,42,32,0,11,18,26,sil
3.4098339080810547,-3,-13,-9,-12,-4,1,13,23,27,9,-3,5,8,15,sil
3.4098339080810547,-10,-15,-23,-27,-3,-10,-3,8,13,-5,-4,-7,-4,2,sil
3.4249837398529053,4,-2,-14,-17,7,-10,-9,10,12,-8,10,10,13,7,sil
3.4249837398529053,13,2,-1,1,9,-8,-11,6,3,-13,27,29,17,1,sil
3.4406583309173584,-2,0,-6,-4,7,-14,-23,-19,-20,-26,24,5,-15,-22,sil
3.4406583309173584,-14,9,-2,-6,7,-14,-21,-39,-43,-43,3,-18,-35,-37,sil
3.4571988582611084,-19,18,11,14,1,0,-6,-38,-51,-45,-18,-22,-31,-30,sil
3.4571988582611084,-25,13,12,19,0,4,-10,-31,-52,-34,-25,-24,-34,-23,sil
3.4728667736053467,-16,6,9,11,4,-1,-17,-22,-42,-23,-17,-26,-31,-22,sil
3.4728667736053467,-6,2,13,16,9,8,0,-5,-16,-7,-9,-16,-13,-19,sil
3.488629102706909,-13,-6,4,9,3,22,20,16,10,12,-10,-13,-5,-3,sil
3.488629102706909,-19,-13,-19,-15,-9,10,25,27,35,29,-12,-16,-2,4,sil
3.5047404766082764,-10,-10,-18,-17,-11,0,18,19,34,32,-10,-10,3,0,sil
3.5047404766082764,6,-2,4,0,-4,5,15,12,17,26,0,0,14,10,sil
3.519946575164795,20,-1,8,-4,-3,4,11,13,20,32,10,10,27,32,sil
3.519946575164795,17,-3,0,-12,-6,-6,1,11,24,29,7,16,24,23,sil
3.5357701778411865,12,2,-1,0,-4,-9,-6,5,9,3,3,14,12,2,sil
3.5357701778411865,21,6,-5,4,0,-1,-9,1,6,-9,13,16,16,5,sil
3.551088094711304,35,6,0,7,6,1,-5,3,18,11,19,24,26,21,sil
3.551088094711304,39,17,11,18,5,-3,-4,2,13,23,19,26,31,21,sil
3.567305564880371,39,15,7,16,-2,-15,-14,-5,-1,2,20,21,28,10,sil
3.567305564880371,37,7,8,10,0,-14,-16,-11,-12,-11,19,17,9,-2,sil
3.58286452293396,22,15,25,18,12,0,0,-10,-16,-7,19,12,-6,-14,sil
3.58286452293396,-18,13,19,17,14,11,12,-2,-6,-6,7,1,-7,-12,sil
3.598135232925415,-58,-7,-3,4,2,14,11,2,4,-4,-15,-10,-10,-2,sil
3.598135232925415,-56,-18,-4,1,-3,13,6,1,10,9,-20,-12,-7,2,sil
3.6136534214019775,-25,-13,0,3,0,11,6,7,22,25,-8,-3,8,12,sil
3.6136534214019775,-5,-17,-6,-7,1,6,9,18,25,22,-3,0,11,21,sil
3.628814697265625,-8,-27,-17,-26,-8,-9,1,8,6,0,-5,-5,0,9,sil
3.628814697265625,-17,-20,-23,-34,-17,-19,-4,-8,-11,-23,-3,-8,-8,-9,sil
3.643912553787232,-12,-7,-24,-30,-7,-8,0,-5,-13,-27,-4,-10,-13,-17,sil
3.643912553787232,4,-4,-19,-24,0,-6,-9,-2,-20,-30,-8,-10,-17,-17,sil
3.659098863601685,8,5,1,-12,-3,-17,-23,-17,-35,-40,-1,0,-15,-14,sil
3.659098863601685,5,25,14,10,0,-9,-13,-29,-42,-32,3,-3,-18,-15,sil
3.674687385559082,7,26,14,25,11,10,-1,-28,-42,-17,-7,-17,-28,-17,sil
3.674687385559082,0,13,18,22,11,19,0,-11,-29,-12,-13,-15,-25,-12,sil
3.689827680587769,-10,4,8,17,0,21,12,6,-3,6,-11,-17,-17,-5,sil
3.689827680587769,-8,-5,-5,5,-4,21,25,14,15,30,-21,-25,-19,-1,sil
3.7059202194213854,-1,-20,-7,-10,-5,18,21,22,32,34,-25,-16,-8,6,sil
3.7059202194213854,4,-23,-9,-17,-5,5,4,23,38,28,-4,2,18,16,sil
3.7210826873779297,7,-15,-10,-18,-3,-15,-19,13,25,17,9,17,23,15,sil
3.7210826873779297,3,-8,-18,-17,-7,-27,-26,4,12,-6,6,12,13,3,sil
3.736786365509033,1,-2,-15,-13,-6,-21,-15,0,5,-23,12,8,15,0,sil
3.736786365509033,15,8,6,-8,2,-19,-7,-2,-1,-10,24,24,22,2,sil
3.7522878646850586,22,22,11,0,4,-25,-3,-7,-2,0,18,22,15,-3,sil
3.7522878646850586,11,27,12,16,9,-12,0,-13,-7,-12,14,13,5,-9,sil
3.7681634426116943,1,26,25,33,21,7,5,-11,-7,-7,18,7,5,-6,sil
3.7681634426116943,-7,17,22,29,13,8,4,-11,-10,0,-5,-11,-7,-8,sil
3.783904790878296,-14,2,9,17,2,16,10,-8,-16,-3,-31,-17,-24,-5,sil
3.783904790878296,-6,-4,5,18,8,35,25,5,1,9,-6,2,-4,10,sil
3.7990567684173584,-6,-13,0,6,6,28,21,14,21,31,13,3,9,17,sil
3.7990567684173584,-8,-18,-8,-9,-5,9,5,5,13,30,-2,-12,-3,9,sil
3.814636707305908,0,-13,-11,-10,-12,2,-2,0,2,17,-7,-5,-3,7,sil
3.814636707305908,4,-16,-13,-13,-16,-9,-6,8,5,0,5,4,10,11,sil
3.829959392547608,7,-12,-11,-11,-12,-14,-6,20,15,1,16,11,24,15,sil
3.829959392547608,20,8,5,0,-2,-8,-7,20,19,15,25,27,33,20,sil
3.84503173828125,25,15,8,6,-1,-18,-15,8,15,11,26,29,31,17,sil
3.84503173828125,17,12,1,2,-1,-26,-14,-2,4,-1,17,14,17,5,sil
3.861051559448242,11,17,10,-2,4,-11,0,-5,-8,-4,11,9,1,-3,sil
3.861051559448242,0,8,11,0,6,3,4,-10,-19,-11,0,-2,-15,-15,sil
3.877328634262085,-21,-4,2,0,8,15,0,-18,-29,-26,-18,-24,-34,-26,sil
3.877328634262085,-27,0,2,6,9,23,14,-19,-28,-18,-24,-26,-34,-23,sil
3.89295506477356,-20,-2,3,9,0,17,18,-15,-19,0,-25,-20,-24,-11,sil
3.89295506477356,-24,-22,-9,-6,-6,8,1,-6,-8,-3,-34,-30,-27,-11,sil
3.908616065979004,-24,-20,-26,-15,-4,6,5,5,14,-2,-32,-31,-22,-9,sil
3.908616065979004,-17,-4,-21,-8,-4,0,15,13,31,10,-20,-9,0,2,sil
3.923754930496216,-14,-9,-21,-15,-7,-4,6,11,18,2,-19,-7,3,-1,sil
3.923754930496216,-9,-14,-32,-28,-7,-10,-7,0,-6,-22,-19,-14,-10,-18,sil
3.938910007476807,1,0,-19,-20,0,-20,-23,-6,-22,-34,2,5,-2,-12,sil
3.938910007476807,15,8,2,-6,3,-19,-29,2,-15,-24,22,23,16,3,sil
3.9546730518341056,26,0,14,-1,0,-10,-19,11,6,-10,26,24,25,9,sil
3.9546730518341056,30,0,20,5,0,-4,-9,4,12,0,30,28,25,14,sil
3.970205307006836,24,16,19,15,12,5,-7,-1,-2,7,30,22,11,8,sil
3.985817432403565,11,16,21,17,13,9,-2,-8,-12,6,21,4,0,0,sil
3.985817432403565,4,6,30,26,0,2,3,-16,-10,5,18,-2,9,5,sil
3.985817432403565,7,10,32,32,-2,10,2,-14,-11,16,11,0,7,10,sil
4.001024961471558,7,11,15,17,-1,18,-2,-6,-13,15,-10,-10,-18,0,sil
4.02282977104187,-6,-2,-8,0,-7,8,2,-6,-8,0,-33,-23,-34,-9,sil
4.02282977104187,-18,-12,-12,0,-4,12,18,0,6,5,-23,-14,-21,-2,sil
4.02282977104187,-10,-5,-6,3,2,24,25,14,27,38,9,0,6,11,sil
4.032867670059204,0,-1,-5,-8,-3,6,21,17,35,43,13,7,17,22,sil
4.049466609954834,0,-5,-11,-20,-11,-7,17,18,27,22,-12,9,7,22,sil
4.049466609954834,0,-3,-12,-19,-5,0,8,21,19,10,-20,7,4,14,sil
4.049466609954834,0,0,-10,-14,0,-13,-5,10,14,-2,-11,5,6,-1,sil
4.065580606460571,-3,0,-16,-10,-2,-37,-13,0,4,-25,-5,5,1,-19,sil
4.065580606460571,-5,8,-7,-7,5,-32,-16,-1,-9,-33,9,11,4,-21,sil
4.081244707107544,1,16,6,-2,17,-17,-13,-8,-21,-26,26,15,8,-14,sil
4.081244707107544,4,14,3,4,12,-19,-12,-25,-29,-24,20,6,-1,-14,sil
4.0968756675720215,1,14,10,16,8,-15,-9,-21,-31,-19,9,-2,-9,-9,sil
4.0968756675720215,7,10,22,26,8,3,8,0,-13,0,11,-7,0,7,sil
4.112056255340576,1,-2,12,16,0,16,19,4,5,10,6,-7,0,11,sil
4.112056255340576,-9,-16,0,-1,-4,18,6,0,7,8,-10,-11,-8,4,sil
4.12801456451416,-6,-17,-5,-2,-4,21,0,7,12,13,-15,-15,-2,7,hello
4.12801456451416,-9,-26,-19,-13,-9,20,3,14,19,13,-11,-16,0,6,hello
4.144658327102661,-20,-37,-31,-25,-8,11,3,12,15,9,-17,-19,-3,-2,hello
4.144658327102661,-7,-21,-19,-9,-5,9,1,8,13,14,-17,-11,7,0,hello
4.158819913864136,10,0,1,1,-6,6,-3,2,9,1,0,13,22,0,hello
4.174007654190064,6,8,10,-2,-4,-2,-8,-3,-6,-19,15,27,15,-10,hello
4.174007654190064,-1,16,18,8,6,1,-8,-12,-23,-10,9,10,-2,-15,hello
4.189170598983765,-5,16,15,21,10,12,-6,-23,-28,2,-12,-19,-29,-19,hello
4.189170598983765,-1,2,1,12,0,5,2,-19,-17,-9,-26,-26,-39,-12,hello
4.204745054244995,17,4,6,6,-2,-4,13,2,3,-6,-8,5,-8,15,hello
4.204745054244995,27,18,9,8,1,-8,5,10,13,14,12,26,22,27,hello
4.220688819885254,11,12,0,1,-2,-16,-8,0,2,3,18,18,20,10,hello
4.220688819885254,2,2,-4,-6,-1,-21,-9,0,-3,-16,15,11,13,4,hello
4.236121892929077,4,7,-1,-13,0,-21,-7,0,-4,-13,11,9,6,3,hello
4.236121892929077,0,7,5,-13,-7,-26,-22,-7,-21,-17,4,-6,-9,-8,hello
4.251513957977295,-7,5,8,-1,-5,-12,-19,-10,-27,-15,-2,-22,-22,-10,hello
4.251513957977295,-17,5,1,9,13,17,11,5,7,13,-12,-16,-18,2,hello
4.267042636871338,-13,-7,-10,2,9,16,21,22,42,30,-11,-3,1,13,hello
4.267042636871338,0,-18,-13,-15,-7,-5,-3,12,26,6,6,7,16,5,hello
4.281973600387573,3,-11,-1,-17,-2,-6,-11,-9,-11,-15,12,6,0,-14,hello
4.281973600387573,0,-4,3,0,4,11,13,-8,-12,-5,-5,-5,-16,-14,hello
4.297823905944824,-1,-8,-1,3,-2,24,26,9,9,14,-14,-6,-10,7,hello
4.297823905944824,-2,-21,-15,-16,-12,17,11,14,17,17,-7,-2,6,14,hello
4.313181400299072,-3,-30,-27,-33,-13,0,-9,3,7,3,-4,1,12,-1,hello
4.313181400299072,-3,-12,-14,-23,0,-4,-13,-9,-7,-8,6,11,3,-13,hello
4.329200029373169,-7,19,12,11,14,8,-2,-11,-11,-5,16,13,3,-14,hello
4.329200029373169,-2,26,27,44,8,20,11,-1,-3,12,11,2,18,-5,hello
4.345023155212402,17,14,28,42,5,23,23,2,0,22,6,5,21,15,hello
4.345023155212402,23,13,18,23,12,21,22,2,5,16,3,12,11,34,hello
4.360723972320557,12,8,4,5,4,5,3,9,18,16,0,10,12,30,hello
4.360723972320557,3,-3,-15,-11,-9,-27,-18,8,14,5,0,0,11,2,hello
4.375890016555786,-21,-2,-25,-17,-10,-40,-31,-9,-15,-33,-6,-17,-17,-33,hello
4.375890016555786,-36,2,-15,0,-2,-11,-13,-10,-23,-38,-15,-27,-37,-38,hello
4.391217470169067,-11,-3,0,9,0,8,25,15,12,4,-8,-11,-16,0,hello
4.391217470169067,18,-4,6,-3,-1,-15,23,26,29,8,-6,14,10,23,hello
4.4068763256073,25,5,6,-9,-2,-38,-10,6,8,-14,3,22,14,10,hello
4.4068763256073,23,18,19,5,4,-25,-14,-10,-3,-5,25,18,7,2,hello
4.422577857971191,11,21,28,25,14,-2,0,-18,-8,1,13,-2,-10,-6,hello
4.422577857971191,-16,0,0,14,13,11,-5,-26,-17,-9,-26,-31,-31,-27,hello
4.438032865524292,-22,-28,-26,-28,1,12,-15,-15,-15,-14,-37,-28,-23,-19,hello
4.438032865524292,2,-17,-16,-36,-6,-3,-13,1,-8,-12,-12,0,3,4,hello
4.453171968460083,11,15,4,6,-4,-8,-12,-7,-21,-17,9,7,4,0,hello
4.453171968460083,-5,4,6,19,0,9,-2,-19,-33,-12,5,-6,-15,-14,hello
4.469106674194336,-20,-28,-9,-7,-6,21,13,0,-11,12,-5,-17,-13,0,hello
4.469106674194336,-23,-25,-17,-15,-9,24,18,18,11,23,-2,-10,1,9,hello
4.483996391296387,-13,-9,-11,0,-2,29,16,15,16,24,7,-1,14,7,hello
4.483996391296387,-3,-8,-9,0,-2,10,1,11,16,30,10,1,21,11,hello
4.500110149383545,0,-10,-13,-22,-8,-24,-26,4,5,11,4,5,15,13,hello
4.500110149383545,16,2,-3,-20,-4,-26,-24,-5,0,-16,8,15,11,4,hello
4.515641927719116,40,28,19,13,7,-4,1,5,11,-10,29,33,23,7,hello
4.515641927719116,27,37,18,25,7,-2,3,17,18,0,32,30,19,9,hello
4.531156063079834,0,27,8,11,-3,0,-3,0,0,-2,15,10,1,-3,hello
4.531156063079834,-1,17,19,14,0,16,8,-14,-10,0,11,8,0,-8,hello
4.54716682434082,0,8,18,21,3,20,17,-5,-3,9,-7,-4,-9,-2,hello
4.54716682434082,-18,-9,0,1,0,13,15,-4,-3,0,-43,-33,-34,-1,hello
4.562755107879639,-29,-22,-8,-18,0,12,20,-6,0,-15,-45,-32,-36,-4,hello
4.562755107879639,-23,-28,-16,-22,-3,4,19,8,15,-14,-28,-13,-20,-9,hello
4.578994512557983,0,-19,-12,-14,-3,-3,12,24,25,5,-11,2,-3,-2,hello
4.578994512557983,29,0,0,0,6,-3,5,19,28,24,19,25,30,12,hello
4.5941479206085205,29,5,6,0,8,-15,-12,0,12,9,34,31,45,13,hello
4.5941479206085205,18,5,10,0,3,-24,-26,-18,-19,-12,17,14,17,0,hello
4.6102259159088135,11,18,16,21,11,-7,-17,-19,-26,-5,10,4,0,-2,hello
4.6102259159088135,-6,15,15,26,16,8,-4,-5,-12,7,8,-1,0,0,hello
4.625760793685913,-20,-8,0,9,4,11,9,2,-4,9,-8,-17,-12,-1,sil
4.625760793685913,-12,-7,-12,2,-2,12,19,0,5,7,-23,-18,-19,-2,sil
4.640854597091675,-6,-5,-19,-4,0,7,10,4,13,10,-19,-6,-11,3,sil
4.640854597091675,-8,-22,-24,-24,-10,-6,-7,6,5,4,-13,-5,-5,4,sil
4.6570117473602295,0,-19,-14,-28,-20,-19,-19,0,-4,-17,-7,0,0,-1,sil
4.6570117473602295,8,4,-6,-13,-8,-29,-23,0,-10,-27,3,8,12,-5,sil
4.672117471694946,0,7,-10,-13,-5,-36,-31,-3,-22,-27,8,2,11,-15,sil
4.672117471694946,-12,0,-6,-11,-14,-25,-35,-20,-31,-33,0,-14,-10,-30,sil
4.687677621841431,-8,11,10,16,0,1,-15,-17,-22,-18,-3,-18,-22,-23,sil
4.70330286026001,0,19,25,34,15,17,9,-2,-8,7,-1,-8,-14,-1,sil
4.70330286026001,-1,3,19,19,0,19,18,-2,-2,6,-1,-10,-10,4,sil
4.70330286026001,-11,-11,2,3,-3,23,33,3,2,5,-5,-17,-16,4,sil
4.718961954116821,-13,-15,-13,-2,8,22,43,20,19,25,-8,-9,-9,12,sil
4.718961954116821,1,-7,-16,-3,3,7,16,15,28,26,1,7,9,20,sil
4.734065771102905,19,7,0,-2,-4,-7,-13,4,15,6,19,22,21,20,sil
4.750286817550659,23,8,2,-7,-4,-19,-10,9,6,0,24,24,20,13,sil
4.750286817550659,14,3,-6,-18,-6,-12,-3,6,7,-9,20,24,20,4,sil
4.766828298568726,7,18,8,-7,7,9,-6,-5,0,-14,27,32,22,3,sil
4.766828298568726,11,35,30,19,21,21,4,-5,0,5,26,26,19,6,sil
4.766828298568726,13,26,28,26,16,29,21,-1,2,21,4,1,6,6,sil
4.782241821289063,1,6,15,19,8,39,25,-1,6,18,-15,-15,-2,2,sil
4.782241821289063,-12,-7,1,14,0,23,20,0,13,23,-19,-15,-5,0,sil
4.79825496673584,-13,-22,-12,-4,-7,-4,9,0,12,24,-13,-12,-4,-1,sil
4.79825496673584,-4,-28,-21,-22,-5,-12,-3,0,6,7,-11,-11,0,0,sil
4.813083648681641,0,-21,-11,-18,-4,-10,-12,1,4,-7,-7,0,4,0,sil
4.828691005706787,0,-19,-10,-18,-10,-23,-14,2,0,-16,2,5,2,-9,sil
4.828691005706787,-6,-14,-17,-23,-13,-37,-23,-2,-8,-24,5,0,0,-23,sil
4.844011545181274,-5,0,-7,-5,-6,-34,-46,-13,-21,-30,-1,-1,-6,-24,sil
4.844011545181274,1,11,9,17,0,-19,-48,-18,-31,-29,-4,-5,-16,-19,sil
4.85971212387085,-4,14,14,19,4,-2,-13,-14,-28,-13,-6,-15,-26,-14,sil
4.85971212387085,-16,4,3,5,2,7,13,-8,-20,0,-15,-21,-32,-9,sil
4.875317096710205,-20,-9,-16,-2,-2,6,14,-2,-16,-7,-29,-21,-36,-4,sil
4.875317096710205,-15,-11,-14,-5,-5,2,25,9,-7,-7,-25,-13,-24,8,sil
4.891016960144043,0,-9,-4,-2,0,5,41,20,13,16,-7,0,2,23,sil
4.891016960144043,5,-12,-5,-5,4,5,23,13,26,23,-3,5,13,15,sil
4.905903100967407,0,-14,-5,-18,1,-3,-2,12,28,12,-7,7,12,9,sil
4.905903100967407,9,-5,1,-22,-2,-5,-5,27,32,21,16,24,32,25,sil
4.921918153762817,23,11,13,-7,-2,3,-10,22,28,21,47,39,50,25,sil
4.921918153762817,16,25,16,7,-2,3,-17,-2,9,-11,32,21,31,1,sil
4.937852382659912,7,28,14,11,0,-2,-9,-14,-15,-41,0,0,0,-11,sil
4.937852382659912,9,25,14,20,8,5,-3,-15,-28,-32,0,3,-8,-10,sil
4.952742338180542,13,23,16,29,2,14,-4,-26,-23,-9,14,9,-4,-8,sil
4.952742338180542,11,17,15,17,-1,14,0,-28,-20,-6,5,0,-5,-6,sil
4.968055725097656,-1,4,2,7,3,17,0,-14,-18,-2,-6,-11,-13,-10,sil
4.968055725097656,-15,-1,-7,10,7,21,-2,0,0,17,-7,-17,-18,-8,sil
4.983239412307739,-14,-9,-7,8,1,18,12,12,20,34,0,-24,-15,1,sil
4.983239412307739,-12,-23,-9,0,-5,14,27,12,23,40,3,-22,-5,5,sil
4.998948335647583,-9,-18,-10,0,0,11,19,7,18,37,0,-5,0,5,sil
4.998948335647583,0,-6,-8,2,6,4,15,6,11,17,-8,0,0,13,sil
5.014074325561523,0,-16,-12,-8,1,-13,10,0,-1,0,-7,-1,0,13,sil
5.014074325561523,-6,-21,-15,-28,-1,-32,-8,-7,-8,-6,0,6,10,0,sil
5.029803276062012,1,-4,-10,-25,-3,-37,-21,-5,-3,-17,4,12,25,-9,sil
5.029803276062012,5,1,-1,-13,-4,-40,-24,0,-6,-27,9,12,23,-2,sil
5.045469522476196,9,1,-3,-9,0,-42,-22,13,-5,-17,9,15,20,5,sil
5.045469522476196,19,16,1,-2,4,-28,-13,17,0,-11,10,15,18,1,sil
5.061372041702271,8,20,15,0,3,-8,-3,1,-6,-19,5,6,-4,-4,sil
5.061372041702271,-23,0,3,-4,-3,1,0,-12,-18,-18,-19,-20,-33,-18,sil
5.076181173324585,-39,-6,-3,-2,-7,18,1,-15,-16,-12,-38,-36,-41,-30,sil
5.076181173324585,-16,4,18,15,1,36,15,-5,-1,3,-20,-16,-26,-13,sil
5.091807842254639,10,9,28,23,9,38,27,12,17,26,2,9,-5,13,sil
5.091807842254639,7,-10,6,2,-1,31,14,16,22,28,-2,5,0,11,sil
5.10694432258606,-5,-25,-11,-10,-10,19,1,9,17,11,-13,-7,0,0,sil
5.10694432258606,0,-8,-6,-5,0,4,9,15,26,6,-1,7,15,14,sil
5.122158527374268,21,3,0,2,2,-5,4,12,26,6,19,28,28,23,sil
5.122158527374268,28,1,-2,3,-7,-14,-19,-10,-2,-6,15,19,14,6,sil
5.137793302536011,11,4,-4,-3,-4,-18,-20,-17,-22,-27,-6,-1,-4,-7,sil
5.137793302536011,0,12,-6,-4,9,-8,-1,-12,-17,-21,0,0,-7,-5,sil
5.153354167938232,5,21,1,11,9,1,-2,-19,-22,-4,27,12,-5,-1,sil
5.153354167938232,4,21,12,23,-3,-2,-13,-20,-29,-7,25,1,-9,-7,sil
5.1689324378967285,-9,8,6,15,-10,0,-5,-10,-17,-4,3,-17,-12,-10,sil
5.1689324378967285,-16,-2,1,3,0,15,7,-1,-7,9,-5,-17,-11,-2,sil
5.184032201766968,-10,-4,1,9,7,12,10,1,-2,14,-8,-12,-11,5,sil
5.184032201766968,-9,-10,-9,8,0,1,4,1,6,12,-16,-16,-5,3,sil
5.199631929397583,-17,-29,-28,-22,-11,-4,-6,4,16,13,-22,-19,4,0,sil
5.215056419372559,-13,-30,-25,-37,-14,-10,-14,11,26,14,-8,-6,18,3,sil
5.215056419372559,10,-6,2,-9,-3,-10,-11,17,22,13,16,20,32,13,sil
5.231062650680542,20,2,6,4,4,-9,-9,9,0,-4,17,27,26,9,sil
5.231062650680542,4,-2,-3,-9,4,-9,-11,-5,-16,-31,3,8,-1,-8,sil
5.231062650680542,0,6,7,-4,4,-2,-2,-6,-14,-24,2,-2,-13,-13,sil
5.247180938720703,4,18,21,12,9,12,9,-1,-10,-1,-3,-4,-5,-6,sil
5.247180938720703,-10,6,14,13,16,22,22,-6,-10,1,-19,-12,-14,-7,sil
5.2626564502716064,-23,-9,-3,2,7,25,40,1,5,15,-26,-23,-26,-6,sil
5.278675556182861,-10,-7,-12,-5,-9,14,40,23,33,35,-12,-9,-5,9,sil
5.278675556182861,12,6,-1,-3,-4,-5,20,28,40,26,13,16,23,22,sil
5.278675556182861,20,12,1,0,3,-15,11,17,23,5,21,23,26,14,sil
5.294232130050659,10,0,-9,-5,0,-12,0,2,4,-4,12,19,19,1,sil
5.294232130050659,14,0,-6,-7,0,-12,-23,-9,-2,-14,21,25,18,0,sil
5.31026816368103,24,22,11,0,7,-17,-33,-17,-16,-29,30,23,10,0,sil
5.31026816368103,17,28,21,6,4,-16,-22,-18,-32,-32,12,6,0,-6,sil
5.32890510559082,6,13,11,7,7,-7,-12,-7,-24,-11,0,-5,0,-6,sil
5.32890510559082,0,9,8,8,12,-3,-14,-5,-17,1,5,-5,-3,-2,sil
5.340913057327271,-16,1,4,9,-1,-7,-13,-22,-21,-11,0,-8,-19,-8,sil
5.356842994689941,-30,-15,-5,1,-13,0,-4,-19,-13,-12,-20,-22,-26,-15,sil
5.356842994689941,-28,-15,-2,0,-6,14,3,0,0,7,-31,-31,-25,-11,sil
5.3718860149383545,-18,-7,3,17,-2,15,9,1,6,18,-24,-25,-24,-5,sil
5.3718860149383545,-5,-11,4,24,-4,9,10,2,11,16,-10,-9,-14,5,sil
5.387934684753418,1,-20,-3,0,-7,8,6,14,11,16,-15,-2,-6,13,sil
5.387934684753418,-3,-23,-16,-21,-13,4,3,7,6,12,-24,-7,-10,2,sil
5.403964042663574,-14,-31,-31,-32,-16,-5,-3,-1,0,0,-19,-12,-11,-11,sil
5.403964042663574,-13,-35,-40,-38,-15,-15,-12,7,2,-11,-10,-10,-1,-8,sil
5.418837308883667,0,-13,-16,-21,-4,-6,-1,20,22,-7,0,10,12,6,sil
5.418837308883667,21,14,15,4,8,15,16,26,36,11,21,28,32,18,sil
5.434936285018921,23,20,11,4,8,12,5,13,18,17,33,29,38,13,sil
5.434936285018921,15,18,6,-2,5,-7,-9,-5,-7,0,29,25,22,3,sil
5.4508092403411865,18,29,25,20,14,5,7,-12,-15,-5,22,21,11,2,sil
5.4508092403411865,14,37,30,37,18,25,15,-18,-18,-4,12,12,7,0,sil
5.46563982963562,0,24,7,8,6,12,-4,-23,-26,-15,0,0,-5,-7,sil
5.46563982963562,-12,2,-4,-14,-3,4,-6,-15,-27,-17,-15,-16,-27,-11,sil
5.480802059173584,-19,-8,-1,-5,-5,15,11,-4,-11,-7,-22,-22,-31,-4,sil
5.480802059173584,-9,-10,-11,0,-7,6,12,5,17,3,-6,-11,-3,9,sil
5.497119903564453,5,-13,-22,-14,-3,-13,-7,9,20,8,14,2,21,8,sil
5.497119903564453,1,-15,-17,-24,-2,-23,-29,-3,-9,1,19,7,16,-9,sil
5.511691331863403,0,1,1,-2,-1,-14,-26,-14,-21,-5,21,3,4,-10,sil
5.511691331863403,8,16,25,29,9,2,-4,-8,-7,3,13,-2,-6,7,sil
5.527843952178955,0,1,9,28,6,0,8,4,8,19,-12,-14,-17,8,sil
5.528227090835571,-5,-7,-12,6,-2,-20,8,21,22,20,-17,-8,-1,7,sil
5.54394793510437,15,2,3,2,4,-38,8,26,24,8,6,16,26,17,sil
5.54394793510437,24,11,16,4,6,-53,0,7,0,-14,15,24,22,2,sil
5.55967903137207,8,10,13,4,1,-44,-2,-12,-26,-34,0,1,-3,-20,sil
5.55967903137207,2,12,15,15,10,0,16,-9,-14,-17,-10,-17,-13,-15,sil
5.57486629486084,-1,4,9,18,15,34,24,2,16,11,-8,-9,-5,-1,sil
5.57486629486084,-17,-16,-3,2,0,37,13,12,24,20,-13,-1,-4,0,sil
5.590022802352905,-26,-27,-17,-12,-15,31,11,14,23,21,-24,-12,-11,7,sil
5.590022802352905,-18,-24,-27,-29,-19,28,6,10,26,18,-21,-14,-10,13,sil
5.606057643890381,-6,-22,-28,-35,-13,26,0,10,27,6,-11,-3,4,8,sil
5.606057643890381,-7,-17,-19,-27,-12,12,-6,6,8,-5,-7,1,6,0,sil
5.621738433837891,-8,-8,-10,-25,-13,-3,-23,-8,-20,-19,-3,1,-5,-11,sil
5.621738433837891,0,5,-2,-16,0,3,-25,-22,-32,-21,6,5,-1,-20,sil
5.636927843093872,0,14,7,-4,8,7,-21,-28,-35,-18,11,5,-2,-24,sil
5.636927843093872,-7,12,8,-4,-1,-12,-29,-31,-46,-32,0,-7,-25,-31,sil
5.653013229370117,-1,14,14,3,-4,-17,-26,-29,-46,-43,-6,-13,-32,-30,sil
5.653013229370117,0,18,25,19,7,7,-5,-17,-25,-16,-1,-4,-13,-11,sil
5.668830156326294,-2,15,13,22,10,17,7,1,-1,23,5,0,0,13,sil
5.668830156326294,6,2,0,21,3,2,14,18,12,37,6,9,8,30,sil
5.684420108795166,16,-7,-1,20,-3,-7,22,24,20,31,6,16,10,25,sil
5.684420108795166,9,-2,0,12,0,0,26,24,34,32,10,9,12,20,sil
5.699545621871948,10,0,0,5,11,5,31,30,48,40,15,12,25,33,sil
5.699545621871948,15,-9,-8,0,6,-4,24,24,33,19,14,20,32,30,sil
5.71562123298645,2,-13,-17,-14,-3,-20,-1,2,0,-18,10,10,21,2,sil
5.71562123298645,1,-3,-11,-16,-2,-29,-19,-8,-9,-21,13,3,13,-10,sil
5.731673955917358,15,12,1,0,5,-25,-10,-8,1,-5,17,10,16,-7,sil
5.731673955917358,18,27,23,15,13,-6,-2,-6,2,-7,22,15,17,-1,sil
5.747908115386963,16,27,36,34,17,10,-5,0,6,0,27,14,16,10,sil
5.747908115386963,5,12,20,38,12,19,0,-2,7,9,6,0,1,7,sil
5.76375675201416,-15,0,1,14,3,26,16,-13,-7,0,-27,-24,-25,-9,sil
5.76375675201416,-18,-13,-6,-7,-10,20,18,-9,-14,-5,-37,-29,-40,-13,sil
5.779435634613037,-11,-24,-14,-22,-23,-4,5,0,-7,-1,-39,-26,-36,-10,sil
5.779435634613037,-19,-27,-29,-32,-22,-21,-4,-2,-10,-5,-46,-32,-33,-11,sil
5.795153856277466,-28,-28,-33,-34,-13,-19,-17,-4,-19,-20,-36,-29,-31,-11,sil
5.795153856277466,-20,-23,-21,-33,-13,-24,-31,-3,-14,-27,-11,-13,-17,-14,sil
5.810688495635986,-4,-2,-10,-27,-13,-26,-32,0,0,-12,7,1,14,-14,sil
5.810688495635986,10,12,0,-5,0,-3,-20,4,7,5,24,23,35,-1,sil
5.826764822006226,18,15,6,10,8,7,-11,2,-4,2,27,23,17,0,sil
5.826764822006226,5,18,15,6,4,4,-11,-5,-19,-12,8,2,-5,-9,sil
5.842783689498901,-10,18,17,7,7,21,2,-6,-11,-13,-5,-6,-3,-3,sil
5.842783689498901,-3,16,14,22,10,40,34,4,3,4,-3,-4,0,12,sil
5.8582305908203125,1,0,13,20,7,32,44,14,13,27,-2,-3,-2,14,sil
5.8582305908203125,-10,-21,-2,-3,4,15,24,12,27,36,-11,-7,-1,11,sil
5.874111890792847,-12,-16,-20,-14,1,4,9,9,32,29,-8,-2,4,12,sil
5.874111890792847,8,-1,-10,-5,2,-4,7,10,23,11,14,16,17,10,sil
5.890026092529297,20,-3,2,-2,3,-14,0,7,12,-4,27,31,25,5,sil
5.890026092529297,17,-1,6,-8,0,-16,-11,-1,-5,-11,18,29,14,0,sil
5.905883550643921,17,12,5,0,4,-12,-7,-7,-13,-11,21,22,6,-6,sil
5.905883550643921,13,20,12,21,10,-1,0,-7,-2,-10,32,17,9,-6,sil
5.921067237854004,5,17,20,28,7,7,-4,-12,-9,-3,14,4,-1,-8,sil
5.921067237854004,2,9,12,23,2,5,-7,-22,-24,0,-15,-11,-18,-15,sil
5.937097787857056,-6,-2,0,11,0,-1,-2,-18,-20,-8,-27,-26,-26,-9,sil
5.937097787857056,-16,-10,-5,3,-6,0,0,4,0,-4,-29,-30,-23,4,sil
5.953215837478638,-10,-10,-10,-4,-6,4,-1,17,20,18,-22,-19,-5,9,sil
5.953215837478638,-2,-16,-15,-23,-8,-9,-3,10,19,19,-11,-6,6,7,sil
5.969045162200928,-7,-17,-21,-25,-15,-23,-12,0,-5,-12,-12,-1,1,3,sil
5.969045162200928,-2,3,-6,-9,-7,-21,-16,-1,-17,-25,-1,11,4,2,sil
5.98396110534668,19,23,18,3,9,-9,1,0,-2,-3,25,21,16,6,hello
5.98396110534668,17,16,21,11,8,2,16,-3,-2,0,14,4,-1,2,hello
5.999945640563965,-8,-1,2,8,-4,9,12,-9,-23,-19,-24,-17,-33,-11,hello
5.999945640563965,-23,-14,-14,-2,-10,17,17,-8,-10,-4,-26,-27,-23,-10,hello
6.0150229930877686,-22,-23,-17,-14,-2,20,24,7,22,27,-1,-12,4,7,hello
6.0150229930877686,-7,-23,-15,-16,0,0,3,21,24,18,11,8,18,14,hello
6.035614490509033,10,-6,-12,-8,-10,-22,-27,9,-3,-13,22,19,28,5,hello
6.035614490509033,15,15,8,5,-2,-13,-28,-3,-13,-14,42,28,34,4,hello
6.035614490509033,19,28,26,21,11,5,-8,-4,0,5,47,32,27,8,hello
6.046130418777466,17,20,18,20,7,8,-5,-10,-5,-1,20,7,3,-3,hello
6.062257289886475,-7,2,-1,6,1,7,-5,-11,-19,-5,-8,-25,-21,-18,hello
6.062257289886475,-25,-6,-12,1,2,16,15,8,4,30,-11,-25,-19,-7,hello
6.07695460319519,-18,-13,-11,-1,0,16,23,18,29,40,-13,-10,-9,1,hello
6.07695460319519,-8,-22,-22,-17,-1,0,-2,4,21,2,-31,-18,-15,-4,hello
6.092987060546875,0,-18,-23,-22,-2,-16,-20,0,9,-9,-28,-17,-10,-6,hello
6.092987060546875,10,-7,-2,-17,-2,-17,-11,3,8,-4,-1,7,10,-1,hello
6.109094858169556,14,7,10,-22,1,-11,0,1,3,-19,6,15,18,-1,hello
6.109094858169556,18,31,22,-6,12,-3,0,-4,-3,-22,-3,11,11,0,hello
6.124903440475464,19,39,33,32,10,2,2,-8,-15,-12,-7,13,0,5,hello
6.124903440475464,2,25,24,32,0,11,9,-13,-28,-16,-12,0,-17,0,hello
6.139978647232056,-12,4,6,3,0,20,16,-9,-20,-8,-23,-21,-27,-7,hello
6.139978647232056,-14,-10,-3,0,0,18,17,1,6,14,-19,-14,-20,0,hello
6.155071973800659,-20,-26,-15,-4,-8,0,7,1,15,15,-8,-1,-14,2,hello
6.155071973800659,-19,-33,-27,-21,-13,-15,-2,0,7,0,-13,-9,-14,-8,hello
6.170230865478516,-3,-17,-19,-19,-1,-9,-5,7,15,2,0,1,5,-7,hello
6.170230865478516,13,4,0,0,15,0,0,12,18,7,38,28,30,10,hello
6.186048030853272,21,14,9,12,8,-12,-2,0,-8,-13,43,29,24,6,hello
6.186048030853272,8,15,16,15,-6,-26,-13,-10,-29,-33,17,10,1,-9,hello
6.201827526092529,0,13,18,28,1,-7,-6,-2,-12,-3,11,0,-1,0,hello
6.201827526092529,8,2,12,36,12,22,17,7,9,36,17,1,4,17,hello
6.216902017593384,10,-11,3,17,0,23,25,6,12,36,6,2,4,11,hello
6.216902017593384,-8,-17,-9,-4,-9,9,8,0,9,21,-1,-5,3,5,hello
6.233027219772339,-11,-13,-15,-14,-8,5,-7,-2,2,11,0,-4,5,8,hello
6.233027219772339,3,-7,-12,-20,-15,-6,-18,0,-4,-2,0,5,9,6,hello
6.249104261398315,5,-2,-9,-23,-19,-28,-26,-1,-14,-21,0,1,10,-6,hello
6.249104261398315,-5,0,-1,-14,-1,-19,-23,-12,-29,-32,1,-11,-1,-19,hello
6.264898300170898,-9,4,5,6,8,12,0,-6,-19,-18,-5,-17,-12,-10,hello
6.264898300170898,-4,0,2,15,2,23,20,7,8,14,-14,-9,-3,16,hello
6.281009912490845,0,-9,-11,-6,0,9,9,6,17,25,-11,-4,5,20,hello
6.281009912490845,0,-3,-17,-22,0,-7,-12,3,10,8,-10,-5,4,0,hello
6.296194791793823,2,7,-7,-6,0,-17,-19,6,12,-7,-7,-1,10,-7,hello
6.296194791793823,9,10,-3,1,2,-6,-13,-5,2,-19,-3,1,4,-15,hello
6.311669588088989,7,20,5,-3,4,11,-4,-25,-25,-31,-5,1,-18,-25,hello
6.311669588088989,3,34,26,6,3,15,9,-21,-23,-20,0,2,-22,-13,hello
6.327104091644287,-2,23,26,21,7,11,16,0,4,7,3,-2,-7,0,hello
6.3431150913238525,-13,1,10,17,10,18,16,15,16,22,-4,-13,-10,0,hello
6.3431150913238525,-9,-3,0,8,2,20,24,21,24,29,-4,-6,-8,4,hello
6.3431150913238525,-2,-9,-6,-2,-6,6,23,24,33,30,4,8,3,17,hello
6.358688354492188,-3,-30,-18,-16,-6,-16,3,21,25,11,3,10,6,15,hello
6.358688354492188,5,-25,-13,-13,-3,-34,-4,8,10,-10,3,11,10,12,hello
6.37470817565918,16,0,3,-12,-7,-45,-8,-4,0,-14,7,21,16,12,hello
6.37470817565918,8,-3,-3,-21,-10,-45,-20,-8,-10,-10,4,12,7,-7,hello
6.3899805545806885,4,-10,-7,-13,2,-26,-21,-10,-15,-14,2,0,-7,-22,hello
6.3899805545806885,8,5,11,10,14,0,-7,-16,-20,-22,5,4,-11,-13,hello
6.406057596206665,-2,12,12,13,0,13,-2,-23,-31,-24,1,-3,-14,-8,hello
6.406057596206665,-24,-7,0,0,-7,21,-2,-26,-37,-17,-13,-28,-26,-13,hello
6.421231508255005,-22,-21,-5,9,-2,33,2,-15,-21,1,-24,-29,-22,-6,hello
6.421231508255005,-6,-6,-2,19,7,43,9,6,13,30,-8,-1,3,11,hello
6.439044713973999,0,8,0,11,12,35,14,23,34,40,10,9,19,17,sil
6.439044713973999,-3,-4,-9,0,0,11,11,13,22,20,1,-1,13,4,sil
6.45270037651062,0,-9,-15,-10,-10,-5,0,1,2,-1,-4,1,18,-1,sil
6.45270037651062,16,16,0,-5,-1,-9,-6,7,0,-8,11,16,28,7,sil
6.467445373535156,21,26,14,10,4,-11,-9,7,0,-11,22,15,18,9,sil
6.483288288116455,12,13,14,3,-1,-13,-10,-3,-8,-12,19,9,4,0,sil
6.483288288116455,6,13,9,-3,0,-11,-7,-7,-7,-7,9,1,1,-6,sil
6.498657703399658,-1,14,9,12,4,0,-3,-8,-12,-2,-10,-15,-15,-8,sil
6.498657703399658,-6,2,3,18,-4,9,8,-6,-15,4,-19,-21,-28,0,sil
6.514087438583374,0,-9,-2,-1,-5,1,18,2,0,16,-3,-1,-2,14,sil
6.514087438583374,5,-16,-3,-17,-2,-11,11,13,17,15,5,12,17,13,sil
6.530012607574463,1,-20,-13,-19,-10,-13,6,17,20,5,-2,2,0,2,sil
6.530012607574463,-9,-21,-21,-25,-11,-13,0,10,19,0,-11,-2,-6,0,sil
6.546119451522827,-6,-12,-12,-21,0,-10,-8,1,11,-3,0,6,5,-5,sil
6.546119451522827,8,10,7,1,3,1,-6,2,0,-9,16,13,1,-6,sil
6.561790704727173,14,24,26,26,6,11,0,2,-3,0,24,18,-1,0,sil
6.561790704727173,3,20,25,33,13,10,-6,-5,-2,12,15,13,7,0,sil
6.577045917510986,-10,15,8,19,9,10,-10,-14,-15,-7,-6,-9,-5,-8,sil
6.577045917510986,-19,2,-8,5,1,15,2,-8,-13,-14,-25,-30,-24,-9,sil
6.592244386672974,-18,-12,-17,1,3,11,11,2,16,21,-24,-25,-5,0,sil
6.592244386672974,-11,-23,-23,-14,2,-1,-3,0,20,15,-18,-12,8,0,sil
6.608160972595215,-3,-24,-34,-36,-8,-12,-17,-11,-5,-29,-17,-9,-6,-10,sil
6.608160972595215,4,-1,-16,-27,-1,-12,-12,-13,-12,-28,-1,-1,-11,-13,sil
6.623664617538452,8,21,15,3,11,-6,-1,-10,-4,0,16,5,-2,-2,sil
6.623664617538452,-1,6,16,17,5,4,6,-9,-9,2,6,-1,-6,3,sil
6.639047861099243,-5,-12,5,5,0,13,12,6,-3,2,-4,-1,-5,11,sil
6.639047861099243,5,-9,2,-7,-7,2,13,23,13,13,3,13,16,22,sil
6.654615163803101,12,-11,-3,-22,-20,-21,-1,9,2,-2,10,20,22,13,sil
6.654615163803101,14,-13,-2,-25,-23,-33,-20,-9,-26,-30,5,14,4,-8,sil
6.669764041900635,14,15,19,8,-10,-15,-10,-8,-23,-24,11,12,0,-8,sil
6.669764041900635,8,33,34,38,5,11,17,5,-3,3,25,16,10,12,sil
6.685847043991089,-2,9,18,24,16,21,27,11,2,22,16,6,6,11,sil
6.685847043991089,-15,-8,-1,1,14,17,19,2,4,24,-15,-16,-8,-10,sil
6.7019548416137695,-18,-8,-10,0,4,13,10,-2,8,14,-30,-28,-17,-15,sil
6.7019548416137695,-8,-8,-17,-1,5,7,2,2,8,5,-20,-20,-12,-3,sil
6.717859745025635,-5,-13,-18,-9,5,0,-3,10,12,7,-13,-7,-3,0,sil
6.718229055404663,0,-5,-13,-2,-7,-11,-11,13,21,10,-3,-2,8,5,sil
6.732861518859863,20,12,1,5,-2,-15,-18,7,18,1,21,14,27,15,sil
6.732861518859863,21,16,7,-1,3,-14,-22,-7,0,-12,26,23,24,2,sil
6.748160600662232,0,3,-6,-9,-11,-16,-26,-20,-22,-24,0,4,-6,-21,sil
6.748160600662232,-8,5,0,3,-9,-3,-21,-23,-25,-20,-3,-6,-18,-22,sil
6.763628959655762,0,17,22,24,17,18,0,-15,-10,1,16,-3,-5,-5,sil
6.763628959655762,4,13,17,19,20,25,17,0,0,14,5,-4,-9,0,sil
6.779736042022705,-3,-3,-4,0,0,19,20,7,3,3,-17,-8,-19,1,sil
6.779736042022705,-10,-14,-6,2,-5,24,23,8,16,6,-6,-6,-6,10,sil
6.795827865600586,3,-7,10,13,5,29,33,22,36,37,15,7,16,25,sil
6.795827865600586,12,0,2,0,5,16,29,27,34,42,2,12,15,22,sil
6.810976982116699,-10,-19,-29,-28,-16,-8,-2,-1,3,-1,-28,-10,-11,-5,sil
6.810976982116699,-24,-31,-33,-40,-29,-30,-29,-15,-17,-35,-25,-12,-15,-16,sil
6.827061891555786,-2,-7,-14,-25,-17,-32,-22,3,-9,-21,6,14,12,2,sil
6.827061891555786,8,9,0,-14,0,-19,-9,5,-4,-11,17,26,19,5,sil
6.842848062515259,7,3,7,-9,5,-14,-13,-6,-10,-19,7,18,8,-7,sil
6.842848062515259,12,10,11,0,2,-17,-18,-8,-18,-21,8,10,4,-7,sil
6.857937335968018,0,20,14,6,2,-11,-18,-12,-31,-22,5,-3,-5,-10,sil
6.857937335968018,-18,16,12,18,10,0,-8,-17,-29,-18,-4,-18,-14,-17,sil
6.873180866241455,-5,8,12,26,13,14,8,-9,-10,2,-4,-12,-7,-5,sil
6.873180866241455,3,-2,5,17,3,15,17,-5,0,12,-6,-17,-7,6,sil
6.8887269496917725,-8,-11,-4,4,0,6,13,-4,-2,2,-15,-26,-14,3,sil
6.8887269496917725,-8,-9,-5,3,1,4,16,5,6,4,-14,-16,-10,2,sil
6.903891563415527,0,-9,-7,4,1,11,27,12,24,21,-6,-4,-2,10,sil
6.903891563415527,0,-10,-8,-5,0,8,18,11,26,26,-6,3,6,15,sil
6.919067621231079,9,-9,-3,-17,-3,-9,0,16,19,18,-4,10,18,12,sil
6.919067621231079,14,-3,-8,-14,-4,-19,-9,14,18,14,4,8,19,5,sil
6.934665679931641,1,6,-6,-11,0,-10,-13,1,8,2,14,10,11,-1,sil
6.934665679931641,1,6,0,-9,-3,-10,-16,-6,-10,-13,16,15,10,-12,sil
6.949849367141724,12,1,4,-4,-5,-20,-18,-9,-21,-19,21,13,13,-15,sil
6.949849367141724,14,12,16,0,6,-7,-12,-5,-18,-11,28,16,10,-2,sil
6.96501898765564,6,26,24,16,13,14,4,0,-1,-2,13,11,-1,3,sil
6.980636119842529,-6,20,23,39,9,18,16,0,12,2,-4,-2,-14,-2,sil
6.980636119842529,-11,5,14,38,6,14,11,-4,8,15,-2,-11,-15,-5,sil
6.996716022491455,-12,-6,0,9,-3,16,5,-5,-6,18,-3,-15,-21,-1,sil
6.996716022491455,-11,-10,-6,0,-10,22,10,-1,-3,4,-19,-15,-29,1,sil
6.996716022491455,-7,-12,-8,0,-3,21,12,7,16,-1,-19,-8,-13,7,sil
7.012836217880249,-9,-17,-14,-16,0,6,0,12,19,4,-12,-5,4,10,sil
7.012836217880249,-4,-9,-20,-16,-5,-3,0,8,16,10,-9,-3,6,8,sil
7.028040647506714,14,1,-14,-3,-1,0,0,9,19,9,0,10,15,9,sil
7.028040647506714,16,-7,-14,-18,2,-5,-19,6,3,-1,3,10,17,3,sil
7.0439982414245605,4,-10,-19,-29,-5,-13,-25,-7,-19,-20,0,1,2,-11,sil
7.0439982414245605,9,5,-8,-18,-9,-6,-13,-13,-23,-35,8,10,0,-14,sil
7.059621572494507,8,1,-6,-15,-7,-6,-15,-8,-19,-33,14,11,9,-10,sil
7.059621572494507,-10,-8,-6,-12,-10,-14,-21,-10,-23,-20,0,-5,4,-16,sil
7.074767827987671,-5,4,16,3,0,-6,-2,-8,-19,-8,3,0,0,-12,sil
7.089910268783569,12,18,28,17,9,4,15,-3,-6,0,17,13,5,5,sil
7.089910268783569,-1,11,17,18,7,0,10,-8,-5,0,2,0,1,11,sil
7.105047702789307,-12,0,7,18,4,0,10,-8,-4,3,-11,-11,-6,8,sil
7.105047702789307,-2,5,5,14,5,12,20,-1,0,5,0,-4,-3,5,sil
7.120858907699585,-8,6,4,9,0,8,11,1,-2,0,0,-8,-6,-1,sil
7.120858907699585,-17,-4,-1,8,-5,0,0,4,0,9,-18,-23,-15,-4,sil
7.135869979858398,-7,-7,-4,4,0,1,8,4,11,27,-23,-19,-17,0,sil
7.135869979858398,-1,-5,-1,4,6,0,15,5,11,25,-12,-6,-11,9,sil
7.15185022354126,-2,-6,0,4,11,-8,12,10,9,20,-6,1,0,16,sil
7.15185022354126,0,-6,-1,-2,11,-8,8,13,17,16,-12,-1,0,9,sil
7.166842699050903,6,-4,0,-9,0,-20,4,17,25,9,-8,-2,0,0,sil
7.166842699050903,9,-1,2,-13,-1,-40,-3,17,22,6,6,10,13,1,sil
7.1828930377960205,10,4,-2,-13,6,-41,-16,5,10,0,12,18,22,3,sil
7.1828930377960205,13,9,-5,-6,-1,-17,-22,-5,3,-8,23,17,20,-1,sil
7.199034214019775,17,9,1,-6,-12,7,-16,-5,-1,-10,44,21,25,-2,sil
7.199034214019775,14,11,5,-7,-4,18,-16,-9,-16,-20,34,20,16,-4,sil
7.215100288391113,3,16,10,1,0,20,-22,-18,-34,-36,7,6,-5,-13,sil
7.215100288391113,-8,9,8,9,-4,28,-10,-18,-36,-33,-5,-12,-21,-20,sil
7.231065273284912,-22,-2,-8,6,-2,37,6,-11,-21,-7,-23,-28,-25,-16,sil
7.231065273284912,-23,-12,-8,4,0,36,10,0,1,10,-26,-16,-20,-2,sil
7.247306823730469,-8,-23,-6,-2,-6,25,11,8,19,15,-6,-2,-2,9,sil
7.247306823730469,-4,-29,-20,-16,-12,9,9,9,20,13,-2,-3,6,13,sil
7.262397050857544,0,-19,-17,-13,-4,-3,0,14,23,18,-4,6,14,14,sil
7.262397050857544,23,2,1,3,3,-8,-6,10,21,16,20,29,26,15,sil
7.277832984924316,29,19,15,7,7,-9,-4,-6,-4,0,34,27,19,7,sil
7.277832984924316,7,17,8,9,10,-4,1,-14,-20,-4,5,-2,-2,-10,sil
7.293925046920776,-6,7,6,19,9,6,8,-13,-15,-1,-19,-20,-19,-16,sil
7.293925046920776,-5,8,14,21,5,9,17,-8,-17,-7,-18,-14,-22,-2,sil
7.309892177581787,-9,5,9,10,2,2,28,-1,-10,-4,-14,-10,-17,0,sil
7.309892177581787,-15,-13,-5,-4,-3,-2,21,5,8,3,-19,-17,-17,-9,sil
7.325408220291138,-13,-19,-11,-9,-10,-12,1,11,13,1,-19,-15,-13,-8,sil
7.325408220291138,-3,-3,-9,-7,-6,-23,-11,17,15,3,-6,1,4,4,sil
7.340600728988647,3,-3,-10,-15,-3,-27,-15,16,20,3,3,11,14,14,sil
7.340600728988647,3,-10,-16,-20,-11,-20,-14,0,5,-12,5,5,5,7,sil
7.35619330406189,0,2,-6,-14,-10,-16,-18,-13,-15,-20,10,2,4,-8,sil
7.35619330406189,6,20,12,-4,0,-18,-21,-9,-17,-12,19,12,10,-7,sil
7.372168064117432,7,25,19,9,15,-5,-11,-7,-16,-17,16,14,2,1,sil
7.372168064117432,-4,17,14,24,22,18,2,-12,-20,-17,0,-1,-11,-1,sil
7.387792110443115,-7,4,8,20,8,23,6,-8,-11,9,-8,-15,-10,-3,sil
7.387792110443115,-2,-2,11,7,-3,17,7,0,-2,19,-3,-11,-2,3,sil
7.402956008911133,-4,-8,5,5,2,17,15,5,6,16,-1,-3,0,7,sil
7.402956008911133,-4,-13,-5,6,7,10,21,17,26,32,-7,0,6,7,sil
7.418645858764648,2,-12,-6,-5,1,-6,7,24,30,37,-1,4,17,11,sil
7.418645858764648,7,-7,-12,-15,-3,-21,-9,12,14,14,7,2,21,10,sil
7.4337158203125,9,-1,-18,-18,-6,-20,-15,0,0,-6,8,2,17,3,sil
7.4337158203125,15,0,-8,-21,-4,-9,-14,-4,-1,-14,13,10,13,-5,sil
7.448895215988159,13,1,5,-11,-5,-1,-11,-7,-1,-15,20,13,5,-7,sil
7.448895215988159,1,9,10,6,-5,4,-4,-6,-2,-14,11,9,-4,-4,sil
7.464314222335815,-3,7,4,9,-1,10,0,-6,-6,-13,-3,-1,-11,-7,sil
7.464314222335815,-8,-9,0,0,-5,4,-2,-12,-21,-20,-16,-14,-24,-14,sil
7.48006534576416,-14,-17,-6,-1,-10,0,3,-20,-30,-25,-28,-20,-35,-15,sil
7.48006534576416,-16,-9,-15,-1,-5,15,16,-15,-13,-7,-25,-14,-24,-9,sil
7.495112657546997,-17,-5,-13,-2,0,24,20,3,7,16,-12,-6,-7,0,sil
7.495112657546997,-12,-9,-10,0,0,13,17,15,17,19,-10,-11,0,7,sil
7.510733127593994,1,-6,-9,0,4,3,7,16,27,13,-9,-8,3,10,sil
7.510733127593994,20,3,0,0,4,-5,-4,15,23,9,6,16,11,4,sil
7.525872468948364,27,16,16,6,4,-11,-8,6,1,2,29,34,25,6,sil
7.525872468948364,22,18,22,4,7,-10,-10,-5,-8,0,41,31,31,12,sil
7.541934251785278,18,17,16,3,2,-12,-17,-6,-2,-1,29,19,23,6,sil
7.541934251785278,14,28,24,15,4,-5,-18,-3,-7,-13,8,15,8,0,sil
7.55730414390564,3,26,34,23,15,7,-4,-1,-12,-6,8,12,0,1,sil
7.55730414390564,-6,13,22,23,12,7,6,0,-2,13,4,-1,-7,0,sil
7.572820663452148,-14,3,5,19,10,3,10,0,0,5,-18,-18,-14,-4,sil
7.572820663452148,-19,-15,-9,9,4,10,14,1,0,-3,-29,-30,-21,-5,sil
7.588688135147095,-24,-32,-23,-9,-12,9,16,0,1,6,-24,-32,-25,-6,sil
7.588688135147095,-20,-23,-26,-19,-7,0,17,1,3,12,-20,-23,-13,-3,sil
7.604098081588745,-5,-12,-24,-11,0,0,17,11,11,9,-8,-11,6,8,sil
7.604098081588745,0,-16,-17,-11,-7,0,12,13,19,3,-1,0,7,15,sil
7.619963884353638,-2,-14,-14,-25,-8,0,5,9,19,0,-4,2,0,13,sil
7.619963884353638,0,-8,-23,-33,-7,-14,-14,-1,3,-13,-4,-4,0,0,sil
7.6360087394714355,-2,-8,-24,-26,-19,-28,-31,-17,-22,-24,-3,-6,-5,-19,sil
7.6360087394714355,-8,-5,-11,-12,-18,-22,-23,-11,-25,-14,5,2,-2,-22,sil
7.65113639831543,1,0,1,-8,-10,-16,-21,-5,-20,-10,19,12,3,-10,sil
7.65113639831543,14,7,4,-1,-7,-16,-28,-19,-25,-21,18,13,1,-9,sil
7.667052984237671,11,18,16,20,5,-2,-13,-15,-16,-9,17,14,4,-5,sil
7.667052984237671,4,26,29,29,21,18,0,0,-2,8,18,9,7,3,sil
7.682017803192139,3,19,18,22,20,22,12,0,-1,12,0,-8,-2,0,sil
7.682017803192139,3,1,13,19,11,14,28,3,13,25,-14,-9,-5,3,sil
7.697235345840454,7,-14,13,8,4,7,22,15,27,31,-10,6,3,17,sil
7.713085889816284,15,-14,1,-11,0,-2,-4,7,7,-1,-5,9,7,15,sil
7.713085889816284,16,0,-1,-12,0,-14,-17,-3,-11,-31,-3,8,7,-1,sil
7.729045867919922,7,16,13,5,2,0,-9,-5,-5,-12,1,7,2,-14,sil
7.729045867919922,-4,17,20,15,7,24,8,-1,6,16,0,0,-9,-7,sil
7.729045867919922,-15,0,0,9,5,23,25,11,24,19,-3,-11,-7,7,sil
7.7441086769104,-13,-15,-18,-9,-2,5,18,18,28,4,0,-6,8,9,sil
7.759666204452515,0,-11,-16,-25,-6,-7,-8,11,9,-5,2,10,16,5,sil
7.759666204452515,8,3,-3,-12,-8,-18,-23,3,-6,-10,10,12,10,0,sil
7.7751624584198,-3,11,6,9,1,-8,-10,0,-7,-10,15,0,2,-3,sil
7.7751624584198,-11,5,6,11,12,15,10,2,4,2,4,-7,-3,2,sil
7.791198492050171,-4,0,0,5,-2,14,8,-3,5,10,-6,0,-7,6,sil
7.791198492050171,3,2,3,13,-17,1,1,-13,-9,9,-2,3,-5,5,sil
7.807213306427002,6,2,10,24,-2,13,24,-3,0,25,3,0,6,17,hello
7.807213306427002,0,-6,1,6,10,21,34,9,18,28,-4,-1,3,20,hello
7.822940349578857,-6,-20,-17,-24,3,-2,2,1,2,-3,-18,-4,-13,0,hello
7.822940349578857,-6,-16,-27,-25,-7,-27,-20,-8,-10,-20,-10,-4,-9,-17,hello
7.838625192642212,0,-5,-21,-14,-13,-31,-22,-10,-11,-24,7,4,3,-15,hello
7.838625192642212,0,2,-13,-17,-11,-34,-26,-14,-27,-42,7,9,0,-16,hello
7.85417366027832,-7,13,0,-11,0,-22,-23,-13,-39,-37,-3,0,-10,-21,hello
7.85417366027832,-10,17,8,10,11,5,2,-7,-26,-8,-3,-14,-16,-19,hello
7.869841575622559,-7,8,7,23,10,19,22,-4,0,9,-1,-20,-16,-6,hello
7.869841575622559,-9,-7,4,12,2,17,11,3,12,21,-13,-15,-13,0,hello
7.884936571121216,-9,-18,-3,0,-6,11,0,12,14,25,-15,-13,-7,3,hello
7.884936571121216,0,-16,-8,-4,-2,0,0,13,23,22,2,-5,11,15,hello
7.900212287902832,5,-10,-2,-6,7,-3,-6,10,31,23,11,6,32,19,hello
7.900212287902832,6,-7,-2,-11,0,-5,-23,-3,4,5,0,5,21,0,hello
7.915837287902832,10,0,3,-12,-9,-12,-22,-12,-21,-22,7,6,1,-12,hello
7.915837287902832,16,19,21,4,1,-5,-4,1,-10,-18,24,15,0,-5,hello
7.931104421615601,8,22,20,26,9,13,11,11,-2,-3,3,7,-9,-1,hello
7.931104421615601,-4,-2,6,18,-1,17,23,4,-6,1,-19,-10,-24,0,hello
7.946815729141235,0,-15,-4,-10,-9,6,21,0,6,11,-3,-6,-6,7,hello
7.946815729141235,15,1,-5,-18,-1,-2,8,3,19,1,13,12,21,18,hello
7.962620735168457,19,11,2,-1,0,-3,0,8,13,-16,5,21,27,15,hello
7.962620735168457,15,13,15,7,1,-2,-11,0,0,-16,6,18,15,5,hello
7.977777004241943,12,22,22,9,8,1,-14,-8,-9,-5,16,15,5,2,hello
7.977777004241943,0,15,12,14,10,10,6,-4,-1,12,0,0,0,1,hello
7.993892669677734,-21,-12,-2,7,4,16,19,2,5,24,-21,-16,-9,-1,hello
7.993892669677734,-20,-19,-17,-4,-2,12,14,1,3,12,-17,-13,-15,-1,hello
8.00928783416748,0,-6,-17,-10,0,1,5,0,1,0,0,2,0,-1,hello
8.00928783416748,3,-4,-10,-13,4,-16,-12,2,0,0,11,9,18,-3,hello
8.024420976638794,-1,-1,-8,-11,0,-31,-26,0,-5,-10,14,5,13,-5,hello
8.024420976638794,-2,8,1,1,-6,-23,-22,-10,-17,-21,5,0,-9,-7,hello
8.04510760307312,-3,13,15,20,-3,-7,-8,-7,-14,-6,-2,-5,-19,-9,hello
8.04510760307312,-7,8,10,25,1,0,10,4,5,8,-7,-10,-14,-4,hello
8.04510760307312,-11,-4,-6,3,0,6,24,5,14,2,-19,-14,-17,1,hello
8.055233478546143,-13,-21,-22,-14,-8,2,18,4,19,5,-21,-13,-11,12,hello
8.070452213287354,-13,-26,-24,-22,-14,-10,1,7,25,19,-8,-3,7,12,hello
8.070452213287354,-3,-20,-18,-33,-13,-15,-9,0,15,11,6,2,16,-4,hello
8.086167812347412,8,-9,-4,-26,-3,-2,-10,-5,0,0,25,10,19,-8,hello
8.086167812347412,10,7,12,2,8,4,-13,-13,-14,-3,23,13,12,-3,hello
8.101754188537598,1,21,16,20,8,2,-20,-26,-34,-20,0,-1,-8,-15,hello
8.101754188537598,0,19,20,25,4,16,-6,-16,-42,-29,-2,-8,-17,-19,hello
8.117177486419678,0,11,21,32,16,40,24,3,-19,-5,2,-9,-14,-6,hello
8.117177486419678,-14,0,-5,16,16,36,30,1,0,12,-22,-24,-22,-5,hello
8.133043050765991,-31,-17,-33,-24,-5,12,7,2,0,4,-40,-31,-21,-7,hello
8.133043050765991,-19,-23,-31,-36,-10,1,2,20,12,0,-27,-23,-7,-1,hello
8.148210763931274,2,-13,-16,-18,-4,-2,2,26,27,6,-13,-9,-1,6,hello
8.148576974868774,9,-6,-6,-13,-9,-14,-15,9,17,3,-2,12,5,9,hello
8.16334867477417,18,4,1,-8,-1,-15,-19,-6,1,-13,10,26,21,11,hello
8.16334867477417,35,26,23,12,15,-5,-7,-10,-3,-21,19,29,21,16,hello
8.179021120071411,28,27,34,25,6,0,-4,-5,-8,-5,23,22,10,13,hello
8.179021120071411,9,7,22,24,-4,8,1,-1,-10,8,19,13,3,7,hello
8.195027112960815,10,-2,13,23,0,17,16,1,0,18,8,6,9,15,hello
8.195027112960815,17,0,9,14,1,9,14,6,14,30,4,9,19,25,hello
8.210728883743286,18,3,10,0,1,-4,1,12,16,23,23,27,25,22,hello
8.210728883743286,27,12,15,2,1,-15,-3,6,5,0,42,32,24,9,hello
8.226180076599121,18,20,14,10,-2,-26,-9,-8,-4,-11,25,8,10,-7,hello
8.226180076599121,-8,14,6,7,-3,-30,-13,-9,-1,-7,-2,-6,-5,-12,hello
8.241463899612427,-17,0,1,3,0,-25,-3,-4,0,0,-10,-1,-8,-2,hello
8.257192611694336,-25,-13,-6,-2,1,-22,12,-1,-7,2,-14,-13,-13,-4,hello
8.257192611694336,-36,-25,-31,-19,-8,-32,8,6,-1,2,-30,-34,-21,-15,hello
8.257192611694336,-29,-33,-41,-42,-18,-39,-15,7,7,-5,-25,-21,-11,-15,hello
8.272856712341309,-11,-14,-13,-35,-7,-19,-21,1,5,-11,3,13,4,-10,hello
8.287904500961304,-4,21,7,9,11,18,0,0,1,0,15,10,0,-12,sil
8.287904500961304,-9,27,5,29,19,48,5,-5,-6,0,-2,-14,-21,-20,sil
8.303042650222778,-16,1,0,10,9,58,7,-12,-11,-13,-22,-28,-37,-22,sil
8.303042650222778,-16,-16,-6,-4,-2,51,24,-10,-4,-1,-32,-30,-32,-11,sil
8.31870174407959,-10,-21,-17,-11,-5,35,23,-1,0,15,-34,-27,-16,-2,sil
8.31870174407959,-11,-26,-29,-20,-4,15,0,3,2,3,-27,-23,-8,-9,sil
8.333775043487549,-19,-31,-29,-33,-10,-3,-20,2,6,-16,-15,-10,0,-12,sil
8.333775043487549,-1,-18,-17,-32,-11,-13,-14,0,2,-13,5,7,23,0,sil
8.348936080932617,31,11,2,-2,0,-19,-3,0,-4,-3,33,23,33,11,sil
8.348936080932617,33,30,18,12,5,-19,-12,-9,-13,-14,38,23,17,7,sil
8.36407732963562,15,26,24,18,4,0,-8,-5,-8,-14,19,11,9,9,sil
8.36407732963562,12,23,27,39,16,19,17,7,7,17,9,6,11,21,sil
8.379782915115356,15,14,29,40,17,16,29,4,6,36,1,6,-2,24,sil
8.379782915115356,8,-3,15,9,-1,9,19,1,0,22,-9,3,-11,22,sil
8.39542841911316,8,-10,5,-6,-5,1,12,15,17,15,-8,7,7,31,sil
8.39542841911316,15,-3,-1,-4,-2,-14,4,21,32,20,4,19,24,28,sil
8.411406755447388,13,2,-4,-10,-8,-25,-13,10,15,5,13,23,20,5,sil
8.411406755447388,9,7,0,-11,-5,-27,-25,2,-8,-17,16,16,12,-3,sil
8.42685580253601,6,15,6,1,5,-24,-20,-7,-18,-20,17,11,4,-2,sil
8.42685580253601,0,15,8,13,2,-11,-21,-22,-28,-24,6,3,-11,-14,sil
8.442789793014526,-6,4,5,12,0,0,-21,-27,-37,-34,-10,-14,-25,-27,sil
8.442789793014526,-11,4,8,9,9,3,0,-9,-23,-18,-6,-20,-20,-17,sil
8.457884550094604,-20,0,2,15,6,6,17,6,0,12,0,-15,-14,-9,sil
8.457884550094604,-31,-24,-17,4,-9,8,16,5,9,20,-17,-20,-18,-15,sil
8.473440885543823,-29,-34,-24,-18,-10,7,8,9,15,18,-18,-19,-7,-7,sil
8.473440885543823,-6,-17,-15,-21,-5,0,6,19,25,23,-2,-7,11,8,sil
8.488584995269775,7,-7,-13,-16,-7,-10,1,1,13,5,-5,5,9,3,sil
8.488584995269775,3,-2,-18,-19,-4,-14,-7,-14,-8,-23,-4,13,3,-13,sil
8.504669666290283,5,16,-8,-4,1,-7,-9,-2,-7,-19,13,9,15,-12,sil
8.504669666290283,11,27,16,13,6,10,3,0,2,-3,18,1,12,0,sil
8.52072548866272,1,14,23,14,11,29,12,-8,-2,0,8,0,-9,1,sil
8.52072548866272,-10,1,8,8,8,34,11,-5,-7,4,-8,-9,-22,-6,sil
8.536765336990356,-12,-6,-3,4,0,23,22,4,10,13,-24,-21,-19,-1,sil
8.536765336990356,-5,-16,-10,-3,0,9,23,9,32,21,-7,-13,1,14,sil
8.552005767822266,6,-20,-11,-20,0,-4,0,8,23,18,9,6,22,18,sil
8.552005767822266,12,-21,-16,-28,-14,-24,-18,2,2,0,-6,9,12,7,sil
8.567164897918701,5,-11,-15,-20,-21,-33,-26,-3,-5,-14,-13,2,-4,0,sil
8.567164897918701,5,12,5,-3,0,-18,-27,-3,-6,-15,13,16,8,3,sil
8.583204507827759,21,33,23,16,19,-1,-3,0,-5,-8,36,32,27,8,sil
8.583204507827759,26,35,25,25,16,-6,2,-2,-13,-7,26,25,12,4,sil
8.598430395126343,8,22,22,23,0,-11,-17,-11,-29,-14,0,1,-10,-7,sil
8.598430395126343,-15,2,10,14,-7,0,-12,-11,-32,-17,-16,-16,-19,-15,sil
8.613652229309082,-28,-16,-6,1,-2,11,9,0,-19,-10,-23,-26,-20,-13,sil
8.613652229309082,-19,-18,-4,5,0,11,16,9,0,6,-20,-25,-12,-4,sil
8.628810167312622,-5,-9,4,12,0,9,16,14,17,21,-6,-8,0,5,sil
8.628810167312622,-9,-14,-11,-6,0,7,17,11,24,22,-3,-1,3,7,sil
8.64401388168335,-12,-16,-21,-23,-3,0,5,5,19,13,-5,-2,8,3,sil
8.64401388168335,3,-4,-2,-16,-1,-14,-9,5,12,6,7,6,13,4,sil
8.659645318984985,16,-1,-4,-12,0,-14,-12,0,10,3,13,14,7,3,sil
8.659645318984985,10,-3,-12,-15,0,-1,-4,-6,5,-10,3,8,-2,-2,sil
8.674662828445435,12,9,6,-2,5,4,5,0,1,-21,9,6,0,0,sil
8.674662828445435,15,20,18,16,5,1,9,0,0,-5,18,9,0,0,sil
8.690700769424438,4,12,13,23,2,8,2,-8,-6,5,16,8,-9,-3,sil
8.690700769424438,7,8,12,23,6,22,0,-12,-8,7,10,4,-10,2,sil
8.70671820640564,6,12,13,20,8,23,0,-15,-13,6,-1,-4,-6,6,sil
8.70671820640564,-11,2,6,13,0,20,3,-15,-24,0,-20,-20,-16,0,sil
8.722001314163208,-17,-11,-7,3,-2,22,9,0,-11,-1,-25,-25,-14,0,sil
8.722001314163208,-5,-8,-22,-9,0,10,2,13,11,4,-16,-10,5,4,sil
8.737078428268433,0,-3,-24,-17,-6,-18,-2,13,16,8,-1,6,21,4,sil
8.75184416770935,-1,-3,-11,-16,-7,-36,-6,10,12,8,9,14,24,7,sil
8.75184416770935,-2,-3,-8,-13,0,-30,-18,4,0,-10,6,9,18,2,sil
8.7672278881073,-7,-2,-18,-18,-7,-24,-21,-14,-27,-38,-7,-2,0,-21,sil
8.7672278881073,-15,-4,-9,-19,-17,-26,-16,-25,-40,-33,-8,-6,-13,-34,sil
8.78288745880127,-17,-3,7,-3,-11,-12,-10,-10,-18,-9,1,-9,-12,-25,sil
8.78288745880127,-13,0,9,11,1,16,0,2,0,-4,-7,-18,-19,-16,sil
8.798128366470337,-9,-10,2,3,5,25,12,10,9,4,-24,-23,-25,-8,sil
8.798128366470337,1,-14,1,-9,1,12,11,25,30,23,-6,-7,0,11,sil
8.813630819320679,25,2,8,-7,0,7,7,25,37,16,29,26,33,27,sil
8.813630819320679,37,18,15,3,5,4,6,9,18,7,37,38,34,21,sil
8.829689025878906,25,23,28,17,15,1,9,5,11,19,16,22,14,12,sil
8.829689025878906,6,13,28,24,14,9,19,5,11,21,-1,6,0,11,sil
8.844760179519653,-5,-12,-2,9,0,12,21,-1,3,12,-9,-7,-6,11,sil
8.844760179519653,-4,-21,-20,-11,-5,-2,5,-1,5,9,-6,-10,-4,12,sil
8.859940767288208,12,-2,-10,-15,-4,-23,-10,5,14,5,6,9,15,9,sil
8.859940767288208,21,17,-5,-4,-4,-30,-16,-4,1,-9,19,25,24,0,sil
8.875879764556885,7,24,2,12,3,-17,-11,-17,-17,-19,15,15,1,-9,sil
8.875879764556885,-6,17,12,25,9,-2,-5,-16,-20,-14,3,-4,-20,-8,sil
8.891151428222656,-13,7,4,16,6,7,-4,-17,-25,-10,-1,-10,-21,-8,sil
8.891151428222656,-12,9,-1,6,3,15,2,-16,-23,-10,-2,-7,-14,-8,sil
8.90681767463684,-15,5,2,7,-2,14,7,-5,-7,-3,-10,-12,-13,-5,sil
8.90681767463684,-23,-17,1,-2,-4,8,4,0,-2,6,-25,-23,-17,-7,sil
8.921961307525635,-22,-28,-8,-11,-2,4,7,0,-6,7,-36,-27,-25,-11,sil
8.921961307525635,-20,-22,-15,-11,-8,-4,2,3,-5,-6,-32,-21,-24,-6,sil
8.936996698379517,-16,-26,-17,-20,-11,-10,-9,7,3,-8,-16,-11,-8,4,sil
8.936996698379517,-1,-29,-20,-28,-6,0,-8,17,20,12,-2,1,12,7,sil
8.95177149772644,12,-16,-14,-22,-6,0,-5,24,22,13,6,12,22,6,sil
8.95177149772644,15,0,-8,-11,-2,-4,-10,14,7,-2,14,13,17,4,sil
8.967919111251831,17,13,0,-1,4,4,-11,0,-7,-9,16,12,8,0,sil
8.967919111251831,19,17,8,3,3,14,-10,-8,-14,-15,16,9,7,-10,sil
8.983091354370117,15,18,10,12,7,15,-5,-17,-17,-21,19,7,10,-13,sil
8.983091354370117,14,20,14,19,17,15,-3,-15,-15,-15,17,10,5,-5,sil
8.998775005340576,8,12,10,13,5,2,-12,-11,-12,-8,12,1,-3,-5,sil
8.998775005340576,-5,9,12,7,-9,-3,-10,-13,-10,-7,7,-12,-8,-9,sil
9.01487684249878,-2,17,21,23,0,14,18,-1,4,10,0,-7,-3,1,sil
9.01487684249878,7,11,10,26,5,19,36,11,26,30,-7,0,1,13,sil
9.030694246292114,-5,-9,-2,6,-1,3,25,11,25,21,-6,0,0,8,sil
9.030694246292114,-14,-12,2,8,5,7,23,12,19,14,-4,-1,-1,11,sil
9.04573655128479,-7,-4,6,11,9,17,25,11,22,23,-8,1,0,22,sil
9.04573655128479,-13,-11,-11,-14,-4,-1,10,1,13,15,-16,-1,4,16,sil
9.06099009513855,-19,-15,-23,-23,-10,-28,-3,1,0,7,-11,-1,13,8,sil
9.07671880722046,0,-6,-10,-16,-1,-36,-5,8,1,6,5,12,18,7,sil
9.07671880722046,16,0,-1,-22,-3,-37,-10,11,4,-8,11,18,14,2,sil
9.07671880722046,10,1,-8,-23,-9,-39,-19,4,1,-17,10,10,13,-4,sil
9.092063426971436,6,1,-9,-17,-5,-42,-27,-9,-8,-9,15,6,9,-12,sil
9.108148574829102,14,1,-2,-14,-6,-39,-27,-20,-22,-18,6,6,-7,-15,sil
9.108148574829102,2,11,6,-8,-5,-25,-14,-20,-26,-29,-5,0,-17,-11,sil
9.108148574829102,-8,17,0,0,3,0,-4,-12,-19,-15,2,-10,-11,-11,sil
9.12387228012085,-2,7,1,7,1,18,-7,-4,-18,0,4,-9,-12,-11,sil
9.12387228012085,-2,0,14,18,0,31,-7,-4,-16,-4,-10,-5,-22,-8,sil
9.139315128326416,-8,0,12,24,6,37,0,-2,-7,-9,-9,-9,-20,-4,sil
9.15475869178772,-5,-5,3,14,8,46,8,9,0,0,-3,-7,-11,2,sil
9.15475869178772,-3,-8,0,13,6,50,21,15,16,24,-8,-9,-6,4,sil
9.169936418533323,-2,-5,4,22,7,37,28,12,27,34,-7,-12,-3,2,sil
9.169936418533323,-1,-9,1,14,8,22,26,10,22,24,-7,-7,0,6,sil
9.185163497924805,-3,-17,-16,-10,0,13,22,10,16,11,-23,-10,0,4,sil
9.185163497924805,-2,-16,-16,-25,-7,-4,6,8,13,-1,-27,-11,0,0,sil
9.201172351837158,3,-10,-5,-21,-1,-19,-7,10,11,-6,0,4,12,3,sil
9.201172351837158,8,2,-3,-15,2,-19,-15,5,4,-9,27,25,24,2,sil
9.216705560684204,11,18,8,-4,-1,-20,-27,-10,-17,-25,30,24,16,-4,sil
9.216705560684204,13,20,18,15,-3,-21,-21,-27,-31,-28,20,11,4,-5,sil
9.23267149925232,6,14,20,18,-1,-6,-2,-24,-28,-18,6,7,-3,0,sil
9.23267149925232,-2,4,12,17,3,9,8,-7,-7,1,0,5,-1,4,sil
9.247812509536743,-9,-2,-6,15,1,15,14,6,16,26,0,-1,12,8,sil
9.247812509536743,-10,-4,-11,-3,-5,18,17,12,20,26,-7,-7,5,7,sil
9.263852834701538,-7,-13,-9,-13,-4,13,16,11,10,8,-16,-12,-14,4,sil
9.263852834701538,1,-16,-11,-1,-2,-10,6,7,16,8,-3,-2,0,15,sil
9.279404878616331,18,0,-6,-1,-5,-40,-14,5,20,9,23,19,25,22,sil
9.279404878616331,15,13,0,-15,-7,-47,-37,-12,-3,-7,27,14,11,-3,sil
9.295056819915771,-7,6,-6,-20,-4,-31,-42,-35,-38,-30,0,-10,-21,-33,sil
9.295056819915771,-12,3,-7,-10,-1,-17,-32,-25,-45,-44,-17,-17,-23,-34,sil
9.311021089553831,0,17,6,-1,0,-11,-13,-7,-33,-43,-6,-8,-8,-23,sil
9.311021089553831,-6,12,5,5,5,9,9,0,-15,-16,0,-12,-4,-15,sil
9.326109170913696,-13,-8,-4,10,6,25,23,13,2,9,-15,-15,-8,0,sil
9.326109170913696,-6,-4,5,9,3,21,22,24,4,12,-16,-5,-7,12,sil
9.341677904129028,3,-1,9,12,8,24,26,13,7,22,0,-1,0,13,sil
9.341677904129028,8,-7,3,8,13,28,30,6,22,42,0,0,6,22,sil
9.35679531097412,2,0,-1,2,11,18,29,16,32,46,-5,3,8,26,sil
9.35679531097412,-6,0,-6,4,4,10,22,16,29,35,-1,0,5,14,sil
9.371630668640137,-7,-12,0,0,-5,3,8,6,20,18,-1,6,2,8,sil
9.371630668640137,-1,-14,-6,-18,-9,-9,-1,0,15,5,0,6,7,0,sil
9.387167930603027,0,-8,-14,-29,-6,-17,-14,-4,5,-8,1,5,2,-7,sil
9.387167930603027,1,-8,-2,-17,-5,-11,-20,-5,5,-11,3,14,0,-7,sil
9.402739524841309,5,-10,-2,-6,-13,-19,-18,-1,12,-5,10,13,12,-7,sil
9.402739524841309,6,2,1,-15,-12,-27,-24,1,-3,-18,13,14,12,-11,sil
9.417943954467772,16,25,20,1,3,-9,-19,-1,-14,-25,18,18,10,-9,sil
9.417943954467772,27,35,31,36,9,8,-8,-12,-12,-17,23,14,7,2,sil
9.433884143829346,19,27,28,38,4,8,-6,-16,-22,-19,13,6,-5,4,sil
9.433884143829346,7,19,14,23,7,12,2,-13,-22,-16,3,-2,-2,-1,sil
9.44900131225586,3,12,17,24,4,18,10,-9,-9,-4,0,-7,1,2,sil
9.44900131225586,-8,-3,11,28,0,15,7,-10,-11,-1,-14,-23,-16,0,sil
9.465099334716797,-29,-22,-20,4,-1,11,8,-5,-21,0,-28,-40,-35,-12,sil
9.465099334716797,-30,-26,-33,-27,-6,10,14,12,-3,8,-24,-22,-19,-5,sil
9.480717420578005,-17,-30,-34,-29,-5,1,9,15,21,12,-9,-3,6,5,sil
9.480717420578005,-17,-32,-33,-25,-2,-13,-6,5,8,2,-14,-6,-3,0,sil
9.49678349494934,-16,-16,-26,-24,-2,-16,-10,5,3,5,-12,-8,-11,-4,sil
9.49678349494934,-1,-2,-12,-13,0,-15,-9,4,15,12,10,4,10,2,sil
9.512027263641356,9,5,3,-4,8,-16,-17,-2,-4,-3,20,21,16,1,sil
9.512027263641356,12,16,3,-3,8,-7,-12,-7,-19,-11,18,17,7,-9,sil
9.527236938476562,17,21,9,-1,4,4,0,-6,-9,-9,13,10,0,-8,sil
9.527236938476562,12,16,21,13,3,13,8,-8,-5,-6,0,0,-12,-4,sil
9.54286003112793,-7,0,6,18,0,16,14,-10,-8,0,-25,-25,-22,-7,sil
9.54286003112793,-16,-16,0,-3,-10,17,16,4,-8,0,-41,-27,-23,0,sil
9.558119773864746,-6,-15,0,-4,-8,9,18,19,15,7,-21,-9,0,14,sil
9.558119773864746,5,-9,-6,0,0,-11,2,19,33,11,3,3,17,14,sil
9.57316517829895,11,3,4,-7,0,-16,-13,17,14,2,9,15,24,8,sil
9.57316517829895,12,13,5,1,0,-7,-8,5,0,8,24,18,32,3,sil
9.5888934135437,15,9,10,-3,-7,-17,-8,-7,-3,3,36,24,21,6,sil
9.5888934135437,16,19,24,0,-4,-15,2,-3,2,-6,28,23,7,0,sil
9.60497522354126,5,33,16,33,13,4,26,-1,20,8,17,1,8,-6,sil
9.60497522354126,-1,17,26,23,18,8,13,1,6,9,0,4,-12,15,sil
11.956782817840576,13,34,17,11,2,23,-18,-15,1,-8,39,24,20,-7,sil
11.956782817840576,9,35,28,26,14,42,-5,-14,-9,-4,21,8,3,-3,sil
11.969960927963257,9,23,26,35,21,55,23,-4,-13,3,2,0,-9,10,sil
11.969960927963257,5,12,13,23,19,60,34,2,-5,2,0,7,-6,20,sil
11.986008405685425,0,7,0,12,11,39,27,7,4,6,-1,4,5,17,sil
11.986008405685425,-11,-11,-18,-7,-3,4,7,10,-2,11,-16,-14,3,5,sil
12.001343965530396,-16,-25,-32,-33,-13,-1,-11,10,-2,15,-12,-8,7,0,sil
12.001343965530396,4,-5,-10,-22,-5,0,-7,13,17,12,12,18,20,10,sil
12.016719102859495,19,12,9,2,0,-18,-7,10,10,-1,19,18,19,5,sil
12.016719102859495,9,9,0,0,-6,-30,-20,-8,-18,-12,9,4,7,-11,sil
12.032098293304443,-4,9,0,-1,-2,-14,-15,-15,-18,-12,7,6,0,-12,sil
12.032098293304443,-16,2,-1,0,8,-7,1,-11,-6,-9,0,-7,-19,-13,sil
12.054137468338013,-22,-16,-11,-5,6,-8,0,-10,-16,-7,-27,-34,-40,-22,sil
12.054137468338013,-17,-20,-16,6,0,5,6,-6,-6,10,-30,-41,-26,-18,sil
12.063054323196411,-13,-24,-22,5,-5,4,16,-3,8,17,-26,-32,-11,-5,sil
12.063054323196411,-18,-33,-14,-41,-15,-11,-1,2,-16,-11,-43,-19,-32,1,sil
12.079155206680298,-23,-27,-10,-44,-16,-3,-7,5,-12,-13,-35,-19,-23,-4,sil
12.079155206680298,-13,-24,-27,-22,-18,-1,-5,0,15,9,-6,-17,10,-10,sil
12.095032930374146,11,-11,-10,-35,-15,-19,-15,3,3,1,5,8,14,0,sil
12.11069941520691,28,19,31,-4,6,-11,-10,5,-7,-16,20,26,9,5,sil
12.11069941520691,19,25,44,55,23,16,13,1,1,-9,29,19,11,2,sil
12.126949071884155,5,9,20,62,14,25,29,-1,13,19,22,9,14,7,sil
12.126949071884155,7,3,5,24,1,5,16,2,17,28,7,9,4,20,sil
12.126949071884155,11,7,13,3,2,-7,0,20,13,4,2,23,0,21,sil
12.142417430877686,11,16,6,11,6,-6,0,10,7,-4,25,29,20,5,sil
12.142417430877686,17,24,9,20,3,-13,-13,-12,-4,-8,37,21,25,-2,sil
12.158122301101685,18,27,30,30,0,-4,-9,-6,-5,-1,19,12,3,4,sil
12.158122301101685,5,7,18,25,3,17,17,2,9,22,7,6,-1,16,sil
12.173836469650269,-10,-18,-14,-11,-2,8,8,0,4,20,0,3,-4,17,sil
12.18927764892578,-14,-22,-33,-34,-13,-16,-16,-5,-6,-3,-8,0,-5,0,sil
12.18927764892578,3,-3,-18,-30,-7,-12,-18,-1,-7,-22,-3,1,5,-13,sil
12.18927764892578,9,20,7,-13,5,7,-7,-1,-3,-22,5,3,10,-14,sil
12.204894065856934,-13,14,-1,-1,6,5,-1,-11,-14,-17,-10,-18,-11,-23,sil
12.21993350982666,-28,-15,-19,-15,0,-8,0,-13,-28,-24,-45,-41,-37,-24,sil
12.21993350982666,-16,-17,-17,-20,-1,-4,2,0,-7,-14,-38,-27,-21,-3,sil
12.235657215118408,-5,-4,-12,-8,-2,3,5,13,20,15,-8,-7,3,11,sil
12.235657215118408,-8,-9,-14,-14,-8,0,-1,15,18,24,-8,-8,5,5,sil
12.251296520233154,0,-16,-14,-20,-5,-8,-7,7,14,7,-5,-3,14,-2,sil
12.251296520233154,19,3,-1,-6,5,-12,-13,8,9,-6,20,21,26,0,sil
12.266929388046265,25,28,19,17,15,-6,-13,0,-3,-1,40,27,23,-5,sil
12.266929388046265,14,31,30,33,14,6,-5,-14,-13,-1,23,6,4,-8,sil
12.28278136253357,2,18,18,29,7,17,2,-12,-14,-6,1,-3,-10,-1,sil
12.28278136253357,-5,3,6,15,5,15,8,-5,-9,3,3,-8,-12,0,sil
12.298007011413574,-7,-1,8,6,0,12,12,-4,-1,12,0,-9,-10,0,sil
12.298007011413574,-6,-2,3,9,-9,13,18,-4,3,11,-12,-5,-10,-2,sil
12.313079833984377,-8,-11,-5,4,-8,14,20,-5,0,9,-13,-11,-14,-4,sil
12.313079833984377,-10,-20,-2,-4,-3,17,19,-3,3,14,-6,-17,-10,3,sil
12.32831883430481,-9,-23,-2,-11,-9,6,12,6,15,18,-11,-4,-3,14,sil
12.32831883430481,-2,-16,-4,-11,-11,-8,4,14,10,3,-20,4,-3,13,sil
12.34401798248291,0,-6,-9,-3,0,-2,10,14,12,-6,-16,-5,-1,8,sil
12.34401798248291,-6,-9,-7,-19,0,-5,3,12,8,-8,-19,-2,-5,8,sil
12.359668254852297,-12,-9,1,-28,-7,-27,-17,0,-15,-20,-20,8,-10,0,sil
12.359668254852297,-7,-1,-1,0,-3,-25,-19,-16,-21,-24,0,4,-1,-8,sil
12.374892473220823,10,2,0,10,6,-6,-7,-2,-9,-7,21,15,9,6,sil
12.374892473220823,15,4,0,4,7,-1,0,9,0,7,27,25,17,8,sil
12.39006805419922,3,0,-8,5,1,-4,-4,-2,0,0,14,5,6,-10,sil
12.39006805419922,0,-5,-2,-4,0,1,-6,-2,-2,-7,0,-2,-4,-11,sil
12.405667066574097,7,4,0,0,0,4,0,8,13,14,14,6,18,-3,sil
12.405667066574097,14,17,-1,13,2,-7,-6,6,16,10,27,11,25,7,sil
12.420804977416992,14,15,10,5,0,-8,-15,0,2,-12,21,11,8,12,sil
12.420804977416992,9,13,12,-3,0,-1,-8,-4,1,-2,18,12,11,3,sil
12.436859130859377,7,19,5,0,3,-2,-9,-2,3,13,10,11,5,0,sil
12.436859130859377,8,13,2,8,5,3,-3,-1,3,6,6,1,-3,-2,sil
12.453364372253418,11,-1,0,0,6,12,10,-3,0,-1,0,-7,0,-7,sil
12.453364372253418,3,0,-2,-11,0,4,8,-4,-9,1,-13,-14,-4,-9,sil
12.468659162521362,-6,0,-6,-2,-3,-7,0,-6,-10,-3,-17,-23,-14,-13,sil
12.468659162521362,-2,-5,0,3,0,-3,0,0,-3,-18,-18,-21,-12,-10,sil
12.484115600585938,-5,-6,1,0,1,1,1,0,0,-11,-29,-11,-7,-1,sil
12.484115600585938,-16,-6,-4,-5,-3,-4,-4,-6,-4,0,-22,-12,-5,1,sil
12.499751329421995,-14,-2,0,1,-7,-6,-10,-9,-15,-5,-3,-9,-9,-3,sil
12.499751329421995,-13,1,-2,4,-6,0,-14,-24,-34,-28,-10,-11,-26,-19,sil
12.515775918960571,-18,-1,-5,-6,-3,2,-10,-22,-36,-31,-15,-11,-28,-20,sil
12.515775918960571,-14,1,2,4,3,16,19,15,4,16,11,0,6,2,sil
12.531103610992432,-11,3,0,15,10,28,40,32,31,47,13,1,23,16,sil
12.531103610992432,-19,-9,-4,0,8,26,31,8,9,21,-11,-4,0,8,sil
12.547205924987791,-8,-9,6,7,3,19,26,-3,0,14,-7,0,-2,7,sil
12.547205924987791,15,4,19,26,6,11,25,11,19,34,12,16,17,24,sil
12.562788486480711,19,1,17,12,7,6,17,19,35,31,19,31,28,32,sil
12.562788486480711,4,-17,-5,-11,-6,0,1,6,34,13,13,24,20,22,sil
12.57828450202942,0,-22,-18,-23,-20,-22,-18,-1,15,-5,-3,4,-1,7,sil
12.57828450202942,13,0,-3,-16,-9,-31,-25,3,1,-23,-7,2,-12,-1,sil
12.593423128128052,23,10,-12,1,1,-17,-13,-3,8,-15,12,0,2,-5,sil
12.593423128128052,8,-5,-20,-22,-7,-20,-28,-15,-10,-20,2,-2,-2,-2,sil
12.608859539031982,0,-5,3,-37,-16,-25,-39,-3,-33,-35,-16,3,-16,-7,sil
12.608859539031982,6,10,-28,16,0,-10,-5,-7,1,0,20,-17,17,-31,sil
12.624084234237673,12,6,-15,-2,7,-18,-22,-1,-7,-14,21,6,11,-8,sil
12.624084234237673,17,20,80,-50,0,-18,-50,25,-41,-52,-14,68,-22,19,sil
12.639708042144775,10,36,23,27,7,18,7,-9,13,5,21,5,18,-24,sil
12.639708042144775,-7,7,-52,53,20,22,28,-35,22,22,24,-54,13,-31,sil
12.655310153961182,-8,-3,19,-4,12,15,5,8,-23,-20,-24,-1,-38,14,sil
12.655310153961182,-1,4,26,14,0,26,25,8,3,8,-10,-1,-14,1,sil
12.670956373214722,-9,-6,-21,24,-7,15,23,-17,6,17,-5,-44,-5,-20,sil
12.670956373214722,-20,-16,0,-12,-5,5,0,-5,-34,-16,-36,-25,-43,-6,sil
12.687026977539062,-21,-15,14,-12,-4,9,9,1,-25,-2,-34,-4,-34,0,sil
12.687026977539062,-11,-17,-7,8,-3,11,27,-5,2,26,-11,-9,2,-1,sil
12.702744483947754,-1,-19,-13,11,4,13,27,0,3,30,-4,-9,13,6,sil
12.702744483947754,-5,-16,0,1,7,12,23,19,3,26,-7,-2,12,21,sil
12.718096017837524,-8,-4,2,-2,1,3,15,26,17,30,4,7,32,31,sil
12.718096017837524,8,9,2,1,2,-11,2,17,15,29,26,27,47,30,sil
12.733724594116213,12,9,-16,1,1,-17,-9,-1,10,18,32,18,37,7,sil
12.733724594116213,-5,-7,-25,-26,-11,-22,-33,-9,7,-9,9,2,11,-7,sil
12.748903036117554,1,3,13,-29,-12,-24,-43,5,2,-26,1,27,0,0,sil
12.748903036117554,18,22,10,10,-5,-15,-25,-4,12,-10,23,23,16,-6,sil
12.76437759399414,6,5,-11,-4,-6,-22,-26,-22,0,-23,16,0,3,-18,sil
12.76437759399414,6,7,10,-21,4,-16,-24,-2,-7,-33,9,11,-6,-11,sil
12.779637336730955,14,27,11,19,20,2,-4,2,3,-12,23,11,6,-9,sil
12.779637336730955,0,15,0,12,2,0,-10,-11,-12,-23,-2,-9,-16,-11,sil
12.795700073242188,-3,0,7,-5,-6,5,1,-6,-14,-26,-23,-16,-35,-9,sil
12.81082534790039,4,2,8,10,6,16,23,0,-2,-6,-16,-11,-25,-7,sil
12.81082534790039,-7,0,3,1,1,10,9,-6,-22,-13,-30,-15,-37,-11,sil
12.825989723205566,-11,-3,-3,0,-6,7,10,-11,-9,5,-24,-21,-32,-10,sil
12.825989723205566,2,-4,0,17,1,10,27,4,18,32,0,-10,-5,8,sil
12.841669082641602,-2,-5,7,14,5,13,22,15,8,15,0,1,1,19,sil
12.841669082641602,-7,-6,1,13,1,15,24,10,3,11,-1,0,3,14,sil
12.85687494277954,5,-8,-7,13,2,4,27,8,15,30,3,-2,11,16,sil
12.85687494277954,2,-15,-9,-5,0,-6,6,7,8,18,-6,-5,0,9,sil
12.871958255767822,-5,-14,-5,-10,-4,-2,-2,4,2,3,-13,-3,-3,3,sil
12.871958255767822,3,-5,-4,0,-1,-1,2,2,8,9,2,7,11,10,sil
12.887146949768066,2,-2,-4,0,2,-11,-4,0,4,4,12,8,18,6,sil
12.887146949768066,0,-1,0,-4,0,-5,-15,3,0,0,13,5,19,2,sil
12.902767181396484,3,0,3,-8,-1,8,-7,11,6,13,15,14,33,7,sil
12.902767181396484,-8,-5,-17,-17,-2,2,-4,0,9,15,4,0,30,-6,sil
12.917972087860107,-17,-15,-32,-37,-8,-12,-25,-12,-13,-16,-13,-14,0,-24,sil
12.917972087860107,-6,0,0,-36,-11,-8,-39,-13,-36,-43,-12,3,-20,-20,sil
12.933064222335815,-8,15,5,-7,-2,2,-16,-21,-27,-31,1,0,-7,-25,sil
12.933064222335815,-13,2,-9,-8,-5,-9,-7,-22,-22,-27,1,-12,-5,-23,sil
12.94871711730957,2,3,12,-22,-6,-13,-18,-2,-26,-31,1,17,-15,-1,sil
12.94871711730957,21,18,25,5,6,3,-5,2,0,-11,14,25,-4,2,sil
12.964770555496216,23,17,24,26,6,10,0,-5,13,0,10,4,-3,0,sil
12.964770555496216,13,10,26,25,2,20,4,1,10,11,9,0,-7,4,sil
12.980838775634766,0,8,15,29,8,34,27,11,18,28,12,0,0,16,sil
12.980838775634766,0,8,18,30,8,33,37,8,14,11,-5,0,-5,24,sil
12.996931076049805,3,0,13,38,5,23,33,0,9,7,-16,-10,-5,14,sil
12.996931076049805,-1,-10,2,30,4,10,25,0,4,22,-13,-14,-8,8,sil
13.012778520584106,-4,-11,0,8,1,-4,9,9,0,15,-19,-11,-18,12,sil
13.012778520584106,1,-10,-15,5,0,-20,0,11,11,15,-13,-20,-1,10,sil
13.028056859970093,4,-13,-23,-8,-1,-31,-5,17,19,19,1,-3,19,12,sil
13.028056859970093,7,-14,-21,-28,-9,-41,-7,18,13,9,6,13,19,9,sil
13.043661832809448,0,-9,-29,-27,-5,-52,-10,4,2,0,1,0,13,-5,sil
13.043661832809448,-10,-3,-28,-28,1,-48,-10,6,1,-4,1,1,11,-12,sil
13.062129020690918,-11,-7,-22,-30,-7,-34,-13,3,10,-6,9,12,15,-14,sil
13.062129020690918,-6,-8,-12,-25,-13,-25,-26,-17,-4,-18,1,2,6,-18,sil
13.074636697769163,-3,10,4,-12,3,-2,-26,-22,-22,-23,0,-1,-3,-11,sil
13.074636697769163,2,28,17,6,12,27,-5,-10,-10,-4,20,12,5,-1,sil
13.090683937072754,7,23,15,14,6,35,0,-3,-4,4,24,16,8,-6,sil
13.090683937072754,-2,11,5,5,1,30,-5,-11,-18,-14,0,-5,-14,-19,sil
13.106703996658323,-16,9,4,0,1,31,-1,-19,-21,-31,-12,-16,-27,-23,sil
13.106703996658323,-5,6,14,12,2,32,14,-7,-9,-7,-8,-4,-11,-5,sil
13.122817516326904,2,-1,16,23,2,28,23,1,-3,13,-6,1,-6,8,sil
13.122817516326904,-8,-3,6,15,-1,22,16,-5,-12,-7,-10,-12,-20,0,sil
13.138200521469116,-4,-6,0,5,0,20,14,-1,-8,-10,-10,-18,-15,0,sil
13.138200521469116,9,-10,3,5,3,23,23,13,10,19,-6,4,3,17,sil
13.153381586074827,1,-14,0,0,-3,10,17,12,12,20,-6,12,2,17,sil
13.153381586074827,-5,-15,-4,-9,-15,-7,-5,2,3,0,-7,0,-9,6,sil
13.168623685836792,6,-6,2,-7,-3,-8,-11,4,13,9,2,-5,0,9,sil
13.168623685836792,10,-6,-2,-9,8,-11,-9,12,22,21,12,2,16,10,sil
13.184705972671509,0,-13,-14,-20,1,-25,-14,13,11,9,4,5,13,3,sil
13.184705972671509,-3,-4,-14,-12,-9,-26,-7,7,5,0,-3,-6,6,0,sil
13.199919939041138,1,11,-4,0,-9,-18,-2,-1,3,-7,-1,-5,7,2,sil
13.199919939041138,16,17,8,2,2,-22,-19,-6,-6,-19,12,20,17,5,sil
13.215782642364502,24,15,16,10,6,-23,-21,-4,-12,-16,27,24,20,3,sil
13.215782642364502,4,9,14,18,2,1,4,0,-3,1,11,-5,0,0,sil
13.23110580444336,-10,1,0,13,3,15,22,4,16,17,-10,-20,-15,0,sil
13.23110580444336,-3,-3,-11,-2,-1,-1,5,1,16,9,-11,-7,-6,0,sil
13.247237920761108,0,-1,-11,-19,-10,-13,-15,-10,-15,-16,-3,1,0,-4,sil
13.247237920761108,12,15,2,0,4,0,-6,-7,-23,-16,11,12,9,-3,sil
13.262938499450684,30,38,38,39,25,16,17,5,-2,9,27,27,19,8,sil
13.262938499450684,3,19,32,29,11,13,18,-7,-7,11,4,0,-5,2,sil
13.277968883514404,-48,-26,-22,-11,-14,3,0,-28,-21,-4,-39,-41,-43,-24,sil
13.277968883514404,-46,-34,-33,-16,-4,8,1,-2,3,6,-44,-30,-33,-20,sil
13.293261766433716,-8,-18,-17,-6,9,11,14,20,27,24,-12,0,0,6,sil
13.293261766433716,-5,-25,-25,-27,-6,-4,-3,3,3,1,-2,1,0,4,sil
13.308438777923584,-19,-36,-28,-41,-21,-19,-23,0,-10,-21,-16,-7,-12,-10,sil
13.308438777923584,-10,-22,-20,-25,-9,-15,-12,17,9,-9,-14,0,0,-3,sil
13.324086904525757,2,-1,-7,-8,1,-8,-5,13,11,-2,7,13,17,0,sil
13.324086904525757,10,11,8,7,0,-1,-9,0,1,0,30,18,24,-5,sil
13.339748620986938,25,24,22,19,3,3,-2,-4,1,4,37,24,27,7,sil
13.339748620986938,29,29,22,13,6,3,4,-4,-7,-8,26,27,18,17,sil
13.355427265167236,15,18,10,5,3,-1,-2,-5,-19,-21,16,13,4,3,sil
13.355427265167236,6,8,13,8,3,0,-4,1,-4,-2,18,1,4,-3,sil
13.371202230453491,7,13,17,14,3,10,8,5,13,18,11,-1,4,1,sil
13.371202230453491,1,16,10,13,3,16,4,-7,4,3,-9,-10,-12,-4,sil
13.386736154556274,-7,5,7,7,7,13,-3,-10,-9,-20,-20,-22,-27,-19,sil
13.386736154556274,-12,-2,3,1,0,8,10,0,-1,-5,-21,-29,-26,-16,sil
13.402020931243896,-15,-3,0,-1,-6,4,20,5,2,17,-22,-23,-18,-1,sil
13.417277812957764,-6,1,5,12,6,10,20,0,-3,9,-8,-10,-3,4,sil
13.417277812957764,0,0,6,22,10,17,24,-6,-2,0,2,-4,0,3,sil
13.432663679122925,-2,-8,-4,2,-1,7,18,-6,1,10,-9,-6,-13,6,sil
13.432663679122925,0,-6,-11,-2,0,-5,6,2,6,6,-17,-3,-13,13,sil
13.448975801467896,2,-3,-14,-1,1,-5,-1,4,3,-13,-7,0,0,9,sil
13.448975801467896,-3,-14,-24,-20,-9,-5,-12,-4,-7,-7,-4,-5,5,-1,sil
13.464460134506226,-4,-8,-12,-18,-9,-6,-18,-2,-7,15,-4,0,14,4,hello
13.464460134506226,5,0,9,6,2,-6,-18,11,9,18,6,18,24,26,hello
13.4797785282135,14,0,5,5,2,-16,-19,9,19,11,22,27,25,26,hello
13.4797785282135,14,3,-1,-10,-1,-25,-12,1,13,7,28,28,28,13,hello
13.4952232837677,11,0,-1,-8,-4,-17,0,10,11,13,23,25,28,8,hello
13.4952232837677,6,-21,-9,-12,-12,-8,-1,11,8,15,14,11,14,4,hello
13.511189937591553,-1,-25,-16,-31,-14,-14,-17,-1,-2,-7,3,-1,0,-9,hello
13.511189937591553,-9,-10,-19,-36,-15,-20,-25,-8,-15,-36,-10,-10,-9,-31,hello
13.527191400527954,-16,3,-7,-18,-9,-7,-19,-8,-22,-40,-16,-11,-21,-40,hello
13.527191400527954,-8,18,12,5,5,5,-6,-7,-16,-26,0,0,-13,-24,hello
13.54293966293335,3,23,25,22,15,7,0,-10,-6,-17,11,9,-2,-5,hello
13.54293966293335,-2,18,28,29,18,19,7,-15,-14,-8,-4,-1,-22,-9,hello
13.558889627456663,-13,17,18,36,14,30,20,-17,-24,0,-27,-22,-36,-17,hello
13.558889627456663,-10,11,6,30,6,26,26,-5,-16,9,-20,-21,-24,-1,hello
13.57397723197937,-7,-9,-3,10,2,20,20,10,10,24,1,-7,-4,18,hello
13.57397723197937,-6,-22,-14,-7,-4,9,8,17,37,32,6,0,12,13,hello
13.589633226394652,3,-16,-10,-11,-8,-4,4,15,32,15,0,6,15,1,hello
13.589633226394652,19,-1,0,2,0,-6,9,16,19,0,9,9,9,10,hello
13.604724168777466,24,7,0,5,5,-5,3,18,16,2,13,15,17,16,hello
13.604724168777466,17,10,0,-11,-1,-8,-7,4,-1,-2,0,14,17,5,hello
13.61987829208374,3,9,-1,-11,-1,-2,-7,-20,-27,-26,-7,-7,-11,-9,hello
13.61987829208374,-10,6,4,0,5,3,0,-21,-34,-35,-15,-27,-35,-18,hello
13.635461807250977,-18,0,4,3,5,9,15,1,-11,-2,-31,-26,-27,-10,hello
13.635461807250977,-18,-10,-14,-1,3,17,27,4,15,26,-33,-25,-10,2,hello
13.650657415390016,-18,-25,-19,-15,-1,4,7,-2,13,12,-23,-24,-9,6,hello
13.650657415390016,-20,-24,-18,-22,-9,-11,-10,0,1,2,-1,-13,2,4,hello
13.666762113571169,-10,-8,-17,-12,-2,-11,-10,2,0,3,19,9,21,1,hello
13.666762113571169,15,10,9,-2,1,-12,-22,0,-6,-9,20,30,19,4,hello
13.682113885879517,33,24,25,16,3,-17,-26,-6,0,0,35,35,30,8,hello
13.682113885879517,31,19,12,25,7,-18,-18,-8,8,13,52,40,44,9,hello
13.697940587997437,14,19,23,6,2,-11,-15,0,-9,-2,23,38,13,10,hello
13.697940587997437,-2,15,18,13,0,12,4,1,-4,9,0,0,-10,0,hello
13.713128328323364,-1,-3,-9,32,4,23,30,7,17,32,1,-25,-1,-1,hello
13.713128328323364,0,-12,0,6,-1,8,26,23,11,14,-4,1,4,20,hello
13.729079246520996,-8,-15,-9,-23,-22,-10,1,8,4,0,-3,6,12,12,hello
13.729079246520996,-4,-18,-39,-32,-26,-20,-22,-18,0,-11,9,-7,7,-18,hello
13.745187044143677,8,4,1,-23,-7,-12,-26,-5,-14,-30,11,15,-9,-16,hello
13.745187044143677,15,31,37,12,5,1,-5,8,-1,-11,15,24,0,-3,hello
13.760323762893677,7,17,20,29,4,1,0,-10,4,1,5,-1,0,-7,hello
13.760323762893677,-8,-1,11,5,1,7,0,-13,-10,-15,-25,-20,-33,-5,hello
13.77603816986084,-15,-4,0,1,0,19,17,0,-3,-4,-41,-29,-40,-6,hello
13.77603816986084,-12,-17,-12,0,-1,13,20,0,5,11,-40,-26,-25,-4,hello
13.791676044464111,-9,-29,-13,-14,-2,10,10,2,6,4,-32,-10,-15,10,hello
13.791676044464111,-5,-23,-22,-14,2,13,7,12,17,7,-16,-3,0,9,hello
13.807338953018188,-2,-19,-22,-18,5,-5,-1,12,12,2,-7,-1,14,-5,hello
13.807338953018188,-4,-10,-16,-23,4,-19,-5,5,1,-12,2,6,20,-6,hello
13.822688341140749,2,17,-4,0,12,-8,-2,-2,-8,-12,19,12,22,-3,hello
13.822688341140749,10,30,7,17,12,-8,-14,-9,-31,-13,22,6,11,-9,hello
13.838618755340576,-4,17,2,2,-1,-12,-21,-17,-39,-24,12,-9,-7,-18,hello
13.838618755340576,-18,12,0,-2,2,1,-7,-19,-25,-18,3,-15,-15,-17,hello
13.854034185409546,-7,10,8,13,19,10,9,-11,-18,-1,-2,-8,-12,-1,hello
13.854034185409546,0,-1,8,19,9,5,13,-3,-10,2,-10,-8,-14,10,hello
13.869740962982178,-8,-10,0,6,-13,5,15,3,7,13,-13,-15,-16,6,hello
13.869740962982178,-8,-17,-3,-3,-20,5,15,9,22,28,-8,-10,-6,5,hello
13.884751796722412,9,-18,0,-10,-16,-1,6,18,28,24,1,8,10,18,hello
13.884751796722412,26,-3,5,-8,-13,-8,-4,23,30,15,14,24,29,28,hello
13.900668382644652,29,5,10,0,-3,-8,-14,19,24,16,23,32,34,23,hello
13.900668382644652,26,4,14,6,8,-1,-11,7,18,19,30,35,28,10,hello
13.91616415977478,16,6,8,0,12,0,-3,-3,8,9,30,27,20,-1,hello
13.91616415977478,-4,5,4,-9,2,0,-8,-9,-7,-13,12,8,0,-11,hello
13.931702613830566,-18,2,0,2,-2,12,-6,-6,-2,-13,-5,-13,-20,-17,sil
13.931702613830566,-18,7,0,15,4,19,10,-8,0,4,-7,-20,-21,-19,sil
13.947802543640137,-13,8,5,15,10,19,21,-9,-9,6,-10,-12,-13,-10,sil
13.947802543640137,-6,5,0,12,5,14,19,0,5,0,-15,-9,-3,6,sil
13.962819814682009,-5,-6,-21,-10,-3,-8,2,6,11,-7,-16,-8,2,6,sil
13.962819814682009,-12,-19,-33,-35,-14,-31,-14,0,-12,-23,-11,-5,2,-12,sil
13.978387594223022,-3,-1,-4,-15,-9,-21,-17,-10,-23,-27,-3,0,0,-15,sil
13.99386978149414,14,21,29,24,9,0,-1,-6,-13,-13,-1,2,-7,4,sil
13.99386978149414,10,10,17,28,4,13,15,3,0,11,-7,-7,-8,17,sil
13.99386978149414,-5,-21,-18,-9,-14,0,7,7,6,17,-12,-8,-3,10,sil
14.009230136871338,-4,-26,-28,-35,-20,-30,-26,0,-7,-6,-6,2,-1,0,sil
14.025096654891968,8,6,-2,-8,-6,-26,-35,-10,-22,-23,12,11,1,-3,sil
14.025096654891968,11,28,22,30,14,13,2,-5,-8,-6,21,8,3,2,sil
14.025096654891968,0,5,8,25,23,31,30,0,2,8,0,-5,-5,4,sil
14.040980577468872,-6,-18,-15,-8,7,16,19,0,2,3,-17,-15,-9,1,sil
14.040980577468872,1,-13,-15,-19,-5,0,1,10,13,5,-5,-7,7,2,sil
14.063618183135986,0,-1,-11,-10,-1,-12,-6,5,7,6,7,5,18,-1,sil
14.063618183135986,0,10,0,-3,0,-17,-15,-9,-20,-8,12,14,12,-11,sil
14.072695970535278,13,23,23,8,0,-6,-14,-6,-16,-11,18,17,5,-9,sil
14.072695970535278,6,11,26,16,0,9,-1,-1,6,9,7,2,-3,0,sil
14.087860584259031,-5,-6,8,12,-2,13,12,3,16,24,-10,-10,-7,6,sil
14.087860584259031,0,-4,7,5,4,11,17,17,28,21,-6,0,3,17,sil
14.10319995880127,12,-1,15,-4,13,6,9,24,37,12,11,13,16,19,sil
14.119314908981323,14,-4,5,-13,0,-7,-7,7,16,3,19,12,16,1,sil
14.119314908981323,-5,-5,0,-18,-12,-14,-18,-16,-19,-18,3,1,-5,-21,sil
14.135176420211792,-28,-15,-6,-9,-1,2,-5,-23,-32,-35,-23,-22,-34,-25,sil
14.135176420211792,-24,-17,-12,7,3,22,19,-5,-6,-5,-30,-33,-28,-3,sil
14.1500084400177,-16,-17,-16,0,-1,12,18,12,16,28,-11,-9,-1,8,sil
14.1500084400177,-18,-19,-34,-27,-6,-20,-15,4,0,2,-2,1,4,-7,sil
14.16540789604187,-9,1,-22,-21,-6,-31,-33,-12,-29,-38,-6,-2,-7,-22,sil
14.16540789604187,-3,23,7,11,-2,0,-9,-17,-23,-19,-5,-7,-19,-16,sil
14.180859565734863,-14,9,0,13,0,24,14,-7,1,20,-3,-9,-18,-3,sil
14.180859565734863,-2,-5,-14,-6,3,11,15,13,16,19,2,2,4,13,sil
14.196072101593018,30,6,4,0,6,-7,9,19,18,6,25,26,36,23,sil
14.196072101593018,35,18,23,12,2,-14,-1,-1,0,0,34,27,31,12,sil
14.21163296699524,14,18,19,15,0,-9,-4,-9,-14,-10,9,4,-1,0,sil
14.21163296699524,6,11,9,22,1,2,18,6,5,-1,-12,-10,-8,7,sil
14.227847337722778,9,-4,2,12,-4,-3,20,12,21,18,-8,0,9,16,sil
14.227847337722778,11,-6,0,-10,-11,-22,-9,4,11,16,7,16,21,9,sil
14.243032693862917,22,20,10,-2,4,-13,-17,0,0,0,21,25,23,4,sil
14.243032693862917,25,32,26,25,19,11,0,-3,-5,-3,20,19,12,8,sil
14.25856614112854,2,13,14,29,1,19,3,-8,-7,3,2,-2,-10,1,sil
14.25856614112854,-18,-7,-2,14,-6,18,7,0,5,11,-12,-20,-20,-4,sil
14.274110078811646,-17,-19,-9,1,1,21,12,15,24,20,-18,-19,-7,6,sil
14.274110078811646,-12,-21,-14,-9,0,14,-1,10,21,17,-14,-7,7,12,sil
14.289633989334106,-11,-16,-22,-22,-3,0,-17,-6,-4,-8,-8,-1,4,-6,sil
14.289633989334106,-19,-18,-26,-38,0,-10,-17,-22,-30,-34,-16,-12,-17,-32,sil
14.30565595626831,-27,-20,-14,-41,-5,-17,-23,-31,-44,-48,-24,-20,-34,-39,sil
14.30565595626831,-18,-3,-1,-13,-9,-12,-22,-20,-44,-50,-11,-17,-27,-29,sil
14.321746349334717,-10,3,1,10,6,18,4,5,-19,-13,0,-11,-9,-8,sil
14.321746349334717,-8,-7,4,2,11,37,26,23,18,38,0,0,5,16,sil
14.336940050125122,9,-4,5,0,0,18,20,24,38,40,2,13,19,27,sil
14.336940050125122,28,7,10,12,0,2,9,11,25,7,9,14,19,15,sil
14.352795600891112,28,3,9,6,2,-1,5,0,5,-2,15,16,17,4,sil
14.352795600891112,16,2,-3,-11,-7,-20,-9,-5,-8,-5,22,26,13,0,sil
14.368175745010376,0,11,-5,-10,-12,-30,-23,-15,-21,-24,18,10,2,-10,sil
14.368175745010376,-6,9,8,9,-3,-7,-6,-15,-15,-16,1,-10,-7,-9,sil
14.38368010520935,-4,-1,7,12,0,5,17,10,10,18,-9,-6,-9,5,sil
14.38368010520935,-3,-13,-15,-7,-7,-21,8,21,18,21,-11,-3,-4,5,sil
14.398916721343994,-2,-9,-13,-20,-7,-44,-13,0,0,-15,-2,-8,-1,-9,sil
14.398916721343994,4,11,12,0,10,-28,-6,-8,-10,-27,9,-2,-8,-14,sil
14.415212154388428,4,23,14,30,21,-9,17,3,-1,2,4,-8,-15,-10,sil
14.415212154388428,-6,6,3,23,17,-4,21,6,12,28,-10,-17,-12,-3,sil
14.430861711502075,-11,-9,-7,-2,5,3,7,8,26,26,-11,-8,-5,6,sil
14.430861711502075,-3,-3,-17,-12,-6,2,-8,5,21,8,-2,5,5,10,sil
14.445955753326416,1,12,-2,-5,-8,-3,-22,-8,-2,-7,7,12,16,0,sil
14.445955753326416,3,23,22,12,0,16,-15,-17,-12,-6,18,9,12,0,sil
14.461098194122314,13,23,30,28,8,47,10,-7,-4,10,18,13,6,17,sil
14.461098194122314,16,3,15,20,7,51,26,3,0,29,5,14,7,30,sil
14.477158546447754,-10,-20,-10,-3,-7,32,13,0,-2,21,-13,-8,-1,13,sil
14.477158546447754,-31,-28,-17,-14,-18,14,-1,-3,-5,-2,-26,-24,-14,0,sil
14.492780447006226,-10,-24,-6,-11,-13,3,-1,4,2,2,-15,-6,0,9,sil
14.492780447006226,7,-17,-1,-16,-6,-4,-7,9,4,3,-1,8,15,12,sil
14.507991075515749,2,-11,-8,-19,-6,-12,-11,6,2,-17,-4,7,15,2,sil
14.507991075515749,0,-7,-14,-13,-3,-15,-3,5,14,-9,-2,10,18,0,sil
14.52403163909912,7,0,-4,-10,3,-13,-7,5,17,4,8,19,19,0,sil
14.52403163909912,18,11,7,4,10,-4,-13,3,0,-7,20,21,11,-5,sil
14.539707660675049,27,20,9,19,15,0,-8,-3,-12,-16,26,18,9,-6,sil
14.539707660675049,24,22,4,4,10,-6,-11,-13,-19,-17,19,12,4,-10,sil
14.55489945411682,2,18,-2,-6,-1,-19,-10,-12,-21,-29,4,-2,-15,-23,sil
14.55489945411682,-12,8,-3,0,-1,-15,7,-6,-22,-31,-10,-17,-32,-25,sil
14.57089352607727,-8,3,1,13,4,0,21,-7,-25,-14,-16,-22,-29,-12,sil
14.57089352607727,-6,5,5,18,2,8,13,-11,-21,-6,-13,-19,-26,-7,sil
14.586950302124023,-17,0,0,7,0,1,3,-9,-13,-16,-19,-22,-32,-19,sil
14.586950302124023,-21,-12,-6,0,0,-1,8,-2,-3,-6,-25,-30,-23,-21,sil
14.60208225250244,-19,-18,-2,0,-3,1,14,3,3,14,-19,-29,-14,-8,sil
14.60208225250244,-19,-17,-7,-6,-7,2,7,2,9,15,-15,-23,-15,-1,sil
14.617129564285278,-14,-16,-15,-14,-3,4,0,0,16,14,-14,-15,-7,0,sil
14.617129564285278,-6,-16,-10,-11,0,4,1,12,24,27,-4,-2,11,7,sil
14.63268232345581,0,-7,-3,-7,0,-4,1,22,29,29,12,12,27,20,sil
14.63268232345581,7,1,0,-9,4,-8,-2,16,28,29,22,24,33,30,sil
14.648271083831789,6,-2,-1,-9,3,-5,-11,10,23,35,21,22,27,24,sil
14.648271083831789,8,-4,0,-5,-4,-8,-17,6,15,17,20,21,21,17,sil
14.6632080078125,21,8,15,0,-5,-14,-17,3,10,-4,30,30,30,26,sil
14.6789653301239,26,16,17,1,-1,-16,-21,0,2,-4,35,28,34,21,sil
14.6789653301239,8,15,11,-1,-4,-12,-19,-6,-15,-9,22,17,13,-5,sil
14.6789653301239,-1,14,10,-2,-3,3,0,-13,-20,-27,6,5,-12,-20,sil
14.694020748138428,4,16,18,11,7,19,17,-14,-11,-24,0,0,-16,-10,sil
14.709449529647827,8,15,30,25,10,21,14,-13,-17,-7,-4,0,-13,0,sil
14.709449529647827,0,8,20,21,1,25,16,-8,-21,-2,-20,-10,-24,-2,sil
14.72542119026184,-4,-4,-3,16,3,28,24,0,-5,-6,-38,-21,-26,-7,sil
14.72542119026184,0,-15,-10,17,3,12,20,5,5,-1,-32,-12,-7,0,sil
14.74105954170227,1,-11,-3,14,-7,1,13,9,8,12,-13,0,5,11,sil
14.74105954170227,-1,-7,-12,1,-9,5,7,7,12,13,-6,-3,1,11,sil
14.755698919296265,-11,-16,-36,-12,-2,-2,-6,-3,7,0,-12,-12,-4,-2,sil
14.755698919296265,-10,-16,-35,-22,-6,-17,-16,-5,0,-9,-16,-11,-5,-12,sil
14.77092671394348,2,0,-17,-20,-11,-21,-15,5,-1,-13,-1,0,3,-8,sil
14.77092671394348,4,4,-15,-14,0,-22,-23,1,-3,-8,20,15,15,-8,sil
14.786950826644896,0,2,-11,-15,12,-19,-26,-5,-8,-3,28,18,12,-10,sil
14.786950826644896,5,6,0,-12,4,-9,-13,0,-6,-14,20,11,7,-10,sil
14.802754640579224,0,10,4,-5,0,-1,-7,0,-11,-28,13,3,3,-11,sil
14.802754640579224,-10,5,11,-2,9,2,0,-4,-12,-7,13,0,-3,-7,sil
14.81807255744934,-4,5,21,2,11,6,13,-5,-4,20,10,-2,-10,1,sil
14.81807255744934,-2,14,23,11,8,8,11,-9,-14,7,-2,-6,-16,0,sil
14.834033727645874,-4,9,15,15,6,8,10,-6,-19,-8,-11,-14,-15,-10,sil
14.834033727645874,-3,-2,12,10,-1,4,13,0,0,9,-10,-18,-5,-2,sil
14.850300312042236,-1,-8,6,5,-5,5,11,2,16,21,-12,-14,-4,6,sil
14.850300312042236,0,-6,0,8,-2,13,13,8,19,16,-12,-12,-8,5,sil
14.866026878356934,-3,-6,2,9,-2,12,7,13,17,21,-4,-7,-3,8,sil
14.866026878356934,-12,-10,-1,5,-4,0,-7,3,8,20,-4,-9,-3,9,sil
14.881944417953491,-9,-15,-13,4,-6,0,-9,-6,4,7,-14,-14,-10,1,sil
14.881944417953491,-5,-17,-13,-1,-5,5,1,-1,12,2,-13,-7,-6,3,sil
14.897141456604004,-5,-14,-11,-12,-4,-1,3,3,17,0,-2,3,6,12,sil
14.897141456604004,-1,-7,-10,-15,-4,-5,0,8,15,-5,1,6,15,9,sil
14.913159608840942,10,-2,-6,-8,-3,-6,0,14,16,1,5,17,23,11,sil
14.913159608840942,25,6,5,-5,-2,-11,1,10,15,2,18,35,31,19,sil
14.92879343032837,27,13,13,-8,-2,-12,-5,4,3,-10,25,34,28,8,sil
14.92879343032837,15,6,0,-12,3,-7,-12,0,-9,-18,11,14,12,-9,sil
14.944427251815796,8,2,-3,-12,6,-9,-10,-4,-18,-22,1,9,3,-8,sil
14.944427251815796,19,14,11,0,4,-10,-4,-6,-22,-20,11,23,10,2,sil
14.960284233093262,21,25,12,7,9,-1,0,-3,-20,-10,20,26,13,3,sil
14.960284233093262,4,17,5,4,10,2,0,-6,-17,-12,9,7,0,-7,sil
14.97593879699707,-7,10,5,10,0,-2,-5,-12,-9,-7,-3,-13,-12,-15,sil
14.97593879699707,-14,9,8,18,-7,-4,-11,-12,-6,1,-5,-16,-23,-16,sil
14.990956783294678,-21,0,0,12,-3,0,-11,-11,-15,0,-8,-18,-25,-14,sil
14.990956783294678,-17,-2,-2,8,2,1,-3,-14,-23,0,-20,-26,-23,-12,sil
15.006954908370972,-15,4,3,12,5,8,7,-17,-17,-1,-24,-25,-27,-15,sil
15.006954908370972,-22,0,4,16,2,21,19,-9,0,0,-14,-22,-25,-13,sil
15.02165675163269,-19,-14,0,13,-3,27,24,9,12,13,-8,-26,-10,3,sil
15.02165675163269,-6,-14,-7,6,0,21,23,21,24,34,-7,-20,0,18,sil
15.03799605369568,-1,-4,-15,-4,7,14,18,13,33,37,0,0,4,16,sil
15.03799605369568,-7,-14,-18,-19,2,6,3,12,25,19,2,9,6,12,sil
15.053267002105711,-6,-25,-20,-21,-10,-4,-6,18,11,1,-1,0,2,11,sil
15.053267002105711,4,-16,-13,-19,-7,-12,0,11,6,1,0,0,5,8,sil
15.068924903869627,11,-5,-3,-19,1,-13,0,2,2,3,4,15,15,3,sil
15.068924903869627,6,0,-1,-8,-5,-11,-14,-2,-5,-9,4,18,12,-5,sil
15.085039615631104,10,0,0,-9,-9,-11,-24,-13,-18,-28,2,3,2,-12,sil
15.085039615631104,19,-1,0,-17,-7,-16,-15,-12,-12,-20,2,4,7,-5,sil
15.10066533088684,17,7,8,-2,-4,-9,-6,7,9,0,9,22,20,7,sil
15.10066533088684,13,12,12,9,4,0,-4,17,18,6,16,25,21,9,sil
15.115735054016112,16,7,7,4,7,-5,0,8,6,0,12,12,14,2,sil
15.115735054016112,6,10,13,10,5,-4,8,2,0,-8,4,10,3,5,sil
15.13175129890442,-2,9,10,16,7,13,11,0,0,-8,2,2,-6,7,sil
15.13175129890442,-3,-3,-2,1,5,3,0,-8,-12,-9,0,-11,-11,-4,sil
15.146914958953856,-7,-11,-4,-9,0,-19,-14,-14,-19,-16,0,-9,-10,-18,sil
15.146914958953856,-12,0,0,-4,0,-13,-11,-12,-9,-19,1,-5,-6,-21,sil
15.162848234176636,-14,13,5,9,7,4,0,-8,0,-2,-2,-9,-5,-13,sil
15.162848234176636,-6,15,11,32,13,14,12,-1,0,22,-4,-11,-5,0,sil
15.177674770355225,1,14,13,40,10,19,15,-1,-1,20,0,-6,-4,4,sil
15.177674770355225,0,23,14,23,8,17,9,-13,-14,-2,-5,-5,-10,0,sil
15.19314742088318,-7,13,3,7,4,16,7,-16,-16,-1,-21,-9,-17,3,sil
15.19314742088318,-11,-16,-11,0,-4,15,14,0,4,13,-18,-16,-12,8,sil
15.208892822265623,-7,-22,-17,-7,-14,6,15,13,20,17,-5,-18,0,6,sil
15.208892822265623,0,-9,-18,-22,-18,-5,0,13,19,26,-1,-4,5,10,sil
15.224942922592165,1,-16,-15,-29,-14,-16,-17,15,20,27,0,10,5,19,sil
15.224942922592165,1,-20,-12,-22,-9,-22,-17,12,12,-6,0,10,8,9,sil
15.240643501281738,6,-9,-12,-30,-13,-16,-17,0,-8,-35,2,8,13,-5,sil
15.240643501281738,13,-3,-7,-39,-13,-14,-23,-4,-14,-23,11,14,18,-8,sil
15.255785703659058,15,7,13,-8,1,-16,-16,0,-4,-10,12,17,13,-3,sil
15.255785703659058,12,19,31,25,15,3,10,2,1,0,11,13,3,0,sil
15.271026372909546,0,7,14,16,8,29,26,4,11,25,12,0,-1,2,sil
15.271026372909546,-20,-15,-11,-4,0,19,14,-1,0,15,-7,-10,-16,0,sil
15.287086963653564,-21,-22,-17,-1,-3,-5,0,-2,-11,-10,-29,-13,-25,-1,sil
15.287086963653564,0,-13,-8,0,-6,-8,2,7,10,1,-12,-1,-2,3,sil
15.302993535995483,7,-3,-5,-12,-5,-1,-5,4,12,5,13,12,18,-2,sil
15.302993535995483,-4,4,-6,-8,7,-4,-21,-13,-21,-25,17,9,9,-21,sil
15.318019151687622,-1,19,12,10,17,-3,-19,-17,-32,-39,18,6,1,-22,sil
15.33366584777832,15,32,24,29,14,0,-8,-11,-13,-22,21,9,8,-9,sil
15.33366584777832,14,32,11,40,13,1,-2,-14,-9,-3,7,0,1,-10,sil
15.33366584777832,-2,19,3,32,19,11,12,-10,-13,1,-12,-11,-17,-12,sil
15.34873390197754,-7,0,2,15,11,11,28,2,-2,8,-16,-11,-11,0,sil
15.88110327720642,19,15,5,0,-3,-2,-7,2,0,-13,19,16,15,-1,sil
15.88110327720642,16,21,2,10,3,10,-4,-2,-5,-10,20,8,12,-12,sil
15.897257566452026,9,22,9,21,0,7,-9,-18,-23,-20,14,0,-6,-22,sil
15.897257566452026,0,17,17,19,0,7,-13,-22,-34,-31,1,-10,-29,-20,sil
15.912662029266356,-7,11,9,10,2,8,-7,-13,-24,-23,-7,-22,-26,-13,sil
15.912662029266356,-9,5,3,14,0,14,2,-8,-8,0,-12,-26,-14,-10,sil
15.92882776260376,-15,-4,1,17,1,16,5,-8,-8,11,-16,-9,-17,-1,sil
15.92882776260376,-23,-9,-6,8,0,6,4,-1,-12,0,-13,1,-14,10,sil
15.944021463394163,-14,-5,-8,0,-3,0,12,5,1,0,-4,-1,6,15,sil
15.944021463394163,0,-6,-8,-3,0,-2,14,13,27,26,-4,-1,20,14,sil
15.959399938583374,-1,-14,-14,-11,0,-15,3,15,34,24,-5,6,13,9,sil
15.959399938583374,-2,-19,-13,-17,-8,-36,-5,8,19,0,0,9,9,3,sil
15.975062370300291,8,-13,-7,-17,-5,-48,-11,-4,3,-3,7,12,21,0,sil
15.975062370300291,11,0,-6,-12,3,-53,-12,-6,-3,-5,23,23,29,-1,sil
15.990787029266356,12,12,-2,1,5,-53,-6,-2,-2,-9,38,30,24,1,sil
15.990787029266356,16,18,12,16,12,-40,-4,-5,-4,0,34,27,10,2,sil
16.006871938705444,8,21,24,24,10,-15,-9,-10,-15,0,14,14,-4,-1,sil
16.006871938705444,-1,25,23,23,3,13,-4,-6,-17,-12,6,0,-11,0,sil
16.02246356010437,-5,29,19,19,20,42,11,4,-3,0,7,-6,-10,6,sil
16.02246356010437,-6,16,7,18,7,57,24,14,8,25,-7,-13,-12,9,sil
16.037595510482788,-3,-21,2,-4,-45,56,21,12,4,28,-28,-23,-18,7,sil
16.037595510482788,-13,-41,-9,-37,-35,44,11,3,-1,11,-34,-32,-24,0,sil
16.05310082435608,-30,-9,-31,-29,4,18,1,0,0,-3,-40,-38,-27,-13,sil
16.05310082435608,-7,-1,-18,-18,-26,-2,-9,0,0,-12,-40,-27,-16,-8,sil
16.074044704437256,24,-38,6,-37,-41,2,-8,10,3,-9,-9,4,13,8,sil
16.074044704437256,17,-18,2,-24,24,13,2,17,14,0,20,28,40,11,sil
16.074044704437256,9,22,0,18,60,4,-2,4,12,0,13,25,31,1,sil
16.08463406562805,19,0,1,14,22,-9,-18,-12,0,-7,3,12,3,-3,sil
16.100736379623413,14,-10,0,-14,0,-13,-11,-3,-3,-12,20,14,0,-5,sil
16.100736379623413,10,26,0,0,10,-6,5,9,8,-5,25,15,13,-4,sil
16.11700439453125,8,17,0,23,6,-1,0,-6,0,-13,4,0,0,-7,sil
16.11700439453125,-3,-8,0,17,0,-9,-11,-24,-23,-28,0,-8,-22,-19,sil
16.133119583129883,-9,4,2,12,0,-12,-4,-16,-23,-13,13,-7,-14,-20,sil
16.133119583129883,-16,0,0,8,-8,-6,-5,-15,-22,-5,-1,-15,-16,-10,sil
16.14872670173645,-24,-10,-1,1,-6,-6,-10,-17,-22,-17,-19,-18,-28,-6,sil
16.14872670173645,-16,22,10,24,18,0,4,-1,0,-2,1,0,-8,2,sil
16.16377305984497,-4,31,21,42,18,12,22,6,16,29,16,6,8,13,sil
16.16377305984497,-5,-6,4,6,-10,1,21,3,16,37,-8,-5,-1,11,sil
16.179823637008667,-15,-23,-11,-26,-17,-3,16,11,30,31,-21,-4,0,12,sil
16.179823637008667,-13,-12,-11,-13,-7,9,16,20,35,36,-4,0,15,15,sil
16.194992303848267,0,-2,-6,-6,-13,3,9,17,17,30,-7,-7,12,10,sil
16.194992303848267,9,0,-5,-21,-15,-17,-3,14,4,1,-19,-4,4,6,sil
16.21088480949402,10,-10,-12,-18,-5,-14,-8,4,3,-13,-3,6,10,4,sil
16.21088480949402,23,-13,-6,-8,-2,-5,-5,-4,-9,-12,14,14,18,3,sil
16.22691059112549,34,9,8,-6,-3,-14,-10,-3,-21,-22,20,19,16,4,sil
16.22691059112549,26,24,17,11,8,-10,-19,-6,-15,-24,26,23,10,0,sil
16.242878437042236,10,14,20,24,19,9,-15,-11,-13,-7,24,20,6,-1,sil
16.242878437042236,-5,5,11,12,5,14,-1,-10,-13,4,8,1,-4,-7,sil
16.25801110267639,-21,-2,-4,0,-6,6,7,-3,0,5,-9,-19,-20,-11,sil
16.25801110267639,-25,-20,-18,-14,-4,7,11,12,18,10,-27,-21,-16,0,sil
16.273897647857666,-16,-26,-26,-31,-7,0,3,16,23,9,-22,-8,0,6,sil
16.273897647857666,-8,-19,-23,-32,-12,-21,-16,-2,3,-14,-5,-1,0,-12,sil
16.289088249206543,-6,-11,-20,-28,-14,-27,-24,-15,-21,-37,-4,-3,-9,-29,sil
16.289088249206543,-1,3,-7,-16,-6,-9,-9,-11,-24,-25,1,4,-4,-18,sil
16.304673433303833,9,20,22,24,14,7,0,-5,-13,-4,22,17,6,1,sil
16.304673433303833,4,18,27,50,17,13,-3,-8,-16,-8,14,2,0,3,sil
16.320573806762695,-12,7,12,31,3,17,-3,-16,-23,-14,-10,-16,-19,-7,sil
16.320573806762695,-2,12,13,24,9,21,9,-5,-9,5,-12,-17,-17,-3,sil
16.335445642471313,13,13,16,22,17,22,25,16,6,31,-3,-13,-2,13,sil
16.335445642471313,5,0,13,0,7,21,34,24,18,41,0,-8,5,25,sil
16.351083517074585,4,0,11,4,9,23,35,20,36,37,7,3,14,31,sil
16.351083517074585,14,7,0,13,14,17,25,17,40,24,2,1,9,20,sil
16.366804361343384,11,-10,-19,-8,-4,-8,10,7,23,12,-13,-11,-3,0,sil
16.366804361343384,8,-14,-20,-23,-14,-21,-1,0,12,2,-9,0,3,0,sil
16.38261342048645,14,0,-13,-15,-2,-10,-12,1,6,-7,4,14,13,1,sil
16.38261342048645,10,-7,-25,-21,-9,-13,-22,-4,0,-19,-5,4,0,-5,sil
16.398653030395508,0,-19,-23,-33,-19,-26,-29,-14,-7,-26,-14,4,-2,-9,sil
16.398653030395508,-11,-8,-5,-24,-11,-24,-32,-18,-15,-28,0,14,7,-10,sil
16.414032220840454,-27,3,-2,-18,-11,-23,-28,-15,-22,-27,5,7,-1,-21,sil
16.414032220840454,-30,0,-1,-15,-15,-22,-18,-3,-17,-15,1,2,-3,-25,sil
16.430138111114502,-17,0,13,2,0,-4,-7,2,-7,2,6,8,9,-10,sil
16.430138111114502,-1,9,31,19,17,7,-1,0,-3,1,12,7,0,0,sil
16.44564175605774,6,11,26,21,12,3,0,-6,-6,-8,10,0,-12,-8,sil
16.44564175605774,4,1,13,27,8,0,-1,-9,-19,-8,9,-5,-9,-11,sil
16.46108889579773,4,4,17,29,14,8,8,-2,-18,-1,11,-1,-3,5,sil
16.46108889579773,6,2,8,9,8,21,30,11,6,12,6,-3,0,14,sil
16.476725101470947,-6,-12,-12,-6,0,19,29,12,8,13,-8,-8,-2,7,sil
16.476725101470947,-10,-6,-10,8,0,11,12,4,-5,2,-17,-12,-9,5,sil
16.49225354194641,6,13,3,23,-6,17,12,6,5,17,2,-4,1,16,sil
16.507781267166138,19,15,9,9,-6,18,19,11,22,35,22,15,16,25,sil
16.50817561149597,21,13,4,5,0,8,14,10,25,32,7,15,11,21,sil
16.50817561149597,10,7,-6,8,-4,4,6,1,23,17,-16,-8,-1,7,sil
16.522982358932495,-3,-10,-19,-15,-14,-1,0,-1,14,-2,-20,-16,-5,-3,sil
16.538581132888794,0,-11,-21,-33,-5,-11,-6,1,8,-11,-2,2,7,-6,sil
16.538581132888794,5,-2,-8,-15,6,-7,-10,9,17,8,10,12,18,1,sil
16.55362558364868,-1,-9,-6,-6,0,-7,-9,7,19,23,0,5,15,3,sil
16.55362558364868,-9,-17,-19,-25,-9,-18,-14,-11,-5,-15,-9,2,6,-8,sil
16.569700241088867,-13,-13,-23,-33,-9,-24,-27,-22,-35,-58,-2,-2,-8,-21,sil
16.569700241088867,-21,-2,-7,-10,0,-12,-24,-19,-41,-42,-3,-18,-27,-25,sil
16.585115909576416,-26,1,8,12,8,4,-4,-22,-38,-12,-17,-28,-34,-26,sil
16.585115909576416,-21,0,2,10,6,8,8,-14,-30,-9,-19,-26,-28,-13,sil
16.601218461990356,-3,0,-1,0,2,2,9,12,-1,-1,-9,-9,-10,10,sil
16.601218461990356,20,7,12,5,7,-9,0,17,19,12,4,17,14,21,sil
16.61684226989746,26,20,25,18,7,-16,-15,0,3,5,23,28,24,9,sil
16.61684226989746,10,25,26,20,3,-6,-17,-5,-18,-11,28,15,8,-7,sil
16.632190227508545,2,12,20,18,1,14,8,1,-9,-2,10,-2,-6,-5,sil
16.632190227508545,7,-3,18,21,7,37,35,12,17,25,-6,-5,-1,13,sil
16.647857904434204,7,-14,5,11,9,34,29,22,36,34,-9,0,8,21,sil
16.648364067077637,-3,-25,-24,-14,-4,0,5,17,34,12,-11,1,7,9,sil
16.663529634475708,-5,-29,-31,-31,-19,-20,-8,5,17,-1,-14,-2,7,2,sil
16.663529634475708,9,-13,-12,-22,-13,-10,-4,4,10,6,0,2,12,6,sil
16.678759336471558,17,9,-1,-5,3,-6,0,1,16,4,20,15,12,0,sil
16.678759336471558,12,24,8,5,8,-12,-5,-6,12,-6,26,19,12,-11,sil
16.693889617919922,10,24,13,7,-1,-11,-11,-12,-2,-1,20,11,15,-6,sil
16.693889617919922,5,10,1,-9,-11,-9,-19,-17,-21,-12,8,8,6,-3,sil
16.70902991294861,0,0,-3,-19,-12,-7,-19,-18,-31,-36,-2,4,-10,-16,sil
16.70902991294861,-5,0,3,0,-2,2,-3,-11,-29,-23,-11,-9,-26,-21,sil
16.724618673324585,-20,-4,1,11,3,5,7,-4,-20,-2,-17,-15,-28,-10,sil
16.724618673324585,-27,-10,-12,1,-11,0,6,-1,-8,-8,-17,-9,-12,-1,sil
16.740715503692627,-16,-1,-2,3,-11,8,7,-2,-8,-7,-8,-4,-10,2,sil
16.740715503692627,-10,5,10,18,10,23,14,0,-14,13,-3,-5,-18,1,sil
16.756280183792114,-11,8,7,22,15,22,17,6,-1,24,-1,-6,-7,4,sil
16.756280183792114,0,5,6,18,9,9,13,11,18,22,2,-2,10,16,sil
16.772295713424683,4,-10,2,11,16,4,12,8,24,27,6,0,15,18,sil
16.772295713424683,-4,-18,-4,0,13,9,6,2,12,26,0,0,11,10,sil
16.78801155090332,-3,-4,-9,-5,8,11,1,2,8,14,-6,-11,1,8,sil
16.78801155090332,7,4,-12,-7,12,0,4,3,14,7,-3,-9,-1,7,sil
16.8033709526062,12,1,-3,-10,0,-12,3,9,10,0,7,6,3,6,sil
16.8033709526062,11,2,1,-4,-14,-12,-1,15,11,-5,8,5,12,6,sil
16.819130897521973,5,2,-2,-12,-6,-16,-8,13,19,-7,-3,-2,13,1,sil
16.819130897521973,0,-7,-13,-30,-8,-28,-17,0,6,-15,-13,-5,1,-9,sil
16.83419632911682,1,-14,-21,-26,-20,-22,-21,-11,-8,-24,-10,-6,-3,-17,sil
16.83419632911682,2,-9,-8,-14,-15,-5,-15,-1,-7,-17,4,5,8,-10,sil
16.849838733673096,2,0,0,-13,-8,-3,-9,6,-5,-8,17,16,18,-6,sil
16.849838733673096,4,7,1,-7,-6,-7,-18,-8,-19,-18,13,5,7,-12,sil
16.86547017097473,6,15,14,8,3,-3,-22,-22,-27,-24,2,0,-4,-10,sil
16.86547017097473,6,19,26,19,8,-2,-12,-20,-20,-18,2,5,-12,-4,sil
16.88093376159668,7,13,23,19,3,-5,-5,-17,-21,-17,3,9,-17,-7,sil
16.88093376159668,5,10,17,26,5,0,0,-11,-22,-7,2,12,-15,-2,sil
16.896984100341797,-4,13,10,30,14,16,19,-4,-12,6,2,5,-17,4,sil
16.896984100341797,-7,6,5,22,12,28,34,0,1,8,-3,-6,-16,2,sil
16.91193652153015,0,-3,11,21,5,28,36,10,17,22,-7,-5,0,6,sil
16.91193652153015,0,-8,10,16,7,20,31,18,26,43,-1,-1,7,18,sil
16.92794370651245,-12,-14,-12,0,6,14,21,14,26,38,-5,-17,-3,11,sil
16.92794370651245,-25,-21,-28,-12,-5,13,6,13,22,21,-21,-26,-2,-3,sil
16.944031953811646,-25,-30,-23,-19,-16,6,1,12,13,23,-24,-16,3,-1,sil
16.944031953811646,-6,-23,-15,-24,-14,-1,6,9,15,28,-11,-3,5,11,sil
16.960094213485718,9,-5,-10,-24,0,-1,4,11,25,15,-2,1,13,16,sil
16.960094213485718,4,-9,-17,-26,0,-15,-9,4,12,-6,-5,0,13,5,sil
16.975691556930542,-1,-15,-22,-30,-12,-35,-27,-14,-17,-28,0,1,2,-8,sil
16.975691556930542,11,0,-5,-21,-5,-28,-29,-12,-19,-31,16,13,2,-9,sil
16.9906964302063,23,15,10,-3,5,-10,-19,3,-1,-17,33,24,14,2,sil
16.9906964302063,15,20,20,6,10,-8,-24,0,-6,-16,37,32,18,4,sil
17.006760597229004,8,30,16,10,15,-8,-28,-11,-14,-23,28,29,13,-8,sil
17.006760597229004,6,29,7,12,7,-6,-17,-10,-8,-21,6,7,1,-16,sil
17.02194857597351,0,16,11,14,0,-9,-8,-6,-10,-20,-2,-4,-7,-11,sil
17.02194857597351,-5,9,9,11,5,-2,3,-1,-18,-15,6,0,-3,-6,sil
17.037069082260132,-3,1,4,4,0,9,13,-1,-16,-2,0,-5,-7,-3,sil
17.037069082260132,-5,-9,3,11,-15,11,11,-3,-5,1,-22,-26,-22,-3,sil
17.05310869216919,-16,-7,1,16,-11,12,15,1,0,0,-28,-30,-27,-7,sil
17.05310869216919,-15,0,3,6,5,19,21,0,0,5,-17,-20,-20,-8,sil
17.06878662109375,3,8,11,19,14,20,17,-8,1,19,-7,-11,-9,0,sil
17.06878662109375,9,13,9,32,6,11,12,-3,0,21,0,3,1,11,sil
17.083820819854736,0,0,-2,4,-8,5,9,-2,-4,2,0,7,2,17,sil
17.083820819854736,1,-14,-9,-17,-8,6,5,-6,0,-6,-1,0,0,14,sil
17.098947763442993,9,-7,0,-1,0,11,10,11,9,7,2,4,5,17,sil
17.098947763442993,3,0,8,9,0,8,17,27,21,34,7,10,15,23,sil
17.11499786376953,-7,-12,-6,-7,2,-1,10,13,19,36,3,0,10,17,sil
17.11499786376953,-8,-21,-21,-22,2,-12,-1,1,11,13,-3,-3,3,0,sil
17.130618572235107,-6,-15,-22,-21,-7,-21,-13,1,9,-2,-15,-4,0,-13,sil
17.130618572235107,-9,-12,-19,-24,-11,-25,-20,-4,0,-11,-28,-14,-13,-22,sil
17.145641803741455,-9,-18,-23,-28,-8,-16,-15,-5,-4,-8,-23,-13,-12,-17,sil
17.145641803741455,-8,-19,-20,-20,-3,0,-8,4,10,0,-4,0,3,-6,sil
17.161415338516235,-3,-7,-8,-6,0,3,-8,5,13,-1,4,8,5,-6,sil
17.1770339012146,12,9,6,6,0,-4,-10,1,6,-2,14,17,10,-1,sil
17.1770339012146,21,16,21,9,5,-6,-14,6,6,1,37,30,28,12,sil
17.1770339012146,10,10,16,4,6,-4,-12,1,-9,-10,37,21,19,5,sil
17.192986726760864,4,11,9,3,0,-3,-6,-19,-29,-30,15,7,-2,-11,sil
17.192986726760864,9,17,10,6,2,0,-4,-14,-15,-21,14,6,2,-5,sil
17.20862889289856,4,16,9,7,9,5,-1,0,0,-3,13,4,7,1,sil
17.224080801010132,-2,10,10,5,5,10,1,-8,-14,-14,-1,-3,-13,-7,sil
17.224080801010132,-1,9,11,9,0,10,10,-10,-18,-17,-6,-9,-20,-6,sil
17.24044704437256,-3,9,13,19,0,11,17,4,0,10,-5,-12,-7,7,sil
17.24044704437256,-5,4,12,24,6,18,18,5,3,22,-11,-16,-7,9,sil
17.24044704437256,-1,-2,1,20,9,17,25,4,10,21,-9,-14,-6,10,sil
17.25510883331299,-2,-13,-12,1,3,0,25,17,28,33,-5,-7,5,16,sil
17.270745277404785,0,-18,-21,-26,-11,-19,0,14,22,10,-8,-4,11,3,sil
17.270745277404785,12,4,-7,-25,-14,-22,-24,-3,-9,-35,0,1,8,-11,sil
17.28582191467285,14,23,12,5,6,-5,-9,-11,-19,-22,7,6,4,-1,sil
17.28582191467285,-5,9,0,11,14,3,6,-6,-8,12,-6,-9,-4,4,sil
17.30148720741272,-17,0,-5,1,0,0,0,-6,-14,-3,-15,-25,-12,-9,sil
17.30148720741272,-1,15,16,16,0,4,-2,-11,-19,-20,-6,-10,-8,-11,sil
17.317761421203613,8,16,18,22,13,12,0,-12,-15,0,0,3,-6,0,sil
17.317761421203613,-6,-18,-8,-7,1,3,-14,-10,-16,11,-3,0,-7,-1,sil
17.332144260406494,-20,-37,-30,-24,-24,-10,-26,-6,-1,11,-12,-8,-5,-10,sil
17.332144260406494,-14,-25,-20,-18,-15,-4,-5,7,20,20,-14,0,-4,2,sil
17.347683668136597,-3,-24,-10,-15,0,11,20,22,29,28,-3,12,0,17,sil
17.348137140274048,-7,-27,-18,-24,-10,1,14,21,34,20,0,13,8,8,sil
17.36367917060852,-13,-15,-16,-24,-22,-20,-8,20,28,0,-8,14,7,0,sil
17.36367917060852,1,-2,-4,-6,-15,-18,-12,15,12,-19,0,27,10,5,sil
17.379671812057495,19,1,5,-5,-7,-2,-4,0,1,-21,20,39,17,1,hello
17.379671812057495,20,8,12,-14,-3,-1,-6,-8,-7,-12,27,33,5,-10,hello
17.394765853881836,14,21,14,5,6,-8,-7,-12,-16,-11,19,23,-5,-9,hello
17.394765853881836,17,32,22,34,19,-1,7,-8,-7,-12,18,24,2,0,hello
17.410033226013184,14,28,25,34,22,13,25,0,6,-2,8,8,-3,-4,hello
17.410033226013184,-7,6,12,14,10,20,17,-4,-4,-11,-23,-26,-42,-20,hello
17.42563509941101,-25,-3,1,6,-3,14,7,-13,-17,-23,-33,-36,-48,-16,hello
17.42563509941101,-13,3,-3,15,1,16,18,-7,-6,6,-8,-16,-6,11,hello
17.440937280654907,0,2,-7,10,20,21,15,-2,-6,29,4,-7,18,25,hello
17.440937280654907,0,-3,-11,-2,21,3,-1,0,-14,9,0,-20,15,15,hello
17.456466674804688,0,-2,-11,-5,3,-21,-12,6,-2,-1,2,-29,19,12,hello
17.456466674804688,6,-2,-12,-2,-5,-24,-22,3,6,4,15,-28,27,9,hello
17.472095489501953,11,2,-7,0,5,-9,-26,0,3,0,25,-30,25,-4,hello
17.472095489501953,1,10,9,2,12,3,-13,3,0,-3,21,-40,13,-9,hello
17.487212896347046,-12,-2,8,-4,0,8,0,2,0,9,0,-79,-4,-8,hello
17.487212896347046,-16,-15,-4,-8,-11,2,0,-1,1,16,-17,-91,-17,-11,hello
17.503230094909668,-8,-7,-1,0,-15,0,1,3,7,12,-13,-15,-9,0,hello
17.503230094909668,0,-2,6,-1,-19,1,6,8,11,24,6,80,11,15,hello
17.519302368164062,6,-7,5,-17,-16,-3,0,8,10,24,12,104,20,13,hello
17.519302368164062,11,-5,6,-17,-9,-23,-7,6,6,0,3,76,18,7,hello
17.53483819961548,24,2,14,-5,-9,-28,0,2,0,-14,1,76,16,10,hello
17.53483819961548,34,7,13,-9,-3,-9,7,-2,-2,-24,4,87,10,4,hello
17.550716161727905,17,10,3,-11,2,-1,3,-12,-9,-42,1,40,0,-8,hello
17.550716161727905,-5,12,10,6,-2,-4,-10,-24,-23,-38,-3,-16,-16,-15,hello
17.566055297851562,-4,11,14,25,-5,8,-11,-18,-17,-12,-7,-13,-31,-15,hello
17.566055297851562,-3,7,-2,20,10,26,6,-1,-2,0,-10,-1,-26,-10,hello
17.581539392471313,-16,-1,-9,8,21,21,19,6,0,4,-19,-20,-18,-2,hello
17.581539392471313,-25,-9,-16,8,8,17,20,5,8,11,-34,-38,-29,-4,hello
17.597103595733643,-33,-19,-35,-2,0,27,20,3,14,7,-34,-48,-35,-12,hello
17.597103595733643,-35,-28,-42,-23,1,17,19,12,14,6,-22,-47,-24,-8,hello
17.61300039291382,-18,-19,-25,-19,-6,1,12,19,23,14,-14,-23,-5,-2,hello
17.61300039291382,-4,-8,-11,-5,-3,2,-2,6,23,7,-2,-13,9,-1,hello
17.62908363342285,-3,-16,-9,-13,0,-12,-20,-4,1,0,7,-21,12,3,hello
17.62908363342285,2,-14,0,-14,-10,-35,-22,-4,-10,3,15,-7,11,5,hello
17.64465880393982,19,8,8,0,-11,-27,-13,-7,-9,-8,27,8,19,0,hello
17.64465880393982,26,27,16,5,7,-7,-12,-12,-17,-19,35,10,22,7,hello
17.65990400314331,19,30,29,14,18,0,-12,-10,-25,0,37,18,18,11,hello
17.65990400314331,13,27,33,39,17,9,0,-7,-17,17,30,16,12,3,hello
17.675477266311646,10,17,22,39,14,20,11,0,0,21,9,3,5,10,hello
17.675477266311646,8,1,6,7,5,3,6,14,17,28,-5,-1,5,25,hello
17.69076132774353,2,-6,-7,-16,-8,-21,-9,16,15,14,-8,2,8,13,hello
17.69076132774353,-1,-3,-8,-19,-12,-21,-16,0,-5,-22,-5,11,5,-7,hello
17.70593285560608,9,14,10,7,-1,-5,-7,-5,-13,-26,6,15,8,-8,hello
17.70593285560608,12,25,27,31,9,7,8,3,-4,-6,9,6,4,0,hello
17.72205376625061,-8,-1,8,8,0,9,14,0,-1,0,-12,-5,-16,-2,hello
17.72205376625061,-21,-28,-24,-23,-19,0,5,-3,2,0,-27,-8,-18,-7,hello
17.737792491912842,-6,-23,-26,-23,-15,-3,0,8,13,0,-16,-4,3,-3,hello
17.737792491912842,9,-12,-12,-22,-2,-2,0,15,15,-6,0,7,16,6,hello
17.753103017807007,12,-1,3,-21,-5,-10,-9,0,12,-8,23,21,23,8,hello
17.753103017807007,8,11,16,2,-7,-11,-10,-9,5,0,31,15,21,0,hello
17.768247842788696,-1,10,14,15,0,7,1,-9,-13,2,2,-7,-8,-4,hello
17.78305149078369,-9,0,10,3,7,16,2,-15,-26,-5,-11,-16,-31,-8,hello
17.78305149078369,-7,-3,1,6,5,16,10,-12,-11,0,0,-11,-19,-8,hello
17.79886746406555,-10,-3,-9,10,5,29,26,1,0,17,-15,-9,-17,-3,hello
17.79886746406555,-16,-12,-16,0,3,28,24,11,2,19,-38,-17,-32,-4,hello
17.81399703025818,-10,-17,-18,-4,0,5,18,9,14,11,-23,-16,-21,0,hello
17.81399703025818,-5,-10,-10,-6,0,0,15,5,19,1,-6,-5,-3,7,hello
17.829628944396973,-11,-11,-18,-19,0,1,0,0,10,-3,-15,-8,0,-2,hello
17.829628944396973,-5,-17,-26,-24,0,-14,-26,-1,2,-6,-10,1,10,-10,hello
17.844757795333862,12,-4,-3,-9,2,-28,-33,0,0,-16,14,28,22,1,hello
17.844757795333862,16,13,4,0,0,-32,-31,-2,-7,-19,18,24,20,1,hello
17.860397815704346,6,16,-3,-8,-6,-31,-41,-10,-22,-13,7,6,9,-10,hello
17.860397815704346,7,17,7,-1,-4,-12,-31,-13,-23,-12,11,5,0,-12,hello
17.8769109249115,10,28,28,24,2,6,2,-10,-9,-16,12,-1,-11,-8,hello
17.8769109249115,-2,28,27,31,10,10,21,-3,-1,-8,2,-11,-13,-4,hello
17.892266273498535,-14,16,11,23,15,18,27,1,0,9,4,-8,-2,3,hello
17.892266273498535,-10,4,11,19,13,29,29,4,1,20,5,-3,0,17,hello
17.907677173614502,0,-2,18,20,5,19,27,16,7,33,1,-2,2,28,hello
17.907677173614502,0,-6,1,12,-2,-2,20,22,23,34,8,1,19,26,hello
17.923765659332275,-4,-13,-17,-11,-4,-12,8,17,28,13,4,9,21,12,sil
17.923765659332275,0,-23,-19,-23,-9,-5,2,16,22,8,-2,9,11,3,sil
17.939400672912598,12,-23,-11,-20,-14,0,-4,13,14,4,4,9,6,2,sil
17.939400672912598,22,-7,0,-14,-11,-6,-16,-3,0,-21,11,13,6,0,sil
17.95504379272461,23,13,11,0,-3,-12,-21,-19,-13,-25,15,14,7,-8,sil
17.95504379272461,13,20,17,14,4,-2,-18,-19,-20,-4,12,5,0,-12,sil
17.970137357711792,0,10,9,18,8,11,-4,-14,-12,2,-10,-11,-15,-5,sil
17.970137357711792,-12,-4,1,15,6,16,16,-12,-2,0,-28,-21,-20,-2,sil
17.985779523849487,-16,-12,0,5,-1,11,20,-4,-3,3,-25,-19,-22,-5,sil
17.985779523849487,-16,-14,-12,-13,-6,0,4,3,-2,2,-31,-23,-25,-3,sil
18.000943183898926,-21,-25,-34,-35,-9,-16,-6,6,2,-1,-26,-25,-7,0,sil
18.000943183898926,-13,-23,-34,-35,-13,-23,-12,5,5,-2,2,-3,19,0,sil
18.017099142074585,3,0,-10,-16,-6,-14,-20,0,-1,-4,18,12,19,-3,sil
18.017099142074585,12,10,6,-2,7,-1,-14,-11,-19,-15,14,10,0,-8,sil
18.03332543373108,7,13,3,0,10,3,-4,-20,-36,-29,14,8,-15,-17,sil
18.03332543373108,-7,13,-3,-1,1,3,-15,-21,-39,-34,4,-2,-17,-31,sil
18.04850721359253,-8,8,0,4,0,3,-14,-9,-31,-24,-10,-19,-16,-21,sil
18.04850721359253,1,8,15,20,6,16,15,3,-10,2,-8,-7,-9,3,sil
18.06366753578186,-7,2,14,17,1,18,24,17,17,25,-8,4,0,10,sil
18.06366753578186,-15,-4,3,-2,-5,8,7,24,35,30,-9,0,10,14,sil
18.084792137146,2,1,10,1,0,8,8,20,42,37,2,7,20,32,sil
18.084792137146,11,0,9,17,2,2,18,16,44,39,8,14,25,33,sil
18.084792137146,12,-8,3,3,0,-13,10,18,37,19,7,16,23,20,sil
18.09460997581482,23,0,5,-8,5,-14,1,11,22,0,12,26,18,14,sil
18.11014604568481,21,0,-1,-3,-2,-11,-4,-3,11,-5,6,21,5,4,sil
18.11014604568481,15,-2,-3,1,-3,-14,-6,-3,8,-4,8,13,6,-1,sil
18.12566709518433,19,14,6,9,13,-10,1,-1,3,-4,27,18,21,-1,sil
18.12566709518433,7,22,6,10,12,-5,0,-13,-15,-15,26,8,8,-10,sil
18.141690015792847,-7,11,5,3,0,-4,-7,-17,-30,-17,9,-8,-11,-16,sil
18.141690015792847,-4,16,13,12,4,7,-3,-12,-23,-1,11,-2,0,-9,sil
18.156864404678345,-8,18,18,23,12,24,0,-12,-18,-5,13,0,1,-3,sil
18.156864404678345,-18,0,6,14,5,25,2,-4,-13,-9,-2,-16,-15,0,sil
18.17204523086548,-16,-8,-12,3,-1,15,3,3,0,9,-20,-27,-19,5,sil
18.17204523086548,-13,-13,-18,-4,-7,9,-4,0,-2,8,-30,-28,-29,-1,sil
18.187721252441406,-18,-24,-21,-15,-18,4,-4,-4,-9,-9,-35,-34,-42,-16,sil
18.187721252441406,-21,-26,-22,-22,-20,-5,3,2,-3,-1,-34,-28,-25,-16,sil
18.20320963859558,-15,-22,-23,-20,-13,-8,5,11,0,9,-30,-14,-5,-6,sil
18.20320963859558,-11,-28,-31,-29,-12,0,3,5,-3,-1,-29,-16,-9,-5,sil
18.21838641166687,-7,-29,-28,-39,-8,-6,4,3,-3,-9,-21,-9,-7,-9,sil
18.21838641166687,5,-10,-10,-15,2,-15,3,9,10,1,2,13,12,-2,sil
18.23405241966248,3,6,3,4,4,-7,-1,2,11,3,21,22,18,0,sil
18.23405241966248,0,5,9,-1,-5,-5,-11,-8,-4,-8,21,18,10,-1,sil
18.24966025352478,14,12,21,6,-1,-11,-14,-6,-3,-12,23,24,15,6,sil
18.24966025352478,21,32,36,25,13,-5,-11,0,6,-6,28,29,19,18,sil
18.265037059783936,13,33,26,19,13,-5,-9,0,-2,-4,20,20,12,10,sil
18.265037059783936,16,19,13,7,-1,-12,-9,-6,-19,-11,4,8,3,-5,sil
18.28099298477173,11,13,13,8,-5,3,-1,-12,-12,-6,-10,-5,-7,-2,sil
18.28099298477173,-1,8,10,13,5,27,17,-2,15,21,-16,-13,-13,14,sil
18.297122716903687,2,-6,0,7,13,16,21,10,31,38,-4,-1,1,22,sil
18.297122716903687,14,-18,-14,-10,2,-16,-4,5,17,17,8,10,23,18,sil
18.31216812133789,14,-12,-13,-23,-9,-27,-26,0,-1,-6,11,16,30,11,sil
18.31216812133789,16,5,3,-5,0,-12,-12,3,0,-4,17,14,20,3,sil
18.328163146972656,10,10,2,9,11,1,0,-2,-2,-1,13,-3,0,-12,sil
18.328163146972656,-9,0,-4,5,10,5,-4,-12,-21,-19,1,-15,-15,-25,sil
18.34294629096985,-13,5,4,19,6,10,6,-5,-19,-14,8,-7,-10,-15,sil
18.359167098999023,-3,20,18,30,10,21,28,1,0,5,14,-5,-7,0,sil
18.359167098999023,-9,4,10,10,9,27,32,5,13,9,-4,-14,-9,1,sil
18.359167098999023,-17,-17,-5,-1,-6,22,23,13,25,15,-15,-11,-2,3,sil
18.375252962112427,-15,-18,-13,-5,-16,11,9,11,18,24,-15,-5,-4,6,sil
18.375252962112427,-21,-16,-26,-20,-10,-2,0,5,2,7,-25,-17,-18,-3,sil
18.39049506187439,-31,-24,-32,-29,-6,-12,0,11,3,-12,-27,-18,-18,-9,sil
18.406115293502808,-23,-30,-25,-29,-13,-17,-5,13,5,-10,-21,-6,-7,-5,sil
18.406115293502808,-2,-17,-14,-23,-16,-19,-18,2,0,-5,-14,3,5,-2,sil
18.42207789421081,20,15,11,-3,-2,-9,-23,-1,-2,-9,6,18,16,0,sil
18.42207789421081,30,32,34,17,10,4,-20,-8,-2,-10,26,22,11,-1,sil
18.42207789421081,19,24,25,15,4,6,-18,-20,-18,-11,19,13,-2,-11,sil
18.437727212905884,14,19,19,8,0,2,-19,-23,-36,-21,10,14,-8,-12,sil
18.452844619750977,19,25,20,20,7,15,-13,-25,-34,-21,7,5,-11,-10,sil
18.452844619750977,4,23,16,27,8,29,0,-19,-25,0,-1,-10,-14,-7,sil
18.469042778015137,-14,7,4,21,4,22,20,3,-4,17,-4,-7,-4,7,sil
18.469042778015137,-11,-7,-8,9,4,11,30,17,24,22,0,1,5,24,sil
18.484680891036987,-6,-23,-15,-9,-1,3,27,18,33,27,-5,-1,5,27,sil
18.484680891036987,-14,-32,-23,-21,-11,-7,18,14,31,33,-12,-13,9,23,sil
18.50021409988404,-15,-25,-23,-18,-4,-17,11,10,32,29,-2,-6,18,18,sil
18.50021409988404,0,-18,-16,-15,2,-24,4,15,26,25,11,11,20,13,sil
18.51595425605774,10,-17,-16,-18,-4,-35,-10,5,5,3,8,15,12,0,sil
18.51595425605774,7,-3,-13,-15,-7,-37,-26,-18,-21,-38,-1,9,0,-19,sil
18.53162693977356,7,11,-2,-3,-1,-36,-22,-16,-31,-48,7,3,-8,-27,sil
18.53162693977356,7,7,1,-2,3,-49,-15,-4,-22,-26,16,0,-9,-20,sil
18.54677104949951,1,4,0,-9,0,-46,-14,-9,-16,-18,4,-1,-3,-12,sil
18.54677104949951,4,20,15,3,-3,-7,-1,-7,-13,-18,0,1,0,-11,sil
18.561964988708496,5,29,28,28,5,29,14,3,-6,-6,3,-7,-12,-10,sil
18.561964988708496,0,16,14,28,13,44,19,7,0,3,-9,-24,-18,0,sil
18.57729721069336,0,0,4,15,4,50,11,5,2,3,-19,-22,-3,12,sil
18.57729721069336,0,-6,7,12,0,49,6,1,0,8,-13,-10,0,9,sil
18.592897653579712,-9,-3,3,7,7,41,9,0,1,17,-11,-10,-9,4,sil
18.592897653579712,-12,-5,1,-6,2,31,2,1,7,10,-19,-12,-12,3,sil
18.60814595222473,-4,-7,-4,-12,-11,20,-9,0,14,6,-17,-3,0,0,sil
18.60814595222473,3,-2,-4,-7,-9,8,-3,6,18,15,0,12,23,4,sil
18.62405228614807,3,-9,-1,-11,1,-7,0,11,14,13,4,17,28,9,sil
18.62405228614807,0,-18,-8,-24,-5,-22,-15,2,1,-4,0,11,13,0,sil
18.64005374908448,5,-7,-3,-21,-8,-19,-18,0,2,-3,18,21,20,0,sil
18.64005374908448,17,8,8,-5,1,-16,0,12,18,12,44,32,44,17,sil
18.65607213973999,15,15,11,0,0,-23,2,9,10,7,38,30,32,12,sil
18.65607213973999,10,15,11,11,-4,-18,-11,-4,-12,-4,22,25,2,0,sil
18.671783447265625,8,18,10,29,6,0,-10,-13,-17,-6,16,16,-10,0,sil
18.671783447265625,0,21,9,31,16,3,0,-23,-21,-23,2,-2,-30,-5,sil
18.68678998947144,-16,7,0,18,7,0,5,-30,-33,-37,-17,-26,-58,-26,sil
18.68678998947144,-30,-14,-10,4,-5,1,5,-22,-26,-13,-26,-38,-61,-25,sil
18.702861547470093,-25,-15,-12,2,-2,5,7,-1,3,22,-16,-27,-47,-6,sil
18.702861547470093,-7,-8,-10,5,1,14,17,13,22,38,-7,-15,-44,3,sil
18.717878103256226,-12,-18,-17,-10,-1,13,23,18,16,30,-22,-25,-30,0,sil
18.717878103256226,-13,-21,-24,-23,-3,-1,14,16,12,13,-28,-27,17,0,sil
18.73374104499817,14,-2,-9,-12,-3,-2,0,12,18,4,0,7,62,10,sil
18.73374104499817,26,7,5,-10,-4,4,0,13,13,2,19,33,67,23,sil
18.748911380767822,10,2,-1,-20,-2,-9,1,11,0,-10,6,15,41,11,sil
18.748911380767822,3,8,0,-10,0,-22,-7,-12,-21,-37,-8,-3,-3,-16,sil
18.76477098464965,1,13,12,4,0,-4,-11,-30,-31,-42,-15,-8,-31,-29,sil
18.76477098464965,-15,-1,0,1,-6,7,-1,-15,-16,-13,-24,-20,-24,-18,sil
18.77990889549256,-26,-23,-17,-10,-7,-5,-4,3,1,7,-24,-24,-10,-3,sil
18.77990889549256,-7,-18,-11,-5,0,-12,-16,11,13,11,1,0,6,8,sil
18.79600191116333,22,3,6,10,6,-6,-11,15,23,10,36,35,33,20,sil
18.79600191116333,25,8,4,8,4,-7,-6,5,14,-1,40,34,32,15,sil
18.81163501739502,0,2,2,1,7,1,-7,-7,-7,-12,11,3,2,-3,sil
18.81163501739502,-10,2,14,16,13,26,2,0,-3,2,-2,-10,-12,-6,sil
18.827280521392822,-6,-2,4,16,1,20,13,10,10,19,-7,-9,-15,3,sil
18.827280521392822,-4,-15,-7,-12,-15,-7,3,7,3,8,-18,-3,-11,10,sil
18.84296751022339,16,-4,8,-17,-7,-14,-8,2,2,1,0,19,17,19,sil
18.84296751022339,39,20,22,2,8,-8,-11,0,10,4,40,43,44,22,sil
18.859053134918213,24,24,17,6,13,-9,-5,-2,0,-4,36,30,36,3,sil
18.859053134918213,4,20,8,5,6,-7,6,-7,-9,-5,3,0,18,-5,sil
18.874653100967407,-1,29,5,14,0,-2,8,-13,-3,2,-2,-10,2,-5,sil
18.874653100967407,-6,28,12,19,-2,0,4,-15,-10,-5,1,-7,-21,-16,sil
18.88977098464965,-6,10,15,15,-2,6,10,-11,-29,-11,0,-11,-35,-22,sil
18.88977098464965,-8,-6,4,6,-2,8,14,-6,-24,0,-4,-15,-28,-5,sil
18.905314445495605,-21,-16,-13,0,0,7,7,0,3,13,-16,-21,-22,1,sil
18.905314445495605,-25,-16,-8,1,0,16,6,9,19,13,-29,-26,-31,-6,sil
18.92063450813293,-16,-14,-6,1,0,23,11,10,21,3,-25,-22,-33,-10,sil
18.92063450813293,-13,-22,-24,-11,0,15,5,2,19,1,-19,-14,-19,-2,sil
18.936123609542847,-15,-27,-20,-20,-1,3,-9,-1,0,14,-19,-3,-4,5,sil
18.936123609542847,-8,-20,-8,-16,-2,-2,-14,0,-14,14,-6,2,5,10,sil
18.952189445495605,0,-12,-23,-23,0,-7,-10,0,-16,-12,7,7,9,4,sil
18.952189445495605,3,-10,-25,-31,-1,-6,-5,5,-10,-23,2,6,7,-5,sil
18.9678761959076,9,-1,-4,-14,-4,-1,-2,12,6,-5,0,6,14,-1,sil
18.9678761959076,16,3,4,-1,-3,-6,-16,4,9,-9,14,15,22,7,sil
18.983054876327515,19,2,2,-3,-2,-12,-28,-4,-1,-19,19,20,15,7,sil
18.983054876327515,15,12,10,2,0,0,-12,-2,1,0,14,17,14,3,sil
18.99863123893737,14,24,20,12,1,5,0,-1,5,11,16,16,19,1,sil
18.99863123893737,17,21,18,11,3,0,-3,-9,-3,-3,19,12,14,-3,sil
19.01411008834839,8,17,17,17,0,3,4,-12,-8,-16,15,2,4,-6,sil
19.01411008834839,-6,16,13,24,-1,18,24,-9,-5,-11,-1,-12,-5,-11,sil
19.030060052871704,-14,5,3,15,10,26,34,3,2,7,-22,-24,-17,-13,sil
19.030060052871704,-16,-9,-4,4,15,26,34,20,17,23,-24,-24,-18,0,sil
19.045697450637817,-18,-15,-13,6,1,10,22,15,22,20,-9,-23,-10,7,sil
19.045697450637817,-22,-18,-12,6,-7,-17,3,0,7,15,-8,-20,-11,5,sil
19.061114072799683,-18,-22,-9,-3,-1,-33,0,7,3,24,-16,-8,-5,10,sil
19.061114072799683,0,-16,-8,-11,0,-46,-5,17,14,15,-7,6,10,13,sil
19.07695579528809,21,-3,0,-11,-4,-68,-20,1,9,-7,8,17,18,6,sil
19.07695579528809,28,6,4,-4,-5,-66,-24,-15,-13,-17,10,19,15,6,sil
19.092671871185303,18,8,1,-8,-5,-31,-19,-11,-26,-21,6,19,4,3,sil
19.092671871185303,6,4,-7,-16,-9,-2,-15,0,-17,-24,4,9,-4,-13,sil
19.107685327529907,2,7,-5,-7,0,11,-6,-3,-11,-15,7,6,-4,-13,sil
19.123252630233765,5,15,12,7,9,27,-3,-8,-15,-7,11,12,-2,3,sil
19.123252630233765,-1,12,18,13,2,36,-3,-5,-7,-4,6,2,-4,3,sil
19.138978004455566,-10,5,9,9,2,40,1,-3,3,6,0,-4,0,-5,sil
19.138978004455566,-4,7,7,8,7,38,8,-2,1,18,10,5,10,-1,sil
19.155044317245483,0,12,12,13,1,27,3,-6,0,10,17,10,11,1,sil
19.155044317245483,-4,7,16,12,-3,21,0,-13,0,-11,4,1,-3,0,sil
19.155044317245483,-3,0,8,6,-2,20,7,-4,3,-9,-2,-1,-8,1,sil
19.17108631134033,0,-4,0,1,-2,15,11,8,9,9,0,3,-2,2,sil
19.17108631134033,-2,-9,-4,-2,0,9,2,0,4,9,-6,-1,-6,-2,sil
19.18714165687561,-3,-13,-9,-11,0,0,-5,-7,-8,0,-14,-13,-7,1,sil
19.18714165687561,-4,-11,-8,-18,0,-14,0,10,-3,7,-13,-13,-3,2,sil
19.20321083068848,-11,-6,-13,-9,2,-10,11,24,13,9,-22,-18,-10,-12,sil
19.20321083068848,-15,-6,-17,-3,4,-2,19,14,16,6,-30,-30,-13,-9,sil
19.21893310546875,-5,-13,-18,-25,3,-1,17,13,10,16,-16,-23,0,11,sil
19.21893310546875,1,-18,-25,-46,8,-5,1,13,8,9,-3,-17,10,6,sil
19.23474884033203,-2,-12,-23,-25,6,-13,-10,1,6,-9,-4,-15,5,-12,sil
19.23474884033203,0,-1,-19,5,-3,-18,-4,0,7,-4,-7,-8,0,-7,sil
19.250013828277588,6,-1,-15,-3,-8,-17,-9,1,0,-15,-3,0,-2,0,sil
19.250013828277588,5,0,8,-12,-9,-20,-29,-16,-23,-45,10,9,0,-9,sil
19.26607275009156,10,24,36,28,-4,-14,-22,-29,-34,-29,26,22,1,-12,sil
19.26607275009156,13,35,43,58,0,15,1,-15,-27,-2,20,23,-9,0,sil
19.28162980079651,7,16,30,40,-5,27,13,-2,-11,6,10,18,-8,14,sil
19.28162980079651,12,1,22,25,-8,10,15,0,6,25,15,23,12,17,sil
19.296709060668945,12,-3,14,24,-1,6,12,7,17,36,13,20,17,13,sil
19.31225824356079,0,-5,-1,13,1,17,10,13,22,26,11,15,12,11,sil
19.31225824356079,5,-1,-6,-1,4,9,8,7,18,17,18,21,17,14,sil
19.32817864418029,9,-4,-6,-10,-2,-8,-1,4,11,6,10,14,17,8,sil
19.32817864418029,-8,-12,-15,-17,-5,-14,-14,4,9,-10,-3,3,6,0,sil
19.34362816810608,-5,-9,-15,-22,-1,-20,-16,4,6,-18,0,9,8,3,sil
19.34362816810608,9,2,-6,-17,-3,-29,-10,3,-1,-14,6,9,16,8,sil
19.34362816810608,-6,12,0,-11,1,-33,-13,-10,-14,-18,-1,-7,-1,-13,sil
19.35881805419922,-26,11,-11,-13,4,-38,-21,-24,-22,-29,-18,-32,-34,-39,sil
19.37414932250977,-23,6,-16,-17,-3,-39,-16,-15,-19,-25,-24,-45,-42,-34,sil
19.37414932250977,-18,8,3,-2,4,-16,-2,-2,-15,-4,-19,-31,-27,-14,sil
19.390045404434204,-10,14,19,24,23,21,10,-7,-18,9,-17,-17,-19,-4,sil
19.390045404434204,-5,6,13,26,16,47,17,-13,-16,10,-21,-20,-25,0,sil
19.405769109725952,-9,-16,-2,2,0,51,19,-3,1,10,-23,-24,-25,4,sil
19.405769109725952,-9,-26,-10,-10,0,43,21,13,16,15,-19,-14,-8,4,sil
19.42146682739257,0,-17,-9,-10,1,30,25,24,21,17,-6,4,16,9,hello
19.42146682739257,4,-17,-12,-16,-3,15,22,29,29,7,2,15,30,20,hello
19.43678045272827,6,-23,-9,-25,-12,7,12,25,31,0,12,18,29,15,hello
19.43678045272827,17,-6,1,-18,-10,4,7,12,24,10,35,28,34,8,hello
19.45203018188477,26,14,8,-3,-1,-2,0,0,6,6,40,29,32,9,hello
19.45203018188477,23,16,16,2,0,-9,-12,-11,-14,-11,20,17,10,0,hello
19.46802520751953,25,20,28,18,0,-7,-20,-17,-9,0,20,16,6,-3,hello
19.46802520751953,23,32,31,41,13,0,-16,-7,9,25,33,17,16,10,hello
19.483003616333008,12,18,17,45,17,10,0,0,5,25,13,-3,1,12,hello
19.483003616333008,1,-7,-3,18,-2,6,10,0,-7,8,-15,-13,-15,4,hello
19.497759103775024,-4,-18,-16,-16,-16,-13,-5,7,-2,-10,-20,0,-6,5,hello
19.497759103775024,-5,-10,-28,-26,-10,-34,-23,3,1,-15,-12,3,5,2,hello
19.513808488845825,-2,0,-19,-14,-6,-39,-33,-16,-18,-20,-8,-3,0,-7,hello
19.513808488845825,-7,5,6,2,-11,-28,-35,-26,-44,-35,-6,-1,-11,-19,hello
19.52977466583252,-13,8,15,22,-1,-6,-12,-23,-39,-25,-4,-1,-21,-20,hello
19.52977466583252,-13,10,11,21,15,13,8,-14,-24,0,-8,-7,-23,-9,hello
19.54531979560852,-19,0,0,4,14,18,12,0,-14,0,-20,-21,-27,-10,hello
19.54531979560852,-30,-18,-21,-5,1,8,15,3,-2,-10,-30,-27,-32,-17,hello
19.56099581718445,-30,-30,-33,-22,-5,0,15,13,11,-1,-29,-21,-27,-8,hello
19.56099581718445,-19,-22,-28,-36,-7,1,13,31,30,12,-17,-13,-3,0,hello
19.57708644866944,-4,-7,-14,-33,-6,-3,14,27,38,7,-1,-1,13,0,hello
19.57708644866944,0,-5,-11,-29,-9,-18,5,6,22,-3,5,3,9,-1,hello
19.59223747253418,1,0,-9,-27,-7,-12,-8,1,3,-3,10,3,8,-6,hello
19.59223747253418,7,11,10,-6,3,0,-14,-1,2,-6,20,12,15,-8,hello
19.60741496086121,16,19,29,20,4,-3,-12,-15,9,-8,27,16,15,-3,hello
19.60741496086121,20,21,34,30,5,0,2,-12,5,1,29,12,17,6,hello
19.623126745224,22,25,30,37,14,19,17,-5,-3,8,23,7,13,15,hello
19.623126745224,14,17,20,43,13,27,16,-13,-1,12,6,0,0,14,hello
19.638660669326782,6,0,7,28,0,28,21,-4,10,33,6,-1,4,15,hello
19.638660669326782,11,-9,-4,6,0,27,32,19,13,41,10,8,12,22,hello
19.65419149398804,3,-14,-11,0,5,9,21,18,3,18,-9,6,1,20,hello
19.65419149398804,-14,-23,-20,-6,-3,-7,0,5,0,0,-27,-10,-8,9,hello
19.669979095458984,-8,-22,-21,-17,-10,-6,-6,11,6,7,-13,-3,0,9,hello
19.669979095458984,6,-6,-8,-16,0,-4,-8,17,11,10,2,14,16,13,hello
19.686060905456543,4,6,-6,-9,0,-13,-19,0,-3,-13,-4,2,15,-2,hello
19.686060905456543,6,13,0,-10,-7,-17,-33,-18,-29,-33,-10,-3,1,-21,hello
19.701661348342896,17,18,13,-7,0,-14,-29,-17,-28,-21,4,14,2,-17,hello
19.701661348342896,11,19,16,-2,6,-17,-24,-16,-24,-24,13,12,0,-10,hello
19.71730327606201,-6,11,14,-1,0,-17,-27,-22,-40,-44,1,-5,-19,-17,hello
19.71730327606201,-13,5,14,7,-6,0,-7,-14,-24,-12,2,-4,-18,-13,hello
19.73489570617676,-14,2,14,18,0,15,18,0,12,30,8,0,-8,4,hello
19.735893964767456,-6,-10,5,8,3,13,17,12,16,25,-2,-7,-15,12,hello
19.749019384384155,0,-21,-9,-10,-8,5,7,17,6,12,-8,-8,-9,12,hello
19.749019384384155,-9,-23,-17,-17,-16,-1,5,14,20,14,-3,-7,0,8,hello
19.76441240310669,-20,-24,-23,-13,-4,-9,0,8,27,3,-10,-16,-5,-5,hello
19.76441240310669,-13,-13,-17,-10,4,-11,-8,4,8,-15,-9,-5,0,-18,hello
19.779985427856445,7,11,3,1,3,-4,-4,3,-1,-13,9,18,17,-11,hello
19.779985427856445,19,22,10,13,7,-2,9,1,4,-4,16,16,14,0,hello
19.79599404335022,3,12,3,6,16,-5,3,-7,-3,-20,4,0,0,-6,hello
19.79599404335022,-10,9,0,8,8,2,0,-17,-18,-24,-6,-8,-9,-17,hello
19.81170868873596,-15,5,-4,13,-3,19,13,-16,-11,1,-15,-20,-18,-12,hello
19.81170868873596,-26,-16,-17,-1,-7,19,20,-9,0,9,-29,-37,-30,-6,hello
19.82673740386963,-23,-20,-22,-6,-7,12,16,1,9,2,-33,-33,-25,-3,hello
19.82673740386963,3,-5,-5,0,0,18,24,17,24,20,-10,-1,0,9,hello
19.841878414154053,18,-4,1,-6,3,11,21,14,29,33,14,16,22,25,hello
19.841878414154053,14,-2,-1,-12,0,-2,-3,8,15,13,12,18,26,21,hello
19.85708689689636,19,5,0,-9,3,-3,-13,18,1,0,12,22,22,7,hello
19.85708689689636,28,15,11,-5,4,-10,-9,12,-2,4,34,30,27,5,hello
19.87206196784973,25,27,26,10,0,-17,-15,-17,-12,1,36,28,29,8,hello
19.87206196784973,9,22,23,27,1,-1,-10,-26,-20,-2,10,7,8,3,hello
19.8881778717041,-11,-4,-1,11,0,11,0,-11,-21,0,-11,-18,-18,0,hello
19.8881778717041,-13,-19,-16,-15,-5,0,-3,-2,-15,-2,-20,-17,-18,4,hello
19.90304446220398,3,-10,-12,-15,-4,-16,-12,1,0,0,-3,8,8,5,hello
19.91912579536438,11,5,2,-3,0,-24,-20,0,0,-8,18,22,16,-3,hello
19.91912579536438,6,15,15,9,0,-18,-28,-9,-23,-35,9,10,-8,-14,hello
19.93494129180908,-1,10,16,24,0,-3,-13,-4,-24,-29,-8,-6,-26,-11,sil
19.93494129180908,-14,-2,9,19,0,9,9,9,1,13,-12,-12,-16,0,sil
19.93494129180908,-19,-10,-2,-4,-2,9,8,16,20,33,-13,-8,-6,2,sil
19.950088024139404,-4,-20,-12,-23,-8,-4,-7,9,16,8,-4,1,0,2,sil
19.96565961837769,7,-21,-8,-22,-11,-18,-8,0,6,-10,12,9,10,0,sil
19.96565961837769,3,1,6,-7,-4,-10,2,-2,0,-6,15,1,4,-10,sil
19.98162007331848,0,18,15,5,9,12,9,0,-3,0,5,-11,-10,-15,sil
19.98162007331848,0,17,9,11,18,29,19,-1,4,-1,-2,-19,-9,-6,sil
19.9968204498291,-3,12,10,16,17,31,27,0,14,0,-8,-12,-8,0,sil
19.9968204498291,-7,0,5,17,12,26,29,9,19,10,-11,-8,-10,5,sil
20.012401342391968,-9,-14,-17,0,7,22,27,13,22,22,-15,-13,0,11,sil
20.012401342391968,-14,-19,-30,-21,-5,13,19,3,10,11,-28,-20,-1,3,sil
20.027520656585693,-17,-18,-31,-19,-19,0,2,-2,-1,-6,-32,-18,-11,0,sil
20.027520656585693,-16,-12,-29,-10,-10,-11,-6,-2,3,-6,-12,-3,4,4,sil
20.04296588897705,-7,-6,-19,-14,2,-24,-9,0,0,-1,5,7,20,6,sil
20.04296588897705,0,-4,-8,-16,-5,-28,-20,-4,-17,-11,2,11,10,3,sil
20.05866813659668,2,-2,-4,-11,-8,-28,-29,-17,-23,-21,6,17,4,-6,sil
20.05866813659668,12,1,0,-3,0,-26,-23,-14,-10,-11,24,23,12,-16,sil
20.07362937927246,19,7,14,3,0,-17,-19,2,-6,2,27,26,19,-10,sil
20.07362937927246,17,12,21,8,-1,-10,-22,3,-6,5,25,23,15,0,sil
20.09461879730225,18,21,20,18,1,-9,-9,-3,0,1,30,14,6,1,sil
20.09461879730225,19,29,33,31,8,1,11,0,3,4,29,17,5,4,sil
20.09461879730225,15,24,37,28,8,14,15,-3,0,11,24,16,8,8,sil
20.10506319999695,13,19,32,14,5,19,6,-12,-14,-2,14,7,-1,4,sil
20.120225191116333,10,15,21,11,6,27,9,-2,-17,-16,-5,-5,-13,0,sil
20.120225191116333,-3,-1,-2,7,1,29,13,5,0,0,-24,-25,-18,0,sil
20.135762453079224,-17,-14,-11,-1,-2,16,5,1,6,15,-28,-27,-24,1,sil
20.135762453079224,-13,-7,-4,1,-1,11,8,0,-1,11,-19,-14,-19,5,sil
20.15171909332276,-6,-11,-13,-3,-1,16,12,0,-3,7,-21,-16,-14,2,sil
20.15171909332276,-17,-27,-29,-23,-4,15,0,5,0,0,-36,-32,-25,-3,sil
20.167336463928223,-20,-23,-30,-21,-7,0,-6,13,5,-4,-31,-27,-17,-1,sil
20.167336463928223,0,-7,-9,-6,-2,-9,-2,17,14,1,-11,-4,10,9,sil
20.18240523338318,13,-2,-1,0,6,-9,2,12,16,4,-5,4,16,9,sil
20.18240523338318,-2,-7,-23,-8,0,-20,-2,0,5,-7,-8,0,10,-6,sil
20.19815731048584,-17,-17,-35,-30,-13,-38,-13,-1,-3,-20,-1,0,8,-12,sil
20.19815731048584,-9,-15,-17,-23,-14,-34,-11,3,0,-13,5,4,5,-4,sil
20.213218450546265,3,1,2,1,-4,-13,-8,1,6,0,14,14,7,2,sil
20.213218450546265,13,16,8,14,1,-3,-13,-1,8,7,31,24,22,0,sil
20.2293004989624,9,15,7,12,10,3,-5,-8,1,2,40,20,21,-5,sil
20.2293004989624,-4,12,16,9,14,14,7,-12,-4,-5,29,6,1,-5,sil
20.245290756225582,-7,19,23,14,9,22,14,-7,0,7,15,0,0,0,sil
20.245290756225582,-8,14,14,13,7,21,17,-8,1,19,2,-5,-2,-6,sil
20.25992584228516,-19,-9,-4,-2,0,13,19,-9,-1,11,-19,-17,-21,-17,sil
20.25992584228516,-16,-16,-2,-9,-6,13,19,8,14,17,-30,-12,-17,2,sil
20.27603483200073,14,0,18,1,2,17,16,26,32,29,-9,14,13,30,sil
20.27603483200073,43,14,23,7,5,-7,0,17,19,7,14,31,24,28,sil
20.291410207748413,32,12,14,-2,-7,-36,-18,0,-5,-20,13,28,9,8,sil
20.291410207748413,8,-3,-2,-18,-10,-28,-16,-9,-18,-21,3,13,3,-7,sil
20.30704164505005,4,-6,-10,-21,-3,-12,-14,-17,-25,-22,0,0,4,-15,sil
20.30704164505005,12,7,8,-1,-2,-15,-23,-22,-31,-38,1,0,-7,-12,sil
20.323002576828003,4,12,16,17,0,-10,-19,-16,-34,-33,4,1,-14,-4,sil
20.323002576828003,-17,1,-2,14,4,7,-8,-7,-33,-9,-2,-15,-15,0,sil
20.33863878250122,-21,0,-9,10,8,15,0,-3,-19,0,-13,-32,-18,-3,sil
20.33863878250122,-12,5,-2,18,8,19,8,-4,-1,-2,-7,-27,-15,-4,sil
20.353769540786743,-16,-4,-4,9,0,23,13,-3,-1,3,0,-18,-15,-3,sil
20.353769540786743,-22,-21,-13,-5,-7,18,15,10,6,24,-7,-19,-16,-2,sil
20.36970686912537,-15,-17,-10,-5,-2,12,19,21,26,35,-14,-15,-4,2,sil
20.36970686912537,-9,-15,-10,-2,0,5,10,15,25,23,-13,-7,2,2,sil
20.385743379592896,-3,-20,-25,-8,-6,-3,0,10,16,8,-21,-9,0,0,sil
20.385743379592896,8,-7,-13,-4,-1,-5,6,15,23,18,-18,-2,10,10,sil
20.400967597961422,15,11,3,5,5,-1,12,17,27,29,4,17,33,21,sil
20.400967597961422,12,10,0,-2,-1,-11,0,11,16,7,18,27,33,11,sil
20.41705584526062,12,3,-5,-11,-10,-20,-7,3,7,-8,9,21,18,5,sil
20.41705584526062,12,4,-3,-5,-8,-18,-10,-3,4,-2,4,15,13,8,sil
20.43268704414368,6,2,0,-8,-2,-16,-23,-5,-5,-10,14,19,10,-2,sil
20.43268704414368,7,3,7,-10,1,-12,-29,-10,-17,-25,20,22,1,-11,sil
20.447834730148315,14,15,20,2,3,0,-16,-20,-20,-21,20,18,-3,-7,sil
20.447834730148315,5,21,19,13,3,1,-6,-17,-16,-14,21,11,1,-9,sil
20.46357107162476,-6,14,10,12,1,1,-5,-6,-10,-14,16,6,7,-9,sil
20.46357107162476,-4,3,15,6,3,10,-1,-4,-9,-15,5,0,-8,-5,sil
20.47969102859497,-3,0,16,3,7,9,3,-11,-15,-17,-7,-21,-30,-10,sil
20.47969102859497,-18,1,1,1,4,7,4,-14,-19,-16,-23,-38,-37,-21,sil
20.4948513507843,-23,-6,-6,-4,1,22,17,-4,-12,-5,-33,-38,-38,-20,sil
20.51004648208618,-4,-14,-3,-1,3,31,40,10,3,12,-28,-28,-31,0,sil
20.51004648208618,2,-9,-1,6,8,27,42,17,17,23,-16,-13,-12,16,sil
20.52563238143921,-7,-10,-7,1,4,24,27,20,29,33,-11,-6,5,18,sil
20.52563238143921,-5,-19,-13,-11,-5,14,13,20,36,33,-6,-6,17,16,sil
20.54074501991272,9,-16,-8,-14,-8,-6,-5,10,24,12,1,10,24,14,sil
20.54074501991272,13,-4,-7,-8,-6,-13,-20,4,9,-1,10,26,26,8,sil
20.55677938461304,4,-2,-9,-10,-6,-17,-24,0,1,-3,13,20,23,6,sil
20.55677938461304,-2,-5,-12,-15,-5,-31,-26,-16,-11,-11,14,12,17,2,sil
20.57191801071167,0,6,-4,-7,0,-36,-27,-23,-25,-11,19,16,11,-8,sil
20.57191801071167,10,26,17,13,6,-31,-19,-7,-23,-3,25,18,6,-7,sil
20.588034629821777,16,29,23,31,10,-32,-4,-1,-15,-5,21,6,0,0,sil
20.588436126708984,3,11,12,23,7,-28,4,-8,-14,-14,4,-2,-10,-7,sil
20.60408186912537,-5,-1,7,7,0,-14,7,-4,-6,-6,-7,-6,-14,-10,sil
20.60408186912537,0,1,10,12,-8,-1,6,1,1,13,-8,-9,-11,0,sil
20.619644165039062,-1,3,7,14,-7,12,10,5,5,19,-12,-11,-10,7,sil
20.619644165039062,-10,-9,-13,-5,-3,26,18,15,12,12,-24,-15,-12,6,sil
20.634715795516968,-20,-22,-27,-24,-7,26,13,14,10,8,-33,-18,-10,0,sil
20.634715795516968,-16,-16,-19,-23,-8,23,0,5,8,5,-22,-8,2,2,sil
20.649853467941284,0,-5,-12,-17,0,22,-2,6,20,3,0,12,20,12,sil
20.649853467941284,11,-1,-7,-10,2,10,-4,7,15,0,12,25,24,8,sil
20.66516852378845,15,5,0,-1,0,0,-8,6,3,-8,16,17,18,2,sil
20.66516852378845,12,17,7,0,2,1,-9,2,4,-12,26,6,14,0,sil
20.680739164352417,0,11,6,-2,1,1,-15,-14,-11,-16,20,-1,0,-18,sil
20.680739164352417,-6,6,8,8,-1,1,-16,-32,-37,-27,1,-15,-18,-35,sil
20.6973237991333,-1,12,20,25,15,9,-2,-21,-28,-28,0,-11,-20,-20,sil
20.6973237991333,8,13,25,31,27,12,8,0,-10,-9,7,1,-10,7,sil
20.71294379234314,11,10,25,33,13,12,12,0,-8,10,-1,0,-7,11,sil
20.71294379234314,1,-2,13,22,0,12,23,0,-2,15,-13,-7,-14,2,sil
20.727992296218872,-15,-29,-25,-13,-8,-4,21,7,6,8,-24,-14,-19,2,sil
20.727992296218872,-23,-45,-46,-46,-20,-22,0,12,9,7,-26,-16,-11,4,sil
20.74366497993469,-12,-29,-26,-33,-18,-18,-7,9,19,20,-5,-5,3,6,sil
20.74366497993469,0,-6,-7,-9,-2,-10,0,10,32,25,9,11,17,12,sil
20.759161949157715,7,0,-9,-13,3,-13,0,12,26,10,8,15,25,9,sil
20.759161949157715,8,12,-5,-12,4,-11,-8,1,5,-3,16,12,22,0,sil
20.77518367767334,7,23,11,6,5,-9,-12,-13,-8,-9,28,15,11,-2,sil
20.77518367767334,13,18,16,7,-2,-17,-17,-14,-9,-7,26,18,10,-5,sil
20.79076671600341,13,17,11,0,-3,-15,-19,-7,-15,-8,17,15,2,-5,sil
20.79076671600341,-1,15,14,8,7,3,-2,-7,-22,-16,-3,-3,-21,-3,sil
20.80685138702393,-14,5,10,15,1,19,17,-3,-6,-8,-25,-27,-29,-9,sil
20.80685138702393,-5,2,4,11,-4,26,18,3,2,7,-25,-20,-14,-9,sil
20.822081565856934,0,-1,3,7,11,26,16,4,-1,10,-18,-8,-1,-1,sil
20.822081565856934,-12,-21,-4,-2,10,11,15,5,-1,1,-20,-17,-1,0,sil
20.83992505073548,-11,-23,-3,-9,-10,-11,0,9,5,2,-17,-12,-1,3,sil
20.83992505073548,10,-1,0,1,-10,-13,-5,11,11,12,-5,7,6,13,sil
20.85293912887573,10,0,-1,0,0,0,4,15,15,12,4,13,12,19,sil
20.85293912887573,-5,-16,-15,-5,-9,0,0,14,12,1,6,4,3,9,sil
20.86814999580384,-7,-11,-17,-1,-15,-9,-14,-4,1,-9,2,2,-6,-5,sil
20.86814999580384,0,2,-7,-9,0,-5,-18,-15,-8,-16,2,3,-1,-11,sil
20.8836317062378,0,2,-5,-14,9,-4,-15,-6,-13,-10,7,4,14,-8,sil
20.8836317062378,3,6,-4,-2,2,-10,-11,-10,-17,-13,14,12,16,-9,sil
20.89967060089112,11,18,2,7,0,-11,-7,-21,-16,-22,14,10,1,-8,sil
20.89967060089112,8,20,11,14,5,-5,-6,-13,-10,-11,9,1,0,-4,sil
20.91571855545044,0,14,21,17,11,3,0,-2,-8,2,10,1,4,-3,sil
20.91571855545044,0,6,20,13,6,14,15,0,0,10,3,0,2,0,sil
20.931846141815186,-3,0,9,10,1,18,24,7,13,25,-11,-7,-7,11,sil
20.931846141815186,0,0,7,13,5,21,32,17,18,32,-9,-1,-12,22,sil
20.94693613052368,7,-2,2,12,1,22,31,15,21,25,0,0,-3,20,sil
20.94693613052368,-4,-15,-10,-3,-8,2,8,7,19,9,-7,-11,-4,6,sil
20.96293592453003,-18,-28,-23,-25,-14,-16,-10,3,7,-12,-15,-15,-17,-6,sil
20.96293592453003,-12,-30,-28,-43,-14,-18,-15,2,0,-18,-2,-1,-6,-10,sil
20.9781551361084,0,-21,-19,-42,-13,-20,-27,0,-1,-9,12,11,16,-7,sil
20.9781551361084,12,8,4,-8,-1,-18,-28,-4,-6,-11,16,12,13,-7,sil
20.9941041469574,18,34,27,25,18,1,-6,-9,-10,-7,15,10,0,-5,sil
20.9941041469574,8,23,17,25,14,13,4,-10,-12,3,6,0,-1,0,sil
21.009668111801147,-7,0,0,14,-7,10,6,-3,-9,2,-7,-9,0,1,sil
21.009668111801147,-9,0,-2,10,0,11,11,15,8,14,-9,-5,8,2,sil
21.02574348449707,-3,2,-9,-6,11,6,1,14,18,18,-1,1,14,3,sil
21.02574348449707,-4,1,-11,-22,0,-7,-17,-13,-4,-15,0,4,9,-6,sil
21.0414834022522,-1,7,4,-5,0,-9,-11,-25,-27,-26,6,5,5,-11,sil
21.0414834022522,4,17,21,19,13,3,1,-11,-29,-4,11,4,-1,-3,sil
21.057087182998657,1,18,20,28,12,17,1,-10,-24,-6,-5,-9,-20,-5,sil
21.057087182998657,-10,6,4,24,7,21,9,-10,-4,-8,-26,-21,-28,-7,sil
21.0727608203888,-11,-13,-5,2,-1,10,15,10,13,5,-23,-15,-22,1,sil
21.0727608203888,2,-23,-11,-18,-20,0,4,19,14,6,-15,-9,-8,3,sil
21.088974237442017,9,-17,-11,-18,-15,1,1,11,19,5,-10,-2,4,5,sil
21.088974237442017,0,-21,-8,-13,0,1,18,17,29,19,-1,4,5,18,sil
21.10454154014588,-5,-27,-20,-17,-13,-16,12,16,22,15,0,0,-1,14,sil
21.10454154014588,7,-9,-20,-19,-22,-35,-16,0,4,-6,0,1,0,0,sil
21.119679927825928,20,6,1,-2,0,-30,-17,0,5,-5,18,16,8,5,sil
21.119679927825928,16,10,12,11,6,-20,0,6,12,9,27,19,19,9,sil
21.13569664955139,7,12,7,4,0,-22,0,0,2,-3,10,17,21,-4,sil
21.13569664955139,-5,1,-1,-8,-1,-24,-12,-9,-11,-27,0,8,6,-21,sil
21.15084743499756,-16,-4,-3,-12,1,-16,-20,-12,-24,-22,3,-2,-4,-20,sil
21.15084743499756,0,22,13,9,11,1,-8,-7,-23,2,11,1,3,-2,sil
21.16612553596497,9,40,29,40,20,26,12,-3,-9,10,7,8,0,5,sil
21.16612553596497,-10,8,14,30,11,38,10,-8,-8,-2,-12,-5,-19,-4,sil
21.1816349029541,-22,-20,-8,0,-2,34,3,-11,-13,-2,-21,-20,-18,0,sil
21.1816349029541,-15,-17,-3,-3,-7,29,12,-2,-2,19,-7,-11,-3,15,sil
21.197183847427368,-1,-11,5,6,0,30,20,11,18,35,6,0,9,14,sil
21.197183847427368,10,-5,1,0,5,19,15,21,30,31,11,8,26,14,sil
21.21326446533203,4,-2,-10,-23,0,-6,-3,11,19,9,0,5,19,9,sil
21.21326446533203,-6,-8,-24,-35,-15,-22,-20,-5,-2,-20,-14,-9,-3,-17,sil
21.22899699211121,0,-5,-23,-29,-12,-18,-19,-9,-18,-40,-4,-6,-8,-26,sil
21.22899699211121,4,4,-8,-17,2,-10,-16,-9,-23,-32,16,9,-1,-10,sil
21.244059562683105,5,18,11,6,4,-3,-8,-12,-15,-11,16,8,-4,-7,sil
21.244059562683105,13,28,32,33,7,3,11,-7,-8,1,6,0,-10,-4,sil
21.259958505630493,1,13,23,32,11,4,19,0,-5,9,4,-8,-7,6,sil
21.259958505630493,-22,-12,-5,9,1,5,11,0,5,17,0,-16,-8,7,sil
21.27505326271057,-12,-19,-10,0,-5,1,14,10,27,23,-10,-12,-4,10,sil
21.27505326271057,13,-12,-5,-4,0,-12,12,19,30,16,-9,0,8,22,sil
21.29023051261902,16,-4,-5,-7,0,-21,-11,9,7,-1,1,9,10,17,sil
21.305845737457275,16,12,-2,7,-6,-16,-20,-4,-2,-14,0,7,0,-4,sil
21.305845737457275,14,24,10,24,2,0,-12,-9,0,-20,-5,0,-1,-17,sil
21.32166957855225,-13,11,9,15,10,18,-7,-8,-8,-20,-5,-7,-7,-15,sil
21.32166957855225,-33,-9,-9,1,2,20,3,-7,-5,-1,-10,-15,-18,-13,sil
21.32166957855225,-11,-13,-13,0,2,14,18,0,9,17,-22,-14,-10,-7,sil
21.336759328842163,7,-6,0,-7,6,5,14,11,11,20,-17,-2,2,6,sil
21.35202097892761,0,-11,-4,-27,-9,-10,-3,15,6,10,-9,5,6,13,sil
21.35202097892761,-8,-26,-19,-41,-21,-22,-16,10,-2,-3,-11,5,5,0,sil
21.367887020111084,4,-18,-12,-33,-15,-21,-20,0,-18,-15,-1,7,1,-8,sil
21.367887020111084,22,8,7,-15,-2,-17,-16,-8,-27,-13,23,26,9,0,sil
21.38293743133545,26,17,16,0,3,-7,-10,-13,-19,-11,37,41,26,12,sil
21.38293743133545,12,6,15,0,-1,-2,-14,-16,-20,-23,17,21,4,5,sil
21.39813685417176,1,6,17,4,-4,-4,-9,-10,-18,-25,0,-4,-22,-6,sil
21.39813685417176,12,17,23,26,3,5,24,6,12,7,22,-1,0,3,sil
21.413682460784912,12,16,25,41,15,24,46,12,35,35,28,7,21,21,hello
21.413682460784912,-19,-2,-1,26,12,24,32,9,24,29,-9,-12,2,9,hello
21.429266452789307,-40,-18,-27,0,-1,15,17,7,15,22,-21,-31,-7,-8,hello
21.429266452789307,-25,-18,-18,-10,-3,11,17,7,20,28,-6,-21,-5,0,hello
21.44526982307434,-11,-8,-14,-3,2,2,6,7,16,24,-15,-12,-8,2,hello
21.44526982307434,-11,-4,-18,-1,-1,-10,-11,3,6,-1,-15,-6,-4,-11,hello
21.46077990531921,-1,-5,-9,-5,-6,-13,-14,0,3,-19,9,7,9,-10,hello
21.46077990531921,9,9,2,1,1,-4,-14,-4,-1,-15,14,13,20,2,hello
21.47685217857361,11,18,5,2,7,-5,-24,-13,-16,-11,5,9,14,0,hello
21.47685217857361,5,1,-1,-12,0,-20,-31,-26,-27,-16,14,6,0,-12,hello
21.492069482803345,-2,-1,-1,-10,-2,-13,-26,-19,-29,-19,17,4,-8,-14,hello
21.492069482803345,-2,17,15,12,7,14,-13,0,-19,-9,4,-1,-9,-13,hello
21.507416248321533,5,19,17,16,5,16,3,-2,-5,0,-7,-6,-11,-10,hello
21.507416248321533,0,11,9,6,1,1,13,-7,-7,-3,-19,-13,-18,-2,hello
21.52303504943848,-1,14,8,10,5,8,13,4,-13,-8,-28,-21,-21,3,hello
21.52303504943848,2,0,4,9,0,19,7,10,-4,4,-26,-21,-20,5,hello
21.53804349899292,0,-20,-7,-8,-10,10,10,11,12,19,-18,-10,-13,13,hello
21.53804349899292,-1,-19,-16,-20,-8,-1,20,16,21,15,-13,0,0,21,hello
21.553321361541748,2,-17,-12,-20,-5,-6,15,14,15,-2,-13,0,2,11,hello
21.553321361541748,4,-19,-13,-19,-10,-11,0,10,9,-14,-11,-2,4,0,hello
21.569409132003784,5,-13,-17,-18,-5,-13,0,11,13,-5,5,11,17,4,hello
21.569409132003784,13,-10,-9,-14,0,-13,0,7,15,4,28,27,26,10,hello
21.58510112762451,19,4,10,0,-1,-12,-8,0,7,3,32,28,26,3,hello
21.58510112762451,9,22,17,8,6,-1,-12,-10,0,0,27,23,22,-1,hello
21.60066533088684,-3,15,6,2,16,0,-15,-22,-6,-9,20,13,8,-8,hello
21.60066533088684,-4,5,8,5,10,-2,-18,-20,-11,-14,16,7,0,-12,hello
21.616156816482544,-1,9,17,24,4,0,-7,-2,-7,-4,10,1,0,-5,hello
21.616156816482544,0,11,12,31,2,13,14,4,0,7,-10,-12,-13,-1,hello
21.631312608718872,1,0,7,15,5,27,29,3,0,17,-22,-15,-20,-1,hello
21.631312608718872,-11,-18,-3,-4,0,27,25,6,0,23,-20,-12,-13,1,hello
21.646870613098145,-30,-28,-27,-20,-15,8,7,6,6,8,-27,-25,-22,-3,hello
21.646870613098145,-23,-22,-25,-22,-14,0,0,2,10,0,-24,-27,-22,-7,hello
21.66231775283813,-7,-10,-9,-14,-4,1,0,5,10,14,-1,-2,6,7,hello
21.66231775283813,-5,-4,-5,-12,-9,-14,-12,5,6,7,6,12,22,10,hello
21.67802596092224,1,0,-4,-7,-10,-34,-21,-1,-1,-9,10,10,16,0,hello
21.67841339111328,14,17,11,9,4,-27,-17,-8,-8,-2,31,15,19,1,hello
21.693194150924683,19,35,30,27,11,-12,-10,-8,-11,5,44,26,24,3,hello
21.693194150924683,20,35,29,29,9,-6,-7,-6,-12,-3,34,21,19,0,hello
21.708695650100708,11,26,21,22,14,7,-4,-9,-15,-18,14,5,3,0,hello
21.708695650100708,2,17,15,24,13,17,9,-12,-14,-9,0,-5,-11,0,hello
21.724191188812256,1,4,8,27,8,15,26,-7,-5,10,-13,-7,-15,0,hello
21.724191188812256,-7,-4,-4,9,4,10,21,1,0,13,-29,-9,-19,4,hello
21.739397048950195,-14,-14,-25,-16,-10,-9,4,5,0,0,-36,-19,-23,0,hello
21.739397048950195,-7,-30,-31,-35,-21,-36,-4,7,2,-8,-26,-14,-11,-9,hello
21.75518727302552,-10,-32,-26,-39,-14,-23,-4,11,14,-12,-18,-7,0,-6,hello
21.77066016197205,-14,-20,-23,-36,-11,0,-11,8,12,-19,-19,-9,-7,-9,hello
21.77066016197205,0,-12,-14,-27,-14,-5,-19,0,-4,-21,-9,-2,-13,-15,hello
21.785860300064087,13,-1,0,-11,-8,-5,-12,0,-6,-16,7,7,0,-8,hello
21.785860300064087,5,11,12,-1,1,10,-7,0,-5,-20,16,8,6,-3,hello
21.8010196685791,4,21,20,14,7,17,-9,-8,-14,-18,16,5,-2,-2,hello
21.8010196685791,13,23,22,37,14,29,7,-6,-7,11,5,1,0,6,hello
21.817036390304565,2,8,10,23,10,37,26,7,7,28,-10,-7,2,14,hello
21.817036390304565,-5,-8,-10,-6,0,25,21,12,15,21,-12,-14,0,17,hello
21.833110094070435,1,-8,-13,-1,2,25,17,13,26,26,-3,-6,7,23,hello
21.833110094070435,-1,-8,-10,7,11,31,23,21,35,36,-3,0,18,23,hello
21.84903621673584,-10,-19,-22,-10,7,11,11,18,25,29,0,-1,22,8,hello
21.84903621673584,0,-21,-18,-26,2,-12,-12,1,9,10,13,1,27,-2,hello
21.86419892311096,8,-10,-3,-16,0,-16,-18,-6,2,-11,19,11,24,-4,sil
21.86419892311096,4,5,6,-6,-1,-11,-14,-9,-11,-17,22,16,7,-5,sil
21.879684686660767,6,14,15,0,0,-15,-17,-19,-27,-3,30,16,-2,-11,sil
21.879684686660767,4,15,18,10,3,-17,-25,-27,-26,-7,21,5,-9,-17,sil
21.89520835876465,-6,19,22,17,8,-5,-15,-22,-23,-25,0,0,-25,-20,sil
21.89520835876465,-8,20,28,24,3,-2,1,-18,-27,-25,-11,0,-39,-15,sil
21.910414934158325,-7,6,25,21,-9,-15,0,-20,-23,-17,-15,-1,-36,-11,sil
21.910414934158325,-15,-4,11,4,-11,-17,4,-5,-6,-2,-18,-7,-23,-5,sil
21.92607307434082,-12,-4,0,4,-3,-18,25,12,16,21,-11,-9,-7,5,sil
21.92607307434082,1,1,5,19,-1,-30,27,14,27,26,-1,-2,6,14,sil
21.941651582717896,7,3,8,17,-5,-24,15,16,22,19,-3,0,20,21,sil
21.941651582717896,0,-7,-5,-3,-6,-12,7,17,9,15,-6,0,20,22,sil
21.957048892974854,-3,-18,-21,-19,-8,-24,-3,10,1,0,-7,4,7,10,sil
21.957048892974854,-3,-15,-31,-18,-14,-31,-9,8,3,-14,-13,-2,2,-3,sil
21.972808122634888,-3,-13,-27,-20,-9,-9,-10,14,0,-15,-13,-10,3,-2,sil
21.972808122634888,6,-7,-13,-21,1,16,-12,12,-4,-11,2,7,6,-1,sil
21.988682746887207,22,9,-3,-9,6,30,-9,0,-5,-12,17,25,14,-3,sil
21.988682746887207,22,14,-1,-6,5,27,-11,-4,-13,-16,17,13,13,-3,sil
22.004158973693848,4,8,-5,-11,0,18,-17,-5,-16,-12,9,-7,3,-8,sil
22.004158973693848,-5,12,0,-1,1,23,-12,-12,-10,-8,5,-5,0,-10,sil
22.02000331878662,5,20,12,16,15,37,-2,-12,-2,-7,10,8,4,0,sil
22.02000331878662,12,17,17,19,14,39,5,-5,5,3,7,5,2,5,sil
22.03561925888061,-6,4,9,9,0,29,10,-6,8,14,-10,-8,-10,3,sil
22.03561925888061,-12,-5,1,3,6,24,14,-3,10,18,-14,-10,-13,4,sil
22.05106019973755,0,-5,3,6,20,29,25,8,20,24,0,-7,0,8,sil
22.05106019973755,-5,-13,-9,1,8,19,24,8,23,24,-3,-17,-2,2,sil
22.06714677810669,-19,-28,-26,-10,-9,-5,8,-1,10,13,-17,-18,-18,-6,sil
22.06714677810669,-13,-25,-14,-11,-7,-17,6,0,0,5,-14,-7,-15,-3,sil
22.08325791358948,-7,-10,-6,-7,-9,-18,12,9,8,1,-8,-2,1,4,sil
22.08325791358948,-2,-2,-8,-11,-13,-30,-1,8,8,-5,0,5,12,2,sil
22.104083776474,10,3,3,-6,-2,-39,-28,-7,-14,-17,13,9,7,-11,sil
22.104083776474,14,19,20,12,4,-24,-32,-18,-29,-25,18,1,0,-16,sil
22.104083776474,5,22,28,20,1,-8,-10,-12,-19,-18,10,1,-1,-2,sil
22.11472725868225,-8,-4,13,10,-4,-7,0,-4,-12,-3,-6,-3,-9,3,sil
22.13022875785828,-18,-22,-3,-5,-10,-12,-5,0,-2,2,-11,-11,-12,0,sil
22.13022875785828,0,-6,1,-9,-9,-19,-7,10,14,7,15,10,11,7,sil
22.14576816558838,26,11,11,0,0,-26,-9,4,4,2,35,34,25,7,sil
22.14576816558838,16,15,12,2,8,-16,-15,-13,-21,-16,20,21,2,-10,sil
22.16095209121704,-4,17,10,5,13,7,-2,-10,-20,-12,1,-1,-15,-17,sil
22.16095209121704,-9,14,9,12,13,23,17,5,-4,8,-6,-8,-12,-6,sil
22.17676997184753,-7,2,0,3,6,25,23,11,6,17,-18,-7,-7,5,sil
22.17676997184753,-7,-9,-13,-7,-5,15,20,4,13,19,-26,-11,-6,12,sil
22.19272470474243,-15,-17,-17,-7,-14,0,7,-4,1,10,-30,-14,-11,7,sil
22.19272470474243,-14,-17,-17,-5,-13,-7,-1,0,-7,-5,-24,-11,-7,5,sil
22.208123683929443,7,-3,-10,-2,-1,0,4,13,7,-9,-4,4,13,18,sil
22.208123683929443,20,7,0,4,6,-3,10,12,13,-4,13,16,25,16,sil
22.2240846157074,15,10,2,11,1,-12,0,0,-1,-3,16,13,19,0,sil
22.2240846157074,8,6,0,5,-2,-2,-11,-1,-3,-5,9,8,10,-2,sil
22.2396879196167,1,0,-6,-8,-5,8,-12,4,8,-8,1,3,2,-2,sil
22.2396879196167,5,4,-2,-7,0,7,-8,1,6,-5,4,0,2,-10,sil
22.25512456893921,13,17,13,12,12,13,-1,-2,2,5,5,-5,0,-10,sil
22.25512456893921,0,6,8,19,10,29,12,5,17,24,-8,-12,-18,-2,sil
22.27104377746582,-14,-16,-8,0,1,31,21,18,32,33,-9,-10,-10,15,sil
22.27104377746582,-6,-24,-22,-16,-1,14,13,15,30,29,8,0,22,25,sil
22.28687334060669,-3,-21,-27,-25,-7,-6,-5,-2,13,9,15,2,20,3,sil
22.28687334060669,-7,-15,-12,-26,-8,-19,-19,-16,-9,-19,11,3,-4,-20,sil
22.301964282989506,1,-5,5,-8,0,-19,-16,-14,-18,-30,12,5,-4,-17,sil
22.301964282989506,7,8,15,3,10,-9,-11,-11,-13,-17,10,14,0,-7,sil
22.31816005706787,9,16,16,6,9,-4,-8,-13,-11,-4,6,16,0,-8,sil
22.31816005706787,5,14,13,8,1,-5,-6,-13,-18,-4,0,1,-3,-10,sil
22.333818435668945,-11,10,6,0,-2,-5,-11,-9,-28,-15,-14,-8,-16,-12,sil
22.333818435668945,-10,9,1,-2,-6,-6,-15,-9,-33,-26,-12,-4,-15,-11,sil
22.349299669265747,3,8,9,3,-3,-12,-7,-10,-28,-20,-3,-3,-6,-6,sil
22.349299669265747,0,3,15,8,0,-5,4,-4,-12,-5,-11,-18,-9,-4,sil
22.36447763442993,-5,0,11,10,0,6,13,3,-1,1,-18,-22,-8,0,sil
22.36447763442993,1,-1,11,13,1,6,15,3,-6,8,-14,-11,-7,5,sil
22.37967872619629,-3,0,2,16,2,7,15,-3,-4,9,-11,-12,-17,4,sil
22.37967872619629,-21,-3,-12,12,-4,15,11,-3,5,-5,-11,-19,-18,-1,sil
22.39578747749329,-21,-10,-13,4,-2,14,11,10,11,1,-3,-10,-2,-1,sil
22.39578747749329,-3,-7,-7,9,10,15,21,22,28,44,12,1,14,12,sil
22.41170763969421,6,0,-4,8,7,14,23,22,38,48,21,11,19,29,sil
22.41170763969421,8,0,-6,-8,-8,-9,6,16,16,10,10,12,15,27,sil
22.42692399024964,11,-2,-4,-18,-8,-24,-8,9,-2,-1,-1,7,8,15,sil
22.42692399024964,15,1,-1,-8,-1,-7,-1,9,13,16,7,13,13,18,sil
22.44274377822876,14,3,-7,-4,-2,6,5,13,29,16,21,19,27,18,sil
22.44274377822876,3,-2,-11,-17,-5,1,-10,5,12,-9,7,10,12,-5,sil
22.4579598903656,0,-10,-11,-23,-2,-10,-25,-9,-1,-21,-10,-1,-11,-23,sil
22.4579598903656,7,-5,-4,-14,4,-14,-15,-9,-2,-11,0,8,-1,-12,sil
22.473018646240234,6,0,4,-8,5,-10,-2,1,-2,-10,13,22,17,0,sil
22.473018646240234,0,-1,3,-9,0,-8,-8,-1,0,-17,4,20,11,-4,sil
22.488656997680664,3,-2,7,-6,-1,-11,-14,-9,4,-11,1,12,8,-11,sil
22.488656997680664,6,0,8,2,-1,-1,-4,0,3,0,6,5,9,-9,sil
22.50471830368042,-4,8,0,4,-2,8,-5,-3,-2,-2,0,5,-3,-6,sil
22.50471830368042,-5,17,3,7,2,0,-17,-25,-12,-14,0,4,-9,-6,sil
22.51987624168396,4,11,12,19,11,-5,-8,-24,-11,-12,2,-7,-3,-8,sil
22.53544926643372,5,5,15,15,15,9,9,-9,-12,-8,-7,-16,-15,-9,sil
22.53544926643372,1,9,9,8,5,14,10,-11,-26,-11,-17,-17,-27,-5,sil
22.53544926643372,0,8,7,15,0,6,6,-12,-36,-7,-13,-20,-21,0,sil
22.55127167701721,-8,0,8,14,6,9,8,-2,-31,1,-7,-24,-18,0,sil
22.566972017288208,-15,-9,-4,0,0,11,10,0,-19,3,-8,-19,-20,-6,sil
22.566972017288208,-15,-7,-9,0,-11,8,12,2,-9,6,-14,-13,-13,-1,sil
22.566972017288208,-15,-1,-1,14,-4,18,19,17,4,18,-16,-16,-7,9,sil
22.582213640213013,-17,-5,-8,13,-2,19,19,16,19,25,-13,-19,-4,9,sil
22.59688091278076,-9,-10,-16,-5,-15,-3,7,7,21,17,-4,-5,1,3,sil
22.59688091278076,0,-4,-8,-7,-13,-10,0,10,19,13,2,5,10,2,sil
22.61274576187133,-6,-8,-2,-3,-1,0,1,13,18,16,4,1,12,3,sil
22.61274576187133,-9,-22,-17,-17,0,-5,0,7,16,9,-3,-5,5,0,sil
22.628852128982544,0,-15,-22,-29,0,-17,-12,3,5,-11,-4,-6,0,-5,sil
22.628852128982544,5,-3,-9,-21,2,-18,-17,5,0,-19,5,6,15,-2,sil
22.644864320755005,14,2,0,-6,3,-15,-8,9,12,0,26,27,39,10,sil
22.644864320755005,26,13,4,0,2,-7,-10,9,23,13,35,37,41,21,sil
22.66003155708313,27,12,7,-9,-1,-11,-21,0,8,-1,20,29,26,14,sil
22.66003155708313,22,7,8,-13,-3,-22,-26,-14,-12,-24,5,23,10,0,sil
22.67563414573669,18,13,18,2,3,-12,-16,-15,-15,-22,9,22,-6,-2,sil
22.67563414573669,8,15,22,16,7,7,4,-6,-5,-4,12,11,-13,0,sil
22.69085025787353,0,11,20,12,7,13,12,-2,0,-3,8,2,-11,-2,sil
22.69085025787353,2,13,15,9,11,10,11,-7,0,-6,5,1,-11,-4,sil
22.707055807113647,0,10,5,17,10,14,22,-10,-3,3,-2,-4,-11,-3,sil
22.707055807113647,-7,4,7,22,7,21,20,-5,-7,2,-10,-13,-12,-3,sil
22.722078800201416,-13,3,7,15,1,16,1,-3,-9,-4,-11,-17,-13,-5,sil
22.722078800201416,-22,-4,-5,2,-7,0,-1,-5,-8,1,-19,-16,-16,-7,sil
22.737268447875977,-26,-20,-15,-10,-14,-3,5,3,0,8,-23,-16,-15,-4,sil
22.737268447875977,-19,-21,-17,-13,-10,13,8,11,3,5,-17,-24,-10,-1,sil
22.75326657295227,-17,-9,-13,0,0,23,14,4,0,4,-19,-25,-11,-4,sil
22.75326657295227,-20,-7,-13,9,4,8,14,-2,0,14,-18,-22,-17,-9,sil
22.76839852333069,-15,-20,-12,-6,0,-2,-1,-3,2,10,-8,-17,-11,-6,sil
22.76839852333069,0,-24,-10,-18,-3,-9,-13,7,4,-6,2,0,13,4,sil
22.783671140670776,18,-8,-5,-12,-7,-20,-7,17,10,0,17,24,39,22,sil
22.783671140670776,22,5,6,-12,-12,-25,-7,11,12,14,21,31,38,22,sil
22.7988076210022,23,10,13,-5,-5,-17,-9,0,11,5,12,26,24,11,sil
22.7988076210022,34,15,7,4,5,-14,-10,-5,5,-11,18,27,25,7,sil
22.81442141532898,30,14,1,-7,0,-14,-21,-10,-15,-18,25,22,19,-2,sil
22.81442141532898,4,12,3,-8,-3,-1,-22,-10,-29,-11,8,3,-4,-16,sil
22.82982325553894,-6,11,12,17,9,15,0,-5,-17,1,-4,-8,-18,-8,sil
22.82982325553894,1,12,11,29,7,12,10,-4,-11,2,-4,-14,-21,-4,sil
22.84589648246765,-3,12,0,18,0,0,-6,-7,-21,-8,-13,-22,-34,-21,sil
22.84589648246765,-25,3,-2,9,6,7,0,-3,-11,-5,-27,-27,-36,-25,sil
22.86169457435608,-33,-13,-11,0,2,17,30,6,16,10,-29,-28,-20,-3,sil
22.86169457435608,-20,-26,-23,-16,0,9,27,12,23,5,-25,-18,-11,12,sil
22.8770694732666,-8,-24,-20,-24,4,0,1,11,15,-4,-16,1,-1,5,sil
22.8770694732666,0,-9,-10,-16,-3,-9,-7,11,20,3,0,14,17,0,sil
22.892469882965088,13,0,-1,-9,-10,-19,-11,10,17,3,16,16,20,8,sil
22.892469882965088,20,2,2,-5,-1,-15,-16,0,-1,-12,27,13,16,9,sil
22.907726049423218,6,16,9,0,0,-6,-18,-12,-14,-18,37,18,19,0,sil
22.907726049423218,0,25,12,12,0,0,-12,-17,-9,-9,31,11,12,0,sil
22.9238338470459,-3,12,15,23,12,11,3,-12,0,1,7,-7,-7,-3,sil
22.9238338470459,-9,0,14,24,18,18,21,0,4,10,-3,-11,-11,-4,sil
22.939454555511475,-3,6,11,26,10,20,31,8,14,22,0,0,1,12,sil
22.939454555511475,2,4,13,17,10,22,29,10,19,33,-2,7,6,24,sil
22.95508337020874,0,-12,-3,-5,0,11,17,12,9,23,-17,-1,-2,10,sil
22.95508337020874,-6,-22,-25,-26,-21,-7,-1,0,-3,-4,-26,-9,-10,0,sil
22.970706462860107,-1,-20,-14,-32,-22,-15,-12,-8,-10,-19,-16,0,-1,3,sil
22.970706462860107,19,-6,4,-18,-8,-15,-10,0,-10,-7,8,16,21,4,sil
22.98612070083618,30,14,14,-2,-4,-13,-15,0,-12,-4,31,23,30,-2,sil
22.98612070083618,21,24,21,6,-1,-7,-19,-13,-20,-12,28,19,10,-9,sil
23.001713275909424,12,14,18,17,1,-1,-6,-9,-21,-6,2,1,-9,-9,sil
23.001713275909424,0,0,9,13,4,5,7,4,-6,3,-11,-14,-15,-4,sil
23.01680827140808,-19,-12,0,3,0,13,12,3,14,13,-14,-19,-12,-2,sil
23.01680827140808,-19,-17,-13,-3,-3,10,7,0,13,14,-26,-16,-14,-2,sil
23.032087802886963,-7,-13,-21,-18,-2,2,1,6,3,2,-26,-12,-11,0,sil
23.032087802886963,-5,-9,-16,-22,0,-1,0,11,12,0,0,0,6,2,sil
23.04764437675476,0,-6,-11,-3,2,-8,-4,7,20,4,17,14,23,7,sil
23.06368827819824,5,1,-18,0,5,-15,-20,0,6,-6,9,8,16,0,sil
23.06368827819824,-4,3,-16,-16,-2,-12,-33,-13,-24,-35,-6,-7,-7,-22,sil
23.078840255737305,-20,-1,-9,-14,-6,-7,-26,-15,-37,-40,-12,-12,-23,-33,sil
23.078840255737305,-16,11,-6,10,9,-2,-1,-7,-10,-17,0,-8,-15,-19,sil
23.095415115356445,1,30,14,26,22,8,14,-3,8,-3,11,0,-8,0,sil
23.095415115356445,5,21,22,26,10,18,14,-5,-3,-1,4,-1,-14,7,sil
23.095415115356445,-9,-2,-1,14,-1,10,7,-8,-8,3,-11,-11,-20,-1,sil
23.11001491546631,-11,-10,-1,4,-2,0,10,-4,0,12,-17,-16,-19,0,sil
23.12574505805969,0,0,17,15,-4,6,18,6,10,24,-4,-10,-6,16,sil
23.12574505805969,1,-2,13,9,-7,10,19,16,18,27,8,1,10,21,sil
23.1406409740448,7,-10,-1,-13,-6,-2,15,15,24,21,7,10,19,19,sil
23.1406409740448,12,-8,-4,-13,-6,-14,7,7,13,7,0,10,13,17,sil
23.671186208724976,17,2,0,9,3,43,0,14,21,4,10,17,17,11,sil
23.671186208724976,20,16,14,11,4,38,0,8,16,6,25,29,25,16,sil
23.671186208724976,10,17,17,11,6,24,-1,1,3,0,20,26,23,5,sil
23.686750888824463,4,-1,5,-1,0,18,-11,3,5,-5,22,22,25,0,sil
23.686750888824463,8,-9,-7,-15,-4,12,-16,-2,0,-4,11,11,19,1,sil
23.70206379890442,5,0,-6,-10,-4,-1,-18,-15,-21,-9,-9,1,2,-8,sil
23.70206379890442,-2,-3,0,-8,-4,-4,-24,-14,-27,-20,-1,2,-8,-22,sil
23.717663764953613,-6,-10,-7,-10,0,2,-19,-8,-22,-24,6,1,-9,-21,sil
23.717663764953613,-4,4,0,0,10,5,-3,-11,-23,-15,0,-9,-9,-12,sil
23.73318862915039,1,16,14,5,9,1,-3,-15,-26,-9,6,-7,-6,-5,sil
23.748899221420288,2,6,9,-1,-2,0,-13,-17,-20,-15,14,0,-3,-6,sil
23.748899221420288,-4,0,3,-6,-5,-6,-12,-12,-15,-11,3,-1,-1,-7,sil
23.748899221420288,-6,11,7,2,-1,-8,-3,-7,-21,0,-4,-9,-5,0,sil
23.76449227333069,-9,16,5,8,-2,0,5,-4,-21,0,-10,-15,-17,-4,sil
23.76449227333069,-19,0,-5,4,0,6,16,1,1,0,-23,-20,-23,-13,sil
23.78017449378968,-22,-16,-11,0,6,5,21,7,18,3,-27,-23,-21,-7,sil
23.796715259552,-10,-10,-5,3,14,-1,17,6,9,-6,-18,-20,-17,1,sil
23.796715259552,-2,0,0,9,6,-10,14,6,6,0,-20,-22,-16,1,sil
23.812276124954224,-8,-10,-7,-2,-7,-9,17,10,16,19,-36,-27,-22,0,sil
23.812276124954224,-8,-22,-19,-17,-5,-2,25,14,27,31,-34,-19,-9,6,sil
23.812276124954224,1,-18,-14,-13,0,1,26,17,32,31,-5,1,15,15,sil
23.82707929611206,0,-17,-10,-14,-5,3,18,16,30,18,2,7,10,15,sil
23.842260122299194,-5,-21,-25,-31,-13,-7,8,18,31,5,-4,0,2,9,sil
23.842260122299194,2,-10,-15,-27,-8,-20,-6,18,25,8,10,18,26,10,sil
23.858171939849854,20,6,14,0,-4,-16,-23,4,8,4,33,42,36,9,sil
23.858171939849854,20,19,16,13,-6,-12,-28,-8,-3,-11,34,32,19,0,sil
23.87368869781494,12,26,10,20,0,-15,-24,-4,-8,-13,31,25,17,2,sil
23.87368869781494,24,26,20,29,7,-6,-15,0,-6,-1,37,39,29,12,sil
23.888899087905884,27,16,26,20,5,3,-7,-7,-16,-9,30,33,17,0,sil
23.888899087905884,3,5,11,4,2,4,0,-13,-34,-28,5,0,-11,-18,sil
23.904993057250977,-10,4,-6,5,2,6,0,-13,-31,-26,-10,-17,-17,-13,sil
23.904993057250977,-1,8,4,6,0,3,-13,-17,-22,-14,0,-5,0,-3,sil
23.920716047286987,7,13,23,10,-1,-4,-26,-22,-26,-8,13,2,6,-8,sil
23.920716047286987,6,18,24,22,5,-1,-18,-20,-26,-2,7,-2,-4,-12,sil
23.935895442962646,0,9,17,23,13,8,-2,-9,-7,6,0,-3,-9,0,sil
23.935895442962646,0,0,11,10,8,16,6,2,11,12,-3,0,-3,9,sil
23.95201325416565,-2,-4,0,1,4,20,13,9,9,10,-9,-5,-9,4,sil
23.95201325416565,-16,-18,-17,-2,3,20,23,7,6,12,-23,-22,-25,-8,sil
23.96722722053528,-28,-24,-21,-9,0,17,23,4,17,15,-27,-22,-23,-2,sil
23.96722722053528,-20,-21,-18,-19,-5,11,15,2,20,14,-14,-14,-7,11,sil
23.983139753341675,-12,-27,-26,-24,-8,7,11,4,10,13,-6,-24,-1,0,sil
23.983139753341675,-14,-26,-23,-18,-3,3,10,11,12,8,-12,-28,-4,-10,sil
23.99880766868592,-17,-9,-17,-15,-4,-4,3,7,13,-2,-22,-22,-8,-6,sil
23.99880766868592,-16,-3,-19,-22,-11,-9,0,-3,-3,-12,-29,-21,-16,-6,sil
24.014028549194336,-1,0,-7,-15,-2,-7,0,7,-6,-9,-18,-3,-9,0,sil
24.014028549194336,20,12,5,6,9,-6,4,26,19,5,3,20,16,19,sil
24.02985453605652,21,13,6,10,8,-7,4,18,22,3,12,23,26,22,sil
24.02985453605652,8,7,-7,0,6,-3,1,1,-3,-13,2,9,10,2,sil
24.04490113258361,0,-1,-16,-10,2,0,-4,-3,-15,-16,-8,-2,-1,-10,sil
24.04490113258361,1,-14,-9,-21,-10,-8,-14,0,-3,-3,-3,5,1,-1,sil
24.06027340888977,10,-9,0,-19,-19,-22,-18,1,0,3,14,22,11,8,sil
24.06027340888977,11,8,9,-5,-13,-22,-18,-6,-12,0,28,21,17,-1,sil
24.07689619064331,10,15,21,9,-9,-7,-13,-12,-16,-5,33,16,18,-6,sil
24.07689619064331,16,18,26,23,-3,0,-6,-9,-5,-4,39,32,18,5,sil
24.092029333114624,20,24,30,23,5,0,-5,-7,-2,-7,33,41,16,9,sil
24.092029333114624,20,24,32,16,6,5,-5,-10,-2,-5,19,25,13,2,sil
24.11273193359375,17,18,28,18,7,0,-11,-15,-7,0,13,15,3,-3,sil
24.11273193359375,6,10,22,19,13,-1,-14,-14,-15,-6,6,0,-8,-8,sil
24.11273193359375,-11,0,4,10,10,17,-1,-7,-10,-5,-13,-26,-17,-7,sil
24.12283945083618,-23,-3,-13,2,6,27,6,-5,-7,4,-26,-33,-28,-10,sil
24.13879942893982,-23,-4,-13,10,8,10,0,-6,-9,6,-22,-28,-26,-18,sil
24.13879942893982,-22,-4,-4,15,10,3,10,2,2,6,-18,-31,-13,-8,sil
24.157145500183105,-23,-12,-10,2,4,13,37,15,24,16,-18,-28,-5,5,sil
24.157145500183105,-16,-20,-18,-5,0,23,42,19,35,26,-15,-20,-5,3,sil
24.16967487335205,-7,-17,-11,-6,0,11,28,17,28,21,-13,-14,-4,5,sil
24.16967487335205,-12,-19,-17,-15,-7,-29,13,11,16,11,-14,-8,-2,8,sil
24.18570041656494,-19,-26,-28,-25,-16,-50,0,3,8,3,-11,-7,-2,-1,sil
24.18570041656494,-1,-18,-13,-14,-7,-31,-1,5,8,7,0,-2,4,0,sil
24.20172619819641,21,0,4,0,-2,-20,4,12,8,12,12,13,20,21,sil
24.20172619819641,14,0,0,-4,-9,-14,-7,6,4,-3,7,16,19,21,sil
24.216739654541016,0,-11,-17,-17,-7,8,-22,-3,-5,-20,-9,0,-3,0,sil
24.216739654541016,1,-1,-10,-20,0,16,-24,-9,-22,-22,-7,4,-12,-14,sil
24.232107639312744,11,17,14,-2,-2,9,-27,-12,-30,-22,13,23,0,-13,sil
24.232107639312744,18,21,14,11,2,15,-23,-12,-24,-19,14,19,2,-13,sil
24.24781346321106,17,10,2,-12,7,15,-8,-9,-23,-17,-2,8,-12,-10,sil
24.24781346321106,11,9,8,-23,-3,7,-4,-10,-23,-24,0,8,-13,-2,sil
24.26298189163208,4,28,24,23,-2,15,-5,-10,-18,-20,13,8,1,-1,sil
24.26298189163208,0,29,20,53,14,23,7,0,-8,6,8,-1,7,0,sil
24.278174877166748,-3,0,2,21,9,15,19,10,13,29,1,-7,6,8,sil
24.278174877166748,-9,-19,-6,-8,-4,5,14,19,33,20,2,-3,13,14,sil
24.293677806854248,-2,-16,-12,-6,-4,0,4,16,30,6,2,3,21,14,sil
24.293677806854248,9,-6,-9,-8,-8,-15,-15,-1,10,0,8,15,19,10,sil
24.30970454216004,9,3,4,-9,-10,-30,-31,-16,-8,-8,16,13,7,-3,sil
24.30970454216004,0,16,9,10,4,-20,-12,-11,-9,-2,8,-4,-4,-12,sil
24.32491946220398,-6,15,7,24,17,3,12,-3,-1,12,-3,-15,-13,-3,sil
24.32491946220398,-9,0,0,17,8,11,21,1,9,20,-9,-14,-10,6,sil
24.340446949005127,-1,-7,-6,2,2,0,27,12,26,25,-13,-11,1,11,sil
24.340446949005127,3,-13,-6,-17,3,-19,19,17,28,18,-12,-1,10,10,sil
24.35602879524231,-7,-16,-12,-29,-2,-25,-1,5,5,-8,-9,1,7,0,sil
24.37120246887207,-12,-1,-4,-18,-1,-15,-8,-5,-15,-23,-5,0,-1,-12,sil
24.37120246887207,0,13,15,2,5,-4,0,-3,-17,-17,2,-2,-10,-16,sil
24.386726140975952,-4,5,17,14,0,10,9,-3,-11,-12,2,-8,-19,-13,sil
24.386726140975952,-24,-10,-1,6,-10,23,14,-12,-9,-6,-14,-18,-31,-12,sil
24.402661085128784,-22,-16,-13,-8,-16,18,13,-7,-4,6,-27,-26,-31,-10,sil
24.402661085128784,-3,-16,-5,-7,-4,13,12,9,9,17,-11,-14,-9,0,sil
24.4186646938324,7,-19,-1,0,4,12,2,11,23,23,13,5,11,9,sil
24.4186646938324,6,-14,-11,-6,-2,-3,-20,3,16,16,14,10,17,8,sil
24.434182167053223,4,-2,-11,-12,-5,-15,-33,1,-1,0,3,7,14,3,sil
24.434182167053223,9,-2,-8,-12,-8,-11,-30,0,-11,-13,4,10,13,-3,sil
24.450180053710938,14,-3,-9,-18,-15,-10,-27,-5,-17,-22,19,24,16,0,sil
24.450180053710938,21,13,3,-7,-2,-2,-14,-2,-19,-19,35,40,25,13,sil
24.46523785591125,28,35,27,25,11,6,3,0,-11,-11,30,41,27,19,sil
24.46523785591125,29,38,41,37,12,1,10,-3,-8,-10,13,26,9,12,sil
24.48102355003357,16,29,25,25,15,0,4,-11,-14,-2,7,12,-4,4,sil
24.48102355003357,-7,19,4,17,15,5,0,-14,-21,1,4,0,-5,-2,sil
24.49714159965515,-18,10,2,18,12,8,6,-7,-12,0,-8,-11,-10,-6,sil
24.49714159965515,-18,-3,-4,9,13,10,22,0,7,4,-30,-27,-27,-7,sil
24.51317358016968,-22,-12,-17,-5,3,9,16,4,9,0,-43,-42,-36,-13,sil
24.51317358016968,-21,-11,-22,-3,-8,7,7,11,11,4,-30,-47,-23,-14,sil
24.51317358016968,-20,-15,-23,-7,-11,3,7,11,20,18,-22,-35,-17,-12,sil
24.528871536254883,-27,-34,-31,-33,-16,-11,0,2,16,2,-44,-31,-31,-15,sil
24.528871536254883,-20,-31,-32,-29,-9,-19,-4,6,15,-8,-37,-27,-22,-6,sil
24.544983386993408,4,-7,-12,-6,3,-3,4,19,31,14,13,4,17,14,sil
24.56067943572998,13,-4,-2,-14,-2,0,8,17,28,19,32,21,39,16,sil
24.56067943572998,0,-12,-6,-27,-12,-21,-4,-2,1,-5,16,11,27,0,sil
24.56067943572998,10,1,8,-6,-4,-27,-16,-5,-8,-15,27,24,25,5,sil
24.575732231140137,41,24,29,19,-1,-11,-15,0,-4,-8,51,46,42,17,sil
24.59091663360596,33,28,31,20,0,-14,-17,-12,-18,-15,43,35,30,7,sil
24.59091663360596,10,22,24,13,9,-18,-15,-20,-25,-13,17,17,5,-1,sil
24.60702848434448,16,29,31,22,15,8,8,-5,-6,8,13,13,4,8,sil
24.60702848434448,19,31,41,35,15,33,27,1,0,23,19,5,4,7,sil
24.623044967651367,-2,6,24,25,12,26,13,-7,-10,13,0,-8,-18,-3,sil
24.623044967651367,-22,-24,-6,-7,-3,16,-3,-18,-24,-8,-34,-22,-40,-13,sil
24.637802362442017,-38,-39,-32,-28,-22,16,-7,-22,-29,-21,-59,-39,-51,-27,sil
24.637802362442017,-42,-38,-36,-23,-19,14,-4,-6,-10,-9,-57,-36,-49,-27,sil
24.653746843338013,-21,-29,-18,-19,-3,15,10,21,17,17,-28,-4,-17,0,sil
24.653746843338013,-6,-19,-10,-15,-2,20,21,30,33,32,-3,9,16,18,sil
24.668705940246586,-6,-7,-7,-3,-4,12,9,22,36,24,2,7,22,19,sil
24.668705940246586,5,0,-1,0,2,-1,0,19,27,18,12,15,24,22,sil
24.68477463722229,18,8,2,-1,0,-4,-5,7,6,14,24,21,31,12,sil
24.68477463722229,19,17,3,3,-1,-1,-13,-10,-7,-8,25,18,21,-5,sil
24.70004367828369,22,25,0,8,9,-12,-12,-14,-12,-28,23,13,11,-4,sil
24.70004367828369,17,21,-4,-4,9,-22,-18,-8,-20,-36,18,8,10,0,sil
24.71591758728028,9,16,-1,-6,1,-17,-25,-4,-15,-36,10,3,5,-4,sil
24.71591758728028,13,22,9,14,10,-3,-6,-4,-4,-20,14,5,6,-1,sil
24.731410026550293,9,23,15,16,21,6,10,-11,-10,-7,10,-4,0,0,sil
24.731410026550293,-11,8,5,5,10,8,11,-9,-11,-4,-11,-29,-25,-12,sil
24.74702429771424,-23,-1,0,13,-1,2,11,4,2,7,-20,-33,-34,-20,sil
24.74702429771424,-17,-11,-2,20,2,0,14,11,11,20,-18,-23,-26,-13,sil
24.76335859298706,-17,-26,-17,0,2,-5,15,2,13,15,-30,-26,-26,-8,sil
24.76335859298706,-22,-29,-22,-14,-15,-30,6,0,8,7,-35,-23,-24,-9,sil
24.77893233299256,-8,-23,-16,-6,-27,-57,-8,5,6,8,-18,-6,-5,-2,sil
24.77893233299256,8,-20,-11,-12,-21,-66,-12,5,10,0,-1,8,16,8,sil
24.79402732849121,16,-7,2,-20,-10,-58,-11,1,0,-20,9,25,28,14,sil
24.79402732849121,20,22,22,3,2,-26,-17,-3,-23,-17,24,41,26,14,sil
24.80965495109558,17,36,32,25,13,22,-8,-7,-25,3,31,33,14,10,sil
24.80965495109558,0,15,16,15,9,50,5,-1,-3,9,12,0,0,2,sil
24.824771642684937,-14,-10,-1,-1,2,57,7,1,9,7,-11,-17,-9,1,sil
24.824771642684937,-9,-15,-5,-2,6,72,13,-5,2,15,-17,-16,-15,3,sil
24.84106421470642,-2,-10,-4,0,3,70,21,-6,1,22,-12,-11,-9,2,sil
24.84106421470642,-7,-10,-1,-7,-1,39,11,11,23,28,-1,5,14,13,sil
24.85731172561645,1,-8,-1,-11,1,16,3,27,39,31,18,24,37,24,sil
24.85731172561645,14,-2,-3,-9,0,11,2,14,23,14,30,20,28,9,sil
24.87305903434753,9,3,0,-9,-2,7,-3,-5,0,-11,15,6,3,-7,sil
24.87305903434753,-2,6,-5,-10,-2,-3,-5,-10,-14,-32,-5,-2,-3,-13,sil
24.88868093490601,-13,0,-19,-18,-12,-28,-11,-7,-26,-44,-10,-8,-4,-24,sil
24.88868093490601,-15,-2,-17,-22,-12,-40,-16,-5,-24,-30,0,-6,-10,-27,sil
24.90408754348755,7,15,11,0,8,-17,0,-4,-4,-3,11,2,-2,-7,sil
24.90408754348755,30,30,35,29,11,-6,6,-4,1,-2,12,15,4,3,sil
24.920081853866577,22,24,26,35,1,-22,-7,-6,-3,-13,3,15,-5,0,sil
24.920081853866577,5,11,15,20,5,-13,-3,-11,-8,-6,-8,0,-14,0,sil
24.935620069503784,4,3,8,12,8,4,8,-11,-9,8,-14,-15,-10,0,sil
24.935620069503784,4,5,7,20,5,0,4,-4,-12,11,-6,-16,-10,3,sil
24.951682329177856,-9,0,5,14,2,-3,1,-3,-14,6,-6,-14,-16,5,sil
24.951682329177856,-30,-24,-18,-11,-3,1,4,0,-6,10,-24,-31,-21,0,sil
24.96779489517212,-30,-31,-34,-24,-4,0,4,13,9,18,-25,-35,-22,-3,sil
24.96779489517212,-14,-22,-23,-13,-1,-1,8,25,25,18,-7,-18,-2,2,sil
24.98304033279419,-14,-20,-18,-18,-4,-13,4,15,27,8,1,1,18,6,sil
24.98304033279419,-12,-15,-18,-28,-2,-23,-3,9,17,1,3,13,16,5,sil
24.99880361557007,4,-11,-18,-21,0,-19,-4,11,13,2,0,15,8,1,sil
24.99880361557007,4,-18,-17,-23,-12,-14,-14,1,11,-11,1,15,15,-4,sil
25.014413833618164,3,-6,2,-15,-9,-9,-23,-4,1,-21,26,25,28,-3,sil
25.014413833618164,16,23,22,13,2,0,-22,-7,-9,-11,41,29,26,1,sil
25.03023362159729,14,24,19,15,-1,0,-22,-15,-20,-15,18,15,5,-3,sil
25.03023362159729,5,14,14,11,-2,8,-7,-11,-18,-12,6,3,0,-6,sil
25.045061111450195,12,21,22,30,12,21,9,-2,-11,2,8,4,1,2,sil
25.045061111450195,12,20,18,32,12,24,13,-8,-10,-3,-12,-1,-16,2,sil
25.060915231704712,5,15,6,17,6,30,20,-11,-10,-8,-29,-17,-27,-3,sil
25.060915231704712,9,15,11,19,14,39,24,0,-6,8,-19,-14,-15,3,sil
25.077054738998413,11,5,14,27,7,29,17,7,3,18,-7,-2,-4,12,sil
25.077054738998413,-4,-5,1,15,-9,15,16,8,17,19,-9,-2,-3,5,sil
25.09215450286865,-14,-3,-6,-2,-9,8,12,10,15,14,-18,-10,-11,0,sil
25.09215450286865,-13,-4,-16,-13,-7,0,2,10,7,0,-20,-15,-17,0,sil
25.107908248901367,-16,-22,-31,-23,-15,-13,0,8,6,-7,-20,-15,-9,-6,sil
25.107908248901367,-15,-28,-31,-31,-12,-26,0,8,7,-8,-14,-7,4,-7,sil
25.12312960624695,-3,-12,-8,-24,-1,-35,-10,2,2,-7,10,9,20,2,sil
25.12312960624695,11,-3,1,-12,-2,-34,-19,-7,-8,-4,33,18,25,0,sil
25.138651847839355,16,-1,2,-10,-5,-26,-18,-17,-20,-17,30,11,12,-11,sil
25.138651847839355,14,11,16,-6,8,-12,-12,-16,-18,-27,28,12,2,-12,sil
25.154672145843502,11,24,29,25,25,4,-4,-8,-2,2,33,14,8,-4,sil
25.154672145843502,-2,17,26,36,25,19,5,-5,8,35,23,4,10,2,sil
25.16998553276062,-14,-8,5,-28,7,16,16,0,15,34,12,-5,4,11,sil
25.16998553276062,-12,-22,-18,-63,-8,0,12,9,25,26,8,-6,3,13,sil
25.186020374298096,-12,-5,-14,-7,-4,-3,3,9,18,20,0,-8,-3,7,sil
25.186020374298096,-10,4,-4,25,-1,2,4,5,3,12,-13,-18,-12,5,sil
25.2014319896698,0,-4,-9,0,-7,3,4,9,8,10,-17,-11,-4,5,sil
25.2014319896698,1,-6,0,0,-6,3,-2,12,10,0,-17,5,1,4,sil
25.21693563461304,-3,0,3,17,-2,3,-7,2,-9,-21,-25,0,-14,0,sil
25.21693563461304,-3,-7,-6,1,-3,-1,-5,-6,-24,-27,-33,-7,-29,-7,sil
25.231995820999146,0,-12,-8,-5,-4,-3,-1,-1,-14,-25,-18,2,-9,-12,sil
25.231995820999146,2,0,-5,5,-3,0,0,0,-9,-32,6,9,15,-12,sil
25.247201442718502,4,4,-3,2,0,0,-1,0,-9,-22,11,13,17,-6,sil
25.247201442718502,6,-5,1,-5,-2,-4,-8,0,-1,-1,5,17,13,0,sil
25.26230263710022,19,8,16,7,0,-9,-18,-9,-8,-7,8,18,12,0,sil
25.26230263710022,31,37,27,33,7,4,-14,-16,-21,-9,17,10,7,0,sil
25.27840495109558,7,27,13,34,5,29,4,-13,-12,10,5,-4,-9,5,sil
25.27840495109558,-19,-4,-6,10,0,33,13,-7,-2,12,-21,-21,-30,3,sil
25.292962551116943,-9,-11,-14,2,1,24,10,0,2,4,-28,-24,-27,-3,sil
25.308837175369263,-2,-3,-12,-1,3,15,3,11,9,4,-20,-15,-16,-1,sil
25.308837175369263,-7,-9,-13,-17,0,1,1,20,12,4,-18,-11,-7,0,sil
25.324851989746094,0,-10,-14,-24,-3,-8,0,15,16,8,0,-5,14,-4,sil
25.324851989746094,6,0,-4,-17,-2,-13,-12,0,11,-1,25,6,24,-9,sil
25.34000277519226,-6,11,2,-4,0,-17,-16,-10,0,-19,22,2,6,-10,sil
25.34000277519226,-19,16,11,4,0,-13,3,-5,-5,-8,4,-10,-8,-6,sil
25.355457544326782,-11,7,17,7,-1,-7,15,-1,-6,11,0,-6,-5,0,sil
25.355457544326782,0,0,11,7,0,-14,14,-1,-4,12,6,4,0,8,sil
25.37123155593872,0,-5,7,6,4,-25,19,4,9,15,14,9,4,21,sil
25.37123155593872,0,-10,0,2,2,-43,16,9,16,25,6,5,6,23,sil
25.38691544532776,8,-12,-10,-8,-1,-61,-6,6,7,12,-2,1,8,13,sil
25.38691544532776,13,-17,-11,-20,-5,-46,-15,4,11,-4,4,9,15,9,sil
25.401904106140137,16,-15,-2,-13,-4,-8,-6,5,18,0,20,24,22,3,sil
25.401904106140137,18,6,10,-1,1,17,-10,0,0,7,22,25,20,-5,sil
25.417139768600464,10,18,17,2,4,36,-4,-10,-10,-1,10,5,5,-11,sil
25.417139768600464,-3,4,8,4,4,59,19,-5,1,3,0,-5,-8,-7,sil
25.432297468185425,-16,-9,-13,-1,4,60,24,7,11,17,-3,-8,-9,0,sil
25.432297468185425,-14,-10,-24,-20,-7,30,1,4,1,0,-5,-2,0,0,sil
25.44743037223816,2,-2,-10,-28,-11,3,-16,-10,-16,-31,-3,10,0,-5,sil
25.44743037223816,9,12,6,-1,7,6,-20,-15,-26,-29,1,4,-6,-10,sil
25.46290135383606,-2,25,14,33,18,23,-10,-9,-25,-12,-2,-10,-14,-8,sil
25.46290135383606,-8,12,12,35,8,28,5,-2,-15,0,-12,-10,-20,0,sil
25.478654623031616,-4,-10,-3,7,-6,10,5,2,0,9,-16,-6,-11,9,sil
25.478654623031616,-5,-16,-16,-18,-15,-16,-8,3,3,4,-15,-5,7,2,sil
25.493726015090942,-5,0,-8,-12,-11,-21,-10,-1,-4,-9,-2,0,8,-14,sil
25.493726015090942,-5,16,12,18,4,0,1,-6,-9,-14,0,-4,-13,-16,sil
25.50902271270752,-11,10,12,28,11,9,12,2,3,-9,-32,-24,-29,-4,sil
25.50902271270752,-19,-13,-18,4,-1,-2,14,11,18,0,-73,-43,-32,-1,sil
25.52470898628235,-22,-22,-29,-11,-8,-16,6,6,10,8,-54,-32,-27,-5,sil
25.52470898628235,0,-15,-12,-8,-3,-24,-4,8,12,15,-1,-1,0,4,sil
25.540202140808105,26,-11,0,-6,-5,-31,-13,12,19,3,21,20,29,22,sil
25.540202140808105,26,-5,8,-9,-10,-31,-20,2,1,-20,33,29,34,17,sil
25.55583548545837,20,11,19,-3,-2,-19,-17,-6,-12,-14,60,34,34,3,sil
25.55583548545837,21,24,20,0,9,-5,-4,-10,-8,7,62,35,31,1,sil
25.571624279022217,12,19,20,6,8,0,7,-16,-15,8,35,17,10,0,sil
25.571624279022217,0,13,20,19,5,9,13,-13,-15,5,15,-1,-4,-5,sil
25.587061166763306,-6,10,13,25,13,20,18,0,-4,16,5,-6,-3,0,sil
25.587061166763306,-13,0,-3,10,7,18,20,6,2,28,-1,-10,-4,6,sil
25.60240626335144,-14,-11,-18,-17,-8,10,15,10,14,20,-11,-12,-14,5,sil
25.60240626335144,-7,-18,-23,-30,-11,8,3,15,23,2,-26,-7,-10,0,sil
25.61779928207397,0,-7,-15,-17,-4,-3,-7,12,20,-1,-22,2,6,0,sil
25.61779928207397,14,1,3,-4,0,-15,-12,8,18,5,4,21,22,6,sil
25.633784770965576,19,-3,2,-3,4,-4,-11,-1,10,0,20,29,24,0,sil
25.633784770965576,1,-3,-9,-11,6,1,-19,-19,-13,-27,3,5,2,-18,sil
25.649317741394043,-13,1,-8,-11,2,-12,-24,-22,-27,-46,-18,-19,-24,-27,sil
25.649317741394043,-13,0,2,6,-3,-15,-8,-11,-23,-31,-19,-20,-32,-16,sil
25.66503548622132,-14,1,13,17,0,7,8,-2,-16,-3,-7,-15,-20,-3,sil
25.66503548622132,-8,8,10,12,2,23,19,7,0,16,2,-13,-5,5,sil
25.680659532547,1,-2,4,11,0,18,25,12,10,24,1,-6,0,13,sil
25.680659532547,-3,-15,-2,10,-2,13,23,5,1,20,-8,-7,-3,13,sil
25.69721817970276,-7,-14,-9,-1,-1,4,13,3,6,15,-14,-6,-4,11,sil
25.69721817970276,0,-7,-7,-8,2,-7,1,10,17,15,-1,4,5,15,sil
25.71243143081665,-1,-4,-8,-6,0,-14,-8,7,11,5,7,7,17,13,sil
25.71243143081665,-1,0,-10,-9,-4,-21,-21,-1,-3,-14,6,6,13,1,sil
25.72777223587036,13,10,-1,-7,-5,-22,-24,-7,-18,-23,8,13,3,-9,sil
25.72777223587036,15,19,6,0,0,-7,-10,-13,-27,-23,2,8,-2,-13,sil
25.743897199630737,3,18,14,4,5,4,1,-11,-20,-19,0,-6,-7,-11,sil
25.743897199630737,1,17,18,13,0,10,2,-5,-4,-6,10,-6,-7,-11,sil
25.76002335548401,0,14,16,20,0,20,6,-3,1,7,3,1,-6,-9,sil
25.76002335548401,-3,0,7,12,2,23,18,9,9,21,-18,-1,-7,0,sil
25.775243997573853,0,-16,-5,-6,-7,8,13,19,18,21,-17,-6,-3,8,sil
25.775243997573853,2,-18,-12,-21,-15,0,-1,8,21,2,-8,0,-1,5,sil
25.79038953781128,0,-12,-20,-16,-10,6,0,7,32,4,-8,5,6,3,sil
25.79038953781128,0,-3,-15,-4,0,2,-3,15,28,19,-4,6,16,8,sil
25.80593252182007,5,7,1,3,9,-2,-20,4,6,8,13,10,17,4,sil
25.80593252182007,17,15,4,8,12,0,-14,-7,0,-5,29,13,18,-2,sil
25.821173429489136,10,9,5,-1,4,-3,-2,-9,-10,-11,19,11,15,-3,sil
25.83670687675476,-11,-4,5,-9,2,-1,-4,-18,-30,-14,4,-2,0,-6,sil
25.83670687675476,-12,-4,2,6,6,15,1,-17,-26,-11,3,-18,-14,-10,sil
25.852133989334103,-7,9,12,24,4,24,14,0,-9,-3,0,-15,-8,-1,sil
25.852133989334103,-13,0,11,18,4,15,12,-6,-9,7,-10,-10,-5,4,sil
25.86797380447388,-18,-20,-11,-2,0,5,2,-15,-12,7,-27,-19,-18,4,sil
25.86797380447388,-14,-22,-29,-15,-13,-9,0,3,0,0,-34,-18,-15,2,sil
25.88312077522278,-3,-14,-22,-22,-16,-36,-9,15,6,-10,-13,2,2,0,sil
25.88312077522278,1,-6,-6,-27,-6,-47,-23,4,-7,-19,14,18,10,-2,sil
25.899149894714355,7,0,-2,-17,-3,-41,-14,-1,-7,-11,25,15,11,0,sil
25.899149894714355,16,6,8,-6,0,-41,0,1,0,0,23,20,12,0,sil
25.914772987365723,17,18,25,7,7,-43,3,2,2,-5,23,20,7,-2,sil
25.914772987365723,9,21,29,30,11,-33,8,-2,5,-5,21,9,2,0,sil
25.930895566940308,3,10,18,27,13,0,13,0,6,9,8,-2,-2,9,sil
25.930895566940308,0,1,1,14,10,37,12,0,1,17,-5,-18,-11,2,sil
25.947035789489743,-6,4,1,17,6,51,17,-1,-3,9,-19,-23,-26,-9,sil
25.947035789489743,-9,-3,-1,8,-4,48,27,6,-2,7,-33,-22,-30,-9,sil
25.962667226791385,-7,-22,-20,-12,-15,36,19,13,9,15,-30,-18,-21,5,sil
25.962667226791385,-1,-16,-14,-11,-13,21,1,11,18,17,-14,0,-7,20,sil
25.97766947746277,10,0,-3,1,-8,14,-6,3,16,13,-5,11,8,14,sil
25.97766947746277,21,0,-4,-6,-1,6,-14,6,14,6,0,15,24,12,sil
25.993184328079224,20,-2,-6,-17,0,0,-13,19,22,8,16,23,38,18,sil
25.993184328079224,10,0,-10,-16,-4,-8,-14,4,16,5,21,19,34,0,sil
26.009265184402462,-4,0,-8,-18,-4,-15,-30,-19,-13,-20,5,8,4,-25,sil
26.009265184402462,-10,0,0,-7,6,-3,-27,-16,-18,-27,1,6,-7,-26,sil
26.0248658657074,-3,4,9,6,9,0,-12,-8,-7,-13,6,6,-4,-14,sil
26.0248658657074,-5,9,12,9,2,-6,-8,-14,-13,-19,-3,-3,-11,-15,sil
26.0400333404541,-11,5,0,7,4,9,0,-11,-11,-21,-11,-14,-10,-16,sil
26.0400333404541,-6,4,5,3,8,14,13,1,-2,0,-2,-5,-4,-4,sil
26.055092573165894,0,15,11,13,10,-3,18,0,-1,15,13,-1,0,1,sil
26.055092573165894,-2,16,2,23,10,-8,11,-7,-3,0,11,-10,2,4,sil
26.07022523880005,-9,9,0,12,0,-1,-1,-3,-7,-8,-7,-5,0,8,sil
26.07022523880005,-12,-5,-4,-6,-13,1,4,3,-8,10,-5,-7,6,7,sil
26.08576774597168,-6,-16,-4,-19,-14,0,17,2,-11,12,4,-16,4,5,sil
26.08576774597168,-3,-6,0,-15,-13,4,21,6,-8,0,0,-15,-1,4,sil
26.101717472076416,-9,1,-6,-8,-10,25,29,13,4,11,3,-16,14,1,sil
26.101717472076416,0,2,0,4,0,14,17,3,3,12,11,-7,13,0,sil
0.0264551639556884,13,3,22,24,13,-24,-10,-7,-8,-11,-1,7,-16,0,sil
0.0264551639556884,0,-13,10,15,5,-23,-6,-8,-7,-7,-18,0,-25,3,sil
0.0419988632202148,-6,-29,-14,-10,-2,-10,-1,0,10,11,-17,-3,-15,7,sil
0.0419988632202148,10,-18,-10,-15,6,-21,-18,11,19,1,-12,16,-12,10,sil
0.0578587055206298,10,-5,-8,-9,3,-21,-13,10,22,-10,-6,16,-1,6,sil
0.0578587055206298,5,-12,-17,-22,-12,-20,-7,5,20,-3,1,10,8,6,sil
0.0729105472564697,13,-12,-12,-40,-13,-32,-28,11,12,-1,10,23,17,7,sil
0.0729105472564697,11,7,-4,-18,-5,-31,-40,-3,-5,-12,20,22,20,-11,sil
0.0883550643920898,5,29,14,21,4,-7,-22,-20,-26,-21,15,14,-2,-23,sil
0.0883550643920898,4,32,27,45,12,25,5,-10,-15,0,6,4,-7,-10,sil
0.104480504989624,5,17,18,40,13,33,18,-4,2,21,3,-3,4,1,sil
0.104480504989624,8,10,17,25,11,28,20,-1,0,19,1,0,-2,4,sil
0.1203494071960449,0,7,7,24,11,36,27,0,-2,17,-3,-6,-14,0,sil
0.1203494071960449,-20,-8,-10,6,4,29,20,-5,-7,6,-20,-27,-21,-4,sil
0.1357991695404052,-19,-20,-16,-18,-5,7,12,4,0,3,-19,-19,-12,1,sil
0.1357991695404052,0,-18,-23,-26,-6,0,9,25,29,17,-1,0,13,11,sil
0.1509437561035156,6,-9,-19,-30,-8,0,-3,23,22,2,-2,8,21,10,sil
0.1509437561035156,0,5,0,-22,-12,-4,-21,-10,-15,-24,1,2,12,-9,sil
0.1662454605102539,5,13,14,1,-5,-7,-23,-28,-30,-33,14,-3,0,-14,sil
0.1662454605102539,0,9,22,17,0,2,0,-6,-14,-18,1,-1,-15,1,sil
0.1821808815002441,-20,-7,2,6,0,20,29,10,11,20,-10,-7,-2,9,sil
0.1821808815002441,-16,-21,-23,-15,0,5,22,14,29,37,5,-12,25,4,sil
0.1976468563079834,5,-11,-17,-20,2,-24,-6,13,23,10,20,5,25,2,sil
0.1976468563079834,3,2,-4,-10,-3,-26,-19,6,7,-15,11,15,7,0,sil
0.2128942012786865,-2,1,-9,-5,-6,-16,-16,-2,0,-22,3,9,9,-5,sil
0.2128942012786865,10,8,4,0,2,-13,-6,-4,-8,-19,13,12,15,0,sil
0.2279839515686035,11,25,22,17,13,1,2,-12,-19,-11,13,0,-2,0,sil
0.2279839515686035,-6,24,14,29,10,11,-3,-22,-19,-7,-6,-19,-28,-10,sil
0.2440433502197265,-8,12,12,26,2,7,-9,-10,-21,-13,-24,-11,-39,-14,sil
0.2440433502197265,-5,2,5,27,7,17,20,0,-14,5,-21,-13,-29,-10,sil
0.2594418525695801,-11,-14,-10,9,6,26,34,-1,0,26,-22,-28,-23,0,sil
0.2594418525695801,-17,-25,-12,-22,-11,10,5,3,4,14,-30,-16,-23,7,sil
0.2753710746765136,-13,-29,-21,-20,-17,0,3,5,15,12,-13,-8,-2,2,sil
0.2753710746765136,2,-24,-15,-15,-8,-7,11,6,14,17,8,2,18,11,sil
0.2900662422180176,15,-1,7,-25,-8,-21,-16,5,-13,-7,9,28,21,18,sil
0.3061032295227051,8,4,-2,-28,-11,-26,-41,-8,-23,-38,-1,15,12,-5,sil
0.3061032295227051,9,-1,-5,-22,-1,-18,-25,-2,-2,-26,2,4,8,-15,sil
0.3061032295227051,24,12,14,-1,6,-17,0,14,14,10,31,29,27,0,sil
0.322223424911499,12,21,15,2,0,-12,-2,-3,-2,1,29,26,20,1,sil
0.322223424911499,-1,18,17,7,0,9,-6,-14,-8,-8,8,2,-6,-1,sil
0.337878942489624,12,30,29,47,24,24,12,7,21,29,24,10,8,11,hello
0.337878942489624,10,30,30,53,29,18,18,15,22,32,21,11,14,13,hello
0.3531677722930908,-17,-2,0,15,4,17,10,0,5,6,-23,-24,-20,-6,hello
0.3531677722930908,-22,-32,-28,-4,-7,13,14,-1,16,12,-48,-42,-30,-6,hello
0.3692734241485595,-5,-28,-17,-12,-2,-5,11,14,26,17,-29,-8,-3,16,hello
0.3692734241485595,4,-13,-14,-14,-1,-17,-2,13,26,10,10,16,24,19,hello
0.3844354152679443,13,-9,-23,-13,-7,-24,-21,1,6,0,30,24,28,6,hello
0.4005050659179687,18,-2,0,-9,-8,-23,-29,-5,-29,-23,14,28,6,-6,hello
0.4005050659179687,11,3,11,0,-4,-10,-15,-21,-39,-34,9,9,-9,-22,hello
0.4163417816162109,0,5,0,8,0,2,-1,-25,-29,-33,9,-14,-15,-22,hello
0.4163417816162109,-11,4,0,12,1,15,4,-15,-27,-25,-16,-22,-24,-8,hello
0.4163417816162109,-19,-6,-5,4,-3,26,13,-4,-15,-1,-31,-28,-26,-2,hello
0.4319162368774414,-16,-14,-16,-8,-2,28,32,13,16,24,-14,-19,-9,7,hello
0.4475512504577636,-4,-6,-4,-10,1,15,34,35,37,28,-1,1,2,21,hello
0.4475512504577636,-2,0,4,-10,-1,-1,6,25,17,8,0,5,6,10,hello
0.4622130393981933,-4,7,-9,-8,-1,-10,-15,-8,-6,-8,17,-1,18,-18,hello
0.4622130393981933,-3,17,-8,-1,2,-11,-20,-18,-19,-19,17,-4,8,-23,hello
0.4777178764343261,-5,18,12,5,-1,-5,-15,-13,-25,-23,-10,-10,-21,-8,hello
0.4777178764343261,-8,3,12,12,-4,15,6,-13,-13,-4,-22,-19,-22,1,hello
0.493293285369873,-1,-9,3,8,0,29,24,5,13,22,-15,-8,-2,11,hello
0.493293285369873,4,-13,0,-7,1,4,11,21,33,31,-7,7,12,13,hello
0.5089271068572998,7,-11,-9,-23,-3,-32,-17,7,21,12,3,12,22,7,hello
0.5089271068572998,11,0,-5,-19,-4,-32,-26,-8,-7,-10,17,14,21,-1,hello
0.5240209102630615,9,10,1,-5,3,-14,-18,-16,-18,-17,21,16,11,-15,hello
0.5240209102630615,2,11,11,1,8,-12,-19,-20,-17,-15,8,12,0,-17,hello
0.5393574237823486,2,8,23,12,4,-3,-13,-15,-19,-13,-3,0,-8,0,hello
0.5393574237823486,-2,0,16,15,0,16,9,0,-15,-10,-12,-12,-18,9,hello
0.5544588565826416,-19,-14,-5,-2,0,23,23,14,7,1,-25,-17,-26,5,hello
0.5544588565826416,-19,-17,-24,-14,0,12,16,18,36,24,-19,-12,-17,2,hello
0.5700695514678955,0,-4,-12,-8,3,-3,8,27,38,37,7,9,11,14,hello
0.5700695514678955,23,8,15,8,8,-7,9,30,30,30,28,36,44,22,hello
0.5852658748626709,25,11,7,14,4,-1,0,10,17,9,29,28,40,3,hello
0.5852658748626709,7,10,-4,6,0,-10,-12,-15,-13,-14,25,6,0,-15,hello
0.6008474826812744,3,15,15,16,2,-10,-2,-18,-35,-24,15,1,-21,-11,hello
0.6008474826812744,6,12,20,38,12,15,18,-10,-16,-4,1,-5,-10,0,hello
0.6159670352935791,-8,0,-6,33,6,24,21,-9,0,18,-11,-17,-5,2,hello
0.6159670352935791,-12,-6,-3,7,-8,12,10,0,-1,19,-17,-6,-9,15,hello
0.6319615840911865,10,0,0,0,-9,4,4,10,11,16,-4,2,6,25,hello
0.6319615840911865,21,0,-13,-8,-6,-17,-9,7,16,11,6,7,24,16,hello
0.6466379165649414,12,-4,-4,-31,-13,-33,-30,8,-3,-16,3,20,16,8,hello
0.6466379165649414,3,-2,-3,-32,-18,-21,-31,-2,-14,-42,4,10,11,-4,hello
0.6622524261474609,0,0,-11,-18,-15,-22,-30,-27,-29,-50,-1,-5,2,-21,hello
0.6622524261474609,-8,2,9,-10,-5,-18,-29,-26,-47,-42,-14,-3,-18,-27,hello
0.6773238182067871,-28,-5,5,0,3,4,-7,-19,-31,-21,-19,-22,-36,-30,hello
0.6773238182067871,-35,-18,-13,2,3,20,12,-12,-10,-9,-32,-45,-43,-31,hello
0.6923577785491943,-23,-18,-3,-2,2,38,28,6,4,9,-37,-29,-30,-11,hello
0.708338737487793,-21,-23,-10,-10,5,43,33,15,20,28,-26,-24,-18,1,hello
0.708338737487793,-23,-26,-22,-19,0,13,16,9,20,17,-20,-31,-20,-2,hello
0.708338737487793,0,-9,-7,-11,-2,-3,6,17,31,19,0,-3,5,7,hello
0.7243962287902832,19,1,-4,-5,5,0,4,27,48,35,31,28,40,20,hello
0.7243962287902832,19,4,-7,-11,9,-6,-5,11,29,14,36,32,37,9,hello
2.1119251251220703,-14,-14,-6,5,-8,89,18,7,6,21,-32,-20,-27,4,hello
2.1119251251220703,-10,-12,0,10,0,104,24,7,7,27,-19,-13,-16,13,hello
2.126803398132324,-3,-12,4,2,11,133,35,14,12,37,-5,1,1,28,hello
2.126803398132324,0,-17,-8,-13,0,132,24,13,25,33,1,12,10,30,hello
2.142948865890503,-8,-22,-23,-32,-19,55,-12,7,30,11,5,9,6,16,hello
2.142948865890503,-1,-9,-9,-32,-15,-37,-31,3,19,-4,10,9,10,0,hello
2.157740354537964,19,13,16,-1,1,-76,-23,0,2,-19,17,20,16,-7,hello
2.1732351779937744,19,27,27,23,11,-74,-10,-6,-6,-30,23,19,8,-9,hello
2.173664331436157,-2,19,11,19,8,-64,0,-15,-15,-11,10,-7,-9,-16,hello
2.188251256942749,-16,-3,-6,2,0,-55,7,-13,-22,3,-22,-28,-26,-16,hello
2.188251256942749,-20,-14,-16,0,-2,-47,13,0,-4,4,-34,-25,-27,-9,hello
2.203857421875,-14,-16,-27,-4,-6,-48,10,9,20,9,-18,-15,-5,-1,hello
2.203857421875,1,-10,-21,-19,-8,-55,-2,9,15,5,0,3,15,2,hello
2.219883441925049,18,0,-3,-14,-5,-60,-21,5,-1,-10,18,25,27,1,hello
2.219883441925049,22,5,6,-5,-7,-54,-37,-1,-9,-20,20,26,17,-1,hello
2.235180139541626,12,12,18,10,-1,-29,-24,-9,-12,-17,12,11,1,-2,hello
2.235180139541626,0,19,32,36,18,7,8,-5,-2,4,8,-1,-3,1,hello
2.2512800693511963,-8,6,16,23,15,31,27,8,11,30,-2,-6,-3,5,hello
2.2512800693511963,-3,-9,-13,-11,-4,17,16,11,12,21,-6,0,8,7,hello
2.266434907913208,14,-3,-4,-10,0,-7,-8,0,-1,-16,4,14,17,9,hello
2.266434907913208,22,13,15,5,10,-9,-25,-14,-14,-28,13,19,14,6,hello
2.2821106910705566,15,15,8,-2,0,0,-19,-19,-26,-22,14,8,9,-7,hello
2.2821106910705566,0,8,2,-10,-10,3,-9,-12,-35,-29,3,-1,-4,-20,hello
2.297329425811768,-15,2,0,0,-5,17,1,-10,-29,-16,-14,-15,-20,-22,hello
2.297329425811768,-19,-4,0,8,-2,39,14,-4,-17,3,-29,-28,-32,-13,hello
2.312964677810669,-17,-9,-1,6,-2,52,25,4,-2,5,-30,-29,-36,-4,hello
2.312964677810669,-15,-17,-19,0,-3,50,32,6,21,15,-27,-26,-26,3,hello
2.3282837867736816,-18,-22,-34,-11,-5,37,29,8,33,28,-22,-19,-8,12,hello
2.3282837867736816,-14,-18,-27,-13,-3,21,13,13,32,19,-9,-11,2,9,hello
2.3432886600494385,-1,-18,-15,-14,2,13,1,21,34,17,2,-2,10,6,hello
2.3432886600494385,2,-15,-8,-15,5,13,1,26,37,26,7,10,22,14,hello
2.359159708023072,5,-8,-10,-17,0,0,-6,13,22,6,12,13,24,13,hello
2.359159708023072,14,0,-3,-21,-3,-15,-23,0,-2,-16,22,19,16,4,hello
2.3741345405578613,20,14,9,-10,0,-8,-20,-1,-9,-7,34,27,18,0,hello
2.3741345405578613,12,26,15,5,7,1,-13,-6,-13,-9,27,15,11,-9,hello
2.3902359008789062,0,29,19,12,11,-5,-19,-13,-28,-30,12,2,-4,-21,hello
2.3902359008789062,0,25,25,21,7,-11,-15,-16,-30,-22,13,7,-3,-15,hello
2.4059574604034424,0,22,31,32,7,0,-3,-14,-23,-6,7,7,-4,0,hello
2.4059574604034424,0,19,31,36,9,3,1,-19,-18,0,-3,-4,-11,3,hello
2.421187400817871,1,4,20,29,0,-6,1,-22,-14,12,-1,-6,-11,5,hello
2.421187400817871,1,-4,8,17,-8,-5,10,-6,-5,23,1,2,-1,16,hello
2.436826467514038,0,-4,0,8,-6,-1,22,4,10,18,-9,1,0,16,hello
2.436826467514038,0,-13,-10,-10,0,-14,20,7,19,9,-24,-6,-9,6,hello
2.4525339603424072,-1,-16,-13,-18,-1,-32,18,17,23,16,-15,-2,-4,6,hello
2.4525339603424072,3,-6,-1,-4,-5,-42,17,25,24,25,-4,6,10,8,hello
2.4677610397338867,4,-8,-1,-4,-4,-52,3,15,11,9,-10,8,7,2,hello
2.4677610397338867,3,-21,-18,-19,-3,-46,-12,6,8,-7,-7,1,5,-3,hello
2.48305606842041,5,-15,-18,-20,-2,-15,-16,12,21,-1,11,5,18,0,hello
2.48305606842041,5,4,-3,-8,0,4,-17,7,15,0,21,14,23,0,hello
2.498242139816284,1,4,-14,-11,0,0,-27,-11,-12,-24,9,4,7,-13,hello
2.498242139816284,0,0,-22,-15,-2,9,-28,-16,-27,-41,1,-7,-12,-20,hello
2.513380527496338,-9,9,-8,-3,5,40,-11,-13,-27,-26,6,-16,-18,-16,hello
2.513380527496338,-24,11,4,7,12,46,0,-14,-33,-21,0,-23,-28,-18,hello
2.529095411300659,-25,1,0,11,2,32,2,-10,-24,-23,-17,-28,-38,-23,hello
2.529095411300659,-13,-1,2,10,-7,29,12,-6,-10,-2,-20,-27,-29,-16,hello
2.5443031787872314,-13,-1,12,7,-7,32,19,-1,-8,16,-22,-21,-15,-1,hello
2.5443031787872314,-12,-9,0,8,0,25,27,2,6,15,-23,-17,-6,5,hello
2.560399055480957,2,-15,-12,1,3,7,25,6,23,14,-18,-8,0,14,hello
2.560399055480957,11,-6,-3,-9,0,-1,12,15,24,19,-1,10,19,26,hello
2.5761289596557617,10,-5,-2,-13,-7,-1,5,20,23,15,9,23,29,27,hello
2.5761289596557617,7,-18,-10,-21,-11,-13,1,12,19,3,2,18,20,13,hello
2.5912294387817383,3,-16,-11,-21,-12,-31,-13,-3,8,-1,0,10,15,-7,hello
2.5912294387817383,8,4,0,-4,-7,-30,-24,-7,-1,-8,7,14,15,-10,hello
2.606365919113159,21,26,18,7,0,-20,-14,-3,-6,-9,16,25,15,3,hello
2.6223959922790527,28,27,23,8,6,-23,-9,-6,-8,-2,31,28,19,10,sil
2.6223959922790527,20,19,20,8,9,-14,-13,-6,-9,-4,34,23,18,4,sil
2.6381070613861084,9,21,20,21,15,15,-3,-6,-6,-6,21,12,11,-3,sil
2.6381070613861084,1,21,17,25,15,25,0,-8,-8,-4,6,-4,-1,-10,sil
2.6546099185943604,-10,12,15,16,10,14,0,-4,-11,3,8,-11,-9,-6,sil
2.6546099185943604,-11,4,13,11,7,17,11,1,-2,16,14,-8,-2,7,sil
2.6546099185943604,-12,-1,2,12,5,20,10,0,-2,5,-9,-18,-13,2,sil
2.670632123947144,-20,-6,-13,10,2,13,0,-3,-12,-8,-32,-35,-31,-13,sil
2.670632123947144,-12,-7,-11,5,2,15,14,3,-2,10,-21,-19,-21,-1,sil
2.686063528060913,0,-8,-3,3,0,14,27,14,11,25,-9,0,-16,12,sil
2.686063528060913,-6,-18,-19,-2,-7,-1,18,6,9,12,-18,-13,-33,1,sil
2.702101707458496,-11,-21,-24,-13,-6,-2,14,11,14,8,-19,-18,-30,0,sil
2.702101707458496,-1,-17,-14,-17,-6,1,15,23,35,21,-5,1,-18,13,sil
2.717250108718872,1,-26,-20,-21,-13,-25,-6,15,28,12,-4,6,-27,10,sil
2.717250108718872,0,-27,-16,-31,-18,-46,-27,7,14,1,-3,4,4,7,sil
2.733193635940552,6,-14,-4,-29,-12,-35,-23,4,21,11,18,20,72,4,sil
2.733193635940552,12,-2,-4,-21,-2,-29,-20,-1,4,-1,30,30,76,-4,sil
2.748219013214112,7,6,-1,-11,0,-32,-25,-14,-26,-35,20,22,32,-12,sil
2.764427661895752,5,11,5,-7,-1,-24,-28,-24,-33,-46,6,10,12,-18,sil
2.764427661895752,6,16,11,-4,3,-9,-18,-22,-28,-37,4,8,5,-21,sil
2.78002667427063,6,29,22,14,13,2,-4,-16,-21,-28,11,7,-1,-14,sil
2.78002667427063,5,32,28,24,8,11,-3,-19,-20,-25,-3,0,-14,-4,sil
2.78002667427063,1,22,14,14,1,20,-4,-21,-28,-20,-23,-11,-24,-6,sil
2.795220375061035,0,9,6,12,5,29,7,-8,-22,-7,-11,-13,-19,-6,sil
2.8109395503997803,0,5,14,24,5,32,21,10,0,11,-3,-10,-14,3,sil
2.8109395503997803,-2,7,5,26,2,28,24,10,6,19,-9,-17,-12,6,sil
2.825934171676636,-9,0,-4,7,1,21,14,-1,-7,9,-10,-23,-18,0,sil
2.825934171676636,-11,-14,-4,0,-6,11,5,-2,-7,3,-11,-14,-24,-2,sil
2.842069387435913,-12,-16,-12,6,-14,0,8,9,8,9,-23,-11,-22,1,sil
2.842069387435913,-17,-6,-15,2,-6,1,13,23,24,16,-16,-14,-6,6,sil
2.857983112335205,-12,-9,-10,-11,2,18,19,20,41,29,4,-5,20,8,sil
2.857983112335205,4,-16,-9,-14,2,20,20,14,38,35,7,9,34,13,sil
2.87318754196167,5,-7,-6,-4,3,10,20,20,25,30,10,11,39,18,sil
2.87318754196167,0,-5,-5,0,9,1,10,17,26,20,22,8,46,13,sil
2.888790369033813,2,-8,0,-6,2,-13,-17,2,10,4,21,16,32,4,sil
2.888790369033813,6,2,2,-5,-3,-18,-28,-7,-11,0,23,20,4,2,sil
2.9043760299682617,3,1,0,-3,1,-9,-11,-6,-4,1,18,11,-13,3,sil
2.9043760299682617,-4,-2,5,-3,1,-4,-5,-2,-4,-11,-4,6,-26,-1,sil
2.92011833190918,2,12,3,12,0,-2,-12,-13,-21,-16,-7,1,-23,-14,sil
2.92011833190918,15,19,0,13,7,-4,-15,-24,-29,-14,7,0,-13,-14,sil
2.9356849193573,18,10,11,0,5,-7,-16,-20,-21,-27,2,7,-20,-4,sil
2.9356849193573,9,4,6,5,0,-8,-11,-14,-14,-22,-8,-4,-23,-7,sil
2.9506969451904297,-1,0,-12,0,0,-13,-5,-12,-15,-2,-10,-17,-7,-6,sil
2.9506969451904297,-8,-11,-7,-27,-11,-19,-1,0,-14,-10,-14,-6,0,8,sil
2.9664466381073,-6,-18,-3,-24,-19,-12,13,13,2,-15,-18,-8,-2,4,sil
2.9664466381073,-2,-14,-11,-1,-7,-4,21,10,14,1,-7,-16,3,-6,sil
2.9821388721466064,-4,-2,5,-6,-1,-12,7,4,4,-1,-3,1,4,0,sil
2.9821388721466064,-8,1,14,-13,-3,-8,0,9,15,-7,-3,6,1,-1,sil
2.9981508255004883,-4,-2,-3,-3,-1,4,4,6,29,9,0,-5,7,-13,sil
2.9981508255004883,-1,4,4,3,0,5,0,6,16,9,-2,1,5,0,sil
3.013918161392212,0,11,13,8,4,8,1,15,14,7,9,13,10,18,sil
3.013918161392212,14,1,1,5,8,8,-1,19,21,21,25,22,26,25,sil
3.0289580821990967,16,1,1,2,0,-3,-11,9,6,22,18,26,24,17,sil
3.0289580821990967,7,13,6,12,-1,0,-4,-9,-1,12,15,13,8,1,sil
3.045050621032715,8,17,3,14,11,16,0,-14,-6,0,19,8,0,-11,sil
3.045050621032715,9,13,4,13,17,6,-10,-14,-21,-8,7,5,-2,-20,sil
3.060926675796509,0,3,-2,8,2,-16,-20,-17,-29,-17,-8,-12,-10,-21,sil
3.060926675796509,4,2,-4,0,-6,-10,-19,-13,-30,-32,-9,-8,-12,-5,sil
3.0761427879333496,10,16,6,11,2,10,-7,-15,-30,-27,1,5,-1,-3,sil
3.0761427879333496,-6,18,11,21,11,20,4,-21,-27,-8,-1,-10,-6,-9,sil
3.0913195610046387,-31,-1,-1,8,3,25,21,-8,-16,3,-16,-31,-15,0,sil
3.0913195610046387,-29,-16,-13,1,-2,28,36,13,6,17,-22,-30,-5,9,sil
3.106959104537964,-16,-15,-8,5,0,28,40,22,26,30,-23,-21,-7,9,sil
3.106959104537964,-17,-24,-6,-2,-4,16,27,9,22,25,-26,-19,-23,4,sil
3.122189283370972,-21,-39,-12,-28,-17,-1,6,0,0,5,-34,-18,-31,0,sil
3.122189283370972,-10,-27,-14,-36,-17,-5,0,1,-2,-1,-23,-2,-15,0,sil
3.1372640132904053,3,-11,-12,-23,-7,-5,1,6,20,8,0,12,8,4,sil
3.1372640132904053,-5,-18,-14,-21,-11,-16,-11,9,19,7,7,2,13,0,sil
3.1528565883636475,-15,-16,-20,-18,-14,-17,-18,6,6,-4,7,-3,10,-8,sil
3.1528565883636475,7,0,-11,-4,0,-7,-14,9,16,-9,15,16,18,-2,sil
3.168818712234497,32,16,8,8,8,-11,-12,15,29,-7,25,27,29,9,sil
3.168818712234497,30,22,9,6,4,-19,-20,1,12,-12,26,13,23,3,sil
3.184221029281616,21,19,9,-5,7,-20,-32,-8,-14,-22,17,15,11,-1,sil
3.184221029281616,28,27,19,4,14,-23,-26,-7,-14,-14,25,31,18,1,sil
3.199787139892578,28,35,23,24,14,-17,0,-7,-8,0,37,23,11,0,sil
3.199787139892578,6,24,28,20,17,10,13,-3,-11,0,14,1,-23,-3,sil
3.215188980102539,-2,11,26,20,21,23,15,0,-7,-3,-7,-5,-25,2,sil
3.215188980102539,8,13,20,30,8,0,13,-3,-8,1,0,-1,0,8,sil
3.2305920124053955,1,7,14,15,-8,-21,5,-8,-12,8,0,-3,-2,3,sil
3.2305920124053955,-22,-13,-3,-3,-5,-20,7,-7,-4,8,-17,-14,-9,0,sil
3.2465569972991943,-25,-21,-20,-2,0,-6,17,-1,3,15,-25,-16,-2,0,sil
3.2465569972991943,-13,-23,-19,-4,-12,4,16,1,4,23,-25,-14,-7,0,sil
3.2622101306915283,-12,-29,-20,-13,-16,9,6,3,10,13,-32,-16,-18,4,sil
3.2622101306915283,-17,-26,-26,-20,-11,21,5,9,16,4,-23,-17,-8,3,sil
3.2774245738983154,-7,-18,-24,-31,-11,27,2,19,14,13,-4,-4,2,1,sil
3.2774245738983154,8,-10,-18,-25,-9,7,-12,17,10,8,16,20,26,7,sil
3.292886734008789,13,0,-4,-6,-3,-14,-26,-4,0,-17,29,36,42,5,sil
3.292886734008789,11,11,19,-12,-2,-12,-33,-18,-20,-35,20,27,16,-9,sil
3.308443307876587,7,18,17,-3,0,9,-15,-19,-22,-21,13,0,-2,-25,sil
3.308443307876587,2,16,0,19,5,21,3,-16,-17,-20,5,-18,-7,-28,sil
3.32430386543274,-11,15,12,16,9,19,8,-1,-21,-31,-13,-15,-29,-12,sil
3.32430386543274,-23,9,14,16,14,24,21,7,-4,0,-12,-18,-22,1,sil
3.3398265838623047,-12,-1,1,20,6,26,28,6,12,28,-2,-17,0,10,sil
3.3398265838623047,0,0,2,12,0,15,11,4,10,20,-7,-2,-3,10,sil
3.354963779449463,0,2,-5,0,6,2,-1,0,9,18,-2,-3,-4,3,sil
3.371060848236084,0,-1,-9,-6,5,-2,-2,0,5,13,6,-6,2,1,sil
3.371060848236084,8,5,2,-1,0,-16,-10,-2,-8,-8,14,12,3,0,sil
3.371060848236084,7,10,3,4,0,-34,-23,-8,-18,-19,11,19,0,-6,sil
3.386256456375122,3,6,0,1,-1,-29,-15,0,-3,-2,1,5,4,-4,sil
3.4024369716644287,8,3,7,4,-1,-11,7,11,15,14,-7,0,4,7,sil
3.4024369716644287,10,1,11,9,0,-4,14,6,7,5,-11,4,-2,9,sil
3.4180712699890137,2,1,5,11,0,1,9,-4,0,0,-4,0,0,1,sil
3.4180712699890137,2,-1,2,7,2,3,5,0,4,2,0,-1,4,2,sil
3.433204174041748,-1,-11,-1,-4,0,-6,-1,0,-1,-10,-2,-1,0,2,sil
3.433204174041748,-3,-14,-5,-11,0,-10,-8,-9,-8,-24,0,-5,-3,-1,sil
3.4492290019989014,2,-7,-2,-9,0,0,-6,0,-3,-11,1,-4,-4,0,sil
3.4492290019989014,-5,-12,-12,-10,-7,3,3,11,6,8,-6,-5,-12,-1,sil
3.4648327827453613,-23,-30,-29,-24,-11,-4,1,4,5,7,-15,-16,-17,-9,sil
3.4648327827453613,-19,-29,-21,-26,-8,-3,1,0,0,3,-14,-19,-12,-6,sil
3.4803740978240967,0,-6,-2,-7,-2,7,14,2,7,8,-8,-5,-2,7,sil
3.4803740978240967,12,15,7,7,10,14,19,7,21,14,7,15,14,21,sil
3.49639105796814,12,14,3,11,12,9,7,7,26,19,21,18,23,13,sil
3.49639105796814,8,-2,-4,0,-5,-9,-8,1,11,4,5,1,10,0,sil
3.511932849884033,5,-1,-2,-11,-11,-12,-16,0,0,-6,1,5,5,1,sil
3.511932849884033,8,7,0,-9,-1,5,-10,5,5,5,21,23,25,6,sil
3.5270586013793945,7,5,2,-4,0,11,-3,7,1,6,18,19,26,-1,sil
3.5270586013793945,-7,6,0,-6,0,0,-3,-4,-9,-1,3,0,7,-10,sil
3.543354749679565,-18,8,-2,-9,-1,-4,-7,-14,-14,-2,-2,-8,-5,-13,sil
3.5437774658203125,-12,8,5,0,-2,2,-3,-5,-13,-11,-8,-9,-15,-18,sil
3.558427572250366,3,9,15,14,0,3,-2,-6,-18,-26,-8,-9,-19,-17,sil
3.558427572250366,13,11,24,14,0,-5,-17,-12,-25,-26,-1,1,-13,-6,sil
3.5741283893585205,11,8,17,0,-3,-12,-18,-7,-14,-10,10,12,3,1,sil
3.5741283893585205,8,1,0,-2,4,-8,0,2,0,2,11,10,13,4,sil
3.590185642242432,3,10,1,19,15,3,11,5,-3,2,-2,5,7,10,sil
3.590185642242432,2,23,14,43,14,7,11,0,-2,6,1,2,5,13,sil
3.605322122573853,6,15,8,28,7,1,3,-4,3,12,15,-2,1,5,sil
3.605322122573853,-2,1,-6,11,2,5,1,-6,0,3,7,-12,-6,-7,sil
3.6208441257476807,-8,-3,-8,9,0,11,5,-4,-13,-13,-7,-10,-12,-5,sil
3.6208441257476807,0,-3,1,3,-1,9,7,-1,-18,-15,-13,1,-12,8,sil
3.636056661605835,5,-8,3,-1,-3,8,9,-7,-1,0,-7,5,-5,12,sil
3.636056661605835,3,-15,5,-4,0,7,10,0,10,15,3,15,0,14,sil
3.6522066593170166,-1,-12,5,-1,6,7,15,10,15,27,6,12,2,11,sil
3.6522066593170166,-15,-11,-8,0,8,6,9,0,16,22,-5,-17,-10,-7,sil
3.668091773986816,-25,-13,-15,-3,0,2,-8,-7,13,19,-19,-35,-27,-29,sil
3.668091773986816,-24,-11,-15,-4,-4,-3,-15,-2,7,17,-23,-36,-31,-40,sil
3.68317437171936,-22,-15,-18,-15,-8,-5,-5,-1,-10,-31,-37,-43,-39,-33,sil
3.68317437171936,-13,-18,-16,-33,-10,0,5,7,-18,-74,-44,-30,-32,-4,sil
3.698312759399414,3,-15,-12,-32,-7,0,10,23,1,-37,-30,5,4,21,sil
3.698312759399414,7,-6,-5,-22,-6,-6,7,25,24,20,-9,22,31,26,sil
3.714574813842773,6,0,0,-10,-6,-10,6,19,34,51,16,24,42,27,sil
3.714574813842773,10,0,-5,-6,-2,-11,1,19,32,54,36,28,45,32,sil
3.730337142944336,1,-3,-17,-11,-8,-16,-4,11,18,28,29,14,25,9,sil
3.730337142944336,-2,-7,-24,-10,-19,-15,-8,-1,4,4,16,-9,1,-19,sil
3.7458608150482178,9,4,-11,-4,-10,-7,-10,-2,-6,0,22,-3,1,-22,sil
3.7458608150482178,13,19,3,0,7,-1,-13,-16,-22,-19,32,16,11,-11,sil
3.762423038482666,16,15,13,6,15,-4,-26,-32,-37,-56,26,27,14,0,sil
3.762423038482666,30,15,26,14,16,-5,-25,-20,-30,-47,26,35,24,17,sil
3.77827787399292,26,27,33,22,13,-4,-7,0,-4,4,36,35,32,26,sil
3.77827787399292,9,25,34,24,6,-1,0,7,10,27,23,22,16,19,sil
3.79435920715332,3,13,23,25,0,9,9,0,12,19,-2,0,-4,0,sil
3.79435920715332,7,4,8,10,-1,17,26,0,5,9,-22,-24,-23,-17,sil
3.809906244277954,2,0,7,0,0,12,26,7,5,4,-26,-32,-29,-19,sil
3.809906244277954,-11,-7,4,3,6,6,10,1,6,0,-16,-29,-20,-13,sil
3.825849056243897,-20,-11,-7,0,4,6,-6,-6,-6,-9,-6,-15,-14,-2,sil
3.825849056243897,-19,-7,-13,-10,-1,5,-6,-5,-8,-8,-5,7,-6,8,sil
3.8410122394561768,-12,0,-5,-4,-4,-1,0,-3,-3,0,-16,17,1,8,sil
3.8410122394561768,0,11,7,18,-2,-3,-4,-7,-13,-6,-26,6,-7,1,sil
3.856578826904297,7,8,12,18,-5,5,-4,-17,-21,-23,-26,-3,-27,0,sil
3.856578826904297,-3,-11,1,-10,-11,4,0,-13,-23,-34,-29,-7,-34,-8,sil
3.8721923828125,-28,-22,-19,-12,-5,0,0,-10,-29,-29,-38,-25,-32,-34,sil
3.8721923828125,-34,-13,-23,8,11,7,-3,-13,-18,-5,-32,-41,-30,-34,sil
3.888153076171875,-23,-6,-10,5,18,17,-2,3,12,26,0,-27,-13,-10,sil
3.888153076171875,-19,-9,-22,-8,9,-1,-2,20,31,46,27,-3,19,-3,sil
3.9038047790527344,-3,-1,-25,-10,3,-21,-5,22,26,29,30,7,33,0,sil
3.9038047790527344,22,15,2,0,3,-2,9,17,22,13,26,9,25,11,sil
3.919876337051392,30,9,20,7,-3,20,20,7,8,4,8,6,8,18,sil
3.919876337051392,26,-3,14,2,-14,8,6,0,-5,-2,-1,10,4,21,sil
3.935992956161499,25,0,5,-13,-14,-11,-9,1,5,0,19,18,23,25,sil
3.935992956161499,14,-1,6,-25,-15,-15,-16,4,3,-6,23,22,24,19,sil
3.952003955841065,0,-9,9,-7,-12,-9,0,4,-7,-13,12,19,14,13,sil
3.952003955841065,-4,-11,-3,8,2,1,21,4,6,9,15,8,16,12,sil
3.967485904693604,-9,-7,-19,-7,11,13,14,3,14,23,4,-10,4,-1,sil
3.967485904693604,-16,-2,-20,-11,7,7,6,0,5,10,-15,-24,-16,-19,sil
3.9831857681274414,-9,-1,-10,0,9,-7,10,2,7,3,-13,-14,-11,-11,sil
3.9831857681274414,2,3,-1,-3,4,-10,0,7,14,5,0,6,8,4,sil
3.998215675354004,8,6,3,-6,-6,-5,-19,3,9,2,7,16,16,6,hello
3.998215675354004,14,5,3,0,-4,-14,-17,8,3,-4,10,18,14,7,hello
4.01941180229187,17,8,2,6,2,-17,-4,7,7,-5,17,23,16,6,hello
4.020411252975464,13,11,10,0,-7,-7,0,-7,1,-10,21,22,10,-6,hello
4.020411252975464,3,13,16,0,-9,-2,-3,-26,-21,-27,6,2,-10,-23,hello
4.029090404510498,-3,15,10,14,8,-1,-10,-35,-42,-41,-17,-21,-32,-26,hello
4.044092893600464,-6,8,11,18,10,3,-15,-27,-48,-36,-26,-25,-41,-19,hello
4.044092893600464,-21,-10,3,10,-1,6,-4,-21,-36,-17,-22,-16,-34,-12,hello
4.059667587280273,-25,-15,-7,8,2,11,8,-9,-18,-3,-30,-15,-30,-4,hello
4.059667587280273,-11,-1,4,15,9,24,24,12,1,15,-35,-17,-23,6,hello
4.075006723403931,-7,-6,6,16,0,25,31,23,24,38,-16,-15,-3,13,hello
4.075006723403931,-3,-19,-13,-5,-4,11,16,32,44,44,-2,-3,15,23,hello
4.091095685958862,11,-10,-21,-31,-1,-5,-1,33,49,35,0,6,30,23,hello
4.091095685958862,17,0,-9,-32,0,-24,-21,12,21,15,9,10,30,3,hello
4.10641622543335,11,11,6,-6,2,-24,-32,-3,-4,-3,25,14,19,-6,hello
4.10641622543335,14,18,10,5,6,-5,-21,-8,-5,-18,28,22,21,3,hello
4.121972799301148,13,16,7,-5,0,-1,-12,-17,-18,-41,9,23,14,0,hello
4.121972799301148,-7,6,5,-3,-6,-5,-9,-21,-29,-37,-2,6,-11,-17,hello
4.137704372406006,-18,-5,2,7,-7,0,1,-6,-9,0,1,-7,-19,-5,hello
4.137704372406006,-8,-6,6,14,-4,11,18,12,7,26,4,-6,-6,9,hello
4.153093338012695,-9,0,5,21,-4,17,29,7,5,19,-10,-16,-17,-6,hello
4.153093338012695,-14,-12,-8,4,-10,7,21,-2,3,0,-30,-30,-32,-16,hello
4.168400764465332,0,-19,-19,-13,-8,-4,9,0,9,0,-14,-14,-2,0,hello
4.168400764465332,8,-9,-22,-15,0,-4,-3,4,13,10,15,5,29,4,hello
4.183535575866699,0,-7,-27,-16,3,-9,-17,-4,-2,-14,15,9,17,-5,hello
4.183535575866699,1,-1,-16,-3,10,-8,-12,-11,-12,-28,22,18,13,-7,hello
4.199321985244751,15,22,14,21,25,2,-2,-3,-1,4,45,26,31,0,hello
4.199321985244751,15,36,35,23,22,6,-15,-11,-12,16,25,13,16,2,hello
4.214330434799194,3,25,27,24,6,14,-17,-30,-39,-10,-8,-7,-11,-3,hello
4.2304418087005615,4,7,8,29,5,37,10,-16,-25,-6,-9,-17,-16,0,hello
4.2304418087005615,8,-6,18,-1,4,42,26,20,-1,8,-20,0,-21,22,hello
4.2304418087005615,-7,-16,29,-29,-9,34,27,40,0,8,-32,5,-24,21,hello
4.245455980300903,-29,-21,-19,-12,-14,17,35,26,27,32,-6,-21,-2,0,hello
4.260973930358887,-20,-25,-41,-22,-14,-13,17,18,36,31,-12,-24,-8,6,hello
4.260973930358887,0,-16,-6,-38,-20,-30,-1,25,12,-8,-37,-2,-22,11,hello
4.276850938796997,0,-6,-15,-6,-13,-25,4,9,21,-9,-11,-10,3,-10,hello
4.276850938796997,-5,-12,-26,-7,-6,-37,-9,-2,21,-8,-1,-5,8,-11,hello
4.292227268218994,-4,-8,-5,-23,-7,-53,-31,2,2,-20,-10,16,-5,-7,hello
4.292227268218994,-2,5,-15,8,4,-64,-25,-6,12,-2,18,11,17,-20,hello
4.307826280593872,12,22,-2,24,17,-67,-23,-12,17,2,37,16,38,-7,hello
4.307826280593872,26,33,30,13,5,-39,-22,-4,2,-9,34,34,29,8,hello
4.323090314865112,26,26,22,14,-2,1,-15,-8,-3,-2,37,24,23,4,hello
4.323090314865112,24,22,25,17,6,23,-7,-14,-12,1,28,15,18,8,hello
4.3383564949035645,11,18,33,22,8,29,-1,-22,-27,-4,7,6,0,3,hello
4.3383564949035645,-10,-5,7,8,-1,37,0,-23,-35,-6,-8,-10,-22,-9,hello
4.354434013366699,-19,-23,-6,-18,-3,49,9,-8,-24,-6,-24,-18,-24,-3,hello
4.354434013366699,-18,-17,-9,-11,1,47,23,2,-6,-5,-33,-24,-25,2,hello
4.3703248500823975,-16,-6,-7,15,0,35,20,3,-1,2,-29,-22,-27,4,hello
4.3703248500823975,-10,-6,-1,7,0,32,17,9,8,13,-17,-11,-9,7,hello
4.385793685913086,-8,-20,-24,-18,0,18,16,15,23,12,-17,-17,3,3,hello
4.385793685913086,-8,-25,-30,-27,-7,-7,-3,10,0,-9,-19,-11,-10,-4,hello
4.401284456253052,1,-4,-2,-14,-7,-12,-11,-3,-25,-23,1,10,-7,-17,hello
4.401284456253052,7,13,-8,6,8,0,0,-19,-11,-11,23,-1,12,-28,hello
4.417046785354614,0,11,1,12,11,-2,-7,-18,-8,-4,4,-9,-5,-7,hello
4.417046785354614,-3,15,40,13,5,5,-4,0,-21,-4,-19,7,-30,15,hello
4.433216333389282,-2,9,10,25,6,20,24,6,6,12,-8,-5,-9,2,hello
4.433216333389282,0,-11,-18,-1,0,-3,17,16,34,21,2,-6,11,6,hello
4.448819160461426,20,-1,10,-26,-8,-27,-7,27,29,23,18,32,26,28,hello
4.448819160461426,30,12,2,-6,0,-23,-6,6,15,24,43,38,48,14,hello
4.464326620101929,19,7,-3,-3,5,-21,-19,-12,-17,-7,30,18,24,-4,sil
4.464326620101929,1,16,30,4,7,-10,-17,-7,-29,-19,6,10,-12,-5,sil
4.480209112167358,-12,11,18,30,10,9,13,-4,2,14,3,-9,-6,-1,sil
4.480209112167358,-23,-18,-18,9,0,3,13,3,22,23,-8,-19,2,3,sil
4.495850324630737,-24,-22,-31,-20,-13,-8,-2,14,22,14,-19,-10,-1,0,sil
4.495850324630737,-12,-11,-30,-22,-16,-8,-1,8,21,8,-17,-15,0,-7,sil
4.511298656463623,-5,-15,-20,-23,-17,-15,-3,1,11,-12,-8,-13,2,-7,sil
4.511298656463623,-1,-13,-9,-26,-19,-24,-13,6,5,-25,9,9,17,0,sil
4.527293682098389,17,2,2,-15,-6,-15,-16,6,1,-11,22,22,26,2,sil
4.527293682098389,25,15,21,2,9,-2,-13,-9,-21,-17,14,9,2,-8,sil
4.5429511070251465,12,22,28,16,14,0,-4,-18,-42,-43,0,2,-22,-13,sil
4.5429511070251465,3,28,28,29,15,10,9,-10,-29,-28,0,5,-16,-3,sil
4.558728456497192,0,18,26,33,15,27,16,-6,-3,8,-3,-3,-14,1,sil
4.558728456497192,-2,6,15,30,9,29,16,-1,3,12,-16,-14,-24,0,sil
4.574057817459106,-1,0,-1,26,0,18,26,2,7,12,-22,-11,-26,10,sil
4.574057817459106,-4,-16,-20,9,-11,2,21,2,7,21,-26,-13,-29,10,sil
4.589655160903931,-12,-28,-27,-13,-25,-7,3,7,8,16,-20,-13,-14,7,sil
4.589655160903931,-4,-18,-15,-11,-15,-5,3,19,25,25,8,5,27,21,sil
4.605240821838379,4,-8,-6,-4,7,-3,-4,18,26,20,18,11,34,20,sil
4.605240821838379,-6,-19,-20,-24,4,-15,-33,-5,0,-19,-1,-5,5,-9,sil
4.620847940444946,-9,-19,-28,-44,-3,-21,-37,-20,-21,-37,-4,-3,0,-24,sil
4.620847940444946,3,9,-9,-23,9,-11,-11,-16,-17,-11,10,6,9,-16,sil
4.636425971984863,0,19,1,-2,13,-6,-10,-19,-19,-10,10,-3,0,-18,sil
4.636425971984863,-14,5,5,-7,0,0,-21,-22,-33,-23,1,-9,-19,-23,sil
4.652015447616577,-12,12,18,4,0,24,0,-10,-25,-5,-1,-5,-19,-14,sil
4.652015447616577,-4,18,32,23,5,36,25,2,-9,3,-3,-9,-14,-1,sil
4.667767763137817,-4,0,26,16,-1,21,24,2,-5,2,-8,-5,-16,3,sil
4.667767763137817,-9,-15,0,-1,-9,9,10,4,8,15,-23,-2,-16,5,sil
4.6827006340026855,0,-13,-13,-5,-5,16,8,28,36,31,-26,-7,4,15,sil
4.6827006340026855,15,-8,-8,0,2,20,23,38,51,47,11,10,42,28,sil
4.698244094848633,21,-8,-5,-5,7,1,14,23,40,40,35,35,55,32,sil
4.698244094848633,25,-1,0,-10,8,-11,-7,10,25,5,19,33,45,22,sil
4.714330434799194,35,15,16,10,11,-7,-4,6,18,-7,23,28,42,13,sil
4.714330434799194,39,36,28,23,12,-7,0,7,10,1,39,39,39,16,sil
4.73003077507019,25,32,21,15,2,-13,-11,0,1,0,35,32,24,9,sil
4.73003077507019,5,1,2,3,-8,-20,-18,-18,-19,-23,14,8,-4,-10,sil
4.745263576507568,-11,-13,-10,-8,-12,-22,-16,-30,-41,-45,-6,-10,-37,-29,sil
4.745263576507568,-28,-4,-17,-12,-11,-13,-3,-24,-34,-35,-14,-26,-43,-32,sil
4.761323928833008,-29,-2,-18,-4,-6,-5,0,-13,-21,-15,-16,-31,-28,-20,sil
4.761323928833008,-20,-3,-14,10,0,0,-7,-13,-19,-11,-20,-27,-22,-14,sil
4.7768714427948,-18,3,-4,12,1,2,-9,-10,-11,-7,-16,-22,-24,-15,sil
4.7768714427948,-16,3,0,2,0,-4,3,3,2,7,-12,-20,-23,-5,sil
4.79210901260376,-21,-14,-13,0,0,-9,16,3,2,9,-19,-24,-18,-4,sil
4.79210901260376,-28,-22,-20,0,-3,-10,12,-6,-17,-9,-31,-27,-26,-15,sil
4.807551860809326,-17,-9,-7,1,-5,-20,11,-2,-20,-10,-31,-25,-34,-11,sil
4.807551860809326,2,5,6,8,0,-16,15,7,1,10,-20,-11,-23,5,sil
4.82284426689148,11,11,19,19,2,12,13,11,13,19,-6,12,-4,17,sil
4.82284426689148,7,0,12,10,1,33,10,7,12,14,-5,10,-6,16,sil
4.838826417922974,0,-21,-9,-25,-2,30,0,8,9,0,-20,-8,-9,11,sil
4.838826417922974,0,-20,-11,-37,-4,27,-6,16,17,3,-8,0,17,15,sil
4.853935956954956,18,0,4,-12,0,20,0,23,36,26,30,24,50,26,sil
4.853935956954956,32,2,12,-13,2,7,-2,26,40,30,45,36,56,31,sil
4.870067119598389,29,-19,-1,-47,-6,-4,-19,13,24,13,41,37,59,24,sil
4.870067119598389,9,-21,-12,-52,-15,-11,-30,-3,-1,-5,35,27,50,5,sil
4.885196924209595,-1,10,0,-11,-10,-14,-27,-19,-26,-23,24,7,18,-19,sil
4.885196924209595,7,36,14,21,3,-17,-27,-37,-38,-36,13,3,-7,-30,sil
4.900780200958252,13,35,20,30,16,-15,-25,-35,-38,-43,10,9,-13,-27,sil
4.900780200958252,0,27,16,44,20,0,0,-17,-18,-23,13,0,-6,-24,sil
4.91605019569397,-6,21,15,51,19,19,20,-1,0,11,5,-11,-8,-12,sil
4.91605019569397,-3,21,19,47,21,27,24,3,6,28,-6,-8,-18,4,sil
4.9320902824401855,-6,12,10,41,20,16,30,4,8,23,-13,-8,-17,6,sil
4.947810411453247,-12,-13,-4,12,6,0,29,9,8,16,-24,-11,-14,6,sil
4.947810411453247,-11,-29,-16,-13,-7,-8,15,11,9,18,-30,-11,-14,10,sil
4.947810411453247,-10,-25,-23,-13,-14,-8,4,12,11,13,-27,-7,-17,12,sil
4.962944269180298,-17,-21,-20,-8,-12,-4,9,13,14,5,-25,-4,-18,4,sil
4.962944269180298,-17,-20,-20,-15,-9,-5,14,7,14,1,-27,-13,-16,-7,sil
4.978957414627075,-11,-21,-28,-31,-14,-15,4,7,12,-5,-21,-21,-4,-6,sil
4.993994951248169,-4,-13,-26,-34,-18,-18,-8,11,17,-7,3,-6,19,1,sil
4.993994951248169,9,7,2,-20,-5,-11,-19,3,5,-1,27,15,35,3,sil
5.010020971298218,29,25,31,-4,7,-6,-22,-5,-22,-9,30,25,27,1,sil
5.010020971298218,25,14,14,-7,0,-12,-18,-17,-31,-29,23,18,15,0,sil
5.010020971298218,4,0,-5,-20,-11,-20,-20,-22,-22,-33,14,10,3,-8,sil
5.026459455490112,-1,2,0,-9,-7,-9,-14,-16,-11,-11,7,3,-4,-11,sil
5.026459455490112,2,8,12,12,0,11,0,-2,-7,3,1,0,-12,-1,sil
5.041964769363403,1,13,22,23,6,27,13,2,-5,5,4,1,-14,7,sil
5.041964769363403,0,10,20,30,12,40,19,-3,0,18,8,0,-8,3,sil
5.057090997695923,-2,-4,7,23,11,36,12,0,-4,19,-1,-8,-12,2,sil
5.072322130203247,-7,-13,-2,3,1,18,3,1,-9,5,-14,-16,-15,4,sil
5.072322130203247,-9,-14,-10,-10,-4,3,-2,-4,-6,0,-17,-14,-6,3,sil
5.087909698486328,-6,-13,-18,-19,-4,-5,-8,2,4,-3,-9,0,4,0,sil
5.087909698486328,0,-2,-9,-13,2,-8,-8,7,7,-14,3,4,1,-13,sil
5.102991104125977,2,15,12,7,9,4,-2,-5,-6,-24,-2,-2,-14,-17,sil
5.102991104125977,-2,24,13,32,7,16,11,-5,1,-2,-12,-7,-11,0,sil
5.118146657943726,-6,7,-3,25,3,6,21,5,23,26,-10,-10,1,9,sil
5.118146657943726,-5,-8,-6,-3,-1,-7,9,12,14,15,-15,-14,-6,4,sil
5.134307861328125,-4,-9,-9,-10,-12,-20,-2,11,5,-3,-17,-10,-7,0,sil
5.134307861328125,-4,-9,-18,-10,-12,-34,-10,14,16,2,-1,3,11,0,sil
5.149996519088745,-6,-12,-16,-15,-1,-31,-12,15,20,11,15,15,25,1,sil
5.149996519088745,3,-6,-12,-12,2,-27,-4,7,16,0,6,14,24,6,sil
5.165147542953491,19,4,-3,-11,3,-42,-3,1,8,-15,-6,10,17,1,sil
5.165147542953491,23,21,16,3,11,-47,-6,-4,0,-8,22,15,22,-3,sil
5.180811405181885,18,28,30,23,13,-20,-2,-10,-10,7,43,21,23,7,sil
5.180811405181885,-2,10,18,14,0,21,10,-10,-16,4,11,1,-2,9,sil
5.196430206298828,-22,-14,-5,0,-7,50,17,-10,-15,1,-11,-24,-26,-4,sil
5.196430206298828,-18,-22,-8,-5,-3,54,9,-3,-7,13,-1,-16,-21,-4,sil
5.212149620056152,-7,-15,-4,-9,-1,40,-2,-1,2,18,0,0,-6,4,sil
5.212149620056152,-4,-17,-10,-20,-10,16,-14,1,2,2,-7,0,0,2,sil
5.227554559707642,4,-11,-8,-18,-13,0,-13,5,6,2,2,8,13,1,sil
5.227554559707642,21,7,7,-2,-2,0,-10,-1,6,5,18,20,26,4,sil
5.2430713176727295,21,13,15,0,2,1,-19,-13,-17,-18,15,22,10,-1,sil
5.243608713150024,14,10,10,-1,0,-5,-17,-17,-30,-29,10,27,0,-10,sil
5.258636474609375,17,16,15,8,1,-12,-11,-12,-18,-23,14,22,3,-5,sil
5.258636474609375,6,19,18,21,4,-5,-6,-7,-17,-26,7,-3,-6,-4,sil
5.274238586425781,-16,9,5,20,9,16,11,-9,-21,-12,-16,-25,-32,-16,sil
5.274238586425781,-16,5,1,21,12,28,25,-1,-6,6,-30,-24,-39,-13,sil
5.289822816848755,-12,10,2,29,6,23,30,9,8,14,-21,-23,-25,-1,sil
5.289822816848755,-22,0,-11,15,0,20,36,17,14,21,-18,-30,-14,3,sil
5.30594801902771,-22,-14,-17,-7,0,17,34,24,25,25,-24,-29,-11,6,sil
5.30594801902771,-10,-21,-18,-9,1,4,22,23,36,15,-24,-16,-5,9,sil
5.322060823440552,-1,-13,-17,-6,0,-5,12,21,32,11,-18,0,0,13,sil
5.322060823440552,-5,-13,-18,-20,-12,-16,1,8,21,10,-5,2,7,9,sil
5.3377861976623535,-7,-29,-23,-38,-19,-32,-19,-5,3,-8,-2,-4,11,1,sil
5.3377861976623535,0,-25,-12,-32,-11,-33,-22,-1,-5,-12,-2,7,16,6,sil
5.35296368598938,6,-4,1,-12,-2,-33,-16,1,-1,4,13,25,21,8,sil
5.35296368598938,8,3,5,-10,-4,-45,-27,-6,-11,-6,17,21,10,-5,sil
5.368932485580444,15,12,6,0,0,-42,-23,-10,-14,-26,14,13,11,-9,sil
5.368932485580444,23,16,8,11,2,-32,-13,-5,-3,-19,24,14,24,-1,sil
5.385028600692749,17,10,6,1,-6,-22,-21,-4,-10,-8,21,8,14,-5,sil
5.385028600692749,6,15,6,0,-4,0,-19,-12,-14,-1,14,1,2,-11,sil
5.401039123535156,7,20,18,15,10,16,-3,-8,-2,0,20,10,11,4,sil
5.401039123535156,7,12,19,13,14,21,4,-1,-5,1,16,2,6,7,sil
5.416089296340942,-10,0,1,2,6,29,8,-7,-18,5,-4,-21,-20,-12,sil
5.416089296340942,-24,3,-3,7,5,38,7,-11,-19,0,-14,-23,-36,-18,sil
5.43218731880188,-11,19,9,30,15,44,12,-4,-6,-4,-14,-12,-26,-5,sil
5.43218731880188,0,9,6,27,13,36,20,4,8,4,-19,-15,-16,-1,sil
5.447927236557007,-13,-18,-10,0,0,18,14,6,20,14,-15,-17,-12,-9,sil
5.447927236557007,-7,-16,-8,0,0,10,7,1,15,9,-5,-10,-3,0,sil
5.463028430938721,19,12,14,22,6,14,14,10,8,11,4,8,16,27,sil
5.463028430938721,20,7,13,15,2,11,16,19,20,35,15,23,34,37,sil
5.478282690048218,3,-18,-5,-14,-9,-1,1,10,24,35,10,18,23,22,sil
5.478282690048218,3,-20,-10,-19,-10,-11,-2,1,14,13,1,13,8,11,sil
5.493879318237305,9,-13,-7,-15,-6,-21,-7,4,10,2,11,23,17,10,sil
5.493879318237305,5,-19,-7,-30,-14,-32,-29,5,-1,-16,14,26,22,1,sil
5.509954929351807,-1,-14,-12,-32,-23,-36,-35,-11,-22,-40,6,15,6,-14,sil
5.509954929351807,0,3,-7,-15,-16,-31,-29,-23,-34,-48,2,7,-8,-24,sil
5.525141477584839,1,21,4,-1,0,-16,-20,-19,-29,-38,5,1,-13,-24,sil
5.525141477584839,-15,19,11,7,5,0,2,-9,-20,-18,-3,-11,-20,-21,sil
5.541234731674194,-28,3,1,9,0,15,27,0,-14,-1,-28,-21,-35,-19,sil
5.541234731674194,-14,-2,-9,12,0,26,36,2,0,10,-31,-16,-31,-8,sil
5.556474685668945,-2,0,0,14,13,27,35,8,14,18,-20,-6,-19,12,sil
5.556474685668945,-13,0,2,6,17,18,31,21,23,21,-23,-14,-13,15,sil
5.572244882583618,-12,-4,-10,-2,9,9,22,25,25,21,-14,-17,1,4,sil
5.572244882583618,15,0,0,0,12,1,7,16,16,20,13,10,15,12,sil
5.588053941726685,16,8,13,3,9,-7,-8,-8,-4,4,13,9,2,6,sil
5.588053941726685,-10,1,-3,-8,-11,-15,-23,-30,-28,-22,-9,-25,-13,-20,sil
5.603142261505127,-12,-8,-7,-17,-14,-9,-19,-18,-21,-21,-10,-33,-4,-21,sil
5.603142261505127,3,-12,0,-2,2,0,-4,-2,9,6,2,-26,12,1,sil
5.618477821350098,9,-3,3,5,8,1,-8,3,11,14,4,-33,10,9,sil
5.618477821350098,5,8,12,11,6,7,-8,3,3,6,7,-23,8,3,sil
5.63457179069519,5,7,9,15,9,9,-3,1,9,2,7,0,12,2,sil
5.63457179069519,5,2,-1,4,0,-6,-13,3,7,2,3,13,10,12,sil
5.650260210037232,0,4,-3,2,-10,-15,-15,1,4,8,6,17,11,14,sil
5.650260210037232,2,-2,-6,0,-10,-5,-3,2,6,3,3,18,5,5,sil
5.6660003662109375,15,-9,-8,-8,-2,0,1,7,3,-6,1,27,-1,3,sil
5.6660003662109375,13,-5,-8,-14,-4,-6,1,5,0,-8,10,35,2,5,sil
5.682150840759277,9,2,-1,-9,-8,-8,1,3,3,-2,21,40,20,8,sil
5.682150840759277,20,10,5,4,-2,-4,3,4,8,7,27,40,29,11,sil
5.697681427001953,14,4,7,5,0,-8,0,0,0,2,19,28,13,5,sil
5.697681427001953,-3,-4,-1,-13,-8,-12,-7,-5,-9,-10,10,11,4,-5,sil
5.712939262390137,1,2,-1,-18,-3,-3,-8,-3,-2,-12,11,9,14,-4,sil
5.712939262390137,7,16,8,3,5,2,0,-1,-3,-3,7,9,4,-2,sil
5.728043794631958,-9,10,6,17,2,0,3,-8,-18,0,-4,-4,-18,-9,sil
5.728043794631958,-19,0,0,6,0,2,0,-15,-24,-17,-16,-17,-24,-15,sil
5.7440361976623535,-12,2,1,6,6,8,-1,-15,-16,-25,-19,-19,-16,-16,sil
5.7440361976623535,-10,-3,5,17,10,5,3,-12,-5,0,-10,-15,-16,-11,sil
5.758783340454102,-12,-8,8,13,12,14,7,-1,0,17,-8,-14,-22,-4,sil
5.758783340454102,-13,3,2,10,11,27,14,7,7,14,-12,-22,-16,-5,sil
5.774847507476807,-12,4,-5,13,4,15,9,2,5,9,-14,-29,-15,-10,sil
5.774847507476807,-11,-9,-3,7,0,5,4,-2,-4,3,-12,-24,-17,-10,sil
5.790233135223389,-13,-14,-7,-10,-3,9,10,2,-2,2,-11,-24,-10,-6,sil
5.790233135223389,-16,-10,-15,-28,-10,1,12,14,4,1,-23,-27,-12,-4,sil
5.805465698242188,-16,-14,-15,-30,-12,-4,7,5,3,-4,-33,-22,-15,-5,hello
5.821078777313232,-12,-17,-10,-22,-9,0,1,-4,-4,-3,-29,-11,-10,0,hello
5.821078777313232,0,-7,0,-10,-8,-1,-2,-2,-2,-2,-12,-2,-5,8,hello
5.836594820022583,17,3,12,0,0,1,-2,7,11,-2,13,11,14,14,hello
5.836594820022583,28,5,16,1,8,7,1,17,18,8,32,33,42,26,hello
5.852025508880615,26,3,4,1,8,2,5,12,16,24,30,37,41,28,hello
5.852025508880615,24,4,2,10,4,0,5,4,16,19,20,24,20,25,hello
5.867282390594482,21,11,10,16,7,-1,0,7,16,12,13,16,11,24,hello
5.867282390594482,11,6,0,12,7,-9,-8,1,10,7,4,7,9,12,hello
5.882933855056763,6,1,-6,3,2,-10,-11,-1,4,1,3,4,8,3,hello
5.882933855056763,9,13,4,8,1,-7,-7,4,5,3,19,14,20,3,hello
5.897954225540161,7,16,7,11,1,-17,-12,-2,0,-1,21,13,13,-7,hello
5.897954225540161,-1,1,-4,1,-4,-16,-11,-8,-7,-11,2,0,-6,-17,hello
5.913358211517334,-14,-9,-21,-6,-11,-1,-2,-4,-3,-6,-9,-9,-9,-14,hello
5.913358211517334,-19,-13,-20,-18,-13,-7,-15,-3,-6,-14,-12,-9,-6,-12,hello
5.929153203964233,-10,-5,-7,-20,-11,-19,-22,-12,-20,-35,-3,-5,-10,-17,hello
5.929153203964233,-4,2,-5,-10,-6,-15,-10,-16,-34,-41,0,-7,-18,-22,hello
5.94517183303833,-10,2,-1,-8,-5,-11,-7,-10,-39,-25,-2,-8,-17,-23,hello
5.94517183303833,-3,7,8,-4,-6,-12,-3,-2,-17,-1,11,3,2,-13,hello
5.960691452026367,11,12,13,0,-2,-1,3,1,2,2,21,14,14,2,hello
5.960691452026367,8,10,13,2,0,11,1,-5,3,-3,8,11,0,5,hello
5.9760355949401855,-8,3,10,4,1,10,-1,-12,-3,-3,-7,1,-18,-7,hello
5.9760355949401855,-18,3,1,14,13,13,8,-8,-8,1,-15,-17,-25,-13,hello
5.992048501968384,-18,0,-2,29,21,30,26,-6,-5,14,-14,-25,-14,-2,hello
5.992048501968384,-2,-5,8,28,16,37,29,0,4,29,-9,-6,0,12,hello
6.007877349853516,4,-6,10,18,12,38,30,15,15,34,-5,-1,0,10,hello
6.007877349853516,-10,-19,-11,1,6,33,32,22,19,25,-11,-20,-2,4,hello
6.028146028518677,-13,-34,-20,-18,-6,9,16,22,23,10,-18,-18,0,9,hello
6.028146028518677,7,-27,-10,-15,-15,-11,0,17,35,13,-14,-3,3,14,hello
6.028146028518677,18,-16,-6,-9,-10,-13,-5,15,32,15,-10,4,4,18,hello
6.038239479064941,13,-5,-4,-15,-6,-19,-13,10,13,0,-1,19,12,15,hello
6.053546905517578,18,16,8,-5,-4,-31,-26,-6,-9,-13,15,27,19,2,hello
6.053546905517578,22,29,29,7,4,-21,-26,-13,-28,-18,19,21,8,0,hello
6.0692572593688965,1,19,24,6,7,-3,-8,-11,-24,-19,11,9,-2,-1,hello
6.0692572593688965,-17,10,2,0,-1,3,-2,-12,-15,-18,-5,-9,-10,-13,hello
6.084639549255371,-15,8,-6,7,1,13,7,-4,1,8,-10,-17,-7,0,hello
6.084639549255371,-4,-6,-9,2,10,10,20,10,34,49,11,0,18,28,hello
6.100214958190918,7,-12,-13,-24,0,-13,4,12,33,33,18,15,36,24,hello
6.100214958190918,12,4,-13,-26,-2,-19,-11,-2,-6,-24,4,12,24,-2,hello
6.115948438644409,4,11,-6,-7,5,-3,-4,-7,-24,-49,2,4,-2,-16,hello
6.115948438644409,-5,7,-1,-4,-2,3,0,-1,-14,-34,3,-1,-21,-18,hello
6.132277727127075,-8,12,5,-2,-11,2,-5,-7,-15,-24,1,-5,-22,-19,hello
6.132277727127075,-3,21,18,16,-3,3,-2,-7,-14,-8,4,0,-12,-6,hello
6.1482555866241455,0,12,23,28,0,7,0,3,3,20,8,3,-2,7,hello
6.1482555866241455,0,-9,6,16,0,9,0,1,10,23,-6,-12,-10,4,hello
6.1630539894104,-13,-22,-15,0,0,3,0,-2,6,4,-24,-26,-23,-8,hello
6.1630539894104,-31,-35,-37,-20,-6,-12,-3,0,6,5,-22,-18,-11,-15,hello
6.178206205368042,-19,-38,-36,-35,-13,-21,-14,2,-4,1,-12,-3,3,-12,hello
6.178206205368042,12,-10,-12,-14,-9,-16,-15,0,-14,-15,-1,3,7,-12,hello
6.193902015686035,23,13,1,4,0,-17,-15,-6,-14,-20,10,9,9,-12,hello
6.193902015686035,8,7,2,-6,3,-21,-15,-11,-22,-9,19,11,6,-9,hello
6.209634780883789,7,10,13,11,5,-4,0,-10,-23,0,15,3,-1,-5,hello
6.209634780883789,19,31,34,53,14,18,14,-4,-16,-8,3,-1,-6,0,hello
6.224836826324463,12,32,32,52,14,24,14,-6,-13,-13,6,-5,-2,1,hello
6.224836826324463,0,5,10,15,7,26,16,-2,-1,7,8,-2,2,9,hello
6.2402708530426025,6,-11,5,1,5,38,31,18,29,33,1,10,3,21,hello
6.2402708530426025,0,-16,7,3,0,34,35,15,44,36,-4,6,2,19,hello
6.255412817001343,-23,-21,0,-6,-9,12,14,-1,27,23,-16,-7,-6,16,hello
6.255412817001343,-22,-11,-5,-8,-4,1,3,7,26,23,-19,2,0,24,hello
6.271141529083252,0,0,0,0,4,0,11,21,44,36,0,22,27,31,hello
6.271141529083252,10,-2,-3,-5,1,-8,5,23,35,27,13,24,36,26,hello
6.2867820262908936,2,-8,-15,-18,-5,-20,-14,14,7,1,8,7,23,7,hello
6.2867820262908936,0,-2,-14,-26,-5,-32,-29,-1,-8,-16,-1,-4,11,-7,hello
6.302345275878906,11,11,-4,-22,0,-29,-25,-10,-14,-28,2,0,4,-8,hello
6.317491054534912,14,10,-14,-15,-1,-18,-17,-9,-21,-41,6,4,-4,-9,hello
6.317491054534912,0,3,-20,-22,-7,-16,-26,-14,-39,-44,-9,-8,-23,-25,hello
6.333305358886719,-13,3,-13,-24,-10,-14,-31,-25,-47,-34,-23,-24,-36,-37,sil
6.333305358886719,-12,5,-2,-5,-1,-2,-11,-11,-26,-24,-14,-20,-30,-28,sil
6.3483545780181885,-4,8,10,13,12,17,14,5,3,0,0,-9,-13,-14,sil
6.3483545780181885,-3,5,14,16,11,30,20,-2,4,17,-3,-15,-12,-6,sil
6.364043951034546,-10,-7,6,8,-5,18,9,-5,-12,4,-12,-25,-24,0,sil
6.364043951034546,-13,-12,4,11,-8,8,11,0,-1,8,-4,-15,-15,7,sil
6.379649877548218,0,-8,10,13,3,22,23,8,14,27,1,2,3,11,sil
6.379649877548218,1,-14,4,5,5,22,27,11,13,19,-1,9,9,11,sil
6.394877672195435,-12,-23,-10,-5,-5,-3,13,4,15,0,0,8,12,3,sil
6.394877672195435,-3,-14,-8,-11,-10,-17,-5,4,18,0,11,13,19,3,sil
6.410534858703613,19,5,0,0,0,-9,-8,6,8,0,26,24,28,6,sil
6.410534858703613,23,16,2,7,6,-9,-8,-3,-7,-9,32,32,23,2,sil
6.426322937011719,19,29,7,7,4,-21,-19,-11,-16,-13,33,29,17,-2,sil
6.426322937011719,20,32,16,19,8,-23,-19,-11,-18,-9,27,13,16,-3,sil
6.442502498626709,13,17,22,20,12,-4,-5,-8,-13,-7,9,3,7,0,sil
6.442502498626709,-7,5,10,11,4,13,5,-10,-5,-1,-3,-5,-8,-5,sil
6.457839727401733,-20,0,-1,9,0,9,4,-8,-7,4,-16,-20,-26,-12,sil
6.457839727401733,-14,-2,3,18,5,6,4,-1,-8,11,-27,-22,-26,-2,sil
6.473245859146118,-13,-6,0,14,0,15,10,1,4,15,-28,-19,-9,7,sil
6.473245859146118,-19,-22,-16,-11,-11,9,7,6,12,9,-34,-26,-10,0,sil
6.4889867305755615,-6,-23,-17,-20,-10,-2,6,18,24,15,-25,-19,-9,2,sil
6.4889867305755615,14,-7,-7,-9,-5,-8,2,22,31,18,-1,2,4,19,sil
6.5039122104644775,14,0,-8,-16,-8,-8,-11,16,14,1,2,10,3,15,sil
6.5039122104644775,3,-9,-20,-29,-6,-7,-18,2,2,-12,-5,7,-2,0,sil
6.519922256469727,4,-12,-19,-28,-2,-5,-11,-1,7,-11,-4,10,0,0,sil
6.519922256469727,14,2,0,-10,0,-4,0,-1,5,-2,9,20,13,6,sil
6.535795211791992,20,19,17,7,7,-1,3,-1,-4,0,26,26,22,7,sil
6.535795211791992,14,20,21,11,7,5,3,-1,-10,-6,23,18,17,6,sil
6.552322864532471,5,17,16,13,2,12,5,-9,-11,-2,15,3,5,0,sil
6.552322864532471,0,13,17,15,4,10,0,-14,-12,-3,13,-2,-3,-5,sil
6.568268775939941,-12,2,8,11,1,8,0,-7,-9,-13,0,-17,-15,-13,sil
6.568268775939941,-28,-10,-11,5,-4,10,13,0,-3,-2,-27,-35,-20,-17,sil
6.583791017532349,-24,-13,-13,-4,0,11,23,10,5,20,-28,-26,-8,-3,sil
6.583791017532349,-16,-21,-17,-19,1,7,21,10,18,26,-13,-11,-2,0,sil
6.599202871322632,-21,-30,-27,-28,-8,-2,3,0,7,6,-19,-10,-12,-12,sil
6.599202871322632,-13,-19,-20,-21,-14,-15,-18,-3,-14,-15,-12,0,-3,-15,sil
6.615235328674316,0,-7,-6,-15,-6,-25,-28,-3,-16,-18,13,13,14,-9,sil
6.615235328674316,1,5,5,-5,4,-21,-22,-8,-16,-16,24,10,5,-9,sil
6.630814552307129,0,19,17,23,11,-1,-3,-12,-15,-7,18,0,-2,-3,sil
6.630814552307129,-1,11,13,29,9,14,9,-1,-3,6,4,-3,0,7,sil
6.646053075790405,4,0,3,1,2,9,3,9,13,6,-4,0,0,13,sil
6.646053075790405,27,6,7,-2,0,-8,-15,4,18,-2,12,19,12,20,sil
6.6622350215911865,36,15,13,4,-1,-23,-27,-1,6,-6,32,37,28,22,sil
6.6622350215911865,17,14,6,0,-5,-28,-20,-6,-8,-18,32,28,20,3,sil
6.678232669830322,8,14,9,1,0,-11,-2,-8,-21,-28,24,9,0,-8,sil
6.678232669830322,3,16,15,20,8,23,17,-8,-19,-10,9,-6,-10,-8,sil
6.693857192993164,-11,2,2,17,3,30,22,-9,-3,9,-17,-24,-18,-15,sil
6.693857192993164,-1,-5,0,4,-2,11,13,3,8,15,-21,-16,-18,-3,sil
6.708934783935547,13,2,8,13,10,16,20,14,12,27,-2,0,-6,13,sil
6.708934783935547,-6,0,0,14,15,21,18,4,6,25,-17,-14,-8,6,sil
6.724085807800293,-11,-3,-2,3,1,7,3,11,12,12,-27,-13,-4,1,sil
6.724085807800293,15,0,3,6,2,2,8,25,33,22,2,13,21,18,sil
6.740112543106079,16,-7,2,2,5,4,16,12,25,17,-17,4,3,18,sil
6.740112543106079,-9,-13,-6,-2,-6,1,14,-11,-3,-6,-74,-29,-45,-4,sil
6.755263328552246,-20,-9,-17,-1,-10,4,12,-13,-8,-8,-60,-30,-44,-13,sil
6.755263328552246,-20,-9,-22,-9,-7,6,1,-1,0,-2,-9,-9,-5,-9,sil
6.770864725112915,-18,-16,-20,-24,-13,-1,-10,2,0,-3,1,2,13,-3,sil
6.770864725112915,-8,-10,-11,-25,-8,-6,-10,14,8,2,13,15,16,6,sil
6.786149501800537,0,1,-4,-18,0,-17,-11,17,19,10,42,20,28,9,sil
6.786149501800537,0,-2,-1,-17,-9,-38,-26,1,8,-3,40,16,32,0,sil
6.802162408828735,0,-5,1,-14,-15,-42,-36,-12,-10,-16,26,20,23,0,sil
6.802162408828735,5,1,-2,-5,-5,-28,-30,-17,-19,-9,29,16,20,3,sil
6.817873477935791,-2,0,-6,-13,-5,-18,-19,-11,-27,-13,20,2,10,-5,sil
6.817873477935791,-12,-6,-6,-19,-3,-8,-8,-5,-20,-21,5,1,0,-15,sil
6.833129167556763,0,-6,-5,-11,1,-6,-7,-10,-14,-22,2,4,-7,-16,sil
6.833129167556763,13,-2,1,-1,0,-10,-9,-5,-18,-20,0,0,-13,-15,sil
6.848158121109009,11,12,13,12,4,4,1,9,-1,-4,2,0,-3,-11,sil
6.848158121109009,15,27,25,20,16,23,2,8,9,2,15,11,8,2,sil
6.863815307617188,19,21,21,19,13,20,-1,-10,-9,-9,11,3,0,1,sil
6.863815307617188,2,11,6,19,8,19,10,-15,-17,-10,-6,-18,-18,-11,sil
6.879884004592896,-15,14,12,24,11,40,29,2,-2,7,-16,-22,-20,-3,sil
6.879884004592896,-10,16,21,32,14,49,33,0,3,19,-9,-17,-10,8,sil
6.895060062408447,0,4,7,26,15,40,25,-9,0,12,-11,-24,-15,0,sil
6.895060062408447,-3,0,-6,17,10,38,26,1,3,18,-15,-23,-21,0,sil
6.911170244216919,0,1,-4,19,3,33,32,12,19,38,-7,-4,-8,17,sil
6.911170244216919,1,0,1,17,3,18,22,10,24,33,-7,5,-8,23,sil
6.927294015884399,0,-9,-3,6,0,7,11,10,30,15,-12,-3,-12,12,sil
6.927294015884399,5,-10,-5,-8,-4,-10,2,20,33,15,-5,1,11,15,sil
6.94296145439148,14,-1,0,-18,-3,-32,-7,17,25,17,10,23,40,23,sil
6.94296145439148,7,-14,-7,-26,-9,-39,-16,0,11,0,4,21,28,8,sil
6.958407163619995,-5,-35,-21,-41,-23,-42,-16,-3,-1,-14,-18,3,2,-4,sil
6.958407163619995,-3,-30,-17,-38,-20,-46,-6,0,-2,-5,-13,6,6,0,sil
6.974197149276733,3,-11,-5,-22,-9,-46,-8,-5,-6,-17,0,14,10,-2,sil
6.974197149276733,-3,-3,-4,-21,-9,-47,-29,-17,-23,-43,0,5,1,-17,sil
6.989910364151001,-4,-1,-8,-23,-15,-53,-40,-24,-41,-39,5,0,-4,-20,sil
6.989910364151001,0,3,-1,-14,-14,-52,-33,-19,-41,-29,8,2,-7,-13,sil
7.004831075668335,-4,8,0,0,-1,-23,-21,-9,-21,-28,5,-1,-7,-16,sil
7.004831075668335,-7,10,1,10,9,19,-7,1,-4,-13,8,-1,-3,-18,sil
7.020880699157715,0,21,12,19,15,45,7,11,1,12,15,9,1,-6,sil
7.020880699157715,0,26,9,29,16,46,14,10,1,20,11,2,0,1,sil
7.036218643188477,-7,11,0,25,14,45,8,13,5,8,-4,-16,-7,0,sil
7.036218643188477,-5,4,4,18,10,43,9,16,15,13,1,-10,-1,3,sil
7.0522377490997314,3,9,9,18,10,36,17,22,21,33,13,4,9,15,sil
7.052744388580322,0,1,10,13,4,37,20,26,14,27,-10,-6,-2,13,sil
7.06754469871521,-10,-18,-5,-2,-7,30,19,0,9,11,-29,-24,-17,-5,sil
7.06754469871521,-12,-27,-27,-21,-18,-3,6,-22,4,7,-16,-16,-11,-6,sil
7.083251953125,-8,-27,-30,-29,-19,-27,-4,-10,7,5,-2,-4,9,8,sil
7.083613872528076,6,-17,-11,-27,-6,-24,-13,-1,9,-5,6,7,28,11,sil
7.098943471908569,25,11,16,-4,6,-17,-17,-9,1,-9,23,26,22,2,sil
7.098943471908569,21,28,28,24,7,-9,-11,-19,-11,-10,21,18,-1,-3,sil
7.11407995223999,5,19,18,16,4,0,-6,-19,-22,-24,2,-1,-11,-5,sil
7.11407995223999,5,18,11,6,10,3,-1,-11,-20,-26,11,5,0,-7,sil
7.130559921264648,8,19,14,19,15,4,3,-8,-11,-10,17,12,0,-4,sil
7.130559921264648,0,0,13,15,8,14,14,-7,-4,5,-4,-6,-13,6,sil
7.144707441329956,-6,-5,2,5,2,15,24,-1,1,19,-16,-19,-12,5,sil
7.1603333950042725,-2,3,5,13,5,5,19,4,-2,9,-16,-13,-11,-2,sil
7.1603333950042725,-5,-3,2,14,0,4,14,8,0,-1,-19,-13,-16,-2,sil
7.175873041152954,-7,-18,-19,-2,-10,0,15,10,15,4,-18,-18,-12,1,sil
7.175873041152954,-2,-18,-21,-22,-10,-11,4,19,13,4,-16,-6,-1,3,sil
7.191013336181641,0,-16,-15,-26,-2,-13,0,24,12,4,-4,6,10,10,sil
7.191013336181641,2,-14,-18,-17,0,-13,-3,21,18,15,9,10,22,13,sil
7.206830024719238,7,1,-5,-7,0,-19,-10,8,9,12,19,21,32,7,sil
7.206830024719238,8,11,12,-2,0,-19,-15,-6,-2,-1,18,25,22,2,sil
7.223044157028198,5,10,12,0,-3,-17,-18,-8,-9,-11,8,12,0,-4,sil
7.223044157028198,-4,5,1,0,-4,-11,-17,-12,-17,-13,2,0,-12,-16,sil
7.23896336555481,-18,-9,-6,-14,-9,0,-12,-16,-19,-15,-11,-3,-20,-18,sil
7.23896336555481,-18,-13,-5,-3,-10,5,-5,-9,-6,-11,-20,-7,-19,-13,sil
7.254218339920044,-2,9,0,21,0,4,0,1,5,2,0,-3,1,-4,sil
7.254218339920044,7,17,5,4,3,0,0,11,3,7,17,5,14,7,sil
7.269835472106934,1,-1,2,-20,-3,-2,-3,0,5,-5,12,1,6,5,sil
7.269835472106934,-3,-11,-2,-13,-10,-7,-7,-11,0,-14,-4,-7,-2,0,sil
7.285937309265137,-6,-8,-8,2,-10,-6,-4,0,-10,0,-13,-12,-3,3,sil
7.285937309265137,-6,-2,-14,9,0,4,4,13,2,16,-4,-14,-1,4,sil
7.302179574966431,4,2,-5,1,11,19,8,14,28,21,3,-6,1,6,sil
7.302179574966431,4,-5,-3,-18,8,19,3,6,23,16,3,-1,6,1,sil
7.317209959030151,-8,-17,-10,-29,4,7,-5,-7,-4,0,-1,-3,-2,-12,sil
7.317209959030151,-4,-2,-5,-12,8,7,-6,-6,-12,-5,-7,-4,-15,-13,sil
7.332453966140747,10,10,0,6,5,11,10,2,0,7,-6,-5,-4,-1,sil
7.332453966140747,12,1,3,3,0,3,18,-1,0,4,1,0,6,4,sil
7.348010301589966,0,0,8,2,0,0,5,-13,-4,-14,7,6,3,0,sil
7.348010301589966,-3,11,12,14,3,-3,-9,-13,-10,-21,6,2,1,-9,sil
7.363605976104736,15,24,32,34,5,0,-3,-8,-14,-10,14,11,8,-1,sil
7.363605976104736,28,30,46,45,8,7,11,-9,-9,-2,29,26,15,14,sil
7.379227876663208,16,16,25,24,5,7,10,-1,-11,-18,11,18,8,12,sil
7.379227876663208,-4,0,-2,2,0,5,12,1,-13,-17,-16,-4,-7,-1,sil
7.394774913787842,-15,-3,-9,4,-6,4,14,-3,-6,-1,-17,-11,-20,-8,sil
7.394774913787842,-9,-1,-1,6,-2,-1,1,1,-4,2,-7,-4,-19,-2,sil
7.410380601882935,-5,-3,-1,2,-1,-8,-11,4,-1,8,-3,-4,-4,0,sil
7.410380601882935,-2,-1,-3,0,-9,-13,-17,0,5,19,-7,-5,1,0,sil
7.425467252731323,5,3,3,2,-7,-8,-8,3,19,19,-2,5,3,9,sil
7.425467252731323,4,-1,1,0,2,2,3,11,25,15,4,12,5,15,sil
7.441101312637329,-8,-6,-13,-8,4,6,2,13,17,13,1,2,2,6,sil
7.441101312637329,-12,-3,-21,-11,0,4,8,12,18,22,0,-9,3,2,sil
7.456191062927246,-4,-9,-14,-13,0,7,19,11,19,26,0,-5,2,6,sil
7.456191062927246,-2,-16,-15,-12,6,8,12,8,3,12,3,2,3,1,sil
7.472289800643921,-5,-12,-26,-8,8,-3,-5,-2,-13,-2,1,-6,5,-1,sil
7.472289800643921,-8,-15,-18,-18,-9,-18,-18,-13,-23,-24,-17,-21,-12,-6,sil
7.488271474838257,-12,-22,-8,-23,-25,-21,-19,-17,-26,-39,-24,-17,-26,-17,sil
7.488271474838257,-11,-14,-9,-13,-11,-13,-11,-3,-17,-26,-14,-7,-13,-13,sil
7.50295877456665,-4,0,-6,-9,5,-7,-2,10,6,-7,0,-7,8,-1,sil
7.50295877456665,4,0,3,-9,2,-1,0,5,16,-3,12,0,18,1,sil
7.518537521362305,14,1,13,-7,0,-1,-8,-3,-2,-5,7,14,13,0,sil
7.518537521362305,15,8,11,-6,-1,-12,-17,-12,-8,-1,-2,15,8,-2,sil
7.533846139907837,11,5,9,-7,0,-17,-11,-7,8,1,7,16,15,1,sil
7.533846139907837,14,5,17,-4,1,-7,0,6,9,2,17,21,16,6,sil
7.549922227859497,8,11,12,-2,-2,3,2,6,3,-2,2,8,0,-4,sil
7.549922227859497,0,11,3,0,0,11,5,0,12,-2,-1,1,-4,-7,sil
7.567103385925293,0,13,9,8,5,16,8,0,16,14,19,11,6,1,sil
7.567103385925293,1,16,11,17,0,9,-1,-2,0,14,26,11,4,4,sil
7.580268621444702,0,12,3,20,2,5,-4,-5,-11,-1,8,-4,-8,0,sil
7.580268621444702,-6,3,0,20,8,13,6,-10,-16,-9,-6,-20,-15,-7,sil
7.595795154571533,-4,4,0,18,5,18,18,-9,-19,-16,-6,-23,-17,-12,sil
7.595795154571533,3,4,4,19,3,12,18,0,-12,-14,3,-8,-8,-2,sil
7.612327575683594,5,-5,9,16,1,7,6,5,-4,6,13,5,2,13,sil
7.612327575683594,2,-4,-3,16,-4,9,1,-2,1,24,16,-8,3,5,sil
7.627973079681396,-1,-2,-12,8,-2,5,1,-13,-9,6,-5,-19,-16,-5,sil
7.627973079681396,-13,-8,7,-11,2,0,-7,-5,-25,-8,-31,-1,-31,3,sil
7.643069744110107,-22,-14,0,-7,0,6,0,0,-2,17,-22,-6,-9,0,sil
7.643069744110107,-14,-15,-24,0,-1,7,6,3,19,25,-19,-24,4,-8,sil
7.658599376678467,2,0,-1,-2,0,6,8,21,21,4,-21,-2,7,12,sil
7.658599376678467,10,14,12,11,9,7,26,28,34,17,-3,16,22,32,sil
7.674260139465332,6,8,0,6,7,-2,22,17,26,18,-13,9,14,19,sil
7.674260139465332,4,0,-6,-7,-5,-23,-6,5,7,-7,-19,16,0,0,sil
7.689793348312378,3,-3,-11,-7,-13,-36,-24,0,4,-15,5,25,4,-7,hello
7.689793348312378,0,-11,-12,-19,-4,-35,-21,-2,-4,-11,7,19,6,-1,hello
7.705853700637817,0,-9,-12,-29,3,-25,-21,-6,-12,-14,7,21,13,-5,hello
7.705853700637817,7,4,-7,-11,1,-19,-34,-10,-11,-23,26,27,14,-14,hello
7.721267461776733,7,19,11,12,1,2,-21,-8,-15,-20,28,13,0,-10,hello
7.721267461776733,-2,5,11,7,4,32,17,-10,-18,-6,5,-17,-14,-6,hello
7.736845970153809,-15,-22,-11,-25,-5,26,33,-9,-13,-6,-23,-46,-29,-13,hello
7.736845970153809,-19,-21,-15,-32,-11,3,22,2,4,-1,-22,-42,-23,-4,hello
7.75302529335022,0,0,3,-4,-2,-4,2,14,19,18,14,-5,16,15,hello
7.768760442733765,20,6,9,8,0,-14,-24,0,5,6,28,10,30,2,hello
7.768760442733765,9,4,6,-4,-8,-23,-47,-28,-24,-25,11,-5,0,-19,hello
7.768760442733765,-8,11,16,1,-5,-8,-39,-26,-32,-25,6,-11,-14,-16,hello
7.784311056137085,-7,15,19,28,6,15,1,-4,-6,5,5,-3,-4,-5,hello
7.784311056137085,0,0,7,30,7,25,30,13,20,29,-8,-3,0,7,hello
7.799874305725098,3,-15,-4,10,1,20,27,20,26,32,-7,1,1,26,hello
7.799874305725098,3,-16,-12,-3,0,10,16,11,17,22,0,8,7,27,hello
7.815259218215942,1,-7,-10,-13,-1,4,15,11,10,7,-5,6,6,14,hello
7.830926179885864,5,-1,-4,-13,-2,-3,9,17,12,-1,-1,7,14,8,hello
7.830926179885864,10,0,0,-9,3,-16,-5,5,4,-13,14,16,22,4,hello
7.846343517303467,8,14,8,0,8,-9,-5,-8,-12,-12,13,12,3,-7,hello
7.846343517303467,1,21,12,10,5,15,8,-8,-17,-6,-4,-5,-28,-21,hello
7.861981868743896,-3,12,8,8,7,22,13,-2,-16,-12,-13,-6,-33,-20,hello
7.861981868743896,-6,10,2,12,6,8,10,-6,-10,-4,-12,-5,-17,-13,hello
7.87760066986084,-15,8,1,19,0,2,10,-5,-4,12,-18,-15,-19,-8,hello
7.87760066986084,-15,-4,-2,13,-3,4,7,1,2,13,-20,-15,-18,-2,hello
7.892844200134277,-8,-22,-16,-3,-14,-5,0,0,11,9,-12,-5,0,4,hello
7.892844200134277,-5,-23,-17,-14,-13,-18,-6,1,22,14,-13,2,12,14,hello
7.908447027206421,-1,-12,-10,-6,5,-15,-11,8,25,19,-2,8,15,14,hello
7.908447027206421,0,-7,-10,-9,6,-11,-23,2,10,1,15,11,21,4,hello
7.924238443374634,3,-1,-10,-24,-10,-16,-32,-3,-1,-20,19,13,23,-2,hello
7.924238443374634,13,8,-4,-17,-7,-20,-25,-3,-2,-19,20,16,21,-4,hello
7.93940544128418,25,18,10,0,6,-13,-19,0,-10,-16,21,22,17,-1,hello
7.93940544128418,22,21,19,5,7,0,-6,-1,-15,-13,24,19,16,0,hello
7.955327033996582,4,13,15,7,7,13,18,0,-4,2,11,0,5,1,hello
7.955327033996582,-1,9,17,15,14,28,31,4,3,13,-7,-11,-10,3,hello
7.970923185348511,-2,7,19,21,12,26,20,0,-1,6,-7,-8,-14,0,hello
7.970923185348511,-7,-5,11,11,1,9,5,-7,-15,-4,0,-6,-17,-3,hello
7.986250162124634,-9,-12,0,4,-5,12,14,-8,-19,-4,-10,-10,-22,1,hello
7.986250162124634,-10,-13,-11,1,-11,9,18,-9,-17,-3,-23,-18,-18,1,hello
8.002466440200806,-16,-23,-19,-7,-17,-10,0,-4,-17,-7,-25,-23,-17,-5,hello
8.002466440200806,-13,-19,-14,-6,-13,-5,-4,2,2,-1,-15,-19,-19,0,hello
8.017956495285034,-4,3,-4,6,0,9,4,10,24,7,-5,-7,-11,8,hello
8.017956495285034,-1,8,-8,5,0,-9,-6,10,19,8,1,-5,2,6,hello
8.039668321609497,-3,-10,-15,-11,-10,-28,-22,1,3,0,-2,-5,9,1,hello
8.039668321609497,3,-14,-7,-19,-4,-15,-15,5,4,-5,-4,5,8,-1,hello
8.039668321609497,18,-1,-4,-11,6,-5,-8,5,11,-4,13,10,20,-4,hello
8.048447132110596,19,2,-2,-7,2,-13,-14,-3,1,0,19,13,22,0,hello
8.063660621643066,4,6,1,-11,0,-12,-9,-8,-12,-4,11,17,9,-6,hello
8.063660621643066,-6,11,2,-15,1,-8,-7,-10,-15,-13,16,12,3,-16,hello
8.079245567321777,-3,20,11,-2,4,-7,-15,-18,-16,-13,19,8,0,-14,hello
8.079245567321777,0,28,19,23,8,14,0,-22,-17,3,5,0,-10,-7,hello
8.094951391220093,-4,19,15,25,12,41,28,3,0,18,-7,-3,-14,4,hello
8.094951391220093,-2,0,6,3,8,34,33,27,34,30,-5,4,4,22,hello
8.110480546951294,4,-11,0,-2,3,15,28,20,40,37,-1,7,16,29,hello
8.110480546951294,0,-7,1,5,4,15,30,19,22,29,-4,1,5,24,hello
8.126549482345581,-4,0,2,8,9,12,27,21,25,11,-3,-1,3,10,hello
8.126549482345581,1,-10,-6,-10,3,-8,-5,4,13,-15,-6,-6,2,-8,hello
8.142236948013306,6,-20,-12,-22,-9,-23,-32,-5,-14,-26,-2,-5,-1,-17,hello
8.142236948013306,10,-13,-8,-10,-12,-22,-23,0,-7,-12,4,0,1,-12,hello
8.157257556915283,9,-2,-4,-7,-8,-19,-13,-2,1,-14,-1,2,0,-12,hello
8.157257556915283,0,2,-5,-12,-14,-19,-23,-19,-26,-31,0,1,-5,-24,hello
8.173254251480103,0,7,7,-1,-10,-14,-29,-24,-46,-27,15,10,-1,-17,hello
8.173254251480103,9,17,26,26,4,0,-12,-12,-31,-11,14,12,0,2,hello
8.188445091247559,0,22,18,38,10,8,6,-9,-19,-4,-2,-6,-9,5,sil
8.188445091247559,-12,14,8,26,8,12,8,-5,-18,-1,-12,-17,-20,4,sil
8.204301118850708,-8,0,8,18,3,21,9,4,0,16,-8,-10,-11,14,sil
8.204301118850708,-4,-11,-1,12,-4,18,17,9,20,34,-2,-6,-2,18,sil
8.21927547454834,-8,-13,-13,-6,-4,10,21,4,14,25,-7,-12,-9,6,sil
8.21927547454834,-17,-23,-20,-22,0,7,18,-4,7,3,-24,-24,-15,-5,sil
8.235265016555786,-25,-31,-22,-22,-5,-3,3,-6,10,-4,-37,-21,-17,-11,sil
8.235265016555786,-21,-22,-22,-20,-17,-14,-8,-2,10,0,-26,-11,-11,-9,sil
8.249987602233887,-2,-7,-21,-18,-10,-10,-6,4,8,5,-8,0,5,1,sil
8.249987602233887,9,0,-11,-9,7,-9,6,18,20,12,11,18,27,14,sil
8.265207529067993,6,2,-5,-5,11,-11,11,22,25,10,28,28,34,11,sil
8.265207529067993,2,1,-6,-13,1,-5,-1,17,9,-6,19,19,23,3,sil
8.280834197998047,14,14,1,-9,1,1,-9,12,2,-2,16,16,28,10,sil
8.295968532562256,25,22,10,1,6,-1,-11,5,1,0,33,20,37,10,sil
8.295968532562256,20,14,11,0,1,-7,-15,-5,-13,-22,27,17,15,-9,sil
8.295968532562256,20,14,15,3,0,-6,-12,-17,-23,-26,14,14,-6,-16,sil
8.311144590377808,30,25,27,13,6,-4,-12,-20,-22,-14,15,16,-2,0,sil
8.326782941818237,23,29,33,24,9,-4,-15,-14,-13,-12,17,6,1,2,sil
8.326782941818237,0,18,21,26,8,1,-11,-8,-4,-6,7,-9,-14,-14,sil
8.34247875213623,-14,3,12,13,1,11,-4,-6,-7,0,-11,-14,-31,-20,sil
8.34247875213623,-16,-5,4,8,-5,13,5,-11,-12,-6,-19,-17,-29,-12,sil
8.358311414718628,-16,-9,1,12,-2,8,15,-7,-7,-4,-20,-22,-24,-10,sil
8.358311414718628,-17,-4,4,14,3,13,16,2,4,10,-19,-20,-20,-5,sil
8.373799324035645,-14,-7,1,10,3,21,20,6,12,20,-18,-17,-19,4,sil
8.373799324035645,-16,-18,-13,-8,-1,15,19,1,1,9,-29,-22,-22,3,sil
8.389865159988403,-19,-20,-25,-22,-8,11,13,0,-1,1,-34,-25,-12,-4,sil
8.389865159988403,-9,-14,-17,-19,-10,7,9,13,13,12,-14,-9,4,9,sil
8.40599775314331,-5,-15,-14,-18,-8,-5,12,25,26,28,4,7,11,24,sil
8.40599775314331,-14,-22,-24,-19,-8,-11,4,11,25,25,0,4,12,13,sil
8.421184301376343,-3,-18,-13,-13,0,-7,-5,3,18,11,-1,3,17,7,sil
8.421184301376343,14,-7,0,-3,6,-13,-3,8,10,12,17,19,30,14,sil
8.436851501464844,15,-4,-3,-2,0,-22,-5,5,0,4,26,31,30,14,sil
8.436851501464844,12,-1,-3,-2,-4,-13,-12,-3,-12,-11,13,25,14,6,sil
8.451884746551514,11,3,-3,-4,0,-7,-16,-10,-17,-14,0,6,-1,-4,sil
8.451884746551514,3,0,-10,-12,0,-15,-19,-10,-20,-20,-12,-6,-16,-12,sil
8.467063426971436,-4,-1,-8,-14,-4,-13,-20,-11,-24,-36,-10,-2,-18,-17,sil
8.467063426971436,-1,3,3,-12,-9,-11,-20,-11,-23,-37,3,3,-1,-16,sil
8.482667207717896,8,22,17,5,-6,-11,-15,3,-7,-12,19,3,14,-6,sil
8.482667207717896,13,36,24,30,8,1,0,12,10,12,28,5,18,3,sil
8.498267889022827,13,33,28,29,18,18,10,4,10,12,26,13,16,6,sil
8.498267889022827,16,29,27,22,18,19,10,-2,7,11,26,15,20,5,sil
8.513876676559448,21,22,20,24,14,12,13,1,13,16,22,14,18,7,sil
8.513876676559448,5,9,9,9,4,6,11,-1,7,1,6,2,-1,-2,sil
8.529954433441162,-15,4,-3,-4,0,4,6,-20,-11,-23,-9,-20,-22,-19,sil
8.529954433441162,-12,1,0,3,3,10,8,-17,-18,-18,-22,-25,-27,-13,sil
8.546072244644165,-12,-11,0,14,0,18,13,-5,-5,5,-25,-16,-21,0,sil
8.546072244644165,-28,-24,-12,7,-2,14,2,-3,-7,4,-26,-22,-29,-3,sil
8.56120753288269,-24,-18,-9,2,0,5,0,0,-13,-9,-24,-21,-31,-2,sil
8.56120753288269,-5,-12,-6,6,-4,0,7,3,6,8,-19,-10,-10,5,sil
8.57682752609253,0,-19,-17,-2,-4,5,10,16,23,34,-12,-8,1,11,sil
8.57682752609253,0,-22,-17,-14,1,15,10,29,29,36,0,-3,4,14,sil
8.59298324584961,1,-23,-13,-21,-10,0,7,17,28,13,-1,4,3,10,sil
8.59298324584961,2,-23,-14,-24,-23,-20,0,5,17,-4,-18,-1,0,2,sil
8.60808801651001,3,-19,-16,-19,-12,-15,-2,12,13,4,-13,-5,8,7,sil
8.60808801651001,2,-16,-20,-26,-3,-20,-10,12,7,3,1,6,13,9,sil
8.62334680557251,1,-4,-19,-33,-9,-37,-22,-8,-17,-32,2,13,1,-10,sil
8.62334680557251,10,14,0,-13,-4,-23,-24,-27,-36,-48,11,17,1,-22,sil
8.639029741287231,19,28,19,10,9,-3,-21,-20,-27,-14,30,25,22,-7,sil
8.639029741287231,13,32,21,11,8,-11,-17,-9,-10,7,37,26,33,0,sil
8.654253959655762,12,36,25,5,3,-11,-16,-5,-7,-6,26,17,20,-7,sil
8.654253959655762,8,35,35,13,11,7,-13,-9,-12,-11,16,10,1,-7,sil
8.669829607009888,-6,19,27,21,12,14,0,-14,-11,2,10,0,-4,0,sil
8.669829607009888,-15,7,18,16,4,12,14,-6,-6,4,-4,-13,-10,1,sil
8.685987710952759,-14,6,11,17,7,20,21,1,-2,0,-16,-20,-20,0,sil
8.685987710952759,-13,-4,1,16,7,23,16,1,1,8,-15,-18,-25,-4,sil
8.701125860214233,-14,-17,-5,11,0,21,17,3,9,22,-13,-14,-16,-1,sil
8.701125860214233,-16,-25,-16,3,-2,21,19,6,7,17,-17,-16,-13,1,sil
8.716967821121216,-17,-30,-22,-10,-4,12,8,6,0,0,-22,-18,-18,5,sil
8.716967821121216,-8,-20,-16,-8,-3,0,7,13,18,8,-8,-8,0,14,sil
8.732514142990112,9,-9,-4,0,0,-2,14,28,35,24,8,10,23,27,sil
8.732514142990112,19,-7,-2,-6,3,2,15,32,28,25,13,18,29,29,sil
8.748030662536621,17,-8,-17,-10,1,5,8,15,22,17,12,11,24,17,sil
8.748030662536621,13,-1,-19,-7,-3,-5,-1,-1,13,-8,8,9,10,3,sil
8.763270854949951,4,4,-8,-12,-11,-20,-10,-8,-2,-24,4,8,1,-7,sil
8.763270854949951,4,0,-7,-19,-11,-21,-13,-8,-7,-12,-1,1,6,-6,sil
8.779037714004517,9,-1,-4,-15,-9,-18,-21,-6,-2,-8,-3,3,10,-5,sil
8.779037714004517,4,0,3,-7,-9,-25,-29,-19,-15,-25,1,5,0,-18,sil
8.795156955718994,-1,6,9,-1,-2,-19,-21,-25,-32,-35,0,-1,-11,-27,sil
8.795156955718994,-1,21,11,11,6,0,-1,-13,-22,-23,6,0,-5,-21,sil
8.811277151107788,3,32,20,22,6,2,0,-1,-11,-18,10,9,-1,-13,sil
8.811277151107788,2,27,28,25,3,6,-4,-1,-17,-10,-3,6,-15,-4,sil
8.826836109161377,-3,14,24,35,5,22,10,-3,-9,20,-12,-3,-18,4,sil
8.826836109161377,-6,1,10,26,10,20,19,3,2,30,-9,-3,-13,6,sil
8.842461109161377,-11,-14,-14,-6,3,-2,4,6,1,0,-12,-10,-14,-1,sil
8.842461109161377,-7,-30,-28,-26,-12,-22,-14,1,-1,-14,-14,-12,-9,-6,sil
8.85769009590149,12,-12,-5,-11,-14,-22,-22,2,1,0,2,8,6,0,sil
8.85769009590149,26,26,21,21,0,-3,-17,0,-3,8,26,25,16,9,sil
8.873337745666504,17,38,33,38,21,17,-6,-12,-17,-9,22,12,2,7,sil
8.873658418655396,-4,13,18,29,25,29,12,-19,-19,-14,-4,-17,-14,-3,sil
8.888854265213013,-24,-17,-20,0,4,26,29,-11,-9,9,-30,-38,-20,-10,sil
8.888854265213013,-27,-26,-35,-22,-6,13,22,8,2,21,-35,-30,-15,-3,sil
8.90493369102478,-18,-16,-18,-18,0,4,5,20,17,13,-13,-15,-1,3,sil
8.90493369102478,-9,-19,-10,-24,0,4,3,17,31,16,0,-13,13,7,sil
8.920876502990723,-10,-29,-20,-53,-4,9,13,16,37,32,0,-9,18,13,sil
8.920876502990723,-15,-24,-23,-50,0,4,15,17,37,29,2,-1,17,18,sil
8.936957120895386,-7,-10,-12,-19,0,-4,2,20,34,17,11,5,22,18,sil
8.936957120895386,6,-7,-3,-20,-10,-13,-5,6,26,12,26,12,28,9,sil
8.952508687973022,5,-14,-2,-36,-13,-19,-7,-6,0,-5,23,11,13,0,sil
8.952508687973022,-3,-14,-5,-19,-14,-14,-1,0,-12,-22,4,5,0,-5,sil
8.968106508255005,2,-5,-6,-2,-10,-4,2,9,0,-14,0,11,6,-7,sil
8.968106508255005,17,10,7,3,0,0,0,2,1,-9,6,20,9,-3,sil
8.983274221420288,21,29,26,40,11,3,1,-9,-9,-9,12,17,0,-1,sil
8.983274221420288,21,36,32,63,9,0,0,-11,-16,-5,11,17,-3,-3,sil
8.998881340026855,23,31,22,36,-3,-17,-14,-14,-22,-14,2,22,0,-9,sil
8.998881340026855,22,23,7,21,-8,-25,-28,-20,-25,-31,0,18,-3,-7,sil
9.014827489852903,18,21,19,32,2,-9,-23,-15,-26,-23,6,19,-4,2,sil
9.014827489852903,4,21,33,37,5,4,-12,-12,-24,0,7,13,1,0,sil
9.030505657196043,-11,8,13,15,-1,0,-10,-15,-22,-8,-4,-10,-15,-12,sil
9.030505657196043,-16,0,-4,0,0,-2,-5,-10,-19,-33,-15,-24,-38,-13,sil
9.04643702507019,-17,-3,-2,1,5,8,0,-6,-18,-18,-13,-23,-30,-8,sil
9.04643702507019,-17,-9,-3,-1,1,10,1,-3,-15,3,-18,-21,-17,-5,sil
9.062204122543337,-11,-7,-10,-2,0,8,13,7,1,9,-18,-14,-15,0,sil
9.062204122543337,0,0,1,9,7,13,33,21,23,26,-11,-9,-6,9,sil
9.077163457870483,3,-4,3,4,13,24,36,28,36,49,-14,-12,1,18,sil
9.077163457870483,-10,-27,-23,-23,3,21,28,21,44,45,-20,-16,5,16,sil
9.092970609664915,-13,-35,-32,-39,-6,-2,4,10,36,13,-6,-5,13,8,sil
9.092970609664915,4,-14,-14,-27,-2,-14,-17,1,14,-1,17,8,25,8,sil
9.10818338394165,16,-3,-6,-13,1,-2,-16,-1,5,4,17,13,27,17,sil
9.10818338394165,6,-9,-9,-18,0,-7,-10,0,6,-1,5,6,21,8,sil
9.12401294708252,-5,-7,-17,-30,0,-23,-17,-7,-7,-25,6,1,15,-15,sil
9.139613389968872,-13,2,-17,-23,0,-14,-20,-11,-27,-26,3,0,0,-21,sil
9.139613389968872,-15,9,-6,-1,-3,0,-10,-5,-22,-7,1,-9,-13,-16,sil
9.15524196624756,-2,13,1,2,-1,0,-4,-2,-11,-5,7,-8,-6,-16,sil
9.15524196624756,16,22,13,6,6,8,0,0,-10,-6,11,12,3,-8,sil
9.15524196624756,6,18,18,28,11,25,9,-3,-7,5,9,6,-2,-2,sil
9.170804738998411,-14,-2,9,26,5,23,16,-7,-5,4,-7,-23,-21,-6,sil
9.186899662017822,-12,-12,-1,7,-9,17,24,0,8,6,-19,-20,-20,-1,sil
9.186899662017822,-2,-13,-2,3,-14,15,22,10,25,18,-7,1,-5,11,sil
9.186899662017822,-2,-15,0,0,-7,11,16,12,20,16,-3,3,-2,16,sil
9.202186346054075,0,-13,-1,-5,-4,11,20,10,15,18,-6,-5,2,17,sil
9.218237161636353,8,-6,0,-6,-6,5,12,14,21,24,6,10,18,20,sil
9.218237161636353,23,1,7,-2,-1,-7,-9,14,20,5,28,36,31,14,sil
9.218237161636353,28,6,15,-2,8,-19,-25,0,7,-15,23,35,30,1,sil
9.233883380889893,16,8,14,-13,4,-31,-34,-15,-12,-24,4,16,14,-3,sil
9.233883380889893,0,5,0,-16,-7,-44,-31,-20,-25,-26,5,4,0,-6,sil
9.249924421310425,-5,4,-1,-5,-7,-49,-25,-16,-32,-33,8,5,-7,-18,sil
9.249924421310425,3,16,14,1,0,-42,-16,-16,-33,-38,3,6,-12,-23,sil
9.265166759490969,1,27,22,9,3,-38,-5,-18,-25,-25,0,0,-16,-11,sil
9.280235528945925,-5,26,21,27,4,-35,0,-9,-19,-6,-3,-7,-19,-1,sil
9.280235528945925,-4,18,15,39,8,-8,7,-4,-13,3,-12,-12,-15,-8,sil
9.29591941833496,-5,4,0,22,9,30,22,1,-1,0,-26,-20,-15,-10,sil
9.29591941833496,-14,-11,-15,2,4,52,23,7,4,7,-29,-21,-19,-5,sil
9.31065058708191,-12,-19,-17,11,2,57,11,4,6,23,-12,-15,-12,1,sil
9.31065058708191,-5,-15,-12,17,1,53,10,9,8,24,-2,-11,-4,18,sil
9.3262619972229,-8,-11,-16,6,2,38,15,17,19,23,-5,-12,0,25,sil
9.3262619972229,-4,-14,-16,-3,7,25,12,16,31,35,-3,-5,7,19,sil
9.341915845870972,9,-14,-2,-2,7,25,12,12,36,34,3,8,20,20,sil
9.341915845870972,1,-14,-4,-6,0,9,6,7,27,13,6,3,21,18,sil
9.357096910476685,-11,-15,-15,-20,-5,-14,-13,5,8,1,3,-7,6,0,sil
9.357096910476685,0,-4,-14,-23,-6,-15,-21,1,0,2,4,-2,8,-10,sil
9.373254537582396,12,1,-8,-20,-11,-6,-8,-1,0,-5,4,11,18,-4,sil
9.373254537582396,9,-1,-8,-22,-12,-10,-6,2,-1,-19,4,21,11,-4,sil
9.388797521591188,4,-4,-12,-22,-7,-15,-9,-3,-10,-23,7,13,0,-13,sil
9.388797521591188,0,-1,-2,-20,-8,-16,-6,-8,-14,-18,2,0,-1,-12,sil
9.403947830200195,2,2,3,-21,-8,-17,0,0,-5,-9,0,0,1,-8,sil
9.403947830200195,6,7,1,-14,0,-19,0,1,-4,-13,6,5,1,-10,sil
9.419102668762209,8,16,15,2,7,-16,2,-3,-15,-17,10,4,-1,-9,sil
9.419102668762209,11,19,27,17,0,-15,0,-10,-18,-8,7,2,-3,-10,sil
9.434819221496582,7,15,18,11,-3,-20,-18,-14,-17,-17,1,0,-11,-13,sil
9.434819221496582,-9,14,8,4,0,-15,-24,-18,-22,-29,-3,-10,-17,-12,sil
9.44997525215149,-21,8,11,17,1,0,-12,-21,-27,-16,-3,-16,-17,-7,sil
9.44997525215149,-8,6,21,33,10,19,5,-12,-17,2,4,-1,-15,2,sil
9.465139865875244,-1,11,15,35,21,34,21,0,10,21,12,6,-5,12,sil
9.465139865875244,-5,4,2,25,17,31,18,6,20,28,4,1,0,14,sil
9.48023009300232,0,-3,6,23,7,18,12,3,11,24,0,1,1,14,hello
9.48023009300232,2,-6,7,14,8,15,25,8,17,24,-1,2,2,19,hello
9.49628472328186,-2,-10,-6,-3,5,11,34,23,35,32,-3,-1,3,16,hello
9.49628472328186,0,-14,-16,-6,-9,-3,21,19,36,27,-2,0,10,6,hello
9.51230001449585,-2,-20,-15,-17,-19,-9,1,6,8,0,-23,1,1,0,hello
9.51230001449585,-11,-22,-23,-25,-11,0,0,9,-5,-19,-40,-10,-9,0,hello
9.527932405471802,-8,-18,-27,-15,-5,-3,1,12,9,-5,-20,-15,0,-4,hello
9.527932405471802,-6,-20,-20,-24,-16,-15,-14,3,8,2,-3,-8,7,-1,hello
9.543843984603882,0,-18,-15,-28,-13,-19,-25,-7,-10,-10,-2,0,10,1,hello
9.543843984603882,13,0,-4,-7,4,-18,-19,0,-12,-12,12,12,16,7,hello
9.559009790420532,14,12,3,-4,6,-12,-21,6,0,0,25,23,17,9,hello
9.559009790420532,9,9,3,-14,-2,-8,-26,-4,-3,-9,20,17,12,4,hello
9.574939489364624,23,20,19,2,5,-9,-15,-10,-15,-14,20,14,9,2,hello
9.574939489364624,25,33,27,24,14,-2,-4,-10,-11,-1,25,13,4,-5,hello
9.59005331993103,1,18,8,14,5,0,-14,-20,-18,-13,6,-1,-14,-24,hello
9.59005331993103,-10,10,11,13,-3,-3,-12,-23,-24,-22,-7,-10,-17,-23,hello
9.60614562034607,0,20,26,30,-1,4,6,-13,-10,0,2,-2,0,-3,hello
9.60614562034607,-1,8,14,17,1,22,9,-6,-6,13,-5,-4,-9,-3,hello
9.622180938720703,-17,-14,-11,-4,3,30,11,-4,-11,4,-29,-25,-31,-21,hello
9.622180938720703,-30,-17,-22,-1,3,35,32,6,4,2,-35,-39,-31,-17,hello
9.637863636016846,-24,-11,-16,0,1,39,49,26,31,13,-20,-23,-12,1,hello
9.637863636016846,0,-14,-13,-16,0,18,38,29,41,28,5,7,16,20,hello
9.654081106185911,15,-13,-7,-27,-2,-22,1,19,27,17,15,24,31,28,hello
9.654081106185911,14,-2,-4,-20,-10,-39,-26,6,7,-6,11,17,23,15,hello
9.669643640518188,19,8,3,-2,-5,-26,-22,0,2,-12,9,15,12,0,hello
9.669643640518188,17,8,9,7,5,-19,-14,0,-5,-19,13,18,3,-9,hello
9.685495615005491,-11,-5,-3,-2,0,-20,-18,-8,-25,-32,11,2,-3,-16,hello
9.685495615005491,-27,-4,-3,-2,-4,-9,-14,-16,-31,-25,2,-7,-8,-9,hello
9.701373100280762,-6,13,16,21,9,9,0,-14,-14,2,1,-2,-5,0,hello
9.701373100280762,6,11,15,30,15,16,7,-8,-3,17,3,-8,-6,0,hello
9.716901779174805,0,-1,5,18,5,15,15,-1,0,14,-4,-14,-8,3,hello
9.716901779174805,-5,-5,-1,14,0,17,26,-1,9,17,-15,-12,-8,11,hello
9.732323169708252,-8,-14,-11,-1,0,14,13,-3,4,13,-17,-15,-14,4,hello
9.732323169708252,-5,-17,-14,-17,-10,2,-3,-2,-5,1,-12,-17,-13,0,hello
9.74789261817932,4,-6,-5,-10,-15,-7,-3,0,-2,-3,-11,-8,-7,10,hello
9.74789261817932,8,2,0,0,-6,-2,2,11,10,6,-9,3,-1,16,hello
9.763978958129885,3,-2,-6,-8,-3,0,0,19,23,21,1,10,16,7,hello
9.763978958129885,0,-14,-10,-22,-8,-10,-6,16,25,21,3,13,25,2,hello
9.780028343200684,3,-5,-5,-23,0,-11,-11,13,14,7,0,17,16,1,hello
9.780028343200684,7,7,-2,-13,7,0,-10,14,5,-11,6,20,11,-7,hello
9.795424699783323,9,11,5,-7,4,1,-7,13,5,-20,12,22,17,-8,hello
9.795424699783323,8,14,14,0,1,-14,-1,-1,3,-11,24,22,25,1,hello
9.810956001281738,8,13,13,0,2,-25,-3,-15,-7,-4,29,18,15,2,hello
9.810956001281738,8,16,11,-1,4,-11,-8,-14,-15,-2,23,8,1,-3,hello
9.826837301254272,4,23,19,15,7,2,-7,-19,-20,-2,13,1,-2,-7,hello
9.826837301254272,-2,17,26,30,10,2,-5,-31,-30,-23,0,-2,-15,-10,hello
9.842273235321043,-3,5,16,30,11,12,-2,-28,-29,-38,-12,-12,-32,-19,hello
9.842273235321043,-7,0,2,19,9,21,0,-11,-22,-23,-21,-20,-35,-22,hello
9.858173608779907,-13,-6,-6,6,0,10,6,-5,-21,-1,-21,-21,-22,-11,hello
9.858173608779907,-8,-12,-15,3,-10,5,8,-1,-12,5,-21,-24,-13,1,hello
9.874165296554564,-4,-8,-14,1,-8,13,9,14,2,15,-26,-28,-14,8,hello
9.874165296554564,-7,-10,-16,-1,-3,12,19,21,26,38,-13,-19,0,12,hello
9.889184951782228,-5,-18,-19,-10,0,5,23,20,41,41,5,-1,18,17,hello
9.889184951782228,-3,-19,-21,-18,-4,2,7,24,35,11,2,-1,13,11,hello
9.904333114624023,-12,-23,-29,-23,-13,-3,-2,16,26,0,-4,-15,3,5,hello
9.904333114624023,-11,-24,-20,-24,-15,-11,-3,7,20,10,-9,-5,0,10,hello
9.92000150680542,8,-10,-1,-16,-11,-14,-11,3,5,-1,-6,14,3,6,hello
9.935370922088625,24,6,6,-1,-1,-13,-22,-5,-13,-28,10,23,10,-6,hello
9.935370922088625,22,26,18,10,8,-4,-20,-15,-26,-23,26,24,13,-9,hello
9.935370922088625,6,28,24,11,6,-1,-9,-17,-29,-9,22,19,8,-6,hello
9.951278924942017,-10,9,16,11,0,-2,-1,-8,-16,-7,10,5,-4,-4,hello
9.951278924942017,-13,0,8,16,4,8,14,4,5,6,8,-4,-5,0,hello
9.966864824295044,-6,-3,1,5,7,18,26,17,23,25,-3,-8,1,8,hello
9.982081413269045,-4,-11,-6,-16,0,6,20,26,33,27,-2,0,13,15,hello
9.982081413269045,2,-6,-3,-14,-1,-14,0,8,25,19,23,14,23,5,hello
9.997276782989502,20,18,13,2,2,-28,-17,-17,-16,-9,28,19,13,-5,hello
9.997276782989502,20,32,25,15,10,-17,-15,-22,-44,-39,3,7,-7,-10,hello
10.01293420791626,1,14,14,15,11,-1,-8,-21,-42,-40,-14,-12,-29,-21,hello
10.01293420791626,-10,-3,1,8,1,1,-3,-22,-31,-16,-22,-19,-38,-25,hello
11.403285503387451,22,22,20,8,19,4,0,-6,-3,-2,14,8,12,1,hello
11.403285503387451,7,8,13,-8,9,0,-1,-10,-11,-10,0,-3,-13,0,hello
11.419217824935911,-10,8,5,-9,-11,-1,0,-14,-16,-12,-7,-14,-26,-6,hello
11.419217824935911,-7,12,6,10,-5,16,19,-11,-11,7,-8,-19,-23,-3,hello
11.434216260910034,6,3,8,11,0,25,31,6,4,22,-8,-5,-7,13,hello
11.434216260910034,17,0,8,-1,-5,12,20,25,25,18,2,19,20,29,hello
11.449918508529665,13,-2,6,-9,-10,-9,-5,17,17,0,8,23,23,17,hello
11.449918508529665,-3,-16,-7,-23,-19,-22,-23,-5,-5,-17,0,3,3,-8,hello
11.465054035186768,-9,-17,-14,-30,-18,-22,-24,-13,-20,-31,-1,0,0,-19,hello
11.465054035186768,0,7,9,1,3,-11,-17,-14,-28,-35,5,5,1,-15,hello
11.480688333511353,-4,19,24,36,17,7,-7,-23,-23,-10,-1,-10,-15,-14,hello
11.480688333511353,-21,0,3,30,12,19,3,-13,-6,15,-14,-25,-26,-12,hello
11.4963116645813,-19,-11,-15,17,8,18,15,8,11,24,-6,-16,-12,-1,hello
11.4963116645813,-17,-12,-12,8,1,14,18,17,23,27,-3,-4,-5,12,hello
11.512470006942747,-18,-10,-17,-1,-1,9,13,18,32,34,-3,-7,0,9,hello
11.512470006942747,-2,-13,-32,-3,2,-1,7,10,36,35,9,-8,17,1,hello
11.527532815933228,13,-17,-15,-17,-2,-19,-9,2,11,4,0,7,14,10,hello
11.527532815933228,11,-10,-2,-24,-10,-25,-19,0,-7,-25,-10,11,6,6,hello
11.543253421783447,9,0,-12,-11,-6,-19,-17,-4,-6,-23,6,2,16,-9,hello
11.543253421783447,10,8,6,-14,-7,-15,-20,-4,-30,-32,5,14,3,-7,hello
11.559709072113035,10,17,19,-7,-4,-10,-11,-16,-47,-50,-6,14,-12,-10,hello
11.559709072113035,13,23,3,14,9,-2,-1,-22,-29,-41,0,-3,-6,-15,hello
11.574856042861938,9,29,21,18,13,10,0,2,-10,-9,3,4,-6,-1,hello
11.574856042861938,-5,25,33,25,11,24,8,13,-2,11,0,3,-13,1,hello
11.59028172492981,-12,4,5,30,15,27,19,0,2,13,-7,-24,-13,-8,hello
11.59028172492981,-9,-11,-7,7,5,25,22,4,12,24,-13,-26,-11,0,hello
11.606351613998411,-13,-20,-2,-12,-2,25,25,14,22,36,-17,-12,-8,10,hello
11.606351613998411,-10,-26,-10,-10,0,15,20,7,24,24,-16,-13,-6,5,hello
11.62204623222351,0,-32,-21,-19,-4,-7,2,2,22,17,-3,-9,0,1,hello
11.637315511703491,12,-20,-11,-23,-15,-19,-5,7,23,20,8,9,11,11,hello
11.637315511703491,20,1,0,-8,-9,-15,-2,3,14,1,12,21,17,13,hello
11.637315511703491,5,6,1,-6,-3,-17,-10,-5,0,-12,12,18,12,1,hello
11.652901649475098,-9,6,5,-13,-9,-20,-23,-3,-1,-8,23,20,17,-3,hello
11.652901649475098,0,18,9,-1,-7,-18,-23,-6,-5,-13,41,26,28,4,hello
11.668131589889526,18,27,12,13,3,-13,-20,-12,-16,-18,37,26,20,6,hello
11.6854989528656,12,28,16,18,11,-4,-16,-14,-19,-10,15,11,2,-7,hello
11.6854989528656,-3,20,14,14,9,0,-2,-6,-15,-5,-1,-7,-9,-13,hello
11.6854989528656,-13,2,0,2,2,3,7,-5,-17,0,-10,-18,-14,-7,hello
11.700423002243042,-17,-10,-8,4,-1,18,13,-14,-21,0,-21,-23,-19,-7,hello
11.700423002243042,-14,-11,-2,12,-2,22,20,-7,-17,-12,-32,-26,-30,-7,hello
11.715823888778688,-11,-16,-7,9,-1,13,26,7,0,-2,-34,-27,-30,-2,hello
11.731003284454346,-14,-27,-19,-5,0,9,16,17,17,16,-30,-18,-14,7,hello
11.731003284454346,-7,-23,-15,-15,-1,4,7,24,30,16,-16,0,4,21,hello
11.74712586402893,7,-13,-13,-13,-6,-5,4,23,34,16,-1,11,18,20,hello
11.74712586402893,10,-9,-9,-15,-3,-11,-9,16,18,10,-3,13,15,9,hello
11.762331485748293,12,5,3,-10,6,-9,-14,5,6,-2,0,18,20,8,hello
11.762331485748293,18,18,7,1,7,-9,-7,0,10,-6,23,25,36,5,hello
11.777998924255373,17,19,8,7,3,-5,-9,0,6,4,31,28,29,-6,hello
11.777998924255373,15,21,14,14,6,-1,-15,-7,-11,10,25,12,7,-13,hello
11.793272733688354,9,17,18,15,6,-8,-23,-24,-30,-8,14,-4,-11,-15,hello
11.793272733688354,3,5,19,11,-1,-12,-19,-22,-28,-18,12,-10,-19,-17,hello
11.808786630630491,-6,0,13,9,-6,2,4,-13,-15,-7,4,-16,-19,-13,hello
11.808786630630491,-19,-1,0,2,-2,19,18,-8,-11,-7,-19,-18,-27,-12,hello
11.823876142501833,-20,-12,-8,-2,2,25,23,-4,-6,-3,-28,-18,-28,-11,hello
11.823876142501833,-13,-16,-8,-1,1,29,22,2,0,6,-22,-18,-17,0,hello
11.839021682739258,-12,-11,-17,-10,-4,24,19,6,5,9,-15,-16,-5,11,hello
11.839021682739258,-14,-17,-24,-23,-5,0,13,8,14,13,-6,-10,0,12,hello
11.8541579246521,-6,-21,-16,-29,-4,-21,0,13,10,0,-7,-2,0,3,hello
11.8541579246521,3,-14,-18,-25,-11,-23,-16,6,1,-30,-10,1,0,-5,hello
11.87024998664856,11,-2,-18,-18,-9,-17,-22,0,3,-33,5,12,6,-2,hello
11.87024998664856,20,16,9,2,5,-11,-17,-1,3,-7,29,28,25,6,hello
11.886270523071287,29,30,28,23,9,-7,-14,-2,-2,0,30,33,32,9,hello
11.886270523071287,18,24,24,15,6,-2,-10,-2,-5,-4,14,20,15,3,hello
11.902429103851318,-4,9,13,11,5,2,0,-3,-5,7,4,0,0,-3,hello
11.902429103851318,-14,4,6,26,0,0,9,0,-3,21,-1,-13,-2,0,hello
11.918020248413086,-13,4,4,24,-1,0,16,7,9,21,-6,-15,0,7,hello
11.918020248413086,-20,-5,-5,2,0,7,16,0,21,19,-5,-17,-2,3,hello
11.933159828186035,-19,-11,-12,-1,3,13,16,0,14,16,-10,-15,-11,6,hello
11.933159828186035,6,0,-1,10,6,15,18,19,15,19,-4,0,0,19,hello
11.948851346969604,29,0,8,5,4,5,9,17,22,23,8,16,17,21,sil
11.948851346969604,21,-9,0,-13,0,-8,-7,3,9,4,9,18,13,7,sil
11.96387815475464,3,-11,-14,-20,-7,-15,-17,-2,-11,-19,4,7,5,-5,sil
11.96387815475464,0,-4,-5,-18,-8,-16,-19,-5,-23,-21,3,8,1,-9,sil
11.979896068572998,9,9,8,-7,-2,-10,-14,-10,-18,-8,13,17,6,-7,sil
11.979896068572998,9,17,9,0,0,-5,-15,-16,-18,-12,14,12,6,-4,sil
11.995547533035278,-7,9,9,-1,0,-2,-24,-20,-31,-27,-6,-3,-14,-15,sil
11.995547533035278,-20,-1,8,3,3,10,-7,-19,-26,-18,-23,-25,-36,-31,sil
12.011085748672484,-14,-4,8,11,8,22,24,-2,-3,3,-26,-28,-32,-16,sil
12.011085748672484,-2,0,7,15,0,17,32,3,8,12,-16,-10,-12,10,sil
12.026220798492432,-3,-1,0,10,-3,5,17,0,4,4,-1,0,-2,4,sil
12.026220798492432,-12,-7,-11,-6,0,6,8,7,5,2,2,-1,1,-8,sil
12.042073011398315,-12,-15,-24,-16,-2,5,6,10,10,5,-12,-12,-1,-6,sil
12.042073011398315,-11,-23,-25,-13,-5,-7,0,5,4,-3,-26,-19,-11,-2,sil
12.06320333480835,-8,-11,-10,-7,0,-6,-2,8,4,-7,-5,-2,1,0,sil
12.064226388931274,4,6,-2,-4,0,0,-9,12,12,-2,22,20,27,7,sil
12.064226388931274,14,9,-1,-2,1,-6,-21,12,16,2,23,20,27,12,sil
12.073638916015623,16,4,0,-6,1,-19,-23,2,16,6,19,14,24,7,sil
12.089246034622192,13,8,7,-11,-3,-17,-18,-9,-1,-9,21,15,11,1,sil
12.089246034622192,12,18,21,7,0,0,-6,-15,-28,-22,12,7,-14,-4,sil
12.105007410049438,14,11,17,26,10,14,9,-18,-25,-6,-7,-9,-28,-8,sil
12.105007410049438,2,-1,4,12,1,13,15,-5,-2,10,-16,-13,-16,0,sil
12.120173692703249,-9,0,0,3,-2,9,20,13,17,19,-3,-6,2,15,sil
12.120173692703249,-4,-1,1,11,0,14,25,19,20,21,-8,-4,0,17,sil
12.136043787002563,-2,-10,-5,5,-1,13,27,14,21,27,-19,-1,-4,17,sil
12.136043787002563,-9,-16,-17,-8,-7,-4,12,13,27,27,-3,8,14,20,sil
12.151116371154783,-9,-10,-16,-15,-9,-20,-16,8,13,6,13,11,24,6,sil
12.151116371154783,2,4,-5,-7,-4,-22,-27,-5,-6,-6,16,7,16,-14,sil
12.166823625564575,13,16,7,2,5,-22,-19,-10,-14,-10,17,6,7,-14,sil
12.166823625564575,6,13,12,9,6,-14,-16,-12,-32,-30,6,-4,-7,-11,sil
12.182480573654177,-6,-1,5,13,0,4,-11,-22,-44,-41,-15,-25,-22,-20,sil
12.182480573654177,-11,-12,0,5,0,12,-2,-15,-17,-13,-22,-23,-21,-14,sil
12.198029041290283,0,-5,-7,-7,0,3,0,-1,16,17,-5,-2,0,0,sil
12.198029041290283,10,3,-7,-20,-1,-6,-2,1,11,10,13,18,20,5,sil
12.214029312133787,14,12,5,-17,-2,-8,-6,0,-6,-13,25,31,28,5,sil
12.214029312133787,13,18,13,-2,3,0,-5,-4,-12,-16,27,21,22,-1,sil
12.230079174041748,2,16,14,4,13,15,4,-5,-9,-4,8,0,1,-7,sil
12.230079174041748,-15,5,10,9,11,24,18,0,0,5,-12,-13,-18,-2,sil
12.245262384414673,-16,-2,9,12,0,15,15,6,7,9,-18,-14,-25,4,sil
12.245262384414673,-6,-2,13,11,-1,10,13,10,8,7,-14,-12,-22,2,sil
12.260850191116331,-9,-6,1,13,0,13,22,5,10,6,-16,-14,-28,-3,sil
12.260850191116331,-13,-12,-6,9,-3,12,12,-1,0,0,-25,-11,-34,-3,sil
12.27647304534912,2,-12,4,4,-2,9,2,-2,0,5,-18,0,-12,7,sil
12.27647304534912,12,-17,2,0,0,5,10,4,8,21,-3,3,9,17,sil
12.292013883590698,-1,-14,-17,-7,-6,-3,7,14,9,14,2,2,9,15,sil
12.292013883590698,-14,-4,-31,-17,-10,-10,-6,6,9,-9,-1,-1,8,0,sil
12.30693221092224,-10,-7,-30,-24,-8,-18,-7,4,12,-17,-9,-9,7,-8,sil
12.30693221092224,0,-6,-23,-19,-4,-21,0,15,15,4,0,-5,13,0,sil
12.323073863983154,11,3,-11,-2,0,-8,0,16,20,26,22,13,32,11,sil
12.323073863983154,16,13,7,6,7,3,-5,7,22,28,31,27,36,11,sil
12.338584661483765,13,16,15,11,9,-1,-9,-3,10,18,27,26,23,2,sil
12.338584661483765,12,8,7,6,3,-14,-23,-12,-14,-2,14,19,9,-2,sil
12.354657649993896,10,-1,0,-10,-7,-17,-30,-14,-30,-19,6,11,4,-9,sil
12.354657649993896,7,-5,-2,-20,-8,-11,-26,-17,-23,-25,6,3,2,-15,sil
12.370444297790527,-2,-1,4,-10,2,-10,-27,-16,-18,-31,-1,-4,-9,-16,sil
12.370444297790527,-14,1,7,-2,1,-9,-21,-14,-25,-32,-6,-16,-20,-18,sil
12.385897874832152,-9,5,9,0,-3,-2,-2,-11,-28,-20,-3,-17,-22,-16,sil
12.385897874832152,4,16,15,12,3,2,12,-1,-12,-10,0,-9,-11,-5,sil
12.40193486213684,5,17,14,12,4,0,11,4,-1,-7,2,-4,-4,3,sil
12.40193486213684,-9,6,11,0,-3,1,4,4,-10,-15,-5,-5,-12,0,sil
12.417820692062378,-6,3,10,13,0,9,13,-8,-10,-15,-18,-9,-17,-1,sil
12.433417797088625,4,2,5,27,3,14,21,-11,0,0,-17,-10,-15,7,sil
12.433417797088625,-4,-5,-1,13,-2,20,25,-1,2,14,-11,-10,-15,6,sil
12.449168682098389,-13,-8,-4,8,1,33,30,6,12,16,-16,-9,-14,0,sil
12.449168682098389,-8,-5,-3,8,12,31,22,7,19,20,-13,-5,-2,9,sil
12.449168682098389,-5,-13,-9,2,1,17,12,6,15,28,0,-6,0,11,sil
12.463818073272703,-1,-12,-10,0,-7,9,14,11,12,22,-4,-1,-5,7,sil
12.479934692382812,0,-1,-8,1,1,3,9,19,22,22,-9,5,6,15,sil
12.479934692382812,0,-4,-17,-9,2,-13,-6,15,24,24,5,2,22,12,sil
12.495229244232178,7,-4,-12,-15,-9,-20,-8,16,18,16,16,3,19,5,sil
12.495229244232178,14,5,0,-1,-6,-10,2,20,23,20,18,14,27,17,sil
12.511296510696411,6,0,-2,-3,3,-10,-4,10,24,17,15,13,32,19,sil
12.511296510696411,0,-9,-6,-21,1,-15,-19,-1,5,-9,7,9,13,-1,sil
12.52649712562561,0,-12,-12,-27,-9,-16,-20,-14,-16,-25,6,9,1,-19,sil
12.52649712562561,0,-12,-11,-27,-9,-16,-17,-18,-23,-26,6,9,2,-17,sil
12.542134761810305,9,2,5,-13,5,-3,-6,-6,-11,-22,12,15,5,-11,sil
12.542134761810305,20,16,23,5,15,0,-4,-1,-8,-15,14,22,2,-9,sil
12.557885646820068,17,16,26,2,3,-8,-21,-14,-26,-21,4,16,-5,-11,sil
12.557885646820068,5,12,15,-3,-4,-3,-21,-22,-30,-29,0,1,-2,-14,sil
12.573192834854126,-1,10,15,6,4,11,-2,-8,-17,-18,4,-3,0,-9,sil
12.573192834854126,-6,13,22,26,12,8,5,-2,-2,7,4,-2,-2,5,sil
12.588584661483765,-8,16,17,30,4,-2,0,-11,-3,14,-5,-8,-5,7,sil
12.588584661483765,-13,6,3,20,-4,-3,0,-6,-16,1,-16,-19,-17,-9,sil
12.604242086410522,-16,-9,-12,8,-6,-3,4,1,-6,-2,-17,-20,-25,-8,sil
12.604242086410522,-15,-16,-20,-4,-7,-6,3,3,7,0,-21,-15,-19,4,sil
12.61983585357666,-16,-14,-18,-2,-8,4,8,4,10,8,-24,-20,-16,-1,sil
12.61983585357666,-14,-18,-17,2,-1,21,17,8,10,13,-19,-21,-17,-5,sil
12.635438919067385,-15,-17,-18,-6,3,18,14,8,15,11,-11,-10,-9,8,sil
12.635438919067385,-2,-4,-16,-9,-2,3,8,7,19,14,-1,-4,7,7,sil
12.652148723602297,12,0,-9,-3,-1,0,9,18,24,18,5,-5,15,2,sil
12.652148723602297,11,-2,-7,-9,5,3,8,19,23,13,7,2,14,8,sil
12.667388677597046,11,1,-1,-11,0,-4,-1,2,8,0,15,24,17,14,sil
12.667388677597046,24,15,17,0,-7,-19,-14,-5,-9,-16,22,36,19,10,sil
12.682971239089966,18,15,15,0,-4,-16,-15,-9,-15,-27,16,17,15,-4,sil
12.682971239089966,3,10,5,-9,-5,-7,-12,-11,-20,-31,3,0,1,-16,sil
12.69902491569519,5,20,15,1,-5,-4,-16,-13,-34,-27,8,4,-11,-16,sil
12.69902491569519,1,23,16,19,6,0,-8,-23,-40,-17,3,-7,-25,-18,sil
12.7142596244812,-17,2,4,15,11,14,10,-19,-23,-4,-17,-25,-27,-13,sil
12.7142596244812,-15,-9,2,16,5,32,24,0,9,23,-13,-16,-7,10,sil
12.729843378067017,1,-3,10,26,11,41,22,18,25,47,3,1,2,29,sil
12.729843378067017,0,-2,3,17,14,28,21,19,19,36,-1,3,5,21,sil
12.745843172073364,-6,-17,-17,-6,0,4,12,10,16,9,-6,-1,11,8,sil
12.745843172073364,-5,-19,-17,-20,0,0,1,11,24,5,2,4,10,11,sil
12.761400938034058,0,-8,-6,-15,4,0,1,12,28,20,5,12,13,10,sil
12.761400938034058,0,-17,-10,-22,-9,-21,-12,1,5,2,-7,9,12,0,sil
12.776998281478882,0,-30,-18,-36,-23,-37,-25,-2,-15,-24,-12,3,2,-8,sil
12.776998281478882,4,-17,-16,-27,-14,-24,-15,0,-7,-13,7,4,8,-4,sil
12.792174100875854,13,5,2,-3,-3,-15,-4,2,5,4,16,11,19,3,sil
12.792174100875854,14,14,12,9,2,-21,-3,1,10,1,6,13,13,0,sil
12.808002948760986,9,10,1,-1,4,-25,-7,-2,9,-11,0,3,5,-9,sil
12.808002948760986,10,13,4,-7,0,-18,-10,-4,2,-16,8,1,7,-9,sil
12.823525428771973,9,18,20,12,4,-3,-1,-3,4,-2,18,5,8,-6,sil
12.823525428771973,-4,11,15,25,7,3,3,0,10,7,5,0,-2,-5,sil
12.839170694351196,-15,6,-1,12,0,-1,-1,-3,0,-4,-9,-9,-18,-8,sil
12.839170694351196,-10,1,0,1,-4,-4,-7,-13,-21,-18,-15,-13,-31,-13,sil
12.854850769042969,-8,0,6,5,0,5,-7,-11,-28,-16,-11,-17,-31,-12,sil
12.854850769042969,-8,8,4,12,2,14,-2,-9,-18,-7,3,-11,-18,-8,sil
12.869907140731812,-5,16,0,3,6,17,-1,-8,-22,-8,11,2,-11,-7,sil
12.869907140731812,-8,2,-2,-5,4,18,0,-10,-32,-11,-2,-1,-14,-6,sil
12.885480642318726,-12,-11,-8,-4,-8,6,0,-12,-25,-8,-17,-14,-13,1,sil
12.885480642318726,-2,0,0,4,-7,6,7,-5,-13,0,-11,-6,-1,13,sil
12.901017904281616,9,7,8,15,6,26,20,4,-6,8,0,-3,11,13,sil
12.901017904281616,0,-2,4,10,3,30,18,8,-1,11,-7,-13,7,4,sil
12.916220903396606,-12,-5,2,4,-5,18,11,8,8,22,-12,-5,2,4,sil
12.916220903396606,1,-4,1,4,1,14,9,12,18,24,0,10,9,17,sil
12.93221139907837,11,-7,-2,-2,6,12,3,21,26,7,6,9,11,17,sil
12.93221139907837,3,-13,-13,-11,0,4,-1,13,29,2,1,-3,8,3,sil
12.947802305221558,1,-15,-11,-12,-8,-3,3,1,16,9,-8,-1,0,0,sil
12.947802305221558,7,-4,-2,-1,-7,0,6,5,14,13,-2,7,1,9,sil
12.962989330291748,7,4,-2,3,0,2,1,10,27,13,10,9,9,9,sil
12.962989330291748,2,0,-5,-11,4,-2,-5,7,27,1,5,10,2,5,sil
12.97861385345459,0,-5,-12,-26,-4,-6,-2,1,17,0,-5,1,0,-3,sil
12.97861385345459,2,-2,-12,-21,-3,-5,4,1,6,5,-3,-4,7,-9,sil
12.994293451309204,6,3,0,-8,6,-18,3,-1,1,-1,10,9,16,-3,sil
12.994293451309204,6,1,3,-1,0,-39,-5,0,4,-10,21,25,22,2,sil
13.009912729263306,3,-2,0,0,-7,-45,-17,2,1,-12,23,24,25,0,sil
13.009912729263306,10,6,4,4,6,-34,-17,-5,-8,-11,29,20,22,-3,sil
13.02553105354309,11,18,18,16,17,-30,-12,-20,-24,-17,20,12,3,-9,sil
13.02553105354309,-7,16,20,26,12,-38,-10,-28,-38,-25,-8,-12,-24,-17,sil
13.04122519493103,-24,0,-2,17,1,-33,-9,-21,-35,-24,-25,-33,-37,-17,sil
13.04122519493103,-24,-18,-11,-9,-9,-1,-3,-1,-24,-11,-25,-30,-31,-10,sil
13.056800365447998,-17,-20,-2,-9,-14,25,0,0,-19,0,-25,-24,-30,-11,sil
13.056800365447998,-10,-10,-4,5,-8,28,-7,-8,-18,0,-28,-23,-33,-10,sil
13.072925090789797,-4,0,-3,6,0,36,0,0,-6,9,-20,-17,-15,-1,sil
13.088116645812988,4,0,-2,-5,0,46,21,8,8,22,-7,-12,4,3,sil
13.088116645812988,15,-2,-5,-14,0,31,20,11,17,20,0,3,14,13,sil
13.088116645812988,26,14,3,-5,4,12,1,15,22,8,27,35,38,23,sil
13.103819370269775,29,31,24,7,4,4,-13,9,8,-8,45,38,41,10,sil
13.103819370269775,7,28,24,8,0,2,-21,0,-12,-11,22,14,4,-5,sil
13.11984133720398,-4,20,15,10,1,14,-4,-5,-6,8,6,6,-5,1,sil
13.11984133720398,0,15,22,15,8,29,18,0,7,10,6,6,1,10,sil
13.135827541351318,-4,6,13,17,9,29,29,1,11,0,-3,-8,-8,0,sil
13.135827541351318,-23,-8,-10,5,3,19,29,2,10,3,-21,-18,-22,-6,sil
13.151312351226808,-30,-26,-20,-14,-4,7,20,3,4,0,-29,-17,-22,-1,sil
13.151312351226808,-23,-39,-26,-24,-12,-6,3,-1,5,-4,-26,-18,-15,2,sil
13.167246341705322,-10,-34,-28,-18,-15,-22,-5,0,12,3,-17,-12,-6,5,sil
13.167246341705322,-2,-21,-21,-13,-14,-34,-8,2,12,8,-2,0,7,1,sil
13.183165550231934,0,-16,-14,-14,-16,-45,-22,3,7,8,9,12,21,-2,sil
13.183165550231934,14,-2,-5,-4,-8,-42,-26,12,9,15,26,29,29,2,sil
13.198190212249756,33,17,4,9,9,-25,-8,13,15,17,41,24,31,7,sil
13.198190212249756,28,19,13,7,15,-10,-3,0,7,-3,27,5,16,6,sil
13.214226245880129,9,21,17,10,11,1,-6,-17,-12,-22,8,2,-7,-2,hello
13.214226245880129,1,24,15,23,16,10,-1,-25,-31,-25,-1,1,-24,-17,hello
13.230335235595703,0,15,16,23,20,17,12,-9,-19,-11,-12,-8,-20,-9,hello
13.230335235595703,-1,-2,3,12,12,23,28,8,14,13,-20,-17,-4,13,hello
13.246388673782349,0,-17,-14,-8,0,16,22,8,12,12,-28,-14,-2,13,hello
13.246388673782349,-5,-14,-16,-25,-9,0,3,0,-12,-9,-21,-1,0,-5,hello
13.262212753295898,-3,-3,-11,-24,-8,-8,-7,-1,-18,-22,-1,8,9,-10,hello
13.262212753295898,4,6,-1,-12,-3,-10,-19,0,-18,-28,5,9,3,-2,hello
13.277430772781372,1,16,11,9,-3,-11,-23,-2,-22,-21,-1,0,-10,-2,hello
13.277430772781372,-9,14,17,22,-2,2,-11,0,-10,0,-12,-11,-17,-7,hello
13.293266534805298,-13,-2,6,9,0,26,13,8,18,24,-10,-15,-4,-3,hello
13.293266534805298,-9,-20,-10,-7,-3,18,20,13,32,40,1,-5,13,9,hello
13.308416604995728,-6,-20,-17,-20,-9,-13,-2,6,10,19,4,4,16,9,hello
13.308416604995728,-1,-2,-5,-13,-4,-20,-19,-12,-11,-16,8,1,12,-11,hello
13.324061632156372,0,9,12,10,0,0,-10,-23,-19,-15,19,-3,2,-19,hello
13.324061632156372,-9,1,10,21,1,19,12,-10,-13,11,9,-3,-14,-1,hello
13.339666366577148,-18,-20,-12,0,0,14,23,2,-1,18,-10,-9,-17,5,hello
13.339666366577148,-13,-28,-20,-21,-3,-3,5,7,2,3,-10,-10,-8,-3,hello
13.355352640151978,0,-5,-14,-16,-8,-13,-12,5,3,0,7,3,3,-3,hello
13.355352640151978,14,15,-7,-10,-7,-15,-19,8,13,1,22,24,17,9,hello
13.37100625038147,19,12,3,-12,-3,-22,-26,9,13,-6,22,25,16,10,hello
13.386314392089844,13,8,9,0,0,-19,-24,-6,0,-17,13,10,-1,-7,hello
13.386314392089844,11,23,18,17,1,-2,-7,-14,-5,-15,7,5,-11,-8,hello
13.4020516872406,15,36,28,27,6,5,6,-6,1,-10,14,5,0,3,hello
13.4020516872406,15,18,25,26,17,7,13,-1,1,-15,6,0,0,7,hello
13.417181015014648,4,0,17,20,19,19,21,0,0,-4,-15,-1,-8,4,hello
13.417181015014648,-8,-6,5,9,3,28,28,-3,1,14,-23,-5,-13,5,hello
13.43278980255127,-10,-5,0,-2,-3,25,28,-3,-2,8,-26,-15,-22,2,hello
13.43278980255127,-9,-3,3,0,2,24,28,4,2,10,-25,-16,-18,1,hello
13.44829535484314,-2,-4,-5,7,4,12,19,16,18,27,-16,-9,2,14,hello
13.44829535484314,5,-10,-13,0,0,-5,10,27,22,24,-6,0,16,23,hello
13.46374773979187,3,-11,-8,-15,-4,-5,12,27,25,22,1,5,19,12,hello
13.46374773979187,-3,-15,-14,-22,-7,-5,0,11,18,20,1,0,13,1,hello
13.478920936584473,-2,-15,-24,-17,-7,-22,-25,-1,6,6,1,0,14,2,hello
13.478920936584473,4,-11,-12,-12,-6,-25,-34,-3,-3,-2,9,8,25,1,hello
13.494846105575562,3,-11,-5,-17,-5,-20,-32,-7,-21,-12,7,12,20,-6,hello
13.494846105575562,-1,-7,-16,-18,-9,-30,-38,-28,-43,-47,3,2,0,-21,hello
13.509888887405396,0,7,-9,-13,-5,-25,-32,-29,-44,-60,5,4,-7,-23,hello
13.509888887405396,0,15,1,-3,7,3,-6,-10,-27,-26,17,13,-1,-17,hello
13.525583744049072,-10,2,-7,1,7,10,3,-7,-16,-5,18,1,-2,-19,hello
13.525583744049072,-15,5,0,7,-1,9,2,-4,-6,-8,-2,-16,-10,-17,hello
13.541187524795532,-9,19,11,24,3,27,20,4,8,7,-9,-13,-14,-6,hello
13.541187524795532,-5,19,9,31,7,24,26,2,10,22,5,-1,-12,1,hello
13.557258367538452,-8,17,16,26,2,11,12,-2,6,16,5,-3,-4,3,hello
13.557258367538452,-6,0,14,18,3,11,4,-3,6,10,-21,-18,-16,1,hello
13.572857141494753,-5,-23,-2,1,1,8,1,-1,0,1,-36,-21,-36,-1,hello
13.572857141494753,-3,-18,-4,0,-4,-2,11,2,2,2,-16,-13,-15,6,hello
13.588099241256714,8,-4,9,7,0,-5,23,13,12,12,-1,-1,3,18,hello
13.588099241256714,17,-9,5,1,0,-6,16,15,19,10,1,4,0,18,hello
13.604182243347168,10,-9,-7,-11,-9,-13,0,10,28,2,8,7,14,14,hello
13.604182243347168,5,-1,-4,-23,-8,-14,-7,17,21,0,15,16,32,11,hello
13.619796752929688,11,0,-1,-19,0,-9,-12,12,5,6,21,22,29,5,hello
13.619796752929688,16,6,2,-7,2,-11,-21,-1,3,9,25,23,24,2,hello
13.63558316230774,20,21,19,-3,1,-15,-24,0,3,5,32,28,28,8,hello
13.63558316230774,18,25,21,0,3,-11,-14,3,-4,6,36,30,26,12,hello
13.65133285522461,4,13,8,3,7,0,-6,-6,-10,5,10,8,3,0,hello
13.65133285522461,-12,1,-3,0,4,15,-3,-20,-14,-14,-21,-22,-30,-23,hello
13.667187690734863,-18,-4,-9,-2,-1,24,-1,-27,-31,-35,-31,-33,-49,-26,hello
13.667187690734863,-15,-4,-6,-2,-4,15,2,-23,-39,-29,-31,-23,-49,-16,hello
13.682315587997437,-15,-8,-8,0,-3,7,8,-16,-21,-19,-36,-19,-42,-14,hello
13.682315587997437,-19,-15,-11,0,-4,7,11,-3,-7,-17,-36,-21,-26,-10,hello
13.697512865066528,-12,-17,-11,0,-5,2,14,11,2,1,-22,-15,2,-1,hello
13.697512865066528,-6,-17,-13,-5,-7,-4,13,22,16,25,-11,-6,14,10,hello
13.712889432907104,-3,-12,-11,-10,-7,-4,6,26,24,24,-3,3,18,18,hello
13.712889432907104,1,-6,-7,-9,-2,-2,0,20,29,23,14,20,36,17,hello
13.727940559387209,10,-2,-2,-1,3,-10,-7,17,25,23,27,32,46,16,hello
13.727940559387209,22,17,5,11,6,-11,-3,8,15,10,32,30,40,17,hello
13.743128538131714,31,28,16,17,9,-4,-1,-5,2,-6,30,24,27,6,hello
13.743128538131714,20,11,15,13,7,-6,-9,-13,-13,-23,21,12,5,-9,hello
15.098949432373049,30,32,17,10,10,-2,0,1,9,-8,31,40,22,7,hello
15.098949432373049,6,26,14,14,10,4,6,-10,0,1,16,9,1,-6,hello
15.114079475402832,-14,13,7,21,9,6,6,-13,-20,-2,-4,-14,-18,-19,hello
15.114079475402832,-33,-1,-10,12,9,1,11,-13,-23,-13,-28,-27,-34,-26,hello
15.129598379135132,-45,-16,-21,-11,-1,-12,17,-1,0,1,-36,-34,-30,-19,hello
15.129598379135132,-26,-18,-20,-22,-13,-17,11,12,18,20,-17,-19,-8,-3,hello
15.145198345184326,-7,-8,-12,-15,-5,-6,4,16,15,17,-7,0,-3,6,hello
15.145198345184326,-5,-3,-7,-5,-1,0,2,10,13,7,-6,3,-4,12,hello
15.160288333892822,10,-7,-1,-4,-7,-1,-12,0,8,4,4,13,8,17,hello
15.160288333892822,29,0,4,-9,-5,-2,-29,-8,-11,-13,7,20,5,3,hello
15.175916910171509,26,2,2,-6,-2,-11,-26,-16,-28,-28,5,12,-3,-10,hello
15.19104790687561,26,0,4,-3,-8,-16,-19,-10,-23,-18,17,19,8,0,hello
15.19104790687561,27,12,17,4,-3,-5,-13,-4,-13,-5,32,24,23,12,hello
15.19104790687561,11,22,17,14,10,8,-5,-6,-10,-8,26,4,13,4,hello
15.206188201904297,-5,13,8,16,15,22,5,-2,-1,1,11,-5,1,-1,hello
15.221324682235718,-4,0,9,20,6,25,16,0,13,20,-1,-3,0,7,hello
15.221324682235718,2,-2,10,23,-4,8,19,5,21,21,-2,-1,5,22,hello
15.236903667449951,8,2,-1,11,-4,-4,9,13,20,20,6,9,23,21,hello
15.236903667449951,2,-2,-12,-9,0,-13,-14,8,5,9,11,13,27,0,hello
15.253150224685667,0,0,-1,-7,1,-17,-22,0,-3,-8,11,4,13,-15,hello
15.25357151031494,10,20,28,19,8,0,6,0,2,-4,11,6,4,-8,hello
15.268753051757812,4,20,23,27,11,21,24,-3,-4,-1,-5,-2,-7,-3,hello
15.268753051757812,-28,-9,-23,2,0,15,14,-13,-19,-8,-26,-35,-27,-11,hello
15.283872365951538,-33,-28,-27,-29,-11,0,6,-1,-13,-3,-35,-30,-34,-7,hello
15.283872365951538,-7,-13,8,-30,-13,1,14,26,13,7,-23,0,-9,5,hello
15.29902172088623,6,-2,-8,-2,-6,0,16,17,35,12,8,2,26,6,hello
15.29902172088623,3,-10,-31,-10,-2,-13,-5,-1,16,-4,16,0,25,6,hello
15.314192056655884,0,-2,-12,-25,-7,-17,-20,0,-8,-17,2,11,1,0,hello
15.314192056655884,0,7,-1,-8,-3,-6,-11,-5,-5,-5,-1,4,-11,-12,hello
15.330261468887327,-5,6,9,5,8,5,-6,-8,-16,-2,-7,0,-26,-7,hello
15.330261468887327,-12,4,12,16,11,21,0,-6,-19,3,-9,-8,-26,-5,hello
15.34626317024231,-18,-2,-6,18,10,24,9,-9,0,11,-17,-29,-24,-15,hello
15.34626317024231,-15,-9,-6,0,13,17,17,0,9,4,-37,-30,-34,-8,hello
15.361775159835815,1,-8,-8,-8,8,12,19,10,15,12,-26,-13,-16,8,hello
15.361775159835815,12,-13,-15,-5,-2,-2,5,7,24,27,-1,0,12,17,hello
15.377856254577637,7,-17,0,-13,-6,-18,-7,2,13,5,7,12,18,13,hello
15.377856254577637,6,-8,1,-18,-5,-18,-11,1,-3,-22,13,15,18,0,hello
15.393210172653198,6,4,-13,-14,-6,-26,-19,-4,-12,-24,15,10,15,-10,hello
15.393210172653198,4,10,1,-8,-5,-34,-26,-12,-15,-30,17,11,9,-10,hello
15.409223794937134,5,13,23,0,0,-17,-19,-11,-16,-34,24,18,15,-11,hello
15.409223794937134,7,13,13,8,2,1,-8,-7,-20,-12,17,12,10,-18,hello
15.425300121307371,-1,7,9,9,1,0,-3,-11,-27,0,3,-1,-12,-17,hello
15.425300121307371,-11,3,19,3,-4,0,0,-10,-21,-3,5,-3,-16,-6,hello
15.44086456298828,-6,-1,14,1,-11,12,7,-6,-9,1,0,-2,-8,4,hello
15.44086456298828,1,4,8,21,-5,18,10,0,0,11,-13,-5,-8,13,hello
15.456830263137816,6,20,10,42,3,17,14,12,23,21,5,8,11,22,hello
15.456830263137816,19,13,5,33,3,6,16,24,36,33,18,23,36,32,hello
15.47229528427124,20,-4,-7,8,-1,-8,3,21,19,26,6,14,31,32,hello
15.47229528427124,9,-7,-18,-7,-6,-16,-15,5,1,-1,4,6,18,14,hello
15.487911224365234,8,2,-9,-13,-3,-12,-21,1,-4,-7,10,10,11,-6,hello
15.487911224365234,9,17,8,6,8,2,-2,1,-3,13,9,0,0,-12,hello
15.50321626663208,1,18,15,24,17,22,19,2,8,17,1,-12,-11,-5,hello
15.50321626663208,-9,-7,2,7,13,31,29,10,23,5,-13,-12,-14,3,hello
15.51932668685913,-19,-32,-17,-17,0,20,16,5,22,8,-23,-13,-10,8,hello
15.51932668685913,-15,-31,-20,-29,-2,2,-1,-1,7,0,-24,-10,-7,4,hello
15.535388469696043,1,-8,-7,-22,6,-2,0,-1,6,-17,-2,1,6,-3,hello
15.535388469696043,3,8,-1,-9,7,-9,-1,-7,-3,-20,14,0,4,-8,hello
15.551116704940796,-15,5,1,2,0,-10,-12,-15,-32,-21,-8,-12,-29,-15,hello
15.551116704940796,-21,-4,-7,4,0,8,0,-14,-31,-13,-36,-28,-45,-20,hello
15.566804885864258,-12,-13,-16,-10,-4,15,20,-7,-3,6,-24,-23,-27,-10,hello
15.566804885864258,-7,-10,-9,-17,-9,0,15,0,9,23,4,0,0,3,hello
15.581998825073242,-3,-3,-5,-9,-6,-9,-3,3,12,19,16,12,17,9,hello
15.581998825073242,1,0,-9,-18,-13,-18,-18,7,8,-5,3,7,17,7,hello
15.597906589508057,1,-1,-12,-29,-14,-29,-21,0,3,-20,-1,3,16,-4,hello
15.597906589508057,4,0,-2,-18,0,-27,-22,-6,-1,-16,8,9,13,-16,hello
15.613151550292969,8,17,12,0,0,-17,-23,-5,-14,-13,22,14,8,-18,hello
15.613572597503662,6,27,16,12,-3,-12,-17,-11,-24,-16,20,6,3,-14,hello
15.6290922164917,1,16,16,17,1,0,-8,-14,-23,-16,8,0,-4,-8,sil
15.6290922164917,-3,-2,15,20,7,22,1,-10,-20,-10,-1,-3,-16,-8,sil
15.644284725189207,-1,-14,11,14,1,32,8,-3,-20,-5,-18,-13,-24,-1,sil
15.644284725189207,4,-6,9,14,0,26,24,6,-2,14,-18,-16,-17,10,sil
15.660298347473145,3,1,5,26,6,18,39,16,27,37,3,-5,2,15,sil
15.660298347473145,2,-2,0,14,5,6,23,18,30,26,0,2,5,16,sil
15.675919771194458,2,-10,-2,-8,-3,-15,0,8,16,4,-23,-4,-4,13,sil
15.675919771194458,11,-6,-2,-4,-4,-32,-4,9,12,6,-19,0,6,16,sil
15.69134259223938,23,7,2,9,4,-23,1,19,18,8,9,29,31,21,sil
15.69134259223938,19,11,2,1,11,-8,-2,9,13,-5,29,35,36,10,sil
15.707241773605348,14,11,6,-3,4,-5,-16,-2,-2,-16,22,16,20,-1,sil
15.707241773605348,14,21,10,8,0,-4,-18,-8,-10,-11,13,5,11,-3,sil
15.722291469573976,0,16,5,6,7,6,-12,-19,-13,-7,8,4,-1,-11,sil
15.722291469573976,-21,2,0,3,13,29,1,-18,-16,-1,2,-7,-20,-18,sil
15.738178730010986,-25,6,0,21,11,46,20,-2,-2,12,2,-21,-17,-7,sil
15.738178730010986,-21,1,-3,17,6,35,23,7,6,19,-2,-17,-8,1,sil
15.75404977798462,-31,-27,-23,-14,-7,11,9,3,0,18,-14,-20,-13,-3,sil
15.75404977798462,-38,-40,-38,-31,-23,1,-4,2,1,10,-27,-27,-20,-1,sil
15.769253015518188,-18,-25,-25,-22,-21,0,-10,9,11,2,-22,-11,-12,9,sil
15.769253015518188,3,-20,-15,-19,-14,-12,-7,10,14,9,-2,7,8,12,sil
15.78518271446228,6,-21,-14,-33,-14,-27,-5,14,12,4,4,10,20,7,sil
15.78518271446228,1,-8,-9,-31,-12,-31,-8,10,12,-20,6,9,20,0,sil
15.800798654556274,10,0,-3,-21,-6,-31,-16,-7,0,-34,11,10,10,-11,sil
15.800798654556274,27,12,8,-14,2,-25,-19,-15,-18,-23,10,17,3,-8,sil
15.816131591796877,27,35,26,10,9,-13,-14,-12,-23,-11,13,24,9,0,sil
15.816131591796877,22,34,33,16,6,-4,-2,-9,-21,-8,21,20,7,0,sil
15.832226276397703,20,12,24,-4,7,7,17,-4,-9,0,19,7,2,0,sil
15.832226276397703,12,7,16,2,12,19,25,-5,-2,1,-1,-4,-1,2,sil
15.84816861152649,2,24,18,35,9,17,17,-6,-7,-6,-24,-12,-17,-3,sil
15.84816861152649,-3,25,15,47,7,14,11,-10,-5,-5,-17,-17,-26,-10,sil
15.863831520080566,-8,4,6,36,8,9,4,-11,-3,0,-3,-16,-21,-5,sil
15.863831520080566,-12,-5,0,22,0,5,0,-2,-1,3,-4,-13,-15,-4,sil
15.878912925720217,-14,-8,-10,5,-7,7,10,1,4,9,-11,-14,-15,-6,sil
15.878912925720217,-16,-12,-9,0,-1,8,9,4,8,7,-15,-12,-12,-2,sil
15.894092082977297,-17,-12,-8,5,3,6,1,8,13,13,-6,-10,3,0,sil
15.894092082977297,-12,-15,-14,-4,-2,6,0,8,11,15,-1,-5,3,2,sil
15.910183429718018,-4,-24,-15,-18,-6,7,1,1,4,10,-6,-1,-7,6,sil
15.910183429718018,-4,-22,-14,-9,-6,3,-2,3,8,16,-9,-3,0,10,sil
15.925805807113647,-1,-7,-11,-5,-4,-5,-8,17,14,22,0,2,18,11,sil
15.925805807113647,2,-3,-10,-12,2,-10,-11,13,10,10,14,14,23,4,sil
15.940837621688845,2,-10,-11,-20,2,-12,-22,0,-4,-10,8,11,11,-3,sil
15.940837621688845,4,-4,-3,-15,0,-13,-19,1,-9,-15,1,9,7,-1,sil
15.956883192062378,16,11,7,-1,8,-10,1,10,5,0,15,15,23,7,sil
15.956883192062378,18,13,8,-5,9,-4,2,10,5,-2,11,18,23,15,sil
15.973108291625977,3,5,-4,-21,-7,-6,-9,0,-5,-21,-1,11,6,7,sil
15.973108291625977,0,2,0,-14,-8,-13,-7,-7,-8,-19,6,7,2,-2,sil
15.98833680152893,5,8,18,6,6,-7,-1,-3,-6,-8,17,9,3,-5,sil
15.98833680152893,0,7,11,6,0,0,-3,-6,-10,-18,8,0,-4,-6,sil
16.00354766845703,-9,1,5,-5,-14,0,-7,-16,-16,-22,-5,-11,-16,-8,sil
16.00354766845703,-2,1,12,0,-10,3,-3,-21,-15,-4,-6,-14,-20,-12,sil
16.019233465194702,-1,3,8,11,2,8,4,-12,-9,1,-4,-8,-19,-16,sil
16.019233465194702,-2,5,4,14,4,11,15,0,0,4,-5,-6,-11,-5,sil
16.03493022918701,1,5,8,20,1,15,25,3,13,33,-2,-8,1,8,sil
16.03493022918701,4,2,2,16,0,17,20,9,18,42,-6,-2,0,12,sil
16.049676656723022,6,2,-10,9,1,21,24,15,24,28,-1,4,0,12,sil
16.049676656723022,8,1,-10,8,5,25,29,14,31,25,1,1,4,18,sil
16.065393924713135,0,-6,-7,-2,-1,5,8,6,11,5,-11,-8,0,10,sil
16.08726692199707,-6,-12,-16,-17,-16,-24,-15,-5,-10,-30,-10,-2,1,-7,sil
16.088269233703613,8,-2,-9,-20,-4,-31,-18,-5,-5,-34,18,23,18,-7,sil
16.088269233703613,17,14,12,-1,16,-20,-19,-1,-3,-13,33,25,23,0,sil
16.09778594970703,-1,13,16,13,13,-10,-23,-12,-19,-17,13,0,-1,-10,sil
16.09778594970703,-14,3,8,11,7,3,-8,-16,-16,-19,-6,-11,-20,-17,sil
16.11290168762207,-12,-4,-3,4,11,3,5,-8,-1,1,-6,-10,-14,-7,sil
16.11290168762207,-12,-15,-13,-5,0,-12,-3,0,-13,2,-15,-19,-14,-4,sil
16.128249406814575,-16,-11,-14,-15,-14,-7,-9,1,-20,-12,-28,-21,-19,-11,sil
16.143815994262695,-15,-5,-13,-16,-11,2,-6,-3,-8,-14,-28,-13,-12,-9,sil
16.143815994262695,-2,-5,0,-7,-3,-1,-4,-3,-3,-2,-16,-1,-5,3,sil
16.159260988235474,10,3,13,12,-1,2,6,4,2,18,6,10,6,11,sil
16.159260988235474,5,9,16,18,0,11,13,5,5,27,12,11,10,10,sil
16.175341844558716,-6,0,4,7,0,7,6,2,-1,11,0,-2,0,1,sil
16.175341844558716,0,-7,-5,5,2,6,2,7,6,4,0,-3,1,4,sil
16.1908540725708,19,-4,0,2,2,10,6,18,24,18,12,14,17,19,sil
16.1908540725708,17,-3,2,-3,2,13,17,13,28,26,10,12,21,14,sil
16.206069469451904,0,-8,-1,0,4,16,14,6,16,8,-3,-5,1,0,sil
16.206069469451904,-12,-5,-2,7,2,17,7,7,12,4,0,-6,-6,1,sil
16.22216486930847,-6,-1,-2,1,0,12,12,10,25,24,13,2,7,11,sil
16.22216486930847,10,-2,0,-11,0,1,10,13,32,27,13,13,21,14,sil
16.237582445144653,15,0,-3,-15,-8,-19,-8,4,13,3,16,16,22,8,sil
16.237582445144653,0,-1,-17,-26,-17,-36,-33,-13,-20,-31,10,4,6,-5,sil
16.25280237197876,-7,-5,-19,-32,-14,-32,-44,-19,-36,-45,-3,0,-5,-20,sil
16.25280237197876,0,2,-4,-15,-6,-19,-36,-16,-30,-32,2,8,0,-21,sil
16.26787567138672,12,20,12,1,2,-15,-18,-13,-23,-31,10,7,-1,-15,sil
16.26787567138672,8,25,14,4,6,-11,-7,-17,-28,-43,1,-4,-14,-20,sil
16.284015893936157,-2,20,11,5,0,-8,-12,-22,-38,-40,-10,-5,-17,-23,sil
16.284015893936157,0,24,21,21,6,0,-8,-14,-30,-17,-9,-1,-13,-8,sil
16.29966711997986,2,20,22,37,17,19,13,-7,-7,5,-1,-4,-9,6,sil
16.29966711997986,-12,1,8,30,13,30,24,0,-3,9,-3,-6,-17,5,sil
16.31484842300415,-24,-9,0,17,8,22,19,5,-4,9,-13,-11,-20,-3,sil
16.31484842300415,-8,-14,6,11,7,11,21,6,12,27,-16,-16,-12,1,sil
16.330392599105835,6,-13,6,2,1,11,26,13,26,40,-9,-12,0,19,sil
16.330392599105835,0,-9,-5,-1,0,14,29,16,28,25,-5,-7,0,19,sil
16.34553599357605,-7,-12,-7,0,0,10,26,17,23,16,-16,-7,-5,9,sil
16.34553599357605,-1,-14,-6,1,-2,2,22,16,26,37,-14,-4,2,13,sil
16.361819744110107,0,-13,-15,-14,-7,-2,4,10,24,29,-4,2,10,20,sil
16.361819744110107,0,-12,-16,-28,-11,-2,-8,7,11,-5,-2,11,4,14,sil
16.376912117004395,0,-7,-13,-13,-9,-7,-6,8,13,4,5,12,17,9,sil
16.376912117004395,7,-3,-12,-7,-8,-19,-9,6,21,22,12,10,30,5,sil
16.3929603099823,6,-1,-11,-19,-10,-20,-14,0,10,1,17,15,20,-5,sil
16.3929603099823,-3,0,-16,-23,-7,-18,-18,-7,-13,-16,18,10,10,-17,sil
16.407931566238403,-6,-1,-16,-16,-2,-14,-20,-13,-28,-27,0,-4,-2,-22,sil
16.407931566238403,0,1,-6,-1,0,1,-13,-12,-25,-40,-9,-9,-12,-22,sil
16.42342495918274,5,7,4,4,3,3,-10,-6,-18,-30,8,2,-3,-14,sil
16.42342495918274,0,11,10,1,1,-4,-13,-9,-10,-7,18,1,6,-12,sil
16.43929362297058,-4,13,10,8,3,4,-9,-12,-2,-6,12,-2,0,-10,sil
16.43929362297058,3,16,15,19,11,12,-4,0,0,-12,11,8,-2,2,sil
16.4542179107666,11,7,15,13,11,5,1,0,-2,-7,9,8,0,1,sil
16.4542179107666,7,0,17,5,6,4,10,-2,-5,-2,0,0,-4,-5,sil
16.469759941101074,4,9,20,14,1,0,4,7,-2,1,3,3,-2,4,sil
16.469759941101074,7,14,15,23,0,-15,-11,-1,-3,-2,6,2,1,14,sil
16.485093116760254,3,3,8,13,0,-11,-16,-11,-9,-5,-4,-6,-4,8,sil
16.485093116760254,-5,-6,1,2,0,3,-1,-1,-1,13,-12,-9,-7,6,sil
16.500452041625977,0,-9,4,3,0,14,14,7,10,29,-8,-3,-3,11,sil
16.500452041625977,7,3,10,14,7,29,29,8,14,28,-2,0,3,16,sil
16.51652503013611,0,0,-4,8,9,26,32,0,9,25,-12,-9,-3,11,sil
16.51652503013611,-7,-20,-20,-13,-1,2,20,-1,0,9,-30,-19,-20,-2,sil
16.532251119613647,-9,-23,-21,-22,-9,-3,15,10,4,-1,-19,-10,-8,-6,sil
16.532251119613647,-14,-13,-25,-26,-6,-3,9,14,11,-1,-4,-1,8,0,sil
16.547213315963745,-23,-11,-26,-31,-4,-13,-11,0,-1,-8,-12,-5,0,-10,sil
16.547213315963745,-20,-13,-16,-27,-11,-16,-25,-6,-10,-22,-18,-6,-8,-20,sil
16.56326961517334,0,-8,0,-22,-15,-14,-20,0,-5,-21,-5,11,0,-3,sil
16.56326961517334,17,6,9,-14,-6,-13,-15,0,-2,-11,22,27,19,7,sil
16.57849955558777,23,27,23,8,4,-8,-15,-10,-7,-7,41,25,21,5,sil
16.57849955558777,16,42,35,34,9,0,-7,-13,-17,-8,26,16,1,6,sil
16.593665838241577,3,28,20,42,7,7,5,-10,-19,-10,0,0,-15,2,sil
16.593665838241577,-3,0,0,22,2,20,12,1,-2,0,-12,-17,-22,-3,sil
16.60930323600769,-13,-10,-10,0,0,19,17,13,23,26,-8,-22,-8,0,sil
16.624834060668945,-12,-14,-21,-10,-3,-5,5,17,31,29,1,-6,16,6,sil
16.624834060668945,5,-9,-14,-9,-2,-19,-10,15,18,3,10,13,23,0,sil
16.640040159225464,18,7,0,4,5,-1,-4,0,8,-1,21,17,11,-9,sil
16.640040159225464,9,15,11,11,11,11,1,-10,3,0,14,3,-4,-12,sil
16.65580701828003,-8,1,8,7,7,13,5,-12,-1,-4,-6,-16,-17,-10,sil
16.65580701828003,-23,-19,-4,3,2,16,9,-11,-9,0,-29,-29,-29,-8,sil
16.67242980003357,-22,-28,-18,-12,-1,8,10,-3,-11,-1,-42,-23,-28,-5,sil
16.67242980003357,-7,-24,-23,-27,-11,-17,6,5,-1,-7,-30,-14,-6,-4,sil
16.688438177108765,3,-18,-14,-20,-14,-35,-7,12,0,0,-2,-1,18,2,sil
16.688438177108765,8,-7,-1,-6,-6,-24,-18,13,0,8,16,14,32,12,sil
16.704627513885498,12,0,0,-11,-5,-12,-11,1,2,-1,17,18,28,8,sil
16.704627513885498,16,5,4,-9,-6,-7,-7,-2,2,-11,15,24,18,5,sil
16.704627513885498,17,18,15,11,8,2,-9,1,3,-2,30,29,25,13,sil
16.71966242790222,14,17,24,18,18,9,-1,0,4,6,33,22,22,17,sil
16.71966242790222,7,10,25,14,5,10,6,-9,1,4,20,12,2,10,sil
16.73523783683777,10,18,21,22,0,14,7,-9,-4,-4,9,7,-6,8,sil
16.750314950942993,16,27,22,25,9,15,4,-1,-11,-10,0,0,-13,4,sil
16.750314950942993,-3,11,6,12,11,10,1,-8,-14,-6,-7,-12,-19,-13,sil
16.7664155960083,-23,-10,-10,-9,-3,9,0,-8,-13,0,-15,-19,-20,-22,sil
16.7664155960083,-18,-7,-10,-16,-12,10,5,2,-6,6,-16,-21,-16,-15,sil
16.78203821182251,-10,6,-7,2,-3,3,8,0,-7,8,-14,-24,-20,-10,sil
16.78203821182251,-12,8,-5,12,3,10,2,-4,-8,4,-14,-13,-20,-2,sil
16.79723286628723,-8,6,0,12,10,25,15,10,21,24,-3,0,-2,14,sil
16.79723286628723,4,1,5,4,8,9,23,24,43,34,0,5,10,22,sil
16.81297516822815,5,-14,-5,-11,-6,-16,2,12,15,3,-13,4,2,17,sil
16.81297516822815,-10,-30,-22,-24,-16,-20,-13,-8,-10,-18,-24,-5,-2,4,sil
16.828046798706055,-9,-26,-18,-21,-11,-25,-16,-9,-10,-19,-25,-10,-3,-5,sil
16.828046798706055,4,-16,-18,-14,-4,-32,-22,0,-10,-23,-16,-2,-4,-16,sil
16.843173503875732,2,-11,-27,-20,0,-20,-25,1,-14,-26,0,0,0,-26,sil
16.843173503875732,-11,-4,-18,-25,0,-12,-16,-4,-6,-15,11,-4,8,-26,sil
16.85832977294922,-6,-1,-3,-18,-8,-15,-10,-9,-1,-8,17,0,13,-15,sil
16.85832977294922,11,3,6,-6,-4,-8,-8,-4,-2,-8,24,16,9,-3,sil
16.874386310577393,13,19,16,8,6,3,0,0,-1,0,26,17,14,-1,sil
16.874386310577393,3,20,17,15,11,9,5,1,-1,2,13,3,9,-1,sil
16.890147924423218,5,21,19,23,11,21,17,6,2,5,3,0,0,7,sil
16.890147924423218,3,25,25,41,6,23,25,1,6,12,3,0,-3,13,sil
16.90510892868042,0,9,21,32,-1,10,14,-8,-3,9,-6,2,-11,9,sil
16.90510892868042,1,-2,11,12,-1,11,6,-7,-5,8,-7,7,-12,12,sil
16.921161651611328,4,1,9,17,2,21,15,-3,2,6,-1,5,-9,20,sil
16.921161651611328,2,0,4,20,6,22,24,3,5,0,-7,-1,-8,14,sil
16.93682861328125,-1,-16,-15,0,3,14,16,8,13,12,-1,-9,5,1,sil
16.93682861328125,-3,-24,-24,-26,-7,-5,-6,8,15,20,7,-7,20,-3,sil
16.95235586166382,1,-16,-11,-23,-9,-11,-9,6,10,13,4,0,15,-1,sil
16.95235586166382,1,-10,-6,-8,2,1,1,12,19,27,0,0,17,8,sil
16.967959880828857,-15,-19,-20,-24,0,-4,-5,17,19,28,-2,-1,19,9,sil
16.967959880828857,-23,-26,-30,-41,-20,-25,-23,5,0,-9,-16,-4,6,-5,sil
16.98326563835144,0,-9,-5,-19,-17,-20,-22,-1,-9,-30,-19,0,-5,-6,sil
16.98326563835144,19,17,20,8,5,0,-3,-1,-3,-13,0,15,-1,3,sil
16.998864889144897,11,21,16,4,13,0,0,-5,-8,-17,14,18,0,4,sil
16.998864889144897,6,13,13,0,2,-5,-15,-12,-20,-35,11,9,-10,1,sil
17.01415205001831,15,22,21,17,0,-4,-18,-17,-22,-24,14,3,-9,-12,sil
17.01415205001831,13,31,22,23,7,-9,-10,-10,-20,-2,7,5,-8,-20,sil
17.02955460548401,-5,16,8,7,7,-17,-8,0,-17,-1,-1,-2,-14,-13,hello
17.02955460548401,-20,-5,-8,-7,-6,-14,-3,-7,-11,-10,-9,-24,-22,-14,hello
17.045029878616333,-15,0,-3,0,-7,-4,11,-3,-3,-2,-25,-29,-24,-15,hello
17.045029878616333,-6,10,4,20,6,7,25,5,10,18,-16,-16,-7,-2,hello
17.061015367507935,-12,0,-1,11,12,20,21,3,14,15,9,-5,1,3,hello
17.061015367507935,-13,-13,-6,-4,7,26,19,7,15,12,11,-2,0,9,hello
17.076050519943237,8,-8,-9,-2,4,11,20,16,26,26,2,4,18,28,hello
17.076050519943237,26,5,-10,2,7,-5,1,10,23,14,21,24,42,29,hello
17.09121322631836,29,23,-1,12,11,2,-7,-10,1,-14,37,32,27,4,hello
17.09121322631836,20,18,3,21,8,19,0,-25,-26,-20,7,11,-11,-12,hello
17.1068217754364,-10,-10,-10,3,0,17,2,-19,-36,-11,-28,-17,-26,-16,hello
17.1068217754364,-39,-32,-26,-13,-4,11,1,-2,-7,2,-34,-30,-16,-18,hello
17.12196946144104,-28,-32,-21,-15,-17,4,4,10,21,18,-32,-24,-14,-14,hello
17.12196946144104,-12,-27,-14,-21,-28,-10,-3,10,17,15,-29,-14,-7,-4,hello
17.13766574859619,-14,-24,-11,-29,-15,-16,-10,9,4,0,-11,0,11,10,hello
17.153266191482544,-2,-16,-1,-25,-4,-10,-8,13,12,4,7,14,24,23,hello
17.153266191482544,14,-7,7,-16,-9,-19,-19,9,10,7,10,18,22,15,hello
17.153266191482544,12,0,10,-12,-8,-28,-27,-1,-11,-12,9,15,14,-2,hello
17.168269395828247,12,12,16,0,-5,-20,-15,-10,-20,-22,26,17,16,-6,hello
17.18384552001953,25,32,41,20,0,-11,-10,-8,-19,-14,30,23,11,3,hello
17.18384552001953,20,39,41,40,9,1,-1,-13,-23,-14,11,3,-6,-5,hello
17.199034214019775,-6,8,0,22,6,10,7,-22,-24,-19,-9,-25,-33,-18,hello
17.199034214019775,-14,-12,-5,-7,2,9,9,3,-4,-1,-15,-14,-35,1,hello
17.214181423187256,4,7,8,10,14,26,31,29,40,36,3,3,5,20,hello
17.214181423187256,14,10,-8,21,14,27,30,21,50,29,8,-2,24,13,hello
17.230273246765137,6,-5,-15,-6,3,1,-3,13,20,-5,0,3,10,7,hello
17.230273246765137,-2,-2,-7,-9,5,-9,-6,2,11,3,17,8,13,-3,hello
17.245808839797974,-5,14,2,1,5,-7,-1,-11,-1,3,15,-5,0,-12,hello
17.245808839797974,-7,17,16,13,1,2,-5,-15,-21,-18,-14,-9,-23,-9,hello
17.261841773986816,-12,-1,1,16,4,18,15,-13,-3,-1,-21,-15,-19,-6,hello
17.261841773986816,-12,-19,-7,-11,0,11,22,3,9,15,-19,-12,-19,2,hello
17.277132272720337,0,-5,8,-21,-1,-1,1,21,4,2,-12,10,-9,19,hello
17.277132272720337,15,5,2,0,6,1,0,15,9,8,8,18,20,15,hello
17.293153762817383,10,-7,-21,-7,3,-4,0,0,-1,6,16,8,21,-6,hello
17.293153762817383,-4,-13,-19,-28,-12,-14,-14,-11,-32,-28,5,6,-4,-21,hello
17.308467388153076,-8,2,-6,-11,-14,-9,-20,-24,-44,-40,-5,-1,-12,-28,hello
17.308467388153076,-6,14,-2,14,0,-3,-15,-25,-33,-18,-9,-18,-12,-25,hello
17.32454752922058,-11,2,0,16,6,3,-8,-11,-17,0,-7,-19,-16,-5,hello
17.32454752922058,-20,-17,-7,1,-1,14,1,-2,0,15,-8,-17,-9,2,hello
17.340155601501465,-23,-22,-11,-5,-12,9,12,-1,11,26,-19,-16,-1,1,hello
17.340155601501465,-7,-10,-3,-1,-9,0,12,11,25,28,-15,-1,4,14,hello
17.355879306793213,13,0,0,5,0,0,7,20,35,25,7,13,20,29,hello
17.355879306793213,21,0,1,2,-2,-4,-1,18,26,7,15,20,28,26,hello
17.37192130088806,21,0,1,-6,-14,-18,-8,14,14,-6,10,24,22,13,hello
17.37192130088806,18,-2,0,-16,-11,-20,-15,5,5,-10,18,27,23,4,hello
17.387900352478027,17,1,8,-13,6,-13,-12,0,1,-20,32,29,27,7,hello
17.387900352478027,19,17,22,7,18,-14,0,-1,0,-17,31,22,20,5,hello
17.403178215026855,13,25,20,17,12,-17,-8,-4,-13,-4,14,9,0,-8,hello
17.403178215026855,4,25,16,11,4,-9,-16,-9,-17,-3,8,-1,-11,-13,hello
17.418925762176514,-8,17,12,11,6,0,-1,-12,-2,-6,-1,-13,-14,-8,hello
17.418925762176514,-14,5,13,10,7,10,9,-8,-4,-3,-20,-23,-26,-13,hello
17.434179306030273,-10,1,6,11,4,30,19,-5,-5,4,-16,-28,-33,-18,hello
17.434179306030273,-16,-5,-13,7,5,30,31,-2,0,11,-18,-31,-31,-13,hello
17.449796199798584,-20,-15,-20,0,7,17,30,3,-2,5,-37,-31,-30,-11,hello
17.449796199798584,-9,-16,-10,6,4,18,23,6,1,1,-24,-18,-13,0,hello
17.465595960617065,0,-9,-5,7,0,20,14,9,14,12,-3,0,3,20,hello
17.465595960617065,-3,-10,-20,-14,-10,2,-3,6,10,12,-9,0,4,13,hello
17.480640649795532,-6,-23,-31,-33,-22,-17,-23,1,-1,-13,-19,-8,-2,-4,hello
17.480640649795532,0,-23,-18,-29,-19,-21,-25,6,-1,-18,-1,4,8,-1,hello
17.49630308151245,9,-7,0,-14,-11,-18,-17,6,0,4,27,27,33,9,hello
17.49630308151245,11,6,5,-14,-10,-14,-22,-3,-17,2,29,27,30,6,hello
17.512436389923096,2,8,3,-14,-3,-6,-26,-14,-27,-17,15,9,8,-9,hello
17.512436389923096,1,17,18,7,12,3,-15,-12,-13,-21,18,8,3,-13,hello
17.52786350250244,10,40,40,36,22,12,7,-3,1,-3,29,20,10,1,hello
17.52786350250244,7,34,30,37,18,16,17,-7,-1,12,16,12,0,7,hello
17.545793533325195,-5,0,12,14,5,16,8,-11,-16,6,-8,-2,-23,0,sil
17.545793533325195,-8,-15,5,9,0,17,14,-6,-13,3,-19,-7,-23,-2,sil
17.559160232543945,-12,-16,-7,5,-7,11,21,4,7,10,-27,-12,-16,3,sil
17.559160232543945,-12,-22,-14,-13,-23,1,10,20,25,7,-36,-16,-12,5,sil
17.574612140655518,2,-22,-13,-15,-21,0,4,22,34,10,-21,-12,0,5,sil
17.574612140655518,9,-12,-14,-5,-1,0,6,16,29,17,-2,0,13,14,sil
17.590155601501465,3,-3,-16,-10,3,-6,-2,9,14,7,2,8,18,15,sil
17.590155601501465,2,-4,-22,-20,1,-17,-16,-3,5,-7,6,0,16,-2,sil
17.605380058288574,4,0,-17,-14,4,-22,-18,-4,7,-7,6,-5,10,-15,sil
17.605380058288574,4,13,-7,-3,10,-17,-7,-1,7,1,13,4,11,-15,sil
17.620888710021973,1,11,-2,-7,13,-13,-5,-9,-7,-3,16,9,7,-14,sil
17.620888710021973,0,14,6,1,10,-11,-7,-11,-13,-11,15,5,1,-5,sil
17.63625144958496,8,29,20,25,12,-6,4,0,0,0,18,7,6,6,sil
17.63625144958496,7,22,21,21,18,-4,11,7,1,8,11,2,2,3,sil
17.652233123779297,-8,0,2,11,11,-7,10,0,-6,0,-4,-11,-13,-4,sil
17.652233123779297,-14,-8,0,13,0,-8,13,-1,-4,-7,-11,-12,-17,3,sil
17.667564153671265,-3,-6,6,3,-3,-9,14,1,-3,1,-11,-6,-16,7,sil
17.667564153671265,-4,-15,-4,-10,-9,-8,2,-3,-4,6,-16,-14,-22,0,sil
17.682823657989502,-3,-16,-9,-13,-13,1,-7,-3,-5,0,-12,-7,-14,5,sil
17.682823657989502,13,1,8,-4,-8,9,-7,-1,-5,-8,15,19,15,11,sil
17.69885015487671,21,19,21,2,-7,9,-13,-8,-18,-14,30,26,22,-2,sil
17.69885015487671,10,21,24,14,-9,19,-14,-13,-28,-9,16,9,1,-7,sil
17.71426272392273,4,9,26,24,-2,38,3,-6,-15,0,3,-4,-5,5,sil
17.71426272392273,-5,-5,15,11,0,40,17,7,6,6,-4,-1,0,8,sil
17.72973394393921,-20,-20,-13,-13,-13,24,0,7,13,5,-9,0,3,-2,sil
17.72973394393921,-15,-26,-28,-29,-20,-3,-28,-2,-1,-11,-6,0,10,-10,sil
17.744913578033447,2,-10,-5,-19,-12,-20,-33,-10,-26,-36,2,9,3,-12,sil
17.744913578033447,2,10,12,6,-3,-7,-21,-20,-37,-32,1,6,-14,-16,sil
17.760419607162476,-8,15,10,22,9,12,0,-9,-19,-1,-13,-10,-20,-13,sil
17.760419607162476,-4,6,0,27,22,19,35,15,17,32,-13,-16,-3,2,sil
17.77643322944641,0,-9,-8,17,17,15,49,26,39,47,-4,-3,6,19,sil
17.77643322944641,-5,-12,-13,-2,8,1,25,24,38,35,1,3,10,23,sil
17.792171239852905,-2,-3,-19,-15,8,-14,8,17,35,24,-4,-1,13,16,sil
17.792171239852905,-2,-9,-26,-28,5,-16,8,13,30,17,-30,-13,-2,10,sil
17.807798624038696,-17,-26,-35,-34,-2,-15,5,5,22,0,-40,-27,-16,0,sil
17.807798624038696,-14,-26,-33,-29,-9,-27,-8,0,8,-16,-23,-26,-11,-8,sil
17.82284140586853,5,-6,-19,-23,-5,-19,-10,0,6,-14,-10,-6,-5,-7,sil
17.83843469619751,15,6,-10,-13,8,5,1,0,14,0,0,2,0,-9,sil
17.83843469619751,10,5,-4,-7,9,1,-3,-6,-4,-5,13,3,1,-13,sil
17.83843469619751,1,12,0,-2,0,-15,-14,-6,-24,-16,14,12,6,-15,sil
17.85360026359558,5,22,13,10,6,-6,-8,-2,-12,-7,17,19,17,-10,sil
17.86939787864685,19,27,31,22,13,3,-2,-4,-3,4,30,21,17,-1,sil
17.86939787864685,14,18,27,15,0,-6,-15,-15,-11,-1,32,16,7,-3,sil
17.884875774383545,-5,0,11,-1,-17,-18,-27,-17,-21,-18,21,9,0,-9,sil
17.884875774383545,-4,4,26,5,-17,-15,-16,-4,-16,-11,30,15,8,3,sil
17.900362968444824,8,14,43,24,-5,-9,-1,-3,-8,0,37,19,16,22,sil
17.900362968444824,2,8,29,19,-7,-5,-6,-11,-22,-14,11,9,-2,15,sil
17.915969371795654,-4,5,7,19,-9,0,-6,-17,-34,-20,-7,-8,-22,-5,sil
17.915969371795654,3,10,12,33,0,20,11,-10,-18,-5,-2,-7,-19,0,sil
17.93207597732544,10,11,19,34,9,36,21,3,2,8,1,4,-5,19,sil
17.93207597732544,11,6,4,26,5,26,20,10,6,17,-3,2,1,17,sil
17.948007822036743,4,-3,-8,9,0,9,13,8,5,20,-12,-11,0,3,sil
17.948007822036743,-15,-19,-21,-14,-1,13,11,8,16,20,-20,-22,0,0,sil
17.963053226470947,-18,-22,-27,-22,4,22,14,17,27,16,-29,-20,1,1,sil
17.963053226470947,-7,-13,-16,-13,6,14,15,18,24,9,-35,-15,1,-1,sil
17.979095458984375,-7,-21,-18,-21,-5,-7,1,5,14,11,-28,-13,1,-4,sil
17.979095458984375,-12,-30,-27,-33,-7,-12,-13,1,9,13,-12,-4,4,0,sil
17.994354009628296,-6,-18,-18,-17,1,1,-13,0,1,1,2,6,3,-6,sil
17.994354009628296,0,-7,-8,-9,1,-3,-14,-5,-17,-20,0,7,-11,-13,sil
18.009498834609985,1,-2,-8,-16,0,-15,-9,-1,-10,-19,-1,8,-13,-5,sil
18.009498834609985,-4,-3,-15,-18,0,-5,5,3,15,-2,4,1,0,-3,sil
18.02557158470153,-11,-3,-17,-15,-1,-4,5,10,14,-6,0,-7,0,-16,sil
18.02557158470153,0,10,-2,-1,0,-9,-2,12,6,-3,7,4,5,-10,sil
18.04204559326172,15,21,15,5,10,0,0,3,9,14,25,22,24,14,sil
18.04204559326172,5,16,16,1,12,0,5,-5,-5,3,11,9,12,12,sil
18.05801057815552,-2,10,8,4,5,-1,6,-11,-16,-14,-7,-6,-9,-1,sil
18.05801057815552,18,14,19,15,6,9,9,-8,-2,-3,0,7,-3,6,sil
18.07300877571106,21,25,29,29,8,9,4,-11,1,2,16,10,0,8,sil
18.07300877571106,-5,16,20,24,-1,-6,-7,-19,-18,-18,5,-11,-23,-13,sil
18.09486055374145,-20,-16,-3,-10,-14,-3,-2,-12,-24,-17,-15,-26,-37,-20,sil
18.09486055374145,-21,-34,-26,-25,-16,0,15,4,0,15,-21,-31,-18,-3,sil
18.09486055374145,-15,-20,-19,-8,-13,-21,0,11,15,13,-15,-18,-1,8,sil
18.103950262069706,0,-6,-8,0,-12,-33,-29,0,5,-11,-7,3,8,0,sil
18.120052099227905,11,-3,-10,-9,-12,-24,-36,-5,-8,-18,2,14,16,-8,sil
18.120052099227905,13,10,1,-5,-8,-12,-20,5,-7,-5,22,22,25,3,sil
18.13597202301025,14,18,19,8,0,0,1,2,1,5,26,25,28,15,sil
18.13597202301025,15,9,14,6,4,6,-1,-10,-7,-5,0,9,3,7,sil
18.15100789070129,11,15,9,6,10,11,-12,-6,-13,-15,2,0,-5,0,sil
18.15100789070129,8,25,17,18,17,26,0,0,-2,2,32,10,15,1,sil
18.16637086868286,7,15,23,20,14,25,8,-3,0,9,25,17,8,1,sil
18.16637086868286,4,3,11,18,9,10,1,-8,-10,-10,-1,2,-11,-4,sil
18.18236303329468,0,2,3,21,12,11,7,0,-4,0,-2,-3,-2,0,sil
18.18236303329468,-11,0,2,20,16,28,25,16,17,42,5,-1,9,9,sil
18.197359323501587,-21,-18,-9,6,8,20,28,20,30,46,-3,-10,3,9,sil
18.197359323501587,-18,-30,-24,-7,-3,9,28,18,27,22,-17,-22,0,5,sil
18.213225841522217,-21,-26,-30,-17,-8,10,32,13,18,16,-20,-28,-6,-2,sil
18.213225841522217,-29,-23,-27,-18,-13,3,21,5,3,11,-31,-30,-25,-8,sil
18.22824454307556,-20,-18,-16,-3,-12,-2,9,4,8,7,-31,-18,-18,1,sil
18.22824454307556,0,-10,-12,0,-1,0,6,7,25,15,-14,-3,4,9,sil
18.243427276611328,20,-1,-5,-15,2,-11,-3,5,14,1,-2,10,6,2,sil
18.243427276611328,32,3,5,-13,0,-21,-12,-3,-5,-18,-2,25,4,4,sil
18.25893759727478,35,0,1,-26,-8,-28,-22,-6,-13,-32,-14,30,3,14,sil
18.25893759727478,19,-6,-8,-51,-24,-43,-41,-9,-22,-48,-12,19,-4,0,sil
18.274887561798096,-1,0,-1,-27,-27,-45,-45,-23,-32,-47,14,7,-8,-24,sil
18.274887561798096,-4,18,18,9,-5,-14,-23,-16,-29,-23,33,8,0,-15,sil
18.290447235107425,-1,25,23,14,13,6,-4,0,-7,-2,35,8,14,0,sil
18.290447235107425,-3,14,12,4,11,0,-9,-2,0,0,26,0,9,-9,sil
18.306125164031982,-2,12,13,2,6,3,-14,-6,-5,1,12,-3,-2,-15,sil
18.306125164031982,-2,20,17,9,9,15,-3,-4,-3,5,14,-1,0,-7,sil
18.32117319107056,-6,13,8,17,14,17,0,-9,-6,2,10,-6,-5,-12,sil
18.32117319107056,-7,6,-3,19,11,16,-3,-20,-22,-9,-11,-19,-23,-24,sil
18.3370418548584,-2,9,2,22,7,12,2,-20,-30,-18,-18,-14,-21,-9,sil
18.3370418548584,0,8,15,30,6,3,13,-9,-24,-8,-11,0,-7,12,sil
18.352234363555908,3,0,7,28,-2,6,18,-2,-5,7,-9,0,-1,16,sil
18.352234363555908,5,0,0,14,-8,14,24,9,10,11,-12,-7,0,17,sil
18.36753535270691,-7,-11,-10,5,0,13,33,22,24,16,-12,-12,5,18,sil
18.36753535270691,-22,-31,-24,-8,0,6,26,24,32,24,-15,-11,9,17,sil
18.3832483291626,-8,-22,-22,-21,-8,0,6,26,36,30,-10,0,10,15,sil
18.3832483291626,6,-3,-9,-13,-1,-1,8,30,43,46,3,9,22,15,sil
18.399316549301147,6,-8,1,-3,6,7,17,30,42,46,7,13,27,20,sil
18.399316549301147,7,-13,2,-2,0,7,9,10,18,12,7,11,14,13,sil
18.414847135543823,9,-7,-8,-8,-7,-12,-11,-8,-5,-21,7,6,-1,-3,sil
18.414847135543823,4,0,-12,-17,-9,-21,-16,1,-2,-23,6,4,-1,-7,sil
18.43088126182556,-2,-5,-13,-18,-7,-5,-4,10,14,-1,7,0,7,-8,sil
18.43088126182556,-3,-15,-16,-22,-3,-1,-2,0,7,2,-3,-2,-1,-16,sil
18.446153163909912,-4,-10,-14,-29,-3,-11,-10,-7,-7,-12,-9,0,-10,-15,sil
18.446153163909912,-9,-1,-7,-24,-1,-5,-12,-10,-8,-17,1,-1,-4,-11,sil
18.4617612361908,-3,2,7,-1,4,2,-11,-9,-13,-7,8,4,0,-6,sil
18.476879596710205,12,14,20,22,8,-2,-16,-11,-21,-1,15,19,7,3,sil
18.476879596710205,12,18,19,18,4,-9,-21,-10,-21,-8,21,12,9,4,sil
18.476879596710205,-2,17,11,5,0,-6,-16,-17,-23,-14,9,-5,-4,-13,sil
18.493448972702023,-2,17,14,11,2,-3,-11,-33,-39,-25,-9,-10,-30,-26,sil
18.493448972702023,11,21,26,24,4,-2,-11,-33,-47,-40,-14,0,-40,-15,sil
18.509148597717285,10,23,22,24,5,-1,-4,-19,-29,-32,-9,0,-18,-5,sil
18.509148597717285,-4,17,10,14,8,0,-2,-8,-18,-14,-11,-7,-7,-4,sil
18.52490830421448,-7,9,7,12,8,14,2,-2,-11,2,-3,-6,-6,0,sil
18.52490830421448,-1,4,6,19,4,22,19,2,9,21,-2,-9,1,6,sil
18.54039454460144,-7,-4,0,10,-1,12,27,14,20,15,-18,-18,0,13,sil
18.54039454460144,-16,-16,-11,0,-6,9,26,22,28,15,-16,-18,0,20,sil
18.55622911453247,-8,-19,-16,0,-3,16,26,30,44,42,0,-7,14,22,sil
18.55622911453247,1,-17,-13,-3,0,13,26,34,46,47,1,0,14,12,sil
18.571383476257324,0,-22,-15,-14,-9,-1,14,21,34,18,4,0,4,4,sil
18.587435960769653,0,-20,-15,-27,-16,-16,-5,10,20,1,7,5,7,7,sil
18.587435960769653,5,-9,-17,-28,-14,-14,-6,8,15,4,2,11,12,4,sil
18.60300278663636,4,-9,-16,-19,-10,-3,0,5,7,1,-4,8,2,-2,sil
18.60335350036621,9,-7,-2,-8,-3,-3,-11,1,0,-3,1,12,7,2,sil
18.61911177635193,11,0,1,-6,0,-17,-20,-5,-5,0,14,15,30,9,sil
18.61911177635193,6,0,-4,-20,2,-21,-20,-7,-10,0,15,17,31,6,sil
18.61911177635193,3,0,-9,-24,3,-10,-23,-9,-15,-15,15,13,15,-7,sil
18.634264945983887,0,2,0,-10,5,-10,-24,-15,-22,-30,7,-1,0,-21,sil
18.65199422836304,5,18,19,14,7,-15,-10,-12,-24,-24,6,0,-5,-16,sil
18.65199422836304,14,32,32,36,12,-4,8,-3,-12,0,26,20,0,2,sil
18.665274381637573,5,17,23,25,11,7,8,0,-10,1,16,13,-11,0,sil
18.665274381637573,-18,0,3,4,4,11,2,-7,-21,-12,-17,-19,-28,-19,sil
18.68078112602234,-17,2,0,10,2,19,9,-11,-17,-9,-16,-19,-22,-15,sil
18.68078112602234,-2,7,2,16,5,29,17,-1,5,5,0,0,-7,5,sil
18.69582462310791,-8,-3,-8,5,5,23,9,3,18,7,-7,-10,-4,4,sil
18.69582462310791,-23,-13,-12,-1,3,11,0,0,6,-4,-17,-21,-11,-5,sil
18.71084213256836,-20,-3,-1,4,5,15,4,-6,0,-6,-17,-15,-12,-2,sil
18.71084213256836,-7,8,3,10,7,20,7,-9,-3,-7,-21,-14,-17,-2,sil
18.726879835128784,-3,6,6,8,0,4,6,-1,-10,-12,-22,-15,-25,-8,sil
18.726879835128784,-8,-8,0,-2,-12,-9,7,5,1,2,-12,-13,-11,-7,sil
18.742408514022827,2,-11,-7,-13,-12,-9,2,12,19,25,-3,-2,9,4,sil
18.742408514022827,20,0,-3,-2,-3,-10,-3,10,16,23,4,7,13,9,sil
18.75807547569275,11,-8,-13,-2,-8,-19,-8,-1,7,6,3,1,3,3,sil
18.75807547569275,0,-22,-17,-17,-20,-17,-9,3,7,4,-2,-3,1,6,sil
18.77339172363281,13,-16,-5,-20,-21,-16,-6,15,7,8,2,7,13,16,sil
18.77339172363281,20,-11,0,-14,-12,-23,-13,10,0,-2,10,24,20,19,sil
18.789138555526733,16,0,1,0,0,-17,-16,2,-3,-10,29,36,26,11,sil
18.789138555526733,22,23,17,17,13,0,-10,-5,-5,-7,43,34,25,1,sil
18.804950714111328,18,32,30,21,17,7,-6,-15,-17,-15,21,14,5,-4,sil
18.804950714111328,-4,19,14,26,15,18,16,-13,-12,-5,-5,-12,-10,-6,sil
18.82103109359741,-17,3,-8,17,9,22,30,4,10,22,-15,-25,-13,0,sil
18.82103109359741,-12,-10,-14,-14,-3,0,8,13,22,24,-15,-15,-3,7,sil
18.83655476570129,-9,-19,-16,-34,-14,-19,-9,2,11,3,-10,-3,5,0,sil
18.83655476570129,-7,-9,-15,-28,-8,-10,-7,-3,-7,-5,-4,0,0,-7,sil
18.85211205482483,-1,8,1,-11,3,-1,-9,-5,-14,-5,8,5,-2,-5,sil
18.85211205482483,0,17,18,5,6,8,-2,-1,-5,-5,14,7,1,-1,sil
18.86718940734864,-4,10,11,10,6,31,22,4,10,9,-2,-11,-8,-4,sil
18.86718940734864,-10,-11,-3,3,4,33,25,0,13,18,-20,-22,-18,-7,sil
18.88282060623169,-2,-23,0,-5,0,5,1,-2,-2,-8,-11,1,-7,0,sil
18.88282060623169,4,-5,4,-9,0,-10,-10,2,-6,-27,7,15,9,0,sil
18.898832321166992,-3,0,-9,-14,-1,-17,-17,5,-1,-18,3,3,10,-7,sil
18.898832321166992,-3,-5,-8,-8,-7,-24,-17,9,6,-5,5,8,17,-3,sil
18.91481280326844,19,7,22,10,1,-14,-5,13,13,8,30,28,28,10,sil
18.91481280326844,22,26,31,26,14,7,1,3,3,7,26,15,14,4,sil
19.42885184288025,9,4,12,-3,3,0,-13,-9,-11,-1,18,16,9,-9,sil
19.42885184288025,8,18,28,22,12,1,-5,-14,-22,1,22,17,-1,1,sil
19.4447820186615,9,26,34,29,16,16,1,-8,-19,3,13,13,1,6,sil
19.4447820186615,0,13,24,21,17,27,16,-2,-2,14,5,0,2,0,sil
19.460341930389404,-11,1,13,18,18,20,30,1,8,25,8,-4,2,1,sil
19.460341930389404,-13,-1,7,8,9,19,32,7,6,18,-2,-6,0,6,sil
19.47542881965637,-12,-11,-6,-1,-8,12,18,6,4,0,-26,-16,-6,1,sil
19.47542881965637,-2,-17,-9,-1,-12,1,2,6,11,1,-20,-13,-2,9,sil
19.490981101989743,0,-20,-11,-10,-8,-1,0,4,10,8,0,-5,3,16,sil
19.490981101989743,-12,-26,-30,-31,-14,-12,-7,-4,-13,-11,-11,-9,-11,-3,sil
19.50615429878235,-4,-9,-27,-28,-7,-20,-6,0,-16,-30,-19,0,-13,-14,sil
19.50615429878235,14,7,-2,-8,0,-14,-1,4,0,-22,4,8,5,-6,sil
19.522270917892456,7,4,3,-4,-10,-22,-15,-7,-15,-25,6,-3,0,-11,sil
19.522270917892456,0,12,0,3,-7,-15,-10,-9,-21,-19,-1,-11,-12,-20,sil
19.537792205810547,12,28,15,21,16,14,10,8,5,0,4,-4,-10,-9,sil
19.537792205810547,3,18,20,28,12,18,4,13,10,2,3,-5,-12,-1,sil
19.552963256835938,-14,-1,4,23,-3,5,-1,1,8,6,-2,-11,-10,0,sil
19.552963256835938,-8,-8,0,4,0,10,10,4,22,25,-4,-2,-1,10,sil
19.56842565536499,0,-4,-5,-5,1,5,12,10,19,22,-1,5,7,17,sil
19.56842565536499,-5,-1,-13,-2,-4,-13,-1,8,8,1,2,9,15,15,sil
19.58445191383361,3,1,-9,-8,-5,-11,-7,12,13,0,7,18,21,13,sil
19.58445191383361,23,7,-5,-9,0,-5,-4,11,18,12,21,28,32,11,sil
19.60011601448059,29,18,6,0,11,-3,-1,3,4,8,35,37,35,13,sil
19.60011601448059,19,24,21,12,19,3,-4,-10,-10,-8,26,24,15,2,sil
19.61524486541748,0,10,12,9,8,4,-14,-29,-25,-19,-1,-13,-18,-21,sil
19.61524486541748,-14,-1,3,1,-1,4,-11,-27,-25,-8,-20,-28,-28,-26,sil
19.631272077560425,-17,-7,5,0,-1,14,7,-10,-8,10,-21,-22,-17,-11,sil
19.631272077560425,-20,-22,0,-2,-8,14,20,-2,-7,1,-30,-25,-22,0,sil
19.646894931793213,-22,-29,-16,-11,-14,7,21,2,-8,-4,-30,-20,-24,1,sil
19.646894931793213,-15,-23,-24,-13,-4,1,9,4,6,11,-15,-5,-2,1,sil
19.66194009780884,3,-14,-11,-10,1,-7,-10,1,7,13,-6,4,12,8,sil
19.66194009780884,14,-6,0,-8,-2,-11,-13,3,0,6,15,17,27,17,sil
19.67763590812683,14,-4,-1,-8,-3,-11,-8,11,6,3,32,28,37,16,sil
19.67763590812683,15,1,1,-8,-4,-13,-11,6,10,-3,22,17,23,4,sil
19.69332504272461,8,8,2,-9,-8,-13,-13,-5,-2,-11,8,-1,-1,-12,sil
19.69332504272461,-4,6,-2,-10,-1,-9,-15,-3,-8,-14,6,-2,-5,-22,sil
19.708927392959595,0,15,5,8,14,-4,-8,-5,1,-11,13,3,9,-11,sil
19.708927392959595,13,33,26,29,15,3,0,-11,-3,-7,12,1,0,0,sil
19.724446773529053,1,21,25,30,5,13,9,-9,-20,-2,-4,-9,-25,-5,sil
19.724446773529053,-20,-4,3,16,1,19,16,0,-16,1,-22,-19,-30,-4,sil
19.74031114578247,-24,-11,-10,0,-1,18,20,5,-3,0,-27,-19,-32,3,sil
19.74031114578247,-20,-14,-16,-5,-9,14,18,4,6,-2,-27,-25,-38,-6,sil
19.755284070968628,-23,-21,-15,-4,-6,9,13,9,17,8,-29,-23,-29,-9,sil
19.755284070968628,-9,-16,-12,-10,-1,6,16,25,25,23,-20,-5,-9,5,sil
19.77081084251404,4,-14,-17,-20,-8,-1,13,24,26,14,-1,1,9,10,sil
19.77081084251404,7,-12,-7,-21,-6,-11,-6,11,19,-4,6,7,22,8,sil
19.78687882423401,13,4,10,-3,3,-16,-22,0,10,-2,17,23,28,9,sil
19.78687882423401,28,13,13,3,0,-23,-24,-8,-7,-2,25,33,27,6,sil
19.80238938331604,33,10,11,-1,0,-26,-20,-11,-24,-15,23,29,26,3,sil
19.80238938331604,22,17,13,2,9,-9,-12,-11,-20,-14,25,21,22,1,sil
19.818281650543213,3,28,12,12,10,8,-5,-8,-10,-11,30,13,5,-8,sil
19.818281650543213,0,29,5,19,5,11,-2,-11,-9,-9,27,0,0,-19,sil
19.83380937576294,3,12,6,19,6,5,-4,-19,-20,-1,5,-9,-2,-10,sil
19.83380937576294,-3,-3,6,12,0,5,-3,-13,-20,2,-15,-5,-15,3,sil
19.84923195838928,-14,-4,0,17,-1,10,12,-2,-1,6,-14,-4,-12,4,sil
19.84923195838928,-6,0,0,18,4,15,26,9,12,16,-9,-10,1,7,sil
19.864314079284668,0,-6,-3,3,3,13,25,15,22,26,-13,-11,7,18,sil
19.864314079284668,-5,-20,-18,-15,-3,0,11,16,27,22,-14,-2,3,21,sil
19.87983703613281,-5,-24,-19,-27,-7,-4,1,18,14,2,-14,0,1,11,sil
19.89503240585327,-11,-24,-19,-32,-14,-1,1,12,5,-2,-13,-11,4,0,sil
19.89503240585327,-13,-19,-21,-30,-11,-13,-4,1,5,4,-7,-7,3,-2,sil
19.911125659942627,2,4,-4,-10,1,-25,-19,-9,-5,-1,1,7,0,-7,sil
19.911125659942627,7,22,14,11,3,-11,-20,-19,-24,-25,1,-1,-13,-19,sil
19.911125659942627,-1,22,21,25,2,12,-4,-13,-23,-28,-1,-12,-22,-19,sil
19.926246881484985,0,13,15,29,9,23,16,-3,0,4,-3,-9,-9,-5,sil
19.94187879562378,0,-4,2,7,4,13,21,5,19,23,-13,-10,3,4,sil
19.94187879562378,-5,-19,-10,-16,-11,-6,0,3,12,4,-6,-9,7,-1,sil
19.957263469696045,0,-11,-11,-13,-12,-22,-33,-12,-9,-23,13,4,7,-11,sil
19.957263469696045,2,7,4,-3,-4,-23,-44,-17,-26,-32,12,8,-5,-15,sil
19.972909212112427,-9,7,11,2,0,-4,-15,-9,-19,-17,2,-7,-23,-17,sil
19.972909212112427,-13,-7,6,10,9,22,22,5,0,8,-7,-14,-25,-1,sil
19.988878965377808,-4,-12,-2,1,12,27,31,17,16,21,-12,-2,-6,18,sil
19.988878965377808,-4,-13,-13,-21,-3,0,13,9,7,6,-8,7,-1,10,sil
20.003973484039307,2,-12,-8,-25,-11,-11,4,3,-1,-8,-7,12,-8,2,sil
20.003973484039307,18,-3,-1,-6,0,4,14,14,16,8,1,16,5,12,sil
20.02006697654724,21,0,-5,-6,2,-1,6,21,23,18,25,27,31,15,sil
20.02006697654724,11,9,-1,-12,-3,-18,-6,12,11,7,40,35,41,8,sil
20.035195350646973,12,20,12,0,3,-5,-3,4,7,5,38,25,37,8,sil
20.035195350646973,17,21,21,13,13,2,0,1,2,10,27,16,20,10,sil
20.05128765106201,4,24,18,24,6,-2,-7,-10,-2,10,15,11,8,4,sil
20.05128765106201,-7,23,9,30,1,0,-11,-17,-7,3,-1,-8,-2,-4,sil
20.066867351531982,0,19,11,34,14,8,2,-6,-6,3,-9,-23,-14,-3,sil
20.066867351531982,4,16,18,35,14,14,15,-7,-2,5,-8,-13,-14,7,sil
20.083086252212524,-11,1,10,19,-10,16,6,-20,-16,-14,-33,-17,-31,0,sil
20.083086252212524,-26,-26,-22,-5,-22,12,2,-20,-33,-26,-57,-46,-55,-25,sil
20.104848384857178,-25,-38,-38,-23,-11,5,4,-2,-10,-4,-42,-46,-39,-27,sil
20.104848384857178,-17,-26,-25,-34,-10,-4,-6,15,20,6,-13,-13,0,-12,sil
20.104848384857178,-10,-19,-23,-36,-7,-14,-10,16,24,-4,0,-1,13,-4,sil
20.1149377822876,5,-14,-19,-22,8,-10,-1,16,12,-6,4,3,14,3,sil
20.129982948303223,18,0,-1,-4,9,-8,-2,8,4,-4,12,18,27,8,sil
20.129982948303223,9,3,4,-5,-4,-18,-18,-9,-11,-24,12,18,21,2,sil
20.145174741744995,0,5,2,-15,-5,-15,-24,-12,-22,-30,8,8,1,-6,sil
20.145174741744995,6,16,9,-1,5,-4,-11,-13,-17,-10,15,7,4,-11,sil
20.16097092628479,10,22,27,20,7,0,-9,-22,-24,-10,12,9,6,-3,sil
20.16097092628479,-1,12,25,24,3,8,-2,-19,-31,-12,0,4,-7,2,sil
20.176093578338623,-3,-3,7,14,3,16,17,0,-10,12,-3,0,-10,2,sil
20.176093578338623,8,-4,6,11,0,14,30,19,15,32,2,7,3,9,sil
20.192065715789795,3,1,1,24,-1,17,31,21,38,47,16,2,22,13,sil
20.192065715789795,-7,-5,-8,10,0,11,23,22,50,53,16,0,19,18,sil
20.20718216896057,-4,-13,-2,-15,-1,-4,6,30,39,32,0,8,6,23,sil
20.20718216896057,0,-10,-13,-10,-6,-11,2,11,26,12,-4,0,13,9,sil
20.22295904159546,2,-5,-26,-9,-5,-14,-2,-4,15,1,-10,-8,14,6,sil
20.22295904159546,8,0,-1,-24,-2,-16,-20,5,-2,-13,-12,8,3,15,sil
20.23839807510376,9,11,12,-11,1,-13,-24,0,-20,-25,1,13,0,-3,sil
20.23839807510376,0,17,4,4,4,0,-13,-24,-34,-30,9,0,-14,-27,sil
20.254122495651245,-12,11,7,0,1,13,-9,-28,-45,-43,-8,-11,-47,-28,sil
20.254122495651245,-16,7,10,7,4,18,-1,-21,-39,-41,-22,-26,-55,-27,sil
20.26968359947205,-11,10,6,28,13,22,14,-12,-3,-2,-8,-21,-39,-20,sil
20.26968359947205,-7,1,2,19,10,20,21,8,23,30,1,-5,-25,1,sil
20.285799741744995,0,-16,-9,-2,-2,0,7,23,22,30,1,0,-9,17,sil
20.285799741744995,7,-25,-14,-14,-12,-14,-2,16,14,19,-1,8,-12,19,sil
20.301875352859497,3,-25,-15,-26,-16,-10,-2,11,8,8,-4,5,-14,11,sil
20.301875352859497,-1,-21,-21,-27,-14,-14,-2,10,6,-2,-3,-8,33,0,sil
20.317541122436523,10,-7,-3,-9,-5,-17,1,10,15,0,7,7,81,6,sil
20.317541122436523,15,0,4,-5,-3,-10,0,-3,15,-1,15,23,67,10,sil
20.33288598060608,0,-6,-5,-29,-11,-17,-26,-25,-19,-32,-3,5,19,-9,sil
20.33288598060608,-2,8,0,-11,1,-11,-29,-24,-31,-39,-12,-8,-5,-26,sil
20.34805989265442,12,32,11,44,30,14,3,-14,-1,-6,12,-4,0,-17,sil
20.34805989265442,13,24,20,28,18,14,0,-4,-9,-2,17,7,-1,-3,sil
20.36406254768372,-1,14,27,-4,-7,0,-18,1,-26,-8,5,11,-8,-3,sil
20.36406254768372,-3,24,19,28,3,0,-2,-7,-6,3,16,-2,1,0,sil
20.38015508651733,6,25,18,42,19,8,9,-7,-5,1,11,-4,-2,12,sil
20.38015508651733,-9,10,7,14,4,17,15,1,-11,4,-10,-4,-17,4,sil
20.395297527313232,-28,-3,-15,8,-3,17,24,0,0,23,-15,-15,-22,-4,sil
20.395297527313232,-12,-6,-7,13,3,17,24,3,7,26,-6,-10,-18,9,sil
20.410827159881592,-4,-11,0,5,7,24,24,12,12,24,-1,-2,-12,17,sil
20.410827159881592,-13,-20,-7,-4,-4,9,12,16,17,16,-11,-5,-17,9,sil
20.42694664001465,-3,-26,-11,-26,-18,-12,0,16,22,12,-9,0,-14,7,sil
20.42694664001465,14,-26,-9,-54,-17,-11,6,20,32,22,12,12,13,16,sil
20.442917108535767,16,-9,-1,-35,-4,-3,10,26,29,15,25,22,35,17,sil
20.442917108535767,4,0,-6,1,1,-11,-1,13,16,-5,7,10,26,0,sil
20.45846962928772,-4,-12,-23,-11,-5,-20,-17,-1,1,-16,-22,-4,13,-9,sil
20.45846962928772,5,-9,-15,-22,-11,-19,-20,-6,-4,-12,-18,3,23,-5,sil
20.474255800247192,16,2,-3,0,-6,-23,-28,-10,-11,-20,7,8,34,-6,sil
20.474255800247192,0,0,-7,0,0,-21,-37,-18,-24,-33,5,-3,14,-16,sil
20.489861011505127,-3,7,0,4,2,-3,-24,-22,-19,-19,-1,-5,-11,-19,sil
20.489861011505127,17,27,21,24,9,5,-6,-16,-9,-2,8,8,-26,-9,sil
20.504547595977783,14,26,26,20,9,4,-4,-16,-22,-14,2,4,-38,-7,sil
20.504547595977783,-11,5,13,9,3,6,-6,-27,-42,-33,-20,-21,-53,-18,sil
20.520151615142822,-19,-7,3,12,1,9,4,-14,-32,-17,-25,-28,-50,-14,sil
20.520151615142822,-12,-3,-5,11,3,14,26,11,4,19,-13,-15,-15,5,sil
20.536102294921875,-3,0,-3,3,5,20,32,22,32,36,-13,-5,6,17,sil
20.536102294921875,5,0,-1,7,2,16,24,27,34,34,-9,-4,4,19,sil
20.5511474609375,1,-11,-15,0,-4,4,14,26,23,25,8,0,11,17,sil
20.5511474609375,-3,-17,-21,-26,-8,-7,-8,11,5,-3,18,11,22,5,sil
20.5669584274292,0,-4,-8,-32,-3,-17,-19,-4,-4,-18,18,17,19,-10,sil
20.5669584274292,2,7,5,-12,0,-19,-8,-6,-6,-11,20,18,13,-8,sil
20.58198642730713,3,10,16,2,1,-7,1,-6,-6,-10,26,26,18,2,sil
20.58198642730713,-2,10,21,6,3,0,3,-12,-7,-6,28,22,21,1,sil
20.59746670722961,-4,17,19,3,2,2,10,-9,-7,1,21,3,9,-4,sil
20.59746670722961,-1,17,14,8,4,13,14,-4,0,3,10,-5,0,-3,sil
20.612996101379395,-3,2,15,18,7,25,9,-5,4,6,-2,-9,-3,0,sil
20.612996101379395,-7,-2,16,25,4,27,13,0,9,15,-10,-15,-7,3,sil
20.62881112098694,-8,0,2,18,2,23,19,7,22,25,-8,-14,-1,10,sil
20.64384126663208,-6,-6,-10,0,1,16,11,15,27,31,-13,-6,5,14,sil
20.64384126663208,0,-17,-9,-6,-3,8,0,17,19,24,-15,-5,5,16,sil
20.64384126663208,11,-20,-8,-4,-7,-1,-9,7,11,1,-7,-4,4,13,sil
20.65931606292725,16,-13,-13,-11,-9,-22,-21,-1,-2,-17,-5,0,5,4,sil
20.674944639205933,10,-8,-19,-16,-15,-43,-38,-4,-20,-28,-13,-3,-1,-5,sil
20.674944639205933,7,-8,-15,-15,-12,-45,-43,-2,-24,-27,-10,0,-3,-11,sil
20.69103455543518,10,-1,-8,-10,-3,-30,-25,-3,-17,-16,5,10,6,-15,sil
20.69103455543518,4,3,-8,-12,-2,-22,-15,-5,-25,-21,-3,1,-2,-13,sil
20.70618796348572,0,6,-10,-14,0,-19,-16,-8,-31,-33,-25,-11,-24,-13,sil
20.70618796348572,1,13,-3,0,8,-7,-1,-15,-22,-21,-16,-13,-25,-16,sil
20.72227549552917,-4,17,9,19,10,7,12,-15,-19,-10,-4,-14,-27,-15,sil
20.72227549552917,-9,17,10,25,11,25,24,-3,-1,1,-7,-15,-27,-4,sil
20.73787307739257,-8,13,3,24,15,36,39,7,25,21,-4,-7,-11,10,sil
20.73787307739257,-11,-5,-3,8,2,28,35,8,18,13,-10,-3,-11,6,sil
20.753100633621216,-18,-26,-15,-10,-11,16,18,0,5,5,-23,-15,-21,-10,sil
20.753100633621216,-18,-20,-10,-13,-2,18,15,11,22,29,-9,-2,-1,3,sil
20.76904964447021,-4,-10,0,-9,-1,11,12,24,40,41,25,30,35,26,sil
20.76904964447021,3,-17,-1,-16,-18,-11,-10,10,28,21,43,44,42,11,sil
20.784136533737183,7,-5,7,-14,-13,-19,-22,-1,5,4,37,44,27,0,sil
20.784136533737183,20,20,23,3,7,-4,-10,0,-1,0,43,51,36,9,sil
20.80024003982544,28,26,24,11,10,3,-8,-3,-1,-9,46,49,40,7,sil
20.80024003982544,9,17,18,6,4,-4,-13,-10,-8,-9,23,23,8,-8,sil
21.36229920387268,14,42,33,29,18,3,-7,-15,-21,-19,14,68,-3,-1,sil
21.36229920387268,22,33,43,44,12,7,1,-5,-12,5,14,79,9,12,sil
21.37835478782653,11,6,18,33,7,13,16,3,2,35,11,79,14,7,sil
21.37835478782653,-4,-6,-1,14,5,26,24,13,24,44,8,68,7,11,sil
21.39430499076844,4,6,3,9,5,29,30,23,50,52,17,76,20,25,sil
21.39430499076844,25,3,6,2,-1,3,19,21,43,40,11,90,26,26,sil
21.40983724594116,19,-14,-3,-12,-8,-18,-1,3,13,7,-3,83,11,13,sil
21.40983724594116,1,-14,-14,-18,-2,-17,-8,-9,-1,-5,5,71,6,0,sil
21.424862146377563,12,-4,-2,-17,-3,-9,-7,-8,-11,-14,12,61,4,-8,sil
21.424862146377563,32,0,17,-6,-9,-11,-7,-10,-23,-32,8,48,2,-7,sil
21.44088578224182,16,17,20,12,6,-8,-8,-8,-22,-22,18,42,8,0,sil
21.44088578224182,-9,29,15,36,25,9,-6,-3,-8,10,17,26,2,0,sil
21.456212043762207,-12,18,13,36,17,26,3,-10,0,9,-10,-8,-17,-2,sil
21.456212043762207,-18,-3,0,10,1,25,16,-5,0,-5,-28,-29,-20,-1,sil
21.47231316566468,-32,-22,-30,-14,-4,16,20,5,8,6,-16,-29,-7,1,sil
21.47231316566468,-26,-28,-40,-34,-9,5,3,12,14,12,-14,-33,-6,0,sil
21.488232612609863,-1,-14,-18,-26,-11,-6,-9,13,20,7,-8,-28,3,1,sil
21.488232612609863,12,-4,-8,-1,-9,-24,-9,4,14,6,14,-10,23,3,sil
21.504266500473022,11,-3,0,-14,-9,-35,-25,-1,-22,-22,15,1,9,4,sil
21.504266500473022,8,6,16,-19,-9,-24,-34,-7,-45,-48,-2,-7,-12,-9,sil
21.519854068756104,4,14,9,12,0,-9,-18,-22,-29,-37,-2,-33,-9,-25,sil
21.519854068756104,-4,14,11,21,5,-1,-2,-18,-20,-22,1,-38,-8,-10,sil
21.535861015319824,-5,11,24,12,1,11,3,0,-17,-7,-4,-25,-9,5,sil
21.535861015319824,-5,0,5,25,0,22,14,3,6,22,-6,-32,0,-1,sil
21.55192756652832,-8,-10,-5,23,3,17,22,7,22,30,-12,-39,-5,1,sil
21.55192756652832,-13,-19,0,-9,4,17,30,16,19,16,-20,-29,-20,9,sil
21.567258596420288,-19,-34,-30,-27,0,16,36,9,29,19,-12,-33,-10,-4,sil
21.567258596420288,-11,-31,-39,-23,-2,-1,17,11,36,19,-2,-25,8,-2,sil
21.5831937789917,7,-6,-3,-18,-1,-15,-6,24,22,5,-1,5,12,17,sil
21.5831937789917,16,1,-9,-16,0,-18,-18,6,13,4,13,13,19,8,sil
21.59918999671936,10,0,-22,-19,-4,-22,-32,-15,0,-5,17,6,14,-9,sil
21.59918999671936,14,14,5,-6,-2,-14,-28,-10,-15,-20,9,16,1,-6,sil
21.613855838775635,23,28,20,7,3,-3,-8,-7,-18,-9,12,25,-2,-3,sil
21.613855838775635,14,25,20,13,2,-3,-8,-13,-24,-1,14,18,-3,-4,sil
21.629941940307617,0,26,23,27,4,7,-12,-14,-28,-11,9,7,-9,-5,sil
21.629941940307617,-1,23,14,27,10,22,0,-12,-27,-11,1,2,-12,-5,sil
21.64525294303894,-4,9,9,19,5,16,13,-6,-18,2,-6,0,-8,-2,sil
21.64525294303894,-5,1,13,24,0,14,19,0,-2,13,-6,6,-2,4,sil
21.66117143630981,-1,-4,7,10,0,20,24,4,9,15,-5,10,1,8,sil
21.66117143630981,-6,-16,-7,-11,-2,12,30,10,18,18,-14,1,0,10,sil
21.676353454589844,-12,-21,-12,-13,-5,-3,20,15,23,18,-22,-2,-1,11,sil
21.69237351417541,-9,-17,-6,-11,-4,-11,2,14,22,16,-14,9,5,11,sil
21.69237351417541,-6,-17,-8,-20,-1,-9,-5,13,26,9,3,19,18,13,sil
21.69237351417541,-10,-20,-16,-29,-4,-9,-11,14,22,-13,2,16,13,10,sil
21.70800757408142,-7,-16,-16,-27,-7,-14,-20,1,5,-27,-1,12,5,-2,sil
21.70800757408142,10,-3,-4,-13,-2,-22,-26,-9,-7,-19,13,23,11,-6,sil
21.72316169738769,19,11,7,3,4,-14,-21,-6,-12,-6,30,29,22,-2,sil
21.73829221725464,8,18,9,12,5,-2,-7,-6,-9,-6,22,9,18,-11,sil
21.73829221725464,3,21,11,8,7,0,0,-9,-11,-12,13,-3,1,-18,sil
21.75387692451477,16,30,19,16,12,2,0,-6,-12,-6,24,5,0,-5,sil
21.75387692451477,21,31,23,27,12,4,0,-5,-15,0,18,0,1,4,sil
21.76899480819702,5,15,16,24,0,3,2,-10,-19,-1,-12,-21,-19,-2,sil
21.76899480819702,-6,0,0,13,-3,7,8,-12,-15,1,-22,-32,-30,-13,sil
21.78418159484864,-5,-7,-5,4,5,16,8,-4,-7,6,-12,-25,-18,-10,sil
21.78418159484864,-16,-9,-7,2,5,21,10,-3,-4,5,-13,-26,-14,-6,sil
21.800281763076782,-29,-15,-14,0,-9,12,8,-5,-3,0,-27,-29,-26,-6,sil
21.800281763076782,-17,-18,-12,-6,-12,0,6,8,1,-4,-28,-22,-28,-1,sil
21.815880060195923,-5,-22,-8,-5,-10,-4,11,11,2,-6,-23,-18,-20,6,sil
21.815880060195923,-5,-23,-8,-1,-18,-4,7,4,0,-5,-25,-14,-12,7,sil
21.83196520805359,-2,-15,-15,-10,-17,-3,0,1,6,4,-16,-7,2,8,sil
21.83196520805359,-1,-11,-26,-24,-1,-4,-3,6,13,8,-3,-5,9,6,sil
21.84729814529419,-10,-16,-25,-25,7,0,0,12,20,3,1,-6,3,-1,sil
21.84729814529419,-6,-11,-16,-11,6,2,-2,15,25,11,6,0,12,0,sil
21.863335371017456,14,3,-2,-8,4,-3,-13,14,18,17,18,22,31,14,sil
21.863335371017456,25,11,10,-10,5,-9,-17,8,15,15,29,35,36,16,sil
21.878015756607056,15,10,12,-2,2,-10,-11,1,12,10,25,22,23,3,sil
21.878015756607056,5,17,8,3,-3,-11,-8,-8,-3,-3,9,11,3,-13,sil
21.89381980895996,6,28,10,8,1,-9,-7,-13,-12,-13,12,15,-1,-15,sil
21.89381980895996,21,27,23,10,13,-5,-1,-2,-4,-5,33,25,15,9,sil
21.90895938873291,33,23,35,14,8,0,4,6,5,3,43,37,34,26,sil
21.90895938873291,22,19,36,18,0,1,6,2,5,-1,38,43,34,22,sil
21.92420554161072,11,18,33,15,-2,3,13,4,2,2,20,33,20,20,sil
21.92420554161072,2,7,20,13,0,9,25,0,-1,15,-6,1,0,6,sil
21.94026803970337,-14,-8,2,10,3,10,10,-19,-26,0,-36,-28,-32,-25,sil
21.94026803970337,-36,-14,-11,7,10,7,-15,-34,-48,-27,-42,-42,-52,-42,sil
21.95590853691101,-50,-15,-24,8,10,13,-5,-23,-25,-18,-32,-43,-42,-32,sil
21.95590853691101,-47,-18,-33,9,3,27,21,4,10,10,-24,-41,-26,-22,sil
21.97099566459656,-31,-19,-37,0,-7,21,24,12,23,16,-17,-36,-18,-12,sil
21.97099566459656,-9,-22,-23,-23,-19,-4,3,4,12,-2,-22,-19,-21,3,sil
21.98688316345215,11,-23,-7,-41,-23,-13,-8,2,0,-16,-29,-5,-20,11,sil
21.98688316345215,21,-22,-7,-40,-19,-14,-17,-1,-7,-15,-22,-3,-8,8,sil
22.002231121063232,20,-14,-1,-26,-5,-20,-24,-4,-15,-16,-7,15,5,10,sil
22.002231121063232,17,4,5,-6,7,-17,-21,-1,-11,-9,11,32,20,10,sil
22.01816463470459,15,14,3,0,7,-15,-23,3,0,0,36,25,28,4,sil
22.01816463470459,7,24,11,20,7,-11,-19,8,4,-1,50,17,23,-3,sil
22.033335208892822,-4,38,22,57,18,13,9,10,9,3,38,8,15,-6,sil
22.033335208892822,-4,29,17,46,16,28,36,17,19,24,16,-4,13,10,sil
22.04905390739441,8,2,3,0,-2,10,21,17,20,34,5,-8,13,25,sil
22.04905390739441,17,-7,-3,-21,-15,-10,-11,-1,1,11,-12,-8,0,11,sil
22.06513714790344,15,-8,-5,-18,-14,-13,-16,-11,-14,-7,-28,-3,-7,-4,sil
22.06513714790344,2,-17,-15,-28,-7,-15,-7,-10,-15,-16,-19,3,-1,-11,sil
22.08124279975891,-14,-19,-20,-36,0,-19,-16,-13,-23,-36,-16,-3,-12,-28,sil
22.08124279975891,-25,-13,-12,-5,2,-6,-5,-17,-26,-35,-17,-17,-29,-35,sil
22.097336053848267,-25,0,0,29,3,16,28,-4,0,0,-6,-15,-20,-8,sil
22.097336053848267,-9,20,10,36,9,27,42,20,41,38,3,-1,4,21,sil
22.118804454803467,17,30,14,29,12,18,27,24,48,50,10,14,26,29,sil
22.118804454803467,33,18,15,14,2,0,-2,3,13,15,19,32,30,21,sil
22.118804454803467,26,7,16,0,-1,-5,-16,-14,-15,-22,25,29,14,3,sil
22.12838888168335,4,0,15,-1,5,5,-4,-9,-24,-12,9,4,-5,-8,sil
22.14442586898804,-19,-15,0,-7,2,18,9,5,-17,6,-22,-21,-27,-11,sil
22.14442586898804,-40,-40,-34,-27,-9,16,13,9,8,4,-38,-38,-38,-19,sil
22.160191297531128,-28,-38,-39,-33,-5,1,9,18,34,8,-13,-16,-9,-4,sil
22.160191297531128,8,-2,-5,-8,3,-1,0,25,40,21,37,29,42,31,sil
22.176260471344,22,9,16,0,-1,-6,-12,13,28,19,56,41,51,35,sil
22.176260471344,14,0,15,-6,-12,-15,-17,-2,5,3,32,25,22,14,sil
22.19189739227295,16,11,12,0,-8,-18,-22,-17,-14,-9,19,9,10,3,sil
22.19189739227295,10,16,12,7,0,-17,-30,-31,-39,-26,0,-12,-5,-10,sil
22.20713233947754,-16,0,5,5,0,-3,-15,-39,-50,-30,-28,-37,-33,-32,sil
22.20713233947754,-29,-7,-3,12,3,18,4,-32,-40,-23,-42,-41,-40,-30,sil
22.222692728042603,-20,-3,-7,15,6,13,1,-14,-32,-28,-49,-38,-43,-21,sil
22.222692728042603,-16,-10,-21,0,-1,-6,-2,-1,-22,-21,-44,-33,-36,-19,sil
22.23825025558472,-8,-3,-17,-7,-5,-11,5,16,12,15,-6,0,0,0,sil
22.23825025558472,14,21,8,3,0,-7,18,41,50,44,33,39,41,28,sil
22.253988027572632,28,18,9,3,0,-9,20,43,49,35,32,43,43,34,sil
22.253988027572632,22,1,-1,-18,-1,-13,1,13,16,8,8,26,15,17,sil
22.269137620925903,15,5,2,-33,-1,-14,-17,-22,-13,-16,-5,5,-7,-7,sil
22.269137620925903,11,13,7,-22,0,-12,-19,-28,-28,-37,-11,-5,-20,-25,sil
22.28493452072144,6,22,11,12,5,1,-2,-10,-24,-35,-4,0,-11,-20,sil
22.28493452072144,-1,22,22,38,11,20,10,0,-9,-14,2,5,-2,-1,sil
22.301043033599854,-6,0,19,27,8,27,9,4,0,3,0,-4,-7,3,sil
22.301043033599854,-6,-7,3,24,7,26,3,6,12,25,6,-8,1,1,sil
22.316165447235107,-12,-6,-4,29,4,30,10,4,22,31,22,0,17,5,sil
22.316165447235107,-18,-18,-13,11,-3,34,28,5,27,25,12,-7,7,6,sil
22.332252979278564,-16,-31,-28,-14,-4,18,27,6,23,23,-12,-20,-5,5,sil
22.332252979278564,-2,-32,-25,-31,-4,-8,1,4,-1,6,-26,-14,-9,8,sil
22.34825849533081,7,-34,-19,-39,-19,-30,-18,0,-21,-19,-19,-6,-8,0,sil
22.34825849533081,4,-25,-17,-36,-23,-40,-24,1,-13,-21,-8,5,1,-6,sil
22.363889455795288,10,4,-1,-11,-1,-22,-19,14,0,-5,10,28,28,10,sil
22.363889455795288,20,22,13,12,14,-2,-13,11,8,9,43,35,43,18,sil
22.37999606132508,13,18,16,15,14,0,-11,-2,14,16,52,26,27,7,sil
22.37999606132508,2,20,12,17,14,0,3,-9,11,15,38,21,14,1,sil
22.395193815231323,-6,20,13,20,4,0,18,-9,-2,5,13,5,3,1,sil
22.395193815231323,-17,4,8,6,-16,-4,14,-13,-22,-10,-16,-21,-24,-9,sil
22.41128754615784,-25,-10,-4,-5,-14,5,12,-21,-32,-27,-43,-47,-53,-31,sil
22.41128754615784,-21,-9,-6,-9,1,17,13,-11,-29,-32,-56,-48,-55,-29,sil
22.426883459091187,-5,-1,-3,-12,0,5,6,1,-6,-12,-45,-26,-28,-3,sil
22.426883459091187,3,0,-9,-9,-7,-14,-11,4,15,4,-22,-9,-4,4,sil
22.441905736923218,1,0,-5,-3,1,-17,-24,11,22,9,-3,-3,3,1,sil
22.441905736923218,2,2,-4,-3,4,-12,-14,20,29,24,14,9,19,13,sil
22.457294464111328,13,6,-8,-7,0,-11,-3,15,18,16,22,28,30,17,sil
22.457294464111328,21,14,1,-3,0,-5,-8,-6,-11,-19,17,22,12,-4,sil
22.47286009788513,10,15,18,5,0,5,-12,-23,-25,-32,13,4,-9,-16,sil
22.47286009788513,0,12,28,19,3,16,0,-11,-14,-12,8,4,-7,-2,sil
22.488431692123413,0,8,18,19,10,24,8,-1,-7,-1,-3,0,-6,-3,sil
22.488431692123413,-9,-4,0,-3,5,25,12,-2,-3,2,-14,-12,-20,-8,sil
22.503658056259155,-9,-21,-4,-5,-2,21,21,3,10,20,-5,-8,-10,10,sil
22.518816232681274,-1,-26,-5,8,-7,3,9,12,18,28,3,2,16,24,sil
22.518816232681274,0,-12,-8,-3,-6,-16,-14,20,15,22,13,17,31,21,sil
22.53398060798645,9,0,-5,-6,0,-13,-1,21,21,26,31,30,43,24,sil
22.53398060798645,23,0,0,3,1,-1,10,8,15,13,22,21,35,18,sil
22.55002236366272,13,5,-4,-6,0,-3,-7,-8,-6,-18,0,3,6,-8,sil
22.55002236366272,0,17,-1,-8,7,-6,-16,-14,-13,-30,1,4,-6,-23,sil
22.56527805328369,1,19,10,11,12,-2,-7,-11,-17,-25,0,0,-13,-22,sil
22.56527805328369,-8,9,6,27,2,1,-4,-18,-27,-18,-18,-22,-22,-26,sil
22.58081030845642,-18,-4,0,20,-1,7,1,-13,-22,-6,-22,-26,-19,-14,sil
22.58081030845642,-17,-9,-6,10,1,14,25,4,0,15,-12,-18,-14,3,sil
22.59590983390808,-23,-16,-20,1,-1,10,35,3,12,30,-11,-24,-17,1,sil
22.59590983390808,-17,-22,-22,-15,-9,0,16,1,11,15,-12,-15,-11,2,sil
22.612027645111084,10,-10,-6,-25,-5,-7,0,13,17,0,4,14,11,22,sil
22.612027645111084,22,0,5,-24,0,-15,-5,16,19,0,10,25,20,24,sil
22.627941608428955,13,0,7,-17,-5,-20,-13,1,7,0,0,11,6,0,sil
22.627941608428955,14,2,2,-17,-7,-16,-21,-8,-4,-11,10,13,4,-11,sil
22.643627882003784,19,10,12,-13,-1,-14,-19,-2,-6,-17,29,28,12,0,sil
22.643627882003784,15,18,25,11,5,-11,-7,-3,-6,-7,26,15,7,3,sil
22.65825700759888,0,15,15,23,7,2,0,-13,-14,-2,7,-15,-11,-6,sil
22.65825700759888,-25,0,-7,5,-2,12,-3,-16,-26,-12,-18,-31,-30,-18,sil
22.673810243606567,-40,-15,-19,-2,-12,12,1,-12,-22,-16,-40,-37,-38,-25,sil
22.673810243606567,-32,-17,-12,0,-4,15,16,6,0,-4,-38,-27,-30,-11,sil
22.68991041183472,-7,-13,-7,-6,1,13,17,21,20,5,-16,-11,-1,8,sil
22.68991041183472,0,-7,-6,-7,-2,-5,-1,14,15,7,-13,-6,13,16,sil
22.70512223243713,-4,0,-7,2,-3,-14,-12,6,13,13,-10,0,17,14,sil
22.70512223243713,5,-2,-16,1,0,-12,-8,5,23,21,12,10,26,8,sil
22.721212148666385,23,0,-2,-8,0,-14,-14,5,2,3,17,18,20,3,sil
22.721212148666385,33,27,32,8,5,-1,-16,0,-15,-11,18,25,11,4,sil
22.73682928085327,32,37,37,35,13,19,-4,-7,-3,-2,37,34,22,5,sil
22.73682928085327,15,17,18,21,11,19,4,-7,-1,5,36,27,15,-1,sil
22.752350330352783,-3,5,5,3,10,10,4,-9,-14,-3,8,0,-12,-14,sil
22.752350330352783,-10,5,3,15,15,14,5,-13,-16,-12,-7,-17,-25,-21,sil
22.76832628250122,-9,0,1,24,15,23,16,-11,-5,1,-5,-8,-13,-9,sil
22.76832628250122,-7,-7,-9,4,5,22,27,0,5,23,-8,-5,-6,10,sil
22.784358978271484,-6,-8,-12,-7,-1,13,27,15,16,27,-11,-3,-2,18,sil
22.784358978271484,0,-9,-5,-1,-3,2,25,23,36,24,1,8,17,21,sil
22.800052404403687,4,-12,-6,-7,-9,-2,18,24,42,23,7,13,26,32,sil
22.800052404403687,-2,-16,-21,-26,-18,-3,6,16,23,11,-9,-3,10,20,sil
22.81525421142578,-13,-25,-30,-39,-18,-15,-11,0,0,-12,-27,-21,-11,-11,hello
22.81525421142578,-12,-20,-20,-45,-14,-26,-35,-14,-15,-37,-26,-13,-21,-26,hello
22.830841302871704,0,-5,-5,-33,-10,-19,-40,-23,-29,-39,-4,0,-11,-22,hello
22.830841302871704,7,0,2,-10,-2,-15,-29,-16,-36,-25,12,7,0,-15,hello
22.84690284729004,2,6,4,-3,0,-22,-21,-5,-27,-18,17,8,1,-13,hello
22.84690284729004,-1,15,7,-6,-6,-21,-21,-12,-18,-26,14,1,-3,-20,hello
22.86195015907288,0,17,16,10,0,-11,-7,-8,-12,-15,9,0,-6,-13,hello
22.86195015907288,2,19,24,43,15,-1,16,2,3,21,13,4,3,7,hello
22.87781453132629,2,15,28,47,11,-1,18,0,6,19,4,0,2,11,hello
22.87781453132629,-4,0,16,31,2,-7,6,-7,0,0,-19,-16,-13,1,hello
22.89321780204773,-7,-16,-3,18,4,-9,12,0,10,11,-24,-22,-16,4,hello
22.89321780204773,-2,-15,-3,2,8,-5,21,9,6,19,-14,-8,-7,11,hello
22.908997535705566,-8,-9,1,0,5,0,13,9,-6,6,-15,-5,-2,4,hello
22.908997535705566,-9,-14,-5,3,0,12,4,15,8,9,-14,-9,3,5,hello
22.92510223388672,9,-6,-9,-2,0,30,9,29,35,19,11,7,25,19,hello
22.92510223388672,24,7,-6,-15,0,30,0,15,23,6,34,26,36,15,hello
22.94017505645752,16,5,0,-25,-8,16,-22,-5,-12,-13,19,28,12,-1,hello
22.94017505645752,9,11,2,-7,-4,17,-16,-10,-17,-11,17,18,5,-6,hello
22.95596671104431,17,31,12,9,8,20,-2,-9,-10,-9,24,13,9,4,hello
22.95596671104431,8,28,23,3,5,12,-4,-9,-14,-16,4,8,-7,4,hello
22.971146821975708,-16,3,2,11,-4,12,6,-17,-4,-1,-15,-11,-18,-11,hello
22.971146821975708,-24,-9,-11,4,-4,10,10,-11,-3,5,-32,-24,-30,-14,hello
22.987189292907715,-19,-10,-11,-23,-6,0,0,2,2,6,-36,-20,-30,-14,hello
22.987189292907715,-12,-16,-37,-16,-9,-12,4,6,33,31,-14,-22,3,-18,hello
23.0029456615448,4,-16,-25,-3,-7,-20,3,19,29,28,4,1,21,9,hello
23.0029456615448,18,0,8,-10,0,-9,0,22,11,-2,22,34,26,27,hello
23.01854634284973,13,1,-16,-6,7,-9,4,-4,13,-7,36,13,33,-7,hello
23.01854634284973,0,-3,-19,0,5,-19,-2,-13,-8,-10,14,-8,0,-20,hello
23.03412628173828,-13,2,18,4,5,-4,3,2,-29,-19,-19,-7,-35,0,hello
23.03412628173828,-23,-4,-1,6,2,4,19,-1,-8,-6,-35,-28,-27,-3,hello
23.049312353134155,-20,-23,-23,-15,-9,-19,0,-4,0,-7,-29,-30,-14,-9,hello
23.049312353134155,3,-10,4,-18,-6,-29,-13,3,-10,-18,4,12,3,6,hello
23.06448650360108,23,15,23,13,8,-9,-12,-5,-13,-7,32,27,21,7,hello
23.06448650360108,11,19,19,21,14,-1,-22,-18,-20,-5,12,4,0,-12,hello
23.08049988746643,-7,8,10,15,11,-3,-20,-21,-27,-13,-11,-14,-24,-18,hello
23.08049988746643,-9,0,9,18,0,5,-5,-14,-17,-1,-13,-11,-18,2,hello
23.09621953964233,-2,-2,11,14,-2,26,4,10,9,18,-4,0,0,18,hello
23.09621953964233,-2,-10,-9,7,1,20,17,25,39,27,3,-2,18,10,hello
23.1113510131836,2,-19,-6,-19,-7,-3,3,19,24,7,-5,4,10,10,hello
23.1113510131836,13,2,25,-23,-10,6,-10,17,5,-1,4,29,10,16,hello
23.12726831436157,17,29,18,16,9,17,7,1,20,14,44,24,34,8,hello
23.12726831436157,18,28,8,24,11,-1,7,-11,3,0,29,10,14,1,hello
23.142332792282104,10,20,11,21,-1,5,4,-12,-19,-15,-4,0,-14,-6,hello
23.142332792282104,-6,-6,-8,18,-4,14,19,-9,-3,4,-5,-15,-10,-2,hello
23.15786004066468,-11,-33,-14,-29,-9,-9,12,10,8,11,-11,-5,-4,13,hello
23.15786004066468,-8,-22,-15,-43,-14,-19,0,15,18,11,-15,5,1,0,hello
23.1729257106781,-1,-7,-18,-6,-10,-20,-12,1,19,7,-5,5,4,-7,hello
23.18896746635437,14,1,5,2,-2,-25,-24,-1,1,-4,10,21,10,12,hello
23.18896746635437,19,13,10,-4,0,-13,-19,-9,-16,-7,24,22,20,2,hello
23.20483708381653,-1,7,-1,-2,-3,5,-3,-17,-32,-18,-2,-8,-6,-20,hello
23.20483708381653,-22,-5,-3,3,-1,20,17,-5,-23,-15,-30,-26,-28,-15,hello
23.20483708381653,-15,-12,-14,-10,0,17,20,3,1,10,-19,-19,-11,-6,hello
23.21995496749878,0,-10,-21,-27,-6,-7,-11,0,-2,2,-1,-8,0,-11,hello
23.23554801940918,0,6,-9,-6,-2,-17,-25,-9,-18,-23,2,-3,0,-14,hello
23.23554801940918,0,22,8,18,15,7,-3,-9,-12,-9,3,-4,1,-5,hello
23.25128102302552,-7,13,11,17,20,26,14,0,-2,15,0,-10,-11,-1,hello
23.25128102302552,-26,-5,-2,8,11,20,15,4,4,10,-7,-20,-23,-6,hello
23.266438007354736,-22,-11,-10,-1,2,12,18,10,17,7,-15,-21,-14,0,hello
23.266438007354736,4,-12,-8,-7,1,5,22,20,31,15,-10,-2,5,15,hello
23.28198194503784,22,-8,-2,-1,3,-12,0,18,22,-3,8,21,14,19,hello
23.28198194503784,14,5,3,3,0,-23,-19,-1,0,-27,20,22,9,4,hello
23.29763984680176,6,14,11,3,-1,-10,-14,-14,-12,-20,9,5,-1,-9,hello
23.29763984680176,7,13,18,12,4,8,0,-11,-11,-7,0,0,-7,-11,hello
23.312971353530884,-3,0,8,22,0,15,3,-10,-7,0,-5,-5,-14,-8,hello
23.312971353530884,-17,-16,-9,3,-9,6,0,-4,0,11,-16,-18,-17,-2,hello
23.328145742416385,-7,-11,-10,-4,-5,0,2,6,17,28,-10,-9,3,11,hello
23.328145742416385,11,-2,0,0,0,-1,5,13,22,29,1,10,25,25,hello
0.3556675910949707,-25,-24,-35,-44,-22,-20,-1,2,-1,1,-1,-19,0,-16,please
0.3556675910949707,-17,-2,-14,11,-7,-9,-1,1,-6,-15,-17,-19,-3,-17,please
0.3707466125488281,5,8,3,27,3,0,0,1,-2,-22,-19,-3,-11,-4,please
0.3707466125488281,20,5,11,10,-4,-1,-9,4,9,-1,9,20,5,12,please
0.3860061168670654,16,15,15,17,0,0,-10,0,10,12,23,25,21,16,please
0.3860061168670654,13,16,3,17,10,2,1,-9,-5,-1,0,3,0,7,please
0.4017267227172851,8,-1,-8,-5,2,2,-1,-12,-16,-23,-16,-12,-25,-3,please
0.4017267227172851,-5,-8,-9,-19,-5,0,-13,0,-11,-21,-11,-8,-13,-6,please
0.4169979095458984,-10,-6,-14,-17,-10,-14,-5,5,-2,-8,-15,-7,-4,-1,please
0.4169979095458984,-1,-4,-14,-14,-12,-16,6,1,4,2,-12,-4,-11,2,please
0.4325790405273437,5,5,-3,-10,-1,-2,5,5,7,9,0,0,-5,0,please
0.4325790405273437,1,12,5,-1,11,3,1,6,0,0,-3,1,-5,-7,please
0.4476847648620605,-2,2,6,2,5,0,1,1,-1,-4,-8,-1,-13,-16,please
0.4476847648620605,1,-5,0,-8,-6,0,4,3,12,5,8,0,0,-8,please
0.4637079238891601,0,-4,-2,-15,-5,2,5,-3,5,12,17,4,16,3,please
0.4637079238891601,-1,-1,-2,-7,-2,0,2,-16,-18,0,-1,-2,3,0,please
0.4796817302703857,1,5,0,0,2,-3,-1,-10,-13,-16,-11,-3,-5,-6,please
0.4796817302703857,7,13,12,5,17,0,-4,0,9,-10,9,6,9,-1,please
0.4948337078094482,13,14,23,12,20,0,-3,2,8,11,23,12,18,0,please
0.4948337078094482,12,16,26,18,16,0,-6,0,-1,6,16,12,8,-2,please
0.5099012851715088,11,19,25,23,12,4,-1,0,2,-7,22,19,11,6,please
0.5099012851715088,7,12,19,21,0,10,10,0,4,13,28,21,21,20,please
0.5262212753295898,-11,-9,-1,2,-10,12,9,-2,-4,26,-1,-3,6,11,please
0.5262212753295898,-25,-20,-15,-13,0,8,0,-12,-10,0,-20,-26,-16,-6,please
0.5421864986419678,-13,0,3,-3,3,0,-5,-9,-24,-24,-3,-12,-22,-12,please
0.5421864986419678,-3,4,11,14,0,0,-7,-3,-36,-29,-1,-1,-19,-11,please
0.5577471256256104,-8,-7,-5,17,-5,-1,-6,-6,-23,-19,-16,-7,-15,-3,please
0.5577471256256104,-8,-7,-3,8,-8,0,7,0,-3,0,-15,-2,-5,8,please
0.5728585720062256,-4,-5,-1,7,-2,8,20,16,7,10,-13,0,7,12,please
0.5728585720062256,-4,-14,-11,6,3,6,13,13,20,11,-7,0,14,15,please
0.5880475044250488,0,-12,-11,4,-6,-2,9,8,34,26,3,0,12,20,please
0.6037266254425049,-4,-9,-17,-7,-17,0,13,12,27,26,-10,-13,-5,6,please
0.6037266254425049,-17,-18,-31,-28,-16,0,0,10,5,0,-36,-27,-27,-11,please
0.6195361614227295,-7,-17,-33,-28,-9,-8,-12,1,4,0,-25,-20,-16,-8,please
0.6195361614227295,13,-4,-12,-18,-2,-2,-14,0,15,4,-2,5,8,4,please
0.6195361614227295,16,0,4,-19,-10,8,-9,4,16,-15,0,19,9,1,please
0.6347677707672119,12,2,-5,-10,-12,-2,-2,0,13,-9,10,7,8,-9,please
0.6347677707672119,14,3,-6,-5,8,-12,-4,-2,0,13,20,6,12,-7,please
0.651364803314209,3,0,1,-18,17,0,-11,0,-13,-6,7,16,0,-7,please
0.651364803314209,-7,3,1,-15,4,-10,-12,-7,-5,-22,6,6,0,-12,please
0.6659538745880127,0,13,8,0,0,-33,-13,-5,5,10,26,-1,14,-8,please
0.6810417175292969,10,16,21,11,11,-16,-4,1,4,23,29,8,10,0,please
0.6810417175292969,12,17,23,16,26,9,10,-7,0,0,13,6,-4,0,please
0.6957087516784668,11,15,17,16,13,6,4,-13,-13,-10,2,-3,-8,-1,please
0.6957087516784668,0,5,8,15,0,0,-15,-6,-26,-9,1,-4,-6,-5,please
0.7109415531158447,-8,1,5,19,3,0,-14,-6,-20,-6,3,-3,-4,-4,please
0.7109415531158447,-5,3,3,8,0,0,0,-6,-12,-4,0,-3,-2,2,please
0.7260904312133789,-7,0,0,-3,-13,2,8,0,-13,-17,-4,-1,0,0,please
0.7260904312133789,-7,-4,-4,1,-10,3,10,0,-14,-21,-9,-5,0,-6,please
0.7416186332702637,-4,0,-8,5,-1,6,10,-1,-8,-3,-17,-8,-7,0,please
0.7416186332702637,-3,7,4,2,1,12,7,3,0,2,-11,1,-5,9,please
0.756749153137207,0,5,13,0,0,4,1,2,8,1,2,6,5,11,please
0.756749153137207,-3,-8,0,-10,-4,1,0,0,6,5,-1,-3,0,4,please
0.7723495960235596,-7,-6,-1,1,4,12,5,4,3,5,-5,-3,-9,4,please
0.7723495960235596,7,7,11,26,4,19,20,5,3,5,2,8,-4,15,please
0.7882630825042725,18,1,6,18,-7,11,23,1,6,10,2,7,0,15,please
0.7882630825042725,16,-4,3,1,2,6,17,13,17,16,0,12,5,13,please
0.8031864166259766,15,1,10,5,16,13,20,24,28,24,10,24,16,17,please
0.8031864166259766,-2,-12,-17,5,5,5,18,9,25,24,7,-2,10,6,please
0.8187999725341797,-19,-16,-26,-1,3,-6,0,0,13,15,-5,-22,2,-8,please
0.8187999725341797,-3,8,2,3,16,0,-12,0,10,11,2,5,18,-4,please
0.8338468074798584,6,10,0,6,6,-2,-13,-3,13,13,10,12,27,5,please
0.8338468074798584,-6,-12,-9,-11,-12,-19,-15,0,10,10,0,-1,11,6,please
0.8490619659423828,-11,-20,-8,-27,-16,-20,-17,0,0,0,-12,-9,-3,-8,sil
0.8490619659423828,-8,-10,-21,-24,-16,-10,-17,-11,-17,-18,-18,-14,-13,-23,sil
0.8645820617675781,-9,-3,-17,-18,-13,-9,-14,-16,-29,-22,-13,-13,-18,-21,sil
0.8645820617675781,-9,-4,-10,-21,-5,-10,-11,-12,-28,-19,-8,-13,-15,-20,sil
0.8806016445159912,-4,1,-8,-22,-1,-11,-11,-10,-28,-37,-14,-10,-15,-17,sil
0.8806016445159912,2,7,2,-9,-7,-13,-10,-2,-17,-41,-10,0,-13,-4,sil
0.8966567516326904,0,-6,-1,-13,-20,-17,-21,0,-10,-27,-6,-5,-20,-11,sil
0.8966567516326904,-14,-19,-10,-35,-24,-19,-34,-6,-27,-31,-21,-17,-39,-31,sil
0.9126830101013184,-15,0,0,-16,-8,-8,-10,-3,-17,-17,-17,-9,-37,-17,sil
0.9126830101013184,-4,19,17,23,9,8,12,6,13,15,8,4,-13,8,sil
0.9287161827087402,5,9,15,26,8,11,0,1,8,17,18,7,4,8,sil
0.9287161827087402,14,2,11,10,0,-2,-12,-5,-2,-1,21,4,17,2,sil
0.94388747215271,17,15,21,8,0,-9,-2,-3,6,-2,33,18,26,9,sil
0.94388747215271,15,22,26,27,11,5,14,-4,5,14,32,25,27,17,sil
0.95971417427063,13,11,18,46,28,31,26,-3,-7,24,22,9,25,21,sil
0.95971417427063,14,6,15,42,32,39,35,7,1,17,21,0,22,26,sil
0.975811004638672,12,6,10,27,18,27,40,15,22,14,13,13,18,27,sil
0.975811004638672,-1,-9,-5,16,5,18,27,14,23,25,-12,12,8,14,sil
0.99143648147583,-16,-29,-33,-2,0,12,12,13,26,35,-30,-16,-3,0,sil
0.99143648147583,-13,-27,-36,-29,-6,-1,7,14,30,20,-31,-28,-8,-3,sil
1.006803035736084,1,-7,-13,-28,-6,-12,5,15,21,0,-14,-2,6,-3,sil
1.006803035736084,12,15,-2,-5,7,-2,4,9,16,5,16,23,29,0,sil
1.0220458507537842,15,26,7,-1,17,1,0,0,11,11,22,26,24,5,sil
1.0220458507537842,16,21,20,-6,4,-11,-15,-4,-3,-6,4,15,3,5,sil
1.037851333618164,9,13,13,5,0,-10,-14,-12,-14,-17,8,5,0,-2,sil
1.037851333618164,0,8,6,12,11,17,6,-12,-15,-1,13,0,-3,0,sil
1.0529868602752686,-8,2,8,1,0,24,15,-1,-3,12,-5,-7,-18,3,sil
1.0529868602752686,-16,-6,7,-5,-11,1,3,-1,1,5,-11,-8,-14,0,sil
1.0682945251464844,-18,-10,0,0,0,-1,0,-10,-9,-6,-6,-10,-11,-5,sil
1.083956956863403,-5,-3,0,12,3,10,6,0,-2,0,-12,-16,-19,0,sil
1.083956956863403,9,-1,0,11,-7,-4,2,12,13,12,-12,-8,-12,11,sil
1.083956956863403,7,-15,-7,-9,-20,-28,-20,3,0,-2,-10,-1,-3,10,sil
1.099611759185791,-9,-25,-20,-28,-21,-26,-33,-9,-19,-25,-9,0,-2,-8,sil
1.1147911548614502,-19,-23,-23,-30,-16,-24,-24,-5,-12,-28,-7,-3,0,-26,sil
1.1147911548614502,-29,-27,-32,-45,-29,-42,-33,-11,-18,-39,-21,-23,-19,-42,sil
1.1308109760284424,-39,-32,-41,-61,-50,-51,-61,-28,-43,-57,-31,-37,-43,-57,sil
1.1308109760284424,-19,-11,-21,-34,-33,-32,-56,-24,-45,-50,-12,-13,-26,-42,sil
1.1466879844665527,9,22,16,4,-5,-6,-18,-10,-35,-35,7,11,7,-10,sil
1.1466879844665527,15,27,25,19,1,4,4,-5,-25,-22,13,4,8,2,sil
1.1466879844665527,14,19,19,26,19,11,7,2,-7,7,17,4,0,5,sil
1.1620333194732666,20,26,27,38,44,28,24,13,16,36,24,21,13,14,sil
1.1620333194732666,18,21,21,36,33,38,48,16,34,40,21,23,28,25,sil
1.1775236129760742,10,2,14,22,12,29,45,17,30,24,11,12,19,31,sil
1.19269061088562,13,1,12,22,21,22,33,15,20,22,10,7,13,26,sil
1.19269061088562,13,11,10,25,34,32,35,13,25,33,12,6,14,23,sil
1.2080068588256836,-1,0,5,7,13,28,29,12,22,30,-1,2,2,19,sil
1.2080068588256836,-8,-14,-12,-5,-11,0,10,1,6,21,-14,-7,-5,5,sil
1.224191427230835,1,-6,-12,4,-5,0,0,-3,8,19,-4,-7,3,6,sil
1.224191427230835,6,5,3,14,3,18,2,4,22,11,2,0,2,17,sil
1.2401635646820068,-8,0,-11,0,-5,10,5,5,22,3,-13,-11,-12,3,sil
1.2401635646820068,-23,-13,-30,-17,-8,-3,0,0,12,4,-29,-26,-19,-13,sil
1.2549338340759275,-16,-16,-18,-9,1,6,0,5,18,16,-19,-19,-6,-7,sil
1.2549338340759275,2,-8,-3,2,6,4,5,5,20,23,1,4,13,6,sil
1.2700848579406738,7,-6,-6,-15,0,-24,-12,-1,1,5,8,15,21,5,sil
1.2700848579406738,-1,-12,-11,-38,-17,-42,-42,-7,-14,-22,8,13,11,-10,sil
1.28523850440979,-3,-9,-4,-31,-20,-38,-45,-14,-23,-39,11,15,0,-26,sil
1.28523850440979,4,1,0,-25,-10,-26,-25,-12,-26,-40,6,15,-4,-20,sil
1.300652027130127,10,7,10,-36,-1,-13,-11,3,-17,-27,10,17,6,-3,sil
1.300652027130127,12,12,26,-19,2,-1,-8,6,-4,-10,28,22,18,3,sil
1.316671371459961,11,20,21,24,1,2,-1,-4,-5,-3,21,10,13,0,sil
1.316671371459961,9,17,14,38,0,3,4,-7,-14,-6,-4,-4,0,0,sil
1.3322699069976809,8,15,17,31,8,5,10,-5,-16,-13,-9,-8,-6,-1,sil
1.3322699069976809,8,20,14,33,12,10,13,-6,-4,-12,8,-10,-7,1,sil
1.3480355739593506,6,14,10,26,4,14,14,-2,7,5,18,-5,-2,17,sil
1.3480355739593506,4,0,11,8,1,11,6,-3,-3,11,2,-7,0,16,sil
1.3638012409210205,-5,-1,3,3,2,5,0,-11,-23,0,-13,-26,-10,-7,sil
1.3638012409210205,-14,-3,-13,4,0,0,1,-9,-20,0,-12,-22,-16,-16,sil
1.3788676261901855,-6,-2,-12,-1,0,0,4,-2,-6,8,-6,12,-16,-2,sil
1.3788676261901855,1,1,1,0,-1,5,7,0,1,5,-11,24,-15,1,sil
1.3940041065216064,-6,-2,-2,9,1,7,12,3,4,4,-18,0,-15,0,sil
1.3940041065216064,-20,-8,-13,7,10,8,11,7,-1,3,-17,-13,-12,-3,sil
1.4093012809753418,-7,-2,-2,3,12,14,12,14,12,9,-6,-8,2,-1,sil
1.4093012809753418,7,-4,4,0,6,11,16,21,35,25,3,4,20,13,sil
1.4250903129577637,-7,-16,-8,-13,2,0,8,15,22,21,0,6,4,14,sil
1.4250903129577637,-24,-19,-24,-15,-1,-4,-2,0,0,0,-11,-12,-17,-11,sil
1.4406709671020508,-17,-15,-17,-11,-6,-4,-9,-3,4,-1,-7,-12,-4,-14,sil
1.4406709671020508,-13,-22,-19,-25,-19,-13,-17,-1,7,7,0,-4,11,5,sil
1.4561402797698977,-19,-35,-33,-51,-37,-20,-24,-4,-5,-2,-11,-16,-2,-5,sil
1.4561402797698977,-15,-31,-24,-44,-31,-15,-21,-3,-2,-17,-20,-18,-8,-21,sil
1.4716763496398926,-9,-15,-15,-20,-23,-14,-23,0,2,-22,-11,-7,-1,-15,sil
1.4716763496398926,-21,-20,-29,-39,-42,-28,-47,-11,-22,-42,-24,-21,-21,-26,sil
1.4871587753295898,-18,-20,-24,-44,-37,-26,-41,-21,-33,-43,-34,-26,-28,-32,sil
1.4871587753295898,23,22,15,19,14,7,12,3,5,0,4,11,18,11,sil
1.5031280517578125,57,56,46,59,50,31,45,29,33,29,47,45,57,47,sil
1.5031280517578125,50,47,47,49,36,18,35,15,20,30,53,42,48,36,sil
1.5192291736602783,39,42,42,45,19,9,22,0,9,26,44,32,36,23,sil
1.5192291736602783,36,38,28,29,24,8,12,3,8,2,26,23,25,21,sil
1.535128116607666,21,24,15,13,31,6,3,0,3,-13,13,12,7,7,sil
1.535128116607666,9,19,21,35,27,8,8,-7,5,8,18,18,3,-1,sil
1.5506396293640137,9,12,22,37,11,4,7,-4,0,17,10,17,-2,5,sil
1.5506396293640137,0,-6,9,-2,-3,-3,0,-2,-16,-3,0,3,-14,5,sil
1.5658893585205078,-11,-12,0,-17,-6,-6,-4,-8,-22,-4,15,4,-10,-4,sil
1.5658893585205078,-8,-6,1,0,-5,-6,-9,-7,-14,5,8,7,-11,-2,sil
1.581315517425537,-6,-7,5,0,-5,-5,-11,-8,-5,0,-13,-9,-23,-3,sil
1.581315517425537,-10,-8,-7,-14,-2,3,-1,-11,0,-1,-18,-26,-23,-17,sil
1.5970535278320312,-19,-3,-16,-19,-3,11,2,-7,-6,-4,-18,-22,-19,-18,sil
1.5970535278320312,-21,-3,-5,-8,-5,7,0,-2,-10,-7,-17,-19,-22,-5,sil
1.6129522323608398,-11,-2,-7,1,1,5,0,-1,-3,0,-7,-24,-14,-5,sil
1.6129522323608398,-17,-4,-15,0,4,8,0,1,-10,0,-14,-23,-8,-14,sil
1.6284971237182615,-29,-15,-15,0,-4,6,-3,0,-19,-8,-28,-18,-11,-15,sil
1.6284971237182615,-21,-19,-16,-1,-7,-2,-3,-7,-4,-13,-17,-9,-4,-4,sil
1.6441326141357422,-10,-14,-15,-12,-5,-10,0,2,6,-5,-4,-5,6,0,sil
1.6441326141357422,-9,-17,-16,-14,-14,-3,8,20,7,10,-17,-9,8,0,sil
1.6592533588409424,-5,-14,-15,-6,-10,4,23,24,16,18,-22,-4,8,6,sil
1.6748197078704834,0,-1,-13,-6,1,-2,26,18,29,12,-6,3,11,12,sil
1.6748197078704834,7,-1,-13,-13,-4,-7,13,13,24,7,2,4,11,4,sil
1.6748197078704834,12,-11,-12,-11,-14,0,4,9,14,9,3,11,18,6,sil
1.6905324459075928,14,-13,-6,-9,-7,1,0,6,16,9,8,19,24,18,sil
1.706150770187378,15,-6,-4,-17,-3,-10,-12,-1,11,-2,8,15,12,10,sil
1.706150770187378,12,0,-6,-17,-10,-22,-25,-10,-2,-14,0,4,-2,-4,sil
1.721679449081421,5,10,3,-3,-12,-21,-27,-10,-9,-14,1,6,-1,-6,sil
1.721679449081421,8,15,15,5,0,-12,-25,-9,-15,-16,12,14,-5,-1,sil
1.7368896007537842,13,17,15,13,12,-3,-18,-7,-17,-20,10,7,-14,0,sil
1.7368896007537842,6,17,21,21,8,0,-12,-4,-9,-10,12,2,-6,-4,sil
1.7526161670684814,7,16,27,20,3,4,-3,-2,0,5,30,11,6,-11,sil
1.7526161670684814,14,22,25,18,14,7,9,-4,-1,7,35,15,6,-3,sil
1.7686893939971924,4,16,25,22,18,12,9,-5,-7,2,13,7,0,5,sil
1.7686893939971924,-1,0,14,18,3,15,3,-8,-9,3,-6,0,-3,0,sil
1.7840576171875,-3,0,4,8,2,7,4,-9,-9,0,-5,-6,-5,-6,sil
1.7840576171875,-7,7,6,8,15,0,4,-2,-3,0,1,-7,0,-5,sil
1.7993154525756836,-2,9,9,11,13,5,4,5,5,8,9,-3,7,3,sil
1.7993154525756836,5,1,7,4,0,10,10,7,5,11,8,0,6,11,sil
1.8151535987854004,-5,-12,-7,-12,-13,-1,6,0,-10,-1,-12,-6,-3,1,sil
1.8151535987854004,-20,-17,-22,-20,-9,-4,0,-7,-13,-6,-25,-12,-9,-8,sil
1.830033779144287,-7,-7,-13,-2,7,6,8,-3,5,1,-13,-10,-5,0,sil
1.830033779144287,2,-3,-3,2,8,9,15,3,8,0,-12,-12,-3,5,sil
1.8456993103027344,-9,-12,-12,-16,0,5,5,7,0,0,-19,-13,-2,1,sil
1.8456993103027344,-7,-10,-15,-9,-1,7,-2,9,10,6,-12,-9,-2,0,sil
1.8613543510437007,0,4,-4,10,0,9,-1,4,11,4,-6,-1,-11,-1,sil
1.8613543510437007,0,7,-4,0,-3,0,3,0,-4,0,-7,0,-8,-1,sil
1.8773863315582275,-3,0,-13,-11,-4,-9,1,4,0,7,-4,-1,4,5,sil
1.8773863315582275,-6,-11,-12,-12,-13,-13,-11,0,4,2,-5,-2,0,4,sil
1.8931257724761963,-12,-12,-18,-21,-22,-11,-12,-5,-4,-6,-9,-3,-7,-4,sil
1.8931257724761963,-1,-1,-10,-16,-5,-2,4,4,0,-2,3,5,4,1,sil
1.9087681770324707,12,8,13,5,11,0,9,8,13,-4,19,16,15,13,sil
1.9087681770324707,7,2,7,10,0,-7,1,2,8,-5,6,11,11,7,sil
1.9268970489501955,-6,-13,-12,-5,-13,-9,3,4,3,4,-9,2,4,1,sil
1.9268970489501955,-9,-16,-8,-14,-7,-2,3,6,4,5,-7,-3,2,0,sil
1.9407267570495603,-1,-5,1,-12,-4,-3,-11,0,0,-5,13,0,6,-11,sil
1.9407267570495603,12,1,13,0,-1,-9,-16,0,0,-2,27,11,13,-11,sil
1.9566051959991453,19,9,20,12,3,-8,-7,-5,4,6,14,13,9,0,sil
1.9566051959991453,9,14,15,6,5,0,-10,-14,-8,0,3,0,-2,-2,sil
1.971949815750122,5,9,6,6,8,0,-11,-12,-18,-11,9,-1,-8,-11,sil
1.971949815750122,7,9,5,13,13,0,-3,0,-6,-2,5,0,-3,-5,sil
1.9872310161590576,0,11,2,4,5,2,-9,0,0,9,-2,-1,-2,3,sil
1.9872310161590576,2,3,1,0,4,1,-8,-1,-6,5,7,2,-4,3,sil
2.0092666149139404,10,10,11,16,17,-1,10,0,-5,-7,16,11,0,0,sil
2.0092666149139404,7,21,15,26,16,7,21,2,3,-3,1,10,0,0,sil
2.0092666149139404,2,8,11,15,2,23,18,4,13,15,-7,1,-7,6,sil
2.0198068618774414,-2,-3,8,6,0,24,14,1,5,8,-9,-6,-9,2,sil
2.0350453853607178,-17,-4,-6,0,-3,10,6,-7,-9,-14,-17,-16,-11,-5,sil
2.0350453853607178,-27,-9,-14,-7,-11,4,4,-9,-8,-12,-18,-18,-10,-7,sil
2.05066180229187,-16,-9,-4,4,-4,12,11,2,0,0,-11,-14,-4,0,sil
2.05066180229187,0,-4,2,20,1,16,10,3,2,-3,-11,-9,-3,7,sil
2.065997838973999,4,-14,-4,1,-7,0,4,1,12,4,-4,0,1,11,sil
2.065997838973999,2,-16,-15,-16,-18,-11,6,9,24,21,10,8,20,13,sil
2.0810935497283936,5,-6,-15,-11,-12,-4,1,9,16,7,12,11,21,11,sil
2.0810935497283936,12,-11,-9,-14,-3,-10,-14,1,-2,-20,1,7,3,4,sil
2.0966901779174805,12,-6,-6,-18,-4,-32,-23,1,-15,-20,1,6,0,1,sil
2.0966901779174805,8,14,1,-4,-1,-31,-22,-1,-18,-3,11,6,2,-4,sil
2.111896753311157,-5,12,0,-3,7,-11,-24,-15,-20,-2,0,-8,-14,-21,sil
2.111896753311157,-25,-8,-6,-13,11,0,-18,-18,-26,-10,-20,-25,-23,-25,sil
2.126621961593628,-23,-9,-6,-5,3,8,2,-5,-11,5,-13,-20,-8,-4,sil
2.126621961593628,-4,-9,-11,-7,-6,5,7,7,19,25,-4,-3,5,10,sil
2.142158031463623,3,-17,-17,-36,-12,-13,-8,12,22,12,-5,13,16,6,sil
2.142158031463623,8,0,-6,-36,-8,-18,-9,9,11,-1,5,23,28,3,sil
2.1576499938964844,12,22,10,-4,2,-1,0,0,5,1,21,19,15,2,sil
2.1576499938964844,0,14,13,6,11,4,4,-2,-3,6,14,2,-12,-4,sil
2.1736841201782227,-10,15,9,11,12,4,7,0,-13,6,4,-5,-13,-8,please
2.1736841201782227,1,31,24,32,11,11,7,1,-4,0,14,5,6,0,please
2.189617156982422,14,20,27,35,7,16,2,-1,7,-8,12,1,8,5,please
2.189617156982422,0,0,6,15,-2,10,3,-12,0,-11,-13,-21,-15,-5,please
2.20481014251709,-9,2,0,15,-2,4,7,-13,-15,-13,-26,-21,-27,-14,please
2.20481014251709,6,9,11,28,9,10,16,1,-3,-2,-2,-1,-8,3,please
2.2202136516571045,9,4,17,26,14,20,26,11,12,13,9,4,8,17,please
2.2202136516571045,-3,-10,-1,14,3,15,21,2,8,11,-12,-6,-1,2,please
2.235792875289917,-6,-27,-22,0,-5,8,6,0,4,3,-26,-14,-13,-7,please
2.235792875289917,-2,-25,-18,-15,-8,8,11,10,18,14,-8,-5,0,4,please
2.251366376876831,-2,-20,-13,-21,-9,5,20,11,35,15,3,5,19,18,please
2.251366376876831,-1,-33,-21,-27,-12,-5,0,6,22,-2,1,6,16,10,please
2.2667150497436523,6,-27,-20,-23,-12,-20,-30,4,-12,-15,3,11,9,-2,please
2.2667150497436523,17,6,2,-6,-8,-25,-30,-2,-22,-18,13,28,14,1,please
2.281854152679444,17,21,20,1,1,-16,-15,-3,-5,-21,22,35,14,10,please
2.2969954013824463,6,14,9,5,9,-3,-7,7,4,-10,19,23,5,5,please
2.2969954013824463,-2,15,0,0,3,1,0,7,3,3,14,7,-2,-6,please
2.312155246734619,-9,8,-1,-12,-3,-2,2,-8,-3,-5,7,-11,-12,-17,please
2.312155246734619,-16,2,-3,-6,5,-9,-7,-21,-17,-10,-2,-20,-13,-20,please
2.3288848400115967,-14,12,2,13,2,-12,-21,-21,-22,8,-5,-12,-7,-16,please
2.3288848400115967,-1,10,7,16,-17,-14,-19,-9,-11,19,-7,-9,-9,-5,please
2.3288848400115967,8,-2,10,7,-8,-8,-10,8,2,12,-7,-7,-7,9,please
2.3449649810791016,6,0,6,5,12,3,-1,8,8,12,0,-4,-1,10,please
2.3449649810791016,-3,0,-4,-2,1,9,5,-6,0,15,5,-4,0,-3,please
2.3596293926239014,-8,-8,-4,-10,-4,8,7,-6,-11,6,0,-1,-1,-1,please
2.375699043273926,0,-3,4,0,2,0,6,0,-11,-12,-13,-4,-6,9,please
2.375699043273926,12,10,13,13,1,-2,6,-6,-5,-16,-8,1,2,14,please
2.392087459564209,16,9,9,7,0,7,8,-5,0,5,12,17,18,13,please
2.392087459564209,-2,-1,-5,1,7,12,3,2,-5,2,6,4,1,0,please
2.392087459564209,-16,-1,-4,11,17,8,3,5,-3,-20,-18,-12,-23,-14,please
2.4066953659057617,-3,4,0,10,11,15,14,10,15,0,-12,-7,-10,-3,please
2.422074556350708,-4,-5,-13,-15,-4,13,15,8,12,13,-1,-11,5,0,please
2.422074556350708,-17,-14,-23,-29,-7,-5,6,0,-10,-14,-15,-23,-5,-19,please
2.437257766723633,-10,-6,-19,-15,-2,-11,0,0,-6,-17,-26,-16,-17,-17,please
2.437257766723633,-2,-8,-12,-17,-8,-5,3,1,10,-2,-21,-11,-7,0,please
2.4529261589050293,1,-11,-6,-20,-7,2,13,1,14,-5,-8,-5,11,7,please
2.4529261589050293,11,2,6,0,4,16,8,5,10,0,9,10,20,7,please
2.468149185180664,13,7,6,9,6,10,-9,9,12,20,11,7,15,9,please
2.468149185180664,3,0,0,5,-2,-10,-10,8,15,24,6,5,15,12,please
2.483689308166504,0,-3,5,4,-7,-12,-5,1,7,1,16,24,14,6,please
2.483689308166504,-1,-15,-1,-10,-8,-10,-12,-6,-6,-11,17,12,4,-8,please
2.4992787837982178,-4,-21,-15,-26,-11,-18,-15,-7,-10,-8,-1,-10,-5,-19,please
2.4992787837982178,-2,-1,-2,-1,-2,-13,-11,-3,-3,-7,-2,0,-7,-17,please
2.514923095703125,7,26,23,32,17,0,-3,0,8,0,26,27,4,-2,please
2.514923095703125,19,34,39,35,23,4,2,2,9,15,44,37,20,18,please
2.5301742553710938,16,21,30,23,9,6,0,-2,-6,2,19,18,11,22,please
2.5301742553710938,3,12,13,17,3,6,-3,-13,-15,-13,-1,-6,-10,4,please
2.5457518100738525,-1,14,16,20,5,-1,-1,-9,-6,5,14,-3,-14,-3,please
2.5457518100738525,-1,10,17,23,0,7,4,1,0,24,14,5,-10,8,please
2.561541557312012,-6,-7,-6,3,-4,32,19,9,8,27,-15,-2,-8,14,please
2.561541557312012,-5,-19,-32,-13,-9,27,28,15,21,29,-29,-16,-8,10,please
2.577655553817749,-7,-16,-24,-8,-23,0,18,10,11,15,-26,-19,-17,7,please
2.577655553817749,-12,-22,-9,-8,-22,-11,11,3,-1,0,-21,-12,-14,3,please
2.592806100845337,0,-23,-16,-22,1,-6,4,4,2,-2,-6,-4,11,0,please
2.592806100845337,9,-10,-20,-21,9,-8,-15,0,0,-14,-4,-1,19,-2,please
2.607977867126465,2,-7,-19,-19,-13,-17,-18,-5,-7,-31,-19,0,9,-6,please
2.607977867126465,1,-5,-19,-24,-14,-22,-7,-5,-6,-35,-16,1,7,-13,please
2.6237049102783203,3,13,-1,-8,9,-10,-9,-9,-15,-31,3,1,0,-18,please
2.6237049102783203,3,24,15,5,13,3,-4,-11,-18,-11,18,2,-1,-11,please
2.63866925239563,3,12,10,-2,9,-2,-2,-8,-11,-1,21,5,2,-10,please
2.63866925239563,0,2,1,-1,16,-14,-22,-14,-21,-19,7,-6,-11,-23,please
2.6538233757019043,-6,8,6,7,15,-4,-27,-17,-31,-20,-5,-17,-20,-17,sil
2.6538233757019043,-1,13,13,8,3,3,-10,-3,-13,0,4,-3,0,0,sil
2.669029474258423,-3,0,0,5,-9,-6,-14,0,-2,-3,6,0,1,0,sil
2.669029474258423,-21,-18,-10,-7,-13,-10,-24,-6,-8,-13,-13,-15,-16,-9,sil
2.684637546539306,-18,-17,-1,-13,-6,1,-3,3,5,9,-20,-18,-11,-7,sil
2.68501353263855,-1,0,5,8,-4,15,20,17,22,30,-6,-6,2,0,sil
2.699739933013916,-4,4,6,19,-9,19,25,11,5,20,0,-7,0,3,sil
2.699739933013916,-2,-2,5,2,0,15,28,3,-3,12,-1,-6,-1,9,sil
2.7156147956848145,6,0,8,0,8,7,27,12,17,21,0,9,2,19,sil
2.7156147956848145,5,3,9,11,1,-2,13,12,28,21,1,16,0,26,sil
2.73069715499878,0,-2,4,9,0,0,1,2,17,7,1,8,-3,16,sil
2.73069715499878,0,-7,0,-6,4,12,8,0,4,0,3,6,1,0,sil
2.747070074081421,-1,-5,-8,-9,0,13,11,-1,4,0,5,4,8,4,sil
2.7616374492645264,5,0,-2,8,4,6,2,-4,15,0,6,12,7,15,sil
2.7616374492645264,16,0,8,19,13,7,0,4,17,1,5,23,7,8,sil
2.778170347213745,12,-5,0,0,-3,2,0,13,6,2,1,9,12,0,sil
2.778170347213745,5,-4,-4,-10,-17,-9,-6,7,9,4,4,0,15,6,sil
2.778170347213745,8,10,4,8,1,-1,0,7,20,14,10,13,17,11,sil
2.7939207553863525,10,20,6,14,17,12,14,12,17,13,11,14,13,9,sil
2.794956922531128,4,5,-4,-6,8,0,11,5,10,2,10,4,14,5,sil
2.808974504470825,2,-5,-12,-15,4,-10,2,-5,9,5,14,6,25,3,sil
2.824131965637207,9,4,-1,1,10,-3,0,-4,0,6,21,14,24,4,sil
2.824131965637207,22,20,10,16,7,-1,1,1,-2,-4,19,15,14,6,sil
2.84008264541626,25,19,9,14,4,0,1,-2,-8,-10,5,11,6,0,sil
2.84008264541626,7,7,1,6,0,1,-9,-13,-25,-11,0,0,-8,-12,sil
2.855762004852295,-6,1,-1,0,-7,-9,-15,-15,-29,-18,-2,-10,-18,-13,sil
2.855762004852295,-5,2,0,-1,0,-18,-13,-12,-20,-18,-8,-15,-16,-8,sil
2.8708250522613525,-6,0,0,0,6,-17,-18,-14,-18,-7,-13,-21,-21,-13,sil
2.8708250522613525,-20,-6,-6,-5,-6,-17,-21,-14,-26,-5,-21,-26,-31,-24,sil
2.886525154113769,-39,-24,-15,-26,-22,-19,-23,-13,-41,-23,-37,-39,-44,-38,sil
2.886525154113769,-48,-37,-28,-39,-30,-19,-35,-21,-50,-39,-48,-56,-58,-45,sil
2.901675224304199,-45,-35,-26,-37,-40,-20,-38,-27,-46,-44,-47,-50,-56,-41,sil
2.901675224304199,-61,-51,-36,-54,-57,-35,-46,-31,-59,-61,-62,-55,-72,-56,sil
2.91667914390564,-79,-65,-55,-63,-62,-39,-62,-34,-72,-73,-81,-72,-95,-75,sil
2.91667914390564,-26,-16,-12,-14,-21,6,-18,0,-13,-17,-32,-20,-31,-16,sil
2.9321773052215576,59,43,51,40,35,58,65,57,83,68,53,65,73,72,sil
2.9321773052215576,69,44,47,41,47,54,82,67,104,88,75,79,95,87,sil
2.947339057922364,39,24,16,30,35,31,49,34,69,60,49,48,71,63,sil
2.947339057922364,48,24,25,31,36,29,41,27,56,51,53,49,81,59,sil
2.9626288414001465,55,21,29,21,31,24,39,34,53,49,69,60,81,43,sil
2.9626288414001465,29,20,8,15,27,12,24,18,38,36,54,42,43,20,sil
2.977801561355591,6,27,11,24,30,8,12,-1,14,9,25,19,12,10,sil
2.977801561355591,3,22,22,26,18,7,5,-8,-3,-11,6,9,-1,-3,sil
2.9939892292022705,0,11,11,18,5,6,0,-8,-10,-11,0,0,-17,-16,sil
2.9939892292022705,-15,4,2,12,4,1,-1,-12,-22,-14,-10,-17,-29,-13,sil
3.0092451572418213,-17,-4,1,12,-4,-2,0,-20,-39,-25,-29,-28,-30,-8,sil
3.0092451572418213,-6,-13,0,11,-10,0,1,-18,-30,-12,-34,-24,-18,-2,sil
3.025017261505127,-4,-14,-3,4,-2,-2,1,-2,2,13,-23,-17,-4,7,sil
3.025017261505127,-4,-8,-9,-1,0,-2,1,9,21,15,-21,-12,-6,5,sil
3.040289640426636,0,-9,-12,-12,-4,0,2,8,19,9,-18,-5,-4,0,sil
3.040289640426636,-2,-15,-17,-25,-8,-9,0,7,21,18,-7,-1,13,5,sil
3.055663108825684,1,-11,-12,-21,-9,-24,-13,7,21,11,0,7,18,12,sil
3.055663108825684,17,-4,-6,-14,-10,-30,-27,0,0,-19,6,15,2,0,sil
3.070990562438965,13,0,-10,-19,-16,-27,-33,-14,-25,-38,12,11,-8,-17,sil
3.070990562438965,0,1,-9,-23,-19,-21,-30,-18,-30,-31,11,7,-7,-23,sil
3.0869500637054443,0,3,-7,-16,-8,-19,-24,-12,-22,-20,7,4,-3,-22,sil
3.0869500637054443,-7,7,-5,-7,0,-15,-22,-11,-19,-22,10,4,-6,-23,sil
3.102537155151367,-22,11,0,-8,-2,0,-16,-12,-22,-25,7,0,-17,-22,sil
3.102537155151367,-17,3,1,-12,-7,10,-4,-9,-21,-15,-6,-16,-20,-17,sil
3.118450880050659,-7,-3,3,-5,-2,11,2,-7,-16,-1,-7,-25,-10,-12,sil
3.118450880050659,-8,-1,3,6,-3,15,8,-4,-7,5,-1,-21,-7,-7,sil
3.134023904800415,-17,0,1,7,-1,16,12,0,-3,7,-11,-19,-11,0,sil
3.134023904800415,-16,-3,-2,8,5,11,12,0,-6,6,-23,-23,-16,1,sil
3.1496760845184326,-8,-9,-9,14,-3,15,14,-2,-8,4,-25,-22,-19,1,sil
3.1496760845184326,-6,-14,-10,9,-12,15,17,4,0,5,-18,-14,-11,3,sil
3.165655374526977,-3,-12,-5,0,-1,1,14,18,16,13,-4,-2,4,9,sil
3.165655374526977,0,-10,-5,-7,-5,-14,-4,18,19,10,0,10,10,13,sil
3.181217670440674,4,-12,-3,-11,-15,-26,-28,3,0,-14,-1,19,10,3,sil
3.181217670440674,9,-2,2,-3,4,-21,-26,-7,-16,-27,7,17,14,-4,sil
3.196930408477783,6,8,13,9,24,-1,-8,-6,-13,-8,18,11,9,0,sil
3.196930408477783,4,9,18,16,11,5,-1,2,-2,8,7,2,0,5,sil
3.211958646774292,0,0,6,7,0,13,7,7,4,11,-12,-9,-10,4,sil
3.2280495166778564,-20,-22,-12,-14,0,24,22,3,13,16,-30,-26,-18,-2,sil
3.2280495166778564,-29,-31,-27,-24,-7,10,18,6,26,16,-28,-26,-9,0,sil
3.2280495166778564,0,-10,-17,-19,-9,-11,6,13,28,8,1,5,20,8,sil
3.2442986965179443,29,12,6,-9,2,-3,12,11,24,12,35,36,39,11,sil
3.2442986965179443,34,36,31,15,18,14,21,7,28,20,44,42,36,14,sil
3.2600350379943848,32,53,42,42,25,15,13,7,22,13,40,36,27,18,sil
3.2600350379943848,24,40,30,40,22,8,9,-2,1,3,20,18,9,8,sil
3.275674104690552,14,19,21,30,20,19,22,-4,3,15,3,10,0,9,sil
3.275674104690552,17,14,12,27,23,30,32,13,29,35,16,25,20,34,sil
3.2911746501922607,18,0,-1,9,16,11,22,17,34,33,26,29,39,41,sil
3.2911746501922607,21,-6,3,-4,8,-10,7,5,18,14,16,21,31,21,sil
3.3070759773254395,35,18,18,12,10,-8,2,2,7,2,23,22,24,12,sil
3.3070759773254395,35,31,18,21,12,0,1,-2,-3,-8,35,19,21,6,sil
3.322700500488281,18,14,13,8,14,-2,0,-13,-9,-14,21,6,7,-4,sil
3.322700500488281,3,12,8,12,15,-6,-12,-14,-12,-9,2,-4,-8,-10,sil
3.337984800338745,-14,8,-4,8,-2,-12,-24,-14,-24,-18,-11,-18,-25,-19,sil
3.353745937347412,-34,-15,-26,-26,-23,-12,-18,-12,-23,-29,-26,-32,-35,-28,sil
3.353745937347412,-36,-23,-31,-39,-22,-4,-11,-4,-11,-20,-28,-32,-31,-24,sil
3.3686740398406982,-28,-12,-21,-11,-23,-11,-20,-8,-21,-15,-33,-32,-40,-26,sil
3.3686740398406982,-45,-32,-34,-16,-50,-36,-47,-37,-58,-43,-62,-52,-72,-52,sil
3.3847899436950684,-82,-71,-64,-67,-73,-54,-78,-52,-87,-72,-84,-77,-92,-75,sil
3.3847899436950684,-103,-91,-81,-93,-76,-57,-88,-40,-85,-73,-89,-88,-89,-77,sil
3.3847899436950684,-129,-121,-102,-122,-102,-82,-109,-52,-107,-99,-126,-110,-114,-102,sil
3.4004225730896,-151,-146,-122,-160,-142,-99,-139,-69,-142,-138,-151,-133,-143,-130,sil
3.417165756225586,-66,-58,-47,-71,-66,-18,-59,-4,-59,-54,-57,-56,-56,-47,sil
3.417165756225586,90,90,95,102,94,103,106,95,104,110,95,91,104,99,sil
3.417165756225586,148,134,136,155,141,126,164,114,165,164,150,135,160,147,sil
3.430929660797119,110,90,88,99,83,76,108,70,119,111,115,98,117,106,sil
3.446916580200196,93,69,74,78,68,49,79,44,89,80,95,97,98,90,sil
3.446916580200196,88,63,67,86,77,39,81,36,78,73,88,96,93,84,sil
3.462958812713623,65,47,46,66,59,30,66,22,57,54,70,64,70,56,sil
3.462958812713623,49,36,28,36,42,28,48,4,42,35,43,41,48,30,sil
3.478517532348633,31,19,8,8,28,20,36,-6,21,15,11,24,23,20,sil
3.478517532348633,9,3,0,-7,7,5,19,-8,-5,0,0,4,6,10,sil
3.4940786361694336,-1,0,-2,-10,-6,-6,-1,-10,-11,-10,-4,-8,2,-1,sil
3.4940786361694336,-14,-10,-13,-20,-17,-18,-24,-21,-11,-23,-24,-18,-14,-21,sil
3.5099217891693115,-28,-21,-19,-31,-19,-20,-34,-23,-17,-29,-34,-26,-33,-32,sil
3.5099217891693115,-36,-19,-20,-24,-17,-11,-34,-18,-17,-25,-26,-30,-33,-26,sil
3.526009559631348,-39,-26,-33,-24,-27,-17,-41,-23,-25,-28,-35,-38,-40,-28,sil
3.526009559631348,-36,-32,-39,-34,-34,-33,-49,-29,-40,-37,-47,-44,-52,-40,sil
3.541649341583252,-24,-20,-14,-20,-20,-27,-41,-18,-32,-27,-27,-27,-35,-38,sil
3.541649341583252,-9,-10,-2,-4,-13,-14,-25,-1,-8,0,1,-6,-4,-20,sil
3.556807518005371,-5,-13,-17,-16,-16,-20,-24,0,-5,2,0,-9,-4,-12,sil
3.556807518005371,-9,-6,-15,-19,-12,-23,-26,0,-17,-13,-7,-14,-17,-12,sil
3.5728983879089355,-4,8,-4,-4,-6,-9,-12,1,-12,-14,-3,-4,-16,-5,sil
3.5728983879089355,-6,4,-6,-6,0,0,0,5,-7,-10,-2,0,-13,-3,sil
3.588083505630493,-18,-14,-18,-15,1,-7,0,5,-13,-14,-14,-13,-19,-13,sil
3.588083505630493,-19,-22,-12,-9,-7,-11,0,1,-12,-12,-21,-17,-17,-14,sil
3.604225873947144,-9,-12,3,-1,-11,-1,0,-1,-5,-9,-13,-11,-3,-7,sil
3.604225873947144,-5,0,2,0,-4,8,3,0,-5,-6,-3,-8,4,-2,sil
3.61980938911438,-10,0,0,-2,-5,1,7,0,-4,0,0,-1,2,2,sil
3.61980938911438,-8,-9,6,0,-15,-7,1,0,-1,6,-3,6,-3,0,sil
3.6348860263824463,4,0,12,9,-6,0,0,-3,-4,2,7,11,2,0,sil
3.6348860263824463,20,19,21,21,14,19,8,-1,0,-6,25,18,19,13,sil
3.6502585411071777,25,17,21,32,17,24,17,3,10,0,12,14,17,23,sil
3.6502585411071777,25,13,20,32,16,18,20,6,13,19,6,19,12,23,sil
3.6654348373413086,34,22,28,30,27,19,32,13,27,32,39,45,34,37,sil
3.6654348373413086,38,23,23,24,22,21,38,19,40,29,53,47,46,47,sil
3.681105613708496,27,15,14,11,7,8,19,8,20,13,27,23,22,24,sil
3.681105613708496,17,17,14,16,4,-2,3,0,0,1,14,12,6,3,sil
3.69618558883667,14,22,14,29,7,3,5,6,9,14,24,16,13,6,sil
3.69618558883667,9,11,6,12,5,6,0,5,17,23,19,10,14,7,sil
3.711773157119751,-8,-8,-11,-19,-3,-8,-20,-10,-4,0,-9,-8,-5,-12,sil
3.711773157119751,-31,-17,-28,-28,-15,-22,-30,-21,-29,-32,-37,-28,-30,-34,sil
3.7269890308380127,-33,-4,-28,-11,-7,-13,-22,-15,-28,-26,-39,-31,-31,-31,sil
3.7269890308380127,-18,-4,-19,-13,0,4,-14,-4,-19,-7,-30,-27,-14,-15,sil
3.7430765628814697,-20,-26,-24,-33,-7,5,-15,-4,-17,-7,-33,-35,-16,-14,sil
3.7430765628814697,-33,-28,-34,-35,-5,0,-11,-8,-10,-8,-40,-45,-35,-23,sil
3.7591183185577393,-34,-21,-28,-28,0,1,1,0,-1,-11,-41,-41,-34,-26,sil
3.7591183185577393,-21,-22,-22,-24,-7,2,8,10,3,-9,-30,-32,-15,-10,sil
3.7747488021850586,-5,-14,-11,-16,-4,7,4,11,9,15,-8,-19,-1,5,sil
3.7747488021850586,0,-12,-7,-20,3,9,8,12,14,33,1,-12,0,2,sil
3.79067063331604,-5,-21,-16,-21,-3,0,14,8,16,20,0,-12,1,0,sil
3.79067063331604,-5,-11,0,-1,0,-8,10,0,17,13,4,0,3,4,sil
3.806686162948608,11,7,20,8,8,-9,6,2,17,15,13,17,6,6,sil
3.806686162948608,22,13,16,1,-1,-12,8,9,18,4,20,32,15,10,sil
3.8222479820251465,16,11,13,10,-9,-16,7,3,12,-4,26,39,25,17,sil
3.8222479820251465,14,7,18,17,-5,-18,-1,-2,0,-8,24,37,22,15,sil
3.83803129196167,17,5,24,3,-6,-13,-9,-3,-3,-14,27,38,18,14,sil
3.83803129196167,17,11,24,6,-9,-7,-5,-1,0,-15,35,36,23,13,sil
3.852980613708496,22,18,25,31,-5,-3,-7,4,2,-3,38,30,25,9,sil
3.852980613708496,29,23,32,36,2,3,-12,5,6,1,33,37,22,10,sil
3.868656873703003,21,22,23,23,8,5,-6,-8,-2,-18,11,24,5,5,sil
3.868656873703003,5,15,10,25,7,-3,-5,-20,-29,-40,-8,0,-18,-6,sil
3.8837037086486816,-1,15,10,30,7,-1,-11,-15,-36,-15,0,0,-14,-6,sil
3.8837037086486816,-3,13,6,12,9,12,-8,-6,-21,10,9,1,1,0,sil
3.899003982543945,-13,-2,-10,-6,6,11,-10,-12,-28,-12,-12,-25,-19,-14,sil
3.899003982543945,-23,-10,-23,-1,1,6,-13,-17,-38,-27,-35,-43,-42,-30,sil
3.914596796035767,-20,-2,-19,2,7,19,0,0,-10,5,-30,-33,-19,-16,sil
3.914596796035767,-10,0,-14,0,13,24,11,13,16,23,-25,-27,-3,0,sil
3.9296913146972656,-9,-1,-14,2,10,11,14,5,6,5,-25,-30,-21,-7,sil
3.9296913146972656,-10,-7,-8,0,3,8,21,3,2,10,-13,-16,-14,-5,sil
3.9449808597564697,0,-8,-7,-12,-2,11,22,14,20,33,-5,0,12,11,sil
3.9449808597564697,0,-6,-16,-18,0,0,13,13,26,20,-6,-3,11,5,sil
3.960186719894409,-7,-6,-13,-10,2,-7,11,6,26,4,0,-7,6,-1,sil
3.9758048057556152,2,-2,-4,-5,-3,-2,7,7,20,14,2,1,12,12,sil
3.9758048057556152,8,-10,-6,-21,-16,-4,-3,5,6,8,0,4,4,10,sil
3.9758048057556152,7,-15,-13,-32,-21,-18,-6,-4,4,-2,7,4,2,-1,sil
3.9918630123138414,3,-11,-3,-29,-18,-27,-7,-12,2,4,12,4,12,4,sil
4.012057065963745,-11,-20,-2,-34,-19,-21,-12,0,-7,2,-2,-6,0,3,sil
4.012057065963745,-8,-15,0,-17,-13,1,-5,9,-4,-7,-9,0,-3,-1,sil
4.012057065963745,15,15,23,25,12,17,1,1,-1,-8,6,26,9,4,sil
4.022659778594971,4,5,18,13,12,2,-5,-2,-11,-7,16,12,1,-3,sil
4.039260387420654,-21,-31,-8,-29,-7,-10,-6,0,-7,-8,4,-14,-12,-19,sil
4.039260387420654,-5,-11,0,-3,3,-2,1,-2,0,-5,-5,-1,-1,-2,sil
4.039260387420654,11,20,15,36,19,0,2,-5,-3,-6,-1,12,1,16,sil
4.053935050964356,-1,8,3,11,2,-2,2,0,-3,-10,0,0,-8,3,sil
4.069771766662598,-6,-1,-7,-4,-1,-1,4,1,5,-7,-1,-8,-4,-8,sil
4.069771766662598,-1,11,-5,17,9,0,-3,0,2,-7,-1,-2,1,-9,sil
4.0849974155426025,-8,14,0,21,2,0,-6,0,-1,-3,-5,-2,-8,-8,sil
4.0849974155426025,0,14,9,13,2,14,7,1,9,10,-5,0,-8,1,sil
4.100208282470703,8,15,12,18,9,18,8,0,10,11,1,4,2,9,please
4.100208282470703,-1,0,0,8,-3,-2,-5,0,-6,-3,-2,-3,-2,0,please
4.116196632385254,3,0,1,0,-6,-2,-3,0,-7,5,6,3,2,5,please
4.116196632385254,30,20,23,15,11,14,4,4,5,31,32,32,33,27,please
4.1319499015808105,30,7,12,9,0,4,0,8,8,20,21,23,31,18,please
4.1319499015808105,6,-22,-9,-14,-11,-5,0,0,6,-1,2,0,3,-1,please
4.147021532058716,5,-9,-1,-6,1,6,2,0,8,3,13,8,9,5,please
4.147021532058716,11,1,0,-4,-5,0,-15,1,3,3,14,15,19,11,please
4.164994478225708,-3,-14,-16,-29,-26,-21,-26,-4,-2,-14,-4,0,0,-11,please
4.164994478225708,-9,-5,-10,-18,-3,-12,-5,-10,-1,-11,-9,-5,-9,-23,please
4.1778647899627686,2,20,17,13,23,-1,0,-11,-13,-16,-1,2,-8,-13,please
4.1778647899627686,4,19,12,11,9,-15,-9,-16,-37,-42,-4,-4,-20,-16,please
4.193871974945068,-10,11,-7,-5,0,-18,-3,-18,-36,-31,-13,-21,-32,-31,please
4.193871974945068,-22,9,-3,-2,16,0,9,-5,-15,-5,-16,-19,-25,-23,please
4.2090160846710205,-22,-3,-1,5,14,15,14,2,-6,-24,-20,-15,-22,0,please
4.2090160846710205,-23,-27,-13,-7,-7,11,9,-1,-8,-31,-35,-25,-30,0,please
4.224528789520264,-26,-34,-22,-23,-18,3,5,-1,0,13,-36,-32,-20,-8,please
4.224528789520264,-20,-15,-18,-12,-10,10,13,16,22,45,-10,-20,4,1,please
4.239983797073364,-2,-1,-7,5,-3,16,19,28,31,36,-1,-6,13,18,please
4.239983797073364,6,-1,-5,7,-3,13,21,18,25,33,-12,-1,8,29,please
4.255066633224487,2,-4,-4,-1,-4,12,23,15,26,41,0,5,15,31,please
4.255066633224487,2,-9,-1,-11,-8,-3,6,19,29,28,29,15,26,15,please
4.2711944580078125,12,-3,1,-10,-9,-18,-20,4,12,-5,35,22,24,2,please
4.2711944580078125,16,12,9,5,1,-2,-20,-5,-4,-17,26,19,12,-2,please
4.2863969802856445,17,22,15,20,7,1,-17,-5,-12,-10,28,11,1,-11,please
4.2863969802856445,12,23,20,20,1,-21,-32,-21,-30,-24,26,15,0,-10,please
4.302186965942383,9,21,23,22,10,-9,-16,-21,-30,-19,6,16,4,7,please
4.302186965942383,12,18,18,34,22,25,24,1,-1,24,0,7,12,23,please
4.317661046981812,5,1,12,22,11,18,26,-2,0,29,7,8,9,17,please
4.317661046981812,-2,-28,0,-4,-6,-8,-4,-18,-12,0,-4,1,-4,3,please
4.333742618560791,7,-31,-4,-6,-3,-6,-12,0,6,4,-20,-3,0,2,please
4.333742618560791,14,-3,-1,1,9,-3,-3,17,33,18,-7,10,15,5,please
4.349693775177002,1,6,-9,-15,4,-12,-13,5,17,-2,0,16,9,-3,please
4.349693775177002,0,-2,-14,-39,-17,-18,-17,-1,-6,-27,-2,11,0,-12,please
4.364851713180542,9,-1,-10,-37,-22,-18,-3,6,-1,-28,-2,6,1,-12,please
4.364851713180542,-4,2,-11,-24,-1,-12,-1,3,0,-28,-4,-11,-9,-22,please
4.380857944488525,-23,2,-7,-17,4,0,-9,-7,-7,-24,-1,-31,-24,-33,please
4.380857944488525,-17,7,3,-5,-5,0,-4,-10,0,-7,4,-24,-21,-24,please
4.3967108726501465,-15,8,7,14,-1,1,0,-10,-6,-11,-7,-17,-24,-17,please
4.3967108726501465,-18,6,0,22,11,16,8,-6,-20,-24,-21,-18,-30,-14,please
4.412804126739502,0,14,11,17,17,22,25,3,-6,0,2,-1,-9,7,please
4.412804126739502,14,17,25,24,6,13,28,3,-1,19,13,4,3,15,please
4.428062915802002,-5,5,0,25,-16,9,7,-6,-22,-1,-16,-21,-13,-5,please
4.428062915802002,-25,-15,-29,-13,-8,13,-4,-2,-15,-5,-18,-31,-11,-4,please
4.444102048873901,-19,-35,-24,-43,9,13,5,8,6,18,-4,-17,8,13,please
4.444102048873901,-6,-27,-4,-6,-6,6,18,10,5,25,-23,-12,2,8,please
4.459340333938599,1,-3,5,29,-3,7,19,11,9,22,-25,-7,-5,6,please
4.459340333938599,5,-4,-1,9,14,12,9,14,23,24,6,5,10,20,please
4.4747490882873535,3,-14,-2,-12,2,0,1,14,26,22,19,20,27,24,please
4.4747490882873535,9,-3,2,-1,5,-11,3,15,29,22,5,32,28,24,please
4.4907190799713135,6,-1,-5,-1,4,0,-2,8,20,18,-6,26,16,20,please
4.4907190799713135,-3,-15,-15,-14,-42,-7,-21,0,0,2,0,9,9,0,please
4.505861759185791,13,-4,-6,-11,-39,-41,-26,-9,4,-1,24,19,26,-1,please
4.505861759185791,34,17,11,0,16,-40,-30,-15,5,-6,31,39,27,4,please
4.521953821182251,22,13,9,1,21,-16,-38,-15,-19,-23,17,22,0,0,please
4.521953821182251,7,11,4,5,-1,-14,-24,-14,-27,-25,18,1,-5,-6,please
4.537633419036865,16,32,17,15,-1,-13,1,-11,-8,-12,29,16,11,-4,please
4.537633419036865,18,35,20,21,7,0,5,-3,-7,-17,19,20,6,-6,please
4.55265212059021,1,17,15,13,27,1,2,-4,-24,-24,0,-3,-17,-11,please
4.55265212059021,-9,8,10,2,26,1,10,-11,-30,-18,-10,-19,-29,-17,please
4.567911386489868,-12,8,1,0,-22,19,8,-8,-31,-23,-12,-20,-25,-20,please
4.567911386489868,-10,4,6,4,-30,17,-3,-6,-26,-23,-7,-15,-20,-20,please
4.584228515625,-7,1,16,12,16,0,0,-6,-9,3,0,-7,-13,-14,please
4.584228515625,-13,-5,2,1,22,8,13,2,1,22,-1,-11,-8,-6,please
4.5998499393463135,-13,-14,-11,-6,-3,22,19,11,13,21,-4,-23,-4,2,please
4.5998499393463135,-2,-10,-5,4,10,19,17,14,34,24,0,-19,7,13,please
4.615010738372803,-5,-13,-1,0,21,17,14,12,37,27,0,-9,9,17,sil
4.615010738372803,-13,-20,-9,-7,-6,15,12,11,25,19,-17,-15,-4,6,sil
4.630524158477783,-11,-13,-12,0,-15,12,13,12,25,6,-31,-18,-17,-3,sil
4.630524158477783,-10,-11,-21,-10,0,13,13,11,20,-8,-32,-8,-17,0,sil
4.645660161972046,-8,-13,-26,-24,-4,10,8,9,10,-6,-26,-4,-5,10,sil
4.6624486446380615,-1,-9,-11,-13,-7,1,2,11,15,10,-16,-6,13,13,sil
4.6624486446380615,-3,-6,-12,-7,-7,-13,-3,3,15,12,-11,-15,10,1,sil
4.6624486446380615,-7,-6,-22,-17,-20,-25,-5,-5,-2,0,-13,-14,-2,-10,sil
4.6766676902771,0,-8,-11,-16,-23,-21,-2,-5,-14,2,0,6,7,0,sil
4.691887855529785,5,-5,-3,-9,-5,-15,-13,-9,-15,0,19,23,22,15,sil
4.691887855529785,8,5,0,0,4,-17,-25,-13,-19,-13,21,23,12,5,sil
4.707082986831665,13,6,9,8,0,-14,-17,-4,-15,-7,15,24,4,-5,sil
4.707082986831665,17,-4,18,2,-3,-13,-15,0,-10,-6,23,30,12,0,sil
4.723156690597534,13,0,16,0,-6,-21,-26,-7,-16,-25,21,26,8,-3,sil
4.723156690597534,2,4,1,-1,-6,-19,-23,-13,-25,-26,3,10,-3,-17,sil
4.73906683921814,1,0,2,-1,1,-7,-13,-10,-27,-6,6,4,0,-11,sil
4.73906683921814,19,11,24,11,9,0,-10,0,-8,4,26,19,17,7,sil
4.754599332809448,27,32,31,20,17,9,-2,10,16,9,32,29,21,14,sil
4.754599332809448,11,31,20,12,21,15,8,8,19,9,20,15,10,11,sil
4.7697954177856445,-2,17,8,10,13,12,12,2,8,4,-3,-10,-5,0,sil
4.7697954177856445,-4,15,11,14,9,10,8,0,4,-10,-14,-19,-16,-9,sil
4.785922288894653,0,19,14,13,13,14,8,-5,-2,-22,2,-6,-13,-5,sil
4.785922288894653,2,12,12,19,16,19,20,-2,-5,-6,9,1,-6,7,sil
4.802014827728272,1,5,8,29,16,29,33,5,5,19,-1,-5,-5,7,sil
4.802014827728272,-5,1,-1,26,9,28,31,0,7,19,-8,-20,-12,0,sil
4.8176093101501465,-14,-9,-10,6,0,8,21,-12,-3,5,-15,-22,-20,-4,sil
4.8176093101501465,-17,-18,-17,-3,-3,0,16,-2,0,13,-18,-18,-13,-2,sil
4.832642078399658,-20,-19,-30,-8,-12,6,10,8,5,19,-14,-24,-4,-4,sil
4.832642078399658,-33,-32,-42,-30,-28,-7,-7,3,0,0,-29,-38,-16,-15,sil
4.847818613052368,-33,-36,-43,-44,-30,-31,-17,1,0,-3,-45,-39,-26,-19,sil
4.847818613052368,-13,-16,-20,-24,-13,-20,-2,11,16,19,-19,-12,-10,-1,sil
4.862969636917114,7,-5,0,0,-2,2,13,16,22,10,7,8,6,16,sil
4.862969636917114,14,-3,0,0,-6,0,4,4,11,-17,-2,4,8,8,sil
4.8780717849731445,5,-3,-5,-10,-7,-14,-15,-6,-1,-7,-4,2,12,-3,sil
4.8780717849731445,1,-5,-1,-16,-3,-10,-22,0,0,14,15,16,22,1,sil
4.894114255905151,11,-1,8,-17,-3,0,-22,1,3,1,16,28,22,10,sil
4.894114255905151,14,2,6,-21,-9,-14,-30,-7,-9,-18,0,19,6,2,sil
4.910234928131104,1,-2,0,-18,-3,-27,-34,-6,-17,-16,0,6,-2,-5,sil
4.910234928131104,0,-2,11,-4,9,-15,-20,2,-8,-10,13,13,9,-3,sil
4.925469160079956,12,5,21,1,4,0,-4,3,-6,-16,17,21,16,2,sil
4.925469160079956,20,18,22,6,0,0,-4,-1,-15,-21,21,24,10,4,sil
4.940618515014648,23,31,30,26,16,5,-3,-4,-11,-9,29,26,12,4,sil
4.940618515014648,16,30,25,38,25,25,11,-3,2,10,13,10,7,4,sil
4.9558587074279785,-6,7,8,25,10,36,26,-6,4,11,-10,-10,-8,1,sil
4.9558587074279785,-14,-2,0,14,3,24,27,-7,1,5,-11,-12,-9,4,sil
4.971006155014038,-1,2,-2,12,5,11,23,3,5,13,-3,-3,0,7,sil
4.971006155014038,0,-7,-14,0,-7,6,19,14,13,18,-5,-6,3,1,sil
4.9867260456085205,-5,-17,-26,-10,-13,-5,6,12,21,7,-6,-9,6,0,sil
4.9867260456085205,2,-3,-13,-14,0,-17,-3,5,16,0,6,3,13,3,sil
5.002268075942993,11,9,0,-8,2,-16,-5,-7,-4,-5,21,11,7,-9,sil
5.002268075942993,1,11,3,2,1,-13,-10,-21,-21,-11,18,0,-12,-24,sil
5.017491340637207,-10,15,14,15,12,-6,-12,-13,-20,-7,3,-12,-26,-18,sil
5.017491340637207,-10,12,12,19,10,4,1,-5,-17,-4,-8,-14,-23,-8,sil
5.0330541133880615,-7,0,0,14,0,9,15,-13,-20,-14,-20,-19,-26,-14,sil
5.0330541133880615,-14,-6,-7,6,5,7,9,-6,-12,-8,-27,-26,-34,-15,sil
5.048870325088501,-26,-7,-11,0,4,3,-2,8,4,10,-21,-22,-26,-3,sil
5.048870325088501,-21,-13,-9,-7,-12,0,-3,12,10,7,-18,-14,-13,2,sil
5.064036130905151,-3,-17,-12,-14,-18,0,2,11,6,-1,-17,-12,-7,8,sil
5.064036130905151,2,-17,-10,-18,-11,2,5,7,8,10,-1,0,11,21,sil
5.078988790512085,5,-13,-4,-13,-9,0,4,7,17,29,13,15,28,28,sil
5.094650030136108,6,-7,-4,-10,-6,-1,0,14,21,23,9,11,19,24,sil
5.094650030136108,0,-12,-9,-16,-4,-3,-5,11,20,6,-1,2,9,9,sil
5.10996413230896,8,-13,-5,-14,-14,-6,-7,0,14,0,-5,0,6,-5,sil
5.10996413230896,16,-5,3,-10,-13,-2,-9,-3,0,-6,0,5,4,-8,sil
5.125146865844727,9,0,1,-8,4,-2,-6,0,-7,-9,10,19,17,5,sil
5.125146865844727,11,9,8,4,19,0,-1,3,3,0,21,28,40,16,sil
5.140679359436035,19,15,21,18,16,9,-2,7,11,9,27,25,37,10,sil
5.140679359436035,11,13,12,9,3,7,-2,0,7,4,26,19,12,-1,sil
5.156232118606567,4,12,5,-3,0,-3,-8,-15,-7,-15,8,11,-1,-11,sil
5.156232118606567,1,8,4,0,5,-7,-15,-18,-27,-39,-12,-3,-9,-15,sil
5.172309160232544,-7,7,1,7,4,-7,-9,-4,-25,-36,-11,-11,-18,-14,sil
5.172309160232544,-8,11,1,1,0,-10,0,-1,-10,-13,2,-7,-18,-14,sil
5.187976598739624,0,16,0,0,0,-12,0,-12,-10,-6,-1,-7,-13,-13,sil
5.187976598739624,-1,19,3,15,0,-8,0,-14,-17,-7,-8,-8,-12,-11,sil
5.203148126602173,-9,15,6,21,-1,-2,-2,-7,-20,-4,-5,-10,-15,-11,sil
5.203148126602173,-10,1,-2,13,0,7,2,-3,-16,2,-12,-16,-16,-10,sil
5.2187113761901855,-5,-3,-1,8,6,18,22,2,1,15,-11,-13,-12,0,sil
5.2187113761901855,-1,0,4,9,7,22,28,11,20,21,-5,-4,-6,11,sil
5.234176874160767,-6,-7,2,10,3,17,13,8,17,20,-9,1,-1,18,sil
5.234176874160767,-8,-22,-1,0,-2,7,3,0,12,25,-1,4,6,23,sil
5.2497878074646,-4,-26,-10,-19,-10,0,8,7,20,23,13,0,13,23,sil
5.2497878074646,-1,-29,-20,-25,-10,-3,9,23,18,8,0,-5,9,13,sil
5.264957666397095,0,-32,-24,-21,-5,-6,1,21,15,6,-13,-6,5,3,sil
5.264957666397095,1,-20,-16,-22,-2,-10,-6,6,19,8,6,2,11,0,sil
5.282634496688843,10,4,-5,-17,2,-13,-16,0,11,0,29,17,22,-7,sil
5.282634496688843,10,8,-1,-10,5,-11,-26,-7,-10,-12,16,15,14,-17,sil
5.2960731983184814,-8,-1,2,-13,0,-6,-21,-14,-21,-21,-7,0,-13,-23,sil
5.2960731983184814,-7,6,2,-7,4,0,0,-8,-9,-16,-8,-7,-21,-14,sil
5.312081575393677,12,20,9,10,13,10,6,0,0,-6,11,3,2,2,sil
5.312081575393677,11,12,21,21,8,11,1,-1,-3,-11,17,11,7,7,sil
5.327817916870117,-5,4,14,16,-4,6,0,-12,-11,-21,-2,-1,-17,-3,sil
5.327817916870117,-6,10,6,17,-4,3,-1,-11,-8,-12,-11,-12,-19,-10,sil
5.343181848526001,9,20,13,30,-1,3,0,1,1,9,0,-3,4,1,sil
5.343181848526001,11,20,18,25,-1,4,9,2,0,19,-2,2,7,11,sil
5.35908579826355,-4,6,4,2,-3,2,11,-6,-15,4,-22,-8,-8,3,sil
5.35908579826355,-9,0,-14,0,-7,-3,2,-4,-20,-12,-18,-13,-9,0,sil
5.374100923538208,0,0,-9,3,-9,-8,0,2,-9,-11,-5,-1,-4,5,sil
5.374100923538208,-3,-10,-5,-10,-13,-4,6,7,4,3,-14,-3,-4,-1,sil
5.389638185501099,-12,-17,-17,-23,-14,0,6,10,12,11,-19,-8,1,-5,sil
5.389638185501099,0,-12,-11,-15,0,0,1,11,17,10,1,4,17,10,sil
5.405666351318359,11,-8,-1,-1,7,0,3,9,21,16,19,14,24,17,sil
5.405666351318359,6,-5,-2,0,8,-7,-7,0,11,17,19,12,15,2,sil
5.421325922012329,7,11,1,-1,10,-11,-22,-5,0,8,24,17,12,0,sil
5.421325922012329,18,26,11,4,7,-4,-15,0,1,0,37,25,16,5,sil
5.436985015869141,2,8,6,-1,-1,-4,-9,-5,-3,-10,22,13,0,-6,sil
5.436985015869141,-19,-11,-2,-10,3,-5,-16,-22,-25,-24,-12,-18,-30,-25,sil
5.452471256256104,-13,-3,9,10,19,13,0,-14,-22,-13,-26,-27,-32,-18,sil
5.452471256256104,-1,-2,14,23,13,22,20,6,5,11,-15,-9,-14,5,sil
5.467731237411499,-7,-24,-1,0,-1,7,11,11,18,21,-8,1,-1,16,sil
5.467731237411499,-5,-31,-13,-21,-6,0,6,11,20,11,-8,-3,7,9,sil
5.483756065368652,1,-17,-21,-18,-11,-5,13,15,19,-5,-12,-4,13,4,sil
5.483756065368652,4,-9,-17,-15,-9,-18,3,9,7,-13,-1,13,14,5,sil
5.498917818069458,8,-3,-3,-11,-4,-20,-9,0,-5,-11,21,24,17,0,sil
5.498917818069458,8,17,0,-2,-5,-4,-3,-4,-4,-10,23,11,13,-6,sil
5.514978647232056,6,31,8,7,1,10,4,0,0,-7,2,-3,0,-3,sil
5.514978647232056,6,18,10,8,10,13,0,1,-3,-2,-10,-12,-13,-4,sil
5.530442953109741,-4,8,1,-3,6,7,-7,-6,-8,-5,-4,-13,-13,-15,sil
5.530442953109741,-7,9,4,-3,-1,3,-4,-14,-13,-4,5,-7,-5,-9,sil
5.546259880065918,2,9,11,17,-3,6,1,-10,-15,3,-3,-6,-4,2,sil
5.546259880065918,-4,3,4,16,2,9,5,-1,-7,11,-13,-14,-7,0,sil
5.56180214881897,-16,0,-7,1,9,5,6,2,5,14,-2,-15,-5,-3,sil
5.56180214881897,-8,-6,-2,7,3,2,5,4,5,10,1,-6,-5,0,sil
5.577259302139282,0,-8,0,9,-7,3,1,2,0,4,-8,-1,-5,1,sil
5.577259302139282,-8,-5,-11,-12,-9,0,0,2,0,-4,-10,-6,-5,1,sil
5.593183994293213,-9,-4,-10,-16,-4,-6,0,1,-1,-9,-2,-7,-6,0,sil
5.593183994293213,1,-3,0,4,-3,-5,0,-3,-3,0,-5,0,-3,0,sil
5.608866214752197,0,-3,0,2,-9,-9,-9,-8,-9,0,-10,1,-2,0,sil
5.608866214752197,-5,1,-1,-6,-11,-15,-22,-6,-18,-16,-3,2,-4,-5,sil
5.623946189880371,10,16,13,9,1,-8,-16,-1,-6,-10,13,18,10,1,sil
5.623946189880371,23,16,29,19,9,6,1,4,14,10,25,32,31,21,sil
5.639765501022339,12,3,16,15,0,11,12,8,16,15,19,24,22,21,sil
5.639765501022339,6,0,2,17,-2,5,3,2,6,8,12,14,4,4,sil
5.65531325340271,15,0,13,19,5,-1,-4,0,6,6,18,19,9,2,sil
5.65531325340271,17,-3,22,21,12,0,5,9,17,13,22,26,21,18,sil
5.67065167427063,11,-1,12,16,11,2,16,12,22,12,20,24,16,23,sil
5.67065167427063,6,-5,-3,0,5,-5,9,6,11,-5,8,7,0,5,sil
5.686638355255127,0,-13,-13,-6,1,-7,3,-1,0,-17,-11,-11,-7,-9,sil
5.686638355255127,-15,-16,-19,-16,-2,-2,3,-3,0,-11,-22,-20,-11,-11,sil
5.701654672622681,-24,-14,-34,-33,-8,-4,-5,-1,0,-8,-24,-27,-18,-21,sil
5.716787815093994,-20,-11,-34,-33,-1,-2,-13,-8,-15,-12,-35,-35,-29,-34,sil
5.716787815093994,-12,-14,-23,-29,0,-2,-8,-13,-25,-14,-45,-35,-34,-28,sil
5.732879400253296,-12,-15,-16,-29,-10,-6,-4,-6,-15,-9,-33,-27,-23,-16,sil
5.732879400253296,-11,-3,-10,-21,-8,2,3,0,-1,5,-13,-20,-5,-10,sil
5.748014450073242,-1,3,-13,-24,5,14,16,5,8,19,-4,-21,0,-2,sil
5.748014450073242,3,2,-10,-28,4,3,3,8,8,14,5,-14,4,5,sil
5.763168096542358,1,12,-1,-14,-3,-10,-12,1,0,7,19,0,15,12,sil
5.763168096542358,0,20,1,-5,1,-2,-5,-3,-5,10,20,4,18,13,sil
5.778819561004639,2,12,8,0,8,12,2,0,0,4,14,7,13,10,sil
5.778819561004639,9,11,17,18,5,6,3,7,8,0,15,13,13,11,sil
5.793977499008179,6,15,18,22,1,-3,3,10,9,6,25,23,15,12,sil
5.793977499008179,0,7,16,14,0,1,-1,3,1,-1,23,27,12,6,sil
5.809005260467529,3,12,21,22,5,12,-7,-7,-5,-15,13,26,9,4,sil
5.809005260467529,10,17,31,31,7,13,-6,-9,-3,-4,14,21,4,4,sil
5.824733734130859,3,-2,18,24,-3,5,-4,-7,2,8,9,6,-3,0,sil
5.824733734130859,-3,-12,8,25,-13,-2,-5,-12,-7,-2,-5,-1,-10,-4,sil
5.839876651763916,6,5,17,40,-5,-5,0,-12,-25,-15,-10,2,-16,-7,sil
5.839876651763916,9,8,17,40,4,2,11,-4,-19,-13,-11,1,-20,-13,sil
5.855998516082764,-2,-9,5,19,2,7,18,5,0,-9,-22,-6,-15,-7,sil
5.855998516082764,-7,-15,-4,4,-5,-2,11,8,11,-10,-24,-3,-6,3,sil
5.8716230392456055,-5,-9,-9,-2,-8,-11,3,5,7,-5,-7,4,-4,3,sil
5.8716230392456055,-2,-10,-16,-16,-8,-9,0,4,-2,0,0,2,-4,-1,sil
5.886730432510376,-1,-11,-25,-21,-9,-15,-11,3,-1,0,-8,-8,-5,-2,sil
5.886730432510376,-4,-5,-19,-16,-5,-20,-16,0,9,-3,-14,-5,-3,-1,sil
5.901905298233032,0,0,-15,-12,1,-4,-4,4,12,0,-4,0,7,2,sil
5.901905298233032,9,3,-7,-13,7,13,6,5,7,15,9,4,18,11,sil
5.917101144790649,12,7,3,-10,6,7,6,0,7,27,22,10,22,12,sil
5.917101144790649,8,4,-4,-13,0,-1,5,0,0,10,15,2,18,3,sil
5.932634115219116,0,-14,-17,-29,-3,3,9,7,-4,-11,-4,-15,1,-4,sil
5.932634115219116,-11,-17,-16,-29,1,7,5,9,3,2,-8,-26,-11,-6,sil
5.948010444641113,-8,2,-5,-7,4,-1,-8,3,7,24,1,-18,-4,-6,sil
5.948010444641113,2,7,4,1,7,-5,-13,-3,10,22,9,-3,12,-1,sil
5.962993144989014,3,6,5,-2,14,2,-4,-5,21,20,17,3,17,0,sil
5.962993144989014,-5,12,4,0,9,6,-2,-4,17,13,16,0,6,-7,sil
5.97902250289917,-6,7,9,7,-3,-1,-5,-4,-2,-6,5,3,0,-5,sil
5.97902250289917,0,0,11,9,-4,-8,-4,-7,-19,-15,3,11,3,4,sil
5.994966745376587,0,-3,0,-2,3,-6,-1,-9,-21,-12,-2,0,-5,-3,sil
5.994966745376587,-17,-13,-17,-16,4,0,4,-5,-12,-20,-26,-21,-34,-19,sil
6.015163421630859,-23,-18,-10,-12,-1,2,0,-5,-19,-32,-33,-18,-40,-14,please
6.015163421630859,2,3,15,8,-4,-1,-14,-8,-31,-27,-3,9,-12,0,please
6.02594804763794,23,25,29,24,0,0,-8,-6,-19,-17,16,21,8,12,please
6.02594804763794,12,10,17,18,0,6,2,-1,-16,-17,0,4,-1,11,please
6.041305541992188,-1,-7,-2,6,-7,5,5,-4,-30,-7,-22,-11,-20,3,please
6.041305541992188,-2,-1,0,7,-9,4,18,0,-16,3,-14,-4,-14,10,please
6.057002544403076,2,7,12,22,0,10,33,19,18,7,8,10,11,24,please
6.057002544403076,12,9,11,28,7,15,31,30,36,26,21,19,27,23,please
6.071632385253906,11,1,2,11,6,6,12,17,32,42,19,17,22,9,please
6.071632385253906,1,-9,-5,-5,-4,-8,0,5,25,28,12,4,15,0,please
6.08684515953064,-1,-8,-8,-4,-7,-1,1,10,28,19,5,1,19,-1,please
6.102763891220093,-3,0,-13,0,-1,7,0,10,28,14,-6,-1,12,-5,please
6.102763891220093,-14,-1,-18,-5,2,0,-18,0,14,-10,-18,-14,0,-14,please
6.117882966995239,-11,-8,-13,-19,2,-3,-17,-1,10,-7,-8,-12,-1,-16,please
6.117882966995239,0,-14,-15,-29,-5,1,-4,-3,14,10,-1,0,2,-12,please
6.134133577346802,-1,-18,-14,-23,-9,0,-15,-10,3,-19,-13,-1,0,-8,please
6.134133577346802,-5,-6,0,-11,-2,-3,-20,-8,0,-34,-12,-3,-2,0,please
6.149990797042847,1,6,3,-10,-1,-8,-6,-8,0,4,4,2,-8,0,please
6.149990797042847,1,7,6,-8,-13,-19,-6,-18,-22,1,5,6,-18,-11,please
6.165015697479248,2,8,11,5,-12,-21,-14,-19,-36,-32,-3,2,-22,-15,please
6.165015697479248,9,14,9,11,8,-9,-6,-8,-23,-16,9,0,-6,-4,please
6.181033134460449,16,17,7,7,20,0,7,3,-5,19,30,9,17,7,please
6.181033134460449,18,19,8,8,13,0,8,6,-1,15,30,20,25,14,please
6.196767330169678,10,14,9,8,11,-2,-1,-3,-20,-15,14,14,1,3,please
6.196767330169678,-2,8,4,4,9,-1,-3,-6,-34,-18,-3,-5,-15,-4,please
6.211992979049683,-8,8,9,12,3,0,0,1,-15,3,-8,-12,-3,0,please
6.211992979049683,-3,0,11,22,0,-4,-2,0,-1,3,1,-6,4,5,please
6.228089332580566,-5,-10,-2,11,-1,-5,1,-7,-12,-12,-1,-7,-9,6,please
6.228089332580566,-19,-16,-8,-9,-6,4,10,-1,-19,-5,-19,-10,-20,5,please
6.243797063827515,-16,-17,-1,-5,-4,15,16,2,-4,7,-15,-11,-15,1,please
6.243797063827515,-2,-10,4,13,8,26,22,1,11,13,0,-9,-7,4,please
6.259134769439697,-2,-1,5,19,15,31,26,9,18,22,-4,-7,-2,9,please
6.259134769439697,-1,-1,-1,9,-3,24,25,22,28,25,-13,-2,3,10,please
6.274853229522705,3,-7,-9,-3,-19,19,23,26,50,28,-1,6,16,10,please
6.274853229522705,-3,-10,-13,-15,-8,11,8,16,49,26,-4,0,17,2,please
6.289937496185303,-6,-13,-21,-20,-5,-12,-21,1,15,0,-22,-14,4,-9,please
6.289937496185303,4,-10,-20,-18,-13,-19,-26,0,-3,-12,-4,-1,5,-7,please
6.3060462474823,7,-1,-10,-12,3,1,-4,2,4,0,14,9,11,-1,please
6.3060462474823,2,0,0,-6,18,3,-5,-7,2,-3,5,0,0,-12,please
6.3221282958984375,4,-3,-4,-13,0,-17,-21,-11,-8,-22,0,0,-2,-17,please
6.3221282958984375,9,-7,-15,-34,-10,-18,-18,-1,-5,-23,6,11,5,-4,please
6.3377087116241455,0,-6,-9,-36,-2,-9,-12,-4,-3,-18,-2,2,0,-1,please
6.3377087116241455,-9,3,0,-12,-6,-14,-19,-16,-24,-22,-15,-5,-11,-13,please
6.3528265953063965,2,19,14,10,-1,-14,-16,-12,-31,-24,-3,6,-5,-8,please
6.3528265953063965,22,28,29,34,10,0,4,0,-6,-12,16,18,7,15,please
6.36820125579834,10,20,22,39,-2,7,12,3,0,1,15,12,0,17,please
6.36820125579834,-14,4,9,15,-14,-3,1,-2,-13,2,0,2,-9,-3,please
6.38381814956665,-6,7,8,6,0,-10,1,-3,-6,4,8,0,4,-3,please
6.38381814956665,7,19,16,17,4,5,14,2,6,16,21,11,13,10,please
6.39973258972168,-2,6,5,6,-10,8,15,7,11,24,3,4,-4,6,please
6.39973258972168,-12,-6,-3,-10,-3,-8,3,2,14,18,-5,-12,-10,-2,please
6.414567470550537,-8,-3,3,-2,16,-6,0,-6,4,6,9,-2,3,0,please
6.414567470550537,1,0,4,7,12,5,0,-4,1,3,5,7,3,3,please
6.429970741271973,15,0,5,11,7,5,0,0,14,6,0,0,1,4,please
6.429970741271973,13,-4,8,10,14,7,2,1,13,14,14,2,14,6,please
6.446067571640015,-8,-13,-11,-3,1,9,1,0,-1,9,4,0,7,3,please
6.446067571640015,-15,-12,-21,-11,-9,1,-2,-1,-11,-13,-13,-12,-12,-4,please
6.4615864753723145,3,-2,-9,8,7,2,2,-1,-12,-12,0,-6,-6,-1,please
6.4615864753723145,12,-3,1,18,17,10,10,2,-8,11,6,6,6,6,please
6.476991891860962,6,-6,3,2,5,9,10,4,-6,8,-11,0,0,7,sil
6.476991891860962,5,-3,-1,-6,0,7,2,0,-9,-14,-18,-9,-11,1,sil
6.492345571517944,-1,-3,-9,-8,0,3,-4,-4,-10,-22,-14,-9,-11,-11,sil
6.492345571517944,-12,-4,-12,-7,-9,0,-4,-5,-7,-14,-17,-10,-11,-12,sil
6.5078442096710205,-6,-1,-6,-7,-20,3,-1,-1,-7,-5,-18,-10,-10,0,sil
6.5078442096710205,-4,-2,-4,-15,-19,0,0,2,-4,-3,-26,-16,-15,-5,sil
6.523886203765869,-17,-7,-17,-17,-9,-11,-3,0,1,-10,-32,-27,-22,-23,sil
6.523886203765869,-18,-10,-17,-17,-6,-12,-5,1,10,-8,-10,-16,-8,-10,sil
6.5395283699035645,-3,-5,-7,-25,-14,-7,-1,17,26,13,11,4,18,10,sil
6.5395283699035645,0,0,-6,-26,-8,-10,-6,19,28,20,12,14,26,3,sil
6.554566144943237,2,0,-6,-17,1,-20,-25,0,2,0,15,18,12,-8,sil
6.554566144943237,11,4,8,-7,-1,-15,-23,-8,-14,-11,26,24,8,-3,sil
6.569699048995972,12,20,29,8,5,0,-5,-5,-7,-2,32,27,18,0,sil
6.569699048995972,9,23,26,21,20,0,-2,-7,-1,-8,26,18,11,0,sil
6.585689544677734,4,20,18,22,13,0,-2,-10,-10,-17,14,4,-3,0,sil
6.585689544677734,1,21,24,28,8,16,15,-6,-10,-1,5,-5,-6,0,sil
6.601083993911743,3,16,21,37,17,25,30,-2,1,18,0,-10,-6,0,sil
6.601083993911743,5,2,12,33,15,23,28,0,8,22,-1,-3,-3,16,sil
6.616712093353272,0,-7,0,19,1,16,22,5,7,16,-3,0,-2,25,sil
6.616712093353272,-7,-15,-12,0,-6,0,11,1,9,12,-10,-7,-9,11,sil
6.631928443908691,2,-19,-11,-4,-7,-6,1,3,16,19,-5,-4,0,7,sil
6.647994518280029,16,-4,0,12,4,5,6,18,27,31,12,14,28,26,sil
6.647994518280029,15,6,3,16,17,9,13,17,25,23,11,21,32,28,sil
6.647994518280029,0,-2,-11,-5,0,-8,-2,4,12,2,-7,4,11,5,sil
6.664069652557373,-18,-18,-28,-30,-25,-20,-23,-1,-1,-15,-11,-8,0,-13,sil
6.664069652557373,-20,-23,-23,-37,-19,-12,-19,-8,-16,-22,-5,-6,-4,-25,sil
6.679658889770508,-12,-18,-18,-27,-7,-7,-10,-13,-24,-17,-10,-7,-7,-28,sil
6.679658889770508,-7,-9,-14,-20,-7,-21,-22,-11,-21,-23,-9,-8,-5,-21,sil
6.695219278335571,5,0,-1,-17,-8,-26,-25,-10,-22,-37,-3,-1,-7,-13,sil
6.695793867111206,8,2,1,-11,-9,-11,-12,-10,-30,-37,-8,0,-22,-15,sil
6.710882902145386,-9,1,-1,-9,-9,-2,-9,-9,-29,-29,-11,-8,-34,-23,sil
6.710882902145386,-14,10,3,-1,4,1,-2,-5,-16,-14,-7,-9,-23,-16,sil
6.726086854934692,0,22,16,17,18,16,13,0,-6,6,0,0,-5,1,sil
6.726086854934692,1,15,16,27,11,19,11,1,-2,19,4,-3,0,7,sil
6.741713762283325,3,11,15,27,1,19,7,3,9,28,6,-8,1,8,sil
6.741713762283325,12,19,18,29,6,28,19,7,22,32,4,-1,5,15,sil
6.757341384887695,7,8,1,18,4,20,22,12,22,21,-1,0,6,16,sil
6.773970127105713,0,-11,-8,-2,0,-1,5,16,21,10,-5,0,9,10,sil
6.773970127105713,8,-6,1,-6,7,-9,-1,12,21,7,6,10,15,7,sil
6.773970127105713,17,4,3,-7,11,-10,-3,0,12,-5,23,22,21,7,sil
6.789143562316895,17,0,2,-16,6,-15,-10,-7,0,-21,23,24,17,2,sil
6.804179906845093,6,-3,2,-10,1,-12,-12,-7,-9,-17,10,8,2,-1,sil
6.804179906845093,-11,-2,1,0,-1,0,-4,-10,-14,-1,-1,-9,-10,-2,sil
6.819719552993774,-16,-2,1,0,-3,14,9,-3,-10,5,-15,-12,-10,0,sil
6.819719552993774,-18,-9,-10,0,-4,22,22,6,1,9,-21,-18,-7,0,sil
6.835958480834961,-26,-19,-21,-6,-7,10,14,6,11,22,-20,-25,-11,0,sil
6.835958480834961,-25,-23,-22,-10,-9,-2,3,4,10,27,-19,-19,-14,0,sil
6.8515565395355225,-12,-14,-12,-7,-7,1,9,10,6,13,-8,-7,0,4,sil
6.8515565395355225,2,-2,0,-5,-10,0,6,12,17,9,6,6,22,8,sil
6.8515565395355225,13,2,4,-2,-13,-17,-10,0,18,7,9,19,27,9,sil
6.866790771484375,19,5,2,2,0,-15,-15,-7,-4,-18,11,23,12,2,sil
6.882835626602173,25,8,6,6,9,-7,-10,-2,-12,-31,22,19,8,2,sil
6.882835626602173,24,13,13,8,2,-16,-12,0,-3,-9,24,20,15,6,sil
6.898502349853516,13,14,13,6,0,-20,-17,-7,-12,-3,13,15,7,-6,sil
6.898502349853516,0,14,5,1,2,-12,-17,-11,-19,-21,0,1,-11,-22,sil
6.913856029510498,-7,14,7,5,2,-13,-16,-13,-13,-25,-6,-6,-22,-17,sil
6.913856029510498,-5,6,6,9,3,-5,-13,-18,-17,-17,0,-6,-21,-12,sil
6.929055452346802,-9,-3,1,4,3,14,-5,-16,-31,-16,0,-9,-21,-22,sil
6.929055452346802,-12,-5,2,5,6,15,9,-4,-30,-14,-11,-12,-20,-20,sil
6.945007085800171,-2,0,1,11,7,13,19,8,-5,1,-10,-11,-9,0,sil
6.945007085800171,0,0,-1,9,1,29,25,18,19,23,-5,-9,0,10,sil
6.960924863815308,-14,-6,-9,2,0,31,27,27,32,37,-14,-10,-2,5,sil
6.960924863815308,-19,-15,-20,-11,2,13,11,20,33,30,-12,-9,1,7,sil
6.976054906845093,-9,-18,-17,-26,-2,3,-1,4,27,11,1,-2,14,13,sil
6.976054906845093,0,-6,-12,-13,-2,1,9,0,25,10,1,0,12,14,sil
6.991613626480103,4,2,-7,-1,-1,-1,14,8,21,20,-1,2,8,13,sil
6.991613626480103,8,0,-9,-14,-10,-7,-3,4,7,11,7,7,19,11,sil
7.007655143737793,15,0,-5,-21,-10,-21,-19,-9,-10,-14,16,12,19,3,sil
7.007655143737793,16,6,7,-11,-4,-27,-23,-13,-28,-34,8,12,1,-6,sil
7.022796154022217,7,10,8,0,-6,-18,-21,-10,-36,-34,-1,0,-10,-18,sil
7.022796154022217,2,13,17,15,2,-4,-11,-11,-25,-20,2,-1,-11,-14,sil
7.037899732589722,17,17,33,28,15,3,3,-7,-6,0,10,9,0,8,sil
7.037899732589722,18,13,22,23,11,11,8,-2,-3,7,4,8,1,16,sil
7.053055763244629,-3,3,10,14,8,16,7,-5,-5,7,-3,-6,-8,-1,sil
7.053055763244629,-15,-6,8,8,3,16,16,0,10,15,-11,-9,-12,-1,sil
7.068682432174683,-11,-13,0,0,0,12,23,5,20,20,-19,-2,-6,8,sil
7.068682432174683,-8,-15,-9,-3,1,2,11,0,8,4,-10,-3,-6,2,sil
7.085013389587402,-10,-11,-10,0,-3,-2,-1,0,6,-2,-6,-11,-6,-3,sil
7.085013389587402,-12,-7,-9,0,-10,0,-3,8,15,8,-12,-9,-4,0,sil
7.100088834762573,-6,-3,-13,-5,-5,0,0,6,14,18,-5,-3,0,3,sil
7.100088834762573,3,-1,-13,-12,-6,-7,0,6,5,12,0,-1,8,0,sil
7.116075038909912,3,-2,-10,-14,-8,-12,-4,10,6,-2,0,2,7,-1,sil
7.116075038909912,2,0,-9,-7,3,-7,-4,4,6,-11,5,9,7,4,sil
7.132044076919556,2,0,-6,-5,11,-2,-9,-6,-7,-14,11,9,15,0,sil
7.132044076919556,0,-1,-8,-8,1,-14,-20,-11,-21,-17,8,5,19,-12,sil
7.147640943527222,2,6,-3,-10,-7,-25,-24,-8,-20,-18,15,13,17,-10,sil
7.147640943527222,8,9,5,-10,-5,-22,-26,-1,-16,-16,24,21,15,0,sil
7.163199663162232,5,3,9,-2,0,-10,-24,-3,-18,-14,22,12,6,-3,sil
7.163199663162232,-1,11,18,10,4,1,-8,-8,-18,-4,20,6,-1,-10,sil
7.17903995513916,-1,14,22,21,3,10,7,-6,-6,3,11,2,-4,-4,sil
7.17903995513916,0,0,11,19,0,18,11,0,-2,-1,-6,-8,-12,0,sil
7.194170236587524,-5,-6,-1,5,0,24,12,3,-6,-5,-14,-23,-24,-2,sil
7.194170236587524,-9,0,-6,1,3,24,19,3,0,0,-18,-27,-29,-5,sil
7.209771156311035,-5,0,0,15,12,26,34,14,14,10,-19,-16,-24,-1,sil
7.209771156311035,-2,-2,3,15,11,25,47,24,28,32,-9,-3,-14,10,sil
7.225893259048462,-7,-11,-9,-5,-4,5,31,15,35,37,-9,-5,-8,12,sil
7.225893259048462,-5,-13,-16,-19,-11,-11,1,4,32,13,-19,-13,-2,0,sil
7.241626739501953,5,0,-12,-12,-4,-7,-8,0,17,-4,-15,-4,7,-2,sil
7.241626739501953,10,3,-6,-4,-5,-5,-11,-8,-1,-9,0,12,14,4,sil
7.257091760635376,14,-5,-3,-7,-11,-17,-24,-15,-14,-16,1,15,12,0,sil
7.257091760635376,12,6,7,-8,-3,-15,-29,-16,-21,-19,2,11,6,-7,sil
7.272659063339233,4,23,23,9,8,-1,-14,-17,-25,-13,10,12,1,0,sil
7.272659063339233,4,18,20,30,10,7,2,-13,-18,0,0,2,-5,14,sil
7.288658380508423,1,3,12,21,8,9,14,-4,-2,11,-18,-9,-9,14,sil
7.288658380508423,-8,-11,0,0,8,8,23,2,12,20,-14,-9,0,5,sil
7.304040431976318,-10,-21,-16,-11,4,7,20,10,14,27,-1,-9,10,8,sil
7.304040431976318,-7,-19,-16,-14,-3,-1,7,10,9,19,5,-9,8,10,sil
7.319311141967773,-10,-11,-12,-13,-6,-16,-2,5,9,0,11,-2,8,0,sil
7.319311141967773,-9,-9,-15,-12,-9,-14,-11,5,4,-8,10,4,16,-7,sil
7.33510160446167,-2,-6,-14,-11,-10,-3,-17,3,0,0,9,9,14,-6,sil
7.33510160446167,4,2,-4,-8,-5,-3,-14,0,8,0,17,14,9,-4,sil
7.350119352340698,14,10,3,-3,-1,-9,-15,1,11,-9,24,19,12,-2,sil
7.350119352340698,23,14,8,1,-5,-7,-17,4,0,-13,25,21,14,0,sil
7.365663051605225,17,15,14,8,0,-3,-12,0,-13,-13,22,17,8,-3,sil
7.365663051605225,6,10,14,9,9,-6,-11,-7,-15,-19,9,8,0,-2,sil
7.380750894546509,3,12,10,6,3,-9,-19,-5,-18,-26,-2,4,-7,0,sil
7.380750894546509,-3,6,10,1,0,-12,-20,-2,-31,-29,-9,-3,-17,-12,sil
7.396680116653442,-15,-9,0,-2,1,-7,-2,-3,-29,-21,-21,-23,-32,-25,sil
7.396680116653442,-13,-3,0,0,3,11,19,0,-5,0,-25,-20,-30,-9,sil
7.411712646484375,0,11,14,9,8,22,28,1,9,16,-10,-2,-6,10,sil
7.427427053451538,0,3,11,5,9,15,23,-2,6,15,0,-6,1,6,sil
7.427427053451538,-8,-13,-2,-3,0,8,17,-2,3,12,-4,-13,-9,-6,sil
7.442480564117432,-13,-14,-15,-5,-8,6,11,0,2,17,-13,-16,-19,-8,sil
7.442480564117432,-10,0,-16,4,-1,8,5,-1,2,8,-19,-14,-16,-2,sil
7.442480564117432,0,6,2,18,7,14,10,0,4,-1,-8,-1,-7,4,sil
7.4581122398376465,0,-2,7,11,1,19,13,1,7,6,1,6,2,9,sil
7.47395920753479,-14,-10,-3,-4,-3,13,2,-3,7,15,-6,-3,4,5,sil
7.47395920753479,-4,-5,-4,4,0,7,0,-1,8,15,-8,-4,6,8,sil
7.489172697067261,14,0,1,11,2,6,7,8,11,14,4,5,15,17,sil
7.489172697067261,7,-1,-3,-3,0,2,7,10,16,12,9,5,12,11,sil
7.504842519760132,3,0,-9,-7,-3,-2,4,11,25,16,1,-2,3,2,sil
7.504842519760132,11,3,0,3,0,-2,7,19,34,20,5,1,17,8,sil
7.520626783370972,8,6,-1,0,0,-9,1,11,23,8,10,8,29,12,sil
7.520626783370972,1,-2,-14,-19,-10,-19,-15,-3,-7,-11,4,6,15,0,sil
7.535689115524292,2,-11,-13,-26,-14,-24,-23,-7,-24,-19,4,8,7,0,sil
7.535689115524292,3,-3,-6,-16,-6,-25,-22,-9,-19,-19,6,13,10,0,sil
7.551703929901123,3,-1,-5,-16,-5,-25,-23,-14,-18,-26,3,8,1,-12,sil
7.551703929901123,1,-9,-3,-25,-9,-23,-22,-10,-20,-31,2,2,-7,-20,sil
7.567784786224365,4,6,7,-6,0,-16,-15,-1,-14,-25,8,12,-3,-6,sil
7.567784786224365,6,22,12,13,10,-7,-8,-1,-10,-14,16,16,-1,-1,sil
7.583795785903931,-7,5,0,3,0,0,-7,-12,-19,-13,7,-3,-12,-17,sil
7.583795785903931,-17,-2,0,-2,-2,0,-3,-19,-29,-19,-10,-21,-27,-25,sil
7.598985433578491,-4,10,13,16,15,10,15,-1,-11,-1,-10,-15,-21,-7,sil
7.598985433578491,3,8,10,32,23,25,27,16,16,26,1,-5,0,12,sil
7.614794015884399,-1,-10,3,23,4,28,10,9,20,22,-1,-3,1,11,sil
7.615150451660156,-5,-16,0,5,-8,17,-2,-1,12,8,-13,-6,-6,4,sil
7.63070821762085,-1,-4,0,-1,-5,11,6,2,15,16,-7,-8,-4,4,sil
7.63070821762085,8,2,3,3,-1,7,12,13,23,27,3,0,8,8,sil
7.645920038223267,14,4,5,0,0,-3,0,9,18,16,6,15,21,12,sil
7.645920038223267,12,11,12,-6,2,-8,-8,-1,0,-2,15,26,23,8,sil
7.661539554595947,20,29,25,8,11,3,3,-2,-8,0,23,21,12,2,sil
7.661539554595947,10,34,33,25,20,16,9,-1,-3,4,8,8,-3,0,sil
7.676701545715332,-13,12,19,17,17,18,8,-6,-1,-9,-10,-6,-15,-2,sil
7.676701545715332,-19,-1,-3,5,8,13,19,-4,0,-7,-16,-19,-15,-3,sil
7.692180633544922,-16,-8,-14,1,0,5,21,1,0,9,-22,-26,-23,-3,sil
7.692180633544922,-19,-25,-23,-7,-15,4,9,1,-6,7,-30,-30,-32,-3,sil
7.707770824432373,-16,-37,-29,-23,-24,6,7,0,-12,0,-22,-21,-16,-3,sil
7.707770824432373,-17,-28,-27,-26,-21,-5,5,4,-5,2,-13,-10,4,0,sil
7.723881721496582,-18,-20,-24,-16,-23,-20,-10,4,-2,0,-12,-5,5,0,sil
7.723881721496582,-5,-21,-15,-14,-19,-17,-23,3,-1,-10,-2,6,1,-6,sil
7.738856077194214,4,-13,-13,-20,0,-8,-17,2,6,-10,7,12,11,-5,sil
7.738856077194214,9,-1,-9,-14,10,-8,-7,0,13,-5,6,8,21,7,sil
7.754223823547363,9,1,-1,4,2,-13,-10,-4,1,-7,2,3,14,4,sil
7.754223823547363,5,5,-6,5,-2,-18,-18,-5,-18,-15,5,2,0,-7,sil
7.769928455352783,13,15,2,0,4,-17,-11,0,-18,-9,19,13,7,5,sil
7.769928455352783,30,22,25,17,10,-6,1,10,7,13,30,26,30,25,sil
7.786037445068359,26,8,19,6,0,2,2,8,25,17,22,18,23,15,sil
7.786037445068359,4,-11,-4,-33,-10,-2,-4,-1,23,2,12,0,7,-3,sil
7.801635026931763,0,-4,-6,-19,0,-11,-10,-5,19,3,12,0,12,0,sil
7.801635026931763,6,15,6,18,7,-8,-13,-4,7,8,10,7,12,0,sil
7.81676435470581,0,18,7,17,4,-4,-7,-8,-9,-6,0,0,-6,-11,sil
7.81676435470581,-11,15,5,10,6,0,0,-12,-22,-19,-2,-6,-19,-17,sil
7.832414627075195,-9,18,11,15,9,2,2,-10,-28,-8,2,2,-13,-15,please
7.832414627075195,3,20,17,10,5,8,7,-5,-19,0,7,8,-4,-7,please
7.847877264022827,11,23,27,18,8,15,8,-1,-6,-8,7,4,-7,0,please
7.847877264022827,10,22,22,27,11,22,4,0,-5,-11,0,-1,-14,-1,please
7.863013982772827,4,9,10,14,9,30,13,4,0,5,-10,-3,-13,0,please
7.863013982772827,0,-4,7,4,9,32,25,9,11,12,-15,-3,-8,5,please
7.878636121749878,-14,-15,-4,2,0,21,12,8,5,5,-20,-20,-17,-7,please
7.878636121749878,-32,-26,-15,-7,-9,2,-9,-3,-6,1,-25,-27,-25,-19,please
7.893880605697632,-22,-28,-11,-12,-7,-2,-8,-9,-5,0,-23,-15,-14,-6,please
7.893880605697632,-4,-20,-5,-5,-6,5,11,1,7,6,-15,-9,-5,5,please
7.909118890762329,-12,-20,-6,-4,-12,7,24,17,24,25,-2,-6,-2,6,please
7.909118890762329,-15,-22,-15,-7,-11,-8,17,15,22,16,0,0,5,9,please
7.924681663513184,-2,-16,-16,-8,-5,-18,3,6,0,-14,-4,10,13,20,please
7.924681663513184,15,-2,-1,-6,-2,-7,4,11,1,-5,-2,11,16,43,please
7.940733909606934,25,0,11,-8,0,0,8,10,25,22,-1,-3,18,47,please
7.940733909606934,5,-3,-2,-9,2,-7,-3,-2,22,20,-1,-8,13,5,please
7.956060171127319,-17,-1,-34,-11,6,-13,-13,-7,0,4,5,9,4,-23,please
7.956060171127319,-7,0,-31,-20,0,-12,-16,-6,-21,-18,-2,0,-2,-10,please
7.971742868423462,5,-6,-12,-23,-7,-11,-11,-10,-23,-33,-17,-29,-6,-5,please
7.971742868423462,-5,-8,-19,-17,-3,-3,0,-3,-5,-10,3,-9,0,-22,please
7.98712682723999,-9,0,-24,-16,0,-4,-2,8,0,15,26,17,15,-22,please
7.98712682723999,0,2,-10,-15,-6,-11,-15,0,-4,11,7,-5,17,-17,please
8.002710580825806,0,0,5,-9,-14,-4,-12,-15,-7,-7,0,-11,3,-17,please
8.002710580825806,11,17,26,4,-15,-4,-8,-18,-14,-19,25,29,0,-2,please
8.022897958755493,36,46,43,32,-7,-16,-21,-11,-19,-13,32,45,5,13,please
8.022897958755493,35,42,46,45,9,-17,-24,-3,-9,0,30,31,19,11,please
8.033084630966187,22,21,35,34,18,-3,-2,2,-1,3,38,38,28,12,please
8.033084630966187,13,17,27,28,19,10,5,0,-9,-13,21,40,11,8,please
8.048702478408813,-4,10,16,26,17,9,-6,-10,-16,-32,-12,-1,-21,-14,please
8.063907623291016,-10,0,11,20,14,5,-2,-3,-3,-14,-11,-25,-29,-14,please
8.063907623291016,0,3,15,20,13,21,18,9,13,17,0,0,-12,5,please
8.078979015350342,-9,-11,-11,4,5,28,22,12,21,20,-22,-12,-15,0,please
8.078979015350342,-33,-35,-41,-24,-3,10,14,10,16,-1,-46,-54,-30,-15,please
8.094172239303589,-28,-24,-24,-24,-2,12,14,4,2,-19,-43,-36,-31,-10,please
8.094172239303589,-5,-2,0,3,-5,23,15,-4,-2,-7,-32,-7,-23,3,please
8.109503269195557,1,-9,-1,4,-6,2,4,-2,4,24,-15,-22,-6,4,please
8.109503269195557,-3,-23,-16,-15,0,-12,-8,1,8,29,0,-31,3,3,please
8.124930381774902,-7,-22,-19,-18,-5,0,-10,2,2,15,-2,-8,1,9,please
8.124930381774902,-10,-7,-8,-5,-5,5,4,15,10,26,-6,7,7,13,please
8.140072107315063,-7,3,-9,-7,7,0,19,30,30,43,9,11,29,14,please
8.140072107315063,2,-5,-18,-24,-1,-3,13,23,35,31,21,14,36,11,please
8.155606269836426,18,-7,-2,-19,-27,-12,0,6,23,1,14,11,27,7,please
8.155606269836426,25,16,18,0,-17,-17,0,-1,7,-17,17,16,23,5,please
8.171635150909424,14,18,9,-4,3,-18,-1,-5,-6,-19,28,20,23,0,please
8.171635150909424,0,4,-7,-13,0,-17,-8,-15,-18,-19,17,8,8,-16,please
8.186769485473633,-5,16,4,1,3,-4,-8,-26,-32,-27,0,2,-9,-25,please
8.186769485473633,-6,21,8,8,14,2,-7,-28,-45,-39,-6,0,-22,-21,please
8.202281475067139,-7,3,1,0,4,-3,-14,-26,-47,-40,-13,-10,-34,-18,please
8.202281475067139,0,3,17,9,-2,-2,-13,-19,-36,-16,-9,-6,-35,-9,please
8.217676162719727,6,12,28,26,6,8,0,-6,-22,11,2,0,-18,12,please
8.217676162719727,1,3,13,19,8,14,10,3,-4,13,-4,0,-6,23,please
8.23369812965393,-7,-13,-4,6,-3,17,16,11,19,13,-21,-3,-6,15,sil
8.23369812965393,-8,-23,-17,0,-5,18,14,15,30,23,-15,-6,2,10,sil
8.24864649772644,-8,-25,-23,-14,1,2,0,14,23,16,-4,-6,11,8,sil
8.24864649772644,-16,-31,-29,-23,-3,-11,-9,14,22,3,-12,-14,1,0,sil
8.263910055160522,-18,-36,-31,-17,-13,-5,-2,15,31,0,-12,-16,1,-7,sil
8.263910055160522,1,-12,-13,-6,-9,-4,0,14,27,1,9,7,23,-1,sil
8.279246091842651,25,18,12,3,4,-12,-9,8,4,0,25,25,30,5,sil
8.279246091842651,19,16,15,5,5,-12,-9,-3,-12,-2,17,17,8,0,sil
8.294669151306152,11,6,2,-2,-4,-10,-6,-6,-5,1,13,13,2,-4,sil
8.294669151306152,19,20,11,4,0,-5,-9,-3,1,0,24,23,15,0,sil
8.310757160186768,24,34,28,25,12,1,-4,-8,-10,-11,23,22,12,1,sil
8.310757160186768,18,27,21,18,13,4,1,-11,-15,-10,9,10,0,0,sil
8.32630467414856,6,12,15,1,8,2,-5,-8,-7,1,3,1,-3,-7,sil
8.32630467414856,-5,9,13,10,1,0,-8,-11,-16,-5,-3,-9,-13,-14,sil
8.341921329498291,-11,12,8,19,0,-2,0,-11,-24,-17,-8,-11,-24,-10,sil
8.341921329498291,-7,9,5,14,10,7,11,0,-2,3,2,-1,-14,2,sil
8.357651948928833,-8,0,1,12,15,19,19,7,16,21,-2,-2,0,5,sil
8.3738431930542,-19,-14,-6,1,1,17,16,3,0,-3,-31,-24,-12,-5,sil
8.3738431930542,-21,-18,-16,-7,-2,12,10,0,-10,-20,-35,-36,-26,-10,sil
8.3738431930542,-19,-9,-14,-5,0,13,10,4,5,3,-17,-28,-18,-1,sil
8.389003276824951,-21,-11,-9,-8,-8,12,9,15,19,25,-13,-16,-4,7,sil
8.389003276824951,-15,-19,-19,-21,-14,1,7,11,23,19,-15,-11,2,8,sil
8.404995441436768,-7,-18,-23,-28,-11,-7,2,0,21,9,-10,-4,6,5,sil
8.404995441436768,1,-12,-13,-20,-17,-9,0,4,15,10,0,8,15,10,sil
8.420141220092773,11,-10,-7,-15,-22,-13,-4,12,9,11,18,23,28,16,sil
8.435852527618408,9,-9,-10,-29,-19,-23,-19,0,0,0,18,19,19,8,sil
8.435852527618408,11,0,-5,-26,-8,-20,-20,-15,-14,-14,2,10,0,-2,sil
8.435852527618408,28,12,17,7,8,-7,-8,-7,-15,-8,16,26,12,4,sil
8.451408863067627,27,17,21,18,16,-3,-4,2,-7,3,33,35,26,14,sil
8.452409029006958,0,14,2,-2,7,-7,-7,-5,-19,-16,9,5,-2,-8,sil
8.467159271240234,-2,11,4,2,7,-10,-6,-14,-35,-40,-11,-14,-22,-33,sil
8.482866525650024,14,13,18,26,14,-8,-2,-8,-18,-13,0,-6,-3,-19,sil
8.482866525650024,0,10,16,20,6,-1,0,-5,0,7,7,-1,0,-3,sil
8.498628616333008,-18,-4,0,8,0,10,0,-9,-9,-12,-6,-17,-22,-13,sil
8.498628616333008,-13,-16,-6,15,6,20,7,0,-13,-15,-22,-28,-32,-13,sil
8.51520586013794,-12,-15,-2,14,6,20,20,12,10,14,-17,-19,-17,3,sil
8.51520586013794,-14,-15,-9,1,-5,13,17,16,33,27,-6,-7,0,10,sil
8.529975652694702,-6,-18,-16,-9,-7,11,7,17,32,15,-5,-1,7,15,sil
8.529975652694702,0,-8,-9,-8,2,11,9,22,36,19,4,5,16,26,sil
8.529975652694702,15,5,1,0,7,2,1,14,37,29,21,17,31,22,sil
8.545675992965698,25,10,3,-1,0,-8,-17,-4,2,-1,17,21,22,2,sil
8.562193393707275,16,7,2,-13,-10,-12,-16,-16,-28,-45,2,7,-1,-7,sil
8.562193393707275,4,10,8,-11,-4,-9,-3,-13,-16,-34,5,0,-1,-7,sil
8.562193393707275,4,14,16,6,10,-7,-7,-8,-7,3,7,0,1,-9,sil
8.57706069946289,5,17,18,25,9,0,-9,-12,-22,7,4,5,-5,-5,sil
8.594089031219482,2,16,18,26,8,7,3,-14,-21,0,10,20,2,4,sil
8.594089031219482,-9,1,2,2,12,6,4,-5,-3,12,0,14,1,2,sil
8.594089031219482,-27,-8,-13,-15,-1,8,-5,4,2,12,-25,-12,-23,-10,sil
8.609160423278809,-18,1,-2,6,-9,11,2,13,12,12,-11,-8,-16,0,sil
8.624848127365112,1,-2,10,13,0,0,14,13,20,23,5,7,8,16,sil
8.624848127365112,-4,-16,-7,-29,-16,-16,1,0,3,2,-19,-8,-4,0,sil
8.6399405002594,-11,0,-27,-32,-34,-15,-1,-3,-8,-17,-26,-23,-16,-14,sil
8.6399405002594,3,-6,-9,0,-21,-4,9,3,-1,-3,-2,-7,1,-3,sil
8.655340671539307,5,-29,-2,-25,-13,-13,0,0,-2,-13,-5,0,4,-7,sil
8.655340671539307,-6,17,-20,-38,-1,-23,-24,-8,-8,-38,-5,4,-7,-19,sil
8.670923709869385,2,54,-4,19,23,-7,-25,0,-3,-18,30,23,10,-4,sil
8.670923709869385,17,11,27,50,26,13,0,7,0,5,39,17,33,3,sil
8.68648362159729,2,-14,18,28,15,12,12,1,-2,0,6,-12,0,0,sil
8.68648362159729,-11,-9,-4,20,11,5,11,0,-8,2,-10,-18,-39,12,sil
8.702012777328491,0,-16,0,17,1,15,18,0,-1,19,2,-9,-3,18,sil
8.702012777328491,9,-11,9,3,-3,23,25,0,10,28,11,-16,37,4,sil
8.718057870864868,9,-3,-1,-2,0,7,16,4,18,23,0,-20,18,8,sil
8.718057870864868,14,-6,-8,-2,0,-12,0,4,18,8,-3,0,3,19,sil
8.734005451202393,11,-5,-8,-14,-3,-10,-12,0,16,0,2,14,15,9,sil
8.734005451202393,-4,-16,-23,-36,-13,-2,-11,0,5,2,-10,1,6,-1,sil
8.7496817111969,-11,-24,-21,-44,-16,-8,-13,-2,-9,-8,-15,0,-3,-6,sil
8.7496817111969,-2,-8,-4,-42,-6,-14,-24,-10,-18,-30,-3,11,-3,-16,sil
8.764860153198242,-8,8,0,-31,5,-7,-22,-13,-26,-41,-15,-1,-25,-28,sil
8.764860153198242,-22,17,7,0,14,5,-1,-8,-25,-22,-32,-22,-45,-24,sil
8.780150413513184,-13,4,17,16,9,17,13,-1,-5,10,-12,-15,-27,-7,sil
8.780150413513184,-9,-18,5,4,0,19,17,0,7,22,-3,-5,-9,1,sil
8.795748233795166,-13,-5,-6,12,1,11,16,8,9,12,-13,-10,-8,6,sil
8.795748233795166,6,20,0,24,4,0,6,16,14,5,5,8,5,11,sil
8.810973167419434,22,10,9,4,-5,-13,-6,8,8,-2,30,34,16,0,sil
8.810973167419434,6,7,14,8,-9,-14,-10,-5,-8,-12,23,26,5,-16,sil
8.826987266540527,0,35,28,52,8,2,0,-5,-7,0,22,14,4,-6,sil
8.826987266540527,4,34,23,57,15,12,7,1,3,12,20,5,7,13,sil
8.842621564865112,0,1,2,22,0,14,6,2,9,15,3,-4,3,20,sil
8.842621564865112,2,-4,0,6,-6,15,16,8,23,30,3,4,14,27,sil
8.857996463775635,13,-2,-6,2,-10,-3,9,7,28,21,3,9,20,26,sil
8.857996463775635,7,-20,-18,-17,-16,-23,-19,-3,10,-17,-2,0,12,10,sil
8.874339580535889,11,-17,-8,-24,-3,-7,-13,1,9,-12,7,12,22,10,sil
8.874339580535889,24,2,4,-18,5,1,4,10,12,16,19,33,28,14,sil
8.889819383621216,15,3,0,-20,-2,-18,-9,-4,-9,-2,10,20,5,-5,sil
8.889819383621216,0,0,-10,-14,-4,-21,-14,-16,-28,-29,-3,-4,-10,-26,sil
8.905029535293579,-9,0,-9,-10,0,-10,-10,-14,-33,-29,-14,-18,-14,-33,sil
8.905029535293579,-17,1,0,-10,0,-11,-22,-15,-38,-24,-12,-24,-17,-32,sil
8.920430898666382,-11,10,6,4,12,-3,-12,-11,-23,-8,1,-18,-14,-16,sil
8.920430898666382,-1,11,11,17,19,10,10,0,0,8,4,-7,-6,5,sil
8.935676336288452,-3,0,6,15,5,13,9,0,0,10,-4,-13,-4,8,sil
8.935676336288452,-12,-10,0,10,-1,20,7,-3,-3,11,-12,-21,-10,-2,sil
8.951066493988037,-22,-24,-9,-7,-3,22,13,-2,-2,5,-28,-23,-24,-7,sil
8.951066493988037,-21,-27,-21,-22,-11,6,13,0,-9,-8,-42,-25,-32,-1,sil
8.96700406074524,-8,-14,-11,-13,-8,2,17,11,-4,-1,-27,-14,-20,7,sil
8.96700406074524,-3,-15,-7,-10,0,12,17,26,21,23,-8,-3,0,7,sil
8.982168912887573,-14,-24,-22,-24,-1,3,11,27,28,27,-12,-9,10,0,sil
8.982168912887573,-12,-12,-22,-20,-4,-5,14,22,21,11,-14,-10,7,0,sil
8.997729301452637,6,3,-8,-1,0,1,10,16,26,0,0,8,12,6,sil
8.997729301452637,17,9,6,1,2,0,-2,5,27,-2,23,29,24,10,sil
9.013235092163086,15,14,11,0,-4,-15,-5,-5,17,0,34,33,28,8,sil
9.013235092163086,13,13,6,0,-6,-19,-11,-12,8,-8,29,26,16,0,sil
9.029159545898438,8,6,1,-3,-1,-14,-25,-20,-6,-27,15,17,0,-11,sil
9.029159545898438,5,12,9,4,0,-16,-31,-27,-29,-32,11,16,-5,-14,sil
9.044828653335571,12,30,23,21,3,-15,-31,-22,-33,-17,20,20,0,-2,sil
9.044828653335571,19,32,25,24,8,-1,-20,-2,-10,3,29,15,9,5,sil
9.060229778289797,14,16,22,19,6,13,-3,2,1,9,27,8,12,5,sil
9.060229778289797,13,12,26,20,9,17,1,-1,-4,4,18,10,7,7,sil
9.076099634170532,15,24,23,29,17,19,11,5,4,20,4,2,0,17,sil
9.076099634170532,2,15,13,28,14,22,28,7,14,31,-8,-17,-5,13,sil
9.09108829498291,-17,-8,-7,4,1,12,25,0,4,14,-17,-27,-10,0,sil
9.09108829498291,-21,-15,-21,-12,-4,5,11,1,0,0,-29,-26,-17,-2,sil
9.10698127746582,-16,-19,-15,-4,-5,9,10,0,-1,-1,-42,-26,-23,-7,sil
9.10698127746582,-14,-28,-15,-4,-6,6,8,-9,-20,-9,-34,-25,-28,-16,sil
9.12208080291748,-18,-26,-16,-15,-11,-9,-1,-7,-23,-7,-17,-17,-22,-13,sil
9.137904644012451,-17,-16,-14,-13,-16,-17,-3,3,-3,4,-10,-6,-2,0,sil
9.137904644012451,-3,-12,-9,-5,-7,-11,-1,5,3,6,1,6,11,4,sil
9.137904644012451,5,-13,3,-7,0,-4,-1,3,0,4,9,16,10,5,sil
9.152977705001833,7,-14,-4,-16,-5,-9,1,6,4,0,-2,8,8,4,sil
9.152977705001833,1,-15,-19,-29,-10,-18,-3,5,7,-15,-9,1,4,0,sil
9.168867588043211,0,-11,-12,-26,-8,-18,-15,3,5,-16,0,6,3,-2,sil
9.168867588043211,2,0,1,-3,-3,-4,-13,7,6,0,9,11,10,0,sil
9.184657573699951,5,13,4,5,9,4,-3,6,5,5,18,13,14,-2,sil
9.184657573699951,14,17,5,4,18,0,-2,-1,0,-5,22,8,11,0,sil
9.20022749900818,22,22,12,8,10,-2,-3,-2,-3,-9,18,11,19,7,sil
9.215546607971191,20,25,14,14,5,2,0,0,0,-7,16,14,21,2,sil
9.215546607971191,-1,16,3,10,4,12,0,-4,0,-16,6,-4,-3,-12,sil
9.215546607971191,-23,3,-3,4,2,13,5,-15,-10,-20,-9,-24,-24,-23,sil
9.231645107269289,-17,-1,0,9,4,9,15,-10,-18,-4,-12,-13,-13,-10,sil
9.231645107269289,-4,-6,0,14,6,13,13,8,-4,18,-3,0,1,9,sil
9.24677324295044,-11,-11,-13,5,-3,10,6,14,19,34,-7,-16,0,17,sil
9.262162685394289,-16,-14,-23,-13,-9,-4,0,4,30,29,-15,-21,-2,13,sil
9.262162685394289,0,-17,-8,-29,-7,-16,-10,5,22,7,0,4,3,4,sil
9.27771806716919,19,-5,2,-19,-8,-14,-16,3,5,-7,16,22,2,-4,sil
9.27771806716919,14,18,7,1,-5,-15,-17,-19,-17,-14,11,15,-6,-11,sil
9.293939352035522,2,21,13,2,-1,-17,-20,-25,-31,-19,4,5,-10,-11,sil
9.293939352035522,2,10,16,0,-1,-7,-16,-6,-22,-5,7,6,-5,-5,sil
9.309516668319702,12,17,30,16,3,11,-1,2,-4,12,17,17,1,7,sil
9.309516668319702,14,24,32,30,8,20,13,1,0,10,16,10,0,13,sil
9.324769973754885,-3,9,14,20,8,23,23,0,0,0,-4,-5,-6,7,sil
9.324769973754885,-18,-2,0,10,9,29,27,1,2,2,-19,-11,-7,5,sil
9.3408100605011,-11,0,-1,13,8,28,32,5,4,5,-14,-12,-4,8,sil
9.3408100605011,-6,-5,-3,2,0,7,26,3,0,-4,-24,-21,-13,0,sil
9.35599684715271,-12,-19,-17,-15,-8,-11,7,-1,0,-9,-40,-28,-21,-8,sil
9.35599684715271,-6,-18,-18,-10,-2,-7,-3,3,7,-1,-20,-12,-14,0,sil
9.371613025665283,3,-14,-7,-2,0,-1,-2,10,13,8,2,6,0,7,sil
9.371613025665283,-1,-20,-15,-13,-8,-11,-8,5,17,11,-1,-1,9,0,sil
9.38671588897705,-6,-19,-22,-13,-6,-14,-11,2,21,6,-3,-9,12,-8,sil
9.38671588897705,0,-8,-16,0,1,-6,-6,1,15,2,7,0,10,-8,sil
9.402801513671877,3,-6,-12,-6,-2,-4,-11,-1,0,0,3,7,13,-2,sil
9.402801513671877,8,-9,-4,-18,-6,-9,-16,4,0,-1,0,15,25,6,sil
9.417959690093994,17,0,1,-6,-1,-9,-5,10,5,2,15,27,30,13,sil
9.417959690093994,8,10,1,1,2,-9,-2,0,-2,1,23,23,20,0,sil
9.433130502700806,-5,4,-1,-6,0,-16,-15,-7,-9,-8,17,9,6,-13,sil
9.433130502700806,0,-2,1,-10,-11,-16,-22,-3,-6,-8,16,3,0,-10,sil
9.448845386505129,9,7,10,-5,-16,-9,-17,-6,-19,-10,14,0,-4,-4,sil
9.448845386505129,5,19,11,0,-3,-5,-6,-11,-38,-26,4,-4,-9,-6,sil
9.464038848876951,4,17,13,7,10,3,5,-6,-32,-22,4,0,-9,-2,sil
9.464038848876951,12,16,17,18,18,16,13,4,-5,4,17,11,0,9,sil
9.479378461837769,5,24,14,22,20,12,13,7,4,14,16,10,2,9,sil
9.479378461837769,-11,17,11,13,9,5,9,0,-9,3,0,-4,-5,-2,sil
9.494990825653076,-11,1,4,4,-1,10,1,-6,-17,0,-11,-15,-10,-2,sil
9.494990825653076,0,-1,2,3,1,6,-3,-10,-12,0,-10,-7,-7,2,sil
9.510873317718506,0,-1,2,2,7,3,0,-11,-7,2,-6,-3,-11,-4,sil
9.510873317718506,-8,-1,-1,4,4,16,7,-6,-2,5,-11,-8,-13,-11,sil
9.525980710983276,-7,0,2,15,4,18,10,0,3,4,-12,-8,-4,-3,sil
9.525980710983276,0,-2,0,15,4,2,9,0,14,7,-7,-12,-6,6,sil
9.542075395584106,-5,-9,-11,-5,-2,0,7,1,20,6,-13,-21,-16,3,sil
9.542075395584106,-16,-15,-20,-21,-6,3,9,5,24,-9,-30,-27,-22,-2,sil
9.557687759399414,-13,-19,-25,-18,-6,-3,14,8,38,-13,-38,-28,-21,-5,sil
9.557687759399414,-11,-18,-18,-13,-11,-4,11,11,45,3,-27,-15,-10,-4,sil
9.57281732559204,-17,-15,-12,-12,-17,4,7,10,41,13,-13,-2,2,3,sil
9.57281732559204,-14,-17,-17,-20,-13,7,4,8,50,14,-6,-3,8,11,sil
9.588688850402832,0,-14,-13,-22,-12,0,0,15,46,26,9,2,16,9,sil
9.588688850402832,10,-2,5,-6,-15,-10,-3,12,-2,18,19,27,26,10,sil
9.603883028030396,12,5,10,3,-6,-17,-10,0,-45,-12,6,33,20,11,sil
9.603883028030396,17,5,-2,-5,1,-18,-15,0,-34,-10,10,24,17,6,sil
9.61992621421814,22,11,7,1,7,-3,-12,-3,-27,3,33,29,22,1,sil
9.61992621421814,24,26,28,28,21,11,-8,-12,-48,-16,28,35,16,0,sil
9.636071920394896,25,31,28,26,23,2,-12,-8,-39,-19,26,29,14,2,sil
9.636071920394896,19,22,26,8,11,-10,-13,-3,-13,3,49,28,24,9,sil
9.65204668045044,10,13,23,17,6,-5,-9,-4,-11,0,44,24,20,7,sil
9.65204668045044,2,6,16,15,8,0,-7,-3,-14,-12,19,8,5,-1,sil
9.667694091796877,-5,-5,5,-4,4,-4,-8,-8,-6,-4,1,-10,-5,-8,sil
9.667694091796877,-5,-9,-1,9,0,0,-6,-13,-4,2,-12,-20,-19,-7,sil
9.68277144432068,0,-6,0,29,2,4,-3,-8,-6,3,-7,-14,-15,-3,sil
9.68277144432068,-9,-9,-11,3,0,-4,2,-7,-11,-4,-12,-28,-16,-11,sil
9.697907209396362,-25,-14,-27,-25,-10,-6,12,-8,-17,-20,-44,-50,-39,-27,please
9.697907209396362,-19,-13,-23,-24,-10,0,24,2,1,-6,-42,-34,-32,-21,please
9.713993310928345,-6,-10,-23,-19,-5,-8,24,13,31,12,-24,-13,0,0,please
9.713993310928345,-10,-5,-25,-20,-2,-12,1,10,25,-3,-32,-16,-5,-3,please
9.729843854904177,-15,-2,-14,-11,-3,6,-10,0,7,-14,-27,-16,-30,-18,please
9.729843854904177,-12,-1,-4,0,-5,14,-2,0,15,3,-4,-10,-19,-12,please
9.74502158164978,-8,0,0,0,-3,4,-1,11,24,14,0,-3,2,1,please
9.74502158164978,0,10,4,5,1,9,0,17,28,16,5,4,12,12,please
9.760452032089232,10,17,10,15,2,12,3,1,20,18,11,13,9,18,please
9.760452032089232,9,5,6,2,-5,-3,-8,-9,-4,3,6,14,1,10,please
9.775989532470703,1,-8,0,-19,-15,-5,-12,-7,-19,-10,5,11,2,1,please
9.775989532470703,0,-4,3,-7,-4,11,6,2,-7,-2,11,10,15,13,please
9.79108500480652,7,1,6,13,14,18,16,10,4,12,2,5,15,21,please
9.806604623794556,1,-7,3,0,10,13,9,2,1,9,-8,-6,1,7,please
9.806604623794556,-16,-19,-7,-27,-3,5,6,0,-3,-1,-10,-14,-7,-4,please
9.822629451751707,-14,-6,-10,-11,3,2,5,4,-2,-8,-1,-5,1,0,please
9.822629451751707,11,18,16,29,13,7,6,1,-3,-11,11,20,20,10,please
9.837676525115969,26,28,30,34,12,3,13,-1,-6,0,31,33,26,14,please
9.837676525115969,18,11,8,5,10,-5,15,2,0,14,32,22,17,3,please
9.852704763412476,10,-5,-1,-4,0,-7,12,5,8,8,4,10,8,-2,please
9.852704763412476,12,0,8,3,-14,-12,3,5,10,6,-2,18,9,5,please
9.86840534210205,9,3,4,0,-5,-23,-13,0,4,15,23,21,13,5,please
9.86840534210205,0,-11,-11,-8,-2,-30,-29,-12,-4,0,23,3,5,-7,please
9.884034633636476,-3,-6,0,0,-12,-22,-31,-13,-14,-27,0,0,-9,-12,please
9.884034633636476,0,15,17,11,-13,-5,-26,-11,-22,-34,0,3,-18,-11,please
9.89995288848877,-8,12,8,3,-8,-2,-25,-18,-32,-31,-1,-11,-28,-18,please
9.89995288848877,-21,-1,2,0,0,-4,-17,-19,-38,-21,-22,-29,-40,-24,please
9.914774179458618,-9,0,2,13,12,9,1,-9,-15,1,-30,-28,-31,-13,please
9.914774179458618,2,0,-8,11,12,23,14,4,15,17,-18,-20,-8,4,please
9.930770635604858,-1,-11,-20,-2,4,22,16,22,37,29,-9,-14,10,16,please
9.930770635604858,-3,-15,-26,-8,6,11,13,25,42,33,-8,-6,17,16,please
9.946091413497925,0,-21,-32,-26,5,-1,0,9,26,9,-1,3,15,1,please
9.946091413497925,0,-23,-30,-40,-8,-10,-9,3,8,-5,9,7,16,-6,please
9.961706399917604,-2,-4,-13,-24,-12,-1,-3,3,-5,-8,0,-2,5,-5,please
9.961706399917604,-13,5,-8,-9,0,12,5,-1,-18,-21,-26,-22,-18,-14,please
9.9767484664917,-14,4,-7,-2,6,12,16,0,-3,-10,-21,-20,-15,-11,please
9.9767484664917,1,12,16,11,4,0,23,3,15,9,12,6,7,7,please
9.992340326309204,7,17,26,11,1,-13,7,0,0,1,13,13,8,3,please
9.992340326309204,0,8,15,2,-2,-8,-10,-3,-11,-5,0,2,0,-5,please
10.0077486038208,5,8,20,19,-1,0,-3,-4,-2,0,11,7,0,5,please
10.0077486038208,16,13,23,32,2,-1,7,-8,-6,-5,15,13,-1,11,please
10.032070636749268,6,6,21,9,2,4,2,-7,-16,-8,6,9,0,4,please
10.032070636749268,4,6,18,0,6,12,3,3,-6,12,15,11,7,8,please
10.032070636749268,9,10,9,13,8,4,5,5,-2,21,9,6,5,10,please
10.039671897888184,0,0,0,5,-3,-5,-3,-7,-14,4,-13,-6,-8,0,please
10.055799007415771,-7,-13,-9,-13,-18,-7,-9,-11,-8,-6,-16,-2,-14,-5,please
10.055799007415771,3,-13,-8,-13,-10,0,-4,2,8,0,1,12,2,3,please
10.070951700210571,11,0,-3,0,5,8,2,11,17,10,16,11,21,11,please
10.070951700210571,3,3,-4,4,4,9,8,6,17,8,9,3,11,5,please
10.086099624633787,-6,-5,-3,0,-8,-2,-1,-1,8,-1,-6,2,-8,-3,please
10.086099624633787,-3,-4,-1,2,-7,-10,-8,-6,-1,-3,-1,0,-6,-1,please
10.10161590576172,-1,0,-8,0,5,-1,2,-6,-4,-6,0,-5,0,0,please
10.10161590576172,-17,-16,-26,-16,3,-1,3,-5,-9,-12,-21,-23,-11,-13,please
10.116809368133543,-27,-25,-22,-15,-7,-11,-9,0,-7,-9,-21,-29,-13,-20,please
10.116809368133543,-13,-15,-1,-2,-4,-7,-6,11,10,0,0,-7,5,-9,please
10.132889032363892,2,-9,0,0,0,1,3,14,21,7,6,0,13,2,please
10.132889032363892,7,-1,-1,0,1,1,2,9,13,3,13,2,15,8,please
10.149000644683838,7,8,4,4,4,-1,0,8,9,0,25,16,21,16,please
10.149000644683838,6,8,3,0,2,-1,0,1,5,3,6,14,13,12,please
10.164761781692505,4,6,5,-5,0,0,-3,-9,-5,0,-13,0,-4,-5,sil
10.164761781692505,6,11,5,0,0,4,-3,-3,-7,-5,-6,2,-9,-4,sil
10.18003749847412,13,13,4,1,6,10,2,6,2,4,2,5,0,8,sil
10.18003749847412,13,3,4,-4,5,0,4,0,4,10,-1,-1,0,0,sil
10.195976734161375,-3,-8,-9,-15,-3,-10,-11,-12,-12,-2,-12,-11,-14,-12,sil
10.195976734161375,-17,-9,-21,-25,-5,-8,-25,-10,-32,-24,-21,-15,-27,-17,sil
10.211118459701538,-3,2,-10,-19,-4,-5,-11,-7,-26,-32,-19,-11,-20,-19,sil
10.211118459701538,11,12,10,4,0,-1,1,-7,-7,-5,4,2,0,-8,sil
10.226813554763794,8,22,22,32,10,6,4,0,-2,25,27,14,11,10,sil
10.226813554763794,6,30,29,38,16,15,7,0,-9,10,26,14,10,14,sil
10.24260115623474,7,21,35,24,15,17,9,-5,-7,-13,17,12,3,4,sil
10.24260115623474,1,9,24,24,11,12,10,-3,2,2,8,3,0,0,sil
10.257850885391235,-9,7,9,30,4,10,15,-2,6,19,-6,-12,-9,1,sil
10.257850885391235,-15,-7,-2,8,-4,14,17,-1,9,14,-14,-17,-19,5,sil
10.273953199386597,-13,-24,-18,-14,-16,7,12,9,14,13,-15,-9,-13,6,sil
10.273953199386597,-8,-13,-16,-9,-24,-7,3,13,13,14,-10,-2,0,4,sil
10.289145708084106,0,-7,-12,-2,-21,-13,0,5,11,2,-3,1,6,7,sil
10.289145708084106,-2,-26,-24,-18,-10,-11,3,5,16,-1,-5,3,7,7,sil
10.304715633392334,-10,-32,-30,-26,-5,-12,0,12,21,7,-12,-3,9,0,sil
10.304715633392334,-2,-17,-19,-16,-11,-10,-9,12,19,11,3,0,19,-1,sil
10.32075810432434,10,-10,-4,-11,-6,-13,-17,3,13,4,26,17,29,0,sil
10.32075810432434,17,-3,0,-7,5,-16,-21,-3,3,-1,19,20,26,0,sil
10.33602237701416,14,3,3,-2,4,-10,-22,-6,-15,-26,0,4,10,-2,sil
10.33602237701416,7,1,6,-7,-1,-6,-13,-11,-30,-47,0,-2,-4,-7,sil
10.351619243621826,5,4,3,-2,11,-2,-4,-10,-21,-30,1,0,-11,-9,sil
10.351619243621826,4,13,11,10,20,9,-5,-4,-15,-20,1,2,-14,-6,sil
10.367325067520142,4,15,19,18,12,12,2,-5,-18,-14,8,4,-12,-5,sil
10.367325067520142,0,18,12,20,14,11,20,-4,-8,17,9,1,-4,-5,sil
10.382935285568236,-12,13,1,11,15,11,18,1,0,30,0,-12,0,-7,sil
10.382935285568236,-28,-3,-8,-4,0,10,6,2,-1,10,-8,-25,-5,-11,sil
10.398146152496338,-28,-9,-7,-14,-2,10,9,1,7,13,-10,-15,-10,-12,sil
10.398146152496338,-12,-5,-2,-14,3,9,17,8,21,26,-14,-1,-6,2,sil
10.414226531982422,-5,-12,-6,-14,-2,4,14,8,15,11,-25,-6,-4,15,sil
10.429674625396729,-8,-17,-11,-18,-12,-2,4,3,5,-3,-33,-14,-14,12,sil
10.429674625396729,9,-5,-4,-11,-17,-10,-4,0,9,1,-17,0,-8,18,sil
10.430673599243164,38,6,10,4,-15,-17,-11,-3,3,-2,13,32,14,26,sil
10.444787979125977,34,11,16,1,-11,-24,-27,-16,-25,-34,22,40,12,7,sil
10.46004605293274,13,21,8,0,-9,-24,-38,-17,-34,-44,16,17,-6,-15,sil
10.46004605293274,4,28,7,20,0,-4,-17,0,-2,-7,14,-2,-3,-15,sil
10.475254774093628,-4,24,9,28,12,15,2,6,10,15,7,-16,0,-18,sil
10.475254774093628,-14,20,10,20,13,13,0,-3,-6,4,0,-19,-5,-21,sil
10.49102020263672,-6,17,11,27,12,11,7,-1,-7,9,5,-6,2,0,sil
10.49102020263672,2,7,6,26,12,22,27,3,5,32,9,3,21,22,sil
10.50661325454712,0,-3,-1,7,4,24,20,2,8,30,5,5,18,17,sil
10.50661325454712,-7,-18,-18,-5,0,12,6,8,5,8,-1,-2,2,2,sil
10.5221745967865,-7,-25,-23,-14,0,-1,5,7,5,-6,-3,-11,-6,-4,sil
10.5221745967865,0,-17,-9,-13,0,-9,4,1,4,-8,-2,-2,-5,0,sil
10.53745985031128,2,-18,-3,-5,-3,-1,5,1,5,-4,-11,1,-11,2,sil
10.53745985031128,-3,-30,-4,-5,-2,9,6,1,11,1,-16,-3,-16,3,sil
10.553180932998655,-7,-29,-10,-12,0,2,0,2,21,10,-4,-1,0,3,sil
10.553180932998655,-14,-23,-15,-23,-3,-14,-8,7,19,8,3,3,17,-2,sil
10.568328142166138,-15,-19,-15,-29,-8,-19,-5,7,13,0,4,-1,14,-5,sil
10.568328142166138,1,-4,-12,-16,-7,-16,0,6,15,0,13,1,15,3,sil
10.584048748016356,14,7,2,-5,-7,-18,0,7,3,0,20,18,25,12,sil
10.584048748016356,18,5,12,-6,-13,-14,-4,0,-7,0,9,22,14,13,sil
10.599136352539062,18,7,10,-5,-5,-6,-10,-11,-3,-4,3,22,-4,3,sil
10.599136352539062,11,15,12,0,1,-7,-13,-16,-20,-24,7,18,-9,-10,sil
10.614612817764282,6,22,14,10,1,-4,-13,-20,-48,-38,-2,-1,-13,-19,sil
10.614612817764282,7,30,14,20,12,4,-5,-16,-39,-16,-9,-17,-19,-20,sil
10.630146980285645,0,37,16,26,19,7,8,0,-8,3,2,-11,-10,-17,sil
10.630146980285645,-6,31,17,25,11,5,6,5,-3,-6,3,-8,-4,-9,sil
10.645416021347046,-12,12,7,16,3,8,-6,-5,-13,-22,-16,-22,-18,-7,sil
10.645416021347046,-22,-1,-9,0,-5,14,-5,-13,-13,-13,-31,-31,-26,-14,sil
10.660889625549316,-20,-3,-4,-3,-4,23,7,-4,-3,8,-22,-20,-10,-6,sil
10.660889625549316,-7,-8,0,3,5,23,12,8,3,22,-8,-7,3,12,sil
10.676827907562256,-9,-19,-13,-3,0,10,4,10,5,14,-16,-12,-2,14,sil
10.676827907562256,-10,-26,-14,-19,-14,0,0,0,5,5,-33,-14,-10,4,sil
10.692059516906738,2,-21,-2,-9,-9,-4,5,-2,13,15,-18,0,-7,11,sil
10.692059516906738,0,-15,-7,-2,2,-4,5,3,17,20,10,10,-3,18,sil
10.7077476978302,-7,-17,-25,-14,0,0,3,8,21,8,14,4,0,5,sil
10.7077476978302,8,-9,-15,-11,-2,-5,4,12,27,4,11,9,15,3,sil
10.722853899002075,32,7,13,7,4,-13,-1,20,34,19,34,39,42,24,sil
10.722853899002075,40,15,14,6,11,-9,-9,18,26,24,48,54,55,30,sil
10.738378763198853,24,12,4,-4,3,-9,-10,2,0,-1,31,34,33,6,sil
10.738378763198853,4,5,7,1,-3,-13,-11,-9,-16,-24,13,5,7,-13,sil
10.75402021408081,0,6,9,11,0,-13,-17,-11,-11,-19,10,0,2,-17,sil
10.75402021408081,-1,12,12,12,0,-8,-15,-8,-13,-14,10,6,0,-20,sil
10.76966667175293,-4,6,11,15,2,0,4,-9,-18,-11,9,3,-10,-12,sil
10.76966667175293,-1,3,11,22,10,7,17,-13,-14,-2,4,-6,-17,-1,sil
10.78471541404724,-4,10,8,19,4,10,11,-9,-17,-1,-6,-13,-20,-3,sil
10.78471541404724,-20,3,-2,3,0,19,15,-2,-19,-7,-12,-18,-20,-12,sil
10.800503969192505,-33,-12,-12,-14,3,23,26,-1,-5,0,-21,-27,-23,-14,sil
10.800503969192505,-21,-9,-16,-23,-1,11,22,5,7,12,-32,-30,-18,-1,sil
10.815977811813354,1,-1,-9,-16,-7,3,11,16,14,15,-27,-14,0,14,sil
10.815977811813354,6,-11,-4,-9,-7,0,4,10,19,14,-13,-5,5,20,sil
10.832072973251345,-1,-16,-14,-10,-13,0,1,2,17,19,-9,-15,-5,14,sil
10.832072973251345,-3,-14,-17,-15,-15,1,-2,3,7,14,-10,-10,-2,3,sil
10.847606897354126,-3,-11,-14,-18,-7,-7,-17,-1,-2,-9,-14,-1,5,-3,sil
10.847606897354126,1,2,-7,-9,0,-17,-24,-6,0,-19,-5,0,5,-1,sil
10.865270137786863,12,10,2,5,4,-16,-13,0,10,-9,11,11,4,-4,sil
10.865270137786863,8,3,1,3,-2,-16,-12,-2,1,-11,5,13,0,-15,sil
10.878904581069946,-1,3,-1,-2,-6,-18,-22,-11,-19,-19,0,10,0,-11,sil
10.894761323928831,7,8,2,5,7,-5,-18,0,-11,-6,16,15,13,1,sil
10.894761323928831,10,0,7,5,15,2,-10,3,6,-3,20,14,17,-2,sil
10.894761323928831,-6,-2,4,-3,0,-6,-11,-6,-2,-11,9,6,4,-15,sil
10.91031575202942,-7,8,6,3,-3,-7,-14,-12,-18,-7,3,0,-8,-12,sil
10.91031575202942,0,10,21,11,4,9,-11,-14,-24,-11,-6,-12,-23,-6,sil
10.926364183425903,-1,5,25,11,6,17,3,-9,-23,-17,-10,-13,-22,0,sil
10.926364183425903,0,14,17,18,6,18,25,0,-15,-1,3,0,-4,11,sil
10.942019701004028,5,12,14,20,9,21,29,0,-9,14,2,3,-1,13,sil
10.942019701004028,0,-4,7,10,6,18,21,6,-3,16,-9,-3,-3,10,sil
10.957038640975952,-4,-13,0,3,3,14,22,21,16,21,-1,1,12,19,sil
10.97248125076294,6,-11,-7,-1,0,4,20,24,37,30,16,9,27,20,sil
10.97248125076294,15,-6,-9,-9,-2,-8,7,18,40,27,13,13,27,14,sil
10.988517999649048,5,-4,-3,-15,-4,-9,1,14,32,17,0,10,19,14,sil
10.988517999649048,5,-1,-11,-10,-11,-10,4,6,24,9,1,4,12,9,sil
10.988517999649048,21,5,-7,6,-6,-17,0,-3,8,-4,19,15,11,0,sil
11.004147291183472,20,14,4,13,4,-12,-10,-12,-15,-17,24,19,3,-5,sil
11.019737005233765,0,10,0,1,7,-3,-13,-22,-27,-17,6,-3,-18,-21,sil
11.019737005233765,-10,5,0,8,4,5,-1,-21,-23,-8,-7,-18,-28,-23,sil
11.035135746002195,-18,0,0,18,0,15,3,-11,-17,-2,-17,-23,-26,-12,sil
11.035135746002195,-38,-18,-26,-11,-13,4,-5,-7,-10,-5,-25,-39,-33,-15,sil
11.050891637802124,-38,-30,-39,-37,-17,-4,0,0,4,0,-20,-35,-23,-12,sil
11.050891637802124,-12,-12,-17,-23,-2,6,9,16,19,20,-3,-2,8,12,sil
11.06681489944458,3,-6,-8,-20,1,0,-9,18,17,10,-4,9,21,13,sil
11.06681489944458,1,-13,-12,-26,-11,-19,-25,5,2,-24,-20,-2,10,-11,sil
11.08193588256836,0,0,6,-10,-3,-3,-11,2,-6,-19,-2,6,7,-13,sil
11.08193588256836,4,14,21,9,15,8,0,6,0,13,31,20,17,0,sil
11.097107648849487,7,11,15,17,13,-2,-2,0,0,7,8,5,6,-1,sil
11.097107648849487,5,10,14,18,3,-2,0,-7,-14,-14,-26,-5,-13,-5,sil
11.112746477127075,4,3,11,10,3,5,6,-8,-13,-7,-2,4,-2,4,sil
11.112746477127075,-2,-14,1,-3,-2,0,0,-9,0,0,11,4,9,0,sil
11.127930641174316,-9,-13,-4,-3,-9,-6,-8,-5,-5,-12,-25,-10,-13,-8,sil
11.127930641174316,6,13,2,10,-3,-4,-2,2,-9,-15,-25,0,-16,10,sil
11.143789052963257,35,25,26,16,7,2,2,8,7,2,22,31,19,28,sil
11.143789052963257,34,16,27,19,9,2,0,1,15,13,37,30,29,21,sil
11.159043073654177,7,5,5,15,0,0,0,-14,-3,5,18,5,5,7,sil
11.159043073654177,-5,-5,-6,-2,-7,3,5,-7,-13,-2,4,-3,-8,-2,sil
11.17415976524353,-4,-7,-10,-14,-4,2,7,5,-3,-5,-2,-5,-11,-6,sil
11.17415976524353,-6,0,-8,-5,0,-9,-6,-4,-7,-9,1,-6,-10,-6,sil
11.18969440460205,-6,0,-7,3,2,-9,-16,-8,-14,-7,9,-4,-3,-8,sil
11.18969440460205,-11,-3,-3,4,5,3,-5,4,-3,0,1,-7,-3,-10,sil
11.20490550994873,-15,0,1,6,7,11,16,11,13,14,-1,-8,-2,-2,sil
11.20490550994873,-2,5,1,4,8,12,27,8,21,25,8,2,9,8,sil
11.220170974731444,0,-2,-8,-10,3,6,19,5,19,13,4,5,5,3,sil
11.220170974731444,-12,-11,-18,-16,-4,2,10,3,19,0,-9,-7,-10,-7,sil
11.2358980178833,-5,0,-8,-1,0,11,15,10,18,15,-4,-2,0,-1,sil
11.2358980178833,16,12,11,7,8,8,9,17,10,25,5,9,20,10,sil
11.251455307006836,18,4,7,0,-6,-9,-14,8,3,9,-4,4,11,9,sil
11.251455307006836,5,-8,-8,-14,-19,-20,-28,-3,0,-11,-14,0,4,0,sil
11.267184734344482,3,-1,-5,-19,-13,-25,-28,-13,-10,-23,-1,4,9,-13,sil
11.267184734344482,0,9,8,-8,-5,-15,-22,-23,-26,-24,4,-4,-7,-19,sil
11.282695293426514,-12,4,11,7,0,16,-1,-20,-32,-19,-14,-27,-39,-16,sil
11.282695293426514,-18,-4,-1,13,5,34,25,-5,-23,-3,-27,-37,-40,-6,sil
11.297881126403809,-10,-17,0,4,6,14,26,1,-3,12,-10,-17,-8,10,sil
11.297881126403809,-3,-24,1,-4,0,-3,2,4,8,9,1,0,8,16,sil
11.313795804977415,-3,-14,-9,-5,-3,-4,-13,6,4,-3,-7,-7,3,3,sil
11.313795804977415,-1,-6,-9,-2,0,-11,-15,6,3,4,-9,-2,3,1,sil
11.329149961471558,0,-5,0,0,0,-18,-9,7,14,15,0,11,14,11,sil
11.329149961471558,-6,1,-3,-4,1,-4,0,1,7,-3,0,11,6,0,sil
11.34475827217102,-9,2,-14,-9,5,4,5,-9,-15,-28,-13,3,-15,-22,sil
11.345160722732544,0,0,-8,-5,0,0,2,-9,-15,-21,-5,8,-10,-14,sil
11.360719919204712,11,4,6,6,-4,2,4,0,2,0,24,26,16,13,sil
11.360719919204712,13,8,6,13,2,5,7,5,5,0,28,30,19,17,sil
11.376276969909668,8,7,5,3,3,0,0,6,2,-5,13,19,5,3,sil
11.376276969909668,14,6,15,2,-2,0,1,8,16,18,18,14,15,7,sil
11.391964197158812,18,7,17,17,0,0,10,8,24,31,28,17,30,16,sil
11.391964197158812,13,12,15,18,3,-7,-3,5,6,1,22,16,17,3,sil
11.407166004180908,14,19,12,12,0,-16,-14,-3,-3,-16,19,12,6,-3,sil
11.407166004180908,16,17,11,17,3,-7,0,-13,-1,-2,17,7,9,0,sil
11.422704935073853,5,10,8,18,6,10,8,-7,0,5,2,-3,-1,-1,sil
11.422704935073853,-6,3,-2,6,-6,5,-2,3,0,8,-4,-13,-17,-1,sil
11.43785285949707,-6,-5,-9,-5,-13,-6,-6,5,2,12,0,-11,-10,1,sil
11.453950881958008,-3,-7,-9,-8,-4,0,-1,3,4,13,-2,-14,0,-3,sil
11.453950881958008,0,2,1,0,3,7,-4,3,1,6,-8,-14,-4,-1,sil
11.453950881958008,5,8,4,0,3,3,-1,2,1,1,-8,-9,-5,6,sil
11.469948768615724,-3,-4,-12,-19,0,4,4,-2,0,-2,-24,-21,-13,0,sil
11.469948768615724,-24,-19,-23,-36,0,0,-6,-15,-21,-22,-50,-39,-36,-22,sil
11.485016584396362,-27,-15,-23,-35,3,-8,-16,-24,-34,-32,-57,-39,-41,-29,sil
11.500173807144163,-23,-8,-20,-39,5,-1,-5,-17,-19,-12,-37,-21,-18,-16,sil
11.500173807144163,-24,-17,-13,-38,6,10,0,0,-9,0,-15,-11,-2,-11,sil
11.51587414741516,-24,-24,-9,-24,3,6,-3,4,-15,-17,-17,-16,-6,-16,sil
11.51587414741516,-19,-22,-10,-14,-5,0,-3,-3,-12,-22,-24,-14,-14,-13,sil
11.531620025634766,-14,-9,-5,0,-3,5,2,-1,5,4,0,0,-4,0,sil
11.531620025634766,-3,7,10,22,8,16,15,11,17,22,33,16,15,13,sil
11.54736590385437,12,10,19,27,4,15,32,16,20,17,31,21,21,18,sil
11.54736590385437,20,6,15,28,-3,7,29,8,14,12,11,16,12,15,sil
11.563059568405151,16,8,19,31,0,2,8,2,5,11,23,19,8,14,sil
11.563059568405151,16,8,24,29,-2,-3,4,8,11,15,42,28,16,21,sil
12.039739847183228,-18,-13,-4,-8,-2,18,16,6,0,13,-20,-16,-21,-9,sil
12.039739847183228,-11,-7,9,6,9,21,19,5,-7,13,-21,-13,-15,-6,sil
12.039739847183228,4,-7,15,7,12,10,13,-1,-4,11,-7,1,-3,3,sil
12.04775333404541,5,-7,6,0,1,6,14,3,11,22,3,7,11,11,sil
12.064167499542236,-2,0,0,6,3,11,23,16,22,26,3,0,19,14,sil
12.064167499542236,-3,0,-7,15,14,6,19,10,20,2,2,-1,11,10,sil
12.080146312713625,0,-9,-14,0,3,-11,-2,2,15,-4,2,2,9,2,sil
12.080146312713625,7,-14,-21,-17,-16,-24,-18,8,15,11,-2,9,15,1,sil
12.096155643463137,15,0,-9,-10,-15,-18,-18,8,17,2,5,21,16,8,sil
12.096155643463137,29,12,6,4,0,-17,-19,0,12,-15,31,33,23,13,sil
12.111688613891602,31,21,6,9,9,-15,-25,-5,2,-6,36,31,29,12,sil
12.111688613891602,8,22,5,9,6,0,-23,-11,-11,0,26,15,14,1,sil
12.127603530883787,-12,10,5,12,-1,7,-11,-15,-16,-5,13,-3,-4,-9,sil
12.127603530883787,-14,-1,0,10,0,3,3,-6,-6,0,-5,-15,-12,-15,sil
12.14369010925293,-14,-8,-7,1,1,12,20,8,4,13,-21,-20,-19,-10,sil
12.14369010925293,-17,-17,-11,-8,-3,21,26,12,15,20,-26,-23,-19,4,sil
12.15907382965088,-9,-17,-10,-18,-4,5,9,7,18,12,-12,-6,0,7,sil
12.15907382965088,6,0,-4,-16,0,-11,-5,1,1,0,12,14,12,-2,sil
12.17464518547058,12,14,5,-7,1,-5,-5,-1,-17,-9,19,18,4,-5,sil
12.17464518547058,2,16,14,-7,0,-5,-10,-10,-23,-19,1,2,-7,-6,sil
12.190073013305664,-5,8,8,-5,-1,-12,-18,-20,-28,-32,-8,-15,-18,-16,sil
12.190073013305664,-4,3,5,12,5,0,-6,-17,-25,-25,-6,-13,-28,-10,sil
12.20524787902832,-1,5,11,30,8,14,7,-4,-7,1,-8,-2,-20,4,sil
12.20524787902832,-1,5,8,19,-6,1,2,0,-1,13,-7,1,-1,7,sil
12.221009254455566,5,2,2,5,-14,-7,1,2,-3,7,1,1,3,9,sil
12.221009254455566,11,3,1,10,0,1,17,10,0,8,0,-4,2,16,sil
12.236618280410768,0,-4,-5,0,10,5,20,13,5,11,-14,-16,4,5,sil
12.236618280410768,-14,-15,-23,-19,0,0,9,9,11,3,-18,-19,1,-8,sil
12.251694679260254,-8,-11,-23,-23,-12,0,6,4,22,-1,-3,-6,4,-3,sil
12.251694679260254,6,-8,-3,-18,-10,-5,3,5,22,0,7,10,13,2,sil
12.267091751098633,14,-6,1,-15,0,-21,-11,1,5,-9,2,12,8,-2,sil
12.267091751098633,6,4,9,-6,3,-22,-28,-10,-18,-33,7,12,0,-11,sil
12.282671213150024,-5,10,20,9,5,-1,-24,-15,-23,-22,16,10,0,-13,sil
12.282671213150024,-14,0,8,13,12,16,-4,-10,-15,7,-7,-10,-9,-12,sil
12.298683881759644,-15,-13,-9,0,11,21,5,-4,-10,4,-32,-28,-18,-9,sil
12.298683881759644,-10,-14,-15,-7,0,20,6,1,3,4,-14,-18,0,4,sil
12.314115524291992,-1,-15,-7,-4,-6,16,7,12,19,26,5,0,19,18,sil
12.314115524291992,4,-11,-1,-2,-6,6,8,19,24,26,8,15,17,18,sil
12.329730987548828,6,0,-1,-5,0,0,3,13,29,9,21,23,17,8,sil
12.329730987548828,5,7,8,-6,5,-2,-3,0,17,1,26,18,13,-2,sil
12.34591817855835,7,12,17,13,2,-2,-3,-12,-13,-2,8,6,-8,-10,sil
12.34591817855835,0,17,9,32,3,1,4,-18,-20,-3,-2,-1,-23,-7,sil
12.36117386817932,-11,10,-2,16,7,6,14,-3,1,5,-1,-6,-12,2,sil
12.36117386817932,-8,0,-9,0,-1,4,23,14,14,18,-1,-2,2,15,sil
12.37592387199402,1,-1,-8,4,-8,-3,23,10,11,21,-2,3,5,21,sil
12.37592387199402,12,0,-9,4,-3,-13,6,6,9,14,0,4,4,18,sil
12.392024278640749,22,2,-4,-5,-4,-21,-14,14,6,1,6,12,13,12,sil
12.392024278640749,15,0,-2,-11,-11,-28,-24,3,-5,-16,2,15,8,0,sil
12.406716585159302,2,1,-2,-13,-6,-25,-24,-15,-18,-29,-4,7,-10,-15,sil
12.422282695770264,10,19,11,-4,2,-13,-22,-12,-25,-22,15,15,0,-16,sil
12.422282695770264,16,21,15,5,0,-10,-19,-7,-17,-13,28,17,16,-7,sil
12.43824553489685,0,2,5,-5,-4,-8,-8,-10,-5,-21,3,-2,-1,-8,sil
12.43824553489685,-8,0,11,-6,5,9,4,0,0,-15,-9,-16,-15,-6,sil
12.45500135421753,-4,3,12,8,12,18,0,0,-6,0,-7,-19,-6,-5,sil
12.45500135421753,-17,-7,-3,3,4,7,-10,-20,-26,-16,-25,-26,-15,-17,sil
12.45500135421753,-24,-15,-11,-3,0,9,-2,-17,-23,-31,-36,-30,-29,-17,sil
12.46985960006714,-19,-10,-1,6,0,23,14,1,0,-3,-21,-27,-20,-4,sil
12.485285758972168,-18,-12,-1,9,-1,22,15,1,6,19,-10,-23,-12,-2,sil
12.485285758972168,-18,-11,-13,1,-1,14,10,2,6,17,-6,-12,-8,-2,sil
12.500978708267212,-8,-5,-9,3,4,14,15,11,14,20,0,0,3,0,sil
12.500978708267212,4,-1,1,10,4,18,24,8,17,24,0,0,13,2,sil
12.516998767852783,9,1,0,3,4,16,16,7,17,22,3,1,15,13,sil
12.516998767852783,5,-1,-2,-7,6,2,0,16,20,18,13,11,16,22,sil
12.532068490982056,8,-5,1,-6,0,-8,0,17,19,9,1,10,17,15,sil
12.532068490982056,20,0,6,-4,-3,-6,1,9,16,8,2,16,21,19,sil
12.547476053237917,17,0,-5,-12,-2,-14,-4,5,13,12,25,23,22,24,sil
12.547476053237917,0,-11,-19,-23,-11,-24,-11,0,0,0,19,10,6,0,sil
12.56275224685669,0,-6,-7,-17,-16,-14,-6,-4,-9,-7,0,9,0,-14,sil
12.56275224685669,22,12,5,0,-1,-7,0,0,0,4,14,29,17,4,sil
12.578680515289308,24,19,6,5,2,-21,-6,0,0,0,31,34,27,12,sil
12.578680515289308,13,19,10,1,-3,-23,-10,-5,-9,-14,21,22,9,0,sil
12.593827486038208,12,23,22,6,7,-5,-2,-7,-10,-12,8,16,-8,-5,sil
12.593827486038208,7,19,26,12,15,-5,-8,-12,-12,-20,2,8,-18,-7,sil
12.60908842086792,-14,12,9,11,-1,-17,-24,-24,-29,-30,-11,-14,-32,-17,sil
12.60908842086792,-29,2,-3,9,-9,0,-18,-23,-35,-22,-20,-31,-41,-24,sil
12.624966144561768,-23,-7,-1,14,1,23,-2,-9,-17,-7,-15,-22,-27,-10,sil
12.62539029121399,-17,-9,0,17,10,22,6,-1,-8,0,-25,-19,-14,2,sil
12.640127182006836,-29,-22,-16,0,4,18,12,0,-13,0,-45,-41,-26,-16,sil
12.640127182006836,-35,-36,-32,-20,-5,22,17,6,-1,-4,-43,-51,-32,-31,sil
12.655329704284668,-18,-23,-18,-5,-8,17,23,18,20,2,-25,-23,-10,-4,sil
12.655329704284668,2,-6,1,8,-2,3,28,28,32,24,-10,-1,13,18,sil
12.671034812927246,4,-7,-13,-10,0,-4,17,23,33,28,1,-4,23,10,sil
12.671034812927246,7,-5,-21,-20,-2,-4,2,15,32,15,15,0,29,12,sil
12.68659806251526,24,8,1,-5,-5,-8,-4,9,27,14,26,16,34,25,sil
12.68659806251526,23,13,16,-4,-2,-14,-13,-4,7,3,25,26,28,16,sil
12.702392578125,14,7,7,-9,6,-2,-15,-10,-8,-13,12,27,18,0,sil
12.702392578125,13,3,-1,-7,10,6,-12,-6,-7,-6,12,21,16,0,sil
12.717976570129396,8,2,2,-7,0,-4,-16,-13,-10,-1,25,17,13,0,sil
12.717976570129396,13,12,15,3,-2,-10,-17,-13,-12,-2,27,19,10,0,sil
12.734135627746582,19,22,28,16,6,0,-11,0,-7,6,28,26,12,2,sil
12.734135627746582,7,16,20,11,7,-1,-10,-1,-12,0,28,21,5,0,sil
12.749762058258057,-3,12,7,17,1,-2,-6,-18,-21,-17,11,1,-12,-7,sil
12.749762058258057,0,11,13,30,3,7,6,-17,-17,-7,-3,-8,-21,-3,sil
12.765664100646973,-4,0,5,20,0,8,19,0,-9,5,-9,-14,-25,1,sil
12.765664100646973,-18,-11,-10,4,-2,4,17,4,-10,-6,-22,-30,-33,-5,sil
12.780807733535768,-20,-8,-9,2,0,4,7,-5,-12,-15,-35,-39,-36,-17,sil
12.780807733535768,-17,-8,-7,0,-4,8,16,1,1,5,-38,-25,-26,-12,sil
12.796042680740356,-14,-12,-9,-10,-11,11,27,19,20,17,-35,-11,-11,4,sil
12.796042680740356,-11,-9,-11,-21,-7,7,14,9,17,-3,-33,-12,-3,9,sil
12.811569690704346,-14,-10,-18,-20,-3,0,-2,-2,2,-15,-27,-11,-3,3,sil
12.811569690704346,-10,-20,-17,-16,-4,-6,0,9,3,2,-19,-4,0,6,sil
12.827085256576538,2,-19,-11,-14,-3,-12,4,16,18,17,-12,4,9,12,sil
12.827085256576538,10,-7,-4,-15,-1,-12,-7,9,31,22,12,17,28,14,sil
12.842620372772217,12,-8,-6,-17,-2,-14,-16,12,27,23,37,18,39,11,sil
12.842620372772217,6,-12,-15,-18,-1,-16,-10,11,13,6,29,9,30,-1,sil
12.857852697372437,4,0,-5,-9,4,-5,-4,2,4,-6,26,18,25,-7,sil
12.857852697372437,23,26,20,11,9,4,-8,0,0,0,45,39,29,6,sil
12.87393355369568,34,41,32,31,12,-2,-15,-11,-10,1,47,42,19,10,sil
12.87393355369568,17,32,18,27,6,-12,-19,-23,-15,-10,30,16,8,-7,sil
12.889285326004028,-2,14,5,11,-1,-7,-14,-18,-15,-13,17,-7,0,-18,sil
12.889285326004028,-9,7,8,13,1,5,-5,-11,-26,-16,0,-9,-21,-15,sil
12.905052900314333,-13,4,1,18,8,12,-4,-17,-23,-21,-15,-17,-31,-14,sil
12.90539836883545,-11,3,2,13,8,12,-5,-16,-8,-9,-18,-22,-20,-14,sil
12.92006802558899,1,7,17,18,5,12,-1,-4,-9,6,-15,-9,-13,-1,sil
12.92006802558899,3,-8,8,9,-5,12,2,0,-19,-4,-22,-4,-16,9,sil
12.935940742492676,-9,-29,-12,-21,-16,4,8,4,-14,-22,-34,-18,-16,4,sil
12.935940742492676,-8,-13,-6,-19,-4,6,21,14,3,-1,-32,-17,-19,3,sil
12.952464818954468,0,1,8,2,2,15,28,15,13,21,-19,-10,-21,4,sil
12.96672534942627,-11,-11,-2,-6,-6,6,19,9,6,5,-21,-17,-20,-7,sil
12.96672534942627,-18,-11,-18,-17,-4,-4,11,7,5,-8,-25,-15,-12,-7,sil
12.96672534942627,0,1,-10,-4,2,0,14,8,17,7,-3,1,2,7,sil
12.982177019119264,4,-7,-7,-6,-4,0,11,5,16,14,8,0,11,4,sil
12.998218774795532,-14,-19,-14,-20,-2,-9,1,0,0,-2,-5,-17,2,-12,sil
12.998218774795532,-15,-15,-16,-18,6,-10,0,-4,0,0,-3,-14,-1,-15,sil
13.014082908630373,-7,-8,-16,-10,-2,-8,-9,-6,-2,9,15,4,11,-9,sil
13.014082908630373,-3,0,-7,-3,-11,-13,-28,-7,-19,0,15,17,19,-3,sil
13.029660701751707,10,13,8,13,-2,-8,-10,3,-2,6,19,18,21,11,sil
13.029660701751707,13,15,13,20,6,4,12,10,28,30,36,22,29,24,sil
13.029660701751707,7,9,5,10,6,3,-5,1,23,18,32,26,30,21,sil
13.044881820678713,17,11,7,8,2,-1,-22,0,6,-6,15,24,20,18,sil
13.060266971588137,27,15,24,10,5,1,-6,7,7,-5,15,25,11,19,sil
13.060266971588137,22,9,14,8,7,0,0,5,12,1,17,25,9,20,sil
13.075459241867064,12,1,-1,0,3,-7,-6,1,7,0,13,25,11,14,sil
13.075459241867064,1,-3,3,-5,-2,-5,-3,-1,-4,-8,1,9,0,4,sil
13.091019868850708,-4,-3,4,1,-5,-1,3,-15,-20,-18,-19,-20,-24,-6,sil
13.091019868850708,-11,-2,-8,-4,-9,0,0,-21,-25,-26,-23,-29,-30,-16,sil
13.106725215911863,-10,-6,-13,-19,-3,1,-6,-6,-15,-15,-19,-20,-15,-16,sil
13.106725215911863,1,0,-2,-1,8,3,1,4,-6,0,-23,-23,-13,-9,sil
13.121861457824709,4,11,7,16,5,7,7,2,-2,5,-17,-22,-22,-12,sil
13.121861457824709,-10,0,0,0,-6,5,-2,-2,0,2,-12,-15,-19,-20,sil
13.13764214515686,-6,-10,-1,-7,0,2,-1,0,0,0,-9,-11,-7,-14,sil
13.13764214515686,12,0,10,11,10,13,19,6,7,13,11,4,11,4,sil
13.152658700942991,5,5,8,12,6,20,19,9,18,26,21,16,19,10,sil
13.152658700942991,-19,-1,-4,0,-2,10,2,1,5,15,-1,-1,0,-5,sil
13.167840480804443,-25,-5,-9,1,-6,-1,2,-2,-6,-2,-10,-15,-12,-18,sil
13.167840480804443,-13,0,0,4,-1,-8,0,0,-2,-4,8,-1,5,-7,sil
13.1830792427063,0,2,-2,-7,-1,-14,-17,0,-5,-3,9,9,12,3,sil
13.1830792427063,2,-1,-10,-12,-7,-16,-22,-8,-20,-15,-4,1,0,-3,sil
13.199095249176024,-6,-4,-2,-3,0,-13,-12,-10,-22,-14,-5,-5,-8,-14,sil
13.199095249176024,-11,-5,-1,-3,5,-6,-3,-7,-14,-5,-9,-11,-12,-15,sil
13.21490216255188,-7,-5,-7,-17,0,0,4,-5,-17,-23,-19,-9,-17,-11,sil
13.21490216255188,0,1,-1,0,4,4,11,0,-11,-14,-24,-3,-19,-1,sil
13.229923486709597,4,6,5,27,11,10,14,4,8,1,-15,0,-14,9,sil
13.229923486709597,-1,-9,1,3,-2,6,15,10,11,-42,1,2,2,18,sil
13.24514865875244,-3,-21,-3,-20,-20,-2,14,15,11,-34,0,3,13,21,sil
13.24514865875244,4,-12,-2,-3,-20,1,5,10,26,44,-10,6,8,21,sil
13.260669708251951,13,-9,-6,3,-10,1,-1,9,30,40,7,11,9,26,sil
13.260669708251951,14,-9,-10,-11,0,-12,-7,10,21,14,25,12,17,25,sil
13.276626825332642,16,5,0,-12,1,-16,-16,3,25,58,30,24,25,17,sil
13.276626825332642,30,24,12,0,3,-7,-16,0,28,55,53,41,44,16,sil
13.291704177856444,25,28,13,6,11,-7,-11,-3,4,0,53,29,36,0,sil
13.291704177856444,-1,22,6,8,13,-1,-13,-12,-23,-17,5,-9,-4,-30,sil
13.30686354637146,-14,20,3,8,9,15,-5,-9,-17,-10,-11,-21,-15,-25,sil
13.30686354637146,-1,17,12,10,13,20,17,0,5,3,6,0,7,7,sil
13.322924375534058,3,3,9,16,13,11,29,1,8,16,2,1,7,9,sil
13.322924375534058,-4,-10,-5,4,6,4,15,0,-7,-9,-21,-21,-13,-11,sil
13.338624238967896,-16,-12,-10,-12,-1,7,3,-3,-18,-35,-28,-31,-21,-14,sil
13.338624238967896,-11,0,4,1,1,19,4,-5,-14,-19,-12,-13,-14,-2,sil
13.3536856174469,6,7,26,22,11,17,5,2,-3,6,8,9,0,7,sil
13.3536856174469,13,-1,11,8,0,0,2,6,4,18,4,6,1,7,sil
13.368918180465698,6,-8,-10,-4,0,-2,0,-2,0,4,-10,-2,-8,-1,sil
13.368918180465698,1,-4,-3,9,9,1,-6,-8,-13,-23,-13,0,-10,-5,sil
13.384051322937012,-9,-10,-4,8,-9,-6,-11,-7,-15,-29,-12,-1,-8,-7,sil
13.399839401245115,-24,-25,-20,-19,-33,-19,-14,-7,-10,-17,-20,-8,-21,-13,sil
13.399839401245115,-30,-28,-24,-35,-30,-25,-20,-7,-14,-17,-36,-19,-35,-21,sil
13.41544485092163,-30,-23,-26,-39,-28,-25,-23,-11,-28,-29,-44,-29,-32,-30,sil
13.41544485092163,-20,-13,-20,-28,-27,-19,-17,-6,-21,-24,-23,-16,-17,-22,sil
13.431082248687744,3,12,5,0,-2,-2,-1,11,3,-1,11,10,2,0,sil
13.431082248687744,20,35,29,25,21,15,13,21,19,15,28,27,27,15,sil
13.446701288223268,24,29,23,25,24,11,24,15,30,33,27,23,42,19,sil
13.446701288223268,11,5,1,6,6,-3,12,6,32,35,17,9,24,14,sil
13.46329402923584,-11,-16,-18,-8,-7,-7,-8,-1,5,3,4,-7,-2,-5,please
13.46329402923584,-10,-17,-18,0,-2,-4,-11,-10,-18,-17,-1,-7,0,-12,please
13.478618144989014,9,-1,6,6,4,0,-2,-11,-14,-1,9,8,17,6,please
13.478618144989014,9,4,13,4,5,8,5,-2,2,16,22,9,14,16,please
13.494799375534058,-1,5,0,8,10,8,12,1,7,6,8,0,-2,9,please
13.494799375534058,2,6,3,11,12,4,8,0,3,0,-4,1,-6,7,please
13.494799375534058,13,4,12,6,1,4,4,5,9,18,10,5,6,13,please
13.509877681732178,21,6,14,3,-2,4,3,8,12,22,30,10,16,15,please
13.525137186050417,26,14,14,9,4,3,2,8,7,6,25,15,15,14,please
13.525469541549684,17,13,3,7,8,3,2,14,12,-2,4,3,10,12,please
13.54060196876526,3,1,-4,-13,0,1,3,15,18,-7,-9,-5,3,6,please
13.54060196876526,0,-6,-3,-25,0,6,6,4,15,2,-6,0,1,0,please
13.555946350097656,-5,-2,-1,-11,8,14,10,0,12,23,-7,0,-4,0,please
13.555946350097656,-14,-2,-9,-10,2,1,6,0,10,16,-18,-17,-19,-5,please
13.571474075317385,-17,-16,-18,-33,-5,-8,0,-11,3,0,-16,-18,-20,-10,please
13.571474075317385,-12,-12,-10,-27,0,4,-2,-12,-8,-10,-12,-1,-13,-8,please
13.587385892868042,-11,7,-3,8,-1,6,-2,-4,-21,-33,-23,-8,-19,-14,please
13.587385892868042,-17,2,-8,15,-8,-7,-8,-7,-19,-33,-18,-18,-17,-19,please
13.602060079574583,-16,-7,-1,9,0,-6,-13,-13,-9,2,2,1,-1,-11,please
13.602060079574583,0,7,15,31,4,-4,-16,-16,-23,0,4,8,-1,-10,please
13.61805248260498,2,12,14,37,-6,-12,-13,-14,-41,-37,0,-5,-5,-16,please
13.61805248260498,-2,-6,-11,9,-14,-6,-2,-6,-19,-25,3,-5,3,-8,please
13.634093523025513,-4,-12,-16,-1,-19,-2,-4,0,3,13,0,-3,3,-4,please
13.634093523025513,1,-6,4,7,-19,-10,-15,0,-6,9,-4,-6,-4,-5,please
13.649792909622192,10,-6,15,6,0,0,-6,7,-10,-5,12,10,7,13,please
13.649792909622192,16,-5,11,2,18,13,12,15,10,2,21,27,17,27,please
13.664894342422484,16,1,2,1,11,0,13,6,13,9,0,14,0,12,please
13.664894342422484,5,1,1,-10,-2,-14,1,-5,-6,3,-13,2,-7,3,please
13.68004584312439,-2,0,6,-14,0,-10,0,0,-12,3,-1,0,8,5,please
13.68004584312439,3,6,1,-2,0,0,4,10,3,1,3,0,13,2,please
13.695194482803345,0,5,-5,-9,-3,9,7,9,19,-1,0,8,2,2,please
13.695194482803345,-5,-8,-3,-18,-2,15,10,13,28,9,2,11,7,8,please
13.710986852645874,5,-3,4,-7,6,11,7,17,26,22,7,0,21,9,please
13.710986852645874,12,8,5,-1,8,7,-4,8,19,20,13,-1,21,3,please
13.726648569107056,2,3,-7,-6,2,0,-7,-2,17,5,8,0,6,-1,please
13.726648569107056,-4,0,-6,-1,8,-5,4,-5,6,-6,-5,-5,-8,-4,please
13.742084741592407,-3,10,0,4,13,2,16,-3,-6,0,-6,-11,-15,-6,please
13.742084741592407,-5,12,-5,0,5,5,13,-2,-10,-4,-2,-9,-15,-12,please
13.757834911346436,-12,2,-7,-5,2,-2,4,-8,-15,-20,-4,-6,-10,-13,please
13.757834911346436,-7,2,1,2,2,0,0,-13,-15,-5,0,-5,-6,-3,please
13.774009943008425,5,10,7,13,-2,4,-5,-10,-5,9,6,0,-2,0,please
13.774009943008425,0,3,-1,9,-7,-2,-8,-3,0,-1,-1,3,-2,0,please
13.789514064788818,-11,-6,-10,0,-3,0,-2,2,4,1,-7,-2,0,5,please
13.789514064788818,-1,-11,-8,1,-1,5,-1,3,10,11,-2,-7,0,5,please
13.804813861846924,0,-11,-7,6,-7,-4,-14,0,4,-2,-5,-10,-6,-6,please
13.804813861846924,-11,-6,-2,0,-8,-9,-17,-3,-3,-4,-4,-3,-12,-12,please
13.820919513702393,2,0,5,0,-1,-3,-3,0,0,8,0,4,0,-1,please
13.820919513702393,19,-4,2,-6,-3,-7,4,6,4,-4,-4,1,10,10,please
13.836065769195557,0,-19,-5,-23,-13,-13,-2,5,-9,-23,-4,-4,0,5,please
13.836065769195557,-13,-22,-6,-18,-17,-14,-14,-6,-20,-14,-4,0,-9,-4,please
13.851686239242554,-2,-7,1,-1,-3,-13,-19,-15,-24,-3,-6,2,-2,-5,please
13.851686239242554,2,6,7,4,7,-4,-10,-5,-26,-6,6,1,4,0,please
13.867215394973757,2,12,9,13,4,7,5,4,-13,-5,18,5,10,8,please
13.867215394973757,11,11,12,13,0,13,17,7,6,7,3,9,11,15,please
13.882717847824097,18,12,6,9,10,15,17,4,10,9,-9,3,-2,8,please
13.882717847824097,12,17,8,19,25,17,10,2,7,0,3,0,-7,0,please
13.898800611495972,5,13,17,18,22,14,11,5,17,14,26,7,14,4,please
13.898800611495972,0,6,11,4,8,13,16,4,19,30,22,13,20,3,please
13.91507649421692,-2,3,4,8,1,13,12,0,5,11,-2,2,-7,-9,please
13.91507649421692,-3,1,0,10,-2,8,13,3,7,-4,-15,-11,-16,-7,please
13.930790424346924,-7,-7,-10,-8,-6,3,14,2,14,0,-8,-5,0,1,please
13.930790424346924,-12,-11,-15,-14,-6,0,3,0,9,-1,-7,0,0,-1,please
13.946040868759155,-10,-3,-8,-3,-1,2,-3,5,10,-5,-17,-6,-7,-5,sil
13.946040868759155,-7,-4,-2,-4,3,0,1,9,11,0,-14,0,0,4,sil
13.961570739746094,0,-15,-11,-16,-3,-12,5,4,4,4,0,12,8,11,sil
13.961570739746094,4,-13,-13,-24,-15,-27,-9,-2,-2,-3,6,16,9,4,sil
13.97689962387085,0,0,-10,-20,-12,-28,-27,-4,-8,-11,7,13,10,0,sil
13.97689962387085,1,1,-14,-18,-5,-19,-25,-1,-2,1,15,10,18,0,sil
13.99204969406128,5,-2,-6,-21,-6,-16,-19,-1,5,4,17,7,14,-5,sil
13.99204969406128,1,4,0,-5,-1,-18,-20,-9,-8,-17,6,0,-5,-13,sil
14.008152961730955,3,14,2,13,4,-15,-24,-16,-31,-26,7,-2,-12,-8,sil
14.008152961730955,4,13,13,11,0,-8,-20,-16,-31,-13,8,-5,-3,-7,sil
14.02424693107605,-3,16,21,16,0,2,-4,-17,-30,-20,-13,-22,-15,-16,sil
14.02424693107605,-2,13,18,31,4,22,5,-14,-36,-27,-22,-30,-39,-20,sil
14.044966697692873,-2,-3,4,22,6,29,11,-1,-16,-4,-3,-28,-32,-11,sil
14.044966697692873,-18,-8,-5,9,8,22,19,5,7,17,0,-33,-7,0,sil
14.05468463897705,-19,2,1,16,11,22,24,3,7,18,-15,-26,-1,7,sil
14.069713830947876,1,1,8,17,6,19,22,8,8,22,-19,-8,-2,13,sil
14.069713830947876,8,-10,4,0,-1,6,16,16,22,32,-5,6,13,19,sil
14.069713830947876,7,-5,3,-2,-5,7,19,19,36,40,13,21,28,30,sil
14.085172176361084,13,1,6,5,0,12,24,18,31,34,17,27,20,35,sil
14.100694417953491,8,-10,-2,-6,2,0,7,6,13,3,-5,13,0,17,sil
14.100694417953491,0,-17,-16,-20,-5,-5,-6,-4,8,-15,-14,1,-5,-2,sil
14.116061925888062,4,-7,-6,-17,-1,4,1,3,15,-6,5,14,6,-4,sil
14.116061925888062,1,-12,-4,-21,-2,-3,-2,8,9,-9,1,16,7,-10,sil
14.131678581237791,-13,-20,-24,-31,-19,-22,-23,-2,-4,-20,-21,-1,-4,-19,sil
14.131678581237791,-1,-2,-17,-14,-12,-17,-17,0,-5,-3,1,5,5,-1,sil
14.147330522537231,17,13,7,6,4,-10,-1,7,4,3,30,27,23,10,sil
14.147330522537231,2,6,5,-2,-3,-20,-12,-5,0,-27,12,16,9,-8,sil
14.162917137145996,-9,2,-10,-12,-12,-22,-23,-10,-8,-30,-1,-3,-7,-18,sil
14.162917137145996,3,10,0,3,6,-8,-8,2,0,4,13,1,4,-6,sil
14.178980112075806,8,16,18,20,24,5,7,1,4,11,16,5,7,-5,sil
14.178980112075806,5,21,12,18,19,2,0,-14,-11,-3,0,-1,-12,-16,sil
14.194311380386353,2,20,3,12,2,-5,-13,-20,-24,-5,-1,-6,-21,-15,sil
14.194311380386353,-2,14,10,17,3,4,-1,-5,-10,4,11,-6,0,0,sil
14.212225198745728,0,14,8,24,16,23,18,3,-1,14,7,-6,9,13,sil
14.212225198745728,0,2,0,13,9,20,14,-4,-14,7,-9,-7,-2,7,sil
14.226129531860352,-11,-18,-7,-3,-6,8,4,-9,-17,-5,-17,-14,-12,0,sil
14.226129531860352,-22,-22,-5,-13,-6,5,7,-3,-11,-12,-14,-15,-11,0,sil
14.241636276245115,-16,-15,-2,-13,-8,0,4,-2,-19,-2,-14,-16,-12,0,sil
14.241636276245115,-12,-17,-13,-12,-15,-4,-8,-2,-14,7,-16,-20,-11,0,sil
14.257038116455078,-11,-17,-8,-13,-9,-1,-8,7,4,0,-9,-4,-9,8,sil
14.257038116455078,1,-5,7,-8,-5,2,2,9,11,-2,0,16,-7,10,sil
14.27305269241333,14,0,11,-1,-3,5,0,0,16,4,2,16,4,7,sil
14.27305269241333,25,5,6,1,0,-1,-7,12,31,4,12,14,24,10,sil
14.28902792930603,38,18,9,8,1,-10,0,23,29,1,30,30,35,13,sil
14.28902792930603,26,23,18,14,10,-3,2,4,8,6,37,31,28,9,sil
14.304037094116213,0,10,8,14,16,3,0,-12,0,3,12,-3,4,-1,sil
14.304037094116213,-15,-3,-6,6,-1,2,6,-9,-5,-11,-22,-37,-23,-14,sil
14.319166898727415,-29,-13,-16,-6,-25,0,6,-9,-16,-16,-41,-46,-37,-18,sil
14.319166898727415,-33,-16,-23,-17,-19,2,6,-5,-7,0,-38,-38,-31,-12,sil
14.333933353424072,-14,-16,-17,-14,0,5,11,10,15,17,-24,-17,-14,-7,sil
14.333933353424072,-3,-15,-12,-4,0,1,9,15,22,12,-10,-6,1,-4,sil
14.349660396575928,0,-3,-14,-6,-4,-8,-2,5,12,3,1,1,16,0,sil
14.349660396575928,17,11,-4,-8,7,-10,-5,5,8,8,23,28,32,8,sil
14.364641666412354,29,15,15,1,14,-3,-6,8,6,7,37,42,34,12,sil
14.364641666412354,12,12,22,8,8,-5,-14,-7,-12,-7,21,18,9,0,sil
14.38074827194214,-9,6,4,5,7,-5,-8,-20,-31,-9,-6,-7,-19,-16,sil
14.38074827194214,-17,-2,-6,7,12,17,5,-8,-22,0,-11,-9,-20,-6,sil
14.396608352661133,-8,-9,0,9,8,27,10,7,1,11,2,3,-1,18,sil
14.396608352661133,7,-7,0,2,0,0,2,12,17,21,9,16,16,27,sil
14.41219711303711,20,-3,0,-5,-5,-21,-7,10,16,11,12,31,22,18,sil
14.41219711303711,23,0,3,-9,-4,-20,-13,1,5,-18,14,37,14,2,sil
14.427816152572632,6,2,0,-19,-3,-19,-20,-14,-10,-34,12,23,0,-12,sil
14.427816152572632,-14,4,-2,-21,-6,-16,-30,-22,-29,-24,9,5,-4,-23,sil
14.442953824996948,-12,7,1,3,-1,2,-17,-14,-26,-6,-2,0,-11,-24,sil
14.442953824996948,1,16,11,31,9,17,11,2,-9,-1,-8,1,-16,-8,sil
14.458285331726074,2,10,15,24,3,12,21,3,-6,-6,0,-12,-11,4,sil
14.458285331726074,-11,0,6,4,-6,5,13,-8,-13,-11,-3,-36,-7,0,sil
14.473888397216797,-15,4,4,5,3,9,13,-3,0,-4,-9,-36,-5,0,sil
14.473888397216797,0,9,7,16,2,10,16,5,13,6,1,-28,-3,7,sil
14.489200830459597,7,-1,3,10,-7,0,9,0,5,7,0,-27,-4,3,sil
14.489200830459597,1,-4,-1,-1,-1,1,6,0,6,8,-17,-20,-2,2,sil
14.505072832107544,-1,-2,-3,0,0,13,9,5,19,11,-13,-11,-2,8,sil
14.505072832107544,-9,-15,-13,-4,-11,10,0,2,11,-4,-9,-18,-12,0,sil
14.521063804626465,-14,-18,-23,-12,-11,0,-8,4,0,-15,-22,-23,-18,-12,sil
14.521063804626465,-7,-7,-12,-15,0,0,0,14,7,3,-17,-6,-3,-6,sil
14.536078214645386,0,-6,-1,-14,2,6,8,11,20,16,0,9,10,3,sil
14.536078214645386,2,-6,-3,-8,-1,3,4,0,23,11,8,18,16,12,sil
14.551217555999756,5,0,6,1,1,-4,2,0,16,11,9,27,16,14,sil
14.551217555999756,1,2,5,0,2,-18,-7,0,1,3,0,28,3,2,sil
14.567089557647703,2,0,-5,-6,-1,-23,-19,-7,-11,-9,-4,36,-3,0,sil
14.567089557647703,11,2,0,2,0,-10,-7,-6,-13,1,10,45,9,5,sil
14.582909107208252,9,8,7,14,10,2,3,0,-7,21,16,27,19,0,sil
14.582909107208252,5,9,0,0,9,-3,-4,3,0,20,11,8,13,-1,sil
14.598057985305786,8,2,-9,-13,0,-10,-6,9,0,25,8,0,5,2,sil
14.598057985305786,0,-1,-10,-6,-1,-1,-3,0,-11,21,8,-11,0,-8,sil
14.614170551300049,-9,-3,-2,-6,6,5,-5,-8,-15,-3,7,-14,-4,-10,sil
14.614170551300049,-1,-2,3,-14,1,5,0,0,-4,-14,1,-11,-1,3,sil
14.629610538482666,4,9,8,-2,-3,1,3,0,-6,-7,1,-12,0,1,sil
14.629610538482666,3,12,7,15,1,-2,-4,-13,-17,-12,10,-4,-2,-3,sil
14.645673990249634,4,4,8,14,4,-2,-8,-10,-14,-23,7,2,-7,-2,sil
14.661251783370972,1,2,12,13,-2,-1,-10,-6,-7,-25,-2,-9,-7,-9,sil
14.661251783370972,-7,-7,4,12,-9,-5,-8,-8,-8,-23,-3,-18,-2,-11,sil
14.661251783370972,-15,-24,-5,0,-5,2,2,0,-4,-24,-9,-14,-5,-3,sil
14.676425218582152,-11,-18,-7,-6,-1,17,12,7,7,-22,-23,-20,-13,-2,sil
14.691962003707886,-4,-4,-2,-3,-2,15,5,5,6,-17,-23,-23,-11,-4,sil
14.691962003707886,0,0,4,-2,-2,9,0,6,-1,-6,-4,-4,0,0,sil
14.70706820487976,0,7,0,1,0,8,8,9,13,14,9,10,8,8,sil
14.70706820487976,-3,4,-6,1,0,1,12,4,28,25,3,3,4,11,sil
14.722717523574827,0,0,-6,2,-8,-4,5,0,21,14,-8,0,0,9,sil
14.722717523574827,11,9,-1,8,-7,-5,0,2,10,7,2,12,2,9,sil
14.73870301246643,10,11,0,3,6,-6,3,5,8,11,14,12,7,6,sil
14.73870301246643,0,7,-4,1,7,-8,8,3,12,7,2,-4,3,-5,sil
14.754812717437744,-3,8,1,11,0,-9,0,0,4,1,-5,3,-3,-9,sil
14.754812717437744,1,3,10,10,5,-4,-5,-1,-8,13,3,19,-1,0,sil
14.77005672454834,5,5,9,2,13,4,1,-2,-8,17,5,15,2,7,sil
14.77005672454834,5,10,4,0,5,3,2,-2,-4,0,0,10,0,0,sil
14.785233497619627,4,0,0,0,3,2,-7,-1,-10,-2,5,14,0,-5,sil
14.785233497619627,10,0,7,7,10,12,-4,-2,-10,8,13,21,4,4,sil
14.800811767578123,9,-1,3,-2,1,8,0,-8,-7,1,-3,5,-3,8,sil
14.800811767578123,-10,-28,-23,-44,-13,-9,-3,-7,-16,-17,-29,-28,-15,-9,sil
14.815993070602415,-21,-33,-26,-51,-13,-17,-8,0,-14,-12,-17,-31,-3,-14,sil
14.815993070602415,-11,-12,-7,-21,-6,-10,-8,1,-1,1,2,-11,9,-5,sil
14.83204174041748,-12,-12,-3,-17,-6,-5,-8,-5,-9,0,0,-12,0,-11,sil
14.83204174041748,-9,-9,5,-3,-4,1,-1,0,-9,-2,0,-13,-4,-9,sil
14.847646474838257,9,16,24,34,8,16,7,7,17,10,18,5,14,12,sil
14.847646474838257,12,21,25,30,18,17,12,8,27,18,23,19,25,18,sil
14.86272931098938,3,4,1,7,3,0,11,8,18,8,11,13,11,8,sil
14.86272931098938,7,6,-2,12,-8,-1,3,3,11,0,0,7,0,5,sil
14.87881588935852,9,15,3,14,0,4,2,-7,-1,-9,-1,4,-5,0,sil
14.87881588935852,-1,7,-2,1,-2,-4,0,-10,-12,-18,-4,0,-5,-5,sil
14.89400315284729,-7,-1,-4,-5,-14,-7,-11,0,-5,-13,-7,0,-4,-1,sil
14.89400315284729,0,2,0,0,-2,3,-13,3,2,0,-1,-1,-2,3,sil
14.90996265411377,5,6,3,10,8,5,-6,-7,-3,-5,4,-2,0,1,sil
14.90996265411377,0,1,2,12,0,-6,-14,-14,-14,-18,-5,-9,-6,-6,sil
14.925170421600342,-10,0,-8,0,-3,-9,-14,-6,-10,-11,-20,-17,-16,-10,sil
14.925170421600342,-10,-6,-14,-9,-3,-5,4,4,-4,-4,-14,-12,-13,-4,sil
14.940613746643066,-8,-18,-17,-14,-10,-9,8,5,-8,-7,-5,-7,-7,0,sil
14.940613746643066,-9,-15,-12,-14,-5,-6,1,1,-7,-4,-12,-12,-12,-2,sil
14.956152439117432,-4,-5,-1,-3,7,5,12,9,10,13,-10,-11,-9,-1,sil
14.956152439117432,4,0,2,3,2,9,23,18,23,29,5,0,5,1,sil
14.97167444229126,3,-1,3,-1,-5,6,11,10,22,22,13,12,9,6,sil
14.97167444229126,4,-2,3,0,2,11,4,0,20,13,11,16,6,11,sil
14.986798286437988,12,-3,3,4,11,12,7,1,10,17,11,10,11,10,sil
14.986798286437988,10,-9,2,1,7,4,5,2,0,17,5,1,12,2,sil
15.002361297607422,2,-2,-1,4,4,6,5,0,2,9,3,-2,6,-1,sil
15.002361297607422,0,11,2,8,8,7,5,-1,5,-6,10,5,6,0,sil
15.01752233505249,2,8,10,3,7,-4,-8,-6,-4,-16,8,12,11,-3,sil
15.01752233505249,9,5,8,3,1,-11,-19,-12,-11,-12,6,15,8,-3,sil
15.03268265724182,19,18,11,9,1,-9,-10,-8,-10,-6,17,18,8,4,sil
15.03268265724182,14,19,7,6,1,-8,-1,0,-8,-6,17,13,13,6,sil
15.048301219940186,0,2,2,-4,-3,-13,-9,-3,-12,-10,0,1,3,-3,sil
15.048301219940186,0,0,1,-9,-9,-18,-19,-9,-18,-13,-14,0,-8,-8,sil
15.063889503479004,2,9,1,-12,-7,-10,-15,-4,-16,-17,-9,3,0,-5,sil
15.063889503479004,-6,9,-3,-14,1,3,-4,0,-4,-19,1,0,4,-7,sil
15.078700065612791,-18,0,-10,-8,1,4,-2,0,1,-10,-4,-11,-13,-12,sil
15.078700065612791,-24,-6,-7,-4,-3,5,-4,-1,0,2,-14,-17,-19,-12,sil
15.09382462501526,-16,3,4,4,3,15,5,0,0,10,-9,-14,-8,-1,sil
15.10916519165039,-4,10,17,20,10,12,15,-1,2,12,-7,-8,-9,8,sil
15.10916519165039,-9,-4,9,13,-2,3,8,-10,-4,8,-12,-10,-21,1,sil
15.12492537498474,-18,-23,-16,-5,-13,5,0,-11,-3,2,-12,-20,-25,-3,sil
15.12492537498474,-7,-22,-21,-7,-10,2,0,3,0,-2,-12,-18,-21,0,sil
15.140075445175173,0,-15,-10,-5,-14,-2,2,16,0,-3,-15,-7,-9,2,sil
15.140075445175173,-3,-15,-8,-8,-19,4,7,16,6,6,-10,-3,2,6,sil
15.155757188796995,0,-16,-7,-7,-3,9,14,16,22,19,-4,-8,6,10,sil
15.155757188796995,5,-13,-14,-5,10,5,20,14,28,19,-3,-13,10,7,sil
15.1707661151886,-1,-8,-15,-4,6,2,20,5,21,12,0,-4,17,4,sil
15.1707661151886,-1,-2,-4,-6,-4,-6,2,0,5,9,6,8,10,3,sil
15.186838865280151,9,3,2,-12,-5,-15,-17,0,-3,0,10,14,3,1,sil
15.186838865280151,22,16,15,0,11,-6,-6,5,4,-9,17,27,20,10,sil
15.202170372009276,33,25,20,21,18,3,10,10,23,3,35,37,38,17,sil
15.202170372009276,22,14,9,13,1,-4,-3,-4,15,6,38,29,25,0,sil
15.217304706573486,2,3,9,2,0,-18,-21,-21,-12,-6,21,20,5,-10,sil
15.217304706573486,12,24,22,22,15,-16,-12,-17,-24,0,20,21,11,5,sil
15.232924938201904,23,36,25,31,14,-10,-5,-8,-24,0,31,19,18,8,sil
15.232924938201904,9,13,12,11,0,-8,-11,-6,-27,-23,13,2,-1,-10,sil
15.24800992012024,-8,-5,1,0,3,3,-7,-6,-26,-32,-18,-15,-30,-17,sil
15.24800992012024,-19,-3,-1,1,17,17,3,-4,-17,-25,-32,-20,-35,-14,sil
15.264154195785522,-22,0,-1,4,17,17,11,0,-2,-5,-32,-17,-19,-13,sil
15.264154195785522,-15,0,0,4,3,12,8,1,7,23,-17,-13,-8,-7,sil
15.279868602752686,-12,-5,-3,3,-8,13,2,-2,7,26,-4,-18,-11,-1,sil
15.279868602752686,-20,-19,-15,-7,-17,16,8,1,1,11,-23,-29,-24,-4,sil
15.295334815979004,-22,-32,-27,-22,-27,11,13,15,7,9,-46,-34,-30,-4,please
15.295334815979004,-10,-30,-23,-24,-26,-1,-1,12,18,-2,-33,-16,-11,0,please
15.311051607131958,2,-12,-10,-20,-11,-9,-18,1,11,-16,-3,9,16,4,please
15.311051607131958,7,0,-8,-11,-1,-7,-11,3,3,-2,13,17,24,7,please
15.326714515686035,5,-2,-10,-12,0,-10,-8,3,4,3,20,9,14,6,please
15.326714515686035,11,-1,-4,-20,0,-18,-17,-5,1,-6,16,6,11,1,please
15.34172296524048,17,7,0,-7,-4,-12,-12,-8,-2,-13,2,1,12,0,please
15.34172296524048,6,6,6,0,-8,-6,-4,-6,-9,-18,0,0,4,-5,please
15.357616901397703,-4,-1,4,-16,-11,-13,-7,-8,-21,-16,5,1,-5,-16,please
15.357616901397703,-4,2,-2,-10,-5,-9,-1,-8,-21,-8,3,4,-11,-14,please
15.372637271881104,0,17,10,21,11,10,21,2,2,0,12,10,-4,5,please
15.372637271881104,7,28,26,37,29,20,32,13,22,25,24,9,12,22,please
15.388675928115845,5,25,29,30,29,15,18,8,16,42,27,7,24,21,please
15.388675928115845,3,16,19,23,15,15,5,0,6,18,20,9,16,18,please
15.40419888496399,3,1,2,13,2,13,5,-3,4,-7,-2,4,0,16,please
15.40419888496399,-8,-13,-2,-2,-5,2,11,6,2,4,-14,-5,-2,8,please
15.419719219207764,-12,-13,-1,-6,-8,0,17,14,12,36,0,-2,3,6,please
15.419719219207764,0,-1,-2,2,2,0,14,7,15,26,0,8,0,6,please
15.434858798980711,-3,-6,-12,6,5,-9,0,0,-3,-11,-21,-3,-14,-7,please
15.434858798980711,-17,-17,-26,-7,0,-3,0,0,-11,-10,-25,-25,-13,-20,please
15.450970649719238,-8,-20,-21,-20,-2,11,4,2,1,9,-8,-17,1,-9,please
15.450970649719238,9,-17,-10,-16,-6,-3,-10,0,0,-14,-5,2,1,0,please
15.467080354690552,18,-4,1,-4,-4,-29,-31,-9,-12,-37,-2,4,-7,-8,please
15.467080354690552,19,14,20,0,-2,-21,-31,-17,-10,-19,13,4,0,-14,please
15.482665300369264,11,15,17,0,-18,-13,-32,-17,-21,-23,15,8,2,-13,please
15.482665300369264,4,8,9,7,-14,-15,-36,-16,-35,-38,6,11,-5,-10,please
15.498621702194214,9,18,18,23,13,5,-16,-8,-9,-2,11,10,-11,-1,please
15.498621702194214,0,17,18,18,13,29,11,4,11,18,6,0,-18,1,please
15.513808488845823,-18,0,-3,3,2,30,31,5,0,0,-22,-14,-23,-2,please
15.513808488845823,-27,-9,-20,0,8,26,34,-1,0,3,-34,-20,-13,-5,please
15.529748439788818,-23,-12,-17,-4,3,19,23,4,18,26,-22,-16,-1,0,please
15.529748439788818,-7,-22,-16,-12,-3,5,21,18,29,35,-9,-8,7,17,please
15.545837640762327,5,-18,-10,-16,-6,-7,17,15,23,26,0,8,16,19,please
15.545837640762327,6,-5,-3,-15,-14,-19,-6,2,13,0,3,12,14,0,please
15.561538457870483,6,0,-5,-8,-4,-14,-15,2,6,-11,0,1,9,-2,please
15.561538457870483,11,0,-2,-8,6,-2,-8,3,-3,-7,-1,6,9,10,please
15.57697319984436,9,3,0,-11,-6,-13,-14,-4,-14,-14,1,11,13,7,please
15.57697319984436,2,9,-3,-6,-11,-24,-23,-6,-11,-20,17,8,21,-4,please
15.593081712722778,2,7,-3,-8,0,-14,-15,3,-3,-2,33,11,22,-3,please
15.593081712722778,9,1,5,-16,0,-6,0,8,0,8,28,12,17,0,please
15.609024286270142,9,7,16,0,4,-5,7,2,2,-1,21,3,13,-3,please
15.609024286270142,-2,17,10,25,16,-5,0,-9,-6,-7,20,-2,8,-6,please
15.624183654785156,-13,16,2,20,4,-6,-12,-19,-18,-2,11,-2,-3,-3,please
15.624183654785156,-13,2,6,5,-8,4,-11,-15,-20,-7,-5,-13,-21,-5,please
15.63988471031189,-7,0,10,13,1,22,1,-2,-16,-11,-13,-24,-27,-6,please
15.63988471031189,0,10,18,28,16,26,14,1,-7,3,-5,-11,-16,2,please
15.655133724212646,0,7,11,22,14,24,17,0,6,16,-12,-2,-16,7,please
15.655133724212646,-6,-11,-4,5,2,23,18,3,14,4,-34,-15,-29,1,please
15.671036958694458,-2,-15,-5,1,0,17,28,10,7,0,-31,-14,-23,2,please
15.671036958694458,5,-10,-4,0,0,4,28,7,4,10,-8,0,-12,4,please
15.68669080734253,0,-14,-10,-10,-4,0,6,4,16,15,-2,3,-5,5,please
15.68669080734253,-3,-8,-7,-10,-6,0,-2,9,29,17,-6,4,6,5,please
15.702709197998049,12,3,-2,0,0,-6,1,9,20,14,-1,6,15,0,please
15.702709197998049,14,-6,-6,-7,-6,-12,-4,3,3,-6,0,9,13,-6,please
15.71876621246338,0,-17,-16,-19,-8,-4,-9,1,-2,-14,-1,9,8,-3,please
15.71876621246338,-3,-5,-9,-19,0,1,-5,0,-4,-2,2,8,8,8,please
17.18164610862732,1,1,0,0,-3,9,23,12,34,66,8,6,15,22,please
17.18164610862732,1,1,-7,-3,-1,0,7,2,25,12,3,2,16,12,please
17.197197675704956,-9,-11,-23,-15,-14,-2,-5,-2,5,-37,-14,-19,3,-7,please
17.197197675704956,-9,-13,-32,-23,-13,0,2,3,11,-22,-17,-27,-2,-9,please
17.21296000480652,3,-2,-16,-21,-7,-9,0,8,20,-17,-1,-2,6,3,please
17.21296000480652,0,-8,-14,-21,-14,-23,-22,-3,2,-45,-2,0,3,-3,please
17.22869873046875,-18,-23,-29,-29,-11,-23,-33,-19,-24,-60,-19,-13,-20,-26,please
17.22869873046875,-13,-19,-26,-28,-2,-13,-20,-14,-31,-52,-16,-2,-23,-26,please
17.243908405303955,4,-1,-4,-17,-1,-7,-6,-1,-12,-32,0,11,-3,-6,please
17.243908405303955,10,8,8,-7,-1,-3,-7,0,-3,-17,5,13,6,0,please
17.25903582572937,10,13,6,3,0,0,-15,-3,-6,-21,13,12,8,-1,please
17.25903582572937,10,14,15,10,6,0,-12,-5,0,-20,24,12,14,4,please
17.27416157722473,6,11,24,8,3,-3,-6,-7,3,0,17,11,12,7,please
17.27416157722473,-4,10,18,9,-5,1,-2,-9,-9,15,0,1,0,-4,please
17.28972339630127,-11,8,11,21,5,15,10,-1,-11,16,-5,-21,-13,-12,please
17.28972339630127,-10,0,5,27,18,18,29,10,2,22,-8,-28,-10,0,please
17.304961442947388,-11,0,1,13,5,9,28,9,8,30,-9,-8,0,13,please
17.304961442947388,-12,0,-1,4,-1,4,17,1,9,28,-8,0,0,11,please
17.320013523101807,-8,-6,-6,2,5,0,13,5,10,16,-11,-3,-1,7,please
17.320013523101807,0,-12,-8,-4,2,-4,10,16,12,9,-8,0,3,9,please
17.335642099380493,10,-4,-9,-6,0,1,3,17,21,21,6,8,14,11,please
17.335642099380493,11,-1,-2,-6,0,5,-3,8,16,16,19,15,18,8,please
17.35101890563965,10,-3,6,-6,-6,-7,-6,0,0,-8,14,15,11,2,please
17.35101890563965,18,6,7,6,0,-6,-4,-3,-3,-6,2,8,-2,0,please
17.366195917129517,14,7,4,4,5,0,-10,-7,-11,1,1,12,-10,-4,please
17.366195917129517,-1,-9,-4,-17,-9,-15,-24,-15,-22,-10,8,14,-1,-11,please
17.381870985031128,-4,-8,-9,-12,-14,-26,-25,-17,-16,-14,16,6,10,-9,please
17.381870985031128,5,1,-1,10,-2,-9,-16,-11,-11,-3,18,2,5,-1,please
17.397037982940674,8,1,5,2,-4,-7,-20,-11,-22,-12,9,1,-7,-3,please
17.397037982940674,0,8,5,-2,0,-14,-25,-16,-27,-25,0,-5,-13,-10,please
17.41297221183777,-1,19,8,20,17,2,-8,-8,-20,-21,-6,-9,-12,-9,please
17.41297221183777,4,21,25,32,18,25,9,3,-8,-14,-5,-4,-10,-2,please
17.428166389465332,0,13,25,18,5,23,18,4,0,-2,-2,-10,-11,0,please
17.428166389465332,-20,0,-4,1,1,17,27,-1,-3,10,-16,-24,-21,-3,please
17.44373393058777,-29,-12,-18,-5,-1,20,37,1,0,15,-29,-27,-21,-6,please
17.44373393058777,-16,-14,-16,-12,-5,18,30,14,30,16,-21,-27,-10,-4,please
17.4589421749115,-11,-11,-19,-21,0,6,11,17,42,19,-16,-17,-8,1,please
17.474079132080078,-6,-6,-12,-21,1,0,10,11,19,18,-20,3,-5,8,please
17.474079132080078,10,-7,-5,-15,-10,4,14,10,10,13,-16,11,6,16,please
17.489943504333496,10,-13,-7,-18,-11,5,-2,11,23,15,0,9,16,21,please
17.489943504333496,3,-6,0,-6,0,0,-3,6,28,18,16,15,23,18,please
17.489943504333496,11,6,7,12,7,-9,3,4,20,8,12,14,26,9,please
17.505659103393555,10,0,-2,-2,0,-16,-14,6,9,-4,0,8,23,5,please
17.505659103393555,1,-8,-16,-20,-10,-18,-23,1,0,-12,8,5,23,3,please
17.52167797088623,9,0,-2,-3,-3,-12,-7,-1,-2,-9,22,12,27,1,please
17.52167797088623,14,5,8,8,2,-7,-6,-1,0,3,25,21,26,2,please
17.53777766227722,-2,0,-3,-7,-7,-14,-19,-6,-8,0,23,16,9,-13,please
17.553892850875854,-7,1,-3,-6,-10,-21,-26,-8,-26,-17,15,0,-10,-34,please
17.553892850875854,4,14,14,21,4,-15,-20,-10,-25,-21,6,-2,-17,-22,please
17.553892850875854,0,17,16,27,9,-5,-5,-23,-21,-33,4,0,-17,-6,please
17.569171905517578,-14,2,5,7,0,0,-1,-23,-29,-49,-5,-5,-20,-7,please
17.569171905517578,-4,-5,13,1,0,1,-1,-9,-32,-39,-18,-7,-21,-4,please
17.58469581604004,0,-1,17,5,7,6,8,0,-18,-18,-17,-6,-18,0,please
17.58469581604004,-7,-3,-2,5,5,14,14,0,-3,-5,-10,-9,-8,-4,please
17.59988307952881,0,-5,2,7,-4,19,7,0,-6,10,0,0,0,1,please
17.615700006484985,12,0,19,11,-2,18,6,-1,-10,26,7,5,0,10,sil
17.615700006484985,0,3,2,11,10,18,15,2,9,29,0,-9,3,7,sil
17.615700006484985,-8,-2,-8,9,15,20,24,16,32,25,-8,-22,4,5,sil
17.63071846961975,0,-6,-3,5,4,23,27,24,35,20,-5,-15,-7,10,sil
17.646745443344116,-7,-1,-10,0,0,21,17,14,23,11,-5,-5,-10,8,sil
17.646745443344116,-13,0,-15,-4,1,5,7,2,13,12,-11,-8,-5,6,sil
17.661839723587036,0,-1,-10,-8,0,-13,-1,4,10,22,-9,-13,-2,9,sil
17.661839723587036,2,-2,-6,-18,-11,-26,-18,4,0,16,0,-5,8,4,sil
17.677029371261597,3,2,-13,-25,-13,-29,-22,-5,-8,8,10,7,16,-5,sil
17.677029371261597,16,5,-16,-20,-1,-26,-13,-7,-5,11,18,19,15,-4,sil
17.693096160888672,10,0,-4,-15,2,-16,-10,-1,-3,7,21,19,6,-9,sil
17.693096160888672,-8,7,10,0,-2,-7,-7,-2,-10,17,7,3,-9,-20,sil
17.708649158477783,-2,14,21,24,2,0,3,-7,-5,36,-8,-5,-20,-5,sil
17.708649158477783,12,0,11,28,9,10,5,-10,4,11,-17,-1,-10,12,sil
17.724201440811157,0,-16,-7,-1,0,11,-6,-10,-1,-38,-21,2,3,9,sil
17.724201440811157,-7,-13,-12,-24,-13,-6,-14,-4,-7,-44,-13,11,13,4,sil
17.739771366119385,11,-1,-1,-20,-7,-10,-9,8,8,-25,8,27,27,13,sil
17.739771366119385,24,6,11,-13,4,0,-6,15,15,-28,24,35,31,11,sil
17.754842042922974,9,12,6,-12,-1,-12,-13,2,0,-39,10,13,4,-10,sil
17.754842042922974,-8,8,3,-3,-8,-11,-11,-11,-15,-42,-9,-11,-27,-28,sil
17.77049493789673,-16,2,12,13,1,24,10,-1,-13,-40,-9,-9,-27,-16,sil
17.77049493789673,-15,2,6,22,2,35,29,9,0,-17,0,-3,-9,4,sil
17.7862331867218,-8,-3,-2,18,-1,18,24,4,8,16,2,-10,0,8,sil
17.7862331867218,-5,-14,0,19,6,14,13,0,2,21,-1,-19,-1,4,sil
17.802032947540283,-14,-12,0,18,9,11,11,0,-3,16,-8,-16,-4,6,sil
17.802032947540283,-12,-5,-7,7,0,4,18,0,13,43,-2,-7,0,8,sil
17.817554712295532,2,-6,-11,-2,1,2,13,4,31,57,5,-3,15,3,sil
17.817554712295532,9,-7,-6,-13,5,-5,-6,7,20,33,11,0,24,3,sil
17.83385419845581,16,6,-1,-12,4,-12,-12,6,4,9,21,7,19,7,sil
17.83385419845581,21,17,0,-4,0,-11,-10,-1,-9,-7,24,6,12,2,sil
17.849660396575928,7,4,1,-12,-5,-24,-27,-14,-34,-27,10,-5,2,-6,sil
17.849660396575928,-6,1,6,-11,-8,-37,-36,-14,-38,-28,0,-12,-9,-15,sil
17.86584210395813,-10,9,13,8,-5,-19,-19,-10,-25,-13,-2,-18,-16,-24,sil
17.86584210395813,-14,-2,2,10,-7,-3,0,-5,-13,3,-4,-27,-13,-23,sil
17.88136911392212,-11,-18,-10,0,-11,-1,5,1,-4,5,-10,-12,-12,-11,sil
17.88136911392212,-6,-6,-6,4,-2,7,5,0,0,-9,-25,6,-22,-3,sil
17.89657425880432,-4,8,-2,14,13,26,14,-2,3,-5,-32,4,-23,2,sil
17.89657425880432,0,2,0,9,14,29,24,7,14,14,-10,12,-3,13,sil
17.911837577819824,0,-12,-3,0,0,11,17,12,18,15,6,19,5,18,sil
17.911837577819824,-3,-16,-13,-15,-11,-4,4,2,15,4,-3,11,1,16,sil
17.927383184432983,14,-3,-1,-24,-6,-6,-2,1,13,2,0,18,12,14,sil
17.927383184432983,28,13,10,-3,2,-7,-10,0,1,-2,19,29,21,9,sil
17.942110061645508,9,24,10,13,11,-4,-7,-8,-10,-12,21,17,7,6,sil
17.942110061645508,2,30,13,16,18,10,7,-4,0,-4,11,5,-4,6,sil
17.957730531692505,14,29,17,25,18,21,13,6,14,11,7,2,-2,2,sil
17.957730531692505,0,4,7,15,7,14,8,11,8,21,-4,-10,-3,-4,sil
17.973915338516235,-13,-17,-13,-17,-7,3,9,10,2,15,-28,-21,-4,-1,sil
17.973915338516235,-1,-15,-15,-21,-14,-2,1,1,3,-7,-35,-11,0,8,sil
17.989672422409058,5,-5,-7,-7,-10,-7,-15,-4,3,-16,-18,4,7,1,sil
17.989672422409058,3,-7,-6,-19,-4,-16,-23,-4,1,-4,-2,9,11,-11,sil
18.004892587661743,7,-8,-2,-29,-3,-14,-16,-4,1,-7,2,9,8,-12,sil
18.004892587661743,0,0,0,-12,-5,-6,-6,-1,0,-10,2,4,9,-9,sil
18.021000862121586,-12,2,0,-1,-2,-7,-9,-2,-13,-5,-1,-4,5,-17,sil
18.021000862121586,-16,0,3,0,0,-6,-12,-12,-33,-20,-7,-13,-8,-22,sil
18.0370728969574,-15,0,1,8,0,5,1,-10,-30,-26,-4,-22,-12,-12,sil
18.0370728969574,-12,-1,0,12,1,11,16,5,-8,5,4,-22,0,3,sil
18.05768370628357,-6,-9,4,14,8,15,23,12,10,31,12,-13,6,14,sil
18.05768370628357,-8,-17,3,16,10,25,29,12,21,30,24,-7,4,16,sil
18.05868411064148,-10,-14,-6,12,0,13,25,14,23,23,42,-5,1,12,sil
18.068077564239506,-5,-10,-13,-1,-17,-11,2,4,14,5,48,-6,-3,6,sil
18.083755493164062,0,-14,-13,-21,-24,-20,-15,-4,7,-15,40,-3,-2,2,sil
18.083755493164062,10,-7,-8,-18,-11,-26,-21,-4,1,-20,57,7,0,0,sil
18.099080324172974,16,12,7,9,0,-35,-31,-7,-13,-15,73,22,-3,-6,sil
18.099080324172974,17,23,21,28,0,-28,-37,-9,-19,-12,17,29,0,-7,sil
18.114870309829712,14,17,11,16,-3,-12,-22,-9,-18,-15,-61,22,7,-9,sil
18.114870309829712,-1,6,0,-8,0,-2,-7,-19,-31,-24,-75,2,-5,-19,sil
18.13001227378845,-6,5,4,-8,14,14,0,-17,-21,-14,-52,-12,-21,-18,sil
18.13001227378845,7,18,19,18,28,31,14,0,8,9,-49,-7,-14,0,sil
18.145630836486816,1,15,13,20,21,31,20,0,8,16,-52,-5,-14,2,sil
18.145630836486816,-18,1,-9,-3,2,28,15,-2,-1,11,-52,-22,-23,0,sil
18.16101145744324,-11,0,-7,-6,1,32,25,16,16,18,-44,-19,-8,12,sil
18.16101145744324,9,6,7,9,15,25,48,30,39,32,-19,4,18,28,sil
18.17701435089112,9,0,1,5,10,13,41,20,36,38,-2,11,27,28,sil
18.17701435089112,0,-8,-15,-16,-3,3,12,11,23,28,7,5,24,16,sil
18.19262742996216,7,-2,-17,-14,-3,-6,1,16,27,13,25,16,31,19,sil
18.19262742996216,21,0,1,-2,-4,-15,-3,16,30,10,36,35,38,29,sil
18.20764684677124,19,-14,6,-10,-17,-24,-23,3,7,1,28,28,21,13,sil
18.20764684677124,4,-18,-9,-16,-18,-29,-30,-13,-23,-31,21,8,-10,-15,sil
18.223083019256592,-6,-3,-11,-3,-11,-24,-24,-18,-35,-50,20,0,-22,-27,sil
18.223083019256592,-10,6,0,2,-9,-16,-27,-17,-37,-32,12,-5,-20,-23,sil
18.23904585838318,-7,9,14,6,0,-9,-21,-17,-37,-13,8,-7,-17,-16,sil
18.23904585838318,-7,4,13,16,6,0,0,-9,-24,-10,15,-11,-15,-15,sil
18.254727602005005,-24,-13,-8,1,0,6,8,-4,-12,-3,15,-29,-23,-21,sil
18.254727602005005,-36,-18,-19,-19,0,2,1,-3,-7,5,8,-34,-18,-13,sil
18.270575046539307,-7,0,-15,-16,0,-9,0,0,5,7,12,-9,12,5,sil
18.270575046539307,15,4,-3,-14,-2,-12,-16,1,8,-3,18,4,22,0,sil
18.285802841186523,1,-7,5,-14,-3,-1,-21,-5,-4,-6,12,-9,0,-22,sil
18.30189657211304,-12,-9,1,-2,-2,16,4,-4,-1,10,9,-19,-12,-13,sil
18.30189657211304,-9,-9,0,-1,0,20,20,4,9,22,0,-11,-9,11,sil
18.30189657211304,-4,-18,-7,-14,-3,0,5,7,12,9,-35,-9,-10,14,sil
18.31668710708618,5,-18,-13,-24,-7,-14,0,9,10,-4,-54,2,-1,4,sil
18.33272171020508,25,8,7,-9,7,0,4,12,7,-8,-25,26,14,8,sil
18.33272171020508,33,39,31,28,16,8,2,0,-1,-11,0,24,15,12,sil
18.348365545272827,18,40,28,41,7,8,0,-16,-10,-15,1,10,8,5,sil
18.348365545272827,4,25,17,33,13,21,10,-12,-7,-5,-4,3,3,2,sil
18.36385536193848,0,16,19,38,20,28,21,1,-2,3,-14,0,-10,1,sil
18.36385536193848,-6,0,8,34,0,16,17,1,0,5,-21,-9,-23,-2,sil
18.3797550201416,-16,-17,-19,6,-11,0,7,0,6,13,-14,-10,-14,0,sil
18.3797550201416,-14,-11,-23,0,-5,-4,1,8,16,13,0,0,3,5,sil
18.394686222076416,-6,-4,-10,18,-4,-5,0,15,29,15,13,7,15,11,sil
18.394686222076416,-5,-9,-7,15,-5,-10,-4,18,33,25,14,7,23,11,sil
18.4106993675232,0,-5,-5,-18,-1,-11,-6,15,21,13,15,12,27,9,sil
18.4106993675232,7,2,-2,-35,-1,-5,3,6,11,-6,23,21,25,9,sil
18.42606329917908,8,-2,2,-21,5,-6,6,2,8,-6,28,23,24,10,sil
18.42606329917908,14,-2,3,-10,12,-4,0,0,1,-2,24,20,19,1,sil
18.44163203239441,17,6,2,-12,2,0,-5,-9,-12,-7,21,13,6,-13,sil
18.44163203239441,5,-1,2,-17,-11,-21,-19,-19,-31,-14,12,-1,-9,-22,sil
18.457178354263306,0,-11,1,-12,-16,-34,-29,-17,-40,-22,2,-8,-19,-17,sil
18.457178354263306,6,5,11,2,0,-7,-19,-12,-25,-17,4,2,-14,-8,sil
18.47292137145996,9,21,19,16,13,8,0,-10,-15,0,-1,8,-12,-5,sil
18.47292137145996,-2,10,10,12,1,0,0,-15,-33,7,-22,-11,-25,-10,sil
18.488136529922485,-19,-4,1,0,-11,1,-7,-15,-38,7,-30,-29,-32,-7,sil
18.488136529922485,-26,-5,-4,1,-1,18,1,0,-7,11,-29,-31,-22,0,sil
18.50414681434632,-22,-2,-9,3,4,28,19,12,17,14,-32,-27,-15,1,sil
18.50414681434632,-12,-5,-19,-4,-2,26,23,15,20,10,-32,-27,-16,1,sil
18.52014780044556,-9,-10,-26,-15,-2,15,18,10,18,-10,-28,-27,-14,4,sil
18.52014780044556,-13,-17,-27,-22,0,1,8,5,14,-23,-23,-26,-2,4,sil
18.53567361831665,-13,-23,-33,-29,-7,-5,-2,7,15,-6,-12,-22,9,4,sil
18.53567361831665,-5,-22,-26,-30,-12,-10,-7,10,14,-6,1,-5,15,4,sil
18.55097818374633,0,-13,-9,-21,-6,-14,-11,3,7,-18,4,4,12,1,sil
18.55097818374633,11,0,3,-5,1,-7,-17,2,11,3,10,10,16,5,sil
18.56614875793457,29,14,20,12,12,1,-1,12,28,28,38,35,33,12,sil
18.56614875793457,30,19,26,21,12,0,13,8,26,28,50,47,33,8,sil
18.581924200057983,10,13,16,9,5,-6,0,-7,2,13,24,25,7,-5,sil
18.581924200057983,8,14,14,12,5,-8,-10,-11,-13,-4,12,17,-2,-10,sil
18.5968496799469,18,20,23,31,9,-8,-5,-2,-13,-8,38,31,11,-5,sil
18.5968496799469,14,23,31,31,4,-6,-4,0,-10,0,40,26,13,-1,sil
18.61250376701355,10,30,31,27,-3,-1,-2,-7,-11,-1,10,3,0,0,sil
18.61250376701355,3,20,21,25,-1,2,3,-15,-12,-9,-8,0,-8,-2,sil
18.62769222259521,-13,-5,7,16,0,7,12,-7,-13,-8,-14,-3,-17,-8,sil
18.62769222259521,-19,-9,1,10,-3,12,23,0,-11,-6,-16,-16,-20,-4,sil
18.64280271530152,-13,-2,-1,0,0,10,18,-5,-8,-9,-16,-17,-9,0,sil
18.64280271530152,-12,-17,-13,-5,1,2,0,-1,-2,-2,-22,-12,-4,0,sil
18.659964084625244,-10,-26,-21,-3,0,1,-13,6,0,7,-21,-13,-11,0,sil
18.659964084625244,-14,-18,-24,-15,0,-6,-24,0,-6,-2,-10,-15,-12,-2,sil
18.673869132995605,-18,-16,-25,-29,-6,-17,-24,-10,-4,-15,-12,-7,-3,-4,sil
18.673869132995605,-4,-9,-10,-12,-5,-1,-5,-2,3,-2,-17,6,1,6,sil
18.689132928848267,6,3,-3,2,0,16,12,7,4,14,-11,1,0,14,sil
18.689132928848267,-2,0,-12,-13,-1,18,20,5,0,5,-12,-13,-9,7,sil
18.704655647277832,-6,-12,-13,-21,-4,15,16,1,-4,-7,-15,-10,-16,0,sil
18.705044507980347,5,-7,-6,-8,3,5,0,0,-3,1,2,8,1,0,sil
18.72006249427796,18,6,9,0,13,-3,-9,2,10,20,30,22,26,12,sil
18.72006249427796,24,17,24,10,8,3,0,17,39,28,31,15,30,22,sil
18.735600233078003,17,17,14,14,2,0,5,20,39,20,13,3,18,16,sil
18.735600233078003,6,0,-5,-6,-1,-15,0,7,8,3,3,3,5,1,sil
18.751624584198,0,-7,-15,-17,-9,-16,-1,-2,-10,-11,-1,0,0,-6,sil
18.751624584198,-2,3,-1,-6,-11,-12,0,-3,-11,-15,-5,-7,0,-5,sil
18.767256259918213,1,7,0,-9,-5,-10,-1,0,-7,-8,-6,-9,0,-9,sil
18.767256259918213,0,0,-13,-23,-6,-7,-10,0,-8,-9,-5,-13,-3,-23,sil
18.78317356109619,-5,0,-2,-14,-14,-18,-20,-5,-11,-18,6,-10,3,-26,sil
18.78317356109619,2,15,22,10,-6,-21,-16,-12,-8,-8,19,-2,7,-13,sil
18.7989981174469,0,15,25,26,6,-2,-5,-15,-14,2,13,-9,-8,-6,sil
18.7989981174469,-17,-4,10,27,8,11,3,-15,-17,-2,-2,-21,-21,-14,sil
18.81409215927124,-17,-8,4,28,3,16,16,-4,5,0,-7,-11,-8,-11,sil
18.81409215927124,-4,-6,-2,15,-5,21,16,11,22,12,-9,2,0,8,sil
18.8296639919281,-6,-18,-19,-11,-15,16,3,12,11,9,-17,5,-9,14,sil
18.8296639919281,-8,-23,-24,-21,-12,3,0,1,8,-2,-13,8,-6,10,sil
18.84489607810974,4,-12,-12,-8,-3,-3,6,1,13,1,2,14,10,17,sil
18.860901594161987,15,-2,-5,-4,1,-7,0,2,2,-4,16,26,9,14,sil
18.860901594161987,16,11,8,-4,6,-11,-13,-4,-16,-23,21,44,4,1,sil
18.860901594161987,18,27,22,8,16,-5,-11,-5,-20,-13,19,42,9,0,sil
18.87670850753784,14,29,23,19,32,12,1,-3,-22,-1,12,14,0,0,sil
18.87670850753784,5,28,23,28,38,25,4,-12,-20,-3,1,-12,-17,-3,sil
18.89262270927429,-3,23,24,29,23,25,3,-12,-7,6,-8,-20,-16,0,sil
18.89262270927429,-10,3,14,11,6,20,18,5,8,15,-15,-18,-10,5,sil
18.90769338607788,-13,-8,-5,-2,3,17,29,14,22,17,-19,-23,-9,5,sil
18.92378044128418,-20,-13,-18,-9,4,5,16,8,22,28,-20,-28,0,2,sil
18.92378044128418,-23,-30,-25,-19,-2,-8,5,9,11,25,-19,-27,4,0,sil
18.939695835113525,-12,-37,-22,-16,-10,-11,2,12,11,8,-18,-20,3,4,sil
18.939695835113525,0,-18,-10,-10,-6,-8,-6,4,12,0,-17,-11,6,0,sil
18.939695835113525,-2,-11,-11,-19,-5,-13,-15,-2,-1,-3,-13,-11,1,-10,sil
18.954877614974976,0,-22,-13,-26,-19,-21,-15,-2,-6,-4,-1,-2,2,-6,sil
18.970465183258057,8,-13,-9,-20,-32,-21,-13,0,1,-11,6,9,7,0,sil
18.970465183258057,9,4,-15,-19,-32,-21,-12,0,0,-25,4,6,1,-3,sil
18.98560857772827,10,5,-11,-14,-25,-20,-13,-1,-6,-15,18,19,9,-3,sil
18.98560857772827,15,3,3,0,-21,-17,-11,0,-2,11,39,42,30,3,sil
19.001688957214355,9,12,6,1,-15,-13,-7,-1,0,5,36,32,24,1,sil
19.001688957214355,5,15,2,-4,-5,-9,-11,-3,0,-8,16,11,2,-4,sil
19.017000675201416,5,10,4,4,7,-3,-17,-5,-4,-7,6,12,-1,-7,sil
19.017000675201416,0,13,14,16,12,3,-16,-7,-19,-17,2,13,-7,-11,sil
19.032769203186035,6,17,19,17,5,10,-6,-6,-16,-21,0,8,-12,-7,sil
19.032769203186035,10,15,16,22,11,14,5,-2,-9,-17,-3,5,-12,0,sil
19.04797911643982,0,13,15,30,23,19,17,-5,-17,-25,-6,-5,-19,0,sil
19.04797911643982,5,17,22,31,17,22,24,-7,-4,-9,0,-13,-13,4,sil
19.064074993133545,21,23,35,30,20,24,23,6,21,29,15,3,16,22,sil
19.064074993133545,15,17,25,26,34,26,19,15,25,34,20,9,28,26,sil
19.079938411712646,-6,0,0,10,24,19,11,4,14,15,0,-21,4,7,sil
19.079938411712646,-19,-16,-8,-3,1,5,1,-1,3,10,-15,-45,-16,-8,sil
19.095174074172974,-23,-17,-14,-5,-5,-3,0,0,-3,8,-20,-39,-19,-14,please
19.095174074172974,-28,-14,-22,-10,-2,-4,0,-3,-7,0,-27,-29,-20,-15,please
19.11066436767578,-31,-19,-21,-9,0,-2,5,-7,-5,2,-30,-26,-23,-17,please
19.11066436767578,-24,-26,-21,-20,-4,0,18,0,2,5,-26,-17,-15,-10,please
19.125757217407227,-12,-32,-29,-50,-9,3,28,15,19,4,-25,-4,-3,2,please
19.125757217407227,-11,-29,-27,-46,-4,0,16,17,21,7,-20,-3,-2,2,please
19.14094400405884,-11,-14,-15,-15,-7,-12,-5,0,0,5,-8,-1,-6,-6,please
19.14094400405884,0,-4,-7,-9,-15,-14,-14,-6,-7,3,0,9,0,0,please
19.15670108795166,12,0,2,-8,-10,-3,-17,2,-2,0,4,29,15,16,please
19.15670108795166,18,4,10,3,-7,-5,-23,4,-2,-6,17,37,25,18,please
19.17210984230041,21,5,6,0,-15,-15,-19,2,1,0,28,25,26,17,please
19.17210984230041,21,12,8,-4,-5,-6,-8,0,4,16,32,21,12,12,please
19.187655210494995,20,20,8,7,4,0,-1,-3,-4,3,24,32,3,0,please
19.187655210494995,19,20,5,15,-2,-8,-3,-5,-11,-30,15,26,9,-1,please
19.203738927841187,17,17,11,6,-4,-11,-11,-2,-4,-35,10,7,11,0,please
19.203738927841187,15,11,11,1,-8,-6,-11,-1,0,-7,7,13,6,0,please
19.218984365463257,8,7,7,4,-16,-10,-9,-3,-3,0,7,25,2,-3,please
19.218984365463257,5,18,11,15,1,-11,-12,-8,0,-4,11,1,1,-7,please
19.23459935188293,4,23,10,24,23,-3,-10,-8,0,21,10,-22,7,-6,please
19.23459935188293,-2,10,6,24,20,6,1,0,-4,39,0,-9,8,-1,please
19.250274419784542,-10,0,7,21,18,17,14,0,-3,8,-12,-12,-11,-6,please
19.250274419784542,-9,-9,11,12,16,20,15,-1,-7,-16,-14,-32,-23,-11,please
19.26543021202088,-12,-22,3,6,-3,11,12,0,-15,-5,-12,-29,-13,-4,please
19.26543021202088,-21,-24,-12,1,-13,11,13,-4,-13,-9,-32,-22,-20,-5,please
19.28076839447021,-30,-26,-25,-18,-3,14,13,0,0,-23,-51,-33,-30,-9,please
19.28076839447021,-25,-30,-24,-36,-1,-6,6,12,21,-7,-30,-24,-5,1,please
19.29682445526123,-6,-15,-10,-28,-6,-22,-4,7,21,0,4,5,11,7,please
19.29682445526123,0,1,-6,-12,4,-4,-11,-3,0,-16,9,5,0,-10,please
19.312325477600098,-3,10,1,0,22,13,-3,-1,-2,-17,3,-5,-2,-10,please
19.312325477600098,-4,18,18,16,22,18,14,6,10,-1,14,0,-1,7,please
19.32748246192932,-6,9,2,21,7,20,23,9,12,-3,13,-5,-11,7,please
19.32748246192932,-7,-3,-20,-3,-5,5,7,10,12,-12,13,-5,-6,3,please
19.343106269836422,10,2,-14,-19,-7,-16,-2,13,22,0,54,29,21,16,please
19.343106269836422,31,19,0,-4,-3,-15,-3,3,15,12,66,47,34,19,please
19.358680963516235,24,22,7,12,-2,-7,-11,-17,-16,7,7,26,14,2,please
19.358680963516235,6,10,7,13,-6,-4,-8,-22,-40,0,-38,3,-8,-5,please
19.37381362915039,-2,-4,10,3,-10,3,0,-13,-38,0,-40,-4,-17,-6,please
19.37381362915039,-8,-13,8,-1,-9,14,2,-9,-24,15,-39,-20,-14,-7,please
19.389572143554688,-9,-14,0,-3,-13,8,9,1,0,47,-36,-26,-5,0,please
19.389572143554688,0,-11,0,-5,-13,0,13,18,23,61,-20,-8,6,8,please
19.405675649642944,15,-8,-2,-7,-9,-8,0,14,33,50,0,4,17,6,please
19.405675649642944,18,-10,-1,-14,-13,-20,-15,4,21,52,13,12,24,4,please
19.420768976211548,12,-10,4,-16,-16,-22,-21,2,5,48,18,22,23,0,please
19.420768976211548,17,5,14,-5,-5,-13,-23,-5,-3,-13,14,26,11,-4,please
19.43681836128235,18,22,19,-2,16,-2,-19,-10,-12,-80,13,22,-1,0,please
19.452852964401245,0,16,-1,0,33,3,-4,-5,-16,-70,18,7,0,0,please
19.452852964401245,-15,11,-3,17,26,13,0,-8,-14,-43,15,1,-1,-9,please
19.452852964401245,-18,12,10,15,13,18,-4,-6,-7,-44,1,0,-18,-9,please
19.46850228309632,-13,0,-2,5,5,7,7,3,4,-31,-11,-27,-26,0,please
19.46850228309632,-17,-7,-11,11,3,0,17,4,3,-18,-6,-36,-17,0,please
19.48463177680969,-20,-3,-9,20,8,3,10,0,-4,-10,2,-13,-11,-3,please
19.48463177680969,-9,-8,-14,8,0,6,15,9,12,26,-3,-3,-6,5,please
19.49971008300781,-3,-22,-15,-16,-19,3,28,18,33,43,-5,-10,1,15,please
19.49971008300781,-8,-23,-22,-26,-21,-4,14,5,18,9,2,-13,5,1,please
19.514902114868164,0,-6,-15,-9,-1,-12,-11,-7,-9,-15,0,0,3,-10,sil
19.530944108963013,12,8,7,0,7,-12,-23,-5,-21,-17,-11,12,0,-10,sil
19.530944108963013,14,12,9,5,6,-10,-16,0,-13,-11,-14,7,1,-9,sil
19.546342372894287,15,20,13,14,3,-6,-4,0,0,-1,12,7,12,0,sil
19.546342372894287,8,19,23,12,0,5,-4,-13,-10,0,26,11,4,7,sil
19.561954021453857,-9,5,7,8,6,25,4,-15,-18,2,-2,0,-14,0,sil
19.561954021453857,-19,-5,-2,7,4,32,30,2,4,24,-21,-8,-12,3,sil
19.57775402069092,-18,-17,-6,-3,-11,9,26,13,19,27,-18,-13,0,9,sil
19.57775402069092,-7,-17,-21,-13,-17,-15,0,9,13,12,-16,-16,6,-2,sil
19.59383463859558,10,-3,-8,-17,-5,-14,-10,8,13,16,1,6,17,-4,sil
19.59383463859558,17,0,7,-16,0,0,-7,11,21,25,29,25,25,2,sil
19.610140085220337,15,5,11,-3,1,-4,-10,1,8,7,30,16,17,0,sil
19.610140085220337,10,16,25,10,8,-14,-13,-18,-22,-11,10,6,-2,2,sil
19.610140085220337,-2,0,14,7,3,1,-4,-21,-33,-2,-11,-5,-18,5,sil
19.62516975402832,-16,-22,-9,-5,-11,17,7,-4,-14,0,-27,-15,-20,0,sil
19.640735149383545,-5,-16,-15,-13,-13,0,7,5,6,-2,-21,-11,-9,0,sil
19.640735149383545,14,-1,-9,-13,-5,-17,-8,-1,5,4,-2,0,2,0,sil
19.65583038330078,18,10,8,-4,0,-16,-23,-7,-11,-12,7,12,8,-7,sil
19.65583038330078,5,19,18,12,6,-4,-15,-3,-16,-43,11,12,3,-7,sil
19.671634912490845,-10,8,8,18,14,9,3,-2,-6,-24,7,2,-8,0,sil
19.671634912490845,-24,-7,-5,3,4,13,8,0,-1,18,-18,-14,-21,-2,sil
19.686763048172,-18,-11,-14,-15,-6,0,4,11,6,23,-25,-21,-13,-4,sil
19.686763048172,5,0,0,-15,-3,-11,-1,18,21,2,11,9,13,7,sil
19.70230865478516,21,26,19,11,9,-2,-3,10,20,0,36,35,28,17,sil
19.70230865478516,17,38,17,32,22,15,7,0,4,4,18,12,9,6,sil
19.71811079978943,2,9,-2,20,15,21,20,-1,-1,7,0,-16,-11,-3,sil
19.71811079978943,-8,-23,-19,1,-1,13,18,0,3,8,-2,-14,-4,1,sil
19.73414182662964,-1,-22,-20,-3,-9,1,12,11,15,9,0,0,8,11,sil
19.73414182662964,4,-13,-23,-11,-8,-9,5,14,26,7,8,8,11,7,sil
19.74975562095642,0,-10,-23,-21,-8,-19,-14,-4,6,-13,7,12,8,-6,sil
19.74975562095642,8,8,-5,-6,-4,-14,-23,-16,-18,-36,1,13,5,-8,sil
19.76585173606873,14,22,12,22,7,-2,-9,-11,-17,-26,5,6,-1,-1,sil
19.76585173606873,0,12,16,30,12,6,1,-11,-18,-12,0,-1,-11,-3,sil
19.781281232833862,-14,1,1,19,8,17,11,-7,-21,-9,-13,-14,-14,-2,sil
19.781281232833862,-18,-5,-12,3,5,16,17,0,-5,5,-17,-26,-12,-1,sil
19.796844482421875,-17,-19,-12,-10,-4,0,7,2,6,19,-18,-22,-8,-11,sil
19.796844482421875,-13,-24,-15,-26,-24,-17,-11,4,2,8,-17,-7,0,-16,sil
19.811984300613403,-10,-19,-10,-46,-36,-25,-32,1,-2,-13,-7,3,1,-9,sil
19.811984300613403,-10,-7,0,-39,-24,-18,-32,-10,-5,-23,-4,-4,-3,-10,sil
19.827990293502808,-4,6,16,0,3,8,0,-7,-1,-6,-2,-12,-4,-2,sil
19.827990293502808,8,17,43,24,17,26,31,11,8,28,4,-7,1,17,sil
19.84413456916809,11,8,43,16,6,17,27,15,10,41,1,-6,5,23,sil
19.84413456916809,1,-15,21,-2,-2,3,8,7,13,24,-7,-2,5,17,sil
19.85972833633423,3,-22,27,-13,-5,-1,5,9,26,19,3,8,11,16,sil
19.85972833633423,10,-3,48,-12,-1,-3,0,3,13,24,17,15,13,5,sil
19.87489628791809,6,5,18,-3,4,-2,-13,-12,-18,5,9,18,5,-9,sil
19.87489628791809,6,10,-36,7,4,-8,-16,-16,-27,0,7,22,3,-12,sil
19.890065908432007,17,27,-40,20,8,-17,-16,-14,-23,25,15,20,3,-7,sil
19.890065908432007,9,28,-18,29,22,-5,-9,-13,-19,10,6,2,-9,-8,sil
19.905205249786377,-10,0,-25,21,22,9,5,0,-3,-42,-11,-13,-26,-11,sil
19.905205249786377,-10,-16,-38,-1,2,2,11,15,16,-52,-19,-12,-16,0,sil
19.920827627182007,5,-5,-31,-12,1,-11,4,10,17,-35,-8,4,8,10,sil
19.920827627182007,11,7,-15,-1,20,-12,-7,-1,-2,-45,14,25,6,0,sil
19.936665534973145,3,14,-2,5,18,-4,-11,-3,-15,-40,12,12,-14,-9,sil
19.936665534973145,-4,20,4,6,0,13,8,0,-3,-8,-13,-15,-9,-2,sil
19.952173233032227,-4,11,7,14,-13,29,31,7,18,16,-15,-14,11,8,sil
19.952173233032227,-2,-11,-4,3,-19,16,22,14,26,33,4,0,18,16,sil
19.96877264976501,0,-26,-11,-25,-23,-5,0,9,14,30,21,4,27,19,sil
19.96877264976501,9,-16,2,-23,-22,-13,-14,0,-1,19,31,10,37,10,sil
19.984739542007446,5,8,15,2,-19,-9,-26,-7,-14,23,21,1,7,-5,sil
19.984739542007446,-8,12,15,12,-8,3,-15,-11,-14,24,-5,-17,-31,-12,sil
19.99985122680664,-12,-10,13,0,0,18,8,-5,-2,11,-17,-17,-29,-3,sil
19.99985122680664,-12,-22,8,-18,0,8,7,6,10,0,-13,-9,-10,0,sil
20.01538896560669,-8,-8,-4,-17,0,-6,-1,10,18,-6,-14,-9,-3,-9,sil
20.01538896560669,2,-3,0,-7,10,-3,0,2,9,-18,-13,0,0,-12,sil
20.03100633621216,10,-4,17,-7,13,-4,-5,-10,-10,-19,0,17,5,-6,sil
20.03100633621216,7,10,26,4,3,-12,-7,-17,-20,-8,18,20,4,0,sil
20.046778917312626,-4,18,18,22,2,-2,-4,-16,-22,-3,17,0,-5,0,sil
20.046778917312626,-13,2,8,22,12,9,0,-11,-16,-3,-4,-24,-17,-5,sil
20.06800007820129,-13,-3,2,13,15,15,13,-3,0,0,-27,-24,-16,-7,sil
20.06800007820129,-11,-9,-3,2,1,12,21,5,3,2,-32,-13,-10,0,sil
20.06800007820129,-8,-17,-17,-8,-12,0,7,11,5,6,-23,-13,-3,8,sil
20.077534437179565,0,-14,-15,-14,-10,-15,-1,18,15,4,-8,0,8,10,sil
20.09378933906555,14,-7,-13,-21,-9,-19,-2,20,18,-3,-1,16,20,5,sil
20.09378933906555,21,0,-19,-24,-14,-13,-7,13,15,1,7,25,24,4,sil
20.109031438827515,15,13,-1,-2,-6,-4,-3,8,16,17,30,34,30,9,sil
20.109031438827515,17,27,18,19,13,-2,10,8,10,12,34,28,29,9,sil
20.12416648864746,23,31,13,16,19,0,7,0,2,-5,17,11,10,3,sil
20.12416648864746,7,18,0,5,8,4,-4,-12,-5,-10,0,0,-14,-6,sil
20.13990902900696,-11,2,0,9,2,-1,-8,-23,-29,-14,-8,-9,-32,-18,sil
20.13990902900696,-3,4,14,20,7,-2,-9,-26,-37,-22,-6,-6,-28,-15,sil
20.15563726425171,0,6,7,16,3,13,-3,-13,-15,-8,-1,-4,-15,-3,sil
20.15563726425171,-18,-9,-14,0,-1,31,10,0,-7,11,-3,-23,-14,0,sil
20.17115569114685,-18,-16,-19,1,0,30,20,2,-4,14,-5,-25,-14,2,sil
20.17115569114685,-3,-17,-17,2,-2,9,11,4,19,18,2,-5,-3,8,sil
20.18671464920044,-12,-27,-33,-24,-13,-11,-5,14,30,25,2,-7,3,4,sil
20.18671464920044,-16,-24,-40,-35,-15,-17,-11,16,19,13,-8,-17,13,2,sil
20.20187330245972,0,-5,-17,-13,-5,-14,-13,2,2,-12,-4,0,22,4,sil
20.20187330245972,10,1,1,-5,-6,-22,-21,-8,-12,-27,14,21,14,0,sil
20.21760892868042,12,10,3,-7,-9,-28,-21,-7,-16,-25,16,23,4,-1,sil
20.21760892868042,17,18,9,-1,3,-15,-8,-4,-10,-16,15,27,14,2,sil
20.23306632041931,17,13,16,2,16,6,0,-5,-4,0,24,26,24,5,sil
20.23306632041931,12,16,22,16,20,19,4,0,0,6,11,16,9,3,sil
20.24914073944092,8,24,31,37,17,15,7,4,0,0,-9,8,-14,0,sil
20.24914073944092,-2,9,17,23,0,6,7,-1,-3,4,-11,-4,-22,-4,sil
20.26506543159485,-19,-16,4,-6,-12,7,10,1,0,12,-15,-20,-9,-4,sil
20.26506543159485,-23,-23,17,-4,0,10,15,6,9,11,-26,-24,-8,-2,sil
20.28006911277771,-21,-17,27,1,0,13,10,-2,5,7,-29,-27,-24,-7,sil
20.28006911277771,-17,-13,24,-7,-13,12,11,0,5,9,-27,-33,-22,-4,sil
20.29565405845642,-3,-5,44,-10,-12,1,16,14,23,10,-13,-15,2,6,sil
20.31167244911194,7,0,49,-10,-3,-13,2,10,22,-7,2,4,14,0,sil
20.31167244911194,6,1,-14,-11,0,-13,-7,-4,0,-20,4,4,12,-8,sil
20.31167244911194,7,12,-64,-9,5,-4,-3,-1,-1,-8,14,9,20,0,sil
20.32688784599304,14,17,-38,-10,2,-12,-12,2,0,0,25,19,22,0,sil
20.342613697052,15,3,-17,-7,-2,-18,-26,-5,-15,-4,17,12,5,-10,sil
20.342613697052,3,-1,-25,0,9,-6,-19,-18,-30,-10,11,4,-4,-8,sil
20.358726263046265,-5,5,-24,2,12,1,-8,-18,-31,-15,2,-5,-10,-6,sil
20.358726263046265,-5,2,-15,10,1,8,1,-8,-21,-10,-15,-17,-20,-8,sil
20.3739812374115,-7,-7,-12,20,4,18,17,3,0,8,-15,-12,-19,0,sil
20.3739812374115,-8,-10,-14,12,10,13,18,9,16,18,-9,-6,-12,7,sil
20.3739812374115,-7,-11,-13,1,2,1,9,7,13,13,-16,-10,-14,3,sil
20.38973569869995,-10,-11,-12,2,-3,4,9,6,14,22,-9,-12,-9,7,sil
20.406089067459103,-7,-6,-6,0,0,7,9,14,32,40,13,2,10,22,sil
20.406089067459103,11,1,5,0,1,1,7,18,36,37,28,23,27,26,sil
20.406089067459103,23,8,8,6,-3,0,7,8,15,15,15,18,25,18,sil
20.421237230300903,15,3,4,-3,-7,0,4,0,1,-11,-6,7,8,13,sil
20.43598890304565,13,-2,8,-18,-10,-5,2,0,0,-31,-7,12,-3,4,sil
20.43598890304565,11,4,21,-13,-18,-17,-5,-6,-11,-36,10,15,5,-6,sil
20.452020406723022,0,11,30,0,-18,-19,-22,-8,-23,-27,18,15,14,-7,sil
20.452020406723022,-3,4,18,0,-10,-16,-26,-7,-20,-19,9,14,5,-8,sil
20.46768832206726,4,0,8,-3,-10,-20,-28,-17,-21,-24,5,12,2,-17,sil
20.46768832206726,0,8,15,3,-10,-20,-26,-19,-26,-28,9,13,8,-17,sil
20.48290634155273,-6,19,17,15,1,-3,-15,-6,-22,-21,8,12,1,-8,sil
20.48290634155273,-7,17,15,21,11,9,-5,-3,-17,-8,5,5,-5,-10,sil
20.498342752456665,0,12,15,31,17,16,0,-7,-10,0,3,-1,-7,-10,sil
20.498342752456665,8,18,19,33,26,22,5,-2,-2,2,0,-1,-12,-2,sil
20.51393985748291,6,13,21,22,21,20,13,0,1,13,1,-1,-11,0,sil
20.51393985748291,0,-8,6,9,12,19,27,7,15,31,2,-5,-3,3,sil
20.529024600982662,-9,-25,-17,-7,6,20,28,13,22,25,-15,-17,-7,5,sil
20.529024600982662,-21,-27,-38,-25,-4,11,17,8,11,11,-34,-36,-18,-1,sil
20.54424810409546,-25,-28,-41,-44,-13,5,17,9,13,19,-39,-44,-15,-5,sil
20.54424810409546,-13,-28,-35,-56,-6,5,17,19,32,32,-30,-31,0,8,sil
20.55968713760376,-8,-17,-28,-37,3,2,8,8,29,28,-12,-19,9,22,sil
20.55968713760376,-20,-11,-24,-16,5,-3,1,-7,6,12,-15,-24,-1,7,sil
20.574862241744995,-23,-13,-29,-25,-2,-5,-5,-1,-5,-2,-30,-33,-14,-11,sil
20.574862241744995,-2,-5,-23,-24,-4,-9,-13,3,-4,-4,-15,-18,-5,-5,sil
20.59042453765869,22,10,-1,7,1,-14,-9,0,10,6,10,5,12,8,sil
20.59042453765869,32,15,8,20,0,-17,-2,5,22,12,15,15,17,5,sil
20.60565733909607,23,6,8,-1,-4,-14,-10,5,4,5,21,20,10,0,sil
20.60565733909607,20,0,13,-6,-2,-9,-18,-4,-14,-1,27,26,11,3,sil
20.620800018310547,18,4,18,10,0,-12,-15,-6,-12,-9,24,25,13,5,sil
20.620800018310547,0,13,18,21,-1,-16,-10,-4,-12,-25,25,12,2,-5,sil
20.636040449142456,-9,23,14,26,1,-2,-8,-12,-15,-35,14,-2,-11,-14,sil
20.636040449142456,2,28,22,33,10,8,-4,-15,-11,-25,5,8,-10,-7,sil
20.65170407295227,19,25,30,35,9,-2,3,-4,-4,-7,30,42,10,11,sil
20.65170407295227,16,19,24,25,-1,-8,7,0,-11,-13,35,44,16,8,sil
20.66687083244324,-3,4,11,8,-6,2,3,-9,-29,-35,-7,12,-9,-13,sil
20.66687083244324,-17,-12,2,1,-6,13,0,-7,-25,-31,-28,-4,-22,-16,sil
20.68239116668701,-16,-19,1,2,-10,17,3,0,-5,-11,-11,5,-10,-6,sil
20.68239116668701,-15,-22,-3,3,-17,14,8,-1,0,-9,-6,7,-3,-5,sil
20.698283910751343,-18,-15,-6,13,-13,13,14,1,0,0,-12,7,0,0,sil
20.698283910751343,-11,-6,2,14,-10,22,23,14,16,21,-6,17,9,13,sil
20.713035106658936,0,-11,-4,-14,-17,15,20,16,26,21,-6,6,8,18,sil
20.713035106658936,2,-17,-18,-28,-15,-7,-2,6,12,0,-13,-20,1,9,sil
20.728694200515747,2,-11,-18,-12,-7,-15,-25,0,-1,-17,-15,-35,0,2,sil
20.728694200515747,10,-4,-19,-15,-2,-12,-28,0,-4,-24,-5,-27,0,2,sil
20.744085788726807,22,8,-10,-25,6,-11,-14,11,1,-5,12,-1,15,14,sil
20.76002597808838,27,21,4,-4,11,-5,0,21,16,27,25,11,33,20,sil
20.76002597808838,14,13,1,-4,11,-7,0,7,18,34,14,-1,16,0,sil
20.775283575057983,-2,3,-9,-22,22,-3,2,-6,8,30,0,-11,-10,-16,sil
20.775283575057983,-6,4,-9,-7,31,10,12,-4,4,41,0,-6,-9,-11,sil
20.775283575057983,-13,6,-4,7,31,4,7,-9,-4,48,0,-15,-11,-16,sil
20.789978742599487,-21,10,-4,-1,37,-8,-1,-24,-20,40,-17,-33,-34,-28,sil
20.80607843399048,-14,7,1,0,43,7,4,-19,-16,46,-20,-28,-35,-16,sil
20.80607843399048,-3,-2,6,15,52,19,14,3,6,91,-3,-12,-12,3,sil
20.822152614593502,-6,1,4,16,49,5,6,14,23,102,-1,-10,0,10,sil
20.822152614593502,-12,2,0,2,-4,0,-5,3,17,0,-6,-13,-1,3,sil
20.839094400405884,-10,-15,-13,-7,-68,0,-2,-3,3,-112,-5,-9,-1,-1,sil
20.839094400405884,-6,-24,-9,-19,-74,-10,4,1,4,-112,-4,2,6,2,sil
20.85382318496704,0,-15,0,-26,-56,-20,0,11,13,-69,0,15,20,14,sil
20.85382318496704,16,-7,3,-10,-48,-15,-12,10,3,-65,13,34,30,21,sil
20.86906933784485,25,0,27,7,-30,-12,-13,-2,-21,-65,22,56,29,17,sil
20.86906933784485,27,13,44,13,-11,-7,-12,-13,-32,-46,18,45,18,3,sil
20.88427233695984,19,22,29,20,2,5,-15,-10,-27,-32,10,15,1,-12,sil
20.88427233695984,-1,18,11,29,13,11,-4,-2,-16,-21,5,10,-9,-16,sil
20.89981961250305,-14,5,0,21,7,7,15,0,-11,-3,1,6,-13,-10,sil
20.89981961250305,-10,-7,-6,7,3,12,19,0,-11,9,-9,-15,-17,-9,sil
20.915676832199097,-5,-10,-7,8,9,15,10,-3,0,23,-23,-30,-21,-8,sil
20.915676832199097,-9,-6,-13,7,3,8,0,-6,8,37,-24,-21,-26,-7,sil
20.93101167678833,-13,-15,-19,-5,-2,7,-2,-1,2,40,-15,-13,-21,-3,sil
20.93101167678833,-4,-22,-23,-11,2,9,3,8,7,31,-13,-6,0,5,sil
20.947002410888672,3,-12,-18,-10,6,-4,-5,7,16,24,-4,9,15,7,sil
20.947002410888672,0,-1,-11,-12,2,-20,-16,0,15,24,24,16,17,5,sil
20.96201753616333,-5,0,-14,-15,2,-17,-8,0,10,14,25,0,9,1,sil
20.96201753616333,0,-2,-15,-22,0,-17,-8,9,0,-4,-5,-8,0,-5,sil
20.97797703742981,10,3,0,-22,0,-12,-7,11,-2,-11,0,7,6,1,sil
20.97797703742981,14,19,22,-2,17,6,12,0,0,-7,21,20,13,16,sil
20.993009328842163,11,25,22,17,24,14,22,-2,-1,0,14,6,6,11,sil
20.993009328842163,6,17,10,15,8,6,7,4,2,9,16,-4,12,5,sil
21.00865626335144,-3,16,8,8,4,1,-1,-3,2,11,17,-5,10,3,sil
21.00865626335144,-13,18,2,12,14,6,2,-14,-10,8,-13,-18,-16,-13,sil
21.02373099327088,-9,5,6,13,9,19,15,0,-1,25,-17,-19,-17,-10,sil
21.02373099327088,2,-10,4,4,0,20,23,18,25,37,2,-4,5,17,sil
21.039602041244507,11,-17,-8,-4,0,0,13,10,21,10,-9,-2,4,15,sil
21.039602041244507,16,-12,-1,-5,-4,-9,0,0,4,-17,-14,3,9,-1,sil
21.0547559261322,21,0,16,0,-6,-5,-9,-3,1,-21,4,15,18,1,sil
21.0547559261322,9,3,20,6,0,-11,-18,-13,-14,-20,2,8,-2,-5,sil
21.07066583633423,-11,-1,13,14,1,-10,-15,-15,-30,-19,-8,-5,-19,-17,please
21.07066583633423,-16,-4,1,10,-6,6,1,-5,-15,-9,-5,-13,-9,-4,please
21.085783004760746,-12,-4,-11,0,-9,12,12,3,6,-2,-3,-12,-3,7,please
21.085783004760746,-12,-5,-23,0,-2,2,4,9,16,0,-1,-11,1,2,please
21.101815938949585,-14,-8,-29,-13,-8,-10,-22,7,13,-1,5,-5,6,-7,please
21.101815938949585,-12,-11,-21,-40,-21,-26,-41,-3,0,-19,11,8,1,-14,please
21.11699604988098,-3,0,-8,-31,-11,-21,-26,-8,-5,-24,11,21,0,-10,please
21.11699604988098,0,14,7,4,0,0,-5,-5,-1,-6,7,17,-1,-3,please
21.13309955596924,0,9,10,10,-7,0,-6,-11,-16,-3,-5,13,-12,-12,please
21.13309955596924,-5,-4,5,-7,-17,-13,-16,-23,-46,-21,-24,11,-28,-26,please
21.148731231689453,-2,-6,7,-7,-9,0,-3,-17,-41,-16,-28,-1,-28,-10,please
21.148731231689453,4,0,13,7,6,20,22,0,-11,5,-12,-7,-9,14,please
21.16412615776062,2,5,12,17,17,25,32,9,-1,12,-2,-4,0,13,please
21.16412615776062,0,-3,-6,14,8,17,26,13,13,24,-11,-13,-5,7,please
21.17969346046448,8,-14,-15,0,0,4,20,19,44,33,-6,-19,4,15,please
21.17969346046448,17,-12,-1,-10,8,0,19,29,48,12,13,-5,24,21,please
21.19503164291382,17,-4,4,-6,9,7,21,22,27,0,16,0,18,20,please
21.19503164291382,5,-5,-7,-8,-1,6,18,7,19,14,1,-7,4,16,please
21.210537910461422,-5,-10,-26,-17,-5,2,12,10,23,8,0,-7,6,3,please
21.210537910461422,0,0,-13,-8,-2,-4,-1,6,10,-18,16,14,18,-1,please
21.226152658462524,2,23,9,11,0,-17,-20,-8,-7,-12,28,30,25,3,please
21.226152658462524,-6,26,1,10,7,-14,-23,-5,-7,19,22,10,18,-3,please
21.241227626800537,-15,6,-4,-4,16,-1,-19,-5,-9,18,17,-4,8,-20,please
21.241227626800537,-6,0,18,7,10,-6,-23,-21,-24,-7,19,7,2,-17,please
21.25732684135437,7,11,36,37,2,-9,-14,-20,-26,-13,7,10,-9,-7,please
21.25732684135437,4,12,29,32,3,1,-5,-12,-22,-5,-11,-3,-21,-7,please
21.272453546524048,0,1,10,13,1,7,-10,-10,-25,-3,-16,-8,-12,0,please
21.287676095962524,9,3,12,26,6,10,1,0,-14,3,-9,0,1,16,please
21.287676095962524,17,7,11,31,11,17,26,13,9,14,-14,0,0,25,please
21.30307674407959,5,-1,-15,-3,-1,10,18,10,18,6,-17,-2,-7,17,please
21.30307674407959,0,-9,-29,-28,-14,-10,-6,2,9,-7,-10,-4,-6,-3,please
21.31872820854187,1,-10,-22,-26,-6,-26,-12,1,11,-5,-10,-4,1,-15,please
21.31872820854187,-4,-11,-22,-29,5,-20,-5,1,12,-9,-13,-5,-3,-16,please
21.33396887779236,-13,-9,-18,-32,-2,-2,-4,-5,-5,-28,-15,-8,-18,-20,please
21.33396887779236,-10,-2,-6,-19,-29,-3,-6,-12,-20,-30,-10,0,-18,-24,please
21.349934101104736,-4,2,-1,-8,-37,-9,-6,0,-6,-5,9,5,-4,-14,please
21.349934101104736,-3,5,3,-4,0,7,-3,3,8,3,22,-14,1,0,please
21.36498212814331,-6,9,17,3,44,20,0,-9,5,-10,14,-16,0,4,please
21.36498212814331,-3,10,15,19,12,14,12,-8,-1,-5,0,2,1,5,please
21.381052255630493,3,0,11,25,-36,17,24,6,3,23,-1,11,3,11,please
21.381052255630493,3,-12,17,16,1,21,28,13,17,41,3,16,4,18,please
21.39682936668396,-2,-9,0,4,41,16,26,10,20,39,3,5,5,16,please
21.39682936668396,-14,-10,-15,-6,0,10,11,6,8,24,-4,-16,7,4,please
21.412916898727417,-14,-14,-7,-12,-20,-1,-3,8,5,8,-4,-8,10,1,please
21.412916898727417,4,-7,-4,-10,2,-14,0,9,10,2,3,5,10,8,please
21.42827844619751,10,-5,-12,-13,0,-13,0,1,0,-3,1,-3,4,10,please
21.42827844619751,-1,-10,-15,-19,-23,-15,-22,-3,-18,-16,-10,-6,-6,0,please
21.443949937820435,-1,-4,-7,-21,-28,-20,-34,-7,-21,-30,-14,0,-8,-13,please
21.443949937820435,12,0,-1,-19,-19,-21,-23,-11,-19,-41,-5,7,3,-11,please
21.459975719451904,10,-2,-1,-10,1,-21,-19,-8,-22,-30,3,14,8,-3,please
21.459975719451904,-1,3,8,1,16,-15,-20,-2,-19,-3,7,11,0,-8,please
21.47565984725952,0,20,20,18,15,-2,-9,-4,-3,6,10,4,-2,-7,please
21.47565984725952,12,26,21,28,16,1,0,-4,0,0,19,8,2,1,please
21.49168276786804,16,16,18,26,17,0,7,2,2,9,26,18,7,3,sil
21.49168276786804,10,10,13,20,16,6,15,3,12,20,18,12,5,3,sil
21.506940603256226,-4,13,1,19,19,17,14,-5,5,0,0,-5,-6,2,sil
21.506940603256226,-6,9,-2,23,16,19,8,-11,-3,-10,-10,-13,-16,-2,sil
21.522989988327023,2,10,7,24,4,16,6,-2,3,11,-5,-4,-13,0,sil
21.522989988327023,0,10,6,16,3,24,12,5,11,26,-1,-3,-4,7,sil
21.538636445999146,-6,-1,-9,6,7,31,27,10,17,20,-5,-8,1,9,sil
21.538636445999146,-8,-13,-17,-3,0,18,30,14,23,14,-14,-5,0,10,sil
21.55397701263428,-13,-16,-23,-14,-12,0,16,12,21,4,-26,-17,-10,3,sil
21.55397701263428,-11,-14,-22,-14,-12,-3,4,9,14,2,-20,-23,0,-2,sil
21.56967043876648,-2,-14,-12,-16,-19,-9,0,11,11,14,1,-4,23,6,sil
21.56967043876648,-2,-19,-18,-33,-34,-20,-10,4,5,8,5,3,27,6,sil
21.584789991378784,0,-20,-20,-37,-24,-23,-27,-11,-7,-20,-3,-1,9,-8,sil
21.584789991378784,9,-6,-4,-19,-7,-22,-30,-16,-18,-30,3,3,0,-11,sil
21.5999436378479,11,4,7,-10,-5,-25,-19,-5,-20,-22,16,11,-3,-9,sil
21.5999436378479,3,0,9,-17,-5,-27,-18,1,-16,-25,8,8,-8,-18,sil
21.615721702575684,1,0,12,-9,-5,-17,-27,-5,-11,-25,2,4,-7,-17,sil
21.615721702575684,8,18,30,15,1,0,-20,-13,-13,-12,14,15,-1,0,sil
21.631824731826782,13,25,40,31,17,10,-1,-8,-19,-2,9,19,-5,8,sil
21.631824731826782,3,11,21,23,18,14,10,-3,-18,-4,-14,0,-19,4,sil
21.64695835113525,-8,1,9,8,11,24,17,-4,-10,-1,-23,-15,-23,0,sil
21.64695835113525,-7,2,3,4,12,24,19,0,-3,9,-16,-7,-10,0,sil
21.66304874420166,-6,0,-8,7,13,17,17,4,-1,11,-9,3,-1,-1,sil
21.66304874420166,-11,-3,-15,8,16,23,21,5,7,11,0,-7,-1,0,sil
21.67879056930542,-10,0,-12,3,19,26,18,1,17,20,5,-23,4,0,sil
21.67879056930542,-5,0,-12,-3,5,3,0,3,11,20,3,-9,18,3,sil
21.6938111782074,-3,-13,-14,-13,-8,-15,-4,6,6,13,8,7,23,12,sil
21.6938111782074,-14,-27,-13,-25,-10,-11,0,0,12,11,8,0,15,10,sil
21.70903968811035,-18,-22,-11,-17,-18,-6,3,1,19,9,-5,-8,6,0,sil
21.70903968811035,0,-4,-8,4,-22,-6,11,11,24,13,-4,2,9,0,sil
21.72476506233216,12,-1,1,3,-10,-3,9,12,22,16,13,16,14,9,sil
21.72476506233216,10,0,2,-2,-3,-7,-7,6,10,0,11,15,2,6,sil
21.7401704788208,12,7,5,0,-6,-20,-18,0,0,-17,-2,8,-5,2,sil
21.7401704788208,19,2,11,0,-6,-23,-20,-2,0,-11,1,8,0,4,sil
21.755736827850345,17,6,9,2,1,-16,-19,-1,-9,-9,13,16,5,4,sil
21.755736827850345,21,31,11,16,11,-14,-11,0,-15,-20,20,20,0,0,sil
21.77177667617798,29,32,7,18,10,-14,-7,-6,-8,-21,15,6,-11,-3,sil
21.77177667617798,11,13,0,11,5,-1,-12,-12,-15,-9,2,-7,-21,-5,sil
21.787336349487305,-6,13,3,14,2,11,-4,-9,-31,-7,-2,-10,-17,-4,sil
21.787336349487305,-9,13,1,13,0,13,6,-7,-24,-13,-8,-19,-10,-5,sil
21.80392050743103,-16,4,1,10,10,15,6,-12,-12,-3,-12,-21,-11,-12,sil
21.80392050743103,-17,3,11,17,17,28,17,-5,-8,19,-6,-6,-4,-10,sil
21.819066762924194,-13,-2,5,6,5,35,32,7,1,17,-9,0,3,0,sil
21.819066762924194,-19,-20,-15,-21,-8,21,24,7,14,1,-26,-8,-2,0,sil
21.83479785919189,-21,-23,-22,-26,-10,7,14,0,15,4,-31,-19,-8,-5,sil
21.83479785919189,-11,-18,-14,-21,-9,5,15,6,11,11,-21,-20,0,-4,sil
21.85022759437561,-11,-29,-20,-30,-14,0,11,16,15,9,-9,-16,8,0,sil
21.85022759437561,-14,-31,-23,-33,-13,-11,-3,9,21,4,0,0,13,1,sil
21.86561346054077,0,-11,-2,-17,-5,-17,-9,0,19,5,5,17,14,2,sil
21.86561346054077,21,3,13,-2,-2,-17,-9,1,11,0,18,25,14,6,sil
21.880789041519165,24,0,10,-8,0,-13,-25,0,0,-19,31,26,14,4,sil
21.880789041519165,11,2,2,-6,3,-10,-38,-7,-11,-25,23,21,7,-7,sil
21.89660358428955,11,18,10,15,6,-13,-32,-13,-15,-2,10,11,0,-12,sil
21.89660358428955,21,27,23,25,9,-9,-25,-16,-17,1,14,6,1,-3,sil
21.91206812858581,8,21,18,17,9,3,-17,-17,-24,-8,7,-4,-8,2,sil
21.91206812858581,-15,0,6,14,0,8,0,-9,-17,-4,-13,-18,-22,3,sil
21.928046703338623,-16,-13,-2,10,-6,-1,18,7,5,8,-14,-16,-12,9,sil
21.928046703338623,-10,-10,-11,0,-3,-3,26,13,20,16,-9,-10,-2,11,sil
21.94406247138977,-8,-6,-8,-1,3,4,20,12,16,14,-15,-6,-7,7,sil
21.94406247138977,6,6,0,5,2,-1,11,14,12,1,0,10,6,9,sil
21.959968328475952,22,23,10,11,2,-11,8,6,0,-11,23,28,19,2,sil
21.959968328475952,16,23,8,12,13,0,7,-5,-13,-9,14,10,2,-5,sil
21.97592616081237,0,16,4,11,16,17,6,-4,-13,0,-7,-9,-12,0,sil
21.97592616081237,-7,7,7,12,5,20,14,1,-7,7,-9,-7,-9,1,sil
21.99264121055603,-12,-8,-3,9,0,21,22,2,0,13,-7,-17,-8,-8,sil
21.99264121055603,-16,-23,-15,-2,0,17,9,0,5,16,-14,-31,-12,-6,sil
22.00709581375122,-12,-25,-12,-6,-5,4,-1,0,6,10,-16,-17,-3,6,sil
22.00709581375122,-6,-24,-14,-13,-4,0,-2,0,12,-3,-10,1,13,12,sil
22.022982835769653,-5,-19,-21,-35,-2,-3,-11,-1,8,-14,0,6,15,0,sil
22.022982835769653,1,-11,-16,-38,-13,-17,-18,0,-1,-6,6,15,11,-4,sil
22.03842711448669,20,0,3,-12,-13,-19,-5,4,3,5,18,35,21,7,sil
22.03842711448669,26,8,8,-3,-3,-8,0,7,14,6,33,42,28,10,sil
22.053738832473755,6,5,-3,-13,-4,-6,-8,1,4,0,29,13,11,-9,sil
22.053738832473755,-6,7,0,-8,-9,-18,-15,-3,-14,-11,12,-7,-4,-18,sil
22.074669361114506,1,19,15,11,-8,-19,-13,-4,-21,-20,3,-2,-7,-9,sil
22.074669361114506,2,22,22,20,0,2,-8,-7,-15,-21,-1,-4,-10,-9,sil
22.084271669387817,-12,14,15,11,6,15,-3,-10,-18,-13,-12,-20,-22,-18,sil
22.084271669387817,-19,5,0,3,2,7,0,-9,-18,-8,-26,-29,-31,-18,sil
22.09986448287964,-10,0,0,11,1,6,7,-5,-3,-8,-29,-26,-29,-8,sil
22.09986448287964,0,0,9,24,2,14,13,0,4,7,-20,-17,-15,6,sil
22.115020751953125,4,0,5,18,6,12,15,4,7,22,-20,-1,-3,21,sil
22.13021969795227,6,-3,-5,3,12,6,16,14,24,12,-18,6,2,24,sil
22.13021969795227,9,-6,-10,0,3,0,4,15,32,1,5,11,13,15,sil
22.14545512199402,5,-4,-9,-12,-10,-11,-12,5,9,6,32,20,24,5,sil
22.14545512199402,4,0,-10,-20,-3,-17,-14,0,-7,9,30,18,20,0,sil
22.161003828048703,3,2,-7,-3,8,-9,-13,0,-7,3,17,4,7,-4,sil
22.161003828048703,-10,-7,-3,8,2,0,-10,-3,-5,2,6,-5,0,-7,sil
22.17702054977417,-16,-15,-3,6,-1,6,9,-2,1,11,-6,-10,0,0,sil
22.17702054977417,0,-10,3,0,2,10,17,0,16,24,-6,-7,3,11,sil
22.1931381225586,12,-9,1,-9,0,0,0,0,24,18,10,2,12,13,sil
22.1931381225586,9,-8,0,-14,-2,-11,-15,-5,6,-10,19,13,13,-1,sil
22.20915365219116,0,5,14,0,4,-1,-17,-17,-26,-34,1,7,-4,-25,sil
22.20915365219116,-12,10,15,11,9,14,-4,-22,-39,-27,-23,-18,-30,-28,sil
22.225334405899048,-18,-3,2,3,4,20,11,-7,-17,-1,-35,-28,-30,-8,sil
22.225334405899048,-11,-10,-8,-7,-2,11,16,8,10,12,-26,-9,-5,4,sil
22.240001916885376,0,1,-10,-8,-2,-3,12,13,15,7,-8,13,6,8,sil
22.240001916885376,10,8,-1,-4,-1,-3,9,13,8,2,0,26,10,15,sil
22.255688190460205,15,0,0,-5,-5,0,4,8,7,0,-2,17,19,11,sil
22.255688190460205,11,0,-2,-6,0,-10,1,1,-3,-13,6,7,9,-2,sil
22.271753311157227,10,18,7,3,7,-15,4,2,-12,-26,28,10,-2,-1,sil
22.271753311157227,9,28,17,21,9,1,7,2,-5,-16,29,8,4,4,sil
22.28701972961425,-8,6,7,21,3,15,8,4,-9,8,0,-16,-2,-2,sil
22.28701972961425,-19,-14,-13,5,-6,12,12,12,-9,19,-17,-37,-23,-2,sil
22.30272483825684,0,-9,-7,-3,-10,0,2,16,17,14,2,-17,-4,14,sil
22.30272483825684,20,0,2,-7,-14,-15,-13,8,27,6,20,13,23,20,sil
22.318307161331177,12,-1,-12,-21,-19,-21,-18,-5,0,-7,13,18,12,3,sil
22.318307161331177,0,1,-16,-21,-13,-18,-20,-12,-13,-13,20,13,0,-12,sil
22.33405542373657,7,8,-1,-3,-2,-9,-16,-10,-5,0,27,13,3,-8,sil
22.33405542373657,4,0,2,-5,0,-7,-14,-15,-12,-2,0,1,-5,-5,sil
22.34908556938172,-10,-5,2,-2,3,-5,-19,-20,-21,-21,-28,-14,-25,-13,sil
22.34908556938172,-10,3,13,26,11,11,-10,-12,-9,-10,-24,-16,-23,-11,sil
22.36470937728882,-9,2,22,34,15,30,11,-2,6,22,-10,-7,-2,2,sil
22.36470937728882,-19,-9,3,15,10,26,23,1,19,42,-10,-8,9,10,sil
22.380359172821045,-20,-8,-14,6,5,17,23,11,26,38,-20,-12,6,7,sil
22.380359172821045,-10,-8,-16,-3,6,6,16,17,25,26,-23,-4,6,1,sil
22.39601802825928,-4,-23,-18,-22,1,-8,0,8,17,14,-4,1,16,-6,sil
22.39601802825928,0,-20,-8,-28,-12,-21,-13,0,6,-1,13,6,19,-8,sil
22.412132740020752,16,11,8,-7,-11,-23,-16,-5,0,-20,10,10,9,-5,sil
22.412132740020752,22,30,17,5,2,-16,-17,-9,-7,-33,6,6,1,-8,sil
22.42815947532653,7,12,11,0,5,-5,-13,-5,-16,-29,16,-1,4,-9,sil
22.42815947532653,7,6,5,6,6,5,2,2,-14,-12,18,3,0,1,sil
22.444300889968872,14,16,13,23,15,13,16,-1,-15,-8,3,7,-22,3,sil
22.444300889968872,-2,0,5,10,9,13,18,-12,-21,-14,-11,-6,-41,-8,sil
22.459957599639893,-19,-17,-12,-5,-4,12,16,-7,-24,-13,-15,-13,-30,-6,sil
22.459957599639893,-6,-5,-8,2,-10,9,17,0,-20,-10,-13,-2,-11,8,sil
22.47561931610108,5,0,1,2,-12,6,16,3,0,-4,-13,4,-1,14,sil
22.47561931610108,3,-7,-2,-10,-7,6,10,13,22,6,-10,3,7,12,sil
22.49125099182129,8,-7,-9,-11,-5,0,2,23,24,13,-3,5,16,20,sil
22.49125099182129,12,-2,-5,-6,-7,-12,-4,20,24,14,4,12,24,27,sil
22.5065016746521,2,-3,-1,-10,-3,-15,-8,15,31,11,12,15,30,17,sil
22.5065016746521,0,-2,-3,-16,-2,-15,-17,3,12,-4,16,6,20,0,sil
22.521706342697144,2,2,0,-14,-2,-19,-33,-17,-18,-17,19,1,2,-11,sil
22.521706342697144,-1,10,1,0,8,-8,-31,-14,-17,-1,20,3,0,-17,sil
22.536847352981567,-3,12,2,9,12,8,-10,0,-5,13,23,3,2,-14,sil
22.536847352981567,-7,1,8,7,5,10,0,-6,-9,8,15,-1,-7,-10,sil
22.55229425430298,-22,-5,-4,5,5,6,0,-16,-9,8,-10,-18,-23,-19,sil
22.55229425430298,-26,-7,-10,4,2,10,0,-7,-5,9,-26,-30,-26,-21,sil
22.56760573387146,-9,-6,7,7,-1,13,11,-1,-6,5,-19,-22,-12,-3,sil
22.56760573387146,2,0,12,10,5,13,28,0,1,14,-9,-10,4,7,sil
22.583826541900635,0,-2,0,3,9,15,22,3,14,25,-13,-8,7,4,sil
22.583826541900635,1,0,-2,7,5,10,7,4,22,25,-17,-7,0,4,sil
22.599385261535645,10,14,6,12,7,3,11,6,14,21,-12,-4,-1,8,sil
22.599385261535645,10,7,2,0,-3,0,20,6,4,2,-9,-6,0,10,sil
22.614097356796265,11,-1,-4,-4,-16,-3,13,7,7,-19,-4,3,3,11,sil
22.614097356796265,18,11,3,11,-13,-6,2,12,11,-11,15,28,13,10,sil
22.630053997039795,14,10,1,1,-16,-17,-9,3,0,3,23,29,18,7,sil
22.630053997039795,0,-7,-9,-24,-14,-28,-24,-13,-18,-18,5,12,4,-4,sil
22.64489793777465,1,-5,-12,-20,-4,-19,-19,-8,-17,-43,-4,9,-8,-13,sil
22.64489793777465,7,0,-9,-8,-3,-16,-13,1,-5,-33,2,15,-4,-5,sil
22.66038966178894,0,-4,-4,-12,-7,-30,-27,-3,-6,-17,14,18,2,-2,sil
22.66038966178894,-2,1,2,-5,-5,-23,-30,-11,-15,-19,25,15,2,-7,sil
22.675917863845825,-2,11,14,9,1,0,-12,-11,-19,-25,29,10,-1,-9,sil
22.675917863845825,-8,8,19,18,13,12,0,-5,-12,-14,25,7,1,-5,sil
22.69109606742859,-5,8,17,27,17,18,8,3,1,4,27,9,13,2,sil
22.69109606742859,2,6,19,29,17,19,12,2,4,7,20,5,13,7,sil
22.70663380622864,4,-1,16,23,20,18,11,-2,-2,0,-1,-10,0,6,sil
22.70663380622864,0,-5,4,17,13,24,14,0,1,10,-9,-12,-5,10,sil
22.72179055213928,-4,-11,-5,4,-2,21,12,6,13,24,-11,-9,-5,11,sil
22.73707771301269,-11,-20,-18,-12,-3,8,4,2,8,18,-30,-27,-15,-1,sil
22.73707771301269,-19,-27,-24,-26,2,9,3,-4,-3,4,-45,-45,-25,-11,sil
22.75309944152832,-21,-22,-27,-27,0,19,15,3,1,2,-44,-41,-22,-5,sil
22.75309944152832,-12,-9,-23,-14,1,19,25,16,16,18,-37,-26,-11,2,sil
22.76869821548462,-3,-6,-17,-15,0,5,19,13,23,36,-31,-22,-5,1,sil
22.76869821548462,-8,-14,-29,-44,-13,-3,-2,1,13,22,-45,-28,-15,-9,sil
22.784905910491943,-9,-15,-35,-53,-15,-12,-19,0,2,0,-50,-19,-16,-15,sil
22.784905910491943,2,0,-13,-26,-7,-24,-9,6,12,15,-16,0,6,-2,sil
22.800856590271,11,12,7,-11,-6,-20,-5,6,7,24,10,8,18,2,sil
22.800856590271,13,19,15,-6,-6,-10,-13,-6,-23,-9,11,17,8,-5,sil
22.800856590271,26,25,23,11,-3,-20,-11,-13,-18,-18,30,35,18,0,sil
22.816108226776123,23,28,38,20,0,-27,-7,-3,5,2,59,48,35,13,sil
22.816108226776123,13,21,35,25,0,-12,-8,-1,-8,-8,62,42,23,11,sil
22.83193826675415,12,19,23,37,0,-10,-10,-14,-27,-32,50,32,3,4,sil
22.8475661277771,8,24,27,38,2,-13,-9,-8,-10,-23,48,36,7,8,sil
22.8475661277771,5,21,23,34,9,3,2,8,7,-9,43,34,16,13,sil
22.86502766609192,10,12,9,34,8,16,17,6,9,-13,27,16,13,10,sil
22.86502766609192,2,3,5,25,0,15,13,-2,4,-8,9,-2,5,0,sil
22.86502766609192,-11,-5,6,12,-3,15,0,-1,-1,1,-2,-14,-5,-10,sil
22.87968945503235,-15,-12,-1,9,4,16,1,0,0,3,-12,-21,-13,-12,sil
22.87968945503235,-14,-10,-15,13,11,13,7,-4,3,5,-19,-26,-15,-9,sil
22.89490866661072,-11,-8,-9,11,3,12,7,-2,-1,9,-27,-20,-19,-4,sil
22.91008949279785,0,-14,-2,0,0,7,12,7,2,14,-32,-14,-13,7,please
22.91008949279785,-4,-33,-20,-24,0,1,12,9,12,4,-27,-16,-4,10,please
22.92571187019348,-22,-52,-39,-48,-10,-1,-6,0,0,-15,-28,-23,-17,-7,please
22.92571187019348,-15,-39,-33,-38,-14,0,-18,-1,-7,-18,-34,-19,-25,-13,please
22.941738843917847,6,-5,-13,-14,4,3,-9,0,2,-1,-21,0,-2,4,please
22.941738843917847,13,8,0,-10,13,0,-3,0,13,17,2,15,17,15,please
22.956770420074463,16,16,7,-12,2,-9,-9,2,9,20,13,19,18,10,please
22.956770420074463,12,14,6,-11,-8,-15,-15,2,-9,-8,6,13,16,0,please
22.972431898117065,0,0,-7,-20,-13,-26,-20,0,-19,-34,0,1,8,-10,please
22.972431898117065,0,7,-6,-20,-6,-28,-19,-3,-8,-12,7,0,5,-15,please
22.988098859786987,3,26,7,-2,1,-14,-8,-10,-12,13,10,1,-1,-17,please
22.988098859786987,-9,12,3,5,5,0,7,-14,-25,4,-11,-15,-30,-21,please
23.00421118736267,-14,0,0,7,9,11,19,-6,-14,-12,-19,-32,-30,-13,please
23.00421118736267,-1,16,6,19,8,23,24,0,4,0,2,-21,-1,1,please
23.02022671699524,0,19,18,31,2,24,23,0,2,21,14,1,2,7,please
23.02022671699524,-9,0,11,17,-2,18,18,-1,0,18,0,3,-4,3,please
23.03585910797119,-10,-8,-6,0,-2,16,16,1,9,0,-16,1,2,8,please
23.03585910797119,3,8,8,9,9,15,17,9,23,8,-2,1,7,23,please
23.05138635635376,13,8,25,7,10,10,18,11,26,27,9,-11,3,27,please
23.05138635635376,-4,-23,-6,-24,-7,0,7,10,23,17,-2,-15,-1,7,please
23.06676697731018,-17,-31,-30,-19,-20,-8,-9,14,16,-8,0,3,0,-7,please
23.06676697731018,-1,-13,-14,-2,-10,-9,-12,11,4,-15,26,11,17,1,please
23.081897258758545,3,-22,-6,-35,0,-13,-11,0,-4,-3,17,14,23,8,please
23.081897258758545,0,-27,-10,-32,-9,-27,-18,-2,2,4,-13,25,5,0,please
23.097639560699463,11,-1,8,19,-24,-25,-20,2,9,5,0,21,1,-7,please
23.097639560699463,19,17,23,29,-11,-8,-8,0,3,6,32,20,13,-2,please
23.11373615264893,15,18,10,17,15,0,-4,-4,-6,-1,28,29,18,4,please
23.11373615264893,14,14,10,17,14,0,-16,-8,-20,-22,11,23,11,2,please
23.128963232040405,13,18,17,19,0,0,-18,-8,-21,-17,13,9,1,0,please
23.128963232040405,9,24,13,26,4,-2,-9,-3,-11,0,13,6,0,2,please
23.14447951316833,0,12,6,18,16,-3,-12,-4,-9,-11,-2,-3,0,0,please
23.14447951316833,-6,0,-4,1,14,0,-16,-15,-9,-23,-12,-17,-7,-7,please
23.16003561019897,0,13,-2,6,12,1,0,-17,-7,-3,-4,0,-13,0,please
23.16003561019897,8,19,5,12,15,11,12,-7,-5,7,1,10,-9,8,please
23.17561435699463,0,7,0,4,15,22,9,-4,-6,-12,-12,-21,-7,-6,please
23.17561435699463,-16,0,-5,3,4,18,10,-3,-7,-19,-23,-39,-12,-23,please
23.19097185134888,-18,-3,-7,-1,-3,7,22,5,2,8,-15,-17,-15,-14,please
23.19097185134888,-24,-20,-20,-27,-6,11,21,6,10,16,-22,-20,-24,-13,please
23.205804109573364,-38,-40,-41,-44,-18,12,10,0,-1,-7,-47,-54,-40,-34,please
23.205804109573364,-30,-32,-31,-29,-17,-3,17,12,-1,0,-40,-43,-28,-21,please
23.22115468978882,0,-4,0,-8,0,-8,29,26,19,36,1,6,9,19,please
23.22115468978882,11,-2,2,-14,-11,6,16,12,24,33,19,19,21,25,please
23.23606443405152,-3,-20,-12,-27,-43,0,0,-2,2,2,2,1,3,6,please
23.23606443405152,-1,-19,-8,-19,-37,-24,0,6,3,1,-1,10,8,14,please
23.251683235168457,25,4,10,-2,1,-25,-10,8,20,11,26,44,33,24,please
23.251683235168457,32,22,34,13,26,-4,-27,-6,2,-9,37,44,25,4,please
23.26682162284851,14,16,31,26,22,3,-14,-14,-24,-25,3,2,-6,-4,please
23.26682162284851,1,1,8,23,11,2,1,-2,-9,-1,-16,-13,-15,9,please
23.2821626663208,3,-4,-1,8,7,0,-4,12,13,19,0,1,3,16,please
23.2821626663208,7,0,-9,-4,1,-5,-18,6,0,0,4,3,12,1,please
23.297963619232178,3,5,-10,-8,1,-11,-26,-12,-19,-25,0,0,0,-12,please
23.297963619232178,0,14,5,8,15,0,-17,-15,-15,-22,12,0,0,-8,please
23.31413674354553,-2,20,22,29,16,16,2,0,0,5,23,-9,13,3,please
23.31413674354553,0,12,12,21,0,12,13,13,18,30,9,-12,9,10,please
23.32966780662537,-1,-8,-10,-4,-7,0,13,14,28,16,-12,-5,0,7,please
23.32966780662537,-13,-21,-15,-24,-8,-7,8,-2,12,-16,-17,-3,3,0,please
23.345736742019653,-4,-6,-10,-17,-7,-9,-1,-11,-4,-25,-3,3,6,-6,please
23.345736742019653,15,15,0,-3,0,-6,-12,-7,-10,-13,12,28,2,-6,please
23.36087846755981,15,16,14,1,0,-5,-14,-7,-9,-1,25,39,14,-1,sil
23.36087846755981,9,12,21,9,-2,-7,-7,-6,-4,8,27,26,22,2,sil
23.37662172317505,13,18,18,18,0,1,2,-1,-9,1,15,10,5,-4,sil
23.37662172317505,2,19,9,18,1,15,8,-6,-16,-8,0,-3,-11,-13,sil
23.391841650009155,-13,10,5,20,0,16,7,-8,-18,0,-9,-11,-17,-8,sil
23.391841650009155,-19,-1,3,19,5,9,6,-6,-15,1,-16,-18,-21,-5,sil
23.407512187957764,-24,-19,-11,2,1,9,14,-3,-2,-12,-26,-29,-26,-8,sil
23.4227192401886,-26,-29,-25,-12,-4,11,14,4,3,-14,-32,-26,-34,-6,sil
23.4227192401886,-19,-23,-28,-13,3,6,8,9,3,0,-28,-17,-36,-5,sil
23.43880176544189,-19,-20,-27,-18,5,2,8,8,8,11,-24,-24,-24,-10,sil
23.43880176544189,-19,-25,-21,-26,-9,0,7,10,9,17,-24,-25,-10,-4,sil
23.4540331363678,-6,-15,-15,-18,-10,-4,-2,7,4,17,-11,-8,0,6,sil
23.4540331363678,4,0,-5,-7,-2,-7,-1,7,17,13,2,7,15,9,sil
23.469207525253296,11,0,-2,-6,-9,-7,10,18,32,15,3,10,22,13,sil
23.469207525253296,16,-6,-3,-5,-15,-11,1,14,22,18,15,13,21,17,sil
23.48501300811768,17,0,6,-3,-6,-14,-17,3,3,8,28,19,22,11,sil
23.48501300811768,19,5,16,0,-1,-10,-17,1,0,-6,13,19,19,3,sil
23.499920129776,30,10,24,8,5,-3,-11,-2,0,-10,8,27,18,9,sil
23.499920129776,38,15,29,15,14,-1,-12,-7,-2,4,34,42,30,16,sil
23.51613473892212,26,14,16,2,8,-3,-16,-8,-10,5,43,31,29,5,sil
23.51613473892212,8,11,6,-6,2,-7,-15,-11,-22,-21,13,5,2,-6,sil
23.53163504600525,6,18,12,15,12,-2,1,-9,-10,-20,-3,-1,-6,-2,sil
23.53163504600525,1,22,14,23,17,8,17,-6,1,0,4,-3,0,-2,sil
23.547651052474976,-20,0,-8,-8,0,1,11,-9,-11,-10,-5,-25,-15,-18,sil
23.547651052474976,-37,-16,-22,-24,-15,-3,0,-8,-21,-27,-33,-40,-33,-21,sil
23.563169717788696,-24,0,-1,1,-8,5,1,-4,-11,-15,-26,-27,-16,-5,sil
23.563169717788696,-2,19,13,26,9,6,6,0,-3,-2,-2,-15,0,1,sil
23.579226970672607,-2,16,6,22,18,5,3,0,-9,-3,4,-12,-6,-1,sil
23.579226970672607,-4,8,2,15,8,14,0,-5,-10,0,0,-2,-11,0,sil
23.59515619277954,-4,-4,-1,13,-5,8,-5,-8,-3,6,-10,-9,-3,3,sil
23.59515619277954,-17,-17,-8,1,-5,2,-4,-1,5,9,-16,-29,-3,1,sil
23.610631465911865,-17,-16,-16,-15,-4,10,10,7,20,16,-7,-31,-4,3,sil
23.610631465911865,-8,-15,-23,-23,-9,5,17,13,25,24,-3,-18,1,0,sil
23.62575840950012,-6,-18,-21,-17,-5,-1,9,11,22,21,-9,-11,5,0,sil
23.62575840950012,-1,-15,-13,-18,-8,0,2,10,25,9,-3,0,0,8,sil
23.64091730117798,0,-19,-20,-39,-21,-12,-9,8,14,-6,-2,11,0,-3,sil
23.64091730117798,-3,-23,-28,-36,-19,-21,-24,4,-5,-22,-7,14,0,-24,sil
23.656158447265625,12,1,1,0,4,-9,-19,5,-9,-34,10,32,0,-14,sil
23.656158447265625,29,23,35,19,19,-3,-8,-1,-9,-30,33,60,3,3,sil
23.67182898521424,18,20,32,26,15,-1,-5,-14,-15,-4,26,70,10,1,sil
23.67182898521424,4,18,28,36,4,10,3,-13,-15,11,6,61,-1,-2,sil
23.6875262260437,0,10,21,28,0,16,18,-3,-10,4,-11,54,-17,2,sil
23.6875262260437,0,-6,2,6,0,9,20,3,0,11,-11,73,-3,14,sil
23.70374083518982,7,-6,1,3,2,7,16,14,23,36,2,54,22,29,sil
23.70374083518982,18,5,8,12,7,4,11,16,32,37,8,-36,25,29,sil
23.719675540924072,15,2,4,1,1,-8,-1,6,18,14,14,-83,19,14,sil
23.719675540924072,9,-6,-4,-16,-8,-20,-10,0,2,-2,22,-54,16,1,sil
23.734806299209595,5,0,-2,-11,-1,-20,-16,-12,-21,-20,12,-41,4,-11,sil
23.734806299209595,0,12,13,6,11,-8,-22,-21,-41,-31,0,-50,-9,-19,sil
23.750144720077515,-8,11,8,7,5,5,-6,-14,-23,-18,-8,-45,-14,-10,sil
23.750144720077515,-19,-8,-16,-2,-4,14,15,0,2,2,-23,-41,-17,-5,sil
23.76617813110352,-23,-18,-27,0,-3,16,17,4,2,19,-33,-44,-23,-11,sil
23.76617813110352,-18,-5,-17,-5,0,5,12,1,-4,17,-24,-30,-16,-5,sil
23.781902551651,-3,2,-11,-20,-3,-8,7,2,0,0,-7,0,2,6,sil
23.781902551651,11,1,-13,-16,-2,-7,-5,9,4,-1,14,19,20,5,sil
23.79709768295288,9,10,-2,-4,1,-5,-19,3,-2,7,23,20,18,-5,sil
23.79709768295288,0,15,2,-2,-1,-15,-18,-10,-10,-3,5,16,0,-10,sil
23.81222581863404,-8,6,0,1,-5,-6,-8,-14,-9,-20,-10,10,-14,-13,sil
23.81222581863404,-16,-2,0,3,-3,10,-7,-11,-11,-18,-15,0,-20,-18,sil
23.828110218048096,-21,-7,-2,0,-6,14,-7,-6,-13,0,-23,-10,-27,-12,sil
23.828110218048096,-15,-7,-4,0,-3,16,6,3,0,19,-23,-8,-23,2,sil
23.843748092651367,-1,-8,-1,3,0,9,13,14,27,25,-11,1,-5,17,sil
23.843748092651367,0,-20,-11,-11,-9,-11,-3,18,38,9,-1,7,12,16,sil
23.859501361846924,-1,-24,-15,-29,-8,-15,-8,19,35,-1,9,15,23,3,sil
23.859501361846924,17,0,0,-14,10,-1,8,16,35,0,27,29,26,1,sil
23.874714851379395,26,13,13,-1,15,2,9,0,17,-7,31,32,14,7,sil
23.874714851379395,7,0,11,-5,5,-3,-5,-16,-7,-33,15,14,0,-4,sil
23.890093088150024,4,9,16,6,9,-4,-3,-12,-19,-43,2,6,0,-16,sil
23.890093088150024,21,38,40,38,25,9,15,-1,-14,-20,8,17,7,3,sil
23.90596294403076,16,30,37,44,23,24,26,0,-1,1,17,17,9,25,sil
23.90596294403076,0,-4,12,20,3,20,22,-3,-1,-10,12,4,2,18,sil
23.921139240264893,-4,-12,4,12,-8,7,17,-4,-11,-24,-1,0,0,7,sil
23.921139240264893,-7,-5,0,16,-9,2,7,-3,-12,-17,-13,0,-1,1,sil
23.93679666519165,-15,-17,-14,-3,-14,-3,-5,0,-8,-13,-12,-7,-10,-5,sil
23.93679666519165,-12,-28,-24,-20,-19,-18,-8,8,-2,-4,-4,-13,-2,-5,sil
23.95201420783997,0,-15,-15,-14,-11,-24,-11,9,0,6,2,1,14,0,sil
23.95201420783997,13,4,0,-5,-4,-13,-20,1,-8,2,16,22,19,2,sil
23.96773600578308,23,20,9,2,-1,-2,-18,-4,-15,3,27,18,14,5,sil
23.96773600578308,17,24,12,10,0,-4,-15,-9,-20,19,22,2,2,0,sil
23.9830584526062,9,21,8,16,-1,-10,-16,-8,-12,53,9,-2,-9,-8,sil
23.99874830245972,6,23,10,26,-3,-3,-13,-5,0,92,0,-4,-10,-6,sil
23.99874830245972,0,18,13,30,0,10,-4,-3,-5,94,-9,-12,-15,-4,sil
23.99874830245972,-10,6,-1,11,1,15,7,-3,-5,113,-23,-21,-22,-2,sil
24.01378870010376,-12,-2,-15,-11,2,10,18,5,21,159,-24,-23,-7,9,sil
24.029032468795776,-5,-16,-25,-21,7,7,16,13,33,72,-19,-21,0,13,sil
24.029032468795776,-14,-33,-43,-38,0,0,1,3,11,-109,-32,-27,-21,-3,sil
24.044843196868896,-26,-35,-52,-56,-11,-10,-8,-2,1,-159,-49,-37,-29,-14,sil
24.044843196868896,-18,-17,-37,-45,-7,-13,-9,3,11,-102,-39,-30,-5,-12,sil
24.06078028678894,-10,-3,-18,-33,3,-9,-9,2,8,-95,-19,-12,4,-17,sil
24.06078028678894,-14,-5,-12,-32,6,-6,-6,-4,-5,-97,-7,-13,-3,-24,sil
24.081621646881104,-14,0,4,-6,9,2,4,-6,-16,-67,0,-17,-3,-18,sil
24.081621646881104,-9,8,24,21,14,17,15,-5,-13,-43,-5,-14,-6,-13,sil
24.081621646881104,-5,-1,20,15,8,20,19,-1,0,-16,-10,-14,-10,-4,sil
24.091727256774902,0,-12,20,0,-3,14,17,10,13,19,15,5,14,14,sil
24.107309579849243,3,-15,27,-4,-9,7,9,14,18,35,29,27,34,23,sil
24.107309579849243,5,-21,23,-8,-10,0,-2,4,17,25,16,23,20,9,sil
24.123878955841064,13,-9,15,0,-8,-7,-9,4,14,18,31,35,19,8,sil
24.123878955841064,30,16,6,18,0,-9,-8,9,12,23,64,67,43,24,sil
24.13921546936035,39,22,7,26,7,-10,-8,0,3,15,69,71,47,25,sil
24.13921546936035,29,13,11,29,5,-13,-10,-12,-15,6,51,46,18,6,sil
24.154773473739624,6,21,7,32,5,-7,-8,-13,-32,9,26,20,-8,-6,sil
24.154773473739624,0,30,12,39,16,4,1,-7,-32,14,4,1,-21,-5,sil
24.171230792999268,10,24,19,47,10,9,15,-3,-19,13,-13,-10,-24,0,sil
24.171230792999268,0,10,10,31,-3,10,17,-4,-16,8,-30,-19,-30,-2,sil
24.171230792999268,-10,4,-1,15,-4,14,13,0,-9,18,-29,-21,-25,-4,sil
24.186634063720703,-3,7,-3,15,-4,14,14,9,15,41,-18,-15,-9,7,sil
24.20229721069336,-4,0,-10,-1,-8,7,10,5,25,39,-28,-16,-10,9,sil
24.20229721069336,-10,-11,-23,-25,-9,0,-2,0,13,16,-34,-21,-13,0,sil
24.217509269714355,0,-4,-12,-26,-13,-12,-14,2,12,6,-8,-2,8,3,sil
24.217509269714355,7,1,-2,-23,-14,-21,-15,3,17,1,9,11,23,7,sil
24.23393964767456,-1,-5,-17,-35,-4,-18,-11,0,5,-10,-8,0,6,-5,sil
24.23393964767456,-13,-11,-20,-42,0,-15,-11,-2,-10,-27,-22,-9,-8,-21,sil
24.24963879585266,-15,-2,-11,-28,-3,-14,-11,-3,-14,-36,-14,-18,-10,-20,sil
24.24963879585266,-9,5,-9,-14,0,-6,-10,-2,-15,-30,-3,-19,-13,-11,sil
24.26505947113037,-3,4,1,-8,8,-1,-10,-5,-17,-22,-2,-4,-7,0,sil
24.26505947113037,-5,4,18,6,13,3,-3,-4,-4,-10,0,-1,8,4,sil
24.28046584129333,-1,5,16,22,18,19,5,5,11,10,5,-8,9,5,sil
24.28046584129333,4,-6,0,19,16,22,15,8,16,21,0,-7,3,10,sil
24.29640245437622,-4,-26,-10,0,0,8,20,1,15,11,-10,-10,6,10,sil
24.29640245437622,-4,-37,-18,-25,-13,0,6,1,11,-6,-10,-12,8,-1,sil
24.312005043029785,6,-40,-24,-37,-16,-4,-13,0,0,-24,-2,0,4,-9,sil
24.312005043029785,6,-27,-6,-25,-9,-8,-11,-4,-10,-23,9,21,3,-2,sil
24.327417850494385,4,-3,6,-2,0,-3,0,0,-9,-7,21,18,0,-1,sil
24.327417850494385,-1,0,1,8,0,2,-7,-7,-15,-10,11,-7,-14,-16,sil
24.343029499053955,-15,-5,3,13,-2,0,-18,-16,-22,-14,-1,-18,-18,-22,sil
24.343029499053955,-6,11,15,29,8,5,-2,3,-2,10,12,0,-1,-2,sil
24.35870671272278,11,25,26,50,23,21,26,24,21,33,21,12,5,18,sil
24.35870671272278,5,14,16,46,18,25,38,12,21,33,0,0,-2,15,sil
24.37398862838745,-4,7,-7,10,1,9,24,0,8,21,-7,-3,-4,5,sil
24.37398862838745,-1,8,-15,-16,-4,-10,1,8,1,0,10,14,9,4,sil
24.38929581642151,2,9,-5,-15,-4,-22,-13,2,-4,-15,15,21,20,-2,sil
24.38929581642151,6,21,8,-2,-1,-22,-20,-17,-13,-20,1,12,9,-12,sil
24.4050817489624,11,32,17,10,0,-6,-8,-17,-6,-13,0,4,-4,-5,sil
24.405456066131592,5,20,16,7,-2,8,6,-1,5,5,3,0,-2,10,sil
24.420697927474976,-1,0,8,-4,-9,5,3,3,10,22,-3,-2,1,14,sil
24.420697927474976,0,-4,-4,-6,-13,-2,0,4,22,22,-9,0,4,10,sil
24.436658143997192,0,-4,-14,-21,-6,-8,3,3,21,6,0,6,8,5,sil
24.436658143997192,1,-2,-9,-33,-3,-20,-4,-1,-11,-19,5,3,0,0,sil
24.4522066116333,2,12,8,-6,-2,-15,-14,-9,-34,-30,0,0,-13,-8,sil
24.4522066116333,-2,14,13,13,8,7,-6,-9,-27,-15,-14,-6,-20,-17,sil
24.46693515777588,-10,-4,0,7,7,15,4,-2,-14,4,-30,-19,-18,-12,sil
24.46693515777588,-8,-12,0,14,-3,9,7,0,-1,12,-18,-14,-9,5,sil
24.482149124145508,3,-6,3,22,-2,12,10,2,8,10,-3,1,0,18,sil
24.482149124145508,9,-8,-3,11,7,20,7,5,10,13,-7,3,11,17,sil
24.49823498725891,10,-11,-1,1,8,17,0,10,15,20,2,4,22,16,sil
24.49823498725891,4,-18,-10,-5,1,3,0,8,20,11,19,6,20,8,sil
24.513936519622803,-6,-25,-25,-17,0,-9,-4,0,13,-4,6,3,11,-2,sil
24.513936519622803,3,-16,-8,-14,2,-15,-3,6,18,2,-3,3,15,0,sil
24.52967739105225,21,-3,4,-6,-1,-12,2,17,24,13,14,9,21,6,sil
24.52967739105225,2,-4,-6,-9,-14,-9,-10,9,1,-3,26,11,9,-2,sil
24.544968128204346,-17,-5,-15,-15,-14,-11,-26,-6,-24,-29,11,-1,-9,-18,sil
24.544968128204346,-12,-1,-2,-18,-4,-12,-21,-17,-37,-43,-7,-18,-27,-32,sil
24.56051015853882,-11,0,4,-13,-2,-7,-14,-18,-37,-38,-11,-17,-34,-37,sil
24.56051015853882,-15,3,5,2,0,0,-5,-14,-26,-17,0,-6,-20,-18,sil
24.576146125793457,-6,12,16,15,11,5,10,-10,-24,-8,1,-6,-13,-4,sil
24.576146125793457,-9,12,14,18,10,13,19,-12,-27,-10,-16,-15,-28,-8,sil
24.59167528152465,-16,5,-3,11,3,19,18,-7,-8,0,-25,-18,-32,-7,sil
24.59167528152465,-1,8,0,9,6,18,22,12,21,26,-6,-6,-5,7,sil
24.60686492919922,11,22,13,27,14,16,23,22,37,42,7,11,16,25,sil
24.60686492919922,1,14,5,21,8,8,7,8,27,30,-2,12,9,24,sil
24.62296795845032,-3,-8,-16,-14,-10,-9,-11,-1,14,9,-17,-4,0,8,sil
24.62296795845032,4,-11,-15,-26,-17,-18,-13,4,23,10,-6,-2,12,10,sil
24.63875222206116,12,-8,-4,-11,-6,-12,0,12,37,24,15,19,32,25,sil
24.63875222206116,14,-12,-5,-4,0,-12,0,11,26,16,17,22,32,18,sil
24.653968334198,15,-3,-2,-6,-6,-16,-17,4,2,-7,12,11,22,-3,sil
24.653968334198,10,3,-4,-7,-11,-17,-23,-2,-10,-14,19,10,20,-13,sil
24.669532299041748,0,0,-6,-9,-1,-13,-11,-8,-17,-12,20,11,11,-12,sil
24.669532299041748,6,9,14,2,16,-1,5,-7,-15,-10,18,7,1,-7,sil
24.68503475189209,21,31,32,29,17,12,16,-5,-12,-8,18,2,3,0,sil
24.68503475189209,8,24,26,29,4,14,6,-10,-23,-20,4,2,-7,0,sil
24.69987273216248,-11,0,13,9,-2,11,-2,-13,-26,-17,-10,0,-21,-4,sil
24.71514678001404,-5,3,12,9,1,19,4,-4,-13,4,-9,-7,-12,1,sil
24.71514678001404,1,12,12,18,9,28,14,7,-2,10,-18,-14,-8,8,sil
24.71514678001404,-8,-7,-3,0,4,15,16,13,14,15,-24,-14,-12,8,sil
24.731106519699097,-13,-22,-14,-20,-3,0,14,13,30,34,-10,-5,0,9,sil
24.74670124053955,-5,-9,-13,-11,-5,7,12,6,17,28,-7,-3,5,9,sil
24.74670124053955,-7,-10,-14,-1,-2,10,6,-2,0,7,-19,-14,-12,1,sil
24.76192307472229,-22,-26,-21,-12,0,0,5,0,4,0,-22,-19,-20,-7,sil
24.76192307472229,-30,-28,-34,-26,-6,-4,6,5,10,-8,-23,-22,-15,-15,sil
24.77798628807068,-16,-20,-23,-29,-18,-13,-7,0,0,-20,-15,-10,-7,-16,sil
24.77798628807068,5,-16,-4,-18,-17,-19,-21,-2,-1,-23,6,11,11,-7,sil
24.793938159942627,5,-12,-12,-17,-5,-20,-22,-2,-5,-36,14,10,16,-5,sil
24.793938159942627,0,-3,-10,-21,-1,-21,-25,-14,-19,-43,13,2,6,-12,sil
24.808671474456787,22,11,13,0,-4,-18,-22,-9,-16,-24,23,22,11,-1,sil
24.808671474456787,39,22,20,14,0,-14,-15,8,-7,-20,25,37,12,9,sil
24.82416701316833,26,20,13,13,11,-14,-17,3,-15,-24,15,21,-2,0,sil
24.82416701316833,7,20,21,25,11,-5,-14,-10,-21,4,17,5,-3,-3,sil
24.839746236801147,0,20,27,34,7,11,-2,-3,-10,29,14,0,-1,2,sil
24.839746236801147,-1,15,10,20,12,17,3,-1,-6,7,0,-6,-14,0,sil
24.855291843414307,-8,11,4,11,14,8,5,-14,-14,-12,-5,-11,-24,-9,please
24.855291843414307,-18,9,12,21,7,5,15,-14,-6,3,-9,-17,-23,-13,please
24.87109637260437,-15,5,8,21,3,15,24,0,18,27,-10,-15,-8,-1,please
24.87109637260437,-6,-2,-1,1,0,20,27,16,32,33,0,4,14,15,please
24.886653184890747,-5,-7,-8,-1,-6,15,28,19,39,43,4,8,19,19,please
24.886653184890747,-9,-4,-6,12,-3,12,18,13,37,47,-5,-10,5,12,please
24.901747941970825,-5,-5,-5,7,-1,10,1,9,22,33,-11,-17,5,11,please
24.901747941970825,6,-5,-8,-6,-4,0,0,10,16,27,-3,-2,20,16,please
24.917734146118164,10,0,-4,-6,-4,-10,6,4,9,22,3,16,25,14,please
24.917734146118164,5,-3,-8,-12,-1,-13,3,-3,-13,1,-6,8,8,0,please
24.932846069335938,10,-11,-16,-25,0,-9,-2,-6,-24,-8,-11,-5,0,-8,please
24.932846069335938,15,-15,-15,-29,-7,-11,-11,0,-5,-8,1,-1,10,-5,please
24.948726415634155,-1,-28,-16,-41,-16,-22,-24,1,6,-28,0,0,7,-4,please
24.948726415634155,-7,-24,-12,-43,-8,-21,-28,-4,-1,-56,-1,0,-4,-7,please
24.96501660346985,11,14,8,-6,9,-6,-14,-8,-10,-50,14,16,3,-2,please
24.96501660346985,9,26,20,15,18,3,-4,-7,-13,-24,12,17,4,-3,please
24.980580806732178,-7,1,12,0,9,6,0,-3,-11,-5,-5,4,-11,-9,please
24.980580806732178,-1,3,10,0,-8,10,7,-2,-10,2,-1,2,-14,-4,please
24.99576234817505,0,16,17,11,-7,11,4,-12,-20,-9,0,-8,-20,-9,please
24.99576234817505,-18,4,2,6,6,9,-1,-14,-25,-29,-18,-24,-33,-17,please
25.01132750511169,-18,0,-10,4,7,18,14,0,-2,-16,-20,-16,-28,-3,please
25.01132750511169,-5,1,-7,10,-2,18,23,3,9,11,-9,-14,-16,7,please
25.02696132659912,-12,-7,-11,5,-7,5,4,-3,-2,19,-16,-27,-14,-3,please
25.02696132659912,-16,-14,-8,2,0,8,5,14,10,18,-14,-9,-1,0,please
25.043083906173703,7,-8,2,13,12,12,19,27,36,20,14,17,23,17,please
25.043083906173703,21,3,6,22,11,-5,0,5,18,8,34,15,27,14,please
25.05910444259644,8,3,8,13,0,-20,-16,0,-1,-2,29,12,22,6,please
25.05910444259644,0,-7,0,-2,-3,-16,-13,10,14,-5,12,14,26,8,please
25.07478833198548,4,-1,-10,-3,-1,-9,-19,0,8,-14,0,7,16,-1,please
25.07478833198548,10,15,0,10,0,-11,-18,-9,-16,0,1,7,0,-8,please
25.09026551246643,11,8,11,5,-2,-16,-10,-4,-17,25,10,16,2,-1,please
25.09026551246643,0,0,2,-13,-10,-22,-20,-7,-15,4,3,11,2,-9,please
25.106358766555783,0,11,0,-3,-13,-18,-18,-7,-15,-11,-5,1,-7,-17,please
25.106358766555783,9,17,12,12,-4,-3,0,0,-4,17,4,8,-3,-3,please
25.12222170829773,2,9,14,9,0,3,5,-2,-4,37,7,5,-2,3,please
25.12222170829773,0,10,8,8,0,4,5,-7,-11,27,-5,-7,-17,1,please
25.1373450756073,8,13,15,12,3,9,13,-2,0,12,-4,-3,-16,10,please
25.1373450756073,5,6,14,14,8,15,18,-2,7,-12,3,4,-8,15,please
25.153875589370728,1,1,11,20,10,21,23,0,3,-25,0,1,-10,7,please
25.153875589370728,5,-7,5,16,3,23,26,7,9,-6,-5,-3,-6,7,please
25.16983938217163,-9,-30,-12,-10,-8,12,14,4,10,1,-8,-14,0,6,please
25.16983938217163,-30,-40,-24,-23,-7,3,3,0,3,-13,-14,-23,0,-3,please
25.18472909927368,-17,-21,-25,-12,6,7,8,5,12,-22,-24,-21,5,-2,please
25.18472909927368,0,-14,-25,-23,6,8,13,8,24,-17,-19,-14,22,11,please
25.199758291244507,-7,-25,-28,-50,-5,0,4,5,19,-9,-8,-11,20,10,please
25.199758291244507,-18,-21,-32,-51,-6,-13,-11,0,13,-15,-16,-16,0,-8,please
25.21509337425232,-11,-6,-27,-38,0,-20,-20,3,17,-18,-8,-6,9,-11,please
25.21509337425232,8,9,-9,-24,5,-9,-16,13,15,5,23,13,32,0,please
25.230732202529907,12,25,4,-5,6,-1,-14,0,-9,18,25,13,10,-10,please
25.230732202529907,-3,26,2,3,2,-7,-18,-15,-30,0,0,-1,-22,-27,please
25.24608993530273,-9,23,0,3,0,-10,-19,-11,-20,-1,3,1,-17,-20,please
25.24608993530273,1,24,18,11,4,-2,-11,-7,-14,9,16,7,-6,-8,please
25.26207637786865,2,10,29,19,2,6,2,-12,-19,20,7,-5,-17,-3,please
25.26207637786865,-6,-11,12,15,-4,11,9,-7,-22,20,-9,-9,-28,0,please
25.276719570159912,-2,-15,3,15,-7,9,10,6,-14,26,-17,-2,-17,8,please
25.276719570159912,18,-1,14,25,-14,-2,8,13,4,34,-7,6,6,25,please
25.292134284973145,29,2,20,20,-17,-18,-5,4,10,6,13,28,20,30,please
25.292134284973145,26,2,13,6,-10,-19,-15,-5,-10,-30,26,38,14,10,please
25.30816388130188,17,18,20,16,2,-2,-6,-10,-28,-38,20,18,-3,-12,please
25.30816388130188,9,28,33,43,14,5,2,-10,-23,-31,2,6,-18,-15,please
25.32393217086792,4,12,22,44,17,5,17,0,0,-7,-2,5,-8,-5,sil
25.32393217086792,-6,-4,1,17,14,14,27,9,14,20,0,-7,5,-2,sil
25.3390691280365,-19,-15,-13,-2,2,15,12,-2,2,13,-11,-25,-6,-6,sil
25.354779481887817,-22,-22,-21,-1,-4,5,-2,-11,-8,-6,-28,-26,-20,-8,sil
25.354779481887817,-20,-19,-21,-4,0,5,0,7,14,0,-24,-18,-9,0,sil
25.354779481887817,-13,-7,-21,-21,1,6,6,28,45,17,-4,-6,9,11,sil
25.37035751342773,0,1,-16,-23,1,2,3,25,52,14,10,13,31,15,sil
25.37035751342773,14,6,-7,-2,5,0,0,7,38,0,17,23,36,12,sil
25.38590908050537,16,0,-8,-8,-5,-14,-17,-10,9,-17,16,16,17,11,sil
25.38590908050537,7,-9,-14,-40,-20,-32,-37,-16,-20,-26,14,12,6,3,sil
25.40194201469421,1,-6,-17,-40,-13,-20,-28,-12,-23,-29,16,5,13,-10,sil
25.40194201469421,0,7,0,-15,0,0,-10,-10,-12,-24,14,-4,8,-15,sil
25.41780185699463,-5,13,17,0,9,8,0,-9,-4,-3,0,-6,-7,-7,sil
25.41780185699463,-13,5,16,15,16,24,23,0,5,17,-11,-7,-5,4,sil
25.432955026626587,-11,-3,11,22,10,32,39,13,11,17,-11,-17,-3,11,sil
25.432955026626587,-9,-9,0,9,-5,11,28,21,10,10,-18,-21,-13,9,sil
25.4477059841156,-9,-15,-10,-5,-12,-5,14,16,12,15,-23,-17,-11,9,sil
25.463081121444706,0,-15,-10,-8,-12,-13,5,4,0,4,-19,-9,-3,13,sil
25.463081121444706,11,-2,-2,-10,-10,-18,-11,-11,-29,-27,-16,1,-12,0,sil
25.478923082351685,7,7,0,-16,-1,-18,-23,-17,-40,-39,-7,9,-18,-18,sil
25.478923082351685,3,12,-1,-4,8,-16,-15,-5,-23,-18,13,13,-4,-20,sil
25.493961095809937,1,18,1,10,17,-9,0,0,-9,5,26,10,5,-15,sil
25.493961095809937,-1,20,8,14,15,13,10,-5,-5,31,15,-3,-1,-11,sil
25.510034322738647,2,10,12,18,1,29,12,-5,-1,64,4,-13,-4,0,sil
25.510034322738647,5,-8,3,10,-5,16,3,1,7,73,3,0,5,13,sil
25.525739431381226,3,-18,-9,-11,-7,-3,-10,4,22,58,0,3,9,9,sil
25.525739431381226,4,-8,-8,-22,-10,-13,-25,-1,15,53,-3,0,5,-2,sil
25.540892601013184,0,-1,-1,-9,-10,-19,-32,-9,-14,41,0,4,-2,-12,sil
25.540892601013184,-9,5,-1,12,-2,-15,-20,-11,-29,-28,-6,2,-16,-15,sil
25.556528091430664,-7,15,7,23,10,8,3,-11,-19,-105,-15,-4,-24,-13,sil
25.556528091430664,2,1,10,18,11,28,24,-1,-4,-95,-17,-8,-17,-8,sil
25.57214832305908,4,-22,0,4,-1,18,23,17,14,-41,-10,-3,3,4,sil
25.57214832305908,0,-18,-3,-10,-5,-1,3,25,32,-21,0,7,27,17,sil
25.58797407150269,2,0,0,-19,0,-9,-8,13,27,-27,8,15,29,11,sil
25.58797407150269,8,10,7,-9,2,-8,-4,6,8,-30,17,15,18,3,sil
25.604085445404053,6,13,10,5,7,-6,-2,8,5,-15,24,17,14,8,sil
25.604085445404053,-3,2,5,2,8,-4,-5,0,6,8,21,16,13,7,sil
25.619930267333984,-9,-8,0,-1,0,-4,1,-12,-4,16,7,0,2,-6,sil
25.619930267333984,-7,-1,-3,11,-1,-1,6,-11,-16,7,-10,-13,-17,-9,sil
25.6350371837616,-7,9,3,24,0,7,0,-7,-20,0,-13,-8,-31,-3,sil
25.6350371837616,-4,5,11,18,-2,19,11,-1,0,19,8,0,-3,3,sil
25.651042699813843,-1,-3,-1,2,-1,20,31,9,28,52,17,-5,23,15,sil
25.651042699813843,-8,0,-19,1,2,12,22,12,27,50,-2,-11,0,17,sil
25.66696810722351,-10,6,-19,8,0,5,10,8,9,33,-7,-14,-19,13,sil
25.66696810722351,-5,-2,-11,-8,-13,0,5,3,5,23,1,-8,0,12,sil
25.68215751647949,6,-10,-5,-34,-22,-9,-4,-2,1,5,-9,2,8,9,sil
25.68215751647949,20,0,2,-29,-9,-17,-6,-6,-5,-6,-14,12,1,5,sil
25.697731971740723,19,8,1,-6,1,-21,-3,-3,-7,-9,0,8,1,4,sil
25.697731971740723,16,10,-1,6,0,-18,-13,-7,-14,-24,-1,2,1,-1,sil
25.713738441467285,23,4,5,3,7,-4,-17,-10,-23,-26,-7,8,5,-15,sil
25.713738441467285,15,-6,5,-6,14,-5,-16,-7,-23,-12,10,7,8,-26,sil
25.729346990585327,-4,0,0,-6,2,-15,-22,-7,-20,-13,18,0,-2,-25,sil
25.729346990585327,-13,4,5,9,5,0,-15,-2,-9,-4,3,-8,-16,-19,sil
25.744877338409424,-21,-11,5,5,2,14,-7,-3,-3,-4,-20,-23,-28,-26,sil
25.744877338409424,-34,-17,-2,-22,-26,1,-13,-14,-19,-35,-39,-35,-38,-30,sil
25.76005482673645,-23,-8,-6,-12,-16,8,3,-2,-10,-17,-21,-20,-17,-6,sil
25.76005482673645,6,1,7,27,25,28,31,21,22,33,18,2,18,23,sil
25.776001930236816,22,11,11,24,26,11,16,21,32,27,22,23,27,26,sil
25.776001930236816,17,10,-1,-1,3,-14,-13,4,19,0,9,37,20,14,sil
25.79163432121277,14,4,6,0,5,-7,-16,-2,3,-8,17,35,16,2,sil
25.79163432121277,9,12,25,14,22,11,6,0,-5,-14,17,11,9,0,sil
25.80767035484314,-6,20,13,20,24,13,22,-3,-4,-6,0,-7,7,3,sil
25.80767035484314,-23,3,-7,11,3,6,16,-3,-6,5,-12,-16,2,0,sil
25.823734521865845,-26,-29,-20,-5,-13,5,17,8,0,10,-22,-25,-16,0,sil
25.823734521865845,-22,-43,-26,-24,-22,3,19,12,20,19,-29,-25,-28,8,sil
25.839192152023315,-17,-30,-34,-40,-37,-4,0,0,23,19,-22,-12,-7,11,sil
25.839192152023315,-5,-8,-25,-33,-28,-14,-7,6,19,12,0,9,26,15,sil
25.85485601425171,10,5,-1,-6,6,-21,-3,21,29,13,23,21,33,17,sil
25.85485601425171,13,2,0,-1,5,-23,-16,0,6,2,23,13,0,1,sil
25.870063066482544,7,2,1,-10,-16,-17,-31,-25,-34,-16,14,10,-19,-11,sil
25.870063066482544,3,22,15,18,-9,-4,-11,-15,-32,-12,12,6,-4,-11,sil
25.885714530944824,0,17,20,37,0,11,9,-4,-19,-2,1,-10,-2,-10,sil
25.885714530944824,4,-1,18,14,6,27,12,-7,-20,-1,-7,-12,-20,-7,sil
25.901265144348145,5,7,11,6,10,26,18,1,1,9,-5,-10,-14,-4,sil
25.901265144348145,2,7,1,4,0,5,13,4,19,10,-17,-10,0,-2,sil
25.91668033599853,10,-19,-7,-12,-9,-10,-10,-8,3,-6,-18,-1,4,0,sil
25.91668033599853,15,-5,-6,-15,-4,-13,-22,-10,-15,-14,9,10,19,-1,sil
25.932058811187744,13,37,3,2,2,-7,-13,1,-13,-15,28,18,22,-5,sil
25.932058811187744,20,40,10,16,5,-6,-6,3,-1,-17,21,15,4,-4,sil
25.94742488861084,22,21,23,17,11,-4,0,0,5,-15,6,7,-3,0,sil
25.94742488861084,5,16,25,23,27,15,13,3,8,-10,-1,-1,-2,0,sil
25.962608098983765,-12,7,4,29,40,28,23,4,0,-5,-8,-12,-14,-1,sil
25.962608098983765,-16,-12,-12,10,17,8,15,1,-7,-5,-16,-15,-20,5,sil
25.978058099746704,-3,-36,-16,-18,-15,-8,9,6,1,3,-19,-12,-3,17,sil
25.978058099746704,0,-34,-6,-27,-4,0,3,11,14,20,-10,4,5,22,sil
25.99414014816284,-8,-18,-8,-19,16,0,-9,9,19,18,-2,10,0,15,sil
25.99414014816284,-8,-23,-22,-21,-13,-21,-22,0,18,-3,-3,0,6,3,sil
26.009474992752075,5,-16,-3,-18,-33,-20,-22,1,14,-12,7,10,21,-1,sil
26.009474992752075,12,9,11,6,6,1,-11,4,12,3,28,20,23,-6,sil
26.024674892425537,0,20,8,13,13,2,-5,-7,-1,5,21,6,2,-13,sil
26.024674892425537,-13,18,15,10,-7,2,-1,-14,-22,-7,2,0,-9,-19,sil
26.03999137878418,-7,8,16,29,7,16,17,-8,-19,-3,-2,-4,-5,-8,sil
26.03999137878418,-7,-10,13,22,-5,14,24,-11,-25,13,-15,-6,-23,3,sil
26.056033611297607,-33,-13,-8,-10,-31,8,13,-7,-24,23,-26,-10,-28,-1,sil
26.072073459625244,-54,-15,-47,-24,-16,6,6,6,3,35,-9,-13,10,-5,sil
26.072073459625244,-61,-33,-53,-43,-33,-15,-3,3,1,46,7,1,17,0,sil
26.072073459625244,-38,-27,-32,-49,-40,-23,-14,0,-1,26,-2,0,-4,-1,sil
0.3863449096679687,-9,-22,-16,-16,-13,0,20,18,50,35,5,1,15,19,sil
0.3863449096679687,4,-9,-7,-10,-11,-1,10,12,30,17,0,7,23,16,sil
0.4019277095794678,7,0,0,-7,-8,-12,-4,-4,-1,-10,-9,2,14,-4,sil
0.4019277095794678,0,2,3,-13,-6,-18,-19,-17,-22,-22,10,9,8,-13,sil
0.4169821739196777,-3,9,10,-8,0,-17,-21,-9,-24,-18,15,9,2,-10,sil
0.4169821739196777,0,22,13,11,5,-13,-12,-3,-19,-12,-4,-7,-10,-12,sil
0.4320361614227295,-6,14,11,20,9,2,0,-8,-18,-7,-14,-12,-24,-13,sil
0.4320361614227295,-22,-4,-1,9,2,14,10,-9,-17,-3,-20,-14,-26,-9,sil
0.4479811191558838,-23,-12,-19,-8,-9,4,5,-11,-12,0,-33,-21,-23,-12,sil
0.4479811191558838,-11,-17,-23,-21,-13,-11,-13,-13,-10,4,-32,-9,-14,-9,sil
0.4640862941741943,0,-18,-13,-13,-11,-26,-25,-3,-12,0,-5,12,5,7,sil
0.4640862941741943,12,-2,-2,0,-8,-28,-17,10,-3,-10,16,18,15,12,sil
0.4793300628662109,16,8,2,0,2,-1,0,18,15,-8,10,7,1,0,sil
0.4793300628662109,-1,2,0,-5,11,15,11,15,18,2,-10,-10,-18,-14,sil
0.4950647354125976,-21,-4,-4,-2,10,12,13,8,5,4,-23,-27,-29,-21,sil
0.4950647354125976,-18,-5,-9,3,11,25,26,5,7,10,-18,-31,-21,-9,sil
0.5100898742675781,3,-3,-3,2,12,41,40,7,20,18,-8,-21,0,12,sil
0.5100898742675781,23,-6,7,0,0,13,26,0,10,8,1,2,21,23,sil
0.5252394676208496,27,-6,7,-3,-11,-23,-5,-9,-11,-7,19,26,29,27,sil
0.5404787063598633,27,3,13,-2,-13,-25,-28,-5,-18,-8,41,39,27,27,sil
0.5404787063598633,27,18,24,11,-2,-10,-33,0,-4,6,48,36,31,18,sil
0.5560703277587891,20,23,25,29,10,4,-29,-3,1,3,29,19,19,6,sil
0.5560703277587891,-2,13,9,23,6,14,-15,-9,-11,-17,-2,-6,-13,-6,sil
0.5715014934539795,-24,-7,-15,-4,-6,3,0,-11,-19,-15,-21,-25,-20,-18,sil
0.5715014934539795,-21,-17,-26,-24,-12,-7,2,-5,-5,4,-10,-13,6,-8,sil
0.5715014934539795,-3,-14,-24,-26,-9,-9,2,0,8,5,9,9,16,8,sil
0.5876226425170898,0,-2,-5,-20,-1,-16,3,0,2,-4,20,16,3,1,sil
0.604180097579956,-7,15,12,-6,2,-6,9,0,0,4,19,2,-1,-15,sil
0.604180097579956,-13,15,5,4,-1,17,20,7,4,16,2,-11,-6,-13,sil
0.604180097579956,-21,-4,-4,0,1,23,24,14,10,11,-20,-13,-18,-2,sil
0.6192052364349365,-11,-12,1,0,9,18,22,16,22,11,-24,-5,-20,7,sil
0.6350843906402588,15,0,14,9,7,10,14,11,36,11,0,11,0,20,sil
0.6350843906402588,28,8,16,8,1,-14,-6,3,17,-5,10,24,14,19,sil
0.6511459350585938,12,2,2,1,-2,-33,-27,-8,-18,-29,-13,10,-2,-5,sil
0.6511459350585938,6,7,7,7,1,-20,-32,-17,-30,-30,-17,0,-17,-17,sil
0.6511459350585938,18,21,23,27,14,2,-21,-11,-22,-1,11,11,-3,-3,sil
0.6657049655914307,0,3,3,26,13,16,-6,-5,-12,17,7,0,2,-4,sil
0.6811220645904541,-30,-22,-30,1,0,16,8,-2,11,14,-20,-27,-1,-18,sil
0.6811220645904541,-23,-17,-31,-17,-5,0,10,0,29,4,-16,-23,-2,-20,sil
0.6964766979217529,-6,3,-2,-11,0,-14,-4,-2,-1,-16,-4,-7,-12,-22,sil
0.6964766979217529,-5,14,8,14,7,0,2,-3,-22,-17,-5,-10,-14,-12,sil
0.7119951248168945,-2,5,-1,20,6,19,27,6,9,21,0,-10,7,8,sil
0.7119951248168945,2,-18,-9,-14,-10,-1,11,12,18,22,-1,-1,15,13,sil
0.7271738052368164,2,-19,-14,-33,-22,-26,-23,1,-15,-21,-10,-3,0,4,sil
0.7271738052368164,0,2,-3,-9,-13,-10,-16,-4,-29,-31,-4,-7,-1,-2,sil
0.7423362731933594,-4,0,0,4,-3,8,16,1,-5,1,1,-11,7,3,sil
0.7423362731933594,-2,-22,-10,-13,-12,0,15,7,13,15,-6,-4,16,26,sil
0.7579631805419922,6,-14,-5,-34,-21,-13,-13,2,6,-2,-2,15,19,27,sil
0.7579631805419922,19,10,15,-10,-7,-3,-14,-2,-5,-9,21,20,16,6,sil
0.773108959197998,24,22,28,31,15,17,8,-1,0,11,30,12,11,9,sil
0.773108959197998,11,8,16,31,24,25,17,3,29,36,20,11,11,29,sil
0.7882740497589111,0,-9,-1,-3,14,5,2,5,32,29,15,13,12,20,sil
0.7882740497589111,1,0,-2,-9,1,-14,-14,-5,-8,-2,15,9,0,-12,sil
0.8036074638366699,0,18,-2,-2,2,-10,-17,-16,-34,-21,11,0,-22,-31,sil
0.8036074638366699,-8,10,-3,-14,10,9,-3,-8,-22,-16,1,-6,-32,-22,sil
0.8190021514892578,-16,0,2,-2,10,24,16,0,-8,-3,-23,-12,-28,-16,sil
0.8190021514892578,-31,-7,-16,9,0,16,19,0,-3,2,-48,-27,-41,-27,sil
0.8340837955474854,-35,-24,-36,-20,-15,-5,6,3,0,-3,-43,-34,-57,-23,sil
0.8340837955474854,-12,-26,-26,-38,-19,-21,3,9,10,-6,-20,-14,-20,-1,sil
0.8497135639190674,9,0,-2,-21,-10,-21,-3,4,12,-2,5,18,39,11,sil
0.8497135639190674,17,14,12,-6,-5,-18,-22,-2,-5,-8,25,27,44,8,sil
0.8650462627410889,21,19,25,18,0,-8,-18,-5,-15,-13,24,15,16,5,sil
0.8650462627410889,22,24,38,45,24,11,3,0,2,0,13,11,13,12,sil
0.8804051876068115,9,13,22,37,23,19,10,0,17,16,5,0,16,12,sil
0.8804051876068115,-4,-4,3,15,0,4,2,1,13,17,-3,-8,8,5,sil
0.8969237804412842,8,-2,5,13,0,-1,4,13,25,19,0,8,20,16,sil
0.8969237804412842,22,5,6,12,1,0,-2,9,22,16,19,24,36,21,sil
0.9114811420440674,11,9,8,3,-8,-11,-26,-12,-14,-11,23,17,16,-5,sil
0.9114811420440674,5,14,15,18,-3,-10,-11,-11,-29,-27,17,12,-11,-20,sil
0.9275071620941162,0,7,10,30,6,10,9,0,-25,-31,3,0,-29,-16,sil
0.9275071620941162,-23,-14,-5,13,-5,13,2,-5,-27,-30,-15,-21,-36,-21,sil
0.9431648254394532,-24,-21,-12,7,-11,3,13,0,-4,3,-14,-13,-18,-5,sil
0.9431648254394532,0,-10,0,11,-1,5,33,15,23,41,0,11,8,24,sil
0.958294153213501,7,-10,-3,-8,-9,-1,11,10,21,26,-2,8,13,24,sil
0.973719358444214,1,-9,-14,-28,-18,-18,-18,-3,7,-3,-2,2,11,11,sil
0.973719358444214,13,10,1,-10,0,-9,-16,-2,1,-4,16,18,18,12,sil
0.990581750869751,22,25,11,8,13,3,-8,-4,-7,0,21,17,12,6,sil
0.990581750869751,5,11,0,-10,6,-1,-14,-11,-18,-8,2,-2,-4,-7,sil
0.990581750869751,-17,-9,-16,-33,5,0,-9,-6,-14,-1,-19,-22,-9,-13,sil
1.0060381889343262,-21,-14,-24,-26,14,15,15,1,1,11,-42,-41,-14,-12,sil
1.0060381889343262,-20,-19,-25,-29,6,21,35,7,12,11,-55,-46,-27,-9,sil
1.0205206871032717,-31,-37,-39,-59,-10,13,31,9,19,11,-52,-43,-30,-8,sil
1.0363869667053225,-34,-39,-48,-76,-9,-1,9,9,26,7,-37,-42,-15,-11,sil
1.0363869667053225,-15,-15,-36,-46,3,-9,-4,6,23,0,-5,-22,0,-11,sil
1.0519590377807615,-4,4,-16,-8,3,-15,-19,-1,-1,-8,13,-1,-1,-14,sil
1.0519590377807615,-7,13,-2,-3,-5,-19,-34,-14,-27,-23,5,-8,-17,-23,sil
1.0672225952148438,1,20,13,7,0,-11,-25,-15,-18,-18,11,-8,-10,-17,sil
1.0672225952148438,19,27,39,47,13,3,-1,-6,-3,-5,30,18,4,4,sil
1.0829145908355713,20,19,38,62,9,9,9,0,-4,0,25,27,4,13,sil
1.0829145908355713,2,-4,7,26,-10,10,9,4,-4,7,8,12,2,8,sil
1.0985100269317627,-2,-13,4,1,-18,7,4,6,3,7,6,12,9,9,sil
1.0985100269317627,23,5,27,19,-6,-4,-1,7,13,2,25,33,28,22,sil
1.1141908168792725,48,26,38,32,2,-13,-11,2,5,6,57,62,45,34,sil
1.1141908168792725,31,34,35,37,3,-4,-19,-8,-22,-6,49,56,29,17,sil
1.1299538612365725,2,23,28,49,6,3,-12,-11,-34,-30,5,15,-2,-6,sil
1.1299538612365725,4,9,33,45,12,7,10,3,-6,-9,-1,6,-8,0,sil
1.1454641819000244,10,4,28,35,9,14,30,15,16,28,10,18,5,13,sil
1.1454641819000244,-5,-5,5,18,0,11,29,10,8,22,-10,5,6,7,sil
1.1610002517700195,-7,-21,-13,-10,-8,-1,21,4,11,4,-29,-7,2,3,sil
1.1610002517700195,8,-14,-14,-22,-10,-7,10,6,24,10,-10,0,10,9,sil
1.1770522594451904,8,0,-8,-21,-3,-9,-15,0,9,3,7,8,15,6,sil
1.1770522594451904,0,-6,-21,-31,0,-14,-33,-13,-12,-18,7,3,7,-8,sil
1.1921443939208984,-6,-5,-23,-30,0,-9,-22,-15,-19,-23,-3,-11,-7,-20,sil
1.1921443939208984,-17,8,-8,-12,0,3,-1,-4,-15,-12,-14,-25,-21,-15,sil
1.207624435424805,-26,3,-15,-10,3,6,5,0,-5,0,-24,-36,-32,-6,sil
1.207624435424805,-30,-16,-28,-23,0,2,8,-1,-4,5,-36,-46,-35,-15,sil
1.2232296466827393,-22,-15,-19,-16,0,12,23,6,0,10,-37,-42,-22,-15,sil
1.2232296466827393,-3,0,-8,-5,3,20,33,17,29,18,-16,-19,-3,11,sil
1.2389633655548096,0,-11,-19,-18,0,4,11,14,45,25,-1,-5,5,23,sil
1.2389633655548096,-9,-26,-32,-35,-6,-14,-29,-5,18,15,-9,-7,4,0,sil
1.2544398307800293,-8,-13,-17,-27,-3,-12,-47,-22,-17,-14,-5,-5,-2,-22,sil
1.2544398307800293,6,2,-1,-3,4,-8,-24,-15,-20,-22,12,0,-4,-23,sil
1.2701303958892822,6,4,3,2,7,-4,-2,0,-8,-3,17,2,-2,-13,sil
1.2701303958892822,-6,1,12,4,1,2,0,0,-14,-3,0,-4,-16,-10,sil
1.2864670753479004,-5,0,12,17,-10,-2,1,-5,-21,-17,-21,-17,-23,-4,sil
1.2864670753479004,10,-4,9,13,-10,-6,7,-1,-7,-6,-13,-2,5,14,sil
1.301971197128296,21,0,11,0,0,0,5,2,11,14,23,30,41,29,sil
1.301971197128296,26,13,18,4,3,-8,-10,0,8,2,40,42,39,19,sil
1.317969560623169,25,20,24,15,5,-11,-23,-2,-1,-13,30,32,23,0,sil
1.317969560623169,15,23,20,23,12,7,-3,2,6,6,35,27,19,4,sil
1.3340492248535156,5,22,20,24,11,16,22,6,10,12,32,23,8,11,sil
1.3340492248535156,-3,13,9,15,1,15,29,9,2,-8,0,1,-10,0,sil
1.3493001461029053,-17,2,-11,6,0,20,36,10,4,-6,-17,-21,-15,-8,sil
1.3493001461029053,-22,0,-9,7,0,20,42,7,7,13,-13,-18,-14,-1,sil
1.3655166625976562,-18,-8,-6,5,-4,10,31,0,3,17,-20,-13,-16,2,sil
1.3655166625976562,-19,-25,-20,-11,-11,0,3,-1,1,7,-29,-19,-15,2,sil
1.381119966506958,-17,-27,-23,-24,-8,-13,-21,0,0,-9,-18,-16,-9,-5,sil
1.381119966506958,1,-3,-3,-14,-3,-21,-32,-3,-12,-28,-3,1,-5,-15,sil
1.396318435668945,17,10,8,-11,-5,-23,-38,-7,-20,-26,4,16,2,-9,sil
1.396318435668945,14,3,2,-14,-8,-26,-34,-2,-9,-10,9,12,11,-3,sil
1.412360429763794,9,7,12,1,2,-17,-21,0,-7,-9,9,5,9,-5,sil
1.412360429763794,11,18,26,24,13,3,-7,0,-11,0,6,10,5,5,sil
1.428145408630371,4,6,16,20,5,18,1,-5,-9,16,3,6,-1,15,sil
1.428145408630371,-6,-6,8,8,0,21,9,-7,-9,14,-3,-5,-15,1,sil
1.443659782409668,0,-3,0,15,4,16,20,0,0,18,-11,-8,-9,-3,sil
1.443659782409668,11,-9,-9,6,2,9,23,7,20,29,-5,0,12,14,sil
1.459390640258789,9,-15,-12,-10,-2,10,17,8,18,22,5,3,18,19,sil
1.459390640258789,3,-7,-8,-6,0,6,0,7,6,15,2,3,16,9,sil
1.4755430221557615,5,-3,1,-4,-3,-11,-9,7,15,10,1,10,24,7,sil
1.4755430221557615,0,-9,-8,-19,-11,-25,-5,1,19,-2,10,9,23,3,sil
1.490609645843506,-14,-5,-22,-27,-7,-20,-16,-8,-11,-21,5,-2,0,-15,sil
1.490609645843506,-17,9,-9,-17,0,-10,-26,-12,-30,-28,-3,-11,-15,-28,sil
1.5060529708862305,-7,17,0,-6,0,-5,-7,-10,-8,-19,2,-8,-7,-19,sil
1.5060529708862305,-4,16,2,0,8,0,5,-6,5,-9,6,-3,-11,-8,sil
1.5220584869384766,0,10,10,20,19,10,7,-3,-9,-7,0,-6,-22,-12,sil
1.5220584869384766,-3,2,11,30,15,20,21,0,-13,-8,-11,-15,-24,-11,sil
1.537261962890625,-13,-2,0,9,0,25,30,7,11,-3,-21,-16,-18,4,sil
1.537261962890625,-3,-5,-6,-3,-6,17,19,5,33,11,-15,-5,-5,20,sil
1.5524342060089111,6,-9,-1,-1,-5,1,8,0,27,11,-3,0,1,15,sil
1.5524342060089111,-3,-13,-9,-5,-7,-8,4,4,21,2,-4,-4,0,6,sil
1.568291187286377,-3,-10,-21,-21,-13,-16,-10,8,30,6,5,1,11,10,sil
1.568291187286377,17,0,0,-11,-6,-22,-25,4,28,6,34,26,26,13,sil
1.5833866596221924,26,16,22,12,8,-21,-22,-3,8,-4,40,32,20,9,sil
1.5833866596221924,11,13,14,6,9,-16,-18,-8,-17,-14,13,9,-2,-10,sil
1.5993375778198242,-4,-3,-1,-3,0,-2,-14,-6,-25,-16,-16,-15,-19,-24,sil
1.5993375778198242,-9,-2,0,15,7,20,0,-8,-15,-12,-22,-17,-21,-9,sil
1.6143693923950195,-5,11,13,29,16,32,15,-3,-6,5,-15,-7,-14,6,sil
1.6143693923950195,-5,4,12,26,7,20,20,7,2,22,-14,-11,-3,6,sil
1.6304490566253662,-16,-20,-8,-3,-10,6,9,7,3,14,-16,-17,1,0,sil
1.6304490566253662,-20,-26,-33,-45,-21,-5,0,1,-3,4,-9,-5,3,-10,sil
1.6461491584777832,-7,-6,-22,-33,-17,-17,-2,6,-7,11,0,5,6,-11,sil
1.6461491584777832,5,-1,2,-3,-10,-15,-3,10,-16,8,0,7,8,3,sil
1.661283016204834,14,-13,0,-28,-16,-7,-3,5,-25,-6,2,17,13,17,sil
1.661283016204834,21,-3,6,-34,-13,-10,-7,0,-30,-12,21,36,22,12,sil
1.67702054977417,8,17,21,9,0,-12,-11,-9,-50,-10,27,27,16,-8,sil
1.67702054977417,0,25,16,27,6,-4,-9,-10,-65,-19,8,1,-6,-19,sil
1.6920979022979736,12,32,25,30,15,5,-2,0,-51,-11,6,2,-7,-3,sil
1.6920979022979736,4,30,24,46,22,20,7,0,-33,11,13,4,6,5,sil
1.7081217765808103,-13,5,1,30,14,28,16,-8,-29,6,-1,-11,-6,0,sil
1.7081217765808103,-5,-10,-5,10,6,21,22,-3,-15,0,-12,-15,-18,5,sil
1.7241482734680176,0,-12,-8,6,7,10,19,6,4,14,-8,-10,-1,13,sil
1.7241482734680176,-9,-18,-19,-10,5,0,2,8,14,10,-24,-17,0,0,sil
1.7401797771453855,-6,-16,-21,-17,1,-13,-7,1,23,0,-33,-18,-7,-5,please
1.7401797771453855,3,-4,-8,-11,0,-18,-11,0,38,10,-5,-2,10,8,please
1.75506591796875,5,-1,-3,-17,1,-13,-10,2,55,5,20,8,22,12,please
1.75506591796875,4,0,-5,-15,6,-7,-3,-1,73,-10,19,8,6,3,please
1.7711095809936523,3,9,6,-4,1,-8,-4,-9,101,-14,11,8,-1,-4,please
1.7711095809936523,7,11,16,5,-9,-3,-8,-8,118,-9,10,6,1,-3,please
1.787226915359497,4,0,9,7,-1,9,3,-7,127,0,4,-1,-6,0,please
1.787226915359497,-8,-16,-11,-10,-1,12,17,0,178,13,-10,-12,-16,0,please
1.802042245864868,-9,-20,-27,-30,-25,-3,12,12,183,11,-22,-16,-10,0,please
1.8183517456054688,0,-5,-11,-23,-22,-13,-2,10,33,-11,-9,-5,-2,-4,please
1.8183517456054688,3,10,8,0,6,0,-7,0,-130,-12,17,7,0,-8,please
1.8183517456054688,0,11,8,19,10,11,-4,0,-180,2,21,5,-1,-7,please
1.8333866596221924,-13,0,0,22,-4,14,10,0,-172,7,-3,-7,-9,-2,please
1.8333866596221924,-20,-13,-6,8,-7,11,19,0,-144,10,-20,-12,-12,2,please
1.8495090007781985,-9,-15,-8,-11,-8,-8,-6,0,-113,-1,-7,3,-3,3,please
1.8495090007781985,0,-1,0,-5,-7,-25,-30,-2,-105,-20,19,26,13,1,please
1.865121841430664,0,20,23,22,11,-3,-17,-3,-87,-14,25,29,16,-1,please
1.8810226917266848,0,21,29,34,22,18,2,-3,-52,4,-1,0,-1,-6,please
1.8810226917266848,0,-3,0,10,7,1,2,-2,-21,16,-23,-23,-8,-1,please
1.8810226917266848,1,-22,-16,-23,-6,-17,-10,0,7,8,-23,-14,0,1,please
1.8960685729980469,5,-9,-9,-21,-8,-8,-11,2,31,-9,-20,0,5,-5,please
1.8960685729980469,15,13,1,0,0,1,1,0,40,-10,-3,7,11,-4,please
1.912850379943848,23,19,11,0,7,0,3,0,43,-3,18,15,13,2,please
1.912850379943848,11,15,4,-4,5,-2,0,5,41,-7,15,2,0,-1,please
1.927126407623291,-3,18,4,4,4,11,9,2,30,-6,0,-12,-11,-2,please
1.942265510559082,-3,18,10,16,7,21,14,-7,21,0,-4,-11,-11,4,please
1.942265510559082,0,4,3,12,10,12,10,-6,28,0,0,-3,-11,7,please
1.957990646362305,-2,-8,-1,0,2,7,15,6,45,13,2,1,-4,9,please
1.957990646362305,-8,-18,-12,-7,-14,4,18,1,48,18,-15,-7,-1,5,please
1.973146915435791,-19,-28,-24,-20,-20,-5,4,-5,35,4,-33,-23,-8,-3,please
1.973146915435791,-10,-29,-15,-23,-1,-6,0,3,43,16,-4,-2,8,9,please
1.9892711639404297,17,-14,-1,-14,1,-6,0,7,43,29,43,31,37,27,please
1.9892711639404297,25,0,8,-7,-9,-15,-15,0,11,2,46,33,33,16,please
2.01119065284729,20,8,16,0,-1,-18,-23,-1,-6,-14,28,22,17,2,please
2.01119065284729,12,10,16,4,4,-17,-18,-5,-2,-9,23,24,11,0,please
2.01119065284729,0,14,5,2,0,-9,-8,-4,-13,-11,16,16,4,-11,please
2.0212981700897217,-4,23,5,16,6,0,-3,-3,-32,-13,-2,-4,-8,-20,please
2.038395881652832,-14,14,6,23,5,0,-6,-6,-38,-14,-23,-23,-26,-24,please
2.038395881652832,-28,-9,-13,8,-4,9,4,-4,-27,-14,-33,-35,-34,-26,please
2.039395570755005,-22,-15,-19,0,0,27,19,4,-9,-9,-34,-32,-26,-12,please
2.052947759628296,-9,-9,-9,2,2,24,14,10,2,0,-33,-20,-14,1,please
2.0682826042175293,-13,-17,-16,-3,-3,15,7,10,5,10,-27,-16,-9,0,please
2.0682826042175293,-10,-19,-14,-10,0,13,16,10,9,21,-8,-4,0,4,please
2.0838842391967773,9,-4,-3,-1,0,2,16,2,12,28,8,10,11,14,please
2.0838842391967773,17,5,2,0,-2,-8,-8,-6,-4,4,11,11,10,2,please
2.0993857383728027,3,9,7,-6,5,-12,-28,-9,-23,-21,11,5,2,-10,please
2.0993857383728027,0,11,7,-4,4,-16,-19,-7,-28,-18,21,6,2,-3,please
2.1155331134796143,1,13,13,4,-3,-11,-8,-8,-38,-19,15,2,-5,0,please
2.1155331134796143,-5,10,12,15,-3,3,-2,-10,-41,-26,-12,-15,-26,-4,please
2.13151216506958,-1,-1,2,10,-5,0,6,-4,-17,-3,-29,-23,-24,3,please
2.13151216506958,18,-11,0,0,-5,-8,14,9,12,30,-10,0,8,21,please
2.146282911300659,27,-2,2,-4,4,1,16,17,34,38,20,26,36,32,please
2.146282911300659,20,7,4,-6,8,2,5,10,38,24,28,28,39,31,please
2.161384105682373,14,2,-3,-7,0,-16,-13,1,17,6,15,15,27,12,please
2.161384105682373,1,-1,-7,-14,-6,-18,-26,-3,-8,-12,10,7,11,-12,please
3.425437688827514,-1,8,-4,-17,-3,-15,-21,-3,-9,-14,11,3,0,-22,please
3.425437688827514,0,6,-1,-7,2,-5,-7,0,-13,-10,6,9,7,-16,please
3.440979242324829,4,15,6,8,2,0,0,0,-16,-5,14,6,6,-4,please
3.45622181892395,0,24,20,15,9,12,4,3,-6,11,18,2,-1,0,please
3.45622181892395,-12,8,9,14,13,16,12,-1,-7,9,-10,-15,-18,-9,please
3.4723012447357178,-26,-14,-6,8,5,7,16,-6,-19,-10,-44,-36,-39,-18,please
3.4723012447357178,-21,-16,-5,5,0,17,25,4,-1,-2,-31,-25,-28,-2,please
3.487992763519287,-14,-17,-11,-4,-6,20,29,17,26,16,-6,-11,-1,13,please
3.487992763519287,-28,-34,-31,-31,-25,-6,9,8,17,0,-22,-26,-6,-8,please
3.487992763519287,-25,-35,-39,-41,-23,-17,-11,-2,0,-17,-38,-28,-22,-19,please
3.503091812133789,0,-14,-16,-26,-2,-7,-14,-3,7,-9,-16,4,-10,6,please
3.518250703811645,10,0,5,-12,0,-12,-13,0,11,-8,4,26,7,13,please
3.518250703811645,14,9,8,0,-3,-15,-18,-2,0,-20,5,22,5,1,please
3.533857583999634,28,27,18,15,15,-4,-10,0,-5,-14,13,21,1,4,please
3.533857583999634,34,35,33,35,22,0,3,0,0,3,27,21,10,10,please
3.549842119216919,19,20,37,35,6,-2,0,-4,-5,6,22,15,11,9,please
3.549842119216919,2,2,24,27,0,4,-9,-8,-13,0,-1,3,-3,2,please
3.5655555725097656,-2,2,10,32,4,12,-1,-9,-16,0,-14,-7,-10,-4,please
3.5655555725097656,2,8,17,40,4,13,8,-5,-10,6,1,0,1,7,please
3.58047866821289,13,6,16,37,1,13,16,4,13,29,28,22,21,31,please
3.58047866821289,19,2,3,19,0,7,15,15,26,44,30,31,28,35,please
3.5962042808532715,14,0,-7,-3,-7,-10,5,13,16,25,7,16,21,18,please
3.5962042808532715,5,-6,-18,-22,-13,-19,-4,0,7,-3,-6,-1,10,0,please
3.611268758773804,1,-3,-9,-23,-10,-7,-16,-7,0,-12,6,1,5,-10,please
3.611268758773804,8,7,1,-5,-2,-3,-21,-2,-6,-7,19,12,11,-9,please
3.627403974533081,2,8,-9,-5,5,-17,-21,-2,-11,-19,7,0,6,-14,please
3.627403974533081,-11,0,-19,-23,7,-11,-15,0,-12,-23,-4,-21,-7,-24,please
3.642427682876587,-16,-2,-17,-13,3,10,0,0,-11,-6,-10,-30,-13,-21,please
3.642427682876587,-23,-4,-21,-6,5,18,6,-7,-24,-11,-37,-42,-31,-26,please
3.65758204460144,-41,-23,-39,-42,11,12,10,-4,-21,-17,-58,-63,-53,-38,please
3.65758204460144,-48,-37,-40,-62,8,15,26,10,6,9,-45,-60,-40,-22,please
3.673226594924927,-39,-26,-19,-28,2,25,40,9,22,25,-33,-40,-21,-1,please
3.673226594924927,-24,-12,-16,-11,-2,18,30,-2,16,13,-33,-30,-20,0,please
3.689298868179321,-15,-20,-19,-34,-13,-6,1,-3,8,-4,-24,-20,-15,-7,please
3.689298868179321,-14,-25,-11,-39,-21,-20,-14,2,3,-17,-6,4,0,-6,please
3.705532550811768,0,-7,5,-9,-14,-13,-12,5,8,-7,29,39,25,10,please
3.705532550811768,33,18,34,24,-3,-14,-7,0,18,11,63,63,47,29,please
3.721206665039064,51,33,48,37,-3,-25,-16,-6,13,3,54,56,40,29,please
3.721206665039064,41,37,48,33,-6,-18,-25,-3,-3,-11,40,49,22,18,please
3.737324953079224,36,43,49,47,4,1,-12,1,-12,-9,51,56,27,21,please
3.737324953079224,41,47,58,66,19,6,0,-3,-18,-9,41,49,28,29,please
3.7531445026397705,40,43,62,67,19,4,-1,-6,-21,-5,12,31,12,23,please
3.7531445026397705,23,26,36,57,8,11,4,0,-5,15,8,18,1,10,please
3.768333196640015,-4,-5,0,29,-2,12,12,3,4,19,3,1,-7,1,please
3.768333196640015,-18,-24,-20,2,0,11,13,4,5,15,-14,-18,-12,0,please
3.783927440643311,-7,-17,-25,2,6,14,13,10,19,29,-19,-23,0,2,please
3.783927440643311,-5,-23,-27,-8,0,8,9,14,26,29,-26,-21,0,0,please
3.799031019210816,-25,-44,-46,-44,-14,-5,-1,0,6,4,-44,-38,-16,-12,please
3.799031019210816,-33,-42,-53,-56,-12,-10,-8,-9,-7,-5,-43,-42,-16,-20,please
3.8141047954559326,-18,-17,-38,-37,-1,-4,-3,1,5,0,-20,-16,0,-15,please
3.8141047954559326,-6,-1,-21,-26,0,-4,-6,1,3,-10,-3,-2,-2,-14,please
3.829259872436523,-7,0,-9,-29,-5,-12,-17,-13,-17,-31,0,-7,-14,-20,please
3.829259872436523,-3,0,-7,-25,-7,-16,-14,-12,-11,-29,2,-10,-13,-19,please
3.8455495834350586,0,7,-2,-10,0,-7,-8,-1,-4,-23,5,-8,-12,-14,please
3.8455495834350586,-3,14,6,1,5,5,0,-3,-24,-22,0,-11,-19,-13,please
3.861483097076416,-10,9,4,4,5,10,10,-12,-31,-19,-7,-17,-23,-10,please
3.861483097076416,-8,10,9,12,8,12,8,-10,-21,-14,-4,-15,-21,-6,please
3.876485109329224,0,14,13,24,17,17,9,0,-12,-1,-1,-11,-16,-7,please
3.876485109329224,-2,2,5,20,16,12,18,9,0,13,-9,-7,-10,1,please
3.8919484615325928,-2,-8,1,9,1,4,16,11,18,27,-4,5,3,23,please
3.8919484615325928,8,-13,3,-1,-4,5,12,10,22,34,8,16,23,29,please
3.9079878330230713,4,-15,4,-22,1,5,13,12,19,25,5,17,28,21,please
3.9079878330230713,2,-5,-1,-17,0,-6,4,15,28,18,2,21,29,20,please
3.923539161682129,18,5,0,7,-8,-20,-18,6,30,15,11,27,34,14,sil
3.923539161682129,19,9,12,6,-8,-20,-30,-1,15,7,20,25,36,1,sil
3.939308166503906,11,16,11,-4,-7,-19,-27,-1,1,-2,30,24,29,1,sil
3.939308166503906,13,20,8,0,-6,-28,-28,-7,-18,-20,31,23,8,0,sil
3.95541262626648,7,12,11,5,-5,-19,-21,-14,-28,-28,18,8,-6,-11,sil
3.95541262626648,-4,7,14,8,-7,9,-4,-7,-14,-18,3,-5,-9,-10,sil
3.970958948135376,-7,9,13,16,-1,23,7,1,-4,-7,-9,-13,-14,-2,sil
3.970958948135376,-10,2,2,18,9,24,23,3,-3,2,-20,-23,-22,-1,sil
3.987002372741699,-15,-11,-8,4,7,27,35,0,1,8,-22,-25,-21,0,sil
3.987002372741699,-11,-17,-21,-5,-6,15,27,0,6,0,-22,-20,-11,3,sil
4.003029823303223,-6,-13,-22,-6,-9,0,17,-1,7,-4,-18,-15,0,4,sil
4.003029823303223,-10,-16,-14,-15,-3,2,14,-1,11,1,-17,-8,-3,0,sil
4.025226593017578,-11,-23,-19,-22,-3,-5,-3,0,6,1,-14,-3,-10,-6,sil
4.0257344245910645,7,-4,-3,-8,0,-22,-25,0,-4,-4,15,12,2,-6,sil
4.0257344245910645,25,22,25,13,13,-10,-17,0,-1,2,41,28,12,0,sil
4.034242153167725,15,17,26,22,17,13,4,-3,0,15,12,10,-6,0,sil
4.0498340129852295,-3,-12,2,8,6,14,16,1,-1,11,-22,-12,-17,-4,sil
4.0498340129852295,0,-30,-17,-21,-7,-5,5,5,13,8,-8,-2,8,-3,sil
4.065400123596191,8,-15,-7,-33,-13,-23,-22,0,11,8,18,18,20,1,sil
4.065400123596191,7,14,10,4,-1,-10,-30,-7,-19,-6,15,12,0,-3,sil
4.080998420715332,-1,23,7,34,13,13,-4,-4,-25,-14,-3,-5,-16,-11,sil
4.080998420715332,-7,9,0,20,12,21,21,2,1,4,-12,-13,-8,0,sil
4.096148729324341,-5,3,-7,0,3,5,17,4,14,13,-2,-5,12,16,sil
4.096148729324341,1,9,-6,-10,-1,-17,-15,0,-5,-9,7,9,15,7,sil
4.111330986022949,2,14,5,-2,3,-15,-29,-5,-21,-17,-2,1,-5,-8,sil
4.111330986022949,-9,6,5,18,9,8,0,-3,-14,-3,-25,-22,-21,-2,sil
4.127262115478516,-14,-10,-3,8,-1,11,21,7,3,8,-19,-15,-7,13,sil
4.127262115478516,0,-14,-13,-18,-15,-11,7,10,12,5,4,0,14,12,sil
4.142432689666748,3,-3,-9,-17,-10,-18,-12,-3,-2,-17,0,-4,9,-5,sil
4.142432689666748,3,4,3,-1,-4,-6,-13,-6,-8,-23,-6,0,0,-7,sil
4.157917499542236,13,5,7,-1,-6,-2,-7,1,6,-5,22,20,12,5,sil
4.173334121704102,3,4,1,-5,-8,-8,-12,-1,2,-9,30,14,6,-1,sil
4.173334121704102,-14,6,0,6,-7,-4,-3,-2,-15,-20,0,-11,-21,-14,sil
4.188436508178711,-10,3,6,19,4,12,24,7,-8,-1,-10,-13,-18,-4,sil
4.188436508178711,-3,-6,2,9,15,25,40,11,17,24,0,0,9,7,sil
4.203949928283691,-7,-14,-10,0,5,24,36,7,30,32,-1,1,14,10,sil
4.203949928283691,-7,-16,-10,-13,-5,11,17,2,16,19,-10,-1,5,7,sil
4.219327688217163,0,-15,-10,-26,-6,-3,-9,-4,3,5,-4,3,10,0,sil
4.219327688217163,14,0,2,-17,1,-9,-28,-8,-1,-5,14,19,19,-4,sil
4.2351813316345215,31,25,27,1,9,-5,-21,-6,-10,-7,30,26,14,-1,sil
4.2351813316345215,25,24,26,12,9,0,-6,-6,-12,3,20,11,-2,1,sil
4.250342607498169,2,4,12,18,7,4,-2,-1,2,13,-5,-7,-18,0,sil
4.250342607498169,-10,-11,-6,6,3,3,0,4,18,13,-22,-18,-16,0,sil
4.265942335128784,-11,-18,-19,-21,-8,-5,6,8,26,14,-18,-14,0,6,sil
4.265942335128784,-2,-13,-9,-20,-11,-11,1,8,24,11,2,4,19,12,sil
4.281194686889648,1,-2,1,-1,-1,-15,-13,-3,1,-7,17,9,13,-4,sil
4.281194686889648,-4,4,6,-1,0,-11,-15,-11,-25,-24,6,-5,-14,-20,sil
4.29631781578064,-11,3,2,3,0,4,5,-2,-26,-14,-13,-15,-28,-10,sil
4.29631781578064,-16,-9,-13,8,0,7,14,-2,-18,-6,-27,-20,-33,-4,sil
4.311946153640747,-24,-20,-21,-3,-11,-1,0,-10,-24,-17,-36,-28,-36,-14,sil
4.311946153640747,-16,-12,-18,-8,-15,-2,-2,-1,-14,-13,-25,-16,-8,-5,sil
4.326995849609375,7,1,-1,-1,-2,-1,0,9,5,0,8,17,27,12,sil
4.326995849609375,24,10,13,8,5,0,-2,4,3,-5,22,33,27,12,sil
4.342205047607422,19,22,18,26,11,0,-7,-5,-14,-19,9,17,2,-3,sil
4.342205047607422,5,31,19,31,13,-3,-9,-6,-26,-20,2,-2,-12,-20,sil
4.357345581054688,0,22,8,16,9,6,1,-1,-17,0,9,-7,-7,-14,sil
4.357345581054688,3,9,3,7,10,26,17,5,8,27,15,3,4,14,sil
4.373451232910156,6,0,6,12,7,24,19,9,28,39,9,6,11,29,sil
4.373451232910156,-2,-12,-7,-5,-4,2,10,7,24,19,-4,-7,4,12,sil
4.388265132904053,-7,-23,-22,-32,-8,-6,1,9,24,0,-2,-3,2,1,sil
4.388265132904053,1,-11,-17,-20,-1,0,1,8,36,15,14,21,20,11,sil
4.403416633605957,11,6,0,-2,0,-6,-5,0,18,11,13,27,27,18,sil
4.403416633605957,10,12,7,0,0,-18,-16,-7,-7,-17,3,8,8,4,sil
4.418923377990723,5,12,13,7,1,-10,-6,-6,-11,-20,10,-1,0,-7,sil
4.418923377990723,-4,7,15,10,8,3,7,-1,-13,-9,1,-5,-1,-10,sil
4.435062646865845,-18,-9,-2,2,4,2,8,1,-12,-3,-32,-21,-16,-8,sil
4.435062646865845,-16,-25,-14,-7,-10,-1,5,0,2,15,-31,-27,-12,-3,sil
4.449504137039185,-2,-18,-5,-20,-19,-3,0,-1,8,25,1,-5,9,0,sil
4.449504137039185,3,-5,-4,-21,-16,-12,-16,-5,-2,-3,5,7,10,-2,sil
4.465214490890503,2,0,-1,-8,-8,-18,-27,-8,-12,-28,-6,4,-3,-10,sil
4.481285333633423,12,4,4,0,3,-8,-26,-4,-12,-20,8,5,-5,-10,sil
4.481285333633423,10,12,8,3,13,5,-20,-3,-13,-11,20,7,-7,-7,sil
4.481285333633423,-8,7,6,9,8,15,0,0,-8,-1,2,-2,-12,-4,sil
4.497707366943359,-14,-9,0,9,0,15,24,6,5,21,-4,-13,-11,0,sil
4.497707366943359,-8,-13,-2,3,6,15,31,12,12,26,0,-12,-10,9,sil
4.5136559009552,-6,-2,-9,3,13,18,35,13,17,14,-4,-9,-1,17,sil
4.5136559009552,0,-1,-14,-4,0,3,27,8,20,11,-7,1,7,13,sil
4.52927303314209,7,-4,-7,-23,-14,-15,-3,-2,11,2,5,14,6,0,sil
4.52927303314209,12,8,4,-15,-5,-14,-19,-9,-4,-21,6,14,2,-2,sil
4.545375347137451,13,28,19,12,0,-2,-10,-8,-23,-33,-5,12,2,-3,sil
4.545375347137451,1,23,12,21,-1,0,-4,-8,-26,-17,-6,1,-2,-12,sil
4.560512542724609,-17,-3,-6,2,-1,1,-7,-5,-11,-5,-9,-23,-16,-17,sil
4.560512542724609,-20,-21,-9,0,0,10,2,1,0,0,-23,-32,-22,-13,sil
4.5765767097473145,-5,-16,-6,7,1,6,17,3,6,14,-21,-14,-6,-1,sil
4.5765767097473145,8,-12,-2,-2,-2,-8,1,0,16,9,0,7,16,12,sil
4.592344284057617,14,-9,-1,-6,-7,-12,-17,0,10,-1,19,22,24,11,sil
4.592344284057617,12,10,6,5,2,-3,-17,-1,-7,0,28,26,12,-1,sil
4.607966899871826,14,33,26,14,15,-1,-11,-1,-11,-2,22,22,0,0,sil
4.623328685760498,19,29,31,27,13,0,0,0,0,0,12,11,0,13,sil
4.623328685760498,7,12,15,31,10,15,16,0,0,9,2,0,2,13,sil
4.623328685760498,-13,-6,-12,9,6,22,25,1,2,10,-13,-9,-5,3,sil
4.639643430709839,-17,-20,-23,-15,-8,9,15,7,16,10,-23,-11,-6,4,sil
4.639643430709839,-5,-13,-11,-21,-10,-3,3,13,20,18,-4,-2,10,14,sil
4.653885126113892,3,-6,-14,-18,0,-9,0,8,16,19,18,7,25,15,sil
4.669932126998901,0,-15,-22,-27,-4,-20,-17,-3,3,-3,14,8,15,-4,sil
4.669932126998901,-14,-16,-10,-27,-21,-28,-35,-16,-16,-32,0,-11,-7,-28,sil
4.669932126998901,-23,0,2,-11,-11,-16,-27,-16,-30,-37,-6,-25,-21,-33,sil
4.685062170028687,-11,12,3,0,9,10,-3,-2,-27,-19,-10,-15,-21,-17,sil
4.70032262802124,0,6,0,7,3,18,9,1,-12,1,-12,-11,-15,-1,sil
4.70032262802124,-4,-7,-1,11,-9,5,9,0,2,9,-17,-18,-13,0,sil
4.716230630874634,-6,-14,-5,-2,-2,11,16,12,22,17,-13,-5,-3,4,sil
4.716230630874634,5,-11,-12,-16,4,19,21,17,31,19,2,10,16,21,sil
4.73154616355896,13,-1,-4,-10,4,-1,0,0,15,6,10,16,21,18,sil
4.73154616355896,18,12,3,0,4,-20,-15,-7,0,3,16,21,16,1,sil
4.747324466705322,17,22,12,1,1,-15,-9,-3,-7,4,28,23,14,-4,sil
4.747324466705322,4,21,22,7,0,-8,-7,-9,-15,-15,15,8,-2,-8,sil
4.762369394302368,0,18,21,22,2,-3,-1,-11,-20,-29,-7,-5,-26,-10,sil
4.762369394302368,4,12,20,27,1,6,16,-8,-17,-18,-11,-5,-29,-6,sil
4.777930736541748,-3,0,14,19,0,16,20,-9,-13,-7,-15,-12,-23,-7,sil
4.777930736541748,-9,-7,9,14,0,15,4,1,0,5,-17,-8,-11,0,sil
4.7934184074401855,6,-3,10,15,0,6,0,20,26,32,3,12,20,22,sil
4.7934184074401855,21,0,5,8,0,-2,0,17,37,29,26,24,43,31,sil
4.809008598327637,11,-4,-1,-5,0,-11,-7,4,19,0,16,12,30,15,sil
4.809008598327637,0,-11,-16,-14,-5,-11,-6,0,8,-9,-4,0,12,1,sil
4.824063539505005,-2,-7,-18,-16,-1,-8,-5,-5,-4,-8,-1,2,4,-8,sil
4.824063539505005,-4,5,3,-8,7,-4,-15,-10,-27,-11,11,5,-7,-15,sil
4.8399412631988525,-7,0,2,2,3,4,-12,-3,-27,-5,0,-15,-18,-8,sil
4.8399412631988525,-11,-17,-16,0,0,17,2,7,-9,2,-21,-31,-18,0,sil
4.855326890945435,-17,-13,-21,0,7,17,18,10,0,4,-20,-20,-14,-1,sil
4.855326890945435,-21,-3,-14,-1,11,10,24,2,1,5,-9,-12,-15,-6,sil
4.871237277984619,-12,-7,-11,-7,1,7,18,2,12,9,-10,-12,-4,-2,sil
4.871237277984619,-1,-9,-17,-8,-7,0,7,7,23,17,-11,-4,10,8,sil
4.886106014251709,0,-2,-11,-15,-4,-10,-6,3,23,11,-1,5,9,6,sil
4.886106014251709,2,6,-2,-18,0,-12,-11,-2,14,-2,11,10,5,-4,sil
4.902143478393555,10,14,1,-7,-2,-9,-11,-6,0,-18,14,14,4,-11,sil
4.902143478393555,6,16,5,-8,-5,-12,-16,-12,-16,-22,14,16,-3,-13,sil
4.91781759262085,0,15,6,-9,-4,-16,-15,-8,-15,-6,15,7,-9,-8,sil
4.91781759262085,0,12,13,4,-1,-3,-8,0,-13,-1,0,-3,-14,-6,sil
4.933600664138794,0,2,13,8,0,12,0,-7,-19,-10,-14,-11,-14,-11,sil
4.933600664138794,-8,-11,-1,-9,-8,8,9,-12,-17,-5,-15,-13,-6,-7,sil
4.948977470397949,-12,-18,-5,-12,-14,5,15,-2,-7,8,-13,-11,-1,8,sil
4.948977470397949,1,-11,4,10,-4,13,18,7,10,25,-3,-1,9,24,sil
4.9642627239227295,18,-1,12,15,2,1,8,8,21,25,0,10,23,27,sil
4.9642627239227295,17,-2,4,1,-4,-14,-6,4,15,0,0,12,18,17,sil
4.980243682861328,15,-1,0,1,-6,-13,-15,0,2,-12,8,15,11,12,sil
4.980243682861328,18,9,13,10,6,-6,-20,0,-6,-11,21,21,18,7,sil
4.995276689529419,11,20,19,21,16,-1,-21,0,-7,-19,19,12,13,-9,sil
4.995276689529419,1,15,13,23,14,-5,-18,-5,-4,-16,16,4,0,-18,sil
5.011142015457153,-3,4,5,14,11,-5,-10,-4,-6,-4,13,0,-7,-13,sil
5.011142015457153,-10,4,0,11,10,12,5,0,-5,-4,3,-14,-14,-14,sil
5.026643514633179,-11,7,5,21,9,28,24,8,8,10,3,-12,-6,-5,sil
5.026643514633179,-6,4,9,27,8,19,30,11,18,34,9,2,6,12,sil
5.042280912399292,-9,0,0,16,9,13,19,4,3,20,-2,-4,-6,5,sil
5.042280912399292,-9,-8,-13,0,0,11,15,4,-1,1,-17,-12,-20,0,sil
5.058199167251587,4,-12,-14,-9,-12,-6,18,13,18,6,-15,0,-4,14,sil
5.058199167251587,7,-11,-7,-18,-14,-20,7,10,23,5,-15,4,3,12,sil
5.074298620223999,0,-16,-14,-29,-20,-21,-6,-2,9,-8,-16,0,0,-3,sil
5.074298620223999,5,-19,-8,-33,-24,-24,-17,-11,-7,-21,-9,8,-2,-6,sil
5.090393781661987,10,-6,0,-24,-12,-22,-19,-11,-23,-27,-4,9,-5,-5,sil
5.090393781661987,0,3,-11,-18,0,-5,-14,-11,-28,-18,0,1,0,-5,sil
5.105917930603027,-6,5,-1,-17,0,9,-13,-8,-22,-12,8,3,7,-3,sil
5.105917930603027,-7,5,7,-7,3,9,-10,-2,-6,-5,3,0,0,-9,sil
5.121954679489136,-8,8,-8,2,11,8,2,0,5,13,-8,-16,-10,-13,sil
5.121954679489136,-5,10,-9,5,15,23,17,3,9,30,-6,-17,0,-1,sil
5.1379945278167725,-5,0,-6,6,19,33,22,2,12,31,-1,-14,8,9,sil
5.1379945278167725,-15,-12,-20,-4,19,17,16,1,8,19,-14,-27,-1,3,sil
5.153509140014648,-25,-16,-37,-26,2,-2,7,2,5,11,-29,-39,-11,-5,sil
5.153509140014648,-21,-18,-30,-37,-11,-7,-2,2,8,3,-14,-20,-3,0,sil
5.168945550918579,0,-4,0,-21,-1,-7,-7,4,12,-5,18,12,12,7,sil
5.168945550918579,16,13,17,0,4,-18,-10,0,0,-17,23,15,13,0,sil
5.185575723648071,2,14,16,7,-8,-22,-22,-11,-26,-29,2,1,-11,-15,sil
5.185575723648071,0,15,20,34,-9,-1,-5,-6,-23,-15,2,4,-19,-13,sil
5.201184988021851,16,17,33,58,1,14,21,6,3,11,18,19,6,9,sil
5.201184988021851,15,3,29,37,-6,1,9,7,11,9,16,31,20,23,sil
5.216397762298584,14,-1,12,17,-17,-14,-15,-1,8,-3,10,36,15,20,sil
5.216397762298584,28,5,19,17,-10,-18,-22,-10,3,-6,25,40,23,12,sil
5.2321648597717285,26,8,24,11,-7,-16,-30,-11,-14,-16,36,37,18,2,sil
5.2321648597717285,4,8,12,13,-9,-8,-28,-7,-33,-27,13,14,-12,-11,sil
5.247347116470337,-4,1,9,24,0,9,-5,-3,-23,-8,-9,-10,-25,-12,sil
5.247347116470337,2,-8,6,17,4,13,14,3,3,20,-9,-17,-5,7,sil
5.262998104095459,11,-8,-1,-1,4,0,14,14,22,18,-7,-7,8,17,please
5.262998104095459,13,0,-7,-12,11,-5,6,15,30,9,-5,0,13,2,please
5.278198719024658,7,4,-7,-18,15,0,0,9,21,7,5,0,7,-10,please
5.278198719024658,-10,10,-2,-20,14,3,2,7,-2,-5,0,-11,-9,-12,please
5.29341459274292,-29,3,-6,-16,15,11,24,4,-9,-11,-20,-23,-14,-7,please
5.29341459274292,-27,-12,-15,-21,10,22,34,-1,4,3,-27,-17,-5,6,please
5.309002876281738,-14,-17,-19,-20,5,28,30,-3,14,17,-16,-12,-3,8,please
5.309002876281738,-16,-4,-15,0,10,23,25,-2,1,7,-16,-23,-13,-10,please
5.325086832046509,-27,-3,-17,3,9,14,13,0,-9,0,-31,-36,-23,-19,please
5.325086832046509,-25,-24,-34,-22,-9,3,0,0,6,10,-37,-38,-23,-11,please
5.340922594070435,-8,-24,-30,-24,-21,-8,-5,-3,15,9,-19,-22,-10,-6,please
5.340922594070435,4,-1,-6,1,-18,-10,-6,-2,5,5,12,7,13,1,please
5.35600209236145,8,0,-5,-3,-17,-12,-18,0,3,13,33,26,34,14,please
5.372039079666138,8,-13,-6,-27,-14,-20,-28,2,0,2,24,23,27,11,please
5.372039079666138,9,-7,-6,-22,-8,-15,-15,0,-1,-22,8,11,8,0,please
5.372039079666138,4,3,-3,-10,-4,-11,-7,-6,-8,-22,7,13,0,-3,please
5.387930870056152,0,12,12,0,3,-19,-10,-9,-26,-14,15,22,-2,-8,please
5.387930870056152,2,20,23,14,5,-16,-5,-8,-28,-18,15,13,-11,-14,please
5.402961254119873,17,25,22,14,0,-2,-8,-9,-16,-23,15,9,-5,-8,please
5.402961254119873,26,28,24,22,4,-6,-17,-9,-15,-17,19,18,3,-1,please
5.418158292770386,13,26,33,33,12,-7,-10,-4,-21,-11,6,11,-11,-2,please
5.433608770370483,3,17,34,27,6,11,4,2,-11,7,-12,-1,-22,8,please
5.433608770370483,14,5,24,30,7,24,15,8,8,33,-8,2,-2,24,please
5.448921203613281,12,-4,15,32,8,15,13,9,11,24,-3,1,8,19,please
5.448921203613281,-10,-13,-1,11,1,15,9,6,4,8,-17,-19,0,12,please
5.4643874168396,-16,-11,-13,-3,3,22,12,6,15,16,-15,-18,5,21,please
5.4643874168396,-2,-11,-11,-3,0,7,9,10,32,21,0,-1,16,17,please
5.480312347412109,-2,-18,-20,-13,-12,-10,-6,10,32,7,-4,-3,14,5,please
5.480312347412109,-7,-22,-25,-29,-15,-6,-13,4,20,-1,-6,0,11,-3,please
5.4960126876831055,-5,-14,-18,-27,-9,-10,-6,-1,9,-4,5,10,12,-13,please
5.4960126876831055,-6,0,-17,-13,-7,-24,-16,-6,-6,-15,11,2,7,-25,please
5.511195421218872,-3,5,-7,-11,0,-16,-27,-3,-10,-24,14,-1,0,-25,please
5.511195421218872,5,8,3,-8,8,-6,-10,-2,1,-7,21,10,0,-14,please
5.526476860046387,4,16,10,5,17,-8,4,-8,-6,0,14,9,0,-6,please
5.526476860046387,0,18,13,16,12,6,9,-10,-25,-9,1,-8,-10,-9,please
5.541929483413696,-4,6,9,14,0,26,23,-3,-23,-6,-7,-18,-21,-7,please
5.541929483413696,-15,-6,-2,10,3,27,39,1,-17,-6,-23,-18,-24,0,please
5.55721116065979,-19,-15,-12,1,3,19,37,7,-7,-3,-31,-19,-17,1,please
5.55721116065979,-8,-19,-2,-8,-10,16,28,14,13,21,-14,-8,-5,7,please
5.573293924331665,1,-13,2,-1,-9,11,20,8,21,25,-3,-1,0,14,please
5.573293924331665,6,-1,-4,5,3,-2,1,-1,10,0,-19,-7,-4,11,please
5.58895754814148,11,0,-2,-5,0,-9,-14,0,13,8,-21,0,0,8,please
5.58895754814148,15,2,2,-11,-8,-1,-8,5,31,30,8,19,14,11,please
5.60398006439209,12,8,2,-11,-5,-5,-10,2,28,5,27,21,18,5,please
5.60398006439209,4,0,-4,-17,0,-19,-22,-3,8,-20,13,9,11,0,please
5.619168519973755,2,-5,-9,-16,2,-20,-22,-7,-4,-13,1,4,6,0,please
5.619168519973755,5,9,2,-3,5,-13,-18,-6,-7,-3,14,13,9,-3,please
5.635274887084961,5,15,8,3,6,-10,-17,-6,-10,-3,28,21,14,0,please
5.635274887084961,2,7,4,-5,6,-13,-19,-11,-26,-8,23,9,8,-2,please
5.651052236557007,-5,7,5,0,5,-14,-20,-14,-42,-16,4,-9,-7,-16,please
5.651052236557007,-14,10,4,23,0,-1,-8,-4,-35,-20,-8,-13,-12,-14,please
5.666195392608643,-14,1,5,22,0,7,2,3,-20,-15,-12,-11,-7,-2,please
5.666195392608643,-8,-7,1,9,-11,0,-3,-2,-23,-1,-17,-17,-11,-5,please
5.682214260101318,-7,-6,2,12,-22,-3,-5,-6,-33,2,-24,-13,-18,-8,please
5.682214260101318,-6,0,0,13,-12,9,12,9,-11,5,-20,-6,-13,0,please
5.698019981384277,-2,-2,-8,3,3,18,22,16,22,11,-6,-5,-2,8,please
5.698019981384277,0,-9,-4,2,7,22,16,8,27,8,0,3,2,8,please
5.713054180145264,0,-12,-1,4,1,22,22,9,23,14,-1,2,3,7,sil
5.713054180145264,-1,-18,-11,-10,-1,11,25,13,26,22,0,-11,0,5,sil
5.7282326221466064,0,-11,-8,-17,-2,6,14,7,28,11,1,-7,-4,5,sil
5.7282326221466064,12,11,3,-2,0,4,6,0,26,0,5,10,-1,10,sil
5.744330644607544,26,20,12,1,3,0,0,-1,13,-2,18,24,9,14,sil
5.744330644607544,24,8,5,-4,6,-7,-4,-3,11,1,30,29,21,12,sil
5.760188817977905,14,0,-1,-11,5,-16,-15,-1,16,2,14,18,21,1,sil
5.760188817977905,4,-3,-2,-19,-1,-22,-22,0,3,-10,-7,3,12,-9,sil
5.775216579437256,-3,0,-4,-17,-1,-15,-16,-8,-10,-24,0,0,5,-15,sil
5.775216579437256,-7,16,4,0,6,-7,-12,-12,-13,-19,7,0,-4,-18,sil
5.791050672531128,-12,20,6,11,4,-8,-13,-6,-23,-9,-6,-13,-16,-19,sil
5.791050672531128,-19,3,-5,2,0,-1,-1,0,-25,-5,-12,-27,-17,-14,sil
5.807156324386597,-12,-4,2,4,5,18,16,3,1,15,1,-15,0,0,sil
5.807156324386597,3,-2,13,19,10,24,24,5,21,39,5,6,12,14,sil
5.822360515594482,-2,-7,5,11,4,11,18,2,8,25,-9,6,3,15,sil
5.822360515594482,-21,-21,-14,-9,-4,4,9,0,0,0,-26,-15,-14,0,sil
5.837972402572632,-15,-32,-26,-26,-20,-5,-8,-3,-5,-9,-34,-21,-17,-10,sil
5.837972402572632,2,-21,-10,-29,-23,-22,-25,-8,-16,-19,-13,4,-4,-7,sil
5.853177070617676,5,9,8,0,1,-11,-11,-4,-11,-11,22,21,8,0,sil
5.853177070617676,4,27,16,32,18,9,5,1,-5,1,24,10,7,0,sil
5.8685266971588135,14,21,15,33,8,3,3,0,-13,-5,10,1,-2,4,sil
5.8685266971588135,17,15,12,24,8,1,7,-5,-13,-7,13,7,0,15,sil
5.885440826416016,4,5,8,16,10,16,16,-3,-5,14,3,1,7,15,sil
5.885440826416016,-2,-12,-5,0,-4,6,15,7,1,22,-15,-17,3,5,sil
5.899573564529419,-1,-20,-16,-16,-13,-9,9,14,12,0,-9,-13,-2,4,sil
5.9152021408081055,0,-16,-15,-21,-9,-3,1,11,23,-5,-1,3,2,7,sil
5.9152021408081055,5,-6,-4,-10,-7,-2,-11,3,13,2,0,10,12,-4,sil
5.9152021408081055,4,7,6,-3,-2,-9,-23,0,-6,-11,19,14,9,-15,sil
5.931181192398071,-1,18,3,-5,3,-6,-26,-5,-8,-26,24,11,-4,-12,sil
5.931181192398071,0,22,14,10,8,0,-16,-13,-10,-13,1,0,-14,-6,sil
5.946349859237671,10,13,25,31,7,5,9,-6,-6,1,-4,-4,-9,1,sil
5.946349859237671,1,-11,-1,8,-6,6,16,6,9,5,-5,-9,-9,6,sil
5.962344408035278,-19,-25,-28,-29,-21,0,-2,7,10,4,-27,-19,-21,-6,sil
5.962344408035278,-17,-11,-22,-25,-20,-2,-6,0,0,6,-26,-13,-11,-7,sil
5.9779462814331055,0,1,-8,-10,-5,-8,0,0,0,2,2,8,10,10,sil
5.993332624435425,1,0,-4,-14,3,-14,-8,0,-2,-4,12,15,12,9,sil
5.993332624435425,-3,0,-4,-11,6,-11,-15,-3,0,-6,10,13,12,-2,sil
6.008495092391968,1,8,2,-1,11,-5,-12,-3,4,-7,16,14,20,-3,sil
6.008495092391968,5,16,4,8,13,-2,-7,-6,-4,-9,11,6,6,-8,sil
6.030415296554565,-1,11,9,12,9,8,-1,-5,-13,0,-2,0,-10,-11,sil
6.031415700912476,-5,3,13,15,11,19,13,0,-2,17,-3,-1,-5,0,sil
6.031415700912476,-3,1,2,19,11,15,30,0,6,23,-4,-10,-2,4,sil
6.041016817092896,-9,-3,-3,4,-1,12,30,1,3,14,-16,-21,-14,1,sil
6.056412696838379,-15,-19,-10,-16,-12,11,26,7,7,7,-22,-21,-11,3,sil
6.056412696838379,-7,-23,-13,-13,-7,3,16,2,11,1,-16,-15,1,7,sil
6.071994781494141,11,-4,-1,4,5,-2,3,0,16,4,-3,-3,14,13,sil
6.071994781494141,22,14,8,9,10,0,-1,8,25,17,12,7,24,15,sil
6.087617635726929,18,5,5,-8,0,0,-11,10,20,9,22,13,19,3,sil
6.087617635726929,12,-8,0,-19,-5,-9,-15,3,2,-17,14,9,3,-10,sil
6.103180646896362,5,9,8,0,0,-12,-13,-6,-20,-28,0,0,-8,-18,sil
6.103180646896362,0,20,22,18,4,0,-17,-18,-38,-25,-5,-10,-20,-16,sil
6.118257522583008,-2,-4,7,11,-1,11,-6,-12,-27,-14,-13,-15,-23,-5,sil
6.118257522583008,-6,-18,-6,0,-4,10,21,7,-2,7,-18,-5,-14,2,sil
6.134363412857056,-5,-6,-1,9,-3,11,25,13,10,24,-4,4,-2,10,sil
6.134363412857056,0,-7,0,4,-5,0,0,5,11,7,12,11,9,17,sil
6.149478912353516,4,-7,-2,-15,-8,-25,-20,2,2,-17,17,24,16,9,sil
6.149478912353516,1,9,1,-2,-5,-33,-22,-4,-9,-17,25,28,12,0,sil
6.165383338928223,-3,19,11,16,1,-11,-22,-14,-21,-7,28,15,-1,-7,sil
6.165383338928223,-5,14,10,16,0,8,-15,-12,-28,-3,10,2,-12,-15,sil
6.18032169342041,-5,6,2,20,-4,10,2,-4,-21,-1,-2,4,-9,-8,sil
6.18032169342041,-7,-4,-2,17,-4,5,15,0,0,2,2,4,0,8,sil
6.198946475982666,0,-9,-11,-1,-3,5,18,2,19,13,3,0,7,13,sil
6.198946475982666,3,-4,-7,-16,-4,0,9,6,21,12,-3,2,12,15,sil
6.210974216461182,3,-5,-1,-13,-7,-19,-10,6,14,0,-9,5,16,13,sil
6.210974216461182,7,-5,-9,-10,-4,-25,-25,5,12,-1,-12,-1,13,-5,sil
6.226380825042725,6,0,-12,-20,1,-11,-15,4,7,0,-6,-6,5,-18,sil
6.226380825042725,0,5,-6,-23,3,0,0,0,0,-2,0,-9,-1,-11,sil
6.242393970489502,1,15,4,-1,8,11,3,-4,-8,-4,-7,-16,-11,-10,sil
6.242393970489502,0,12,6,19,19,24,10,0,-8,-6,-20,-23,-20,-17,sil
6.258267879486084,-20,-4,-14,1,21,24,11,0,-5,-8,-29,-37,-28,-15,sil
6.258267879486084,-36,-16,-31,-26,9,14,6,1,0,-8,-41,-46,-32,-7,sil
6.273157835006714,-20,-13,-20,-16,1,15,25,13,20,10,-34,-28,-15,10,sil
6.273157835006714,13,-3,3,10,5,17,35,19,40,38,-2,7,17,33,sil
6.289212942123413,21,0,0,8,2,0,8,5,28,33,19,27,31,28,sil
6.289212942123413,9,-5,-10,-16,-2,-16,-14,-9,2,0,19,18,15,0,sil
6.305436134338379,5,4,18,-7,4,-6,-7,-11,-15,-10,18,10,-2,-21,sil
6.305436134338379,3,27,33,32,15,13,14,-6,-12,8,17,12,-6,-14,sil
6.321241855621338,7,3,-1,10,7,6,24,-3,0,10,3,7,-2,5,sil
6.321241855621338,11,-36,-18,-47,-17,-18,-2,-4,-2,-13,-2,-10,0,5,sil
6.336173057556152,-2,-19,4,-33,-29,-27,-39,-9,-27,-28,14,-8,8,-5,sil
6.336173057556152,-4,23,39,18,-12,-15,-41,-8,-34,-23,33,22,12,-1,sil
6.351642847061157,6,23,38,38,-1,-1,-9,3,-5,0,24,28,7,4,sil
6.351642847061157,-7,-3,4,23,-9,9,12,14,19,29,0,2,2,7,sil
6.36745023727417,-20,-16,-17,-5,-20,4,1,5,14,24,-3,4,7,5,sil
6.36745023727417,0,-4,-8,-7,-27,-17,-20,-13,-17,-13,14,23,6,-8,sil
6.383338451385498,12,20,20,23,-12,-11,-29,-17,-51,-46,2,11,-15,-20,sil
6.383338451385498,0,22,21,38,22,18,-5,-7,-38,-33,-25,-12,-26,-3,sil
6.398897409439087,-7,-2,-7,14,29,21,24,5,11,6,-17,-11,-4,16,sil
6.398897409439087,1,-15,-14,-2,8,2,32,16,41,26,0,0,14,20,sil
6.414287090301514,9,-5,-2,-4,-3,-8,13,11,36,15,-8,-1,13,14,sil
6.414287090301514,4,0,-4,-8,-4,-19,-8,-2,15,-2,-2,3,8,4,sil
6.430155754089356,7,-1,-15,-7,2,-17,-10,0,2,-4,17,12,7,-5,sil
6.430155754089356,11,1,-7,-5,8,-5,-8,0,0,-11,10,3,-1,-12,sil
6.44638729095459,0,11,2,-4,3,0,-15,-6,-7,-25,-6,-9,-23,-14,sil
6.44638729095459,-9,14,-2,5,7,5,0,0,-13,-17,-6,-15,-29,-9,sil
6.461862087249756,-6,1,-1,11,10,22,22,15,-12,5,-7,-17,-16,-4,sil
6.461862087249756,-9,-13,-5,0,8,27,28,11,-3,22,-17,-18,-5,0,sil
6.477456331253052,-14,-13,-17,-14,0,16,18,1,16,26,-16,-16,-2,6,sil
6.477456331253052,-5,-5,-9,-13,-18,2,5,2,31,25,-5,-9,4,4,sil
6.492992639541626,5,-8,-6,-11,-23,-6,2,1,29,21,1,0,15,0,sil
6.492992639541626,6,-8,-8,-20,4,-4,2,1,28,8,8,9,19,4,sil
6.508249282836914,9,3,0,-14,22,0,-5,5,24,3,17,15,25,12,sil
6.508249282836914,15,9,4,-1,11,-14,-22,-5,-6,2,12,11,21,3,sil
6.523703336715698,4,3,4,-6,0,-29,-31,-22,-49,-17,2,4,0,-13,sil
6.523703336715698,-5,7,10,-1,0,-12,-22,-21,-57,-31,9,5,-7,-13,sil
6.538985013961792,-2,17,19,19,2,9,-2,-11,-33,-16,10,7,-7,-4,sil
6.538985013961792,-5,9,11,27,4,10,12,-3,-7,1,-8,-6,-17,-4,sil
6.55436110496521,-17,-10,-6,18,-7,11,12,3,5,7,-18,-20,-19,-2,sil
6.55436110496521,-19,-21,-8,-2,-20,19,7,5,15,9,-16,-13,-7,2,sil
6.570080995559692,-10,-22,-11,-19,-18,7,12,9,30,21,-14,-4,3,7,sil
6.570080995559692,0,-14,-7,-13,-7,-11,9,14,27,27,-2,3,16,19,sil
6.58620548248291,13,-3,6,-1,0,-14,-4,11,4,5,6,12,22,22,sil
6.58620548248291,12,0,2,-15,-3,-16,-12,2,-13,-34,0,9,5,0,sil
6.602301836013794,0,3,-1,-23,-1,-17,-9,-2,-24,-49,1,8,-13,-18,sil
6.602301836013794,6,17,15,8,11,0,0,-8,-23,-28,8,9,-12,-18,sil
6.617954730987549,10,25,24,31,17,15,5,-12,-13,-12,0,1,-15,-16,sil
6.617954730987549,-6,21,15,17,13,15,2,-4,-5,-7,2,2,-20,-9,sil
6.633480310440064,-6,14,8,13,9,15,3,1,0,3,10,4,-4,7,sil
6.633480310440064,5,-5,1,11,-2,13,4,2,3,8,-8,-14,0,7,sil
6.650018930435181,-5,-26,-15,-3,-12,1,1,5,13,8,-26,-26,-9,0,sil
6.650018930435181,-9,-12,-17,-4,-7,-8,3,8,22,19,-12,-5,0,8,sil
6.666181325912476,13,4,-2,4,0,-6,9,12,24,32,12,12,25,19,sil
6.666181325912476,19,-4,-1,2,3,0,5,12,20,24,28,11,30,14,sil
6.681437969207764,2,-6,-4,0,4,-1,-6,0,11,3,29,14,23,3,sil
6.681437969207764,2,2,-6,0,-2,-5,-7,-11,7,6,17,19,24,4,sil
6.697240114212036,10,0,-7,-11,-7,-7,-13,-9,-4,5,11,15,16,5,sil
6.697240114212036,1,4,5,-9,2,-12,-22,-5,-19,-10,16,9,0,-1,sil
6.712385177612305,-6,24,13,14,14,-3,-6,-5,-4,3,18,1,-1,-9,sil
6.712385177612305,-13,19,7,8,6,4,-1,-5,-1,3,0,-15,-15,-18,sil
6.728121280670166,-22,-4,-4,-15,-13,-6,-18,-12,-30,-41,-32,-42,-49,-35,sil
6.728121280670166,-18,-6,-7,-4,-11,-5,-10,-16,-31,-42,-49,-41,-54,-34,sil
6.744169473648071,-8,0,-4,5,4,14,12,-3,-8,0,-36,-10,-23,-5,sil
6.744169473648071,-5,-11,-13,-9,0,12,21,9,0,6,-22,0,-1,10,sil
6.759346723556519,0,-16,-8,-10,-4,1,29,13,5,-1,-22,-8,0,9,sil
6.759346723556519,6,-11,-2,1,-2,7,27,14,16,11,-23,-5,2,11,sil
6.7756102085113525,2,-19,-10,-13,-14,1,4,13,19,8,-9,5,13,14,sil
6.7756102085113525,9,-15,-1,-23,-14,-11,-2,10,20,-1,12,20,27,16,sil
6.791150331497192,29,7,16,0,2,-10,0,3,16,5,30,34,33,20,sil
6.791150331497192,20,9,10,3,2,-12,-17,-3,-4,3,34,27,22,9,sil
6.807228803634644,0,0,-3,-11,0,-12,-18,-2,-9,-1,32,9,12,-8,sil
6.807228803634644,1,8,1,-2,14,6,3,-3,4,1,34,3,9,-8,sil
6.823338508605957,10,23,21,20,23,17,4,-6,0,-1,28,10,2,0,sil
6.823338508605957,0,16,20,38,15,10,-4,-6,-13,6,10,3,-3,6,sil
6.838967800140381,-17,-8,1,26,9,12,3,-4,0,25,0,-10,-5,6,sil
6.838967800140381,-22,-20,-14,0,3,17,18,-1,10,20,-9,-17,-15,-1,sil
6.8545215129852295,-19,-8,-17,-2,0,12,21,5,6,0,-43,-23,-28,-9,sil
6.8545215129852295,-13,-2,-6,0,-2,5,13,12,9,0,-52,-20,-17,0,sil
6.870114326477051,-2,-7,-7,-17,-10,-6,-1,5,8,3,-6,-4,9,6,sil
6.870114326477051,1,0,-5,-16,-12,-18,-24,-6,-9,-4,22,5,14,-9,sil
6.886315822601318,7,20,15,7,-1,-11,-26,-5,-12,-11,18,11,8,-16,sil
6.886315822601318,25,34,26,15,0,-6,-16,-5,-7,-12,25,22,13,0,sil
6.902325391769409,29,24,19,5,-3,-12,-16,-12,-24,-24,18,22,2,2,sil
6.902325391769409,11,5,7,3,-1,-8,-10,-8,-28,-29,-3,5,-10,-8,sil
6.917950868606567,-2,3,2,0,0,-5,-8,-1,-16,-16,-6,-2,-2,-7,sil
6.917950868606567,-4,4,4,3,-4,-7,-11,-5,-12,-2,-6,-6,-4,-5,sil
6.933050870895386,-8,-6,2,15,-1,4,6,0,-4,0,-22,-12,-20,-6,please
6.933050870895386,-19,-24,-11,0,-2,11,15,11,5,0,-28,-19,-22,0,please
6.948385238647461,-28,-34,-37,-25,-14,0,4,3,7,7,-28,-32,-18,0,please
6.948385238647461,-16,-25,-30,-19,-8,4,12,-1,13,7,-28,-27,-15,2,please
6.964049816131592,8,-9,-2,-3,5,14,24,12,31,3,-18,-2,0,13,please
6.964049816131592,10,-7,-8,-13,-2,-1,5,9,29,9,-4,3,8,12,please
6.979184865951538,-3,-7,-20,-30,-12,-17,-17,-5,0,0,5,1,0,-2,please
6.979184865951538,1,0,-5,-21,-1,-13,-11,0,-10,-16,15,13,3,-7,please
6.995270252227783,18,7,9,0,7,-10,0,6,2,-8,23,23,19,0,please
7.011380434036255,21,16,22,9,8,-4,2,4,13,13,34,29,24,9,please
7.011380434036255,9,24,16,8,12,2,3,0,10,11,40,24,19,5,please
7.011380434036255,-4,20,9,15,11,5,1,-2,-3,1,25,3,12,-5,please
7.026951551437378,-7,11,14,24,5,20,12,3,-2,36,14,-6,9,0,please
7.026951551437378,-1,0,10,14,6,38,31,10,20,58,17,3,13,16,please
7.042985439300537,-7,-11,-3,1,4,30,31,3,17,9,0,-7,0,7,please
7.042985439300537,-16,-13,-9,7,-1,13,17,-3,0,-13,-30,-35,-18,-7,please
7.058140993118286,-5,-6,-5,2,4,2,3,-1,0,18,-23,-19,-10,-4,please
7.058140993118286,8,-2,-5,-5,13,-9,-6,0,10,17,-4,12,9,4,please
7.073675632476807,7,-9,-2,-3,3,-20,-17,0,4,-13,-2,12,10,1,please
7.073675632476807,5,-8,-1,-9,-6,-19,-32,-10,-14,-17,-5,2,4,-7,please
7.088369369506836,4,4,-8,-10,-6,-20,-41,-20,-30,-22,-7,1,-4,-11,please
7.105468034744263,0,9,1,-2,-12,-29,-36,-12,-31,-42,0,7,-15,-11,please
7.105468034744263,1,6,14,1,-14,-25,-21,-3,-24,-35,13,14,-10,-4,please
7.105468034744263,0,12,6,14,0,-4,-7,-6,-28,-16,4,-2,-14,-1,please
7.120001554489136,-11,8,3,22,4,14,6,-2,-32,-17,-17,-25,-29,-4,please
7.135014772415161,-9,-17,0,1,-5,23,26,8,-7,-12,-19,-18,-19,0,please
7.135014772415161,-1,-26,-6,-11,-9,15,22,8,10,1,-12,-3,0,9,please
7.150355100631714,2,-8,-7,1,-6,-2,4,5,13,7,-14,-2,5,7,please
7.150355100631714,9,6,-7,-1,-2,-14,0,12,22,1,-2,12,15,6,please
7.166080713272095,18,15,0,-11,0,-13,-2,8,19,-6,19,27,21,6,please
7.166080713272095,13,22,11,0,-4,-6,-4,-1,0,-6,19,12,9,-3,please
7.181578636169434,-2,16,15,3,-1,0,3,-1,-1,2,4,-2,-4,-5,please
7.181578636169434,-8,7,11,0,9,12,11,-1,7,9,2,-2,-10,1,please
7.197288990020752,-6,-1,-1,3,11,23,16,0,10,18,-4,-13,-8,2,please
7.197288990020752,-12,-20,-12,-4,4,21,15,10,20,28,-17,-17,0,0,please
7.213089227676392,-5,-17,-11,-16,0,0,-3,10,25,28,2,8,14,4,please
7.213089227676392,15,14,11,1,4,-7,-17,-5,3,10,32,27,16,2,please
7.228017330169678,13,19,22,22,13,12,1,-3,-9,5,26,11,4,0,please
7.228017330169678,-6,-8,0,13,9,17,14,0,0,16,4,-4,0,3,please
7.24317193031311,-11,-21,-12,-7,-2,0,0,-8,0,8,-8,-10,0,0,please
7.24317193031311,-10,-13,-16,-9,0,-3,-1,-9,-7,0,-17,-16,-2,-6,please
7.258312702178955,-13,-8,-22,-11,3,0,4,0,-1,3,-13,-11,-3,-5,please
7.258312702178955,-5,-7,-17,-18,-11,-10,-5,2,6,-7,-2,-1,-4,-1,please
7.274297475814819,0,-7,-16,-20,-19,-18,-9,0,7,-20,-7,-3,-8,-8,please
7.274297475814819,2,4,-10,-13,-5,-13,-10,-2,-5,-21,-8,-3,-3,-16,please
7.289913892745972,5,25,12,12,10,0,-11,-6,-13,-15,4,0,0,-12,please
7.289913892745972,3,24,26,35,13,11,-1,0,-5,0,4,-2,-9,1,please
7.305542707443237,0,-3,10,18,1,7,13,7,3,12,-11,-3,-6,11,please
7.305542707443237,1,-19,-11,-5,-9,-2,12,4,8,2,-15,-5,2,7,please
7.321001052856445,-2,-13,-10,-13,-10,-4,0,0,4,-9,-5,-8,4,0,please
7.321001052856445,-11,-15,-13,-25,-15,-15,-9,0,-5,-20,-4,-8,3,-4,please
7.337039470672607,-3,-20,-17,-34,-19,-28,-14,-8,-17,-31,-4,-2,2,-6,please
7.337039470672607,13,1,7,-9,-5,-16,-11,-7,-19,-19,13,16,4,-5,please
7.35286545753479,17,28,29,32,9,2,-3,1,-12,2,30,27,9,1,please
7.35286545753479,10,30,34,39,14,7,-4,1,-14,0,23,20,6,9,please
7.368947505950928,8,22,31,29,21,17,0,0,-11,2,12,14,2,13,sil
7.368947505950928,9,9,16,29,20,32,15,3,6,26,0,5,0,16,sil
7.38547945022583,6,-3,4,22,7,29,22,10,17,29,-9,-1,-1,16,sil
7.38547945022583,7,1,2,6,0,9,17,10,24,19,1,8,10,18,sil
7.400933742523193,2,1,-3,-10,0,-6,10,6,24,20,11,13,17,17,sil
7.400933742523193,-1,-11,-14,-19,-6,-17,-1,2,9,15,7,7,10,6,sil
7.416341304779053,1,-2,-2,-10,-4,-16,-10,-2,-8,-10,11,7,0,-4,sil
7.416341304779053,-9,10,10,-2,9,5,0,-1,-8,-20,0,-2,-16,-12,sil
7.4323883056640625,-23,-8,-9,-7,7,18,17,3,11,3,-18,-30,-22,-12,sil
7.4323883056640625,-13,-27,-28,-23,-16,-6,0,1,17,6,-19,-31,-11,-9,sil
7.4479711055755615,-7,-21,-24,-42,-27,-30,-27,-4,-2,-27,-26,-12,-17,-20,sil
7.4479711055755615,-16,-1,-15,-25,-9,-15,-22,-6,-16,-34,-29,-10,-26,-30,sil
7.463381052017212,-16,7,-1,16,3,11,4,-7,-11,-3,-2,-10,-10,-15,sil
7.463381052017212,-10,-14,-11,10,-4,14,20,-6,2,18,0,-10,2,3,sil
7.479320287704468,0,-21,-19,-15,-6,-3,4,-4,9,5,-10,-4,2,-1,sil
7.479320287704468,14,22,5,10,8,-9,-17,-4,-2,-11,13,8,7,-10,sil
7.494357109069824,7,37,18,37,15,7,-13,-7,-20,0,22,6,7,-1,sil
7.494357109069824,-2,-4,0,9,4,16,6,-1,-14,18,-8,-7,-1,3,sil
7.51016640663147,0,-22,-11,-16,-6,2,13,8,12,15,-9,-5,4,4,sil
7.51016640663147,13,1,5,-13,-4,-11,-6,3,14,-2,20,15,22,10,sil
7.526180267333984,28,27,36,12,10,-7,-16,-6,-5,-8,29,26,21,14,sil
7.526180267333984,26,27,36,34,17,7,3,0,-8,7,8,13,6,11,sil
7.541506290435791,-4,-3,8,9,6,10,10,11,-1,11,-14,2,-2,12,sil
7.541506290435791,-20,-32,-14,-24,-6,0,-5,5,4,0,-20,0,1,14,sil
7.557310342788696,1,-13,-10,-19,-6,-10,-10,0,3,-10,-3,1,5,1,sil
7.557310342788696,10,16,-1,-4,-1,-16,-7,0,-14,-22,9,4,-5,-15,sil
7.572780132293701,-11,10,-6,-1,-4,-8,0,-1,-24,-25,3,-2,-19,-14,sil
7.572780132293701,-23,-5,-5,0,-7,13,20,3,-4,-4,-5,-16,-13,-1,sil
7.588778734207153,-9,-12,-10,0,-4,16,25,11,17,17,-6,-17,0,6,sil
7.588778734207153,-2,-19,-22,-10,-5,0,3,3,16,11,-9,-8,0,5,sil
7.605415821075439,0,-5,-10,-6,-5,-5,-11,0,12,1,0,3,4,0,sil
7.605415821075439,17,26,14,19,9,0,-3,9,20,14,29,19,20,6,sil
7.620964765548706,14,33,27,34,22,3,2,2,18,13,30,16,10,9,sil
7.620964765548706,-9,8,14,20,8,5,1,-11,0,-2,0,-6,-16,-6,sil
7.636922836303711,-16,-14,-4,0,-4,5,4,-7,-7,4,-11,-12,-17,-13,sil
7.636922836303711,0,-15,-4,-7,0,5,13,4,7,23,2,3,6,8,sil
7.652594804763794,13,-2,1,-5,1,0,12,1,14,17,10,12,23,19,sil
7.652594804763794,15,0,0,-13,-5,-15,-10,-8,-8,-12,1,13,15,0,sil
7.668603420257568,5,-1,-3,-22,-8,-20,-27,-9,-31,-37,-11,3,-5,-17,sil
7.668603420257568,-3,5,2,-10,-5,-17,-22,-8,-29,-40,-14,-8,-19,-19,sil
7.683553695678711,-3,12,14,8,1,-5,-10,-4,-13,-17,-6,-6,-17,-13,sil
7.683553695678711,-5,-1,3,14,5,17,2,4,4,6,-13,-7,-12,-6,sil
7.699432134628296,-14,-19,-15,0,-2,23,14,6,7,11,-27,-17,-8,2,sil
7.699432134628296,-10,-30,-20,-22,-17,0,8,0,7,17,-15,-13,3,9,sil
7.7154130935668945,4,-26,-13,-33,-21,-13,-3,0,7,19,4,1,15,8,sil
7.7154130935668945,14,6,5,-5,-1,0,-4,-2,-5,-3,7,14,11,0,sil
7.730130195617676,18,39,20,35,25,7,-1,-6,-14,-20,10,14,4,-3,sil
7.730130195617676,7,29,18,29,24,3,-1,-3,-12,-11,7,0,-6,-5,sil
7.746095895767212,-17,-1,1,3,3,11,14,3,-2,10,-2,-15,-17,-3,sil
7.746095895767212,-28,-17,-18,-3,-1,17,28,8,15,18,-4,-15,-9,1,sil
7.760825872421265,-11,-16,-14,-11,5,4,10,10,26,7,-1,0,10,12,sil
7.760825872421265,10,-6,-5,-20,2,-7,-4,7,20,6,7,12,19,16,sil
7.775969505310059,15,8,-1,-10,-8,-17,-12,-5,0,1,21,14,10,4,sil
7.775969505310059,12,21,13,13,-7,-22,-25,-10,-13,-15,26,15,0,-4,sil
7.792022466659546,8,23,27,30,3,-2,-22,-3,-11,-6,15,14,-2,0,sil
7.792022466659546,-4,15,16,25,6,20,1,3,-7,15,-1,3,-7,1,sil
7.808104991912842,-7,3,-3,12,1,21,26,11,7,21,-11,-11,-4,2,sil
7.808104991912842,1,-10,-11,-1,-2,4,23,12,21,15,-12,-13,3,11,sil
7.823754072189331,-4,-26,-23,-26,-10,-8,-1,-2,8,-3,-13,-8,1,-1,sil
7.823754072189331,-14,-25,-33,-36,-14,-13,-14,-12,-5,-22,-11,-10,-1,-23,sil
7.839600086212158,-3,-2,-8,-19,-3,-16,-9,-6,-2,-18,0,-4,-2,-20,sil
7.839600086212158,6,9,12,4,4,-21,-9,0,-1,-10,3,0,-9,-9,sil
7.855520009994507,3,8,11,15,0,-8,-6,-3,-10,-11,-3,-3,-17,-7,sil
7.855520009994507,-6,3,8,17,1,16,10,-1,-7,-4,-10,-10,-11,-4,sil
7.871182680130005,-11,-7,-5,6,5,19,24,9,5,11,-9,-12,0,3,sil
7.871182680130005,0,-18,-10,-17,0,4,9,12,10,10,-5,-4,10,10,sil
7.8864312171936035,5,-14,-3,-21,-7,-7,-16,-4,1,-6,-5,1,12,3,sil
7.8864312171936035,0,-3,-1,-8,-3,-20,-32,-18,-21,-32,-5,-1,0,-12,sil
7.902365446090698,4,6,3,-4,1,-16,-23,-11,-34,-32,9,8,0,-11,sil
7.902365446090698,13,19,16,3,11,10,0,0,-15,4,34,23,21,11,sil
7.917195796966553,7,25,27,24,18,26,20,2,3,28,29,15,20,25,sil
7.933315992355347,5,12,15,32,16,25,32,7,10,28,3,2,0,19,sil
7.933315992355347,3,-1,-1,15,4,23,26,7,14,27,-4,5,0,13,sil
7.933315992355347,0,-4,-2,0,-8,8,0,8,19,20,3,14,10,15,sil
7.949128866195679,7,-2,2,0,-14,-17,-16,8,24,14,9,18,15,18,sil
7.949128866195679,17,0,7,-8,-8,-23,-14,3,20,12,13,24,13,14,sil
7.964336156845093,11,2,4,-15,-4,-13,-6,-1,0,-2,14,17,4,0,sil
7.964336156845093,3,4,2,0,-1,-7,-4,-5,-20,-28,0,0,-14,-16,sil
7.979644298553467,-5,5,6,12,0,0,-2,-5,-22,-29,-24,-15,-30,-23,sil
7.99519681930542,-18,0,-5,7,-2,13,10,-5,-9,-10,-37,-29,-35,-19,sil
7.99519681930542,-23,-15,-22,0,-2,23,16,-3,-2,0,-36,-38,-30,-15,sil
8.011839628219604,-22,-21,-26,-10,-1,13,8,1,6,9,-31,-32,-14,-10,sil
8.011839628219604,-11,-14,-26,-24,-4,-10,4,7,18,22,-12,-13,6,0,sil
8.011839628219604,4,-1,-11,-27,-1,-15,4,7,16,7,14,7,19,12,sil
8.033056735992432,6,0,-6,-24,0,-12,-8,-2,2,-17,14,8,11,5,sil
8.033056735992432,-9,-4,-13,-22,-3,-25,-28,-13,-17,-28,0,-10,-3,-18,sil
8.041213274002075,-11,0,-4,-4,2,-17,-26,-6,-22,-15,11,-12,-2,-28,sil
8.056770086288452,-1,14,9,20,9,12,-7,0,-5,2,18,-3,0,-14,sil
8.056770086288452,-6,8,15,29,4,13,1,-4,-5,3,-4,-8,-11,-4,sil
8.07233476638794,-6,0,14,29,8,7,11,-2,-7,2,-12,-9,-9,1,sil
8.07233476638794,9,6,13,21,17,18,26,8,16,13,2,8,10,14,sil
8.087432384490967,17,0,2,0,8,11,23,12,30,16,4,17,20,20,sil
8.087432384490967,12,-7,-5,-9,-4,-7,-1,7,17,9,1,16,21,17,sil
8.103468418121338,16,4,4,-9,-6,-12,-24,6,5,1,17,30,24,10,sil
8.103468418121338,20,12,8,-8,-4,-14,-23,1,-3,-7,32,33,19,0,sil
8.118648767471313,6,7,8,1,-1,-9,-8,-7,-16,-15,26,10,0,-5,sil
8.118648767471313,-8,4,9,17,3,5,7,-6,-19,-13,0,-11,-19,-5,sil
8.134386539459229,-8,-5,-1,13,0,9,12,-2,-14,-1,-21,-17,-26,0,sil
8.134386539459229,-7,-17,-5,-3,-9,3,13,3,0,8,-21,-8,-8,9,sil
8.150124549865723,-9,-15,-6,-9,-11,3,13,9,18,15,-11,0,9,15,sil
8.150124549865723,-1,-6,-7,-10,-12,-1,-4,0,4,0,-10,1,5,4,sil
8.165280818939209,11,9,10,-3,-5,-6,-22,-13,-24,-23,0,12,-1,-13,sil
8.165280818939209,18,30,27,21,8,0,-10,-10,-18,-14,24,22,3,-7,sil
8.180720806121826,9,33,21,28,9,3,0,-2,-10,1,25,11,1,10,sil
8.180720806121826,-4,9,5,13,0,4,6,0,-16,-3,0,-5,-11,5,sil
8.196390390396118,-4,-7,2,10,1,13,20,0,0,1,-21,-9,-16,-6,sil
8.196390390396118,1,-3,3,16,4,18,28,5,26,32,-17,-9,-7,1,sil
8.212275981903076,-4,-8,-13,0,-4,9,16,7,29,38,-5,-15,0,10,sil
8.212275981903076,-16,-29,-28,-32,-13,-5,-1,0,21,8,-9,-10,4,0,sil
8.228359699249268,-12,-31,-26,-38,-12,-10,-10,-1,21,-6,-13,0,11,-4,sil
8.228359699249268,1,-12,-19,-30,-8,-7,-14,4,12,-3,2,1,18,0,sil
8.244028091430664,6,-3,-14,-31,1,-7,-18,5,-8,-8,11,-1,12,0,sil
8.244028091430664,0,0,-16,-24,11,-10,-15,-3,-16,-16,-6,-11,-7,-12,sil
8.259251594543457,-11,1,-7,-16,8,-8,-7,-2,-12,-7,-13,-20,-20,-22,sil
8.259251594543457,-10,-1,0,-15,8,-1,0,5,-8,5,0,-20,-10,-10,sil
8.275275230407715,-10,0,0,-3,17,3,1,-1,-10,3,1,-15,-4,-4,sil
8.275275230407715,-20,0,2,6,8,6,1,-10,-10,1,-12,-13,-13,-10,sil
8.290397882461548,-9,-6,-3,3,-3,4,9,0,6,7,-10,-3,-4,6,sil
8.290397882461548,11,-6,-6,-4,-1,-1,2,7,13,-1,0,11,9,13,sil
8.306097507476807,16,5,2,3,0,-11,-14,0,6,-21,2,17,5,-9,sil
8.306097507476807,18,23,15,27,2,-14,-7,-1,13,-9,19,22,10,-6,sil
8.321152448654175,22,37,34,41,13,-5,3,4,14,4,39,35,27,16,sil
8.321152448654175,19,34,40,44,10,4,0,2,-2,0,34,36,23,16,sil
8.337385892868042,15,18,30,43,1,16,4,-4,-11,-2,12,20,2,11,sil
8.337385892868042,2,0,13,35,-3,21,20,-3,-8,0,-9,-1,-10,8,sil
8.35300874710083,-13,-15,0,14,-17,10,17,0,-9,-2,-21,-15,-12,0,sil
8.35300874710083,-11,-19,-4,0,-22,1,7,0,-5,2,-13,-11,-10,5,sil
8.368151426315308,-5,-19,-20,-4,-10,5,9,3,5,10,-7,-9,-8,3,sil
8.368151426315308,-7,-18,-30,-13,-2,-1,3,1,2,-1,-6,-5,-2,-10,sil
8.38372540473938,-6,-7,-13,-20,-7,-14,-11,0,-8,-10,8,1,0,-10,sil
8.38372540473938,-8,2,-5,-21,-9,-12,-15,-3,-15,-4,16,-6,-6,-5,sil
8.399361371994019,-6,6,-3,-13,1,-6,-13,-7,-22,-9,2,-9,-13,-14,sil
8.399361371994019,8,12,6,-2,7,-3,-12,-9,-22,-13,-6,-3,-11,-14,sil
8.414415836334229,3,6,11,-6,1,8,-2,-7,-18,-4,-12,-15,-13,-5,sil
8.414415836334229,-17,-6,0,-8,4,23,13,-1,-3,11,-23,-23,-10,-1,sil
8.429944038391113,-5,-10,-7,-4,7,13,16,10,30,32,-13,0,14,11,sil
8.429944038391113,15,-6,-1,-23,-5,-1,1,18,47,33,2,16,30,24,sil
8.445193529129028,6,-8,-12,-37,-12,-7,-8,7,26,13,-1,6,18,16,sil
8.445193529129028,0,-7,-22,-15,-2,-20,-12,-1,11,2,-2,6,17,4,sil
8.460322618484497,13,3,0,1,4,-19,-11,5,25,7,20,26,35,14,sil
8.460322618484497,20,14,12,-2,5,-4,-4,5,26,0,25,28,21,13,sil
8.476799011230469,4,10,2,-4,6,-10,-11,-10,-13,-22,0,6,-18,-13,sil
8.476799011230469,-2,3,7,7,10,-13,-14,-12,-37,-24,-4,0,-25,-19,sil
8.4923837184906,2,6,23,22,17,10,0,-1,-18,-9,8,3,-12,-4,sil
8.4923837184906,-2,5,16,24,15,24,9,-3,-8,-13,-6,-14,-25,-10,sil
8.508224487304688,-16,-4,-6,11,2,13,11,-12,-17,-19,-23,-33,-35,-20,sil
8.508224487304688,-19,-20,-9,-1,-3,8,19,-2,-13,-1,-14,-19,-18,-9,sil
8.523265838623047,-10,-22,-9,-2,-3,12,24,13,9,21,-11,-11,0,3,sil
8.53945517539978,2,-7,-10,7,-2,5,6,11,18,17,-7,-7,14,10,sil
8.53945517539978,9,6,3,9,0,-7,-11,4,5,-1,21,12,26,12,sil
8.53945517539978,-3,9,1,5,-2,-12,-7,0,-3,-10,33,14,18,0,sil
8.55446982383728,-19,7,-2,8,-7,-5,3,0,-5,-1,8,-10,-3,-13,sil
8.55446982383728,-8,6,4,14,-9,5,12,8,0,21,-2,-19,-6,-5,sil
8.571515321731567,8,-2,-3,-2,-11,7,12,8,13,28,0,-5,5,11,sil
8.571515321731567,3,-9,-18,-23,-11,-3,-1,-1,7,0,-9,1,6,8,sil
8.586528778076172,1,4,-10,-12,-2,-14,-12,-6,-5,-16,-5,3,1,-1,sil
8.602269411087036,7,19,14,6,6,-10,-14,-10,-12,-6,9,9,1,-4,sil
8.602269411087036,0,5,15,3,4,5,-5,-13,-12,-1,-2,4,-5,-4,sil
8.602269411087036,-3,-14,-5,-3,-5,13,12,-1,0,3,-17,-6,-7,1,sil
8.61754846572876,11,-10,-7,-3,-11,4,9,10,22,13,2,9,11,15,sil
8.63318395614624,22,5,0,-8,-1,-2,-11,5,21,2,20,27,27,15,sil
8.63318395614624,17,13,5,-9,14,-8,-19,-4,-1,-20,11,17,9,0,sil
8.648317575454712,3,6,7,-1,5,-21,-15,-6,-16,-23,2,4,-14,-11,sil
8.648317575454712,-11,-4,0,-4,-5,-17,-15,-4,-24,-22,-10,-4,-28,-17,sil
8.648317575454712,-16,-2,1,-5,7,8,0,-3,-28,-24,-29,-13,-32,-14,sil
8.663936376571655,-9,8,5,20,17,18,20,0,-8,-2,-19,-12,-18,-1,sil
8.679064273834229,-12,4,2,32,11,12,12,2,5,18,0,-4,-1,1,sil
8.679064273834229,-17,-12,-2,7,9,17,8,5,5,20,-9,-5,0,0,sil
8.69432544708252,-8,-18,-3,-4,0,14,18,4,17,20,-15,-4,7,9,please
8.69432544708252,5,-8,2,-4,-12,-5,7,3,27,18,10,9,22,19,please
8.710080623626709,15,-2,-1,-14,-10,-19,-12,3,17,17,32,16,27,14,please
8.710080623626709,17,0,-3,-14,-10,-24,-24,0,0,3,23,16,19,7,please
8.725322484970093,16,7,8,-3,-12,-18,-26,-2,-9,-17,11,17,11,0,please
8.725322484970093,18,17,12,4,3,0,-12,-1,-7,-16,11,14,2,-5,please
8.74127984046936,13,21,15,11,14,11,6,0,-5,-8,11,6,-5,1,please
8.74127984046936,5,17,18,17,6,12,15,0,-1,-3,5,-5,-6,0,please
8.756081342697144,0,1,6,9,1,17,19,0,-3,8,-6,-20,-8,-8,please
8.756081342697144,-10,-13,-14,3,4,24,22,0,-7,13,-21,-29,-20,-8,please
8.77210783958435,-21,-19,-27,0,0,15,18,-2,-3,3,-24,-29,-21,-8,please
8.77210783958435,-24,-17,-23,-17,-8,1,5,3,6,6,-20,-22,-8,-8,please
8.78730058670044,-18,-14,-23,-24,-9,0,-2,8,18,17,-17,-18,3,0,please
8.78730058670044,-12,-17,-26,-25,-6,-5,-3,1,19,4,-12,-10,5,0,please
8.803036212921143,-4,-11,-10,-24,-2,-21,-6,-1,8,-14,-2,1,0,-10,please
8.803036212921143,5,7,5,-7,1,-23,-8,-1,3,-10,9,8,0,-5,please
8.818533182144165,8,20,14,4,1,-12,-14,-7,-5,-10,27,17,9,3,please
8.818533182144165,9,19,16,8,0,-10,-12,-7,-18,-21,35,22,18,4,please
8.834263563156128,4,18,14,24,2,-5,-5,-5,-17,-15,19,10,8,2,please
8.834263563156128,-5,6,10,21,1,1,-5,-4,-14,1,-4,-4,-9,-1,please
8.84997272491455,-4,-7,3,8,-6,-1,-5,0,-15,5,-13,-6,-12,0,please
8.84997272491455,6,0,10,20,0,6,8,6,-7,5,-11,0,-1,5,please
8.866190433502197,2,0,4,15,8,34,28,7,6,14,-13,0,0,6,please
8.866190433502197,-4,-21,-13,-20,0,27,27,10,19,23,-11,0,0,11,please
8.882208824157715,10,-15,-5,-18,-1,0,10,12,28,20,0,16,10,22,please
8.882208824157715,27,13,7,14,8,-10,-10,0,18,3,13,25,19,13,please
8.89798617362976,15,14,0,4,0,-19,-32,-15,-10,-24,10,17,4,-4,please
8.89798617362976,6,2,-1,-11,-9,-26,-33,-12,-9,-29,15,20,-1,-2,please
8.914024829864502,7,11,11,4,0,-12,-17,-2,3,-14,23,21,6,0,please
8.914024829864502,-12,5,11,12,6,1,-13,-7,-19,-17,-2,-5,-13,-24,please
8.929683923721313,-33,-14,-9,0,0,8,-2,-11,-36,-17,-33,-34,-37,-38,please
8.929683923721313,-25,-10,-9,-1,-1,19,22,4,-5,2,-24,-29,-22,-12,please
8.945298194885254,-10,-2,-2,0,0,20,29,20,22,25,-10,-17,-1,1,please
8.945298194885254,-2,-7,-12,-3,0,9,13,12,18,25,-14,-14,-2,0,please
8.961250305175781,3,-2,-6,-10,3,6,3,4,11,6,-7,-6,6,10,please
8.961250305175781,4,-1,-5,-12,3,3,4,6,15,7,6,-1,22,18,please
8.976318836212158,9,-9,-11,-17,-7,-16,-1,2,10,18,15,0,21,8,please
8.976318836212158,24,4,4,-15,-8,-24,-4,-1,2,0,25,12,18,5,please
8.991719007492065,21,24,20,2,7,-7,3,-1,0,-8,28,18,16,11,please
8.991719007492065,2,20,15,12,12,2,1,-2,-14,7,14,7,0,4,please
9.00704026222229,-3,12,6,5,1,-3,-11,-7,-27,0,2,-4,-16,-14,please
9.00704026222229,-4,10,10,1,0,0,-7,-10,-29,-24,-3,-3,-21,-20,please
9.022475242614746,-6,0,11,10,6,15,9,-7,-20,-13,-6,0,-13,-4,please
9.022475242614746,-8,-9,-2,13,2,16,20,-1,1,8,-11,-5,0,9,please
9.038155555725098,-18,-19,-11,0,-4,7,15,2,14,0,-26,-13,-5,4,please
9.038155555725098,-22,-28,-22,-8,-13,1,5,2,10,-3,-33,-17,-21,0,please
9.053797245025637,-12,-25,-27,-9,-14,0,0,2,7,7,-16,-12,-10,2,please
9.053797245025637,0,-15,-14,-13,-12,0,0,7,22,13,0,-1,12,5,please
9.068910837173462,5,-9,-6,-9,-11,-6,0,7,30,9,4,11,20,10,please
9.068910837173462,9,3,0,0,-2,-15,-15,0,12,-6,12,23,18,10,please
9.085440635681152,17,16,8,2,7,-14,-22,-6,-2,-18,17,18,9,-2,please
9.085440635681152,23,19,14,3,3,-9,-21,-5,-16,-18,10,1,-5,-14,please
9.101056814193726,21,22,17,9,0,-14,-24,-4,-22,-17,10,6,-3,-11,please
9.101056814193726,10,17,12,12,6,-13,-13,-2,0,-3,22,18,7,-1,please
9.11643648147583,0,5,10,9,12,2,7,0,11,14,21,3,3,2,please
9.11643648147583,-7,2,2,7,9,16,12,0,-4,15,4,-20,-9,-4,please
9.132042407989502,-13,-3,-4,4,3,16,2,-4,-10,10,-11,-23,-14,-10,sil
9.132042407989502,-16,-12,-1,1,0,13,6,-2,0,11,-16,-6,-5,0,sil
9.147976875305176,-11,-11,-2,0,0,12,19,6,4,4,-13,3,7,11,sil
9.147976875305176,-8,-13,-8,-13,-3,6,14,8,8,0,-12,2,9,4,sil
9.163288116455078,-7,-18,-10,-19,-11,0,3,2,11,1,-12,-1,2,0,sil
9.163288116455078,0,-4,-5,-11,-12,-9,-8,-2,-1,-9,-3,3,5,2,sil
9.178926467895508,14,18,10,-1,2,-14,-18,-2,-20,-21,12,16,8,-7,sil
9.178926467895508,14,31,14,6,15,-4,-7,0,-15,-12,21,17,-1,-13,sil
9.194359302520752,2,30,14,18,17,7,4,2,-3,0,20,11,-8,1,sil
9.194359302520752,3,21,19,32,16,10,4,2,-1,15,15,2,0,10,sil
9.209710121154783,10,6,12,29,11,12,10,1,-4,19,-4,-13,-4,6,sil
9.209710121154783,-4,-10,-5,5,-2,13,19,2,0,8,-28,-23,-23,3,sil
9.225246906280518,-23,-24,-26,-18,-14,3,17,3,11,6,-30,-23,-16,1,sil
9.240371942520142,-21,-34,-33,-35,-14,-6,7,2,8,0,-31,-29,-7,-3,sil
9.240371942520142,-7,-34,-27,-32,-13,-10,2,1,0,-9,-29,-25,-9,-5,sil
9.240371942520142,5,-12,-13,-9,-14,-11,-2,-1,1,-4,0,4,11,3,sil
9.256140232086182,7,6,2,-3,-7,-11,-10,-6,0,-7,27,27,27,6,sil
9.256140232086182,0,0,-1,-16,0,-15,-14,-6,2,-18,27,16,11,-4,sil
9.2725567817688,8,0,0,-12,-10,-21,-20,-4,0,-14,20,6,-1,-9,sil
9.2725567817688,11,18,19,12,-1,-9,-13,-6,-13,-5,17,15,1,0,sil
9.286694765090942,-2,16,22,31,26,12,7,-4,-10,2,2,10,-1,4,sil
9.302020072937012,-10,-9,7,16,14,23,16,5,6,11,-21,-11,-17,-1,sil
9.302020072937012,-5,-15,-9,-8,-12,14,8,11,12,13,-29,-24,-11,-1,sil
9.317161321640016,4,10,-7,-9,0,0,-4,5,13,7,-1,0,18,5,sil
9.317161321640016,14,22,8,3,13,-11,-17,0,12,-1,33,27,29,2,sil
9.333286762237549,6,7,7,2,-8,-10,-20,-7,-1,-9,31,13,6,-11,sil
9.333286762237549,2,10,13,5,-7,0,-9,-5,-11,-6,3,-7,-10,-16,sil
9.348458766937256,16,33,26,34,22,15,11,2,-1,8,-3,0,-5,-1,sil
9.348458766937256,5,17,10,33,26,21,20,0,3,17,4,3,0,7,sil
9.36450719833374,-19,-20,-16,-6,0,16,12,-1,5,14,0,-8,1,6,sil
9.36450719833374,-8,-23,-18,-22,-11,8,11,9,20,17,-11,-4,6,16,sil
9.380619764328005,10,-10,-6,-14,-2,-4,5,13,22,14,-7,11,11,24,sil
9.380619764328005,4,-13,-9,-19,-6,-24,-10,0,1,0,0,12,12,10,sil
9.396432161331177,1,-13,-8,-19,-17,-28,-20,-11,-19,-19,2,7,0,-5,sil
9.396432161331177,5,0,3,-4,-10,-11,-12,-11,-28,-24,3,7,-12,-12,sil
9.411938190460203,-3,9,3,3,4,3,1,-6,-25,-21,-1,-2,-17,-14,sil
9.411938190460203,-16,7,3,2,4,5,0,-9,-26,-26,-17,-16,-19,-17,sil
9.42797565460205,-17,-2,2,9,-8,0,-8,-9,-28,-23,-28,-26,-25,-15,sil
9.42797565460205,-14,-10,-4,11,-8,1,-1,0,-20,-6,-27,-27,-22,-4,sil
9.444061756134031,-13,-8,-8,0,0,14,11,7,0,8,-17,-14,-4,4,sil
9.444061756134031,-12,-9,-13,-3,-3,13,12,12,25,22,0,-3,17,5,sil
9.459245204925535,0,-12,-3,0,-2,0,10,21,33,26,10,2,25,5,sil
9.459245204925535,14,-5,2,-5,6,-8,9,17,17,7,7,11,16,4,sil
9.474400043487549,17,5,-3,-12,4,-16,-1,0,8,-6,12,22,7,1,sil
9.474400043487549,18,18,4,-2,2,-10,-7,-4,5,0,26,23,11,4,sil
9.490290403366089,17,23,12,10,12,6,-1,-9,-2,3,26,8,11,1,sil
9.490290403366089,2,14,6,3,13,4,-6,-17,-10,0,8,-2,-9,-9,sil
9.505141258239746,-8,9,7,7,7,1,-3,-9,-4,8,0,-4,-17,-7,sil
9.505141258239746,-5,9,7,22,11,21,15,3,6,15,0,-9,-7,6,sil
9.520949363708496,-10,-7,-4,8,8,29,21,9,14,9,-9,-16,-15,2,sil
9.520949363708496,-21,-25,-17,-14,-7,8,8,6,26,11,-15,-17,-22,-4,sil
9.536108016967772,-12,-16,-10,-15,-12,-10,-2,2,26,18,-7,0,0,2,sil
9.536108016967772,11,1,3,-3,-3,-15,-6,8,18,12,6,22,24,10,sil
9.552295684814451,24,8,13,0,0,-11,-7,5,8,-2,17,30,25,12,sil
9.552295684814451,22,14,19,-1,0,-9,-17,-12,-12,-15,20,27,13,7,sil
9.567487716674805,16,18,11,1,-5,-13,-22,-16,-34,-23,16,13,1,-6,sil
9.567487716674805,4,9,9,10,-6,-8,-13,-6,-33,-30,3,-6,-5,-12,sil
9.582982778549194,-7,-1,11,20,1,7,0,0,-15,-19,-9,-18,-5,0,sil
9.582982778549194,-8,-8,-6,18,2,9,5,3,-4,6,-15,-17,-2,8,sil
9.598917245864868,-15,-18,-22,-6,-9,-1,1,1,-3,8,-22,-20,-3,-3,sil
9.598917245864868,-14,-24,-26,-23,-16,-3,-2,-4,1,-2,-27,-19,-1,-5,sil
9.613937377929688,2,-15,-18,-22,-10,-1,-8,-5,-4,-6,-9,1,7,3,sil
9.613937377929688,5,-4,-11,-23,-8,-14,-8,0,-19,-20,10,14,9,-6,sil
9.628979206085203,-10,0,-10,-16,-5,-19,-3,0,-19,-31,4,1,-4,-22,sil
9.628979206085203,-6,12,3,5,6,0,3,1,-10,-14,-4,-5,-15,-10,sil
9.645002603530884,9,17,16,21,17,19,15,1,0,12,-3,0,-13,4,sil
9.645002603530884,2,0,9,13,14,24,26,6,14,21,-5,0,-4,7,sil
9.660500764846802,-5,-16,0,-2,4,19,27,13,34,25,-6,1,9,12,sil
9.660500764846802,5,-8,-1,-12,0,0,8,9,35,27,1,9,20,14,sil
9.675795078277588,12,9,11,-6,0,-12,-12,-1,8,9,13,14,14,3,sil
9.675795078277588,3,22,15,13,10,-1,-1,-1,-1,0,19,9,7,-2,sil
9.69145679473877,-8,7,1,12,9,12,14,2,7,13,0,-6,-3,-2,sil
9.69145679473877,-20,-21,-10,-7,-10,5,2,-2,4,12,-27,-28,-24,-6,sil
9.707152128219604,-20,-25,-15,-14,-17,-6,-10,-6,0,-1,-20,-30,-23,-4,sil
9.707152128219604,-2,-1,-12,-8,0,-4,-9,0,4,-1,4,-6,-5,-1,sil
9.722782373428345,10,17,-4,0,8,0,-8,3,-5,2,16,4,0,-4,sil
9.722782373428345,6,25,7,12,0,-4,-14,-5,-23,-12,16,-1,-1,-6,sil
9.738290548324583,-4,18,17,16,1,0,-8,-8,-20,-19,6,-4,-6,0,sil
9.738290548324583,-10,0,2,13,2,12,15,0,-3,0,-7,-8,-12,7,sil
9.753432273864746,-3,-11,-5,2,-5,4,23,0,6,7,-11,-3,-1,9,sil
9.753432273864746,13,-13,-1,-2,-9,-9,0,-2,10,-3,3,19,25,5,sil
9.768988609313965,22,-6,2,-5,-2,-14,-25,-7,0,-7,21,32,30,4,sil
9.768988609313965,18,8,15,-7,0,-19,-28,-5,-13,-13,29,31,16,1,sil
9.785088062286375,19,19,25,8,1,-21,-19,0,-12,-20,27,33,10,0,sil
9.785088062286375,14,16,21,21,3,-7,-15,2,-5,-18,15,25,0,-1,sil
9.80042314529419,-2,10,11,16,8,11,0,0,0,0,7,6,-11,0,sil
9.80042314529419,-3,7,9,20,14,23,21,4,13,21,9,5,3,9,sil
9.81695032119751,3,-2,11,24,6,22,21,8,11,24,-3,5,7,14,sil
9.81695032119751,-12,-21,-14,1,-13,9,8,0,-6,6,-33,-25,-22,0,sil
9.83153223991394,-24,-28,-32,-19,-15,0,11,0,-5,0,-33,-38,-21,-7,sil
9.83153223991394,-1,-14,-14,-6,0,0,22,15,22,19,-10,-10,15,8,sil
9.847418069839478,11,-8,-13,-8,-4,-1,11,8,31,22,-9,1,18,9,sil
9.863071918487549,-8,-18,-30,-41,-19,-14,-17,-9,2,-11,-24,-12,-6,-11,sil
9.863071918487549,-15,-14,-24,-45,-14,-20,-23,-7,-18,-23,-18,-12,-8,-19,sil
9.863071918487549,-1,3,-6,-21,5,-6,-6,0,-7,-5,1,0,0,-7,sil
9.879409313201904,4,19,-4,-12,17,0,0,0,0,-1,8,0,0,-5,sil
9.879409313201904,-2,18,-3,-10,13,-7,-5,-10,-13,-14,2,-10,-7,-17,sil
9.89441180229187,-14,3,5,-15,6,-1,0,-15,-28,-20,-9,-26,-18,-23,sil
9.89441180229187,-17,1,-3,-12,11,22,20,0,-9,-6,-17,-34,-19,-12,sil
9.909486770629885,-12,15,0,13,18,29,23,10,10,16,-4,-22,-12,0,sil
9.925103902816772,-9,7,11,28,7,22,13,0,1,26,7,-6,-9,5,sil
9.925103902816772,-7,-13,-1,7,-9,16,8,-5,-5,16,-3,-10,-4,8,sil
9.940398693084717,-4,-14,-10,-9,-15,1,-6,6,9,0,-14,-11,1,5,sil
9.940398693084717,3,-11,4,0,-11,-13,-15,11,22,0,-9,6,9,8,sil
9.956047773361206,14,-14,13,9,-7,-10,-4,8,18,2,2,30,22,22,sil
9.956047773361206,14,-10,11,13,-7,-3,0,6,13,7,22,35,28,22,sil
9.971076250076294,18,1,14,26,-3,-11,-2,0,8,8,32,32,20,14,sil
9.971076250076294,32,13,30,32,0,-22,-4,-3,0,-5,26,37,15,11,sil
9.987250566482544,25,14,25,23,-1,-20,-5,0,-9,-23,25,33,11,2,sil
9.987250566482544,4,13,13,17,1,-6,-7,-6,-16,-30,21,19,-2,-3,sil
10.003329992294312,10,23,17,21,10,-2,-9,-12,-13,-18,8,18,-4,1,sil
10.003329992294312,13,19,5,8,1,-15,-16,-6,-12,1,10,8,5,-6,sil
10.0189049243927,-6,3,-9,-18,-11,-17,-19,-5,-20,-5,20,-4,0,-22,sil
10.0189049243927,-16,1,-6,-17,-1,1,-8,-10,-14,-16,7,-6,-13,-18,sil
10.042402982711792,-13,0,-6,-1,13,15,0,-4,-1,-2,-18,-13,-17,-12,sil
10.042402982711792,-10,-5,-12,1,5,13,1,9,1,13,-21,-22,-11,-7,sil
10.042402982711792,3,0,-9,3,-2,15,11,16,13,27,3,-10,9,10,sil
10.050995349884031,1,4,0,6,7,18,13,6,22,41,8,1,19,13,sil
10.067159175872805,-18,0,-6,1,14,16,7,-8,7,30,-17,-15,-3,-6,sil
10.067159175872805,-14,-4,-13,-10,4,21,14,-6,6,7,-28,-28,-18,-9,sil
10.084232330322266,-2,-12,-11,-25,-4,25,23,8,14,5,-21,-15,-9,5,sil
10.084232330322266,-17,-30,-23,-39,-11,3,14,2,-1,-1,-35,-14,-16,4,sil
10.084232330322266,-26,-38,-29,-46,-12,-19,0,-8,-17,-21,-40,-25,-25,-5,sil
10.098918199539185,-5,-19,-8,-20,-4,-11,0,1,1,-5,-11,-10,-2,0,sil
10.11399531364441,9,-1,3,7,1,-4,-6,7,11,12,1,10,14,9,sil
10.11399531364441,9,-1,0,-4,-1,-17,-20,1,-1,-15,-3,11,10,3,sil
10.12966799736023,19,3,2,-5,-1,-15,-11,4,0,-31,12,13,14,4,sil
10.12966799736023,29,18,19,20,3,-3,-2,8,8,-9,31,21,15,9,sil
10.145437955856323,17,17,17,12,2,-8,-3,1,-1,-9,24,17,3,3,sil
10.145437955856323,0,10,0,-7,1,-11,3,-6,-11,-25,18,7,0,-6,sil
10.1610746383667,-7,12,3,6,3,-2,10,-6,-9,-18,18,3,-1,-13,sil
10.1610746383667,-10,14,8,27,5,1,5,-3,-6,2,9,-7,-10,-13,sil
10.176134824752808,-9,13,7,26,7,8,0,-7,-15,8,0,-14,-12,-5,sil
10.176134824752808,-2,11,13,29,9,17,2,-6,-18,11,0,-8,-4,0,sil
10.191415548324583,-3,-1,3,23,2,15,13,7,7,21,-7,-6,0,4,sil
10.191415548324583,-9,-14,-9,0,-3,10,15,15,29,23,-14,-7,0,7,sil
10.207347869873049,-1,-14,-10,-8,-5,2,0,6,24,21,-9,-2,4,5,sil
10.207347869873049,6,-11,-5,-5,-7,-10,-15,0,13,14,0,5,10,0,sil
10.223412036895752,1,-11,-7,-14,-8,-16,-13,0,9,3,-6,10,8,0,sil
10.223412036895752,0,-8,-8,-24,-8,-13,-7,-2,2,-2,-8,9,6,1,sil
10.238914012908936,8,-1,7,-16,-10,-11,-17,-7,-11,-11,3,7,4,-2,sil
10.238914012908936,15,6,14,1,-8,-5,-18,-5,-16,-10,15,5,3,-1,sil
10.254445791244509,10,10,10,5,-1,0,-7,-6,-16,-4,13,9,0,2,sil
10.254445791244509,-5,1,9,-4,-2,0,-5,-10,-21,-16,1,4,-11,-3,sil
10.270018100738524,-7,5,5,0,-3,3,-2,-7,-18,-18,-1,-8,-14,-10,sil
10.270018100738524,4,17,10,12,12,15,5,2,-7,3,5,-9,-3,-3,sil
10.286287307739258,-9,2,1,13,19,26,16,3,-5,3,-5,-12,-2,-1,sil
10.286287307739258,-34,-14,-22,-1,2,14,16,1,-6,-15,-33,-25,-11,-7,sil
10.302201747894289,-13,-7,-19,-9,-8,-4,10,6,14,0,-24,-11,0,2,sil
10.302201747894289,16,-6,-7,-9,3,-6,8,4,31,19,4,11,17,19,sil
10.3169584274292,5,-16,-12,-14,11,-5,0,1,20,14,9,14,17,13,sil
10.3169584274292,0,-5,-8,-13,1,-10,-9,5,13,18,18,16,21,7,sil
10.332183361053469,17,9,8,-5,-5,-8,-4,2,11,16,30,23,22,11,sil
10.332183361053469,17,10,14,3,0,-3,5,-3,-2,-9,12,16,2,3,sil
10.348272562026978,11,15,8,18,9,-1,9,0,-6,-18,4,6,-7,-4,sil
10.348272562026978,11,17,12,19,9,1,5,3,-5,-10,12,3,-6,-5,sil
10.364386796951294,0,5,7,7,0,2,1,-2,-10,-11,0,-2,-16,-12,sil
10.364386796951294,-16,2,-2,13,-2,2,-2,-4,-10,-3,-10,-7,-21,-13,sil
10.37995171546936,-16,7,0,22,3,13,-5,0,-4,8,-7,-13,-20,-4,sil
10.37995171546936,-14,-4,0,13,0,17,0,3,4,8,-16,-27,-27,-3,sil
10.39518141746521,-12,-18,-4,0,-9,4,2,6,5,5,-22,-23,-23,-3,sil
10.39518141746521,-4,-14,-6,-4,-5,-1,0,7,4,10,-14,-3,0,8,sil
10.41036891937256,0,-12,-12,-16,-3,-5,1,0,10,9,-11,-2,14,11,sil
10.41036891937256,-3,-21,-12,-30,-8,-17,-1,-3,9,0,-9,-9,16,1,sil
10.426536321640016,6,-11,-5,-21,-7,-17,-7,1,9,6,11,6,25,4,sil
10.426536321640016,20,9,10,-2,2,-9,-12,0,11,6,32,29,35,9,sil
10.44211459159851,21,15,17,3,5,-12,-11,-2,0,-8,29,28,28,3,please
10.44211459159851,17,17,13,4,1,-10,-5,-6,-22,-13,16,16,8,0,please
10.457396268844604,7,18,13,3,0,8,-8,-12,-35,-18,6,4,-7,-9,please
10.457396268844604,-14,2,-6,-6,0,13,-10,-11,-31,-26,-5,-13,-15,-23,please
10.472922086715698,-28,-3,-18,-11,-1,7,3,0,-11,-14,-13,-22,-16,-15,please
10.472922086715698,-18,4,-2,0,3,14,20,0,5,0,-19,-19,-21,0,please
10.48808526992798,-9,0,2,8,4,17,11,-5,0,-1,-25,-20,-25,-3,please
10.48808526992798,-13,-10,-4,0,-2,12,3,1,-5,6,-14,-10,-5,-2,please
10.503355264663696,-14,-11,-14,-3,0,12,16,9,11,22,-12,-10,8,4,please
10.503355264663696,-7,-21,-17,-8,1,7,18,4,17,6,-34,-20,-12,1,please
10.519060373306274,0,-20,-11,-9,-7,0,15,7,15,-5,-30,-11,-25,3,please
10.519060373306274,8,-4,-2,-2,-2,-6,14,11,30,11,3,9,5,15,please
10.5344500541687,19,3,7,5,1,-14,-2,8,26,22,25,26,33,16,please
10.5344500541687,27,8,11,16,-7,-20,-17,2,0,10,24,34,29,12,please
10.550350427627563,17,10,4,18,-5,-15,-16,0,-8,-1,16,29,12,11,please
10.550350427627563,2,0,-4,2,6,-7,-15,-3,6,-1,17,16,2,3,please
10.565114259719849,5,-1,0,-1,6,-9,-14,-5,5,3,26,11,3,-1,please
10.565114259719849,15,19,22,12,2,-16,-10,-3,-9,0,28,14,6,1,please
10.580316543579102,17,27,23,15,-1,-14,-7,-5,-15,-8,27,16,5,0,please
10.580316543579102,0,10,2,-3,-5,-6,-16,-16,-31,-25,16,1,-11,-20,please
10.595942497253418,-22,3,0,-10,0,0,-18,-14,-47,-34,-7,-20,-27,-33,please
10.595942497253418,-20,11,7,3,10,10,0,2,-21,-15,-13,-23,-12,-15,please
10.613014221191406,3,19,23,22,17,18,4,8,2,2,-3,-6,2,5,please
10.613014221191406,12,17,30,33,17,19,0,0,-4,4,-6,2,0,6,please
10.627349376678469,-3,-3,8,7,4,21,11,0,-4,7,-14,0,1,1,please
10.643386363983154,-15,-26,-17,-40,-11,22,24,7,13,10,-17,-14,6,0,please
10.643386363983154,-17,-29,-31,-43,-13,17,20,9,25,13,-13,-25,2,0,please
10.643386363983154,-19,-27,-28,-19,-8,7,16,9,30,25,-6,-16,1,2,please
10.658972263336182,-14,-26,-22,-16,-10,0,17,6,33,27,-6,-11,0,4,please
10.658972263336182,-2,-12,-17,-8,-6,0,12,0,27,16,-11,-19,-8,4,please
10.675071954727173,0,0,-9,4,2,-2,5,3,20,2,-7,-6,-8,8,please
10.675071954727173,2,-3,-7,2,3,-8,0,6,19,-3,0,12,5,12,please
10.690946102142334,10,-5,-3,-6,-3,-20,-7,0,7,-6,0,16,11,11,please
10.690946102142334,11,-3,-4,-11,-5,-29,-13,-4,-8,-7,-3,13,2,1,please
10.706979990005491,1,1,-10,-12,-3,-20,-11,-3,-18,-18,-2,9,-2,-11,please
10.706979990005491,6,14,4,1,-4,-5,-12,-4,-21,-27,12,11,0,-10,please
10.721993923187256,25,21,25,25,-1,-7,-9,-5,-22,-11,33,29,12,6,please
10.721993923187256,26,24,35,29,11,-6,-2,-8,-26,-2,28,35,15,16,please
10.73724913597107,8,29,31,31,22,13,0,-11,-27,-6,3,9,-1,5,please
10.752389907836914,-6,20,15,36,13,20,-1,-6,-11,7,-8,-12,-15,-5,please
10.753485918045044,-7,4,5,21,1,13,2,6,2,15,-8,-12,-8,-8,please
10.753485918045044,0,0,1,6,3,17,12,12,5,2,-11,-11,-5,-4,please
10.767967462539673,-6,-12,-4,0,6,23,10,3,0,2,-17,-14,-15,-2,please
10.783984184265137,-22,-29,-22,-20,-6,9,0,-3,-7,8,-18,-20,-16,-5,please
10.783984184265137,-20,-21,-32,-34,-20,-17,-11,-3,0,-3,-14,-24,-5,-8,please
10.800037384033203,-4,-1,-18,-18,-19,-30,-24,-1,10,-10,-12,-10,2,-13,please
10.800037384033203,0,-2,-10,-12,-13,-20,-22,-3,5,-3,0,3,7,-19,please
10.81512975692749,-4,-4,-8,-28,-8,-13,-12,-10,-8,-9,17,4,4,-17,please
10.81512975692749,-16,5,-5,-17,0,-6,-5,-7,-14,-21,5,-7,-11,-13,please
10.830404043197632,-27,-3,-13,0,2,11,3,0,-5,-17,-21,-25,-25,-14,please
10.830404043197632,-19,-23,-10,-14,-1,23,12,11,11,-2,-23,-24,-14,-6,please
10.846102714538574,3,-13,3,-16,0,7,13,15,31,19,0,-1,14,13,please
10.846102714538574,21,7,14,7,4,-10,7,8,28,20,22,25,37,25,please
10.861320972442629,30,10,20,10,4,-9,1,4,10,1,36,40,39,23,please
10.861320972442629,38,16,28,8,7,-6,0,7,1,-5,36,42,28,25,please
10.877394914627075,30,34,39,24,13,-4,0,2,-5,-3,26,32,11,23,please
10.877394914627075,12,28,25,40,18,13,8,-4,-6,3,14,14,0,13,please
10.892900466918944,4,3,7,33,21,27,18,-6,0,17,0,-1,-8,5,sil
10.892900466918944,0,-4,4,17,9,14,13,-8,-2,24,-16,-12,-19,-3,sil
10.908040046691896,-11,-6,-8,6,-7,2,6,-8,-16,21,-21,-21,-20,-8,sil
10.908040046691896,-10,-12,-16,-4,-9,8,8,0,-11,7,-7,-14,-10,0,sil
10.923248052597046,0,-12,-7,-7,-9,5,8,6,13,-5,0,0,-2,11,sil
10.923248052597046,2,-8,-6,-1,-13,-9,1,8,32,4,-4,0,4,11,sil
10.939271688461304,5,0,-5,-4,-7,-13,-9,10,25,21,2,0,17,3,sil
10.939271688461304,2,8,-9,-18,1,-10,-18,0,2,2,13,9,15,0,sil
10.954480409622192,-10,1,-12,-29,0,-16,-23,-12,-12,-29,6,14,0,-7,sil
10.954480409622192,-19,-12,-13,-32,-7,-17,-17,-7,-13,-23,0,3,-2,-21,sil
10.970230340957642,-16,-6,-9,-22,-4,-1,-3,-4,-16,-6,0,-10,-6,-32,sil
10.970230340957642,-1,15,10,13,7,13,12,-3,-15,0,-3,-12,-13,-17,sil
10.985342741012571,4,16,20,34,7,13,16,0,-8,4,0,-7,-10,0,sil
10.985342741012571,-16,-12,-4,1,-10,8,2,0,-14,-7,-4,-12,-15,0,sil
11.001464366912842,-36,-38,-34,-28,-21,1,-3,0,-12,-15,-28,-26,-16,-4,sil
11.001464366912842,-26,-34,-33,-27,-14,-13,-1,0,3,-14,-39,-29,-1,0,sil
11.017058849334717,-4,-15,-14,-21,-5,-19,-8,6,4,-16,-23,-13,4,0,sil
11.017058849334717,8,1,-6,-7,0,-8,-11,13,11,0,2,2,7,5,sil
11.03233242034912,14,12,5,11,11,1,-9,7,24,17,12,10,13,1,sil
11.03233242034912,19,21,19,24,23,6,-2,-2,10,10,18,17,11,-11,sil
11.047168254852297,21,32,20,35,17,5,-6,-10,-15,-6,18,18,-2,-8,sil
11.047168254852297,9,28,18,30,6,3,-11,-18,-31,-25,-20,-2,-30,-4,sil
11.06278395652771,-1,4,8,15,7,17,13,-10,-23,-27,-58,-24,-45,-12,sil
11.06278395652771,-2,-7,0,14,6,28,34,8,0,3,-37,-16,-22,-3,sil
11.077945709228516,1,-3,-3,7,0,6,14,14,18,20,-1,0,7,12,sil
11.077945709228516,10,-5,-4,-13,-5,-21,-7,6,27,12,21,16,28,17,sil
11.093385934829712,25,-3,15,-20,-7,-26,-15,0,17,9,53,41,45,16,sil
11.093385934829712,27,10,24,-6,-5,-16,-10,-3,-3,8,61,41,41,15,sil
11.109024286270142,11,14,14,3,2,3,2,-4,-17,5,37,17,17,12,sil
11.109024286270142,-2,9,13,11,7,22,9,0,-18,4,18,3,0,9,sil
11.124289751052856,-11,4,8,13,3,15,8,0,-15,4,8,-4,-5,3,sil
11.124289751052856,-22,-2,-1,1,-4,5,13,2,0,14,2,-12,-2,1,sil
11.139979124069214,-20,-10,-12,-11,-11,3,10,8,16,27,0,-13,5,4,sil
11.15613079071045,-5,-7,-11,-14,-8,-10,-4,1,17,13,-12,-9,3,5,sil
11.15613079071045,8,0,2,-8,0,-17,-7,0,17,1,-7,5,3,10,sil
11.15613079071045,16,-3,1,-4,0,-8,-7,8,22,5,10,23,16,15,sil
11.17068076133728,8,-19,-17,-18,-13,-12,-20,0,9,-9,2,11,12,0,sil
11.186736583709717,-4,-19,-26,-26,-16,-13,-16,-10,3,-24,-7,-5,-5,-16,sil
11.186736583709717,0,2,-7,-9,0,-2,-5,-1,6,-18,0,1,-14,-18,sil
11.202520847320557,0,13,6,7,13,2,-6,-2,1,-24,-6,-7,-32,-24,sil
11.202520847320557,-16,4,-2,16,12,11,0,-16,-9,-35,-31,-41,-55,-34,sil
11.202520847320557,-23,0,0,22,16,27,18,-9,-18,-12,-33,-37,-42,-22,sil
11.217966794967651,-7,2,7,25,19,30,29,10,-13,28,-8,-5,0,7,sil
11.218965291976929,-4,-2,-3,7,4,10,27,15,2,34,3,0,18,19,sil
11.233586072921751,-15,-14,-16,-17,-9,-6,14,6,3,14,-8,-9,8,6,sil
11.233586072921751,-12,-14,-15,-20,-8,-5,2,0,-2,7,-12,-4,6,0,sil
11.249075174331663,1,0,-3,-7,-2,-5,-9,0,-1,0,-2,6,12,6,sil
11.26517128944397,3,0,-2,-8,-7,-16,-20,-1,-5,-9,-4,12,8,0,sil
11.26517128944397,0,-4,-3,-12,-12,-21,-28,-12,-20,-13,-6,10,0,-12,sil
11.281601190567017,6,11,13,4,-3,-10,-24,-16,-30,-25,1,2,-6,-20,sil
11.281601190567017,6,21,20,23,9,5,0,-6,-18,-20,-3,-7,-13,-14,sil
11.281601190567017,-2,-3,5,10,6,12,19,2,0,5,-13,-12,-11,0,sil
11.296781301498411,0,-22,-8,-4,-5,7,11,7,13,21,-4,-9,7,12,sil
11.296781301498411,9,-12,-9,-6,-5,3,0,11,24,19,6,1,22,15,sil
11.311578273773192,9,-1,-5,-13,0,0,2,13,28,14,10,9,21,16,sil
11.32732319831848,8,2,-8,-15,-5,-15,-4,1,18,1,20,7,19,11,sil
11.32732319831848,13,11,5,-3,-5,-21,-20,-6,-3,-18,19,11,8,0,sil
11.342800855636597,15,21,16,8,0,-4,-9,0,-14,-30,12,21,-4,-2,sil
11.342800855636597,10,23,14,15,2,2,1,0,-14,-23,22,17,-4,0,sil
11.358393669128418,7,24,26,19,9,1,-1,-5,-14,0,24,6,-1,0,sil
11.358393669128418,6,22,27,27,19,14,16,0,-4,18,7,-2,-2,3,sil
11.373983144760132,-5,1,4,17,10,23,28,7,5,7,-7,-12,-7,4,sil
11.373983144760132,-13,-24,-9,-6,-3,10,11,4,6,1,-13,-10,-11,0,sil
11.389941453933716,-5,-21,-5,-12,-1,0,5,3,16,22,-2,1,2,8,sil
11.389941453933716,0,-6,0,-3,0,2,5,6,23,24,2,10,15,14,sil
11.405025005340576,1,-10,-9,-2,-3,-4,-7,3,17,2,-6,13,2,3,sil
11.405025005340576,14,-7,-4,-1,-4,-22,-20,-5,9,-1,9,27,0,0,sil
11.420878887176514,11,8,17,6,0,-17,-20,-9,2,3,40,32,12,5,sil
11.420878887176514,-9,9,10,13,3,1,-14,-7,-7,-2,20,7,0,-2,sil
11.436058282852173,-18,9,0,19,4,9,-5,-5,-18,-15,-12,-11,-18,-15,sil
11.436058282852173,-13,8,1,25,0,15,2,-8,-20,-12,-8,-11,-13,-15,sil
11.451140880584717,-18,-12,-6,7,-5,20,5,-5,-20,-3,-14,-22,-15,-13,sil
11.451140880584717,-23,-31,-25,-23,-14,7,8,5,-13,0,-33,-32,-22,-10,sil
11.466496229171751,-11,-20,-30,-32,-18,-12,9,10,0,0,-24,-19,-3,0,sil
11.466496229171751,2,-6,-19,-27,-8,-18,3,4,6,0,-14,-6,15,2,sil
11.48164439201355,4,-2,-18,-26,-2,-17,-2,0,5,-2,-22,-7,12,-4,sil
11.48164439201355,9,3,-13,-25,-1,-17,-4,-3,0,-10,-10,1,10,-1,sil
11.49725866317749,21,15,9,-14,8,-11,0,-5,-3,4,10,13,19,7,sil
11.49725866317749,14,19,18,0,19,0,4,-4,0,18,2,-5,9,1,sil
11.512813568115234,-10,12,3,6,17,10,0,-1,-1,0,-21,-38,-22,-18,sil
11.512813568115234,-18,0,-6,4,12,16,6,5,2,0,-19,-39,-26,-15,sil
11.528631210327148,-3,-8,2,0,7,20,19,15,22,20,0,-13,0,13,sil
11.528631210327148,2,-10,1,-3,0,20,18,15,32,13,-3,-7,2,21,sil
11.54439377784729,-5,-13,-24,-11,-3,8,9,5,24,5,-14,-19,-6,1,sil
11.54439377784729,-9,-12,-22,-16,-7,-7,-3,0,5,2,-4,-7,-3,-7,sil
11.5601065158844,0,-6,-5,-7,-11,-14,-20,-7,-12,-22,3,5,-4,-11,sil
11.5601065158844,3,-3,-3,-4,-13,-16,-37,-20,-31,-43,3,13,-12,-20,sil
11.575273275375366,12,7,18,0,-10,-13,-34,-17,-36,-37,26,38,0,-13,sil
11.575273275375366,31,35,48,32,3,3,-5,-2,-18,-12,55,60,21,15,sil
11.59104037284851,30,40,48,57,12,16,14,4,-3,7,46,53,22,30,sil
11.59104037284851,3,9,23,42,2,13,19,7,3,12,19,28,7,21,sil
11.60710883140564,-12,-17,3,17,-8,8,20,5,6,12,5,6,3,11,sil
11.60710883140564,-12,-25,-4,0,-7,2,11,1,2,17,-4,-4,2,6,sil
11.622756004333496,-8,-18,-10,-5,-8,-9,0,0,7,12,-8,-5,-1,1,sil
11.622756004333496,6,-3,-1,0,-5,-15,-5,4,18,6,7,9,8,9,sil
11.638251781463625,23,13,9,9,1,-11,-9,7,16,12,26,27,29,21,sil
11.638251781463625,17,21,6,1,2,-18,-13,0,1,5,23,17,19,8,sil
11.65388798713684,-1,19,6,-6,2,-23,-20,-6,-12,-7,8,-4,-3,-17,sil
11.65388798713684,-6,14,6,10,10,-7,-14,-4,-17,-3,-1,-15,-10,-28,sil
11.669383525848389,-12,6,1,19,13,14,1,-5,-16,-5,-12,-22,-21,-27,sil
11.669383525848389,-26,-6,-6,1,6,24,12,-8,-12,-6,-31,-35,-37,-25,sil
11.685255527496338,-24,-11,-14,-6,5,26,23,-1,0,3,-41,-43,-29,-13,sil
11.685255527496338,-13,-16,-17,-13,9,26,33,6,16,5,-37,-30,-16,2,sil
11.700504541397097,-6,-28,-28,-37,0,14,17,6,26,5,-33,-15,-8,14,sil
11.700504541397097,0,-25,-25,-48,-12,-3,-4,7,24,6,-28,-7,11,19,sil
11.716111421585085,7,-11,-13,-31,-13,-9,2,12,25,-1,-17,-3,28,15,sil
11.716111421585085,4,-13,-15,-26,-11,-8,0,2,16,0,-2,0,20,2,sil
11.731574773788452,1,-8,-9,-31,-11,-18,-34,-12,-16,-2,11,4,7,-7,sil
11.731574773788452,5,12,3,-8,-1,-16,-27,-5,-20,-12,21,7,10,-5,sil
11.747321844100952,10,21,7,15,10,0,8,12,4,-7,20,11,14,3,sil
11.747321844100952,11,19,7,7,6,0,5,3,0,-1,21,17,9,2,sil
11.762915849685667,4,21,11,7,-1,-6,-17,-17,-22,-8,18,14,1,-8,sil
11.762915849685667,-3,22,19,27,2,-4,-19,-16,-31,-5,0,0,-8,-16,sil
11.778927564620972,-5,18,14,39,13,0,2,-4,-27,8,-4,-10,-16,-10,sil
11.778927564620972,0,8,9,29,18,5,23,0,-18,9,2,-5,-16,0,sil
11.795074462890623,3,-6,7,15,5,11,18,-1,-5,3,0,-1,-18,2,sil
11.795074462890623,5,-16,-2,12,-17,2,2,-5,6,-1,-14,-4,-20,0,sil
11.810773611068726,2,-12,-2,16,-9,0,3,3,15,-9,-26,0,-14,9,sil
11.810773611068726,-3,-10,3,13,10,17,14,19,22,2,-18,10,0,21,sil
11.82637643814087,-6,-20,-10,-8,0,15,9,11,18,18,0,6,13,15,sil
11.82637643814087,0,-20,-14,-20,-19,-7,0,-1,9,10,8,2,15,0,sil
11.841787099838257,4,-3,-5,-6,-17,-12,-4,2,10,0,19,14,16,1,sil
11.841787099838257,-4,1,-12,-13,-9,-8,-12,1,6,-6,30,14,17,0,sil
11.857221126556396,-11,0,-14,-21,1,-14,-15,-3,-7,-20,16,-4,-1,-13,sil
11.857221126556396,-5,11,12,8,12,-4,-3,-2,-12,-13,3,-13,-17,-12,sil
11.872612953186035,0,11,24,3,3,11,4,0,-7,4,12,-10,-8,-6,sil
11.872612953186035,-2,-3,4,-35,-3,6,1,-3,-3,2,10,-15,-9,-4,sil
11.888170957565308,-7,-4,6,-18,12,13,8,1,7,4,-2,-11,-14,0,sil
11.888170957565308,-4,-1,7,12,16,23,23,6,23,26,-5,0,4,5,sil
11.904244661331177,-5,-15,-15,-15,-10,-6,8,0,14,16,-9,1,14,4,sil
11.904244661331177,-3,-15,-17,-39,-25,-30,-23,-2,-4,-14,-14,6,5,1,sil
11.920629262924194,16,6,1,-7,-9,-14,-26,4,1,-15,-2,19,14,9,sil
11.920629262924194,27,23,14,20,0,-8,-14,4,2,-6,11,25,17,10,sil
11.935243368148804,9,18,11,24,0,-13,-6,-4,-11,-10,4,8,0,-2,sil
11.935243368148804,-7,9,3,24,5,3,3,-11,-15,-6,-12,-12,-10,-14,sil
11.951080083847046,-2,10,2,26,14,25,17,-1,-2,12,-9,-5,3,-2,sil
11.951080083847046,16,13,6,27,16,21,23,11,15,34,11,16,31,21,sil
11.967218160629272,27,14,14,21,8,-5,0,4,10,27,18,26,38,26,sil
11.98371124267578,23,17,15,14,1,-20,-23,-12,-13,-11,15,22,16,4,sil
11.98371124267578,1,11,0,0,3,-4,-18,-14,-26,-34,16,3,-5,-19,sil
11.98371124267578,-23,-10,-11,-19,3,7,-11,-9,-29,-25,-4,-24,-23,-37,sil
11.998777866363524,-27,-15,-10,-9,4,7,-2,-4,-17,-1,-27,-34,-30,-23,sil
11.998777866363524,-5,0,3,16,15,18,17,2,0,13,-20,-14,-13,10,sil
12.014432191848757,3,-1,0,8,12,19,20,0,-5,6,-21,-8,-9,16,sil
12.014432191848757,-12,-23,-21,-23,-11,-1,2,-4,-21,-6,-47,-32,-34,-5,sil
12.02996015548706,-24,-38,-23,-39,-28,-15,0,9,-1,-13,-44,-34,-38,-10,sil
12.051560401916504,-20,-41,-23,-35,-30,-13,10,17,25,-1,-16,-18,-10,-2,sil
12.051560401916504,-16,-36,-29,-25,-21,-2,15,5,21,17,-3,-13,3,2,sil
12.051560401916504,-15,-20,-15,-11,-2,10,11,6,21,23,-4,-6,2,10,sil
12.062333345413208,-8,1,-1,-1,2,6,5,11,36,11,2,7,8,11,sil
12.062333345413208,6,19,5,2,0,-10,0,8,31,0,22,23,14,5,sil
12.077133178710938,28,28,22,17,0,-13,0,6,19,1,42,37,17,10,sil
12.077133178710938,31,25,28,21,-2,-14,-12,0,5,-2,39,37,13,8,sil
12.09316086769104,12,15,8,4,-6,-18,-31,-11,-20,-22,23,16,0,-10,sil
12.09316086769104,8,17,0,5,4,-6,-23,-11,-27,-23,21,4,-4,-18,sil
12.109297752380373,19,31,21,22,18,10,-8,-3,-15,-8,26,17,-1,-3,sil
12.109297752380373,14,31,26,25,16,7,-9,-5,-10,-4,24,17,2,2,sil
12.124388933181764,0,16,10,17,11,0,-5,-10,-12,-11,14,-2,4,-7,sil
12.139979124069214,-6,5,6,14,9,11,17,-3,-6,-6,0,-12,-2,-7,sil
12.139979124069214,-10,-2,-7,2,0,22,29,0,0,11,-16,-16,-4,0,sil
12.15510630607605,-12,-14,-13,-14,-5,15,16,-1,-5,21,-21,-17,2,3,sil
12.15510630607605,-17,-19,-8,-12,1,18,12,0,-8,20,-16,-15,5,5,sil
12.170700788497925,-20,-16,-16,-4,3,20,10,3,5,12,-13,-10,8,10,sil
12.170700788497925,-3,-14,-12,-12,-5,0,-4,4,15,6,-14,0,17,10,sil
12.18608283996582,16,-14,2,-16,-10,-17,-4,7,14,18,-6,7,17,10,sil
12.18608283996582,18,-13,6,-13,-6,-16,0,7,13,19,0,9,11,12,sil
12.201926231384276,22,-11,3,-17,-6,-16,-9,3,12,-2,0,17,19,11,sil
12.201926231384276,22,-9,2,-21,-6,-26,-22,-3,4,-16,14,24,27,2,sil
12.217474222183228,0,-3,-1,-20,0,-23,-27,-12,-10,-13,16,9,5,-15,sil
12.217474222183228,-16,7,-5,-2,9,-4,-20,-9,-18,-16,-9,-15,-25,-25,sil
12.23321270942688,-10,15,6,17,11,4,0,0,-15,-16,-13,-19,-27,-15,sil
12.23321270942688,-10,5,10,21,3,4,18,0,-6,0,8,-7,-13,-5,sil
12.249216794967651,-17,-6,-4,11,-2,8,20,0,0,3,-3,-14,-22,-9,sil
12.249216794967651,-15,-11,-8,5,-3,12,14,6,2,-6,-25,-17,-29,-2,sil
12.26435136795044,-14,-18,-11,4,-3,13,16,4,7,4,-16,-5,-9,9,sil
12.26435136795044,-14,-12,-18,0,0,16,13,8,11,20,-5,-3,3,8,sil
12.280101537704468,0,11,-14,5,2,0,0,16,15,8,4,0,3,4,sil
12.280101537704468,20,20,-2,10,-7,-29,-17,-2,-2,-18,7,12,0,2,sil
12.295190572738647,15,14,6,0,-14,-22,-24,-22,-39,-36,-24,2,-19,-14,sil
12.295190572738647,-3,14,2,-5,-6,0,-20,-16,-50,-37,-37,-16,-30,-26,sil
12.31100606918335,2,17,15,12,0,1,-26,-13,-40,-32,-1,-2,-24,-16,sil
12.31100606918335,20,24,34,33,9,3,-18,-10,-24,-14,19,15,-9,-1,sil
12.32626223564148,10,22,21,32,20,17,16,15,7,15,15,9,11,11,please
12.32626223564148,-6,6,2,18,19,20,35,25,30,32,22,0,21,17,please
12.341434001922607,-1,0,-1,7,9,15,25,7,34,36,25,-4,17,13,please
12.341434001922607,4,-7,-4,-11,-6,11,17,3,43,35,14,-2,19,10,please
12.35704755783081,-1,-23,-12,-28,-22,7,17,14,44,27,7,3,21,15,please
12.35704755783081,-8,-31,-18,-31,-22,2,16,6,23,13,1,4,15,17,please
12.372620820999146,-8,-25,-11,-30,-8,-5,3,0,4,0,-8,8,13,10,please
12.372620820999146,-1,-15,-7,-19,3,-15,-11,4,13,8,-6,8,21,9,please
12.387688159942629,4,-6,-8,-9,8,-7,-1,1,27,24,9,8,27,15,please
12.387688159942629,10,0,0,-10,5,3,16,0,29,22,32,24,32,16,please
12.403360366821287,18,9,9,-2,0,-5,2,0,22,9,34,25,24,4,please
12.403360366821287,7,7,4,-6,-6,-14,-18,-7,0,-4,1,-7,-1,-15,please
12.419055223464966,-4,-5,-8,-23,-12,-6,-13,-12,-31,-23,-22,-19,-16,-20,please
12.419055223464966,1,-5,0,-6,1,-9,-12,-14,-49,-37,-12,0,-15,-13,please
12.435241460800173,0,4,10,14,18,-12,-26,-16,-46,-36,-7,-5,-24,-25,please
12.435241460800173,-24,0,-5,5,13,-7,-26,-12,-38,-30,-27,-30,-38,-40,please
12.450459480285645,-23,0,-1,3,6,-11,-27,-7,-33,-31,-23,-18,-31,-30,please
12.450459480285645,7,15,20,23,6,-14,-25,-4,-18,-15,11,8,-6,-11,please
12.466274499893188,16,22,20,27,0,-9,-18,-3,-12,1,21,8,0,-3,please
12.466274499893188,-6,9,7,11,-6,1,-10,-7,-21,-13,-4,-5,-16,-4,please
12.481458187103271,-15,2,1,5,-4,18,8,0,-11,-19,-17,-12,-20,0,please
12.481458187103271,0,8,5,14,3,24,23,13,1,4,-10,-2,-5,11,please
12.497016668319702,4,2,3,19,2,19,19,5,-6,16,-9,0,-3,17,please
12.497016668319702,-4,-10,-7,7,-4,22,27,0,-2,7,-14,-10,-11,17,please
12.512728452682495,-10,-16,-14,-1,-1,26,46,15,19,4,-18,-17,-13,13,please
12.512728452682495,-10,-20,-22,-2,0,13,33,13,26,13,-18,-11,-14,8,please
12.52791666984558,0,-17,-13,-7,-5,5,9,2,23,22,-4,6,0,12,please
12.52791666984558,13,0,6,0,0,5,20,14,43,37,15,22,31,24,please
12.543070316314695,17,12,10,11,9,-2,28,22,58,49,23,17,46,23,please
12.543070316314695,11,0,1,-7,0,-15,0,8,37,30,21,13,36,13,please
12.55828046798706,6,-13,-14,-30,-20,-20,-20,0,8,0,12,13,26,5,please
12.55828046798706,0,-9,-19,-30,-24,-20,-21,-5,-1,-14,0,7,17,-2,please
12.573344945907593,0,2,-7,-19,-13,-24,-23,-8,-1,-15,7,11,16,-10,please
12.573344945907593,7,13,2,-14,-2,-22,-19,-8,-1,-9,30,20,13,-14,please
12.588908195495604,6,23,10,-6,3,-10,-18,-12,-12,-9,18,5,-6,-21,please
12.605183839797974,1,27,15,15,13,-2,-20,-14,-26,-20,-4,-12,-20,-22,please
12.605183839797974,3,28,19,27,22,-1,-11,-7,-28,-28,1,-5,-11,-9,please
12.605183839797974,1,20,15,22,21,8,-4,-2,-24,-18,2,-4,-12,-6,please
12.621017694473268,-12,-1,0,21,9,19,-4,-6,-30,-11,-21,-23,-29,-18,please
12.621017694473268,-19,-15,-1,15,-1,14,2,-9,-28,-6,-26,-18,-32,-14,please
12.636301279067991,-10,-13,-1,3,-5,10,14,-3,-2,8,-6,-4,-15,2,please
12.652255535125732,-3,-15,-7,-2,-3,15,10,8,12,16,0,-4,0,10,please
12.652255535125732,-3,-19,-5,0,-1,11,4,11,11,14,-3,-3,5,13,please
12.652255535125732,0,-16,-7,1,0,5,7,3,15,13,-6,-2,8,17,please
12.667028903961182,0,-14,-8,-8,2,7,3,6,19,12,-10,-9,11,15,please
12.68304991722107,-2,-15,-9,-22,2,0,3,12,11,13,-16,-12,3,10,please
12.68304991722107,-4,-16,-13,-30,-9,-16,2,2,2,-5,-18,-11,-7,-3,please
12.698209285736084,0,-6,-6,-22,-13,-15,0,-3,4,-25,0,2,2,-9,please
12.698209285736084,10,5,6,-6,0,0,8,3,14,-3,28,27,26,8,please
12.713825702667236,13,0,10,-12,0,0,3,2,1,5,26,31,20,4,please
12.713825702667236,-1,-10,-4,-22,-16,-17,-13,-6,-18,-18,0,6,-3,-21,please
12.729403495788574,-8,2,-6,-14,-9,-22,-17,-7,-8,-13,2,0,-4,-16,please
12.729403495788574,4,20,14,2,13,-11,-5,0,9,11,29,17,13,3,please
12.745439529418944,12,28,29,31,22,0,7,0,0,6,20,16,9,9,sil
12.745439529418944,5,29,25,44,16,6,4,-8,-18,-8,-9,0,-10,5,sil
12.760992288589478,0,17,5,24,6,0,-11,-8,-19,-5,-13,-10,-15,-5,sil
12.760992288589478,-1,7,-1,13,3,0,-17,-10,-17,-8,-3,-9,-13,-17,sil
12.776930332183838,-5,11,8,23,5,15,-3,-8,-16,-16,-8,-9,-19,-10,sil
12.776930332183838,-1,7,1,21,-1,20,4,0,-6,-2,-13,-12,-14,3,sil
12.792078018188477,0,-6,-4,7,-6,9,1,8,3,19,-2,-3,0,11,sil
12.792078018188477,0,-10,-5,4,-1,13,18,14,16,29,7,6,10,20,sil
12.80762267112732,0,-7,-11,2,-3,22,41,21,26,26,0,-2,10,24,sil
12.80762267112732,0,-6,-10,-4,-7,15,32,17,24,19,-13,-11,0,15,sil
12.82327651977539,1,-4,-11,-6,-4,0,8,7,25,19,-5,-2,0,9,sil
12.82327651977539,3,-12,-13,-18,-7,-10,-6,2,27,13,4,10,8,11,sil
12.838987112045288,1,-18,-12,-28,-12,-17,-16,-1,11,-1,0,6,6,0,sil
12.838987112045288,-5,-9,-17,-27,-11,-21,-19,-10,-4,-17,-2,-5,0,-22,sil
12.855186700820925,-5,-3,-14,-26,-7,-21,-14,-10,-2,-18,4,1,0,-28,sil
12.855186700820925,0,-4,0,-20,-1,-18,-11,-5,-2,-14,10,17,6,-20,sil
12.869992971420288,0,0,9,-10,0,-20,-23,-7,-20,-26,7,13,9,-20,sil
12.869992971420288,-6,7,11,0,0,-15,-27,-11,-28,-30,0,-6,0,-18,sil
12.885123252868652,-10,7,9,12,9,1,-8,-8,-22,-6,-5,-16,-13,-9,sil
12.885123252868652,-17,-2,11,16,12,16,12,-4,-27,-5,-13,-20,-22,-8,sil
12.900299072265623,-18,-7,4,12,6,24,19,-4,-27,-20,-26,-25,-23,-6,sil
12.900299072265623,-4,1,2,12,12,23,13,-2,-12,-3,-21,-13,-11,12,sil
12.91609525680542,6,1,5,14,12,15,14,4,1,19,0,0,0,20,sil
12.91609525680542,7,-3,2,9,0,10,17,12,22,26,11,4,8,16,sil
12.931318759918211,10,6,11,3,0,8,8,15,33,23,17,16,19,23,sil
12.931318759918211,18,10,7,0,5,0,5,11,20,13,17,24,21,23,sil
12.947637557983398,21,0,-4,-7,-1,-11,2,2,8,5,10,16,14,7,sil
12.947637557983398,16,1,0,-2,-1,-9,-6,0,18,11,13,16,21,11,sil
12.963589906692505,13,10,6,5,3,-8,-13,0,28,18,30,28,34,21,sil
12.963589906692505,11,8,1,-2,-3,-16,-19,0,8,5,26,27,21,1,sil
12.978468656539915,8,8,0,-2,-4,-15,-22,-9,-18,-16,5,3,-8,-21,sil
12.978468656539915,0,16,8,14,7,-5,-15,-13,-29,-32,-1,-15,-25,-18,sil
12.993976593017578,-12,11,9,13,6,7,2,-2,-16,-23,-3,-18,-22,-13,sil
12.993976593017578,-21,-12,-11,-1,-10,21,23,7,0,0,-19,-23,-17,-10,sil
13.009477853775024,-24,-28,-23,-14,-15,18,24,3,-2,9,-33,-31,-23,-5,sil
13.009477853775024,-24,-26,-29,-20,-10,2,10,1,-3,11,-33,-29,-27,-7,sil
13.025486946105955,-18,-20,-30,-24,-13,-2,-2,5,8,2,-23,-16,-14,-7,sil
13.025486946105955,-1,-8,-8,-21,-11,-8,-10,5,12,-14,-3,4,4,-4,sil
13.041044473648071,4,12,9,-5,0,-19,-15,0,2,-10,9,10,7,-8,sil
13.041044473648071,4,24,20,14,10,-11,-12,-3,-5,2,7,4,-6,-9,sil
13.057142734527588,6,14,23,27,11,12,4,-3,-9,3,0,3,-8,1,sil
13.057142734527588,2,-4,8,13,8,25,21,-1,-10,7,-4,3,1,11,sil
13.072439432144163,0,-15,-4,-4,0,10,16,1,0,9,-3,8,13,15,sil
13.072439432144163,10,-3,-3,0,-6,-14,-4,-1,4,-6,4,15,22,8,sil
13.088120698928831,9,6,5,0,-1,-20,-18,-13,-18,-22,6,14,11,-5,sil
13.088120698928831,2,7,12,5,8,-7,-13,-10,-27,-11,6,7,0,-5,sil
13.103259325027466,6,12,16,24,13,3,-2,1,-2,5,13,4,8,13,sil
13.103259325027466,-1,6,2,19,5,13,9,6,16,15,2,-10,10,16,sil
13.11927580833435,-24,-17,-27,-11,-11,7,18,4,21,19,-17,-26,1,2,sil
13.11927580833435,-17,-25,-27,-30,-20,-14,5,4,21,11,-11,-8,4,0,sil
13.135101318359377,15,-5,-2,-23,-9,-20,-10,0,13,0,16,12,10,0,sil
13.135101318359377,29,14,7,-1,6,0,-9,-3,-5,-8,29,13,4,-5,sil
13.150450706481934,20,22,17,18,13,17,-3,0,-17,-8,25,14,0,-8,sil
13.150450706481934,10,14,21,24,12,13,-1,2,-13,-5,21,12,-2,2,sil
13.1659893989563,1,8,14,11,10,1,-1,0,-12,-6,5,-2,-8,7,sil
13.1659893989563,0,14,7,14,11,12,12,1,0,5,-4,-10,-5,3,sil
13.1816828250885,0,9,1,26,10,26,30,3,24,28,-5,-10,0,6,sil
13.1816828250885,-12,-17,-12,-1,-3,7,15,1,21,15,-24,-20,-18,6,sil
13.196928262710571,-25,-33,-35,-44,-21,-16,-7,0,3,-16,-43,-27,-30,-8,sil
13.196928262710571,-14,-20,-34,-40,-15,-14,-2,4,6,-14,-22,-5,-9,-13,sil
13.213056802749634,7,-7,-12,-17,0,-6,4,10,19,2,4,18,13,0,sil
13.213056802749634,5,-10,-4,-24,-4,-18,-16,4,9,-7,3,13,6,0,sil
13.228394269943236,-9,-8,4,-30,-15,-25,-35,-7,-16,-18,0,5,-6,-21,sil
13.228394269943236,-9,7,10,-2,-2,-10,-24,-12,-20,1,2,1,0,-19,sil
13.244260787963867,-8,15,3,14,10,1,-12,-9,-15,8,-3,-5,-3,-7,sil
13.244260787963867,-15,2,1,6,0,5,-3,-7,-15,-5,-12,-10,-13,-7,sil
13.259387969970703,-13,-11,2,3,-4,8,11,-5,0,5,-5,-8,-1,0,sil
13.259387969970703,-2,-8,7,13,8,16,18,1,11,23,0,-10,10,12,sil
13.275482177734377,4,5,11,21,9,25,20,5,7,17,-2,-10,9,12,sil
13.275482177734377,4,7,5,5,-2,12,14,3,0,4,2,4,12,9,sil
13.29114294052124,10,1,0,-12,-9,-15,-3,0,-8,-9,16,20,20,7,sil
13.306267261505129,23,10,6,2,-4,-18,-6,-1,-13,-21,31,21,25,8,sil
13.306267261505129,28,22,22,20,5,-4,-1,0,-7,-18,42,23,18,11,sil
13.322338342666626,21,26,19,27,12,-6,-6,1,-4,-12,27,23,-2,4,sil
13.322338342666626,11,25,16,42,13,-5,-5,0,-9,-10,1,10,-11,-1,sil
13.322338342666626,5,15,17,44,9,9,8,0,-3,2,0,6,1,5,sil
13.33796501159668,4,-4,0,16,-2,16,15,4,5,11,-1,3,6,9,sil
13.33796501159668,0,-19,-9,-6,-14,12,14,0,2,1,-19,-8,-11,0,sil
13.354509115219116,-11,-25,-8,-10,-14,4,8,0,0,0,-25,-12,-21,-2,sil
13.354509115219116,-9,-24,-18,-17,-13,-10,-4,0,4,7,-14,1,-8,3,sil
13.369522094726562,5,-16,-15,-24,-11,-15,-11,0,12,8,1,10,6,8,sil
13.385132789611816,7,-6,-8,-20,1,-11,-13,0,14,9,10,5,8,3,sil
13.385132789611816,-6,0,-10,-23,8,-12,-23,-2,1,0,0,-4,-4,-13,sil
13.385132789611816,-16,0,-17,-30,2,-5,-16,-4,0,-15,-15,-22,-13,-28,sil
13.40141749382019,-18,2,-14,-21,4,10,-2,0,6,-7,-16,-35,-10,-28,sil
13.40141749382019,-21,2,-6,-6,14,17,0,-1,-3,4,-22,-30,-11,-21,sil
13.415288925170898,-22,-1,-13,-3,13,16,9,-7,-11,1,-34,-32,-25,-17,sil
13.430553436279297,-18,-3,-18,-14,6,15,24,0,-1,-1,-34,-39,-30,-10,sil
13.430553436279297,-11,-3,-11,-15,6,10,24,5,8,11,-19,-27,-10,6,sil
13.446080684661863,-5,-10,-8,-7,0,0,16,5,12,21,-1,-8,9,19,sil
13.446080684661863,-4,-11,-4,-7,-16,-2,8,7,13,18,9,1,12,16,sil
13.461265802383425,1,0,0,0,-16,-7,0,7,14,10,15,14,14,13,sil
13.461265802383425,13,1,9,5,-5,-14,-11,1,6,-2,19,26,21,12,sil
13.47695255279541,19,-1,15,5,1,-9,-9,2,4,-2,31,34,28,14,sil
13.47695255279541,25,3,20,12,3,-5,-6,2,4,5,46,45,32,18,sil
13.492043256759644,31,12,30,17,-3,-13,-16,-4,-13,-9,44,49,20,9,sil
13.492043256759644,21,17,29,18,-4,-14,-20,-9,-24,-32,32,36,6,-4,sil
13.508135795593262,6,22,27,23,6,-7,-17,-8,-22,-31,23,23,1,-9,sil
13.508135795593262,3,16,28,22,4,-4,-20,-8,-29,-21,8,11,-9,-12,sil
13.523640155792236,1,8,13,19,0,0,-6,-6,-35,-15,-3,-1,-20,-16,sil
13.523640155792236,-7,10,8,23,10,13,17,0,-23,-8,-8,-8,-20,-7,sil
13.53974747657776,-13,6,2,26,12,25,24,1,-8,0,-23,-17,-21,0,sil
13.53974747657776,-15,-7,-10,11,2,26,21,2,2,9,-39,-27,-22,-1,sil
13.55518388748169,-15,-14,-16,-4,-3,22,25,9,18,21,-31,-25,-6,0,sil
13.55518388748169,-7,-14,-16,-7,-6,13,23,10,34,34,-15,-19,13,13,sil
13.570451974868774,4,-10,-14,-3,0,-1,4,4,39,31,-14,-14,15,19,sil
13.570451974868774,6,-6,-20,-5,0,-13,-10,0,32,20,-20,-10,5,11,sil
13.585995197296144,4,-10,-24,-21,-16,-14,-7,0,16,6,-14,-3,3,2,sil
13.585995197296144,7,-12,-19,-34,-16,-10,2,4,9,-2,0,6,13,5,sil
13.601362228393556,8,-3,-15,-31,-6,-16,-4,2,8,-8,5,9,14,5,sil
13.601362228393556,8,7,-2,-22,-4,-29,-32,-8,-4,-18,3,7,2,-8,sil
13.617450475692747,11,17,13,-6,4,-24,-30,-6,-8,-16,16,12,1,-11,sil
13.617450475692747,6,16,17,1,10,-2,-7,1,0,-4,32,15,6,-4,sil
13.632979393005373,-5,8,7,-5,3,2,-3,-1,-11,-8,29,11,1,-9,sil
13.632979393005373,-8,1,0,-1,4,-6,-1,-13,-22,-10,16,3,-3,-9,sil
13.648555517196655,-8,-2,11,12,8,4,9,-11,-14,-6,4,-1,-9,-6,sil
13.648555517196655,-18,-10,9,5,0,23,13,-2,-9,-14,-12,-16,-29,-19,sil
13.66422724723816,-31,-25,-19,-16,-9,10,1,0,-22,-22,-33,-34,-40,-33,sil
13.66422724723816,-28,-31,-25,-19,-4,0,-4,1,-21,-8,-37,-35,-24,-21,sil
13.67942237854004,-10,-10,-6,0,3,17,1,9,2,9,-22,-20,-7,0,sil
13.67942237854004,6,18,12,18,9,25,7,10,14,17,1,0,2,18,sil
13.695270538330078,24,22,19,30,9,20,13,2,8,30,23,16,20,29,sil
13.695270538330078,32,10,16,27,6,17,21,-1,6,35,28,18,24,31,sil
13.710647583007812,18,11,10,12,5,5,16,1,2,13,15,12,8,23,sil
13.710647583007812,0,7,0,5,1,-11,4,1,-4,-1,6,6,8,8,sil
13.72629451751709,-10,-8,-8,-1,-2,-11,-1,0,-2,-4,-2,4,6,-4,sil
13.72629451751709,-13,-13,-12,-12,-3,-7,0,5,8,-2,-16,-1,-5,-3,sil
13.741351127624512,-9,-7,-13,-11,-6,-11,-6,6,15,0,-9,-6,2,0,sil
13.741351127624512,-8,-7,-7,-8,-7,-11,-15,1,7,-4,3,-2,7,-9,sil
13.757115125656128,-5,0,-1,0,0,-3,-10,-4,0,-10,2,4,-2,-11,sil
13.757115125656128,10,15,13,15,3,-3,-3,-5,0,-4,7,11,3,0,sil
13.772737741470335,15,9,12,19,-2,-11,-10,-4,0,-1,1,9,11,6,sil
13.772737741470335,-3,-6,-12,-4,-5,-14,-14,-4,-5,-11,-33,-10,-11,0,sil
13.787951231002808,-10,-5,-12,-21,-4,-3,0,-2,-9,-18,-43,-18,-26,-9,sil
13.787951231002808,9,7,10,0,-3,7,11,4,5,0,-2,3,-1,-4,sil
13.803974151611328,27,13,32,20,7,9,6,12,29,28,34,29,26,17,sil
13.803974151611328,17,4,25,4,8,1,8,9,30,28,35,26,25,22,sil
13.819684267044067,-3,-10,-6,-18,-8,-6,5,-1,3,2,14,4,4,-2,sil
13.819684267044067,-4,-5,-9,-15,-8,0,-7,-11,-19,-16,-1,0,-8,-13,sil
13.835293292999268,5,9,1,-1,3,4,-3,-10,-18,-22,-8,-7,-9,-10,sil
13.835293292999268,-2,4,-3,-7,-2,0,6,0,-8,-16,-6,-18,-9,-14,sil
13.851385593414308,-9,-2,-8,-12,-10,4,9,10,7,11,8,-5,0,-1,sil
13.851385593414308,0,4,-2,2,2,6,5,4,13,19,14,7,11,15,sil
13.867049932479858,0,7,0,6,8,-7,-14,-13,-9,-14,0,-3,-1,2,sil
13.867049932479858,-6,0,-6,0,0,-12,-24,-14,-22,-21,0,-10,-7,-9,sil
13.88225793838501,-3,-5,-8,1,3,-4,-11,-3,-8,1,9,-1,1,0,sil
13.88225793838501,1,-8,-2,1,9,-1,0,0,-4,5,0,-1,-3,0,sil
13.897798299789429,1,-11,-4,0,1,1,7,-2,-14,4,-9,-6,-9,-4,sil
13.897798299789429,-4,-11,-5,0,-4,6,4,0,-18,4,-12,-3,-3,-1,sil
13.913731336593628,-4,-7,-3,0,-4,1,-4,0,-15,-8,-12,1,0,0,sil
13.913731336593628,0,-1,2,-2,-2,0,-3,3,0,-24,0,4,0,0,sil
13.929199934005736,-1,-3,3,-1,0,4,6,6,15,-16,3,8,3,2,sil
13.929199934005736,-4,-6,-6,0,0,7,11,4,15,6,-9,3,0,-2,sil
13.944263219833374,-3,-1,-1,-2,0,2,1,4,4,15,-9,-3,-8,-5,sil
13.95992398262024,-2,6,8,3,0,0,-6,4,3,12,3,-5,-6,-3,sil
13.95992398262024,0,13,5,13,3,11,-1,0,5,10,8,1,-5,0,sil
13.95992398262024,6,19,12,16,11,14,7,0,6,12,10,7,-8,8,sil
13.975423812866213,5,17,14,18,13,0,6,3,13,20,9,0,-4,13,sil
13.991528034210203,-5,4,2,6,2,-2,3,4,14,11,-4,-11,-3,1,sil
13.991528034210203,-7,0,-6,-2,0,11,16,5,9,9,-16,-11,-1,0,sil
13.991528034210203,4,4,0,0,4,8,22,6,5,28,-5,-2,7,14,sil
14.007529973983765,1,0,-1,-6,0,-11,2,0,-1,7,5,0,11,8,sil
14.007529973983765,-10,-13,-16,-14,-9,-13,-8,-8,-13,-35,-1,-9,8,-11,sil
14.023322820663452,-2,-12,-9,-8,-5,0,1,-9,-11,-26,-3,-12,6,-2,sil
14.023322820663452,9,0,2,0,2,1,4,-5,0,4,3,-1,5,13,sil
14.038920164108276,7,-2,0,-2,-1,-4,-8,-2,2,6,3,12,12,14,sil
14.038920164108276,13,-5,3,-3,-9,0,-12,6,5,-1,-1,20,18,9,sil
14.059297561645508,19,-3,7,0,-6,1,-1,8,16,-6,0,17,8,0,sil
14.059297561645508,3,-8,1,-6,-10,-12,-2,-1,15,-12,1,8,2,-10,sil
14.068819761276243,-9,-19,-8,-20,-23,-26,-9,-5,0,-4,3,0,9,-11,sil
14.08533215522766,-9,-20,-17,-25,-17,-20,-10,-4,-7,-3,-3,-10,-1,-14,sil
14.08533215522766,-10,-4,-6,-17,4,-2,-11,-5,-7,-10,-9,-6,-19,-17,sil
14.100916385650637,-4,15,3,6,10,3,-5,-1,2,6,7,6,-2,-7,sil
14.100916385650637,3,11,1,7,2,0,-3,1,0,14,15,7,8,-3,sil
14.116960048675535,6,1,2,-12,3,0,-4,1,-17,-7,2,0,-4,-7,sil
14.116960048675535,12,18,14,3,12,3,0,0,-23,-24,4,10,-7,0,sil
14.133978843688965,9,27,18,27,10,-5,-5,-8,-23,-18,11,17,-5,3,sil
14.133978843688965,0,17,7,21,7,-7,-12,-13,-31,-10,0,0,-14,-4,sil
14.133978843688965,3,25,14,23,18,10,1,-4,-27,-11,-7,-8,-17,-2,sil
14.148365497589111,3,27,23,38,19,20,11,1,-10,-8,1,-1,-12,0,sil
14.163315296173096,-11,3,1,26,2,14,5,-1,-5,0,0,-11,-14,-2,sil
14.163315296173096,-21,-16,-16,0,-3,14,14,0,-2,6,-22,-24,-19,2,sil
14.178768873214722,-13,-25,-16,-7,-5,15,30,10,19,19,-25,-18,-10,12,sil
14.178768873214722,-3,-28,-10,-10,-12,4,15,17,36,34,-4,-3,9,19,sil
14.19514799118042,-5,-20,-8,-13,-7,-5,-3,18,36,31,12,7,24,16,sil
14.19514799118042,-9,-11,-11,-7,2,-4,-6,6,29,15,7,8,20,1,sil
14.210297584533691,2,0,-1,-1,5,-3,-5,-5,16,1,6,9,11,-5,sil
14.210297584533691,11,8,1,-7,2,-3,0,-3,10,1,24,13,16,0,sil
14.226131916046144,1,0,-5,-22,-2,5,1,0,14,5,21,3,11,-1,please
14.226131916046144,0,1,3,-9,0,20,1,-2,2,14,-2,-14,-9,-6,please
14.24135684967041,7,14,12,18,7,14,20,-1,-9,25,-5,-14,-7,7,please
14.24135684967041,1,-5,1,5,-4,-2,26,-1,0,5,-3,-8,7,15,please
14.256600618362429,-4,-30,-15,-24,-25,-8,0,-3,2,-22,-21,-13,7,6,please
14.256600618362429,0,-18,-20,-24,-20,-16,-19,0,2,-13,-20,-6,6,2,please
14.272395133972168,3,-2,-11,-20,-9,-24,-24,5,14,2,1,10,13,2,please
14.272395133972168,1,-12,-13,-26,-11,-17,-28,0,6,-8,4,7,13,0,please
14.287983655929564,0,-10,-9,-23,-9,-12,-25,-8,-33,-43,-1,9,3,-8,please
14.287983655929564,2,7,1,-7,0,-12,-10,-5,-48,-56,4,19,-5,-18,please
14.304009675979614,3,18,6,5,2,-12,-10,-2,-28,-19,-1,3,-16,-26,please
14.304009675979614,3,24,13,12,4,-8,-15,-5,-11,6,-16,-8,-28,-27,please
14.319154977798462,8,32,24,27,13,3,6,-5,-2,-1,-1,2,-18,-13,please
14.319154977798462,2,25,30,34,19,11,22,0,-1,5,16,12,3,0,please
14.335238456726074,-11,8,16,25,16,11,12,0,-2,25,4,0,0,-1,please
14.335238456726074,-15,2,3,21,14,8,4,-3,1,11,-5,-9,-20,-8,please
14.350397825241089,-3,7,16,32,16,10,8,-2,0,-5,5,-3,-10,1,please
14.350397825241089,5,10,20,39,15,18,14,1,-4,0,6,1,7,19,please
14.36559247970581,4,1,9,22,3,16,11,1,2,1,-3,0,0,27,please
14.36559247970581,3,-11,0,0,-9,5,7,5,10,8,2,1,-2,22,please
14.381195783615112,3,-14,-9,-8,-8,11,16,14,14,17,5,2,3,14,please
14.381195783615112,-4,-12,-17,-13,-2,17,18,16,20,10,-11,-8,-2,9,please
14.396963596343994,-8,-13,-20,-18,-5,-2,2,7,28,12,-8,-11,5,12,please
14.396963596343994,5,-12,-15,-18,-6,-10,-6,2,28,29,15,7,29,17,please
14.412065029144289,13,-10,-14,-15,-2,5,3,4,20,30,12,17,22,12,please
14.412065029144289,1,-14,-23,-22,-6,-3,-1,-2,2,5,-5,3,4,-3,please
14.427238464355469,-2,-16,-19,-34,-11,-28,-28,-7,-7,-15,0,-2,9,-15,please
14.427238464355469,3,-6,-13,-32,-9,-19,-24,-1,3,-12,14,3,13,-10,please
14.44333553314209,-3,0,-9,-26,-7,-3,-5,-6,-4,-16,4,0,-2,-12,please
14.44333553314209,-11,-1,-2,-17,-6,-13,-14,-15,-37,-35,-10,-11,-22,-29,please
14.459027290344238,-3,3,3,-2,-3,-22,-21,-13,-37,-28,-10,-15,-22,-28,please
14.459027290344238,0,13,9,1,1,-10,-12,-6,-14,-6,2,-2,-3,-8,please
14.47408390045166,0,20,17,10,9,4,-7,-2,-6,0,15,9,6,1,please
14.47408390045166,3,21,26,27,9,6,-6,-2,-9,-5,8,12,0,-2,please
14.489333868026732,-3,11,22,24,0,5,0,-1,-9,-16,-12,-1,-14,-9,please
14.489333868026732,-13,0,4,13,0,5,2,-1,-9,-21,-22,-13,-21,-8,please
14.505374193191528,-7,0,5,15,3,3,2,-2,-9,-7,-10,-5,-9,0,please
14.505374193191528,2,0,7,21,-1,2,9,2,-2,11,4,0,6,4,please
14.521301984786987,5,2,2,21,2,12,23,12,6,18,5,-6,7,7,please
14.521301984786987,2,6,0,17,16,25,35,11,9,25,-6,-8,4,12,please
14.536927938461304,-1,-1,-11,1,11,23,33,4,8,24,-11,-9,5,12,please
14.536927938461304,-1,-14,-15,-15,0,9,18,10,15,7,-1,-9,0,10,please
14.55294942855835,3,-12,-9,-7,0,7,13,13,28,11,0,0,1,15,please
14.55294942855835,2,-5,-4,2,4,9,11,4,25,26,-3,6,6,19,please
14.56829309463501,-2,-9,-1,-10,-4,-2,1,3,18,26,0,9,8,18,please
14.56829309463501,-1,-21,-10,-28,-22,-20,-11,7,20,8,-5,6,8,9,please
14.583733558654783,4,-18,-9,-30,-21,-20,-15,0,17,-11,-6,8,3,0,please
14.583733558654783,14,2,3,-12,-4,-6,-7,-6,11,-12,11,19,8,0,please
14.59937858581543,16,11,4,-3,-3,-12,-15,-7,-2,-6,16,20,11,0,please
14.615416049957275,0,1,0,-9,-13,-25,-34,-12,-25,-15,3,2,-6,-15,please
14.615416049957275,-9,5,1,-3,-4,-12,-25,-16,-22,-20,9,-4,-10,-21,please
14.615416049957275,0,21,9,9,15,5,-7,-7,-12,-14,24,9,4,-12,please
14.631491422653198,8,26,15,17,26,2,-4,1,-9,-9,21,12,6,-6,sil
14.631491422653198,6,17,10,20,21,0,-3,0,2,-6,9,-1,-5,-7,sil
14.647102117538452,-9,7,1,12,5,3,-2,-7,0,-10,-7,-12,-15,-8,sil
14.647102117538452,-21,2,-2,8,0,-2,-5,-10,-27,-16,-14,-16,-20,-12,sil
14.662370443344116,-6,8,10,16,2,-4,-8,-6,-37,-12,-1,-6,-11,-9,sil
14.678953647613524,6,9,14,18,2,10,-4,0,-21,-3,0,0,-2,2,sil
14.678953647613524,-5,-8,-4,2,0,15,6,0,-11,4,-14,-9,-13,5,sil
14.678953647613524,-8,-15,-11,-8,0,10,16,2,-3,10,-16,-9,-15,0,sil
14.69397497177124,5,-2,-5,0,0,9,23,15,14,24,-2,-1,7,11,sil
14.69397497177124,0,-7,-1,4,0,5,18,15,18,29,0,-5,17,16,sil
14.709166765213013,-9,-20,-2,-6,-4,5,12,1,13,15,-7,-10,6,8,sil
14.725229024887083,-6,-21,-10,-18,-10,10,18,2,20,6,-13,-14,3,7,sil
14.725229024887083,-5,-24,-15,-27,-18,0,14,5,13,0,-25,-17,0,0,sil
14.725229024887083,-1,-22,-18,-26,-18,-14,-1,-1,0,-13,-27,-9,-1,-12,sil
14.740418910980225,15,1,-5,-9,-3,-10,-5,4,5,-11,-4,9,7,-2,sil
14.740418910980225,20,10,0,0,2,0,0,14,17,4,16,17,16,10,sil
14.756038188934326,6,-3,-9,-7,-6,-4,-7,3,15,4,18,15,15,3,sil
14.756038188934326,2,1,1,-6,-3,-16,-18,-5,-1,-7,18,18,14,-2,sil
14.771353721618652,10,25,18,13,9,-18,-14,-2,-12,-10,27,16,8,0,sil
14.787211418151855,9,24,12,12,8,-9,-8,-6,-7,-11,30,13,0,0,sil
14.787211418151855,1,11,8,6,0,6,0,-7,-1,0,23,14,-2,1,sil
14.787211418151855,-2,15,9,25,11,16,12,-2,-2,16,4,-1,-9,1,sil
14.802784204483032,-14,14,5,24,17,11,8,-5,-10,0,-18,-21,-29,-11,sil
14.818050622940063,-27,-6,-6,0,3,6,1,-9,-14,-12,-23,-16,-30,-15,sil
14.818050622940063,-14,-10,-2,6,-2,10,8,0,0,10,-7,1,-4,9,sil
14.833213329315186,9,1,12,17,4,10,9,12,22,29,8,10,17,33,sil
14.833213329315186,10,-7,2,-9,-4,-4,-10,0,17,12,6,6,11,19,sil
14.849001407623293,0,-21,-11,-36,-15,-20,-24,-7,0,-3,-4,3,0,0,sil
14.849001407623293,4,-9,-6,-15,-5,-15,-9,2,10,2,0,8,6,0,sil
14.864473104476929,3,1,-3,-3,0,-3,-4,-1,3,-8,7,6,11,-7,sil
14.864473104476929,-3,4,4,-14,-1,6,-14,-16,-28,-31,-4,-8,-5,-28,sil
14.880410432815552,0,10,14,6,9,21,1,-8,-28,-19,-23,-19,-16,-22,sil
14.880410432815552,-5,5,9,30,15,24,25,7,-6,0,-29,-21,-12,-3,sil
14.895427942276,-9,-9,-8,6,-1,0,19,13,4,4,-21,-20,-4,1,sil
14.895427942276,3,-10,-10,-15,-8,-17,4,9,12,10,-2,-3,10,3,sil
14.910966634750366,7,-2,0,-16,0,-11,-3,1,9,0,14,14,20,4,sil
14.910966634750366,-3,3,-6,-15,0,-11,-13,0,2,-14,18,11,12,-1,sil
14.926125288009644,-4,16,0,-2,-5,-14,-25,0,-4,-18,14,4,-1,-9,sil
14.926125288009644,2,27,12,18,3,0,-23,-7,-15,-13,10,2,-6,-9,sil
14.942152976989746,3,18,7,24,10,8,-4,-6,-19,0,2,1,-3,0,sil
14.942152976989746,-3,0,-1,18,2,6,12,3,-5,12,-1,-2,-7,5,sil
14.95745587348938,-13,-14,-13,9,-5,9,15,5,8,11,-10,-14,-20,0,sil
14.95745587348938,-9,-23,-22,-8,-11,9,12,3,5,9,-27,-20,-23,0,sil
14.973515272140505,6,-31,-20,-24,-11,0,20,4,11,16,-22,-10,-4,11,sil
14.973515272140505,10,-23,-13,-23,-2,-8,17,0,22,13,9,6,13,13,sil
14.989465475082396,3,-1,1,-10,3,-10,-2,-1,10,0,25,17,18,0,sil
14.989465475082396,3,5,10,0,1,-7,-4,-2,-10,-1,19,12,13,-3,sil
15.0056254863739,3,4,17,0,1,0,3,-3,-18,-4,17,8,5,-1,sil
15.0056254863739,0,16,25,15,7,10,3,0,-12,-5,11,8,3,0,sil
15.021478176116943,0,18,19,34,11,20,2,0,0,9,0,-1,5,2,sil
15.021478176116943,4,-1,5,19,3,13,0,4,15,19,-7,-4,1,9,sil
15.037232398986816,7,-10,-8,-4,-4,-1,-2,11,29,18,-13,0,0,14,sil
15.037232398986816,6,-1,-8,-2,0,-2,5,6,26,18,-9,0,8,20,sil
15.052401542663574,13,-1,0,1,-1,0,6,-2,7,2,3,4,15,21,sil
15.052401542663574,18,-2,-1,-13,-14,-15,-15,-9,-14,-25,10,17,12,6,sil
15.068405389785768,10,13,4,-19,-4,-24,-28,-11,-20,-27,16,27,7,-7,sil
15.068405389785768,5,17,14,2,9,-11,-15,-4,-10,-13,19,18,-3,-7,sil
15.0839364528656,2,-1,15,13,0,0,-7,-3,-12,-21,2,-1,-24,-12,sil
15.0839364528656,-10,0,5,7,0,6,-4,-6,-12,-19,-12,-9,-28,-15,sil
15.099318027496338,-29,11,-11,7,10,15,11,3,5,6,-13,-10,-15,-8,sil
15.099318027496338,-35,-5,-19,-8,0,18,19,12,12,11,-21,-20,-14,-13,sil
15.115554571151732,-16,-21,-24,-25,-11,8,12,3,11,3,-22,-21,-6,-16,sil
15.115554571151732,-2,-9,-22,-21,-7,-7,0,-2,8,0,-11,-3,12,-7,sil
15.131105661392212,-12,0,-10,-15,-4,-17,-14,-4,-6,-8,0,6,16,-10,sil
15.131105661392212,-12,4,0,-8,-2,-16,-15,-11,-20,-15,7,-1,3,-15,sil
15.147265911102297,0,12,10,2,5,-8,-9,-11,-20,-7,6,-10,-6,-9,sil
15.147265911102297,0,10,13,14,14,7,-3,0,-15,2,0,-14,-12,-5,sil
15.162769556045532,-6,0,5,20,17,19,8,1,-11,0,-10,-18,-15,-5,sil
15.162769556045532,-3,0,0,21,8,22,17,2,-6,4,-19,-20,-12,0,sil
15.178728580474854,2,-5,-7,11,-2,18,15,11,13,22,-20,-16,0,12,sil
15.178728580474854,16,-19,-3,-9,-5,1,10,20,36,20,-6,0,14,23,sil
15.195082426071169,29,-14,3,-15,-8,-17,4,16,35,14,17,16,26,27,sil
15.195082426071169,31,3,7,-5,-10,-21,-12,1,10,16,36,27,31,22,sil
15.210954666137695,24,7,16,-1,-5,-14,-24,-8,-6,0,30,31,21,16,sil
15.210954666137695,13,7,18,3,0,-9,-21,-10,-5,-15,15,20,4,5,sil
15.2258141040802,0,13,12,12,4,-1,-9,-7,-13,-11,7,0,-14,-9,sil
15.2258141040802,-10,6,-2,16,7,9,9,-6,-24,-9,1,-13,-21,-11,sil
15.241330862045288,-16,-5,-14,9,4,18,23,0,-8,2,-5,-12,-8,1,sil
15.241330862045288,-16,-12,-16,-10,1,20,23,10,20,25,-18,-11,-1,9,sil
15.257314920425417,-14,-20,-23,-31,-1,5,24,11,36,20,-27,-10,-4,5,sil
15.257314920425417,0,-15,-20,-25,-3,-13,10,1,24,-3,-6,9,2,-2,sil
15.273347854614258,11,3,1,-2,2,-17,-10,-5,0,-8,26,32,13,-7,sil
15.273347854614258,4,11,17,6,1,-12,-17,-6,-14,-9,25,19,0,-8,sil
15.289368629455566,-4,3,13,7,-6,-4,-12,-6,-23,-16,-5,-8,-16,-11,sil
15.289368629455566,-7,-4,0,15,-5,7,1,-5,-20,-2,-20,-14,-15,-11,sil
15.305384635925291,-10,-8,-8,0,-2,6,4,-4,-3,1,-13,-8,-6,-4,sil
15.305384635925291,-8,-10,-10,-22,-10,-10,-13,0,5,-14,-10,-3,0,-2,sil
15.321050882339478,-5,0,-9,-10,-11,-19,-21,0,-8,-22,-2,4,7,-10,sil
15.321050882339478,-9,21,11,16,0,-1,-8,-4,-25,-19,5,4,-1,-17,sil
15.337120294570925,-6,26,20,31,9,21,8,1,-10,-5,0,-11,-13,-12,sil
15.337120294570925,11,11,18,33,9,26,23,10,16,21,4,-5,6,14,sil
15.3527090549469,29,4,20,25,4,9,22,7,23,30,22,24,39,39,sil
15.3527090549469,32,14,20,19,6,-5,0,0,10,12,29,33,45,31,sil
15.368597030639648,32,30,27,25,16,0,-15,1,-1,3,33,33,27,12,sil
15.368597030639648,25,28,28,30,12,6,-10,3,-7,7,28,25,6,5,sil
15.384198427200316,-7,2,6,15,-1,0,-4,0,-11,-1,-5,1,-14,-2,sil
15.384198427200316,-25,-16,-15,-5,0,0,5,2,2,-3,-27,-15,-23,-3,sil
15.399420261383057,-9,-25,-25,-30,-6,0,6,7,20,7,-20,-16,-16,1,sil
15.399420261383057,-17,-43,-34,-62,-26,-20,-16,0,5,-4,-25,-24,-15,-11,sil
15.41555404663086,-28,-44,-44,-63,-25,-27,-23,-9,-2,-19,-31,-25,-14,-19,sil
15.41555404663086,-9,-17,-36,-48,-6,-13,-10,-5,10,-12,-14,-12,-4,-7,sil
15.430943489074709,-2,-6,-22,-49,0,-4,-7,-4,1,-6,-6,-12,-5,-8,sil
15.430943489074709,-12,-5,-17,-38,6,0,0,-10,-16,-6,-9,-25,-20,-13,sil
15.447119235992432,-11,6,-8,-8,19,8,11,-8,-15,-8,-8,-27,-28,-11,sil
15.447119235992432,-10,9,-1,2,18,11,15,0,-10,-11,-16,-30,-29,-16,sil
15.462754726409912,-12,0,1,4,10,16,14,2,-10,-1,-23,-33,-24,-14,sil
15.462754726409912,-7,-2,1,12,9,18,18,6,-6,17,-18,-20,-11,-2,sil
15.47838282585144,-8,-8,-6,12,-1,5,21,12,1,27,-15,-17,0,-2,sil
15.47838282585144,-8,-12,2,11,-10,3,17,14,18,21,-7,-12,12,3,sil
15.493988275527954,6,0,19,25,-1,5,13,7,36,20,24,13,34,26,sil
15.493988275527954,26,13,22,30,2,-4,3,-1,29,20,51,42,51,31,sil
15.509998083114624,27,9,20,20,-7,-8,-7,-1,10,9,40,47,46,16,sil
15.509998083114624,22,6,16,18,-12,-10,-10,0,7,-6,20,42,27,9,sil
15.525350332260132,28,17,22,26,-3,-18,-16,0,4,-10,24,51,15,11,sil
15.525350332260132,26,21,26,27,2,-8,-19,-3,-11,-10,27,49,12,2,sil
15.54068899154663,5,10,14,14,0,-2,-20,-10,-32,-24,11,23,0,-15,sil
15.54068899154663,-2,14,8,16,-2,-12,-28,-15,-42,-32,5,10,-13,-18,sil
15.555992603302002,0,24,11,36,3,-2,-18,-11,-28,-19,6,11,-11,-7,sil
15.555992603302002,0,15,16,35,17,19,8,1,-5,-8,-8,1,-12,1,sil
15.571344375610352,-1,5,9,15,16,19,24,10,7,7,-12,-8,-13,12,sil
15.571344375610352,-2,-2,-7,-1,-5,8,18,0,4,26,-4,-14,-7,14,sil
15.586477994918823,-12,-21,-17,-25,-18,1,4,-5,-5,10,-16,-24,-12,3,sil
15.586477994918823,-18,-29,-29,-41,-8,0,1,2,0,-4,-19,-25,-14,3,sil
15.602405548095703,-17,-20,-40,-42,1,1,5,8,16,7,-2,-18,0,5,sil
15.602405548095703,-6,-11,-27,-38,-4,-1,4,8,27,8,5,-9,14,0,sil
15.61796736717224,10,0,-4,-25,-11,-11,0,12,26,-1,13,7,19,4,sil
15.61796736717224,17,12,10,-9,-3,-15,-7,5,8,0,12,14,9,0,sil
15.633038997650146,5,13,0,-14,7,-13,-12,-8,-13,-11,-8,-11,-24,-26,sil
15.633038997650146,-11,8,-6,-19,8,-1,-4,-10,-21,-30,-21,-29,-42,-30,sil
15.648698329925535,-12,6,11,5,7,16,10,-2,-11,-12,-19,-17,-24,-6,sil
15.648698329925535,-6,-1,14,24,9,21,10,-3,-4,11,-27,-18,-16,0,sil
15.664234638214111,-18,-29,-8,0,2,12,0,-9,0,7,-36,-32,-25,-12,sil
15.664234638214111,-30,-46,-31,-21,-6,8,10,0,12,16,-28,-30,-10,-13,sil
15.680238485336304,-15,-30,-19,-12,-3,2,18,15,23,29,-12,-11,11,0,sil
15.680238485336304,0,-12,0,-5,-7,-10,-1,14,20,11,3,0,19,9,sil
15.69582748413086,0,-11,-3,-12,-18,-16,-17,-3,2,-9,7,4,20,10,sil
15.69582748413086,4,-5,-8,-15,-9,-14,-18,-14,-21,-18,0,13,15,5,sil
15.71147084236145,16,14,4,0,2,-9,-15,-5,-21,-14,16,25,21,1,sil
15.71147084236145,30,36,28,22,5,-6,-11,3,2,8,47,41,39,7,sil
15.727078676223757,39,44,39,27,10,-11,-8,3,6,19,56,51,42,20,sil
15.727078676223757,21,30,22,18,10,-13,-8,-6,-13,-3,39,34,25,13,sil
15.743138551712036,-5,14,10,18,4,0,0,-10,-31,-23,14,7,3,-9,sil
15.743138551712036,-9,13,5,26,6,20,13,0,-25,-13,-8,-7,-9,-17,sil
15.758450031280518,-4,10,-2,21,9,23,19,8,-2,2,-23,-15,-10,-1,sil
15.758450031280518,-5,-2,-3,14,3,19,21,9,14,19,-15,-11,0,12,sil
15.773959636688232,-3,-7,-3,15,2,15,24,7,19,30,0,-7,5,13,sil
15.773959636688232,0,0,-3,15,8,11,22,8,26,22,0,-8,1,12,sil
15.789127826690674,0,-5,-1,8,3,6,20,9,37,14,-5,-2,6,17,sil
15.789127826690674,0,-20,-2,-7,-10,-4,4,3,22,9,0,3,2,12,sil
15.805338621139526,-4,-20,-6,-21,-16,-17,-21,-8,-5,-15,-6,-3,-27,-6,sil
15.805338621139526,-4,-10,-16,-20,-12,-17,-26,-13,-7,-34,-17,-14,-41,-13,sil
15.820375204086304,-1,-6,-10,-19,-6,-13,-16,-6,1,-17,-7,-3,-26,-9,sil
15.83633279800415,-3,-4,-2,-17,-6,-13,-16,-2,-5,1,4,9,-32,-10,sil
15.83633279800415,-5,0,-7,-9,-9,-12,-22,-10,-19,-14,-2,5,-61,-14,sil
15.83633279800415,-10,0,-9,-10,-8,-6,-22,-12,-23,-40,-14,-8,-60,-24,sil
15.852065324783323,-8,6,-7,-6,1,0,-8,-5,-17,-36,-25,-20,-26,-29,sil
15.852065324783323,1,20,2,15,10,2,4,0,-23,-25,-28,-12,-2,-17,sil
15.86797332763672,4,20,11,21,7,0,1,0,-27,-13,-8,-1,9,-8,sil
15.86797332763672,-9,-4,7,-3,4,6,1,2,-13,2,9,-10,22,-7,sil
15.884002923965454,-9,-12,12,-8,11,23,16,9,1,11,8,-11,26,3,sil
15.884002923965454,3,0,10,13,14,23,23,14,19,27,16,5,33,20,sil
15.89919900894165,6,-13,-3,-9,3,14,17,14,39,53,30,11,40,28,sil
15.89919900894165,0,-32,-11,-57,-10,12,18,12,43,51,25,6,36,29,sil
15.915459394454956,0,-19,-7,-40,-18,1,13,5,20,34,12,2,42,23,sil
15.915459394454956,5,0,2,1,-7,-3,4,0,6,25,4,6,52,14,sil
15.93059253692627,15,4,5,5,6,-2,7,1,16,20,7,17,46,16,sil
15.94626498222351,19,6,2,-6,0,-21,-5,0,8,2,14,25,31,14,sil
15.94626498222351,5,7,4,3,-15,-31,-29,-11,-20,-28,1,13,10,-5,sil
15.962330341339111,0,13,8,28,-5,-15,-28,-13,-26,-39,-15,1,-13,-16,sil
15.962330341339111,8,22,15,29,6,-14,-12,-6,-12,-17,1,13,-14,-7,sil
15.962330341339111,10,19,4,16,3,-17,0,-3,-9,-6,21,16,-8,-4,sil
15.976994752883911,3,12,2,20,3,-2,0,-9,-19,-22,2,4,-24,-12,sil
15.99210286140442,3,14,11,32,12,12,-2,-8,-13,-17,-14,-5,-39,-15,sil
15.99210286140442,-5,12,3,26,20,25,13,3,11,7,-7,-13,-31,-10,sil
16.007700443267822,-17,1,-4,17,21,29,17,9,14,7,-7,-17,-27,-3,sil
16.007700443267822,-9,0,-2,18,11,14,0,0,-6,0,-13,-15,-29,3,sil
16.022977828979492,-5,2,0,12,1,9,5,-2,-12,0,-12,-15,-29,2,sil
16.022977828979492,-21,-8,-8,1,-3,18,25,6,2,5,-22,-22,-26,-8,sil
16.03896164894104,-22,-26,-26,-14,-11,2,15,9,12,10,-33,-25,-16,-11,sil
16.03896164894104,-1,-25,-22,-34,-17,-20,-9,6,5,-5,-18,-8,0,-2,sil
16.06062078475952,6,-19,-5,-32,-14,-14,-7,3,4,-14,0,12,10,4,sil
16.06062078475952,2,-23,-6,-24,-13,-6,0,3,16,6,10,18,20,14,sil
16.06062078475952,3,-19,-8,-25,-13,-12,-13,4,19,12,15,12,24,17,sil
16.07072901725769,6,-1,-3,-16,-3,-8,-25,-6,0,-7,14,1,12,0,sil
16.086185455322266,7,11,3,-6,2,0,-17,-14,-22,-13,14,2,4,-9,sil
16.086185455322266,5,9,3,-12,-1,-3,-2,-4,-16,-3,15,7,13,0,sil
16.102299451828003,0,5,2,-19,-2,-13,-3,-4,-10,-12,2,3,13,-1,please
16.102299451828003,-2,12,4,-12,2,-13,-15,-7,-19,-18,-3,-6,2,-15,please
16.118406772613525,-4,14,1,0,4,-3,-16,-2,-17,-10,0,-18,0,-22,please
16.118406772613525,-10,4,3,0,2,5,-9,-3,-9,-5,-10,-21,-5,-20,please
16.13392949104309,-10,3,8,6,4,10,7,-3,-1,3,-16,-16,-9,-5,please
16.13392949104309,0,9,7,21,10,20,31,6,7,18,2,-2,-3,12,please
16.15096116065979,5,7,10,21,5,26,36,13,12,17,6,11,0,20,please
16.15096116065979,2,0,7,10,0,15,23,13,21,27,-1,11,0,17,please
16.15096116065979,-2,-7,0,9,8,9,14,12,33,43,0,3,2,13,please
16.165602445602417,0,-4,-2,16,14,12,16,6,30,33,5,8,3,14,please
16.18134903907776,10,6,2,15,1,-5,6,-1,3,-4,5,15,0,12,please
16.18134903907776,14,11,6,6,-9,-27,-11,-8,-21,-33,4,11,0,0,please
16.197327375411987,7,-1,-7,2,-11,-16,-11,-4,-15,-22,0,7,2,-1,please
16.197327375411987,0,-17,-13,-6,-10,-1,-7,2,3,4,3,11,6,7,please
16.212395191192627,0,-17,1,-6,-5,-6,-9,1,8,14,11,17,12,0,please
16.212395191192627,6,-4,8,4,0,-12,-13,-4,0,-4,0,13,7,-5,please
16.22831964492798,16,12,14,12,7,-6,-14,-4,-8,-28,-9,10,-11,0,please
16.22831964492798,18,20,18,21,6,-1,-2,-1,-4,-19,6,12,-7,4,please
16.243988513946533,3,2,9,12,-1,-7,0,0,0,2,17,4,9,1,please
16.243988513946533,-14,-20,-5,-13,-8,-7,-12,-2,-12,-4,1,-18,1,-9,please
16.259130477905273,-18,-19,-10,-16,-4,10,-1,1,-11,-2,-5,-32,-4,-14,please
16.259130477905273,-12,-7,-4,-4,2,28,21,12,10,23,-2,-19,5,0,please
16.275408506393433,-8,-9,-20,-12,0,20,16,5,20,22,-19,-13,2,3,please
16.275408506393433,-6,-6,-30,-28,-4,-7,-4,-7,7,-4,-23,-10,-1,-5,please
16.291000604629517,0,12,-6,-24,0,-25,-17,-6,-2,-11,9,6,12,0,please
16.291000604629517,13,31,11,0,6,-18,-21,-8,-8,-10,33,22,15,9,please
16.306245803833008,21,36,20,22,14,3,-13,-9,-12,-1,22,16,3,0,please
16.306245803833008,11,24,17,28,17,18,1,-1,-4,8,0,-5,-5,-8,please
16.322269916534424,-14,5,0,11,6,13,4,-3,-9,-12,-18,-27,-23,-14,please
16.322269916534424,-26,-7,-10,-4,-4,9,8,-1,-18,-24,-20,-29,-33,-19,please
16.338313341140747,-15,-13,-6,-1,-6,13,19,9,-5,7,-13,-16,-15,-10,please
16.338313341140747,-12,-21,-2,-2,-10,10,18,4,0,19,-19,-7,-8,0,please
16.35432744026184,-18,-25,-14,-14,-9,2,17,-3,-1,0,-26,-10,-21,0,please
16.35432744026184,-21,-24,-25,-24,-8,-9,11,6,11,-9,-27,-16,-22,-11,please
16.369932174682617,-18,-32,-21,-32,-20,-18,1,13,24,-7,-23,-9,-4,-10,please
16.369932174682617,-5,-27,-15,-30,-19,-14,-4,2,19,5,-5,3,10,6,please
16.384955644607544,11,0,-2,-16,0,-10,-13,-5,1,0,15,15,7,8,please
16.384955644607544,22,20,9,1,7,-11,-16,-4,-9,-9,28,29,11,0,please
16.40099835395813,28,26,18,19,5,-5,-9,-1,-15,0,36,34,25,7,please
16.40099835395813,23,28,27,33,14,3,-8,-6,-22,-5,20,16,5,10,please
16.416332483291626,9,18,19,35,13,10,-2,-5,-18,-16,0,0,-14,2,please
16.416332483291626,7,3,12,24,2,13,12,10,9,16,1,7,7,15,please
16.43209433555603,14,-3,5,12,5,9,18,17,41,44,0,2,26,31,please
16.43209433555603,14,-5,0,0,8,0,9,2,35,18,-5,1,19,21,please
16.447235107421875,15,5,15,-4,0,-4,-7,-4,5,-4,23,27,25,8,please
16.447235107421875,17,26,24,6,0,-1,-17,-3,-12,0,44,27,25,6,please
16.463337898254395,3,20,14,10,4,4,-12,-10,-23,-9,12,-5,-6,-4,please
16.463337898254395,-15,-6,2,4,2,11,0,-11,-20,-12,-15,-23,-29,-16,please
16.479371547698975,-22,-20,-7,0,1,4,8,0,4,12,-13,-21,-20,-10,please
16.479371547698975,-15,-16,-15,-12,-4,-8,1,9,19,15,-8,-12,1,-6,please
16.49503779411316,0,-2,-15,-13,-12,-14,-5,5,14,-5,8,6,26,-2,please
16.49503779411316,14,8,0,0,-5,-16,-8,0,4,-14,28,19,28,2,please
16.510209798812866,0,7,0,3,3,-10,-5,1,-2,-7,14,4,1,-6,sil
16.510209798812866,-23,0,-14,1,4,3,0,-2,-6,0,-10,-16,-18,-17,sil
16.526495933532715,-22,-1,-7,6,5,12,4,-3,-7,-4,-12,-15,-18,-10,sil
16.526495933532715,-8,-4,-3,4,2,11,7,0,-5,-11,-14,-8,-20,-5,sil
16.54244375228882,-13,-9,-10,-8,0,10,5,-6,-10,-6,-33,-14,-29,-9,sil
16.54244375228882,-14,-13,-9,-9,0,12,14,0,-5,12,-38,-15,-17,-5,sil
16.55801773071289,-5,-15,-12,-9,-10,11,26,13,14,24,-19,-11,7,4,sil
16.55801773071289,-3,-14,-16,-25,-15,6,16,7,15,11,-19,-12,5,7,sil
16.57308030128479,-1,-16,-16,-30,-11,-5,1,-3,-1,-10,-24,-13,-8,6,sil
16.57308030128479,6,-17,-11,-24,-11,-20,-5,1,-4,-15,0,7,0,6,sil
16.58822512626648,9,-3,-4,-19,-11,-26,-16,0,-2,-9,21,22,10,-1,sil
16.58822512626648,3,9,2,0,-3,-21,-22,-8,-13,-15,8,1,-1,-12,sil
16.60434865951538,5,15,19,13,5,-10,-14,-6,-22,-17,7,-1,-6,-8,sil
16.60434865951538,23,24,31,18,7,0,-9,-5,-17,-6,36,27,3,3,sil
16.620200872421265,28,29,30,28,8,0,-17,-10,-16,-12,36,30,-2,4,sil
16.620200872421265,8,22,29,39,14,6,-12,-6,-11,-9,5,9,-7,5,sil
16.635241746902466,-2,11,15,26,18,17,9,4,11,24,-1,3,12,11,sil
16.635241746902466,0,1,2,12,14,20,19,13,25,37,3,-2,15,9,sil
16.651129722595215,0,-1,-1,19,8,19,19,14,20,23,-5,-12,3,5,sil
16.651129722595215,-1,-8,-8,4,-2,12,16,8,18,20,-14,-13,5,6,sil
16.666348934173584,-9,-21,-24,-28,-9,0,10,7,26,16,-11,-17,7,2,sil
16.666348934173584,-13,-20,-30,-25,2,-5,5,6,25,1,-3,-15,9,0,sil
16.68192744255066,0,-2,-8,-5,3,-9,-11,-2,7,-6,7,3,14,1,sil
16.68192744255066,11,10,7,-9,-10,-13,-22,-9,-7,-11,15,16,4,-7,sil
16.697057485580444,1,6,2,-15,-7,-6,-16,-14,-25,-32,9,9,-10,-19,sil
16.697057485580444,-9,-2,0,-10,0,-1,-13,-18,-34,-44,-1,-1,-20,-26,sil
16.71215558052063,-9,2,5,1,-2,0,-4,-9,-20,-17,-7,-9,-28,-18,sil
16.71215558052063,-10,12,10,8,-1,10,11,3,-4,6,-16,-8,-26,3,sil
16.727372646331787,-6,0,0,5,1,20,21,8,8,14,-18,-3,-6,20,sil
16.727372646331787,4,-4,-3,9,9,16,22,12,22,32,0,0,12,18,sil
16.74330186843872,0,0,0,0,0,0,5,8,13,23,0,1,13,6,sil
16.74330186843872,-5,-42,-5,-32,-43,-21,-13,0,-4,-11,-15,7,10,3,sil
16.75858974456787,16,-48,9,-28,-29,-25,-8,-1,-3,-12,8,27,14,10,sil
16.774206399917603,17,33,13,19,31,-15,-2,-4,-4,2,36,22,4,1,sil
16.774206399917603,-8,64,-11,26,24,-10,-15,-12,-15,-12,11,-5,-19,-18,sil
16.789522409439087,-9,14,-1,10,-6,5,-7,1,-4,-7,1,-1,-7,-9,sil
16.789522409439087,-9,-9,10,19,11,22,15,16,14,26,17,7,24,4,sil
16.80504846572876,-27,-16,-23,5,6,9,13,3,10,19,-4,-18,13,-2,sil
16.80504846572876,-12,-22,-36,-18,-15,-4,3,-1,13,4,-24,-29,4,3,sil
16.80504846572876,26,-3,-3,-7,-1,-7,0,3,26,18,0,-1,32,22,sil
16.82032299041748,30,13,12,2,2,-14,-11,-1,3,0,23,19,25,9,sil
16.835379362106323,13,14,10,3,-6,-10,-14,-9,-30,-27,18,12,-14,-5,sil
16.835379362106323,19,19,37,10,9,8,4,-4,-26,-15,-2,0,-12,0,sil
16.85076117515564,25,19,45,10,24,22,20,2,-2,3,-15,-1,1,2,sil
16.85076117515564,-3,7,-3,9,15,21,13,0,0,2,-18,-8,-22,-2,sil
16.866084098815918,-30,-13,-28,1,-6,10,3,-6,-7,-1,-38,-20,-37,-11,sil
16.866084098815918,-9,-29,-10,-13,-21,-2,7,-2,-3,-1,-41,-17,-12,-12,sil
16.881144523620605,9,-21,-4,-16,-10,-13,0,4,10,0,-3,2,4,-1,sil
16.881144523620605,-7,-14,-21,-12,-2,-14,-20,5,10,-2,15,10,0,0,sil
16.897448539733887,-18,-13,-24,-15,-9,-8,-26,0,-7,-13,5,1,-10,-13,sil
16.897448539733887,0,6,5,-7,4,0,-12,0,-15,-20,14,6,-8,-13,sil
16.912351608276367,13,31,27,19,19,9,3,1,-2,-12,27,15,4,0,sil
16.912351608276367,1,24,13,27,12,6,0,-4,-2,-9,15,2,-5,-2,sil
16.928619146347046,-24,0,-3,6,2,0,-5,-7,-16,-9,-8,-20,-25,-15,sil
16.928619146347046,-31,-19,-9,-1,0,7,5,-2,-6,2,-21,-26,-15,-10,sil
16.944334983825684,-16,-24,-9,-1,-9,11,12,2,10,16,-18,-15,-4,7,sil
16.944334983825684,-5,-15,-13,-12,-17,0,8,7,22,28,-2,-4,4,22,sil
16.95906376838684,1,-6,-9,-24,-13,-5,10,9,36,27,15,6,32,27,sil
16.95906376838684,11,-8,-2,-26,-5,-2,5,4,32,14,20,14,38,18,sil
16.97438097000122,13,-6,-7,-32,-14,-15,-12,-2,5,0,8,11,14,3,sil
16.97438097000122,10,15,1,-32,-17,-30,-28,-4,-13,-18,2,16,4,-1,sil
16.990509271621704,15,35,19,0,3,-16,-18,0,-9,-15,12,22,11,-1,sil
16.990509271621704,13,30,22,26,18,8,0,0,-4,5,10,10,9,-3,sil
17.00624442100525,-3,13,21,23,9,18,10,-3,-13,3,-9,-5,-5,-3,sil
17.00624442100525,-3,7,15,26,11,24,22,0,-9,-2,-21,-10,-12,4,sil
17.021760940551758,10,9,10,31,15,23,28,8,13,18,-6,0,2,12,sil
17.021760940551758,5,-1,-4,13,3,8,19,5,22,29,7,4,8,9,sil
17.03691291809082,1,-17,-12,-3,-1,-5,8,0,13,12,5,0,5,11,sil
17.03691291809082,18,-10,-3,0,9,-10,0,4,6,8,10,8,17,11,sil
17.052948236465454,22,1,-4,9,13,-17,-16,-1,-10,-4,16,12,14,-11,sil
17.052948236465454,1,2,-4,12,6,-18,-26,-12,-35,-35,7,-4,-14,-30,sil
17.069066762924194,-2,11,12,19,7,-5,-6,-5,-28,-29,7,-9,-19,-18,sil
17.069066762924194,-2,8,6,19,7,2,2,-4,-15,-7,1,-6,-13,-7,sil
17.085166692733765,-23,-18,-14,0,-1,7,-6,-13,-19,-8,-25,-17,-25,-16,sil
17.085166692733765,-28,-27,-21,-11,-11,10,2,-7,-8,-1,-29,-19,-22,-12,sil
17.10073184967041,-16,-17,-14,-17,-17,1,5,4,9,6,-18,-8,-9,0,sil
17.10073184967041,-13,-20,-14,-25,-24,-9,-13,4,6,-6,-18,-3,-2,4,sil
17.116474390029907,-5,-18,-12,-24,-25,-14,-19,0,-1,-13,-3,6,11,7,sil
17.116474390029907,3,0,-1,-19,-17,-11,-12,-2,-2,-11,17,18,11,-3,sil
17.132248163223267,1,14,9,-6,-6,-1,-9,-1,0,-14,23,18,0,-10,sil
17.132248163223267,7,28,30,14,3,5,-2,4,4,-4,26,26,11,6,sil
17.147440433502197,18,29,44,29,14,18,12,10,4,15,15,23,14,21,sil
17.147440433502197,10,13,20,26,15,27,18,5,1,20,-7,-5,-12,9,sil
17.162962436676025,-4,0,-1,13,6,20,13,1,8,13,-18,-22,-20,0,sil
17.162962436676025,-8,-10,-13,-5,0,9,17,4,20,17,-21,-26,-4,7,sil
17.17815065383911,-10,-21,-25,-31,-3,4,22,6,21,20,-28,-32,0,11,sil
17.17815065383911,-6,-18,-26,-40,-3,-6,14,8,22,8,-19,-22,3,6,sil
17.19366693496704,3,-10,-25,-36,0,-17,-7,6,29,4,-1,-11,10,0,sil
17.19366693496704,7,-3,-19,-32,0,-15,-24,1,17,3,5,-5,8,-5,sil
17.209664821624756,10,13,-3,-13,4,-13,-13,0,3,0,17,8,19,-3,sil
17.209664821624756,18,26,13,8,16,-10,3,-1,0,-7,28,22,25,0,sil
17.22520351409912,15,21,16,13,19,-1,0,-2,-8,-11,23,11,1,-2,sil
17.22520351409912,-1,9,5,16,9,3,1,-4,-15,0,14,-1,-13,-2,sil
17.240047931671143,-14,-1,2,20,5,6,11,-6,-14,5,1,-3,-12,-1,sil
17.240047931671143,-11,-13,-1,16,4,12,5,-9,-25,-9,-19,-9,-18,-8,sil
17.2551429271698,-8,-15,-10,5,-1,5,-8,-9,-29,-20,-28,-12,-17,-8,sil
17.2551429271698,-7,-11,-7,-1,-9,-6,-14,-1,-4,-5,-12,10,0,4,sil
17.270384311676025,4,-3,5,3,-15,-14,-18,0,7,2,11,35,17,9,sil
17.270384311676025,19,9,23,17,-10,-13,-20,-4,-10,-8,31,35,14,-1,sil
17.285943269729614,10,13,25,29,0,0,0,-3,-21,-5,24,16,-1,-9,sil
17.30197763442993,-10,0,7,22,0,10,15,0,-15,9,-5,0,-12,-4,sil
17.30197763442993,-7,-8,2,3,-9,9,14,5,0,10,-16,-4,-1,5,sil
17.30197763442993,4,-5,2,-2,-9,0,13,7,21,8,-1,-2,11,15,sil
17.31718373298645,-5,-3,-5,-13,-5,-8,2,0,21,-3,-4,-4,4,2,sil
17.31718373298645,-19,-3,-21,-34,-11,-16,-18,-9,-6,-29,-16,-9,-12,-23,sil
17.332400798797607,-4,0,-7,-25,-9,-16,-25,-10,-25,-26,0,-3,-11,-26,sil
17.34796977043152,15,15,25,11,10,0,-13,-4,-20,0,23,11,6,-1,sil
17.34796977043152,13,24,22,34,21,20,5,0,-6,4,16,6,10,7,sil
17.36350393295288,-3,10,3,25,13,24,15,-1,-2,-5,-6,-16,-10,-1,sil
17.36350393295288,-13,-1,-2,12,8,19,14,0,4,8,-16,-24,-15,0,sil
17.380590438842773,-3,0,-4,5,7,24,22,10,23,26,-12,-9,2,17,sil
17.380590438842773,3,-6,-5,-7,6,24,33,25,41,26,-13,-3,9,22,sil
17.380590438842773,0,-14,-13,-19,3,4,23,21,41,27,-16,-16,3,13,sil
17.39629077911377,1,-10,-15,-20,-5,-14,0,9,25,21,-11,-11,7,5,sil
17.39629077911377,14,-8,-8,-13,-9,-20,-9,3,12,10,5,9,16,13,sil
17.41132688522339,14,-12,-12,-12,-4,-23,-13,-4,1,1,13,16,11,17,sil
17.41132688522339,2,-10,-18,-21,-10,-23,-22,-10,-11,-12,8,10,0,-2,sil
17.426921367645264,0,-6,-14,-21,-18,-18,-18,-7,-13,-23,12,9,0,-18,sil
17.44225311279297,1,0,-3,-12,-9,-11,-14,-5,-2,-21,19,13,-4,-12,sil
17.44225311279297,1,11,6,0,0,0,-9,0,1,-5,16,13,-13,-3,sil
17.457706451416016,3,22,9,15,9,9,0,2,-4,1,6,2,-11,-7,sil
17.457706451416016,-1,17,13,14,21,6,-9,-5,-18,-15,0,-7,-6,-14,sil
17.47343611717224,-6,9,10,9,13,-3,-16,-10,-28,-22,0,-15,-4,-12,sil
17.47343611717224,1,10,15,13,-4,-4,-2,-3,-34,-8,3,-15,-3,-2,sil
17.489272356033325,0,5,17,10,-3,4,8,0,-32,-10,-9,-9,-1,0,sil
17.489272356033325,-18,-15,-6,-7,0,6,5,-8,-18,-12,-30,-13,-3,-6,sil
17.505359649658203,-27,-30,-27,-24,-13,4,6,-5,-3,4,-33,-22,-10,-17,sil
17.505359649658203,-21,-18,-19,-15,-12,15,21,5,11,24,-17,-12,-5,-6,sil
17.52099061012268,-16,-5,-1,2,7,26,29,10,32,28,-1,8,8,13,sil
17.52099061012268,-7,-6,0,2,13,10,17,9,44,22,2,9,10,13,sil
17.536314010620117,16,1,2,-1,0,-10,1,3,27,9,7,11,10,5,sil
17.536314010620117,31,24,26,7,-1,-12,-5,-8,-5,-12,19,32,16,8,sil
17.551714420318604,23,30,31,19,8,-8,-7,-13,-19,-22,27,29,10,4,sil
17.551714420318604,11,22,19,24,14,-4,-9,0,-7,-2,21,7,0,0,sil
17.567002534866333,3,13,16,33,8,7,-6,6,3,16,5,1,-5,3,sil
17.567002534866333,-4,-5,1,32,-1,4,-1,2,7,7,-10,-4,-6,8,sil
17.58215570449829,-4,-28,-20,-1,-15,-15,-9,3,4,-11,-21,-14,-4,10,sil
17.58215570449829,6,-25,-22,-26,-20,-22,-19,3,-3,-13,-14,-5,2,6,sil
17.598217010498047,12,-7,-8,-19,-7,-11,-14,-5,-14,-12,1,8,2,-4,sil
17.598217010498047,4,2,2,-10,1,0,-1,-7,-20,-17,6,5,-8,-13,sil
17.614322900772095,-13,0,-9,-3,-4,11,7,0,-14,-9,-10,-19,-20,-19,sil
17.614322900772095,-38,-7,-20,0,-6,24,14,4,0,9,-25,-37,-21,-24,sil
17.629953861236572,-29,-6,-16,0,5,21,26,15,23,29,-10,-26,-2,-4,sil
17.629953861236572,14,6,0,0,8,0,24,21,39,38,14,2,26,26,sil
17.64503002166748,31,9,12,-6,-1,-12,2,10,26,21,18,19,33,25,sil
17.64503002166748,10,-2,1,-15,-8,-11,-11,-8,0,-7,5,14,10,0,sil
17.66054654121399,0,-4,-6,-13,0,-11,-15,-14,-13,-19,3,15,2,-8,sil
17.66054654121399,6,6,4,-9,8,-3,-13,-5,-3,-7,13,28,12,0,sil
17.676016807556152,3,11,5,-8,8,0,-7,-2,0,-2,19,19,4,0,sil
17.676016807556152,3,12,3,1,5,-4,-7,-10,-11,-13,15,1,-8,-5,sil
17.6920382976532,5,11,4,15,5,0,-9,-13,-16,-15,11,-1,-4,-6,sil
17.6920382976532,-3,9,11,12,3,13,1,-4,-16,-6,9,-4,-7,0,sil
17.707171201705933,-4,11,18,21,6,15,18,0,-14,7,3,-14,-14,4,sil
17.707171201705933,0,3,10,30,8,13,14,-3,-6,6,-14,-16,-13,1,sil
17.723280668258667,-13,-13,-3,8,2,12,-1,1,2,0,-28,-13,-12,1,sil
17.723280668258667,-9,-15,-7,-5,0,5,4,18,12,21,-12,-8,4,19,sil
17.73896837234497,5,-10,-6,-3,0,-2,14,12,11,24,-1,-4,17,19,sil
17.73896837234497,-4,-20,-20,-14,-10,-7,7,-3,2,-8,-17,-14,0,-7,sil
17.75399374961853,-18,-26,-26,-23,-16,-9,4,3,12,-7,-28,-20,-8,-13,sil
17.75399374961853,-8,-22,-7,-22,-8,-5,7,14,24,14,-19,-6,-2,-2,sil
17.76939058303833,-4,-16,-11,-27,-7,-7,-7,0,12,-3,-11,-1,-3,-10,sil
17.76939058303833,-6,-9,-19,-28,-15,-18,-33,-16,-9,-32,-10,-3,-8,-19,sil
17.785516262054443,7,2,1,-7,-13,-22,-28,-11,-14,-22,-1,11,0,-7,sil
17.785516262054443,20,16,23,7,-5,-11,-6,2,-7,-4,19,29,11,5,sil
17.801135063171387,16,26,23,1,0,-5,-7,5,-11,-14,32,30,9,4,sil
17.801135063171387,10,25,17,11,5,-3,-11,1,-9,-25,28,25,6,0,sil
17.816354274749756,4,25,22,33,11,3,-2,0,0,-7,22,26,6,0,sil
17.816354274749756,4,28,26,31,14,6,0,-6,-6,12,15,13,-2,0,sil
17.832372426986694,7,21,12,20,15,1,0,-16,-20,10,9,-8,-13,-2,sil
17.832372426986694,1,10,3,19,14,6,14,-5,-21,4,4,-10,-10,0,sil
17.84794020652771,-3,2,1,21,9,17,28,6,-9,14,-7,-9,-3,2,sil
17.84794020652771,-9,-7,-3,11,6,15,24,2,2,15,-13,-21,-5,-1,sil
17.86262273788452,-20,-15,-15,-2,3,16,16,1,11,13,-9,-27,-7,-5,sil
17.86262273788452,-19,-16,-23,-2,2,26,15,1,16,17,-16,-23,-3,0,sil
17.87834668159485,-2,-15,-11,5,5,25,8,3,22,21,-16,-9,6,9,sil
17.87834668159485,2,-16,-6,0,-1,5,0,16,32,30,0,2,21,16,sil
17.894388675689697,0,-21,-19,-18,-15,-10,-7,13,30,22,2,3,25,16,please
17.894388675689697,2,-23,-22,-34,-15,-9,-5,0,20,-7,-15,3,14,4,please
17.9100079536438,4,-17,-20,-34,-13,-14,-4,-3,2,-24,-23,1,0,-5,please
17.9100079536438,8,-2,-6,-25,-14,-29,-24,-6,-23,-27,-7,0,-7,-5,please
17.925087928771973,22,16,8,-14,0,-25,-28,-9,-23,-22,16,15,1,2,please
17.925087928771973,22,21,11,-7,11,-9,-4,2,0,-6,21,24,12,6,please
17.940344095230103,0,9,6,-8,0,-1,0,6,-2,-3,5,10,5,0,please
17.940344095230103,-14,0,-1,-7,-13,-4,-16,-5,-17,-13,3,0,-6,-6,please
17.956024885177612,-6,0,5,-2,-5,-2,-9,-7,-12,-18,13,5,-11,-5,please
17.971497058868408,1,7,18,6,6,12,10,0,0,-8,12,0,-7,-4,please
17.971497058868408,-4,6,16,19,5,20,11,-6,-1,5,5,-16,-6,-8,please
17.971497058868408,-9,0,17,30,1,11,3,-8,-8,2,2,-13,-13,-6,please
17.986953496932983,-7,-4,11,32,4,1,15,3,-4,2,0,-1,-12,0,please
17.986953496932983,-7,-1,0,20,4,0,26,8,1,16,-5,-3,-4,2,please
18.002148151397705,0,5,-1,14,0,6,21,0,12,21,-6,-6,-3,0,please
18.017934322357178,6,6,0,14,2,9,13,1,16,15,-9,-1,-5,2,please
18.017934322357178,-3,0,-3,7,6,0,2,11,4,16,-17,-6,-2,1,please
18.03307318687439,-3,-5,-10,-2,2,-6,-9,5,0,10,-13,-13,6,0,please
18.03307318687439,-1,-10,-16,-24,-10,-10,-18,0,4,-5,-2,-1,14,0,please
18.04917287826538,-9,-21,-21,-48,-18,-16,-19,1,0,-11,3,10,13,0,please
18.04917287826538,0,-13,-14,-44,-10,-20,-23,-3,-11,-24,7,14,8,0,please
18.04917287826538,17,14,16,-8,3,-18,-24,-14,-25,-42,8,20,4,0,please
18.07039380073548,13,25,23,20,10,-10,-12,-8,-24,-21,5,16,-1,-1,please
18.07039380073548,3,9,11,15,8,1,-5,0,-15,6,9,8,-11,-3,please
18.08140563964844,4,6,16,15,7,10,1,-1,-8,4,16,10,-8,-2,please
18.08140563964844,-1,13,12,32,13,18,18,0,12,7,8,2,1,0,please
18.09750270843506,-9,-3,-9,11,10,23,22,7,25,21,-4,-7,0,1,please
18.113292932510376,-8,-20,-21,-19,-2,14,16,8,19,18,-14,-10,-3,2,please
18.113292932510376,-11,-7,-17,-8,-5,4,12,1,8,2,-34,-25,-12,-1,please
18.113292932510376,-12,0,-14,5,0,8,7,4,3,0,-43,-39,-17,-6,please
18.12893438339233,1,-6,-10,-3,-5,7,7,10,15,15,-9,-15,4,4,please
18.12893438339233,7,-4,-3,-18,-12,-7,0,4,25,12,16,12,25,8,please
18.14547061920166,1,-1,-7,-17,-11,-18,-18,-4,5,-13,8,7,13,-7,please
18.14547061920166,16,4,7,0,-4,-13,-21,-5,-14,-17,20,17,12,-6,please
18.16151118278504,31,17,29,15,0,-4,-9,-1,-7,3,48,37,26,12,please
18.16151118278504,9,15,23,13,0,-3,-2,-6,-4,5,34,16,9,12,please
18.17697811126709,0,12,19,18,12,3,3,-7,-16,-8,2,-3,-13,0,please
18.17697811126709,8,10,15,28,20,15,18,1,-10,0,-3,0,-7,3,please
18.1925060749054,-7,-12,-9,3,2,14,18,3,2,9,-10,-12,-7,6,please
18.1925060749054,-28,-26,-27,-19,-6,13,10,0,0,4,-26,-29,-18,-3,please
18.207677364349365,-15,-10,-21,-7,2,11,12,0,0,12,-19,-21,-8,-4,please
18.22323036193848,0,-9,-5,-6,0,-6,10,6,13,20,0,0,9,8,please
18.22323036193848,-1,-17,-8,-25,-12,-16,-1,8,12,5,0,7,8,7,please
18.23897647857666,0,-2,-15,-20,-7,-14,-17,-1,-7,-20,-6,1,0,-8,please
18.23897647857666,0,4,-2,-8,-9,-22,-24,-17,-21,-33,-3,0,-5,-17,please
18.23897647857666,-8,-6,2,-14,-23,-25,-24,-16,-22,-33,-3,2,-15,-20,please
18.25499677658081,-2,0,6,-4,-13,-11,-22,-1,-26,-29,-5,2,-19,-16,please
18.270338773727417,9,25,20,27,12,-3,-7,5,-6,-8,7,9,-4,2,please
18.270338773727417,6,22,21,33,23,8,11,2,19,20,15,7,5,13,please
18.2860746383667,0,-2,6,10,17,28,15,5,15,24,-4,-6,0,11,please
18.2860746383667,3,-13,-9,-7,4,17,2,5,10,13,-12,-6,2,14,please
18.30140995979309,5,-2,-7,-15,-2,-16,-16,0,14,4,8,10,13,7,please
18.30140995979309,3,4,1,-12,-1,-13,-12,1,12,0,19,15,12,-11,please
18.318357706069943,-2,4,1,-2,0,11,8,2,6,-5,10,2,1,-14,please
18.318357706069943,-13,6,-2,2,2,12,9,-2,-7,-15,0,-10,-13,-13,please
18.318357706069943,-16,3,-3,7,2,2,3,-4,-22,-11,-13,-21,-22,-16,please
18.33296251296997,-5,-2,1,10,0,5,13,1,-17,6,-20,-19,-11,-4,please
18.34895133972168,6,0,7,15,10,18,25,7,4,19,-6,-1,7,13,please
18.34895133972168,8,4,1,19,14,16,22,3,14,21,-2,6,12,18,please
18.36531686782837,-2,-7,-9,1,-4,1,9,3,12,19,-11,3,9,9,sil
18.36531686782837,-1,-13,-15,-16,-10,-3,4,9,23,15,0,3,18,5,sil
18.38040041923523,8,-3,-2,-12,0,-7,0,3,30,4,12,13,26,10,sil
18.38040041923523,8,0,4,-11,-8,-15,-15,-7,9,-6,9,17,17,7,sil
18.396047115325928,8,4,-1,-11,-16,-19,-27,-7,-20,-18,9,13,1,-1,sil
18.396047115325928,21,23,10,2,-4,-17,-25,-7,-37,-28,12,16,-4,-4,sil
18.412022590637207,17,25,19,15,3,-13,-20,-14,-37,-25,12,8,-9,-6,sil
18.412022590637207,0,8,11,15,6,3,-6,-10,-25,-7,9,-6,-18,-11,sil
18.427448511123657,-3,0,8,15,9,25,19,2,-5,7,-2,-11,-17,-4,sil
18.427448511123657,-4,-14,-3,4,0,23,26,6,9,12,-14,-13,-8,5,sil
18.445082426071167,-18,-34,-17,-12,-10,9,12,5,17,10,-18,-24,-11,0,sil
18.445082426071167,-20,-28,-18,-13,-8,5,13,8,32,19,-15,-28,-11,-2,sil
18.445082426071167,-11,-13,-13,-15,-4,0,7,8,32,21,-4,-12,4,5,sil
18.45831561088562,-8,-14,-13,-25,-8,-15,-19,-2,8,3,9,6,18,4,sil
18.47442960739136,-2,-7,-9,-15,-6,-19,-28,-13,-9,-10,13,13,10,-3,sil
18.47442960739136,8,19,6,5,8,-5,-13,-4,-14,-17,11,12,-5,-9,sil
18.49053454399109,15,37,16,18,17,3,0,5,-11,-16,14,13,-2,-5,sil
18.49053454399109,13,33,19,26,18,4,4,0,-7,-7,13,14,2,8,sil
18.50634717941284,5,16,19,21,21,11,9,-1,-9,-1,-1,0,-10,12,sil
18.50634717941284,-7,-8,-1,3,14,18,17,8,-3,8,-16,-18,-14,1,sil
18.52137589454651,-17,-22,-19,-9,-4,3,16,8,13,17,-16,-8,6,2,sil
18.52137589454651,-16,-19,-22,-17,-14,-18,0,2,18,4,-17,3,14,4,sil
18.53715205192566,-5,-15,-20,-23,-15,-32,-27,0,-3,-17,-16,0,0,-9,sil
18.53715205192566,6,-5,-1,-16,-18,-25,-33,-4,-22,-24,0,5,0,-14,sil
18.552776098251343,11,8,14,3,-11,-7,-11,-7,-16,-14,12,5,2,-7,sil
18.552776098251343,-2,12,17,19,0,5,4,-6,-12,-11,-6,-16,-11,-9,sil
18.56862759590149,-13,3,10,17,1,13,13,-9,-14,-8,-20,-21,-18,-10,sil
18.56862759590149,-7,-9,2,-2,-2,19,19,-6,1,11,-9,-3,0,0,sil
18.58417105674744,2,-12,3,-14,-2,16,13,7,20,30,1,7,11,14,sil
18.58417105674744,15,0,4,-3,-3,0,5,10,25,24,10,17,12,24,sil
18.599346160888672,24,7,4,-1,-2,-5,0,5,21,9,21,30,18,16,sil
18.599346160888672,20,10,4,-3,5,1,-5,10,13,10,30,25,21,0,sil
18.61544704437256,9,23,5,11,14,4,-4,6,2,7,24,10,7,-8,sil
18.61544704437256,0,27,9,21,10,4,0,-5,-7,-10,5,2,-10,-15,sil
18.631080389022827,-8,11,0,16,0,6,5,-7,-6,-11,-1,-7,-16,-15,sil
18.631080389022827,-6,-1,-7,14,4,7,6,-4,-3,1,-6,-19,-10,-3,sil
18.647101163864136,-3,-8,-6,7,9,10,11,0,1,5,-15,-19,-2,1,sil
18.647101163864136,-9,-20,-16,-15,-3,11,11,4,10,1,-16,-12,-5,6,sil
18.66257357597351,-11,-32,-18,-34,-17,-4,-4,4,5,-3,-9,-4,-5,13,sil
18.66257357597351,-1,-22,-10,-24,-11,-22,-18,-3,-9,-5,4,0,10,6,sil
18.67855191230774,4,9,0,2,4,-19,-16,-10,-16,-12,16,8,13,-7,sil
18.67855191230774,7,29,12,22,15,-5,-8,-4,-5,-13,13,16,0,0,sil
18.69423508644104,3,13,12,23,12,7,2,3,0,9,1,0,-1,13,sil
18.69423508644104,-8,-14,-6,0,0,11,12,4,-1,18,-15,-26,-6,3,sil
18.708983659744263,-7,-19,-24,-21,-4,1,14,5,13,0,-19,-21,-6,-2,sil
18.708983659744263,2,-3,-10,-23,-1,-13,6,7,22,-2,3,6,8,7,sil
18.72412419319153,-2,1,1,-16,-3,-21,-15,-2,-7,0,12,5,4,0,sil
18.72412419319153,-9,3,0,0,-1,-15,-27,-15,-36,-19,-17,-17,-16,-22,sil
18.73927879333496,-2,9,10,17,8,4,-2,-3,-14,-13,-29,-12,-11,-10,sil
18.73927879333496,-7,-2,4,9,3,14,19,11,20,22,-6,-2,2,9,sil
18.75536322593689,-13,-23,-18,-23,-17,-4,-2,3,7,11,0,-3,0,-4,sil
18.75536322593689,0,-11,-7,-33,-22,-14,-19,-9,-23,-27,-4,7,-6,-23,sil
18.770349740982056,12,11,16,1,-3,1,3,-5,-17,-16,8,17,-1,-12,sil
18.770349740982056,9,19,28,35,11,11,16,1,-2,11,16,12,4,0,sil
18.78601789474488,4,17,25,30,10,13,8,0,-7,7,2,6,-1,0,sil
18.78601789474488,1,4,7,13,1,19,2,-3,-9,-2,-9,4,-18,0,sil
18.80203008651733,0,-7,-2,12,-1,16,1,2,10,10,-6,5,-12,13,sil
18.80203008651733,6,-3,-2,10,-4,4,5,17,38,27,10,8,20,29,sil
18.81728458404541,18,2,4,-1,-2,-1,6,19,47,23,27,19,41,31,sil
18.81728458404541,21,3,5,-1,0,-10,-4,4,29,8,29,29,32,15,sil
18.832862615585327,13,3,-1,-2,-3,-17,-20,-11,0,-12,22,23,11,-5,sil
18.832862615585327,0,3,-2,-13,-2,-12,-18,-14,-23,-33,16,2,-4,-20,sil
18.84797954559326,-8,9,3,5,7,-1,-2,-9,-26,-26,11,-9,-8,-17,sil
18.84797954559326,-5,16,14,32,13,5,7,-7,-22,-13,0,-6,-2,-5,sil
18.86367630958557,-8,2,3,19,6,10,8,-6,-18,-10,-12,-13,-5,-1,sil
18.86367630958557,-16,-20,-18,-10,-1,7,7,0,-6,2,-21,-25,-13,-5,sil
18.87940120697021,-15,-23,-14,-19,-9,5,8,7,10,19,-21,-18,-9,-1,sil
18.87940120697021,-4,-11,-10,-16,-11,2,4,10,27,19,-14,-12,2,10,sil
18.89527368545532,1,-2,-18,-26,-6,-12,-11,5,24,5,-13,-11,7,12,sil
18.89527368545532,3,-1,-17,-32,0,-26,-18,0,0,-1,-12,-6,0,-1,sil
18.910528421401978,4,0,-7,-22,5,-20,-10,-3,-21,-7,-3,-5,-14,-13,sil
18.910528421401978,2,15,9,-3,14,0,-6,-2,-20,-8,-1,-8,-20,-7,sil
18.925978660583496,-6,22,7,13,13,15,2,-1,-5,8,-14,-16,-10,0,sil
18.925978660583496,-21,-7,-13,0,4,23,18,0,0,23,-21,-27,-5,-4,sil
18.94159293174744,-23,-36,-25,-21,3,21,21,4,0,13,-17,-27,-12,-7,sil
18.94159293174744,-4,-19,-14,-7,3,4,10,2,5,0,-11,-5,-7,4,sil
18.95749831199646,14,0,3,4,-5,-9,0,4,16,6,4,20,14,18,sil
18.95749831199646,10,-11,-1,-6,-16,-11,-5,4,17,3,16,24,27,7,sil
18.97240138053894,6,-10,-1,-10,-15,-9,-5,-1,8,-20,13,20,11,-8,sil
18.97240138053894,21,20,28,10,-1,-5,1,-3,0,-19,29,33,4,-1,sil
18.988906621932983,26,38,41,35,12,1,0,-4,-18,-1,42,39,15,6,sil
18.988906621932983,6,25,25,39,10,1,-10,-11,-36,-21,10,16,-2,-7,sil
19.003008127212524,-10,7,4,26,0,6,6,-11,-23,-20,-10,-5,-23,-13,sil
19.018653392791748,-13,0,4,20,0,22,26,0,-1,21,7,1,0,5,sil
19.018653392791748,-12,-5,2,18,1,18,15,13,7,27,15,14,24,22,sil
19.0353946685791,-8,-13,-10,1,-7,-4,-2,14,22,7,0,6,14,16,sil
19.0353946685791,0,-10,-5,-12,-15,-13,-8,8,27,11,-1,-2,8,5,sil
19.0353946685791,14,2,4,-1,-9,-9,-9,0,12,3,2,0,8,1,sil
19.049936294555664,14,6,0,-3,-1,-17,-21,-8,-7,-27,-1,-3,-6,-10,sil
19.065446376800537,0,9,-1,-10,1,-22,-33,-14,-26,-37,-10,-20,-21,-28,sil
19.065446376800537,-6,19,2,3,6,-9,-24,-15,-29,-22,-11,-27,-20,-25,sil
19.08098292350769,-4,15,9,11,7,9,-4,-8,-13,-4,-8,-18,-21,-10,sil
19.08098292350769,-2,-4,7,0,5,21,15,2,7,21,-12,-14,-16,4,sil
19.09702157974243,-1,-16,-12,-19,4,19,28,13,24,29,-13,-16,-4,15,sil
19.09702157974243,-5,-19,-21,-30,-4,10,26,15,35,20,-11,-8,0,14,sil
19.11313271522522,0,-17,-11,-12,-12,4,19,12,37,29,-7,3,9,15,sil
19.11313271522522,5,-15,-1,-7,-7,-5,7,3,22,19,1,10,19,15,sil
19.12921380996704,-3,-20,-11,-31,-1,-15,-7,-4,-1,-12,7,7,19,1,sil
19.12921380996704,0,-13,-13,-20,1,-12,-12,-2,-2,-7,9,10,16,-4,sil
19.144359827041622,17,4,2,5,5,-10,-10,3,2,1,12,23,16,4,sil
19.144359827041622,13,13,5,0,1,-17,-17,-5,-9,-23,12,25,11,5,sil
19.15965461730957,15,23,16,6,5,-8,-22,-17,-28,-29,19,25,4,2,sil
19.15965461730957,22,35,25,38,15,8,-11,-13,-30,-8,22,19,-2,0,sil
19.175309658050537,-7,18,6,25,6,-1,-8,-7,-36,-18,2,-6,-19,-19,sil
19.175309658050537,-43,-6,-14,-8,-3,-6,-7,-7,-42,-29,-22,-34,-34,-38,sil
19.19065523147583,-33,-13,-21,-1,1,17,17,-3,-31,-4,-30,-34,-30,-29,sil
19.19065523147583,-12,-5,-12,16,3,26,32,2,-12,5,-24,-19,-19,-5,sil
19.20617437362671,-11,0,0,21,0,17,18,13,5,9,-11,-19,-8,8,sil
19.20617437362671,-6,-7,0,17,3,19,11,21,22,36,-2,-26,0,10,sil
19.22222828865052,0,-19,-7,-6,-1,17,16,18,34,41,-6,-13,0,8,sil
19.22222828865052,-3,-22,-18,-32,-18,0,9,9,38,16,-5,0,9,9,sil
19.237354516983032,1,-7,-7,-24,-18,-14,-3,4,31,6,10,6,24,13,sil
19.237354516983032,22,17,20,2,0,-14,0,0,21,12,28,27,34,18,sil
19.25319981575012,27,21,19,3,11,-6,1,-6,18,4,25,33,31,14,sil
19.25319981575012,13,2,6,-13,1,-3,-13,-6,10,-12,8,20,13,0,sil
19.26905059814453,10,4,11,-1,-4,-4,-15,-6,-5,-11,1,11,-3,-3,sil
19.26905059814453,11,22,23,22,2,1,-2,-11,-22,-10,1,8,-13,-3,sil
19.28410148620605,2,13,15,24,8,13,3,-6,-16,-6,-6,-1,-19,-5,sil
19.28410148620605,-3,-9,-6,5,2,6,5,2,12,15,-13,-9,-8,-1,sil
19.29926085472107,-5,-16,-12,-16,-6,-17,-5,3,20,14,-7,0,7,3,sil
19.29926085472107,3,-4,-7,-16,-7,-28,-24,-5,-4,-19,3,9,7,-1,sil
19.31535387039185,9,2,-1,-6,-6,-24,-31,-9,-24,-33,12,9,-2,-7,sil
19.31535387039185,-6,-6,-3,-14,-8,-17,-18,-6,-25,-26,8,-4,-7,-8,sil
19.33115530014038,-21,-9,-3,-6,-2,1,3,-4,-14,-19,-4,-15,-7,-6,sil
19.33115530014038,-13,4,7,22,14,19,18,4,-2,0,-7,-8,-3,0,sil
19.346332550048828,-2,3,7,32,19,18,21,13,2,20,2,-3,-2,1,sil
19.346332550048828,-5,-9,-6,13,5,18,19,6,-3,9,-8,-15,-10,-3,sil
19.361357927322388,-16,-10,-10,-6,-7,15,15,0,-6,-3,-31,-24,-21,-7,sil
19.361357927322388,-17,-8,-17,-17,-12,-4,7,3,-3,-2,-25,-13,-16,-2,sil
19.37691831588745,-1,-12,-20,-24,-12,-16,-5,8,3,-6,-4,2,5,2,sil
19.37691831588745,6,-8,-12,-21,-9,-11,-14,4,14,2,2,9,23,7,sil
19.392998933792114,5,2,0,-11,-5,-12,-15,-4,6,12,12,15,21,6,sil
19.392998933792114,18,18,14,6,-1,-9,-16,-7,-11,0,29,26,18,5,sil
19.408929347991943,29,28,17,16,4,-1,-15,-6,-9,-6,35,25,17,14,sil
19.408929347991943,21,26,23,9,12,2,-7,-7,-5,0,24,13,2,10,sil
19.424001216888428,10,24,29,16,18,10,6,-5,-3,5,14,0,-13,-6,sil
19.424001216888428,4,17,19,28,18,18,17,0,8,12,5,-9,-14,-10,sil
19.43913674354553,-4,1,6,17,14,25,22,2,14,18,-6,-8,-10,0,sil
19.43913674354553,-5,-8,-3,8,6,25,23,0,8,16,-13,-3,-6,3,sil
19.45519471168518,-1,-14,-6,5,0,11,16,4,6,10,-14,-8,-2,3,sil
19.45519471168518,-10,-30,-19,-18,-3,1,12,8,3,7,-23,-18,0,-2,sil
19.471044778823853,-25,-35,-34,-43,-10,-4,2,0,-1,0,-31,-17,-1,-10,sil
19.471044778823853,-21,-17,-25,-32,-17,-9,-11,0,7,-2,-14,-7,0,-7,sil
19.486369848251343,0,-1,-13,-9,-8,-8,-10,11,23,6,9,4,15,-2,sil
19.486369848251343,11,4,-5,0,6,-9,-9,11,19,3,20,17,26,-5,sil
19.501853942871094,9,11,5,4,3,-16,-17,1,2,-13,21,18,15,-6,sil
19.501853942871094,5,12,9,7,-5,-15,-13,-3,-8,-25,12,4,-4,-4,sil
19.51797199249268,-1,7,10,9,-2,-11,-4,-12,-22,-30,-3,-6,-20,-4,sil
19.51797199249268,-10,5,8,19,0,-6,-2,-16,-34,-30,-24,-16,-28,-7,sil
19.533560037612915,-12,2,8,21,-1,0,-3,-6,-30,-22,-43,-26,-32,-9,sil
19.533560037612915,-11,-8,-2,7,-7,7,4,0,-13,-6,-42,-27,-27,2,sil
19.54922771453857,-5,-18,-15,-2,-12,3,17,0,0,6,-15,-15,-9,21,sil
19.54922771453857,0,-14,-3,-5,-13,-5,17,2,8,14,6,3,15,26,sil
19.565499305725098,3,-5,1,-9,-13,-12,2,10,24,21,17,17,31,22,sil
19.565499305725098,13,-5,-4,-19,-9,-7,-10,14,34,25,30,31,33,20,sil
19.581117868423465,25,2,0,-21,-1,3,-10,10,28,23,44,43,37,16,sil
19.581117868423465,22,20,9,-8,7,6,-7,-1,14,17,47,35,35,4,sil
19.596596479415894,5,28,14,6,18,3,-9,-7,0,2,33,17,10,-8,sil
19.596596479415894,-5,21,6,14,21,5,-4,-5,-15,-11,7,0,-12,-17,sil
19.61228370666504,-9,11,2,9,13,7,-2,-12,-30,-25,-10,-15,-24,-21,sil
19.61228370666504,-9,3,6,5,7,8,-6,-15,-30,-20,-20,-22,-33,-20,sil
19.627917528152462,-1,1,7,17,10,17,0,-2,-16,3,-21,-16,-26,-11,sil
19.627917528152462,0,0,8,22,12,24,8,5,-4,17,-12,-8,-8,-4,sil
19.644004344940186,-3,-7,3,5,5,13,7,1,7,19,-7,-12,0,0,sil
19.644004344940186,0,-7,-2,-8,-2,-6,7,5,22,21,-5,-7,0,4,sil
19.660072803497314,11,-5,0,-10,-4,-13,14,14,26,8,6,11,12,8,sil
19.660072803497314,14,-10,0,-10,-6,-14,9,4,13,-13,7,16,15,4,sil
19.676316261291504,7,-9,-4,-17,-15,-24,-13,-12,-17,-37,-12,2,-4,-5,sil
19.676316261291504,-5,-6,-17,-24,-19,-28,-25,-16,-45,-50,-19,-7,-20,-20,sil
19.691379070281982,-15,-6,-12,-15,-10,-17,-23,-10,-43,-37,-6,-9,-19,-26,sil
19.691379070281982,-12,3,8,10,0,1,-11,-1,-13,-4,5,-6,-5,-7,sil
19.70712399482727,0,14,9,30,5,24,12,10,16,19,10,-2,12,18,sil
19.70712399482727,0,9,4,27,11,32,27,17,23,22,0,1,14,26,sil
19.723132848739624,-8,-4,-1,14,13,22,28,13,18,22,-10,-2,3,17,sil
19.723132848739624,-11,-12,-17,4,7,14,29,7,29,35,-6,-9,7,14,sil
19.73799681663513,-8,-14,-18,-3,-1,13,24,9,40,41,-1,-7,16,17,sil
19.73799681663513,-3,-15,-15,-14,-11,-2,6,5,26,19,-8,-5,12,6,sil
19.75331902503968,0,-3,-8,-15,-9,-20,-9,-6,0,-11,-4,0,1,-11,please
19.75331902503968,4,10,0,-7,4,-17,-14,-9,-3,-13,12,10,0,-10,please
19.76869487762451,12,6,6,-7,7,-12,-18,-8,-5,-13,15,14,3,-1,please
19.76869487762451,12,4,13,-1,-5,-18,-26,-9,-25,-37,7,11,-5,-10,please
19.78429770469665,1,8,14,9,-11,-10,-16,-7,-28,-27,6,4,-15,-17,please
19.78429770469665,-11,-9,-1,-7,-5,10,-3,0,-8,10,-11,-10,-18,-10,please
19.80020809173584,-15,-22,-20,-22,-2,10,1,3,4,12,-35,-23,-16,-3,please
19.80020809173584,-2,-1,-13,-2,-2,-6,3,0,9,0,-16,-8,-3,4,please
19.816346645355225,17,13,9,14,1,-5,0,0,3,1,20,17,15,12,please
19.816346645355225,24,17,13,12,5,0,-9,-3,-10,0,36,25,17,11,please
19.83238387107849,14,26,10,-1,4,-3,-10,-1,-8,1,39,16,4,3,please
19.83238387107849,-1,16,9,-18,4,5,2,3,0,13,25,1,0,-6,please
19.848125457763672,-16,-7,0,-3,3,19,9,0,-8,2,-10,-18,-7,-11,please
19.848125457763672,-17,-13,-1,14,0,13,11,-4,-7,-2,-23,-18,-12,1,please
19.863460779190063,2,-8,1,1,-5,5,15,6,19,21,-9,2,5,16,please
19.863460779190063,15,-3,2,-5,-5,-4,-1,10,18,23,-7,17,25,14,please
19.879034280776978,12,3,3,2,-2,-20,-18,-2,-5,-5,-4,15,18,5,please
19.879034280776978,5,8,2,0,0,-23,-10,-7,-11,-28,8,11,3,0,please
19.89512252807617,0,4,8,-2,1,-15,-8,-1,-11,-32,4,8,-3,-12,please
19.89512252807617,-5,0,6,10,3,-10,-16,-3,-15,-23,-8,-4,-14,-18,please
19.91035747528076,-7,2,2,10,3,1,-9,-10,-16,-19,-8,-14,-25,-17,please
19.91035747528076,-7,3,7,5,6,15,5,-7,-13,-19,-3,-13,-23,-12,please
19.92597198486328,-3,1,3,19,13,21,21,4,0,-3,-2,-12,-12,0,please
19.92597198486328,0,3,0,25,16,28,24,14,17,17,0,-9,-3,8,please
19.941062688827515,5,6,-1,18,9,28,19,11,22,29,2,-5,6,13,please
19.95674133300781,1,-2,-9,4,7,10,12,3,13,18,-2,-8,12,16,please
19.95674133300781,-16,-22,-20,-9,0,0,10,0,6,8,-15,-13,1,0,please
19.9720721244812,-27,-33,-25,-16,-14,0,10,3,12,19,-21,-15,-2,-14,please
19.9720721244812,-14,-26,-14,-22,-17,-2,5,8,16,25,-12,-10,7,1,please
19.98723840713501,2,-14,-9,-27,-13,-12,-3,7,11,16,1,5,14,14,please
19.98723840713501,11,-1,-4,-17,-10,-17,-15,1,0,10,14,23,10,0,please
20.00331354141236,13,13,9,4,-5,-16,-23,-4,-8,-3,22,27,11,-5,please
20.00331354141236,13,19,6,1,-3,-14,-25,-10,-14,-24,18,23,14,0,please
20.01835298538208,17,14,4,-15,-3,-18,-21,-14,-16,-25,14,26,8,0,please
20.01835298538208,22,17,16,-1,1,-15,-7,-9,-15,-9,23,28,5,3,please
20.0339515209198,10,17,19,11,4,0,0,-2,-13,-4,22,12,3,8,please
20.0339515209198,-10,1,6,-1,-1,3,-2,-4,-11,-16,-1,-12,-11,-5,please
20.04939103126526,-19,-12,-16,-9,-5,0,4,-4,-4,-20,-21,-27,-25,-19,please
20.04939103126526,-18,-15,-15,-14,-3,7,16,1,4,-7,-21,-27,-23,-12,please
20.07027268409729,-11,-10,0,-11,0,22,19,4,7,6,-19,-27,-19,0,please
20.07027268409729,-1,-3,0,13,0,22,19,1,7,10,-20,-25,-16,2,please
20.07027268409729,2,1,-3,20,3,15,19,9,24,18,-9,-13,0,8,please
20.081331491470337,2,2,-5,6,7,4,17,15,43,32,5,0,16,19,please
20.09693956375122,0,-3,-10,-6,0,-10,-3,3,18,8,0,2,12,10,please
20.09693956375122,-3,-8,-11,-11,-8,-19,-27,-8,-21,-28,-17,-2,-1,-12,please
20.11196517944336,2,8,0,0,5,-17,-29,-8,-28,-29,-7,1,-1,-18,please
20.11196517944336,10,26,19,16,17,-9,-22,-4,-16,-8,22,18,8,-9,please
20.128092288970947,11,20,27,18,13,0,-14,-2,-10,3,30,22,14,-2,please
20.128092288970947,9,10,29,21,16,8,-3,0,-9,2,13,8,6,0,please
20.14418625831604,2,11,17,31,20,16,11,2,-6,5,5,3,-2,0,sil
20.14418625831604,-6,3,3,21,11,21,21,4,-3,16,3,1,-1,5,sil
20.159573316574097,-6,-9,3,3,3,20,18,2,0,20,-7,3,-1,13,sil
20.159573316574097,0,-16,-2,0,-5,12,11,0,12,20,-8,7,0,14,sil
20.175191402435303,-6,-20,-18,-12,-19,0,7,0,20,17,-1,2,5,5,sil
20.175191402435303,-11,-20,-18,-22,-15,-6,10,2,14,11,-5,-5,5,4,sil
20.19093990325928,-1,-13,-12,-22,-7,-6,7,5,22,12,-3,0,1,11,sil
20.19093990325928,7,-5,-1,-19,-16,-15,-9,6,27,11,9,17,10,11,sil
20.20597982406616,15,4,1,-10,-14,-26,-14,4,13,-10,17,20,17,3,sil
20.20597982406616,16,10,0,-9,-3,-19,-7,-2,-8,-40,10,6,1,-6,sil
20.22100043296814,4,4,-8,-19,-10,-14,-21,-16,-29,-45,0,-3,-18,-18,sil
20.22100043296814,-5,0,-12,-12,-10,-20,-32,-15,-39,-34,-3,-7,-19,-18,sil
20.236579418182373,-7,2,-1,0,4,-13,-11,-2,-30,-28,-5,-15,-16,-11,sil
20.236579418182373,-16,-2,0,1,5,9,7,0,-13,-9,-10,-27,-17,-17,sil
20.252295970916748,-27,-7,-5,4,0,19,0,0,-9,3,-17,-26,-21,-18,sil
20.252295970916748,-17,1,2,10,4,18,0,5,-1,1,-22,-18,-16,-2,sil
20.267910718917847,-1,0,0,8,9,23,20,4,10,18,-20,-14,0,5,sil
20.267910718917847,0,-9,-6,0,7,22,31,4,9,32,-8,-8,12,5,sil
20.28344368934632,2,-9,-2,-4,3,3,20,3,9,11,0,1,16,6,sil
20.28344368934632,19,0,4,-6,2,-9,-3,-2,16,0,12,19,24,9,sil
20.298563718795776,35,19,21,3,9,-2,-11,0,20,16,43,38,36,14,sil
20.298563718795776,21,29,23,19,7,0,-1,3,9,16,38,23,23,9,sil
20.314188718795776,-7,11,8,17,-7,-11,-10,-10,-18,-12,-7,-5,-17,-9,sil
20.314188718795776,-15,0,0,18,-6,-5,-9,-18,-32,-24,-26,-14,-33,-20,sil
20.32935810089112,-6,10,4,29,7,17,13,-3,-6,-2,-9,-4,-8,-3,sil
20.32935810089112,-1,0,6,13,5,20,18,14,22,19,0,6,13,19,sil
20.345508813858032,2,-20,-10,-13,-2,-1,2,12,21,20,6,9,17,22,sil
20.345508813858032,2,-15,-16,-14,-2,-10,-1,0,2,10,1,0,5,10,sil
20.36076283454895,-5,-6,-14,-6,-3,-2,0,1,8,7,-17,-15,-11,0,sil
20.36076283454895,-4,-13,-15,-15,-5,-10,-7,6,22,3,-13,-11,-7,-5,sil
20.37630033493042,4,-9,-10,-20,-4,-27,-21,1,1,-13,10,5,4,-11,sil
20.37630033493042,7,7,-4,-9,-2,-22,-15,-2,-18,-17,24,15,8,-9,sil
20.39153838157653,7,19,7,0,6,0,-4,-2,-6,-6,28,20,6,1,sil
20.39153838157653,9,16,21,8,13,13,-2,-3,3,-4,17,16,-2,6,sil
20.40675663948059,-5,9,12,13,6,9,4,-4,-8,-12,-3,-5,-16,-3,sil
20.42191195487976,-23,2,0,8,1,11,19,-1,-10,-7,-13,-20,-21,-14,sil
20.42191195487976,-8,-8,1,3,4,20,22,0,3,10,-15,-17,-22,-4,sil
20.42191195487976,5,-15,4,0,1,19,16,0,1,16,-16,-11,-14,6,sil
20.43793296813965,-3,-12,-6,-6,-3,8,12,4,-6,3,-13,-4,0,7,sil
20.43793296813965,-7,-10,-12,-12,-8,-6,0,10,6,-3,-12,4,7,11,sil
20.455482244491577,7,-7,0,-16,-14,-16,-14,10,23,1,-1,16,18,16,sil
20.455482244491577,11,-8,0,-17,-16,-14,-17,0,12,0,12,16,29,6,sil
20.469239950180054,0,-10,-7,-17,-13,-17,-25,-13,-18,-26,5,5,8,-9,sil
20.469239950180054,1,11,8,2,-4,-18,-26,-13,-28,-27,7,4,-2,-11,sil
20.484398365020752,10,30,15,21,7,1,-7,-7,-18,2,24,4,11,-4,sil
20.484398365020752,-4,0,4,5,9,18,7,-5,-22,4,3,-7,-4,-10,sil
20.501328945159912,-18,-20,-4,0,4,19,13,0,-12,0,-27,-19,-23,-10,sil
20.501328945159912,-12,3,-1,13,0,14,16,8,17,19,-24,-20,-10,0,sil
20.515460729599,-5,7,-6,0,-2,0,5,8,23,21,-10,-12,1,0,sil
20.531234741210938,1,-7,-12,-13,-2,-14,-5,1,7,6,3,5,5,-4,sil
20.531234741210938,12,6,0,2,3,-16,-11,-7,-2,-1,19,20,11,-2,sil
20.546209573745728,6,31,3,10,4,-17,-14,-13,-8,-14,12,4,0,-9,sil
20.546209573745728,-4,28,4,11,9,-10,-8,-5,-12,-16,0,-8,-6,-10,sil
20.561474561691284,-6,6,10,19,7,6,6,3,-5,5,0,-6,7,6,sil
20.561474561691284,-7,-13,-4,9,-5,13,21,2,2,16,-5,-9,10,11,sil
20.57660675048828,-1,-14,-10,-8,-1,13,21,5,13,7,-13,-6,0,10,sil
20.57660675048828,17,-10,3,-5,2,12,13,16,36,14,0,10,8,22,sil
20.59221363067627,26,-15,2,-2,-8,0,0,15,32,14,17,18,19,19,sil
20.59221363067627,14,-4,-3,-5,-9,-10,-9,2,-3,-8,16,12,4,-3,sil
20.608331441879272,-1,13,0,0,4,-8,-5,-4,-16,-21,11,7,-9,-11,sil
20.608331441879272,-8,4,8,7,11,0,0,-6,-9,-14,11,0,-22,-6,sil
20.62435793876648,-4,-7,8,14,9,17,2,-4,-10,-4,2,-11,-28,-6,sil
20.62435793876648,-5,-2,1,15,4,18,0,-2,-7,1,-13,-12,-20,0,sil
20.640378713607788,-12,-3,-6,7,3,3,1,-1,3,16,-9,-1,-10,15,sil
20.640378713607788,-9,-14,-16,-7,-2,-6,8,0,10,25,3,5,2,18,sil
20.65616726875305,-2,-15,-14,-23,-14,-14,0,3,3,0,-7,11,16,5,sil
20.65616726875305,5,0,-6,-21,-7,-18,-7,1,-5,-24,-9,12,14,-6,sil
20.67134618759156,19,17,5,-6,6,-13,-7,-4,-7,-15,15,8,9,-6,sil
20.67134618759156,20,21,18,-4,0,1,-14,-5,-4,-5,23,10,14,-2,sil
20.68743705749512,2,10,14,-7,0,13,-12,-1,-2,-10,7,2,6,-8,sil
20.68743705749512,-9,10,10,6,12,8,2,0,-7,-8,-11,-16,-16,-15,sil
20.7030041217804,-9,10,6,17,10,4,14,0,-6,2,-28,-26,-22,-9,sil
20.7030041217804,-11,-9,-3,-2,-6,15,15,0,0,6,-28,-20,-13,0,sil
20.71813178062439,-19,-32,-11,-29,-14,16,12,2,0,7,-25,-19,-11,-5,sil
20.71813178062439,-27,-32,-24,-27,-12,0,1,1,5,10,-36,-30,-12,-17,sil
20.73368716239929,-21,-23,-28,-16,-15,-11,-12,-4,4,-1,-34,-26,-7,-11,sil
20.73368716239929,0,-18,-13,-18,-19,-14,-16,-1,6,-5,-5,-1,10,0,sil
20.749327659606934,13,-2,0,-18,-7,-19,-13,8,17,12,24,22,33,4,sil
20.749327659606934,13,15,3,0,5,-25,-18,6,11,15,35,27,33,2,sil
20.765453100204468,7,23,5,18,0,-23,-21,-8,-15,-5,26,26,13,0,sil
20.765453100204468,5,30,19,32,7,-7,-8,-11,-23,-10,26,26,7,5,sil
20.781184911727905,10,39,30,44,23,13,15,2,0,8,35,20,16,16,sil
20.781184911727905,13,34,19,46,18,24,31,8,13,20,24,5,8,18,sil
20.796445846557617,4,11,11,32,12,29,28,3,1,5,5,-1,-12,9,sil
20.796445846557617,-4,-14,-4,13,9,28,19,0,0,-9,-4,-11,-24,3,sil
20.814435958862305,-1,-23,-18,-1,-5,14,12,2,11,-3,-15,-22,-19,1,sil
20.814435958862305,9,-13,-2,-6,-18,-2,5,6,11,3,-15,-11,-3,6,sil
20.82832312583924,14,-8,8,-6,-15,-6,-1,3,1,-4,1,9,6,12,sil
20.82832312583924,7,-13,-2,-19,-5,-7,-13,-4,-12,-21,8,21,0,3,sil
20.84390926361084,3,-8,-7,-21,0,-18,-16,-9,-23,-27,5,21,-6,-11,sil
20.84390926361084,13,9,16,3,-2,-25,-7,-7,-20,-17,16,28,4,-4,sil
20.859949350357056,19,23,35,20,-3,-9,2,0,-3,1,26,32,14,11,sil
20.859949350357056,0,5,13,8,1,2,0,0,-3,1,0,3,-2,0,sil
20.875555992126465,-26,-17,-9,0,-1,0,-14,-11,-26,-12,-29,-27,-23,-18,sil
20.875555992126465,-19,-7,-9,10,0,6,-10,-5,-11,2,-20,-16,-7,-9,sil
20.89109778404236,-2,1,-16,0,9,14,2,9,28,26,-9,-7,7,3,sil
20.89109778404236,-12,-18,-34,-31,0,-7,-7,6,31,16,-17,-24,-1,-8,sil
20.906965255737305,-13,-14,-27,-30,-2,-16,-17,0,15,0,-10,-18,-2,-19,sil
20.906965255737305,0,17,2,-6,12,8,-4,0,6,2,-3,-2,-2,-15,sil
20.922311067581177,-5,18,3,-2,17,18,7,-3,-2,10,-15,-22,-12,-12,sil
20.922311067581177,-22,-5,-18,-12,6,13,12,0,1,16,-22,-39,-6,-1,sil
20.93752670288086,-15,-18,-25,-29,-1,10,15,8,17,19,-20,-23,8,10,sil
20.93752670288086,3,-5,-17,-33,-3,-6,8,2,12,13,-8,-6,17,10,sil
20.95306921005249,8,22,6,-7,4,-15,-5,0,-6,-4,16,4,13,1,sil
20.95306921005249,-4,15,14,9,3,0,-6,0,-11,-21,8,-7,-13,-9,sil
20.96832847595215,-25,-27,-6,-10,-12,7,0,-5,-9,-17,-33,-38,-37,-19,sil
20.96832847595215,-17,-30,-9,-20,-12,5,4,-2,-4,-2,-29,-24,-12,-4,sil
20.983470916748047,20,1,9,2,-1,0,6,9,11,2,25,27,26,19,sil
20.983470916748047,36,13,24,14,-2,-5,-1,8,10,-7,53,50,27,16,sil
20.999112129211422,14,10,27,20,-2,0,3,1,-1,-4,38,33,7,4,sil
20.999112129211422,0,6,21,34,0,10,25,0,0,6,20,21,0,11,sil
21.01526641845703,0,-1,13,33,-4,6,26,0,0,5,9,24,-4,15,sil
21.01526641845703,5,-7,7,22,-8,-3,10,-4,-7,0,0,21,-6,9,sil
21.03062152862549,7,-6,10,17,-8,-9,-5,-5,-8,-6,0,16,-8,9,sil
21.03062152862549,9,-1,6,13,-7,-12,-19,-2,-8,-10,4,17,0,6,sil
21.04611301422119,7,4,-4,5,-3,-18,-27,-5,-15,-8,8,16,13,-9,sil
21.04611301422119,1,2,-4,-7,-2,-20,-30,-8,-22,-12,6,7,4,-19,sil
21.06113243103028,-1,1,0,-13,-6,-14,-31,-7,-21,-15,0,1,-7,-15,sil
21.06113243103028,-1,16,4,0,1,-4,-16,-1,-10,-5,-6,0,3,-9,sil
21.07723426818848,5,24,14,17,22,14,15,11,6,3,0,-5,11,1,sil
21.07723426818848,9,13,7,18,15,26,26,11,12,4,-9,-12,0,19,sil
21.09268617630005,-4,2,-6,5,-11,15,13,-2,5,15,-35,-21,-7,15,sil
21.09268617630005,-9,0,-20,-2,1,9,16,-1,15,37,-18,-28,5,0,sil
21.10788416862488,14,-6,-13,-14,28,12,20,7,27,27,24,-10,26,5,sil
21.12391495704651,19,-9,-9,-30,8,0,0,7,18,-10,15,12,18,16,sil
21.12391495704651,-5,-8,-22,-31,-11,-18,-20,3,8,-13,-10,3,-6,0,sil
21.12391495704651,-13,-3,-10,-20,4,-17,-22,2,12,13,8,-7,0,-29,sil
21.13935613632202,0,8,13,0,11,0,-8,0,18,11,28,0,17,-20,sil
21.13935613632202,-6,16,7,10,2,8,-1,-4,3,-11,2,1,-4,3,sil
21.155410051345825,-21,3,-9,5,0,3,-1,-11,-27,-15,-21,-16,-28,-9,sil
21.155410051345825,-24,-6,-8,6,-2,0,6,-18,-41,-11,-20,-32,-26,-27,sil
21.171353101730347,-20,-2,5,10,0,15,13,-10,-25,-15,-17,-22,-32,-12,sil
21.171353101730347,-7,-6,5,10,9,30,20,6,5,0,-12,-5,-24,7,sil
21.18695592880249,2,-19,-7,0,2,17,19,11,22,19,-7,-7,0,13,sil
21.18695592880249,0,-24,-13,-20,-12,-9,0,0,5,5,-13,-12,0,8,sil
21.202006816864014,-9,-25,-18,-29,-19,-25,-15,-3,-10,-10,-20,-10,-13,0,sil
21.202006816864014,-10,-28,-17,-27,-22,-25,-13,4,0,-1,-13,-2,-2,2,sil
21.21755576133728,-4,-20,-10,-22,-21,-16,-12,10,7,9,0,8,12,5,sil
21.233339071273804,4,4,0,-10,-14,-10,-19,3,-4,-1,13,18,10,-4,sil
21.233339071273804,18,23,18,6,-2,-10,-11,-3,-16,-19,21,23,3,-7,sil
21.24919819831848,30,24,29,21,10,-8,5,1,-10,-14,23,23,9,5,sil
21.24919819831848,29,23,29,17,14,-1,4,6,-1,0,23,23,13,11,sil
21.26526045799256,19,27,23,14,13,7,2,0,8,8,26,21,13,8,sil
21.26526045799256,14,24,26,28,20,22,18,-1,18,20,24,21,12,12,sil
21.27979731559753,7,11,22,31,19,35,31,2,10,29,6,14,5,14,sil
21.27979731559753,-7,-6,-10,4,0,20,21,-1,4,18,-16,-4,0,5,sil
21.295423984527588,-16,-16,-30,-19,-11,-9,-2,-8,12,-10,-25,-17,0,-3,sil
21.295423984527588,-10,-12,-20,-16,-9,-22,-15,-8,12,-21,-19,-13,1,-7,sil
21.311399936676025,-5,-6,-12,-8,-12,-21,-18,-9,-2,-20,-2,-2,0,-16,sil
21.311399936676025,-10,1,-5,-7,-7,-10,-16,-4,-10,-24,12,0,-1,-27,sil
21.32627940177917,-12,11,1,7,10,11,0,2,-5,-14,2,-4,-9,-17,sil
21.32627940177917,-8,8,3,22,14,19,16,6,-9,3,-17,-8,-13,0,sil
21.34137725830078,-7,-8,-2,13,-4,10,13,3,-13,9,-13,-11,-5,4,sil
21.34137725830078,-12,-18,-9,-6,-10,9,-1,-3,-7,6,-7,-18,-6,2,sil
21.35691976547241,-8,-12,-5,-9,3,3,-4,2,3,9,-11,-10,-5,15,sil
21.35691976547241,12,-5,3,0,7,-8,5,19,25,28,8,14,21,31,sil
21.372968196868896,32,-1,11,-4,0,-12,-4,12,23,25,34,31,38,22,sil
21.372968196868896,22,3,9,-8,-5,-17,-25,-11,-9,-12,21,19,15,-4,sil
21.388622283935547,4,16,2,4,-2,-19,-19,-18,-25,-27,6,1,-7,-16,sil
21.388622283935547,8,25,15,15,5,-1,-2,-7,-13,-9,12,8,-10,-7,sil
21.404236316680908,9,16,15,17,1,4,-3,-4,-10,-5,3,1,-15,-3,sil
21.404236316680908,-12,-1,0,13,-7,-4,-11,-7,-23,-9,-19,-25,-25,-10,sil
21.419375896453857,-22,-5,-5,9,3,8,4,0,-17,5,-20,-30,-23,-5,sil
21.419375896453857,-18,-9,-14,2,7,25,21,6,6,16,-17,-22,-15,2,sil
21.435452222824097,-21,-24,-26,-21,-14,7,4,3,11,9,-28,-24,-11,-5,sil
21.435452222824097,-8,-19,-24,-31,-21,-11,-6,9,16,9,-14,-8,1,-4,sil
21.450263023376465,11,0,-9,-20,-2,-5,6,16,30,8,14,13,20,13,sil
21.450263023376465,14,3,0,-12,5,0,9,6,26,3,20,17,25,16,sil
21.466079711914062,16,1,6,-11,0,-5,4,-1,10,1,24,25,21,6,please
21.466079711914062,22,10,21,-9,5,-5,10,-2,-3,-7,30,32,13,0,please
21.48140335083008,8,12,18,0,23,4,10,-11,-21,-23,2,4,-1,-10,please
21.48140335083008,-8,7,3,11,24,19,0,-11,-29,-30,-20,-20,-16,-17,please
21.49749517440796,-11,3,3,15,9,24,6,2,-5,-4,-9,-14,-13,-2,please
21.49749517440796,-12,-6,-5,10,2,15,19,7,20,30,-9,-10,-7,3,please
21.51335501670837,-15,-16,-15,-4,0,2,9,2,21,23,-22,-16,-10,-3,please
21.51335501670837,-5,-6,-7,-4,-2,1,1,4,28,8,-7,-3,2,6,please
21.52938151359558,2,-5,-6,0,-4,-3,-2,7,39,18,10,14,23,17,please
21.52938151359558,-10,-28,-19,-23,-22,-34,-24,0,7,-5,0,6,11,-8,please
21.54507279396057,-17,-21,-20,-31,-34,-47,-35,-11,-36,-47,-14,-7,-13,-29,please
21.54507279396057,4,23,14,7,-7,-17,-16,-9,-38,-36,0,14,-10,-13,please
21.5604100227356,23,40,33,34,9,0,-3,-1,-20,6,24,33,10,1,please
21.5604100227356,6,19,15,24,0,-5,-12,-4,-22,20,23,9,12,-5,please
21.57615208625793,-9,7,7,19,0,14,-2,-6,-17,3,2,-10,-2,-4,please
21.57615208625793,0,4,9,20,5,40,22,0,4,-2,-8,-5,-9,10,please
21.59215235710144,6,-5,0,3,0,20,18,1,6,5,-15,-6,-11,15,please
21.59215235710144,0,-15,-13,-10,-4,-7,0,-1,-5,4,-19,-11,-12,13,please
21.607592344284058,10,-11,-3,-9,-4,-13,-7,0,-10,-7,-8,1,-1,18,please
21.607592344284058,26,-1,12,-9,-2,-17,-11,2,-4,-4,11,20,17,21,please
21.623563051223755,21,2,5,-8,-1,-20,-17,0,10,3,24,23,21,13,please
21.623563051223755,11,12,5,1,4,-4,-12,-1,10,-3,22,15,1,0,please
21.638330221176147,1,24,8,12,18,15,6,5,2,-3,11,-2,-10,-8,please
21.638330221176147,-14,14,-1,10,22,23,18,8,4,3,0,-19,-3,-14,please
21.653818130493164,-17,-3,-1,3,7,19,13,4,0,0,-8,-22,-3,-16,please
21.653818130493164,-6,-4,2,7,0,9,11,2,-3,-2,-11,-22,-13,-12,please
21.66952753067017,-13,-9,-7,8,0,4,10,0,1,0,-15,-25,-14,-9,please
21.66952753067017,-24,-25,-17,0,0,10,7,-3,3,10,-20,-22,-8,-9,please
21.68505072593689,-16,-28,-20,-12,0,9,9,0,6,21,-18,-19,0,-5,please
21.68505072593689,-11,-20,-18,-26,0,-2,2,1,16,13,-6,-7,9,1,please
21.700440168380737,-6,-14,-19,-20,-2,-11,-1,1,21,6,10,10,20,9,please
21.700440168380737,14,-2,-9,-3,-2,-10,6,9,20,17,21,27,24,22,please
21.71593475341797,22,8,3,0,1,-3,8,18,26,22,24,32,23,22,please
21.71593475341797,7,13,1,-2,0,-5,-5,5,22,2,22,21,14,1,please
21.73142719268799,5,25,5,0,-8,-14,-16,-11,-2,-21,16,10,-1,-10,please
21.73142719268799,10,31,14,1,-7,-14,-15,-13,-25,-24,10,8,-7,-2,please
21.747456312179565,0,10,8,-9,-6,-15,-20,-13,-41,-26,-4,9,-10,-2,please
21.747456312179565,-2,-1,5,-10,-9,-21,-29,-12,-41,-31,-18,1,-18,-12,please
21.76254940032959,3,12,17,2,-2,-12,-20,-2,-19,-16,-15,-9,-18,-13,please
21.76254940032959,-4,13,25,4,6,14,-1,-1,-10,-4,-10,-9,-12,-13,please
21.778191089630127,-5,0,12,7,8,25,9,-5,-14,-3,-3,0,-4,-7,please
21.778191089630127,4,0,6,16,3,13,14,2,-9,7,-2,-3,0,3,please
21.793224811553955,-11,-17,-3,-1,-4,17,28,6,1,12,-26,-24,-15,-2,please
21.80913734436035,-26,-32,-18,-16,-6,29,43,0,11,7,-30,-31,-22,-6,please
21.80913734436035,-1,-17,-5,2,2,11,29,4,20,21,-3,-5,2,13,please
21.8241925239563,10,-13,-4,12,-1,-13,4,14,27,34,0,4,17,23,please
21.8241925239563,-6,-24,-28,-5,-14,-15,-9,5,20,5,-5,-1,8,11,please
21.8241925239563,-6,-10,-13,-8,-5,-12,-16,-4,9,-25,1,7,10,3,please
21.839354753494263,12,5,1,5,3,-16,-17,-2,7,-17,5,15,21,8,please
21.85500288009644,25,6,2,6,0,-16,-21,0,8,-2,21,20,26,14,please
21.85500288009644,28,15,13,0,3,-6,-25,-1,-3,-4,42,29,24,5,please
21.8702552318573,13,17,14,0,8,0,-23,-8,-27,-13,28,19,3,-15,sil
21.8702552318573,4,22,11,13,11,4,-10,-6,-28,-12,12,1,-9,-14,sil
21.88598585128784,21,41,20,28,20,16,5,1,0,11,19,9,0,3,sil
21.88598585128784,9,30,13,22,15,16,9,0,6,11,5,5,-8,0,sil
21.902018547058105,-28,-9,-14,4,-4,0,2,-10,-20,-11,-22,-22,-29,-18,sil
21.902018547058105,-37,-18,-19,-3,-4,1,6,-4,-23,-7,-25,-31,-25,-17,sil
21.91808581352234,-20,-3,-4,2,11,22,22,18,10,17,-13,-20,-7,-1,sil
21.91808581352234,-11,-5,-12,3,7,21,26,23,33,26,-15,-21,-7,2,sil
21.93649744987488,-18,-17,-22,-13,-8,3,12,4,14,19,-25,-25,-12,0,sil
21.93649744987488,-18,-15,-18,-23,-10,-2,1,-6,4,15,-19,-13,-3,1,sil
21.93649744987488,-6,-12,-11,-16,-7,-7,3,0,18,8,-7,-1,1,9,sil
21.95006012916565,-1,-18,-3,-23,-14,-17,4,1,18,-7,-2,0,2,6,sil
21.965083837509155,3,-10,0,-24,-14,-15,4,0,9,-12,14,8,10,3,sil
21.965083837509155,14,5,7,-4,-1,-8,-3,-1,1,-1,26,20,14,4,sil
21.980386972427368,11,-1,8,-2,-1,-14,-17,-5,-18,0,8,13,12,-6,sil
21.980386972427368,4,-12,0,-20,-15,-19,-27,-7,-33,-19,-2,4,16,-13,sil
21.99591469764709,15,5,11,-16,-11,-15,-28,-4,-22,-25,12,21,17,0,sil
21.99591469764709,23,19,17,8,4,-8,-11,-4,-7,-7,23,26,9,6,sil
22.011940956115723,12,14,14,19,7,2,0,-7,-9,-7,11,3,-5,-7,sil
22.011940956115723,1,18,18,17,6,15,0,-3,-7,-9,2,-8,-12,-10,sil
22.027978897094727,0,22,14,22,15,15,9,5,6,17,5,-4,0,7,sil
22.027978897094727,0,9,7,27,16,18,27,9,10,25,0,0,1,15,sil
22.042998790740967,0,0,5,29,13,31,35,6,8,8,-16,0,-3,12,sil
22.042998790740967,0,-3,1,18,8,22,22,4,13,7,-20,-1,0,12,sil
22.05824637413025,-4,-9,-11,-6,-5,-6,-1,6,15,2,-14,0,2,9,sil
22.05824637413025,0,-12,-21,-20,-15,-24,-14,1,9,-15,-8,4,0,0,sil
22.07930421829224,6,-5,-4,-14,-5,-19,-18,-3,-3,-16,4,8,-4,-9,sil
22.07930421829224,4,5,8,1,5,-8,-18,-3,-9,-3,14,6,-6,-11,sil
22.07930421829224,-1,8,2,12,6,2,-6,-2,-6,-8,3,-1,-6,-6,sil
22.08933925628662,-8,-2,-8,2,4,17,11,-3,-4,-8,-13,-13,-15,-1,sil
22.10399794578552,-23,-22,-24,-19,-1,16,10,-7,-8,3,-27,-26,-22,-4,sil
22.10399794578552,-29,-37,-34,-40,-17,-10,-15,-8,-12,0,-29,-24,-12,-12,sil
22.11919355392456,-11,-33,-26,-41,-28,-34,-28,1,0,-2,-10,-7,6,-11,sil
22.11919355392456,10,0,1,-16,-13,-26,-19,6,17,8,14,10,20,-3,sil
22.1352276802063,14,32,28,23,11,0,-4,1,11,8,26,15,18,0,sil
22.1352276802063,2,29,22,38,17,14,8,-1,-2,4,24,2,3,0,sil
22.15124750137329,-3,15,15,27,14,14,17,-1,-4,5,14,-4,-6,1,sil
22.15124750137329,0,17,14,26,15,16,22,0,-2,3,3,-3,-7,0,sil
22.16635227203369,-3,7,-1,18,11,18,17,2,3,9,2,-6,0,7,sil
22.16635227203369,-5,-10,-9,-9,1,13,13,11,15,22,8,-2,12,20,sil
22.18238878250122,3,-7,-2,-19,-4,9,15,12,16,14,3,3,11,16,sil
22.18238878250122,14,0,0,-14,-9,0,4,3,10,-9,-2,11,5,8,sil
22.19795203208924,18,-8,-2,-19,-17,-22,-14,-2,7,-13,3,23,13,7,sil
22.19795203208924,12,-3,1,-13,-15,-25,-19,-4,-12,-11,12,22,6,-5,sil
22.213983297348022,-2,17,6,8,5,0,-10,-6,-30,-16,0,-1,-16,-22,sil
22.213983297348022,-12,7,0,15,10,12,2,-7,-18,-5,-21,-19,-21,-18,sil
22.229367971420288,-15,-20,-7,-1,-4,7,12,-4,-10,0,-29,-17,-14,-3,sil
22.229367971420288,-14,-20,-9,0,0,8,12,0,-5,2,-21,-14,-8,0,sil
22.24526953697205,-8,-10,-16,2,8,8,-1,3,5,9,-15,-13,-1,-3,sil
22.24526953697205,2,-13,-13,-15,-3,-10,-16,0,2,-3,-3,0,0,-5,sil
22.26098084449768,15,-1,1,-16,-7,-24,-14,-3,0,-13,19,18,8,4,sil
22.26098084449768,19,23,17,5,6,-16,-7,0,3,1,30,23,16,9,sil
22.2761754989624,17,32,20,19,8,-5,-3,1,-2,9,25,20,11,6,sil
22.2761754989624,12,22,15,23,0,1,4,-1,-4,4,10,6,1,9,sil
22.291512489318848,-1,-4,5,4,-5,5,5,-2,0,-1,-12,-15,-4,6,sil
22.291512489318848,-11,-22,-11,-19,-11,0,0,2,5,-1,-21,-18,0,3,sil
22.30740642547608,0,-7,-7,-18,-6,-8,-5,3,15,0,-3,6,13,9,sil
22.30740642547608,8,6,6,-3,2,-7,-9,0,14,-7,7,17,6,0,sil
22.32292914390564,-2,12,5,4,3,-2,-6,0,0,-19,6,2,-10,-18,sil
22.32292914390564,-11,20,15,13,7,4,0,0,-9,-12,6,-5,-10,-14,sil
22.33822798728943,-8,10,13,17,11,18,4,-1,-4,0,-6,-15,-11,-7,sil
22.33822798728943,-10,-12,-1,14,7,25,11,0,1,4,-17,-20,-16,-8,sil
22.35335493087769,-9,-16,-5,12,2,24,21,6,10,17,-6,-9,-3,1,sil
22.35335493087769,-9,-15,-12,5,-1,14,22,7,18,29,-3,-3,10,13,sil
22.368510484695435,-16,-22,-24,-15,-8,0,7,1,6,23,-13,-8,8,7,sil
22.368510484695435,-12,-21,-29,-23,-10,-9,-1,0,-2,10,-7,-3,3,3,sil
22.384377002716064,3,-10,-15,-15,-9,-14,-5,2,0,-4,1,7,3,4,sil
22.384377002716064,11,-5,-4,-18,-8,-14,-12,0,-2,-19,-2,8,0,-2,sil
22.39991044998169,6,-1,-7,-27,-4,-10,-12,-7,-13,-25,0,7,-7,-8,sil
22.41593670845032,3,11,0,-17,7,-11,-10,-5,-17,-22,13,13,-9,-10,sil
22.41593670845032,7,22,12,9,14,-9,-11,0,-14,-3,18,10,-8,-13,sil
22.432355880737305,13,22,16,26,12,4,-3,0,-8,9,16,3,-2,-4,sil
22.432355880737305,12,21,27,32,13,10,7,2,0,5,17,7,11,14,sil
22.447022914886475,9,13,21,31,7,6,10,0,6,9,8,0,17,17,sil
22.447022914886475,0,-5,1,12,-5,11,8,-5,6,18,-5,-11,9,7,sil
22.447022914886475,-9,-17,-8,-5,-14,8,8,-2,9,14,-10,-13,3,7,sil
22.46292614936829,-13,-21,-11,-16,-18,-6,-3,1,13,3,-10,-9,6,8,sil
22.46292614936829,-5,-15,-9,-24,-13,-13,-12,1,7,0,-7,1,8,0,sil
22.47853446006775,13,5,-1,-10,-4,-15,-6,-3,1,-6,11,19,9,-2,sil
22.47853446006775,26,23,13,4,-1,-17,-10,-9,-7,-20,21,23,2,-3,sil
22.49423885345459,14,20,15,0,2,-8,-13,-6,-17,-30,0,4,-16,-13,sil
22.50996994972229,-8,11,0,-1,12,5,0,1,-14,-20,-18,-14,-28,-21,sil
22.50996994972229,-11,8,0,6,7,12,12,9,-8,0,-6,-8,-14,-6,sil
22.50996994972229,-3,4,7,13,7,15,19,4,-8,16,1,0,-1,8,sil
22.525335550308228,-12,-5,1,14,18,21,17,-1,-10,8,-16,-13,-10,0,sil
22.52599573135376,-21,-19,-13,13,13,26,15,3,10,7,-21,-19,-6,0,sil
22.54046392440796,-9,-19,-11,0,-2,14,12,10,37,26,-1,0,10,20,sil
22.55618953704834,4,-7,0,-14,-7,-4,-2,8,33,27,5,11,13,23,sil
22.55618953704834,2,-10,-10,-16,-8,-16,-17,2,13,4,0,5,14,0,sil
22.57134222984314,-2,-17,-18,-20,-9,-23,-22,-6,-3,-16,-5,0,6,-14,sil
22.57134222984314,2,0,-3,-19,-8,-23,-19,-12,-21,-27,-4,4,-10,-13,sil
22.586941719055176,7,19,6,-3,-9,-12,-5,-5,-22,-23,10,7,-12,-12,sil
22.586941719055176,-2,5,7,2,-3,0,3,0,-17,-20,9,-8,-11,-15,sil
22.602035999298096,-12,-2,0,1,7,12,4,-2,-14,-18,-15,-29,-19,-11,sil
22.602035999298096,-6,2,0,8,5,12,16,-1,2,4,-16,-16,-8,5,sil
22.617361545562744,-2,-13,1,4,-8,1,26,5,25,32,4,0,13,19,sil
22.617361545562744,-3,-22,-7,-4,-9,-3,8,3,18,30,6,0,20,12,sil
22.633448839187626,9,2,0,0,4,-3,-15,3,4,3,5,13,17,2,sil
22.633448839187626,23,18,11,7,11,-2,-19,10,14,-2,18,31,22,7,sil
22.64954090118408,10,4,6,-3,1,-1,-18,1,9,6,27,22,24,5,sil
22.64954090118408,0,0,4,-7,-1,-2,-15,-6,-10,7,24,11,13,-6,sil
22.66507315635681,9,15,12,14,10,0,-4,-1,-10,4,13,12,2,0,sil
22.66507315635681,4,27,23,30,15,9,0,-2,-7,0,0,5,-3,8,sil
22.68029284477234,-10,14,11,22,4,15,7,-8,-10,2,-9,-13,-10,0,sil
22.68029284477234,-8,-5,-4,3,-1,14,20,1,-9,2,-15,-24,-14,-5,sil
22.69595646858216,-7,-12,-11,-10,-3,9,21,4,-6,-6,-22,-19,-19,-3,sil
22.69595646858216,-15,-15,-21,-17,-10,-2,13,-6,-5,-15,-29,-15,-26,-8,sil
22.711121559143063,-5,-16,-25,-21,-12,-11,4,-2,-1,-16,-26,-11,-18,-10,sil
22.711121559143063,9,-5,-17,-20,-9,-13,-4,3,3,-18,-2,1,0,-2,sil
22.726389169693,11,8,-2,-7,-4,-22,-22,-3,1,-15,21,17,6,1,sil
22.726389169693,15,19,18,13,0,-19,-24,-4,0,4,24,22,6,0,sil
22.742152452468872,16,24,20,28,3,0,-3,0,0,13,16,11,4,0,sil
22.742152452468872,0,15,12,26,8,12,11,-3,-11,-5,7,0,-2,4,sil
22.757946014404297,-8,-5,2,20,10,21,18,0,-11,-1,0,-4,-5,9,sil
22.757946014404297,-9,-18,-2,8,3,21,25,10,8,24,-9,-10,-2,10,sil
22.773000955581665,-13,-18,-3,-5,-2,12,18,9,20,24,-14,-13,0,8,sil
22.773000955581665,-4,-13,-8,-7,-1,2,5,1,19,9,-2,-1,12,10,sil
22.78909683227539,6,-12,-5,-15,-3,-12,-8,0,12,2,3,14,14,9,sil
22.78909683227539,0,-14,-7,-28,-7,-22,-17,0,5,2,-3,10,9,-4,sil
22.805344820022583,0,-7,-9,-18,0,-11,-17,3,8,-2,0,2,14,-15,sil
22.805344820022583,13,11,7,0,7,0,-15,6,6,-13,17,15,15,-6,sil
22.820370197296143,21,23,18,4,6,-7,-14,0,-3,-12,18,24,6,4,sil
22.820370197296143,13,17,16,1,3,-15,-16,-9,-17,-15,5,12,0,0,sil
22.836058378219604,-6,4,6,-6,0,-10,-15,-8,-20,-26,-9,-9,-12,-10,sil
22.836058378219604,-28,0,-7,-16,-1,0,-10,-7,-19,-12,-21,-34,-24,-17,sil
22.8513286113739,-33,0,-11,-16,-1,9,-7,-7,-26,6,-19,-34,-21,-22,sil
22.8513286113739,-29,-7,-12,-13,-5,13,2,-5,-24,-1,-17,-26,-18,-22,sil
22.86696434020996,-26,-20,-20,-22,-12,11,16,0,-8,-10,-34,-38,-28,-18,sil
22.86696434020996,-11,-20,-16,-13,-5,18,23,5,7,6,-33,-40,-23,-8,sil
22.882564306259155,6,-6,-2,14,8,23,28,8,21,24,2,-10,2,7,sil
22.882564306259155,8,0,4,23,8,15,31,13,35,26,20,12,23,18,sil
22.898236989974976,10,-1,-1,16,0,9,25,16,40,29,10,9,25,21,sil
22.898236989974976,17,0,1,14,-4,0,6,8,25,25,14,14,20,18,sil
22.91327667236328,20,1,11,16,0,-15,-7,0,14,5,24,33,18,19,sil
22.91327667236328,30,9,13,20,8,-18,-7,0,14,-1,27,51,22,30,sil
22.928443670272827,39,25,22,25,9,-7,3,3,15,10,38,60,30,33,sil
22.928443670272827,32,31,22,28,0,-13,0,1,4,2,45,46,22,15,sil
22.944066762924194,16,25,13,20,-3,-26,-23,-18,-28,-30,28,22,-6,-5,sil
22.944066762924194,4,24,14,8,1,-19,-26,-26,-54,-31,4,8,-21,-11,sil
22.959112882614136,-5,16,9,4,3,-2,-8,-7,-40,-9,-3,1,-8,-12,sil
22.959112882614136,-17,0,0,2,4,5,-7,3,-21,-11,-13,-12,-13,-19,sil
22.97507619857788,-23,-8,-7,-2,7,10,-6,0,-22,-19,-32,-34,-34,-24,sil
22.97507619857788,-27,-13,-12,-9,0,15,2,-3,-22,-16,-44,-48,-37,-22,sil
22.991193294525143,-32,-25,-18,-14,-9,16,1,-1,-5,-9,-38,-40,-22,-16,sil
22.991193294525143,-29,-35,-30,-24,-9,11,2,0,12,1,-33,-31,-10,-7,sil
23.00534081459045,-22,-37,-30,-39,-11,7,8,4,16,6,-39,-37,-10,-1,sil
23.021121740341187,-17,-31,-25,-39,-15,5,5,8,17,7,-32,-34,-4,-1,sil
23.021121740341187,-5,-25,-18,-32,-9,0,-6,4,26,6,-3,-6,12,0,sil
23.03632879257202,9,-15,-5,-31,0,-10,-13,0,22,-1,8,20,24,3,sil
23.03632879257202,14,6,1,-16,3,-11,-11,0,11,6,13,23,26,1,sil
23.055437326431274,17,27,16,3,4,-9,-11,8,18,29,37,29,34,8,sil
23.055437326431274,25,30,26,13,8,-14,-5,8,22,21,49,36,32,17,sil
23.06729435920716,20,22,20,16,8,-14,-4,-3,0,0,27,24,13,11,sil
23.06729435920716,12,23,24,21,7,-6,-10,-11,-19,-7,18,11,0,4,sil
23.08330082893372,17,32,30,37,10,4,4,-7,-13,0,32,15,3,13,sil
23.08330082893372,15,22,24,41,7,12,27,0,-5,3,29,15,2,16,sil
23.09938097000122,-1,-5,3,17,-1,8,23,2,-8,2,0,-3,-10,0,sil
23.09938097000122,-18,-21,-16,-5,-9,0,10,0,-17,0,-31,-27,-25,-15,sil
23.11538815498352,-18,-13,-16,-4,-9,10,15,0,-9,-2,-36,-27,-26,-10,sil
23.11538815498352,-5,-8,-13,3,0,25,31,7,19,9,-17,-11,-11,0,sil
23.13089919090271,-4,-15,-17,-4,6,21,29,12,32,19,-13,-7,-2,-1,sil
23.13089919090271,-10,-22,-26,-23,-3,0,4,7,17,9,-22,-11,-5,-7,sil
23.146939516067505,-1,-9,-17,-22,-12,-17,-18,-1,-7,-15,-13,-3,-3,-10,sil
23.146939516067505,11,12,11,3,-2,-13,-19,-6,-21,-31,7,14,3,-4,sil
23.1625018119812,9,22,21,25,3,0,-12,-4,-13,-15,19,19,10,3,sil
23.1625018119812,-1,22,15,21,5,-1,-22,-4,-11,0,12,5,0,0,sil
23.178168773651123,-9,9,10,14,7,-3,-21,-9,-24,-6,-6,-10,-15,-8,sil
23.178168773651123,-7,-15,-1,6,0,-1,-9,-6,-12,-12,-15,-8,-14,7,sil
23.19420623779297,0,-18,-2,-6,-4,-5,-11,5,13,0,-2,9,4,16,sil
23.19420623779297,3,0,-1,-12,3,-5,-13,6,13,10,15,11,19,5,sil
23.20914077758789,2,4,-3,-11,8,0,-7,-4,-4,0,21,6,18,-3,sil
23.20914077758789,0,0,-1,-7,3,0,0,-5,-12,-16,10,3,4,-10,sil
23.2252357006073,-15,0,-3,-2,0,5,11,0,-8,-14,-10,-9,-11,-15,please
23.2252357006073,-27,-7,-11,-9,0,18,24,4,1,3,-34,-31,-24,-9,please
23.241034507751465,-14,-14,-21,-20,3,21,26,8,16,23,-38,-39,-19,0,please
23.241034507751465,5,-12,-14,-22,-5,0,16,4,27,17,-10,-13,3,9,please
23.25605034828186,19,-5,6,-11,-16,-26,0,-4,19,4,23,18,23,15,please
23.25605034828186,30,9,15,11,-7,-27,-19,-10,-1,7,30,25,20,13,please
23.27139043807984,28,21,16,11,-2,-15,-28,-7,-10,0,23,23,9,7,please
23.27139043807984,17,16,17,1,-9,-14,-15,0,0,-10,21,15,4,-3,please
23.28713369369507,1,11,10,12,-3,-8,-5,2,0,-5,5,-4,-8,-15,please
23.28713369369507,-15,5,-2,20,1,12,0,2,-11,-1,-19,-12,-20,-10,please
23.302289962768555,-20,-8,-17,6,-1,21,21,5,0,5,-20,-5,-1,4,please
23.302289962768555,-9,-15,-19,-3,7,10,28,15,26,17,-2,11,16,10,please
23.317995071411133,4,-2,-4,-4,12,2,17,19,38,20,6,30,15,12,please
23.317995071411133,14,0,5,-13,-2,2,7,8,25,19,14,27,17,11,please
23.33315920829773,1,-17,-6,-20,-4,4,-5,-7,-12,-3,15,2,9,-5,please
23.33315920829773,-15,-5,-6,-9,9,8,-14,-17,-42,-48,-4,-25,-23,-28,please
23.34830904006958,0,30,35,12,14,15,-2,-12,-32,-46,-21,-29,-36,-26,please
23.34830904006958,10,15,42,30,14,18,11,-1,-7,13,-7,3,-9,1,please
23.363482236862183,-9,-25,-7,25,12,6,4,-3,-6,37,6,5,3,23,please
23.363482236862183,-13,-15,-17,13,0,-8,-7,-6,-11,8,-1,-27,0,16,please
23.379069566726685,3,1,2,6,-16,-13,-5,0,-1,6,-4,-7,12,5,please
23.379069566726685,0,-17,-5,-13,-20,-13,-7,0,4,17,5,25,19,3,please
23.395087718963623,-4,-17,-15,-27,-12,-18,-19,0,0,-7,0,-4,3,0,please
23.395087718963623,9,9,-1,-15,2,-16,-17,1,-3,-28,-2,-12,-2,-3,please
23.410210371017456,17,25,11,-3,7,-1,-3,3,-5,-7,20,30,6,0,please
23.410210371017456,9,30,12,11,-7,3,0,-1,-4,0,31,23,3,0,please
23.426106214523315,-5,27,6,21,-2,0,-3,-8,-7,-31,-1,-19,-20,-13,please
23.426106214523315,-17,5,-9,8,15,5,0,-7,-13,-30,-30,-30,-33,-27,please
23.44148850440979,-22,-13,-19,-5,8,16,8,1,-8,-1,-27,-21,-20,-17,please
23.44148850440979,-14,-9,-10,0,1,16,15,11,10,2,-21,-15,-2,4,please
23.457276821136475,0,-3,-12,2,8,6,27,12,33,11,-19,-8,8,15,please
23.457276821136475,1,-14,-21,-9,0,0,26,8,39,30,-12,-3,10,12,please
23.472659826278687,-3,-15,-14,-20,-6,0,8,7,32,29,-2,-1,10,12,please
23.472659826278687,6,0,3,-12,-2,-7,-6,9,26,23,20,22,24,15,please
23.488444805145264,23,4,15,-6,-10,-14,-11,3,17,18,38,47,31,13,please
23.488444805145264,21,-4,7,-9,-17,-16,-14,-9,-5,0,16,28,10,5,please
23.503350734710693,12,0,7,-9,-5,-15,-17,-14,-32,-18,0,6,-6,-6,please
23.503350734710693,11,11,22,2,5,0,-8,-3,-33,-26,17,12,-3,-13,please
23.519152402877808,8,10,21,15,4,11,0,-1,-17,-22,16,9,-5,-9,please
23.519152402877808,-6,3,9,18,2,6,0,-2,-4,-2,-9,-9,-19,-9,please
23.53441023826599,-21,0,1,17,4,9,2,3,4,9,-23,-29,-25,-16,please
23.5503797531128,-21,-8,-2,10,5,18,7,1,3,4,-20,-34,-21,-11,please
23.5503797531128,-13,-18,-10,-1,-5,4,1,-8,-15,5,-17,-21,-9,4,please
23.56638193130493,-12,-19,-24,-12,-15,-11,0,-10,-26,4,-14,-12,2,9,please
23.56638193130493,-9,-14,-21,-17,-3,-4,2,0,-9,-10,-10,-10,5,1,please
23.56638193130493,4,-10,-7,-12,0,-2,0,6,10,-2,4,5,14,3,please
23.581929683685303,18,0,2,-13,-4,-16,-13,8,12,11,23,22,28,10,please
23.581929683685303,13,18,8,-9,7,-12,-17,6,14,0,28,22,23,6,please
23.597177267074585,6,26,13,5,18,0,-1,0,11,-8,22,16,4,0,please
23.61234903335572,3,18,14,15,9,0,2,-9,-11,-7,5,11,-10,-9,please
23.61234903335572,-3,16,9,20,9,7,0,-12,-26,-17,-8,-2,-20,-13,please
23.62794256210327,-8,15,9,24,16,25,5,-5,-10,-4,-5,-10,-16,-2,please
23.62794256210327,-1,2,9,16,5,23,15,4,11,31,0,-5,0,4,please
23.64399719238281,6,-9,3,9,-5,14,21,9,20,33,-3,0,9,12,please
23.64399719238281,2,-14,0,4,-4,8,20,10,23,5,-9,0,5,19,please
23.659963130950928,-3,-21,-14,-13,-5,-5,11,8,23,0,-9,-3,3,6,sil
23.659963130950928,0,-14,-23,-27,-6,-17,-1,6,20,12,0,0,12,-5,sil
23.67595863342285,6,1,-8,-11,-3,-17,-8,6,16,7,10,9,19,4,sil
23.676467180252075,8,8,0,1,0,-20,-17,-1,0,-17,17,13,12,4,sil
23.691402196884155,2,13,-3,-7,0,-18,-31,-14,-25,-36,12,7,-3,-10,sil
23.691402196884155,-6,18,-2,-2,1,-1,-19,-11,-31,-26,0,-4,-9,-14,sil
23.707486391067505,-4,13,8,15,0,10,4,-2,-28,-13,-14,-13,-14,-5,sil
23.707486391067505,-1,6,13,10,-9,10,6,-5,-30,-15,-17,-11,-24,-2,sil
23.707486391067505,-7,-4,-1,-1,-16,8,5,-7,-20,-12,-16,-13,-18,-5,sil
23.7230384349823,-19,-23,-13,-4,-13,11,9,0,-1,1,-25,-20,-12,-8,sil
23.738218545913696,-19,-33,-12,-14,-6,8,7,4,11,13,-24,-18,-13,-5,sil
23.738218545913696,1,-19,-4,-17,0,-8,0,4,21,11,0,0,3,4,sil
23.754265308380127,18,0,2,-3,5,-21,-4,4,25,3,15,18,21,13,sil
23.754265308380127,14,0,0,0,-1,-12,-5,5,23,11,18,22,21,18,sil
23.770373344421387,12,-7,0,-11,-6,-1,-3,7,21,12,18,25,18,12,sil
23.770373344421387,17,3,3,-8,2,-4,-11,3,10,-2,19,27,10,0,sil
23.78590559959412,16,21,11,8,8,-5,-16,-1,-11,-8,20,22,-3,-2,sil
23.78590559959412,5,21,15,18,10,5,0,-3,-22,0,8,0,-16,-4,sil
23.8012592792511,-11,5,0,16,14,15,16,-4,-13,2,-12,-26,-21,-15,sil
23.8012592792511,-15,0,0,15,13,18,17,-1,-5,13,-11,-29,-16,-15,sil
23.816860675811768,-9,6,4,16,9,21,11,1,-7,29,0,-24,-6,-7,sil
23.816860675811768,-20,0,-6,5,7,11,4,-4,-10,30,-13,-34,-5,-9,sil
23.83296728134156,-29,-15,-16,-7,-1,3,3,0,0,34,-28,-31,-8,-7,sil
23.83296728134156,-13,-14,-15,-11,-5,1,11,6,20,48,-15,-16,3,5,sil
23.849074602127075,0,-7,-9,-18,-2,-12,0,1,22,26,-1,1,19,14,sil
23.849074602127075,0,-10,-6,-25,-8,-25,-14,0,16,-20,7,20,31,11,sil
23.867244958877563,6,-9,2,-20,-16,-21,-13,2,6,-46,20,38,33,9,sil
23.867244958877563,16,7,14,-9,-11,-20,-16,-1,-14,-61,23,34,17,3,sil
23.867244958877563,18,29,17,9,-2,-15,-17,-8,-28,-77,17,15,0,-4,sil
23.881284952163696,21,35,30,26,2,5,1,-5,-20,-59,10,12,-4,0,sil
23.881284952163696,16,13,27,24,8,24,17,0,-6,-15,0,9,-5,9,sil
23.89794969558716,8,-7,4,14,10,28,21,0,5,8,-7,-1,-5,12,sil
23.89794969558716,10,-1,3,15,11,24,23,3,16,21,0,6,-1,9,sil
23.912434101104736,9,2,2,15,9,10,19,8,21,32,1,10,0,8,sil
23.912434101104736,5,-8,-5,2,-2,-9,-2,6,10,11,1,8,0,11,sil
23.927592754364014,7,-8,-9,-10,-12,-21,-23,-5,-8,-9,9,13,0,-2,sil
23.94324898719788,5,4,-5,-6,0,-17,-24,-15,-21,0,9,7,-3,-19,sil
23.94324898719788,-5,10,2,12,12,1,-9,-7,-14,14,0,-3,-15,-4,sil
23.95892786979676,-24,-4,-20,9,-4,14,8,5,5,18,-9,-21,-20,0,sil
23.95892786979676,-39,-33,-47,-28,-26,0,5,5,0,2,-34,-42,-32,-28,sil
23.97502183914185,-30,-37,-35,-39,-15,-11,-5,4,-3,0,-43,-38,-29,-24,sil
23.97502183914185,-7,-15,-14,-20,-6,-14,-12,2,11,7,-11,-11,3,1,sil
23.990657806396484,2,4,3,-18,-13,-24,-23,-2,6,0,13,16,15,-4,sil
23.990657806396484,0,15,5,1,-1,-18,-25,-9,-15,-2,11,9,2,-15,sil
24.006537437438965,0,16,16,36,15,12,-3,-8,-22,11,0,-12,-3,-3,sil
24.006537437438965,-3,14,27,32,16,33,28,4,-4,13,-11,-13,-2,1,sil
24.02215337753296,-7,0,-3,-2,9,23,36,11,15,14,-13,-13,5,2,sil
24.02215337753296,0,-16,-11,-19,1,2,13,5,16,17,0,-8,21,16,sil
24.03729462623596,7,-2,6,-9,4,-1,-1,1,12,7,22,11,30,16,sil
24.03729462623596,1,7,2,-17,8,-1,-9,-5,5,-13,17,3,11,-3,sil
24.053019285202023,-3,2,3,-34,0,-4,-16,-2,-10,-23,0,-11,-7,-11,sil
24.053019285202023,-2,3,3,-21,0,0,7,9,-5,0,0,-19,0,0,sil
24.0691556930542,-16,-1,-10,-16,8,16,35,9,13,22,-15,-45,2,11,sil
24.0691556930542,-7,-3,9,-1,0,15,29,7,20,15,-13,-16,0,27,sil
0.0286035537719726,33,12,30,47,-8,-4,12,8,17,0,28,64,16,34,please
0.0286035537719726,45,13,17,53,-1,-17,-4,-3,8,-11,34,74,14,17,please
0.0443272590637207,31,2,16,21,-3,-15,-19,-10,-4,-26,5,42,-4,-3,please
0.0443272590637207,21,2,11,9,-16,-11,-15,-5,-9,-30,1,33,-4,-7,please
0.0597078800201416,11,1,0,4,-13,-14,-15,0,-6,-20,7,21,1,-2,please
0.0597078800201416,0,1,0,-1,0,-18,-27,-5,-13,-12,6,12,-1,-9,please
0.075796365737915,-12,6,-1,3,4,-7,-24,-18,-28,-10,0,-3,-10,-22,please
0.075796365737915,-14,2,5,18,8,13,-10,-17,-32,-9,-10,-16,-19,-10,please
0.0913429260253906,-7,-9,3,22,11,26,5,-1,-3,6,-11,-18,-13,5,please
0.0913429260253906,-14,-20,-33,-8,6,20,19,9,32,28,-7,-24,6,-4,please
0.1065976619720459,-17,-16,-37,-34,-4,0,11,14,26,14,-6,-21,6,-21,please
0.1065976619720459,-9,-3,-22,-21,-3,-11,0,6,-12,-20,-7,-17,-13,-26,please
0.1224198341369628,-12,4,-8,-1,7,-1,7,-4,-33,-24,-13,-22,-21,-18,please
0.1224198341369628,-12,4,6,7,4,9,16,-1,-21,7,-12,-17,-7,6,please
0.1380116939544677,-6,-8,-5,0,-7,0,6,0,-1,24,-1,-5,9,23,please
0.1380116939544677,-1,-7,-9,-12,-9,-11,-17,-2,9,19,15,11,19,16,please
0.1533329486846923,4,17,16,3,5,-4,-24,-2,16,26,26,18,16,6,please
0.1533329486846923,1,18,26,17,16,12,-1,0,11,20,-2,-1,-9,4,please
0.1688530445098877,-10,-19,2,-18,1,22,21,13,14,3,-39,-19,-20,7,please
0.1688530445098877,-6,-23,-21,-36,-16,11,18,24,29,8,-22,-10,4,11,please
0.1846582889556884,8,9,-13,-2,-16,-8,1,9,22,-3,3,3,12,0,please
0.1846582889556884,15,-10,2,-2,-12,-16,-1,-6,0,-22,2,0,0,-13,please
0.1996827125549316,19,-30,10,-41,-7,-12,3,0,0,2,12,7,13,-1,please
0.1996827125549316,21,34,16,-10,15,-2,-4,5,5,17,39,34,36,19,please
0.2153432369232177,12,72,10,54,24,-4,-9,-6,-2,-16,34,34,25,11,please
0.2153432369232177,0,21,9,33,4,-10,-4,-18,-20,-30,1,1,-7,-11,please
0.2315113544464111,-8,-11,0,-3,-1,-4,-3,-15,-23,-16,-13,-24,-23,-17,please
0.2315113544464111,-6,0,-1,13,0,-2,-8,-11,-18,-20,-15,-20,-24,-10,please
0.2462036609649658,0,8,25,17,-5,-2,-9,-5,-18,-12,-14,-6,-24,-8,please
0.2626750469207763,-3,1,22,-4,0,7,-3,1,-11,19,-7,-6,-14,-7,please
0.2626750469207763,-16,-20,-13,-12,5,13,5,5,-7,15,-10,-11,-10,-2,please
0.2788963317871094,-25,-37,-34,-13,-3,12,19,7,-7,-7,-23,-19,-17,-2,please
0.2788963317871094,-21,-35,-32,-9,-7,11,20,9,11,6,-20,-17,-6,-1,please
0.2788963317871094,-10,-25,-18,0,-1,7,5,10,31,26,-3,1,16,6,please
0.2943513393402099,0,-8,-5,1,5,0,-3,4,24,21,8,13,22,6,please
0.2943513393402099,8,-2,-1,-15,2,-11,-12,0,13,16,19,16,16,2,please
0.3085644245147705,14,-5,-1,-19,-11,-14,-15,0,6,13,33,31,21,10,please
0.3243770599365234,22,9,7,8,-10,-8,-9,-2,-13,-6,32,39,24,16,please
0.3243770599365234,26,23,18,20,1,-5,-8,-12,-30,-32,17,22,7,5,please
0.3404850959777832,21,15,12,2,3,-4,-3,-6,-12,-38,7,3,-6,-2,please
0.3404850959777832,12,17,15,0,1,3,9,7,10,-18,5,2,-7,0,please
0.356109619140625,8,28,30,24,5,5,8,2,9,11,5,3,0,0,please
0.356109619140625,8,29,31,45,7,0,1,-8,-5,16,5,0,1,0,please
0.3726789951324463,2,21,24,24,9,11,12,-1,-10,-2,-1,-1,0,2,please
0.3726789951324463,-10,1,0,-5,5,21,22,0,-4,-12,-27,-18,-19,-2,please
0.3726789951324463,-23,-16,-27,-10,0,8,10,-5,0,-16,-56,-42,-45,-13,please
0.3868041038513183,-23,-17,-31,-1,0,0,0,0,4,-15,-46,-36,-33,-8,please
0.4023914337158203,-15,-15,-20,-4,0,0,0,10,10,2,-13,-11,1,4,please
0.4023914337158203,-13,-20,-21,-16,-5,-2,-4,4,13,21,-6,-2,12,2,please
0.4177472591400146,-11,-22,-26,-22,-7,-2,-15,0,14,24,-5,-3,15,-1,please
0.4177472591400146,-2,-15,-14,-19,-9,-6,-16,2,10,22,15,3,26,1,please
0.4334559440612793,-1,-8,-8,-15,-13,-24,-12,0,5,15,26,7,26,-1,sil
0.4334559440612793,1,-1,-11,-19,-8,-28,-6,-1,6,4,23,10,16,-4,sil
0.448505163192749,17,11,5,-15,0,-5,-3,1,10,4,33,12,14,0,sil
0.448505163192749,17,19,14,-4,0,3,-9,-6,-3,-5,27,5,4,-6,sil
0.4637207984924316,0,10,3,-12,2,-4,-22,-19,-41,-38,-8,-3,-19,-16,sil
0.4637207984924316,-2,6,6,-8,14,0,-14,-13,-53,-44,-19,-6,-28,-9,sil
0.4793484210968017,9,19,27,22,19,15,8,0,-24,-7,-6,-2,-17,7,sil
0.4793484210968017,2,16,28,30,12,16,17,6,-7,16,-12,0,-11,8,sil
0.4954209327697754,-12,-3,5,13,7,8,19,10,-9,17,-18,-7,-12,-3,sil
0.4954209327697754,-16,-9,2,16,7,18,28,19,10,24,-2,-8,-4,0,sil
0.5113735198974609,-16,-12,1,21,0,27,38,20,42,40,9,-2,11,14,sil
0.5113735198974609,-5,-23,-11,1,-12,9,34,8,49,36,9,1,23,20,sil
0.5274314880371094,14,-19,-5,-14,-15,-12,15,1,29,-2,3,13,16,16,sil
0.5274314880371094,19,-3,-2,-10,-13,-19,-8,-9,2,-36,-8,16,1,4,sil
0.5427036285400391,12,0,-4,-10,-14,-24,-29,-14,-16,-33,-7,20,0,0,sil
0.5427036285400391,17,1,8,-5,-9,-19,-31,-5,-11,-10,19,36,13,8,sil
0.5587799549102783,25,18,18,17,0,-6,-21,-2,0,-1,35,32,18,7,sil
0.5587799549102783,12,41,14,33,10,4,-11,-6,-4,-2,23,7,8,-6,sil
0.5747480392456055,-11,27,0,33,16,17,0,-6,-12,-4,6,-15,-11,-17,sil
0.5747480392456055,-25,-7,-8,10,12,26,0,-1,-14,-13,-16,-33,-35,-18,sil
0.5902378559112549,-23,-17,-16,-13,-1,21,5,6,1,-1,-34,-40,-33,-8,sil
0.5902378559112549,-8,-18,-22,-23,-12,0,11,7,16,17,-27,-26,-11,8,sil
0.6057155132293701,4,-22,-8,-27,-4,-23,-12,-2,-7,-4,-13,0,0,7,sil
0.6057155132293701,9,-2,-1,-18,2,-32,-31,-13,-27,-25,0,9,8,-7,sil
0.6217548847198486,10,18,0,-1,-3,-24,-19,-9,-12,-10,15,9,17,-12,sil
0.6217548847198486,3,11,8,5,-1,-5,-7,0,0,0,18,7,12,-17,sil
0.6375055313110352,-8,-7,7,8,5,4,1,2,0,-2,0,-9,0,-23,sil
0.6375055313110352,-16,-9,2,3,3,15,22,4,0,1,-17,-17,-11,-6,sil
0.6526858806610107,-12,-3,-11,0,-1,24,37,3,13,23,-16,-9,-8,13,sil
0.6526858806610107,1,-4,-6,0,-5,13,21,5,21,32,-10,1,1,20,sil
0.6687865257263184,13,-2,13,3,-1,1,5,9,17,20,0,10,10,23,sil
0.6687865257263184,9,0,0,-6,2,0,5,5,11,9,12,11,18,19,sil
0.6847217082977295,0,-6,-13,-29,-9,-12,-12,2,-1,-6,12,13,13,2,sil
0.6847217082977295,-4,-4,-5,-19,-9,-25,-29,-4,-6,-15,14,4,7,-10,sil
0.6998269557952881,-1,11,3,1,13,-16,-15,-6,-5,-7,16,-6,2,-6,sil
0.6998269557952881,-14,13,4,-1,11,6,2,0,-9,-7,-2,-14,-13,0,sil
0.7157628536224365,-24,-3,-13,-3,-2,19,14,-3,-5,-2,-30,-23,-26,-5,sil
0.7157628536224365,-8,-3,-5,0,4,21,20,1,0,9,-36,-16,-17,1,sil
0.7314765453338623,10,0,3,-3,6,17,17,11,12,11,-11,2,7,13,sil
0.7314765453338623,19,-3,-1,-6,-4,0,0,3,15,0,20,16,22,4,sil
0.7466373443603516,21,14,19,3,1,-3,-8,1,2,-4,31,25,10,-6,sil
0.7466373443603516,7,26,20,25,18,0,-1,-2,-3,-2,26,14,-5,-10,sil
0.7629258632659912,-4,5,7,22,14,0,-3,-6,-8,-10,9,-6,-13,-10,sil
0.7629258632659912,-4,-6,9,10,3,14,0,1,-3,7,-4,-9,-8,-3,sil
0.7779934406280518,-7,-11,-9,8,-5,16,17,-1,5,29,-14,-13,0,1,sil
0.7779934406280518,-10,-22,-13,-6,-15,-6,6,-2,-9,-5,-29,-7,-6,-2,sil
0.7937722206115723,-7,-22,-8,-15,-10,-15,-11,-1,-9,-28,-25,0,-4,-7,sil
0.7937722206115723,2,-12,-16,-10,-7,-21,-15,0,8,-7,0,3,12,0,sil
0.8097584247589111,11,3,-4,-8,-14,-29,-22,3,-3,-11,13,17,17,2,sil
0.8097584247589111,7,11,-1,8,-7,-23,-28,-14,-24,-24,22,15,9,-9,sil
0.82492995262146,4,13,21,16,0,-17,-25,-10,-31,-15,16,13,-5,-6,sil
0.82492995262146,8,26,41,26,5,1,4,6,-11,0,10,16,-8,7,sil
0.840705394744873,11,22,0,41,11,19,30,-12,17,13,12,-1,-1,9,sil
0.840705394744873,14,4,27,15,0,16,9,11,3,6,0,12,-12,25,sil
0.8565032482147217,10,2,22,29,0,21,29,17,26,44,20,19,20,28,sil
0.8565032482147217,12,-10,-44,39,4,-1,32,-18,53,55,34,-1,46,21,sil
0.8727405071258545,24,-1,57,-35,-13,-12,-37,40,-8,-28,-8,48,-3,41,sil
0.8727405071258545,3,8,7,-3,-3,14,-3,5,21,2,22,28,15,-2,sil
0.8878731727600098,-15,-28,-121,3,2,-23,13,-65,33,26,30,-51,22,-49,sil
0.8878731727600098,-3,1,92,-97,-22,-18,-63,55,-84,-82,-60,15,-65,0,sil
0.9038538932800292,-30,37,43,0,11,54,9,4,-21,-13,-23,-7,-24,-25,sil
0.9038538932800292,-42,-29,-153,49,24,5,45,-81,34,44,-2,-100,4,-50,sil
0.9199557304382324,-8,-24,66,-87,-22,-7,-33,76,-56,-57,-86,-1,-65,31,sil
0.9199557304382324,-23,0,19,-38,-1,48,30,31,20,12,-34,-11,-1,8,sil
0.935737133026123,-36,-57,-161,-17,12,-15,30,-68,59,53,-5,-93,33,-38,sil
0.935737133026123,0,-34,12,-102,-14,-39,-54,38,-31,-41,-52,-4,-19,6,sil
0.9517722129821776,9,8,20,-39,2,5,-7,20,3,-6,0,15,17,0,sil
0.9517722129821776,0,3,-24,-11,10,-10,0,-19,-2,0,12,-17,7,-22,sil
0.9676637649536132,-11,30,26,6,14,2,-13,-1,-37,-21,0,-13,-24,-26,sil
0.9676637649536132,-17,16,-76,93,39,11,38,-63,21,46,35,-56,13,-40,sil
0.9836735725402832,2,-16,-31,42,9,-12,12,-12,7,25,0,-20,-11,7,sil
0.9836735725402832,1,-1,74,-9,-19,13,-8,58,0,-9,-23,44,-32,35,sil
0.998863697052002,-1,-1,-1,29,-2,7,16,0,44,18,20,18,12,1,sil
0.998863697052002,34,4,21,19,-7,-29,-7,-3,12,2,30,33,25,17,sil
1.014275312423706,49,35,81,14,-17,-10,-19,18,-11,-13,44,75,35,39,sil
1.014275312423706,32,27,40,34,-6,1,-5,-11,-2,-3,62,65,44,19,sil
1.0296270847320557,26,21,44,19,0,-6,-6,-5,-28,-17,29,49,7,3,sil
1.0296270847320557,12,29,39,32,6,5,5,0,-34,-14,10,22,-13,-5,sil
1.04463791847229,-1,17,18,53,12,16,14,-3,-9,-2,12,9,-1,4,sil
1.04463791847229,1,10,25,44,4,24,15,12,13,15,8,20,11,27,sil
1.0601787567138672,4,5,1,31,-2,20,25,9,22,36,0,0,9,23,sil
1.0601787567138672,-2,-15,-19,-3,-7,1,12,4,2,11,-19,-14,-7,10,sil
1.0756707191467283,-12,-33,-46,-37,-13,-12,-1,-10,4,-2,-16,-9,-2,0,sil
1.0756707191467283,-7,-31,-45,-54,-18,-26,-14,-11,4,-3,-5,0,2,-6,sil
1.0914411544799805,2,-7,0,-37,-10,-22,-16,7,-7,-16,-4,7,-1,-8,sil
1.0914411544799805,0,-3,-56,7,8,-19,1,-27,8,-9,9,-27,7,-29,sil
1.1068310737609863,0,-5,-44,-22,4,-31,-27,-14,-22,-31,-11,-31,-20,-19,sil
1.1068310737609863,-4,18,61,-41,0,0,-39,39,-53,-38,-36,3,-40,0,sil
1.1223697662353516,-29,5,7,14,8,33,7,-2,0,14,-25,-30,-11,-20,sil
1.1223697662353516,-31,-29,-40,-2,-3,19,5,-8,18,13,-41,-56,-18,-13,sil
1.1377758979797363,-20,-29,1,-44,-14,16,0,26,16,2,-46,-29,-15,9,sil
1.1377758979797363,-20,-34,-24,-25,-3,18,20,1,39,27,-10,-22,20,0,sil
1.1536993980407717,-7,-30,-24,-34,-1,0,-1,-3,18,7,0,-10,14,-5,sil
1.1685657501220703,2,0,2,-39,-2,-6,-18,3,-2,-5,10,6,2,-6,sil
1.1685657501220703,2,13,-10,-4,6,-10,-8,-9,-3,2,33,7,12,-13,sil
1.1685657501220703,15,19,23,11,12,-13,-24,-1,-22,-13,27,17,-1,-3,sil
1.1846063137054443,19,38,48,25,14,-1,-20,-1,-16,-7,14,10,-11,4,sil
1.199638605117798,0,29,2,45,16,8,17,-16,8,19,10,-15,-5,-3,sil
1.199638605117798,-9,8,0,34,16,20,32,5,10,16,-4,-8,-6,5,sil
1.2157390117645264,-2,0,-16,29,16,19,39,7,32,26,0,-1,12,17,sil
1.2157390117645264,16,-2,-3,0,-3,-21,9,3,14,5,-3,15,12,21,sil
1.2157390117645264,25,14,62,-32,-24,-24,-20,22,-43,-43,-5,52,-6,15,sil
1.2315714359283447,-2,7,-52,30,-2,5,30,-43,-13,-7,36,-1,20,-23,sil
1.2315714359283447,-12,-26,-77,23,4,-9,22,-43,-14,-8,3,-33,-4,-22,sil
1.2472782135009766,3,0,101,-37,-6,12,-26,60,-45,-38,-51,32,-49,19,sil
1.2472782135009766,-2,20,26,21,8,36,16,22,42,37,2,17,11,7,sil
1.263340711593628,5,-9,-58,24,0,-19,8,-13,59,35,27,-2,39,4,sil
1.263340711593628,24,-1,44,-25,-21,-33,-36,23,-12,-29,4,40,8,18,sil
1.2785069942474363,11,12,25,10,-1,-3,-12,-15,-16,-13,18,14,9,-5,sil
1.294158697128296,-3,5,-2,23,9,5,0,-19,-15,-4,5,-12,-8,-9,sil
1.294158697128296,-13,0,16,3,1,22,6,5,-15,-1,-16,-11,-25,-2,sil
1.294158697128296,-20,-20,-19,-1,-4,19,27,-10,8,18,-19,-33,-15,-10,sil
1.3097481727600098,-8,-20,-17,-13,-6,9,21,7,21,15,-15,-19,0,2,sil
1.3248136043548584,2,-8,-2,-10,-7,8,8,19,28,18,3,13,16,16,sil
1.3248136043548584,1,-8,-17,-9,-9,-11,-11,-1,8,14,13,12,20,8,sil
1.3407654762268066,0,-8,-18,-23,-10,-35,-32,-9,-15,-7,5,-1,12,0,sil
1.3407654762268066,-1,-13,-20,-33,-16,-35,-33,-6,-8,-14,-4,-7,4,-8,sil
1.355823040008545,0,-9,-12,-28,-16,-19,-20,0,-2,-15,-4,0,-3,-12,sil
1.355823040008545,5,13,8,-2,4,-7,-8,1,-8,-18,20,13,7,-11,sil
1.3718430995941162,6,24,10,6,14,-5,-7,-2,-11,-14,29,12,11,-3,sil
1.3718430995941162,6,23,15,8,11,0,-8,-4,-16,-11,4,-2,-11,0,sil
1.3874149322509766,8,27,27,35,24,19,2,-4,-21,-5,0,-7,-18,0,sil
1.3874149322509766,4,15,20,49,30,26,8,-1,-15,3,4,-1,-2,2,sil
1.4026856422424316,2,7,17,33,16,25,4,0,-6,11,-6,0,-1,8,sil
1.4026856422424316,2,5,12,24,10,26,11,0,4,15,-11,-6,-7,8,sil
1.4183738231658936,-6,-18,-5,-2,0,16,14,1,13,7,-20,-22,-13,2,sil
1.4183738231658936,-21,-26,-15,-33,-12,2,3,9,17,1,-31,-24,-15,-3,sil
1.4335699081420898,-19,-8,-17,-13,-8,-1,6,0,21,18,-13,-7,0,-2,sil
1.4335699081420898,-1,-6,-5,0,-5,0,16,3,18,26,5,9,10,9,sil
1.4491007328033447,-3,-17,-7,-18,-5,4,19,13,15,10,-2,0,5,12,sil
1.4491007328033447,-11,-18,-25,-24,-5,0,10,2,13,-5,-17,-8,-1,-3,sil
1.465165376663208,0,-9,-14,-17,-9,-8,2,2,11,-12,-7,4,1,-10,sil
1.465165376663208,12,-1,-6,-10,-7,-10,4,7,19,-7,11,13,14,-3,sil
1.4808411598205566,10,5,-4,0,-3,-14,-5,-2,6,-3,11,14,10,4,sil
1.4808411598205566,3,3,1,0,-2,-15,-19,-15,-17,-2,12,18,3,3,sil
1.4967317581176758,0,0,-6,-5,-1,-17,-19,-13,-16,-6,18,9,3,-6,sil
1.4967317581176758,1,8,0,-1,-4,-17,-17,-1,-8,-17,5,0,-2,-13,sil
1.512181282043457,-1,9,3,5,-8,-13,-13,-3,-12,-14,2,-1,-5,-12,sil
1.512181282043457,-6,0,-2,-3,-8,-11,-12,-6,-18,-8,6,-4,-6,-12,sil
1.5280508995056152,-3,11,9,1,-1,-5,-7,0,-17,-6,3,-5,-15,-12,sil
1.5280508995056152,4,24,19,19,3,6,3,0,-22,-6,5,-9,-14,-10,sil
1.543787717819214,0,13,17,8,8,14,7,-6,-28,-13,-1,-7,-10,-5,sil
1.543787717819214,-7,5,8,4,16,13,11,-7,-13,-5,-16,-8,-16,-2,sil
1.558863878250122,-1,6,9,17,17,18,16,6,4,9,-12,-10,-9,10,sil
1.558863878250122,1,-6,17,11,4,22,13,14,5,10,-4,0,7,20,sil
1.5747480392456057,0,-12,7,7,0,15,14,2,5,15,-7,4,10,18,sil
1.5747480392456057,7,-4,6,19,10,14,26,0,9,27,-7,3,9,28,sil
1.5898234844207764,8,-8,0,14,5,18,22,8,22,26,0,0,22,25,sil
1.5898234844207764,0,-20,-19,-14,-10,3,-1,6,37,20,6,5,34,9,sil
1.6058125495910645,5,-10,-14,-23,-7,-12,-15,9,36,20,19,18,39,12,sil
1.6058125495910645,13,1,-8,-7,-1,-14,-18,7,19,0,18,8,25,9,sil
1.621842622756958,4,0,-6,-6,-7,-14,-25,-7,5,-21,0,-2,-1,-12,sil
1.621842622756958,0,-5,-4,-22,-10,-17,-28,-14,2,-10,0,5,-7,-21,sil
1.637077569961548,4,-5,-7,-26,-11,-24,-29,-8,-9,-5,9,7,-5,-11,sil
1.637077569961548,-2,-1,-3,-12,-12,-24,-23,-3,-27,-26,-6,-1,-25,-13,sil
1.65250563621521,-5,8,1,5,0,-6,7,-2,-17,-20,-11,0,-22,-13,sil
1.65250563621521,8,17,13,15,20,9,29,0,-1,0,13,20,2,4,sil
1.6676983833312988,11,20,16,20,19,10,22,2,0,0,28,14,0,1,sil
1.6676983833312988,-6,13,1,21,5,9,12,-1,-3,-1,9,-11,-23,-16,sil
1.6833510398864746,-17,3,-1,13,4,10,5,0,-8,0,-8,-13,-17,-13,sil
1.6833510398864746,-11,2,0,14,10,11,0,0,-13,3,-13,-8,-1,0,sil
1.698380708694458,-11,4,3,18,5,11,-3,-1,-15,-1,-17,-16,-7,-2,sil
1.698380708694458,-14,0,2,14,-2,9,0,-3,-11,1,-23,-21,-12,-15,sil
1.7144384384155271,-14,-9,-10,5,0,8,6,-2,-4,10,-24,-19,0,-6,sil
1.7144384384155271,-15,-13,-15,-13,-1,8,7,1,0,3,-20,-11,0,11,sil
1.7296035289764404,-16,-20,-21,-29,-18,0,2,0,7,0,-15,-12,-10,10,sil
1.7296035289764404,-8,-23,-20,-31,-28,-18,-5,-2,6,3,-13,-12,-16,-3,sil
1.744758367538452,4,-13,-8,-24,-20,-19,-8,1,5,1,-11,-1,-5,-1,sil
1.744758367538452,8,-8,-11,-21,-11,-7,-3,7,10,0,0,5,8,6,sil
1.7603614330291748,10,-10,-8,-21,-10,0,0,7,7,0,8,11,15,10,sil
1.7603614330291748,22,-3,8,-12,-2,0,1,3,7,-1,10,19,22,20,sil
1.7763638496398926,18,0,8,-10,2,-7,-6,0,1,-14,9,12,24,14,sil
1.7763638496398926,2,4,1,-11,2,-13,-14,1,-1,-20,14,4,17,-7,sil
1.7919015884399414,12,23,17,7,10,-5,-1,5,19,6,35,25,24,0,sil
1.8070611953735352,29,38,41,22,21,4,11,7,28,25,46,38,31,21,sil
1.8070611953735352,10,26,21,23,17,4,2,0,3,2,27,9,11,8,sil
1.8070611953735352,-9,12,2,25,18,7,-7,-9,-11,-10,10,-6,-12,-11,sil
1.8223743438720703,1,18,17,30,22,22,3,-2,-2,5,19,11,-10,-6,sil
1.8223743438720703,3,11,12,25,14,18,11,0,0,1,11,5,-8,-7,sil
1.8383710384368896,-17,-12,-9,7,3,-2,0,-8,-13,-20,-27,-23,-31,-21,sil
1.8535759449005127,-16,-15,-8,5,2,-5,2,-12,-23,-10,-38,-27,-37,-19,sil
1.8535759449005127,0,0,4,16,2,2,13,-8,-29,0,-13,-6,-22,-6,sil
1.86958646774292,2,-1,5,15,0,5,6,0,-25,-1,-10,2,-12,2,sil
1.86958646774292,0,-13,-2,6,-8,1,0,5,2,13,-17,0,0,18,sil
1.8851804733276367,3,-12,-3,-3,-19,-2,1,9,21,24,0,0,19,24,sil
1.8851804733276367,-2,-10,-13,-10,-21,-1,4,3,13,9,0,-9,13,8,sil
1.8851804733276367,-14,-16,-28,-23,-18,2,-1,0,0,4,-22,-18,0,-2,sil
1.9016327857971191,-9,-16,-16,-29,-16,-3,-10,0,0,14,-18,-2,10,0,please
1.9172372817993164,7,-3,-4,-13,-7,-11,-5,0,8,13,1,9,29,3,please
1.9172372817993164,6,0,-5,-4,-1,-9,-5,0,15,0,-3,8,18,0,please
1.934098720550537,-11,-7,-15,-23,-8,-11,-16,2,7,-11,-12,4,-2,-5,please
1.934098720550537,-11,-5,-17,-34,-8,-14,-22,3,-3,-23,-1,-2,-11,-13,please
1.934098720550537,4,8,1,-15,8,-7,-11,-2,-5,-30,6,-2,-11,-12,please
1.9486937522888184,10,21,15,10,18,2,-2,-7,1,-17,13,4,-8,-7,please
1.9486937522888184,6,23,18,16,15,4,-4,-2,0,-4,26,11,-2,-9,please
1.9638023376464844,3,16,11,8,11,0,0,3,-12,-5,29,9,-1,-8,please
1.979319334030152,-9,1,0,3,3,3,11,-1,-18,-8,10,-6,-8,-1,please
1.979319334030152,-18,-8,-4,2,0,9,7,-6,-13,-11,-9,-24,-15,-8,please
1.9948649406433103,-8,-5,-2,16,3,7,7,-2,-3,-8,-13,-17,-12,-10,please
1.9948649406433103,-2,2,6,22,4,8,10,1,0,4,-10,-3,-6,1,please
2.019727230072021,-4,-3,6,7,1,23,17,7,5,27,0,-3,0,13,please
2.019727230072021,0,-13,-1,1,4,25,27,6,13,33,9,-3,3,18,please
2.019727230072021,3,-10,-2,2,-5,5,20,2,14,15,-7,-1,1,17,please
2.019727230072021,-3,-9,-9,-9,-19,-10,3,6,16,11,-24,-5,5,10,please
2.0409159660339355,-1,-11,-11,-20,-11,-16,-7,7,18,15,-6,-2,10,6,please
2.0409159660339355,11,-6,4,-10,-3,-16,-13,4,17,4,13,12,14,11,please
2.0566070079803467,17,0,7,-2,-7,-13,-15,3,11,-1,11,20,27,15,please
2.0566070079803467,16,12,7,0,0,-10,-13,0,-2,-2,15,29,30,10,please
2.0717151165008545,23,31,19,12,14,-8,-10,-5,-17,-8,31,33,14,1,please
2.0717151165008545,20,33,27,17,20,-2,-8,-7,-21,-7,33,29,0,-5,please
2.0873241424560547,0,23,18,17,22,7,-6,-11,-15,0,19,17,-2,-16,please
2.0873241424560547,-9,14,6,16,16,9,-1,-11,-15,0,-1,-5,-13,-22,please
2.102536678314209,-7,2,5,6,7,11,8,-1,-19,-9,-27,-24,-32,-18,please
2.102536678314209,-7,-11,-1,1,-1,23,17,2,-7,-13,-43,-28,-36,-8,please
2.1185457706451416,-9,-20,-16,-3,-13,14,9,1,2,-10,-42,-28,-22,-2,please
2.1185457706451416,-11,-26,-29,-19,-18,-8,0,6,11,-10,-32,-27,-8,-5,please
2.133890390396118,-9,-31,-36,-26,-16,-13,-4,5,21,-5,-25,-24,-4,-3,please
2.133890390396118,0,-23,-20,-13,-11,-7,-7,0,16,6,-16,-10,2,5,please
2.149863243103028,13,-1,-1,0,-1,-11,-1,0,17,21,13,14,24,14,please
2.149863243103028,13,8,2,-2,2,-12,2,0,20,13,39,28,34,15,please
2.16575288772583,1,5,-2,-9,-6,-11,-7,-4,-6,-11,36,20,19,2,please
2.16575288772583,-8,8,0,0,-8,-14,-17,-9,-30,-25,17,4,7,-9,please
2.1818394660949707,-12,8,16,9,5,-5,-13,-7,-17,-14,11,3,5,-5,please
2.1818394660949707,-15,-4,12,7,2,6,0,-1,-11,0,14,2,-2,-3,please
2.197429180145264,-21,-8,-5,0,-17,2,0,-4,-39,-11,-1,-15,-22,-15,please
2.197429180145264,-15,-5,-1,-7,-12,-1,-3,-4,-37,-16,-26,-29,-31,-11,please
2.2124667167663574,-6,-4,0,0,11,16,13,5,7,17,-21,-17,-18,5,please
2.2124667167663574,-13,-3,-13,3,22,31,27,13,27,35,-8,-1,-3,7,please
2.228590726852417,-3,0,-12,-7,18,18,16,11,18,15,-11,-8,-2,3,please
2.228590726852417,22,3,5,-8,9,2,1,11,24,6,-5,-6,0,7,please
2.243764638900757,18,8,11,3,0,2,2,15,34,14,15,24,17,11,please
2.243764638900757,9,9,1,3,1,-2,6,9,28,14,29,36,25,15,please
2.2592501640319824,25,14,6,2,5,-19,-4,0,14,2,23,20,14,9,please
2.2592501640319824,27,21,16,18,0,-23,-14,-2,2,-5,19,14,8,-2,please
2.275364637374878,14,17,10,15,-6,-7,-10,-4,-1,-4,21,21,9,-2,please
2.275364637374878,15,12,13,-4,0,6,-12,-13,-9,-8,4,14,-1,0,please
2.2918922901153564,3,10,12,2,1,6,-14,-14,-26,-11,-16,-5,-15,-6,please
2.2918922901153564,-20,-1,3,18,-6,8,-6,-8,-37,-2,-16,-18,-18,-11,please
2.3073511123657227,-22,-15,0,10,-6,13,6,-4,-26,2,-18,-17,-11,-10,please
2.3073511123657227,-8,-13,-5,-2,0,3,16,0,-1,0,-23,-15,-2,-1,please
2.323396921157837,-7,-12,-12,-4,-8,-5,17,6,14,2,-20,-20,-6,5,please
2.323396921157837,-11,-22,-16,-8,-21,0,17,9,14,7,-23,-28,-11,2,please
2.3387646675109863,-11,-22,-15,-22,-10,-3,9,4,12,3,-15,-12,3,0,please
2.3387646675109863,-1,-1,-11,-24,5,-13,-2,0,17,-2,12,13,26,6,please
2.35421085357666,16,16,-6,-4,11,-9,-6,0,10,-14,27,19,27,7,please
2.35421085357666,18,16,8,14,17,0,-7,-2,-10,-23,22,19,10,2,please
2.369992017745972,-1,9,13,15,16,5,-2,-4,-19,-18,10,8,-9,-7,sil
2.369992017745972,-18,-4,1,2,4,12,4,-7,-15,-9,-16,-20,-24,-19,sil
2.3857665061950684,-19,-24,-17,-12,-8,16,6,-6,-9,-1,-40,-36,-25,-19,sil
2.3857665061950684,-16,-33,-29,-27,-16,-4,-3,1,0,8,-30,-21,-15,-4,sil
2.40188980102539,-2,-19,-10,-29,-12,-26,-19,9,8,5,3,4,0,7,sil
2.40188980102539,22,9,17,-6,0,-18,-19,3,2,-1,34,25,18,10,sil
2.417541027069092,30,32,33,21,11,-4,-9,-2,-12,-1,40,31,24,8,sil
2.417541027069092,13,27,30,35,14,3,-3,-1,-17,1,27,18,12,4,sil
2.432490825653076,0,8,16,33,7,14,1,-1,-4,6,6,1,0,0,sil
2.432490825653076,-8,-1,5,18,-1,14,6,0,5,11,-9,-6,-5,1,sil
2.4480059146881104,-11,-5,-12,0,-5,-3,6,6,12,21,-13,-6,0,5,sil
2.4480059146881104,-3,-12,-23,-17,-7,-7,7,9,31,31,-9,0,11,7,sil
2.463175296783448,0,-14,-17,-23,-7,6,10,9,43,29,1,15,24,9,sil
2.463175296783448,2,-5,-10,-19,-4,1,0,1,15,8,20,21,21,5,sil
2.4789369106292725,6,8,0,-7,-4,-17,-24,-11,-25,-22,19,9,-4,-13,sil
2.4789369106292725,0,16,4,4,-1,-11,-18,-16,-29,-40,2,-10,-27,-27,sil
2.494529485702514,-13,14,2,8,5,7,2,-7,-15,-31,-8,-20,-31,-18,sil
2.494529485702514,-11,10,0,3,7,11,9,0,-15,-13,-12,-19,-27,-5,sil
2.50992488861084,0,10,0,8,2,5,17,0,-8,0,-13,-15,-21,2,sil
2.50992488861084,5,8,7,17,0,7,25,9,10,6,-15,0,-18,10,sil
2.5249664783477783,10,4,13,17,5,17,17,14,10,10,-9,9,-4,10,sil
2.5249664783477783,5,2,7,14,12,20,1,-1,-12,8,-1,0,15,0,sil
2.5406203269958496,-3,0,2,14,10,10,0,-7,-10,7,-7,-8,16,0,sil
2.5406203269958496,0,-7,-3,8,4,0,14,8,25,13,-6,0,15,15,sil
2.5560178756713867,8,-15,-4,-11,0,-6,14,11,32,12,3,6,25,24,sil
2.5560178756713867,1,-18,-7,-31,-14,-20,-12,-1,6,0,0,-1,19,10,sil
2.5723090171813965,-5,-17,-17,-35,-25,-31,-34,-9,-6,-12,0,0,3,-3,sil
2.5726921558380127,0,-10,-10,-25,-13,-22,-30,-6,-13,-22,10,12,0,-10,sil
2.5873396396636963,5,3,4,-7,0,-5,-13,0,-20,-16,7,5,-4,-11,sil
2.5873396396636963,0,8,19,7,1,6,1,3,-9,4,-2,-9,-10,-3,sil
2.6024982929229736,-9,-8,12,8,2,10,16,3,10,18,-9,-15,-10,0,sil
2.618190050125122,-14,-25,-12,-8,0,0,14,0,23,17,-17,-16,-4,-4,sil
2.618190050125122,-2,-16,-10,-21,-6,-7,0,3,25,13,-3,0,8,-3,sil
2.618190050125122,15,-1,3,-14,-2,-3,-6,1,12,3,23,18,14,3,sil
2.633814811706543,10,2,1,0,2,-2,-11,-11,-16,-16,17,11,-2,-2,sil
2.649507522583008,-3,12,-1,10,8,-3,-11,-9,-30,-24,2,3,-14,-14,sil
2.649507522583008,1,26,2,22,15,8,3,0,-12,-11,12,9,-5,-13,sil
2.6648826599121094,3,28,15,28,14,20,11,-1,-3,1,15,8,-4,-9,sil
2.6648826599121094,-8,15,10,29,8,16,6,-5,-16,-1,-2,-9,-11,-9,sil
2.680863857269287,-18,0,-7,20,2,7,4,-4,-19,-10,-15,-23,-11,-5,sil
2.680863857269287,-15,-6,-12,9,2,11,15,0,-3,3,-12,-16,0,9,sil
2.680863857269287,-7,-8,-8,1,4,16,19,2,8,21,-9,-6,7,19,sil
2.695995330810547,-6,-14,-7,-12,-7,0,-1,3,8,10,-16,-2,3,10,sil
2.7117271423339844,-2,-14,-11,-22,-21,-23,-17,9,15,2,-11,8,6,8,sil
2.7117271423339844,15,-2,1,-18,-15,-19,-9,14,22,11,9,27,24,21,sil
2.727738618850708,28,7,14,-10,-2,-8,-7,6,17,9,20,33,35,22,sil
2.727738618850708,25,17,13,0,0,-14,-18,0,3,-5,18,27,18,5,sil
2.743851900100708,22,25,15,11,0,-15,-20,-1,-18,-25,15,19,-9,-13,sil
2.743851900100708,13,24,11,12,1,0,-5,-5,-29,-29,12,-1,-21,-21,sil
2.743851900100708,-5,8,3,8,1,17,12,-3,-11,-2,7,-16,-12,-10,sil
2.7590718269348145,-13,-6,2,8,7,22,23,4,12,23,-1,-16,-4,-1,sil
2.7746224403381348,-12,-11,-8,5,8,9,18,1,12,21,-16,-25,-9,-4,sil
2.7746224403381348,-25,-19,-26,-11,0,-1,5,-2,-1,6,-27,-37,-25,-13,sil
2.790169477462769,-31,-31,-34,-27,-9,0,6,0,1,0,-31,-36,-25,-14,sil
2.790169477462769,-7,-21,-23,-23,-8,-4,8,1,15,3,-14,-16,3,0,sil
2.805980920791626,16,-4,-1,-8,0,-14,0,6,25,6,13,17,31,16,sil
2.805980920791626,18,0,9,-4,6,-11,-5,5,20,4,21,37,26,19,sil
2.821592092514038,13,9,19,-2,5,-5,-9,-10,-9,-7,14,30,5,9,sil
2.821592092514038,10,23,23,10,4,0,-6,-17,-31,-20,11,12,1,0,sil
2.837507724761963,1,15,17,16,8,8,1,-3,-21,-15,1,0,-2,-7,sil
2.837507724761963,-10,3,9,12,4,16,3,0,-9,-8,-12,-9,-25,-7,sil
2.852503061294556,-18,-3,-1,13,-1,16,0,-7,-4,-6,-22,-24,-31,-9,sil
2.852503061294556,-13,-11,-1,7,0,9,-1,0,3,2,-26,-21,-13,-3,sil
2.8677000999450684,0,-14,-3,-11,-4,0,-2,14,16,17,-17,-4,5,12,sil
2.8677000999450684,3,-19,-19,-27,-21,-10,-9,3,16,10,2,4,17,10,sil
2.88399600982666,5,-14,-11,-18,-18,-17,-8,-4,5,0,22,15,28,3,sil
2.88399600982666,20,11,11,7,2,-10,8,4,3,2,36,29,29,9,sil
2.89997673034668,21,32,22,19,13,3,11,7,0,-3,30,26,14,4,sil
2.89997673034668,3,22,8,13,9,1,-9,-3,-12,-15,13,5,-4,-14,sil
2.915020704269409,-12,2,-7,8,3,-13,-24,-13,-30,-16,-1,-15,-22,-21,sil
2.915020704269409,-22,0,-2,8,2,-5,-18,-10,-31,-14,-18,-20,-31,-15,sil
2.93072509765625,-19,-4,0,12,-1,12,3,1,-10,2,-25,-12,-18,-4,sil
2.93072509765625,-7,-18,-11,0,-10,10,14,9,7,22,-18,-10,0,4,sil
2.9458725452423096,-1,-20,-17,-17,-5,0,8,7,15,19,-9,-14,4,8,sil
2.9458725452423096,0,-5,-10,-14,5,0,6,6,18,7,0,-3,13,10,sil
2.9614505767822266,9,-2,-1,-14,0,-7,0,8,12,1,13,20,23,11,sil
2.9614505767822266,13,-2,0,-20,-12,-19,-8,0,1,1,24,21,17,6,sil
2.9771411418914795,4,12,4,-6,-3,-7,-5,-5,-3,-1,20,13,4,0,sil
2.9771411418914795,0,22,13,10,12,13,10,0,-1,-4,3,6,-2,-3,sil
2.992957353591919,3,11,10,16,12,22,16,0,2,0,-12,-12,-17,-5,sil
2.993309736251831,-3,3,8,14,5,22,19,1,9,4,-15,-18,-20,-2,sil
3.008330821990967,-7,1,-1,10,7,25,32,10,23,16,-4,-1,1,7,sil
3.008330821990967,0,-6,-10,1,7,18,27,5,25,23,-6,1,9,12,sil
3.0243966579437256,4,-9,-13,-10,-4,-2,0,-8,7,1,-19,-9,0,4,sil
3.0243966579437256,2,-3,-16,-20,-11,-23,-23,-12,-5,-19,-10,-3,5,-3,sil
3.0404388904571533,8,4,-5,-16,-1,-27,-33,-10,-11,-15,8,8,10,-11,sil
3.0404388904571533,11,10,2,1,1,-22,-25,-9,-19,-14,11,9,1,-17,sil
3.0560905933380127,2,11,1,6,-3,-20,-17,-3,-22,-28,8,2,-5,-14,sil
3.0560905933380127,-1,7,10,5,-1,-16,-17,1,-16,-27,7,-6,-9,-9,sil
3.071587562561035,-3,2,17,15,6,-2,-4,0,-12,-9,1,-9,-13,-8,sil
3.071587562561035,-15,-9,6,14,3,10,7,-1,-15,-3,-1,-4,-20,-5,sil
3.086388349533081,-13,-20,-3,3,-6,12,9,1,-7,0,-3,-2,-15,7,sil
3.086388349533081,5,-9,7,9,-3,8,14,8,9,19,-1,2,7,27,sil
3.1026771068573,12,0,21,21,6,15,19,6,13,33,2,13,18,29,sil
3.1030430793762207,3,-9,8,9,-2,13,6,-3,1,16,0,5,1,12,sil
3.1178689002990723,1,-16,0,-12,-16,-4,-6,-3,7,1,-5,3,0,8,sil
3.1178689002990723,11,-4,4,-12,-9,-8,3,9,33,21,6,18,23,19,sil
3.133390188217163,11,-3,1,-12,0,-4,-1,9,25,17,23,23,25,12,sil
3.133390188217163,0,-12,-6,-24,-9,-16,-33,-2,-8,-19,17,11,5,-10,sil
3.1489717960357666,-3,3,-10,-12,-10,-23,-34,-4,-14,-18,8,3,2,-16,sil
3.1489717960357666,-2,27,0,8,6,-6,-5,0,-6,3,9,2,4,-16,sil
3.1648757457733154,-10,23,3,2,12,7,5,-5,-16,-7,1,-9,-10,-23,sil
3.1648757457733154,-17,6,-11,-3,6,7,7,-10,-19,-20,-16,-31,-25,-20,sil
3.1803858280181885,-17,0,-19,0,11,14,14,-1,-2,-6,-25,-39,-18,-8,sil
3.1803858280181885,-17,4,-17,-3,16,22,18,7,11,8,-22,-28,-5,-2,sil
3.1961007118225098,-10,11,-10,0,15,17,10,0,8,5,-14,-14,-7,0,sil
3.1961007118225098,-4,4,-5,4,9,13,9,-5,0,11,-7,-13,-11,1,sil
3.211782455444336,-12,-17,-18,-20,0,14,19,-1,0,18,-17,-23,-6,-1,sil
3.211782455444336,-14,-30,-27,-43,-8,5,22,3,0,1,-28,-21,-7,-4,sil
3.2265751361846924,-1,-25,-18,-27,-15,-7,12,4,0,-6,-16,-5,-5,-1,sil
3.2265751361846924,6,-14,1,-3,-14,-6,-2,4,6,0,-6,10,5,7,sil
3.242656707763672,12,-4,16,11,-8,0,-2,4,11,1,0,21,13,13,sil
3.242656707763672,24,3,20,23,0,0,5,7,14,0,13,28,13,12,sil
3.25835394859314,26,7,21,21,0,-8,-4,7,13,0,13,36,9,11,sil
3.25835394859314,20,3,16,13,-2,-20,-18,0,1,-5,9,36,11,7,sil
3.27441930770874,24,6,18,15,-6,-26,-16,-8,-13,-17,25,33,16,2,sil
3.27441930770874,29,22,31,29,1,-15,-9,-6,-15,-18,38,30,19,5,sil
3.2904696464538574,26,31,29,36,13,-3,-12,0,-2,0,41,27,24,9,sil
3.2904696464538574,15,30,21,24,12,-6,-20,3,3,5,43,24,18,2,sil
3.30659556388855,0,24,10,10,3,-16,-20,-2,-2,-6,28,5,-2,-6,sil
3.30659556388855,-16,11,2,7,-2,-12,-11,-9,-11,-8,3,-13,-21,-8,sil
3.321889638900757,-19,2,-3,3,0,9,0,-2,-6,0,-5,-15,-19,-6,sil
3.321889638900757,-18,-1,-8,-1,7,21,7,-5,-11,0,-10,-18,-11,-6,sil
3.3380134105682373,-18,-5,-4,3,7,14,8,-14,-33,0,-15,-27,-7,-1,sil
3.3380134105682373,-15,-8,-3,5,-1,16,9,-8,-21,11,-11,-24,-3,7,sil
3.353548288345337,-17,-19,-15,-10,-2,26,13,1,12,18,-17,-21,-4,6,sil
3.353548288345337,-24,-31,-25,-27,0,26,19,11,25,23,-29,-29,-13,-3,sil
3.3715786933898926,-24,-31,-35,-35,-7,9,16,15,27,19,-36,-35,-21,-9,sil
3.3715786933898926,-21,-27,-32,-43,-20,-16,-1,12,25,0,-44,-28,-20,-12,sil
3.385639190673828,-13,-22,-24,-43,-17,-22,-10,10,12,3,-33,-15,-7,-7,sil
3.385639190673828,3,-9,-17,-26,1,-6,-5,7,0,14,-5,-5,5,3,sil
3.4006834030151367,16,-1,-4,-7,9,-7,-1,-3,-11,-5,2,3,9,2,sil
3.4006834030151367,18,0,2,0,-1,-16,0,-12,-16,-24,6,12,10,-3,sil
3.4168002605438232,14,0,2,-11,-10,-11,-4,-7,-8,-11,13,16,10,-3,sil
3.4168002605438232,13,1,3,-15,-7,-10,-2,-3,0,-9,11,15,7,-2,sil
3.432351589202881,15,8,11,3,-2,-7,3,-3,-1,-27,8,17,2,-2,sil
3.432351589202881,3,16,20,15,3,10,3,0,-5,-28,9,18,-1,-6,sil
3.4483907222747803,-8,16,13,12,11,16,-1,2,-7,-12,8,8,0,-10,sil
3.4483907222747803,0,18,13,23,19,5,-5,0,-6,1,6,9,3,-4,sil
3.464477062225342,8,20,16,42,17,12,0,0,2,14,5,10,5,9,sil
3.464477062225342,-2,5,2,26,1,17,5,-1,11,15,0,-1,6,16,sil
3.480587244033813,-9,-11,-10,-4,-10,2,0,-1,10,9,0,-3,6,12,sil
3.480587244033813,4,-6,-2,0,-7,-9,2,-1,17,14,15,10,13,11,sil
3.4958181381225586,24,13,20,17,1,0,6,2,23,14,30,25,11,13,sil
3.4958181381225586,23,29,30,21,12,9,5,6,6,8,29,22,0,6,sil
3.5118210315704346,2,22,18,22,17,0,3,1,-17,4,11,0,-11,-9,sil
3.5118210315704346,-14,3,5,19,11,4,4,0,-22,-4,-6,-20,-18,-12,sil
3.5274009704589844,-10,-6,-6,4,0,20,13,3,1,0,-9,-17,-9,2,sil
3.5274009704589844,2,-9,-9,-7,-8,4,10,7,20,16,-13,-9,5,17,sil
3.5425875186920166,5,-15,-8,-11,-11,-21,-5,5,14,13,-23,-6,14,19,sil
3.5425875186920166,6,-8,-10,-11,-6,-19,-13,0,0,4,-10,4,17,11,sil
3.557973623275757,6,4,-3,-11,-2,-12,-12,-5,-13,-6,13,11,9,-3,sil
3.557973623275757,-8,-3,-3,-13,-9,-18,-21,-10,-28,-28,0,-6,-10,-20,sil
3.573204278945923,-22,-16,-9,-10,-10,-10,-24,-6,-33,-31,-26,-19,-24,-24,sil
3.573810815811157,-17,-11,-7,4,-1,4,-1,1,-20,-9,-19,-16,-22,-16,sil
3.589341402053833,-17,-19,-15,0,-6,1,7,0,-4,5,-12,-24,-19,-8,sil
3.589341402053833,-21,-28,-21,-23,-14,-4,0,-4,5,7,-17,-17,-13,0,sil
3.605426549911499,-4,-12,-16,-20,-1,1,4,2,20,19,-2,3,1,9,sil
3.605426549911499,11,-1,-8,-9,4,0,1,3,22,15,13,12,19,11,sil
3.621470212936402,8,-7,-5,-25,-9,-10,-14,0,13,-9,12,14,22,2,sil
3.621470212936402,0,-3,-6,-26,-9,-10,-12,-3,7,-21,8,12,11,-7,sil
3.637409925460816,-7,10,-1,-9,0,0,-8,-6,-4,-14,0,0,-5,-18,sil
3.637409925460816,-6,16,5,-6,1,-1,-4,-8,-15,-11,0,-1,-10,-20,sil
3.65263032913208,10,23,17,-7,10,0,5,-1,-14,-13,14,12,-3,-7,sil
3.65263032913208,23,33,32,5,22,8,5,0,-15,-12,14,13,1,0,sil
3.667702674865722,14,26,28,22,18,13,7,-3,-18,-9,0,1,0,0,sil
3.667702674865722,0,7,17,24,8,12,19,3,-4,-9,-8,-4,-4,0,sil
3.6828691959381104,1,2,8,24,8,15,23,19,20,8,-7,-4,-4,9,sil
3.698731660842896,4,6,2,23,14,20,18,16,31,29,0,-5,0,13,sil
3.698731660842896,-6,1,-2,21,14,20,19,7,20,21,-1,-14,-5,2,sil
3.698731660842896,-6,-5,-7,22,0,19,18,2,10,15,-10,-21,-9,-3,sil
3.714399814605713,5,-12,-7,8,-6,18,9,-2,9,28,4,-4,3,10,sil
3.714399814605713,4,-12,-7,-1,-1,12,3,-4,6,31,19,6,13,18,sil
3.7294514179229736,5,-3,0,11,0,-4,-2,1,7,20,5,7,11,15,sil
3.7294514179229736,15,-5,10,11,-6,-13,-5,4,18,20,2,17,18,22,sil
3.745183944702149,4,-19,-10,-9,-14,-11,-9,-2,15,13,6,14,16,17,sil
3.745183944702149,-11,-20,-26,-14,-13,-22,-24,-8,-16,-18,-16,-1,-4,-2,sil
3.7608489990234375,-10,-14,-17,-15,-17,-36,-24,-4,-34,-33,-23,0,-10,-8,sil
3.7767937183380127,-4,-17,-12,-32,-26,-27,-8,0,-19,-19,0,10,3,-6,sil
3.7767937183380127,-7,-13,-7,-28,-16,-15,-3,-1,-6,-17,8,12,8,-9,sil
3.7767937183380127,-5,-1,-1,-8,0,-12,-6,-4,-2,-18,3,10,4,-11,sil
3.791726112365722,2,10,5,-3,0,-8,-14,0,-3,-10,10,10,0,-9,sil
3.807044982910156,10,17,16,3,-4,-8,-22,1,-3,-11,18,10,-1,-5,sil
3.807044982910156,8,23,21,14,4,-9,-18,-4,0,-14,16,6,0,0,sil
3.822835683822632,3,31,25,16,12,2,-8,-3,1,-6,10,0,-1,-4,sil
3.822835683822632,6,31,21,23,7,13,0,0,-4,0,9,-3,-3,-11,sil
3.8383514881134033,12,21,18,25,6,5,0,-7,-19,-3,14,3,0,-4,sil
3.8383514881134033,6,20,19,19,11,6,5,-8,-19,-7,6,5,6,0,sil
3.8538784980773926,-9,11,0,11,14,18,13,-7,-18,-8,-19,-14,-6,-4,sil
3.8538784980773926,-25,-8,-15,-1,13,25,14,-7,-26,-3,-34,-31,-24,-12,sil
3.869851112365722,-17,-11,-9,-3,11,21,21,3,-4,13,-20,-29,-14,-3,sil
3.869851112365722,-5,-11,-14,-3,5,13,27,11,23,16,-22,-32,-8,0,sil
3.8845603466033936,-19,-33,-42,-23,1,13,21,9,17,1,-50,-49,-29,-13,sil
3.8845603466033936,-30,-42,-44,-39,-1,15,18,13,20,6,-49,-46,-33,-8,sil
3.9001669883728014,-13,-24,-16,-31,-6,7,12,16,36,18,-19,-14,-9,8,please
3.9001669883728014,0,-16,-21,-28,-7,-1,0,10,24,18,-3,-2,3,8,please
3.916090488433838,-3,-26,-30,-48,-7,-6,1,9,11,18,3,-6,9,6,please
3.916090488433838,1,-18,-11,-49,-3,0,20,13,28,27,26,11,29,17,please
3.9317972660064697,10,-2,1,-22,-1,0,10,5,31,23,40,30,44,20,please
3.9317972660064697,9,0,4,-4,-8,-15,-20,-5,7,0,33,30,31,9,please
3.946763753890991,16,9,16,12,-10,-30,-26,-6,2,-6,25,36,14,3,please
3.946763753890991,24,30,37,38,-5,-26,-23,-8,2,-6,26,50,6,4,please
3.961938381195069,25,31,48,43,-6,-21,-37,-19,-21,-19,27,52,4,2,please
3.961938381195069,30,27,43,46,-2,-22,-36,-24,-40,-34,23,41,2,0,please
3.977980375289917,22,33,37,59,8,-16,-17,-13,-38,-33,12,24,-7,-1,please
3.977980375289917,4,26,20,52,3,-2,-7,-8,-31,-23,4,2,-13,-8,please
3.993617534637451,0,13,13,32,-3,8,-3,-5,-31,-11,5,-2,-6,-7,please
3.993617534637451,7,17,25,31,10,19,10,10,-13,15,3,2,-1,8,please
4.009278059005737,6,10,14,26,15,24,25,16,5,30,-5,-7,-4,13,please
4.009278059005737,-1,-10,-11,-2,0,22,24,2,0,-2,-22,-25,-12,-3,please
4.03188419342041,-16,-20,-25,-20,-2,18,17,-5,-7,-15,-36,-38,-16,-14,please
4.032387733459473,-24,-20,-28,-22,1,12,8,0,0,12,-34,-36,-8,-5,please
4.032387733459473,-15,-22,-26,-26,-4,4,5,9,9,12,-21,-19,2,4,please
4.040390968322754,-12,-23,-31,-30,-9,-2,4,8,18,-7,-15,-17,6,1,please
4.05585503578186,-18,-22,-27,-30,-2,-3,1,4,21,4,-12,-19,10,-2,please
4.05585503578186,-9,-14,-13,-16,0,-2,4,7,23,23,4,-7,19,3,please
4.071426630020142,0,0,-7,-2,-1,-6,2,5,20,9,18,6,19,5,please
4.071426630020142,-6,9,-6,-12,0,-8,-7,-3,11,-12,10,8,9,-4,please
4.08717679977417,-12,0,-11,-27,0,-11,-9,-5,11,-9,3,0,2,-15,please
4.08717679977417,-9,-9,-14,-27,-2,-18,-13,-3,7,-3,0,-2,-15,-19,please
4.102465152740479,-5,0,-7,-13,1,-9,-18,-9,-10,-18,-3,-1,-31,-18,please
4.102465152740479,0,15,3,2,4,-2,-16,-14,-22,-25,0,-3,-24,-11,please
4.11760687828064,3,20,15,13,0,-1,-7,-3,-21,1,8,0,-9,-2,please
4.11760687828064,7,16,18,22,8,18,17,10,-7,32,8,6,0,10,please
4.133699655532837,9,2,12,21,17,37,35,15,7,27,0,2,0,22,please
4.133699655532837,8,-12,5,6,3,22,23,10,17,18,-4,-2,-1,20,please
4.149774789810181,0,-16,3,-6,-8,0,4,1,17,17,-11,-1,3,9,please
4.149774789810181,-3,-14,0,-12,-4,-7,-2,-5,0,-2,-14,0,4,0,please
4.165359973907471,7,-11,-4,-12,-5,-9,-4,-2,-10,-18,-3,13,9,0,please
4.165359973907471,22,0,5,-8,-12,-13,-4,1,0,-10,12,25,26,6,please
4.180704116821289,18,11,13,-3,-7,-14,-6,-4,2,-9,18,13,21,2,please
4.180704116821289,4,11,3,0,0,-13,-8,-11,-12,-20,13,1,0,-10,please
4.196255683898926,4,13,13,5,0,-16,-15,-6,-22,-24,8,14,0,-12,please
4.196255683898926,9,21,19,18,-2,-16,-21,-3,-20,-14,10,12,5,-5,please
4.2117919921875,0,19,9,25,6,-5,-19,-3,-21,-9,10,-5,-14,-6,please
4.2117919921875,-8,6,3,23,16,13,0,-3,-10,-8,-4,-8,-27,-9,please
4.22744083404541,-7,-6,-3,17,4,24,17,0,7,9,-16,-8,-15,-3,please
4.22744083404541,-3,-2,-1,19,0,22,21,10,12,28,-4,-5,0,7,please
4.243351459503174,-3,1,5,20,10,21,24,13,10,19,1,1,3,15,please
4.243351459503174,-6,-8,0,-2,7,20,19,1,10,11,-15,-4,0,12,please
4.258794784545898,-5,-12,-8,-14,-4,8,0,0,10,26,-25,-16,-2,5,please
4.258794784545898,-2,-7,-14,-1,-3,-6,-3,5,14,27,-10,-13,3,9,please
4.273552656173706,-3,-18,-19,-11,-2,-12,0,4,14,4,2,0,9,13,please
4.273552656173706,-3,-28,-24,-34,-10,-17,-5,1,9,-3,6,0,9,7,please
4.289661645889282,-4,-19,-23,-28,-17,-20,-15,-2,-1,-13,-3,-4,1,-3,please
4.305418968200684,-3,-10,-14,-19,-15,-8,-10,0,-2,-26,-5,0,0,-11,please
4.305418968200684,2,-3,-9,-18,-2,0,0,7,11,-10,15,4,11,-10,please
4.305418968200684,0,10,-5,-9,5,-9,-11,1,6,0,19,-1,10,-13,please
4.320589065551758,-6,22,4,4,0,-10,-25,-9,-18,-13,2,0,0,-20,please
4.320589065551758,-1,25,13,13,0,-5,-21,-11,-25,-20,4,12,0,-16,please
4.337337493896484,0,24,23,17,10,-3,-10,-11,-22,-12,11,14,0,-7,please
4.352739810943604,2,22,22,20,11,10,5,-5,-16,-10,10,4,0,0,please
4.352739810943604,16,16,22,24,11,23,28,2,4,-2,9,1,-2,4,please
4.352739810943604,19,14,18,27,17,19,39,0,18,14,6,0,-2,2,please
4.367334604263306,6,9,10,16,10,13,24,-6,0,14,-6,-8,0,3,sil
4.382491111755371,-6,-9,-2,-10,-3,7,6,-6,-21,-6,-25,-22,-9,3,sil
4.382491111755371,-12,-30,-16,-23,-4,0,1,0,-8,-11,-35,-26,-27,0,sil
4.397695779800415,-4,-25,-10,-19,0,-1,3,10,18,10,-17,-7,-17,10,sil
4.397695779800415,2,-17,-7,-22,-16,-7,2,21,30,29,-1,2,1,25,sil
4.413508176803589,-7,-28,-21,-25,-28,-18,-3,17,21,20,-12,-3,-2,9,sil
4.413508176803589,-4,-16,-10,-13,-9,-12,-3,7,19,11,0,9,2,-1,sil
4.428820610046387,13,9,4,-1,9,-3,1,0,29,19,32,31,27,8,sil
4.428820610046387,10,6,0,-7,5,-7,-17,-10,6,-1,25,27,17,1,sil
4.444348096847534,-5,0,-2,-1,-1,-5,-38,-20,-36,-40,0,10,-7,-19,sil
4.444348096847534,-4,16,4,17,1,1,-27,-19,-45,-38,7,0,-5,-19,sil
4.459996938705444,2,25,20,29,10,6,0,-8,-29,0,21,0,9,-3,sil
4.459996938705444,5,15,27,32,14,18,19,0,-14,27,12,3,13,9,sil
4.4751973152160645,1,0,9,22,5,25,24,8,0,25,-5,-5,3,14,sil
4.4751973152160645,-10,-8,-8,4,4,15,18,17,21,16,-20,-17,-2,5,sil
4.490890741348267,-12,-5,-13,-4,11,0,11,15,28,10,-20,-18,1,-1,sil
4.490890741348267,0,-6,-10,-14,2,-10,-6,2,10,-7,-9,-8,-2,-3,sil
4.50641679763794,6,-6,-12,-15,-10,-23,-27,-1,-4,-23,5,3,-4,-4,sil
4.50641679763794,2,2,0,-8,-10,-32,-26,0,-11,-21,14,12,7,-5,sil
4.521778345108032,1,5,7,-4,-9,-21,-4,-5,-25,-21,5,2,0,-9,sil
4.521778345108032,-10,2,-7,1,-11,1,13,-14,-24,-17,-15,-17,-28,-13,sil
4.536947250366211,-25,-7,-17,-4,-16,15,13,-5,0,-7,-26,-23,-34,-10,sil
4.536947250366211,-7,-16,-12,-13,-15,15,11,7,24,5,-17,-14,-1,4,sil
4.552687883377075,26,0,1,0,2,7,11,8,32,17,2,11,30,22,sil
4.552687883377075,32,16,11,13,15,-1,-2,5,23,15,19,33,29,20,sil
4.568679332733154,15,9,9,4,8,-6,-20,2,-2,2,20,23,12,2,sil
4.568679332733154,-2,6,8,2,5,0,-11,-6,-25,-7,6,0,-2,-7,sil
4.583782196044922,-19,0,-3,8,2,8,12,-10,-25,-7,-18,-22,-22,-12,sil
4.583782196044922,-21,-16,-17,0,-7,9,16,-2,-7,0,-31,-29,-28,-12,sil
4.59934663772583,-4,-12,-8,-11,-7,5,1,2,8,1,-7,-8,-3,0,sil
4.59934663772583,8,6,5,-7,2,-7,-9,-5,4,-7,26,14,12,5,sil
4.6153881549835205,9,16,20,3,12,-11,-12,-6,-7,-16,32,19,1,0,sil
4.6153881549835205,5,11,21,17,15,10,6,4,0,6,16,5,-4,0,sil
4.63054633140564,0,-1,4,10,10,24,19,7,14,34,-2,-10,1,6,sil
4.63054633140564,0,-9,-2,-12,0,6,4,3,13,25,-5,0,13,8,sil
4.6461498737335205,12,-8,-5,-18,-12,-11,-7,2,9,0,10,23,17,8,sil
4.6461498737335205,6,2,1,-4,-11,-16,-5,0,7,-9,16,29,7,-1,sil
4.661901473999023,-1,17,15,15,8,-7,3,4,7,7,7,12,0,-4,sil
4.661901473999023,-2,2,10,13,18,1,6,6,3,21,-6,-11,0,1,sil
4.677703380584717,-14,-24,-9,-14,1,0,1,4,2,13,-25,-25,-10,-1,sil
4.677703380584717,-14,-21,-15,-18,-9,0,4,1,12,8,-25,-13,-4,0,sil
4.693331718444824,5,0,-4,-1,-4,3,0,-5,6,-1,-7,5,12,7,sil
4.693331718444824,-1,-1,-10,-8,-4,-6,-18,-16,-26,-30,0,-1,-2,-9,sil
4.708805322647095,-22,-4,-19,-21,-10,-18,-20,-14,-41,-47,-3,-19,-28,-33,sil
4.708805322647095,-5,13,0,0,-7,-7,-8,-4,-18,-27,4,-5,-11,-20,sil
4.724804878234863,15,24,16,27,0,9,0,0,4,2,22,18,16,7,sil
4.724804878234863,7,14,13,21,12,13,8,6,2,11,18,12,8,16,sil
4.740314245223999,-3,7,7,16,19,15,13,8,-6,11,-8,-10,-7,11,sil
4.740314245223999,-6,1,2,24,5,16,5,0,-2,8,-21,-17,-5,7,sil
4.756436586380005,-2,-12,-2,13,-8,0,-3,-6,0,3,-14,-5,0,11,sil
4.756436586380005,3,-18,-12,-13,-9,-18,-2,-3,-4,4,-16,0,2,14,sil
4.772527694702148,2,-12,-20,-24,-11,-15,0,0,0,0,-20,-3,6,6,sil
4.772527694702148,7,-5,-10,-11,-9,-1,4,13,18,0,-3,1,13,5,sil
4.787598609924316,15,-10,-5,-8,-1,-4,4,24,32,13,12,7,13,10,sil
4.787598609924316,2,-16,-6,-29,-8,-12,-4,10,14,-2,5,3,-6,-12,sil
4.803692102432251,-6,0,-3,-21,-10,-5,-7,-8,-5,-30,1,-4,-20,-36,sil
4.803692102432251,6,27,17,11,12,1,-4,-10,-11,-19,20,1,-5,-22,sil
4.819289445877075,7,22,24,12,11,0,-12,-3,-16,0,29,15,1,-6,sil
4.819289445877075,-8,3,6,2,-8,0,-14,-7,-18,-7,6,7,-12,-13,sil
4.835076808929443,-9,9,7,18,4,16,4,-11,-8,-4,-5,-6,-20,-13,sil
4.835076808929443,1,15,16,31,25,28,24,-4,-4,19,6,-6,-8,5,sil
4.850708723068237,2,0,7,23,17,15,22,0,0,23,1,-1,0,19,sil
4.850708723068237,-4,-12,-1,6,1,1,16,0,14,16,-11,-3,1,17,sil
4.866580009460449,-6,-19,-10,-16,-9,-4,7,0,21,19,-5,0,9,12,sil
4.866580009460449,-1,-20,-15,-32,-14,-10,-12,5,14,8,0,9,24,13,sil
4.882537841796875,8,-1,-9,-16,-5,-12,-17,9,13,3,4,21,37,14,sil
4.882537841796875,12,11,-1,-4,-1,-17,-11,4,5,4,20,24,31,9,sil
4.897909641265869,0,0,-3,-12,-9,-26,-16,-2,-14,-18,13,7,4,-4,sil
4.897909641265869,0,9,0,0,-4,-15,-11,-4,-19,-36,-3,-6,-13,-13,sil
4.913084268569946,7,30,18,25,11,9,3,-2,-10,-14,1,3,-12,-8,sil
4.913084268569946,2,14,15,26,13,21,12,-1,-5,4,2,0,-10,0,sil
4.928821325302124,-9,-5,-4,11,6,25,15,3,0,6,-14,-22,-14,0,sil
4.928821325302124,-8,-2,0,10,9,36,25,16,15,24,-16,-20,-9,2,sil
4.944375514984131,-5,-6,1,5,6,29,26,8,19,33,-6,-11,-1,10,sil
4.944375514984131,-9,-23,-14,-21,-7,0,1,-10,5,3,-17,-17,-5,2,sil
4.959617376327515,-2,-21,-17,-30,-12,-14,-10,-1,11,-5,-23,-12,-2,-5,sil
4.959617376327515,7,-7,-7,-13,-3,-15,-4,9,24,4,0,7,14,4,sil
4.975333213806152,2,0,-5,-7,0,-20,-12,-4,7,-13,10,13,13,1,sil
4.975333213806152,-3,0,-7,-7,-4,-25,-21,-14,-15,-27,0,2,-4,-16,sil
4.99042534828186,4,4,9,-1,-1,-18,-15,-7,-25,-16,1,2,-11,-12,sil
4.99042534828186,5,8,18,2,7,-5,-7,-8,-29,-18,9,1,-9,-2,sil
5.0060224533081055,-7,0,6,7,8,0,-6,-14,-32,-23,-3,-9,-17,-18,sil
5.021653652191162,-13,-3,3,15,0,2,-6,-2,-22,-4,-11,-15,-21,-22,sil
5.021653652191162,-10,-6,-2,18,-6,10,3,7,-3,12,-12,-18,-7,-1,sil
5.037627935409546,-16,-20,-17,-6,-12,9,8,3,10,11,-22,-23,-3,3,sil
5.037627935409546,-14,-23,-21,-29,-15,-2,9,8,18,11,-14,-10,0,-1,sil
5.037627935409546,3,-4,-12,-25,-15,-8,13,19,24,16,6,13,13,12,sil
5.052742958068848,16,1,-3,-20,-15,-11,0,13,14,14,17,27,27,23,sil
5.0686936378479,17,7,-1,-15,-4,-11,-17,-2,1,4,32,32,33,13,sil
5.0686936378479,23,32,11,12,12,2,-14,-6,-2,-14,39,34,21,6,sil
5.083597660064697,22,40,26,32,15,10,0,-2,-7,-21,22,21,-1,4,sil
5.083597660064697,4,27,16,26,12,9,4,-5,-11,-4,13,0,-6,-5,sil
5.098769664764404,-5,22,13,27,15,19,8,-5,-8,2,13,-6,-1,-7,sil
5.098769664764404,-1,10,19,37,12,20,15,3,-3,0,-3,-3,-12,3,sil
5.114408731460571,2,-10,11,25,6,4,17,4,2,14,-15,-1,-12,8,sil
5.114408731460571,-4,-19,-9,0,1,2,20,1,14,30,-4,0,4,5,sil
5.129573583602905,-13,-20,-20,-16,0,5,14,4,20,18,0,-3,9,6,sil
5.129573583602905,-3,-20,-4,-12,0,-2,0,6,14,-3,-4,0,3,8,sil
5.14502215385437,13,-6,2,0,-2,-9,-8,0,6,-5,4,14,17,8,sil
5.14502215385437,14,9,-2,-7,-2,-13,-14,-7,-3,-10,15,19,19,-2,sil
5.161568880081177,7,15,3,-10,0,-13,-19,-6,-18,-24,0,2,-7,-18,sil
5.161568880081177,5,15,14,11,-1,-5,-17,-8,-26,-19,-16,-12,-22,-15,sil
5.177365303039551,-5,12,17,10,-5,-3,-18,-10,-23,-5,-12,-8,-15,-8,sil
5.177365303039551,-8,4,8,-7,-3,-3,-9,-7,-15,-5,-7,-8,-17,-8,sil
5.192485570907593,-3,-8,0,1,1,9,4,-1,-10,-10,-17,-18,-24,-4,sil
5.192485570907593,-13,-20,-4,11,4,18,9,0,-2,-2,-29,-20,-16,0,sil
5.207674503326416,-21,-25,-15,-4,0,10,16,1,16,11,-28,-18,0,0,sil
5.207674503326416,-12,-30,-22,-28,-9,3,19,7,26,21,-20,-17,2,5,sil
5.223771333694458,-7,-29,-28,-38,-10,0,13,14,27,20,-13,-18,0,7,sil
5.223771333694458,-8,-15,-27,-33,-1,-6,4,17,37,19,-6,-11,15,7,sil
5.239408016204834,0,0,-15,-26,0,-10,-1,18,40,24,7,6,35,20,sil
5.239408016204834,13,1,-13,-31,-7,-11,-6,7,19,19,19,13,29,18,sil
5.254895210266113,10,3,-14,-33,-7,-10,-11,-7,-6,-6,20,9,8,-7,sil
5.254895210266113,0,12,-10,-9,5,-6,-10,-11,-18,-25,15,2,-3,-24,sil
5.270159482955933,-1,18,1,10,13,-10,-13,-12,-23,-19,16,-3,-12,-21,sil
5.270159482955933,0,19,15,11,13,-5,-15,-10,-20,-4,18,-1,-10,-19,sil
5.285456895828247,-1,18,18,20,15,12,-1,-2,-11,-3,10,4,-3,-14,sil
5.285456895828247,-8,12,20,35,6,8,3,-1,-19,-24,-7,0,-20,-9,sil
5.301483154296875,-11,0,19,33,-8,-1,1,-7,-31,-32,-10,-6,-34,-4,sil
5.301483154296875,-2,-2,14,25,-11,6,8,-8,-26,-11,5,-1,-15,0,sil
5.317376136779785,10,7,22,34,-3,18,12,0,-14,7,11,6,1,4,sil
5.317376136779785,13,7,22,45,-2,14,10,6,-1,16,3,8,6,18,sil
5.332643985748291,4,-6,9,24,-10,0,7,2,6,10,1,11,12,27,sil
5.332643985748291,0,-11,-2,-1,-13,-10,2,1,9,5,5,21,21,15,sil
5.348209619522095,4,-5,-8,-6,-7,-14,-2,13,9,11,7,22,23,6,sil
5.348209619522095,5,-4,-3,-8,-1,-16,-7,11,7,3,7,13,17,6,sil
5.3636558055877686,12,1,-1,-7,0,-18,-12,-4,3,-10,12,18,22,3,sil
5.3636558055877686,29,11,4,0,6,-7,-15,-11,0,-3,21,36,24,3,sil
5.378800630569458,28,15,14,-1,12,3,-12,-8,-6,-2,14,25,3,0,sil
5.378800630569458,2,18,7,0,15,3,-8,-10,-11,-22,-14,-10,-21,-11,sil
5.394514322280884,-10,16,-1,8,19,11,1,-2,0,-17,-25,-20,-22,-5,sil
5.394514322280884,-8,2,-2,5,19,27,20,12,21,18,-8,-13,-8,7,sil
5.409603118896484,-7,-4,0,-1,12,29,25,12,21,25,-9,-16,-14,2,sil
5.409603118896484,-8,-7,-9,-5,1,12,15,2,5,6,-27,-27,-26,-8,sil
5.424790620803833,-16,-21,-27,-16,-5,3,11,1,12,14,-28,-37,-9,-4,sil
5.424790620803833,-25,-33,-26,-35,-9,7,11,10,38,30,-21,-33,5,2,sil
5.440311908721924,-13,-31,-19,-36,-15,0,6,13,48,25,-16,-20,1,4,sil
5.440311908721924,1,-18,-11,-24,-15,-14,-2,1,28,10,-5,-4,7,7,sil
5.45589017868042,0,-9,-5,-21,-9,-10,-9,-3,9,8,5,8,22,16,sil
5.471401929855347,-8,-15,-16,-29,-11,-14,-17,-3,-1,0,7,10,12,6,sil
5.471401929855347,-5,-13,-10,-33,-14,-28,-29,-8,-23,-26,6,4,-5,-17,sil
5.471905469894409,3,9,7,-7,-8,-25,-25,-11,-41,-33,12,6,-4,-21,sil
5.487456560134888,4,21,10,12,-4,-18,-15,-10,-41,-22,15,14,-3,-11,sil
5.487456560134888,1,18,5,8,0,-12,-7,-12,-38,-25,12,13,-8,-15,sil
5.502800703048706,5,19,13,15,9,4,6,-8,-29,-24,9,1,-8,-18,sil
5.502800703048706,0,20,21,29,5,13,8,0,-23,-13,0,-7,-13,-14,sil
5.518784046173096,-8,11,10,25,-2,10,-1,0,-22,-11,-8,-11,-19,-18,sil
5.518784046173096,-7,3,4,21,8,13,0,-1,-12,-6,1,-7,-5,-11,sil
5.53422474861145,0,7,13,32,24,21,14,7,-3,8,13,3,9,9,sil
5.53422474861145,6,13,12,37,15,21,21,9,1,19,5,7,12,21,sil
5.550829172134399,13,2,6,22,0,12,25,10,22,22,0,7,15,24,sil
5.550829172134399,9,-10,-2,0,0,4,29,16,46,25,0,6,16,26,sil
5.565399885177612,0,-5,-9,-13,-3,-4,12,6,35,16,-6,0,6,14,sil
5.565399885177612,2,2,-5,-10,-4,-10,-12,-8,8,2,-3,1,5,0,sil
5.58060622215271,23,6,1,2,0,-12,-20,-5,5,0,17,17,17,4,sil
5.5964765548706055,23,14,13,6,6,-14,-21,0,-2,-5,28,25,12,6,sil
5.5964765548706055,2,15,19,6,9,-3,-17,-8,-28,-11,14,11,-5,-4,sil
5.61284065246582,-5,-2,3,9,4,14,0,-10,-21,-9,-7,-11,-18,-8,sil
5.61284065246582,-6,-22,-12,0,-11,12,10,0,9,-1,-23,-15,-22,0,sil
5.61284065246582,-16,-28,-23,-15,-17,0,8,4,20,3,-28,-9,-20,3,sil
5.6283347606658936,-22,-28,-27,-28,-2,1,5,2,16,4,-29,-11,-13,1,sil
5.6283347606658936,-18,-26,-22,-27,2,8,5,9,24,21,-16,-11,5,0,sil
5.64337420463562,-5,-15,-11,-18,-1,-4,0,11,23,35,8,5,26,5,sil
5.658898830413818,8,-1,-2,-19,0,-20,-11,0,8,13,17,20,24,8,sil
5.658898830413818,8,2,-2,-18,-1,-21,-19,-8,0,-10,11,8,3,-2,sil
5.674418210983276,-1,5,4,-5,-11,-12,-20,-6,-8,-7,12,0,-3,-14,sil
5.674418210983276,0,19,13,4,-8,4,-9,-5,-17,-4,13,4,2,-8,sil
5.689582586288452,3,23,9,6,7,12,6,-5,-20,-18,0,-5,-2,-2,sil
5.689582586288452,-1,12,14,13,13,7,14,0,-19,-32,-18,-19,-19,-9,sil
5.705707311630249,0,10,18,25,5,11,19,3,-11,-31,-21,-15,-14,-7,sil
5.705707311630249,3,5,16,17,-2,17,19,0,-7,-17,-13,-9,-4,1,sil
5.721722841262817,-4,-12,0,-6,-8,4,11,1,-2,6,-15,-11,-10,0,sil
5.721722841262817,-10,-20,-15,-22,-8,-12,-3,0,8,20,-10,-9,-10,-4,sil
5.73768424987793,3,-5,-4,-19,-4,-17,-22,-9,2,13,7,5,0,-7,sil
5.73768424987793,21,13,11,1,0,-14,-26,-10,-13,1,22,17,11,-3,sil
5.7527923583984375,16,24,12,18,5,-10,-20,-5,-24,-15,19,13,6,1,sil
5.7527923583984375,0,19,8,21,10,0,-2,-1,-24,-18,4,-1,-7,0,sil
5.768402576446533,-8,1,-3,15,7,14,28,5,-1,3,-3,-9,-8,-1,sil
5.768402576446533,-9,-14,-17,0,1,17,37,15,31,12,0,-5,9,10,sil
5.78352689743042,-5,-19,-24,-3,-3,2,15,19,41,17,-2,-1,21,17,sil
5.78352689743042,3,-13,-16,-1,-2,-4,-7,12,28,32,0,7,20,11,sil
5.799611806869507,7,-5,-10,-14,0,-3,-26,-1,4,13,21,21,17,2,sil
5.799611806869507,3,0,-11,-17,-1,-4,-33,-14,-26,-25,25,19,11,-6,sil
5.815456867218018,0,13,8,4,1,0,-17,-10,-35,-27,4,9,0,-13,sil
5.815456867218018,-6,21,19,20,10,6,12,2,-8,-4,-2,1,-10,-9,sil
5.830630779266357,-9,8,6,15,10,10,25,3,8,5,0,-3,-12,0,sil
5.830630779266357,4,5,14,18,7,20,22,-1,4,13,-1,-2,-7,7,sil
5.846355199813843,11,13,21,23,13,19,18,-1,6,22,-3,-6,-4,6,sil
5.846355199813843,-2,0,5,7,11,2,4,0,18,24,0,-6,-1,7,sil
5.861608028411865,-13,-23,-14,-12,-2,-4,-5,5,26,27,1,-1,5,11,sil
5.861608028411865,-13,-23,-21,-16,-13,0,0,5,19,11,-11,-12,0,1,sil
5.87716555595398,-9,-7,-10,-8,-11,1,5,-1,4,-9,-30,-18,-16,-9,sil
5.87716555595398,2,-1,-3,-3,-7,-4,3,-3,0,-6,-14,0,-4,3,sil
5.892884254455566,7,-13,-1,-18,-12,-13,3,1,4,-2,10,17,18,17,sil
5.892884254455566,8,-16,0,-21,-17,-17,4,1,9,-7,7,10,20,10,sil
5.90834379196167,14,0,9,0,-8,-18,-17,-4,-1,-12,0,7,5,-1,sil
5.90834379196167,11,8,12,0,0,-20,-39,-8,-23,-28,3,6,-4,-10,sil
5.923829078674316,-2,3,-2,-21,-5,-16,-27,-11,-34,-37,5,-7,-10,-17,sil
5.923829078674316,-10,0,-5,-16,-9,-12,-15,-14,-36,-36,-4,-19,-19,-25,sil
5.93932580947876,-11,6,2,-5,-2,-8,-18,-12,-35,-39,-20,-20,-29,-28,sil
5.93932580947876,-8,8,3,-11,6,1,-4,-6,-29,-37,-32,-17,-28,-17,sil
5.954807996749878,-2,13,6,6,8,14,14,3,-12,-13,-22,-12,-20,-4,sil
5.954807996749878,0,16,6,35,7,23,17,9,7,21,-1,-2,-8,1,sil
5.970704793930054,-2,4,-2,20,7,25,13,9,16,38,5,1,3,6,sil
5.970704793930054,-3,-11,-9,0,5,17,19,14,20,39,4,-2,17,10,sil
5.986353635787964,0,-10,-5,12,6,9,24,18,29,45,6,-4,20,13,please
5.986353635787964,3,-7,1,13,6,13,21,9,26,44,11,12,15,19,please
6.001876831054688,8,-6,-4,2,5,10,14,4,24,38,17,28,22,21,please
6.001876831054688,10,-1,-8,-5,3,-5,-3,5,25,31,18,32,33,18,please
6.017704010009766,8,-3,-1,-18,-2,-13,-18,0,16,5,16,23,23,12,please
6.017704010009766,13,0,2,-13,-6,-18,-14,-9,0,-23,21,12,12,4,please
6.0397560596466064,17,16,10,4,-1,-23,-17,-8,-11,-29,24,15,12,0,please
6.0397560596466064,11,23,12,8,4,-11,-16,-3,-12,-13,26,18,8,2,please
6.0397560596466064,4,21,14,10,8,3,3,0,0,0,33,11,0,0,please
6.049312591552734,0,18,14,14,6,2,1,-4,-4,-7,16,-4,-10,-12,please
6.064365148544312,-16,0,-3,2,-2,0,-17,-10,-20,-30,-22,-27,-29,-22,please
6.064365148544312,-30,-14,-16,-11,-4,4,-5,-6,-20,-31,-42,-37,-39,-25,please
6.079758167266846,-30,-15,-17,-10,-2,9,23,0,-2,-17,-40,-38,-36,-25,please
6.079758167266846,-17,-25,-13,-14,-5,16,29,4,7,-6,-37,-35,-27,-10,please
6.095328092575073,0,-27,-3,-14,-5,17,21,12,7,12,-26,-15,-6,11,please
6.095328092575073,3,-12,-2,1,-2,5,17,10,6,21,-11,1,10,17,please
6.110457181930542,-1,-2,-3,9,-5,0,6,0,7,2,-5,4,11,9,please
6.110457181930542,4,-1,-3,4,-1,0,-8,-1,10,2,1,9,21,7,please
6.125728368759155,14,0,0,-2,0,-19,-23,0,4,14,12,21,27,7,please
6.125728368759155,10,0,6,-6,-10,-28,-29,-3,-8,0,18,27,12,-2,please
6.1418962478637695,6,8,1,-3,-8,-15,-26,-12,-22,-24,20,16,0,-17,please
6.1418962478637695,2,22,0,1,9,-10,-20,-16,-34,-34,5,1,-13,-24,please
6.157061576843262,-3,23,13,14,18,-2,-4,-8,-28,-20,-14,-11,-26,-19,please
6.157061576843262,0,16,19,31,11,13,10,0,-10,7,-9,-9,-16,-1,please
6.1727495193481445,9,13,18,26,4,21,16,6,2,25,5,0,2,17,please
6.1727495193481445,6,2,5,8,1,15,22,8,14,35,0,0,9,26,please
6.188412189483643,0,-9,1,0,0,11,19,7,21,36,-9,-1,11,24,please
6.189413785934448,0,-14,-1,-6,-2,8,9,9,20,22,0,0,10,23,please
6.204602479934692,-4,-23,-15,-23,-10,-1,1,8,20,2,2,-4,4,13,please
6.219070196151733,-11,-27,-23,-30,-13,-13,0,3,21,-3,-8,-14,1,-1,please
6.219070196151733,-5,-12,-16,-23,-6,-10,-1,1,17,1,-4,-9,5,-7,please
6.219070196151733,0,-3,-8,-26,-3,-5,-15,2,5,-3,11,7,5,-10,please
6.234396457672119,3,-5,-6,-22,-1,-11,-24,0,0,-11,26,20,5,-8,please
6.250424146652222,10,4,1,-2,7,-14,-14,-4,0,-12,30,21,4,0,please
6.250424146652222,10,17,14,3,5,-8,-8,-9,-7,-21,19,17,1,0,please
6.265905380249023,4,16,13,5,-1,-9,-5,-8,-15,-24,10,13,0,-4,please
6.265905380249023,0,15,8,15,4,-5,-2,-5,-19,-16,3,3,-5,-8,please
6.281534433364868,-8,11,3,14,9,6,0,-8,-19,-15,-22,-16,-22,-21,please
6.281534433364868,-11,3,0,15,5,15,4,-9,-15,-11,-39,-29,-24,-21,please
6.281534433364868,-7,7,7,30,8,24,19,5,-7,5,-18,-19,-4,0,please
6.296845197677612,-4,8,4,28,9,29,35,14,4,24,-3,-13,4,9,please
6.312454700469971,-6,-6,-10,1,0,18,29,7,8,23,-13,-18,-6,3,please
6.312454700469971,-14,-21,-17,-15,-11,7,13,3,0,10,-15,-18,-8,0,please
6.327653646469116,-17,-27,-18,-20,-16,2,4,1,2,2,-3,-6,2,0,please
6.327653646469116,-4,-22,-9,-24,-18,-8,-6,0,14,1,1,13,11,6,please
6.343393564224243,14,-5,-3,-15,-16,-21,-15,4,17,3,6,24,16,7,please
6.343393564224243,21,5,3,-4,-7,-22,-16,4,11,0,21,28,17,7,please
6.359069585800171,22,15,19,1,7,-16,-17,-2,0,-7,31,29,11,14,please
6.359069585800171,25,24,22,16,14,-11,-16,-8,-12,-9,23,23,4,12,please
6.3747172355651855,21,24,22,28,13,-3,-4,-6,-12,-3,12,17,0,1,please
6.3747172355651855,10,17,22,26,13,6,5,-3,-7,6,12,11,0,4,please
6.390834331512451,-6,8,7,15,14,11,1,-7,-11,6,0,-3,-5,4,please
6.390834331512451,-23,-1,-11,3,9,17,0,-3,-11,-2,-25,-26,-17,-14,please
6.406387567520142,-30,-11,-22,-1,3,22,11,5,0,0,-30,-34,-15,-22,please
6.406387567520142,-19,-15,-15,-3,2,15,17,8,12,18,-14,-21,-5,-3,please
6.422526597976685,-10,-19,-16,-9,1,0,12,2,28,23,-6,-15,0,6,please
6.422526597976685,-15,-28,-24,-22,-13,-15,-2,-2,26,9,-18,-26,0,-11,please
6.438414335250855,-9,-28,-14,-32,-26,-22,-12,0,7,0,-18,-16,0,-19,please
6.438414335250855,9,-11,-3,-27,-17,-20,-10,6,0,-15,1,14,6,0,please
6.454967975616455,16,2,0,-20,-11,-15,-22,-1,-6,-43,9,23,6,5,please
6.454967975616455,13,6,5,-15,-14,-12,-30,-15,-19,-37,1,7,0,-7,please
6.47079610824585,15,17,19,0,1,-5,-11,-9,-23,-4,8,9,2,0,sil
6.47079610824585,15,26,33,20,21,12,11,6,-14,7,21,21,5,16,sil
6.48580265045166,14,22,22,28,17,23,21,8,-7,7,17,5,3,11,sil
6.48580265045166,3,11,8,23,10,14,17,2,-8,9,2,-14,0,-9,sil
6.501863956451416,-10,0,5,15,7,10,15,1,-1,10,-6,-16,-1,-12,sil
6.501863956451416,-12,-10,-3,-1,-3,10,14,3,11,16,-10,-7,0,5,sil
6.517773866653442,-9,-12,-17,-15,-7,0,4,1,11,11,-11,-1,0,17,sil
6.517773866653442,-6,-10,-21,-12,0,-8,-8,0,5,-2,-5,2,0,10,sil
6.533658981323242,1,-7,-10,-11,-5,-8,-16,0,7,-13,10,10,-1,1,sil
6.533658981323242,8,3,1,-2,-7,-7,-11,-2,5,-11,27,18,-1,-5,sil
6.548855066299439,0,17,6,14,6,-6,-3,-5,-6,-4,24,9,-5,-14,sil
6.548855066299439,-13,11,9,16,10,1,0,-2,-10,-1,3,-3,-13,-12,sil
6.564953088760376,-5,5,8,17,0,11,12,4,3,4,0,0,-8,2,sil
6.564953088760376,13,11,15,34,0,13,23,7,10,19,3,7,2,14,sil
6.580557823181152,4,0,7,28,0,7,17,2,0,13,-14,0,0,8,sil
6.580557823181152,-18,-24,-14,-11,-10,0,5,-2,3,-9,-29,-9,-6,-2,sil
6.595770359039307,-12,-20,-17,-32,-16,-7,-1,0,7,-14,-13,0,0,-3,sil
6.595770359039307,8,-2,-12,-17,-10,-9,-7,0,3,2,0,3,11,1,sil
6.611420869827271,16,5,-5,-6,1,-9,-13,-4,8,5,5,4,20,3,sil
6.611420869827271,16,16,13,0,12,-5,-11,-1,8,0,20,11,22,4,sil
6.627126693725586,5,19,15,15,20,2,-3,-2,-8,2,16,0,3,0,sil
6.627126693725586,-16,0,-1,11,18,11,5,-2,-10,14,-10,-23,-11,-4,sil
6.642482280731201,-22,-25,-24,-14,-2,7,10,0,2,15,-22,-25,-5,-3,sil
6.642482280731201,-16,-33,-32,-38,-21,-12,-6,-1,-1,-9,-27,-20,-7,-8,sil
6.657872915267944,0,-21,-18,-37,-16,-26,-23,-5,-13,-26,-24,-9,-6,-7,sil
6.657872915267944,17,0,-2,-19,-1,-20,-19,-2,-13,-14,3,11,4,2,sil
6.67359471321106,12,8,6,-5,5,-5,-16,-2,-19,-14,17,14,-3,-2,sil
6.67359471321106,0,7,8,7,9,7,-9,0,-13,-10,7,-3,-9,-12,sil
6.688783884048462,-1,7,15,23,12,22,13,5,3,13,-1,-13,-3,0,sil
6.688783884048462,-11,4,15,14,3,30,24,2,1,10,-19,-19,-17,4,sil
6.704347133636475,-10,-6,-4,-10,-11,12,11,0,-2,-2,-27,-16,-15,2,sil
6.704347133636475,15,0,-1,-13,-9,-3,2,8,20,8,8,17,22,19,sil
6.719992637634277,28,20,14,8,5,0,4,16,40,24,49,48,43,27,sil
6.719992637634277,19,27,15,18,11,0,-8,3,20,11,42,40,26,7,sil
6.736050128936768,8,21,16,12,4,-11,-19,-9,-11,-13,9,11,1,-10,sil
6.736050128936768,-4,10,14,10,0,-6,0,-8,-18,-18,-5,-11,-18,-13,sil
6.750842571258545,-20,-2,3,12,0,9,20,-5,-8,0,-10,-17,-28,-15,sil
6.750842571258545,-28,-14,-8,12,0,15,26,0,0,6,-21,-25,-28,-21,sil
6.766788005828857,-29,-21,-18,4,-5,5,20,8,4,0,-20,-25,-23,-17,sil
6.766788005828857,-17,-21,-13,-1,-13,-3,2,9,4,7,-1,3,-8,0,sil
6.781752586364746,1,-13,-12,-4,-15,-13,-5,1,4,11,8,14,9,9,sil
6.781752586364746,11,-9,-9,-12,-10,-22,-5,-1,0,-3,7,1,19,6,sil
6.797715902328491,19,-2,0,-5,-2,-11,-7,-2,-4,-7,16,13,27,7,sil
6.797715902328491,24,14,15,17,3,0,-12,-8,-6,-10,27,33,23,8,sil
6.81280517578125,18,24,23,19,4,-6,-18,-10,-13,-23,24,23,6,1,sil
6.81280517578125,11,25,22,22,6,0,-6,-3,-11,-12,14,10,5,7,sil
6.828321933746338,9,23,25,35,18,26,17,0,2,12,7,8,10,16,sil
6.828321933746338,-1,3,9,14,16,21,17,0,3,18,-9,-12,-1,10,sil
6.843743324279785,-11,-23,-18,-21,-9,-5,-5,-1,-4,11,-29,-21,-10,1,sil
6.843743324279785,5,-14,-12,-23,-20,-11,-12,1,3,4,-13,13,9,9,sil
6.859589338302612,23,9,3,-9,-1,-9,-7,4,12,-4,13,26,19,12,sil
6.859589338302612,3,4,-3,-18,7,-12,-17,1,-7,-21,-7,-10,-14,-12,sil
6.874775648117065,-29,-20,-31,-34,2,1,-11,-2,-18,-19,-43,-44,-46,-32,sil
6.874775648117065,-34,-33,-46,-40,1,19,15,1,4,7,-40,-48,-33,-14,sil
6.890258073806763,-18,-22,-32,-34,-1,9,24,14,24,31,-25,-31,-7,6,sil
6.890258073806763,-3,-11,-18,-26,-10,-12,7,11,21,25,-18,-12,1,7,sil
6.905948877334595,-4,-11,-19,-35,-8,-18,-15,-6,5,-5,-3,-7,1,-6,sil
6.905948877334595,-9,1,-6,-14,4,-4,-21,-12,-6,-21,7,-8,-1,-18,sil
6.921481370925903,-8,20,10,35,16,12,-1,-6,-14,-4,1,-11,-10,-13,sil
6.921481370925903,-8,9,11,40,13,19,19,-5,-9,8,-9,-14,-12,0,sil
6.937364339828491,-1,-6,0,13,-2,12,19,0,14,8,0,-1,8,5,sil
6.937364339828491,8,2,5,13,-2,-4,0,10,21,3,27,28,31,4,sil
6.953352451324463,8,21,16,19,10,-14,-8,8,1,-1,40,33,24,1,sil
6.953352451324463,11,24,19,11,6,-8,0,0,-4,0,32,13,12,-3,sil
6.968842744827271,16,19,33,18,0,0,0,0,0,3,24,18,13,-3,sil
6.984396934509277,7,20,38,26,3,1,0,-3,-13,-8,17,26,5,2,sil
6.984396934509277,-3,9,20,1,0,9,10,-11,-30,-16,-1,1,-18,-1,sil
6.984396934509277,-7,-18,-2,-9,-5,24,16,-2,-17,-3,-15,-11,-18,-5,sil
6.999550342559815,-4,-27,-9,16,-4,22,14,5,4,3,-10,11,8,11,sil
7.014704704284668,5,-13,9,24,-16,-3,0,0,6,0,-7,18,3,23,sil
7.014704704284668,16,-10,14,0,-33,-22,-13,-1,0,0,-16,-1,-18,16,sil
7.031827926635742,16,-16,-5,-34,-24,-23,-16,2,-2,-11,-9,-1,0,9,sil
7.031827926635742,13,-5,-12,-46,-4,-22,-20,0,-5,-33,4,12,18,0,sil
7.032331466674805,17,18,1,-16,2,-22,-24,-4,-2,-20,10,14,0,-8,sil
7.04637622833252,19,20,12,18,2,-10,-9,0,9,13,22,22,0,0,sil
7.061661720275879,10,0,0,21,9,3,6,4,13,26,34,24,26,4,sil
7.061661720275879,0,9,-9,18,24,11,2,0,1,15,18,-1,14,-6,sil
7.076928615570068,-8,27,-1,17,24,21,7,0,-8,5,-8,-23,-14,-13,sil
7.076928615570068,-20,0,-8,4,3,20,16,-3,-7,1,-18,-26,-17,-9,sil
7.092353105545044,-30,-22,-23,-3,-3,9,5,-10,-5,-1,-23,-25,-19,-9,sil
7.092762470245361,-29,-5,-23,0,5,16,10,-1,1,7,-23,-27,-20,-9,sil
7.107500076293945,-18,-3,-18,-8,8,21,29,13,23,24,-15,-23,0,1,sil
7.107500076293945,-3,-14,-12,-21,2,0,15,13,38,27,-12,-7,13,18,sil
7.122841835021973,3,-7,-7,-19,-3,-24,-11,2,25,12,-14,1,7,17,sil
7.122841835021973,3,-3,-1,-14,-5,-24,-21,-4,-1,-6,-1,9,9,4,sil
7.138160228729248,7,0,5,-10,1,-13,-15,0,0,-13,24,21,18,3,sil
7.138160228729248,4,12,6,-4,4,-10,-14,0,6,-11,26,7,7,-2,sil
7.154258728027344,-8,15,7,1,0,-7,-13,-5,-15,-17,-1,-18,-18,-15,sil
7.154258728027344,-10,1,5,11,-3,7,4,-8,-29,-21,-18,-19,-32,-13,sil
7.169642448425293,-11,-7,1,9,-8,12,8,-2,-16,-14,-19,-12,-29,-7,sil
7.169642448425293,-10,-13,-7,-2,-13,0,0,-5,-13,0,-20,-16,-13,-5,sil
7.185672283172607,-2,-18,-13,-9,-15,2,5,-8,-23,9,-17,-12,0,0,sil
7.185672283172607,1,-12,-5,-10,-10,15,10,3,-10,2,-7,-4,-2,3,sil
7.200824022293091,10,-2,-1,-6,4,9,3,14,18,0,7,1,10,6,sil
7.200824022293091,25,0,0,-1,11,-2,-2,4,24,10,20,17,30,14,sil
7.216943979263306,17,3,6,-2,-1,-7,-8,-7,8,1,14,26,20,8,sil
7.216943979263306,0,5,8,-4,-4,-10,-11,-3,-1,-14,2,18,6,-3,sil
7.232522487640381,3,7,13,-2,5,-6,1,6,-6,-11,10,20,10,-6,sil
7.232522487640381,14,14,12,3,0,-4,9,4,-13,0,26,23,11,-6,sil
7.247964382171631,19,20,22,16,4,-2,-3,-4,-13,0,27,25,7,0,sil
7.247964382171631,15,18,28,24,17,8,-6,-3,-9,0,14,20,5,7,sil
7.263953447341919,0,13,13,22,10,4,1,1,-5,-2,3,4,0,-2,sil
7.263953447341919,-10,10,10,18,4,-6,-3,3,-8,-13,-2,-2,-10,-16,sil
7.279490947723389,-9,5,11,18,11,8,0,0,-3,-5,-6,-11,-10,-8,sil
7.279490947723389,-10,-7,-1,16,0,16,16,-2,7,10,-10,-25,-9,3,sil
7.294787645339966,-15,-17,-14,11,-12,1,21,0,18,17,-14,-25,-10,4,sil
7.294787645339966,-21,-24,-23,-8,-7,0,10,4,24,17,-18,-23,-10,0,sil
7.310359954833984,-27,-31,-32,-34,-8,4,0,1,18,10,-26,-30,-14,-7,sil
7.310359954833984,-21,-26,-33,-30,-15,2,-1,0,16,7,-20,-24,-10,-8,sil
7.326428174972534,0,-6,-13,-8,-5,2,0,8,22,12,-1,3,6,6,sil
7.326428174972534,22,9,7,-2,7,2,-4,9,21,10,8,24,21,23,sil
7.341596364974976,24,11,1,-4,5,-6,-9,-2,7,3,11,20,20,21,sil
7.341596364974976,7,8,-5,-10,-5,-21,-18,-10,-12,-7,12,11,7,6,sil
7.357650995254517,5,4,4,-20,-9,-23,-18,-3,-20,-17,13,16,1,-1,sil
7.357650995254517,19,9,15,-12,1,-6,-9,2,-14,-5,24,28,10,5,sil
7.372878551483154,16,22,20,17,11,7,0,1,-12,3,31,24,10,12,sil
7.372878551483154,0,21,10,33,5,6,7,-2,-15,-5,12,-5,-6,1,sil
7.388326644897461,-11,2,0,16,6,2,5,-7,-14,-13,-7,-21,-14,-11,sil
7.388326644897461,-14,-4,-2,5,10,7,4,-7,-10,-6,-13,-18,-12,-16,sil
7.403650283813477,-16,0,0,13,0,11,6,-10,-17,-7,-21,-19,-28,-19,sil
7.403650283813477,-11,-6,0,12,-12,13,11,-10,-14,-7,-29,-25,-29,-13,sil
7.41916823387146,-7,-16,-14,-8,-11,5,16,0,9,5,-27,-23,-3,1,sil
7.41916823387146,-10,-22,-21,-27,-11,-10,10,9,18,10,-27,-9,7,4,sil
7.434317111968994,-6,-24,-16,-28,-13,-14,0,5,13,6,-16,2,8,3,sil
7.434317111968994,5,-13,-12,-18,-13,-11,-4,0,17,-1,3,6,12,3,sil
7.450342655181885,14,1,-1,-10,-3,-9,-8,0,17,-8,10,14,11,-2,sil
7.450342655181885,22,7,9,-5,11,-7,-10,2,4,-6,15,28,14,-2,sil
7.465634822845459,24,10,17,0,18,-6,-16,1,-10,-13,25,24,13,0,sil
7.465634822845459,8,8,10,0,4,-9,-26,-6,-28,-26,17,2,-3,-11,sil
7.481701850891113,-11,0,2,-2,-12,-13,-30,-13,-37,-22,0,-8,-19,-20,sil
7.481701850891113,-13,3,15,-1,-7,-1,-24,-2,-24,-9,0,-1,-16,-7,sil
7.49683666229248,-4,12,19,22,17,25,2,12,3,7,9,-1,-1,5,sil
7.49683666229248,-7,12,5,40,27,38,28,11,12,25,1,-9,5,7,sil
7.512367963790893,-10,4,0,26,15,25,30,7,10,33,-6,-9,6,9,sil
7.512367963790893,-1,1,3,9,13,16,31,16,22,38,1,-3,16,18,sil
7.528392791748047,5,10,9,14,17,18,40,21,36,45,14,5,25,24,sil
7.528392791748047,5,10,6,14,6,11,31,10,35,38,9,7,20,20,sil
7.543530225753784,3,-11,-2,-7,-10,-4,3,-1,21,13,0,1,6,11,sil
7.543530225753784,0,-20,-15,-23,-14,-15,-6,-3,6,-6,0,1,3,0,sil
7.559098482131958,2,-2,-19,-17,-16,-23,-7,-4,-2,-20,2,7,4,-8,sil
7.559098482131958,7,1,-10,-16,-21,-28,-16,-8,-8,-32,0,9,-4,-9,sil
7.5758936405181885,10,-4,-7,-19,-17,-21,-17,-15,-13,-28,9,8,-8,-8,sil
7.5758936405181885,9,10,5,-2,0,-5,-10,-18,-23,-24,14,7,-8,-15,sil
7.589935779571533,-5,18,13,14,2,6,-13,-12,-34,-32,-14,-8,-26,-20,sil
7.589935779571533,-26,0,-7,8,-3,8,-11,-10,-29,-22,-39,-30,-41,-20,sil
7.605685472488403,-22,-14,-9,2,-2,5,-1,-6,-9,-1,-25,-23,-23,-12,sil
7.622716665267944,-2,-12,0,3,3,8,7,10,12,8,-6,-1,0,12,sil
7.622716665267944,0,-15,-8,-8,0,11,9,17,22,16,-10,2,2,26,sil
7.622716665267944,-8,-19,-14,-21,-10,1,2,4,18,14,-18,-4,-2,4,sil
7.637447118759155,-3,-17,-8,-17,-13,-9,-6,-5,10,0,-12,-2,0,-6,sil
7.653569221496582,13,-1,5,-4,-4,-10,-17,-2,0,-6,3,12,9,5,sil
7.653569221496582,14,8,6,1,2,-18,-24,0,-9,0,18,15,14,2,sil
7.668785810470581,0,0,-8,-8,0,-27,-28,-3,-19,-13,15,3,6,-12,sil
7.668785810470581,8,14,5,-1,6,-6,-11,-1,-18,-16,13,8,7,-6,sil
7.684419631958008,27,38,29,30,23,15,16,5,-1,6,24,13,17,7,sil
7.684419631958008,11,20,20,29,24,10,18,4,0,17,21,0,2,4,sil
7.699451208114624,-8,-2,-1,4,8,3,9,0,-8,10,3,-9,-10,0,sil
7.699451208114624,-8,1,2,3,1,8,16,-1,-7,6,-9,-15,-3,0,sil
7.714609384536743,-12,0,5,9,6,21,26,1,-2,9,-15,-24,-9,-8,sil
7.714609384536743,-27,-18,-12,-1,2,29,24,7,6,19,-18,-24,-18,-14,sil
7.730331420898437,-30,-28,-20,-19,-11,7,9,11,16,17,-18,-14,0,-1,sil
7.730331420898437,-8,-16,-11,-18,-12,-18,-4,6,18,6,-5,-1,21,11,sil
7.746380805969238,15,-1,0,-2,-3,-14,-5,0,22,7,13,21,25,14,sil
7.746380805969238,15,-2,1,-10,-9,-6,-8,-3,17,4,14,32,18,10,sil
7.761505603790283,8,-3,-7,-25,-13,-10,-12,-5,3,-14,12,23,12,8,sil
7.761505603790283,22,20,10,-2,4,-6,-8,-8,-3,-23,23,28,13,10,sil
7.777337789535522,31,38,35,27,14,-1,-5,-3,0,-10,28,35,10,7,sil
7.777337789535522,20,27,25,21,7,-1,-5,2,-5,-1,19,17,0,1,sil
7.792499303817749,11,21,18,14,10,11,0,7,-4,0,7,2,-7,5,sil
7.792887449264526,5,17,20,26,13,23,8,1,0,1,-9,-9,-13,3,sil
7.808512926101685,-12,-7,3,21,2,14,4,-5,-9,-5,-31,-33,-31,-14,sil
7.808512926101685,-31,-26,-18,1,-1,8,14,-2,-9,-2,-29,-38,-27,-19,sil
7.8246026039123535,-29,-22,-29,-9,0,4,26,2,11,17,-12,-27,-4,-6,sil
7.8246026039123535,-23,-26,-28,-15,-11,-7,13,1,14,12,-17,-26,-4,-8,sil
7.839990139007568,-25,-34,-36,-21,-21,-9,0,0,8,-4,-30,-31,-13,-16,sil
7.839990139007568,-18,-20,-31,-24,-11,-1,-5,0,7,-6,-18,-15,-5,-8,sil
7.855969905853271,-6,-3,-15,-20,-4,-6,-18,-2,0,-9,-6,0,0,-4,sil
7.855969905853271,1,-4,-10,-17,-16,-13,-26,-6,-17,-16,-8,1,0,-9,sil
7.873617649078369,16,0,0,-12,-17,-17,-26,-4,-25,-18,7,17,6,-1,sil
7.873617649078369,28,16,16,3,0,-21,-25,0,-13,-12,32,32,13,13,sil
7.886756658554077,22,26,22,16,11,-15,-17,0,-2,-1,39,33,13,15,sil
7.886756658554077,23,24,33,21,14,-2,-9,1,-3,8,40,37,20,13,sil
7.902572870254517,28,27,41,35,17,2,0,-5,-7,7,35,35,23,15,sil
7.902940988540649,7,21,28,32,13,6,9,-5,-9,2,4,6,4,6,sil
7.917592525482178,-14,-3,-1,6,2,12,19,2,-6,9,-21,-16,-9,-3,sil
7.917592525482178,-11,-19,-13,-6,0,17,20,2,-8,9,-24,-19,-12,-5,sil
7.933420658111572,-11,-14,-11,-7,2,21,25,2,-4,0,-26,-23,-15,-9,sil
7.933420658111572,-20,-14,-15,-11,-2,12,22,10,12,3,-25,-22,-10,-7,sil
7.948581457138061,-11,-19,-14,-16,-11,-4,0,9,17,11,-12,-7,-6,7,sil
7.948581457138061,-5,-19,-18,-16,-10,-7,-10,-3,8,5,-6,-11,-12,9,sil
7.963925123214722,-10,-10,-20,-21,-6,-7,-8,-3,13,-1,-2,-13,-2,1,please
7.963925123214722,3,10,0,-17,0,-9,-9,8,14,0,18,9,19,2,please
7.979519605636597,17,25,12,-2,12,-7,-5,4,-4,-3,29,15,13,-2,please
7.979519605636597,5,23,17,15,18,0,0,-12,-24,-16,6,6,-12,-12,please
7.9953932762146,-1,13,19,26,13,12,7,-6,-11,-10,-8,3,-10,-4,please
7.9953932762146,1,-2,5,11,0,18,18,10,18,10,0,-2,7,6,please
8.01040768623352,-2,-17,-12,-12,-12,9,15,9,29,13,-3,-13,4,6,please
8.01040768623352,-6,-19,-20,-17,-9,-2,3,-1,21,5,-18,-14,0,4,please
8.025589227676392,0,-13,-14,-22,-4,-9,-5,-3,12,0,-13,0,10,3,please
8.025589227676392,8,-3,-7,-21,-6,-8,-11,-2,3,-1,5,14,13,-5,please
8.047577619552612,9,10,6,0,-1,-4,-16,-2,-6,-3,20,18,2,-13,please
8.048577547073364,6,20,28,22,5,-8,-14,1,-11,-2,25,15,-1,-11,please
8.048577547073364,9,23,23,39,10,-3,-2,1,-2,4,19,3,6,-2,please
8.057404518127441,8,18,3,40,9,17,6,-4,0,8,0,-6,5,3,please
8.072513818740845,-6,0,-6,13,-6,16,6,-2,-5,9,-13,-5,-3,0,please
8.072513818740845,-16,-13,-7,-1,-15,-5,2,-1,-6,7,-10,-5,-6,-4,please
8.088605403900146,-9,0,1,10,2,0,1,-6,-6,0,-6,-8,-4,0,please
8.088605403900146,-7,0,1,16,7,17,8,-1,-6,2,-13,-11,-6,5,please
8.104331970214844,-9,-18,-2,-1,-10,6,8,6,-6,5,-10,-3,-6,5,please
8.104331970214844,4,-18,-4,-15,-9,-17,2,6,0,-4,6,10,7,14,please
8.11977767944336,9,-6,-7,-20,0,-23,-7,0,5,-12,8,14,14,19,please
8.11977767944336,-5,-6,-8,-25,-12,-18,-19,-1,-2,-19,4,11,3,5,please
8.134908199310303,0,0,-10,-26,-10,-16,-20,0,-10,-22,20,13,2,-2,please
8.134908199310303,16,5,0,-26,12,-11,-14,-1,-8,-19,25,16,6,-1,please
8.15068006515503,3,3,14,-16,19,0,-12,-2,-10,-19,1,7,-6,-16,please
8.15068006515503,-10,10,5,7,4,4,-13,-7,-29,-17,-15,-3,-22,-26,please
8.166769742965698,-2,14,1,18,-2,5,-8,-11,-35,-12,-16,-10,-25,-11,please
8.166769742965698,0,1,4,16,0,8,7,-4,-11,-3,-17,-16,-15,0,please
8.18236494064331,-9,-4,0,11,0,9,17,3,7,4,-23,-19,-13,-3,please
8.18236494064331,-13,-7,-5,1,2,14,19,4,13,18,-23,-21,-12,0,please
8.197818517684937,0,-7,1,4,4,19,25,11,32,35,-3,-13,10,13,please
8.197818517684937,11,3,6,18,2,18,29,22,45,37,5,0,22,17,please
8.213375568389893,1,0,-9,8,0,18,30,12,33,31,-5,-5,2,9,please
8.229388952255249,-2,-17,-17,-19,0,6,18,-1,20,33,-5,-16,0,3,please
8.229388952255249,8,-8,-2,-18,0,-8,0,2,19,22,9,1,16,2,please
8.244029760360718,13,12,0,2,0,-13,-9,5,14,-7,12,18,15,4,please
8.244029760360718,7,9,-5,-5,-4,-16,-15,-1,0,-21,8,12,7,3,please
8.260128259658813,3,5,-1,-15,-8,-20,-21,-5,-5,-7,15,6,12,-4,please
8.260128259658813,3,15,8,0,0,-14,-22,-9,-11,-18,19,13,6,-11,please
8.260128259658813,9,13,17,10,11,-10,-22,-10,-22,-37,13,20,0,-8,please
8.276677370071411,5,0,7,3,7,-10,-20,-6,-30,-24,8,13,0,-8,please
8.276677370071411,-11,0,0,0,0,0,-11,-6,-28,-6,7,4,-7,-9,please
8.290778398513794,-18,2,4,5,-2,7,-4,-6,-15,1,7,-1,-11,0,please
8.306424379348755,-15,-4,6,9,-4,0,-5,-3,-10,9,-4,-10,-10,0,please
8.306424379348755,-16,-9,-1,13,-6,6,5,0,-13,5,-25,-19,-18,-8,please
8.321449756622314,-18,-12,-11,11,-3,27,32,4,5,1,-26,-19,-11,0,please
8.321449756622314,-13,-19,-11,-7,0,26,36,11,33,20,-10,-7,9,12,please
8.336950778961182,0,-15,-4,-16,-3,1,15,8,32,35,0,3,18,11,please
8.336950778961182,10,-4,1,-4,-2,-10,-1,0,14,10,7,12,15,10,please
8.3522207736969,13,2,1,0,10,-5,-4,0,7,-18,8,12,7,8,please
8.3522207736969,13,7,-2,-5,10,-4,-3,2,3,-14,11,9,4,0,please
8.36789608001709,14,6,0,-20,-5,-13,-9,0,-11,-16,17,10,2,-4,please
8.36789608001709,8,3,4,-20,-6,-13,-14,-7,-27,-36,2,-3,-12,-16,please
8.383388042449951,-1,13,6,15,8,0,-11,-14,-30,-28,-29,-24,-27,-24,please
8.383388042449951,3,25,23,45,12,10,0,-6,-22,6,-23,-8,-10,-2,please
8.399001598358154,15,18,25,40,6,17,18,4,-4,24,10,11,13,23,please
8.399001598358154,4,-3,8,18,0,25,23,6,5,14,4,-4,2,17,please
8.41464877128601,-16,-17,-12,0,-9,19,13,7,8,8,-21,-22,-18,-1,please
8.41464877128601,-13,-14,-26,-11,-10,-4,8,14,19,9,-16,-10,-8,0,please
8.430780172348022,0,-9,-16,-16,-5,-17,0,13,29,6,1,7,12,11,please
8.430780172348022,1,-10,-10,-17,-6,-23,-20,0,19,6,5,4,16,9,please
8.446330308914185,0,-11,-17,-25,-10,-37,-39,-8,3,4,0,3,7,0,please
8.446330308914185,4,-6,-13,-29,-10,-29,-31,0,11,5,11,21,13,3,please
8.461451768875122,10,9,0,-9,-2,-3,-5,3,21,13,36,26,27,9,please
8.461451768875122,1,17,5,3,6,2,-4,-9,-8,0,27,6,7,-7,please
8.477571964263916,-12,5,-3,-3,4,2,-13,-23,-43,-29,-6,-14,-24,-30,please
8.477571964263916,-8,7,1,-6,4,13,1,-18,-37,-34,-9,-7,-24,-27,please
8.492797374725342,1,19,15,2,9,15,21,-1,-22,-16,7,6,-6,-8,sil
8.492797374725342,-2,12,13,8,7,9,19,5,-20,-13,-2,-1,-6,-2,sil
8.507993459701538,-9,1,15,14,7,11,11,3,-18,-9,-19,-12,-17,-5,sil
8.507993459701538,-4,0,14,18,9,14,16,7,0,21,-9,-8,-9,4,sil
8.52397608757019,0,-13,3,6,4,11,18,15,24,37,-3,-7,3,15,sil
8.52397608757019,-3,-24,-3,1,-3,12,13,14,29,12,-12,-12,0,9,sil
8.53868293762207,-6,-26,-12,0,-3,12,11,5,24,1,-10,-12,-6,0,sil
8.53868293762207,-2,-20,-14,-7,2,2,6,3,26,20,0,-8,4,5,sil
8.554351568222046,5,-10,-5,0,2,-10,-3,3,30,19,2,0,21,8,sil
8.554351568222046,12,2,2,5,-7,-19,-13,-5,8,-9,5,13,15,0,sil
8.570849895477295,13,16,5,-4,-12,-22,-18,-12,-14,-24,14,19,4,-9,sil
8.570849895477295,8,22,3,-2,-2,-18,-22,-13,-19,-18,15,9,1,-11,sil
8.585381507873535,0,17,6,11,9,0,-18,-10,-24,-16,4,0,-8,-8,sil
8.585381507873535,-1,16,11,19,11,19,3,0,-14,-4,0,2,-7,5,sil
8.60055685043335,4,13,6,13,3,20,15,9,12,20,0,8,12,25,sil
8.60055685043335,3,0,0,0,-2,7,9,10,21,25,-9,8,16,24,sil
8.616405963897705,-2,-12,-12,-11,-5,-3,7,7,13,10,-11,-2,7,9,sil
8.616405963897705,-5,-19,-18,-21,-7,-7,-1,1,4,-4,-7,-3,3,0,sil
8.631753921508789,-3,-15,-14,-25,-7,-10,-18,-6,-11,-14,-6,-1,-3,-9,sil
8.631753921508789,2,-3,-7,-17,-5,-17,-20,-12,-27,-19,0,0,-7,-14,sil
8.647659540176392,7,6,4,-2,-3,-18,-8,-7,-17,-13,13,7,3,-11,sil
8.647659540176392,2,13,11,9,0,-6,0,0,-4,0,18,7,2,-7,sil
8.663390159606934,-7,10,5,5,1,3,-2,0,-16,-2,2,-12,-20,-10,sil
8.663390159606934,-15,-4,-2,0,-1,16,5,-1,-18,-6,-16,-24,-27,-15,sil
8.67875337600708,-11,-7,1,17,3,30,26,1,9,10,-15,-12,-10,-4,sil
8.67875337600708,-2,0,5,23,7,22,23,8,26,20,-2,0,3,15,sil
8.693915843963623,0,-4,-6,-1,-5,-10,0,5,23,6,0,3,9,19,sil
8.709845304489136,4,-4,-3,-17,-11,-29,-15,-1,14,-8,5,9,11,10,sil
8.709845304489136,15,7,10,-2,1,-19,-9,-3,3,-7,21,13,12,3,sil
8.725386619567871,14,14,12,11,9,-9,-3,-4,-5,-3,28,9,6,-2,sil
8.725386619567871,3,12,16,18,7,0,-3,0,-9,-1,16,11,-4,-2,sil
8.725386619567871,-5,1,7,19,6,20,7,4,-10,1,-3,-1,-16,-1,sil
8.740840911865234,-17,-17,-15,0,0,27,19,0,-11,1,-26,-27,-24,-9,sil
8.756160736083984,-16,-27,-20,-19,-7,11,15,0,-2,11,-24,-23,-12,-5,sil
8.756160736083984,0,-18,-12,-18,-3,-6,0,8,11,18,-2,1,13,11,sil
8.77267837524414,5,-7,-7,-20,-8,-16,-19,3,5,2,0,13,17,5,sil
8.77267837524414,8,3,-2,-18,-8,-14,-28,-3,-2,-7,3,12,10,-3,sil
8.77267837524414,20,16,10,-4,9,-3,-17,-2,0,-4,18,19,14,3,sil
8.787921667098999,10,21,15,1,13,4,-7,-5,-3,-10,12,12,10,0,sil
8.802910566329956,-4,19,8,10,8,8,0,-11,-13,-9,-5,-5,-5,-8,sil
8.802910566329956,0,18,16,29,22,18,17,-2,-10,-5,-11,-11,-14,-3,sil
8.81846284866333,-4,3,3,16,16,23,30,5,0,-6,-22,-19,-14,-3,sil
8.81846284866333,-27,-25,-30,-20,-8,9,23,4,5,0,-39,-35,-16,-12,sil
8.833924770355225,-26,-30,-28,-25,-16,-3,14,4,12,10,-31,-26,-7,-5,sil
8.833924770355225,0,-12,-6,-7,-18,-15,1,4,23,14,-4,2,15,10,sil
8.849590301513672,14,0,1,-11,-20,-24,-19,5,26,4,10,21,24,11,sil
8.849590301513672,7,0,-3,-15,-7,-16,-21,3,15,-5,6,14,7,-1,sil
8.865127325057983,0,5,-4,-3,1,-4,-5,-2,0,-10,9,5,2,-11,sil
8.865127325057983,10,19,14,6,8,2,3,0,-2,0,35,19,20,0,sil
8.880746603012085,18,28,25,17,18,12,3,4,0,16,40,17,16,12,sil
8.880746603012085,0,11,10,23,9,13,-1,-6,-16,10,6,-8,-17,0,sil
8.89636516571045,-14,-14,-5,23,0,5,1,-10,-25,-2,-10,-20,-29,-13,sil
8.89636516571045,-16,-22,-7,14,1,0,8,-1,-13,0,-8,-13,-17,-4,sil
8.912397623062134,-17,-17,-7,-6,-7,-4,0,0,-7,5,-15,-12,-12,6,sil
8.912397623062134,-6,-12,-15,-17,-14,-6,-13,0,-5,0,-13,-9,0,10,sil
8.928390741348267,3,-8,-8,-10,-4,-8,-18,4,0,-3,0,7,12,14,sil
8.928390741348267,15,8,6,0,0,-8,-12,4,7,3,16,28,16,19,sil
8.943506717681885,31,25,22,12,-1,-6,-11,-3,2,0,30,37,16,13,sil
8.943506717681885,22,19,26,16,-4,-10,-18,-11,-18,-25,32,26,4,-8,sil
8.959129095077515,0,8,10,11,-2,-11,-4,-14,-25,-35,20,9,-15,-21,sil
8.959129095077515,-1,13,11,20,5,4,16,-8,-10,-20,-2,5,-21,-14,sil
8.974238157272339,0,1,19,31,7,17,20,0,-1,-12,-19,0,-14,-8,sil
8.974238157272339,-9,-17,7,16,3,17,20,6,8,1,-9,-3,-10,0,sil
8.989778995513916,-7,-16,-3,-5,1,20,25,12,27,30,0,1,-3,11,sil
8.989778995513916,-4,-19,-15,-13,-12,14,17,11,28,32,-20,-2,7,14,sil
9.004971742630005,0,-15,-11,-18,-19,-5,0,6,18,9,-16,-1,19,11,sil
9.004971742630005,24,20,7,-4,0,-15,0,8,26,11,27,22,32,18,sil
9.021491765975952,31,39,10,7,15,-16,-2,8,20,10,40,24,34,10,sil
9.021491765975952,1,12,-6,-12,7,-13,-22,-1,-16,-16,4,-10,12,-12,sil
9.036648273468018,-18,0,-22,-26,7,-4,-21,-13,-33,-24,-22,-40,-13,-25,sil
9.036648273468018,-21,0,-26,-16,17,3,0,-13,-18,-6,-30,-48,-22,-26,sil
9.052708864212036,-33,-19,-35,-30,11,14,6,-2,-8,4,-48,-59,-22,-23,sil
9.052708864212036,-43,-31,-45,-53,0,18,10,6,-5,8,-58,-64,-28,-12,sil
9.06757664680481,-24,-19,-31,-43,-1,11,16,8,6,12,-45,-39,-25,-3,sil
9.06757664680481,-2,-15,-18,-28,-6,0,9,6,21,13,-28,-14,0,0,sil
9.083615064620972,3,-14,-12,-25,-10,-11,-14,0,14,0,-6,1,18,6,sil
9.083615064620972,3,9,8,6,0,-9,-27,-8,-4,-8,18,16,9,1,sil
9.099468231201172,3,24,25,41,6,5,-10,-5,-10,0,17,13,-7,-5,sil
9.099468231201172,0,5,24,28,-2,12,3,4,-5,4,2,4,-14,2,sil
9.114736080169678,0,-12,13,11,-14,4,6,8,0,7,14,16,0,17,sil
9.114736080169678,11,-5,18,14,-15,-1,4,4,3,12,33,37,13,19,sil
9.130227327346802,29,10,34,19,-6,-6,-3,0,5,0,43,47,17,12,sil
9.130227327346802,32,21,38,36,6,-14,-8,-4,-1,-16,51,46,12,3,sil
9.146014213562012,11,18,40,46,4,-8,0,-8,-20,-15,34,33,0,0,sil
9.146014213562012,0,0,21,29,-8,4,12,-5,-15,-2,6,22,-7,1,sil
9.161768674850464,20,-7,3,13,-6,0,7,0,7,0,12,31,9,12,sil
9.161768674850464,30,9,7,14,3,-16,-12,-2,0,-11,30,39,26,14,sil
9.176673889160156,8,17,8,13,2,-15,-16,-13,-25,-18,17,16,12,-2,sil
9.176673889160156,-10,5,0,8,6,4,3,-9,-14,-12,-9,-11,-6,-13,sil
9.192867517471312,-15,-2,-11,3,13,19,26,1,9,-1,-21,-26,-8,-2,sil
9.192867517471312,-18,-11,-28,-9,2,8,17,3,9,6,-23,-31,-9,1,sil
9.20895218849182,-15,-18,-31,-24,-5,-3,-4,2,11,9,-28,-23,-9,-3,sil
9.20895218849182,-6,-13,-25,-27,-4,0,-1,5,24,0,-26,-14,1,-2,sil
9.22405767440796,0,0,-16,-27,-1,4,4,10,19,-1,-2,-6,9,0,sil
9.22405767440796,7,12,-7,-16,3,-6,-2,10,6,6,18,0,5,-1,sil
9.239770412445068,3,19,1,-2,7,-14,-13,1,-1,-3,4,-8,-6,-7,sil
9.239770412445068,-13,15,4,1,9,-1,-13,-2,-12,-17,-18,-22,-18,-18,sil
9.255403995513916,-15,5,1,6,13,15,0,1,-15,1,-20,-27,-16,-15,sil
9.255403995513916,-5,-5,0,6,5,19,7,4,-7,21,-19,-22,-9,1,sil
9.271446228027344,-4,-18,-3,-8,-7,12,9,1,9,18,-19,-16,0,13,sil
9.271446228027344,-13,-24,-17,-23,-6,3,8,-6,12,12,-18,-16,0,5,sil
9.286585807800291,-20,-23,-25,-28,-6,0,0,-10,-3,9,-22,-21,-12,-9,sil
9.286585807800291,-6,-12,-17,-22,-13,-3,-7,0,0,6,-12,-11,-7,-1,sil
9.301748275756836,18,-1,2,-9,-5,-11,-6,12,26,8,11,13,19,17,sil
9.301748275756836,16,-2,6,-12,-1,-16,-10,7,19,8,25,19,26,11,sil
9.317776679992676,-2,0,-4,-21,-10,-23,-22,-8,-18,-1,22,10,9,-8,sil
9.317776679992676,2,20,15,4,0,-19,-19,-14,-36,-19,18,19,2,-11,sil
9.333644151687622,16,31,41,36,16,7,2,-6,-17,-15,27,26,7,0,sil
9.333644151687622,6,19,31,30,13,22,13,-1,-2,0,23,16,2,2,sil
9.348811149597168,-6,3,14,25,4,16,15,0,-7,-3,-3,3,-10,-8,sil
9.348811149597168,-5,-5,8,30,6,15,20,9,-1,-6,-21,-4,-16,-10,sil
9.364366292953491,0,-11,0,10,0,16,17,12,9,5,-18,-1,-11,4,sil
9.364366292953491,0,-16,-19,-6,-12,5,14,1,3,10,-14,0,-1,15,sil
9.379843711853027,2,-17,-18,-2,-10,0,10,-2,0,7,-2,4,9,19,sil
9.379843711853027,8,-3,2,1,0,0,6,1,14,13,15,16,19,23,sil
9.39507818222046,17,6,5,-1,-5,-6,6,0,21,12,18,18,22,17,sil
9.39607858657837,14,0,-3,-15,-16,-17,-5,-2,10,-8,12,8,8,-1,sil
9.411690950393677,6,-3,-7,-23,-9,-21,-18,-1,0,-26,10,5,-2,-11,sil
9.411690950393677,5,7,4,-5,2,-18,-18,-6,-9,-31,9,7,-3,-6,sil
9.427761554718018,6,17,12,14,6,-8,-11,-4,-12,-23,7,0,-3,-5,sil
9.427761554718018,2,17,2,12,14,0,-2,0,-14,-10,5,-3,-8,-9,sil
9.44249939918518,-7,8,-3,-4,10,-1,-10,-5,-21,-13,0,-6,-16,-15,sil
9.44249939918518,-29,-7,-10,-9,-3,-8,-20,-9,-22,-19,-12,-21,-20,-20,sil
9.458046913146973,-33,-7,-7,6,1,5,-7,-1,-13,-4,-16,-26,-16,-23,sil
9.458046913146973,-8,9,8,25,18,29,7,6,1,13,-12,-11,-11,-10,sil
9.473795890808104,0,8,2,17,10,24,6,10,17,18,-18,-10,-8,6,sil
9.489680290222168,-16,-3,-6,0,0,6,8,10,13,19,-22,-15,-8,7,sil
9.489680290222168,-12,-4,-4,0,2,5,20,5,10,26,-7,-7,0,1,sil
9.50516152381897,2,-11,-10,-8,-1,2,13,4,24,28,-3,-3,9,3,sil
9.50516152381897,5,-20,-11,-19,-11,-6,-1,6,27,19,-9,0,12,14,sil
9.50516152381897,6,-13,-4,-8,-14,-6,0,3,14,14,0,8,16,18,sil
9.520713329315186,9,-7,-2,-8,-15,-5,0,-2,4,12,11,16,22,13,sil
9.536007404327393,8,-4,-11,-19,-10,-8,-7,-6,-1,6,14,17,19,6,sil
9.536007404327393,10,7,-5,-9,3,-6,-13,-6,-5,-11,18,14,14,1,sil
9.551599264144896,13,10,14,2,8,0,-8,-2,-6,-23,15,7,8,-3,sil
9.551599264144896,11,9,18,9,5,4,3,-4,-12,-17,11,-3,0,-5,sil
9.566898107528688,3,18,14,9,9,0,0,-8,-20,-11,12,-6,-3,-8,sil
9.566898107528688,-6,13,11,1,4,-10,-11,-5,-21,-13,2,-7,-8,-20,sil
9.582601308822632,-14,-4,5,1,-3,0,-1,-3,-15,-12,-15,-19,-26,-20,sil
9.582601308822632,-12,-12,3,10,0,21,21,0,-4,-1,-25,-23,-25,-3,sil
9.597927808761597,-6,-13,-7,2,-1,16,23,10,14,10,-20,-10,0,6,sil
9.597927808761597,0,-15,-13,-17,-6,1,10,16,25,7,-6,1,10,10,sil
9.61398696899414,6,-4,-6,-12,-2,0,14,12,27,0,7,8,10,19,sil
9.61398696899414,17,5,0,4,0,-9,5,1,25,1,15,23,16,23,sil
9.629836797714232,18,6,12,5,-7,-25,-27,-8,5,-2,15,37,14,19,sil
9.629836797714232,12,8,16,0,-6,-20,-36,-14,-20,-5,16,31,7,11,sil
9.645376920700071,6,13,10,1,5,-11,-23,-7,-21,1,21,16,4,0,sil
9.645376920700071,5,11,7,10,7,-11,-16,3,-4,7,24,14,0,-6,sil
9.66159701347351,6,10,10,19,4,-6,-8,0,-9,3,19,17,-5,0,sil
9.66159701347351,0,12,5,11,12,8,8,-8,-29,-8,3,4,-18,-4,sil
9.676815748214722,-17,0,-13,0,16,26,22,-6,-22,-13,-22,-29,-32,-22,sil
9.676815748214722,-30,-14,-19,0,9,32,25,0,-2,3,-35,-41,-26,-22,sil
9.692431211471558,-27,-19,-14,0,2,22,20,0,2,15,-26,-30,-14,-13,sil
9.692431211471558,-26,-20,-20,-9,-7,7,9,0,5,0,-27,-33,-16,-16,sil
9.707574367523192,-23,-24,-18,-17,-11,5,8,8,17,0,-36,-34,-13,-11,sil
9.707574367523192,-9,-20,-17,-18,-8,12,15,14,23,15,-30,-25,0,0,sil
9.722721338272097,-2,-14,-21,-24,-10,4,-1,4,6,-5,-21,-18,-1,-7,sil
9.722721338272097,2,-5,-13,-21,-12,-16,-25,-3,-8,-30,-11,-1,-1,-10,sil
9.738715648651125,15,4,-1,-8,-9,-28,-23,0,-1,-11,10,22,24,7,sil
9.738715648651125,22,13,13,0,-9,-22,-16,4,6,0,27,32,40,20,sil
9.753599166870115,28,16,21,11,-1,-10,-14,4,4,-7,30,33,31,16,sil
9.753599166870115,32,16,19,16,7,-12,-10,0,1,-1,30,30,22,11,sil
9.768730878829956,19,25,21,14,9,-9,1,0,9,2,33,23,16,8,sil
9.768730878829956,6,34,26,30,19,7,23,2,23,11,37,20,12,13,sil
9.7844135761261,6,28,28,42,22,9,18,2,12,25,28,16,9,17,sil
9.7844135761261,0,19,18,28,9,-4,-9,-6,-15,14,12,3,-4,-1,sil
9.800435781478882,-8,12,9,14,4,3,-14,-10,-20,0,0,-6,-17,-16,sil
9.800435781478882,-5,-3,0,8,4,22,2,-3,-9,7,-1,-9,-9,0,sil
9.815332412719728,-4,-21,-9,-4,-5,16,12,0,-4,18,-6,-16,0,15,sil
9.815332412719728,-13,-26,-10,-21,-11,9,13,0,0,8,-18,-18,-7,8,sil
9.831430912017822,-23,-28,-22,-26,-12,3,6,0,3,-3,-32,-24,-25,-8,sil
9.831430912017822,-24,-30,-36,-31,-21,-15,-10,-8,-10,-15,-40,-33,-30,-23,sil
9.847202777862549,-14,-22,-24,-32,-21,-13,-6,-11,-19,-13,-34,-19,-14,-14,sil
9.847202777862549,2,-17,-10,-23,-9,9,9,1,0,4,-15,2,3,7,sil
9.862519264221191,8,-18,-8,-22,0,1,-1,10,15,3,-4,8,0,7,sil
9.862875938415527,1,-8,-6,-17,0,-13,-10,2,4,-17,-6,0,-5,-4,sil
9.878406524658203,6,7,3,-1,4,-5,1,-2,1,-16,4,7,7,-1,sil
9.878406524658203,17,9,12,0,8,-3,3,4,15,-7,19,20,8,0,sil
9.893502950668337,12,4,0,-3,12,-16,-8,5,7,-9,18,18,0,-3,sil
9.893502950668337,6,16,3,8,7,-20,-15,0,-10,-9,20,16,4,-3,sil
9.909590244293211,8,28,20,24,0,-6,-7,0,-8,3,21,12,12,-2,sil
9.909590244293211,0,18,12,29,4,8,2,-1,-4,3,10,-1,7,0,sil
9.924791812896729,-4,9,5,23,15,14,2,0,-10,0,4,-1,1,0,sil
9.924791812896729,2,14,10,17,14,8,1,0,-9,4,8,2,0,-3,sil
9.940823793411257,-2,17,8,12,10,12,2,-1,-3,1,1,-8,-9,-6,sil
9.940823793411257,-14,9,0,10,11,27,5,-3,1,3,-7,-16,-10,0,sil
9.95638132095337,-16,-7,-8,3,0,21,7,-7,-1,15,-12,-17,-6,0,sil
9.95638132095337,-16,-19,-11,-1,-14,5,5,-4,-17,7,-21,-23,-13,-12,sil
9.971918106079102,-18,-17,-14,-4,-9,7,11,4,-9,2,-26,-26,-13,-15,sil
9.971918106079102,-13,-16,-12,-10,-6,10,17,4,16,17,-20,-17,0,0,sil
9.98759913444519,0,-16,-6,-12,-13,-1,15,10,28,21,-10,-1,13,10,please
9.98759913444519,12,-5,-2,-6,-8,-14,7,19,26,11,3,13,25,14,please
10.00334644317627,18,0,4,-10,-1,-18,-5,9,24,-3,17,22,26,16,please
10.00334644317627,21,-5,2,-15,-10,-16,-20,-3,21,-4,16,23,21,15,please
10.018911123275757,20,-2,0,-7,-15,-19,-22,-1,15,0,15,29,17,12,please
10.018911123275757,18,9,11,5,-6,-16,-6,0,8,-8,28,34,17,11,please
10.0340735912323,24,20,24,13,7,-1,8,-2,0,-15,39,33,14,11,please
10.0340735912323,21,24,29,18,13,1,0,-7,-15,-12,29,29,0,5,please
10.055671691894531,3,17,24,22,7,-10,-12,-12,-32,-14,13,16,-12,-4,please
10.055671691894531,-5,7,15,22,4,-6,-9,-12,-30,-19,5,1,-19,-8,please
10.065807819366457,-5,6,9,20,11,8,-7,-15,-24,-15,-5,-6,-22,-5,please
10.065807819366457,-9,2,-4,13,10,9,-13,-17,-32,-18,-23,-20,-24,-11,please
10.08032250404358,-17,-8,-15,-6,0,12,-6,-3,-28,-17,-38,-32,-26,-20,please
10.08032250404358,-19,-16,-17,-19,0,22,16,8,1,10,-32,-26,-18,-7,please
10.096377611160278,-14,-18,-18,-17,0,11,20,8,21,29,-21,-22,-5,8,please
10.096377611160278,-11,-21,-27,-21,-4,-1,6,11,18,22,-34,-37,-12,-4,please
10.112439632415771,-13,-22,-38,-29,-9,-5,6,10,8,15,-43,-44,-18,-15,please
10.130834817886353,-13,-22,-33,-46,-10,-14,4,10,11,16,-18,-22,2,2,please
10.130834817886353,-14,-21,-34,-58,-9,-14,-7,9,19,3,-1,-15,17,0,please
10.143378019332886,-13,-7,-34,-40,-7,-6,-21,-8,-3,-28,-14,-28,0,-30,please
10.143378019332886,-4,8,-9,-23,-3,-9,-24,-14,-24,-30,3,-11,-5,-28,please
10.158901453018188,0,12,3,-23,5,-7,-9,7,4,9,38,13,15,0,please
10.158901453018188,-1,18,9,1,16,3,0,10,19,12,29,11,15,3,please
10.158901453018188,4,28,31,44,11,9,3,-8,-7,-7,13,13,5,2,please
10.174744606018066,17,18,45,50,4,15,15,-9,-10,13,23,31,14,23,please
10.174744606018066,19,2,37,42,6,23,26,0,3,26,17,29,11,27,please
10.190331220626833,11,0,27,52,-1,12,26,3,2,8,7,18,3,13,please
10.20637345314026,10,9,32,52,-5,5,25,8,8,9,16,26,8,17,please
10.20637345314026,16,15,32,39,3,12,23,10,29,23,20,37,17,29,please
10.222429752349854,16,-3,5,19,0,1,1,3,28,11,14,35,19,21,please
10.222429752349854,12,-15,-8,0,-12,-18,-14,0,9,-10,12,30,20,1,please
10.222429752349854,15,8,0,1,-1,-17,-9,-1,2,-25,12,24,9,-7,please
10.237476110458374,4,18,1,5,4,-10,-20,-10,-9,-35,1,2,-21,-18,please
10.252639532089232,-17,0,-15,-12,-6,-11,-38,-16,-35,-31,-16,-22,-39,-36,please
10.252639532089232,-12,-6,-13,-9,-5,-1,-15,-8,-33,-10,-16,-18,-19,-22,please
10.268657445907593,7,0,9,11,10,20,21,9,3,16,2,1,8,17,please
10.268657445907593,3,-7,-3,0,10,22,25,13,23,28,0,-11,12,24,please
10.284414529800417,-14,-22,-35,-34,0,-1,0,-1,3,7,-25,-33,-1,-2,please
10.284414529800417,-13,-16,-29,-38,-3,-18,-13,-7,-10,-8,-22,-24,-4,-11,please
10.299519538879396,1,-1,-11,-25,0,-17,-13,-2,-7,-6,1,-3,3,-3,please
10.299519538879396,3,7,-4,-30,-3,-19,-22,-5,-17,-20,2,0,-5,-10,please
10.314805030822754,-6,11,-4,-24,-2,-16,-20,-11,-28,-33,-16,-20,-24,-22,please
10.314805030822754,-13,6,2,-1,1,1,0,-8,-20,-13,-26,-40,-29,-19,please
10.330710172653198,-12,-5,5,4,0,9,15,4,-2,10,-14,-28,-16,-4,please
10.330710172653198,-5,-1,0,4,-1,4,19,14,10,19,-1,-7,0,14,please
10.346773147583008,0,9,5,9,5,10,6,13,9,22,-4,-3,5,19,please
10.346773147583008,-6,-2,1,0,0,21,-6,3,10,23,-12,-9,0,5,please
10.36277961730957,-17,-22,-17,-17,-10,13,-3,-4,10,8,-20,-16,-5,0,please
10.36277961730957,-14,-23,-18,-19,-5,-1,5,-5,0,-9,-20,-9,-3,0,please
10.378638982772827,0,-16,-3,-16,-2,-7,7,-1,0,-4,4,15,10,0,please
10.378638982772827,9,-7,9,-13,-2,0,9,3,15,12,28,33,26,7,please
10.39437699317932,12,0,11,0,1,0,13,5,23,6,21,30,27,14,please
10.39437699317932,12,3,6,5,-3,-15,2,3,17,-7,14,30,19,4,please
10.409844160079956,11,1,1,0,-12,-23,-9,2,6,-3,30,33,16,0,please
10.409844160079956,13,11,4,15,2,-6,-8,0,-5,-4,39,21,10,0,please
10.425797939300535,15,33,28,44,22,10,-2,0,-15,-10,31,23,0,0,please
10.425797939300535,17,36,37,56,19,15,0,1,-2,8,27,29,2,11,please
10.441871166229248,9,16,16,46,12,12,-5,-2,10,14,13,3,-1,11,sil
10.441871166229248,-7,5,2,24,9,7,-7,-13,-4,-11,-13,-27,-25,-13,sil
10.457476377487184,-17,1,-7,10,0,10,4,-9,-13,-16,-31,-33,-31,-19,sil
10.457476377487184,-16,-9,-19,0,-3,17,21,7,4,2,-33,-27,-18,-5,sil
10.473319053649902,-10,-16,-26,-13,0,15,28,11,21,16,-21,-20,-1,0,sil
10.473319053649902,1,-16,-24,-29,-5,-5,11,0,8,11,-5,-6,11,0,sil
10.488385677337646,2,-8,-16,-35,-16,-27,-15,-10,-21,-7,-4,-1,5,-5,sil
10.488385677337646,0,1,-8,-25,-12,-29,-25,-9,-27,-20,-4,0,-4,-13,sil
10.50446391105652,10,5,12,-7,0,-13,-19,0,-10,-12,12,16,8,0,sil
10.50446391105652,18,8,27,9,8,-1,-16,0,-8,0,21,23,17,17,sil
10.520364046096802,1,5,10,16,0,-4,-11,-8,-26,-2,-2,-3,-8,0,sil
10.520364046096802,-10,-5,0,8,-8,1,3,-1,-23,-8,-29,-27,-27,-13,sil
10.53541660308838,-7,-13,-3,-3,-5,19,18,12,4,7,-26,-22,-9,0,sil
10.53541660308838,-13,-18,-16,-21,-4,11,14,7,11,19,-9,-11,1,7,sil
10.550601482391356,-18,-24,-24,-30,-8,-5,0,3,10,0,-4,-5,-1,1,sil
10.550601482391356,0,-15,-11,-18,-2,0,-4,9,20,-10,0,2,6,1,sil
10.566604137420654,9,4,7,-6,0,0,-8,4,16,-2,12,17,18,-3,sil
10.566604137420654,7,13,8,-2,-2,-15,-3,-4,1,-4,25,17,9,-12,sil
10.581758260726929,6,15,12,9,7,-7,10,0,-1,-5,18,5,-5,-1,sil
10.581758260726929,0,13,20,26,21,19,24,6,12,14,1,-1,-3,17,sil
10.597036361694336,-5,0,5,12,9,16,23,3,28,34,-1,1,10,22,sil
10.597036361694336,5,0,-1,-11,-4,-5,-2,0,21,19,10,17,18,9,sil
10.612784147262571,18,17,10,3,1,-14,-31,-9,-3,-12,18,20,7,-3,sil
10.612784147262571,11,24,22,32,16,-9,-27,-17,-18,-14,5,2,-8,0,sil
10.6277813911438,2,6,15,24,15,6,3,-6,-9,6,-7,-5,0,12,sil
10.6277813911438,0,-10,-7,1,0,20,24,6,7,15,-5,-3,11,12,sil
10.643561840057371,-12,-22,-27,-18,-14,13,10,1,5,0,-16,-13,-11,-1,sil
10.643561840057371,-19,-26,-36,-32,-20,-1,-2,-1,-10,-15,-25,-24,-20,-20,sil
10.658703804016112,-12,-10,-24,-27,-15,-13,0,7,-18,-23,-6,-9,-3,-25,sil
10.658703804016112,-5,6,-4,-17,-10,-16,-3,3,-19,-26,2,4,-11,-17,sil
10.674710750579834,-7,5,0,-7,-3,-5,-15,-7,-16,-17,-7,-5,-25,-18,sil
10.674710750579834,-3,10,7,13,11,8,-12,2,-7,-3,1,-12,-14,-15,sil
10.690785884857178,2,21,14,37,10,3,-4,11,3,2,8,-6,-5,0,sil
10.690785884857178,3,9,9,28,-4,0,-5,-3,1,5,-11,-2,-3,3,sil
10.706308603286743,5,-5,9,10,-2,16,6,-2,7,25,-12,3,8,11,sil
10.706308603286743,1,-14,-1,0,2,10,12,9,27,34,8,10,19,25,sil
10.72159218788147,-6,-25,-18,-25,-12,-21,-13,0,19,11,13,15,20,15,sil
10.72159218788147,4,-16,-8,-28,-19,-29,-20,-7,-5,-5,14,24,21,1,sil
10.736950397491457,27,10,17,2,4,-4,13,3,-6,0,23,32,21,11,sil
10.736950397491457,26,12,22,11,22,9,30,7,1,1,21,24,18,11,sil
10.752364873886108,6,-5,3,-2,8,1,11,-8,-10,-10,5,1,6,-7,sil
10.752364873886108,-7,0,0,6,2,0,0,-16,-27,-23,-15,-14,-21,-14,sil
10.767902851104736,-4,16,1,24,15,20,18,-2,-15,-5,-26,-21,-27,0,sil
10.767902851104736,0,3,-4,12,11,25,29,14,13,29,-12,-15,0,14,sil
10.783998012542725,-2,-8,-8,-4,-6,1,1,12,28,24,1,-4,11,6,sil
10.783998012542725,-10,-2,-18,-14,-17,-19,-34,-6,9,-15,-4,-14,-7,-14,sil
10.799760103225708,-10,2,-13,-21,-18,-22,-44,-15,-20,-36,-3,-17,-17,-23,sil
10.799760103225708,5,10,11,-5,0,-8,-23,-2,-19,-24,18,3,-2,-11,sil
10.81462812423706,10,21,21,23,27,9,0,1,0,-8,18,8,0,0,sil
10.81462812423706,0,21,18,32,26,19,11,-3,6,5,-2,-3,-2,1,sil
10.830069065093994,-1,10,17,25,7,22,22,4,14,27,4,-3,11,10,sil
10.830069065093994,-3,-5,7,3,-2,16,28,15,27,31,4,-5,11,16,sil
10.845719575881958,-15,-28,-22,-24,-16,-5,11,4,21,8,-28,-14,-8,2,sil
10.845719575881958,-13,-34,-31,-34,-29,-25,-10,-8,5,-8,-33,-8,-11,-3,sil
10.860878705978394,2,-21,-8,-31,-20,-20,-16,0,0,-11,-3,11,2,6,sil
10.876057147979736,6,-8,-4,-24,-4,-9,-12,6,0,-4,12,26,12,3,sil
10.876057147979736,-1,0,-3,-8,0,-11,-17,0,-7,0,11,19,1,-15,sil
10.89266061782837,-13,7,4,2,0,-9,-15,-7,-22,-7,5,-4,-17,-27,sil
10.89266061782837,-26,5,-3,2,3,8,2,-7,-29,-14,-6,-21,-19,-19,sil
10.89266061782837,-20,-2,-3,3,6,22,21,2,-23,0,-16,-9,-9,0,sil
10.906720638275146,1,-3,2,11,7,5,19,7,-5,16,-10,1,1,16,sil
10.921887874603271,12,0,0,5,5,-18,-1,2,8,7,1,6,13,20,sil
10.921887874603271,13,2,-1,-5,0,-13,-13,1,16,-1,12,11,17,11,sil
10.937086582183838,22,10,2,0,0,0,-8,1,14,-2,19,17,18,3,sil
10.937086582183838,29,28,9,14,5,-3,-2,-2,1,-12,19,16,15,2,sil
10.952446937561035,22,27,16,19,6,-4,1,-3,-2,-9,16,7,4,2,sil
10.952446937561035,17,14,19,17,6,13,9,0,2,14,11,4,0,8,sil
10.968437910079956,15,7,17,17,7,28,18,1,1,22,-1,-3,-2,10,sil
10.968437910079956,2,-6,2,15,3,22,19,-3,-5,10,-15,-25,-14,-2,sil
10.9836003780365,-19,-21,-10,-3,-4,14,13,-5,-8,3,-21,-24,-18,-11,sil
10.9836003780365,-34,-25,-27,-23,-13,12,7,-5,-6,-2,-25,-17,-19,-12,sil
10.999154567718506,-31,-31,-35,-30,-16,0,-7,-7,-2,-17,-21,-21,-23,-14,sil
10.999154567718506,-4,-24,-12,-24,-10,-13,-19,1,8,-18,11,8,2,-3,sil
11.014861583709717,21,7,15,-3,3,-16,-14,11,15,4,37,43,35,9,sil
11.014861583709717,12,27,22,14,6,-19,-20,-2,-1,8,12,23,18,-4,sil
11.03049087524414,-11,13,6,14,-2,-11,-25,-17,-23,-17,-14,-12,-14,-19,sil
11.03049087524414,-13,1,-3,8,3,6,0,-4,-11,-20,-11,-17,-18,-5,sil
11.045722246170044,-1,3,4,11,10,6,21,11,15,10,-6,-9,1,12,sil
11.045722246170044,-3,0,4,11,-7,-7,15,11,24,22,-7,-10,13,16,sil
11.060877323150637,-2,-12,0,-2,-18,-8,9,15,19,0,-9,-7,0,14,sil
11.060877323150637,14,-7,-1,-14,-2,-1,11,19,18,-2,0,6,2,17,sil
11.076500415802002,20,3,0,-16,5,-9,-3,4,8,11,18,21,27,14,sil
11.076500415802002,4,5,-2,-16,-2,-21,-23,-8,-10,5,22,16,20,-9,sil
11.092438459396362,-9,4,-5,-7,0,-10,-18,-10,-19,-12,11,0,-6,-28,sil
11.092438459396362,-11,13,0,10,17,10,-2,-12,-19,-14,11,0,-12,-20,sil
11.107861518859863,-7,25,8,28,25,22,3,-6,-14,1,11,0,-7,-8,sil
11.107861518859863,-3,14,6,29,13,22,9,3,-1,11,-7,-11,-9,-4,sil
11.123750925064089,-6,-15,-3,3,0,18,9,4,5,0,-26,-17,-17,0,sil
11.123750925064089,-12,-32,-27,-24,-6,6,7,0,5,-2,-27,-15,-19,4,sil
11.139784336090088,-11,-25,-23,-32,-12,-5,3,0,8,10,-20,-6,-7,10,sil
11.139784336090088,5,-14,2,-18,-12,-8,-1,0,6,5,-6,9,12,16,sil
11.15534210205078,29,-1,13,-2,-3,-7,-6,-2,-2,-11,16,28,22,17,sil
11.15534210205078,34,17,21,4,3,-3,-4,-5,-9,-14,29,32,16,9,sil
11.170870780944824,14,20,18,11,4,0,2,-6,-11,-7,19,11,6,-1,sil
11.170870780944824,-3,10,6,15,2,7,9,0,-13,-1,9,-7,-3,-3,sil
11.186577558517456,-5,8,2,18,3,14,21,6,-2,10,1,-9,-13,0,sil
11.186577558517456,-11,-1,-6,7,1,7,21,0,10,17,-20,-22,-21,-8,sil
11.202466249465942,-19,-19,-17,-9,-8,-1,8,-3,8,14,-32,-30,-19,-11,sil
11.202466249465942,-9,-15,-13,-6,-10,1,5,8,8,17,-13,-15,2,7,sil
11.218422174453735,3,-7,0,0,-7,-1,-4,12,12,9,0,5,13,14,sil
11.218422174453735,1,-11,-1,-13,-10,-15,-26,0,1,-12,0,12,1,-5,sil
11.233531951904297,0,-6,-7,-19,-9,-22,-25,-8,-7,-16,3,7,1,-12,sil
11.233531951904297,2,2,-3,-12,-4,-24,-23,-5,-5,-10,11,5,13,-5,sil
11.248347520828249,0,9,6,0,-3,-19,-34,-3,-9,-14,16,6,16,-9,sil
11.248347520828249,0,24,17,15,8,-3,-23,-4,-19,-16,17,7,2,-14,sil
11.264387130737305,0,27,15,13,19,8,0,-4,-11,-12,7,-1,-9,-12,sil
11.264387130737305,-12,8,-2,6,14,13,13,-2,-1,-16,-11,-16,-10,-10,sil
11.279576301574709,-15,2,-1,12,10,21,23,8,-2,-8,-21,-14,-12,0,sil
11.279576301574709,-4,3,7,18,6,21,28,14,11,20,-9,1,-6,19,sil
11.295634031295776,1,-9,2,2,-1,8,17,7,32,28,-2,9,7,26,sil
11.295634031295776,5,-12,-7,-11,-2,1,11,5,34,19,-3,6,13,19,sil
11.311818599700928,9,-6,-11,-9,-3,0,9,6,24,27,9,3,12,13,sil
11.311818599700928,6,-15,-9,-13,-15,-10,-10,0,3,11,14,7,9,2,sil
11.327375888824465,5,-9,-6,-10,-14,-13,-17,-7,-15,-26,8,9,4,-9,sil
11.327375888824465,11,17,5,9,0,0,-4,-7,-21,-27,14,3,3,-11,sil
11.342462301254272,9,18,16,20,2,7,3,-5,-21,-3,10,-3,-2,-5,sil
11.342462301254272,0,-7,-1,12,0,10,16,-1,-12,5,-7,-11,-8,0,sil
11.359078884124756,-5,-15,-10,3,5,10,22,3,5,8,-11,-9,0,9,sil
11.359078884124756,0,-8,-4,0,2,-3,3,3,15,16,-4,0,5,16,sil
11.3743257522583,6,-6,-3,-10,-7,-21,-19,0,4,2,1,8,6,0,sil
11.3743257522583,5,7,7,-10,-1,-15,-21,0,-11,-18,10,14,4,-13,sil
11.389763116836548,5,20,19,1,13,5,-8,-2,-13,-8,8,10,-9,0,sil
11.389763116836548,0,4,12,2,17,14,2,-7,-5,10,-6,0,-23,3,sil
11.40499186515808,-13,-17,-5,-5,11,13,13,-1,3,7,-20,-11,-12,-8,sil
11.40499186515808,-17,-17,-16,-10,8,7,11,6,15,5,-20,-10,0,-3,sil
11.420635461807253,2,0,-2,-11,8,-4,-9,-1,11,9,-3,5,1,5,sil
11.420635461807253,11,6,11,-8,9,-17,-25,-13,-8,-10,13,12,4,-6,sil
11.436307668685911,-3,4,10,-7,4,-18,-25,-9,-24,-39,7,0,-9,-16,sil
11.451768636703491,-10,10,2,3,-18,-8,-9,-2,-23,-26,-7,-15,-25,-7,sil
11.451768636703491,-2,23,7,24,-27,1,7,0,-9,0,-1,-18,-10,-3,sil
11.467627763748167,-4,17,11,24,-7,13,13,9,3,1,5,-13,3,-8,sil
11.467627763748167,-17,-12,-17,0,-7,15,11,5,5,0,-15,-23,-2,-11,sil
11.467627763748167,-21,-33,-39,-26,-20,2,4,-3,1,1,-34,-27,-8,-8,sil
11.483461141586304,-16,-24,-30,-25,-9,5,6,5,13,5,-16,-13,0,0,sil
11.498544931411743,-9,-11,-20,-9,-2,7,11,17,25,22,2,-6,7,13,sil
11.498544931411743,0,-8,-9,-6,-7,-2,9,13,26,31,3,4,16,23,sil
11.513763427734377,8,-3,-4,-11,0,-2,9,4,24,15,16,23,30,22,sil
11.513763427734377,13,1,-2,-10,4,-5,4,1,14,0,28,25,27,7,sil
11.52954888343811,14,10,12,-2,2,-15,-8,0,1,1,26,18,12,-4,sil
11.52954888343811,12,22,22,13,13,-11,-13,-5,-8,0,22,22,8,-3,sil
11.544745206832886,10,22,19,19,14,0,-15,-13,-18,-14,13,24,3,-2,sil
11.544745206832886,11,13,22,16,0,-2,-13,-8,-23,-10,7,12,0,-2,sil
11.560312032699583,10,16,28,26,2,0,-2,0,-20,1,7,1,-2,2,sil
11.560312032699583,6,14,23,36,16,13,2,1,-15,-4,-6,-3,-9,0,sil
11.575814247131348,9,-1,10,30,18,22,14,5,1,0,-20,1,-11,6,sil
11.575814247131348,17,-10,4,9,6,12,25,8,19,16,-16,2,0,22,sil
11.591825723648071,13,-13,-8,-8,-3,-8,7,1,19,9,-3,0,9,15,sil
11.591825723648071,14,-7,-5,-8,-6,-19,-21,-7,5,-9,12,16,17,2,sil
11.607378005981444,25,12,14,8,-5,-11,-26,-12,-8,-12,23,34,15,1,sil
11.607378005981444,8,15,4,11,-3,-3,-19,-17,-27,-23,6,1,-8,-14,sil
11.62287712097168,-29,-1,-15,-9,-2,-4,-14,-13,-39,-41,-13,-35,-30,-29,sil
11.62287712097168,-32,-6,-15,-14,-3,0,3,-2,-26,-26,-11,-25,-28,-17,sil
11.637980699539185,-20,-8,-9,-1,-4,12,15,4,-4,-2,-15,-19,-24,-10,sil
11.637980699539185,-32,-19,-14,-6,-2,23,17,11,10,12,-28,-29,-22,-16,sil
11.65404224395752,-33,-18,-24,-18,0,17,22,13,29,29,-22,-28,-10,-5,sil
11.65404224395752,-11,-9,-15,-13,0,4,20,6,32,30,-8,-14,2,9,sil
11.669861316680908,2,-6,-5,-10,0,1,16,6,19,21,0,0,11,16,sil
11.669861316680908,6,-4,-7,-28,0,-1,4,6,15,7,3,11,14,17,sil
11.685409307479858,3,-11,-15,-47,-9,-14,-19,-3,9,-11,-2,6,6,1,sil
11.685409307479858,-2,-18,-19,-51,-16,-20,-26,-8,-3,-6,0,0,7,-7,sil
11.70152497291565,0,-9,-2,-42,-6,-21,-15,-1,-2,6,16,9,15,-1,sil
11.70152497291565,3,9,10,-9,2,-21,-13,-1,-3,-11,7,2,0,-10,sil
11.717341899871826,-2,22,6,18,4,-3,-11,-6,-20,-25,-11,-15,-25,-23,sil
11.717341899871826,-3,19,14,21,9,15,0,0,-22,-5,0,-2,-16,-8,sil
11.73252248764038,9,15,22,31,18,18,7,6,-4,18,22,9,11,8,sil
11.73252248764038,20,27,26,61,30,21,8,6,6,26,27,8,15,14,sil
11.74759602546692,23,33,31,71,28,26,16,8,16,30,22,16,12,22,sil
11.74759602546692,9,7,11,39,2,12,16,5,14,24,1,16,12,17,sil
11.762800216674805,-11,-20,-14,2,-20,0,8,-3,1,5,-17,0,5,0,sil
11.762800216674805,-5,-22,-13,-7,-15,2,20,0,16,2,-2,0,11,2,sil
11.778505563735962,9,-13,0,-5,-11,0,17,6,28,1,5,10,14,7,sil
11.778505563735962,0,-9,-6,-10,-19,-14,-11,-1,-2,-21,-15,4,-5,-5,sil
11.793695211410522,-7,-7,-15,-16,-17,-28,-21,-9,-26,-42,-20,3,-12,-11,sil
11.793695211410522,5,-3,-4,-20,-5,-30,-19,-9,-25,-36,4,16,0,-6,sil
11.809817552566528,12,5,9,-7,-1,-22,-20,-14,-29,-22,16,12,0,-9,sil
11.809817552566528,6,12,16,16,3,-2,-3,-8,-20,-17,10,0,-7,-6,sil
11.825355052947998,1,9,14,21,11,17,13,6,3,0,5,-7,0,6,sil
11.825355052947998,-6,4,3,8,8,15,1,5,0,11,-1,-14,0,7,sil
11.840448141098022,-13,3,6,0,-4,0,-10,0,-12,0,-9,-12,-10,-1,sil
11.840448141098022,-10,-2,0,-1,-8,3,-1,6,7,3,-6,-11,-9,0,sil
11.855782508850098,-7,-9,-19,-10,1,11,2,6,24,25,-7,-21,-3,3,sil
11.855782508850098,-10,-10,-31,-24,2,2,0,0,11,19,-13,-29,0,0,sil
11.871877431869509,-12,-17,-26,-26,-6,-9,-5,-2,3,1,-5,-18,0,0,sil
11.871877431869509,-3,-19,-8,-16,-3,-9,-6,0,7,6,4,4,4,3,sil
11.887352705001833,10,-3,-6,-11,3,-3,5,3,12,14,7,19,13,4,sil
11.887352705001833,17,10,-5,-15,6,-5,7,0,8,1,5,20,11,-3,sil
11.903392314910889,18,13,15,-3,14,-4,-3,-9,-6,-12,0,21,-3,-15,sil
11.903392314910889,20,17,25,13,16,0,-1,-8,-17,-9,8,24,-6,-9,sil
11.918944597244264,22,22,29,16,9,0,-2,-2,-20,-3,22,26,5,7,sil
11.918944597244264,11,18,23,11,9,8,-8,-5,-29,-9,8,14,2,6,sil
11.934157133102415,-11,6,6,10,13,15,-1,-3,-26,-22,-20,-13,-17,-7,sil
11.934157133102415,-26,0,0,14,4,13,14,10,9,-3,-19,-25,-22,-6,sil
11.94968605041504,-23,-9,0,14,-6,17,24,20,44,35,-8,-21,-6,4,sil
11.94968605041504,-18,-20,-8,-1,-10,25,27,20,36,33,-15,-19,3,4,sil
11.964788675308228,-14,-20,-19,-12,-11,18,30,14,21,10,-9,-17,6,4,sil
11.964788675308228,-16,-24,-29,-18,-20,0,17,0,18,5,-1,-12,1,6,sil
11.980669975280762,-20,-30,-35,-33,-22,-11,-9,-12,2,-5,-18,-16,-8,-3,sil
11.980669975280762,-8,-15,-26,-25,-7,-17,-23,-10,-10,-19,-15,-14,-1,-11,sil
11.995802879333496,10,3,0,-3,0,-21,-26,-4,-4,-11,15,10,12,-4,sil
11.995802879333496,16,6,7,4,-7,-22,-28,-1,2,1,29,28,12,0,sil
12.01182770729065,22,17,8,16,-1,-23,-22,-3,-5,-1,26,32,11,4,sil
12.01182770729065,31,29,25,24,8,-17,-14,-8,-22,-19,22,30,7,4,sil
12.027679443359377,14,21,24,14,4,-3,-10,-11,-25,-19,11,3,-4,-9,please
12.027679443359377,-2,18,16,12,0,0,-1,-2,-10,2,5,-9,-4,-8,please
12.043757677078249,7,27,22,31,10,1,12,5,-2,16,14,2,7,12,please
12.043757677078249,8,20,19,39,20,7,10,-1,-16,5,2,-4,0,3,please
12.064960718154907,-10,5,7,24,16,19,4,-4,-20,0,-18,-19,-11,-10,please
12.064960718154907,-8,-4,-6,0,3,25,27,6,0,14,-9,-2,4,7,please
12.07486128807068,0,-22,-15,-21,-7,14,33,7,14,7,-4,8,9,18,please
12.07486128807068,-6,-34,-17,-32,-14,-3,2,1,11,-16,-24,-6,-4,5,please
12.090371131896973,-7,-32,-18,-32,-14,-12,-12,3,10,-13,-19,-10,3,6,please
12.090371131896973,-2,-27,-12,-31,-11,-10,-7,4,16,0,0,10,18,7,please
12.106966972351074,-4,-11,-9,-20,-7,-11,-10,0,16,-2,-4,12,3,-5,please
12.106966972351074,4,11,-2,-7,8,-8,-13,0,5,0,1,10,-3,-5,please
12.121387720108032,18,21,10,0,20,1,-2,0,0,13,30,22,10,1,please
12.13734221458435,5,15,8,4,9,6,3,0,-1,3,19,7,-1,-7,please
12.13734221458435,-21,6,-1,1,1,3,-1,1,-6,-17,-16,-33,-36,-21,please
12.13734221458435,-25,-1,-7,0,8,10,1,0,0,-7,-28,-45,-34,-23,please
12.153588771820068,-20,-10,-1,5,1,20,16,0,8,16,-20,-27,-12,-20,please
12.153588771820068,-20,-12,-3,8,-9,20,16,5,6,19,-12,-19,-8,-5,please
12.167848825454712,-14,-8,-21,0,-12,1,0,5,-2,-1,-23,-20,-17,8,please
12.183364868164062,2,-5,-18,-19,-15,-19,-17,-3,-2,-18,-30,-1,-15,3,please
12.183364868164062,23,4,7,-10,-15,-18,-13,0,8,-2,17,32,14,13,please
12.1987886428833,38,25,26,16,-4,-9,-3,2,8,10,64,51,44,38,please
12.1987886428833,38,34,29,24,6,-8,0,-3,-3,3,46,41,33,29,please
12.214386701583862,35,26,21,22,15,-4,-5,-7,-10,0,25,25,14,5,please
12.214386701583862,23,15,19,18,13,0,-16,-8,-22,-6,25,18,7,0,please
12.229531526565552,-3,-4,9,8,0,-2,-13,-12,-34,-13,4,4,-4,-4,please
12.229531526565552,-20,-18,-4,5,0,0,3,-10,-25,-7,-14,-7,-14,-12,please
12.244852304458618,-8,-2,-2,15,14,12,19,1,-4,1,-9,-8,-1,-7,please
12.244852304458618,1,10,2,20,21,18,28,13,14,23,-3,-11,15,-1,please
12.26038098335266,-15,-6,-7,3,8,17,21,11,18,34,-15,-21,7,-2,please
12.26038098335266,-40,-27,-28,-18,-6,9,6,0,6,4,-34,-34,-14,-13,please
12.275770902633669,-36,-29,-35,-29,-15,-3,0,0,5,-9,-28,-31,-14,-18,please
12.275770902633669,-12,-19,-16,-23,-19,-7,0,12,20,13,-4,-7,3,-3,please
12.29187536239624,0,-14,-9,-21,-16,-6,-4,6,18,7,0,4,9,8,please
12.29187536239624,0,-13,-11,-28,-12,-17,-15,-5,-1,-26,-10,6,0,0,please
12.307762622833252,4,-5,-1,-24,-8,-25,-12,-2,-4,-23,-4,11,-7,-4,please
12.307762622833252,11,3,6,-19,-2,-17,-1,0,4,-13,9,12,-2,0,please
12.323779344558716,9,11,10,-8,1,0,-4,-4,1,-28,11,8,-3,-5,please
12.323779344558716,9,21,15,21,7,10,-3,-1,-8,-23,5,0,-10,-6,please
12.33940362930298,9,20,15,26,5,2,0,0,-7,1,10,-7,-8,0,please
12.33940362930298,0,8,8,9,0,-1,-11,-2,-6,3,17,-3,0,-1,please
12.35547161102295,-2,8,5,19,5,8,-17,-7,-4,3,3,-3,-2,-3,please
12.35547161102295,4,15,15,40,15,20,0,-1,4,22,-10,-12,-8,7,please
12.37071943283081,10,7,9,30,15,21,24,7,17,34,0,-9,2,26,please
12.37071943283081,5,-6,-2,5,8,20,28,7,18,24,10,6,14,27,please
12.38676404953003,-1,-8,-11,-3,-1,13,20,0,11,11,-2,7,11,9,please
12.38676404953003,-10,-9,-18,-11,-11,-8,5,0,4,-4,-14,3,5,-1,please
12.402279138565063,-6,-11,-16,-28,-7,-23,-5,8,2,-7,0,16,9,0,please
12.402279138565063,14,-6,-9,-33,-5,-19,-14,0,-5,1,18,25,9,2,please
12.418351650238035,17,0,2,-17,-12,-16,-28,-13,-27,-7,13,19,-4,-4,please
12.418351650238035,2,5,16,0,-3,-13,-21,-8,-30,-15,0,8,-12,-9,please
12.43438720703125,-6,6,9,13,14,-2,4,1,-9,-4,-4,-7,-13,-8,please
12.43438720703125,-10,4,4,16,9,4,2,-4,-13,-10,-10,-14,-22,-9,please
12.450403451919556,-7,7,11,15,-4,9,-4,-10,-24,-19,-19,-16,-19,-11,please
12.450403451919556,7,12,15,13,2,22,19,5,8,8,-9,-9,9,5,please
12.466346740722656,16,2,4,1,13,26,41,26,49,43,15,6,37,29,please
12.466346740722656,6,-9,-10,-16,0,0,14,9,29,26,15,8,29,16,please
12.48186421394348,-5,-3,-8,-32,-16,-25,-25,-20,-21,-24,-6,0,4,-17,please
12.48186421394348,-9,3,-8,-21,-11,-24,-24,-14,-25,-41,-1,-2,1,-20,please
12.497441053390505,-8,0,-6,10,5,-11,-3,1,0,-13,6,-5,0,-4,please
12.497441053390505,-5,-1,2,29,11,6,2,6,9,14,-7,-14,-12,0,please
12.512685537338257,-10,-16,-8,10,0,19,9,11,15,25,-10,-12,-9,0,please
12.512685537338257,-21,-35,-26,-19,-15,3,9,9,21,12,-5,-5,-2,-3,please
12.528533458709717,-8,-22,-23,-22,-8,-16,-5,-6,5,-15,-6,-1,-4,-11,please
12.528533458709717,12,8,3,-4,6,-12,-22,-13,-17,-31,2,4,-6,-13,please
12.543659925460815,11,25,27,18,7,0,-14,0,-22,-16,12,11,-6,-8,please
12.543659925460815,4,19,23,34,2,12,12,4,-3,12,13,8,-3,1,please
12.558760643005373,0,0,4,22,1,22,23,-1,8,12,0,-1,-5,7,please
12.558760643005373,-7,-12,-5,-1,-3,12,10,-4,12,0,-16,-9,-11,2,please
12.574408769607544,-1,-15,-12,-21,-14,-14,-9,-1,14,13,-6,-2,0,0,sil
12.574408769607544,16,-3,-7,-25,-10,-24,-25,-1,1,19,21,19,17,2,sil
12.589596033096312,16,23,5,0,10,-2,-17,-1,-14,-4,22,18,14,2,sil
12.589596033096312,-2,25,10,11,10,10,0,0,-11,-16,-8,-10,-4,0,sil
12.604813814163208,-20,-8,-9,-8,-10,5,1,0,-7,-3,-28,-35,-16,-2,sil
12.604813814163208,-18,-22,-14,-12,-4,8,4,1,-1,12,-18,-23,-9,4,sil
12.62083649635315,2,-1,7,4,17,16,22,10,20,27,-1,3,7,24,sil
12.62083649635315,19,14,12,11,10,6,28,13,26,22,13,20,20,27,sil
12.636384963989258,24,17,5,7,6,-7,12,2,-3,-6,23,26,17,12,sil
12.636384963989258,18,12,7,2,10,-15,-2,-6,-20,-18,14,22,8,3,sil
12.651674270629885,7,3,6,-4,-2,-17,-16,-7,-15,-16,0,14,0,-5,sil
12.651674270629885,-3,8,7,-4,-9,-8,-21,-1,-16,-23,2,11,-10,-14,sil
12.667190551757812,-17,1,-3,0,0,0,-2,0,-12,-14,0,-3,-16,-19,sil
12.667190551757812,-26,-20,-16,-6,5,6,10,0,4,3,-17,-21,-15,-17,sil
12.68241810798645,-17,-21,-11,-7,0,18,4,1,15,12,-19,-21,-7,-4,sil
12.68241810798645,-3,-12,-7,-4,-7,10,4,0,15,23,-6,-15,1,7,sil
12.69845175743103,3,-16,-7,-5,-7,-4,3,4,17,13,-4,-5,5,7,sil
12.69845175743103,10,-7,-4,-1,-2,0,-2,10,16,-10,0,8,9,1,sil
12.713687419891356,14,12,11,3,-2,-1,-8,3,7,-13,15,18,12,0,sil
12.713687419891356,15,19,23,13,5,-12,-6,-4,0,-5,22,14,8,2,sil
12.728856325149536,15,21,21,32,6,-4,-7,-10,-14,-9,5,2,-1,1,sil
12.728856325149536,4,21,14,27,-13,7,-3,-17,-36,-11,-12,-3,-6,-2,sil
12.744985580444336,-15,0,-5,-4,-17,3,15,-9,-21,3,-8,-14,2,3,sil
12.744985580444336,-21,-29,-26,-28,0,-8,15,6,10,15,1,-19,15,2,sil
12.75958490371704,-12,-23,-24,-26,-2,-15,-6,5,10,0,-2,-11,7,-22,sil
12.774935483932495,-8,0,-9,-12,-14,-11,-14,-2,-8,-26,-14,-10,-20,-34,sil
12.774935483932495,-6,5,11,-1,2,0,-7,5,-8,-12,-13,-13,-32,-16,sil
12.774935483932495,2,7,17,21,24,12,0,6,-4,20,2,-2,-12,2,sil
12.791584253311155,8,4,9,29,20,26,4,-8,-11,20,12,12,4,15,sil
12.791584253311155,9,-12,0,0,0,26,13,-3,-1,14,8,15,8,23,sil
12.80583119392395,5,-19,-13,-23,-8,2,10,9,23,23,5,7,14,16,sil
12.821837425231934,-7,-4,-18,-18,-2,-13,-1,3,25,11,4,9,15,2,sil
12.821837425231934,-1,9,-7,-9,0,-11,-8,-2,11,-9,11,23,12,-2,sil
12.837817430496216,12,21,2,-6,0,-18,-13,2,9,-10,13,18,0,-1,sil
12.837817430496216,0,13,6,-1,8,-13,-9,3,6,-5,0,-1,-12,0,sil
12.853598594665527,-15,-8,0,8,12,14,10,2,0,-5,-11,-11,-12,0,sil
12.853598594665527,-13,-9,-6,12,7,27,12,6,-2,-7,-20,-16,-20,-5,sil
12.868991374969482,-12,4,-7,7,1,9,-1,6,0,0,-25,-24,-28,-7,sil
12.868991374969482,0,5,3,8,-1,-10,-2,0,9,12,-9,-7,-4,6,sil
12.88476061820984,20,2,9,8,-9,-20,-3,-1,8,2,13,20,19,17,sil
12.88476061820984,22,0,0,-11,-21,-14,-8,-4,-8,-18,21,17,13,7,sil
12.89996576309204,11,0,4,-23,-12,-5,-11,-10,-25,-25,14,6,3,-2,sil
12.89996576309204,5,10,12,4,5,-4,-10,-9,-27,-24,4,-1,1,-3,sil
12.915993452072144,0,17,8,32,9,6,1,-4,-22,-14,0,-11,0,0,sil
12.915993452072144,-1,7,12,26,7,28,22,-1,-11,8,-1,-5,7,3,sil
12.931626319885254,1,-11,4,7,9,28,27,4,4,30,-6,0,9,5,sil
12.931626319885254,0,-21,-11,-10,0,1,6,7,11,29,-13,-14,0,0,sil
12.94748067855835,-3,-17,-14,-25,-16,-15,-5,0,8,11,-5,-11,3,-2,sil
12.94748067855835,-6,-10,-11,-30,-19,-17,-3,-7,0,-5,5,12,18,-3,sil
12.962697267532349,-7,0,-3,-24,-10,-16,-7,-2,-10,-19,2,19,12,-6,sil
12.962697267532349,0,12,7,-1,0,-14,-10,0,-13,-23,-1,5,0,-7,sil
12.978323936462402,1,13,16,14,13,0,-5,0,-9,-8,1,0,-4,-5,sil
12.978323936462402,-14,0,5,14,17,21,8,7,7,19,0,-2,-9,-7,sil
12.994348287582396,-25,-12,-13,2,7,29,20,9,27,32,-7,-20,-12,-8,sil
12.994348287582396,-11,-11,-12,-6,-3,12,10,0,27,15,-13,-25,-13,-7,sil
13.01042652130127,3,-6,-4,-5,-11,-11,-6,-5,19,-1,-10,-15,-11,-3,sil
13.01042652130127,8,-3,-5,-8,-7,-23,-14,2,19,-9,0,3,0,4,sil
13.02588939666748,15,8,-2,-6,7,-12,-5,8,14,-14,14,23,11,13,sil
13.02588939666748,21,23,7,12,14,-1,2,2,1,-13,17,29,8,11,sil
13.041582107543944,14,22,23,24,7,0,0,-1,-11,-6,7,23,-7,4,sil
13.041582107543944,2,7,13,24,5,10,3,-2,-15,6,0,6,-13,0,sil
13.05685329437256,-12,-11,-10,15,4,14,13,-4,-12,19,-7,-16,-12,-4,sil
13.05685329437256,-21,-25,-19,-2,-5,0,4,-3,-6,10,-14,-27,-14,-4,sil
13.072395086288452,-4,-18,-11,-15,-12,-11,-11,-4,-3,-10,0,-11,-2,0,sil
13.072395086288452,10,0,-2,-18,-14,-15,-22,-6,-9,-17,15,11,14,3,sil
13.088342666625977,5,9,0,-9,-13,-16,-25,-3,-16,-5,16,22,20,0,sil
13.088342666625977,0,10,8,4,-5,-4,-20,-2,-18,-5,16,18,10,-2,sil
13.103518724441528,3,13,21,9,5,12,-7,-2,-16,-1,12,8,0,0,sil
13.103518724441528,1,14,11,9,9,20,9,10,-2,17,-6,-3,-6,5,sil
13.119014739990234,-9,5,-1,7,5,20,23,23,13,22,-24,-16,-7,2,sil
13.119014739990234,-16,-14,-14,-5,-1,11,25,11,16,8,-22,-32,-7,-1,sil
13.134743928909302,-8,-24,-21,-25,-5,-1,11,-3,11,-2,-13,-24,0,6,sil
13.134743928909302,12,-10,-5,-21,2,-4,3,0,14,-8,-2,9,20,19,sil
13.149389505386353,25,7,11,0,10,-3,8,1,10,-18,6,22,26,13,sil
13.149389505386353,19,12,15,4,8,-5,0,-9,-10,-23,4,12,9,-1,sil
13.165431261062622,6,7,13,9,1,0,-5,-9,-18,-7,0,5,-3,-5,sil
13.165431261062622,-4,0,8,21,2,9,3,1,0,18,3,-1,0,-5,sil
13.181494951248167,-13,-5,-3,16,4,11,11,7,26,32,1,-13,10,-11,sil
13.181494951248167,-13,-3,-21,-8,-3,-10,0,0,23,17,-7,-16,5,-18,sil
13.196617603302002,-9,-7,-22,-28,-17,-33,-26,-13,-18,-26,-8,-6,-17,-19,sil
13.196617603302002,0,-5,-7,-19,-19,-25,-31,-13,-39,-49,1,5,-30,-8,sil
13.212904691696169,12,8,6,0,-3,-9,-17,-6,-19,-28,6,13,-16,4,sil
13.212904691696169,2,11,12,5,9,-4,-9,-3,-12,-8,-2,5,-11,0,sil
13.228375911712646,-17,0,5,5,4,7,0,0,-12,4,-10,-9,-16,-5,sil
13.228375911712646,-17,-5,0,12,0,27,23,13,12,28,-5,-14,-8,0,sil
13.243776798248293,-3,0,-2,14,7,39,43,22,43,50,0,-11,11,7,sil
13.243776798248293,0,-2,-5,6,11,25,42,16,49,47,3,-3,22,11,sil
13.259283065795898,3,-9,-2,-5,-2,1,14,10,30,18,11,11,19,17,sil
13.259283065795898,12,-12,-10,-14,-14,-13,-12,1,5,-14,11,17,12,16,sil
13.274484157562256,8,-5,-13,-21,-6,-21,-21,-10,-10,-24,10,17,12,12,sil
13.274484157562256,3,6,4,-10,3,-26,-22,-14,-20,-13,16,18,12,0,sil
13.290137767791748,5,19,16,16,4,-18,-22,-12,-26,-5,14,12,1,-17,sil
13.290137767791748,1,23,19,30,7,3,-18,-11,-21,-4,7,5,-8,-13,sil
13.305354356765749,-11,11,17,20,9,19,-7,-7,-10,2,2,-5,-8,-7,sil
13.305354356765749,-14,3,9,15,4,15,1,0,-9,7,-6,-24,-15,-15,sil
13.321455240249634,0,3,1,20,0,11,15,6,-1,0,-16,-28,-20,-11,sil
13.321455240249634,7,-8,-8,5,-9,12,22,1,6,-9,-25,-18,-20,7,sil
13.337069034576416,11,-15,-2,-17,-10,1,8,0,2,-15,-28,-6,-19,19,sil
13.337069034576416,16,-9,2,-18,2,-13,-1,7,7,-4,-12,1,3,23,sil
13.352598428726196,12,-10,0,-16,4,-8,0,8,25,14,0,12,30,20,sil
13.352598428726196,2,-17,-13,-27,-4,5,4,7,25,20,0,15,27,14,sil
13.36774444580078,0,-15,-23,-28,-6,-5,0,5,6,5,11,12,20,4,sil
13.36774444580078,-5,-2,-16,-15,-7,-25,-13,0,-13,-10,22,14,20,-13,sil
13.383727550506592,-15,8,-5,-6,-9,-18,-13,-6,-20,-10,15,8,8,-18,sil
13.383727550506592,-6,4,0,-11,-2,-5,-9,-7,-23,-19,9,2,-7,-12,sil
13.39883017539978,11,8,8,-2,11,-3,-9,-6,-25,-35,11,6,-9,-15,sil
13.39883017539978,8,29,14,28,18,1,-2,-7,-23,-25,0,1,-14,-16,sil
13.414316415786743,-13,24,14,37,10,6,4,-9,-25,-15,-20,-16,-32,-22,sil
13.414316415786743,-25,0,-1,24,3,7,6,-4,-14,-6,-15,-24,-29,-24,sil
13.43035125732422,-13,0,-8,24,5,19,12,3,13,24,3,-12,-1,0,sil
13.43035125732422,0,-2,0,19,2,27,14,7,27,44,1,-4,9,14,sil
13.446429967880247,0,-17,0,0,-11,15,13,8,25,31,-9,-12,1,10,sil
13.446429967880247,3,-9,1,-4,-8,8,19,14,30,27,-2,-6,8,23,sil
13.46162462234497,8,2,7,3,3,5,20,13,37,36,5,5,18,28,sil
13.46162462234497,1,-9,-6,-10,-1,-10,-2,1,21,10,-6,-3,3,4,sil
13.477252960205078,-5,-16,-17,-32,-13,-14,-23,-3,0,-16,-17,-8,-6,-3,sil
13.493324995040894,0,-5,-10,-27,-8,0,-16,-5,0,-4,-5,3,4,5,sil
13.493324995040894,8,0,3,-15,-5,-10,-13,-7,2,-2,1,12,3,2,sil
13.508357524871826,6,-3,5,-17,-11,-31,-20,-2,-10,-21,-2,10,-7,-1,sil
13.509357452392578,1,-6,4,-21,-8,-18,-11,0,-23,-24,0,12,-1,0,sil
13.509357452392578,0,2,9,-11,0,0,7,-6,-21,-22,8,13,0,-3,sil
13.523547887802124,0,13,7,11,2,-2,14,-7,-14,-22,11,1,-5,-7,sil
13.539063692092896,6,20,13,22,10,2,2,-3,-11,-7,16,4,0,0,sil
13.539063692092896,17,26,18,22,26,16,-1,-2,-5,8,24,19,13,2,sil
13.554692029953005,14,24,12,29,28,8,0,-1,2,5,26,17,16,2,sil
13.554692029953005,6,10,12,31,14,0,-4,2,7,1,16,2,10,5,sil
13.569744110107422,0,-1,0,22,2,9,1,4,5,12,-6,-12,-2,0,sil
13.569744110107422,-17,-16,-21,0,-2,15,15,5,0,9,-24,-24,-17,-12,sil
13.585743427276611,-32,-34,-33,-22,-11,9,16,6,5,0,-25,-26,-10,-10,sil
13.585743427276611,-18,-33,-30,-25,-16,-3,2,2,14,10,-18,-16,9,0,sil
13.600759029388428,2,-13,-12,-15,-10,-14,-12,5,6,11,0,3,19,1,sil
13.600759029388428,8,-4,0,-7,-5,-13,-13,4,-4,-3,16,13,12,-4,sil
13.616715908050535,0,-3,4,0,0,-7,-10,-6,-8,-7,9,0,-7,-16,sil
13.616715908050535,-10,0,11,15,6,2,-3,-7,-10,-2,-10,-11,-26,-14,sil
13.631757020950316,-8,0,4,13,3,18,7,1,-5,3,-17,-12,-22,0,sil
13.631757020950316,-3,-7,-4,-7,-6,18,15,3,0,9,-14,-9,-12,4,sil
13.647375345230104,-2,-5,-10,-20,-12,-4,11,1,5,6,-15,0,-6,8,sil
13.647375345230104,11,11,0,-15,-9,-19,0,3,12,-3,0,20,12,20,sil
13.662518501281738,28,31,16,0,-2,-9,-6,2,9,-9,30,33,24,14,sil
13.662850618362429,19,31,21,11,1,-2,-9,-6,-5,-16,24,22,2,-4,sil
13.678531169891356,4,25,17,11,7,1,-5,-11,-17,-22,-13,0,-20,-6,sil
13.678531169891356,1,18,9,9,11,15,9,-4,-13,-2,-19,-17,-13,4,sil
13.693585872650146,-3,1,2,13,5,13,16,1,0,16,3,-11,0,11,sil
13.693585872650146,-8,-12,-3,10,0,0,10,4,6,13,3,-4,0,8,sil
13.70911431312561,-4,-18,-14,-3,-2,-2,1,0,3,3,-14,-14,-1,0,sil
13.70911431312561,-3,-21,-11,-20,-11,-7,-8,0,0,-1,-12,-15,4,0,sil
13.72465467453003,-1,-13,1,-12,-7,-14,-12,4,9,-1,9,1,16,5,sil
13.72465467453003,3,-2,2,0,5,-10,-12,4,8,0,15,8,17,0,sil
13.740772247314451,0,-3,-6,-2,3,-5,-18,0,1,1,8,5,14,-12,sil
13.740772247314451,-1,-2,-7,-8,-1,-6,-16,-5,1,2,17,11,17,-7,sil
13.756144762039185,7,6,6,-5,6,-6,-7,-7,-2,-6,29,26,11,3,sil
13.756144762039185,12,8,11,0,6,-2,-4,-5,-10,-10,22,25,0,1,sil
13.771767377853394,2,4,3,3,-3,0,-8,-2,-8,-8,5,7,-8,-9,sil
13.771767377853394,-10,1,-3,5,-1,3,-5,-1,-8,-14,-7,-7,-16,-16,sil
13.787384033203123,-10,1,-7,7,8,11,15,3,-3,-2,-8,-17,-12,-7,sil
13.787384033203123,-4,2,3,10,14,16,33,13,7,21,-6,-14,-3,0,sil
13.803348302841188,-7,2,4,12,11,13,27,9,5,16,-16,-14,-5,-2,sil
13.803348302841188,-16,-3,-9,7,1,11,17,0,-2,1,-25,-21,-8,-1,sil
13.8189435005188,-18,-13,-9,-1,-7,14,18,2,1,9,-22,-20,-7,1,sil
13.8189435005188,-12,-15,-9,-5,-10,7,17,3,7,17,-25,-16,-9,0,sil
13.834226131439207,-7,-16,-14,-10,-8,0,0,-3,5,7,-35,-15,-13,0,sil
13.834226131439207,0,-18,-11,-17,-9,0,-8,-1,17,15,-17,-4,0,11,sil
13.849746227264404,18,-5,0,-16,-7,-8,-4,3,30,22,16,17,25,18,sil
13.849746227264404,23,13,8,-9,0,-22,-15,0,10,-3,18,25,21,3,sil
13.865335941314695,12,14,2,-3,0,-17,-24,-3,-8,-22,5,15,2,-5,sil
13.865335941314695,10,4,2,-9,-5,-8,-17,-1,-4,-15,16,17,5,1,sil
13.880743026733398,11,3,3,-13,-5,-6,-6,-2,-6,-11,24,20,11,2,sil
13.880743026733398,0,6,-1,-2,0,-5,-6,-8,-22,-23,4,0,-10,-10,sil
13.89633321762085,-7,9,5,5,-1,-1,-15,-11,-36,-37,-2,-14,-31,-16,sil
13.89633321762085,0,9,13,11,0,0,-13,-13,-38,-31,10,-1,-19,-6,sil
13.911865234375,2,12,16,26,8,0,-4,-8,-26,-9,15,1,-4,0,sil
13.911865234375,-1,19,16,36,13,4,3,1,-6,6,4,-8,-3,0,sil
13.92743968963623,0,9,7,26,9,14,15,11,13,18,6,-5,2,13,sil
13.92743968963623,6,-5,2,10,2,19,26,19,33,37,16,9,18,24,sil
13.943397998809814,0,-9,0,4,-2,11,22,14,38,38,2,0,16,11,sil
13.943397998809814,-15,-15,-6,2,-3,3,10,0,18,5,-21,-13,-2,-3,sil
13.958439588546751,-15,-22,-15,0,-2,10,13,3,12,0,-15,-4,0,-1,sil
13.958439588546751,1,-13,-15,-4,0,7,15,9,28,26,9,10,21,5,sil
13.97356367111206,8,-2,-1,-10,2,-11,-3,0,22,13,15,16,19,4,sil
13.97356367111206,7,1,5,-8,-3,-22,-19,-3,2,-17,5,16,11,0,sil
13.98872971534729,15,11,10,-1,-10,-20,-20,-2,-3,-13,7,22,16,0,sil
13.98872971534729,16,13,15,-4,-7,-17,-23,-8,-16,-10,11,22,5,-1,sil
14.004775047302246,-1,6,6,-8,0,-12,-24,-15,-38,-28,-4,3,-18,-16,sil
14.004775047302246,-5,16,10,1,4,0,-13,-9,-41,-32,-18,-2,-25,-16,sil
14.02035927772522,14,28,19,15,9,8,1,0,-17,-8,-5,6,-10,0,sil
14.035640001296995,5,11,8,6,8,6,6,1,-10,3,-3,-8,-3,0,sil
14.035640001296995,-28,-11,-15,-8,5,7,9,0,-15,4,-25,-39,-9,-7,sil
14.05082893371582,-31,-22,-32,-14,8,12,19,0,-4,10,-30,-41,-13,-2,sil
14.05082893371582,-19,-26,-32,-23,5,17,18,1,5,7,-28,-35,-15,-1,sil
14.07147455215454,-24,-26,-35,-28,-4,13,10,3,14,2,-33,-41,-18,-6,sil
14.07147455215454,-22,-23,-35,-26,-7,2,7,6,29,16,-25,-35,-10,0,sil
14.07147455215454,-2,-22,-23,-34,-2,1,16,10,36,29,-2,-12,6,5,sil
14.08290433883667,10,-13,-18,-32,-1,5,21,6,29,14,7,-1,11,6,sil
14.551740407943726,20,16,18,0,0,0,0,-6,-5,2,15,14,9,0,sil
14.551740407943726,14,18,16,6,5,8,5,-2,-6,-10,1,8,-5,-6,sil
14.567593336105348,-12,0,0,1,2,2,-4,-2,-21,-21,-17,-9,-21,-16,sil
14.567593336105348,-20,-8,2,1,-1,0,-7,-4,-33,-15,-26,-24,-22,-19,sil
14.583358526229858,-6,-6,0,6,-4,12,3,0,-12,-1,-24,-22,-10,-8,sil
14.583358526229858,-5,-13,-11,-4,-6,15,8,5,18,4,-16,-12,0,0,sil
14.598536729812622,-21,-26,-22,-24,-18,-5,0,8,22,1,-13,-14,1,-4,sil
14.598536729812622,-28,-27,-32,-26,-25,-26,-14,0,3,0,-19,-17,-6,-17,sil
14.616331815719604,-15,-13,-21,-18,-11,-20,-24,-3,-2,-5,-14,-4,-11,-13,sil
14.616331815719604,0,-3,-9,-12,0,-9,-18,0,12,-12,12,10,0,-4,sil
14.62936234474182,5,2,0,-4,-2,-13,-15,2,8,-10,29,21,10,-2,sil
14.62936234474182,10,15,17,11,2,-9,-17,0,-11,-5,27,29,9,0,sil
14.645408630371094,14,23,19,29,14,4,-6,-6,-12,-8,22,17,0,0,sil
14.645408630371094,6,22,16,35,19,13,1,-9,-11,-18,8,2,-17,-4,sil
14.661434412002563,3,19,19,30,19,23,10,-5,-19,-9,-2,2,-17,0,sil
14.661434412002563,2,7,9,21,9,25,21,-3,-15,14,-3,-2,-1,13,sil
14.676656007766724,-11,-10,-4,5,0,13,23,0,5,25,-10,-12,0,15,sil
14.676656007766724,-11,-15,-5,-2,5,7,19,15,27,25,-13,-12,1,13,sil
14.692525148391724,3,-10,0,-2,2,9,14,18,31,28,-2,-6,12,20,sil
14.692525148391724,2,-12,-7,-10,-10,-3,4,0,15,18,0,-6,14,17,sil
14.70757269859314,-5,-11,-17,-27,-14,-25,-7,-10,-3,-5,-5,-7,7,0,sil
14.70757269859314,5,4,-2,-23,-6,-20,-9,-7,-5,-14,0,-1,5,-7,sil
14.72362494468689,18,25,12,6,6,-1,0,-3,3,-8,6,2,0,-5,sil
14.72362494468689,8,28,16,24,17,4,5,0,1,-7,4,0,-11,-11,sil
14.739162921905518,-8,8,0,9,8,10,9,4,3,6,-2,-13,-6,-13,sil
14.754316806793211,-15,-19,-21,-18,-9,9,5,0,9,15,-15,-18,0,-10,sil
14.754316806793211,-4,-23,-14,-24,-12,-9,-6,-4,-5,-6,-9,2,8,-4,sil
14.754316806793211,15,1,2,-3,-1,-13,-9,-7,-25,-25,17,26,28,11,sil
14.769492864608765,11,17,6,3,0,0,-8,-7,-26,-21,19,21,21,5,sil
14.785624265670776,-5,2,8,1,-4,3,-3,4,-11,-7,1,3,-5,-8,sil
14.785624265670776,0,-5,11,14,0,4,8,18,17,15,2,1,-8,8,sil
14.785624265670776,10,-3,5,13,0,11,5,18,36,26,2,9,5,25,sil
14.800723314285278,8,-10,-8,-12,-11,0,-5,7,27,10,-3,13,6,9,sil
14.816242456436155,9,-9,-3,-22,-11,-21,-10,-1,1,-16,4,18,-5,-3,sil
14.816242456436155,5,1,5,-2,-2,-18,-9,-2,-15,-28,8,10,-18,-7,sil
14.817248106002808,-10,0,0,11,3,0,-4,-1,-20,-19,-9,-13,-22,-16,sil
14.832407236099243,-17,-2,3,9,7,7,1,-11,-27,-4,-17,-23,-23,-16,sil
14.847514629364014,-16,7,10,18,8,14,3,-19,-36,0,-7,-17,-19,-10,sil
14.847514629364014,-11,13,8,33,16,33,9,-6,-20,6,-1,-13,-6,-2,sil
14.86276078224182,0,4,0,19,22,35,20,7,18,29,0,-8,5,10,sil
14.86276078224182,-2,-15,-19,-21,1,-2,5,4,30,33,-4,-7,9,10,sil
14.878459215164185,-9,-25,-24,-41,-17,-32,-13,3,15,3,-12,-5,6,-2,sil
14.878459215164185,4,-12,-9,-17,-8,-18,0,13,29,2,-5,0,9,0,sil
14.893740892410278,16,0,1,-3,0,-8,7,13,46,23,7,8,12,11,sil
14.893740892410278,8,2,-3,-17,-7,-21,-11,1,19,6,9,14,14,9,sil
14.909144163131714,8,11,0,-8,-5,-25,-20,-11,-18,-25,11,17,16,0,sil
14.909144163131714,13,21,17,10,0,-11,-14,-18,-35,-27,22,15,7,-9,sil
14.925241708755491,0,19,16,5,-2,1,-13,-18,-34,-15,18,3,-3,-14,sil
14.925241708755491,-12,11,3,1,-3,4,-15,-11,-34,-16,-2,-8,-10,-12,sil
14.940797567367554,-6,7,9,17,5,7,-3,-8,-30,-20,-18,-15,-18,-8,sil
14.940797567367554,-2,3,12,19,6,19,15,-4,-9,-12,-19,-19,-21,-7,sil
14.956758260726929,-10,-1,2,8,3,32,21,8,6,4,-20,-14,-16,0,sil
14.956758260726929,-14,-4,-13,16,9,29,18,15,8,15,-17,-11,-8,9,sil
14.972472190856934,-6,-10,-21,7,7,13,15,10,22,16,-9,-12,0,15,sil
14.972472190856934,0,-21,-21,-24,-5,-1,9,10,37,15,-6,-5,6,14,sil
14.98761773109436,-1,-22,-28,-35,-7,-13,0,12,25,13,1,0,14,11,sil
14.98761773109436,0,-9,-16,-22,-2,-12,-5,8,11,10,19,9,27,11,sil
15.002770900726318,8,-5,2,-14,-9,-9,-3,2,13,5,19,23,30,9,sil
15.002770900726318,7,-7,2,-16,-11,-18,-7,-3,-1,-12,7,18,10,-5,sil
15.018378734588625,0,2,0,-14,-1,-17,-16,-10,-25,-25,8,2,-8,-22,sil
15.018378734588625,1,14,11,4,5,0,-11,-11,-23,-12,18,0,-13,-21,sil
15.033905982971191,12,17,31,31,13,7,2,-1,-13,0,19,9,-10,-7,sil
15.033905982971191,13,19,33,44,16,7,14,5,-3,4,6,5,-4,0,sil
15.049426317214966,-4,13,12,36,7,13,10,-3,0,8,-13,-10,-8,-3,sil
15.049426317214966,-12,-3,1,15,0,16,4,-7,-3,12,-14,-12,-14,0,sil
15.06503963470459,3,-10,1,6,-8,11,17,5,9,17,-2,0,0,21,sil
15.06503963470459,6,-4,0,2,-14,2,21,12,28,17,-11,7,12,27,sil
15.081554651260376,2,0,1,-1,-12,-10,2,4,23,8,-7,14,12,10,sil
15.081554651260376,14,0,8,0,-7,-19,-7,-1,11,1,19,28,18,3,sil
15.096741676330566,19,0,11,-3,-5,-15,-9,-2,4,-3,20,36,18,9,sil
15.096741676330566,14,0,4,-5,2,-11,-10,-2,0,-10,10,26,9,8,sil
15.11234712600708,23,10,13,3,10,-14,-8,0,0,-10,22,17,12,8,sil
15.112750053405762,22,19,18,12,7,-6,-5,3,-2,-10,24,17,9,6,sil
15.128405570983888,-10,6,-6,-4,1,0,-15,-5,-21,-23,-2,-1,-16,-16,sil
15.128405570983888,-37,-10,-26,-25,0,-4,-32,-17,-33,-37,-28,-35,-38,-39,sil
15.1443452835083,-31,-3,-22,-13,5,-1,-23,-7,-20,-17,-27,-47,-25,-26,sil
15.1443452835083,-20,5,-13,0,9,18,4,3,-11,12,-20,-37,-10,-8,sil
15.160088300704956,-23,-7,-20,-12,3,25,15,-6,-16,6,-42,-43,-25,-19,sil
15.160088300704956,-26,-20,-40,-27,0,16,10,-7,-9,-2,-55,-56,-37,-24,sil
15.175951957702637,-22,-15,-35,-27,2,17,15,13,10,17,-25,-36,-15,-4,sil
15.175951957702637,-19,-16,-22,-29,-2,17,20,15,20,23,-7,-18,1,3,sil
15.191584587097168,-14,-23,-23,-33,-6,0,9,0,18,7,-17,-17,1,1,sil
15.191584587097168,0,-15,-11,-14,0,-10,2,4,23,13,0,0,17,10,sil
15.206764221191406,17,-3,10,6,0,-12,-3,9,21,22,41,35,41,18,sil
15.206764221191406,25,8,26,8,-5,-20,-13,-4,-2,5,54,45,33,11,sil
15.22244429588318,20,26,30,19,-3,-15,-12,-15,-21,-9,34,26,11,0,sil
15.22244429588318,6,24,24,31,-3,-7,-15,-13,-26,-23,10,8,-4,-11,sil
15.237547397613524,5,11,24,26,-3,-4,-18,-5,-22,-33,10,11,-11,-14,sil
15.237547397613524,13,15,29,30,7,7,5,1,-11,-18,16,17,-7,1,sil
15.25288724899292,5,14,27,38,9,17,23,6,-3,2,0,9,-4,10,sil
15.25288724899292,2,-2,11,31,0,11,23,11,5,15,-8,2,-1,7,sil
15.26839280128479,15,-9,6,20,0,11,29,17,26,27,0,7,7,19,sil
15.26839280128479,14,-5,7,7,-2,10,29,16,35,28,-4,13,14,40,sil
15.283862113952637,4,-10,-4,-4,-14,-1,11,7,33,23,-5,14,20,41,sil
15.283862113952637,9,-14,-12,-13,-15,-13,-6,0,26,12,3,17,23,20,sil
15.299377918243408,6,-9,-16,-19,-6,-15,-12,-1,9,-6,-1,9,6,4,sil
15.299377918243408,4,0,-13,-18,-3,-14,-13,-1,2,-14,-6,3,-4,0,sil
15.315362930297852,16,3,-1,-16,-4,-15,-18,-5,1,-12,5,12,2,-9,sil
15.315362930297852,2,1,-11,-21,-4,-19,-30,-21,-22,-24,2,2,-1,-29,sil
15.330795764923096,-14,2,-16,-19,0,-2,-32,-19,-36,-30,-5,-11,-13,-30,sil
15.330795764923096,-2,4,0,-9,5,13,-8,1,-11,-10,11,-7,-2,-13,sil
15.34638285636902,-5,-3,0,-15,4,0,0,0,-9,-8,13,-10,-1,-17,sil
15.34638285636902,-30,0,-10,-19,5,-7,-11,-10,-28,-24,-13,-28,-23,-37,sil
15.361906051635742,-27,10,-4,-1,11,7,-9,-1,-19,-10,-11,-28,-23,-36,sil
15.361906051635742,-13,17,6,15,14,9,4,3,-3,18,14,-5,-4,-12,sil
15.37779426574707,-5,20,14,24,14,12,14,2,5,27,13,3,4,4,sil
15.37779426574707,5,12,11,25,12,20,22,4,17,14,-6,-10,0,4,sil
15.393360376358032,0,-1,5,12,6,9,12,1,12,0,-20,-23,-11,0,sil
15.393360376358032,-8,-2,2,3,0,0,1,0,0,2,-18,-15,-12,5,sil
15.4093976020813,0,0,11,8,4,13,12,6,0,12,-10,-4,-2,15,sil
15.4093976020813,3,-1,11,16,7,21,25,6,2,6,-13,-5,-1,13,sil
15.42551875114441,0,-2,-1,10,3,10,17,0,7,9,-10,1,-1,14,sil
15.42551875114441,9,-1,3,0,0,-3,8,5,14,22,13,24,13,29,sil
15.441546201705933,19,-1,9,10,1,-9,13,11,11,20,22,30,19,35,sil
15.441546201705933,5,-11,-6,13,0,-8,7,1,1,10,6,12,5,17,sil
15.456333637237549,-2,-21,-14,-4,-11,-2,-3,-5,1,8,4,3,6,5,sil
15.456333637237549,11,-12,-6,-9,-11,2,-7,-4,3,-3,8,8,15,7,sil
15.471909523010254,6,-5,-8,-15,-11,-7,-21,-6,-14,-22,-12,2,0,-5,sil
15.471909523010254,-17,-19,-32,-40,-22,-21,-24,-13,-26,-29,-29,-20,-15,-27,sil
15.487738847732544,-19,-24,-31,-43,-25,-14,-10,-7,-8,-33,-21,-25,-16,-29,sil
15.487738847732544,-10,-18,-14,-28,-19,-9,-13,3,2,-27,-16,-15,-15,-15,sil
15.503532886505129,-17,-21,-20,-29,-24,-18,-28,3,-4,-8,-23,-15,-11,-10,sil
15.503532886505129,-9,-10,-15,-23,-17,-18,-16,3,-2,-1,-11,-4,5,-11,sil
15.518547058105469,16,22,7,12,4,-6,5,10,16,6,22,18,25,3,sil
15.518547058105469,23,35,22,32,17,2,6,8,15,24,34,25,23,18,sil
15.533806562423706,12,16,16,15,16,1,-1,-1,-1,11,15,15,4,4,sil
15.54974365234375,7,6,3,2,11,0,2,-3,-1,-13,15,11,7,-6,sil
15.54974365234375,11,20,15,9,5,6,5,1,8,-8,28,22,18,2,sil
15.54974365234375,8,22,20,16,2,2,2,-1,7,2,14,17,1,4,sil
15.565366983413696,-3,6,5,4,5,-1,3,-7,-3,-8,-5,-10,-20,-12,sil
15.565366983413696,-5,7,5,1,13,12,6,-1,-1,-6,8,-10,-8,-13,sil
15.580408334732056,4,14,16,10,15,6,-3,-2,0,13,34,12,10,2,sil
15.59644341468811,5,9,26,16,8,-12,-16,-7,-17,8,27,14,1,7,sil
15.59644341468811,0,6,25,25,10,11,0,0,-16,-1,3,1,-9,4,sil
15.612525939941406,-4,4,11,26,14,32,20,4,5,9,-9,-5,-3,8,sil
15.612525939941406,-6,-4,1,4,7,13,13,1,2,21,-13,-13,-2,0,sil
15.612525939941406,-7,-11,-9,-5,2,7,9,-2,-12,13,-15,-20,-16,-18,sil
15.628261089324951,-15,-8,-14,0,0,22,13,-2,-4,4,-26,-21,-30,-19,sil
15.628261089324951,-13,-1,-6,0,0,18,15,0,10,4,-27,-19,-16,-1,sil
15.643850088119509,6,1,1,0,3,0,17,5,12,3,-10,-3,8,17,sil
15.65954089164734,15,-2,-1,-1,-2,-8,10,6,7,-1,-5,9,11,23,sil
15.65954089164734,2,-10,-13,0,-14,-8,0,0,8,-7,-18,-4,1,15,sil
15.67473292350769,-4,-12,-16,3,-5,-9,-1,-1,6,-5,-17,-12,1,6,sil
15.67473292350769,-3,-10,-11,-9,-1,-4,4,2,5,6,-2,2,7,11,sil
15.690379858016968,0,-9,-10,-23,-13,-3,5,3,5,6,-4,12,9,14,sil
15.690379858016968,6,-3,-6,-5,-7,-12,-7,0,0,-8,-8,6,9,2,sil
15.70559310913086,0,-5,-8,5,-4,-19,-24,-2,-8,-13,0,-3,1,-7,sil
15.70559310913086,-21,-26,-22,-28,-22,-17,-29,-8,-13,-17,0,-13,-10,-13,sil
15.721851348876951,-23,-32,-25,-42,-24,-12,-22,-6,-9,-23,-8,-9,-9,-21,sil
15.721851348876951,-2,-10,-7,-9,-7,-8,-17,5,-5,-10,3,2,4,-17,sil
15.737406253814695,2,0,1,0,-1,-5,-17,4,-5,2,18,9,3,-8,sil
15.737406253814695,-7,-2,-11,-12,0,-1,-7,-3,-1,-3,2,0,-6,-10,sil
15.752752542495728,-4,3,-8,-7,1,0,0,-2,0,-7,-12,-2,-1,-15,sil
15.752752542495728,10,13,15,2,1,0,7,4,2,9,11,12,16,-3,sil
15.768251657485962,23,21,23,13,10,0,14,9,9,24,40,20,25,20,sil
15.768251657485962,25,31,26,25,22,6,6,9,16,17,31,17,16,26,sil
15.783796787261965,20,29,21,20,12,12,-3,0,16,13,22,14,9,10,sil
15.783796787261965,9,17,18,4,3,6,1,-6,9,18,23,11,8,-1,sil
15.799806356430054,5,15,16,11,10,-2,8,-3,4,4,8,5,-1,-2,sil
15.799806356430054,6,13,6,19,11,0,4,-3,-1,-17,-3,1,-14,-4,sil
15.815335512161257,1,7,5,6,2,7,0,-6,-19,-14,-1,3,-15,-6,sil
15.815335512161257,-1,3,5,-3,3,4,8,-6,-25,0,-1,-2,-13,0,sil
15.830352783203123,-6,0,-1,0,7,2,15,-2,-10,-7,-5,-15,-14,2,sil
15.830352783203123,-9,3,2,10,3,10,6,0,-8,-12,-12,-19,-15,-6,sil
15.846407413482666,-5,5,9,22,1,10,0,-1,-12,5,-15,-13,-9,0,sil
15.846407413482666,-5,-7,0,9,1,12,6,0,-3,11,-12,-8,-1,11,sil
15.861572742462158,-16,-21,-18,-5,-5,19,17,4,6,-5,-20,-17,-4,5,sil
15.861572742462158,-20,-22,-19,1,-10,11,13,1,2,-4,-35,-29,-21,-3,sil
15.87674593925476,-8,-23,-12,5,-9,0,4,4,2,9,-32,-19,-18,1,sil
15.87674593925476,0,-24,-17,-14,-11,0,2,13,15,6,-9,6,14,7,sil
15.892462015151978,2,-24,-12,-31,-13,-16,-3,10,23,3,18,21,41,10,sil
15.892462015151978,0,-24,-3,-21,-12,-32,-16,-2,11,8,19,14,26,7,sil
15.907410383224487,-2,-16,-8,-14,-8,-33,-34,-12,-15,-17,-12,1,-8,-14,sil
15.907410383224487,-3,-3,-10,-28,-6,-23,-41,-8,-23,-38,-13,5,-12,-28,sil
15.92278003692627,3,7,-5,-21,-3,-6,-24,-1,-5,-6,19,13,12,-8,sil
15.92278003692627,11,22,15,8,2,2,-8,-2,-3,10,19,17,12,1,sil
15.938329458236694,8,25,21,18,11,2,-4,-6,-13,-7,1,12,-2,-6,please
15.938329458236694,0,17,12,17,15,11,8,-2,-3,0,9,5,2,-1,please
15.954391717910768,3,17,9,24,15,21,23,2,12,19,12,-1,7,10,please
15.954391717910768,7,14,0,16,11,10,16,0,16,10,0,-7,-1,6,please
15.970338821411133,0,3,-4,-6,4,0,1,0,8,0,-5,-10,-8,-4,please
15.970338821411133,-7,0,-1,-6,0,6,6,7,6,12,0,-21,-5,-5,please
15.986400127410889,-7,0,-9,6,0,7,14,9,7,16,3,-24,0,-1,please
15.986400127410889,-4,-3,-12,1,-3,-2,5,3,7,4,5,-1,-1,1,please
16.001774787902832,0,0,-4,-13,-3,-2,3,0,7,-5,0,10,-6,3,please
16.001774787902832,0,0,4,-14,1,3,8,3,5,-4,-2,2,-7,4,please
16.017381191253662,-3,-6,1,-7,-3,0,7,4,3,2,0,1,-1,5,please
16.017381191253662,-3,-9,-6,-5,-10,-4,2,-1,0,-2,-5,-3,-4,1,please
16.032879114151,-2,-2,0,0,-4,1,3,-6,-9,-7,-9,-9,-4,-2,please
16.032879114151,5,2,8,10,-5,2,4,-5,-12,0,5,4,10,7,please
16.048344612121582,22,1,12,9,-6,-2,0,0,-1,0,14,24,17,19,please
16.048344612121582,22,5,14,7,2,4,1,6,8,5,7,22,13,17,please
16.06385040283203,1,0,0,8,7,3,5,5,7,13,-1,0,8,4,please
16.06385040283203,-9,-14,-11,1,0,-12,-6,-3,-7,-8,-15,-16,-5,-10,please
16.085575819015503,-5,-10,-7,1,-4,-11,-14,-3,-14,-24,-13,-8,-19,-12,please
16.085575819015503,3,0,6,9,-1,-4,-12,2,0,-3,7,10,-10,0,please
16.08657741546631,11,1,15,12,6,-7,-14,3,12,12,20,16,9,6,please
16.094654083251953,12,9,9,13,16,-1,-14,0,5,7,16,7,19,5,please
16.110758304595947,5,17,4,12,11,6,-14,-6,-11,-6,8,6,15,0,please
16.110758304595947,-1,11,0,2,0,0,-10,-12,-25,-18,5,9,5,-6,please
16.12635350227356,-6,9,1,-7,2,0,0,-10,-28,-12,3,6,-4,-13,please
16.12635350227356,-9,5,0,-11,4,9,1,-6,-23,-2,-4,-7,-13,-18,please
16.141879558563232,-17,-9,-14,-16,-5,5,-7,-7,-21,-12,-24,-24,-20,-24,please
16.141879558563232,-28,-18,-19,-22,-10,-9,-9,-4,-23,-18,-32,-25,-26,-24,please
16.157583951950073,-18,-10,-7,-15,-1,-7,5,3,0,5,-16,-10,-15,-7,please
16.157583951950073,5,0,3,-9,0,4,10,9,25,20,0,6,1,13,please
16.173465251922607,6,-2,-1,-16,-13,4,0,10,19,1,-2,5,0,14,please
16.173465251922607,-6,-14,-13,-14,-19,-3,7,2,8,-5,-14,-15,-2,1,please
16.189034461975098,-7,-9,-9,0,-9,3,26,3,16,10,-9,-21,7,0,please
16.189034461975098,0,1,-1,5,3,15,35,19,23,14,0,-11,6,6,please
16.20479464530945,1,4,0,9,14,14,29,18,19,4,-3,-8,0,4,please
16.20479464530945,-5,2,0,9,12,8,16,3,18,8,-3,-10,4,0,please
16.220417737960815,-4,-1,-5,4,0,-2,3,0,23,17,10,-2,14,0,please
16.220417737960815,11,0,7,7,-2,-9,-5,-2,23,12,24,15,14,9,please
16.236562967300415,22,15,20,18,12,0,-5,-5,19,10,25,21,11,21,please
16.251706838607788,21,20,13,19,19,4,-9,-4,10,10,17,16,8,20,please
16.251706838607788,20,11,9,16,7,-5,-15,-5,0,4,11,20,8,15,please
16.266660690307617,20,0,6,12,-4,-9,-14,-7,-6,6,13,24,10,14,please
16.266660690307617,5,-8,-6,-4,-9,-9,-22,-11,-16,0,6,12,1,0,please
16.266660690307617,-10,-5,-12,-8,-8,-10,-24,-14,-30,-20,-6,-1,-11,-15,please
16.283384323120117,-10,0,-3,-1,-4,-4,-5,-4,-33,-23,-4,3,-10,-13,please
16.283384323120117,-11,-8,-1,-17,-5,-1,0,6,-23,-12,-1,8,-4,-7,please
16.297425508499146,-19,-15,-10,-25,-8,-8,-12,0,-16,-12,-17,-9,-11,-18,please
16.31278657913208,-14,-9,0,-5,-8,-9,-7,-3,-16,-21,-20,-20,-16,-20,please
16.31278657913208,-6,0,7,-2,-5,0,7,3,-11,-15,-1,-8,-6,-8,please
16.32796859741211,-13,0,-3,-19,-4,2,2,-2,-11,-13,0,-13,-6,-12,please
16.32796859741211,-12,0,-4,-10,0,5,-5,-6,-17,-20,-17,-22,-15,-24,please
16.34355664253235,2,1,2,13,7,9,0,3,-4,-11,-14,-12,-10,-12,please
16.34355664253235,9,4,5,14,9,13,6,10,15,11,0,-1,-1,9,please
16.358673810958862,13,12,14,11,13,23,16,12,19,30,8,5,6,20,please
16.358673810958862,19,19,11,17,12,18,27,3,5,25,8,12,15,16,please
16.374786615371704,12,13,4,13,-3,-5,9,-9,-9,0,1,9,2,2,please
16.374786615371704,9,2,0,3,-7,-13,-7,-5,0,-3,2,1,-6,1,please
16.389796257019043,8,0,-2,1,4,-6,-1,5,18,7,2,0,2,7,please
16.389796257019043,-3,0,-5,6,5,-2,5,6,27,7,-7,-1,9,4,please
16.405531883239746,-1,-2,0,9,2,6,14,12,44,29,0,2,23,16,please
16.405531883239746,12,0,9,7,12,15,28,23,43,47,20,13,39,30,please
16.4217312335968,2,0,0,1,4,1,18,14,15,16,14,8,25,17,please
16.4217312335968,-9,-13,-9,-10,-11,-13,-5,-4,2,-9,8,5,9,8,please
16.437347412109375,-4,-17,-6,-23,-12,-12,-13,-10,3,-3,11,8,6,7,please
16.437347412109375,-6,-10,-14,-22,-8,-16,-16,-12,-13,-11,-3,-7,-9,-8,please
16.452491998672485,-18,-6,-16,-17,-8,-22,-29,-16,-23,-19,-14,-16,-21,-18,please
16.452863931655884,-14,-9,-15,-15,-7,-8,-21,-12,-16,-6,-1,-4,-13,-15,please
17.91635036468506,6,10,16,19,9,12,9,12,38,2,0,2,-10,8,please
17.91635036468506,6,9,9,12,3,21,13,0,23,13,6,5,-4,8,please
17.93187665939331,2,8,5,7,11,26,5,-10,3,8,5,5,0,0,please
17.93187665939331,-8,6,4,13,16,14,-11,-12,-12,-2,0,-1,-15,-10,please
17.947511196136475,-22,0,3,14,6,0,-22,-13,-21,-8,-2,-8,-21,-20,please
17.947511196136475,-20,-3,0,10,4,-1,-17,-7,-9,-9,1,-4,-6,-19,please
17.962844610214233,-14,0,4,13,9,8,-7,5,16,2,10,3,5,-3,please
17.962844610214233,-5,1,8,20,8,17,9,16,31,33,22,13,17,14,please
17.977885723114014,9,4,9,19,0,13,28,14,29,41,20,10,27,20,please
17.977885723114014,10,3,9,6,-11,0,25,5,11,14,0,5,16,10,please
17.99647092819214,0,-7,-6,-2,-10,0,21,1,-8,7,-9,5,12,4,please
17.99647092819214,-2,-19,-20,-9,-10,8,26,9,-4,15,-1,-2,15,4,please
18.009493350982666,-4,-17,-8,-10,-18,5,23,12,9,5,-9,-21,-2,-2,please
18.009493350982666,-5,-13,-4,-3,-12,-9,12,0,6,-8,-27,-24,-16,-4,please
18.02557826042176,2,-12,-4,-3,-3,-14,1,-7,-8,-16,-21,-9,-5,2,please
18.02557826042176,18,-3,3,-2,-7,-13,-8,-4,-12,-17,-10,-4,0,7,please
18.04063367843628,22,1,6,0,-7,-28,-24,-3,-18,-22,-15,-6,-7,5,please
18.04063367843628,6,0,-1,-10,-5,-40,-37,-10,-30,-23,-14,1,-7,0,please
18.056702375411987,7,2,-2,-7,-5,-26,-35,-19,-25,-1,7,18,1,5,please
18.056702375411987,25,10,5,1,3,-10,-33,-19,-19,8,23,28,4,9,please
18.072336435318,10,1,-5,-12,11,-5,-35,-10,-23,-8,14,18,2,-3,please
18.072336435318,-18,-6,-23,-35,6,1,-23,-5,-11,-17,3,0,0,-22,please
18.09539246559143,-16,2,-16,-31,10,17,0,1,5,-4,0,-15,-9,-26,please
18.09539246559143,-13,5,-15,-16,13,26,23,8,4,4,-7,-28,-11,-17,please
18.09539246559143,-29,-3,-16,-16,4,24,34,15,4,1,-15,-31,-12,-11,please
18.10294795036316,-33,-7,-10,-14,5,23,40,24,20,13,-13,-24,-14,-10,please
18.11865830421448,-22,-9,-12,-1,9,22,43,20,26,29,-8,-9,0,0,please
18.11865830421448,-17,-17,-15,-5,0,17,30,5,13,14,-15,5,9,15,please
18.13538289070129,-11,-19,-9,-16,-10,1,10,-1,11,1,-19,-4,0,21,please
18.13538289070129,6,-8,6,-2,-7,-10,-7,0,15,10,0,-9,0,13,please
18.14941024780273,24,7,21,20,-6,-15,-24,0,4,-4,33,28,13,-2,please
18.164587020874023,24,15,23,22,-14,-25,-31,-1,0,-30,43,44,17,-7,please
18.164587020874023,22,23,34,22,-16,-29,-29,0,8,-18,31,22,13,6,please
18.17981004714965,32,36,40,42,-4,-17,-28,-8,-5,-3,24,22,7,15,please
18.17981004714965,32,35,34,57,13,-3,-25,-20,-37,-17,19,26,-2,6,please
18.195465564727783,23,22,28,54,20,10,0,-9,-25,-10,10,7,0,7,please
18.195465564727783,16,18,23,43,14,17,16,-1,-6,14,4,1,8,8,please
18.21063756942749,2,13,13,24,13,11,10,-14,-24,6,-3,1,-4,-6,please
18.21063756942749,-11,-2,-7,3,9,8,15,-13,-29,-9,-18,-12,-24,-10,please
18.22581267356873,-22,-22,-23,-13,-3,10,28,8,0,2,-27,-24,-24,-6,please
18.22581267356873,-31,-29,-29,-30,-9,17,23,17,22,21,-23,-27,-7,-15,please
18.24078774452209,-36,-22,-33,-38,-7,17,10,9,26,17,-16,-27,-1,-21,please
18.24078774452209,-31,-13,-22,-39,-9,0,-4,5,23,3,-17,-13,-6,-16,please
18.25637602806092,-8,-10,-4,-27,-4,-16,-9,2,16,4,-5,2,7,-1,please
18.25637602806092,14,-7,5,-18,2,-12,-1,0,10,12,18,15,28,13,please
18.271482944488525,14,0,2,-20,-1,-12,-4,3,8,7,21,13,23,17,please
18.271482944488525,7,5,-7,-14,-3,-14,-16,1,4,-6,6,3,10,14,please
18.28661274909973,15,11,0,6,6,-3,-15,-5,0,-13,10,11,10,15,please
18.28661274909973,22,11,11,24,8,2,0,0,7,10,23,24,21,26,please
18.3017635345459,14,2,10,15,1,0,6,8,10,29,10,10,15,25,please
18.3017635345459,-1,-10,-2,-9,-2,4,10,0,-6,2,-17,-12,-14,0,please
18.31726145744324,-9,-17,-15,-17,-5,6,18,0,-11,-22,-29,-21,-30,-18,sil
18.31726145744324,-5,-9,-6,-7,-3,0,12,11,3,-9,-19,-11,-19,-7,sil
18.332703590393063,-3,-7,-1,-1,-1,0,-1,5,5,0,-9,-2,-13,-1,sil
18.332703590393063,-15,-17,-18,-5,-4,1,-11,-9,-9,-16,-17,-13,-25,-18,sil
18.348409414291385,-31,-14,-21,-7,-6,0,-12,-15,-19,-30,-32,-27,-34,-32,sil
18.348409414291385,-27,-3,-16,-7,-10,-1,-4,-11,-19,-23,-31,-31,-27,-30,sil
18.36371159553528,-13,-8,-12,-15,-13,-2,-3,-4,-17,-8,-20,-21,-18,-19,sil
18.36371159553528,-5,-4,-3,-5,-4,0,-5,-3,-13,0,-8,-5,-6,-4,sil
18.37903141975403,8,15,13,17,5,5,0,-2,0,8,14,15,18,8,sil
18.39484977722168,25,23,23,19,6,2,0,4,14,16,35,27,36,13,sil
18.39484977722168,21,17,12,10,9,-4,0,7,16,17,39,22,34,13,sil
18.39484977722168,16,18,10,12,17,3,2,3,10,18,45,29,32,21,sil
18.4107632637024,25,23,22,18,14,11,-6,-1,4,11,48,40,26,20,sil
18.4107632637024,18,18,16,15,4,-5,-14,-5,-13,-10,28,23,8,2,sil
18.42673110961914,2,16,4,10,6,-20,-2,-1,-14,-16,11,8,5,0,sil
18.42673110961914,3,18,4,9,7,-11,1,2,2,-3,13,8,10,3,sil
18.441831827163696,0,9,11,1,0,0,-10,0,-7,-11,0,-5,-10,-11,sil
18.441831827163696,-17,-8,7,-3,-3,5,-1,-3,-21,-14,-28,-27,-29,-21,sil
18.457374572753903,-18,-18,0,0,-1,10,18,-3,-4,3,-34,-28,-18,0,sil
18.473986387252808,-9,-14,2,2,-3,16,20,4,10,16,-23,-17,-7,13,sil
18.473986387252808,-12,-18,-2,1,-3,17,21,11,14,20,-25,-25,-10,6,sil
18.48801612854004,-12,-29,-18,-9,-4,10,18,7,18,19,-35,-24,-10,6,sil
18.48801612854004,1,-24,-17,-18,-8,-2,5,4,14,14,-20,-4,-2,12,sil
18.503154754638672,7,-11,-10,-13,-7,-16,-7,3,13,13,1,5,5,8,sil
18.503154754638672,3,-8,-3,-11,-2,-18,-12,0,22,5,0,9,11,0,sil
18.518701553344727,8,-3,-5,-13,0,-13,-7,-2,19,0,0,17,12,0,sil
18.518701553344727,13,4,-3,-9,0,-11,-6,-7,1,-5,18,19,9,-1,sil
18.53437066078186,8,9,4,0,-1,-5,-7,-4,-14,-14,25,18,7,-3,sil
18.53437066078186,2,11,4,6,-8,0,-5,-1,-17,-24,20,15,6,-1,sil
18.55021643638611,-5,9,0,0,-5,0,-8,-2,-14,-25,13,0,-3,-10,sil
18.55021643638611,-11,8,-3,0,4,3,-7,0,-6,-7,13,-8,-6,-25,sil
18.56501030921936,-4,16,1,9,11,6,-1,2,1,10,17,1,0,-20,sil
18.56501030921936,-1,16,13,12,9,6,0,0,-2,3,8,7,0,-3,sil
18.580471754074097,-3,8,11,11,7,15,6,-3,-9,-8,-8,-1,-7,3,sil
18.580471754074097,5,15,13,24,11,23,18,1,-2,0,-13,-8,-20,5,sil
18.596023082733154,10,15,13,36,13,21,21,2,3,7,-8,-9,-20,10,sil
18.596023082733154,-4,-9,-4,11,2,12,8,-2,-1,4,-14,-11,-6,9,sil
18.61174440383911,-17,-30,-19,-22,-12,0,-10,-4,-7,3,-18,-9,1,4,sil
18.61174440383911,-10,-29,-23,-29,-20,-9,-15,-1,-6,7,-13,-10,2,2,sil
18.626752853393555,-1,-20,-19,-25,-17,-10,-5,-1,-8,4,-10,-6,4,0,sil
18.626752853393555,0,-13,-13,-22,-8,-5,3,-1,-3,-9,-14,0,3,0,sil
18.641722679138184,6,-10,-3,-13,0,-3,10,0,5,-14,-11,3,4,5,sil
18.641722679138184,15,-7,4,-8,-2,-9,15,7,16,4,4,9,16,10,sil
18.656902551651,11,0,-4,-10,-7,-14,11,10,25,20,18,5,21,6,sil
18.656902551651,-5,1,-8,-12,-3,-16,-9,3,10,7,15,-1,8,-6,sil
18.67279553413391,-17,-1,-7,-12,1,-18,-23,-1,-8,-11,4,-7,-2,-19,sil
18.67279553413391,-12,0,-9,-12,3,-12,-19,-1,-8,-26,-6,-10,-10,-21,sil
18.687694311141968,2,15,5,4,8,0,-16,-2,-5,-27,-6,-3,-12,-14,sil
18.687694311141968,17,34,25,33,15,5,-12,-5,-2,-2,22,15,3,2,sil
18.70354390144348,19,35,31,41,15,-3,-5,0,-1,12,37,23,14,11,sil
18.70354390144348,14,25,27,35,10,-8,-6,3,-11,6,15,8,4,5,sil
18.7186975479126,13,21,25,38,8,1,-10,-7,-19,5,-3,0,-2,5,sil
18.7186975479126,2,15,23,31,7,16,-2,-19,-18,10,-1,3,-5,9,sil
18.734476566314697,-11,-2,7,17,2,23,11,-10,-7,11,-4,-1,-17,6,sil
18.734476566314697,-12,-12,-3,7,0,25,16,5,9,12,-11,-13,-22,0,sil
18.750008583068848,-10,-14,-8,-1,0,28,26,12,23,16,-9,-13,-10,0,sil
18.750008583068848,-15,-21,-16,-13,-1,24,40,13,24,18,-13,-10,-2,3,sil
18.76517224311829,-17,-29,-22,-33,-6,11,32,15,20,17,-20,-11,-3,3,sil
18.76517224311829,-19,-35,-30,-48,-15,-3,12,11,22,17,-14,-15,0,-3,sil
18.78044533729553,-17,-34,-27,-45,-20,-14,0,3,13,5,-11,-8,8,-2,sil
18.795685052871704,-1,-19,-13,-30,-17,-16,-2,1,4,-13,-13,11,10,6,sil
18.795685052871704,13,-2,-8,-20,-14,-16,-4,3,11,-19,3,25,16,9,sil
18.812745809555054,20,5,4,-9,-11,-13,-3,2,12,-19,22,27,21,7,sil
18.812745809555054,24,5,12,2,-2,-11,0,0,0,-22,19,21,12,3,sil
18.812745809555054,19,7,2,3,1,-20,-16,-7,-13,-19,15,17,4,-3,sil
18.827688932418823,17,19,7,7,3,-24,-38,-13,-23,-12,27,15,9,0,sil
18.84156179428101,25,29,22,26,13,-14,-30,-17,-29,-8,32,15,17,4,sil
18.84156179428101,18,25,20,28,16,-8,-17,-14,-29,-13,17,9,10,-3,sil
18.85637354850769,-8,15,0,12,9,-6,-17,-8,-23,-16,-6,-10,-9,-22,sil
18.85637354850769,-30,3,-17,0,8,4,-13,-7,-21,-15,-25,-28,-33,-36,sil
18.87172746658325,-30,-6,-14,-1,12,22,0,0,-15,0,-22,-27,-32,-31,sil
18.87172746658325,-19,-2,-4,8,15,28,9,10,4,18,-5,-21,-12,-12,sil
18.887662172317505,-12,6,2,16,14,29,11,13,15,21,-1,-16,-4,0,sil
18.887662172317505,-13,0,0,16,0,23,10,7,7,12,-12,-14,-12,-1,sil
18.9024305343628,-8,-10,-1,3,-12,1,4,0,-5,-2,-19,-17,-16,0,sil
18.9024305343628,5,-2,6,-1,-6,-10,4,1,-1,-6,-15,-9,-9,8,sil
18.91767168045044,20,5,12,9,-1,1,16,3,9,11,-9,3,4,22,sil
18.91767168045044,17,0,19,11,-7,9,20,1,12,28,-7,7,11,31,sil
18.932896375656128,12,0,18,3,-10,3,13,1,16,26,0,8,13,29,sil
18.932896375656128,18,6,8,0,-5,-2,4,1,17,10,8,15,15,22,sil
18.94854974746704,16,1,4,-2,0,-3,0,-5,9,-3,7,14,11,16,sil
18.94854974746704,0,-8,-7,-7,0,0,1,-7,11,2,5,0,7,12,sil
18.963776111602783,-17,-16,-16,-15,-1,0,3,1,13,8,6,-2,6,0,sil
18.963776111602783,-24,-22,-24,-24,0,-7,0,5,8,-3,1,-1,1,-16,sil
18.97979474067688,-20,-17,-30,-21,-4,-14,0,1,7,-11,-3,-9,-4,-20,sil
18.97979474067688,-10,0,-15,-15,-5,-9,0,4,2,-4,0,-4,-5,-13,sil
18.995136976242065,-3,4,-1,-15,4,-2,1,6,-2,4,12,10,3,-13,sil
18.995136976242065,-1,-3,-2,-9,7,-4,6,4,2,4,13,10,9,-13,sil
19.01067066192627,0,-4,-2,-2,-5,-10,3,0,-2,-7,0,-2,-3,-10,sil
19.01067066192627,1,1,3,-6,-10,-13,-4,-10,-24,-24,-3,-1,-16,-11,sil
19.02670741081237,8,5,13,-2,0,-6,-7,-3,-24,-24,3,12,0,2,sil
19.02670741081237,16,3,10,12,4,-1,-7,2,-10,-10,7,15,12,22,sil
19.04185461997986,15,4,11,12,-4,-8,-23,-13,-17,-9,3,8,-3,11,sil
19.04185461997986,11,4,16,8,-5,-11,-33,-15,-23,-6,3,7,-12,-6,sil
19.057408809661865,9,0,6,12,0,3,-23,2,-10,0,5,3,0,-4,sil
19.057408809661865,2,-1,0,9,4,16,-6,2,-3,-4,0,-2,2,0,sil
19.072714805603027,0,7,4,11,6,18,5,-1,1,0,-6,-8,0,2,sil
19.08823275566101,4,15,8,23,10,23,11,7,14,16,-2,0,7,12,sil
19.08823275566101,1,11,4,15,10,18,15,10,25,23,8,7,16,7,sil
19.08823275566101,-10,3,-6,-12,4,-2,11,1,24,18,9,-7,10,-7,sil
19.10338234901428,-25,3,-11,-17,0,-11,0,0,9,8,-5,-24,-6,-13,sil
19.10338234901428,-27,-1,-15,-5,-2,-1,-3,0,1,0,-13,-22,-15,-17,sil
19.119415998458862,-12,-15,-16,-11,-3,6,7,0,6,4,-13,-13,-11,-15,sil
19.13475871086121,1,-8,-4,-4,-1,10,19,0,7,9,-11,-6,-6,1,sil
19.13475871086121,8,10,5,24,6,10,22,3,4,0,-5,1,0,15,sil
19.15079140663147,12,9,6,15,5,2,10,6,4,-12,0,13,2,12,sil
19.15079140663147,12,-4,0,-17,-7,-9,0,1,-5,-10,-5,15,0,5,sil
19.15079140663147,4,-4,2,-15,-9,-14,-5,-9,-23,-21,-13,2,-8,-1,sil
19.165815114974976,6,6,17,11,0,-10,-7,-11,-18,-21,-8,1,-2,0,sil
19.183391332626343,15,10,20,27,-1,-5,-2,-1,-1,9,7,18,17,15,sil
19.183391332626343,8,0,12,17,-1,-2,-3,3,-8,8,11,14,15,16,sil
19.183391332626343,-1,-10,-3,-3,3,-1,-6,-1,-19,-20,2,-8,-5,-4,sil
19.19741153717041,0,0,-8,-3,7,-3,-10,-3,-4,-9,7,-11,-8,-7,sil
19.212565183639526,0,8,1,5,5,4,-13,0,4,13,20,-1,0,-1,sil
19.212565183639526,-22,-8,-9,-8,-1,7,-4,-4,-4,7,7,-11,-9,-13,sil
19.229636669158936,-33,-25,-24,-25,-10,-3,6,-2,0,6,-12,-22,-14,-19,sil
19.229636669158936,-16,-16,-18,-10,-5,0,13,10,21,29,-8,-15,0,0,sil
19.244510173797607,1,-6,-9,0,5,13,22,8,26,35,-2,-6,6,16,sil
19.244510173797607,2,-9,-7,-12,0,5,19,0,15,8,-8,-2,-4,8,sil
19.25980353355408,0,-10,-12,-23,-13,-6,0,3,9,-7,-7,-1,0,0,sil
19.25980353355408,8,-7,-11,-27,-10,-7,-9,9,7,-2,1,10,17,5,sil
19.27544331550598,20,0,-2,-26,-1,-6,-3,3,4,-4,18,25,26,15,sil
19.27544331550598,18,12,9,-9,0,-13,-11,-7,0,-16,28,30,17,8,sil
19.290592908859253,4,20,16,6,0,-18,-22,-11,-6,-21,16,17,0,-9,sil
19.290592908859253,0,17,10,8,3,-12,-15,-8,-15,-16,0,0,-9,-18,sil
19.306362867355347,0,17,16,19,9,1,-11,-8,-25,-12,-4,-1,-7,-13,sil
19.306362867355347,-3,12,22,33,7,11,-11,-4,-19,-7,-9,-1,-12,-11,sil
19.32190990447998,-9,-1,6,25,0,14,0,4,-1,-1,-12,-9,-14,-9,sil
19.32190990447998,-3,-4,0,10,2,15,8,7,8,4,-2,-5,1,0,sil
19.337543725967407,2,5,6,14,7,11,12,2,9,8,0,4,12,9,sil
19.337543725967407,0,10,11,19,2,7,9,0,0,-1,-8,1,-5,8,sil
19.35285472869873,-1,5,5,13,4,3,12,0,-6,-8,-8,-6,-18,2,sil
19.35285472869873,1,0,-8,3,12,0,17,1,5,3,-5,-9,-5,0,sil
19.367929220199585,0,-4,-8,-5,0,-4,4,2,10,11,-8,-1,2,1,sil
19.367929220199585,-3,-7,-10,-10,-14,-6,-2,-1,0,7,-7,0,0,4,sil
19.38353085517884,0,-8,-16,-14,-6,-3,5,0,-4,9,4,-2,4,2,sil
19.38353085517884,2,0,-3,-10,4,3,9,5,1,16,13,2,18,4,sil
19.398701429367065,1,0,8,0,0,6,0,2,4,10,8,1,15,6,sil
19.398701429367065,2,-7,2,0,1,2,-9,2,0,-4,1,-2,1,2,sil
19.41434383392334,3,-12,-11,-13,2,-4,-6,2,-4,-9,1,-5,-3,0,sil
19.41434383392334,0,-15,-10,-23,-12,-16,-12,-5,-10,-10,-4,-10,-10,-7,sil
19.4304416179657,-10,-15,-5,-14,-21,-16,-17,-5,-14,-3,-12,-11,-15,-14,sil
19.4304416179657,-5,-1,-6,0,-8,-8,-8,0,2,8,3,3,-1,-3,sil
19.446388483047485,9,10,4,0,1,-3,-5,-1,16,0,16,18,7,7,sil
19.446388483047485,11,12,15,5,5,5,0,-2,6,-10,1,6,0,4,sil
19.46142625808716,1,17,11,24,10,16,11,0,-5,-5,-3,-2,-4,0,sil
19.46142625808716,0,12,4,21,8,10,8,0,-4,0,8,3,0,0,sil
19.47686243057251,1,-3,-3,-4,0,0,0,-2,0,6,5,1,3,-2,sil
19.47686243057251,-1,-1,0,-4,0,-1,2,-2,6,17,0,0,6,0,sil
19.49246644973755,-1,9,1,9,5,1,9,2,11,12,10,7,10,0,sil
19.49246644973755,-3,-1,-7,-2,2,3,3,3,5,-7,9,3,7,0,sil
19.50842428207397,-7,-13,-8,-15,-3,3,0,0,-5,-16,-6,-6,-2,-5,sil
19.50842428207397,-6,-4,-4,-3,-4,0,5,0,-10,-12,-18,-9,-12,-8,sil
19.523671865463257,-7,0,-7,-5,0,0,3,-2,-11,-14,-19,-9,-13,-1,sil
19.523671865463257,-7,-7,-11,-18,0,1,-3,0,-2,-10,-13,-9,-5,4,sil
19.53927659988404,-2,-3,-4,-6,-1,-2,-5,0,2,1,-7,-2,0,0,sil
19.53927659988404,0,4,10,8,-6,-9,-1,-3,3,4,-4,2,0,-6,sil
19.554386138916016,-3,-2,4,0,-5,-3,0,0,13,9,0,0,2,-3,sil
19.554386138916016,-1,-14,-2,-14,0,3,0,10,15,12,-4,0,0,4,sil
19.570490837097168,4,-7,0,4,0,0,0,9,8,9,-11,-4,-3,11,sil
19.570490837097168,19,10,14,29,2,-3,0,2,16,16,9,5,6,16,sil
19.585802793502808,25,13,20,15,11,4,2,3,13,22,32,24,19,19,sil
19.585802793502808,4,0,1,-10,0,0,2,0,-11,2,15,10,5,8,sil
19.60181427001953,-13,-1,-8,-10,-12,-12,-2,-10,-29,-24,-8,-9,-16,-12,sil
19.60181427001953,0,11,4,5,-2,-4,0,-5,-16,-12,-3,-1,-8,-14,sil
19.61737895011902,11,15,12,16,10,7,2,1,1,6,15,14,12,0,sil
19.61737895011902,3,15,12,18,9,4,-3,3,-1,-2,21,10,9,3,sil
19.63269329071045,0,11,2,9,4,0,-8,0,-14,-10,5,-2,-4,-6,sil
19.63269329071045,2,0,-4,1,3,0,-9,-3,-17,-4,-7,-4,-8,-12,sil
19.648499965667725,2,3,1,13,4,0,-4,-2,-6,-4,0,2,1,-5,sil
19.648499965667725,-2,4,4,8,3,3,0,-3,1,-6,5,-2,0,0,sil
19.66369342803955,-14,-14,-9,-19,-1,6,-1,-4,0,-3,-13,-14,-16,-8,sil
19.66369342803955,-15,-23,-21,-19,-1,5,5,0,3,3,-19,-14,-13,-11,sil
19.6797993183136,-2,-11,-3,-1,0,1,13,2,9,7,0,-3,12,3,sil
19.6797993183136,3,-8,7,-5,-6,-4,1,0,5,7,10,5,19,11,sil
19.69533038139344,-2,-9,-7,-14,-10,-12,-12,-4,-3,0,-1,4,5,3,sil
19.69533038139344,-3,0,-7,-10,-5,-10,-10,0,-10,-16,-13,0,0,2,sil
19.710818767547607,3,4,0,-3,-2,-2,3,2,-2,-9,-4,0,2,9,sil
19.710818767547607,4,0,-4,-5,-6,0,7,2,6,5,0,3,-2,8,sil
19.726787328720093,-3,-5,-14,-8,-13,1,6,7,10,6,-9,-4,-4,2,sil
19.726787328720093,-14,-8,-17,-2,-3,7,13,10,19,12,-16,-18,0,0,sil
19.741530179977417,-15,-7,-10,-1,9,8,11,9,19,20,-10,-14,-2,-5,sil
19.741530179977417,-5,-5,-8,-9,1,0,-2,2,4,3,0,-5,-9,-9,sil
19.757746696472168,2,-1,-3,-9,-8,-7,-10,-7,-5,-21,0,1,-9,-9,sil
19.771881341934204,5,1,8,-3,-1,-2,-2,-3,0,-11,0,8,-4,-2,sil
19.771881341934204,0,1,2,0,0,0,6,2,12,19,9,5,0,7,sil
19.78740930557251,-6,0,1,1,-4,-1,2,-3,10,18,15,-3,0,0,sil
19.78740930557251,2,6,12,4,0,-7,-9,-9,-2,0,8,0,1,-4,sil
19.80273056030273,14,11,19,0,6,-11,-20,-4,-11,-8,5,10,6,4,sil
19.80273056030273,15,17,17,6,6,-5,-20,0,-8,-13,8,14,10,5,sil
19.81837296485901,13,17,12,16,2,1,-6,5,-6,-11,14,7,9,1,sil
19.81837296485901,13,10,15,8,6,3,3,3,-4,-7,10,5,6,4,sil
19.83350276947021,12,11,17,8,16,9,8,-3,0,-4,-1,10,7,3,sil
19.83350276947021,18,27,24,32,22,18,10,-3,1,2,0,16,12,5,sil
19.84956884384156,27,35,34,48,24,21,17,6,3,18,23,23,15,20,sil
19.84956884384156,19,16,18,28,25,13,22,8,8,17,28,19,15,19,sil
19.865350008010864,-9,-10,-12,-6,7,-2,5,-7,-14,-12,-4,-2,-9,-9,sil
19.865350008010864,-31,-23,-32,-17,-12,-12,-10,-16,-43,-33,-43,-31,-45,-35,sil
19.88037705421448,-28,-23,-30,-10,-13,-11,-6,-8,-36,-20,-42,-37,-39,-32,sil
19.88037705421448,-18,-23,-18,-10,-9,-6,-1,0,-10,2,-11,-19,-9,-12,sil
19.896435499191284,-17,-18,-17,-8,-9,4,0,0,3,18,2,-7,-3,-2,sil
19.896435499191284,-23,-18,-21,-7,-8,11,4,-2,4,13,-7,-10,-17,-7,sil
19.911597728729248,-25,-28,-22,-18,-16,5,1,0,4,0,-13,-19,-19,-9,sil
19.911597728729248,-17,-29,-24,-22,-25,-1,0,4,13,0,-7,-18,-5,-3,sil
19.926761865615845,-7,-20,-18,-16,-16,-2,3,9,16,4,-4,-9,11,6,please
19.926761865615845,-4,-15,-10,-8,-12,-5,2,8,15,5,-5,-3,20,15,please
19.942742109298703,-3,-10,1,-6,-16,-9,-3,8,19,8,-4,2,19,13,please
19.942742109298703,5,1,6,1,-7,-8,2,11,29,16,6,16,26,16,please
19.95870780944824,20,5,7,3,-1,-11,0,3,21,3,20,20,29,27,please
19.95870780944824,28,10,25,-6,-8,-10,-20,-3,1,-18,16,9,13,13,please
19.97437334060669,21,23,30,-2,-1,-1,-17,-4,-3,-10,10,14,4,0,please
19.97437334060669,19,23,21,5,10,1,-2,-1,0,6,12,51,7,17,please
19.99038529396057,23,10,17,0,10,0,-3,1,8,2,18,44,10,16,please
19.99038529396057,11,9,-1,5,14,-1,-4,0,10,3,27,-26,11,-17,please
20.00648283958435,2,26,-11,8,17,-4,-3,-8,-8,6,20,-20,2,-11,please
20.00648283958435,15,36,10,-10,8,-6,-5,-9,-20,-10,-3,58,-11,6,please
20.021578073501587,13,20,18,-4,9,-2,-6,-4,-13,-18,-2,28,-7,-17,please
20.021578073501587,-2,6,-5,29,17,0,-3,0,-15,0,12,-64,0,-21,please
20.037585020065308,-6,15,-14,22,14,0,4,0,-18,-1,-1,-36,-12,2,please
20.037585020065308,-14,20,5,-14,10,8,13,-3,-15,-19,-26,21,-29,-4,please
20.053346872329712,-18,3,17,-30,19,22,15,-4,-13,-9,-29,-20,-28,-23,please
20.053346872329712,-9,-18,10,-29,26,20,13,0,-11,6,-32,-46,-30,-21,please
20.068929433822632,-22,-32,-20,-3,3,17,13,0,-16,-5,-41,-27,-31,-19,please
20.068929433822632,-40,-27,-47,35,-18,20,16,-1,-21,-10,-28,-41,-15,-3,please
20.084588289260864,-16,-8,-18,35,0,16,16,6,1,10,2,-14,6,21,please
20.084588289260864,1,-12,3,25,6,2,12,16,42,33,21,40,20,17,please
20.105796575546265,-7,-29,-5,27,-22,-6,0,7,40,30,12,14,13,-2,please
20.105796575546265,4,-13,8,3,-29,-5,-7,-2,12,10,1,-20,1,0,please
20.105796575546265,21,1,23,-10,-2,0,-1,-1,10,5,10,4,15,19,please
20.115403175354004,7,-6,3,-4,0,-7,-8,0,10,2,8,16,25,16,please
20.130433082580566,3,-5,-1,-31,-24,-22,-22,-5,-11,-24,-12,11,-4,-10,please
20.130433082580566,8,-6,8,-36,-31,-22,-17,-6,-17,-34,-9,19,-18,-14,please
20.146366357803345,-3,-12,-5,27,-6,-10,1,2,8,1,14,6,18,12,please
20.146366357803345,2,7,-11,27,4,-6,5,1,12,15,21,-4,35,22,please
20.161741018295288,23,18,12,-43,-8,-5,-9,1,-10,-2,17,28,9,10,please
20.161741018295288,14,-4,1,-25,-10,-3,-5,13,-5,6,17,45,6,7,please
20.17777299880981,0,-6,-14,25,-6,-6,2,9,8,6,7,15,15,1,please
20.17777299880981,4,16,14,-8,-9,-7,-8,-4,1,-18,-2,0,-3,-9,please
20.19367909431457,7,11,14,-39,0,-2,-9,0,1,-13,4,2,-12,-4,please
20.19367909431457,-5,-7,-15,-7,13,0,0,3,4,-6,10,-10,0,-1,please
20.2088589668274,-9,4,-11,11,9,3,-1,-12,-7,-10,5,-14,1,-11,please
20.2088589668274,-3,20,0,0,8,5,-6,-16,-13,8,2,-1,-3,-10,please
20.2243173122406,-7,9,-4,0,17,7,-1,-3,-8,15,0,-11,-4,-1,please
20.2243173122406,-16,0,-8,18,18,10,2,-5,-2,0,-4,-29,-8,-2,please
20.241416931152344,-9,10,4,23,11,5,0,-10,-4,0,-6,-15,-13,-9,please
20.241416931152344,10,20,15,15,10,0,1,-1,-10,-2,0,1,-8,-4,please
20.25579404830933,14,20,15,14,18,9,10,0,-11,-9,-2,0,-8,0,please
20.25579404830933,-3,6,6,10,16,21,15,1,-9,-1,-24,-12,-25,-4,please
20.2718358039856,-21,-13,-16,0,3,20,18,10,-2,7,-44,-23,-28,-8,please
20.2718358039856,-15,-20,-25,-9,-2,10,13,12,11,7,-34,-15,-9,5,please
20.287362337112427,1,-13,-10,-16,-3,-1,5,9,25,18,-9,0,2,14,please
20.287362337112427,10,-6,-4,-15,-7,-10,1,9,30,24,4,1,11,10,please
20.303409576416016,14,0,1,-8,-7,-8,-6,6,26,11,14,8,23,14,please
20.303409576416016,18,-1,7,-4,-4,-9,-13,-7,5,0,12,18,24,16,please
20.31858849525452,13,-8,9,-4,-7,-20,-13,-17,-19,-12,3,19,13,0,please
20.31858849525452,3,-2,8,-7,-10,-19,-11,-9,-21,-19,15,20,8,-13,please
20.33364152908325,-7,5,10,-2,-2,0,-8,2,-13,-11,26,10,0,-14,please
20.33364152908325,-14,7,20,13,3,9,-2,2,-15,-10,5,-4,-12,-12,please
20.348981380462646,-10,4,13,28,-1,11,6,0,-1,-7,-9,-9,-11,-5,please
20.348981380462646,-4,-7,-5,8,-12,13,8,4,14,13,-2,-10,-2,0,please
22.543874502182007,7,4,8,-4,-3,-18,-12,-3,-2,-7,16,12,6,-8,sil
22.543874502182007,5,3,1,-13,-4,-29,-24,-13,-18,-32,0,0,-27,-26,sil
22.5593810081482,0,0,-1,-14,-15,-34,-23,-11,-31,-33,-14,-8,-34,-24,sil
22.5593810081482,-3,4,13,2,-12,-21,-11,-13,-32,-22,-11,-4,-17,-18,sil
22.574793100357056,0,7,18,10,0,0,3,-14,-21,-12,-3,-1,-12,-7,sil
22.574793100357056,1,-2,9,4,2,13,14,-2,-5,5,-9,-3,-14,7,sil
22.59036111831665,0,-8,-2,-3,0,8,13,10,15,22,-9,0,2,17,sil
22.59036111831665,9,-6,-2,-18,-9,-8,-6,8,22,9,6,12,12,12,sil
22.60576438903809,13,0,3,-14,-14,-17,-20,0,4,-7,22,12,0,0,sil
22.60576438903809,1,15,18,17,0,-8,-5,0,-3,-3,25,2,-5,-6,sil
22.621553659439087,-2,23,25,34,14,12,16,10,1,6,14,0,5,3,sil
22.621553659439087,2,10,2,28,11,29,22,11,10,15,0,4,9,15,sil
22.63680624961853,0,-4,-10,11,2,26,15,1,13,20,-13,0,3,13,sil
22.63680624961853,-7,-6,-6,-4,2,23,17,3,21,18,-17,-8,8,8,sil
22.65246081352234,0,-3,-11,-14,8,17,18,10,22,10,-5,0,23,8,sil
22.65246081352234,2,-3,-14,-19,12,-1,1,4,9,-1,9,14,23,0,sil
22.668336868286133,0,1,-9,-10,11,-9,-11,-7,-2,-12,8,8,7,-9,sil
22.668336868286133,-2,10,3,7,13,7,-4,-6,-15,-19,6,0,0,-6,sil
22.68410015106201,-3,6,9,16,11,15,4,-2,-27,-14,7,-2,-2,-3,sil
22.68410015106201,-12,-5,0,12,0,11,0,-6,-30,-8,-5,-19,-21,-12,sil
22.69995784759521,-13,-10,-1,9,-6,10,2,-7,-18,-3,-21,-26,-28,-8,sil
22.69995784759521,-5,-19,0,-1,-10,-4,6,-4,1,10,-19,-15,-6,7,sil
22.71502900123596,-4,-27,-10,-23,-15,-27,-8,1,9,14,-20,-9,3,2,sil
22.71502900123596,-5,-16,-14,-19,-14,-29,-25,3,1,-1,-18,-8,0,-11,sil
22.73074102401733,5,-2,-15,-7,-12,-22,-21,-2,-5,-11,3,7,7,-1,sil
22.73074102401733,13,0,-1,-12,-8,-17,-20,-6,-6,-8,20,26,15,7,sil
22.74575972557068,16,11,7,-2,0,-12,-24,-4,-9,-13,13,17,3,-4,sil
22.74575972557068,14,29,11,13,0,-11,-22,-7,-11,-23,7,3,-9,-16,sil
22.76189756393433,10,34,20,11,0,-3,-11,-7,-2,-10,22,16,0,-4,sil
22.76189756393433,13,27,28,12,8,0,1,1,6,8,36,26,17,10,sil
22.77712821960449,7,15,23,17,5,0,8,10,8,6,20,4,4,7,sil
22.77712821960449,-9,5,2,8,2,18,19,10,11,8,-8,-15,-14,-2,sil
22.792887449264526,-9,-1,-7,0,11,32,34,5,15,19,-23,-15,-13,1,sil
22.792887449264526,0,-12,-2,5,9,17,32,8,17,19,-13,-12,-3,9,sil
22.80861520767212,-11,-20,-12,3,1,10,20,10,19,15,-1,-14,-1,8,sil
22.80861520767212,-28,-24,-25,-15,0,17,17,1,10,12,-17,-18,-9,0,sil
22.82366132736206,-18,-22,-23,-18,-5,9,21,-3,1,15,-33,-18,-12,0,sil
22.82366132736206,-2,-15,-13,-1,-9,-1,13,0,2,12,-17,-8,-1,6,sil
22.83924674987793,-2,-12,-13,-6,-7,-8,1,1,0,-7,-2,-1,3,4,sil
22.83924674987793,-2,-17,-19,-22,-10,-17,-4,0,-2,-16,0,1,8,-1,sil
22.854846954345703,1,-12,-8,-23,-9,-18,-15,1,4,-5,3,12,15,0,sil
22.854846954345703,14,5,6,-10,-5,-15,-25,-2,1,-11,7,13,14,0,sil
22.87043690681457,20,14,12,0,-7,-21,-30,-5,-11,-23,12,12,8,-2,sil
22.871438026428223,10,11,13,3,-1,-17,-35,-4,-23,-17,19,18,-1,-9,sil
22.885720252990723,1,12,7,-3,3,-4,-29,-11,-33,-18,11,6,-19,-18,sil
22.885720252990723,4,20,15,-2,3,3,-12,-13,-34,-25,3,4,-20,-13,sil
22.90187692642212,3,26,22,20,12,10,0,-3,-19,-7,7,16,-5,-2,sil
22.90187692642212,2,21,19,35,26,11,3,2,-2,12,7,9,0,2,sil
22.917430639266968,8,12,25,27,24,15,10,8,15,25,15,3,7,15,sil
22.917430639266968,3,3,18,16,9,20,18,10,31,31,18,6,22,22,sil
22.932413339614868,-16,-8,-2,0,-1,17,14,0,17,15,-10,-14,8,4,sil
22.94790816307068,-21,-19,-14,-6,5,16,12,0,5,11,-23,-34,-5,-5,sil
22.94790816307068,-11,-19,-16,0,7,12,19,3,14,20,-4,-23,0,2,sil
22.96325182914734,-13,-13,-16,-6,-20,-7,9,-4,4,-5,-14,-11,-2,0,sil
22.96325182914734,-10,-7,-19,-14,-37,-10,3,-6,-3,-25,-29,-6,-10,-5,sil
22.9793438911438,7,-6,-14,-9,-13,4,9,6,13,-1,-10,3,0,1,sil
22.9793438911438,14,-8,-10,-8,8,-9,2,6,13,6,0,11,9,3,sil
22.994797468185425,9,-3,-6,-11,3,-35,-16,-5,-10,-7,2,18,15,0,sil
22.994797468185425,22,14,9,0,8,-20,-15,-3,-13,-8,27,28,23,1,sil
23.010801315307617,29,32,13,16,22,4,-2,0,-2,-6,37,16,12,2,sil
23.010801315307617,0,23,1,12,3,0,-9,-7,-16,-24,0,-15,-23,-16,sil
23.02634835243225,-26,1,0,0,-22,-3,-14,-9,-25,-20,-24,-27,-32,-29,sil
23.02634835243225,-14,-2,6,6,-3,9,10,4,-7,13,0,-10,-3,-6,sil
23.04144310951233,-12,-6,2,7,12,13,26,9,-1,17,-1,-6,-8,3,sil
23.04144310951233,-28,-26,-20,-10,-11,1,9,0,-10,-8,-39,-24,-31,-12,sil
23.05690836906433,-10,-30,-10,-12,-19,2,-5,3,4,-3,-22,-8,-6,0,sil
23.05690836906433,17,-13,12,0,4,14,3,19,30,23,19,17,23,37,sil
23.072707414627075,11,-9,-2,0,6,5,7,12,31,24,7,4,13,33,sil
23.072707414627075,6,-3,-12,-9,-10,-14,-5,0,20,12,-2,-4,10,7,sil
23.088812351226807,16,7,1,-10,-17,-16,-11,0,13,15,19,10,20,7,sil
23.088812351226807,5,0,0,-17,-7,-16,-17,-6,-4,-4,10,11,2,8,sil
23.10481333732605,-5,-2,-6,-13,2,-18,-25,-13,-19,-37,-8,3,-10,-10,sil
23.10481333732605,13,19,10,2,4,-3,-9,-8,-5,-19,13,15,10,-16,sil
23.12080407142639,18,26,26,4,10,14,6,-4,1,10,28,26,21,-2,sil
23.12080407142639,-3,15,14,6,17,5,0,-4,-10,-2,7,9,-1,-7,sil
23.136823177337646,-8,18,4,25,19,-1,-3,0,-9,-8,4,-10,-13,-17,sil
23.136823177337646,3,26,15,36,18,16,13,2,1,9,12,-9,-6,-8,sil
23.153159379959103,-5,4,2,15,3,21,14,0,-5,1,-8,-13,-15,-9,sil
23.153159379959103,-31,-19,-19,-12,-9,5,1,-2,-19,-12,-26,-21,-23,-14,sil
23.168227672576904,-23,-14,-12,-1,-2,13,15,5,-3,8,-11,-13,-8,6,sil
23.168227672576904,3,-8,2,10,-1,24,28,10,19,20,-7,-3,0,23,sil
23.18337368965149,1,-30,-9,-20,-12,1,11,2,17,11,-25,-5,-5,7,sil
23.18337368965149,-12,-39,-28,-42,-16,-20,-7,0,1,6,-30,-8,-1,-2,sil
23.199472427368164,2,-7,-3,-14,-9,-16,-9,6,4,2,-5,12,10,14,sil
23.199472427368164,28,19,20,17,4,-11,-3,10,20,0,26,41,29,30,sil
23.215593576431274,23,7,2,4,5,-19,-14,-1,9,-7,24,31,29,7,sil
23.216583728790283,4,-2,-11,-17,-5,-19,-30,-12,-18,-23,5,2,7,-19,sil
23.2307870388031,5,17,1,0,4,0,-14,-6,-22,-20,14,0,0,-8,sil
23.2307870388031,8,29,17,21,15,12,3,-4,-23,-11,20,5,-5,0,sil
23.245843172073364,-2,10,11,15,2,0,-7,-12,-37,-15,0,-15,-21,-21,sil
23.245843172073364,-15,0,3,12,3,-5,-8,-13,-28,-16,-15,-33,-27,-33,sil
23.26195526123047,-15,7,4,17,12,10,11,-6,-13,-11,-22,-24,-28,-19,sil
23.26195526123047,-4,0,1,14,4,20,25,0,-9,2,-18,-8,-20,0,sil
23.277449369430546,0,-13,-3,2,-5,14,23,9,7,26,-3,0,0,13,sil
23.277449369430546,-17,-20,-15,-14,-18,0,11,9,24,32,-7,-12,5,2,sil
23.293625116348267,-24,-23,-22,-23,-25,-8,0,3,22,13,-20,-22,0,-3,sil
23.293625116348267,-9,-16,-6,-13,-3,0,8,13,35,12,-8,-5,12,19,sil
23.309089422225952,-1,-10,-13,-9,0,-3,12,18,49,21,1,0,22,25,sil
23.309089422225952,1,-16,-23,-34,-20,-22,-6,8,36,7,0,-5,17,8,sil
23.324232578277588,25,-3,3,-34,-5,-5,-1,14,41,10,30,27,37,19,sil
23.324232578277588,41,24,27,1,24,11,6,13,45,22,60,53,50,30,sil
23.34006142616272,25,25,22,23,13,-11,-22,-11,-4,-2,30,26,12,2,sil
23.34006142616272,15,19,15,21,-5,-19,-35,-23,-41,-24,1,16,-10,-10,sil
23.3556604385376,17,30,21,21,8,4,-8,-9,-29,-15,13,30,5,-1,sil
23.3556604385376,2,27,12,18,20,9,0,-6,-32,-19,11,5,0,-13,sil
23.3715238571167,-22,6,-7,8,4,0,-10,-19,-49,-32,-11,-25,-29,-28,sil
23.3715238571167,-27,-4,-7,1,-4,3,-9,-14,-42,-26,-22,-15,-39,-22,sil
23.386584997177124,-15,-2,0,11,6,13,2,1,-15,-4,-16,-14,-30,-12,sil
23.386584997177124,-11,-9,1,14,9,17,12,3,3,10,-12,-27,-25,-3,sil
23.402671098709103,-13,-20,-2,-4,1,23,14,0,2,9,-20,-21,-24,0,sil
23.402671098709103,-5,-17,-12,-10,0,18,13,3,-3,4,-31,-11,-22,-3,sil
23.41807222366333,-1,-7,-10,3,-4,3,8,8,1,5,-21,-9,-17,0,sil
23.41807222366333,-5,-16,-7,1,-15,0,3,4,10,8,-3,-6,0,10,sil
23.433788061141968,-5,-31,-13,-21,-19,-3,-1,1,8,2,-4,-4,10,4,sil
23.433788061141968,0,-25,-15,-31,-17,-17,1,4,8,0,-9,-2,11,0,sil
23.44983983039856,6,-7,-11,-20,-13,-21,11,8,13,7,0,4,19,9,sil
23.44983983039856,14,6,2,-8,-2,-9,8,13,21,12,12,22,35,23,sil
23.46537971496582,17,11,13,1,3,-8,3,9,25,11,19,32,34,17,sil
23.46537971496582,10,6,10,3,1,-18,-6,-4,8,0,14,19,13,0,sil
23.480547428131104,6,11,7,-2,3,-17,-23,-13,-14,-15,13,8,1,-4,sil
23.480547428131104,13,27,11,1,11,-9,-20,-11,-8,-10,25,13,10,-3,sil
23.4963653087616,9,30,20,16,14,-7,-7,-5,1,2,30,14,11,-8,sil
23.4963653087616,-5,16,11,21,12,-5,-9,0,-5,0,20,0,1,-10,sil
23.51187896728516,-10,9,1,14,8,1,-13,-3,-18,-11,2,-10,-4,-7,sil
23.51187896728516,-9,13,7,10,1,10,-3,-10,-21,-13,-15,-12,-14,-10,sil
23.527560710906982,-16,-1,-5,9,-5,19,12,-3,-6,-2,-21,-20,-21,-11,sil
23.527560710906982,-22,-25,-23,0,-7,21,15,10,8,2,-23,-25,-16,-7,sil
23.542897701263428,-10,-14,-9,-4,0,19,13,12,7,6,-18,-19,-5,0,sil
23.542897701263428,4,2,10,8,8,20,21,2,4,18,0,-8,8,14,sil
23.55862665176392,12,-2,6,12,7,21,25,0,12,17,5,2,11,18,sil
23.55862665176392,12,-16,-10,-5,-2,9,8,2,15,4,-11,1,-1,12,sil
23.574726819992065,6,-21,-14,-30,-11,-10,-13,3,5,-2,-20,-3,-8,13,sil
23.574726819992065,4,-17,-13,-37,-17,-23,-18,2,5,0,0,3,6,12,sil
23.59015321731568,11,-5,-10,-32,-10,-25,-14,0,3,-1,14,17,14,0,sil
23.59015321731568,7,8,6,-16,5,-15,-15,-1,-15,-19,7,15,0,-11,sil
23.6053466796875,-4,23,13,15,11,0,-4,-4,-18,-22,4,2,-14,-12,sil
23.6053466796875,-7,26,7,28,7,5,2,-4,-3,-6,12,-2,-15,-11,sil
23.62139821052552,-10,10,3,12,5,5,0,-2,-3,0,9,-1,-10,-9,sil
23.62139821052552,-18,-3,-3,6,3,5,1,-4,-5,2,-1,-9,-3,-8,sil
23.6365659236908,-15,0,-3,15,1,7,5,-7,0,15,-3,-12,-1,-4,sil
23.6365659236908,-4,0,0,11,0,12,7,0,0,21,-5,-11,-5,0,sil
23.6526517868042,-2,-6,1,-3,0,10,3,1,-1,10,-13,-12,-7,0,sil
23.6526517868042,0,-10,-3,-5,0,1,3,2,2,0,-15,-6,0,4,sil
23.66867136955261,5,-10,-8,-2,-8,-1,11,7,10,-2,-7,5,8,14,sil
23.66867136955261,2,-18,-7,-15,-16,-8,6,6,9,0,2,15,8,9,sil
23.68438458442688,3,-19,-8,-19,-10,-21,-7,0,8,6,10,12,16,4,sil
23.68438458442688,13,-2,0,-3,0,-19,-10,7,15,8,14,17,23,11,sil
23.70040249824524,18,6,8,0,-4,-7,-5,10,18,4,7,25,17,6,sil
23.70040249824524,11,2,2,-8,-9,-11,-8,-4,0,-11,-3,15,2,-8,sil
23.715563774108887,4,3,7,-9,3,-18,-14,-12,-32,-42,-4,1,-15,-16,sil
23.715563774108887,0,15,21,12,14,0,-2,-8,-34,-44,8,2,-17,-14,sil
23.730760097503666,1,30,25,38,12,18,6,-7,-20,-12,12,7,-8,-8,sil
23.730760097503666,2,23,24,44,7,19,8,-5,-22,3,5,3,-10,0,sil
23.746342182159424,-3,-4,9,25,1,7,8,0,-19,1,0,-5,-10,9,sil
23.746342182159424,-11,-12,-5,0,-4,1,3,7,3,7,-4,-12,1,10,sil
23.7627501487732,-2,0,-12,-7,-6,1,0,15,32,21,0,-4,17,11,sil
23.7627501487732,11,0,-10,-8,-7,-6,-10,9,36,26,20,14,28,10,sil
23.778645992279053,16,0,4,-7,-1,-11,-17,0,21,12,32,24,29,5,sil
23.778645992279053,16,15,15,4,12,3,-6,-2,7,1,25,13,18,2,sil
23.794170141220093,7,19,11,9,17,17,0,-8,-5,0,11,-5,-2,-3,sil
23.794170141220093,-14,6,-3,4,10,13,0,-13,-17,-9,-12,-34,-20,-17,sil
23.809848308563232,-28,-5,-17,0,7,8,9,-5,-17,-8,-34,-50,-25,-15,sil
23.809848308563232,-24,-13,-25,-19,0,14,24,2,-6,18,-44,-39,-26,-3,sil
23.8256254196167,-26,-24,-43,-42,-11,13,26,4,4,24,-54,-39,-27,-5,sil
23.8256254196167,-31,-31,-45,-46,-6,2,14,6,8,-2,-57,-46,-28,-9,sil
23.840750694274902,-22,-32,-33,-44,0,0,4,6,8,0,-37,-31,-19,-1,sil
23.840750694274902,-11,-30,-26,-46,-10,0,0,0,6,12,-17,-7,-2,-1,sil
23.856824159622192,-5,-20,-15,-24,-13,-7,-9,-1,4,-2,-9,2,4,-3,sil
23.856824159622192,6,0,-2,9,0,-11,-14,0,6,-12,5,13,2,0,sil
23.8724582195282,20,15,14,11,1,-12,-9,2,4,0,25,33,11,10,sil
23.8724582195282,24,13,27,6,-7,-17,-6,2,6,1,40,46,33,17,sil
23.88841700553894,15,0,21,13,-12,-20,-15,-2,4,-15,43,42,28,9,sil
23.88841700553894,6,9,22,22,-8,-12,-23,-4,-4,-21,34,36,8,-7,sil
23.903949975967407,23,32,33,37,1,-3,-10,0,0,-1,38,37,16,-5,sil
23.903949975967407,42,34,41,45,10,-3,3,0,1,5,48,38,30,11,sil
23.919803857803345,29,28,40,40,14,0,0,-4,-6,-4,37,32,20,16,sil
23.919803857803345,12,28,32,43,20,7,-1,-3,-12,-5,18,19,4,8,sil
23.935380935668945,9,20,26,38,21,13,7,0,-18,-2,5,4,-3,0,sil
23.935380935668945,-3,5,12,23,8,7,18,0,-20,-6,-6,-11,-16,-6,sil
23.95190048217773,-22,0,-1,15,0,1,13,0,-7,-5,-17,-24,-25,-9,sil
23.95190048217773,-17,-4,-4,4,2,8,14,0,3,3,-22,-20,-19,-8,sil
23.96759676933289,-3,-17,-8,-10,-5,14,18,0,6,13,-22,-12,-7,0,sil
23.96759676933289,-10,-29,-19,-28,-19,5,3,6,6,6,-24,-17,-6,4,sil
23.98337411880493,-20,-28,-36,-40,-16,0,-10,8,6,0,-28,-33,-12,0,sil
23.98337411880493,-13,-19,-36,-39,-5,0,-2,0,2,10,-29,-30,-15,1,sil
23.99940276145935,-10,-23,-27,-32,-5,1,5,-2,-3,4,-28,-20,-15,2,sil
23.99940276145935,-18,-28,-34,-34,-10,1,0,-1,-7,-8,-27,-19,-6,-6,sil
24.01552391052246,-7,-11,-25,-29,-6,0,0,1,0,7,-7,-6,11,0,sil
24.01552391052246,14,2,-8,-10,-1,-3,0,4,17,22,16,9,23,10,sil
24.03074812889099,8,0,-5,-11,-2,-10,-17,-3,9,-8,11,4,10,-5,sil
24.03074812889099,-5,2,0,-13,0,-7,-31,-4,-6,-29,-4,-1,-3,-22,sil
24.04658842086792,7,19,11,6,10,-10,-17,1,0,-10,7,7,3,-6,sil
24.04658842086792,22,23,18,10,11,-20,-8,-2,3,0,31,22,14,9,sil
24.0624840259552,16,17,12,3,5,-17,-10,-9,-7,-13,32,19,11,5,sil
24.0624840259552,0,16,9,8,4,-3,-4,-5,-20,-18,10,-1,-5,-6,sil
24.077850103378296,-12,11,15,12,6,8,2,-1,-23,-7,-5,-11,-20,-14,sil
24.077850103378296,-15,0,8,15,7,15,7,-2,-10,4,-7,-8,-18,-9,sil
24.09372067451477,-14,-1,0,21,9,16,5,0,3,9,-16,-10,-17,-9,sil
24.09372067451477,-16,3,1,13,12,22,6,3,11,15,-22,-17,-19,-13,sil
24.1141836643219,-11,-2,1,4,11,28,23,10,14,23,-7,-14,-3,1,sil
24.1141836643219,-2,-10,1,16,2,16,39,11,15,20,1,0,9,17,sil
24.1248517036438,0,-7,-3,18,-9,4,29,5,15,17,-2,8,7,17,sil
24.1248517036438,0,-11,-6,-12,-15,6,16,3,18,21,3,8,16,17,sil
24.14089798927307,4,-19,-10,-18,-13,5,20,8,22,23,15,0,26,17,sil
24.14089798927307,12,-6,-1,7,-7,0,9,5,22,15,10,1,20,14,sil
24.156784772872925,24,9,16,12,-7,-6,-18,-2,8,1,10,28,24,17,sil
24.156784772872925,29,7,12,-2,-12,-23,-28,-5,-5,-7,24,46,36,16,sil
24.172436952590942,18,-2,0,-13,-8,-42,-29,-8,-12,-26,14,30,11,0,sil
24.172436952590942,8,-2,1,-12,-3,-37,-30,-9,-16,-39,-3,16,-9,-6,sil
24.18770122528076,15,9,7,0,0,-22,-18,-3,-15,-28,6,24,5,0,please
24.18770122528076,13,11,5,1,7,-10,-11,0,-14,-16,18,13,7,-6,please
24.203776359558105,-3,2,-2,0,7,-3,-15,-5,-17,-23,0,-14,-22,-20,please
24.203776359558105,-3,8,7,7,0,0,-15,-6,-20,-23,-7,-18,-30,-13,please
24.21981978416443,2,16,15,13,3,8,-3,-2,-11,-5,0,-15,-17,-2,please
24.21981978416443,-15,0,-5,-3,10,21,7,0,-3,3,-8,-29,-26,-14,please
24.235362768173218,-29,-10,-18,-13,6,26,19,1,0,4,-24,-33,-37,-21,please
24.235362768173218,-18,0,-11,-3,4,18,23,1,2,10,-26,-33,-27,-13,please
24.25077486038208,-19,0,-11,0,7,11,12,0,-3,6,-27,-36,-18,-13,please
24.25077486038208,-23,-6,-10,0,-1,11,9,0,-10,2,-27,-18,-10,-9,please
24.26607203483581,-13,-12,-8,-5,-14,8,15,0,-4,5,-24,-4,-2,7,please
24.26607203483581,-12,-18,-7,-20,-8,4,8,6,6,6,-21,-8,-2,8,please
24.28169012069702,-9,-15,-14,-14,3,1,-1,14,17,18,0,0,13,6,please
24.28169012069702,3,-7,-7,-3,1,-2,-3,9,18,25,19,17,32,17,please
24.29745817184448,5,-10,0,-12,-4,-4,2,2,20,9,14,12,23,17,please
24.29745817184448,10,-3,0,-5,0,-5,4,7,32,10,27,17,32,14,please
24.312689542770386,32,21,18,21,12,-10,-12,3,17,30,55,48,55,15,please
24.312689542770386,33,33,32,31,13,-13,-19,-9,-12,13,45,48,32,2,please
24.327926635742188,9,21,21,15,1,-12,-10,-14,-14,-23,12,12,-8,-14,please
24.327926635742188,-1,8,5,0,-7,-9,-11,-9,-17,-35,-5,-12,-20,-17,please
24.343620777130127,-2,4,1,0,-7,-6,-11,-13,-34,-29,-16,-14,-22,-11,please
24.343620777130127,-11,0,1,8,-4,0,-1,-13,-33,-22,-19,-13,-24,-5,please
24.358651399612427,-14,-14,-9,6,-4,11,6,-3,-8,0,-13,-21,-13,-1,please
24.374018907547,-5,-20,-9,0,-1,19,17,6,10,21,-11,-16,-4,7,please
24.374018907547,3,-5,4,7,5,26,30,15,21,15,-9,3,-2,17,please
24.389713048934937,11,2,0,11,8,23,33,15,32,11,0,8,5,19,please
24.389713048934937,20,0,-4,3,4,10,25,15,38,21,4,7,14,20,please
24.405341148376465,17,1,0,-2,-1,-3,11,11,28,15,-1,6,14,18,please
24.405341148376465,0,-1,-10,-12,-4,-17,-14,-3,4,-7,-9,0,0,1,please
24.42082929611206,-5,-9,-18,-23,-8,-28,-30,-9,-9,-12,-7,-2,-9,-11,please
24.42082929611206,1,-5,-14,-21,-15,-29,-25,-3,-7,-6,0,-2,-1,-11,please
24.436716556549072,0,0,-6,-18,-15,-25,-27,-5,-9,-24,-2,-4,1,-15,please
24.436716556549072,-10,0,-6,-20,-6,-21,-29,-7,-16,-38,0,0,-10,-18,please
24.45230770111084,-10,6,0,-11,-1,-13,-16,-7,-19,-25,12,2,-12,-14,please
24.45230770111084,-1,18,18,7,-3,-5,-5,-6,-25,-9,20,3,2,-10,please
24.468328952789307,0,15,18,19,2,7,-7,-5,-26,0,19,1,0,-12,please
24.468328952789307,-11,-4,3,8,15,23,-4,-2,-19,6,12,-3,-13,-15,please
24.4838809967041,-14,-7,1,0,19,28,14,4,-2,20,7,-6,-4,-6,please
24.4838809967041,-2,9,16,19,18,25,21,9,7,28,0,-2,9,10,please
24.49956107139588,8,10,26,33,22,24,11,5,1,13,-13,0,3,13,please
24.49956107139588,6,-8,5,16,14,16,13,0,7,0,-18,0,1,10,please
24.51471447944641,-8,-21,-10,-10,-4,0,19,0,21,6,-17,-3,-5,8,please
24.51471447944641,-16,-16,-12,-14,-12,-1,13,-1,14,12,-25,-16,-17,0,please
24.53073763847351,-9,-5,-16,-1,-6,0,9,-3,0,3,-28,-15,-7,-3,please
24.53073763847351,0,-4,-15,-2,-2,-1,5,1,-1,-1,-17,0,5,3,please
24.54647946357727,-2,-13,-15,-21,-8,-1,0,4,7,0,-4,1,0,4,please
24.54647946357727,0,-10,-9,-19,-10,-1,-1,4,15,0,2,1,-1,6,please
24.56167888641357,16,8,5,9,0,-7,0,10,21,5,15,17,16,17,please
24.56167888641357,28,26,9,19,2,-16,-3,6,12,3,27,23,25,17,please
24.577492713928223,17,21,5,-2,-5,-20,-16,-8,-8,-11,25,14,14,-2,please
24.577492713928223,2,12,2,-11,-5,-13,-13,-12,-16,-20,18,7,6,-20,please
24.592719316482544,1,21,14,2,1,-6,-1,-6,-15,-18,16,7,2,-15,please
24.592719316482544,-3,18,17,13,0,-1,0,-4,-15,-10,3,-5,-10,-5,please
24.608351945877075,-10,-2,1,14,-2,9,2,1,-8,1,-12,-20,-15,-3,please
24.608351945877075,1,-6,5,12,3,18,12,11,5,15,-5,-3,4,8,please
24.623454809188843,8,-3,12,14,3,16,17,11,18,32,4,6,14,22,please
24.623454809188843,0,-17,-5,3,-5,7,6,4,19,33,-5,-8,0,10,please
24.638596773147583,0,-22,-18,-13,-7,-1,-3,2,10,4,-10,-10,-8,-3,sil
24.638596773147583,1,-19,-18,-20,0,-8,-6,0,0,-20,-3,0,-3,1,sil
24.654310941696167,-14,-23,-22,-27,-6,-14,-17,-5,-4,-14,-6,0,-4,2,sil
24.654310941696167,-10,-19,-19,-30,-14,-11,-25,-5,0,0,-1,0,2,-4,sil
24.67048692703247,12,4,5,-9,4,-1,-16,-3,-2,-8,19,13,10,1,sil
24.67048692703247,15,21,21,12,18,0,-5,-4,-16,-22,27,19,3,0,sil
24.685805559158325,-3,18,4,11,7,-6,-6,-9,-21,-9,19,4,0,-16,sil
24.685805559158325,-14,9,0,0,11,0,-4,-10,-22,-1,-1,-9,-8,-24,sil
24.701388359069824,-12,9,10,9,21,10,13,-1,-23,-12,-28,-17,-28,-15,sil
24.701388359069824,-11,11,3,24,6,13,24,5,-14,-7,-37,-24,-27,-7,sil
24.71691942214965,-16,0,-5,10,-8,12,17,8,1,9,-28,-18,-7,-2,sil
24.71691942214965,-11,-16,-13,-11,-9,7,9,7,20,11,-20,-9,0,5,sil
24.73211979866028,4,-16,-10,-12,-5,4,2,10,31,8,-13,0,0,9,sil
24.73211979866028,15,0,0,4,-5,0,-4,6,25,12,3,15,15,10,sil
24.747609853744507,14,8,10,7,-9,-16,-13,-6,14,7,21,30,27,9,sil
24.747609853744507,15,3,15,-4,-7,-22,-16,-7,5,-3,26,29,17,6,sil
24.76366710662841,17,7,17,2,6,-1,-3,0,-2,-6,24,14,2,4,sil
24.76366710662841,6,13,15,12,9,1,-2,-8,-12,-16,11,1,-7,-1,sil
24.779724836349487,-10,3,4,7,3,-1,-5,-9,-9,-15,0,-6,-12,-14,sil
24.779724836349487,-10,-5,0,9,8,15,13,4,3,18,7,-1,-3,-2,sil
24.795745372772217,0,-4,1,13,8,27,30,8,8,36,12,3,6,18,sil
24.795745372772217,-4,-8,-18,-2,-12,9,18,-4,1,11,-18,-16,1,10,sil
24.811627864837646,-7,-16,-26,-23,-20,-4,0,-1,0,-2,-31,-29,-4,-6,sil
24.811627864837646,0,-12,-17,-25,-3,-9,-1,14,6,3,0,-9,4,0,sil
24.82701802253723,0,-3,-14,-23,-2,-16,-5,8,-1,-11,9,0,9,0,sil
24.82701802253723,-2,11,-1,-6,-9,-11,-15,-3,-16,-27,-5,-5,0,-16,sil
24.84280276298523,1,25,14,24,8,6,0,-2,-16,-10,-1,-2,-4,-9,sil
24.84280276298523,0,10,12,19,20,16,17,-2,-13,4,0,-4,-5,8,sil
24.8588502407074,-6,-16,1,-8,0,8,17,0,-7,12,-8,-7,-5,9,sil
24.8588502407074,3,-14,-7,-13,-9,-4,3,5,3,12,-4,3,2,6,sil
24.87458562850952,12,4,-1,-10,-1,-18,-19,-3,0,-7,4,17,6,1,sil
24.87458562850952,7,5,8,-2,-5,-24,-31,-8,-5,-21,16,19,5,-6,sil
24.88980269432068,0,2,13,9,-6,-18,-17,-2,-2,-14,22,15,1,-5,sil
24.88980269432068,-2,6,4,12,6,-3,2,0,4,0,7,5,-1,0,sil
24.90548610687256,0,-5,-6,10,10,6,14,5,21,18,-5,-5,0,6,sil
24.90548610687256,-1,-24,-8,2,0,11,9,11,31,25,-10,-4,0,10,sil
24.920735836029053,-2,-10,-16,-8,-2,5,-5,1,23,11,-13,2,0,8,sil
24.920735836029053,3,12,-13,-9,7,-6,-18,-8,9,-2,1,11,10,0,sil
24.936331272125244,9,9,0,0,6,-5,-21,-8,-10,-13,18,7,9,-17,sil
24.936331272125244,0,7,2,8,0,1,-15,-6,-25,-23,7,-3,-10,-25,sil
24.95184779167176,0,27,17,18,10,10,-1,2,-19,-21,-4,-2,-20,-7,sil
24.95184779167176,10,29,31,25,21,24,15,10,-3,-2,2,-3,-7,11,sil
24.96782398223877,0,-3,14,7,3,28,22,3,-2,8,3,-15,-5,6,sil
24.96782398223877,-24,-33,-8,-13,-16,14,17,1,-7,7,-16,-21,-18,-7,sil
24.983567476272583,-15,-28,-11,-8,-18,2,17,1,-2,16,-25,-17,-14,0,sil
24.983567476272583,4,-7,3,-3,-8,3,20,0,12,32,-7,-3,12,15,sil
24.99915170669556,0,0,1,-9,0,2,11,3,19,22,2,6,22,17,sil
24.99915170669556,-1,-6,-10,-16,-4,-11,-8,1,7,-5,-2,9,10,9,sil
25.014856338500977,14,-4,-3,-16,-8,-17,-13,-4,-1,-14,5,18,14,7,sil
25.014856338500977,19,2,3,-7,0,-15,-12,-10,-3,-10,18,25,21,3,sil
25.030539751052856,12,17,9,6,3,-24,-21,-10,-12,-16,21,28,10,-3,sil
25.030539751052856,13,32,14,20,6,-20,-8,-4,-14,-12,32,19,5,-3,sil
25.04556131362915,0,15,3,14,6,0,6,-1,-7,0,18,-9,0,-6,sil
25.06160378456116,-29,-12,-15,-3,-12,2,-3,-5,-11,-6,-27,-35,-29,-22,sil
25.06160378456116,-32,-16,-20,0,-12,8,1,-2,-8,-6,-38,-34,-32,-23,sil
25.06160378456116,-17,-12,-11,9,16,29,29,10,10,8,-22,-23,-4,-3,sil
25.077338218688965,-13,-19,-17,-3,12,23,28,12,19,13,-29,-20,0,2,sil
25.077338218688965,-12,-23,-26,-22,-12,0,0,-1,5,3,-30,-13,-15,-9,sil
25.09274363517761,-2,-12,-11,-23,-1,-7,-15,-1,1,0,0,4,1,-5,sil
25.09274363517761,12,8,3,-5,14,-15,-16,10,17,3,26,19,25,11,sil
25.10739159584045,27,24,16,3,1,-27,-22,7,11,1,23,23,15,14,sil
25.122669219970703,29,27,23,0,-4,-20,-23,-5,-10,0,21,22,2,9,sil
25.122669219970703,7,24,12,3,6,-2,-11,-5,-10,-5,21,10,0,1,sil
25.137733697891235,-8,17,4,20,13,11,2,0,-3,-3,3,-10,-7,-12,sil
25.137733697891235,-5,6,8,30,5,15,22,2,-2,16,-10,-18,-7,-4,sil
25.15367579460144,-5,-5,5,15,-2,10,27,2,0,14,-17,-10,-9,15,sil
25.15367579460144,-11,-24,-11,-8,-9,8,11,-3,-6,-15,-35,-12,-23,10,sil
25.16925430297852,-6,-29,-19,-23,-16,6,1,-5,-5,-15,-24,-14,-9,-2,sil
25.16925430297852,8,-15,0,-24,-12,-5,0,7,15,7,21,14,27,7,sil
25.184961795806885,15,-6,6,-12,-4,-18,-6,8,21,4,34,33,31,14,sil
25.184961795806885,6,0,-2,-6,-10,-18,-20,-7,-6,-22,13,22,0,-7,sil
25.200673818588257,5,9,11,-1,-11,-5,-22,-10,-20,-31,16,20,-5,-16,sil
25.200673818588257,18,13,31,21,2,5,-8,-4,-10,-7,29,26,13,2,sil
25.21644258499145,17,26,31,36,13,12,0,0,-5,14,24,13,19,7,sil
25.21644258499145,3,41,18,31,14,21,6,2,0,17,10,-2,2,3,sil
25.23271989822388,0,20,16,27,15,25,11,0,5,18,-7,-1,-12,14,sil
25.23271989822388,-3,-11,5,21,10,20,15,0,6,23,-22,-7,-8,10,sil
25.24811220169068,-15,-26,-25,0,0,13,19,9,14,23,-15,-19,4,-8,sil
25.24811220169068,-14,-32,-26,-16,-2,7,16,15,20,10,-4,-10,3,-2,sil
25.2637267112732,-3,-27,-15,-16,-5,-4,7,5,12,0,-8,-7,-3,4,sil
25.2637267112732,-4,-8,-23,-22,-9,-25,-5,-8,-3,-12,-16,-19,-7,-15,sil
25.27921199798584,-2,8,-18,-23,-3,-27,-15,-8,-11,-19,-7,-10,-7,-20,sil
25.27921199798584,4,21,2,-1,8,-7,-6,0,-5,-14,4,3,0,0,sil
25.29438734054565,-7,14,-2,0,14,-5,-3,-2,-6,-12,-2,-7,-2,-7,sil
25.29438734054565,-25,-7,-24,-30,1,-23,-14,-11,-20,-19,-18,-19,-19,-24,sil
25.310428142547607,-16,-7,-13,-30,-6,-11,-15,-7,-22,-13,-20,-15,-18,-9,sil
25.310428142547607,-9,4,7,0,3,16,1,-1,-7,7,-19,-19,-7,0,sil
25.32590317726136,-21,-7,-10,3,4,14,13,0,1,17,-23,-29,-10,-7,sil
25.32590317726136,-15,-26,-27,-23,-7,-3,12,3,0,15,-24,-20,-12,1,sil
25.34142637252808,4,-27,-12,-23,-10,-6,7,6,9,15,-14,-3,1,15,sil
25.34142637252808,11,-16,3,-1,-5,0,-1,7,23,15,5,9,21,14,sil
25.356747150421143,12,0,9,1,-2,7,-7,11,28,13,27,27,28,15,sil
25.356747150421143,16,8,2,-2,-5,-3,-8,1,16,3,27,31,18,10,sil
25.37268209457397,12,8,7,0,-7,-18,-14,-11,-3,-22,20,31,6,-5,sil
25.37268209457397,10,16,22,6,0,-4,-5,-2,-9,-25,31,33,9,-2,sil
25.387741327285767,13,20,27,12,0,7,7,5,-4,-10,39,24,10,3,sil
25.387741327285767,17,20,29,30,-6,0,1,-2,-6,-17,28,18,0,0,sil
25.40385365486145,23,31,32,50,1,0,-1,-2,-8,-21,22,21,0,6,sil
25.40385365486145,19,31,31,40,12,6,0,5,-8,-4,17,16,1,14,sil
25.419853687286377,3,7,15,15,2,10,1,0,-7,4,0,0,-3,2,sil
25.419853687286377,-5,-3,0,13,0,12,6,-6,-9,10,-14,-7,-3,-5,sil
25.43540382385254,-2,5,6,25,12,8,6,-1,-12,16,-7,-1,1,0,sil
25.43540382385254,0,5,4,20,11,5,0,0,-6,6,-1,0,0,3,sil
25.450753927230835,-10,-9,-12,-2,-2,12,0,-4,-4,-9,-25,-20,-19,-5,sil
25.450753927230835,-23,-18,-25,-16,-2,17,3,0,-5,-4,-39,-38,-30,-11,sil
25.466325283050537,-17,-12,-24,-14,3,4,8,4,9,15,-18,-34,-16,-5,sil
25.466325283050537,-4,-6,-12,-11,1,-7,9,1,21,17,-8,-21,0,0,sil
25.48151969909668,-3,-9,-11,-9,0,-5,11,0,16,7,-15,-19,3,5,sil
25.48151969909668,-10,-18,-22,-18,0,-6,2,1,9,12,-10,-18,6,6,sil
25.497323274612427,-8,-26,-30,-38,-11,-21,-6,1,1,12,-7,-17,3,-6,sil
25.497323274612427,-1,-25,-25,-39,-19,-23,-9,1,1,-1,-8,-12,6,-14,sil
25.51335835456848,-4,-21,-7,-28,-6,-11,-9,6,17,3,1,4,19,0,sil
25.51335835456848,-9,-22,-6,-30,0,0,-11,2,23,14,2,6,13,2,sil
25.52937650680542,0,-11,0,-23,-4,-1,-19,-7,-4,-13,-2,1,-10,-9,sil
25.52937650680542,10,18,21,6,0,-8,-18,-7,-27,-31,3,10,-11,-7,sil
25.544477462768555,12,29,19,19,8,-7,-4,-8,-22,-9,16,23,3,1,sil
25.544477462768555,15,22,12,7,5,1,1,-9,-19,-3,25,35,8,1,sil
25.56060004234314,15,26,20,16,4,7,5,2,-15,-17,24,39,10,0,sil
25.56060004234314,2,24,19,26,6,5,5,7,0,-16,6,25,4,0,sil
25.57643175125122,-8,11,7,11,2,4,-1,0,1,-7,-7,14,-11,-3,sil
25.57643175125122,-13,8,2,14,2,12,9,0,-4,0,0,5,-14,0,sil
25.59149932861328,-11,7,7,29,3,27,30,10,6,13,2,-11,-6,7,sil
25.59149932861328,-3,-2,-5,15,1,24,27,11,22,31,-4,-23,1,10,sil
25.60741090774536,0,-10,-19,-4,0,3,12,2,18,29,-7,-18,6,11,sil
25.60741090774536,5,-9,-7,-1,-3,1,13,4,12,14,-3,-6,6,11,sil
25.622573614120483,11,-9,0,0,-5,2,9,7,12,7,2,-2,6,12,sil
25.622573614120483,10,-9,-3,-16,-3,-19,-10,-2,10,-1,2,0,8,10,sil
25.63779306411743,7,-5,-3,-13,0,-28,-19,-9,6,-12,0,4,8,5,sil
25.63779306411743,10,0,0,-1,5,-13,-15,-5,0,-8,3,10,6,-1,sil
25.65376114845276,11,4,7,-4,4,-5,-15,-3,-4,-6,13,9,6,-9,sil
25.65376114845276,6,11,3,-3,0,-10,-15,-7,-4,-14,9,0,1,-13,sil
25.6695203781128,-5,5,-5,1,-2,-13,-20,-11,-21,-23,-9,-8,-13,-20,sil
25.6695203781128,-19,-7,-5,0,-7,-4,-21,-10,-38,-20,-18,-17,-23,-27,sil
25.68485164642334,-16,-1,5,4,-8,2,-11,-6,-24,-13,-6,-14,-16,-23,sil
25.68485164642334,-4,7,12,9,-1,3,-4,-1,-7,-11,2,-8,-8,-12,sil
25.700698852539062,-8,0,6,9,1,11,2,2,-4,1,-3,-17,-10,-3,sil
25.700698852539062,-11,-1,6,9,9,20,18,6,0,16,-8,-13,-10,4,sil
25.715760946273804,2,0,5,8,11,14,31,8,14,17,0,4,-1,17,sil
25.715760946273804,6,-8,-3,9,-1,0,21,6,14,14,1,3,3,16,sil
25.731961488723755,-5,-13,-4,3,-10,1,3,2,-2,16,-5,-8,0,6,sil
25.731961488723755,-10,-19,-15,-20,-4,13,8,1,-3,13,-6,-11,3,11,sil
25.74758362770081,-10,-26,-23,-45,-7,12,6,0,10,-1,-9,-9,3,9,sil
25.74758362770081,-14,-15,-17,-23,-9,1,-7,0,12,-1,-15,-4,-6,-7,sil
25.762741804122925,-2,2,-4,6,1,-4,-5,6,9,10,-4,5,-2,-5,sil
25.762741804122925,13,9,11,3,7,-6,0,9,8,5,12,18,10,11,sil
25.77865839004517,14,15,15,4,9,-10,0,0,0,-7,16,20,9,10,sil
25.77865839004517,11,22,4,16,12,-9,0,-2,-3,-3,8,15,4,3,sil
25.79360246658325,13,14,-4,5,1,-9,-5,0,0,1,2,15,11,1,sil
25.79360246658325,13,0,-6,-6,-9,-13,-8,0,9,2,8,14,21,4,sil
25.80915665626526,7,5,3,0,0,-6,-1,1,14,7,15,16,21,10,sil
25.82430362701416,7,13,4,2,9,6,0,-1,12,7,12,17,19,4,sil
25.82430362701416,15,9,4,-3,3,4,-5,-5,10,-7,10,18,18,-2,sil
25.840410470962524,11,5,6,-4,1,-2,-1,-3,6,-11,9,13,9,0,sil
25.840410470962524,-5,1,0,1,-5,-7,3,-8,-11,-6,-2,-1,-8,-4,sil
25.855573654174805,-9,-3,4,3,-15,-10,-2,-8,-25,-14,-9,-12,-18,-16,sil
25.855573654174805,-2,0,17,1,-7,-7,-5,0,-11,-10,6,-9,-8,-8,sil
25.871482610702515,-3,4,16,6,5,2,0,-2,-3,3,13,-5,-4,0,sil
25.871482610702515,-4,0,9,17,10,13,8,0,-7,6,1,-12,-10,-2,sil
25.886752605438232,-5,-3,1,15,11,11,8,2,-8,-1,-1,-16,-8,-1,sil
25.886752605438232,-10,0,0,4,4,2,-7,-7,-22,-17,-6,-12,-17,-9,sil
25.902348518371586,-11,0,-2,3,0,8,-10,-7,-32,-23,-22,-14,-25,-21,sil
25.902348518371586,-13,-7,-15,2,3,17,6,8,-13,-14,-34,-25,-24,-18,sil
25.91837430000305,-20,-16,-23,-4,0,14,11,17,11,5,-31,-28,-26,-10,sil
25.91837430000305,-7,-11,-15,-3,-6,0,4,15,29,29,-12,-12,-10,3,sil
25.93386721611023,10,-4,2,0,-5,-5,6,8,24,30,6,9,11,22,sil
25.93386721611023,6,-10,1,0,-8,4,13,-4,3,8,2,9,4,20,sil
25.949373722076416,-6,-23,-16,-12,-11,6,2,-9,-8,0,-7,-8,-3,2,sil
25.949373722076416,-9,-28,-28,-36,-9,-10,-13,-3,-6,0,0,-8,10,0,sil
25.96490168571472,-1,-16,-27,-43,-14,-22,-19,-5,0,-15,9,5,13,-5,sil
25.96490168571472,11,6,-2,-23,-12,-18,-25,-8,4,-24,14,21,5,-9,sil
25.9807813167572,20,26,15,4,7,-10,-19,0,5,-1,22,22,18,0,sil
25.9807813167572,8,32,20,23,19,-2,0,4,0,16,21,12,26,3,sil
25.99640703201294,-2,23,28,31,14,5,12,0,0,9,6,4,8,0,sil
25.99640703201294,2,10,16,27,12,11,21,2,8,15,-6,0,0,12,sil
26.01276516914368,-3,-5,-9,1,6,11,27,12,18,25,-18,-8,1,16,sil
26.01276516914368,-17,-20,-17,-22,-11,2,16,14,26,21,-19,-9,5,6,sil
26.02780055999756,0,-13,-4,-16,-14,-9,-3,3,25,5,-2,8,7,9,sil
26.02780055999756,29,12,15,-4,0,-14,-15,-7,0,-12,17,31,13,10,sil
26.0437490940094,30,26,16,-3,1,-12,-19,-16,-33,-25,23,32,12,0,sil
26.0437490940094,18,25,20,2,1,-7,-20,-19,-47,-31,16,20,0,-6,sil
26.05980014801025,14,21,32,24,13,1,-3,-13,-35,-20,12,9,-6,-2,sil
26.05980014801025,3,9,20,33,18,7,12,-2,-12,-2,8,-5,-12,-3,sil
26.075570821762085,-18,-6,-8,14,6,8,8,8,1,-6,-10,-26,-33,-15,sil
26.075570821762085,-37,-21,-26,-5,-6,13,2,7,7,-8,-25,-35,-38,-23,sil
26.091756105422974,-35,-27,-14,-6,-7,15,2,0,9,7,-13,-27,-14,-11,sil
26.091756105422974,-11,-13,0,4,1,15,3,3,10,13,0,-12,2,4,sil
26.10767936706543,2,-2,-3,11,0,15,5,4,6,12,-1,-8,8,7,sil
26.10767936706543,-3,-10,-5,8,-4,11,3,0,5,24,-8,-5,10,5,sil
26.10767936706543,2,-7,-6,6,1,2,7,5,21,27,0,0,12,11,sil
26.12980794906616,20,1,-7,-3,-1,-10,9,12,30,12,5,5,15,16,sil
26.12980794906616,14,-8,-11,-26,-18,-20,2,8,19,-4,-8,4,6,7,sil
26.139322996139526,0,-13,-15,-29,-14,-16,4,5,15,-11,-14,9,-4,-4,sil
26.15477108955384,0,1,-6,-17,-2,-11,0,9,13,-7,6,19,-3,-9,sil
26.15477108955384,0,7,-4,-16,-4,-18,-22,0,-9,-5,15,10,-1,-13,sil
26.170307636260983,0,7,-1,-8,0,-26,-30,-14,-33,-19,1,2,0,-13,sil
26.170307636260983,5,20,15,12,10,-15,-16,-13,-36,-23,5,18,8,0,sil
26.186357498168945,1,21,14,20,8,2,-4,-13,-34,-8,15,17,5,1,sil
26.186357498168945,-11,7,1,12,3,12,-3,-15,-37,-6,0,-5,-11,-6,sil
26.202524662017822,-8,0,0,6,2,8,-2,-12,-28,-18,-13,-20,-9,-6,sil
26.202524662017822,-5,4,6,6,0,3,-2,-11,-21,-30,-8,-19,-7,-10,sil
26.218572854995728,-8,1,7,9,0,15,7,-2,-12,-11,-5,-12,-16,-13,please
26.218572854995728,-3,-14,0,0,0,24,24,15,12,27,-10,-14,-6,4,please
26.218572854995728,1,-24,0,-14,0,16,23,19,37,39,-12,-13,8,20,please
26.23370933532715,7,-9,2,-7,4,11,19,16,40,32,-4,-2,9,21,please
26.24935293197632,13,1,3,2,7,7,17,15,29,28,0,1,4,19,please
26.24935293197632,0,-13,-5,-13,-4,0,0,3,20,12,-6,-9,0,5,please
26.264788389205933,-11,-22,-23,-30,-12,0,-7,-5,19,1,-3,-10,0,-5,please
26.264788389205933,2,-3,-9,-18,1,-1,4,0,15,7,11,12,10,7,please
26.280744552612305,17,13,11,4,10,-6,10,5,15,7,23,28,19,12,please
26.280744552612305,7,13,6,6,1,-11,-7,-2,14,-2,19,21,9,-4,please
26.29638624191284,-8,7,-4,-9,-6,-20,-25,-9,0,-20,5,9,-2,-14,please
26.29638624191284,-8,7,-5,-11,-8,-29,-26,-9,-14,-27,6,9,-2,-9,please
26.31357192993164,5,17,10,11,0,-18,-24,-7,-21,-16,18,14,-1,-7,please
26.314571380615234,8,26,24,35,11,3,-13,-4,-26,-3,14,7,-3,-4,please
26.314571380615234,-6,14,14,31,7,14,4,-3,-26,-4,-6,-6,-6,-3,please
26.32859992980957,-17,-6,-5,15,0,19,11,-2,-18,-7,-25,-18,-16,-10,please
26.34335899353028,-12,-14,-10,24,3,18,8,-4,-10,3,-30,-28,-22,-12,please
26.34335899353028,-1,-7,1,29,4,10,6,0,-3,13,-14,-16,-9,3,please
26.35944557189941,10,1,7,10,0,6,11,11,6,11,4,8,11,24,please
26.35944557189941,11,-2,-2,-4,-1,2,10,11,10,5,0,5,17,23,please
26.37480497360229,3,-17,-9,-12,-1,-3,0,0,9,5,-9,-3,10,6,please
26.37480497360229,12,-16,-9,-17,-3,-10,1,2,17,10,3,13,15,4,please
26.39036107063293,19,-8,0,-22,-13,-16,0,9,14,0,16,23,18,11,please
26.39036107063293,8,-4,2,-26,-20,-21,-12,3,1,-9,11,12,13,1,please
26.405858278274536,6,3,-2,-18,-10,-20,-11,-2,-1,-10,16,18,10,-6,please
26.405858278274536,9,9,3,-11,1,-12,-5,-4,-6,-13,21,24,4,-3,please
26.421884775161743,-1,5,3,-12,3,-2,-7,-6,-16,-16,7,-7,-9,-13,please
26.421884775161743,-6,11,1,-3,10,2,-6,-3,-15,-8,-3,-24,-22,-26,please
26.437437295913696,-2,22,10,11,19,11,4,0,-9,-6,-7,-9,-25,-19,please
26.437437295913696,-16,12,1,11,10,18,7,-5,-12,-16,-22,-19,-29,-17,please
26.452531814575195,-37,-9,-18,-2,-3,16,2,-4,-13,-10,-34,-44,-33,-26,please
26.452531814575195,-36,-17,-21,-8,-5,20,17,4,2,16,-26,-40,-19,-16,please
26.467804670333862,-17,-9,-1,1,5,29,34,10,17,25,-14,-15,3,8,please
26.467804670333862,-3,-3,1,13,8,20,27,7,14,13,-8,-5,7,16,please
26.482932329177856,-16,-18,-23,-1,-5,-2,5,-4,-2,-1,-16,-17,-6,4,please
26.482932329177856,-23,-33,-23,-24,-13,-11,-12,-7,-8,-13,-20,-13,-14,0,please
26.49861311912537,10,-14,4,-8,-4,-3,-11,3,13,9,7,19,12,18,please
26.49861311912537,37,16,16,14,2,-2,-6,7,33,36,33,37,40,36,please
26.513750791549683,23,20,13,17,3,-5,-13,2,20,16,26,31,28,28,please
26.513750791549683,17,11,12,18,2,-3,-13,0,2,0,21,32,18,21,please
26.52977156639099,27,15,21,18,0,-4,-8,4,6,16,27,31,30,22,please
26.52977156639099,25,20,13,14,0,-11,-8,4,14,14,29,15,28,11,please
26.54568123817444,12,12,1,3,2,-11,-14,-4,0,-4,20,10,6,-8,please
26.54568123817444,6,3,2,-6,4,-9,-11,-14,-22,-18,1,12,-11,-25,please
26.561720848083496,8,6,6,-6,3,-14,0,-12,-22,-24,-4,0,-10,-25,please
26.561720848083496,9,14,10,-5,0,-18,0,-3,-12,-20,7,4,0,-9,please
26.57701206207276,1,7,15,-3,-8,-15,-9,-1,-17,-13,11,13,0,-3,please
26.57701206207276,-10,-7,5,0,-4,-3,-2,-3,-31,-20,-12,-6,-21,-18,please
26.59233808517456,-26,-15,-5,-2,5,19,11,-2,-27,-21,-31,-33,-33,-24,please
26.59233808517456,-33,-18,-18,-2,2,27,13,0,0,-4,-25,-39,-28,-8,please
26.607532262802124,-18,-21,-20,1,-6,11,14,6,14,5,-22,-27,-17,7,please
26.607532262802124,-2,-21,-14,-9,-13,1,19,6,10,12,-27,-15,-8,12,please
26.622774124145508,-6,-19,-17,-24,-12,2,12,1,16,18,-19,-11,-1,11,sil
26.622774124145508,-1,-3,-11,-14,0,3,3,13,32,17,0,-7,6,8,sil
26.63881492614746,10,8,-3,4,9,3,0,21,35,10,8,0,12,6,sil
26.63881492614746,1,-5,-8,-5,-1,-7,-9,3,18,-1,2,1,6,5,sil
26.65467476844788,-3,-10,-11,-21,-5,-14,-11,-7,9,-4,4,9,10,0,sil
26.65467476844788,7,12,0,-7,6,-7,-8,-4,-1,2,18,21,14,-4,sil
26.669707775115967,7,21,9,13,7,-1,-10,-6,-24,0,14,16,2,-9,sil
26.669707775115967,0,13,10,21,3,5,0,-6,-21,0,8,7,1,-7,sil
26.68533992767334,0,19,23,22,11,12,8,0,-1,6,21,12,11,-1,sil
26.68533992767334,5,27,29,28,19,9,4,-2,-4,0,21,7,1,-1,sil
26.70077633857727,6,20,19,36,16,12,10,-8,-14,0,3,-5,-10,-2,sil
26.70077633857727,3,7,16,32,8,21,22,-4,-7,16,0,-2,-2,8,sil
26.71643900871277,1,-9,0,12,-1,13,20,3,3,25,-2,0,8,18,sil
26.71643900871277,-2,-24,-20,-12,-12,-1,4,4,4,6,-20,-7,9,8,sil
26.731729984283447,-16,-26,-22,-28,-22,-9,-3,1,0,-9,-30,-15,0,-5,sil
26.731729984283447,-23,-20,-26,-30,-24,-9,-4,5,0,-8,-21,-19,-6,-9,sil
26.747845888137817,-6,-11,-23,-30,-11,-9,-12,5,4,-12,-1,-3,1,-5,sil
26.747845888137817,7,-5,-6,-23,-1,-16,-22,-2,0,-24,9,10,4,-4,sil
26.76303124427796,0,0,4,-12,-8,-24,-28,-11,-21,-31,-1,5,-16,-15,sil
26.76303124427796,-3,11,9,-5,-9,-17,-27,-10,-30,-24,0,4,-35,-19,sil
26.77973318099976,8,15,17,7,9,0,-13,-3,-13,-10,19,12,-25,-2,sil
26.77973318099976,7,5,19,15,15,12,0,1,0,-1,10,7,-8,11,sil
26.7938551902771,4,-4,0,10,3,8,4,5,11,9,-10,-8,4,12,sil
26.80894565582276,15,-7,-5,1,2,-3,3,10,28,20,-3,-9,15,13,sil
26.80894565582276,18,-3,2,-4,1,-4,8,11,36,19,13,7,23,18,sil
26.824896574020386,7,0,-3,-11,-1,-1,3,5,23,10,18,21,28,18,sil
26.824896574020386,4,2,0,-12,7,-8,-8,0,-2,2,17,13,24,7,sil
26.839589834213257,1,7,9,7,11,-3,3,-2,-14,0,1,-7,1,-8,sil
26.839589834213257,-8,12,4,17,4,17,20,-8,-17,-5,-21,-20,-28,-11,sil
26.854761123657227,-15,5,-5,5,3,23,17,-7,-21,-7,-29,-17,-30,-8,sil
26.854761123657227,-16,-6,-12,-1,-1,7,15,0,-4,6,-24,-16,-2,-11,sil
26.870883464813232,-4,-5,-6,-4,-4,0,18,11,30,26,-11,-10,16,0,sil
26.870883464813232,3,-7,-4,-2,-2,-1,13,9,42,32,4,3,22,13,sil
26.88649821281433,-5,-14,-16,-5,-8,-10,-5,-3,16,15,0,6,13,0,sil
26.88649821281433,-7,-1,-12,-13,-5,-7,-20,-8,-2,-10,-5,3,-5,-14,sil
26.90250396728516,5,16,2,-7,11,0,-17,-2,-3,-18,16,4,-1,-11,sil
26.90250396728516,-1,11,9,1,2,-4,-13,-6,-19,-17,25,10,6,-9,sil
26.917946577072144,-9,0,11,10,-14,0,-3,-13,-35,-14,4,3,-10,-7,sil
26.917946577072144,2,0,18,29,10,20,19,-6,-17,0,2,-5,-17,0,sil
26.93298864364624,-3,-1,11,24,28,26,16,3,-4,3,10,-9,-9,0,sil
26.93298864364624,-17,-7,-9,7,-6,10,0,4,-9,6,-3,-6,-10,-1,sil
26.948542833328247,5,-11,0,13,-16,0,12,12,0,21,-5,10,1,16,sil
26.948542833328247,28,-8,15,2,2,2,17,19,25,17,15,20,17,29,sil
26.964397192001343,9,-1,-4,-26,-15,-5,-10,0,24,-15,12,13,6,15,sil
26.964397192001343,0,9,-6,-4,-22,-16,-31,-15,-1,-30,-2,14,1,-2,sil
26.98306632041931,15,23,14,36,8,-18,-27,-7,-19,-16,8,18,16,-6,sil
26.98306632041931,15,19,22,16,0,-22,-21,0,-15,-16,22,11,10,-5,sil
26.99568462371826,7,2,17,-5,-19,-17,-6,0,2,-11,15,12,0,0,sil
26.99568462371826,12,9,15,22,14,-4,4,-1,2,0,4,13,-4,0,sil
27.01185154914856,10,30,16,37,28,-4,-6,-1,-23,-16,-5,0,-21,-3,sil
27.01185154914856,0,13,2,5,2,0,-2,2,-20,-20,-16,-15,-21,0,sil
27.02741026878357,-11,-20,-19,-25,2,19,19,2,13,14,-27,-30,-2,4,sil
27.02741026878357,-25,-23,-32,-20,10,21,28,4,22,30,-35,-36,-6,-5,sil
27.042562246322632,-22,-15,-37,-18,-1,6,23,12,20,25,-25,-21,-7,0,sil
27.042562246322632,-14,-29,-38,-50,-5,0,5,6,30,26,-21,-13,12,12,sil
27.05861210823059,-21,-41,-45,-70,-2,-7,-13,-6,23,13,-36,-38,12,-7,sil
27.05861210823059,-22,-26,-38,-55,-1,-13,-21,-9,-6,-10,-23,-40,-1,-25,sil
27.0738217830658,-13,-8,-15,-49,2,-4,-16,-7,-20,-12,7,-14,-8,-17,sil
27.0738217830658,-13,-11,-3,-38,-1,7,0,-6,-12,1,0,-10,-22,-13,sil
27.089327812194824,-12,-3,0,0,-8,17,16,0,-3,13,-15,-12,-19,-8,sil
27.089327812194824,-1,17,3,12,0,13,18,6,5,21,4,6,17,6,sil
27.104465007781982,15,10,11,0,0,-4,-5,4,5,9,33,30,33,10,sil
27.104465007781982,26,0,30,25,0,-6,-19,2,-7,-11,46,48,16,0,sil
27.11974263191223,17,27,41,62,10,8,-3,-1,-14,-11,43,45,3,3,sil
27.11974263191223,1,44,41,55,10,11,14,-2,-9,-4,24,21,-6,9,sil
27.135751485824585,2,15,25,40,-12,9,31,2,2,-2,6,7,-6,7,sil
27.135751485824585,13,-6,13,38,-16,1,29,4,12,-3,0,13,7,11,sil
27.15171527862549,20,6,17,32,-1,-18,0,0,8,-7,4,23,16,18,sil
27.15171527862549,26,13,17,21,0,-26,-18,-7,-4,-16,13,30,10,13,sil
27.166985511779785,35,1,19,4,-4,-18,-19,-4,-13,-23,17,36,0,2,sil
27.166985511779785,34,7,21,6,-3,-16,-25,-2,-14,-24,18,19,1,-3,sil
27.182711839675903,5,18,4,19,-1,-14,-31,-10,-24,-30,3,-12,-7,-14,sil
27.182711839675903,-25,6,-12,8,9,0,-18,-10,-37,-24,-20,-26,-30,-25,sil
27.19832468032837,-27,-9,-21,-8,12,15,0,-2,-25,2,-32,-33,-28,-19,sil
27.19832468032837,-25,-15,-20,-7,2,20,9,1,0,16,-30,-44,-9,-6,sil
27.2136869430542,-28,-14,-20,-5,10,27,18,8,23,24,-21,-38,-4,1,sil
27.2136869430542,-18,-10,-21,-16,13,23,16,10,34,46,-12,-16,-1,12,sil
27.22979497909546,-5,-14,-14,-32,-7,9,10,13,37,48,-15,-1,9,23,sil
27.22979497909546,-2,-22,-16,-36,-10,5,10,17,43,25,-10,0,19,19,sil
27.24531197547913,0,-18,-17,-26,4,-1,1,7,34,8,7,8,19,7,sil
27.24531197547913,12,-1,-1,-15,8,-17,-3,-2,14,8,24,23,25,8,sil
27.260823011398315,18,6,6,-13,4,-15,4,0,6,7,26,18,30,10,sil
27.260823011398315,4,6,-2,-12,0,-5,1,-1,1,-11,7,-7,11,-6,sil
27.27599215507508,-3,11,-5,1,-1,-8,-10,-13,-14,-22,-2,-11,-9,-16,sil
27.27599215507508,2,14,9,11,3,-12,-16,-10,-27,-10,5,1,-10,-4,sil
27.29167938232422,1,9,10,3,-1,-7,-5,-2,-29,-6,0,-6,-10,-3,sil
27.29167938232422,-11,2,-8,1,-11,4,12,-6,-25,-16,-17,-26,-22,-17,sil
27.306836128234863,-23,-7,-14,5,-10,13,19,-5,-20,-17,-27,-24,-34,-25,sil
27.32233428955078,-28,-24,-16,-7,-13,4,13,1,-11,-9,-33,-16,-34,-24,sil
27.32233428955078,-22,-29,-21,-26,-16,-1,9,7,3,-3,-28,-14,-17,-15,sil
27.32233428955078,-9,-16,-10,-22,-4,8,11,16,24,7,-6,-7,8,3,sil
27.338791131973267,7,-1,5,-9,5,6,-1,15,26,12,11,9,22,21,sil
27.338791131973267,20,0,12,-11,-3,-12,-28,-1,7,-1,17,30,19,17,sil
27.353578090667725,22,1,7,-6,-14,-18,-33,-12,-8,-15,27,33,18,7,sil
27.353578090667725,28,20,26,14,0,-12,-23,-7,-11,-14,36,37,18,13,sil
27.36967372894287,36,37,43,28,15,-7,-15,-2,-6,-6,32,44,12,18,sil
27.36967372894287,23,25,26,29,6,-5,-5,-7,-8,-6,17,27,0,0,sil
27.38579034805298,1,13,13,28,6,0,-1,-15,-24,-18,0,0,-25,-17,sil
27.40188217163086,0,14,14,28,17,12,1,-11,-27,-11,-7,-8,-32,-14,sil
27.40188217163086,0,9,8,26,18,18,16,0,-11,12,1,-4,-7,-3,sil
27.40188217163086,-13,-5,-3,16,10,11,19,6,-6,19,2,-11,8,0,sil
27.41741108894348,-24,-20,-17,1,3,8,4,2,-6,4,-25,-26,-3,-1,sil
27.41741108894348,-18,-18,-14,-5,-3,12,4,5,5,1,-31,-25,-9,1,sil
27.4334397315979,-14,-5,-9,-4,-8,6,14,7,15,15,-5,-18,0,3,sil
27.4334397315979,-22,-6,-15,-9,-9,-2,6,0,12,18,-9,-24,-4,-3,sil
27.448914289474487,-23,-13,-17,-12,-5,6,3,1,21,12,-28,-21,-9,-5,sil
27.448914289474487,-8,-4,-5,-4,2,15,19,14,44,24,-1,0,17,13,sil
27.464990377426147,11,12,13,4,4,2,18,17,44,35,31,23,41,28,sil
27.464990377426147,28,18,17,19,1,-13,2,8,22,24,25,27,33,20,sil
27.480607986450195,29,8,3,18,3,-13,-4,0,7,5,9,20,21,9,sil
27.480607986450195,6,-10,-10,-12,0,-2,-8,0,6,-3,6,7,12,1,sil
27.495689630508423,-12,-26,-27,-40,-19,-5,-9,-5,0,-12,0,-6,-2,-9,sil
27.495689630508423,-8,-18,-23,-39,-25,-17,-6,-3,-7,-25,-8,-8,-11,-13,sil
27.51220893859864,6,-4,-9,-22,-13,-15,-2,3,-1,-25,-18,-6,-8,-4,sil
27.51220893859864,4,-5,-7,-12,0,-12,-9,-1,-5,-17,-24,-8,-4,-4,sil
27.526851177215576,-1,2,0,-2,6,-9,-12,-9,-24,-15,-7,-1,-5,-13,sil
27.542319297790527,4,19,9,5,6,4,-5,-12,-27,-16,18,7,-8,-9,sil
27.542319297790527,15,17,13,3,6,5,-12,-15,-24,-23,19,10,-12,-5,sil
27.557694911956787,16,12,14,10,13,-3,-11,-7,-27,-20,7,15,-7,-4,sil
27.557694911956787,9,15,12,13,16,0,2,0,-23,-8,5,11,-3,1,sil
27.57297205924988,4,9,12,0,4,0,-6,-3,-19,-14,5,1,-7,0,sil
27.57297205924988,5,3,13,1,-3,-12,-22,-9,-17,-15,13,0,-6,-4,sil
27.58877444267273,0,3,10,15,0,-5,-10,-3,-14,2,6,-8,-7,0,sil
27.58877444267273,-18,-4,-7,1,0,16,11,2,-5,12,-23,-29,-13,3,sil
27.60440731048584,-23,-14,-13,-5,-1,20,17,7,13,22,-23,-22,-6,3,sil
27.60440731048584,-11,-11,6,5,0,15,16,7,23,35,5,4,0,12,sil
27.61954522132873,-11,-10,1,2,-2,15,15,0,6,23,-1,1,-4,3,sil
27.61954522132873,-23,-12,-14,-1,-7,9,12,0,-2,1,-27,-8,-13,-18,sil
27.63534951210022,-24,-7,-8,6,-3,0,7,9,12,4,-21,-6,-8,-19,sil
27.63534951210022,-12,-6,-6,3,-4,0,0,13,26,12,-1,-2,2,0,sil
27.65038108825684,-2,-8,-1,-2,-6,7,3,10,30,12,7,3,16,7,sil
27.65038108825684,0,-1,1,7,2,9,16,7,36,22,10,0,20,4,sil
27.665568828582764,-4,-2,-6,4,2,-3,10,2,27,20,4,-12,8,4,sil
27.665568828582764,-2,-8,-12,-6,-5,-11,-4,-1,9,3,0,-1,3,6,sil
27.68087077140808,17,7,2,1,0,-6,-3,-7,-1,-6,9,23,14,10,sil
27.68087077140808,34,29,20,14,12,-2,-2,-7,-5,-12,14,28,18,13,sil
27.696409225463867,31,19,10,5,9,-5,-6,0,-2,-11,6,9,10,10,sil
27.696409225463867,20,-2,-4,-11,2,-5,-4,1,-2,-1,3,0,9,6,sil
27.711578607559204,13,0,-4,-13,2,-1,1,0,-11,-2,8,8,19,7,sil
27.711578607559204,7,6,-8,-11,0,-6,0,1,-16,-12,7,5,11,7,sil
27.72763180732727,2,1,-6,-16,-13,-17,-11,1,-15,-18,-5,-9,-14,-3,sil
27.72763180732727,1,-1,-1,-9,-15,-14,-9,-4,-17,-15,-8,-11,-17,-13,sil
27.74307560920716,0,0,1,-3,-2,0,-3,-5,-18,-13,0,0,-4,-9,sil
27.74307560920716,-1,0,7,-6,3,7,-7,2,-9,-13,3,9,-4,1,sil
27.75878643989563,3,4,9,4,2,-1,-12,0,-2,-11,7,20,0,4,sil
27.75878643989563,3,4,11,11,2,-7,-14,-10,-5,-8,6,13,0,-5,sil
27.774348258972168,-18,-12,-1,-2,-2,0,-10,-13,-5,-2,-11,-13,-18,-20,sil
27.774348258972168,-35,-17,-13,-8,-6,4,-7,-6,-3,-3,-23,-16,-22,-30,sil
27.790366411209103,-13,4,3,7,2,5,-5,4,-4,0,-3,2,-6,-22,sil
27.790366411209103,8,14,14,20,9,5,1,3,-2,10,16,0,0,-1,sil
27.80642533302307,0,10,14,16,7,5,7,0,0,15,15,-4,0,7,sil
27.80642533302307,0,20,15,22,13,11,19,7,12,19,15,3,10,9,sil
27.821574926376343,11,16,5,27,17,11,28,13,33,26,10,2,11,19,sil
27.821574926376343,-1,-16,-12,0,0,0,14,3,18,15,-11,-10,-8,13,sil
27.836589813232425,-19,-29,-24,-21,-14,-8,-1,-5,-8,-2,-29,-18,-25,-5,sil
27.836589813232425,-11,-5,-8,-3,-4,1,-1,-6,-12,-12,-25,-9,-21,-7,sil
27.851810932159424,1,2,0,10,4,20,9,-2,0,-2,-10,-4,-4,1,sil
27.851810932159424,-4,-12,-13,-8,-3,21,10,2,0,7,-4,-16,0,0,sil
27.867573976516724,-12,-22,-17,-24,-8,2,5,9,1,0,-17,-18,0,0,sil
27.867573976516724,0,-19,-9,-13,-3,-10,8,5,13,0,-16,-7,9,5,sil
27.88254761695861,2,-10,0,-7,-8,-10,4,-2,8,6,1,-2,17,6,sil
27.88254761695861,-5,0,-2,-10,-13,-8,-2,0,-4,12,5,-6,11,4,sil
27.89778971672058,0,-2,0,-8,-6,-2,-5,9,-1,6,0,1,9,4,sil
27.89778971672058,8,0,11,-3,0,1,-6,3,9,-8,4,21,15,6,sil
27.913806200027462,2,16,5,1,0,-3,-3,-7,10,-10,10,18,16,2,sil
27.913806200027462,0,9,-5,-3,-2,-9,-6,-6,-5,-4,12,1,3,-7,sil
27.929314374923703,0,-7,-9,-9,-1,-7,-18,-2,-8,-5,15,6,0,-9,sil
27.929314374923703,3,3,-1,5,7,-2,-17,-5,6,-4,19,23,15,0,sil
27.944600582122803,11,18,11,17,16,1,-3,-2,7,6,23,27,19,7,sil
27.944600582122803,15,8,6,13,13,0,3,2,6,16,22,15,3,10,sil
27.96001243591309,16,0,10,9,1,-6,-5,-2,1,0,11,15,-1,8,sil
27.96001243591309,13,12,18,4,-6,-11,-11,-9,-14,-27,-4,9,-7,-4,sil
27.97683358192444,3,15,1,-3,-6,-14,-9,-3,-22,-22,-9,-9,-20,-14,sil
27.97683358192444,1,0,2,-9,-7,-9,-2,6,-14,-9,0,0,-13,-5,sil
27.99141025543213,10,2,12,0,-2,-1,4,4,-5,-9,2,13,2,6,sil
27.99141025543213,14,18,12,12,5,0,1,0,-6,-5,-2,2,-1,3,sil
28.006756067276,3,7,8,6,3,6,1,1,-9,5,-11,-9,-17,-5,sil
28.02240514755249,-7,-13,-6,-6,0,16,9,3,-1,8,-20,-14,-20,-4,sil
28.02240514755249,-11,-3,-6,2,5,9,5,1,4,6,-16,-10,-15,0,sil
28.03748607635498,-9,13,0,14,9,3,0,0,2,9,0,-8,-10,-4,sil
28.03748607635498,-15,10,0,-1,3,12,2,-2,-4,1,-1,-14,-14,-20,sil
28.05256724357605,-21,-1,-1,-3,5,19,10,0,-6,-3,-13,-21,-17,-23,sil
28.05256724357605,-17,-15,-14,4,6,19,22,10,6,8,-10,-22,-9,-5,sil
28.0686137676239,-12,-21,-13,-7,-2,15,25,12,16,14,-12,-15,-5,6,sil
28.0686137676239,-13,-7,-2,3,0,7,12,0,5,6,-17,-14,-2,0,sil
28.084209203720093,-10,-4,-5,23,6,3,6,-2,1,7,-10,-13,4,4,sil
28.084209203720093,0,-20,-3,7,-4,7,15,5,24,26,8,0,25,23,sil
28.099944591522217,0,-19,-7,-3,-12,0,12,1,32,26,18,3,40,24,sil
28.099944591522217,-5,-13,-14,-8,-13,-25,-19,-13,7,-5,13,0,32,4,sil
28.115572929382324,-1,-31,-12,-22,-22,-42,-48,-18,-2,-22,24,7,37,-8,sil
28.115572929382324,5,-29,-13,-24,-19,-25,-29,-9,8,-11,21,7,34,-3,sil
0.0290789604187011,2,0,-13,-20,0,-6,-6,0,1,-7,-20,-1,-8,0,sil
0.0442051887512207,-1,5,-6,-24,0,-9,-16,0,-17,-16,-32,2,-26,0,sil
0.0442051887512207,10,10,8,-16,-7,-10,-18,0,-19,-17,-1,18,-7,2,sil
0.0601627826690673,31,28,15,4,0,0,0,1,-5,-5,18,30,2,14,sil
0.0601627826690673,35,27,23,9,6,2,7,5,0,7,25,36,5,13,sil
0.0601627826690673,20,21,23,0,10,0,7,0,-7,0,22,24,3,-1,sil
0.0753259658813476,9,25,15,7,13,-1,1,-4,-25,-22,6,4,-7,-11,sil
0.0753259658813476,0,22,16,17,6,5,0,1,-32,-15,-3,0,-17,-9,sil
0.0913760662078857,-11,7,2,11,4,22,14,9,-8,8,-2,-6,-15,-2,sil
0.0913760662078857,-10,0,-10,8,9,23,14,8,16,16,-9,-16,-8,0,sil
0.1076042652130127,0,0,-6,17,6,3,0,4,16,14,-16,-12,-2,-2,sil
0.1076042652130127,0,-13,-9,10,2,-11,-8,0,4,2,-7,-5,-1,-7,sil
0.1222257614135742,-1,-11,0,-3,3,-8,-7,-3,-6,-23,2,0,-4,-10,sil
0.1222257614135742,-2,13,12,10,1,0,3,0,-7,-20,8,1,-7,-11,sil
0.1377601623535156,-7,16,19,23,-1,0,5,-3,-6,2,5,0,-12,-12,sil
0.1532926559448242,-13,3,11,13,4,5,0,-12,-13,1,0,-2,-17,-7,please
0.1532926559448242,-6,3,-1,13,13,16,9,-8,-4,0,0,-7,-12,4,please
0.1693925857543945,-4,-1,0,12,7,16,19,0,8,15,-2,-8,-3,12,please
0.1693925857543945,-8,-16,-6,-2,-7,10,15,4,14,36,-9,-10,0,12,please
0.1854379177093505,-2,-17,-13,-11,-10,4,11,7,23,43,-3,-5,5,22,please
0.1854379177093505,3,-12,-4,-12,-2,1,6,9,25,28,-1,-3,9,19,please
0.2024385929107666,-2,-10,-12,-20,-1,0,-6,2,11,1,-22,-17,4,-1,please
0.2024385929107666,-11,-15,-19,-31,-9,-5,-16,3,10,-10,-31,-17,1,-3,please
0.2024385929107666,-11,-23,-22,-31,-17,-14,-10,10,24,-2,-14,-9,8,3,please
0.2171492576599121,-8,-23,-24,-30,-16,-20,-7,0,5,-6,-5,-9,12,-6,please
0.2171492576599121,-4,-10,-11,-21,-7,-15,-13,-5,-16,-14,1,0,16,-10,please
0.2323856353759765,5,4,-2,-7,0,-7,-8,6,4,-7,19,15,26,-3,please
0.2489080429077148,23,13,8,-4,-4,0,-1,9,16,-5,21,23,27,2,please
0.2489080429077148,30,13,18,3,-3,4,1,-2,-1,-5,17,31,24,13,please
0.2489080429077148,18,13,13,13,0,-2,-1,-12,-15,-8,27,32,20,15,please
0.2647202014923095,4,12,7,2,2,-11,-14,-13,-18,-25,28,21,0,-5,please
0.2647202014923095,0,2,1,-1,7,-4,-15,-9,-19,-30,7,0,-20,-18,please
0.2805283069610595,0,1,6,10,10,1,-3,-3,-19,-19,0,-9,-23,-9,please
0.2805283069610595,0,14,12,28,11,4,9,0,-14,-1,4,-3,-13,1,please
0.2950141429901123,4,17,8,35,15,4,10,-2,-16,7,4,-4,-8,0,please
0.3105127811431885,0,15,12,29,10,1,-1,-3,-22,0,2,-6,-12,-7,please
0.3105127811431885,-8,11,11,24,2,10,1,0,-11,1,-4,-8,-14,-10,please
0.3257982730865478,-13,3,4,11,2,18,11,-1,-5,7,-31,-13,-24,-13,please
0.3257982730865478,-8,0,5,1,4,11,10,-5,-15,0,-32,-7,-24,-10,please
0.3413934707641601,-2,-1,7,4,3,5,10,-2,-2,11,0,5,-2,6,please
0.3413934707641601,-1,-8,8,2,2,4,14,9,18,32,1,3,4,15,please
0.3565921783447265,0,-10,0,0,0,2,14,13,21,32,-21,-8,-7,11,please
0.3565921783447265,0,-12,-6,-8,-11,3,9,3,15,12,-19,-10,-7,9,please
0.3723771572113037,-14,-23,-14,-29,-19,-3,2,1,13,-6,-13,-16,1,3,please
0.3723771572113037,-23,-27,-32,-37,-15,-17,-7,7,14,-11,-21,-25,0,-6,please
0.3880500793457031,-11,-19,-31,-30,-14,-8,-15,4,16,-11,-14,-12,3,-7,please
0.3880500793457031,1,-10,-19,-21,-12,0,-10,0,19,-9,1,4,13,-4,please
0.4031736850738525,5,0,-5,-9,1,-13,-8,0,14,0,13,17,19,1,please
0.4031736850738525,11,5,3,0,6,-12,-16,0,6,9,31,30,26,11,please
0.4186887741088867,9,5,1,-9,0,-4,-24,-5,-1,-2,34,24,24,6,please
0.4186887741088867,2,11,7,-5,8,-7,-21,-10,-10,-14,20,8,6,-4,please
0.4344782829284668,8,25,13,21,17,0,-3,-7,-9,-3,25,7,0,0,please
0.4344782829284668,9,24,8,17,14,14,2,-1,-10,0,23,4,0,0,please
0.4499769210815429,1,9,6,0,9,11,-1,0,-21,-11,-4,-8,-15,-14,please
0.4499769210815429,2,3,5,10,5,6,9,2,-14,0,-6,-8,-16,-15,please
0.4660215377807617,8,15,18,33,9,16,29,9,6,22,13,9,4,8,please
0.4660215377807617,15,20,25,33,6,24,34,14,17,28,8,10,12,23,please
0.4811928272247314,9,2,8,15,-7,8,24,7,16,12,-13,-6,-7,10,please
0.4811928272247314,-6,-15,-5,1,-13,-2,14,3,9,0,-24,-15,-16,0,please
0.4967021942138672,-9,-16,-10,3,-7,2,11,0,1,5,-23,-14,-3,7,please
0.4967021942138672,1,-12,-13,0,-6,2,7,-2,2,10,-16,-10,1,13,please
0.5122556686401367,2,-9,-13,-10,-4,-6,9,0,4,1,-11,-4,2,11,please
0.5122556686401367,-4,-10,-10,-15,-6,-14,0,0,-7,-5,-14,0,6,4,please
0.5282278060913086,-4,-14,-15,-23,-14,-20,-29,-9,-15,-16,-5,4,9,-7,please
0.5282278060913086,-1,-10,-19,-33,-10,-25,-37,-14,-11,-24,13,8,15,-16,please
0.5439889430999756,-5,-4,0,-33,-3,-25,-29,-7,-19,-24,16,14,12,-16,please
0.5439889430999756,-12,-5,7,-17,-5,-23,-31,-4,-28,-26,-3,3,-8,-20,please
0.5597202777862549,-14,-2,0,0,-2,-18,-31,-10,-22,-33,-14,-13,-23,-25,please
0.5597202777862549,-10,3,5,-3,1,-7,-12,-6,-13,-22,0,-1,-15,-16,please
0.5755250453948975,0,8,13,0,1,3,5,4,-6,-2,10,13,-5,0,please
0.5755250453948975,13,24,25,28,14,15,7,2,0,1,7,7,-7,6,please
0.5910913944244385,17,30,34,47,24,28,13,0,13,8,14,6,0,8,please
0.5910913944244385,3,13,15,33,13,36,28,3,18,20,14,1,5,10,please
0.6060061454772949,-8,0,-3,16,7,30,25,7,10,17,-9,-16,-6,2,please
0.6060061454772949,-9,-5,-6,11,3,18,10,6,6,17,-15,-23,-8,0,please
0.6222712993621826,-14,-17,-10,-4,-8,13,6,2,10,30,0,-13,-1,1,please
0.6222712993621826,-19,-19,-24,-18,-9,14,8,1,11,31,0,-10,-9,0,please
0.6382608413696289,-7,-7,-25,-14,0,8,7,5,15,17,-2,-11,-7,1,sil
0.6382608413696289,6,-1,-5,-4,4,0,12,8,26,14,0,-8,12,17,sil
0.6558351516723633,9,-8,-2,-2,2,-7,18,1,18,16,-3,-3,15,16,sil
0.6558351516723633,4,-12,-4,-12,0,-12,2,-6,-2,-1,-4,5,1,0,sil
0.6698312759399414,9,-2,0,-9,-2,-8,-8,-1,-3,-16,0,8,3,0,sil
0.6698312759399414,23,10,4,5,0,-6,-5,4,8,-4,2,9,14,10,sil
0.6850988864898682,26,16,11,2,1,-11,-8,6,12,3,16,27,22,16,sil
0.6850988864898682,14,12,4,-6,-2,-13,-14,0,4,-3,25,29,22,9,sil
0.7005078792572021,1,1,-6,-6,-11,-21,-23,-6,-17,-16,6,8,3,-8,sil
0.7005078792572021,0,-3,-4,-11,-20,-27,-21,-3,-31,-21,-7,-1,-9,-24,sil
0.7164306640625,0,0,-1,-13,-16,-18,-5,0,-18,-23,4,10,0,-17,sil
0.7164306640625,0,3,4,-5,0,-3,-3,-4,-12,-25,2,15,0,-4,sil
0.7319562435150146,0,13,8,8,5,1,-15,-12,-24,-25,-15,-5,-18,-11,sil
0.7319562435150146,-4,24,12,20,8,1,-11,-14,-28,-22,-6,-12,-27,-20,sil
0.7473978996276855,-13,17,16,21,9,2,5,-6,-19,-9,10,2,-12,-6,sil
0.7473978996276855,-21,-5,3,15,4,15,20,1,0,12,-4,-2,0,8,sil
0.7632989883422852,-14,-15,-3,13,3,29,29,7,18,27,-21,-18,-4,11,sil
0.7632989883422852,-2,-17,-9,5,2,24,30,15,24,24,-15,-21,-3,10,sil
0.7787773609161377,-9,-25,-21,-16,-2,3,13,11,20,12,-17,-23,4,8,sil
0.7787773609161377,-6,-24,-11,-21,-5,-4,-6,7,24,9,-10,-7,15,12,sil
0.793548583984375,14,-7,9,-5,-1,-8,-10,7,26,17,20,20,28,18,sil
0.793548583984375,17,3,11,0,4,-16,-11,-2,8,7,22,19,13,6,sil
0.8091261386871338,7,8,2,7,5,-16,-16,-16,-14,-17,2,-2,-17,-12,sil
0.8091261386871338,-1,6,1,14,-1,-7,-22,-13,-24,-20,4,-9,-23,-22,sil
0.8243117332458496,-21,-5,-4,0,-2,3,-19,-4,-30,-9,-1,-15,-21,-27,sil
0.8243117332458496,-25,-6,-12,-8,0,16,7,0,-23,-4,-25,-30,-25,-16,sil
0.8404207229614258,-6,2,1,0,0,23,36,11,8,14,-17,-15,-4,12,sil
0.8404207229614258,6,2,6,0,3,16,36,21,35,41,10,16,28,30,sil
0.8558790683746338,14,8,-6,-11,1,3,9,8,31,27,16,30,27,22,sil
0.8558790683746338,26,16,1,-12,-6,3,-6,0,22,0,13,29,13,8,sil
0.8710832595825195,24,9,12,-10,2,6,0,1,25,6,25,29,25,3,sil
0.8710832595825195,11,8,6,-16,13,0,-10,-2,1,3,30,27,28,-2,sil
0.8877096176147461,0,9,-1,-15,-2,-3,-35,-19,-43,-34,9,3,-5,-19,sil
0.8877096176147461,-10,0,1,0,-13,4,-28,-22,-46,-46,-11,-21,-37,-25,sil
0.9028425216674804,-22,-1,-3,10,4,4,2,-4,-13,-18,-17,-24,-29,-17,sil
0.9181766510009766,-23,1,-19,10,9,-9,14,1,0,-1,-19,-22,-16,-10,sil
0.9181766510009766,-11,-5,-11,12,-5,-19,7,-3,-9,-1,-21,-20,-22,-2,sil
0.9181766510009766,2,0,4,21,-2,-9,8,1,-4,8,-17,-16,-19,6,sil
0.9333877563476562,1,0,-4,17,7,0,11,6,3,14,-17,-17,1,8,sil
0.9493143558502196,0,-20,-7,-1,0,-4,9,4,1,5,-23,-14,11,5,sil
0.9493143558502196,7,-23,0,-4,-7,-10,10,4,0,2,-15,-1,11,12,sil
0.9645025730133056,12,-7,3,0,-4,-5,1,9,7,2,2,7,15,18,sil
0.9645025730133056,9,-7,2,-11,-5,-5,-8,10,21,0,13,16,21,13,sil
0.9800131320953368,10,-3,2,-14,-10,-12,-11,0,24,-3,15,26,17,6,sil
0.9800131320953368,11,15,9,-3,-3,-8,-12,-2,3,0,17,29,7,0,sil
0.9952940940856934,6,12,9,-2,3,-4,-9,3,-2,1,24,22,7,-5,sil
0.9952940940856934,0,0,4,-1,-5,-11,-14,0,0,-13,22,16,3,-13,sil
1.0104501247406006,-4,6,11,14,-11,-11,-19,-10,-11,-25,17,12,-9,-19,sil
1.0104501247406006,-5,17,16,29,1,-3,-10,-11,-22,-13,17,7,-12,-12,sil
1.0261130332946775,-2,20,20,32,14,10,-1,-9,-18,-2,9,3,-5,-2,sil
1.0261130332946775,-6,9,9,29,11,27,5,-7,-9,8,0,-7,-2,-3,sil
1.042210578918457,-14,-5,-2,15,7,31,22,2,7,29,0,-18,0,0,sil
1.042210578918457,-8,0,0,10,5,28,36,14,27,38,0,-10,11,14,sil
1.0579705238342283,-1,0,-1,7,6,26,29,11,29,23,-6,-4,11,18,sil
1.0579705238342283,-11,-20,-18,-20,4,13,4,4,10,6,-16,-15,-2,4,sil
1.0736944675445557,-3,-17,-21,-31,-3,0,-3,3,12,8,-11,-8,4,3,sil
1.0736944675445557,27,7,2,-11,-5,-3,0,5,25,8,0,22,21,15,sil
1.0893945693969729,28,5,1,-12,0,-5,-2,4,11,-4,0,23,5,12,sil
1.0893945693969729,4,0,-22,-26,3,-13,-8,-7,-12,-11,-9,-5,-14,-3,sil
1.1054322719573977,0,6,-14,-28,0,-18,-13,-15,-29,-19,-13,-16,-19,-17,sil
1.1054322719573977,3,0,-4,-27,-4,-10,-14,-7,-36,-30,-17,-19,-26,-22,sil
1.1211390495300293,-8,-11,-15,-30,0,6,0,0,-26,-21,-25,-31,-35,-18,sil
1.1211390495300293,-33,-20,-24,-33,5,14,24,0,-6,2,-38,-42,-31,-11,sil
1.1369578838348389,-46,-37,-36,-40,-3,0,19,1,3,18,-41,-49,-16,-9,sil
1.1369578838348389,-22,-29,-27,-35,-15,-17,-7,6,0,9,-24,-30,0,-3,sil
1.152310132980347,15,7,7,0,-6,-23,-14,5,-6,-5,3,7,10,10,sil
1.152310132980347,24,21,24,24,4,-22,-16,-3,-6,-12,21,26,17,11,sil
1.167724609375,6,5,20,13,-1,-21,-30,-9,-5,-17,30,28,21,-4,sil
1.167724609375,0,3,19,20,-10,-16,-27,-8,-14,-18,38,30,16,-10,sil
1.183501958847046,12,23,39,61,0,-2,-9,-6,-19,-10,32,33,2,-1,sil
1.183501958847046,17,32,53,80,16,19,6,0,0,4,20,29,0,9,sil
1.199030876159668,5,18,36,62,13,35,23,10,23,20,22,26,12,16,sil
1.199030876159668,-7,-3,10,32,-2,25,26,9,22,22,18,18,19,12,sil
1.214179277420044,-9,-13,-6,10,-11,0,8,-1,18,10,-5,-1,6,2,sil
1.214179277420044,0,-10,-10,0,-9,-5,0,0,26,1,-10,0,4,5,sil
1.2293086051940918,13,0,-10,-6,-1,3,13,6,34,6,9,16,21,12,sil
1.2293086051940918,11,5,-13,-16,6,-3,12,1,24,4,16,10,22,4,sil
1.2454357147216797,12,14,-4,-11,8,-16,-7,1,6,0,11,3,12,0,sil
1.2454357147216797,22,21,0,1,4,-12,-16,1,-2,0,14,7,10,3,sil
1.2615420818328855,9,14,-2,-11,1,0,-16,-8,-16,-15,3,-2,-10,-6,sil
1.2615420818328855,-12,7,-3,-17,3,11,-9,-9,-20,-21,-9,-19,-26,-16,sil
1.2770452499389648,-12,6,1,4,7,15,4,0,-8,3,-7,-21,-14,-4,sil
1.2770452499389648,-5,-2,5,5,10,18,12,3,-7,17,-6,-16,-20,0,sil
1.2929790019989014,-7,-13,-5,-7,4,21,20,0,-13,7,-19,-21,-41,-4,sil
1.2929790019989014,-16,-22,-21,-16,-8,12,20,-7,-18,-1,-39,-35,-38,-8,sil
1.3085241317749023,-25,-37,-30,-31,-17,-5,2,-1,-12,1,-42,-34,-16,-5,sil
1.3085241317749023,-15,-39,-30,-35,-15,-17,-4,12,5,13,-21,-15,3,4,sil
1.3241758346557615,3,-20,-14,-23,-10,-16,1,12,14,5,-13,0,9,9,sil
1.3241758346557615,6,-9,-13,-22,-9,-13,-4,0,0,-10,-18,0,2,0,sil
1.3399226665496826,1,-7,-10,-30,-5,-15,-24,-6,-12,-9,0,9,9,-1,sil
1.3399226665496826,13,6,12,-9,3,-14,-23,3,-5,0,33,32,33,8,sil
1.3554067611694336,21,15,24,12,10,-10,-9,11,7,2,38,39,37,11,sil
1.3554067611694336,8,12,19,2,10,-7,-10,1,0,-5,21,23,9,-1,sil
1.3715298175811768,0,19,13,0,8,-1,-11,-15,-13,-16,12,4,-9,-15,sil
1.3715298175811768,-2,28,15,20,6,3,-7,-14,-18,-23,10,0,-11,-17,sil
1.387075901031494,-18,17,19,31,5,9,-2,-1,-10,-9,0,-3,-12,-11,sil
1.387075901031494,-25,1,10,26,5,17,13,-3,0,9,-11,-17,-11,-10,sil
1.403026103973389,-13,-1,1,19,5,24,24,-7,0,10,-18,-20,-5,-7,sil
1.403026103973389,-5,1,-1,21,2,22,28,4,11,18,-13,-15,3,10,sil
1.4185686111450195,-1,-8,-3,9,-1,11,30,16,36,29,-5,-13,9,20,sil
1.4185686111450195,4,-21,-12,-10,-5,1,19,11,29,5,-13,-9,4,5,sil
1.433340072631836,7,-15,-20,-15,-9,-5,0,0,9,-21,-17,-3,2,0,sil
1.433340072631836,9,-3,-3,-7,-10,-15,-10,0,13,-16,3,7,9,8,sil
1.4493398666381836,13,0,5,-2,-10,-17,-9,2,17,-4,13,14,8,9,sil
1.4493398666381836,12,8,-5,-1,-6,-13,-13,0,1,-4,6,16,5,4,sil
1.4652810096740725,14,13,-1,-1,0,-12,-17,0,1,8,28,24,18,10,sil
1.4652810096740725,16,8,6,0,1,-10,-14,0,10,15,48,20,21,11,sil
1.48038649559021,11,11,3,2,5,-5,-12,-2,-9,-5,28,12,0,0,sil
1.48038649559021,10,18,4,12,11,-3,-7,0,-25,-6,10,12,-11,-1,sil
1.4960062503814695,10,13,15,18,7,-1,-1,0,-17,6,7,2,-12,0,sil
1.4960062503814695,0,11,20,16,0,9,1,-8,-23,-5,-6,-10,-26,-10,sil
1.5115046501159668,-3,15,15,21,3,20,4,-15,-35,-21,-12,-7,-30,-21,sil
1.5115046501159668,0,10,14,27,16,24,10,-11,-27,-8,-10,-2,-18,-12,sil
1.5264413356781006,-13,-7,1,11,12,23,21,4,-5,18,-19,-16,-14,-3,sil
1.5264413356781006,-33,-32,-25,-12,-5,14,18,6,5,22,-32,-24,-14,-7,sil
1.5419981479644775,-31,-41,-32,-28,-14,1,-1,-2,0,0,-33,-18,-6,-9,sil
1.5419981479644775,-16,-25,-22,-24,-9,-5,-6,0,2,-3,-22,-17,1,0,sil
1.5576319694519043,-5,-9,-5,-12,-6,-10,2,12,19,13,-6,-12,11,12,sil
1.5576319694519043,-5,-11,-4,-9,-5,-4,8,12,30,24,5,0,27,17,sil
1.5730154514312744,-7,-14,-19,-23,-7,0,6,7,21,13,4,3,23,8,sil
1.5730154514312744,-8,-13,-19,-35,-10,-8,-7,2,2,-13,-11,0,0,-5,sil
1.5886168479919434,-4,-15,-14,-28,-10,-20,-16,-5,-3,-22,-15,2,-4,-8,sil
1.5886168479919434,2,-11,-10,-24,-13,-18,-13,-4,-4,-14,-5,11,0,0,sil
1.6046524047851562,5,1,-1,-22,-14,-15,-13,0,-4,-26,-5,13,-3,0,sil
1.6046524047851562,10,16,7,0,0,-12,-16,-1,0,-25,0,10,0,0,sil
1.6194119453430176,23,25,18,16,16,-3,-7,4,8,5,28,18,16,6,sil
1.635300874710083,27,21,24,13,15,0,7,12,14,21,43,19,26,13,sil
1.635300874710083,16,19,25,14,8,-3,4,0,2,4,31,5,18,5,sil
1.635300874710083,6,23,18,23,10,0,0,-8,-11,-5,13,-4,1,-6,sil
1.6513800621032717,4,13,10,19,12,11,3,-6,-3,0,5,-5,-5,-6,sil
1.6513800621032717,6,5,18,12,10,13,1,-2,4,3,9,-4,-4,-1,sil
1.667116403579712,10,15,20,23,9,9,-4,-4,0,1,13,-1,-2,0,sil
1.6834359169006348,5,14,9,34,15,17,1,-6,-6,5,4,-2,-5,-1,sil
1.6834359169006348,-8,2,-1,21,12,19,9,-3,-1,11,-3,-23,-6,-1,sil
1.6992912292480469,-10,0,-13,4,-3,-2,2,1,6,15,-2,-24,0,-2,sil
1.6992912292480469,0,4,-4,4,-6,-10,3,3,0,9,-1,22,0,2,sil
1.6992912292480469,5,4,7,14,4,13,21,0,-7,1,-5,37,-7,7,sil
1.714773654937744,-2,-3,-1,7,8,26,23,-1,0,-4,-13,1,-11,3,sil
1.714773654937744,-14,-13,-12,-4,-1,12,5,0,0,1,-14,-9,-10,0,sil
1.7296082973480225,-17,-22,-16,-7,-17,-5,-6,-9,-19,-2,-17,-9,-16,-8,sil
1.7296082973480225,-20,-25,-17,-15,-25,-13,-10,-12,-28,-24,-31,-26,-30,-20,sil
1.7445425987243652,-18,-15,-17,-22,-20,-3,0,6,-4,-21,-32,-21,-23,-11,sil
1.760124683380127,-6,-10,-11,-16,-9,-3,13,11,12,0,-17,0,-1,12,sil
1.760124683380127,4,-14,-3,-11,-7,-22,3,5,9,3,-9,1,6,16,sil
1.775475263595581,3,-15,-8,-13,-10,-18,-7,12,13,5,-6,-1,12,9,sil
1.775475263595581,-3,-13,-9,-16,-11,-1,-8,12,17,11,0,0,20,11,sil
1.7915818691253662,0,-9,-3,-14,-9,-7,-15,0,2,4,10,1,18,8,sil
1.7915818691253662,12,0,0,-11,-5,-6,-15,-1,-5,0,21,14,20,-2,sil
1.8071308135986328,9,5,2,-13,6,13,5,4,7,3,23,22,26,-4,sil
1.8071308135986328,3,8,-2,-10,18,7,12,0,18,4,22,12,23,2,sil
1.8225531578063965,8,11,0,-5,12,-14,-6,-3,6,-3,20,12,8,-1,sil
1.8225531578063965,7,10,5,-4,1,-11,-16,0,-2,-9,18,15,-1,-7,sil
1.838259220123291,-5,7,2,-2,2,-6,-17,-1,-8,-2,13,1,-1,-7,sil
1.838259220123291,-7,11,5,8,5,-13,-21,-9,-24,0,5,-11,-6,-12,sil
1.853474378585816,0,18,15,26,9,-2,-15,-8,-24,-3,0,-10,-17,-7,sil
1.853474378585816,3,17,21,30,15,19,-3,-1,-3,-1,0,-7,-19,0,sil
1.8689861297607424,4,10,15,23,18,25,7,0,1,5,0,-5,-11,-2,sil
1.8689861297607424,2,9,10,20,15,20,15,-1,-11,-2,-6,0,-13,-7,sil
1.885030031204224,-6,6,11,15,7,16,13,-3,-18,-16,-17,-4,-20,-4,sil
1.885030031204224,-9,-8,-1,6,-2,12,18,0,-1,-4,-18,-12,-6,0,sil
1.9010488986969,1,-13,-8,0,-6,9,31,7,23,22,-9,-4,10,9,sil
1.9010488986969,13,-9,-6,-10,-7,-3,18,7,33,22,-5,9,15,19,sil
1.916213035583496,8,-12,-13,-24,-14,-27,-14,-4,20,-6,-2,9,13,11,sil
1.916213035583496,0,-2,-4,-15,-16,-34,-27,-8,0,-22,5,8,12,-3,sil
1.932378053665161,5,15,9,6,-7,-21,-11,-3,-4,-6,14,9,9,-6,sil
1.932378053665161,15,17,16,9,2,-4,-3,-2,2,7,12,9,6,6,sil
1.9484748840332031,6,16,12,12,8,13,0,-2,-5,2,2,-1,-1,7,sil
1.9484748840332031,-15,6,-2,18,4,21,16,-4,-13,-3,-9,-20,-20,-11,sil
1.964050531387329,-26,-19,-14,2,-3,15,27,-1,-5,4,-20,-21,-26,-15,sil
1.964050531387329,-16,-25,-13,-3,-2,15,27,6,8,22,-23,-10,-7,6,sil
1.979130744934082,-5,-18,-14,0,-3,19,19,9,17,26,-17,-7,6,21,sil
1.979130744934082,-8,-29,-23,-25,-18,0,0,7,14,8,-5,-6,6,7,sil
1.9943430423736568,-9,-30,-28,-41,-24,-21,-22,-1,-5,-18,0,-5,3,-7,sil
1.9943430423736568,-1,-11,-12,-23,-11,-17,-28,-8,-17,-27,0,-2,0,-8,sil
2.016443490982056,6,-2,0,-5,-4,-6,-14,1,0,-8,2,5,4,-1,sil
2.016443490982056,15,5,5,-3,2,-5,0,14,13,0,11,13,10,4,sil
2.016443490982056,19,16,10,-6,8,-7,-3,14,8,-6,13,16,8,3,sil
2.0261452198028564,11,17,10,1,7,-8,-11,5,-4,0,16,17,3,-8,sil
2.0413637161254883,8,26,24,26,14,-2,-3,4,-16,2,27,24,1,-8,sil
2.0413637161254883,15,33,27,30,22,1,5,14,-8,-6,27,22,5,7,sil
2.0562119483947754,8,14,6,2,12,-6,-9,14,-5,-11,6,7,0,0,sil
2.0562119483947754,-7,4,1,1,9,-1,-12,-5,-21,-10,0,-1,-12,-17,sil
2.071232318878174,-11,14,6,24,17,9,3,-24,-19,-10,0,-8,-17,-8,sil
2.071232318878174,-12,6,3,14,4,4,-6,-24,-9,-5,-14,-16,-16,4,sil
2.0873148441314697,-5,-5,2,1,-11,7,-15,-14,-11,15,-13,-10,-11,4,sil
2.0873148441314697,6,0,7,18,0,25,10,-9,0,35,4,-2,0,10,sil
2.1033732891082764,2,-2,5,15,5,24,30,-5,21,26,-3,-3,0,15,sil
2.1033732891082764,-5,-20,-10,-8,-11,12,29,2,24,19,-15,-6,3,11,sil
2.119386672973633,-6,-27,-18,-17,-16,3,19,6,12,20,-15,-7,9,6,sil
2.119386672973633,-16,-26,-24,-20,-15,-15,1,1,9,-1,-27,-17,1,0,sil
2.1345200538635254,-23,-29,-30,-33,-20,-30,-15,-2,18,-22,-24,-15,2,-5,sil
2.1345200538635254,-9,-26,-20,-41,-16,-21,-18,0,18,-9,4,1,18,-10,sil
2.1500539779663086,0,-14,-13,-29,-10,-12,-12,-3,0,-12,10,3,13,-13,sil
2.1500539779663086,-1,0,-7,-12,-8,-17,-12,-8,-22,-42,-3,-4,0,-18,sil
2.165407180786133,6,13,6,3,2,-12,-10,0,-14,-30,13,5,7,-16,sil
2.165407180786133,17,29,19,16,18,1,0,13,10,12,45,30,22,0,sil
2.181685447692871,22,40,33,29,25,12,10,13,19,22,38,35,15,21,sil
2.181685447692871,23,32,32,39,21,14,15,3,8,7,6,9,0,14,sil
2.197033643722534,11,14,20,26,14,8,6,-3,-12,-3,-7,-9,-11,-5,sil
2.197033643722534,-2,12,13,13,9,5,-1,-1,-22,-6,-3,-5,-14,-8,sil
2.212393283843994,0,17,11,19,8,14,5,0,-8,-1,-3,-3,-11,5,sil
2.212393283843994,8,4,11,14,2,18,14,6,1,6,-9,-2,-10,14,sil
2.6790213584899902,4,0,-5,-16,0,0,-9,0,14,2,3,11,11,8,sil
2.6790213584899902,12,6,13,-10,-7,-2,-7,4,9,5,22,29,24,19,sil
2.6945488452911377,22,10,12,3,-10,-6,-6,0,0,3,33,35,26,14,sil
2.6945488452911377,30,27,20,18,3,-1,-7,-1,-3,-3,38,37,18,6,sil
2.710097312927246,23,35,24,19,11,0,-3,0,-2,0,34,28,6,0,sil
2.710097312927246,10,21,16,6,3,-5,-12,-5,-15,-8,13,9,-15,-6,sil
2.725296974182129,11,15,11,6,4,0,-16,-8,-21,-18,3,2,-17,-4,sil
2.725296974182129,11,18,12,15,16,7,1,-5,-8,-3,10,7,-2,1,sil
2.741349458694458,0,13,11,12,18,5,17,-1,-13,0,0,-4,-12,0,sil
2.741349458694458,-7,0,-3,8,6,5,16,-2,-25,-6,-16,-24,-24,-6,sil
2.756415367126465,-19,-12,-10,0,-6,8,10,-3,-14,0,-16,-22,-15,-5,sil
2.756415367126465,-25,-21,-5,-6,-10,5,3,0,1,1,-29,-23,-14,-7,sil
2.771487236022949,-14,-21,-11,-2,-6,5,9,1,8,2,-42,-37,-19,-7,sil
2.787511348724365,-11,-22,-15,-4,-3,12,23,6,20,13,-23,-28,-4,1,sil
2.787511348724365,-13,-24,-17,-16,-12,3,13,9,30,13,-5,-4,11,9,sil
2.787511348724365,-7,-19,-20,-27,-21,-22,-15,8,21,4,-12,0,5,4,sil
2.803172826766968,0,-11,-15,-23,-17,-27,-23,6,8,10,-13,-1,1,-1,sil
2.803172826766968,2,-7,-9,-13,-6,-15,-16,0,7,0,3,1,11,-5,sil
2.81828236579895,5,0,-2,-8,-1,-17,-20,-3,4,-20,16,9,13,-7,sil
2.81828236579895,7,10,3,-1,0,-17,-17,-3,-9,-16,9,11,6,-7,sil
2.8343610763549805,7,14,10,2,5,-7,-12,-9,-22,-13,6,9,3,-11,sil
2.8343610763549805,9,20,20,15,14,-1,-7,-9,-19,-16,28,12,6,-8,sil
2.8504445552825928,8,29,21,32,25,9,5,0,-10,-1,33,15,8,3,sil
2.8504445552825928,-3,13,7,20,19,22,16,1,-17,11,4,2,-2,0,sil
2.866123914718628,-18,-11,-14,3,2,18,15,-2,-21,6,-9,-15,-9,-8,sil
2.866123914718628,-17,-12,-10,7,-7,13,15,0,-3,-1,-12,-15,-7,1,sil
2.882312059402466,-11,-6,-4,-1,-6,24,20,9,16,5,-26,-13,-7,8,sil
2.882312059402466,-9,-14,-16,-18,-2,20,18,10,25,22,-17,-12,0,6,sil
2.898430347442627,0,-11,-7,-10,-1,-6,4,7,23,15,8,6,15,11,sil
2.898430347442627,15,4,15,0,-2,-18,-2,0,13,1,12,30,22,16,sil
2.9159746170043945,29,18,24,-4,0,-6,0,-4,3,9,19,41,18,19,sil
2.9159746170043945,32,22,19,-2,7,-3,-8,1,7,8,32,35,17,18,sil
2.92999267578125,16,14,10,2,5,-10,-22,-2,2,-12,27,14,6,5,sil
2.92999267578125,1,8,13,0,1,-12,-16,-9,-9,-17,9,2,-9,-4,sil
2.945047616958618,0,6,11,4,-1,-6,1,-1,-3,-6,-3,-4,-14,-7,sil
2.945047616958618,-3,3,6,9,-1,1,1,-1,-2,-6,-11,-17,-18,-11,sil
2.959953784942627,-6,3,6,12,5,6,-2,-7,-22,-9,-16,-17,-27,-15,sil
2.959953784942627,-6,-3,-6,11,3,0,4,-1,-24,-1,-21,-18,-24,-12,sil
2.9749948978424072,-9,-20,-12,4,-3,2,2,3,-2,2,-27,-23,-13,0,sil
2.9749948978424072,-2,-16,-9,5,1,20,4,2,15,7,-17,-16,0,13,sil
2.992081880569458,0,-8,-18,0,0,18,16,8,23,20,-1,-5,10,12,sil
2.992081880569458,-12,-20,-24,-16,-16,-2,7,13,23,23,-3,-4,16,0,sil
3.0073370933532715,-7,-21,-18,-19,-18,-10,-7,5,23,7,-5,2,22,0,sil
3.0073370933532715,17,0,-2,-10,-2,-11,-8,2,17,-5,15,23,27,12,sil
3.0226945877075195,17,11,6,-6,-2,-22,-9,-1,-3,-9,30,20,17,3,sil
3.0226945877075195,-5,8,1,-7,-17,-21,-18,-18,-35,-21,7,-3,-8,-27,sil
3.0385704040527344,-17,8,-6,-2,-9,0,-15,-19,-54,-36,-16,-19,-29,-38,sil
3.0385704040527344,-20,3,-7,8,15,16,5,-3,-37,-18,-14,-18,-24,-17,sil
3.053661584854126,-15,-9,2,10,18,24,21,4,-3,16,-11,-10,-10,-1,sil
3.0694820880889893,0,-9,8,5,3,24,14,0,10,20,-12,-3,-1,2,sil
3.0694820880889893,5,0,-3,-1,3,3,-6,-1,2,1,-5,2,4,10,sil
3.0694820880889893,-5,3,-8,-12,8,-15,-18,1,3,3,2,12,13,9,sil
3.085010290145874,1,11,2,-4,6,-15,-16,0,8,5,18,19,21,2,sil
3.1000423431396484,18,24,22,19,13,-11,-12,-5,-4,-14,27,19,8,0,sil
3.1000423431396484,11,18,22,24,15,-3,0,0,-7,-14,14,8,-13,1,sil
3.1159911155700684,-12,-1,0,7,0,7,20,6,11,9,-8,-11,-20,5,sil
3.1159911155700684,-16,-15,-10,-10,-9,3,26,8,17,13,-17,-15,-11,8,sil
3.132380485534668,3,-18,-7,-10,-6,-4,26,10,19,10,-6,-4,-3,9,sil
3.132380485534668,9,-14,0,-7,-8,-1,11,10,35,13,10,2,4,9,sil
3.132380485534668,2,-7,-2,-21,-14,0,-14,1,28,3,16,2,9,4,sil
3.147008180618286,7,0,-5,-23,-12,-10,-21,-3,-1,-15,14,2,5,-5,sil
3.162288188934326,12,15,10,1,0,-12,-11,-2,-22,-24,8,4,0,-14,sil
3.162288188934326,1,20,19,23,3,3,-4,-3,-23,-16,-5,1,-4,-11,sil
3.177544355392456,-8,1,4,8,-3,17,2,-1,-16,-2,-15,-4,-9,-2,sil
3.177544355392456,-10,-9,-8,-8,-2,20,20,3,-3,10,-10,-10,-5,0,sil
3.1929893493652344,-4,-5,-7,5,2,19,27,3,7,20,-10,-15,1,4,sil
3.1929893493652344,0,-7,-1,12,0,5,9,3,3,20,-12,-9,6,9,sil
3.20845103263855,0,-11,-7,-7,-2,-9,-7,5,2,19,2,4,22,11,sil
3.20845103263855,10,0,-3,-13,0,-9,-12,1,14,14,18,17,35,10,sil
3.2241463661193848,29,9,15,5,2,-5,-15,-4,13,0,15,27,25,14,sil
3.2241463661193848,24,1,9,5,4,-11,-23,-11,-8,-14,6,29,10,8,sil
3.2392938137054443,3,3,0,-4,3,-19,-24,-13,-27,-27,2,14,-5,-12,sil
3.2392938137054443,0,24,6,19,8,-11,-8,-10,-20,-26,10,1,-16,-19,sil
3.2549047470092773,-3,27,8,37,20,10,2,-6,-11,-5,0,-2,-20,-10,sil
3.2549047470092773,-15,3,-1,16,15,20,1,-1,-13,2,-29,-11,-25,-8,sil
3.271103620529175,-13,-8,-6,1,-8,9,9,1,-8,-1,-28,-17,-25,-5,sil
3.271103620529175,-3,-5,0,1,-13,9,22,1,5,12,0,-7,-9,9,sil
3.2869813442230225,-5,-10,-1,0,1,19,21,6,22,33,8,-2,9,19,sil
3.2869813442230225,-12,-20,-16,-8,2,5,7,12,28,21,0,-11,15,9,sil
3.302138566970825,-15,-19,-23,-26,-5,-15,-2,10,20,4,0,-13,8,-6,sil
3.302138566970825,-10,-9,-21,-34,-9,-19,-7,0,9,1,7,-6,3,-12,sil
3.3171961307525635,0,-2,-6,-26,-8,-15,-19,-7,-3,-15,1,0,0,-8,sil
3.3171961307525635,3,0,3,-15,-6,-16,-22,-8,-17,-39,-9,0,-10,-13,sil
3.3327040672302246,-2,7,3,-5,-1,-13,-7,-3,-18,-38,-5,-4,-12,-23,sil
3.3327040672302246,-5,12,2,1,0,0,0,3,-11,-18,0,-6,-5,-20,sil
3.348350763320923,-4,6,6,17,5,12,4,5,-8,0,-8,-13,-7,-12,sil
3.348350763320923,0,1,14,28,7,13,9,0,-8,7,-3,-6,-8,-4,sil
3.364064216613769,11,0,11,17,4,18,19,1,2,18,7,5,2,13,sil
3.364064216613769,12,-9,3,1,0,20,27,9,15,27,1,0,4,30,sil
3.380117177963257,1,-18,3,0,-3,6,18,5,14,15,-5,-2,-4,23,sil
3.380117177963257,0,-14,-13,-9,-13,-6,3,-1,12,0,-4,0,-2,10,sil
3.396022081375122,0,-9,-21,-24,-16,-14,-8,1,10,-4,-10,0,0,6,sil
3.396022081375122,4,-4,-2,-14,-9,-19,-12,2,7,-5,-2,11,7,5,sil
3.41111707687378,12,0,4,-12,-5,-15,-6,-2,-1,0,19,34,21,9,sil
3.41111707687378,11,3,2,-20,0,-5,-7,-3,-9,0,23,37,21,11,sil
3.4264941215515137,0,13,7,1,11,-2,-13,-3,-11,-8,18,15,10,-2,sil
3.4264941215515137,-5,28,11,26,15,-3,-12,-8,-14,-2,19,-3,3,-18,sil
3.442012071609497,-5,34,17,27,17,8,-4,-7,-14,5,12,-7,-1,-13,sil
3.442012071609497,0,30,22,34,28,23,0,-2,-5,0,0,-8,-5,0,sil
3.45792007446289,2,16,15,30,22,21,4,0,0,-2,-5,-9,-3,0,sil
3.45792007446289,-5,-6,-2,5,0,10,15,3,7,17,-6,-13,-1,1,sil
3.472985982894897,-4,-17,-5,-1,-7,8,12,9,21,29,-13,-10,-1,7,sil
3.472985982894897,6,-14,-7,0,-6,7,0,6,25,18,-13,-1,7,6,sil
3.488665103912353,7,-16,-18,-12,-14,-9,-7,1,24,9,0,8,18,9,sil
3.488665103912353,7,-18,-10,-25,-15,-26,-15,0,12,-3,2,17,9,11,sil
3.504378318786621,8,-11,-5,-19,-9,-21,-16,-6,-13,-26,-8,10,-2,-3,sil
3.504378318786621,6,0,-5,-9,-5,-17,-14,-11,-31,-36,0,6,-3,-15,sil
3.520415782928467,1,12,6,0,-1,-14,-6,-5,-25,-20,21,10,-6,-10,sil
3.520415782928467,-6,11,7,9,-1,4,6,-1,-22,-7,6,-7,-20,-10,sil
3.536282777786255,-18,1,0,14,-3,23,11,3,-25,-16,-29,-32,-35,-18,sil
3.536282777786255,-23,-3,-7,8,-1,20,12,8,-6,-9,-37,-33,-32,-15,sil
3.552332162857056,-17,-13,-10,-17,-3,10,16,5,16,13,-16,-22,-11,0,sil
3.552332162857056,-6,-19,-9,-29,-2,8,17,9,19,20,-2,-14,6,9,sil
3.568385601043701,-8,-9,-15,-5,1,5,15,8,15,10,-14,-17,0,4,sil
3.568385601043701,-16,-3,-16,1,-1,-3,9,0,13,4,-21,-9,-6,-1,sil
3.5843451023101807,-1,-6,-2,-5,-3,-14,0,-1,13,11,10,13,13,7,sil
3.5843451023101807,18,0,8,3,6,-17,-9,0,8,11,39,28,32,16,sil
3.59972620010376,14,6,9,6,6,-6,-10,-2,1,0,29,23,21,5,sil
3.59972620010376,2,0,1,-5,0,0,-10,-3,-6,-11,10,16,6,-10,sil
3.61570405960083,2,4,2,-7,5,-8,-22,-7,-18,-21,6,14,-3,-17,sil
3.61570405960083,8,19,8,0,12,-8,-17,-9,-15,-10,18,18,-2,-1,sil
3.631300210952759,15,19,14,5,15,6,0,-2,-2,6,24,17,8,11,sil
3.631300210952759,20,17,25,18,13,9,-3,1,-1,6,8,4,10,4,sil
3.647242546081543,14,18,22,32,6,1,-6,1,-3,9,1,0,3,1,sil
3.647242546081543,-6,1,7,19,5,5,0,0,-7,3,-2,-2,-8,1,sil
3.662395477294922,-20,-14,-5,-4,4,13,7,-2,-15,-10,-27,-21,-17,-5,sil
3.662395477294922,-6,-8,-4,-2,-6,11,14,-1,-4,0,-31,-27,-9,3,sil
3.677804946899414,5,-6,4,6,-12,7,20,7,12,17,-10,-10,0,18,sil
3.677804946899414,-7,-20,-11,-11,-11,7,18,11,16,8,-9,-11,-2,7,sil
3.693356275558472,-14,-21,-25,-33,-15,6,17,8,19,1,-15,-17,0,0,sil
3.693356275558472,4,-2,-12,-16,-14,1,22,10,34,19,3,2,13,14,sil
3.7093780040740967,13,2,-2,3,-6,-4,12,10,38,26,18,15,20,21,sil
3.7093780040740967,1,-2,-5,-6,-1,-11,-12,1,24,7,7,11,11,3,sil
3.725300312042236,2,6,-2,-6,2,-23,-18,-6,10,-5,10,14,5,-13,sil
3.725300312042236,6,17,3,11,1,-26,-15,-11,-12,-17,19,19,0,-16,sil
3.7413392066955566,-5,6,-4,3,-8,-9,-23,-14,-39,-35,-2,1,-15,-18,sil
3.7413392066955566,-6,-1,-8,-15,-12,-3,-26,-12,-43,-43,-21,-12,-22,-22,sil
3.7573535442352295,1,3,12,-9,-4,-13,-24,-7,-37,-35,0,1,-6,-18,sil
3.7573535442352295,-1,8,14,10,4,-8,-21,-6,-30,-17,14,7,0,-9,sil
3.7729814052581774,-4,10,8,22,14,11,-6,-4,-14,3,2,-5,-12,-4,sil
3.7729814052581774,-2,9,14,27,21,22,12,4,0,19,-8,-10,-16,0,sil
3.788041353225708,-7,1,10,25,11,19,15,8,2,18,-12,-5,-8,3,sil
3.788041353225708,-2,0,6,18,0,17,14,8,6,19,-3,4,-1,15,sil
3.803166389465332,9,-4,4,10,5,19,22,9,21,30,4,10,14,27,sil
3.803166389465332,3,-21,-10,-11,7,11,14,5,25,21,-14,0,11,15,sil
3.819190979003906,-12,-30,-28,-34,-8,0,0,0,14,0,-33,-19,-7,-5,sil
3.819190979003906,-11,-17,-26,-30,-14,-12,0,1,10,-5,-10,-18,0,-4,sil
3.834317922592163,1,0,-4,-13,-1,-14,-3,2,9,0,20,4,24,2,sil
3.834317922592163,11,1,-1,-5,2,-8,-10,-2,11,4,29,18,28,0,sil
3.8499741554260254,8,0,-6,-6,-3,-12,-12,-6,-2,-5,18,8,9,-4,sil
3.866047143936157,-1,5,2,-7,-3,-19,-9,-4,-19,-24,12,3,-3,-6,sil
3.866047143936157,3,19,12,3,7,-9,0,1,-9,-15,22,11,6,0,sil
3.866047143936157,14,28,19,13,11,4,9,4,1,0,23,8,12,5,sil
3.882166147232056,3,22,14,12,5,9,9,-2,-9,-6,-1,-6,-11,-5,sil
3.882166147232056,-9,8,2,12,4,11,6,-6,-13,-5,-16,-15,-29,-13,sil
3.897278308868408,0,1,7,16,8,18,15,2,3,18,-7,-15,-16,0,sil
3.897278308868408,5,0,5,15,9,23,32,6,16,28,-9,-12,-5,11,sil
3.912743806838989,-9,-12,-9,-2,2,12,25,3,6,11,-30,-14,-16,0,sil
3.929112195968628,-24,-29,-26,-24,-13,0,6,-1,-6,-5,-42,-30,-28,-9,sil
3.929112195968628,-16,-30,-26,-25,-24,-1,1,-2,0,-5,-33,-28,-15,0,sil
3.929112195968628,1,-16,-10,-16,-14,0,7,9,19,4,-26,0,9,15,sil
3.943426370620728,1,-9,-12,-27,-9,-7,0,6,20,0,-19,8,12,12,sil
3.960393905639648,-9,-10,-17,-36,-16,-17,-25,-9,-4,-20,7,10,2,-7,sil
3.960393905639648,5,0,-1,-9,-11,-21,-39,0,-11,-9,39,29,18,-9,sil
3.975047111511232,26,10,15,6,-1,-28,-36,7,0,4,48,39,34,10,sil
3.975047111511232,16,15,18,1,1,-28,-39,-11,-7,-14,31,27,12,6,sil
3.990070581436157,2,17,20,15,1,-13,-39,-25,-25,-29,10,10,-9,-16,sil
3.990070581436157,3,19,29,35,2,-2,-28,-8,-24,-17,10,7,0,-15,sil
4.005383014678955,2,16,24,31,8,0,-6,5,-3,-2,29,15,19,0,sil
4.005383014678955,0,11,13,28,11,7,14,1,8,10,33,13,17,2,sil
4.026978969573975,5,12,21,35,8,16,22,0,6,22,9,6,-2,5,sil
4.026978969573975,5,12,13,33,13,22,17,0,2,22,-7,0,-9,10,sil
4.026978969573975,-4,1,0,21,13,25,21,0,6,19,-6,-5,-2,6,sil
4.037003755569458,0,-1,3,21,5,31,40,11,23,28,-1,-1,3,10,sil
4.053038120269775,6,0,-2,13,7,27,44,20,31,28,-10,1,2,18,sil
4.053038120269775,-10,-16,-21,-14,2,10,25,10,15,3,-24,-12,-9,2,sil
4.0690553188323975,-21,-28,-29,-25,-10,1,16,0,7,-8,-23,-28,-8,-11,sil
4.0690553188323975,-2,-11,-19,-19,-6,-3,5,3,9,2,-11,-15,6,-1,sil
4.085084915161133,6,1,-10,-20,-2,-17,-17,1,-6,-2,-8,0,6,1,sil
4.085084915161133,2,0,-4,-15,-6,-22,-19,-8,-21,-19,-4,1,0,-10,sil
4.101182460784912,11,9,8,-7,7,-13,-10,-8,-17,-18,8,5,1,-7,sil
4.101182460784912,9,18,1,-12,13,-10,-17,-5,-23,-18,3,0,-5,0,sil
4.116392850875855,-9,5,-13,-23,1,-8,-23,-10,-38,-30,-18,-23,-28,-13,sil
4.116392850875855,-18,-8,-15,-27,0,3,-8,-6,-29,-26,-24,-35,-33,-21,sil
4.132182836532593,-24,-19,-26,-20,0,5,8,3,-6,-5,-27,-39,-26,-11,sil
4.132182836532593,-30,-36,-41,-37,-17,0,8,5,6,7,-38,-40,-24,-5,sil
4.148218870162964,-12,-36,-33,-54,-20,-6,0,3,16,16,-17,-20,-4,1,sil
4.148218870162964,6,-8,-6,-31,-9,-14,-13,0,20,11,13,4,19,5,sil
4.56715989112854,-1,3,-6,-16,-1,-12,-15,-4,-3,-9,5,-7,-6,-18,sil
4.56715989112854,6,14,3,-1,0,-6,-14,-6,-8,-8,9,0,-9,-16,sil
4.582268476486206,13,30,25,19,16,4,4,0,-1,5,31,13,8,12,sil
4.582268476486206,4,24,15,16,14,11,12,2,5,14,18,2,8,15,sil
4.582268476486206,-7,2,-2,9,6,10,0,-1,-3,-2,-19,-20,-15,-5,sil
4.598767280578613,-10,-10,-4,9,5,8,0,-3,-12,-6,-24,-25,-19,0,sil
4.598767280578613,1,-3,5,13,5,14,17,0,-1,18,-5,-7,1,23,sil
4.613471031188965,6,2,8,9,0,12,10,3,10,20,-5,4,2,19,sil
4.6289896965026855,-9,-19,-11,-10,-9,-3,-6,0,4,2,-23,-9,-10,-3,sil
4.6289896965026855,-20,-36,-19,-26,-12,0,-4,-3,-1,7,-31,-20,-12,-8,sil
4.64506459236145,-14,-17,-11,-14,-6,17,6,4,5,13,-16,-6,0,0,sil
4.64506459236145,-4,-8,-15,-8,-5,6,1,10,16,4,0,2,11,4,sil
4.660390138626099,0,-17,-11,-22,-9,-15,-12,2,13,2,5,10,13,7,sil
4.660390138626099,13,-2,2,-13,-3,-12,-11,0,7,8,18,28,19,14,sil
4.660390138626099,24,16,6,8,0,-3,-1,3,7,5,32,34,26,13,sil
4.67740273475647,20,5,-1,0,0,-5,-2,0,4,-3,18,15,16,0,sil
4.67740273475647,7,-3,-5,-12,0,-10,-11,-7,-4,-20,1,3,-1,-10,sil
4.692126274108887,1,13,5,0,0,-13,-8,-9,-14,-32,7,13,-7,-8,sil
4.707137107849121,-3,19,7,4,-2,-11,6,-6,-18,-22,14,6,-6,-9,sil
4.707137107849121,-13,3,0,-1,0,-8,5,-2,-20,-21,0,-14,-19,-22,sil
4.722313165664673,-15,2,3,5,5,-6,-1,0,-22,-37,-19,-26,-27,-29,sil
4.722313165664673,-8,11,9,19,5,4,9,-1,-12,-20,-15,-19,-15,-16,sil
4.73750901222229,-1,10,14,18,11,26,24,8,1,24,2,-8,-1,4,sil
4.73750901222229,-10,-1,5,13,15,33,24,13,4,38,0,-19,0,7,sil
4.753053188323975,-20,-21,-10,5,-4,14,14,-1,0,16,-25,-31,-1,-1,sil
4.753053188323975,-3,-27,-7,-12,-24,-3,6,-1,3,8,-23,-6,6,7,sil
4.768715858459473,21,-11,2,-16,-7,-3,5,11,16,21,5,21,27,29,sil
4.768715858459473,23,1,5,2,9,0,-7,7,24,25,15,24,33,25,sil
4.784725427627564,15,4,3,11,-3,-9,-22,-3,17,15,10,21,27,9,sil
4.784725427627564,10,7,0,-11,-13,-18,-25,-10,-4,-7,13,17,12,-1,sil
4.800374984741211,0,9,-1,-24,-2,-14,-23,-11,-15,-21,5,7,-13,-16,sil
4.800374984741211,-2,15,5,0,3,-16,-15,-3,-6,-8,-5,2,-29,-15,sil
4.81639838218689,0,22,16,19,2,-16,-4,0,-9,-5,0,7,-19,-2,sil
4.81639838218689,-2,11,10,16,4,4,0,-8,-23,-15,2,-6,-15,-8,sil
4.832090377807617,-6,-7,-5,9,6,16,1,-9,-14,-3,-10,-22,-27,-7,sil
4.832090377807617,-4,-7,-9,5,1,12,12,8,16,18,-6,-9,-18,14,sil
4.848111867904663,4,-1,-11,2,4,11,17,18,39,16,8,3,5,23,sil
4.848111867904663,6,-8,-15,-11,8,0,1,8,32,0,0,2,6,8,sil
4.863386631011963,-1,-7,-17,-25,0,-7,-4,0,10,-6,-5,2,-12,-2,sil
4.863386631011963,-2,9,-1,-9,0,0,0,0,-2,-10,8,4,-17,-8,sil
4.878780364990234,0,17,18,21,7,7,0,-2,-12,-20,5,-3,-1,-14,sil
4.878780364990234,-9,1,2,26,4,10,4,-6,-14,-12,-9,-18,12,-11,sil
4.894576549530029,-18,-15,-16,8,0,17,12,-5,-11,2,-12,-17,11,-4,sil
4.894576549530029,-5,-16,-3,-2,-1,16,12,0,-10,0,-9,0,18,5,sil
4.91032075881958,4,-12,3,-4,-8,2,7,0,-3,-1,-4,4,32,13,sil
4.91032075881958,-2,-15,-3,-11,-13,-7,-2,3,9,11,6,2,27,9,sil
4.925414800643921,-5,-14,-14,-14,-7,-15,-14,2,8,18,13,12,14,2,sil
4.925414800643921,11,-3,-2,-13,-4,-16,-19,-1,-7,1,17,19,8,1,sil
4.941551685333252,23,4,14,-13,-6,-6,-12,-4,-6,-5,24,15,7,3,sil
4.941551685333252,10,11,13,-1,0,0,-7,-2,0,1,19,13,5,-2,sil
4.957524299621582,-7,15,9,11,4,-3,-7,0,-6,-1,0,0,-10,-16,sil
4.957524299621582,-16,7,2,6,1,0,6,1,-8,-11,-16,-28,-29,-22,sil
4.973652362823486,-17,2,-1,0,4,9,24,3,1,-4,-23,-31,-25,-14,sil
4.973652362823486,-14,0,1,0,7,11,25,3,11,12,-22,-14,-10,0,sil
4.989306211471558,-6,-9,2,-2,-5,0,15,2,14,22,-11,-4,-3,11,sil
4.989306211471558,0,-10,-1,-13,-15,-12,-1,0,4,9,-8,1,0,13,sil
5.004524230957031,1,-6,-9,-16,-8,-19,-12,-1,-5,-9,-15,1,2,7,sil
5.004524230957031,13,-5,-6,-9,-2,-18,-8,0,0,-5,-3,8,8,8,sil
5.020240783691406,32,8,11,6,-1,-12,-4,4,5,0,18,22,9,14,sil
5.020240783691406,33,21,17,15,6,-2,-12,-1,-6,-16,20,23,2,7,sil
5.036229372024536,16,20,9,9,13,3,-14,-5,-13,-20,14,15,-3,-7,sil
5.036229372024536,2,17,1,10,10,2,-2,0,-9,-2,15,4,-9,-14,sil
5.051697492599487,-10,9,5,17,7,2,0,-3,-15,-5,3,-11,-18,-12,sil
5.051697492599487,-22,-2,7,15,8,16,0,-3,-17,-9,-12,-16,-16,-3,sil
5.066743135452271,-18,-10,-9,10,5,24,12,5,0,11,-14,-15,-5,8,sil
5.066743135452271,-7,-8,-15,4,0,13,16,6,12,20,-11,-16,-2,10,sil
5.082367658615112,0,-5,-9,0,-2,7,15,2,16,13,-7,-8,4,10,sil
5.082504510879517,3,-16,-10,-9,-5,5,9,6,27,10,-2,7,14,13,sil
5.098222017288208,0,-18,-10,-19,0,0,-2,8,32,9,10,19,16,7,sil
5.098222017288208,4,6,-2,-6,7,0,-9,-2,22,11,29,23,25,0,sil
5.113250494003296,16,18,6,3,5,-1,-14,-10,0,4,26,24,28,0,sil
5.113250494003296,10,2,0,-6,-3,-8,-18,-12,-23,-16,2,8,2,-13,sil
5.128745079040527,-13,-2,-5,-9,-7,-9,-14,-13,-30,-33,-6,-13,-22,-27,sil
5.128745079040527,-26,1,1,6,-4,1,0,-5,-22,-28,-6,-19,-21,-21,sil
5.1440839767456055,-18,-4,1,12,0,15,21,7,-4,0,-16,-19,-16,-5,sil
5.1440839767456055,-5,-16,-1,-1,-5,14,22,8,15,22,-20,-17,-11,3,sil
5.159224271774292,0,-13,-5,-10,-13,-2,7,3,19,18,-17,-15,4,8,sil
5.159224271774292,0,-6,-11,-13,-9,-22,-10,0,4,6,-13,-9,13,5,sil
5.174618244171143,2,-7,-9,-24,-8,-31,-24,-2,-13,-7,2,4,10,-4,sil
5.174618244171143,8,5,1,-16,-9,-27,-19,-4,-21,-20,24,17,10,-3,sil
5.190160274505615,13,31,23,16,5,-8,-5,2,-24,-20,19,14,0,4,sil
5.190160274505615,9,24,28,35,14,8,-2,4,-14,-4,2,3,-10,5,sil
5.20604681968689,0,0,16,21,4,12,2,-2,-1,5,-3,-1,-9,0,sil
5.20604681968689,0,-6,11,6,0,14,15,0,7,11,-8,-2,-9,0,sil
5.222118616104126,-1,-10,-8,-5,-1,10,21,6,14,23,-18,-10,-10,5,sil
5.222118616104126,-7,-21,-24,-19,-6,5,12,0,17,16,-16,-16,-3,3,sil
5.237462997436523,-3,-12,-13,-14,2,9,10,1,23,3,1,-1,12,3,sil
5.237462997436523,8,4,-1,-2,13,0,2,8,24,2,17,19,23,7,sil
5.252990007400513,9,13,2,-6,5,-20,-19,0,0,-11,16,20,10,-3,sil
5.252990007400513,0,16,6,1,6,-5,-11,-8,-15,-21,8,2,-4,-14,sil
5.269006013870239,-6,11,3,22,22,18,22,-4,-3,3,-3,-8,-11,-1,sil
5.269006013870239,-11,-3,-6,12,10,4,22,-1,1,15,-18,-6,-16,8,sil
5.285120487213135,-10,-18,-17,-19,-20,-14,-5,-6,-4,-8,-16,-5,-10,2,sil
5.285120487213135,1,-13,-7,-24,-19,-6,-12,1,-3,-11,4,5,10,1,sil
5.301185607910156,20,3,11,0,3,0,1,16,6,7,25,22,24,10,sil
5.301185607910156,24,18,24,16,7,-3,-1,7,3,0,24,21,14,9,sil
5.316421270370483,10,18,18,15,-3,-3,-15,-10,-14,-11,6,1,-5,2,sil
5.316421270370483,-2,1,2,15,-5,7,-11,-7,-15,12,-2,-11,-10,2,sil
5.332036256790161,-6,-9,-3,11,0,16,4,6,6,33,-2,-7,0,6,sil
5.332036256790161,0,-6,-10,-2,0,8,7,6,24,18,-5,-2,15,5,sil
5.347657442092896,4,-7,-11,-14,-8,-6,-12,-5,9,-6,-2,6,17,0,sil
5.347657442092896,2,-11,-3,-16,-12,-9,-24,-7,-9,-19,11,16,10,-6,sil
5.363649845123291,-5,-2,-4,-18,-5,-4,-9,-2,-13,-20,7,6,0,-15,sil
5.363649845123291,-14,10,1,-10,4,-1,-4,-2,-11,-21,-12,-10,-16,-28,sil
5.3791868686676025,-15,15,1,9,5,1,-7,-2,-7,-14,-10,-14,-19,-29,sil
5.3791868686676025,-12,11,-3,13,4,6,5,0,-10,-5,0,-13,-17,-15,sil
5.39521598815918,-15,0,0,5,8,9,19,-3,-23,-5,-14,-25,-35,-6,sil
5.39521598815918,-16,-5,0,18,8,8,19,-10,-18,-4,-31,-32,-41,-3,sil
5.411160945892334,-7,-1,-3,22,3,10,19,-2,4,7,-14,-14,-15,2,sil
5.411160945892334,2,2,-1,9,3,18,19,8,22,25,4,-1,7,13,sil
5.42719578742981,2,-3,2,0,1,9,8,7,18,22,-2,-4,12,19,sil
5.42719578742981,0,-15,0,-8,-5,-8,-1,4,9,7,-6,8,18,15,sil
5.442618370056152,8,-18,-9,-21,-13,-13,-3,5,17,10,9,21,26,7,sil
5.442618370056152,12,-9,-11,-19,-10,-15,-6,7,17,7,14,15,20,6,sil
5.457790613174439,14,-1,-3,-8,0,-19,-5,7,4,-6,8,8,18,5,sil
5.457790613174439,21,-2,1,-11,3,-19,-9,0,1,-6,19,14,22,0,sil
5.473079442977905,11,1,3,-15,-4,-23,-24,-7,-3,-13,19,14,10,-4,sil
5.489160776138306,-7,10,7,-1,-5,-15,-16,-9,-20,-22,-5,-1,-9,-9,sil
5.489160776138306,-12,8,12,12,0,13,11,-4,-20,-7,-24,-12,-16,-9,sil
5.504403829574585,1,0,7,13,7,35,34,6,6,17,-13,-4,-6,7,sil
5.504403829574585,13,-6,0,-1,2,19,28,9,27,26,5,6,6,29,sil
5.504403829574585,7,-16,-5,-18,-12,-9,0,4,21,11,6,13,14,25,sil
5.519861221313477,2,-10,-11,-14,-10,-21,-20,1,9,-4,5,18,12,5,sil
5.519861221313477,10,13,2,4,6,-14,-25,0,-4,-5,22,24,3,-6,sil
5.53500771522522,8,21,22,13,9,-6,-20,-6,-13,-1,27,18,0,-6,sil
5.550020933151245,-6,15,15,14,4,0,-6,-13,-12,-12,4,-1,0,-6,sil
5.550020933151245,-10,15,10,10,4,9,0,-7,-13,-15,-9,-14,-7,-12,sil
5.566101551055908,-7,10,8,4,0,5,-2,1,-16,-6,-1,-15,-10,-16,sil
5.566101551055908,-8,1,3,4,-1,0,-6,1,-13,-15,0,-12,-8,-13,sil
5.581241607666016,-8,1,-4,5,6,7,-2,-4,-1,-16,-5,-13,-14,-8,sil
5.581241607666016,-14,-1,-16,1,1,16,3,-7,4,3,-11,-19,-21,-8,sil
5.597169399261475,-19,-9,-17,-1,-11,13,4,-4,-7,2,-18,-18,-22,-13,sil
5.597169399261475,-9,-1,-9,5,2,16,8,0,-15,-4,-10,-11,-13,-8,sil
5.6123809814453125,3,13,5,16,25,22,16,2,-1,17,10,0,1,7,sil
5.6123809814453125,2,11,12,22,18,17,22,6,9,30,12,0,2,11,sil
5.627671718597412,-2,-1,-1,12,4,5,19,5,7,7,-7,-6,-7,0,sil
5.627671718597412,4,-9,-3,-9,2,-1,11,4,5,0,-5,5,1,3,sil
5.643319129943848,16,-8,4,-9,-6,-9,2,8,13,19,11,22,22,18,sil
5.643319129943848,6,-8,-2,-2,-18,-24,-9,6,9,12,-5,5,9,9,sil
5.658919334411621,-13,-15,-18,-15,-15,-22,-17,-5,-5,-12,-36,-18,-14,-9,sil
5.658919334411621,-9,-19,-19,-22,-4,-3,-8,-7,-2,-4,-26,-9,0,-4,sil
5.674398422241211,6,-11,-5,-17,0,1,4,5,8,9,-1,6,21,14,sil
5.674398422241211,11,-7,-2,-13,-4,-2,11,7,12,1,0,1,7,9,sil
5.690450191497803,0,-15,-7,-15,-14,-10,0,-6,2,-13,-8,-6,-13,-8,sil
5.690450191497803,-11,-10,-6,-12,-13,-14,-14,-8,-5,-23,-5,0,-6,-6,sil
5.706514835357666,-6,0,-5,-3,-1,-7,-9,1,1,-6,2,8,10,4,sil
5.706514835357666,8,1,1,-4,0,-1,-2,8,12,14,9,13,17,5,sil
5.72207236289978,16,2,8,0,-6,-5,-4,6,17,8,19,14,21,7,sil
5.72207236289978,22,15,14,15,2,-5,-6,1,13,0,30,21,26,14,sil
5.738121032714844,22,18,18,16,14,0,-2,-4,0,0,30,20,22,6,sil
5.738121032714844,3,3,5,-2,4,0,0,-8,-13,-13,12,-1,5,-6,sil
5.7541184425354,-8,0,0,-15,0,-4,-6,-6,-15,-25,2,-6,-8,-9,sil
5.7541184425354,-3,11,3,-7,7,-3,-10,-3,-12,-6,15,3,-10,-7,sil
5.769693374633789,-2,12,7,6,4,1,-12,-4,-11,4,18,-1,-12,-6,sil
5.769693374633789,-3,12,16,18,2,12,-9,-1,-8,-2,4,-2,-19,-4,sil
5.785761117935181,-2,19,11,24,9,9,2,2,-5,-4,-4,3,-20,-2,sil
5.785761117935181,-8,10,2,20,6,2,10,2,-10,-5,-10,-4,-19,-6,sil
5.801543951034546,-11,-1,4,15,1,15,17,2,-5,-4,-7,-10,-12,-9,sil
5.801543951034546,-13,0,-2,8,3,20,18,0,0,1,-3,-4,-1,-5,sil
5.817654848098755,-18,2,-7,4,1,4,5,-5,-15,5,-16,-9,-2,-5,sil
5.817654848098755,-9,0,0,14,3,0,5,-5,-12,16,-17,-16,-1,0,sil
5.833368301391602,2,-1,4,10,6,9,13,1,6,30,-6,-10,3,11,sil
5.833368301391602,3,-2,-6,-1,1,8,6,4,8,16,-15,-12,-5,7,sil
5.849169492721558,-1,-3,-10,-1,-8,-1,-5,-1,-5,-7,-25,-18,-20,-7,sil
5.849169492721558,-3,-8,-2,0,-10,-6,-3,0,-6,-5,-17,-8,-9,-2,sil
5.864348411560059,2,-13,-5,-4,-1,0,7,3,7,7,-9,2,7,11,sil
5.864348411560059,8,-12,-9,-8,1,8,10,2,17,6,-7,1,8,11,sil
5.879695892333984,6,-18,-7,-10,-1,4,11,5,21,5,-2,3,11,8,sil
5.879695892333984,-1,-24,-11,-16,-5,-8,9,8,20,8,0,5,18,4,sil
5.895416021347046,-3,-21,-14,-30,-12,-15,-5,6,17,1,0,7,12,1,sil
5.895416021347046,6,-12,-15,-31,-15,-14,-17,4,28,0,7,13,10,10,sil
5.911632061004639,22,5,0,-12,-2,-10,-18,1,25,0,19,23,15,15,sil
5.911632061004639,24,13,15,0,0,-7,-19,-3,0,-9,30,25,17,5,sil
5.927125692367554,14,5,8,-6,-9,-14,-20,-6,-7,-4,37,19,24,0,sil
5.927125692367554,3,6,1,-11,-2,-13,-15,-6,-3,1,26,13,17,-1,sil
5.943331956863403,-7,9,-4,-10,5,-6,-9,-10,-25,-21,0,-6,-9,-18,sil
5.943331956863403,-15,2,-6,-3,1,-8,-8,-12,-42,-41,-14,-22,-24,-32,sil
5.959308624267578,-9,15,6,12,8,-1,0,-1,-18,-15,0,-4,-8,-18,sil
5.959308624267578,-1,31,10,25,18,8,8,4,2,7,20,8,1,0,sil
5.974769830703735,0,21,10,24,14,5,1,0,-11,-1,5,-5,-15,-2,sil
5.974769830703735,-6,4,8,16,12,13,6,-2,-19,0,-21,-22,-27,-11,sil
5.990326166152954,-17,-2,4,8,10,23,19,-3,-12,0,-27,-26,-21,-8,please
5.990326166152954,-16,0,5,12,0,17,15,-1,-13,-8,-17,-19,-16,0,please
6.005462646484375,-7,0,1,13,-5,10,11,5,-3,4,-12,-11,-7,4,please
6.005462646484375,-5,-8,-3,0,-4,10,12,8,10,24,-19,-7,0,3,please
6.026124954223633,-2,-12,-4,5,1,9,7,4,17,21,-25,-4,-3,8,please
6.026124954223633,0,-14,-6,7,-1,7,-1,3,22,20,-10,-4,-1,15,please
6.026124954223633,-1,-21,-7,-18,-19,0,4,8,22,14,3,-1,8,8,please
6.037261486053467,5,-13,-6,-21,-17,-7,15,10,17,-1,0,13,12,5,please
6.053130149841309,12,1,4,-5,0,-7,6,7,17,-4,1,20,9,9,please
6.053130149841309,6,-2,6,-6,-3,-8,-4,3,26,13,15,10,10,8,please
6.068426847457886,13,-2,5,0,-12,-19,-8,0,24,23,32,23,22,14,please
6.068426847457886,27,15,18,13,-3,-24,-16,-3,0,3,46,49,28,22,please
6.084479331970215,22,25,22,14,4,-18,-21,-12,-25,-21,47,36,16,11,please
6.084479331970215,11,18,12,10,3,-14,-21,-16,-31,-33,29,16,6,-3,please
6.100041627883911,5,9,0,2,0,-11,-19,-9,-23,-26,15,15,11,-7,please
6.100041627883911,1,4,0,-5,0,-8,-13,-6,-17,-13,5,6,5,-12,please
6.1152825355529785,0,0,4,0,4,2,-10,-8,-22,-6,-15,-12,-15,-24,please
6.1154866218566895,-14,-1,-9,13,8,16,-4,-6,-21,-3,-30,-29,-21,-25,please
6.131549596786499,-27,0,-16,3,6,20,7,-1,-14,-6,-31,-34,-18,-15,please
6.131549596786499,-20,-2,-17,-11,7,21,12,0,-5,-4,-38,-35,-27,-11,please
6.147022485733032,-13,-16,-31,-24,8,22,9,2,0,1,-50,-44,-34,-15,please
6.147022485733032,-18,-22,-31,-33,3,14,6,7,3,0,-42,-39,-21,-11,please
6.162380933761597,-15,-15,-20,-24,1,3,13,7,20,9,-20,-20,0,0,please
6.162380933761597,-5,-9,-11,-8,11,4,25,5,39,39,-4,-10,9,8,please
6.178380966186523,3,-6,-3,-5,9,6,27,9,29,43,-1,-9,4,11,please
6.178380966186523,9,-8,-2,-8,-6,0,15,6,8,5,-3,-3,3,13,please
6.1940598487854,7,-12,4,0,-6,1,11,8,18,1,10,11,9,18,please
6.1940598487854,3,-8,9,11,-2,2,13,15,37,32,25,13,14,22,please
6.209133863449097,0,1,1,5,-16,-14,-12,5,9,2,4,3,3,6,please
6.209133863449097,-2,10,4,-2,-19,-15,-33,-4,-23,-39,0,12,-2,-11,please
6.225203037261963,11,15,22,6,-6,-4,-14,-3,-15,-20,32,39,14,-2,please
6.225203037261963,28,17,33,16,-4,-16,-2,-6,-5,-10,44,46,23,11,please
6.241398096084595,22,19,24,17,-7,-21,-6,-7,-15,-28,31,34,7,3,please
6.241398096084595,3,24,16,18,0,-6,-4,-6,-18,-11,29,25,4,-9,please
6.256987810134888,0,24,17,18,10,-4,-6,-11,-13,3,27,18,12,-8,please
6.256987810134888,0,20,16,26,12,-9,-13,-13,-18,-18,16,8,0,-5,please
6.272366285324097,-6,19,13,26,13,0,-9,-5,-25,-22,3,-2,-14,-7,please
6.272366285324097,-9,10,5,13,9,8,0,0,-10,3,-11,-15,-5,-5,please
6.289712905883789,-5,-10,0,4,2,7,0,-2,-3,7,-26,-19,-4,1,please
6.289712905883789,-8,-25,-9,0,0,13,-1,-5,-10,-3,-35,-25,-20,1,please
6.303401947021484,-10,-28,-27,-17,0,13,3,0,0,8,-35,-33,-15,-1,please
6.303401947021484,-3,-34,-22,-30,-12,5,11,17,24,31,-22,-20,0,8,please
6.319331407546997,-2,-37,-24,-24,-17,7,14,17,21,28,-15,-10,-9,10,please
6.319331407546997,-7,-26,-35,-29,-10,6,2,0,2,0,-28,-20,-22,-5,please
6.334489107131958,0,-12,-16,-36,-7,-3,-1,-1,8,-3,-17,-5,0,-5,please
6.334489107131958,15,2,7,-15,-2,-3,11,11,29,18,23,23,32,12,please
6.350000858306885,14,21,11,9,11,2,13,9,24,14,29,26,29,12,please
6.350000858306885,10,21,3,10,13,-3,0,-1,6,2,12,16,12,3,please
6.365051031112671,15,13,4,-3,1,-17,-17,-5,0,13,30,19,17,7,please
6.365051031112671,14,23,22,1,1,-12,-29,-7,-2,3,43,22,15,5,please
6.381073236465454,-3,24,13,20,9,0,-20,-7,-7,-27,10,1,-15,-11,please
6.381073236465454,-23,-3,-12,8,1,6,0,-1,-20,-28,-30,-23,-44,-23,please
6.396256685256958,-21,-17,-13,0,-5,6,15,-1,-24,-4,-37,-28,-31,-8,please
6.396256685256958,-6,-6,0,10,-1,1,22,-8,-3,7,-23,-17,0,10,please
6.411434650421143,-1,-10,-4,-4,-1,-1,13,-3,11,12,-16,-5,11,4,please
6.411434650421143,0,-22,-17,-27,-8,-8,0,5,4,5,-5,3,11,-5,please
6.427531003952026,2,-6,-5,-9,-7,-20,-9,1,-10,-29,6,7,2,-11,sil
6.427531003952026,0,16,9,15,1,-11,-12,-5,-16,-48,-1,-11,-11,-25,sil
6.443061828613281,-10,14,4,14,10,16,2,0,-10,-20,-9,-29,-18,-23,sil
6.443061828613281,-15,9,1,10,10,29,22,8,-7,4,-5,-22,-16,0,sil
6.458462715148926,-10,9,0,21,1,24,23,6,-3,12,-10,-13,-10,8,sil
6.458462715148926,-1,-2,3,17,2,22,9,6,13,24,-6,0,10,13,sil
6.474566221237183,5,-10,6,1,12,14,4,12,35,33,22,25,32,23,sil
6.474566221237183,14,4,5,0,9,-8,-1,7,31,18,39,33,28,15,sil
6.490124702453613,17,8,8,-6,-7,-25,-23,-4,7,0,30,21,15,-2,sil
6.490124702453613,13,-2,4,-17,-16,-25,-25,-8,0,0,19,17,16,1,sil
6.505356788635254,14,0,3,-11,-7,-18,-13,-7,-3,0,18,27,14,11,sil
6.505356788635254,9,7,6,-3,-2,-13,-23,-10,-25,-22,16,21,-1,0,sil
6.522020578384399,-4,6,5,0,-3,-5,-26,-14,-34,-25,-3,-1,-16,-10,sil
6.522020578384399,-7,1,10,13,11,17,7,0,-14,1,-20,-9,-19,-5,sil
6.537113904953003,-3,-5,4,18,14,29,32,14,9,19,-14,-6,-14,1,sil
6.537113904953003,-7,-15,-10,-2,-8,6,17,1,4,12,-10,-10,-7,1,sil
6.552743911743164,-4,-17,-9,-18,-15,-4,9,-3,-2,17,-14,-7,3,7,sil
6.552743911743164,0,-14,-6,-19,-5,2,10,9,8,24,-11,0,9,9,sil
6.569366693496704,-5,-11,-10,-21,-11,-8,-5,6,6,0,-8,-2,1,1,sil
6.569366693496704,-5,-2,-10,-16,-15,-23,-12,-10,-2,-15,0,-1,0,0,sil
6.58439564704895,4,0,-4,-16,-5,-17,-8,-10,0,-13,4,2,7,0,sil
6.600030422210693,4,0,-3,-17,-7,-15,-18,0,-1,-30,-2,-3,0,-12,sil
6.600030422210693,3,16,0,2,-4,-10,-17,0,-5,-34,-3,-6,-14,-14,sil
6.600030422210693,18,35,25,31,21,7,0,2,0,0,8,6,-6,6,sil
6.616114139556885,17,23,25,41,31,23,20,9,8,20,9,3,6,19,sil
6.617113828659058,-9,2,-3,32,16,29,31,7,12,13,-7,-22,-6,3,sil
6.632230281829834,-26,-4,-14,20,8,25,36,7,17,15,-20,-31,-16,-8,sil
6.632230281829834,-17,-16,-16,1,1,8,21,7,21,17,-11,-17,0,-2,sil
6.646778345108032,-7,-22,-17,-21,-10,-11,-9,-2,10,0,0,0,10,0,sil
6.646778345108032,2,-10,-9,-21,-12,-18,-20,-8,-8,-10,0,8,4,-6,sil
6.662683963775635,16,1,1,-5,0,-14,-16,-4,-15,-15,4,10,-2,-9,sil
6.677790641784668,20,13,11,1,8,-6,-18,0,-6,-14,20,19,0,-3,sil
6.677790641784668,10,21,17,9,6,0,-16,-5,-8,-2,24,23,4,0,sil
6.693308115005493,-2,12,17,15,0,6,-7,-15,-28,-3,8,16,0,-4,sil
6.693308115005493,-5,4,8,15,2,18,2,-7,-27,-10,-4,0,-5,-10,sil
6.709006071090698,-12,-5,-7,8,3,21,13,2,-7,-1,-11,-16,-6,-11,sil
6.709006071090698,-28,-23,-19,-4,-10,14,15,1,-2,12,-22,-27,-8,-7,sil
6.724597930908203,-22,-22,-17,-12,-15,9,16,3,2,18,-19,-19,0,4,sil
6.724597930908203,-6,-12,-7,-20,-6,0,13,6,10,9,-1,0,9,18,sil
6.740333557128906,-8,-19,-8,-35,-7,-23,-2,0,9,-1,2,7,11,15,sil
6.740333557128906,-4,-14,-10,-35,-10,-35,-20,-2,12,-1,5,12,16,6,sil
6.755490779876709,14,7,4,-14,0,-24,-28,2,12,-1,18,22,18,2,sil
6.755490779876709,17,15,8,2,4,-16,-26,-4,0,-17,18,20,0,-4,sil
6.771322250366211,7,11,4,2,2,-13,-20,-5,-5,-20,6,2,-18,-18,sil
6.771322250366211,10,20,14,4,9,2,0,7,10,0,2,-1,-12,-12,sil
6.787419557571411,19,29,22,22,20,19,19,15,25,15,10,3,4,7,sil
6.787419557571411,17,22,22,34,16,17,15,12,6,12,13,0,0,8,sil
6.803175926208496,7,11,18,34,3,13,9,0,-27,6,-5,-13,-12,3,sil
6.803175926208496,3,1,10,27,-1,21,25,-4,-32,5,-25,-13,-9,12,sil
6.818639755249023,-2,-14,-3,9,-4,22,33,1,1,14,-20,-8,0,17,sil
6.818639755249023,-15,-26,-19,-11,-13,3,13,2,25,25,-12,-15,0,9,sil
6.833816051483154,-16,-22,-17,-21,-18,-11,-4,0,15,17,-16,-13,1,0,sil
6.833816051483154,-4,-20,-18,-21,-16,-13,-5,1,9,0,-5,3,11,1,sil
6.849356412887573,2,-20,-15,-19,-10,-17,-9,0,23,3,22,23,18,14,sil
6.849356412887573,6,-3,0,-7,2,-15,-11,1,26,8,30,30,20,13,sil
6.865012168884277,9,12,6,2,7,-7,-9,-3,0,-13,16,19,14,-3,sil
6.865012168884277,7,12,5,-3,-3,-10,-22,-16,-30,-34,12,8,0,-10,sil
6.881185293197632,7,12,2,-3,0,-7,-18,-15,-26,-19,8,0,-5,-9,sil
6.881185293197632,4,16,7,11,10,6,0,-3,-8,-9,-6,-8,-6,-20,sil
6.89655351638794,-10,14,11,17,3,8,-2,-7,-15,-28,-14,-19,-22,-35,sil
6.89655351638794,-24,2,-7,4,0,4,-6,-14,-39,-42,-23,-28,-40,-36,sil
6.912340402603149,-26,-8,-11,-8,10,17,9,-4,-42,-29,-35,-27,-38,-19,sil
6.912340402603149,-13,-5,0,0,14,26,26,8,-8,0,-12,-12,-9,4,sil
6.926897048950195,2,2,2,18,12,14,19,13,25,30,11,1,19,18,sil
6.926897048950195,8,0,-2,13,8,1,9,15,31,43,4,4,24,20,sil
6.942453861236572,0,-13,-14,-14,-1,-2,2,14,27,31,-3,0,14,17,sil
6.942453861236572,-10,-14,-25,-35,-18,-12,-13,4,10,-4,-13,-1,0,6,sil
6.957603931427002,0,-5,-13,-24,-20,-19,-17,-2,-5,-31,-20,5,-8,0,sil
6.957603931427002,19,0,10,-7,-5,-14,-8,-1,3,-18,3,20,4,6,sil
6.973224401473999,19,11,21,1,5,-4,-12,3,12,4,26,27,23,10,sil
6.973224401473999,3,19,5,10,1,0,-16,-2,-5,4,23,11,13,-3,sil
6.988792896270752,-6,12,-3,1,-10,-6,-10,-11,-21,3,15,-1,-4,-17,sil
6.988792896270752,-5,7,5,0,-7,-4,-1,-2,-8,23,12,0,-1,-9,sil
7.004408121109009,2,15,21,28,8,5,9,4,1,28,11,3,2,5,sil
7.004408121109009,4,12,23,41,13,10,18,-3,-4,4,9,0,-10,2,sil
7.020053625106812,-5,-10,0,17,2,8,22,-6,-4,-1,-3,-16,-16,-5,sil
7.020053625106812,-17,-32,-15,-3,0,14,20,7,7,8,-16,-27,-14,0,sil
7.0350377559661865,-8,-35,-8,-7,-3,11,11,8,21,10,-14,-16,-14,4,sil
7.0350377559661865,2,-24,-8,-14,-10,-5,2,-2,25,6,-12,-7,-5,9,sil
7.050537109375,0,-12,-9,-20,-3,-6,-1,0,17,7,-16,-4,9,14,sil
7.050537109375,4,-2,-3,-11,2,3,0,6,18,18,0,16,22,16,sil
7.066503047943115,26,11,9,-7,0,-1,0,6,25,24,30,40,32,18,sil
7.066503047943115,28,17,11,-14,1,-10,0,6,15,1,30,30,29,15,sil
7.08211874961853,7,8,0,-21,4,-11,-11,-3,-11,-33,6,5,6,-4,sil
7.08211874961853,0,13,3,-11,4,-10,-32,-16,-40,-57,-1,2,-13,-21,sil
7.09759259223938,7,30,20,17,6,-6,-31,-12,-48,-56,1,5,-11,-10,sil
7.09759259223938,3,24,18,29,5,-2,-8,0,-31,-30,0,-2,0,0,sil
7.113367080688477,-9,1,-3,12,1,2,8,5,-11,3,-7,-15,-4,-12,sil
7.113367080688477,-20,-11,-21,0,1,11,13,4,-1,18,-21,-25,-14,-19,sil
7.129028558731079,-30,-14,-20,0,-3,14,9,-5,-3,6,-33,-31,-21,-16,sil
7.129028558731079,-28,-16,-23,-2,-11,9,12,-10,3,2,-34,-35,-23,-18,sil
7.1451499462127686,-10,-15,-21,-9,-5,4,14,3,21,17,-23,-14,-4,-7,sil
7.1451499462127686,7,-5,0,-9,0,-2,6,10,27,18,4,17,20,17,sil
7.161403179168701,18,9,12,-2,-5,-11,-5,0,13,-7,31,28,20,15,sil
7.161403179168701,21,17,16,-1,-2,-11,-12,-2,-3,-25,30,22,9,0,sil
7.1770179271698,15,15,16,9,9,-6,-7,4,-4,-4,21,17,9,2,sil
7.1770179271698,4,12,15,25,10,0,6,5,-4,16,15,10,0,7,sil
7.192189931869507,-4,6,9,22,1,8,14,0,-12,11,2,0,-20,-4,sil
7.192189931869507,-16,-4,-1,12,-2,12,4,-4,-16,7,-15,-16,-24,-9,sil
7.207304954528809,-25,-22,-5,1,-2,9,1,-4,-15,19,-27,-20,-20,0,sil
7.207304954528809,-9,-31,-9,-14,-4,8,12,3,-5,20,-20,-2,-13,14,sil
7.22233772277832,11,-16,-14,-20,-4,2,1,4,8,2,-2,9,0,15,sil
7.22233772277832,1,-5,-16,-14,-5,-5,-15,-3,12,-4,-1,-2,4,2,sil
7.23861026763916,-13,-16,-20,-12,-11,-2,-8,-4,11,0,-13,-15,0,-3,sil
7.23861026763916,6,-9,-2,-4,-5,0,0,2,19,0,3,2,13,6,sil
7.253234386444092,27,12,17,10,7,-4,-4,5,29,4,30,22,37,17,sil
7.269308567047119,15,12,8,0,8,-12,-9,2,18,14,28,17,34,10,sil
7.269308567047119,5,9,3,-10,1,-13,-14,-2,-5,2,17,6,16,-1,sil
7.269308567047119,9,17,8,0,2,-10,-20,-10,-16,-22,15,3,10,-6,sil
7.284984827041626,-1,10,2,-5,5,-9,-20,-9,-19,-35,5,2,0,-12,sil
7.300019264221191,-15,2,-4,-15,1,-12,-6,-2,-18,-28,0,-4,-10,-24,sil
7.300019264221191,-5,14,4,2,0,-8,-3,0,-14,-22,3,-6,-13,-22,sil
7.31519889831543,5,21,13,16,7,3,-8,-2,-10,-13,0,-1,-15,-6,sil
7.31519889831543,0,10,7,12,11,16,8,0,0,9,-2,-4,-12,-2,sil
7.331422805786133,-3,1,8,7,7,19,25,4,10,23,-3,-14,-6,-1,sil
7.331422805786133,-4,-1,1,3,3,18,19,10,15,12,-14,-16,-10,0,sil
7.348350286483765,-10,-10,-15,1,0,14,19,6,4,-1,-22,-14,-14,-2,sil
7.348350286483765,-9,-13,-8,6,0,17,28,0,-7,1,-21,-10,-11,0,sil
7.348350286483765,1,-10,0,8,-3,22,32,4,4,19,-15,-3,-3,13,sil
7.362006187438965,0,-17,-2,-2,-6,13,27,9,19,26,-9,3,0,18,sil
7.3772242069244385,-10,-24,-6,-8,-7,0,16,3,14,21,-14,0,2,13,sil
7.3772242069244385,-9,-18,-10,-8,-10,-5,-4,0,6,10,-23,0,0,11,sil
7.392182350158691,-1,-9,-4,-9,-19,-17,-22,0,1,-4,-9,12,-2,3,sil
7.392182350158691,0,-7,-5,-13,-19,-32,-19,0,-1,-9,9,14,7,0,sil
7.407404661178589,6,-3,-8,-14,-6,-22,-11,0,-2,0,10,6,24,7,sil
7.407404661178589,23,13,8,3,4,-4,-7,0,6,10,24,22,32,23,sil
7.423449993133545,39,32,25,23,6,-7,-4,-3,10,15,56,44,31,23,sil
7.423449993133545,28,26,17,9,3,-13,-12,-11,-11,-6,38,26,12,0,sil
7.4394690990448,1,7,-4,-9,1,-12,-22,-17,-36,-40,-7,-7,-17,-25,sil
7.4394690990448,-11,8,-5,-5,3,-9,-21,-15,-35,-42,-3,-4,-21,-25,sil
7.454997301101685,-8,18,8,7,7,-2,-14,-7,-21,-20,22,5,-4,-14,sil
7.454997301101685,-13,11,9,16,12,6,-10,0,-11,-7,3,-14,-9,-14,sil
7.470457553863525,-27,-3,-1,9,9,16,-7,3,-3,-3,-27,-37,-27,-22,sil
7.470457553863525,-30,-16,-19,-1,2,19,3,4,4,-1,-29,-38,-26,-20,sil
7.48597526550293,-26,-19,-19,-2,4,13,17,7,6,0,-22,-30,-12,-13,sil
7.48597526550293,-15,-13,-6,0,9,16,21,13,7,13,-18,-20,0,-5,sil
7.501497745513916,0,-16,-10,-12,1,10,8,5,10,19,-8,-8,13,3,sil
7.501497745513916,18,-12,-3,-17,-10,-16,-14,-4,10,-1,4,12,18,10,sil
7.517038583755493,27,12,15,3,-6,-16,-18,-2,13,-9,14,24,14,9,sil
7.517038583755493,15,18,18,16,2,8,-5,0,10,7,6,10,0,7,sil
7.532589912414551,5,0,8,8,0,11,8,4,7,22,-4,0,-8,13,sil
7.532589912414551,13,-4,-1,1,-6,0,22,11,15,20,0,6,0,20,sil
7.548175573348999,12,-1,-4,-7,-5,-1,20,6,16,6,1,5,6,18,sil
7.548175573348999,6,-8,-5,-19,-10,-7,3,-1,7,2,0,2,5,14,sil
7.563403606414795,11,-6,-6,-16,-11,-18,-5,-4,-5,2,15,15,7,9,sil
7.563403606414795,3,8,1,0,2,-8,-3,-6,-21,-14,23,18,0,-3,sil
7.579002857208252,-16,18,7,15,14,16,3,-6,-14,-17,8,-1,-11,-13,sil
7.579002857208252,-17,14,10,18,12,28,16,0,-2,3,-5,-12,-12,-10,sil
7.59510612487793,-13,2,4,7,5,17,24,0,-6,10,-17,-13,-13,-8,sil
7.59510612487793,-18,-11,-4,0,-2,2,13,-3,3,8,-24,-9,-9,-7,sil
7.611147403717041,-11,-16,-6,-1,-5,0,3,3,16,12,-11,5,8,1,sil
7.611147403717041,0,-13,-6,-3,0,0,6,10,10,15,7,11,22,9,sil
7.627106428146362,0,-12,-2,-12,-1,0,2,8,7,12,12,5,21,9,sil
7.627106428146362,0,-5,-3,-12,-4,-7,-6,5,15,13,12,8,20,8,sil
7.642382383346558,11,13,-6,-1,0,-22,-12,0,11,-1,15,10,18,4,sil
7.642382383346558,14,19,4,1,0,-34,-20,-7,-2,-22,9,2,5,-2,sil
7.657907724380493,9,10,3,-1,-5,-26,-25,-10,-10,-27,0,0,-4,-6,sil
7.657907724380493,9,9,1,-5,-3,-12,-22,-4,-17,-29,-2,4,-6,-9,sil
7.673028707504272,6,4,5,-3,5,-1,-11,0,-18,-28,2,0,-9,-11,sil
7.673028707504272,-1,-1,1,6,6,1,-6,-4,-25,-16,4,-8,-13,-13,sil
7.689101696014404,-1,3,0,15,1,1,-11,-12,-33,-11,-6,-13,-17,-14,sil
7.689101696014404,0,7,9,16,1,8,-6,-10,-25,-17,-30,-24,-26,-10,sil
7.704251766204834,0,0,10,17,0,22,2,-4,-14,-12,-39,-25,-32,-3,sil
7.704251766204834,-1,-9,4,12,0,31,13,1,-3,5,-22,-12,-21,-2,sil
7.720296382904053,-13,-21,-5,-1,1,29,24,13,20,26,-9,-8,-4,0,sil
7.720296382904053,-21,-20,-8,-3,0,14,18,21,36,42,-3,-3,1,10,sil
7.736419916152954,-5,-3,-7,8,0,2,5,13,28,37,9,6,11,16,sil
7.736419916152954,7,1,-3,0,-3,1,6,0,13,10,14,11,21,18,sil
7.752051591873169,5,-1,-4,-10,-11,-5,6,-2,13,1,16,15,22,17,sil
7.752051591873169,10,1,-1,-2,-8,-14,0,3,21,7,26,22,24,12,sil
7.767191410064697,13,2,7,-6,-3,-15,-10,6,11,0,23,23,22,3,sil
7.767191410064697,0,-4,-5,-21,-11,-25,-17,0,-2,-7,8,9,7,-6,sil
7.782451868057251,-11,-3,-17,-22,-4,-29,-17,-8,-10,-10,0,1,-2,-11,sil
7.782451868057251,-3,10,1,-11,13,-1,-4,-3,-18,-14,10,10,4,-2,sil
7.7979748249053955,4,19,12,0,16,13,0,-5,-22,-9,24,14,12,3,sil
7.798975944519043,6,21,9,9,13,1,-4,-15,-21,-11,9,-1,0,-3,sil
7.813528537750244,7,21,10,19,17,2,7,-10,-9,-17,-10,-13,-14,-11,sil
7.813528537750244,6,12,12,15,16,10,21,7,10,1,-9,-12,-14,-7,sil
7.829036235809326,-3,-3,0,-6,8,7,11,10,12,15,-12,-14,-14,-2,sil
7.829036235809326,-19,-17,-18,-15,0,5,2,-7,-4,4,-25,-26,-22,-10,sil
7.845470428466797,-30,-22,-22,-8,-8,6,5,-17,-14,-4,-33,-34,-30,-21,sil
7.845470428466797,-22,-21,-17,-14,-10,8,13,0,-1,3,-32,-30,-21,-12,sil
7.8596625328063965,6,-10,-4,-14,-6,12,14,16,16,16,-15,-10,2,10,sil
7.875199794769287,16,1,10,11,-5,10,3,15,25,17,2,8,13,18,sil
7.875199794769287,0,-3,0,16,-13,0,0,8,20,8,1,8,5,13,sil
7.89222526550293,-12,-22,-10,-15,-16,-14,0,4,6,0,-3,2,6,11,sil
7.892728805541992,-4,-24,-6,-21,-9,-17,-8,0,3,1,0,2,15,9,sil
7.892728805541992,14,1,7,13,0,-12,-13,-1,9,10,14,16,21,9,sil
7.906710863113403,37,30,27,32,7,-4,-2,4,14,10,33,41,33,19,sil
7.922409772872925,39,23,24,12,4,0,-2,8,11,8,43,43,40,23,sil
7.922409772872925,21,0,7,-1,-8,-10,-24,0,-2,-3,29,25,20,6,sil
7.938396215438843,5,5,5,13,-13,-17,-25,-9,-20,-25,11,12,-3,-7,sil
7.938396215438843,-6,16,6,23,0,-9,-13,-13,-25,-31,3,9,-11,-10,sil
7.953380346298218,-11,10,5,12,11,2,-14,-15,-25,-18,4,1,-12,-16,sil
7.953380346298218,-5,10,0,11,8,3,-14,-14,-25,-13,2,-7,-15,-24,sil
7.969064712524414,0,18,6,15,7,2,-5,-8,-31,-25,0,-4,-21,-20,sil
7.969064712524414,0,22,16,16,14,9,3,-7,-35,-21,5,-1,-17,-13,sil
7.984154224395752,-5,15,11,23,13,10,13,-8,-30,-8,-3,-18,-15,-13,sil
7.984154224395752,-25,-4,-4,9,5,11,21,3,-7,0,-30,-25,-22,-12,sil
7.9993064403533936,-32,-20,-19,-14,4,19,34,13,22,16,-31,-19,-13,-1,sil
7.9993064403533936,-17,-22,-18,-15,0,18,33,10,27,19,-20,-19,-2,6,sil
8.015071868896484,-10,-25,-14,-14,-7,9,16,10,17,11,-28,-26,-13,4,please
8.015071868896484,-12,-31,-26,-35,-9,1,4,13,21,16,-44,-31,-19,4,please
8.037574529647827,0,-23,-25,-40,-3,-5,-1,11,27,20,-35,-15,-2,11,please
8.037574529647827,21,-7,-11,-24,-1,-9,-4,9,30,19,0,12,25,24,please
8.037574529647827,17,-8,-8,-38,-10,-8,-4,5,25,16,11,10,28,19,please
8.046417713165283,-2,-18,-20,-55,-15,-8,-6,-3,6,2,-9,-13,0,-7,please
8.062093019485474,0,-1,-16,-21,0,-6,-4,-7,4,-1,6,-2,0,-7,please
8.062093019485474,21,26,4,10,14,3,3,0,16,12,49,28,36,18,please
8.077309608459473,13,24,3,-4,5,2,0,4,9,11,43,16,29,9,please
8.077309608459473,-6,13,2,-9,-1,-13,-14,-6,-16,-12,12,-5,-11,-17,please
8.092502355575562,-11,11,12,14,1,-13,-15,-18,-30,-22,10,-1,-16,-17,please
8.092502355575562,-14,-1,2,16,-2,0,-9,-12,-24,-18,15,4,0,-15,please
8.108088493347168,-17,-4,8,11,-4,0,-11,-4,-22,-19,3,0,-9,-20,please
8.108088493347168,-4,13,26,35,10,3,0,-2,-17,-2,-4,-1,-14,-4,please
8.123301267623901,9,12,29,49,13,16,16,2,8,23,4,12,6,17,please
8.123301267623901,14,-3,23,35,-5,13,9,13,29,29,13,26,15,20,please
8.138710498809814,14,-9,9,21,-13,-3,-6,5,12,16,2,18,9,13,please
8.138710498809814,7,-9,2,13,-6,-10,-9,-3,-10,0,-9,6,6,10,please
8.153992891311646,4,-9,9,6,-9,-12,3,0,-1,-7,-1,10,7,13,please
8.153992891311646,8,-10,2,-1,-14,-18,1,1,1,-11,5,17,8,8,please
8.17000412940979,6,-2,-8,-11,-7,-16,-10,0,-12,-28,-3,7,6,-10,please
8.17000412940979,7,15,1,-3,1,-1,-12,-2,-13,-36,-8,-1,-4,-15,please
8.185190439224243,15,29,18,7,8,8,-7,-4,-5,-27,4,8,-9,-2,please
8.185190439224243,12,29,11,9,15,6,-1,-1,-6,-12,9,8,-5,-1,please
8.200372695922852,1,23,0,7,13,6,4,0,-8,0,0,-9,-9,-8,please
8.200372695922852,-7,13,-1,3,10,14,12,3,-6,4,-6,-21,-16,-4,please
8.215897798538208,-9,0,-4,3,13,15,22,4,0,9,-10,-20,-10,0,please
8.215897798538208,-5,-5,-3,6,12,9,23,1,1,19,-13,-15,-6,-1,please
8.232063055038452,-4,-6,-8,0,3,13,13,0,4,23,-12,-13,-9,0,please
8.232063055038452,-17,-15,-25,-14,-4,12,7,3,7,14,-19,-24,-12,0,please
8.24720025062561,-24,-26,-26,-27,-8,0,3,4,9,8,-24,-20,-7,-2,please
8.263638257980347,-13,-19,-19,-30,-3,-5,0,0,15,14,-2,3,6,1,please
8.263638257980347,-5,-10,-14,-20,0,-3,-2,-9,1,11,2,0,1,2,please
8.278247117996216,-16,-22,-22,-20,-9,-2,-5,-9,-13,1,-26,-24,-17,-4,please
8.278247117996216,-19,-29,-29,-35,-16,-2,-8,-2,0,-6,-28,-21,-10,-3,please
8.278247117996216,0,-8,-9,-21,-5,0,-13,6,16,-9,8,7,19,4,please
8.293570041656494,9,8,6,11,0,1,-9,11,12,0,22,17,29,7,please
8.310470819473267,-4,0,1,0,-6,-4,-8,7,11,5,6,3,13,0,please
8.310470819473267,-5,-10,0,-21,-8,-17,-7,0,18,-1,1,2,9,-4,please
8.310470819473267,10,0,9,-12,1,-17,-3,0,13,-3,13,13,14,-1,please
8.324639320373535,12,9,14,-2,1,-12,-5,0,-2,0,27,16,9,-2,please
8.341355562210083,5,10,6,3,-2,-14,-11,-3,-13,-1,32,9,4,-6,please
8.341355562210083,12,15,12,16,0,-16,-16,-9,-19,-18,21,12,-1,-1,please
8.356193542480469,24,19,26,14,0,-9,-12,-6,-20,-26,10,18,-10,6,please
8.356193542480469,21,15,25,15,-3,-1,-1,-7,-12,-13,13,14,-4,7,please
8.371379613876343,13,19,25,33,9,4,1,-5,-8,-7,14,9,0,4,please
8.371379613876343,12,28,25,41,18,11,5,2,0,0,8,5,2,5,please
8.387125253677368,7,17,12,22,5,15,13,2,9,16,2,1,0,3,please
8.387125253677368,-4,1,1,12,0,19,20,0,6,14,-8,-4,-8,0,please
8.40218710899353,-7,0,-2,19,8,21,25,6,3,6,-14,-14,-9,2,please
8.40218710899353,-7,-5,-6,6,3,17,20,11,0,4,-19,-17,-12,-3,please
8.417414903640747,-15,-19,-22,-12,-5,14,10,0,-5,-2,-36,-19,-26,-12,please
8.417414903640747,-14,-20,-20,-8,0,14,12,-5,-6,-1,-31,-19,-17,-3,please
8.433454990386963,-8,-18,-6,-9,0,8,15,2,1,19,-1,-7,11,8,please
8.433454990386963,-11,-21,-14,-22,-11,-5,4,4,6,19,-3,0,14,4,please
8.449098587036133,-5,-9,-12,-11,-3,-10,-7,0,0,-6,-23,-1,2,0,please
8.449098587036133,10,6,1,7,9,-8,-5,1,0,-11,-9,3,10,7,please
8.464897155761719,10,0,-4,-9,0,-19,-10,2,3,1,11,12,18,11,please
8.464897155761719,-5,-11,-16,-28,-12,-27,-26,0,0,9,7,15,16,4,please
8.481531858444214,-5,1,-10,-6,-8,-21,-32,-4,-10,6,4,5,10,-6,please
8.481531858444214,7,14,7,10,0,-13,-28,-7,-13,-13,11,4,-2,-14,please
8.497257947921753,13,14,12,3,7,0,-13,-2,0,-18,18,12,-3,-9,sil
8.497257947921753,14,16,8,4,9,14,0,3,13,1,23,19,13,2,sil
8.513036489486694,11,17,19,18,9,17,3,2,7,7,24,13,8,1,sil
8.513036489486694,-5,13,21,23,16,21,10,-4,-1,1,9,-7,-14,-9,sil
8.531302452087402,-24,1,3,7,10,25,25,-4,3,2,-18,-27,-29,-12,sil
8.531302452087402,-29,-22,-20,-17,-11,18,32,3,18,-1,-39,-35,-30,-8,sil
8.544471025466919,-25,-41,-31,-33,-20,0,22,8,23,-4,-30,-30,-17,-2,sil
8.544471025466919,-16,-29,-20,-30,-13,-14,1,6,11,1,-3,-11,0,-2,sil
8.560484409332275,-5,-10,-15,-15,-16,-23,-13,-1,0,-2,1,2,3,-5,sil
8.560484409332275,7,-2,-1,-7,-15,-19,-19,-7,-5,-17,0,11,6,6,sil
8.576022624969482,23,4,13,-4,0,-11,-10,-4,-8,-3,18,22,19,25,sil
8.576022624969482,23,12,9,0,4,-10,-1,-6,-18,0,24,18,7,10,sil
8.59135890007019,8,18,6,9,2,-10,-6,-11,-34,-31,5,0,-15,-15,sil
8.59135890007019,10,21,13,15,4,-5,-8,-7,-28,-31,6,-5,-5,-6,sil
8.607381105422974,14,16,17,14,5,-5,-10,0,-10,6,16,1,8,8,sil
8.607381105422974,2,9,13,19,9,-2,-7,10,1,21,6,3,3,7,sil
8.623501300811768,0,2,5,24,14,15,13,17,14,23,-4,-2,3,14,sil
8.623501300811768,5,-2,0,13,9,24,22,12,17,31,-12,-3,9,17,sil
8.639011144638062,1,-6,-7,0,0,11,3,4,11,26,-16,-3,9,4,sil
8.639011144638062,-3,-17,-11,-13,-8,4,-12,0,12,7,-11,0,8,-3,sil
8.655054807662964,-6,-21,-16,-25,-15,4,-9,-5,11,-6,0,6,8,-8,sil
8.655054807662964,-8,0,-13,-16,-5,-4,-7,-8,1,-5,13,14,4,-15,sil
8.671163558959961,-7,23,12,10,12,0,-4,-4,-11,-7,17,15,-4,-14,sil
8.671163558959961,-8,13,20,25,13,16,18,-2,-18,-10,-1,0,-14,-6,sil
8.686997175216675,-7,-8,4,14,5,15,34,2,-4,6,-20,-11,-10,6,sil
8.686997175216675,1,-15,-1,-7,0,0,20,8,20,24,-13,-5,5,15,sil
8.70211410522461,11,-5,-1,-16,-10,-16,-9,-2,9,-1,1,6,8,6,sil
8.70211410522461,10,12,4,-1,-3,-23,-26,-12,-28,-37,4,12,-6,-7,sil
8.717679262161255,-1,18,7,19,11,-4,-9,-3,-28,-20,0,-2,-18,-14,sil
8.717679262161255,-14,0,0,20,6,15,9,2,0,7,-9,-21,-20,-15,sil
8.733550310134888,-12,-11,-6,7,-6,15,8,4,20,12,-18,-17,-10,-3,sil
8.733550310134888,-4,-17,-16,-9,-12,-3,5,7,29,7,-13,-10,2,9,sil
8.749506711959839,-5,-27,-24,-36,-22,-14,0,3,17,-3,-2,-11,0,2,sil
8.749506711959839,0,-16,-17,-36,-15,-6,-6,-3,6,-8,7,-1,1,-1,sil
8.764666557312012,14,14,3,0,13,-5,-4,-1,11,4,24,22,20,10,sil
8.764666557312012,20,26,22,11,22,-13,-1,7,12,7,44,39,32,20,sil
8.780443906784058,21,15,19,-5,12,-7,0,2,2,0,43,22,21,14,sil
8.780443906784058,9,11,7,-4,7,1,-6,-9,-12,-13,10,-6,-6,-2,sil
8.795412302017212,-8,15,0,19,1,4,-6,-8,-22,-25,-16,-12,-21,-16,sil
8.795412302017212,-11,11,3,29,-1,12,7,0,-17,-9,-15,-3,-9,-9,sil
8.811621904373169,-8,0,7,20,4,24,16,0,-11,10,-14,-8,-8,1,sil
8.811621904373169,-9,-7,-2,10,1,21,9,1,-6,14,-23,-18,-19,0,sil
8.827091217041016,-12,-11,-13,0,-11,5,0,2,-4,15,-28,-13,-16,-3,sil
8.827091217041016,-12,-19,-20,-15,-19,-6,-3,-1,-3,15,-25,-9,-7,1,sil
8.842316389083862,-7,-20,-19,-20,-15,-8,-4,0,2,3,-14,-8,0,4,sil
8.842316389083862,-7,-20,-11,-22,-10,-5,-9,5,9,-5,-4,-2,6,-1,sil
8.857964754104614,-13,-25,-16,-28,-9,-12,-16,-2,1,-8,0,0,10,-10,sil
8.857964754104614,1,-4,0,-15,-1,-18,-16,-2,-2,-3,12,9,21,-4,sil
8.873404264450073,28,22,24,10,15,-6,-4,8,13,14,31,24,35,8,sil
8.873404264450073,25,15,17,7,17,0,0,1,13,12,31,26,26,7,sil
8.889202356338501,11,8,9,-5,4,-17,-6,-9,-14,-14,22,18,5,-3,sil
8.889202356338501,5,12,8,0,-5,-25,-9,-7,-28,-27,11,1,-11,-10,sil
8.904741048812866,-9,2,0,-1,-5,-8,-12,-6,-21,-27,-4,-16,-27,-16,sil
8.904741048812866,-13,3,0,-2,4,7,-1,-4,-6,-20,-6,-13,-20,-13,sil
8.920435905456543,6,23,16,22,13,12,20,1,3,0,-1,-1,-3,5,sil
8.920435905456543,12,21,26,38,6,14,25,4,6,9,-8,3,-9,17,sil
8.936165571212769,1,2,11,23,0,20,19,7,14,14,-11,0,-11,13,sil
8.936165571212769,-4,-3,-7,10,4,24,19,9,20,23,-6,-7,1,7,sil
8.951285362243652,-12,-6,-15,6,3,24,24,6,10,22,-15,-14,6,2,sil
8.951285362243652,-21,-25,-26,-8,0,17,20,4,7,11,-29,-20,-2,-5,sil
8.9667649269104,-23,-38,-29,-27,-3,6,5,9,19,2,-26,-20,-6,-8,sil
8.9667649269104,-3,-17,-13,-18,-3,0,-2,11,29,15,0,0,14,9,sil
8.982419967651367,25,5,9,-4,-2,-7,-9,1,15,24,29,26,31,23,sil
8.982419967651367,35,8,15,-4,-1,-17,-26,-8,-8,-2,29,24,14,9,sil
8.997843503952026,27,13,11,3,-1,-20,-28,-13,-15,-28,18,12,0,-1,sil
8.997843503952026,13,23,18,11,0,-18,-18,-12,-18,-20,16,15,4,-3,sil
9.013482332229614,-8,15,7,1,0,-18,-17,-14,-23,-14,12,1,-2,-19,sil
9.013482332229614,-23,4,-7,-4,4,-6,-12,-11,-19,-22,0,-15,-25,-24,sil
9.029422998428345,-8,15,5,15,13,17,13,0,-2,1,1,-1,-18,0,sil
9.029422998428345,5,19,17,38,14,27,33,10,12,41,11,13,10,19,sil
9.04506230354309,-6,-2,1,20,1,18,19,4,11,31,5,3,8,10,sil
9.04506230354309,-24,-29,-30,-25,-16,0,1,-1,3,0,-19,-19,-19,-5,sil
9.061298131942747,-22,-34,-38,-45,-22,-4,2,2,0,-9,-36,-29,-30,-11,sil
9.061298131942747,-4,-23,-13,-28,-14,-4,1,6,0,-10,-24,-8,-11,-3,sil
9.076423168182371,14,-12,3,-9,-11,-21,-14,1,0,-16,0,11,14,3,sil
9.076423168182371,24,-1,7,-13,-10,-31,-29,0,-8,-19,10,19,26,7,sil
9.091520071029665,25,9,5,-15,0,-12,-19,3,-9,-16,13,18,16,7,sil
9.091520071029665,13,15,3,-4,3,-6,-13,-6,-14,-21,3,1,-1,-7,sil
9.107038974761965,-2,11,8,7,0,-15,-12,-11,-22,-21,-10,-11,-9,-19,sil
9.107038974761965,-8,5,9,16,8,2,7,1,-5,1,-4,-4,1,-3,sil
9.12307357788086,-15,0,4,18,18,24,23,7,9,18,-1,-10,0,0,sil
9.12307357788086,-25,-4,-2,13,11,16,17,0,0,8,-12,-28,-11,-14,sil
9.138725757598875,-22,-8,-10,6,3,18,13,-8,0,8,-10,-21,-10,-10,sil
9.138725757598875,-15,-8,-10,0,7,30,14,0,10,22,-8,-3,-4,-1,sil
9.154001474380491,-10,-7,-6,-3,4,11,10,9,10,17,-16,-2,-3,0,sil
9.154001474380491,1,-8,-2,-3,-8,-15,0,5,9,-2,-6,0,6,5,sil
9.169475555419922,10,-4,-4,-9,-14,-18,-10,0,16,-2,8,9,15,2,sil
9.169475555419922,12,8,0,-11,-6,-14,-18,0,18,7,20,26,19,0,sil
9.185511827468872,28,31,27,10,5,-8,-19,3,17,11,52,50,34,24,sil
9.185511827468872,37,41,38,33,14,1,-3,2,16,18,68,50,40,35,sil
9.201262712478638,18,30,26,23,8,1,2,0,-3,12,27,19,12,11,sil
9.201262712478638,2,14,12,13,-1,2,0,-9,-28,-12,-19,-15,-22,-5,sil
9.21638560295105,0,0,0,15,-2,13,8,-14,-24,-26,-30,-33,-41,-7,sil
9.21638560295105,-16,-16,-8,-2,-1,16,12,-3,-2,-9,-23,-28,-36,-8,sil
9.232362747192385,-26,-31,-20,-20,-2,9,8,3,10,9,-19,-21,-10,-3,sil
9.232362747192385,-13,-26,-20,-3,4,6,13,1,6,4,-21,-15,-4,1,sil
9.247746706008911,0,-13,-8,11,6,9,19,9,5,6,-19,-5,-10,5,sil
9.247746706008911,1,-14,-7,-1,-2,0,15,14,7,14,-6,0,2,11,sil
9.263127565383911,0,-19,-13,-26,-6,-11,3,1,-6,-2,4,7,14,8,sil
9.263127565383911,2,-9,-19,-32,-1,-5,-2,-2,-3,-10,8,8,11,-1,sil
9.27836012840271,5,0,-17,-21,0,-4,-7,3,17,0,5,1,5,-5,sil
9.27836012840271,10,4,-1,-9,-1,-14,-11,5,6,-5,4,3,3,-4,sil
9.293381690979004,11,10,10,-8,-3,-10,-12,0,-19,-20,11,12,7,-3,sil
9.308995008468628,4,12,7,-12,-9,-7,-14,-5,-21,-21,11,6,3,-11,sil
9.308995008468628,-4,5,-5,-11,-15,-18,-18,-10,-14,-10,0,-4,-10,-18,sil
9.325100660324097,-3,5,-2,-7,-11,-22,-25,-13,-22,-5,-6,-2,-15,-18,sil
9.325100660324097,-1,14,13,1,1,-13,-24,-15,-27,-18,-3,-4,-14,-20,sil
9.341236114501951,-12,18,14,15,13,0,-14,-9,-13,-14,-7,-16,-15,-20,sil
9.341236114501951,-20,11,9,25,14,14,-6,4,6,13,-8,-14,-7,-3,sil
9.356760025024414,-15,0,3,28,8,24,6,9,12,23,-5,-8,0,3,sil
9.356760025024414,-9,-8,1,22,1,23,14,-2,-1,1,-13,-15,-9,-2,sil
9.372376680374146,-6,-14,3,8,-2,21,23,-1,0,1,-15,-13,-7,7,sil
9.372734308242798,-3,-21,-1,1,-3,18,38,13,30,35,0,1,14,29,sil
9.389405965805054,0,-18,0,0,-1,5,34,19,44,47,7,16,24,27,sil
9.389405965805054,5,-11,1,1,-4,-7,8,5,26,12,4,15,17,9,sil
9.40417981147766,8,-4,2,4,-8,-9,-10,-5,0,-15,13,14,17,3,sil
9.40417981147766,15,9,10,13,0,-9,-12,0,-13,-12,22,28,20,12,sil
9.420159101486206,21,19,11,17,7,-16,-8,0,-10,-11,12,30,15,17,sil
9.420159101486206,10,12,2,2,0,-16,-9,-6,-3,-21,11,22,11,7,sil
9.435714483261108,3,13,0,-5,-3,-4,-6,-5,0,-8,34,25,15,2,sil
9.435714483261108,11,23,11,4,6,-2,-2,0,1,7,42,30,12,2,sil
9.45124888420105,11,17,13,5,10,-8,-8,0,4,-1,11,9,-6,-7,sil
9.45124888420105,0,4,-3,-10,4,-4,-6,0,5,-9,-15,-23,-23,-18,sil
9.466684818267822,-3,0,-8,-17,1,4,6,6,3,-4,-20,-32,-22,-11,sil
9.466684818267822,0,-1,-3,-10,4,11,13,10,2,1,-19,-22,-9,2,sil
9.482088088989258,-5,-9,-16,-11,2,11,10,0,-1,6,-29,-24,-11,5,sil
9.482438564300535,-24,-20,-25,-20,2,16,10,0,1,16,-35,-32,-17,-3,sil
9.497283697128296,-28,-27,-30,-23,7,27,21,3,11,30,-27,-38,-6,-7,sil
9.497283697128296,-16,-34,-38,-33,0,20,18,0,3,22,-34,-49,-8,-10,sil
9.5132737159729,-8,-37,-39,-50,-15,-4,2,-2,-6,-4,-45,-44,-18,-11,sil
9.5132737159729,2,-19,-24,-41,-12,-13,-4,0,0,-15,-18,-7,0,-5,sil
9.528378248214722,17,5,8,-12,-3,-9,-12,-2,-3,-9,19,23,15,0,sil
9.528378248214722,25,15,26,8,-5,-19,-24,-10,-23,-14,29,26,3,-3,sil
9.543781280517578,35,21,33,21,-2,-24,-31,-13,-30,-22,33,32,-2,-1,sil
9.543781280517578,47,36,47,43,2,-7,-28,-9,-25,-13,43,48,9,5,sil
9.55903148651123,46,41,48,61,1,0,-18,-5,-20,-9,44,41,14,5,sil
9.55903148651123,11,25,29,45,0,2,-6,-1,-17,-23,26,17,0,-4,sil
9.574003219604492,-45,9,6,26,3,11,4,0,-7,-13,1,-1,-12,-11,sil
9.574003219604492,-73,4,4,32,7,15,11,-1,7,14,-7,-4,-7,-3,sil
9.589172124862673,-68,-9,0,23,0,3,12,0,11,5,-8,-9,-5,0,sil
9.589172124862673,-66,-25,-16,-3,-12,-10,10,3,4,-14,-28,-25,-20,-10,sil
9.605170965194702,-40,-11,-9,0,-4,-3,12,9,5,0,-36,-21,-16,-7,sil
9.605170965194702,10,3,1,13,5,13,21,14,23,26,-2,3,16,13,sil
9.62020230293274,24,-12,-11,-14,-1,3,14,14,29,25,14,11,26,20,sil
9.62020230293274,13,-23,-22,-33,-7,-13,0,7,20,20,-5,0,12,12,sil
9.635555028915403,19,-14,-21,-22,-5,-10,0,1,19,24,-10,-1,16,11,sil
9.635555028915403,19,-18,-19,-27,-8,-5,0,3,20,8,0,2,16,12,sil
9.651209115982056,18,-16,-21,-30,-8,-5,-4,3,15,-9,-2,3,5,10,sil
9.651209115982056,31,5,-7,-14,2,-3,-8,-2,4,-10,4,15,11,11,sil
9.666460990905762,31,11,11,-8,12,-7,-15,-4,-5,-10,22,28,17,7,sil
9.666460990905762,19,10,12,-6,11,-8,-16,-6,-12,-9,20,18,6,-3,sil
9.682002782821655,17,27,17,8,9,2,-7,-6,-18,2,10,8,-3,-7,sil
9.682002782821655,13,26,17,11,13,11,4,0,-16,4,4,-2,-8,-9,sil
9.69732141494751,1,6,3,-1,14,10,11,-1,-5,-16,-7,-18,-18,-14,sil
9.69732141494751,-1,7,4,0,8,13,12,-4,2,-18,-12,-17,-19,-7,sil
9.712623119354248,3,10,9,16,8,23,8,2,2,15,3,-9,-7,8,sil
9.712623119354248,1,1,9,22,12,24,3,5,-4,33,9,-11,-1,8,sil
9.728232860565186,-8,-2,5,13,0,12,10,0,-7,20,0,-10,-1,0,sil
9.728232860565186,-19,-16,-7,-3,-21,-1,13,-1,0,9,-6,-10,-1,-1,sil
9.74458074569702,-17,-28,-15,-14,-23,-3,6,0,4,8,-14,-21,-7,-1,sil
9.74458074569702,-9,-18,-13,-10,-13,-3,4,2,5,-4,-13,-16,-5,-2,sil
9.758612394332886,-9,-7,-7,-13,-15,-18,-7,1,-6,-27,0,11,4,0,sil
9.774554014205933,-8,-3,-3,-20,-17,-28,-27,-7,-29,-43,0,13,-5,-12,sil
9.774554014205933,-11,8,0,-3,-1,-19,-28,-16,-41,-48,-18,-15,-33,-37,sil
9.774554014205933,-23,15,4,17,10,1,-13,-8,-26,-29,-15,-18,-27,-34,sil
9.790307998657228,-21,6,-2,21,10,17,4,0,3,18,0,0,7,-1,sil
9.805472373962402,-2,-2,-4,11,5,6,7,2,22,34,-1,8,19,18,sil
9.805472373962402,6,-4,3,1,0,-15,-2,2,25,6,0,16,14,18,sil
9.821189165115356,4,1,3,-7,-2,-19,-14,0,16,-6,13,25,19,13,sil
9.821189165115356,6,17,1,-2,4,-10,-14,-1,0,-8,17,22,15,0,sil
9.836342334747314,11,21,7,15,12,-4,0,4,-3,-10,18,14,5,-10,sil
9.836342334747314,7,4,12,18,13,2,4,3,-8,1,13,5,1,-2,sil
9.852197647094728,-5,-7,3,0,8,10,1,-4,-15,3,-11,-12,-9,5,sil
9.852197647094728,-7,-9,-5,-4,1,15,11,0,6,6,-19,-17,-7,10,sil
9.867404222488403,1,-11,0,6,-1,19,24,15,34,41,1,0,14,19,sil
9.867404222488403,2,-12,-9,7,-2,12,18,15,27,48,-2,-1,15,16,sil
9.883533239364624,-6,-15,-21,-9,-5,0,9,1,8,6,-27,-13,-4,3,please
9.883533239364624,0,-19,-6,-22,-8,5,13,1,9,-1,-14,0,-3,3,please
9.899041652679443,18,-11,0,-18,-10,4,7,4,18,11,10,15,10,6,please
9.899041652679443,20,1,-1,-11,-12,-12,-13,-1,18,-1,9,12,3,0,please
9.91417956352234,9,0,-5,-12,-10,-16,-17,-2,15,-8,8,5,-2,-2,please
9.91417956352234,11,-1,-1,-13,-1,-9,-6,4,5,-2,22,1,6,-2,please
9.929717779159546,18,10,14,-6,3,-10,0,0,-6,-5,26,2,8,-2,please
9.929717779159546,7,18,16,6,0,-11,-4,-13,-29,-12,16,2,-5,-5,please
9.945424795150757,0,26,12,17,0,-4,-17,-17,-57,-26,7,5,-13,-8,please
9.945424795150757,13,35,20,21,9,1,-9,-8,-48,-31,9,5,-2,-3,please
9.961163759231567,8,23,18,8,11,5,2,0,-16,-16,6,-3,-6,-3,please
9.961163759231567,-14,5,4,2,9,10,-1,-1,-1,-12,-15,-17,-28,-18,please
9.976709127426147,-26,-2,-5,13,10,13,0,-6,0,-9,-32,-27,-32,-25,please
9.976709127426147,-33,-16,-15,5,1,16,13,-4,-2,4,-23,-31,-17,-14,please
9.992195844650269,-33,-22,-27,-16,-7,18,17,0,-5,8,-14,-28,-5,-2,please
9.992538690567017,-21,-15,-20,-11,0,17,18,1,2,3,-17,-13,0,7,please
10.007172346115112,-8,-12,0,4,7,14,18,10,20,17,0,8,13,19,please
10.007172346115112,2,-16,0,0,-5,2,9,22,39,41,20,20,33,26,please
10.023500442504885,12,-14,-6,-5,-11,-13,0,15,37,37,8,15,28,18,please
10.023500442504885,13,-5,-3,1,-6,-17,-2,2,14,7,-7,6,9,2,please
10.045049905776978,13,8,4,9,-4,-14,-8,0,0,-14,5,14,8,0,please
10.045049905776978,17,16,11,8,0,-16,-14,-4,-5,-9,19,28,18,10,please
10.045049905776978,8,3,1,-1,2,-16,-17,-11,-7,7,13,22,17,10,please
10.054535388946531,-3,-11,-9,-19,-2,-16,-26,-6,-10,-6,1,11,4,-4,please
10.070240259170532,-2,-7,-7,-19,-6,-18,-26,1,-7,-23,-7,2,-5,-21,please
10.070240259170532,2,6,0,0,0,-12,-13,-6,-8,-12,-14,-5,-12,-21,please
10.085614442825316,0,11,13,9,5,0,-11,-16,-29,-13,-22,-6,-19,-16,please
10.085614442825316,-1,7,7,3,2,1,-12,-10,-33,-23,-21,-10,-16,-14,please
10.101215124130247,2,9,1,1,2,0,-7,0,-10,-15,-8,-10,-2,-2,please
10.101215124130247,4,17,17,17,10,10,1,4,6,-3,0,2,3,7,please
10.117052793502808,4,16,25,28,17,25,20,3,11,7,8,0,-2,6,please
10.117052793502808,10,4,13,11,11,32,38,6,16,23,11,-19,-13,0,please
10.13321852684021,11,-6,-5,-3,0,22,35,4,19,15,-3,-23,-19,2,please
10.13321852684021,-3,-12,-10,0,-7,4,19,1,11,0,-11,-11,-15,7,please
10.148743867874146,-15,-7,-5,2,-6,2,12,6,7,12,11,-1,-2,10,please
10.148743867874146,-5,-4,-4,-6,-1,11,13,8,11,15,31,5,8,11,please
10.163745880126951,-6,-11,-12,-15,-3,3,12,6,19,5,13,0,8,4,please
10.163745880126951,-27,-19,-31,-20,-16,-10,7,6,28,18,-14,-19,0,-11,please
10.17959451675415,-28,-20,-33,-27,-22,-17,-8,1,14,15,-20,-20,-5,-17,please
10.17959451675415,-6,-17,-21,-30,-14,-17,-16,-5,-11,-12,-1,4,1,-3,please
10.195223808288574,4,-11,-13,-24,-8,-15,-15,-7,-21,-21,16,22,13,5,please
10.195223808288574,6,-1,0,-17,-7,-16,-22,-4,-20,-17,19,24,10,0,please
10.21124792098999,13,15,12,0,2,-17,-17,0,-18,-14,19,19,10,0,please
10.21124792098999,18,29,19,20,16,-7,-7,0,-12,0,19,19,18,5,please
10.226767539978027,22,27,31,27,14,6,-7,2,-3,11,13,21,17,5,please
10.226767539978027,26,19,26,22,7,6,-4,1,-1,4,2,13,4,9,please
10.242158651351929,12,15,19,18,15,1,-2,0,-8,-4,-11,0,-2,6,please
10.242158651351929,-1,7,12,19,20,8,0,-4,-9,0,-16,-10,-7,-4,please
10.25791597366333,0,1,6,22,10,17,0,-10,-7,-1,-10,-9,-12,-3,please
10.25791597366333,0,8,15,25,8,14,-2,-14,-12,-9,-1,-1,-5,0,please
10.273032188415527,-6,3,17,19,10,10,7,-8,-10,1,-1,-2,0,-1,please
10.273032188415527,-9,-15,1,1,-2,17,24,1,2,19,-10,-13,-8,0,please
10.28912615776062,-9,-22,-17,-11,-11,15,25,5,15,13,-14,-17,-4,1,please
10.28912615776062,-11,-24,-27,-19,-9,-3,6,1,15,-5,-19,-14,8,-1,please
10.30442214012146,-14,-28,-24,-29,-16,-11,-1,1,13,-9,-29,-18,2,-2,please
10.30442214012146,-11,-21,-23,-30,-21,-8,0,12,18,0,-18,-19,0,0,please
10.320068359375,0,-6,-19,-23,-13,-18,-10,15,11,-6,0,2,6,-4,please
10.320068359375,2,0,-12,-21,-8,-27,-25,3,0,-18,3,18,0,-7,please
10.335140228271484,0,6,0,-7,-1,-16,-18,0,3,-7,11,13,-8,-2,sil
10.335140228271484,10,22,15,19,11,0,-3,3,2,-3,23,16,-6,-1,sil
10.35037350654602,4,19,10,20,10,0,-2,-4,-11,-16,12,14,-13,-9,sil
10.351368427276611,-15,0,1,-3,-6,-5,-12,-18,-19,-17,0,0,-28,-16,sil
10.366477251052856,-10,3,10,11,-4,3,-5,-10,-12,8,1,-3,-21,-12,sil
10.382137060165403,4,22,18,44,12,19,16,-1,-1,23,-1,0,-5,1,sil
10.382137060165403,0,15,12,25,11,23,27,0,3,17,-6,-7,0,14,sil
10.382137060165403,-3,-5,-6,-5,-1,17,29,2,8,19,-2,-7,9,17,sil
10.397446393966677,-2,-13,-16,-11,-5,6,21,9,20,28,0,0,19,13,sil
10.412593364715576,2,-12,-12,-14,-5,-7,4,15,27,27,10,3,25,13,sil
10.412593364715576,16,-1,-6,-17,-6,-15,-3,14,20,10,28,8,31,15,sil
10.4291570186615,22,9,3,-13,0,-13,-10,6,2,-12,28,20,26,6,sil
10.4291570186615,13,5,12,-2,3,-13,-23,-6,-18,-23,17,10,5,-4,sil
10.4291570186615,4,6,15,7,7,-11,-27,-16,-31,-23,10,-7,-9,-7,sil
10.4435875415802,0,10,10,6,8,2,-9,-13,-27,-16,-11,-6,-12,-3,sil
10.458900213241575,0,-6,0,0,1,14,5,-9,-21,-2,-36,-5,-14,0,sil
10.458900213241575,-6,-19,-6,0,-1,19,12,-7,-22,4,-34,-21,-20,-3,sil
10.474472999572754,-16,-10,-16,1,1,22,18,0,-11,0,-23,-35,-21,-9,sil
10.474472999572754,-9,-7,-12,-8,0,1,4,1,0,-1,-14,-20,-7,-9,sil
10.490020036697388,3,-11,-3,-21,-8,-23,-13,0,1,-11,0,1,10,-1,sil
10.490020036697388,1,-8,-11,-16,-2,-17,-14,5,6,-23,6,1,13,0,sil
10.505695104599,-3,4,-8,-4,9,-4,-12,8,14,-18,4,2,3,-10,sil
10.505695104599,0,14,6,0,10,-6,-9,2,19,0,12,15,5,-11,sil
10.521363258361816,-3,10,13,0,9,2,3,0,14,8,15,12,3,0,sil
10.521363258361816,-14,-2,6,11,11,26,25,1,6,18,1,-2,-9,8,sil
10.537031650543211,-19,-12,-8,14,3,28,35,2,12,27,-10,-7,-7,7,sil
10.537031650543211,-9,-14,-5,-1,-9,9,19,6,27,21,-9,3,7,9,sil
10.552392721176147,5,-9,6,-1,-14,-5,0,9,31,18,-4,15,12,14,sil
10.552392721176147,12,0,3,6,-12,-13,-8,4,26,14,0,20,7,15,sil
10.5681471824646,8,7,0,-2,-8,-16,-18,1,17,0,13,22,7,4,sil
10.5681471824646,10,13,3,-1,-5,-16,-21,-2,0,-7,26,16,5,-9,sil
10.583696842193604,19,21,17,20,-7,-19,-20,-13,-30,-11,13,11,-7,-15,sil
10.583696842193604,15,23,20,26,-5,-19,-17,-20,-55,-29,5,10,-17,-15,sil
10.599361896514893,0,20,15,19,0,-4,-8,-13,-51,-33,18,4,-12,-11,sil
10.599361896514893,0,27,24,36,5,18,5,-1,-32,-14,22,0,-5,0,sil
10.614489078521729,7,16,27,46,8,30,18,0,-9,2,10,1,-3,9,sil
10.614489078521729,-4,-11,4,13,3,21,18,0,1,7,-6,-1,-2,8,sil
10.63007354736328,-14,-18,-15,-6,-8,6,12,4,0,12,-8,-18,5,5,sil
10.63007354736328,-4,-11,-12,-1,-17,2,7,8,3,23,3,-14,18,15,sil
10.64604926109314,0,-11,-13,-12,-15,-3,0,7,12,20,-2,3,18,21,sil
10.64604926109314,0,-17,-28,-28,-13,-21,-7,3,8,0,-28,0,6,9,sil
10.66161060333252,8,-29,-21,-37,-1,-21,-15,4,9,-14,-32,-13,0,-2,sil
10.66161060333252,19,-20,-11,-44,15,0,-7,7,28,-4,-16,-6,6,0,sil
10.677305698394775,10,3,-23,-43,9,6,0,1,29,-3,-3,1,8,1,sil
10.677305698394775,-9,1,-25,-40,0,-3,-3,-6,2,-12,-8,-12,-12,-15,sil
10.69245719909668,-20,-1,-24,-34,23,-4,1,-3,-10,-1,-27,-42,-29,-36,sil
10.69245719909668,-30,0,-28,-29,26,0,1,-3,-13,-5,-38,-57,-32,-47,sil
10.708044528961182,-40,-15,-21,-32,0,0,-6,-6,-19,-25,-30,-43,-34,-36,sil
10.708044528961182,-26,-11,3,-7,9,9,6,1,-3,-3,-6,-15,-18,-3,sil
10.723310232162476,-3,12,22,38,27,20,23,9,20,38,15,3,8,17,sil
10.723310232162476,-6,19,12,43,11,20,17,4,18,35,9,-4,9,6,sil
10.73851466178894,-4,6,6,21,8,9,11,-1,2,8,-4,-6,-6,0,sil
10.73851466178894,13,-20,11,18,2,-2,8,-2,0,7,2,12,-7,17,sil
10.754235982894896,10,-28,8,11,-23,-4,-1,-3,5,18,15,25,7,30,sil
10.754235982894896,8,11,21,7,-7,0,-7,7,16,16,25,38,40,26,sil
10.76979112625122,29,30,31,24,17,-7,-9,11,29,6,40,57,57,27,sil
10.76979112625122,33,14,23,30,0,-17,-25,-6,7,-11,41,59,27,26,sil
10.785490036010742,24,15,20,23,-14,-13,-29,-16,-34,-33,32,46,0,6,sil
10.785490036010742,28,16,27,15,-3,-14,-17,-9,-40,-35,36,37,5,-5,sil
10.80150318145752,16,13,28,2,-6,-16,-7,-2,-24,-18,40,27,7,-5,sil
10.80150318145752,0,25,19,13,-22,0,6,0,-20,-5,25,14,0,-6,sil
10.817055702209473,8,31,19,46,-7,12,20,0,-17,-2,11,8,0,-5,sil
10.817055702209473,4,14,11,43,13,3,12,-1,-11,-8,-1,-8,-5,-7,sil
10.833100080490112,-29,-27,-28,-13,-25,-12,-5,-8,-22,-25,-42,-48,-28,-30,sil
10.833100080490112,-47,-58,-50,-59,-64,-9,-10,-6,-22,-25,-74,-65,-42,-39,sil
10.848459243774414,-19,-29,-31,-35,-22,17,16,15,23,11,-37,-32,-13,-4,sil
10.848459243774414,9,3,-19,-5,18,23,37,26,60,42,0,-1,16,26,sil
10.863828420639038,4,-3,-25,-21,3,0,11,12,46,32,-15,-1,9,18,sil
10.879355192184448,1,-14,-18,-32,6,-6,-18,3,31,15,-18,-2,4,7,sil
10.879355192184448,18,-8,0,-20,24,0,-15,0,24,11,15,10,19,8,sil
10.879355192184448,11,11,-1,-11,13,-2,-2,-6,0,6,16,2,10,-3,sil
10.89475393295288,-19,21,-14,-8,-5,-9,-15,-13,-25,-13,-21,-27,-27,-24,sil
10.89475393295288,-35,-14,-16,-18,-20,-7,-26,-19,-37,-36,-46,-50,-51,-38,sil
10.911150217056274,-31,-36,-18,-21,-16,3,-2,-14,-24,-22,-34,-46,-33,-29,sil
10.911150217056274,-12,2,0,0,4,28,31,7,7,23,-4,-10,1,6,sil
10.926276445388794,12,22,13,14,17,33,28,13,18,35,12,17,18,31,sil
10.926276445388794,15,7,4,7,21,0,0,-3,-2,-1,12,20,12,16,sil
10.942294120788574,5,15,9,7,24,-21,-13,-3,-16,-25,13,26,7,0,sil
10.942294120788574,10,23,30,21,16,-14,-2,3,-14,-13,24,31,8,5,sil
10.956731796264648,11,11,38,33,16,-8,1,-1,-19,-4,30,20,5,7,sil
10.971481800079346,-2,12,24,41,23,10,6,0,-15,0,15,4,-1,6,sil
10.971481800079346,-9,4,3,30,12,30,16,6,4,19,-5,-5,0,11,sil
10.987074136734009,0,-19,-7,6,-5,13,10,7,19,34,-6,-8,11,13,sil
10.987074136734009,6,-24,-10,-1,-5,-9,-1,5,26,29,9,-4,16,12,sil
11.00306272506714,3,-14,-9,-1,0,-7,-6,2,21,13,8,3,8,7,sil
11.00306272506714,-3,-19,-18,-16,-5,-7,-4,0,10,1,-3,3,0,-2,sil
11.019150733947754,-15,-26,-27,-34,-18,-14,-1,6,0,-5,-15,-13,-4,-16,sil
11.019150733947754,-14,-15,-14,-30,-15,-4,0,7,0,-17,-15,-15,-7,-20,sil
11.034661293029783,1,0,-4,-18,-4,1,0,-4,5,-17,2,3,1,-4,sil
11.034661293029783,4,-2,-5,-23,-10,-12,-9,-10,1,-11,10,11,13,0,sil
11.05037522315979,-1,-3,-2,-25,-21,-23,-16,-2,-6,-19,-1,0,4,-17,sil
11.05037522315979,8,10,4,-4,-10,-7,-11,-3,-3,-20,0,1,-6,-18,sil
11.06567931175232,21,26,16,7,4,7,0,-5,4,-6,14,20,2,3,sil
11.06567931175232,22,27,21,9,3,-2,4,0,9,0,11,24,9,10,sil
11.081438779830933,19,21,21,10,0,-16,-9,0,5,-13,3,11,-3,0,sil
11.081438779830933,16,20,17,13,2,-1,-14,-3,-8,-18,1,5,-10,-4,sil
11.096975326538086,14,21,11,22,11,16,0,-1,-10,1,4,12,1,3,sil
11.096975326538086,11,19,16,28,19,12,3,5,-7,14,10,15,7,12,sil
11.11223077774048,2,4,9,19,12,-1,-3,0,-11,2,4,3,-2,10,sil
11.11223077774048,-15,-3,-8,10,-1,-10,0,-14,-15,-1,-8,-12,-15,-1,sil
11.128249645233154,-30,-1,-5,9,-5,-3,10,-10,-14,10,-5,-16,-13,-7,sil
11.128249645233154,-27,-7,-5,4,-9,7,11,0,-18,6,0,-10,-6,0,sil
11.14338731765747,-19,-21,-14,-6,-17,10,4,0,-24,-13,-11,-15,-10,-2,sil
11.14338731765747,-22,-20,-13,-11,-17,7,10,0,-17,-5,-21,-32,-12,-8,sil
11.158987522125244,-20,-17,-10,-14,-13,4,10,-1,-10,8,-24,-33,-12,-7,sil
11.158987522125244,-10,-22,-17,-11,-8,11,1,-1,-6,1,-24,-19,-14,-5,sil
11.175000429153442,-1,-17,-13,0,1,22,4,1,7,9,-6,-11,-3,3,sil
11.175000429153442,0,-3,2,1,6,16,10,7,11,28,6,-4,4,11,sil
11.191357135772703,-2,-1,-1,-5,0,2,5,10,9,17,-5,0,-1,3,sil
11.191357135772703,9,-2,-3,-4,6,8,3,15,27,8,-4,8,12,2,sil
11.207155466079712,32,13,15,7,28,16,1,19,53,32,26,32,45,24,sil
11.207155466079712,25,23,13,14,26,-5,-7,10,45,34,29,30,38,19,sil
11.222393035888672,0,2,-5,2,0,-27,-11,1,14,-5,-6,3,4,-8,sil
11.222393035888672,-3,-11,-13,-3,-4,-8,3,2,13,-16,-12,-5,3,-9,sil
11.238443851470947,4,-2,-10,-8,2,8,9,0,21,-2,8,1,9,1,sil
11.238443851470947,0,-1,-6,-23,-10,-4,-1,-6,1,-16,3,4,-8,-8,sil
11.254089832305908,-3,-9,-8,-20,-19,-16,-3,-8,-12,-32,-3,2,-13,-12,sil
11.254089832305908,-1,0,-4,0,-2,-12,-2,-4,-7,-24,2,4,-5,-3,sil
11.269153594970703,0,6,1,0,6,-12,-2,-2,-10,-14,6,4,-2,0,sil
11.269153594970703,9,0,5,-9,2,-12,0,-8,-10,-11,9,4,-1,4,sil
11.284423112869264,8,0,5,-10,0,-15,-11,-10,-7,-4,11,3,-4,0,sil
11.284423112869264,-1,2,0,-5,-2,-21,-28,-10,-17,-6,-1,-4,-12,-16,sil
11.300505876541138,-3,5,4,0,-4,-12,-29,-11,-25,-14,-11,-7,-10,-13,sil
11.300505876541138,7,12,14,15,4,7,-21,-10,-14,1,3,5,3,13,sil
11.316070079803469,13,16,16,25,10,8,-16,-8,-11,25,17,18,15,22,sil
11.316070079803469,9,15,20,16,4,4,-8,-6,-19,18,17,20,12,12,sil
11.33114767074585,7,13,16,6,0,9,6,0,-11,2,17,5,5,6,sil
11.33114767074585,5,8,9,4,4,7,20,16,0,5,8,-7,0,0,sil
11.3470356464386,-2,3,5,9,8,4,26,25,7,9,-3,-9,-4,-9,sil
11.3470356464386,-15,-1,-3,5,6,7,23,15,3,-1,-5,-13,-10,-15,sil
11.362308502197266,-26,-10,-8,-7,-9,0,16,0,-13,-21,-19,-21,-23,-21,sil
11.362308502197266,-22,-15,-9,-13,-23,-7,12,-3,-23,-29,-37,-21,-29,-21,sil
11.37832260131836,-10,-11,-4,-5,-14,3,11,6,-10,-13,-29,-6,-10,-3,sil
11.37832260131836,-4,-4,-1,4,1,18,13,5,0,0,-15,3,4,12,sil
11.394423961639404,-9,-10,-9,1,1,12,13,-12,-2,-11,-24,-6,-8,1,sil
11.394423961639404,-13,-21,-16,-9,-5,2,6,-15,-10,-19,-28,-17,-17,-15,sil
11.409387826919556,-1,-10,-11,0,1,3,0,0,9,15,2,-1,10,0,sil
11.409387826919556,15,13,8,23,16,10,-7,3,36,45,37,24,37,28,sil
11.424980878829956,16,11,20,28,14,13,-11,-3,28,35,36,22,25,26,sil
11.424980878829956,0,-7,-1,8,0,7,-5,-2,10,21,10,-2,4,3,sil
11.44149923324585,-5,-11,-17,-12,-5,0,-3,10,15,19,0,-8,8,-3,sil
11.44149923324585,0,-3,-14,-12,-4,0,0,18,27,17,13,2,22,3,sil
11.45706033706665,0,-2,-10,-1,0,2,7,13,29,14,14,-1,12,3,sil
11.45706033706665,0,-2,-7,-1,5,6,11,12,37,22,0,-8,0,1,sil
11.47216820716858,1,-3,-12,-13,-3,-1,0,6,31,20,-6,-7,-2,-2,sil
11.47216820716858,-2,-8,-16,-28,-20,-18,-19,-10,-4,-19,-13,-11,-16,-15,sil
11.487656354904177,2,-1,-8,-21,-12,-22,-19,-17,-25,-48,-20,-7,-24,-15,sil
11.487656354904177,22,5,1,-10,-6,-25,-8,-12,-20,-34,-13,12,-10,0,sil
11.503378868103027,16,-5,3,-20,-20,-33,-12,-8,-22,-33,-9,12,-8,6,sil
11.503378868103027,7,-3,8,-21,-14,-23,-12,-3,-17,-38,0,7,-9,9,sil
11.518511295318604,29,28,31,5,14,-7,-6,0,-3,-8,30,39,18,19,sil
11.518511295318604,36,40,35,30,26,-4,-18,-5,-8,16,47,51,32,16,sil
11.534215927124023,8,22,20,30,19,0,-29,-9,-15,2,28,19,10,8,sil
11.534215927124023,-7,16,13,17,13,6,-16,0,-6,-10,11,-1,0,1,sil
11.550260305404665,-15,11,0,2,3,2,0,3,-10,-5,3,-10,0,-16,sil
11.550260305404665,-30,0,-6,-1,0,1,4,-1,-29,-15,-8,-23,-14,-32,sil
11.565465927124023,-29,2,4,14,14,17,18,0,-17,-17,-12,-18,-15,-22,sil
11.565465927124023,-15,9,11,27,24,32,37,7,8,14,-4,1,1,-6,sil
11.581642389297484,-14,-3,8,16,9,27,36,7,2,30,-7,-7,0,-4,sil
11.581642389297484,-21,-23,-7,0,-6,8,21,-6,-18,0,-27,-38,-22,-17,sil
11.597331047058104,-19,-29,-20,-7,-10,1,11,-13,-22,-18,-38,-42,-29,-22,sil
11.597331047058104,-8,-20,-12,-5,-9,14,15,0,-9,17,-21,-21,-12,-2,sil
11.612993240356444,-3,-18,-8,-11,-10,17,19,9,0,34,-10,-15,-1,14,sil
11.612993240356444,0,-22,-9,-12,-8,5,7,4,4,8,-12,-12,-6,7,sil
11.6290602684021,14,-8,0,8,-4,-1,0,4,12,16,1,8,5,12,sil
11.6290602684021,28,12,13,18,-2,0,-4,16,28,47,24,31,33,42,sil
11.64517307281494,30,7,8,2,-1,2,-6,20,39,44,29,34,35,51,sil
11.64517307281494,22,-3,-7,-3,0,-8,-11,8,26,20,13,14,18,21,sil
11.66122555732727,-2,-6,-19,-10,-5,-24,-24,-1,-6,-3,-11,-7,5,-12,sil
11.66122555732727,-19,-11,-32,-30,-12,-21,-20,-4,-24,-25,-23,-12,-3,-20,sil
11.677265882492064,-6,-6,-22,-31,-9,-6,0,0,-7,-26,-1,1,2,-5,sil
11.677265882492064,5,9,0,-10,-4,-5,10,2,9,-11,17,12,17,0,sil
11.692118406295776,0,13,7,5,0,-8,6,-7,1,-16,3,9,4,-12,sil
11.692118406295776,0,4,11,4,1,-6,2,-16,-10,-34,-5,12,-12,-13,sil
11.70722508430481,1,-7,0,-21,-8,-14,-7,-11,0,-36,4,10,-9,-6,sil
11.70722508430481,-12,-12,-15,-40,-14,-19,-20,-6,26,-35,-1,-6,-14,-12,sil
11.722973823547363,-7,2,1,-7,5,-5,-17,-3,48,-26,-12,-6,-20,-14,sil
11.722973823547363,13,17,20,28,16,1,-9,-7,45,-4,8,13,-5,-4,sil
11.738059759140016,19,25,28,24,7,-1,-15,-16,48,-3,25,19,3,0,sil
11.738059759140016,19,33,27,23,9,2,-20,-13,68,-8,22,11,5,4,sil
11.753352880477903,14,22,18,24,13,7,-25,2,16,7,15,8,4,14,sil
11.769452810287476,0,7,11,20,13,11,-22,11,-86,20,9,2,0,12,sil
11.769452810287476,2,17,15,36,24,17,9,14,-101,25,16,0,11,13,sil
11.769452810287476,2,10,9,28,22,17,35,18,-52,32,15,-4,15,10,sil
11.78464651107788,-23,-19,-24,-13,-1,12,34,18,-37,31,-9,-24,-4,-7,sil
11.801072359085085,-27,-27,-33,-20,-12,9,28,12,-31,15,-22,-30,-11,-16,sil
11.801072359085085,-16,-13,-9,-1,-4,6,20,0,-22,2,-14,-21,-9,-9,sil
11.816308498382568,-21,-7,-8,-3,-5,4,10,-7,-19,0,-15,-19,-17,-6,sil
11.816308498382568,-11,-4,-9,-12,-15,2,9,-8,-5,-5,-24,-15,-17,-7,sil
11.816308498382568,0,-9,-5,-17,-17,-1,9,-8,0,-13,-29,-16,-18,-11,sil
11.832066535949709,-8,-20,-7,-20,-8,-4,3,-6,-4,-4,-18,-14,-15,-5,sil
11.832066535949709,10,-10,6,-8,0,-3,3,0,11,16,7,10,10,16,sil
11.847228527069092,37,5,20,11,2,-2,5,-5,28,19,16,24,25,27,sil
11.862020254135132,23,6,12,13,0,-4,-12,-10,13,-2,2,11,13,16,sil
11.862020254135132,5,3,-2,5,6,-6,-26,0,6,-7,-1,5,11,8,sil
11.878134965896606,4,4,-8,0,7,-2,-13,3,21,10,1,10,14,4,sil
11.878134965896606,-7,-7,-13,-9,-1,0,2,1,29,8,-1,6,3,-6,sil
11.893717765808104,-27,-31,-28,-28,-11,-7,0,4,25,-9,-12,-10,-6,-18,sil
11.893717765808104,-32,-33,-27,-31,-9,-12,-9,8,18,-13,-14,-22,-5,-20,sil
11.90953016281128,-16,-7,-6,-14,0,0,0,6,20,0,1,-9,4,-12,sil
11.90953016281128,0,7,0,-4,2,4,10,3,26,3,14,6,11,-1,sil
11.925020456314089,-1,2,-2,-13,-2,-4,0,1,13,-10,0,7,3,0,sil
11.925020456314089,4,4,0,-6,-9,1,-1,1,-2,-21,-11,0,-2,0,sil
11.94041633605957,27,17,10,12,-5,8,3,3,0,-22,2,10,0,9,please
11.94041633605957,38,26,31,25,0,1,7,5,0,-13,25,31,7,24,please
11.955994129180908,34,33,38,34,3,3,5,4,-13,0,27,32,3,24,please
11.955994129180908,27,31,35,36,6,3,-3,0,-17,0,19,24,0,13,please
11.971513509750366,19,20,24,28,8,-18,-23,-6,-9,0,34,29,14,7,please
11.971513509750366,8,14,18,25,6,-24,-37,-14,-20,0,44,30,14,0,please
11.987424373626707,0,9,11,25,11,-4,-24,-15,-36,-3,17,8,-9,-17,please
11.987424373626707,-15,-1,-6,8,12,2,0,-15,-29,-8,-6,-14,-26,-27,please
12.003303050994871,-34,-13,-16,-8,0,3,6,-13,-18,-10,-9,-17,-31,-22,please
12.003303050994871,-35,-18,-15,-4,-9,15,9,-1,-16,1,-19,-20,-21,-11,please
12.01868748664856,-23,-18,-16,-2,-8,17,19,6,-9,10,-37,-31,-9,-6,please
12.01868748664856,-17,-19,-21,-12,-12,9,22,8,8,11,-45,-37,-9,0,please
12.03415036201477,-5,-17,-20,-18,-10,5,16,12,27,23,-24,-22,6,15,please
12.03415036201477,11,-9,-9,-27,0,0,4,14,28,23,2,2,30,25,please
12.055189609527588,18,-5,-16,-41,-3,-14,-9,1,16,3,0,3,17,14,please
12.055189609527588,11,-5,-20,-37,-7,-17,-21,-8,0,-8,-18,-11,-7,-1,please
12.055189609527588,8,9,-3,-14,9,-2,-11,-5,-3,-2,-5,-12,-5,-10,please
12.065690279006958,11,24,2,3,27,11,5,-1,0,8,4,-10,0,-12,please
12.081426858901978,-1,18,-2,7,28,17,4,-1,-2,12,-12,-23,-9,-12,please
12.081426858901978,-21,2,-7,5,22,18,5,0,-4,13,-21,-35,-12,-11,please
12.096355676651,-28,-14,-10,-8,15,16,14,6,7,20,-6,-31,-1,-6,please
12.096355676651,-28,-32,-14,-28,1,8,13,17,23,24,0,-22,2,-1,please
12.112272024154665,-29,-35,-17,-20,-15,-1,13,14,27,13,-2,-18,2,-3,please
12.112272024154665,-20,-23,-3,-3,-23,-6,14,1,15,-3,-2,3,0,-4,please
12.127657890319824,-4,-8,16,5,-26,-2,11,1,2,-8,11,38,3,8,please
12.127657890319824,12,5,30,25,-23,-9,7,2,0,-12,28,56,19,26,please
12.14305067062378,27,8,31,29,-17,-25,0,-5,-6,-40,26,47,16,19,please
12.14305067062378,29,4,13,14,-22,-29,-11,-15,-20,-61,10,33,-4,0,please
12.158231258392334,30,15,15,18,-19,-22,-25,-18,-33,-45,6,38,-5,-4,please
12.158231258392334,36,29,31,31,1,-7,-29,-12,-28,-19,16,43,8,4,please
12.174339294433594,37,32,26,32,18,7,-17,-1,-13,-9,27,35,9,5,please
12.174339294433594,30,35,23,39,26,14,-8,2,-7,4,38,30,9,4,please
12.189560174942017,18,27,17,37,23,4,-15,0,-5,21,34,17,9,3,please
12.189560174942017,1,12,4,9,8,-9,-28,-3,-9,6,4,-9,-4,-7,please
12.205174684524536,-11,11,-1,2,8,2,-18,0,-8,-3,-20,-32,-14,-16,please
12.205174684524536,-21,6,-8,7,22,27,5,9,9,17,-22,-39,-11,-8,please
12.220275402069092,-31,-14,-21,-11,16,29,22,14,21,33,-20,-37,-10,0,please
12.220275402069092,-33,-27,-28,-27,-5,11,29,3,13,26,-23,-36,-7,-2,please
12.236361742019652,-29,-30,-29,-31,-16,2,24,-4,8,16,-28,-36,-5,-6,please
12.236361742019652,-26,-34,-37,-38,-10,3,25,4,23,18,-32,-31,-2,-2,please
12.25154733657837,-17,-30,-35,-39,-2,0,34,14,38,22,-23,-14,7,12,please
12.25154733657837,5,-19,-7,-34,-5,-8,23,11,36,16,-2,10,16,30,please
12.26717495918274,25,-12,3,-24,-14,-12,-3,0,17,9,9,19,12,29,please
12.26717495918274,21,-11,-7,-25,-14,-13,-21,-11,-7,0,7,8,5,10,please
12.282346487045288,12,-4,-3,-28,-3,-18,-26,-4,-4,-11,11,10,8,2,please
12.282346487045288,18,14,11,-2,1,-19,-23,0,0,-16,21,18,10,3,please
12.297688007354736,18,28,17,20,2,-20,-23,-14,-28,-28,16,6,-3,-16,please
12.297688007354736,2,25,5,8,6,-16,-16,-17,-48,-37,0,-9,-15,-33,please
12.313390493392944,-17,15,-3,5,7,4,0,-2,-29,-25,-5,-9,-19,-28,please
12.313390493392944,-25,10,-2,23,-1,19,7,6,-11,-4,-3,-11,-22,-30,please
12.328427076339722,-19,13,2,28,1,15,4,1,-12,1,0,-12,-17,-30,please
12.34404444694519,-11,18,10,25,17,15,0,-4,-26,-14,0,-2,-11,-14,please
12.34404444694519,-6,5,11,25,9,17,3,-10,-30,-17,-3,-2,-12,0,please
12.34404444694519,-5,-9,7,14,-6,10,9,-7,-8,2,-14,-6,-5,3,please
12.359082460403442,-7,-5,4,7,0,8,12,1,11,14,-26,-4,0,6,please
12.374334573745728,-7,-8,-3,1,0,5,9,6,12,11,-35,-14,-8,6,please
12.374334573745728,-6,-21,-2,-8,-15,1,1,15,12,6,-25,-19,-6,8,please
12.390416860580444,3,-11,3,-5,-12,6,1,21,32,10,11,6,17,19,please
12.390416860580444,23,3,8,6,10,6,1,14,45,23,34,35,32,28,please
12.390416860580444,26,0,12,8,15,-1,3,6,28,22,21,32,26,27,please
12.406052827835085,12,-3,0,0,3,-3,9,0,11,5,8,13,17,14,sil
12.421086072921751,11,-13,-8,-20,0,-10,3,-3,16,0,18,21,16,7,sil
12.421086072921751,16,-18,-3,-26,0,-23,-4,0,25,9,23,33,24,9,sil
12.43720006942749,9,0,0,-12,-10,-22,-8,4,12,2,19,18,24,1,sil
12.43720006942749,-3,11,-4,-11,-15,-13,-8,2,-6,-5,14,0,3,-13,sil
12.453206777572632,-8,1,-7,-12,-5,-7,-1,-5,-10,-3,9,-2,-9,-13,sil
12.453206777572632,0,10,11,6,6,0,-2,-11,-12,-13,10,0,-10,-7,sil
12.468990802764893,8,24,25,18,5,4,-17,-12,-28,-23,3,-7,-16,-7,sil
12.468990802764893,0,7,6,14,-1,1,-18,-16,-44,-16,-20,-22,-30,-7,sil
12.48404598236084,-14,-9,-9,9,0,4,-2,-14,-43,-11,-32,-23,-28,-4,sil
12.48404598236084,-10,-11,-14,0,0,8,5,-3,-13,0,-14,-16,-7,4,sil
12.499268293380736,4,-5,-6,-5,-3,0,4,4,14,21,0,-5,6,18,sil
12.499268293380736,16,4,3,4,-4,-1,4,4,20,30,3,5,11,21,sil
12.515300035476685,8,9,-5,0,-2,-4,-1,-1,9,1,8,8,14,0,sil
12.515300035476685,-8,8,-15,-17,2,-14,-16,-9,-7,-29,8,-1,0,-26,sil
12.531405210494995,-17,7,-7,-5,10,1,-5,-2,-15,-20,-7,-17,-17,-33,sil
12.531405210494995,-18,0,0,12,12,35,25,13,-6,2,-25,-23,-20,-20,sil
12.547284364700316,-19,-10,-4,9,11,32,35,16,11,9,-19,-15,-15,-5,sil
12.547284364700316,-15,-15,-9,0,0,0,9,10,18,14,-15,-9,-6,2,sil
12.562355041503906,-5,-15,-4,-5,-9,-7,-10,10,13,13,-22,0,8,8,sil
12.562355041503906,8,-4,0,-6,0,2,-2,6,12,0,-1,15,20,13,sil
12.577815294265749,16,15,9,-1,11,0,-2,-2,7,-11,22,27,15,14,sil
12.577815294265749,14,20,12,0,2,-11,-17,-6,-9,-19,5,20,1,4,sil
12.592988014221191,8,13,4,4,-1,-14,-17,-10,-25,-22,-3,3,-2,-9,sil
12.592988014221191,5,12,16,20,3,0,1,-7,-19,-1,13,-4,2,-6,sil
12.608215808868408,0,4,13,18,2,19,23,5,3,30,13,-8,6,6,sil
12.608215808868408,-15,-20,-15,-5,-7,15,25,2,10,27,-8,-15,-8,-4,sil
12.623393297195436,-22,-33,-18,-19,-11,0,14,0,8,2,-16,-21,-20,-15,sil
12.623393297195436,-3,-22,-1,-16,-7,-2,10,10,24,3,3,-5,0,4,sil
12.63945174217224,7,-12,-2,-21,-7,-9,-10,6,25,3,22,15,18,11,sil
12.63945174217224,0,-16,-13,-30,-16,-31,-36,-8,1,-12,9,10,5,-9,sil
12.655029296875,1,-3,-5,-16,-11,-32,-31,-9,-8,-15,0,1,-2,-11,sil
12.655029296875,13,24,13,15,6,-13,-10,-7,-1,-10,22,18,4,7,sil
12.670180082321169,14,23,15,24,7,-5,-5,-11,-10,-15,19,17,0,11,sil
12.670180082321169,1,6,12,4,-2,-1,-7,-5,-28,-19,-15,-5,-16,5,sil
12.685921430587769,2,17,17,14,1,12,2,2,-16,-10,-16,-5,-12,9,sil
12.685921430587769,17,31,27,43,20,23,15,11,13,12,8,11,7,18,sil
12.701109647750854,15,20,25,34,22,21,17,20,21,36,13,16,16,20,sil
12.701109647750854,0,5,0,4,2,16,12,7,10,34,0,5,11,12,sil
12.716541528701782,-4,-7,-14,-1,-8,15,8,-10,0,15,-6,0,3,2,sil
12.716541528701782,-6,-18,-13,0,-4,7,7,-8,0,16,-1,-5,2,-3,sil
12.732264280319214,-13,-21,-19,-15,0,-7,0,0,0,13,-5,-15,3,-7,sil
12.732264280319214,-8,-21,-21,-36,-5,-13,-10,0,-3,-10,-15,-9,0,-7,sil
12.747708559036257,0,-19,-16,-33,-7,-7,-3,0,0,-18,-7,0,0,-9,sil
12.747708559036257,-1,-8,-12,-18,-2,-6,1,0,-2,-11,-2,0,1,-15,sil
12.76378846168518,-5,0,-15,-12,0,-11,-5,-1,-20,-27,-10,-8,-1,-20,sil
12.76378846168518,-7,1,-11,-12,-2,-15,-16,0,-25,-40,-6,-9,-8,-17,sil
12.779543161392212,-2,5,9,-4,-2,-9,-8,1,-10,-22,3,-2,-9,-11,sil
12.779543161392212,3,11,17,12,5,9,14,1,0,-11,-4,-4,-12,-9,sil
12.795238018035889,-5,8,5,22,9,14,12,-2,-10,-17,-16,-19,-23,-11,sil
12.795238018035889,-20,0,-4,21,6,11,-1,-5,-13,3,-8,-24,-23,-4,sil
12.811342477798462,-8,-1,3,25,7,18,12,0,9,34,3,-4,-5,12,sil
12.811342477798462,10,0,8,23,4,18,24,4,27,33,3,9,8,22,sil
12.826783180236816,3,-10,-12,0,-7,0,2,4,30,26,3,2,11,15,sil
12.826783180236816,-6,-13,-16,-25,-9,-10,-17,4,31,27,13,5,12,8,sil
12.842105865478516,9,6,4,-17,4,-7,-5,8,28,17,19,21,18,11,sil
12.842105865478516,22,15,7,-4,5,-13,0,7,11,-1,21,21,17,13,sil
12.857683658599854,10,4,4,-4,-8,-19,-16,-3,-10,-17,20,15,8,0,sil
12.857683658599854,9,15,14,4,-9,-16,-19,-13,-16,-15,19,15,7,-10,sil
12.87335753440857,19,35,24,17,4,-3,-4,-6,-12,-9,12,16,7,-2,sil
12.87335753440857,8,24,19,10,10,12,5,0,-16,-17,-2,1,-6,0,sil
12.889053583145142,-8,3,9,8,0,16,7,-5,-23,-13,-13,-14,-16,-8,sil
12.889053583145142,-11,-5,12,14,-9,7,2,-4,-24,1,-15,-10,-14,-5,sil
12.904249668121338,-12,-24,-1,1,-5,6,0,5,-13,-2,-21,-11,-17,0,sil
12.904249668121338,-17,-36,-18,-18,-1,11,5,4,0,-1,-17,-14,-13,0,sil
12.919485569000244,-4,-14,-2,-8,0,6,11,5,19,35,1,3,14,16,sil
12.919485569000244,11,-2,4,2,-2,-11,2,8,35,45,6,17,33,32,sil
12.935539960861206,0,-19,-13,-22,-13,-25,-16,2,18,0,-10,4,12,8,sil
12.935539960861206,-10,-19,-26,-32,-10,-15,-13,-3,0,-32,-14,-7,-2,-17,sil
12.950544834136965,0,1,-19,-14,8,0,1,0,-2,-21,-3,-2,0,-14,sil
12.966347455978394,6,10,-8,-9,10,0,0,2,-6,-17,0,4,0,-8,sil
12.966347455978394,5,10,2,-6,0,-7,-9,-4,-12,-26,4,-2,-5,-9,sil
12.966347455978394,5,12,9,5,3,-2,-5,-9,-15,-18,5,-14,-12,-10,sil
12.98198175430298,-12,5,-2,8,9,8,1,-9,-21,-3,-8,-22,-22,-19,sil
12.99705982208252,-31,-3,-6,4,2,17,0,-9,-26,-5,-22,-27,-30,-26,sil
12.99705982208252,-11,1,7,16,4,26,11,0,-7,3,-14,-15,-20,-9,sil
13.013227939605711,17,5,4,27,14,25,27,8,20,35,1,-1,0,12,sil
13.013227939605711,9,-4,-6,8,7,11,13,4,18,39,1,-1,13,16,sil
13.029620170593262,0,-7,-5,-3,-4,2,3,6,15,18,6,1,17,17,sil
13.029620170593262,14,6,5,10,0,1,15,15,44,22,25,26,21,32,sil
13.044152975082396,21,7,5,8,3,-4,11,11,52,27,27,36,22,34,sil
13.044152975082396,11,-4,-5,-9,-7,-15,0,2,21,3,15,20,20,14,sil
13.060667276382446,4,3,2,-9,-4,-23,0,-3,-4,-17,15,17,16,1,sil
13.060667276382446,6,18,13,2,0,-24,-9,-6,-6,-12,18,20,8,-4,sil
13.07611346244812,-2,5,0,-3,-13,-19,-29,-8,-14,-12,6,7,-2,-16,sil
13.07611346244812,-20,-8,-6,-16,-17,-13,-31,-12,-38,-29,-9,-11,-17,-26,sil
13.091486692428589,-19,0,0,-2,-2,-6,-12,-16,-46,-35,-15,-19,-23,-26,sil
13.091486692428589,-4,5,7,20,4,7,-3,-8,-30,-17,-11,-15,-13,-13,sil
13.107400178909302,-1,0,12,23,-1,17,-9,-1,-16,-1,-5,-8,-6,-4,sil
13.107400178909302,-8,-6,7,12,-4,14,-5,-4,-13,-1,-7,-5,-14,-2,sil
13.122858047485352,0,0,8,13,0,14,16,5,2,11,-5,6,-3,13,sil
13.122858047485352,14,4,12,18,4,10,22,16,24,33,5,21,27,30,sil
13.138403415679932,16,0,6,0,0,-14,-8,5,9,13,12,27,31,18,sil
13.138403415679932,19,0,4,-12,-5,-27,-21,-1,-1,-12,18,26,16,7,sil
13.153812408447266,23,7,14,1,2,-6,0,4,10,-3,20,17,10,9,sil
13.153812408447266,4,7,16,0,10,14,10,3,0,-1,-2,-2,-7,-9,sil
13.169456720352173,-24,-9,-15,-18,2,19,10,-1,-19,-17,-32,-37,-36,-30,sil
13.169456720352173,-38,-26,-40,-27,0,19,19,-1,-7,-13,-42,-63,-43,-21,sil
13.184991836547852,-33,-27,-36,-29,4,19,19,2,12,2,-39,-55,-30,-11,sil
13.184991836547852,-15,-16,-27,-29,1,6,6,12,24,16,-27,-26,-2,-3,sil
13.201213359832764,3,-6,-15,-29,1,-7,0,15,30,24,-1,0,25,11,sil
13.201213359832764,14,1,-14,-25,9,-7,0,2,27,14,12,10,30,12,sil
13.216596364974976,12,11,-17,-23,5,-12,-11,-9,12,-3,8,6,12,-8,sil
13.216596364974976,8,16,-5,-16,1,-15,-13,-8,0,-7,10,0,-4,-24,sil
13.231843948364258,4,15,11,3,17,3,4,-4,-5,0,13,0,-9,-11,sil
13.231843948364258,-3,17,22,27,22,15,7,-5,-11,5,5,-1,-8,0,sil
13.247374773025513,-8,12,13,39,0,-1,-7,-9,-17,4,-2,-6,-14,-7,sil
13.247374773025513,-11,-7,2,25,-22,-6,-11,-8,-18,-7,-5,0,-17,-10,sil
13.26342272758484,-7,-10,15,18,-16,9,0,2,-3,-2,3,15,-1,15,sil
13.26342272758484,9,7,31,37,-5,7,6,6,10,21,17,27,20,41,sil
13.27940273284912,14,6,21,34,-12,-7,0,-2,2,13,8,24,18,44,sil
13.27940273284912,6,-10,1,10,-18,-10,0,-1,-5,-9,0,18,10,42,sil
13.29448699951172,15,-11,3,4,-10,-11,3,6,5,-3,20,27,19,35,sil
13.29448699951172,16,-5,2,0,-7,-12,0,2,3,-4,25,29,19,1,sil
13.310015678405762,-3,-9,-17,-13,-9,-3,0,0,-7,-26,0,9,4,-24,sil
13.310015678405762,5,0,-6,-11,0,-4,0,12,0,-23,2,12,8,-16,sil
13.32607650756836,27,21,12,0,5,-18,-6,13,6,4,26,24,19,-7,sil
13.32607650756836,7,18,6,2,3,-16,-17,-8,-16,1,13,4,0,-20,sil
13.341259717941284,-12,4,3,3,8,0,-22,-16,-31,-20,-8,-13,-19,-25,sil
13.341259717941284,-2,7,3,8,14,0,-16,-8,-18,-15,2,-13,-8,-17,sil
13.357197046279907,6,15,3,1,9,-1,-11,-8,-10,-1,5,-17,-7,-17,sil
13.357197046279907,0,10,5,-1,6,11,-1,-10,-10,0,-12,-23,-21,-14,sil
13.373429775238035,-9,0,2,7,13,31,20,0,2,10,-9,-22,-17,0,sil
13.373429775238035,-17,-7,-9,3,18,41,36,13,19,33,-4,-23,-2,7,sil
13.389456272125244,-26,-21,-31,-19,3,27,30,12,17,32,-29,-30,-7,0,sil
13.389456272125244,-31,-35,-38,-35,-7,4,8,5,8,5,-52,-36,-25,-8,sil
13.405052900314333,-24,-32,-22,-24,-3,2,5,8,16,2,-41,-33,-21,-2,sil
13.405052900314333,-14,-16,-12,-18,-6,0,12,6,27,21,-17,-16,0,9,sil
13.42020320892334,-8,-6,-13,-28,-15,-16,-2,-2,20,14,-3,6,11,7,sil
13.42020320892334,12,4,0,-15,-7,-17,-14,-5,12,-5,8,19,21,3,sil
13.436295747756958,31,20,23,8,3,-7,-10,0,13,-9,23,21,23,11,sil
13.436295747756958,21,13,18,3,-2,-13,-16,-2,0,-7,21,18,12,9,sil
13.452163219451904,9,-1,-1,-8,-11,-18,-21,-11,-17,-10,8,15,10,-2,sil
13.452163219451904,14,6,9,-2,-4,-9,-8,-8,-24,-21,8,24,10,0,sil
13.467129707336426,9,11,17,4,-2,-1,-3,0,-26,-28,9,22,-4,0,sil
13.467129707336426,-1,0,8,2,-5,0,-8,0,-31,-28,2,6,-15,-13,sil
13.48236870765686,0,8,8,12,3,2,0,-1,-23,-24,0,-2,-12,-11,sil
13.48236870765686,0,19,10,26,18,5,10,0,-6,-14,0,-4,-6,1,sil
13.498462200164797,-3,15,11,26,18,10,11,3,5,1,4,0,0,2,sil
13.498462200164797,1,14,15,33,10,12,14,8,14,24,18,6,5,5,sil
13.514283895492554,1,8,14,40,7,12,28,10,17,40,12,4,5,15,sil
13.514283895492554,-3,-7,-2,22,6,19,31,7,17,40,-3,-1,8,18,sil
13.530370235443115,2,-16,-15,0,3,11,7,4,16,19,0,1,11,13,sil
13.530370235443115,5,-11,-6,-6,-3,-12,-16,0,6,-1,0,-2,-2,3,sil
13.545524597167969,0,-9,-8,-11,-10,-17,-10,-5,2,2,-13,-11,-8,0,sil
13.545524597167969,-5,-16,-17,-22,-12,-6,-8,-4,9,12,-11,-3,4,1,sil
13.561131715774536,-2,-20,-12,-21,-13,-8,-19,0,2,0,-1,0,5,-4,sil
13.561131715774536,0,-11,-11,-14,-13,-17,-15,-1,-9,-9,-3,-4,-3,-13,sil
13.576598405838013,0,-4,-11,-21,-13,-15,-9,-2,-8,-2,-2,1,2,-6,sil
13.576598405838013,1,-6,-13,-26,-12,-11,-9,-1,-4,-2,0,2,8,0,sil
13.592113971710203,0,-2,-13,-21,-11,-13,-10,-1,-10,-20,1,-4,0,-4,sil
13.592113971710203,0,6,0,-11,-6,-7,-13,-2,-13,-24,12,5,-1,-10,sil
13.607290983200071,0,12,4,1,0,2,-11,-6,-6,-7,19,7,-6,-8,sil
13.607290983200071,-5,12,2,2,2,0,-8,-6,-6,-7,5,-7,-19,-7,sil
13.62325358390808,-8,15,6,0,9,0,-5,-4,-12,-14,-2,-8,-8,-11,sil
13.62325358390808,-2,18,12,11,20,14,1,-3,-21,-7,-1,1,2,-12,sil
13.638344049453735,0,16,19,21,22,25,12,-1,-21,-3,-3,0,-9,-5,sil
13.638344049453735,0,14,18,26,19,23,20,0,3,-1,-7,-7,-9,1,sil
13.654467582702637,0,15,13,29,24,19,24,5,21,0,-11,-9,-2,3,sil
13.654467582702637,-1,6,7,24,21,19,26,8,11,12,-8,-8,-1,8,sil
13.670018196105955,-2,-7,6,18,8,19,28,4,12,32,1,-7,8,10,sil
13.670018196105955,-8,-18,-1,7,0,14,28,3,28,25,-14,-12,1,2,sil
13.685691118240356,-14,-25,-18,-11,-9,1,21,8,25,4,-40,-19,-14,3,sil
13.685691118240356,-2,-25,-14,-26,-18,-13,5,9,17,12,-16,-2,5,14,sil
13.701452255249023,11,-22,-3,-23,-21,-18,-2,9,24,26,21,18,31,20,sil
13.701452255249023,8,-21,-10,-16,-26,-14,-6,6,21,8,15,17,20,17,sil
13.716351985931396,6,-17,-11,-20,-27,-12,-14,1,0,-11,-5,14,3,6,sil
13.716351985931396,10,-10,-15,-26,-18,-22,-25,-5,-14,-19,-1,17,3,-6,sil
13.732285022735596,5,-4,-14,-28,-9,-31,-38,-11,-21,-26,16,13,3,-12,sil
13.732285022735596,13,11,9,-6,1,-20,-32,-7,-14,-13,30,18,13,-2,sil
13.747585773468018,31,34,29,23,19,0,-9,-5,-5,0,33,27,23,6,sil
13.747585773468018,18,37,20,20,17,5,-8,-14,-21,-14,17,13,5,-4,sil
13.763007164001465,-11,20,0,0,1,-2,-22,-16,-40,-30,-5,-14,-23,-25,sil
13.77808713912964,-9,16,2,4,13,-4,-19,-3,-31,-19,-6,-16,-29,-19,sil
13.77808713912964,12,28,25,26,32,16,6,5,-5,6,13,5,-4,7,sil
13.77808713912964,6,21,25,36,17,30,23,6,8,28,20,9,14,15,sil
13.793350219726562,-21,0,1,20,-2,11,13,5,0,21,1,-8,-1,0,sil
13.809123039245604,-30,-6,-13,5,-5,-4,4,0,-9,2,-17,-29,-23,-8,sil
13.809123039245604,-17,-2,-5,10,-4,3,9,0,-4,2,-18,-19,-15,-1,sil
13.824326515197754,-8,-9,0,10,-2,16,18,4,2,5,-15,0,-5,5,sil
13.824326515197754,-10,-20,-16,-6,0,10,20,8,14,4,-22,-6,-13,6,sil
13.839834213256836,-9,-21,-23,-21,-6,0,5,7,21,5,-28,-21,-16,-1,sil
13.839834213256836,1,-17,-14,-12,-6,0,-5,4,21,9,-15,-11,-4,-1,sil
13.855475902557371,9,-18,-3,-5,-2,0,0,0,22,8,1,1,4,10,sil
13.855475902557371,0,-18,-4,-13,-6,-1,4,-6,17,5,0,-6,0,2,sil
13.871212244033812,-21,-21,-27,-23,-10,-2,2,-10,0,-9,-18,-25,-6,-25,sil
13.871212244033812,-24,-25,-29,-32,-6,-6,-1,-6,-14,-27,-27,-22,-10,-31,sil
13.88645052909851,-8,-13,-10,-27,-5,-12,0,2,-5,-15,-7,-3,0,-12,sil
13.88645052909851,3,0,1,-14,-5,-8,3,9,2,5,12,6,14,2,sil
13.902110815048218,4,4,1,-2,-1,-6,6,10,6,4,15,14,22,8,sil
13.902110815048218,8,8,3,2,-2,-10,3,3,9,0,15,18,25,12,sil
13.918096780776978,18,12,13,2,-7,-8,-5,-3,4,0,17,26,22,18,sil
13.918096780776978,26,12,20,0,-3,-5,-7,-1,1,1,21,38,18,24,sil
13.93323540687561,29,16,20,3,8,-2,-4,4,0,-4,27,34,15,19,sil
13.93323540687561,26,26,24,13,15,4,-5,2,-5,-16,20,17,5,4,sil
13.949326753616331,23,32,28,28,17,5,-4,-2,-1,-1,17,13,3,4,sil
13.949326753616331,29,39,37,43,22,2,-12,-2,8,32,35,28,19,20,sil
13.964505195617676,31,37,36,45,25,8,-23,-2,7,28,35,26,23,16,sil
13.964505195617676,4,15,12,22,10,2,-14,-12,-3,-4,4,1,-1,-12,sil
13.980021715164185,-29,-9,-7,-3,-12,-2,2,-15,-16,-15,-17,-18,-25,-28,sil
13.980021715164185,-36,-19,-21,-8,-15,8,11,-7,-25,-5,-21,-25,-28,-24,sil
13.996134042739868,-33,-15,-22,-10,-5,12,6,-3,-29,-18,-23,-30,-33,-27,sil
13.996134042739868,-35,-6,-18,-8,0,0,0,-5,-26,-37,-33,-36,-42,-35,sil
14.011694431304932,-22,-3,-9,7,1,-1,5,0,-12,-14,-32,-29,-32,-17,sil
14.011694431304932,1,-8,7,14,4,11,16,9,2,24,-13,-16,-7,12,sil
14.02731227874756,3,-16,0,6,-1,15,19,10,5,14,-21,-20,-6,17,sil
14.02731227874756,-9,-23,-18,-3,-7,3,14,10,1,-10,-52,-26,-24,5,sil
14.042693614959717,-12,-30,-23,-22,-13,-2,12,13,12,11,-28,-13,-2,10,sil
14.042693614959717,-10,-33,-29,-40,-20,-4,6,8,17,29,11,-5,27,22,sil
14.064991474151611,-12,-26,-32,-43,-19,-7,-10,0,1,6,-7,-6,9,12,sil
14.064991474151611,0,-5,-16,-22,-4,-5,-19,1,3,6,-17,0,2,5,sil
14.064991474151611,21,7,5,-5,3,-2,-16,3,24,19,31,23,36,14,sil
14.07407522201538,27,-1,14,-5,0,-7,-13,2,25,6,56,39,43,16,sil
14.089153289794922,13,-5,4,-4,0,-12,-13,0,8,-4,31,30,20,4,sil
14.089153289794922,0,16,-2,-1,8,-6,-11,-4,-4,-3,16,19,7,-11,sil
14.104606866836548,-1,26,-2,3,13,3,-3,-8,-7,-12,23,13,0,-23,sil
14.104606866836548,-2,14,4,2,6,-1,0,-8,-8,-13,21,6,-4,-28,sil
14.120215654373167,-3,13,15,1,3,-14,4,-3,-13,-2,11,0,-5,-26,please
14.120215654373167,-2,21,19,15,9,-2,10,0,-12,-8,9,1,-11,-19,please
14.135359287261965,0,26,22,22,10,16,12,0,-9,-25,-2,0,-22,-11,please
14.135359287261965,8,19,12,11,6,6,13,1,-2,-16,-18,-5,-13,0,please
14.151612043380736,15,0,5,5,0,-6,10,0,7,9,-10,-4,4,18,please
14.151612043380736,16,-6,14,18,-4,1,-1,-7,22,17,0,-1,8,26,please
14.167102813720703,16,5,17,28,-2,3,-11,-9,24,5,-6,-3,2,20,please
14.167102813720703,12,12,14,26,7,-2,-8,0,4,-2,-8,-1,-1,15,please
14.18228244781494,5,3,7,20,4,6,3,8,-1,7,-4,0,1,12,please
14.18228244781494,4,-7,-4,1,-10,13,9,5,11,11,-5,0,0,9,please
14.197619915008543,0,-12,-15,-13,-12,0,5,3,5,-3,-13,0,-8,4,please
14.197619915008543,-16,-14,-27,-17,-5,-4,6,8,-6,-2,-17,-7,-6,-3,please
14.212804317474363,-29,-20,-35,-28,-6,7,8,13,3,15,-10,-14,5,-4,please
14.212804317474363,-25,-19,-31,-30,-8,0,6,5,6,11,-2,-9,2,-2,please
14.228536367416382,-13,-14,-16,-21,-5,-18,-5,-8,-11,-12,-2,-5,-9,-13,please
14.228536367416382,-9,-10,0,-13,-7,-13,-21,-11,-24,-23,3,-1,-10,-25,please
14.244376182556152,-6,0,3,0,-4,-5,-21,-10,-30,-15,18,4,0,-20,please
14.244376182556152,-9,2,11,3,2,-8,-17,-15,-41,-14,16,3,1,-10,please
14.25980544090271,-15,-12,11,-3,0,1,-12,-16,-46,-24,-6,-11,-8,-10,please
14.25980544090271,-6,-6,6,9,1,22,4,-2,-26,-11,-20,-13,-8,-1,please
14.275032758712769,17,21,19,32,20,29,22,14,11,31,-1,10,14,24,please
14.275032758712769,30,21,24,29,23,20,18,16,39,59,21,27,36,38,please
14.291197776794434,26,6,9,5,9,4,-1,6,39,38,20,23,28,22,please
14.291197776794434,20,8,-1,-5,3,-2,-10,10,30,4,13,21,12,4,please
14.306432485580444,11,9,-2,-4,1,-7,-4,12,22,-5,24,19,8,-2,please
14.306432485580444,0,8,5,-3,0,-11,-3,0,4,-10,22,-1,-8,-15,please
14.322008848190308,-9,9,0,1,6,-4,0,-12,-16,-22,-13,-33,-38,-29,please
14.337990522384644,-19,-2,-14,2,6,5,12,-9,-19,-17,-45,-40,-40,-24,please
14.337990522384644,-19,-19,-21,-1,-8,6,23,3,7,12,-31,-17,-9,0,please
14.337990522384644,-7,-19,-21,-13,-23,-2,16,7,25,15,-7,-6,4,13,please
14.354093074798584,-3,-17,-18,-32,-24,-8,0,0,13,-13,-19,-9,-5,3,please
14.354093074798584,-1,-22,-20,-36,-19,-10,0,-2,5,-25,-41,-9,-7,1,please
14.370118618011476,2,-19,-7,-24,-13,-16,-6,0,9,-8,-19,5,4,14,please
14.370118618011476,8,3,13,-5,-4,-12,-13,-2,7,11,25,21,17,15,please
14.385712385177612,16,27,15,15,12,0,-5,-10,-4,10,37,21,17,7,please
14.385712385177612,18,25,14,21,19,-6,-7,-9,-21,-9,23,18,8,3,please
14.40110993385315,16,16,20,19,6,-22,-20,-1,-19,-12,25,19,13,3,please
14.40110993385315,9,20,22,20,3,-18,-24,0,-4,-4,27,16,10,0,please
14.416451454162598,-7,19,9,20,13,0,-12,-2,-3,-6,14,0,-10,-13,please
14.432068586349487,-19,6,-4,20,12,12,4,1,-10,-1,9,-16,-15,-23,please
14.432068586349487,-16,-1,0,19,8,22,13,6,-9,8,8,-19,-6,-20,please
14.447097063064575,-12,-4,0,16,7,28,11,2,-5,9,-2,-15,-7,-13,please
14.447097063064575,-13,-7,-7,9,3,23,7,-1,-11,0,-19,-15,-14,-9,please
14.462361335754396,-13,-12,-5,-3,-3,16,2,0,-9,0,-24,-15,-11,-1,please
14.462361335754396,-10,-17,-7,-13,-10,13,8,8,12,10,-14,-10,-2,7,please
14.47835659980774,-4,-14,-3,-15,-12,8,20,13,26,13,-14,0,1,7,please
14.47835659980774,5,-7,2,-9,-7,6,23,6,16,9,-15,9,4,6,please
14.4940083026886,20,-6,0,-12,-3,1,12,-2,7,14,4,17,12,18,please
14.4940083026886,21,-5,-1,-20,-9,-6,4,2,3,15,10,22,18,28,please
14.509047746658323,12,-4,0,-21,-13,-12,0,1,0,10,-4,22,22,29,please
14.509047746658323,15,-9,1,-21,-7,-19,-11,-11,2,1,4,27,32,30,please
14.524182081222534,26,-3,2,-12,0,-33,-25,-14,3,-14,26,28,34,16,please
14.524182081222534,18,16,5,5,4,-28,-29,-6,-2,-27,16,16,9,-16,please
14.540271759033203,-10,13,-1,5,2,-6,-23,-1,-9,-22,-7,-10,-21,-34,please
14.540271759033203,-33,-8,-24,-7,-3,0,-11,-3,-13,-17,-16,-40,-32,-34,please
14.556334018707275,-25,-3,-16,1,3,1,0,-1,-15,-20,-16,-40,-32,-36,please
14.556334018707275,-9,20,10,27,17,14,6,2,-8,-14,-12,-24,-25,-28,please
14.572553873062134,-11,20,9,26,14,17,5,0,-4,-4,-5,-20,-15,-11,please
14.572553873062134,-12,8,1,14,9,9,8,-1,-5,-5,-11,-19,-16,-4,please
14.588577508926392,0,0,1,15,9,12,20,3,0,-3,-17,-11,-16,2,please
14.588577508926392,0,-5,1,6,0,13,11,2,7,12,-6,-3,-3,13,please
14.60417127609253,5,-5,1,-3,-6,1,-5,-1,9,29,5,3,5,18,sil
14.60417127609253,20,0,6,7,3,-2,0,0,7,26,7,16,5,25,sil
14.62026309967041,27,4,18,16,11,3,13,11,12,19,20,31,17,35,sil
14.62026309967041,18,3,5,5,5,5,11,16,22,32,29,27,32,32,sil
14.635034799575806,-5,-12,-19,-18,-5,-4,0,2,15,32,10,3,16,11,sil
14.635034799575806,-22,-29,-25,-37,-14,-12,-1,-1,5,0,-1,-7,0,-9,sil
14.651560306549072,-14,-21,-15,-33,-16,-11,-7,5,10,-16,9,0,7,-16,sil
14.651560306549072,-5,0,-6,-21,-16,-8,-24,0,3,-16,14,4,10,-16,sil
14.667155027389526,-2,13,-1,-12,-14,-12,-19,-12,-17,-30,5,1,-7,-20,sil
14.667155027389526,0,18,6,-1,-5,-19,-4,-10,-25,-35,1,5,-15,-22,sil
14.682385683059692,-2,11,11,8,-3,-10,0,-3,-21,-14,1,4,-8,-15,sil
14.682385683059692,-13,0,0,1,-4,4,4,-7,-21,-7,-7,-11,-7,-11,sil
14.697978973388672,-12,-1,0,-4,4,8,11,-8,-21,-19,-27,-14,-17,-15,sil
14.697978973388672,1,3,9,15,9,12,9,1,-7,-2,-26,0,-10,-1,sil
14.714031219482422,13,3,18,34,8,19,5,13,11,26,-2,5,9,23,sil
14.714031219482422,24,2,18,24,10,15,13,13,32,33,11,11,21,37,sil
14.729249000549316,33,2,11,12,10,3,16,5,43,33,17,30,33,41,sil
14.729249000549316,28,3,12,11,5,-8,-7,-3,16,21,29,40,37,25,sil
14.74452781677246,13,9,12,9,4,-19,-29,-13,-24,-10,20,15,12,-5,sil
14.74452781677246,-1,10,3,8,6,-10,-20,-16,-33,-32,-8,-17,-21,-22,sil
14.760130882263184,-16,-1,-3,4,3,15,-1,-5,-18,-23,-23,-30,-33,-27,sil
14.760130882263184,-25,-13,-12,-1,2,27,14,3,-12,-11,-24,-33,-24,-28,sil
14.775766849517822,-26,-15,-18,-4,5,17,27,5,0,0,-26,-37,-16,-13,sil
14.775766849517822,-27,-18,-32,-12,0,5,26,8,27,16,-21,-33,-10,4,sil
14.791074991226196,-21,-22,-34,-29,-11,-6,11,10,28,20,-8,-14,0,6,sil
14.791074991226196,-5,-17,-13,-33,-16,-15,-6,6,7,8,-3,2,10,4,sil
14.807034492492676,5,-4,-7,-28,-14,-20,-21,0,8,-4,-4,5,8,13,sil
14.807034492492676,12,1,-6,-28,-11,-21,-33,0,10,-13,6,17,4,16,sil
14.822337627410889,22,4,12,-19,-7,-16,-26,-3,-11,-9,18,31,11,7,sil
14.822337627410889,27,16,26,5,-1,-15,-15,-6,-27,-5,21,29,13,0,sil
14.837390422821043,19,28,26,23,5,-6,-13,-5,-18,-8,28,21,2,0,sil
14.837390422821043,-3,17,9,16,7,10,-9,-6,-14,-5,18,2,-11,-5,sil
14.853490591049194,-19,6,3,6,6,15,1,-3,-18,0,-3,-11,-17,-17,sil
14.853490591049194,0,23,18,31,18,19,23,5,-2,5,9,-1,0,-6,sil
14.869694948196411,9,20,13,45,16,22,30,1,7,8,13,-3,1,3,sil
14.869694948196411,-22,-18,-20,3,-8,11,22,-4,-3,-6,-31,-35,-26,-16,sil
14.885268926620483,-38,-38,-36,-27,-11,8,25,7,8,-4,-48,-45,-27,-23,sil
14.885268926620483,-16,-27,-21,-15,8,17,28,16,39,23,-26,-22,-2,0,sil
14.90042209625244,-5,-17,-15,-3,8,9,14,7,35,26,-18,-11,0,4,sil
14.90042209625244,-1,-16,-16,-6,-3,-6,5,0,20,13,-1,-3,2,0,sil
14.9161114692688,16,-8,5,-2,-3,-13,1,6,27,23,25,21,28,19,sil
14.9161114692688,28,10,20,3,-7,-22,-11,3,25,20,30,37,39,32,sil
14.931139469146729,21,23,17,3,-15,-26,-28,-10,-9,-14,26,32,21,17,sil
14.931139469146729,11,15,6,1,-13,-18,-33,-12,-35,-34,25,28,8,1,sil
14.94647455215454,7,6,8,-3,-5,-20,-30,-8,-35,-27,17,29,8,-1,sil
14.94647455215454,3,12,21,-1,-1,-18,-25,-12,-41,-24,5,22,-1,-6,sil
14.962067127227783,1,17,15,15,2,0,-23,-13,-51,-29,1,0,-15,-15,sil
14.962067127227783,0,13,12,27,9,11,-23,-4,-35,-26,6,-8,-13,-18,sil
14.977209091186523,-2,8,23,25,11,20,1,3,1,3,9,7,0,-6,sil
14.977209091186523,-5,3,8,26,9,33,34,7,24,37,0,3,4,7,sil
14.993370532989502,-9,-7,-7,18,7,34,32,6,17,28,-10,-16,-4,7,sil
15.008775234222412,-5,-18,-9,0,2,18,21,3,7,8,-12,-15,-6,6,sil
15.008775234222412,3,-13,-2,-6,-4,1,23,6,19,13,-12,-1,1,17,sil
15.008775234222412,5,-7,-1,-10,-7,-1,20,12,29,12,-17,-6,-3,18,sil
15.02435541152954,-2,-18,-16,-33,-6,-6,7,6,15,-5,-25,-16,-11,3,sil
15.02435541152954,-1,-22,-23,-50,0,-21,-5,1,4,-6,-18,-7,7,0,sil
15.040474891662598,10,-4,-9,-30,9,-20,-5,3,15,18,4,2,25,13,sil
15.040474891662598,9,2,-9,-21,8,-4,-5,-1,14,14,9,-2,8,4,sil
15.05612587928772,-1,-2,-29,-41,-3,-7,-16,-4,1,-10,-6,-20,-11,-22,sil
15.05612587928772,-5,0,-32,-33,-4,-18,-19,-6,-3,-18,-11,-31,-11,-30,sil
15.071348428726196,-11,12,-8,-8,7,-7,-10,-12,-14,-23,-6,-25,-15,-29,sil
15.071348428726196,-21,10,-2,-12,9,7,-6,-10,-22,-25,-7,-19,-20,-31,sil
15.087421178817747,-24,5,-7,-5,0,0,-6,-5,-20,-7,-8,-21,-17,-24,sil
15.087421178817747,-21,8,1,28,0,-1,-1,-4,-27,-5,-13,-21,-23,-17,sil
15.103491306304932,-18,3,7,40,5,14,8,0,-30,-13,-18,-13,-28,-12,sil
15.103491306304932,-7,-2,16,33,2,29,19,11,-4,2,-4,9,-6,6,sil
15.1186625957489,3,0,18,40,-7,26,23,17,26,25,12,27,17,20,sil
15.1186625957489,6,-4,9,33,-13,10,14,10,28,19,14,28,20,20,sil
15.134734392166138,13,-11,16,17,-13,0,0,5,20,8,18,40,22,33,sil
15.134734392166138,28,-9,23,19,-10,-8,-8,4,21,14,27,51,30,44,sil
15.150360107421877,33,-1,19,15,-8,-22,-15,-2,11,16,26,46,29,29,sil
15.150360107421877,30,9,12,2,-13,-30,-12,-8,-4,0,23,36,26,13,sil
15.166634559631348,24,15,8,-5,-12,-21,-6,-2,-7,-11,26,23,20,10,sil
15.166634559631348,14,13,9,-5,3,-5,-6,-1,-9,-9,26,8,7,0,sil
15.182028770446776,5,16,3,2,12,5,-6,-9,-19,-3,18,1,0,-14,sil
15.182028770446776,-7,12,-7,-2,6,0,-10,-12,-23,-17,0,-11,-16,-25,sil
15.196551322937012,-21,0,-12,-20,5,-3,-10,-9,-16,-20,-13,-30,-30,-27,sil
15.196551322937012,-21,0,-9,-11,13,12,2,-7,-5,0,-16,-31,-19,-19,sil
15.212754487991331,-21,5,-6,0,17,24,14,0,1,9,-21,-28,-10,-10,sil
15.228428602218628,-30,-12,-18,-14,8,13,13,1,0,-3,-32,-42,-22,-16,sil
15.229427337646484,-28,-25,-19,-27,-1,3,3,0,-1,-9,-40,-42,-29,-18,sil
15.229427337646484,-8,-12,-2,-6,1,8,4,10,15,11,-25,-15,-7,6,sil
15.243095874786375,10,-3,3,10,6,8,16,21,41,36,2,1,18,31,sil
15.258306980133057,10,-9,-5,-3,0,2,18,21,45,37,12,1,24,26,sil
15.258306980133057,5,-14,-12,-19,-5,-7,9,11,25,23,5,4,21,15,sil
15.273545742034912,14,-9,-6,-17,-7,-18,-5,-1,0,3,8,20,20,16,sil
15.273545742034912,27,5,5,-5,-5,-13,-13,-9,-15,-16,18,30,11,12,sil
15.289397716522217,23,21,12,5,-1,-9,-9,-7,-17,-27,18,23,2,2,sil
15.289397716522217,10,18,16,4,0,-14,-13,-8,-20,-31,7,12,0,-11,sil
15.305434703826904,2,8,6,0,0,-6,-14,-8,-21,-29,-2,-1,-4,-21,sil
15.305434703826904,-6,4,0,4,2,4,-6,-5,-19,-18,-2,-5,-13,-20,sil
15.3204448223114,-14,0,4,8,0,0,-4,-7,-21,-17,-11,-4,-20,-17,sil
15.3204448223114,-8,0,7,16,1,1,0,-11,-15,-15,-27,-12,-23,-12,sil
15.335809707641602,-2,0,5,19,4,14,15,2,0,10,-19,-13,-11,0,sil
15.335809707641602,-13,-10,-5,2,-5,13,13,12,9,31,-4,-5,-1,2,sil
15.351183891296388,-21,-20,-18,-8,-15,6,0,0,10,15,-12,-8,-11,-5,sil
15.351183891296388,-12,-7,-10,0,-6,14,0,-4,16,6,-16,-9,-8,0,sil
15.366932153701782,0,3,-3,0,0,8,5,5,18,20,1,1,17,13,sil
15.366932153701782,0,-7,-13,-21,-1,-6,-8,7,6,19,12,7,26,6,sil
15.382028341293337,-2,-9,-24,-18,0,-8,-16,0,3,3,15,9,18,-7,sil
15.382028341293337,6,15,0,3,2,-10,-13,0,2,-7,27,17,14,-4,sil
15.39810347557068,22,30,29,19,6,-11,-8,7,-7,-10,35,24,13,4,sil
15.39810347557068,14,20,20,20,12,0,0,2,-15,-8,21,10,2,0,sil
15.413700342178345,-9,12,10,9,11,10,9,-5,-15,-11,-4,-8,-19,-1,sil
15.413700342178345,-12,3,12,11,4,13,22,0,-4,-5,-11,-12,-22,5,sil
15.42961883544922,-4,-13,0,8,0,12,32,3,6,5,-12,-11,-11,10,sil
15.42961883544922,-6,-24,-8,-12,-9,5,26,1,3,9,-24,-14,-11,7,sil
15.445251226425173,0,-22,-7,-19,-19,-5,9,2,7,13,-15,-11,-5,14,sil
15.445251226425173,5,-18,-5,-9,-15,-16,-3,2,25,16,8,0,10,17,sil
15.46123719215393,3,-13,-13,-8,-7,-20,-10,-1,30,2,5,5,12,7,sil
15.46123719215393,8,0,-11,-11,-4,-17,-21,-5,9,-13,-3,14,7,-1,sil
15.476476669311523,12,14,5,-3,2,-7,-35,-3,-14,-12,12,20,12,-2,sil
15.476476669311523,9,16,6,9,9,0,-28,-6,-19,-10,22,10,17,-9,sil
15.492121696472168,10,12,1,2,7,-2,-15,-9,-18,-23,8,6,7,-15,sil
15.492121696472168,9,9,8,-6,5,-2,-7,-5,-14,-21,4,5,0,-13,sil
15.508048057556152,5,10,12,0,11,-5,0,2,-3,3,20,1,5,-6,sil
15.508048057556152,6,17,18,13,17,-3,0,4,0,5,22,5,4,-4,sil
15.52303433418274,0,13,14,22,12,16,1,0,0,-9,0,-1,-14,-10,sil
15.52303433418274,-17,0,0,19,0,28,9,0,3,0,-21,-23,-28,-13,sil
15.538543462753296,-13,0,-8,3,-2,15,14,3,9,20,-20,-22,-18,0,sil
15.538543462753296,0,1,-3,-1,3,12,14,-4,-1,10,-18,-8,-5,7,sil
15.55414652824402,-14,-7,0,2,0,13,11,-11,-32,-10,-28,-14,-15,-6,sil
15.55414652824402,-26,-20,-9,-2,-8,0,11,-8,-38,0,-32,-25,-21,-11,sil
15.570213794708252,-14,-24,-8,-12,-5,0,17,-1,-4,14,-18,-10,-2,6,sil
15.570213794708252,0,-21,-1,-10,-6,6,20,10,22,10,-2,10,14,20,sil
15.585734367370604,1,-13,-3,-6,-12,-1,8,19,33,12,0,6,13,19,sil
15.585734367370604,2,-9,-9,-8,-10,-7,0,16,35,18,-7,-3,6,9,sil
15.60144543647766,0,-7,-21,-11,-7,0,5,9,24,8,-11,-4,3,0,sil
15.60144543647766,0,-1,-17,-9,-6,-1,7,1,6,-1,-3,0,6,0,sil
15.617345333099363,1,0,-3,-5,-3,-6,-4,-2,0,1,11,9,12,2,sil
15.617345333099363,4,-3,-10,-9,-2,-14,-18,0,1,-3,19,14,9,0,sil
15.63305139541626,11,2,-5,-12,-2,-14,-20,4,6,-7,23,16,8,5,sil
15.63305139541626,22,19,15,1,5,-1,-6,6,18,9,38,21,18,17,sil
15.649126291275024,18,21,21,11,7,-5,-9,4,12,11,38,28,16,9,sil
15.649126291275024,11,16,18,7,4,-19,-24,0,-6,-9,21,26,4,-4,sil
15.664791345596312,14,19,16,9,8,-11,-22,-11,-17,-18,15,16,5,0,sil
15.664791345596312,7,19,15,10,12,-4,-17,-20,-27,-21,12,11,0,0,sil
15.67958950996399,-4,14,7,4,4,-10,-12,-22,-35,-26,-1,4,-13,-13,sil
15.67958950996399,-8,4,0,4,-3,-2,-3,-17,-34,-18,-12,-9,-24,-24,sil
15.695308208465576,-17,-11,-4,3,-3,10,0,-10,-26,-17,-22,-23,-27,-22,sil
15.695308208465576,-21,-11,-6,3,1,11,4,0,-11,-15,-25,-27,-18,-13,sil
15.710345029830933,-5,0,5,9,8,18,14,14,4,5,-13,-19,-4,-4,sil
15.710345029830933,-5,-5,1,6,8,22,20,13,17,13,-10,-17,-7,-3,sil
15.726053953170776,-26,-21,-22,-15,-3,6,12,0,11,-7,-24,-29,-18,-14,sil
15.726053953170776,-23,-18,-23,-25,-15,1,0,-4,-3,-9,-26,-32,-9,-17,sil
15.741140842437744,0,-1,-5,0,-7,8,3,-3,0,18,-5,-19,7,0,sil
15.741140842437744,6,6,10,19,4,6,16,-1,3,26,6,0,11,17,sil
15.756596565246582,6,4,9,10,2,1,20,2,0,10,5,6,7,14,sil
15.756596565246582,11,2,-2,0,0,2,13,7,7,9,3,4,8,13,sil
15.772457122802734,18,3,7,8,6,5,11,11,21,25,9,12,17,26,sil
15.772457122802734,26,8,20,19,7,10,15,11,26,33,20,21,21,30,sil
15.78799319267273,20,5,8,8,0,2,3,3,16,12,11,14,2,12,sil
15.78799319267273,0,-10,-10,-8,0,-4,-10,-1,4,-5,-11,-1,-13,1,sil
15.803109884262083,-13,-21,-17,-16,1,0,-5,0,5,-2,-12,-2,-7,1,sil
15.820138216018677,-12,-13,-8,-13,-5,-1,0,9,9,-4,-1,6,-3,-5,sil
15.820138216018677,-6,-7,-3,-8,-11,-14,-1,11,4,-11,-5,11,-3,-11,sil
15.820138216018677,-9,-11,-6,-14,-9,-15,-6,0,-6,-7,-10,3,0,-8,sil
15.834426641464232,-10,-8,-10,-20,-10,-11,-14,-9,-10,-7,-6,-1,-3,-8,sil
15.850020170211792,-2,0,-2,-6,-11,-14,-17,-6,-8,-19,1,6,-4,-8,sil
15.850020170211792,2,10,13,10,1,-7,-9,0,0,-8,13,19,7,1,sil
15.865651369094849,11,15,8,12,10,0,-2,-1,6,19,22,18,23,11,sil
15.865651369094849,18,9,-1,0,2,-9,-15,-3,0,0,23,12,24,9,sil
15.881375551223757,9,7,0,-8,0,-5,-18,-4,-5,-24,19,8,14,0,sil
15.881988525390623,0,15,5,5,7,6,-3,-5,5,4,13,3,8,-1,sil
15.896146535873411,2,17,9,16,8,2,-5,-3,4,17,12,4,6,-3,sil
15.896146535873411,7,10,4,8,5,-3,-14,-3,-7,-7,13,6,2,-5,sil
15.911240816116331,2,7,4,1,5,-4,-7,-3,-11,-9,5,2,0,-3,sil
15.911240816116331,0,10,10,4,4,-4,0,-3,-16,0,-5,-4,-5,-2,sil
15.927356243133543,0,9,7,7,5,-4,0,-4,-24,-8,-7,-8,-9,-7,sil
15.927356243133543,-1,-2,0,0,1,-3,6,-2,-27,-17,-14,-11,-9,-9,sil
15.942492246627808,-16,-18,-13,-15,-15,5,21,1,-17,-15,-34,-34,-24,-13,sil
15.942492246627808,-30,-22,-21,-24,-17,22,27,0,0,-12,-44,-53,-42,-23,sil
15.958618879318236,-24,-10,-10,-9,0,28,22,-1,6,-9,-29,-37,-30,-19,sil
15.958618879318236,-5,3,-2,12,10,19,19,4,2,0,-9,-11,-10,0,sil
15.974070072174072,4,5,10,20,4,14,9,8,5,19,-3,-3,-6,12,sil
15.974070072174072,5,-4,13,17,-1,11,3,7,13,28,0,1,2,11,sil
15.989760637283323,0,-7,-8,2,-4,1,3,3,10,9,3,4,7,9,sil
15.989760637283323,0,-6,-19,-14,-6,-2,-1,0,4,1,0,-1,-1,9,sil
16.00514054298401,9,-10,-6,-13,-2,1,-3,0,1,18,-3,-5,-1,11,sil
16.00514054298401,5,-5,4,0,6,6,5,4,9,22,0,1,3,11,sil
16.021190404891968,-7,0,-6,1,5,1,9,12,23,12,0,6,0,4,sil
16.021190404891968,-10,-12,-20,-17,-6,-13,-4,7,19,0,-6,2,-3,-5,sil
16.03646993637085,-7,-16,-10,-28,-5,-12,-13,-1,5,-3,0,6,2,-3,sil
16.03646993637085,-4,-1,0,-5,1,1,-6,-4,15,7,16,14,22,8,sil
16.05217957496643,3,3,2,9,0,-8,-4,0,14,10,17,20,28,8,sil
16.05217957496643,8,0,3,0,-4,-24,-4,0,-5,-3,13,21,20,0,sil
16.07370924949646,11,-3,7,-5,-3,-20,-8,-4,-15,-19,21,24,21,5,sil
16.07370924949646,21,3,17,5,-5,-15,-18,-4,-11,-23,24,33,23,9,sil
16.07370924949646,28,20,23,22,0,-16,-15,3,-1,-4,26,38,19,6,sil
16.083529233932495,31,34,38,30,10,-6,-5,4,4,12,41,42,25,11,sil
16.099047899246216,31,31,44,28,8,0,-14,-5,-1,0,44,38,28,15,sil
16.099047899246216,17,21,21,27,5,-7,-25,-12,-19,-17,18,15,5,2,sil
16.11423420906067,2,18,7,24,13,-3,-16,-10,-25,-21,-3,-7,-18,-14,sil
16.11423420906067,-3,16,3,15,7,6,0,-7,-15,-19,-6,-20,-25,-21,sil
16.13028883934021,-15,6,-2,7,-4,7,4,-2,-7,-16,-11,-27,-27,-18,sil
16.13028883934021,-27,-4,-16,2,0,14,15,7,0,6,-20,-28,-21,-10,sil
16.14596939086914,-28,-12,-25,-10,1,20,26,8,7,18,-22,-31,-14,-11,sil
16.14596939086914,-31,-14,-21,-19,-6,14,23,0,-3,-4,-32,-43,-27,-22,sil
16.161653995513916,-35,-19,-33,-20,-5,12,19,-5,-15,-18,-50,-55,-35,-19,sil
16.161653995513916,-33,-30,-45,-32,-3,14,16,0,-17,-4,-52,-52,-30,-10,sil
16.177243947982788,-18,-30,-31,-30,-1,13,17,3,-18,0,-39,-37,-24,-8,sil
16.177243947982788,-3,-14,-15,-18,3,21,22,0,0,6,-26,-25,-16,0,sil
16.19236922264099,-6,-11,-13,-34,0,19,12,3,31,32,-14,-16,-1,16,sil
16.19236922264099,-4,-21,-14,-41,-1,2,1,7,40,58,-3,-9,11,17,sil
16.207823991775513,9,-14,-6,-18,6,-4,0,1,30,41,0,0,14,8,sil
16.207823991775513,8,-1,-3,-15,-3,-11,-8,-1,15,4,-4,4,6,4,sil
18.259013891220093,22,0,3,0,0,-15,-32,-10,-1,2,11,17,23,15,please
18.259013891220093,0,-11,-18,-18,-8,-25,-40,-14,-15,-11,15,9,15,-1,please
18.2742977142334,7,0,0,-15,-7,-24,-23,-3,-9,-11,39,21,24,0,please
18.2742977142334,5,15,9,5,3,-13,-3,5,-7,-4,27,8,17,-13,please
18.29037857055664,-27,5,-10,4,7,1,0,3,-16,-8,-10,-23,-16,-38,please
18.29037857055664,-29,-3,-14,-6,4,15,15,3,-2,-3,-13,-25,-19,-25,please
18.3060040473938,-11,0,1,-4,4,11,25,6,12,0,-4,-11,-5,-7,please
18.3060040473938,-15,4,4,12,6,4,15,2,-4,-6,-16,-14,-21,-17,please
18.3216495513916,-15,1,-8,23,5,15,16,-2,-14,-4,-12,-17,-28,-8,please
18.3216495513916,-3,-2,-11,4,1,20,18,0,-6,0,-7,-11,-16,8,please
18.33759021759033,-1,-7,-7,-5,-3,2,3,0,-6,4,-21,-17,-11,7,please
18.33759021759033,0,-7,2,10,-4,-5,-3,-2,-4,14,-9,-5,-2,14,please
18.35371041297913,17,3,16,22,0,4,3,1,15,27,27,26,16,35,please
18.35371041297913,34,16,18,22,7,1,0,8,28,30,40,39,32,38,please
18.36938738822937,28,16,11,10,11,-10,-9,3,19,11,21,25,31,19,please
18.36938738822937,5,8,-5,-6,6,-8,-7,-2,5,-10,2,1,13,-3,please
18.38519501686096,0,8,-4,-8,2,-9,-9,0,-5,-11,6,1,1,-12,please
18.38519501686096,8,14,14,2,-2,-14,-13,3,-13,-11,19,22,9,-6,please
18.401371955871586,3,11,5,2,-5,-10,-9,-1,-10,-21,6,14,4,-9,please
18.401371955871586,-10,0,-9,-10,-1,-3,-7,-4,-8,-22,-13,-13,-20,-26,please
18.41705846786499,-28,-6,-11,-13,0,5,-1,-4,-14,-17,-16,-22,-31,-32,please
18.41705846786499,-30,-9,-11,-9,-3,17,8,-4,-15,-17,-28,-21,-23,-19,please
18.432332277297974,-8,-9,-8,-4,0,16,16,1,3,3,-38,-25,-12,2,please
18.432332277297974,3,-12,-4,-1,-5,1,15,4,18,21,-23,-23,-5,14,please
18.44826006889344,0,-13,1,-7,-11,-5,6,-1,12,6,-9,-8,-6,14,please
18.44826006889344,11,-8,5,-4,3,4,7,0,14,7,-2,5,1,21,please
18.46373987197876,27,0,10,5,16,15,8,5,23,29,14,15,20,33,please
18.46373987197876,18,-4,12,0,1,6,-7,0,16,17,24,24,24,24,please
18.47936201095581,1,-9,-3,-13,-10,-13,-25,-5,3,-6,11,18,10,-1,please
18.47936201095581,0,-3,-6,-13,-3,-21,-22,-5,-7,-2,6,5,0,-18,please
18.49436831474304,1,6,1,-2,5,-6,-6,-3,-16,-7,15,-1,0,-21,please
18.49436831474304,-16,5,-6,0,2,1,-6,-4,-22,-29,5,-7,-9,-34,please
18.50989985466004,-35,-4,-13,-10,-10,-9,-13,-3,-30,-29,-5,-11,-19,-45,please
18.50989985466004,-27,-1,-2,-3,-10,-12,1,-5,-31,-20,6,-4,-13,-30,please
18.525561571121216,-17,6,7,18,1,6,16,-2,-19,-18,-1,-9,-14,-12,please
18.525561571121216,-15,-1,1,25,1,11,14,1,-9,0,-25,-24,-14,-5,please
18.541258573532104,-2,-10,-6,7,-8,0,8,4,-2,18,-14,-15,-1,8,please
18.541258573532104,6,-6,-4,-9,-3,10,7,11,12,17,-7,-3,2,23,please
18.556017875671387,6,0,0,2,9,30,22,19,33,37,-12,0,12,35,please
18.556017875671387,21,3,17,20,11,18,29,14,46,59,12,22,35,51,please
18.57157874107361,37,10,23,11,0,-4,4,2,30,34,31,37,40,51,please
18.57157874107361,36,10,7,0,0,-6,-17,-3,-1,5,15,21,25,31,please
18.58713388442993,34,12,6,6,9,0,-13,-1,-9,1,12,17,17,18,please
18.58713388442993,23,14,3,11,9,-13,-11,-3,-3,-9,16,18,9,5,please
18.603100538253784,0,5,-5,-3,0,-27,-21,-7,-11,-27,5,7,-3,-13,please
18.603100538253784,-10,-3,-9,-18,-9,-13,-10,0,-3,-25,-1,-1,-7,-21,please
18.618998765945435,-7,0,-12,-19,-8,1,6,8,20,-10,1,-8,0,-15,please
18.618998765945435,-22,3,-12,-18,0,1,2,2,14,-9,-4,-14,-4,-23,please
18.63467836380005,-36,-4,-18,-16,2,2,-3,-6,-8,-16,-24,-24,-26,-42,please
18.63467836380005,-22,-4,-11,-8,-3,6,1,-6,-14,-14,-31,-26,-39,-38,please
18.6502103805542,-2,9,9,9,0,3,9,-6,-14,-13,-11,-16,-28,-18,please
18.6502103805542,0,10,17,23,5,1,8,-12,-20,-21,6,-6,-18,-11,please
18.66543698310852,1,2,16,21,4,6,1,-7,-19,-20,4,0,-19,-1,please
18.66543698310852,10,3,13,19,6,11,4,0,-4,5,0,3,-7,18,please
18.68129277229309,11,1,6,21,8,8,6,0,9,29,0,1,7,25,please
18.68129277229309,1,-7,-3,14,1,0,-2,0,16,26,0,0,12,15,please
18.69627547264099,-6,-25,-20,-9,-8,-11,-11,0,13,7,-2,-4,11,0,sil
18.69627547264099,-12,-32,-25,-32,-12,-18,-13,-1,3,0,-8,-12,4,-6,sil
18.71236896514893,-11,-18,-18,-26,-7,-11,-6,0,1,0,-8,-5,5,-3,sil
18.71236896514893,-4,-6,-10,-19,-9,-13,-11,0,7,-10,6,13,15,0,sil
18.728420972824097,-5,-5,-3,-25,-9,-14,-22,1,2,-11,14,18,13,-4,sil
18.728420972824097,-11,-1,-1,-14,0,7,-8,2,-8,5,0,-2,-6,-17,sil
18.74339532852173,-12,7,2,0,7,29,16,4,-10,5,-14,-14,-19,-13,sil
18.74339532852173,0,7,8,4,3,23,28,14,6,10,-2,0,0,16,sil
18.759418964385983,17,0,8,3,-3,4,19,16,18,27,13,16,27,35,sil
18.759418964385983,25,3,11,-2,-10,-12,-1,3,1,14,13,22,22,17,sil
18.774025678634644,21,18,19,0,-5,-16,-7,0,-19,-7,17,21,7,6,sil
18.789561986923218,15,23,34,19,8,2,0,2,-31,-2,20,18,3,14,sil
18.789561986923218,9,14,27,33,15,21,9,-4,-36,1,1,7,-6,10,sil
18.789561986923218,5,4,3,26,11,9,10,-6,-16,0,-15,-4,-12,1,sil
18.806644916534424,5,-3,-5,6,1,-12,2,-4,14,1,-6,-1,0,4,sil
18.806644916534424,0,-10,-9,-10,-3,-20,-10,-13,11,-9,4,3,9,0,sil
18.82130122184753,-12,2,-8,-7,0,-10,-15,-14,-6,-31,-1,-6,-5,-21,sil
18.83645486831665,-15,14,-4,14,2,5,1,0,0,-25,-16,-25,-20,-28,sil
18.83645486831665,-13,-6,-15,13,-1,13,23,6,13,-1,-20,-26,-14,-8,sil
18.8520576953888,-11,-29,-22,-16,-7,12,22,1,19,11,-5,-6,5,8,sil
18.8520576953888,0,-15,-15,-24,-10,0,0,0,23,15,11,6,24,6,sil
18.86752700805664,13,7,-2,-11,-7,-20,-25,0,15,8,11,8,17,4,sil
18.86752700805664,9,11,-1,-12,1,-14,-24,0,10,-3,12,6,0,2,sil
18.882656574249268,0,5,4,-4,6,9,-4,0,15,-5,13,1,-7,-10,sil
18.882656574249268,3,10,19,23,12,12,-1,2,11,3,0,-4,-12,-13,sil
18.89847683906555,1,20,12,39,23,11,-7,2,4,16,0,-9,-13,0,sil
18.89847683906555,-4,12,4,28,16,24,1,-1,5,19,3,-13,-8,1,sil
18.913995265960693,-5,-12,3,10,0,22,21,-1,7,13,-12,-17,-8,-7,sil
18.913995265960693,-11,-26,-19,-17,-3,0,14,-3,2,5,-28,-19,-9,-6,sil
18.92926669120789,-21,-25,-36,-40,-5,-13,-5,-3,-5,-3,-26,-14,-7,-7,sil
18.92926669120789,-16,-19,-29,-32,-20,-22,-3,3,-10,-13,-15,-3,0,-9,sil
18.94535493850708,-1,-6,-4,-21,-22,-35,-1,7,-12,-18,-2,20,11,0,sil
18.94535493850708,11,8,18,-19,-5,-28,-12,4,-19,-15,15,43,24,10,sil
18.961644172668457,18,13,21,-7,2,-5,-9,0,-26,-11,29,35,25,14,sil
18.961644172668457,6,15,13,3,-2,-1,-4,-5,-29,-18,18,12,2,0,sil
18.977547645568848,-2,15,11,6,-6,-9,-10,-9,-25,-18,-1,-1,-14,-11,sil
18.977547645568848,0,5,11,12,0,3,-3,0,-15,0,-9,-6,-11,-7,sil
18.993242502212524,1,-5,5,10,10,26,17,8,-5,12,-11,-13,-5,3,sil
18.993242502212524,3,-6,-1,4,6,24,17,2,0,10,-11,-16,-9,12,sil
19.008373498916622,9,2,8,12,2,9,2,-1,1,11,-2,-4,0,21,sil
19.008373498916622,14,5,11,22,9,5,5,3,17,25,13,7,17,25,sil
19.02429914474488,10,-4,-3,4,7,3,7,2,35,25,13,4,11,13,sil
19.02429914474488,-5,-14,-16,-21,-7,-1,-8,-4,24,7,-2,-3,-8,-4,sil
19.03976488113404,-16,-12,-22,-21,-9,-3,-8,-5,0,-4,-2,-4,-4,-8,sil
19.03976488113404,-10,-6,-11,-13,0,-4,0,-1,-7,-10,14,0,2,-6,sil
19.055684089660645,-9,-4,-8,-18,2,-4,-4,-1,-2,-15,17,0,-6,-16,sil
19.055684089660645,-21,-2,-16,-17,0,0,-3,-3,-9,-22,5,-9,-18,-24,sil
19.07164216041565,-24,4,-7,6,-1,2,4,0,-14,-16,-4,-19,-18,-25,sil
19.07164216041565,-13,12,8,29,-5,4,9,2,0,4,-13,-23,-10,-19,sil
19.08638048171997,-1,10,17,30,-1,10,14,5,17,16,-14,-10,1,0,sil
19.08638048171997,9,7,14,31,0,14,19,7,25,10,-4,8,10,16,sil
19.10163116455078,25,10,17,29,-1,4,9,6,28,11,3,28,17,25,sil
19.10163116455078,42,12,30,14,3,-5,0,6,29,15,9,41,32,40,sil
19.11727333068848,49,10,26,11,6,-8,-6,0,23,6,15,33,37,33,sil
19.11727333068848,36,13,15,14,0,-18,-27,-6,3,-6,23,30,23,6,sil
19.13219928741455,18,10,14,10,-6,-24,-39,-7,-10,0,29,38,16,4,sil
19.13219928741455,10,7,9,7,0,-16,-23,-6,-19,3,21,29,15,7,sil
19.14769744873047,0,8,0,-2,9,-3,-1,-5,-31,-14,-7,3,-6,-15,sil
19.14769744873047,-30,-10,-19,-21,11,5,14,-2,-27,-22,-36,-29,-32,-34,sil
19.16355013847351,-54,-32,-34,-24,3,15,19,-4,-16,-13,-50,-60,-42,-35,sil
19.16355013847351,-49,-28,-33,-17,-1,18,18,-1,-11,-8,-44,-60,-36,-32,sil
19.17913150787353,-33,-22,-30,-21,-1,10,16,9,2,0,-23,-43,-18,-15,sil
19.17913150787353,-19,-30,-29,-32,-9,1,9,13,19,13,-9,-32,-7,4,sil
19.195241928100582,-13,-33,-37,-51,-15,-1,7,3,13,17,-13,-26,-5,6,sil
19.195241928100582,-17,-28,-39,-68,-9,-7,-1,-1,-5,-1,-15,-18,-5,0,sil
19.2115285396576,-7,-14,-21,-53,-7,-15,-21,1,-14,-14,3,-9,0,-4,sil
19.2115285396576,22,15,3,-9,-4,-17,-27,0,-15,-7,29,8,10,-2,sil
19.22738146781921,45,46,31,27,11,-4,-11,-4,-22,-5,34,33,16,15,sil
19.22738146781921,47,58,45,46,21,5,-5,-5,-24,0,34,40,19,34,sil
19.243040084838867,38,46,46,53,17,3,-14,-4,-9,17,33,32,16,30,sil
19.243040084838867,16,26,33,50,15,12,0,0,19,27,15,20,3,13,sil
19.258653163909912,-14,-2,7,26,5,27,28,-1,28,17,-10,1,-13,-4,sil
19.258653163909912,-35,-34,-10,-6,-12,20,26,-4,10,6,-28,-16,-20,-22,sil
19.27376294136048,-30,-34,-17,-12,-16,0,15,3,11,7,-21,-19,-7,-20,sil
19.27376294136048,-17,-15,-15,-5,-15,-8,11,11,25,0,-4,1,12,-1,sil
19.289442539215088,-4,-10,-3,-6,-19,-15,-3,3,5,-16,2,19,19,1,sil
19.289442539215088,11,0,10,-1,-10,-19,-19,-6,-17,-18,10,21,14,-8,sil
19.30517220497132,15,27,27,14,4,-15,-22,-5,-12,-20,18,23,7,-16,sil
19.30517220497132,9,33,28,33,11,-7,-7,1,5,-20,17,24,5,-7,sil
19.32044196128845,15,21,28,37,10,0,7,0,13,-4,21,22,3,10,sil
19.32044196128845,18,10,25,27,8,12,7,-11,1,0,14,9,-7,17,sil
19.336499452590942,2,0,-1,16,5,20,2,-13,-4,-14,-16,-18,-21,10,sil
19.336499452590942,-7,-8,-14,4,2,14,9,1,14,-5,-32,-29,-17,10,sil
19.35222101211548,-8,-19,-11,-4,1,10,18,15,30,29,-19,-20,-2,14,sil
19.35222101211548,-12,-28,-22,-8,0,9,12,12,7,35,-16,-25,-7,8,sil
19.36728382110596,-13,-25,-31,-22,-1,0,5,10,-3,15,-18,-26,-11,-1,sil
19.36728382110596,-7,-20,-28,-37,-7,-5,6,16,10,10,-5,-14,4,-5,sil
19.383304357528687,-2,-19,-22,-41,-8,-9,-1,10,0,1,2,-1,11,-8,sil
19.383304357528687,3,-7,-12,-32,-6,-18,-13,-1,-23,-14,6,7,9,-7,sil
19.39938712120056,12,10,2,-14,0,-16,-20,-8,-20,-17,18,18,15,0,sil
19.39938712120056,10,15,7,-5,5,-4,-21,-7,-17,-5,26,20,13,0,sil
19.415019750595093,7,19,2,-6,2,-10,-19,-8,-20,0,19,14,6,-6,sil
19.415019750595093,12,28,17,5,2,-13,-20,-11,-16,-6,15,13,7,-2,sil
19.430052995681763,14,15,24,21,4,6,-9,-7,-6,1,16,12,10,13,sil
19.430052995681763,1,-10,3,12,-1,13,8,-1,0,17,1,0,3,16,sil
19.445517539978027,-14,-12,-4,3,-4,10,8,-3,-6,0,-23,-20,-15,-2,sil
19.445517539978027,-17,-5,-1,11,0,20,5,-8,-7,-12,-32,-27,-29,-12,sil
19.46109437942505,-8,-7,-2,8,0,16,15,-2,5,9,-27,-13,-18,-2,sil
19.46109437942505,-6,-4,-9,-9,0,-2,17,6,16,22,-16,-8,0,-2,sil
19.476292610168457,-17,-7,-25,-25,-2,-8,2,4,13,2,-15,-19,-1,-15,sil
19.476292610168457,-27,-17,-26,-30,-9,-11,-3,0,10,-17,-19,-17,-10,-18,sil
19.492409229278564,-11,-1,-9,-17,-10,-24,0,-1,14,-21,-4,1,-2,-15,sil
19.492409229278564,13,24,15,5,-1,-18,-6,0,11,-18,24,25,18,-7,sil
19.50770401954651,24,30,29,19,6,-4,-12,3,8,-9,39,36,28,6,sil
19.50770401954651,18,29,25,28,16,-3,-15,0,3,-4,37,21,8,4,sil
19.52360582351685,9,26,23,35,21,6,-13,-11,-14,-7,17,3,-13,-5,sil
19.52360582351685,3,7,19,38,14,23,4,-7,-25,-2,-4,0,-14,6,sil
19.53928256034851,-3,-11,10,23,2,22,20,7,-13,0,-11,0,-12,21,sil
19.53928256034851,-12,-17,-3,2,-4,19,24,16,6,5,-11,-10,-17,9,sil
19.554807662963867,-13,-20,-13,-5,-1,22,32,14,12,18,-17,-20,-16,0,sil
19.554807662963867,-8,-24,-8,-6,2,13,30,9,6,21,-17,-13,-6,3,sil
19.570024967193604,-5,-20,-11,-12,-4,0,16,5,8,21,-4,-3,11,6,sil
19.570024967193604,0,-5,-12,-18,-13,-8,0,0,0,15,0,1,19,7,sil
19.586080074310303,9,1,-3,-9,-7,-5,-9,0,-13,0,-3,5,12,9,sil
19.601529836654663,13,0,-4,0,-1,-1,-12,0,-8,0,6,6,15,8,sil
19.601529836654663,8,0,-4,-5,-4,-11,-18,-5,-6,6,11,0,16,1,sil
19.61754846572876,0,-2,-8,-11,-8,-19,-21,-12,-21,-7,-5,-10,-4,-10,sil
19.61754846572876,0,-8,-9,-11,-6,-9,-14,-6,-9,-16,-11,-10,-14,-13,sil
19.61754846572876,9,1,4,-10,-2,0,-2,3,24,0,12,4,2,0,sil
19.633379459381104,11,14,6,-3,0,-6,0,0,25,9,23,12,9,6,sil
19.633379459381104,4,7,3,0,2,-12,-8,-1,7,-3,8,14,4,0,sil
19.64940619468689,0,-5,1,-10,0,-8,-8,0,11,-8,0,11,9,0,sil
19.66422820091248,-4,-8,-3,-20,-5,-11,-11,-1,9,-11,0,0,6,0,sil
19.66422820091248,0,1,0,-9,-5,-15,-16,-4,-5,-15,4,2,0,-2,sil
19.679380893707275,13,14,9,4,1,-11,-8,-3,-6,-7,12,14,1,0,sil
19.679380893707275,4,14,12,6,5,-2,0,-2,-1,-4,0,8,-2,-4,sil
19.694988489151,-11,11,3,7,2,8,1,-1,0,-3,-10,-3,-9,-9,sil
19.694988489151,-8,10,1,8,6,17,7,1,2,6,-2,-2,-1,-5,sil
19.71021151542664,-7,6,4,8,12,16,8,1,-2,9,-1,-1,0,-9,sil
19.71021151542664,-15,6,-1,16,10,10,0,-1,-4,2,0,-9,-7,-12,sil
19.7261016368866,-16,6,0,17,4,10,0,-5,-4,-3,7,-6,-10,-3,sil
19.7261016368866,-8,-8,-2,11,5,13,8,-3,-12,-5,-3,-7,-10,1,sil
19.741198301315308,-5,-16,-11,8,6,11,11,0,-14,0,-16,-10,-7,4,sil
19.741198301315308,-4,-7,-3,7,2,10,12,7,-1,8,-4,-2,0,12,sil
19.7570915222168,0,-2,3,12,-2,14,20,6,1,12,0,-2,0,9,sil
19.7570915222168,4,0,5,26,0,18,29,1,-7,6,-7,-5,-5,2,sil
19.772136449813843,9,7,7,24,8,15,28,3,1,7,1,0,1,10,sil
19.772136449813843,9,-6,-3,-9,2,-3,3,0,17,6,6,1,7,12,sil
19.78806161880493,4,-21,-9,-32,-12,-22,-17,-5,2,-9,-8,-5,-3,1,sil
19.78806161880493,2,-12,-5,-20,-16,-17,-12,-3,-12,-8,-19,-11,-7,0,sil
19.80310583114624,-3,-7,-7,-15,-11,-11,-12,0,-1,3,-19,-14,-6,-2,sil
19.80310583114624,-9,-17,-18,-31,-17,-19,-21,3,11,4,-13,-9,-3,-6,sil
19.819231033325195,0,-11,-16,-29,-19,-18,-13,8,12,3,-2,1,10,0,sil
19.819231033325195,8,3,-1,-15,-6,-9,-6,4,6,-3,1,10,12,0,sil
19.83526015281677,5,9,2,-6,6,-9,-10,0,-1,-13,6,11,3,-10,sil
19.83526015281677,9,11,7,-3,10,-8,-10,1,-6,-8,20,13,8,-9,sil
19.85126805305481,17,12,14,-2,6,-5,-6,-4,-3,0,25,19,11,-4,sil
19.85126805305481,9,14,15,0,4,-11,-7,-10,-2,-1,20,19,3,-4,sil
19.866461277008057,-1,19,25,13,9,-6,-7,0,-6,-4,17,12,-1,-7,sil
19.866461277008057,-8,14,15,21,8,15,7,3,-4,-5,3,-10,-6,-10,sil
19.882076740264893,-13,5,-1,22,7,32,25,0,0,-6,-12,-28,-12,-2,sil
19.882076740264893,-11,2,-3,16,5,31,27,0,1,0,-13,-24,-13,6,sil
19.897730350494385,-9,-6,-3,5,-1,18,16,1,1,8,-8,-10,-6,6,sil
19.897730350494385,-2,-15,-1,0,-4,2,0,6,11,17,1,9,9,16,sil
19.91300320625305,9,-11,-1,-1,-3,-9,-10,8,21,24,13,25,23,30,sil
19.91300320625305,8,-10,-11,-13,-15,-21,-17,0,18,11,10,22,18,17,sil
19.929081678390503,5,-3,-5,-11,-15,-22,-19,-4,8,-2,4,18,19,2,sil
19.929081678390503,14,9,7,9,1,-13,-10,-10,-6,-8,10,21,18,1,sil
19.94424152374268,8,12,11,12,9,-6,-7,-11,-29,-21,12,16,-4,-5,sil
19.94424152374268,-1,9,2,7,10,4,0,-1,-27,-16,3,0,-13,-10,sil
19.96034836769104,-10,5,-3,11,11,17,18,-1,-14,0,-17,-19,-12,-14,sil
19.96034836769104,-20,-5,-4,8,3,18,23,-4,-17,-8,-37,-35,-29,-21,sil
19.976101875305176,-12,-6,-1,4,0,22,20,0,-11,-13,-31,-26,-26,-9,sil
19.976101875305176,5,-1,1,7,9,26,16,9,3,9,-10,-11,-5,7,sil
19.991135597229004,-1,-11,-10,0,1,10,7,12,7,24,-2,-15,-8,7,sil
19.991135597229004,-12,-17,-20,-17,-13,-9,-2,5,13,21,-6,-18,-11,4,sil
20.00700807571411,-8,-14,-15,-27,-12,-10,-3,0,26,22,-8,-8,5,0,sil
20.00700807571411,-7,-16,-17,-20,-8,-8,-2,3,25,19,-6,-8,9,-9,sil
20.02218127250672,-6,-10,-13,-18,-8,-17,-13,3,14,-1,-2,0,-2,-10,sil
20.02218127250672,7,3,-2,-18,-8,-19,-22,-4,11,-18,7,16,7,0,sil
20.03821516036988,21,8,7,-2,-4,-17,-22,-5,5,-13,22,23,28,5,sil
20.03821516036988,15,6,16,8,1,-16,-19,-7,-14,-19,22,19,14,-2,sil
20.0542905330658,5,13,8,3,6,-2,-10,-9,-26,-31,13,12,-9,-11,sil
20.0542905330658,11,21,9,0,7,12,2,0,-12,-15,23,17,-2,0,sil
20.075984716415405,17,21,24,10,9,7,15,6,4,8,35,22,13,13,sil
20.075984716415405,5,15,23,16,8,-7,9,-1,0,6,15,10,2,3,sil
20.075984716415405,-2,10,16,13,5,-7,-6,-4,-20,-9,-13,-7,-13,-8,sil
20.085020780563354,2,4,13,17,9,0,-6,0,-21,-2,-7,-7,0,2,sil
20.1011016368866,4,4,14,22,10,8,6,0,0,12,2,1,15,16,sil
20.1011016368866,-8,0,1,11,3,14,12,-4,2,7,-12,-7,3,4,sil
20.11710858345032,-21,-13,-17,-6,0,8,10,0,-5,4,-26,-29,-14,-11,sil
20.11710858345032,-21,-18,-19,-15,-2,7,10,7,4,8,-24,-29,-16,-10,sil
20.13236165046692,-21,-16,-21,-13,-6,13,15,0,12,0,-35,-29,-21,-9,sil
20.13236165046692,-19,-18,-22,-13,-5,8,14,-6,0,0,-40,-27,-28,-8,sil
20.148136138916016,0,-11,-5,-5,-4,6,13,3,11,23,-5,0,-3,9,sil
20.148136138916016,19,4,5,8,-3,11,16,16,33,33,25,23,27,27,sil
20.16373372077942,17,11,11,9,2,7,10,19,30,16,29,26,28,26,sil
20.16373372077942,15,7,5,3,2,-3,0,8,14,6,25,20,22,18,sil
20.1784188747406,3,-6,-12,-6,-8,-14,-11,-9,-5,-4,6,8,10,0,sil
20.1784188747406,-16,-15,-22,-16,-13,-19,-21,-13,-24,-15,-13,-5,-3,-15,sil
20.69121360778809,-3,-4,-9,-4,-10,0,3,3,3,20,6,0,2,-3,sil
20.69121360778809,-8,-9,-14,-10,-7,-4,1,1,-1,0,0,-5,-5,-4,sil
20.707056045532227,-7,-3,-10,-12,3,-2,-1,0,-5,-19,0,-2,-3,-2,sil
20.707056045532227,8,6,-1,-1,14,2,6,3,16,1,14,7,9,5,sil
20.722163438797,16,2,1,0,10,4,9,6,24,14,7,8,9,8,sil
20.72259259223938,3,-2,-8,-8,-1,0,-2,-1,-1,-10,-10,1,-2,-5,sil
20.737313985824585,-5,5,-3,-10,2,-1,-11,-13,-23,-21,-5,1,-2,-13,sil
20.737313985824585,0,13,0,-15,8,9,0,-9,-8,-4,2,-2,2,-6,sil
20.75323462486267,0,5,-6,-20,-6,8,4,0,1,-12,-10,-13,-5,-4,sil
20.75323462486267,0,0,5,-2,-14,-6,-8,-3,-14,-29,-12,0,-13,-4,sil
20.768808364868164,6,9,19,13,0,-8,-13,-7,-20,-15,0,9,-7,0,sil
20.768808364868164,5,9,18,2,3,1,-8,-6,-17,-10,0,-1,-10,3,sil
20.784003734588623,1,3,15,9,-1,4,-1,-2,-15,-14,-9,-10,-18,4,sil
20.799484968185425,-2,5,3,32,0,2,8,5,2,11,-7,-8,-11,7,sil
20.799484968185425,-12,0,-7,19,9,9,15,11,16,30,0,-7,-1,1,sil
20.799484968185425,-19,-15,-9,-3,5,13,22,3,8,19,-4,-16,-2,-5,sil
20.814993619918823,-23,-18,-14,-2,-2,8,21,0,6,17,-21,-24,-11,-3,sil
20.815994024276733,-24,-8,-16,2,-1,10,14,7,19,26,-29,-23,-7,0,sil
20.830231189727783,-12,-11,-17,-5,-2,11,9,6,26,18,-13,-12,9,-3,sil
20.84538006782532,0,-17,-14,-24,-13,-7,-6,3,14,-2,0,3,9,-2,sil
20.84538006782532,9,-10,-6,-25,-12,-17,-16,4,8,-5,5,17,2,3,sil
20.862054109573364,16,-2,5,-7,3,-6,-11,0,6,0,15,25,11,9,sil
20.8630588054657,17,-1,7,-9,0,-11,-14,-7,-2,-10,24,25,20,3,sil
20.8630588054657,17,0,1,-20,-14,-28,-26,-4,-10,-13,28,19,20,-5,sil
20.876665592193604,18,11,18,-3,-5,-24,-22,-1,-15,-4,30,22,20,-1,sil
20.89247417449951,18,25,26,23,12,-6,-7,-5,-16,-7,22,20,12,7,sil
20.89247417449951,14,26,18,24,18,2,-2,-5,-18,-19,3,5,0,5,sil
20.907989263534542,1,14,16,16,11,5,-1,-2,-23,-15,-4,-2,-1,-3,sil
20.907989263534542,-12,4,3,13,0,1,1,-9,-22,-9,-6,-12,-9,-13,sil
20.924036979675293,-17,2,-5,14,-2,5,4,-11,-19,-4,-10,-18,-22,-18,sil
20.924036979675293,-5,1,0,25,10,25,18,1,-1,16,-3,-11,-17,-6,sil
20.940057277679443,0,-5,-5,24,11,28,26,16,23,27,2,-6,-3,13,sil
20.940057277679443,-9,-10,-18,1,-1,8,18,17,32,13,-10,-8,0,16,sil
20.95547223091125,-11,-11,-15,-13,-4,0,16,7,36,11,-19,-4,-2,11,sil
20.95547223091125,0,-16,-5,-15,-5,0,9,2,35,11,-10,1,0,13,sil
20.97051739692688,5,-24,-13,-29,-12,-8,-4,2,21,-4,-9,-3,0,4,sil
20.97051739692688,-7,-26,-26,-46,-17,-20,-13,-1,5,-17,-17,-7,-4,-14,sil
20.98605227470398,-11,-14,-18,-39,-18,-17,-20,-5,-8,-18,-10,-5,-4,-23,sil
20.98605227470398,4,9,1,-6,-7,-4,-19,-4,-21,-16,7,-3,3,-14,sil
21.00212860107422,10,22,19,10,8,4,-3,-4,-24,-17,11,2,5,0,sil
21.00212860107422,4,13,24,13,13,12,13,-3,-16,-2,2,4,-3,13,sil
21.018182039260864,0,8,12,22,12,16,22,0,-11,20,0,-4,-5,15,sil
21.018182039260864,0,10,3,20,9,9,17,2,-6,24,0,-8,1,8,sil
21.0335955619812,0,-2,-5,0,-3,0,0,2,5,13,0,-2,10,2,sil
21.0335955619812,0,-10,-6,-20,-9,-8,-16,2,4,2,11,8,9,-2,sil
21.04929041862488,0,7,1,-17,-3,-10,-18,0,-11,-7,23,17,0,-10,sil
21.04929041862488,5,27,11,16,5,-6,-15,-10,-24,-14,19,13,-10,-13,sil
21.065236568450928,2,25,23,44,12,1,-14,-11,-20,-3,4,9,-11,-6,sil
21.065236568450928,-8,7,11,36,6,10,0,0,0,14,0,0,0,1,sil
21.080453634262085,-9,-11,-7,13,4,13,18,3,16,20,0,-3,5,8,sil
21.080453634262085,4,-18,-9,0,7,5,15,1,21,21,4,9,12,17,sil
21.095980882644653,7,-15,-10,-16,-7,-8,-5,-4,12,0,-1,15,14,10,sil
21.095980882644653,5,-12,-9,-25,-24,-15,-19,-4,-4,-35,-12,1,0,-8,sil
21.11111879348755,13,-5,-3,-11,-11,-16,-7,12,6,-21,-3,0,-1,-3,sil
21.11111879348755,13,0,1,-13,1,-21,1,18,26,8,10,9,16,8,sil
21.126728534698486,-6,-2,-6,-27,-8,-14,-5,1,6,-8,-4,-6,7,-10,sil
21.126728534698486,-24,0,-14,-13,-7,6,-3,-3,-9,-25,-26,-31,-17,-31,sil
21.142067193984985,-12,15,5,11,19,21,9,3,4,-9,-19,-22,-18,-19,sil
21.142067193984985,2,21,16,18,27,19,20,0,7,1,-2,-7,-4,0,sil
21.157198667526245,-7,2,-3,7,4,12,16,-5,-9,0,-7,-11,-8,-1,sil
21.157198667526245,-21,-13,-13,-1,-7,12,8,-3,-14,4,-19,-14,-12,-3,sil
21.17232871055603,-11,-12,-4,3,0,10,6,-2,-7,13,-12,-12,-9,8,sil
21.172733783721924,1,-6,6,7,4,8,4,-2,-1,12,0,-7,-7,14,sil
21.188437461853027,11,-2,7,6,-2,4,4,0,13,14,6,9,6,17,sil
21.188437461853027,24,-1,5,1,-8,-6,1,5,21,18,10,25,28,28,sil
21.20406746864319,23,-7,1,-9,-10,-13,-4,11,17,9,17,27,28,22,sil
21.20406746864319,12,-3,-1,-8,-4,-7,-7,4,14,7,28,25,20,9,sil
21.21965789794922,15,12,13,0,-1,-13,-15,-3,3,10,37,34,21,12,sil
21.21965789794922,17,12,18,0,-7,-28,-23,-6,-13,-7,27,20,5,0,sil
21.23536205291748,0,0,1,-13,-7,-27,-23,-11,-32,-32,0,-8,-22,-31,sil
21.23536205291748,-16,3,1,-3,0,-9,-20,-14,-43,-30,-11,-17,-34,-33,sil
21.2505099773407,-13,16,8,19,7,8,-9,-11,-38,-14,0,-14,-24,-16,sil
21.2505099773407,-8,17,4,21,8,16,3,-7,-31,-12,0,-16,-15,-15,sil
21.266647338867188,-14,1,-9,4,5,15,14,0,-22,-4,-18,-22,-11,-11,sil
21.266647338867188,-21,-13,-19,-6,2,17,27,9,3,23,-20,-22,-1,5,sil
21.282065629959103,-8,-11,-10,-8,1,24,41,17,32,38,-9,-12,6,16,sil
21.282065629959103,2,-11,-11,-9,-7,15,35,18,40,22,-12,-5,5,13,sil
21.29807734489441,-6,-24,-21,-21,-15,-8,3,9,31,1,-14,0,7,6,sil
21.29807734489441,-5,-15,-14,-24,-4,-18,-14,0,22,0,1,13,19,2,sil
21.313363313674927,12,7,3,-4,15,-13,-19,-2,8,-8,15,23,21,0,sil
21.313363313674927,8,12,10,2,16,-8,-32,-7,-17,-24,7,12,2,-12,sil
21.32850313186645,-9,3,3,5,6,0,-28,-13,-32,-20,-4,-2,-18,-21,sil
21.32850313186645,-9,2,9,25,8,13,0,-6,-17,-17,-7,-6,-26,-7,sil
21.34419250488281,-1,6,15,39,9,22,21,6,5,-7,-6,-5,-10,9,sil
21.34419250488281,-4,0,-3,22,-3,21,22,6,13,16,-7,-13,3,10,sil
21.359363555908203,-10,-11,-15,-6,-8,12,15,0,19,18,-10,-13,0,6,sil
21.359363555908203,0,-12,-11,-11,0,-2,10,0,40,12,-3,-2,4,11,sil
21.37543177604676,19,-2,-1,-1,2,-18,0,0,43,23,9,11,19,16,sil
21.37543177604676,20,5,6,-1,-4,-21,-14,0,29,14,14,15,18,11,sil
21.39125108718872,19,8,3,-13,-14,-16,-23,0,27,-15,5,14,11,3,sil
21.39125108718872,26,9,4,-21,-14,-20,-23,0,9,-22,6,20,13,3,sil
21.406481742858887,17,12,9,-10,-9,-23,-12,-4,-27,-7,20,20,13,4,sil
21.406481742858887,2,22,19,3,-3,-6,-8,-8,-38,-1,24,17,4,-5,sil
21.422334909439087,4,28,23,11,3,3,-11,-3,-31,-1,15,14,-4,-16,sil
21.43707847595215,-4,12,11,15,6,-7,-1,-1,-36,-5,0,-2,-13,-20,sil
21.43707847595215,-16,-6,6,12,0,-7,9,-3,-35,-14,-18,-22,-21,-19,sil
21.45306634902954,-2,-4,5,4,-2,4,5,0,-23,-12,-17,-16,-18,-10,sil
21.45306634902954,2,0,3,-3,-4,1,-5,0,-25,-12,-5,-8,-19,-8,sil
21.46896862983704,-16,-7,5,0,-6,9,1,0,-23,-12,-8,-18,-24,-11,sil
21.46896862983704,-19,-15,-3,12,8,28,25,9,-1,19,-2,-15,-1,2,sil
21.46896862983704,-9,-18,-17,6,22,22,30,13,11,42,7,0,25,21,sil
21.48530864715576,-20,-24,-33,-15,8,10,18,0,-4,18,-7,-3,6,12,sil
21.49945306777954,-27,-21,-27,-18,-1,23,15,-4,-22,0,-22,-16,-21,0,sil
21.49945306777954,-7,-10,-7,-2,4,29,21,6,-8,9,-9,-16,-14,5,sil
21.515564918518063,11,-8,-8,0,0,7,15,9,28,14,3,-8,6,13,sil
21.515564918518063,14,-1,-10,-7,0,-2,2,8,57,13,13,10,22,15,sil
21.531455039978027,14,12,0,-1,14,8,6,10,65,20,28,25,33,16,sil
21.531455039978027,15,12,5,0,9,0,0,2,42,7,29,19,25,12,sil
21.54712748527527,13,7,7,-3,-6,-21,-19,-8,8,-8,15,16,14,6,sil
21.54712748527527,11,11,6,-1,-6,-21,-20,-11,2,-2,11,15,16,4,sil
21.562380075454712,0,9,3,-13,-2,-13,-23,-13,1,-7,4,10,6,-6,sil
21.562380075454712,-8,-3,-6,-24,-8,-13,-29,-12,-12,-22,-11,-3,-7,-18,sil
21.57847309112549,-5,-5,-6,-9,-3,-10,-14,-6,-12,-19,-15,-16,-8,-14,sil
21.57847309112549,-6,0,6,5,1,-8,-1,-6,-4,-11,-13,-18,-14,-9,sil
21.593650341033936,-15,-2,-2,2,-6,-10,-1,-5,-7,-15,-30,-19,-28,-15,sil
21.593650341033936,-13,-10,-13,-2,-16,-9,-3,0,-18,-24,-47,-22,-29,-21,sil
21.60933756828308,-9,-11,-8,4,-16,-14,-12,-2,-29,-27,-40,-21,-25,-22,sil
21.60933756828308,-6,-9,-1,14,-13,-24,-24,-13,-36,-26,-31,-16,-27,-22,sil
21.625417947769165,-3,-5,3,12,-12,-19,-24,-10,-30,-28,-28,-5,-25,-17,sil
21.625417947769165,-4,-1,2,7,-10,-4,-10,0,-15,-12,-9,5,-11,-5,sil
21.6415331363678,5,6,10,11,2,4,9,11,0,12,13,19,4,10,sil
21.6415331363678,32,30,32,26,24,17,29,21,21,30,40,37,24,26,sil
21.65707015991211,39,42,37,31,25,21,28,20,33,42,63,47,41,33,sil
21.65707015991211,23,28,23,19,15,21,16,15,26,37,53,38,37,24,sil
21.67231249809265,16,17,10,10,14,24,17,7,15,13,28,17,23,13,sil
21.67231249809265,14,13,9,4,12,17,13,0,11,11,31,6,21,11,sil
21.688044548034668,2,4,5,-2,7,9,2,4,12,30,41,4,29,11,sil
21.688044548034668,-9,-8,-10,-13,6,4,1,1,4,13,18,-5,16,0,sil
21.70318078994751,-16,-16,-13,-20,-1,-5,0,-13,-11,-13,-12,-14,-15,-8,sil
21.70318078994751,-16,-13,-12,-16,-7,-4,1,-15,-17,-4,-19,-16,-26,-6,sil
21.71928381919861,-21,-13,-19,-20,-3,6,0,-8,-17,-3,-24,-23,-21,-6,sil
21.71928381919861,-26,-19,-21,-24,-4,10,-3,-6,-14,-18,-31,-31,-24,-10,sil
21.7350013256073,-13,-11,-7,-4,-5,5,4,1,0,0,-17,-23,-12,-1,sil
21.7350013256073,-3,-4,0,3,2,3,14,6,6,18,-9,-9,0,2,sil
21.75105762481689,-12,-22,-11,-6,0,4,8,0,-4,-4,-16,-15,-10,-6,sil
21.75105762481689,-12,-29,-9,-7,-6,3,4,-1,-2,-14,-18,-18,-18,-7,sil
21.767375707626343,0,-12,0,-4,-3,0,8,1,8,7,-11,-8,-6,1,sil
21.767375707626343,8,0,-6,1,-3,-9,0,0,3,4,-12,-2,0,1,sil
21.782455921173096,4,2,-4,12,-12,-19,-17,0,0,-17,-11,0,0,-1,sil
21.782455921173096,2,0,-3,6,-12,-16,-14,4,12,-3,-1,5,12,0,sil
21.79807496070861,8,-4,-9,-9,-3,-6,-7,2,14,14,0,9,19,4,sil
21.79807496070861,6,-7,-3,-11,-7,-10,-11,0,3,-4,-7,16,10,2,sil
21.81368851661682,0,-5,-4,-10,-15,-21,-15,0,1,-19,0,18,6,0,sil
21.81368851661682,5,2,-2,-7,-4,-9,-16,-2,-2,-15,17,21,10,3,sil
21.82923889160156,19,17,10,10,11,6,-10,-5,-10,-13,18,22,13,3,sil
21.82923889160156,18,27,17,18,14,4,0,-1,-3,-5,17,18,11,0,sil
21.844600677490234,7,24,14,11,10,1,4,3,4,11,25,17,9,0,sil
21.844600677490234,-1,15,4,4,3,-3,-2,-1,-2,12,23,7,9,0,sil
21.860143184661865,-1,14,8,0,6,-8,-16,-4,-11,0,8,0,-1,-6,sil
21.860143184661865,6,21,12,9,15,1,-5,0,-7,-1,4,1,-16,-8,sil
21.875563621521,0,18,3,17,6,3,4,-2,-11,-6,5,0,-20,-9,sil
21.875563621521,-20,2,0,4,-9,-7,-1,-3,-16,-19,0,-6,-19,-10,sil
21.8913643360138,-7,-7,4,-2,-7,-1,6,5,0,-9,-5,-8,-13,-4,sil
21.8913643360138,17,-5,7,3,8,9,19,4,11,0,-7,-4,-7,0,sil
21.906569957733154,13,-5,0,-1,10,8,11,-5,-1,-5,-13,-15,-10,-5,sil
21.906569957733154,-3,-17,-10,-15,-6,1,0,-6,-12,2,-20,-29,-17,-7,sil
21.92228651046753,0,-17,-2,-7,-11,5,0,-2,-6,10,-23,-25,-13,-4,sil
21.92228651046753,4,0,2,15,4,11,0,-2,0,3,-16,-16,-2,-2,sil
21.93769359588623,-4,5,0,13,9,11,-1,0,1,0,-11,-19,0,-2,sil
21.93769359588623,-14,-5,0,-3,0,14,5,8,6,9,-7,-16,4,0,sil
21.953001976013184,-12,-11,2,-6,0,13,14,9,16,19,0,-3,11,13,sil
21.953001976013184,-11,-2,2,-1,6,8,17,10,19,26,4,4,15,22,sil
21.969030380249023,-23,1,0,4,5,13,25,7,19,26,-2,5,18,18,sil
21.969030380249023,-31,-1,0,6,0,18,23,3,14,20,-1,8,16,12,sil
21.98451352119445,-37,-6,-5,0,-4,7,13,7,12,25,13,15,18,16,sil
21.98451352119445,-56,-11,-18,-14,-9,-7,4,5,12,17,9,9,15,16,sil
22.000023365020752,-35,-21,-16,-25,-13,-16,-12,-5,5,-19,-10,-2,-2,1,sil
22.000023365020752,45,-18,-12,-18,-10,-21,-23,-9,-1,-28,-3,0,-11,-1,sil
22.017210006713867,82,0,-13,-6,-3,-19,-18,-4,-5,-10,18,19,4,1,sil
22.017210006713867,52,4,-8,-8,-4,-17,-14,0,-5,-18,18,26,16,-4,sil
22.03108263015747,41,0,-5,-12,-7,-21,-12,-2,-6,-25,15,16,8,-10,sil
22.03108263015747,36,1,-1,-16,-8,-25,-19,-8,-19,-16,19,11,-8,-16,sil
22.046437740325928,5,1,0,-18,-12,-21,-25,-11,-29,-21,11,4,-16,-28,sil
22.046437740325928,-4,0,7,-9,-7,-10,-16,-8,-28,-26,10,5,-8,-21,sil
22.06206202507019,2,10,16,6,4,4,-2,-1,-24,-10,19,15,-2,-6,sil
22.06206202507019,0,26,22,25,9,10,0,3,-16,1,17,15,-4,-4,sil
22.084412097930908,0,31,40,42,13,12,4,8,-1,5,15,13,0,5,sil
22.084412097930908,4,27,39,47,21,17,13,6,11,22,13,8,9,19,sil
22.084412097930908,-6,21,17,41,20,17,11,-1,11,20,-3,-2,2,8,sil
22.093462467193604,-9,17,15,43,9,16,6,-2,3,1,-12,-5,-5,0,sil
22.10896921157837,0,8,12,40,0,14,8,0,1,7,-14,-10,0,13,sil
22.10896921157837,-4,-6,-5,5,-8,0,4,0,11,21,-35,-21,2,17,sil
22.12501215934753,-17,-21,-28,-26,-13,-10,-1,1,26,5,-47,-25,0,5,sil
22.12501215934753,-14,-19,-30,-28,-5,-4,-6,0,18,-21,-41,-21,-5,-5,sil
22.141184091568,-5,-4,-19,-20,8,5,-4,-1,-1,-17,-29,-18,-12,-16,sil
22.141184091568,-16,-3,-21,-24,15,6,5,0,0,0,-11,-25,-14,-23,sil
22.156970739364624,-35,-16,-23,-31,11,3,7,-1,0,-6,-17,-40,-22,-24,sil
22.156970739364624,-37,-23,-19,-12,-1,10,7,-6,-14,-16,-39,-48,-38,-18,sil
22.172182083129883,-21,-19,-15,10,-7,16,11,2,-1,2,-27,-27,-35,0,sil
22.17253541946411,-2,-13,-10,1,0,11,14,18,24,26,0,1,-6,15,sil
22.187321662902832,2,-14,-15,-28,-1,-4,13,14,28,31,3,6,18,12,sil
22.187321662902832,2,-17,-12,-43,-10,-15,5,5,23,18,12,10,28,9,sil
22.203510522842407,19,-2,2,-23,-9,-13,-2,5,20,3,38,29,33,13,sil
22.203510522842407,33,15,14,-3,-2,-14,-11,0,1,0,51,38,31,14,sil
22.21949553489685,20,11,12,-16,0,-16,-17,-6,-13,-1,44,27,21,10,please
22.21949553489685,4,0,0,-33,-2,-12,-19,-9,-15,-13,33,14,11,0,please
22.234156608581543,6,4,7,-17,-2,-13,-20,-11,-27,-16,28,15,4,-6,please
22.234156608581543,14,17,28,13,3,-9,-9,-5,-28,-6,30,20,3,-1,please
22.249364376068115,11,23,28,24,3,1,1,0,-21,-11,23,17,-2,-5,please
22.249364376068115,2,12,20,13,-1,4,-3,-10,-32,-26,5,6,-19,-17,please
22.265424013137817,3,-1,12,19,0,2,-2,-16,-39,-11,-1,2,-14,-8,please
22.265424013137817,9,6,20,49,-1,9,6,-3,-28,11,2,12,6,8,please
22.28112363815308,8,19,28,63,-7,14,12,7,-11,15,3,15,18,12,please
22.28112363815308,-7,6,10,36,0,17,17,4,5,9,-8,-4,8,5,please
22.296077489852905,-23,-11,-13,9,2,17,18,2,10,8,-30,-23,-10,-7,please
22.311158180236816,-26,-17,-24,14,-4,5,17,6,13,16,-40,-24,-13,-9,please
22.311158180236816,-19,-18,-25,11,-6,-4,14,8,30,13,-28,-14,0,0,please
22.32667636871338,0,-14,-13,-11,-5,-4,1,7,38,2,-16,6,12,15,please
22.32667636871338,23,0,2,-15,-2,-3,-10,7,32,7,-5,24,18,22,please
22.34204864501953,22,6,2,-12,9,0,-12,9,33,11,13,23,4,6,please
22.34204864501953,6,2,-10,-20,11,1,-7,3,34,-2,14,15,-4,-7,please
22.358152866363525,8,5,-5,-19,2,-8,-10,-5,20,-13,-9,14,2,4,please
22.358152866363525,15,18,4,-7,6,-17,-14,-8,6,-17,-18,-5,-3,2,please
22.37318229675293,6,25,-2,1,15,-8,-8,-9,3,-27,0,-37,-25,-22,please
22.37318229675293,-5,13,-1,3,7,0,-9,-7,9,-30,11,-34,-21,-20,please
22.388696670532227,-5,0,0,0,0,-6,-13,-2,8,-5,8,-17,-3,-2,please
22.388696670532227,-5,-4,-3,0,4,0,-1,-3,-15,13,-1,-13,-6,-1,please
22.40477466583252,-13,-11,-5,0,8,20,15,-3,-32,5,-10,-13,-14,-3,please
22.40477466583252,-22,-17,-11,0,0,19,14,0,-20,2,-11,-18,-7,1,please
22.42050170898437,-23,-15,-6,-9,-2,2,2,7,-18,16,-13,-24,-2,3,please
22.42050170898437,-22,-20,-13,-18,3,7,9,9,-30,10,-21,-23,-5,-3,please
22.436026334762573,-22,-30,-28,-29,0,12,8,0,-28,-12,-28,-25,-12,-13,please
22.436026334762573,-12,-21,-20,-29,-16,-1,-4,0,-12,-4,-20,-19,0,-7,please
22.45106554031372,3,-9,-4,-23,-24,-20,-7,12,-6,22,9,7,27,6,please
22.45106554031372,17,0,7,-23,-16,-29,-13,1,-19,5,34,35,26,6,please
22.46711230278015,26,16,21,-6,-5,-23,-24,-16,-24,-20,26,38,4,1,please
22.46711230278015,25,28,25,9,-2,-16,-19,-10,-11,-12,18,36,4,2,please
22.482346296310425,12,22,23,4,-3,-16,-4,0,-13,-10,21,38,4,-4,please
22.482346296310425,5,17,20,12,0,0,7,-2,-18,-8,12,21,-8,-11,please
22.49767279624939,5,14,24,32,9,21,14,0,0,13,10,10,-5,0,please
22.49767279624939,4,16,20,35,12,19,13,5,15,12,21,12,2,8,please
22.51339769363404,5,20,17,35,9,15,19,2,19,-5,21,11,0,2,please
22.51339769363404,10,8,18,34,14,32,41,9,40,19,10,7,4,13,please
22.528993368148804,0,-11,-6,17,12,37,49,17,63,42,-12,-9,4,25,please
22.528993368148804,-21,-22,-30,0,-1,15,18,4,45,9,-38,-27,-15,9,please
22.545048475265503,-25,-25,-26,-6,-8,0,-7,-11,18,-9,-24,-23,-16,-5,please
22.545048475265503,-16,-19,-22,-13,-3,-4,-7,-5,16,9,4,-17,8,1,please
22.56118988990784,-6,-1,-17,-5,-1,-7,-8,9,13,11,0,-13,22,7,please
22.56118988990784,5,0,-13,7,-2,-10,-12,7,2,-1,-5,0,24,4,please
22.576462507247925,9,-10,-8,-7,-5,-18,-19,-4,-1,-7,-9,1,13,2,please
22.576462507247925,9,-2,5,-16,-8,-22,-27,-9,-6,-13,-15,0,0,0,please
22.592110633850098,19,12,19,0,-2,-13,-22,-3,-13,-14,7,17,9,1,please
22.592110633850098,18,6,11,-5,6,1,-11,0,-10,-9,25,22,16,0,please
22.60773587226868,4,-2,-6,-24,1,0,-13,-8,-11,-14,8,2,0,-12,please
22.60773587226868,6,0,-1,-25,-10,-21,-26,-12,-26,-24,3,5,-9,-20,please
22.623699188232425,16,7,9,-6,-9,-18,-22,-5,-24,-18,14,19,0,-11,please
22.623699188232425,7,13,4,9,2,1,-4,-1,-11,-4,3,0,-5,-5,please
22.639440059661865,-15,7,-1,0,3,3,1,-1,-18,-2,-12,-21,-24,-14,please
22.639440059661865,-23,0,-6,-5,2,-2,3,0,-23,-8,-11,-20,-25,-20,please
22.65504789352417,-14,2,2,10,12,3,12,-1,-11,-6,-9,-15,-15,-8,please
22.65504789352417,-12,9,13,21,20,12,23,5,-4,3,-15,-18,-13,0,please
22.671188354492188,-18,0,-1,11,10,11,20,9,-3,5,-19,-19,-12,-4,please
22.671188354492188,-19,-9,-11,0,0,10,16,6,0,6,-19,-17,-8,-2,please
22.68640756607056,-5,0,0,5,3,18,27,9,12,23,-8,-10,1,14,sil
22.68640756607056,1,4,5,12,6,18,30,10,14,27,5,2,4,19,sil
22.702051639556885,-8,-13,-7,-4,-5,8,8,3,3,17,3,1,-7,10,sil
22.702051639556885,-12,-23,-22,-22,-14,1,-1,5,8,17,-8,-10,-10,9,sil
22.717214107513428,0,-9,-7,-7,-7,-3,0,9,26,7,-1,0,6,10,sil
22.717214107513428,3,-3,-1,5,-6,-13,-8,-4,24,-1,12,17,16,2,sil
22.733256816864014,1,-8,-5,-10,-9,-10,-20,-13,3,5,6,15,9,0,sil
22.733256816864014,15,0,5,-15,-4,3,-16,-7,-8,-2,0,19,12,3,sil
22.748735666275024,26,5,12,-2,-3,-2,-7,-6,-5,-16,12,30,22,7,sil
22.748735666275024,21,-1,3,-10,-8,-22,-11,-7,-8,-11,17,25,15,3,sil
22.76398539543152,16,-2,-3,-19,-11,-23,-16,-3,-11,-14,9,11,3,-4,sil
22.76398539543152,13,14,3,0,-7,-10,-15,-1,-5,-26,10,11,-1,-5,sil
22.7794086933136,10,29,22,24,0,0,-8,0,0,-9,21,14,3,0,sil
22.7794086933136,11,27,21,32,8,7,0,0,0,11,24,4,11,0,sil
22.79524397850037,2,16,13,19,12,15,4,-2,0,1,6,-7,0,-2,sil
22.79524397850037,-12,8,7,13,18,22,6,0,0,-5,-5,-17,-19,-7,sil
22.810392141342163,-15,0,0,25,22,24,8,4,0,8,-3,-20,-12,-3,sil
22.810392141342163,-12,-8,-2,24,12,19,23,7,7,19,-8,-19,4,8,sil
22.82568454742432,-14,-19,-8,-3,-2,9,37,5,24,19,-22,-25,4,8,sil
22.82568454742432,-15,-32,-21,-32,-12,-1,17,4,24,14,-25,-25,-6,0,sil
22.84142208099365,-7,-32,-25,-31,-14,-11,0,6,11,4,-15,-6,-5,0,sil
22.84142208099365,3,-16,-13,-17,-10,-21,3,3,6,-1,-1,12,4,7,sil
22.85716032981873,6,-1,0,-15,-7,-21,-11,-7,-5,-11,3,17,8,1,sil
22.85716032981873,1,2,-3,-18,-5,-18,-29,-11,-24,-19,0,13,9,-9,sil
22.872337579727173,4,7,-4,-15,0,-22,-23,-2,-21,-23,6,13,9,-11,sil
22.872337579727173,10,19,7,-2,8,-15,-12,7,0,-15,16,13,0,0,sil
22.888454914093018,4,26,12,12,10,2,-5,2,-1,-4,5,3,-10,1,sil
22.9043836593628,-1,21,10,18,6,4,-4,-7,-21,0,-7,0,-9,-13,sil
22.9043836593628,0,17,12,29,11,2,-3,-7,-19,0,1,0,0,-15,sil
22.9043836593628,-2,13,14,36,12,15,-1,0,-17,1,2,-7,-7,-7,sil
22.92006516456604,-16,-3,0,15,2,23,3,-1,-25,-5,-22,-24,-28,-15,sil
22.92006516456604,-17,-16,-12,-5,-1,18,12,-1,-15,-6,-28,-27,-27,-9,sil
22.93520712852478,-9,-7,-1,0,0,12,18,5,4,2,-3,-10,-4,7,sil
22.93620729446411,-4,-4,-6,7,-6,7,13,8,20,19,5,-5,3,7,sil
22.95044946670532,-8,-19,-20,-8,-10,6,6,8,28,24,-4,-15,-5,-1,sil
22.9656286239624,-11,-27,-18,-23,-7,9,11,7,27,15,-15,-16,-9,0,sil
22.9656286239624,-3,-18,-8,-12,-12,3,11,3,25,17,-9,-4,2,15,sil
22.98197054862976,10,-11,3,-11,-16,-7,-1,3,22,25,12,12,19,26,sil
22.98234915733337,9,-17,-1,-30,-11,-17,-10,-2,13,9,17,15,22,16,sil
22.99712610244751,4,-12,-9,-27,-4,-19,-13,-14,7,-17,1,12,11,0,sil
22.99712610244751,19,16,3,3,4,-12,-11,-9,6,-16,11,28,21,6,sil
23.0122938156128,34,36,20,17,13,-12,-4,-2,-1,1,42,47,44,23,sil
23.0122938156128,26,26,27,1,11,-13,-1,-5,-8,3,40,39,37,18,sil
23.027656078338623,14,10,11,-6,4,-3,-2,-9,-11,-5,17,17,11,-1,sil
23.027656078338623,1,5,-2,-7,-2,-2,-12,-10,-25,-20,1,1,-10,-18,sil
23.0424599647522,-12,9,4,-3,-3,-3,-16,-8,-32,-28,-6,-8,-26,-24,sil
23.0424599647522,-14,10,10,11,5,7,-1,-4,-23,-29,-14,-16,-31,-20,sil
23.058067083358765,-10,6,10,21,5,13,5,2,-20,-23,-18,-16,-27,-14,sil
23.058067083358765,-6,7,8,22,-2,3,2,10,-17,-3,-14,-12,-20,-9,sil
23.073261976242065,-3,6,1,23,0,0,1,6,-4,1,-14,-16,-19,-2,sil
23.073261976242065,-4,0,-3,20,5,8,5,3,4,0,-19,-22,-17,-2,sil
23.089327812194824,-5,-4,-6,17,3,11,12,15,16,28,-15,-18,-5,-3,sil
23.089327812194824,-1,-5,-4,13,3,12,15,17,23,40,-8,-7,-4,5,sil
23.10505962371826,-3,-17,-10,0,2,12,12,10,25,11,-6,-8,-10,16,sil
23.10505962371826,-13,-29,-21,-22,-2,6,10,12,28,0,-7,-12,2,11,sil
23.1212124824524,-13,-20,-19,-32,-1,4,12,20,20,9,-9,-4,19,8,sil
23.1212124824524,3,-8,-11,-23,-2,0,14,26,8,7,0,4,23,10,sil
23.137300729751587,13,-10,-2,-15,-11,-18,3,13,4,-1,13,11,18,5,sil
23.137300729751587,6,-5,1,-9,-7,-19,-6,-18,2,-2,15,9,16,-5,sil
23.15275478363037,1,7,2,2,6,-4,-4,-36,0,6,18,11,19,-6,sil
23.15275478363037,6,6,4,1,1,-11,-11,-28,-6,3,17,20,17,-2,sil
23.16828346252441,0,-1,0,-11,-9,-26,-23,-25,-17,-11,6,14,2,-6,sil
23.16828346252441,-7,4,-1,-12,-3,-11,-22,-24,-24,-21,1,4,-11,-14,sil
23.184298515319824,-2,18,2,5,9,10,-13,-10,-28,-17,3,5,-12,-13,sil
23.184298515319824,3,22,8,21,15,12,-11,-5,-34,-15,0,1,-11,-5,sil
23.19962167739868,-4,14,14,17,14,9,-8,-7,-25,-12,-3,-9,-11,-5,sil
23.19962167739868,-7,5,7,13,12,16,1,0,-4,7,3,-16,-9,-6,sil
23.215582370758057,-2,1,3,18,11,21,6,10,4,32,2,-14,-2,5,sil
23.215582370758057,-4,-4,3,11,1,19,14,17,10,33,-9,-7,0,17,sil
23.23119187355041,-8,-13,-12,-12,-16,9,22,12,14,12,-14,-6,-3,18,sil
23.23119187355041,-5,-15,-16,-18,-23,-3,12,10,13,-1,-8,0,-3,17,sil
23.24631977081299,5,-10,-6,-7,-14,-10,3,12,22,0,0,12,13,13,sil
23.24631977081299,15,-2,1,-13,-11,-13,0,9,20,-9,5,21,19,0,sil
23.26207971572876,19,7,6,-14,-15,-16,-3,3,5,-23,10,15,3,-7,sil
23.26207971572876,15,9,14,2,-6,-14,-8,0,0,-21,8,1,-8,-13,sil
23.27714514732361,6,8,21,12,4,-2,-7,-2,0,-6,0,-4,-11,-12,sil
23.27714514732361,11,17,16,23,15,12,6,2,4,7,-3,-2,-1,8,sil
23.292333126068115,17,15,12,28,22,19,18,9,22,17,-4,-1,4,20,sil
23.292333126068115,-1,-12,0,0,8,9,9,3,25,13,-15,-12,-4,-1,sil
23.307810068130493,-28,-34,-27,-33,-13,-13,-1,-9,14,-5,-26,-22,-17,-17,sil
23.307810068130493,-27,-32,-33,-44,-17,-31,-6,-10,13,-21,-20,-15,-10,-12,sil
23.32319974899292,-6,-20,-16,-29,-6,-26,-12,-6,6,-17,-2,-1,3,-8,sil
23.32319974899292,7,4,0,-4,1,-10,-16,-12,-24,-12,13,11,5,-3,sil
23.338341236114506,8,28,11,7,3,-2,-13,-8,-44,-10,27,22,4,0,sil
23.338341236114506,2,26,10,12,4,1,-8,2,-34,-5,25,15,4,-5,sil
23.354442358016968,0,13,8,20,10,8,-8,0,-30,-3,5,-2,-6,-7,sil
23.354442358016968,-3,6,5,22,12,12,0,-7,-31,0,-5,-5,-11,0,sil
23.37007761001587,-5,4,2,17,5,16,11,3,-12,13,-1,4,2,8,sil
23.37007761001587,-4,3,0,21,7,26,22,14,6,23,0,2,7,12,sil
23.38565444946289,-5,-3,-6,20,10,24,28,6,9,30,-2,-6,6,12,sil
23.38565444946289,-7,-11,-2,8,4,8,16,3,3,29,1,-2,13,14,sil
23.401209354400635,-5,-13,-1,1,-2,1,-1,4,-6,11,1,2,7,7,sil
23.401209354400635,-4,-15,-14,-10,-10,0,-7,-3,-10,0,-11,-11,-8,-6,sil
23.41645908355713,-5,-14,-13,-20,-13,0,0,0,13,13,-17,-13,-4,-10,sil
23.41645908355713,-2,-8,-7,-14,-6,1,10,12,47,23,-2,-1,16,0,sil
23.43201875686645,0,-9,-8,-22,-4,-6,0,3,42,-3,4,0,15,0,sil
23.43201875686645,2,-10,-6,-27,-9,-13,-11,-8,8,-28,-2,-3,1,-7,sil
23.44719648361206,12,0,3,-5,-6,-6,-8,-5,-2,-16,0,6,2,-2,sil
23.46310067176819,18,10,13,6,2,-1,-1,3,8,0,16,18,10,5,sil
23.46310067176819,14,8,10,-4,4,-13,-8,2,13,-6,25,12,5,7,sil
23.46310067176819,9,6,6,-13,-4,-26,-20,-3,5,-20,16,13,-3,7,sil
23.47928547859192,17,16,11,-6,-6,-27,-16,-3,-1,-22,5,20,-5,6,sil
23.49477219581604,10,24,13,7,3,-17,-11,-7,-16,-18,0,5,-12,-6,sil
23.49477219581604,-11,20,17,23,9,1,-13,-13,-31,-20,-4,-8,-22,-22,sil
23.49477219581604,-5,19,16,36,7,23,-3,-12,-29,-11,0,0,-15,-12,sil
23.509333848953247,12,24,17,39,13,26,-1,-6,-21,1,5,7,-10,4,sil
23.52534866333008,-1,14,11,30,14,20,1,-3,-21,-3,-8,-10,-21,-5,sil
23.52534866333008,-27,-12,-8,9,0,19,22,-3,-18,-9,-24,-32,-23,-15,sil
23.52634024620056,-25,-29,-25,-19,-6,10,28,0,-1,9,-23,-28,-5,-7,sil
23.54221510887146,-19,-28,-33,-33,-5,-5,19,7,21,28,-20,-24,5,-4,sil
23.54221510887146,-24,-26,-29,-29,-7,-2,17,11,25,24,-20,-23,2,-4,sil
23.55730938911438,-19,-28,-18,-26,-9,4,15,16,24,27,-12,-10,4,9,sil
23.55730938911438,4,-17,-12,-23,-3,-6,7,17,29,32,-3,6,15,21,sil
23.57205939292908,16,-4,0,-13,0,-11,2,10,23,17,-3,8,9,17,sil
23.58808875083924,5,-2,5,-4,-4,-3,0,3,10,3,3,-2,-2,8,sil
23.58808875083924,7,0,5,2,-4,-3,-5,4,6,2,11,1,0,3,sil
23.603301286697388,21,7,4,10,8,-3,-4,6,2,-4,11,15,12,5,sil
23.603301286697388,18,9,2,8,9,-2,-4,1,0,-6,14,21,19,12,sil
23.618435382843018,16,13,14,2,1,-2,-10,-3,1,6,20,28,29,18,sil
23.618435382843018,26,17,20,14,8,6,-11,-10,0,11,24,32,34,16,sil
23.63419008255005,12,7,2,18,5,7,-15,-22,-20,-14,17,15,12,-5,sil
23.63419008255005,-18,1,-5,-3,-12,-6,-20,-23,-43,-48,-2,-7,-20,-32,sil
23.650301456451416,-22,0,-1,-11,-15,-12,-6,-10,-35,-45,-8,-13,-20,-30,sil
23.650301456451416,-4,0,6,5,-4,-6,5,7,-6,-11,11,4,4,-11,sil
23.66541576385498,0,7,9,19,-3,-5,0,17,7,1,25,21,14,0,sil
23.66541576385498,-6,13,8,13,-4,-11,-11,10,1,-8,18,18,1,-1,sil
23.681659698486328,-9,3,8,3,-2,-11,-7,-2,-8,-5,6,5,-8,-5,sil
23.681659698486328,-2,0,3,0,-8,-5,-4,-11,-21,3,-4,-6,-10,1,sil
23.697275400161743,10,11,5,3,-4,0,-9,-12,-25,-8,-8,1,-13,8,sil
23.697275400161743,19,18,13,12,15,7,0,-8,-7,-13,-2,12,-11,4,sil
23.71240210533142,12,7,14,17,25,15,13,0,12,6,-3,-1,-9,0,sil
23.71240210533142,2,0,10,17,10,21,13,12,18,21,-8,-12,-11,4,sil
23.728323698043823,5,-2,0,13,2,21,11,13,26,28,-4,-5,-5,8,sil
23.728323698043823,-3,-15,-9,0,10,17,13,4,26,27,-13,-14,-4,-1,sil
23.74368047714233,-29,-22,-25,-13,7,17,14,-3,10,18,-36,-40,-19,-17,sil
23.74368047714233,-39,-17,-36,-21,-4,12,18,-6,0,5,-43,-46,-26,-22,sil
23.75873827934265,-34,-19,-38,-31,-5,4,23,-1,7,0,-38,-48,-20,-13,sil
23.75873827934265,-30,-33,-46,-42,-4,1,20,6,8,5,-41,-54,-13,-4,sil
23.77401876449585,-18,-32,-35,-54,-6,0,4,8,-1,1,-29,-30,2,2,sil
23.77401876449585,0,-16,-13,-52,-7,-7,-2,3,5,-2,0,-1,21,9,sil
23.790058135986328,4,-3,-14,-28,-9,-16,0,0,22,2,4,-1,15,5,sil
23.790058135986328,4,-4,-9,-20,-9,-22,-15,3,12,6,-5,-4,3,0,sil
23.806108474731445,13,0,9,-14,-8,-24,-27,4,0,3,13,19,18,9,sil
23.806108474731445,32,21,29,20,-3,-15,-17,2,2,-6,43,49,33,24,sil
23.82236099243164,49,39,43,58,8,-3,-4,0,6,-7,54,59,34,29,sil
23.82236099243164,51,38,53,66,11,-3,-8,-3,4,5,61,61,37,33,sil
23.83735609054565,35,32,61,58,3,0,-13,-6,6,5,58,64,30,32,sil
23.83764886856079,14,24,38,50,5,6,-5,-7,0,-6,35,46,11,10,sil
23.85255169868469,0,12,4,24,6,-4,-7,-11,-21,-17,14,19,-1,-18,sil
23.85255169868469,-13,1,-5,-6,-13,-15,-16,-10,-40,-28,2,5,-9,-34,sil
23.86816024780273,-25,-3,-6,-13,-19,-6,-4,0,-38,-35,-10,-9,-18,-38,sil
23.86816024780273,-25,-5,-4,-3,1,4,15,3,-29,-23,-16,-22,-22,-33,sil
23.883076190948486,-20,-13,-12,-6,4,7,15,0,-22,-1,-14,-26,-20,-25,sil
23.883076190948486,-17,-16,-15,-18,-7,4,0,-1,-18,-5,-18,-25,-20,-18,sil
23.89915585517884,-4,-4,-1,-12,-3,1,0,8,-7,-15,-22,-15,-16,-6,sil
23.89915585517884,8,4,7,-1,5,2,9,10,7,9,-19,0,-4,12,sil
23.9150173664093,11,6,7,0,9,8,6,2,17,29,-13,6,-3,24,sil
23.9150173664093,17,10,4,13,12,12,0,0,23,22,-3,2,-1,26,sil
23.93129587173462,23,5,3,20,9,7,-6,0,19,16,3,-1,4,21,sil
23.93129587173462,9,1,-3,6,4,0,-15,-7,3,15,0,-5,1,9,sil
23.94670605659485,-13,0,-19,-8,6,0,-16,-16,-5,3,-7,-16,-7,-2,sil
23.94670605659485,-23,-11,-23,-19,7,5,-5,-7,0,-8,-14,-24,-12,-13,sil
23.962387561798096,-25,-22,-27,-26,0,8,11,4,11,-2,-19,-27,-14,-19,sil
23.962387561798096,-27,-19,-33,-27,-5,9,28,5,10,3,-27,-34,-20,-23,sil
23.97836327552796,-25,-21,-25,-30,-7,9,37,8,8,-1,-28,-34,-19,-16,sil
23.97836327552796,-9,-18,-10,-22,-3,5,31,10,11,4,-2,-14,1,1,sil
23.993406057357788,5,-3,6,1,0,0,11,3,8,19,17,5,24,12,sil
23.993406057357788,2,-3,5,9,-6,-7,0,-1,1,14,1,4,17,11,sil
24.00875473022461,-7,-17,-11,-13,-16,-13,-10,-2,-2,-10,-11,0,1,8,sil
24.00875473022461,-3,-12,-6,-19,-19,-6,-15,0,-1,-11,0,6,9,7,sil
24.024181604385376,11,3,4,7,-15,-5,-6,4,7,12,7,7,23,11,sil
24.024181604385376,17,14,9,23,-3,-4,-2,8,13,11,11,11,18,11,sil
24.040215015411377,14,20,15,23,15,9,-8,3,6,-3,21,23,14,2,sil
24.040215015411377,14,22,25,27,23,8,-17,-6,-1,-1,26,26,15,0,sil
24.05576491355896,17,18,24,25,13,-7,-19,-4,-5,5,27,20,14,6,sil
24.05576491355896,11,9,9,10,5,-10,-8,5,-5,2,27,17,15,6,sil
24.071428298950195,-1,2,6,0,6,-5,-4,3,-5,-10,15,16,3,-5,sil
24.071428298950195,-4,2,5,0,0,-6,-5,-4,-1,-9,0,10,-9,-9,sil
24.09424114227295,1,0,0,-2,-7,-12,0,0,0,0,-5,5,-9,-2,sil
24.09424114227295,6,-3,6,-5,-5,-12,5,5,-3,-4,0,7,-10,0,sil
24.09424114227295,7,-3,7,-8,-2,-1,6,0,0,-13,2,5,-10,-4,sil
24.103291511535645,0,-8,-2,-24,-7,-6,1,-6,-7,-16,-8,-1,-14,-11,sil
24.118757247924805,-2,-8,-8,-28,-10,-17,-6,-13,-24,-22,-18,-6,-24,-8,sil
24.118757247924805,6,6,3,-2,-3,-2,-1,-9,-13,-15,-4,2,-17,6,sil
24.13410758972168,14,17,22,17,4,13,9,4,6,3,8,16,-1,17,sil
24.13410758972168,11,15,12,19,2,1,0,0,-1,6,5,9,0,10,sil
24.15013647079468,6,17,1,12,2,-3,-13,-12,-13,-6,1,-4,0,0,sil
24.15013647079468,5,21,6,9,7,13,-5,-13,-3,-4,9,-7,5,-5,sil
24.16533780097961,0,14,3,14,10,20,-2,-8,-1,6,7,-11,11,-12,sil
24.16533780097961,-19,1,-5,15,9,12,-9,-5,-11,3,-11,-22,1,-17,sil
24.18047070503235,-37,-13,-26,0,4,12,7,0,-9,0,-36,-42,-19,-22,sil
24.18047070503235,-40,-24,-38,-15,0,15,24,6,0,-3,-45,-48,-32,-29,sil
24.19606614112854,-35,-21,-25,-11,0,16,24,16,7,2,-24,-24,-13,-18,sil
24.19606614112854,-25,-12,-13,-1,1,16,27,17,14,17,1,-5,10,1,sil
24.21132779121399,-17,-10,-11,-5,0,10,21,8,11,18,0,-11,6,4,sil
24.22705054283142,-4,-16,-15,-14,0,0,9,7,11,16,-10,-13,0,4,sil
24.22705054283142,13,-22,-12,-17,-9,-5,5,10,16,17,-11,0,5,12,sil
24.22705054283142,9,-24,-5,-17,-21,-6,-2,1,9,1,-16,6,2,13,sil
24.243213891983032,4,-17,-2,-13,-15,-9,-9,-2,5,-1,-5,9,3,19,sil
24.2442147731781,26,0,12,1,2,-6,-12,6,19,18,23,24,23,35,sil
24.258246660232544,38,17,27,22,6,-5,-25,4,28,25,38,39,36,37,sil
24.27339553833008,29,17,28,23,0,-16,-35,-10,10,4,35,40,31,20,sil
24.27339553833008,24,9,18,11,0,-17,-25,-10,-6,-8,30,32,19,10,sil
24.27339553833008,11,6,1,5,-1,-10,-4,0,-5,-5,18,12,2,1,sil
24.290411949157715,-7,1,0,-5,-3,-12,5,1,-3,-3,5,-3,-7,-11,sil
24.290411949157715,-3,2,7,-13,2,-6,11,2,0,0,11,5,0,-18,sil
24.305176496505737,8,17,13,0,7,0,12,2,0,-9,21,19,5,-15,sil
24.321187496185303,3,21,11,5,1,-14,0,-1,-12,-23,11,8,-5,-15,sil
24.321187496185303,-8,6,-4,-6,-5,-19,-6,-3,-21,-28,-8,-10,-23,-18,sil
24.33636903762817,-13,1,-3,-7,-1,-3,-1,-5,-22,-27,-17,-10,-27,-17,sil
24.33636903762817,-3,5,8,4,5,3,5,-4,-23,-23,-15,-13,-20,-12,sil
24.351882696151733,-1,-1,3,2,3,8,3,-2,-24,-16,-24,-27,-24,-3,sil
24.351882696151733,-12,-11,-10,-5,0,31,8,-1,-16,-6,-37,-27,-29,1,sil
24.36744403839112,-7,-5,-12,1,6,41,19,1,0,15,-26,-15,-7,7,sil
24.36744403839112,-1,-5,-6,2,5,16,2,0,11,22,-5,-4,20,17,sil
24.38300585746765,-5,-16,-9,-12,-5,-5,-19,-12,4,4,0,0,27,12,sil
24.38300585746765,4,-5,-5,-12,-3,-4,-15,-13,-2,4,9,9,24,0,sil
24.398090839385983,19,18,12,7,12,2,-3,0,1,20,31,23,25,1,sil
24.398090839385983,3,22,7,17,16,3,0,0,0,10,24,10,6,-5,sil
24.413227319717407,-30,6,-10,7,7,0,1,0,-4,-7,-6,-21,-23,-26,sil
24.413227319717407,-40,-6,-13,2,1,7,13,10,9,9,-19,-33,-30,-26,sil
24.42922735214233,-20,-14,-8,5,0,14,25,15,30,28,-20,-20,-18,-5,sil
24.42922735214233,-5,-15,-5,0,-7,0,11,8,31,9,-23,-8,-12,4,sil
24.444395780563354,0,-16,-10,-19,-20,-25,-12,1,20,-15,-12,-4,-2,1,sil
24.444395780563354,15,-11,-2,-23,-22,-32,-25,0,13,-16,6,10,11,5,sil
24.460416316986084,33,0,14,-1,-17,-28,-25,-3,24,0,24,36,22,18,sil
24.460416316986084,30,9,19,10,-11,-25,-26,-11,18,0,34,37,19,20,sil
24.476057291030884,15,19,17,9,0,-9,-21,-11,-22,-20,20,21,0,3,sil
24.476057291030884,11,25,14,23,11,9,0,-2,-40,-10,8,11,-6,-1,sil
24.491126537323,14,17,14,31,16,17,19,0,-24,5,8,9,0,5,sil
24.491126537323,1,2,7,12,10,21,25,3,-23,-14,-9,-6,-9,-3,sil
24.507004976272583,-22,-9,-9,-5,3,26,31,13,-21,-12,-32,-31,-17,-10,sil
24.507004976272583,-24,-14,-11,-5,8,30,41,21,5,30,-18,-28,0,6,sil
24.522253036499023,-8,-17,-9,1,10,24,38,18,25,48,2,-7,28,19,sil
24.522253036499023,-7,-19,-16,-4,1,5,10,6,10,22,2,-2,31,5,sil
24.537375688552856,-10,-7,-13,-13,0,-3,-7,-3,-16,0,0,-1,8,-6,sil
24.537375688552856,3,3,-2,-5,-1,-3,-3,-5,-11,-7,9,9,-2,-1,sil
24.55299973487854,13,-3,4,-2,-14,-7,-2,-1,18,-6,9,12,6,6,sil
24.55299973487854,8,-7,-1,-7,-11,-11,-8,0,28,-4,5,6,11,9,sil
24.56864142417908,0,0,-6,-9,0,-15,-15,-4,4,-9,0,1,0,5,sil
24.56864142417908,-3,-3,-8,-19,-2,-19,-23,-8,-7,-19,-10,-6,-13,-4,sil
24.58413338661194,0,-4,-11,-23,-10,-18,-25,-10,-8,-14,-11,-10,-15,-10,sil
24.58413338661194,5,10,1,-4,-4,-18,-26,-11,-19,-2,0,5,-14,-4,sil
24.60016679763794,12,17,15,5,1,-15,-15,-5,-17,4,8,17,-7,0,sil
24.60016679763794,12,10,11,0,3,-10,-6,-2,-1,0,4,12,-4,-1,sil
24.61535406112671,7,9,8,4,4,-4,-7,-3,0,-9,3,12,-5,-8,sil
24.61535406112671,9,12,14,19,9,5,-2,0,-1,-4,7,8,-1,-6,sil
24.63140606880188,0,6,11,12,13,16,2,3,5,6,5,-3,-1,-6,sil
24.63140606880188,-20,3,-7,0,8,18,2,0,11,7,-1,-12,-6,-12,sil
24.64672255516052,-21,3,-11,-3,4,10,5,0,10,1,-2,-11,-5,-6,sil
24.64672255516052,-2,0,9,0,3,6,7,2,7,0,-4,-6,2,1,sil
24.661970138549805,0,0,11,7,-2,7,4,-6,5,-1,-12,-11,5,-4,sil
24.662328481674194,-11,1,0,3,-7,4,2,-5,-4,-7,-16,-16,-2,-12,sil
24.67802786827088,-17,-7,-6,-6,-8,0,6,2,-13,-11,-11,-16,-4,-7,sil
24.67802786827088,-13,-17,-14,-8,-12,-3,2,0,-10,-13,-5,-14,0,-7,sil
24.693254470825195,-9,-17,-11,-7,-10,0,0,3,-2,-4,-7,-10,-4,-10,sil
24.693254470825195,-11,-10,-13,-4,0,8,10,8,0,9,-4,-7,-7,-2,sil
24.709360361099243,-11,-5,-12,0,8,9,12,2,-2,10,1,-4,0,7,sil
24.709360361099243,1,-2,0,5,5,6,8,3,0,8,5,4,10,13,sil
24.725451469421387,13,3,7,12,0,5,9,11,11,13,11,20,15,20,sil
24.725451469421387,14,9,7,14,0,1,4,7,10,15,16,24,15,20,sil
24.74142408370972,13,7,7,16,0,-4,1,-4,0,12,10,16,9,14,sil
24.74142408370972,16,6,13,22,4,0,10,-2,0,7,3,12,0,12,sil
24.756744623184204,14,6,14,15,9,5,16,8,10,0,3,8,-3,12,sil
24.756744623184204,9,3,5,2,0,-5,0,9,13,13,9,7,0,10,sil
24.77231001853943,15,7,7,11,-4,-16,-12,1,8,20,23,26,12,8,sil
24.77231001853943,23,5,11,15,0,-10,-6,-4,1,-11,20,26,11,10,sil
24.787623167037964,13,-1,7,-3,0,-5,-1,-10,-10,-37,0,3,-2,7,sil
24.787623167037964,2,1,6,-1,-3,-2,-3,-6,-11,-8,4,0,0,-2,sil
24.80426812171936,0,1,0,1,-3,3,-2,3,4,13,10,2,7,-6,sil
24.80426812171936,-13,-10,-14,-17,-7,3,-5,3,1,-12,-21,-17,-8,-11,sil
24.818356037139893,-18,-15,-19,-16,-9,-2,-15,-7,-14,-25,-31,-24,-13,-16,sil
24.83427858352661,-12,-10,-10,-12,-6,-10,-28,-12,-18,-6,-6,-6,0,-15,please
24.83427858352661,-14,-6,-7,-28,-8,-11,-27,-6,-20,8,-9,-10,-9,-21,please
24.83427858352661,-20,-4,-21,-26,-2,-8,-11,-6,-20,3,-29,-30,-25,-28,please
24.84971308708191,-16,-4,-26,-21,5,-6,-4,-7,-11,-12,-15,-22,-12,-20,please
24.865808963775635,-15,-1,-22,-32,9,0,3,0,3,-6,-2,-11,1,-4,please
24.865808963775635,-7,3,-10,-31,13,6,13,3,7,12,-12,-19,-1,3,please
24.865808963775635,13,9,7,-15,12,11,7,5,11,13,-11,-15,0,9,please
24.881616353988647,14,7,7,-4,7,16,13,9,23,10,0,0,10,14,please
24.881616353988647,-11,-7,-7,-11,9,22,22,10,20,6,-9,-8,-1,0,please
24.89708995819092,-21,-18,-19,-21,0,12,5,1,-1,-11,-23,-29,-23,-19,please
24.89708995819092,-4,-9,2,-9,-15,0,-6,-3,-6,-16,-6,-14,-17,-12,please
24.912437915802,4,5,27,22,-12,2,11,7,14,2,26,27,7,13,please
24.929266452789307,8,13,24,45,-2,1,18,12,26,10,35,41,17,23,please
24.929266452789307,23,17,33,52,-2,-5,1,-1,15,0,22,32,12,15,please
24.929266452789307,25,12,44,53,0,-1,0,-7,4,6,29,33,20,13,please
24.94443941116333,8,5,24,45,4,-3,8,1,0,15,41,39,30,16,please
24.94443941116333,6,7,10,28,1,-14,-4,0,-7,-3,20,31,18,5,please
24.95907139778137,9,2,2,10,-3,-13,-22,-15,-18,-26,-3,5,-4,-18,please
24.97434949874878,-7,-9,-8,0,1,-8,-23,-16,-31,-14,-1,-8,-11,-23,please
24.97434949874878,-8,0,-8,1,7,-2,-3,-2,-23,0,6,-2,0,-1,please
24.99044609069824,15,16,3,15,1,4,8,1,-5,-4,5,6,5,10,please
24.99044609069824,22,19,7,17,-8,0,-4,0,0,4,6,8,2,6,please
25.00617480278015,10,7,-3,2,-6,-13,-19,1,0,19,3,1,-2,4,please
25.00617480278015,3,-1,-3,-12,4,-5,-12,2,-1,3,-6,-5,-7,7,please
25.021286964416504,0,0,-2,-4,9,12,9,8,-1,-5,-15,-7,-6,9,please
25.021286964416504,-9,0,-15,-4,2,16,11,7,0,0,-20,-12,-7,3,please
25.037352800369263,-28,-17,-25,-33,0,14,0,1,3,-1,-24,-26,-16,-11,please
25.037352800369263,-36,-27,-36,-46,0,10,13,4,18,3,-23,-38,-11,-15,please
25.05250334739685,-28,-14,-35,-36,0,3,26,8,22,14,-20,-35,0,-5,please
25.05250334739685,-14,-2,-14,-22,1,2,9,0,1,6,-15,-16,-3,-3,please
25.068623065948486,-3,-3,0,-16,0,0,-3,-2,-8,-2,-9,-6,-10,-5,please
25.068623065948486,0,-5,-5,-23,-4,-6,-2,0,-6,-5,-18,-16,-10,-6,please
25.08412384986877,-1,-9,-9,-22,-8,-6,0,-1,-9,-4,-26,-23,-4,-2,please
25.08412384986877,2,-11,2,-5,-7,0,0,-2,-9,-1,-15,-6,0,0,please
25.0997416973114,6,-3,9,4,-2,-1,1,-3,-4,-4,0,6,0,-1,please
25.0997416973114,6,1,5,9,4,-7,2,-2,-1,-6,14,5,10,-1,please
25.11550211906433,14,3,20,21,3,-9,0,2,0,-1,19,22,16,9,please
25.11550211906433,16,2,25,25,-2,-5,0,1,3,8,16,29,11,13,please
25.131645917892456,5,-3,7,8,-2,0,-5,-5,-1,5,20,17,11,4,please
25.131645917892456,4,-1,6,0,1,6,-9,-5,-2,-9,31,20,14,0,please
25.14722943305969,11,14,15,15,4,10,-5,0,12,-1,26,31,8,3,please
25.14722943305969,3,15,7,19,4,1,-6,6,38,14,11,20,-1,6,please
25.16244053840637,-2,-1,-7,0,-2,-4,-12,2,48,7,9,2,1,0,please
25.16244053840637,1,0,-4,-12,-8,-2,-13,-4,23,-2,10,6,7,-4,please
25.17806506156921,6,8,7,0,0,0,-1,2,-3,8,7,16,2,-2,please
25.17806506156921,4,3,5,9,10,0,11,5,-2,10,2,5,-4,1,please
25.19324564933777,0,0,6,5,6,3,4,-2,-2,-10,-7,-11,-9,0,please
25.19324564933777,2,9,5,6,-2,1,-7,-1,-10,-13,-5,-10,-1,-3,please
25.20892024040222,7,16,1,5,0,-3,-5,0,-13,1,15,1,11,-4,please
25.20892024040222,0,10,1,4,5,-5,0,-5,-25,-9,5,-6,0,-6,please
25.22409009933472,-17,-1,-13,4,0,-10,-4,-11,-37,-36,-37,-32,-24,-22,please
25.22409009933472,-19,-7,-22,-9,-14,-14,-11,-5,-23,-27,-37,-28,-22,-22,please
25.23918056488037,-10,0,-7,-10,-8,-7,0,2,-3,2,3,-5,-1,2,please
25.23918056488037,-13,5,-4,1,10,3,7,0,-8,-2,0,-13,-6,1,please
25.2550048828125,-18,-1,-5,-8,10,11,2,-3,-15,-14,-25,-23,-21,-13,please
25.2550048828125,-1,-1,4,-11,3,9,12,3,0,10,-12,-4,-2,10,please
25.270592212677,16,7,14,18,10,9,23,13,7,27,12,16,19,32,please
25.270592212677,14,2,3,33,6,11,13,6,0,24,12,14,15,15,please
25.28612899780273,9,-10,2,14,-6,6,0,-1,1,19,4,10,6,10,sil
25.28612899780273,11,-14,5,0,-3,1,1,4,6,9,-1,8,0,15,sil
25.302053213119507,3,-16,-7,-2,0,3,7,7,4,4,-14,-5,-9,0,sil
25.302053213119507,-12,-17,-8,-8,-6,11,13,1,4,7,-20,-13,-17,-14,sil
25.317168712615967,-12,-8,-1,-5,-4,19,20,4,-1,9,-3,-2,-7,-1,sil
25.317168712615967,4,2,-3,0,0,10,14,4,-14,15,14,11,9,16,sil
25.33234286308289,3,0,-2,-15,-4,-12,-5,-2,1,10,7,16,15,11,sil
25.33234286308289,-9,-9,-9,-27,-10,-24,-19,-1,35,0,0,5,14,-1,sil
25.3480064868927,-4,-4,-15,-26,-6,-17,-19,2,43,0,13,0,17,0,sil
25.3480064868927,13,2,-4,-21,-4,-12,-14,-2,35,0,16,4,20,1,sil
25.364135265350345,18,8,1,-14,-8,-20,-17,-11,25,-21,5,10,10,-10,sil
25.364135265350345,12,16,8,-3,-5,-20,-23,-6,6,-27,16,15,3,-14,sil
25.37970733642578,11,20,17,15,5,0,-14,-2,-6,-9,28,10,0,-12,sil
25.37970733642578,5,15,13,23,10,9,-7,-9,-25,-17,0,-8,-18,-17,sil
25.39527368545532,-7,6,1,12,6,3,-4,-8,-45,-36,-27,-26,-30,-18,sil
25.39527368545532,-18,-5,-7,6,7,5,5,0,-31,-19,-12,-26,-18,-11,sil
25.41128849983216,-24,-16,-3,4,8,15,13,4,-5,7,-3,-17,-7,-9,sil
25.41128849983216,-22,-12,-5,1,2,20,15,1,-1,10,-18,-16,-7,-6,sil
25.426974296569824,-12,0,-2,1,9,19,16,0,0,4,-19,-10,-3,4,sil
25.426974296569824,-5,-2,1,0,11,11,12,0,9,10,-4,-1,0,12,sil
25.44218134880066,0,-8,-4,-7,-6,-1,7,2,11,14,0,3,2,13,sil
25.44218134880066,14,-1,6,-4,-7,-6,4,8,13,13,8,18,12,21,sil
25.45775985717773,26,7,18,7,6,-5,0,5,14,11,20,33,32,29,sil
25.45775985717773,18,4,4,3,0,-23,-11,-3,0,-1,18,25,22,11,sil
25.472976207733154,5,8,0,-1,-9,-35,-23,-3,-20,-11,11,12,-3,-13,sil
25.472976207733154,12,25,11,14,5,-15,-19,-3,-23,-5,16,15,0,-9,sil
25.48836827278137,17,30,24,33,9,5,-8,-6,-21,-5,7,8,1,1,sil
25.48836827278137,0,11,15,27,-8,7,0,-5,-27,-6,-15,-15,-27,-10,sil
25.50443148612976,-14,-9,-2,-3,-20,3,4,-5,-26,3,-23,-17,-28,-11,sil
25.50443148612976,-5,-15,-10,-12,-14,9,10,1,-2,9,-16,3,0,9,sil
25.51999402046204,-1,-9,-12,3,0,19,18,10,23,13,-9,0,9,18,sil
25.53604340553284,-8,-4,-12,0,7,16,14,12,29,19,0,-4,7,12,sil
25.53604340553284,-5,-7,-14,-19,2,5,3,9,27,15,9,6,11,6,sil
25.53604340553284,5,-10,-11,-13,0,1,-6,0,19,2,8,8,1,-6,sil
25.551244497299194,5,0,2,2,6,1,-6,-3,8,-4,14,1,-6,-16,sil
25.551244497299194,-9,9,4,10,11,2,4,2,4,-4,9,-13,-4,-11,sil
25.567258834838867,-24,-10,-7,-2,5,14,12,6,7,-1,-19,-33,-12,-10,sil
25.567258834838867,-23,-33,-22,-23,-1,19,20,1,17,8,-27,-34,-10,-7,sil
25.5831880569458,-13,-28,-26,-34,-5,1,17,2,26,16,-11,-19,9,7,sil
25.598340034484863,-4,-18,-16,-40,-12,-18,-1,3,12,-3,-15,-11,12,6,sil
25.598340034484863,7,-7,-8,-30,-10,-22,-11,-2,-5,-29,-11,0,2,-10,sil
25.598340034484863,19,10,7,-4,0,-20,-8,-5,-1,-19,15,19,5,-10,sil
25.61341643333435,20,20,18,7,3,-18,-8,-2,3,2,27,23,9,5,sil
25.61341643333435,17,23,13,9,2,-21,-14,-7,-14,-9,19,17,6,12,sil
25.62885355949402,12,28,15,16,4,-14,-19,-13,-34,-30,10,7,0,2,sil
25.6440269947052,5,17,10,23,2,2,-14,-17,-35,-23,-3,-8,-16,-14,sil
25.6440269947052,-3,2,5,18,4,6,-12,-13,-37,-10,-26,-16,-33,-20,sil
25.65950512886048,-11,1,7,15,13,5,-6,0,-37,-1,-22,-8,-22,-6,sil
25.65950512886048,-12,-2,3,12,10,17,11,7,-15,15,0,-4,1,7,sil
25.67510390281677,-8,-10,-2,6,2,27,23,9,7,24,0,-6,3,10,sil
25.67510390281677,-3,-11,-7,1,-1,18,15,9,14,23,-11,-4,0,13,sil
25.690224647521973,-8,-21,-11,-9,-19,-2,0,5,15,21,-5,1,9,13,sil
25.690224647521973,-13,-27,-16,-20,-29,-14,-2,2,15,14,1,4,20,5,sil
25.70535707473755,0,-4,-8,-10,-7,-4,-2,4,13,10,11,14,25,6,sil
25.70535707473755,20,25,22,13,11,3,-3,6,11,10,37,40,29,13,sil
25.721447467803955,25,27,32,21,10,-6,-1,2,7,0,47,44,23,0,sil
25.721447467803955,14,15,18,5,4,-16,-9,-5,-6,-19,28,26,1,-15,sil
25.736557006835938,4,17,16,2,-1,-6,-18,-8,-23,-27,9,15,-16,-14,sil
25.736557006835938,3,23,17,18,-3,2,-10,-7,-23,-24,0,7,-17,-10,sil
25.752228498458862,7,19,14,25,2,0,-1,-5,-13,-21,-2,0,-12,-10,sil
25.75263214111328,9,14,18,25,9,-3,0,-2,-4,-12,2,0,-8,-1,sil
25.76726722717285,7,7,23,29,2,4,0,-2,-1,-5,4,2,-6,7,sil
25.76726722717285,0,-6,6,20,-4,16,9,0,11,7,0,-5,-1,13,sil
25.782113790512085,-4,-11,-20,5,5,20,26,8,41,26,0,-9,8,20,sil
25.782113790512085,-2,-4,-14,7,19,20,31,13,52,29,-1,-3,9,14,sil
25.798126935958862,0,-11,-9,6,7,17,26,9,49,24,-12,-10,0,7,sil
25.798126935958862,-4,-31,-30,-27,-10,3,16,4,53,19,-41,-31,-9,10,sil
25.813491821289062,-17,-39,-48,-60,-16,-7,2,3,42,5,-64,-44,-15,0,sil
25.813491821289062,-25,-39,-55,-62,-18,-13,-9,0,2,-3,-44,-40,-12,-16,sil
25.82928037643433,-19,-37,-52,-69,-11,-16,-11,0,-21,0,-16,-25,0,-7,sil
25.82928037643433,-11,-23,-40,-75,0,-5,-1,0,-11,1,-18,-24,4,-1,sil
25.84481167793274,-12,-9,-21,-58,0,0,-6,-4,-17,-6,-17,-28,-3,-16,sil
25.84481167793274,-15,-5,-8,-39,-3,-12,-23,-7,-39,-15,1,-16,-1,-22,sil
25.86048913002014,-9,9,-6,-19,5,-12,-19,-5,-42,-15,7,-6,6,-13,sil
25.86048913002014,-2,26,8,8,9,-8,-11,-8,-42,-9,0,-6,-1,-18,sil
25.87609338760376,-6,20,18,21,0,-20,-18,-11,-56,-17,-2,-9,-21,-33,sil
25.87609338760376,-12,13,16,26,-1,-17,-18,-5,-52,-29,-2,-7,-29,-30,sil
25.891353130340576,4,27,38,51,6,1,0,2,-32,-9,12,11,-15,-2,sil
25.891353130340576,27,34,59,78,11,12,17,5,-20,21,44,41,17,23,sil
25.906492471694943,20,20,54,70,3,22,17,0,-13,21,51,54,24,23,sil
25.906492471694943,5,7,34,48,-2,24,8,-5,13,9,31,45,5,13,sil
25.92213726043701,18,6,22,45,0,7,11,1,41,12,26,40,7,21,sil
25.92213726043701,33,12,28,43,1,6,19,15,51,15,36,48,25,36,sil
25.937381982803345,23,6,15,19,-4,12,9,11,47,13,18,41,21,26,sil
25.937381982803345,6,-5,-6,-2,-9,-4,-9,-1,28,-1,-11,20,6,8,sil
25.95300269126892,13,-3,-6,0,3,-9,-4,-1,12,-15,-4,14,11,13,sil
25.95300269126892,25,-5,-2,-18,4,-4,4,1,16,-12,11,12,20,18,sil
25.968039751052856,10,-18,-14,-54,-14,-18,-12,-1,13,-11,0,0,8,0,sil
25.98400473594665,-3,-8,-17,-34,-14,-24,-28,-5,1,-18,-6,-13,-6,-13,sil
25.98400473594665,-4,13,0,3,6,-7,-20,-3,-5,-17,0,-20,-9,-10,sil
26.000505924224854,-7,7,-1,-5,9,3,-7,-2,-13,-9,-1,-24,-6,-16,sil
26.000505924224854,-16,-7,-13,-20,0,2,0,-4,-18,-5,-7,-27,-10,-24,sil
26.000505924224854,-24,-9,-12,-11,0,4,7,0,-12,-5,-18,-29,-20,-20,sil
26.0146586894989,-26,-8,-16,-2,1,12,15,5,-4,0,-25,-37,-23,-13,sil
26.03206586837769,-23,-12,-18,0,4,20,15,-1,-6,11,-21,-37,-16,-11,sil
26.03242373466492,-19,-11,-16,0,6,23,11,-7,-14,10,-30,-30,-21,-11,sil
26.03242373466492,-18,-8,-21,-5,3,17,13,-1,-4,4,-41,-30,-28,-4,sil
26.047007083892822,-13,-8,-14,-13,6,16,22,8,25,19,-24,-19,-9,8,sil
26.062294244766235,-7,-9,-12,-8,2,13,20,9,41,38,-12,-9,8,11,sil
26.062294244766235,-2,-4,-16,-2,-2,-9,-3,1,23,27,-17,-9,4,8,sil
26.062294244766235,6,8,4,0,8,-18,-10,4,16,26,5,12,25,23,sil
26.077635049819943,24,17,25,5,13,-1,8,8,25,44,44,44,61,40,sil
26.099666595458984,30,15,21,2,-7,-1,1,4,6,24,43,43,47,29,sil
26.099666595458984,20,10,3,-4,-16,-21,-23,-1,-26,-19,20,24,10,6,sil
26.099666595458984,12,0,-1,-9,-8,-27,-29,-9,-34,-36,5,16,-2,-5,sil
26.109310388565063,6,-15,-3,-19,-12,-14,-14,-6,-21,-28,-8,5,-10,-14,sil
26.12475204467773,-2,-16,-13,-30,-14,-7,0,0,-16,-25,-14,-5,-17,-21,sil
26.12475204467773,-8,-3,-7,-20,-4,-9,-1,0,-26,-33,-3,-1,-15,-23,sil
26.14039421081543,-8,-1,1,2,-5,-14,-14,-4,-30,-32,2,0,-15,-23,sil
26.14039421081543,-10,-5,1,3,-16,-17,-15,-1,-29,-23,0,-4,-18,-26,sil
26.155596256256104,-12,5,1,-3,-12,-13,-6,-3,-29,-24,0,-5,-17,-27,sil
26.155596256256104,-7,14,1,9,4,0,0,-8,-19,-21,3,-9,-15,-18,sil
26.171236038208008,3,10,19,35,17,13,0,-7,-9,-4,18,0,-10,-5,sil
26.171236038208008,14,15,37,50,19,19,0,-2,-4,2,27,10,-1,2,sil
26.18657398223877,9,18,27,40,18,22,6,1,0,4,12,3,-4,6,sil
26.18657398223877,-2,2,10,21,13,20,13,0,1,10,-3,-5,-9,8,sil
26.201728105545044,2,-3,6,20,11,18,21,-5,12,22,3,1,5,16,sil
26.201728105545044,12,3,10,14,12,22,27,6,38,35,12,12,26,30,sil
26.21720266342163,5,-2,0,-2,6,20,26,15,43,35,0,1,25,29,sil
26.21720266342163,-10,-13,-20,-6,-3,10,10,2,30,16,-18,-16,2,5,sil
26.23315477371216,-13,-7,-20,-11,-3,9,0,1,39,3,-18,-15,-8,-5,sil
26.23315477371216,-4,1,-12,-13,0,7,5,12,63,17,-6,-2,7,11,sil
26.24880075454712,0,3,-2,-6,-6,-7,1,9,65,27,-4,5,17,20,sil
26.24880075454712,-1,-6,-3,-9,-14,-18,-10,0,47,7,-7,5,8,7,sil
26.264850854873657,-2,-17,-14,-26,-13,-17,-12,-2,18,-8,-7,4,8,1,sil
26.264850854873657,-1,-13,-12,-29,-11,-19,-16,0,-12,-2,-8,5,14,3,sil
26.28016805648804,0,-6,-7,-15,-17,-31,-24,0,-30,-6,-4,0,2,-1,sil
26.28016805648804,7,-2,-4,-7,-14,-30,-27,-4,-35,-25,-1,-2,-6,-6,sil
26.29617190361023,21,6,7,0,0,-12,-19,-1,-32,-17,8,15,8,4,sil
26.29617190361023,22,18,19,10,6,-2,-4,0,-30,0,26,33,20,12,sil
26.31199598312378,6,16,13,4,10,0,0,-2,-34,-5,21,18,4,0,sil
26.31199598312378,-1,5,-6,-2,13,10,0,-2,-38,-14,-2,-9,-11,-18,sil
26.32718014717102,-4,0,-10,-3,5,4,5,-3,-48,-19,-15,-18,-20,-25,sil
26.32718014717102,-10,0,-3,-4,2,0,16,-6,-54,-20,-14,-16,-24,-25,sil
26.34330582618713,-14,-2,-5,1,12,16,23,-3,-48,-2,-8,-18,-20,-20,sil
26.34330582618713,-10,0,5,9,13,26,21,-2,-45,6,-5,-12,-17,-13,sil
26.35939908027649,-4,2,9,16,1,16,10,-5,-29,-4,-11,-17,-18,-11,sil
26.35939908027649,-11,-3,0,17,0,6,2,-4,5,-4,-17,-28,-19,-11,sil
26.37508535385132,-22,-15,-7,1,0,4,6,3,28,13,-13,-26,-23,-7,sil
26.37508535385132,-18,-17,-11,-11,-10,0,9,7,41,20,-4,-14,-14,3,sil
26.39030599594116,-4,-7,-1,-8,-16,-5,1,7,52,11,3,2,9,13,sil
26.39030599594116,10,2,8,0,-11,-5,-6,4,44,7,15,17,23,11,sil
26.40533232688904,24,7,8,0,-1,-3,-9,2,33,8,27,25,26,14,sil
26.40533232688904,22,6,6,5,4,-4,-2,5,45,14,29,30,35,30,sil
26.42134189605713,9,0,2,5,0,-10,-6,2,35,9,14,19,29,20,sil
26.42134189605713,9,0,0,-8,-8,-11,-27,-5,0,-16,0,3,1,-6,sil
26.4363009929657,14,8,1,-2,0,-6,-23,-6,-8,-24,11,11,0,0,sil
26.4363009929657,5,8,2,2,7,-3,-7,-1,7,-6,26,19,12,12,sil
26.45223379135132,-2,5,-2,-8,-1,-6,-12,-1,0,-4,16,5,0,-6,sil
26.45223379135132,1,13,-1,1,-3,-4,-9,-2,-5,-9,5,1,-4,-16,sil
26.46743869781494,4,18,9,28,9,4,8,0,3,-2,12,14,5,6,sil
26.46743869781494,-2,8,8,22,13,13,16,2,0,7,5,6,0,15,sil
26.48256754875183,-17,-8,-8,-3,4,15,17,6,-6,16,-10,-17,-9,-3,sil
26.48256754875183,-20,-15,-3,-5,4,15,22,7,1,11,-14,-23,-6,-10,sil
26.49820637702942,-1,-7,7,12,12,16,22,2,4,1,-18,-13,-8,3,sil
26.49820637702942,1,-7,2,9,9,16,15,-1,-5,7,-41,-12,-22,4,sil
26.51362371444702,-14,-21,-11,-13,-4,11,14,1,-6,13,-56,-26,-24,-7,sil
26.51362371444702,-9,-21,-13,-22,-12,-2,10,1,-1,1,-54,-25,-8,-3,sil
26.52959632873535,5,-17,-9,-24,-10,-17,-3,0,-4,-8,-53,-4,0,0,sil
26.52959632873535,1,-15,-17,-29,-12,-22,-14,-1,-8,-3,-32,2,1,-8,sil
26.54552435874939,-5,0,-8,-22,-10,-19,-10,-2,-14,-3,19,5,2,-11,sil
26.54552435874939,3,13,7,-2,-2,-12,-5,0,-14,-3,47,10,10,0,sil
26.561538219451904,7,5,1,0,-3,-10,-11,-1,-10,-4,27,9,15,1,sil
26.561538219451904,3,2,1,-6,-12,-9,-20,-7,-16,-16,18,7,4,-6,sil
26.57710003852844,7,14,11,5,-4,-1,-6,-5,-22,-21,33,3,-3,-7,sil
26.57710003852844,8,20,16,23,6,3,-2,-5,-24,-7,23,0,1,3,sil
26.59222149848938,1,17,13,21,7,0,-17,-6,-23,1,8,6,7,10,sil
26.59222149848938,1,19,9,17,9,0,-11,1,-12,0,25,11,5,10,sil
26.608242750167847,5,22,17,25,18,14,6,3,-3,-1,36,13,1,5,sil
26.608242750167847,-2,10,9,26,19,29,13,-3,-1,11,13,6,-4,-3,sil
26.62433910369873,-12,-12,-10,3,6,18,14,0,6,16,-8,-8,-8,-8,sil
26.62433910369873,-5,-22,-11,-9,-8,-1,8,7,16,8,-7,-4,0,0,sil
26.64038372039795,9,-13,-7,-7,-12,-6,-6,2,24,8,3,16,14,16,sil
26.64038372039795,14,-10,-3,-13,-7,-9,-17,3,22,4,8,22,20,19,sil
26.655701398849487,4,-14,-3,-20,-8,-23,-20,2,4,-11,0,1,11,-2,sil
26.655701398849487,-6,-4,-4,-16,-6,-16,-15,-5,-6,-20,-13,-10,-9,-27,sil
26.671067237854004,-5,15,0,3,5,12,5,-1,4,-11,-8,-6,-19,-20,sil
26.671067237854004,-1,15,7,28,17,19,23,2,15,-5,0,-7,-14,-2,sil
26.687188863754272,-2,2,13,28,11,11,21,4,20,4,-10,-14,-11,5,sil
26.687188863754272,-6,-2,2,11,-1,21,28,9,35,30,-19,-16,-6,9,sil
26.70227336883545,-14,-12,-21,-3,-8,24,37,8,46,33,-24,-21,-7,4,sil
26.71817708015442,-20,-21,-29,-15,-6,4,25,3,47,13,-32,-31,-11,-2,sil
26.71817708015442,-12,-14,-20,-16,-3,-5,4,0,43,1,-21,-23,0,0,sil
26.71817708015442,3,-2,-4,-12,-3,-3,-3,-1,16,-4,0,3,15,3,sil
26.7333402633667,11,-3,-8,-26,-6,-12,-6,-1,-15,-10,-1,8,11,1,sil
26.7333402633667,5,-10,-12,-40,-15,-27,-23,-2,-28,-13,-14,-2,-2,5,sil
26.749440670013428,6,-3,5,-26,-12,-21,-26,-1,-27,-16,-4,8,-3,7,sil
26.765459537506104,11,12,14,0,8,-1,-5,0,-27,-8,9,18,2,3,sil
26.765459537506104,5,18,8,8,14,0,-3,-3,-33,0,4,9,-2,-5,sil
26.765459537506104,4,17,8,5,3,-17,-20,-6,-32,-4,13,16,0,-7,sil
26.78109669685364,18,16,18,4,4,-23,-26,-5,-25,-4,35,35,16,6,sil
26.78109669685364,22,13,30,8,6,-7,-22,-3,-27,2,32,33,21,12,sil
26.796730279922485,9,16,24,19,2,4,-8,-2,-38,2,16,13,13,-1,sil
26.796730279922485,0,18,16,24,7,5,2,-4,-46,-11,7,3,0,-11,sil
26.812164306640625,-6,3,7,21,8,4,0,-4,-45,-17,1,-2,-10,-11,sil
26.812164306640625,-15,-10,3,18,-1,8,0,0,-37,-3,0,-1,-4,-4,sil
26.828786373138428,-22,-12,-1,12,-5,13,5,3,-17,11,3,-1,2,0,sil
26.828786373138428,-14,-13,-11,12,2,20,11,1,16,14,-3,-20,-7,-5,sil
26.842994689941406,-6,-11,-8,19,15,29,20,0,36,2,-15,-35,-20,-11,sil
26.858153343200684,-13,-10,-4,10,10,31,27,-1,29,-8,-17,-32,-16,-1,sil
26.858153343200684,-16,-20,-19,-18,-13,10,20,-2,28,-1,-16,-24,-6,4,sil
26.873458862304688,-6,-18,-20,-23,-22,-8,9,6,46,18,-10,-9,0,6,sil
26.873458862304688,0,-5,-16,-2,-14,-5,10,16,58,27,0,6,10,7,sil
26.88902521133423,8,0,-10,0,-9,0,10,15,57,21,5,14,18,9,please
26.88902521133423,21,4,-2,-10,0,-3,0,7,47,15,0,12,22,12,please
26.90506672859192,20,7,-7,-9,6,-16,-18,-5,20,-1,-1,8,12,10,please
26.90506672859192,4,-4,-14,-16,-4,-24,-33,-10,-4,-27,0,6,-4,0,please
26.92021417617798,0,-8,-10,-30,-15,-27,-23,-4,-5,-23,0,2,-5,-5,please
26.92021417617798,7,9,5,-22,-8,-26,-6,0,-1,-7,6,4,2,-3,please
26.935455560684204,11,21,15,0,3,-7,1,4,3,-6,14,14,-3,-4,please
26.935455560684204,3,14,6,-3,7,4,3,1,1,-9,5,5,-18,-6,please
26.95155167579651,-5,9,7,-15,10,0,0,-5,-27,-19,-9,-9,-23,-10,please
26.95155167579651,-2,13,12,0,15,1,0,-2,-34,-16,0,-2,-9,-6,please
26.967048168182373,3,8,11,10,10,13,2,2,-9,5,17,9,5,1,please
26.967048168182373,-6,2,8,1,6,19,5,0,-13,4,0,-8,-2,-5,please
26.983057975769043,-19,3,2,12,14,20,5,-6,-32,0,-21,-26,-13,-19,please
26.983057975769043,-8,4,4,31,9,12,0,-5,-24,20,-6,-7,2,-5,please
26.99907350540161,6,0,9,26,0,0,2,0,-6,26,0,3,12,13,please
26.99907350540161,1,-8,6,13,0,1,11,2,0,10,-17,-4,1,13,please
27.014219999313354,-1,-8,4,11,-5,9,12,2,-4,6,-24,-1,0,9,please
27.014219999313354,2,-4,-3,7,-15,5,7,0,-19,-1,-13,5,7,10,please
27.0294451713562,-6,-10,-7,-1,-13,-5,0,0,-23,-11,0,2,2,11,please
27.0294451713562,-20,-23,-10,-6,-11,-10,-9,0,-12,-2,15,0,0,3,please
27.04480481147766,-12,-21,-9,-5,-10,-2,-15,0,-15,0,22,-1,2,-5,please
27.04480481147766,6,-2,1,1,0,4,-4,1,-10,-7,15,0,7,-2,please
27.06122732162476,11,5,1,7,6,-2,2,1,8,-3,6,3,8,5,please
27.06122732162476,1,-4,-9,-3,-1,-18,-12,0,13,2,1,3,2,0,please
27.077175617218018,-1,-7,-13,-18,-8,-16,-17,0,15,4,-3,3,-1,-3,please
27.077175617218018,3,0,-13,-22,-3,0,-2,2,25,0,-11,0,0,-2,please
27.092039585113525,9,3,-8,-20,1,6,7,7,29,1,-2,0,6,-2,please
27.092039585113525,18,9,0,-6,8,3,12,8,32,22,26,12,18,8,please
27.10813808441162,18,14,13,2,14,0,9,-2,26,12,28,17,15,12,please
27.10813808441162,5,7,8,-3,12,-1,0,-11,11,-19,-1,4,0,-5,please
27.1236572265625,0,2,-2,-11,3,-7,-4,-7,10,-17,-8,4,-3,-14,please
27.1236572265625,2,11,6,-1,0,-8,-7,1,26,7,16,19,1,-2,please
27.139537811279297,0,14,18,17,0,-7,-6,4,50,10,25,12,1,3,please
27.139537811279297,-4,6,17,18,0,-5,-6,0,45,-12,1,-7,-6,-6,please
27.155420780181885,-5,1,5,4,-4,-5,-7,-4,-6,-25,-16,-15,-17,-17,please
27.155420780181885,-9,6,2,5,-3,-1,0,-8,-52,-19,-16,-16,-21,-16,please
27.17168664932251,-4,15,13,23,5,10,4,-8,-61,-20,-17,-16,-23,-8,please
27.17168664932251,0,10,6,27,3,17,6,-4,-44,-13,-13,-12,-16,-2,please
27.18735384941101,-9,-10,-8,0,-7,9,3,3,-24,8,-12,-12,-10,0,please
27.18735384941101,-21,-22,-17,-17,-5,13,2,3,-15,5,-23,-20,-14,0,please
27.20248317718506,-16,-12,-20,-6,2,25,4,-1,-21,-5,-22,-21,-14,0,please
27.20248317718506,-13,-11,-12,-2,-1,16,4,1,-27,3,-10,-15,-10,1,please
27.218242406845093,-8,-23,-9,-4,-5,1,10,6,-13,14,-6,-12,-7,5,please
27.218242406845093,9,-12,-3,1,3,9,21,11,5,23,2,0,10,16,please
27.233420610427856,18,2,0,-2,5,15,22,14,11,42,13,18,32,25,please
27.233420610427856,4,-6,-10,-20,-8,-11,2,4,-3,32,4,9,25,16,please
27.249054670333862,-1,-10,-1,-14,-14,-26,-6,0,-16,4,-1,6,14,10,please
27.249054670333862,4,3,0,2,-2,-5,7,5,-14,0,6,17,19,12,please
27.264137983322144,4,0,-9,-6,5,-5,4,1,-4,2,9,17,16,0,please
27.264137983322144,7,-8,-3,-18,-3,-22,-13,-2,30,0,11,10,10,-10,please
27.279518127441406,19,4,7,-9,-9,-17,-21,-3,71,1,22,18,21,3,please
27.279518127441406,24,16,12,0,1,-14,-19,-3,69,-2,30,28,20,13,please
27.295142889022827,17,11,12,6,11,-21,-5,-3,36,-13,21,17,2,-2,please
27.295142889022827,6,9,6,5,6,-9,0,-10,13,-13,9,0,-9,-22,please
27.311240196228027,-8,12,2,-1,4,5,-10,-12,0,-17,2,-6,-16,-22,please
27.311240196228027,-16,11,2,1,8,-1,-17,-7,-16,-31,-6,-10,-21,-17,please
0.1176531314849853,0,-1,-6,1,-1,-2,-2,5,-1,21,19,7,23,1,please
0.1176531314849853,3,2,0,6,1,-15,-15,-7,-16,-11,17,8,19,-4,please
0.133716344833374,7,16,21,19,9,-10,-15,-15,-41,-37,-11,0,-3,-13,please
0.133716344833374,9,20,23,32,14,13,5,-8,-24,-1,2,0,7,-1,please
0.1494011878967285,-3,3,15,23,5,24,13,-1,-5,20,2,5,11,10,please
0.1494011878967285,-19,-14,-8,-4,-10,11,2,0,-5,3,-33,-9,-5,4,please
0.1646022796630859,-11,-18,-17,-21,-17,0,-4,2,1,0,-38,-19,-9,2,please
0.1646022796630859,-2,-14,-3,-18,-17,-5,-1,12,19,16,-13,0,0,6,please
0.180631399154663,-2,-17,-3,-15,-16,-10,0,14,32,25,13,27,17,6,please
0.180631399154663,15,-12,8,-14,-15,-8,-1,10,27,9,33,43,27,14,please
0.196028470993042,27,-2,17,-1,-11,-3,-8,0,4,-15,30,24,7,10,please
0.196028470993042,11,1,8,-3,-4,-11,-9,-10,-5,-18,20,7,-8,-4,please
0.2126355171203613,3,8,8,-11,3,-10,-2,-1,10,-8,29,23,0,-3,please
0.2126355171203613,3,15,3,10,5,4,1,5,16,-8,28,19,-1,0,please
0.2268357276916504,-3,12,4,23,3,11,0,-5,-6,-17,-2,-14,-23,-3,please
0.2268357276916504,-10,4,3,9,3,14,5,-11,-17,-14,-21,-37,-22,-6,please
0.2426025867462158,-13,-4,-10,2,6,12,13,3,-5,-1,-15,-42,-15,-9,please
0.2426025867462158,-14,-6,-12,7,8,4,9,7,-6,1,-16,-31,-22,-10,please
0.2590878009796142,-11,-3,-9,16,6,11,10,-4,-10,1,-26,-15,-26,-3,please
0.2590878009796142,-10,-1,-11,14,5,22,18,-3,-2,8,-25,-11,-21,1,please
0.274876594543457,-12,-4,-20,-7,0,13,15,7,12,27,-10,-12,-6,3,please
0.275381326675415,-9,-10,-21,-28,-2,-1,6,9,27,36,2,2,6,-1,please
0.2905476093292236,-2,-11,-12,-21,0,-5,0,6,27,17,7,8,8,0,please
0.2905476093292236,12,-4,2,-2,0,-7,-3,1,23,-2,10,5,16,18,please
0.3060991764068603,24,-5,16,-9,-8,-17,-7,-2,24,4,12,28,25,31,please
0.3060991764068603,7,-18,-5,-29,-13,-25,-13,-2,15,9,11,33,20,11,please
0.3221509456634521,-1,-12,-17,-17,-5,-29,-21,-3,-6,-6,6,10,8,-7,please
0.3221509456634521,21,12,20,16,3,-24,-28,-11,-25,-11,9,18,8,-2,please
0.3378422260284424,29,21,32,26,2,-17,-33,-18,-40,-14,17,27,7,-5,please
0.3378422260284424,16,17,15,6,6,-8,-25,-8,-44,-34,14,11,2,-15,please
0.3530371189117431,5,22,9,-2,16,3,-1,2,-26,-33,7,0,7,-10,please
0.3530371189117431,-10,24,0,3,14,13,13,0,-9,-12,-9,-19,6,-12,please
0.3685944080352783,-25,16,-6,5,6,13,8,0,-10,-9,-22,-37,0,-21,please
0.369598388671875,-22,4,-5,4,0,13,7,7,-1,-1,-8,-20,8,-16,please
0.3837924003601074,-15,0,3,10,-3,17,9,7,3,18,-8,-5,17,-6,please
0.3991529941558838,-22,0,5,11,-3,18,6,0,-15,2,-30,-24,5,-10,please
0.3991529941558838,-26,-9,-6,0,-5,14,9,-3,-23,-16,-30,-29,0,-10,please
0.4145476818084717,-7,-12,-4,0,-4,18,27,1,8,1,-7,-5,11,10,please
0.4145476818084717,8,-2,3,11,0,18,29,14,38,23,1,1,16,25,please
0.4306662082672119,7,-6,4,8,0,2,12,13,28,23,2,-4,15,19,please
0.4306662082672119,13,-13,2,0,0,-1,8,0,18,28,10,1,23,19,please
0.4467813968658447,20,-6,0,4,6,2,10,-6,23,29,12,13,20,25,please
0.4467813968658447,4,-11,-16,-5,-3,-5,-4,-2,15,8,-2,11,-1,12,please
0.4619760513305664,-11,-27,-27,-25,-18,-14,-13,1,1,-3,-9,4,-11,-1,please
0.4619760513305664,-1,-21,-12,-24,-8,-11,-6,5,6,1,3,5,-16,0,please
0.4782519340515136,15,-1,0,-16,-1,-15,-3,9,18,-1,12,11,-35,2,please
0.4782519340515136,18,2,0,-22,-15,-25,-13,5,15,-12,14,22,-51,3,please
0.4951632022857666,13,6,3,-18,-9,-16,-21,-1,2,-13,14,27,-84,-3,please
0.4951632022857666,5,12,9,0,11,-2,-8,-4,-6,-12,3,9,-123,-19,please
0.4951632022857666,-1,10,10,4,13,-2,3,-3,-9,-16,-3,0,-128,-19,please
0.5095698833465576,-2,9,2,-8,2,-4,-2,-4,-12,-17,2,0,-148,-7,please
0.5256016254425049,-2,12,1,-2,-3,0,-9,-6,-17,-13,5,-4,-134,-7,please
0.5256016254425049,-5,12,18,23,0,2,-5,-4,-16,0,7,-3,53,-6,please
0.5407354831695557,0,15,17,31,8,3,-6,-7,-14,7,19,0,242,1,please
0.5407354831695557,7,14,6,18,11,5,-13,-10,-23,-3,19,0,204,6,please
0.5559470653533936,5,6,6,14,7,7,-11,-10,-25,-11,8,-1,108,5,please
0.5559470653533936,0,3,7,23,1,3,-9,-13,-19,-3,1,-10,99,-2,please
0.5716102123260498,0,8,6,31,3,6,-3,-11,-17,3,-5,-14,77,-8,please
0.5716102123260498,1,3,1,21,13,16,12,1,-1,14,-8,-1,41,5,please
0.5876851081848145,0,-10,-3,0,14,18,27,11,16,27,0,5,28,18,please
0.5876851081848145,-8,-17,-13,-9,1,15,34,11,15,18,-9,-8,0,7,please
0.6028034687042236,-19,-15,-25,-14,-8,7,29,14,6,2,-33,-26,-30,-10,please
0.6028034687042236,-25,-14,-20,-19,-11,2,16,18,18,7,-28,-21,-35,-12,please
0.6189217567443848,-22,-23,-21,-19,-17,0,6,15,34,14,-15,-15,-32,-2,sil
0.6189217567443848,-17,-28,-25,-25,-22,-12,-3,7,23,-8,-26,-17,-38,0,sil
0.6335439682006836,-8,-14,-10,-25,-13,-16,-7,3,8,-18,-24,-2,-43,1,sil
0.6335439682006836,3,3,3,-5,-1,-5,0,0,5,-1,-5,9,-39,5,sil
0.6495461463928223,9,3,0,-5,-2,-14,-3,-2,-2,-2,-2,6,-34,2,sil
0.6495461463928223,12,-4,-4,-20,-6,-26,-18,-1,-1,-12,7,10,-19,1,sil
0.6646871566772461,17,3,3,-10,0,-13,-22,-2,13,-3,28,30,-3,10,sil
0.6646871566772461,16,23,17,11,8,-4,-22,-11,2,-6,23,33,-12,5,sil
0.6812014579772949,17,30,23,17,9,-7,-24,-20,-25,-17,14,21,-25,-6,sil
0.6812014579772949,20,25,31,11,9,7,-14,-12,-24,-4,25,17,-14,-7,sil
0.695732831954956,11,17,23,8,12,14,0,-2,-11,6,23,7,0,-5,sil
0.695732831954956,2,12,11,15,11,-1,4,-1,-13,-2,1,-11,-8,-4,sil
0.711287260055542,0,7,9,19,7,0,10,7,-4,2,0,-12,-11,2,sil
0.711287260055542,-9,-8,1,6,1,21,21,16,13,23,11,-5,5,2,sil
0.7277131080627441,-16,-23,-8,-4,-1,24,19,5,5,17,2,-17,7,-3,sil
0.7277131080627441,-10,-23,-15,-5,-4,16,17,-3,-10,0,-9,-28,-7,-3,sil
0.7428591251373291,-15,-21,-21,-12,-4,10,15,0,-11,-1,-11,-6,-10,0,sil
0.7428591251373291,-18,-16,-17,-16,-8,2,5,8,0,3,-9,13,0,3,sil
0.7586555480957031,0,-11,-10,-8,-15,-3,0,6,18,3,-1,1,18,6,sil
0.7586555480957031,16,-4,0,-9,-10,-12,-7,0,21,-7,3,1,37,6,sil
0.7739832401275635,16,17,7,-1,4,-18,-20,-6,-2,-20,2,15,32,2,sil
0.7739832401275635,10,34,6,21,12,-12,-18,-13,-18,-20,-1,1,12,-4,sil
0.790090799331665,6,30,10,31,14,0,-8,-10,-12,-12,-4,-9,4,-13,sil
0.790090799331665,7,24,18,32,22,7,0,-3,0,1,2,5,7,-3,sil
0.8057990074157715,-3,8,15,26,18,6,6,0,1,16,0,6,0,6,sil
0.8057990074157715,-21,-23,-16,-11,-8,-2,8,0,0,12,-27,-23,-9,-6,sil
0.8209431171417236,-15,-35,-35,-44,-26,-7,8,1,7,1,-34,-28,-3,-11,sil
0.8209431171417236,-4,-21,-16,-30,-15,-2,5,10,26,7,-16,-7,11,5,sil
0.8365249633789062,-7,-19,-13,-14,-12,-4,-4,15,34,12,-8,-4,7,6,sil
0.8365249633789062,-4,-20,-16,-29,-17,-12,-19,4,22,0,0,1,0,-6,sil
0.8516719341278076,6,0,0,-26,-7,-12,-21,-8,0,-6,13,21,6,-2,sil
0.8516719341278076,11,19,20,5,7,-8,-10,-9,-19,-6,17,27,6,7,sil
0.8676857948303223,13,21,33,28,11,-2,4,-2,-24,-4,24,20,-3,8,sil
0.8676857948303223,10,14,25,24,8,1,7,1,-20,-1,25,9,-4,11,sil
0.8838047981262207,2,10,17,18,10,4,0,4,-16,-1,15,-1,-4,13,sil
0.8838047981262207,5,9,17,30,11,17,13,10,-3,9,20,3,0,11,sil
0.8993098735809326,3,6,5,27,2,23,23,6,5,21,19,8,0,9,sil
0.8993098735809326,-10,-3,-8,4,-1,16,5,-5,-1,8,-8,-3,-8,3,sil
0.91483473777771,-9,-8,-12,4,3,13,1,-8,0,2,-18,-11,-9,-2,sil
0.91483473777771,0,-1,-8,9,0,10,10,1,11,12,-3,-5,-1,0,sil
0.9307630062103271,-6,0,-11,-8,-5,0,9,6,18,10,0,-1,0,0,sil
0.9307630062103271,-9,-2,-16,-17,0,-7,2,0,13,-1,0,-4,0,-7,sil
0.9462966918945312,-3,3,-6,-7,2,-12,-9,-4,-4,-16,-1,-4,-9,-19,sil
0.9462966918945312,-7,11,-5,-4,4,-11,-19,-8,-21,-30,-10,-10,-21,-33,sil
0.9619994163513184,-13,4,-13,-14,7,-7,-14,-7,-27,-29,-14,-11,-20,-35,sil
0.9619994163513184,-11,-7,-9,-17,0,-1,-3,-4,-24,-26,-17,-14,-21,-21,sil
0.9781925678253174,-8,-16,-3,-5,-7,10,10,-2,-6,-24,-32,-25,-27,-8,sil
0.9781925678253174,0,-20,-1,-5,-10,12,18,10,17,-8,-38,-18,-12,4,sil
0.99357271194458,15,-21,-7,-23,-22,-16,0,19,26,11,-21,0,17,24,sil
0.99357271194458,24,-19,-4,-31,-27,-43,-34,2,15,1,1,14,25,24,sil
1.0096144676208496,29,-9,10,-19,-14,-30,-41,-8,2,-8,15,23,14,11,sil
1.0096144676208496,24,12,14,-3,0,-9,-26,-8,-1,9,21,19,13,10,sil
1.0257203578948977,11,28,19,8,12,0,-19,-6,-6,15,27,12,19,8,sil
1.0257203578948977,9,29,25,15,20,19,5,1,2,17,39,16,24,7,sil
1.0409047603607178,8,21,24,21,21,32,40,11,18,38,34,11,21,15,sil
1.0409047603607178,-15,5,1,20,12,22,40,1,8,32,2,-7,1,5,sil
1.0562703609466553,-37,-15,-30,2,2,12,25,-4,-5,7,-14,-19,-10,-12,sil
1.0562703609466553,-26,-19,-23,-8,3,12,30,6,6,15,-3,-11,0,-1,sil
1.072005033493042,-6,-8,-2,0,6,8,29,7,25,28,4,1,15,15,sil
1.072005033493042,-7,0,-7,-1,4,-1,-1,-4,10,0,3,7,7,-1,sil
1.0880517959594729,-14,5,-6,-14,-2,-15,-28,-9,-19,-26,5,7,-7,-25,sil
1.0880517959594729,-3,13,6,0,-4,-20,-22,-9,-34,-26,4,2,-11,-16,sil
1.104021072387695,8,10,17,21,1,-2,-2,-3,-27,-18,-2,3,-9,0,sil
1.104021072387695,4,-7,10,16,-3,19,8,5,-6,-5,-7,-5,-10,1,sil
1.1187503337860107,-2,-22,-8,-5,-21,15,0,9,12,3,-12,-13,-6,5,sil
1.1187503337860107,3,-16,-11,-17,-22,-9,-18,7,17,-2,-11,-1,3,13,sil
1.1342713832855225,16,2,2,3,-8,-28,-29,-2,2,-15,-1,8,2,9,sil
1.1342713832855225,20,23,24,39,1,-14,-21,-11,-14,-28,5,17,-5,-1,sil
1.1508188247680664,11,30,27,51,7,10,2,-4,-16,-18,0,18,-9,-6,sil
1.1508188247680664,-4,8,4,33,7,13,20,0,-8,4,-20,-4,-18,-6,sil
1.164870262145996,-3,-7,-1,19,3,6,21,3,9,8,-28,-11,-13,0,sil
1.164870262145996,16,5,3,21,7,6,19,10,26,7,-2,13,16,15,sil
1.180896282196045,20,10,4,18,5,0,3,3,11,4,11,20,21,12,sil
1.1960535049438477,11,0,0,10,-2,-10,-15,-8,-9,-8,5,6,5,-6,sil
1.1960535049438477,17,9,2,6,7,-13,-14,-6,-1,-6,15,7,9,-6,sil
1.211665391921997,12,17,6,-5,21,-10,-15,-1,0,1,21,9,7,0,sil
1.211665391921997,-12,-2,-12,-18,7,-7,-22,-9,-20,-11,-2,-15,-18,-13,sil
1.2277038097381592,-26,-20,-35,-30,-6,-8,-18,-11,-22,-20,-28,-47,-33,-24,sil
1.2277038097381592,-32,-21,-37,-47,-6,0,-1,0,-11,-4,-35,-57,-25,-22,sil
1.2277038097381592,-39,-24,-33,-64,-3,20,16,8,-6,9,-24,-46,-20,-13,sil
1.2428691387176514,-30,-30,-26,-73,0,25,30,9,4,25,-7,-25,-18,0,sil
1.258004665374756,-17,-30,-23,-66,-4,15,32,10,18,48,-2,-18,0,6,sil
1.258004665374756,-14,-22,-11,-53,-12,6,21,11,15,42,0,-10,18,5,sil
1.273552417755127,-9,-19,-4,-46,-12,0,7,9,14,18,17,4,20,8,sil
1.273552417755127,0,-25,-6,-49,-6,-4,-1,3,26,16,36,18,31,16,sil
1.2895910739898682,9,-8,15,-32,-3,-5,0,3,32,23,46,38,45,25,sil
1.2895910739898682,27,25,37,11,0,-16,0,5,24,8,51,50,36,27,sil
1.3051695823669434,28,25,29,28,-4,-28,-12,-5,-1,-23,41,37,14,8,sil
1.3051695823669434,4,13,15,19,-16,-14,-21,-18,-28,-43,15,13,-2,-13,sil
1.3203654289245603,-1,27,20,45,-5,2,-17,-12,-19,-32,0,10,-2,-15,sil
1.3203654289245603,18,43,40,85,21,4,-15,-1,3,-18,3,28,4,-5,sil
1.336057424545288,16,38,32,88,26,1,-11,-8,-1,-26,-6,15,-8,-6,sil
1.336057424545288,-2,24,9,76,12,6,-3,-13,-14,-34,-37,-14,-33,-14,sil
1.351245641708374,6,14,13,75,12,22,11,3,5,-8,-34,-7,-19,0,sil
1.351245641708374,20,12,11,66,22,27,23,9,24,18,-9,8,5,22,sil
1.3670217990875244,2,1,-6,34,8,9,12,-2,-2,7,-31,-9,-11,14,sil
1.3670217990875244,-6,-20,-21,5,-14,-2,0,0,-24,0,-54,-24,-26,-4,sil
1.3827452659606934,8,-22,-17,0,-12,0,7,12,-1,11,-25,-7,-4,0,sil
1.3827452659606934,8,-6,-3,3,-1,0,9,9,15,18,-1,7,12,10,sil
1.3980090618133545,-2,-12,-12,-17,-5,-11,-4,0,-5,14,-8,-2,2,2,sil
1.3980090618133545,-9,-26,-29,-55,-16,-22,-20,-2,-32,-1,-12,-13,-9,-11,sil
1.4132874011993408,-12,-13,-26,-59,-17,-20,-16,-6,-41,-18,-2,-10,-10,-14,sil
1.4132874011993408,-4,7,-6,-28,-5,-7,-3,-5,-41,-8,10,1,-6,-10,sil
1.428626298904419,3,10,3,-15,1,-5,0,3,-33,0,17,7,-4,-9,sil
1.428626298904419,0,0,-1,-30,-5,-10,0,4,-6,-12,22,3,2,-6,sil
1.4437429904937744,-2,0,1,-32,0,0,0,-1,27,-11,32,1,10,0,sil
1.4437429904937744,1,9,11,-11,18,9,-2,1,43,5,27,-5,6,0,sil
1.4599590301513672,-1,4,8,-1,15,6,-5,5,35,6,4,-16,0,-2,sil
1.4599590301513672,-9,-5,3,-8,4,9,1,0,16,5,-2,-14,0,-2,sil
1.4756247997283936,-12,-5,-1,-4,11,16,6,-6,2,17,4,-11,-1,-3,sil
1.4756247997283936,-11,-3,1,0,11,14,2,-5,-6,9,0,-13,-10,-6,sil
1.490755558013916,-13,-12,-1,-11,0,14,5,-4,-14,-5,-8,-10,-13,-2,sil
1.490755558013916,-13,-21,-12,-18,-5,12,11,-1,-9,4,-11,-6,-3,8,sil
1.5055773258209229,-9,-15,-9,-9,-8,4,12,6,16,21,-2,0,10,17,sil
1.5055773258209229,-5,-7,-2,-5,-10,1,17,12,43,29,14,8,28,16,sil
1.521686315536499,-5,-11,0,-11,-7,-1,17,9,38,31,15,7,32,15,sil
1.521686315536499,-6,-17,-8,-16,-8,-7,8,3,20,18,0,1,18,18,sil
1.537757158279419,0,-9,-17,-14,-8,-12,-1,0,13,2,1,6,14,12,sil
1.537757158279419,13,9,0,-3,0,-20,-10,0,5,-4,21,25,21,2,sil
1.5534183979034424,23,17,8,6,-1,-24,-16,0,2,-10,27,27,16,0,sil
1.5534183979034424,22,11,6,8,-10,-16,-15,4,7,-9,22,27,7,0,sil
1.5686330795288086,24,13,13,19,-4,-5,-10,1,1,-5,12,28,5,-3,sil
1.5686330795288086,19,11,6,22,0,-4,-12,-16,-22,-23,-2,4,-7,-20,sil
1.5846474170684814,1,8,0,12,-3,-10,-21,-19,-40,-39,-7,-12,-28,-33,sil
1.5846474170684814,0,24,9,29,3,-3,-11,-1,-36,-26,-22,-3,-35,-24,sil
1.6005377769470217,7,34,19,46,12,9,4,0,-31,-29,-72,-7,-41,-9,sil
1.6005377769470217,6,20,19,32,8,8,-3,-10,-39,-46,-80,-21,-42,-7,sil
1.6156961917877195,0,9,10,28,9,3,-11,-15,-41,-29,-28,-19,-27,-8,sil
1.6156961917877195,-7,13,9,37,11,13,-1,-3,-30,-4,-8,-14,-20,-5,sil
1.630908489227295,-1,11,13,36,11,25,9,9,-12,0,-12,-7,-11,5,sil
1.630908489227295,6,0,3,20,13,25,10,4,7,4,0,3,3,15,sil
1.646578311920166,-2,-13,-11,-1,7,20,9,-1,11,19,6,-5,5,6,sil
1.646578311920166,-13,-14,-9,-5,2,13,22,10,9,29,15,-17,7,4,sil
1.6623234748840332,-10,-15,0,-6,9,10,35,17,23,31,25,-5,14,15,sil
1.6623234748840332,-15,-32,-17,-36,0,6,27,6,35,28,10,-5,12,10,sil
1.6789782047271729,-20,-37,-30,-52,-19,-3,3,0,28,28,13,-9,18,1,sil
1.6789782047271729,-11,-17,-18,-33,-14,-9,0,2,29,36,47,12,40,12,sil
1.6930482387542725,-6,-1,-8,-24,-4,-10,5,8,38,31,39,19,36,16,sil
1.6930482387542725,-3,0,-1,-30,-7,-14,-2,9,32,11,0,6,11,8,sil
1.709205150604248,7,-6,-5,-23,-10,-14,-7,0,20,12,2,7,13,11,sil
1.709205150604248,4,-12,-14,-21,-9,-14,-15,-7,0,10,10,6,16,4,sil
1.7249438762664795,-12,-13,-12,-28,-6,-20,-23,-5,-18,-24,-13,-8,-9,-19,sil
1.7249438762664795,-5,-9,-4,-22,-4,-20,-13,0,-16,-42,-17,-5,-18,-19,sil
1.740617036819458,12,-1,2,-6,-6,-14,0,0,0,-12,5,14,0,0,sil
1.740617036819458,15,6,-7,4,-6,-15,-10,-9,5,4,12,8,4,0,sil
1.7556483745574951,16,13,8,4,-3,-16,-26,-4,-4,-14,9,12,-3,1,sil
1.7556483745574951,22,22,43,13,1,-2,-14,6,-3,-6,17,31,2,5,sil
1.771820068359375,9,19,8,28,13,9,9,-9,-2,14,12,6,0,-9,sil
1.771820068359375,-9,8,-6,16,16,11,0,-10,-26,-9,-8,-18,-25,-21,sil
1.786881923675537,0,19,37,11,7,16,-17,5,-33,-32,-4,0,-21,-15,sil
1.8020312786102293,11,29,30,27,1,13,-5,-7,-17,-17,3,3,-4,-13,sil
1.8020312786102293,-4,9,-3,22,2,5,4,-18,-32,-23,-18,-19,-24,-16,sil
1.8189260959625244,-16,-5,-1,12,5,11,6,-2,-38,-29,-29,-22,-29,-7,sil
1.8189260959625244,-6,-1,0,15,3,16,13,5,-3,4,-11,-5,0,11,sil
1.8189260959625244,-4,-3,-5,6,0,9,14,5,11,16,-12,0,6,17,sil
1.83394718170166,-14,-7,-2,-1,0,9,9,3,-5,-4,-29,-12,-11,-1,sil
1.8495678901672363,-10,-6,-6,0,5,16,7,5,-5,-5,-31,-19,-14,-6,sil
1.8495678901672363,0,-3,-11,3,8,19,15,13,21,19,-13,-8,4,14,sil
1.8646020889282229,2,-3,-4,1,1,16,23,14,35,25,2,-1,21,21,sil
1.8646020889282229,0,-9,-6,-6,-7,5,25,8,28,13,-8,-11,12,6,sil
1.880082607269287,3,-12,-14,-3,-2,-8,18,0,23,11,-16,-8,3,2,sil
1.880082607269287,14,-2,-4,4,2,-19,2,-2,19,14,13,17,17,12,sil
1.8955872058868408,16,0,-4,-1,-5,-18,0,0,15,15,35,27,27,17,sil
1.8955872058868408,8,-8,-1,-17,-9,-17,-1,0,14,13,18,19,21,15,sil
1.910895586013794,2,-5,4,-20,-7,-19,-15,0,8,9,8,13,15,6,sil
1.910895586013794,1,0,-9,-14,-9,-15,-24,-4,-2,0,17,5,10,-8,sil
1.9262809753417969,8,11,0,-3,-2,-10,-15,-4,-9,-14,25,12,5,-8,sil
1.9262809753417969,13,29,25,11,2,-10,-17,0,-12,-13,27,23,0,-2,sil
1.941807746887207,-8,15,9,1,-4,-13,-33,-4,-25,-9,12,3,-19,-17,sil
1.941807746887207,-32,-11,-9,-7,-8,-5,-29,-11,-37,-10,-4,-16,-33,-30,sil
1.9569363594055176,-20,-2,1,15,2,4,-4,-6,-26,-8,0,-9,-24,-17,sil
1.9569363594055176,-5,10,15,24,13,10,4,-4,-13,-8,-1,-7,-18,-5,sil
1.9726364612579343,-15,-6,2,1,9,17,9,-5,-3,0,-12,-20,-19,-1,sil
1.9726364612579343,-12,-22,-13,-9,3,22,23,4,13,16,-12,-19,-8,9,sil
1.987667798995972,9,-21,-14,-4,3,15,31,12,27,13,-20,-14,2,16,sil
1.987667798995972,9,-21,-16,-12,-6,0,18,6,23,3,-29,-18,7,6,sil
2.0095348358154297,-1,-15,-14,-31,-15,-7,-2,3,15,0,-12,-8,10,0,sil
2.0095348358154297,5,2,-2,-27,-1,-3,-6,4,9,-10,2,13,10,0,sil
2.0095348358154297,10,10,4,-9,10,-1,2,0,3,-9,-1,14,6,-1,sil
2.0186927318573,1,0,0,-5,0,-12,-2,-5,-2,-4,-2,-1,2,-12,sil
2.0346548557281494,-1,0,-3,-10,-7,-18,-16,-3,-12,-21,-3,-5,0,-8,please
2.0346548557281494,0,9,3,-4,3,0,-6,0,-9,-16,3,9,5,2,please
2.049981117248535,6,14,10,14,16,19,11,2,9,23,24,19,25,11,please
2.049981117248535,18,13,21,22,9,8,3,8,5,15,23,21,22,12,please
2.0659730434417725,15,15,17,18,-2,-4,-11,0,-10,-19,11,10,4,0,please
2.0659730434417725,0,9,-5,15,-4,0,-10,-9,-6,-9,12,-3,0,-8,please
2.08064341545105,-5,3,2,11,-1,4,-8,-4,-16,-3,5,7,-8,1,please
2.08064341545105,0,5,16,19,-1,5,0,-4,-29,-15,-5,14,-19,4,please
2.0967183113098145,2,11,12,35,0,10,10,-2,-7,3,-5,1,-7,1,please
2.0967183113098145,0,14,15,31,0,14,10,7,16,34,0,4,5,8,please
2.112095832824707,-5,5,4,13,2,9,13,5,11,37,7,6,4,10,please
2.112095832824707,-11,-5,-6,4,6,7,16,0,-2,15,-3,-14,-11,-1,please
2.1281065940856934,-16,-12,-11,0,0,6,10,0,2,1,-21,-30,-21,-6,please
2.1281065940856934,-10,-17,-15,-12,-10,-3,0,0,10,3,-13,-23,-9,0,please
2.1439640522003174,1,-14,-7,-19,-7,-12,-6,2,0,0,-3,-9,-1,5,please
2.1439640522003174,-1,-12,-15,-20,-5,-17,-4,3,1,-3,-13,-8,-7,2,please
2.1598358154296875,-10,-16,-27,-29,-10,-21,-4,-1,13,-5,-15,-10,-2,-2,please
2.1598358154296875,0,-10,-17,-32,-6,-15,-2,0,11,-8,-6,-5,9,-6,please
2.175844192504883,17,0,-8,-21,-1,-11,-4,2,1,-12,-1,0,9,-6,please
2.175844192504883,12,-3,-4,-20,-4,-15,-18,0,-2,-16,3,12,7,-1,please
2.1908833980560303,1,-6,-6,-25,-5,-11,-21,-3,-1,-20,9,19,9,-5,please
2.1908833980560303,0,0,0,-20,0,-2,-7,-1,0,-14,16,18,3,-11,please
2.206294298171997,4,8,18,-3,6,-1,0,-2,-2,0,26,17,4,-4,please
2.206294298171997,11,20,27,19,14,0,0,-3,-9,0,18,15,9,3,please
2.2221827507019043,13,25,27,36,19,13,0,0,-8,-4,0,8,-1,8,please
2.2221827507019043,0,12,15,37,18,23,6,0,-8,0,-2,-4,-10,4,please
2.237844228744507,-20,-2,-3,19,9,15,7,-3,-19,0,-11,-24,-11,-10,please
2.237844228744507,-23,-7,-4,10,1,15,9,-1,-11,1,-23,-28,-9,-10,please
2.2531521320343018,-5,-5,0,20,6,24,24,6,13,20,-12,-13,-3,8,please
2.2531521320343018,-2,-8,-7,10,11,16,27,11,21,27,0,-2,1,11,please
2.268665075302124,-8,-8,-11,-8,5,0,14,9,19,21,0,0,7,8,please
2.268665075302124,2,0,2,0,0,-4,1,0,20,15,5,8,15,17,please
2.2844934463500977,11,4,6,9,0,-7,-3,-4,9,6,12,9,17,9,please
2.2844934463500977,1,0,-7,-7,-2,-10,-3,-2,0,1,9,0,4,-10,please
2.299633502960205,-6,-2,-9,-21,-7,-5,-8,-3,-4,-9,-1,-4,-12,-12,please
2.299633502960205,-3,-5,-7,-10,-10,-3,-14,-7,-9,-17,-10,-8,-18,-9,please
2.3150691986083984,3,-11,-4,-6,-11,-10,-18,-5,-15,-9,-9,-5,-14,-12,please
2.3311214447021484,0,-6,6,-15,-11,-9,-14,0,-16,-7,-3,8,-8,-7,please
2.3311214447021484,-6,0,4,-11,-12,0,-5,-2,-10,-15,1,8,0,0,please
2.3311214447021484,1,4,4,1,-12,-5,-6,-5,-8,-12,4,6,7,3,please
2.346908569335937,12,13,9,4,-10,-9,-8,0,-10,3,3,14,11,8,please
2.346908569335937,11,7,8,-4,-8,-1,-1,5,-4,2,3,13,11,14,please
2.362539052963257,18,-1,18,-9,-11,2,0,2,-1,-12,3,4,5,12,please
2.362539052963257,18,14,11,7,-10,0,1,0,2,-5,-1,1,-1,6,please
2.378548622131348,-5,25,-14,17,-2,1,0,2,8,7,-6,0,-5,0,please
2.39505672454834,-16,0,-16,-4,-8,3,-1,1,11,2,-2,-4,-7,-11,please
2.39505672454834,-5,-9,-3,-17,-17,0,-2,0,10,-2,2,-9,-6,-15,please
2.39505672454834,-3,2,-5,0,-5,1,3,5,8,0,2,-8,1,-9,please
2.41011905670166,-7,-1,-11,9,0,9,12,8,11,9,0,-6,4,-1,please
2.41011905670166,-10,-15,-6,0,-9,6,13,0,17,11,1,-7,1,0,please
2.4256553649902344,-5,-4,-2,2,-1,2,18,-1,13,2,4,-6,6,1,please
2.4256553649902344,9,10,6,18,16,4,25,7,5,0,10,2,11,11,please
2.441107988357544,21,13,17,23,21,4,13,5,4,9,11,14,7,17,please
2.456355333328247,13,12,7,19,25,-1,-4,0,4,11,7,16,6,11,please
2.456355333328247,0,2,0,10,24,-9,-12,-5,-7,5,5,14,4,3,please
2.471875190734864,-8,-17,0,-1,13,-17,-17,-17,-21,0,-5,2,-7,-7,sil
2.471875190734864,-10,-22,-7,-13,15,-16,-21,-19,-27,-12,-21,-13,-19,-18,sil
2.489652395248413,-8,-10,-8,-9,32,-2,-14,-2,-19,-17,-7,-4,-10,-12,sil
2.489652395248413,-5,-20,-6,-4,35,5,0,3,-2,-4,3,0,0,0,sil
2.489652395248413,-14,-29,-6,-14,29,0,0,1,0,0,-15,-22,-7,-4,sil
2.5031118392944336,-20,-4,-7,-13,34,0,-5,7,-7,-6,-23,-33,-16,-17,sil
2.518721580505371,-7,12,1,7,43,12,0,6,4,2,0,-4,0,-2,sil
2.518721580505371,1,11,12,7,41,17,10,-1,13,12,10,11,12,12,sil
2.5359933376312256,-10,-8,-5,-25,3,0,-2,-8,-12,-18,-23,-17,-16,-10,sil
2.5359933376312256,-6,-35,-12,-33,-30,-3,-8,-8,-27,-40,-43,-35,-36,-27,sil
2.5505082607269287,22,6,14,15,9,29,26,9,13,18,4,6,1,11,sil
2.5505082607269287,20,53,11,24,40,23,33,17,31,52,35,34,25,36,sil
2.5663866996765137,-1,4,-4,-32,-33,-21,-9,-1,-12,-3,-4,5,-10,6,sil
2.5663866996765137,10,-24,3,-18,-95,-12,-9,-5,-10,-11,-5,0,-9,3,sil
2.581563234329224,31,19,14,28,-78,16,12,7,32,28,34,30,35,36,sil
2.581563234329224,14,30,4,3,-71,0,-3,4,26,10,26,32,36,27,sil
2.5967564582824707,1,32,-6,5,-64,-19,-10,0,10,-4,13,11,16,3,sil
2.5967564582824707,9,45,3,41,-60,-12,0,2,11,6,23,17,13,5,sil
2.6128740310668945,0,0,3,1,-122,-14,-9,-6,-6,-13,8,13,1,-5,sil
2.6128740310668945,-13,-33,-9,-39,-145,-19,-12,-7,-18,-27,-3,-2,1,-33,sil
2.6280245780944824,4,0,0,-3,-56,-11,0,8,-3,-7,12,2,15,-25,sil
2.6280245780944824,13,18,17,27,6,0,1,4,-5,-5,14,4,-3,-4,sil
2.6436116695404053,-12,-2,9,13,15,0,-7,-9,-29,-22,-7,-16,-36,-19,sil
2.6436116695404053,-29,-19,-5,-2,59,2,-6,-6,-29,-15,-21,-36,-35,-34,sil
2.6588833332061768,-22,-21,-10,0,110,19,6,-1,-8,5,-22,-35,-19,-15,sil
2.6588833332061768,-13,-15,-6,6,116,26,17,0,1,13,-32,-23,-11,3,sil
2.6743178367614746,-7,-15,-4,5,106,10,11,5,10,16,-46,-23,-6,8,sil
2.6743178367614746,-8,-22,-6,-3,103,-1,0,0,15,18,-31,-21,1,13,sil
2.689445972442627,0,-17,-12,-8,95,-1,-4,-6,13,16,0,0,13,19,sil
2.689445972442627,17,-6,-6,-5,77,0,-2,0,15,17,16,27,25,24,sil
2.705164194107056,24,-4,4,-6,56,-2,-4,5,18,17,23,36,27,21,sil
2.705164194107056,16,-5,-2,-9,37,-10,-7,0,12,0,27,28,19,4,sil
2.720526933670044,6,0,-8,-13,14,-10,-12,-7,0,-22,19,13,2,-11,sil
2.720526933670044,-9,0,-10,-18,-12,-5,-11,-7,-10,-23,6,-1,-12,-12,sil
2.7360544204711914,-19,-1,-10,-22,-32,-8,-2,-3,-15,-15,0,-5,-16,-9,sil
2.7360544204711914,-7,9,7,-9,-38,-3,1,0,-17,-21,-2,2,-15,-10,sil
2.7516543865203857,5,27,20,15,-41,6,0,-1,-4,-19,0,0,-15,-6,sil
2.7516543865203857,3,33,18,24,-46,0,0,2,5,-4,8,-5,-11,3,sil
2.766809701919556,-1,20,16,14,-49,4,8,7,-3,7,6,-2,-5,8,sil
2.766809701919556,0,7,3,7,-47,23,22,7,-5,11,-9,-4,-8,4,sil
2.782414674758911,4,7,1,20,-37,28,27,9,8,8,-13,-8,-6,0,sil
2.782414674758911,2,5,7,37,-27,17,18,9,13,17,-1,-2,4,5,sil
2.798060894012451,0,-3,6,20,-24,8,9,5,2,29,-5,0,12,12,sil
2.798060894012451,5,-7,-2,-2,-27,1,6,3,0,19,-13,-7,10,8,sil
2.813589572906494,3,-9,-7,-5,-32,-9,0,0,3,0,-7,-5,9,0,sil
2.813589572906494,-6,-13,-10,-11,-29,-17,-6,-2,5,0,0,6,10,0,sil
2.828665256500244,-8,-12,-21,-24,-25,-15,-9,-4,2,6,0,0,6,1,sil
2.828665256500244,-1,-12,-18,-32,-22,-13,-18,-6,-12,-4,-5,-6,2,-9,sil
2.844135999679565,3,-7,-8,-24,-11,-13,-21,-6,-15,-11,0,3,7,-12,sil
2.844135999679565,6,1,-7,-10,1,-10,-14,-3,0,-1,17,12,16,-2,sil
2.860105276107788,3,7,9,-11,8,-8,-16,0,-6,-6,19,14,7,-2,sil
2.860105276107788,-2,3,12,-11,19,-12,-11,-6,-14,-15,16,10,0,-9,sil
2.8756368160247803,0,0,6,-4,27,-14,-5,-11,-3,-12,21,8,0,-4,sil
2.8756368160247803,8,8,27,1,25,-1,-9,1,3,-9,17,16,-3,2,sil
2.890850305557251,12,15,22,19,27,9,0,0,2,-11,0,2,-4,2,sil
2.9070401191711426,3,7,6,25,29,4,4,-9,-3,-23,-17,-12,-16,1,sil
2.9070401191711426,-2,3,14,19,23,8,6,1,0,-13,-19,-2,-21,2,sil
2.9070401191711426,2,1,-6,37,33,30,32,4,27,28,1,-3,2,4,sil
2.92171597480774,-1,-6,-21,33,37,30,36,-1,26,32,3,-17,8,7,sil
2.936752319335937,-15,-9,-1,0,18,18,10,9,-2,4,-17,-16,-16,4,sil
2.936752319335937,-15,-9,-13,0,11,13,15,6,-1,13,-14,-12,-12,0,sil
2.9528298377990723,-2,-11,-30,5,8,0,14,-3,5,17,-7,-12,3,0,sil
2.9528298377990723,5,-1,2,-22,-8,-18,-24,10,-9,-10,-16,1,0,1,sil
2.967987298965454,0,0,10,-34,-11,-21,-28,12,-7,-8,-1,11,7,0,sil
2.967987298965454,-13,-12,-27,-30,-5,-20,-3,-3,4,0,9,4,15,-5,sil
2.983931541442871,-15,-11,-22,-35,-11,-19,-16,-6,-14,-25,-6,0,-8,-20,sil
2.983931541442871,-5,6,2,-10,-9,-10,-24,-4,-25,-24,-7,-4,-23,-23,sil
3.000228881835937,1,23,19,24,1,3,-3,0,-10,10,2,-7,-13,0,sil
3.000228881835937,13,27,30,31,6,24,19,5,0,17,-4,-2,0,13,sil
3.0161640644073486,17,4,10,18,0,32,32,0,13,15,-6,-2,7,11,sil
3.0161640644073486,-4,-19,-12,-6,-15,10,14,-5,20,18,-3,-8,2,7,sil
3.031418800354004,-20,-19,-21,-24,-22,-8,-10,-1,14,7,-8,-13,1,1,sil
3.031418800354004,-9,-10,-22,-23,-18,-11,-16,0,7,-6,-8,-11,9,0,sil
3.0481059551239014,0,-6,-10,-16,-18,-12,-16,0,7,-3,8,2,7,9,sil
3.0481059551239014,8,-1,-1,0,-18,-11,-9,-2,12,3,28,19,12,10,sil
3.0486114025115967,16,0,11,1,-15,-9,-5,0,1,-12,26,29,20,10,sil
3.0628318786621094,14,1,14,-8,-10,-11,0,2,-11,-20,19,25,11,5,sil
3.0628318786621094,1,-5,-5,-7,-1,-12,6,-2,-10,-8,21,7,-4,-13,sil
3.0780251026153564,-9,-4,9,-5,0,-5,0,1,-12,-15,9,3,-16,-27,sil
3.0936145782470703,0,17,23,17,8,1,1,0,-21,-22,1,7,-6,-19,sil
3.0936145782470703,25,35,17,51,25,7,12,-9,-20,-5,12,8,7,0,sil
3.108842611312866,27,28,37,41,24,19,4,0,-12,9,8,11,1,11,sil
3.108842611312866,4,14,29,20,10,22,3,1,0,17,-8,1,-2,6,sil
3.124086141586304,0,6,4,30,11,18,20,-3,11,22,0,-3,9,8,sil
3.124086141586304,9,7,20,42,17,23,24,9,19,31,19,9,18,23,sil
3.139676094055176,6,5,22,30,10,20,12,12,18,29,10,7,12,22,sil
3.139676094055176,-8,-10,-9,5,-5,1,0,0,4,4,-21,-13,-3,6,sil
3.1548614501953125,-16,-22,-26,-14,-19,-9,-11,-3,0,0,-29,-18,-9,1,sil
3.1548614501953125,-17,-19,-20,-20,-17,-16,-18,-5,0,8,-15,-11,-5,0,sil
3.170017004013061,-20,-17,-25,-27,-10,-20,-13,-2,0,-9,-18,-14,-11,-12,sil
3.170017004013061,-19,-17,-33,-38,-9,-15,-4,1,8,-20,-25,-13,-10,-14,sil
3.1860580444335938,-5,-14,-24,-37,-7,-13,-6,2,8,-3,-12,0,2,-1,sil
3.1860580444335938,0,-9,-15,-34,0,-10,-10,1,0,-5,-2,1,0,-5,sil
3.2019495964050293,-10,-11,-29,-37,6,-4,-7,-11,0,-18,-4,-15,-9,-32,sil
3.2019495964050293,-7,-16,-40,-43,1,-15,-13,-15,-10,-25,-15,-23,-17,-31,sil
3.218214511871338,0,-8,-11,-43,-2,-21,-20,3,-27,-28,-23,-13,-25,-10,sil
3.218214511871338,-8,2,1,-15,8,3,-4,10,0,0,-9,-13,-14,-3,sil
3.2336080074310303,0,5,-4,2,13,16,6,4,29,25,7,-14,7,4,sil
3.2336080074310303,12,8,14,-10,-1,0,-13,-2,0,2,4,0,11,8,sil
3.2489683628082275,1,10,15,-4,-4,-2,-12,-10,-19,-10,1,0,0,-1,sil
3.2489683628082275,-10,6,2,14,10,19,14,-1,0,2,3,-9,-10,0,sil
3.2650067806243896,0,3,15,11,6,27,27,8,0,1,2,0,-8,3,sil
3.2650067806243896,5,8,20,20,-7,5,19,2,-10,-7,10,11,8,0,sil
3.28059983253479,6,21,25,50,0,-5,10,3,-6,-3,26,24,16,13,sil
3.28059983253479,13,24,32,62,13,3,11,6,0,5,27,33,8,23,sil
3.2959678173065186,15,9,22,49,8,10,11,1,0,10,14,25,4,9,sil
3.2959678173065186,6,1,16,36,0,9,8,0,-5,9,11,16,11,3,sil
3.312026262283325,0,0,5,30,-2,8,10,0,-1,9,14,9,9,1,sil
3.312026262283325,-2,-8,-1,19,0,6,13,0,-2,12,4,0,0,-4,sil
3.328038454055786,-1,-7,3,9,-2,9,16,5,7,18,-4,-1,7,6,sil
3.328038454055786,7,-1,0,0,-5,2,12,7,35,24,3,5,24,28,sil
3.3439207077026367,18,-5,-3,-18,-5,-14,-5,4,41,17,14,12,24,27,sil
3.3439207077026367,24,0,-1,-22,-10,-23,-24,-6,17,0,14,16,22,13,sil
3.360041379928589,20,12,-2,-22,-11,-26,-40,-13,0,-15,9,20,17,3,sil
3.360041379928589,3,7,-9,-29,-8,-28,-39,-8,-5,-15,7,17,4,-6,sil
3.376033306121826,-9,-4,-16,-35,-10,-18,-21,-8,-20,-17,2,-2,-4,-19,sil
3.376033306121826,-10,0,-10,-27,-2,-3,-8,-6,-24,-25,-3,-10,-14,-21,sil
3.391091108322144,-11,7,1,-6,15,2,-5,1,-14,-16,-6,-11,-21,-16,sil
3.391091108322144,-20,2,3,4,15,5,-8,0,-29,-12,-16,-32,-30,-25,sil
3.40662145614624,-22,-7,-3,0,2,13,0,-4,-39,-13,-39,-45,-41,-35,sil
3.40662145614624,-14,-13,-9,-4,3,25,23,3,-5,10,-46,-27,-31,-11,sil
3.4220452308654785,-13,-20,-5,-14,5,21,21,5,20,24,-26,-13,-11,12,sil
3.4220452308654785,-9,-15,-5,-8,0,4,0,-2,10,2,-11,-16,-8,2,sil
3.438188076019287,8,3,-2,15,2,3,3,-4,5,-2,-11,-9,-8,-1,sil
3.438188076019287,15,11,6,19,7,15,20,3,15,17,-7,0,1,17,sil
3.4539501667022705,5,0,4,7,5,8,17,5,15,18,3,3,6,24,sil
3.4539501667022705,-2,-8,-6,0,2,-10,4,0,2,-5,5,4,4,9,sil
3.469550371170044,-8,-7,-23,-8,-4,-14,1,8,6,-4,2,-1,7,-1,sil
3.469550371170044,-11,-11,-24,-12,-9,0,13,20,20,14,4,-7,10,0,sil
3.485053062438965,-11,-14,-10,-7,-3,10,19,14,20,2,2,-2,10,-1,sil
3.485053062438965,-17,-14,-15,-11,-5,0,3,-1,1,-21,-6,-4,4,-15,sil
3.5009877681732178,-16,-6,-14,-17,-11,-14,-17,-3,-13,-11,-1,-4,0,-22,sil
3.5009877681732178,5,9,3,1,-2,-10,-14,0,-5,9,14,9,7,-4,sil
3.5165817737579346,21,17,14,10,2,-7,-11,-4,0,2,20,25,16,8,sil
3.5165817737579346,18,7,9,-7,-8,-16,-20,-12,-11,-7,18,27,12,5,sil
3.5320069789886475,13,5,7,-9,-6,-13,-16,-8,-12,-5,14,13,4,5,sil
3.5320069789886475,11,17,20,9,5,-3,-5,-3,-8,-11,8,12,0,4,sil
3.5481438636779785,15,22,24,18,3,0,-2,-7,-11,-10,11,24,0,0,sil
3.5481438636779785,19,17,19,17,1,2,-4,-6,-8,5,18,19,3,6,sil
3.5640645027160645,10,14,21,23,8,3,-4,-3,-4,6,20,4,11,18,sil
3.5640645027160645,1,11,16,24,11,-4,0,-9,-8,1,18,5,17,18,sil
3.5796563625335693,3,5,11,13,11,0,2,-6,-6,8,11,14,9,9,sil
3.5796563625335693,8,3,9,12,5,17,6,6,12,13,1,8,0,0,sil
3.59480094909668,1,0,6,15,-4,13,5,4,16,0,-3,-5,-2,-6,sil
3.59480094909668,-9,-2,7,1,-7,0,1,5,0,-16,-12,-14,-10,-6,sil
3.6100261211395264,-12,-5,-11,-7,-4,2,4,11,3,-14,-22,-21,-17,-12,sil
3.6100261211395264,-9,-8,-23,-8,-8,2,3,5,8,-14,-27,-28,-19,-17,sil
3.625552177429199,-13,-11,-13,-15,-11,-3,0,2,-2,-7,-32,-26,-20,-12,sil
3.625552177429199,-17,-12,-16,-15,-3,2,10,7,4,10,-23,-19,-15,-4,sil
3.64085054397583,-4,-5,-18,-2,4,16,22,8,16,17,-6,-11,-8,0,sil
3.64085054397583,5,0,-1,0,4,17,22,3,2,7,-5,-9,-8,4,sil
3.656491994857788,0,-6,5,-2,1,9,12,-3,-1,5,-3,-2,-7,10,sil
3.656491994857788,2,-4,-1,0,4,7,0,-8,12,13,11,7,0,10,sil
3.6715800762176514,5,-3,-6,-1,7,3,-9,-7,6,12,8,5,3,3,sil
3.6715800762176514,-10,-15,-8,-12,4,-6,-17,-10,-7,4,-5,-4,0,-6,sil
3.686613082885742,-24,-19,-16,-9,0,-8,-15,-11,-1,1,-4,-9,0,-8,sil
3.686613082885742,-19,-11,-15,-4,0,-2,-11,0,0,0,-6,-4,3,-6,sil
3.701695203781128,-7,-15,-9,-6,2,-4,-1,7,0,2,-11,2,8,-2,sil
3.7177891731262207,-1,-19,-8,-10,4,-9,2,8,10,12,0,7,8,0,sil
3.7177891731262207,-5,-4,-5,-15,-3,-12,-2,9,12,8,10,7,10,-3,sil
3.733564853668213,1,9,1,-7,-1,-15,1,10,10,0,9,8,24,5,sil
3.733564853668213,26,13,14,0,15,-16,11,3,1,-8,9,15,24,19,sil
3.733564853668213,28,16,20,0,12,-12,2,-6,-23,-15,3,11,0,5,sil
3.7487776279449454,6,12,5,-2,-12,-1,-3,-7,-32,-13,-2,1,-5,-9,sil
3.764078378677368,4,9,1,-8,-9,-1,-3,3,-19,-10,9,11,5,2,sil
3.764078378677368,22,22,7,-10,9,-11,-11,7,-12,-13,23,21,7,15,sil
3.779229164123535,20,25,14,4,-3,0,-18,-4,-21,-16,13,12,-4,6,sil
3.779229164123535,5,9,20,17,-27,20,-10,-17,-30,-19,-5,0,-14,-5,sil
3.795050859451294,7,8,16,13,-14,8,0,-20,-24,-12,-1,0,-7,-5,sil
3.795050859451294,13,21,16,17,7,-5,-3,-16,-14,0,18,9,3,4,sil
3.810666084289551,-3,15,4,32,1,7,-3,-7,-2,-1,17,7,1,1,sil
3.810666084289551,-26,-7,-17,19,-14,6,-3,0,8,0,-3,-15,-6,-19,sil
3.826758623123169,-31,-18,-17,-1,-13,-9,-5,10,18,10,-9,-23,-12,-23,sil
3.826758623123169,-17,-8,-4,8,-6,1,2,19,33,14,-2,-15,-12,-7,sil
3.842008829116821,-1,0,1,16,-13,22,14,20,46,9,0,-6,-1,-3,sil
3.842008829116821,3,0,0,7,-8,13,12,10,41,5,0,-3,7,-2,sil
3.858207225799561,-1,-3,5,11,12,-2,6,0,29,5,0,-1,4,9,sil
3.858207225799561,0,-11,6,4,16,6,11,5,37,13,-3,4,3,17,sil
3.873741865158081,0,-18,-10,-14,6,9,13,4,38,15,-12,-3,0,8,sil
3.873741865158081,-9,-13,-17,-13,7,-12,-8,-13,-3,-4,-30,-21,-13,-5,sil
3.889558076858521,-1,-5,-3,-6,9,-16,-13,-13,-32,-3,-24,-10,-6,-3,sil
3.889558076858521,12,-7,0,-17,8,1,6,1,-19,14,-4,9,7,11,sil
3.905697107315064,-2,-14,-14,-26,17,4,7,-4,-31,-4,-18,-3,-11,0,please
3.905697107315064,-22,-9,-22,-17,18,2,2,-18,-56,-30,-35,-25,-33,-24,please
3.9216115474700928,-12,-1,-11,-17,6,18,20,-3,-28,-12,-16,-16,-18,-15,please
3.9216115474700928,0,-7,-1,-23,4,29,31,20,27,23,8,5,10,9,please
3.9376320838928223,0,-10,1,-18,13,16,23,25,43,44,21,14,28,18,please
3.9376320838928223,0,-2,4,-10,2,-6,4,16,23,41,22,7,30,12,please
3.9534831047058105,1,-1,-3,-9,-16,-24,-17,5,1,16,14,0,19,5,please
3.9534831047058105,6,0,-4,-5,-15,-30,-30,-4,-20,-15,11,10,7,7,please
3.968678951263428,17,7,6,3,-10,-28,-25,-10,-34,-30,17,25,8,12,please
3.968678951263428,22,12,10,1,-19,-30,-25,-13,-36,-34,25,22,11,3,please
3.984775066375733,28,28,25,12,-9,-24,-28,-16,-33,-27,33,26,2,-5,please
3.984775066375733,38,47,43,50,14,1,-13,-11,-18,-4,33,35,0,6,please
4.000550985336304,30,43,41,61,16,18,4,-2,-1,-3,25,29,3,18,please
4.000550985336304,5,19,18,41,3,13,14,-6,-1,-21,2,-1,-7,0,please
4.021723747253418,-16,0,-1,24,-3,11,13,-12,-4,-10,-26,-33,-23,-17,please
4.021723747253418,-22,-1,-2,15,-6,18,6,-4,4,12,-21,-23,-8,-8,please
4.021723747253418,-12,-1,-4,11,-3,15,8,4,16,17,4,0,12,3,please
4.031330823898315,-18,-19,-15,6,0,7,13,12,24,9,-1,-6,2,-4,please
4.046905755996704,-35,-29,-28,-12,2,10,13,21,32,8,-31,-24,-16,-16,please
4.046905755996704,-38,-28,-39,-36,-4,3,1,17,38,10,-43,-33,-17,-18,please
4.06211519241333,-35,-37,-38,-55,-18,-14,-14,4,39,4,-38,-32,-16,-22,please
4.06211519241333,-25,-40,-39,-57,-23,-20,-16,0,23,-5,-26,-22,-10,-21,please
4.078051328659058,0,-21,-21,-49,-18,-18,-16,0,-15,-22,-19,-7,-5,-10,please
4.078051328659058,17,0,8,-25,-8,-7,-11,-4,-24,-18,-5,10,0,0,please
4.094048738479614,22,15,13,3,3,5,5,-5,-1,0,17,23,11,10,please
4.094048738479614,28,23,26,2,6,0,-2,4,-13,-7,17,23,8,20,please
4.109607934951782,22,18,19,-3,1,-8,-15,0,-23,-16,6,8,-3,9,please
4.109607934951782,11,8,-12,13,4,-7,0,-22,-4,-1,19,1,1,-2,please
4.124770641326904,15,20,13,25,12,-3,1,-13,-12,1,33,11,8,7,please
4.124770641326904,15,35,43,30,19,9,-2,1,-26,8,25,12,11,13,please
4.140332460403442,0,18,11,29,24,19,6,-5,-20,19,10,0,5,-2,please
4.140332460403442,-8,-1,0,28,16,15,17,0,-13,18,8,-1,-4,-4,please
4.155856132507324,-3,1,21,37,4,24,26,11,3,21,13,10,2,11,please
4.155856132507324,-1,1,18,31,3,34,35,13,26,29,7,7,15,20,please
4.170976161956787,-3,-12,0,6,6,20,35,17,35,27,-8,-3,7,19,please
4.170976161956787,-5,-16,-4,-8,3,3,23,17,39,19,-17,-2,0,14,please
4.187059640884399,-1,-13,-11,-19,-6,-2,9,10,35,15,-18,-5,0,10,please
4.187059640884399,2,-13,-19,-24,-10,-10,2,5,16,7,-14,-12,1,10,please
4.203104019165039,5,-7,-14,-13,-3,-20,-6,0,-3,-16,-15,-7,1,0,please
4.203104019165039,0,-7,-18,-19,-9,-27,-26,-14,-23,-41,-21,-7,-7,-15,please
4.218703031539917,-3,-15,-24,-42,-23,-30,-34,-21,-39,-38,-9,-4,-13,-19,please
4.218703031539917,0,-6,-14,-30,-17,-21,-24,-13,-27,-22,9,9,0,-8,please
4.233812808990479,3,8,0,0,2,-6,-20,-8,-4,-16,10,13,6,-6,please
4.233812808990479,-4,7,11,0,12,3,-20,-11,-2,-6,6,4,-6,-12,please
4.249100208282471,-15,-3,0,-2,4,-3,-13,-10,-12,0,5,-2,-10,-16,please
4.249100208282471,-20,-6,-9,-6,-7,-16,-18,-1,-13,-15,2,-5,-4,-21,please
4.264994382858276,-19,-3,-2,-12,-11,-8,-19,5,-1,-13,0,-6,-2,-24,please
4.264994382858276,-18,-7,-6,-8,-8,3,-1,3,5,3,-8,-13,-4,-17,please
4.27979302406311,-9,-4,-6,3,0,3,8,0,0,1,-14,-14,-4,-8,please
4.27979302406311,9,16,13,18,4,7,7,7,4,7,0,1,5,5,please
4.294924020767212,16,30,20,23,2,12,9,11,22,21,22,10,9,14,please
4.294924020767212,13,17,17,19,4,14,20,10,23,13,20,3,0,10,please
4.310591220855713,21,12,30,22,10,21,30,15,8,4,12,10,-1,17,please
4.310591220855713,22,19,28,31,9,21,24,9,-1,10,13,20,7,26,please
4.325726509094238,10,13,7,27,1,5,8,-7,-7,7,2,5,5,16,please
4.325726509094238,12,6,16,21,1,0,-2,-7,-14,0,-7,3,0,10,please
4.340989351272583,16,8,20,34,6,4,4,-4,-8,4,9,19,10,18,sil
4.340989351272583,5,2,-1,29,3,2,3,-12,-9,4,17,18,13,14,sil
4.357056379318237,-2,-12,-9,0,-1,0,-12,-18,-17,-9,-6,0,-7,-2,sil
4.357056379318237,-6,-21,-16,-10,0,0,-8,-8,-4,-7,-19,-9,-18,-9,sil
4.372586011886597,-10,-12,-14,-2,6,-4,8,12,11,4,-1,3,0,-2,sil
4.372586011886597,-9,-11,-9,-10,3,0,8,18,16,7,5,10,13,0,sil
4.387975454330444,-10,-29,-30,-32,-12,-3,0,6,15,0,-13,-12,0,-5,sil
4.403639793395996,-15,-25,-26,-39,-14,-14,-4,7,11,-8,-25,-25,-9,-8,sil
4.403639793395996,-18,-11,-14,-39,-5,-9,-5,9,12,0,-12,-18,0,-11,sil
4.403639793395996,-25,-22,-35,-57,-15,-9,-10,-3,6,0,-17,-24,-3,-18,sil
4.418655633926392,-19,-18,-36,-62,-18,-15,-11,-11,-4,-9,-30,-25,-8,-15,sil
4.433700799942017,3,4,-5,-34,5,-4,-10,0,4,1,-12,-13,7,0,sil
4.433700799942017,16,17,11,-19,6,-4,-20,7,10,9,2,-3,13,2,sil
4.449747323989868,12,24,3,-14,-8,-18,-20,0,-3,-6,6,2,2,-1,sil
4.449747323989868,2,21,5,-2,6,-8,-8,-14,-13,-6,10,1,-7,-7,sil
4.465137243270874,-6,9,19,11,25,16,-1,-20,-18,0,-2,-13,-24,-15,sil
4.465137243270874,-1,21,18,42,18,30,12,-12,-22,-6,-13,-18,-28,-8,sil
4.480406999588013,10,24,21,56,13,30,31,3,-14,-5,0,0,-14,9,sil
4.480406999588013,7,0,20,28,5,20,33,8,2,17,6,8,-2,14,sil
4.496027946472168,-1,-14,3,9,-12,4,19,3,10,20,6,11,7,9,sil
4.496027946472168,-3,-15,-3,14,-15,-5,2,11,10,2,25,25,16,10,sil
4.511602401733398,0,-15,3,21,-6,-13,-2,13,14,-1,42,39,26,10,sil
4.511602401733398,9,5,19,31,0,-16,-1,0,9,-6,48,45,34,5,sil
4.527835369110107,20,24,30,33,3,-13,-7,-2,-10,-18,44,38,20,1,sil
4.527835369110107,11,14,21,25,3,-11,-20,-1,-28,-25,16,12,-11,-4,sil
4.543807029724121,-3,1,8,25,-4,-3,-19,-10,-25,-15,-15,-6,-18,-3,sil
4.543807029724121,2,-1,4,25,-8,6,3,-1,-2,5,-21,-5,-2,12,sil
4.558679103851318,14,-13,2,4,-5,13,19,12,17,16,-25,-7,0,22,sil
4.558679103851318,4,-21,-14,-16,4,16,16,4,21,14,-32,-13,-2,8,sil
4.574675559997559,0,-1,-19,-20,18,14,8,2,25,21,-12,-4,6,7,sil
4.574675559997559,13,14,-3,-13,14,2,0,8,30,22,6,8,11,18,sil
4.589995622634888,5,-3,-23,-28,-15,-18,-12,-4,10,-2,-10,-9,-4,-6,sil
4.589995622634888,-20,-18,-42,-57,-28,-27,-32,-17,-23,-27,-29,-27,-24,-43,sil
4.605643272399902,-19,1,-23,-42,-7,-13,-29,-11,-19,-17,0,-12,-12,-34,sil
4.605643272399902,0,15,-7,-5,7,-2,-6,-1,3,-1,28,2,10,-8,sil
4.620923280715942,-1,12,15,-5,10,0,1,11,2,-4,6,1,2,-6,sil
4.620923280715942,-20,7,13,-2,13,17,11,6,3,10,-10,-16,-3,-9,sil
4.63704776763916,-24,-4,-22,13,9,21,22,-12,6,28,0,-30,2,-3,sil
4.63704776763916,-12,-16,-11,1,-5,9,14,-3,-18,6,-8,-20,-8,0,sil
4.65262508392334,-14,-21,0,-22,-15,0,6,0,-30,-12,-31,-15,-19,3,sil
4.65262508392334,-15,-26,-21,-28,-11,-12,-1,-5,-9,-11,-26,-14,-5,8,sil
4.667751789093018,8,-9,-7,-12,-8,-17,-8,8,5,-10,4,10,14,18,sil
4.667751789093018,27,14,26,7,-1,-7,-4,17,5,-7,20,29,24,18,sil
4.6830995082855225,18,15,21,5,7,-7,-3,2,0,-9,8,17,12,0,sil
4.6830995082855225,9,8,10,2,3,-8,-13,-4,-4,-15,3,5,-5,-12,sil
4.698906660079956,8,13,23,19,0,5,-13,-6,-13,-13,16,5,-6,-10,sil
4.698906660079956,8,18,25,38,17,22,3,-8,-15,0,19,7,0,-6,sil
4.714163064956665,0,12,12,37,29,21,18,-3,-5,8,5,5,-3,-3,sil
4.714163064956665,-11,-3,-1,23,13,18,17,0,2,11,-15,-10,-15,-2,sil
4.729729890823364,-13,-17,-14,11,-1,23,14,3,16,12,-21,-21,-18,1,sil
4.729729890823364,-7,-17,-12,2,-5,13,19,12,30,21,-5,-6,-4,12,sil
4.745563268661499,-2,-16,-5,-2,-7,-8,21,13,34,33,6,8,12,19,sil
4.745563268661499,6,-13,-9,-11,-7,-14,12,5,30,23,8,13,17,17,sil
4.761268377304077,8,-5,-10,-23,-14,-17,-5,3,19,3,6,17,17,11,sil
4.761268377304077,2,-2,-9,-24,-21,-31,-24,0,1,-2,4,11,15,6,sil
4.777071952819824,9,6,1,-16,-15,-27,-27,-5,-5,-5,11,11,9,1,sil
4.777071952819824,20,22,18,0,-3,-9,-15,-3,0,-4,21,23,8,3,sil
4.792555093765259,14,22,12,11,8,-6,-14,-3,-8,-9,15,17,3,0,sil
4.792555093765259,-2,7,-2,-2,9,-14,-25,-14,-36,-31,0,-5,-12,-18,sil
4.808049917221069,-6,6,3,-10,0,-8,-23,-11,-42,-34,-3,-11,-19,-29,sil
4.808049917221069,5,20,13,17,4,9,-3,-2,-12,-7,5,0,-8,-16,sil
4.8241355419158936,9,21,-1,32,9,16,6,-3,7,1,0,-1,-2,-4,sil
4.8241355419158936,-11,1,1,2,3,13,0,0,-9,-14,-20,-9,-15,-12,sil
4.84026837348938,-25,-11,8,-10,6,25,17,3,-15,-7,-18,-12,-15,-17,sil
4.84026837348938,-10,-6,-9,8,2,34,43,4,6,16,-5,-18,0,0,sil
4.855933427810669,-4,-5,-9,10,-4,18,29,6,4,16,-14,-20,-3,12,sil
4.855933427810669,-16,-20,-9,0,4,8,11,1,-2,8,-16,-17,-5,7,sil
4.8717663288116455,-15,-26,-18,-7,5,8,13,0,6,7,-10,-13,6,10,sil
4.8717663288116455,-5,-15,-4,-9,-8,0,5,8,16,4,-20,-6,8,19,sil
4.886843204498291,0,-10,0,-3,-4,-12,-3,9,23,10,-12,4,15,22,sil
4.886843204498291,6,-9,-1,-8,0,-16,-16,4,18,17,8,11,25,19,sil
4.9019622802734375,2,-3,-2,-15,-7,-20,-27,0,3,4,3,3,7,2,sil
4.9019622802734375,0,-5,-14,-14,-8,-22,-19,-7,-4,-14,-1,-1,-7,-12,sil
4.917978286743164,10,-2,-8,-19,0,-14,-5,-5,0,-9,19,18,3,-1,sil
4.917978286743164,14,5,2,-18,0,-9,-9,-2,4,1,31,19,6,3,sil
4.933133363723755,3,7,3,-3,-1,-12,-19,-7,-6,-12,18,1,-10,-18,sil
4.933133363723755,9,14,10,7,0,-1,-4,-6,-20,-15,21,5,-10,-21,sil
4.948556423187256,16,22,13,5,6,10,11,0,-12,2,31,12,4,-2,sil
4.948556423187256,-1,15,11,0,4,5,0,0,-10,3,12,-2,0,-8,sil
4.964561462402344,-8,12,14,15,0,2,-4,-9,-24,-3,-4,-9,-10,-18,sil
4.964561462402344,1,15,19,33,9,15,15,-4,-21,-1,-6,-2,-6,-8,sil
4.980650424957275,-4,2,11,21,17,22,31,6,-6,-1,-19,-13,-12,-2,sil
4.980650424957275,-17,-12,-9,4,5,14,28,9,10,9,-37,-26,-18,1,sil
4.996694803237915,-5,-9,-3,4,-6,7,16,12,34,25,-26,-8,3,19,sil
4.996694803237915,15,-11,1,4,-9,3,6,16,45,18,-4,11,25,30,sil
5.01185417175293,11,-16,-9,-8,-10,-8,-5,5,25,3,-8,12,12,20,sil
5.01185417175293,-6,-15,-18,-17,-9,-17,-16,-6,4,2,-10,9,0,6,sil
5.027650356292725,-2,-11,-18,-16,-10,-15,-20,-8,0,-1,11,11,10,2,sil
5.027650356292725,14,2,-1,-12,-9,-12,-26,-3,-4,-17,19,19,14,4,sil
5.0431435108184814,7,12,-9,2,2,-10,-20,-9,-3,-20,12,12,5,-6,sil
5.0431435108184814,0,7,-18,6,10,-12,-10,-8,-8,-19,11,1,-3,-17,sil
5.059418678283691,9,16,29,-6,3,-3,-9,13,-16,-24,5,12,-13,-5,sil
5.059418678283691,7,30,39,9,7,15,3,9,-2,-8,0,4,-11,0,sil
5.074625015258789,-13,11,-7,28,15,19,8,-15,-1,1,-4,-21,-16,-15,sil
5.074625015258789,-24,-8,-11,11,3,8,-7,-12,-26,-6,-13,-21,-27,-21,sil
5.089839935302734,-19,-1,5,0,-1,4,-3,-4,-23,-2,-13,-17,-19,-13,sil
5.10498571395874,-13,1,-1,1,5,7,17,-3,-5,4,-6,-24,-3,-9,sil
5.10498571395874,-13,-10,-9,-2,1,11,24,6,0,9,-7,-16,1,0,sil
5.121041774749756,-12,-17,-8,-6,-1,13,22,12,13,22,-3,-2,7,14,sil
5.121041774749756,0,-14,-1,-1,2,13,26,13,26,36,1,3,20,23,sil
5.121041774749756,14,-13,4,0,-1,7,25,10,20,32,1,10,25,23,sil
5.136719703674316,14,-15,-2,-5,-8,-1,9,4,11,17,6,10,21,20,sil
5.136719703674316,9,-18,-15,-19,-9,-11,-9,0,6,13,7,4,14,16,sil
5.152625322341919,11,-12,-8,-18,-12,-20,-21,-2,0,8,0,1,9,9,sil
5.152625322341919,19,7,6,-7,-10,-24,-19,-2,-6,-10,4,12,9,3,sil
5.168062210083008,16,17,4,-11,-5,-20,-14,-2,-9,-21,22,20,5,-5,sil
5.168062210083008,3,5,-4,-19,-6,-17,-17,-8,-13,-19,21,11,-4,-19,sil
5.183720827102661,0,8,5,-4,-4,-15,-19,-4,-6,-25,8,2,-13,-19,sil
5.200013637542725,7,25,26,11,5,-4,-8,1,0,-21,10,3,-9,-8,sil
5.200013637542725,1,18,10,12,11,5,9,-4,5,0,7,-5,0,-6,sil
5.200013637542725,-14,2,-11,6,10,2,8,-9,1,-7,-12,-19,-9,-13,sil
5.214909315109253,-18,3,0,5,5,-1,-7,-5,-8,-25,-22,-17,-22,-15,sil
5.231010913848877,-10,6,2,11,0,6,-5,-3,-9,-12,-17,-14,-17,-8,sil
5.231010913848877,-9,1,-5,4,2,17,0,-5,-15,-6,-14,-8,-15,-6,sil
5.231010913848877,-12,-5,-3,-2,2,14,-2,-6,-17,-11,-8,3,-13,-7,sil
5.2466301918029785,-2,-8,0,0,-3,3,-1,0,1,-1,-3,11,3,2,sil
5.2466301918029785,7,-2,2,8,-6,0,0,4,10,9,-7,10,9,12,sil
5.261765956878662,8,1,2,17,2,8,6,8,0,17,0,2,3,8,sil
5.276943206787109,2,0,1,9,7,14,15,12,1,23,11,4,10,6,sil
5.276943206787109,2,0,4,7,8,11,14,8,13,25,13,12,21,11,sil
5.294009208679199,10,5,6,22,14,6,5,6,18,28,12,9,16,17,sil
5.294009208679199,7,0,4,15,15,12,8,10,10,18,4,0,1,13,sil
5.30865478515625,-6,-12,-6,-5,2,13,17,2,5,7,-10,-15,-10,0,sil
5.30865478515625,-13,-14,-8,-11,-10,-4,7,-6,3,10,-16,-19,-10,-4,sil
5.323824405670166,-3,-5,-3,-5,-5,-13,-4,-1,1,0,-8,-5,-3,-2,sil
5.323824405670166,3,-1,-9,-4,0,-10,-3,1,2,-20,-3,-3,-1,-3,sil
5.339052677154541,-4,-11,-12,-16,-7,-11,-5,1,0,-14,-8,-14,-8,-4,sil
5.339052677154541,-11,-16,-13,-25,-14,-8,-8,2,2,1,-17,-13,-8,1,sil
5.354676008224487,0,-6,-5,-14,-11,0,-2,1,4,-6,-10,-2,1,9,sil
5.354676008224487,12,0,6,-7,-5,0,6,-1,4,-8,10,6,13,3,sil
5.369832754135132,5,-3,-2,-15,-3,-8,2,-8,-1,-2,15,8,15,-4,sil
5.369832754135132,-2,1,-10,-15,-6,-11,-12,-10,-10,-9,10,13,7,-4,sil
5.384988307952881,0,8,-4,-3,-8,-12,-14,-4,-7,-7,11,13,3,-8,sil
5.384988307952881,5,9,0,-3,-6,-15,-11,-2,-9,-3,6,8,3,-12,sil
5.400604248046875,5,13,4,-9,-1,-15,-17,-2,-22,-13,4,10,0,-4,sil
5.400604248046875,8,12,5,0,0,-8,-16,0,-17,-19,21,14,0,2,sil
5.415645599365234,13,15,16,14,4,-4,-5,0,-4,-11,28,16,4,6,sil
5.415645599365234,14,25,24,22,13,2,6,0,1,2,20,15,7,10,sil
5.430816650390625,3,19,10,15,15,11,10,0,3,8,9,3,0,1,sil
5.430816650390625,-1,11,11,16,7,9,0,-2,-1,1,0,-4,-9,-10,sil
5.446910619735718,4,17,19,32,13,9,0,0,0,4,-4,-3,-6,-4,sil
5.446910619735718,-8,6,7,25,17,17,13,3,11,20,-2,-8,0,4,sil
5.462912797927856,-29,-19,-9,3,0,10,10,-2,9,19,-16,-22,-8,-1,sil
5.462912797927856,-20,-26,-7,1,-11,0,4,-6,-6,7,-35,-30,-21,-10,sil
5.478498458862305,-7,-19,1,0,-1,15,15,0,-6,4,-25,-20,-17,-8,sil
5.478498458862305,-10,-19,-5,-10,1,29,21,3,4,10,-6,-4,0,1,sil
5.49452018737793,-9,-24,-15,-16,-7,15,5,5,10,8,-10,-1,2,7,sil
5.49452018737793,-7,-27,-12,-16,-13,0,0,10,12,4,-18,-12,-4,0,sil
5.510556221008301,-4,-20,-7,-10,-5,0,7,5,13,3,-11,-11,-3,-1,sil
5.510556221008301,7,-2,-1,-6,3,0,1,2,12,1,-2,7,4,8,sil
5.526573896408081,12,6,-7,-6,0,-6,-8,4,13,2,0,11,7,16,sil
5.526573896408081,6,1,-14,-8,-7,-15,-11,0,11,0,0,2,5,8,sil
5.542617082595825,8,4,-8,0,0,-16,-9,0,8,-7,8,6,9,0,sil
5.542617082595825,12,22,1,14,5,-9,-10,2,5,-3,18,17,16,0,sil
5.557643413543701,11,24,4,8,1,-9,-15,-6,-4,-6,13,19,13,-2,sil
5.557643413543701,6,8,-2,-12,-1,-18,-14,-13,-19,-22,4,8,3,-14,sil
5.573689699172974,0,5,-1,-10,1,-11,-4,-5,-33,-27,10,0,-4,-18,sil
5.573689699172974,2,18,12,11,7,4,3,0,-36,-15,15,0,-12,-10,sil
5.588745832443237,7,15,14,16,5,5,6,-1,-26,-9,0,0,-17,-3,sil
5.588745832443237,0,-2,10,4,5,2,2,0,-17,-8,-13,-9,-13,0,sil
5.603806018829346,-9,-16,-1,3,9,14,6,5,-5,7,-19,-15,-4,4,sil
5.603806018829346,-12,-20,-13,-4,2,14,12,4,10,16,-18,-12,-2,8,sil
5.619979619979858,-8,-14,-11,-21,-10,-2,6,0,19,8,-2,-1,2,9,sil
5.619979619979858,3,-4,-5,-22,-14,-17,-3,1,25,8,11,8,20,19,sil
5.635684251785278,14,3,3,-17,-12,-21,-16,3,21,6,13,11,26,19,sil
5.635684251785278,11,8,6,-11,-9,-17,-21,-2,4,-7,18,12,10,0,sil
5.651542663574219,-3,11,0,-2,0,-12,-22,-12,-6,-13,24,11,-3,-17,sil
5.651803255081177,-8,11,8,7,2,-1,-14,-7,-4,0,19,0,-3,-13,sil
5.667083024978638,-2,7,19,23,4,14,9,2,-3,11,12,-8,0,0,sil
5.667083024978638,-11,3,12,27,5,20,22,0,-6,12,4,-6,-5,0,sil
5.682687044143677,-21,0,-2,16,0,14,17,-3,5,16,-6,-6,-6,-5,sil
5.682687044143677,-10,-6,0,12,0,15,21,3,15,21,-8,-7,-2,0,sil
5.69890284538269,-2,-10,7,8,1,17,21,6,1,11,-9,-5,-9,1,sil
5.699263095855713,-5,-10,-3,0,-4,10,8,-1,-8,6,-15,-9,-12,0,sil
5.715006589889526,0,-11,-4,0,-7,7,2,-1,-2,7,-21,-4,0,5,sil
5.715006589889526,13,-10,-2,3,0,9,11,6,2,2,-26,0,0,6,sil
5.73061203956604,10,-7,-12,-9,0,2,13,6,9,0,-18,0,-8,0,sil
5.73061203956604,-3,-8,-12,-15,1,-4,0,4,18,-11,-5,0,-6,-4,sil
5.7456910610198975,0,-5,-7,-1,3,-2,-7,2,14,-26,-12,1,-1,-3,sil
5.7456910610198975,18,3,3,7,0,0,-9,-2,4,-34,-10,8,1,2,sil
5.760804176330566,20,9,12,8,0,-7,-8,0,5,-33,15,21,20,9,sil
5.760804176330566,8,8,7,4,9,-16,-7,5,0,-8,24,20,26,7,sil
5.776827812194824,8,11,7,4,11,-12,-8,-3,-19,26,9,13,0,-2,sil
5.776827812194824,11,17,9,15,4,-1,-7,-11,-24,20,8,9,-6,-5,sil
5.791861057281494,7,18,11,12,8,-5,-9,0,-4,0,23,15,10,1,please
5.791861057281494,6,11,6,-7,10,-22,-15,4,5,16,28,17,14,6,please
5.8078601360321045,0,5,-11,-19,-4,-29,-23,-4,-6,12,16,0,5,0,please
5.8078601360321045,-20,0,-18,-21,-9,-12,-21,-4,-15,-10,-2,-20,0,-11,please
5.822663068771362,-25,-15,-22,-26,-1,7,-7,-4,-15,-5,-17,-30,-14,-21,please
5.822663068771362,-20,-25,-26,-33,-4,3,0,-12,-29,-19,-19,-34,-26,-23,please
5.837904214859009,-18,-15,-21,-32,-10,-3,-2,-6,-34,-47,-18,-31,-20,-12,please
5.837904214859009,-13,-1,-7,-20,-7,5,0,6,-6,-18,-21,-24,-11,-4,please
5.853083610534668,-5,4,2,-7,-3,20,2,4,14,31,-12,-16,-9,-1,please
5.853083610534668,-1,6,1,6,6,26,13,0,18,42,-7,-12,-2,6,please
5.869182109832764,0,0,4,15,10,26,27,8,27,28,-21,-12,3,18,please
5.869182109832764,0,-5,10,13,0,24,34,12,28,17,-11,-7,2,14,please
5.884730815887451,2,-6,8,8,-5,15,29,6,19,2,18,3,8,9,please
5.884730815887451,8,-7,8,5,0,5,17,0,16,-7,16,12,15,14,please
5.899685621261597,6,-11,0,16,-7,3,20,5,20,11,9,16,19,15,please
5.914821147918701,3,-8,-3,23,-8,-2,18,11,16,18,17,21,22,6,please
5.914821147918701,8,0,12,12,-2,-18,-11,0,0,-19,11,23,14,-4,please
5.9301230907440186,13,7,19,3,-11,-22,-28,-16,-17,-36,11,27,-3,-4,please
5.9301230907440186,14,14,20,18,-10,-20,-21,-12,-16,-18,25,39,-3,3,please
5.945821285247803,15,16,21,34,3,-28,-27,-7,-6,-13,25,36,6,1,please
5.945821285247803,6,9,12,19,0,-24,-37,-14,-18,-12,14,16,-5,-8,please
5.961279630661011,-3,7,0,-2,-6,-4,-21,-2,-24,0,1,1,-17,-11,please
5.961279630661011,-2,14,-6,2,6,1,-3,5,-20,-6,-19,-14,-17,-13,please
5.977030515670776,-6,14,0,18,18,5,0,-5,-36,-24,-37,-27,-35,-20,please
5.977030515670776,-9,8,5,20,15,27,24,0,-16,-1,-29,-15,-29,-6,please
5.99261474609375,1,-1,-1,0,12,35,46,19,41,49,-2,1,13,24,please
5.99261474609375,0,-16,-18,-28,10,17,32,13,49,54,6,-3,22,22,please
6.0077784061431885,-15,-22,-29,-31,0,0,2,-1,10,9,-16,-14,-2,0,please
6.0077784061431885,-13,-11,-16,-28,-7,-1,-12,-3,-1,-10,-28,-7,-1,-2,please
6.028586864471436,-7,-14,-15,-35,-2,-3,-10,0,8,5,-5,-9,13,0,please
6.028586864471436,-7,-24,-20,-31,2,-11,-11,1,7,3,11,-14,8,-3,please
6.028586864471436,4,-9,-1,-16,-4,-10,-11,2,8,-6,12,0,10,0,please
6.038622140884399,13,1,-12,-5,-12,-10,-2,-9,14,5,18,5,27,-1,please
6.054263114929199,4,-2,-10,-13,-7,-20,-11,0,-6,-5,12,0,15,-1,please
6.054263114929199,8,15,39,-12,0,-10,-15,23,-22,-29,10,19,2,11,please
6.0698771476745605,23,34,39,18,5,1,0,1,-4,-4,32,24,24,11,please
6.0698771476745605,21,25,14,32,6,0,-6,-16,-4,12,25,2,17,2,please
6.085955381393433,6,19,21,22,9,11,-8,3,-12,-10,0,-7,-14,0,please
6.085955381393433,-12,6,-5,10,9,20,5,-2,-3,-23,0,-14,-20,-16,please
6.1016223430633545,-26,-11,-26,-3,-2,2,-2,-16,-14,-21,-15,-25,-31,-27,please
6.1016223430633545,-16,0,12,5,-4,4,0,0,-27,-14,-34,-18,-44,-10,please
6.116769075393677,-4,0,3,23,0,13,30,-2,-3,9,-7,-14,-17,-6,please
6.116769075393677,-12,-26,-44,0,-11,-3,23,-8,7,11,-6,-20,-11,-14,please
6.131932735443115,-14,-17,-14,-13,-13,-6,-7,6,-7,-3,-33,-7,-29,-4,please
6.131932735443115,0,1,18,14,1,6,1,3,-3,16,-17,8,-4,13,please
6.1470606327056885,1,-17,-3,9,-4,6,19,-3,11,32,0,6,20,15,please
6.1470606327056885,-5,-22,-9,-16,-11,11,11,7,13,10,-21,1,0,1,please
6.162619352340698,-5,0,-5,-2,1,14,6,9,19,10,-20,1,-1,1,please
6.162619352340698,2,0,-4,10,1,0,10,6,28,31,4,6,23,16,please
6.17778754234314,11,-6,0,0,-4,-9,12,11,32,16,15,13,26,20,please
6.17778754234314,13,0,-2,-8,-2,-13,-4,5,18,-23,15,16,13,7,please
6.193790435791016,5,0,-1,-20,-7,-28,-33,-7,-12,-20,13,17,8,0,please
6.193790435791016,3,-2,7,-21,-10,-27,-33,-9,-18,3,12,11,6,0,please
6.209121465682983,15,9,17,-4,1,-10,-16,-5,-7,-31,25,21,15,11,please
6.209121465682983,25,27,25,7,13,2,-11,0,-7,-57,42,36,33,18,please
6.224666118621826,9,24,11,5,16,7,-3,0,-8,2,29,15,24,2,please
6.224666118621826,-12,13,0,4,18,4,0,-4,-15,29,0,-12,-10,-18,please
6.239865064620972,-8,13,0,16,16,0,-5,-5,-19,-7,-4,-9,-17,-21,please
6.2558581829071045,10,15,8,17,8,0,-7,0,-8,-9,9,0,-3,-11,sil
6.2558581829071045,2,9,12,5,5,0,-4,-2,-12,0,10,-6,-9,-12,sil
6.272432804107666,-14,2,2,2,7,1,4,-9,-21,-17,-7,-21,-27,-20,sil
6.272432804107666,-13,-3,-7,-1,2,17,20,0,0,-6,-33,-28,-31,-15,sil
6.272432804107666,-11,-17,-17,-7,-9,25,23,13,21,22,-40,-27,-21,0,sil
6.287701606750488,-20,-27,-20,-7,-14,10,13,7,10,20,-21,-22,-11,1,sil
6.287701606750488,-14,-21,-9,-3,-10,1,9,0,-1,5,-11,-12,-7,-4,sil
6.30296778678894,2,-11,-10,1,-9,4,9,1,1,7,-15,-7,-5,4,sil
6.30296778678894,1,-6,-4,6,-7,5,7,0,8,16,-7,-5,0,20,sil
6.318744421005249,3,0,8,9,0,4,13,0,25,29,7,7,19,27,sil
6.334781169891357,11,-4,3,1,3,-8,9,0,34,26,12,21,26,22,sil
6.334781169891357,1,-17,-8,-15,-9,-24,-15,-6,10,0,6,10,4,5,sil
6.350525617599487,-1,-12,-8,-15,-14,-15,-27,-11,-6,-10,3,0,-5,-5,sil
6.350525617599487,16,9,4,-2,-2,-1,-18,0,1,-4,9,19,13,0,sil
6.350525617599487,24,15,6,0,1,-9,-7,8,13,-3,16,32,24,5,sil
6.366574764251709,11,8,2,-3,-2,-20,-12,5,-2,-12,17,16,12,0,sil
6.366574764251709,7,15,13,0,0,-14,-21,2,-10,-15,22,12,7,-11,sil
6.382242441177368,10,21,15,8,13,2,-3,3,7,-5,28,15,16,-6,sil
6.382242441177368,-7,9,3,2,16,12,10,-1,0,-10,2,-5,1,-5,sil
6.397683382034302,-29,-2,-3,-11,4,8,6,-11,-38,-32,-38,-31,-32,-21,sil
6.4128899574279785,-20,-4,-5,-3,0,15,14,-12,-46,-31,-42,-34,-37,-24,sil
6.4128899574279785,-7,-1,0,15,5,28,33,-2,-25,-11,-22,-17,-18,-1,sil
6.4128899574279785,-12,-2,-1,13,0,16,30,3,-4,1,-20,-13,-9,10,sil
6.428053617477417,-13,-10,-11,-9,-8,0,10,6,13,16,-21,-12,-1,4,sil
6.428053617477417,-1,-16,-12,-12,-5,0,-3,10,16,28,-1,0,10,1,sil
6.44319486618042,7,-6,0,2,-2,-6,-13,5,5,15,15,11,13,14,sil
6.458981990814209,12,6,7,8,0,-17,-20,0,4,0,15,16,15,24,sil
6.458981990814209,8,3,-10,1,-2,-20,-17,0,10,-1,9,11,17,11,sil
6.474382162094116,0,0,-10,-11,-6,-20,-24,0,1,-6,13,6,2,-9,sil
6.474382162094116,6,16,18,0,5,-11,-23,0,1,7,28,9,-1,-3,sil
6.489848613739014,13,22,20,32,17,0,-1,-2,7,21,24,5,3,4,sil
6.489848613739014,5,7,18,21,5,9,5,1,-9,-1,-7,-1,-12,-3,sil
6.505974054336548,-13,-6,5,-3,-3,25,12,3,-11,-6,-19,-10,-19,-8,sil
6.505974054336548,-21,-18,-25,-8,-1,24,25,-7,13,22,-3,-20,-6,-4,sil
6.521249055862427,-3,-16,-15,-17,-1,5,15,-2,15,19,4,-2,0,1,sil
6.521249055862427,14,-1,2,-21,-3,-3,0,1,8,-1,10,22,10,2,sil
6.536379814147949,10,-3,-12,-12,-8,-11,-6,-10,4,-11,15,17,11,-5,sil
6.536379814147949,5,-10,-3,-10,-6,-19,-15,-4,-9,-14,10,12,-1,-6,sil
6.551537752151489,5,4,17,-5,6,-11,-14,3,-13,-14,2,11,-2,-7,sil
6.551537752151489,1,18,8,8,8,-9,-11,-5,-10,-20,-3,-7,-3,-15,sil
6.568150997161865,0,19,12,17,4,-5,-7,-1,-14,-20,-12,-18,-16,-5,sil
6.568150997161865,-6,14,17,18,11,16,11,8,-4,-3,-15,-13,-14,1,sil
6.583970785140991,-13,2,-5,16,3,19,21,4,9,10,-17,-17,-3,-3,sil
6.583970785140991,-8,-4,-6,9,-12,4,11,6,7,13,-19,-16,-5,3,sil
6.599571228027344,-10,-13,-3,2,-7,11,14,6,8,15,-17,-13,-8,12,sil
6.599571228027344,-17,-27,-25,-10,-2,15,16,0,15,10,-21,-20,-1,9,sil
6.615591526031494,-5,-29,-19,-24,-7,0,6,2,14,1,-22,-2,13,14,sil
6.615591526031494,7,-18,-5,-23,-5,-3,13,9,24,4,-3,16,27,22,sil
6.630990982055664,6,-4,-7,-17,-1,-1,8,8,21,5,12,13,23,12,sil
6.630990982055664,7,5,0,-7,-4,-13,-11,-4,-10,-4,12,12,9,-5,sil
6.647001504898071,15,9,7,3,-1,-13,-11,-14,-20,-8,21,22,9,-5,sil
6.647001504898071,20,23,21,10,10,0,-9,-6,-8,-3,39,28,15,4,sil
6.66254734992981,18,38,34,24,18,-1,-18,-4,-14,-2,37,20,11,-1,sil
6.66254734992981,7,22,15,31,11,-10,-16,-12,-25,-3,18,4,2,-15,sil
6.678069829940796,-2,0,0,11,3,-4,-13,-6,-18,-1,6,-2,0,-11,sil
6.678069829940796,-9,0,-2,2,1,6,-12,2,-5,0,-4,-7,-2,-7,sil
6.693628072738648,-11,-3,-2,13,0,10,-7,0,-4,0,-15,-11,-7,-4,sil
6.693628072738648,-10,-10,-10,12,-7,5,4,2,4,12,-10,-10,0,7,sil
6.708667993545532,-10,-14,-21,-13,-12,-2,9,7,23,24,-1,-12,9,11,sil
6.708667993545532,-10,-16,-21,-39,-11,-7,0,5,19,3,-8,-10,2,-1,sil
6.723700523376465,0,-11,-10,-28,-8,-11,-1,0,-6,-24,-13,-2,-7,-13,sil
6.723700523376465,8,1,7,-7,-3,-11,0,-2,-18,-28,-2,5,-16,-10,sil
6.739021062850952,8,12,16,0,4,2,4,-2,-14,-10,9,5,-25,0,sil
6.7393958568573,0,11,6,6,10,18,14,0,-17,-9,0,-8,-32,1,sil
6.75515604019165,-11,0,-1,9,3,15,14,0,-20,-17,-29,-23,-42,-9,sil
6.75515604019165,-14,-11,-13,0,-2,8,7,0,0,8,-31,-26,-39,-10,sil
6.770893335342407,0,-8,-6,-1,0,6,5,8,30,37,-9,-4,-9,15,sil
6.770893335342407,9,-2,1,-3,0,-1,0,11,42,26,1,14,14,33,sil
6.7859954833984375,1,-11,-12,-24,-7,-20,-18,4,26,5,3,10,5,13,sil
6.7859954833984375,0,-4,-3,-24,0,-15,-18,0,3,-5,12,12,-2,-1,sil
6.801981449127197,12,22,16,17,15,9,10,-1,10,-2,27,22,12,0,sil
6.801981449127197,15,21,24,25,17,8,12,0,15,-3,22,18,5,-4,sil
6.816941499710083,-2,3,29,0,7,-6,-7,0,-9,-12,10,10,-12,-17,sil
6.816941499710083,-13,3,0,13,5,0,2,-24,-22,-7,13,-6,2,-24,sil
6.832155466079712,-1,11,-13,33,10,7,14,-21,-21,-7,2,-15,12,-17,sil
6.832155466079712,6,7,16,18,10,10,3,8,-20,-7,-12,0,2,6,sil
6.847765922546387,-8,-9,4,0,-1,8,-4,3,-15,5,-16,-5,1,7,sil
6.847765922546387,-21,-24,-25,-4,-17,2,-8,-6,-17,1,-27,-31,0,-12,sil
6.862983465194702,-14,-18,-16,-1,-22,0,-4,8,-9,-1,-29,-23,6,-2,sil
6.862983465194702,-2,-3,-1,0,-16,-7,0,9,7,14,-12,-2,36,15,sil
6.878549575805664,8,-3,-6,-5,-17,-15,-2,3,11,14,-2,1,55,12,sil
6.878549575805664,17,-7,-7,-11,-17,-11,-4,9,14,7,14,15,64,19,sil
6.893927335739136,23,0,5,-9,-3,-6,0,5,24,12,34,35,72,29,sil
6.893927335739136,25,12,5,-4,9,-4,3,-1,20,10,31,29,63,14,sil
6.909670114517212,21,13,0,-4,8,0,1,-1,4,0,26,14,42,-4,sil
6.924776077270508,5,7,3,-12,0,0,-3,0,-2,-12,14,8,18,-7,sil
6.924776077270508,-15,5,-2,-14,1,0,-7,-5,-2,-20,-6,-2,-2,-12,sil
6.940375566482544,-18,2,-12,-1,7,1,-1,-12,-5,-10,-12,-18,-13,-17,sil
6.940375566482544,-8,-3,3,1,2,5,1,-2,-18,-11,-20,-15,-32,-6,sil
6.956083297729492,-13,-8,18,-1,0,22,4,5,-17,-18,-32,-7,-54,0,sil
6.956083297729492,-18,-9,-11,10,8,32,21,0,12,14,-20,-17,-53,0,sil
6.971632480621338,-7,-8,-14,12,3,9,23,7,28,35,0,-13,-51,9,sil
6.971632480621338,3,-8,5,-13,-7,-17,2,17,19,10,12,11,-64,13,sil
6.987819194793701,14,-4,-7,-21,-1,-25,-16,0,7,-3,24,19,-86,9,sil
6.987819194793701,25,11,3,-3,7,-28,-28,-12,-16,-13,22,15,-122,4,sil
7.0042564868927,17,21,25,18,11,-20,-21,-1,-29,-20,19,13,-143,-7,sil
7.0042564868927,-2,13,11,23,13,-6,-9,-2,-20,-13,15,1,-152,-19,sil
7.0042564868927,-9,10,9,15,10,0,-10,-12,-19,-14,0,-8,-152,-18,sil
7.019366979598999,-7,10,6,15,0,4,-3,-10,-19,-11,-11,-11,-37,-16,sil
7.034084796905518,-15,0,-6,12,-2,18,7,0,-6,2,-20,-14,161,-18,sil
7.034084796905518,-19,-7,-4,5,0,27,11,0,4,15,-23,-21,241,-9,sil
7.050038576126099,-11,-7,-2,1,0,20,16,0,7,24,-11,-20,182,5,sil
7.050038576126099,-7,-8,-4,-8,-6,13,16,9,1,14,-9,-6,130,7,sil
7.064966440200806,-8,-10,-9,-15,-12,4,10,5,-1,-3,-21,-3,101,2,sil
7.064966440200806,-6,-11,-5,-8,-12,-6,6,-4,0,2,-13,-3,63,9,sil
7.081076622009277,-1,-7,-1,-2,-8,-1,7,0,10,15,0,0,40,14,sil
7.081076622009277,6,-3,-7,-7,-4,5,11,11,21,8,1,6,27,12,sil
7.096588850021362,17,0,-5,-10,0,6,11,16,30,6,4,16,10,11,sil
7.096588850021362,17,6,0,-3,2,4,9,14,37,17,6,17,-4,11,sil
7.111803293228149,7,1,-1,-6,0,-8,3,4,27,4,0,5,-26,4,sil
7.111803293228149,-1,-8,-5,-12,-6,-22,-5,-3,1,-16,0,0,-44,-1,sil
7.127844572067261,0,-2,-4,-2,-5,-20,-11,-1,-16,-15,3,3,-45,-2,sil
7.127844572067261,7,11,0,0,-1,-17,-11,-3,-20,-14,2,2,-42,-4,sil
7.143121719360352,1,4,-1,-7,-3,-15,-12,-9,-14,-17,6,0,-37,-4,sil
7.143121719360352,-5,-12,-7,-18,-8,-11,-21,-7,-13,-13,12,4,-29,-3,sil
7.158689975738525,-1,-14,-1,-18,-2,-10,-23,-1,-19,-13,9,8,-26,-5,sil
7.158689975738525,3,-5,3,0,3,-5,-16,-3,-15,-17,9,0,-23,-11,sil
7.174220085144043,8,6,7,11,6,7,-15,-10,-7,-8,20,5,-15,-9,sil
7.174220085144043,19,16,15,15,11,10,-11,-5,-3,14,26,23,-3,0,sil
7.189866542816162,17,15,15,20,14,-2,-13,0,-3,10,16,15,-11,3,sil
7.189866542816162,4,10,11,17,8,-2,-19,-7,-14,-18,-1,-10,-36,-10,sil
7.205972671508789,3,19,14,19,10,14,-1,-12,-17,-12,-5,-16,-34,-12,sil
7.205972671508789,6,26,27,31,19,21,22,4,0,13,3,-5,-3,8,sil
7.221541404724121,-3,12,14,25,13,16,28,12,11,17,1,-7,5,16,sil
7.221541404724121,-13,-1,-1,18,3,17,29,5,11,16,-11,-9,0,8,sil
7.23662257194519,-11,2,0,26,6,20,35,6,17,25,-14,0,6,12,sil
7.23662257194519,-10,0,-8,15,5,18,33,6,19,23,-9,0,12,12,sil
7.252744197845459,-17,-15,-17,-6,-1,15,22,2,16,22,-7,-5,7,4,sil
7.252744197845459,-17,-19,-14,-1,-8,6,17,5,23,29,-9,-2,10,7,sil
7.268127679824829,-15,-23,-21,-13,-21,-10,8,2,16,8,-19,-4,14,3,sil
7.268127679824829,-20,-28,-25,-47,-34,-18,-10,-1,-2,-18,-31,-10,9,-11,sil
7.283722639083862,-16,-18,-20,-36,-26,-12,-13,-1,3,-5,-25,-7,15,-9,sil
7.283722639083862,-2,-11,-12,-19,-7,-10,-6,0,8,0,-11,-1,21,0,sil
7.2992472648620605,0,-18,-14,-34,-1,-9,-7,3,-5,-22,-8,-4,14,-8,sil
7.2992472648620605,-9,-10,-22,-38,-2,-4,-10,0,-12,-30,-8,-15,0,-20,sil
7.314962148666382,-7,4,-14,-22,0,-7,-12,-5,-11,-12,-4,-11,-3,-21,sil
7.314962148666382,10,4,2,-16,1,-14,-14,0,-8,-4,4,6,6,-3,sil
7.330645799636841,24,4,18,-15,0,-17,-17,1,-7,-19,15,17,12,8,sil
7.330645799636841,22,9,19,-2,-2,-13,-16,-2,-16,-24,19,14,1,-2,sil
7.345782518386841,16,11,8,9,-6,-10,-16,-4,-15,-11,19,8,1,-9,sil
7.345782518386841,18,10,13,10,0,-12,-19,-4,2,-1,22,10,10,0,sil
7.361228466033935,15,10,17,12,8,-9,-15,0,6,0,25,12,6,6,sil
7.361228466033935,9,14,20,25,8,2,-7,0,-8,0,23,12,0,3,sil
7.377859354019165,9,18,23,40,11,12,-3,-6,-10,1,20,9,3,-1,sil
7.377859354019165,4,17,12,35,12,6,-3,-6,-7,3,6,-1,-4,-7,sil
7.392877817153931,-6,6,3,15,5,0,-3,-3,-21,-10,-11,-12,-25,-8,sil
7.392877817153931,-4,-1,5,10,1,5,8,-7,-22,-9,-5,-8,-25,2,sil
7.4090576171875,8,6,10,24,4,20,25,0,-1,18,10,7,-6,17,sil
7.4090576171875,16,19,12,32,8,24,28,15,12,24,3,13,0,24,sil
7.424585103988647,9,13,1,20,12,14,23,10,19,15,-6,3,-1,23,sil
7.424585103988647,-4,-3,-8,-5,5,6,17,-2,19,21,-8,-4,0,10,sil
7.439695596694946,-15,-13,-17,-20,-8,12,16,0,12,23,-10,-8,-1,0,sil
7.439695596694946,-18,-16,-17,-20,-8,14,10,6,4,1,-16,-12,-10,0,sil
7.455376625061035,-14,-7,-5,-7,2,10,6,12,11,0,-17,-6,-1,4,sil
7.455376625061035,-7,2,-3,6,4,3,7,8,23,14,-3,4,14,6,sil
7.471295118331909,-4,-1,-8,-7,0,-1,-4,-2,13,5,8,5,8,2,sil
7.471295118331909,-13,-14,-13,-28,-6,-3,-12,-3,4,-4,-3,-4,-4,-9,sil
7.487029790878296,-22,-16,-13,-14,-12,-2,3,4,15,5,-16,-9,-4,-15,sil
7.487029790878296,-12,-9,-8,4,-4,0,17,5,20,8,-1,-3,5,-4,sil
7.502609014511108,7,-1,-8,-1,6,0,5,4,14,8,12,2,17,2,sil
7.502609014511108,12,-3,-1,-13,5,-7,-11,2,2,14,5,4,18,2,sil
7.517991542816162,3,-12,-2,-6,-3,-17,-18,-9,-13,-6,-7,-9,0,-5,sil
7.517991542816162,-5,-16,-6,-4,-10,-24,-22,-16,-26,-42,-17,-20,-20,-19,sil
7.532802820205688,-13,-12,-7,-18,-9,-21,-18,-8,-26,-38,-15,-14,-26,-21,sil
7.532802820205688,-14,-9,-12,-19,-6,-10,-7,-7,-29,-21,-14,-17,-25,-15,sil
7.54795241355896,-6,-7,-5,-11,-6,-7,-6,-13,-32,-26,-15,-15,-22,-14,sil
7.54795241355896,2,0,5,-7,-10,-15,-10,-4,-19,-18,-1,3,-5,-11,sil
7.563828229904175,7,1,1,-6,-14,-21,-10,2,-9,0,12,12,9,-2,sil
7.563828229904175,14,4,9,-1,-8,-8,-5,0,0,4,18,12,15,10,sil
7.579957485198975,20,13,21,8,9,10,3,7,17,11,28,23,27,19,sil
7.579957485198975,17,17,20,12,16,13,2,13,8,11,22,24,19,11,sil
7.595064878463745,13,14,18,13,8,5,-3,0,-6,0,5,11,-1,2,sil
7.595064878463745,16,18,19,17,9,11,3,-4,5,8,6,9,0,5,sil
7.610577583312988,14,25,13,18,13,22,12,7,15,18,11,15,12,4,sil
7.610577583312988,8,19,4,13,1,17,10,2,7,5,4,13,6,6,sil
7.625959873199463,0,7,0,-1,-6,3,0,-7,0,-13,-1,0,0,3,sil
7.641570806503296,-5,3,-2,-3,0,0,0,0,-1,-8,-2,-6,3,-1,sil
7.641570806503296,0,5,0,12,0,4,4,7,1,9,3,2,11,10,sil
7.657175064086914,1,7,11,23,-3,3,-5,1,-3,1,6,11,8,18,sil
7.657175064086914,0,10,8,23,7,-3,-10,-3,-6,-8,2,3,-2,1,sil
7.672738075256348,-2,9,-2,13,13,-2,-3,0,2,5,5,-4,-3,-5,sil
7.672738075256348,-8,0,-6,7,3,5,0,1,3,17,4,-7,-2,0,sil
7.688993453979492,-13,-11,-7,11,4,13,9,0,0,11,-6,-16,-16,-1,sil
7.688993453979492,-10,-16,-7,3,11,19,26,3,2,0,-19,-22,-33,-5,sil
7.688993453979492,-13,-22,-18,-12,5,15,27,6,6,-6,-25,-19,-26,-5,sil
7.704096794128418,-16,-24,-21,-16,-4,0,13,4,12,1,-16,-7,-3,2,sil
7.719779968261719,-4,-14,-7,-15,-11,-8,6,7,19,23,0,-5,6,11,please
7.719779968261719,4,-9,-6,-14,-8,-5,7,6,17,27,0,-13,4,5,please
7.734931230545044,-1,-16,-12,-17,-3,-12,3,0,13,9,-9,-8,8,-4,please
7.734931230545044,-16,-24,-19,-26,-12,-24,-14,-1,6,-9,-13,-9,2,-11,please
7.7509496212005615,-14,-22,-19,-30,-20,-25,-32,-9,-13,-29,-25,-21,-12,-16,please
7.7509496212005615,3,-10,-1,-17,-11,-13,-20,-13,-19,-24,-30,-6,-5,-4,please
7.7661707401275635,9,-4,4,-7,0,0,3,-4,0,-5,-3,15,12,6,please
7.7661707401275635,0,-2,-1,-18,5,2,0,0,2,-7,12,15,9,-6,please
7.781766414642334,-3,2,-1,-19,5,-1,-8,-2,-9,-5,10,3,4,-18,please
7.781766414642334,4,11,9,0,-1,-4,-1,0,-8,7,27,14,16,-4,please
7.79679799079895,13,25,19,11,0,1,0,5,0,3,45,37,26,8,please
7.79679799079895,17,31,17,17,5,0,-8,0,0,0,34,31,15,3,please
7.812880277633667,13,25,20,27,6,-1,-14,-8,-7,0,22,10,-1,-8,please
7.812880277633667,1,25,20,35,9,8,0,-7,-17,-2,15,-2,-7,-8,please
7.827915191650391,-6,20,8,27,12,17,16,-2,-22,1,-13,-20,-16,-1,please
7.827915191650391,-5,1,-2,15,3,19,14,0,-17,9,-34,-27,-29,0,please
7.843615293502808,-4,-9,-10,4,-5,14,7,4,0,3,-23,-15,-26,4,please
7.843615293502808,-1,-5,-1,-5,-2,-1,0,5,6,-10,-11,-2,-9,16,please
7.858892202377319,20,0,15,0,-5,-20,-10,1,8,-8,0,13,10,24,please
7.858892202377319,28,0,6,0,-17,-28,-24,-1,1,-6,20,29,17,16,please
7.874061584472656,4,-1,-2,-12,-12,-23,-29,-4,-20,-21,24,25,0,-2,please
7.874061584472656,0,10,11,7,8,-1,-7,0,-18,-21,10,16,-6,-2,please
7.88966178894043,9,21,25,31,18,18,11,4,4,-3,3,12,0,6,please
7.88966178894043,-5,2,5,22,13,19,16,0,17,9,0,-8,0,0,please
7.9050328731536865,-25,-17,-17,3,10,19,22,0,20,20,-16,-32,-5,-11,please
7.9050328731536865,-27,-18,-20,-8,2,21,17,5,15,10,-30,-27,-5,-13,please
7.92057204246521,-13,-16,-23,-13,-2,16,8,1,7,-4,-26,-13,0,-6,please
7.92057204246521,3,-12,-16,-9,6,14,15,5,17,19,-4,-8,14,8,please
7.935670614242554,0,-11,-11,-8,7,8,18,15,32,48,9,-11,22,9,please
7.935670614242554,-15,-16,-19,-13,-9,-7,8,5,24,27,-2,-17,13,-2,please
7.95090126991272,-9,-11,-13,-19,-16,-15,5,1,11,4,-13,-2,9,4,please
7.95090126991272,0,-9,-8,-27,-12,-19,0,4,6,9,-1,10,12,12,please
7.965575218200684,-2,-24,-19,-43,-18,-29,-20,-6,-7,-6,1,-2,0,-5,please
7.965575218200684,0,-19,-22,-47,-24,-33,-27,-12,-17,-32,-4,-8,-11,-15,please
7.980809688568115,17,15,2,-19,-11,-26,-22,-4,-18,-30,10,23,-2,-4,please
7.981805086135864,25,40,36,16,8,-11,-19,-8,-24,-18,32,41,0,2,please
7.9960198402404785,17,33,38,27,14,5,-14,-10,-21,-8,30,14,0,2,please
8.011632204055786,2,15,19,15,7,5,-10,-2,-12,-3,11,-2,-1,0,please
8.011632204055786,0,10,15,19,8,3,-3,-2,-12,-11,-5,-1,-10,-5,please
8.034749984741211,1,9,9,32,12,15,6,-3,-4,-8,-6,-4,-10,-5,please
8.034749984741211,0,5,7,20,11,23,14,2,5,8,4,-2,-1,3,please
8.034749984741211,-1,2,5,13,13,20,23,3,4,16,0,0,-2,2,please
8.04331111907959,0,0,0,24,12,18,22,0,-3,2,-13,-8,-12,-11,please
8.05852460861206,-7,-2,-1,20,4,10,5,-6,-13,-8,-17,-13,-16,-15,please
8.05852460861206,-20,-1,-6,5,-7,0,0,-10,-18,-6,-15,-16,-14,-14,please
8.07561993598938,-18,-6,-13,-1,-22,-6,-5,-1,-11,5,-7,-12,-11,-12,please
8.07561993598938,-8,-16,-18,-8,-18,-9,-10,6,6,17,3,4,0,5,please
8.07561993598938,-5,-13,-11,-16,0,-2,-4,3,10,9,0,7,2,14,please
8.090369939804077,-2,-2,2,-7,3,15,6,4,3,2,-9,-4,1,4,please
8.106019735336304,6,1,5,4,0,14,13,12,14,15,-4,-4,9,9,please
8.106019735336304,5,2,2,-2,0,-2,9,12,29,14,-1,2,10,20,please
8.121755123138428,1,-5,-2,-15,-8,-6,-1,5,21,-2,-4,0,3,8,please
8.121755123138428,6,-8,-2,-11,-6,-5,-10,-2,0,-13,1,0,4,-5,please
8.138011932373047,13,3,8,-1,8,-10,-7,-4,-3,-9,11,9,5,-4,please
8.138011932373047,14,10,11,3,4,-10,4,2,11,1,13,14,9,7,please
8.154069423675537,8,-2,3,-5,-6,-6,7,3,16,0,7,12,20,15,please
8.154069423675537,2,-15,-11,-17,0,0,0,-4,9,-6,0,6,20,8,please
8.170098066329956,3,-9,-13,-12,6,4,0,0,6,-1,6,6,14,6,please
8.170098066329956,12,2,0,-2,0,0,5,7,0,-2,12,13,12,13,please
8.185714960098267,9,2,-7,-2,-9,-20,-1,-1,-9,-13,4,9,8,3,please
8.185714960098267,-4,-2,-13,-10,-10,-28,-19,-11,-18,-14,2,1,3,-12,please
8.185714960098267,-7,4,1,-5,-1,-11,-19,-4,-13,-3,13,3,0,-13,please
8.201281785964966,-6,9,2,0,6,4,-10,0,-5,3,11,-2,-10,-14,please
8.216941833496094,-17,5,-5,-4,8,0,-16,-5,-12,3,-7,-14,-19,-22,sil
8.216941833496094,-9,12,7,13,11,1,-12,-7,-14,1,-11,-13,-11,-9,sil
8.232552766799927,6,20,23,30,12,16,10,0,-5,3,0,-3,-7,4,sil
8.232552766799927,0,8,9,14,3,14,15,0,-2,3,4,-7,-18,-8,sil
8.248107194900513,-13,-3,-2,2,-2,1,1,-1,-6,-5,-12,-19,-25,-18,sil
8.248107194900513,-9,0,11,16,1,7,1,-4,-14,-8,-23,-11,-19,-2,sil
8.263695478439331,2,6,10,20,2,14,14,-2,-16,6,-9,7,-3,6,sil
8.263695478439331,10,0,-2,9,0,8,10,2,-7,9,1,7,0,3,sil
8.279154539108276,0,-2,-3,4,0,8,6,0,0,-6,-8,-10,-15,0,sil
8.279154539108276,-21,-4,-6,0,-1,8,15,-1,1,-2,-14,-19,-17,-2,sil
8.294727802276611,-15,-12,-4,-7,-4,4,17,9,8,17,-5,-7,2,0,sil
8.294727802276611,3,-13,-3,0,-2,8,8,13,21,22,3,0,15,14,sil
8.309997320175171,1,-11,-11,-5,-4,6,0,1,21,10,2,0,7,13,sil
8.309997320175171,-6,-21,-16,-25,-9,0,0,-2,13,4,-7,-5,5,3,sil
8.325371265411377,0,-20,-16,-26,-7,-2,-3,0,10,2,-9,-6,16,5,sil
8.325371265411377,6,-2,-3,-13,-4,-10,-11,2,2,-6,3,11,18,9,sil
8.341415643692017,14,4,7,-4,-6,-15,-5,4,5,-6,18,26,20,4,sil
8.341415643692017,20,2,6,-2,-3,-12,0,-1,15,0,16,14,21,0,sil
8.357112884521484,10,2,3,-2,-1,-10,-11,-4,10,-5,1,1,7,-1,sil
8.357112884521484,2,5,1,-2,-4,-8,-16,3,2,-6,-1,3,-1,-3,sil
8.372689247131348,16,8,9,-3,0,-8,-9,12,11,1,15,16,13,5,sil
8.372689247131348,23,9,12,0,10,-12,-4,7,21,1,24,25,19,12,sil
8.388938903808594,4,7,3,0,8,-13,-6,-6,0,-13,0,12,-4,-1,sil
8.388938903808594,-10,8,-3,-3,0,-9,-10,-13,-30,-26,-14,-7,-22,-18,sil
8.403921127319336,-7,10,1,3,0,-5,-8,-5,-28,-17,0,-7,-13,-9,sil
8.403921127319336,-1,17,19,22,9,0,0,-1,-17,0,15,2,-9,0,sil
8.420162439346313,-6,15,15,29,9,6,6,-9,-21,0,7,0,-20,-10,sil
8.420162439346313,-18,-7,-9,13,0,9,2,-9,-27,-7,-6,-10,-25,-19,sil
8.436185359954834,-16,-8,-7,10,1,17,4,-3,-16,3,-12,-10,-16,-10,sil
8.436185359954834,-3,11,7,27,10,24,14,0,0,14,-8,-6,-2,6,sil
8.451719522476196,-2,1,4,16,8,14,15,3,5,11,-1,2,6,14,sil
8.451719522476196,-2,-20,-8,-9,-2,4,11,9,7,18,-1,2,13,14,sil
8.467102289199829,1,-12,-17,-19,-7,2,5,6,14,19,-6,-5,13,12,sil
8.467102289199829,-4,-5,-17,-27,-8,-3,-2,2,12,-1,-6,-7,5,0,sil
8.482679843902588,-1,-9,-13,-27,-11,-13,-4,0,3,-11,2,-1,5,-6,sil
8.482679843902588,17,4,4,-10,-3,-9,-10,-6,-7,-7,11,1,7,0,sil
8.498811721801758,14,15,12,-2,5,-4,-18,-10,-17,-10,3,-5,-2,-5,sil
8.498811721801758,-10,0,-2,-8,2,-1,-10,0,-10,-12,-8,-21,-11,-19,sil
8.514312505722046,-17,-11,-4,-4,-2,10,3,9,2,-6,-12,-24,-8,-14,sil
8.514312505722046,-8,-7,0,11,0,20,15,1,5,5,-19,-22,-6,-5,sil
8.529942512512207,-4,-6,0,14,7,17,20,0,4,23,-20,-15,-5,0,sil
8.529942512512207,-1,-8,-2,4,10,16,25,9,23,33,-5,1,6,16,sil
8.545572519302368,2,-11,-7,-4,0,8,24,11,42,25,3,15,19,28,sil
8.545572519302368,3,-18,-8,-13,-16,-10,7,8,39,11,1,16,20,19,sil
8.561019659042358,4,-17,-10,-16,-14,-19,-5,9,28,6,4,12,17,9,sil
8.561019659042358,7,-1,-4,-11,0,-16,-12,1,15,-2,13,15,6,1,sil
8.57655143737793,8,14,7,0,-1,-21,-19,-9,-2,-19,18,22,-6,-5,sil
8.57655143737793,9,15,4,-1,-5,-26,-27,-16,-21,-31,12,21,-11,-11,sil
8.591874837875366,4,13,4,-9,1,-18,-28,-16,-32,-35,1,11,-12,-14,sil
8.591874837875366,0,17,9,0,3,-9,-19,-7,-31,-23,9,4,-12,-14,sil
8.608000993728638,4,19,18,10,0,0,-8,-3,-26,-8,20,2,-10,-10,sil
8.608000993728638,2,18,20,17,3,9,-3,-4,-25,-11,8,1,-8,-6,sil
8.623258590698242,-4,17,13,35,10,11,1,1,-21,-8,-2,-2,-5,1,sil
8.623258590698242,-3,17,18,41,8,12,7,2,-22,3,0,0,-3,4,sil
8.638696193695068,2,10,19,23,0,15,5,-5,-22,3,0,0,-3,0,sil
8.639156818389893,0,-5,6,7,0,12,2,0,-13,0,-10,-4,0,1,sil
8.654010534286499,-5,-11,0,9,2,9,14,7,3,15,-9,-5,8,7,sil
8.654010534286499,0,-9,-1,9,-5,12,26,5,19,35,3,3,14,13,sil
8.669646263122559,4,-16,-1,-1,-8,10,16,9,29,27,7,14,14,22,sil
8.669646263122559,3,-17,-7,-9,-1,0,9,9,28,10,2,7,19,21,sil
8.685292959213257,2,-7,-16,-7,0,-6,1,0,20,1,1,1,17,10,sil
8.685292959213257,4,-10,-16,-9,-1,-4,-8,2,16,0,0,0,7,3,sil
8.700658798217773,0,-16,-19,-17,0,-9,-5,6,20,2,-6,-8,4,0,sil
8.700658798217773,-2,-5,-21,-28,-2,-23,-9,0,15,-8,-8,-15,3,-7,sil
8.71620225906372,-2,0,-20,-33,-2,-19,-16,-7,3,-21,-11,-17,-6,-16,sil
8.71620225906372,-10,-6,-22,-38,2,-4,-9,-13,-9,-24,-21,-32,-23,-31,sil
8.731389999389648,-18,-11,-22,-43,2,0,-4,-9,-16,-18,-21,-39,-31,-35,sil
8.731389999389648,-10,-2,-17,-23,4,6,-3,0,-9,0,-9,-25,-19,-21,sil
8.747012615203857,-7,12,0,1,16,14,9,0,-2,11,-8,-16,-11,-10,sil
8.747012615203857,-17,15,6,0,20,16,24,0,1,16,-13,-16,-10,-4,sil
8.76274824142456,-18,-3,-2,-3,5,14,20,9,10,21,-5,-10,0,6,sil
8.76274824142456,-6,-13,0,7,-8,10,5,5,0,17,0,0,0,10,sil
8.77762484550476,7,0,16,25,-5,9,5,0,-2,8,3,9,-4,10,sil
8.77762484550476,13,3,24,29,-4,7,6,4,7,2,7,20,2,11,sil
8.793227195739746,3,-11,4,9,-22,-7,-7,1,0,-3,6,22,7,5,sil
8.793227195739746,-3,-15,-7,-6,-30,-23,-22,-6,-23,-14,5,23,7,3,sil
8.809017181396484,14,7,20,11,-10,-22,-19,-2,-14,-17,20,38,19,14,sil
8.809017181396484,40,29,40,40,3,-16,-8,-1,3,-4,41,60,33,23,sil
8.824846506118774,36,31,34,33,0,-11,-8,-2,-7,0,42,60,29,15,sil
8.824846506118774,17,25,23,15,1,-3,-9,0,-15,-16,25,27,10,0,sil
8.839975595474243,9,29,20,23,11,0,-8,0,-8,-24,15,1,-6,-3,sil
8.839975595474243,2,32,22,33,16,0,-2,-3,-9,-15,13,2,-10,-2,sil
8.856046438217163,-9,17,6,20,15,10,9,0,-12,-6,-4,-9,-14,-7,sil
8.856046438217163,-16,-2,-14,-3,17,26,13,0,-2,0,-29,-35,-20,-7,sil
8.871957302093506,-16,-8,-18,-4,9,21,6,0,7,15,-27,-33,-10,0,sil
8.887972354888916,-12,-13,-16,4,-2,7,11,6,18,25,-15,-22,-1,2,sil
8.887972354888916,-8,-26,-19,-17,-4,6,17,6,27,18,-20,-21,-8,2,sil
8.887972354888916,-11,-38,-33,-48,-3,0,6,0,27,13,-24,-26,-10,-1,sil
8.902527809143066,-19,-38,-32,-50,-12,-15,-7,0,10,6,-19,-24,-3,-11,sil
8.903529644012451,-8,-33,-16,-36,-20,-21,-6,-1,2,-5,-11,-8,7,-6,sil
8.9185950756073,8,-24,-11,-26,-15,-18,-3,0,10,-1,6,12,21,7,sil
8.933619260787964,5,-8,-8,-26,-6,-15,-6,0,4,8,24,18,17,3,sil
8.933619260787964,-5,10,-5,-16,-1,-8,-3,-4,-12,0,14,0,0,-13,sil
8.948827505111694,-1,20,3,6,2,5,-8,-8,-24,-16,-3,-7,-6,-17,sil
8.948827505111694,6,20,20,28,9,21,-7,-3,-18,-10,1,0,0,-3,sil
8.964265823364258,1,10,12,23,15,28,16,0,-3,6,7,-4,-6,7,sil
8.964265823364258,-2,0,0,7,8,15,27,9,10,10,-4,-17,-8,9,sil
8.979084253311157,4,0,0,8,0,-5,7,11,14,9,-9,-3,8,7,sil
8.979084253311157,9,3,1,1,-4,-22,-17,-1,-1,-5,-3,14,10,0,sil
8.99460482597351,5,5,4,-9,-1,-15,-21,-7,-20,-22,-2,7,-10,-11,sil
8.99460482597351,0,12,7,7,4,5,-6,-4,-19,-13,-3,-6,-14,-12,sil
9.01056170463562,-8,16,11,27,8,16,1,-6,-10,0,-3,-3,-6,-4,sil
9.01056170463562,-12,6,7,23,9,18,6,1,0,4,-7,-3,-5,-1,sil
9.025713205337524,-2,-3,-2,6,6,11,11,10,19,13,-11,-9,-3,5,sil
9.025713205337524,9,-9,-8,-9,-5,-3,7,2,27,20,-6,4,4,22,sil
9.041067123413086,12,-13,-6,-12,-14,-5,4,-1,22,13,6,15,11,22,sil
9.041067123413086,8,-6,0,-9,-5,0,3,7,12,1,17,11,11,3,sil
9.056669235229492,5,3,-2,-9,-1,-12,0,8,2,0,19,12,11,-2,sil
9.056669235229492,1,0,-2,-7,-10,-27,-9,-2,-9,-9,13,14,7,-2,sil
9.072231531143188,0,0,9,-4,-13,-21,-20,-10,-19,-26,9,13,-1,-7,sil
9.072231531143188,5,14,12,1,-1,-2,-13,-7,-13,-20,13,13,0,-3,sil
9.08792495727539,7,13,8,8,12,5,-2,-2,-7,-6,12,9,0,-3,sil
9.08792495727539,-6,2,1,11,10,0,-2,-2,-12,-7,1,-2,-8,-18,sil
9.103153467178345,-19,1,-1,10,0,0,-4,-3,-14,-15,-6,-10,-18,-21,sil
9.103153467178345,-17,0,1,8,1,10,0,-3,-12,-12,-13,-14,-18,-7,sil
9.118643760681152,-9,-1,-3,10,7,13,8,-2,-4,7,-15,-18,-10,3,sil
9.118643760681152,-2,0,-3,8,3,8,13,2,5,22,-4,-9,0,9,sil
9.134612321853638,0,-8,-1,0,-2,10,13,7,13,21,0,-4,6,15,sil
9.134612321853638,0,-16,-4,-6,0,14,16,6,19,25,-5,-4,11,22,sil
9.150723695755005,7,-12,0,-7,0,7,17,7,21,31,-8,6,13,24,sil
9.150723695755005,8,-8,-3,-6,-3,0,14,7,19,18,-3,8,8,16,sil
9.1659255027771,2,-7,-9,-19,-3,-3,5,5,20,0,-2,-3,1,2,sil
9.1659255027771,6,-5,-3,-27,-1,-8,-4,1,22,0,-9,0,8,0,sil
9.181542873382568,10,-3,-1,-22,-2,-16,-17,-2,9,4,-6,12,16,0,sil
9.181542873382568,4,4,-1,-18,-3,-17,-27,-4,-11,-6,14,14,10,-5,sil
9.1966233253479,7,10,0,-8,0,-12,-23,-5,-18,-23,24,6,0,-9,sil
9.1966233253479,18,10,6,5,0,-10,-15,-7,-26,-31,12,7,-3,-6,sil
9.21176290512085,13,20,16,15,5,-10,-11,-4,-30,-28,9,5,-1,-14,sil
9.21176290512085,-1,21,11,24,11,-3,-8,-2,-16,-20,16,-9,-2,-22,sil
9.226995468139648,-11,7,4,23,7,4,-5,-7,-13,-19,1,-20,-20,-23,sil
9.226995468139648,-24,0,-3,14,0,6,0,-6,-18,-12,-23,-25,-34,-26,sil
9.242557525634766,-34,-3,-10,12,0,4,4,-2,-12,-3,-27,-26,-29,-24,sil
9.242557525634766,-24,-8,-5,19,0,12,3,-3,-4,4,-11,-17,-16,-7,sil
9.257728099822998,-6,-4,0,15,-1,25,16,1,7,26,0,-5,0,10,sil
9.257728099822998,0,0,7,0,0,27,34,18,20,39,2,2,13,25,sil
9.273827314376833,6,0,7,-1,0,14,29,18,21,26,-3,4,13,28,sil
9.273827314376833,11,0,2,5,-1,0,9,3,16,6,-12,0,2,20,sil
9.290592193603516,1,-10,-7,-4,-1,0,1,-1,17,6,-12,0,1,12,sil
9.290592193603516,-6,-19,-22,-26,-10,-4,-1,-2,11,6,-3,-1,5,3,sil
9.304678916931152,-8,-15,-20,-34,-16,-11,-6,-3,0,-10,-3,-3,3,0,sil
9.320873022079468,2,-5,-7,-20,-5,-7,-2,0,7,-5,-4,5,4,4,sil
9.320873022079468,21,0,2,-6,2,-3,-3,6,15,15,3,20,10,9,sil
9.320873022079468,28,6,12,0,6,-2,0,4,10,9,23,30,19,14,sil
9.335012674331663,19,10,12,5,7,0,12,3,12,0,38,32,27,22,sil
9.350162029266356,10,8,4,-2,2,-11,0,0,4,-1,26,21,20,9,sil
9.350162029266356,1,0,-2,-6,0,-20,-20,-6,-16,-7,0,0,0,-11,sil
9.365756273269652,-9,-6,-4,-1,1,-9,-17,-4,-20,-12,-10,-9,-3,-17,sil
9.365756273269652,-14,-1,-3,-6,-3,-6,-18,-5,-19,-17,-7,-5,-2,-22,sil
9.381953716278076,-8,5,-2,-6,-6,-12,-28,-17,-29,-22,-9,-5,-13,-24,sil
9.381953716278076,-1,6,4,5,-1,-3,-18,-16,-28,-17,-9,-2,-21,-10,sil
9.3981671333313,1,4,9,13,4,12,1,4,-7,-7,-7,-1,-15,1,sil
9.3981671333313,5,3,8,10,8,11,5,13,4,-5,0,0,-9,4,sil
9.414091348648071,5,7,16,6,1,0,1,3,0,-4,8,3,-2,7,sil
9.414091348648071,0,7,8,6,-3,-1,9,0,2,5,5,0,2,3,sil
9.430087804794312,-5,0,-3,2,0,1,13,1,12,11,0,-6,0,-6,sil
9.430087804794312,-3,-1,0,2,2,0,11,5,16,12,2,-5,-1,-7,sil
9.430087804794312,-1,7,5,13,2,4,7,6,10,10,4,-6,1,0,sil
9.445603370666504,-3,10,5,16,7,11,1,2,2,8,7,-4,1,0,sil
9.461598873138428,-11,0,-5,6,4,8,0,-6,2,9,10,-7,-4,-6,sil
9.461598873138428,-13,-6,-7,0,-1,10,5,-8,1,7,2,-15,-8,-9,sil
9.477007627487184,-1,0,0,6,0,19,10,0,0,8,0,-7,1,-2,sil
9.477007627487184,0,-6,-10,-2,0,9,8,2,6,5,0,0,10,2,sil
9.492660760879517,-11,-19,-16,-21,-1,-5,5,-3,5,-4,-17,-13,-3,0,sil
9.492660760879517,-14,-14,-10,-12,1,0,8,0,0,0,-28,-21,-13,-2,sil
9.508748292922974,-7,-7,-4,1,1,2,6,3,-5,2,-19,-10,-3,0,sil
9.508748292922974,-5,-8,1,0,-8,-3,2,1,-3,-6,-10,0,0,7,sil
9.524147272109984,6,0,7,0,-14,-5,0,1,-1,-6,-1,9,2,22,sil
9.524147272109984,20,9,6,5,-1,-4,-9,2,-7,-9,4,19,5,20,sil
9.539287567138672,14,1,0,8,5,-2,-12,0,-10,-12,0,14,4,7,sil
9.539287567138672,11,0,4,11,1,0,-1,0,0,5,-4,13,3,9,sil
10.008282661437988,-1,0,-2,8,10,22,31,9,35,28,0,6,-1,10,sil
10.008282661437988,-10,-17,-16,-6,0,8,18,2,33,31,3,0,-3,6,sil
10.023679494857788,-5,-18,-15,-26,-9,-3,3,5,22,21,5,0,1,9,sil
10.023679494857788,15,-1,2,-14,-6,-12,0,5,17,3,11,10,20,9,sil
10.046741485595703,31,11,16,10,-5,-16,-7,0,9,-1,27,18,30,9,sil
10.046741485595703,23,10,16,7,-12,-22,-25,-6,-10,-2,30,23,19,6,sil
10.046741485595703,16,11,8,7,-9,-25,-26,-11,-26,-12,20,18,10,-4,sil
10.05526328086853,11,12,10,18,-1,-12,-11,-12,-32,-22,8,0,-2,-13,sil
10.07054567337036,-6,-1,4,11,0,9,4,-5,-23,-9,-4,-23,-19,-14,sil
10.07054567337036,-14,-15,-13,4,2,20,23,2,0,15,-16,-25,-7,-3,sil
10.08656620979309,-1,-19,-10,-6,0,12,31,13,24,16,-21,-10,6,12,sil
10.08656620979309,0,-23,-8,-23,-11,4,22,15,34,6,-17,-9,4,15,sil
10.101747751235962,-5,-13,-13,-14,-2,4,4,2,25,4,-3,-9,12,1,sil
10.101747751235962,-1,0,-7,-3,13,0,-9,-4,4,-8,9,2,14,-8,sil
10.117908239364624,-8,0,-2,-12,0,-18,-22,-4,-13,-26,9,4,0,-15,sil
10.117908239364624,-18,6,2,-3,-5,-19,-31,-8,-28,-33,-2,-4,-7,-24,sil
10.132971286773682,-14,15,3,15,6,3,-18,-7,-31,-23,-17,-13,-18,-22,sil
10.132971286773682,-14,-2,-8,4,5,20,2,-1,-20,-3,-25,-27,-33,-3,sil
10.148586988449097,-10,-11,-10,0,0,17,15,5,1,17,-20,-18,-10,14,sil
10.148586988449097,3,3,0,4,2,2,10,9,22,23,-4,12,16,19,sil
10.16482663154602,9,2,2,-10,-4,-12,-5,8,19,6,2,26,2,11,sil
10.16482663154602,14,0,0,-9,-2,-13,-5,2,5,-3,0,20,-4,8,sil
10.179311752319336,22,19,10,6,1,-6,-3,-6,-10,-7,1,22,2,4,sil
10.180317401885986,7,22,13,-1,-7,-8,-19,-9,-28,-17,3,12,-6,-12,sil
10.194910287857056,-1,13,3,-2,-1,-8,-17,-5,-30,-20,7,-5,-17,-15,sil
10.194910287857056,16,24,19,19,19,0,1,-4,-7,-4,21,3,-7,0,sil
10.210121393203735,19,31,26,24,14,5,7,-3,10,9,24,14,2,7,sil
10.225687742233276,-11,7,2,5,-1,12,7,1,8,13,1,-9,-2,0,sil
10.225687742233276,-21,-17,-7,0,-2,19,22,7,5,23,-16,-25,-9,0,sil
10.241254806518556,-1,-17,-3,0,0,11,27,11,19,36,-11,-2,1,6,sil
10.241254806518556,0,-16,-5,-17,-3,0,7,7,23,23,-1,13,15,6,sil
10.256431102752686,-10,-24,-8,-12,-1,4,9,1,17,7,0,2,19,5,sil
10.256431102752686,-1,-22,-3,5,0,10,25,1,23,10,-1,-5,21,6,sil
10.271836280822754,6,-18,-4,-8,-12,-9,2,-1,16,2,0,-1,15,0,sil
10.271836280822754,6,-14,-12,-20,-24,-25,-24,-4,1,-11,17,3,14,0,sil
10.287699937820436,16,3,0,0,-4,-14,-17,3,6,-9,38,23,26,12,sil
10.287699937820436,11,5,5,7,14,-5,-13,2,5,-10,23,22,18,5,sil
10.30297827720642,-5,-3,-4,1,7,0,-14,-6,-14,-21,0,-8,-8,-9,sil
10.30297827720642,0,11,6,14,8,8,-1,-5,-20,-19,6,-15,-9,-7,sil
10.31910490989685,5,23,15,24,13,3,-2,-5,-19,-9,10,0,-5,-4,sil
10.31910490989685,-16,5,1,11,1,2,-8,-10,-26,-11,-9,-1,-24,-9,sil
10.334616661071776,-18,-3,-6,7,-5,22,10,-2,-9,0,-22,-12,-23,-4,sil
10.334616661071776,-3,0,-3,9,-5,16,21,6,10,20,-16,-14,0,2,sil
10.350168943405151,-11,-10,-14,-7,-12,-3,7,4,3,19,-27,-21,-5,1,sil
10.350168943405151,-17,-29,-31,-30,-15,-1,0,2,0,0,-40,-22,-21,-4,sil
10.365827798843384,-3,-20,-12,-29,-1,0,-2,3,6,-9,-19,0,-7,-2,sil
10.365827798843384,8,12,10,-12,7,-17,-6,0,-1,-11,12,19,10,0,sil
10.381259679794312,17,28,12,-3,0,-25,-19,-5,-24,-17,13,14,3,-2,sil
10.381259679794312,22,29,17,2,0,-12,-19,-3,-24,-13,3,12,-7,-3,sil
10.397996425628662,8,29,7,21,11,0,-1,-2,2,2,13,6,-6,0,sil
10.397996425628662,-11,10,0,17,5,7,-1,1,1,2,2,-7,-11,-2,sil
10.413371324539185,-15,-10,-9,3,-4,16,1,3,-10,3,-22,-27,-16,-12,sil
10.413371324539185,-9,-14,-30,0,4,18,22,-5,7,16,-19,-37,-7,-12,sil
10.42864155769348,-4,-14,0,-22,2,7,15,10,22,12,-12,-12,-5,11,sil
10.42864155769348,0,-17,27,-33,-12,4,4,27,25,6,-10,13,6,22,sil
10.444732904434204,7,-16,-13,-17,-8,-3,8,0,29,6,7,9,28,2,sil
10.444732904434204,8,-4,-16,-16,3,-18,-10,-12,11,-1,28,12,22,-2,sil
10.460103034973145,0,7,16,-4,5,-13,-25,-6,-11,-5,32,16,5,3,sil
10.460103034973145,-4,9,14,26,8,0,-8,-10,-19,-11,19,0,3,-4,sil
10.475785732269289,-9,1,0,26,6,3,7,-6,-19,-17,-2,-13,-5,-8,sil
10.475785732269289,-16,-9,-5,-1,-2,0,10,-3,-15,-4,-21,-10,-14,-3,sil
10.491551399230955,-9,-12,-5,-11,-5,-3,2,-3,-7,0,-16,1,-2,-3,sil
10.491551399230955,12,-2,7,6,0,-8,-5,4,0,-1,8,24,17,6,sil
10.50705075263977,28,15,25,26,3,-4,0,7,3,5,32,40,25,15,sil
10.50705075263977,31,29,31,28,3,3,12,5,6,11,37,34,18,11,sil
10.522270679473875,15,24,21,25,2,8,9,4,6,8,21,16,5,6,sil
10.522270679473875,-3,5,9,33,3,13,4,0,0,6,0,6,0,7,sil
10.538044929504396,-5,-5,1,33,3,18,10,-1,7,14,-2,3,2,12,sil
10.538044929504396,-1,-10,-5,11,-1,12,11,4,24,21,3,-1,2,14,sil
10.55355191230774,0,-8,-4,-3,-14,-2,0,8,22,12,-1,4,0,10,sil
10.55355191230774,10,0,2,-7,-19,-13,-13,3,2,-3,1,21,9,7,sil
10.569677829742432,14,7,-3,-3,-8,-14,-14,-7,2,-8,20,14,16,0,sil
10.569677829742432,10,23,-4,9,6,-7,-8,-9,11,-5,13,-6,6,-10,sil
10.584847927093506,10,23,4,-15,12,-1,-10,0,-6,-8,-8,-11,-9,-14,sil
10.584847927093506,1,-10,-20,-75,2,-4,-7,-6,-30,-16,-26,-33,-29,-19,sil
10.600268602371216,-29,-28,-31,-68,-5,-1,0,-14,-36,-24,-53,-67,-50,-28,sil
10.600268602371216,-50,-21,-18,8,4,18,0,-4,-20,-14,-61,-62,-49,-28,sil
10.615869998931885,-36,-32,-37,16,9,20,8,6,8,13,-34,-36,-17,-11,sil
10.615869998931885,-23,-34,-46,-47,-2,0,11,11,21,23,-22,-25,0,2,sil
10.630942344665527,-21,-16,-34,-55,-9,-4,7,9,21,13,-24,-19,0,1,sil
10.630942344665527,-11,-12,-31,-20,-2,0,3,4,20,0,-5,-5,0,-3,sil
10.646172046661375,-3,-4,-8,-12,4,-8,-5,2,7,-13,6,2,0,-9,sil
10.646172046661375,-3,7,4,-19,10,-12,-14,-1,-10,-12,9,0,0,-9,sil
10.66194486618042,-1,5,6,-15,5,-12,-15,-3,-24,-14,13,8,2,-6,sil
10.66194486618042,3,13,25,19,-5,-13,-10,-3,-28,-10,18,27,11,0,sil
10.677901268005373,16,32,42,62,0,-1,-1,-1,-14,8,29,31,19,16,sil
10.677901268005373,29,32,51,50,12,17,5,2,-4,13,32,26,18,23,sil
10.693118333816528,26,14,46,27,4,20,5,-1,-13,-2,10,17,2,12,sil
10.693118333816528,20,-1,32,42,-10,7,5,-6,-7,-4,0,22,-4,12,sil
10.708652973175049,25,-5,22,45,-12,-6,13,0,19,9,20,37,15,29,sil
10.708652973175049,27,2,17,20,-6,-11,12,1,25,9,35,35,31,27,sil
10.723869800567629,19,8,12,7,-6,-10,-6,-6,0,-13,25,22,17,1,sil
10.723869800567629,9,5,-3,1,-8,-9,-18,-6,-9,-25,10,8,2,-16,sil
10.739648580551147,2,13,-2,-4,-1,-1,-10,0,-5,-14,8,5,2,-12,sil
10.739648580551147,7,27,15,12,9,10,2,0,-1,4,16,9,5,0,sil
10.755388975143433,2,19,9,24,10,12,8,-2,1,14,6,0,0,1,sil
10.755388975143433,-19,-4,-8,0,5,15,14,6,-1,12,-21,-21,-19,-5,sil
10.77082633972168,-22,-21,-21,-20,7,19,27,14,5,16,-30,-24,-16,-1,sil
10.77082633972168,-9,-29,-29,-28,9,7,19,10,22,29,-21,-12,3,8,sil
10.786230325698853,-16,-34,-34,-31,2,0,1,7,26,33,-20,-14,4,6,sil
10.803245306015016,-28,-30,-38,-28,-11,-4,0,6,17,11,-23,-25,-6,-7,sil
10.803245306015016,-20,-16,-25,-30,-19,-13,-8,0,4,-15,-19,-22,-8,-13,sil
10.817718267440796,-3,0,-11,-28,-5,-8,-18,-2,5,-8,-4,-5,1,-3,sil
10.817718267440796,6,14,-6,-10,8,-3,-15,-4,5,0,11,4,7,-1,sil
10.817718267440796,4,17,1,0,1,-16,-18,-8,-9,-25,7,2,-3,-17,sil
10.83388352394104,-6,13,3,1,-4,-21,-22,-8,-19,-35,-11,-9,-16,-22,sil
10.850035905838013,-6,17,5,14,8,-2,-9,-8,-14,-12,-12,-12,-16,-11,sil
10.850035905838013,-1,13,8,22,12,14,5,-7,-13,-3,-3,-11,-14,-2,sil
10.86501407623291,-5,-8,0,8,0,13,5,0,-18,-7,-9,-19,-17,0,sil
10.86501407623291,-4,-18,-6,0,-5,5,8,3,-8,1,-11,-14,-11,6,sil
10.881003856658936,4,-7,3,2,-5,2,18,3,15,17,-2,3,0,16,sil
10.881003856658936,9,-5,10,-3,-2,1,12,14,23,23,1,13,16,23,sil
10.881003856658936,13,-9,2,-11,1,0,5,20,23,24,13,18,33,20,sil
10.896878242492676,19,-1,3,-9,3,1,11,5,26,16,34,31,39,15,sil
10.896878242492676,14,7,17,-4,5,-3,4,-8,4,-4,39,31,25,4,sil
10.911815404891968,1,4,12,-1,4,-13,-17,-15,-28,-18,20,10,0,-19,sil
10.928556442260742,-7,0,5,-1,-3,-9,-30,-19,-44,-27,-7,-5,-24,-32,sil
10.928556442260742,-7,3,5,2,-9,0,-16,-14,-38,-27,-18,-12,-35,-14,sil
10.928556442260742,-5,1,-2,13,-7,3,4,-2,-19,-7,-8,-9,-21,1,sil
10.943686962127686,-3,-4,-3,14,-4,13,11,1,-2,13,-2,0,-1,3,sil
10.958930015563965,5,-5,0,6,-1,18,12,7,7,9,-9,0,3,11,sil
10.959823369979858,12,-2,0,-7,-7,2,5,14,16,0,-6,-1,5,15,sil
10.959823369979858,11,0,-4,-13,-15,-15,-9,6,15,1,8,13,7,1,sil
10.974198818206789,2,9,0,3,0,-17,-17,-6,-7,-11,10,12,0,-9,sil
10.990315914154053,-6,17,13,22,20,-2,-8,-7,-24,-25,-1,-3,-9,-10,sil
10.990315914154053,-12,15,10,21,19,11,11,3,-4,2,-6,-6,-1,-5,sil
11.006001710891724,-12,3,-3,14,4,11,21,10,16,31,-11,-5,6,1,sil
11.006001710891724,-18,-12,-18,2,0,4,14,4,17,18,-25,-25,0,0,sil
11.021591901779177,-23,-21,-26,-14,0,-4,2,0,21,-1,-24,-35,-4,-5,sil
11.021591901779177,-9,-12,-13,-23,-4,-14,-5,2,28,-3,-4,-1,3,-1,sil
11.037002563476562,13,0,0,-14,-4,-5,-4,1,22,-1,17,25,18,7,sil
11.037002563476562,17,10,9,-4,4,5,0,-4,2,-1,30,18,24,3,sil
11.053044557571411,9,26,24,10,16,1,2,0,0,6,32,11,15,-4,sil
11.053044557571411,13,29,21,26,15,4,7,3,11,16,27,15,7,3,sil
11.06877326965332,14,8,11,22,7,19,12,4,5,11,17,11,1,14,sil
11.06877326965332,7,0,7,15,3,21,20,7,-1,6,4,1,-3,15,sil
11.08384132385254,5,0,2,11,0,11,18,3,0,7,-9,-5,-12,8,sil
11.08384132385254,3,-16,-6,-1,-10,1,3,-2,-2,7,-20,-14,-15,0,sil
11.099075317382812,-4,-27,-16,-14,-23,-13,-11,-3,-6,7,-19,-12,-5,3,sil
11.099075317382812,-5,-23,-16,-29,-25,-24,-26,-7,-16,-5,-12,0,0,8,sil
11.114685297012327,4,-18,-12,-37,-19,-25,-26,-10,-25,-23,-5,5,-1,3,sil
11.114685297012327,10,-7,-3,-25,-10,-27,-24,-4,-15,-20,1,7,0,-1,sil
11.130623579025269,2,1,0,-18,-3,-25,-33,-3,-6,-18,0,16,0,-8,sil
11.130623579025269,-9,0,-7,-17,0,-7,-21,-4,-17,-30,-7,6,-14,-25,sil
11.145646572113035,-12,8,0,1,14,8,5,-3,-28,-26,-2,-2,-17,-24,sil
11.145646572113035,-6,19,8,27,25,12,14,0,-17,0,9,0,-7,-8,sil
11.160808563232422,-12,10,-1,21,12,12,5,2,-1,13,3,-7,-5,-6,sil
11.160808563232422,-25,-2,-5,0,-2,19,1,-2,0,6,-22,-25,-19,-16,sil
11.17681646347046,-26,-8,0,-4,1,24,8,-6,0,7,-34,-29,-25,-10,sil
11.17681646347046,-16,-14,-3,0,5,20,15,3,15,24,-13,-14,-4,4,sil
11.191949367523192,0,-13,-13,0,-7,7,16,9,31,26,7,-1,23,15,sil
11.191949367523192,13,-2,-11,-10,-14,-6,4,2,32,3,9,4,30,11,sil
11.20796251296997,18,12,7,-6,-2,-11,-6,0,15,-9,16,14,27,6,sil
11.20796251296997,17,24,17,17,8,-8,-4,1,3,-8,29,17,26,5,sil
11.223721742630005,10,28,20,30,12,-1,2,4,0,-12,20,8,14,0,sil
11.223721742630005,8,15,19,29,13,9,14,6,2,5,4,-1,1,0,sil
11.239258766174316,8,-3,4,19,2,14,24,1,2,25,-3,-6,-4,12,sil
11.239258766174316,0,-15,-11,-4,-14,0,13,1,4,8,-10,-8,-6,14,sil
11.25561547279358,-1,-17,-19,-21,-16,-17,0,3,10,-12,-1,0,3,2,sil
11.25561547279358,11,-3,-3,-11,-2,-16,-4,-1,0,-11,10,8,3,-6,sil
11.27071762084961,12,15,16,12,7,-7,-3,-2,-19,-3,0,1,-14,-8,sil
11.27071762084961,-5,8,8,21,12,2,1,0,-12,10,-15,-15,-18,-5,sil
11.28580355644226,-21,-17,-5,0,3,7,10,1,4,19,-21,-17,-11,-1,sil
11.28580355644226,-15,-23,-9,-21,-8,7,7,2,7,16,-12,-3,-1,2,sil
11.300878763198853,8,-7,-7,-18,0,5,-7,0,0,8,11,20,13,8,sil
11.300878763198853,14,0,0,-8,6,0,-17,-1,-4,-11,13,31,13,11,sil
11.316916227340698,1,0,6,-8,-8,-9,-19,-1,-3,-29,-6,22,0,6,sil
11.316916227340698,10,11,15,-14,-10,-13,-19,-5,0,-18,10,24,4,5,sil
11.3325514793396,24,25,16,-2,1,-8,-16,-5,-1,0,37,30,14,4,sil
11.3325514793396,8,16,13,6,3,-6,-14,-2,-8,-9,19,14,5,-2,sil
11.347801208496094,-12,0,2,-5,-1,-4,-9,-2,-2,-14,10,-7,-2,-9,sil
11.347801208496094,-17,-4,-14,-7,0,-4,-5,-1,0,1,7,-19,-7,-15,sil
11.363682985305786,-16,0,-5,11,6,-3,-9,0,-16,0,-19,-20,-19,-23,sil
11.363682985305786,-11,3,6,18,3,-1,-7,0,-16,-6,-18,-15,-18,-17,sil
11.379080772399902,-9,-1,-4,3,-6,2,0,0,-1,-5,-11,-22,-18,-5,sil
11.379080772399902,-11,-10,-16,0,-6,10,13,-2,-1,-1,-34,-28,-22,-4,sil
11.395044326782228,-11,-13,-20,4,-1,18,31,-2,-2,5,-25,-20,-11,-1,sil
11.395044326782228,-16,-17,-14,-1,-5,20,28,3,0,5,-8,-18,-7,1,sil
11.410611391067505,-10,-18,-7,0,-2,22,21,8,8,11,-23,-24,-9,6,sil
11.410611391067505,5,-13,0,0,4,22,23,4,21,27,-12,-10,5,19,sil
11.4256751537323,7,-9,-1,-5,3,7,10,0,19,18,9,5,13,17,sil
11.4256751537323,0,-3,-11,-6,1,-8,-9,0,0,-4,-1,1,6,-4,sil
11.44083023071289,9,10,-4,-2,2,-13,-10,4,-10,-8,0,4,6,-6,sil
11.44083023071289,24,22,12,6,0,-11,2,6,6,6,24,25,23,14,sil
11.456481456756592,23,25,15,13,3,-9,1,3,15,13,32,36,36,18,sil
11.456481456756592,14,19,6,2,6,-8,-12,-1,-1,-2,26,25,24,0,sil
11.471725702285768,13,9,0,1,4,-6,-8,-2,-5,-11,14,14,9,0,sil
11.471725702285768,8,2,7,5,0,-5,2,0,0,0,5,14,10,4,sil
11.487832307815552,-7,0,7,0,-2,-6,2,0,0,2,8,0,10,-2,sil
11.487832307815552,-9,0,2,1,-1,-8,-2,-4,-1,-5,7,-8,1,-6,sil
11.50412631034851,2,0,12,8,-4,-9,-6,0,0,-3,3,9,5,2,sil
11.50412631034851,5,0,13,0,-9,-5,-11,3,1,3,8,17,10,7,sil
11.51975703239441,-3,-4,0,-12,-5,-3,-23,-1,0,-4,0,1,-5,-2,sil
11.51975703239441,-10,-11,-5,-11,-1,-4,-32,-8,-12,-18,-21,-11,-29,-12,sil
11.534786939620972,-11,-7,-7,-7,-2,2,-14,-3,-8,-19,-26,-17,-34,-10,please
11.534786939620972,-6,-3,-2,-4,4,9,15,4,7,-8,-16,-15,-22,-4,please
11.550598382949827,-5,-13,-7,-3,4,-1,19,0,4,-3,-13,-15,-14,-6,please
11.550598382949827,-16,-20,-14,-19,-4,-6,3,-4,-3,-8,-14,-19,-20,-14,please
11.566316604614258,-16,-7,-13,-22,0,12,3,-3,1,-7,-14,-15,-22,-13,please
11.583014011383057,-1,1,-6,-3,11,21,14,0,0,-1,-9,-7,-12,-2,please
11.583014011383057,6,4,5,7,10,15,14,7,0,14,6,3,3,9,please
11.583014011383057,6,9,10,8,0,8,6,6,11,31,22,8,16,13,please
11.597939252853394,3,9,9,12,1,0,-5,-2,2,12,25,6,9,3,please
11.597939252853394,0,11,15,18,11,0,-3,-2,-7,-1,26,8,3,-1,please
11.614163160324097,6,15,15,18,5,2,5,0,6,19,22,10,14,5,please
11.629278898239136,16,8,11,16,-1,0,1,0,7,21,7,11,18,11,please
11.629278898239136,13,7,3,15,3,4,4,1,-13,0,0,8,17,10,please
11.629278898239136,5,12,0,7,0,7,14,0,-23,0,3,5,18,13,please
11.643819570541382,0,-2,-3,-3,-13,0,10,0,-8,8,-2,0,6,5,please
11.65982961654663,-11,-15,-16,-4,-9,-9,-4,-2,-3,-5,-23,-10,-15,-11,please
11.65982961654663,-18,-4,-20,-5,-3,-12,-16,-8,-18,-32,-30,-23,-22,-17,please
11.676889657974243,-3,0,-9,-7,-11,-11,-16,-5,-13,-31,-20,-17,-12,-7,please
11.676889657974243,7,-2,-4,-5,-11,-12,-12,1,-1,-14,-16,2,-3,1,please
11.6914541721344,-1,-5,-9,-8,-4,-9,-9,2,-6,-3,-17,4,-5,-5,please
11.6914541721344,-10,-14,-15,-10,-5,4,0,3,5,3,-13,-8,-8,-9,please
11.707077264785768,0,-11,-2,-5,-3,14,7,11,27,8,-10,0,2,7,please
11.707077264785768,1,-1,-1,0,10,6,5,6,23,0,-4,8,12,15,please
11.722627639770508,0,-5,-8,-2,16,0,3,0,14,-3,3,-2,8,0,please
11.722627639770508,5,-2,4,-3,3,-2,7,8,30,11,12,0,13,1,please
11.737829208374023,12,9,16,0,-1,-14,7,9,29,17,23,20,25,16,please
11.737829208374023,5,7,10,0,11,-11,0,-8,0,3,24,21,15,8,please
11.753840923309326,-2,-4,-1,-7,9,6,2,-8,-5,5,18,4,4,-6,please
11.753840923309326,-3,-7,-1,-12,-9,5,1,2,3,14,18,2,5,-3,please
11.769936084747314,1,0,8,1,-4,-4,-5,-2,-9,1,15,5,-3,0,please
11.769936084747314,4,1,2,12,9,2,-3,-7,-10,-3,9,-7,-13,-5,please
11.785356760025024,-1,0,-5,0,3,8,-1,-3,-3,-5,4,-14,-13,-14,please
11.785356760025024,-6,6,-2,-2,-3,-3,-12,-6,-15,-14,-4,-3,-16,-16,please
11.801127672195436,0,10,4,9,-1,-17,-22,-7,-23,0,-8,2,-17,-7,please
11.801127672195436,3,9,13,10,-2,-14,-16,-5,-14,12,0,-1,-8,0,please
11.816638708114624,5,14,15,12,0,0,-2,-1,-2,-3,7,4,1,5,please
11.816638708114624,5,16,15,13,7,9,3,4,0,-13,9,15,4,6,please
11.832568645477297,0,2,10,2,2,6,2,3,-7,-2,0,2,-2,1,please
11.832568645477297,-8,-4,1,-1,-6,3,-1,-2,-24,-9,-15,-14,-14,-7,please
11.848182678222656,-3,0,1,2,-5,6,0,0,-19,-19,-20,-8,-13,-8,please
11.848182678222656,0,-1,0,2,0,11,11,5,5,3,-13,-2,0,1,please
11.8638014793396,1,-7,0,6,6,19,17,7,8,26,-8,-4,3,10,please
11.8638014793396,3,-2,2,7,5,18,17,7,1,8,-8,-1,0,8,please
11.87910008430481,-4,-6,-12,-10,-5,8,18,2,12,-14,-18,-6,-1,1,please
11.87910008430481,-17,-14,-26,-19,-7,11,18,1,20,-3,-25,-17,1,0,please
11.894611597061155,-9,-6,-13,1,4,18,21,7,16,13,-8,-13,8,4,please
11.894611597061155,-2,-6,-4,1,1,0,10,5,12,6,2,-5,10,9,please
11.910011053085327,-16,-21,-18,-33,-10,-27,-9,-1,9,1,-14,-11,2,0,please
11.910011053085327,-18,-21,-26,-34,-10,-23,-11,-1,9,8,-17,-16,-2,-9,please
11.92565107345581,2,-3,-8,0,-6,-8,-3,2,12,3,7,0,3,0,please
11.92565107345581,21,10,3,14,-4,-9,-9,3,11,-6,22,19,14,13,please
11.941091299057009,23,16,8,0,6,-18,-15,-3,3,-11,23,31,19,9,please
11.941091299057009,20,10,8,-6,10,-18,-12,-9,0,-8,31,35,16,0,please
11.956705331802368,17,5,5,-1,-1,-15,-20,-8,0,-1,32,27,14,0,please
11.956705331802368,14,14,18,1,-8,-20,-32,-9,-15,-6,26,24,14,-3,please
11.972606897354126,18,23,24,11,0,-21,-24,-10,-22,-9,28,27,7,-4,sil
11.972606897354126,14,17,15,22,13,-3,-6,-2,-14,1,17,8,-9,0,sil
11.987682580947876,-5,7,11,23,16,19,4,0,-9,9,-7,-20,-17,-2,sil
11.987682580947876,-15,3,7,22,9,19,16,0,-8,15,-9,-18,-6,-7,sil
12.00365662574768,-5,0,10,19,2,12,17,6,-9,17,-1,-1,-2,-2,sil
12.00365662574768,-6,-6,1,9,-1,20,10,2,-16,0,-17,-13,-17,-6,sil
12.018702745437622,-23,-19,-18,-3,1,32,8,-6,-20,-15,-37,-38,-33,-23,sil
12.018702745437622,-29,-23,-18,-11,5,31,18,2,-6,-4,-33,-36,-32,-20,sil
12.034129858016968,-13,-11,-5,-6,-2,13,21,11,14,8,-21,-21,-16,0,sil
12.034129858016968,0,0,-3,-1,-6,0,10,8,20,12,-11,-6,-1,6,sil
12.055562019348145,-11,-6,-11,-8,-1,2,11,8,15,14,-10,-3,0,0,sil
12.055562019348145,-30,-17,-19,-20,-8,0,5,3,7,-5,-24,-18,-14,-3,sil
12.055562019348145,-13,-15,-13,-19,-16,-16,-17,-6,0,-28,-26,-17,-12,-1,sil
12.06567883491516,10,-5,-5,-10,-11,-19,-21,-5,0,-15,-1,9,8,10,sil
12.08122968673706,6,-8,-7,-17,-11,-12,-9,-2,-5,-5,9,19,14,18,sil
12.08122968673706,4,-9,-11,-23,-9,-6,-10,-2,1,-8,6,8,18,6,sil
12.096823453903198,22,6,0,-9,5,-1,-6,1,23,6,25,19,41,5,sil
12.096823453903198,22,15,11,-3,8,-3,-2,4,23,18,39,37,45,19,sil
12.112784147262571,8,9,3,-7,-1,-11,-10,1,10,0,23,25,16,10,sil
12.112784147262571,16,19,18,1,2,-11,-6,2,9,-10,17,13,0,-9,sil
12.12901496887207,26,32,38,23,14,-2,10,0,8,3,26,18,7,-5,sil
12.12901496887207,17,24,26,32,12,3,12,-4,0,2,22,17,4,2,sil
12.144009828567505,9,15,19,28,6,4,6,0,-5,-6,13,6,-8,2,sil
12.144009828567505,4,12,11,25,10,3,6,1,-10,5,5,-7,-10,1,sil
12.159544467926024,-6,4,0,15,8,0,-1,-8,-25,8,-2,-9,-10,-1,sil
12.159544467926024,-4,0,2,8,-3,-4,-3,-12,-27,-6,0,4,-9,0,sil
12.174628734588625,3,-2,4,11,-2,-5,1,0,-13,-2,0,3,-3,3,sil
12.174628734588625,-6,-5,-8,7,1,-1,-1,3,-8,10,-24,-20,-4,-4,sil
12.189759731292725,-22,-4,-16,1,0,4,0,-3,-9,6,-32,-33,-9,-14,sil
12.189759731292725,-13,-10,-10,-2,1,15,9,-2,-7,3,-12,-17,-5,-5,sil
12.205432891845703,-3,-19,-8,-9,0,19,4,4,-2,11,-6,-4,0,1,sil
12.205432891845703,-14,-15,-19,-7,-3,11,-1,5,9,16,-18,-15,0,0,sil
12.222760200500488,-18,-10,-17,-1,1,7,0,3,19,10,-17,-16,0,0,sil
12.23619294166565,-9,-21,-18,-14,-1,6,5,5,23,7,-11,-8,-5,1,sil
12.23619294166565,-8,-29,-27,-37,-17,-3,0,8,22,-6,-18,-8,-10,-2,sil
12.23619294166565,-5,-19,-18,-35,-17,-13,-10,6,13,-31,-23,-1,-9,-6,sil
12.252281188964844,1,-10,-6,-18,-13,-18,-19,-3,3,-33,-5,11,-4,-9,sil
12.252281188964844,-3,-5,-1,-20,-18,-19,-20,-9,-9,-17,18,19,1,-14,sil
12.267803430557253,0,3,6,-16,-7,-11,-10,-5,-16,-17,24,20,8,-8,sil
12.267803430557253,8,16,14,2,6,-1,-1,-6,-22,-18,15,9,0,-2,sil
12.283956050872805,3,27,17,16,8,4,9,-7,-19,0,10,-4,-9,-6,sil
12.283956050872805,2,29,20,28,13,14,27,2,0,17,12,-4,-1,4,sil
12.298352479934692,6,19,22,34,20,20,22,11,3,9,5,-4,0,15,sil
12.315898418426514,-2,3,2,19,11,13,4,3,-4,7,-6,-15,-14,5,sil
12.315898418426514,-1,-5,-10,-4,0,-2,1,-1,8,19,-8,-11,-6,3,sil
12.315898418426514,11,-6,3,-8,-5,-16,0,2,25,15,1,12,18,16,sil
12.329273700714111,19,-3,10,-4,-9,-17,-11,2,13,4,11,24,21,17,sil
12.343959331512451,23,2,9,-7,0,-12,-21,-9,-7,0,16,24,13,8,sil
12.343959331512451,15,13,6,0,8,-7,-17,-12,-12,-3,12,15,10,-1,sil
12.35989546775818,-3,18,3,14,9,2,-8,0,-7,-9,2,1,3,-13,sil
12.35989546775818,-6,11,7,24,14,22,7,6,0,5,1,-6,-2,-9,sil
12.375006914138794,0,0,4,21,12,36,27,4,10,30,1,-6,0,8,sil
12.375006914138794,-6,-12,-7,-2,-1,22,23,7,11,21,-13,-6,4,14,sil
12.390599012374878,-7,-19,-14,-18,-8,-8,5,8,10,1,-19,-10,7,2,sil
12.390599012374878,0,-9,-6,-10,-5,-24,-8,-1,3,-6,0,-5,7,-4,sil
12.406167984008787,0,5,6,-7,-9,-20,-19,-5,-9,-16,14,9,9,-4,sil
12.406167984008787,2,15,4,0,-8,-6,-15,0,-9,-19,12,10,9,-3,sil
12.42218255996704,0,16,3,17,3,12,0,-1,-13,-11,0,-1,-3,-3,sil
12.42218255996704,-9,1,2,22,10,24,13,-4,-13,-4,-8,-9,-12,-2,sil
12.437835931777954,-11,-17,-12,3,0,9,20,1,7,0,-7,-7,-2,2,sil
12.437835931777954,-9,-24,-18,-21,-14,-9,8,6,14,2,-9,-9,0,3,sil
12.453768014907835,-12,-24,-18,-25,-11,-17,-6,3,2,-1,-13,-14,-8,-4,sil
12.453768014907835,0,-16,-12,-14,-5,-17,-5,-1,10,-1,-5,-3,-2,-7,sil
12.46888780593872,15,0,-2,-9,-9,-12,0,-1,16,0,8,17,4,0,sil
12.46888780593872,14,7,3,-5,-2,-10,-8,1,0,-8,15,25,-1,2,sil
12.484299421310425,10,15,14,6,15,-9,-17,-2,-9,-9,18,23,-5,-3,sil
12.484299421310425,7,22,15,17,15,0,-15,-12,-2,0,12,9,-8,-6,sil
12.500025272369385,-10,8,4,8,2,8,-16,-10,-14,-1,-5,-11,-26,-13,sil
12.500025272369385,-28,-7,-2,0,0,3,-14,-4,-24,-4,-14,-20,-37,-16,sil
12.515666723251345,-18,-4,-1,0,0,7,5,0,-9,5,-14,-15,-21,-2,sil
12.515666723251345,-8,-1,0,1,-4,23,26,8,-1,12,-24,-12,-3,5,sil
12.530848979949951,-9,-6,-7,3,-4,25,31,9,-2,14,-25,-21,-3,0,sil
12.530848979949951,-1,-3,-6,2,2,11,23,3,3,9,-10,-19,-6,1,sil
12.546706199645996,12,0,3,0,5,5,17,2,13,0,-3,-1,9,13,sil
12.546706199645996,12,-1,-3,-2,-1,-2,7,0,8,4,-2,4,27,18,sil
12.561701774597168,4,-6,-9,-18,-5,-13,-10,0,-6,9,1,0,26,10,sil
12.561701774597168,2,-9,-6,-25,-2,-9,-12,5,-4,1,10,5,24,1,sil
12.577811002731323,8,-7,-6,-15,-2,-7,-5,0,7,-8,22,18,30,2,sil
12.577811002731323,15,2,0,-9,-9,-14,-12,-2,6,-5,26,20,23,7,sil
12.593232154846191,11,13,3,0,-8,-16,-21,-1,0,-4,14,5,4,-1,sil
12.593232154846191,4,16,5,9,5,-14,-23,-10,-7,-22,5,-3,-7,-15,sil
12.60862135887146,8,17,11,10,11,-9,-20,-8,-11,-23,9,8,-7,-12,sil
12.60862135887146,7,18,18,12,9,0,-12,5,-7,0,9,13,-1,-1,sil
12.623759031295776,-5,15,13,23,13,9,6,3,1,4,2,-2,-8,-3,sil
12.623759031295776,-15,4,-1,21,15,19,23,0,7,0,-8,-18,-19,-9,sil
12.6396005153656,-21,-11,-5,5,4,23,21,5,8,7,-20,-14,-12,-4,sil
12.6396005153656,-18,-18,-1,0,0,20,25,13,25,32,-13,-2,1,12,sil
12.654666900634766,-7,-13,-3,-1,0,17,32,14,39,41,-2,3,3,20,sil
12.654666900634766,-5,-14,-9,-10,-8,0,17,5,25,15,-11,2,-1,3,sil
12.67058563232422,-3,-13,-12,-17,-17,-14,-2,-5,8,0,-9,4,3,0,sil
12.67058563232422,10,-3,0,-15,-9,-8,-7,-5,2,6,12,18,15,13,sil
12.68561029434204,20,2,9,-2,0,-3,-6,-7,-2,0,19,22,16,8,sil
12.68561029434204,17,6,9,11,0,-14,-9,-14,-9,-21,11,16,2,-5,sil
12.701867580413818,18,16,20,10,-1,-12,-11,-8,-18,-28,15,14,-1,-2,sil
12.716997861862184,18,16,18,8,-1,-4,-18,-5,-27,-22,18,8,0,-2,sil
12.716997861862184,2,2,7,10,-1,-8,-29,-16,-38,-22,8,0,-9,-12,sil
12.716997861862184,-5,3,10,18,0,-9,-19,-8,-41,-16,0,-10,-14,-10,sil
12.733055353164673,1,12,10,25,7,0,0,7,-28,-3,-5,-20,-12,-1,sil
12.748803853988647,-1,0,4,18,2,7,0,4,-15,0,-14,-24,-18,-4,sil
12.748803853988647,-13,-18,-6,7,-9,5,3,0,-3,3,-14,-17,-17,-3,sil
12.748803853988647,-10,-15,-20,0,-4,9,19,12,11,6,-14,-10,-2,7,sil
12.764384031295776,-9,-12,-31,-15,2,19,28,17,25,12,-23,-12,3,12,sil
12.780046939849854,-12,-19,-30,-27,-3,10,14,6,37,24,-17,-14,5,3,sil
12.780046939849854,-8,-13,-23,-33,-7,-6,-4,3,35,22,-3,-3,8,-7,sil
12.795582294464111,-12,-9,-33,-43,-5,-15,-12,1,9,-9,-16,-8,0,-17,sil
12.795582294464111,-15,-9,-27,-47,-6,-18,-14,-4,-12,-39,-27,-14,-10,-14,sil
12.795582294464111,0,10,1,-18,1,-12,-15,0,0,-24,0,2,0,3,sil
12.810828924179075,10,27,10,1,14,0,-14,3,13,0,20,11,7,7,sil
12.826348781585692,3,17,9,-4,21,3,-5,-4,-4,6,9,0,-2,-7,sil
12.826348781585692,1,12,10,3,24,6,10,-7,-12,21,5,-3,0,-8,sil
12.84243941307068,-3,13,9,24,18,17,19,0,-1,31,16,1,11,0,sil
12.84243941307068,-16,0,7,19,7,20,22,2,5,24,9,-1,2,-2,sil
12.858683824539185,-20,-17,2,4,0,13,24,1,9,15,-9,-6,-10,-3,sil
12.858683824539185,-13,-15,0,0,-4,9,13,-1,2,-5,-16,-4,-9,5,sil
12.858683824539185,-1,-9,0,2,-10,1,-1,-3,-1,-18,-5,3,0,12,sil
12.875219583511353,5,-13,0,-2,-19,-10,-11,-3,3,-3,2,14,10,9,sil
12.875219583511353,15,-9,10,0,-28,-16,-16,-2,7,5,13,25,25,12,sil
12.889456748962402,33,5,23,13,-20,-16,-13,1,0,1,27,39,35,16,sil
12.906102895736694,35,19,30,17,-4,-12,-7,4,-5,-1,33,45,26,5,sil
12.906102895736694,33,32,29,23,3,-3,1,3,-6,-3,34,37,12,0,sil
12.92095160484314,37,41,33,38,11,0,10,5,-7,-9,34,27,5,10,sil
12.92095160484314,26,27,32,34,20,5,12,10,-5,-14,22,16,-3,10,sil
12.93611216545105,6,9,16,24,15,15,9,2,0,-6,0,-8,-13,3,sil
12.93611216545105,-6,0,2,14,2,9,0,-9,-5,1,-24,-30,-19,0,sil
12.952185153961182,-23,-20,-22,-6,-7,-4,-3,-7,-8,2,-29,-36,-20,-8,sil
12.952185153961182,-33,-41,-48,-31,-13,-5,1,0,6,5,-20,-37,-16,-13,sil
12.967796564102173,-23,-36,-39,-37,-13,-6,0,0,15,7,-23,-28,-12,-6,sil
12.967796564102173,-11,-22,-30,-32,-13,-18,-16,-8,5,-9,-25,-14,-13,-9,sil
12.982993364334106,-13,-16,-29,-33,-9,-19,-28,-13,-11,-33,-11,-3,-15,-20,sil
12.982993364334106,-16,0,-15,-24,4,-5,-20,-8,-22,-35,-9,-7,-17,-25,sil
12.997909545898438,-11,17,0,0,14,2,-7,2,-19,-19,-14,-16,-17,-23,sil
12.997909545898438,-6,12,4,14,11,9,-5,2,-14,-4,-5,-12,-16,-11,sil
13.013173818588257,-6,3,-1,16,10,20,-2,-3,-12,9,-2,-11,-6,0,sil
13.013173818588257,-6,10,2,14,13,23,2,0,-9,20,-5,-11,5,5,sil
13.02870750427246,0,10,11,10,12,19,13,6,9,34,3,0,11,12,sil
13.02870750427246,0,-4,2,-1,3,12,25,8,27,40,7,6,8,16,sil
13.044137239456177,-3,-10,-6,-12,-11,0,19,9,23,25,-1,2,11,11,sil
13.044137239456177,1,-1,-6,-10,-14,-9,7,8,21,16,0,6,23,15,sil
13.060089349746704,9,0,0,-9,-2,-10,11,8,27,19,15,18,32,28,sil
13.060089349746704,14,-10,0,-13,-3,-7,13,6,24,19,20,23,31,22,sil
13.075629949569702,18,-10,0,-9,-12,-11,-4,0,8,4,8,25,21,3,sil
13.075629949569702,12,1,7,-2,-3,-13,-19,-1,-6,-18,7,24,8,-3,sil
13.091694831848145,0,5,2,-5,4,-8,-15,0,-16,-33,8,7,0,-8,sil
13.091694831848145,-1,1,-3,-13,-1,0,-10,-8,-21,-31,0,-2,-5,-15,sil
13.107861518859863,6,5,7,-2,0,0,-1,-10,-16,-23,-1,4,-9,-17,sil
13.107861518859863,2,15,16,15,9,-2,3,0,-12,-22,4,1,-10,-17,sil
13.123021841049194,-1,20,20,21,15,1,-1,1,-17,-23,4,-7,-12,-12,sil
13.123021841049194,3,14,18,20,12,9,1,-2,-14,-10,7,-4,-12,-4,sil
13.13870882987976,-1,3,6,16,5,4,7,-6,-12,-4,2,-6,-16,-8,sil
13.13870882987976,-9,1,3,17,4,7,5,-6,-9,-3,-7,-11,-21,-3,sil
13.154015064239502,1,4,7,26,8,21,11,3,10,11,0,-5,-14,16,sil
13.154015064239502,4,-7,3,15,0,14,11,10,17,27,-1,-4,-3,15,sil
13.170020341873167,-11,-25,-13,-13,-16,-1,0,0,3,19,-21,-18,-6,0,sil
13.170020341873167,-16,-27,-22,-20,-20,0,-1,-5,0,5,-27,-23,-11,0,sil
13.18571424484253,-2,-19,-15,-7,-17,4,4,1,12,8,-13,-13,0,11,sil
13.18571424484253,5,-11,-11,-5,-11,-1,6,4,23,20,2,1,15,16,sil
13.20089602470398,0,-3,-2,-9,0,-5,-1,1,25,19,5,8,10,7,sil
13.20089602470398,0,1,0,0,-1,-8,-5,5,22,11,2,10,10,5,sil
13.216052532196043,16,6,7,7,-6,-7,-8,3,12,14,22,22,30,16,sil
13.216052532196043,27,21,17,8,6,-6,-11,0,1,9,35,33,33,13,sil
13.231972694396973,16,24,6,4,12,-15,-12,0,-5,-3,12,18,10,0,sil
13.231972694396973,0,1,-6,-15,-2,-19,-17,0,-7,-11,-2,3,0,-3,sil
13.248196601867676,-3,-11,-13,-34,-4,-13,-18,0,-10,-19,0,3,0,-10,sil
13.248196601867676,-7,0,-13,-24,4,-15,-15,-6,-20,-34,-5,1,-6,-23,sil
13.26368522644043,-6,14,1,-1,3,-12,-7,-9,-27,-35,-6,-2,-17,-27,sil
13.26368522644043,-2,19,9,9,3,3,0,-6,-26,-23,0,-12,-16,-21,sil
13.279613256454468,-8,15,3,12,9,7,0,-5,-29,-20,-2,-12,-16,-13,sil
13.279613256454468,-7,6,8,17,11,5,1,-3,-23,-12,-7,-7,-14,-3,sil
13.294965744018556,3,1,16,20,6,19,6,5,-7,6,-13,-11,-7,-1,sil
13.294965744018556,-6,-2,4,12,7,33,17,6,0,11,-24,-15,-10,-6,sil
13.310094833374023,-23,-14,-12,1,5,30,29,0,3,0,-28,-18,-15,-7,sil
13.310094833374023,-16,-19,-9,-4,1,23,29,4,12,4,-15,-14,-5,0,sil
13.325622797012327,-6,-12,-9,-6,5,12,15,7,15,21,4,0,6,12,sil
13.325622797012327,-13,-13,-20,-11,1,0,3,0,12,19,7,2,0,15,sil
13.341354131698608,-15,-18,-10,-8,-17,-2,1,1,18,14,0,-7,-2,5,sil
13.341354131698608,-7,-16,-5,0,-20,-4,5,7,31,29,5,-8,7,4,sil
13.356708765029907,0,-15,-13,-5,-4,-11,0,3,26,32,12,0,13,13,please
13.356708765029907,5,-13,-14,-15,-6,-11,-5,0,7,7,9,6,17,16,please
13.372575998306274,16,0,-1,-2,-13,-15,-12,-4,-5,-12,12,12,22,12,please
13.372575998306274,17,12,6,0,-2,-15,-12,-8,-4,-13,16,15,20,2,please
13.388107061386108,12,0,-8,-16,1,-6,-2,-3,9,-2,16,6,14,-1,please
13.388107061386108,19,0,-1,-20,-4,-6,-8,6,14,-4,14,11,7,6,please
13.404114484786987,34,19,21,2,0,-13,-16,0,9,-7,17,22,9,11,please
13.404114484786987,32,28,17,21,9,-15,-6,-11,3,-2,23,17,11,0,please
13.420159101486206,12,25,39,15,7,-6,-4,6,-17,-10,4,14,-11,0,please
13.420159101486206,1,28,52,11,1,11,0,19,-19,-5,-6,10,-21,5,please
13.436176538467407,3,19,15,26,0,15,14,-1,0,17,12,2,0,0,please
13.436176538467407,0,5,5,28,10,10,2,-10,-19,0,0,-2,-9,-11,please
13.451716184616089,-16,-1,8,13,11,8,-6,-5,-43,-24,-40,-14,-35,-16,please
13.451716184616089,-26,-15,-12,0,-4,7,10,-3,-5,1,-36,-25,-23,-11,please
13.467787027359009,-21,-23,-23,-6,-11,1,17,2,23,19,-15,-17,-3,-3,please
13.467787027359009,-14,-16,-16,-16,-1,-9,-3,-1,-5,-10,-20,-10,-8,-4,please
13.48312497138977,-3,-8,-7,-20,0,-15,-22,-7,-20,-24,-12,-3,-6,-4,please
13.48312497138977,13,4,6,0,3,-2,-16,0,0,-5,12,13,10,0,please
13.498642444610596,16,21,15,24,19,4,-2,3,-1,0,18,21,14,1,please
13.498642444610596,-3,13,1,20,14,6,1,0,-7,-5,2,0,4,-1,please
13.514071226119995,-28,-17,-25,-3,-6,19,3,0,4,-3,-24,-33,-10,-10,please
13.514071226119995,-30,-32,-43,-21,-8,19,13,0,8,-1,-44,-42,-22,-14,please
13.529592990875244,-14,-18,-35,-21,-4,3,13,0,9,7,-24,-17,-7,1,please
13.529592990875244,-6,-13,-20,-24,-11,0,0,-1,19,23,10,1,23,12,please
13.545626640319824,-3,-19,-16,-32,-15,-1,-2,3,12,13,13,1,25,5,please
13.545626640319824,2,-5,1,-27,-4,-6,0,8,-8,-5,10,12,3,-2,please
13.560771942138672,11,10,7,0,6,-4,0,-5,-2,5,31,25,11,-8,please
13.560771942138672,21,6,-4,11,4,-8,0,-14,17,13,38,16,27,-3,please
13.576232671737673,23,11,23,0,-3,-13,-11,10,5,-11,22,20,9,7,please
13.576232671737673,16,20,34,11,0,-11,-8,17,-2,-10,23,22,0,4,please
13.590911149978638,4,9,-8,22,5,-17,0,-11,0,3,23,1,4,-12,please
13.608937978744509,-2,6,-1,2,1,-19,-8,-16,-8,-13,0,-9,-14,-16,please
13.608937978744509,1,22,38,16,2,0,-4,4,-7,-8,-2,0,-17,4,please
13.608937978744509,10,25,39,48,13,19,18,10,8,26,15,7,9,29,please
13.623759269714355,5,9,19,25,13,20,19,5,2,23,9,1,8,27,please
13.623759269714355,-6,-5,0,-9,-3,16,9,0,-15,-3,-16,-9,-19,8,please
13.638813972473145,-10,-11,-4,0,-11,15,12,-2,-18,-2,-32,-13,-29,2,please
13.638813972473145,-7,-9,-5,18,2,17,18,3,-3,12,-25,-11,-11,3,please
13.653587818145752,-11,-13,-12,0,9,15,13,7,7,9,-16,-19,-2,-2,please
13.668773412704468,-17,-18,-20,-19,-5,3,1,0,5,-4,-23,-26,-10,-6,please
13.668773412704468,-15,-18,-15,-16,-17,-12,-14,-8,-1,-4,-28,-17,-9,-4,please
13.684746503829956,-5,-16,-5,-23,-7,-13,-19,-3,4,0,-19,1,3,-2,please
13.684746503829956,3,-14,-15,-34,0,-5,-5,2,18,-4,-11,7,8,0,please
13.700206518173218,8,-13,-22,-25,-4,-9,-9,0,13,-14,-11,5,3,-2,please
13.700206518173218,8,-3,-9,-11,-8,-18,-23,0,6,-10,-3,11,6,-9,please
13.715878009796144,12,11,4,-5,-1,-13,-13,2,8,-9,12,20,10,-9,please
13.715878009796144,12,14,7,-4,3,-4,-5,-1,-4,-19,17,19,8,-9,please
13.731894493103027,4,8,-2,-3,-5,-9,-13,-9,-16,-12,18,9,8,-8,please
13.731894493103027,8,16,7,3,-6,-7,-9,-5,-7,0,29,10,11,2,please
13.74795699119568,18,24,25,22,10,11,7,0,0,2,35,15,12,9,please
13.74795699119568,11,15,14,26,17,14,10,1,0,2,26,5,8,4,please
13.76492714881897,0,11,12,10,7,-2,1,5,0,6,17,0,7,3,please
13.76492714881897,0,13,18,6,3,-7,-3,2,-2,2,13,2,6,0,please
13.76492714881897,-4,8,9,20,5,0,-3,-7,-14,-2,4,0,-4,-9,please
13.779067516326904,-12,2,3,22,3,7,6,-5,-14,9,0,-6,-11,-1,please
13.79458212852478,-16,-4,-6,5,0,2,11,-3,-16,16,-9,-15,-10,4,please
13.79458212852478,-20,-5,-8,1,0,-4,0,-9,-36,-9,-26,-20,-24,-9,please
13.810701370239258,-14,4,0,17,6,9,5,-1,-23,-12,-23,-14,-26,-14,please
13.810701370239258,3,0,5,15,6,25,23,14,22,27,-5,-5,-4,3,please
13.82586407661438,5,-16,0,-4,-2,14,19,16,35,36,0,-1,6,15,please
13.82586407661438,-8,-25,-19,-16,-5,0,9,7,22,14,-6,0,0,13,please
15.652807474136353,-8,-14,-23,-12,-6,-9,-11,-5,-11,-12,-12,-11,-12,-7,sil
15.652807474136353,2,0,-3,-7,3,2,-1,0,6,0,1,4,2,4,sil
15.668108224868774,4,-2,-5,-8,7,-3,2,1,17,2,1,5,0,1,sil
15.668108224868774,-6,-7,-13,-18,0,-21,-11,-5,-4,-15,-1,1,-9,-17,sil
15.68363332748413,3,8,1,-8,3,-17,-13,-9,-19,-10,14,19,6,-9,sil
15.68363332748413,25,26,20,12,10,-6,-2,-5,-14,7,33,39,22,9,sil
15.699021339416504,17,25,27,16,0,-6,-6,-2,-17,-4,24,32,5,4,sil
15.699021339416504,-5,20,24,17,-4,-2,-4,2,-14,-13,0,4,-11,-3,sil
15.714705228805542,-8,13,19,27,7,8,12,10,-4,3,-9,-15,-11,-3,sil
15.714705228805542,-10,1,1,19,7,21,25,7,5,17,-13,-24,-14,-3,sil
15.72999906539917,-15,-13,-17,-6,-8,26,28,3,16,21,-25,-25,-13,-1,sil
15.72999906539917,0,-15,-9,-13,-16,18,27,9,17,22,-23,-17,0,7,sil
15.745589017868042,10,-5,-7,0,-8,2,20,11,14,19,0,-4,16,14,sil
15.745589017868042,0,-7,-14,-4,-5,-4,3,2,15,12,5,2,24,11,sil
15.76082706451416,-4,-17,-12,-26,-12,-4,-12,-1,14,0,0,3,21,2,sil
15.76082706451416,5,-6,-5,-23,-10,-8,-12,0,11,-10,4,6,13,-3,sil
15.776862382888794,10,7,7,-10,1,-11,-14,-2,10,-10,16,17,12,-1,sil
15.776862382888794,6,9,13,-5,1,-14,-17,-7,-1,-9,23,20,16,3,sil
15.792355298995972,-1,9,6,-2,-2,-18,-17,-9,-23,-19,12,6,1,-5,sil
15.792355298995972,-4,3,0,4,7,-11,-15,-7,-27,-22,-7,-10,-15,-17,sil
15.808017015457152,2,-4,10,12,22,0,-11,-4,-14,-16,-10,-12,-15,-7,sil
15.808017015457152,9,0,25,14,21,11,-3,-2,-7,-9,0,0,-11,0,sil
15.823846101760864,2,0,9,11,9,17,0,-7,-6,0,-1,-3,-18,-5,sil
15.823846101760864,-3,2,-3,16,6,13,-8,-10,-6,5,-6,-13,-19,-4,sil
15.83899211883545,0,14,2,23,11,13,-3,1,0,9,1,-9,-1,2,sil
15.83899211883545,-5,6,0,9,0,18,12,13,0,17,1,-4,8,2,sil
15.854584455490112,-17,-6,-5,-6,-13,11,13,10,-8,10,-15,-7,-2,0,sil
15.854584455490112,-11,1,-7,2,-3,4,10,4,-7,-1,-21,-9,-4,1,sil
15.869723796844482,2,8,-1,19,12,3,18,6,8,1,-6,1,3,3,sil
15.869723796844482,3,0,3,13,7,0,21,4,19,15,5,13,3,6,sil
15.885794401168823,-1,-12,-11,-7,-5,-10,14,-4,17,14,5,5,-1,5,sil
15.885794401168823,-8,-14,-22,-25,-12,-8,6,-1,6,3,-2,-8,-5,-1,sil
15.901840686798096,-15,-15,-20,-24,-11,0,3,6,7,8,-12,-15,-7,-4,sil
15.901840686798096,-10,-17,-14,-16,-12,-5,0,3,14,12,-11,-4,-4,3,sil
15.916929006576538,0,-9,-8,-17,-18,-10,-5,-1,2,-5,0,15,-3,6,sil
15.916929006576538,0,-7,-13,-28,-19,-10,-5,-5,-11,-25,0,10,-4,-3,sil
15.932549715042114,0,-11,-14,-31,-8,-12,-10,-2,-4,-26,-7,-3,1,-6,sil
15.932549715042114,9,1,-1,-11,1,-7,-9,2,6,-12,7,9,13,0,sil
15.94771933555603,15,14,14,4,6,-3,-3,-2,-1,-2,23,25,13,0,sil
15.94771933555603,16,13,27,7,12,-6,-5,-8,-18,-8,18,16,6,-4,sil
15.96406888961792,11,21,26,21,9,-6,-15,-8,-21,-14,15,2,2,-10,sil
15.979355573654177,0,24,26,34,3,0,-13,-4,-12,-2,14,0,0,-13,sil
15.979355573654177,2,10,23,30,6,14,7,5,6,17,6,-6,1,0,sil
15.993916273117064,8,0,9,18,7,20,19,11,17,20,1,-12,6,19,sil
15.993916273117064,1,0,0,11,1,9,8,6,14,10,-3,-7,8,19,sil
15.993916273117064,2,0,-5,14,2,0,0,3,15,8,0,2,15,11,sil
16.00959825515747,10,-2,-2,0,0,-4,-5,1,17,6,9,8,13,12,sil
16.025006771087646,3,-11,-8,-23,-6,-6,-13,-2,11,2,4,3,1,8,sil
16.025006771087646,-1,-9,-13,-18,-3,-8,-16,-6,2,-1,-2,1,0,-2,sil
16.041004180908203,1,8,0,1,1,-10,-19,-8,-17,-18,3,4,-7,-11,sil
16.041004180908203,0,17,7,15,8,-4,-11,-8,-32,-24,6,0,-18,-12,sil
16.05723524093628,-2,10,11,20,16,10,7,0,-13,3,0,-2,-11,-1,sil
16.05723524093628,-6,0,8,12,7,18,16,6,4,24,-9,-3,0,0,sil
16.077919483184814,-19,-17,-14,-9,-11,13,13,2,-11,7,-31,-21,-16,-15,sil
16.077919483184814,-29,-26,-28,-27,-15,11,15,-2,-17,-9,-48,-29,-32,-19,sil
16.077919483184814,-23,-23,-23,-28,-11,2,17,0,8,-8,-36,-11,-9,-4,sil
16.088042497634888,-4,-16,-9,-25,-11,-10,9,8,20,0,-8,11,20,10,sil
16.103729486465454,12,-1,2,-11,0,-7,5,11,13,11,16,22,28,14,sil
16.103729486465454,17,12,7,2,10,-5,-7,0,4,9,20,14,14,2,sil
16.119763612747192,9,15,13,1,6,-11,-26,-12,-19,-18,7,10,-5,-9,sil
16.119763612747192,0,11,10,1,4,-3,-15,-9,-33,-27,10,7,-10,-6,sil
16.13495969772339,-8,3,1,3,5,5,4,0,-15,-6,10,-7,-9,-8,sil
16.13495969772339,-16,-2,-8,0,3,7,7,3,0,-1,-8,-29,-21,-15,sil
16.150974988937378,-13,-2,-11,7,6,16,20,6,4,-1,-7,-25,-17,-2,sil
16.150974988937378,-5,-3,-3,13,3,25,35,13,21,26,6,-1,6,14,sil
16.166696310043335,-6,-13,-11,-1,-13,4,19,7,33,36,-2,-8,8,15,sil
16.166696310043335,-4,-15,-17,-15,-17,-24,-4,-5,24,3,-14,-17,-4,8,sil
16.181913137435913,16,0,0,-6,-2,-23,-6,0,19,-1,7,9,16,13,sil
16.181913137435913,29,12,7,0,3,-9,-7,4,16,17,26,27,41,19,sil
16.197957515716553,16,8,4,-3,0,-8,-18,-1,0,0,16,17,23,5,sil
16.197957515716553,9,6,5,-1,-1,-10,-17,-6,-5,-19,11,13,1,-6,sil
16.2139093875885,19,15,10,2,-4,-7,-15,-6,-14,-11,13,16,-3,-8,sil
16.2139093875885,21,16,18,7,-3,0,-19,-5,-26,-16,10,11,-7,-9,sil
16.228673934936523,7,9,17,15,4,1,-11,-4,-17,-15,19,3,-1,-5,sil
16.228673934936523,-10,4,10,14,1,0,-5,-9,-14,-2,13,-3,-3,-5,sil
16.24442434310913,-20,-4,2,8,-7,0,-15,-11,-27,-7,-14,-13,-19,-15,sil
16.24442434310913,-16,-8,3,14,0,6,-9,-2,-17,-8,-18,-12,-16,-12,sil
16.260077953338623,-6,-1,11,24,9,21,18,8,5,12,-5,-1,2,3,sil
16.260077953338623,-7,-13,0,16,0,23,27,11,11,21,-14,-5,1,9,sil
16.275824785232544,-13,-23,-12,-2,-6,8,19,10,11,4,-26,-8,-6,5,sil
16.275824785232544,-4,-2,-7,-1,0,0,20,10,21,0,-18,1,0,8,sil
16.29192328453064,12,8,0,4,3,-2,9,7,22,10,-1,19,11,15,sil
16.29192328453064,19,-2,2,-6,0,-10,-14,2,9,7,10,31,11,14,sil
16.308149099349976,17,2,3,-15,0,-18,-16,-6,0,-4,17,30,11,6,sil
16.308149099349976,17,20,9,-4,3,-10,-6,-6,0,-3,19,19,6,5,sil
16.32377028465271,6,19,1,1,12,5,0,0,1,3,13,2,-2,0,sil
16.32377028465271,-17,-1,-18,-15,15,13,2,-6,-5,-8,-3,-20,-11,-21,sil
16.339006185531616,-25,-10,-16,-25,7,9,-4,-9,-17,-28,-24,-37,-19,-27,sil
16.339006185531616,-11,1,-4,-2,1,4,-6,0,-15,-13,-25,-32,-20,-10,sil
16.354049921035767,-9,-1,0,-2,1,6,6,7,1,13,-9,-20,-12,0,sil
16.354049921035767,-20,-21,-11,-24,-2,14,17,6,10,13,-10,-25,-3,-5,sil
16.369829177856445,-17,-8,-21,-8,-3,17,18,3,4,6,-27,-28,0,-5,sil
16.369829177856445,-3,6,-14,7,0,6,18,0,3,12,-23,-13,1,1,sil
16.384982585906982,-1,-14,-18,-18,-6,-5,19,0,14,8,-9,-6,0,5,sil
16.384982585906982,-1,-21,-19,-32,-10,-8,12,3,12,0,-6,-7,3,7,sil
16.40073537826538,0,-3,-7,-14,-7,-14,-4,1,3,-1,8,1,15,6,sil
16.40073537826538,1,-10,-6,-20,-12,-27,-24,-7,0,-1,29,12,21,0,sil
16.41626000404358,12,-12,4,-22,-12,-29,-27,-5,0,3,36,26,21,0,sil
16.41626000404358,31,24,27,17,3,-23,-20,0,0,7,43,36,25,10,sil
16.431554555892944,25,41,37,38,7,-22,-27,-2,-9,-11,37,34,7,5,sil
16.431554555892944,8,17,31,19,-6,-19,-34,-6,-24,-27,19,20,-15,-7,sil
16.448140382766724,8,5,20,18,-9,-8,-16,-8,-29,-17,11,8,-16,-8,sil
16.448140382766724,4,18,26,34,5,16,7,-6,-26,-11,4,4,-17,-5,sil
16.463839530944824,-4,11,24,29,13,40,20,5,-13,-5,-2,0,-18,-5,sil
16.463839530944824,-5,-8,6,18,8,31,25,9,0,14,-8,-5,-13,-3,sil
16.478833436965942,-5,-9,-3,24,2,18,23,0,1,23,-15,-10,-12,0,sil
16.478833436965942,-5,-2,-3,23,1,23,14,0,0,9,-16,-10,-5,8,sil
16.494345664978027,0,-9,-7,6,1,23,6,9,6,-1,-17,-5,2,9,sil
16.494345664978027,-2,-12,-19,2,1,11,7,2,17,5,-18,-6,5,3,sil
16.50993514060974,-10,-5,-16,10,0,0,6,-7,18,12,-13,-5,10,6,sil
16.50993514060974,-7,-1,-7,1,0,-5,1,0,13,5,-10,4,16,13,sil
16.52556276321411,1,-7,-12,-17,0,-6,0,6,12,0,-13,3,12,6,sil
16.52556276321411,1,-11,-14,-25,-8,-6,-2,5,17,0,-11,-4,6,-2,sil
16.541131734848022,-1,-3,-9,-18,-10,-9,-9,5,20,0,-1,-2,11,1,sil
16.541131734848022,6,3,-7,-5,4,-11,-7,4,19,3,11,4,17,9,sil
16.5567364692688,14,4,-5,-5,12,-7,-1,0,16,4,21,6,12,2,sil
16.5567364692688,5,5,-3,-18,1,-11,-7,-2,9,-2,14,3,1,-9,sil
16.571953535079956,-3,6,1,-25,-8,-19,-8,0,-5,-7,3,5,-5,-5,sil
16.571953535079956,-4,4,4,-22,-6,-12,0,-5,-26,-12,5,1,-12,-1,sil
16.58804178237915,-6,1,3,-24,4,-1,0,-9,-27,-18,0,-5,-18,-8,sil
16.58804178237915,-7,0,4,-16,8,0,-7,0,-2,-7,-13,-3,-16,-9,sil
16.604135274887085,-4,4,3,1,6,4,0,9,14,5,-2,-2,-9,-7,sil
16.604135274887085,-10,5,2,0,8,4,9,4,2,-10,-1,-15,-13,-14,sil
16.620185613632202,-22,-6,-4,-12,0,-3,1,-1,-17,-22,-19,-24,-20,-16,sil
16.620185613632202,-18,-9,0,-1,-16,-5,-9,-7,-30,-6,-12,-12,-14,-6,sil
16.636021375656128,0,7,14,18,-5,1,-8,-17,-42,1,6,-1,-3,5,sil
16.636021375656128,10,7,7,18,7,4,-1,-22,-43,-1,7,0,5,14,sil
16.651984453201294,11,-5,1,8,0,1,0,-14,-17,4,9,10,15,14,sil
16.651984453201294,15,-2,6,14,-6,3,2,2,22,14,15,15,21,8,sil
16.667044401168823,12,-3,0,17,-1,7,8,16,37,15,8,0,9,0,sil
16.667044401168823,4,-11,-9,1,-3,7,11,17,26,17,-1,-6,-1,-9,sil
16.683029890060425,14,-5,-10,-4,-7,1,7,10,22,18,-2,0,5,-6,sil
16.683029890060425,34,3,-1,6,-2,1,0,3,13,2,2,5,8,4,sil
16.69815993309021,38,2,5,17,2,7,-3,-3,-12,-3,7,7,1,4,sil
16.69815993309021,22,3,6,13,6,4,-13,-7,-24,10,6,5,4,0,sil
16.71341586112976,-4,9,9,13,13,4,-15,-1,-3,14,4,9,10,5,sil
16.71341586112976,-29,7,6,17,10,10,1,2,19,3,3,8,6,2,sil
16.728699445724487,-36,-1,-5,6,-5,4,16,5,24,0,-4,0,-4,-7,sil
16.728699445724487,-37,-8,-17,-13,-8,1,14,8,17,0,-12,-10,-10,-6,sil
16.744552850723267,-34,-7,-13,-18,0,6,12,6,5,-11,-10,-12,-8,2,sil
16.744552850723267,-24,-3,0,-11,-4,0,12,5,-5,-10,-8,-5,-6,5,sil
16.759589195251465,-13,-6,-1,-11,-6,-12,5,4,-5,-1,-7,0,-7,2,sil
16.77460741996765,-3,-9,2,-13,1,-17,-5,0,-4,-12,0,1,-4,2,sil
16.77460741996765,8,3,12,1,9,-13,-10,-6,-6,-16,11,4,7,6,sil
16.78987979888916,14,14,9,12,3,-11,-10,-9,-11,-6,0,7,5,6,sil
16.78987979888916,9,0,-3,-6,-4,-11,-6,-4,-5,-7,-16,4,-12,0,sil
16.80696940422058,8,-11,-10,-18,-3,-1,0,-2,8,-3,-11,-5,-9,0,sil
16.80696940422058,15,-1,1,-6,-5,2,-6,-4,5,2,-5,0,4,4,sil
16.80696940422058,17,7,5,-1,-9,-4,-21,-6,-10,-10,0,14,10,0,sil
16.821701526641846,18,13,4,-2,1,-9,-19,-5,-16,-21,22,19,16,-4,sil
16.837738513946533,21,25,17,13,11,-3,-7,0,-10,-5,38,19,18,0,sil
16.837738513946533,18,23,14,22,7,0,-4,0,-8,7,22,11,8,-1,sil
16.837738513946533,8,10,4,12,8,6,0,0,-8,3,5,2,-6,-12,sil
16.854013442993164,-1,6,4,10,14,20,12,1,0,4,-3,-10,-15,-13,sil
16.854013442993164,-14,-6,-8,7,10,25,19,8,13,15,-20,-30,-19,-10,sil
16.868701219558716,-28,-21,-21,-4,5,21,26,15,17,22,-33,-40,-22,-10,sil
16.88465642929077,-26,-22,-25,-8,-2,16,32,11,18,21,-21,-36,-10,-1,sil
16.88465642929077,-10,-22,-10,-14,-11,4,18,1,15,12,-13,-20,1,9,sil
16.899742126464844,-3,-24,-7,-19,-8,-6,5,3,17,17,-16,-7,0,10,sil
16.899742126464844,0,-23,-16,-22,-14,-16,0,0,16,22,-4,1,2,9,sil
16.91578197479248,11,-11,-2,-27,-23,-22,-15,-5,4,1,5,14,15,14,sil
16.91578197479248,6,1,-2,-16,-14,-19,-22,-7,-4,-13,8,16,10,6,sil
16.931560277938843,-9,8,1,0,-5,-18,-20,-12,-20,-17,13,13,-5,-6,sil
16.931560277938843,-3,14,18,8,-3,-16,-9,-14,-25,-24,14,17,0,-3,sil
16.947704315185547,16,11,17,9,3,-7,-1,-4,-5,-13,17,19,21,5,sil
16.947704315185547,11,3,12,3,6,2,-14,-2,-2,-1,27,21,22,1,sil
16.963209867477417,-7,11,10,6,4,8,-23,-10,-19,-6,28,13,10,-10,sil
16.963209867477417,-1,24,14,21,6,3,-15,-4,-23,-19,13,11,0,-11,sil
16.97933316230774,9,29,26,32,13,6,-2,11,-8,-11,10,17,0,0,sil
16.97933316230774,4,21,14,34,20,22,9,11,3,6,14,5,4,0,sil
16.99605131149292,-2,4,5,27,14,22,10,2,-4,5,-9,-8,-7,-5,sil
16.99605131149292,-7,-3,0,19,4,8,6,0,-6,-2,-32,-16,-23,-8,sil
16.99605131149292,-15,-9,-18,7,7,3,10,0,9,6,-24,-29,-23,-7,sil
17.010584831237793,-13,-18,-15,-6,6,7,8,6,10,12,-20,-27,-18,-2,sil
17.026659727096558,-4,-18,-9,-9,-1,5,7,8,5,7,-22,-17,-11,4,sil
17.026659727096558,2,-13,-17,-2,-6,-4,13,0,9,3,-19,-15,-6,9,sil
17.04286289215088,3,-9,-8,-10,-7,-6,14,0,10,1,-18,-12,-7,10,sil
17.04286289215088,-5,-11,-11,-31,-11,0,18,7,17,4,-13,-12,-1,10,sil
17.04286289215088,-9,-16,-29,-32,-12,3,18,5,18,9,-2,-11,5,10,sil
17.056971549987793,2,-10,-15,-17,-11,0,5,4,2,2,3,3,9,9,sil
17.072596311569214,14,3,0,-14,-8,-7,0,3,7,4,14,16,25,1,sil
17.072596311569214,16,7,3,-16,-2,-19,-4,0,12,6,22,23,28,0,sil
17.523045301437378,-23,-3,-5,1,1,1,-2,0,-3,0,-15,-39,-23,-18,sil
17.523045301437378,-20,-5,-7,3,0,21,9,-4,-6,-5,-29,-31,-23,-14,sil
17.538997411727905,-9,-7,-12,6,5,32,26,0,-2,7,-27,-16,-8,-5,sil
17.539609909057617,-21,-14,-15,-6,7,23,26,5,2,13,-15,-14,0,-6,sil
17.55463719367981,-30,-16,-22,-12,-1,12,15,-1,2,9,-17,-24,-1,-5,sil
17.55463719367981,-10,-10,-21,-11,-9,5,12,4,5,10,-16,-9,-2,5,sil
17.56992745399475,5,-3,-7,-5,-6,5,16,17,26,12,4,16,8,16,sil
17.56992745399475,5,-6,4,0,-6,1,11,8,39,18,18,24,23,19,sil
17.585532426834106,6,-12,2,-8,-6,-7,2,3,28,26,10,24,22,19,sil
17.585532426834106,4,-10,-12,-19,-3,-10,0,1,13,18,5,17,15,14,sil
17.60083532333374,5,0,-8,-7,0,-11,-7,-10,7,-3,7,12,15,9,sil
17.60083532333374,18,11,15,5,1,-16,-14,-11,4,-13,7,21,18,12,sil
17.616883993148804,24,13,17,5,0,-19,-20,-6,-3,-14,7,18,9,6,sil
17.616883993148804,10,2,1,-9,-11,-21,-26,-8,-20,-22,4,7,-5,-9,sil
17.6325364112854,0,-10,-7,-30,-19,-24,-25,-1,-30,-22,9,9,-8,-16,sil
17.6325364112854,3,0,4,-27,-14,-15,-14,8,-23,-16,18,13,-6,-8,sil
17.648172855377197,5,21,22,1,-3,-2,-3,3,-12,-16,8,1,-16,-4,sil
17.648172855377197,4,21,16,20,3,0,-2,-9,-14,-18,-1,-5,-22,-9,sil
17.663291454315186,7,12,12,13,8,3,-7,-13,-26,-14,8,7,-8,-7,sil
17.663291454315186,9,12,16,10,13,8,-7,-14,-28,-9,17,9,0,-1,sil
17.678580284118652,3,12,17,20,19,9,-3,-12,-19,-7,0,-7,-12,-4,sil
17.678580284118652,-6,1,7,22,18,18,2,1,-7,4,-18,-18,-17,-5,sil
17.69467830657959,-16,-9,-10,10,7,25,14,14,5,24,-22,-19,0,0,sil
17.69467830657959,-22,-15,-16,1,0,18,19,11,16,19,-25,-24,1,0,sil
17.710246562957764,-23,-18,-19,8,8,21,13,9,27,15,-22,-25,-1,0,sil
17.710246562957764,-12,-13,-13,14,13,21,9,14,41,33,-8,-13,10,10,sil
17.72607135772705,0,-5,-5,1,-1,0,4,8,39,31,0,-2,16,12,sil
17.72607135772705,0,-13,-16,-17,-16,-13,3,1,20,8,0,0,8,2,sil
17.742009162902832,0,-15,-17,-19,-14,-11,10,2,9,3,8,5,9,3,sil
17.742009162902832,12,0,-5,-11,-11,-12,15,-2,0,-3,9,7,6,5,sil
17.757903575897217,14,5,1,-10,-5,-16,0,-13,-17,-27,0,7,-10,-1,sil
17.757903575897217,11,7,2,-8,2,-16,-14,-8,-17,-27,6,20,-5,-5,sil
17.773313283920288,14,11,3,-2,-1,-18,-12,6,-1,-9,23,25,16,1,sil
17.773313283920288,6,12,11,-2,-6,-13,-5,12,-2,-7,11,11,7,0,sil
17.78861927986145,-5,12,8,3,2,-3,0,6,-6,-8,-2,-6,-6,-9,sil
17.78861927986145,-6,8,0,17,5,1,9,2,5,2,-1,-16,-3,-9,sil
17.804617404937744,-12,2,7,13,-1,14,14,0,3,7,-13,-22,-17,-6,sil
17.804617404937744,-26,-6,1,0,-3,24,14,-7,-20,0,-31,-28,-28,-10,sil
17.82017207145691,-23,-20,-14,-10,0,17,10,-10,-25,2,-23,-18,-6,-3,sil
17.82017207145691,-3,-19,-13,-9,2,5,0,-8,-2,12,0,0,14,16,sil
17.83617854118347,6,-1,3,-12,0,-6,-14,-4,6,6,13,7,8,13,sil
17.83617854118347,8,4,9,-15,-7,-13,-23,2,4,-3,24,10,11,-5,sil
17.851763248443604,15,2,1,-6,-4,-10,-26,0,11,-3,32,22,23,0,sil
17.851763248443604,14,10,9,1,0,-9,-31,-7,-4,-16,17,23,6,6,sil
17.86796545982361,1,17,20,12,2,0,-16,-3,-23,-19,0,2,-13,-7,sil
17.86796545982361,0,14,13,28,10,18,15,5,0,8,0,-4,-4,-5,sil
17.88372230529785,8,5,7,24,15,21,25,3,26,27,-3,6,0,17,sil
17.88372230529785,2,-10,-9,-2,5,7,12,-4,17,15,-19,0,-8,15,sil
17.898760318756104,-11,-24,-24,-21,0,-2,0,-3,2,2,-24,-11,-10,-5,sil
17.898760318756104,-12,-22,-21,-20,-2,-9,0,1,7,0,-14,0,-1,-8,sil
17.914810180664062,-1,-13,-15,-19,-15,-16,-2,-2,6,-5,-5,7,-2,-1,sil
17.914810180664062,5,-4,-7,-23,-22,-21,-13,-5,-17,-25,0,7,-7,-5,sil
17.929843187332153,8,5,2,-11,-6,-17,-10,4,-25,-24,10,11,0,-9,sil
17.929843187332153,6,20,19,15,15,0,2,13,-8,0,13,7,2,-2,sil
17.945960998535156,0,28,21,36,26,20,12,3,-1,6,7,-3,-4,1,sil
17.945960998535156,-1,16,7,30,19,25,21,-1,-1,1,-2,-15,-3,0,sil
17.961817264556885,0,0,3,14,8,23,30,11,15,17,-8,-14,5,3,sil
17.961817264556885,8,3,3,17,6,16,29,17,31,35,0,-3,20,27,sil
17.97783613204956,16,9,4,15,2,-7,11,2,21,14,8,9,29,31,sil
17.97783613204956,9,-1,1,-7,-11,-20,-14,-9,-4,-15,6,9,16,-2,sil
17.993292093276978,-5,-9,-4,-15,-21,-16,-27,-12,-24,-19,7,1,0,-21,sil
17.993292093276978,-10,0,3,2,-17,-16,-26,-8,-35,-19,10,-1,-6,-12,sil
18.00867748260498,-11,0,3,11,-10,-8,-11,-5,-33,-20,0,-9,-13,-7,sil
18.00867748260498,-17,-21,-9,-1,-7,9,2,-4,-11,3,-10,-13,-17,-1,sil
18.023808002471924,-21,-25,-14,-14,-11,7,3,3,18,22,-10,-11,-9,4,sil
18.023808002471924,-11,-9,-21,-17,-11,-11,-8,7,32,1,-4,-7,0,-1,sil
18.0399112701416,10,1,-8,-13,0,-19,-20,0,19,-12,5,11,3,-9,sil
18.0399112701416,17,14,12,0,8,-8,-16,-3,2,3,22,23,8,-8,sil
18.055466413497925,7,23,20,12,13,4,-6,-1,-4,2,16,9,-1,-10,sil
18.055466413497925,0,9,11,14,13,14,-1,-3,-12,-13,-10,-2,-16,-9,sil
18.070995330810547,0,-1,0,13,10,21,11,0,-7,1,-13,-2,-7,2,sil
18.070995330810547,0,2,4,12,13,24,27,8,5,22,-1,0,1,12,sil
18.091981887817383,-1,-5,-2,0,9,17,27,5,7,12,-17,-10,-4,9,sil
18.091981887817383,-2,-26,-20,-28,-2,3,14,-1,8,0,-31,-20,-7,7,sil
18.091981887817383,-8,-30,-22,-53,-12,-2,10,3,23,9,-13,-13,1,12,sil
18.10155296325684,-16,-26,-27,-52,-15,-9,12,6,20,18,-6,-14,5,4,sil
18.117010354995728,-6,-16,-23,-34,-13,-13,3,0,4,6,-17,-13,3,-5,sil
18.117010354995728,8,-3,-10,-24,-6,-10,-10,0,5,-3,-8,0,10,0,sil
18.132643461227417,2,-2,-8,-23,-5,-12,-21,-2,-4,-13,4,4,6,-4,sil
18.132643461227417,-1,13,5,-2,1,-7,-18,-12,-25,-23,12,4,-5,-17,sil
18.148090362548828,9,41,27,26,18,-1,-9,-14,-27,-23,26,17,-2,-14,sil
18.148090362548828,5,38,29,35,15,-9,-13,-8,-29,-26,22,18,-3,-10,sil
18.163644552230835,-2,18,21,43,3,-6,-15,0,-28,-21,11,2,-12,-9,sil
18.163644552230835,0,20,25,56,9,5,-4,2,-15,1,17,6,-4,0,sil
18.179136753082275,-2,23,33,50,12,7,2,0,-14,5,11,14,0,4,sil
18.179136753082275,0,8,19,34,0,6,9,2,-9,-2,-7,1,-2,12,sil
18.194804906845093,12,0,8,29,-7,9,12,13,12,5,-8,0,2,22,sil
18.194804906845093,7,-3,3,26,0,15,12,13,26,16,3,10,12,19,sil
18.21088981628418,0,-15,-8,6,0,12,13,0,25,16,4,0,12,11,sil
18.21088981628418,6,-18,-12,-18,-6,4,14,0,26,15,0,-3,11,12,sil
18.22627854347229,13,-10,-7,-19,-3,4,16,11,33,18,4,9,24,16,sil
18.22627854347229,11,-14,-9,-12,0,1,8,9,27,24,16,17,29,14,sil
18.242289066314697,2,-19,-25,-29,-4,-12,-13,-3,5,15,10,9,11,0,sil
18.242289066314697,0,-12,-26,-36,-8,-22,-24,-9,-4,-3,-2,-2,-2,-13,sil
18.2578353881836,5,-1,0,-20,-2,-16,-13,-1,5,-8,-1,1,1,-9,sil
18.2578353881836,6,2,0,-14,0,-4,-1,-4,4,0,0,7,0,-5,sil
18.27359437942505,-1,7,-9,-19,-5,-1,-7,-13,-16,-13,-9,-3,-20,-17,sil
18.27359437942505,-6,9,8,-6,-8,-10,-17,-10,-31,-34,-17,-18,-28,-22,sil
18.288727045059204,-16,5,6,8,-4,-4,-11,-8,-30,-22,-26,-26,-23,-16,sil
18.288727045059204,-27,1,-9,3,-3,18,4,-5,-23,2,-37,-31,-26,-12,sil
18.30397081375122,-25,0,-11,0,-4,19,16,3,-11,2,-34,-34,-23,-11,sil
18.30397081375122,-17,-8,-5,7,0,4,13,7,-2,-3,-24,-30,-13,-3,sil
18.319957733154297,-9,-13,0,6,5,10,8,6,1,8,-15,-18,-8,10,sil
18.33630418777465,0,-14,-2,-7,7,11,7,5,11,17,-3,-8,-1,16,sil
18.33630418777465,-5,-18,-7,-24,8,-7,1,5,15,5,5,4,0,4,sil
18.351029634475708,-6,-17,-11,-20,6,-10,0,6,16,3,18,15,6,0,sil
18.351029634475708,6,-3,-1,-7,6,0,3,7,23,13,32,19,19,4,sil
18.351029634475708,18,9,11,0,6,-7,-1,0,15,5,40,25,21,-1,sil
18.366114616394043,16,11,7,-1,3,-21,-13,-5,-6,-16,37,28,16,-12,sil
18.366114616394043,14,14,5,-5,-6,-20,-25,-9,-18,-32,24,24,12,-9,sil
18.3816785812378,14,19,11,4,-8,-5,-23,-7,-10,-26,17,23,9,0,sil
18.397881746292114,17,26,21,23,2,3,-12,-1,-3,-16,22,28,10,6,sil
18.397881746292114,15,30,27,29,5,3,-6,2,-10,-11,13,19,10,11,sil
18.397881746292114,1,20,14,29,0,2,3,0,-17,0,-3,-1,0,8,sil
18.41327691078186,-7,8,10,31,6,10,16,-3,-10,12,-10,-7,-9,8,sil
18.4280812740326,1,7,10,31,8,15,19,-2,0,10,-14,-11,-5,10,sil
18.4280812740326,3,4,0,18,0,12,16,0,0,4,-17,-16,-1,3,sil
18.44362735748291,-10,-8,-8,0,-2,13,20,2,-4,12,-9,-10,-4,-1,sil
18.44362735748291,-9,-16,-5,-1,-1,9,23,4,8,22,-1,-4,0,9,sil
18.45895504951477,5,-12,2,5,-2,3,17,9,24,25,-7,-2,6,22,sil
18.45895504951477,4,-9,-7,-8,-1,13,9,7,23,22,-22,-9,1,14,sil
18.474900245666504,-7,-16,-23,-21,0,17,0,2,14,14,-28,-20,-6,-1,sil
18.474900245666504,-11,-18,-8,-15,0,0,1,3,14,8,-17,-19,-1,-2,sil
18.490264892578125,-8,-17,-10,-20,0,-13,0,0,6,5,-10,-14,3,-3,sil
18.490264892578125,-14,-23,-29,-36,-7,-13,-20,-7,-15,-7,-16,-19,-11,-20,sil
18.506160736083984,-21,-19,-24,-29,-11,-7,-25,-7,-15,-18,-16,-22,-23,-33,sil
18.506160736083984,-19,-5,-12,-15,-4,-5,-10,-2,2,-17,-7,-15,-15,-28,sil
18.520918607711792,-12,-4,-11,-18,-7,-8,-11,0,-1,-13,-3,-2,-10,-19,sil
18.520918607711792,1,-5,-8,-11,-11,-13,-14,-6,-15,-5,2,9,-7,-11,sil
18.537011861801147,18,8,14,8,-1,-13,-7,-6,-4,0,17,24,6,3,sil
18.537011861801147,23,16,24,16,5,-5,0,5,16,-2,27,30,19,17,sil
18.55275559425354,12,6,2,1,0,0,5,4,15,-3,21,17,15,12,sil
18.55275559425354,8,2,6,-6,1,2,9,-1,1,-6,20,25,11,7,sil
18.56784009933472,18,13,25,11,10,0,6,-1,-2,0,30,39,20,19,sil
18.56784009933472,17,16,19,24,7,-11,-5,-3,-3,4,20,18,12,18,sil
18.58383274078369,3,12,6,13,2,-13,-14,-2,-9,-8,10,-2,-4,0,sil
18.58383274078369,-7,10,2,6,4,-5,-7,0,-13,-17,10,-1,-4,-3,sil
18.59870767593384,-13,12,3,8,0,-3,-5,-3,-20,-14,-4,-4,-3,-6,sil
18.59870767593384,-6,13,3,17,-2,-4,-12,-2,-11,-13,-6,-8,-3,-13,sil
18.61469340324402,7,18,9,26,6,0,-9,2,5,-4,12,6,0,-4,sil
18.61469340324402,13,24,16,20,13,11,-1,-1,0,2,10,14,1,5,sil
18.629839658737183,9,15,7,11,10,22,4,-2,-8,-1,-4,1,3,6,sil
18.629839658737183,0,-1,-2,10,8,23,18,8,4,0,-7,-8,3,11,sil
18.64593625068665,-8,-17,-15,-1,0,18,30,14,8,11,-12,-15,-3,8,sil
18.64593625068665,-21,-30,-27,-25,-14,10,21,5,-8,1,-27,-28,-21,-12,sil
18.661105394363403,-30,-35,-25,-36,-17,5,5,-3,-16,-15,-37,-39,-30,-28,sil
18.661105394363403,-21,-29,-16,-28,-7,4,4,0,0,4,-27,-33,-17,-16,sil
18.67664670944214,-3,-19,0,-17,-4,1,7,6,15,37,-10,-12,-3,2,sil
18.67664670944214,0,-9,2,-7,-7,-2,1,2,8,28,-9,-5,0,1,sil
18.691885471344,0,5,4,3,-1,1,-1,-3,0,12,-8,0,10,0,sil
18.691885471344,9,13,15,11,10,11,3,1,13,37,6,15,17,15,sil
18.707923412323,8,-1,3,4,8,0,4,5,22,37,7,12,13,18,sil
18.707923412323,0,-12,-6,-5,0,-13,-4,0,13,-3,-3,-2,7,5,sil
18.72360348701477,2,0,-2,1,2,-5,0,-1,12,-7,2,-1,10,6,sil
18.72360348701477,8,7,1,11,7,-4,0,0,14,10,16,10,11,9,sil
18.73861837387085,6,0,2,5,-2,-13,-10,0,1,-6,16,19,7,1,sil
18.73861837387085,3,0,-2,-1,-7,-11,-6,-3,-1,-24,13,16,6,0,sil
18.75419235229492,5,5,-2,-2,-2,-5,0,-5,0,-22,12,13,4,0,sil
18.75419235229492,8,7,-4,-3,-3,-7,-8,-6,-7,-23,8,8,1,-7,sil
18.769536018371586,1,4,-11,-12,-8,-21,-22,-9,-23,-38,0,1,-9,-17,sil
18.785054206848145,-3,5,0,-15,-2,-21,-18,-4,-26,-44,-4,2,-24,-13,sil
18.785054206848145,2,12,10,-1,5,-1,0,-2,-14,-18,4,8,-20,0,sil
18.785054206848145,3,9,6,6,4,-1,0,-7,-8,-3,5,7,-6,1,sil
18.801124572753903,-2,-1,0,-1,-1,-11,-11,-6,-5,-15,2,1,0,-10,sil
18.801124572753903,-6,-3,3,-11,-6,2,-6,0,0,-4,8,0,4,-9,sil
18.816674947738647,-5,2,7,-6,-5,19,0,8,3,24,2,-1,3,0,sil
18.816674947738647,1,6,0,12,1,14,0,11,11,20,-10,-9,0,-4,sil
18.83189296722412,8,9,5,22,10,14,5,10,21,8,-10,-12,-1,1,sil
18.84778308868408,3,5,11,8,8,19,14,7,9,20,0,-5,2,17,sil
18.84778308868408,-6,-3,-1,4,0,8,12,-1,-7,23,1,-9,3,8,sil
18.84778308868408,-5,0,0,19,3,5,15,-3,-11,6,-1,-8,-5,-2,sil
18.86358571052552,-2,5,4,23,10,14,25,2,-7,2,-7,-7,-7,2,sil
18.879928588867188,-10,-10,-6,4,1,6,11,1,-9,10,-16,-14,-3,1,sil
18.879928588867188,-17,-22,-12,-8,-9,-3,-5,-1,-5,13,-10,-8,1,-1,sil
18.879928588867188,-8,-7,-3,-7,-1,4,0,0,7,11,7,9,14,10,sil
18.894968509674072,8,0,9,2,8,5,2,0,11,1,6,15,12,12,sil
18.894968509674072,11,-12,1,8,2,-4,-8,-3,4,-3,-5,3,1,1,sil
18.90978598594665,-5,-17,-7,-3,-9,-12,-11,-6,2,2,0,2,8,4,sil
18.92505431175232,-4,-1,-1,-15,-14,-13,-2,1,8,5,11,9,21,10,sil
18.92505431175232,14,3,0,-11,-9,-12,-2,9,6,-3,8,10,10,5,sil
18.94066333770752,14,1,-4,-9,-1,-8,-10,8,0,-11,10,13,4,0,sil
18.94066333770752,4,6,-4,-7,0,-4,-2,5,3,-5,13,5,11,-1,sil
18.956247806549072,8,10,2,-1,0,-8,6,2,1,-12,-1,-4,0,-8,sil
18.956247806549072,10,6,6,-4,1,-13,-6,-6,-9,-25,-2,1,-12,-14,sil
19.392676830291748,-11,-8,-7,9,16,16,25,10,23,11,-7,-11,-32,2,sil
19.392676830291748,-4,-4,-6,3,9,10,17,11,22,19,-3,-5,-19,-2,sil
19.40888285636902,0,4,0,12,7,3,12,6,10,17,0,-4,-20,0,sil
19.40888285636902,-1,6,3,15,9,12,15,-1,-5,12,-2,-3,-16,10,sil
19.424896955490112,-6,-4,-5,1,7,22,25,2,-5,8,-1,-3,-3,12,sil
19.424896955490112,-3,-11,-1,-6,0,15,24,6,4,8,0,-4,2,6,sil
19.44060444831848,-2,-4,0,-7,-4,6,13,-1,7,8,-5,-4,4,0,sil
19.44060444831848,-9,-5,-13,-14,0,7,11,-1,4,5,-10,-4,10,-1,sil
19.455670833587646,-9,-13,-11,-20,-1,8,17,8,6,1,-12,-3,10,0,sil
19.455670833587646,-5,-14,-5,-8,-11,0,13,6,11,-1,-21,-7,8,1,sil
19.471582889556885,-7,-15,-8,-7,-14,-8,-4,-3,2,-9,-23,-5,6,-1,sil
19.471582889556885,-10,-21,-14,-23,-13,-16,-23,-7,-13,-18,-17,-7,0,-12,sil
19.48659634590149,-7,-16,-14,-19,-16,-19,-27,-8,-12,-11,-12,-6,0,-7,sil
19.48659634590149,7,-3,5,-3,-13,-7,-16,0,6,12,1,14,17,21,sil
19.50234961509705,17,0,6,-2,-4,-1,-9,2,16,18,9,16,24,25,sil
19.50234961509705,8,-2,-6,-9,-3,-12,-19,-3,4,-5,0,-4,10,0,sil
19.517016887664795,9,-1,2,-8,-4,-9,-10,3,2,-4,9,7,9,0,sil
19.532665252685547,26,13,17,2,7,1,9,16,13,15,28,32,25,19,sil
19.532665252685547,19,24,13,10,9,-4,1,4,3,5,24,22,17,3,sil
19.547792434692383,0,12,1,1,-1,-11,-12,-11,-14,-7,16,0,0,-16,sil
19.547792434692383,-5,0,-4,-9,-2,-6,-10,-10,-11,-7,14,-4,-3,-6,sil
19.56490111351013,-7,2,-9,-6,6,-2,-11,-7,-9,-21,2,-6,0,-5,sil
19.56490111351013,-3,2,-11,-1,3,-5,-21,-11,-18,-25,1,-7,-5,-15,sil
19.57955312728882,4,4,10,7,2,-5,-21,-12,-18,-11,9,-2,-9,-12,sil
19.57955312728882,1,19,17,24,10,0,-7,-8,-12,-10,3,-3,-8,-11,sil
19.596964836120605,-4,23,3,25,10,3,7,0,-8,-10,-5,-2,-10,-15,sil
19.596964836120605,0,14,9,18,6,5,13,13,3,4,3,3,-6,-7,sil
19.596964836120605,4,13,21,29,10,20,24,15,17,12,14,1,1,2,sil
19.610578060150143,4,17,18,39,15,35,38,13,19,16,1,3,1,11,sil
19.626675367355347,3,8,3,21,12,26,34,12,15,29,-5,2,5,17,sil
19.626675367355347,-1,-8,-6,-1,1,4,17,5,6,22,-9,-10,4,12,sil
19.641801834106445,-13,-19,-7,-5,-9,1,10,0,1,1,-30,-16,-14,4,sil
19.641801834106445,-13,-21,-16,-7,-11,6,8,1,8,8,-29,-8,-11,7,sil
19.657928228378296,-3,-17,-18,-22,-6,-5,0,0,11,20,-3,0,12,10,sil
19.658790588378903,0,-20,-13,-26,-9,-22,-10,-4,12,3,-3,6,13,9,sil
19.67304563522339,1,-24,-7,-30,-18,-28,-20,-7,12,-15,-3,17,3,9,sil
19.67304563522339,9,-8,6,-28,-14,-18,-23,-9,-9,-13,25,25,7,3,sil
19.68880200386048,8,12,9,-2,1,-1,-6,-10,-34,-10,26,11,0,-3,sil
19.689223527908325,0,10,4,10,11,4,4,-6,-36,-16,-7,-8,-20,-8,sil
19.70388698577881,-7,1,1,4,11,10,5,-3,-25,-13,-13,-11,-19,-7,sil
19.70388698577881,-17,-4,-6,-2,1,14,1,-6,-16,-3,-9,-14,-11,-6,sil
19.72005605697632,-22,-20,-12,-16,-12,1,-11,-4,-8,0,-28,-24,-20,-16,sil
19.72005605697632,-11,-23,-19,-20,-11,-5,-15,5,15,4,-22,-21,-13,-16,sil
19.735690355300903,9,0,-3,-2,7,5,4,19,50,12,11,2,12,2,sil
19.735690355300903,19,11,11,4,11,3,7,17,50,10,16,12,23,7,sil
19.75166654586792,13,7,3,-1,-7,-19,-17,-2,6,-4,-1,-1,11,-5,sil
19.75166654586792,12,15,1,0,-13,-23,-25,-10,-22,-19,7,4,6,-9,sil
19.76777029037476,8,21,9,9,1,-4,0,-3,-15,-14,24,17,10,-3,sil
19.76777029037476,-2,11,12,21,14,7,11,0,-12,-5,11,-1,0,-3,sil
19.7833309173584,-5,5,7,23,11,12,6,4,-11,0,4,-17,-6,-3,sil
19.7833309173584,-7,1,-4,8,1,13,3,2,2,9,12,-3,2,0,sil
19.79863405227661,-18,-4,-1,1,-5,8,7,1,11,13,0,4,0,1,sil
19.79863405227661,-9,0,2,13,-6,5,16,7,10,15,-17,-5,-12,6,sil
19.814022541046143,3,0,-2,7,-2,2,19,6,11,18,-13,-4,-9,16,sil
19.814022541046143,-4,-10,-15,-19,-6,-4,9,-5,6,9,-8,0,1,13,sil
19.82958602905273,-3,-12,-19,-23,-9,-13,-4,-11,-5,-3,-2,3,10,5,sil
19.82958602905273,13,3,0,-2,0,-9,-7,0,-6,-7,7,19,16,9,sil
19.84516334533692,21,8,9,3,4,0,2,1,3,-4,11,24,19,11,sil
19.84516334533692,13,-3,0,-11,0,-5,-2,-8,-6,-12,6,5,7,-5,sil
19.86026668548584,1,0,0,-16,0,-16,-22,-11,-22,-27,1,-2,-9,-17,sil
19.86026668548584,6,13,8,6,11,-7,-20,-4,-12,-18,9,9,-11,-7,sil
19.875986337661743,22,16,26,28,14,6,-6,0,0,5,20,22,-5,3,sil
19.875986337661743,13,16,25,28,11,10,-6,1,0,14,13,8,-4,2,sil
19.89172124862671,-10,7,6,12,6,8,-7,4,-1,17,0,-10,-1,0,sil
19.89172124862671,-15,-9,0,7,1,15,5,4,0,29,-1,-7,4,5,sil
19.9077308177948,-11,-14,-2,12,0,23,21,6,6,24,-7,-9,2,10,sil
19.9077308177948,-23,-12,-15,-1,-4,14,20,12,10,8,-19,-23,-7,1,sil
19.92298531532288,-26,-23,-23,-27,-10,1,14,8,11,8,-18,-25,-5,-3,sil
19.92298531532288,-9,-29,-18,-31,-10,-1,9,0,14,-2,-18,-14,4,0,sil
19.938878059387207,5,-10,-3,-16,-3,-5,4,0,6,-27,-18,-1,1,-2,sil
19.938878059387207,9,6,-2,-9,0,-13,-1,-2,-10,-27,-8,6,-7,-14,sil
19.95413851737976,5,6,-8,-22,-1,-16,-9,-5,-8,-13,1,9,-3,-15,sil
19.95413851737976,10,10,3,-15,0,-17,-9,0,6,-10,15,12,13,0,sil
19.969940185546875,20,26,26,17,10,-8,0,-1,0,-10,22,12,15,3,sil
19.969940185546875,2,21,18,24,11,1,-1,-14,-25,-13,0,-1,-13,-14,sil
19.98509120941162,-32,-8,-16,2,-5,0,-11,-11,-24,-15,-23,-26,-35,-27,sil
19.98509120941162,-40,-21,-22,2,-8,2,-6,0,0,-4,-25,-34,-27,-17,sil
20.00082945823669,-14,-12,-7,11,4,22,11,3,14,12,-11,-20,-6,1,sil
20.00082945823669,4,-11,-7,-1,-2,20,14,6,20,24,0,-4,2,14,sil
20.016451120376587,1,-13,-9,-11,-20,0,-3,7,24,29,-3,-4,0,13,sil
20.016451120376587,1,-7,-7,-2,-18,-15,-13,4,16,15,-7,1,0,9,sil
20.03228211402893,16,1,3,-2,-8,-15,-10,4,6,-1,16,29,16,18,sil
20.03228211402893,27,10,14,-3,-3,-8,-6,5,4,0,42,44,31,25,sil
20.04782199859619,27,21,16,8,1,-9,-7,1,-1,0,40,37,29,16,sil
20.04782199859619,27,29,22,17,7,-12,-7,0,-10,-8,30,33,18,9,sil
20.06303644180298,20,21,16,11,13,-5,-1,-4,-10,0,32,18,14,4,sil
20.06303644180298,4,12,14,7,16,0,-2,-7,-18,5,20,0,11,-5,sil
20.07884168624878,-3,14,16,15,13,3,-4,-5,-31,-2,-4,-4,0,-9,sil
20.07884168624878,-8,9,3,17,8,10,3,-10,-27,-6,-13,-13,-7,-8,sil
20.098918199539185,-15,-3,-4,3,9,21,10,-11,-14,-9,-9,-13,-11,-13,sil
20.098918199539185,-14,-11,-6,0,8,23,12,-1,-4,-12,-19,-11,-15,-12,sil
20.11154127120972,-7,-15,-11,0,0,14,13,5,4,0,-30,-15,-21,-3,sil
20.11154127120972,-5,-16,-10,-9,0,11,22,9,13,11,-25,-16,-14,2,sil
20.12487959861756,-5,-11,-10,-9,6,10,27,13,15,11,-16,-10,0,0,sil
20.12487959861756,-8,-12,-12,-11,2,-1,12,8,13,16,-14,-8,0,0,sil
20.140265464782715,-21,-22,-24,-27,-10,-6,-2,-2,15,11,-23,-21,-14,-3,sil
20.140265464782715,-28,-25,-25,-31,-12,-7,-3,-3,14,-8,-29,-31,-23,-12,sil
20.15607738494873,-19,-17,-12,-25,-6,-11,-4,1,18,-3,-9,-15,-8,-10,sil
20.15607738494873,-7,-17,-15,-27,-11,-14,-11,0,23,2,5,1,5,1,sil
20.17162251472473,4,-10,-5,-22,-18,-15,-20,-7,5,-23,-5,1,0,3,sil
20.17262029647827,20,16,11,2,-10,-15,-18,0,-8,-23,2,10,5,0,sil
20.1870059967041,28,30,21,21,0,-9,-11,6,-1,6,30,27,21,3,sil
20.1870059967041,24,24,25,17,0,-5,-7,0,-8,0,33,27,15,5,sil
20.20289945602417,18,22,19,10,0,-9,-4,-5,-22,-18,20,12,4,0,sil
20.20289945602417,12,21,14,14,10,-5,-6,-2,-18,-7,16,10,0,-1,sil
20.217914581298828,3,14,16,24,10,6,-1,-1,-9,3,15,9,0,4,sil
20.23400855064392,-8,6,11,26,1,12,5,-3,-9,0,1,-3,-2,2,sil
20.23400855064392,-13,-1,3,21,0,17,5,0,-4,8,-12,-10,-10,0,sil
20.25009632110596,-7,-4,0,24,0,25,9,1,9,21,-1,-2,-12,8,sil
20.25009632110596,0,0,8,24,0,22,16,3,14,19,10,7,-3,19,sil
20.266175270080566,7,0,11,19,5,12,16,5,18,17,2,9,11,17,sil
20.266175270080566,19,-8,-1,6,7,0,4,6,21,20,2,13,24,11,sil
20.266175270080566,14,-14,-5,-8,-2,-7,-7,2,5,2,8,16,22,5,sil
20.281599044799805,0,-11,-5,-14,-10,-9,-4,-2,-8,-19,6,10,13,-1,sil
20.281599044799805,-3,-1,-11,-15,-3,-15,-6,0,-2,-19,7,7,11,-6,sil
20.29775762557984,-2,4,-14,-16,0,-22,-10,0,-4,-12,5,3,7,-7,sil
20.29775762557984,-7,5,-9,-11,0,-10,0,-7,-21,-16,-4,-7,-5,-12,sil
20.31288385391236,-11,2,0,-7,0,2,6,-11,-21,-12,-14,-16,-16,-15,sil
20.328012943267822,-12,-9,-10,-15,6,0,-2,-7,-14,0,-23,-24,-22,-15,sil
20.328012943267822,-14,-10,-14,-22,7,-5,-11,0,-17,0,-24,-27,-27,-15,sil
20.344854593276978,-10,0,-5,-16,2,0,-6,8,-5,-7,-13,-19,-17,-15,sil
20.344854593276978,-7,-1,-11,-15,0,2,0,0,7,-1,-11,-16,-4,-13,sil
20.358914375305176,-7,-7,-13,-20,3,6,2,-8,3,5,-17,-14,-4,-2,sil
20.358914375305176,-2,0,-9,-19,10,9,15,1,8,12,-4,-12,0,9,sil
20.37500905990601,-2,0,-4,-21,0,1,15,8,18,15,2,-9,8,7,sil
20.37500905990601,-9,-8,-5,-21,-11,-2,3,2,18,13,-8,-9,0,0,sil
20.390371799469,-5,-1,-6,-1,0,4,1,3,17,10,-11,-7,-9,8,sil
20.390371799469,7,9,8,16,9,5,3,5,12,5,4,4,-7,14,sil
20.40623140335083,9,7,16,22,-3,-2,-2,-1,1,-1,16,17,-3,4,sil
20.40623140335083,5,1,14,28,-7,0,-10,-2,-3,-9,16,21,-3,-2,sil
20.4210216999054,8,1,17,31,0,9,-4,0,-1,-2,19,26,13,1,sil
20.4210216999054,7,2,14,25,-7,0,0,-3,-3,8,19,27,29,5,sil
20.4365451335907,3,0,8,19,-21,-8,-4,-6,-12,-2,8,15,10,2,sil
20.4365451335907,17,2,10,23,-13,-4,-5,1,-13,-18,6,6,-2,6,sil
20.45255947113037,26,9,21,25,0,-1,-2,8,-5,-9,6,12,4,10,sil
20.45255947113037,11,8,16,16,2,4,5,2,-2,-1,1,7,2,3,sil
20.46799397468567,0,-1,-4,4,2,6,8,-3,-3,-5,2,-6,-4,0,sil
20.46799397468567,1,-5,-3,-1,7,-5,0,1,-3,-7,0,-3,-2,3,sil
20.4841091632843,4,-1,-3,-5,5,-7,0,4,0,-8,-15,1,-4,0,sil
20.4841091632843,0,0,-11,-12,-2,0,5,0,0,-14,-15,-3,-6,-4,sil
20.49971437454224,-9,-3,-8,-18,0,5,3,0,1,-1,-3,-6,0,-6,sil
20.49971437454224,-15,0,-6,-13,12,12,7,0,8,22,0,-4,8,-2,sil
20.514873504638672,-5,11,3,2,10,11,3,1,16,28,13,1,25,4,sil
20.514873504638672,-2,11,6,2,5,-4,-14,1,19,22,29,4,36,5,sil
20.53097915649414,-17,-7,-9,-18,8,-10,-25,-5,7,12,14,-5,12,-3,sil
20.53097915649414,-18,-14,-12,-21,2,0,-9,-5,-4,0,-9,-12,-18,-11,sil
20.54668951034546,-3,-3,-8,-11,-5,-7,9,0,-3,-3,-11,-12,-23,-9,sil
20.54668951034546,-1,-6,-10,-24,-8,-22,2,-1,-4,-6,-17,-13,-21,-10,sil
20.562487840652462,-5,-17,-15,-33,-12,-20,-12,-9,-11,-11,-25,-11,-18,-14,sil
20.562487840652462,4,-7,-7,-11,-11,-7,-10,-6,-12,-10,-11,1,-1,-7,sil
20.57797122001648,9,11,8,7,0,0,0,1,-5,-7,0,12,7,5,sil
20.57797122001648,7,14,10,15,3,4,5,-1,0,-1,0,7,2,10,sil
20.59334826469421,16,9,15,19,2,5,7,-5,-2,-1,6,11,5,17,sil
20.59334826469421,24,8,16,21,8,8,13,3,-9,-3,16,16,12,22,sil
20.608922481536865,9,5,0,17,11,6,6,7,-14,1,11,1,1,5,sil
20.608922481536865,-8,0,-2,8,3,7,-4,1,-13,2,-3,-9,-15,-9,sil
20.62408375740052,-9,0,2,3,1,18,4,8,7,2,-7,-8,-14,-10,sil
20.62408375740052,-9,0,0,-4,0,12,10,12,26,4,-6,-11,-8,-12,sil
20.639973402023315,-16,-10,-17,-20,-16,-11,-7,-1,8,-3,-13,-17,-18,-19,sil
20.639973402023315,-20,-15,-22,-21,-21,-15,-15,-11,-12,-11,-13,-20,-24,-18,sil
20.65487813949585,-12,0,-3,0,2,14,0,0,0,6,0,-8,-7,-6,sil
20.65487813949585,0,5,7,16,17,31,22,9,15,20,5,0,6,2,sil
20.67090058326721,0,-1,3,15,4,11,23,4,9,-1,0,0,0,2,sil
20.67090058326721,-1,-3,-3,6,-5,0,10,0,2,-12,1,0,-2,4,sil
20.686973333358765,2,0,-3,2,-4,3,5,0,4,1,3,3,8,11,sil
20.686973333358765,2,-1,5,1,1,-1,2,-3,-3,1,-2,6,12,9,sil
20.702663898468018,2,-6,2,5,5,-12,-6,-6,-10,-6,-1,1,9,6,sil
20.702663898468018,14,-2,0,8,4,-10,-9,-4,-5,-3,0,5,11,13,sil
20.71783232688904,18,1,8,1,-2,-7,-4,-1,2,12,0,17,21,20,sil
20.71783232688904,7,-3,3,-8,-8,-14,-11,-4,11,22,10,20,28,20,sil
20.73386597633361,10,-2,1,1,0,-10,-23,0,15,14,20,20,26,18,sil
20.73386597633361,16,7,7,10,4,-2,-18,3,13,7,21,22,26,16,sil
20.749983310699463,5,0,2,-14,-10,-16,-16,0,0,-1,12,13,15,1,sil
20.749983310699463,0,-5,2,-25,-13,-17,-10,1,-5,-9,2,0,-1,-12,sil
20.765541553497314,3,7,7,-6,5,1,7,13,6,9,10,0,1,-10,sil
20.765541553497314,-4,10,7,-12,2,0,12,9,6,11,14,0,0,-14,sil
20.780929565429688,-11,3,-1,-18,-5,-7,7,-7,-9,-23,-4,-8,-20,-27,sil
20.780929565429688,-6,6,-2,1,5,5,6,-9,-16,-30,-12,-9,-26,-22,sil
20.79698395729065,-6,10,1,10,9,13,3,-1,-16,-14,0,-2,-15,-14,sil
20.79698395729065,0,14,4,8,4,4,2,-3,-18,-19,-2,-8,-13,-8,sil
20.81255006790161,9,14,10,11,8,-2,1,-2,-17,-26,-12,-7,-15,3,please
20.81255006790161,2,4,-5,9,5,-1,0,0,-11,-5,-8,0,-10,5,please
20.82791018486023,-6,-4,-19,2,0,8,0,-3,-8,4,-16,-4,-14,-6,please
20.82791018486023,-1,-8,0,3,3,13,-3,-4,-8,-5,-23,-15,-22,-3,please
20.84334826469421,-1,-5,6,16,12,4,-10,-4,-3,-5,-4,-17,-16,4,please
20.84334826469421,-12,0,1,19,11,3,-9,-7,-3,8,1,-9,-8,1,please
20.85853695869445,-16,-8,-3,7,-1,10,4,-3,-1,13,-9,-4,-4,-6,please
20.85853695869445,-14,-20,-18,-1,-10,11,15,6,13,9,-10,-12,-5,-7,please
20.87406277656555,-19,-13,-20,-11,-1,17,15,15,20,14,-11,-23,-8,-5,please
20.87406277656555,-19,-5,-17,-18,-2,16,13,12,15,19,-15,-21,-1,-3,please
20.88971352577209,-7,-8,-10,-9,-14,2,12,5,11,13,-5,-1,8,1,please
20.88971352577209,4,-5,2,0,-13,-2,11,3,13,18,9,12,15,14,please
20.90474224090576,9,0,3,-7,-11,-9,2,2,16,23,15,13,26,24,please
20.90474224090576,12,0,1,-13,-14,-12,0,9,25,16,15,13,36,25,please
20.919955492019653,18,0,3,-4,-4,0,7,8,33,18,10,16,30,21,please
20.919955492019653,19,1,3,-3,4,-1,4,-6,18,15,0,17,12,11,please
20.93596601486206,9,0,-3,-7,5,-7,-7,-13,-6,-12,-13,7,0,-6,please
20.93596601486206,0,-4,-5,-9,4,1,-8,-8,-19,-34,-10,0,-2,-13,please
20.952021837234497,2,-7,4,-6,-1,0,-12,-8,-20,-16,13,11,1,-2,please
20.952021837234497,11,0,7,0,-3,-24,-20,-6,-22,0,30,21,13,2,please
20.967708587646484,21,13,16,13,10,-26,-24,2,-18,-12,27,19,19,2,please
20.967708587646484,21,18,26,22,11,-5,-18,6,0,-17,29,24,20,6,please
20.982924461364743,7,16,18,16,0,-4,-12,1,4,-1,31,21,16,4,please
20.99797463417053,0,21,14,13,9,-15,-12,0,-9,-6,18,6,2,-2,please
20.99797463417053,-1,22,6,21,24,-6,3,2,-12,-17,0,-11,-15,-7,please
21.01364302635193,-16,5,0,9,12,9,20,0,-2,-11,-20,-28,-33,-12,please
21.01364302635193,-22,-11,0,-4,0,9,14,-2,-3,-8,-25,-26,-33,-11,please
21.028940439224243,-13,-12,-6,-9,-1,0,0,-5,-10,-12,-15,-11,-21,-4,please
21.028940439224243,-12,-10,-15,-19,-3,0,-3,-6,-16,-14,-15,-12,-22,-15,please
21.044017553329468,-10,-7,-13,-13,-3,7,2,0,-8,-6,-18,-16,-24,-23,please
21.044017553329468,7,2,2,8,-1,9,2,4,5,9,-8,2,-4,0,please
21.05919361114502,13,6,10,4,-10,5,-1,1,10,11,-3,11,8,15,please
21.05919361114502,-3,-3,-4,-8,-17,3,0,-7,5,1,-14,-7,-5,-5,please
21.074870347976685,-25,-5,-15,-2,-6,7,4,-7,-2,0,-23,-23,-19,-18,please
21.074870347976685,-28,-5,-16,1,-2,11,7,-3,-5,14,-17,-21,-10,-9,please
21.090033769607544,-7,-8,-10,-8,-9,5,10,0,2,20,-4,-7,3,0,please
21.090033769607544,12,-2,-1,-5,-5,7,9,8,15,20,10,3,13,11,please
21.106120347976685,8,0,-2,3,0,11,8,8,19,13,8,-2,15,12,please
21.106120347976685,-8,-5,-2,0,0,2,3,0,9,0,-11,-9,-1,0,please
21.121763706207275,-3,-5,-1,0,5,0,0,3,-4,2,-5,0,-7,3,please
21.121763706207275,15,-2,-1,-1,5,2,-1,11,0,11,25,18,16,25,please
21.136895418167114,17,0,5,-4,3,2,6,6,14,10,26,29,26,25,please
21.136895418167114,12,5,4,8,11,5,12,4,24,14,7,11,12,16,please
21.152764797210693,6,-5,-1,6,8,3,6,11,17,15,-1,0,8,10,please
21.152764797210693,-5,-15,-7,-19,-6,-11,4,2,3,-9,-4,2,11,-1,please
21.16778421401977,-13,-2,-6,-15,-5,-16,-1,-7,-8,-28,-4,0,1,-16,please
21.16778421401977,-10,3,-5,1,-2,-13,-20,-7,-14,-16,-5,-8,-8,-19,please
21.18372750282288,-4,-2,-6,-3,-8,-19,-24,-6,-16,-13,-5,-3,-5,-11,please
21.18372750282288,7,10,10,0,0,-8,-11,-6,-11,-19,10,15,6,0,please
21.19866156578064,19,25,21,20,8,4,-8,-3,-2,0,24,24,15,5,please
21.19866156578064,11,10,10,15,1,-8,-14,-1,-5,9,12,10,6,1,please
21.21439480781555,0,0,11,0,-2,-13,-8,0,-5,-10,2,-1,-5,-6,please
21.21439480781555,7,5,13,6,0,4,7,1,7,-9,9,1,0,-2,please
21.23046064376831,12,4,6,10,0,2,7,0,0,0,4,1,0,3,please
21.23046064376831,1,0,0,6,1,-7,-3,-3,-18,-2,0,-4,-2,0,please
22.79992699623108,0,0,-9,1,0,12,7,0,5,0,-12,-8,-6,4,please
22.79992699623108,-1,-1,-5,0,-4,1,1,-1,0,10,-9,-9,-7,2,please
22.815966606140137,-4,-1,3,-1,-2,2,-1,-1,3,23,0,7,9,11,please
22.815966606140137,-8,0,0,-5,0,4,4,-2,-1,7,-2,7,6,3,please
22.8318510055542,-14,-7,-11,-16,-1,3,9,-1,-7,-10,-7,-10,-12,-8,please
22.8318510055542,-13,-16,-17,-20,-8,1,10,1,-2,0,0,-13,-3,-2,please
22.84694504737854,-3,-12,-7,-10,-7,-5,11,3,3,19,4,0,13,3,please
22.84694504737854,2,-1,3,0,0,-3,14,0,7,19,2,9,9,1,please
22.8626651763916,13,4,11,17,3,5,9,1,14,23,12,13,12,9,please
22.8626651763916,22,8,23,31,4,3,-1,5,17,23,17,19,20,16,please
22.87765121459961,14,7,14,24,4,-1,-4,3,16,13,8,9,12,3,please
22.87765121459961,4,5,3,6,9,-2,-2,-2,13,1,2,0,2,-2,please
22.89293456077576,6,2,7,4,5,-2,-6,-4,-2,-5,-3,1,-2,0,please
22.89293456077576,1,-3,0,4,-6,-9,-7,-3,-21,-17,-11,-1,-9,-1,please
22.90877342224121,-5,-4,-4,-10,-5,-11,-7,-4,-19,-26,-10,-6,-12,-4,please
22.90877342224121,-6,-3,-4,-15,2,-6,-5,-5,-6,-19,-12,-7,-13,-12,please
22.92393493652344,-8,-5,-10,-10,0,0,-6,-2,-5,-16,-10,-3,-13,-17,please
22.92393493652344,-6,0,-4,-6,-5,0,-10,2,-5,-17,3,6,0,0,please
22.93998646736145,0,5,-7,-7,-3,-16,-13,-1,-6,-10,7,3,8,10,please
22.93998646736145,0,0,-15,-16,-9,-29,-21,-2,-16,-6,-2,-3,0,-4,please
22.955677032470703,-3,-2,-15,-15,-16,-16,-16,2,0,-4,1,3,6,-5,please
22.955677032470703,0,-1,-13,-9,-10,-4,-5,2,24,-2,16,10,16,5,please
22.97098040580749,11,-1,-6,-15,0,-4,0,7,23,-6,14,4,5,0,please
22.97098040580749,15,1,2,-12,2,0,2,10,6,-13,9,-1,0,-13,please
22.98648977279663,4,14,16,13,15,9,4,1,-13,-10,11,2,0,-12,please
22.98648977279663,0,20,20,29,29,24,11,-9,-27,6,5,0,-4,-6,please
23.00213599205017,0,8,14,22,23,30,22,-8,-25,16,-5,-14,-10,-4,please
23.00213599205017,-7,2,15,20,6,21,14,-4,-16,9,-8,-15,-17,-3,please
23.017900943756104,-16,8,10,26,4,7,-1,-8,-4,12,-9,-6,-23,-1,please
23.017900943756104,-22,0,0,14,3,1,-8,-8,-3,4,-23,-14,-30,-6,please
23.03290724754333,-23,-19,-9,-7,-5,11,3,3,-6,-10,-30,-27,-31,-8,please
23.03290724754333,-10,-21,-12,-17,-8,16,19,15,17,5,-15,-15,-7,5,please
23.048692226409912,4,-7,-1,-9,-8,3,23,13,40,32,4,7,22,24,please
23.048692226409912,7,2,8,10,-9,-4,18,5,27,28,11,11,30,31,please
23.06434845924377,6,0,7,12,-8,0,7,-4,0,7,1,6,17,19,please
23.06434845924377,0,-6,-9,-9,-15,0,-3,-14,-2,0,0,3,8,0,please
23.079746961593628,-3,-9,-21,-21,-14,-3,-4,-8,0,2,2,1,10,-2,please
23.079746961593628,4,-3,-8,-10,-1,-9,-3,3,-3,0,2,5,12,6,please
23.09582281112671,15,0,0,1,-1,-19,-10,4,0,-7,7,10,12,9,please
23.09582281112671,15,-1,3,1,0,-12,-10,5,16,0,13,15,13,9,please
23.111459493637085,10,0,0,-5,10,-3,-1,11,28,10,7,18,15,10,please
23.111459493637085,9,-2,-8,-12,4,-13,-7,7,13,-2,-3,7,8,3,please
23.127001762390137,9,0,-1,-6,-3,-10,-17,1,0,-13,-4,2,0,-5,please
23.127001762390137,2,7,0,2,6,4,-6,0,4,4,3,4,-1,-6,please
23.143043041229248,-5,4,-4,-6,4,-5,-3,-4,-2,0,9,1,-5,-13,please
23.143043041229248,-2,0,1,-14,-7,-17,-14,-9,-25,-28,1,-7,-14,-25,please
23.15907979011536,0,1,5,-1,-1,-8,-14,-6,-24,-23,-8,-13,-19,-24,please
23.15907979011536,-8,1,2,0,3,0,-2,0,-7,-7,0,-3,-12,-7,please
23.17500925064087,-3,0,-1,-5,0,-2,5,6,0,-3,19,3,-1,0,please
23.17500925064087,5,6,5,0,0,0,1,0,-7,0,18,6,-6,-4,please
23.19013214111328,0,12,18,11,9,13,-2,-3,-19,0,5,6,-10,-3,please
23.191134452819824,0,13,16,19,14,21,4,-1,-23,-2,4,4,3,5,please
23.20585346221924,8,23,18,26,19,13,9,-2,-17,-4,5,3,9,12,sil
23.20585346221924,8,25,16,26,18,6,15,-6,-5,3,1,-2,3,8,sil
23.220993518829346,-6,6,2,16,9,5,13,-6,0,1,-8,-11,0,1,sil
23.220993518829346,-11,-7,-3,10,0,10,4,-2,1,-2,-15,-11,0,1,sil
23.23682308197021,-5,-7,-8,5,-3,15,11,-1,8,11,-8,-5,0,5,sil
23.23682308197021,-11,-15,-15,-4,-11,9,12,0,0,12,-15,-13,-11,-1,sil
23.25297713279724,-21,-23,-22,-7,-18,2,1,0,-5,-4,-30,-25,-20,-13,sil
23.268574714660645,-11,-13,-11,0,-13,4,3,0,11,3,-16,-9,-7,-1,sil
23.268574714660645,0,-6,1,-3,-5,0,6,1,22,18,-4,6,7,11,sil
23.28378701210022,-8,-16,-16,-21,-10,-11,-3,5,13,5,-23,-13,-2,-3,sil
23.28378701210022,-15,-24,-23,-28,-13,-12,-14,10,12,-3,-24,-19,-14,-15,sil
23.28378701210022,2,-16,-2,-15,-5,-5,-10,10,22,4,0,3,0,1,sil
23.29998564720153,16,0,6,-6,0,-9,-2,2,21,7,9,17,14,18,sil
23.29998564720153,11,5,0,-5,-3,-11,0,-1,12,7,8,11,9,13,sil
23.31462550163269,6,-4,-8,-5,-9,-2,-8,-4,2,6,6,0,6,0,sil
23.329838514328003,8,-8,-4,-11,-6,-1,-14,-5,-4,-7,9,3,14,-3,sil
23.329838514328003,14,6,7,-6,5,-5,-3,2,2,0,26,20,27,9,sil
23.34530520439148,19,22,13,10,13,-6,3,10,10,15,38,25,26,14,sil
23.34530520439148,12,23,9,9,5,-6,-1,6,0,-2,28,18,7,0,sil
23.360472202301025,5,15,1,-2,-2,-8,0,-3,-16,-17,17,12,-4,-7,sil
23.360472202301025,10,7,4,-6,0,-11,-3,-11,-26,-22,11,6,-5,-5,sil
23.37595009803772,4,12,10,0,5,-14,-12,-10,-29,-30,5,4,-8,-13,sil
23.37595009803772,-11,16,8,11,10,-2,-8,-5,-19,-18,3,2,-12,-17,sil
23.391622066497803,-17,2,11,12,10,15,1,-2,-7,0,-1,-10,-11,-11,sil
23.391622066497803,-12,2,8,17,8,22,11,0,-4,0,-11,-23,-10,-5,sil
23.406651258468628,-10,14,10,27,11,24,12,4,-11,5,-15,-16,-11,1,sil
23.406651258468628,-11,-2,3,14,10,24,9,0,-14,21,-17,-9,-10,7,sil
23.422764778137207,-11,-25,-9,-3,2,19,15,0,-2,28,-20,-15,-4,6,sil
23.422764778137207,-2,-8,3,6,5,18,23,9,19,23,-11,-7,4,12,sil
23.4389877319336,6,0,8,15,6,10,16,9,33,16,-1,2,8,16,sil
23.4389877319336,0,-19,-9,-7,-5,-7,1,2,19,4,-8,2,0,5,sil
23.454457759857178,-2,-23,-18,-27,-17,-12,0,1,3,-6,-12,0,-2,2,sil
23.454457759857178,0,-16,-16,-23,-19,-13,-3,0,8,-8,-4,-1,4,5,sil
23.47207975387573,3,-11,-8,-16,-11,-18,-17,2,15,-5,3,3,11,-2,sil
23.47207975387573,13,1,-1,-10,-2,-19,-16,0,9,-4,16,13,19,1,sil
23.485586881637573,22,14,1,-6,-6,-24,-22,-15,-8,-16,19,17,15,5,sil
23.485586881637573,10,13,0,-7,-12,-24,-37,-18,-29,-28,0,8,-8,-12,sil
23.501003742218018,-7,10,-1,0,-3,-3,-15,-5,-28,-23,-7,-4,-20,-21,sil
23.501003742218018,-7,12,8,10,7,19,19,2,-4,-2,0,-6,-9,-6,sil
23.516356706619263,0,13,4,14,9,24,25,5,14,15,-3,-2,-3,0,sil
23.516356706619263,-6,5,-4,12,4,20,20,3,11,13,-17,-5,-11,-2,sil
23.5319242477417,-12,-8,-3,6,0,19,24,2,3,3,-18,-15,-14,-5,sil
23.5319242477417,-9,-16,-6,0,0,4,14,3,3,6,-10,-17,-2,-3,sil
23.547977209091187,-1,-8,-6,-8,0,-16,-8,-1,-2,5,-3,-1,7,5,sil
23.547977209091187,1,-6,-5,-14,-3,-17,-16,-9,-9,-2,6,9,8,8,sil
23.56388664245605,0,-10,-7,-17,-4,-7,-18,-5,-6,-13,10,2,2,-2,sil
23.56388664245605,-4,3,0,-5,2,-10,-25,0,-9,-15,6,0,0,-10,sil
23.57896041870117,-2,21,9,15,6,-13,-26,-5,-20,-4,8,0,1,-8,sil
23.57896041870117,3,15,20,24,7,0,-14,-3,-20,2,11,-1,-2,-5,sil
23.59498429298401,3,0,16,23,9,15,5,5,0,9,7,0,-3,2,sil
23.59498429298401,-6,-10,1,9,0,12,20,9,20,21,3,2,1,12,sil
23.61062169075012,-5,-10,-2,-7,-11,4,23,13,38,26,3,3,9,17,sil
23.61062169075012,15,-3,-2,-14,-5,0,18,19,53,27,16,10,21,21,sil
23.62644028663636,20,2,-5,-21,2,-4,5,13,36,15,23,21,22,12,sil
23.62644028663636,6,10,-3,-9,0,-6,0,-1,0,-9,10,14,1,-8,sil
23.641730070114136,9,17,7,17,6,-2,2,-7,-13,-17,5,4,-10,-17,sil
23.641730070114136,12,14,12,8,17,6,4,-3,-16,-10,7,2,-9,-5,sil
23.65782332420349,-6,2,1,-6,10,13,12,-5,-27,-13,-10,-11,-14,4,sil
23.65782332420349,-22,-6,0,10,-2,11,16,-8,-28,-14,-33,-26,-22,0,sil
23.67302918434143,-17,-13,-3,15,-1,18,10,0,-11,-3,-36,-25,-18,-5,sil
23.67302918434143,-6,-16,-14,-7,-2,21,12,5,3,-1,-23,-9,0,0,sil
23.689147472381592,-2,-17,-7,-15,-11,1,5,0,3,-1,-9,4,12,8,sil
23.689147472381592,-7,-18,-8,-6,-13,-17,-15,-6,1,6,-1,4,16,5,sil
23.705023765563965,-5,-13,-13,-15,-10,-19,-30,-7,0,6,2,1,15,2,sil
23.705023765563965,7,0,-3,-14,-13,-17,-25,-2,2,1,9,10,14,0,sil
23.719974040985107,14,14,7,5,-7,-14,-17,0,4,-1,14,17,14,-3,sil
23.719974040985107,14,28,15,10,9,-7,-13,2,5,-4,22,21,15,-1,sil
23.73568105697632,18,26,13,0,8,-10,-6,1,8,0,26,16,5,3,sil
23.73568105697632,16,13,12,2,-1,-13,-9,-1,7,0,12,1,-3,0,sil
23.751277446746823,1,9,11,10,3,-1,-11,-3,-2,-2,2,-6,-3,-4,sil
23.751277446746823,-10,5,-1,8,10,6,-6,-10,-21,-1,0,-9,-16,-8,sil
23.76782488822937,-11,-2,-1,2,6,6,0,-12,-29,-6,-14,-11,-34,-11,sil
23.76782488822937,-13,-12,-1,0,0,6,7,-2,-15,-16,-27,-21,-29,-10,sil
23.78365898132324,-22,-23,-13,-7,-5,10,7,0,-9,-10,-30,-29,-24,-12,sil
23.78365898132324,-20,-18,-13,-2,0,23,17,0,-4,6,-25,-23,-20,-10,sil
23.798656940460205,-2,-7,-3,5,8,27,35,8,5,11,-12,-5,-3,2,sil
23.798656940460205,0,-16,-7,-4,-5,5,17,9,0,2,-12,2,0,5,sil
23.814149856567383,-8,-26,-22,-19,-18,-11,-4,3,0,5,-18,-6,-2,0,sil
23.814149856567383,0,-11,-16,-17,-2,-5,6,12,24,17,-8,-2,8,6,sil
23.829891443252563,22,6,4,-3,3,-5,14,17,31,11,12,16,19,18,sil
23.829891443252563,16,12,6,4,-2,-17,0,2,13,1,31,22,23,17,sil
23.845547199249268,3,16,11,3,6,-13,-8,0,9,2,41,19,28,9,sil
23.845547199249268,15,24,19,11,15,0,-9,2,16,7,38,23,29,8,sil
23.86164879798889,24,25,19,18,6,-3,-13,-5,4,-1,29,26,18,7,sil
23.86164879798889,9,17,11,10,0,-10,-11,-9,-7,-16,27,16,2,-4,sil
23.87709903717041,0,12,4,6,1,-3,-5,0,-1,-5,25,3,1,-12,sil
23.87709903717041,0,16,13,19,9,8,-3,6,0,18,12,5,7,-2,sil
23.89262890815735,0,15,10,22,11,13,7,2,-4,16,0,0,0,1,sil
23.89262890815735,-17,-6,-12,0,0,9,16,-8,-6,-3,-18,-25,-18,-8,sil
23.90765500068665,-37,-29,-17,-18,-11,8,8,-9,-13,-16,-42,-34,-23,-12,sil
23.90765500068665,-27,-29,-18,-18,-16,10,0,0,-13,-12,-41,-26,-14,-7,sil
23.92339849472046,-10,-22,-20,-21,-16,4,-2,0,0,-4,-29,-22,-16,-8,sil
23.92339849472046,-8,-22,-16,-21,-9,-2,-1,-1,10,-6,-32,-21,-17,-5,sil
23.93894529342652,0,-12,-4,-13,-4,-5,-6,0,7,-7,-22,-3,-2,5,sil
23.93894529342652,22,4,8,-8,-4,-5,-17,0,1,2,11,20,15,12,sil
23.95454788208008,30,17,20,0,6,-8,-15,0,2,13,37,32,26,14,sil
23.95454788208008,21,17,23,7,14,-11,-15,-1,0,2,31,34,17,8,sil
23.969789505004883,10,15,14,8,4,-11,-17,-6,-16,-13,10,21,-4,-10,sil
23.969789505004883,8,22,14,22,6,0,-4,-5,-29,-16,-1,0,-18,-14,sil
23.985316276550293,3,19,19,34,18,14,17,0,-21,-4,-5,-5,-13,1,sil
24.001209259033203,-13,0,-3,20,6,21,30,0,-5,12,-12,-6,-8,1,sil
24.001209259033203,-19,-11,-18,1,0,18,27,4,1,20,-17,-17,-16,-8,sil
24.001209259033203,-5,-14,-11,-4,6,9,19,6,4,11,-15,-20,-15,2,sil
24.01695871353149,-8,-28,-21,-16,-10,-8,6,-2,4,-9,-19,-20,-7,5,sil
24.01695871353149,-22,-33,-26,-28,-29,-16,-8,-2,3,-13,-19,-22,-5,-5,sil
24.03257703781128,-8,-20,-17,-18,-16,-10,-8,10,17,10,-2,-7,8,2,sil
24.048736572265625,6,-8,-8,-13,-5,-6,-4,14,29,16,13,13,27,15,sil
24.048736572265625,2,-3,-5,-21,-7,-7,-3,4,25,6,17,16,26,11,sil
24.048736572265625,4,0,-4,-15,-6,-9,0,-1,21,12,19,11,18,6,sil
24.06295800209045,14,11,5,-1,-2,-10,0,-1,16,5,18,17,14,3,sil
24.078664302825928,12,21,8,0,1,-6,-6,-4,0,-20,13,14,8,-3,sil
24.078664302825928,4,18,8,0,5,-4,-14,-8,-15,-29,9,8,4,-9,sil
24.09401679039001,0,9,10,1,4,-3,-11,-6,-22,-19,4,2,-1,-17,sil
24.09401679039001,0,6,9,4,6,0,-2,-1,-28,-14,4,-1,-12,-19,sil
24.11506962776184,6,14,20,20,17,7,-4,0,-28,-11,13,11,-8,0,sil
24.11506962776184,9,22,26,32,18,11,-8,0,-12,0,16,17,2,6,sil
24.11506962776184,-3,14,11,23,7,6,-10,0,-1,12,2,-5,-4,-6,sil
24.125606536865234,-11,7,1,20,1,7,0,0,0,13,-6,-17,-12,-10,sil
24.141551733016968,-2,8,3,26,8,17,19,2,2,10,-2,-5,-5,3,sil
24.141551733016968,2,3,7,14,13,18,22,4,1,5,-4,-5,-11,8,sil
24.157060623168945,0,-9,-4,0,1,7,11,1,2,5,-11,-14,-18,3,sil
24.157060623168945,1,-10,-7,3,-8,3,9,0,9,11,-10,-9,-2,7,sil
24.172691822052,2,0,4,5,-2,6,13,3,10,25,-4,0,11,16,sil
24.172691822052,-3,-6,-4,-8,0,6,13,2,10,28,-8,-11,5,11,sil
24.18784594535828,-17,-26,-22,-29,-8,0,2,-1,12,2,-17,-25,-7,1,sil
24.18784594535828,-16,-26,-22,-28,-10,-5,-1,0,10,-10,-13,-29,-5,0,sil
24.2039315700531,0,-11,-4,-11,-5,-6,0,0,7,0,-3,-10,5,3,sil
24.2039315700531,12,-6,6,-11,-7,-5,-1,0,3,-7,-5,28,8,7,sil
24.21991991996765,1,-12,-12,-21,-10,-5,-9,-3,-6,-28,-11,34,-1,0,sil
24.21991991996765,-9,-13,-17,-21,-4,-6,-13,-1,-12,-23,-13,6,-8,-7,sil
24.234638929367065,3,-3,-1,-6,-2,-10,-6,0,1,-5,-9,0,1,0,sil
24.234638929367065,12,2,0,-1,-4,-12,-2,0,7,-5,0,9,7,0,sil
24.250755548477173,-2,0,-4,-7,-2,-9,-5,0,-9,-18,0,-1,-6,-16,sil
24.250755548477173,-3,2,-3,-1,0,-6,-6,0,-12,-11,4,-8,-6,-19,sil
24.26636791229248,12,17,1,8,0,-8,-5,0,1,4,18,9,12,-2,sil
24.26636791229248,6,17,-1,-2,-3,-9,-3,0,0,3,14,12,15,3,sil
24.28197646141052,-6,3,-2,-8,0,-10,-5,0,-12,-3,3,2,3,-1,sil
24.28197646141052,0,3,12,5,2,-7,-8,0,-5,7,21,10,8,-3,sil
24.29800295829773,3,5,10,10,0,-3,-3,3,11,25,39,13,17,1,sil
24.29800295829773,-1,0,3,-1,-1,0,-4,2,3,20,27,3,7,0,sil
24.313596487045288,-6,3,7,0,0,8,-10,-4,-14,3,9,0,0,-5,sil
24.313596487045288,-4,11,8,16,2,11,-8,-3,-13,-2,3,1,0,0,sil
24.328712701797485,4,13,16,19,7,7,2,1,-3,-7,0,2,0,3,sil
24.328712701797485,5,10,20,15,12,10,15,0,4,-6,-6,0,-4,0,sil
24.343974113464355,-6,0,4,13,9,11,10,-1,10,2,-9,-5,-13,-1,sil
24.343974113464355,-7,-10,-7,7,2,7,0,-2,3,7,-5,-10,-14,1,sil
24.35990047454834,6,-6,6,11,5,12,6,-2,-7,0,-9,-8,-5,2,sil
24.35990047454834,16,15,27,24,16,20,16,2,0,-3,-15,0,-4,7,sil
24.375168800354004,11,19,14,23,15,20,19,9,14,6,-9,-3,-7,15,sil
24.375168800354004,0,-5,-8,0,1,13,6,1,7,4,-9,-15,-8,10,sil
24.39057159423828,-10,-16,-17,-9,-7,1,-1,-8,-12,-16,-25,-25,-16,-3,sil
24.39057159423828,-11,-5,-22,-2,-4,-2,4,-3,-12,-15,-27,-24,-15,-5,sil
24.40666007995605,-6,-6,-17,-8,0,0,9,5,2,12,-9,-7,0,6,sil
24.40666007995605,-4,-12,-14,-18,0,-2,5,3,7,16,0,-2,8,8,sil
24.4219982624054,-9,-10,-18,-11,-4,-13,0,0,0,-4,-5,-4,0,-2,sil
24.4219982624054,-8,-4,-14,-3,-4,-11,0,1,4,4,2,2,5,-6,sil
24.438162803649902,0,-3,-4,-16,-6,-11,0,2,9,13,14,4,12,-6,sil
24.438162803649902,1,-8,-4,-26,-10,-15,-7,-1,2,-11,2,0,-1,-8,sil
24.453298568725582,-1,-10,-15,-9,-2,-9,-1,1,13,-3,2,4,0,-1,sil
24.453298568725582,0,-9,-10,-13,-1,-6,9,13,31,29,22,18,21,8,sil
24.468925952911377,2,-15,0,-43,-17,-15,-9,5,9,12,14,11,8,2,sil
24.468925952911377,1,-15,-7,-26,-18,-22,-29,-14,-24,-27,-14,-6,-16,-9,sil
24.48494434356689,3,1,2,2,-8,-15,-20,-7,-23,-32,-12,1,-8,-14,sil
24.48494434356689,6,15,19,-2,-8,0,-9,5,-4,-9,11,20,8,-7,sil
24.499711990356445,12,21,25,7,-1,7,-12,-1,-2,3,15,18,9,4,sil
24.499711990356445,14,20,30,35,5,2,-4,-3,-7,0,8,21,5,9,sil
24.515357494354248,9,7,22,21,0,-4,2,1,-10,-5,8,22,5,5,sil
24.515357494354248,2,5,15,1,3,2,-7,-4,-15,-12,5,10,0,0,sil
24.530945539474487,0,18,10,19,16,15,-5,-9,-9,-19,1,4,0,-3,sil
24.530945539474487,2,17,4,24,14,16,8,-2,0,-6,9,7,10,2,sil
24.54645586013794,8,11,9,10,14,10,7,3,1,11,16,3,14,9,sil
24.54645586013794,7,15,7,17,22,12,0,1,3,11,12,-3,9,7,sil
24.56209945678711,-2,10,0,25,16,13,0,-3,11,6,7,-6,4,0,sil
24.56209945678711,-15,-3,-7,12,5,4,-1,-1,11,15,2,-17,1,-5,sil
24.57766175270081,-18,-13,-19,-5,2,0,0,4,3,19,-11,-27,-2,-4,sil
24.57766175270081,-9,-12,-17,-11,-1,9,18,10,11,11,-19,-21,0,1,sil
24.59301257133484,-9,-11,-13,-3,-3,14,38,11,29,13,-12,-18,8,6,sil
24.59301257133484,-18,-19,-12,-3,-3,4,27,5,19,17,-12,-25,2,0,sil
24.608958959579468,-12,-22,-13,-14,-9,0,6,0,0,7,-19,-24,-10,-8,sil
24.608958959579468,-7,-15,-18,-17,-15,-2,4,0,-2,-6,-21,-12,-15,-4,sil
24.624298095703125,-16,-14,-14,-13,-14,-4,1,0,-10,-5,-25,-7,-19,0,sil
24.624298095703125,-10,-14,-13,-16,-12,-5,-10,-6,-19,-4,-18,-9,-26,-9,sil
24.64085602760315,5,0,-7,-20,-9,-15,-21,-12,-17,-21,-5,-1,-31,-18,sil
24.64085602760315,12,14,6,-8,4,-16,-16,-6,-12,-21,-4,9,-28,-2,sil
24.65592098236084,17,7,12,5,12,-1,-9,-1,-8,0,-3,13,-17,13,sil
24.65592098236084,16,0,7,2,0,-4,-14,0,-6,-7,1,12,-12,3,sil
24.67184853553772,11,11,3,0,-9,-14,-11,5,2,-15,5,15,-18,0,sil
24.67184853553772,24,23,18,10,2,-2,3,6,14,13,27,35,-6,20,sil
24.68770980834961,33,19,28,16,12,0,7,0,3,16,44,45,0,20,sil
24.68770980834961,15,14,15,7,8,-13,-2,-6,-15,-18,31,19,-34,-6,sil
24.70283961296081,4,17,12,7,4,-12,-10,-6,-21,-27,17,3,-33,-15,sil
24.70283961296081,1,8,11,17,2,0,-8,-4,-18,-7,14,3,51,-7,sil
24.71895122528076,-14,-5,2,13,3,7,0,0,-13,0,5,-6,101,-6,please
24.71895122528076,-27,-7,-3,10,7,21,18,3,0,0,-6,-16,67,-3,please
24.734211683273315,-25,-16,-12,4,-1,25,20,1,11,7,-26,-20,42,-3,please
24.73471546173096,-25,-30,-21,-22,-18,11,2,3,19,18,-38,-20,42,0,please
24.749848127365112,-17,-28,-19,-31,-13,5,3,8,22,23,-22,-15,24,13,please
24.749848127365112,0,-16,-10,-20,0,2,14,12,26,18,-4,-5,2,23,please
24.766006231307983,9,-11,-3,-20,-6,-4,8,16,40,24,12,9,7,25,please
24.766006231307983,18,-6,2,-9,-12,-9,0,13,43,31,36,27,16,28,please
24.78060746192932,21,10,15,14,0,-7,-3,1,19,11,33,30,2,15,please
24.79564070701599,8,13,7,9,2,-3,-4,0,0,-8,11,8,-19,-5,please
24.79564070701599,-5,-3,-7,-8,-2,0,-8,-6,-11,-22,0,-16,-37,-17,please
24.81093525886536,-10,2,-4,0,0,-1,-16,-16,-23,-35,-17,-17,-50,-28,please
24.81093525886536,-3,24,-6,9,9,-4,-15,-12,-15,-25,-26,-10,-42,-31,please
24.827036380767822,1,14,-7,0,8,-3,-11,-1,-10,-13,-10,-8,-26,-18,please
24.827036380767822,-5,1,-5,-5,0,-8,-15,-5,-24,-18,-9,-16,-32,-12,please
24.842804193496704,-13,5,-8,0,0,-7,-13,-14,-30,-17,-31,-22,-39,-18,please
24.842804193496704,-4,3,-1,1,7,4,-2,-6,-17,2,-22,-9,-20,-8,please
24.857868432998657,2,-2,2,4,10,5,2,0,-12,13,5,3,1,6,please
24.857868432998657,2,3,7,0,7,-2,0,-1,-21,3,10,3,1,6,please
24.87381696701049,12,15,16,4,11,5,4,0,-13,1,15,8,5,8,please
24.87381696701049,19,20,23,30,16,12,9,2,0,7,22,17,15,13,please
24.888920068740845,4,6,18,34,4,0,7,-4,-3,3,4,8,8,0,please
24.888920068740845,-5,-13,-3,7,-6,-6,14,-4,0,9,-2,-1,6,-4,please
24.904087781906128,0,-12,-6,-4,-3,7,20,7,14,15,3,1,11,5,please
24.904087781906128,-6,-1,4,0,-1,18,19,9,11,-6,-4,-2,4,4,please
24.92022442817688,-15,-2,1,1,-8,9,14,4,2,-14,-6,-10,0,-1,please
24.92022442817688,-2,-1,3,5,-9,5,9,12,11,3,4,1,13,8,please
24.936041355133057,15,2,3,8,-5,9,9,18,26,18,7,16,27,19,please
24.936041355133057,10,1,0,3,0,5,8,9,31,18,5,9,22,14,please
24.95100569725037,0,-4,-3,2,4,3,4,1,19,13,0,-11,8,5,please
24.95100569725037,-7,-15,-11,-3,-2,-2,-4,-4,-4,0,-15,-22,-4,1,please
24.96619439125061,-18,-27,-18,-22,-11,-15,-21,-5,-15,-4,-17,-8,-6,-3,please
24.96619439125061,-15,-30,-24,-32,-16,-18,-20,-2,3,-1,-6,0,4,-4,please
24.98165726661682,0,-18,-22,-27,-15,-17,-12,-1,20,-6,-9,-1,10,3,please
24.98165726661682,8,-3,-12,-19,-7,-18,-17,-5,16,-6,-4,7,11,9,please
24.997703313827515,11,0,-5,-17,-6,-22,-23,-4,4,-1,18,17,10,6,please
24.997703313827515,7,1,2,-19,-14,-21,-15,0,-8,-8,20,12,-3,-6,please
25.0135715007782,3,9,6,-5,-7,-2,0,-1,-10,-10,7,4,-13,-15,please
25.0135715007782,5,15,9,3,13,16,-1,-1,-1,0,13,11,-7,-11,please
25.02907109260559,10,17,15,1,24,13,-2,1,-1,6,21,19,0,-5,please
25.02907109260559,12,15,17,14,19,2,9,-1,-8,3,16,12,2,-3,please
25.044789791107178,2,9,18,20,8,0,3,-7,-20,-8,4,0,0,-6,please
25.044789791107178,-9,7,9,0,3,-1,-10,-10,-32,-19,-4,-2,-14,-12,please
25.05997371673584,0,12,10,1,4,-6,-8,-10,-33,-17,-4,3,-20,-9,please
25.05997371673584,13,14,22,22,0,-2,-2,-1,-18,-9,0,6,-12,0,please
25.075570106506348,5,6,8,14,-5,5,0,4,-6,-3,-8,-2,-9,0,please
25.075570106506348,-11,2,-3,3,0,15,12,4,-8,-3,-16,-13,-12,-3,please
25.091667890548703,-19,4,-11,14,6,20,24,6,-5,-5,-16,-27,-11,-7,please
25.091667890548703,-16,2,-16,14,3,23,27,5,3,-3,-16,-28,-9,-12,please
25.10770559310913,-2,3,-5,8,7,26,25,2,12,9,-6,-8,2,0,please
25.10770559310913,0,0,-4,15,14,11,17,-1,16,21,0,-4,14,14,please
25.12371850013733,-9,-10,-10,6,6,0,2,-1,10,13,-12,-13,3,8,please
25.12371850013733,-5,-11,-7,2,2,11,4,4,19,16,-10,-7,2,11,please
0.0421164035797119,17,18,22,11,19,0,3,10,20,14,19,-149,11,16,please
0.0421164035797119,3,21,17,11,21,2,0,8,19,21,15,-228,5,13,please
0.0573093891143798,-8,3,-6,-1,12,0,-2,-5,-1,1,-6,-142,-10,-2,please
0.0573093891143798,-5,0,-3,0,17,3,0,-5,-9,-3,-16,-155,-24,-11,please
0.0730350017547607,-5,4,0,3,12,1,-4,2,0,4,-14,-129,-27,-10,please
0.0730350017547607,-9,0,-7,-6,0,4,-4,1,4,0,-15,-88,-33,-12,please
0.0891485214233398,-1,-4,-8,-2,2,18,21,6,9,13,-6,-73,-17,-6,please
0.0891485214233398,3,0,2,1,5,23,36,18,26,39,13,-24,14,15,please
0.10516357421875,0,0,0,-8,-1,4,11,10,28,27,14,-9,25,23,please
0.10516357421875,0,-8,-12,-20,-10,-20,-13,-7,0,-8,-1,-9,17,3,please
0.1211280822753906,9,-3,-2,-22,-11,-20,-15,-9,-14,-20,1,22,17,0,please
0.1211280822753906,5,4,3,-21,-7,-12,-16,-5,-8,-18,14,31,11,0,please
0.1359453201293945,-2,2,4,-6,1,-11,-19,-3,-10,-22,14,25,-5,-17,please
0.1363892555236816,-3,6,13,24,7,5,-6,-2,-10,-10,6,27,-12,-20,please
0.1519629955291748,-10,6,5,29,2,17,1,-6,-11,-1,-7,20,-17,-8,please
0.1519629955291748,-16,-5,0,8,3,15,9,-1,-15,0,-17,20,-19,-9,please
0.1680512428283691,-10,-11,1,9,12,21,37,9,1,17,-5,21,-3,-6,please
0.1680512428283691,-3,-9,-9,9,3,19,40,6,17,22,0,21,4,7,please
0.1841602325439453,-3,-11,-22,-10,-13,-1,11,0,9,-1,-9,25,1,10,please
0.1841602325439453,0,-15,-14,-15,-12,-19,-8,2,6,-4,-7,26,14,5,please
0.1997685432434082,10,-1,4,3,0,-18,-16,3,13,19,10,40,30,17,please
0.1997685432434082,18,13,4,7,1,-8,-18,-2,11,18,17,48,34,27,please
0.2149124145507812,16,6,0,-8,-10,-15,-20,-6,-5,-13,8,36,21,12,please
0.2149124145507812,12,3,8,-7,-14,-22,-16,-3,-22,-29,6,30,6,0,please
0.2302820682525634,17,19,14,11,7,-4,-4,0,-15,-12,9,18,7,0,please
0.2302820682525634,9,23,13,8,15,4,-6,-1,-3,-11,4,3,1,-9,please
0.2459135055541992,-1,11,4,-7,-3,-8,-14,-6,0,-18,9,0,-10,-14,please
0.2459135055541992,-2,1,1,-6,-8,-10,-8,-6,-1,-5,12,-3,-13,-5,please
0.2620375156402588,-8,1,6,0,4,3,-9,-1,-8,2,-4,-14,-20,-16,please
0.2620375156402588,-19,4,1,0,6,5,-10,-1,-13,-6,-16,-31,-31,-26,please
0.2772278785705566,-16,-3,0,-1,0,3,0,-1,-12,-10,-7,-27,-23,-12,please
0.2772278785705566,-6,-15,4,0,1,9,10,2,-2,0,-2,-19,-8,1,please
0.292764663696289,0,-8,5,15,5,12,18,3,4,12,-8,-26,-3,9,please
0.292764663696289,4,4,5,23,7,13,22,1,5,13,-13,-20,-6,12,please
0.3084824085235595,4,1,-3,14,6,15,16,-1,2,7,-12,-18,-10,3,please
0.3084824085235595,0,-7,-11,-1,-1,11,7,0,0,0,-6,-22,-10,-2,please
0.3240313529968261,0,-8,-11,-5,-5,5,7,8,3,0,-6,-16,-6,0,please
0.3240313529968261,0,-8,-13,-5,-3,0,3,13,12,0,-14,-18,-1,3,please
0.3400979042053222,-11,-10,-12,-14,-7,1,7,15,17,11,-14,-14,8,3,please
0.3400979042053222,-12,-9,-14,-17,-4,8,19,16,29,37,1,-2,27,8,please
0.3556199073791504,-6,-9,-14,-15,1,-1,5,1,27,31,-1,-5,22,8,please
0.3556199073791504,-13,-17,-17,-20,-8,-9,-15,-15,0,0,-12,-9,0,1,please
0.3711404800415039,-8,-17,-9,-17,-12,0,-5,-7,-2,3,5,3,7,5,please
0.3711404800415039,14,-7,9,-7,0,0,1,2,8,13,15,17,24,13,please
0.3866839408874511,12,-3,0,-4,0,-10,-10,-7,-4,-14,5,15,13,0,please
0.3866839408874511,8,10,2,0,0,-11,-18,-9,-20,-30,23,31,1,-11,please
0.4022641181945801,35,37,40,20,11,-12,-7,5,-5,-10,51,51,14,4,please
0.4022641181945801,39,37,39,25,10,-23,-5,4,-4,-8,34,35,12,9,please
0.4181802272796631,7,19,16,16,0,-21,-16,-8,-24,-24,5,6,-12,-11,please
0.4181802272796631,-6,16,9,19,0,-5,-9,-10,-26,-14,7,-3,-13,-13,please
0.4337613582611084,-2,15,11,21,1,10,9,-1,-11,6,12,1,1,4,please
0.4337613582611084,-4,8,3,14,7,23,19,-1,-4,9,-3,4,-8,1,please
0.4488523006439209,-17,-1,-11,6,12,19,7,-13,-7,-5,-23,-14,-29,-14,please
0.4488523006439209,-25,-11,-17,-4,1,2,-3,-7,-4,-15,-29,-23,-25,-12,please
0.4649121761322021,-16,-11,-15,-6,-8,0,0,8,11,-1,-28,-12,-4,0,please
0.4649121761322021,-6,-6,-10,-3,-4,1,0,7,13,10,-21,-9,0,0,please
0.4803566932678222,-7,-14,-8,-13,-1,-6,-11,-3,0,-1,-9,-6,-4,-5,please
0.4803566932678222,0,-14,-6,-19,0,-5,-14,-4,-1,-7,1,1,3,-7,please
0.4961633682250976,10,3,7,-8,3,8,-4,3,6,5,6,10,17,2,please
0.4961633682250976,8,6,6,1,-2,6,1,5,4,10,2,5,12,11,please
0.5118823051452637,3,-10,-3,0,-9,-4,1,2,4,2,-9,-5,0,8,please
0.5118823051452637,-4,-17,-8,-9,-8,0,3,6,13,4,-17,-11,-1,2,please
0.527116060256958,-16,-14,-22,-15,-6,2,6,6,6,3,-13,-15,-7,-5,sil
0.527116060256958,-19,-7,-22,-13,-4,-5,0,0,-13,-7,-7,-19,-21,-16,sil
0.5427286624908447,-2,4,-1,0,2,0,3,6,0,0,5,-7,-4,-8,sil
0.5427286624908447,16,5,18,5,4,9,14,8,21,15,18,9,18,11,sil
0.5581181049346924,12,-5,10,-2,-7,0,7,-1,0,-3,8,9,6,9,sil
0.5581181049346924,0,-3,-4,0,-11,-5,1,0,-18,-11,-3,-1,-4,0,sil
0.5737133026123047,0,5,2,4,3,3,6,8,9,13,5,0,6,0,sil
0.5737133026123047,-1,0,4,0,9,6,2,1,21,19,13,3,8,2,sil
0.5897958278656006,-5,-2,2,5,4,1,-4,-6,-2,0,2,-1,-8,1,sil
0.5897958278656006,9,11,21,20,11,6,3,-2,-6,1,1,10,-6,10,sil
0.6059439182281494,25,23,22,20,16,8,14,-2,9,13,17,24,15,21,sil
0.6063616275787354,17,11,13,6,4,-2,4,-7,1,1,17,21,22,23,sil
0.6211106777191162,6,3,10,7,-2,-12,-3,-7,-8,-6,7,10,14,11,sil
0.6211106777191162,9,9,0,11,1,-15,-7,-5,-1,-5,7,4,7,-1,sil
0.6357650756835938,10,5,-3,3,1,-9,-11,1,1,0,11,9,2,-2,sil
0.6357650756835938,2,0,1,5,0,-1,-7,3,-1,15,14,5,2,0,sil
0.6513452529907227,-10,-3,-2,5,-5,-7,-5,-4,-7,6,0,-9,-2,-11,sil
0.6513452529907227,-15,-14,-20,-19,-16,-13,-8,-2,-15,-25,-20,-13,-10,-16,sil
0.6673836708068848,-11,-20,-26,-35,-15,-4,-3,4,-7,-26,-18,-5,-12,-8,sil
0.6673836708068848,-11,-14,-10,-19,-4,8,0,0,1,-12,-16,-5,-17,-13,sil
0.683462381362915,-20,-10,-17,-3,0,13,0,-9,-7,-22,-26,-22,-25,-25,sil
0.683462381362915,-22,-5,-22,-9,0,8,-1,-4,-10,-21,-20,-23,-16,-18,sil
0.6994848251342773,-5,8,2,-7,3,4,-5,3,6,10,7,1,12,0,sil
0.6994848251342773,15,20,22,16,7,0,-12,1,8,25,28,15,29,10,sil
0.7165260314941406,18,17,17,28,8,-6,-13,0,-9,0,20,8,6,8,sil
0.7165260314941406,5,6,5,10,2,-3,0,2,-14,-17,0,-4,-15,-1,sil
0.7307207584381104,-4,1,5,-8,0,7,7,2,-8,-9,-10,-5,-14,-2,sil
0.7307207584381104,-9,-2,2,-4,2,8,7,-1,-11,-7,-17,-10,-13,-1,sil
0.7457089424133301,-12,-13,-11,3,0,0,0,-1,-14,-13,-26,-22,-21,-11,sil
0.7457089424133301,-4,-2,-2,5,0,2,3,1,0,0,-18,-13,-11,-5,sil
0.761176586151123,6,11,8,11,5,17,21,5,30,35,6,6,12,18,sil
0.761176586151123,1,-6,0,0,0,12,24,11,38,47,11,7,16,20,sil
0.77783203125,-7,-22,-11,-15,-12,0,13,11,25,31,-5,-2,4,5,sil
0.77783203125,4,-7,-10,-11,-5,0,12,9,20,15,-11,0,7,9,sil
0.7920267581939697,9,-2,-3,-15,-2,0,9,4,19,6,-9,2,6,15,sil
0.8081412315368652,-7,-18,-13,-36,-11,-8,-2,-9,13,0,-11,-4,-2,0,sil
0.8091449737548828,-8,-12,-18,-35,-7,-19,-12,-14,1,-1,0,1,7,-8,sil
0.8091449737548828,9,14,5,-7,0,-22,-18,-5,-15,-8,20,21,27,0,sil
0.8239719867706299,11,18,17,4,-1,-16,-22,-7,-24,-22,23,18,14,-5,sil
0.8400588035583496,0,7,13,3,0,-7,-22,-7,-19,-24,16,3,-10,-10,sil
0.8400588035583496,0,12,14,20,11,1,-13,4,-14,-13,21,2,-6,-2,sil
0.8400588035583496,3,14,21,37,14,10,-2,1,-11,-8,13,0,0,0,sil
0.8551168441772461,6,7,22,36,15,18,6,-3,1,-4,1,0,-3,2,sil
0.8551168441772461,12,11,18,36,20,25,20,3,9,11,17,13,4,18,sil
0.8703670501708984,12,8,12,27,13,21,27,9,-1,19,21,18,9,16,sil
0.8860747814178467,2,-12,-9,5,-8,1,17,7,-6,4,1,0,0,0,sil
0.8860747814178467,3,-15,-17,2,-15,-12,3,5,11,0,2,1,7,2,sil
0.901819944381714,11,-1,1,5,-5,-10,0,2,18,5,13,22,22,12,sil
0.901819944381714,7,-10,-3,-13,-7,-10,-4,-6,0,-8,1,15,8,-3,sil
0.9171438217163086,-3,-16,-12,-28,-14,-16,-16,-7,-16,-29,-11,1,-15,-19,sil
0.9171438217163086,-2,8,2,-6,-8,-19,-21,-2,-16,-22,-4,5,-18,-14,sil
0.9338212013244628,0,20,11,14,-2,-15,-19,-7,-20,-16,0,0,-17,-13,sil
0.9338212013244628,-10,8,7,14,0,-1,-17,-14,-26,-17,-10,-13,-24,-19,sil
0.9338212013244628,-13,5,1,9,5,9,-8,-9,-18,5,-16,-9,-19,-9,sil
0.9485228061676024,-4,8,2,9,7,16,5,0,-5,24,-21,-9,-13,8,sil
0.9648938179016112,-4,1,-4,6,5,28,21,6,8,15,-22,-24,-9,9,sil
0.9648938179016112,-22,-12,-26,-17,0,16,16,4,16,7,-21,-31,-4,-1,sil
0.9807705879211426,-30,-21,-37,-44,-10,-2,0,2,12,11,-25,-30,-4,-8,sil
0.9807705879211426,-17,-18,-35,-39,-4,6,8,9,16,21,-30,-35,0,-1,sil
0.9960784912109376,-8,-15,-29,-36,5,16,24,15,30,24,-32,-36,9,8,sil
0.9960784912109376,-11,-18,-29,-49,0,0,11,8,26,14,-26,-29,7,4,sil
1.0110983848571775,-10,-18,-28,-47,-3,-9,-7,0,5,0,-12,-20,-1,-3,sil
1.0110983848571775,1,-10,-3,-32,5,-1,-8,0,0,0,3,0,3,0,sil
1.0267539024353027,24,-1,15,-14,6,0,1,1,14,-2,22,25,22,15,sil
1.0267539024353027,27,11,22,7,-4,-13,-3,-2,10,-16,33,34,21,13,sil
1.0418357849121094,6,14,18,12,-6,-20,-17,-3,-5,-22,30,23,9,-6,sil
1.0418357849121094,0,2,9,14,2,-15,-15,-5,-4,-17,27,18,7,-12,sil
1.0571489334106443,10,4,27,30,0,-13,-7,-5,-3,-17,38,37,9,-3,sil
1.0571489334106443,17,22,41,39,-6,-12,-3,-5,-12,-7,43,44,12,1,sil
1.0726945400238037,16,31,35,38,-2,-9,-4,-4,-14,1,29,33,11,9,sil
1.0726945400238037,17,28,37,50,5,0,-1,1,-7,-2,18,28,6,11,sil
1.0878469944000244,12,27,35,62,8,13,3,1,-11,-7,19,20,0,0,sil
1.0878469944000244,8,25,30,56,9,16,2,-5,-24,-7,7,7,-11,-4,sil
1.103410243988037,13,21,22,49,13,14,5,-2,-20,3,-5,0,-15,0,sil
1.103410243988037,6,8,5,39,17,25,18,5,-6,13,-9,-7,-8,1,sil
1.119124174118042,-13,-12,-13,12,7,26,24,6,-7,9,-14,-24,-7,0,sil
1.119124174118042,-24,-27,-30,-11,-5,10,22,8,0,19,-19,-30,-8,0,sil
1.1351871490478516,-23,-30,-31,-25,-6,2,20,12,23,38,-22,-25,-7,0,sil
1.1351871490478516,-26,-38,-36,-46,-10,-2,11,3,19,22,-28,-25,-6,0,sil
1.1511955261230469,-21,-42,-41,-59,-22,-12,-3,-5,5,-4,-27,-20,-4,-1,sil
1.1511955261230469,-8,-28,-30,-50,-19,-7,-15,-1,10,-3,-21,-11,-3,5,sil
1.16632342338562,-2,-20,-24,-42,-11,-7,-18,0,7,-7,-26,-15,-10,3,sil
1.16632342338562,3,-16,-22,-47,-13,-20,-20,-6,-6,-29,-29,-10,-11,-8,sil
1.1820638179779053,17,-2,-9,-37,-10,-14,-16,-7,4,-20,-11,6,-1,-6,sil
1.1820638179779053,20,9,4,-18,0,-5,-20,-6,16,1,8,10,0,3,sil
1.198127269744873,13,16,11,-3,6,-9,-21,-5,10,0,15,11,1,3,sil
1.198127269744873,4,18,5,6,10,-9,-9,0,2,-12,15,9,6,-4,sil
1.213797092437744,-1,13,4,3,8,-3,-5,3,-6,-15,13,7,7,-9,sil
1.213797092437744,-5,14,-1,-1,3,-3,-4,0,-6,-4,8,5,15,-9,sil
1.2297334671020508,-5,17,-2,8,4,-7,2,-3,-3,1,7,-2,16,-2,sil
1.2297334671020508,-4,16,11,20,12,0,10,0,-11,-5,14,-4,2,-2,sil
1.2448837757110596,-1,14,14,22,20,23,14,6,-10,3,17,6,6,-3,sil
1.2448837757110596,2,10,16,24,19,29,15,6,0,21,13,12,16,5,sil
1.2600629329681396,4,5,21,29,7,10,17,2,0,13,8,1,4,8,sil
1.2600629329681396,-2,4,12,24,-3,-1,11,1,-3,0,8,-1,-8,-2,sil
1.275808811187744,-5,1,7,15,-1,5,1,1,-5,0,9,7,-4,-2,sil
1.275808811187744,0,-3,7,10,0,7,3,-2,-9,8,4,6,0,6,sil
1.2913436889648438,-3,-4,6,7,-5,0,8,-4,-15,6,-5,-6,-5,7,sil
1.2913436889648438,-10,-4,-3,2,-3,0,9,0,-5,0,-10,-15,-9,1,sil
1.306694507598877,-8,-11,-14,-9,-2,1,10,0,10,-3,-15,-18,-11,-4,sil
1.306694507598877,-2,-14,-5,-18,-12,0,3,2,14,0,-19,-12,-16,-9,sil
1.3223419189453125,10,-6,2,-2,-8,2,-1,3,14,6,-4,0,-3,8,sil
1.3223419189453125,20,0,5,2,0,2,-3,0,14,6,0,10,11,22,sil
1.3380374908447266,9,-8,-1,-13,-12,-6,-9,-1,7,0,-16,4,2,5,sil
1.3380374908447266,-3,-12,-9,-13,-16,-11,-9,0,0,4,-11,-3,-2,-4,sil
1.353081226348877,0,-4,2,1,0,-7,-3,0,0,6,7,6,6,1,sil
1.353081226348877,3,-1,4,5,1,-10,-2,-2,-4,-12,0,11,1,0,sil
1.3687467575073242,0,-8,-9,-2,-3,-19,-10,-4,-14,-28,-10,1,-9,-4,sil
1.3687467575073242,-7,-11,-14,-12,-3,-8,-12,-4,-8,-14,0,-1,-1,-2,sil
1.384037733078003,-5,0,-7,-2,3,2,-4,-4,4,1,13,7,6,-1,sil
1.3999364376068115,3,11,2,11,11,0,2,1,7,0,15,13,7,1,sil
1.3999364376068115,4,7,-5,-2,9,4,2,8,7,4,15,5,10,6,sil
1.3999364376068115,1,4,-10,-17,6,9,1,3,10,12,12,3,7,4,sil
1.414952278137207,11,21,10,2,12,5,4,2,11,19,8,9,3,3,sil
1.414952278137207,12,21,9,10,10,0,1,4,2,7,2,-2,2,2,sil
1.4307780265808103,-9,-1,-8,-11,-6,-5,-13,-4,-16,-22,-15,-19,-6,-12,sil
1.4307780265808103,-23,-8,-19,-17,-8,0,-16,-5,-20,-18,-22,-18,-13,-25,sil
1.4469008445739746,-12,0,-5,-3,6,7,-3,8,-1,5,-5,-7,-6,-16,sil
1.4469008445739746,-1,0,10,3,7,1,-1,5,7,0,5,-1,0,-5,sil
1.4619431495666504,0,-5,2,1,-5,-3,0,-8,0,-7,0,-6,0,-5,sil
1.4619431495666504,1,0,-4,-4,-8,-2,2,-2,-10,0,-4,-6,-5,-8,sil
1.4789621829986572,3,1,0,-3,-4,-2,2,2,-5,-2,0,1,-7,-6,sil
1.4789621829986572,-1,0,8,1,-5,0,0,-9,-4,-15,0,4,-6,-3,sil
1.494068622589111,0,8,20,11,1,4,0,-14,-22,-24,2,1,-10,-3,sil
1.494068622589111,5,16,21,28,13,6,3,-6,-29,-17,6,-1,-4,0,sil
1.5098328590393066,0,5,12,24,6,17,13,1,-12,3,0,2,8,13,sil
1.5259699821472168,-8,-10,0,5,-7,23,21,3,4,17,-12,0,3,18,sil
1.5259699821472168,-1,-9,-1,13,-5,13,21,4,10,18,-14,-5,-7,11,sil
1.526287078857422,10,0,5,24,2,10,24,9,22,32,1,2,5,22,sil
1.542067527770996,12,-7,-2,0,0,7,22,14,33,46,11,12,21,32,sil
1.542067527770996,1,-21,-16,-24,-8,-8,3,8,22,26,0,2,9,14,sil
1.5577454566955566,-2,-17,-16,-18,-3,-16,-7,1,17,8,-3,-4,9,0,sil
1.5577454566955566,9,0,-9,-13,2,-12,-11,1,28,16,15,13,27,9,sil
1.5731697082519531,16,5,-3,-18,0,-18,-23,0,16,9,15,20,20,7,sil
1.589224100112915,0,0,-7,-18,-5,-31,-30,-6,-12,-25,-7,-4,-4,-12,sil
1.589224100112915,-11,3,0,-6,-3,-22,-25,-6,-20,-41,-8,-11,-14,-22,sil
1.6053335666656494,-8,11,4,2,5,2,-12,1,-3,-19,4,-3,-5,-13,sil
1.6053335666656494,-13,0,-5,-5,4,5,-7,-1,2,-9,-1,-14,-6,-10,sil
1.6053335666656494,-14,-7,-1,-12,0,-3,-13,-7,-7,-19,-6,-13,-16,-18,sil
1.6207432746887207,1,10,7,7,8,0,-5,-1,-4,-6,14,8,0,-8,sil
1.6207432746887207,5,16,5,16,9,1,7,3,3,8,17,11,10,2,sil
1.636328935623169,-7,0,-3,1,-9,-3,6,0,-5,-14,-10,-5,-11,-7,sil
1.636328935623169,-3,-5,-7,-4,-13,2,7,-2,-11,-27,-15,-10,-22,-13,sil
1.6519558429718018,12,5,8,6,5,10,17,1,-1,0,6,7,0,2,sil
1.6519558429718018,11,8,19,15,5,4,17,0,0,14,13,14,11,13,sil
1.6671290397644043,0,0,9,8,-4,1,6,-5,-14,-1,-1,2,0,6,sil
1.6671290397644043,-6,-1,0,2,0,8,6,-5,-27,-6,-10,-5,-9,-4,sil
1.682499885559082,-1,0,2,4,6,7,12,-2,-16,11,-5,0,-9,-5,sil
1.682499885559082,7,0,7,0,0,1,5,0,-1,20,1,9,0,5,sil
1.6971900463104248,12,-2,0,-7,-4,0,-9,3,-1,12,3,9,12,15,sil
1.712841510772705,7,-1,-5,0,-3,0,-21,1,-11,-2,-2,7,5,7,sil
1.712841510772705,0,-2,0,2,-2,5,-19,-1,-11,-10,-8,6,-7,-1,sil
1.72804594039917,0,-4,-7,-3,-3,9,-10,-4,1,-3,-4,-2,-1,-1,sil
1.72804594039917,-9,-6,-18,-7,0,0,-7,-4,10,0,-3,-16,-1,-11,sil
1.743860960006714,-17,-5,-15,-4,9,0,0,-1,11,0,-11,-24,-10,-24,sil
1.743860960006714,-7,1,1,4,13,11,10,0,9,7,-11,-18,-7,-13,sil
1.759704828262329,0,5,8,12,2,6,9,2,10,9,-6,-7,1,0,sil
1.759704828262329,-4,-4,-5,-1,-3,-9,2,4,14,2,-5,-7,2,3,sil
1.774787664413452,-2,-5,-1,-12,4,-3,7,8,13,1,2,-5,4,7,sil
1.774787664413452,0,5,3,0,8,12,18,10,17,14,17,4,11,12,sil
1.7901251316070557,-3,9,3,13,3,5,15,7,23,25,18,10,15,14,sil
1.7901251316070557,9,5,12,11,3,-2,9,7,24,20,11,13,19,21,sil
1.8058507442474363,16,0,7,3,-5,0,7,0,9,-1,0,2,12,13,sil
1.8058507442474363,-2,-9,-6,-12,-24,-9,-1,-6,-18,-18,-20,-10,-9,-2,sil
1.821812391281128,-5,-11,-12,-18,-24,-16,-4,-2,-21,-6,-16,-1,-8,2,sil
1.821812391281128,6,-3,-5,-12,-5,-9,5,5,4,3,12,16,16,12,sil
1.8369505405426023,2,0,5,-6,5,-4,5,7,16,6,27,17,20,0,sil
1.8369505405426023,-2,0,2,6,3,-3,-6,0,6,7,15,2,0,-9,sil
1.853041172027588,-4,0,-2,8,3,-9,-20,-8,-12,-8,-2,-7,-20,-11,sil
1.853041172027588,-6,1,-4,-4,0,-16,-24,-11,-22,-28,-7,-6,-22,-16,sil
1.868741512298584,-2,-6,-8,-12,-9,-14,-19,-12,-16,-24,0,3,-13,-10,sil
1.868741512298584,0,-13,-1,-8,-6,-11,-19,-8,-11,-18,2,7,-10,0,sil
1.8838961124420168,1,-2,4,0,6,-3,-17,-4,-9,-12,8,11,1,2,sil
1.8838961124420168,14,17,14,11,13,5,-7,-1,-5,-2,15,21,17,5,sil
1.8992066383361816,19,23,16,7,8,4,-1,0,-6,-5,7,9,10,-1,sil
1.8992066383361816,7,15,9,2,3,0,0,0,-12,-13,0,-4,-3,-13,sil
1.9148907661437988,4,13,16,9,6,5,0,0,-13,-3,5,6,0,-3,sil
1.9148907661437988,2,12,9,12,7,11,6,0,-10,8,-1,0,3,4,sil
1.9300470352172847,-5,10,0,11,3,15,10,-4,-13,0,-24,-20,-4,-1,sil
1.9300470352172847,-6,9,0,19,6,20,17,0,-9,-6,-27,-9,-7,0,sil
1.9461092948913568,-2,0,-5,11,10,15,19,7,6,8,-12,-2,-1,4,sil
1.9461092948913568,-5,-13,-12,-14,-1,16,14,8,16,23,-9,-13,0,0,sil
1.9621694087982176,-10,-22,-24,-28,-13,18,14,4,10,12,-17,-24,-8,-11,sil
1.9621694087982176,-13,-28,-26,-27,-10,4,6,0,2,-7,-16,-24,-25,-17,sil
1.9780573844909668,-10,-22,-5,-11,-8,-1,-4,0,10,1,1,-6,-12,-3,sil
1.9780573844909668,-8,-8,2,2,-8,0,0,2,21,25,15,12,12,15,sil
1.9931507110595703,-4,0,2,1,1,-1,11,7,19,25,13,11,10,15,please
1.9931507110595703,8,7,11,16,15,2,15,8,19,19,8,0,8,10,please
2.01370620727539,7,4,13,30,12,4,9,7,16,17,-3,-3,8,6,please
2.01370620727539,-12,-9,-3,2,-6,-5,0,6,12,13,-16,-12,-6,-4,please
2.01370620727539,-16,-13,-14,-20,-15,-14,-7,-2,10,11,-3,-13,-3,-3,please
2.024221420288086,-3,-1,-2,-12,-2,-10,-6,-10,-2,-2,4,0,3,6,please
2.0401928424835205,2,2,-6,-7,2,-4,0,-5,-16,-19,-9,2,-7,5,please
2.0401928424835205,0,-6,-17,-14,-5,-10,-2,0,0,-14,-12,-1,-8,0,please
2.0557844638824463,-2,-10,-9,-16,-7,-15,-5,3,23,0,3,2,10,0,please
2.0557844638824463,0,0,-6,-11,-3,-9,-3,5,14,0,14,8,19,3,please
2.071884632110596,14,4,-1,-10,-1,-6,-9,0,-13,-14,15,13,14,4,please
2.071884632110596,21,4,2,-10,0,-11,-15,-8,-20,-35,12,23,9,2,please
2.087073802947998,18,9,9,-4,0,-15,-13,-5,-11,-27,13,26,8,2,please
2.087073802947998,17,20,20,7,-1,-15,-18,-2,-15,0,20,16,9,0,please
2.102223396301269,16,25,21,18,-4,-12,-22,-8,-24,-6,19,8,3,-11,please
2.102223396301269,12,28,21,20,-5,-7,-16,-4,-25,-33,19,13,0,-14,please
2.1177663803100586,13,28,26,29,6,0,-1,4,-19,-8,27,18,7,-2,please
2.1177663803100586,9,23,29,37,24,10,0,-4,-16,18,15,5,5,3,please
2.1331024169921875,-3,13,25,31,20,15,-1,-11,-18,-4,-6,-8,-11,-2,please
2.1331024169921875,-8,2,5,26,8,13,4,-2,-14,-10,-5,-9,-12,-5,please
2.1483516693115234,-9,-10,-5,18,15,20,5,0,-9,9,-2,-3,-12,-3,please
2.1483516693115234,-24,-28,-13,-4,10,27,5,-3,-3,2,-24,-18,-28,-11,please
2.164024353027344,-26,-29,-19,-15,-6,21,22,7,10,1,-34,-27,-24,-11,please
2.164024353027344,-7,-12,-13,-5,-5,21,41,17,32,33,-18,-13,-3,5,please
2.1792008876800537,-11,-19,-22,-17,-4,11,31,10,32,32,-26,-24,-11,-1,please
2.195763111114502,-28,-31,-31,-40,-13,-4,5,2,10,0,-45,-39,-22,-16,please
2.195763111114502,-15,-16,-20,-26,-7,8,12,4,18,6,-22,-20,0,8,please
2.195763111114502,-5,-13,-20,-21,-3,15,20,5,37,19,-7,-8,12,18,please
2.2108712196350098,-15,-23,-23,-35,-12,-9,-5,-3,14,-3,-26,-15,-4,-9,please
2.2108712196350098,-1,-3,-7,-9,-6,-17,-18,-5,0,-10,-7,0,4,-1,please
2.227130174636841,21,16,16,10,0,-5,-5,3,13,5,30,27,28,27,please
2.227130174636841,16,6,9,-6,-3,-7,-5,1,7,5,19,25,18,12,please
2.241762399673462,11,6,-2,-1,-2,-9,-8,-4,-12,0,-2,10,0,-4,please
2.256943941116333,18,15,9,11,4,-3,-1,0,-4,2,10,13,2,7,please
2.256943941116333,17,6,4,-8,0,-7,1,0,7,5,29,17,19,14,please
2.27213191986084,13,1,0,-8,-7,-17,-7,-1,0,-4,20,10,20,9,please
2.27213191986084,11,9,15,16,-3,-21,-16,0,-9,-15,5,10,5,4,please
2.2878201007843018,1,9,15,17,1,-17,-18,-2,-11,-14,7,12,-1,-3,please
2.2878201007843018,-3,11,8,19,2,-8,-18,-4,-13,-8,14,7,-2,-11,please
2.3034486770629883,-3,13,6,26,6,0,-10,-2,-7,0,12,-1,-2,-11,please
2.3034486770629883,-3,5,5,11,10,3,0,0,0,1,13,-1,-5,-8,please
2.319403171539306,-2,8,9,5,9,12,7,3,3,-5,18,5,-3,-4,please
2.319403171539306,0,12,10,9,7,11,10,1,0,-9,7,1,-2,-2,please
2.335181474685669,-7,3,0,-4,2,-1,2,-3,-11,-12,-5,-11,-6,-6,please
2.335181474685669,-10,-4,-12,-10,-2,-3,-1,-4,-16,-3,-1,-13,-3,-8,please
2.350297212600708,-4,-10,-1,0,0,5,0,-2,-11,5,-1,0,0,-3,please
2.350297212600708,-3,-12,5,0,0,6,0,-1,-13,-5,-22,-5,-10,-5,please
2.365863561630249,-4,-12,-12,-4,-6,-2,-6,-4,-18,-14,-25,-19,-16,-7,please
2.365863561630249,1,-7,-9,-2,-5,-1,-8,-3,-15,0,-3,-4,-2,2,please
2.3816826343536377,7,0,3,0,3,13,9,5,0,6,0,7,5,14,please
2.3816826343536377,1,0,0,-4,2,17,25,12,15,5,-10,1,0,11,please
2.3969879150390625,2,-6,-3,-11,-7,4,20,11,22,21,-2,5,6,6,please
2.3969879150390625,12,0,-2,-1,-9,-6,10,1,16,22,3,10,9,2,please
2.4121956825256348,9,8,7,6,0,0,0,-6,2,-5,-10,0,-7,0,sil
2.4121956825256348,-2,6,4,5,8,13,-1,-6,-1,0,-7,0,-4,-3,sil
2.4282567501068115,-1,1,-6,4,8,12,2,-4,2,14,7,2,12,-1,sil
2.4282567501068115,-1,0,0,-6,1,5,0,0,9,-3,0,0,4,-2,sil
2.4440033435821533,-8,0,0,-12,0,0,-7,0,8,-10,-1,-7,-1,-7,sil
2.4440033435821533,-9,1,-4,2,4,-6,-10,-6,-2,1,-3,-4,0,-2,sil
2.4590399265289307,-4,0,-2,14,5,-7,-3,-3,-6,0,-12,-6,-5,7,sil
2.4590399265289307,-3,-8,-1,4,0,0,1,2,0,-2,-7,-13,-5,6,sil
2.474915027618408,-6,-11,-1,-5,-6,1,-2,5,2,0,-1,-15,-5,-1,sil
2.474915027618408,-7,-10,-6,-3,-8,-7,0,8,7,0,-8,-14,-11,-2,sil
2.490420341491699,-6,-9,-7,-5,-3,-9,2,7,10,10,0,-6,-1,5,sil
2.490420341491699,-3,-6,-6,-10,-6,-5,-2,-2,-3,8,7,3,10,11,sil
2.5056772232055664,0,-4,-7,-12,-15,-10,-7,-6,-6,-12,-5,3,6,1,sil
2.5056772232055664,5,1,2,-4,-12,-10,-4,3,12,-13,-8,3,2,-2,sil
2.523744583129883,12,9,3,7,-5,-1,1,8,23,9,14,12,14,8,sil
2.523744583129883,12,7,0,1,-2,-6,0,0,10,8,26,21,17,6,sil
2.536942720413208,6,1,0,-10,2,-9,-2,-6,-6,-10,14,12,1,-12,sil
2.536942720413208,4,7,7,-1,7,1,-5,-3,-18,-11,3,0,-7,-13,sil
2.5524728298187256,7,14,17,12,6,0,-10,-1,-19,2,14,10,0,1,sil
2.5524728298187256,13,12,17,9,10,-6,-3,-4,-4,7,24,27,8,11,sil
2.56816029548645,8,9,12,3,14,3,5,-6,4,-4,6,16,-1,3,sil
2.56816029548645,-5,2,-1,0,8,7,5,0,-5,-9,-6,-1,-6,-11,sil
2.583668708801269,-11,-10,-16,-7,-1,-2,0,0,-18,0,-6,-7,-5,-16,sil
2.583668708801269,-8,-5,-3,0,-3,2,-7,-1,-20,-4,-9,-8,-13,-11,sil
2.5997164249420166,-3,11,9,18,4,9,-2,3,-9,-11,-2,-9,-9,-5,sil
2.5997164249420166,0,13,8,16,7,5,4,10,1,1,10,-3,-1,0,sil
2.6152446269989014,-2,2,1,2,6,15,10,4,0,15,-3,-10,-9,0,sil
2.6152446269989014,-10,-9,-12,4,9,21,13,-3,-3,3,-33,-32,-18,-8,sil
2.6309614181518555,-14,-18,-17,1,3,9,15,0,6,-3,-36,-32,-13,-5,sil
2.6309614181518555,-4,-20,-12,-11,-11,8,19,5,27,14,-14,-11,2,10,sil
2.646214723587036,6,-18,-7,-16,-16,7,6,5,31,19,-5,3,12,20,sil
2.646214723587036,13,-5,-1,-11,-7,-5,-5,0,21,7,4,14,20,19,sil
2.66221284866333,23,12,7,-2,0,-18,-2,-4,9,7,31,29,36,25,sil
2.66221284866333,25,14,16,0,0,-23,-11,-4,-7,-3,30,33,34,19,sil
2.67686128616333,8,3,8,-1,-8,-24,-23,-3,-22,-22,8,10,7,-8,sil
2.67686128616333,-11,4,0,-6,-6,-14,-14,-8,-22,-21,0,-11,-12,-26,sil
2.692957162857056,-16,13,5,4,3,7,-2,-7,-12,-12,-8,-10,-16,-18,sil
2.692957162857056,-7,12,9,29,9,24,3,1,0,1,-9,-3,-10,-3,sil
2.7090117931365967,1,0,9,24,5,19,13,7,7,25,0,0,1,13,sil
2.7090117931365967,4,-9,-2,-4,1,6,16,7,13,27,2,8,14,19,sil
2.723683834075928,9,-3,-11,-12,-1,-1,3,3,13,-3,8,11,9,2,sil
2.723683834075928,4,3,0,0,0,-10,-12,1,-6,-24,17,9,-6,-12,sil
2.73910927772522,-13,-2,-1,0,2,-16,-13,-1,-21,-13,5,-3,-14,-11,sil
2.73910927772522,-23,-8,-10,-5,0,0,-2,-5,-10,-4,-13,-17,-17,-9,sil
2.754793643951416,-16,-11,-13,-2,-5,18,10,-2,0,-5,-26,-21,-27,-10,sil
2.7703280448913574,-14,-23,-18,-10,-9,-6,0,0,-7,-6,-36,-22,-33,-10,sil
2.7703280448913574,-14,-30,-18,-32,-18,-34,-16,-5,-9,-6,-28,-18,-22,-11,sil
2.7703280448913574,-4,-17,-13,-32,-16,-18,-13,-5,8,0,-1,-3,0,-7,sil
2.7864131927490234,12,10,4,-6,3,0,-4,7,17,13,18,16,13,4,sil
2.7864131927490234,22,29,13,7,9,-7,-5,7,3,7,22,15,11,9,sil
2.8020694255828857,10,20,7,2,-5,-14,-7,-8,-22,-16,12,1,-1,-2,sil
2.8020694255828857,-2,13,12,6,0,1,-4,-6,-25,-15,6,-1,-4,-10,sil
2.817689180374145,3,22,14,30,21,24,8,8,2,18,16,0,13,4,sil
2.8337175846099854,2,14,8,31,20,35,20,10,22,31,10,-2,21,15,sil
2.8337175846099854,-10,-7,-3,9,8,35,25,5,25,14,-11,-11,11,6,sil
2.8337175846099854,-6,-9,-14,-5,3,27,28,5,34,9,-18,-9,7,8,sil
2.8498375415802,8,-3,-4,-11,0,9,22,10,40,17,-5,10,19,22,sil
2.8498375415802,13,-9,-2,-13,-2,-8,7,9,27,14,1,22,28,23,sil
2.865928649902344,7,-14,-5,-14,-4,-16,-15,-1,2,-3,3,18,15,9,sil
2.865928649902344,7,-5,0,-6,-2,-17,-24,-9,-10,-15,15,22,7,-1,sil
2.8810806274414062,13,7,6,9,2,-19,-11,-9,-9,-8,26,17,7,-6,sil
2.8810806274414062,7,15,12,17,6,-10,-8,-6,-18,-11,12,-1,-10,-15,sil
2.8971424102783203,-1,11,10,19,4,0,-8,-6,-36,-22,-1,-11,-27,-19,sil
2.8971424102783203,-1,8,11,21,5,9,2,-3,-33,-17,0,1,-19,-6,sil
2.9128012657165527,-1,7,16,17,6,22,18,-2,-16,0,-9,-3,-14,0,sil
2.9128012657165527,-8,-7,3,4,-5,14,21,-5,-8,3,-29,-24,-20,-2,sil
2.928166389465332,-8,-24,-9,-11,-18,-10,9,0,0,2,-17,-11,-8,0,sil
2.928166389465332,3,-18,-9,-16,-17,-20,-9,0,12,7,8,15,17,4,sil
2.945234060287476,12,4,1,-7,-14,-23,-24,-5,2,-1,18,19,23,3,sil
2.945234060287476,9,21,13,0,-9,-24,-23,-2,-11,-16,20,14,9,1,sil
2.959455728530884,1,17,10,0,-2,-14,-16,-1,-14,-18,15,5,-4,-4,sil
2.975074052810669,-3,8,3,0,-3,-3,-17,-8,-26,-26,-3,-8,-18,-18,sil
2.975074052810669,-11,4,0,7,-1,5,-12,-6,-26,-19,-9,-10,-24,-19,sil
2.975074052810669,-16,-1,4,8,10,18,5,1,0,14,-2,0,-12,-2,sil
2.9902021884918213,-11,-7,0,6,13,21,21,8,15,31,-7,-4,0,8,sil
3.005825996398926,-13,-16,-22,-1,3,14,19,11,17,19,-19,-20,2,4,sil
3.005825996398926,-23,-25,-29,-22,-4,14,9,13,30,17,-23,-25,1,1,sil
3.0215084552764893,-18,-22,-26,-27,-2,12,6,13,42,27,-25,-23,1,4,sil
3.0215084552764893,-1,-14,-27,-23,4,-3,2,3,30,20,-26,-19,1,7,sil
3.0375630855560303,8,-6,-22,-25,9,-7,2,0,17,4,-15,-7,6,9,sil
3.0375630855560303,12,2,-18,-19,9,0,10,5,19,2,0,-2,10,10,sil
3.052608251571656,3,0,-12,-26,3,-4,0,7,10,-2,0,-4,2,-2,sil
3.052608251571656,-2,-7,-11,-42,-7,-17,-21,-1,-9,-19,-5,-7,0,-16,sil
3.0681021213531494,10,5,-1,-20,-2,-15,-15,-5,-7,-17,12,8,6,-6,sil
3.0681021213531494,22,25,22,15,10,-6,0,0,4,0,39,29,10,9,sil
3.083746194839477,9,20,20,21,1,-3,-3,-4,-6,0,35,22,2,6,sil
3.083746194839477,-3,10,18,20,-5,0,-11,-10,-27,-11,20,11,-7,-4,sil
3.0992376804351807,2,17,34,35,9,11,4,-5,-20,0,23,14,0,0,sil
3.0992376804351807,10,19,37,44,17,19,20,-4,-5,4,23,14,9,8,sil
3.114912509918213,4,6,25,43,3,14,16,-5,-12,-6,6,16,0,4,sil
3.114912509918213,0,0,18,50,-4,14,15,-1,-17,1,-3,15,-6,-1,sil
3.1304898262023926,3,-1,19,46,-4,18,19,1,-7,9,-11,0,-1,0,sil
3.1304898262023926,1,-10,8,21,-8,8,13,4,-1,-1,-17,-7,-3,4,sil
3.1456894874572754,-6,-21,-9,-6,-15,-11,0,4,-5,-4,-15,-5,-8,1,sil
3.1456894874572754,-4,-18,-9,-17,-21,-22,-16,2,-3,-2,-12,0,-2,0,sil
3.160895347595215,1,-8,-11,-17,-15,-24,-25,-3,7,-3,-2,4,9,2,sil
3.160895347595215,2,0,-14,-25,-4,-17,-24,-6,9,-5,5,6,13,6,sil
3.1761744022369385,0,3,-16,-31,-2,-5,-18,0,0,-11,0,1,7,-3,sil
3.1761744022369385,-2,2,-20,-29,-3,-6,-12,-3,-9,-20,-5,-3,-5,-19,sil
3.191200017929077,-9,0,-7,-27,2,-10,-10,-9,-15,-19,0,-6,-14,-19,sil
3.191200017929077,-6,5,-1,-13,14,1,-4,-3,-9,-5,0,-21,-9,-13,sil
3.207240581512451,-4,9,-4,7,22,14,5,3,0,5,-11,-26,-9,-11,sil
3.207240581512451,-15,0,-7,12,18,16,15,3,11,14,-14,-21,-12,-8,sil
3.223292827606201,-15,-6,-14,2,4,13,17,14,22,27,-9,-19,-2,-1,sil
3.223292827606201,-2,0,-9,-1,0,11,15,21,21,27,-8,-14,3,4,sil
3.2387516498565674,-2,-3,-6,-2,-2,9,18,3,13,14,-13,-10,0,9,sil
3.2387516498565674,-4,-16,-8,-13,-7,4,17,-4,18,13,-9,-4,0,13,sil
3.2540106773376465,10,-3,5,-15,-4,0,4,5,29,22,12,11,18,25,sil
3.2540106773376465,23,11,17,-2,0,-11,-13,3,21,16,28,27,32,30,sil
3.2697784900665283,19,1,12,-4,-2,-24,-24,-7,0,-12,20,33,19,15,sil
3.2697784900665283,19,-4,5,-8,0,-18,-16,-9,-15,-27,14,29,5,1,sil
3.285230159759521,23,9,17,4,4,-6,-4,-6,-18,-17,22,26,8,2,sil
3.285230159759521,13,18,24,14,2,-5,-4,-4,-15,-11,20,22,4,-2,sil
3.301286220550537,-8,7,2,13,5,-4,-1,2,-13,-18,4,6,-12,-12,sil
3.301286220550537,-18,2,-1,12,7,9,8,9,-15,-11,-7,-6,-19,-12,sil
3.317323684692383,-13,6,9,23,3,17,13,2,-15,8,-7,-14,-9,-8,sil
3.317323684692383,-11,1,5,24,3,16,9,-12,-19,0,-10,-30,-15,-14,sil
3.33294939994812,-14,-7,-7,6,1,17,7,-11,-21,-14,-26,-36,-31,-19,sil
3.33294939994812,-12,-10,-20,-4,-6,10,4,0,0,0,-32,-26,-23,-6,sil
3.348076820373535,-8,-10,-14,-2,-12,-1,-3,1,13,12,-20,-15,-7,3,sil
3.348076820373535,-5,-7,-4,0,-12,0,-3,1,2,7,-10,-14,-3,0,sil
3.36369252204895,0,-9,-4,-2,-9,4,1,4,0,10,-4,-5,5,1,sil
3.36369252204895,-1,-17,-8,-9,-8,2,3,5,12,19,0,9,18,11,sil
3.378802537918091,-6,-16,-19,-20,-11,-4,0,4,16,9,-4,7,13,5,sil
3.378802537918091,-5,-6,-17,-28,-6,-12,-7,5,13,-12,-7,3,4,-3,sil
3.394829273223877,2,-3,-7,-20,0,-12,-14,0,20,-13,5,11,10,-2,sil
3.394829273223877,7,0,-2,-10,-1,-11,-17,-6,18,-6,19,16,11,-2,sil
3.4101295471191406,13,13,8,-3,0,-10,-12,-2,1,-6,29,21,8,0,sil
3.4101295471191406,22,23,16,9,6,-8,1,2,-4,4,41,33,17,12,sil
3.425699472427368,21,20,23,12,6,-12,0,-2,0,4,27,33,14,9,sil
3.425699472427368,6,9,17,0,8,-14,-9,-6,-4,-14,0,9,-4,-10,sil
3.4407851696014404,-2,1,3,3,10,-2,1,1,-13,-8,0,-8,-6,-8,sil
3.4407851696014404,1,10,10,18,9,11,11,6,-16,5,7,-6,0,7,sil
3.455954074859619,7,15,16,21,7,10,1,-3,-19,-6,0,-8,-4,3,sil
3.455954074859619,0,7,12,14,8,5,-3,-10,-25,-14,-10,-15,-13,-7,sil
3.472665548324585,-11,3,0,14,9,14,10,-5,-22,2,-8,-18,-14,-8,sil
3.472665548324585,-13,0,-10,20,9,21,20,-6,-13,0,-18,-24,-19,-5,sil
3.4877631664276123,-10,-5,-5,19,6,18,12,-1,-1,-7,-32,-17,-18,0,sil
3.4877631664276123,-11,-8,-4,7,5,12,15,7,13,14,-18,-5,0,7,sil
3.502922773361206,-13,-14,-7,-17,0,8,23,8,20,34,2,-4,9,14,sil
3.502922773361206,0,-15,-2,-20,-7,7,17,12,31,30,0,-3,8,20,sil
3.5198702812194824,14,-6,3,-1,-12,4,8,17,46,28,-2,7,14,22,sil
3.5198702812194824,6,-6,2,-3,-14,-3,0,10,38,22,5,14,17,11,sil
3.5350236892700195,-3,-14,-8,-23,-15,-13,-13,-3,11,0,0,0,5,-5,sil
3.549216985702514,6,-7,-13,-22,-11,-15,-27,-7,-7,-16,-8,-8,-3,-14,sil
3.549216985702514,14,0,-7,-8,-6,-11,-19,-2,-4,-11,2,1,3,-7,sil
3.5648632049560547,2,-9,-16,-16,-10,-18,-10,0,0,-7,10,10,11,-1,sil
3.5648632049560547,-6,-18,-15,-34,-19,-27,-23,-1,-12,-24,0,9,1,-9,sil
3.580454111099243,0,0,-4,-17,-11,-15,-27,-7,-23,-29,3,6,-5,-15,sil
3.580454111099243,2,20,0,1,6,0,-11,-10,-15,-16,13,9,-1,-9,sil
3.5961475372314453,-6,16,1,-3,11,-6,-12,-8,-18,-19,12,6,-6,-10,sil
3.5961475372314453,-5,17,8,9,9,-9,-12,-10,-29,-25,9,4,-7,-11,sil
3.611696720123291,11,37,25,43,11,6,7,-8,-23,-14,11,14,0,1,sil
3.611696720123291,9,32,18,38,17,16,19,0,-5,-2,7,10,0,8,sil
3.626859188079834,-13,-1,-1,4,16,13,9,5,-4,-10,-14,-15,-15,-5,sil
3.626859188079834,-19,-16,-2,-1,3,13,11,3,-10,-9,-26,-22,-17,-11,sil
3.641946315765381,-2,-10,0,13,-6,10,20,2,1,18,-10,-8,-4,0,sil
3.641946315765381,0,-13,3,10,-3,5,10,4,15,37,0,0,0,7,sil
3.6571221351623535,-6,-15,7,0,2,12,4,7,16,28,-6,-3,3,6,sil
3.6571221351623535,0,-5,5,5,5,12,7,5,16,20,-1,-6,4,12,sil
3.673139095306397,3,-4,-3,3,2,0,6,0,18,17,0,-7,-2,10,sil
3.673139095306397,-4,-12,-16,-7,-2,-2,8,1,15,10,-4,-17,-4,4,sil
3.688812494277954,-1,-11,-9,-15,0,0,5,10,10,12,0,-12,7,10,sil
3.688812494277954,7,-8,-2,-10,-1,-1,0,6,10,22,0,0,11,11,sil
3.704773187637329,5,-7,-12,-7,-11,-4,-2,-6,6,7,0,4,7,1,sil
3.704773187637329,2,0,-11,-16,-11,-3,0,0,0,-9,12,8,14,1,sil
3.719990730285645,8,8,-2,-12,0,-3,-6,8,1,-2,25,17,23,6,sil
3.719990730285645,19,18,8,4,0,-10,-22,2,3,-1,19,25,18,-2,sil
3.735503911972046,13,16,10,0,-4,-16,-23,-6,-5,-19,14,21,12,-15,sil
3.735503911972046,-7,0,0,-20,3,-10,-8,-11,-18,-32,5,4,-4,-20,sil
3.751428604125977,-15,2,4,-7,7,-1,-1,-13,-24,-31,-23,-10,-34,-22,sil
3.751428604125977,-5,19,12,28,2,-1,-5,-9,-26,-21,-35,-17,-42,-19,sil
3.7670254707336426,-2,12,17,34,9,7,2,0,-21,-15,-17,-16,-29,-8,sil
3.7670254707336426,-6,0,10,18,15,26,27,7,8,4,-4,-11,-10,10,sil
3.7820866107940674,-3,-4,-2,7,0,18,34,12,31,30,-6,-3,6,25,sil
3.7820866107940674,0,-10,-2,-1,-11,-1,20,8,23,25,0,6,13,25,sil
3.797863006591797,8,-14,-6,-12,-4,-7,6,0,17,3,11,12,14,18,sil
3.797863006591797,3,-15,-18,-21,-6,-12,-7,-3,15,-1,7,11,14,4,sil
3.813033103942871,0,-5,-10,-17,-10,-14,-18,0,4,1,5,15,14,-4,sil
3.813033103942871,12,11,9,-1,1,-10,-15,0,-6,-2,20,21,16,-3,sil
3.828479528427124,11,13,19,4,8,-9,-18,-7,-19,-15,28,17,11,-7,sil
3.828479528427124,-5,9,7,9,4,0,-23,-12,-20,-10,18,-1,0,-11,sil
3.8440911769866943,-10,14,5,22,8,12,-14,-3,-8,10,2,-12,-6,-6,sil
3.8440911769866943,-10,5,3,16,7,16,0,4,-11,17,-10,-17,-11,-3,sil
3.8597798347473145,-16,-14,-16,-1,-7,14,10,-3,-15,5,-25,-31,-18,-6,sil
3.8597798347473145,-11,-20,-20,-11,-16,6,12,-2,-6,-2,-32,-31,-22,-5,sil
3.874912977218628,-4,-16,-13,-8,-7,-1,7,10,-1,-1,-26,-19,-14,-1,sil
3.874912977218628,-6,-17,-12,-11,-4,-1,6,11,0,3,-25,-14,-5,0,sil
3.8908889293670654,2,-15,-5,-16,-13,0,11,1,13,7,-18,-1,2,3,sil
3.8908889293670654,21,-2,6,-9,-3,-2,11,0,19,0,6,19,17,12,sil
3.905956983566284,20,3,4,-9,10,-11,-3,0,4,-12,14,21,17,11,sil
3.905956983566284,6,-1,-17,-19,-1,-17,-18,-2,0,-11,8,9,8,-3,sil
3.92158317565918,0,4,-10,-17,-9,-9,-14,0,7,-5,20,11,11,-7,sil
3.92158317565918,1,19,17,1,12,11,0,0,8,-9,27,13,11,1,sil
3.937212705612183,2,15,11,14,18,12,6,-3,3,-5,15,6,-1,2,please
3.9529411792755127,2,8,7,14,0,0,-3,-2,0,5,11,8,-5,0,please
3.9529411792755127,-2,11,16,14,0,-5,-7,0,-1,5,11,13,0,0,please
3.9529411792755127,-13,5,7,12,4,-4,-1,0,-11,-5,0,1,-8,-6,please
3.96817684173584,-11,-4,1,9,-2,-1,0,-3,-23,-9,-6,-7,-17,-8,please
3.96817684173584,-1,0,5,12,-4,2,-1,-5,-20,-4,-12,-15,-14,-3,please
3.984008312225342,-7,7,2,11,1,4,3,1,-2,0,-22,-17,-15,-5,please
3.984008312225342,-15,1,-8,3,6,10,19,10,16,13,-10,-13,-7,-4,please
3.999576091766357,-7,-4,-7,0,7,13,21,0,24,17,3,-8,0,0,please
4.019759893417358,1,1,2,5,7,7,5,-4,18,7,0,0,-8,0,please
4.019759893417358,4,7,1,12,6,0,3,6,9,9,3,12,1,5,please
4.019759893417358,9,3,5,6,8,-1,8,9,5,24,11,17,27,14,please
4.029829263687134,11,2,6,1,6,6,5,0,8,25,-3,0,22,9,please
4.047036170959473,5,0,-4,2,2,1,1,-1,6,9,-19,-13,1,0,please
4.047036170959473,7,-2,0,-1,-2,-12,-6,1,-1,-3,-11,-4,0,1,please
4.061207294464111,16,-6,3,-9,-12,-9,-15,0,-3,-12,0,1,1,5,please
4.061207294464111,10,-17,-3,-11,-17,0,-12,-1,0,-12,3,-1,2,7,please
4.0768043994903564,0,-22,-5,-13,-10,-1,0,0,6,1,7,0,9,9,please
4.0768043994903564,0,-13,0,-17,-9,-8,-2,0,6,7,12,6,10,5,please
4.092411279678345,4,-7,4,-13,-21,-7,-14,0,-2,-10,12,11,7,2,please
4.092411279678345,9,-9,-3,-8,-17,-1,-6,-4,-8,-15,15,13,15,10,please
4.108073711395264,5,-5,-2,-17,-2,-2,4,-5,-8,-11,16,14,17,10,please
4.108073711395264,-4,-2,-6,-22,-2,-4,3,0,-8,-18,8,5,7,-5,please
4.124179840087891,-16,-3,-23,-13,-2,-1,1,-1,-12,-18,-4,-9,-9,-19,please
4.124179840087891,-24,0,-15,-10,2,-2,-6,-9,-31,-24,-15,-14,-26,-28,please
4.13975191116333,-17,6,-1,-11,0,-12,-21,-12,-42,-32,-18,-5,-30,-33,please
4.13975191116333,-4,10,1,0,2,-12,-24,-7,-26,-22,-20,-4,-30,-26,please
4.155019998550415,-10,15,1,14,12,-4,-18,-4,-9,-7,-22,-22,-33,-19,please
4.155019998550415,-18,14,0,18,11,1,-10,-5,-4,0,-13,-30,-23,-18,please
4.170060873031616,-2,10,9,21,15,14,6,4,7,19,0,0,0,0,please
4.170060873031616,7,19,15,36,27,25,24,11,18,33,5,15,9,16,please
4.185750484466553,0,20,10,37,17,19,26,3,6,21,-2,-3,0,9,please
4.185750484466553,-2,0,1,14,-1,15,22,12,2,10,-10,-12,-2,1,please
4.201191663742065,6,-7,0,3,-4,13,19,24,28,24,2,8,14,18,please
4.201191663742065,15,4,11,11,0,7,22,14,47,42,21,24,33,40,please
4.216434001922607,20,3,11,10,0,3,25,7,39,38,18,10,25,38,please
4.216434001922607,17,-9,8,0,-3,-6,6,9,22,11,7,2,12,19,please
4.2320556640625,13,-7,15,-3,-5,-15,-18,-3,11,-5,13,18,19,12,please
4.2320556640625,10,-3,3,-3,-5,-9,-14,-14,2,-1,19,13,19,7,please
4.247314929962158,1,-9,-10,-12,-1,-3,-1,-6,0,-2,11,0,0,-2,please
4.247314929962158,-4,-10,-9,-12,0,-2,0,0,1,-4,11,9,0,-1,please
4.262471437454224,-1,0,-2,-7,-6,-4,-9,-7,-12,-7,8,11,4,0,please
4.262471437454224,-3,-2,-10,-22,-13,-11,-15,-10,-32,-24,-13,-17,-17,-18,please
4.278154850006104,-11,-13,-19,-31,-8,-14,-13,-7,-30,-40,-26,-30,-28,-29,please
4.278154850006104,-6,-3,0,-10,8,0,-2,-2,-15,-31,-9,-5,-10,-12,please
4.293687105178833,4,10,8,6,9,9,1,-4,-15,-10,-2,7,-4,-5,please
4.293687105178833,0,2,-7,-3,-2,1,-5,-7,-19,-9,-13,-7,-13,-13,please
4.308861970901489,-11,-6,-10,-12,-1,-2,-6,1,-5,-11,-11,-10,-7,-8,please
4.308861970901489,-10,-6,-8,-2,1,0,0,5,8,0,-9,-6,0,-1,please
4.32487154006958,-8,-2,-5,0,-7,1,-1,-1,-3,2,-18,-5,-10,-7,please
4.32487154006958,-8,0,1,0,-7,0,-8,0,-6,1,-9,-2,-7,-5,please
4.340138912200928,-2,5,9,10,0,-3,-4,6,4,6,3,0,7,2,please
4.340138912200928,3,11,16,22,4,-2,4,4,4,13,0,-2,5,1,please
4.355792999267578,-3,9,3,18,3,4,16,0,10,21,1,-2,1,3,sil
4.355792999267578,-8,3,-3,6,0,8,14,1,15,15,7,8,9,10,sil
4.370790958404541,3,4,3,4,2,8,6,9,6,9,7,16,15,11,sil
4.370790958404541,6,-1,0,1,0,3,4,5,5,16,13,10,11,8,sil
4.3861401081085205,-3,-10,-2,-6,-5,3,2,-1,11,16,16,3,6,6,sil
4.402775049209595,0,-4,-1,0,0,8,1,-3,3,4,8,0,4,4,sil
4.402775049209595,11,1,-1,6,10,0,-3,-2,-9,-8,-1,0,-2,0,sil
4.402775049209595,7,-3,-2,-3,0,-12,-7,0,-3,-13,0,0,-8,-1,sil
4.416922569274902,2,-6,-2,-13,-7,-12,0,3,8,-3,7,0,0,3,sil
4.416922569274902,6,-4,0,-19,-5,-13,-4,0,3,-2,9,1,9,1,sil
4.43334698677063,12,-4,0,-11,-5,-13,-12,-6,-5,-9,6,2,6,-1,sil
4.43334698677063,7,-5,2,1,0,3,-9,-6,-6,-4,-3,-2,-13,0,sil
4.448436737060547,-11,-3,-3,-3,8,16,-5,0,-6,-6,-20,-12,-31,-9,sil
4.46514368057251,-17,0,-11,-6,5,5,-4,0,-10,-22,-18,-15,-23,-19,sil
4.46514368057251,0,6,7,3,-1,-1,0,0,-10,-21,4,5,3,-7,sil
4.46514368057251,18,16,20,12,3,4,10,5,0,0,21,25,21,10,sil
4.479771375656128,18,22,14,19,10,6,8,9,11,8,16,19,14,15,sil
4.479771375656128,8,18,11,23,6,0,4,4,12,7,0,0,6,12,sil
4.494804382324219,-2,9,3,14,1,-2,8,-2,5,9,-5,-5,11,7,sil
4.51012110710144,-8,4,-1,5,0,-1,4,-3,-8,6,-8,-5,5,1,sil
4.51012110710144,-7,2,-2,8,0,4,0,-3,-11,0,-13,-16,-12,-4,sil
4.5257344245910645,-4,1,0,9,3,11,5,-3,0,3,-13,-17,-10,-5,sil
4.5257344245910645,-8,0,0,6,8,6,9,0,1,9,-7,-5,0,0,sil
4.541763305664063,-14,-8,-12,-1,0,-6,6,4,-1,5,-7,-9,-5,0,sil
4.541763305664063,-10,-15,-12,-11,-7,-1,6,3,4,3,-5,-7,-4,-2,sil
4.557271957397461,-5,-12,-7,-9,-5,12,10,0,17,18,5,5,8,0,sil
4.557271957397461,-11,-14,-11,-16,-5,-1,1,-4,13,19,5,1,1,0,sil
4.572858095169067,-14,-22,-19,-32,-13,-19,-11,-3,0,0,-5,-3,-7,-8,sil
4.572858095169067,0,-18,-17,-26,-14,-11,-13,-2,-4,-12,-11,7,0,-6,sil
4.588060140609741,10,-9,0,-16,-4,-5,-16,-2,-4,-16,-7,21,0,1,sil
4.588060140609741,3,-7,1,-25,-1,-15,-23,-5,-13,-16,1,16,-3,-2,sil
4.603598594665527,0,0,-3,-25,-6,-19,-28,-11,-29,-16,9,2,2,-10,sil
4.603598594665527,13,20,16,1,0,-6,-16,-3,-21,-17,17,11,11,-1,sil
4.619688034057617,23,30,29,18,14,5,-1,8,2,-8,28,20,14,9,sil
4.619688034057617,7,17,19,15,9,7,-5,5,0,-4,20,0,-1,1,sil
4.634835720062256,-1,6,8,24,0,10,0,2,-8,-7,-3,-22,-21,-9,sil
4.634835720062256,3,5,5,31,0,16,18,8,3,0,-10,-13,-13,0,sil
4.650434970855713,2,-1,4,20,3,17,20,9,17,17,0,-8,-1,8,sil
4.650434970855713,-2,-12,-8,18,1,14,15,6,23,25,-6,-25,-5,3,sil
4.666150808334351,-1,-9,-16,12,2,12,16,8,28,19,-15,-25,-5,-1,sil
4.666150808334351,-3,-4,-13,-5,1,7,13,5,28,14,-2,-4,11,0,sil
4.682156801223755,-1,-9,-6,-9,-1,-7,3,0,20,15,12,18,26,14,sil
4.682156801223755,9,-3,7,-2,-1,-15,-4,-3,5,6,8,25,23,22,sil
4.697883605957031,6,4,-2,-8,-1,-11,-6,-8,-8,-12,0,6,7,1,sil
4.697883605957031,-10,2,-14,-21,-5,-11,-5,-10,-17,-17,1,-2,-2,-20,sil
4.713472843170166,0,7,3,-12,0,-11,0,-6,-15,-6,15,17,2,-7,sil
4.713472843170166,15,21,19,7,8,-8,0,-10,-17,-9,17,25,4,4,sil
4.728474140167236,-2,16,11,7,8,-5,-6,-13,-30,-20,-9,0,-16,-10,sil
4.728474140167236,-18,6,0,6,1,3,0,-4,-26,-15,-26,-23,-28,-17,sil
4.744233369827271,-1,11,11,21,6,16,12,4,0,1,-7,-14,-13,1,sil
4.744233369827271,1,4,11,20,11,25,24,10,12,11,0,-2,-1,11,sil
4.759764194488525,-17,-17,-16,1,2,17,17,8,7,12,-24,-18,-8,-1,sil
4.759764194488525,-18,-25,-23,-12,-7,2,0,6,3,12,-34,-25,-10,-2,sil
4.777008295059204,0,-19,-15,-17,-4,0,1,5,8,15,-11,-7,3,13,sil
4.777008295059204,10,-14,-1,-17,0,0,0,4,11,17,6,16,19,20,sil
4.790061473846436,11,-7,8,-1,-4,-11,-15,0,10,15,13,28,23,12,sil
4.790061473846436,7,-6,-4,0,-12,-27,-25,-3,3,-4,12,19,12,0,sil
4.806121826171875,-1,-8,-12,-19,-20,-28,-24,-4,-6,-29,6,4,-2,-10,sil
4.806121826171875,-2,-2,-1,-20,-15,-10,-21,-2,-5,-22,19,7,0,-8,sil
4.821778535842896,5,5,9,0,1,3,-18,0,0,-9,32,16,2,-5,sil
4.821778535842896,8,15,15,8,14,6,-12,0,-3,-11,15,4,-9,-14,sil
4.8378307819366455,10,25,18,11,15,8,-1,-3,-5,2,6,-2,-6,-6,sil
4.8378307819366455,6,21,16,7,9,11,6,0,-8,10,10,2,4,5,sil
4.8533570766448975,-9,5,0,1,1,5,9,0,-11,-11,-1,-10,-6,-2,sil
4.8533570766448975,-10,9,-3,9,5,5,17,-3,-3,-15,-12,-24,-20,-11,sil
4.868902206420898,0,17,8,17,8,15,17,0,4,4,-12,-11,-12,0,sil
4.868902206420898,-5,-5,-8,3,-4,9,14,2,1,6,-22,-17,-6,6,sil
4.884894847869873,-18,-24,-26,-16,-14,-2,15,4,5,3,-30,-26,-5,3,sil
4.884894847869873,-11,-19,-20,-20,-12,-3,14,2,19,18,-23,-15,7,2,sil
4.9004435539245605,0,-22,-12,-21,-14,-8,-1,-6,16,22,-13,-2,11,-1,sil
4.9004435539245605,5,-17,-3,-13,-7,-17,-16,-2,5,1,3,12,7,-5,sil
4.915992736816406,11,9,4,4,3,-16,-15,6,0,-12,24,24,9,0,sil
4.916394710540772,4,17,13,11,2,-9,-13,0,-12,-15,21,14,0,-2,sil
4.931133031845093,-3,2,12,18,4,4,-5,-4,-23,-11,1,-2,-12,-14,sil
4.931133031845093,0,2,9,34,17,21,12,4,-6,4,-4,1,-2,0,sil
4.946796894073486,6,6,11,30,17,24,29,9,19,26,7,15,14,25,sil
4.946796894073486,9,0,0,8,2,9,26,5,27,29,11,15,22,23,sil
4.962600231170654,6,-11,-8,-11,-5,-8,2,2,16,12,1,6,19,7,sil
4.962600231170654,4,-13,-6,-24,-4,-13,-12,-3,5,0,4,4,11,2,sil
4.978023052215576,11,0,-5,-24,0,-11,-13,-9,-4,-9,8,10,2,-2,sil
4.978023052215576,9,13,0,-16,-3,-13,-21,-5,-16,-26,0,3,-7,-10,sil
4.994122743606567,-5,12,1,-3,-4,-14,-22,-3,-20,-26,5,-5,-6,-9,sil
4.994122743606567,-8,10,10,6,2,-4,-14,-8,-23,-13,13,5,-1,-4,sil
5.009255170822144,-2,10,20,11,6,5,-8,-9,-23,-13,1,1,-10,-8,sil
5.009255170822144,-7,0,7,11,3,9,1,-2,-18,-18,-18,-24,-25,-12,sil
5.02498197555542,-14,-7,-2,10,7,19,16,6,-9,-5,-21,-22,-20,-2,sil
5.02498197555542,-14,-3,-6,7,4,26,23,10,1,14,-11,-10,-5,8,sil
5.041139364242554,-14,-7,-8,-1,-6,15,18,10,13,20,-12,-12,-3,11,sil
5.041139364242554,-8,-14,-11,-14,-9,9,12,11,20,16,-17,-12,-2,11,sil
5.055771112442017,0,-11,-16,-12,-7,7,3,0,23,18,-5,-9,4,6,sil
5.055771112442017,8,-1,-4,6,-1,-3,-2,-1,19,16,9,0,13,1,sil
5.071868181228638,16,8,1,15,8,-11,-3,5,17,6,14,16,22,8,sil
5.071868181228638,18,5,-5,-5,6,-16,-8,3,12,-5,13,18,15,8,sil
5.088060140609741,13,0,-6,-17,-6,-19,-13,-4,6,-6,8,10,0,-4,sil
5.088060140609741,9,9,0,-6,-7,-18,-12,-8,0,-1,3,8,-4,-11,sil
5.102740526199341,0,14,7,-7,0,-15,-12,-13,-18,-10,0,3,-8,-17,sil
5.119099140167236,-6,6,10,-7,0,-12,-8,-13,-36,-25,2,0,-14,-21,sil
5.119099140167236,-3,5,20,5,0,-1,-4,-4,-22,-23,6,7,-9,-13,sil
5.119099140167236,-2,10,21,16,3,11,0,1,1,-1,7,9,-2,-4,sil
5.133232116699219,-8,0,3,12,5,12,10,3,0,15,0,-10,-3,-1,sil
5.148796558380127,-13,-11,-1,2,0,11,13,1,-14,8,-13,-23,-13,-3,sil
5.148796558380127,-6,-9,1,11,1,22,12,0,-6,7,-16,-15,-4,1,sil
5.164120435714722,0,-8,0,21,7,24,20,6,17,30,0,0,17,20,sil
5.164120435714722,-4,-20,-9,-1,0,11,22,14,26,29,2,2,15,26,sil
5.180236339569092,-12,-29,-26,-32,-11,0,11,13,20,-7,-19,-15,-4,4,sil
5.180236339569092,-8,-22,-22,-31,-15,-11,-5,5,13,-21,-25,-17,-5,-5,sil
5.195781469345093,0,-9,-12,-15,-14,-23,-15,0,6,1,-6,6,10,4,sil
5.195781469345093,0,-4,-13,-17,-13,-20,-23,-7,-4,0,4,14,10,0,sil
5.212802886962891,6,-2,-6,-20,-8,-10,-20,-7,-5,-9,15,11,11,-6,sil
5.212802886962891,25,16,12,1,0,-8,-2,-1,5,7,33,28,29,13,sil
5.212802886962891,33,37,29,23,14,-3,-2,-1,0,6,35,41,26,23,sil
5.227784872055054,18,29,14,19,19,0,-12,-7,-16,-21,13,17,-5,0,sil
5.243336200714111,3,15,2,10,15,-2,-9,-8,-18,-28,-5,-7,-22,-18,sil
5.243336200714111,3,17,17,17,10,1,0,-1,-10,-17,-5,-2,-15,-12,sil
5.259053707122803,0,12,14,20,7,7,2,0,-2,-3,0,-1,-5,-3,sil
5.259053707122803,-5,1,3,13,7,1,0,1,0,14,2,-8,0,0,sil
5.274211406707764,-2,7,9,13,7,2,1,4,-1,13,5,-4,-1,2,sil
5.274211406707764,-3,12,7,11,0,13,10,3,-5,-3,0,0,-5,-1,sil
5.2898547649383545,-17,-7,-12,-2,-6,14,14,1,-1,1,-12,-11,-7,-8,sil
5.2898547649383545,-18,-25,-27,-9,-3,5,10,-2,0,6,-17,-24,-12,-13,sil
5.305050611495972,-7,-10,-13,-2,0,2,9,-7,-6,-16,-19,-21,-21,-16,sil
5.305050611495972,-13,3,-1,0,-2,3,10,-3,-10,-20,-29,-23,-19,-15,sil
5.321142911911011,-19,-9,-10,-5,-6,-1,-2,0,-6,7,-25,-24,-11,-10,sil
5.321142911911011,-5,-13,-7,-6,0,2,-7,1,2,24,-1,-5,-2,0,sil
5.336759090423584,1,-2,0,-1,2,8,6,4,15,21,11,3,13,16,sil
5.336759090423584,-2,-6,0,-14,-6,0,5,7,15,8,2,0,17,19,sil
5.351953983306885,2,-6,4,-15,-7,0,-4,4,13,7,5,10,13,15,sil
5.351953983306885,12,0,6,6,5,5,4,0,18,14,16,13,13,18,sil
5.367624521255493,9,-7,1,0,0,-5,10,0,13,6,10,5,7,11,sil
5.367624521255493,3,-21,-9,-23,-16,-14,2,0,7,3,0,1,2,4,sil
5.382762908935547,2,-14,-2,-10,-8,-7,-8,0,9,6,0,5,3,5,sil
5.382762908935547,2,3,7,7,3,0,-8,3,5,-4,9,12,9,0,sil
5.398957967758179,2,7,0,0,2,0,-2,0,-4,-9,13,14,14,-7,sil
5.398957967758179,4,0,1,-7,0,0,-3,0,-6,-8,0,12,4,0,sil
5.413613319396973,3,-4,2,-1,-4,-1,-11,0,1,-11,-6,0,-4,0,sil
5.413613319396973,1,-5,-3,-5,-10,-9,-10,-3,-1,-8,-1,-1,-6,-7,sil
5.429222106933594,2,0,-2,-13,-6,-11,-2,-4,-14,-7,-2,5,-9,-4,sil
5.429222106933594,6,11,3,-4,0,-3,-1,0,-21,-16,-9,7,-13,0,sil
5.4447667598724365,3,17,12,14,5,1,-4,-1,-17,-15,-2,3,-10,-7,sil
5.4447667598724365,2,13,10,19,4,-2,-3,0,-1,0,12,2,-1,-5,sil
5.460017204284668,5,11,0,7,0,-12,-7,2,5,5,18,9,4,0,sil
5.460017204284668,5,22,1,2,2,-9,-9,3,1,0,15,14,4,-3,sil
5.475769996643066,-1,19,4,10,9,0,-5,0,3,2,7,2,2,-5,sil
5.476170778274536,-7,2,2,12,8,3,-5,-2,-2,4,-3,-11,0,-2,sil
5.49169921875,-6,1,-2,10,2,7,0,-3,-12,0,-7,-12,-2,-4,sil
5.49169921875,-3,7,-1,8,0,11,7,-4,-5,-2,0,-6,2,-1,sil
5.506879568099976,1,0,-1,2,8,9,10,-1,0,-6,0,-2,5,0,sil
5.506879568099976,3,-6,-7,-2,11,5,8,0,-4,-4,-6,-5,-3,-3,sil
5.522409677505493,0,-4,0,0,0,3,7,0,-7,0,-10,-10,-9,-4,sil
5.522409677505493,-5,-3,2,7,0,6,13,0,-2,1,-15,-11,0,0,sil
5.537700653076172,-14,-12,-12,3,11,12,18,-3,2,0,-21,-18,-5,-7,sil
5.537700653076172,-23,-22,-13,-15,1,9,11,0,4,2,-17,-21,-16,-11,sil
5.552970886230469,-13,-14,-2,-8,-9,0,9,6,6,8,-5,-15,-1,-1,sil
5.552970886230469,0,0,6,12,-4,3,9,4,4,3,-1,-3,8,6,sil
5.568681955337524,0,0,0,4,-6,11,1,0,2,0,0,0,0,10,sil
5.568681955337524,7,-3,0,-5,-6,1,-2,0,9,5,12,8,5,21,sil
5.585323810577393,18,-1,12,0,4,-8,-3,2,18,15,26,18,19,28,sil
5.585323810577393,7,-8,1,-7,-4,-5,-3,0,13,20,19,8,10,18,sil
5.600923776626587,-6,-15,-13,-21,-17,0,-3,0,1,11,0,0,-2,2,sil
5.600923776626587,-2,-2,-5,-6,-7,-1,-4,6,5,7,-12,0,0,-3,sil
5.616172552108765,2,2,-2,2,-1,-7,-5,6,6,9,-10,-1,0,-1,sil
5.616172552108765,0,-5,-6,-14,-8,-7,-3,0,-3,-2,-9,-1,-11,-1,sil
5.63219690322876,-4,-8,-12,-21,-4,-4,-2,-2,-2,-16,-4,1,-5,-5,sil
5.63219690322876,1,0,0,-6,4,-10,-7,1,9,-5,11,8,9,-1,sil
5.648800611495972,15,3,12,1,3,-13,-4,1,13,10,23,22,15,3,sil
5.648800611495972,13,2,6,-2,-3,-10,-5,-3,3,2,18,27,13,0,sil
5.665242671966553,3,9,2,-4,-10,-10,-17,0,-9,-13,10,18,8,-4,sil
5.665242671966553,11,12,7,0,-4,-4,-12,4,-7,-10,9,10,5,-2,sil
5.680700302124023,20,11,16,4,10,3,4,0,2,2,10,15,5,7,sil
5.680700302124023,5,16,16,10,13,3,7,0,1,-4,8,12,0,1,sil
5.696747303009033,-12,10,0,3,1,-1,-2,-4,-18,-43,-5,-17,-12,-27,sil
5.696747303009033,-10,10,-2,2,5,0,-10,-19,-36,-61,-19,-29,-20,-34,sil
5.712826490402222,-1,21,3,28,20,6,-4,-19,-29,-20,-14,-12,-18,-12,sil
5.712826490402222,-6,12,1,29,11,3,-3,-4,-20,7,-7,-7,-19,-7,sil
5.728678464889526,-14,0,-2,8,-1,5,-6,0,-20,0,-5,-14,-16,-10,sil
5.728678464889526,-3,5,6,27,9,15,6,0,-7,6,-6,-5,-5,0,sil
5.744763612747192,3,3,14,35,15,21,25,5,7,22,-12,-1,-1,9,sil
5.744763612747192,-9,-17,-4,-3,-3,19,27,6,8,24,-15,-16,-3,7,sil
5.760791540145874,-18,-24,-18,-17,-10,12,15,0,3,15,-14,-17,0,4,sil
5.760791540145874,-10,-13,-3,1,-3,4,8,0,6,4,-11,-7,6,7,sil
5.776723623275757,-8,-12,-8,-3,-7,-2,4,-1,11,16,-4,-14,5,11,sil
5.776723623275757,-14,-18,-19,-32,-11,-9,-5,2,17,31,-5,-14,-2,8,sil
5.791905879974365,-7,-15,-17,-33,-3,-9,-4,14,30,23,2,2,8,7,please
5.791905879974365,9,-2,-5,-13,0,-6,5,16,38,16,24,18,27,15,please
5.807982444763184,20,3,2,-4,-6,-6,3,9,27,16,24,28,24,19,please
5.807982444763184,21,-1,-3,-8,-3,-8,-2,1,17,4,9,21,16,14,please
5.8234453201293945,9,-10,-10,-19,-3,-16,-11,-3,0,-14,1,4,7,-3,please
5.8234453201293945,2,-11,-7,-24,-14,-20,-19,-6,-19,-25,0,0,-7,-17,please
5.839307069778442,12,0,3,-12,-13,-11,-20,-2,-15,-20,3,10,-7,-4,please
5.839307069778442,10,10,12,0,-1,-4,-16,-1,-10,-14,8,12,4,2,please
5.855010986328125,-5,5,6,-3,0,-5,-13,-6,-26,-21,10,1,1,-7,please
5.855010986328125,0,9,11,3,7,0,-1,-4,-23,-26,12,3,-3,-5,please
5.870136499404907,19,26,18,30,15,9,17,1,6,-1,15,9,8,1,please
5.870136499404907,12,23,16,29,5,14,19,3,14,21,13,9,15,-1,please
5.886186599731445,-1,10,18,14,2,21,10,5,4,19,5,5,1,-3,please
5.886186599731445,-2,9,12,24,11,21,5,2,-7,4,-8,-7,-14,-4,please
5.903165102005005,-10,2,0,20,5,12,4,-5,-24,-12,-24,-21,-28,-14,please
5.903165102005005,-22,-10,-9,0,-3,9,12,-5,-13,-8,-29,-24,-27,-14,please
5.916547060012817,-17,-9,-3,4,0,5,13,0,9,9,-16,-15,-8,0,please
5.916547060012817,-6,-9,7,10,0,-2,0,-1,12,10,-1,-1,0,5,please
5.931570529937744,-10,-20,-12,-12,-6,-7,-7,-6,11,3,-4,-4,-7,-1,please
5.931570529937744,-13,-10,-20,-23,-3,-8,-12,-1,5,4,-12,-18,-11,-6,please
5.947122812271118,-4,4,-2,-1,2,-11,-13,0,-6,-6,-9,-12,-10,-2,please
5.947122812271118,-4,-7,-3,3,0,-15,-3,-3,-4,-22,-2,1,-8,0,please
5.96259355545044,-7,-10,-11,-8,0,-9,-1,-2,0,-16,-7,3,0,0,please
5.96259355545044,6,7,-1,-2,3,0,-3,1,-3,1,-4,5,12,2,please
5.97810697555542,22,7,3,0,2,4,1,2,-2,0,10,17,17,9,please
5.97810697555542,20,1,-3,-15,0,1,7,2,4,-4,23,24,25,19,please
5.994091987609863,20,13,0,-9,0,-5,1,0,3,11,26,23,31,22,please
5.994091987609863,21,24,15,6,0,-10,-12,-2,-5,12,24,25,18,11,please
6.010037422180176,13,17,12,10,-1,-8,-10,-1,-7,0,17,12,1,0,please
6.010037422180176,1,7,4,2,4,0,4,0,-8,-5,1,-6,-9,-9,please
6.030119180679321,-10,0,2,-1,7,11,9,0,-13,-7,-11,-15,-18,-17,please
6.030119180679321,-26,-15,-14,3,0,13,5,3,-1,-4,-21,-26,-22,-17,please
6.04213547706604,-32,-27,-21,5,-5,9,5,8,15,10,-27,-34,-18,-12,please
6.04213547706604,-18,-24,-12,-2,-4,16,10,8,17,21,-23,-26,-8,-5,please
6.055694818496704,-6,-18,-1,-9,-3,17,9,6,19,24,-8,-6,7,8,please
6.072253465652466,0,-12,4,-1,-5,6,10,10,31,30,5,10,21,24,please
6.072253465652466,11,-3,0,3,-2,-3,7,7,33,20,11,18,23,23,please
6.072253465652466,16,0,0,-8,0,-14,-12,-2,18,1,12,17,22,12,please
6.086501121520996,8,0,0,-17,-6,-27,-24,-8,0,-6,22,16,22,0,please
6.101180553436279,5,7,0,-3,-7,-33,-23,-8,-21,-24,20,14,2,-12,please
6.101180553436279,7,16,5,1,1,-24,-21,-4,-30,-30,6,8,-16,-10,please
6.116862773895264,8,18,8,-9,2,-9,-15,-2,-21,-10,7,7,-8,0,please
6.116862773895264,12,20,13,0,-1,0,-10,-8,-26,-22,6,6,-9,-5,please
6.132922172546387,8,16,11,27,-1,9,-1,-12,-39,-44,-10,-7,-27,-18,please
6.132922172546387,0,0,3,13,-2,23,9,-4,-29,-25,-20,-21,-27,-16,please
6.148079872131348,-2,-12,2,-10,0,21,13,0,-12,-6,-16,-23,-13,-8,please
6.148079872131348,-11,-2,1,2,12,13,10,-3,-8,-7,-12,-23,-13,-10,please
6.164178609848023,-24,9,2,19,17,17,16,-2,-3,8,-10,-10,-11,-10,please
6.164178609848023,-20,-2,1,12,7,24,29,6,11,29,-7,0,2,0,please
6.179785251617432,-14,-18,-7,-1,1,12,28,11,21,30,-2,1,7,7,please
6.179785251617432,-15,-6,-7,-6,0,0,14,10,25,24,6,7,6,6,please
6.194867849349976,-1,7,-2,6,0,2,6,7,28,23,12,13,10,14,please
6.194867849349976,13,5,6,15,0,0,8,4,29,17,7,11,10,22,please
9.68916153907776,5,16,12,39,21,22,18,17,17,23,2,8,14,7,please
9.68916153907776,5,1,11,20,8,23,36,24,37,46,4,7,20,19,please
9.705250024795532,-9,-20,-14,-8,-7,15,31,7,27,22,-25,-12,-1,3,please
9.705250024795532,-5,-18,-16,-16,-8,12,19,0,20,8,-31,-10,-1,0,please
9.720959663391112,6,-6,-6,-4,-1,12,19,4,19,19,-15,-4,11,15,please
9.720959663391112,0,-9,-9,-8,-4,2,11,1,10,17,-13,-12,3,11,please
9.73612642288208,-12,-19,-20,-32,-14,-10,6,0,9,11,-14,-13,-1,0,please
9.73612642288208,-13,-24,-26,-40,-18,-18,11,7,12,10,-5,-8,10,6,please
9.75223708152771,-10,-17,-10,-28,-12,-17,4,10,10,0,-2,-2,11,9,please
9.75223708152771,0,-5,1,-18,-4,-11,-4,5,13,0,3,5,9,4,please
9.76784062385559,9,-6,-2,-25,-5,-12,-12,0,14,9,10,8,12,5,please
9.784043550491331,12,-8,-1,-26,-8,-12,-26,-5,9,4,11,11,4,8,please
9.784043550491331,23,10,11,3,0,-7,-26,-7,4,0,32,27,5,14,please
9.784043550491331,26,25,24,26,4,-8,-27,-8,-13,-1,52,33,15,10,please
9.799106121063232,1,11,2,5,0,-13,-34,-13,-29,-15,27,3,0,-17,please
9.799106121063232,-13,1,-11,-16,1,-7,-23,-14,-16,-21,-1,-15,-22,-34,please
9.815237283706663,5,13,17,0,12,0,-9,-5,-7,-16,12,12,-8,-14,please
9.815237283706663,17,23,33,27,12,-4,-14,-1,-19,-13,29,34,7,4,please
9.831125974655151,3,18,20,34,5,0,-7,0,-16,-5,9,12,-2,0,please
9.831125974655151,-7,3,-1,25,0,11,12,2,-3,0,-19,-18,-16,-10,please
9.847138404846191,-2,-4,-6,22,-4,13,12,-3,-9,0,-25,-17,-13,-9,please
9.847138404846191,4,5,8,25,2,16,15,0,-8,1,-6,3,0,5,please
9.862908840179443,-4,3,3,13,9,14,21,6,-7,-5,-6,-5,-4,3,please
9.862908840179443,-20,-15,-12,-5,-7,0,7,-3,-35,-28,-38,-32,-36,-18,please
9.878159284591677,-9,-12,-10,0,-14,2,7,-6,-27,-22,-35,-20,-27,-8,please
9.878159284591677,6,-1,-8,4,7,15,24,13,26,3,3,6,11,19,please
9.89380693435669,-6,-12,-22,-17,13,0,14,15,35,1,-1,-6,9,5,please
9.908942461013794,-18,-18,-33,-30,-5,-24,-8,0,5,-10,-30,-19,-1,-9,please
9.90993618965149,1,0,-13,-21,-8,-23,-11,0,5,3,-2,12,19,10,please
9.924065351486206,21,10,12,-3,6,-6,-3,3,22,20,40,30,31,15,please
9.924065351486206,10,10,13,8,13,0,1,0,15,13,29,6,12,-6,please
9.941017389297484,-7,9,4,7,10,11,4,1,5,15,5,-6,1,-11,please
9.941017389297484,-10,6,-1,11,3,17,0,-6,6,25,11,-13,6,-7,please
9.95517373085022,-9,3,9,9,-6,5,-10,-17,-4,5,5,-18,-1,-13,please
9.95517373085022,-7,5,17,4,-3,9,1,1,-7,-1,-14,-5,-10,-7,please
9.970706939697266,3,5,11,3,7,23,25,19,13,22,-11,1,-2,6,please
9.970706939697266,7,-1,12,-11,-1,9,18,5,8,19,-1,1,0,12,please
9.98598051071167,2,-8,4,-11,-16,-6,0,-3,-6,3,0,14,0,17,please
9.98598051071167,9,-4,4,9,-10,0,2,6,9,20,3,19,10,28,please
10.001027345657349,12,-2,10,-12,-7,2,3,8,23,26,5,4,14,24,please
10.001027345657349,-1,-15,-13,-46,-12,-3,-2,0,12,0,-1,-4,3,9,please
10.01618480682373,-7,-22,-33,-12,-9,-11,-8,0,3,-10,-3,-2,0,1,please
10.01618480682373,0,-11,-15,19,-6,-16,-15,0,-1,-4,0,0,5,2,please
10.031832456588743,1,-6,1,-13,-3,-19,-23,-9,-14,-18,0,12,0,1,please
10.031832456588743,1,-11,-10,-31,1,-17,-21,-17,-19,-38,1,10,-6,-14,please
10.052982807159424,0,-6,-21,-7,2,-17,-16,-13,-27,-40,-3,-13,-10,-34,please
10.053984642028809,-8,1,-6,-3,3,-14,-21,0,-40,-39,-18,-19,-20,-36,please
10.053984642028809,-7,7,5,-4,9,-5,-14,1,-28,-32,-14,-3,-19,-21,please
10.063037395477297,3,20,13,13,13,0,0,0,3,-11,7,5,-7,-4,please
10.07868504524231,6,30,20,27,14,2,2,5,15,2,16,11,0,7,please
10.07868504524231,3,22,16,29,11,1,8,6,2,3,11,13,6,9,please
10.093811750411987,6,14,17,30,8,11,17,0,-2,7,12,7,4,3,please
10.093811750411987,10,15,16,34,14,29,14,-8,2,20,17,2,3,6,please
10.10970425605774,8,16,13,29,15,21,8,-8,0,24,17,10,10,14,please
10.10970425605774,0,9,13,12,-2,2,6,1,0,15,2,6,3,3,please
10.12537431716919,-8,-7,0,-1,-16,6,4,2,7,13,-15,-21,-14,-11,please
10.12537431716919,-11,-18,-8,-2,-6,15,6,0,10,10,-20,-28,-17,-7,please
10.141017198562622,-11,-14,-18,-2,-1,6,19,10,5,1,-12,-16,-11,1,please
10.141017198562622,-13,-17,-30,-19,-18,-2,15,9,3,1,-17,-18,-11,0,please
10.156721115112305,-11,-24,-20,-36,-26,0,1,0,2,5,-24,-13,-7,-2,sil
10.156721115112305,-5,-18,-15,-26,-16,-2,-2,0,1,-3,-15,-4,6,4,sil
10.17240309715271,-1,-11,-16,-13,-8,-4,-1,7,6,-6,-2,0,19,6,sil
10.17240309715271,0,-8,-5,-13,-2,-3,-2,8,22,6,7,5,23,4,sil
10.188011169433594,3,-4,3,-13,3,-10,-6,5,26,11,10,8,18,7,sil
10.188011169433594,2,-4,2,-14,3,-8,-6,0,10,8,7,8,15,8,sil
10.204081058502195,9,-3,-3,-18,2,-2,0,-5,0,6,14,16,20,6,sil
10.204081058502195,17,10,3,-12,7,-13,-4,-6,-8,-7,21,20,13,4,sil
10.21981716156006,12,26,14,6,7,-18,-14,-5,-21,-14,18,11,0,-3,sil
10.21981716156006,0,22,16,18,7,-5,-12,-5,-26,-7,14,2,-5,-16,sil
10.23491072654724,1,18,19,19,12,5,-12,-5,-23,-12,6,1,-13,-13,sil
10.23491072654724,8,22,18,30,15,10,-7,-1,-14,-7,0,1,-16,2,sil
10.250174045562744,7,16,18,39,12,10,4,1,0,13,5,6,-6,9,sil
10.250174045562744,0,0,10,27,8,8,7,-2,6,8,1,2,-1,5,sil
10.265857696533203,-8,-8,-1,13,6,9,9,-8,8,-6,-15,-15,-13,1,sil
10.265857696533203,-10,-9,-2,9,6,10,17,0,7,3,-21,-19,-15,-2,sil
10.280891180038452,-5,-11,-11,-4,-6,1,17,5,9,12,-17,-10,-6,-4,sil
10.280891180038452,-2,-17,-17,-23,-23,-8,6,0,13,-3,-21,-8,-5,0,sil
10.296144485473633,-3,-17,-7,-16,-16,-6,0,1,11,-4,-13,-5,0,8,sil
10.312145471572876,1,-10,-8,-4,-5,-1,-1,6,9,10,4,6,18,13,sil
10.312145471572876,6,-10,-9,-19,-12,-5,-3,4,15,6,7,22,19,9,sil
10.327691078186035,3,-13,-4,-28,-18,-7,-6,-2,3,-10,4,18,10,2,sil
10.327691078186035,0,-4,-3,-17,-7,-7,-22,-5,-27,-24,2,7,1,-5,sil
10.3431134223938,0,6,-3,-11,0,-8,-25,-3,-34,-26,3,2,-2,-15,sil
10.3431134223938,0,12,4,-4,2,-8,-8,-2,-17,-13,10,1,2,-15,sil
10.3431134223938,-2,14,13,1,4,-2,-6,-2,-15,-1,7,-1,0,-8,sil
10.358960390090942,-9,8,0,0,4,2,-9,0,-16,-7,-3,-9,-15,-13,sil
10.358960390090942,-19,0,-10,3,4,10,0,0,-9,-19,-8,-20,-22,-21,sil
10.37618088722229,-16,4,2,24,11,18,11,0,0,-8,-3,-19,-15,-11,sil
10.37618088722229,-1,10,7,34,16,19,26,9,14,22,3,-7,0,6,sil
10.392776489257812,7,7,6,23,7,20,35,11,22,34,3,-4,4,10,sil
10.392776489257812,2,-3,-1,7,0,19,33,3,9,13,-7,-14,-4,1,sil
10.406700372695925,-7,-16,-11,-3,0,6,19,1,5,6,-18,-20,-14,-1,sil
10.406700372695925,-2,-15,-12,-13,-2,-3,7,10,21,27,-13,-11,-1,7,sil
10.422724723815918,16,-4,-11,-21,-5,-9,0,2,24,29,0,1,18,13,sil
10.422724723815918,20,0,-3,-23,-5,-17,-15,-7,10,0,10,13,22,12,sil
10.438156366348268,14,0,1,-11,-4,-16,-21,-2,13,-4,15,27,21,14,sil
10.438156366348268,16,8,7,0,0,-12,-12,-3,12,4,22,38,22,16,sil
10.453594207763672,12,24,17,4,4,-10,-10,-13,-9,-5,24,31,13,7,sil
10.453594207763672,4,27,17,10,7,-4,-17,-13,-20,-11,14,8,-3,0,sil
10.469522476196287,2,14,15,19,5,-2,-18,-4,-21,-3,0,0,-10,2,sil
10.469522476196287,-4,-1,7,22,0,0,-1,3,-19,1,-13,-5,-11,2,sil
10.485151529312134,-20,-15,-8,8,-1,8,13,9,-1,6,-22,-19,-16,-1,sil
10.485151529312134,-22,-28,-17,-18,-9,3,3,3,3,-6,-26,-21,-14,-6,sil
10.500784158706663,-11,-28,-26,-31,-19,-14,-17,-7,-6,-29,-18,-11,-1,-14,sil
10.500784158706663,-4,-11,-10,-14,-7,-15,-22,-6,-4,-26,2,2,3,-17,sil
10.51671576499939,0,8,16,6,11,0,-9,0,-5,-16,17,15,2,-10,sil
10.532469034194946,8,15,21,18,9,9,6,0,-12,-9,13,7,3,-4,sil
10.532469034194946,6,11,13,23,4,19,21,6,1,17,2,-2,0,0,sil
10.532469034194946,0,-2,0,17,5,18,27,6,20,34,0,0,0,8,sil
10.548126459121704,2,-11,0,0,0,1,22,2,19,10,0,9,7,11,sil
10.548126459121704,14,-3,6,-4,-11,-6,11,6,11,-6,15,22,19,6,sil
10.56369423866272,16,8,5,-4,-13,-7,-8,1,-4,-10,29,24,16,0,sil
10.56369423866272,3,16,9,-3,-5,-8,-22,-5,-24,-24,17,9,-3,-7,sil
10.578879356384276,-10,15,2,5,2,0,-8,0,-21,-21,0,-13,-16,-7,sil
10.59400463104248,-15,3,-5,10,3,18,7,7,-5,2,-12,-21,-17,-2,sil
10.59400463104248,-8,-1,0,10,4,27,13,7,12,33,-12,-13,-5,6,sil
10.609097957611084,-5,-1,-1,9,10,16,16,8,26,46,-4,-7,5,11,sil
10.609097957611084,-12,-9,-15,-6,7,0,8,0,17,22,-13,-14,-1,0,sil
10.624228954315186,-13,-16,-30,-29,-3,-4,0,-15,0,-8,-33,-26,-12,-13,sil
10.624228954315186,-6,-16,-32,-36,-8,-9,-9,-13,-12,-24,-35,-23,-15,-8,sil
10.64025354385376,0,-10,-21,-29,-1,-18,-9,-3,-11,-23,-21,-7,-8,0,sil
10.64025354385376,17,6,-2,-11,8,-9,5,0,6,1,0,5,13,7,sil
10.655944585800173,23,12,5,-6,6,-2,-1,0,5,14,4,4,16,3,sil
10.655944585800173,2,-7,-12,-24,-4,-18,-26,-7,-16,-14,-3,-9,-8,-9,sil
10.670990467071531,-3,-11,-7,-25,-4,-21,-25,-4,-12,-20,8,-7,-5,-8,sil
10.670990467071531,10,10,24,3,2,0,-8,5,7,12,32,12,20,5,sil
10.687409162521362,-2,10,20,16,2,3,-7,-1,2,10,23,8,4,-1,sil
10.687409162521362,-23,-1,7,15,0,-3,-10,-10,-12,-16,-1,-12,-35,-17,sil
10.703457593917848,-11,4,14,29,8,9,3,-1,-14,-4,-3,-14,-28,-9,sil
10.703457593917848,0,9,17,35,11,28,25,8,-2,21,4,3,2,6,sil
10.718655109405518,-10,-2,8,23,1,26,26,6,15,18,1,14,4,9,sil
10.718655109405518,-4,-8,0,15,-9,7,17,5,24,7,-12,6,-1,8,sil
10.733794450759888,9,-2,6,10,-10,-2,17,14,18,9,-9,11,11,13,sil
10.733794450759888,8,-2,5,12,-7,-2,17,17,19,13,15,27,31,19,sil
10.749567985534668,12,-4,-3,8,-6,-4,4,7,22,2,25,32,28,21,sil
10.749567985534668,21,2,0,-3,-8,-14,-9,0,7,-15,9,26,12,11,sil
10.76522183418274,18,9,1,-11,-14,-24,-23,-9,-18,-27,3,22,2,-5,sil
10.76522183418274,11,7,-1,-13,-12,-20,-32,-16,-27,-31,9,21,0,-13,sil
10.780803680419922,11,8,0,-12,0,-7,-16,-5,-10,-24,16,12,2,-6,sil
10.780803680419922,8,17,10,6,11,3,-1,4,0,-6,16,3,6,0,sil
10.79607605934143,4,22,16,26,17,16,0,2,-7,4,2,-1,4,0,sil
10.79607605934143,-1,7,0,15,16,22,7,0,-11,11,-10,-17,0,-1,sil
10.812092542648315,-15,-3,-10,-1,8,14,12,-1,-2,16,-6,-28,-3,-1,sil
10.812092542648315,-21,-1,-4,0,9,14,12,0,7,23,-6,-23,0,4,sil
10.828080654144289,-20,-14,-13,-5,14,13,11,3,2,27,-22,-25,-3,2,sil
10.828080654144289,-21,-35,-23,-29,-2,2,8,0,-3,16,-36,-35,-22,-8,sil
10.844114542007446,-18,-31,-23,-35,-17,-2,8,-7,7,-2,-35,-35,-33,-15,sil
10.844114542007446,-13,-11,-10,-21,-7,-8,0,-6,13,-13,-26,-18,-25,-12,sil
10.859963655471802,-5,-2,-1,-14,-1,-16,-12,-2,-2,-12,-3,-1,-3,-14,sil
10.859963655471802,1,-5,-3,-17,-16,-19,-18,-6,-14,-7,20,1,11,-11,sil
10.875080823898315,6,-1,0,-17,-15,-20,-25,-7,-8,-3,27,8,14,2,sil
10.875080823898315,15,13,11,1,5,-12,-22,-2,0,0,28,18,11,11,sil
10.89025592803955,22,21,25,20,11,1,-11,1,-7,-9,27,21,3,3,sil
10.89025592803955,16,18,25,16,3,2,-6,2,-19,-18,18,14,-1,-1,sil
10.906045913696287,3,17,9,11,5,0,0,-2,-14,-16,2,0,-9,-3,sil
10.906045913696287,-5,8,4,22,9,12,18,0,-9,-16,-15,-14,-25,-7,sil
10.921305894851685,-5,-5,-4,27,5,27,36,9,-3,-1,-17,-13,-22,0,sil
10.921305894851685,-3,-9,-16,7,3,22,35,13,14,32,-6,-3,3,15,sil
10.93718695640564,-12,-11,-19,-12,-6,2,14,9,28,36,-14,-5,6,10,sil
10.93718695640564,-17,-20,-27,-13,-18,-12,-3,4,25,5,-29,-12,-9,-7,sil
10.952693939208984,-4,-17,-21,-9,-9,-11,-6,3,13,-6,-20,0,0,-3,sil
10.952693939208984,5,-3,-4,-9,0,-4,0,1,13,4,-4,17,22,13,sil
10.968722343444824,9,-1,2,-7,-4,-4,-2,-2,18,2,-4,21,23,15,sil
10.968722343444824,12,0,1,2,-2,2,-1,0,10,0,-6,13,12,1,sil
10.984241485595703,8,8,3,7,8,7,1,2,0,5,0,7,13,-2,sil
10.984241485595703,1,12,14,0,3,-3,-6,0,0,1,4,12,16,0,sil
10.999349594116213,4,7,14,-1,-3,-9,-14,-3,0,-4,6,18,14,0,sil
10.999349594116213,12,13,20,13,7,0,-9,-4,-13,-3,22,19,12,3,sil
11.015204668045044,19,23,30,22,17,2,-2,-2,-16,0,46,24,18,14,sil
11.015204668045044,6,10,7,5,2,-7,-5,-1,-6,0,41,8,15,6,sil
11.030167818069458,-17,-5,-11,-14,-10,-15,-18,0,-10,-9,12,-17,-7,-14,sil
11.030167818069458,-12,0,1,-4,-7,-8,-8,0,-10,-8,9,-14,-10,-10,sil
11.04571533203125,6,4,12,7,-3,1,9,0,5,5,17,1,0,2,sil
11.04571533203125,-1,-2,3,0,0,2,4,-6,2,9,0,-11,-16,-6,sil
11.060828685760498,-13,-3,-6,2,6,6,2,-10,-19,-1,-14,-25,-31,-12,sil
11.060828685760498,-5,0,0,8,4,13,8,-5,-24,-13,-13,-14,-22,-1,sil
11.07692551612854,-2,0,4,3,1,6,3,0,-7,-10,-13,-6,-19,0,sil
11.07692551612854,-3,0,-2,9,3,-1,0,0,0,2,-11,-3,-18,-6,sil
11.092427492141724,0,-3,-4,7,-8,1,2,0,-2,-2,-14,-4,-15,-9,sil
11.092427492141724,-1,-12,-14,-8,-11,7,3,0,2,-8,-27,-17,-15,-5,sil
11.108338832855225,-8,-13,-19,-13,8,12,9,0,8,1,-25,-11,-7,6,sil
11.108338832855225,-3,-9,-10,-9,6,15,17,5,8,10,-9,-1,0,11,sil
11.123875379562378,-2,-7,-9,-6,-9,8,15,7,10,13,-6,-7,-7,0,sil
11.123875379562378,-14,-4,-6,-4,-2,0,5,0,8,17,-10,-8,-10,-8,sil
11.139001846313477,-13,-6,-13,-6,4,-6,-8,0,0,5,-4,-2,8,-6,sil
11.155113697052002,2,-7,-11,-12,-2,-12,-22,0,-7,-9,0,2,24,2,sil
11.155113697052002,11,0,1,-2,-4,-9,-13,3,4,4,2,11,28,10,sil
11.155691623687744,8,0,4,0,-2,-9,1,11,26,14,8,12,29,11,sil
11.170339822769163,7,-2,-1,-9,-2,-10,3,11,30,2,10,11,30,16,sil
11.186379671096802,4,-2,-12,-13,-4,-9,0,0,16,-2,4,6,24,13,sil
11.186379671096802,0,-2,-10,-12,-6,-12,-14,-5,0,-6,5,1,8,-8,sil
11.20198369026184,14,13,12,-2,6,-9,-14,0,-1,-8,26,21,14,-7,sil
11.20198369026184,34,33,31,13,18,-4,-2,-4,0,-4,37,43,28,13,sil
11.20198369026184,24,27,31,8,8,-8,-11,-11,-17,-18,18,30,4,0,sil
11.218090057373049,1,12,18,2,-3,-2,-16,-9,-27,-26,7,4,-24,-21,sil
11.218090057373049,0,11,14,15,-3,3,0,0,-15,-9,8,-5,-22,-15,sil
11.232740879058838,0,5,12,22,1,5,6,3,-15,-1,-4,-13,-14,-5,sil
11.247896671295166,-8,-3,3,17,6,16,13,-3,-19,0,-10,-18,-15,2,sil
11.247896671295166,-17,-1,2,13,5,27,22,-3,-13,5,-7,-15,-15,9,sil
11.263101577758787,-18,-1,-4,12,6,22,16,0,-4,6,-12,-16,-11,-1,sil
11.263101577758787,-23,-16,-14,4,7,14,7,0,0,8,-13,-13,-11,-9,sil
11.278687715530396,-24,-21,-15,-5,0,10,11,4,7,16,-12,-10,-22,-4,sil
11.278687715530396,-14,-8,-21,-7,-5,1,13,9,12,18,-21,-17,-25,0,sil
11.294774293899536,-5,3,-6,4,-2,0,9,5,8,6,-23,-14,-12,0,sil
11.294774293899536,0,0,2,6,-2,2,8,-1,8,3,-12,-11,-6,4,sil
11.310104846954346,4,-7,-7,-9,-8,-10,0,-4,5,7,-6,-7,-11,5,sil
11.310104846954346,8,-4,-3,-12,-7,-20,-8,-2,1,0,3,5,0,6,sil
11.325856685638428,7,-2,1,-4,-5,-16,-11,0,3,-6,13,5,12,6,sil
11.325856685638428,1,-11,-2,-17,-9,-15,-16,-2,2,-9,10,6,9,6,sil
11.340914249420166,0,-11,-2,-24,-13,-13,-15,-1,4,-3,8,13,14,9,sil
11.340914249420166,10,0,-1,-10,-10,-5,-16,0,7,1,6,10,22,8,sil
11.356438159942629,15,0,-1,-6,0,6,-11,3,5,0,3,8,16,0,sil
11.356438159942629,6,-4,0,-8,6,18,2,4,10,-3,9,9,16,-3,sil
11.372130870819092,-2,-5,0,-7,5,8,3,3,15,0,8,2,20,-3,sil
11.372130870819092,0,-2,-5,-12,0,-9,-5,-5,3,0,-3,-3,9,-11,sil
11.387745380401611,4,5,-5,-9,1,-7,-9,-12,-13,-17,-9,1,-2,-14,sil
11.387745380401611,3,9,4,4,7,-4,-10,-6,-14,-23,-2,0,2,-10,sil
11.402774572372437,1,5,0,2,6,-14,-7,-1,-1,0,8,0,15,-12,sil
11.402774572372437,0,10,1,-1,5,-7,0,2,0,5,11,4,9,-11,sil
11.418864250183104,-1,21,9,16,8,12,7,6,0,-5,0,2,-3,-2,sil
11.418864250183104,-2,12,5,20,6,10,18,5,4,3,0,3,0,5,sil
11.434959650039673,1,1,8,1,0,3,23,7,5,16,15,12,7,13,sil
11.434959650039673,8,10,20,16,4,2,22,5,4,16,20,10,5,14,sil
11.450697422027588,16,21,36,45,13,2,16,0,1,12,18,13,4,16,sil
11.450697422027588,16,15,27,35,8,6,0,-3,-9,8,12,19,2,21,sil
11.465860605239868,-1,3,-3,11,0,3,-18,-6,-26,-12,-5,-1,-15,6,sil
11.465860605239868,-14,-2,-4,5,-1,0,-15,-6,-34,-25,-20,-15,-30,-10,sil
11.4819016456604,-8,-12,0,4,0,5,5,-1,-26,-11,-15,-8,-25,-3,sil
11.4819016456604,-8,-20,-15,-7,-9,10,10,0,-13,-5,-19,-11,-25,-1,sil
11.49770975112915,-19,-17,-22,-14,-13,6,4,2,0,-3,-28,-22,-28,-10,sil
11.49770975112915,-16,-12,-18,-12,-6,2,3,9,18,14,-18,-19,-15,-1,sil
11.51274347305298,-12,-12,-17,-17,-5,-7,-3,6,25,14,-7,-17,-13,-1,sil
11.51274347305298,-20,-17,-29,-22,-12,-15,-16,-4,5,-9,-20,-30,-35,-20,sil
11.528784990310667,-21,-20,-23,-14,-9,-3,-18,-4,-6,-5,-25,-26,-50,-22,sil
11.528784990310667,-1,-8,-2,-7,1,13,-4,1,11,19,0,-1,-24,-2,sil
11.544798374176024,12,0,1,-11,3,10,2,0,23,15,14,10,0,9,sil
11.544798374176024,4,-8,-2,-17,-2,0,1,-2,11,-1,3,5,-27,4,sil
11.560043573379517,0,-4,-1,-11,-3,0,8,0,13,10,7,6,-6,6,please
11.560043573379517,24,15,11,2,0,-3,11,1,21,20,21,17,104,23,please
11.575576782226562,38,14,18,2,1,-4,0,1,9,-2,15,19,148,22,please
11.575576782226562,18,2,3,-6,1,-9,-6,0,-1,-17,11,13,86,0,please
11.591092586517334,5,10,6,0,8,-19,-9,-2,0,-11,18,18,63,-3,please
11.591092586517334,12,18,18,8,8,-16,-9,-4,0,-8,26,25,67,4,please
11.606674909591677,9,10,7,-6,1,-10,-11,-7,-14,-20,20,12,5,-7,please
11.606674909591677,-4,6,0,-11,1,-10,-13,-10,-30,-29,0,-6,-55,-23,please
11.62269902229309,-11,10,7,16,6,2,1,-3,-26,-22,-15,-14,-57,-12,please
11.62269902229309,-15,4,12,27,6,20,21,10,-3,-6,-16,-12,-52,0,please
11.637834548950195,-18,-12,-5,4,0,17,25,17,17,16,-14,-6,-47,1,please
11.637834548950195,-10,-17,-13,-8,-2,7,20,12,31,39,-8,3,-24,5,please
11.653445959091188,-6,-8,-2,-2,0,4,12,7,26,34,0,8,-6,8,please
11.653445959091188,-7,-2,-5,-1,-13,-4,-5,-1,-12,3,0,0,-12,0,please
11.668878078460692,3,6,-2,-4,-23,-17,-19,-9,-41,-20,3,11,-18,-5,please
11.668878078460692,24,20,17,15,0,-12,-19,-8,-15,-12,30,29,-4,0,please
11.684913873672484,20,28,28,46,24,0,-24,-8,-1,6,32,16,0,0,please
11.684913873672484,0,23,23,49,23,13,-24,-4,-28,8,-2,-6,-18,-7,please
11.701029777526855,-4,4,2,28,13,26,0,0,-24,7,-19,-16,-20,-3,please
11.701029777526855,-2,-12,-12,4,7,25,20,-1,8,11,-19,-25,-7,1,please
11.716768741607666,-13,-19,-20,-11,0,10,17,2,15,11,-25,-39,-2,0,please
11.716768741607666,-26,-28,-25,-22,-8,0,8,5,3,0,-22,-32,3,1,please
11.731854915618896,-22,-24,-19,-30,-13,-3,11,3,1,-11,-17,-14,6,0,please
11.731854915618896,-8,-7,-20,-29,-7,0,20,6,8,-6,-16,-9,3,-2,please
11.747142791748049,0,-11,-20,-30,-1,0,15,11,16,-1,-7,-8,5,1,please
11.747142791748049,5,-24,-10,-35,-10,-3,8,7,25,-2,0,-1,19,9,please
11.762806177139282,18,-11,-3,-24,-19,-13,5,1,30,7,3,9,30,13,please
11.762806177139282,23,1,0,-9,-12,-16,-11,1,22,8,17,25,27,20,please
11.777866840362549,19,2,6,0,0,-14,-25,-3,5,-12,27,35,20,12,please
11.777866840362549,23,20,26,13,6,-13,-16,-8,-2,-23,24,29,16,-2,please
11.793906211853027,27,38,36,23,9,-9,-13,-7,-9,-13,15,23,8,-3,please
11.793906211853027,11,28,13,17,8,-4,-21,-14,-24,-9,5,14,-4,-4,please
11.80972385406494,-16,9,-2,2,6,-1,-18,-19,-36,-12,-1,-2,-17,-20,please
11.825855493545532,-29,0,-8,-5,0,1,-3,-12,-35,-9,-8,-21,-24,-25,please
11.825855493545532,-15,-1,-5,0,-5,8,8,0,-22,-4,-15,-16,-24,-15,please
11.825855493545532,-2,-2,6,20,1,13,15,13,-3,2,-12,-9,-16,-5,please
11.840877532958984,-16,-12,-1,18,12,14,18,15,6,13,-10,-17,-7,0,please
11.840877532958984,-28,-21,-18,-5,4,11,20,6,12,22,-15,-19,-4,-1,please
11.856130838394163,-16,-16,-16,-11,-5,4,17,3,22,23,-11,-14,-3,1,please
11.856130838394163,-1,-6,2,-1,-2,0,5,7,23,13,5,1,4,13,please
11.871233701705933,5,1,10,-2,-2,-1,1,12,19,13,24,21,23,18,please
11.871233701705933,11,0,-1,-12,-7,-6,7,11,20,15,23,19,24,11,please
11.886812448501589,13,0,3,-10,1,-10,0,1,14,1,7,13,10,6,please
11.886812448501589,22,14,21,3,5,-8,-22,-11,1,-3,14,27,18,9,please
11.901868104934692,33,27,26,7,-3,-16,-43,-19,-15,-10,31,34,23,8,please
11.918987035751345,24,29,21,8,1,-19,-47,-21,-32,-28,19,14,0,-4,please
11.918987035751345,4,24,12,18,13,0,-25,-14,-29,-22,-3,-9,-16,-13,please
11.918987035751345,-2,7,5,18,5,21,9,1,-12,-1,-12,-17,-15,-3,please
11.935034275054932,-7,-5,-6,15,2,27,37,10,-5,2,-12,-19,-10,-2,please
11.935034275054932,-18,-5,-15,15,10,14,38,8,-7,2,-19,-24,-13,-15,please
11.949768304824827,-23,-10,-14,3,2,10,24,15,4,8,-19,-20,-16,-10,please
11.965759992599487,-21,-27,-26,-16,-5,18,26,15,24,14,-9,-17,-11,0,please
11.965759992599487,-26,-34,-30,-23,-2,11,27,4,23,5,-14,-25,-16,-6,please
11.965759992599487,-24,-26,-23,-12,-5,-1,19,0,10,-1,-33,-29,-23,-9,please
11.981264114379885,-10,-15,-19,-13,-16,-4,6,3,9,0,-36,-14,-12,6,please
11.996468544006348,-1,-15,-14,-32,-19,-6,-8,2,5,-9,-14,3,-3,12,sil
11.996468544006348,5,-14,-9,-35,-14,-14,-17,0,-2,-15,3,8,0,6,sil
12.011789321899414,18,-3,4,-14,-8,-18,-20,-1,0,1,5,14,11,9,sil
12.011789321899414,24,8,17,5,-1,-18,-25,-3,4,16,10,21,25,10,sil
12.02732229232788,25,20,17,12,5,-17,-31,-9,-1,4,32,30,33,6,sil
12.02732229232788,31,30,24,13,9,-13,-36,-12,-14,-3,43,43,33,11,sil
12.04331111907959,26,29,19,20,5,-9,-30,-16,-21,-4,34,30,22,3,sil
12.04331111907959,7,20,9,19,6,-2,-14,-15,-19,-12,20,8,5,-12,sil
12.064915895462036,0,18,13,11,14,8,6,-3,-10,-5,11,4,0,-7,sil
12.064915895462036,-5,14,13,8,10,11,18,0,-10,2,0,-4,-10,-6,sil
12.064915895462036,-24,0,0,-2,-2,3,2,-4,-20,-18,-13,-25,-30,-29,sil
12.075239181518556,-31,-7,-9,-7,-2,5,-8,0,-9,-25,-10,-23,-23,-22,sil
12.09197735786438,-17,-2,4,10,4,14,8,9,13,6,0,-6,-1,2,sil
12.09197735786438,-5,-2,11,16,1,15,26,11,14,18,-7,-3,-6,1,sil
12.09197735786438,-4,-12,-3,1,-3,13,27,10,7,6,-20,-13,-14,1,sil
12.10626745223999,0,-18,-4,-3,-2,11,31,10,14,11,-14,-9,0,23,sil
12.12171745300293,8,-14,-4,0,-6,3,29,8,14,18,-9,-1,6,26,sil
12.12171745300293,11,-8,-6,-1,-10,0,16,6,2,8,-13,-1,-1,12,sil
12.137763500213625,12,-7,-5,-1,-3,0,10,6,13,3,-11,-6,0,11,sil
12.137763500213625,9,-10,-11,-14,0,-11,-2,1,30,6,-2,-4,12,11,sil
12.152955293655396,0,-6,-9,-27,0,-15,-19,-1,17,2,8,10,20,2,sil
12.152955293655396,6,10,0,-5,11,-6,-17,-4,2,2,28,24,27,1,sil
12.168121337890623,13,25,6,20,21,-5,-18,-9,0,4,32,29,20,-3,sil
12.168121337890623,-3,15,0,7,8,-11,-26,-7,-10,0,15,16,2,-21,sil
12.183942556381226,-19,0,-4,-7,-1,-8,-16,2,-10,-6,9,0,-2,-20,sil
12.183942556381226,-13,3,3,0,4,0,0,4,1,-5,4,-2,-9,-6,sil
12.19937777519226,-20,2,-4,0,0,7,6,-3,-6,-7,-19,-12,-26,-16,sil
12.19937777519226,-30,-14,-18,-11,-14,5,7,-7,-27,-15,-38,-33,-31,-28,sil
12.215192794799805,-20,-19,-9,-5,-14,7,11,-3,-21,-15,-35,-33,-20,-11,sil
12.215192794799805,-13,-14,-9,-5,-10,2,13,-1,-1,0,-31,-23,-14,0,sil
12.230730295181274,-5,-15,-11,-27,-14,-7,-2,2,3,4,-30,-16,-8,0,sil
12.230730295181274,23,-5,1,-23,-17,-10,-16,2,-1,-7,-2,5,8,11,sil
12.24672508239746,41,18,21,10,-5,-8,-16,-8,-10,-15,33,32,16,20,sil
12.24672508239746,31,38,30,32,15,-2,-17,-13,-20,-18,39,33,9,8,sil
12.2627854347229,18,34,21,33,23,9,-18,-13,-24,-14,23,11,0,-5,sil
12.2627854347229,9,11,16,27,17,15,-8,-6,-14,2,13,2,-1,-1,sil
12.2784161567688,4,-3,9,28,15,17,14,10,11,32,14,7,9,16,sil
12.2784161567688,1,-12,-6,17,9,21,30,20,32,43,13,8,17,24,sil
12.2951238155365,-9,-27,-16,-15,-7,10,21,14,28,22,0,-5,7,10,sil
12.2951238155365,-18,-31,-29,-32,-15,-10,3,4,15,-5,-19,-22,-2,-7,sil
12.310153722763062,-10,-16,-22,-18,-10,-15,-3,3,14,-10,-17,-14,-3,-11,sil
12.310153722763062,1,0,-1,-9,-4,-12,0,5,19,4,6,8,8,-1,sil
12.325842380523682,3,6,3,-14,-2,-18,1,2,9,2,14,13,11,1,sil
12.325842380523682,1,11,2,-10,0,-19,-1,-1,-13,-21,-1,0,-10,-4,sil
12.341022491455078,5,21,12,6,7,-4,4,-4,-13,-24,-6,-5,-18,-2,sil
12.341022491455078,11,25,26,15,12,9,8,-3,-4,-9,-3,1,-5,6,sil
12.356945991516112,3,10,17,10,2,16,4,0,-11,-10,-12,1,-9,5,sil
12.356945991516112,-11,-5,0,8,-2,15,5,0,-9,-5,-18,-12,-16,1,sil
12.372705936431885,-7,-3,4,15,6,12,5,-5,5,23,-5,-6,2,6,sil
12.372705936431885,7,0,1,15,3,10,0,-5,13,42,12,10,26,14,sil
12.388262033462524,0,-5,-9,0,-6,3,-7,0,6,32,12,9,22,13,sil
12.388262033462524,-19,-11,-18,-15,-9,-8,-8,0,0,12,0,1,0,-5,sil
12.404884576797484,-19,-12,-19,-15,-11,-18,-13,-9,-8,-6,-3,0,-7,-26,sil
12.404884576797484,-3,-7,-2,-12,-9,-15,-18,-2,-12,-13,6,5,3,-17,sil
12.420109748840332,3,-9,1,-11,0,-7,-6,10,1,0,23,12,21,0,sil
12.420109748840332,0,-13,-6,-11,0,-6,-3,7,15,1,28,11,21,-6,sil
12.435704469680786,-2,-3,-5,-11,0,-11,-11,-2,4,-19,11,-1,0,-20,sil
12.435704469680786,-1,8,-2,-3,0,-12,-5,-6,-13,-30,-10,-11,-21,-18,sil
12.45130181312561,-1,11,6,1,0,-5,6,-4,-16,-26,-21,-10,-23,-8,sil
12.45130181312561,1,10,4,0,0,3,11,0,-13,-29,-18,-15,-19,-1,sil
12.466431379318236,0,4,-3,0,1,7,3,3,-19,-28,-24,-22,-27,0,sil
12.466431379318236,-4,1,0,6,-2,10,-3,1,-22,-15,-37,-23,-36,-4,sil
12.482136011123655,0,6,3,10,0,18,0,0,-10,-3,-27,-11,-23,1,sil
12.482136011123655,10,6,2,10,10,23,8,0,9,14,-6,7,4,24,sil
12.497459411621094,11,2,0,15,14,21,14,0,25,41,2,9,25,32,sil
12.497459411621094,10,0,-1,14,12,17,15,2,30,45,8,3,29,21,sil
12.513125896453856,11,-5,2,5,8,12,10,4,26,35,17,12,28,19,sil
12.513125896453856,9,-9,3,0,1,-1,4,0,17,31,25,15,30,17,sil
12.528883457183838,2,-7,0,-9,-5,-16,-1,-2,8,14,25,6,18,0,sil
12.528883457183838,-10,-10,-11,-22,-9,-16,-5,3,4,-7,17,2,4,-15,sil
12.545135259628296,-17,-14,-15,-28,-9,-12,-9,1,0,-18,5,-1,0,-25,sil
12.545135259628296,-9,-6,-7,-21,-6,-15,-8,-3,-10,-18,1,-3,-6,-29,sil
12.56087350845337,-2,3,0,-3,0,-12,-1,0,-20,-12,1,-7,-16,-18,sil
12.56087350845337,-2,8,17,8,4,0,-4,3,-18,-13,-4,-6,-18,-4,sil
12.575983762741089,0,12,26,16,4,6,-2,0,-9,-15,-5,1,-9,1,sil
12.575983762741089,3,11,14,23,0,3,4,-3,-8,-6,-4,1,-8,7,sil
12.592109441757202,2,4,10,21,-2,2,6,0,-10,0,-12,-4,-14,9,sil
12.592109441757202,2,0,4,16,-5,2,6,0,0,0,-12,3,-7,13,sil
12.607732057571411,8,0,4,14,-9,-2,0,0,11,12,1,22,6,25,sil
12.607732057571411,17,0,4,12,-7,-4,-5,4,16,21,16,20,16,28,sil
12.626026391983032,16,1,-3,4,0,-1,-3,4,18,16,16,11,21,10,sil
12.626026391983032,5,0,-5,-4,1,0,-3,0,16,3,6,12,21,-2,sil
12.63916516304016,-3,-5,-12,-9,-5,-5,-9,-8,9,-4,6,5,12,-6,sil
12.63916516304016,-10,-3,-11,-9,-1,-8,-10,-11,-7,-12,17,3,4,-17,sil
12.65418529510498,-9,9,0,-3,10,-4,-6,-1,-15,-18,19,12,0,-22,sil
12.65418529510498,-2,16,4,0,9,-6,-8,0,-11,-17,9,6,-5,-13,sil
12.669775485992432,-5,13,3,-1,0,-6,-7,-6,-18,-13,0,-8,-17,-18,sil
12.669775485992432,-12,6,-1,5,1,5,2,-5,-26,-15,-10,-16,-19,-23,sil
12.684893131256104,-6,0,0,7,12,16,11,2,-18,-17,-24,-21,-20,-5,sil
12.684893131256104,1,-5,2,-4,7,19,22,10,-3,0,-28,-25,-16,10,sil
12.700039625167848,-5,-12,-8,-12,-1,22,29,12,10,19,-24,-25,-1,12,sil
12.700039625167848,-11,-19,-16,-13,0,16,17,8,25,24,-21,-22,5,13,sil
12.716107606887816,-1,-21,-17,-24,-1,0,0,2,30,20,-20,-17,7,17,sil
12.716107606887816,7,-18,-10,-38,-11,-16,-14,0,19,14,-14,-1,10,19,sil
12.732127666473389,8,-15,-3,-34,-7,-19,-24,-4,0,2,0,12,10,13,sil
12.732127666473389,2,-7,-5,-15,0,-12,-23,-15,-19,-13,10,11,4,-7,sil
12.74774932861328,-1,8,-1,3,-1,-9,-19,-13,-24,-16,8,4,-2,-19,sil
12.74774932861328,-2,11,2,21,4,0,-1,-3,-7,0,2,-8,-7,-12,sil
12.763374090194702,-11,-8,0,19,11,19,22,0,1,9,-7,-22,-12,-13,sil
12.763374090194702,-29,-17,-10,1,-3,24,21,2,-1,12,-24,-26,-15,-20,sil
12.778929233551024,-27,-10,-20,-7,-16,3,10,14,13,19,-24,-23,-8,-12,sil
12.778929233551024,-5,-7,-10,-15,-11,-8,13,18,30,8,-8,-11,-5,-1,sil
12.794854640960692,8,-2,-2,-16,-7,0,13,6,18,-12,10,9,-1,0,sil
12.794854640960692,16,18,7,3,-2,0,1,0,1,-16,34,31,11,6,sil
12.810028553009031,26,37,28,22,10,-11,-8,-1,1,-10,46,38,14,6,sil
12.810028553009031,29,34,35,31,18,-11,-15,-5,0,-5,34,31,2,1,sil
12.826128721237184,23,30,39,38,14,1,-14,-3,-9,0,22,25,1,11,sil
12.826128721237184,20,29,30,39,8,5,-4,0,-15,4,22,21,16,27,sil
12.842143297195436,23,15,19,37,3,-6,-9,-7,-12,2,17,20,18,28,sil
12.842143297195436,25,5,31,44,6,-4,-12,-8,-11,6,15,30,15,26,sil
12.85808777809143,11,5,22,34,7,3,0,-5,-14,8,9,24,13,20,sil
12.85808777809143,-13,-6,-7,0,-14,-1,1,-2,-13,-1,-13,0,0,5,sil
12.873839855194092,-19,-17,-18,-15,-24,0,9,5,6,-4,-23,-12,-8,-5,sil
12.873839855194092,-7,-14,-15,-14,0,5,25,12,26,7,0,-3,7,-6,sil
12.88871693611145,-6,-17,-19,-28,10,-4,10,10,24,10,10,1,25,-6,sil
12.88871693611145,-14,-23,-36,-43,-9,-11,-6,6,14,3,-3,-10,16,-13,sil
12.903975009918211,-11,-14,-32,-41,-10,-2,-2,2,1,-11,-12,-18,-9,-24,sil
12.903975009918211,-12,-7,-19,-37,-1,-5,-7,-4,-15,-30,-13,-22,-22,-33,sil
12.919129371643066,-25,-13,-17,-34,-6,-9,-19,-11,-26,-30,-24,-28,-27,-30,sil
12.935760259628296,-27,-12,-5,-15,-7,2,-15,-9,-27,-20,-32,-27,-37,-19,sil
12.936094999313354,-17,-2,9,5,5,13,0,-5,-18,-12,-24,-23,-32,-14,sil
12.950910568237305,-9,0,12,2,8,13,8,0,2,5,-14,-17,-16,-3,sil
12.950910568237305,2,0,2,0,0,8,4,0,13,31,-6,-8,-2,14,sil
12.950910568237305,9,0,-2,13,-1,3,-6,-8,-4,20,-4,-10,-2,16,sil
12.966058254241943,0,-1,0,15,2,11,-8,-8,-11,-2,-14,-14,-9,11,sil
12.966058254241943,0,-2,-5,6,8,21,8,11,17,13,-3,-4,4,22,sil
12.981704711914062,6,0,-4,4,8,9,18,17,27,29,17,9,23,23,sil
12.99669909477234,5,0,-3,2,0,-5,8,5,12,13,8,2,14,2,sil
12.99669909477234,0,-13,-14,-6,-11,-12,0,0,16,8,-10,-9,1,-8,sil
13.012783527374268,1,-12,-10,-16,-13,-10,6,1,23,10,0,2,7,-4,sil
13.012783527374268,11,10,3,-6,-1,-1,15,-1,20,-1,19,19,17,0,sil
13.027909755706789,20,21,11,2,3,-1,-2,-3,7,-9,19,26,19,2,sil
13.027909755706789,13,12,7,-2,-3,-15,-25,-4,-18,-18,10,29,12,4,sil
13.044002294540403,10,15,7,-1,-5,-15,-17,-4,-31,-28,10,27,0,6,sil
13.044002294540403,23,24,22,5,1,-7,4,3,-10,-15,16,23,-2,4,sil
13.059855461120604,18,14,15,5,3,-11,4,5,0,4,12,13,2,-4,sil
13.059855461120604,-7,6,2,12,8,-12,-13,0,-18,-5,2,0,0,-14,sil
13.075027227401732,-11,18,15,28,16,0,-16,-2,-25,-17,12,0,-3,-11,sil
13.075027227401732,2,23,20,37,16,5,-3,-4,-11,-2,25,9,2,0,sil
13.090511798858644,5,11,14,33,17,13,7,-2,0,4,11,6,0,3,sil
13.090511798858644,-4,0,9,18,17,26,18,0,3,0,-4,-5,-8,0,sil
13.105814695358276,-22,-8,-1,0,0,23,18,0,2,1,-13,-13,-12,-4,sil
13.105814695358276,-27,-17,-12,-1,-7,12,18,0,3,10,-18,-19,-14,-12,sil
13.12096905708313,-12,-18,-14,-5,2,11,25,1,15,23,-6,-19,-1,-2,sil
13.12096905708313,1,-14,-2,-7,0,11,24,7,27,28,0,-11,15,15,sil
13.13693118095398,4,-13,0,3,-12,6,14,10,24,22,-7,-10,10,18,sil
13.13693118095398,5,-18,-6,0,-13,0,8,5,11,14,-11,-10,-1,10,sil
13.152734518051147,3,-22,-12,-27,-12,-4,1,1,1,7,-12,-5,-4,4,sil
13.152734518051147,-3,-24,-24,-34,-18,-14,-12,-3,-1,-7,-26,-18,-11,0,sil
13.167834997177124,-13,-22,-29,-31,-25,-27,-27,-11,-13,-27,-40,-28,-26,-9,sil
13.167834997177124,-14,-19,-27,-36,-25,-30,-37,-6,-22,-29,-31,-20,-23,-12,sil
13.183740377426147,-8,-15,-17,-32,-20,-26,-45,-2,-18,-27,-11,0,-3,-6,sil
13.183740377426147,-5,-5,-4,-22,-16,-18,-44,-12,-16,-35,0,12,5,-7,sil
13.199392080307009,1,4,-3,-16,-7,-8,-28,-11,-8,-21,9,17,13,-9,sil
13.199392080307009,15,15,7,-4,14,2,-8,3,9,11,27,29,25,5,sil
13.215213775634766,17,20,17,12,22,5,1,4,15,16,36,32,31,11,sil
13.215213775634766,8,21,15,11,12,-3,2,-3,3,2,32,23,24,-4,sil
13.230130434036257,8,29,22,7,12,-1,6,3,1,7,36,25,12,-7,sil
13.230130434036257,8,38,18,22,25,13,15,11,9,15,33,20,2,0,sil
13.245583772659302,-6,26,13,28,20,16,18,2,1,5,8,-1,-11,-10,sil
13.245583772659302,-10,12,15,27,9,22,30,0,-3,2,-4,-14,-18,-12,sil
13.261170864105225,10,19,20,42,18,30,47,5,4,12,0,-5,-6,6,sil
13.261170864105225,20,16,24,41,19,19,35,1,2,17,-3,6,0,19,sil
13.276789665222168,0,-10,1,13,-1,8,9,-6,-6,12,-6,-1,-6,8,sil
13.276789665222168,-8,-19,-13,-5,-9,9,-1,0,-7,0,-15,-20,-14,0,sil
13.291906595230104,0,-4,-3,-3,-2,0,-2,5,-8,-8,-23,-20,-11,8,sil
13.291906595230104,0,-7,-7,-1,-6,-16,-10,-8,-21,-8,-17,-19,-13,5,sil
13.307132005691528,-7,-15,-12,-2,-9,-7,-13,-8,-23,-9,-17,-19,-17,-2,sil
13.307132005691528,0,-11,-7,-3,-1,7,2,7,5,2,-16,-4,0,8,sil
13.322786808013916,2,-13,-7,-9,0,5,12,12,30,17,-1,7,17,14,sil
13.322786808013916,-8,-18,-17,-16,-7,-5,-1,1,18,4,-2,-5,1,-2,sil
13.338159561157228,-11,-12,-20,-13,-13,-13,-15,-1,5,-7,-9,-15,-8,-14,sil
13.338159561157228,-1,-3,-8,-2,-7,-12,-9,3,13,0,2,-1,3,-9,sil
13.35472559928894,-4,-8,-10,-1,-5,-7,1,1,20,7,12,0,10,-8,sil
13.35472559928894,-10,-14,-12,-16,-12,-7,0,-2,10,-5,5,-2,3,-7,sil
13.370474815368652,-1,-1,3,-12,-5,-4,-5,0,-5,-16,-1,6,0,-4,sil
13.370474815368652,0,6,4,0,2,-2,-1,-2,-13,-12,-2,7,0,-2,sil
13.385676622390749,-4,0,-4,-9,-8,-10,-2,-4,-7,-3,4,6,5,0,sil
13.385676622390749,2,4,0,-13,-5,-7,-2,0,-2,-1,8,17,9,4,sil
13.401791334152222,15,13,16,0,13,5,0,0,-11,-5,2,20,8,7,please
13.401791334152222,13,5,16,0,10,4,-2,-1,-15,-11,0,8,4,3,please
13.417920351028442,5,0,1,-11,0,-4,-12,-2,-1,-8,5,0,0,0,please
13.417920351028442,0,2,3,-12,0,-3,-17,-1,4,0,4,5,1,1,please
13.433426856994627,0,2,2,-9,-2,-1,-12,-2,0,2,2,9,7,8,please
13.433426856994627,2,-1,0,-7,-7,-5,-17,-7,-3,-5,0,1,1,7,please
13.449225187301636,8,0,7,1,-1,-5,-19,-3,-3,0,4,-1,-4,-1,please
13.449225187301636,3,4,4,3,2,-1,0,5,1,12,10,0,0,-7,please
13.464884281158447,-3,6,1,-1,4,6,16,10,8,7,7,2,0,-3,please
13.464884281158447,-1,10,7,7,5,11,14,9,6,4,3,0,-2,0,please
13.480068922042848,-1,13,11,25,3,4,6,4,-3,7,2,-4,0,-1,please
13.480068922042848,-5,12,14,28,5,9,6,-1,-6,3,0,-3,-2,-6,please
13.49567699432373,-1,10,4,24,6,18,12,-5,1,9,4,-3,-3,-6,please
13.49567699432373,-4,4,-8,20,2,5,9,-2,-5,13,2,-11,-9,-7,please
13.5107159614563,-14,-2,-12,16,3,0,5,0,-23,-9,-15,-25,-21,-12,please
13.511715412139893,-9,-4,-5,15,9,13,17,0,-10,-14,-20,-20,-17,-8,please
13.526890516281128,0,-2,3,14,11,12,22,1,18,19,0,0,2,8,please
13.526890516281128,3,-7,-3,3,3,-2,10,0,18,30,12,12,18,24,please
13.54191827774048,7,-9,-6,-2,-4,-4,-4,-1,-2,-2,0,8,10,21,please
13.54191827774048,3,-1,-2,1,-4,5,-1,0,-2,-17,-16,-3,-8,8,please
13.55751132965088,-8,-3,-6,-5,0,3,9,-1,10,-3,-17,-14,-12,2,please
13.55751132965088,-13,-17,-12,-28,-6,-9,5,-1,6,-1,-18,-16,-7,0,please
13.57306981086731,-5,-23,-21,-25,-6,-8,4,3,3,-2,-16,-5,-6,-2,please
13.58869218826294,3,-15,-11,-12,0,2,12,6,17,0,-7,8,0,2,please
13.58869218826294,9,-4,0,-13,-2,-3,4,4,21,-1,-6,6,11,4,please
13.60378384590149,4,-3,-4,-21,-13,-18,-15,1,4,-11,-8,1,10,-2,please
13.60378384590149,5,-3,2,-16,-13,-12,-22,5,-5,-12,11,20,9,-1,please
13.618910789489746,20,7,12,0,0,-4,-15,4,-2,-6,28,28,19,1,please
13.618910789489746,14,10,5,-2,2,-15,-22,-8,-10,-13,7,9,10,-7,please
13.635006189346312,-1,0,-3,-21,-14,-23,-34,-12,-18,-17,0,1,-2,-14,please
13.635006189346312,6,1,5,-12,-16,-16,-30,-2,-11,0,29,16,12,-2,please
13.651015281677246,17,24,26,14,4,-5,-17,0,-6,7,36,23,19,1,please
13.651015281677246,5,27,22,28,16,5,-9,-8,-9,-2,17,4,0,-1,please
13.66615605354309,-8,8,1,22,7,10,-6,-10,-12,0,6,-10,-12,-4,please
13.666661262512209,-9,1,-4,4,-3,4,0,-4,-9,7,4,-9,-7,-4,please
13.68170928955078,-8,4,0,-4,0,1,12,0,-4,7,3,-6,-5,-2,please
13.68170928955078,-17,0,0,1,8,10,17,0,-6,5,-4,-14,-11,-6,please
13.696810245513916,-26,-7,-11,4,4,17,16,5,-3,4,-22,-26,-18,-13,please
13.696810245513916,-21,-11,-18,-5,-3,14,15,11,12,2,-22,-23,-15,-8,please
13.712918043136597,-8,-3,-4,-6,3,12,22,9,23,5,-10,-12,-8,-3,please
13.712918043136597,-4,-1,2,4,10,13,28,0,12,3,-19,-13,-13,-6,please
13.728739976882936,-8,-9,-1,8,3,15,18,-3,-2,-1,-29,-14,-22,-4,please
13.728739976882936,-5,-8,-6,8,4,14,11,0,2,2,-11,-4,-8,10,please
13.743802070617676,13,1,6,14,12,10,13,3,12,18,7,6,15,24,please
13.743802070617676,26,4,19,18,5,6,3,3,4,22,12,14,27,25,please
13.758990049362184,15,0,4,11,-7,-3,-10,0,0,6,12,13,24,17,please
13.758990049362184,10,0,0,-2,-4,-15,-11,0,11,0,10,20,22,19,please
13.774816036224363,18,0,3,-2,5,-11,3,8,30,18,8,24,29,24,please
13.774816036224363,15,0,-1,3,0,-13,1,10,26,12,1,13,25,11,please
13.790928602218628,0,-2,-2,-9,-17,-29,-17,1,-3,-12,-3,4,1,-5,please
13.790928602218628,-11,-11,-9,-31,-25,-27,-23,-10,-28,-15,2,0,-13,-15,please
15.277196407318115,1,-3,-2,-11,0,-1,9,13,55,35,18,12,33,20,please
15.277196407318115,-8,-8,-5,-10,-3,-12,-9,-1,25,8,6,8,13,3,please
15.293230056762695,-1,-9,-8,-17,-7,-14,-21,-13,-3,-20,-9,0,-3,-12,please
15.293230056762695,8,-2,0,-15,-3,-9,-12,-9,-12,-14,-3,10,4,-3,please
15.309340000152588,9,0,2,-4,0,-11,0,0,-6,0,8,11,12,11,please
15.309340000152588,5,-1,-5,-10,-3,-9,0,-2,0,-4,1,5,0,10,please
15.324938297271729,4,-2,-1,-20,-8,1,-1,-2,1,-8,-4,13,-3,5,please
15.324938297271729,4,-2,0,-15,-5,0,1,2,5,-1,2,2,6,2,please
15.34068489074707,-2,0,-7,-12,-4,-21,-1,0,0,-7,4,-19,0,-10,please
15.34068489074707,-3,8,-5,-7,-9,-23,-7,-2,-12,-15,0,-10,-11,-15,please
15.355762004852297,12,14,7,6,-4,-10,-11,2,-17,-7,7,15,-5,-1,please
15.355762004852297,18,19,14,11,8,-6,-10,0,-9,5,25,29,9,3,please
15.370975255966188,7,15,3,0,1,-11,-6,-6,-2,5,28,23,11,0,please
15.370975255966188,2,6,6,-2,-12,-5,-8,0,-5,-6,9,9,-2,0,please
15.386675834655762,5,11,22,26,0,2,-11,0,-8,-5,0,13,-4,0,please
15.386675834655762,0,14,18,47,15,-1,-10,-10,-15,4,3,18,0,-2,please
15.401753425598145,-3,2,2,22,9,1,-3,-7,-18,0,0,-4,-11,-7,please
15.418298244476318,0,-2,-5,3,4,20,7,2,0,-4,0,-14,-11,-5,please
15.418298244476318,-1,1,4,12,9,13,4,-3,3,-2,0,0,-1,-6,please
15.418298244476318,-12,-2,0,9,2,-6,-7,-13,-11,-7,-18,-10,-10,-16,please
15.433858394622805,-12,-10,-10,-1,-5,0,-4,-6,-8,-3,-18,-22,-10,-12,please
15.447745323181152,0,-11,1,-4,-3,15,4,5,7,3,-3,-9,3,6,please
15.447745323181152,-1,-12,0,-9,-6,3,6,9,13,0,-13,-13,0,7,please
15.464858770370483,-12,-9,-13,-15,-5,-2,2,7,4,-1,-21,-24,-10,-5,please
15.464858770370483,-7,1,-3,0,5,11,1,2,-5,0,-3,-7,-5,-7,please
15.464858770370483,4,1,0,9,6,18,10,-1,-1,-12,2,0,-2,-1,please
15.479405879974363,2,-7,-6,-6,0,13,13,4,11,-10,-7,-3,-7,2,please
15.495039224624634,-3,-1,-10,-16,5,9,8,6,9,12,-13,-6,0,3,please
15.495039224624634,-6,6,-5,-2,8,2,6,-1,-4,5,-7,-10,3,0,please
15.51103925704956,-2,5,2,10,4,3,14,2,-2,-1,1,-5,6,3,please
15.51103925704956,5,6,5,14,2,5,19,10,11,20,11,11,14,18,please
15.51103925704956,6,5,4,4,-2,-10,7,1,13,24,17,14,15,19,please
15.525702238082886,2,-3,0,-4,-4,-16,-2,-2,11,16,21,7,22,16,please
15.541749000549316,12,-1,5,0,1,0,-1,3,11,25,17,14,30,22,please
15.541749000549316,15,1,11,2,-5,-3,-6,0,-3,4,1,15,6,10,please
15.556945562362673,0,-10,-3,-10,-16,-21,-19,-6,-22,-27,-7,2,-17,-11,please
15.556945562362673,-3,-11,-5,-13,-6,-16,-19,0,-16,-15,-7,0,-7,-8,please
15.572201251983644,4,1,-4,-6,-2,-1,-3,2,5,3,-6,0,-1,2,please
15.572201251983644,1,4,-5,-12,-4,8,4,0,12,-6,-5,-5,-9,-3,please
15.588209867477415,-6,0,-1,-16,2,9,4,2,5,-1,1,-1,-2,-9,please
15.588209867477415,-7,0,-6,-3,0,-3,5,2,4,12,4,2,0,-9,please
15.603772640228271,-1,0,-2,3,0,-9,-1,0,9,-1,-2,0,-9,-5,please
15.603772640228271,3,-3,4,-2,9,0,-10,-1,8,-2,0,3,-4,0,please
15.61875319480896,-2,-8,0,-10,2,-2,-13,-9,0,9,4,6,0,-5,please
15.61875319480896,-11,-8,-3,-8,-13,-16,-12,-18,-9,-7,-6,4,-4,-8,please
15.6339111328125,-1,-7,-3,0,-4,-9,-7,-19,-17,-17,-5,1,0,-2,please
15.6339111328125,5,0,3,1,5,4,-3,-8,-18,-4,5,3,1,-8,please
15.649105310440063,0,11,4,4,0,6,2,1,-8,-8,0,-4,-1,-11,please
15.649105310440063,-2,14,2,14,0,3,9,7,1,-16,-2,-11,-5,2,please
15.664289712905884,0,8,3,18,9,8,3,17,2,-3,0,-8,-7,4,please
15.664289712905884,-4,2,-3,7,2,10,-2,16,3,1,-2,-8,-3,-5,please
15.679898262023926,-3,0,-3,-3,-4,3,1,1,4,-4,0,0,4,-1,please
15.679898262023926,10,4,9,0,0,3,6,0,4,5,20,11,15,8,please
15.695135593414308,13,9,6,5,4,4,1,3,1,7,17,5,15,5,please
15.695135593414308,0,5,0,1,0,0,-3,-2,-5,-10,-3,-5,0,-1,please
15.71092414855957,-1,4,1,9,0,-5,-3,-6,-1,-4,-3,-2,-7,-3,sil
15.71092414855957,1,9,10,20,6,-10,-4,0,7,6,4,2,-4,-3,sil
15.726144075393677,-2,5,9,7,8,-10,-1,0,0,-1,0,0,-6,-3,sil
15.726144075393677,-7,-6,-1,-6,4,0,2,-9,-19,-3,-10,-11,-7,-2,sil
15.74169945716858,-2,-6,0,0,7,15,6,-11,-23,0,-20,-14,-8,3,sil
15.74169945716858,2,6,8,23,14,24,16,-1,-9,3,-12,-3,-4,15,sil
15.757379055023192,0,8,3,26,5,19,20,4,2,14,1,4,5,17,sil
15.773158550262451,-5,-6,-11,-2,-8,7,14,6,11,25,-2,0,10,8,sil
15.773158550262451,-9,-17,-24,-25,-5,-1,9,9,13,19,-18,-12,0,1,sil
15.773158550262451,-8,-16,-21,-20,-1,-4,5,10,4,-3,-25,-12,-12,-5,sil
15.788772583007812,-2,-9,-14,-10,-11,-2,0,6,5,-10,-20,-1,-3,-1,sil
15.788772583007812,4,-10,-7,-15,-17,-2,-7,0,13,0,0,9,11,11,sil
15.803919315338137,6,-20,-6,-23,-15,-7,-9,-3,12,7,19,8,18,10,sil
15.819955825805664,5,-22,-9,-24,-11,-12,-10,5,12,10,19,4,18,0,sil
15.819955825805664,4,-6,2,-15,-1,-16,-14,11,18,7,16,20,16,1,sil
15.82095742225647,13,10,12,-1,2,-16,-15,0,20,7,28,34,23,6,sil
15.836136102676392,24,18,15,2,0,-14,-19,-11,6,1,32,24,20,-2,sil
15.836136102676392,17,27,28,8,5,-7,-19,-10,-12,-16,24,13,0,-12,sil
15.852174282073976,5,32,27,25,14,1,-6,-11,-20,-17,25,14,-6,-4,sil
15.852174282073976,12,29,26,32,17,8,5,-10,-22,-5,21,8,-1,0,sil
15.86823320388794,4,12,11,20,9,6,4,-4,-28,-15,-7,-12,-24,-11,sil
15.86823320388794,-24,-13,-13,1,-1,2,2,0,-27,-27,-40,-32,-49,-23,sil
15.883793354034424,-33,-25,-24,-9,-9,11,11,7,-5,0,-39,-39,-32,-19,sil
15.883793354034424,-25,-21,-29,-16,-10,16,20,15,14,21,-26,-40,-7,-3,sil
15.898992776870728,-25,-20,-26,-19,-9,3,14,16,16,0,-28,-27,-2,2,sil
15.898992776870728,-13,-17,-16,-17,-11,-5,5,7,11,-17,-25,-2,1,2,sil
15.91503095626831,4,-2,-6,-17,-10,-4,1,-3,0,-15,-4,12,6,8,sil
15.91503095626831,3,14,8,-3,0,-4,-2,-4,-14,-12,11,16,0,8,sil
15.93020796775818,-3,21,17,28,14,1,-1,-5,-11,-2,9,4,-3,-3,sil
15.93020796775818,-2,8,12,29,12,10,2,-8,-5,16,0,-4,-2,-1,sil
15.945881128311155,6,-1,0,7,10,7,0,-6,-3,27,-2,1,0,13,sil
15.94631814956665,21,4,1,9,13,0,-3,-8,3,10,1,14,4,17,sil
15.96206021308899,22,4,3,8,0,-4,-4,-10,9,-5,-3,11,9,6,sil
15.96206021308899,6,-16,-12,-18,-13,-9,-5,-2,11,1,0,2,20,-1,sil
15.977753400802612,-2,-20,-7,-30,0,-15,-13,8,11,10,18,12,25,-3,sil
15.977753400802612,-3,1,5,-17,2,-13,-16,8,2,3,24,9,15,-7,sil
15.99545121192932,-8,15,-1,-1,-5,-7,-5,2,-1,-4,14,-5,0,-14,sil
16.007405281066895,-4,15,10,12,5,4,3,10,7,3,12,4,-1,-4,sil
16.007405281066895,10,16,23,22,17,18,7,10,13,21,14,11,9,9,sil
16.022985219955444,11,13,14,13,3,17,6,-4,-2,0,-1,-10,-3,2,sil
16.022985219955444,-2,3,0,0,-5,10,4,-5,-20,-42,-23,-25,-36,-14,sil
16.03839659690857,-7,-7,-6,0,1,12,9,2,-19,-29,-25,-25,-35,-15,sil
16.03839659690857,-3,-10,-3,0,3,17,15,0,-8,11,-14,-16,-6,2,sil
16.053924560546875,0,-12,-5,0,-5,8,2,-4,0,19,-4,-5,12,14,sil
16.053924560546875,2,-14,-7,5,-9,-8,-11,0,9,16,6,5,19,16,sil
16.06986904144287,6,-11,-6,4,-7,-10,0,5,20,28,15,16,24,21,sil
16.06986904144287,3,-14,-9,-6,-14,-7,11,-1,19,20,7,14,13,18,sil
16.09112572669983,-4,-21,-8,-15,-17,-17,1,-4,7,-9,0,9,0,2,sil
16.09112572669983,-1,-6,-7,-6,-4,-19,0,4,11,-6,16,17,9,0,sil
16.09112572669983,11,17,4,8,5,-5,-2,6,8,0,31,29,11,0,sil
16.100162506103516,19,26,22,16,9,0,-13,-1,-16,-24,14,24,-10,-10,sil
16.115821838378906,13,24,20,16,14,-5,-11,-6,-23,-30,0,8,-17,-17,sil
16.115821838378906,-1,17,13,13,7,-4,-6,0,-11,-5,-1,-3,-11,-15,sil
16.13091492652893,-11,6,7,9,0,3,-7,0,-10,1,-10,-11,-13,-12,sil
16.13091492652893,-15,-1,2,-4,5,12,0,1,-11,-1,-21,-13,-13,-3,sil
16.147111892700195,-22,-11,-7,-16,0,12,12,0,-7,0,-23,-23,-8,-4,sil
16.147111892700195,-26,-23,-23,-18,-10,0,5,-4,-4,1,-26,-31,-11,-10,sil
16.1622416973114,-12,-18,-14,-19,-10,-7,-3,-1,5,3,-18,-12,0,6,sil
16.1622416973114,12,-3,0,-19,-5,-8,0,6,18,14,2,12,27,29,sil
16.177842378616333,26,1,1,-14,-6,-15,-2,0,9,9,10,22,29,25,sil
16.177842378616333,27,8,3,-13,-4,-15,-10,-10,-6,-5,7,24,10,9,sil
16.19299006462097,14,17,-3,-8,5,-4,-2,-7,-8,-6,5,6,0,-8,sil
16.19299006462097,-7,13,-11,-3,16,3,0,0,-5,-4,-3,-25,-6,-24,sil
16.208983421325684,-16,2,-13,-4,13,8,-7,0,-6,-10,-10,-36,-14,-23,sil
16.208983421325684,-14,0,-8,-1,1,12,-8,-2,-3,-5,-8,-25,-13,-11,sil
16.225091695785522,-19,-2,-1,-1,0,14,5,2,4,8,-15,-19,-14,-8,sil
16.225091695785522,-19,-8,-6,-3,6,16,19,2,5,3,-20,-27,-21,-10,sil
16.24083137512207,-18,-12,-11,6,2,20,15,-1,-2,-6,-13,-21,-22,-3,sil
16.24083137512207,-16,-12,-3,23,-2,21,11,2,5,9,3,-1,-3,8,sil
16.25579333305359,1,-7,9,23,1,17,21,8,18,17,20,14,9,13,sil
16.25579333305359,14,-2,20,16,0,7,16,4,2,-3,10,14,0,5,sil
16.271578788757324,12,-2,15,17,-7,-3,0,2,0,0,0,13,3,9,sil
16.271578788757324,24,-3,10,12,-4,-14,-5,6,23,25,20,38,32,25,sil
16.28728461265564,34,0,10,3,4,-21,-7,6,25,10,43,54,35,20,sil
16.28728461265564,15,4,7,5,1,-22,-16,1,1,-9,38,37,19,0,sil
16.302897214889526,2,5,9,6,-9,-22,-21,0,-6,0,26,22,20,-3,sil
16.302897214889526,5,5,3,-5,-13,-27,-19,-6,-9,-5,14,12,10,-8,sil
16.318190813064575,0,8,1,-14,-8,-20,-23,-10,-23,-32,-2,0,-14,-18,sil
16.318190813064575,-1,16,13,2,2,2,-9,-1,-16,-12,-4,2,-8,0,sil
16.33420443534851,11,19,22,27,13,17,18,4,3,19,-1,1,6,19,sil
16.33420443534851,3,9,12,20,8,18,21,0,0,3,-17,-15,-15,1,sil
16.349889516830444,-26,-6,-20,-6,0,21,15,-4,-9,-12,-30,-38,-33,-17,sil
16.349889516830444,-29,-13,-27,-18,6,24,23,0,3,13,-21,-40,-11,-8,sil
16.364917278289795,-1,-4,-11,-9,10,15,17,3,18,36,-8,-19,13,3,sil
16.364917278289795,8,-2,-13,-7,-8,-5,-11,-4,10,15,-10,-4,10,7,sil
16.380285024642944,2,-12,-13,-20,-22,-25,-30,-9,-1,-7,-10,0,3,11,sil
16.380285024642944,10,-7,-9,-24,-16,-31,-26,-9,0,-6,3,9,14,14,sil
16.39611792564392,12,2,-9,-20,-9,-26,-25,-7,-8,-17,9,15,13,3,sil
16.39611792564392,-3,3,-4,-16,-6,-13,-16,-1,-19,-37,0,1,-4,-12,sil
16.411783456802368,-8,4,2,-2,4,-3,0,-1,-18,-30,0,-4,-13,-14,sil
16.411783456802368,0,11,13,12,17,0,0,-2,-21,-16,10,6,-16,-6,sil
16.42729353904724,4,13,15,11,15,7,2,2,-20,-9,5,3,-20,-8,sil
16.42729353904724,-4,3,9,4,6,21,22,8,1,4,-13,-8,-18,-13,sil
16.443204879760742,-16,-5,2,10,6,34,41,13,20,11,-24,-16,-16,-11,sil
16.443204879760742,-25,-8,-10,12,8,36,42,17,19,6,-26,-28,-15,-7,sil
16.458945512771606,-31,-14,-18,-5,5,22,30,13,20,17,-26,-30,-5,-1,sil
16.458945512771606,-21,-27,-26,-20,0,7,13,4,29,34,-22,-15,2,2,sil
16.47533345222473,9,-22,-12,-10,-3,-2,-6,0,27,23,-8,4,9,10,sil
16.47533345222473,35,2,15,4,-1,-10,-22,0,16,16,25,26,31,26,sil
16.490835189819336,28,9,12,0,-4,-24,-28,-2,1,14,42,30,37,25,sil
16.490835189819336,10,0,6,-9,-21,-36,-39,-11,-21,-14,18,22,3,0,sil
16.506110191345215,9,4,16,0,-20,-26,-32,-13,-33,-37,11,21,-9,-10,sil
16.506110191345215,1,13,9,2,2,-5,-14,-10,-25,-23,23,13,3,-9,sil
16.52170705795288,-14,7,-1,-1,10,1,-7,-3,-19,-6,13,-3,-1,-16,sil
16.52170705795288,-8,4,4,19,8,9,5,1,-10,6,6,-9,-5,-11,sil
16.537677526474,3,11,13,33,11,19,19,3,0,10,7,0,0,3,sil
16.537677526474,2,7,5,14,5,14,19,0,0,0,-3,-2,-4,3,sil
16.553040266036987,0,-3,1,5,-7,1,18,2,5,6,-3,-4,-6,6,sil
16.553040266036987,3,-2,5,11,-3,7,24,11,20,19,6,0,7,19,sil
16.569164752960205,3,-2,-4,6,2,16,26,6,27,15,-1,0,14,18,sil
16.569164752960205,-2,-11,-17,-12,-1,7,8,-2,15,-2,-17,-1,1,0,sil
16.58527421951294,0,-10,-14,-22,-7,-10,-18,-5,0,-10,-8,1,0,-8,sil
16.58527421951294,11,0,-4,-10,-8,-18,-31,-5,0,-4,11,10,17,-3,sil
16.60066843032837,12,3,3,-1,-2,-10,-25,0,18,3,13,16,26,0,sil
16.60066843032837,2,7,-2,-2,9,-9,-16,7,24,5,6,8,17,0,sil
16.61670207977295,3,16,1,-2,13,-19,-12,0,0,-8,3,0,2,0,sil
16.61670207977295,9,18,11,8,4,-15,-5,-10,-23,-21,0,-1,-12,-4,sil
16.63232970237732,3,10,7,15,3,-2,0,-8,-25,-19,-8,-7,-23,-5,sil
16.63232970237732,-9,0,3,3,4,2,3,1,-16,-14,-19,-16,-28,-5,sil
16.648117542266846,-23,-13,-8,-12,-6,4,14,7,-9,-12,-28,-25,-32,-14,sil
16.648117542266846,-28,-15,-16,-11,-10,8,17,4,-15,-9,-32,-30,-38,-18,sil
16.663703203201294,-16,-1,-3,6,3,17,17,0,-22,0,-26,-17,-33,-2,sil
16.663703203201294,-4,0,3,7,8,25,26,-6,-13,6,-13,-2,-15,5,sil
16.67922353744507,-8,-11,-2,-9,-4,14,16,-5,-5,5,-5,-4,0,-1,sil
16.67922353744507,-11,-14,-11,-10,-13,0,-6,-3,0,8,-6,-9,8,-7,sil
16.69480848312378,3,-2,-5,-2,-1,1,-14,0,19,20,3,9,21,5,sil
16.69480848312378,22,4,10,0,11,8,-1,13,41,35,31,35,45,31,sil
16.710037231445312,23,0,10,0,2,-6,-4,17,33,36,37,31,52,38,sil
16.710037231445312,14,-3,4,-8,-11,-20,-21,3,2,8,17,17,27,18,sil
16.725668907165527,10,1,1,-14,-5,-9,-12,-4,-4,-10,12,11,15,1,sil
16.741691827774048,10,1,4,-9,-1,-4,3,0,2,-4,20,10,15,1,sil
16.741691827774048,5,-5,1,-11,-11,-14,0,0,-6,-10,7,1,0,-9,sil
16.75673532485962,-8,-6,-11,-12,-8,-12,-3,-12,-15,-26,-3,-7,-15,-29,sil
16.75673532485962,-18,3,-6,0,4,0,0,-7,-5,-19,1,-8,-17,-29,sil
16.771973609924316,-10,10,-1,10,6,1,-1,1,0,-2,8,-8,-17,-17,sil
16.771973609924316,-2,5,1,8,0,0,-9,0,-4,-12,2,-7,-17,-11,sil
16.787115812301636,-1,7,7,12,4,9,-1,0,-3,-15,-1,-2,-11,-4,sil
16.787115812301636,1,15,1,22,10,20,9,-1,3,6,-2,-3,-5,1,sil
16.802716970443726,2,12,2,24,12,18,8,-3,-1,6,-9,-9,-9,0,sil
16.802716970443726,1,7,9,25,13,13,6,2,-7,-5,-12,-4,-7,7,sil
16.81881880760193,6,6,8,22,8,8,6,3,0,8,-7,5,0,19,sil
16.81881880760193,7,-3,8,11,0,3,0,-2,0,14,-12,2,-1,17,sil
16.83482336997986,0,-11,2,9,0,0,4,-1,-2,1,-21,-11,-10,8,sil
16.83482336997986,-3,-9,-5,0,-3,-8,7,6,6,2,-20,-12,-3,2,sil
16.851869821548462,-7,-14,-15,-24,-16,-17,1,6,9,10,-8,-8,7,-2,sil
16.851869821548462,-7,-15,-18,-32,-19,-15,1,1,-2,0,3,-2,9,-2,sil
16.851869821548462,0,-3,-4,-15,-6,-1,1,2,1,-2,6,7,14,1,sil
16.866093635559082,0,-5,-8,-10,2,1,-5,5,19,17,0,3,23,2,sil
16.8816921710968,-9,-12,-12,-23,-1,-10,-12,5,18,22,3,0,17,0,sil
16.8816921710968,-5,0,0,-18,-5,-15,-10,2,9,0,18,14,7,-2,sil
16.897677421569824,4,8,8,-3,1,-6,-14,-5,-1,-20,24,22,4,-1,sil
16.897677421569824,9,9,13,1,11,0,-13,-14,-21,-27,14,16,-7,-2,sil
16.912760496139526,16,19,22,11,11,-1,-3,-19,-34,-32,4,6,-27,-7,sil
16.912760496139526,7,23,20,19,9,3,-1,-17,-36,-29,-2,-5,-35,-17,sil
16.927917957305908,-13,4,0,15,5,17,-1,-8,-23,0,-10,-14,-16,-19,sil
16.927917957305908,-12,-7,-8,11,-5,15,7,0,4,28,-5,-9,11,3,sil
16.944005966186523,2,-3,1,9,-7,1,13,13,23,28,4,1,18,25,sil
16.944005966186523,0,-6,-10,-4,0,2,18,16,24,22,0,-2,10,19,sil
16.959774017333984,-7,-16,-21,-19,-4,8,21,5,23,9,-19,-18,5,7,sil
16.959774017333984,-7,-12,-9,-14,-9,0,12,2,18,0,-20,-14,3,1,sil
16.976027727127075,-4,-6,-6,-4,0,-9,-1,9,9,12,-6,0,7,0,sil
16.976027727127075,-1,-8,-8,-10,1,-5,-6,5,1,5,5,10,11,1,sil
16.99201011657715,3,0,0,-9,-5,-1,-7,-4,-2,-17,11,13,9,0,sil
16.99201011657715,13,18,13,7,0,-7,-8,-5,-13,-17,12,15,-1,-7,sil
17.006775617599487,20,27,16,14,9,-9,-10,-3,-19,-9,19,11,-7,-5,sil
17.006775617599487,14,18,8,8,0,-9,-15,-1,-8,-15,26,6,-2,-3,sil
17.02287745475769,7,11,15,7,-10,-8,-19,0,-5,-22,13,9,-7,-6,sil
17.02287745475769,4,8,13,17,-2,2,-10,-3,-10,-11,0,2,-13,0,sil
17.038018465042114,-1,0,2,23,8,15,0,-5,-3,5,0,-10,-6,8,sil
17.038018465042114,-4,-3,1,20,14,18,10,8,9,18,-5,-11,4,4,sil
17.054116249084473,-5,-2,1,19,17,22,26,13,12,24,-11,-9,2,0,sil
17.054116249084473,-14,-11,-2,9,12,26,32,3,8,22,-18,-18,-5,0,sil
17.069669485092163,-24,-23,-17,-16,-1,19,25,-1,9,13,-23,-25,-5,-2,sil
17.069669485092163,-22,-25,-22,-32,-11,1,16,0,9,0,-26,-20,-9,-11,sil
17.08476161956787,-16,-22,-15,-27,-9,-14,5,-1,2,-8,-30,-15,-19,-15,sil
17.08476161956787,-12,-21,-23,-28,-13,-22,-8,-9,-3,-8,-25,-14,-17,-15,sil
17.100781440734863,-5,-16,-17,-38,-22,-16,-17,-11,-4,-9,-5,0,0,-8,sil
17.100781440734863,9,-3,1,-22,-13,-10,-18,-2,-1,-4,13,25,18,7,sil
17.11632013320923,24,6,8,-1,0,-14,-20,3,-3,0,19,33,22,17,sil
17.11632013320923,24,9,8,-8,-1,-20,-21,2,-8,-4,14,27,17,14,sil
17.131871223449707,23,19,15,-2,-4,-17,-16,0,-5,-8,24,25,19,16,sil
17.131871223449707,30,38,33,31,11,-7,-11,5,1,-2,51,39,26,24,sil
17.14744806289673,22,45,29,43,18,0,-13,4,5,6,48,31,16,15,sil
17.14744806289673,1,30,7,25,12,2,-13,-4,-1,2,11,-1,-4,-1,sil
17.16257619857788,-12,12,3,20,10,9,-7,-13,-18,-14,-12,-19,-18,-10,sil
17.16257619857788,-18,1,-3,21,8,17,7,-13,-23,-17,-14,-22,-21,-12,sil
17.178237676620483,-21,-4,-11,13,2,16,26,1,-9,4,-10,-26,-15,-13,sil
17.178237676620483,-25,-15,-19,0,1,16,37,16,16,21,-10,-26,0,-9,sil
17.19366431236267,-26,-29,-32,-20,0,9,22,6,29,11,-20,-24,0,-10,please
17.19366431236267,-17,-30,-27,-28,-7,-1,2,0,22,1,-26,-24,-3,-12,please
17.209115743637085,-2,-17,-14,-16,-15,-13,-1,4,9,0,-17,-15,0,-1,please
17.209115743637085,6,-1,0,-18,-12,-22,-6,0,-9,-11,0,7,-2,3,please
17.225155353546143,18,11,19,-12,0,-11,-17,-7,-21,-20,19,23,-6,0,please
17.225155353546143,25,15,29,18,11,16,-7,-2,-10,-2,15,14,0,2,please
17.240689039230347,14,9,23,27,11,27,14,4,3,19,-5,5,0,6,please
17.240689039230347,6,-1,11,14,3,15,15,5,10,27,-9,8,-3,3,please
17.256714820861816,6,-9,8,2,-1,1,0,1,15,20,-6,8,-1,5,please
17.256714820861816,5,-13,0,-14,-3,-4,-7,-1,18,8,-7,7,4,6,please
17.27140188217163,3,-9,-11,-23,-7,-10,-9,-3,1,-11,-1,8,3,0,please
17.27140188217163,-2,0,-4,-11,-6,-14,-10,0,-25,-34,-3,0,-9,-10,please
17.286527633666992,-12,1,-3,1,0,-2,7,6,-20,-21,-7,-18,-14,-13,please
17.286527633666992,-18,-1,-12,11,5,18,29,14,8,13,-4,-29,-4,-2,please
17.301677942276,-17,-7,-17,12,4,25,31,10,23,33,-3,-25,1,11,please
17.301677942276,-9,-13,-17,-3,1,11,24,0,19,31,-4,-4,13,19,please
17.316834688186646,0,-16,-8,-20,-8,-10,7,-4,2,11,0,18,25,14,please
17.316834688186646,2,-4,-5,-14,-19,-22,-17,-5,-17,-21,4,10,19,5,please
17.332857370376587,10,13,2,-1,-15,-18,-29,-7,-17,-37,18,5,9,2,please
17.332857370376587,22,22,21,5,-2,-14,-23,-8,-5,-23,36,27,13,3,please
17.34816265106201,19,22,23,13,4,-17,-23,-12,-12,-13,33,34,14,0,please
17.34816265106201,10,20,13,10,8,-14,-31,-10,-20,-11,20,16,2,-5,please
17.363723516464233,7,16,4,1,4,-12,-36,-5,-7,0,17,8,-2,-5,please
17.363723516464233,2,15,8,2,3,-13,-28,-4,0,11,13,10,0,-2,please
17.378899335861206,-2,12,12,17,10,5,0,3,7,14,2,5,0,0,please
17.394999980926514,-12,-3,-9,14,9,28,24,14,21,14,-8,-11,-5,0,please
17.394999980926514,-28,-18,-22,-9,0,21,18,9,10,-3,-28,-32,-17,-17,please
17.394999980926514,-28,-13,-15,-19,-1,7,4,-3,-11,-29,-40,-44,-32,-34,please
17.40971851348877,-8,1,0,-1,9,7,11,-8,-11,-24,-27,-31,-40,-27,please
17.425836086273193,4,8,10,15,18,11,26,0,-1,0,-10,-7,-25,-3,please
17.425836086273193,1,-3,2,8,5,4,24,1,-7,8,-18,-6,-8,3,please
17.442037105560303,-6,-20,-6,-9,-13,1,8,0,-17,7,-29,-10,-12,1,please
17.442037105560303,0,-13,-6,-9,-7,9,7,7,-5,9,-14,-2,-12,9,please
17.45869779586792,6,0,-4,4,0,8,15,11,10,8,0,2,1,13,please
17.45869779586792,0,-6,-1,6,-10,1,9,4,16,13,0,9,14,14,please
17.45869779586792,5,-7,3,3,-6,5,5,5,31,36,13,21,29,32,please
17.47285485267639,13,3,9,10,9,3,6,13,40,44,24,24,38,36,please
17.488028049468994,7,5,3,9,3,-9,0,5,26,23,21,14,30,13,please
17.488028049468994,3,-8,-7,-13,-11,-18,-7,-4,7,3,14,3,19,-3,please
17.50412082672119,7,-17,-5,-29,-13,-18,-17,-2,-7,-7,-1,-5,10,-8,please
17.50412082672119,7,-10,-1,-14,-8,-15,-27,-1,-12,-16,-7,-3,8,-8,please
17.519694566726685,5,0,1,-12,-2,-14,-27,-4,3,-14,19,11,15,-4,please
17.519694566726685,1,0,-7,-29,-1,-15,-14,-6,13,-13,28,8,10,-9,please
17.534881830215454,-4,2,-14,-23,-7,-10,-2,-8,-9,-32,0,-11,-16,-20,please
17.534881830215454,-12,11,1,-5,-7,5,1,-9,-34,-47,-14,-11,-32,-24,please
17.550143718719482,-16,10,8,0,1,13,0,-11,-35,-40,-4,-2,-26,-20,please
17.550143718719482,-8,11,11,15,11,7,1,-9,-30,-26,3,-2,-21,-7,please
17.56638526916504,7,21,22,35,15,5,1,0,-28,0,12,3,-6,7,please
17.56638526916504,10,16,15,32,14,12,-7,-2,-23,20,13,5,8,10,please
17.582007884979248,3,7,8,20,9,12,-12,-9,-21,11,0,-1,-3,5,please
17.582007884979248,7,8,12,29,4,8,3,-1,-11,10,-6,-2,-8,8,please
17.59766912460327,9,0,9,31,2,12,21,14,13,25,-7,6,7,12,sil
17.59766912460327,-4,-15,-9,8,0,17,27,22,39,28,-16,-1,4,8,sil
17.613752365112305,-15,-12,-19,-12,0,8,27,13,48,31,-19,-11,0,6,sil
17.613752365112305,-8,-3,-5,-15,0,-2,16,5,41,34,-9,4,13,10,sil
17.629834413528442,0,-9,-9,-12,-11,-6,2,1,30,10,0,9,13,6,sil
17.629834413528442,0,-9,-17,-11,-11,-15,-6,1,16,-12,5,0,2,0,sil
17.64570713043213,4,5,-3,-10,3,-17,-10,2,0,-2,11,6,7,1,sil
17.64570713043213,6,12,-4,-9,4,-12,-15,-8,-16,-6,10,13,5,-1,sil
17.660787105560303,5,2,-7,-9,-8,-14,-21,-14,-20,-36,-2,0,-14,-16,sil
17.660787105560303,1,-2,-3,-11,-6,-16,-15,-3,-5,-31,-4,-10,-18,-24,sil
17.676164627075195,-6,2,0,-9,2,-3,-2,2,0,-2,5,-9,-13,-20,sil
17.676164627075195,-5,9,8,6,10,15,6,-1,-11,-3,4,-7,-16,-10,sil
17.691720962524414,1,0,11,21,14,18,7,-1,-14,-4,-12,-12,-11,1,sil
17.691720962524414,-9,-16,0,6,9,5,0,3,-11,4,-27,-20,-4,7,sil
17.706931114196777,-21,-24,-14,-17,-6,0,0,8,-10,4,-24,-24,-2,6,sil
17.706931114196777,-12,-23,-13,-20,-18,6,6,8,1,9,-10,-10,7,10,sil
17.722529888153076,2,-11,-3,-6,-15,2,12,5,21,20,0,13,19,17,sil
17.722529888153076,5,-1,-6,-7,-9,-10,13,0,22,12,0,15,11,14,sil
17.738120555877686,3,-3,-6,-24,-10,-15,-2,0,5,-5,2,7,3,4,sil
17.738120555877686,8,0,4,-14,-6,-6,-19,-2,-1,-10,22,16,15,-2,sil
17.75384259223938,18,17,12,12,6,-1,-10,-8,-1,-5,40,29,21,-6,sil
17.75384259223938,17,24,19,18,10,-2,-7,-12,-12,-6,32,19,7,-8,sil
17.768898487091064,4,20,23,21,8,0,-15,-14,-28,-14,12,0,-3,-7,sil
17.768898487091064,-4,18,26,36,10,14,0,-8,-30,-8,0,-4,-6,-6,sil
17.785008192062378,0,9,13,32,8,23,25,2,-5,15,3,-2,0,7,sil
17.785008192062378,9,0,0,9,5,14,15,3,19,28,9,2,12,24,sil
17.800684690475464,8,-7,-2,-7,2,-1,-9,-4,10,8,-5,6,8,9,sil
17.800684690475464,0,-11,-11,-17,-7,-12,-19,-8,-9,-19,-19,-3,-12,-15,sil
17.81583857536316,-7,-4,-8,-21,-12,-18,-26,-7,-12,-32,-7,-8,-20,-18,sil
17.81583857536316,-2,12,0,-5,2,-7,-21,2,-4,-15,5,-1,-12,-14,sil
17.831197500228882,-4,14,1,16,16,14,4,17,4,5,-1,-8,-10,-14,sil
17.831197500228882,-18,0,3,18,4,19,26,19,13,8,-22,-22,-20,-6,sil
17.84672737121582,-23,-14,-14,1,-10,8,30,13,17,17,-36,-25,-19,3,sil
17.84672737121582,-11,-25,-34,-16,-3,7,23,15,18,30,-26,-15,-3,6,sil
17.86187171936035,1,-20,-23,-22,0,9,25,13,25,19,-6,1,12,15,sil
17.86187171936035,7,-6,-7,-15,-8,-5,21,0,24,0,-8,11,17,24,sil
17.87693214416504,-1,-7,-9,-14,-13,-20,-3,-10,3,-7,-13,6,7,8,sil
17.87693214416504,-9,-15,-20,-19,-10,-19,-24,-13,-18,-19,0,-1,-4,-14,sil
17.89209270477295,4,0,-2,-13,-4,-12,-23,-12,-24,-31,13,3,-6,-13,sil
17.89209270477295,25,33,31,8,13,-5,-13,-4,-14,-14,30,15,10,1,sil
17.908424139022827,23,45,33,30,25,0,-11,0,2,19,44,16,27,7,sil
17.908424139022827,11,29,27,36,21,6,-3,0,11,29,28,7,13,8,sil
17.923120737075806,2,3,16,29,14,17,21,0,8,24,10,0,0,11,sil
17.923120737075806,-5,-19,-2,3,0,21,30,-1,12,26,6,4,7,13,sil
17.93868637084961,-7,-30,-17,-23,-18,1,10,4,24,17,-8,1,9,10,sil
17.95392084121704,-1,-26,-18,-27,-18,-23,-6,10,11,-10,-16,-5,2,0,sil
17.95392084121704,2,-7,-1,-16,-9,-21,-11,-1,-20,-36,4,7,0,-9,sil
17.96977686882019,4,12,15,-1,-8,-13,-18,-18,-37,-39,13,18,-7,-15,sil
17.96977686882019,2,19,23,14,-8,-24,-37,-20,-46,-41,-5,4,-26,-24,sil
17.98582148551941,0,12,18,25,-9,-13,-38,-14,-54,-39,-14,-1,-33,-29,sil
17.98582148551941,-3,3,7,23,-2,16,-3,-4,-34,-20,0,0,-18,-14,sil
18.00105118751526,-8,0,8,15,14,30,18,11,0,2,7,-4,1,4,sil
18.00105118751526,-10,1,3,15,18,30,14,15,19,26,1,-6,10,12,sil
18.00105118751526,-10,-1,-8,12,9,25,8,3,25,45,-8,-8,7,12,sil
18.01626229286194,-8,-13,-14,-4,3,16,8,2,33,38,-7,-8,11,18,sil
18.0318341255188,-2,-20,-28,-31,-3,-3,4,8,33,18,-6,-11,22,20,sil
18.0318341255188,-3,-22,-32,-47,-14,-26,-4,6,15,1,-19,-12,11,5,sil
18.04708957672119,-2,-15,-22,-36,-11,-26,-4,2,4,-6,-21,-9,0,-6,sil
18.04708957672119,5,0,-15,-22,-1,-11,0,0,5,-11,-6,-5,-1,-10,sil
18.06320858001709,0,6,-13,-25,-1,-9,1,0,-2,-22,-8,-11,-18,-22,sil
18.06320858001709,-5,7,-6,-13,0,-1,8,0,-3,-20,-16,-17,-32,-26,sil
18.07918810844421,7,15,12,10,11,20,17,5,10,6,-9,-7,-17,-2,sil
18.07918810844421,7,11,14,10,17,29,19,5,5,14,-4,-10,-5,7,sil
18.100765228271484,-12,-4,-6,1,4,19,12,0,-9,0,-15,-26,-11,-6,sil
18.100765228271484,-11,-9,-10,2,-6,10,10,0,1,11,-14,-13,0,-4,sil
18.100765228271484,8,-3,0,0,-9,-1,6,0,13,27,10,16,28,21,sil
18.11123728752136,21,1,18,-1,-6,-18,-18,-7,5,12,33,38,35,33,sil
18.12655472755432,22,16,28,22,2,-20,-37,-5,3,7,46,45,32,27,sil
18.12655472755432,19,28,27,40,9,-15,-24,0,4,9,53,45,28,16,sil
18.141708612442017,9,21,28,24,5,-11,-9,-6,-21,-13,39,33,0,-7,sil
18.141708612442017,-5,7,18,13,2,-2,0,-15,-43,-34,13,6,-28,-27,sil
18.15769338607788,-11,4,12,28,1,10,16,-6,-34,-24,-2,-11,-25,-18,sil
18.15769338607788,-8,1,5,31,1,22,34,6,-10,2,-7,-5,-9,-2,sil
18.17316436767578,-10,-13,-11,7,3,16,23,10,11,25,-10,-1,-3,0,sil
18.17316436767578,-7,-25,-14,-9,-1,-1,-4,9,26,19,-10,-2,3,7,sil
18.1890721321106,3,-20,-10,-13,-14,-12,-12,0,22,3,-4,4,19,16,sil
18.1890721321106,8,-8,-5,-20,-14,-17,-14,-9,3,-8,0,13,19,14,sil
18.204853296279907,2,-1,-2,-22,-5,-23,-15,-3,-7,-23,0,9,7,6,sil
18.204853296279907,0,0,-7,-14,-3,-20,-4,-3,-10,-29,-4,-1,-3,-12,sil
18.220105171203613,5,9,2,-6,-1,-2,0,-6,-16,-19,-9,-10,-16,-27,sil
18.220105171203613,13,20,15,4,9,14,0,-1,-11,-6,-14,-18,-19,-12,sil
18.23790621757508,4,14,2,9,15,19,5,3,4,1,-16,-20,-10,4,sil
18.23790621757508,-16,0,-16,5,4,18,5,8,7,1,-17,-23,-11,-5,sil
18.251282691955566,-19,-9,-22,1,0,14,-1,10,0,-2,-26,-34,-22,-14,sil
18.251282691955566,-14,-20,-19,-8,1,8,-4,9,10,3,-29,-33,-18,-5,sil
18.26737070083618,-16,-29,-23,-21,-4,9,4,6,32,26,-7,-19,6,6,sil
18.26737070083618,-10,-21,-19,-22,-7,9,17,4,36,36,8,1,20,16,sil
18.283164501190186,2,-5,-6,-18,0,-1,14,0,19,23,4,15,13,17,sil
18.283164501190186,0,-2,-11,-21,-8,-26,-12,-13,-8,-3,-1,9,1,-1,sil
18.298046588897705,-4,0,-1,-19,-17,-35,-36,-20,-36,-33,-1,4,-13,-21,sil
18.298046588897705,16,17,21,7,1,-13,-15,-5,-30,-34,11,20,-10,-12,sil
18.31405544281006,26,28,25,28,16,2,9,3,-8,-6,24,24,4,3,sil
18.31405544281006,4,18,14,20,6,2,0,0,-9,11,15,6,8,1,sil
18.32913064956665,-3,6,12,16,0,9,-5,2,-3,16,4,0,15,6,sil
18.32913064956665,0,-4,11,5,4,16,12,13,15,22,0,4,18,17,sil
18.345005750656128,-9,-16,-8,-15,2,10,21,12,17,22,0,-2,10,11,sil
18.345005750656128,0,-7,-3,-11,0,3,9,4,13,9,13,1,18,3,sil
18.36058974266052,24,12,26,8,2,-4,-6,3,12,-3,36,29,31,8,sil
18.36058974266052,17,19,15,14,4,-8,-13,0,-1,-6,29,23,14,2,sil
18.37618327140808,-5,18,2,19,5,0,-5,-8,-22,-7,0,-5,-19,-11,sil
18.37618327140808,-8,12,10,27,1,6,5,-15,-29,-9,-15,-14,-35,-13,sil
18.3917396068573,-5,-3,2,16,0,0,9,-11,-16,-5,-14,-10,-25,0,sil
18.3917396068573,-11,-16,-11,-11,0,-1,12,5,8,0,-10,-9,-7,3,sil
18.406918048858643,-12,-22,-19,-31,-11,-7,5,6,17,-2,-14,-6,-4,-7,sil
18.406918048858643,0,-18,-14,-27,-19,-23,-12,-6,1,-15,-12,5,-10,-13,sil
18.42294692993164,18,8,6,-3,0,-13,-5,-1,-3,-21,6,25,2,2,sil
18.42294692993164,22,28,20,21,20,14,10,9,5,-9,18,26,18,15,sil
18.43838143348694,4,14,14,26,12,22,0,1,1,4,2,0,7,6,sil
18.43838143348694,-6,-6,-8,9,-2,8,-4,-9,-14,7,-14,-21,-8,-3,sil
18.45490884780884,-7,-8,-15,-2,-1,6,4,-10,-16,2,-17,-21,-9,-5,sil
18.45490884780884,-7,-3,-12,3,1,14,0,-6,-5,1,-16,-26,-12,-6,sil
18.470754384994507,-13,-12,-21,0,-4,11,-5,-5,2,8,-16,-38,-20,-10,sil
18.470754384994507,-18,-25,-23,-16,-10,4,5,3,11,13,-17,-30,-13,-10,sil
18.486176252365112,-13,-20,-16,-18,-11,0,11,12,22,11,-12,-16,0,-5,sil
18.486176252365112,-4,-2,-1,-5,-2,-4,2,10,25,9,5,5,11,5,sil
18.50173020362854,0,4,6,1,4,-7,0,7,26,7,9,19,19,14,sil
18.50173020362854,2,0,1,-6,-5,-13,-9,6,19,0,-7,6,9,7,sil
18.51680445671081,3,-4,-2,-23,-17,-19,-19,6,2,-8,-5,7,0,0,sil
18.51680445671081,8,0,0,-17,-5,-11,-3,4,1,-11,17,26,4,4,sil
18.532835245132446,18,12,7,3,9,-9,2,0,-1,-13,18,28,5,5,sil
18.532835245132446,27,19,25,8,9,-14,-16,-5,-17,-9,16,25,9,5,sil
18.548094987869263,26,11,25,-2,3,-13,-23,-8,-19,-6,26,32,17,11,sil
18.548094987869263,9,5,15,-2,4,-12,-15,-6,-18,-22,22,25,6,4,sil
18.563682079315186,-5,13,7,14,11,-6,-12,-7,-22,-15,19,7,3,-1,sil
18.563682079315186,-9,12,6,17,11,10,-1,-7,-16,13,22,1,13,1,sil
18.578792333602905,-12,-1,1,1,0,21,10,0,-13,12,4,-14,0,-10,sil
18.578792333602905,-19,-3,-10,4,0,16,20,1,-11,0,-15,-36,-18,-25,sil
18.594879627227783,-17,0,-3,12,10,18,28,5,0,7,-16,-29,-14,-11,sil
18.594879627227783,-8,-4,0,9,14,26,31,8,6,16,-13,-18,-7,0,sil
18.61011385917664,-4,-7,-7,10,3,15,20,0,3,8,-18,-27,-15,-8,sil
18.61011385917664,-2,-4,-7,4,-11,-5,-1,-8,4,-1,-27,-24,-18,-11,sil
18.62581372261048,-2,-10,-10,-13,-18,-8,-6,-5,3,-2,-30,-11,-8,-5,sil
18.62581372261048,0,-5,-2,-10,-5,8,10,5,5,6,-13,0,-1,6,sil
18.64137315750122,10,8,5,11,2,15,17,7,14,18,2,11,4,20,sil
18.64137315750122,12,4,6,13,-2,1,-4,0,15,15,6,18,12,20,sil
18.657395362854004,5,-4,7,-2,0,-7,-19,0,11,3,8,20,15,12,sil
18.657395362854004,0,-6,-10,-17,-2,-12,-16,-3,5,-9,1,11,7,3,sil
18.672998428344727,-5,-11,-20,-24,-19,-20,-14,-10,-2,-20,-13,0,0,-3,sil
18.672998428344727,-1,-8,-6,-14,-16,-10,-4,-3,2,-5,-5,0,4,-1,sil
18.68868589401245,9,4,2,-3,3,6,7,12,16,11,18,19,12,3,sil
18.68868589401245,11,11,0,-7,8,1,7,17,18,7,25,23,13,4,sil
18.70372247695923,5,9,0,-4,5,-10,0,9,10,3,18,6,14,3,sil
18.70372247695923,4,10,3,3,3,-13,-16,0,-7,-7,8,0,1,-5,sil
18.72021102905273,1,10,0,2,1,-15,-28,-11,-27,-30,7,1,-16,-15,sil
18.72021102905273,-1,3,-4,-3,1,-17,-24,-18,-36,-34,11,1,-17,-13,sil
18.73475646972656,-3,-1,6,-1,3,-3,-10,-9,-28,-17,2,-2,-18,-10,sil
18.73475646972656,-7,-2,10,10,7,10,6,0,-3,-2,-10,-17,-23,-8,sil
18.75062918663025,-12,-1,7,17,8,10,12,-1,10,3,-14,-24,-17,-1,sil
18.75062918663025,-8,0,7,20,4,10,8,2,2,11,-7,-10,-6,4,sil
18.76606822013855,-6,-4,3,24,10,20,17,9,-2,16,-6,-11,-1,5,sil
18.783117055892944,-9,-9,4,16,15,28,36,11,-3,13,-14,-21,0,2,sil
18.783117055892944,-4,-12,0,9,0,16,33,10,0,18,-15,-16,2,7,sil
18.783117055892944,2,-15,-4,5,-19,-5,16,11,14,21,-9,-1,6,17,sil
18.79769802093506,2,-18,-10,-10,-17,-8,2,6,24,12,-3,7,15,16,sil
18.79769802093506,2,-12,-18,-28,-11,-2,-7,0,25,12,8,11,30,7,sil
18.81337213516236,10,1,-3,-20,-12,-12,-18,-4,21,14,21,23,32,8,sil
18.81337213516236,12,11,2,-4,-9,-18,-19,-11,7,-11,14,24,12,1,sil
18.82940673828125,-2,0,-17,-22,-7,-8,-20,-20,-16,-43,-4,2,-12,-24,sil
18.84477186203003,-12,-6,-21,-40,-11,-5,-17,-17,-33,-42,-11,-14,-16,-39,sil
18.84477186203003,1,13,6,-12,-1,-6,-4,-4,-26,-15,0,0,0,-16,sil
18.8608467578888,17,34,28,17,14,0,-4,5,-1,8,18,18,8,8,sil
18.8608467578888,15,31,21,17,13,0,-18,3,8,13,19,13,8,10,sil
18.8608467578888,13,22,20,13,11,0,-13,0,-2,3,13,15,6,8,sil
18.87715005874633,17,17,26,16,19,2,4,8,0,1,14,20,4,14,sil
18.892008781433105,5,0,1,7,13,8,11,13,6,6,0,-3,-6,9,sil
18.892008781433105,-14,-16,-16,0,2,18,15,6,0,9,-26,-24,-23,-1,sil
18.907158374786377,-19,-16,-12,4,5,25,27,0,4,16,-22,-17,-17,-1,sil
18.907158374786377,-16,-19,-12,3,3,9,27,0,12,19,-13,-14,-7,0,sil
18.922892570495605,-20,-27,-18,-6,-6,-1,14,0,3,12,-23,-20,-12,-7,sil
18.922892570495605,-18,-27,-22,-18,-14,-7,-1,-5,0,-4,-17,-15,-6,-14,sil
18.93803238868713,-8,-8,-8,-24,-13,-21,-19,-11,-4,-28,4,-1,5,-12,sil
18.93803238868713,0,17,3,-6,-1,-22,-25,-9,-19,-35,15,3,0,-12,sil
18.954116106033325,5,26,8,23,9,-8,-14,-6,-25,-24,8,2,-8,-11,sil
18.954116106033325,11,22,23,35,7,-3,-12,-3,-17,-13,4,10,0,0,sil
18.969807147979736,9,11,21,29,0,0,-20,0,-10,0,15,12,8,11,sil
18.969807147979736,0,-7,0,11,-4,8,-12,2,-10,13,9,0,-1,6,sil
18.985055208206177,-7,-18,-14,-4,-5,12,14,4,0,16,-8,-5,-6,3,sil
18.985055208206177,0,-17,-9,-9,-5,13,39,15,30,24,-2,1,5,14,sil
19.00043988227844,8,-8,1,-3,-1,17,44,26,44,28,2,0,8,20,sil
19.00043988227844,5,-1,0,1,1,17,33,17,38,24,-10,-5,8,19,sil
19.01558756828308,0,-2,-1,-6,0,2,7,4,37,20,-7,2,15,18,sil
19.01558756828308,1,-6,-6,-22,-11,-12,-13,4,33,10,5,5,13,1,sil
19.031280994415283,4,-3,-10,-20,-13,-23,-18,0,0,-11,-1,0,0,-12,sil
19.031280994415283,8,4,5,-7,-1,-22,-16,-16,-34,-33,-6,3,-3,-7,sil
19.04667019844055,7,8,7,0,5,-6,-8,-20,-41,-33,9,4,2,-9,sil
19.04667019844055,0,10,1,-5,2,3,-4,-14,-35,-22,18,4,0,-16,sil
19.062380075454712,5,14,4,-2,2,-5,-13,-15,-29,-20,11,14,-2,-9,sil
19.062380075454712,23,23,11,11,8,-14,-25,-20,-19,-16,11,17,10,0,sil
19.077977657318115,29,29,28,24,11,-3,-20,-8,-8,0,17,16,19,6,sil
19.077977657318115,5,13,20,24,6,4,-6,2,-6,13,8,3,3,5,sil
19.09312844276428,-27,-16,-9,1,-1,4,0,1,-10,11,-7,-19,-12,-4,please
19.09312844276428,-36,-23,-19,-11,-1,13,6,7,-2,12,-14,-25,-13,-8,please
19.10912084579468,-24,-13,-13,-1,3,20,17,17,12,10,-27,-21,-20,-6,please
19.10912084579468,-21,-19,-14,-5,-2,15,20,13,17,0,-44,-28,-31,-13,please
19.125174522399902,-21,-24,-25,-21,-6,11,19,3,21,0,-28,-33,-17,-10,please
19.125174522399902,-10,-11,-19,-12,2,9,17,7,26,9,0,-10,0,3,please
19.14085626602173,-1,-12,-10,-5,1,0,7,9,21,11,-3,9,-2,9,please
19.14085626602173,2,-13,-9,-11,-9,-13,-4,0,19,10,-8,13,1,9,please
19.156991720199585,18,11,14,-4,-2,-13,-5,0,21,8,9,19,15,9,please
19.156991720199585,22,14,24,3,7,-12,-14,0,8,-3,21,19,12,4,please
19.172452449798584,8,-2,2,-8,0,-25,-34,-13,-12,-19,19,8,5,-4,please
19.172452449798584,13,19,10,0,-2,-23,-30,-16,-16,-17,27,18,16,-3,please
19.18771719932556,30,43,30,30,3,-5,-13,-3,-18,-8,30,36,21,11,please
19.18771719932556,12,19,17,21,2,0,-7,3,-30,-10,17,14,0,7,please
19.202749490737915,-14,-2,-7,-4,0,4,8,0,-30,-6,4,-24,-10,-18,please
19.202749490737915,-19,1,-4,6,10,24,30,-2,-14,8,0,-28,-8,-24,please
19.21879506111145,-12,4,6,30,15,39,39,8,7,20,-3,-4,-3,0,please
19.21879506111145,-4,1,3,21,7,25,39,16,25,24,-6,2,3,23,please
19.234023571014404,2,1,0,3,-1,6,29,6,17,20,-13,0,2,19,please
19.234023571014404,-1,-8,-11,1,-7,3,16,0,1,7,-24,-10,-7,3,please
19.24971914291382,-10,-27,-18,-13,-15,-4,0,0,-3,-8,-21,-13,-5,1,please
19.24971914291382,-9,-23,-4,-30,-16,-21,-24,-7,-14,-17,-2,4,1,5,please
19.265263319015503,5,0,-2,-11,-2,-18,-29,-18,-25,-17,8,17,3,0,please
19.265263319015503,18,7,0,3,2,-8,-19,-6,-11,-23,4,9,4,-3,please
19.280956745147705,16,2,3,-6,-7,-10,-24,2,12,-21,4,4,8,-2,please
19.280956745147705,13,9,3,-8,-6,-12,-31,-5,14,-6,11,11,8,-5,please
19.296103954315186,11,15,11,6,9,-1,-14,-7,-2,2,10,7,0,-5,please
19.296103954315186,-5,0,7,15,11,9,6,2,-11,6,-2,-16,-14,-10,please
19.311941146850582,-30,-17,-7,0,0,8,7,4,-9,4,-23,-31,-27,-25,please
19.311941146850582,-33,-20,-15,-17,-6,5,6,2,3,0,-27,-26,-24,-24,please
19.3280668258667,-13,-20,-12,-9,-3,9,22,11,29,16,-10,-15,-2,-1,please
19.3280668258667,2,-10,-4,2,0,16,28,16,43,38,0,-6,14,15,please
19.34356999397278,1,0,-10,-4,1,7,13,2,32,31,0,0,13,19,please
19.34356999397278,0,-2,-17,-19,-2,-14,-3,-5,15,0,-3,2,4,11,please
19.35959553718567,3,-7,-13,-20,-6,-20,-4,0,2,-21,-1,6,3,4,please
19.35959553718567,8,0,-3,-13,-8,-12,-1,-2,-12,-22,3,8,6,5,please
19.37512826919556,14,13,9,-5,0,-10,-13,-9,-24,-22,10,12,2,2,please
19.37512826919556,29,27,19,12,16,-7,-25,-3,-25,-15,27,27,7,3,please
19.39046549797058,29,34,33,31,19,-2,-25,3,-22,0,37,35,15,13,please
19.39046549797058,7,25,34,31,6,-5,-8,2,-16,10,22,16,7,11,please
19.40579056739807,-1,12,15,21,3,-4,10,-3,-6,14,4,-5,-6,-1,please
19.40579056739807,-4,5,14,19,8,12,16,-4,-2,10,0,-1,-12,-10,please
19.42069673538208,-17,-5,7,18,4,26,15,-1,1,2,-3,-1,-7,-9,please
19.43770217895508,-20,-11,-5,7,3,29,17,5,11,7,-8,-9,-3,0,please
19.43770217895508,-9,-14,-10,-2,2,22,14,8,15,15,-11,-12,-1,3,please
19.43770217895508,-5,-25,-19,-11,-8,6,1,0,10,3,-12,-13,8,-2,please
19.452091455459595,-4,-25,-19,-25,-17,-8,-7,-3,-1,-10,-9,-1,10,2,please
19.452091455459595,-2,-8,-14,-27,-16,-15,-8,-7,-16,-17,-6,6,0,2,please
19.46748352050781,-1,6,-7,-14,-9,-16,-11,-9,-20,-29,0,1,-7,-15,please
19.46748352050781,0,15,4,0,1,-5,-3,0,-9,-25,9,-6,-6,-19,please
19.48403906822205,-3,13,0,6,3,7,7,6,-3,-9,-3,-11,-14,-9,sil
19.48403906822205,-8,0,-9,0,-3,9,7,0,-5,-6,-33,-19,-25,-7,sil
19.499104022979736,-9,-13,-17,-15,-9,0,3,-1,3,2,-34,-25,-23,-8,sil
19.51511812210083,-11,-21,-23,-25,-11,-11,-3,-3,8,13,-17,-18,-9,-7,sil
19.51511812210083,0,-5,-5,-13,-1,-16,-9,-2,6,4,0,10,10,-3,sil
19.51511812210083,23,15,15,8,11,-15,-8,1,13,-1,21,27,20,1,sil
19.531090259552,13,17,20,18,7,-6,-9,0,6,7,24,12,12,-1,sil
19.531090259552,-4,9,12,23,4,16,0,1,-1,24,15,0,12,0,sil
19.546868562698364,8,7,14,31,17,33,26,15,13,36,16,12,20,24,sil
19.56146693229676,15,0,14,20,14,23,28,18,24,25,15,16,16,34,sil
19.56146693229676,-6,-14,-8,-3,-5,-1,4,3,15,9,2,0,10,19,sil
19.57682132720948,-11,-17,-11,-16,-9,-16,-5,-2,15,7,-6,-3,3,13,sil
19.57682132720948,4,-10,0,-8,0,-7,-2,0,11,-4,-11,1,-6,13,sil
19.59292578697205,4,-11,-1,-8,-1,-9,-18,-7,-14,-23,-7,-1,-12,0,sil
19.59292578697205,0,-6,2,-15,-7,-21,-31,-14,-24,-16,12,2,-3,-7,sil
19.59292578697205,17,11,11,-5,-1,-12,-12,-2,-5,-7,28,18,11,0,sil
19.610023975372314,20,20,12,7,1,-3,-5,0,-8,-22,15,20,6,-4,sil
19.62595915794373,9,19,10,13,0,-10,-17,-10,-26,-26,0,6,-5,-12,sil
19.62595915794373,12,26,12,22,7,-2,-1,-6,-21,-5,0,0,-4,-3,sil
19.62595915794373,5,20,12,23,15,16,22,3,-8,1,-1,-5,-2,4,sil
19.640618324279785,-18,-2,-4,9,7,21,22,0,-2,-2,-14,-21,-12,-7,sil
19.655680418014526,-25,-16,-11,-1,-5,18,9,0,1,0,-28,-27,-24,-16,sil
19.655680418014526,-18,-19,-13,-15,-14,8,9,8,6,2,-32,-21,-24,-8,sil
19.67083525657653,-20,-26,-29,-36,-15,-6,6,5,5,2,-26,-23,-11,-10,sil
19.67083525657653,-17,-21,-25,-32,-8,-8,-6,0,3,3,-12,-15,4,-11,sil
19.68606972694397,-1,-5,-10,-13,-7,-7,-10,0,1,5,9,7,16,0,sil
19.68606972694397,0,0,-5,-14,-14,-15,-10,-3,-3,-3,19,15,11,-3,sil
19.70213103294373,-7,6,1,-10,-4,-11,-9,-8,-4,-9,13,5,4,-12,sil
19.70213103294373,-1,15,10,12,13,0,0,-3,1,-2,12,2,6,0,sil
19.71785449981689,0,11,8,18,13,11,11,6,3,8,4,3,2,2,sil
19.71785449981689,-7,-4,-7,9,7,26,21,3,7,21,-7,-6,-3,-1,sil
19.733620405197144,-3,-10,-7,10,11,27,28,-3,16,29,-10,-5,0,11,sil
19.733620405197144,12,-3,6,7,5,10,19,5,22,24,-7,10,12,22,sil
19.74970293045044,25,7,10,0,-2,-5,2,12,26,14,5,24,24,19,sil
19.74970293045044,27,16,19,2,4,-16,-12,2,11,0,32,31,23,14,sil
19.764938831329346,18,16,23,14,7,-17,-23,-4,-18,-16,33,23,5,6,sil
19.764938831329346,10,12,17,17,1,0,-24,-2,-29,-18,11,6,-13,3,sil
19.78006863594055,7,8,10,15,2,10,-6,-1,-17,-7,0,-4,-19,5,sil
19.78006863594055,-1,-5,-1,11,0,4,10,-1,0,6,-4,-8,-15,4,sil
19.79530167579651,-4,-17,-8,-2,-6,2,6,6,15,13,-5,0,-1,7,sil
19.79530167579651,-1,-18,-17,-22,-12,-2,-7,4,16,-1,-8,-1,5,2,sil
19.81046223640442,-12,-19,-23,-38,-19,-23,-19,-10,-12,-31,-23,-19,-9,-23,sil
19.81046223640442,-17,-10,-12,-34,-15,-25,-22,-9,-32,-36,-19,-18,-15,-34,sil
19.826263904571533,0,13,1,-5,0,-8,-17,-2,-25,-25,1,-6,-7,-19,sil
19.826263904571533,3,23,16,23,10,3,-9,-6,-17,-17,-1,-11,-17,-11,sil
19.84166979789734,-7,7,7,30,14,10,9,-2,-8,1,-18,-22,-23,-12,sil
19.84166979789734,-10,-7,-13,19,9,14,24,7,6,20,-15,-16,-6,-5,sil
19.857134103775024,-5,-8,-4,9,0,14,24,10,19,16,-7,-1,9,7,sil
19.857134103775024,0,-5,2,-1,2,11,22,9,32,14,0,6,23,22,sil
19.872881650924683,0,-5,-8,-14,3,0,15,5,34,17,12,8,29,24,sil
19.872881650924683,0,-6,-10,-16,0,-11,5,0,19,11,18,12,22,10,sil
19.888065814971924,6,-5,-5,-15,-2,-11,-7,-6,-1,-3,14,14,14,0,sil
19.888065814971924,3,0,-2,-16,-6,-16,-26,-6,-16,-10,11,10,8,-4,sil
19.90353441238404,0,10,5,0,-6,-14,-24,0,-16,0,12,5,2,-4,sil
19.90353441238404,2,20,24,14,7,3,-2,3,-5,2,8,4,-3,-3,sil
19.91929531097412,-1,13,17,7,8,16,14,0,0,-1,-1,-4,-11,-7,sil
19.91929531097412,-8,-4,-2,3,-6,15,25,-1,0,11,-8,-12,-13,0,sil
19.935024976730347,0,-11,1,1,-4,17,25,4,14,32,-3,-1,-3,21,sil
19.935024976730347,8,-5,0,-10,0,5,7,-1,16,17,0,6,2,15,sil
19.950687646865845,-4,-4,-12,-16,-6,-14,-16,-9,-4,-11,-7,2,-5,-8,sil
19.950687646865845,-9,-3,-7,-11,-4,-13,-19,-2,-12,-9,-3,2,-6,-9,sil
19.965997457504272,4,1,4,-3,0,-3,-9,3,-9,-2,8,9,0,-6,sil
19.965997457504272,9,8,13,10,-4,0,-13,-1,-27,-22,6,9,-9,-17,sil
19.98157906532288,-1,11,10,23,-2,6,-13,-8,-32,-28,-4,-4,-24,-18,sil
19.98157906532288,0,5,5,19,10,18,6,2,-3,-4,-4,-9,-9,-1,sil
19.996768474578857,6,-2,0,13,15,23,20,14,19,12,1,-1,13,17,sil
19.996768474578857,1,-2,-10,17,4,16,11,2,20,11,-2,-6,11,22,sil
20.01286220550537,1,1,-10,9,-1,3,5,-2,15,12,-8,-8,6,13,sil
20.01286220550537,9,-1,-5,-4,2,-2,10,9,21,11,0,4,18,11,sil
20.02864241600037,4,-11,-5,-11,2,-11,-3,10,20,0,7,12,18,9,sil
20.02864241600037,-1,-11,-14,-15,-4,-22,-23,-1,2,-10,3,4,7,-2,sil
20.04537320137024,3,1,-8,-12,-2,-23,-27,-12,-11,-15,7,2,3,-8,sil
20.04537320137024,7,16,19,0,3,-14,-20,-12,-19,-28,13,8,-3,-9,sil
20.060821533203125,2,16,19,7,5,-6,-2,-3,-20,-22,4,1,-11,-16,sil
20.060821533203125,-7,9,5,6,2,-2,11,2,-11,0,-12,-9,-14,-17,sil
20.075905084609985,-15,0,9,5,-3,3,11,0,-10,5,-25,-15,-20,-9,sil
20.091402292251587,-14,-17,-3,0,-6,4,7,-7,-14,1,-23,-19,-23,-5,sil
20.091402292251587,-15,-23,-17,-13,-1,1,9,1,1,7,-15,-18,-12,-5,sil
20.091402292251587,-8,-14,-13,-17,0,3,20,13,30,22,-9,-10,6,3,sil
20.113409996032715,7,-5,-6,-9,0,3,25,7,32,33,2,2,21,18,sil
20.113409996032715,10,-5,-6,-6,-5,-1,8,0,17,21,9,12,19,15,sil
20.113409996032715,0,-6,-12,-13,-13,-10,-12,0,3,0,2,7,7,0,sil
20.123549699783325,1,1,-2,-16,-11,-13,-18,-5,-9,-8,9,10,3,-4,sil
20.13870668411255,8,15,9,-5,-4,-6,-14,-9,-14,-9,23,21,5,-5,sil
20.13870668411255,1,16,7,6,-5,-2,-15,-9,-16,-21,17,12,-5,-9,sil
20.154130935668945,-10,11,5,6,-6,1,-17,0,-21,-26,7,-1,-17,-5,sil
20.154130935668945,-13,10,3,6,0,15,-9,4,-17,-11,6,-9,-12,-2,sil
20.16926646232605,-11,6,8,12,12,25,0,0,-15,-1,-4,-11,-6,-3,sil
20.16926646232605,-4,3,9,26,19,25,6,-1,-10,6,-8,-13,-5,8,sil
20.1853129863739,3,1,7,31,20,23,19,9,7,21,-4,-10,0,17,sil
20.1853129863739,6,-8,5,14,14,21,32,15,19,25,-14,-9,5,13,sil
20.20158052444458,7,-13,-4,-1,2,9,29,5,25,15,-11,-3,9,15,sil
20.20158052444458,12,1,0,3,1,-5,8,0,34,7,8,15,17,17,sil
20.21629786491394,17,7,9,6,5,-8,-5,4,34,4,9,20,23,6,sil
20.21629786491394,15,-2,0,-4,0,-12,-11,1,18,-1,4,13,15,0,sil
20.23180055618286,14,0,-3,-10,-5,-17,-15,-2,0,-6,13,20,3,2,sil
20.23180055618286,9,0,0,-8,-5,-12,-6,-5,-4,-2,14,19,5,-3,sil
20.24804949760437,0,-3,1,-12,-4,-13,-2,-4,-11,-6,4,2,3,-17,sil
20.24804949760437,0,3,0,-6,-1,-23,-12,-5,-17,-17,5,0,-2,-18,sil
20.262686252594,-3,7,-1,1,0,-18,-16,-10,-19,-11,4,2,-10,-8,sil
20.278228282928467,-22,-3,-1,-6,-2,3,-9,-7,-21,-3,-10,-10,-24,-11,sil
20.278228282928467,-34,-10,-15,-14,-3,17,-1,-1,-23,-9,-21,-28,-29,-18,sil
20.293758630752563,-26,-11,-19,-5,-8,6,5,-1,-17,-5,-18,-28,-20,-9,sil
20.293758630752563,-12,-9,-5,2,-8,-1,9,0,-3,5,-19,-13,-12,1,sil
20.30979800224304,-5,-5,-7,0,-4,2,7,0,3,3,-22,-9,-7,0,sil
20.30979800224304,-1,-6,-9,-11,-8,0,8,2,6,1,-13,-4,2,7,sil
20.32512760162353,11,-4,0,-12,-13,-9,8,8,16,14,6,8,19,23,sil
20.32512760162353,29,4,8,-8,-4,-10,-4,12,14,8,19,18,28,19,sil
20.34115529060364,24,13,9,-10,1,-10,-11,4,0,-9,21,16,18,0,sil
20.34115529060364,8,13,5,-6,4,-6,-5,-6,-2,-12,12,7,1,-8,sil
20.356876611709595,0,7,9,7,12,2,-13,-7,-8,-9,-1,0,-5,-7,sil
20.356876611709595,-3,5,7,19,13,3,-15,-4,-13,-11,-2,-2,-4,-8,sil
20.37233638763428,-2,8,11,21,8,0,0,0,-6,-15,0,1,-9,-4,sil
20.37233638763428,0,11,16,24,7,10,2,0,-2,-9,-3,-1,-14,-2,sil
20.388442754745483,-8,2,2,24,6,22,6,-1,-4,8,-10,-15,-14,-8,sil
20.388442754745483,-14,-9,-3,12,4,20,24,0,-1,13,-12,-18,-12,-6,sil
20.40404486656189,0,-10,-4,8,5,20,29,5,11,6,-4,-6,0,9,sil
20.40404486656189,9,0,-4,17,9,28,20,4,25,19,9,3,17,22,sil
20.419033527374268,4,1,2,18,8,22,20,5,31,35,13,5,13,21,sil
20.419033527374268,1,-9,-6,-1,-1,2,14,5,26,27,3,-3,1,10,sil
20.435174703598022,1,-19,-17,-25,-11,-4,-5,1,17,11,0,0,8,5,sil
20.435174703598022,0,-13,-15,-30,-16,-11,-14,1,12,6,10,12,21,5,sil
20.4510304927826,0,1,-5,-20,-15,-30,-19,1,0,-1,9,16,13,-1,sil
20.4510304927826,3,9,7,-15,-5,-29,-23,-3,-12,-8,2,13,3,-8,sil
20.466163635253903,6,-2,1,-23,-1,-22,-22,-6,-14,-8,9,11,9,-5,sil
20.466163635253903,0,-13,-4,-37,-12,-32,-26,-5,-18,-19,9,11,5,-5,sil
20.481707096099854,-6,3,2,-23,-12,-25,-22,-6,-21,-24,1,9,-3,-9,sil
20.481707096099854,0,23,11,7,6,-5,-12,-5,-21,-17,3,5,-5,-6,sil
20.497126579284668,2,20,17,15,14,1,-7,-2,-26,-17,1,0,-11,-2,sil
20.497126579284668,0,12,9,10,8,7,0,-2,-20,-17,-6,-3,-11,0,sil
20.5131356716156,-5,12,6,20,10,16,13,1,-4,-2,-5,-6,-4,1,sil
20.5131356716156,-13,6,7,26,11,17,14,3,-3,4,-6,-16,-12,-4,sil
20.52912187576294,-22,-5,-2,13,2,15,7,-3,-12,-9,-22,-26,-28,-19,sil
20.52912187576294,-18,-12,-10,6,-1,15,7,-1,-3,-12,-26,-20,-19,-14,sil
20.54500460624695,-3,-10,-10,12,1,15,25,4,16,10,-6,-7,0,2,sil
20.54500460624695,1,-5,-7,6,2,12,33,1,25,25,-2,-7,-2,7,sil
20.5599901676178,-2,-12,-17,-4,-4,7,23,3,24,15,-18,-17,-6,-1,sil
20.5599901676178,-8,-23,-25,-9,-8,0,12,2,15,7,-22,-21,-3,-6,sil
20.575533628463745,-7,-21,-13,-18,-8,-3,4,0,7,17,-15,-5,3,6,sil
20.575533628463745,1,-15,-9,-24,-11,-8,-1,7,11,23,-2,11,19,19,sil
20.59096908569336,24,-3,2,-10,-11,-15,-10,8,14,6,16,20,26,15,sil
20.59096908569336,42,21,29,12,-1,-17,-16,0,9,-2,36,31,23,9,sil
20.606745719909668,39,32,30,16,5,-10,-18,0,0,-3,37,36,17,9,sil
20.606745719909668,28,24,16,8,7,4,-13,-2,-9,-11,18,23,0,0,sil
20.622095584869385,25,16,12,25,10,12,-1,-8,-11,-12,5,2,-10,-1,sil
20.622095584869385,24,0,11,33,8,8,2,-1,-6,0,2,-8,-8,2,sil
20.63719630241394,6,-19,-5,-2,0,2,-3,2,1,11,-2,-11,-7,0,sil
20.63719630241394,-22,-14,-17,-24,-1,1,-5,0,19,21,0,-1,7,4,sil
20.652724742889404,-32,4,3,-7,-3,-6,-7,5,23,9,23,22,29,9,sil
20.652724742889404,-18,7,9,-2,-9,-20,-20,2,1,-16,29,21,21,0,sil
20.668339014053345,-14,9,-1,-8,-1,-22,-30,-15,-25,-29,9,2,-4,-11,sil
20.668339014053345,-20,21,2,4,12,-10,-16,-19,-36,-30,-6,-5,-18,-19,sil
20.68421506881714,-19,13,4,14,8,3,3,-9,-30,-25,-7,-12,-21,-21,sil
20.68421506881714,-16,-7,0,3,2,14,7,0,-20,0,-4,-15,-12,-3,sil
20.699808597564697,-7,-11,-5,-1,8,16,10,5,-6,18,-3,-9,6,10,sil
20.699808597564697,0,-4,-4,1,10,10,18,5,-2,6,-14,-8,1,3,sil
20.7148985862732,-1,-4,1,-1,3,14,22,2,-8,-7,-25,-13,-18,-4,sil
20.7148985862732,-11,-14,-13,-19,0,18,27,5,-3,2,-26,-22,-18,-4,sil
20.73023128509521,-18,-21,-28,-39,-8,7,23,6,5,10,-33,-30,-10,-4,sil
20.73023128509521,-13,-17,-26,-36,-17,-4,9,0,7,4,-33,-28,-11,-6,sil
20.7458758354187,-7,-13,-22,-22,-13,-9,-6,2,10,0,-25,-18,-16,-9,sil
20.7458758354187,-7,-13,-14,-16,-7,-5,-8,11,21,5,-21,-11,-12,-5,sil
20.7610182762146,0,-9,-5,-3,-11,-2,0,3,26,20,-14,-7,2,5,sil
20.7610182762146,9,-3,4,3,-10,-4,0,0,17,15,-4,3,8,7,sil
20.776748180389404,17,0,5,1,0,1,0,7,11,0,7,21,7,8,sil
20.776748180389404,22,6,8,9,3,0,0,4,12,0,26,35,17,14,sil
20.792173862457275,23,12,20,18,0,-13,-10,-6,6,3,37,37,22,8,sil
20.792173862457275,28,19,22,25,2,-15,-13,-5,0,6,39,33,23,4,sil
20.808253526687626,38,29,27,39,10,-5,-7,-5,-1,2,35,36,25,13,sil
20.808253526687626,30,34,25,41,8,-3,-6,-9,-11,-13,26,24,18,4,sil
20.824870824813843,13,26,15,23,6,-1,-7,-6,-17,-23,24,8,6,-9,sil
20.824870824813843,3,12,21,13,11,5,-10,-2,-13,-13,30,10,2,0,sil
20.83896255493164,-5,0,15,19,11,6,-5,-4,-7,-3,22,3,-1,6,sil
20.83896255493164,-15,0,4,14,4,1,1,-3,-7,-4,2,-12,-10,-4,sil
20.854809522628784,-20,-2,-2,-1,0,1,0,0,-4,0,-12,-23,-20,-10,sil
20.854809522628784,-26,-20,-16,-13,0,6,1,7,1,9,-22,-33,-25,-7,sil
20.87120461463928,-24,-31,-21,-20,-3,7,11,9,8,16,-27,-29,-15,-3,sil
20.87120461463928,-10,-22,-19,-19,-12,0,14,2,8,14,-20,-10,0,3,sil
20.885866403579712,-1,-12,-20,-16,-10,-6,1,-2,2,-2,-16,-1,-3,3,sil
20.900882244110107,-6,-11,-23,-19,0,-1,0,-1,5,-7,-15,-5,-8,-6,sil
20.900882244110107,-4,-12,-19,-25,0,-1,3,1,13,0,-11,-3,7,-5,sil
20.916205644607544,6,-9,-8,-29,-12,-8,-5,2,7,-4,-7,10,18,7,sil
20.916205644607544,7,0,-8,-29,-13,-13,-18,-5,-11,-20,0,9,2,2,sil
20.932138204574585,4,21,6,-11,3,-5,-18,-8,-27,-21,5,6,-9,-9,sil
20.932138204574585,8,36,25,16,16,13,0,3,-16,0,12,10,2,0,sil
20.947698831558228,2,17,12,20,13,18,10,2,-5,8,7,0,5,2,sil
20.947698831558228,-5,3,11,16,12,11,2,-6,-18,-8,-3,-7,-8,-4,sil
20.963308811187744,0,16,22,33,15,15,8,0,-16,-6,-4,-1,-5,3,sil
20.963308811187744,-2,5,6,26,3,15,22,9,9,21,-2,-3,0,9,sil
20.97887325286865,-9,-17,-11,1,-4,8,22,7,25,30,-4,-11,-4,1,sil
20.97887325286865,-6,-13,-13,4,1,6,13,2,18,18,-5,-14,-5,0,sil
20.993993043899536,-9,-7,-7,8,1,8,7,2,5,3,-17,-17,-5,-2,sil
20.993993043899536,-7,-12,-3,-4,-5,0,12,3,12,8,-16,-9,0,0,sil
21.009706020355225,0,-12,-2,-8,-8,-20,7,0,17,15,0,2,5,7,sil
21.009706020355225,-1,-14,-15,-21,-12,-34,-17,-8,-6,-8,-4,-4,-1,-5,sil
21.025299549102783,-2,-12,-20,-36,-11,-20,-23,-8,-13,-18,-8,-5,1,-17,sil
21.025299549102783,13,2,8,-21,-3,-5,-5,1,9,4,22,20,26,0,sil
21.040903329849243,22,8,17,1,-5,-11,-2,4,11,-4,37,27,26,11,sil
21.040903329849243,10,2,-1,-7,-13,-18,-22,-4,-7,-42,14,8,-2,-5,sil
21.056133270263672,0,0,-4,-18,-9,-16,-31,-7,-10,-34,0,3,-13,-16,please
21.056133270263672,-3,0,2,0,-4,-15,-21,-1,-9,-6,7,5,-2,-9,please
21.071202278137207,3,14,15,19,0,-5,-12,0,-16,-8,14,15,0,-2,please
21.071202278137207,11,27,15,22,14,9,-5,-1,-12,-14,5,16,-4,-2,please
21.086785554885864,0,15,3,16,17,15,3,-7,-7,-6,-11,0,-14,-1,please
21.086785554885864,-14,2,6,14,7,19,14,0,-6,9,-11,-6,-16,4,please
21.102030754089355,0,2,11,21,8,23,25,10,7,31,2,1,0,14,please
21.102030754089355,12,-2,3,18,9,19,21,9,18,34,1,-4,2,12,please
21.117162704467773,0,-12,-2,8,3,16,15,0,12,13,-14,-18,-14,0,please
21.117162704467773,-9,-8,-3,9,7,14,14,0,8,6,-15,-14,-13,2,please
21.13268208503723,-4,-5,-5,5,2,16,8,8,14,27,-1,-3,7,16,please
21.13268208503723,-2,-10,-15,-14,-8,12,2,9,25,32,2,-3,15,17,please
21.14807271957397,0,-10,-11,-19,-3,-5,-1,0,21,5,3,5,14,8,please
21.14807271957397,4,-5,-3,-8,-4,-22,-11,0,6,0,12,15,22,9,please
21.1636700630188,5,-5,-3,-6,-13,-22,-8,3,0,12,12,10,27,10,please
21.1636700630188,8,0,0,-12,-3,-16,0,-1,-6,-10,3,11,17,0,please
21.179412841796875,-2,7,-4,-18,0,-20,-15,-14,-20,-36,3,10,4,-18,please
21.179412841796875,-13,7,-7,-14,-9,-24,-37,-15,-30,-22,4,-2,-2,-24,please
21.19519066810608,2,20,13,10,1,-8,-15,-3,-25,-10,7,-1,-2,-13,please
21.19519066810608,12,32,24,28,15,9,12,-3,-24,-25,7,1,-12,-9,please
21.21067357063293,-8,12,10,13,8,10,4,-9,-32,-37,-7,-17,-32,-23,please
21.21067357063293,-14,-7,-1,3,6,13,6,0,-25,-19,-21,-30,-31,-21,please
21.22679662704468,1,-2,4,11,10,26,25,9,-3,3,-18,-15,-15,-4,please
21.22679662704468,-2,-5,0,1,0,23,21,1,5,1,-17,-13,-9,-3,please
21.241995096206665,-17,-18,-17,-11,-3,6,11,0,14,5,-17,-19,-6,0,please
21.241995096206665,-2,-5,-2,0,4,4,20,17,35,33,-3,0,6,21,please
21.257684230804443,15,0,5,7,1,8,27,19,37,38,4,12,10,31,please
21.257684230804443,-1,-21,-16,-19,-16,-5,6,4,17,11,-11,-3,-3,9,please
21.2736713886261,-25,-31,-31,-36,-22,-15,-9,-2,15,7,-22,-11,-5,-3,please
21.2736713886261,-8,-18,-15,-23,-10,-11,-9,-8,11,8,-4,3,11,7,please
21.28871250152588,15,-7,6,-12,-4,-9,-17,-7,-4,-9,6,19,16,12,please
21.28871250152588,10,-2,4,-7,-7,-13,-23,1,4,-3,12,25,18,6,please
21.3048062324524,2,0,2,-3,-11,-18,-17,2,13,15,29,24,30,5,please
21.3048062324524,13,9,11,2,-5,-21,-21,-4,-3,1,34,22,30,3,please
21.319988250732425,19,22,7,12,3,-15,-27,-9,-13,-22,20,17,10,-6,please
21.319988250732425,8,21,9,8,5,-13,-26,-11,-13,-25,10,9,-9,-12,please
21.336081504821777,-5,13,10,3,1,-18,-20,-10,-21,-19,5,-3,-18,-15,please
21.336081504821777,-1,18,11,20,12,-4,-10,-6,-23,-16,3,-6,-16,-17,please
21.35131549835205,8,26,24,34,26,18,2,0,-19,-14,3,-1,-11,-9,please
21.35131549835205,0,15,10,21,18,21,12,0,-12,-3,0,-8,-17,-2,please
21.36648344993592,-9,3,-1,10,7,23,17,6,-5,13,2,-3,-15,0,please
21.38301682472229,8,12,9,22,13,35,33,16,7,21,11,9,4,9,please
21.38301682472229,15,9,6,20,7,28,35,13,14,12,-10,-2,0,9,please
21.38301682472229,-4,-15,-15,-9,-11,11,18,3,9,4,-39,-23,-26,0,please
21.39718079566956,-14,-29,-24,-30,-14,11,9,5,11,12,-29,-23,-13,-1,please
21.4127049446106,-12,-25,-19,-29,-7,7,6,7,11,12,-15,-18,8,0,please
21.4127049446106,-12,-24,-18,-18,-14,-5,4,0,-2,-3,-18,-18,0,-2,please
21.428186416625977,-6,-14,-7,-4,-12,-7,9,0,1,-4,-8,-4,-1,3,please
21.428186416625977,-2,0,7,2,3,-2,7,6,20,9,5,6,11,11,please
21.44369840621948,-3,1,-2,4,5,-7,-4,-4,13,5,2,-1,8,0,sil
21.44369840621948,0,0,-5,4,0,-8,-9,-15,-3,-9,0,-2,1,-4,sil
21.458816528320312,-2,0,3,2,0,-1,-1,-5,-5,-1,3,3,9,3,sil
21.458816528320312,-14,-5,-4,-6,-1,-12,-5,-2,-14,0,-3,-2,6,0,sil
21.474886178970337,-10,-2,-7,-7,-3,-18,-16,-10,-21,-16,-3,-3,-6,-9,sil
21.474886178970337,10,5,1,4,8,1,-8,0,6,0,24,16,11,1,sil
21.49043297767639,21,3,15,12,9,3,1,16,29,32,36,29,33,18,sil
21.49043297767639,15,0,13,1,-3,-12,-1,7,16,20,15,21,20,13,sil
21.505929470062256,14,3,3,-8,-2,-8,-1,-3,4,-3,6,14,10,9,sil
21.505929470062256,14,2,4,-8,-3,-6,-6,0,-1,0,12,15,19,9,sil
21.521451473236084,0,-2,-2,-8,-21,-19,-20,-1,-17,0,0,1,6,-4,sil
21.521451473236084,-9,-5,-7,-18,-19,-10,-23,-10,-20,-25,-12,-7,-16,-19,sil
21.5371162891388,-1,0,-2,-20,5,8,-3,-3,2,-22,-6,-4,-20,-19,sil
21.5371162891388,0,14,-1,-8,12,9,8,0,9,0,-4,-12,-17,-15,sil
21.552727222442627,-4,18,7,4,4,3,2,0,-9,-4,-9,-14,-18,-11,sil
21.552727222442627,-3,7,8,10,0,-4,-2,0,-19,-22,-8,-4,-16,-5,sil
21.56873178482056,-5,0,-3,0,0,-11,0,-2,-16,-15,-7,-6,-15,-4,sil
21.56873178482056,-2,3,1,-4,5,3,7,0,-8,0,-1,-5,-7,0,sil
21.58488965034485,7,6,11,15,11,17,8,2,-1,-4,6,6,0,5,sil
21.58488965034485,4,11,9,32,13,12,1,1,-4,-13,0,7,-15,0,sil
21.603345155715942,-1,10,0,24,13,13,3,2,0,1,-4,0,-13,0,sil
21.603345155715942,1,-2,-1,9,4,17,10,1,6,17,3,1,2,10,sil
21.603345155715942,7,-1,5,12,-3,10,10,-1,-1,8,1,5,0,7,sil
21.615880012512207,4,6,3,18,0,5,10,0,-1,2,-7,0,-7,-3,sil
21.631892442703247,-10,-12,-4,-1,-4,5,7,3,1,1,-6,-9,-7,-4,sil
21.631892442703247,-21,-30,-17,-18,-9,4,10,2,4,6,-7,-11,-4,8,sil
21.64694118499756,-10,-17,-14,-1,0,7,12,7,20,28,-8,-7,9,11,sil
21.64694118499756,0,-11,-5,3,0,6,4,10,30,39,0,-2,20,0,sil
21.662466049194336,-2,-17,-8,-16,-13,-9,-2,0,15,20,3,-7,11,2,sil
21.662466049194336,0,-9,-4,-19,-10,-20,-5,-4,4,-1,-1,-3,7,15,sil
21.678151607513428,2,0,-2,-3,-1,-9,-4,3,12,0,0,2,17,10,sil
21.678151607513428,0,-1,-5,-5,-1,-4,-10,5,15,7,8,6,22,4,sil
21.693022966384888,8,0,-2,-13,1,-11,-22,0,7,0,18,16,28,8,sil
21.693022966384888,12,7,-3,-11,1,-17,-25,-9,-6,-20,17,15,27,-3,sil
21.708325624465942,4,14,2,-12,-8,-22,-25,-16,-27,-29,7,6,7,-21,sil
21.708325624465942,4,18,14,-2,-6,-17,-22,-13,-31,-14,10,5,3,-16,sil
21.724051475524902,6,21,15,18,11,3,-1,-1,-17,0,14,3,10,-5,sil
21.724051475524902,-5,17,13,21,16,17,14,0,-14,-6,-9,-11,-7,-9,sil
21.739681243896484,-17,-2,0,10,3,13,17,-6,-13,-3,-27,-18,-27,-13,sil
21.739681243896484,-5,-19,-7,0,-1,13,24,1,-1,11,-15,-6,-20,0,sil
21.755085945129395,3,-13,-6,-11,-1,16,25,12,3,5,-15,-2,-8,8,sil
21.755085945129395,-5,-6,-13,-18,-5,0,7,8,7,-11,-22,-4,-7,4,sil
21.77022123336792,0,-4,-3,-11,-4,-11,-4,9,22,-5,3,10,0,5,sil
21.77022123336792,16,3,11,4,2,-8,0,8,21,8,31,20,14,9,sil
21.78575348854065,13,13,17,8,0,-6,0,-2,0,-1,25,14,4,0,sil
21.78575348854065,0,16,17,10,-1,-6,-3,-4,-12,-22,12,9,-23,-12,sil
21.80154013633728,0,10,10,14,1,0,-4,-5,-13,-24,-2,-6,-40,-10,sil
21.80154013633728,0,0,2,11,4,7,-5,-11,-20,-12,-24,-25,-51,-4,sil
21.817137718200684,-5,-3,-5,12,4,15,-1,-9,-21,-6,-32,-24,-59,-4,sil
21.817137718200684,-13,-4,-7,15,2,16,0,1,-3,-4,-21,-12,-52,-3,sil
21.83282160758972,-14,-8,-7,5,2,10,9,13,28,21,4,-1,-31,9,sil
21.83282160758972,0,-9,-9,-5,5,2,18,20,46,48,28,13,11,27,sil
21.848086833953857,15,-4,0,-12,-3,-3,10,14,33,35,24,25,67,31,sil
21.86403226852417,25,2,3,-10,-12,-8,-4,-2,14,12,14,25,86,26,sil
21.86403226852417,26,9,4,-5,0,-16,-20,-11,-6,1,19,26,62,15,sil
21.86403226852417,6,12,10,-2,3,-12,-22,-9,-33,-15,11,12,38,-4,sil
21.87966728210449,-17,10,3,0,-3,2,-2,-5,-28,-24,-4,-11,29,-16,sil
21.87966728210449,-24,2,-3,7,4,6,9,-1,-4,-4,-5,-19,20,-17,sil
21.89485025405884,-26,-13,-20,7,7,0,0,-3,0,15,-6,-22,18,-16,sil
21.89485025405884,-23,-25,-29,-11,-6,1,-8,-6,-1,10,-15,-22,23,-11,sil
21.91010308265686,-5,-19,-15,-26,-9,6,0,0,11,2,-24,-12,3,-6,sil
21.91010308265686,8,-10,-4,-23,-2,0,3,2,11,2,-26,-13,-33,-7,sil
21.925813913345337,12,1,2,-19,-2,-11,-10,-2,-7,-12,-14,-6,-42,-8,sil
21.940756797790527,17,14,8,-6,-7,-16,-18,-1,-16,-27,4,15,-21,-9,sil
21.940756797790527,8,15,9,8,-1,-5,-2,2,-6,-13,16,13,-17,-10,sil
21.95669460296631,-14,5,1,14,12,17,16,5,1,4,1,-9,-33,-11,sil
21.95669460296631,-28,-7,-17,10,11,26,15,0,-4,-2,-23,-28,-41,-18,sil
21.97230195999145,-18,-12,-11,8,-2,15,6,0,-11,-13,-28,-25,-40,-18,sil
21.97230195999145,-2,-6,2,13,0,4,9,5,0,4,-8,-9,-22,0,sil
21.98830771446228,8,-5,1,5,5,-2,13,11,20,19,7,9,5,18,sil
21.98830771446228,19,0,9,-4,-2,-8,13,11,31,14,18,23,28,30,sil
22.00315260887146,32,19,19,9,-2,-11,19,11,30,13,28,33,39,36,sil
22.00315260887146,27,13,16,6,3,-20,8,6,12,9,29,37,36,26,sil
22.0188672542572,3,-8,6,-22,-6,-26,-16,-6,-3,-6,27,23,18,10,sil
22.0188672542572,-7,0,3,-18,-10,-19,-28,-15,-15,-16,18,4,-8,0,sil
22.03404712677002,0,24,14,20,6,1,-28,-14,-29,-16,7,-1,-27,-11,sil
22.03404712677002,5,19,20,36,12,19,-14,-10,-23,-3,1,-3,-20,-7,sil
22.048996686935425,0,3,18,21,0,20,2,-4,0,14,-8,-3,-6,15,sil
22.048996686935425,2,0,14,14,-5,14,8,0,7,18,-10,1,6,26,sil
22.065324544906616,7,-5,3,13,-5,6,2,0,0,5,-1,3,20,10,sil
22.065324544906616,-3,-15,-10,-7,-12,0,0,-1,-3,-9,-11,1,18,-3,sil
22.08074712753296,-13,-15,-25,-20,-6,0,4,-3,-1,-15,-16,0,11,-6,sil
22.08074712753296,-6,-6,-21,-12,5,0,4,-3,-3,-9,5,0,13,-11,sil
22.096832513809204,-4,-3,-10,-7,1,-3,-6,0,-8,-3,21,7,9,-20,sil
22.096832513809204,-6,0,-9,-12,-4,-7,-14,1,-8,-10,8,7,0,-18,sil
22.11849474906921,-2,10,1,-7,1,-10,-14,4,-8,-17,-2,6,-7,-9,sil
22.11849474906921,-3,8,5,0,9,-4,-9,0,-12,-12,-2,-4,-16,-9,sil
22.11949348449707,-9,1,1,-3,6,5,0,0,-8,-3,-2,-22,-21,-15,sil
22.12833857536316,-13,1,-6,-4,7,11,19,12,5,5,-15,-33,-11,-10,sil
22.14492416381836,-14,2,-19,0,12,13,31,13,18,16,-36,-32,-6,-1,sil
22.14492416381836,-1,-2,-17,2,3,16,24,4,23,24,-37,-24,-7,0,sil
22.1604323387146,13,-12,-15,-7,-2,11,18,7,32,33,-20,-19,4,9,sil
22.1604323387146,8,-23,-16,-29,2,0,19,10,33,35,-15,-15,14,20,sil
22.17616319656372,-5,-24,-13,-30,7,-4,10,0,20,16,-17,-15,9,9,sil
22.17616319656372,-7,-17,-14,-8,4,-3,-8,-7,7,-1,-2,-12,4,-8,sil
22.19170641899109,-1,-10,-6,-3,-4,-12,-17,-7,2,-4,14,8,4,-5,sil
22.19170641899109,6,1,1,-9,-25,-28,-20,-7,0,0,24,28,12,7,sil
22.2071499824524,13,20,17,-1,-27,-31,-33,-12,-15,-14,37,31,9,0,sil
22.2071499824524,14,31,33,11,-5,-14,-35,-12,-33,-31,36,25,-10,-13,sil
22.22318911552429,6,18,26,15,5,-1,-19,-6,-42,-27,11,9,-22,-13,sil
22.22318911552429,0,10,26,17,4,3,-8,-1,-36,-20,1,0,-15,-2,sil
22.238314867019653,-2,16,30,30,10,19,1,0,-15,-9,17,12,0,6,sil
22.238314867019653,-6,9,17,41,9,27,18,1,2,3,14,17,3,11,sil
22.25394821166992,-4,0,9,38,0,18,27,4,5,8,-3,8,0,11,sil
22.25394821166992,8,5,7,27,-2,7,22,8,6,9,-1,4,0,18,sil
22.26925539970398,12,2,6,12,-5,3,15,5,5,6,-2,10,1,23,sil
22.26925539970398,2,-14,-2,0,-5,3,12,0,0,-1,-16,7,-2,15,sil
22.28487086296081,-1,-19,-14,-10,-5,-5,3,0,3,-5,-18,-2,-4,0,sil
22.28487086296081,0,-10,-19,-22,-6,-14,-9,5,11,-2,-6,-4,1,-5,sil
22.30097365379333,2,-8,-16,-26,0,-7,-9,7,12,-1,3,2,13,1,sil
22.30097365379333,0,-8,-8,-23,6,-4,-8,1,6,-4,7,8,15,0,sil
22.317068815231323,-2,2,-10,-17,3,-9,-14,-5,4,0,8,1,8,-18,sil
22.317068815231323,2,14,-8,-4,2,-1,-12,-6,2,2,12,-1,4,-22,sil
22.333184719085693,5,17,8,4,4,11,3,-1,-4,0,0,-5,0,-10,sil
22.333184719085693,-8,9,2,0,3,14,23,-2,-8,3,-16,-21,-9,-11,sil
22.349122762680054,-15,-4,-7,-8,6,18,34,0,1,18,-18,-25,-17,-5,sil
22.349122762680054,-13,-12,-10,-2,7,24,23,7,19,25,-15,-20,-13,12,sil
22.36383032798767,-13,-12,-14,2,2,9,-2,0,24,19,-16,-22,-5,7,sil
22.36383032798767,-3,-11,-5,-2,-1,-7,-15,-4,15,13,-12,-12,0,0,sil
22.37993788719177,10,-9,1,-2,-7,-17,-8,2,10,15,-4,0,6,13,sil
22.37993788719177,13,-8,0,-6,-16,-29,-14,6,8,3,0,1,10,14,sil
22.396000862121586,8,-16,-5,-23,-23,-35,-30,-3,0,-10,9,7,13,-2,sil
22.396000862121586,5,-12,-11,-30,-17,-28,-32,-17,-15,-19,13,14,17,-10,sil
22.411941289901733,6,12,1,-8,2,-11,-20,-14,-34,-28,18,21,16,-7,sil
22.411941289901733,12,29,16,19,21,4,-3,-2,-38,-26,28,21,7,-1,sil
22.42668867111206,8,24,18,24,15,3,-1,-2,-33,-18,24,11,-5,-3,sil
22.42668867111206,-4,18,11,13,2,0,-2,-2,-21,-12,8,-2,-13,-9,sil
22.44208002090454,-9,14,9,11,5,13,10,8,2,-1,-1,-8,-12,-8,sil
22.44208002090454,-5,9,15,19,20,24,28,16,19,7,-7,-6,-15,-4,sil
22.458143949508667,-11,0,0,21,16,14,24,7,10,4,-8,-8,-12,-4,sil
22.458143949508667,-24,-12,-15,0,-6,6,8,-3,-8,-1,-14,-9,-8,-6,sil
22.4737286567688,-23,-14,-10,-11,-12,9,5,-3,-10,-5,-24,-8,-19,-5,sil
22.4737286567688,-3,-7,0,0,0,8,6,1,5,2,-13,-5,-17,7,sil
22.48879885673523,9,-4,5,6,-6,4,2,7,12,10,1,3,1,16,sil
22.48879885673523,12,-2,0,1,-8,2,1,2,7,7,-7,1,4,6,sil
22.50482439994812,4,0,-9,1,3,2,0,-5,7,-1,-13,-5,-7,-5,sil
22.50482439994812,-7,-2,-3,-1,5,11,0,0,13,-5,0,-1,-3,-4,sil
22.520030736923218,2,0,4,4,3,17,18,8,19,12,3,7,13,10,sil
22.520030736923218,22,11,16,21,11,7,19,5,17,18,0,10,19,27,sil
22.53516626358032,15,4,6,16,5,-2,1,-2,7,0,8,7,17,18,sil
22.53516626358032,-2,-14,-10,-11,-9,-1,-7,0,6,5,12,2,16,0,sil
22.55083012580872,0,-14,-2,-17,-10,-3,-2,6,15,28,3,0,13,5,sil
22.55083012580872,2,-6,2,-5,-11,-22,-1,0,10,13,-6,-6,0,5,sil
22.56605076789856,-8,-9,-11,-16,-16,-28,-14,-10,-8,-16,-8,-7,-12,-11,sil
22.56605076789856,-21,-15,-20,-37,-16,-15,-20,-10,-12,-13,-5,-1,-11,-17,sil
22.581846237182617,-18,-14,-12,-32,-16,-14,-14,-8,-7,-7,-7,-6,-7,-16,sil
22.581846237182617,2,2,6,-10,-10,-20,-11,-1,-8,-3,1,-3,0,-12,sil
22.59701561927796,23,19,11,2,1,-13,-10,0,-10,5,24,14,17,4,sil
22.59701561927796,23,14,8,-2,10,-1,-4,0,-12,0,30,28,28,17,sil
22.612526893615723,20,10,8,0,16,6,3,6,-9,-2,21,24,28,12,sil
22.612526893615723,22,16,11,13,19,8,0,11,0,0,19,15,17,7,sil
22.62817096710205,14,13,13,16,11,4,-11,1,2,-9,19,11,3,8,sil
22.62817096710205,3,8,6,15,6,4,-5,-2,0,-8,12,5,0,6,sil
22.643737077713013,0,7,2,10,5,3,8,3,2,0,0,-4,-8,-5,sil
22.643737077713013,-8,-3,-4,-4,0,1,10,2,-3,-7,-10,-18,-22,-20,sil
22.65986394882202,-24,-13,-11,-9,-2,3,0,-7,-23,-20,-15,-24,-29,-27,sil
22.65986394882202,-33,-8,-6,-2,-1,3,0,-13,-29,-24,-23,-20,-33,-25,sil
22.67479085922241,-25,-1,-11,6,-4,1,8,-10,-12,-11,-24,-17,-21,-18,sil
22.67479085922241,-7,4,0,13,2,9,11,-1,0,7,-1,0,0,-3,sil
22.6900441646576,0,14,16,18,14,21,11,2,7,14,15,13,7,14,sil
22.6900441646576,-11,9,1,14,5,13,3,-1,5,5,-6,-1,-3,13,sil
22.706143379211422,-19,-10,-13,8,-4,2,-9,0,0,-5,-42,-26,-22,-6,sil
22.72169589996338,-14,-16,-13,9,0,9,-2,2,1,-4,-42,-23,-27,-13,sil
22.72169589996338,-6,-1,-7,9,1,18,5,2,6,8,-21,-6,-12,-1,sil
22.73772931098938,-1,3,-5,1,-3,8,1,3,1,16,-20,-8,-2,4,sil
22.73772931098938,4,-9,-11,-7,-4,-11,2,5,5,15,-24,-21,-2,2,sil
22.75476384162903,12,-14,-5,-10,-2,-16,5,8,16,12,-4,-11,7,3,sil
22.75476384162903,17,-4,1,0,-4,-8,2,5,18,7,11,1,20,13,sil
22.75476384162903,13,0,1,0,-6,-11,2,0,13,0,4,4,14,15,sil
22.7703504562378,10,-5,-2,-9,-6,-13,11,2,19,8,8,13,15,11,sil
22.78568911552429,18,-3,2,-2,0,-2,12,14,36,21,35,33,36,19,sil
22.78568911552429,25,7,20,11,6,-1,-3,8,35,13,51,43,42,27,sil
22.801714420318604,21,7,18,-5,-4,-16,-18,-10,2,-7,38,26,24,14,sil
22.801714420318604,13,-9,6,-45,-23,-23,-16,-10,-26,-21,22,14,12,1,sil
22.801714420318604,13,-5,12,-44,-18,-13,-5,0,-22,-20,30,28,16,6,sil
22.81675338745117,13,14,13,-12,7,0,-3,-1,-11,-5,40,29,12,2,sil
22.831794500350952,-1,15,8,-1,18,6,-12,-3,-15,2,19,2,-7,-13,sil
22.831794500350952,-18,2,3,3,5,12,-7,0,-16,0,-3,-20,-19,-21,sil
22.84702706336975,-21,0,-1,16,-2,15,5,-4,-14,-7,-18,-28,-25,-18,sil
22.84702706336975,-17,-2,-3,13,2,18,7,-11,-22,-13,-29,-24,-29,-15,sil
22.862544298172,-15,-9,-9,3,5,14,5,-5,-20,-5,-19,-12,-17,-7,sil
22.862544298172,-18,-14,-14,-2,-3,0,-1,0,-6,2,-11,-6,-2,-6,sil
22.87818026542664,-15,-7,-19,-4,-5,-9,-3,-1,0,-4,-25,-5,-8,-11,sil
22.87818026542664,1,9,-5,6,10,0,3,1,6,-8,-20,7,-10,-3,sil
22.893954038619995,11,25,13,16,17,3,3,14,19,6,2,19,4,2,please
22.893954038619995,7,26,2,15,10,-5,-1,9,14,16,4,5,9,-9,please
22.9095995426178,2,18,0,16,14,0,-5,-4,-8,1,1,-2,-10,-11,please
22.9095995426178,-5,11,7,20,13,7,-8,-9,-23,-14,4,-4,-18,0,please
22.92475628852844,-15,4,0,20,0,1,-6,-12,-22,-11,-9,-17,-10,-2,please
22.92475628852844,-14,-8,-4,13,-4,3,7,-10,-11,-3,-34,-33,-17,-4,please
22.94005918502808,-15,-28,-15,-4,-8,7,12,-1,0,-6,-46,-43,-28,2,please
22.94005918502808,-16,-31,-26,-22,-19,-2,1,8,13,-1,-40,-34,-13,6,please
22.95610380172729,2,-15,-9,-19,-15,0,12,20,48,29,-6,-1,25,19,please
22.95610380172729,27,-8,10,-16,-9,7,25,25,72,42,27,27,48,41,please
22.972086668014526,30,-11,11,-19,-13,-6,8,12,45,20,22,27,34,33,please
22.972086668014526,22,-8,0,-9,-2,-18,0,0,17,3,6,13,21,7,please
22.9871678352356,16,1,1,0,9,-8,6,-3,9,-5,14,10,16,3,please
22.9871678352356,3,3,0,-4,-1,0,-6,-8,-15,-19,18,11,3,0,please
23.00281381607056,-5,0,-5,-3,-6,-6,-22,-14,-42,-15,9,8,-4,-14,please
23.00281381607056,0,10,8,10,11,-12,-20,-8,-35,0,18,10,-2,-14,please
23.01874852180481,-2,19,8,16,15,-7,-13,-4,-24,-10,25,8,-9,-15,please
23.01874852180481,-14,12,-2,5,1,1,-14,-11,-31,-33,0,0,-25,-32,please
23.03415584564209,-11,7,6,10,0,5,-8,-5,-27,-22,-15,-11,-26,-27,please
23.03415584564209,-8,11,11,28,8,9,0,0,-15,0,0,-19,-19,-14,please
23.0500431060791,-19,9,2,22,5,22,0,-6,-21,0,2,-9,-15,-19,please
23.0500431060791,-15,-1,-3,4,-4,23,4,-9,-11,2,-10,0,-2,-10,please
23.06611132621765,-2,-8,2,2,-1,5,10,3,14,18,-10,-2,3,14,please
23.06611132621765,2,-9,4,-3,1,0,8,13,26,25,2,3,8,23,please
23.081572771072388,5,-15,-3,-26,-9,0,6,15,28,23,9,17,21,23,please
23.081572771072388,10,-16,2,-36,-16,-9,5,17,28,14,7,18,23,24,please
23.097166299819943,22,0,9,-20,-1,-11,7,11,18,8,19,19,24,23,please
23.097166299819943,25,2,6,-18,6,-5,8,0,12,9,29,25,31,21,please
23.11270523071289,13,-6,0,-25,-1,-2,4,-1,14,3,19,19,26,19,please
23.11270523071289,11,-6,-5,-6,-3,-4,5,0,11,-2,9,11,20,12,please
23.12793016433716,13,2,-1,2,0,-7,4,0,0,-3,17,12,21,0,please
23.12793016433716,2,10,-1,-6,-1,-12,-3,-9,-9,-11,25,8,12,-5,please
23.14401602745056,1,17,-1,3,-1,-18,-13,-11,-8,-17,8,1,-9,0,please
23.14401602745056,10,20,7,23,9,-7,-14,0,0,-11,-27,-6,-31,-2,please
23.15967440605164,2,18,-2,17,12,2,-12,-4,-6,-21,-50,-29,-52,-22,please
23.15967440605164,-21,9,-17,3,2,-3,-14,-12,-26,-42,-56,-55,-68,-43,please
23.174835205078125,-34,1,-14,12,7,3,-2,1,-25,-25,-51,-52,-51,-38,please
23.174835205078125,-20,1,0,32,21,26,10,11,-6,10,-28,-23,-13,-10,please
23.19072437286377,-5,-2,7,33,11,24,10,0,-1,15,-15,-8,-6,1,please
23.19072437286377,-14,-12,-6,11,-3,9,11,-3,-3,7,-25,-24,-18,-13,please
23.205962657928467,-22,-15,-11,0,-1,11,15,5,-2,16,-22,-28,-11,-18,please
23.205962657928467,-17,-21,-7,3,-2,21,12,5,3,25,-8,-16,2,-1,please
23.221856832504272,-13,-28,-7,-5,-9,17,6,0,17,25,-1,-9,12,4,please
23.221856832504272,-17,-21,-8,-19,-10,3,2,0,10,15,1,-1,18,0,please
23.236998796463013,-12,-10,-13,-9,-11,-7,-4,-7,-7,-4,5,6,13,4,please
23.236998796463013,5,-1,0,0,-8,-6,-4,-7,0,-8,18,22,13,14,please
23.25306391716004,26,5,15,-5,-2,-6,1,2,14,10,41,40,36,23,please
23.25306391716004,32,8,13,-8,-1,-19,-5,3,11,18,52,46,46,28,please
23.268237352371216,27,16,16,-4,0,-26,-16,0,3,4,45,43,35,26,sil
23.268237352371216,17,9,9,-6,-4,-22,-11,0,2,-10,30,34,23,14,sil
23.28383207321167,8,-6,-4,-20,-13,-18,-7,6,9,-11,22,22,12,2,sil
23.28383207321167,8,1,-3,-21,-6,-4,-1,7,22,0,30,18,10,3,sil
23.298985481262207,11,22,8,-5,5,2,0,-5,5,-8,25,12,9,6,sil
23.298985481262207,7,15,13,0,0,-2,-12,-11,-26,-31,-4,0,-10,-2,sil
23.31412172317505,0,0,0,-10,-7,-6,-16,0,-26,-19,-22,-11,-23,-13,sil
23.31412172317505,3,5,1,-6,3,0,-2,9,-9,0,-17,-14,-15,-10,sil
23.330087661743164,16,18,22,16,16,8,10,8,-2,-3,-3,-4,-6,1,sil
23.330087661743164,11,7,16,22,13,11,11,0,0,-3,3,1,-7,1,sil
23.34570860862732,-18,-10,-10,-1,6,5,3,-6,-2,-6,-9,-10,-18,-18,sil
23.34570860862732,-34,-13,-25,-10,2,3,5,-2,-6,-10,-30,-29,-30,-29,sil
23.36074471473694,-21,-5,-9,6,-1,10,14,6,-4,0,-30,-24,-23,-12,sil
23.36074471473694,0,0,9,15,-3,18,8,0,0,11,-13,-9,-6,4,sil
23.37596726417541,11,-1,10,10,2,16,0,-13,5,12,-11,-1,-2,7,sil
23.39199566841125,7,0,11,14,11,10,5,-6,6,15,-12,3,-6,8,sil
23.39199566841125,-6,0,-6,16,9,3,10,2,6,17,0,-4,0,0,sil
23.39199566841125,-25,-8,-29,0,-2,-5,-3,0,9,14,-1,-23,-2,-15,sil
23.407719373703003,-26,-16,-15,-7,-8,-7,-9,5,11,13,-7,-17,0,-8,sil
23.407719373703003,-2,-8,0,3,3,-5,5,13,17,15,7,7,19,15,sil
23.423866271972656,11,-1,-1,0,8,-6,11,4,16,12,9,17,21,19,sil
23.423866271972656,13,-1,1,-4,-5,-1,2,-6,6,5,1,10,13,9,sil
23.43847846984864,16,0,15,5,-16,1,1,-4,-5,0,3,9,10,8,sil
23.454159021377563,10,2,10,5,-9,0,2,0,-15,-13,0,0,0,2,sil
23.454159021377563,-9,-2,-14,-15,-1,-1,-10,-8,-25,-26,-5,-15,-9,-15,sil
23.454159021377563,-21,-7,-19,-24,-2,1,-21,-10,-29,-24,4,-11,-8,-22,sil
23.469885110855103,-13,0,-11,-4,0,1,-10,2,-10,-3,5,-1,-2,-9,sil
23.469885110855103,1,16,4,12,6,4,1,9,6,4,0,-1,2,1,sil
23.485097646713257,10,21,17,7,8,7,4,2,3,-6,4,4,5,4,sil
23.50106167793274,8,15,4,0,5,-3,1,-5,-4,-16,9,6,1,0,sil
23.50106167793274,5,8,0,0,-3,-21,-7,-9,-7,-19,-7,2,-9,-9,sil
23.517165184021,0,-1,0,-4,-11,-19,-11,-6,-7,-12,-15,-1,-8,-10,sil
23.517165184021,-2,-6,-7,-7,-3,-5,-3,1,0,3,1,1,2,3,sil
23.53273200988769,0,-1,-5,-2,2,0,1,7,11,11,5,5,3,8,sil
23.53273200988769,3,-9,-5,0,-2,-2,1,6,16,6,-3,0,5,4,sil
23.548429489135746,9,-10,0,-2,0,-1,0,10,16,3,6,5,12,15,sil
23.548429489135746,11,8,6,2,8,6,4,11,15,12,18,12,11,20,sil
23.563847064971924,11,10,11,11,5,12,11,1,12,20,12,10,9,11,sil
23.563847064971924,15,2,22,13,3,8,9,1,11,20,15,19,13,11,sil
23.57914590835572,8,0,6,-6,1,0,0,5,5,10,18,15,2,8,sil
23.57914590835572,-12,-16,-15,-34,-6,2,-1,-2,-5,0,-9,-13,-16,-7,sil
23.59514045715332,-11,-18,-3,-17,-2,4,5,-3,-3,5,-24,-15,-13,-7,sil
23.59514045715332,0,-1,7,17,2,-4,4,0,-2,8,-8,1,-6,0,sil
23.61012053489685,-12,-10,-3,5,-8,-5,-8,-6,-17,-14,-6,-3,-16,-11,sil
23.61012053489685,-19,-25,-8,-14,-16,-1,-11,-14,-19,-21,-13,-15,-16,-21,sil
23.62583374977112,-8,-13,7,-8,-6,-7,-7,-8,-12,-10,-10,-11,-9,-14,sil
23.62583374977112,-5,0,7,1,-1,-10,-8,-2,-15,-21,-5,-7,-6,-11,sil
23.6408748626709,-2,10,-2,12,0,0,-2,-6,-13,-24,0,-3,0,-11,sil
23.6408748626709,7,20,9,23,11,17,11,-3,0,7,2,1,5,0,sil
23.65621399879456,6,17,6,21,23,29,20,7,10,29,3,-3,8,3,sil
23.65621399879456,0,9,-4,15,13,20,13,11,15,12,10,0,12,3,sil
23.67179274559021,2,10,-1,9,-3,1,4,1,15,0,17,6,13,13,sil
23.67179274559021,1,4,-10,-6,-3,-9,-2,-4,10,2,3,2,10,10,sil
23.687906742095947,-5,2,-15,-17,4,-11,-6,0,1,-2,-4,4,2,0,sil
23.687906742095947,-5,12,-3,0,6,-9,0,0,-1,-4,10,7,1,2,sil
23.70396399497986,1,11,0,12,5,-9,3,0,3,8,13,2,5,3,sil
23.70396399497986,0,0,-6,-4,1,-5,-4,2,4,10,2,1,0,-3,sil
23.720080375671387,-4,0,-2,-11,-3,-3,-9,2,-1,-7,1,1,-8,-1,sil
23.720080375671387,0,6,9,0,-2,-4,-7,0,-2,-20,-4,-1,-10,0,sil
23.73570561408997,16,2,10,8,0,0,0,4,0,-5,-7,2,-8,0,sil
23.73618745803833,15,-4,9,5,0,3,1,3,-7,4,-1,4,-7,8,sil
23.750789642333984,0,-13,3,-9,-3,0,-7,0,-16,-3,-11,-3,-7,6,sil
23.750789642333984,-10,-22,-12,-21,-11,-8,-8,-1,-8,-7,-27,-16,-9,-2,sil
23.76612138748169,-10,-20,-15,-11,-12,-3,0,2,3,1,-29,-20,-10,-5,sil
23.76612138748169,-3,-10,-12,1,-4,7,12,6,14,14,-16,-12,4,0,sil
23.78170609474182,3,-4,-1,0,-1,13,14,7,18,24,3,1,21,13,sil
23.78170609474182,5,-6,7,-1,-9,7,5,3,12,22,11,7,23,17,sil
23.7972674369812,5,-12,-3,-7,-16,-4,-3,-1,9,14,3,3,19,7,sil
23.7972674369812,7,-10,-4,-20,-8,-13,-13,-7,4,2,3,11,14,2,sil
23.81296730041504,4,5,9,-11,0,-16,-19,-12,-16,-15,15,18,8,-2,sil
23.81296730041504,2,20,13,11,1,-15,-21,-12,-33,-26,24,13,3,-21,sil
23.82836651802063,2,21,16,13,9,-4,-20,-5,-27,-24,23,9,-6,-28,sil
23.82836651802063,-1,18,13,9,17,11,-10,-4,-20,-25,6,2,-21,-16,sil
23.84674024581909,-3,17,14,20,19,22,10,-4,-13,-19,-8,-7,-29,-5,sil
23.84674024581909,-5,9,9,23,21,26,32,0,2,0,-5,-10,-22,-3,sil
23.85975885391236,-17,-6,-9,7,12,20,34,3,8,1,-6,-10,-19,-3,sil
23.85975885391236,-21,-13,-18,-1,-3,6,21,3,2,-9,-21,-20,-24,-3,sil
23.875163316726685,-8,-9,-12,0,-5,0,15,7,12,7,-16,-19,-10,6,sil
23.875163316726685,2,-8,-2,-2,0,2,12,10,24,23,0,0,7,15,sil
23.89104390144348,2,-12,-6,-9,-8,-3,2,8,18,16,2,4,11,8,sil
23.89104390144348,0,-9,-17,-11,-13,-14,-9,1,17,11,0,-2,15,0,sil
23.906508445739743,3,0,-5,-8,-2,-9,-12,0,31,14,12,10,26,5,sil
23.906508445739743,14,5,2,-1,9,-4,-10,0,31,15,17,26,32,14,sil
23.92205262184143,20,13,10,0,8,-14,-16,-1,7,5,20,29,31,12,sil
23.92205262184143,20,24,18,10,4,-14,-16,-6,-7,-2,36,32,24,4,sil
23.93828797340393,9,20,11,20,5,0,-2,-9,-12,0,19,7,0,-3,sil
23.93828797340393,-19,1,-1,7,-2,3,5,-4,-24,0,-33,-31,-28,-11,sil
23.954179763793945,-31,-11,-13,-13,-13,4,8,0,-25,-2,-44,-38,-28,-9,sil
23.954179763793945,-10,-15,-13,-16,-8,6,9,-1,-13,2,-18,-16,-9,0,sil
23.96908140182495,6,-10,-2,-8,-5,3,6,2,-3,5,-9,-1,4,6,sil
23.96908140182495,6,-9,-4,-6,-10,0,-3,13,1,1,-7,1,11,3,sil
23.98509645462036,3,-14,-6,-15,-8,-5,-15,5,-3,-4,-1,3,2,0,sil
23.98509645462036,4,-12,-4,-19,-8,-10,-15,-9,-9,-14,0,5,-7,-4,sil
24.00094223022461,9,1,4,-12,-13,-13,-14,-5,-3,-19,11,17,-2,-2,sil
24.00094223022461,11,13,13,1,-1,-7,-17,0,-5,-17,24,20,1,2,sil
24.01721715927124,1,14,11,20,13,2,-2,-5,-17,-14,14,-2,-7,0,sil
24.01721715927124,-4,15,15,26,11,13,11,-3,-14,-11,1,-18,-13,-6,sil
24.03305435180664,-1,17,16,26,14,18,9,1,-3,-6,4,-4,-7,-2,sil
24.03305435180664,-3,13,10,31,22,10,9,-3,-5,-9,0,2,-12,-1,sil
24.04836249351501,-11,0,2,21,13,6,11,0,-7,-6,-18,-15,-23,-9,sil
24.04836249351501,-12,-17,-16,-1,-3,12,12,9,4,10,-25,-25,-12,-5,sil
24.064040184021,-7,-20,-17,-8,-6,9,12,8,24,20,-14,-7,6,8,sil
24.064040184021,-5,-6,-8,-4,0,-1,10,6,34,18,-2,0,14,7,sil
24.07906007766724,-7,-2,-14,-12,0,-7,0,2,29,13,-4,-9,10,-4,sil
24.07906007766724,-7,-12,-18,-22,-4,-8,-5,0,18,9,-9,-4,8,-2,sil
24.09420394897461,3,-13,-12,-19,-4,-12,-9,-1,12,12,-2,5,12,5,sil
24.09420394897461,18,1,5,-10,-4,-9,-16,3,7,16,14,20,13,6,sil
24.109861135482788,26,10,15,3,-4,0,-5,4,6,14,26,24,15,7,sil
24.109861135482788,21,3,5,1,-5,0,2,-7,-3,-4,13,13,7,2,sil
24.132998943328857,4,-1,1,-19,-9,-4,-12,-17,-24,-29,-2,9,-7,-12,sil
24.132998943328857,-3,4,8,-14,0,-5,-17,-9,-24,-19,7,14,0,-10,sil
24.133999347686768,0,16,16,11,15,-4,0,0,-13,0,20,16,13,0,sil
24.141637802124023,-5,17,3,13,9,-1,10,-1,-15,-12,9,3,-1,-4,sil
24.15708565711975,-18,5,-6,0,-2,1,7,0,-11,-11,2,-10,-8,-3,sil
24.17282199859619,-9,1,9,3,1,8,10,8,3,17,8,-8,4,7,sil
24.17282199859619,0,3,8,15,6,18,22,5,5,22,1,-7,0,8,sil
24.17282199859619,-12,-10,-10,5,-1,12,18,-2,0,-2,-14,-16,-20,0,sil
24.18849229812622,-18,-24,-20,-11,-9,-2,0,-2,7,-2,-18,-15,-19,0,sil
24.18849229812622,-1,-12,-13,-11,-6,-3,-4,0,14,10,-16,-6,-9,5,sil
24.20410466194153,6,-1,-1,-2,-2,4,-1,5,9,1,-22,-3,-7,13,sil
24.20410466194153,0,-9,-5,-5,-9,-7,-9,2,0,-16,-15,-6,-2,6,sil
24.21951127052307,3,0,0,-7,-8,-19,-23,-5,-13,-19,2,1,4,-4,sil
24.23570990562439,22,27,20,15,13,0,-11,-2,-10,-4,15,16,12,1,sil
24.23570990562439,23,33,26,37,19,11,2,2,-1,5,19,15,14,6,sil
24.23570990562439,2,11,20,31,5,4,1,0,-2,5,12,1,6,-2,sil
24.2514431476593,-8,-5,0,13,6,8,8,2,10,14,-8,-15,-2,-2,sil
24.2514431476593,-13,-20,-22,-12,0,11,10,5,22,13,-30,-17,-8,-4,sil
24.26725196838379,-14,-33,-28,-37,-18,0,0,0,5,0,-21,-8,-7,-14,sil
24.26725196838379,-2,-22,-17,-26,-11,-8,-2,0,0,-5,1,0,2,-9,sil
24.281769275665283,4,0,0,-1,1,-12,-7,-1,4,-8,8,8,5,2,sil
24.29707145690918,7,0,0,-3,-7,-19,-18,-8,-6,-12,13,17,8,1,sil
24.29707145690918,15,0,0,-13,-8,-14,-11,-4,-12,-1,30,20,18,0,sil
24.31313252449036,12,21,16,0,11,-3,0,0,-5,0,30,17,11,0,sil
24.31313252449036,1,29,15,18,17,4,-4,-8,-12,-8,11,8,-5,-7,sil
24.330178260803223,-6,13,8,18,5,11,-6,-3,-23,-8,-4,-5,-13,-8,sil
24.330178260803223,-16,0,-1,10,1,12,6,5,-20,0,-18,-22,-15,-7,sil
24.330178260803223,-14,-7,-13,2,2,12,18,3,-4,6,-23,-21,-15,-4,sil
24.344777822494507,-1,-9,-9,0,0,19,26,10,18,18,-16,-7,-4,12,sil
24.36058640480041,1,-9,0,-5,0,9,22,18,32,15,-10,-7,7,20,sil
24.36058640480041,0,-10,-1,-13,-3,-18,0,5,25,0,-8,-7,10,1,sil
24.37635087966919,3,-8,-11,-17,-15,-24,-11,-8,9,-4,3,7,7,-8,sil
24.37635087966919,0,-1,-5,-21,-10,-15,-16,-17,-12,-19,8,11,-3,-6,sil
24.39197301864624,-1,6,9,-19,0,-17,-24,-18,-26,-35,2,1,-11,-9,sil
24.39197301864624,2,15,11,8,0,-6,-11,-4,-8,-7,12,5,-3,-6,sil
24.40708351135254,4,12,13,28,3,17,9,9,13,18,17,13,-1,8,sil
24.40708351135254,-8,-1,4,12,6,24,9,5,9,6,-3,-6,-10,8,sil
24.42269086837769,-5,-6,-1,5,3,20,6,-1,-1,10,-15,-20,-9,2,sil
24.42269086837769,15,5,15,28,9,27,25,8,8,41,0,3,2,14,sil
24.43808650970459,7,5,13,28,10,19,27,11,20,41,3,8,6,17,sil
24.43808650970459,-14,-9,-8,-7,0,0,6,1,9,16,-10,-8,3,2,sil
24.45282196998596,-4,-13,-19,-25,0,-2,3,0,6,9,-3,-1,13,2,sil
24.45282196998596,7,-9,-19,-16,0,-9,2,2,9,3,6,16,21,10,sil
24.468087673187256,-6,-11,-12,-12,-9,-23,-13,0,-1,-16,-1,10,14,3,sil
24.468087673187256,-4,-10,-10,-12,-11,-18,-15,-3,-5,-26,-3,5,13,-3,sil
24.48360657691956,14,0,1,-10,-2,-13,-8,-3,-1,-19,5,15,11,0,sil
24.48360657691956,18,14,10,-1,-1,-21,-13,-1,-11,-14,14,17,4,3,sil
24.49968433380127,15,17,6,7,0,-15,-15,-1,-16,-17,19,7,3,0,sil
24.49968433380127,12,16,11,5,4,-4,-15,-2,-7,-19,13,0,-1,-6,sil
24.5151915550232,0,14,10,1,4,-5,-19,-6,-3,-11,3,-10,-16,-20,sil
24.5151915550232,-11,6,5,5,-3,-8,-22,-8,-20,-16,-7,-18,-31,-29,sil
24.530930519104004,-17,0,1,7,-3,0,-22,-7,-36,-32,-18,-18,-34,-29,sil
24.530930519104004,-16,-2,-3,4,1,8,-10,-3,-28,-19,-11,-20,-19,-19,sil
24.546146869659424,-10,-6,-2,3,-4,13,6,3,-9,7,0,-15,-8,-6,sil
24.546146869659424,-12,-12,-4,6,-11,17,16,3,0,10,-10,-10,-10,-8,sil
24.56180191040039,-12,-4,-1,12,5,24,25,2,6,9,-14,-4,-3,-5,sil
24.56180191040039,9,10,8,23,23,33,41,13,14,32,9,6,14,18,sil
24.577066898345947,20,12,8,28,13,30,35,11,13,36,17,9,21,28,sil
24.577066898345947,1,-2,-2,4,-2,10,13,-4,5,7,-3,4,6,9,sil
24.59261465072632,-12,-23,-17,-24,-6,-7,13,-8,11,0,-11,0,0,0,sil
24.59261465072632,-8,-23,-14,-25,0,-12,15,2,20,19,-3,0,9,14,sil
24.60819435119629,0,-4,1,-1,7,-3,6,7,19,18,1,-1,7,22,sil
24.60819435119629,1,-2,-3,0,0,0,2,2,20,7,0,-5,0,14,sil
24.623717546463013,0,-12,-7,-20,-10,-7,-3,2,27,16,-5,-1,12,13,sil
24.623717546463013,7,-7,-3,-24,-10,-21,-17,0,24,23,1,7,20,19,sil
24.63916325569153,6,-4,-6,-16,-14,-25,-27,-7,0,0,7,9,3,2,sil
24.63916325569153,-4,-7,-11,-22,-15,-15,-30,-5,-23,-31,-15,-2,-18,-23,sil
24.655290842056274,7,6,-2,-18,0,-11,-19,3,-18,-31,-31,-5,-21,-17,sil
24.655290842056274,18,20,15,-4,7,-12,-2,8,-2,-11,-3,14,-5,1,sil
24.670888662338257,0,9,7,-4,0,-2,1,4,0,0,24,21,12,-4,sil
24.670888662338257,-1,5,0,-7,0,2,-2,0,-7,-12,15,5,7,-15,sil
24.68671822547913,15,25,19,12,7,7,-1,0,-10,-16,8,5,2,-2,sil
24.68671822547913,19,25,21,33,12,15,3,-6,-5,-2,22,12,13,6,sil
24.702747106552124,8,7,10,24,17,8,6,-4,3,-1,26,9,11,0,sil
24.702747106552124,-1,5,2,3,7,-3,6,3,13,0,16,4,7,-2,sil
24.717846870422363,-8,4,0,0,-7,-1,0,0,2,7,2,0,2,-6,sil
24.717846870422363,-10,-3,2,9,-3,3,-10,-7,-18,-6,-10,-10,-17,-13,sil
24.73387241363525,-7,0,-2,18,2,2,-15,-6,-16,-19,-6,-12,-20,-4,sil
24.73387241363525,-6,5,-1,14,-1,3,-15,-6,-5,-1,0,-2,-4,4,sil
24.74906301498413,-14,-5,-2,7,-1,7,-12,-8,-14,6,-14,-13,-15,-9,sil
24.74906301498413,-23,-18,-16,4,0,6,-3,-6,-25,-7,-23,-29,-33,-25,sil
24.76528668403625,-18,-16,-14,1,1,8,11,3,-17,-4,-10,-18,-22,-12,sil
24.76528668403625,-7,-10,-7,2,1,15,26,4,-4,15,-5,-7,-7,4,sil
24.780902862548828,-7,-11,-4,7,0,8,23,-4,-8,12,-11,-9,-7,4,sil
24.780902862548828,-14,-12,-3,0,-3,-4,20,-2,-11,0,-10,-6,-4,0,sil
24.79611563682556,-3,-9,0,-4,-2,-5,26,9,8,1,-7,3,7,11,sil
24.79647827148437,19,0,15,7,-1,2,25,15,28,17,4,18,23,31,sil
24.811129808425903,21,4,12,11,-1,0,8,14,24,29,17,21,31,24,please
24.82630109786988,5,1,0,-8,-4,-12,-8,6,14,7,4,11,15,4,please
24.82630109786988,18,4,4,-10,-7,-6,-10,-1,13,-11,-1,19,9,10,please
24.841816902160645,43,15,24,11,-2,3,-4,0,17,16,24,33,38,30,please
24.841816902160645,41,17,32,15,2,0,-9,6,17,32,33,29,49,28,please
24.841816902160645,23,9,7,1,2,-4,-14,2,17,3,9,10,20,9,please
24.856987714767456,2,0,-15,-14,0,-4,-15,-2,10,-10,-9,-1,-5,-7,please
24.87213373184204,-16,-17,-24,-36,-4,-9,-14,0,2,-7,-16,-17,-13,-18,please
24.87213373184204,-26,-24,-38,-49,-7,-14,-9,-2,9,-19,-18,-32,-20,-25,please
24.88739824295044,-32,-15,-38,-47,-3,-12,-12,-7,10,-24,-16,-30,-25,-33,please
24.88739824295044,-33,-8,-31,-40,-1,-10,-20,-8,-4,-12,-11,-26,-25,-38,please
24.903037309646606,-21,-6,-25,-33,4,-2,-15,-6,-19,-17,-12,-27,-28,-33,please
24.903037309646606,-9,0,-14,-19,7,3,-7,-3,-20,-34,-10,-21,-23,-25,please
24.918214321136475,-10,10,0,-9,2,-4,-6,-3,-20,-26,1,-10,-12,-17,please
24.918214321136475,-6,18,18,2,12,2,3,-2,-13,0,13,-2,-9,-2,please
24.93421578407288,3,22,27,34,25,24,18,-5,-9,19,11,-1,-1,9,please
24.93421578407288,1,13,19,42,9,14,9,-13,-27,12,0,-3,0,7,please
24.950222969055176,-8,-1,9,15,-10,0,4,-9,-29,0,-8,2,-9,6,please
24.950222969055176,-1,-2,5,19,-6,10,22,6,-5,1,0,15,0,18,please
24.966084241867065,13,11,21,43,-4,17,31,16,2,5,3,21,13,25,please
24.966084241867065,16,12,33,33,-13,5,22,13,2,8,0,29,6,18,please
24.981218814849854,15,0,28,22,-10,0,14,8,12,18,2,38,6,20,please
24.981218814849854,22,2,28,35,-3,5,8,12,19,23,12,32,19,34,please
24.997114181518555,24,10,22,36,-2,-2,0,4,16,15,12,13,21,27,please
24.997114181518555,15,5,10,26,4,-11,-9,-7,3,11,15,10,14,3,please
25.01313209533692,7,-2,-2,15,11,0,-5,-4,-2,19,22,14,10,-1,please
25.01313209533692,-3,-14,-15,-11,0,2,-6,0,5,1,3,1,6,0,please
25.02875804901123,-16,-23,-24,-32,-8,-8,-18,-2,8,-25,-17,-14,1,-14,please
25.02875804901123,-18,-20,-32,-30,1,-8,-18,-2,7,-18,-8,-17,-1,-28,please
25.04416394233704,-6,-2,-19,-25,6,-1,-8,2,10,-7,5,-6,-2,-19,please
25.04416394233704,9,13,-3,-12,0,0,-6,1,8,-8,7,-1,5,-1,please
25.060032844543457,12,6,-5,-13,-3,-3,-11,-2,0,-1,10,-3,7,1,please
25.060032844543457,0,-9,-9,-31,-6,-14,-13,-3,-3,-1,6,-8,-4,-6,please
25.07558512687683,-6,1,-10,-14,-3,-12,-6,-7,-12,-21,-3,-17,-14,-12,please
25.07558512687683,0,16,0,21,11,9,6,-9,-19,-17,-11,-24,-18,-5,please
25.0911066532135,0,0,-1,10,12,21,18,0,-3,10,-15,-27,-16,4,please
25.0911066532135,-10,-24,-18,-24,-8,3,16,5,10,20,-22,-27,-12,2,please
25.107223510742188,-17,-31,-23,-27,-16,-8,1,3,-2,3,-33,-23,-11,-8,please
25.107223510742188,-15,-27,-23,-16,-3,-3,-1,5,-5,-2,-32,-14,-3,-8,please
25.123168468475345,-11,-17,-13,-24,0,0,7,11,15,9,-13,0,8,0,please
25.123168468475345,-4,-1,-1,-25,-3,-6,5,6,22,13,8,15,15,0,please
25.13873839378357,2,14,5,-3,5,-6,-9,-2,6,-3,14,22,17,-5,please
25.13873839378357,3,28,20,6,9,-2,-12,-3,-6,-15,16,26,10,-2,please
25.15500497817993,0,25,24,0,0,-4,-4,-6,-11,-7,23,23,0,-2,please
25.15500497817993,-1,15,20,1,-2,-4,-7,-14,-20,-8,16,10,-9,-5,please
25.170149087905884,0,16,17,17,3,8,-3,-12,-28,-16,0,2,-16,-2,please
25.170149087905884,0,16,14,26,5,15,10,-7,-23,-6,3,1,-8,4,please
25.18575930595398,0,8,20,22,1,9,9,0,-11,1,9,2,-2,4,please
25.186161279678345,8,8,16,26,3,8,8,6,2,2,0,1,-2,6,please
25.201855182647705,24,12,19,35,7,9,19,8,19,19,9,12,11,24,please
25.201855182647705,27,9,25,31,1,6,18,9,26,31,29,23,27,33,please
25.21715331077576,10,0,3,19,-5,1,2,9,16,15,6,7,6,15,please
25.21715331077576,-6,-7,-9,10,-3,-4,-9,2,0,0,-20,-8,-21,0,please
25.23274564743042,-8,-11,-10,1,-1,-11,-13,-4,3,0,-8,0,-12,0,sil
25.23274564743042,-3,-19,-18,-6,-7,-8,-14,-5,4,-9,-3,1,-3,-4,sil
25.24783420562744,-3,-21,-20,-12,-2,2,-8,0,-7,-21,-19,-10,-12,-8,sil
25.24783420562744,-7,-14,-18,-19,5,10,10,9,4,8,-13,-14,-2,0,sil
25.26341843605041,-11,-8,-19,-27,5,10,17,15,26,33,-5,-14,13,1,sil
25.26341843605041,-12,-11,-19,-24,3,0,2,0,10,-4,-11,-24,5,-11,sil
25.27906990051269,-3,-14,-11,-15,-2,-8,-6,-10,-20,-39,-10,-22,0,-12,sil
25.27906990051269,0,-11,-5,-14,-14,-4,0,4,-18,-18,-11,-8,9,-2,sil
25.29509925842285,-1,-9,-17,-20,-15,-6,-2,2,-5,-2,-16,-9,4,-8,sil
25.29509925842285,4,-5,-10,-18,-2,-14,-18,-12,-2,-6,0,-2,-2,-15,sil
25.31085515022278,23,5,8,1,5,-4,-16,-3,14,21,29,18,13,-4,sil
25.31085515022278,21,13,6,9,2,-8,-8,2,16,25,24,14,17,2,sil
25.326770782470703,0,8,-3,-5,-3,-28,-15,-8,-11,-17,3,-1,-11,-10,sil
25.326770782470703,-6,16,7,4,0,-14,-7,-9,-14,-18,14,7,-13,-9,sil
25.34242367744445,7,33,35,31,13,11,10,0,-1,13,35,33,13,7,sil
25.34242367744445,1,25,27,22,10,8,4,0,-12,-2,16,21,11,5,sil
25.35844349861145,-16,7,3,6,-1,2,-8,-4,-21,-27,-8,-5,-11,-5,sil
25.35844349861145,-10,7,9,13,-2,17,4,0,-11,-5,-5,-1,-7,0,sil
25.374101638793945,0,3,12,20,3,31,24,9,0,26,-3,0,0,12,sil
25.374101638793945,0,-10,7,11,7,26,31,16,12,31,-16,-10,-5,21,sil
25.389894008636475,0,-17,4,-2,2,12,31,7,25,18,-22,-7,-7,23,sil
25.389894008636475,-4,-17,-12,-18,-4,4,19,-4,15,5,-22,-1,-5,11,sil
25.40516757965088,-8,-19,-20,-25,-1,4,3,0,6,1,-16,-2,-4,3,sil
25.40516757965088,0,-20,-16,-19,0,-5,-2,3,14,-1,0,1,4,1,sil
25.42021656036377,-1,-12,-15,-18,-8,-18,-14,-4,5,-9,7,2,3,-8,sil
25.42021656036377,-3,6,-11,-15,-2,-15,-25,-8,-13,-11,3,0,-2,-13,sil
25.43574595451355,8,17,4,0,6,-14,-22,-3,-9,-10,12,4,2,-6,sil
25.43574595451355,7,9,11,15,3,-13,-19,-7,-4,-22,18,2,-2,-14,sil
25.451486825943,-10,-1,-1,14,-4,-5,-14,-9,-17,-30,2,-12,-21,-25,sil
25.451486825943,-15,-2,-2,6,-5,-1,-2,-2,-18,-16,-14,-18,-21,-9,sil
25.46720671653748,-5,3,6,10,2,6,11,4,2,7,-10,-7,-2,8,sil
25.46720671653748,-2,0,3,17,6,15,15,10,19,22,0,-2,11,8,sil
25.482739686965942,0,-2,2,12,0,4,6,12,15,19,2,-1,13,5,sil
25.482739686965942,12,0,-1,0,-11,-12,-1,1,5,17,-2,0,10,9,sil
25.49766635894776,16,0,-2,-14,-12,-16,-8,-9,1,11,-2,8,13,9,sil
25.49766635894776,10,0,4,-15,-3,-6,-7,-2,2,-3,12,18,20,2,sil
25.51369595527649,14,9,7,2,4,3,0,7,1,-11,24,19,16,-2,sil
25.51369595527649,12,18,13,11,12,10,5,7,0,-8,12,10,-1,-6,sil
25.528916597366333,0,18,4,10,11,11,11,0,1,-3,-4,-8,-16,-9,sil
25.528916597366333,-3,7,-5,10,1,7,13,-2,-2,11,-8,-12,-12,0,sil
25.544082403182983,3,3,-1,12,0,3,1,-2,-6,24,3,7,7,15,sil
25.544082403182983,6,4,-4,4,1,1,-5,-7,-3,15,14,18,22,21,sil
25.55984926223755,10,-16,-5,-15,-7,-6,-4,0,1,2,5,19,17,14,sil
25.55984926223755,8,-33,-4,-24,-12,-17,-7,6,4,-1,-1,14,9,5,sil
25.57591271400452,-7,-12,-7,-26,-7,-12,-13,0,-11,-23,-7,-9,-11,-10,sil
25.57591271400452,-15,8,-1,-24,-1,4,-4,-1,-24,-33,-14,-28,-30,-24,sil
25.591227769851685,-13,3,-1,0,2,6,9,-3,-19,-13,-19,-29,-26,-20,sil
25.591227769851685,-22,-11,-5,20,3,7,16,-8,-23,-10,-32,-35,-30,-14,sil
25.60728120803833,-21,-21,-6,6,5,24,21,-4,-11,-8,-32,-36,-29,-10,sil
25.60728120803833,-10,-15,-7,-6,6,25,19,1,22,13,-13,-21,-2,0,sil
25.622881174087524,-5,-4,-9,-3,0,7,10,4,28,22,-7,-5,1,9,sil
25.622881174087524,1,-9,-11,-6,2,0,8,6,17,16,-1,5,0,14,sil
25.63866662979126,6,-9,-7,-17,7,-6,0,7,20,6,10,18,18,11,sil
25.63866662979126,2,7,-5,-15,2,-17,-17,1,24,-5,11,13,19,0,sil
25.6539158821106,2,13,-1,-11,1,-19,-19,-5,14,0,19,10,6,-5,sil
25.669737815856934,2,5,6,-13,0,-21,-23,-7,-8,-6,30,18,7,-12,sil
25.669737815856934,2,16,10,2,-8,-22,-32,-8,-26,-24,18,15,1,-14,sil
25.669737815856934,12,35,27,25,-1,-4,-22,-3,-14,-8,8,15,-4,0,sil
25.685863494873047,9,27,28,31,13,14,0,3,2,19,14,15,4,8,sil
25.70130157470703,-8,5,10,37,6,17,8,4,0,18,6,5,10,2,sil
25.70130157470703,-5,0,15,36,-4,14,9,0,-6,12,-5,-1,2,3,sil
25.70130157470703,3,1,12,18,-7,14,16,0,-6,11,0,-1,-1,11,sil
25.71645712852478,0,2,1,5,-14,4,19,0,-4,0,3,5,1,22,sil
25.73304295539856,6,-6,-1,3,-24,-10,17,5,3,0,-1,10,11,23,sil
25.73304295539856,19,-21,-1,-9,-20,-16,14,9,15,4,-1,6,15,11,sil
25.74720883369445,24,-7,7,-6,-5,-5,2,5,18,5,18,18,16,9,sil
25.74720883369445,29,17,17,18,4,0,-7,-1,11,6,39,31,24,10,sil
25.76256513595581,27,22,15,18,13,-8,-14,-4,-1,-10,30,23,15,0,sil
25.76256513595581,3,7,1,-11,15,-13,-15,-3,-14,-30,8,9,-5,-9,sil
25.778119802474976,-10,-7,-7,-19,10,-4,-16,-7,-20,-22,7,2,-7,-14,sil
25.778119802474976,-1,0,1,7,15,7,-8,-5,-18,-10,5,-1,-8,-10,sil
25.79419255256653,-10,7,-7,9,11,8,0,-4,-17,-16,-22,-27,-24,-14,sil
25.79419255256653,-38,-23,-34,-20,0,6,-3,-7,-19,-16,-45,-55,-29,-33,sil
25.81024622917176,-36,-36,-37,-23,-1,18,10,0,-10,2,-42,-49,-16,-28,sil
25.81124711036682,-21,-22,-33,-29,-5,25,31,8,-2,12,-45,-36,-17,-2,sil
25.81124711036682,-28,-26,-40,-59,-8,15,19,5,4,9,-57,-46,-32,0,sil
25.82604169845581,-25,-26,-42,-40,6,7,7,7,27,24,-55,-47,-23,-2,sil
25.84208059310913,-8,-13,-29,-11,13,-3,6,13,38,37,-39,-27,3,4,sil
25.84208059310913,-9,-15,-26,-37,-9,-23,-7,2,18,10,-26,-15,0,-7,sil
25.84208059310913,-7,-11,-17,-45,-27,-32,-21,-8,0,-22,-18,-6,-17,-10,sil
25.858110189437863,19,15,25,-6,-9,-23,-15,0,1,-16,8,23,0,14,sil
25.8737735748291,33,33,40,25,7,-3,-2,5,8,6,45,38,23,17,sil
25.8737735748291,6,33,24,35,-8,7,2,-6,0,0,45,18,6,-4,sil
25.8909559249878,-5,31,35,39,-3,15,1,-8,-12,-5,24,10,-4,-6,sil
25.8909559249878,11,29,43,47,38,18,6,-1,-6,14,40,28,17,6,sil
25.8909559249878,18,18,31,45,30,11,9,-2,0,18,57,30,29,6,sil
25.90415382385254,10,0,21,31,-16,10,9,0,0,1,36,19,16,7,sil
25.919718027114868,16,-8,19,21,-16,8,7,10,6,0,12,34,10,34,sil
25.919718027114868,20,-8,15,9,2,-9,-1,9,1,-3,14,49,21,39,sil
25.935806274414062,4,-9,3,-3,-5,-23,-14,-4,-13,-16,36,31,26,-1,sil
25.935806274414062,0,1,6,-8,-17,-18,-17,-6,-17,-18,39,14,11,-25,sil
25.95102906227112,2,15,12,9,-9,-9,-12,-3,-12,-5,5,6,-5,-6,sil
25.95102906227112,-2,12,10,30,10,2,-4,-4,-5,2,-12,-5,-15,10,sil
25.96671175956726,0,2,9,24,9,9,4,0,0,3,-6,-10,-17,4,sil
25.96671175956726,4,-11,-12,-3,-10,7,17,5,1,0,-35,-21,-19,-3,sil
25.98236513137817,-7,-29,-36,-29,-12,5,13,0,9,-1,-62,-32,-21,-4,sil
25.98236513137817,-14,-27,-37,-29,0,-1,0,0,19,6,-20,-20,-6,-4,sil
25.99748468399048,-8,-9,-29,-24,1,-6,-9,3,10,8,9,-4,13,-5,sil
25.99748468399048,-1,5,-20,-30,-7,-3,-11,0,-2,-7,-16,-11,16,-7,sil
26.01309847831726,2,9,-10,-20,0,-3,-8,-3,0,-11,-9,-10,18,-8,sil
26.01309847831726,14,15,7,1,18,-1,0,0,1,0,33,14,24,3,sil
26.02812123298645,22,17,14,5,9,-1,0,0,-8,2,25,16,6,16,sil
26.02812123298645,10,0,3,-6,0,-10,-4,-2,-21,-6,-12,-8,-16,9,sil
26.04326176643372,0,-4,4,-5,10,-2,0,0,-17,1,-14,-7,-4,3,sil
26.04326176643372,-4,9,-2,13,11,13,8,-4,-2,18,-7,-9,3,-1,sil
26.05913138389588,-19,2,-17,13,0,10,1,-13,1,14,-27,-33,-15,-17,sil
26.05913138389588,-31,-19,-21,-10,0,10,0,0,8,4,-34,-26,-19,-17,sil
26.075369834899902,-28,-26,-22,-23,-4,10,7,10,15,6,-20,-1,-4,-1,sil
26.075369834899902,-10,-21,-5,-11,-11,-3,1,5,7,-2,-12,8,0,7,sil
26.09090375900269,9,-9,10,0,-3,-4,0,5,8,-13,0,18,3,4,sil
26.09090375900269,-1,0,6,0,3,9,3,9,9,-11,-3,14,-18,-17,sil
26.106364488601685,-24,0,-2,-2,1,7,2,0,-2,-11,-10,-2,-43,-33,sil
26.106364488601685,-15,7,4,4,4,-1,-1,-6,-8,-18,0,-10,-37,-27,sil
26.12189555168152,-21,19,10,14,19,10,-1,-1,-5,-16,-12,-29,-50,-38,sil
26.12189555168152,-24,11,2,12,15,22,10,8,4,0,-15,-34,-35,-24,sil
0.0397579669952392,18,0,9,7,-9,5,22,7,19,20,22,3,33,33,sil
0.0397579669952392,36,5,15,23,-14,-13,15,-10,11,22,34,13,52,47,sil
0.0553619861602783,23,7,12,23,-10,-19,3,-9,-1,9,22,1,37,30,sil
0.0553619861602783,30,0,17,0,-20,-16,1,11,1,8,27,15,43,39,sil
0.0705134868621826,28,-5,-6,-4,-15,-19,-3,0,7,18,22,12,28,27,sil
0.0705134868621826,14,-6,-12,-4,-2,-26,-30,-13,-2,3,1,11,6,2,sil
0.0866074562072753,7,0,19,-10,0,-13,-41,2,-20,-18,0,28,2,-3,sil
0.0866074562072753,0,0,7,-18,0,0,-23,-1,-25,-17,27,19,5,-14,sil
0.1026525497436523,0,-2,-9,-39,3,3,-6,-15,-17,-12,42,10,11,-15,sil
0.1026525497436523,0,2,8,-26,10,18,4,-2,-9,-6,29,13,9,0,sil
0.1186866760253906,-8,8,9,23,14,28,17,4,-6,14,16,5,0,6,please
0.1186866760253906,-6,2,-4,30,7,14,22,4,4,25,5,0,0,9,please
0.1338353157043457,0,-5,-9,-1,-3,-10,6,4,13,7,-13,5,5,10,please
0.1338353157043457,0,-8,-7,-18,-10,-31,-22,-3,0,-22,-23,7,0,-3,please
0.1489591598510742,6,1,-4,-4,-4,-29,-25,-6,-12,-32,-17,8,-8,-15,please
0.1489591598510742,9,23,3,21,5,-9,-6,-1,-10,-23,-11,6,-6,-8,please
0.1645057201385498,-8,21,6,33,9,10,-5,-1,-7,-11,-11,-4,-7,-7,please
0.1645057201385498,-16,3,-5,30,10,27,0,3,0,7,-22,-24,-19,-14,please
0.1805946826934814,-8,3,-2,33,12,35,27,11,14,20,-33,-27,-23,-5,please
0.1805946826934814,-8,4,0,22,6,33,35,4,20,18,-28,-13,-4,6,please
0.1959950923919677,-5,-7,-6,-1,0,21,19,0,24,19,-17,-5,10,11,please
0.1959950923919677,2,-14,-3,-10,-3,6,11,8,30,19,-15,-7,4,16,please
0.2118446826934814,-4,-20,-7,-10,-3,-6,9,9,36,23,-16,-16,-3,12,please
0.2118446826934814,-8,-25,-11,-23,-3,-12,0,4,28,26,-2,-10,0,0,please
0.2275736331939697,-5,-22,-15,-36,-9,-9,-2,1,7,11,6,-1,0,-5,please
0.2275736331939697,-17,-25,-27,-40,-18,-17,-4,-5,-16,-16,-6,-12,-13,-14,please
0.242511510848999,-11,-17,-14,-29,-14,-23,-12,-10,-30,-26,-6,-15,-19,-16,please
0.242511510848999,14,8,9,-9,2,-7,-8,-5,-22,-9,20,8,-5,-7,please
0.258533239364624,21,18,16,-7,7,-1,-4,-2,-9,-1,24,24,0,-2,please
0.258533239364624,11,10,12,-16,-1,-8,-7,-1,-6,-12,11,13,3,-4,please
0.2740418910980224,-3,8,1,-7,0,0,-6,-4,-14,-24,16,-1,7,-7,please
0.2740418910980224,-15,12,-2,1,8,0,-9,-10,-27,-27,12,-3,-1,-14,please
0.2895996570587158,-2,14,17,11,8,-9,-11,-5,-23,-12,-1,1,-8,-5,please
0.2895996570587158,11,13,28,27,7,0,-10,0,-9,2,8,7,4,6,please
0.3048124313354492,5,9,6,23,2,0,-15,-7,-19,-14,16,9,7,0,please
0.3048124313354492,6,15,10,5,-7,-19,-16,-1,-35,-45,-11,1,-13,-7,please
0.3209283351898193,17,20,25,20,-1,0,1,6,-5,-17,-9,0,-4,0,please
0.3209283351898193,13,11,5,39,9,22,15,3,31,33,24,2,24,15,please
0.3364837169647217,4,1,2,25,4,10,11,7,21,25,23,11,21,20,please
0.3364837169647217,-1,-5,0,16,2,15,26,10,18,17,6,7,15,20,please
0.3516263961791992,-6,-14,-22,8,5,30,45,8,35,37,0,-4,17,19,please
0.3516263961791992,-10,-15,-13,-11,0,17,30,10,24,29,-15,-10,-1,9,please
0.3673670291900635,-14,-20,-19,-14,-8,3,5,0,8,15,-22,-19,-13,-5,please
0.3673670291900635,-6,-22,-28,-8,-8,0,-3,-7,11,16,-17,-17,-3,0,please
0.3829936981201172,0,-17,-16,-22,-11,-3,-7,2,19,10,-16,0,1,10,please
0.3829936981201172,-10,-24,-21,-36,-18,-19,-19,1,17,5,-10,4,1,0,please
0.3985142707824707,-2,-20,-3,-29,-16,-29,-33,-3,3,0,1,5,9,-5,please
0.4141454696655273,12,3,7,-8,-3,-21,-20,-8,-1,-5,14,13,18,-2,please
0.4141454696655273,10,9,-9,-4,0,-20,-11,-9,-13,-11,13,13,6,-12,please
0.4301502704620361,13,10,22,-13,-1,-16,-25,7,-38,-19,2,21,-10,-10,please
0.4301502704620361,8,25,44,2,7,1,-20,4,-33,-20,6,17,-10,-2,please
0.4450359344482422,-10,27,8,23,20,4,0,-18,-13,-19,10,-1,-14,-11,please
0.4450359344482422,-7,21,1,19,23,7,9,-10,-14,-15,3,-8,-21,-14,please
0.4603147506713867,3,20,18,19,19,22,19,3,-12,0,4,-3,-11,-2,please
0.4603147506713867,-3,11,11,22,5,16,21,0,-4,2,-1,-13,-8,0,please
0.4763364791870117,-10,-2,0,8,-2,10,16,0,-3,-7,-24,-26,-16,-7,please
0.4763364791870117,-12,-15,-11,-7,-1,24,16,4,4,2,-28,-18,-9,-1,please
0.4923689365386963,-7,-23,-22,-7,-1,15,13,3,20,17,-7,-2,4,16,please
0.4923689365386963,2,-20,-15,-5,-5,-11,1,4,14,4,1,0,10,12,please
0.5083925724029541,0,-17,-11,-16,-10,-19,-7,0,0,-14,-11,-6,7,-3,please
0.5083925724029541,2,-7,-9,-22,-11,-13,-6,-1,5,-7,0,12,13,8,please
0.5236251354217529,23,11,14,-1,0,-5,-2,3,9,6,38,33,28,20,please
0.5236251354217529,23,19,20,18,6,-1,0,2,-6,-1,34,16,18,-3,please
0.5386977195739746,2,12,4,17,0,1,2,0,-13,-13,-6,-7,-12,-15,please
0.5386977195739746,-2,8,9,15,0,15,10,2,0,3,-13,-8,-16,0,please
0.5547525882720947,-8,0,0,6,0,20,12,4,12,23,-10,-11,-5,-1,sil
0.5547525882720947,-14,-16,-17,-12,-3,2,3,1,17,8,-22,-17,-8,-11,sil
0.5694921016693115,0,-15,-14,-11,-3,-9,-4,2,20,-1,-14,-4,-2,3,sil
0.5694921016693115,5,-11,-15,-8,-4,-16,-10,0,14,6,-1,3,7,10,sil
0.5851380825042725,-7,-12,-15,-28,-8,-22,-15,-1,5,-1,0,0,2,-7,sil
0.5851380825042725,-7,0,-1,-20,-3,-17,-12,-1,0,-7,15,0,0,-10,sil
0.6008124351501465,0,19,12,9,-1,-13,-18,-8,-16,4,20,4,0,-3,sil
0.6008124351501465,-1,15,11,15,0,-9,-17,-15,-30,0,1,-1,-10,-8,sil
0.6163198947906494,-3,2,12,15,14,13,7,-3,-18,-4,-1,-7,-8,0,sil
0.6163198947906494,-4,1,10,15,16,28,21,7,0,14,0,0,4,16,sil
0.6316790580749512,-2,-3,-8,0,-2,10,5,0,12,27,-3,2,12,13,sil
0.6316790580749512,9,-5,-2,-6,-8,-4,-14,-6,8,11,4,10,18,7,sil
0.64682936668396,16,9,20,5,3,-2,-16,-1,-13,-11,18,26,15,6,sil
0.64682936668396,6,13,10,0,1,-5,-17,-4,-30,-31,15,17,-3,-5,sil
0.6623861789703369,-2,1,0,-13,-8,-11,-17,-3,-26,-34,3,-3,-19,-16,sil
0.6623861789703369,-3,0,-1,0,-5,0,2,3,-15,-13,-4,-6,-11,-7,sil
0.678412914276123,-1,0,2,16,9,16,22,4,-6,-5,-4,-2,0,1,sil
0.678412914276123,0,0,6,10,11,24,25,6,4,-3,-2,-5,-3,2,sil
0.6943817138671875,0,-3,-3,11,4,17,28,11,18,19,-4,-9,0,3,sil
0.6943817138671875,-3,-5,-9,15,3,11,34,11,25,32,-5,-5,6,12,sil
0.7095568180084229,-8,-12,-11,-1,-3,9,27,5,29,15,-7,-4,3,12,sil
0.7095568180084229,-4,-25,-19,-25,-19,-6,5,2,20,0,-17,-15,-8,0,sil
0.7256619930267334,-1,-19,-12,-25,-10,-20,-10,2,14,-1,-14,-11,-3,-1,sil
0.7256619930267334,1,0,-3,-12,9,-14,-10,-1,20,9,5,8,12,9,sil
0.741783618927002,11,5,0,-8,2,-15,-15,-1,11,9,18,27,14,5,sil
0.741783618927002,20,7,0,-8,-7,-17,-20,1,-4,-6,19,24,13,0,sil
0.7569329738616943,14,13,8,-2,0,-4,-20,-5,-6,-13,13,6,8,-5,sil
0.7569329738616943,-2,15,16,7,2,3,-19,-12,-6,-9,4,-2,-9,-19,sil
0.7721784114837646,-7,17,6,18,3,-3,-10,-10,-16,-9,0,-4,-13,-18,sil
0.7721784114837646,-2,13,2,14,2,-5,-4,-8,-25,-13,-9,-6,-8,-6,sil
0.7873620986938477,-7,3,7,5,1,7,-2,-6,-22,-11,-22,-14,-18,-9,sil
0.7873620986938477,-11,0,5,3,4,10,6,-1,-9,1,-19,-19,-19,-9,sil
0.8033723831176758,-8,-7,-3,-2,-2,8,13,2,4,23,-17,-15,-5,3,sil
0.8033723831176758,-7,-22,-12,-12,-15,11,7,5,15,26,-20,-4,3,12,sil
0.8195922374725342,-2,-17,-3,-13,-5,5,1,5,15,2,-7,9,9,14,sil
0.8195922374725342,10,0,2,-7,9,-4,2,0,9,-8,12,12,14,4,sil
0.8346004486083984,9,9,-3,0,11,-4,0,-1,0,-3,15,7,2,-13,sil
0.8346004486083984,-4,11,5,15,10,3,-3,6,-9,-7,6,3,-8,-13,sil
0.8497717380523682,-5,9,9,22,7,1,7,4,-12,-8,2,-7,-3,0,sil
0.8497717380523682,-3,2,3,9,0,-1,13,-5,-20,-10,-4,-16,-6,1,sil
0.8657662868499756,-11,-5,-1,1,-6,6,11,-1,-19,-6,-7,-11,-10,0,sil
0.8657662868499756,-12,-15,-16,1,-7,12,14,8,10,22,0,-14,3,10,sil
0.8808863162994385,-8,-19,-25,-14,-12,0,3,6,21,30,-6,-14,8,9,sil
0.8808863162994385,-1,-16,-20,-26,-17,-20,-14,-4,-5,-7,-8,7,3,-3,sil
0.8965425491333008,16,-6,-2,-15,-7,-19,-18,-4,-15,-28,19,34,12,0,sil
0.8965425491333008,26,7,6,-7,5,-9,-15,5,-1,-16,32,30,19,9,sil
0.9118924140930176,9,13,4,-8,3,-12,-22,0,-3,-15,18,13,5,0,sil
0.9118924140930176,4,18,18,6,2,-8,-22,-11,-12,-15,18,19,-3,-6,sil
0.9288077354431152,22,27,29,33,12,12,0,-4,0,0,24,23,0,4,sil
0.9288077354431152,17,21,28,32,11,20,12,5,13,10,13,12,1,11,sil
0.942864179611206,-8,2,16,14,3,10,11,2,13,21,4,-1,2,7,sil
0.942864179611206,-12,-5,0,10,2,11,14,0,14,36,0,-12,7,6,sil
0.958601713180542,-4,-6,2,14,2,17,18,6,22,29,-11,-17,0,6,sil
0.958601713180542,0,-10,3,6,0,11,15,5,27,14,-14,-12,-1,6,sil
0.9737730026245116,2,-17,-12,-8,-3,-1,10,0,24,16,-3,0,6,7,sil
0.9894871711730956,4,-18,-20,-17,-8,-8,12,0,20,17,3,9,10,7,sil
0.9894871711730956,3,-11,-15,-20,-8,-13,10,3,13,5,5,10,10,6,sil
1.0060851573944092,1,-10,-11,-31,-9,-23,-8,1,-8,-13,0,5,6,-1,sil
1.0060851573944092,-4,-14,-16,-35,-15,-30,-25,-5,-31,-28,-13,-4,-4,-16,sil
1.0060851573944092,0,4,-5,-14,-2,-13,-19,-7,-30,-24,-12,-7,-8,-17,sil
1.0210967063903809,12,34,17,12,19,15,-5,-1,-13,-11,1,-1,-2,-6,sil
1.0369842052459717,0,30,3,13,19,14,-1,-2,-14,-18,-25,-21,-24,-14,sil
1.0369842052459717,-28,5,-19,0,6,0,-7,-8,-32,-40,-76,-53,-59,-37,sil
1.0369842052459717,-39,-4,-23,-4,7,9,-2,-8,-28,-38,-68,-58,-55,-42,sil
1.052473545074463,-33,-7,-18,1,11,20,11,-2,-9,-8,-33,-45,-30,-23,sil
1.0676798820495603,-21,-10,-6,7,3,11,18,2,0,17,-25,-31,-17,-2,sil
1.0676798820495603,-8,-10,0,10,-9,5,13,4,5,21,-10,-13,0,8,sil
1.0832068920135498,-2,-7,1,0,-12,4,1,3,9,5,13,5,13,14,sil
1.0832068920135498,1,-9,2,-11,-9,-1,-1,8,14,4,24,17,23,16,sil
1.098712921142578,9,-15,8,-12,-12,-10,-8,12,23,25,45,40,39,20,sil
1.098712921142578,18,-9,20,-7,-15,-15,-16,5,18,21,61,56,40,21,sil
1.1141490936279297,22,1,16,0,-15,-21,-17,-2,0,-8,49,48,24,12,sil
1.1141490936279297,20,5,16,4,-14,-27,-21,-6,-7,-19,40,47,19,6,sil
1.1294879913330078,18,13,22,6,-1,-16,-19,-4,-2,-3,43,43,19,10,sil
1.1294879913330078,18,22,16,18,11,3,-6,0,1,9,34,22,13,8,sil
1.1446805000305176,17,24,17,31,16,19,4,0,5,15,25,19,15,3,sil
1.1446805000305176,14,21,14,29,17,20,12,1,6,8,15,20,16,0,sil
1.1603872776031494,7,17,7,17,16,12,16,2,-2,-4,-3,-3,0,0,sil
1.1603872776031494,-2,12,3,16,16,14,14,0,-3,8,-11,-20,-5,5,sil
1.1759974956512451,-1,6,0,20,17,20,14,-5,5,23,-9,-15,0,12,sil
1.1759974956512451,6,-2,-2,11,13,16,16,0,5,13,-18,-9,-8,7,sil
1.1916406154632568,0,-13,-20,-10,1,4,20,2,1,3,-27,-24,-20,-4,sil
1.1916406154632568,-22,-24,-31,-30,-25,-7,14,1,0,-3,-42,-39,-30,-13,sil
1.2067253589630127,-25,-26,-26,-26,-37,-8,2,6,2,-7,-50,-29,-27,-5,sil
1.2067253589630127,-10,-17,-18,-15,-11,-9,-4,2,6,1,-34,-14,-5,6,sil
1.2224235534667969,-5,-14,-3,-25,2,-17,-4,-6,1,0,-21,-12,0,1,sil
1.2224235534667969,-1,-17,-3,-27,-4,-13,1,0,3,-7,-12,-10,2,1,sil
1.2385375499725342,2,-10,-9,-13,-1,-3,0,9,14,0,8,1,20,8,sil
1.2385375499725342,0,-2,-3,-10,3,-10,-12,0,6,-5,15,8,15,-2,sil
1.2541556358337402,0,0,3,-9,0,-16,-19,-15,-16,-22,9,6,-6,-18,sil
1.2541556358337402,0,5,2,-1,2,-10,-15,-12,-35,-32,10,1,-11,-25,sil
1.2697057723999023,-11,10,-6,0,1,-2,-9,-7,-40,-32,8,-7,-14,-29,sil
1.2697057723999023,-7,16,2,2,0,2,-7,-7,-29,-25,6,-1,-20,-23,sil
1.2853596210479736,7,23,23,17,9,9,-8,0,-5,-5,10,6,-9,-14,sil
1.2853596210479736,3,24,20,29,16,14,-2,8,11,11,10,2,0,-4,sil
1.3010365962982178,0,20,12,26,16,17,5,12,16,17,8,4,0,7,sil
1.3010365962982178,2,7,3,14,8,23,9,5,19,25,1,3,2,14,sil
1.3168706893920898,-5,-9,-4,6,-3,25,6,0,14,27,-14,-11,-5,3,sil
1.3168706893920898,-19,-12,-5,8,-8,19,7,2,2,11,-20,-15,-15,-1,sil
1.3323779106140137,-14,-12,-12,1,-11,2,11,0,0,2,-12,-7,-2,3,sil
1.3323779106140137,-3,-21,-10,-19,-9,-4,4,0,5,15,-9,-2,10,9,sil
1.3478636741638184,-2,-22,-7,-23,-2,-3,3,4,14,25,-9,-2,17,10,sil
1.3478636741638184,-2,-20,-13,-18,-9,-15,0,3,11,7,-7,0,17,12,sil
1.3635857105255127,2,-17,-4,-19,-20,-31,-12,0,1,-9,3,11,13,14,sil
1.3635857105255127,14,0,6,-6,-15,-29,-15,0,-2,-4,20,26,16,14,sil
1.379422664642334,20,16,9,8,-3,-18,-10,3,-6,-1,27,28,22,11,sil
1.379422664642334,16,11,3,4,2,-11,-4,3,-4,-6,24,18,17,4,sil
1.3948602676391602,14,7,4,0,8,-5,0,-2,1,-7,11,14,5,2,sil
1.3948602676391602,18,17,14,3,8,-2,-1,-4,-4,-16,-4,14,-2,3,sil
1.410963773727417,13,15,7,0,1,-6,-6,-5,-7,-28,2,9,-1,-2,sil
1.410963773727417,0,3,0,-6,0,-4,-1,-8,0,-24,18,7,-1,-12,sil
1.4269461631774902,-3,6,7,1,6,9,11,-5,3,-4,17,-1,-6,-10,sil
1.4269461631774902,2,12,12,23,14,23,21,2,8,11,13,-8,-3,0,sil
1.4417839050292969,8,14,18,36,17,27,23,11,18,18,13,-1,0,10,sil
1.4417839050292969,5,14,11,33,20,24,13,11,21,16,4,-1,-6,7,sil
1.4573159217834473,-4,9,1,12,19,18,-4,-2,-3,7,-10,-16,-19,-7,sil
1.4573159217834473,-16,2,-4,5,13,16,-1,-11,-23,5,-13,-17,-19,-16,sil
1.4727551937103271,-18,-3,-9,7,6,11,11,-4,-14,8,-13,-17,-10,-13,sil
1.4727551937103271,-15,-9,-12,-4,-4,1,0,-3,-12,0,-27,-26,-14,-12,sil
1.488776445388794,-17,-18,-18,-11,-14,-1,-9,-7,-18,-6,-38,-27,-21,-12,sil
1.488776445388794,-15,-22,-16,-8,-13,0,0,-2,-12,-6,-30,-12,-9,0,sil
1.5045053958892822,-11,-21,-16,-18,-15,-5,4,1,-2,0,-22,-7,2,6,sil
1.5045053958892822,-20,-26,-27,-34,-25,-14,-1,0,0,7,-22,-21,0,-6,sil
1.5197453498840332,-17,-27,-19,-33,-20,-14,-5,6,3,8,-11,-15,0,-10,sil
1.5197453498840332,9,-17,-1,-16,-11,-13,-8,10,8,2,4,9,14,9,sil
1.5357677936553955,25,-3,7,-11,-15,-23,-20,4,1,-5,8,26,18,20,sil
1.5357677936553955,19,8,13,-8,-15,-23,-16,0,0,-10,10,28,14,14,sil
1.551374912261963,20,16,13,0,-2,-13,-3,0,13,-5,25,26,19,16,sil
1.551374912261963,18,9,15,-1,7,-10,-4,-1,14,-4,35,30,22,8,sil
1.5673978328704834,3,0,5,-9,7,-3,-4,-2,2,-8,16,17,10,-8,sil
1.5673978328704834,0,10,2,-3,7,7,0,-3,-6,-6,0,2,0,-8,sil
1.5828492641448977,12,28,15,14,15,9,-3,0,-8,2,22,6,3,2,sil
1.5828492641448977,8,27,17,32,21,12,3,0,-1,7,27,3,0,0,sil
1.5988619327545166,-14,10,2,24,16,18,10,0,0,-6,-4,-17,-24,-12,sil
1.5988619327545166,-26,2,-10,2,11,14,0,2,-1,-15,-12,-23,-26,-19,sil
1.614745855331421,-20,0,-8,2,10,9,-3,0,-3,-3,-4,-16,-13,-21,sil
1.614745855331421,-13,-7,-1,14,2,16,8,-2,-5,5,-18,-21,-17,-9,sil
1.630079746246338,-7,-8,-12,7,-7,13,21,2,11,9,-22,-24,-11,11,sil
1.630079746246338,3,0,-7,-4,-9,-5,9,9,34,16,-9,-3,8,18,sil
1.6459665298461914,18,4,13,0,-11,-17,-8,3,25,16,4,23,21,17,sil
1.6459665298461914,24,6,13,2,-10,-11,-8,-8,0,2,18,30,23,18,sil
1.6618690490722656,17,2,1,-5,0,-4,-2,-11,-6,-7,21,21,13,9,sil
1.6618690490722656,1,1,11,-1,6,0,-4,0,-10,-9,6,6,-7,-3,sil
1.6773948669433594,-15,3,9,9,10,12,8,1,-11,0,-7,-11,-12,-15,sil
1.6773948669433594,-16,-7,-18,14,10,16,30,-5,-1,16,-18,-18,-1,-14,sil
1.6929469108581543,0,-19,-8,2,-1,0,18,5,1,11,-17,1,1,6,sil
1.6929469108581543,2,-19,5,-11,-15,-13,-3,11,1,7,0,9,6,22,sil
1.7087504863739014,-3,-23,-20,-27,-18,-19,-9,-5,-2,5,3,-4,10,8,sil
1.7087504863739014,6,-15,-7,-26,-11,-21,-16,-9,-10,-14,-1,6,11,-7,sil
1.724609136581421,17,5,6,-6,0,-12,-12,0,-1,-18,14,20,20,-4,sil
1.724609136581421,7,11,-3,-12,2,-3,-9,1,-8,-10,20,12,6,0,sil
1.739474534988403,-2,12,6,-18,1,4,-17,-1,-29,-20,-5,0,-25,-10,sil
1.739474534988403,-6,8,-5,14,7,7,-9,-13,-22,-16,-13,-22,-24,-25,sil
1.7555367946624756,-7,4,-2,17,7,7,2,1,-12,-7,0,-25,-10,-12,sil
1.7555367946624756,-4,17,31,-2,5,20,5,24,-7,-6,0,-1,-9,4,sil
1.7710914611816406,-5,11,5,15,8,20,12,3,7,3,-13,-7,-11,-3,sil
1.7710914611816406,-9,-10,-17,29,3,2,13,-8,10,9,-15,-24,-15,-8,sil
1.7866244316101074,-6,-2,2,15,-1,4,12,8,10,13,-3,-12,-11,5,sil
1.7866244316101074,-4,8,0,8,0,14,9,6,17,25,0,-1,-2,13,sil
1.802339553833008,-4,-3,-10,8,0,3,0,-1,16,25,-3,4,2,13,sil
1.802339553833008,0,-6,-1,4,0,-6,0,0,19,19,6,11,14,16,sil
1.818431377410889,2,0,0,2,2,-2,0,-2,19,17,4,0,13,10,sil
1.818431377410889,2,0,-2,0,-2,-4,-4,-2,11,10,-6,-11,2,0,sil
1.833639144897461,1,-13,-10,-15,-10,-19,-9,0,11,2,0,-1,10,0,sil
1.833639144897461,-1,-21,-13,-32,-16,-24,-16,0,4,-4,-1,8,14,0,sil
1.8493361473083496,4,0,0,-18,-13,-14,-18,1,-7,-21,-4,11,0,-4,sil
1.8493361473083496,16,18,7,3,1,-3,0,0,2,-29,18,21,7,-3,sil
1.8646225929260247,23,3,6,-6,8,0,8,-1,10,-16,29,29,22,11,sil
1.8646225929260247,20,0,15,-21,0,-2,-6,-1,-13,-12,7,23,3,2,sil
1.880112171173096,3,10,8,-14,-6,-8,-12,-13,-33,-19,-4,1,-17,-27,sil
1.880112171173096,-7,9,3,-9,0,-7,-6,-9,-27,-13,8,-4,-5,-17,sil
1.896702527999878,1,8,24,-1,6,0,-2,2,-17,-5,24,16,10,10,sil
1.912566900253296,2,2,12,7,5,6,2,-1,-13,-2,11,13,0,7,sil
1.912566900253296,-13,-9,-11,0,8,17,6,0,-7,0,-14,-11,-16,-3,sil
1.912566900253296,-16,-2,-3,2,10,22,6,6,2,3,-10,-10,-9,-4,sil
1.9270002841949463,-6,3,-2,19,0,8,4,2,5,0,0,-7,2,-7,sil
1.943033456802368,-12,-3,-7,20,-1,4,5,3,1,-4,-13,-26,-5,-5,please
1.943033456802368,-21,-9,-10,13,9,12,16,9,3,6,-19,-32,-7,-2,please
1.9587059020996087,-13,-8,-10,15,7,6,19,3,5,20,-11,-19,4,-7,please
1.9587059020996087,-1,0,-7,16,0,2,8,1,1,13,-15,-14,1,-5,please
1.9587059020996087,0,11,-8,15,0,6,6,1,2,1,-16,-13,-9,3,please
1.9739701747894287,1,3,-2,6,2,5,10,0,10,8,0,-1,-3,4,please
1.9895246028900144,6,-8,0,-3,0,1,1,3,14,18,10,3,10,5,please
1.9895246028900144,7,-9,0,-6,-7,-10,-15,0,6,9,4,1,2,7,please
2.010380744934082,1,-4,-2,-5,-14,-21,-18,-11,-2,8,-6,5,-12,2,please
2.010380744934082,0,-3,-6,-8,-9,-12,-4,-5,8,20,-10,4,-5,6,please
2.010380744934082,0,-5,0,-19,-2,-1,-2,5,18,8,-9,0,0,12,please
2.020463705062866,-3,-7,0,-25,0,-3,-9,0,4,-13,-5,-1,-7,4,please
2.036149501800537,1,0,-4,-15,2,0,-2,0,-4,-13,5,3,-5,3,please
2.036149501800537,19,10,11,-3,1,5,5,10,12,1,24,27,13,17,please
2.051487445831299,23,4,12,0,-7,-3,4,4,26,8,35,34,20,14,please
2.051487445831299,10,-1,-1,-1,-5,-9,0,0,11,4,18,14,8,-2,please
2.0667970180511475,8,1,1,-2,3,0,-1,9,-7,0,3,10,10,-4,please
2.0667970180511475,15,3,9,0,1,0,-1,-1,-9,-7,14,20,22,1,please
2.0824966430664062,14,4,9,6,0,-14,-2,-15,-13,-15,22,16,18,-2,please
2.0824966430664062,10,11,6,10,5,-16,-8,-12,-29,-18,8,4,3,-11,please
2.098642587661743,-3,10,9,6,0,-8,-15,-12,-43,-33,-6,-8,-15,-17,please
2.098642587661743,-15,8,13,9,-5,-6,-10,-8,-40,-49,-13,-22,-30,-24,please
2.113694667816162,-12,16,12,22,4,-3,-8,-3,-34,-37,-16,-21,-28,-25,please
2.113694667816162,-10,17,9,29,13,6,-12,-11,-29,-11,-9,-15,-18,-16,please
2.12888503074646,-8,10,0,26,14,27,-1,-4,-8,11,-4,-14,-10,0,please
2.12888503074646,-10,3,-3,16,9,37,16,17,18,30,-12,-9,0,7,please
2.144521474838257,-25,-10,-20,-5,-5,22,18,11,25,30,-21,-14,2,5,please
2.144521474838257,-29,-28,-42,-34,-11,10,13,0,17,13,-27,-30,-8,2,please
2.159716844558716,-16,-26,-31,-48,-1,15,14,13,23,15,-27,-23,-8,8,please
2.159716844558716,-17,-21,-32,-39,-7,0,15,12,38,25,-18,-19,3,8,please
2.1757256984710693,-20,-30,-32,-37,-21,-25,1,5,31,10,-11,-18,7,3,please
2.1757256984710693,2,-22,7,-33,-10,-15,-1,17,26,8,2,9,19,9,please
2.191105842590332,24,0,10,-1,9,0,13,4,35,29,30,28,40,18,please
2.191105842590332,15,-1,-9,9,2,-16,5,-12,18,12,26,19,20,8,please
2.206909656524658,6,-7,7,-6,-8,-21,-10,0,-7,-17,0,21,-13,-1,please
2.206909656524658,21,9,23,6,5,2,0,1,0,-6,7,30,0,2,please
2.2227683067321777,35,24,21,28,16,7,5,-10,1,0,28,31,13,9,please
2.2227683067321777,21,19,23,21,0,-15,-13,-6,-16,-8,24,18,-3,-1,please
2.2378084659576416,3,11,22,12,-7,-20,-23,-6,-32,-12,9,1,-14,-16,please
2.2378084659576416,8,15,15,23,6,4,-12,-12,-32,-12,10,-2,-9,-5,please
2.253530979156494,7,18,17,23,13,16,-3,-6,-24,-15,13,1,-11,3,please
2.253530979156494,-5,10,14,13,7,4,-5,-1,-26,-19,0,-2,-20,-14,please
2.2685649394989014,-9,2,2,16,4,1,-4,-2,-31,-23,-19,-11,-23,-21,please
2.2685649394989014,-9,2,1,27,0,12,1,-2,-19,-12,-12,-4,-15,-5,please
2.284414291381836,-9,1,0,28,-7,15,9,1,0,10,2,-1,0,3,please
2.284414291381836,-5,0,-1,19,-7,9,11,9,6,18,1,-7,3,2,please
2.299459218978882,-4,-5,2,7,-7,5,8,10,12,18,0,-3,8,10,please
2.299459218978882,1,-11,-2,6,-6,3,11,8,29,31,7,11,30,26,please
2.314654588699341,11,-5,-5,6,0,-1,15,5,35,30,5,16,36,25,please
2.314654588699341,4,0,-12,-10,-2,-11,0,-2,16,4,-15,2,18,3,please
2.330312967300415,-4,-8,-21,-37,-9,-17,-17,-6,0,-12,-16,0,15,-2,please
2.330312967300415,0,-11,-14,-44,-6,-12,-13,2,0,-18,2,3,25,8,please
2.345447063446045,4,-2,-16,-38,-2,-6,0,6,10,-16,0,-12,12,3,please
2.345447063446045,-2,-5,-26,-44,4,-2,-3,-1,13,-4,-15,-24,-1,-11,please
2.361438274383545,-9,-9,-23,-41,12,1,-3,-3,13,4,-10,-17,1,-9,sil
2.361438274383545,-12,0,-20,-34,6,0,-4,0,2,-5,-6,-19,0,-7,sil
2.3769352436065674,-15,3,-14,-34,3,-2,-16,-3,-19,-23,-22,-25,-19,-20,sil
2.3769352436065674,-18,0,-9,-24,12,0,-10,-5,-24,-25,-30,-27,-32,-29,sil
2.3920223712921143,-12,3,3,-1,14,8,3,-1,-14,-11,-18,-26,-31,-24,sil
2.3920223712921143,0,8,12,13,8,10,8,0,-3,10,1,-5,-15,-11,sil
2.4087023735046387,0,2,11,18,5,3,2,-3,-3,20,11,10,-6,-4,sil
2.4087023735046387,-16,-11,14,15,-5,-3,-3,-6,-15,2,-1,-1,-29,-8,sil
2.4227957725524902,-19,-17,19,24,-19,-1,1,-3,-14,-11,-10,-12,-54,-12,sil
2.4387316703796387,-2,-2,24,43,-14,7,16,0,0,0,4,8,-41,-1,sil
2.4387316703796387,10,7,25,35,-4,11,22,0,3,16,26,32,-18,19,sil
2.4540107250213623,15,3,19,18,-5,7,18,7,3,20,39,38,-15,35,sil
2.4540107250213623,16,2,8,35,-3,6,23,10,23,30,36,36,-8,37,sil
2.46976637840271,16,-2,0,44,-3,3,21,11,32,33,16,23,24,34,sil
2.46976637840271,21,-4,13,14,-6,-3,-1,17,20,13,11,24,64,30,sil
2.484769582748413,33,12,7,11,1,-5,-9,9,28,3,37,33,81,19,sil
2.484769582748413,29,21,-6,18,5,-16,-7,-5,19,-4,32,21,57,7,sil
2.500352144241333,9,10,3,-9,-3,-27,-26,-5,-28,-25,-3,6,20,-4,sil
2.500352144241333,2,4,-12,-25,-4,-18,-32,-5,-33,-27,-7,0,20,-18,sil
2.515449523925781,9,4,-19,-18,2,-8,-20,-10,-5,-22,1,0,26,-16,sil
2.515449523925781,3,5,0,-18,2,-7,-12,-11,-17,-22,-11,-8,8,-15,sil
2.531315803527832,-11,2,-19,-14,2,-6,-4,-17,-36,-15,-27,-26,-6,-28,sil
2.531315803527832,-15,1,-11,-15,8,1,-7,-3,-33,-22,-30,-23,-13,-18,sil
2.5463459491729736,-15,3,24,-17,15,20,-5,13,-13,-20,-21,-10,0,0,sil
2.5463459491729736,-22,0,1,-5,15,29,11,0,13,8,-13,-26,9,-6,sil
2.561918020248413,-27,-12,-21,-7,3,17,14,-7,14,12,-23,-37,-18,-14,sil
2.561918020248413,-30,-15,-7,-14,-4,10,3,-2,0,0,-31,-28,-50,-9,sil
2.5775365829467773,-22,-16,-9,-6,0,17,3,-3,11,16,-22,-21,-45,-7,sil
2.5775365829467773,-3,-18,-17,-1,-2,14,11,1,36,39,-9,-15,-25,7,sil
2.5927159786224365,8,-11,-7,-7,-15,-9,6,4,32,33,7,4,-2,22,sil
2.5927159786224365,15,6,4,-2,-13,-21,-6,0,11,2,30,30,15,14,sil
2.608633041381836,24,19,12,11,4,-12,-10,5,1,-10,36,36,7,6,sil
2.608633041381836,15,18,15,15,13,-8,-5,2,-11,-2,22,12,-8,2,sil
2.623823881149292,-5,9,6,15,11,2,7,-2,-20,-3,4,-8,-7,-1,sil
2.623823881149292,-14,-2,-3,14,13,28,31,5,0,-3,-8,-8,-6,-1,sil
2.6395044326782227,-7,-12,-4,1,5,22,32,18,15,11,-20,-9,-16,0,sil
2.6395044326782227,0,-18,-8,-9,-11,-7,6,15,12,17,-18,-12,-9,4,sil
2.6546120643615723,8,-16,-7,-14,-21,-19,-7,2,4,-4,-9,1,4,5,sil
2.6546120643615723,6,-13,-12,-26,-18,-19,-5,-8,-2,-17,-4,5,5,-2,sil
2.669995069503784,-2,-12,-20,-34,-15,-24,-11,-11,-12,-11,1,-2,1,-10,sil
2.669995069503784,-1,-3,-1,-17,-12,-15,-18,-5,-12,-9,18,11,7,-6,sil
2.6858131885528564,10,12,16,5,-1,0,-8,-5,-6,-16,27,25,17,0,sil
2.6858131885528564,13,22,19,15,8,-3,-2,-10,-13,-15,19,19,15,0,sil
2.7016921043396,4,21,20,23,6,-8,0,-1,-16,0,17,13,18,0,sil
2.7016921043396,0,18,15,26,4,0,3,7,-4,8,18,3,17,-1,sil
2.716233730316162,0,8,8,17,10,11,0,3,-8,-2,-7,-12,-5,-5,sil
2.716233730316162,0,0,5,20,7,15,-3,0,-14,-6,-28,-12,-15,0,sil
2.7313127517700195,0,2,8,31,2,19,7,3,3,9,-9,4,-1,13,sil
2.7313127517700195,-4,8,6,18,5,25,15,0,18,23,2,3,2,14,sil
2.746331691741944,-6,-2,-4,-3,3,11,0,-6,13,13,-12,-13,-5,1,sil
2.761373281478882,0,-11,-3,-7,0,-7,-19,-2,16,3,-10,-4,-2,0,sil
2.761373281478882,16,-3,-2,-1,0,-10,-15,0,23,5,14,20,10,9,sil
2.7767300605773926,16,-1,-4,-12,2,-10,-11,-3,6,-6,23,24,14,6,sil
2.7767300605773926,-1,-8,-7,-31,-4,-13,-13,-3,-2,-22,8,1,-2,-7,sil
2.792402505874634,-14,-9,-13,-33,-8,-5,-3,0,-1,-13,-10,-24,-25,-18,sil
2.792402505874634,-19,-3,-5,-13,0,8,6,5,-13,-8,-25,-34,-30,-24,sil
2.8086588382720947,-19,-5,-3,8,6,20,14,3,-13,-14,-23,-24,-20,-16,sil
2.8086588382720947,-9,-8,-6,6,0,16,19,0,3,0,-10,-5,-1,6,sil
2.823770523071289,8,-6,0,-2,-4,0,16,5,13,27,-1,2,20,21,sil
2.823770523071289,15,-3,-6,-9,-6,-12,8,2,14,25,1,2,30,14,sil
2.8394174575805664,9,2,-10,-16,-4,-15,-5,-5,2,-1,14,14,20,2,sil
2.8394174575805664,13,16,1,-2,0,-14,-16,-6,-13,-9,29,32,20,0,sil
2.855280637741089,18,20,15,22,4,-9,-11,-1,-17,3,29,30,24,-1,sil
2.855280637741089,0,10,9,21,10,0,-3,1,-11,6,13,6,8,-4,sil
2.870778083801269,-18,4,-6,15,6,3,0,0,-10,0,-4,-17,-14,-5,sil
2.870778083801269,-8,7,4,24,0,10,9,-1,-12,-6,-20,-15,-20,-1,sil
2.8868753910064697,-2,3,12,21,1,18,25,0,-6,-2,-20,-7,-11,-1,sil
2.8868753910064697,-16,-14,-12,-8,0,12,21,2,4,6,-19,-20,-12,-8,sil
2.90286636352539,-23,-30,-23,-32,-11,0,1,0,11,8,-28,-27,-21,-9,sil
2.90286636352539,-13,-21,-6,-22,-12,0,0,2,20,6,-20,-15,-8,0,sil
2.918401002883911,0,-7,1,-8,-4,1,0,7,23,5,-1,2,8,9,sil
2.918401002883911,7,-10,-1,-19,-4,-10,-9,1,8,0,7,11,7,6,sil
2.933823823928833,9,-5,6,-22,-4,-22,-23,-7,-14,-11,14,13,-2,0,sil
2.933823823928833,12,12,15,-7,-1,-16,-20,-5,-18,-19,13,10,-9,0,sil
2.9493191242218018,12,14,6,-4,-3,-8,-11,-4,-7,-26,5,8,-12,-1,sil
2.9493191242218018,9,9,10,-5,-1,-11,-15,-6,-12,-27,15,17,-17,-2,sil
2.9645113945007324,13,21,19,13,6,-2,-9,-1,-20,-18,26,20,-17,6,sil
2.9645113945007324,12,28,15,35,15,11,9,2,-3,-7,13,10,-6,10,sil
2.9806339740753174,1,21,14,35,17,15,14,4,13,7,3,2,7,0,sil
2.9806339740753174,-3,8,2,30,12,17,12,9,15,32,10,-4,18,-1,sil
2.9961769580841064,0,-2,-4,23,10,26,19,11,13,33,6,-12,21,5,sil
2.9961769580841064,-1,-9,-9,13,10,21,24,4,14,17,-11,-15,14,4,sil
3.011817455291748,-4,-14,-22,5,0,-1,12,-1,14,18,-22,-15,6,2,sil
3.011817455291748,-2,-17,-12,0,-13,-7,-4,-3,13,21,-10,-2,14,11,sil
3.0274672508239746,-1,-19,-16,-12,-8,1,-1,0,20,15,0,2,22,10,sil
3.0274672508239746,-5,-23,-32,-37,-8,-11,0,5,22,4,-13,-8,3,-3,sil
3.0427632331848145,-11,-27,-23,-49,-21,-28,-18,-1,0,-20,-25,-12,-17,-19,sil
3.0427632331848145,-6,-14,-1,-31,-14,-20,-31,-14,-34,-40,-8,0,-13,-24,sil
3.05843472480774,4,13,13,-7,2,-8,-26,-13,-41,-26,9,17,0,-9,sil
3.05843472480774,5,25,17,6,3,0,-5,-7,-25,-5,12,20,4,3,sil
3.0740966796875,-8,15,11,7,4,9,7,-4,-18,-4,9,8,0,-5,sil
3.0740966796875,-16,7,3,2,7,8,5,-2,-14,0,0,-7,-13,-18,sil
3.0893404483795166,-9,0,0,6,0,7,9,-2,-3,9,-9,-13,-18,-6,sil
3.0893404483795166,-4,-7,2,8,-1,16,18,4,4,9,-5,-6,-7,5,sil
3.1053695678710938,-2,-4,0,7,-1,14,21,14,13,16,0,-7,4,8,sil
3.1053695678710938,-1,-1,-2,4,-7,2,16,10,21,19,-3,-11,9,14,sil
3.120896100997925,4,-2,0,-8,-7,0,9,6,18,8,-2,3,13,18,sil
3.120896100997925,16,-1,-1,-13,0,-7,-3,4,9,-3,12,24,18,11,sil
3.1366336345672607,19,6,4,-7,1,-23,-19,0,0,-22,10,18,6,-1,sil
3.1366336345672607,12,18,6,0,4,-21,-22,-5,-6,-35,-4,3,-11,-10,sil
3.15270733833313,9,22,7,4,10,-11,-18,-7,-9,-25,6,11,-15,-11,sil
3.15270733833313,16,22,29,17,13,-3,-11,0,-2,-3,33,22,-3,0,sil
3.168564319610596,13,20,29,28,9,8,0,5,4,7,27,5,1,8,sil
3.168564319610596,-4,3,4,21,1,14,-1,0,-3,4,-1,-13,-6,4,sil
3.1840386390686035,-14,-13,-11,9,-2,5,0,-4,-10,4,-10,-17,-7,-1,sil
3.1840386390686035,-8,-7,-7,8,2,6,16,5,3,17,-4,-18,-1,1,sil
3.199664354324341,-6,-2,-4,9,3,21,22,11,17,24,-7,-17,-2,2,sil
3.199664354324341,-15,-15,-16,-2,-6,14,10,0,11,14,-16,-15,-2,-1,sil
3.2156291007995605,-14,-16,-14,-13,-6,0,6,-5,0,4,-19,-9,1,-2,sil
3.2156291007995605,-3,-6,-10,-7,5,8,16,1,4,8,-19,-10,4,0,sil
3.231325149536133,0,-11,-11,-8,5,7,7,0,4,5,-22,-10,0,0,sil
3.231325149536133,-3,-20,-6,-21,-9,-8,-11,-10,-12,-6,-18,-1,-3,0,sil
3.246737241744995,0,-18,-11,-22,-16,-12,-6,-11,-15,-7,1,1,4,-1,sil
3.246737241744995,-4,-13,-15,-14,-9,-10,-4,-4,-8,-7,9,-2,2,-4,sil
3.262725353240967,-11,-8,-12,-13,-2,-13,-15,-1,-14,-19,-9,-7,-18,-11,sil
3.262725353240967,0,-9,-6,-24,-7,-12,-10,1,-10,-12,-10,1,-14,-5,sil
3.2773945331573486,25,0,20,-7,-8,-6,-2,9,12,13,27,31,20,19,sil
3.2773945331573486,28,20,33,36,8,-2,-8,6,20,15,46,43,33,23,sil
3.2926299571990967,12,22,15,18,13,0,-9,0,4,-7,9,24,10,0,sil
3.2926299571990967,4,5,-2,-37,-3,0,0,1,-4,-14,-12,11,-2,-11,sil
3.3077666759490967,0,8,0,-20,-4,-5,1,2,-7,-10,9,13,1,-7,sil
3.3077666759490967,0,26,15,32,18,-1,-2,0,-1,-10,21,10,9,-7,sil
3.323450803756714,1,24,9,38,16,1,0,3,18,3,13,2,9,-2,sil
3.323450803756714,-4,7,-1,13,-8,-14,-9,1,12,10,4,-4,-5,-4,sil
3.3397462368011475,-17,0,-3,0,-13,-19,-18,-8,-19,-11,-4,-16,-15,-18,sil
3.3397462368011475,-15,-1,-8,2,0,3,0,-6,-14,-14,-3,-26,-8,-13,sil
3.3538894653320312,-9,-2,-10,7,3,19,17,1,10,8,2,-20,-8,0,sil
3.3538894653320312,-13,0,-5,7,0,13,10,-4,0,5,-7,-22,-16,-7,sil
3.369988918304444,-2,8,8,10,7,17,4,-9,-17,-7,-15,-23,-14,-6,sil
3.369988918304444,17,6,15,19,15,27,19,4,-5,6,-4,1,-3,24,sil
3.3854024410247803,18,-2,7,11,4,21,32,13,8,20,0,21,6,40,sil
3.3854024410247803,4,-4,5,-3,-7,13,19,8,6,17,-1,10,9,22,sil
3.400532484054565,1,-11,-4,0,-1,15,10,1,5,21,-8,-8,3,10,sil
3.4158289432525635,1,-20,-10,1,9,11,11,0,13,22,-17,-9,3,15,sil
3.4158289432525635,-2,-16,-4,-13,2,0,3,1,20,14,-4,1,14,11,sil
3.431381940841675,-6,-15,-14,-28,-11,-16,-6,4,13,13,11,5,20,0,sil
3.431381940841675,-6,-15,-18,-32,-12,-26,-16,1,-2,-3,-5,-2,2,-8,sil
3.447465658187866,-7,-11,-18,-30,-7,-20,-24,-7,-10,-29,-26,-13,-18,-23,sil
3.447465658187866,-9,-8,-20,-27,-11,-15,-26,-8,-11,-27,-18,-11,-18,-34,sil
3.4629595279693604,-5,-1,0,-21,-8,-17,-15,3,-8,-9,-4,1,0,-24,sil
3.4629595279693604,1,5,11,-6,0,-20,-11,0,-7,-15,0,3,2,-9,sil
3.4786794185638428,14,6,11,3,-7,-17,-22,-13,-14,-30,3,11,-1,-2,sil
3.4786794185638428,21,14,20,13,-4,-1,-8,-4,-6,-10,23,25,9,9,sil
3.494636297225952,7,20,19,18,9,7,8,2,3,2,28,13,13,10,sil
3.494636297225952,-9,12,4,14,4,-3,-1,0,-6,-6,11,-3,-5,-6,sil
3.5096473693847656,0,5,1,12,0,-9,-4,1,-2,3,9,2,-12,-8,sil
3.5096473693847656,3,5,8,9,8,0,2,-1,4,9,8,4,-11,-6,sil
3.5257954597473145,-7,7,1,10,6,4,0,-11,-15,-16,0,-7,-11,-13,sil
3.5257954597473145,1,9,3,28,8,11,5,2,-10,-5,8,5,6,4,sil
3.5403640270233154,9,5,14,25,17,22,21,14,18,30,10,19,15,24,sil
3.5403640270233154,-3,-2,-3,0,6,21,15,0,15,28,-8,-2,0,10,sil
3.555893659591675,-2,-1,-6,4,0,23,12,0,-5,8,-1,-9,3,4,sil
3.555893659591675,5,0,7,19,7,26,24,8,0,3,8,3,12,14,sil
3.571345567703247,-13,-11,-11,-5,0,6,10,-6,1,-6,-13,-13,-8,1,sil
3.571345567703247,-20,-20,-28,-30,-15,-6,-7,-9,-2,-10,-25,-28,-22,-9,sil
3.5865142345428467,2,-10,-12,-13,-1,2,7,10,14,9,-10,-9,0,6,sil
3.5865142345428467,6,-3,0,-5,3,-3,11,15,23,13,-3,0,9,16,sil
3.601693153381348,-3,-8,-14,-22,-16,-20,-13,1,11,-1,-8,-7,0,2,sil
3.601693153381348,0,-8,-21,-30,-14,-19,-16,-3,8,-5,-8,-3,1,-11,sil
3.617625951766968,6,-1,-2,-24,0,-14,-10,0,8,-2,4,10,14,-5,sil
3.617625951766968,11,6,5,-14,-6,-20,-24,-2,-4,-10,23,15,15,3,sil
3.632815361022949,13,21,17,13,-7,-14,-30,-12,-19,-11,24,13,6,-3,sil
3.632815361022949,5,25,27,38,13,8,1,-2,-10,10,16,12,7,-3,sil
3.648386478424072,-6,5,12,23,15,18,24,5,0,18,10,3,5,3,sil
3.648386478424072,-8,-5,6,1,2,11,12,-2,-6,-2,-7,-5,-11,-2,sil
3.664128303527832,0,-1,5,12,1,10,10,-4,-12,-5,-23,-15,-19,-5,sil
3.664128303527832,-2,0,2,18,2,13,21,6,-5,5,-26,-16,-16,0,sil
3.679638385772705,-11,-6,-3,2,-5,6,14,5,1,4,-23,-9,-13,0,sil
3.679638385772705,-12,-10,-14,-9,-10,-7,0,-3,5,5,-11,-5,-4,-2,sil
3.695605993270874,-8,-11,-12,-13,-7,-11,-4,-4,3,4,-10,-5,-3,-2,sil
3.695605993270874,0,-5,-5,-9,-2,-3,-1,-1,0,-7,-12,-4,-4,1,sil
3.710737228393554,11,2,0,0,1,-7,-11,-3,0,-9,1,9,2,8,sil
3.710737228393554,8,0,2,4,6,-11,-24,-3,0,-3,13,16,8,7,sil
3.7264931201934814,2,-2,-1,-1,5,3,-14,1,5,-5,8,6,7,4,sil
3.7264931201934814,9,-2,-2,-17,0,8,-3,8,5,-15,8,4,3,4,sil
3.741618394851685,13,-4,0,-16,-1,-6,-5,9,0,-8,16,10,8,2,sil
3.741618394851685,12,5,7,0,4,-13,-10,2,-2,5,31,22,23,1,sil
3.757348299026489,9,18,12,7,2,-7,-16,-2,-11,-1,36,29,18,-2,sil
3.757348299026489,-1,8,0,1,-4,-5,-13,-9,-26,-20,7,2,-13,-17,sil
3.7726526260375977,-4,2,5,3,-3,-1,-2,-11,-24,-25,-7,-17,-24,-22,sil
3.7726526260375977,2,15,17,14,1,1,3,-5,-7,-7,15,-2,-4,-10,sil
3.788751840591431,-6,7,4,13,3,1,0,-4,-6,2,9,-2,0,-1,sil
3.788751840591431,-24,-11,-11,0,-4,7,1,-6,-20,-1,-29,-26,-16,-6,sil
3.80348539352417,-24,-8,-15,-3,-10,13,12,-1,-15,0,-32,-34,-18,-14,sil
3.80348539352417,-7,2,0,7,5,17,28,12,16,21,-5,-13,0,-4,sil
3.81869387626648,5,2,5,19,21,26,44,20,44,39,0,0,15,13,please
3.8344085216522217,0,-3,-3,14,9,23,34,12,36,30,-16,-6,5,18,please
3.8344085216522217,-5,-10,-5,-3,-8,7,15,7,24,17,-13,-3,-2,17,please
3.8344085216522217,7,-12,-6,-10,-2,-2,11,5,35,26,6,11,12,22,please
3.849346399307251,11,-7,-3,-4,2,-9,4,0,28,22,3,11,15,18,please
3.865318775177002,-2,-4,-10,-14,-6,-12,-5,-2,6,-1,-11,-1,0,2,please
3.865318775177002,-4,-10,-19,-31,-11,-13,-7,-2,9,-9,0,1,4,-5,please
3.880356311798096,5,-12,-9,-29,-9,-14,-18,-6,9,-12,10,9,13,-5,please
3.880356311798096,6,-1,-5,-20,-6,-16,-31,-12,-14,-31,-11,2,-1,-8,please
3.896371841430664,4,13,4,-7,0,-12,-26,-6,-23,-36,-16,5,-15,-11,please
3.896371841430664,9,23,24,16,7,0,-7,0,-12,-17,14,18,-8,0,please
3.911511659622192,6,21,14,27,8,10,0,-2,-17,-2,21,3,-5,2,please
3.911511659622192,-1,10,2,15,10,11,0,-3,-28,-3,-2,-17,-17,-4,please
3.9276082515716553,-2,0,6,12,10,6,8,2,-11,4,-2,-14,-8,-2,please
3.9276082515716553,1,-3,6,14,1,3,15,9,15,27,10,0,16,15,please
3.943483352661133,5,-1,-1,0,-7,-2,3,5,15,27,8,6,26,22,please
3.943483352661133,3,-4,-7,-17,-10,-22,-25,-9,-21,-11,0,5,8,0,please
3.958632946014404,-7,-4,1,-14,-9,-29,-46,-16,-53,-43,0,11,-8,-25,please
3.958632946014404,-6,1,13,6,-7,-13,-35,-9,-40,-32,11,15,-5,-23,please
3.974595785140991,9,6,19,20,-5,-3,-17,-2,-17,-10,26,17,2,-7,please
3.974595785140991,8,8,18,24,6,3,-3,0,-13,1,17,11,1,-3,please
3.9897444248199454,-8,5,7,23,14,16,13,4,-3,5,0,-4,-4,0,please
3.9900622367858887,-11,-9,-1,3,1,17,25,7,17,5,-10,-12,-10,7,please
4.010748386383057,0,-17,-14,-12,-2,14,27,7,31,20,-12,-12,-3,10,please
4.010748386383057,-6,-9,-19,-12,5,25,31,11,30,27,-20,-21,-4,0,please
4.011747360229492,-26,-13,-20,-12,0,28,27,11,18,4,-30,-35,-22,-12,please
4.021793603897095,-18,-19,-22,-14,-6,8,21,0,14,-3,-28,-32,-18,-10,please
4.037378549575806,6,-1,-8,-7,5,0,18,-3,22,15,-11,-10,6,8,please
4.037378549575806,17,16,3,6,13,8,21,6,30,23,7,5,21,19,please
4.052446365356445,16,9,4,6,3,-2,13,7,22,3,11,12,14,10,please
4.052446365356445,11,-6,-5,-13,-7,-16,-3,0,5,-6,3,10,6,0,please
4.067838430404663,-3,-8,-20,-30,-9,-13,-15,-3,-1,6,3,10,12,0,please
4.067838430404663,-8,2,-7,-16,-4,-19,-22,-5,0,11,12,19,16,3,please
4.083539247512817,5,10,6,7,-1,-32,-22,-9,-6,-9,10,21,11,-2,please
4.083539247512817,14,9,5,2,0,-21,-22,-13,-17,-30,0,11,0,-10,please
4.0996410846710205,1,11,11,-14,-4,-3,-28,-8,-25,-29,0,9,-12,-13,please
4.0996410846710205,-4,12,12,0,0,-2,-24,-3,-21,-13,12,9,-9,-8,please
4.115692377090454,1,8,15,20,10,2,-4,-3,-8,0,16,6,0,1,please
4.115692377090454,0,8,18,15,11,13,8,0,4,8,11,-6,-2,5,please
4.131744861602783,-7,7,11,18,4,12,9,7,5,16,5,-17,-6,0,please
4.131744861602783,-5,0,4,26,5,9,12,9,-3,9,-6,-19,-3,0,please
4.147813081741333,0,-8,-6,11,2,9,16,3,-8,-5,-14,-19,-5,5,please
4.147813081741333,0,-9,-3,0,-9,11,14,2,-3,1,-6,-9,-6,9,please
4.163938045501709,0,-2,0,11,-6,16,19,5,2,19,-2,-1,-3,11,please
4.163938045501709,-6,-3,-12,2,0,12,16,2,-1,9,-9,-3,-4,4,please
4.17963981628418,-7,-9,-13,-15,-5,-1,-5,0,-8,-6,-10,-1,-5,-1,please
4.17963981628418,0,-9,-4,-7,-5,-3,-14,0,0,-2,-4,4,6,1,please
4.194600582122803,7,-10,-5,-2,-1,0,-9,1,13,0,1,10,16,10,please
4.194600582122803,3,-14,-13,-19,-8,-8,-17,-2,9,-6,-1,8,9,6,please
4.210889577865601,2,-11,-12,-24,-6,-15,-22,-7,0,-10,-14,0,0,-6,please
4.210889577865601,9,-3,1,-15,2,-8,-7,-3,3,-17,-9,5,0,-11,please
4.226022958755493,0,0,-1,-17,0,-10,0,-1,0,-19,2,7,-3,-15,please
4.226022958755493,-22,-3,-6,-21,-10,-19,-12,-7,-13,-7,-1,-12,-10,-21,please
4.241374731063843,-8,0,2,-6,0,-13,-4,-3,-5,4,6,-5,2,-6,sil
4.241374731063843,19,14,10,7,11,-8,11,4,3,1,28,23,17,9,sil
4.25651478767395,13,19,14,9,8,-4,5,5,-3,-6,24,22,10,2,sil
4.25651478767395,2,16,15,16,4,5,4,0,0,0,9,0,0,0,sil
4.271942377090454,8,18,22,28,14,9,10,0,2,11,7,0,-6,5,sil
4.271942377090454,11,20,24,35,22,13,8,3,-6,13,9,6,-5,-3,sil
4.2875401973724365,0,6,3,24,13,22,13,-2,-6,9,6,0,-3,-6,sil
4.2875401973724365,-9,-10,-8,1,-1,16,10,-6,0,8,-5,-12,-11,2,sil
4.30345344543457,-2,-4,-3,4,0,5,0,0,1,19,-10,-13,-6,1,sil
4.30345344543457,3,11,6,21,1,6,-3,4,4,21,0,-3,5,0,sil
4.31954550743103,-5,5,3,13,-7,12,-1,4,9,4,5,-1,6,8,sil
4.31954550743103,-10,-12,-14,-2,-8,11,8,7,18,6,1,-7,9,10,sil
4.33515739440918,-11,-17,-21,-13,0,8,15,5,16,14,-12,-9,4,2,sil
4.33515739440918,-21,-24,-30,-29,-7,0,7,-1,5,-5,-31,-20,-12,-10,sil
4.350831031799316,-15,-29,-26,-35,-19,-13,-3,0,3,-24,-35,-20,-13,-9,sil
4.350831031799316,4,-12,-1,-14,-14,-11,-1,2,4,-10,-20,2,2,9,sil
4.366370916366577,2,0,0,-6,-3,-6,0,-2,-2,-3,-13,13,6,18,sil
4.366370916366577,-5,-6,-11,-25,-10,-22,-11,-1,-13,-21,-14,1,-3,3,sil
4.381676912307739,4,-7,-7,-23,-14,-28,-16,0,-8,-16,-1,0,-4,-8,sil
4.381676912307739,13,8,6,1,5,-6,-10,0,1,3,15,8,2,0,sil
4.39776086807251,12,16,14,8,15,0,-7,0,0,-8,13,10,0,2,sil
4.39776086807251,14,10,2,0,0,-11,-14,-1,-12,-23,4,4,-4,-6,sil
4.413390398025513,11,7,5,-2,0,-10,-18,-4,-17,-10,12,7,1,-8,sil
4.413390398025513,0,7,12,1,12,2,-8,-1,-8,0,32,12,8,-2,sil
4.428429365158081,0,9,9,10,7,0,-2,0,-1,2,36,13,4,0,sil
4.428429365158081,11,20,16,21,4,0,-6,0,-4,7,25,11,-2,-4,sil
4.4440085887908936,3,25,15,23,10,13,0,-4,-8,9,14,0,-2,-7,sil
4.4440085887908936,-13,9,5,17,9,31,16,-7,-7,11,0,-4,0,-3,sil
4.45969295501709,-7,0,2,19,7,29,29,0,1,20,-15,-4,-2,0,sil
4.45969295501709,0,0,0,19,3,7,24,6,5,12,-21,-15,-9,-2,sil
4.474939584732056,-15,-19,-6,0,-7,-3,5,-1,3,-4,-21,-21,-10,0,sil
4.474939584732056,-19,-39,-17,-23,-15,-1,1,-3,12,-1,-18,-10,1,7,sil
4.490607261657715,-4,-30,-10,-28,-15,-8,1,6,20,8,-5,6,14,8,sil
4.490607261657715,6,-8,0,-18,-6,-15,-8,11,20,13,15,15,27,9,sil
4.506077527999878,13,2,3,-4,2,-14,-19,3,13,8,23,14,26,12,sil
4.506077527999878,17,15,17,8,6,-9,-15,-3,-7,-6,7,10,3,3,sil
4.522060394287109,10,25,16,21,11,5,6,0,-11,-8,-1,0,-4,-4,sil
4.522060394287109,0,18,0,27,15,25,20,8,6,0,-6,-17,-9,-4,sil
4.53679084777832,-1,5,-9,21,9,31,28,7,9,9,-19,-22,-20,-2,sil
4.53679084777832,-1,-4,-9,2,2,20,34,4,6,24,-14,-7,-4,12,sil
4.552314758300781,-5,-15,-8,-20,-4,0,9,0,5,10,2,9,15,18,sil
4.552314758300781,-8,-19,-18,-30,-17,-19,-27,-11,-12,-32,-5,0,-5,-8,sil
4.568838596343994,-1,-12,-16,-28,-19,-29,-36,-15,-26,-43,-20,-8,-22,-23,sil
4.568838596343994,8,0,0,-19,-7,-27,-23,-6,-16,-18,6,9,4,0,sil
4.584534645080566,8,9,9,-1,0,-20,-16,-7,-13,-9,32,20,18,7,sil
4.584534645080566,0,9,15,12,-1,-5,-10,-7,-21,-17,5,4,-11,-11,sil
4.599549293518066,-5,8,5,17,0,8,2,0,-12,-14,-25,-11,-33,-14,sil
4.599549293518066,-5,1,-7,9,2,10,8,0,0,1,-22,-14,-24,0,sil
4.614684820175171,-14,-15,-13,-6,-1,6,7,3,11,22,-13,-14,-4,1,sil
4.614684820175171,-18,-22,-24,-18,-5,0,2,17,28,29,-3,-4,13,0,sil
4.630849599838257,-3,-4,-9,-14,-1,-2,-5,15,30,13,20,19,26,4,sil
4.630849599838257,9,12,14,7,8,0,-4,0,15,0,32,25,22,0,sil
4.646506309509277,12,19,18,22,16,1,-3,-3,3,2,27,13,12,-4,sil
4.646506309509277,15,22,15,11,12,1,-3,2,1,6,26,9,10,0,sil
4.662348508834839,4,11,6,0,9,3,9,0,-5,-3,9,-3,-3,-2,sil
4.676518440246582,-16,-3,0,5,3,2,9,-6,-21,-11,-28,-26,-31,-22,sil
4.676518440246582,-10,-7,-4,3,-8,0,2,-1,-20,3,-37,-30,-30,-19,sil
4.691972970962524,3,-3,-3,-7,-9,7,18,3,-1,14,-15,-16,-6,8,sil
4.691972970962524,-7,-10,-9,-12,0,13,27,0,1,1,-12,-9,0,16,sil
4.707653760910034,-18,-23,-22,-17,-5,0,6,-5,-9,-8,-27,-18,-7,0,sil
4.707653760910034,-1,-18,-3,-21,-12,-9,-5,-2,-1,-5,-21,-11,0,6,sil
4.722384691238403,14,-4,12,-11,-4,4,1,4,20,3,4,6,22,29,sil
4.722384691238403,11,-2,-3,-4,-2,0,-8,1,14,0,17,12,29,21,sil
4.737522602081299,9,6,-1,-1,-4,-19,-20,0,0,-5,17,17,13,4,sil
4.737522602081299,24,28,21,14,5,-3,-9,4,10,2,30,32,12,7,sil
4.752767562866211,28,30,29,24,17,15,-2,0,13,5,40,36,16,8,sil
4.752767562866211,11,20,18,21,13,0,0,-6,-10,-6,32,24,7,-3,sil
4.768458366394043,0,21,16,28,3,-8,2,-2,-18,-3,23,16,0,-6,sil
4.768458366394043,0,15,22,38,4,9,-3,-1,-8,4,8,7,-2,-3,sil
4.783689975738525,-12,-7,2,27,8,12,-11,-6,-15,-2,-9,-12,-18,-13,sil
4.783689975738525,-27,-20,-10,9,4,1,-8,-2,-20,-11,-18,-19,-25,-18,sil
4.799655914306641,-19,-15,-3,12,-1,9,6,3,2,4,-14,-9,-8,0,sil
4.799655914306641,0,-19,-2,9,-11,7,15,4,24,26,-4,0,10,17,sil
4.81497597694397,1,-24,-14,-18,-19,-11,7,9,22,25,0,2,14,10,sil
4.81497597694397,-3,-13,-23,-32,-11,-17,0,6,19,3,-10,0,9,0,sil
4.830424308776856,3,0,-14,-22,-5,-18,-3,-4,12,-12,-13,4,4,0,sil
4.830424308776856,13,5,-5,-20,-12,-26,-7,-2,-1,-13,-1,13,3,-2,sil
4.845982789993286,6,3,-15,-28,-8,-17,-8,2,-11,-15,-3,4,-5,-12,sil
4.845982789993286,-5,0,-16,-28,2,-1,-9,1,-18,-30,-20,-11,-22,-20,sil
4.862112760543823,-4,2,-7,-24,2,2,-2,-4,-15,-26,-23,-24,-24,-15,sil
4.862112760543823,-7,4,-6,-23,1,3,4,-5,-7,-7,-21,-29,-19,-12,sil
4.877674102783203,-24,-5,-18,-18,5,5,2,0,-12,-4,-31,-37,-27,-22,sil
4.877674102783203,-24,-10,-23,-7,9,20,5,1,-13,-2,-32,-44,-30,-20,sil
4.893081903457642,0,1,4,2,18,42,23,0,5,19,-1,-20,-3,4,sil
4.893081903457642,12,9,16,19,25,37,34,6,24,34,22,0,20,19,sil
4.908575057983398,-6,-1,-4,22,13,11,21,6,19,23,1,-14,11,6,sil
4.908575057983398,-19,-11,-13,2,-5,0,7,0,7,10,-15,-19,-3,-1,sil
4.924485683441162,-5,-1,0,-5,-15,-10,-5,-9,4,6,4,7,4,10,sil
4.924485683441162,5,8,12,3,-14,-24,-24,-9,1,-1,23,24,12,20,sil
4.940534114837647,13,10,19,13,-11,-23,-26,-2,0,-2,35,31,21,17,sil
4.940534114837647,27,15,32,21,-7,-20,-20,2,0,5,52,53,37,18,sil
4.956636190414429,29,14,38,21,-2,-13,-22,0,-2,-2,50,56,31,16,sil
4.956636190414429,17,1,26,15,2,-3,-25,-8,-21,-28,30,31,1,1,sil
4.971763372421265,14,6,32,25,5,0,-17,-4,-36,-35,13,20,-12,-4,sil
4.971763372421265,13,16,27,40,3,8,6,1,-18,-8,3,13,-3,-2,sil
4.987781524658203,0,0,0,20,-1,12,28,7,12,21,-2,-5,3,0,sil
4.987781524658203,-7,-17,-6,-4,0,7,30,14,19,33,-8,-10,2,7,sil
5.003189086914063,0,-8,-3,1,2,9,23,8,15,25,-17,1,0,17,sil
5.003189086914063,2,-5,-13,-3,-2,2,6,0,19,11,-17,4,1,10,sil
5.018558025360107,-7,-13,-33,-38,-8,-20,-8,5,17,0,-10,-4,4,-7,sil
5.018558025360107,-13,-10,-33,-44,-3,-21,-11,5,1,-9,-7,-8,2,-17,sil
5.034624338150024,-2,5,-5,-18,1,-3,-11,-2,-9,-24,-6,-1,-4,-17,sil
5.034624338150024,8,18,3,0,8,1,-3,-6,-13,-24,-9,-6,-15,-12,sil
5.050114393234253,-3,11,-2,6,12,5,10,-3,-14,-13,-25,-24,-23,-13,sil
5.050114393234253,-28,-11,-16,1,3,23,18,0,-5,-1,-36,-44,-24,-22,sil
5.065270662307739,-37,-25,-34,-21,-4,23,14,3,11,9,-31,-47,-12,-17,sil
5.065270662307739,-20,-17,-28,-33,-3,0,-1,1,20,8,-17,-24,4,0,sil
5.080437421798706,0,-1,-7,-13,0,-10,-18,-6,10,-1,7,-1,16,1,sil
5.080437421798706,1,8,12,7,3,-3,-21,-9,-8,-2,24,4,9,-8,sil
5.095574140548706,-4,12,11,9,2,1,-13,-5,-19,0,12,0,-7,-6,sil
5.095574140548706,-4,0,-3,5,-4,11,2,-7,-12,-2,-8,-14,-15,0,sil
5.111099720001221,-5,-11,-3,6,-2,21,22,-5,1,11,-13,-15,-9,7,sil
5.111099720001221,0,-12,3,8,3,9,18,0,6,18,-9,2,-4,9,sil
5.127817392349243,12,-8,8,0,-5,-9,-7,-1,-1,-5,0,18,-2,12,sil
5.127817392349243,27,1,17,-3,-8,-14,-6,6,6,-3,21,30,15,27,sil
5.142914772033691,33,15,18,6,0,-19,2,19,24,22,40,41,32,30,sil
5.142914772033691,21,15,12,8,-1,-25,-14,8,0,2,33,34,11,1,sil
5.158546686172485,7,9,6,0,-5,-19,-19,-3,-23,-29,19,16,-4,-10,sil
5.158546686172485,11,16,19,5,0,-10,0,0,-13,-20,22,17,4,6,sil
5.173746585845947,12,18,25,17,0,-7,0,0,-10,-4,26,27,7,8,sil
5.173746585845947,0,6,8,13,-4,-2,-13,-12,-22,-10,12,10,0,-5,sil
5.189070463180542,-5,3,10,14,-1,7,-14,-10,-20,-20,-6,-5,-10,-5,sil
5.204790115356445,-2,7,10,27,2,14,0,-2,-8,-7,-14,-6,-17,-6,sil
5.204790115356445,0,6,-1,23,9,18,15,2,9,18,-15,-7,-12,-10,sil
5.220424652099609,-3,2,-7,5,21,34,34,12,37,31,-14,-13,1,2,sil
5.220424652099609,-14,-8,-11,-2,20,32,47,19,46,34,-10,-11,13,14,sil
5.2355797290802,-15,-17,-14,-5,5,1,32,15,34,36,-10,-10,19,7,sil
5.2355797290802,-14,-21,-28,-20,0,-12,8,3,23,23,-22,-21,14,3,sil
5.251004219055176,-21,-25,-39,-37,-2,-6,0,-3,15,4,-30,-27,2,3,sil
5.251004219055176,-18,-21,-27,-31,-14,-7,-2,-5,4,1,-20,-22,3,-10,sil
5.266601800918579,-10,-15,-24,-31,-18,-12,-22,-9,-9,-7,-22,-25,0,-28,sil
5.266601800918579,-11,-10,-27,-55,-7,-8,-43,-11,-32,-36,-41,-25,-28,-30,sil
5.2818443775177,-6,3,-14,-41,-2,-13,-39,-14,-47,-54,-32,-15,-39,-27,sil
5.2818443775177,0,17,5,-3,-8,-25,-29,-17,-41,-46,-7,-15,-21,-29,sil
5.297700643539429,-4,13,17,2,-6,-13,-20,-4,-31,-23,4,-11,-12,-23,sil
5.297700643539429,1,5,18,6,5,13,-1,3,-23,-4,22,7,-8,-3,sil
5.313128709793091,14,5,27,21,10,24,13,1,-5,2,37,25,3,12,sil
5.313128709793091,13,2,29,34,0,15,14,5,14,20,41,28,23,23,sil
5.328794240951538,9,-6,18,42,-8,12,16,8,21,39,40,27,27,33,sil
5.328794240951538,9,-9,16,33,4,20,20,5,24,37,35,29,18,31,sil
5.344578266143799,10,0,20,23,15,16,22,7,34,26,26,26,21,27,sil
5.344578266143799,17,3,18,30,2,-7,5,7,26,6,18,27,19,29,sil
5.359681606292725,23,1,3,19,-8,-19,-14,0,6,-10,13,30,4,19,sil
5.360145807266235,12,1,-7,-12,-8,-16,-12,-2,-5,-9,6,19,-1,-2,sil
5.374920606613159,1,2,-6,-25,-10,-22,-7,0,-14,-19,-7,-3,-6,-14,sil
5.374920606613159,5,7,-5,-8,-4,-25,-8,1,-11,-25,-11,-8,-6,-9,sil
5.390504121780396,5,22,6,4,10,-9,0,6,5,1,0,7,5,0,sil
5.390504121780396,0,26,7,2,14,0,9,0,8,10,0,-2,6,-2,sil
5.405878782272339,-2,13,-6,0,8,-5,-2,-8,-4,-9,-10,-23,-5,-3,sil
5.405878782272339,-8,6,-4,2,3,0,-7,0,-4,-5,-22,-13,-9,1,sil
5.421827077865601,-18,0,-7,0,-1,15,8,3,2,6,-31,-15,-16,-3,sil
5.421827077865601,-19,-13,-12,-1,1,22,18,-10,-5,-1,-32,-30,-33,-18,sil
5.4374167919158936,-12,-9,-10,4,11,29,23,-8,-3,8,-19,-16,-21,-8,sil
5.4374167919158936,-9,-9,-17,-1,4,31,27,7,13,30,-9,-6,2,10,sil
5.452549695968628,-10,-24,-21,-22,-9,15,18,6,14,16,-12,-14,5,1,sil
5.452549695968628,-14,-24,-26,-29,-10,-4,-2,-4,1,-5,-10,-16,1,-16,sil
5.468519687652588,-10,-9,-20,-25,-8,-15,-16,-2,-1,-3,-5,-9,1,-11,sil
5.468519687652588,-2,-10,-8,-27,-9,-15,-18,2,-1,-2,-4,-9,2,-2,sil
5.48407506942749,-3,-16,-13,-30,-7,-17,-22,-9,-7,-21,0,-5,8,-11,sil
5.48407506942749,-2,-1,0,-20,-3,-20,-30,-15,-14,-26,16,12,9,-14,sil
5.499464511871338,14,21,33,8,0,-13,-21,0,-13,-2,25,24,7,0,sil
5.499464511871338,25,28,41,24,9,-4,-5,3,-15,5,19,23,1,9,sil
5.515493869781494,13,20,26,19,13,0,-2,-2,-23,-8,16,18,-5,0,sil
5.515493869781494,5,14,20,22,4,8,-4,1,-21,-8,20,11,-1,-6,sil
5.5315587520599365,9,16,27,34,0,13,4,9,-2,6,18,5,8,4,sil
5.5315587520599365,5,10,9,29,5,13,17,7,12,10,1,-2,5,14,sil
5.54660439491272,-3,-8,-10,7,2,11,21,8,9,5,-20,-13,-5,14,sil
5.54660439491272,0,-25,-11,-9,-7,13,19,11,12,8,-19,-10,-2,15,sil
5.56179666519165,5,-28,-11,-11,-8,7,18,7,33,26,2,-2,14,21,sil
5.56179666519165,4,-19,-6,-2,-2,-4,10,5,37,31,5,2,21,22,sil
5.577361822128296,1,-12,-11,0,-1,-16,-4,2,23,8,0,6,17,7,sil
5.577361822128296,-4,-9,-17,-12,-5,-23,-19,-6,11,-24,-2,4,0,-14,sil
5.592979431152344,-10,0,-3,-9,-5,-19,-24,-9,-3,-38,-8,1,-24,-26,sil
5.592979431152344,-6,13,2,5,-4,-17,-22,-13,-19,-32,0,3,-29,-21,sil
5.608575344085693,-4,17,4,4,-2,-13,-20,-14,-25,-25,18,9,-18,-17,sil
5.608575344085693,-5,22,7,13,7,5,-6,-3,-17,-10,12,-1,-12,-16,sil
5.623719930648804,0,23,10,38,14,27,15,3,-4,19,-4,-7,-9,0,sil
5.623719930648804,0,7,7,26,7,25,27,1,2,36,-2,0,2,19,sil
5.639641761779785,-6,-12,-14,-16,0,7,24,0,0,23,-4,-10,11,17,please
5.639641761779785,-16,-21,-22,-34,-2,0,10,4,-11,1,-25,-22,2,3,please
5.654822826385498,-9,-15,-5,-15,-4,8,2,4,-5,2,-23,-9,0,8,please
5.670439004898071,11,-1,4,-3,-1,8,0,2,13,14,5,12,17,18,please
5.670439004898071,16,1,3,-15,-1,-6,-11,0,14,5,14,17,18,2,please
5.685848474502564,4,0,-3,-15,-2,-14,-19,-4,-3,-16,-2,5,3,-14,please
5.685848474502564,10,12,2,0,6,-1,-7,0,-6,-14,0,8,6,-5,please
5.685848474502564,16,15,5,-3,7,2,0,4,0,0,16,16,15,1,please
5.700995683670044,1,0,-4,-17,-8,-11,-5,-5,-6,-5,8,5,3,-7,please
5.716602325439453,-1,0,3,-7,-7,-15,-4,-8,-18,-23,0,-1,-6,-10,please
5.716602325439453,6,9,7,4,5,0,2,2,-11,-19,3,-1,-6,-1,please
5.731830358505249,-1,0,0,0,0,5,8,7,-1,-3,-14,-10,-21,-1,please
5.731830358505249,-8,-2,0,8,-5,7,23,2,4,7,-19,-14,-23,-1,please
5.747459888458252,1,6,16,27,4,13,33,6,15,16,8,-5,0,5,please
5.747459888458252,0,1,15,21,10,11,14,8,13,23,6,-1,3,4,please
5.76296854019165,-21,-17,-7,4,-2,3,-6,-2,-4,17,-21,-22,-15,-11,please
5.76296854019165,-26,-26,-14,-6,-8,2,-1,-6,0,6,-21,-33,-13,-16,please
5.778574466705322,-6,-22,-4,-4,0,2,5,3,23,9,-2,-15,5,0,please
5.778574466705322,-1,-17,-8,0,1,-9,-7,1,23,6,5,1,12,12,please
5.794497728347778,-2,-8,-8,-6,-6,-15,-22,0,10,1,13,10,13,12,please
5.794497728347778,13,4,-3,-4,-6,-4,-16,1,12,13,27,25,25,19,please
5.810672760009766,16,12,0,3,0,-2,-15,-2,1,4,30,31,21,14,please
5.810672760009766,6,7,0,-7,-1,-13,-21,-6,-15,-22,20,22,3,-2,please
5.825806140899658,18,11,3,-7,-1,-13,-17,-6,-18,-23,13,22,0,-3,please
5.825806140899658,24,25,20,9,0,-5,-15,-11,-27,-23,7,23,-5,-3,please
5.841346263885498,1,21,12,6,2,-6,-17,-14,-32,-27,-1,1,-11,-19,please
5.841346263885498,-14,9,-9,1,8,-4,-8,-3,-15,-9,-11,-14,-11,-27,please
5.856967210769653,-9,12,0,20,20,16,13,9,5,7,-14,-11,-8,-13,please
5.856967210769653,0,11,8,23,14,29,31,10,14,2,-12,-9,-3,6,please
5.87198805809021,-1,1,4,6,0,16,22,2,3,0,-14,-7,0,18,please
5.87198805809021,-3,0,8,11,1,9,8,1,-1,15,-14,-6,0,18,please
5.887622356414795,-1,-11,7,9,5,20,27,4,7,21,-13,-13,-2,13,please
5.887622356414795,-4,-27,-13,-22,-11,17,40,4,10,8,-21,-16,-4,8,please
5.902636528015137,-9,-22,-28,-37,-22,-5,12,6,8,6,-24,-14,-6,2,please
5.902636528015137,-8,-13,-15,-29,-13,-17,-6,9,9,6,-17,-12,-10,-3,please
5.918554067611694,-2,-22,-15,-28,-10,-12,2,0,0,-13,-7,-11,-8,-10,please
5.918554067611694,0,-28,-20,-31,-16,-16,-8,-6,-3,-19,5,-2,7,-9,please
5.934122562408447,2,-14,-3,-19,-16,-26,-30,0,6,-6,14,13,20,-5,please
5.934122562408447,5,7,3,0,-4,-20,-23,3,6,-2,21,15,16,-7,please
5.950148344039917,13,24,13,12,14,-6,-12,-1,-5,-2,38,26,12,-2,please
5.950148344039917,9,26,18,19,18,-1,-13,-8,-12,0,38,32,10,-2,please
5.965736627578735,-6,18,6,21,6,0,-11,-13,-14,-4,9,8,-1,-14,please
5.965736627578735,-3,23,12,27,10,13,0,-6,-15,1,-2,-3,-9,-12,please
5.981317043304443,8,27,24,38,20,25,8,1,-14,9,4,5,-4,4,please
5.981317043304443,0,12,19,27,5,14,0,-1,-14,-2,-2,0,-9,9,please
5.996421813964844,-7,-3,5,0,-9,0,0,-2,-3,-5,-10,-10,-9,4,please
5.996421813964844,3,-9,-1,-13,-2,-1,15,7,15,11,-1,-3,5,10,please
6.017412900924683,6,-9,-3,-10,5,1,16,12,29,17,-1,-3,4,15,please
6.017412900924683,-3,-12,-11,-6,2,4,12,3,25,12,-11,-14,-3,5,please
6.017412900924683,-7,-11,-5,-1,2,9,19,0,12,14,-9,-12,0,3,please
6.028532981872559,-1,-4,-2,0,3,10,16,8,15,32,2,-4,11,16,please
6.046955108642578,0,-7,-18,-10,1,-4,-4,4,22,31,-2,-9,7,8,please
6.046955108642578,-5,-11,-13,-18,-1,-16,-21,-8,2,-8,-20,-16,-7,-15,please
6.059580564498901,-5,-1,0,-1,-5,-2,-13,-9,-11,-31,-13,-14,-11,-15,sil
6.059580564498901,-1,0,-2,4,-9,7,2,0,-4,-16,0,-4,-2,0,sil
6.075543880462647,-1,-13,-12,-14,-9,-1,0,2,0,-14,-4,8,4,0,sil
6.075543880462647,0,-11,-9,-17,-6,-10,-11,0,-1,-15,3,20,11,-1,sil
6.090474605560303,5,3,4,0,1,-8,-10,0,-6,-2,20,29,11,-3,sil
6.090474605560303,4,14,0,9,8,-8,-2,-5,-14,-8,16,14,0,-12,sil
6.1064887046813965,2,19,2,10,9,-4,-6,-6,-20,-29,5,-2,-12,-17,sil
6.1064887046813965,0,13,13,13,2,3,-6,-2,-21,-22,0,-3,-14,-8,sil
6.1218883991241455,-3,-1,3,4,-9,0,-1,0,-17,-3,-8,-1,-9,1,sil
6.1218883991241455,3,-4,9,-1,-14,-5,-4,0,-10,2,-6,3,0,7,sil
6.137397766113281,8,4,15,7,-9,0,0,0,-3,13,2,0,2,9,sil
6.137397766113281,0,3,-4,6,-3,2,14,0,3,25,-2,-15,-1,6,sil
6.152793645858765,0,-10,-11,-5,-4,0,17,2,13,22,-15,-13,0,8,sil
6.152793645858765,18,-18,5,-4,-7,0,1,0,16,5,-4,12,13,13,sil
6.168993949890137,27,5,17,0,0,-3,-10,-1,4,-11,18,31,21,14,sil
6.168993949890137,15,34,8,5,12,0,-10,2,-5,-19,19,27,9,6,sil
6.184521436691284,-1,25,6,20,15,13,0,3,-9,-16,2,11,-9,-3,sil
6.184521436691284,-14,7,10,27,11,25,12,4,1,5,0,-3,-13,-5,sil
6.200556516647339,-24,-4,-14,5,6,16,17,6,16,29,-2,-25,-9,-8,sil
6.200556516647339,-35,-29,-35,-31,-2,3,8,0,9,22,-22,-40,-16,-23,sil
6.2160162925720215,-30,-33,-27,-31,-5,0,2,-3,7,4,-23,-25,-5,-20,sil
6.2160162925720215,0,-4,-6,-8,0,-4,-2,2,21,1,5,5,16,10,sil
6.232083797454834,24,16,15,-10,5,-13,-7,4,14,2,32,27,21,21,sil
6.232083797454834,20,16,17,-10,6,-16,-4,-7,-13,-3,31,23,10,0,sil
6.248600482940674,-7,0,2,5,5,-16,-10,-13,-28,-19,2,-2,-11,-18,sil
6.248600482940674,-28,-18,-10,0,-2,-6,-9,-2,-15,-14,-22,-39,-22,-19,sil
6.264621734619141,-21,-17,-12,-7,-4,9,10,5,7,11,-22,-41,-12,-11,sil
6.264621734619141,-3,-4,-3,11,4,13,17,5,11,17,-15,-14,-6,0,sil
6.2807533740997314,1,-6,-3,13,1,5,6,1,4,0,-12,-2,-1,14,sil
6.2807533740997314,7,-12,-1,-16,-15,-7,-7,1,4,-11,-4,0,10,20,sil
6.296725511550903,20,-5,2,-25,-19,-19,-22,0,-10,-16,1,10,11,8,sil
6.296725511550903,24,10,12,2,-2,-11,-17,-4,-26,-11,11,23,7,-2,sil
6.311441659927368,19,25,26,19,4,8,0,-2,-11,1,18,29,12,3,sil
6.311441659927368,15,19,20,17,0,13,3,0,0,-1,9,17,3,6,sil
6.326569080352783,10,8,10,23,4,12,3,0,-9,-5,-1,5,-10,1,sil
6.326569080352783,-1,7,0,20,5,16,16,4,1,14,-2,3,-4,7,sil
6.341945648193359,-9,-3,-18,-7,-1,4,15,6,24,27,-2,0,6,12,sil
6.341945648193359,-4,-12,-12,-18,-2,-5,1,3,27,22,-2,9,12,8,sil
6.3576741218566895,2,-8,-6,0,0,-1,3,0,29,21,3,16,19,6,sil
6.3576741218566895,-2,-5,-8,-2,-4,-10,-1,-6,17,0,3,2,7,0,sil
6.373905658721924,-12,-2,-7,-19,-7,-23,-19,-13,-12,-34,2,-11,-9,-20,sil
6.373905658721924,-8,2,0,-8,-3,-15,-19,-4,-18,-29,10,-7,-6,-24,sil
6.388469696044922,3,15,16,21,7,1,-3,3,-6,-6,13,4,-2,-9,sil
6.388469696044922,4,28,20,30,17,11,8,0,-8,-3,8,0,-8,0,sil
6.4036009311676025,-5,18,9,11,11,8,13,-2,-16,-5,0,-10,-14,0,sil
6.4036009311676025,-9,-1,-3,4,2,4,17,5,-5,5,-14,-16,-19,0,sil
6.418795585632324,-5,-13,-13,11,6,9,16,3,4,11,-26,-14,-18,5,sil
6.435520887374878,-6,-20,-13,-8,-1,9,1,0,0,0,-27,-15,-12,3,sil
6.435520887374878,-7,-23,-19,-34,-19,1,-12,0,-2,-9,-19,-12,-2,-1,sil
6.435520887374878,5,-12,-10,-21,-15,-3,-14,-1,5,-6,0,4,15,7,sil
6.450766324996948,22,0,10,-2,2,-5,-11,4,14,1,22,20,31,21,sil
6.46687650680542,15,1,4,-12,2,-13,-8,10,11,6,24,14,22,9,sil
6.46687650680542,-4,-2,-9,-24,-9,-14,-9,1,-4,-7,0,-3,-4,-21,sil
6.46687650680542,-11,1,-3,-8,0,-1,-8,-8,-13,-14,-5,-14,-17,-34,sil
6.48257040977478,-14,9,5,12,17,3,-4,-9,-19,5,6,-11,-10,-20,sil
6.498562335968018,-7,13,13,24,15,2,0,-2,-30,12,11,0,0,0,sil
6.498562335968018,11,13,15,29,3,9,10,0,-25,0,6,7,1,14,sil
6.498562335968018,6,8,12,19,6,14,12,-3,-9,1,-5,1,-5,11,sil
6.513804912567139,-16,-10,-4,2,1,11,6,-3,0,14,-21,-9,-6,-1,sil
6.513804912567139,-13,-28,-15,-9,-13,8,7,0,19,15,-18,-8,0,0,sil
6.529330253601074,3,-16,-9,-15,-10,6,15,11,48,17,2,6,16,12,sil
6.546339511871338,7,2,-6,-11,-1,3,15,17,56,28,19,15,32,18,sil
6.546339511871338,6,-4,-3,-18,-13,-3,0,11,38,27,20,22,27,11,sil
6.546339511871338,5,-14,-4,-33,-21,-20,-15,-4,10,0,14,19,6,0,sil
6.5617382526397705,8,6,3,-12,-1,-27,-21,-13,-16,-29,8,10,-2,-2,sil
6.5617382526397705,16,23,20,19,14,-6,-11,-4,-27,-29,9,10,0,1,sil
6.576386213302612,12,6,7,9,5,1,-5,-4,-26,-22,3,0,-8,-4,sil
6.576386213302612,-1,3,3,1,1,-8,-6,-8,-26,-32,-10,-16,-30,-11,sil
6.591947078704834,-4,21,19,26,12,0,6,0,-17,-14,-14,-21,-31,-4,sil
6.607690572738648,-7,12,7,26,12,18,18,3,-4,8,-19,-25,-21,-6,sil
6.607690572738648,-14,-7,-13,13,4,22,19,1,1,5,-28,-26,-17,-8,sil
6.622780561447144,-10,-6,-21,22,4,16,22,6,19,14,-18,-14,1,7,sil
6.622780561447144,-2,-9,-18,-1,-1,-1,13,4,24,15,-30,-4,6,9,sil
6.639014959335327,5,-15,-10,-33,-14,-20,-5,-2,4,-13,-47,2,-8,-3,sil
6.639014959335327,18,0,3,-11,-10,-15,-6,1,-1,-18,0,28,4,2,sil
6.656171560287476,19,15,18,13,0,-2,-3,9,1,0,56,44,30,12,sil
6.656171560287476,5,6,12,1,-1,-10,-15,-2,-7,-5,46,30,21,5,sil
6.656171560287476,-5,0,5,-4,-6,-22,-33,-13,-19,-13,25,14,5,0,sil
6.670727729797363,-9,6,6,3,-4,-8,-31,-5,-17,1,29,0,6,-7,sil
6.6863226890563965,-13,7,2,13,0,12,-12,0,-8,13,22,-16,3,-18,sil
6.6863226890563965,-13,0,0,13,4,22,0,0,1,13,3,-17,-3,-10,sil
6.701951742172241,-13,-6,-7,0,7,22,11,0,7,18,-12,-17,-2,0,sil
6.701951742172241,-17,-13,-17,-12,8,20,24,5,11,20,-24,-19,3,3,sil
6.719505786895752,-8,-15,-13,-11,12,17,22,5,18,18,-22,-11,6,13,sil
6.719505786895752,4,-15,-6,-13,1,2,2,-4,21,16,-14,-6,1,10,sil
6.719505786895752,4,-11,-3,-27,-16,-12,-9,-11,7,9,-11,-6,-1,-3,sil
6.732871055603027,4,-5,-10,-27,-11,-13,-8,-4,-10,-6,0,4,6,2,sil
6.748553276062012,17,0,-7,-17,0,-18,-13,-1,-14,-25,11,14,6,5,sil
6.748553276062012,21,2,6,-11,-7,-18,-11,-1,-8,-27,13,9,-8,-12,sil
6.763923645019531,11,10,9,-4,-2,0,1,3,-10,-16,12,4,-17,-14,sil
6.763923645019531,7,23,16,13,15,5,8,7,-17,-13,7,6,-16,-3,sil
6.779548406600952,5,25,20,30,16,-3,13,5,-10,-13,5,5,-13,-1,sil
6.779548406600952,0,11,8,25,5,4,18,6,-2,-7,0,2,-8,0,sil
6.795531749725342,-5,0,0,10,3,16,12,4,-5,1,-15,-2,-8,3,sil
6.795531749725342,-9,-1,0,10,2,12,11,0,-7,9,-21,-17,-14,0,sil
6.811088800430298,-17,-10,0,13,-2,4,10,2,-1,10,-18,-22,-12,-6,sil
6.811088800430298,-18,-21,-12,2,-5,3,6,0,12,7,-21,-15,-4,-2,sil
6.826817274093628,-13,-20,-14,-7,-4,3,3,0,20,9,-18,-12,0,4,sil
6.826817274093628,-8,-14,1,-2,-8,1,0,3,20,15,-6,-4,9,5,sil
6.841714143753052,0,-7,2,3,-15,-8,-6,5,26,20,5,9,25,8,sil
6.841714143753052,11,1,0,0,-6,-13,-7,2,27,18,16,22,28,20,sil
6.857190370559692,11,6,4,1,6,-5,0,3,18,10,22,23,28,21,sil
6.857190370559692,10,7,6,1,4,-3,2,3,16,4,26,24,37,12,sil
6.872715711593628,13,7,6,-5,-2,-12,-3,-1,16,1,27,26,31,5,sil
6.872715711593628,8,2,-6,-13,0,-21,-20,-13,4,-8,14,11,6,-4,sil
6.8888092041015625,0,0,-7,-17,2,-14,-32,-15,-15,-23,-1,1,-13,-14,sil
6.8888092041015625,4,8,6,-7,1,1,-23,-13,-27,-23,5,8,-12,-10,sil
6.904347896575928,12,18,10,7,0,1,-9,-13,-27,-16,15,6,-12,-7,sil
6.904347896575928,1,16,4,7,3,-2,-9,-1,-27,-19,-3,-6,-24,-13,sil
6.919790267944336,-8,7,-6,1,5,3,-10,4,-29,-19,-17,-14,-20,-13,sil
6.919790267944336,-4,3,-7,-2,3,3,-6,-2,-24,-13,-8,-16,-10,-11,sil
6.935142993927002,-2,0,0,-7,0,-1,0,0,-14,-10,-8,-16,-15,-16,sil
6.935142993927002,-5,-4,3,-1,1,8,9,6,-14,-6,-21,-16,-20,-14,sil
6.950782060623169,-5,-6,0,8,6,19,7,0,-23,-5,-19,-14,-17,-2,sil
6.950782060623169,-4,-7,-8,7,2,15,7,-4,-20,-1,-14,-15,-14,1,sil
6.966800689697266,-2,-3,-2,7,-1,8,18,2,-5,8,-15,-15,-14,-2,sil
6.966800689697266,0,0,7,19,-1,11,28,11,11,18,-4,-7,-4,0,sil
6.982686281204224,-2,-8,0,14,-6,12,26,10,30,21,8,-4,8,11,sil
6.982686281204224,-5,-18,-7,-7,-8,8,21,8,35,24,1,-2,10,20,sil
6.997829437255859,-5,-6,-12,-8,0,3,20,4,29,29,-3,-1,12,13,sil
6.997829437255859,-7,4,-4,3,0,1,10,6,24,30,2,2,23,13,sil
7.013422727584839,-8,-4,0,-3,-1,4,0,11,23,27,3,1,24,23,sil
7.013422727584839,-6,-16,-11,-15,3,0,0,0,16,14,-1,1,9,15,sil
7.02878737449646,-1,-10,-5,-11,3,-7,-1,-9,4,-8,2,13,5,1,sil
7.02878737449646,4,-3,0,-11,0,-8,-5,-1,0,-15,13,17,13,2,sil
7.044342279434204,5,-3,0,-22,1,-6,-6,4,11,2,17,12,15,3,sil
7.044342279434204,2,-3,1,-25,-5,-11,-8,0,21,7,10,13,12,-2,sil
7.059642314910889,0,-1,-1,-21,-8,-20,-19,-7,3,-16,-1,7,3,-9,sil
7.06002950668335,6,5,2,-15,0,-25,-35,-14,-27,-36,0,4,-3,-18,sil
7.074655294418335,16,16,9,2,0,-20,-35,-16,-31,-25,16,12,0,-17,sil
7.074655294418335,15,19,10,13,-2,-10,-19,-7,-24,-10,12,16,0,-2,sil
7.090757608413696,12,19,18,14,11,0,0,4,-19,-4,3,14,-3,5,sil
7.090757608413696,21,19,22,28,19,4,18,8,1,1,14,10,0,5,sil
7.105909824371338,17,15,21,34,4,4,9,3,11,-2,14,6,-4,-1,sil
7.105909824371338,2,10,10,19,-7,0,-13,-3,-3,-15,3,1,-11,-9,sil
7.121681451797485,3,9,3,14,-5,-2,-16,-3,-7,-11,2,-1,-14,-8,sil
7.121681451797485,3,8,6,18,1,1,-5,2,-3,-5,-2,-8,-21,-6,sil
7.1367669105529785,-13,0,-3,14,0,7,-2,0,-10,-5,-19,-26,-24,-7,sil
7.1367669105529785,-30,-14,-14,7,-2,8,3,-3,-15,2,-26,-30,-20,-8,sil
7.152323007583618,-29,-15,-14,7,0,15,22,0,-7,14,-21,-20,-16,-8,sil
7.152323007583618,-18,-12,-11,2,2,20,24,3,0,13,-11,-17,-4,-2,sil
7.171507120132446,-7,-15,-10,-6,-5,12,12,4,5,4,-11,-16,3,8,sil
7.1835150718688965,-4,-18,-16,-8,-10,2,11,5,12,6,-16,-2,10,17,sil
7.1835150718688965,-7,-16,-11,-14,-9,-1,11,5,7,7,-15,2,18,12,sil
7.1835150718688965,-7,-16,-12,-25,-13,-4,0,-3,-5,-6,-19,-10,10,0,sil
7.199764490127564,-9,-12,-19,-22,-10,-5,-9,-10,-9,-17,-19,-9,-4,-7,sil
7.199764490127564,-2,3,-1,0,5,2,0,0,7,8,6,15,10,5,sil
7.215670347213745,11,15,5,4,16,13,14,6,22,37,28,22,33,21,sil
7.215670347213745,11,10,0,-11,12,8,6,0,7,15,11,3,10,8,sil
7.231708765029907,5,4,-1,-11,7,-1,0,-1,0,-8,0,-1,-10,-10,sil
7.231708765029907,8,0,-4,-13,4,-3,0,6,12,0,12,4,2,-6,sil
7.246757030487059,1,-5,-7,-39,0,-6,-7,2,7,-4,9,-1,2,-3,sil
7.262312173843384,-3,0,-8,-33,-1,-18,-12,-7,-10,-17,6,-7,-8,-11,sil
7.262312173843384,8,16,3,1,5,-15,-3,-4,-12,-8,14,3,-6,-6,sil
7.262312173843384,11,17,19,14,11,1,0,4,-6,3,8,6,-5,3,sil
7.279361009597778,0,8,15,16,11,6,-4,0,-7,5,-6,-10,-11,1,sil
7.279361009597778,0,3,17,20,3,3,-3,-3,-5,2,-6,-4,-12,0,sil
7.294442653656006,8,5,19,24,0,10,7,3,10,11,7,12,2,13,sil
7.294442653656006,16,2,15,31,5,11,19,11,28,32,13,18,21,25,sil
7.310367822647095,8,-17,3,18,-5,0,12,7,25,30,4,7,21,18,sil
7.310367822647095,-10,-32,-17,-17,-32,-11,-7,-1,16,-1,-5,-3,10,0,sil
7.32643985748291,-3,-17,-14,-26,-26,-18,-16,2,19,-20,1,8,13,0,sil
7.32643985748291,18,2,0,0,-5,-20,-10,6,14,-14,21,29,17,4,sil
7.341565132141113,14,3,2,6,-8,-19,-13,-5,-12,-16,23,27,0,-9,sil
7.341565132141113,0,0,2,1,-11,-14,-18,-12,-26,-27,4,12,-12,-17,sil
7.357356548309326,4,6,14,13,0,-1,-10,-6,-19,-24,-3,1,-3,-7,sil
7.357356548309326,3,16,21,19,12,10,0,-8,-12,-6,-2,-1,-5,-6,sil
7.373347759246826,-13,15,0,4,16,9,0,-12,-10,2,-7,-6,-9,-14,sil
7.373347759246826,-20,5,-9,-4,7,-1,-8,-4,-16,-12,-15,-17,-9,-17,sil
7.388436079025267,-16,5,3,1,-3,3,-6,0,-23,-21,-13,-19,-10,-9,sil
7.404320955276489,-13,5,0,4,0,16,4,-6,-16,-4,-11,-14,-7,1,sil
7.405320644378662,-9,0,-10,-5,9,11,4,-4,-14,3,-19,-15,-8,0,sil
7.405320644378662,-11,-1,-15,-2,7,0,-2,3,-23,0,-25,-23,-17,-12,sil
7.420571327209473,-13,1,-6,15,8,6,0,4,-15,7,-14,-20,-18,-9,sil
7.420571327209473,-4,2,7,16,17,24,18,6,5,17,3,-6,-6,4,sil
7.434693813323975,0,-2,-7,3,16,18,22,3,13,22,6,-6,0,3,sil
7.450326919555664,-9,-9,-18,-1,0,-2,6,0,6,18,-5,-12,-8,-5,sil
7.450326919555664,-2,-9,-10,0,-5,3,10,9,11,13,-6,-10,-4,3,sil
7.466445922851562,7,-9,-9,-10,0,19,34,15,29,18,4,0,12,19,sil
7.466445922851562,2,-13,-11,-21,-5,6,31,11,36,21,6,4,13,15,sil
7.481674671173096,0,-12,-7,-21,-19,-14,7,9,26,9,-3,2,5,9,please
7.481674671173096,8,-4,6,-12,-14,-15,-8,7,12,-2,-4,9,8,14,please
7.497314214706421,16,4,10,-5,0,-9,-9,-5,5,-7,11,18,18,11,please
7.497314214706421,17,4,1,-12,-1,-12,-10,-16,-4,-19,11,17,14,0,please
7.512454271316528,10,-1,0,-24,-15,-12,-16,-10,-14,-24,-5,11,5,0,please
7.512454271316528,7,-1,-1,-13,-15,-10,-14,-3,-2,-3,-2,6,11,5,please
7.528838634490967,7,-1,-1,-9,-7,-15,-16,-1,9,7,11,11,20,5,please
7.528838634490967,2,-5,2,-25,-5,-12,-17,3,8,-1,20,16,16,0,please
7.544426441192627,4,0,9,-11,0,4,3,9,9,-3,24,9,4,2,please
7.544426441192627,12,16,22,27,10,10,10,3,8,-5,18,6,-1,4,please
7.559706926345825,12,15,18,39,13,-4,-15,-9,-5,-32,11,10,-3,-4,please
7.559706926345825,7,10,15,22,9,-13,-27,-10,-14,-41,13,9,-6,-12,please
7.575367212295532,3,17,21,18,7,-1,-1,-3,-7,7,15,11,-2,-8,please
7.575367212295532,-12,4,10,21,8,8,5,-6,-14,39,3,3,-7,-12,please
7.590606927871704,-30,-11,-4,20,5,13,-2,-10,-42,3,-22,-19,-35,-25,please
7.590606927871704,-28,-8,-10,12,0,19,5,-7,-47,-17,-41,-39,-45,-26,please
7.606682538986206,-22,-10,-10,0,3,21,14,0,-13,16,-34,-36,-23,-14,please
7.606682538986206,-21,-16,-18,-4,7,13,15,12,24,37,-19,-24,-2,3,please
7.622341632843018,-11,-5,-25,-8,-2,-1,9,19,35,25,-9,-10,8,18,please
7.622341632843018,4,3,-10,-15,-14,-16,-12,8,16,9,-5,4,14,13,please
7.637386322021484,7,0,-5,-9,-5,-17,-27,-4,-2,-4,0,5,12,0,please
7.637386322021484,5,0,-8,-6,0,-14,-17,-2,-5,-15,14,7,13,2,please
7.653475284576416,11,8,3,-9,-10,-13,-2,4,-1,-13,26,22,17,12,please
7.653475284576416,20,18,14,3,0,-4,11,0,0,-9,19,25,14,9,please
7.668926954269409,19,20,16,14,17,8,16,-2,-2,-5,13,17,5,3,please
7.668926954269409,6,9,3,6,1,9,11,0,-5,2,12,3,0,3,please
7.684652090072632,2,3,3,8,-7,3,9,0,0,0,5,-4,0,5,please
7.684652090072632,12,11,18,17,9,7,13,1,12,-5,0,-1,5,6,please
7.700062274932861,1,-3,3,3,4,10,9,0,9,-5,-9,-4,-7,0,please
7.700062274932861,-28,-30,-17,-13,-13,8,-3,-9,-14,-16,-38,-25,-42,-17,please
7.7153661251068115,-33,-23,-14,-7,-5,13,3,-8,-17,-21,-45,-37,-41,-23,please
7.7153661251068115,-17,-10,-13,-10,3,12,19,1,10,7,-28,-30,-5,-10,please
7.731429100036621,-15,-16,-22,-26,-2,0,14,8,21,21,-25,-17,5,0,please
7.731429100036621,-8,-15,-16,-14,-5,-7,0,1,8,-3,-20,-9,0,-2,please
7.746506690979004,3,-10,0,-7,-5,-8,-7,-4,4,-15,3,3,3,-2,please
7.746506690979004,8,-10,-1,-21,-6,-5,-9,4,15,2,22,18,12,9,please
7.761820077896118,19,5,2,-5,0,-4,-11,13,15,15,22,26,21,17,please
7.761820077896118,27,11,12,11,0,-12,-17,4,0,12,19,23,24,10,please
7.777353048324585,17,-4,2,-2,-4,-12,-15,0,0,14,23,18,24,7,please
7.777353048324585,16,9,11,0,9,1,-2,8,20,22,41,32,28,19,please
7.792484998703003,19,32,23,17,15,-2,-1,4,14,20,50,34,28,16,please
7.792484998703003,5,16,4,8,0,-19,-17,-5,-12,5,29,15,16,0,please
7.808578014373779,5,15,7,7,9,-4,-10,-4,-16,2,14,16,6,1,please
7.808578014373779,17,33,26,26,26,11,9,-9,-8,0,15,18,0,5,please
7.824608325958252,1,20,17,20,7,-1,0,-17,-28,-29,-3,-8,-22,-12,please
7.824608325958252,-8,5,3,10,-3,-6,-11,-9,-38,-35,-21,-23,-36,-18,please
7.839734792709351,4,10,10,21,8,4,2,1,-11,-3,-6,-6,-15,3,please
7.839734792709351,6,4,17,24,0,7,12,4,10,1,0,-1,-3,10,please
7.8557634353637695,-13,-16,-7,5,-12,4,11,0,0,-14,-26,-27,-22,-14,please
7.8557634353637695,-41,-26,-34,-18,-10,2,7,-1,-18,-15,-49,-43,-39,-33,please
7.871082544326782,-43,-20,-29,-20,-10,9,11,0,-7,-4,-39,-27,-24,-22,please
7.871082544326782,-20,-16,-13,-4,-3,21,22,0,20,6,-17,-11,-6,-3,please
9.344650745391846,1,-11,-9,-21,-7,-2,-10,-1,0,-16,-2,2,-1,-9,please
9.344650745391846,-6,-24,-16,-41,-11,-16,-9,-8,-8,-10,-6,2,0,-17,please
9.359320878982544,-9,-20,-11,-21,-16,-24,-16,-8,-17,-11,0,10,0,-8,please
9.359320878982544,0,0,2,8,-16,-17,-27,-6,-14,-17,-1,22,0,-2,please
9.37543511390686,16,12,8,15,2,-8,-25,-7,-2,0,3,28,13,-1,please
9.37543511390686,24,17,21,18,14,6,-8,1,6,22,27,41,29,11,please
9.390054702758787,18,16,22,19,0,9,0,10,6,15,36,39,27,22,please
9.406600952148438,4,13,5,0,-10,-11,-18,0,-3,-5,16,16,14,8,please
9.406600952148438,-1,11,-1,-9,-3,-21,-30,-10,-6,-8,1,4,10,-6,please
9.406600952148438,2,15,5,1,-1,-8,-13,-3,0,-8,9,8,10,1,please
9.424722671508787,13,18,13,4,-1,-1,0,1,0,-8,7,2,5,12,please
9.424722671508787,11,11,0,-3,5,1,4,1,2,10,-5,-12,-1,4,please
9.437375545501707,-6,3,-2,-6,9,17,15,3,7,22,-1,-15,-10,-2,please
9.437375545501707,-18,0,-3,-4,6,24,22,1,0,-3,0,-18,-16,-6,please
9.4524507522583,-19,-8,-20,-9,2,6,9,-7,-12,-30,-26,-31,-29,-24,please
9.467719316482544,-19,-9,-8,-3,2,-3,-3,-7,-23,-25,-36,-34,-43,-33,please
9.467719316482544,-10,-3,10,11,9,9,8,0,-24,-7,-17,-26,-31,-13,please
9.48478937149048,0,-9,3,7,11,18,30,1,-5,0,-11,-20,-12,0,please
9.48478937149048,0,-13,-1,1,4,11,37,6,8,7,-10,-14,-5,0,please
9.48478937149048,-7,-13,3,10,0,5,24,13,6,12,-6,-10,-2,5,please
9.498512029647827,-17,-20,-2,4,0,9,6,13,10,5,-14,-12,0,6,please
9.513688802719116,-13,-17,-6,-3,-8,7,4,6,25,24,-1,-5,10,9,please
9.513688802719116,2,-5,4,6,-19,-6,-1,2,24,43,28,18,32,22,please
9.528704643249512,8,-5,-1,1,-19,-18,-16,3,8,12,24,33,33,19,please
9.528704643249512,13,-1,-12,-18,-11,-19,-10,2,4,-17,16,32,25,5,please
9.544726371765137,30,21,11,-5,-2,-17,-3,0,9,-3,40,44,30,11,please
9.544726371765137,29,34,23,17,4,-10,-12,-2,0,-3,41,46,26,14,please
9.55988097190857,11,24,5,14,8,-1,-18,-10,-19,-30,8,22,-1,-2,please
9.55988097190857,2,14,6,11,14,4,-9,-7,-19,-23,-8,0,-17,-11,please
9.575355052947998,-2,7,2,19,13,6,-1,-7,-5,1,-13,-14,-14,-3,please
9.575355052947998,-8,0,-4,7,2,7,-7,-10,-3,3,-23,-19,-13,3,please
9.591360092163086,-5,-4,-9,-9,2,9,-5,0,7,10,-31,-19,-11,3,please
9.591360092163086,-2,-11,-18,-16,7,6,5,8,27,16,-35,-22,-5,0,please
9.60692310333252,-1,-21,-19,-26,-2,-4,0,2,17,-1,-21,-13,-5,-12,please
9.60692310333252,-2,-16,-17,-31,-13,-19,-21,-8,-6,-21,3,-6,-10,-29,please
9.622085809707642,-11,0,-6,-19,-8,-17,-29,-10,-18,-22,7,-18,-16,-34,please
9.622085809707642,-12,5,4,1,0,5,-4,-2,-19,-6,2,-18,-12,-18,please
9.637613296508787,-3,4,9,16,2,15,18,3,-14,11,8,0,-2,0,please
9.637613296508787,-4,1,11,18,1,4,17,0,-11,10,0,2,-5,5,please
9.652926445007324,-7,-7,0,10,-5,-1,16,-2,-12,0,-9,-7,-10,6,please
9.652926445007324,-5,-15,-6,-2,-10,-1,16,3,-1,2,-4,-1,0,8,please
9.668833017349243,1,-6,-3,-10,-4,-5,4,8,19,7,6,13,18,9,please
9.668833017349243,14,9,-2,-3,2,-9,-1,5,23,6,19,21,28,17,please
9.684446334838867,16,13,4,0,0,-11,-4,0,3,1,24,25,26,22,please
9.684446334838867,4,9,9,-8,-6,-14,-15,-5,-15,-8,14,17,14,6,please
9.699644327163696,0,12,11,-6,-2,-14,-29,-8,-22,-18,8,5,-5,-12,please
9.699644327163696,1,14,15,9,5,1,-22,-6,-21,-16,9,3,-12,-10,please
9.715081453323364,-1,10,10,14,9,20,2,2,-12,0,3,2,0,0,please
9.715081453323364,-2,8,9,12,18,32,26,14,5,24,-1,-1,0,7,please
9.7307710647583,0,0,5,18,20,36,35,15,25,35,-2,-12,-6,7,please
9.7307710647583,-3,-15,-3,6,5,19,29,6,22,22,-16,-19,-11,0,please
9.746371507644652,-12,-20,-15,-12,-1,8,27,2,11,7,-29,-20,-12,-3,please
9.746371507644652,-15,-18,-21,-14,1,17,25,4,17,8,-21,-22,-2,2,please
9.76176643371582,-4,-16,-10,-10,-7,5,6,4,24,0,-12,-19,2,2,please
9.76176643371582,9,-12,-2,-9,-22,-21,-3,-1,16,-13,-11,-9,1,-2,please
9.776724338531494,10,-11,-2,-6,-19,-26,-7,-4,5,-17,-5,8,6,1,please
9.776724338531494,7,-6,-3,-5,-10,-21,-22,-4,-2,-14,5,18,12,2,please
9.79172158241272,10,1,-7,-5,-7,-25,-31,-7,-13,-21,14,16,7,-4,please
9.807781219482422,12,7,6,-2,-1,-22,-29,-4,-17,-28,16,20,1,-6,sil
9.807781219482422,15,19,13,8,5,-13,-23,-1,-8,-15,22,29,7,1,sil
9.807781219482422,12,31,6,18,13,0,-18,-5,-1,-1,25,23,11,0,sil
9.823680639266968,0,22,12,15,18,11,-12,-5,-2,0,11,4,-1,-12,sil
9.823680639266968,-13,5,9,10,8,5,-3,-4,-6,10,-2,-8,-13,-16,sil
9.83938193321228,-13,5,3,8,0,6,3,-2,-12,23,-2,-6,-8,1,sil
9.855462312698364,-7,9,6,18,5,19,12,1,-10,12,1,-1,-4,12,sil
9.855462312698364,-5,3,5,22,7,16,20,1,0,-1,-4,-7,-15,0,sil
9.855462312698364,-8,-2,-3,0,2,13,27,3,6,8,-10,-17,-16,-2,sil
9.869487762451172,-12,-12,-17,-17,0,14,27,7,5,26,-16,-27,-8,2,sil
9.885365962982178,-18,-24,-22,-16,-11,-6,3,0,-5,5,-30,-26,-13,-6,sil
9.885365962982178,-15,-24,-23,-24,-21,-20,-11,-7,-12,-28,-29,-21,-13,-18,sil
9.901172637939451,-3,-14,-17,-27,-7,-4,-1,0,-3,-19,-12,-8,4,-3,sil
9.901172637939451,0,-11,-7,-15,4,1,0,5,2,6,-4,4,14,14,sil
9.917027950286863,1,-16,-10,-13,-6,-17,-16,-3,0,0,-1,8,14,11,sil
9.917027950286863,17,-9,0,-18,-13,-28,-24,-7,-4,-13,11,15,21,1,sil
9.932486772537231,27,8,15,-5,-1,-17,-14,1,-2,-2,28,26,25,1,sil
9.932486772537231,16,13,15,6,7,-4,-6,7,2,7,34,27,18,8,sil
9.948596954345703,11,10,22,9,5,1,-5,7,3,3,35,28,15,8,sil
9.948596954345703,13,15,21,15,2,4,-5,2,-2,-2,30,24,7,2,sil
9.96375846862793,2,24,13,18,9,11,-1,-1,-8,-5,3,7,-16,-4,sil
9.96375846862793,-2,29,18,28,20,24,16,2,0,3,-11,-3,-15,-3,sil
9.979538679122925,2,23,20,41,19,28,31,4,14,14,6,-3,6,3,sil
9.979538679122925,-9,1,6,23,0,23,23,-2,8,6,0,-12,-5,0,sil
9.994568109512327,-23,-14,-16,0,-8,19,22,0,0,5,-33,-31,-27,-8,sil
9.994568109512327,-11,-15,-17,-3,0,16,32,9,21,20,-28,-26,-12,0,sil
10.009837627410889,0,-19,-12,-11,-2,4,21,5,36,13,-11,-15,2,7,sil
10.009837627410889,-8,-27,-18,-30,-20,-17,-5,-9,10,-15,-25,-23,-8,-3,sil
10.025356769561768,-1,-15,-12,-25,-13,-24,-18,-6,-5,-15,-20,-13,-9,-9,sil
10.025356769561768,11,5,-7,-3,9,-13,-11,6,9,6,6,9,10,4,sil
10.047311782836914,9,12,-5,-9,7,-19,-18,6,3,-1,8,13,14,4,sil
10.047311782836914,5,8,0,-23,-13,-30,-30,-5,-19,-15,5,8,0,-8,sil
10.047311782836914,4,6,2,-4,-6,-17,-21,-12,-18,-6,17,8,-8,-13,sil
10.056865215301514,-6,7,6,15,15,10,-2,-6,-17,-9,7,0,-14,-8,sil
10.07197880744934,-11,-2,3,10,15,27,11,0,-19,-8,-9,-10,-14,2,sil
10.07197880744934,-3,-15,0,0,3,20,16,4,-1,15,-1,-5,-3,16,sil
10.087616205215454,-8,-16,-8,-7,-4,0,2,2,8,17,0,-1,1,8,sil
10.087616205215454,-20,-15,-27,-19,-16,-13,-12,-6,-4,0,-11,-7,5,-6,sil
10.103413820266724,0,-12,-11,-15,-11,-10,-13,-1,-4,5,7,3,21,3,sil
10.103413820266724,21,0,12,0,1,-11,-9,1,4,11,33,29,30,14,sil
10.119587659835815,13,11,11,0,-3,-14,-18,-10,-12,-19,16,27,12,-7,sil
10.119587659835815,0,13,8,2,-3,-13,-27,-12,-28,-46,-2,8,-9,-28,sil
10.135069608688354,-2,13,9,15,9,-9,-17,-3,-15,-34,2,1,-14,-19,sil
10.135069608688354,-9,9,13,19,4,6,6,0,-8,-9,-10,-4,-18,-6,sil
10.150765895843506,-11,3,9,19,-3,32,28,4,-5,8,-29,-13,-15,-3,sil
10.150765895843506,3,7,6,29,6,37,35,11,10,22,-13,-2,2,7,sil
10.165989875793455,15,11,17,30,10,27,36,14,25,31,11,13,16,24,sil
10.165989875793455,10,5,12,15,-3,11,23,9,25,28,12,2,13,24,sil
10.181981801986694,4,-1,0,-3,-14,-3,4,6,23,13,1,-1,7,20,sil
10.181981801986694,13,-2,0,-3,-5,-8,6,12,27,9,6,11,17,25,sil
10.197739124298096,27,5,9,11,3,-7,7,11,22,15,17,19,22,22,sil
10.197739124298096,21,11,9,9,0,-10,-7,0,7,5,14,15,6,5,sil
10.213515758514404,0,-1,-13,-12,-4,-16,-13,-10,0,-5,6,9,0,-2,sil
10.213515758514404,-8,-13,-18,-28,0,-23,-17,-12,-10,-12,2,0,-1,-7,sil
10.228804349899292,0,2,-3,-18,2,-19,-23,-13,-27,-23,0,-5,-10,-17,sil
10.228804349899292,1,15,-2,-7,4,-5,-14,-10,-29,-21,1,-2,-8,-18,sil
10.244868516921995,-12,-3,-11,-18,9,2,-8,-1,-18,-8,-1,-12,-9,-16,sil
10.244868516921995,-31,-25,-28,-25,8,5,-11,-3,-13,-7,-22,-47,-30,-29,sil
10.260623693466188,-36,-23,-28,-13,9,14,1,-2,-3,0,-36,-59,-36,-30,sil
10.260623693466188,-25,-14,-14,-11,17,28,26,11,14,29,-28,-39,-16,-9,sil
10.276390314102173,-25,-26,-19,-29,11,22,21,9,13,27,-30,-38,-16,-10,sil
10.276390314102173,-40,-37,-26,-37,-8,5,1,-4,-3,-3,-40,-42,-30,-22,sil
10.292030334472656,-23,-24,-19,-27,-18,2,0,-3,-2,-3,-16,-13,-10,0,sil
10.292030334472656,11,-1,0,-19,-14,0,2,2,10,6,12,19,16,23,sil
10.307024478912354,16,7,7,-4,-12,-10,-4,0,17,-3,14,25,22,16,sil
10.307024478912354,14,13,15,16,-12,-17,-10,-2,16,-14,17,27,28,15,sil
10.322728157043455,35,26,36,27,-11,-21,-14,-6,4,-12,34,45,34,19,sil
10.322728157043455,43,40,43,37,-3,-20,-9,-4,-7,-2,45,54,32,11,sil
10.33881902694702,35,47,39,55,9,-9,0,5,-9,0,42,49,25,11,sil
10.33881902694702,32,43,45,69,16,-2,0,7,-8,-8,30,39,17,17,sil
10.353967189788818,21,23,37,60,16,1,0,2,-8,-2,20,26,10,8,sil
10.353967189788818,1,4,18,36,11,15,17,2,-6,3,2,9,0,2,sil
10.369401693344116,-3,-1,-2,23,5,29,30,2,-2,0,-15,-2,-10,8,sil
10.369401693344116,-2,-9,-12,8,3,26,28,5,0,9,-20,-7,-14,8,sil
10.384377717971802,-19,-21,-21,-20,-2,9,15,5,2,19,-21,-21,-15,-4,sil
10.384377717971802,-35,-35,-40,-44,-18,-9,-2,-5,0,2,-28,-36,-19,-16,sil
10.399595975875854,-24,-37,-39,-50,-22,-17,-19,-7,-7,-20,-29,-25,-19,-16,sil
10.399595975875854,-6,-22,-27,-41,-13,-13,-26,0,-2,-17,-15,-6,-4,-4,sil
10.415072917938232,1,-6,-11,-24,-5,-13,-32,0,8,2,7,6,9,0,sil
10.415072917938232,4,0,3,-15,0,-11,-36,-4,2,3,24,16,8,-9,sil
10.431050062179564,0,8,0,-11,4,-3,-23,-9,-16,-14,12,4,-3,-13,sil
10.431050062179564,0,17,4,-5,1,-1,-8,-10,-25,-23,-1,-7,-12,-9,sil
10.446751832962036,5,15,14,1,3,-5,3,0,-8,0,11,-1,-5,-8,sil
10.446751832962036,2,12,12,10,16,4,16,7,9,12,18,-8,-4,-5,sil
10.462754964828491,-5,8,6,15,16,16,18,0,1,-2,-13,-30,-19,-3,sil
10.462754964828491,-10,-4,-7,6,2,11,6,-8,-9,-6,-35,-41,-24,-9,sil
10.477866411209106,-9,-10,-9,-3,2,9,7,0,4,14,-17,-24,-8,0,sil
10.477866411209106,-3,-1,-2,5,8,16,27,12,25,35,0,-3,10,18,sil
10.493776798248293,-5,-7,-3,10,3,13,23,9,25,29,-8,-3,10,13,sil
10.493776798248293,-13,-12,-3,2,0,8,9,6,20,15,-7,-3,3,6,sil
10.509374380111694,1,0,-2,7,-1,3,16,11,29,19,9,12,17,21,sil
10.509374380111694,14,-3,0,5,-7,-3,12,9,31,15,11,20,27,18,sil
10.524988889694214,3,-18,-5,-20,-12,-5,-2,3,11,-4,2,10,17,0,sil
10.524988889694214,3,-8,-3,-26,-6,-9,0,0,-5,-9,9,15,13,3,sil
10.543012619018556,23,8,12,-5,-2,-20,-8,-4,-10,-6,14,26,15,8,sil
10.543012619018556,16,-1,2,-7,-10,-23,-30,-9,-17,-18,9,14,9,-3,sil
10.555033445358276,-10,-13,-11,-28,-13,-19,-31,-13,-28,-24,7,3,0,-15,sil
10.570425510406494,-9,0,-2,-15,0,-9,-10,-10,-24,-19,8,6,-1,-19,sil
10.570425510406494,2,21,9,17,8,0,-4,-6,-19,-27,-3,1,-10,-18,sil
10.586435079574583,-3,28,14,28,9,2,-7,-3,-21,-27,-9,-2,-19,-12,sil
10.586435079574583,-1,26,11,23,14,9,7,1,-8,0,4,0,-10,-3,sil
10.60210132598877,7,18,10,18,11,16,18,2,0,11,2,-6,-6,-1,sil
10.60210132598877,0,5,8,20,0,17,9,-1,-8,-3,-15,-14,-18,-1,sil
10.617639064788818,-5,-2,1,20,-1,15,7,-1,-1,3,-12,-8,-17,1,sil
10.617639064788818,0,-8,-2,4,0,11,7,8,16,23,0,2,-2,10,sil
10.633685827255247,1,-12,-8,-11,-8,2,0,9,25,19,0,2,4,17,sil
10.633685827255247,10,-3,-3,-8,-4,-8,-8,1,26,9,1,13,15,16,sil
10.648693323135376,22,7,9,0,6,-16,-11,-4,13,7,18,27,24,8,sil
10.648693323135376,14,5,12,0,0,-20,-21,-8,-11,-2,26,17,12,3,sil
10.664368867874146,3,4,14,3,-8,-16,-24,-6,-28,-22,11,5,-2,0,sil
10.664368867874146,-2,3,0,5,-1,-6,-11,-3,-28,-21,-3,-2,-5,-10,sil
10.679603338241575,-21,-19,-21,-9,0,5,4,-4,-20,-11,-12,-26,-16,-19,sil
10.679603338241575,-36,-31,-25,-16,0,19,24,4,-1,-6,-28,-44,-32,-20,sil
10.695028305053713,-29,-18,-21,-9,0,21,34,15,17,5,-42,-34,-31,-11,sil
10.695028305053713,-18,-18,-17,-14,-5,11,25,12,23,19,-34,-22,-18,1,sil
10.710994005203249,-10,-29,-15,-20,-2,5,18,5,24,15,-15,-15,-1,9,sil
10.710994005203249,0,-14,-4,-12,2,0,5,4,23,8,-9,-3,9,7,sil
10.726603746414185,7,8,5,-2,-6,-8,-17,3,17,16,0,7,17,6,sil
10.726603746414185,15,16,6,10,-6,-8,-23,0,7,18,27,18,32,8,sil
10.742346048355104,20,26,19,26,11,-3,-7,-6,-5,0,37,26,32,5,sil
10.742346048355104,8,36,17,29,18,4,4,-15,-16,-11,20,13,11,0,sil
10.757511377334597,-2,26,3,18,7,12,3,-14,-18,0,12,0,0,-3,sil
10.757511377334597,7,14,9,14,5,8,1,-1,-5,7,20,10,11,0,sil
10.772764682769775,19,13,11,12,6,-3,1,1,5,4,23,16,20,10,sil
10.772764682769775,8,0,3,-8,-1,-14,-5,1,-3,0,13,11,7,8,sil
10.788384437561035,-5,-20,-9,-26,-4,-10,-1,4,-8,-3,0,2,-2,-4,sil
10.788384437561035,-1,-10,-16,-19,0,4,16,3,9,-6,-9,1,-3,-5,sil
10.804467916488647,4,2,0,-11,-3,3,10,3,13,-1,-5,8,-4,4,sil
10.804467916488647,5,-11,10,-16,-11,-16,-8,4,0,7,0,9,-4,4,sil
10.81974959373474,4,-23,0,-23,-8,-20,-11,1,-5,-3,-7,2,-4,-1,sil
10.81974959373474,-5,-19,-11,-21,-10,-8,-8,-3,-2,-18,-22,-10,-13,-6,sil
10.835368633270264,-12,-16,-10,-12,-14,-9,-19,-3,-7,-11,-27,-21,-25,-9,sil
10.835368633270264,-6,-6,1,-7,-5,-3,-19,4,-10,-6,-17,-10,-18,-3,sil
10.850431442260742,0,4,2,8,4,16,0,2,0,-7,0,8,2,7,sil
10.850431442260742,5,5,6,26,7,15,7,-5,7,2,14,10,9,4,sil
10.866493940353394,11,11,7,28,6,-2,-2,-9,-5,1,14,0,0,-5,sil
10.866493940353394,8,19,4,24,5,-8,-6,-9,-14,-13,7,-4,-1,-6,sil
10.881661653518677,3,21,12,24,10,2,0,-5,-7,-6,7,-1,0,-4,sil
10.881661653518677,-5,14,0,14,8,5,5,-2,-10,0,0,-13,-11,-14,sil
10.897684812545776,-22,1,-19,-4,-3,-1,-4,-3,-18,-21,-17,-27,-24,-25,sil
10.897684812545776,-17,1,-10,1,1,5,-2,2,0,-8,-13,-17,-11,-14,sil
10.913506269454956,-2,7,2,12,14,17,22,10,21,25,1,-4,2,1,sil
10.913506269454956,-9,-2,-1,-4,0,13,21,8,11,13,-9,-3,-2,0,sil
10.92853832244873,-11,-15,-9,-16,-14,6,2,2,5,-3,-14,-4,-2,2,sil
10.92853832244873,3,-11,0,-7,-4,4,0,7,13,10,7,7,16,20,sil
10.943802118301392,4,-4,9,0,0,0,3,13,5,21,13,16,27,23,sil
10.943802118301392,0,0,3,0,0,-3,0,2,-4,13,0,13,15,11,sil
10.959359645843506,2,-3,1,-1,1,0,-2,-6,0,1,0,11,0,7,sil
10.959359645843506,9,-5,6,-2,0,5,0,-2,2,5,8,12,4,9,sil
10.97448205947876,14,3,13,8,5,13,8,0,-1,18,12,14,16,11,sil
10.989638328552246,12,8,12,17,12,8,19,0,8,17,8,9,12,12,sil
10.989638328552246,0,-7,-8,0,0,-10,10,0,21,6,0,-3,0,4,sil
10.989638328552246,-10,-20,-18,-20,-12,-14,-2,0,13,7,-11,-11,-6,-5,sil
11.00574016571045,-8,-15,-14,-19,-5,-3,2,0,2,0,-21,-13,-7,-10,sil
11.00574016571045,0,-3,-6,-11,-2,-9,6,0,2,-15,-9,-11,-2,-11,sil
11.022350311279297,0,7,0,-9,-8,-18,1,5,4,-2,13,-1,0,-5,sil
11.022350311279297,-5,0,-8,-16,-13,-15,-3,1,-4,2,3,-1,-4,-5,sil
11.036757707595823,-7,-6,-9,-20,-15,-10,-14,-9,-23,-30,-25,-9,-15,-10,sil
11.052842617034912,5,10,-5,-4,-5,-1,-10,-7,-25,-39,-7,-3,-13,-2,sil
11.052842617034912,15,12,-3,-2,7,2,-8,1,-11,-9,19,6,-4,8,sil
11.052842617034912,7,-1,2,-19,5,-2,-23,0,-4,-7,6,5,0,2,sil
11.068487882614136,7,5,2,-3,1,-4,-31,-4,0,-15,2,3,5,-4,sil
11.068487882614136,15,19,9,23,14,-4,-30,-2,0,0,27,15,7,-4,sil
11.0846209526062,10,15,19,25,23,-5,-22,-1,-1,9,39,21,13,-2,sil
11.085619688034058,1,11,21,22,11,-1,-11,0,-1,2,31,19,18,3,sil
11.100762367248535,-1,7,22,20,0,2,0,0,0,-4,9,9,6,2,sil
11.100762367248535,-6,-5,5,9,-2,6,13,0,-2,0,-13,-10,-7,-7,sil
11.115637302398682,-14,-12,-6,0,-2,9,19,4,-1,6,-20,-14,-7,-13,sil
11.115637302398682,-14,-2,-2,9,-4,8,16,5,0,2,-15,-7,-5,-12,sil
11.131870985031128,-5,3,2,16,-1,1,17,0,0,0,-18,-12,-3,-10,sil
11.131870985031128,-3,-3,-2,-4,2,4,17,0,1,10,-21,-12,-1,-3,sil
11.146805047988892,-6,-7,-10,-10,2,14,16,0,5,15,-9,-2,-1,6,sil
11.146805047988892,0,1,3,8,2,13,14,0,3,5,6,7,0,19,sil
11.161912441253662,3,4,8,9,0,7,3,0,0,6,4,7,-3,23,sil
11.177672147750854,-5,-6,-8,-10,0,12,1,-1,-1,8,-11,-3,-13,7,sil
11.177672147750854,-8,-12,-4,-6,0,20,16,0,-10,0,-17,-10,-18,-3,sil
11.192644357681274,0,-3,4,13,-6,10,17,3,-8,5,-1,-4,-7,10,sil
11.192644357681274,10,2,0,10,-3,-1,2,2,2,18,6,0,5,17,sil
11.208739042282104,11,-3,-9,-2,0,-5,6,0,8,10,-5,-8,3,-1,sil
11.208739042282104,0,-14,-17,-12,-5,-7,13,0,10,-1,-17,-23,-6,-15,sil
11.22477889060974,-12,-13,-11,-17,-9,-2,2,0,17,-5,-9,-14,-4,-9,sil
11.22477889060974,-13,-6,-12,-16,-4,0,-3,2,17,-14,0,0,4,-10,sil
11.240867376327516,-10,0,-12,-14,1,-8,-9,9,10,-17,2,2,9,-11,sil
11.240867376327516,-2,3,-3,-2,8,-12,-18,12,8,-2,0,4,11,0,sil
11.256434679031372,0,-4,-7,0,0,-14,-27,0,5,0,-3,2,5,1,sil
11.256434679031372,-6,-6,-9,-12,-16,-22,-27,-10,-6,-9,0,0,0,-3,sil
11.27156376838684,5,7,0,-8,-10,-12,-11,-6,-8,-2,13,12,14,9,sil
11.27156376838684,23,13,7,3,8,-5,-7,-3,-4,2,25,25,22,27,sil
11.286728382110596,20,3,6,-8,7,-13,-17,-4,-7,-8,18,16,7,14,sil
11.286728382110596,8,-2,1,-16,1,-15,-13,-5,-10,-9,9,2,0,-7,sil
11.30168890953064,8,4,7,-3,5,-3,-4,-2,-7,3,14,8,4,-7,sil
11.30168890953064,14,12,9,4,6,2,-6,1,-6,1,11,6,4,4,sil
11.317418336868286,10,11,17,3,4,0,-1,0,-13,-14,0,0,-4,1,sil
11.317418336868286,3,9,31,5,1,-2,13,-4,-13,-5,9,11,-2,-5,sil
11.332633972167969,5,10,20,7,0,3,17,-4,-5,9,16,10,0,-7,sil
11.332633972167969,0,4,10,8,0,11,9,0,-3,-4,-8,-10,-13,-9,sil
11.348731517791748,-6,0,8,19,4,15,14,5,1,-5,-13,-4,-12,-2,sil
11.348731517791748,-5,0,2,19,0,11,18,7,6,16,0,9,-3,1,sil
11.364589214324951,-10,-1,-3,4,-7,6,6,0,0,10,-11,-3,-11,-10,sil
11.364589214324951,-16,-2,-6,6,-1,12,2,-7,0,0,-11,-18,-11,-13,sil
11.379714250564575,-13,0,-1,13,7,22,0,0,2,9,1,-9,-3,-1,sil
11.379714250564575,-9,-1,-2,8,0,15,-4,8,5,9,-1,-7,-1,0,sil
11.395808219909668,-1,-8,-5,6,-7,0,-2,0,11,0,-3,-3,2,0,sil
11.395808219909668,13,-4,0,10,-1,1,-3,-3,6,-1,1,2,7,9,sil
11.411876678466797,15,2,-1,8,5,3,-10,0,3,6,0,-4,8,7,sil
11.411876678466797,0,2,-6,2,4,-3,-10,-2,0,9,-3,-11,4,-2,sil
11.42746353149414,-13,-3,-13,-2,0,-1,1,-7,-9,-8,-15,-15,-8,-4,sil
11.42746353149414,-14,-6,-22,-10,2,5,14,0,-5,-14,-23,-16,-16,0,sil
11.442760229110718,-13,-6,-16,-17,2,3,15,9,11,4,-7,-4,-5,0,sil
11.442760229110718,-17,-5,-15,-18,0,-2,9,9,12,9,0,0,0,2,sil
11.458808422088625,-15,-5,-13,-15,-5,-9,6,5,1,-6,-11,-4,0,0,sil
11.458808422088625,-8,-7,-11,-15,-5,-12,9,0,0,-4,-16,-4,-2,0,sil
11.474579811096191,-6,-11,-11,-14,-1,-8,8,0,2,7,-7,-2,-1,5,sil
11.474579811096191,7,0,4,-2,2,0,3,8,6,1,3,11,8,14,sil
11.490705251693726,18,3,8,-4,-3,-1,-7,4,2,-6,9,17,15,10,sil
11.490705251693726,7,-16,0,-24,-14,-14,-22,-8,-12,-6,3,1,4,-2,sil
11.506163358688354,7,-14,5,-11,-5,-13,-10,-5,-8,-8,3,3,3,-1,sil
11.506163358688354,22,5,11,7,2,-7,4,1,2,-17,7,17,7,8,sil
11.521413803100586,22,3,11,-9,-10,-11,-11,0,-1,-13,8,20,6,9,sil
11.521413803100586,23,0,15,-4,-11,-10,-19,-1,0,6,23,24,20,8,sil
11.53670883178711,24,12,24,25,6,-3,-3,-3,-3,3,26,22,19,0,sil
11.53670883178711,8,13,13,18,6,0,1,-7,-13,-9,10,4,0,-13,sil
11.551609754562378,-5,7,-2,0,-4,-2,-6,0,0,6,18,-4,0,-15,sil
11.551609754562378,-7,13,1,4,-1,-4,-12,3,9,20,23,0,4,-9,sil
11.567209005355837,-5,22,6,15,6,0,-4,-5,-1,11,8,-1,0,-6,sil
11.567209005355837,-2,23,7,15,13,10,1,-8,-3,5,6,0,-5,-4,sil
11.582384824752808,-9,9,2,2,17,17,0,0,-2,1,0,-11,-19,-10,sil
11.582384824752808,-24,-4,-11,0,16,19,3,-3,-7,-1,-21,-28,-26,-15,sil
11.598416805267334,-17,2,-3,15,14,18,0,-7,-7,0,-24,-21,-18,-6,sil
11.598416805267334,-1,12,8,26,8,12,-5,0,-2,-6,-13,-9,-16,2,sil
11.614479780197144,-4,-2,4,8,2,11,5,3,-6,-9,-19,-9,-22,4,sil
11.614479780197144,-10,-18,-5,-9,0,22,28,2,0,7,-30,-16,-17,7,sil
11.63013482093811,-2,-15,-14,-8,0,16,26,12,20,16,-25,-16,0,11,sil
11.63013482093811,0,-12,-10,-5,-7,-1,8,19,27,4,-10,-1,12,12,sil
11.645329475402832,-1,-21,-9,-12,-14,-13,2,9,16,0,0,8,16,6,sil
11.645329475402832,-1,-22,-13,-20,-16,-18,-3,0,6,1,2,8,12,1,sil
11.661382913589478,0,-11,-5,-12,-11,-14,-10,5,3,-2,3,10,10,0,sil
11.661382913589478,0,-4,-8,2,-6,-8,-4,2,0,-9,7,5,10,-1,sil
11.677396535873411,-1,0,-7,0,-5,-11,0,-4,-2,-6,14,6,10,0,sil
11.677396535873411,0,2,0,-11,-5,-8,6,-1,4,5,23,17,19,6,sil
11.693423748016356,10,3,6,-4,-4,-3,9,-3,-1,6,19,22,20,8,sil
11.693423748016356,11,3,13,6,-5,-9,0,-12,-25,-10,7,17,0,-2,sil
11.708675146102903,0,4,8,11,-6,-11,-13,-15,-33,-24,-1,0,-18,-15,sil
11.708675146102903,0,10,8,12,-4,-6,-18,-11,-22,-20,-5,-1,-9,-10,sil
11.724363565444946,16,17,17,15,2,0,-9,-3,-7,1,10,22,9,7,sil
11.724363565444946,24,18,20,18,11,10,1,5,0,17,32,33,17,16,sil
11.740410566329956,16,16,19,16,16,10,1,5,-4,1,24,16,7,14,sil
11.740410566329956,7,11,6,4,14,1,-4,-5,-12,-12,0,-2,-4,6,sil
11.756445169448853,1,3,-5,-8,11,9,0,-7,-5,-3,-17,-15,-17,-8,sil
11.756445169448853,-7,-1,-12,-7,10,26,13,6,15,6,-21,-27,-23,-10,sil
11.77247142791748,-23,-12,-21,-5,2,18,19,15,28,11,-26,-37,-16,-1,sil
11.77247142791748,-24,-18,-23,-4,0,8,20,10,27,19,-42,-47,-14,-7,sil
11.788509368896484,-10,-11,-21,0,8,10,20,6,32,32,-41,-44,-9,-5,sil
11.788509368896484,-5,-7,-19,-21,0,-1,7,12,42,32,-5,-15,14,14,sil
11.803804159164429,-11,-14,-23,-52,-20,-27,-13,7,31,2,8,-1,22,7,sil
11.803804159164429,-14,-19,-32,-50,-20,-43,-28,-11,-5,-32,-16,-18,-5,-22,sil
11.819522857666016,-10,-17,-17,-39,-12,-39,-35,-16,-30,-35,-17,-12,-12,-26,please
11.819522857666016,-1,-7,1,-31,-10,-19,-28,-3,-14,-17,16,14,10,-14,please
11.834809064865112,2,5,12,-6,3,-2,-18,0,-5,-5,26,21,5,-19,please
11.834809064865112,-2,12,9,16,16,1,-16,-8,-29,-4,10,8,-17,-21,please
11.850340843200684,-1,13,11,23,8,6,-12,-11,-37,-13,1,3,-17,-6,please
11.850340843200684,14,17,38,34,-1,14,0,-2,-18,-21,4,18,0,9,please
11.865856885910034,19,11,39,44,-5,17,11,0,-8,-7,13,25,11,17,please
11.865856885910034,0,0,14,31,-6,18,9,-4,-13,4,17,19,9,10,please
11.881534337997437,-7,1,14,30,2,20,14,1,-3,10,20,22,9,7,please
11.881534337997437,7,14,24,43,14,23,33,15,19,27,31,28,19,28,please
11.896567583084106,18,21,31,38,11,25,44,23,27,39,31,26,22,38,please
11.911925554275513,22,22,27,33,8,21,38,15,23,33,24,19,18,26,please
11.911925554275513,25,15,9,27,12,9,26,0,15,15,13,13,10,19,please
11.911925554275513,7,0,-7,1,1,-4,1,-7,-8,-4,-8,5,-14,10,please
11.92841863632202,-4,-7,-13,-17,-19,-21,-20,-16,-30,-22,-25,-3,-29,-8,please
11.92841863632202,6,-2,-8,-14,-16,-25,-20,-14,-17,-25,-17,-8,-17,-8,please
11.943691492080688,5,-10,-16,-17,0,-11,-6,1,10,-5,-8,-9,-4,1,please
11.943691492080688,-20,-34,-33,-30,-6,-9,-8,5,8,12,-20,-23,-12,-7,please
11.9593346118927,-35,-37,-39,-30,-14,-13,-9,-3,-6,3,-27,-40,-17,-22,please
11.9593346118927,-29,-24,-43,-29,-4,-9,0,-4,1,-4,-12,-38,0,-23,please
11.97540521621704,-26,-23,-34,-40,4,-4,0,5,20,1,-9,-27,15,-23,please
11.97540521621704,-21,-17,-24,-38,3,0,-7,10,23,1,-22,-28,13,-17,please
11.990636110305786,7,5,-7,-17,-2,-4,-16,2,17,-11,-20,-13,12,2,please
12.0057373046875,41,22,24,0,0,-10,-17,0,18,-15,0,23,21,17,please
12.0057373046875,39,17,27,2,4,-11,-12,2,14,-3,4,25,19,10,please
12.021374702453612,12,4,4,-10,-2,-11,-17,-2,-5,0,-9,3,0,-4,please
12.021374702453612,4,7,0,-16,-6,-8,-19,-8,-18,-9,-2,3,-6,-6,please
12.021374702453612,4,21,14,3,6,0,-8,-11,-24,-24,12,13,-7,-11,please
12.036809206008911,-9,19,19,19,11,4,-1,-10,-35,-20,7,8,-19,-20,please
12.054400205612184,-19,6,4,20,4,9,6,0,-29,7,16,3,-12,-7,please
12.054400205612184,-18,4,2,18,5,13,12,3,-14,13,25,6,-3,5,please
12.054400205612184,-18,4,5,15,2,12,6,0,-10,-6,7,-1,-16,-2,please
12.068445444107056,-8,5,6,19,0,12,12,4,0,0,2,-6,-16,-4,please
12.083767414093018,0,9,13,32,11,17,23,7,15,27,14,-1,3,7,please
12.083767414093018,-12,-2,3,30,6,21,21,0,16,25,3,-11,0,4,please
12.10151505470276,-16,-16,-7,6,-2,18,22,5,10,8,-10,-15,-14,-1,please
12.10151505470276,2,-9,-4,1,4,13,30,10,11,14,-3,0,0,9,please
12.10151505470276,7,-4,-4,7,6,12,23,0,8,23,0,0,10,21,please
12.114546537399292,0,-10,-2,-1,-3,5,6,0,8,9,-4,-2,4,21,please
12.129689455032349,18,-7,0,-11,-5,-14,-4,5,19,-8,2,13,16,21,please
12.129689455032349,31,-3,3,-12,-1,-26,-18,1,15,-11,12,20,22,13,please
12.145139694213867,11,-10,-2,-14,-4,-13,-23,-3,-1,-2,6,4,8,-3,please
12.145139694213867,-6,-13,-17,-20,-12,-8,-17,-9,-7,-3,-7,-4,1,-6,please
12.16039490699768,-6,-10,-10,-24,-17,-15,-13,-5,-3,-16,-12,1,2,0,please
12.16039490699768,0,-13,-4,-22,-15,-11,-11,0,-6,-17,-7,0,0,-7,please
12.175573110580444,10,-11,-4,-25,-10,-8,-18,-2,-15,-11,-7,0,0,-12,please
12.175573110580444,19,9,7,-20,-4,-18,-19,0,-6,-8,-4,7,2,-3,please
12.191605806350708,15,24,17,4,0,-22,-12,3,4,-11,3,10,0,-1,please
12.191605806350708,5,20,18,17,-1,-12,-10,-2,-7,-21,2,6,-4,-9,please
12.206768274307253,-1,18,10,14,1,1,-3,-6,-13,-10,4,5,0,-11,please
12.206768274307253,-4,22,8,23,14,12,4,0,0,13,13,11,1,-4,please
12.222875356674194,-7,17,13,32,17,19,0,1,-3,12,10,2,-9,-4,please
12.222875356674194,-13,3,3,17,10,18,4,-2,-17,-2,-6,-20,-19,-10,please
12.238412380218506,-14,-2,-6,2,8,16,17,0,-15,-2,-10,-19,-15,-5,sil
12.238412380218506,-5,0,-9,11,11,18,18,-1,-5,4,-4,-2,-4,1,sil
12.253677129745483,-1,4,-6,17,12,14,13,-6,1,7,-9,-1,-4,2,sil
12.253677129745483,-2,2,-2,9,12,8,19,5,19,25,-4,-1,-1,12,sil
12.269226312637327,0,-4,-9,3,5,6,25,18,36,46,16,3,18,22,sil
12.269226312637327,0,-14,-10,-3,-3,3,17,14,27,39,21,3,29,19,sil
12.284657955169678,-2,-16,-12,-13,-12,-2,10,3,12,17,6,2,20,17,sil
12.284657955169678,-4,-18,-15,-23,-15,-9,0,-2,16,3,-6,-3,8,11,sil
12.300503730773926,-6,-20,-5,-32,-9,-7,-6,1,16,-4,-15,-14,3,-2,sil
12.300503730773926,-3,-11,-1,-25,-5,-7,-4,0,5,-10,-13,-15,1,-11,sil
12.315884113311768,-1,-5,-4,-22,-15,-22,-15,-9,-11,-25,-8,-4,-4,-11,sil
12.315884113311768,-2,-12,-13,-31,-22,-31,-31,-11,-25,-44,-9,-3,-11,-16,sil
12.3318772315979,-2,-10,-13,-22,-16,-23,-27,-5,-25,-46,-10,-8,-15,-24,sil
12.3318772315979,-1,3,3,1,-8,-12,-20,-4,-17,-34,-5,-5,-18,-24,sil
12.347414493560793,1,9,10,13,1,0,-14,0,-9,-17,5,-3,-11,-9,sil
12.347414493560793,1,6,9,15,10,11,-9,3,-7,-4,15,3,0,-2,sil
12.36277675628662,-3,12,9,18,13,17,-9,0,-13,0,14,9,-1,-7,sil
12.36277675628662,1,20,10,22,17,17,-4,-2,-16,3,7,10,-10,0,sil
12.378666639328005,10,16,19,22,20,22,3,-2,-14,9,0,4,-15,7,sil
12.378666639328005,6,10,16,25,18,28,12,-7,-9,16,-7,-8,-15,0,sil
12.394206762313845,9,18,13,31,15,26,28,2,4,22,-6,0,-3,12,sil
12.394206762313845,15,10,10,26,4,14,41,19,18,26,0,18,12,33,sil
12.40932321548462,0,-14,-7,4,-9,-6,26,8,17,22,0,10,15,20,sil
12.40932321548462,-7,-15,-13,-11,-10,-18,9,-3,22,22,0,2,14,5,sil
12.424480438232422,2,-5,-6,-16,-4,-12,10,1,33,24,8,12,21,8,sil
12.424480438232422,2,-11,-3,-26,-5,-9,0,3,18,8,7,9,15,5,sil
12.43998646736145,1,-9,0,-28,-3,-15,-17,-4,-3,-12,0,3,3,0,sil
12.455519676208496,15,9,9,-16,5,-18,-20,-6,-5,-14,8,11,6,-1,sil
12.455519676208496,18,19,21,-2,4,-15,-14,0,1,-7,26,19,14,-2,sil
12.456521034240724,9,16,14,17,0,-9,-4,0,0,-6,28,13,14,-5,sil
12.470695734024048,3,12,7,30,0,2,7,1,-10,-10,14,7,6,-2,sil
12.470695734024048,-2,1,2,18,0,21,14,3,-9,-7,-5,-5,-2,4,sil
12.486255168914797,-16,-17,-18,-2,-9,18,10,0,3,-1,-26,-24,-9,2,sil
12.501816272735596,-29,-25,-31,-17,-12,5,7,1,9,3,-31,-29,-15,-5,sil
12.501816272735596,-27,-18,-28,-15,-2,8,9,4,14,14,-21,-23,-10,0,sil
12.51735234260559,-17,-19,-25,-13,-2,0,-7,-1,8,8,-17,-17,-3,2,sil
12.51735234260559,-17,-19,-20,-22,-12,-25,-36,-6,-16,-12,-17,-13,-5,-13,sil
12.53341031074524,-8,0,-8,-15,-9,-23,-39,-7,-24,-21,-5,-2,-5,-19,sil
12.53341031074524,10,15,11,0,0,-4,-26,-9,-19,-25,2,9,-5,-15,sil
12.54955005645752,9,8,6,-1,0,-3,-17,-8,-26,-31,0,1,-13,-19,sil
12.54955005645752,0,4,0,1,-1,-4,-5,-4,-20,-19,5,-5,-17,-14,sil
12.565353393554688,5,19,22,24,10,12,11,3,1,3,21,5,-7,2,sil
12.565353393554688,9,22,23,27,16,23,20,8,7,14,14,1,-3,7,sil
12.565353393554688,1,1,1,6,5,13,18,5,-1,11,-11,-12,-10,5,sil
12.580669403076172,0,-10,-4,0,0,9,17,6,4,13,-13,-4,-1,13,sil
12.596871376037598,4,-10,0,-2,0,14,18,13,26,25,2,1,12,21,sil
12.596871376037598,4,-11,-2,-13,0,10,21,10,40,28,0,-2,11,16,sil
12.611956357955933,0,-10,-11,-15,1,-2,13,-1,27,5,-9,-2,5,0,sil
12.611956357955933,5,0,0,-10,4,-9,-5,-2,11,-10,6,14,12,-4,sil
12.62940502166748,18,17,11,-10,2,-11,-14,0,6,5,33,28,24,0,sil
12.629815816879272,14,24,8,-7,4,-17,-10,-6,-11,11,19,14,14,-2,sil
12.643462896347046,-2,14,5,9,8,-9,-9,-5,-32,-11,-17,-12,-13,-12,sil
12.643462896347046,-4,3,1,25,7,7,-4,-1,-25,-18,-18,-15,-18,-7,sil
12.658666610717772,-3,3,1,16,3,8,2,0,-20,-7,-2,0,-5,0,sil
12.658666610717772,-10,-3,0,3,0,5,12,0,-21,0,-10,0,-3,0,sil
12.674569129943848,-13,-22,-8,0,-10,7,18,-1,-6,12,-15,-9,-4,4,sil
12.674569129943848,-10,-29,-6,-4,-15,0,10,-3,4,14,-6,-8,0,9,sil
12.6897451877594,-1,-20,-2,-5,-8,-3,0,-2,8,1,2,0,8,7,sil
12.690101861953735,5,-7,2,0,2,0,0,1,19,-2,16,19,17,8,sil
12.705728769302368,6,0,1,-2,0,-4,-4,6,26,0,23,32,24,9,sil
12.705728769302368,5,0,-4,-7,-9,-19,-12,6,17,-5,15,22,17,3,sil
12.720762729644775,8,10,6,-2,-6,-16,-18,0,5,-19,13,18,4,2,sil
12.720762729644775,11,20,15,5,0,-8,-21,-1,2,-21,24,22,0,0,sil
12.736376523971558,5,14,13,9,-2,-9,-27,-5,-7,-16,21,16,-4,-7,sil
12.736376523971558,0,7,16,17,-4,-9,-24,-7,-26,-17,12,9,-15,-8,sil
12.75155472755432,4,17,21,28,2,-2,-7,-5,-23,-12,10,1,-15,-5,sil
12.75155472755432,2,24,21,27,9,9,6,-1,-3,2,4,-15,-11,-10,sil
12.767061233520508,-6,10,0,20,8,23,17,0,8,19,-3,-22,-10,-9,sil
12.767061233520508,-6,-2,-11,11,3,26,27,3,9,25,-7,-13,-8,5,sil
12.782715797424316,-3,-2,-8,-1,-1,15,22,5,7,21,-21,-20,-6,9,sil
12.782715797424316,-11,-10,-23,-17,-6,1,8,0,7,16,-37,-31,-8,0,sil
12.798838138580322,-13,-24,-30,-30,-5,0,4,2,9,14,-39,-22,-3,0,sil
12.798838138580322,-6,-20,-28,-32,0,5,12,7,9,12,-38,-17,6,9,sil
12.814712762832642,-6,-12,-24,-30,6,-2,9,7,4,2,-34,-23,9,5,sil
12.814712762832642,-5,-13,-16,-38,2,-10,-4,0,0,-7,-19,-20,3,-7,sil
12.829609870910645,4,-6,-17,-39,0,0,-7,-4,-8,-11,-3,-10,0,-13,sil
12.829609870910645,4,-2,-15,-28,7,8,0,0,-4,-9,0,-6,1,-10,sil
12.844818592071531,-14,-11,-17,-23,6,0,0,1,4,-11,-1,-17,0,-15,sil
12.844818592071531,-23,-9,-14,-17,0,-11,-12,-9,-8,-21,-4,-23,-15,-26,sil
12.860718488693236,-9,4,5,0,4,-7,-16,-10,-23,-20,2,-3,-24,-24,sil
12.860718488693236,1,8,16,17,10,0,-7,-3,-16,-5,19,13,-9,-9,sil
12.876728057861328,0,8,24,40,4,6,2,1,-8,0,23,19,0,3,sil
12.876728057861328,8,12,30,50,0,15,21,8,3,12,23,23,4,22,sil
12.89284896850586,20,4,24,28,-4,11,29,7,19,36,27,29,16,40,sil
12.89284896850586,21,-3,21,9,-17,-2,7,0,15,24,25,38,23,33,sil
12.90901780128479,18,0,16,16,-21,-13,-10,-6,8,-3,21,36,21,12,sil
12.90901780128479,20,8,13,9,-7,-19,-12,-3,7,-5,27,36,17,7,sil
12.924891471862791,17,12,19,0,3,-15,-15,0,0,0,24,30,5,6,sil
12.924891471862791,11,21,31,26,0,-6,-21,-8,-13,-13,8,13,-6,0,sil
12.94033932685852,9,22,26,48,-2,-2,-13,-7,-11,-17,4,9,0,4,sil
12.94033932685852,2,3,-1,24,2,1,4,6,5,6,4,5,13,12,sil
12.955889225006104,-17,-20,-19,-16,-5,6,16,9,14,18,-20,-12,3,7,sil
12.955889225006104,-23,-30,-32,-32,-21,-1,9,-3,10,0,-40,-23,-9,-4,sil
12.970980644226074,-7,-20,-35,-35,-14,-13,-9,-4,4,-12,-28,-11,-7,-12,sil
12.970980644226074,1,-1,-12,-36,5,-9,-22,1,-3,-12,-5,2,-1,-18,sil
12.986618280410768,0,13,0,-16,16,0,-17,-2,-18,-12,10,2,0,-22,sil
12.986618280410768,-4,24,4,6,21,0,-10,-2,-18,-13,10,-5,-2,-20,sil
13.00180459022522,-5,23,3,9,15,2,-2,8,0,-3,0,-17,-4,-15,sil
13.00180459022522,-7,6,2,2,2,7,6,7,-1,-1,-4,-26,-4,-11,sil
13.01849102973938,-8,0,7,3,7,15,13,-2,-24,-13,-9,-23,-13,-7,sil
13.01849102973938,-12,0,-6,4,8,17,15,-3,-26,-9,-17,-22,-21,-6,sil
13.033579349517822,-19,-14,-19,-5,-4,7,13,2,-9,8,-22,-29,-20,-4,sil
13.033579349517822,-16,-18,-13,-11,0,9,15,5,8,17,-14,-28,-9,2,sil
13.04862356185913,0,-5,-10,-1,12,18,21,2,27,23,2,-12,3,9,sil
13.04862356185913,12,4,2,9,-3,16,17,1,32,21,8,7,7,12,sil
13.063963890075684,19,7,14,18,-9,10,8,3,17,11,0,11,3,19,sil
13.063963890075684,14,-2,3,10,1,0,2,2,0,4,-8,3,0,16,sil
13.079331874847412,-3,-22,-16,-17,-6,-6,3,-1,0,3,-11,-2,0,0,sil
13.079646825790403,-12,-25,-24,-29,-13,-3,8,-5,12,6,-1,0,7,-2,sil
13.095382928848268,1,-6,-5,-10,2,-5,7,-2,17,17,12,12,24,8,sil
13.095382928848268,18,6,14,11,6,-19,-5,0,7,22,14,26,30,23,sil
13.110618829727173,21,4,19,12,-6,-24,-21,1,2,4,6,29,18,29,sil
13.110618829727173,15,-2,9,0,-13,-14,-22,1,6,-11,0,19,4,17,sil
13.125965118408203,0,-10,-8,-17,-10,-9,-13,-5,0,-21,-8,3,-12,-6,sil
13.125965118408203,-14,-9,-8,-23,-1,-5,-10,-9,-18,-33,-12,-7,-36,-24,sil
13.141974925994871,-16,5,-3,-2,4,4,-7,-1,-21,-22,2,-13,-28,-24,sil
13.15761923789978,-3,11,0,14,0,11,-5,4,-11,10,21,-4,4,-9,sil
13.15761923789978,9,2,5,0,-3,4,-7,2,-1,17,22,11,18,-2,sil
13.15761923789978,2,-3,2,-15,-3,-12,-12,0,1,-7,4,8,6,-11,sil
13.172986030578612,-9,3,3,2,-6,-14,-10,0,0,-21,-2,5,-3,-9,sil
13.172986030578612,0,12,9,20,0,1,3,5,5,-2,15,16,9,2,sil
13.189338445663452,4,14,10,9,7,7,11,2,7,7,26,19,23,0,sil
13.189338445663452,-7,10,10,-2,1,1,0,0,-6,-8,13,3,11,-9,sil
13.204423666000366,1,11,6,7,8,-3,-4,-6,-24,-22,3,-6,-3,-1,sil
13.204423666000366,19,19,12,18,15,-10,-4,-12,-35,-23,-1,0,-6,2,sil
13.22056007385254,3,17,8,13,0,-8,-12,-11,-33,-21,-15,-7,-10,-14,sil
13.22056007385254,-16,5,-6,5,-4,7,-1,0,-11,-12,-18,-27,-17,-22,sil
13.235679149627686,-8,0,-4,1,12,15,27,11,19,11,-9,-18,-8,-1,sil
13.251097440719604,-4,-8,-6,-3,7,5,27,7,24,27,-7,-3,8,11,sil
13.251097440719604,-17,-21,-12,-14,-11,0,0,-3,-4,8,-19,-15,-6,1,sil
13.251097440719604,-14,-15,-9,-11,-6,7,-3,-6,-21,-14,-32,-25,-32,-6,sil
13.268752813339232,2,-3,-3,3,9,13,3,0,-1,-5,-29,-12,-28,0,sil
13.268752813339232,10,0,3,13,7,15,7,4,19,16,-7,1,-7,9,sil
13.282567977905272,9,-2,2,9,0,14,14,6,26,28,15,5,0,18,sil
13.29933214187622,8,-5,1,0,-2,1,11,8,19,19,14,9,-2,15,sil
13.29933214187622,10,0,1,5,1,1,4,8,10,13,11,10,0,7,sil
13.29933214187622,14,5,7,20,8,13,8,0,9,21,19,8,12,16,sil
13.314367532730104,10,-4,12,11,4,1,0,-2,14,21,15,16,16,25,sil
13.314367532730104,1,-14,-2,-6,-6,-17,-9,2,23,19,7,18,21,16,sil
13.329532384872437,0,-2,-4,-3,-4,-10,-2,7,26,20,15,10,33,10,sil
13.345639944076538,0,5,0,1,1,-3,0,1,12,7,17,4,33,12,sil
13.345639944076538,-6,-2,-15,-10,-4,-11,0,-4,6,1,0,1,24,8,sil
13.362122297286987,-7,-8,-16,-24,-9,-3,2,1,13,10,-4,0,20,0,sil
13.362122297286987,-7,-5,-10,-20,-4,6,1,0,2,-6,-5,-9,1,-14,sil
13.362122297286987,-13,-9,-19,-17,-5,-1,-9,-15,-26,-39,-20,-24,-26,-35,sil
13.37667179107666,-17,-14,-21,-24,-9,-5,-6,-10,-34,-39,-32,-23,-27,-40,sil
13.37667179107666,-15,-13,-15,-29,-11,0,0,0,-15,-23,-22,-14,-16,-25,sil
13.393669366836548,-5,-3,-1,-20,-13,-4,-7,-1,-6,-23,-9,-3,-16,-12,sil
13.393669366836548,3,7,5,-4,-13,-15,-21,-6,-17,-30,-7,2,-13,-8,sil
13.407320499420166,0,7,4,-6,-9,-17,-24,-5,-31,-27,-5,3,-9,-13,sil
13.422723054885864,-7,9,3,-10,-4,-7,-21,-3,-29,-18,4,4,-7,-10,sil
13.422723054885864,3,20,9,10,0,-1,-18,-5,-21,-16,10,11,0,2,sil
13.437798738479614,17,18,21,30,12,-3,-10,-2,-13,-14,7,16,0,9,sil
13.437798738479614,21,12,16,23,24,0,8,6,2,9,16,11,0,8,sil
13.453362464904783,18,16,12,20,22,0,15,13,9,26,23,5,5,11,sil
13.453362464904783,11,15,19,30,8,0,3,6,2,21,17,6,7,9,sil
13.468478918075562,10,11,20,32,9,5,3,-5,5,20,18,10,5,6,sil
13.468478918075562,16,17,23,23,22,11,6,-5,10,17,17,11,4,11,sil
13.483750343322754,0,7,10,13,12,6,-1,0,7,4,3,4,3,11,sil
13.483750343322754,-15,-13,-3,5,-5,-2,-2,3,12,9,-3,0,0,7,sil
13.499497175216677,-3,-8,5,7,0,8,16,9,25,20,7,6,0,12,sil
13.499497175216677,6,4,7,13,11,21,28,7,23,21,10,6,6,17,sil
13.515522241592407,-4,-5,0,2,2,9,13,-1,9,20,-4,0,0,4,sil
13.515522241592407,-20,-22,-15,-20,-5,-1,5,-5,0,11,-20,-21,-12,-11,sil
13.530725240707396,-20,-18,-25,-25,-8,6,13,-1,-7,0,-23,-33,-16,-13,sil
13.530725240707396,-4,-6,-8,-12,-16,14,13,4,-10,2,-14,-19,-2,-6,sil
13.546746015548706,2,-11,-4,-11,-16,11,4,1,-2,-2,-12,-10,1,-3,sil
13.546746015548706,-7,-13,-20,-19,-2,9,-1,-1,0,-28,-25,-18,-14,-5,sil
13.562393426895142,-10,-3,-22,-5,0,4,0,0,-1,-22,-26,-22,-15,-10,sil
13.562393426895142,-6,-4,-14,5,-12,-1,0,2,1,5,-6,-18,2,-8,sil
13.577529668807983,-6,-5,-12,-7,-8,0,4,5,11,15,10,-1,17,7,sil
13.577529668807983,-2,0,-14,-17,4,-2,7,6,14,8,12,12,23,17,sil
13.592658996582031,0,-10,-5,-9,0,-18,-7,-1,2,-10,0,8,13,4,sil
13.592658996582031,0,-19,-10,-16,-12,-28,-22,-1,0,-15,-5,4,6,-4,sil
13.60875964164734,-1,-11,-19,-35,-12,-25,-19,4,11,-4,-3,11,11,-2,sil
13.60875964164734,0,-1,-1,-27,-9,-21,-20,0,0,-11,-3,14,2,-11,sil
13.624335527420044,8,5,15,4,-3,-15,-20,-9,-17,-19,5,13,-4,-13,sil
13.624335527420044,14,11,18,10,2,-2,-10,-9,-17,-7,14,14,-1,0,sil
13.639518976211548,4,13,18,8,7,4,-2,-8,-19,-8,-1,6,-11,0,sil
13.639518976211548,0,17,16,29,12,2,-1,-8,-19,-16,-5,-5,-19,-10,sil
13.65503716468811,10,17,23,28,9,4,-7,-3,-10,-6,20,3,-1,-1,sil
13.65503716468811,15,11,15,3,2,5,-5,0,-1,4,26,14,8,8,sil
13.670732736587524,17,19,9,4,6,2,0,2,7,9,12,18,1,3,sil
13.670732736587524,22,30,23,27,16,6,6,4,17,24,24,26,10,10,sil
13.68616795539856,19,22,28,31,15,8,10,2,16,27,36,29,30,30,sil
13.68616795539856,8,6,16,14,6,1,10,1,-1,6,8,11,15,21,sil
14.154374837875366,-10,-6,-2,2,10,20,20,1,-12,4,-16,-14,-12,0,sil
14.154374837875366,-2,0,1,0,3,12,5,13,1,2,-1,-6,3,10,sil
14.169528245925903,7,2,8,10,5,-3,0,8,12,5,10,7,13,12,sil
14.169528245925903,6,0,9,4,7,-6,7,1,21,19,14,13,13,15,sil
14.184651613235474,9,-8,0,-7,-1,-2,12,7,32,31,11,11,12,27,sil
14.184651613235474,10,-14,0,-15,-8,-11,0,3,26,28,0,4,6,21,sil
14.200670003890991,6,-11,1,-17,-9,-9,-1,-3,16,18,0,3,7,5,sil
14.200670003890991,4,0,-7,-9,-5,0,6,2,17,6,6,11,16,6,sil
14.216033935546877,0,1,-3,-7,0,-4,3,6,14,-2,4,12,15,12,sil
14.216033935546877,-2,-4,-2,-8,-3,-12,-9,-1,0,-6,2,2,13,5,sil
14.231678247451782,0,-3,-7,-8,-10,-15,-22,-11,-20,-7,6,0,10,-5,sil
14.231678247451782,4,7,0,-4,-8,-18,-26,-16,-28,-10,7,7,4,-3,sil
14.247391939163208,16,18,14,3,-4,-19,-25,-14,-19,-19,17,14,1,2,sil
14.247391939163208,16,18,17,3,-6,-14,-24,-8,-14,-25,23,19,-4,-5,sil
14.26306653022766,0,14,0,-3,-4,-9,-11,-2,-11,-15,12,9,-10,-12,sil
14.26306653022766,-4,16,0,3,3,-1,3,5,3,-9,5,3,-7,-5,sil
14.278907060623167,5,13,12,15,11,7,0,13,5,-13,6,7,-7,-4,sil
14.278907060623167,9,7,9,12,13,8,-2,4,-13,-7,0,1,-12,-9,sil
14.294011116027832,4,7,13,16,11,12,8,-4,-18,-1,-4,-4,-9,-4,sil
14.294011116027832,0,2,11,26,13,19,15,-3,-5,-3,-2,-5,-5,0,sil
14.309728145599363,-4,-7,1,14,13,15,11,-1,-7,-2,-9,-8,-8,-2,sil
14.309728145599363,-13,-14,-3,-6,2,9,11,-2,-7,1,-17,-16,-11,-6,sil
14.3248188495636,-26,-22,-18,-17,-7,14,15,-2,5,1,-21,-28,-15,-15,sil
14.3248188495636,-30,-26,-24,-20,-10,15,12,5,13,5,-29,-32,-23,-18,sil
14.34043025970459,-17,-16,-17,-12,-5,8,11,9,14,19,-28,-26,-18,-6,sil
14.34043025970459,-8,-7,-11,-7,-4,5,13,3,8,28,-20,-20,-4,4,sil
14.355523586273192,-6,-5,-6,-10,-8,6,11,1,2,21,-11,-13,10,10,sil
14.355523586273192,2,-3,-2,-4,-2,0,6,7,10,16,1,1,22,14,sil
14.370458841323853,8,0,0,2,2,-10,-7,6,19,14,11,15,20,13,sil
14.385723114013672,5,0,-2,7,0,-14,-18,-1,10,0,6,15,12,6,sil
14.385723114013672,8,4,0,4,-1,-15,-18,-6,-4,-14,2,11,10,0,sil
14.40138339996338,15,13,10,-4,-3,-16,-16,-1,-9,-6,20,24,15,1,sil
14.40138339996338,13,18,11,-3,-4,-11,-5,1,2,3,39,32,23,5,sil
14.40138339996338,12,17,19,7,7,-10,0,1,2,-4,28,29,15,3,sil
14.41641330718994,18,15,17,16,10,-18,-11,-4,-16,-21,8,16,0,-4,sil
14.433523654937744,14,14,7,20,0,-11,-24,-14,-31,-25,12,4,-3,-4,sil
14.433523654937744,0,4,10,15,9,19,-5,-8,-16,-4,16,-4,-4,0,sil
14.44848108291626,-4,-11,1,0,16,38,20,3,13,20,-1,-15,-5,4,sil
14.44848108291626,-7,-24,-15,-11,-6,26,18,5,15,11,-21,-21,-6,3,sil
14.463520765304564,-23,-27,-29,-14,-19,7,7,0,0,-9,-29,-31,-18,-1,sil
14.463520765304564,-24,-22,-33,-16,-13,-6,4,-4,0,-9,-37,-33,-27,-4,sil
14.4808828830719,-2,-9,-16,-13,-8,-10,3,4,13,0,-31,-8,-9,0,sil
14.4808828830719,8,2,-5,-7,0,-6,1,12,18,-3,-1,12,15,3,sil
14.4808828830719,7,7,3,-4,7,-10,-6,3,15,-4,21,15,19,0,sil
14.49440097808838,11,14,14,1,6,-15,-11,-4,0,4,23,21,13,4,sil
14.50964856147766,11,15,13,4,4,-21,-7,0,-14,0,21,21,8,0,sil
14.50964856147766,5,8,10,-1,-2,-19,-8,0,-10,-13,13,5,-3,-8,sil
14.5248281955719,0,2,9,0,-5,-8,-2,-8,-4,-6,-1,-6,-14,-7,sil
14.5248281955719,-9,2,9,5,5,0,2,-4,-18,0,-13,-7,-18,-7,sil
14.539697408676147,-15,3,6,8,11,9,6,3,-18,1,-8,-5,-13,-10,sil
14.539697408676147,-3,3,2,13,3,24,17,4,3,20,1,-3,0,2,sil
14.555156469345093,5,4,7,10,0,27,24,5,12,23,0,0,2,16,sil
14.555156469345093,5,1,2,2,0,21,18,4,10,7,-4,0,-2,11,sil
14.570775747299194,0,-3,0,0,0,17,5,1,13,10,3,3,2,4,sil
14.570775747299194,-9,-5,-3,-5,-4,10,-2,2,15,17,5,-3,7,-2,sil
14.586434125900269,-13,0,-11,-8,-7,0,-9,1,12,6,-8,-11,0,-12,sil
14.586434125900269,-3,1,0,-5,-2,-4,-11,0,7,-3,-10,0,1,-9,sil
14.601720809936523,2,-8,7,-5,-3,-9,-7,1,0,-1,5,9,9,0,sil
14.601720809936523,5,-12,2,-12,-13,-17,-9,-1,-17,-11,9,9,1,3,sil
14.617157220840454,13,2,1,0,-17,-24,-18,-8,-24,-34,1,15,-4,0,sil
14.617157220840454,16,15,3,20,-3,-19,-20,-7,-17,-37,15,21,6,1,sil
14.632507085800173,10,13,14,23,14,-7,-13,-6,-22,-18,32,13,11,3,sil
14.632507085800173,-1,7,9,20,17,-1,-7,-11,-33,-9,13,-3,0,-2,sil
14.648531675338743,-4,0,-6,21,9,4,-5,-8,-21,-9,-15,-10,-14,-6,sil
14.648531675338743,1,-8,-8,13,7,21,9,1,0,8,-16,-2,-11,0,sil
14.663649797439575,-5,-15,-10,0,7,25,24,2,5,25,-11,-13,-3,-2,sil
14.663649797439575,-21,-17,-13,-7,7,16,20,3,18,18,-23,-30,-6,-10,sil
14.67953109741211,-10,-11,-17,-10,10,17,25,9,39,21,-21,-24,0,5,sil
14.67953109741211,3,-10,-24,-23,1,7,21,9,38,27,-17,-17,6,14,sil
14.694618225097656,-9,-13,-24,-36,-17,-14,-3,7,20,13,-26,-26,-3,-2,sil
14.694618225097656,-15,-9,-20,-33,-16,-19,-6,5,10,2,-21,-23,-2,-3,sil
14.71059274673462,-1,-6,-12,-33,-5,-12,-2,0,5,1,-7,-4,7,6,sil
14.71059274673462,0,0,-11,-37,-8,-18,-15,-6,0,0,-3,-2,6,0,sil
14.72618579864502,0,15,-6,-17,-8,-22,-16,-6,-1,-6,5,0,5,-8,sil
14.72618579864502,7,21,10,9,3,-5,0,2,0,-11,18,18,13,-1,sil
14.741849899291992,10,14,19,16,5,2,3,7,3,-9,25,29,17,1,sil
14.741849899291992,5,15,26,7,-1,-12,-3,3,0,-8,33,28,12,0,sil
14.757358074188232,8,15,29,17,0,-14,-2,0,-7,-13,34,17,8,-2,sil
14.757358074188232,12,10,25,32,3,2,0,-1,-11,-10,24,16,6,1,sil
14.772497415542604,5,8,26,21,2,9,-7,-8,-15,0,24,29,0,7,sil
14.772497415542604,0,2,20,7,-1,2,-11,-11,-24,1,23,26,-11,2,sil
14.788564682006836,10,1,19,21,2,7,-6,-1,-25,-6,5,10,-18,-1,sil
14.803816080093384,17,11,18,41,9,17,0,2,-13,-10,-6,8,-14,2,sil
14.803816080093384,10,8,11,36,5,17,0,0,-5,-2,1,11,-3,6,sil
14.803816080093384,5,2,10,24,1,18,9,1,-3,3,4,10,0,8,sil
14.819721937179564,0,-8,-4,11,2,18,19,0,1,10,-15,-5,-8,5,sil
14.819721937179564,-20,-28,-21,-11,-2,10,13,-5,0,6,-36,-27,-25,-4,sil
14.835182428359984,-31,-28,-24,-21,-7,7,14,2,2,0,-34,-30,-33,-11,sil
14.850418090820312,-17,-15,-21,-13,0,8,25,11,14,4,-25,-28,-28,-8,sil
14.850418090820312,-11,-8,-15,-8,3,5,19,9,26,14,-23,-28,-11,0,sil
14.86698603630066,-17,-8,-24,-13,-1,-5,5,3,29,13,-18,-27,5,0,sil
14.86698603630066,-15,-15,-33,-33,-9,-20,-5,-3,12,-1,-21,-27,5,-6,sil
14.86698603630066,-6,-16,-23,-45,-14,-22,-18,-4,-2,-4,-23,-23,0,-6,sil
14.881330013275146,-1,-2,-18,-29,-14,-20,-26,-2,7,5,-1,-5,13,0,sil
14.8968825340271,2,5,-10,-17,-8,-22,-23,-5,11,4,22,11,27,0,sil
14.8968825340271,17,7,1,-10,2,-16,-11,-5,-1,0,24,15,32,0,sil
14.912981510162354,24,14,7,1,8,-13,-10,-4,-3,-1,21,21,33,5,sil
14.912981510162354,21,18,16,2,4,-14,-15,0,-1,-2,32,31,32,7,sil
14.927813053131104,25,19,31,2,6,-3,-12,2,-10,-6,32,28,32,7,sil
14.927813053131104,23,20,25,24,13,3,-14,-4,-15,-10,15,13,20,0,sil
14.943405628204346,10,19,10,28,10,2,-12,-9,-15,-5,11,8,3,0,sil
14.943405628204346,8,20,27,13,6,13,2,1,-16,0,20,22,1,9,sil
14.958473443984984,4,10,15,21,6,19,11,-2,-15,-1,15,14,-3,2,sil
14.958473443984984,-11,-4,-12,25,2,8,2,-12,-17,-6,-1,-9,-30,-9,sil
14.973684310913086,-19,-1,8,6,0,14,7,8,-12,-3,-13,-10,-36,-4,sil
14.973684310913086,-18,-9,-6,0,3,29,35,13,8,6,-10,-14,-15,-3,sil
14.989582777023315,-22,-31,-33,-10,0,17,31,3,12,0,-23,-23,-22,-8,sil
14.989582777023315,-24,-19,7,-22,-4,11,11,26,5,-7,-42,-9,-39,-5,sil
15.00505757331848,-20,-5,13,-4,-1,19,26,27,23,9,-30,-10,-18,-9,sil
15.00505757331848,-16,-17,-20,2,-7,-1,23,-7,26,15,-10,-24,-1,-8,sil
15.020957231521606,-10,-15,-16,-9,-12,-26,-11,-15,0,-1,-10,-20,-10,1,sil
15.020957231521606,0,-1,-9,0,-2,-14,-24,-6,-3,-2,-6,-4,-5,2,sil
15.036564826965332,9,-1,-9,8,2,5,-5,-1,8,10,0,4,13,2,sil
15.036564826965332,7,-3,-3,0,-5,2,5,0,9,4,0,5,18,8,sil
15.051644086837769,0,0,-2,-5,-9,-7,3,-2,3,-11,-2,1,4,4,sil
15.051644086837769,11,5,-2,0,-3,-3,4,-2,5,-7,0,0,-1,0,sil
15.067492961883543,16,5,3,0,1,0,5,-1,7,6,9,2,5,5,sil
15.067492961883543,5,1,2,-10,0,-13,-9,-5,-4,2,13,6,9,9,sil
15.082587957382202,4,3,0,-7,-2,-21,-26,-3,-17,-5,11,9,5,3,sil
15.082587957382202,8,8,4,-7,-6,-13,-27,1,-10,-4,13,16,5,0,sil
15.098612785339355,6,6,7,-17,-5,-13,-20,-1,-1,0,14,16,7,4,sil
15.098612785339355,7,6,4,-7,0,-16,-18,-8,-12,-9,9,9,3,0,sil
15.114330768585203,9,11,13,10,6,0,-11,-5,-21,-17,9,13,4,-10,sil
15.114330768585203,9,19,19,11,12,8,2,2,-7,-3,20,20,13,0,sil
15.129769802093506,9,22,20,9,12,-6,1,0,0,6,23,9,14,3,sil
15.129769802093506,5,10,23,17,4,-7,-8,-2,-12,-1,7,-1,0,-1,sil
15.14478611946106,0,4,24,24,0,18,1,6,-7,2,-5,4,-8,8,sil
15.14478611946106,-1,1,4,24,3,31,20,3,15,27,-3,3,2,17,sil
15.160873889923096,-7,-22,-29,5,3,16,20,-4,26,34,-9,-13,5,7,sil
15.160873889923096,-13,-35,-31,-10,-1,4,12,5,26,13,-21,-19,-3,3,sil
15.176417350769045,-7,-13,-19,-5,0,1,9,14,27,1,-9,-7,6,4,sil
15.176417350769045,-4,0,-10,-10,0,-8,-1,6,4,-9,0,0,16,-6,sil
15.19162631034851,-11,-5,-4,-17,-2,-9,-8,-3,-13,-19,-4,-1,0,-21,sil
15.19162631034851,-11,-6,-18,0,1,0,0,-13,-9,-15,1,-15,-15,-27,sil
15.20772647857666,-4,5,1,3,4,3,-4,-4,-27,-18,0,-21,-19,-20,sil
15.20772647857666,-3,19,30,5,3,11,0,7,-33,-17,-10,-14,-20,-13,sil
15.223809719085692,-8,7,-1,22,9,26,28,0,0,8,-12,-17,-19,-12,sil
15.223809719085692,-14,-16,-22,14,7,26,35,-1,12,19,-23,-21,-26,-5,sil
15.239439964294434,-13,-20,-9,-10,-3,16,25,6,4,5,-28,-14,-24,6,sil
15.239439964294434,-7,-19,-16,-22,-13,6,18,2,12,2,-14,-2,-1,10,sil
15.255150556564333,-10,-24,-25,-30,-18,-6,-1,0,13,9,-8,0,8,7,sil
15.255150556564333,-5,-14,-10,-30,-16,-23,-28,0,2,3,-5,3,5,9,sil
15.270360469818115,15,6,6,-14,-7,-29,-38,1,5,-6,9,17,15,16,sil
15.270360469818115,25,13,6,-3,-3,-24,-22,2,15,-1,23,30,29,19,sil
15.28643012046814,22,17,18,-1,-4,-23,-10,5,8,8,31,30,25,19,sil
15.28643012046814,26,29,30,13,3,-11,-3,2,0,4,31,15,12,13,sil
15.30160403251648,22,22,11,15,12,3,11,-10,0,-11,2,-5,-2,0,sil
15.30160403251648,7,5,4,-7,6,-1,1,-12,-5,-20,-18,-6,-14,-10,sil
15.316765785217283,8,5,11,-6,0,-11,-19,-5,-13,-6,3,7,-1,-5,sil
15.316765785217283,14,8,9,14,0,-9,-21,-5,-14,0,23,10,9,2,sil
15.332424640655518,0,7,10,10,0,-6,-17,-4,-16,-15,11,9,-2,-3,sil
15.332424640655518,-12,11,7,14,6,0,-11,0,-11,-16,6,10,-3,-8,sil
15.347521781921388,0,8,13,32,14,11,6,0,3,6,14,14,11,3,sil
15.347521781921388,0,-2,12,15,6,12,12,5,9,14,10,10,10,12,sil
15.363487482070925,-19,-14,-11,-11,-5,2,-7,1,0,-1,-4,-7,-5,-8,sil
15.363487482070925,-25,-17,-23,-7,-4,0,-9,-10,-17,-13,-16,-19,-13,-30,sil
15.378586292266846,-10,-11,-9,4,0,11,13,-5,-11,2,-9,-10,-6,-13,sil
15.393775224685667,-6,-11,-2,0,-1,13,15,6,2,17,-3,-1,0,1,sil
15.393775224685667,-7,-12,-12,0,-3,4,4,0,5,10,-8,-8,-2,-7,sil
15.408618450164797,0,2,-4,16,3,6,12,0,2,7,-5,-5,-1,0,sil
15.408618450164797,2,13,13,18,16,21,27,11,3,15,-2,2,4,16,sil
15.424386501312256,-6,0,-1,0,11,26,26,11,5,15,-12,-8,1,4,sil
15.424386501312256,-8,-9,-17,-10,0,10,14,1,1,8,-14,-21,-7,-6,sil
15.439641237258911,-1,-3,-3,-10,0,0,3,5,5,4,-12,-18,-11,-1,sil
15.439641237258911,-1,-3,-6,-15,-2,-1,4,9,17,5,-22,-11,-6,1,sil
15.454676628112791,0,-9,-20,-20,-10,-5,9,0,24,9,-20,-8,0,0,sil
15.454676628112791,1,-8,-12,-17,-7,-11,4,3,22,1,-11,-10,-3,0,sil
15.47010588645935,-5,-7,1,-18,-2,-5,-2,8,13,-9,-11,-6,-11,0,sil
15.47010588645935,-6,-11,-4,-14,-12,-4,-7,-2,8,0,0,6,7,8,sil
15.48538899421692,12,-2,-1,-4,-18,-15,-18,-9,0,-2,24,13,22,13,sil
15.48538899421692,19,8,19,1,-4,-15,-28,-10,-14,-25,27,16,7,2,sil
15.501466989517212,13,4,15,3,7,-7,-18,-11,-18,-19,14,17,0,-1,sil
15.501466989517212,17,0,4,0,2,-8,-10,-3,-7,0,17,22,11,3,sil
15.516674757003784,14,2,7,0,-7,-9,-11,-2,-1,-11,25,21,8,2,sil
15.516674757003784,0,6,4,-1,-7,-9,-15,-9,-9,-28,21,10,-3,-1,sil
15.532033920288086,4,19,7,-1,2,-7,-16,-4,-19,-21,23,11,-4,0,sil
15.532033920288086,18,27,13,15,9,-3,-1,0,-16,-1,27,20,0,6,sil
15.547680854797363,10,17,18,31,12,-2,6,1,-8,6,23,12,3,7,sil
15.547680854797363,0,10,10,22,11,0,0,1,-3,7,35,0,5,-1,sil
15.563288450241089,-4,9,-6,5,3,0,-5,-2,-14,1,10,-6,0,-11,sil
15.563288450241089,-20,0,-10,-3,-1,0,-6,-5,-32,-15,-71,-24,-20,-23,sil
15.578725814819336,-28,-7,-11,-1,0,7,1,0,-24,-17,-89,-36,-27,-26,sil
15.578725814819336,-20,-4,-12,9,0,19,15,6,-3,4,-30,-24,-11,-9,sil
17.959629774093628,-4,2,0,12,6,3,16,-1,13,-5,-2,-7,0,-1,sil
17.959951400756836,10,13,7,13,18,12,18,6,12,5,4,0,13,11,sil
17.974705457687378,28,25,38,11,11,20,11,16,-4,-2,0,10,7,23,sil
17.974705457687378,17,4,13,14,5,10,17,1,-11,-2,-2,1,0,9,sil
17.990396738052368,-3,-21,-22,0,3,0,17,0,-2,6,-12,-10,-9,-5,sil
17.990396738052368,0,-5,-5,-1,2,8,6,9,9,11,-9,4,0,5,sil
18.00640630722046,9,11,10,10,9,5,0,2,7,4,10,12,16,11,sil
18.00640630722046,2,-1,0,9,3,-12,-4,-2,-2,-13,0,1,4,0,sil
18.021566152572632,-7,-13,0,0,-15,-14,-10,0,-11,-22,-25,-4,-12,-6,sil
18.021566152572632,-15,-11,-12,-6,-19,-5,-4,-12,-11,-4,-12,-8,-4,-14,sil
18.03766202926636,-16,-12,-23,-12,-7,-3,2,-13,-10,9,9,-7,7,-15,sil
18.03766202926636,-7,-10,-3,-9,-6,-1,1,-2,-10,0,3,0,3,-5,sil
18.052515983581543,-7,-7,-9,-6,-10,0,0,-5,-6,-3,-10,-8,-9,-9,sil
18.052515983581543,-10,-4,-10,-13,0,2,0,-1,0,-5,-13,-15,-26,-15,sil
18.07472038269043,0,6,23,0,11,15,0,7,3,-6,-6,0,-27,-1,sil
18.07472038269043,5,10,12,17,6,15,0,-1,8,7,0,2,-5,8,sil
18.07472038269043,0,0,-8,0,0,3,-4,0,8,16,4,-2,6,6,sil
18.08243751525879,-5,-5,-11,-14,0,2,3,12,11,6,6,-5,0,5,sil
18.09853863716125,-4,-7,-21,-6,-5,-2,8,0,8,4,5,-8,0,4,sil
18.09853863716125,0,-1,-5,-2,-4,-10,-7,-4,-10,3,0,0,0,6,sil
18.11417293548584,-3,3,6,-11,2,-3,-14,3,-12,-4,-5,3,0,3,sil
18.11417293548584,-8,0,-8,-23,0,-3,-11,-5,1,-11,-4,-7,6,-6,sil
18.1293888092041,1,-1,-2,-16,-4,-12,-16,-3,7,-1,-1,0,10,-1,sil
18.1293888092041,18,-1,9,0,1,-7,-14,13,16,12,2,18,13,10,sil
18.144535303115845,19,0,4,-1,2,-1,0,9,23,12,6,21,23,14,sil
18.145535469055176,19,11,3,-8,0,-5,16,0,14,0,11,17,28,10,sil
18.16120195388794,9,10,0,-3,0,-16,13,-3,0,-12,14,11,12,-1,sil
18.16120195388794,0,0,-2,4,0,-23,-5,-5,-15,-18,6,6,-4,-11,sil
18.17572832107544,3,9,15,19,5,-8,-10,-2,-32,-16,0,1,-10,-9,sil
18.19056272506714,0,19,19,35,17,14,2,-4,-19,0,1,-11,-11,-7,sil
18.19056272506714,-15,0,-1,28,4,12,1,-4,-2,2,-6,-20,-21,-9,sil
18.205864667892456,-18,-14,1,9,-12,2,-6,1,-13,-15,-20,-17,-32,-12,sil
18.205864667892456,-11,-9,0,11,-3,13,6,-1,-12,-5,-9,-15,-16,-10,sil
18.22144222259521,-4,-10,-7,6,1,17,18,0,2,18,4,-14,4,5,sil
18.22144222259521,0,-11,4,-9,-10,11,19,11,12,17,3,0,8,17,sil
18.236610651016235,2,-7,-9,-7,-9,9,19,3,25,12,6,4,16,12,sil
18.236610651016235,9,-8,-9,-4,0,2,7,1,31,18,15,12,24,19,sil
18.25252246856689,24,0,17,-8,2,-3,2,13,22,25,24,30,26,32,sil
18.25252246856689,25,13,4,-5,2,-10,-3,0,6,15,29,31,24,17,sil
18.268800497055054,13,23,7,-5,0,-16,-35,-7,-18,-17,19,28,5,-5,sil
18.268800497055054,6,24,26,5,2,-6,-39,-1,-23,-33,11,29,-8,-14,sil
18.284364223480225,0,16,5,20,9,0,-2,-13,-12,-21,7,10,-9,-22,sil
18.284364223480225,-6,9,-3,7,12,1,9,-12,-14,-15,-7,-8,-17,-24,sil
18.29965901374817,-13,5,6,4,9,10,2,-3,-15,-12,-16,-14,-25,-18,sil
18.29965901374817,-24,0,-1,18,0,13,1,-12,-18,-10,-16,-22,-21,-19,sil
18.315634727478027,-20,2,-5,17,-1,9,2,-6,-21,-3,-18,-24,-9,-14,sil
18.315634727478027,-5,5,2,6,13,12,5,10,-1,10,-22,-19,-4,2,sil
18.330321073532104,-3,-6,-5,0,14,12,11,7,21,13,-26,-21,-8,6,sil
18.330321073532104,-9,-21,-19,-10,0,0,14,10,24,16,-24,-26,-7,10,sil
18.34554028511048,-13,-24,-22,-28,-7,-7,11,18,22,24,-24,-27,-4,13,sil
18.34554028511048,-18,-27,-35,-40,-13,-7,5,2,20,9,-31,-32,-9,-2,sil
18.36073517799377,-13,-30,-35,-44,-26,-10,-4,-7,15,-3,-27,-24,-5,-9,sil
18.36073517799377,-3,-24,-16,-43,-25,-7,-3,3,14,6,-13,-3,9,9,sil
18.37587785720825,-1,-21,-22,-36,-11,-6,0,0,10,5,-10,-2,11,12,sil
18.37587785720825,0,-17,-19,-29,-8,-22,-17,-10,-5,-17,-3,0,2,-1,sil
18.39175844192505,9,-2,2,-18,-10,-24,-29,-2,-10,-15,18,18,9,0,sil
18.39175844192505,15,9,12,-4,-1,0,-10,9,0,8,34,25,22,6,sil
18.409924030303955,15,19,18,12,8,9,0,6,3,12,35,24,18,3,sil
18.409924030303955,15,28,24,31,7,-5,-7,0,-5,-2,29,26,4,0,sil
18.422605514526367,17,28,29,36,5,-7,-6,0,-13,-15,25,24,0,-3,sil
18.422605514526367,17,22,28,37,10,8,12,-3,-16,-9,32,21,5,-2,sil
18.43861627578736,11,23,26,47,18,11,16,-8,-23,-1,33,23,5,0,sil
18.43861627578736,16,30,37,53,22,7,8,-4,-14,0,24,30,5,6,sil
18.45458221435547,26,24,33,47,14,11,15,1,14,5,28,31,21,18,sil
18.45458221435547,10,8,18,30,1,11,11,0,17,4,26,17,17,14,sil
18.46961212158203,-8,2,9,18,0,9,0,-7,-6,0,0,-2,-12,-3,sil
18.46961212158203,0,0,4,12,4,6,5,0,-9,4,-18,-11,-20,-3,sil
18.484818696975708,0,-10,-2,-2,0,7,6,5,-2,3,-24,-10,-11,4,sil
18.484818696975708,-20,-25,-28,-20,-7,13,-1,0,-1,2,-30,-23,-15,0,sil
18.500349044799805,-36,-45,-45,-36,-13,6,-2,-2,0,12,-35,-35,-15,-9,sil
18.500349044799805,-30,-50,-42,-42,-16,-16,-5,4,4,1,-39,-36,-11,-17,sil
18.516369342803955,-11,-22,-28,-39,-13,-30,-17,1,3,-25,-35,-30,-12,-19,sil
18.516369342803955,6,8,-3,-31,-10,-23,-20,-1,8,-19,0,1,4,3,sil
18.532331466674805,17,15,2,-13,-8,-10,-15,2,13,1,29,27,23,14,sil
18.532331466674805,1,14,-3,0,4,-2,-13,1,-2,-11,7,6,0,-12,sil
18.547359943389893,-22,17,-2,0,14,1,-3,-4,-21,-24,-21,-26,-29,-29,sil
18.547359943389893,-17,13,2,2,10,7,11,-5,-11,0,-10,-24,-19,-5,sil
18.56311845779419,0,5,6,6,7,17,15,0,15,27,1,-6,7,14,sil
18.56311845779419,0,0,-1,-5,-1,12,9,3,23,22,-6,-4,15,10,sil
18.57837009429932,3,-2,-3,-11,-12,-5,-1,1,14,8,0,1,14,11,sil
18.57837009429932,24,-1,7,-1,-3,-10,-7,3,15,5,22,21,24,22,sil
18.59441924095153,23,2,7,-1,0,-11,-11,0,10,2,24,30,28,13,sil
18.59441924095153,9,9,10,-5,-6,-17,-20,-8,-14,-10,10,19,9,-8,sil
18.61078810691833,4,17,12,13,6,0,-3,-9,-32,-12,0,4,-9,-15,sil
18.61078810691833,-5,10,6,29,22,22,26,-2,-31,-8,-8,-4,-26,-13,sil
18.62593126296997,-17,-9,0,15,10,24,32,4,-22,-1,-19,-11,-33,-13,sil
18.62593126296997,-17,-24,-8,-1,0,18,28,7,-8,10,-21,-18,-20,-7,sil
18.641347646713257,-13,-18,-3,0,1,19,26,9,1,11,-14,-19,-12,0,sil
18.641347646713257,-9,-12,-1,4,1,18,18,10,7,5,-10,-14,-12,0,sil
18.656980991363525,-4,-16,-11,-1,-4,6,1,8,14,6,-5,-7,-1,1,sil
18.67223644256592,0,-11,-10,-10,-12,-6,-8,4,14,6,3,4,10,8,sil
18.67223644256592,3,-1,-7,-8,-17,-15,-6,0,15,1,8,9,8,12,sil
18.68930721282959,5,0,-2,-3,-9,-18,-6,-1,17,-1,5,7,4,11,sil
18.68965148925781,15,0,-2,0,0,-17,-14,-1,13,4,14,3,16,7,sil
18.68965148925781,21,3,-2,0,-1,-16,-23,-5,8,9,23,8,27,4,sil
18.70343804359436,10,11,6,1,1,-8,-17,-2,10,1,24,20,23,3,sil
18.719448566436768,3,18,4,7,6,0,-3,0,10,-6,21,19,16,4,sil
18.719448566436768,10,13,6,0,-1,-11,-11,-3,-1,-7,15,13,9,2,sil
18.734721660614014,8,7,11,-3,-4,-25,-25,-5,-11,-13,10,7,0,-5,sil
18.734721660614014,5,8,10,7,4,-11,-20,-6,-16,-22,7,4,-4,-9,sil
18.75033712387085,10,18,19,16,7,5,-10,-4,-16,-14,6,14,1,4,sil
18.75033712387085,8,19,16,13,3,0,-7,-2,-7,0,11,16,11,17,sil
18.76546621322632,-3,2,1,0,1,-3,-7,-4,-7,-7,0,0,0,0,sil
18.76546621322632,-20,-15,-10,-17,-1,8,0,-8,-12,-18,-26,-18,-22,-23,sil
18.781590938568115,-25,-16,-15,-18,-5,8,10,-5,-7,-5,-33,-19,-27,-17,sil
18.781590938568115,-9,-7,-10,-7,0,3,21,5,0,7,-19,-8,-12,2,sil
18.797680377960205,3,-7,-6,-5,4,12,28,9,5,13,-8,0,2,9,sil
18.797680377960205,-2,-4,1,-3,2,16,16,2,6,14,-11,-5,-1,0,sil
18.813466787338257,-5,4,8,7,2,14,2,1,-6,8,-12,-11,-13,-12,sil
18.813466787338257,-3,5,8,14,8,19,9,5,-17,7,-9,-14,-13,-13,sil
18.82860326766968,-14,-3,8,4,10,21,15,1,-14,1,-12,-20,-15,-10,sil
18.82860326766968,-18,-8,-5,-5,4,7,13,0,-4,-7,-14,-24,-15,-10,sil
18.8441219329834,-3,-4,-9,0,-2,-2,14,7,8,2,-1,-9,-4,-2,sil
18.8441219329834,3,0,0,8,-2,-1,14,10,17,20,12,-1,5,10,sil
18.85980200767517,-3,0,-8,6,0,-4,2,4,13,11,6,-10,4,4,sil
18.85980200767517,0,0,-4,6,0,-4,-2,3,7,0,-1,-1,-1,0,sil
18.87538456916809,13,2,2,17,0,1,3,1,9,4,9,11,8,11,sil
18.87538456916809,4,-3,-11,0,0,-3,-2,-3,3,3,11,4,16,9,sil
18.890522480010983,-10,-9,-20,-25,-11,-14,-14,-5,-1,-6,-6,-1,1,-7,sil
18.890522480010983,1,-6,-8,-14,-12,-11,-13,-7,0,-8,-8,4,-1,-1,sil
18.906532526016235,18,0,8,-3,-6,-5,-7,-5,4,-7,5,13,13,16,sil
18.906532526016235,12,-2,5,-13,-9,-2,-5,-2,8,-3,7,17,21,17,sil
18.922126531600952,4,-6,-1,-14,-10,-6,-12,-3,1,-6,5,12,12,5,sil
18.922126531600952,8,0,3,-5,-2,-15,-21,-1,-5,-10,8,8,5,-1,sil
18.937703371047974,10,9,8,2,0,-13,-13,4,7,7,15,17,12,4,sil
18.937703371047974,11,15,16,11,2,3,-7,5,12,16,17,24,19,12,sil
18.95243191719055,7,8,6,9,5,1,-15,-2,-1,-4,8,13,8,3,sil
18.95243191719055,-7,-1,-7,-3,2,-11,-14,-5,-5,-14,-1,0,-6,-7,sil
18.96768856048584,-13,-5,-1,-4,-1,-4,-1,0,-1,1,0,-1,-7,-7,sil
18.96768856048584,1,0,5,9,0,4,5,0,-5,8,9,-2,-1,-4,sil
18.983763456344604,14,11,9,17,12,0,6,0,-4,6,14,8,2,0,sil
18.983763456344604,10,17,12,11,16,1,19,4,0,8,16,10,0,4,sil
18.999404430389404,-4,7,3,2,4,8,18,-3,-5,-3,2,-8,-14,-1,sil
18.999404430389404,-14,0,-5,0,-4,3,-2,-7,-14,-19,-18,-15,-22,-10,sil
19.01441335678101,-13,0,-9,1,0,0,-8,0,-7,-10,-20,-8,-13,-9,sil
19.01441335678101,-14,3,3,4,6,1,0,0,-4,-2,-8,-11,-9,-5,sil
19.029643297195435,-10,1,5,0,7,7,4,0,-8,-7,-10,-20,-14,-12,sil
19.029643297195435,-7,-6,-16,-17,0,10,3,0,-9,-5,-26,-25,-16,-17,sil
19.045674562454224,-15,-15,-18,-20,0,10,3,1,-10,1,-22,-22,-10,-12,sil
19.045674562454224,-14,-14,-6,-1,4,8,10,0,-7,0,-4,-15,-4,-3,sil
19.06165075302124,0,-10,1,0,0,10,21,1,-2,-3,-10,-11,-7,0,sil
19.06165075302124,4,-6,-3,-5,-9,12,17,0,0,-1,-16,-8,-3,6,sil
19.077098846435547,0,-3,-3,5,-3,10,6,0,4,0,-3,0,4,8,sil
19.077098846435547,5,0,7,13,7,9,9,6,20,13,5,15,7,7,sil
19.09238600730896,13,7,10,11,9,2,15,14,32,30,12,26,24,12,sil
19.09238600730896,13,9,3,1,-2,-16,0,8,24,16,14,18,33,6,sil
19.10754418373108,7,2,-4,-2,-16,-22,-12,0,7,-3,2,0,11,-6,sil
19.10754418373108,1,-5,-7,2,-8,-7,-6,-2,2,4,-1,-5,-3,-3,sil
19.12298464775085,-1,-7,1,6,2,0,-4,-1,0,10,4,8,4,8,sil
19.12298464775085,0,-2,0,1,-9,-15,-16,-4,-5,0,6,11,12,6,sil
19.1386034488678,4,0,1,-11,-21,-28,-31,-5,-4,-5,7,4,2,2,sil
19.1386034488678,8,0,10,-11,-7,-7,-16,-3,0,2,13,8,0,9,sil
19.15432524681092,4,4,4,4,2,17,10,-3,3,7,16,12,4,8,sil
19.15432524681092,-3,0,-2,0,0,7,3,-7,-5,-8,5,3,-5,-2,sil
19.17028331756592,-2,-5,0,-14,0,-9,-14,-10,-16,-27,-1,0,-16,-5,sil
19.17028331756592,5,6,9,0,10,-3,-12,-5,-13,-17,9,10,0,4,sil
19.18533730506897,9,24,15,12,14,2,-14,1,-4,0,19,20,14,14,sil
19.18533730506897,6,16,4,7,10,-5,-19,2,-3,-2,14,13,0,11,sil
19.201420545578003,0,1,-1,-2,3,-2,-4,4,-4,-9,0,0,-12,-3,sil
19.201420545578003,-6,0,-7,-6,1,17,22,9,6,10,-10,-15,-4,-6,sil
19.21752667427063,-9,0,-10,0,4,23,30,7,14,17,-10,-16,0,-2,sil
19.21752667427063,-7,-5,-5,2,0,3,15,0,0,-8,-16,-15,-15,-15,sil
19.232778549194336,-7,-9,-10,-1,0,-8,3,-8,-18,-25,-23,-21,-22,-25,sil
19.232778549194336,-3,0,-5,4,11,1,1,-6,-15,-7,-2,-12,-2,-10,sil
19.24884414672852,1,7,1,13,11,4,2,0,-1,12,11,3,16,5,sil
19.24884414672852,-1,-5,1,4,-15,-10,0,1,3,9,-2,0,9,4,sil
19.264000415802,-9,-17,-7,0,-23,-7,4,3,16,2,-12,-12,0,-3,sil
19.264000415802,-10,-20,-20,-6,-2,6,8,12,26,9,-15,-15,4,-4,sil
19.27932119369507,-9,-14,-10,-19,4,8,5,15,9,12,-20,-7,0,0,sil
19.295347690582275,-6,0,2,-2,1,1,3,0,-10,0,-6,-8,-10,-7,sil
19.295347690582275,-2,8,6,15,1,1,-5,-12,-22,-21,-2,-13,-22,-16,sil
19.295347690582275,0,0,9,-5,-2,8,-7,-4,-21,-19,-18,-5,-20,-7,sil
19.311463832855225,10,-5,1,-20,-7,3,11,0,3,11,-6,5,1,5,sil
19.311463832855225,13,2,3,-6,-4,-10,11,0,26,21,21,21,16,8,sil
19.32651805877685,7,6,13,1,-3,-9,-10,2,20,8,29,26,14,10,sil
19.32651805877685,6,1,7,0,0,-1,-11,4,6,8,15,16,13,13,sil
19.34231948852539,8,6,6,0,3,2,1,3,1,8,7,17,10,13,sil
19.34231948852539,3,4,7,5,5,5,2,0,0,-5,9,19,3,9,sil
19.35741591453552,3,-3,3,0,1,0,-6,-10,-11,-6,6,4,0,0,sil
19.37260389328003,6,4,2,-4,0,-9,-10,-8,-14,0,7,0,6,0,sil
19.37260389328003,6,19,6,2,2,-3,-4,2,0,-1,11,8,10,10,sil
19.387794733047485,2,11,5,12,8,8,3,3,9,1,2,3,7,12,sil
19.387794733047485,-1,0,-11,14,7,6,4,-8,0,8,3,-5,6,0,sil
19.4034230709076,0,0,-8,7,2,-11,-10,-11,-9,-6,10,0,1,0,sil
19.4034230709076,3,7,6,6,0,-16,-18,-3,-2,-17,0,4,-7,3,sil
19.418588161468502,-1,2,0,6,0,-6,-9,-2,0,-9,-12,-8,-11,-5,sil
19.418588161468502,-12,-6,-6,-1,-8,-1,-3,0,-11,-8,-10,-10,-11,-11,sil
19.4343204498291,-6,-8,-5,-1,-10,1,3,9,-3,-2,0,-2,-2,0,sil
19.4343204498291,1,-4,-1,0,-4,5,7,7,12,7,-6,-6,-3,0,sil
19.449464559555054,-5,-2,0,-6,-6,1,0,1,2,-1,-20,-18,-17,-14,sil
19.449464559555054,-8,0,0,4,-3,2,3,7,-4,-5,-7,-9,-13,-7,sil
19.46507978439331,-2,-1,0,12,11,9,14,9,8,3,5,1,-1,2,sil
19.46507978439331,-17,-16,-19,-12,8,3,5,-5,7,0,-10,-20,-9,-20,sil
19.48109579086304,-30,-24,-35,-27,-5,-4,-6,-13,-4,-7,-25,-33,-17,-40,sil
19.48109579086304,-7,-13,-9,-6,0,0,3,-4,-7,-3,-12,-3,-3,-19,sil
19.49668884277344,15,1,11,3,10,10,18,1,-9,0,-1,10,5,2,sil
19.49668884277344,6,4,7,-3,2,11,14,1,-13,0,-5,-2,0,2,sil
19.511796474456787,0,0,1,-2,-7,3,7,1,-10,-1,-4,-1,4,1,sil
19.511796474456787,7,0,5,-4,-2,0,3,5,-3,0,6,12,16,8,sil
19.527836561203003,8,6,6,-5,3,4,0,9,7,12,15,16,18,18,sil
19.527836561203003,9,4,3,-1,0,1,-4,5,16,24,14,15,13,20,sil
19.543790817260746,13,1,10,-1,-6,-12,-9,0,9,17,7,17,10,15,sil
19.543790817260746,11,10,10,5,0,-10,-2,-4,0,2,1,7,4,16,sil
19.55882835388184,6,9,5,8,2,-2,-2,-4,0,-6,2,0,-1,18,sil
19.55882835388184,1,0,6,0,0,-2,-9,0,3,0,14,10,6,15,sil
19.57437252998352,3,6,6,7,6,4,2,6,18,20,28,15,21,20,sil
19.57437252998352,0,17,6,15,15,13,6,4,30,17,19,6,11,14,sil
19.590402126312256,-4,9,-3,5,7,0,-5,0,21,-1,0,0,-5,-7,sil
19.590402126312256,0,2,-1,2,0,-17,-8,-4,4,2,2,4,0,-11,sil
19.606412172317505,7,2,11,4,-4,-11,-2,-2,-1,6,19,10,14,-3,sil
19.606412172317505,0,-3,-1,-2,-8,-4,-7,-2,-9,-18,10,0,0,-14,sil
19.621565103530884,-3,-7,-12,-12,-12,-16,-19,-6,-24,-39,-15,-9,-23,-27,sil
19.621565103530884,-5,-1,-6,-15,-15,-24,-22,-10,-30,-29,-18,-9,-24,-23,sil
19.63675546646118,-12,0,-5,-8,-11,-7,-13,-8,-26,-18,-12,-11,-22,-15,sil
19.63675546646118,-14,0,0,7,8,20,4,-1,-25,-18,-22,-23,-28,-12,sil
19.65285611152649,-14,-3,-1,20,15,30,24,0,-16,-7,-32,-32,-23,-9,sil
19.65285611152649,-16,-10,-5,16,0,19,26,0,0,12,-27,-26,-15,-1,sil
20.09242296218872,-14,-16,-10,-27,-9,-14,-14,0,8,-6,-2,1,13,0,sil
20.108518838882446,-1,-4,2,-11,-3,9,-1,0,15,-6,0,14,13,3,sil
20.108518838882446,10,5,9,-4,-7,13,-2,2,13,-5,14,24,16,0,sil
20.12367820739746,5,2,0,-8,-9,-7,-12,0,1,-5,13,17,10,-2,sil
20.12367820739746,1,0,-6,-1,-1,-8,-13,-10,-11,-19,-7,7,-2,-2,sil
20.139343976974487,9,5,8,11,0,1,-13,-7,-7,-24,-2,15,0,0,sil
20.1543710231781,14,12,17,17,-12,-5,-11,4,3,-7,23,25,18,1,sil
20.1543710231781,17,16,15,23,-16,-9,-3,7,-1,-4,29,25,17,3,sil
20.1543710231781,26,20,23,31,0,0,0,1,-11,-11,21,23,4,5,sil
20.16950535774231,22,19,15,30,7,0,-4,-5,-11,-1,22,12,-3,-4,sil
20.186609745025635,10,20,7,25,7,-1,-12,-8,-15,0,21,5,-13,-14,sil
20.186609745025635,11,25,11,27,21,4,-4,-7,-17,-5,19,6,-5,-6,sil
20.186609745025635,12,21,11,21,24,1,5,-6,-17,-1,7,1,2,0,sil
20.2024245262146,-4,3,-1,3,4,-5,-3,-6,-24,-4,-13,-17,-17,-10,sil
20.2024245262146,-16,-9,-9,2,3,0,-8,-6,-21,-10,-20,-31,-26,-18,sil
20.218525171279907,-6,-7,6,14,16,12,5,2,-5,0,-13,-19,-4,-8,sil
20.218525171279907,6,3,16,14,6,12,11,14,-1,13,-7,-1,2,5,sil
20.23365974426269,7,7,9,0,-12,4,6,7,-6,10,-8,-3,-3,12,sil
20.23365974426269,3,2,4,-2,-7,8,11,0,1,7,-12,-5,-3,16,sil
20.24875044822693,1,-6,-14,-3,7,20,27,3,26,17,-10,-2,-2,16,sil
20.24875044822693,-7,-25,-24,-30,-5,17,28,6,29,10,-25,-17,-11,2,sil
20.26428484916687,-26,-42,-25,-50,-25,3,12,3,10,-10,-40,-38,-15,-18,sil
20.28099274635315,-34,-31,-28,-36,-9,0,7,3,3,-6,-24,-31,-9,-20,sil
20.28099274635315,-28,-12,-17,-19,14,7,17,4,19,18,-4,-10,5,-5,sil
20.28099274635315,-9,-13,-11,-8,4,-5,10,5,32,29,0,1,26,13,sil
20.29488515853882,8,-12,-11,-7,-15,-34,-17,6,23,9,6,15,28,22,sil
20.3118908405304,15,7,0,-13,-11,-34,-28,0,9,-9,21,24,14,12,sil
20.3118908405304,9,19,4,-4,6,-16,-20,-6,7,-5,31,19,9,0,sil
20.3118908405304,0,9,-1,4,7,-18,-25,-7,-4,-7,34,15,7,-10,sil
20.327524185180664,1,4,1,0,-4,-19,-29,-10,-31,-26,23,20,-4,-9,sil
20.341721296310425,10,22,19,10,3,3,-9,-7,-30,-21,9,25,-18,13,sil
20.341721296310425,6,27,19,27,16,15,13,0,-6,9,6,9,-19,25,sil
20.357845067977905,-7,0,2,14,-1,1,10,0,-6,15,-4,-20,-7,-1,sil
20.357845067977905,-8,-19,2,-1,-11,1,4,1,-18,-5,-16,-22,0,-16,sil
20.374955654144287,-3,-7,0,6,2,25,21,6,-5,0,-10,-14,0,-6,sil
20.374955654144287,-11,-3,-9,6,4,29,25,4,4,16,-14,-18,-5,-9,sil
20.374955654144287,-16,-14,-12,-9,-4,10,7,1,3,13,-23,-13,-2,-11,sil
20.389720678329468,3,-6,0,-4,-1,2,-2,-3,10,10,-2,10,14,6,sil
20.405179738998413,33,12,22,7,2,0,-9,-7,11,10,17,32,26,20,sil
20.405179738998413,32,15,15,-2,1,-6,-18,-4,1,-5,2,27,20,11,sil
20.42073345184326,8,15,2,-8,0,-13,-23,-2,-6,-31,-1,9,7,-8,sil
20.42073345184326,0,23,13,9,-9,-13,-24,-2,-6,-35,15,6,0,-19,sil
20.4364652633667,0,13,9,15,-13,-15,-18,2,-1,-20,14,7,-3,-13,sil
20.4364652633667,0,5,4,3,0,-4,-9,4,0,-10,4,3,1,-5,sil
20.452422618865967,4,12,15,5,7,4,-3,0,-9,-6,16,6,4,2,sil
20.452422618865967,10,7,12,13,3,-2,1,0,-15,2,8,1,-11,4,sil
20.46748638153076,0,-2,-3,13,9,2,12,0,-9,4,-18,-16,-24,-5,sil
20.46748638153076,-14,-8,-14,1,7,16,25,0,-1,-2,-17,-26,-17,-10,sil
20.48296284675598,-22,-21,-15,-13,-2,9,30,6,6,2,-7,-21,-15,-4,sil
20.48296284675598,-19,-25,-18,-11,2,7,26,9,16,18,-12,-22,-11,-3,sil
20.498562335968018,-7,-13,-12,0,11,18,18,-2,14,19,-11,-16,0,2,sil
20.498562335968018,2,-5,1,1,5,16,16,0,7,20,-1,-1,3,25,sil
20.51372790336609,1,-5,-5,3,0,2,12,6,13,31,0,-3,1,29,sil
20.51372790336609,-7,-12,-16,-3,-5,-4,0,0,11,20,-10,-11,0,0,sil
20.52944660186768,-15,-23,-20,-20,-11,-9,-8,-9,-3,-5,-19,-9,-4,-16,sil
20.52944660186768,-17,-23,-21,-27,-13,-20,-17,-7,-13,-15,-17,-2,-6,-9,sil
20.54547047615052,-4,-11,-7,-16,-11,-20,-16,0,-8,-10,-5,9,0,-1,sil
20.54547047615052,15,5,8,3,1,-8,-1,10,11,1,8,24,17,9,sil
20.5615918636322,23,15,22,9,8,-8,-4,8,20,8,24,32,31,24,sil
20.5615918636322,20,11,18,0,-2,-11,-18,0,4,10,35,34,30,24,sil
20.57672667503357,7,9,0,-2,-2,-3,-15,-3,-7,1,26,21,16,9,sil
20.57672667503357,-6,13,-1,1,4,0,-7,-5,-5,-18,10,1,2,-8,sil
20.59238362312317,2,16,9,2,-4,0,-7,-8,-6,-21,14,-1,2,-19,sil
20.59238362312317,16,19,19,6,-6,0,-8,-3,-15,-10,16,7,3,-16,sil
20.60845971107483,7,16,15,8,7,0,-10,-2,-20,-15,2,0,-7,-11,sil
20.60845971107483,0,12,3,4,12,-1,-12,-3,-21,-25,0,-12,-18,-17,sil
20.62438058853149,5,20,5,10,6,0,-10,-1,-19,-19,4,-10,-20,-21,sil
20.62438058853149,-3,16,4,24,8,8,5,0,-8,-8,-12,-16,-20,-13,sil
20.63954949378968,-15,-2,3,16,10,20,26,6,7,5,-23,-18,-15,0,sil
20.63954949378968,-8,-10,4,-1,0,19,27,7,20,21,-7,-1,-1,12,sil
20.65550804138184,-6,-14,-10,-9,-14,6,10,-1,21,16,-22,-1,-4,11,sil
20.65550804138184,-18,-22,-18,-12,-12,10,5,-3,8,0,-59,-21,-21,-1,sil
20.67106604576111,-18,-23,-19,-12,-5,14,13,0,0,-1,-36,-23,-12,-5,sil
20.67106604576111,-5,-16,-11,-11,-4,2,17,4,8,14,6,-2,12,10,sil
20.68678092956543,6,-10,0,-11,-1,0,17,8,24,33,11,11,23,24,sil
20.68678092956543,5,-12,-2,-8,-1,-2,6,1,21,29,10,2,20,12,sil
20.70237898826599,-4,-14,-10,-8,-8,-18,-16,-4,4,0,8,-6,6,-6,sil
20.70237898826599,0,-5,-10,-11,-10,-26,-30,0,0,-8,3,5,4,0,sil
20.71840190887451,21,4,5,-6,-3,-15,-27,4,1,2,21,29,22,18,sil
20.71840190887451,25,11,19,6,1,-3,-17,2,-7,-1,36,31,25,7,sil
20.734307765960693,7,17,8,18,10,-1,-2,-5,-19,-14,22,13,2,-13,sil
20.734307765960693,1,20,11,20,16,-3,6,-6,-17,-7,15,9,-6,-10,sil
20.749712705612183,5,16,14,12,10,-4,3,0,-9,4,21,11,1,1,sil
20.749712705612183,-2,11,3,4,3,-7,-6,-4,-19,-8,9,-4,-4,-5,sil
20.765459537506104,-10,12,3,11,9,0,-9,-15,-39,-33,-10,-20,-26,-14,sil
20.765459537506104,-10,7,2,20,12,14,1,-11,-32,-29,-21,-23,-34,-10,sil
20.780879259109497,-15,-8,-5,12,1,19,18,3,0,0,-24,-20,-24,-4,sil
20.780879259109497,-16,-26,-17,-8,-5,17,29,12,21,20,-24,-20,-10,0,sil
20.79639482498169,-8,-25,-21,-20,-3,11,21,10,26,11,-27,-15,-5,6,sil
20.79639482498169,0,-11,-9,-14,-4,0,1,10,31,7,-19,1,3,15,sil
20.81158757209778,11,0,-4,-11,-8,-7,-8,11,31,24,8,17,24,18,sil
20.81158757209778,25,5,5,-16,-5,-4,-11,8,16,14,24,25,27,10,sil
20.82708311080933,26,21,18,0,4,0,-4,4,7,-9,22,22,18,5,sil
20.82708311080933,11,27,18,23,10,0,6,-1,5,-5,21,12,13,1,sil
20.842894792556763,-7,5,3,11,5,0,1,-9,-9,-3,1,-4,-8,-13,sil
20.842894792556763,-16,-16,-12,-5,-3,0,-9,-9,-20,-21,-31,-23,-28,-21,sil
20.858588457107544,-12,-18,-4,0,-3,0,2,-3,-10,-12,-36,-17,-17,-5,sil
20.858588457107544,-13,-16,-8,-8,-5,0,16,-3,5,11,-23,-9,-1,0,sil
20.87437510490417,-19,-22,-34,-32,-22,-4,-1,-7,2,7,-18,-16,-1,-9,sil
20.87437510490417,-15,-16,-22,-34,-22,-9,-22,-1,-6,-7,2,-5,3,-10,sil
20.889524221420288,0,-4,3,-25,-2,-6,-11,3,3,-1,37,17,22,3,sil
20.889524221420288,19,5,8,-16,4,-11,-6,0,11,4,38,19,28,9,sil
20.90469479560852,23,24,14,8,0,-21,-21,-2,0,-2,27,17,20,0,sil
20.90469479560852,18,37,34,36,7,-13,-18,2,-7,-2,31,23,10,-2,sil
20.92093563079834,10,28,37,35,11,-2,-1,0,-12,1,22,16,0,2,sil
20.92093563079834,-12,9,5,14,3,-2,0,-9,-23,0,-4,-8,-16,-3,sil
20.93696117401123,-24,3,-3,4,0,3,-3,-5,-32,-6,-23,-24,-35,-17,sil
20.93696117401123,0,4,10,20,4,20,9,5,-22,-7,-22,-10,-30,-9,sil
20.952362060546875,9,0,8,32,4,24,20,3,-3,0,-10,2,-7,10,sil
20.952362060546875,-4,-6,1,20,0,24,20,0,11,13,-7,-5,0,18,sil
20.96852445602417,0,-8,-2,9,1,23,22,7,22,14,-13,-18,-4,9,sil
20.96852445602417,14,-7,-4,9,5,8,17,8,26,11,-9,-6,0,9,sil
20.98435044288636,13,-3,-5,6,4,-3,4,1,21,14,-2,5,11,17,sil
20.98435044288636,0,-9,-16,-6,1,-5,-4,-4,8,3,-1,1,11,9,sil
20.99979567527771,-6,-18,-14,-23,0,-4,-10,-2,-1,-10,0,1,2,0,sil
20.99979567527771,2,-12,-9,-15,1,-4,-5,2,1,-2,-2,9,0,7,sil
21.01577663421631,7,-2,-8,-5,0,-9,1,5,9,0,-5,10,5,4,sil
21.01577663421631,-10,-10,-13,-26,-8,-8,0,3,8,-5,1,3,8,-8,sil
21.03134846687317,-20,-13,-22,-35,-6,0,4,0,2,-1,5,-4,1,-11,sil
21.03134846687317,-5,0,-14,-16,5,0,7,2,1,-3,-3,-3,-9,-6,sil
21.046868324279785,3,6,-4,-8,7,-2,6,0,8,-1,-4,0,-1,-6,sil
21.046868324279785,0,4,0,-13,0,0,6,-5,5,3,9,1,10,-5,sil
21.06295132637024,-5,3,2,-13,-2,-1,-3,0,-11,-8,14,5,1,-6,sil
21.06295132637024,-13,0,-2,-9,-6,-15,-19,1,-17,-17,3,0,-8,-12,sil
21.078925132751465,-8,6,6,-5,-15,-21,-32,-6,-18,-9,-1,-8,-3,-17,sil
21.078925132751465,5,7,11,-6,-17,-13,-29,-10,-25,-12,0,-6,0,-15,sil
21.09448432922364,9,0,6,-5,-6,-5,-14,-6,-23,-17,0,-4,-5,-6,sil
21.09448432922364,11,8,21,17,7,5,0,0,-8,1,7,1,-4,3,sil
21.109482049942017,16,24,29,41,11,14,2,0,0,16,8,0,3,5,sil
21.109482049942017,8,13,20,30,4,12,-3,-3,0,2,0,-1,-2,1,sil
21.124542951583862,0,4,12,19,2,13,2,0,2,4,4,1,-9,7,sil
21.124542951583862,1,9,7,28,9,9,7,3,5,19,7,1,0,13,sil
21.13967108726501,0,5,3,31,12,0,11,7,2,14,-12,-5,0,8,sil
21.14031767845153,-4,-5,-2,19,12,5,23,11,15,9,-15,-3,0,11,sil
21.156349182128903,-6,-16,-4,0,2,11,26,6,24,16,-7,0,-5,11,sil
21.156349182128903,-12,-22,-16,-13,-14,8,20,0,13,10,-14,-11,-8,-2,sil
21.17074918746948,-6,-16,-21,-14,-13,7,23,3,18,7,-12,-10,3,0,sil
21.17074918746948,5,-10,-6,-9,0,4,15,9,33,7,0,7,20,15,sil
21.18665075302124,5,-11,-4,-12,-5,-10,-9,-1,16,-9,5,12,17,10,sil
21.18665075302124,8,-2,-1,-15,-12,-17,-25,-8,-7,-23,16,19,13,0,sil
21.2023503780365,11,3,2,-13,-4,-7,-18,-5,-5,-11,26,30,24,0,sil
21.20335531234741,-1,-4,-7,-14,-1,-17,-24,-12,-14,-16,9,15,14,-8,sil
21.2199969291687,-4,0,-2,-15,-8,-33,-38,-12,-34,-35,0,8,-5,-11,sil
21.2199969291687,16,22,17,0,-2,-16,-22,-1,-23,-10,28,36,10,6,sil
21.234580278396606,21,30,23,16,12,5,-3,0,-10,20,36,38,22,14,sil
21.234580278396606,-1,7,1,9,14,0,-3,-4,-20,0,-1,-4,-12,-6,sil
21.249781370162964,-20,-11,-18,-1,1,-2,3,-4,-18,-16,-31,-35,-40,-23,sil
21.249781370162964,-12,-4,-7,-1,-5,11,17,1,-6,7,-16,-24,-25,-16,sil
21.265910863876343,-4,7,0,4,0,15,12,6,-2,20,3,-18,-4,-7,sil
21.265910863876343,-15,4,-8,1,5,10,2,5,-8,0,-9,-25,-12,-14,sil
21.281630754470825,-25,0,-13,0,12,16,10,4,-9,-10,-37,-35,-34,-24,sil
21.281630754470825,-12,0,-9,6,23,22,23,11,5,2,-36,-41,-32,-14,sil
21.29698276519776,0,1,1,6,21,26,33,17,26,27,-20,-31,-6,10,sil
21.312904119491577,-2,-8,-8,-11,5,25,36,11,39,36,-25,-25,1,22,sil
21.312904119491577,-5,-30,-23,-27,-5,7,15,2,36,12,-40,-26,-8,14,sil
21.312904119491577,2,-30,-11,-27,-11,-8,-6,0,19,-5,-24,-8,-4,10,sil
21.32857370376587,16,-6,2,-17,-15,-13,-12,-3,9,3,10,15,12,19,sil
21.32857370376587,21,6,11,-4,-13,-17,-19,-2,12,6,21,22,21,19,sil
21.34467649459839,16,0,10,5,-6,-15,-21,-1,10,-5,18,22,22,5,sil
21.34467649459839,6,0,7,6,-5,-10,-11,-8,-9,-13,27,29,19,-2,sil
21.36032223701477,0,0,15,6,-10,-14,-5,-10,-20,-16,37,34,19,-3,sil
21.36032223701477,0,1,11,7,-15,-21,-9,-6,-16,-19,34,29,20,-6,sil
21.374449968338013,2,5,4,1,-11,-14,-16,-4,-19,-16,28,23,14,-9,sil
21.389639377594,0,13,10,10,-1,-3,-11,-3,-12,-4,26,19,11,-9,sil
21.389639377594,-1,18,16,28,1,-2,1,-2,-7,-10,8,9,0,-6,sil
21.405622243881226,-3,16,12,24,1,-3,2,-1,-21,-25,-10,3,-17,-6,sil
21.405622243881226,0,7,1,11,2,-2,-6,0,-15,-7,1,10,-9,-9,sil
21.42059779167176,1,4,1,6,0,-2,-8,1,0,18,24,23,11,-3,sil
21.42059779167176,4,10,0,8,2,0,-8,0,0,11,19,12,11,11,sil
21.4356656074524,12,10,5,14,15,6,-6,0,8,3,6,2,3,20,sil
21.4356656074524,14,9,17,16,18,14,4,7,29,26,4,7,6,26,sil
21.45154595375061,14,9,5,11,13,18,14,12,37,48,8,1,19,36,sil
21.45154595375061,16,0,1,-2,16,16,9,7,25,32,0,-8,17,23,sil
21.467198610305783,0,-9,0,-15,12,6,0,-4,-1,-3,-18,-18,-12,-10,sil
21.467198610305783,-27,-10,-18,-19,0,0,-2,-12,-31,-31,-41,-39,-46,-37,sil
21.482771396636963,-35,-10,-28,-20,0,4,4,-6,-36,-30,-51,-53,-50,-44,sil
21.482771396636963,-37,-24,-35,-31,-8,6,12,-4,-20,-15,-49,-51,-37,-43,sil
23.42967247962952,10,8,0,3,12,5,11,9,6,-3,-9,-3,-4,6,please
23.42967247962952,2,1,-1,0,4,2,2,12,15,8,9,-2,-6,3,please
23.44591856002808,-1,0,-2,-2,0,0,-7,0,16,21,11,0,-8,-1,please
23.44591856002808,-11,-6,-11,-10,-9,-8,-16,-6,0,12,-7,-11,-13,-8,please
23.461631774902344,-12,-10,-9,-13,-14,-3,-16,-9,-8,3,-15,-20,-17,-9,please
23.461631774902344,-2,-13,-5,-9,-5,-3,-5,-9,2,7,0,-8,-9,-1,please
23.476763010025024,-5,-12,-2,-7,-1,-10,2,0,2,2,4,-2,0,2,please
23.476763010025024,-12,-5,-3,-7,-5,0,3,6,-4,-7,-1,-9,-3,-4,please
23.492753505706787,-8,0,-4,-9,-3,8,2,4,-2,-7,-4,-9,-4,-14,please
23.492753505706787,-2,2,0,-4,0,6,5,3,3,0,4,1,5,-8,please
23.507653951644897,0,4,0,1,0,0,4,0,5,0,10,4,15,2,please
23.507653951644897,8,4,9,4,0,-3,-6,-3,0,-3,6,3,13,4,please
23.52353572845459,16,8,18,16,0,-2,-3,4,0,0,11,15,12,13,please
23.52353572845459,19,8,18,24,-3,-5,3,6,1,11,18,29,17,31,please
23.53868818283081,19,1,20,13,-5,-10,0,0,1,17,14,35,23,27,please
23.53868818283081,14,2,10,5,-2,0,-6,2,6,17,17,26,28,13,please
23.55437183380127,5,7,3,8,9,15,-6,3,8,9,21,16,21,10,please
23.55437183380127,1,4,9,11,21,18,5,2,10,12,15,9,13,10,please
23.56951904296875,0,0,7,10,14,3,8,4,11,19,5,6,7,2,please
23.56951904296875,-5,0,-2,4,0,-9,-10,-4,-6,-12,-13,-7,-14,-12,please
23.58471155166626,-22,-7,-18,-8,-6,-12,-13,-13,-21,-41,-34,-28,-31,-22,please
23.58471155166626,-24,-12,-14,-17,-8,-9,1,-5,-11,-18,-19,-19,-20,-17,please
23.600322723388672,-9,-5,-6,-4,-4,-1,8,2,-2,0,4,-3,-8,-14,please
23.600322723388672,1,0,-8,5,-2,-2,3,-3,-4,-15,-5,-12,-19,-14,please
23.616374731063843,1,0,-8,-15,-13,-16,-6,-7,-12,-32,-28,-17,-32,-14,please
23.616374731063843,0,-5,-14,-41,-23,-23,-17,-9,-27,-45,-34,-18,-33,-20,please
23.631539583206177,-1,-4,-13,-31,-15,-11,-16,-4,-32,-45,-24,-17,-17,-17,please
23.631539583206177,9,11,4,2,10,7,0,3,-8,-2,7,4,12,6,please
23.646987438201904,23,23,18,32,31,21,14,2,10,41,34,22,36,23,please
23.646987438201904,16,14,12,33,22,28,11,3,17,42,20,9,31,18,please
23.66302919387817,3,4,-4,14,3,21,8,11,24,31,3,4,21,11,please
23.66302919387817,4,9,1,7,3,9,8,3,18,20,4,11,11,8,please
23.678742170333862,0,7,7,4,2,2,2,-4,-5,0,0,-3,-5,1,please
23.678742170333862,-21,-13,-13,-16,-9,-2,-3,1,-7,-5,-4,-22,-11,-1,please
23.69341325759888,-23,-27,-18,-20,-6,-2,4,7,22,17,14,-2,5,3,please
23.69341325759888,-3,-11,0,6,7,0,22,6,36,36,22,10,8,5,please
23.70950412750244,0,1,14,18,7,-4,13,5,8,18,3,1,-7,-1,please
23.70950412750244,-4,0,16,10,4,-2,0,0,-8,-3,0,3,-2,1,please
23.7255916595459,-1,-7,2,3,1,2,-1,-9,-6,-10,1,3,3,3,please
23.7255916595459,-11,-14,-8,-13,-8,-3,-7,-7,-23,-28,-20,-13,-20,-18,please
23.74170112609864,-12,-9,-5,-19,-12,-5,-13,0,-31,-42,-19,-13,-22,-24,please
23.74170112609864,12,1,6,-5,-4,0,-6,0,-4,-15,11,14,2,6,please
23.757721424102783,24,5,11,2,-2,-1,-1,3,21,17,11,22,6,20,please
23.757721424102783,17,9,4,5,-6,-9,-3,3,18,15,-3,2,1,7,please
23.77293086051941,15,15,5,4,-6,-8,-13,-5,-4,-6,2,0,4,3,please
23.77293086051941,2,4,2,0,-3,-2,-19,-12,-15,-6,6,6,4,5,please
23.78874683380127,-11,-6,-4,-4,-4,1,-6,-3,0,7,-3,1,2,0,please
23.78874683380127,-14,-3,-12,-10,-5,4,12,5,12,6,-14,-13,-2,-9,please
23.80363821983337,-15,-2,-25,-16,-1,6,18,4,1,-7,-27,-24,-12,-18,please
23.80363821983337,-9,0,-10,-9,9,17,12,9,0,-8,-22,-16,-10,-15,please
23.819468021392822,0,7,7,4,12,14,14,11,13,0,-5,-3,1,0,please
23.819468021392822,0,0,0,3,5,-9,11,0,6,3,0,-4,7,5,please
23.835585832595825,2,-6,-1,0,-1,-15,-7,-3,-9,1,3,-1,4,0,please
23.835585832595825,0,-4,1,2,-5,-3,-21,-2,-14,-4,1,2,-2,-2,please
25.282920598983765,8,22,12,14,10,3,1,-3,-11,-8,9,24,-8,-6,please
25.282920598983765,-4,17,0,17,7,19,9,-1,-7,2,-4,-5,-10,-4,please
25.298529624938965,-19,0,-4,1,-5,17,7,0,-5,0,-37,-25,-24,-4,please
25.298529624938965,-17,-14,-6,-3,-9,12,7,-9,-15,-6,-48,-19,-26,2,please
25.298529624938965,-15,-16,-14,1,-1,12,11,-10,-17,-2,-32,-32,-14,8,please
25.314375400543213,-24,-18,-25,-1,-7,3,5,1,-3,0,-22,-58,-10,1,please
25.32953691482544,-26,-25,-23,-15,-16,-5,-4,8,4,2,-23,-39,-10,-2,please
25.32953691482544,-9,-21,-6,-17,-5,1,12,10,17,15,-19,5,0,7,please
25.34532785415649,6,-17,-5,-22,1,5,23,13,31,19,-10,10,7,11,please
25.34532785415649,1,-24,-10,-44,-7,-9,-6,9,17,2,1,0,11,3,please
25.360567808151245,1,-13,-5,-37,-13,-24,-25,3,1,2,16,0,17,-1,please
25.360567808151245,14,6,10,0,-5,-17,-10,6,12,14,20,13,9,-4,please
25.376086711883545,8,3,18,8,0,1,-2,7,9,1,11,15,-9,-11,please
25.376086711883545,-2,0,3,2,-2,4,-4,-4,-6,-18,7,-2,-11,-9,please
25.39215087890625,0,11,0,15,0,-2,0,-10,-3,-11,13,-12,-4,-1,please
25.39215087890625,0,13,5,24,12,6,4,-5,0,6,11,0,0,-1,please
25.40785336494445,-4,0,4,12,16,13,4,-7,-6,11,2,14,5,0,please
25.40785336494445,3,1,13,10,10,1,1,-5,-8,4,5,21,10,5,please
25.423414945602417,13,17,18,28,9,-1,-6,4,0,1,24,31,14,6,please
25.423414945602417,20,27,24,39,6,3,-6,8,5,4,31,33,18,8,please
25.43944931030273,23,22,24,21,-1,0,6,4,6,5,12,7,15,19,please
25.43944931030273,13,5,6,-5,0,0,12,-1,5,-4,-9,-14,3,15,please
25.454901218414307,0,-1,-3,-4,7,7,2,-4,6,-13,-8,8,-6,-2,please
25.454901218414307,0,-2,-7,0,1,6,2,-3,4,-3,0,12,0,0,please
25.47097587585449,2,0,-8,-17,0,-6,6,-7,-9,-7,0,-8,5,7,please
25.47097587585449,-3,1,-8,-16,1,-6,4,-6,-11,-14,3,12,5,-6,please
25.486905097961422,-7,-2,-17,2,-6,0,1,3,6,10,4,14,7,-13,please
25.486905097961422,-3,-10,-19,-14,-11,-5,-9,5,13,19,-13,-43,2,2,please
25.50259017944336,-4,-12,-18,-35,-10,-10,-16,-2,-1,-7,-28,-45,-17,0,please
25.50259017944336,-16,-12,-19,-22,-11,-8,-10,-4,-23,-24,-30,-2,-32,-22,please
25.51864504814148,-22,-5,-11,-2,-8,-5,-12,-7,-41,-25,-32,-13,-25,-24,please
25.51864504814148,-11,8,8,1,0,0,-14,-5,-27,-19,-15,-15,-9,-11,please
25.534469842910767,2,10,22,0,1,5,-4,10,6,8,9,21,1,-1,please
25.534469842910767,6,0,4,0,4,3,2,7,14,19,11,5,6,4,please
25.549469232559204,-4,-8,-11,9,6,0,0,-8,-1,-6,3,-34,-1,0,please
25.549469232559204,-17,-3,-2,21,5,5,6,-4,-2,-14,4,-20,-15,-12,please
25.56556367874145,-8,1,9,25,10,8,11,1,0,9,5,10,-12,-9,please
25.56556367874145,8,1,8,16,8,2,2,2,-10,17,0,17,-2,8,please
25.58073163032532,8,0,2,8,-7,0,7,8,-6,7,0,16,4,23,please
25.58073163032532,8,0,3,8,-7,3,19,7,4,11,2,8,10,22,please
25.596380472183228,6,-1,2,2,2,9,16,2,4,18,4,-9,11,12,please
25.596380472183228,-9,-12,-17,-15,0,11,7,2,8,12,-6,-23,5,2,please
25.61172103881836,-15,-14,-18,-25,-8,2,4,1,20,9,-13,-7,8,0,please
25.61172103881836,0,-6,-4,-10,-7,-3,1,2,30,20,4,6,18,3,please
25.627168655395508,3,-10,-1,-5,-4,3,0,3,31,20,11,1,10,8,please
25.627168655395508,2,-12,3,-18,0,4,1,4,24,3,-2,5,0,6,please
25.64278030395508,14,2,5,-15,1,-8,-1,6,14,-7,4,18,9,4,please
25.64278030395508,19,8,9,0,-3,-17,-8,2,5,-12,21,26,17,1,please
25.658470630645752,7,0,8,-3,-6,-10,-10,-8,0,-14,10,16,1,-10,please
25.658470630645752,0,2,2,-18,-2,-6,-12,-12,-10,-20,-7,1,-12,-17,please
25.674553155899048,2,10,6,-15,0,-12,-12,-4,-13,-25,-1,8,-7,-7,sil
25.674553155899048,9,17,12,10,2,-12,-5,-3,-9,-13,17,19,0,0,sil
25.69005298614502,13,27,15,28,13,-3,-2,-7,-9,-5,18,7,-2,1,sil
25.69005298614502,7,22,7,15,16,4,-6,-4,-13,-13,5,0,-7,-1,sil
25.705772161483765,-2,3,-5,0,6,3,-8,-1,-12,-12,0,1,-7,-5,sil
25.705772161483765,-6,2,-3,8,2,1,-10,0,-14,-2,-4,-11,-4,-6,sil
25.720800638198853,-1,12,0,18,7,4,-10,2,-12,0,1,-15,3,-1,sil
25.720800638198853,-1,9,0,14,6,10,-3,0,-11,0,4,-1,4,2,sil
25.736814498901367,-4,0,2,16,3,11,6,-2,-15,0,-10,-8,-6,-1,sil
25.736814498901367,-5,-7,0,16,3,6,13,-2,-8,7,-16,-25,-2,-2,sil
25.752399682998657,-8,-5,-2,1,-2,5,12,0,0,18,-2,-11,9,3,sil
25.752399682998657,-13,-4,-8,-3,-11,0,7,-3,-5,13,-4,0,0,0,sil
25.76756310462952,-11,-9,-9,5,-5,-9,0,-5,-10,0,-19,-8,-19,-10,sil
25.76756310462952,-11,-13,-11,-5,0,-3,3,0,-4,0,-16,-14,-16,-5,sil
25.78360867500305,-17,-17,-16,-27,-7,6,7,0,-2,2,-16,-14,-9,-5,sil
25.78360867500305,-10,-16,-4,-20,-15,0,3,0,0,-3,-20,-12,-9,-7,sil
25.79958319664001,0,-10,-7,-5,-9,-8,1,6,12,-6,-8,-5,-3,0,sil
25.79958319664001,-5,-14,-13,-12,-1,-4,1,2,11,0,-8,0,-3,0,sil
25.814854860305783,-9,-17,-4,-12,0,14,10,0,10,10,-19,-7,-9,0,sil
25.814854860305783,4,-5,4,3,1,21,19,9,22,22,1,-7,2,16,sil
25.830631017684937,17,6,12,7,6,10,9,13,31,31,31,14,22,24,sil
25.830631017684937,20,6,13,4,9,5,0,7,28,31,31,31,31,15,sil
25.84670877456665,21,8,12,9,3,2,0,3,15,16,22,29,26,15,sil
25.84670877456665,15,18,12,11,0,-7,-8,0,8,0,18,21,14,10,sil
25.86232042312622,10,12,5,5,0,-11,-14,-2,9,-9,15,14,9,0,sil
25.86232042312622,6,-7,0,-14,-12,-15,-15,-7,-8,-20,10,5,2,-2,sil
25.877410173416138,-6,-18,-14,-23,-26,-22,-19,-9,-27,-29,-5,-8,-7,-9,sil
25.877410173416138,-6,-5,-12,-5,-8,-16,-13,-1,-16,-21,-13,-9,-5,-10,sil
25.89262700080872,10,10,4,8,13,0,2,7,2,-7,8,7,8,2,sil
25.89262700080872,8,8,0,0,10,3,1,0,0,-5,19,6,6,6,sil
25.908798456192017,0,4,0,-1,2,-2,-12,-6,-7,-13,1,3,-6,4,sil
25.908798456192017,7,12,13,8,5,4,-1,0,-4,-5,0,10,-2,10,sil
25.924452304840088,9,14,13,9,5,13,13,3,-3,1,2,3,1,5,sil
25.924452304840088,-13,-2,-3,-6,-1,6,1,-5,-16,-12,-13,-11,-16,-17,sil
25.93963432312012,-13,-10,-10,-15,0,0,-3,-8,-16,-10,-8,-11,-16,-24,sil
25.93963432312012,5,13,10,4,10,2,12,0,2,14,10,-2,2,-5,sil
25.95546078681945,-3,24,7,15,5,0,13,0,4,9,-3,-8,-5,-4,sil
25.95546078681945,-20,0,-7,-6,-3,-8,0,-10,-14,-16,-18,-9,-20,-13,sil
25.97049450874329,-7,2,5,-6,3,-3,-3,-3,-10,-9,0,4,-5,-8,sil
25.97049450874329,0,21,4,26,15,-1,-4,0,0,6,7,4,2,-9,sil
25.9859459400177,-13,4,-2,19,9,-3,-18,-3,-9,2,-12,-8,-7,-15,sil
25.9859459400177,-19,-5,-3,-15,-8,0,-13,-4,-11,0,-19,-13,-11,-13,sil
26.001612424850464,-13,6,-5,-6,-9,0,5,-3,0,-1,-16,-12,-9,-7,sil
26.001612424850464,-7,-12,-1,20,6,4,8,-1,-2,2,-22,-13,-14,-1,sil
26.01715898513794,-15,-43,-15,-3,0,9,2,2,-9,12,-30,-19,-16,0,sil
26.032856464385983,-22,-27,-28,-36,-22,0,0,3,-1,8,-34,-20,-12,2,sil
26.032856464385983,-5,-2,-14,-14,-8,1,9,6,19,9,-29,-11,5,12,sil
26.048444032669067,14,-2,-2,-1,17,16,25,16,40,28,-9,3,22,20,sil
26.048444032669067,18,-3,1,-3,8,18,24,20,39,33,20,17,29,22,sil
26.048444032669067,15,-11,-2,8,-15,-1,4,10,24,13,36,10,29,18,sil
26.06358742713928,19,-21,-3,0,-26,-16,-10,3,10,-2,21,2,18,13,sil
26.08010005950928,34,-6,15,0,-11,6,-4,6,14,10,34,23,24,27,sil
26.08010005950928,42,2,23,29,7,13,-6,4,14,14,63,36,32,35,sil
26.09596300125122,39,-8,21,19,2,-11,-21,-1,-13,-13,52,21,18,22,sil
26.09596300125122,49,0,30,22,0,-2,-12,-8,-28,-15,45,9,30,27,sil
26.09596300125122,34,22,23,27,1,2,0,-10,-17,-14,32,9,24,10,sil
0.0280046463012695,-17,25,-4,-17,2,-18,-6,-10,-21,-39,-11,8,-30,-42,sil
0.0280046463012695,-31,25,-5,-27,14,-16,-4,-12,-23,-30,-14,9,-43,-49,sil
0.0435173511505126,-23,21,6,-1,12,-7,2,-9,-10,-6,-7,2,-22,-26,sil
0.0435173511505126,-43,6,-11,-14,-8,-5,1,-5,-8,-17,-35,-16,-33,-26,sil
0.059610366821289,-51,4,-23,-24,-6,5,0,-9,-19,-18,-41,-23,-44,-24,sil
0.059610366821289,-38,0,-13,-6,11,7,8,-4,-12,-8,-38,-22,-40,-17,sil
0.0759050846099853,-23,-12,-9,1,0,3,13,5,5,1,-39,-23,-21,-9,sil
0.0759050846099853,-12,-13,-8,-6,-15,10,8,10,18,25,-15,-11,7,3,sil
0.09096360206604,-7,-7,-9,-10,-5,9,6,7,22,35,-7,-3,16,7,sil
0.09096360206604,4,-7,-2,-2,1,-2,2,3,12,13,-22,-1,6,2,sil
0.1066715717315673,14,-5,0,0,-1,-8,-8,2,3,-2,-15,0,11,0,sil
0.1066715717315673,10,-2,-5,-2,4,-6,-12,2,5,0,0,1,16,2,sil
0.1221623420715332,17,0,0,-1,12,0,-2,3,10,3,13,11,17,11,sil
0.1382431983947754,32,14,12,10,11,-2,1,3,6,0,28,19,24,14,sil
0.1382431983947754,17,19,15,17,8,-7,-4,-4,-10,-9,27,8,12,2,sil
0.1382431983947754,-8,1,4,7,4,0,-1,-3,-14,0,13,-9,-13,-2,sil
0.1538684368133545,-7,-11,-9,0,-1,0,0,2,1,16,0,-15,-13,0,please
0.1538684368133545,7,-8,-7,6,0,-6,-6,3,10,0,-5,-4,4,0,please
0.1689181327819824,10,-1,-4,0,0,-11,-7,3,5,-5,22,7,19,0,please
0.1850087642669677,5,7,1,-6,-4,-6,-10,-5,-6,7,42,12,15,0,please
0.1850087642669677,2,15,19,9,2,7,-15,-16,-24,-7,4,0,-9,-1,please
0.2010214328765869,0,13,22,21,8,17,0,-9,-19,-22,-19,-12,-20,2,please
0.2010214328765869,-2,1,13,4,0,20,20,0,-4,0,0,-7,-6,14,please
0.2165446281433105,-8,-12,-1,-1,-11,14,17,0,-6,12,0,-5,-6,10,please
0.2165446281433105,-17,-15,-10,0,-13,12,11,1,-8,-6,-27,-15,-19,-2,please
0.231654405593872,-21,-18,-12,-15,-8,20,14,7,6,-3,-26,-14,-13,0,please
0.231654405593872,-12,-18,-13,-22,-7,8,14,9,20,15,-14,0,2,10,please
0.2468571662902832,-1,-3,-2,2,-6,-10,7,9,20,13,-17,11,4,5,please
0.2468571662902832,4,0,-3,14,-1,-13,-1,4,12,1,-10,2,-2,-6,please
0.2618608474731445,14,-12,-10,-9,-3,-14,-8,2,7,1,7,1,6,-6,please
0.2618608474731445,22,-4,0,-20,-11,-23,-7,4,11,4,16,23,24,2,please
0.2776837348937988,20,7,6,0,-3,-22,-13,0,9,-5,16,29,18,5,please
0.2776837348937988,21,10,12,9,10,-10,-23,-3,0,-13,24,31,11,8,please
0.2929718494415283,21,14,11,0,4,-1,-12,0,2,2,30,33,24,12,please
0.2929718494415283,1,8,-6,-12,-4,-1,0,-4,0,7,13,9,16,-3,please
0.3085665702819824,-16,0,-8,-14,6,-5,-7,-13,-13,-12,-1,-8,-7,-24,please
0.3085665702819824,-9,10,3,0,15,-4,-11,-6,-11,-12,0,-8,-12,-23,please
0.3236706256866455,-4,14,0,7,7,-1,-3,-1,-8,-3,-6,-14,-12,-15,please
0.3236706256866455,-15,3,-10,-5,4,5,1,-9,-18,-19,-20,-23,-23,-11,please
0.3397135734558105,-19,1,0,-7,8,19,11,-3,-11,-22,-19,-27,-24,-11,please
0.3397135734558105,-10,6,13,16,11,30,29,13,10,6,-13,-26,-13,-6,please
0.355241060256958,-2,6,6,31,10,30,31,14,17,29,-7,-16,-1,9,please
0.355241060256958,-3,2,7,21,8,22,20,0,7,36,7,2,4,16,please
0.3707625865936279,-6,-4,9,15,4,13,20,-6,0,34,12,6,8,11,please
0.3707625865936279,-8,-13,-6,11,-3,9,19,-6,-5,7,-10,-6,-1,7,please
0.3860397338867187,-3,-21,-8,-6,-14,2,4,-2,-8,-19,-18,-7,-12,8,please
0.3860397338867187,3,-22,-4,-14,-14,-17,-8,1,-3,-21,-6,0,-3,7,please
0.401545763015747,3,-15,-9,-11,-9,-26,-18,-1,-8,-28,-7,3,5,3,please
0.401545763015747,9,-10,-4,-15,-6,-18,-24,-4,-8,-26,-2,8,9,4,please
0.4167141914367676,16,1,0,-11,0,-17,-27,-2,2,2,14,9,12,1,please
0.4167141914367676,5,11,-5,3,4,-24,-33,-4,-7,4,9,-3,-6,-12,please
0.4319438934326172,-8,3,-12,-1,-12,-23,-28,-2,-22,-12,1,-12,-17,-17,please
0.4319438934326172,-2,0,-6,-22,-22,-19,-17,8,-9,-3,14,0,5,-3,please
0.4475095272064209,9,14,5,-10,-5,-8,-11,17,12,8,19,13,16,6,please
0.4475095272064209,9,27,11,20,7,7,7,13,24,12,11,6,1,2,please
0.4629278182983398,0,15,13,22,9,15,24,2,19,30,3,-3,-2,-5,please
0.4629278182983398,-6,-5,-4,0,5,14,15,-2,14,34,-15,-16,-5,-12,please
0.4788932800292969,-5,-12,-17,-21,0,16,6,1,16,-2,-30,-19,-8,-8,please
0.4788932800292969,9,-2,0,-21,0,7,6,2,10,-19,-1,15,16,12,please
0.4949884414672851,26,9,20,-2,6,-7,-2,-9,-6,0,33,54,38,29,please
0.4949884414672851,14,16,23,6,6,-7,-11,-18,-18,-2,19,45,17,19,please
0.5109004974365234,-3,14,15,3,2,2,-5,-5,-9,-9,-6,9,-4,1,please
0.5109004974365234,-10,4,3,6,4,6,4,5,4,0,-3,-9,-9,-10,please
0.5263321399688721,-20,-8,-4,8,4,10,13,0,-1,-6,-6,-27,-21,-26,please
0.5263321399688721,-25,-14,-11,6,-4,22,20,-7,-15,-23,-24,-36,-32,-30,please
0.542243242263794,-13,-12,-8,8,-4,23,18,1,-7,-10,-16,-12,-17,-2,please
0.542243242263794,0,-17,-2,10,1,9,17,16,10,9,0,12,4,23,please
0.5579416751861572,7,-22,1,6,-1,7,23,20,23,21,6,24,19,28,please
0.5579416751861572,12,-13,4,0,-2,8,17,12,29,29,13,35,26,31,please
0.5735516548156738,9,-3,-7,-8,0,-8,-9,-3,9,12,9,27,18,17,please
0.5735516548156738,6,0,-10,-6,-1,-21,-32,-18,-21,-25,0,7,-1,-15,please
0.5891737937927246,6,11,2,4,6,-15,-25,-18,-24,-31,1,-4,-12,-29,please
0.5891737937927246,-2,13,8,8,10,-10,-10,-13,-16,-14,-8,-19,-17,-23,please
0.6049118041992188,-9,0,6,10,0,-4,-2,-7,-23,-5,-22,-26,-18,-11,please
0.6049118041992188,-3,0,2,14,-1,10,9,1,-8,17,-4,-18,0,7,please
0.6200129985809326,-6,2,-8,-4,-1,6,10,6,11,33,7,-14,15,14,please
0.6200129985809326,-5,-6,-17,-20,-9,-17,-8,-1,0,5,-2,-22,9,2,please
0.6354830265045166,12,1,-9,-13,-7,-28,-24,-10,-15,-27,0,-29,-1,-8,please
0.6354830265045166,17,21,1,-13,0,-16,-23,-1,-7,-27,14,-24,-5,-10,please
0.6515533924102783,4,25,3,-6,4,0,-6,10,5,-10,16,-18,-7,-8,please
0.6515533924102783,-10,17,7,15,9,13,10,10,9,1,0,-22,-12,-11,please
0.667680025100708,-23,-2,-4,6,2,14,19,8,17,19,-18,-26,-19,-10,please
0.667680025100708,-18,-22,-22,-14,-8,12,26,18,31,48,-11,-11,-3,5,please
2.0667316913604736,-19,-12,-22,-8,0,0,1,8,0,9,-16,-22,-1,0,please
2.0667316913604736,-12,-15,-17,-14,-4,0,1,6,11,4,-12,-12,-1,0,please
2.0828185081481934,-2,-8,-7,-8,-4,4,7,4,6,10,-4,0,1,8,please
2.0828185081481934,3,-7,-1,-6,0,2,9,6,6,26,1,1,11,17,please
2.0989367961883545,12,-2,3,-8,0,-3,5,9,17,24,3,1,17,12,please
2.0989367961883545,8,-4,-5,-20,-2,-2,8,11,20,9,-2,-2,8,2,please
2.1145408153533936,-5,-14,-22,-27,-6,6,15,11,20,4,-9,-10,0,-3,please
2.1145408153533936,-2,-7,-8,-14,-5,4,8,1,16,4,0,0,5,-6,please
2.1304914951324463,12,0,7,-21,-4,-10,-2,-6,9,5,10,10,15,-2,please
2.1304914951324463,10,-7,1,-43,0,-13,-5,-1,5,0,10,14,18,6,please
2.1456758975982666,11,8,3,-17,10,-10,-6,2,0,-24,17,23,18,7,please
2.1456758975982666,22,36,22,27,15,-9,-6,0,-6,-39,28,24,15,0,please
2.161106824874878,13,27,21,21,6,-11,-9,-5,-6,-21,26,17,4,-4,please
2.161106824874878,-2,4,5,-3,-6,-20,-20,-8,-6,-4,8,6,-9,-7,please
2.1768367290496826,-10,1,2,1,-9,-14,-19,-8,-12,-8,-6,-1,-22,-11,please
2.1768367290496826,-12,1,10,18,0,12,3,-3,-16,-1,0,2,-20,-5,please
2.1928725242614746,-5,-4,3,23,-1,20,14,0,-13,13,3,2,-9,3,please
2.1928725242614746,-7,-6,2,18,-6,6,1,-4,-16,0,-13,-12,-15,0,please
2.2080166339874268,-15,1,8,21,2,12,0,-4,-18,-7,-15,-12,-19,-1,please
2.2080166339874268,-3,8,8,26,14,29,12,0,-4,16,4,3,0,11,please
2.2239856719970703,4,5,7,22,15,23,12,2,11,28,9,-1,10,17,please
2.2239856719970703,-3,0,0,22,4,6,-2,-8,8,14,-3,-19,1,11,please
2.2396020889282227,0,-5,-7,11,-5,-4,-14,-18,-11,0,-14,-20,-3,3,please
2.2396020889282227,0,-24,-21,-16,-11,-14,-10,-9,-19,-3,-25,-16,-8,-9,please
2.2549855709075928,-13,-32,-38,-35,-15,-20,0,3,-1,-4,-26,-12,-6,-20,please
2.2549855709075928,-7,-18,-26,-27,-19,-23,-3,9,12,-9,-11,2,8,-15,please
2.2705788612365723,4,-9,-6,-12,-13,-27,-18,10,1,-20,0,10,9,-6,please
2.2705788612365723,5,-1,-5,-11,0,-17,-20,11,-3,-23,2,11,-3,-4,please
2.2858328819274902,21,19,6,-9,4,-5,-1,14,14,0,19,24,8,4,please
2.2858328819274902,31,28,24,3,5,-1,12,11,29,22,31,30,30,15,please
2.301533460617065,12,18,19,9,9,4,6,5,20,5,21,15,23,6,please
2.301533460617065,2,17,10,9,9,13,1,5,11,-7,12,4,2,-2,please
2.317602634429932,8,18,13,9,7,9,6,0,2,0,14,8,-8,0,please
2.317602634429932,4,10,11,7,8,13,7,-11,-8,0,9,5,-9,1,please
2.3329548835754395,-5,2,7,12,6,17,3,-23,-21,-11,-1,-4,-6,-2,please
2.3329548835754395,-9,4,12,17,3,5,-1,-25,-38,-11,-4,-5,-14,0,please
2.348750114440918,-5,6,9,10,1,0,-1,-17,-38,0,-3,-7,-16,3,please
2.348750114440918,-6,-2,1,-3,0,7,5,-7,-17,0,-11,-16,-6,3,please
2.363765954971313,-16,-22,-15,-15,-1,20,16,7,6,-7,-27,-29,-10,-4,please
2.363765954971313,-17,-27,-35,-25,0,26,29,25,30,7,-33,-39,-16,-7,please
2.3796207904815674,-12,-20,-30,-33,0,16,30,27,47,29,-27,-29,-3,1,please
2.3796207904815674,-16,-24,-20,-30,0,0,17,19,46,34,-15,-5,10,8,please
2.395869970321656,-20,-33,-26,-27,0,-7,0,14,29,29,-9,-6,9,0,please
2.395869970321656,-12,-28,-32,-35,-6,-15,-22,4,9,10,-17,-20,0,-13,please
2.411634683609009,-4,-12,-30,-33,-13,-30,-37,-5,-7,-5,-8,-6,0,-11,please
2.411634683609009,1,9,-5,-13,-8,-31,-30,-9,-22,-5,25,21,22,0,please
2.426973819732666,12,29,23,15,4,-12,-18,-13,-24,-10,32,23,21,0,please
2.426973819732666,20,34,34,40,12,3,-7,-13,-12,-19,14,14,-7,0,please
2.4430363178253174,15,29,35,43,14,10,6,-9,-6,-10,15,17,-11,4,please
2.4430363178253174,1,16,26,32,6,11,7,-11,-19,-9,11,6,-5,0,please
2.4581687450408936,-1,1,16,24,-13,0,-1,-8,-24,-15,-8,1,-16,-1,please
2.4581687450408936,10,-3,12,14,-28,-21,-1,5,0,-2,-5,22,-1,15,please
2.4738800525665283,22,-4,8,3,-16,-26,-4,9,13,0,25,37,31,19,please
2.4738800525665283,25,0,14,11,0,-9,-6,4,0,-5,49,39,37,3,please
3.996240615844727,5,20,16,10,4,8,5,-1,-22,-14,1,-6,-9,-6,please
3.996240615844727,3,23,28,25,15,24,23,0,-11,11,2,1,-2,12,please
4.017565965652466,-2,5,10,9,14,29,22,-2,-7,15,-13,-3,-7,12,please
4.018566370010376,-5,-5,-7,-10,-1,14,14,-4,-14,-2,-29,-11,-16,0,please
4.018566370010376,-4,-4,-8,-4,-8,12,11,0,-4,0,-19,-6,-4,2,please
4.027640581130981,-4,-6,-1,10,-3,19,11,2,10,18,-1,0,6,10,please
4.0426130294799805,-3,-6,-2,11,-8,8,10,4,9,22,-5,-5,-3,11,please
4.0426130294799805,-4,-5,-8,0,-13,-9,0,0,2,8,-23,-18,-21,2,please
4.057745933532715,-9,-8,-3,-4,-1,-7,-12,-1,2,-1,-21,-17,-13,-3,please
4.057745933532715,0,-3,5,4,6,5,0,9,23,22,9,5,20,16,please
4.072893381118774,11,1,7,5,4,9,9,17,40,44,26,23,30,32,please
4.072893381118774,3,-6,-1,-8,-1,-7,-7,6,27,14,7,3,10,5,please
4.088045597076416,-5,-12,-5,-11,-7,-22,-15,0,4,-11,0,-4,13,-11,please
4.088045597076416,2,-5,7,0,-5,-17,-2,3,5,1,19,18,30,3,please
4.1036248207092285,6,-7,4,0,-11,-16,0,4,9,2,22,19,15,4,please
4.1036248207092285,-2,-14,-8,-10,-15,-23,-9,0,-3,-9,15,2,-1,-7,please
4.118610143661499,0,-9,-4,-13,0,-20,-9,0,-6,-2,21,10,6,-4,please
4.118610143661499,8,0,4,-10,10,-4,-2,0,0,-7,16,20,7,-1,please
4.134108781814575,12,4,4,-5,-1,2,-2,0,-6,-24,1,20,-5,-9,please
4.150226831436157,15,11,-1,3,-3,-12,-12,-7,-12,-14,3,12,-7,-11,please
4.150226831436157,14,12,1,8,13,-17,-19,-11,-17,-2,15,7,1,-8,please
4.150226831436157,13,15,15,17,17,2,-6,-13,-23,-10,19,16,6,-7,please
4.165963888168335,16,27,20,36,3,11,4,-12,-17,-14,16,22,3,-3,please
4.165963888168335,5,28,16,36,0,0,0,-11,-15,-12,8,5,-7,0,please
4.181512355804443,-7,11,4,24,8,4,1,-12,-26,-7,0,-16,-14,0,please
4.181512355804443,-6,6,0,26,9,21,12,-2,-24,2,-1,-18,-6,3,please
4.197626352310181,-1,15,5,30,7,22,16,11,0,12,-4,-11,0,13,please
4.197626352310181,-9,7,-6,21,11,14,13,6,13,13,-23,-18,-11,8,please
4.2137415409088135,-26,-17,-28,2,9,13,8,0,5,10,-42,-35,-27,-9,please
4.2137415409088135,-35,-35,-36,-12,1,17,14,9,10,15,-46,-48,-29,-16,please
4.229506015777588,-40,-38,-43,-26,-5,15,16,11,23,6,-45,-55,-25,-12,please
4.229506015777588,-36,-27,-43,-54,-16,7,0,-1,14,-14,-55,-47,-24,-13,please
4.245152235031128,-9,-1,-10,-88,-18,4,-3,0,4,-9,-55,-16,-15,-3,please
4.245152235031128,14,4,10,-83,-2,5,12,15,18,16,-25,2,8,15,please
4.260794878005981,0,-17,-17,-39,-1,-3,13,21,32,25,0,-18,20,16,please
4.260794878005981,-15,-24,-20,-10,-14,-16,-4,11,24,13,2,-23,14,2,please
4.2759668827056885,-2,-4,3,-6,-10,-19,-12,1,12,1,11,25,13,-2,please
4.2759668827056885,7,7,1,-18,0,-16,-12,0,7,-4,21,38,10,-5,please
4.2919206619262695,25,16,31,-24,0,-15,-16,-3,0,-9,26,7,7,3,please
4.2919206619262695,54,20,72,12,-3,-12,-8,-5,-10,-12,39,25,26,23,please
4.306694984436035,43,5,45,45,-5,-5,-4,-7,-21,-11,49,70,31,17,please
4.306694984436035,10,0,9,33,0,-7,-19,-11,-27,-8,47,63,14,-6,please
4.322744607925415,6,8,10,45,4,-8,-20,-10,-13,-5,53,40,19,-6,please
4.322744607925415,7,12,18,68,-2,0,-1,-4,-3,-7,49,39,22,5,please
4.338734149932861,13,16,25,45,-2,2,6,-1,-7,0,24,33,9,7,please
4.338734149932861,19,21,18,19,8,-5,0,-7,-7,13,13,24,9,3,please
4.353987693786621,1,11,-1,18,13,-7,-2,-11,-7,-5,14,4,2,-6,please
4.369647979736328,-12,0,-13,15,10,2,6,-2,-13,-28,-5,-24,-21,-10,please
4.369647979736328,-8,-6,-8,5,4,8,11,4,-14,-17,-31,-24,-28,-6,please
4.369647979736328,-4,-5,-6,3,0,5,7,3,-10,0,-32,-20,-26,-3,please
4.385073184967041,-1,7,-8,7,4,10,3,0,-3,2,-21,-31,-24,0,please
4.401068925857544,-5,7,-12,2,9,18,0,0,9,8,-16,-30,-16,1,please
4.401068925857544,-18,-8,-21,-7,4,11,0,-1,10,10,-22,-31,-14,-3,please
4.401068925857544,-24,-12,-18,-10,2,7,7,1,-2,4,-31,-39,-17,-9,please
4.415865898132324,-18,-6,-13,-10,0,8,9,1,-2,9,-31,-29,-18,-11,sil
4.431367635726929,-15,-4,-17,-18,-7,5,5,-2,8,14,-23,-21,-13,-7,sil
4.431367635726929,-14,-12,-16,-24,-5,7,10,5,17,11,-16,-18,1,5,sil
4.447309970855713,-10,-16,-12,-18,-1,11,22,12,25,22,-10,-7,13,14,sil
4.447309970855713,-5,-10,-9,-17,-7,7,19,9,24,30,-2,4,12,12,sil
4.4625232219696045,-2,-14,-7,-27,-14,2,12,19,24,21,-6,3,15,10,sil
4.4625232219696045,3,-16,-8,-28,-10,-4,2,20,29,15,-1,1,21,7,sil
4.478546619415283,12,0,-4,-20,0,-15,-19,-1,15,12,21,15,24,0,sil
4.478546619415283,12,8,-4,-15,2,-16,-30,-7,-4,-6,24,20,20,-1,sil
4.494806289672852,9,2,0,-13,0,-16,-19,0,-7,-28,4,8,5,0,sil
4.494806289672852,13,2,11,-8,-3,-19,-10,-2,-8,-29,3,9,-1,-2,sil
4.510284900665283,9,12,17,0,-3,-24,-13,-10,-21,-24,14,22,3,-4,sil
4.510284900665283,7,18,22,5,1,-27,-20,-12,-33,-33,10,18,1,-3,sil
4.525635004043579,11,13,17,8,6,-17,-21,-15,-34,-25,4,2,-10,-7,sil
4.525635004043579,7,6,8,9,1,0,-12,-13,-29,-10,12,2,-8,-8,sil
4.540593862533569,5,10,17,16,0,5,0,-3,-17,-15,20,16,5,0,sil
4.540593862533569,11,15,19,25,8,5,0,-1,-3,-17,17,18,7,3,sil
4.555822849273682,-2,2,3,16,7,3,-2,-8,-8,-8,1,4,-14,-8,sil
4.555822849273682,-21,-12,-12,1,-3,6,0,-8,-14,-11,-15,-13,-33,-21,sil
4.5712316036224365,-20,-10,-13,0,-5,18,6,-1,-3,-6,-22,-21,-25,-16,sil
4.5712316036224365,-14,0,-2,11,3,24,11,0,6,15,-12,-10,-8,-5,sil
4.586967706680298,-13,-3,5,23,9,20,18,0,9,24,-4,0,-5,-1,sil
4.586967706680298,-8,-11,6,14,4,18,20,3,10,15,-11,-7,-13,-1,sil
4.602086305618286,2,-9,3,6,0,13,17,9,13,20,-13,-17,-10,5,sil
4.602086305618286,13,1,9,18,1,11,18,8,20,40,1,0,7,18,sil
4.618179559707642,18,15,22,25,4,17,24,11,34,46,14,23,23,29,sil
4.618179559707642,17,21,14,12,5,10,21,20,38,30,16,8,25,30,sil
4.633823156356812,5,5,-7,-3,-5,-5,8,16,17,10,8,-12,19,22,sil
4.633823156356812,0,-12,-21,-8,-17,-13,3,5,7,5,0,-3,18,12,sil
4.649389743804932,3,-16,-17,-19,-9,-18,-1,-1,7,-6,4,5,21,5,sil
4.649389743804932,-4,-14,-11,-37,-12,-27,-21,0,-8,-31,5,-3,15,0,sil
4.66515064239502,-17,-19,-22,-27,-26,-20,-25,1,-10,-24,-7,-7,4,-9,sil
4.66515064239502,-11,-23,-29,-22,-5,-7,-16,-4,3,-1,-17,-3,-4,-18,sil
4.6802146434783936,0,-16,-18,-42,20,-11,-11,-10,-5,-7,-13,-12,-10,-21,sil
4.6802146434783936,5,7,0,-26,14,-10,-4,-7,-19,-17,0,-3,-3,-11,sil
4.695857048034668,15,35,16,19,8,-3,-4,-8,-19,-11,20,22,3,-3,sil
4.695857048034668,13,41,13,30,6,-5,-16,-13,-23,-12,22,23,-7,-7,sil
4.710916757583618,-1,23,10,26,5,2,-11,-10,-19,-21,9,2,-15,-7,sil
4.710916757583618,-8,10,12,34,8,20,2,-1,-3,-12,-5,-9,-12,-1,sil
4.726080894470215,-8,8,8,14,1,19,5,1,0,4,-16,-11,-17,-4,sil
4.726080894470215,-10,-2,0,-10,1,15,13,5,2,11,-11,-6,-15,-1,sil
4.741576671600342,-5,-16,-10,2,9,16,17,11,16,14,-7,-6,-2,11,sil
4.741576671600342,0,-15,-15,10,4,4,2,9,17,16,-19,-8,1,14,sil
4.756783723831177,-1,-12,-12,-12,-7,-16,-9,-1,2,8,-13,4,3,2,sil
4.756783723831177,0,-13,-3,-23,-14,-25,-16,-12,-13,-5,9,19,0,-7,sil
4.771928787231445,10,-6,13,-14,-14,-19,-27,-14,-23,-21,11,13,-13,-9,sil
4.771928787231445,12,5,18,-6,-4,-9,-22,-7,-18,-25,4,1,-14,-5,sil
4.788007497787476,0,9,6,0,1,-3,-1,0,-8,-9,10,2,-3,-5,sil
4.803631067276001,-9,5,6,12,2,10,18,9,0,9,6,-7,-1,-4,sil
4.803631067276001,-10,-1,12,15,6,26,28,9,12,16,-1,-22,3,5,sil
4.803631067276001,-13,-11,3,-8,-2,16,19,7,12,17,-6,-15,14,11,sil
4.818814039230347,-13,-17,-14,-21,-15,0,14,12,16,28,-13,-7,21,13,sil
4.818814039230347,0,-13,-10,-9,-7,0,17,10,27,32,-11,0,29,17,sil
4.834948539733887,10,-7,5,-6,0,-6,4,-1,21,12,2,14,28,10,sil
4.850765466690064,11,3,5,-7,0,-19,-16,-8,0,-9,14,20,15,-3,sil
4.850765466690064,12,16,6,0,2,-14,-21,-10,-15,-17,20,18,5,-12,sil
4.850765466690064,11,11,3,3,-1,-9,-16,-12,-23,-24,13,8,-5,-17,sil
4.865782737731934,0,5,0,9,-4,-6,-11,-8,-22,-35,0,-12,-21,-17,sil
4.865782737731934,-1,14,7,33,8,15,7,0,-6,-20,1,-8,-16,-3,sil
4.88093376159668,10,21,13,44,19,34,28,3,5,8,5,9,-4,5,sil
4.896590232849121,1,11,5,18,20,21,28,1,2,10,-8,0,-11,2,sil
4.896590232849121,-15,-3,-10,-1,11,10,19,4,5,7,-15,-14,-13,2,sil
4.912476301193237,-10,-14,-17,0,-7,16,17,12,24,23,-3,-9,0,13,sil
4.912476301193237,0,-13,-14,-3,-7,14,13,14,34,25,0,-2,-2,22,sil
4.927514791488648,2,-9,-17,-13,10,0,3,4,26,7,-10,-3,-10,17,sil
4.927514791488648,3,-13,-16,-15,4,-10,-10,-1,14,0,-12,0,-1,1,sil
4.942869663238525,2,-13,-11,-17,-15,-19,-20,0,4,1,-2,2,7,-8,sil
4.942869663238525,-4,0,-19,-26,-18,-30,-37,-6,-16,-13,-2,-1,0,-14,sil
4.958822011947632,-7,5,-20,-30,-14,-36,-53,-19,-44,-39,-6,-3,-7,-20,sil
4.958822011947632,5,10,0,-16,-7,-29,-38,-13,-42,-32,7,2,1,-12,sil
4.9748358726501465,12,25,22,0,3,-14,-11,0,-23,-13,18,12,8,-1,sil
4.9748358726501465,3,27,28,15,6,-1,0,2,-14,-5,9,6,4,-6,sil
4.990698337554932,1,17,28,32,11,15,11,5,-1,9,14,2,10,-1,sil
4.990698337554932,2,9,28,36,23,28,28,14,15,35,26,8,18,14,sil
5.006607294082642,-11,-5,9,19,9,18,21,7,13,34,7,-2,3,7,sil
5.006607294082642,-28,-24,-8,0,-14,5,6,-9,-1,0,-19,-19,-17,-7,sil
5.022143125534058,-20,-22,-4,-4,-12,8,15,-6,0,-8,-21,-16,-12,-1,sil
5.022143125534058,-4,-19,-5,-5,-3,3,18,2,10,9,-19,-9,-2,3,sil
5.03730058670044,-1,-32,-17,-16,-14,-15,0,-1,12,12,-13,2,0,0,sil
5.03730058670044,7,-31,-15,-35,-20,-17,-6,-2,12,2,10,22,19,6,sil
5.052777290344238,17,-4,5,-27,-5,-4,-3,3,5,-6,24,26,30,10,sil
5.052777290344238,15,16,21,15,7,-1,-11,0,-7,-22,11,14,5,0,sil
5.068013906478882,14,19,20,41,9,4,-11,-7,-8,-14,0,1,-14,-1,sil
5.068013906478882,8,12,11,29,11,27,14,-2,4,7,-2,-6,-12,5,sil
5.083820104598999,0,7,1,0,9,35,31,2,12,13,-11,-15,-10,7,sil
5.083820104598999,8,0,0,-39,1,11,9,2,6,0,-19,-15,-10,6,sil
5.098974704742432,10,-2,-13,-32,0,-10,-12,1,0,-4,-6,0,1,6,sil
5.098974704742432,0,15,-26,13,7,-10,-5,3,8,-1,20,19,18,2,sil
5.114896059036255,0,33,0,7,12,-10,-4,1,7,-3,27,18,12,-5,sil
5.114896059036255,-6,20,14,-12,-1,-14,-17,-12,-23,-19,0,-13,-18,-21,sil
5.1307642459869385,-30,-6,-10,10,-9,-6,-16,-17,-43,-22,-27,-30,-39,-29,sil
5.1307642459869385,-26,-20,-16,16,3,11,1,0,-15,2,-21,-19,-26,-13,sil
5.145930051803589,0,-8,-1,0,5,13,16,12,14,18,-1,-8,-5,6,sil
5.145930051803589,1,2,-2,-2,-12,-1,15,10,9,5,-3,-3,3,11,sil
5.161513805389404,-3,-10,-16,0,-14,-11,7,13,10,2,-12,0,10,5,sil
5.161513805389404,3,-22,-18,-4,-2,-13,0,9,19,15,-3,4,17,0,sil
5.176638126373291,3,-8,-6,-8,-6,-22,-12,-4,0,3,3,13,10,-1,sil
5.176638126373291,0,6,0,-12,-11,-19,-20,-6,-20,-19,2,12,0,-6,sil
5.192245960235596,9,12,7,-5,3,0,-13,0,-13,-17,12,7,4,-7,sil
5.192245960235596,19,11,17,6,13,14,-1,3,0,0,24,11,20,0,sil
5.207909822463989,12,9,19,9,12,16,7,0,9,5,21,12,20,7,sil
5.207909822463989,2,17,23,10,15,13,5,-7,8,6,21,5,9,1,sil
5.223991632461548,1,14,21,15,14,5,-5,-10,-2,6,14,0,1,-2,sil
5.223991632461548,-6,-2,12,19,8,2,0,-6,-6,2,-4,-4,0,4,sil
5.239613056182861,-13,-7,2,21,0,9,12,-1,6,10,-13,-10,-2,10,sil
5.239613056182861,-9,-7,-1,13,-2,13,8,-2,11,18,-8,-12,-7,9,sil
5.254785299301148,-6,-6,1,7,0,9,9,-1,7,11,-5,0,-7,12,sil
5.254785299301148,-5,-2,3,9,-3,5,26,9,12,12,-5,7,-2,18,sil
5.2708024978637695,-8,-18,-14,-13,-19,-3,12,11,4,8,-14,-3,-8,2,sil
5.2708024978637695,-12,-36,-32,-32,-30,-13,-10,4,-8,-6,-25,-17,-15,-14,sil
5.285908460617065,1,-10,-8,-8,-10,-7,2,8,6,-4,-14,-3,0,1,sil
5.285908460617065,21,3,13,0,5,-4,10,11,16,0,0,9,5,15,sil
5.301599979400635,8,-22,-22,-34,-10,-17,-14,-3,-10,-23,-14,-8,-13,-8,sil
5.301599979400635,-10,-23,-41,-47,-17,-20,-27,-12,-26,-38,-18,-12,-11,-25,sil
5.317224025726318,4,15,-2,-20,0,-7,-16,0,-6,-13,13,11,15,-8,sil
5.317224025726318,24,27,16,0,7,-3,-12,1,2,4,32,17,15,4,sil
5.333013534545898,14,8,1,-4,2,-5,-18,-4,-10,-5,23,8,-2,-3,sil
5.333013534545898,5,9,0,0,7,-1,-13,-6,-8,-8,16,12,0,-5,sil
5.34850025177002,7,31,21,16,18,1,0,-5,3,1,20,18,9,5,sil
5.34850025177002,4,30,25,21,23,6,7,-2,3,7,18,9,3,8,sil
5.365197420120239,-11,6,2,8,12,11,5,-4,-4,0,1,-4,-9,-6,sil
5.365197420120239,-26,-2,-2,3,0,9,0,-11,-16,-10,-11,-14,-15,-22,sil
5.380516052246094,-17,5,8,16,2,7,-2,-7,-17,-2,-14,-20,-12,-17,sil
5.380516052246094,0,2,9,22,9,11,0,5,0,7,-13,-14,-8,-1,sil
5.395778656005859,0,-4,2,22,9,14,14,5,8,2,-7,-4,-2,0,sil
5.395778656005859,-4,4,4,29,7,9,25,0,1,2,-3,-3,7,-2,sil
5.41142463684082,4,9,9,25,1,4,22,12,5,14,0,4,16,5,sil
5.41142463684082,7,-1,-4,13,-10,3,18,19,20,22,3,10,12,11,sil
5.426671504974365,-3,-12,-21,0,-16,0,10,2,15,10,-9,-5,-3,5,sil
5.426671504974365,-2,-12,-9,-8,-12,-2,2,-2,2,0,-28,-20,-12,7,sil
5.442734241485596,3,-7,4,-6,-6,2,8,5,6,17,-17,-11,0,13,sil
5.442734241485596,-3,-13,-3,-11,-5,6,13,6,9,26,-10,2,4,11,sil
5.45792293548584,-8,-28,-19,-33,-12,0,0,2,5,0,-23,0,-1,9,sil
5.45792293548584,-3,-27,-14,-43,-12,-11,-13,0,0,-17,-5,3,4,7,sil
5.4739532470703125,5,-9,-5,-29,-3,-17,-16,0,4,-3,31,20,19,3,sil
5.4739532470703125,6,-2,-9,-21,-8,-24,-20,3,7,-4,30,20,12,0,sil
5.489571809768677,0,-3,-3,-20,-12,-21,-28,-2,-3,-25,16,7,-1,-11,sil
5.489571809768677,1,4,7,-2,6,-7,-19,-14,-13,-23,19,0,0,-14,sil
5.504611492156982,7,11,6,7,14,-1,-9,-10,-14,-4,17,-2,5,-3,sil
5.504611492156982,4,9,4,0,0,-6,-18,-7,-18,-9,10,-1,0,-4,sil
5.519799947738648,0,17,7,12,4,-3,-21,-12,-14,-16,11,1,-5,-12,sil
5.519799947738648,3,30,18,31,18,-1,-8,-8,-4,1,9,1,1,-6,sil
5.536453008651733,5,25,15,22,14,-4,0,0,-1,13,2,2,2,1,sil
5.536453008651733,3,10,2,8,6,3,1,0,-4,-1,3,5,-3,5,sil
5.551626682281494,1,5,2,7,2,13,2,0,-5,-7,6,2,-2,5,sil
5.551626682281494,0,5,6,11,-1,11,15,5,-5,3,-5,-5,-2,-2,sil
5.566826581954956,-8,-4,0,9,-1,12,26,3,-10,0,-29,-10,-16,-9,sil
5.582897663116455,-13,-17,-4,3,2,21,25,-3,-7,-4,-37,-14,-24,-3,sil
5.582897663116455,-9,-13,2,6,5,26,26,2,5,11,-22,-9,-14,4,sil
5.582897663116455,-4,-7,4,6,2,17,32,10,9,17,-12,-3,-5,3,sil
5.5976550579071045,-11,-14,-11,0,-3,10,28,9,11,14,-18,-12,-3,0,sil
5.613749980926514,-10,-13,-9,-3,0,18,21,16,29,24,-12,-13,0,5,sil
5.613749980926514,2,-5,0,0,2,17,17,23,47,32,0,-1,7,17,sil
5.630809783935547,0,-17,-18,-16,-10,-11,-2,10,33,13,-5,-2,7,9,sil
5.630809783935547,-3,-20,-27,-27,-25,-32,-29,-2,7,0,-6,-4,8,-1,sil
5.630809783935547,14,-1,-12,-12,-17,-28,-32,-3,2,1,15,10,17,1,sil
5.645931482315064,23,3,-2,-13,0,-22,-28,-6,-1,-17,23,21,17,0,sil
5.645931482315064,15,3,-2,-23,2,-21,-30,-8,-13,-35,13,15,10,-9,sil
5.661536455154419,13,20,9,-3,1,-19,-31,-8,-20,-20,20,17,12,-7,sil
5.661536455154419,14,32,26,14,8,-14,-23,-13,-29,-13,27,26,13,0,sil
5.676734924316406,6,27,21,14,9,-2,-6,-9,-28,-15,23,18,7,4,sil
5.692482709884644,-3,16,8,10,0,4,0,-4,-18,-9,20,2,0,-1,sil
5.692482709884644,-15,3,4,4,-7,-4,-14,-12,-22,-20,7,-1,-17,-21,sil
5.707635879516602,-19,-3,2,-1,-5,-8,-17,-14,-27,-25,-8,-7,-24,-21,sil
5.707635879516602,-6,-1,9,3,2,1,0,-2,-13,0,-7,-10,-13,0,sil
5.722927331924439,4,3,17,18,6,13,20,2,3,12,-3,-7,3,5,sil
5.722927331924439,0,0,5,18,8,24,29,6,12,10,-9,-5,4,0,sil
5.7385358810424805,-6,-14,-11,0,10,30,28,8,16,19,-17,-15,-9,1,sil
5.7385358810424805,-2,-15,-13,-3,5,23,26,5,20,21,-18,-18,-15,4,sil
5.753650426864624,0,-5,-3,4,6,20,29,6,19,5,-11,-7,-3,5,sil
5.753650426864624,-9,0,-8,2,11,21,23,10,17,7,-6,-10,2,4,sil
5.769751310348511,-15,0,-16,-6,1,3,3,7,17,22,-10,-15,-3,3,sil
5.769751310348511,-8,-9,-13,-3,-9,-12,0,6,18,23,-8,-5,-5,4,sil
5.785876989364624,-5,-11,-10,-1,-5,-2,12,7,9,11,-4,-4,-2,6,sil
5.785876989364624,-14,-11,-8,-12,-4,1,8,2,-3,0,-12,-15,-4,8,sil
5.800666809082031,-6,-18,-9,-16,-15,-15,-7,0,-8,-9,-28,-18,-10,5,sil
5.800666809082031,11,-17,-2,-13,-19,-19,-12,-2,-2,-8,-17,-3,-5,4,sil
5.816632032394409,15,-5,10,-9,-9,-10,-7,-2,8,8,16,20,22,15,sil
5.816632032394409,9,2,7,0,2,-10,-4,0,8,5,20,25,36,12,sil
5.832167148590088,6,4,0,2,5,-14,-10,0,-10,-27,0,11,10,-6,sil
5.832167148590088,6,0,-3,-4,-6,-14,-19,0,-16,-30,4,8,-7,-14,sil
5.847546815872192,15,5,-1,-3,-11,-16,-24,-1,-6,-4,21,19,5,-7,sil
5.847546815872192,19,21,12,1,0,-17,-26,-5,-6,-2,22,24,11,-4,sil
5.863140821456909,5,19,18,2,6,-4,-20,-1,-6,-4,16,14,0,-7,sil
5.863140821456909,1,11,9,6,7,7,-7,1,-3,7,24,12,3,-5,sil
6.3445885181427,0,11,2,8,-12,-18,-12,-4,0,-7,13,9,3,-17,sil
6.3445885181427,15,16,15,13,9,0,-3,0,9,0,29,14,5,-1,sil
6.359733581542969,0,2,-2,0,13,-1,-8,-14,-10,-12,5,-10,-5,-7,sil
6.359733581542969,-13,-8,-10,-7,0,-7,-5,-13,-19,-11,-7,-21,-10,-17,sil
6.375715255737305,-3,-2,6,2,1,2,0,1,-4,4,0,-4,-8,-11,sil
6.375715255737305,-2,3,9,8,3,10,-4,0,4,12,-5,-12,-10,-6,sil
6.390845775604248,-11,7,11,7,4,14,-1,-3,5,18,-8,-18,-9,-3,sil
6.390845775604248,-7,7,7,9,14,23,11,5,5,22,-7,-4,-4,-4,sil
6.406346559524536,-9,-2,-2,1,10,16,11,4,-3,11,-16,-8,-9,-5,sil
6.406346559524536,-11,-6,6,-1,-4,0,9,-3,-11,4,-10,-11,-8,4,sil
6.421519994735718,1,-1,10,5,-4,3,19,-1,-4,13,4,6,3,14,sil
6.421519994735718,5,-6,-3,-1,1,9,18,0,0,6,-2,10,0,14,sil
6.436662912368774,0,-14,-14,-11,0,0,10,2,3,-10,-13,-1,-10,11,sil
6.436662912368774,5,-13,-4,1,-10,-2,7,13,17,0,0,1,5,12,sil
6.451922416687012,10,-10,0,6,-19,2,2,21,30,18,10,9,21,18,sil
6.451922416687012,0,-12,-15,-17,-17,-10,-5,8,15,-5,0,2,9,6,sil
6.467548847198486,-10,-5,-21,-27,-3,-23,-19,-8,-20,-46,1,0,-2,-17,sil
6.467548847198486,-4,11,1,-4,6,-15,-19,-10,-27,-29,14,11,0,-14,sil
6.483646154403687,1,21,17,12,7,-1,3,-5,-8,13,12,4,-3,1,sil
6.483646154403687,-10,2,4,12,3,7,16,-5,-4,13,-6,-17,-16,-6,sil
6.499034404754639,-16,-17,-10,6,-5,10,5,-3,-7,-2,-17,-24,-17,-15,sil
6.499034404754639,-5,-19,-14,-9,-7,5,0,-2,-5,3,-18,-12,-13,-7,sil
6.514591455459595,-2,-11,-17,-21,1,1,0,-3,1,7,-20,-10,-10,-1,sil
6.514591455459595,-2,-5,-14,-14,3,1,-13,0,20,4,-11,-5,3,6,sil
6.529930591583252,9,-2,-1,-7,-6,-2,-17,13,31,9,4,5,17,11,sil
6.529930591583252,15,4,1,-4,-4,-6,-5,15,22,11,5,4,19,4,sil
6.545915365219116,9,10,1,-2,6,-1,-1,5,10,5,5,12,23,1,sil
6.545915365219116,12,4,4,0,7,0,4,1,0,-5,14,25,26,5,sil
6.561326026916504,14,8,7,3,4,0,15,-2,-18,-22,10,11,14,0,sil
6.561326026916504,7,28,20,13,11,4,12,-10,-29,-20,12,5,4,-7,sil
6.5766215324401855,10,32,30,30,16,9,3,-7,-14,0,29,24,7,-2,sil
6.5766215324401855,13,16,27,44,16,8,-1,-3,0,5,26,21,8,9,sil
6.592719316482544,2,12,14,30,14,4,-9,-6,-4,0,0,-6,-2,6,sil
6.592719316482544,-8,9,2,4,2,6,-9,-4,-7,10,-12,-17,-20,-3,sil
6.607905864715576,-16,-11,-7,-6,-13,7,3,0,0,18,-17,-11,-29,0,sil
6.607905864715576,-17,-32,-27,-17,-21,-6,5,3,0,4,-22,-10,-19,2,sil
6.623484611511231,-5,-21,-25,-31,-17,-23,-6,0,-4,-14,-12,0,-9,-7,sil
6.623484611511231,6,-1,-3,-22,-11,-25,-14,-2,-7,-19,2,6,-7,-12,sil
6.639128923416138,2,0,2,-8,-5,-21,-16,-1,-13,-15,4,-1,-5,-9,sil
6.654892921447754,-4,3,7,0,0,-5,-7,0,-9,-7,10,-1,0,-3,sil
6.654892921447754,3,16,16,15,1,16,17,4,17,17,19,2,4,10,sil
6.654892921447754,2,2,5,11,0,22,24,10,36,30,7,-3,4,16,sil
6.6698317527771,-11,-31,-11,-10,-1,9,6,9,32,13,-13,-9,0,5,sil
6.685662984848023,-6,-31,-15,-16,-3,-5,-5,3,23,-2,-13,-4,1,-2,sil
6.685662984848023,7,0,-3,-6,0,-13,-14,-3,9,-11,2,1,9,-7,sil
6.700665235519409,0,5,0,3,4,-6,-16,-15,-12,-18,2,-7,0,-17,sil
6.700665235519409,-20,-14,-6,2,3,7,-5,-20,-35,-15,-21,-27,-22,-24,sil
6.716796636581421,-19,-10,-12,0,2,19,14,-7,-27,-1,-31,-21,-15,-13,sil
6.716796636581421,0,11,-8,4,5,21,27,2,0,11,-7,7,12,13,sil
6.732358694076538,0,5,-4,0,0,7,14,7,0,11,0,12,15,24,sil
6.732358694076538,-1,-7,-14,-17,-4,-4,0,12,-1,10,-8,-2,11,9,sil
6.748125076293945,8,1,-11,-18,0,-9,0,11,16,10,3,6,27,2,sil
6.748125076293945,8,9,4,-13,-1,-19,-6,4,11,-5,15,22,24,4,sil
6.763835668563843,0,5,5,-4,-9,-22,-20,-4,-12,-23,6,11,-3,-7,sil
6.763835668563843,5,12,14,16,-4,-9,-18,-9,-18,-16,10,6,-11,-11,sil
6.779934644699097,14,20,31,27,4,0,-3,-3,-12,0,22,6,-8,4,sil
6.779934644699097,3,13,26,23,8,7,6,2,-8,8,12,-7,-16,8,sil
6.795619487762451,-2,5,15,25,11,15,15,6,-4,8,-1,-8,-16,4,sil
6.795619487762451,8,7,13,26,4,17,22,11,6,13,-3,7,0,13,sil
6.810566663742065,9,0,6,3,0,19,21,9,20,15,-2,8,3,14,sil
6.810566663742065,-2,-21,-12,-20,2,14,15,5,22,8,-4,-7,-3,4,sil
6.826783895492554,0,-23,-20,-22,0,-5,3,2,14,-1,-4,-2,1,0,sil
6.826783895492554,18,-1,-4,-6,-3,-24,-14,-2,6,-6,3,17,13,-1,sil
6.841956615447998,27,12,3,3,2,-22,-22,-5,0,-9,17,24,15,3,sil
6.841956615447998,18,10,0,-2,6,-9,-18,-8,-7,-15,22,22,8,0,sil
6.857645511627197,8,12,-1,1,3,-2,-15,-12,-11,-12,15,13,3,-14,sil
6.857645511627197,-1,17,8,23,5,0,-15,-13,-11,-1,2,-7,-1,-18,sil
6.872770071029663,-15,13,12,27,11,11,-5,-11,-12,2,-10,-27,-11,-10,sil
6.872770071029663,-24,0,-2,14,9,24,12,-5,-5,9,-14,-26,-17,-5,sil
6.888740301132202,-30,-18,-21,-5,-4,19,21,3,12,23,-19,-22,-11,-2,sil
6.888740301132202,-38,-31,-37,-33,-18,0,13,7,17,19,-36,-37,-8,-10,sil
6.904832601547241,-43,-36,-47,-50,-20,-13,-1,4,0,-6,-44,-43,-13,-21,sil
6.904832601547241,-31,-34,-34,-41,-21,-17,-14,1,-8,-23,-24,-17,-7,-12,sil
6.919740676879883,-9,-17,-13,-26,-28,-24,-24,0,-3,-26,0,8,7,-1,sil
6.919740676879883,6,4,1,-17,-22,-25,-21,2,-11,-26,13,19,16,0,sil
6.934939622879028,17,15,19,-3,1,-10,-5,5,-9,-10,24,24,16,7,sil
6.934939622879028,25,19,36,16,13,3,6,4,5,4,22,20,5,12,sil
6.95048975944519,25,23,45,27,9,6,11,0,0,-3,18,21,-6,11,sil
6.95048975944519,24,21,37,24,10,9,11,-5,-9,2,19,22,1,16,sil
6.965953350067139,17,7,25,19,20,21,10,-3,-2,32,15,13,14,24,sil
6.965953350067139,5,-8,15,16,18,24,20,5,12,43,9,4,8,20,sil
6.982018709182739,0,-17,-1,9,3,10,24,5,23,26,0,-2,-2,6,sil
6.982018709182739,-1,-17,-12,-2,-5,0,7,0,18,0,-19,-12,-7,0,sil
6.997620344161987,1,-11,-15,-5,-5,-3,0,6,7,-10,-23,-14,-3,2,sil
6.997620344161987,12,2,-12,3,-1,-4,3,10,6,-1,0,0,3,2,sil
7.013137102127075,18,17,-2,5,4,-8,-1,6,7,-6,15,16,7,-4,sil
7.013137102127075,6,22,0,2,9,-6,-12,-4,-7,-20,8,13,0,-16,sil
7.028293132781982,-3,26,5,10,13,4,-12,-13,-20,-16,4,6,-7,-14,sil
7.028293132781982,5,30,13,29,19,10,1,-6,-2,3,15,6,1,3,sil
7.043837547302246,1,15,1,14,9,4,9,-2,9,15,9,-3,2,7,sil
7.043837547302246,-24,-11,-25,-22,-12,0,-2,-7,-6,4,-19,-25,-17,-10,sil
7.059729337692261,-30,-22,-33,-22,-19,0,-7,-2,-10,-5,-27,-26,-22,-15,sil
7.059729337692261,-13,-22,-22,-14,-13,-5,-3,5,-3,-3,-13,-9,-5,-3,sil
7.075923919677734,-8,-25,-22,-34,-19,-20,-8,0,-13,-8,-13,-5,1,-3,sil
7.075923919677734,-7,-11,-12,-33,-15,-20,-19,-9,-24,-23,-8,-2,0,-13,sil
7.091060161590576,6,13,17,1,4,-6,-21,-7,-24,-29,10,1,0,-12,sil
7.091060161590576,10,17,28,22,6,7,-8,-3,-9,-17,9,-4,0,-6,sil
7.107009172439575,-1,1,20,21,0,25,11,2,7,11,0,-5,-3,-2,sil
7.107009172439575,-6,-6,8,21,15,32,19,8,16,34,-3,-2,-3,1,sil
7.122696161270142,0,-11,-4,7,15,3,5,5,21,24,-4,0,2,10,sil
7.122696161270142,10,-15,-2,-13,-10,-20,0,8,28,10,2,17,11,21,sil
7.140137434005737,15,-12,0,-19,-20,-11,4,12,21,13,8,21,19,20,sil
7.140137434005737,7,-3,-2,-15,-9,-10,1,0,3,5,9,7,26,6,sil
7.153656244277954,7,7,8,-4,-4,-21,-5,-8,-6,-6,21,13,26,2,sil
7.153656244277954,11,17,26,13,0,-13,-8,0,-10,-4,24,19,14,5,sil
7.169572830200195,-3,15,18,23,9,1,-6,-1,-14,2,12,0,0,-4,sil
7.169572830200195,-13,8,5,24,5,10,2,-9,-7,5,0,-13,-11,-8,sil
7.184997797012329,-12,0,5,19,3,17,14,-6,0,-2,-14,-13,-26,0,sil
7.184997797012329,-22,-14,-12,3,9,18,15,-2,-1,-13,-28,-21,-27,1,sil
7.200872659683228,-26,-14,-37,-20,6,15,12,0,2,-1,-25,-23,-7,-1,sil
7.200872659683228,-7,-5,-26,-29,2,7,6,12,20,14,-14,-4,5,0,sil
7.216253280639648,4,-7,-17,-22,0,-1,0,12,25,6,-11,1,-2,1,sil
7.216253280639648,3,-7,-19,-24,-7,-7,-11,0,4,-13,-9,-4,-14,-2,sil
7.231853008270264,9,2,-5,-21,-8,-9,-10,0,-9,-19,0,1,-12,-10,sil
7.231853008270264,20,8,12,-1,0,-11,0,2,-3,-15,13,15,1,-7,sil
7.247845411300659,16,15,17,9,6,-7,-1,-2,-4,-12,17,21,7,0,sil
7.247845411300659,8,23,14,16,6,-1,-8,-6,-13,-5,11,11,-2,-3,sil
7.262501239776611,11,21,23,31,4,3,-4,0,-12,4,11,1,-3,-3,sil
7.262501239776611,14,12,29,35,4,8,6,3,-2,13,16,0,8,6,sil
7.277667760848999,0,1,12,23,8,8,14,0,0,14,6,-2,9,10,sil
7.277667760848999,-12,-14,-1,7,2,7,12,-2,0,9,-3,-1,1,11,sil
7.29289698600769,-2,-20,-4,-3,-7,3,4,-2,4,7,-3,5,10,13,sil
7.29289698600769,1,-10,-14,-16,-8,-7,0,4,6,5,-4,2,13,5,sil
7.308903694152832,0,-3,-16,-27,-11,-20,-13,6,-2,-1,-5,0,0,-7,sil
7.308903694152832,4,0,-6,-17,-17,-24,-32,-10,-16,-12,-3,3,-7,-16,sil
7.3250086307525635,-2,8,1,1,-6,-16,-27,-23,-27,-21,0,0,-9,-18,sil
7.3250086307525635,-10,15,2,8,5,5,2,-8,-17,-14,3,-11,-9,-8,sil
7.340563774108887,-3,8,1,6,5,24,20,4,2,4,2,-9,-1,4,sil
7.340563774108887,-5,-12,-3,8,8,19,20,4,16,17,-12,-9,-1,6,sil
7.356628656387329,-13,-19,-11,0,6,11,20,10,31,24,-20,-16,-3,8,sil
7.356628656387329,-12,-9,-8,-17,0,9,8,12,38,21,-8,-12,3,13,sil
7.37222146987915,-9,-6,-13,-17,-3,-2,-8,1,17,4,0,-5,9,1,sil
7.37222146987915,-2,-12,-14,-9,-6,-15,-12,0,-4,-9,-1,0,5,-6,sil
7.387328624725342,3,-14,-3,-10,-9,-8,-3,1,-7,-14,2,7,5,1,sil
7.387328624725342,-2,-11,-5,-12,-12,0,0,-2,-7,-12,6,4,8,5,sil
7.403083086013794,0,-7,-3,-9,-13,-6,-7,-2,-13,-9,3,6,7,0,sil
7.403083086013794,13,0,6,2,-3,-10,-8,3,-3,-2,5,16,3,-1,sil
7.418550252914429,4,14,6,13,9,0,-5,0,0,-2,6,9,-1,-11,sil
7.418550252914429,-1,26,12,13,11,5,-4,-5,-7,-11,13,3,-5,-17,sil
7.434623718261719,13,33,25,22,16,0,1,0,2,-2,25,12,0,-2,sil
7.450435400009155,20,34,25,28,29,-2,3,4,9,11,21,19,6,9,sil
7.450435400009155,16,25,18,18,22,-1,-3,1,-10,2,11,11,5,0,sil
7.450435400009155,13,14,16,20,8,5,-1,-6,-18,-8,12,0,-6,-5,sil
7.466848373413086,0,3,14,26,10,21,12,-8,-13,0,-8,-12,-19,-2,sil
7.466848373413086,-13,-10,0,5,5,25,21,-3,-7,10,-36,-19,-23,6,sil
7.481016874313354,-9,-18,0,-15,-6,12,17,-1,4,6,-24,-11,-10,13,sil
7.496155261993408,-1,-16,1,-6,-3,3,15,0,12,13,-5,-9,7,13,sil
7.496155261993408,-9,-20,-12,-1,-1,1,12,3,6,26,-12,-10,6,11,sil
7.511769533157349,-23,-29,-25,-22,-21,-6,-6,5,0,8,-16,-5,-10,1,sil
7.511769533157349,-16,-23,-23,-34,-30,-14,-22,0,-7,-24,-11,-6,-10,-15,sil
7.526940107345581,1,-3,-11,-24,-12,-12,-15,-1,-14,-25,-7,0,5,-14,sil
7.526940107345581,5,0,-9,-11,-7,-14,-7,4,2,-4,-1,8,11,5,sil
7.542356491088867,-1,-14,-19,-11,-20,-18,-4,11,19,2,-2,-2,5,9,sil
7.542356491088867,-6,-14,-18,-18,-14,-13,5,14,19,3,-6,-8,5,0,sil
7.558015584945679,-9,0,-14,-15,-2,-8,7,7,18,1,-7,-4,1,-5,sil
7.558015584945679,-4,0,-11,-6,-6,-9,-5,-2,8,-3,-5,-4,-4,-4,sil
7.573540210723877,14,-4,0,0,-9,-4,-6,-2,3,2,6,7,3,2,sil
7.573540210723877,18,6,4,5,0,1,0,0,13,6,19,20,15,1,sil
7.588665962219238,4,17,3,4,12,0,-4,-5,3,-6,16,11,2,-9,sil
7.588665962219238,11,18,9,8,19,0,-6,-5,-7,-4,18,7,0,-5,sil
7.604890823364258,20,21,19,15,17,1,-6,-7,-5,4,25,14,14,3,sil
7.604890823364258,1,18,15,8,10,0,-19,-11,-17,-12,9,3,4,-5,sil
7.620750427246094,-15,8,4,0,8,3,-19,-6,-24,-17,-6,-7,-11,-11,sil
7.620750427246094,-6,1,13,8,11,11,-1,0,-6,7,8,2,2,0,sil
7.636031627655029,1,4,19,21,13,12,7,0,0,10,22,3,9,2,sil
7.636031627655029,-9,8,7,19,14,11,2,-4,-18,-16,-1,-16,-16,-15,sil
7.652019739151001,-8,6,1,14,13,10,8,-5,-24,-24,-21,-20,-27,-19,sil
7.652019739151001,11,5,10,25,9,15,25,0,-10,-8,-9,0,-6,2,sil
7.667611837387085,10,3,15,28,4,21,21,5,-6,0,0,8,0,16,sil
7.667611837387085,-8,-3,5,13,-3,12,6,-2,-1,15,0,0,-2,11,sil
7.683705568313599,-9,-9,0,-1,-11,0,6,0,14,38,10,-1,5,10,sil
7.683705568313599,0,-10,-1,-7,-9,4,17,16,24,44,12,1,10,17,sil
7.698844194412231,0,-10,-9,-11,-6,8,23,14,19,27,7,3,11,16,sil
7.698844194412231,-1,-6,-6,-17,-15,-1,15,0,7,-1,6,8,12,10,sil
7.714932441711426,5,-5,-1,-23,-25,-13,6,1,5,-13,-3,9,-1,11,sil
7.714932441711426,4,-13,-10,-24,-21,-12,-3,6,8,-4,-15,8,-12,7,sil
7.730695009231567,0,-17,-11,-19,-9,-14,-22,-3,2,0,-10,12,0,0,please
7.730695009231567,3,-6,-3,-8,-1,-20,-32,-5,0,0,0,7,9,3,please
7.745917320251465,3,4,-1,3,5,-16,-24,0,0,-2,-5,0,3,6,please
7.745917320251465,-5,0,-15,4,6,-12,-16,0,0,-11,-29,-11,-6,-8,please
7.76152777671814,-7,-7,-28,-9,-1,-15,-10,2,5,-19,-45,-26,-13,-16,please
7.76152777671814,1,0,-18,-12,-3,-8,0,7,1,-21,-30,-26,-16,-10,please
7.7767174243927,5,8,-8,0,6,-2,7,2,-9,-21,-20,-24,-12,-17,please
7.7767174243927,-1,3,-10,0,12,-9,1,-2,-1,-16,-21,-18,-4,-21,please
7.79278039932251,-13,-5,-12,-4,4,-5,-4,-1,10,-2,-4,-13,0,-16,please
7.79278039932251,-21,-5,-12,-5,1,5,-10,-8,-8,-5,1,-16,-1,-23,please
7.807924747467041,-15,3,-4,-4,14,11,-8,-9,-16,-3,0,-2,3,-25,please
7.807924747467041,1,13,7,9,15,14,6,5,18,38,34,9,24,-3,please
7.823578119277954,18,13,24,17,2,14,13,13,33,53,62,17,32,19,please
7.823578119277954,20,3,34,0,0,15,11,4,11,14,40,36,21,23,please
7.839294672012329,8,-2,24,-19,2,21,12,-2,1,0,18,11,4,9,please
7.839294672012329,1,-6,15,-22,-7,5,4,-4,-6,3,13,-18,-10,-3,please
7.854737281799316,1,-9,11,-15,-15,-15,-5,-6,-21,-17,10,34,-9,3,please
7.854737281799316,-3,-3,15,0,-9,-4,-7,-12,-25,-33,15,72,0,18,please
7.869854927062988,-8,-3,13,15,-12,4,-4,-13,-25,-15,6,8,-10,6,please
7.869854927062988,-9,-5,-4,24,-17,-5,-5,-7,-27,2,-13,-43,-24,-17,please
7.885167360305786,0,17,1,35,2,-7,-2,-3,-24,-1,-1,-9,-8,-2,please
7.885167360305786,24,41,29,47,19,2,2,-2,-13,-8,19,35,12,30,please
7.900351524353027,22,25,20,38,3,6,3,-2,-7,-4,12,22,1,23,please
7.900351524353027,0,9,-1,25,-4,11,7,-2,-3,0,1,-9,-6,0,please
7.915792465209961,-4,13,-5,20,12,16,20,5,11,9,-7,-6,8,4,please
7.915792465209961,-7,0,-16,-5,13,7,16,14,29,20,-24,-7,4,3,please
7.930912733078003,-10,-17,-28,-22,-3,-3,0,9,20,9,-28,-34,-13,-8,please
7.947057008743286,-2,-14,-14,-9,0,-2,-4,1,0,-1,-22,-27,-11,-2,please
7.947057008743286,-8,-13,-16,-7,9,-1,4,10,12,15,-30,-15,-8,1,please
7.947057008743286,-21,-23,-32,-20,-4,0,10,18,30,24,-38,-39,-14,-8,please
7.962754011154175,-19,-25,-24,-27,-8,9,7,15,22,2,-26,-33,-9,-7,please
7.962754011154175,-10,-24,-26,-35,-3,0,0,8,15,-12,-11,0,3,-4,please
7.977907657623291,3,-18,-19,-39,-6,-23,-11,0,7,-13,-3,18,14,-9,please
7.993100166320801,25,-5,12,-28,-10,-27,-22,-3,-7,-6,9,22,21,-1,please
7.993100166320801,32,1,13,-10,-7,-20,-21,2,-1,0,25,25,28,9,please
8.009004354476929,19,3,0,-2,-1,-22,-12,0,10,0,32,28,34,9,please
8.0099937915802,0,2,2,-4,6,-17,-5,-9,-2,-4,27,21,20,2,please
8.0099937915802,-11,0,8,-3,9,0,-2,-12,-9,-8,12,-1,-3,-4,please
8.030616044998169,-8,2,12,6,6,12,-2,-9,-1,-5,4,-11,-11,-10,please
8.031616926193237,6,17,21,21,7,10,0,-8,-7,6,12,3,-1,-2,please
8.039745092391968,17,36,34,33,9,4,0,-5,-14,3,14,22,2,5,please
8.05495309829712,10,31,30,32,2,1,-5,-2,-5,-7,8,14,-2,-5,please
8.05495309829712,-8,7,9,14,-3,1,-12,-6,-7,-2,9,-4,-8,-17,please
8.070361375808716,-18,-3,2,6,0,13,0,-10,-17,4,4,-8,-9,-13,please
8.070361375808716,-16,0,1,11,1,28,14,-5,-8,3,-11,-14,-11,-11,please
8.08560299873352,-11,2,-1,12,0,22,11,-4,-6,-2,-20,-23,-16,-11,please
8.08560299873352,0,7,0,11,0,2,6,-2,-12,-10,-17,-20,-21,-3,please
8.101255178451538,2,4,-1,4,0,1,8,0,-14,-18,-18,-14,-26,0,please
8.101255178451538,-16,-9,-16,-5,-2,9,13,0,-16,-11,-26,-12,-27,-3,please
8.117007732391357,-25,-15,-29,-9,0,7,20,8,0,8,-19,-6,-15,4,please
8.117007732391357,-13,-13,-24,-14,0,6,15,16,18,12,0,-1,-1,12,please
8.132702112197876,-2,-9,-14,-6,-10,3,0,4,7,1,-3,-4,-3,8,sil
8.132702112197876,4,-6,-7,-6,-16,-8,-6,-2,0,0,-13,-6,-1,14,sil
8.148761749267578,11,-11,0,-45,-11,-15,3,14,21,12,4,4,19,30,sil
8.148761749267578,15,-19,0,-49,-8,-6,10,19,26,20,15,13,31,28,sil
8.164870262145996,21,-10,2,1,-6,-1,-3,4,16,11,10,20,25,20,sil
8.164870262145996,28,0,6,15,0,-18,-18,10,23,3,20,33,33,24,sil
8.180334091186523,20,-3,-1,-8,2,-30,-15,14,17,0,24,27,38,12,sil
8.180334091186523,8,-2,-1,-2,0,-23,-14,-2,-3,-4,17,14,17,-13,sil
8.195486545562744,11,7,10,23,5,-7,-13,-10,-6,-1,23,14,7,-18,sil
8.195486545562744,11,10,14,25,15,4,-2,-4,-6,-3,16,7,6,-10,sil
8.210757732391357,0,6,7,6,16,10,3,-6,-12,-6,6,-1,-1,-11,sil
8.210757732391357,-2,16,8,6,14,6,1,-10,0,11,21,4,3,-5,sil
8.226805210113525,-5,23,13,18,13,0,-2,-7,2,11,14,0,7,-3,sil
8.226805210113525,-10,12,8,15,0,-4,-7,-10,-10,-7,-14,-16,-11,-13,sil
8.242507696151733,-8,3,6,8,-2,-5,-12,-19,-18,-7,-23,-13,-28,-16,sil
8.242507696151733,-17,1,2,3,1,-2,-15,-17,-24,-11,-27,-22,-31,-20,sil
8.257823705673218,-33,-3,-12,-4,-4,6,-9,-5,-28,-29,-38,-40,-34,-30,sil
8.257823705673218,-26,-3,-9,-2,-9,19,7,-1,-18,-16,-24,-17,-25,-21,sil
8.2734956741333,-3,0,-2,2,0,22,21,-5,-1,7,-7,0,-9,0,sil
8.2734956741333,-1,-6,-10,-2,3,16,19,0,4,9,-11,-13,-8,8,sil
8.288925170898438,-11,-9,-11,-1,2,12,19,10,9,9,-14,-17,-12,9,sil
8.288925170898438,-3,-3,-11,0,-1,13,24,13,18,9,-12,-8,-6,9,sil
8.304931402206421,4,-6,-12,-11,-7,4,14,13,18,-1,-12,-3,4,9,sil
8.304931402206421,0,-14,-8,-16,-7,-7,4,19,17,6,-3,5,15,8,sil
8.32075309753418,2,-7,-2,-13,-1,-3,1,20,23,19,13,16,19,11,sil
8.32075309753418,18,5,1,-14,0,-2,-7,10,14,0,25,24,19,12,sil
8.336536169052124,23,10,5,-5,-4,-17,-18,0,-2,-12,20,27,18,7,sil
8.336536169052124,16,10,13,-2,-4,-22,-13,0,-6,-6,18,21,12,4,sil
8.352032899856567,12,11,11,-8,2,-12,-4,-3,-8,-16,22,10,1,6,sil
8.352032899856567,11,8,9,-1,3,-5,-10,-12,-20,-29,7,4,-3,0,sil
8.367912769317627,3,0,18,11,-5,-2,-11,-12,-21,-13,-9,0,-6,-4,sil
8.367912769317627,-1,-7,15,19,-2,5,5,-3,-4,6,-10,-9,-10,1,sil
8.383606195449829,-7,-9,0,14,9,19,17,0,8,14,-3,-17,-15,1,sil
8.383606195449829,-13,-11,-11,1,6,18,12,4,19,27,0,-13,-3,2,sil
8.39953064918518,-11,-15,-15,-10,-9,-1,4,11,27,35,1,1,20,12,sil
8.39953064918518,0,-10,-9,-13,-8,-11,-1,8,22,28,9,14,33,10,sil
8.41468358039856,10,0,-7,-4,4,-5,-5,-4,13,9,22,13,27,-3,sil
8.41468358039856,6,8,-3,0,5,-13,-12,-14,-4,-19,19,8,7,-12,sil
8.429964542388916,-7,9,1,0,2,-18,-23,-16,-25,-30,0,0,-14,-16,sil
8.429964542388916,-22,3,-4,4,3,-6,-23,-16,-32,-17,-9,-14,-22,-22,sil
8.445925951004028,-22,-5,-8,1,-3,0,-8,-8,-27,-8,-13,-24,-19,-18,sil
8.445925951004028,-2,-4,0,2,-8,5,9,3,-7,7,-18,-14,-15,1,sil
8.461941719055176,13,5,15,13,0,16,14,7,7,26,-13,-2,-1,14,sil
8.461941719055176,13,3,11,7,0,7,3,8,6,14,-8,1,7,8,sil
8.478007316589355,12,2,1,-6,-4,-6,-9,8,0,-10,1,17,11,5,sil
8.478007316589355,17,16,6,0,6,-7,-12,3,-2,-22,19,30,14,3,sil
8.493528127670288,18,22,16,15,7,-1,-1,-2,-8,-24,10,11,-2,-3,sil
8.493528127670288,6,14,14,18,7,6,5,-7,-15,-21,-10,-9,-24,-7,sil
8.508853912353516,-10,11,9,22,16,16,11,-5,-15,-13,-8,-13,-15,-6,sil
8.508853912353516,-15,6,4,22,4,20,23,-2,-3,0,-6,-15,-6,-4,sil
8.525027751922607,-10,-7,-1,1,-11,14,26,0,9,14,-5,-5,-10,1,sil
8.525027751922607,-3,-16,-12,-11,-3,3,15,5,23,18,1,2,0,5,sil
8.540584087371826,-4,-16,-18,-15,1,0,4,7,25,22,-2,-8,9,3,sil
8.540584087371826,-16,-17,-18,-18,-4,5,6,2,19,24,-14,-20,-1,2,sil
8.555823802947998,-21,-18,-17,-15,2,8,12,9,25,13,-9,-14,-2,5,sil
8.555823802947998,-7,-14,-10,-12,14,4,8,19,27,4,0,-5,14,5,sil
8.571939706802368,2,-6,-14,-13,5,-4,3,8,11,5,0,-1,17,0,sil
8.571939706802368,0,-10,-19,-19,-8,-19,-3,0,1,0,1,6,4,1,sil
8.588006496429443,0,-19,-10,-25,-15,-24,-16,3,0,-5,4,14,3,4,sil
8.588006496429443,6,-14,-7,-19,-17,-16,-22,-7,-11,-10,3,7,5,-2,sil
8.60353708267212,9,2,-1,-7,-9,-9,-17,-20,-20,-22,4,4,4,-6,sil
8.60353708267212,7,13,7,-3,0,-8,-12,-11,-21,-23,7,14,2,-1,sil
8.61850118637085,6,15,13,-3,-6,-7,-17,-4,-25,-15,10,19,-2,-4,sil
8.61850118637085,12,18,23,0,-10,-5,-20,-1,-15,-6,16,18,0,-4,sil
8.633586883544922,17,25,29,12,3,-6,-14,1,1,3,23,18,9,4,sil
8.633586883544922,13,26,28,31,16,-11,-11,-4,-11,-7,18,10,0,1,sil
8.648250818252563,12,18,27,32,9,-6,-6,-10,-29,-26,-3,-2,-18,-7,sil
8.648250818252563,9,8,20,8,0,0,0,-6,-19,-11,-12,-8,-18,-5,sil
8.663472652435303,-3,1,8,7,-3,3,-1,-4,-7,8,-1,-6,-15,0,sil
8.663472652435303,-5,5,2,35,0,9,2,0,-3,9,0,-14,-13,0,sil
8.678743362426758,-4,7,0,31,10,15,13,6,3,14,-7,-17,-2,0,sil
8.69481086730957,-18,-9,-11,5,6,16,13,1,9,22,-6,-13,0,0,sil
8.69481086730957,-21,-19,-22,2,0,26,18,0,18,16,-9,-14,-2,3,sil
8.710346460342407,-6,-5,-12,7,10,30,36,15,30,18,-16,-11,2,8,sil
8.710346460342407,-1,2,-6,0,17,17,34,16,33,27,-9,-1,11,11,sil
8.725566625595093,-8,-12,-13,-11,6,11,19,0,26,14,-1,1,11,8,sil
8.725566625595093,-6,-25,-24,-22,-1,11,14,1,26,7,-1,-2,10,3,sil
8.740965604782104,-5,-20,-26,-28,-10,-8,2,8,16,12,-4,-8,9,-1,sil
8.740965604782104,-5,-14,-15,-30,-18,-23,-16,0,0,0,-8,-4,7,-7,sil
8.757096290588379,1,-20,-7,-28,-14,-12,-20,0,-1,-9,-1,8,12,-3,sil
8.757096290588379,1,-18,-4,-23,-10,-10,-18,1,-11,-14,10,17,15,0,sil
8.772799253463745,0,0,1,-9,-12,-19,-23,-8,-32,-28,9,12,5,-9,sil
8.772799253463745,8,19,12,7,0,-18,-21,-11,-28,-28,8,13,0,-9,sil
8.788921117782593,16,15,18,8,16,-11,-17,-1,-16,-22,12,19,0,-1,sil
8.788921117782593,11,12,13,5,7,-12,-18,-5,-18,-32,6,10,-6,-2,sil
8.8055419921875,0,22,13,11,-1,-9,-8,-16,-19,-22,-1,-4,-18,-6,sil
8.8055419921875,-11,15,7,10,0,6,15,-6,-12,9,-7,-19,-24,-8,sil
8.820162057876587,-13,0,-3,7,-1,20,33,8,0,16,-16,-26,-25,-4,sil
8.820162057876587,1,5,1,17,2,22,35,17,20,16,-12,-10,-18,13,sil
8.835584163665771,9,3,5,9,8,14,26,19,31,36,2,3,1,26,sil
8.835584163665771,2,-17,-5,-15,1,5,5,11,21,29,6,3,11,15,sil
8.851279973983765,5,-18,-10,-17,-1,-3,-15,-2,6,-8,0,5,2,0,sil
8.851279973983765,16,2,-5,-4,2,-17,-26,-8,2,-17,4,9,3,0,sil
8.867016077041626,16,12,9,-2,0,-21,-23,-8,6,0,15,15,13,2,sil
8.867016077041626,13,12,17,3,-5,-11,-11,-9,4,0,17,18,9,0,sil
8.882572174072266,8,12,12,4,0,-5,-10,-14,-14,-20,15,7,0,-10,sil
8.882572174072266,1,15,13,5,10,0,-8,-10,-17,-17,14,-1,0,-15,sil
8.89781141281128,-1,17,15,21,15,18,10,0,3,8,10,2,6,-5,sil
8.89781141281128,-7,10,8,25,8,24,12,6,0,13,4,0,7,0,sil
8.913391351699829,-18,-2,-3,9,-6,5,-3,-3,-24,-4,-12,-19,-10,-7,sil
8.913391351699829,-23,-11,-7,5,-9,-1,3,-9,-27,-14,-32,-27,-24,-10,sil
8.929169178009033,-18,-17,-8,9,1,9,23,6,-11,1,-28,-16,-4,0,sil
8.929169178009033,-13,-22,-18,0,0,15,20,14,5,25,-14,-13,10,9,sil
8.944795846939087,-15,-21,-20,-12,-11,7,9,5,11,19,-16,-16,2,7,sil
8.944795846939087,-10,-15,-19,-11,-15,-1,6,2,8,0,-13,-10,2,8,sil
8.960633754730225,0,-13,-19,-12,-10,-5,0,5,11,2,1,0,8,10,sil
8.960633754730225,1,-20,-13,-26,-4,-7,-13,3,11,8,2,5,10,5,sil
8.97573733329773,7,-11,-5,-20,0,-12,-14,2,9,0,-4,10,12,1,sil
8.97573733329773,21,8,6,-3,0,-13,-9,1,8,-6,8,21,10,4,sil
8.991080284118652,17,2,5,-7,0,-10,-8,0,7,-4,21,20,5,-4,sil
8.991080284118652,0,-10,-9,-19,0,-14,-15,0,0,-4,8,3,-1,-22,sil
9.007151126861572,-5,1,-5,-19,-8,-16,-22,-6,-8,-13,-4,0,-15,-19,sil
9.007151126861572,1,16,8,-4,-5,-2,-13,-11,-7,-17,2,7,-16,-4,sil
9.022775411605837,3,18,14,14,8,12,7,-5,-1,-7,20,9,-1,0,sil
9.022775411605837,3,22,15,24,12,10,17,3,4,5,19,7,3,4,sil
9.037511825561523,5,23,14,12,10,2,12,5,2,3,2,4,-3,7,sil
9.037511825561523,3,11,11,-2,12,0,7,2,0,-1,-5,-1,-5,4,sil
9.053110599517822,4,6,9,7,0,0,10,2,5,13,-1,-3,4,7,sil
9.053110599517822,16,10,15,22,-5,7,8,3,8,21,3,2,9,13,sil
9.068713903427124,21,7,10,15,9,12,9,1,1,6,2,1,-2,12,sil
9.068713903427124,1,0,0,5,21,8,8,-3,-1,-3,-9,-7,-7,7,sil
9.084874629974363,-13,-7,-1,3,14,8,2,-6,-7,-7,-16,-12,-7,-4,sil
9.084874629974363,-8,-10,-5,1,7,9,3,-2,-11,-10,-7,-15,-15,-11,sil
9.100159645080566,-14,-8,-12,0,6,2,-2,-2,-17,-14,-7,-20,-18,-12,sil
9.100159645080566,-24,-6,-16,-5,-1,-3,-16,-9,-24,-15,-16,-22,-11,-18,sil
9.115848064422607,-11,-4,-16,-7,-14,-1,-4,-3,-4,-1,-2,-8,0,-12,sil
9.115848064422607,4,-1,-5,4,-17,2,13,10,23,11,16,11,14,6,sil
9.131491422653198,-3,-3,-3,10,-18,-2,5,4,15,4,4,4,14,5,sil
9.131491422653198,-16,-9,-5,0,-18,-5,-6,-9,-5,-2,-11,-9,0,-4,sil
9.147611856460571,-8,-7,4,-3,-10,1,-2,-2,0,7,-2,1,2,6,sil
9.147611856460571,5,-4,11,-1,-6,0,0,6,8,15,11,16,21,17,sil
9.162759065628052,6,-6,10,-7,-10,-14,-11,2,0,8,13,24,27,10,sil
9.162759065628052,5,-7,0,-9,-8,-18,-16,0,0,3,8,24,16,4,sil
9.17788577079773,12,-7,-2,-11,-2,-5,-15,1,6,0,3,23,4,8,sil
9.17788577079773,23,-3,14,-4,0,0,-9,8,8,1,8,30,8,12,sil
9.193922519683838,34,13,27,13,6,-1,0,10,4,2,17,27,18,7,sil
9.193922519683838,28,19,13,6,19,-3,1,0,-5,-10,17,8,6,-3,sil
9.209575891494753,6,3,-5,-12,15,-9,1,-7,-11,-18,10,-1,-7,-12,sil
9.209575891494753,-7,6,0,0,9,-6,1,-2,-7,-3,5,-1,-7,-14,sil
9.224799871444702,-7,25,9,15,11,2,-4,-8,-7,0,-3,-18,-15,-13,sil
9.224799871444702,-12,17,-3,2,6,6,-7,-20,-15,-16,-20,-41,-35,-17,sil
9.240802764892578,-28,-3,-15,-1,0,14,9,-3,-14,-15,-27,-44,-38,-15,sil
9.240802764892578,-27,-5,-13,11,5,23,26,18,9,18,-22,-33,-20,0,sil
9.256488561630247,-13,-10,-26,-5,8,18,21,9,21,25,-26,-30,-14,3,sil
9.256488561630247,-21,-24,-43,-43,-2,4,14,-5,0,0,-46,-39,-28,-11,sil
9.271548509597778,-32,-23,-36,-37,-17,0,11,0,-8,0,-40,-35,-24,-10,sil
9.271548509597778,-11,-8,-15,-7,-15,3,3,9,5,11,-6,-7,7,10,sil
9.28681182861328,10,0,-4,3,-2,1,2,5,20,8,3,7,22,15,sil
9.28681182861328,3,-8,0,-3,-6,-9,2,-1,16,0,-4,3,10,4,sil
9.30285358428955,0,-13,4,-5,-11,-10,-8,-2,0,-3,5,16,13,5,sil
9.30285358428955,13,0,8,8,0,0,-9,0,-4,0,25,35,33,13,sil
9.318710803985596,22,9,21,15,1,0,-7,0,0,0,34,37,28,9,sil
9.318710803985596,14,0,22,10,-5,-14,-17,-3,-3,-20,27,30,5,0,sil
9.333616018295288,7,6,14,7,0,-14,-17,-4,-9,-31,18,28,7,-2,sil
9.333616018295288,13,24,28,10,6,-4,-6,-1,-1,-7,29,36,22,0,sil
9.348683595657349,24,28,33,20,10,0,-5,0,2,18,41,33,17,0,sil
9.36467981338501,22,18,19,21,14,0,-8,-4,0,10,26,19,3,0,sil
9.36467981338501,10,7,12,13,8,0,0,-1,0,0,7,7,3,1,sil
9.382056713104248,6,4,15,23,5,2,9,2,6,13,9,1,6,9,sil
9.382056713104248,6,6,10,31,9,3,3,0,0,12,0,-11,-12,5,sil
9.39557671546936,-1,0,-4,4,1,0,-6,-3,-14,-21,-25,-21,-33,-12,sil
9.39557671546936,-9,-6,-5,-18,-8,0,-3,-4,-23,-26,-17,-12,-16,-14,sil
9.41060209274292,-2,-2,0,-8,-6,3,6,0,-10,10,9,-4,5,5,sil
9.41060209274292,-8,0,-10,0,0,8,8,3,0,19,-8,-16,-8,10,sil
9.425954580307009,-27,-7,-22,-10,1,16,8,-1,-3,-2,-39,-24,-26,-2,sil
9.425954580307009,-19,-14,-17,-17,-4,15,16,2,1,0,-30,-20,-10,-2,sil
9.441968202590942,-7,-17,-13,-15,-7,4,21,14,7,10,-11,-14,0,1,sil
9.441968202590942,-19,-19,-21,-14,-3,2,23,9,0,4,-19,-18,-13,-1,sil
9.457791805267334,-23,-19,-29,-20,-7,2,21,3,11,8,-29,-25,-14,-1,sil
9.457791805267334,-2,-12,-21,-36,-17,-14,1,10,34,23,-6,-8,13,2,sil
9.47295618057251,17,0,-5,-33,-15,-32,-20,1,25,15,27,19,33,6,sil
9.47295618057251,18,8,3,-6,-2,-25,-27,-18,-9,-20,22,19,14,1,sil
9.488542795181274,5,13,6,10,6,-4,-26,-18,-22,-38,-7,-1,-12,-11,sil
9.488542795181274,4,16,9,15,10,5,-19,-5,-10,-22,-4,-7,-8,-13,sil
9.50470733642578,13,15,18,17,18,9,-6,-1,-9,-13,18,2,7,-8,sil
9.50470733642578,7,12,15,22,19,14,3,-4,-12,-11,16,5,6,-6,sil
9.519824504852297,-5,4,10,27,2,10,0,-5,-5,10,0,3,-2,1,sil
9.519824504852297,-7,-9,7,17,-10,2,0,1,-1,25,-11,0,-7,12,sil
9.535645723342896,-9,-19,-4,-8,-6,0,5,11,12,15,-11,-2,-1,14,sil
9.535645723342896,-8,-16,-11,-23,-4,-4,2,13,31,8,0,8,15,8,sil
9.552345037460327,0,-10,-11,-16,-10,-13,-4,5,9,1,1,12,12,-6,sil
9.552345037460327,-2,0,-4,-5,0,-7,-6,-8,-23,-19,-4,1,-16,-26,sil
9.568375825881958,-2,12,11,4,15,1,-8,-13,-18,-19,6,4,-18,-23,please
9.568375825881958,6,16,16,21,11,6,-1,-6,-9,2,15,9,1,-5,please
9.58483076095581,-8,4,7,23,1,14,11,0,-13,11,5,-7,-3,1,please
9.58483076095581,-18,-3,-3,13,2,19,18,2,2,13,-4,-18,-16,2,please
9.599986791610718,6,0,-10,5,0,9,17,10,24,21,-4,-1,2,16,please
9.599986791610718,21,1,-2,0,-4,1,14,18,27,22,11,17,27,30,please
9.615584135055542,9,0,0,-6,-6,-7,4,13,19,7,26,18,26,20,please
9.615584135055542,5,0,-6,-16,-8,-20,-6,0,0,-16,8,15,9,1,please
9.6315655708313,13,-4,-2,-20,-8,-16,-9,-2,-1,-19,-11,10,5,0,please
9.6315655708313,16,-3,5,-16,0,-5,-5,5,8,-5,-4,1,7,1,please
9.647181749343872,11,4,3,-16,0,-14,-16,0,-6,-20,2,0,0,-4,please
9.647181749343872,3,3,-3,-16,-13,-21,-28,-20,-28,-37,1,0,-9,-11,please
9.662950992584229,-5,1,4,-2,-2,-10,-15,-23,-27,-24,1,-11,-15,-14,please
9.662950992584229,-8,19,18,22,20,0,-2,-8,-21,-5,2,-11,-14,-6,please
9.677918910980225,4,31,24,27,10,2,0,-2,-10,6,7,9,-3,11,please
9.677918910980225,8,9,15,14,-1,14,18,5,12,25,7,10,0,15,please
9.693530559539797,-16,-12,-13,10,11,28,40,16,25,32,-9,-21,-9,0,please
9.693530559539797,-30,-5,-16,13,13,27,24,1,7,5,-25,-31,-21,-7,please
9.708593130111694,-14,2,0,17,1,14,4,-13,-10,-12,-25,-15,-16,-3,please
9.708593130111694,-10,-11,-5,16,-2,13,8,0,-3,5,-20,-20,-2,-4,please
9.723737716674805,-17,-23,-15,-2,-7,11,7,13,6,28,-8,-24,4,-8,please
9.723737716674805,-5,-4,-6,-10,-4,-4,-1,5,2,25,4,4,15,-3,please
9.73891258239746,11,5,2,0,0,-8,-7,-3,-5,2,3,28,21,3,please
9.73891258239746,9,-14,1,-8,-9,-1,-10,-2,3,-8,-4,5,8,5,please
9.755088567733765,0,-28,-8,-30,-15,-4,-8,4,23,8,0,-12,0,4,please
9.755088567733765,0,-13,-13,-25,-6,-5,-1,8,14,10,8,12,4,2,please
9.770524501800535,4,0,-7,-3,-7,0,-6,2,-9,-14,3,22,1,-2,please
9.770524501800535,3,-3,3,-5,-2,-7,-17,-2,-5,-23,0,7,-4,-2,please
9.78596544265747,0,-7,7,-13,13,-16,-14,0,9,-12,2,4,-9,0,please
9.78596544265747,2,-2,0,-8,9,-3,-1,3,1,-14,6,6,-8,-1,please
9.80203127861023,6,5,0,-9,-8,2,2,-1,-13,-15,9,3,4,0,please
9.80203127861023,9,7,2,-4,-12,-9,1,-1,-1,0,11,-1,9,4,please
9.817662715911863,6,7,0,8,3,-7,0,2,10,11,5,-5,0,5,please
9.817662715911863,-4,8,-5,3,18,3,2,2,8,12,-7,-7,-3,0,please
9.833743333816528,-4,9,-5,1,11,0,4,2,7,6,-9,-5,3,-4,please
9.833743333816528,8,11,3,16,0,-3,-6,2,8,-2,8,6,9,-2,please
9.848941087722778,13,12,8,13,0,-5,-9,-1,7,1,20,21,15,3,please
9.848941087722778,6,9,4,-3,-1,-8,-1,-10,-10,4,13,14,10,-1,please
9.865150690078735,0,8,3,-6,-10,-9,-6,-20,-36,-15,12,0,-2,-13,please
9.865150690078735,-3,16,6,4,-6,-8,-10,-20,-33,-29,10,0,-8,-9,please
9.880729675292969,-2,15,16,10,2,0,-3,-7,-12,-20,-5,-2,-9,-1,please
9.880729675292969,-2,0,8,12,1,9,-3,-4,-12,-13,-15,-11,-9,-3,please
9.89660930633545,-3,4,0,21,6,5,-7,-4,-15,-6,-4,-3,0,1,please
9.89660930633545,-2,20,8,29,19,4,5,4,-2,13,0,7,4,7,please
9.911699056625366,-2,0,3,11,12,20,25,11,8,28,-6,-5,-3,0,please
9.911699056625366,-8,-24,-11,-11,3,22,24,12,11,27,-8,-14,-1,1,please
9.92780375480652,-8,-13,-12,0,0,6,11,10,5,16,-7,-2,2,10,please
9.92780375480652,-6,-9,-5,7,-15,0,5,0,-5,-4,-12,-3,-14,3,please
9.943892002105711,-8,-21,2,-9,-14,6,14,0,1,-8,-14,-15,-22,-2,please
9.943892002105711,0,-14,3,-1,6,16,25,14,26,22,-7,-12,-3,7,please
9.959738492965698,4,-5,2,8,9,17,19,14,25,32,3,-2,3,12,please
9.959738492965698,-2,-13,0,-8,-6,4,7,7,16,9,7,-1,0,6,please
9.97498059272766,0,-14,-6,-17,-10,-10,-2,3,22,2,-6,-2,2,0,please
9.97498059272766,1,-13,-11,-13,-6,-9,-15,0,14,0,-14,-1,1,-3,please
9.991007089614868,-6,-15,-17,-18,-5,0,-15,0,0,-12,-4,-1,-2,-6,please
9.991007089614868,-4,-7,-17,-19,-2,-3,-5,2,2,-9,-2,0,-3,-3,please
10.006589412689207,6,0,-12,-14,-6,-17,-7,1,12,3,-5,1,0,0,sil
10.006589412689207,9,0,-8,-15,-8,-16,-15,-7,4,-5,6,11,11,0,sil
10.022706031799316,8,14,4,-9,0,-13,-16,-13,-14,-19,18,23,20,0,sil
10.022706031799316,12,26,11,0,0,-19,-11,-4,-24,-15,12,13,14,3,sil
10.043294906616213,9,14,0,-6,-4,-15,-13,0,-14,-13,9,4,11,0,sil
10.044798374176024,3,2,-3,-5,0,-7,-18,-7,-4,-12,14,15,17,-6,sil
10.044798374176024,1,11,9,8,6,-3,-9,-8,-10,-8,12,15,12,-4,sil
10.053542852401732,0,15,13,8,2,7,4,-4,-17,-12,0,-5,-1,-5,sil
10.068708419799805,0,5,0,6,4,8,5,-3,-11,-7,-5,-15,-5,-11,sil
10.068708419799805,0,6,8,14,8,-3,1,0,-3,2,2,2,-4,-4,sil
10.08475661277771,2,10,19,18,5,3,4,5,2,-2,4,14,-9,5,sil
10.08475661277771,0,7,7,12,4,13,0,-1,-2,-9,-4,2,-13,0,sil
10.100072622299194,-3,8,7,9,9,1,-12,-14,-28,-3,-2,-2,-13,-10,sil
10.100072622299194,0,10,12,16,8,0,-3,-14,-22,5,2,-3,-10,-7,sil
10.11598825454712,0,0,1,20,7,14,12,2,16,21,2,-10,-5,4,sil
10.11598825454712,-7,-12,-4,6,4,20,16,15,29,29,0,-13,-3,10,sil
10.131134271621704,-14,-16,-7,-5,-1,8,9,4,8,9,-5,-12,-6,2,sil
10.131134271621704,-10,-10,0,-1,-2,-2,4,-5,0,1,-4,-8,-6,-2,sil
10.14693808555603,1,1,14,14,2,-2,11,1,2,18,6,0,0,3,sil
10.14693808555603,8,2,12,15,2,1,11,6,-1,13,0,4,0,12,sil
10.162070512771606,1,-10,-1,0,-9,0,2,0,-4,-3,-14,0,-9,9,sil
10.162070512771606,-4,-17,-11,-7,-18,0,3,-1,8,4,-13,-2,-5,6,sil
10.177748203277588,-4,-17,-15,-11,-11,-1,6,4,14,10,-8,0,5,7,sil
10.177748203277588,-8,-20,-22,-20,-4,0,7,12,11,11,-13,-2,7,6,sil
10.192790508270264,-6,-17,-19,-22,-4,5,15,20,19,9,-15,-9,3,6,sil
10.192790508270264,7,-7,-9,-15,-3,2,10,19,23,-26,-7,-3,13,8,sil
10.208486080169678,11,0,-10,-17,-3,-4,-7,7,7,-51,4,3,30,6,sil
10.208486080169678,3,5,-9,-23,-5,-3,-17,-3,-5,-17,13,5,25,1,sil
10.223628997802734,12,13,0,-10,0,-3,-13,-3,-2,16,17,8,8,-2,sil
10.238797903060911,22,21,8,4,7,-7,-7,-1,1,10,21,15,7,-9,sil
10.238797903060911,10,21,9,0,4,-13,-9,-4,-1,2,25,14,12,-11,sil
10.255561113357544,0,16,2,-1,-3,-16,-18,-14,-9,0,19,6,1,-8,sil
10.255561113357544,-7,10,0,2,-5,-11,-31,-24,-29,-22,-5,-1,-23,-21,sil
10.270347356796265,-18,3,4,11,0,-6,-30,-23,-36,-40,-31,-11,-39,-34,sil
10.270347356796265,-15,1,2,17,6,-5,-9,-11,-18,-23,-27,-18,-30,-21,sil
10.28554630279541,-11,0,2,13,11,8,11,0,-4,3,-4,-16,-15,-6,sil
10.28554630279541,-18,-5,1,13,13,22,25,4,0,13,-4,-15,-16,-6,sil
10.301640272140505,-13,-6,3,20,15,21,29,7,7,10,-12,-12,-16,0,sil
10.301640272140505,1,-3,5,15,7,18,25,11,14,17,-4,-4,-4,14,sil
10.317023754119871,7,-1,3,2,2,19,18,9,19,26,0,3,2,25,sil
10.317023754119871,4,-9,3,-3,5,15,12,9,26,33,3,13,14,26,sil
10.33252739906311,5,-16,-6,-16,-4,0,4,11,25,36,15,15,27,20,sil
10.33252739906311,8,-12,-9,-30,-17,-20,-11,1,2,7,12,11,21,5,sil
10.3486008644104,8,-10,-3,-27,-18,-26,-24,-9,-26,-30,2,13,9,-11,sil
10.3486008644104,10,-9,0,-16,-11,-19,-25,-13,-34,-29,12,21,7,-10,sil
10.364877462387083,17,8,14,-1,2,-14,-17,-11,-20,-10,26,21,9,0,sil
10.364877462387083,14,28,28,21,11,-5,-1,-4,-4,-5,24,12,3,4,sil
10.380000352859495,1,24,24,34,7,2,6,4,2,0,8,5,0,9,sil
10.380000352859495,0,15,13,32,3,6,5,9,3,8,-8,-3,-1,14,sil
10.39521312713623,3,11,6,30,6,13,12,4,5,6,-11,-20,-1,11,sil
10.39521312713623,0,2,-1,16,7,19,27,2,12,1,-9,-16,0,10,sil
10.41057562828064,-7,-6,-11,-1,0,6,20,11,15,12,-12,-3,3,13,sil
10.41057562828064,-8,-12,-23,-23,-18,-10,-7,8,5,4,-10,-6,1,3,sil
10.425874948501589,-10,-21,-33,-42,-26,-19,-22,-7,-4,-31,-10,-12,-3,-13,sil
10.425874948501589,-1,-9,-22,-27,-9,-17,-12,-4,-1,-32,-8,-4,0,-15,sil
10.441778421401978,12,17,4,2,9,-11,-6,5,0,0,13,5,0,-8,sil
10.441778421401978,6,14,1,-1,2,-9,-14,-11,-10,-5,12,-1,-11,-16,sil
10.457074642181396,-17,-3,-6,-8,-6,0,-12,-26,-19,-24,-12,-16,-23,-29,sil
10.457074642181396,-25,1,7,14,4,18,7,-4,-2,2,-15,-20,-17,-21,sil
10.472707986831663,-20,1,1,21,14,25,25,13,22,35,-11,-20,-8,-2,sil
10.472707986831663,-15,-16,-13,0,2,23,27,11,22,34,-17,-12,-2,6,sil
10.489855527877808,-7,-17,-5,-7,-1,23,23,16,18,26,-9,0,4,12,sil
10.489855527877808,-6,-15,-6,-14,1,17,8,15,22,16,-10,-4,0,5,sil
10.503935098648071,-13,-28,-22,-27,-5,0,-8,3,9,-4,-25,-14,-9,-11,sil
10.503935098648071,0,-21,-16,-20,-10,-11,-12,-2,-6,-14,-10,2,0,-4,sil
10.51950478553772,22,7,6,-2,3,-5,-10,-3,-7,-8,23,29,10,12,sil
10.51950478553772,33,19,17,8,16,-5,-9,0,-1,0,34,34,15,8,sil
10.534866571426392,34,16,18,14,10,-18,-11,-2,-3,4,29,32,28,3,sil
10.534866571426392,25,16,18,7,2,-31,-24,-16,-17,-11,25,27,23,5,sil
10.550784587860107,5,13,10,-7,-2,-27,-31,-25,-35,-32,8,3,-7,-8,sil
10.550784587860107,-12,6,4,-10,-7,-8,-17,-21,-46,-32,-6,-15,-22,-20,sil
10.566036462783812,-18,3,5,4,-3,12,4,-10,-33,-13,-6,-16,-11,-7,sil
10.566036462783812,-6,3,8,14,6,23,19,7,0,8,-4,-10,0,11,sil
10.581547260284424,6,2,15,13,8,20,29,19,19,19,0,-1,6,20,sil
10.581547260284424,0,-1,3,19,1,7,30,11,19,20,7,2,9,16,sil
10.596949577331545,-13,-15,-13,13,-7,-3,10,3,11,17,3,0,4,2,sil
10.596949577331545,-8,-15,-12,0,-9,-5,0,13,16,16,-1,1,1,1,sil
10.61294722557068,6,3,-3,0,1,-2,9,16,33,20,7,17,15,14,sil
10.61294722557068,9,8,-1,-1,0,-5,5,5,29,18,17,24,23,11,sil
10.628760576248167,12,3,1,-4,-12,-8,-13,-2,4,-3,20,16,7,0,sil
10.628760576248167,19,23,26,20,0,-1,-10,-4,-7,-15,27,18,4,4,sil
10.643858909606934,15,35,40,40,13,7,0,-8,-4,0,21,16,8,8,sil
10.643858909606934,-4,19,16,20,2,8,-8,-11,-15,-8,-13,-10,-19,-8,sil
10.659075021743774,-18,-2,-5,-4,-1,5,-9,-10,-28,-33,-46,-33,-49,-18,sil
10.659075021743774,-10,-14,-10,-6,0,3,0,-4,-16,-25,-42,-30,-31,-4,sil
10.674707174301147,-5,-18,-16,-11,-12,-9,-8,1,-3,-5,-20,-15,-7,0,sil
10.674707174301147,-6,-21,-23,-26,-14,-27,-19,2,-7,-10,-7,-1,-1,-14,sil
10.689874172210692,0,-18,-21,-27,-1,-17,-11,-1,-8,-22,0,1,0,-23,sil
10.689874172210692,-5,-6,-11,-18,3,2,0,0,-6,-17,11,-7,0,-20,sil
10.705017805099487,-12,5,-2,-7,6,11,13,4,-2,5,4,-17,-3,-14,sil
10.705017805099487,-8,8,1,4,19,25,24,1,2,25,-10,-15,-2,0,sil
10.72106647491455,-6,0,-2,5,23,34,23,2,13,32,-16,-12,-2,12,sil
10.72106647491455,-15,-19,-21,-17,-1,13,14,4,24,25,-23,-26,-6,9,sil
10.737684488296509,-20,-27,-33,-40,-20,-7,4,2,20,5,-35,-34,-8,1,sil
10.737684488296509,-13,-13,-24,-30,-8,-1,4,7,18,15,-22,-18,2,7,sil
10.751807689666748,0,-1,-6,-12,4,1,9,15,24,41,2,6,25,16,sil
10.751807689666748,10,-8,-3,-15,0,0,2,10,23,25,4,13,27,8,sil
10.76799201965332,11,-15,-8,-20,-9,-1,-6,5,16,-3,5,12,20,0,sil
10.783030986785889,10,-6,2,-14,-5,-11,-10,6,10,-4,24,14,25,0,sil
10.783030986785889,10,3,5,3,1,-24,-16,-2,2,-8,22,4,9,-5,sil
10.783030986785889,10,6,5,19,0,-20,-23,-23,-14,-26,12,4,-13,-15,sil
10.798626899719238,11,10,24,24,-5,-7,-23,-25,-37,-31,29,29,-7,-8,sil
10.813958168029783,15,28,41,36,0,-3,-18,-13,-40,-25,41,39,0,0,sil
10.813958168029783,26,49,51,57,12,-6,-11,-4,-24,-19,44,38,5,11,sil
10.82909631729126,29,50,49,60,12,-6,-1,0,-15,-8,44,47,16,18,sil
10.82909631729126,4,22,22,36,5,0,4,-1,-17,-9,12,26,-1,3,sil
10.84468936920166,-16,-3,-4,14,0,8,4,-4,-15,-17,-25,-14,-33,-18,sil
10.84468936920166,-14,-3,-4,12,0,17,5,-3,-11,1,-17,-14,-17,-15,sil
10.86069679260254,-10,0,4,5,7,19,15,3,-4,20,0,12,4,2,sil
10.86069679260254,-6,-14,-6,-7,0,11,24,7,6,12,-21,8,-5,9,sil
10.877110004425049,0,-16,-19,-12,-19,2,16,9,6,0,-41,-13,-19,4,sil
10.877110004425049,0,-7,-9,-16,-12,6,7,7,0,0,-24,-15,-14,1,sil
10.892727136611938,0,-9,-8,-20,7,16,12,4,11,8,-5,-8,0,10,sil
10.892727136611938,0,-14,-13,-20,3,9,9,5,17,13,-3,-6,7,20,sil
10.907914161682127,-11,-16,-15,-24,-8,-8,-2,5,15,13,-5,-19,4,10,sil
10.907914161682127,-15,-19,-15,-26,0,-14,-7,0,14,5,-12,-33,0,-7,sil
10.923563957214355,-2,-9,-5,-14,10,-6,-5,0,11,0,-11,-17,4,-9,sil
10.923563957214355,13,9,7,3,6,-3,1,3,15,14,14,10,25,7,sil
10.93878984451294,12,11,7,4,0,-8,-3,0,20,17,25,5,23,10,sil
10.93878984451294,-5,-3,-6,-2,-6,-12,-26,-3,3,-10,-3,-21,-11,-10,sil
10.955075740814207,-19,-8,-17,-8,-9,-15,-29,-5,-7,-21,-17,-28,-24,-22,sil
10.955075740814207,-12,-3,-13,-14,-5,-10,-3,-8,0,-4,-3,-21,0,-13,sil
10.970624208450316,0,1,-6,-8,-3,-1,4,-9,-2,-3,0,-21,7,-7,sil
10.970624208450316,1,6,1,7,0,0,-10,-4,-15,-6,3,-12,-6,-11,sil
10.98588252067566,0,4,5,9,4,3,-1,5,-9,7,8,3,-3,-8,sil
10.98588252067566,6,0,-4,-5,3,10,26,14,0,0,-3,4,3,0,sil
11.001991748809814,0,0,-9,-14,0,10,25,9,-3,-21,-12,6,0,1,sil
11.001991748809814,-13,0,-7,-4,-3,6,4,0,-3,-11,0,10,0,2,sil
11.017560958862305,-9,-2,0,0,-5,7,-1,-5,-6,1,6,9,1,-3,sil
11.017560958862305,-1,3,8,2,2,8,1,-9,-19,-8,3,8,-5,-10,sil
11.032641410827637,1,17,12,18,7,5,5,-5,-14,0,4,15,-4,2,sil
11.032641410827637,11,15,16,22,0,6,2,6,5,23,11,24,10,23,sil
11.047907829284668,12,2,10,12,2,9,1,7,11,19,6,15,10,18,sil
11.047907829284668,1,0,5,9,9,2,0,-1,3,-3,-6,6,-3,5,sil
11.063968181610107,5,-7,8,9,3,-8,-4,0,5,-4,-5,9,-6,6,sil
11.063968181610107,12,-14,4,0,0,-4,-13,4,13,9,0,10,-1,5,sil
11.07966923713684,0,-13,-6,-14,-4,-2,-19,-3,7,6,-1,1,-1,-2,sil
11.07966923713684,-3,-12,-13,-10,-8,-12,-14,-9,0,-1,0,-4,0,-5,sil
11.094799280166626,6,-7,-6,1,0,-7,-1,0,2,3,10,2,9,1,sil
11.094799280166626,18,7,9,8,10,8,14,12,16,12,18,21,19,17,sil
11.110636949539185,21,17,14,9,9,7,19,8,16,10,18,22,19,17,sil
11.110636949539185,3,7,3,2,0,2,1,-4,-9,-3,3,0,0,-3,sil
11.125641584396362,-12,0,-6,-6,-9,1,-9,-10,-24,-18,-14,-13,-13,-10,sil
11.125641584396362,-1,4,-4,-8,-8,-7,0,-6,-10,-15,-10,-3,-11,-1,sil
11.140947818756104,6,10,7,0,0,-19,0,-3,-3,-9,4,8,0,-4,sil
11.140947818756104,0,11,7,13,-1,-21,-7,-6,-16,-21,3,0,4,-14,sil
11.156640768051147,-9,1,-2,5,-2,-19,-11,-11,-27,-36,-8,-17,-7,-24,sil
11.156640768051147,-22,-10,-15,-17,-5,-15,-15,-8,-21,-25,-8,-29,-27,-32,sil
11.172752380371094,-27,-7,-12,-13,-6,0,-15,1,-5,-3,-2,-25,-22,-26,sil
11.172752380371094,-13,8,8,9,5,12,0,7,3,8,0,-13,1,-3,sil
11.188224077224731,-2,7,12,13,10,10,11,5,12,27,2,-7,12,10,sil
11.188224077224731,-10,-3,3,4,1,12,10,3,12,32,0,-8,-1,5,sil
11.20488715171814,-9,-5,1,6,3,27,18,2,8,14,-13,-10,-12,0,sil
11.20488715171814,4,-4,2,7,5,32,29,2,13,8,-16,-7,-4,13,sil
11.220016479492188,3,-11,-1,-7,-4,20,25,7,21,15,-4,-1,4,25,sil
11.220016479492188,-5,-14,-13,-17,-8,9,16,12,21,15,-3,0,3,21,sil
11.235501527786257,-2,-10,-14,-12,0,5,10,10,16,13,-10,0,0,13,sil
11.235501527786257,8,-4,-1,0,0,-1,8,9,11,16,-9,-3,0,9,sil
11.25114917755127,9,0,-3,-3,-4,-9,3,2,4,7,2,-7,7,8,sil
11.25114917755127,0,-3,-13,-18,-5,-9,-12,-5,-1,-11,8,0,18,6,sil
11.266809701919556,4,-3,-8,-16,-4,-15,-25,-4,-1,-15,1,10,19,2,sil
11.266809701919556,22,3,0,-2,-3,-28,-26,0,0,-2,3,10,17,4,sil
11.282900094985962,26,1,-2,-3,-3,-24,-24,0,-1,5,16,8,16,1,sil
11.282900094985962,15,0,-6,-12,-1,-5,-22,-1,-4,-9,16,14,13,-10,sil
11.298495054244995,12,5,6,-5,3,-4,-18,-5,-7,-28,10,19,8,-13,sil
11.298495054244995,15,10,13,9,5,-12,-7,-4,-12,-20,9,7,1,-6,sil
11.313515901565552,12,13,14,11,9,-1,3,0,-16,-7,10,15,-9,-2,sil
11.313515901565552,0,23,13,12,11,5,7,0,-16,-10,12,40,-15,-6,sil
11.329636335372925,-14,22,6,25,10,5,4,-11,-12,-11,7,32,-14,-16,sil
11.329636335372925,-22,8,5,21,9,16,1,-20,-17,-9,-7,0,-20,-19,sil
11.344969749450684,-23,-1,2,9,7,23,3,-11,-19,-11,-20,-18,-31,-18,sil
11.344969749450684,-23,-3,-1,10,9,13,8,0,-6,-9,-16,-6,-30,-20,sil
11.36058259010315,-16,-3,6,13,2,7,8,-2,3,8,-5,10,-12,-6,sil
11.36058259010315,-1,-4,11,9,-8,9,6,-6,0,27,-2,-5,1,9,sil
11.37588620185852,-4,-3,5,14,6,6,9,8,10,28,5,-33,7,10,sil
11.376233100891112,-7,-5,0,11,5,-2,6,16,23,22,10,-36,12,10,sil
11.390915393829346,-1,-7,0,-6,-44,-13,-8,0,3,6,-8,-29,7,14,please
11.390915393829346,-3,-5,-5,-7,-45,-14,-8,-6,-16,-4,-24,-23,0,10,please
11.406525373458862,-12,-8,-17,-6,8,-7,10,2,-4,1,-13,-16,2,9,please
11.421989917755129,-9,-21,-20,-30,6,-7,8,5,7,0,-7,-11,3,8,please
11.421989917755129,8,-14,-12,-25,-9,-1,-1,10,21,-5,0,0,7,9,please
11.421989917755129,24,3,-2,2,19,17,6,21,36,10,16,23,23,18,please
11.43765950202942,18,-5,-4,-5,16,10,10,18,22,13,5,20,19,11,please
11.43765950202942,5,-20,-18,-25,-16,-14,2,3,6,-6,-16,-1,2,-1,please
11.453749418258669,1,-14,-16,-21,-13,-12,5,-1,7,-9,-8,3,4,-1,please
11.453749418258669,5,-10,-8,-19,0,-3,1,-2,2,3,5,18,7,-8,please
11.469505310058594,7,0,0,-17,-1,-12,-19,-9,-4,0,7,8,-9,-23,please
11.469505310058594,0,17,10,-4,2,-11,-23,-13,-11,-18,8,1,-26,-18,please
11.484588146209717,-6,20,9,4,3,5,-3,-7,-16,-21,5,12,-16,-1,please
11.484588146209717,0,20,12,8,4,12,2,-1,-10,-1,3,20,2,5,please
11.499938249588013,8,16,20,10,9,3,-6,0,-6,8,8,9,6,0,please
11.515532493591309,0,6,12,6,2,1,-10,1,-13,-5,11,-4,0,-7,please
11.515532493591309,-1,14,9,12,-4,11,1,10,-2,-1,9,-3,2,0,please
11.531587839126589,13,19,13,24,2,9,12,11,17,24,9,7,14,18,please
11.531587839126589,11,3,12,16,6,-7,2,-1,4,15,9,8,10,15,please
11.546660900115969,-5,2,4,5,1,-10,-7,-12,-17,-11,-1,-5,-10,-2,please
11.546660900115969,-5,16,0,14,6,8,0,-9,-9,-13,-13,-13,-17,-5,please
11.561878442764282,5,13,2,24,15,15,7,-2,8,0,0,-8,5,4,please
11.561878442764282,4,-5,-2,17,9,4,3,-4,1,6,14,-8,16,10,please
11.577572584152222,-11,-14,-9,3,1,-1,-4,-13,-26,-4,1,-15,-4,-3,please
11.577572584152222,-19,-5,-1,4,8,1,-5,-17,-31,-22,-17,-25,-15,-24,please
11.593604803085327,-5,-2,4,9,10,2,-1,-6,-7,-14,-18,-30,-6,-19,please
11.593604803085327,2,-14,-1,-3,-7,-10,-1,8,8,3,-1,-22,1,0,please
11.60883355140686,-2,-10,-10,-12,-18,-18,-3,13,11,14,5,-11,10,6,please
11.60883355140686,-12,-5,-10,-14,-12,-4,0,6,6,16,-6,-7,2,-1,please
11.624837398529053,-19,-25,-21,-31,-10,2,9,-1,-4,0,-24,-15,-21,-12,please
11.624837398529053,-20,-29,-31,-38,-15,0,14,-4,-5,-19,-23,-20,-23,-14,please
11.640950918197632,-12,-10,-14,-12,-13,6,13,5,2,-11,-13,4,-5,-3,please
11.640950918197632,-1,0,0,8,0,10,11,16,10,0,-12,29,0,6,please
11.65655279159546,4,1,3,7,8,5,8,12,20,5,-8,35,7,8,please
11.65655279159546,7,4,11,4,-3,1,2,12,31,26,8,49,10,14,please
11.672568798065186,11,4,10,4,-12,-2,-3,17,25,34,17,80,2,27,please
11.672568798065186,16,1,7,-1,0,-6,-10,5,8,13,12,113,7,25,please
11.688599824905396,20,-6,7,-9,-5,-4,-13,-9,2,0,13,90,7,6,please
11.688599824905396,20,-2,7,-6,-14,0,0,-4,0,0,18,0,0,0,please
11.70461130142212,16,15,4,3,11,5,12,3,2,3,22,-61,12,9,please
11.70461130142212,5,11,-5,0,23,-1,0,0,12,4,24,-50,26,4,please
11.719847679138184,-10,-1,-6,-13,5,-10,-20,-9,0,-15,10,-46,6,-15,please
11.719847679138184,-5,8,1,-6,6,-4,-17,-11,-15,-21,2,-61,0,-13,please
11.735960721969604,6,21,4,7,16,-6,-14,-13,-15,-5,18,-39,13,-3,please
11.735960721969604,-1,16,5,8,8,-16,-26,-17,-28,-16,9,-24,1,-18,please
11.751993894577026,-13,9,4,10,2,0,-18,-17,-43,-25,-28,-46,-28,-29,please
11.751993894577026,-9,0,7,16,3,20,4,-10,-26,-4,-38,-45,-30,-8,please
11.751993894577026,-7,-11,3,14,0,14,20,1,-3,5,-24,-19,-12,9,please
11.767982244491575,-9,-16,-12,-2,-6,6,30,14,0,1,-23,-15,-9,4,please
11.783502101898192,0,-18,-20,-18,-10,6,31,18,6,3,-25,-9,-12,2,please
11.783502101898192,12,-4,-9,-13,-9,-3,17,12,19,3,-10,12,-2,11,please
11.798606872558594,10,7,-1,-6,-9,-19,-4,7,14,-9,5,28,6,6,please
11.798606872558594,0,4,-8,-7,-3,-30,-19,1,-4,-20,16,31,6,-10,please
11.81471562385559,8,12,3,1,2,-23,-20,-5,-11,-11,23,33,7,-11,please
11.81471562385559,21,29,35,19,0,4,-7,0,-1,5,30,43,14,4,please
11.830166339874268,9,25,34,28,1,25,9,8,8,4,34,49,21,13,please
11.830166339874268,-10,6,10,20,15,18,10,0,9,2,28,34,18,6,please
13.237901449203491,-1,-14,-19,-17,-11,-8,-5,12,17,8,-15,4,-1,4,please
13.237901449203491,-8,-18,-21,-33,-17,-15,1,11,26,7,-17,-7,-5,0,please
13.25460171699524,1,-11,-4,-19,-4,-17,-4,2,24,0,12,13,13,4,please
13.25460171699524,13,0,3,0,11,-16,-9,1,11,-5,17,23,22,5,please
13.269668579101562,10,6,1,0,7,-14,-5,8,0,5,8,12,25,3,please
13.269668579101562,8,4,0,-2,-4,-12,-4,1,-11,5,11,10,15,3,please
13.285827875137327,7,2,-5,-4,-2,-6,-3,-18,-25,-20,8,8,-3,-7,please
13.285827875137327,0,5,-2,-1,3,0,-7,-18,-30,-35,6,4,-3,-15,please
13.301936149597168,-4,5,1,-1,-6,-4,-17,-6,-25,-31,1,-5,-3,-16,please
13.301936149597168,-3,-3,-7,-18,-18,-16,-20,-15,-31,-29,-19,-19,-25,-23,please
13.317512273788452,1,-1,-1,-17,-7,-11,-9,-19,-27,-20,-13,-3,-18,-13,please
13.317512273788452,14,18,22,16,8,0,-3,-1,-3,-8,18,10,4,7,please
13.333525657653809,15,24,30,29,10,1,-4,6,-3,-8,19,-2,0,3,please
13.333525657653809,13,22,23,22,17,11,8,0,-13,2,4,-6,-5,-6,please
13.349571228027344,8,28,18,29,29,24,22,-4,0,20,7,0,8,0,please
13.349571228027344,-6,9,10,24,19,16,12,-5,1,21,-4,-9,0,-2,please
13.364824295043944,-19,-11,-4,6,8,9,1,-8,-8,13,-23,-16,-21,-6,please
13.364824295043944,-19,-3,-5,7,10,27,11,-2,4,-2,-16,-13,-21,-1,please
13.380619049072266,-11,-2,-5,5,9,29,21,13,26,4,-2,-12,-4,6,please
13.380619049072266,-11,-17,-16,-12,0,9,15,17,18,33,-5,-2,2,11,please
13.395849466323853,-16,-15,-20,-18,-25,9,15,6,0,23,-14,-5,-8,5,please
13.395849466323853,-11,-9,-16,-9,-45,14,22,0,0,0,-18,-21,-13,0,please
13.41135597229004,-2,-18,-7,-16,-13,-11,13,0,8,11,-9,-7,6,8,please
13.41135597229004,0,-28,-3,-22,12,-30,-3,7,12,17,3,16,19,14,please
13.426555633544922,8,-22,2,-7,-6,-23,-12,18,27,3,17,32,22,16,please
13.426555633544922,24,-3,14,3,-13,-24,-21,16,36,0,30,45,32,20,please
13.442626476287842,20,0,4,-4,0,-29,-30,2,17,4,25,33,26,11,please
13.442626476287842,3,-4,-10,-16,-5,-22,-31,-4,-6,-14,12,3,7,-3,please
13.45776867866516,4,2,-7,-12,-13,-20,-29,-6,-20,-48,7,-4,1,-12,please
13.45776867866516,11,16,0,0,-6,-7,-13,-4,-27,-37,4,1,-1,-13,please
13.472928524017334,0,14,9,13,6,15,6,-1,-18,8,3,0,-7,-7,please
13.472928524017334,-10,12,12,20,15,15,7,-3,-4,8,2,-9,-11,-11,please
13.487595796585085,-5,14,4,13,11,1,-6,-8,-6,-19,-9,-16,-19,-29,please
13.487595796585085,-6,11,0,0,-1,0,-7,-11,-4,-6,-16,-16,-18,-27,please
13.50368595123291,-13,10,3,-2,-4,5,0,-11,-2,3,-5,-13,-8,-8,please
13.50368595123291,0,12,16,3,9,14,6,-5,-7,-5,0,-6,-2,0,please
13.518980979919434,14,16,13,15,24,15,15,1,-1,0,-4,-2,0,7,please
13.518980979919434,-2,9,-3,10,19,11,12,0,-5,2,-14,-9,-5,9,please
13.535021781921388,-16,-5,-10,-3,6,12,13,-7,-14,3,-15,-12,-7,8,please
13.535021781921388,0,-5,-4,2,5,15,30,-3,6,23,-4,2,11,20,please
13.550640344619753,16,0,0,11,10,15,29,5,20,14,-1,12,13,19,please
13.550640344619753,2,-7,-5,0,5,9,12,4,10,-2,-7,0,-2,0,please
13.565835952758787,-9,-16,-3,-7,0,4,7,0,7,7,-7,-7,-1,-6,please
13.565835952758787,0,-12,1,0,-4,4,3,5,0,9,-1,0,2,2,please
13.581552743911743,5,-12,-3,0,-22,-7,-6,12,-8,1,2,8,0,8,please
13.581552743911743,0,-16,-5,-14,-24,-20,-13,8,0,9,8,11,6,10,please
13.596691608428957,-5,-14,-7,-16,-10,-14,-17,1,-2,1,7,2,6,2,please
13.596691608428957,-12,-12,-13,-15,-17,-16,-19,2,-5,-8,-1,-3,-7,-2,please
13.612736463546751,-9,-16,-14,-23,-32,-28,-17,7,16,0,-3,2,-5,3,please
13.6280779838562,8,-8,-11,-20,-21,-22,-16,3,14,-15,4,5,5,0,please
13.6280779838562,14,10,2,-4,0,-11,-22,-10,-18,-34,10,6,-2,-14,please
13.644639015197754,8,19,12,8,15,-7,-14,-6,-13,-9,12,10,-9,-18,please
13.644639015197754,15,21,17,19,21,0,3,4,13,8,22,15,8,-8,please
13.644639015197754,19,25,20,21,13,3,2,-4,3,-2,26,16,16,-2,please
13.659825086593628,0,16,8,12,13,7,-7,-18,-14,-2,7,-1,-1,-10,sil
13.659825086593628,-15,5,3,15,18,14,3,-7,-9,6,-4,-15,-9,-13,sil
13.675946950912476,-9,5,15,27,8,17,24,5,3,14,0,-13,1,0,sil
13.675946950912476,-7,0,10,18,1,24,23,2,1,14,-8,-23,-4,9,sil
13.69155764579773,-20,-16,-13,-1,4,25,16,1,-6,1,-32,-37,-26,2,sil
13.69155764579773,-22,-18,-24,-7,0,7,14,10,4,4,-34,-22,-19,0,sil
13.70667815208435,-2,-6,-10,-11,-5,4,10,11,25,16,-15,6,9,21,sil
13.722095727920532,14,0,-2,-15,-1,14,11,8,23,12,0,18,17,29,sil
13.722095727920532,12,2,-4,-9,0,5,4,4,9,1,5,20,8,10,sil
13.722095727920532,9,1,0,-7,-4,-15,-11,-2,6,-2,14,25,14,0,sil
13.737748146057127,9,0,0,-15,-7,-28,-18,-9,2,-7,14,17,19,-5,sil
13.753416061401367,0,-1,-2,-13,-4,-29,-17,-10,-10,-14,7,6,5,-14,sil
13.753416061401367,4,3,12,0,0,-18,-12,-6,-14,-12,9,13,1,-9,sil
13.768874168395996,15,11,22,7,5,-3,-7,-3,-14,-12,7,16,5,0,sil
13.768874168395996,-4,4,10,5,4,0,-17,-5,-25,-19,-1,0,-9,-4,sil
13.784919738769531,-14,0,2,7,0,5,-10,-2,-17,-13,0,-12,-16,-4,sil
13.784919738769531,0,2,14,9,1,15,12,2,4,2,0,-7,-4,5,sil
13.80071473121643,-3,-3,7,12,0,17,18,0,5,10,-19,-19,-14,1,sil
13.80071473121643,-14,-8,-23,6,-2,9,12,-5,-1,8,-32,-36,-28,-9,sil
13.81574296951294,-4,-10,-26,-11,0,-2,11,4,4,9,-12,-23,-8,-5,sil
13.81574296951294,0,-19,-16,-20,-8,-13,2,16,11,13,1,-5,12,4,sil
13.833128929138184,-2,-24,-23,-21,-19,-16,-4,9,4,4,0,0,18,4,sil
13.833128929138184,-2,-17,-25,-26,-11,-19,-5,-2,-2,-14,7,2,22,-7,sil
13.84688401222229,-4,2,-6,-12,-1,-13,-13,-5,-5,-18,22,0,13,-15,sil
13.84688401222229,6,30,18,12,0,2,-17,-4,-8,-4,21,2,1,-4,sil
13.862324237823486,20,33,27,25,8,5,-11,-2,-10,1,18,14,4,12,sil
13.862324237823486,9,15,21,26,15,3,-8,-3,-13,2,15,16,-1,13,sil
13.878000497817991,0,13,17,28,13,19,6,-3,-5,8,1,2,-18,6,sil
13.878000497817991,10,15,17,30,12,31,27,0,8,14,-12,-6,-19,9,sil
13.893507719039915,0,-2,8,18,8,19,24,1,10,9,-18,-12,-15,5,sil
13.893507719039915,-25,-20,-15,-4,-4,7,19,0,8,2,-28,-21,-17,-11,sil
13.908733367919922,-25,-20,-20,-21,-12,5,17,4,16,3,-30,-12,-10,-14,sil
13.908733367919922,-4,-14,-6,-20,-7,0,1,15,21,13,-9,9,8,0,sil
13.924697160720823,1,-10,-12,-14,-3,-6,-8,9,18,14,6,22,20,5,sil
13.924697160720823,2,-10,-11,-16,0,-9,-6,0,11,-1,10,35,21,2,sil
13.93949842453003,15,0,3,-18,5,-16,-9,6,5,-14,14,46,21,11,sil
13.93949842453003,20,9,1,-17,-4,-27,-21,0,-8,-13,15,37,9,6,sil
13.954647541046144,8,12,0,-5,-12,-25,-22,-16,-24,-15,11,16,-12,-18,sil
13.954647541046144,7,19,18,15,7,0,-5,-14,-16,-18,13,-2,-17,-17,sil
13.970150470733644,1,21,24,29,25,18,8,-6,-4,-7,7,-17,-8,2,sil
13.970150470733644,-14,2,1,25,7,15,13,-4,1,13,-3,-31,-5,2,sil
13.985563278198242,-12,-12,-6,7,-4,10,10,1,16,25,-1,-30,1,0,sil
13.985563278198242,1,-10,-2,-7,0,2,0,9,21,16,9,-12,16,11,sil
14.00111198425293,5,-3,-12,-10,-4,-13,-12,3,0,0,9,-1,22,10,sil
14.00111198425293,1,2,-6,-9,-12,-18,-24,-7,-22,-20,-3,-8,7,-4,sil
14.016828060150146,-6,3,8,-2,-4,0,-18,-11,-29,-32,-20,-23,-17,-14,sil
14.016828060150146,-13,-5,4,8,0,8,4,-5,-21,-18,-18,-20,-22,-8,sil
14.032406091690063,-10,-16,-4,2,-2,11,19,5,-3,14,-8,-7,-5,3,sil
14.032406091690063,0,-23,-11,-10,-6,8,12,11,9,27,-9,-7,8,8,sil
14.047874689102173,16,-14,-5,-15,-6,-12,0,6,10,2,3,5,21,11,sil
14.047874689102173,32,10,7,-8,-4,-25,-7,0,1,-16,32,32,31,12,sil
14.07027506828308,18,20,7,4,0,-6,-8,-2,-11,-14,20,21,4,0,sil
14.07027506828308,-18,6,0,7,6,14,8,0,-13,-12,-18,-12,-31,-18,sil
14.07027506828308,-27,0,-3,3,7,20,24,4,0,0,-23,-16,-27,-15,sil
14.079315662384031,-9,3,0,15,7,19,19,4,4,18,-7,1,-6,-1,sil
14.094882488250732,-6,1,2,20,9,11,10,3,6,26,-8,2,-5,5,sil
14.094882488250732,-13,-2,-4,0,3,4,13,0,15,28,-16,-4,-4,10,sil
14.11036491394043,-4,0,-5,-11,-5,0,6,-3,11,17,-14,0,1,7,sil
14.11036491394043,6,1,-5,-6,-11,-12,-14,-5,2,-5,-6,5,-2,-1,sil
14.125649690628052,3,4,-5,-11,-5,-15,-23,0,9,-12,7,7,-2,-2,sil
14.125649690628052,9,6,0,-11,0,-8,-14,0,11,-1,21,18,15,3,sil
14.140804529190063,19,6,2,-6,-9,-11,-17,-5,-6,-7,20,21,21,-5,sil
14.140804529190063,1,0,-2,-17,-9,-14,-27,-7,-17,-26,13,3,2,-20,sil
14.15697741508484,-16,-5,-2,-17,3,0,-10,0,-1,-18,14,-11,-3,-16,sil
14.17154622077942,-6,0,4,3,4,15,12,5,11,0,8,-10,-2,-3,sil
14.17154622077942,1,8,10,18,2,11,16,4,3,5,-13,-6,-15,-1,sil
14.187501907348633,1,6,14,26,18,8,9,1,-2,8,-15,-5,-16,4,sil
14.187501907348633,0,-2,18,28,23,18,11,4,5,14,3,0,0,15,sil
14.20314359664917,-6,-12,1,16,7,20,21,9,12,12,0,-7,1,16,sil
14.20314359664917,-7,-18,-17,-1,-3,7,15,2,0,3,-17,-10,-8,6,sil
14.20314359664917,7,-17,-12,-14,-11,-6,0,-5,-7,-3,-16,0,0,5,sil
14.218686819076538,16,-14,-9,-16,-18,-15,-6,0,3,-4,0,14,17,9,sil
14.233919620513916,14,-4,-4,-7,-6,-22,-9,3,5,-3,21,30,23,10,sil
14.233919620513916,24,14,10,8,8,-16,-9,0,-2,0,36,37,26,9,sil
14.249720096588137,26,21,15,17,6,-7,-8,-1,-8,2,29,24,24,7,sil
14.249720096588137,4,6,6,4,-1,-10,-15,-6,-19,-11,12,6,6,-6,sil
14.265209436416626,-12,1,0,-5,-2,-14,-20,-11,-23,-17,1,-5,-11,-20,sil
14.265209436416626,-11,16,12,11,3,-5,-6,-3,-14,-4,2,-10,-14,-15,sil
14.28120231628418,0,21,25,30,3,5,7,-1,-6,-9,1,-11,-12,-2,sil
14.28120231628418,-1,9,11,19,-1,8,3,-8,-8,-19,-6,-12,-16,-3,sil
14.296855688095093,-16,0,-8,0,1,15,1,-6,-6,1,-15,-19,-20,-11,sil
14.296855688095093,-21,-4,-14,-4,4,30,24,0,0,16,-28,-31,-18,-6,sil
14.31195330619812,-16,-12,-11,-14,-6,26,31,1,0,7,-36,-25,-12,4,sil
14.31195330619812,-12,-13,-18,-27,-14,0,2,6,5,17,-26,-14,-3,8,sil
14.32749843597412,-7,-10,-24,-29,-3,-9,-6,10,16,25,-14,-13,3,6,sil
14.32749843597412,-3,-19,-21,-36,0,2,9,14,24,11,-15,-9,8,8,sil
14.343519449234009,-6,-22,-20,-41,-12,-3,8,13,29,8,-15,-6,14,4,sil
14.343519449234009,-3,-9,-11,-27,-1,-10,-3,5,22,5,-5,-7,14,-5,sil
14.358969688415527,3,-5,-5,-15,7,-5,-14,0,9,-4,4,-2,4,-9,sil
14.358969688415527,-2,-9,-10,-19,-7,-12,-24,0,4,-8,6,4,0,-9,sil
14.374629259109495,-2,0,-3,-14,-11,-19,-18,-2,-1,-18,6,9,0,-11,sil
14.374629259109495,10,11,5,6,5,-11,-7,-11,-18,-27,16,15,1,-8,sil
14.390280485153198,11,10,11,14,10,-7,-13,-17,-28,-12,33,23,5,-7,sil
14.390280485153198,12,12,22,23,7,-6,-13,-12,-15,0,37,27,12,-2,sil
14.405659675598145,22,26,31,47,10,5,0,-2,0,1,30,30,12,9,sil
14.405659675598145,22,31,31,54,13,11,5,3,0,4,25,26,0,10,sil
14.421534299850464,10,18,19,37,10,10,13,11,3,11,18,12,-8,6,sil
14.421534299850464,0,2,13,25,5,18,23,11,7,8,5,1,-8,9,sil
14.436733722686768,-3,3,14,32,10,24,22,1,-1,0,-12,-4,-14,7,sil
14.436733722686768,0,9,16,38,16,21,20,-2,-8,5,-21,-12,-21,3,sil
14.452363967895508,-3,0,16,28,4,20,23,-1,-4,23,-12,-6,-12,8,sil
14.452363967895508,-11,-20,-4,3,-10,14,19,1,-3,20,-21,-8,-11,11,sil
14.467911958694458,-13,-35,-28,-26,-16,-5,0,1,0,-5,-47,-24,-20,7,sil
14.467911958694458,-11,-31,-29,-37,-23,-20,-12,0,10,-17,-35,-14,0,6,sil
14.483527660369871,-3,-8,-18,-27,-17,-15,-6,1,16,-8,6,10,26,7,sil
14.483527660369871,0,0,-19,-30,-1,-9,-8,1,1,-9,11,4,15,-2,sil
14.498819828033447,-5,-11,-30,-38,-4,-12,-15,-2,-8,-14,-7,-14,4,-14,sil
14.498819828033447,4,-5,-19,-31,-10,-11,-8,0,1,-1,10,2,26,-4,sil
14.514830112457275,17,9,0,-18,-3,-9,-1,6,16,8,25,16,32,6,sil
14.514830112457275,0,3,-3,-14,-1,-12,-10,0,9,-4,-7,-10,-1,-11,sil
14.530778646469116,-10,-2,-3,-12,-3,-14,-20,-8,-9,-17,-19,-22,-14,-25,sil
14.530778646469116,10,5,8,-2,0,-14,-23,-8,-9,0,17,5,12,-6,sil
14.546070098876951,14,14,12,-1,5,-13,-25,-6,-2,11,33,23,20,2,sil
14.546070098876951,3,17,13,-2,3,-9,-23,-6,-13,0,17,11,1,-7,sil
14.561550855636597,7,19,14,9,0,-1,-11,-9,-23,-8,10,2,-3,-2,sil
14.561550855636597,0,10,9,13,2,4,0,-10,-17,0,4,0,-6,3,sil
14.57706880569458,-16,-4,1,10,7,7,7,-4,0,7,-5,-9,-14,-8,sil
14.57706880569458,-11,0,3,18,9,7,13,3,8,0,-5,-11,-17,-15,sil
14.592905044555664,-6,11,6,21,10,14,15,11,3,-3,-7,-4,-20,-10,sil
14.592905044555664,-11,5,0,16,11,26,18,9,1,2,-13,-8,-20,-3,sil
14.60871648788452,-7,-2,3,19,15,29,20,0,4,-2,-11,-10,-10,2,sil
14.60871648788452,6,4,13,26,13,24,17,-1,0,-8,-7,-2,-3,10,sil
14.624742269515991,10,4,10,23,5,24,22,4,-2,11,-2,3,-3,15,sil
14.624742269515991,0,-8,0,5,2,18,38,10,5,27,2,0,-1,19,sil
14.64074993133545,-5,-13,-12,-14,-3,0,27,11,11,15,-1,-8,1,17,sil
14.64074993133545,-4,-19,-16,-24,-15,-10,-4,2,9,0,-8,-8,-5,4,sil
14.655932903289797,-6,-25,-12,-20,-19,-8,0,0,12,0,-5,-7,-10,-1,sil
14.655932903289797,-9,-19,-10,-16,-11,-6,13,4,17,11,-3,-6,0,4,sil
14.67140293121338,-7,-18,-11,-21,-8,-9,-8,0,5,3,-7,0,5,0,sil
14.67140293121338,-7,-21,-15,-19,-12,-14,-28,-6,-6,-11,-8,1,4,-11,sil
14.686927795410156,0,-6,-3,-3,-11,-13,-15,7,8,0,0,8,24,1,sil
14.686927795410156,17,7,11,7,-3,-6,-1,22,29,25,7,23,41,23,sil
14.702584266662598,18,9,8,0,2,-8,-4,8,13,14,16,28,25,14,sil
14.702584266662598,13,10,2,-5,2,-16,-13,-8,-16,-19,16,17,10,-4,sil
14.718008041381836,16,13,1,0,0,-13,-20,-6,-19,-27,2,8,6,-10,sil
14.718008041381836,13,15,4,1,-1,-9,-17,-4,-12,-20,-4,9,-4,-10,sil
14.73400330543518,4,14,1,0,-2,-10,-11,-13,-18,-32,0,3,-14,-13,sil
14.73400330543518,-4,11,-8,-5,-4,-12,-14,-22,-28,-39,-4,-12,-18,-20,sil
14.750102758407593,-7,17,-3,-5,0,-6,-17,-15,-25,-12,-2,-9,-8,-15,sil
14.750102758407593,11,27,15,17,8,0,0,0,-3,18,21,11,16,8,sil
14.76565957069397,19,19,24,32,9,4,6,0,7,15,25,16,18,18,sil
14.766135692596436,3,2,14,19,6,7,0,-4,1,4,6,2,-2,2,sil
14.781708240509031,-9,-4,0,7,9,17,3,-1,0,8,1,-10,-5,-7,sil
14.781708240509031,-19,-12,-3,0,9,16,4,-3,-1,2,2,-14,-5,-6,sil
14.797106266021729,-20,-14,-11,-1,6,6,0,-2,-2,-6,-10,-16,-22,-8,sil
14.797106266021729,-5,-9,-5,7,9,8,8,5,7,9,-12,-18,-22,-4,sil
14.812729358673096,-2,-7,8,3,11,16,16,6,9,26,0,-16,-8,0,sil
14.812729358673096,-13,-7,1,-9,6,13,12,3,4,15,1,-10,-7,0,sil
14.82782769203186,-8,-5,-6,-6,7,3,19,9,8,1,-2,-4,-10,-5,sil
14.82782769203186,-3,-4,-1,0,1,2,20,7,9,10,-7,-5,-7,-1,sil
14.84347939491272,-10,-5,1,-8,-13,15,5,0,0,15,-9,-3,-3,7,sil
14.84347939491272,-1,-2,0,-10,-10,10,6,3,0,5,0,1,2,12,sil
14.859107971191406,10,0,0,0,-3,-6,16,4,10,1,0,2,10,12,sil
14.859107971191406,0,-5,-6,-8,-19,-8,2,3,9,-1,-17,-1,6,5,sil
14.874684572219849,-7,-11,-15,-20,-24,-3,-5,8,3,-10,-18,0,1,0,sil
14.874684572219849,4,-2,-7,-11,-3,-7,0,7,5,-11,3,12,6,0,sil
14.889496326446531,9,2,0,-13,2,-14,-4,0,5,-7,3,12,7,0,sil
14.889496326446531,-1,-3,-9,-19,-9,-19,-19,-2,-7,-13,-16,-2,-1,-5,sil
14.905134677886965,0,0,0,7,-3,-12,-17,-3,-16,-22,-10,-1,2,0,sil
14.905134677886965,20,18,20,40,14,4,-4,0,-5,-12,9,14,18,13,sil
14.920253276824951,22,16,15,30,11,1,0,-1,-1,0,13,14,9,7,sil
14.920253276824951,0,0,0,1,-2,-11,-8,-7,-12,2,10,3,-5,-10,sil
14.93696117401123,-11,-6,-5,0,-4,-9,-9,-7,-8,12,9,1,0,-10,sil
14.93696117401123,-4,-1,-4,0,-1,-2,-4,-1,1,7,10,9,10,0,sil
14.95152997970581,8,0,-3,-3,0,0,0,0,9,-3,15,15,8,4,sil
14.967550039291382,16,1,0,0,4,4,0,0,18,2,14,10,6,6,sil
14.967550039291382,7,-3,2,3,0,12,-2,-3,8,1,0,-1,0,1,sil
14.983569622039797,-8,-5,-7,-7,-6,12,-1,-5,-6,-7,-10,-25,-11,-11,sil
14.983569622039797,-17,-2,-10,-11,-3,3,-1,-4,-9,-4,-12,-36,-18,-15,sil
14.983569622039797,-8,-2,-7,-3,4,-1,-4,-2,-10,0,-11,-22,-12,-5,sil
14.999597311019896,2,-3,-1,-6,2,-2,-1,2,-8,0,-3,1,1,3,sil
14.999597311019896,-3,0,4,-11,0,-8,1,3,-1,3,-3,7,0,0,sil
15.015963792800903,-12,7,0,0,7,-6,7,-1,-3,10,-12,-2,-14,-8,sil
15.015963792800903,-3,19,4,13,17,11,17,2,4,24,6,0,-2,0,sil
15.03147840499878,4,17,18,12,7,18,20,9,20,23,24,16,17,14,sil
15.03147840499878,-7,0,9,4,-1,7,6,-3,0,-2,-3,6,0,2,sil
15.047524690628052,-16,-10,-3,3,5,0,-3,-12,-22,-10,-15,-9,-17,-10,sil
15.047524690628052,0,-3,-1,0,1,-4,-5,0,-11,-8,15,0,1,0,sil
15.063075304031372,8,0,3,-10,-14,-12,-14,6,-4,-31,21,13,7,0,sil
15.063075304031372,8,0,7,-9,-11,-7,-15,3,0,-22,2,12,0,-8,sil
15.07879114151001,16,4,12,1,0,1,-5,1,16,15,7,14,5,1,sil
15.07879114151001,21,13,21,13,3,0,-1,0,8,5,14,20,5,16,sil
15.094799757003784,15,14,20,29,3,2,7,2,-3,-11,9,8,7,17,sil
15.094799757003784,7,7,12,27,3,14,27,8,10,18,6,-1,19,21,sil
15.532853841781616,0,1,7,-12,4,1,0,0,-2,-17,2,1,0,1,sil
15.532853841781616,13,18,20,12,20,-4,3,5,0,37,12,3,-2,3,sil
15.548533201217651,21,18,16,6,13,-9,0,6,6,65,22,13,9,7,sil
15.548533201217651,11,4,4,-6,7,0,-7,2,26,49,14,10,14,5,sil
15.56467342376709,7,9,6,0,5,1,-9,0,18,54,11,9,12,3,sil
15.56467342376709,9,22,14,15,-1,-6,-7,-4,0,53,21,12,11,4,sil
15.579752922058104,1,11,7,18,-5,-8,-10,-10,-6,-9,12,0,0,0,sil
15.579752922058104,-10,0,0,0,-2,-4,-17,-12,-22,-72,-6,-7,-14,-9,sil
15.59491729736328,-5,5,4,0,0,0,-10,-7,-23,-60,1,0,-5,-8,sil
15.59491729736328,0,9,8,20,5,10,-2,-6,-5,-28,13,4,0,0,sil
15.60965347290039,-11,0,9,24,10,15,-4,-15,-15,-33,-4,-1,-11,-1,sil
15.60965347290039,-16,-2,0,16,3,6,0,-13,-25,-32,-19,-12,-14,-6,sil
15.62521505355835,-5,2,0,19,0,12,9,-3,-13,-9,-9,-12,-9,-4,sil
15.62521505355835,-1,6,2,21,8,25,15,-1,-7,3,-5,-5,-11,-2,sil
15.640866041183472,-3,8,2,16,13,20,19,1,-4,0,-13,0,-7,0,sil
15.640866041183472,0,5,1,0,3,6,18,8,-2,-1,-18,-6,-5,2,sil
15.656043767929075,2,-5,-9,-18,-5,0,10,5,0,0,-19,-10,-8,3,sil
15.656043767929075,-1,-12,-15,-20,-5,-2,5,6,17,11,-9,0,-3,0,sil
15.67119312286377,-3,-16,-4,-17,-4,-8,8,16,33,22,-2,-1,-5,-2,sil
15.67119312286377,-10,-23,-5,-18,-10,-10,8,9,17,12,-14,-18,-22,-3,sil
15.686753988265991,-10,-24,-11,-9,-7,-1,7,3,5,0,-15,-15,-12,0,sil
15.686753988265991,7,-12,-5,0,4,9,14,18,29,17,0,3,13,14,sil
15.701876640319824,9,-1,-1,-7,6,10,12,19,37,25,6,7,21,19,sil
15.701876640319824,1,-2,-6,-12,-4,-4,-8,-2,12,10,1,1,14,5,sil
15.717575550079346,5,-1,-3,-6,-5,-15,-24,-12,0,10,3,2,17,-1,sil
15.717575550079346,10,5,7,-1,-1,-11,-18,-7,-1,21,8,10,26,3,sil
15.733192920684814,4,0,0,-3,-12,-7,-11,-7,-8,15,10,8,23,6,sil
15.733192920684814,0,-9,-6,-7,-12,-8,-16,-10,-13,-5,11,5,9,1,sil
15.748286962509155,2,6,4,0,0,-1,-15,-10,-17,-19,13,10,0,0,sil
15.764893770217896,5,14,4,9,-3,0,-4,-7,-23,-17,6,10,-3,-1,sil
15.764893770217896,4,0,0,-1,-6,-6,1,1,-20,-12,0,9,-6,-7,sil
15.764893770217896,5,0,6,-3,4,-8,0,3,-8,-9,9,9,-2,-8,sil
15.78101110458374,-2,0,6,2,0,-11,-10,-2,-7,-9,12,0,-1,-7,sil
15.78101110458374,-9,-3,-8,-1,-9,-12,-10,3,-8,-7,8,-3,-4,-9,sil
15.796948671340942,0,16,-7,3,3,0,5,14,6,-1,14,2,3,-2,sil
15.796948671340942,3,21,4,10,11,9,4,5,8,-6,16,6,10,3,sil
15.811970949172974,-7,0,-1,-4,0,0,-9,-8,-7,-17,4,0,3,-7,sil
15.811970949172974,-7,3,-6,-11,-2,-4,-5,-10,-13,-21,-7,-5,-11,-22,sil
15.82762575149536,-3,21,7,3,0,0,5,-9,-7,-20,-14,-14,-29,-21,sil
15.82762575149536,-12,16,14,16,2,12,7,-10,-9,-8,-14,-19,-33,-12,sil
15.843158960342407,-9,9,13,18,19,19,9,-6,-8,8,-10,-12,-21,0,sil
15.843158960342407,0,0,10,17,23,21,22,8,14,18,-14,-10,-4,13,sil
15.85822367668152,0,-12,7,16,5,25,32,23,37,30,-12,-12,11,22,sil
15.87395977973938,6,-9,8,21,1,18,25,17,36,45,1,-2,20,25,sil
15.87395977973938,16,-1,1,19,14,0,6,5,25,38,7,8,18,29,sil
15.889606475830078,8,-13,-3,-3,8,-12,-8,4,12,13,-8,5,10,26,sil
15.889606475830078,-2,-23,-12,-21,-8,-15,-16,-4,-3,0,-29,-6,-7,6,sil
15.889606475830078,-3,-13,-19,-18,-5,-13,-14,-11,-4,0,-18,-4,-16,-10,sil
15.90476393699646,3,-4,-9,-15,6,-12,-10,-1,0,-3,10,11,0,-6,sil
15.920650720596312,3,-13,-8,-23,-5,-13,-17,-1,-9,-18,8,13,5,-4,sil
15.920650720596312,-3,-12,-18,-30,-24,-6,-19,-13,-21,-25,-1,9,0,-14,sil
15.935925483703612,6,9,-7,-14,-19,0,-6,-6,-22,-21,18,17,12,-16,sil
15.935925483703612,12,21,11,10,-10,-3,0,2,-24,-19,25,16,15,-7,sil
15.9510338306427,-2,9,12,12,-14,5,-1,0,-21,-14,5,-1,-7,-2,sil
15.9510338306427,-9,3,0,10,-7,27,15,0,0,1,-4,-13,-13,-4,sil
15.967014074325562,-4,9,2,25,16,36,34,7,10,13,-1,-10,0,0,sil
15.967014074325562,-3,4,0,23,20,27,31,10,12,13,-5,-8,1,10,sil
15.981841087341309,-2,-8,-12,-6,0,7,12,4,19,5,-12,-11,-2,5,sil
15.981841087341309,0,-13,-9,-18,-10,-8,-3,0,20,-3,-10,-1,3,-10,sil
15.997554779052734,0,-10,0,-9,-9,-15,-7,1,13,-3,-3,8,8,-5,sil
15.997554779052734,0,-11,-4,-19,-9,-23,-9,3,7,0,0,4,7,3,sil
16.01273512840271,5,-6,-3,-22,-4,-30,-14,1,2,0,6,6,11,-2,sil
16.01273512840271,0,8,3,-4,-2,-29,-22,-1,-4,0,17,14,14,-10,sil
16.028329372406006,-9,10,3,-5,0,-21,-27,-11,-19,-11,13,3,1,-15,sil
16.028329372406006,-7,0,1,-13,11,-10,-21,-13,-28,-30,0,-7,-15,-17,sil
16.044753313064575,7,9,20,1,12,-6,-17,-4,-26,-30,0,5,-15,-9,sil
16.044753313064575,14,22,38,20,0,-8,-15,-5,-23,-1,9,11,-10,2,sil
16.06023597717285,1,17,30,24,8,0,2,-8,-8,20,4,-4,-11,14,sil
16.06023597717285,-3,9,28,27,24,15,25,5,15,24,1,-7,-6,23,sil
16.08278799057007,7,11,39,36,21,24,34,13,28,43,7,-1,3,27,sil
16.08278799057007,4,8,19,34,19,26,30,5,16,54,7,-9,5,24,sil
16.08278799057007,-8,-5,-28,13,12,20,24,5,11,26,0,-13,3,19,sil
16.090949535369873,-11,-20,-55,-6,-3,8,19,7,27,8,-9,-8,0,11,sil
16.106016159057617,-12,-24,-49,-21,-15,-4,7,0,24,6,-21,-14,-9,3,sil
16.106016159057617,-17,-25,-44,-22,-25,-17,-11,0,1,-10,-20,-21,-8,0,sil
16.121283531188965,-9,-19,-32,-15,-28,-19,-20,6,-3,-21,-6,-2,6,6,sil
16.121283531188965,6,-6,-12,-11,-13,-9,-12,3,6,-17,-1,12,12,10,sil
16.136943817138672,10,0,-13,-12,-5,7,-4,2,7,-16,-4,7,7,1,sil
16.136943817138672,7,-2,-10,-20,-10,18,-1,5,0,-16,0,7,8,-8,sil
16.152541399002075,11,2,-1,-17,-7,18,-2,-1,-11,-20,0,11,11,-14,sil
16.152541399002075,9,12,3,2,-1,14,-11,-15,-30,-29,-2,9,0,-21,sil
16.167575359344482,-2,4,10,-1,-1,14,-15,-15,-33,-28,-9,7,-11,-22,sil
16.167575359344482,-4,-2,20,-23,0,32,-5,-7,-17,-26,-9,5,-7,-11,sil
16.182716369628906,5,9,30,-2,10,45,-3,-3,-21,-29,4,9,-3,-7,sil
16.182716369628906,12,23,33,33,22,4,-4,-5,-29,-14,9,2,-11,-19,sil
16.198528289794922,7,15,27,27,20,-43,9,-6,-10,8,0,-15,-15,-22,sil
16.198528289794922,1,-2,18,6,1,-35,21,0,12,33,1,-13,-4,-2,sil
16.213700532913208,-1,-10,2,-3,-9,-25,4,8,19,48,15,3,9,2,sil
16.213700532913208,-2,0,-2,-10,-1,-43,-21,0,9,29,23,12,11,-21,sil
16.228832960128784,-5,10,3,4,6,-23,-16,-7,0,31,23,1,0,-37,sil
16.244925260543823,-11,1,0,21,6,14,18,2,16,63,12,-13,-1,-15,sil
16.244925260543823,-10,-14,-9,3,1,12,34,18,45,24,0,-6,11,9,sil
16.244925260543823,2,-14,-11,-12,-4,-4,14,18,43,-51,0,12,23,7,sil
16.26026940345764,9,0,-1,-8,-6,-13,-3,1,7,-60,9,18,13,-5,sil
16.26026940345764,8,12,9,3,1,-16,-2,-3,-15,-38,7,10,0,-2,sil
16.275819301605225,1,19,11,15,7,-2,1,0,-20,-31,-10,0,-10,9,sil
16.29122018814087,-8,11,10,22,6,15,5,-7,-18,-3,-19,-6,-17,14,sil
16.29122018814087,-5,-6,4,21,6,16,11,-8,-6,30,-14,-8,-15,22,sil
16.307010889053345,-6,-18,-14,3,5,14,9,8,5,37,-24,-15,-7,31,sil
16.307010889053345,-19,-20,-33,-21,-5,17,2,13,9,36,-35,-22,-6,40,sil
16.307010889053345,-17,-17,-35,-31,-12,8,-6,1,3,38,-25,-13,0,61,sil
16.322543382644653,0,-11,-20,-24,-4,-9,-19,0,-5,35,-13,5,9,73,sil
16.338508367538452,12,3,-1,-7,-4,-13,-21,7,0,58,1,19,21,83,sil
16.338508367538452,19,12,5,-4,-12,-1,-19,5,13,87,15,21,25,121,sil
16.353538274765015,8,0,-11,-24,-16,-3,-28,-5,-2,18,0,0,4,89,sil
16.353538274765015,-7,-8,-16,-25,-16,-16,-25,-17,-24,-111,-6,-17,-16,-68,sil
16.368884563446045,2,5,12,8,-3,-4,-2,-15,-20,-132,15,-4,-10,-171,sil
16.368884563446045,13,14,21,25,10,15,7,-9,-13,-67,17,0,-12,-132,sil
16.384989261627197,-4,5,4,10,8,11,6,-9,-18,-58,4,-11,-31,-91,sil
16.384989261627197,-12,4,-2,9,4,5,14,-8,-15,-63,20,-8,-20,-87,sil
16.40048050880432,3,6,0,15,9,13,19,2,0,-13,38,2,7,-48,sil
16.40048050880432,8,0,6,5,8,18,16,10,14,15,41,8,15,-5,sil
16.415717363357544,2,-4,4,4,0,15,17,7,16,12,40,9,10,4,sil
16.415717363357544,7,0,-3,4,-4,2,13,8,21,21,15,9,15,15,sil
16.430839776992798,13,0,0,0,0,-9,9,18,36,40,-19,14,27,28,sil
16.430839776992798,6,0,1,6,4,-9,4,14,26,34,-34,10,14,19,sil
16.446553707122803,0,-1,-8,3,5,-16,-17,-8,-11,-1,-33,-3,-13,0,sil
16.446553707122803,0,0,-5,-9,0,-28,-28,-15,-27,-22,-24,-7,-13,-2,sil
16.462153911590576,-5,7,18,-5,-2,-16,-14,-14,-26,-3,0,-1,2,8,sil
16.462153911590576,-10,9,36,9,4,5,-3,-18,-34,19,14,-3,-12,11,sil
16.477384090423584,-4,16,34,26,20,15,8,-6,-19,25,0,-9,-29,17,sil
16.477384090423584,-7,18,31,24,17,21,31,16,16,46,-17,-5,-5,29,sil
16.492979049682617,-21,-2,14,-5,-5,15,32,14,29,72,-13,-2,14,33,sil
16.492979049682617,-20,-14,6,-22,-10,2,12,4,22,51,-20,-4,1,30,sil
16.508573293685913,-2,-1,25,-4,2,3,5,12,20,22,-27,2,-4,25,sil
16.508573293685913,4,-3,7,-4,2,1,0,11,20,26,-8,13,4,19,sil
16.52468967437744,-5,-21,-39,-23,-9,-13,-20,-4,3,-7,0,12,0,8,sil
16.52468967437744,-2,-23,-49,-19,-16,-20,-26,-6,-8,-59,-14,5,-3,2,sil
16.54024839401245,9,-14,-28,-4,-13,-13,-11,5,5,-41,6,9,20,7,sil
16.54024839401245,1,-8,-24,-8,-5,-8,-14,3,4,-16,20,1,22,0,sil
16.555806398391724,-9,-9,-34,-16,-8,-6,-23,-7,-18,-41,-12,-17,-9,-20,sil
16.555806398391724,6,-13,-22,-14,-7,0,-11,-6,-13,-43,-6,2,-2,-11,sil
16.57151222229004,32,0,-4,-2,6,1,4,4,7,-9,41,26,29,6,sil
16.57151222229004,28,17,-5,5,11,2,0,-1,-4,-7,32,1,13,-13,sil
16.587048292160034,15,11,-6,2,0,3,-11,-15,-26,-26,1,-22,-15,-35,sil
16.587048292160034,32,3,0,3,-5,0,-8,-8,-13,-16,15,-10,0,-19,sil
16.602874994277954,36,16,5,10,0,-4,-1,-1,-6,1,34,-4,1,-11,sil
16.602874994277954,-6,14,5,7,1,-2,0,-8,-16,2,16,-14,-25,-23,sil
16.61800765991211,-44,-3,-1,11,-2,6,7,-6,-7,4,-5,-17,-18,-16,sil
16.61800765991211,-41,1,2,26,-3,8,15,2,3,20,-15,-12,0,-1,sil
16.634050846099854,-29,11,14,18,0,4,10,0,-4,30,-19,-13,-19,-3,sil
16.634050846099854,-21,0,16,-3,-1,7,9,-1,-5,37,-10,-4,-29,2,sil
16.649770975112915,-8,-1,13,3,1,13,23,11,11,43,0,6,-1,19,sil
16.649770975112915,-2,6,6,16,13,15,29,13,16,29,0,-3,7,18,sil
16.66493248939514,-13,-5,-6,-12,3,11,21,2,11,-4,-3,-17,-6,3,sil
16.66493248939514,-18,-17,-21,-36,-11,-1,11,1,12,-31,-22,-8,-11,-1,sil
16.680543184280396,0,-5,-9,-15,0,-11,-4,6,7,-44,-45,8,0,0,sil
16.680543184280396,28,3,11,6,10,-9,-18,7,6,-34,-28,23,21,0,sil
16.69653820991516,30,3,13,4,0,-12,-16,3,14,-9,10,32,32,1,sil
16.69653820991516,18,6,16,4,4,-19,-12,2,10,-10,20,35,22,3,sil
16.71205997467041,17,11,27,18,13,-11,-13,4,3,-24,18,36,19,12,sil
16.71205997467041,21,14,45,28,7,-5,-16,-1,3,-8,28,40,26,19,sil
16.727638244628906,17,20,56,20,11,-2,-11,-6,3,19,31,32,21,18,sil
16.727638244628906,6,18,46,0,19,10,-2,-8,-4,11,10,3,0,5,sil
16.743056058883667,-10,7,43,-11,13,17,-10,-15,-26,-19,-14,-22,-24,-19,sil
16.743056058883667,-8,5,32,2,8,6,-9,-7,-21,-5,-6,-20,-20,-16,sil
16.75827193260193,4,0,-19,8,4,2,11,7,5,30,9,-7,-4,6,sil
16.75827193260193,-3,-24,-68,-13,-7,2,12,0,0,32,-8,-17,-14,0,sil
16.77394986152649,-14,-33,-62,-16,-15,0,0,-5,-8,31,-14,-26,-19,-10,sil
16.77394986152649,-7,-17,-36,-1,-10,11,11,5,2,44,12,-16,-8,-1,sil
16.789550304412842,-17,-23,-48,-16,-16,14,21,3,-4,51,6,-21,-20,-2,sil
16.789550304412842,-32,-35,-66,-35,-30,-4,2,-5,-18,58,-13,-33,-28,-12,sil
16.804683685302734,-22,-26,-49,-21,-29,-14,-7,1,-1,38,15,-28,-6,-4,sil
16.804683685302734,-9,-23,-35,-14,-21,-4,0,10,17,-16,23,-30,4,-3,sil
16.8202166557312,-6,-18,-31,-23,-14,1,7,10,20,-50,-30,-25,6,-7,sil
16.8202166557312,0,7,-18,-7,-7,0,12,6,19,-46,-62,-6,19,0,sil
16.836187839508057,9,14,0,3,-6,-9,0,-4,5,-47,-37,3,25,2,sil
16.836187839508057,16,4,13,-9,-8,-15,-18,-9,-4,-37,-7,12,25,0,sil
16.85180640220642,20,17,21,-3,-4,-10,-16,-4,0,-12,0,26,29,5,sil
16.85180640220642,12,33,30,18,2,-8,-16,-8,-10,-23,4,31,13,2,sil
16.867491960525513,12,35,45,31,9,-11,-10,-7,-13,-32,18,33,2,4,sil
16.867491960525513,19,39,53,34,15,1,2,2,0,-5,34,41,12,17,sil
16.88289523124695,7,29,40,20,17,11,-4,1,-11,-12,23,35,-2,5,sil
16.89852285385132,-5,8,23,9,17,4,-4,-1,-23,-44,-1,10,-32,-13,sil
16.89852285385132,-1,5,32,21,21,7,23,5,-4,-21,-4,0,-32,-3,sil
16.89852285385132,4,6,34,27,18,16,26,2,0,7,2,0,-27,5,sil
16.9136700630188,-7,-8,7,6,9,11,0,-11,-21,-9,-7,-13,-40,-13,sil
16.928840398788452,-22,-18,-4,-2,13,2,0,-3,-22,-9,-8,-19,-28,-20,sil
16.928840398788452,-5,-9,1,8,26,5,13,10,5,22,1,-5,0,4,sil
16.94467568397522,10,-3,0,5,30,10,10,3,19,31,4,-2,0,18,sil
16.94467568397522,2,-11,-8,-7,34,6,3,1,18,36,13,-14,-4,13,sil
16.960707664489746,3,-14,-10,-7,46,1,1,15,27,60,28,-3,24,17,sil
16.960707664489746,5,-16,-12,-15,26,0,-7,13,34,59,16,5,33,10,sil
16.977003812789917,-15,-23,-32,-37,-38,-13,-22,-3,21,21,-5,-16,8,-12,sil
16.977003812789917,-17,-19,-37,-38,-81,-34,-28,-12,2,-1,-3,-24,3,-19,sil
16.99300241470337,4,-8,-20,-25,-61,-30,-19,-14,-11,9,13,0,22,-9,sil
16.99300241470337,4,0,-15,-23,-29,-12,-4,-8,-12,9,27,8,31,-7,sil
16.99300241470337,-1,12,-11,-10,-22,-4,6,5,1,-20,20,4,27,-3,sil
17.008039712905884,11,26,4,14,-21,0,5,9,9,-22,-1,16,31,5,sil
17.023581981658936,13,19,18,15,-12,7,0,-2,3,1,-15,18,45,8,sil
17.023581981658936,-1,5,14,10,0,15,-1,-6,0,-7,-28,-3,25,-1,sil
17.038734436035156,-9,13,6,29,6,23,5,-4,-4,-22,-38,-22,-37,-10,sil
17.038734436035156,-15,13,2,31,7,24,8,-7,-22,15,-26,-18,-63,-4,sil
17.054819345474243,-17,-18,-8,9,0,17,13,-1,-24,48,-19,-14,-34,6,sil
17.054819345474243,-6,-29,-13,10,0,18,19,8,-10,5,-29,-4,-16,13,sil
17.0708065032959,7,-6,-1,25,9,17,14,10,-3,-44,-27,7,-23,16,sil
17.0708065032959,5,0,-4,4,3,-2,0,7,-2,-40,-19,2,-29,4,sil
17.086496829986572,-5,-15,-18,-28,-15,-23,-4,12,6,-14,-15,0,-27,-8,please
17.086496829986572,1,-8,-14,-25,-10,-20,1,15,21,4,2,14,-6,0,please
17.10171890258789,21,12,8,-10,21,-5,7,4,25,3,27,28,20,12,please
17.10171890258789,26,23,22,-10,33,1,1,-4,20,-11,40,27,22,12,please
17.117027521133423,16,12,7,-10,13,-10,-13,-9,3,-8,32,14,6,3,please
17.117027521133423,0,0,0,-16,2,-28,-25,-14,-28,-19,18,3,-3,-9,please
17.132619619369507,-3,7,11,-14,14,-23,-21,-10,-33,-43,17,2,-7,-13,please
17.132619619369507,5,20,24,8,22,-5,-11,-3,-7,-19,31,0,-5,-8,please
17.14855456352234,1,6,18,18,13,1,-6,-11,-14,7,28,-16,-2,-13,please
17.14855456352234,-15,-7,8,2,3,5,-2,-16,-39,-15,4,-28,-3,-23,please
17.16366982460022,-16,-8,15,-2,0,9,0,-5,-26,-6,-1,-17,5,-17,please
17.16366982460022,-11,-20,15,3,0,10,3,0,-4,34,6,-17,27,-8,please
17.179335832595825,-26,-28,0,2,-2,19,17,0,-5,17,-26,-35,26,-7,please
17.179335832595825,-27,-13,-8,2,-12,24,27,12,1,-6,-66,-23,5,0,please
17.19507598876953,0,-3,-22,7,-24,9,24,23,31,30,-43,2,3,16,please
17.19507598876953,2,-13,-45,-1,-14,1,11,20,46,59,-4,0,4,24,please
17.210535287857056,-2,-13,-44,-11,-4,0,0,12,37,37,1,-2,-2,18,please
17.210535287857056,8,3,-22,-6,-9,-9,-11,4,25,9,4,20,2,12,please
17.22591471672058,13,17,-12,-9,-6,-20,-16,0,19,2,11,33,9,8,please
17.22591471672058,16,25,-6,-7,4,-16,-12,0,15,1,22,24,5,4,please
17.241645336151123,27,36,17,15,7,-5,-14,-6,0,-7,42,29,10,0,please
17.241645336151123,18,37,25,32,-1,-1,-17,-22,-21,-22,33,34,5,-5,please
17.256855249404907,-1,23,8,25,-10,-1,-3,-21,-21,-27,0,11,-22,-9,please
17.256855249404907,-8,5,8,17,0,2,8,-3,-4,-13,-7,-14,-29,-9,please
17.272921085357666,-12,-3,9,15,12,10,5,4,7,12,-6,-25,-12,-14,please
17.272921085357666,-10,-9,1,6,10,12,9,4,15,19,-12,-25,-8,-10,please
17.28902316093445,2,-16,7,1,7,5,19,10,21,5,-5,-2,0,16,please
17.28902316093445,4,-18,15,-2,2,-2,7,15,8,-1,-5,10,15,31,please
17.305055141448975,-6,-25,0,-21,-13,-4,-9,6,-14,-3,-26,-10,1,6,please
17.305055141448975,-2,-33,-4,-37,-16,-4,-7,-5,-23,-18,-30,-20,-14,-8,please
17.32055425643921,14,-15,24,-28,-3,-8,-8,-12,-23,-37,-8,10,0,0,please
17.32055425643921,18,15,41,-6,5,-1,-11,-6,-25,-24,12,27,9,0,please
17.33583092689514,2,17,23,5,14,19,13,1,-19,7,17,2,1,-11,please
17.33583092689514,-8,-1,17,11,17,30,39,1,-7,14,6,-13,-5,-10,please
17.35126280784607,-9,-12,15,9,4,17,33,2,0,24,-5,-17,-6,0,please
17.35126280784607,-15,-12,-2,-6,-1,3,20,12,6,42,-13,-20,-3,9,please
17.366501092910767,-12,-10,-15,-18,-1,-5,6,9,7,19,-13,-15,3,8,please
17.366501092910767,0,-4,-21,-12,-10,-22,-21,-5,-5,-15,-4,-3,7,0,please
17.382578372955322,3,3,-20,-12,-11,-38,-45,-12,-25,-21,10,5,13,-10,please
17.382578372955322,0,9,-23,-6,-5,-34,-43,-15,-25,-27,16,5,8,-19,please
17.397740364074707,-4,22,-23,13,-5,-13,-31,-23,-22,-33,7,0,-15,-24,please
17.397740364074707,-2,37,-11,28,0,1,-19,-16,-25,-16,-3,0,-25,-14,please
17.413835287094116,3,21,-23,19,9,4,0,1,-1,3,-1,3,-7,4,please
17.413835287094116,-4,-18,-63,-10,3,8,15,14,40,18,5,9,6,15,please
17.42951464653015,-8,-25,-85,-21,-6,16,13,18,54,22,5,16,10,15,please
17.42951464653015,0,0,-67,-4,-5,15,2,10,40,7,1,14,7,10,please
17.44512963294983,1,4,-28,2,0,1,7,10,39,4,6,5,10,6,please
17.44512963294983,5,-1,12,-5,-2,-11,11,15,39,11,17,5,21,1,please
17.460969924926758,16,6,59,-7,-2,-11,-2,3,13,-9,32,21,21,0,please
17.460969924926758,24,23,88,13,7,1,0,-6,-5,-21,45,29,11,9,please
17.476576805114746,14,24,79,42,21,15,13,-7,-12,-14,29,4,-5,8,please
17.476576805114746,-10,0,48,37,18,19,10,-12,-23,-28,-14,-33,-34,-13,please
17.491655826568604,-18,-14,37,15,5,16,12,-8,-21,-16,-45,-35,-39,-20,please
17.491655826568604,0,0,48,17,6,19,24,6,-7,15,-36,-6,-9,0,please
17.506967782974243,5,0,33,22,13,20,20,8,1,13,-24,-5,7,6,please
17.506967782974243,-10,-26,-6,-9,1,5,0,0,4,14,-29,-26,1,-2,please
17.522494792938232,-15,-37,-23,-39,-17,-12,-17,-7,-10,28,-31,-27,-1,-5,please
17.522494792938232,-7,-23,-17,-20,-19,-15,-11,-12,-26,0,-25,-17,-1,0,please
17.53774666786194,3,-10,-6,-1,-8,-7,4,-3,-12,-11,-15,-9,2,7,sil
17.53774666786194,7,-18,-15,-33,-16,-9,1,6,3,26,-10,-6,5,7,sil
17.55331015586853,0,-19,-29,-56,-24,-20,-11,2,0,43,0,2,5,0,sil
17.55331015586853,7,8,-6,-17,-1,-17,-13,2,0,41,22,24,13,1,sil
17.569067001342773,18,27,4,10,13,-5,-9,4,0,51,24,25,9,0,sil
17.569067001342773,-1,9,-22,-16,-9,-10,-19,-9,-17,28,10,10,-8,-15,sil
17.585387706756592,-11,2,-26,-19,-17,-16,-23,-9,-17,-7,20,18,-4,-12,sil
17.585901021957397,12,32,5,20,11,-4,-6,9,5,-20,39,34,16,9,sil
17.600499391555786,17,44,17,25,17,-2,2,9,8,-44,37,33,20,16,sil
17.600499391555786,-5,25,0,6,-1,-5,-3,-1,0,-69,20,20,5,9,sil
17.616511344909668,-23,11,-1,16,1,7,0,1,9,-51,7,4,-11,2,sil
17.616511344909668,-26,9,-1,31,18,16,9,0,14,-27,-3,-13,-20,-7,sil
17.63177251815796,-18,8,-10,22,14,11,7,-11,0,-35,-22,-19,-25,-15,sil
17.63177251815796,-1,1,-6,15,11,15,10,-3,-4,-34,-25,-6,-24,-5,sil
17.646934747695923,3,-10,0,20,13,23,20,10,11,1,1,-3,-3,9,sil
17.663115739822388,-5,-21,-15,15,3,18,13,3,9,19,2,-17,6,3,sil
17.663115739822388,-3,-22,-28,0,-8,10,5,-8,-9,3,-31,-23,-4,-12,sil
17.663115739822388,8,-25,-22,-10,-7,5,9,-5,-2,8,-27,-16,0,-3,sil
17.677825212478638,10,-27,-8,-18,-2,0,8,9,18,30,0,-10,20,19,sil
17.69298267364502,13,-19,-2,-28,-5,-8,0,15,25,22,0,0,22,24,sil
17.69298267364502,23,-6,6,-29,-7,-15,-7,3,15,0,-5,15,24,13,sil
17.708538055419922,26,2,19,-14,0,-17,-10,0,10,1,4,15,26,1,sil
17.708538055419922,14,6,13,-6,0,-13,-4,5,7,11,5,0,5,-12,sil
17.723578453063965,-1,0,7,-13,-18,-9,-11,-2,-14,-10,-2,-6,-18,-24,sil
17.723578453063965,-8,-3,16,-5,-23,-7,-20,-11,-32,-22,-4,-8,-21,-21,sil
17.73881769180298,-4,16,25,18,1,0,-6,-10,-25,4,4,-8,-12,-5,sil
17.73881769180298,-11,21,22,23,17,5,4,-12,-21,24,7,-9,-15,-1,sil
17.754039764404297,-25,-4,3,8,5,6,0,-15,-28,15,-9,-27,-31,-16,sil
17.754039764404297,-17,-8,-4,1,3,10,14,0,-10,27,-17,-35,-26,-15,sil
17.76975131034851,-6,9,0,1,7,18,34,20,30,59,0,-11,1,12,sil
17.76975131034851,-7,1,3,-7,5,12,18,17,40,52,11,13,22,25,sil
17.784887552261353,6,-4,10,-9,0,-7,-11,0,7,12,18,28,28,11,sil
17.784887552261353,25,12,22,4,0,-19,-26,-13,-22,-7,30,36,19,2,sil
17.800073385238647,7,15,21,7,1,-11,-27,-15,-31,-33,23,23,-8,-1,sil
17.800073385238647,-16,-3,-5,2,0,1,-11,-4,-16,-59,2,0,-25,-2,sil
17.81563973426819,-12,-10,-30,2,-7,3,8,15,14,-38,3,1,-4,5,sil
17.81563973426819,0,-8,-28,-6,-9,-5,8,20,29,-8,7,19,20,6,sil
17.8315327167511,5,-7,-15,-14,-6,-12,-6,3,15,-15,-1,29,21,1,sil
17.8315327167511,7,0,-2,-9,-7,-13,-17,-10,-8,-33,-2,32,13,2,sil
17.846850633621216,2,10,0,0,-7,-8,-12,-14,-23,-24,-5,15,4,-6,sil
17.846850633621216,-10,13,-3,10,3,7,1,-8,-15,8,-23,-11,-12,-18,sil
17.862399578094482,-13,5,-1,18,19,25,19,5,5,24,-27,-18,-21,-8,sil
17.862399578094482,-5,-3,-8,11,15,22,26,11,18,-3,-25,-8,-16,0,sil
17.877641916275024,3,-8,-12,-2,0,5,9,9,16,-20,-21,-7,-6,3,sil
17.877641916275024,23,-2,2,0,2,0,-7,11,28,8,2,-19,15,22,sil
17.893190383911133,38,8,17,14,14,4,-1,7,39,30,31,-19,45,38,sil
17.893190383911133,27,7,13,2,10,3,1,-4,16,13,29,-12,34,17,sil
17.90828251838684,4,0,-7,-19,-4,-5,-2,-11,-11,0,8,-27,-12,-17,sil
17.90828251838684,-17,0,-16,-20,-11,-10,-1,-10,-27,0,-14,-48,-39,-31,sil
17.92460346221924,-28,-5,-6,-11,-14,-7,0,-10,-38,0,-28,-40,-32,-25,sil
17.92460346221924,-14,-6,3,5,-3,0,9,-2,-25,2,-12,-10,-13,-7,sil
17.939745903015137,-2,2,14,29,10,11,24,10,7,20,16,15,6,6,sil
17.939745903015137,-8,0,8,25,0,16,22,10,14,43,12,24,4,10,sil
17.95489239692688,-5,-16,-4,-5,-13,1,8,0,0,38,-10,31,-8,7,sil
17.95489239692688,0,-20,-1,-14,-10,-6,3,-1,-1,1,-6,43,0,4,sil
17.970924615859985,-3,-12,0,-7,-7,-3,-7,1,4,-31,1,56,12,3,sil
17.970924615859985,0,-5,-8,-11,-13,-6,-25,0,0,-36,-5,62,4,0,sil
17.986091375350952,14,-1,-4,-5,-6,-13,-24,3,5,-21,0,37,10,0,sil
17.986697673797607,17,6,11,3,6,-15,-26,3,6,-12,27,-5,34,3,sil
18.001837968826294,11,17,14,0,7,-20,-39,-14,-17,-13,39,-19,25,1,sil
18.001837968826294,9,25,8,2,6,-11,-25,-23,-34,-10,18,-13,-3,-7,sil
18.01740550994873,4,22,12,13,13,13,5,-8,-18,1,0,-22,-18,-11,sil
18.01740550994873,-4,12,8,13,16,24,18,2,2,17,-2,-43,-25,-13,sil
18.033473014831543,-16,1,0,5,13,20,22,5,4,12,-8,-47,-34,-16,sil
18.049574375152588,-30,-8,-4,2,7,18,32,10,2,-1,-21,-41,-32,-7,sil
18.049574375152588,-37,-20,-21,-11,-3,7,30,10,12,12,-26,-41,-20,2,sil
18.049574375152588,-24,-33,-37,-42,-15,-11,8,4,16,24,-14,-31,-5,0,sil
18.06582474708557,1,-29,-27,-48,-16,-24,-8,2,2,-8,-4,-9,9,0,sil
18.06582474708557,16,-3,-2,-26,-8,-23,-19,0,-4,-40,-6,7,15,3,sil
18.086759567260746,13,15,12,-9,-8,-19,-25,-6,-1,-28,-1,11,12,0,sil
18.086759567260746,10,20,18,7,-6,-8,-14,-6,0,-10,8,7,7,-4,sil
18.097351551055908,7,20,28,26,12,15,0,-2,1,-1,5,8,5,5,sil
18.097351551055908,6,13,24,27,21,30,1,-5,1,9,-6,9,5,11,sil
18.112944841384888,11,5,5,17,5,20,-2,-6,0,13,-5,0,4,6,sil
18.112944841384888,13,8,-3,14,-3,5,5,3,3,17,0,2,13,15,sil
18.12857270240784,7,7,-3,18,4,8,17,18,17,29,2,22,27,28,sil
18.12857270240784,6,-5,-5,6,5,11,18,17,18,25,0,31,22,21,sil
18.14460778236389,6,-16,-16,-8,-6,0,16,11,14,10,0,36,10,4,sil
18.14460778236389,-1,-14,-22,-2,-11,-5,11,9,16,7,9,49,11,-2,sil
18.15976881980896,-3,-8,-8,8,-1,0,4,5,14,5,16,57,9,-6,sil
18.15976881980896,0,0,-2,6,0,-3,1,-2,0,0,14,58,0,-10,sil
18.17591547966004,-1,3,0,0,-4,-10,0,-9,-19,-18,13,39,-7,-12,sil
18.17591547966004,2,3,10,3,-8,-16,-5,-13,-28,-36,11,-15,-17,-13,sil
18.190996646881104,5,4,12,12,-9,-18,-12,-15,-27,-28,0,-58,-37,-19,sil
18.207061767578125,-1,7,17,18,-6,-9,-16,-12,-29,-16,-5,-47,-41,-20,sil
18.207061767578125,4,10,28,28,4,3,-4,-9,-22,-16,4,-23,-18,0,sil
18.207061767578125,15,11,26,30,9,6,-1,-8,-7,0,12,-8,4,26,sil
18.222612857818604,9,2,11,17,0,0,-14,-3,3,28,8,-1,12,29,sil
18.222612857818604,-1,-10,-5,-4,-5,0,-18,3,17,29,-1,-8,16,16,sil
18.237775325775143,-7,-19,-18,-25,0,1,-13,11,21,9,-4,-13,21,4,sil
18.253293991088867,-13,-18,-21,-32,0,-5,-10,10,7,-5,-5,-11,16,-8,sil
18.253293991088867,-20,-10,-6,-38,-1,-12,-4,5,-3,-9,-13,-19,6,-21,sil
18.253293991088867,-21,-6,3,-45,8,-7,0,5,-2,-6,-20,-33,-6,-25,sil
18.26906538009644,-19,0,7,-27,18,-2,0,0,0,-4,-9,-30,-17,-21,sil
18.26906538009644,-18,11,28,-1,18,8,14,-7,-4,2,0,-14,-16,-10,sil
18.284870386123657,-15,4,25,-8,14,29,29,0,-2,14,-14,-22,-17,-1,sil
18.300270080566406,-20,-10,-35,-30,5,34,20,0,0,2,-33,-42,-34,-9,sil
18.300270080566406,-23,-14,-83,-29,0,24,19,-7,2,-11,-45,-41,-41,-17,sil
18.317079544067383,-16,-18,-78,-28,0,18,32,0,6,6,-63,-38,-25,-6,sil
18.317079544067383,-6,-22,-58,-45,-12,7,17,7,11,17,-56,-29,-7,3,sil
18.317079544067383,17,-3,-34,-25,-21,-10,-8,0,16,9,0,7,11,8,sil
18.331584453582764,44,18,8,18,-18,-27,-22,-5,10,4,40,44,33,17,sil
18.34766292572021,34,21,37,32,-14,-31,-39,-6,-6,-5,34,61,43,23,sil
18.34766292572021,24,27,41,40,0,-20,-39,1,-7,-13,49,81,49,25,sil
18.36355233192444,38,35,53,62,1,-13,-8,12,9,-8,87,94,53,24,sil
18.36355233192444,23,24,46,57,-26,-19,2,6,6,-17,73,68,29,8,sil
18.3791286945343,-9,15,30,43,-20,-12,-8,-5,-13,-25,27,33,-4,-7,sil
18.3791286945343,-4,24,39,53,31,6,0,0,-12,-9,14,22,-9,-6,sil
18.394700288772583,11,17,36,46,39,11,17,4,-3,-1,13,7,-3,-4,sil
18.394700288772583,0,-7,12,18,4,8,18,0,-10,-6,-5,-12,-15,-6,sil
18.410505294799805,-12,-20,-2,6,0,18,22,3,-9,8,-19,-24,-22,2,sil
18.410505294799805,-10,-23,-10,-6,9,27,33,10,5,24,-20,-24,-9,14,sil
18.425846815109253,-3,-31,-12,-33,-5,14,27,9,15,18,-21,-14,-1,13,sil
18.425846815109253,8,-24,-12,-36,-15,-2,7,4,22,11,-18,-7,2,7,sil
18.441741466522217,20,-5,-6,-22,0,-5,-13,-4,21,11,-2,-3,14,7,sil
18.441741466522217,21,5,4,-17,10,-5,-23,-18,0,9,11,3,15,1,sil
18.45733642578125,10,16,12,-8,10,-4,-16,-21,-19,8,7,3,-1,-12,sil
18.45733642578125,-8,14,8,3,15,6,-7,-11,-22,6,-9,-15,-17,-14,sil
18.47328805923462,-29,-6,-15,-4,3,9,-4,-2,-7,5,-30,-39,-20,-5,sil
18.47328805923462,-35,-22,-34,-32,-14,-5,-5,7,5,-2,-34,-43,-15,-11,sil
18.489144325256348,-25,-19,-40,-43,-18,-18,-15,19,12,-9,-21,-36,-3,-20,sil
18.489144325256348,-15,-12,-35,-36,-19,-19,-27,10,10,-11,-9,-31,1,-18,sil
18.50403547286988,-9,-2,-19,-26,-15,-12,-21,-11,-3,-16,-1,-23,-7,-21,sil
18.50403547286988,-11,7,-6,-8,-2,-3,-4,-19,-22,-20,4,-16,-16,-18,sil
18.519648790359497,-15,2,0,8,0,0,0,-15,-36,-21,-8,-11,-20,-7,sil
18.519648790359497,-14,-11,-1,11,-2,-1,4,-8,-34,-19,-32,-8,-26,-6,sil
18.53564071655273,-13,-13,-11,5,-4,5,13,-5,-20,-17,-31,-11,-26,-7,sil
18.53564071655273,-7,-8,-5,13,-10,16,10,0,-6,-13,-16,-1,-13,5,sil
18.55086851119995,13,0,14,23,0,19,12,13,14,8,-5,23,5,24,sil
18.55086851119995,29,17,24,20,16,17,20,18,34,31,12,43,27,37,sil
18.56635332107544,28,19,27,20,15,0,18,14,38,30,40,41,44,35,sil
18.56635332107544,27,10,23,13,13,-12,8,15,35,34,52,40,47,22,sil
18.58197283744812,25,6,11,-8,23,-6,2,20,33,40,49,45,39,19,sil
18.58197283744812,22,13,1,1,29,0,0,16,31,17,42,38,31,17,sil
18.59769821166992,19,21,10,27,32,-2,-3,1,18,-9,37,22,24,1,sil
18.59769821166992,7,12,5,4,21,-9,-7,-9,0,-16,25,14,11,-15,sil
18.613264560699463,-7,-3,-15,-24,-8,-12,-13,-14,-16,-24,5,3,-5,-27,sil
18.613264560699463,-20,-1,-7,-8,-32,-12,-15,-16,-30,-33,-6,-11,-19,-32,sil
18.628963708877563,-27,1,2,4,-34,-5,0,-14,-37,-29,-16,-31,-27,-23,sil
18.628963708877563,-26,-9,-4,-4,-29,1,10,-10,-40,-26,-34,-41,-38,-15,sil
18.645000457763672,-20,-13,-3,-6,-18,9,6,-11,-39,-24,-45,-38,-42,-13,sil
18.645000457763672,-6,0,5,4,-5,18,8,-14,-28,-7,-38,-30,-34,-2,sil
18.66079306602478,2,4,10,12,-1,23,13,-3,-13,18,-24,-16,-20,12,sil
18.66079306602478,1,0,2,12,0,21,11,13,5,36,-15,-8,-5,15,sil
18.67685961723328,3,-7,-4,4,1,11,2,14,21,41,-6,-3,9,18,sil
18.67685961723328,15,-7,1,0,-2,-5,-14,6,24,38,7,3,18,25,sil
18.69295644760132,15,-2,3,1,1,-6,-21,8,24,20,7,3,19,15,sil
18.69295644760132,1,-2,-2,0,13,11,-1,17,36,9,0,1,22,7,sil
18.70871329307556,4,-6,-5,-5,7,9,11,14,44,24,16,14,26,11,sil
18.70871329307556,3,-10,-12,-20,-4,-13,-1,-1,21,14,19,18,9,-7,sil
18.72399044036865,-19,-12,-22,-33,-3,-20,-13,-9,-11,-31,-8,0,-14,-36,sil
18.72399044036865,-26,-5,-23,-25,-2,-18,-10,0,-6,-38,-10,-5,-8,-24,sil
18.73956799507141,-5,3,-3,-9,-2,-25,-6,2,14,-16,9,20,8,-5,sil
18.73956799507141,5,2,1,-8,0,-27,-9,-8,-1,-22,1,30,3,-12,sil
18.75464153289795,2,0,-8,-11,0,-22,-14,-16,-36,-45,-10,1,-12,-16,sil
18.75464153289795,7,10,1,0,5,-7,-5,-8,-35,-39,4,-13,-11,-3,sil
18.77051019668579,20,22,19,24,16,9,13,1,-7,-4,21,0,8,11,sil
18.77051019668579,19,17,22,25,9,4,8,-2,-1,12,22,11,26,19,sil
18.78567671775818,14,7,25,19,0,-2,-10,-12,-12,2,21,8,20,17,sil
18.78567671775818,20,16,35,31,11,11,-14,-8,-16,3,27,16,9,20,sil
18.801700830459595,17,19,27,32,19,23,-5,0,-7,23,28,20,10,25,sil
18.801700830459595,0,4,9,21,14,21,8,3,8,37,7,3,8,14,sil
18.816919326782227,-11,-2,7,20,9,24,23,6,16,32,-13,-2,-2,-1,sil
18.816919326782227,-13,-6,-4,11,0,21,25,8,6,13,-25,-8,-15,-11,sil
18.832786798477173,-29,-16,-32,-13,-13,11,17,3,-6,-7,-43,-36,-29,-24,sil
18.832786798477173,-41,-18,-38,-23,-17,7,14,4,-13,-14,-54,-51,-39,-28,sil
18.847618341445923,-34,-22,-34,-19,-15,0,13,8,-8,-7,-41,-42,-37,-18,sil
18.847618341445923,-27,-32,-32,-27,-18,-10,4,4,-1,-8,-27,-38,-33,-14,sil
18.8632287979126,-21,-24,-21,-29,-19,-9,0,0,1,-12,-25,-31,-26,-11,sil
18.8632287979126,-3,-4,-6,-16,-14,-3,1,5,2,-1,-8,-5,-10,3,sil
18.87886953353882,9,1,6,-17,-11,-2,1,4,7,8,17,16,5,18,sil
18.87886953353882,7,-2,1,-21,-17,-6,-7,-1,13,3,17,19,3,17,sil
18.894903421401978,8,-7,-7,-12,-17,-12,-19,-1,12,-7,5,17,2,7,sil
18.894903421401978,21,-3,0,-6,-5,-10,-21,-1,10,-7,13,18,24,3,sil
18.910589933395386,31,8,13,0,3,-9,-19,-3,15,10,30,24,50,9,sil
18.910589933395386,33,21,23,16,9,-13,-17,-1,19,25,36,36,52,14,sil
18.92590355873108,32,23,27,12,11,-5,-6,2,18,16,37,37,42,14,sil
18.92590355873108,26,13,20,-11,9,0,1,2,15,2,40,27,36,10,sil
18.940879344940186,17,12,8,-6,7,-4,1,2,10,5,33,19,25,-3,sil
18.940879344940186,4,26,5,23,16,-1,1,-3,-3,4,11,12,5,-19,sil
18.95665192604065,-9,25,16,30,30,0,-7,-13,-24,-18,0,0,-10,-21,sil
18.95665192604065,-11,5,12,21,31,-5,-12,-7,-21,-23,3,-8,-13,-13,sil
18.972074508666992,-8,-1,1,17,29,7,5,3,-6,-3,-5,-10,-16,-7,sil
18.972074508666992,-11,1,1,15,40,19,20,0,-17,-6,-25,-17,-31,-1,sil
18.98776841163636,-18,0,-1,11,39,12,17,-9,-38,-29,-33,-30,-43,0,sil
18.98776841163636,-23,-10,-13,0,1,11,11,-14,-39,-30,-36,-32,-42,-3,sil
19.00325512886048,-18,-22,-18,-7,-42,11,5,-8,-28,-13,-38,-23,-36,-3,sil
19.00325512886048,-6,-13,-7,5,-48,6,8,5,-9,0,-32,-14,-23,6,sil
19.018410682678223,0,-5,0,10,-26,5,13,9,9,5,-24,-8,-5,11,sil
19.018410682678223,-5,-16,-12,-3,-20,0,-4,-1,11,11,-20,-12,-1,4,sil
19.03361678123474,-8,-16,-12,-5,-24,-5,-19,0,6,28,-6,-4,0,9,please
19.048755168914795,2,-5,-1,1,-14,5,0,14,26,45,9,9,18,18,please
19.048755168914795,8,-5,-2,0,-1,4,4,11,44,34,18,14,33,9,please
19.065545082092285,0,-4,-8,-11,-1,-9,-4,0,26,8,21,15,25,-4,please
19.065545082092285,-5,0,-13,-18,-3,-6,4,5,10,1,15,12,13,-6,please
19.065545082092285,-3,0,-9,-26,-4,0,10,13,16,-1,6,1,9,-7,please
19.08009600639344,0,-7,-5,-32,-6,-5,0,13,20,-7,9,-2,12,-10,please
19.09630942344665,2,-1,-9,-27,-6,-11,-2,6,11,-7,14,9,13,-8,please
19.09630942344665,5,16,1,-7,-5,-10,0,1,0,-11,12,15,8,-1,please
19.11184024810791,6,16,10,0,-1,-9,-3,0,-11,-18,15,5,6,2,please
19.11184024810791,14,0,5,-13,7,-6,-8,-4,-12,-8,20,12,10,5,please
19.12701964378357,28,0,9,-10,11,-7,-11,-8,-1,10,13,26,9,12,please
19.12701964378357,29,15,23,12,2,-12,-17,-13,-11,-3,0,11,-7,9,please
19.14255166053772,15,21,24,19,6,-11,-21,-18,-32,-33,-8,-10,-22,-5,please
19.14255166053772,3,17,9,21,22,-1,-11,-20,-32,-23,-9,-12,-21,-10,please
19.15767502784729,-10,7,0,28,17,5,-8,-25,-42,-8,-13,-11,-21,-11,please
19.15767502784729,-24,3,4,30,5,8,-7,-24,-47,-15,-12,-13,-24,-19,please
19.17283511161804,-18,9,2,27,15,17,11,-9,-13,0,-2,-13,-16,-16,please
19.17283511161804,-10,2,-5,14,20,27,24,7,12,24,-4,-18,-9,-5,please
19.18852186203003,-15,-11,-8,10,-4,22,21,19,17,30,-6,-15,0,-1,please
19.18852186203003,-15,-18,-3,12,-18,15,23,24,26,29,0,0,15,4,please
19.20514702796936,-10,-23,-8,0,6,22,23,21,29,16,0,-1,19,14,please
19.20514702796936,-10,-25,-11,-10,18,20,18,15,27,-1,-6,-15,11,15,please
19.220699071884155,-6,-23,-4,-10,-8,0,14,12,24,-2,-13,-9,8,14,please
19.220699071884155,0,-22,-5,-26,-26,-13,1,14,12,3,-15,3,6,18,please
19.2359299659729,13,-14,-4,-38,-8,-12,-7,18,19,7,1,13,12,28,please
19.2359299659729,29,-6,3,-17,3,-17,0,14,37,10,19,18,23,35,please
19.2515230178833,23,-5,0,-6,-5,-22,-3,-9,13,-5,9,13,13,18,please
19.2515230178833,3,-2,-4,-19,-14,-27,-31,-27,-21,-29,0,3,-9,-17,please
19.26701188087464,7,6,-2,-14,-12,-28,-34,-16,-16,-25,3,-5,-17,-30,please
19.26701188087464,16,19,8,1,-8,-13,-11,-2,-7,-13,7,-7,-8,-18,please
19.282596826553345,7,22,15,8,0,5,-1,-6,-16,-12,9,-1,-3,-14,please
19.282596826553345,0,24,7,18,17,8,-10,-8,-9,-4,11,3,-9,-13,please
19.298163414001465,3,33,10,23,21,2,-11,-3,-3,-1,8,6,-14,-9,please
19.298163414001465,-2,30,15,15,8,0,-2,-6,-18,-2,0,4,-21,-15,please
19.313803911209103,-13,16,3,14,5,10,6,-8,-26,7,0,5,-26,-19,please
19.313803911209103,-18,9,-5,15,9,22,12,-3,-14,14,0,21,-21,-10,please
19.328946113586422,-22,4,-18,-1,-6,11,7,-1,-2,9,-12,23,-11,-5,please
19.328946113586422,-29,-7,-30,-22,-21,-4,0,1,-8,13,-18,-2,-4,-6,please
19.34495735168457,-26,-8,-22,-13,-5,-2,1,1,-17,23,-14,-20,0,-3,please
19.34495735168457,-17,-3,-6,2,6,5,6,0,-9,26,-22,-6,2,0,please
19.36057925224304,-5,-11,-3,0,-10,11,6,3,7,26,-17,0,15,8,please
19.36057925224304,4,-22,-4,-7,-24,15,11,1,9,10,0,-19,34,17,please
19.375995635986328,10,-26,0,-11,-7,3,6,-1,8,-16,1,-27,35,17,please
19.375995635986328,12,-22,2,-6,6,-14,-9,12,19,-22,5,-8,42,15,please
19.391762256622314,16,-11,5,7,0,-12,-9,21,22,-18,15,9,73,19,please
19.391762256622314,24,-4,5,6,-2,-3,4,15,22,-13,13,18,69,18,please
19.406983137130737,29,1,1,-4,2,-9,1,9,30,0,16,22,8,12,please
19.406983137130737,23,13,8,0,7,-15,-8,0,15,-1,26,24,-35,6,please
19.4224750995636,18,16,20,19,9,0,0,-7,-1,-8,22,16,-31,4,please
19.4224750995636,17,8,19,26,9,18,19,-3,10,-6,6,7,-20,9,please
19.4385826587677,13,5,26,22,8,20,19,3,13,-5,0,14,-23,14,please
19.4385826587677,3,11,24,26,10,11,12,-3,-9,-5,-2,14,-26,7,please
19.454610109329224,-8,3,4,15,9,8,10,-14,-30,-13,-21,-16,-35,-8,please
19.454610109329224,-21,-20,-8,-17,-5,6,11,-6,-24,-15,-39,-50,-40,-17,please
22.80092000961304,-1,-1,9,11,27,6,1,-7,1,-6,-14,-26,-15,10,please
22.80092000961304,6,-11,8,4,26,13,12,0,9,8,-23,-30,-8,24,please
22.81658744812012,0,-12,-6,10,21,17,18,6,0,16,-20,-28,-10,22,please
22.81658744812012,-8,-10,-12,13,26,10,11,1,-9,6,-15,-30,-15,25,please
22.83264780044556,-1,-20,-10,-1,29,6,1,0,5,13,-13,-26,-7,34,please
22.83264780044556,4,-20,-3,-6,-1,4,3,9,32,42,5,-1,11,46,please
22.848673343658447,0,-8,13,-2,-40,-10,0,13,26,29,23,10,13,43,please
22.848673343658447,1,-2,22,-4,-33,-21,-10,6,0,-8,16,-2,5,20,please
22.86488389968872,19,0,32,-5,-13,-15,-6,2,-3,-4,22,0,14,15,please
22.86488389968872,18,7,47,-10,-21,-9,-6,0,-6,7,43,18,19,10,please
22.880128145217896,-2,18,30,-18,-22,-2,-18,-9,-29,-20,36,12,-1,-34,please
22.880128145217896,-9,24,-10,-11,3,4,-15,-9,-41,-27,21,-7,-19,-69,please
22.896003484725952,-3,12,-36,-8,20,4,0,-4,-33,5,26,-20,-18,-57,please
22.896003484725952,-16,-3,-30,-25,13,8,5,-9,-34,1,7,-25,-25,-41,please
22.910548210144043,-28,-13,-23,-41,1,21,16,-1,-21,-7,-48,-34,-33,-37,please
22.910548210144043,-24,-32,-31,-52,3,25,38,23,22,34,-72,-43,-15,-21,please
22.926729679107662,-21,-41,-15,-51,14,12,35,24,34,51,-47,-33,4,-7,please
22.94177007675171,-8,-20,30,-17,13,-12,5,1,5,8,-27,-6,8,-5,please
22.94177007675171,11,2,40,14,0,-23,-9,0,1,-4,-13,24,29,5,please
22.9573495388031,20,16,-24,20,-16,-3,-1,7,17,8,9,38,54,18,please
22.9573495388031,21,32,-71,29,-16,8,-1,0,9,-6,14,27,58,12,please
22.972553968429565,19,32,-37,54,2,6,0,-8,0,-20,-1,18,44,6,please
22.972553968429565,16,16,-10,71,13,13,18,0,24,-1,-3,32,11,23,please
22.98785161972046,17,7,-16,59,3,7,13,7,49,4,18,48,-7,43,please
22.98785161972046,11,0,-11,38,-17,-20,-19,0,49,-16,32,44,8,34,please
23.003954887390137,0,0,2,40,-20,-37,-39,-12,38,-34,25,36,12,7,please
23.003954887390137,2,14,21,45,1,-28,-35,-12,18,-34,33,42,1,0,please
23.019699335098267,0,24,34,15,4,-18,-23,-13,-8,-25,36,22,0,1,please
23.019699335098267,-16,10,31,-26,-8,-14,-20,-23,-20,-29,-2,-19,-11,-11,please
23.034835815429688,-21,0,36,-31,5,-6,-18,-18,-3,-42,-30,-29,-15,-16,please
23.034835815429688,-16,2,46,-17,16,5,0,-2,-17,-28,-16,-26,-26,-5,please
23.050312280654907,-21,0,48,-24,3,16,18,3,-72,11,-10,-50,-74,-8,please
23.050312280654907,-25,-15,33,-30,8,32,21,1,-82,27,-22,-64,-87,-12,please
23.065688848495483,-16,-23,21,-25,18,36,21,3,-40,13,-21,-44,-48,0,please
23.06618881225586,-2,-18,26,-23,4,24,26,13,-8,32,-14,-32,-20,11,please
23.08086061477661,10,-18,5,-21,-6,19,23,23,10,69,-11,-33,-1,15,please
23.08086061477661,14,-25,-36,-20,-5,13,12,20,20,59,-11,-19,10,11,please
23.09698748588562,23,-18,-52,-16,-5,-6,5,12,12,28,-7,-2,17,9,please
23.09698748588562,27,-11,-52,-20,-10,-13,0,8,8,16,5,-1,26,6,please
23.112999200820923,16,-18,-55,-28,-17,-8,-11,0,10,12,15,2,27,-1,please
23.112999200820923,19,-7,-33,-6,-13,-10,-15,-2,12,8,25,27,29,-3,please
23.128654718399048,21,10,-6,12,0,-8,-6,-1,13,-13,43,45,39,0,please
23.128654718399048,0,0,-22,0,2,-6,-2,-3,6,-31,44,38,30,-11,please
23.144737243652344,-10,-2,-30,-5,1,-6,-4,-6,2,-13,19,41,18,-20,please
23.144737243652344,1,16,-1,8,8,-2,-4,-4,3,-9,-4,54,17,-14,please
23.16102147102356,1,23,10,20,13,0,-5,-1,0,-27,-8,54,4,-12,please
23.16102147102356,0,25,12,31,8,0,1,1,0,-3,6,56,-1,-8,please
23.17652273178101,16,29,25,38,1,-2,4,0,8,29,10,23,9,2,please
23.17652273178101,5,25,34,29,3,-7,-4,-9,0,3,-14,-45,3,4,please
23.191754579544067,-38,16,32,15,1,-8,-8,-15,-16,-37,-32,-72,-20,-3,please
23.191754579544067,-53,2,20,5,-12,-2,-1,-11,-7,-32,-33,-58,-27,-5,please
23.20688223838806,-35,-12,12,-3,-10,0,1,-3,5,-16,-36,-51,-17,-1,please
23.20688223838806,-23,-14,1,-11,3,-2,10,3,6,-15,-36,-39,-8,2,please
23.222415685653687,-14,-13,-12,-18,-1,-4,18,7,12,-2,-26,-22,-1,10,please
23.222415685653687,3,-7,-9,-16,-10,-5,3,6,13,3,-16,-11,0,12,please
23.237839698791504,15,9,0,-7,-7,-12,-15,0,-3,-23,0,0,1,5,please
23.237839698791504,15,9,-3,-15,-8,-9,-19,-2,-16,-41,18,17,4,-2,please
23.253897666931152,19,-10,-7,-24,-4,1,-15,0,-7,-16,22,23,4,-4,please
23.253897666931152,17,-10,0,-6,9,2,-17,-6,-9,-2,17,21,0,-7,please
23.269635438919067,4,2,13,22,12,3,-13,-15,-29,-5,14,15,-5,-5,sil
23.269635438919067,-2,2,10,30,9,24,11,-2,-24,17,14,9,-9,7,sil
23.284683227539062,-3,-2,0,24,15,41,25,7,0,38,17,8,-11,16,sil
23.284683227539062,0,-5,-4,21,18,30,21,6,15,36,24,9,-5,14,sil
23.3007230758667,10,-5,-4,16,13,19,31,20,42,49,30,12,0,18,sil
23.3007230758667,11,-6,-7,6,8,11,40,32,58,63,22,13,2,22,sil
23.315990447998047,0,-19,-15,0,-3,-8,14,10,26,41,-10,0,-1,4,sil
23.315990447998047,0,-29,-20,-17,-14,-24,-11,-11,-8,10,-36,-7,-6,-9,sil
23.331599712371823,12,-15,-18,-33,-14,-13,-6,0,2,10,-23,0,0,-7,sil
23.331599712371823,11,0,-10,-31,-16,-6,-4,8,15,20,-9,-4,3,-7,sil
23.34680724143982,-6,-2,0,-27,-14,-19,-25,-2,-7,4,-12,-10,-1,-14,sil
23.34680724143982,-6,5,-2,-23,-2,-24,-33,-12,-20,-21,-5,-5,0,-17,sil
23.3620834350586,9,28,5,-7,2,-12,-24,-10,-13,-42,8,0,5,-12,sil
23.3620834350586,15,34,30,11,0,0,-18,-10,-25,-57,17,5,6,-6,sil
23.37757158279419,0,24,28,21,3,2,-10,-10,-39,-52,11,-9,0,-14,sil
23.37757158279419,-15,13,15,16,3,0,-4,-10,-28,-30,-10,-33,-6,-25,sil
23.392990112304688,-14,4,22,15,1,5,4,-12,-7,-12,-15,-30,0,-11,sil
23.392990112304688,-4,-2,24,19,3,15,19,-2,0,-5,0,-13,5,13,sil
23.40811777114868,-4,-8,10,3,-3,6,22,12,2,0,-1,-12,11,22,sil
23.40811777114868,-8,-10,0,-17,-22,-8,6,10,10,6,-14,-3,33,20,sil
23.42377018928528,-6,-10,-12,-20,-19,-6,-7,3,9,0,-10,23,42,14,sil
23.42377018928528,4,-6,-34,-7,0,-2,-7,5,3,0,-2,34,19,8,sil
23.43895888328552,13,9,-27,8,12,-8,-5,2,-1,13,20,31,2,6,sil
23.45505857467652,0,11,-7,10,11,-1,2,-1,-6,11,36,17,-10,-2,sil
23.45505857467652,-18,-12,-22,-3,0,16,21,1,9,12,6,-2,-32,-6,sil
23.45505857467652,-5,-19,-28,-8,1,16,24,9,31,29,1,8,-22,9,sil
23.470640420913696,16,8,2,6,18,0,10,11,29,23,44,35,1,16,sil
23.485713243484497,11,23,10,13,21,-6,-6,-2,6,-14,35,33,-7,-1,sil
23.485713243484497,-10,3,-1,2,13,-3,-24,-23,-18,-31,-23,10,-32,-17,sil
23.50111174583435,-13,-11,2,0,13,7,-10,-12,-16,-8,-39,-11,-32,-8,sil
23.50111174583435,3,-8,10,2,4,12,12,15,15,13,-23,-14,-1,10,sil
23.518002033233643,14,-6,5,0,-13,-8,5,13,20,11,-17,7,23,7,sil
23.518002033233643,5,-5,5,-7,-17,-27,-11,-10,-11,-6,-9,15,13,-13,sil
23.518002033233643,0,1,13,0,-8,-4,-5,-9,-19,-13,0,0,-1,-15,sil
23.53257203102112,-3,-1,4,15,0,29,10,5,3,6,-10,-22,-1,0,sil
23.548635244369507,-17,-21,-11,3,-2,21,19,4,4,18,-20,-53,-11,-1,sil
23.548635244369507,-19,-23,-14,-16,-15,-8,8,-1,-4,1,-12,-77,-14,-9,sil
23.56405735015869,1,2,-10,-11,-16,-19,-19,-2,-3,-11,4,-52,0,-11,sil
23.56405735015869,7,15,4,0,0,-11,-27,-7,-11,-13,15,-21,1,-12,sil
23.57975745201111,-7,8,17,5,9,0,0,-8,-23,-3,9,-24,-7,-9,sil
23.57975745201111,-10,13,17,12,9,13,21,0,-12,19,-4,-18,-10,0,sil
23.59492135047913,2,12,3,11,4,16,14,12,18,31,-15,2,-1,12,sil
23.59492135047913,14,-4,-1,-9,0,5,-2,14,33,21,-4,22,24,25,sil
23.61016631126404,22,-1,8,-19,-1,-8,-15,8,15,12,21,54,43,21,sil
23.61016631126404,23,19,13,2,-2,-17,-17,-1,-8,0,19,56,18,2,sil
23.62554192543029,9,14,8,13,-3,-10,-9,-12,-19,-21,-10,21,-20,-8,sil
23.62554192543029,-8,-8,2,-6,-1,2,1,-5,-5,-18,-17,12,-20,2,sil
23.6406147480011,-5,-13,-5,-16,-6,-3,0,11,21,0,2,30,9,19,sil
23.6406147480011,10,0,-4,-10,-13,-17,-15,4,18,-10,14,28,21,6,sil
23.655833959579468,13,12,0,-8,-9,-9,-24,-14,-9,-37,12,12,10,-11,sil
23.655833959579468,-5,12,1,1,5,9,-4,-13,-18,-37,4,0,-2,-8,sil
23.671342849731445,-18,4,-6,21,16,22,27,-2,-8,-4,1,-12,-6,-4,sil
23.671342849731445,-4,-4,-20,17,9,22,41,3,2,25,16,-12,6,1,sil
23.686999797821045,6,-15,-20,-9,2,5,20,10,10,17,29,2,22,16,sil
23.686999797821045,1,-18,-15,-17,6,-8,-5,6,1,-10,30,6,10,6,sil
23.70252156257629,-8,-4,-7,-8,8,-3,-10,-7,-21,-19,32,-3,-12,-19,sil
23.70252156257629,-15,5,5,-2,2,1,0,-12,-24,-8,9,-8,-19,-22,sil
23.7178692817688,-10,0,3,4,2,1,10,-4,-3,6,-32,-15,-16,-7,sil
23.7178692817688,-7,-11,-1,2,7,7,16,8,11,21,-28,-24,-9,2,sil
23.73346352577209,-14,-13,-4,-5,0,3,12,15,19,25,-10,-18,0,2,sil
23.73346352577209,-11,-14,-13,-12,-14,-20,-12,4,8,13,-29,-2,-2,-8,sil
23.749067306518555,2,-12,-6,-10,-17,-28,-28,-7,-13,0,-28,7,-8,-8,sil
23.749067306518555,17,7,22,18,2,-4,-12,-1,-10,4,3,4,0,9,sil
23.764814853668213,20,29,40,57,19,14,9,7,7,32,2,-2,5,22,sil
23.764814853668213,10,21,25,53,13,18,21,8,14,48,-15,-3,0,16,sil
23.78053569793701,5,6,6,15,1,14,21,6,19,23,-11,9,-4,14,sil
23.78053569793701,7,-1,-3,-15,-6,0,5,3,18,-15,-11,12,-1,12,sil
23.795753717422485,-4,-6,-20,-35,-18,-17,-18,-9,-3,-35,-19,0,-5,-9,sil
23.795753717422485,-10,9,-8,-25,-13,-19,-27,-19,-22,-39,-10,1,-15,-26,sil
23.81083083152771,2,17,18,6,-1,-2,-7,-6,-4,-15,-4,3,-7,-8,sil
23.81083083152771,-1,-13,1,0,-5,12,7,9,25,14,-12,-14,6,4,sil
23.827296495437626,-17,-26,-27,-30,-7,4,-4,8,16,0,-3,-12,11,-4,sil
23.827296495437626,-1,5,-13,-8,3,-4,-13,-2,-11,-25,18,2,6,-9,sil
23.84337306022644,6,21,5,25,13,4,-15,-13,-25,-31,22,-2,-2,-13,sil
23.84337306022644,-15,-7,-6,5,7,13,-19,-18,-22,-27,2,-19,-14,-21,sil
23.85907793045044,-30,-24,-19,-31,0,15,-11,-8,-5,-6,-3,-25,-6,-10,sil
23.85907793045044,-13,-2,-8,-25,2,0,-3,1,3,8,14,-15,12,0,sil
23.874757289886475,6,2,-10,-11,1,-34,-12,-1,-10,-12,36,1,8,-8,sil
23.874757289886475,13,-15,-7,-30,-13,-38,-9,-8,-21,-29,35,7,-1,-14,sil
23.890867710113525,13,2,19,-9,-14,-8,15,0,-3,-11,14,1,4,-1,sil
23.890867710113525,15,21,29,48,2,14,31,14,13,8,-3,1,7,20,sil
23.906578540802,17,-10,12,27,7,23,36,24,24,25,-10,8,5,38,sil
23.906578540802,16,-10,-1,-27,-7,16,36,22,38,35,-7,13,22,38,sil
23.92199158668518,8,28,-2,-12,-17,3,17,9,24,20,9,21,30,20,sil
23.92199158668518,8,16,4,13,-6,0,1,2,-4,10,33,32,10,4,sil
23.93752431869507,21,3,23,13,10,8,10,3,-5,13,33,30,0,1,sil
23.93752431869507,23,30,39,44,15,17,20,5,7,10,9,15,4,4,sil
23.9535493850708,10,22,29,67,5,24,22,0,6,19,-10,5,-4,13,sil
23.9535493850708,0,-14,1,22,6,18,14,-1,2,25,-14,8,-9,18,sil
23.969069480896,-8,-22,-20,-22,15,1,-9,0,6,10,-7,10,10,3,sil
23.969069480896,-15,-24,-24,-25,0,-17,-33,-7,-5,-1,-7,7,14,-11,sil
23.984577417373657,-20,-23,-10,-16,-16,-24,-36,-20,-38,-7,-9,6,-4,-19,sil
23.984577417373657,-17,5,0,4,12,-6,-14,-13,-42,3,-3,-4,-11,-16,sil
23.99987363815308,-12,18,0,23,43,8,0,0,-21,27,-11,-26,-12,-1,sil
23.99987363815308,-11,-11,-18,-5,20,-14,-14,0,-17,20,-37,-34,-21,3,sil
24.0155885219574,-8,-18,-29,-34,-4,-42,-33,-7,-21,-12,-33,-20,-21,-10,sil
24.0155885219574,-9,5,-4,-12,23,-30,-31,-10,-25,-26,-17,-11,-29,-30,sil
24.031301736831665,-32,-3,-1,0,42,-9,-17,-12,-26,-4,-37,-34,-51,-41,sil
24.031301736831665,-51,-38,-37,-39,-20,-10,-9,-6,-8,11,-64,-54,-47,-39,sil
24.04703974723816,-30,-29,-40,-61,-97,-21,-21,0,20,-28,-49,-31,-15,-25,sil
24.04703974723816,3,5,-8,-23,-83,-10,-25,-5,30,-76,-13,0,6,-13,sil
24.06204843521118,14,18,17,13,-26,22,7,-8,26,-58,0,-5,3,-7,sil
24.06204843521118,14,16,20,14,-10,40,49,15,64,-12,-2,-16,3,12,sil
24.077533960342407,21,14,4,-1,-8,19,46,30,125,-8,11,13,28,34,sil
24.09363031387329,28,11,5,-1,9,1,15,10,82,-26,36,46,45,20,sil
24.09363031387329,24,19,24,34,23,18,9,-6,-39,-11,46,28,32,0,sil
24.09363031387329,8,16,30,53,22,30,23,4,-68,23,51,7,25,17,sil
24.113924503326416,5,-8,8,22,9,16,21,12,-18,31,47,22,27,37,sil
24.113924503326416,18,-18,-6,-4,0,0,0,4,-15,13,44,30,13,20,sil
24.12498044967652,16,-10,0,-1,7,0,-5,4,-28,11,74,18,2,12,sil
24.12498044967652,10,-3,11,4,14,0,1,8,-10,13,86,15,5,20,sil
24.14060759544373,20,8,19,5,15,-2,0,0,-9,-3,34,19,0,13,sil
24.14060759544373,26,21,22,4,18,-1,-1,-5,-11,-5,-4,16,-10,3,sil
24.155821800231934,11,23,19,6,17,0,3,2,0,17,17,12,-11,1,sil
24.155821800231934,-5,28,19,24,18,4,4,0,-1,23,28,4,-9,-2,sil
24.17148303985596,-15,19,8,30,21,13,4,-16,-8,17,-18,-15,-15,-6,sil
24.17148303985596,-24,-5,-8,4,12,10,6,-14,0,27,-54,-26,-17,-4,sil
24.186514854431152,-20,-19,-18,-16,-6,-10,0,0,4,36,-48,-18,-5,-2,sil
24.20204758644104,-2,-12,-21,-21,-19,-25,-11,6,4,29,-55,-7,9,0,sil
24.20204758644104,2,-4,-21,-30,-19,-24,-15,7,14,18,-63,-1,28,2,sil
24.2173285484314,0,2,-19,-29,-13,-22,-11,4,15,14,-38,-1,29,0,sil
24.2173285484314,0,8,-7,-11,-2,-17,-9,-2,-10,6,-27,-9,3,-9,sil
24.23302984237671,-11,0,-2,0,1,-4,-9,-12,-31,-10,-47,-16,-10,-21,sil
24.23302984237671,-26,-16,-17,-3,0,10,-5,-14,-18,-18,-40,-22,-2,-22,sil
24.24869966506958,-24,-26,-18,-3,0,14,1,-2,0,0,-18,-16,5,-17,sil
24.24869966506958,-24,-36,-18,-12,-12,0,1,4,0,7,-23,-2,6,-15,sil
24.26386666297913,-38,-56,-41,-50,-44,-22,-18,-2,-13,-39,-34,-8,-13,-20,sil
24.26386666297913,-28,-48,-40,-65,-51,-31,-35,-8,-23,-88,-13,-29,-36,-26,sil
24.279492378234863,10,-1,-4,-22,-19,-14,-18,-1,-8,-57,26,-28,-23,-16,sil
24.279492378234863,28,29,20,24,14,16,2,5,1,-6,44,-11,-13,4,sil
24.29573392868042,25,30,34,40,25,25,6,4,-2,-7,39,-4,-30,9,sil
24.29573392868042,22,30,53,40,17,15,3,-2,-3,-18,35,5,-27,5,sil
24.311691284179688,20,27,59,43,12,23,16,1,2,3,35,20,-3,13,sil
24.311691284179688,19,15,60,50,18,32,32,13,15,25,32,27,6,26,sil
24.327205896377563,17,5,57,36,12,8,23,14,33,26,31,45,17,27,sil
24.327205896377563,10,0,2,0,-1,-16,5,7,33,28,28,66,26,21,sil
24.342729568481445,2,-8,-58,-21,-2,-12,0,3,16,14,11,62,9,12,sil
24.342729568481445,0,-16,-54,-22,-2,-6,-8,0,13,-22,-6,44,-2,0,sil
24.35785460472107,5,-2,-26,-13,-4,-12,-19,-4,24,-29,0,36,14,0,sil
24.35785460472107,4,23,-15,0,12,-10,-12,-7,20,-2,18,24,21,7,sil
24.37307381629944,0,30,-8,17,22,3,2,-6,23,0,12,-17,1,2,sil
24.37307381629944,-5,24,0,23,6,13,8,-6,38,-13,-10,-66,-9,-10,sil
24.38821768760681,-20,18,0,11,1,13,9,-9,14,-4,-20,-77,-11,-14,sil
24.38821768760681,-33,1,-9,7,8,13,20,-6,-36,11,-25,-61,-14,-16,sil
24.403845071792603,-23,-10,-4,12,2,13,29,5,-53,19,-28,-52,-8,-12,sil
24.403845071792603,-4,-9,10,10,-8,9,24,10,-38,28,-16,-43,1,2,sil
24.41983103752136,8,-15,14,-4,-3,2,13,9,-24,33,6,-12,19,19,sil
24.41983103752136,20,-17,16,-19,7,-3,0,9,-14,28,20,21,36,23,sil
24.43498516082764,17,-9,12,-19,-3,-14,-17,0,-8,20,12,21,24,5,sil
24.43498516082764,1,-16,1,-38,-25,-22,-28,-6,-11,9,0,8,5,-11,sil
24.450600385665894,2,-22,4,-63,-23,-21,-23,-1,-4,19,11,16,16,0,sil
24.450600385665894,13,4,29,-32,0,-6,-16,-3,-2,27,38,29,20,8,sil
24.46654891967773,6,22,38,26,6,11,-10,-8,-14,7,18,18,0,-4,sil
24.46654891967773,-6,5,1,28,-1,12,0,0,-6,22,-36,0,-7,-7,sil
24.48162746429444,-14,-8,-33,-8,-2,-2,2,8,13,63,-50,3,-7,0,sil
24.48162746429444,-12,-14,-40,-20,-2,-9,-1,7,15,29,-31,16,-20,0,sil
24.49679279327393,-3,-19,-39,-9,-7,-6,-1,5,8,-62,-36,15,-26,-3,sil
24.49679279327393,0,-7,-32,0,-3,-9,-5,0,8,-107,-28,13,-19,-6,sil
24.51286125183105,-5,1,-21,-3,2,-9,-14,-3,7,-90,-3,7,-7,-14,sil
24.51286125183105,-3,-4,-14,-13,0,-8,-15,-7,-4,-71,1,-4,-9,-20,sil
24.528493404388428,2,1,-6,-6,-2,-14,-10,-17,-15,-69,1,-8,-22,-16,sil
24.528493404388428,-1,17,-1,16,0,-11,-8,-18,-5,-53,13,-4,-19,-8,sil
24.543513774871823,-11,10,2,22,6,4,0,-2,-3,-25,15,-10,-7,-1,sil
24.543513774871823,-2,1,10,17,6,18,18,3,-12,-16,11,-19,-4,1,sil
24.558813095092773,7,14,23,25,9,28,23,-3,-2,-6,15,-15,-7,3,sil
24.558813095092773,0,9,21,31,11,26,23,4,17,26,10,-15,-6,6,sil
24.57396864891052,-14,-16,0,13,2,9,30,16,19,58,0,-28,-6,4,sil
24.57396864891052,-14,-23,-1,-4,-2,8,31,11,16,65,-3,-23,0,1,sil
24.58869218826294,0,-6,8,0,1,19,21,11,27,70,-11,-4,13,11,sil
24.604783058166504,13,0,13,-1,0,5,6,17,29,93,-19,2,28,18,sil
24.604783058166504,16,1,22,-10,-13,-15,-9,10,21,106,0,14,40,13,sil
24.620681762695312,26,18,33,0,-10,-12,-18,0,17,55,25,26,50,14,sil
24.620681762695312,33,31,40,15,3,-5,-24,-1,5,-9,23,24,47,14,sil
24.620681762695312,25,21,32,16,0,-12,-30,-8,-12,-7,15,23,20,0,sil
24.635916471481323,18,17,17,13,0,-8,-20,-13,-23,-17,26,36,-8,-2,sil
24.6513671875,20,27,12,18,9,3,-4,-8,-30,-68,34,44,-11,2,sil
24.6513671875,8,22,6,23,3,5,-10,-9,-34,-72,29,32,-10,0,sil
24.66658043861389,-12,6,-5,18,2,4,-21,-20,-40,-52,10,7,-30,-7,sil
24.66658043861389,-22,-8,-17,3,9,13,-6,-17,-40,-30,-14,-16,-38,-9,sil
24.68265485763549,-31,-26,-26,-20,4,11,4,-2,-20,13,-14,-24,-22,-10,sil
24.68265485763549,-33,-27,-22,-24,-1,-3,10,3,2,17,0,-18,-11,0,sil
25.134552001953125,8,15,14,10,10,-12,-2,-7,3,1,34,15,-27,-7,sil
25.134552001953125,-8,5,0,-2,11,3,15,0,10,12,-10,3,-45,-1,sil
25.150564670562744,-15,-4,-12,-14,4,15,29,4,18,19,-56,-5,-47,2,sil
25.150564670562744,-14,-5,-19,-20,-8,4,22,0,18,-2,-69,5,-29,8,sil
25.16571307182312,-10,4,-17,-24,-4,-13,3,0,2,-26,-42,22,-8,10,sil
25.16571307182312,0,32,-4,-10,5,-18,-6,-2,-21,-26,-24,15,-16,-5,sil
25.18135643005371,6,55,16,12,12,-5,-13,-14,-37,-16,-23,6,-24,-19,sil
25.18135643005371,-7,39,20,12,21,8,-14,-16,-35,-11,-28,-7,-20,-13,sil
25.19714498519897,-24,24,10,-1,21,10,-9,-9,-29,-15,-36,-41,-21,-5,sil
25.19714498519897,-17,32,3,-2,0,1,-7,-2,-7,-5,-15,-48,-7,-1,sil
25.21319079399109,-4,3,6,-11,-20,-6,-10,0,12,-2,17,-27,17,-6,sil
25.21319079399109,-6,-59,16,-34,-24,-19,-19,-8,-5,-41,17,-24,9,-20,sil
25.228304147720337,-10,-70,2,-19,-21,-28,-23,-13,-28,-68,10,-25,-10,-27,sil
25.228304147720337,-2,-30,-32,8,-11,-10,-13,-1,-17,-42,30,-3,-6,-16,sil
25.24394941329956,13,-6,-32,12,0,7,0,3,7,-12,35,10,8,0,sil
25.24394941329956,21,0,-6,22,5,8,4,0,26,7,7,0,17,14,sil
25.25958776473999,9,0,0,34,11,16,8,2,32,24,-11,-9,11,13,sil
25.25958776473999,-2,-12,-6,24,5,28,17,9,42,27,-2,0,4,10,sil
25.274580478668213,0,-12,0,15,-3,19,20,11,56,29,5,13,13,25,sil
25.29013061523437,14,-2,6,16,-2,0,14,15,35,24,2,14,21,31,sil
25.291131258010864,19,-1,-1,5,-4,-11,6,11,0,2,2,10,16,20,sil
25.291131258010864,15,-6,0,-9,-8,-9,4,4,-3,2,1,20,15,18,sil
25.30591011047364,17,-10,6,-15,-7,-3,5,10,8,23,-1,29,19,15,sil
25.322957277297974,15,-5,2,-16,-7,-7,0,10,0,12,1,21,20,0,sil
25.322957277297974,3,7,0,-14,-4,-9,-3,-2,-22,-2,5,13,13,-6,sil
25.322957277297974,0,18,2,-2,1,0,0,-10,-37,21,0,11,0,-9,sil
25.33748507499695,0,18,7,-7,2,0,-4,-8,-37,31,-1,8,-10,-24,sil
25.33748507499695,-13,12,2,-25,-5,-6,-17,-16,-40,0,-5,-1,-15,-27,sil
25.353917360305783,-24,7,2,-18,-6,-7,-22,-27,-54,0,-8,-12,-23,-18,sil
25.353917360305783,-20,12,16,6,7,-1,-16,-17,-56,30,-1,-10,-21,-17,sil
25.368666410446167,-15,17,12,12,20,12,3,1,-37,9,-4,-8,-13,-9,sil
25.38402628898621,-10,7,-2,8,17,22,22,11,-25,-55,-13,-17,-10,5,sil
25.38402628898621,-3,-1,0,15,11,16,27,13,-16,-59,-3,-19,-8,15,sil
25.399938583374023,-7,-2,0,13,6,10,24,9,-1,-11,-4,-19,-14,15,sil
25.399938583374023,-12,-10,-14,0,4,8,9,5,10,3,-18,-24,-17,8,sil
25.41500949859619,5,-8,-12,-3,9,0,-3,9,27,7,2,-6,7,8,sil
25.41500949859619,19,1,0,0,8,-9,-8,11,31,26,33,27,25,10,sil
25.43076801300049,9,1,-5,-6,-5,-13,-17,2,22,24,26,35,6,1,sil
25.43076801300049,7,8,-5,-9,-4,-14,-24,-1,27,3,13,26,1,-5,sil
25.44655418395996,11,18,15,4,5,-14,-17,-5,28,1,7,11,2,-12,sil
25.44655418395996,-2,6,12,12,0,-4,-1,-10,37,22,-11,-14,-20,-18,sil
25.46274375915528,-10,-14,-5,0,-1,15,15,0,77,26,-15,-19,-21,-1,sil
25.46274375915528,2,-26,-9,-16,3,9,18,8,93,-10,1,0,13,20,sil
25.47792601585388,6,-22,-8,-20,-2,-21,-4,-3,90,-41,3,3,24,8,sil
25.47792601585388,-1,-1,-8,-12,-18,-27,-22,-17,107,-41,-4,-5,3,-12,sil
25.493996620178223,-7,7,-4,0,-29,-7,-15,-14,46,-38,-4,-7,-9,-10,sil
25.493996620178223,-7,6,5,22,-18,0,-8,-6,-66,-38,0,1,-10,-8,sil
25.50955104827881,0,16,18,40,3,7,-1,-1,-66,-23,0,0,-8,-12,sil
25.50955104827881,2,8,11,29,3,25,12,-2,-34,-7,-2,-10,-3,-2,sil
25.52472710609436,-3,-16,3,5,-9,26,18,0,-94,0,-5,-7,3,10,sil
25.52472710609436,0,-11,3,11,-2,16,20,10,-119,15,-3,4,17,17,sil
25.53994083404541,10,6,-1,10,3,7,21,17,-69,22,1,6,26,22,sil
25.53994083404541,9,-1,-9,-22,-2,-7,7,12,-46,8,-2,2,29,21,sil
25.55556607246399,6,-9,-10,-36,-8,-13,-10,7,-41,-2,-2,8,27,6,sil
25.55556607246399,8,3,0,-26,-2,-7,-16,0,-35,-7,7,9,3,-11,sil
25.570570707321167,2,7,5,-16,2,-16,-15,-13,-39,-15,-1,-2,-33,-22,sil
25.570570707321167,-11,-3,5,-8,-2,-12,-11,-15,-30,-8,-21,-19,-44,-23,sil
25.586079120635983,-8,-3,5,0,-1,13,6,0,1,29,-19,-25,-23,-11,sil
25.586079120635983,0,4,1,6,9,19,22,11,31,59,-6,-17,0,4,sil
25.601773500442505,-12,-4,-4,2,5,4,16,6,38,44,-5,-1,6,13,sil
25.601773500442505,-13,-17,-12,-7,2,0,11,1,36,47,-4,1,4,12,sil
25.61751127243042,4,-12,-19,-11,11,-13,2,3,40,69,6,6,5,3,sil
25.61751127243042,8,-6,-21,-14,5,-24,-22,5,37,23,10,14,5,-5,sil
25.633112907409668,1,-1,-10,-10,2,-13,-31,2,30,-45,15,14,2,-8,sil
25.633112907409668,12,17,14,10,26,-1,-14,-1,34,-39,30,26,10,-2,sil
25.648277759552,21,28,29,23,30,-2,-6,-3,41,-3,28,33,12,1,sil
25.648277759552,8,20,18,17,10,1,-7,-3,35,-6,15,14,0,0,sil
25.66402101516724,-3,20,11,24,7,8,1,-3,21,-31,14,3,-1,0,sil
25.66402101516724,3,25,18,41,8,12,10,-6,5,-35,16,10,0,10,sil
25.679613828659058,2,6,12,27,-2,20,6,-6,-6,-21,2,-2,-9,8,sil
25.679613828659058,-17,-17,-10,2,-12,21,10,-1,-3,-5,-9,-28,-20,-3,sil
25.69590854644776,-22,-12,-17,-1,-15,13,17,0,-4,0,-14,-35,-17,-2,sil
25.69590854644776,-16,-3,-14,-6,-16,4,9,0,-12,0,-25,-28,-16,4,sil
25.710960626602173,-15,-16,-19,-22,-16,-2,6,8,-7,19,-24,-24,-9,2,sil
25.710960626602173,-1,-21,-9,-25,-10,-5,12,15,0,34,0,-4,10,5,sil
25.72670578956604,12,-6,3,-14,-3,-7,13,8,0,6,15,17,25,12,sil
25.72670578956604,10,1,6,-12,-9,-7,4,2,-1,-22,5,24,28,6,sil
25.74251818656921,14,3,11,-15,-12,-7,-5,1,-12,-17,-9,20,19,-5,sil
25.74251818656921,21,14,9,-7,0,-11,-12,-8,-30,-17,-5,21,7,-13,sil
25.758107900619507,5,18,3,7,6,-9,-21,-23,-44,-27,8,23,2,-11,sil
25.758107900619507,-14,0,4,16,0,-2,-26,-19,-49,-20,0,7,-2,-10,sil
25.773864269256592,-14,-16,0,13,-6,-2,-17,-11,-33,-7,-24,-12,-11,-13,sil
25.773864269256592,-12,-19,-4,3,-7,0,-2,-8,-4,0,-29,-20,-13,-16,sil
25.789327144622803,-30,-31,-20,-17,-19,0,-7,-8,-3,0,-37,-40,-21,-26,sil
25.789327144622803,-46,-48,-44,-44,-29,-13,-20,-4,-15,-17,-55,-53,-40,-35,sil
25.80491018295288,-17,-26,-35,-29,-15,-6,2,16,21,3,-30,-21,-21,-2,sil
25.80491018295288,30,16,11,12,10,17,34,35,70,52,29,27,27,43,sil
25.82021403312683,39,23,28,8,21,11,17,25,55,41,45,30,35,36,sil
25.82021403312683,26,7,7,-12,19,-5,0,7,18,9,33,6,11,13,sil
25.835511445999146,28,24,20,11,23,-3,4,-2,8,10,44,15,9,15,sil
25.835511445999146,26,43,41,47,26,8,5,-9,1,2,42,15,4,15,sil
25.85148525238037,13,27,18,40,19,17,13,-4,0,-6,8,-9,-13,10,sil
25.85148525238037,5,6,-1,5,10,10,16,9,10,2,-9,-14,-10,12,sil
25.866892099380493,5,4,-3,-5,1,-11,-7,9,12,3,3,-4,9,11,sil
25.866892099380493,5,10,-4,4,0,-19,-20,-8,-9,-11,22,10,17,0,sil
25.882545232772827,-2,5,-5,-1,0,-13,-13,-16,-45,-27,13,9,-1,-19,sil
25.882545232772827,-20,-2,-8,-11,-7,-14,-14,-14,-62,-40,-4,-19,-29,-29,sil
25.89793419837952,-30,1,-5,0,2,0,-7,-11,-47,-32,-13,-34,-43,-23,sil
25.89793419837952,-24,4,-8,17,16,19,15,-4,-28,-9,-28,-28,-32,-11,sil
25.91402792930603,-20,-10,-13,4,2,15,15,0,-24,0,-44,-20,-14,-1,sil
25.91402792930603,-25,-25,-18,-19,-22,3,3,4,-6,10,-49,-17,-7,5,sil
25.929620504379272,-16,-22,-20,-27,-23,2,5,16,23,28,-39,-4,2,6,sil
25.929620504379272,4,-9,-5,-18,-7,1,7,22,37,39,-5,28,31,12,sil
25.944835901260376,20,-4,5,-3,-1,2,2,17,44,32,10,43,48,21,sil
25.944835901260376,17,-3,7,2,-7,0,-7,3,32,12,6,44,37,5,sil
25.9600567817688,0,-7,8,0,-11,-9,-20,-12,4,-1,18,47,20,-17,sil
25.975661277771,-1,-20,10,-1,0,-8,-15,-19,7,3,36,35,16,-11,sil
25.975661277771,10,-7,31,4,12,12,5,-7,32,17,36,34,19,-1,sil
25.99151039123535,13,23,41,26,16,21,19,1,47,21,35,33,21,-2,sil
25.99151039123535,3,24,26,35,18,12,14,0,59,31,42,21,13,0,sil
26.00672197341919,-3,9,7,19,16,10,11,-1,59,34,46,10,6,6,sil
26.00672197341919,-2,3,-8,2,0,3,14,-2,22,16,28,-5,3,1,sil
26.02218461036682,-3,-5,-15,-10,-15,-4,7,0,-33,11,8,-8,-1,0,sil
26.02218461036682,-6,-10,-15,-23,-14,-2,3,7,-48,14,4,0,0,9,sil
26.03801822662353,-2,-6,-17,-27,-12,-6,0,6,-26,-5,-4,-12,3,8,sil
26.03801822662353,1,-6,-18,-29,-14,-15,-13,-2,-29,-21,-7,-13,0,-4,sil
26.05382418632508,7,-4,-24,-23,-13,-14,-20,-5,-47,-36,-13,-15,-11,-10,sil
26.05382418632508,8,2,-16,-12,0,-16,-22,-7,-45,-72,-39,-33,-33,-9,sil
26.06884503364563,6,15,-4,0,14,-17,-22,-9,-43,-83,-45,-39,-46,-15,sil
26.06884503364563,12,10,-6,13,0,-17,-18,-5,-41,-90,-63,-76,-65,-11,sil
26.08493185043335,7,-4,-1,6,-21,-17,-14,2,-28,-90,-81,-102,-73,-1,sil
26.08493185043335,2,-11,-4,3,-3,-20,-10,4,-23,-82,-86,-105,-71,3,sil
26.0996527671814,18,-27,-19,14,-8,-30,-3,4,-20,-126,-162,-183,-101,21,sil
26.0996527671814,14,-19,0,19,-16,-10,4,4,0,-72,-119,-120,-62,26,sil
0.0420060157775878,-17,37,35,26,26,33,12,0,14,100,97,122,70,0,sil
0.0420060157775878,-25,51,29,23,41,39,14,0,21,151,142,168,100,-5,sil
0.057593822479248,-14,10,5,0,14,34,23,6,31,115,60,89,53,2,sil
0.057593822479248,-18,-6,-2,-12,8,46,33,8,29,101,61,93,51,-3,sil
0.0729100704193115,-24,-9,-13,-17,9,29,29,7,31,71,51,69,55,-2,sil
0.0729100704193115,-20,-16,-12,-30,0,2,9,6,45,66,36,41,59,6,sil
0.0880486965179443,-12,-17,0,-27,-3,-3,-10,1,34,52,48,45,47,-6,sil
0.0880486965179443,0,-6,12,-9,-2,-14,-21,-10,2,5,30,33,8,-27,sil
0.1040520668029785,14,7,19,2,-3,-25,-19,-15,-11,2,21,33,4,-18,sil
0.1040520668029785,14,6,5,1,-6,-14,-14,-9,-4,0,30,12,15,0,sil
0.1192314624786377,2,4,6,3,0,3,-7,-6,-5,-21,13,-15,-8,-1,sil
0.1192314624786377,0,15,20,29,9,21,9,-5,-1,-3,-10,-20,-26,-1,sil
0.1349658966064453,4,-2,5,26,5,21,20,2,19,19,-25,-26,-15,15,sil
0.1349658966064453,8,-27,-15,-13,-10,-1,8,15,26,15,-24,-16,-1,22,sil
0.1510050296783447,19,-4,-8,-11,-20,-16,-1,11,11,-5,-7,4,5,13,sil
0.1510050296783447,17,15,11,12,-15,-15,0,-2,-10,-52,5,-1,-2,6,sil
0.1670379638671875,0,0,6,11,-1,-8,1,-7,-17,-70,-7,-28,-24,-2,sil
0.1670379638671875,-2,-5,-6,8,5,1,7,0,0,-43,-30,-36,-31,-2,sil
0.1830997467041015,14,0,2,16,1,0,8,14,19,-26,-22,-8,-3,16,sil
0.1830997467041015,28,2,7,18,1,-12,-2,15,17,-19,9,13,27,20,sil
0.1987702846527099,29,14,12,12,7,-18,-20,-5,-2,-15,22,17,21,6,sil
0.1987702846527099,15,24,22,12,9,-12,-19,-14,-18,-16,20,16,-2,0,sil
0.2138404846191406,-4,4,5,14,6,-4,-6,-9,-22,-18,-2,-1,-18,-4,sil
0.2138404846191406,-17,-14,-8,1,-2,0,-5,-11,-30,-22,-45,-28,-35,-17,sil
0.2294933795928955,-23,-16,-9,-10,-5,9,1,-4,-25,-1,-37,-22,-26,-10,sil
0.2294933795928955,-21,-20,-24,-19,-1,13,12,9,0,27,-1,-5,0,2,sil
0.2445862293243408,-20,-28,-43,-35,-5,0,4,9,12,20,-6,-4,7,-2,sil
0.2445862293243408,-7,-10,-32,-39,-5,-13,-4,2,-3,0,-16,-3,4,-15,sil
0.2597296237945556,8,17,0,-20,-1,-10,-7,0,-27,-7,-7,-1,-6,-13,sil
0.2597296237945556,-6,13,0,-8,0,-4,-9,-9,-40,-3,-8,-20,-24,-13,sil
0.2753145694732666,-34,-4,-17,-12,16,8,-4,-12,-35,9,-25,-49,-28,-23,sil
0.2911677360534668,-34,0,-16,-13,16,28,10,0,-23,19,-38,-51,-27,-19,sil
0.2911677360534668,-24,0,-19,-18,-26,22,15,5,-19,18,-33,-33,-16,-2,sil
0.2911677360534668,-17,-21,-22,-33,-34,4,6,0,-3,30,-5,-28,10,2,sil
0.3060910701751709,-16,-26,-27,-42,9,6,8,4,43,49,13,-27,23,0,sil
0.3218519687652588,-6,-12,-26,-37,19,9,16,12,74,31,5,-3,10,7,sil
0.3218519687652588,24,7,10,-8,0,-1,7,6,58,-6,21,36,22,19,sil
0.3376169204711914,41,28,44,33,2,-15,-14,-7,17,-35,53,59,43,12,sil
0.3376169204711914,38,34,53,53,-1,-23,-29,-11,-8,-38,47,64,25,2,sil
0.353367805480957,40,38,66,65,-5,-12,-22,-3,-4,-7,40,71,8,8,sil
0.353367805480957,33,39,70,75,10,4,-3,-1,1,3,47,63,12,11,sil
0.3685576915740967,16,19,48,65,10,9,8,-5,-2,-10,24,33,-2,3,sil
0.3685576915740967,7,1,25,49,-5,9,11,0,3,4,1,15,-10,5,sil
0.8365476131439209,-9,-9,-1,3,5,7,10,-2,-10,-2,-12,-25,-24,-4,sil
0.8365476131439209,-2,-5,0,1,11,21,16,6,6,5,-6,-20,-12,11,sil
0.8522365093231201,-2,-1,-5,3,13,18,24,15,24,22,-3,-12,-8,18,sil
0.8522365093231201,-6,-9,-20,-7,-1,-1,10,11,26,6,-3,-11,1,8,sil
0.8676795959472656,-12,-21,-31,-22,-19,-14,-20,-1,10,-20,4,-8,9,-9,sil
0.8676795959472656,-12,-22,-26,-29,-17,-20,-36,-10,0,-28,7,0,-5,-21,sil
0.8828909397125244,-6,-1,-11,-16,-5,-22,-24,-10,3,-23,5,-2,-16,-22,sil
0.8828909397125244,-8,16,7,18,3,-6,-4,-9,19,-9,3,-5,-12,-12,sil
0.9005279541015625,-9,9,15,37,12,21,10,-6,34,7,-8,1,-7,-2,sil
0.9005279541015625,-2,-7,-4,11,2,26,17,1,53,11,-26,-1,0,3,sil
0.9138782024383544,-5,-22,-21,-20,-17,3,5,7,77,6,-27,-2,10,4,sil
0.928896427154541,0,-20,-12,-15,-13,-10,-4,12,63,16,-6,17,22,10,sil
0.928896427154541,28,9,6,5,0,-14,-9,11,-14,16,20,41,30,21,sil
0.94496488571167,35,30,20,14,-6,-24,-23,-1,-81,-5,31,39,20,14,sil
0.94496488571167,9,21,20,15,-4,-22,-27,-18,-77,-16,22,19,8,-3,sil
0.94496488571167,-3,14,21,14,15,2,-3,-17,-54,-2,11,1,1,-1,sil
0.9609973430633544,-2,15,14,16,20,24,24,-2,-45,9,1,-17,-4,2,sil
0.9609973430633544,-11,3,-4,12,-2,19,26,4,-30,9,-12,-27,-1,0,sil
0.9769070148468018,-11,-16,-8,-3,-14,7,12,4,-12,14,-10,-16,3,7,sil
0.9769070148468018,2,-21,-10,-17,-1,1,5,5,2,20,5,-2,9,11,sil
0.9923009872436525,1,-11,-19,-30,-3,-3,-8,0,-2,-4,0,1,9,-8,sil
1.0080842971801758,-6,-10,-11,-34,-18,-16,-26,-7,-19,-41,-24,-3,-14,-29,sil
1.0080842971801758,0,-5,6,-7,-9,-11,-16,-5,-11,-29,-28,-13,-37,-17,sil
1.0085890293121338,0,14,14,18,12,14,10,-2,7,11,-11,-10,-28,2,sil
1.0241811275482178,-15,13,0,7,10,17,19,-6,15,17,-11,-16,-17,-5,sil
1.0241811275482178,-15,-5,-11,-20,-8,0,12,0,17,-3,-30,-22,-18,-17,sil
1.040283203125,5,-2,-4,-18,-4,-3,6,12,19,-2,-17,2,0,0,sil
1.040283203125,16,15,9,6,14,-3,0,10,11,0,23,28,19,10,sil
1.055882453918457,9,16,21,14,15,-8,-5,-1,0,-10,34,17,8,1,sil
1.055882453918457,6,0,13,13,9,2,10,-3,2,3,15,-3,-1,7,sil
1.0717320442199707,9,-11,1,12,16,13,19,8,27,22,7,-2,5,22,sil
1.0717320442199707,9,-17,-8,-3,21,1,-2,17,41,9,14,6,15,15,sil
1.086975336074829,5,-16,-22,-18,10,-13,-17,8,22,-10,11,1,8,-4,sil
1.086975336074829,-6,1,-12,0,-1,-7,-7,-4,-1,-13,10,-2,-9,-13,sil
1.1021015644073486,-13,12,3,33,-2,10,5,-6,1,2,26,-3,-8,-6,sil
1.1196882724761963,-8,4,11,36,-5,13,9,1,17,22,28,2,9,11,sil
1.1196882724761963,3,0,11,8,-19,-1,1,13,24,28,9,18,27,22,sil
1.1196882724761963,10,0,-3,-15,-24,-18,-19,5,16,11,0,21,29,10,sil
1.133732795715332,-4,-1,-8,-18,-11,-24,-36,-15,-11,-18,-6,5,5,-15,sil
1.1500251293182373,-25,0,-5,1,-2,-12,-23,-22,-36,-29,-19,-24,-23,-32,sil
1.1500251293182373,-19,1,-2,16,3,14,6,-11,-30,-25,-28,-33,-32,-23,sil
1.1500251293182373,1,0,7,8,13,35,35,-1,-2,-15,-25,-9,-23,1,sil
1.164592742919922,15,-3,5,0,4,24,37,3,22,5,-18,2,-6,25,sil
1.180631399154663,21,-5,0,-8,-10,8,15,13,24,18,-10,9,17,33,sil
1.180631399154663,17,0,-6,-14,-1,2,1,13,19,18,0,17,36,21,sil
1.180631399154663,0,-5,-17,-16,-2,-18,-10,3,4,15,0,14,27,4,sil
1.1962559223175049,-14,-12,-22,-24,-16,-27,-29,-3,-25,0,-8,5,5,-9,sil
1.1962559223175049,-20,-9,-25,-26,-11,-14,-27,-15,-51,-24,-7,-3,-10,-27,sil
1.2120497226715088,-13,2,0,-12,-2,-12,-17,-21,-70,-43,0,-4,-23,-28,sil
1.2276849746704102,5,18,30,8,8,-4,-6,-10,-76,-35,9,0,-23,-20,sil
1.2276849746704102,11,17,26,14,11,11,2,-3,-86,-13,5,-4,-23,-18,sil
1.2436034679412842,-6,5,18,3,0,7,2,-2,-99,0,-12,-11,-30,-8,sil
1.2436034679412842,-12,3,11,3,0,0,12,-1,-46,26,-12,-16,-18,0,sil
1.259660243988037,1,3,12,10,11,17,28,9,47,52,0,-7,0,4,sil
1.259660243988037,14,5,24,18,15,31,31,22,98,68,13,7,22,20,sil
1.274794340133667,17,7,8,12,10,6,17,23,100,63,35,14,40,35,sil
1.274794340133667,8,-2,-25,-12,-1,-22,-10,9,74,6,32,9,31,25,sil
1.2904329299926758,5,-12,-37,-15,-10,-22,-17,0,54,-45,9,0,11,3,sil
1.2904329299926758,11,0,-10,-6,-9,-12,-5,1,44,-42,9,3,6,-2,sil
1.306483507156372,13,15,16,0,-1,-7,-5,1,26,-26,16,12,0,-1,sil
1.306483507156372,1,8,15,19,10,4,0,-10,13,-20,-6,-2,-10,-2,sil
1.3225557804107666,-13,-4,12,24,9,18,13,-8,19,-11,-34,-19,-22,-2,sil
1.3225557804107666,-26,-18,-9,4,-3,17,17,3,44,4,-33,-24,-18,-7,sil
1.33782958984375,-22,-31,-40,-12,-7,-2,2,2,57,11,-20,-10,-3,-10,sil
1.33782958984375,-5,-21,-17,-21,-5,-16,-13,6,40,0,-5,19,9,0,sil
1.353618860244751,5,0,-4,-6,0,-14,-13,-2,44,3,22,27,27,-1,sil
1.353618860244751,8,6,-4,3,3,-13,-22,-13,39,-1,23,19,18,-1,sil
1.368798017501831,3,10,19,0,0,-2,-28,-8,-40,-18,4,14,-5,0,sil
1.368798017501831,-1,10,0,16,5,13,-1,-20,-121,1,0,-20,-10,-24,sil
1.3843083381652832,-7,-1,1,1,1,3,-5,-11,-158,-12,-30,-43,-44,-27,sil
1.3843083381652832,-25,1,22,-7,-4,15,-4,8,-141,-20,-46,-37,-59,-13,sil
1.400080919265747,-25,-1,-42,24,6,26,38,-23,-90,48,0,-43,2,-12,sil
1.400080919265747,5,-8,3,-21,-2,4,13,18,-87,38,-4,10,6,39,sil
1.4157023429870603,14,15,52,-18,-5,15,9,58,-4,27,8,45,19,55,sil
1.4157023429870603,12,-2,-71,54,16,-3,37,-20,111,72,60,-10,76,0,sil
1.4309005737304688,32,-16,33,-36,-12,-42,-44,23,13,-34,-4,45,0,34,sil
1.4309005737304688,20,33,121,-40,-20,11,-29,55,-19,-72,-9,81,-16,24,sil
1.4464259147644043,-4,10,-120,79,17,3,60,-84,79,18,70,-44,62,-73,sil
1.4464259147644043,9,-32,-71,-20,-11,-64,-22,-45,-10,-71,2,-24,-14,-24,sil
1.4619355201721191,12,10,122,-73,-24,-6,-47,58,-52,-100,-27,64,-53,37,sil
1.4619355201721191,-3,24,14,45,18,30,29,-12,42,20,43,9,26,-3,sil
1.4782800674438477,3,10,-7,42,13,-7,0,-26,11,6,8,-5,0,3,sil
1.4782800674438477,4,18,49,8,0,15,-9,14,0,-2,-36,3,-30,13,sil
1.4938850402832031,-4,0,-8,29,5,33,30,-3,60,65,-20,-30,3,-5,sil
1.4938850402832031,-4,-17,-14,0,-9,7,21,7,54,53,-28,-23,-4,5,sil
1.509110927581787,-7,-23,-17,-34,-12,2,17,19,52,21,-36,-17,-11,3,sil
1.509110927581787,-16,-34,-44,-44,0,0,6,2,58,16,-26,-26,6,-10,sil
1.5246992111206057,-24,-29,-31,-47,-6,-14,-23,0,44,4,-14,-11,13,-14,sil
1.5246992111206057,-26,-22,-40,-44,-7,-22,-30,-8,40,-3,3,-10,16,-26,sil
1.5398461818695068,-8,-9,-24,-36,-1,-24,-32,-13,33,-16,6,-5,3,-21,sil
1.5398461818695068,17,23,29,4,-1,-19,-33,-2,36,-23,13,13,-6,-3,sil
1.5548911094665527,27,46,37,41,10,-12,-16,-3,25,-13,36,25,7,0,sil
1.5548911094665527,18,43,28,25,24,2,-4,-7,-50,-11,37,24,9,0,sil
1.5700271129608154,-1,26,19,19,24,20,4,-12,-107,-19,11,-3,-13,-5,sil
1.5700271129608154,-15,0,0,28,8,14,15,-14,-90,-20,-12,-31,-31,-10,sil
1.5855426788330078,-12,-6,0,20,-4,8,18,9,-59,3,-11,-17,-24,6,sil
1.5855426788330078,-4,-2,0,24,2,20,27,16,-32,32,-6,-7,-9,17,sil
1.6008641719818115,0,-11,-6,21,11,21,33,4,-25,13,-20,-20,-18,9,sil
1.6008641719818115,0,-15,0,4,3,13,35,6,-24,0,-16,-15,-19,6,sil
1.616558313369751,-2,-10,-3,0,-3,10,27,12,1,25,9,4,2,14,sil
1.616558313369751,1,-11,-5,-6,-8,3,1,14,9,26,5,18,8,20,sil
1.6317129135131836,10,-5,-1,0,-12,-1,-10,1,-6,8,-1,16,11,13,sil
1.6317129135131836,13,4,4,10,-7,0,-11,-5,-26,3,2,17,22,11,sil
1.6470050811767578,2,2,2,-6,-4,2,-12,1,-42,1,0,19,22,10,sil
1.6470050811767578,-10,-12,-13,-27,-9,-8,-7,3,-29,-1,-4,7,20,-1,sil
1.6628496646881104,0,-16,-4,-23,-13,-20,-9,7,24,-9,-4,10,18,0,sil
1.6628496646881104,13,-8,0,-3,-10,-18,-12,1,72,-12,5,18,15,0,sil
1.6790738105773926,1,-8,-11,-8,-6,-20,-12,-7,54,-22,15,6,6,-10,sil
1.6790738105773926,0,0,1,-13,-6,-17,-8,0,26,-21,25,10,6,-9,sil
1.695023536682129,20,12,13,3,-6,-10,-7,0,33,1,39,28,23,1,sil
1.695023536682129,15,13,8,0,0,-11,-17,-9,22,-5,28,19,18,1,sil
1.7106401920318604,-3,12,3,-10,5,-6,-13,-9,4,-17,9,-2,-5,-14,sil
1.7106401920318604,-4,10,6,0,0,-3,-2,-8,6,-2,4,-6,-16,-17,sil
1.726684331893921,3,9,15,4,-1,-1,-7,0,0,-6,1,2,-13,-2,sil
1.726684331893921,1,9,4,8,12,9,-4,-7,-4,-22,-7,-4,-12,-4,sil
1.7418951988220217,-5,2,-8,2,16,12,5,-9,0,-24,-22,-15,-21,-9,sil
1.7418951988220217,-5,0,-6,-2,9,6,4,-1,1,-8,-30,-17,-19,-7,sil
1.7579808235168457,-2,6,1,3,13,3,-4,-3,1,9,-26,-23,-14,-12,sil
1.7579808235168457,1,10,10,5,14,10,0,-1,6,20,-27,-26,-20,-5,sil
1.7735419273376465,-2,4,-1,-8,6,16,18,0,21,22,-37,-35,-18,2,sil
1.7735419273376465,-20,-4,-19,-21,5,6,18,0,17,11,-36,-41,-13,1,sil
1.788686990737915,-30,-6,-18,-14,7,5,10,2,7,10,-18,-28,-13,-5,sil
1.788686990737915,-29,-6,-22,0,6,8,10,5,17,19,-12,-17,-10,-8,sil
1.804792881011963,-18,-5,-17,3,2,6,10,10,8,8,-18,-16,-3,1,sil
1.804792881011963,1,-4,-2,9,1,5,11,7,-44,14,6,-3,15,14,sil
1.819988489151001,11,-6,9,12,0,7,12,2,-109,26,27,17,18,18,sil
1.819988489151001,6,-8,14,10,-5,6,11,4,-121,11,20,24,9,15,sil
1.8360264301300049,5,-15,12,10,-10,0,11,2,-54,3,17,17,16,13,sil
1.8360264301300049,7,-17,12,6,-13,0,2,3,15,12,22,15,16,15,sil
1.85164475440979,10,-2,10,16,-8,5,-2,2,36,6,24,20,9,11,sil
1.85164475440979,23,5,10,14,-6,0,-4,2,22,-18,19,29,9,11,sil
1.866727590560913,28,5,11,3,-16,-10,-12,5,14,-29,24,36,7,7,sil
1.866727590560913,8,3,1,3,-21,-8,-12,5,20,-15,39,29,2,-5,sil
1.8819758892059328,-4,0,-7,-3,-15,-5,-2,11,19,-1,23,20,6,-5,sil
1.89856219291687,0,-5,-15,-7,-11,-14,-3,0,11,-9,-14,6,7,-5,sil
1.89856219291687,1,-3,-9,0,-6,-21,-23,-16,1,-28,-19,0,-3,-9,sil
1.91406774520874,-8,-5,0,-12,-2,-13,-28,-9,10,-21,0,0,-3,-9,sil
1.91406774520874,-12,-14,-15,-25,-2,-10,-10,-3,32,1,-1,-9,8,-11,sil
1.930094003677368,-9,-4,-12,-12,0,-10,-2,0,35,-2,-12,-14,3,-12,sil
1.930094003677368,-3,13,7,3,9,0,-2,-1,35,-7,-6,-11,0,-11,sil
1.930094003677368,0,16,0,-1,15,0,0,-5,43,9,0,-5,5,-9,sil
1.9456024169921875,5,21,-4,-3,21,-2,6,-1,46,16,-2,2,1,-3,sil
1.9456024169921875,11,26,7,2,21,0,8,-2,34,-1,-1,1,-4,0,sil
1.960706233978272,20,22,23,-1,11,-3,0,-3,21,-13,-2,-2,-6,7,sil
1.976795673370361,18,20,29,3,11,1,1,2,46,6,-4,1,-4,19,sil
1.976795673370361,6,11,14,9,20,13,8,4,37,18,-4,0,-2,18,sil
1.9927527904510496,-1,-1,-2,-4,11,18,0,1,-58,7,-6,-11,-8,5,sil
1.9927527904510496,-8,-9,-10,-9,-5,9,-2,-4,-116,14,-2,-22,-11,-7,sil
1.9927527904510496,-16,-11,-4,-1,-14,0,3,-7,-107,7,-7,-16,-11,-6,sil
2.012869119644165,-10,-8,0,9,-9,4,7,-13,-129,-12,-16,-7,-15,-7,sil
2.012869119644165,-12,-8,-6,8,-3,7,0,-16,-145,-20,-17,-13,-25,-15,sil
2.023267984390259,-23,-7,-13,-2,-3,2,-8,-3,-66,-38,-9,-15,-19,-12,sil
2.03830885887146,-14,-5,-13,6,4,13,1,5,33,-39,0,-9,5,0,sil
2.03830885887146,-1,-12,-7,10,6,19,16,11,46,2,-6,-4,8,9,sil
2.053685426712036,0,-19,-4,0,-6,13,17,10,28,44,-13,0,-5,4,sil
2.053685426712036,2,-19,-7,0,-14,14,19,5,43,50,0,0,0,2,sil
2.068567037582397,1,-17,-1,-4,-8,10,22,13,53,37,11,2,14,15,sil
2.068567037582397,-4,-14,0,0,0,-6,13,17,46,23,10,15,24,15,sil
2.0845954418182373,1,-9,-1,6,3,-12,-3,16,38,3,15,21,24,9,sil
2.0845954418182373,6,-11,-9,-10,-5,-8,-13,13,38,-3,15,11,16,4,sil
2.099977493286133,-5,-20,-28,-42,-20,-26,-13,0,37,5,-2,-6,8,-7,sil
2.099977493286133,-1,-10,-14,-46,-22,-35,-16,-2,29,12,-8,0,6,-5,sil
2.1159892082214355,16,16,12,-10,-10,-19,-18,-4,15,-1,17,23,16,0,sil
2.1159892082214355,17,35,22,26,2,-14,-18,-16,-5,-29,25,29,11,-2,sil
2.131892442703247,13,46,38,41,17,-15,-17,-15,-7,-25,21,26,4,-2,sil
2.131892442703247,16,48,38,30,18,-11,-16,-10,6,-12,31,20,5,-2,sil
2.1470792293548584,6,35,13,13,1,0,-16,-15,5,-39,4,-3,-18,-16,sil
2.1470792293548584,-8,18,6,20,2,25,4,-15,13,-32,-30,-30,-42,-26,sil
2.1626851558685303,-11,0,5,20,13,39,29,-1,35,13,-25,-36,-32,-9,sil
2.1626851558685303,-6,-19,-9,-5,-4,21,17,9,42,0,-19,-22,-14,7,sil
2.1777777671813965,-3,-18,-15,-15,-18,0,-4,6,46,-25,-14,-2,2,6,sil
2.1777777671813965,8,-1,-5,-3,1,-11,-10,2,17,-4,20,15,21,6,sil
2.1937708854675293,19,12,7,-7,17,-15,-13,1,-76,-20,26,17,10,6,sil
2.1937708854675293,-1,7,-5,-6,16,1,-4,-2,-130,-37,-4,-5,-10,-13,sil
2.209205389022827,-23,-10,-24,9,18,17,18,-7,-101,16,-12,-23,-17,-25,sil
2.209205389022827,-19,-9,18,-1,12,15,16,12,-89,31,-15,-4,-31,0,sil
2.224971294403076,-16,-10,9,-12,5,17,22,14,-70,22,-19,-11,-14,12,sil
2.224971294403076,-18,-46,-65,-22,1,6,35,-5,-21,64,-4,-29,26,12,sil
2.2405989170074463,0,-38,-22,-37,-6,-4,13,15,12,66,3,21,28,36,please
2.2405989170074463,22,14,24,1,-1,1,0,22,70,27,10,49,27,32,please
2.255971193313598,36,19,10,20,-3,-1,-10,5,84,0,8,20,28,18,please
2.255971193313598,33,10,29,6,-20,0,-12,16,48,1,12,4,16,21,please
2.271787405014038,6,4,-7,23,-15,-5,7,-9,53,8,18,-17,14,-5,please
2.271787405014038,-13,-14,-14,-10,-17,-31,-17,-13,22,-39,-31,0,-20,-12,please
2.2868683338165283,-13,0,26,-20,-15,-8,-18,10,2,-40,-36,19,-30,-12,please
2.2868683338165283,-13,2,-35,37,4,5,17,-26,40,10,25,-28,8,-45,please
2.302574396133423,-12,-20,-35,1,-6,-23,-19,-30,-2,-30,5,-29,-9,-27,please
2.302574396133423,-7,-5,31,-26,-15,-8,-39,0,-32,-28,-25,4,-26,-1,please
2.3180785179138184,-1,8,-4,23,8,4,0,-15,13,33,14,-11,7,-11,please
2.3180785179138184,3,0,-2,1,8,-12,-8,-8,-13,-17,12,5,4,5,please
2.333632230758667,2,1,36,-29,-6,2,-16,5,-49,-49,-14,26,-6,10,please
2.333632230758667,-3,-1,0,-8,0,8,6,-3,-17,5,-7,-6,0,-13,please
2.3488893508911133,1,6,10,-12,11,-9,2,14,-6,3,0,-2,-5,2,please
2.3488893508911133,7,26,22,-1,15,6,8,13,-8,-9,8,14,3,4,please
2.364042282104492,-2,0,-42,5,11,16,15,-17,-12,9,10,-10,11,-19,please
2.364042282104492,0,-11,-19,-22,0,-2,-3,4,-30,15,-1,-5,-2,9,please
2.379978656768799,17,27,32,3,6,0,5,18,-5,29,15,17,12,35,please
2.379978656768799,9,24,4,25,3,8,7,-6,0,-3,21,7,12,8,please
2.395587682723999,-15,-5,6,-11,-9,10,-13,4,-28,-54,-8,-2,-18,-8,please
2.395587682723999,-9,7,2,14,9,20,9,7,13,6,7,-15,0,-6,please
2.4107580184936523,14,18,-12,39,26,8,9,-4,37,44,31,-9,9,4,please
2.4107580184936523,5,3,14,3,7,0,-17,8,10,-3,9,17,-13,12,please
2.426846027374268,-13,-13,-4,9,-1,-1,1,2,44,1,-1,3,0,-6,please
2.426846027374268,-12,-21,-20,12,-3,-7,10,-1,56,13,-22,-19,-1,-11,please
2.443559169769287,-10,-13,2,-4,-7,1,8,8,35,-6,-36,-19,-22,-1,please
2.443559169769287,-8,-10,0,-3,-11,2,16,-5,62,-1,-13,-10,-12,-7,please
2.458021640777588,0,-4,-1,-18,-19,-8,-5,-6,39,-3,-7,8,0,-5,please
2.458021640777588,0,2,-5,-11,-12,-2,-7,-5,-41,-4,-13,4,6,-1,please
2.473549127578736,-5,-9,-10,13,0,5,19,-11,-71,9,-5,-5,2,0,please
2.473549127578736,2,-10,13,7,-7,10,16,12,-47,18,-4,9,-6,9,please
2.489004850387573,11,6,12,-2,-2,11,4,17,-24,20,5,13,13,11,please
2.5045526027679443,13,12,8,5,8,-6,0,1,-22,2,19,13,25,14,please
2.5045526027679443,14,10,22,9,5,-12,-1,1,-14,-1,6,16,5,14,please
2.5206239223480225,10,-3,-7,0,5,1,3,-5,1,11,-19,-5,-7,1,please
2.5206239223480225,1,-17,-25,-9,11,-1,1,-11,-1,-3,-23,-10,-9,-7,please
2.5206239223480225,-5,-9,-4,-6,0,-13,-14,-3,-9,-24,-3,0,-9,-6,please
2.537052154541016,-9,-7,-14,-16,-20,-12,-17,0,9,-6,8,-13,1,-1,please
2.537052154541016,0,-10,-16,-34,-16,-4,-9,7,27,6,10,-12,11,9,please
2.551780939102173,9,3,6,-14,0,0,-7,6,22,0,17,9,13,4,please
2.568242311477661,0,4,-7,0,4,-6,-17,-7,17,-7,9,2,9,-10,please
2.5687456130981445,-3,-12,-16,-19,-4,-15,-25,-5,11,-15,-6,0,3,-7,please
2.5687456130981445,8,-5,2,-13,-7,-14,-20,1,1,-10,11,14,13,-1,please
2.584134817123413,9,13,6,9,0,-8,-12,-4,-4,-1,36,8,18,-5,please
2.584134817123413,-6,10,9,5,9,-2,-9,-7,-15,-15,7,0,-6,-6,please
2.5997977256774902,-14,1,11,0,13,3,-1,-1,-24,-21,-16,-2,-25,-7,please
2.5997977256774902,-4,8,-2,13,11,1,14,-8,-27,0,3,-3,-12,-8,please
2.615842342376709,0,18,6,16,0,-4,7,-10,-39,6,12,2,-8,-1,please
2.615842342376709,-1,19,28,14,-5,7,-5,3,-47,6,0,4,-10,2,please
2.63058876991272,1,13,7,17,3,28,12,7,-41,15,5,0,1,0,please
2.6466963291168213,-4,-1,-19,5,10,24,34,1,-27,0,0,-6,0,-1,please
2.6466963291168213,-5,-4,1,0,0,10,27,5,17,-14,-14,-3,-8,1,please
2.6466963291168213,5,13,33,19,0,15,15,14,66,5,0,9,6,7,please
2.6618618965148926,1,18,21,24,12,23,12,12,56,9,12,9,8,5,please
2.677922487258911,-6,6,-3,17,9,12,13,0,41,0,-1,-9,-2,0,sil
2.677922487258911,0,1,4,3,-2,0,4,0,44,3,-21,-20,-11,1,sil
2.694884777069092,-9,-7,2,-9,-2,3,-1,-3,32,5,-25,-19,-7,-6,sil
2.694884777069092,-25,-23,-52,-1,1,3,1,-28,22,12,-12,-29,8,-25,sil
2.694884777069092,-10,-23,-41,-12,-4,-18,-6,-11,0,9,-17,-12,0,0,sil
2.7095322608947754,7,-7,30,-30,-10,-22,-15,25,-27,0,-24,13,-18,29,sil
2.7095322608947754,0,-9,8,-4,-4,-5,-5,5,-9,6,-6,-5,-2,3,sil
2.7256124019622803,0,-24,-30,-5,-10,-8,-16,-8,-1,3,-7,-16,0,-7,sil
2.7256124019622803,13,-14,0,-24,-16,-11,-14,15,-5,0,-4,13,-9,17,sil
2.7408695220947266,20,0,4,5,0,-1,13,13,15,15,23,26,13,24,sil
2.75650691986084,23,-8,0,13,2,0,6,1,13,11,18,24,21,15,sil
2.75650691986084,15,-17,1,-3,-6,-4,-4,0,-2,8,1,22,11,4,sil
2.772156953811645,7,-10,-17,2,0,-5,5,-4,0,8,15,12,16,-3,sil
2.772156953811645,4,1,-2,-11,2,0,-2,12,-7,-12,11,7,8,1,sil
2.773155212402344,0,6,2,-29,0,0,-7,13,-9,-14,1,-2,0,-5,sil
2.788022994995117,0,9,-18,-21,2,-5,2,-17,-6,-7,18,-10,5,-19,sil
2.8036673069000244,-2,17,11,-17,3,-4,-5,-11,-28,-29,18,9,1,-6,sil
2.8036673069000244,-1,20,23,-2,2,0,-6,0,-26,-20,8,17,1,0,sil
2.8186686038970947,1,11,-9,11,0,-11,-8,-17,-18,0,8,-2,0,-14,sil
2.8186686038970947,0,8,-1,7,-7,-15,-22,-17,-39,-17,5,-13,-11,-17,sil
2.8345727920532227,-9,19,14,23,0,0,-14,-14,-42,-29,5,-12,-7,-16,sil
2.8345727920532227,-11,27,7,34,14,5,-9,-15,-24,-21,1,-4,-6,-8,sil
2.85012435913086,-6,24,10,23,11,4,-10,-1,-9,-2,0,0,-9,4,sil
2.85012435913086,-5,21,19,24,4,9,7,0,3,15,-2,-7,-2,5,sil
2.865770101547241,-16,6,17,26,5,12,17,1,11,9,-19,-10,-9,-2,sil
2.865770101547241,-26,-18,0,14,3,13,12,8,24,11,-24,-6,-18,-1,sil
2.8809165954589844,-21,-25,-10,-2,-3,18,18,14,38,33,-13,-9,-5,10,sil
2.8809165954589844,-4,-20,-12,-16,-11,16,21,15,35,30,-14,-13,5,11,sil
2.896751642227173,1,-28,-17,-26,-12,3,8,12,29,9,-24,-10,4,6,sil
2.896751642227173,5,-28,-11,-25,-3,2,3,13,33,18,-15,0,11,18,sil
2.912440299987793,23,-14,0,-7,1,1,5,11,39,30,6,14,29,19,sil
2.912440299987793,33,-1,8,-1,1,-9,-3,3,21,0,14,26,25,4,sil
2.928077459335327,23,11,8,-9,10,-2,0,3,0,-25,11,24,6,-1,sil
2.928077459335327,11,9,0,-15,15,1,10,1,4,-6,21,14,7,-9,sil
2.943257093429565,2,-1,-2,-19,3,-18,0,-5,1,-3,22,0,4,-17,sil
2.943257093429565,-11,4,1,-1,-1,-18,-12,-15,-22,-20,-3,-31,-22,-16,sil
2.9586052894592285,-18,7,0,14,-3,5,-6,-16,-34,-19,-31,-44,-47,-12,sil
2.9586052894592285,-11,-7,-3,4,-9,15,4,-5,-18,-8,-22,-16,-33,-6,sil
2.973787784576416,-3,-15,-5,1,4,15,17,1,0,-1,-4,2,-11,3,sil
2.973787784576416,-6,-14,-13,4,6,5,12,6,-1,0,-19,-11,-15,11,sil
2.990187406539917,-11,-19,-24,-12,-23,-16,-10,5,-9,1,-22,-13,-5,6,sil
2.990187406539917,-1,-4,-19,-20,-24,-29,-26,1,-2,2,19,20,31,12,sil
3.005234479904175,25,26,3,0,6,-16,-18,5,1,0,48,46,45,19,sil
3.005234479904175,33,33,11,14,5,-12,-17,-7,-13,-4,35,40,29,1,sil
3.020934820175171,4,20,13,8,-10,-13,-35,-15,-41,-15,16,23,5,-10,sil
3.020934820175171,-10,19,17,9,0,3,-24,-10,-42,-18,10,2,-9,-14,sil
3.036871194839477,0,16,10,18,14,10,5,-12,-26,-12,1,-13,-14,-16,sil
3.036871194839477,2,11,27,21,10,5,11,-1,-26,-5,-12,-2,-11,1,sil
3.051576375961304,-3,10,40,36,7,21,24,17,-7,19,-5,9,0,14,sil
3.051576375961304,-4,-4,0,33,9,28,46,8,26,45,10,-4,10,4,sil
3.066956043243408,0,-21,-13,-3,0,15,35,2,25,31,1,-10,4,9,sil
3.066956043243408,0,-16,11,-15,-4,13,22,14,26,16,-6,1,8,24,sil
3.0827057361602783,-7,-18,-13,0,0,4,13,5,48,20,1,-3,13,7,sil
3.0827057361602783,-11,-28,-28,-20,-13,-24,-15,-2,29,-1,-7,-7,-2,-12,sil
3.098653078079224,-3,-20,-3,-38,-15,-25,-24,5,18,-16,-15,1,-5,-7,sil
3.098653078079224,1,-13,-23,-17,2,-12,-15,-7,43,-2,-3,-2,11,-8,sil
3.1140623092651367,0,-7,-26,-25,0,-22,-35,-16,22,-18,-4,0,0,-17,sil
3.1140623092651367,4,13,14,-31,-7,-19,-34,-1,14,-35,1,15,-7,-12,sil
3.13002610206604,11,25,9,6,11,2,-2,-9,57,-16,16,0,0,-11,sil
3.13002610206604,-4,19,-6,14,20,9,-5,-18,10,-19,-15,-30,-25,-18,sil
3.145620584487915,-26,8,2,-9,14,16,-12,-2,-82,-25,-42,-38,-35,-20,sil
3.145620584487915,-21,0,0,-3,18,26,8,3,-76,1,-9,-26,-3,-6,sil
3.1608006954193115,-6,3,0,16,14,25,26,4,-35,10,0,-10,-1,8,sil
3.1608006954193115,-8,4,-3,16,-3,17,28,4,-33,4,-31,-17,-24,2,sil
3.17641282081604,-11,-15,-21,-2,-17,6,20,7,-27,13,-39,-29,-27,-1,sil
3.17641282081604,0,-18,-19,-11,-10,4,18,15,6,26,-11,-14,-6,13,sil
3.1921448707580566,11,0,-1,3,-1,0,20,17,27,30,18,16,17,23,sil
3.1921448707580566,21,6,7,9,-8,-16,1,13,16,20,34,39,29,22,sil
3.207703351974488,29,2,15,4,-12,-21,-13,7,10,7,37,42,33,25,sil
3.207703351974488,21,2,23,0,-4,-12,-10,6,13,-2,40,37,32,22,sil
3.2237868309021,10,1,18,0,-8,-19,-15,1,3,-11,39,31,24,3,sil
3.2237868309021,13,5,11,-1,-16,-26,-21,-10,-8,-13,22,21,16,-9,sil
3.2396938800811768,8,13,9,0,-11,-14,-16,-16,-10,-13,2,4,3,-8,sil
3.2396938800811768,-1,7,8,7,0,0,-11,-21,-10,-18,0,-1,-12,-9,sil
3.255786895751953,1,0,18,22,6,4,-5,-17,-2,-7,7,3,-13,-6,sil
3.255786895751953,9,4,21,29,7,18,7,-3,6,10,6,1,0,6,sil
3.271017551422119,-2,3,1,22,8,28,14,-4,2,10,-8,-6,-1,8,sil
3.271017551422119,-20,-8,-16,6,15,18,13,-7,3,4,-24,-15,-5,4,sil
3.2866101264953613,-15,-18,-25,-9,12,0,8,6,17,8,-13,-17,3,7,sil
3.2866101264953613,-2,-20,-25,-20,0,-12,-2,14,18,5,-1,-1,15,4,sil
3.3022587299346924,-5,-11,-19,-23,0,-19,-11,0,0,-7,-7,12,4,-14,sil
3.3022587299346924,-5,7,1,-15,6,-11,-12,-2,-18,-21,-10,9,-21,-23,sil
3.317862033843994,2,18,10,2,9,5,-4,1,-17,-17,-5,0,-28,-19,sil
3.317862033843994,-3,6,-6,9,6,8,7,-4,-13,-1,-20,-17,-23,-21,sil
3.3335413932800293,-19,-7,-5,-8,-3,11,16,2,-16,-3,-37,-23,-31,-12,sil
3.3335413932800293,-19,-11,-8,-8,-9,30,24,13,10,5,-16,-20,-20,0,sil
3.348605871200561,0,-12,-20,-7,-5,19,15,5,38,20,8,-5,12,5,sil
3.348605871200561,13,-7,-5,-24,-4,-13,-9,5,21,9,12,23,26,11,sil
3.364046812057495,5,0,0,-23,-8,-28,-25,0,0,-7,12,27,21,0,sil
3.3793015480041504,-3,9,-3,-9,-4,-24,-26,-10,-7,-22,9,4,2,-16,sil
3.3793015480041504,1,25,7,10,10,-6,-6,-7,-6,-10,13,-3,0,-3,sil
3.3793015480041504,7,25,14,27,18,5,9,-4,-8,14,15,0,7,15,sil
3.3963277339935303,0,3,24,17,8,7,5,1,-22,0,-9,-9,-10,10,sil
3.3963277339935303,-13,-8,8,19,5,18,20,2,-4,-1,-18,-33,-19,-4,sil
3.4100444316864014,-3,-6,0,24,3,17,28,7,18,26,-7,-30,-5,5,sil
3.4256486892700195,7,0,18,10,-2,10,14,18,14,28,-3,-12,3,21,sil
3.4256486892700195,0,-11,-11,0,-8,8,9,-3,13,12,-4,-31,5,3,sil
3.440739393234253,-1,-19,-23,-25,-21,-1,-1,-9,3,-6,-16,-35,-3,-3,sil
3.440739393234253,5,-3,-1,-18,-23,-3,-8,8,8,-6,-5,-10,10,4,sil
3.456184148788452,5,-7,-18,-1,-19,-19,-14,-5,17,-2,18,-3,33,2,sil
3.456184148788452,7,-13,10,-38,-36,-39,-43,5,-26,-29,9,14,7,13,sil
3.4720945358276367,11,9,18,-18,-19,-16,-21,7,-15,-5,30,26,12,0,sil
3.4720945358276367,12,6,-40,21,17,-13,4,-31,24,22,50,11,36,-17,sil
3.487887382507324,14,0,20,-31,9,-29,-42,0,-31,-34,4,34,-10,13,sil
3.487887382507324,4,25,63,-13,8,0,-32,20,-39,-30,2,42,-21,9,sil
3.5031578540802,1,24,-22,65,39,12,22,-30,20,27,36,21,17,-22,sil
3.5031578540802,12,5,0,31,32,-4,2,-13,-7,-4,2,46,-6,1,sil
3.5186805725097656,0,7,43,-4,7,7,-7,16,-31,-25,-23,54,-31,6,sil
3.5186805725097656,-22,1,-11,19,8,20,22,-5,0,15,-13,33,-10,-18,sil
3.534780740737915,-19,-1,-9,14,7,18,25,0,4,21,-18,51,-8,-6,sil
3.534780740737915,-17,6,4,11,1,25,25,12,5,11,-21,73,-15,0,sil
3.550016403198242,-17,0,-18,13,2,26,32,0,15,8,-22,75,-14,-8,sil
3.550016403198242,-8,-14,-10,0,3,27,31,1,9,9,-29,6,-16,0,sil
3.5658233165740967,-4,-16,-5,-3,4,34,35,8,17,25,-16,-125,-6,5,sil
3.5658233165740967,0,-18,-11,-2,4,23,40,14,35,38,-10,-156,9,12,sil
3.5814549922943115,5,-23,-8,-10,-8,-1,21,21,30,20,-20,-99,16,16,sil
3.5814549922943115,-3,-29,-28,-26,-31,-23,-16,3,4,-19,-13,-91,10,2,sil
3.5976791381835938,-2,-20,-30,-43,-32,-40,-46,-10,-14,-37,12,-89,13,-4,sil
3.5976791381835938,10,5,7,-26,-9,-39,-45,-5,-7,-11,26,-56,23,0,sil
3.612748384475708,14,19,15,6,0,-22,-31,-8,0,-4,24,-37,16,-3,sil
3.612748384475708,15,2,1,-10,-5,-16,-31,-8,-18,-39,19,-36,-3,-6,sil
3.6286425590515137,10,-5,-3,-29,-5,-20,-31,-12,-33,-43,12,-32,-11,-12,sil
3.6286425590515137,0,6,0,-1,0,-14,-27,-23,-28,-16,2,41,-13,-20,sil
3.6437714099884033,2,21,18,17,2,0,-20,-12,-15,-5,5,166,-4,-7,sil
3.6437714099884033,9,28,26,13,7,5,-3,2,-2,5,27,214,12,4,sil
3.659018039703369,4,29,20,15,7,0,-1,1,-7,4,23,202,4,1,sil
3.659018039703369,0,24,19,26,6,1,-1,-5,-11,-9,-2,153,-12,-2,sil
3.6746673583984375,-2,14,8,26,7,14,13,-4,2,6,-11,13,-8,3,sil
3.6746673583984375,-13,3,-8,14,1,25,27,8,11,32,-10,-97,-8,10,sil
3.689849853515625,-22,-7,-14,11,4,25,32,7,5,24,-14,-82,-13,2,sil
3.689849853515625,-14,-14,-9,13,15,21,40,1,8,8,-15,-68,-11,-5,sil
3.7058591842651367,-6,-11,-1,0,7,21,35,17,15,7,-22,-91,-13,3,sil
3.7058591842651367,-9,-6,0,-8,-1,14,22,22,24,23,-25,-81,-3,9,sil
3.721005439758301,-5,-12,-25,-4,-4,-7,12,3,29,30,-4,-67,21,4,sil
3.721005439758301,8,-19,-8,-36,-20,-27,-7,13,8,-3,-6,-56,8,16,sil
3.737018346786499,12,-10,17,-39,-19,-9,-1,24,13,-10,-6,-50,0,19,sil
3.737018346786499,5,-10,-41,20,8,-4,23,-16,52,40,23,-80,36,-3,sil
3.75307297706604,4,-23,-36,-3,1,-32,-22,-13,4,2,2,-60,17,6,sil
3.75307297706604,11,-13,34,-45,-17,-16,-57,17,-52,-57,-13,-18,-10,14,sil
3.768598079681397,19,2,22,8,0,7,-15,-12,-20,-16,38,-40,22,-10,sil
3.768598079681397,21,14,19,35,10,-4,0,-19,-7,9,40,-2,13,-7,sil
3.784626722335816,12,18,24,16,4,-6,-10,-5,-14,-3,11,112,-10,-4,sil
3.784626722335816,3,7,10,4,3,-2,-11,-13,-11,-2,16,191,-3,-12,sil
3.8006820678710938,-1,17,31,2,6,1,-11,0,-20,2,17,187,-8,-3,sil
3.8006820678710938,-7,19,9,19,10,15,2,-4,-7,3,7,142,-14,-7,sil
3.816715240478516,-8,0,-11,15,6,17,3,-15,-6,-17,-10,152,-19,-7,sil
3.816715240478516,-6,2,6,14,4,16,5,-2,-14,-17,-32,134,-21,0,sil
3.8316650390625,-8,1,-15,17,3,6,10,-1,1,7,-35,-15,-6,1,sil
3.8316650390625,-6,-17,-31,-18,-8,-6,-2,6,12,1,-31,-120,5,6,sil
3.847675323486328,-1,-12,-15,-35,-15,-11,-11,13,16,0,-8,-84,20,2,sil
3.847675323486328,-1,0,-5,-20,-12,-18,-14,-1,1,2,10,-53,25,-9,sil
3.8626978397369385,-5,3,-1,-13,-2,-5,-12,-9,-21,-15,-1,-80,2,-13,sil
3.8626978397369385,-6,1,-5,-5,9,19,9,-5,-14,-13,-21,-97,-23,-18,sil
3.878004550933838,-10,-10,-11,-3,9,18,28,10,11,10,-18,-86,-23,-8,sil
3.878004550933838,-20,-27,-19,-19,0,11,32,22,24,13,-18,-81,-13,2,sil
3.893873929977417,-23,-25,-27,-31,-5,5,20,6,15,-7,-21,-85,-9,-5,sil
3.893873929977417,-4,-2,-15,-19,-7,-13,0,-2,5,-10,12,-61,4,-1,sil
3.909866571426392,14,24,12,0,-6,-16,-10,3,7,1,53,-28,22,13,sil
3.909866571426392,12,29,16,16,-1,0,-9,0,0,-9,41,-45,12,0,sil
3.924888849258423,0,10,7,25,2,5,-3,-9,-14,-21,15,-67,-8,-7,sil
3.924888849258423,-2,4,12,27,3,11,6,1,-5,12,19,-51,-9,17,sil
3.940626859664917,-1,6,-2,16,0,9,15,8,19,42,13,-52,2,23,sil
3.940626859664917,-2,-5,-17,-2,-4,-19,-2,0,10,15,-22,-15,0,4,sil
3.9561731815338135,3,-6,-4,5,6,-23,-18,0,-3,-1,-36,109,-5,5,sil
3.9561731815338135,17,6,8,26,12,4,0,7,14,25,-7,195,8,23,sil
3.971731424331665,15,1,15,11,0,7,8,6,19,39,8,178,25,27,sil
3.971731424331665,11,-13,11,-1,-7,-13,-5,0,-2,17,1,167,24,11,sil
3.9877660274505615,24,-5,9,12,-3,-23,-13,-1,-17,-5,11,203,20,4,sil
3.9877660274505615,30,19,23,16,0,-15,-6,-4,-21,-17,36,159,18,7,sil
4.003887891769409,20,28,33,10,0,-6,-12,-12,-23,-26,34,8,7,-6,sil
4.003887891769409,7,21,35,12,3,2,-20,-14,-31,-40,3,-80,-13,-24,sil
4.025954008102417,0,15,34,21,2,16,-5,-12,-32,-34,-10,-77,-26,-24,please
4.026953458786011,-3,6,39,19,-1,21,4,-9,-12,-4,-5,-75,-24,-15,please
4.026953458786011,-6,-12,33,2,-1,18,8,-2,16,22,-8,-84,-12,-9,please
4.034710645675659,-17,-25,10,-17,-2,11,16,4,24,20,-21,-78,-8,-8,please
4.050314903259277,-23,-22,-14,-30,-3,1,2,9,13,-3,-21,-62,-10,-8,please
4.050314903259277,-4,-13,-42,-25,6,-6,-12,7,17,-4,3,-37,8,-5,please
4.065589904785156,17,2,-43,-17,15,-6,-5,-2,13,0,18,-21,23,1,please
4.080926895141602,0,1,-33,-20,9,-3,1,-8,-11,-21,-12,-36,0,-10,please
4.080926895141602,-34,-25,-57,-28,-2,1,2,-10,-26,-35,-55,-64,-38,-34,please
4.097005844116211,-43,-37,-66,-37,-10,10,16,3,-12,-16,-53,-63,-43,-23,please
4.097005844116211,-30,-29,-49,-48,-14,4,26,24,14,12,-19,-34,-11,5,please
4.097005844116211,-15,-25,-43,-56,-13,-3,13,15,20,21,-8,-13,3,14,please
4.11254620552063,-2,-10,-31,-21,8,17,7,1,14,17,-3,-18,1,13,please
4.11254620552063,0,12,-5,20,23,25,6,2,17,16,12,-14,10,14,please
4.127625942230225,-12,16,10,6,2,-2,-9,3,15,19,18,20,24,19,please
4.143535375595093,-10,8,6,0,-10,-9,-12,2,16,32,22,32,27,27,please
4.143535375595093,2,9,4,31,5,8,4,8,28,41,17,8,12,28,please
4.14453649520874,7,19,24,33,3,-4,4,10,19,27,5,19,3,12,please
4.158802270889282,22,23,39,11,-16,-34,-7,0,-6,-5,12,56,12,0,please
4.174930810928345,23,4,28,6,-14,-25,-7,-4,-10,-48,16,50,6,-8,please
4.174930810928345,9,0,20,23,-3,-16,-9,-4,-4,-46,13,21,-3,-21,please
4.1900739669799805,30,32,52,36,-2,-25,-23,-13,-24,-7,29,49,8,-10,please
4.1900739669799805,53,46,71,22,0,-14,-23,-17,-44,-18,27,89,10,7,please
4.205596446990967,23,19,29,17,10,3,-11,-11,-36,-49,8,48,-5,0,please
4.205596446990967,1,10,13,45,28,6,-4,-9,-27,-19,14,-2,1,0,please
4.221157789230347,13,23,33,57,24,12,0,-10,-19,28,24,3,10,7,please
4.221157789230347,6,15,25,34,0,14,0,-7,-7,26,3,16,-9,-2,please
4.236780881881714,-9,-5,1,14,-1,5,2,-1,-4,6,-14,0,-18,-13,please
4.236780881881714,-9,-24,-13,0,2,9,10,0,-1,5,-17,-15,-2,-3,please
4.252544641494751,-16,-33,-17,-21,-17,19,11,-4,0,18,-18,-16,0,0,please
4.252544641494751,-24,-27,-17,-32,-30,17,10,0,0,23,-24,-26,-17,-10,please
4.268100738525391,-14,-20,-28,-35,-15,12,17,9,15,6,-32,-40,-22,-10,please
4.268100738525391,-14,-23,-35,-34,-2,10,12,14,23,-12,-28,-38,-11,-1,please
4.283967018127441,-25,-22,-45,-31,-5,1,6,15,12,-16,-19,-42,-8,-3,please
4.283967018127441,-18,-15,-44,-30,-3,-5,10,15,13,-11,-18,-51,-10,-6,please
4.29934024810791,0,-7,-18,-24,6,0,9,9,24,-1,-10,-32,-1,0,please
4.29934024810791,13,0,-1,-18,1,-3,0,4,18,8,-2,-4,6,11,please
4.314934253692627,9,0,-7,-12,-4,-12,0,8,17,17,-4,2,8,11,please
4.314934253692627,8,0,-13,-6,17,-6,3,5,32,17,0,0,10,8,please
4.330853700637817,10,4,-9,-7,25,0,-2,-7,21,5,14,9,11,8,please
4.330853700637817,7,-1,-7,-5,0,-8,-5,-10,-7,-3,18,13,11,11,please
4.346281051635742,3,-8,-5,0,-4,-9,-4,-1,-7,-6,18,9,15,11,please
4.346281051635742,1,-2,1,-1,4,-5,-13,0,0,-16,25,17,19,5,please
4.361620664596558,-1,2,0,-5,-4,-12,-22,-8,-18,-20,24,21,14,0,please
4.361620664596558,-5,9,4,0,-9,-14,-24,-13,-36,-10,10,16,0,-9,please
4.377070188522339,0,24,18,9,5,-5,-20,-7,-28,-3,9,19,-11,-11,please
4.377070188522339,1,31,18,17,11,0,-10,-5,-17,-5,12,13,-6,-8,please
4.392705917358398,-9,19,19,11,-1,-2,-7,-7,-20,-9,0,0,-5,-16,please
4.392705917358398,-15,9,23,15,-2,5,-6,-3,-15,-6,0,-4,-6,-22,please
4.407804727554321,-6,9,30,33,11,21,1,2,-7,0,3,-2,-4,-18,please
4.407804727554321,-4,3,42,34,12,24,15,2,-8,15,-13,-6,-11,-8,please
4.423563241958618,-11,-12,27,10,0,18,23,-3,0,28,-39,-16,-15,3,please
4.423563241958618,-18,-28,-2,-11,-10,10,24,1,17,24,-46,-22,-9,5,please
4.4386091232299805,-11,-25,-9,-11,-11,0,22,16,27,22,-35,-15,-1,4,please
4.4386091232299805,13,-4,-1,0,-6,-8,17,14,31,19,-15,9,13,19,please
4.454542875289917,35,7,-6,3,0,-7,8,5,27,-8,5,28,25,30,please
4.454542875289917,33,9,-20,0,0,0,3,1,9,-29,27,15,12,15,please
4.4699296951293945,18,15,-6,2,4,2,-2,-6,-10,-24,38,3,-4,1,sil
4.4699296951293945,11,19,10,14,4,-2,-8,-11,-18,-21,27,5,-9,-3,sil
4.485605239868164,-2,3,-4,8,-7,0,0,0,-8,-16,7,-5,-8,-5,sil
4.485605239868164,-18,-14,-22,-6,-11,13,14,11,1,8,-2,-25,-11,2,sil
4.500769138336182,-8,-16,-23,-4,-7,2,5,11,10,28,-14,-20,-8,9,sil
4.500769138336182,5,-13,-17,-7,-9,-15,-13,7,14,13,-10,4,8,7,sil
4.516083002090454,2,-14,-23,-18,-8,-11,-15,6,13,-1,7,10,17,5,sil
4.516083002090454,-5,-13,-32,-19,0,-11,-15,-5,0,-6,5,-6,0,-5,sil
4.53173041343689,-6,-6,-21,-18,0,-21,-28,-18,-22,-25,-5,-7,-11,-21,sil
4.53173041343689,3,3,-8,-8,0,-14,-27,-14,-33,-27,2,8,4,-17,sil
4.546945333480835,5,8,-4,-3,6,-7,-17,-6,-22,-7,13,16,14,-11,sil
4.546945333480835,0,15,-1,-13,8,-6,-5,-2,-4,9,18,17,12,-9,sil
4.562576532363892,6,34,13,0,15,10,12,4,5,27,33,25,18,3,sil
4.562576532363892,13,34,39,33,24,28,19,2,5,23,25,16,8,5,sil
4.578641653060913,-3,10,54,34,10,22,9,-5,-1,-7,-17,-14,-20,-6,sil
4.579068899154663,-22,-10,46,8,-5,13,8,0,-2,-6,-36,-28,-32,-7,sil
4.593604326248169,-23,-22,28,-5,-3,5,20,5,11,22,-25,-24,-17,0,sil
4.608776330947876,-16,-19,19,0,-6,0,20,0,17,20,-22,-19,-3,3,sil
4.608776330947876,0,-5,15,11,-13,6,10,0,12,4,-10,-3,-2,14,sil
4.608776330947876,10,-10,-8,5,-7,6,6,7,14,8,3,4,-1,19,sil
4.623926877975464,0,-24,-32,-13,0,-6,3,7,12,4,-11,-5,0,4,sil
4.639095067977905,-10,-14,-31,-20,6,-7,0,2,1,-10,-20,-2,5,-4,sil
4.639095067977905,1,0,-23,-14,15,2,-2,-1,0,-12,0,12,11,4,sil
4.654896974563599,9,0,-19,-11,8,-5,-9,-4,-7,-13,3,16,8,6,sil
4.654896974563599,0,-2,-16,-8,-6,-17,-18,0,-14,-18,-3,11,4,0,sil
4.6705849170684814,0,9,-7,-5,-8,-8,-16,0,-9,-12,6,14,9,-1,sil
4.6705849170684814,11,13,-3,-4,-3,-5,-9,0,0,-2,10,12,7,-5,sil
4.686666011810303,12,3,-13,-6,-6,-13,0,5,0,-5,9,9,3,-7,sil
4.686666011810303,5,3,-3,-5,-4,-9,0,6,-8,-10,18,14,3,-3,sil
4.701830148696899,6,15,13,5,1,1,-5,-4,-13,-3,17,1,-2,-8,sil
4.701830148696899,4,18,18,17,1,8,-2,-5,-2,0,9,-19,-7,-12,sil
4.717036008834839,-8,14,16,16,0,10,7,2,4,0,1,-18,-8,-6,sil
4.717036008834839,-22,6,4,14,0,7,6,-9,-7,0,-8,-21,-19,-6,sil
4.732952833175659,-19,-2,-1,16,4,11,5,-16,-15,9,-8,-34,-21,0,sil
4.732952833175659,-2,-5,0,13,2,14,17,7,4,28,0,-24,0,20,sil
4.74810266494751,6,-7,-4,2,0,6,18,23,24,25,-1,-6,17,24,sil
4.74810266494751,6,-13,-10,-2,1,1,4,11,21,7,-7,-6,13,15,sil
4.763538599014282,8,-15,-7,0,-4,-3,-7,0,9,6,-4,-5,7,15,sil
4.763538599014282,6,-15,-1,-6,-15,-18,-19,-3,-4,0,0,3,3,5,sil
4.779607534408569,3,-8,-4,-15,-13,-14,-16,-2,-3,-16,5,10,6,-14,sil
4.779752254486084,8,3,-3,-14,0,0,0,0,12,-12,7,19,9,-11,sil
4.795411586761475,10,4,9,-9,0,-10,-1,-2,7,-11,7,19,0,-3,sil
4.795411586761475,9,4,13,-2,-7,-14,-10,-9,-14,-16,4,4,-11,-14,sil
4.811063528060913,5,19,13,6,3,3,0,-7,-17,-2,0,0,-7,-16,sil
4.811063528060913,1,28,21,23,17,13,15,0,1,13,6,12,0,2,sil
4.826943397521973,6,21,25,35,17,15,16,0,11,8,13,22,0,10,sil
4.826943397521973,1,7,9,17,17,17,9,-5,-3,0,-8,12,-7,-4,sil
4.842920064926148,-15,-6,-9,-3,14,9,4,-12,-20,-2,-36,-1,-20,-13,sil
4.842920064926148,-23,-15,-7,-8,0,7,2,-9,-12,-8,-29,10,-19,-7,sil
4.858024597167969,-17,-18,-7,-10,-11,6,3,0,-1,-3,-18,33,-11,0,sil
4.858024597167969,-19,-21,-23,-17,-17,-5,0,4,-6,3,-29,24,-9,-2,sil
4.87402606010437,-22,-30,-29,-35,-23,-15,-7,12,-1,0,-27,-11,1,0,sil
4.87402606010437,-5,-31,-27,-53,-21,-12,-6,17,17,-4,-1,-42,17,9,sil
4.889580965042114,12,-14,-12,-29,-5,-9,-3,11,21,4,12,-38,21,14,sil
4.889580965042114,8,5,3,17,9,-7,-3,9,12,10,19,-20,22,9,sil
4.9051573276519775,8,13,1,20,17,-5,-4,12,7,8,38,-14,26,6,sil
4.9051573276519775,12,10,2,-1,18,-5,-9,5,2,14,55,0,24,5,sil
4.920467853546143,11,14,11,1,6,-1,-11,-7,-1,12,59,19,15,-2,sil
4.920467853546143,10,21,11,11,-3,-5,-13,-20,-20,-14,40,11,-2,-11,sil
4.935612678527832,7,16,4,4,-2,-19,-15,-21,-36,-37,1,-6,-19,-13,sil
4.935612678527832,0,11,5,10,0,-13,-8,-9,-21,-23,-22,-2,-16,-8,sil
4.951656818389893,0,27,23,36,10,11,0,0,1,1,-10,9,-1,0,sil
4.951656818389893,8,31,32,44,19,23,9,5,16,13,10,14,9,16,sil
4.967031717300415,8,3,22,17,11,28,17,6,23,16,6,12,5,30,sil
4.967031717300415,0,-16,9,2,0,33,21,2,19,11,-23,-1,-18,20,sil
4.98266077041626,-8,-14,-2,7,-1,19,21,-1,6,0,-46,-24,-33,-4,sil
4.98266077041626,-16,-12,-14,-7,-4,3,19,0,0,1,-36,-30,-15,-7,sil
4.997877597808838,-13,-6,-21,-15,-7,11,28,9,7,25,-22,-17,4,6,sil
4.997877597808838,0,-4,-18,-2,-9,12,29,10,23,27,-20,-3,3,11,sil
5.013303518295288,2,-19,-17,-12,-16,-5,11,4,17,0,-18,0,0,1,sil
5.013303518295288,-3,-25,-24,-31,-19,-20,-5,1,0,-13,-19,-5,-2,-10,sil
5.028516054153442,-9,-15,-22,-29,-17,-28,-17,0,-6,-17,-16,-4,-6,-19,sil
5.0289623737335205,0,-18,-14,-27,-15,-32,-26,-1,0,-10,10,11,17,-12,sil
5.044616460800171,11,-14,-7,-25,-3,-22,-27,-8,-4,-3,36,28,32,-1,sil
5.044616460800171,7,9,6,0,5,-17,-32,-15,-27,-23,15,18,0,-12,sil
5.059789657592773,1,20,14,22,0,-19,-39,-16,-39,-44,-1,4,-22,-24,sil
5.059789657592773,0,17,16,14,2,-12,-28,-9,-28,-24,21,13,-4,-12,sil
5.074950933456421,-6,17,12,9,12,-5,-10,-1,-18,-4,27,9,0,-3,sil
5.074950933456421,-14,14,4,10,9,0,-8,-3,-24,-15,-3,-12,-21,-13,sil
5.090106964111328,-16,5,3,2,1,15,-1,-5,-26,-17,-14,-20,-29,-20,sil
5.090106964111328,-13,-2,-3,-1,0,29,15,0,-7,8,-2,-21,-20,-13,sil
5.105844497680664,-8,-7,-6,-4,0,24,23,4,7,29,-2,-17,-7,-2,sil
5.105844497680664,0,2,3,6,9,17,25,8,14,35,-2,-1,6,10,sil
5.121423006057739,12,15,19,28,21,20,34,15,34,45,11,12,26,28,sil
5.137065172195435,21,7,22,25,19,19,31,20,50,54,25,22,41,43,sil
5.137065172195435,25,-3,11,6,5,1,13,17,43,41,25,27,45,47,sil
5.152674198150635,25,-2,7,-1,-3,-8,1,13,29,14,21,25,38,36,sil
5.152674198150635,22,-5,5,-10,-6,-1,0,10,25,8,21,22,27,20,sil
5.1677329540252686,14,-4,-3,-17,0,-3,-7,4,17,4,18,18,18,12,sil
5.1677329540252686,4,6,-2,-8,5,-17,-14,-3,-1,-15,14,7,10,0,sil
5.183050870895386,-2,8,0,0,0,-15,-11,-9,-18,-25,10,-7,-5,-20,sil
5.183050870895386,-5,7,2,-4,-1,1,-10,-13,-22,-24,-3,-19,-26,-27,sil
5.198758363723755,-14,4,0,-2,0,7,-2,-16,-17,-29,-31,-28,-34,-21,sil
5.199133157730103,-30,-11,-20,-1,-11,-4,1,-21,-18,-26,-51,-35,-41,-26,sil
5.214696407318115,-35,-27,-26,-5,-25,-6,-1,-21,-27,-21,-50,-30,-50,-30,sil
5.214696407318115,-20,-22,-17,0,-13,5,8,-8,-22,-27,-44,-20,-39,-16,sil
5.22957968711853,-8,-7,-12,0,7,14,23,4,-7,-22,-39,-16,-17,0,sil
5.22957968711853,0,-1,0,1,8,15,22,12,6,0,-22,-9,1,11,sil
5.244983673095703,13,-2,8,10,0,7,12,10,12,10,-5,9,11,18,sil
5.244983673095703,2,-5,-4,-1,-5,-5,-5,6,4,-1,-12,16,-2,11,sil
5.261077165603638,-9,-4,-15,-16,-7,-10,-17,7,4,-5,-6,-1,-3,0,sil
5.261077165603638,0,0,-5,-11,-7,-10,-12,5,10,5,23,-6,23,3,sil
5.276607036590576,4,-1,-4,-11,-3,-18,-15,1,0,4,35,8,28,3,sil
5.276607036590576,0,2,-6,-7,-3,-23,-25,0,-10,-5,26,18,12,-6,sil
5.292664289474487,6,17,6,12,0,-15,-27,0,-3,-1,29,23,16,-8,sil
5.292664289474487,12,16,7,21,2,-2,-15,2,4,15,35,24,19,-1,sil
5.308672904968262,5,2,1,11,1,-1,-7,2,1,9,25,10,8,3,sil
5.308672904968262,7,0,7,7,-2,-10,-13,-9,-4,-9,19,-1,4,0,sil
5.32456636428833,19,7,12,9,-8,-8,-13,-13,-3,11,23,5,5,-3,sil
5.32456636428833,14,13,20,8,0,2,3,1,0,51,21,13,4,3,sil
5.339560508728027,6,17,26,7,24,13,14,3,1,57,16,4,9,6,sil
5.339560508728027,9,19,20,0,34,20,11,-11,-2,43,7,1,4,-2,sil
5.3547303676605225,3,13,13,-6,20,17,15,-8,-5,20,-16,4,-11,-1,sil
5.3547303676605225,-11,-5,4,-3,5,8,19,0,0,-20,-37,-12,-18,-2,sil
5.370431184768677,-19,-21,-8,-5,0,8,13,-3,-3,-48,-30,-30,-18,-12,sil
5.370431184768677,-17,-19,-20,-17,-4,10,18,0,-8,-44,-26,-24,-17,-11,sil
5.386106252670288,-15,-10,-17,-12,-5,6,24,10,-3,-31,-30,-11,-10,2,sil
5.386106252670288,-7,-4,-3,6,-3,7,16,9,5,-18,-12,-1,-6,8,sil
5.401643753051758,4,1,0,14,0,13,15,9,13,0,5,2,-6,14,sil
5.401643753051758,2,0,0,0,3,14,11,11,15,8,0,0,-1,12,sil
5.417037725448608,-10,-7,-3,-10,-2,0,-6,4,12,0,-10,-10,2,-3,sil
5.417037725448608,-17,-7,-8,-4,-14,-12,-17,0,6,-5,-4,-8,0,-9,sil
5.432574272155762,-13,-8,-12,-5,-10,-5,-6,0,10,7,1,0,0,-3,sil
5.432574272155762,-5,-12,-13,-9,0,0,3,-2,9,12,-6,-6,2,-2,sil
5.448112964630127,6,-5,1,5,2,-2,0,-5,0,-5,-13,-7,8,6,sil
5.448112964630127,16,2,16,20,4,-5,-3,-3,5,1,3,11,14,23,sil
5.463614463806152,15,0,8,6,0,-9,-7,0,11,21,15,17,11,17,sil
5.463614463806152,6,-7,-2,-10,-16,-13,-15,-3,-11,0,1,4,0,-5,sil
5.479654550552368,4,-7,-4,-8,-18,-10,-16,-4,-17,-20,-1,0,-6,-11,sil
5.479654550552368,7,-1,-3,-8,-2,-6,-8,8,1,-1,12,8,0,0,sil
5.494999647140503,10,9,-1,-4,3,-6,-10,18,5,4,12,14,11,5,sil
5.494999647140503,15,24,2,7,1,-14,-16,5,1,-6,13,17,17,9,sil
5.510655403137207,17,24,5,3,-3,-23,-12,-9,-2,-2,26,27,12,7,sil
5.510655403137207,1,9,-5,-15,-10,-16,-4,-18,-26,-3,16,19,0,-8,sil
5.526230096817017,-14,3,-10,-19,-5,-1,-3,-26,-40,-22,-2,-2,-12,-25,sil
5.526230096817017,-7,5,3,5,11,9,0,-17,-18,-11,2,-7,-8,-18,sil
5.542018890380859,-3,4,8,29,17,23,5,1,0,18,6,-7,-2,-2,sil
5.542018890380859,-24,0,-1,20,9,29,6,9,-4,17,-14,-23,-15,-5,sil
5.558093309402466,-32,-13,-19,-5,1,16,9,12,11,14,-24,-35,-17,-9,sil
5.558093309402466,-10,-25,-24,-20,-2,0,10,16,35,18,-4,-17,7,0,sil
5.5739734172821045,16,-7,1,-6,0,-9,0,7,22,-2,19,12,26,2,sil
5.5739734172821045,26,20,30,11,7,-10,-9,-5,-9,-22,18,19,12,-2,sil
5.588908672332764,11,23,30,11,12,-2,-1,-8,-25,-14,0,5,-14,-6,sil
5.588908672332764,-1,11,18,19,11,10,12,-2,-15,-2,-11,-6,-20,-3,sil
5.604320764541626,0,0,12,26,6,20,15,4,-3,5,-12,-7,-10,6,sil
5.604320764541626,1,-10,4,12,2,14,14,3,0,17,-10,-7,-6,14,sil
5.6194493770599365,3,-5,0,2,4,1,12,-4,5,23,0,0,-2,18,sil
5.6194493770599365,10,-2,6,-3,5,2,5,-2,8,15,0,14,3,19,sil
5.63506817817688,3,-15,0,-12,-8,5,3,5,8,-3,-15,7,-4,6,sil
5.63506817817688,-13,-19,-9,-9,-19,-1,6,2,12,-16,-12,-9,-17,-4,sil
5.650880575180054,-12,-10,-8,-6,-12,-6,3,1,10,-3,-2,-11,-7,0,sil
5.650880575180054,-1,3,-13,-10,-3,-2,0,5,4,9,-8,-6,6,0,sil
5.666031122207642,-7,7,-15,-13,0,2,-1,5,1,-3,-11,-3,8,-8,sil
5.666031122207642,-8,-3,-8,-13,0,4,1,0,2,-13,-4,-6,3,0,sil
5.681554317474365,0,-8,-5,-6,-1,-1,0,-4,3,-1,-5,-7,0,5,sil
5.681554317474365,-6,-3,-9,-6,-3,-9,-9,-3,7,6,0,3,5,-4,sil
5.696796894073486,-6,-6,-13,-17,-3,-4,-15,0,15,6,14,11,18,-4,sil
5.696796894073486,4,-4,-4,-12,-4,-3,-8,-1,12,5,20,11,24,4,sil
5.712931394577026,2,0,2,0,-8,-16,-8,0,-2,3,11,3,19,2,sil
5.712931394577026,-4,-2,-6,-6,-8,-25,-18,6,-9,-5,2,-1,14,-2,sil
5.7279863357543945,0,-8,-14,-16,-2,-17,-20,10,-3,-14,5,9,10,-6,sil
5.743983745574951,4,2,-10,-6,0,0,-11,1,-4,-15,7,12,1,-8,sil
5.743983745574951,4,18,4,8,3,6,-10,-12,-16,-22,2,1,-7,-5,sil
5.759717226028442,14,25,16,21,9,0,-5,-8,-12,-20,6,1,-3,-7,sil
5.759717226028442,21,25,13,20,8,-4,8,7,0,0,22,12,6,-9,sil
5.774778842926025,16,22,18,11,7,2,18,10,0,13,25,18,0,1,sil
5.774778842926025,8,11,25,20,9,7,19,0,-3,3,5,2,-15,6,sil
5.790861129760742,0,0,17,26,5,14,18,-7,0,-3,-10,-13,-20,0,sil
5.790861129760742,-2,0,17,20,8,20,14,-8,3,8,0,-5,-9,5,sil
5.790861129760742,-7,4,18,16,14,9,0,-12,-5,8,-1,-2,-12,6,sil
5.805997133255005,-22,-1,0,4,3,3,-12,-20,-31,-13,-33,-27,-39,-17,sil
5.821137189865112,-18,-9,-14,-5,-9,13,-3,-15,-30,-4,-34,-33,-37,-18,sil
5.821137189865112,-1,-13,-4,0,-7,10,4,-1,-8,22,-9,0,-3,6,sil
5.836904048919678,-5,-15,-3,5,-6,-1,-1,4,-6,14,-13,1,0,13,sil
5.836904048919678,-7,-12,-9,-2,-7,0,6,13,0,7,-19,-19,-3,10,sil
5.85265064239502,3,-13,-5,-16,-4,1,16,18,23,10,0,-7,19,17,please
5.85265064239502,-1,-20,-20,-28,-6,-6,0,7,27,-6,6,7,26,15,please
5.867948770523071,-4,-16,-28,-24,-7,-11,-4,4,15,-3,9,7,16,10,please
5.867948770523071,16,2,-2,-3,1,-8,11,16,23,33,19,14,26,18,please
5.8834547996521,22,12,14,9,9,-6,6,10,32,41,17,22,31,17,please
5.8834547996521,6,4,9,6,8,-2,-16,-5,14,12,15,23,17,0,please
5.898730754852295,3,-3,-3,0,8,4,-13,-4,-2,0,13,14,8,-6,please
5.898730754852295,5,-5,-12,-10,9,4,0,2,2,0,-2,4,2,-6,please
5.913801908493042,-5,-2,-10,-22,0,-8,-3,3,6,-11,-17,0,-12,-14,please
5.913801908493042,-6,0,-8,-24,-15,-17,-15,-5,-8,-34,-19,-6,-24,-21,please
5.929932117462158,1,1,-2,-16,-13,-12,-15,-11,-16,-48,-12,-7,-20,-22,please
5.929932117462158,2,2,-1,-10,-1,-6,-5,-2,-2,-36,-5,-5,-2,-18,please
5.945635080337524,0,8,-6,-15,-5,0,4,4,0,-13,5,-11,6,-10,please
5.945635080337524,0,16,3,-12,-14,0,2,0,-7,-6,19,-4,0,-2,please
5.961048364639282,-3,14,12,5,-11,-7,-3,-8,-12,-12,12,-1,-20,-8,please
5.961048364639282,-22,3,0,11,-2,-1,-2,-10,-17,-13,-4,-22,-35,-21,please
5.976646423339844,-29,1,-5,7,2,17,5,-5,-17,-6,-3,-22,-25,-21,please
5.976646423339844,-18,5,7,13,6,21,5,-1,-13,0,2,5,-3,-7,please
5.9918622970581055,-6,4,20,20,9,12,0,0,-13,3,0,6,3,0,please
5.9918622970581055,5,11,24,32,14,10,2,0,-9,1,0,-11,5,5,please
6.007086515426636,11,17,34,46,24,15,11,-6,-6,12,1,0,15,20,please
6.007086515426636,4,3,21,38,23,16,14,-3,-2,35,1,5,18,29,please
6.030066251754761,0,-7,-5,20,4,11,11,2,9,34,-1,-12,15,24,please
6.030066251754761,7,-3,-4,20,-8,4,14,6,19,23,2,0,23,25,please
6.030066251754761,20,-4,5,16,-7,-1,16,11,29,36,16,29,41,36,please
6.03807258605957,15,-20,-1,-3,-4,-13,4,15,29,35,3,18,38,29,please
6.053741216659546,7,-24,-15,-14,-4,-20,-1,14,21,11,-9,6,17,15,please
6.053741216659546,12,-9,-13,-22,-6,-17,0,12,23,10,14,31,7,16,please
6.069059610366821,9,-13,-13,-42,-9,-19,-8,11,22,14,23,39,0,9,please
6.069059610366821,-4,-23,-24,-39,-8,-20,-20,-2,1,-13,0,6,-14,-13,please
6.084576606750488,0,-4,-17,-20,-5,-16,-28,-24,-21,-47,-4,-9,-21,-22,please
6.084576606750488,7,11,-9,-11,-3,-10,-31,-22,-25,-41,0,0,-19,-17,please
6.099859237670898,2,13,-9,-2,5,2,-20,-5,-10,-14,-10,-2,-23,-22,please
6.099859237670898,1,16,2,3,18,17,-8,-4,-5,-4,-6,-13,-24,-25,please
6.115013122558594,-11,7,-11,-3,4,10,-5,-8,-23,-15,-11,-20,-29,-26,please
6.115013122558594,-26,2,-22,-28,-28,-12,-4,-6,-35,-44,-34,-35,-41,-37,please
6.130633592605591,3,15,16,-44,-26,-12,0,-6,-25,-49,-34,-46,-38,-36,please
6.130633592605591,24,0,16,-16,13,23,16,-4,-14,-13,-20,-34,-23,-20,please
6.146273136138916,-13,-29,-20,19,34,42,26,5,-1,5,-21,-19,-16,-10,please
6.146273136138916,-23,-7,0,19,22,21,26,15,13,17,-9,-11,0,8,please
6.161038637161255,0,15,30,13,0,8,21,12,12,35,8,0,16,22,please
6.176570177078247,-7,-1,6,29,-18,8,17,5,9,28,2,3,18,14,please
6.176570177078247,-18,-12,1,24,-10,0,16,13,29,28,10,11,31,25,please
6.192556142807007,-5,-8,18,-5,1,-7,10,18,38,39,33,32,47,41,please
6.192556142807007,0,0,6,-10,-7,-10,-6,2,19,13,24,31,38,23,please
6.207773208618164,7,22,9,12,-12,-19,-16,-2,5,-7,22,31,31,7,please
6.207773208618164,14,30,24,21,1,-22,-13,3,1,0,41,39,33,15,please
6.223174810409546,3,9,2,4,2,-19,-19,-11,-12,-10,24,13,16,3,please
6.223174810409546,0,-2,-9,-11,-3,-14,-24,-21,-24,-22,5,-11,2,-17,please
6.238360643386841,2,2,2,0,-3,-5,-11,-5,-14,-9,14,-3,0,-13,please
6.238360643386841,-1,11,9,17,2,0,-3,-3,-8,-13,7,2,-10,-5,please
6.25415563583374,3,16,6,23,11,4,-4,-10,-14,-22,-5,3,-17,-13,please
6.25415563583374,9,11,1,23,11,9,1,-5,-11,-13,-6,2,-19,-15,please
6.269629955291748,-5,-6,-3,20,7,5,6,-4,-8,0,-22,-13,-32,-5,please
6.269629955291748,-17,-17,-13,4,1,14,13,-6,-2,16,-35,-29,-32,0,please
6.285712718963623,-10,-14,-19,-12,0,30,23,0,6,24,-24,-21,-13,4,please
6.285712718963623,0,-8,-12,-8,6,23,22,9,13,14,-16,-6,-1,11,please
6.301069736480713,10,-4,-1,4,7,9,16,15,25,22,-9,-2,4,20,please
6.301069736480713,13,-11,-2,-2,1,11,14,20,34,36,2,1,14,24,please
6.316938877105713,8,-26,-17,-29,-1,4,4,17,32,20,0,5,8,13,please
6.316938877105713,5,-22,-20,-43,-11,-20,-17,6,23,-5,-13,5,-5,-2,please
6.332048654556274,6,-4,-2,-29,-19,-28,-32,0,0,-13,-13,7,-3,-5,sil
6.332048654556274,4,-4,-3,-15,-13,-21,-31,-7,-25,-15,-3,4,6,-4,sil
6.347631216049194,2,-13,-15,-26,-3,-18,-26,-16,-23,-27,0,0,7,-10,sil
6.347631216049194,6,0,-2,-20,0,-11,-12,-13,-14,-25,7,8,5,-11,sil
6.363024950027466,7,17,10,3,5,-1,6,-5,-21,-16,15,11,1,-12,sil
6.363024950027466,0,18,8,5,6,-1,8,-2,-23,-18,15,3,-7,-17,sil
6.37872314453125,-3,17,8,4,6,0,-2,0,-5,-9,14,0,-2,-9,sil
6.37872314453125,-6,20,19,16,8,1,-5,5,0,0,18,0,3,0,sil
6.393717050552368,-10,16,19,20,3,0,1,2,-4,2,16,-1,-1,-2,sil
6.393717050552368,-9,7,11,15,-4,2,9,-6,-1,7,7,-2,0,-3,sil
6.409231662750244,-4,8,15,14,0,3,8,-3,-5,2,0,-3,5,0,sil
6.409231662750244,-1,15,18,24,5,-3,5,0,-20,-9,-5,-10,-3,0,sil
6.424779176712036,-1,8,11,27,0,4,7,-5,-18,-4,-13,-15,-12,-4,sil
6.424779176712036,-13,-13,-5,3,-6,20,9,-7,-6,4,-25,-24,-12,-4,sil
6.4407799243927,-30,-25,-25,-14,-5,20,9,0,-1,4,-30,-33,-19,-5,sil
6.4407799243927,-32,-24,-28,-8,-12,15,13,6,12,7,-24,-28,-14,-6,sil
6.456302642822266,-10,-21,-18,-6,-15,15,24,17,41,18,-13,-10,6,4,sil
6.456302642822266,12,-10,-7,-10,0,9,24,18,53,29,7,11,26,27,sil
6.471704721450806,18,3,-3,1,8,-3,6,10,39,32,27,29,30,32,sil
6.471704721450806,13,3,-1,7,0,-15,-12,6,19,18,23,33,18,16,sil
6.487920522689819,21,1,4,-5,2,-17,-13,1,8,-4,17,32,9,7,sil
6.487920522689819,30,12,3,-8,10,-15,-10,-3,6,-7,26,31,11,7,sil
6.5054216384887695,20,16,2,-2,4,-20,-28,-7,-13,-5,19,24,6,-3,sil
6.5054216384887695,2,6,1,-8,-2,-17,-37,-14,-34,-20,-4,7,-9,-17,sil
6.518560171127319,-5,2,-2,-7,0,-2,-22,-18,-25,-30,-18,-15,-21,-18,sil
6.518560171127319,-6,9,12,11,9,7,-5,-11,-13,-26,-15,-20,-28,-15,sil
6.533979177474976,0,16,27,29,11,12,0,-8,-19,-16,-7,-12,-24,-12,sil
6.533979177474976,3,7,15,19,5,18,4,-6,-19,-2,-7,-11,-11,-2,sil
6.5500898361206055,0,-10,-1,0,4,16,9,6,-3,19,-16,-7,-1,9,sil
6.5500898361206055,0,-16,-7,-3,0,5,19,13,13,30,-13,6,11,19,sil
6.566049098968506,0,-16,-11,-9,-10,0,16,9,13,15,-2,11,20,18,sil
6.566049098968506,0,-21,-14,-23,-18,-8,8,9,12,3,2,7,20,12,sil
6.580938816070557,4,-17,-11,-26,-17,-18,1,9,14,0,13,14,26,4,sil
6.580938816070557,8,0,1,-14,-7,-16,-8,4,4,-7,26,23,24,-4,sil
6.596948862075806,7,15,17,-1,5,3,-4,1,2,-2,28,13,11,-3,sil
6.596948862075806,6,28,25,9,13,16,10,-1,4,2,20,-2,-2,0,sil
6.611954212188721,-11,18,5,20,5,6,0,-12,-22,-13,-3,-22,-22,-15,sil
6.611954212188721,-34,-7,-18,13,-3,-3,-16,-21,-46,-26,-26,-44,-41,-30,sil
6.628171443939209,-31,-10,-14,0,0,7,0,-9,-22,-13,-21,-41,-33,-21,sil
6.628171443939209,-19,-2,-11,0,5,14,23,6,8,0,-14,-27,-18,-8,sil
6.644022703170776,-20,-16,-22,-7,-7,0,14,11,17,8,-20,-20,-10,-2,sil
6.644022703170776,-4,-17,-17,-12,-12,-13,0,13,25,20,-6,0,8,13,sil
6.659600734710693,19,5,1,0,-1,-14,-9,9,25,13,13,28,25,18,sil
6.659600734710693,12,1,2,-9,-2,-19,-23,-1,1,-6,7,22,15,-3,sil
6.675005197525024,6,-4,-2,-11,-2,-12,-14,-7,-7,0,5,4,2,-9,sil
6.675005197525024,17,24,18,27,16,9,10,-2,-1,17,13,12,-5,5,sil
6.690815210342407,6,25,26,41,20,17,10,-1,-3,9,-3,4,-20,2,sil
6.690815210342407,-6,-8,0,2,11,13,-3,0,0,-4,-20,-11,-12,-4,sil
6.706001043319702,10,-9,-6,-9,7,8,0,9,11,2,-2,4,21,14,sil
6.706001043319702,20,2,0,-6,-11,-1,2,9,3,5,6,16,32,24,sil
6.7217559814453125,6,-8,-11,-32,-30,-12,-16,-9,-17,-22,-3,7,13,2,sil
6.7217559814453125,6,-3,-8,-29,-17,-16,-20,-17,-17,-33,10,17,10,-9,sil
6.737990140914917,17,18,15,11,5,-8,2,-5,-2,-4,28,28,13,4,sil
6.737990140914917,0,12,21,18,14,7,16,-3,0,9,7,6,-9,2,sil
6.753565549850464,-18,-5,5,0,7,7,3,-12,-6,-3,-15,-19,-31,-17,sil
6.753565549850464,-15,2,11,11,3,1,-6,-7,-5,-11,-3,-14,-21,-13,sil
6.768761396408081,-7,9,21,28,9,17,13,8,7,2,10,-3,-3,5,sil
6.768761396408081,-5,-3,1,15,7,23,31,15,20,28,0,-13,-4,8,sil
6.784387588500977,-5,-11,-11,-5,-8,-2,11,14,21,31,-11,-19,-8,6,sil
6.784387588500977,-3,-9,-14,-10,-15,-9,-2,11,24,11,-2,-4,3,10,sil
6.799873113632202,-1,-10,-21,-13,-9,7,0,6,20,5,2,6,13,9,sil
6.799873113632202,-6,-10,-24,-22,-3,1,-5,3,6,8,-2,-4,9,2,sil
6.815053224563599,-8,-7,-21,-22,-6,-16,-13,0,-3,-5,-4,-11,9,-5,sil
6.81605339050293,2,-4,-8,-19,-6,-11,-15,-4,-11,-20,4,1,17,-10,sil
6.830666780471802,20,0,4,-5,2,-2,-13,-1,-12,-17,12,14,18,-6,sil
6.830666780471802,19,9,14,11,12,-13,-11,-5,-14,-18,13,14,3,-6,sil
6.846153736114502,6,17,23,18,14,-17,-6,-15,-28,-21,10,12,-9,-11,sil
6.861412525177002,3,24,28,27,16,0,4,-6,-27,-10,0,8,-6,-2,sil
6.861412525177002,0,14,22,27,15,18,12,0,-15,0,-12,0,-10,0,sil
6.877792835235596,-10,-4,6,8,1,18,6,-11,-15,0,-24,-9,-29,-11,sil
6.877792835235596,-13,-9,-9,0,-10,13,4,-10,-8,2,-29,-11,-30,-4,sil
6.892882585525513,-8,-10,-14,0,-9,5,13,14,19,19,-11,-5,0,17,sil
6.892882585525513,-5,-14,-14,-3,-3,-1,14,23,40,40,7,0,17,25,sil
6.909463882446289,-5,-17,-19,-12,-4,-5,6,9,35,34,0,0,9,11,sil
6.909463882446289,-4,-16,-23,-16,-15,-9,-4,0,13,5,-7,0,8,-2,sil
6.909463882446289,4,-5,-5,-15,-18,-12,-17,-5,-8,-16,10,8,15,-7,sil
6.925055742263794,20,10,11,-11,0,-10,-17,-8,-12,-20,30,20,12,-5,sil
6.940571546554565,15,15,4,-1,5,-12,-12,-2,-5,-9,28,10,2,-5,sil
6.940571546554565,-3,13,7,3,0,-11,-11,-3,-20,-7,11,-9,-8,-12,sil
6.955763578414917,-8,13,18,8,3,4,0,-10,-30,-13,-10,-23,-23,-14,sil
6.955763578414917,-11,5,-4,4,4,22,18,-4,-9,-5,-24,-30,-26,-6,sil
6.971452236175537,-27,-11,-25,-9,-8,24,16,8,9,6,-24,-29,-11,1,sil
6.971452236175537,-20,-19,-17,-11,-7,11,5,11,15,4,-17,-15,2,3,sil
6.986443996429443,4,-8,-2,-5,6,0,1,9,21,0,-4,5,9,6,sil
6.986443996429443,17,1,2,-7,7,-7,0,12,22,-1,1,17,14,13,sil
7.002562999725342,19,8,7,1,6,-7,0,5,11,0,8,18,14,11,sil
7.002562999725342,23,16,18,18,14,-1,0,-2,4,-2,23,21,9,-1,sil
7.018075227737427,26,15,20,9,11,0,3,-2,9,0,24,22,9,1,sil
7.018075227737427,21,11,20,0,4,-3,0,0,5,2,12,16,8,10,sil
7.033809423446655,6,16,24,22,9,0,-2,-6,-14,-3,4,2,-5,-5,sil
7.033809423446655,-4,16,20,45,14,11,1,-12,-22,-5,3,-1,-12,-7,sil
7.049230337142944,-11,5,10,31,6,0,3,-11,-15,6,0,1,-3,11,sil
7.049230337142944,-26,-9,-10,-2,-9,-13,-3,-11,-17,7,-17,-13,-11,0,sil
7.06490969657898,-34,-21,-26,-17,-8,5,-2,-3,-10,-1,-28,-28,-21,-13,sil
7.06490969657898,-16,-22,-19,-5,2,23,10,10,13,17,-11,-7,-2,11,sil
7.080586910247803,-3,-23,-20,-17,-11,2,2,9,15,25,-1,6,11,15,sil
7.080586910247803,-11,-28,-32,-48,-33,-17,-17,0,0,-8,-8,0,4,-8,sil
7.095704078674316,-8,-20,-28,-40,-20,-12,-14,2,8,-14,4,3,8,-5,sil
7.095704078674316,6,-7,-4,-16,-7,-12,-7,7,12,6,22,20,19,4,sil
7.110930442810059,19,2,13,-10,-13,-17,-19,3,-7,0,24,26,19,-4,sil
7.110930442810059,27,18,23,3,0,-8,-21,-5,-12,-16,25,19,16,-7,sil
7.12687611579895,19,27,30,18,16,0,-3,-8,-12,-11,20,4,1,0,sil
7.12687611579895,2,15,19,17,4,3,12,0,-15,-2,0,-12,-13,-5,sil
7.142340421676636,-6,5,4,15,-1,10,18,6,-3,-3,-19,-21,-15,-11,sil
7.142340421676636,-8,1,-2,12,10,23,22,3,7,0,-35,-27,-12,-3,sil
7.158228635787964,-9,-10,-13,0,8,20,25,0,11,12,-35,-32,-9,1,sil
7.158228635787964,-11,-19,-18,-7,-6,3,18,-1,13,13,-20,-24,-7,1,sil
7.173662185668945,-5,-11,-11,0,-6,0,11,3,18,7,-15,-8,-11,5,sil
7.173662185668945,6,0,-6,0,0,-2,2,10,20,4,-13,5,-3,11,sil
7.189210414886475,9,4,-8,-9,-1,-15,-16,9,11,-8,-1,10,8,3,sil
7.189210414886475,3,9,-11,-10,-4,-16,-23,-6,-9,-23,11,4,0,-10,sil
7.204970121383667,4,15,-2,-5,3,-6,-19,-18,-26,-26,20,8,-6,-16,sil
7.204970121383667,11,28,16,8,8,-5,-17,-9,-20,-19,24,21,2,-7,sil
7.219922780990601,9,32,26,30,13,4,-1,0,-5,-4,19,20,5,2,sil
7.219922780990601,-7,7,14,25,19,15,11,0,-8,7,3,-1,-6,1,sil
7.236014842987059,-21,-13,-2,12,15,4,4,-1,-17,11,-7,-15,-10,-2,sil
7.236014842987059,-10,0,7,24,12,7,8,1,-5,17,0,-6,-2,3,sil
7.251760721206665,3,5,20,26,10,28,26,0,11,30,14,3,6,17,sil
7.251760721206665,0,-9,5,3,2,21,22,0,4,30,6,1,6,17,sil
7.266909599304199,0,-14,-7,-13,1,2,2,0,-4,10,-8,-3,3,4,sil
7.266909599304199,6,-10,-6,-15,0,-3,-9,1,2,-1,-4,-8,4,0,sil
7.282034397125244,6,-13,4,-16,-10,-14,-13,2,15,6,8,0,7,7,sil
7.282034397125244,8,-16,4,-23,-15,-20,-6,9,29,13,13,15,15,15,sil
7.298149585723877,8,-13,-10,-38,-13,-12,4,17,35,6,12,12,21,11,sil
7.298149585723877,-1,-11,-21,-39,-20,-11,-1,11,17,-2,7,2,15,0,sil
7.313283205032349,-10,-17,-27,-21,-24,-17,-20,-5,-4,-25,-12,0,0,-12,sil
7.313283205032349,-10,-14,-20,-14,-15,-19,-28,-14,-19,-51,-33,-3,-14,-20,sil
7.328928470611572,-9,0,0,-5,-8,-15,-24,-8,-24,-39,-19,-3,-15,-20,sil
7.328928470611572,-4,16,3,13,-11,-14,-20,-2,-19,-13,1,4,-5,-9,sil
7.344026803970337,1,20,2,15,-5,-11,-12,-1,-12,-10,3,12,-4,-2,sil
7.344026803970337,2,14,9,7,5,1,0,-4,-4,-2,9,8,-4,-3,sil
7.359846115112305,-3,7,10,2,2,13,2,-11,-8,3,8,0,-6,-7,sil
7.359846115112305,-3,7,10,10,2,20,9,-8,-13,0,-11,-5,-13,-6,sil
7.3759143352508545,6,14,16,30,19,31,31,1,6,12,-7,-6,-4,7,sil
7.3759143352508545,4,14,14,33,17,34,35,6,19,27,9,-2,9,12,sil
7.391660213470459,-2,4,0,22,5,24,25,4,1,22,0,-8,3,2,sil
7.391660213470459,0,1,2,23,17,22,28,2,-5,17,-6,-16,-6,4,sil
7.40673041343689,2,0,6,21,29,19,24,0,6,19,-4,-14,-2,9,sil
7.40673041343689,-5,-6,-3,1,15,10,6,1,11,17,-8,-11,1,0,sil
7.421572685241699,-7,-6,-6,-10,5,0,0,9,11,6,0,-7,5,0,sil
7.437648057937622,8,-7,-6,-6,2,-13,2,14,14,2,8,5,8,12,sil
7.437648057937622,21,-16,-9,-9,-8,-10,0,8,8,9,6,20,8,14,sil
7.437648057937622,12,-13,-10,-17,-15,-10,-7,2,6,13,3,23,9,10,sil
7.452788829803467,0,-6,-20,-26,-13,-33,-20,0,0,0,5,13,8,5,sil
7.469021797180176,-11,-7,-19,-36,-11,-34,-31,-6,-18,-19,2,0,2,-12,sil
7.469021797180176,-9,0,-4,-23,-8,-11,-20,-7,-21,-27,-5,-13,-5,-25,sil
7.484522104263306,-3,9,0,-7,-10,-20,-24,-7,-15,-31,-7,-13,-11,-21,sil
7.484522104263306,-5,2,-2,-16,-18,-40,-46,-10,-21,-38,-5,-9,-14,-22,sil
7.50010871887207,-6,0,1,-14,-13,-23,-35,-9,-20,-35,-18,-15,-19,-20,sil
7.50010871887207,1,9,13,1,0,3,-7,-9,-12,-20,-23,-8,-21,-6,sil
7.515797853469849,10,12,19,13,7,20,6,-10,-7,0,2,6,-10,7,sil
7.515797853469849,4,12,18,25,8,31,17,0,2,8,18,6,2,11,sil
7.530997276306152,-4,7,21,24,11,27,25,10,17,9,9,5,7,11,sil
7.530997276306152,0,-4,12,11,9,14,25,11,29,16,11,11,11,15,sil
7.547118425369263,4,-10,2,13,5,17,28,8,31,28,17,10,14,17,sil
7.547118425369263,1,-6,0,20,2,19,27,6,14,24,6,0,9,13,sil
7.562942266464233,-5,-5,-2,4,-2,8,17,4,4,15,-1,-4,2,10,sil
7.562942266464233,-8,-14,-8,-7,-1,4,14,11,23,31,5,2,11,16,sil
7.578110456466675,0,-11,-12,-1,2,3,14,16,34,48,8,12,25,19,sil
7.578110456466675,12,4,-12,-5,-2,-11,-2,2,10,10,6,17,24,5,sil
7.593156814575195,11,6,-12,-15,-5,-20,-22,-10,-13,-44,6,14,12,-14,sil
7.593156814575195,0,4,-9,-10,3,-14,-24,-13,-27,-45,-2,4,0,-22,sil
7.608628034591675,0,14,0,0,13,-12,-20,-14,-38,-9,-6,0,-5,-18,sil
7.608628034591675,11,21,2,5,6,-6,-12,-13,-30,7,13,-1,-3,-14,sil
7.624629497528076,0,10,2,7,-2,4,-5,-7,-16,-10,10,-9,-12,-18,sil
7.624629497528076,-20,-3,2,0,-3,3,0,0,-8,-27,-22,-23,-29,-18,sil
7.640660762786865,-15,-3,2,0,0,3,4,6,-2,-8,-26,-23,-25,-8,sil
7.640660762786865,-11,0,3,8,-1,4,5,5,-5,3,-19,-19,-20,-4,sil
7.6561877727508545,-20,-11,-3,3,-7,0,4,-5,-7,0,-30,-22,-26,-5,sil
7.6561877727508545,-6,-16,-3,-2,-5,18,11,-3,12,17,-17,-5,-10,9,sil
7.671726942062378,17,0,9,5,9,31,20,12,31,36,11,14,14,30,sil
7.671726942062378,14,6,12,5,15,7,15,14,27,26,8,7,16,25,sil
7.687749624252319,0,-3,2,-6,2,-10,2,9,18,8,-4,0,8,11,please
7.687749624252319,7,-5,-7,-9,-8,-7,-7,9,11,-2,0,5,9,3,please
7.702913284301758,18,-2,-2,-14,-9,-19,-14,0,-4,-10,12,14,12,0,please
7.702913284301758,14,-7,4,-18,-9,-33,-14,-6,-16,-9,27,23,18,2,please
7.718310832977295,1,-7,-5,-12,-13,-26,-19,-4,-15,-20,24,24,12,0,please
7.718310832977295,-3,-1,-6,-9,-10,-17,-26,-8,-21,-40,8,6,-2,-11,please
7.733938455581665,-5,2,3,0,0,-8,-9,-11,-21,-21,1,-7,-7,-11,please
7.733938455581665,-10,8,4,12,7,1,2,-7,-8,0,-5,-11,-12,-7,please
7.749576807022095,-10,11,2,20,2,8,-6,-6,-2,-15,-17,-14,-19,-15,please
7.749576807022095,-6,5,1,19,1,20,4,-3,-2,-8,-12,-12,-8,-6,please
7.764679670333862,-9,-8,-4,3,6,30,28,9,10,27,-4,-4,4,15,please
7.764679670333862,-5,-15,-15,-12,2,18,17,11,25,28,-10,-10,5,12,please
7.780374526977539,3,-2,-19,-8,-1,0,-6,0,18,6,-1,-8,10,-7,please
7.780374526977539,9,8,-5,0,5,-8,-8,1,1,0,20,16,17,-11,please
7.796109914779663,12,9,11,4,4,-4,-3,5,-3,0,17,19,11,-3,please
7.796109914779663,5,15,20,18,-3,9,-4,-3,0,7,0,-3,-7,-2,please
7.811659336090088,-4,18,12,26,5,16,12,-3,6,14,-6,-14,-16,0,please
7.811659336090088,-7,0,-3,3,14,18,36,12,26,17,-11,-5,0,7,please
7.827753067016602,1,-15,-8,-22,-2,17,35,21,39,35,-4,3,17,16,please
7.827753067016602,15,-10,-3,-24,-15,-3,14,11,20,31,10,17,23,21,please
7.84321141242981,12,-6,-1,-21,-8,-34,-11,-8,-17,-17,8,33,14,12,please
7.84321141242981,-3,-8,-4,-20,-7,-37,-29,-18,-30,-37,0,15,-1,-7,please
7.858803987503052,-9,3,-5,0,-2,-21,-20,-13,-16,-18,10,-18,-11,-14,please
7.858803987503052,-1,15,4,14,13,-10,-8,-9,-20,-22,13,-15,-15,-7,please
7.87398886680603,0,9,14,6,8,-8,-15,-15,-38,-31,-5,0,-23,-13,please
7.87398886680603,-3,2,17,3,-4,0,-16,-12,-35,-24,-14,-6,-23,-17,please
7.889249086380005,-4,3,10,18,2,15,0,0,-14,-17,-9,-14,-11,0,please
7.889249086380005,-3,2,6,23,10,24,7,2,-3,-5,-6,-4,-4,10,please
7.904666185379028,-2,-1,11,12,7,18,0,5,1,13,0,-2,0,1,please
7.904666185379028,1,-6,3,9,6,17,10,13,16,16,0,-12,3,0,please
7.920763731002808,0,-7,-6,7,3,18,24,14,22,9,-9,-7,1,8,please
7.920763731002808,-5,-2,-8,3,-3,7,21,11,22,16,-6,1,4,11,please
7.936346769332886,-7,-4,-16,-1,-1,-2,5,4,22,24,-3,-5,3,3,please
7.936346769332886,-10,-9,-20,-12,4,-4,-7,-3,11,15,-13,-8,-5,-8,please
7.95148491859436,-12,-7,-18,-15,0,0,-9,-3,6,11,-13,-2,-5,-11,please
7.95148491859436,-5,-9,-14,-16,-15,0,-4,0,14,12,0,0,6,-3,please
7.9666643142700195,9,-11,-5,-18,-19,-9,-4,1,12,12,14,12,20,6,please
7.9666643142700195,20,0,4,-11,-13,-20,-14,-2,0,4,23,32,26,11,please
7.981866359710693,13,6,0,-10,-13,-21,-22,-5,-10,-17,15,29,20,6,please
7.981866359710693,10,0,-3,-18,-13,-17,-13,0,-5,-23,12,13,17,5,please
7.997812986373901,24,0,9,-13,-3,-16,-3,4,1,-9,14,14,16,7,please
7.997812986373901,21,6,16,-4,0,-20,-12,-1,-8,-18,0,11,0,-1,please
8.014436960220337,0,10,7,0,0,-12,-13,-7,-22,-22,2,-1,-13,-9,please
8.014436960220337,-2,8,12,10,10,9,6,-2,-12,0,19,-2,-5,0,please
8.034029483795166,-4,8,11,17,13,19,18,0,-1,11,4,-7,-7,-5,please
8.034029483795166,-18,13,4,24,5,15,6,-1,-10,0,-18,-24,-26,-19,please
8.04459834098816,-14,12,8,34,12,17,7,-6,-16,-13,-17,-29,-27,-14,please
8.04459834098816,-7,6,1,27,18,20,20,-4,-5,-5,-16,-19,-11,-6,please
8.059792518615723,-16,5,-8,9,9,18,22,-2,0,7,-22,-9,-11,-5,please
8.074964761734009,-9,4,-2,14,5,20,18,-6,0,0,-14,-5,-16,5,please
8.074964761734009,3,-4,1,18,12,17,18,0,9,-2,-1,-4,-6,14,please
8.090582370758057,-2,-12,-8,-2,6,3,13,14,26,29,-2,-5,1,5,please
8.090582370758057,-9,-14,-17,-21,-9,-7,0,12,27,36,-12,-6,-7,0,please
8.106032609939575,-6,-14,-11,-19,-10,-4,-14,4,17,6,-5,0,-8,2,please
8.106032609939575,1,-11,-5,-13,-1,0,-6,9,11,0,8,4,10,6,please
8.120930194854736,1,-15,-13,-24,-9,-2,0,7,1,5,11,2,27,3,please
8.120930194854736,-1,-17,-14,-35,-17,-5,-11,1,-5,-6,11,13,34,2,please
8.136093616485596,12,0,2,-18,-10,-9,-19,0,-3,-9,17,24,32,6,please
8.136093616485596,22,11,19,-2,-1,-21,-20,-10,-19,-14,14,18,10,4,please
8.151663064956665,9,9,14,-4,0,-28,-21,-14,-34,-28,15,16,3,-2,please
8.151663064956665,11,23,9,-1,3,-18,-14,-2,-16,-26,19,21,14,-1,please
8.166804075241089,20,33,22,11,7,0,-6,-1,-5,-12,9,9,-1,-2,please
8.166804075241089,7,19,28,29,11,10,3,-10,-9,5,-4,-6,-30,0,please
8.181951761245728,-4,8,19,33,9,15,14,-7,0,20,-4,-5,-21,13,sil
8.181951761245728,-3,6,4,17,0,9,11,1,15,24,-8,-7,-2,10,sil
8.197778940200806,-10,-9,-12,-2,-5,0,3,2,13,18,-23,-18,-10,-8,sil
8.197778940200806,-19,-26,-18,-15,-11,-4,4,0,9,7,-20,-21,-14,-5,sil
8.212547063827515,-14,-25,-18,-16,-15,-8,7,5,14,5,-9,-15,4,6,sil
8.212547063827515,-9,-26,-22,-11,-9,-5,7,14,19,9,-6,-4,18,1,sil
8.228206872940063,-10,-35,-27,-20,-4,4,6,19,23,1,-7,0,11,-7,sil
8.228206872940063,-11,-26,-27,-34,-13,-1,-1,5,11,-11,-6,-1,-1,-12,sil
8.243784189224243,-4,0,-12,-19,-13,-20,-15,-15,-19,-21,-6,-2,-12,-18,sil
8.243784189224243,8,17,0,14,5,-15,-15,-19,-35,-27,-1,3,-13,-16,sil
8.258877515792847,16,24,11,33,22,-1,-10,-10,-18,-23,14,14,0,-7,sil
8.258877515792847,17,29,25,40,19,0,-8,-2,0,0,33,20,10,-3,sil
8.27483344078064,4,19,23,36,11,8,-2,1,-2,9,23,6,0,-1,sil
8.27483344078064,-10,5,7,22,9,21,8,3,-15,-1,-6,-11,-13,1,sil
8.290016174316406,0,14,8,20,12,20,16,2,-13,4,-4,-8,-2,10,sil
8.290016174316406,17,28,23,21,13,23,18,4,-1,28,17,4,6,13,sil
8.305541038513184,4,15,16,7,7,28,21,7,5,24,2,-2,-8,4,sil
8.305541038513184,-15,-15,-13,-11,-7,18,18,3,13,2,-29,-21,-18,-2,sil
8.320733547210693,-21,-33,-29,-32,-14,3,6,4,18,-1,-33,-24,-6,-1,sil
8.320733547210693,-14,-30,-29,-37,-15,-2,1,12,23,4,-16,-12,5,4,sil
8.336384534835815,-1,-22,-17,-35,-18,-3,4,8,19,1,0,2,11,15,sil
8.336384534835815,7,-18,-4,-34,-18,-7,0,-4,1,-1,8,13,14,14,sil
8.351967811584473,9,-4,0,-19,-6,-13,-10,-9,-11,-3,11,17,19,5,sil
8.351967811584473,20,11,11,-8,3,-11,-14,-6,-10,-12,19,29,24,6,sil
8.367767572402954,32,12,23,-13,2,-1,-8,-4,-3,-12,24,34,17,10,sil
8.384186744689941,25,16,27,2,6,1,-10,-4,0,-2,19,22,6,4,sil
8.384186744689941,13,28,29,32,18,-7,-20,0,3,-5,19,13,8,0,sil
8.399086236953735,3,23,14,31,15,-15,-19,-4,2,-11,19,3,1,-7,sil
8.399086236953735,-16,6,-1,16,7,-4,-9,-15,-14,-5,0,-16,-24,-20,sil
8.414040803909302,-26,0,-3,17,6,5,0,-13,-23,0,-29,-30,-36,-17,sil
8.414040803909302,-15,-5,-4,13,3,1,1,3,-3,5,-34,-29,-20,-3,sil
8.429585456848145,-10,-12,-8,0,0,3,9,15,17,26,-17,-16,-1,1,sil
8.429585456848145,-18,-19,-16,-8,-1,10,24,13,21,36,-11,-8,1,2,sil
8.445613384246826,-23,-17,-24,-14,-6,-1,17,5,12,15,-16,-9,-3,0,sil
8.445613384246826,-15,-7,-22,-19,-11,-20,3,0,3,-7,-13,-11,-2,-5,sil
8.46166467666626,-1,-1,-14,-16,-9,-23,-1,-4,-4,-16,-2,-3,3,-6,sil
8.46166467666626,6,0,-5,-6,-4,-16,-18,-8,-15,-18,6,11,7,-5,sil
8.476871967315674,15,9,0,4,-3,-18,-29,-10,-20,-16,13,24,7,-2,sil
8.476871967315674,20,16,12,8,-2,-25,-18,-8,-18,-19,19,21,7,-2,sil
8.492011547088623,14,10,13,14,-1,-19,-4,0,-17,-21,15,5,1,-7,sil
8.492011547088623,5,2,7,16,0,-1,8,7,-8,-3,2,-5,-8,-4,sil
8.508057832717896,0,-5,5,5,0,15,23,14,4,15,-1,-9,-10,3,sil
8.508057832717896,-8,-14,-1,2,-5,28,30,15,7,18,-3,-16,-8,5,sil
8.523605823516846,-19,-18,-10,2,-6,24,27,12,2,13,-12,-23,-14,2,sil
8.523605823516846,-17,-19,-12,-11,-5,3,7,10,16,10,-14,-11,-10,5,sil
8.538767576217651,7,-9,-2,-11,0,2,-9,10,32,10,9,16,10,11,sil
8.538767576217651,30,11,15,7,7,19,-3,3,18,9,30,30,23,10,sil
8.554151773452759,23,15,13,4,5,26,-3,-14,0,-4,15,15,13,1,sil
8.554151773452759,7,8,4,-6,4,25,-18,-26,-7,-24,-2,3,-2,-3,sil
8.570235967636108,3,16,18,20,20,39,0,-13,-5,-4,0,7,-3,8,sil
8.570235967636108,-2,9,15,31,23,57,25,4,3,27,-8,1,7,18,sil
8.585088729858398,-17,-12,-11,-4,0,39,11,5,12,13,-29,-15,3,0,sil
8.585088729858398,-15,-8,-25,-26,-9,-11,-10,-3,0,-12,-19,-16,-3,-18,sil
8.600609302520752,-2,5,-9,-27,-2,-46,-24,-12,-19,-19,3,2,0,-19,sil
8.600609302520752,0,6,2,-32,-2,-48,-29,-6,-13,-21,15,15,8,-12,sil
8.616211414337158,2,17,8,-7,0,-33,-10,5,8,-6,24,10,12,0,sil
8.616211414337158,4,21,14,17,9,-16,6,0,5,8,16,0,11,10,sil
8.632047176361084,-3,0,2,4,6,-9,2,-9,-16,-1,-13,-15,-8,0,sil
8.632047176361084,-14,-13,-4,-3,3,-7,7,0,-19,-8,-22,-20,-28,-6,sil
8.647670269012451,-6,-13,0,8,2,2,26,8,1,11,-10,-10,-13,7,sil
8.647670269012451,-2,-22,-16,-2,-10,0,21,5,12,22,-15,-10,0,6,sil
8.663025379180908,-17,-28,-31,-29,-22,-17,1,10,8,7,-20,-11,-9,-9,sil
8.663025379180908,-6,-12,-15,-12,-13,-21,-2,20,18,7,0,2,-1,0,sil
8.6786949634552,24,12,6,18,0,-15,-10,9,18,15,21,17,24,13,sil
8.6786949634552,29,21,15,23,0,-18,-24,-3,0,5,21,24,23,10,sil
8.694669723510742,23,17,16,20,1,-9,-10,0,0,0,27,29,15,11,sil
8.694669723510742,25,17,15,10,8,3,4,0,0,3,38,28,25,7,sil
8.709654331207275,6,11,6,0,0,-3,-9,-16,-25,-7,19,9,1,-9,sil
8.709654331207275,-20,0,4,9,-16,1,-17,-20,-37,-22,-10,-16,-37,-17,sil
8.725165605545044,-21,-1,11,22,-9,33,4,-9,-25,-18,-12,-25,-32,-11,sil
8.725165605545044,-12,-5,11,11,4,40,21,-2,-8,2,-6,-17,-9,-1,sil
8.743212699890137,-15,-18,3,0,7,18,17,2,6,15,-17,-12,-14,7,sil
8.743212699890137,-10,-23,-7,-1,2,17,14,6,15,4,-25,-15,-25,6,sil
8.757751703262329,0,-17,-14,-9,0,21,10,5,19,-4,-20,-10,-15,-2,sil
8.757751703262329,-1,-9,-13,-13,-3,2,0,8,20,2,-12,3,4,-1,sil
8.773680686950684,3,0,-15,-3,-2,-12,-7,8,13,2,0,13,21,2,sil
8.773680686950684,13,4,-16,-10,2,-15,-15,1,3,-14,6,19,26,-2,sil
8.788715362548828,4,1,-8,-24,0,-21,-17,0,0,-24,2,18,15,-10,sil
8.788715362548828,-2,12,2,-6,5,-20,-10,-3,-6,-25,7,9,5,-11,sil
8.804128408432007,2,24,14,12,18,-7,-4,-11,-16,-37,12,2,4,-9,sil
8.804128408432007,-6,18,10,12,10,0,-6,-12,-22,-38,-8,-11,-4,-13,sil
8.820032119750977,-21,8,0,11,0,1,0,-4,-18,-4,-20,-22,-11,-13,sil
8.820032119750977,-5,5,-5,3,10,9,18,3,3,40,0,-13,6,2,sil
8.835545778274536,16,3,-1,-4,20,17,30,7,23,49,4,-6,19,17,sil
8.835545778274536,19,1,6,0,6,18,20,13,20,34,-3,-3,11,18,sil
8.85102891921997,13,-4,-1,-25,-15,2,8,15,13,34,2,2,5,16,sil
8.85102891921997,-7,-23,-23,-65,-23,-12,-6,2,9,26,1,-2,-3,9,sil
8.866990327835083,-20,-37,-28,-36,-13,-12,-19,0,7,5,-5,-10,-10,0,sil
8.866990327835083,-2,-19,-11,9,-13,-15,-20,0,8,-13,9,1,0,-2,sil
8.88258671760559,12,7,10,2,-17,-23,-21,-7,-7,-25,26,14,0,-3,sil
8.88258671760559,0,16,19,3,0,-2,-16,-13,-22,-15,18,6,-17,-5,sil
8.898851871490479,-17,0,15,27,13,32,0,-10,-20,-2,-6,-11,-26,-7,sil
8.898851871490479,-18,-14,4,19,2,43,13,-8,-6,3,-24,-19,-26,-8,sil
8.914341926574707,-3,-4,0,4,1,41,21,2,12,19,-9,1,-10,2,sil
8.914341926574707,12,4,15,10,7,29,10,11,18,14,10,25,17,12,sil
8.929874420166016,24,6,28,13,-4,-10,-12,1,1,-9,17,23,31,10,sil
8.929874420166016,32,33,34,15,-5,-38,-9,0,-10,-12,26,27,22,13,sil
8.945679426193237,27,53,37,40,11,-22,10,3,-10,-11,27,30,4,9,sil
8.945679426193237,1,20,16,55,12,-7,19,-2,-10,-19,2,1,-8,-3,sil
8.961244821548462,-19,-15,-7,29,0,-13,22,-1,-5,-5,-20,-21,-13,0,sil
8.961244821548462,-13,-14,-17,2,-2,-10,24,9,12,20,-28,-17,-8,10,sil
8.977868556976318,-3,-12,-18,0,0,-2,13,12,28,28,-22,-11,9,6,sil
8.977868556976318,-7,-24,-24,-13,-1,-8,0,8,23,17,-8,-7,23,0,sil
8.993333578109741,-12,-24,-38,-39,-8,-17,-4,5,5,-2,-16,-7,12,-2,sil
8.993333578109741,-11,-19,-35,-43,-7,-17,-10,0,0,-16,-27,-6,1,-1,sil
9.008541107177734,-5,-13,-23,-28,-1,-15,-19,-5,3,-13,-15,1,3,-6,sil
9.008541107177734,-1,0,-19,-29,-2,-15,-32,-17,-16,-27,-5,2,-5,-20,sil
9.024043083190918,-3,10,-14,-36,-2,-7,-34,-16,-39,-48,-6,-7,-14,-23,sil
9.024043083190918,-3,12,0,-18,9,5,-26,-4,-28,-31,2,-4,-6,-15,sil
9.039881706237791,8,19,13,1,12,7,-19,-4,-11,0,18,13,-1,-16,sil
9.039881706237791,16,22,17,5,2,5,-12,-11,-10,1,24,16,-5,-14,sil
9.055651187896729,7,10,14,6,0,13,-5,-10,-10,-10,23,2,-6,-1,sil
9.055651187896729,0,3,15,12,0,13,0,-4,-3,1,26,-5,-5,0,sil
9.071019172668455,1,8,18,25,1,8,12,2,6,26,27,-7,-4,-1,sil
9.071019172668455,-3,5,13,29,4,12,20,12,16,27,17,-5,-4,0,sil
9.086475372314451,-6,-10,0,15,4,14,20,12,16,22,18,-5,-10,0,sil
9.086475372314451,-3,-22,-1,0,-2,8,17,9,1,21,21,-7,-11,-1,sil
9.102216482162476,-2,-19,11,-1,-6,3,17,12,-2,17,-5,-3,0,8,sil
9.102216482162476,0,-6,11,7,-4,3,25,11,13,23,-28,1,11,23,sil
9.117828130722046,5,0,3,9,-3,14,26,6,24,26,-26,4,11,20,sil
9.117828130722046,4,-4,1,4,-2,29,21,7,22,11,-30,2,6,12,sil
9.13358759880066,0,-10,-3,-7,0,25,17,5,18,1,-29,2,7,18,sil
9.13358759880066,-6,-12,-11,-21,0,7,3,-2,8,0,-16,0,6,16,sil
9.148857355117798,-7,-7,-18,-20,-4,0,-8,-5,1,-11,-21,-10,0,2,sil
9.148857355117798,-1,-4,-14,-11,-5,2,-9,0,3,-19,-23,-9,0,1,sil
9.163990259170532,7,0,-3,-5,0,-3,-14,3,4,-17,-1,4,12,11,sil
9.163990259170532,9,11,3,0,0,-21,-27,0,-1,-9,16,14,20,15,sil
9.179563045501707,10,22,16,5,-3,-38,-32,-9,-10,-9,24,17,19,19,sil
9.179563045501707,14,19,20,4,-5,-44,-31,-11,-17,-26,29,19,9,15,sil
9.195046663284302,9,19,16,0,-4,-35,-24,-3,-15,-29,32,18,0,4,sil
9.195046663284302,0,20,23,4,3,-16,-6,-2,-3,0,32,15,0,-7,sil
9.211087942123411,-2,8,17,10,9,1,4,-16,-4,3,11,0,-10,-31,sil
9.211087942123411,-15,-3,-16,0,4,6,0,-23,-35,-27,-21,-25,-42,-61,sil
9.226728677749634,-26,-2,-38,-3,7,3,4,-12,-42,-27,-36,-34,-56,-59,sil
9.226728677749634,-18,0,-21,7,18,7,14,0,-16,3,-29,-22,-37,-33,sil
9.241885423660278,-3,4,-5,21,16,18,14,-1,-8,15,-16,-13,-14,-23,sil
9.258683681488035,0,2,-9,28,6,15,17,2,-5,16,-6,-9,0,-12,sil
9.258683681488035,0,-8,-11,7,0,1,20,17,22,22,6,1,13,15,sil
9.273723125457764,7,-16,-18,-16,-8,-1,12,20,37,21,16,4,25,21,sil
9.273723125457764,7,-11,-18,-12,-8,6,8,16,18,15,8,0,28,10,sil
9.273723125457764,-2,-10,-8,-6,-3,7,8,11,8,15,-4,2,17,18,sil
9.28949213027954,-9,-22,-18,-18,-6,-4,-5,0,14,10,-6,3,0,20,sil
9.304521322250366,-5,-25,-16,-19,-12,-12,-19,0,17,5,1,6,4,11,sil
9.304521322250366,11,-5,12,-4,-7,-2,-5,10,18,17,11,20,27,26,sil
9.319683074951172,25,8,29,2,0,4,3,4,7,15,17,23,28,38,sil
9.319683074951172,16,-1,15,-3,-3,-4,-7,-8,-13,-17,18,9,7,10,sil
9.33473777770996,3,-4,5,-12,-17,-2,-15,-5,-14,-29,16,3,0,-4,sil
9.33473777770996,12,9,19,-8,-10,5,-9,-1,4,-9,14,10,9,8,sil
9.349958181381226,15,11,29,5,6,-2,-7,-7,9,-1,9,3,6,4,sil
9.349958181381226,-1,5,24,5,0,-8,-13,-9,-8,-13,0,-11,-12,-13,sil
9.365564823150637,-15,8,29,-5,-5,2,-12,-4,-16,-15,-16,-14,-28,-14,sil
9.365564823150637,-11,12,44,5,8,3,-5,-1,-8,-8,-23,-12,-23,-14,sil
9.380661487579346,-4,15,60,25,14,3,1,-3,-7,-7,-15,-7,-19,-17,sil
9.380661487579346,-2,19,57,28,11,21,11,-5,-6,0,0,-3,-21,-9,sil
9.396752119064333,-4,16,10,23,15,21,15,-4,-5,5,5,-1,-14,-2,sil
9.396752119064333,-5,7,-47,27,16,4,14,-8,-16,0,-2,-1,-7,-1,sil
9.41187858581543,0,0,-74,24,8,5,21,-1,-7,8,-8,0,-4,7,sil
9.41187858581543,1,-11,-67,0,1,11,29,20,23,27,-3,0,4,12,sil
9.42816948890686,-4,-21,-62,-13,1,6,29,26,32,19,-10,-10,3,5,sil
9.42816948890686,-11,-19,-66,-12,0,3,21,8,14,5,-24,-17,-5,0,sil
9.443897008895874,-16,-20,-60,-29,-13,-5,0,0,2,3,-19,-3,5,-6,sil
9.443897008895874,-12,-25,-40,-46,-13,-20,-18,3,2,2,-4,8,26,-10,sil
9.45885181427002,0,-16,-10,-31,-1,-19,-16,-3,-6,-9,5,11,26,-9,sil
9.45885181427002,11,0,11,-20,-3,-18,-11,-11,-22,-27,8,9,10,-15,sil
9.474787712097168,9,4,18,-31,-12,-23,-24,-10,-26,-30,4,0,-1,-22,sil
9.474787712097168,0,2,24,-25,-12,-21,-31,-5,-19,-23,5,-2,0,-16,sil
9.490248680114746,0,10,22,0,-13,-17,-24,0,-6,-15,12,0,1,-10,sil
9.490248680114746,0,18,28,9,-5,-7,-22,-3,4,-2,14,-1,-5,-12,sil
9.505883932113647,3,20,49,16,8,13,-13,-5,10,9,12,0,-5,0,sil
9.505883932113647,8,18,50,28,9,21,4,0,13,11,8,0,-2,18,sil
9.52175259590149,0,2,34,25,6,14,9,0,5,9,-6,-14,-14,15,sil
9.52175259590149,-3,-9,31,21,7,18,14,4,3,18,-12,-22,-9,19,sil
9.537817478179932,10,2,32,25,10,24,34,20,21,30,0,-4,9,41,sil
9.537817478179932,15,13,17,19,14,15,36,21,31,25,-1,10,5,52,sil
9.55335521697998,7,-2,-1,4,6,5,17,8,24,17,-4,14,3,54,sil
9.55335521697998,9,-15,-17,-9,-7,-7,-3,0,16,15,18,22,23,56,sil
9.569111585617064,12,-6,-38,-17,-14,-29,-22,-11,0,-10,28,24,20,15,sil
9.569111585617064,-3,4,-38,-14,-14,-35,-30,-27,-30,-47,9,12,-11,-54,sil
9.584558248519896,-16,7,-11,4,-7,-16,-23,-24,-41,-38,1,2,-21,-72,please
9.584558248519896,-6,5,1,21,1,3,-6,-8,-28,-6,1,-2,-4,-40,please
9.600551128387451,-1,0,1,16,5,11,5,-3,-19,0,-4,-2,0,-24,please
9.600551128387451,-7,1,2,14,5,10,10,-1,-16,2,-8,-3,-7,-23,please
9.616130828857422,-9,3,4,21,8,12,10,3,-8,5,-2,0,-3,-7,please
9.616130828857422,-2,-5,0,17,8,11,12,10,0,9,3,11,3,6,please
9.632006645202637,5,-9,-8,8,1,6,18,10,1,18,0,9,0,7,please
9.632006645202637,10,-1,-3,1,1,6,21,10,9,17,-6,0,1,11,please
9.648061990737917,7,-5,-4,-10,3,10,17,12,19,7,-9,3,4,14,please
9.648061990737917,-3,-13,-23,-21,-2,12,3,10,18,-2,-23,3,-4,3,please
9.663838624954224,-10,-15,-26,-24,-5,5,-2,10,24,-10,-27,-5,-6,0,please
9.663838624954224,-2,-21,-17,-24,-3,-2,-4,9,38,-1,-7,-17,7,2,please
9.679040908813477,0,-18,-20,-33,-6,-9,-15,0,21,7,0,-17,11,-4,please
9.679040908813477,-11,-4,-18,-36,-6,-18,-25,0,0,4,-3,-13,4,-13,please
9.69436526298523,-13,-1,-2,-29,-6,-26,-23,1,0,-13,3,-28,0,-13,please
9.69436526298523,-1,-3,4,-38,-17,-16,-13,-10,-15,-39,0,-44,-8,-10,please
9.709571123123167,0,6,-2,-45,-17,-4,0,-21,-32,-40,-4,-30,-17,-10,please
9.709571123123167,-14,12,0,-18,17,0,5,-18,-20,-9,9,-11,-20,-18,please
9.725636959075928,-5,17,18,14,37,9,3,-10,-8,13,19,1,-10,-17,please
9.725636959075928,19,35,30,23,8,17,-4,-8,-15,12,22,25,9,6,please
9.740808963775637,6,38,19,28,-3,3,-18,-9,-13,6,13,18,10,16,please
9.740808963775637,-13,20,8,42,10,-2,-12,0,-3,6,-8,-11,-4,3,please
9.756982564926147,3,5,27,38,-1,5,8,10,-3,7,-7,-1,-4,7,please
9.756982564926147,12,-4,35,28,-24,0,18,10,0,10,7,14,0,23,please
9.772573232650757,2,-5,25,34,-8,-10,19,5,5,19,-2,13,0,27,please
9.772573232650757,15,-1,28,35,16,5,24,10,17,23,-6,32,10,30,please
9.788220882415771,22,-12,20,20,8,19,26,13,33,12,11,42,25,29,please
9.788220882415771,3,-19,4,18,-7,9,16,8,26,-2,12,27,26,23,please
9.803823947906494,0,-8,-3,21,-12,0,-1,4,5,0,-5,16,14,15,please
9.803823947906494,0,-10,-27,-5,-11,-4,-20,0,0,0,-26,0,-7,-3,please
9.820099115371704,-8,-22,-39,-32,-2,-12,-20,-2,-2,-19,-27,-6,-14,-20,please
9.820099115371704,-1,-12,-25,-22,4,-12,-2,1,-8,-25,1,13,5,-11,please
9.83565092086792,10,2,-19,-14,4,-8,1,1,-1,-7,19,11,7,-5,please
9.83565092086792,0,3,-19,-25,3,-12,-12,-5,-3,-9,5,-16,-13,-24,please
9.85133409500122,-5,0,-17,-27,4,-14,-19,-17,-25,-22,2,-21,-12,-30,please
9.85133409500122,-1,2,-17,-22,3,-5,-15,-18,-36,-8,14,-7,-2,-20,please
9.867027044296265,-4,10,-14,-14,7,0,-13,-1,-12,17,11,-7,-6,-15,please
9.867027044296265,-5,14,2,2,12,9,-5,8,19,30,13,-10,0,-5,please
9.882933616638184,4,12,21,9,3,18,1,6,26,37,20,-3,13,9,please
9.882933616638184,7,10,19,4,-2,16,2,1,10,21,7,-3,3,3,please
9.898136854171751,-4,7,10,2,0,7,2,-2,-5,-15,-6,-18,-11,-15,please
9.898136854171751,-13,0,5,10,-6,5,13,-5,-6,-22,-10,-28,-11,-14,please
9.91302227973938,-20,-3,1,5,-12,11,27,-2,-4,-3,-19,-21,-11,-3,please
9.91302227973938,-27,-8,-4,-7,0,14,31,2,-1,-3,-30,-12,-15,0,please
9.92854905128479,-17,-11,-12,-6,2,13,24,3,7,-4,-28,-16,-15,1,please
9.92854905128479,-6,-13,-7,4,-3,4,0,-5,4,0,-18,-18,-12,0,please
9.943906784057615,-4,-14,3,7,-8,-9,-25,-9,-13,-11,-8,-4,-4,2,please
9.943906784057615,2,-15,9,-4,-11,-18,-22,3,-14,-17,3,13,12,15,please
9.96033215522766,15,-12,5,-13,-9,-12,-2,12,3,-3,17,22,24,22,please
9.96033215522766,20,0,-2,-11,-1,-6,-1,5,6,-3,10,17,20,12,please
9.976097822189333,13,4,-2,-13,0,-17,-9,3,-2,-13,-3,16,9,-1,please
9.976097822189333,9,2,-7,-14,-2,-24,0,11,0,-6,2,25,6,-2,please
9.991806983947754,14,13,-7,0,8,-12,8,9,8,6,18,34,14,5,please
9.991806983947754,16,34,9,20,22,1,0,-3,10,15,23,31,15,10,please
10.007887601852415,17,37,25,35,22,9,-2,-7,6,26,21,19,8,16,please
10.007887601852415,17,20,27,45,20,21,2,0,2,29,15,8,6,26,please
10.023375511169434,9,-1,4,25,13,21,5,3,15,32,0,-8,2,22,please
10.023375511169434,0,-13,-17,-12,0,4,2,7,36,31,-10,-14,-5,12,please
10.044293642044067,0,-6,-7,-16,-8,-5,1,7,20,11,-8,1,0,3,sil
10.044293642044067,-2,0,0,3,-7,-6,-1,-8,-11,-11,0,3,5,-17,sil
10.05393123626709,-15,-4,-6,1,-3,-4,-9,-19,-25,-30,0,-12,-13,-37,sil
10.070557832717896,-25,-7,0,0,2,6,2,-4,-21,-28,-9,-21,-26,-26,sil
10.070557832717896,-29,-13,-1,0,-5,16,18,2,-11,0,-23,-30,-22,-9,sil
10.084582805633543,-31,-27,-15,-24,-19,5,7,-2,0,10,-34,-40,-21,-9,sil
10.084582805633543,-14,-28,-14,-37,-21,-9,-4,0,8,0,-19,-23,-7,-7,sil
10.099903583526611,2,-13,-4,-27,-22,-14,-14,0,-3,-11,6,2,7,-2,sil
10.099903583526611,-6,-3,-3,-25,-22,-15,-26,-12,-26,-30,8,1,0,-14,sil
10.11504602432251,-9,0,9,-19,-6,-17,-24,-12,-34,-44,7,-3,-8,-25,sil
10.11504602432251,11,12,39,0,5,-10,-13,-3,-25,-36,23,12,0,-16,sil
10.130621910095217,16,26,32,23,10,3,-4,-3,-9,-14,16,8,-2,-4,sil
10.130621910095217,0,15,-1,36,17,14,4,0,0,0,-7,-14,-13,0,sil
10.146653413772585,0,0,-12,30,15,15,12,5,1,7,-13,-16,-11,3,sil
10.146653413772585,4,2,-12,19,10,13,19,2,16,17,-4,-1,0,13,sil
10.161906957626345,4,2,-15,11,14,11,25,12,37,25,4,7,11,28,sil
10.161906957626345,10,-2,-17,8,7,6,24,23,40,24,6,14,19,31,sil
10.17793583869934,17,0,-16,0,-2,0,10,8,25,11,2,16,26,11,sil
10.17793583869934,10,0,-17,-19,-2,-12,-11,-8,4,2,5,14,23,-4,sil
10.193823099136353,4,1,-7,-22,0,-20,-26,-12,-12,8,11,22,16,-5,sil
10.193823099136353,11,22,20,3,3,-15,-25,-9,-16,18,24,41,18,3,sil
10.20991587638855,19,30,34,25,7,0,-8,0,-5,18,35,39,20,13,sil
10.20991587638855,11,17,22,21,9,16,17,8,0,14,15,13,10,17,sil
10.226191997528076,-8,0,6,14,8,20,27,7,1,14,-15,-6,-3,8,sil
10.226191997528076,-18,-16,-7,0,-3,9,15,0,4,10,-18,-14,-13,0,sil
10.241665840148926,-6,-20,-7,-16,-10,6,11,3,3,0,-9,-14,-12,1,sil
10.241665840148926,1,-12,0,-9,0,4,9,11,8,-2,-14,-12,-7,6,sil
10.257838249206545,0,-7,-4,-8,0,-16,-10,4,15,0,-16,-11,-6,0,sil
10.257838249206545,2,-2,-1,-21,-9,-23,-17,-6,3,-14,-4,-6,-8,-18,sil
10.273204803466797,0,-1,4,-13,-5,0,-9,-8,-17,-28,-4,-9,-20,-29,sil
10.273204803466797,-27,-10,-4,-8,-3,11,-8,-10,-34,-35,-29,-31,-42,-29,sil
10.289034843444824,-42,-20,-17,-10,-7,0,3,-10,-34,-27,-35,-46,-42,-20,sil
10.289034843444824,-21,-24,-13,0,-5,0,16,0,-9,-1,-9,-26,-13,6,sil
10.304067611694336,1,-20,-5,-6,-7,0,0,7,11,16,6,0,8,29,sil
10.304067611694336,9,-4,-11,-21,-11,-8,-13,5,5,0,9,4,18,24,sil
10.320098638534546,5,11,-5,-15,-6,-13,-12,-4,-5,-12,17,4,20,18,sil
10.320098638534546,7,17,3,0,-1,-6,-16,-8,0,-1,19,18,18,20,sil
10.335018157958984,11,22,8,6,1,-3,-17,-4,-2,-1,16,24,13,-6,sil
10.335018157958984,8,26,15,17,9,0,-7,-6,-4,-11,13,13,5,-36,sil
10.350568532943726,14,21,19,30,13,7,1,-7,6,0,11,6,5,-27,sil
10.350568532943726,11,16,19,35,13,13,7,0,9,11,6,7,6,-8,sil
10.366294145584106,-4,8,6,29,10,16,19,8,11,16,-3,-2,0,-2,sil
10.366294145584106,-3,-8,-11,10,4,6,23,15,25,28,-9,-5,0,3,sil
10.38133955001831,2,-20,-14,-10,0,-1,9,16,28,25,0,8,11,6,sil
10.38133955001831,-1,-11,-14,-15,-2,2,0,8,22,8,8,9,12,6,sil
10.397083282470703,4,1,-8,-9,-4,-9,-4,-1,14,-4,7,2,6,1,sil
10.397083282470703,6,0,1,-10,-4,-29,-20,-12,-6,-19,5,0,-2,-13,sil
10.412607669830322,-15,-5,3,-9,-1,-14,-25,-20,-21,-26,-5,-14,-26,-22,sil
10.412607669830322,-20,0,8,4,4,10,-3,-16,-19,-19,-16,-21,-36,-11,sil
10.428107500076294,0,8,15,18,7,20,19,-4,-17,-7,-12,-9,-20,6,sil
10.428107500076294,4,0,7,8,7,30,25,4,-17,5,-14,-3,-5,17,sil
10.44396424293518,-2,-15,-4,-5,3,25,28,17,-7,15,-17,0,0,21,sil
10.44396424293518,7,-8,-4,-6,-9,-2,20,20,2,10,0,22,19,28,sil
10.458913803100586,21,2,0,-11,-19,-22,-3,6,0,9,16,33,38,28,sil
10.458913803100586,22,0,1,-12,-6,-20,-16,0,-4,17,11,20,31,17,sil
10.474063158035278,18,3,7,2,6,-11,-14,0,-5,13,15,11,13,6,sil
10.474063158035278,17,9,11,12,4,-8,-12,4,-2,0,26,10,12,0,sil
10.4900324344635,9,9,8,6,4,-8,-7,1,5,-8,15,6,15,-2,sil
10.4900324344635,-4,3,7,0,6,-2,-5,-6,3,-13,-4,-1,-2,-11,sil
10.505619525909424,-20,-8,-4,0,-2,-3,-8,-14,-12,-19,-15,-20,-27,-26,sil
10.505619525909424,-33,-17,-17,-2,-10,4,-7,-14,-19,-19,-21,-35,-38,-24,sil
10.5216166973114,-32,-9,-15,-6,-5,22,1,-6,-6,-3,-22,-29,-30,-13,sil
10.5216166973114,-22,-3,-22,-11,0,17,9,0,6,11,-20,-22,-17,-13,sil
10.536781787872314,-18,-9,-30,-15,0,-2,2,2,8,9,-12,-20,-9,-11,sil
10.536781787872314,-7,-7,-22,-8,-1,-2,2,9,21,10,0,-10,4,3,sil
10.552423477172852,0,1,-13,-7,1,3,11,14,41,19,6,3,15,13,sil
10.552423477172852,2,-1,-12,-17,1,-3,3,7,30,9,5,11,6,7,sil
10.567624807357788,12,0,-3,-13,-9,-16,-15,-2,1,-12,12,11,0,-2,sil
10.567624807357788,21,16,17,5,-5,-18,-16,-6,-7,-17,18,14,1,-4,sil
10.583703994750977,12,20,26,17,8,0,0,-2,-1,-5,14,18,0,-2,sil
10.583703994750977,4,18,26,20,11,14,6,-2,3,2,11,10,-1,-1,sil
10.599527835845947,11,22,32,27,7,12,-2,-6,0,0,10,0,0,0,sil
10.599527835845947,13,13,23,28,6,6,-3,-6,-15,-7,0,-7,-5,4,sil
10.614612579345703,3,-3,11,18,4,8,10,-2,-27,-3,-10,-5,-1,12,sil
10.614612579345703,0,-10,10,7,1,13,19,1,-12,11,-10,0,7,12,sil
10.62975263595581,-5,-16,0,-5,-4,11,15,3,0,5,-14,-5,-3,1,sil
10.62975263595581,-17,-26,-17,-19,-9,0,10,10,-7,-18,-23,-16,-11,-4,sil
10.645283699035645,-11,-22,-18,-17,-3,-7,9,13,2,-9,-18,-5,11,7,sil
10.645283699035645,0,-9,-4,-15,0,-4,-4,5,15,12,0,15,28,11,sil
10.661054372787476,0,-4,-7,-16,-7,-10,-20,-3,1,4,5,14,15,-1,sil
10.661054372787476,15,0,-10,0,-6,-16,-23,-7,-8,-10,5,13,10,-4,sil
10.676787614822388,30,10,8,8,0,-11,-17,-9,-5,-6,27,26,20,3,sil
10.676787614822388,13,11,11,3,1,-12,-12,-9,-13,-1,38,19,12,0,sil
10.692880153656006,0,13,3,8,8,-10,-9,-5,-22,-1,15,0,-4,-8,sil
10.692880153656006,2,20,9,16,12,3,1,-4,-12,12,-1,-4,-8,-3,sil
10.70810842514038,-12,11,2,8,3,13,15,-7,-10,18,-12,-15,-19,-4,sil
10.724202632904053,-25,-1,-13,3,1,8,17,0,-6,5,-30,-22,-28,-10,sil
10.724202632904053,-7,3,-7,9,2,7,18,15,33,25,-15,-9,-7,2,sil
10.724202632904053,-2,0,-1,-1,-4,8,24,18,54,49,6,-5,6,17,sil
10.738601446151732,-14,-25,-17,-25,-12,0,13,8,26,11,-11,-17,-10,7,sil
10.75379729270935,-18,-37,-25,-32,-19,-10,-11,0,9,-30,-27,-16,-17,-4,sil
10.75379729270935,-12,-26,-9,-22,-17,-10,-19,0,15,-24,-7,-4,0,-2,sil
10.769048690795898,3,-9,-4,-13,-4,-7,-12,-1,6,-22,3,2,12,1,sil
10.769048690795898,15,3,-7,-12,2,-7,-15,-1,-12,-36,6,13,12,0,sil
10.784571170806885,11,11,2,-7,6,-2,-18,0,-14,-20,27,21,12,0,sil
10.784571170806885,8,23,12,8,14,3,-4,-3,-5,2,37,18,10,-3,sil
10.799734354019163,15,36,22,27,17,0,0,-9,-12,1,21,19,7,-7,sil
10.799734354019163,19,37,33,39,23,8,-4,-4,-19,7,13,19,3,0,sil
10.815370321273804,11,26,27,36,26,27,6,0,-10,15,16,0,-7,3,sil
10.815370321273804,-5,7,10,18,12,24,19,-3,-9,-3,-8,-22,-27,-10,sil
10.83122420310974,-17,-11,-2,6,-3,9,17,-11,-18,-16,-45,-24,-36,-17,sil
10.83122420310974,-11,-18,-9,2,-8,14,15,-3,-11,4,-39,-19,-24,-5,sil
10.84599542617798,-6,-17,-20,-4,-17,13,19,9,1,21,-14,-26,-6,0,sil
10.84599542617798,-12,-25,-24,-19,-30,-10,11,12,4,14,-15,-25,2,-3,sil
10.86164689064026,-10,-35,-17,-29,-25,-21,0,11,9,6,-24,-12,2,2,sil
10.86164689064026,-3,-29,-17,-29,-9,-9,-5,11,17,6,-14,-4,6,7,sil
10.87784719467163,-9,-20,-14,-29,-3,-6,-6,1,11,0,10,5,19,0,sil
10.87784719467163,-4,-13,-2,-22,-5,-16,-3,-5,6,-7,28,19,28,1,sil
10.89328670501709,15,6,15,-1,1,-21,-10,-2,9,-4,31,32,27,14,sil
10.89328670501709,20,22,27,11,9,-13,-21,-3,7,1,32,41,27,15,sil
10.908611536026,13,23,18,11,8,-5,-16,-2,6,5,31,32,27,9,sil
10.908611536026,18,25,12,9,5,-8,-13,-1,2,-6,14,14,6,7,sil
10.92454218864441,9,27,7,13,4,-7,-18,-9,-11,-21,-12,0,-18,0,sil
10.92454218864441,-15,18,0,14,6,2,-9,-15,-21,-11,-22,-11,-21,-14,sil
10.939764022827148,-15,10,4,15,10,8,4,-10,-15,4,-2,-15,-10,-6,sil
10.939764022827148,3,11,9,21,11,15,12,-1,-3,4,0,-13,-7,14,sil
10.954916000366213,0,4,-2,18,11,24,21,4,0,1,-23,-14,-12,13,sil
10.954916000366213,-15,-16,-15,0,0,14,18,2,-6,7,-28,-17,-17,-7,sil
10.970553398132324,-13,-26,-19,-11,-19,1,0,-1,-5,3,-11,-19,-19,-16,sil
10.970553398132324,-4,-12,-16,-6,-15,7,-5,9,11,-6,-5,-20,-9,-8,sil
10.986647605895996,2,0,-8,2,1,13,9,19,24,8,1,-8,7,2,sil
10.986647605895996,10,0,3,0,6,2,20,12,17,30,22,13,16,8,sil
11.002232789993286,13,-7,0,-15,0,-15,7,6,13,18,26,23,14,5,sil
11.002232789993286,9,-16,-9,-32,-9,-29,-16,0,3,-12,11,14,10,-4,sil
11.01808500289917,5,-8,5,-23,-6,-23,-21,-8,-13,-25,5,12,5,-12,sil
11.01808500289917,11,19,23,8,11,5,0,-2,-9,-14,14,19,0,-8,sil
11.033939361572266,14,28,18,21,21,17,2,0,-7,-10,16,15,-4,-3,sil
11.033939361572266,2,8,6,11,7,-2,-12,-8,-28,-22,0,-2,-9,-7,sil
11.048892736434937,-9,5,5,15,0,0,-2,-11,-19,-14,-12,-11,-8,-5,sil
11.048892736434937,-5,12,8,20,7,25,23,-2,6,10,-15,-3,-3,2,sil
11.064351797103882,-2,-5,-7,8,3,14,25,5,7,19,-18,-7,0,9,sil
11.064351797103882,-10,-25,-21,-6,-10,-3,11,9,8,14,-17,-11,7,18,sil
11.079554796218872,-15,-27,-15,-22,-11,6,16,13,32,20,-13,-3,13,19,sil
11.079554796218872,-14,-28,-21,-39,-10,11,17,11,33,21,-21,-10,1,1,sil
11.09494972229004,-17,-22,-25,-32,-17,-8,-10,-4,-1,0,-25,-20,-10,-10,sil
11.09494972229004,-8,-5,-13,-8,-20,-25,-34,-19,-22,-17,-4,-7,-2,-9,sil
11.111072301864624,3,0,0,-9,-14,-26,-36,-17,-18,-5,20,3,7,-12,sil
11.111072301864624,1,5,10,-15,-4,-17,-34,-11,-17,5,23,0,0,-12,sil
11.126785039901732,0,30,28,17,8,-4,-19,-10,-20,-2,12,1,-7,-7,sil
11.126785039901732,3,36,37,49,21,10,4,-4,-10,-12,8,1,-4,0,sil
11.141865015029907,-2,13,13,30,18,22,19,5,5,-4,5,-11,-7,3,sil
11.141865015029907,-5,0,-11,0,10,17,17,15,20,6,2,-8,-9,9,sil
11.158129930496216,6,2,-9,-3,7,-1,6,22,30,12,5,11,6,14,sil
11.158129930496216,12,-2,-6,1,-2,-21,-6,11,17,0,8,18,18,12,sil
11.173870086669922,8,-2,-5,-2,-5,-26,-13,-3,-7,-22,9,18,7,-2,sil
11.173870086669922,6,13,1,4,7,-6,-7,-2,-7,-10,16,18,-1,-8,sil
11.18899416923523,2,19,15,21,14,17,5,-5,-2,4,12,9,-6,3,sil
11.18899416923523,0,4,18,21,11,30,22,-9,-10,-5,-8,-8,-12,10,sil
11.20461106300354,2,-16,-6,1,6,27,31,0,-1,1,-26,-20,-10,5,sil
11.219747304916382,-3,-29,-23,-26,-9,0,14,2,5,12,-27,-16,0,-3,sil
11.219747304916382,0,-13,-6,-29,-17,-26,-2,-4,-6,-4,-10,3,11,-5,sil
11.23582363128662,21,12,7,-7,-4,-15,-5,0,-9,-13,10,21,19,1,sil
11.23582363128662,19,6,2,-8,-6,-3,-11,4,0,-5,11,18,18,3,sil
11.251007080078123,6,-8,0,-16,-19,-11,-11,1,5,-4,10,8,16,0,sil
11.251007080078123,0,-2,5,-6,-10,-5,-5,0,-1,-2,22,8,8,-9,sil
11.266651630401611,-9,0,1,0,0,3,-13,-7,-17,-3,9,-1,-10,-21,sil
11.266651630401611,-19,-2,-2,4,-6,0,-18,-11,-17,-9,-18,-16,-19,-19,sil
11.281911849975586,-14,10,7,25,-4,6,-5,-5,0,-1,-13,-8,-13,-6,sil
11.281911849975586,-4,19,12,34,10,20,12,0,1,16,-6,-3,-13,-5,sil
11.298006772994995,-2,7,7,21,13,22,21,10,3,29,-16,-9,-5,-4,sil
11.298006772994995,-1,-1,-1,10,5,15,24,22,23,26,-10,-2,12,12,sil
11.31383466720581,-3,-3,-14,2,6,7,16,10,28,9,-6,-2,7,24,sil
11.31383466720581,-10,-8,-17,-2,10,3,8,0,12,10,-18,-13,-5,20,sil
11.329548358917236,-4,-14,-11,-4,5,1,10,8,15,27,-19,-12,3,22,sil
11.329548358917236,4,-13,-8,-10,5,-4,0,7,22,14,-12,-6,11,22,sil
11.3446946144104,0,-17,-6,-14,13,-4,-9,0,15,-3,-5,-5,-1,7,sil
11.3446946144104,-5,-21,-12,-19,3,-1,-4,0,6,-5,3,-3,-6,0,sil
11.359976768493652,-3,-14,-13,-30,-9,-6,-8,-8,-12,-17,5,0,-5,0,sil
11.359976768493652,3,-1,0,-20,0,-14,-18,-11,-26,-25,14,4,-2,-2,sil
11.375642776489258,12,6,13,-4,11,-18,-15,-9,-17,-25,44,19,2,-8,sil
11.375642776489258,11,7,2,-11,-10,-16,-9,-11,-15,-34,47,18,1,-18,sil
11.39087438583374,-5,4,-14,-20,-41,-15,-13,-10,-28,-27,22,-3,-14,-29,sil
11.39087438583374,-15,6,-5,-14,-28,-25,-25,-10,-28,-16,19,-12,-25,-36,sil
11.406964778900146,-2,14,12,6,12,-23,-26,-9,-9,-14,25,3,-10,-30,sil
11.406964778900146,12,23,22,24,13,-1,-1,1,5,10,9,22,17,-3,sil
11.422866106033323,7,21,20,16,-7,9,14,3,6,31,-11,16,17,10,sil
11.422866106033323,-4,7,6,6,2,10,2,-5,-10,6,-26,-13,-7,-2,sil
11.43923282623291,-3,9,13,27,1,21,6,0,-17,-8,-28,-15,-8,1,sil
11.43923282623291,6,24,29,43,-22,27,28,11,5,12,-17,13,13,25,sil
11.938649654388428,18,22,21,15,12,2,-1,0,16,29,24,22,15,3,sil
11.938649654388428,14,23,19,21,17,4,-7,-7,-8,5,1,8,10,-10,sil
11.95290732383728,4,26,24,39,27,13,0,-3,-18,-4,-15,-6,-11,-7,sil
11.968783378601074,-4,5,9,22,16,24,12,4,8,22,-18,-15,1,6,sil
11.968783378601074,-17,-18,-20,-9,-2,20,11,7,27,26,-27,-24,14,2,sil
11.968783378601074,-17,-11,-19,-6,0,23,18,10,21,13,-33,-20,-3,0,sil
11.984175205230711,-1,5,-1,9,11,29,32,17,24,28,-19,-12,-2,10,sil
11.984175205230711,1,1,1,-2,-1,9,22,18,31,37,0,-6,20,12,sil
12.000149011611938,-6,-7,-10,-19,-19,-16,3,10,21,15,4,0,20,3,sil
12.015971660614014,-10,-11,-21,-22,-7,-12,4,8,16,12,4,0,13,0,sil
12.015971660614014,-8,-17,-16,-23,3,-8,9,9,23,28,9,0,16,3,sil
12.031541347503662,-5,-14,-9,-23,-7,-22,-11,-2,2,5,8,4,6,3,sil
12.031541347503662,-4,-2,-4,-19,-14,-26,-36,-17,-35,-31,9,0,-5,-11,sil
12.054178476333618,0,2,0,-13,-11,-20,-24,-14,-41,-34,16,-4,-1,-20,sil
12.056180238723757,11,6,12,0,-6,-20,-11,-8,-27,-32,22,12,2,-6,sil
12.056180238723757,9,18,25,10,6,-15,-21,-18,-28,-43,32,23,0,2,sil
12.056180238723757,0,19,18,9,7,2,-20,-22,-33,-33,26,2,-8,-1,sil
12.07808542251587,-1,9,11,16,-1,17,0,-4,-20,-8,0,-12,-13,0,sil
12.07808542251587,8,11,19,36,9,19,17,11,3,7,-8,0,-6,12,sil
12.09396505355835,11,13,19,36,23,16,21,12,18,16,0,12,0,23,sil
12.09396505355835,0,-4,-2,7,8,14,16,11,21,21,-9,1,-1,21,sil
12.110062837600708,-4,-21,-22,-8,0,14,14,10,26,25,-19,-13,-3,8,sil
12.110062837600708,0,-19,-15,-4,0,12,21,8,32,24,-19,-14,-7,2,sil
12.125559329986572,1,-17,-4,-3,-6,3,22,12,32,24,-18,-2,0,10,sil
12.125559329986572,0,-14,-5,-8,-8,-8,5,9,25,22,-8,12,21,4,sil
12.140979528427124,5,-2,0,-7,-1,-13,-10,-1,9,4,-2,17,21,-6,sil
12.140979528427124,12,5,0,-4,-4,-10,-12,-7,-4,-25,-10,6,0,-5,sil
12.156376838684082,3,0,-15,-14,-8,-8,-18,-14,-18,-36,-8,2,-10,-13,sil
12.156376838684082,-8,-3,-20,-17,-6,-11,-25,-21,-26,-19,2,0,-11,-26,sil
12.172031879425049,0,6,2,0,-6,-8,-12,-19,-26,-11,11,-4,-13,-18,sil
12.172031879425049,5,12,19,11,3,0,-1,-10,-25,-16,6,-6,-18,-11,sil
12.188060283660889,-13,1,0,1,13,13,0,-1,-20,-11,-19,-17,-35,-20,sil
12.188060283660889,-31,-8,-20,-3,6,24,13,7,-10,-4,-29,-31,-41,-24,sil
12.203619956970217,-24,-12,-20,-6,-5,11,24,14,0,4,-4,-20,-5,-3,sil
12.203619956970217,-3,-7,-9,-16,-9,-13,4,14,3,15,14,5,32,16,sil
12.219028234481812,10,7,5,-16,-9,-19,-20,4,-3,-1,21,21,28,9,sil
12.219028234481812,9,14,5,-1,-2,-8,-19,-6,-9,-26,22,12,10,-4,sil
12.234874486923218,1,6,6,7,9,0,-13,-7,-4,-15,8,-6,10,0,sil
12.234874486923218,4,10,23,19,12,3,-6,-1,2,10,2,-5,15,8,sil
12.250226259231567,12,18,30,39,9,12,10,2,14,29,16,7,15,13,sil
12.250226259231567,7,0,12,29,12,21,19,11,26,39,12,6,12,22,sil
12.266217947006226,0,-26,-12,-6,0,6,15,13,31,26,-10,0,7,20,sil
12.266217947006226,0,-15,-10,-22,-16,-20,8,4,21,-3,-12,8,4,4,sil
12.282255411148071,8,15,12,-3,-5,-17,0,4,11,-9,10,19,1,0,sil
12.282255411148071,10,21,16,14,14,4,-3,5,5,1,13,11,-3,3,sil
12.297972440719604,-7,8,3,10,11,8,2,-1,-6,1,-6,-2,-9,5,sil
12.297972440719604,-19,0,-11,0,0,0,12,-1,-6,9,-17,-14,-10,5,sil
12.312819242477415,-12,-10,-21,-8,-7,0,8,1,11,24,-9,-10,-9,8,sil
12.312819242477415,2,-11,-15,-13,-12,-4,1,4,20,15,3,11,0,14,sil
12.328025102615356,19,0,-6,-13,-10,-14,-5,2,4,-10,17,25,10,12,sil
12.328025102615356,23,9,3,-12,-2,-14,-24,-9,-18,-27,25,24,11,-3,sil
12.343641996383669,14,17,19,0,6,-2,-20,-19,-25,-19,21,12,2,-14,sil
12.343641996383669,5,14,23,18,8,9,6,-15,-23,-7,0,-13,-9,-12,sil
12.358809471130373,-9,-9,3,8,-4,8,5,-15,-30,-10,-33,-36,-28,-17,sil
12.358809471130373,-25,-23,-12,-7,-13,7,-5,-17,-30,-25,-45,-35,-29,-19,sil
12.374102354049684,-20,-18,-2,-6,-4,15,12,-3,-11,-42,-19,-20,0,0,sil
12.374102354049684,-11,-20,-5,-5,1,10,21,7,3,-18,-5,-17,14,9,sil
12.389996528625488,-10,-22,-19,-11,-6,-7,-3,3,2,40,-21,-14,-5,0,sil
12.389996528625488,3,-11,-3,-2,-9,-3,-8,9,12,52,-16,4,-6,1,sil
12.40565538406372,17,0,8,8,1,15,9,24,28,15,7,18,16,10,sil
12.40565538406372,1,-2,-9,-5,9,6,2,16,15,-4,11,13,13,-3,sil
12.421713829040527,-6,-2,-22,-19,3,-17,-16,-3,-5,-5,2,5,-4,-23,sil
12.421713829040527,7,6,-2,-6,0,-12,-17,-7,-2,-11,7,5,0,-21,sil
12.43771767616272,11,15,13,6,5,0,-14,0,8,-11,15,10,16,-11,sil
12.43771767616272,2,24,1,3,7,-10,-14,2,9,0,21,13,18,-10,sil
12.453216075897217,0,33,-2,1,9,-13,-6,3,9,8,29,4,8,-16,sil
12.453216075897217,1,27,9,16,11,5,5,2,15,11,24,-3,0,-17,sil
12.46895718574524,-4,11,13,27,4,12,11,-6,5,5,8,0,-8,-16,sil
12.46895718574524,-10,2,8,20,3,3,13,-8,-12,0,0,-4,-18,-15,sil
12.484551906585692,-11,-5,-4,6,0,8,15,0,-9,-3,-10,-19,-15,-5,sil
12.484551906585692,-17,-21,-16,-7,-6,10,11,1,-5,-9,-26,-19,-11,0,sil
12.500643968582152,-15,-28,-12,-6,-4,-2,11,2,-8,-1,-32,-13,-12,2,sil
12.500643968582152,0,-20,0,0,-10,-8,12,8,-2,9,-22,-4,-2,17,sil
12.516333818435667,13,-14,4,-10,-22,-5,0,8,3,2,-5,22,12,35,sil
12.516333818435667,20,-11,0,-20,-11,-10,-5,2,7,-3,2,31,15,38,sil
12.531532287597656,18,0,0,-10,1,-10,-8,-7,4,-2,6,15,9,30,sil
12.531532287597656,20,15,17,3,-2,-7,-11,-14,-7,-3,13,10,9,28,sil
12.547750234603882,27,17,26,8,3,-6,-9,-9,-13,-5,21,22,10,34,sil
12.547750234603882,16,17,19,1,14,0,-7,-5,-15,-14,23,20,-1,28,sil
12.563308238983154,-1,22,3,-2,7,2,-11,-11,-23,-21,16,-2,-11,13,sil
12.563308238983154,-9,18,1,11,2,6,-7,-11,-24,-9,0,-22,-11,11,sil
12.57870364189148,-23,0,-1,25,8,24,6,0,-11,0,-18,-28,-13,16,sil
12.57870364189148,-33,-16,-12,10,3,35,17,13,9,4,-25,-27,-12,12,sil
12.594047784805298,-24,-20,-16,-11,-4,17,15,17,26,23,-13,-14,-1,12,sil
12.594047784805298,-17,-18,-17,-14,-7,0,8,14,34,40,-3,-6,4,17,sil
12.609529495239258,-11,-14,-11,-7,-2,-1,3,12,35,28,-4,-8,7,22,sil
12.609529495239258,10,-6,4,-5,3,1,1,11,27,10,2,6,13,26,sil
12.62503695487976,22,0,4,-5,0,-7,-1,3,10,11,20,27,21,15,sil
12.62503695487976,11,-5,-4,-10,-3,-20,-9,-4,0,5,18,21,23,-7,sil
12.641069650650024,9,-4,-3,-9,0,-18,-13,-4,0,-6,4,2,16,-22,sil
12.641069650650024,16,12,8,0,-2,-15,-11,-3,-4,-12,5,6,5,-34,sil
12.657323360443115,10,21,17,4,0,-16,-10,-6,-13,-19,4,3,-7,-54,sil
12.657323360443115,-6,10,1,1,4,-4,-6,-9,-16,-28,-12,-22,-27,-76,sil
12.672998666763306,-17,-3,-18,-6,0,10,3,-13,-19,-27,-25,-31,-38,-85,sil
12.672998666763306,-18,-13,-18,-4,0,10,15,-9,-11,-13,-27,-20,-26,-76,sil
12.688066720962524,-13,-6,-8,7,7,9,19,2,4,6,-22,-8,-9,-63,sil
12.688066720962524,-1,5,-4,6,0,9,14,8,7,18,-13,0,-7,-66,sil
12.70377254486084,3,1,-11,-5,-14,-1,1,2,-1,3,-2,5,-6,-73,sil
12.70377254486084,1,-1,-6,-5,-13,-14,-5,4,-2,-17,10,13,11,-64,sil
12.718868017196655,10,7,6,3,-3,-9,-4,7,3,-7,23,27,34,-51,sil
12.718868017196655,25,10,13,4,-1,0,-10,-1,-4,7,30,29,35,-52,sil
12.734076738357544,25,11,24,8,0,-7,-17,-6,-24,-2,35,22,27,-47,sil
12.734076738357544,16,14,27,15,2,-16,-16,-6,-30,-12,28,16,16,-26,sil
12.749366760253906,4,5,19,8,4,-8,-21,-16,-29,-17,5,0,-7,-16,sil
12.749366760253906,-6,-1,13,3,10,6,-10,-13,-17,-12,-5,-17,-24,0,sil
12.764984369277954,-10,0,10,7,14,19,19,6,5,10,0,-17,-11,45,sil
12.764984369277954,-12,-3,4,8,11,27,26,10,12,24,-1,-9,0,84,sil
12.780556440353394,-10,-2,-1,11,13,27,18,0,10,21,-13,-10,-9,106,sil
12.780556440353394,-12,0,-6,10,16,22,15,1,15,24,-12,-12,-18,128,sil
12.795704126358032,-21,-16,-18,-6,0,6,0,6,13,19,-13,-13,-10,146,sil
12.810835361480711,-26,-32,-28,-22,-13,-6,-7,5,7,6,-27,-12,-6,156,sil
12.810835361480711,-20,-25,-27,-22,-5,0,5,9,19,9,-29,-7,-9,173,sil
12.825923919677734,-10,-9,-19,-7,-3,1,14,14,35,15,-20,-4,0,190,sil
12.825923919677734,0,0,-2,0,-7,-9,4,10,29,2,-11,2,7,200,sil
12.84168529510498,9,2,0,-3,-5,-9,1,7,18,-7,4,14,8,201,sil
12.84168529510498,11,0,-11,-9,-9,-14,0,1,14,-7,20,12,11,182,sil
12.857383728027344,3,-3,-16,-14,-17,-28,-13,-3,1,-10,10,-1,9,153,sil
12.857383728027344,13,2,-6,-11,-13,-16,-15,0,0,-1,0,-2,5,127,sil
12.873016119003296,33,20,14,6,-1,3,-3,3,6,6,11,16,12,90,sil
12.873016119003296,31,23,27,16,0,1,0,0,-5,-9,23,29,9,39,sil
12.888670444488524,11,11,6,1,-7,-7,-4,-8,-28,-27,18,12,-4,-25,sil
12.888670444488524,3,6,-4,-5,-8,-11,-6,-21,-32,-28,8,-10,-12,-105,sil
12.904028415679932,0,11,4,3,-1,-10,-7,-20,-27,-24,0,-12,-19,-181,sil
12.904028415679932,-10,10,8,0,9,-2,-14,-10,-31,-21,-2,-1,-23,-254,sil
12.919203996658323,-8,7,6,-6,17,7,-13,-6,-26,-9,3,2,-10,-315,sil
12.919203996658323,6,12,15,7,19,17,3,-3,-3,9,9,1,4,-359,sil
12.9349844455719,7,10,24,17,16,19,12,1,0,13,4,0,4,-414,sil
12.9349844455719,-1,-1,17,2,1,7,3,0,-14,13,0,-4,-2,-474,sil
12.950697183609009,-4,0,17,0,0,4,-2,0,-11,25,5,0,6,-509,sil
12.950697183609009,0,5,25,20,6,9,2,7,7,16,2,2,26,-521,sil
12.965940952301024,0,-4,7,14,-2,5,5,4,8,-10,-11,-5,25,-516,sil
12.965940952301024,-6,-16,-11,-3,-5,4,7,2,2,1,-11,-1,24,-483,sil
12.981628894805908,-2,-16,-11,1,15,17,20,12,19,34,-7,8,43,-414,sil
12.981628894805908,-7,-14,-16,8,14,21,25,12,28,22,-18,-5,38,-323,sil
12.996735334396362,-21,-20,-29,-2,-4,9,16,2,15,0,-29,-26,-10,-206,sil
12.996735334396362,-14,-28,-28,-11,-5,-9,6,5,15,5,-22,-15,-43,-30,sil
13.011931657791138,-4,-26,-22,-21,-11,-26,-4,6,19,1,-4,7,-35,170,sil
13.011931657791138,-17,-14,-29,-32,-25,-29,-15,-5,3,-21,-6,0,-33,391,sil
13.028019189834597,-20,-8,-30,-30,-20,-26,-19,-11,-10,-33,-17,-21,-46,671,sil
13.028019189834597,0,-3,-15,-18,-8,-24,-21,0,0,-25,2,-2,-33,1003,sil
13.043571472167969,18,9,1,-2,-7,-16,-15,10,20,-3,36,28,3,1496,sil
13.043571472167969,21,23,15,10,0,0,-1,5,19,9,41,29,25,1940,sil
13.058734893798828,19,27,23,19,13,10,2,0,3,6,30,15,22,2071,sil
13.058734893798828,16,31,25,25,15,9,-1,-4,-9,-4,25,14,13,2467,sil
13.074777126312256,13,27,27,22,8,8,-4,-11,-27,-14,10,7,6,2570,sil
13.074777126312256,0,11,15,15,3,9,-5,-15,-42,-14,-12,-11,0,539,sil
13.089871168136597,-12,2,2,6,3,6,-5,-8,-39,-9,-18,-12,0,-2311,sil
13.089871168136597,-9,1,0,-1,0,3,2,-2,-22,4,-12,-7,-3,-2940,sil
13.105918169021606,-10,-5,-7,-4,1,8,4,-6,-6,14,-22,-25,-15,-2073,sil
13.105918169021606,-16,-13,-7,0,6,19,6,-2,6,13,-26,-31,-18,-1754,sil
13.121836185455322,0,-9,3,5,1,24,23,13,23,30,-1,-6,-1,-1569,sil
13.121836185455322,11,0,8,4,3,14,27,18,31,41,14,8,9,-1038,sil
13.138028860092165,0,0,-4,-5,5,0,9,10,27,21,0,0,0,-666,sil
13.138028860092165,-7,-11,-18,-19,-7,-2,0,4,21,10,-13,-5,-7,-436,sil
13.153074741363524,1,-16,-15,-24,-12,0,6,5,14,9,-6,5,8,-198,sil
13.153074741363524,13,-7,-5,-14,-2,-9,6,8,5,-8,7,13,28,-19,sil
13.168824434280396,13,0,0,-9,-2,-23,-5,0,0,-21,16,16,26,131,sil
13.168824434280396,13,2,7,-12,-7,-21,-20,-7,0,-13,20,18,15,247,sil
13.184404373168944,16,9,14,-6,0,-15,-27,-11,-13,-22,19,19,9,326,sil
13.184404373168944,11,14,12,0,5,-19,-28,-17,-33,-38,11,16,3,390,sil
13.200270652770996,3,14,7,6,1,-17,-19,-14,-26,-31,5,4,0,415,sil
13.200270652770996,-5,13,12,18,2,-1,-2,-3,-8,-20,5,-2,-1,418,sil
13.216196537017822,-18,3,12,23,5,13,6,-4,-8,-9,-1,-10,-15,410,sil
13.216196537017822,-18,-4,1,22,4,23,16,-3,-5,13,-11,-19,-20,379,sil
13.23118281364441,-6,-7,4,24,3,23,27,13,12,25,-11,-9,-9,339,sil
13.23118281364441,-7,-14,2,20,-4,8,27,16,16,16,-15,0,-3,296,sil
13.24770474433899,-16,-21,-8,0,-15,0,10,3,5,9,-19,-12,-9,251,sil
13.24770474433899,-19,-17,-15,-13,-17,4,0,0,3,7,-17,-16,-13,202,sil
13.263068199157717,-11,-7,-17,-3,-11,-4,0,0,2,6,-11,1,-9,153,sil
13.263068199157717,12,4,1,8,-2,-13,-4,0,1,7,4,24,6,111,sil
13.278591394424438,29,12,19,11,2,-7,-8,0,7,4,25,30,19,75,sil
13.278591394424438,24,6,9,5,1,-6,-9,-2,1,-7,26,25,17,39,sil
13.294527769088743,25,7,0,5,5,-5,-6,6,0,-4,23,29,22,11,sil
13.294527769088743,20,17,1,5,10,1,-9,9,8,15,29,29,26,-16,sil
13.30993103981018,-3,13,-5,-15,6,-1,-27,-7,-5,0,13,0,0,-39,sil
13.30993103981018,-16,4,-17,-28,8,-1,-23,-14,-21,-33,-17,-28,-24,-23,sil
13.325940608978271,-11,7,-16,-17,12,5,-2,-3,-5,-24,-16,-30,-20,19,sil
13.325940608978271,-22,0,-11,-21,0,0,-7,-3,-8,0,-15,-39,-24,52,sil
13.341959953308104,-36,-16,-27,-33,-2,0,-1,-4,-26,1,-56,-68,-44,81,sil
13.341959953308104,-33,-19,-38,-32,10,21,27,2,-6,12,-66,-65,-37,109,sil
13.35743761062622,-17,-20,-23,-23,13,32,37,7,28,33,-23,-34,-12,125,please
13.35743761062622,-2,-17,-5,-10,3,18,25,5,31,32,-1,-17,0,119,please
13.373430490493774,5,-2,0,-5,-3,3,16,8,22,15,0,-7,11,97,please
13.373430490493774,16,3,3,-11,-8,-3,2,11,28,8,27,17,36,78,please
13.388915300369264,25,5,20,-1,-5,-6,-7,14,29,7,57,46,50,61,please
13.388915300369264,30,17,32,24,2,-12,-8,6,3,-10,38,46,32,3,please
13.405022859573364,13,18,21,31,0,-15,-12,-21,-30,-38,0,20,-5,-107,please
13.405022859573364,-6,4,19,25,-6,-4,-5,-32,-38,-30,-2,10,-18,-226,please
13.42065143585205,-4,0,28,33,-4,8,14,-7,-22,8,16,22,2,-339,please
13.42065143585205,4,-2,23,32,-6,4,16,6,-14,13,2,25,6,-498,please
13.436232566833496,5,-12,9,19,-20,-14,5,0,-6,-15,-14,15,-1,-707,please
13.436232566833496,6,-13,-3,13,-23,-28,-5,3,3,-22,-5,13,13,-895,please
13.452163219451904,10,-4,-8,6,-14,-23,-20,7,-1,-9,0,16,20,-1038,please
13.452163219451904,11,7,-1,1,-1,-9,-21,4,-7,-6,8,17,5,-1140,please
13.467733144760132,9,18,10,6,12,-2,-11,0,-3,-8,20,21,1,-1020,please
13.467733144760132,6,14,3,5,11,-2,-10,-8,-5,0,13,15,0,-433,please
13.483140707015991,0,7,-5,-6,1,-1,-4,-6,0,1,9,1,-11,414,please
13.483140707015991,0,14,5,0,8,0,2,8,13,-3,18,0,-7,1017,please
13.498987913131714,3,16,10,18,21,9,4,8,15,7,6,-6,0,1212,please
13.498987913131714,-7,0,-2,10,19,26,12,0,17,26,-14,-31,-13,1184,please
13.514623880386353,-34,-18,-19,-20,4,32,17,0,19,25,-19,-52,-26,1061,please
13.514623880386353,-33,-17,-18,-30,0,20,7,-3,11,21,-12,-40,-16,888,please
13.530756950378418,-12,-9,2,-15,9,12,7,1,4,18,-10,-14,-6,687,please
13.530756950378418,-12,-21,-7,-15,-1,7,13,11,5,2,-26,-7,-8,477,please
13.546851396560667,-2,-33,-34,-52,-36,-11,-7,0,2,-16,-31,-12,-9,288,please
13.546851396560667,24,-22,-23,-70,-32,-19,-25,-11,-10,-19,-15,-11,-1,139,please
13.56263780593872,11,-7,-9,-16,5,-8,-7,-2,-6,-7,0,-2,11,16,please
13.56263780593872,-10,4,-8,29,14,-13,-2,3,7,0,13,16,24,-89,please
13.577791213989258,17,23,8,7,-2,-22,-32,-8,-15,-14,20,29,20,-182,please
13.577791213989258,27,31,20,-2,0,-12,-51,-32,-65,-39,6,11,2,-267,please
13.593294382095335,0,30,16,34,19,-7,-22,-27,-54,-18,7,-1,1,-323,please
13.593294382095335,-4,30,16,46,23,-3,22,4,-2,23,25,7,10,-343,please
13.608813047409058,-4,17,10,19,10,14,32,15,6,17,12,4,0,-359,please
13.608813047409058,-23,-4,-10,3,1,20,19,11,6,-6,-16,-21,-16,-368,please
13.62419891357422,-20,-7,-10,4,0,12,21,21,24,9,-24,-26,-18,-350,please
13.62419891357422,0,5,4,6,0,14,29,21,18,32,-18,-6,-11,-316,please
13.639889240264893,6,8,-3,10,0,19,32,7,8,23,-9,0,2,-277,please
13.655399560928345,-6,-17,-16,1,-10,19,25,-1,13,2,-5,-7,5,-247,please
13.655399560928345,-15,-47,-17,-14,-24,10,11,-6,10,-3,-16,-17,-14,-222,please
13.655399560928345,-8,-38,-7,-21,-21,-4,1,0,11,0,-20,-6,-14,-164,please
13.671269416809082,8,-13,5,-15,-10,-13,0,13,24,0,0,18,10,-85,please
13.671269416809082,14,-6,2,-5,-8,-14,-3,6,18,-7,19,26,17,-25,please
13.687132596969604,15,-5,4,-3,-3,-15,-2,0,3,-11,24,24,20,24,please
13.687132596969604,22,0,16,-6,5,-11,-4,0,7,-1,25,37,30,77,please
13.70273494720459,20,5,16,-3,6,-3,-16,-4,7,3,26,37,18,113,please
13.717923879623411,10,11,13,1,3,-7,-22,-6,-2,-4,32,20,8,134,please
13.717923879623411,9,16,12,7,6,-11,-19,2,2,2,30,12,16,150,please
13.73378872871399,5,15,8,12,16,0,-15,0,6,17,9,6,0,154,please
13.73378872871399,-5,13,2,10,10,5,-13,-10,-8,3,-8,-12,-25,151,please
13.73378872871399,-3,13,0,2,-8,-12,-18,-11,-25,-25,-5,-18,-16,150,please
13.74996280670166,6,12,1,3,-4,-21,-18,-10,-29,-30,0,-6,0,144,please
13.74996280670166,0,7,0,7,13,-2,-8,-10,-23,-10,-5,-9,-7,129,please
13.764523983001707,-15,3,-5,1,7,6,-10,-8,-27,-10,-20,-24,-25,100,please
13.780554056167604,-18,4,-2,1,-9,-4,-12,-14,-35,-25,-29,-29,-31,72,please
13.780554056167604,-14,4,-1,6,-6,-4,0,-13,-18,-12,-18,-21,-23,60,please
13.796624422073364,-13,0,-4,-2,5,12,12,8,8,5,-5,-7,-6,52,please
13.796624422073364,-9,-4,-9,-7,7,17,20,14,13,5,-7,-4,6,34,please
13.796624422073364,-12,-5,0,5,0,12,16,-2,0,5,-12,-5,0,10,please
13.813030242919922,-9,-5,7,12,-1,15,10,0,-2,18,-6,-1,-10,-7,please
13.828089952468872,2,-10,-13,-7,1,13,14,12,10,20,-4,-5,-3,-18,please
13.828089952468872,0,-15,-25,-23,-2,3,10,6,4,4,-14,-14,6,-33,please
13.844172239303589,-1,-9,-4,1,-6,3,8,5,2,5,-11,-5,12,-41,sil
13.844172239303589,7,-1,7,15,0,11,21,18,24,25,14,13,20,-33,sil
13.844172239303589,4,-12,-5,-19,-1,10,26,20,31,24,16,15,22,-35,sil
13.859408140182495,-2,-19,-11,-31,-10,1,13,10,20,8,-12,-2,10,-48,sil
13.875153064727783,7,-6,4,3,-4,-4,3,6,16,12,-16,0,6,-52,sil
13.875153064727783,13,6,7,20,5,-5,4,6,16,13,8,18,14,-51,sil
13.890671491622925,9,9,1,3,6,-2,0,0,12,-2,21,20,19,-49,sil
13.890671491622925,13,8,3,0,8,1,-3,-7,10,4,19,10,14,-41,sil
13.906243085861206,10,2,-1,2,4,0,-6,-9,3,18,13,10,5,-37,sil
13.906243085861206,1,0,0,-2,-4,-9,-20,-20,-16,-5,9,10,-1,-39,sil
13.921367406845093,8,8,14,0,-2,-19,-26,-22,-23,-30,15,10,-3,-32,sil
13.921367406845093,14,14,9,4,4,-20,-19,-9,-13,-30,14,14,-8,-28,sil
13.937058448791504,2,5,-6,-15,-5,-22,-20,3,-10,-32,6,7,-17,-31,sil
13.937058448791504,-6,0,-8,-23,-16,-23,-24,11,0,-23,15,0,-8,-14,sil
13.952645778656006,-7,8,6,-1,-1,-9,-17,11,5,-11,27,8,5,7,sil
13.952645778656006,-3,13,13,0,11,3,-10,0,-6,-15,10,1,-3,7,sil
13.968852996826172,-7,2,3,-17,0,2,-3,-8,-17,-12,-11,-24,-16,1,sil
13.968852996826172,-20,-6,-5,-7,-8,4,5,-10,-13,3,-18,-33,-13,6,sil
13.9839608669281,-20,-3,-2,26,0,9,15,-8,-13,6,-26,-23,-16,16,sil
13.9839608669281,-10,-10,6,26,9,12,17,-6,-20,-4,-32,-17,-26,19,sil
14.000013589859009,-13,-29,-3,-1,4,17,17,-5,-18,-12,-27,-20,-28,13,sil
14.000013589859009,-16,-19,-16,0,0,21,25,2,-2,0,-24,-20,-18,14,sil
14.015835762023926,-2,0,-1,27,9,17,24,13,16,19,-19,-7,0,25,sil
14.015835762023926,16,-11,5,21,0,8,4,4,15,20,-7,3,13,33,sil
14.03093695640564,12,-28,-9,-16,-18,-1,-10,-8,1,13,0,3,12,29,sil
14.03093695640564,-3,-2,-15,-18,-16,-13,-8,2,6,23,0,4,14,19,sil
14.046640396118164,3,26,-10,10,0,-10,-4,17,23,27,9,17,28,17,sil
14.046640396118164,22,29,2,18,13,0,-5,14,25,22,30,38,38,27,sil
14.06667137145996,27,46,27,24,24,3,-4,6,12,22,38,43,34,34,sil
14.06667137145996,22,58,38,33,19,5,0,-3,-4,-1,22,23,13,17,sil
14.06667137145996,0,13,10,12,1,10,1,-17,-20,-32,0,-8,-18,-16,sil
14.077771186828612,-26,-33,-20,-22,-8,7,4,-11,-17,-14,-17,-33,-35,-30,sil
14.0936119556427,-25,-30,-13,-41,-8,0,19,9,0,14,-29,-31,-21,-8,sil
14.0936119556427,-5,-14,-4,-36,-6,-6,24,14,4,3,-22,-13,1,8,sil
14.109206914901732,0,-15,-4,-23,-6,-15,-3,1,6,-11,0,6,14,4,sil
14.109206914901732,4,-18,-1,-23,-5,-22,-23,0,16,-8,8,17,17,3,sil
14.124614477157593,11,-7,1,-22,0,-16,-13,0,12,-14,4,17,17,3,sil
14.124614477157593,16,9,13,-1,5,-8,-7,-5,-4,-21,14,19,15,-10,sil
14.140050411224363,17,10,15,8,2,-11,-11,-8,-7,-12,22,19,3,-20,sil
14.140050411224363,3,-5,-3,-9,-13,-21,-18,-8,-15,-20,14,3,-13,-20,sil
14.155662059783936,-6,-3,-9,-9,-22,-14,-19,-8,-24,-29,7,-5,-19,-21,sil
14.155662059783936,0,11,4,18,-4,10,-4,-4,-11,-6,7,-5,-18,-16,sil
14.171728372573853,-8,4,0,25,10,18,6,1,0,9,0,-15,-21,-14,sil
14.171728372573853,-27,-10,-23,10,4,16,10,7,3,8,-1,-30,-14,-20,sil
14.1877338886261,-25,-5,-16,13,4,33,19,10,18,24,7,-23,-3,-12,sil
14.1877338886261,-10,-1,1,22,7,38,24,8,24,34,-1,-14,-4,0,sil
14.202917337417604,-9,-11,-7,2,0,15,15,4,21,19,-32,-17,-5,0,sil
14.202917337417604,-9,-16,-15,-13,-3,2,12,7,21,17,-29,-10,1,4,sil
14.218057870864868,7,-4,-3,0,1,1,15,7,14,29,-3,5,10,17,sil
14.218057870864868,24,12,6,6,8,-9,0,-7,-6,13,1,13,11,11,sil
14.233632802963257,27,21,14,5,12,-15,-11,-14,-16,-13,3,19,9,-2,sil
14.233632802963257,21,14,10,9,6,-11,-8,-4,-11,-13,9,21,11,3,sil
14.24956750869751,8,3,7,0,-1,-7,-19,-8,-25,-17,0,15,11,8,sil
14.24956750869751,2,8,13,0,1,-9,-29,-16,-36,-29,-1,15,10,0,sil
14.265040397644045,5,20,26,26,10,-6,-8,-1,-16,-15,20,18,9,8,sil
14.265040397644045,-8,6,20,24,3,2,5,9,0,5,6,-3,-6,14,sil
14.28062105178833,-32,-20,-15,-9,-18,2,1,0,2,7,-37,-39,-26,-3,sil
14.28062105178833,-30,-25,-34,-32,-24,-8,7,4,14,7,-38,-35,-15,-6,sil
14.296186447143556,-4,-8,-17,-24,-7,-5,16,18,25,9,0,-3,10,11,sil
14.296186447143556,9,-1,-7,-19,-2,0,3,5,13,-2,14,10,13,9,sil
14.311947107315063,0,-9,-15,-32,-15,-17,-22,-11,-11,-17,4,4,-3,-8,sil
14.311947107315063,-10,-6,-10,-29,-16,-32,-30,-7,-29,-26,0,7,-10,-16,sil
14.327034711837769,0,12,11,-2,1,-14,-13,-4,-22,-24,12,23,-4,-11,sil
14.327034711837769,14,19,20,11,16,8,0,-11,-4,-8,22,22,0,-2,sil
14.342557668685911,13,16,15,16,19,17,3,-8,-1,-3,16,1,-2,0,sil
14.342557668685911,8,18,23,29,22,24,16,7,-5,-6,3,-8,-2,-6,sil
14.358044385910034,5,7,18,31,17,29,26,11,10,13,-4,-11,0,1,sil
14.358044385910034,0,-16,-3,14,7,18,22,4,25,30,-10,-18,0,16,sil
14.374055862426758,0,-21,-3,0,0,7,24,8,22,28,-7,-10,1,21,sil
14.374055862426758,2,-12,2,0,-6,10,23,17,17,26,0,2,11,27,sil
14.389581441879272,2,-9,-4,6,-9,8,5,11,17,16,0,5,7,19,sil
14.389581441879272,11,-11,-10,3,-4,-4,-4,4,22,5,0,6,5,6,sil
14.405603885650637,10,-8,-3,-16,-4,-9,-4,5,19,5,6,9,12,4,sil
14.405603885650637,6,5,-2,-20,-4,-5,-10,6,9,5,16,12,13,4,sil
14.420542240142822,12,14,-6,-3,0,-9,-21,-3,-1,-6,20,11,7,-4,sil
14.420542240142822,-1,3,-7,-10,-3,-13,-30,-23,-22,-28,-2,-3,-8,-26,sil
14.435924291610718,-24,0,-9,-17,-5,-11,-24,-28,-37,-33,-27,-24,-30,-38,sil
14.435924291610718,-17,21,1,12,-1,-10,-4,-13,-29,-10,-7,-11,-24,-24,sil
14.45200538635254,-5,22,9,25,-1,-9,3,-4,-18,3,14,7,-4,-8,sil
14.453005075454712,-17,-6,-2,0,-5,0,3,-10,-16,0,-13,-7,-6,-9,sil
14.468163967132568,-26,-24,-10,-9,-3,8,10,-4,-12,3,-39,-24,-12,-7,sil
14.468163967132568,-18,-14,-12,1,-2,10,17,11,5,11,-22,-17,-1,4,sil
14.483341217041016,-14,-12,-23,-16,-2,9,4,17,21,9,-3,-13,7,4,sil
14.483341217041016,-10,-24,-25,-40,-4,0,-11,11,16,0,3,-7,9,0,sil
14.498663425445557,12,-3,-6,-17,-4,-13,-7,6,15,0,26,16,22,7,sil
14.514571905136108,27,26,18,16,6,-8,-3,1,13,6,41,28,30,9,sil
14.514571905136108,13,14,27,23,14,5,-16,-8,-7,-4,19,13,11,-2,sil
14.530600547790527,4,3,23,25,14,11,-17,-8,-22,-14,0,4,-2,-1,sil
14.530600547790527,11,16,24,32,13,15,9,4,-4,3,-1,7,-1,9,sil
14.530600547790527,2,6,16,22,9,21,28,10,19,14,-17,2,-3,3,sil
14.545938491821287,1,-12,3,-1,2,8,19,6,27,4,-18,6,5,0,sil
14.545938491821287,26,-6,-5,-14,-3,-15,6,7,19,0,7,22,20,18,sil
14.562050104141235,31,9,-3,-9,-4,-21,-1,5,3,-8,14,29,8,23,sil
14.562050104141235,13,22,11,-2,0,-13,-12,-3,-11,-23,6,19,-5,1,sil
14.57808542251587,5,17,9,-5,-1,-16,-20,-15,-24,-26,4,-4,-8,-14,sil
14.57808542251587,-8,-5,-7,-12,-10,-13,-13,-19,-36,-26,-13,-26,-31,-19,sil
14.593581676483154,-25,-12,-7,0,-13,0,6,-12,-35,-11,-33,-33,-46,-16,sil
14.593581676483154,-19,-4,2,20,-3,11,23,0,-15,6,-20,-26,-26,-6,sil
14.608991146087646,-12,-7,1,17,6,19,23,4,0,10,-1,-14,-8,3,sil
14.608991146087646,-10,-7,-5,5,7,20,19,7,11,22,2,-11,-2,10,sil
14.62452507019043,-1,-1,-4,3,2,13,10,10,19,35,11,-8,5,14,sil
14.62452507019043,0,-10,-7,0,-1,5,-4,12,25,25,14,-2,10,10,sil
14.63965106010437,-10,-19,-15,-12,-2,0,-14,3,20,10,0,-9,7,2,sil
14.655112743377686,-3,-11,-12,-16,-3,-10,-10,-2,11,1,-1,-8,8,0,sil
14.655112743377686,12,0,-5,-7,-2,-8,-1,3,11,2,14,14,18,8,sil
14.655112743377686,6,-1,-1,-9,0,0,-2,2,10,11,20,25,24,12,sil
14.67123556137085,-9,-7,-4,-20,0,0,-4,-7,0,5,5,10,12,-1,sil
14.686860799789429,-7,3,-6,-9,0,-8,-9,-9,-9,-11,-5,7,0,-15,sil
14.686860799789429,4,12,3,-5,2,-4,-17,-4,-10,-13,0,17,5,-7,sil
14.701933145523071,4,-2,-3,-29,-6,-2,-15,-4,-6,-9,8,12,12,0,sil
14.701933145523071,-4,-9,-14,-28,-14,-13,-6,0,-11,-14,-2,0,2,-12,sil
14.718014240264893,1,11,6,10,0,-6,2,7,-3,-11,-19,-2,-5,-16,sil
14.718014240264893,11,26,22,31,13,16,14,9,15,6,-11,-1,-1,-3,sil
14.733604907989502,4,15,12,29,7,16,14,7,17,16,8,0,4,-3,sil
14.733604907989502,2,8,8,28,4,4,7,6,10,9,4,0,6,-1,sil
14.748971939086914,7,14,13,15,9,7,5,3,3,-3,-13,1,1,2,sil
14.748971939086914,0,8,1,0,1,-1,0,-2,-9,-17,-12,-1,-13,-10,sil
14.764575958251951,-10,-6,-19,-1,-8,-20,-8,-7,-22,-21,-7,-13,-30,-23,sil
14.764575958251951,-8,-16,-16,-6,-10,-11,-8,-11,-20,-13,-13,-23,-23,-11,sil
14.77972650527954,2,-10,0,-8,-8,3,0,-6,-6,-7,-11,-14,0,6,sil
14.77972650527954,8,5,9,5,-2,0,0,2,-1,-8,0,3,2,14,sil
14.795835733413696,6,10,11,13,2,-8,-8,-2,-10,-9,5,7,-2,17,sil
14.795835733413696,6,0,5,1,0,-6,-9,-11,-12,0,4,1,8,19,sil
14.810964584350586,2,-6,3,-3,0,0,0,-6,-11,11,10,3,9,15,sil
14.810964584350586,-11,-7,0,6,10,2,2,0,-9,13,22,3,-6,11,sil
14.826548099517822,-11,-7,1,5,12,6,5,0,3,9,24,5,-3,13,sil
14.826548099517822,3,-8,12,-5,4,10,12,4,9,8,18,17,11,10,sil
14.841679334640505,3,-10,5,-8,-7,3,8,5,0,1,11,8,6,1,sil
14.841679334640505,-9,-9,-6,-5,-12,-6,0,0,0,-8,9,-5,-8,-9,sil
14.85745644569397,-6,-5,-8,-3,-4,0,3,0,17,1,14,-2,-3,-12,sil
14.85745644569397,3,-3,-5,-9,3,15,2,10,29,21,7,1,13,-1,sil
14.87323546409607,0,-3,-1,-16,3,10,-1,11,26,15,-21,-1,12,0,sil
14.87323546409607,-3,3,-7,0,8,2,3,0,11,3,-37,-7,-4,-12,sil
14.88836932182312,-2,14,-8,20,14,11,9,-8,-9,1,-25,-14,-15,-15,sil
14.88836932182312,0,13,0,12,9,15,3,-3,-13,4,-16,-11,-12,-5,sil
14.904042959213257,8,6,0,0,3,2,0,5,7,6,-10,0,0,3,sil
14.904042959213257,14,10,-1,3,0,-6,0,9,18,2,3,5,10,9,sil
14.919637203216553,13,18,3,9,-12,-6,0,9,12,0,7,3,8,11,sil
14.919637203216553,4,4,0,0,-14,-5,1,4,7,0,-5,0,-3,1,sil
14.935729742050173,-7,-15,-9,-15,-6,-9,3,3,2,1,-16,-10,-11,-7,sil
14.935729742050173,-11,-16,-6,-12,-9,-10,1,0,-12,-2,-15,-12,-7,-4,sil
14.950785398483276,-7,-10,0,-3,-14,-6,-6,-6,-19,-14,-6,-1,0,-3,sil
14.950785398483276,-10,-12,-9,-8,-11,-4,-9,-4,-7,-8,-2,2,3,-6,sil
14.965965986251833,-7,-11,-9,-12,0,-5,-6,1,3,4,7,10,9,1,sil
14.965965986251833,4,-3,2,0,10,-6,-8,-1,-3,-9,18,15,8,6,sil
14.981695652008057,5,4,0,3,-1,-17,-19,-14,-22,-34,7,7,3,-3,sil
14.981695652008057,1,10,0,-3,-14,-23,-19,-17,-25,-30,5,8,8,-11,sil
14.997723579406738,7,13,5,0,2,-5,-2,-6,-7,-7,27,14,15,-4,sil
14.997723579406738,2,9,2,0,18,5,-1,1,-3,1,36,8,12,0,sil
15.013672828674316,0,3,11,1,8,1,-9,1,-9,4,23,8,10,3,sil
15.013672828674316,15,13,25,20,6,6,-2,0,-3,4,17,14,8,11,sil
15.02924942970276,13,18,22,20,10,12,1,0,-4,-3,7,9,-2,7,sil
15.02924942970276,-9,0,6,2,0,7,0,0,-7,0,-12,-8,-20,-1,sil
15.044831037521362,-24,-21,-6,-5,0,11,6,0,1,12,-32,-35,-36,-8,sil
15.044831037521362,-23,-19,-17,-9,2,11,10,-6,1,3,-41,-43,-40,-19,sil
15.060304641723633,-9,-8,-13,-3,0,8,10,-8,-1,-2,-24,-18,-25,-14,sil
15.060304641723633,8,0,11,8,4,18,25,7,15,21,1,6,-2,13,sil
15.075925827026367,19,6,17,11,10,16,30,17,32,42,0,8,11,28,sil
15.075925827026367,20,4,1,8,-1,-2,3,4,22,20,-14,5,11,16,sil
15.091591119766235,7,-5,-15,-4,-13,-7,-13,1,12,-1,-11,-1,6,7,sil
15.091591119766235,-9,-18,-24,-27,-13,-5,0,9,19,5,-1,-14,8,12,sil
15.10662293434143,-11,-19,-20,-33,-7,-10,7,10,22,10,-7,-10,12,7,sil
15.10662293434143,-2,-8,-19,-21,-2,-11,-7,3,4,-17,-17,0,8,-11,sil
15.121831893920898,-5,3,-9,-7,0,-6,-18,-7,-20,-43,-5,1,0,-24,sil
15.121831893920898,-10,25,17,15,5,4,0,-4,-26,-16,22,0,0,-22,sil
15.1369788646698,0,35,24,36,12,17,20,6,-9,23,29,0,8,-9,sil
15.1369788646698,1,7,6,24,5,14,11,2,-2,20,8,-1,-1,2,sil
15.152926206588743,-3,-12,-4,10,0,0,2,0,4,6,-1,1,-8,8,sil
15.152926206588743,4,0,-5,6,1,-9,7,12,26,10,14,18,18,16,sil
15.167629480361938,15,0,0,-5,-4,-17,-12,5,15,0,30,26,33,13,sil
15.183176517486572,10,-7,5,0,-6,-20,-36,-20,-23,-20,20,17,9,-4,sil
15.183176517486572,8,8,18,17,3,-12,-24,-23,-27,-25,13,24,-1,-5,sil
15.199469089508057,10,17,29,12,1,-2,-2,-2,-6,-17,21,34,7,8,sil
15.199469089508057,1,4,21,10,-4,2,3,2,-12,-2,11,12,1,3,sil
15.214607238769531,-8,0,3,17,4,7,8,-4,-20,8,-19,-15,-18,-5,sil
15.214607238769531,-11,-10,-14,-4,-1,7,8,-4,-7,0,-40,-20,-27,-5,sil
15.229907274246216,-10,-27,-23,-33,-21,-4,-3,-2,-10,-15,-23,-6,-12,-7,sil
15.229907274246216,2,-13,-6,-16,-17,-19,-14,-2,-15,-15,11,9,5,-3,sil
15.245649576187134,18,22,12,10,1,-5,-11,0,1,-2,8,8,-4,3,sil
15.245649576187134,11,24,16,12,9,22,3,4,21,20,-15,-9,-21,1,sil
15.260621547698976,-2,-3,4,0,5,31,23,7,32,43,-14,-22,-7,6,sil
15.260621547698976,-11,-20,-10,-18,0,21,23,8,32,28,-9,-21,6,8,sil
15.77500605583191,-20,10,5,7,18,27,21,4,3,9,-12,-17,-14,-10,sil
15.77500605583191,-9,10,5,8,18,23,24,-5,4,19,-3,-13,-15,-12,sil
15.77500605583191,5,18,23,24,10,16,19,-9,11,26,7,2,-1,4,sil
15.79057788848877,5,12,25,28,5,23,8,0,4,22,4,9,5,13,sil
15.80660605430603,0,-1,8,14,2,17,0,-2,-6,19,-4,6,0,7,sil
15.80660605430603,8,6,12,18,0,2,7,-11,0,16,-5,11,0,8,sil
15.80660605430603,14,9,13,19,-5,5,11,-11,0,8,-7,11,4,12,sil
15.823259830474854,-2,-19,-8,-11,-8,11,0,-9,-9,4,-15,-1,7,1,sil
15.823259830474854,-19,-38,-29,-34,-12,-3,-1,-5,-11,-4,-22,-6,7,-9,sil
15.83792805671692,-17,-28,-31,-36,-17,-24,-1,9,-5,-31,-22,3,3,-9,sil
15.853745937347412,-11,-21,-21,-34,-17,-28,-11,20,-2,-40,-10,15,5,-9,sil
15.853745937347412,-1,-14,-17,-21,-16,-20,-10,16,4,-15,10,26,17,-4,sil
15.853745937347412,8,2,-9,-8,-10,-16,-7,10,17,0,21,28,19,0,sil
15.868915319442747,3,10,-3,-2,0,-10,-14,3,20,0,18,1,10,-5,sil
15.884048461914062,-1,7,1,9,6,0,-10,-1,9,6,17,-18,9,-4,sil
15.884048461914062,10,11,14,17,13,7,-1,-3,-5,3,16,-7,7,6,sil
15.899630069732666,15,20,15,20,18,11,0,-5,-5,2,8,-12,-1,10,sil
15.899630069732666,2,12,1,23,9,14,6,0,12,17,1,-29,-5,13,sil
15.914847135543823,0,-6,-7,11,-3,5,14,12,22,19,-6,-21,-3,16,sil
15.914847135543823,4,-20,-10,-12,-7,-11,5,2,4,-6,-20,-8,-11,0,sil
15.930033922195436,-8,-19,-6,-26,-13,-20,-13,-15,-23,-35,-17,-6,-22,-16,sil
15.930033922195436,-12,-6,0,-16,-16,-11,-13,-11,-32,-30,0,-4,-20,-13,sil
15.945533990859984,3,15,10,5,5,5,-1,-4,-31,-10,6,0,-9,-6,sil
15.945533990859984,2,22,23,19,20,11,-4,-11,-35,-8,0,-2,-10,-11,sil
15.96057105064392,-14,4,18,16,5,9,-4,-11,-24,-3,-9,-9,-17,-10,sil
15.96057105064392,-16,-13,6,5,0,18,15,6,9,20,-7,-4,-11,1,sil
15.976138591766356,0,-11,-6,0,9,17,26,21,41,40,0,7,9,16,sil
15.976138591766356,5,-1,-18,-7,-3,0,6,13,34,27,0,12,20,15,sil
15.991261959075928,0,-4,-15,-21,-24,-13,-12,-2,3,0,-7,10,11,-4,sil
15.991261959075928,2,-7,-11,-27,-16,-16,-17,-8,-10,-10,-2,10,1,-10,sil
16.006921768188477,11,7,-1,-10,6,-13,-21,-10,-15,-15,9,15,0,0,sil
16.006921768188477,11,30,18,17,13,0,-16,-14,-18,-22,14,13,0,-3,sil
16.0227472782135,6,36,26,27,10,11,0,-10,-8,-17,8,7,-4,-8,sil
16.0227472782135,1,21,17,25,11,14,15,0,2,3,0,4,-6,3,sil
16.037975311279297,1,0,5,25,11,16,29,10,16,26,-7,0,-4,18,sil
16.037975311279297,1,-11,-4,11,11,11,30,17,32,32,-2,-4,3,17,sil
16.05392098426819,0,-17,-14,-15,9,1,16,22,32,21,7,0,14,17,sil
16.05392098426819,3,-19,-11,-21,0,-1,8,18,21,14,16,5,25,19,sil
16.075123071670532,15,-9,1,-7,-6,-6,11,11,18,10,21,11,35,11,sil
16.075123071670532,13,3,4,-3,-4,-18,0,3,12,-4,21,11,26,3,sil
16.075123071670532,-5,4,0,-10,-8,-22,-23,-9,-9,-26,7,-4,-2,-10,sil
16.08604884147644,-16,0,-9,-10,-15,-14,-27,-21,-30,-34,-11,-26,-21,-31,sil
16.10104274749756,-12,1,-5,1,-7,3,-14,-17,-28,-22,-12,-21,-21,-30,sil
16.10104274749756,-7,3,7,12,4,17,-1,-2,-7,-1,-1,-1,-15,-6,sil
16.11656665802002,-4,-7,0,13,0,10,4,6,5,9,-9,0,-10,3,sil
16.11656665802002,-8,-19,-12,6,-10,0,0,2,-4,5,-29,-11,-11,-4,sil
16.13170099258423,-15,-23,-14,-4,-10,0,-4,-3,-9,5,-31,-18,-8,-6,sil
16.13170099258423,-13,-21,-16,-19,-2,2,1,-2,2,11,-9,-12,3,4,sil
16.14775514602661,0,-9,-9,-17,-1,-2,2,0,6,7,5,2,11,9,sil
16.14775514602661,12,5,-1,-5,-9,-15,-4,0,-3,-2,0,10,7,4,sil
16.163363933563232,4,5,-2,-13,-9,-23,-12,-5,-18,-23,-5,10,-1,-4,sil
16.163363933563232,-3,3,1,-21,0,-16,-10,-9,-18,-29,5,12,-5,-11,sil
16.17912459373474,7,25,16,4,12,3,1,-4,-3,-1,15,12,2,-7,sil
16.17912459373474,10,38,27,31,22,23,5,-2,-1,12,11,2,1,-3,sil
16.19383478164673,-5,16,17,26,16,27,6,-8,-11,1,-2,-17,-16,-11,sil
16.19383478164673,-13,-5,7,9,2,17,13,0,-5,3,-11,-19,-21,-7,sil
16.209295988082886,0,-7,4,0,0,2,12,12,11,13,0,4,-1,12,sil
16.209295988082886,5,-6,0,-2,0,-4,4,9,20,7,5,14,10,21,sil
16.224536180496216,4,-11,-1,-5,-6,-9,0,7,18,2,-2,9,5,18,sil
16.224536180496216,15,-10,-4,-8,-11,-13,-7,13,16,6,6,18,4,18,sil
16.23969793319702,24,0,-5,-10,-7,-13,-18,3,7,-1,27,28,13,7,sil
16.23969793319702,16,10,3,-2,0,-7,-13,-8,-8,-18,20,19,13,-7,sil
16.25537419319153,3,18,6,20,5,4,5,-4,-16,-8,0,-6,-1,-4,sil
16.272035598754883,-5,14,3,33,7,18,24,0,-8,8,-8,-26,-13,-2,sil
16.272035598754883,-9,1,-4,17,7,21,27,3,8,9,-24,-27,-9,-10,sil
16.272035598754883,-6,-9,-14,-6,1,8,13,10,21,7,-23,-10,4,-2,sil
16.286553382873535,-4,-13,-15,-14,-2,-5,0,13,24,8,8,2,18,12,sil
16.302526473999023,-8,-12,-15,-14,-3,-16,-16,0,11,-5,21,0,20,6,sil
16.302526473999023,-4,0,-8,-17,-1,-22,-29,-14,-11,-25,8,-2,7,-11,sil
16.317786693572998,9,10,12,0,6,-10,-15,-13,-16,-15,12,3,-2,-12,sil
16.317786693572998,14,10,27,25,11,11,6,-4,-11,8,21,7,-3,6,sil
16.33306622505188,0,3,15,21,2,18,8,-5,-16,13,2,-4,-10,10,sil
16.33306622505188,-20,-5,-9,1,-4,9,-1,-12,-20,8,-19,-21,-25,-6,sil
16.348747491836548,-24,-16,-16,-13,-6,4,0,-7,-8,7,-25,-19,-26,-8,sil
16.348747491836548,-5,-17,-7,-16,-5,9,16,14,14,11,-18,1,-7,13,sil
16.364779949188232,9,-5,-6,-16,-6,1,13,23,28,9,-6,17,13,20,sil
16.364779949188232,0,-1,-10,-24,-13,-22,-17,3,12,0,1,15,16,1,sil
16.380464553833008,-4,-6,-5,-25,-15,-29,-32,-10,-7,-9,2,7,4,-13,sil
16.380464553833008,5,-1,9,-17,-1,-15,-22,-5,-16,-19,3,8,-3,-17,sil
16.395674467086792,2,9,15,-6,4,-3,-11,-8,-21,-21,0,-2,-9,-21,sil
16.395674467086792,-4,15,15,15,3,6,6,-13,-23,-6,-10,-18,-16,-19,sil
16.410890102386475,0,6,12,26,9,18,29,0,-8,3,-11,-12,-7,-4,sil
16.410890102386475,2,-10,-7,2,4,13,32,14,19,6,-2,0,15,12,sil
16.42604637145996,0,-15,-16,-16,-8,1,20,15,34,11,0,0,28,18,sil
16.42604637145996,0,-10,-10,-5,-9,-1,10,18,33,23,-7,0,15,12,sil
16.442103147506714,0,-7,-12,0,-1,-5,0,8,23,16,-8,1,0,0,sil
16.442103147506714,4,6,-5,-1,4,-11,-17,-7,1,-8,3,7,3,-13,sil
16.457601308822632,11,28,5,7,9,-8,-21,-8,-10,-19,21,17,15,-1,sil
16.457601308822632,17,36,13,26,15,0,-16,-6,-12,-14,36,25,11,15,sil
16.47301936149597,11,27,20,31,19,7,-9,-11,-17,-8,34,14,-1,3,sil
16.47301936149597,-5,14,15,24,15,17,3,-5,-16,0,12,-10,-9,-9,sil
16.488619327545166,-22,-1,-1,14,4,20,14,0,-12,2,-15,-25,-23,-10,sil
16.488619327545166,-18,-16,-8,7,-5,9,6,-6,-14,-7,-29,-26,-36,-13,sil
16.50463604927063,-2,-14,5,5,-4,3,3,-1,-9,-6,-18,-11,-22,0,sil
16.50463604927063,11,-11,16,3,-4,4,14,13,6,9,1,11,2,23,sil
16.51976466178894,13,-14,3,-3,-15,-2,9,8,14,19,6,17,10,24,sil
16.51976466178894,4,-13,-5,-13,-18,-15,-5,-2,12,9,0,11,3,9,sil
16.535034656524658,2,-9,1,-10,-8,-16,-4,0,8,-5,3,15,0,6,sil
16.535034656524658,11,-1,14,0,-1,-10,-2,1,0,-2,18,27,5,8,sil
16.550936222076416,17,7,15,4,-1,-5,-11,0,-1,13,31,25,21,10,sil
16.550936222076416,4,5,3,-4,-2,-8,-13,-3,-3,0,21,6,18,0,sil
16.56660795211792,-17,-1,-6,-13,-3,-13,-7,-9,-23,-38,-6,-15,-7,-25,sil
16.56660795211792,-16,0,-8,1,-1,-2,3,-4,-25,-20,-22,-29,-20,-26,sil
16.58257007598877,-2,-2,-14,6,3,19,13,7,12,26,-15,-26,-4,0,sil
16.58257007598877,-10,-20,-30,-26,-2,14,7,11,35,30,-11,-13,12,9,sil
16.59795832633972,-17,-26,-40,-51,-17,-13,-10,1,13,8,-20,-12,10,-1,sil
16.59795832633972,-3,-3,-26,-38,-7,-17,-16,-2,1,-2,-15,-12,0,-8,sil
16.61390471458435,12,17,-12,-13,17,1,-5,1,10,-3,3,1,2,-5,sil
16.61390471458435,3,16,-12,-9,17,2,-1,0,-3,-12,0,5,5,-8,sil
16.629871368408203,-13,7,-3,-14,2,-1,-6,-7,-23,-27,-20,-9,-6,-15,sil
16.629871368408203,-6,14,9,0,6,7,0,-3,-7,-15,-14,-11,-9,-6,sil
16.64588499069214,3,20,15,19,14,12,7,0,2,6,-5,-3,-6,0,sil
16.64588499069214,-6,9,13,23,11,11,5,-5,-8,0,-18,-16,-20,-10,sil
16.66179370880127,-17,0,6,22,7,16,9,-9,-10,-9,-20,-26,-29,-16,sil
16.66179370880127,-12,-6,2,13,3,18,16,-1,1,0,-6,-15,-16,-2,sil
16.677783727645874,2,-9,5,6,0,14,15,7,10,16,4,0,4,12,sil
16.677783727645874,15,0,17,21,5,5,18,11,17,28,20,17,24,22,sil
16.692978143692017,15,1,17,30,1,0,19,11,25,37,30,26,27,29,sil
16.692978143692017,8,-13,7,6,-16,-9,0,8,16,22,22,27,17,28,sil
16.70866584777832,14,-6,14,-1,-17,-24,-23,2,0,0,36,38,25,18,sil
16.70866584777832,26,24,27,27,3,-19,-12,-3,-5,0,67,47,33,11,sil
16.724218368530273,12,21,24,32,2,5,4,-8,-7,1,41,21,0,1,sil
16.724218368530273,-9,-11,1,2,-16,1,-3,-3,-12,-7,-22,-14,-29,-9,sil
16.74026322364807,-1,-15,-15,-13,-12,-25,-14,2,-5,-16,-23,-5,-7,-6,sil
16.74026322364807,11,2,-3,-12,0,-25,-17,0,-7,-20,15,18,8,-3,sil
16.755895137786865,-2,5,0,-8,-8,1,-19,-12,-25,-22,0,-2,-16,-19,sil
16.755895137786865,-19,-6,-9,-6,-8,15,-9,-13,-24,-15,-36,-30,-29,-22,sil
16.771265745162964,-9,-17,-11,-10,-1,7,6,0,0,-4,-31,-15,-9,0,sil
16.771265745162964,8,-19,-15,-28,-1,0,7,8,19,-1,-19,0,8,11,sil
16.78774070739746,6,-10,-26,-43,0,-5,-4,3,19,-7,-12,-1,13,-4,sil
16.78774070739746,-6,3,-17,-23,2,-6,-7,-3,2,-15,0,-4,3,-19,sil
16.80357789993286,-9,10,10,0,4,6,2,-6,-12,-16,1,-6,-6,-18,sil
16.80357789993286,-2,10,19,1,16,15,19,0,-2,0,0,-8,-5,-5,sil
16.818774938583374,-4,11,6,17,18,13,19,6,8,10,0,-12,-9,0,sil
16.81917953491211,-11,10,0,34,6,11,11,0,0,7,-10,-18,-14,-4,sil
16.8347384929657,-3,0,-3,21,3,7,17,0,1,15,-10,-11,0,6,sil
16.8347384929657,7,-5,-3,7,3,0,17,6,18,28,2,4,14,29,sil
16.84953737258911,0,-5,-8,8,-4,0,0,5,13,18,0,3,5,20,sil
16.84953737258911,-6,-6,-26,-8,-8,-8,-12,-2,0,-1,-12,-4,-2,0,sil
16.864626169204712,0,-1,-21,-22,-3,-20,-15,-1,-1,0,-4,2,3,2,sil
16.864626169204712,14,9,4,-4,0,-14,-16,7,-3,14,15,21,14,15,sil
16.87984323501587,15,9,9,-1,1,-3,-16,6,-8,5,24,25,15,9,sil
16.87984323501587,0,0,-3,-23,-2,-9,-18,-6,-14,-18,13,11,4,-10,sil
16.894975662231445,-7,0,0,-20,-9,-15,-16,-9,-22,-15,0,0,-2,-12,sil
16.894975662231445,-5,9,13,5,-4,-4,-7,0,-19,-3,3,0,-5,-1,sil
16.910716772079468,-4,8,13,16,0,12,-2,-4,-5,-6,2,-10,-13,-4,sil
16.910716772079468,-7,-3,8,11,2,26,7,-4,4,0,-1,-24,-17,-6,sil
16.926766395568848,-9,-12,10,10,13,31,29,9,15,24,2,-17,-4,4,sil
16.926766395568848,-10,-13,-1,3,3,18,31,11,24,23,-6,-13,-2,0,sil
16.942848682403564,-10,-21,-13,-14,-15,-1,12,0,17,-1,-28,-21,-14,-19,sil
16.942848682403564,-8,-27,-10,-16,-9,-6,6,0,16,-2,-21,-8,-6,-10,sil
16.958034992218018,4,-4,2,0,7,1,5,7,20,8,4,21,16,12,sil
16.958034992218018,22,19,17,2,3,0,-9,0,1,-4,14,28,19,6,sil
16.974064111709595,23,19,16,0,0,-12,-16,-12,-16,-25,14,14,10,-8,sil
16.974064111709595,10,12,11,8,5,-15,-12,-10,-13,-27,20,10,12,-4,sil
16.989912271499634,7,17,14,20,4,-7,-6,-4,-8,-14,18,10,13,0,sil
16.989912271499634,7,19,17,21,3,-6,3,-5,-10,-5,1,1,-5,-9,sil
17.005029439926147,-4,12,10,23,4,-2,12,0,-6,0,-7,-3,-20,-4,sil
17.005029439926147,-6,2,-1,24,0,11,14,9,5,17,-4,-2,-3,16,sil
17.02110481262207,0,-10,-15,-2,-2,13,7,7,13,26,-7,-1,7,19,sil
17.02110481262207,2,-19,-26,-28,-5,2,0,8,19,13,-9,0,3,8,sil
17.036717653274536,0,-16,-22,-20,-12,-8,-6,13,21,7,0,8,10,11,sil
17.036717653274536,1,-15,-14,-19,-13,-19,-11,1,0,-3,2,17,10,7,sil
17.05198907852173,3,-9,-18,-24,-4,-19,-12,-9,-23,-27,-3,12,-4,-9,sil
17.05198907852173,-1,4,-9,-5,3,-2,-8,-7,-24,-29,2,2,-9,-13,sil
17.06760001182556,-8,5,4,4,0,8,-2,-6,-18,-12,5,-9,-15,-10,sil
17.06760001182556,-10,1,2,-2,2,7,0,-5,-24,-3,-6,-20,-27,-14,sil
17.08283758163452,-9,10,9,9,17,8,0,0,-22,5,-11,-13,-19,-6,sil
17.08283758163452,-9,15,19,28,18,12,1,-6,-7,14,-4,-6,-4,2,sil
17.099010705947876,-8,5,7,20,2,14,9,-8,4,14,-1,-12,-1,0,sil
17.099010705947876,-9,-7,-6,-2,-3,15,18,8,21,20,-4,-15,5,7,sil
17.113771438598633,-5,-18,-8,-14,-2,6,14,17,39,23,-3,-4,18,23,sil
17.129868507385254,1,-17,-6,-17,-10,-6,2,10,34,11,8,8,23,20,sil
17.129868507385254,4,-4,-12,-22,-19,-17,-2,5,16,1,10,6,22,7,sil
17.145061016082764,0,-5,-15,-32,-20,-24,-14,0,-5,-5,-12,-5,10,-1,sil
17.145061016082764,1,-11,-5,-24,-9,-19,-26,-8,-17,-17,-17,-4,-1,-9,sil
17.161863803863525,12,10,13,4,4,-6,-20,-6,-8,-16,12,9,0,-9,please
17.161863803863525,21,33,30,24,10,0,-11,-2,-7,-7,29,19,1,-9,please
17.161863803863525,19,23,24,26,12,7,0,-4,-11,-2,18,13,-6,-9,please
17.176541328430176,7,16,15,28,14,11,7,-2,-10,0,6,0,-10,-8,please
17.191743850708008,3,18,23,32,8,4,3,0,-13,0,0,-4,-8,-9,please
17.191743850708008,4,7,20,31,7,7,6,-2,-3,-3,0,-1,-4,0,please
17.20784616470337,-1,-4,3,21,13,18,14,0,12,1,-4,0,-6,12,please
17.20784616470337,-6,-11,-7,3,2,9,13,4,12,12,-18,-7,-10,8,please
17.223798990249634,0,-19,-15,-17,-12,-5,7,1,10,9,-13,-3,-1,6,please
17.223798990249634,0,-18,-20,-22,-14,-6,0,5,10,1,2,6,8,9,please
17.239063262939453,-5,-16,-27,-24,-5,-5,-12,8,8,0,2,8,9,0,please
17.239063262939453,-6,-23,-23,-34,0,-11,-17,-1,2,-9,0,9,5,-7,please
17.25468945503235,0,-8,-12,-23,0,-15,-8,-7,-9,-18,2,3,-1,-9,please
17.25468945503235,-4,18,1,0,4,-5,2,-3,-18,-6,6,-4,-8,-16,please
17.269816637039185,-14,17,11,8,12,11,18,-2,-11,0,6,-4,-7,-9,please
17.269816637039185,-16,-1,5,7,7,15,26,-1,-2,-6,-12,-11,-13,0,please
17.285853147506714,-15,-12,-3,0,-2,10,17,2,0,-4,-30,-18,-17,-7,please
17.285853147506714,-9,-7,-5,-5,-3,12,11,5,12,7,-16,-8,0,-2,please
17.301692962646484,0,6,1,3,1,14,19,6,26,15,0,-4,19,20,please
17.301692962646484,2,6,3,3,-4,11,17,12,25,28,-5,-11,13,16,please
17.316738843917847,0,-5,-8,-7,-20,0,-1,12,13,34,-9,-3,7,3,please
17.316738843917847,4,-5,-14,-19,-23,-16,-18,1,6,1,4,9,17,9,please
17.33188533782959,10,0,-10,-26,-11,-17,-19,-4,1,-25,4,4,15,6,please
17.33188533782959,10,-1,-10,-21,0,-13,-21,-3,-17,-16,-3,1,-2,-9,please
17.347980499267578,9,0,2,-4,0,-23,-29,-7,-32,-15,10,12,-2,-9,please
17.347980499267578,12,9,20,10,-3,-27,-30,-14,-27,-25,24,17,5,-1,please
17.36400866508484,9,12,18,18,6,-11,-24,-17,-27,-15,22,12,0,-4,please
17.36400866508484,4,15,14,28,17,0,-16,-12,-22,-2,25,13,-3,-5,please
17.37930679321289,9,21,24,44,11,8,-2,-4,0,1,26,15,-5,1,please
17.37930679321289,14,24,38,54,17,24,14,1,14,23,16,10,-5,12,please
17.394930839538574,8,12,24,42,28,32,28,8,12,37,0,-5,1,24,please
17.394930839538574,-7,-10,0,14,3,16,22,5,5,14,-16,-28,-12,10,please
17.41054105758667,-28,-26,-16,-9,-20,0,14,5,5,-6,-34,-41,-37,-15,please
17.41054105758667,-26,-27,-23,-16,-2,2,23,13,12,-3,-40,-39,-29,-11,please
17.426026821136475,0,-17,-17,-16,8,6,18,11,10,-5,-18,-8,0,2,please
17.426026821136475,18,0,-3,-14,-4,-2,-5,-1,5,-18,13,29,14,1,please
17.441930294036865,16,6,4,-17,-6,-5,-17,-3,0,-20,16,42,19,2,please
17.441930294036865,9,0,-2,-30,-2,-11,-18,0,-6,-9,2,29,13,4,please
17.45793318748474,-2,-4,-19,-36,-13,-23,-25,-5,-12,6,7,16,2,-3,please
17.45793318748474,-18,-1,-14,-14,-11,-16,-23,-7,-16,8,4,13,0,-18,please
17.473807334899902,-15,6,6,11,12,0,-5,-2,-8,2,-10,14,1,-20,please
17.473807334899902,-10,9,14,5,18,9,13,-3,8,7,-2,3,5,-13,please
17.488966703414917,-15,-1,0,-14,0,13,20,-3,9,11,-3,-26,7,-7,please
17.488966703414917,-11,-5,-12,-3,-1,11,21,2,4,6,-20,-38,6,0,please
17.50478506088257,-6,1,-7,12,1,13,27,13,23,20,-13,-24,4,11,please
17.50478506088257,-7,-10,-13,-6,-11,17,23,16,34,30,-5,-23,2,12,please
17.519853591918945,-3,-24,-23,-26,-21,0,3,14,11,2,-7,-19,2,9,please
17.519853591918945,9,-4,-12,-10,-10,-23,-6,7,1,-19,11,7,12,9,please
17.535417556762695,19,14,0,2,1,-18,-5,-4,4,-10,27,11,13,1,please
17.535417556762695,11,11,4,0,0,-8,-17,-16,-19,-26,11,-4,-7,-12,please
17.55114507675171,5,8,7,8,-1,-11,-25,-23,-40,-55,-1,0,-20,-13,please
17.55114507675171,7,11,12,23,3,-2,-14,-17,-23,-30,2,8,-15,-2,please
17.56686758995056,-1,1,15,29,10,13,2,0,-1,17,2,-7,-14,0,please
17.56686758995056,-10,-11,1,16,6,19,16,12,7,27,-11,-12,-16,1,please
17.581995010375977,5,-10,-3,-3,0,7,10,11,11,8,-11,20,-4,13,please
17.581995010375977,26,4,10,-2,0,-12,-11,10,13,-1,11,41,11,18,please
17.597950220108032,21,17,20,7,1,-14,-19,2,3,2,23,19,10,2,please
17.597950220108032,0,15,22,11,4,0,-11,-8,-13,0,5,1,0,-10,please
17.613755702972412,-3,10,19,19,8,5,-2,-8,-21,-12,-8,0,-6,-7,please
17.613755702972412,3,4,9,12,4,8,6,-7,-17,-6,-6,-4,-11,-4,please
17.629019498825073,-2,-13,-4,-6,-6,14,15,-6,-6,22,-3,-15,-6,0,sil
17.629019498825073,-22,-26,-14,-11,-6,11,11,1,2,26,-9,-17,-1,7,sil
17.64457130432129,-25,-15,-11,0,2,9,9,5,3,7,-13,-11,-2,5,sil
17.64457130432129,0,4,-4,10,5,10,19,4,9,12,-6,-3,3,9,sil
17.659958839416504,10,6,-9,2,1,-3,13,10,22,16,2,-1,16,16,sil
17.659958839416504,0,-8,-15,-20,0,-15,-10,12,25,3,11,0,20,10,sil
17.675965785980225,8,-2,3,-13,0,-9,-18,8,22,5,26,18,26,11,sil
17.675965785980225,26,17,19,9,2,-12,-12,0,7,9,34,34,22,4,sil
17.69198250770569,6,7,-4,-10,-4,-21,-21,-15,-15,-17,15,11,0,-21,sil
17.69198250770569,-18,-3,-18,-32,-10,-15,-30,-22,-28,-45,0,-14,-16,-29,sil
17.708038330078125,-18,8,0,0,-2,-1,-12,-11,-25,-31,-8,-14,-18,-17,sil
17.708038330078125,-8,11,8,19,6,13,16,1,-7,0,-20,-14,-20,-19,sil
17.72403049468994,-10,-8,-2,-11,4,23,28,10,15,17,-22,-13,-11,-8,sil
17.72403049468994,-18,-27,-23,-21,-5,11,23,13,26,25,-18,-8,5,13,sil
17.739561557769775,-21,-32,-32,-9,-11,-7,7,4,9,10,-23,-8,3,4,sil
17.739561557769775,-8,-18,-25,-16,-12,-13,-12,-2,-11,-18,-23,-2,-5,-11,sil
17.75558352470398,7,8,-14,-20,-11,-11,-13,-3,-9,-21,-7,14,0,1,sil
17.75558352470398,22,23,10,-11,0,-8,1,-1,3,-11,12,26,16,17,sil
17.771526098251343,33,28,31,7,9,0,5,0,0,-16,25,25,15,16,sil
17.771526098251343,26,33,28,33,12,6,2,-5,-14,-13,19,14,0,5,sil
17.786556243896484,6,25,27,38,10,8,7,-6,-10,6,3,-2,-12,-4,sil
17.786556243896484,-9,0,18,20,6,13,10,-2,-4,14,-8,-16,-20,-11,sil
17.802648544311523,-20,-22,-3,4,3,21,5,-2,-13,8,-19,-22,-23,-11,sil
17.802648544311523,-14,-25,-12,0,0,14,8,4,-1,18,-13,-12,-6,0,sil
17.818077564239502,0,-19,-2,0,-3,0,10,19,24,26,1,0,15,12,sil
17.818077564239502,-2,-21,-6,-4,-8,-10,-3,12,24,6,-3,-9,11,9,sil
17.833271026611328,-1,-13,-14,-15,-9,-14,-20,-4,3,-7,-2,-14,0,0,sil
17.833271026611328,12,13,6,-1,-1,-10,-24,-7,-8,-2,25,15,9,-2,sil
17.848947048187256,21,34,27,25,9,-8,-19,-5,-11,-4,37,30,13,0,sil
17.848947048187256,15,31,24,31,12,-11,-11,-8,-15,-17,26,14,-3,0,sil
17.86396336555481,5,12,15,23,8,1,3,-10,-13,-12,12,1,-13,0,sil
17.86396336555481,0,-7,-3,10,4,22,21,-2,2,7,-10,-6,-2,4,sil
17.880024194717407,-5,-22,-22,-15,0,11,14,15,20,12,-12,-4,13,8,sil
17.880024194717407,-3,-19,-16,-25,-5,-8,-3,22,21,4,12,7,16,3,sil
17.896083116531372,-1,-1,0,-6,-3,-2,-3,6,9,0,13,0,3,-4,sil
17.896083116531372,-11,0,0,5,1,13,13,-4,0,9,-11,-18,-9,-4,sil
17.912059545516968,-23,-20,-18,-7,-6,10,13,0,2,18,-18,-11,-7,3,sil
17.912059545516968,-22,-26,-28,-36,-17,-10,-11,-1,6,-4,-14,0,-1,-1,sil
17.927687168121338,-3,-4,-17,-36,-12,-19,-23,-5,3,-24,-10,0,3,-6,sil
17.927687168121338,18,19,8,-6,0,-7,-15,0,2,-9,6,10,7,7,sil
17.943009614944458,23,30,27,10,9,-2,-16,-4,-7,-7,12,13,2,5,sil
17.943009614944458,0,22,10,10,11,1,-6,-16,-27,-15,-19,-17,-12,-15,sil
17.95879864692688,-16,2,-11,7,8,14,20,-10,-22,6,-39,-38,-20,-14,sil
17.95879864692688,-9,-6,-8,0,3,9,32,4,2,22,-19,-24,-13,0,sil
17.973953008651733,-5,-4,-10,-10,-7,-2,21,13,8,9,-11,-19,-6,0,sil
17.973953008651733,-12,-17,-26,-25,-20,-2,8,16,3,5,-22,-22,-5,-1,sil
17.99010419845581,0,-26,-23,-32,-13,-7,-1,9,11,3,-7,0,4,1,sil
17.99010419845581,22,0,9,-8,6,-12,-8,-2,11,-3,28,29,25,7,sil
18.005123615264893,24,25,31,22,12,0,-8,-7,0,-2,44,35,27,11,sil
18.005123615264893,7,24,22,26,6,8,-8,-14,-10,-8,28,22,4,0,sil
18.02034306526184,-7,15,19,20,10,0,-5,-20,-21,-22,2,10,-11,-20,sil
18.03596258163452,-15,5,14,22,15,0,0,-10,-21,-17,-8,11,-9,-18,sil
18.03596258163452,-18,-9,2,16,4,9,-2,0,-8,-2,-8,21,-6,-1,sil
18.05155110359192,-7,-18,1,6,-5,11,2,0,0,10,-4,25,-3,11,sil
18.05155110359192,14,-5,12,12,-4,2,16,7,10,20,4,36,7,21,sil
18.068096160888672,27,6,14,15,0,-5,5,19,26,15,12,54,18,22,sil
18.068096160888672,19,-2,-4,2,-2,-11,-17,16,29,10,12,23,12,12,sil
18.06859993934632,2,-10,-18,-11,-10,-19,-27,0,4,0,8,-35,-6,-2,sil
18.08858728408813,4,3,-3,-9,-8,-22,-15,-5,-13,-19,8,-36,-11,-8,sil
18.08959150314331,15,21,15,5,2,-8,4,1,-3,-18,16,-10,3,-1,sil
18.09876847267151,0,20,16,15,6,7,9,2,0,-5,16,-19,4,-7,sil
18.11388635635376,-18,11,1,15,0,13,9,-3,-12,-4,0,-37,-11,-17,sil
18.11388635635376,-15,-3,-11,7,-2,15,17,0,-6,0,-12,-33,-16,-6,sil
18.12901973724365,-13,-22,-18,-11,-6,13,16,5,4,9,-18,-26,-11,1,sil
18.12901973724365,-18,-24,-25,-26,-9,8,8,4,0,6,-20,-16,-4,2,sil
18.1448974609375,-7,-12,-20,-23,0,5,8,1,3,3,-10,0,5,13,sil
18.1448974609375,6,-8,-16,-20,2,2,4,2,18,7,0,4,14,17,sil
18.16014337539673,6,-6,-19,-23,-2,1,-14,-1,10,9,2,3,17,4,sil
18.16014337539673,8,3,-3,-17,-2,-6,-33,-9,-4,5,4,8,19,-1,sil
18.175938367843628,9,14,13,-3,-1,-25,-32,-14,-9,-2,2,4,7,-6,sil
18.175938367843628,-8,10,6,0,2,-18,-19,-16,-20,-16,-13,-10,-20,-23,sil
18.19202876091004,-18,-5,-3,-4,7,11,-1,-9,-21,-17,-31,-19,-38,-28,sil
18.19202876091004,-6,-8,6,1,12,21,22,1,-4,0,-33,-12,-27,-12,sil
18.207683324813843,-1,2,12,15,12,25,38,11,9,18,-23,-7,-12,2,sil
18.207683324813843,-8,0,-3,18,4,31,30,11,20,24,-14,-10,-7,8,sil
18.22357654571533,0,-10,-13,-5,0,6,6,6,18,16,-10,0,-1,8,sil
18.22357654571533,12,-8,-7,-22,2,-17,-4,6,4,1,1,21,21,6,sil
18.23885488510132,10,3,2,-6,1,-11,-5,5,0,-2,23,28,42,7,sil
18.23885488510132,10,7,14,3,-2,-8,-10,-1,0,-3,39,25,34,5,sil
18.253969192504883,20,12,21,4,-3,-16,-17,-10,-13,-15,34,23,8,-2,sil
18.253969192504883,9,18,25,24,1,-14,-9,-12,-20,-22,17,16,-5,-3,sil
18.27005362510681,-10,7,14,33,3,-8,9,-6,-9,-13,4,2,-6,4,sil
18.27005362510681,-12,-4,-5,10,-4,0,14,1,7,-1,-6,-5,-9,5,sil
18.285797595977783,-3,-6,-8,-2,-11,0,0,7,9,2,-10,2,-8,4,sil
18.285797595977783,0,-2,-5,-2,-12,-23,-17,7,1,0,4,14,3,8,sil
18.30189657211304,0,2,0,-7,-13,-32,-21,0,-2,-9,29,22,10,1,sil
18.30189657211304,1,12,9,1,-5,-10,-7,0,-2,0,35,19,1,-4,sil
18.31795597076416,0,14,13,19,5,6,6,6,0,10,12,1,-4,-2,sil
18.31795597076416,-2,5,10,19,7,9,12,9,5,3,-7,-14,-4,-3,sil
18.333576679229736,-2,-5,0,13,1,19,23,6,9,4,-9,-20,-8,-1,sil
18.333576679229736,-6,-13,-16,4,-4,27,27,8,13,19,-11,-22,-18,7,sil
18.34955048561096,-8,-17,-22,-15,-7,23,8,8,15,12,-23,-22,-14,4,sil
18.34955048561096,-3,-17,-20,-29,0,12,-5,-1,5,-8,-21,-11,3,1,sil
18.36463451385498,8,-8,-9,-29,9,0,-6,-8,-5,-17,1,5,15,7,sil
18.36463451385498,23,6,9,-10,12,-1,0,-3,-4,-7,18,12,11,5,sil
18.3798246383667,29,18,21,6,9,0,-5,-13,-9,0,12,9,4,-5,sil
18.3798246383667,18,20,16,4,2,-5,-26,-29,-22,-7,5,8,0,-14,sil
18.39589500427246,3,17,10,6,5,-6,-34,-21,-22,-9,6,-1,0,-9,sil
18.39589500427246,-1,10,14,22,17,7,-10,0,-7,12,0,-11,3,1,sil
18.41174578666687,-9,-4,0,18,9,9,13,5,10,25,-20,-14,4,1,sil
18.41174578666687,-22,-22,-27,-12,-7,0,17,7,22,12,-33,-15,0,-3,sil
18.427982091903687,-18,-28,-30,-31,-9,0,13,16,23,13,-19,-7,7,5,sil
18.427982091903687,-4,-19,-17,-26,-14,-5,0,4,4,10,-8,2,10,6,sil
18.443981170654297,-13,-9,-13,-16,-19,-25,-23,-20,-34,-37,-16,-3,-12,-23,sil
18.443981170654297,-28,-8,-16,-8,-13,-27,-24,-22,-53,-59,-27,-22,-39,-43,sil
18.45888543128968,-20,-2,-2,-1,-3,-8,-2,-6,-31,-23,-27,-21,-34,-21,sil
18.45888543128968,-12,7,10,2,0,6,15,1,-6,-5,-16,-10,-19,-6,sil
18.47406530380249,-7,8,0,11,0,20,27,15,11,2,-2,-9,-9,-2,sil
18.47406530380249,2,2,-4,9,3,31,32,30,32,36,12,0,9,18,sil
18.48970675468445,8,-2,1,-5,2,15,21,25,40,42,18,17,22,33,sil
18.48970675468445,12,0,0,-4,-2,-10,0,13,26,10,23,25,16,23,sil
18.504859685897827,26,6,8,7,0,-15,-10,9,9,-1,36,27,16,21,sil
18.504859685897827,29,9,15,5,5,-14,-6,7,9,9,41,28,21,23,sil
18.520538091659542,19,10,12,-2,9,-12,0,-1,19,9,32,26,12,9,sil
18.520538091659542,19,13,14,6,13,-4,-3,-11,12,-10,23,16,-1,-2,sil
18.53608226776123,10,13,16,19,8,-1,-16,-18,-12,-18,17,3,-6,-5,sil
18.53608226776123,-8,10,16,22,1,1,-7,-9,-13,6,12,0,1,-6,sil
18.551766633987427,-8,6,13,29,8,15,14,2,7,29,3,1,6,-3,sil
18.551766633987427,-8,0,6,21,8,24,14,0,5,25,-16,-7,-2,-5,sil
18.56780242919922,-13,-12,-7,-3,-2,10,5,0,-1,18,-26,-21,-3,-3,sil
18.56780242919922,0,-15,-10,-19,-7,-11,0,2,3,7,-16,-10,9,6,sil
18.58367896080017,16,-4,3,-21,-5,-17,-15,0,-3,-16,-4,13,15,1,sil
18.58367896080017,18,9,2,-11,-3,-9,-17,-9,-17,-24,1,15,10,-4,sil
18.599597692489624,7,10,-7,1,1,-8,-9,-18,-20,-19,6,3,2,-1,sil
18.599597692489624,-1,3,-4,0,2,-5,-18,-19,-28,-23,0,-1,-8,-11,sil
18.614813089370728,-2,4,1,-5,2,6,-20,-11,-30,-22,-8,-5,-16,-17,sil
18.614813089370728,-11,1,0,3,0,8,-1,-5,-19,-15,-10,-13,-19,-6,sil
18.630030155181885,-33,-13,-11,11,-6,4,9,0,-13,-20,-21,-27,-23,-10,sil
18.630030155181885,-36,-21,-18,2,-10,14,13,10,-5,-19,-29,-38,-23,-17,sil
18.64554071426392,-18,-16,-13,-5,-5,21,23,16,13,1,-18,-28,-16,-2,sil
18.64554071426392,-11,-14,-15,-10,-4,9,25,15,26,16,-8,-12,-4,9,sil
18.66111469268799,-13,-19,-19,-19,-7,-4,10,9,24,8,-13,-9,-2,7,sil
18.66111469268799,-4,-17,-18,-19,-17,-13,-5,5,19,-3,-21,-10,-8,3,sil
18.67665648460388,10,0,-5,-14,-17,-15,-9,4,14,-4,-6,11,7,16,sil
18.67665648460388,24,8,6,-16,-4,-11,-10,5,10,4,22,39,32,29,sil
18.69221019744873,25,5,5,-14,0,-10,-20,-4,-2,-7,18,30,17,12,sil
18.69221019744873,17,8,10,0,3,-23,-24,-16,-28,-41,-1,12,-5,-13,sil
18.708110094070435,21,20,20,13,9,-24,-11,-16,-30,-26,12,20,7,-9,sil
18.708110094070435,21,24,20,16,16,0,0,-8,-8,22,37,26,20,-5,sil
18.7241313457489,6,18,22,18,20,14,0,3,6,37,34,12,13,-13,sil
18.7241313457489,1,16,21,33,20,17,12,12,14,38,21,1,9,-2,sil
18.739399194717407,0,14,14,33,16,27,29,10,19,50,4,-4,0,0,sil
18.739399194717407,-18,3,0,12,13,32,34,4,17,51,-9,-19,-13,-14,sil
18.755029678344727,-23,-9,-14,0,10,29,34,3,12,44,-6,-20,-9,0,sil
18.755029678344727,-6,-15,-18,0,1,22,30,7,11,37,-4,-11,0,24,sil
18.77066135406494,-1,-16,-20,-14,-12,1,13,10,16,34,-12,-11,0,24,sil
18.77066135406494,-9,-18,-23,-36,-23,-22,-10,4,12,17,-3,-4,8,12,sil
18.7858681678772,-1,-15,-19,-32,-26,-35,-34,-6,-2,-36,2,1,5,1,sil
18.7858681678772,4,-6,-6,-14,-20,-29,-47,-9,-19,-85,-6,0,-10,-8,sil
18.803022384643555,0,0,6,-16,-8,-12,-34,-4,-19,-69,4,8,-2,-8,sil
18.803022384643555,12,14,15,-5,2,-1,-15,-4,-5,-34,26,17,17,-1,sil
18.81689500808716,24,35,30,33,11,-4,-15,-8,-9,-32,17,7,6,2,sil
18.831921815872192,12,26,33,50,16,-1,-11,-8,-24,-21,0,7,-3,2,sil
18.831921815872192,4,0,21,32,17,2,3,-4,-16,6,1,13,6,2,sil
18.847931623458862,5,-8,12,16,15,1,8,0,-4,0,-2,1,-2,0,sil
18.847931623458862,-8,-9,-4,8,5,7,11,0,-9,-19,-24,-16,-25,-7,sil
18.86362838745117,-24,-16,-16,-2,-7,18,23,-2,-11,-3,-34,-20,-19,-16,sil
18.86362838745117,-19,-18,-15,-13,-8,13,26,1,5,20,-28,-22,-10,-12,sil
18.86362838745117,-19,-20,-25,-23,-8,5,22,8,23,17,-27,-23,-21,-6,sil
18.87953090667725,-27,-23,-26,-29,-15,1,11,8,17,7,-29,-16,-20,-5,sil
18.87953090667725,-16,-13,-14,-22,-17,-8,-4,4,4,10,-18,-4,-3,-3,sil
18.894926071166992,3,0,-6,-17,-7,-12,-10,0,3,9,3,8,3,-3,sil
18.91101360321045,14,2,-1,-15,1,-5,-6,0,7,0,18,12,9,-3,sil
18.91101360321045,14,4,0,-5,7,-9,-15,0,3,-2,20,11,20,8,sil
18.926533460617065,14,13,4,0,5,-16,-25,-4,-3,1,24,17,18,10,sil
18.926533460617065,15,26,15,4,1,-4,-12,-8,-11,3,26,14,8,0,sil
18.942163228988647,9,29,22,17,5,11,0,-7,-21,-10,11,-1,2,-3,sil
18.942163228988647,-2,13,8,14,4,16,7,0,-14,-8,2,-8,0,3,sil
18.95785021781921,-5,-8,-10,-6,-5,9,18,15,14,25,11,-1,2,14,sil
18.95865297317505,1,-11,-5,-18,-7,-5,9,14,25,25,14,5,3,6,sil
18.97277283668518,13,10,6,-3,3,-9,-3,3,16,-11,7,7,3,-4,sil
18.97277283668518,15,22,15,19,14,8,3,1,6,-12,6,10,8,0,sil
18.987719774246216,-3,-2,4,23,10,19,10,-2,0,13,-3,0,0,2,sil
18.987719774246216,-16,-19,-18,4,-4,9,6,-6,2,19,-20,-13,-10,1,sil
19.003608465194706,2,-5,-6,0,-6,0,1,6,16,24,2,6,20,20,sil
19.003608465194706,23,1,11,10,0,-6,-3,3,7,24,29,33,48,29,sil
19.01895809173584,14,3,4,8,0,-15,-12,-27,-28,-12,7,16,22,-1,sil
19.01895809173584,0,18,12,7,4,-11,-13,-28,-45,-31,-6,-1,-2,-22,sil
19.034160375595093,-2,14,19,20,6,0,-3,0,-25,-1,10,2,-8,-7,sil
19.034160375595093,-6,-8,5,17,2,8,8,12,1,0,-2,-3,-33,0,sil
19.0495765209198,-8,-11,-1,15,2,15,16,17,19,-27,-23,-20,-38,0,sil
19.0495765209198,-9,-3,0,20,5,16,5,16,23,-12,-13,-23,-15,0,sil
19.0650691986084,-15,-8,-10,2,0,7,-7,6,8,16,-11,-22,-15,-6,please
19.0650691986084,-18,-20,-22,-21,-3,3,2,0,0,8,-23,-20,-22,-11,please
19.080981016159058,-18,-30,-23,-34,-6,0,13,-5,-1,-18,-27,-17,-13,-7,please
19.080981016159058,-17,-26,-28,-34,-8,-15,3,-4,0,-21,-31,-21,-13,-11,please
19.09603428840637,-8,-6,-22,-32,-6,-23,-5,0,6,2,-14,-5,-4,-15,please
19.09603428840637,0,-5,-7,-39,-9,-18,-14,-2,2,3,13,16,13,-5,please
19.11193037033081,7,-11,-1,-35,-20,-29,-29,-11,-17,-34,5,7,11,-2,please
19.11193037033081,17,8,13,-7,-14,-38,-35,-10,-26,-40,-1,1,2,-5,please
19.126946687698364,18,25,22,11,1,-14,-23,-3,-16,0,17,18,9,3,please
19.126946687698364,1,12,11,1,3,15,-4,2,-12,11,18,15,8,7,please
19.142565488815308,-1,7,10,-4,2,25,8,12,-6,5,3,0,0,0,please
19.142565488815308,10,20,18,13,14,27,20,17,17,34,6,0,5,3,please
19.157963275909424,0,18,14,24,14,28,29,11,29,43,13,3,8,14,please
19.157963275909424,-9,5,6,18,5,24,29,5,22,25,9,1,7,20,please
19.173258781433105,10,2,2,18,9,20,24,3,31,37,12,11,20,27,please
19.173258781433105,19,0,1,20,12,5,14,0,44,41,24,18,32,25,please
19.18874263763428,9,5,-2,13,0,-16,-1,-4,24,0,26,13,26,12,please
19.18874263763428,7,14,-3,8,3,-15,-14,-15,-17,-29,16,13,10,-3,please
19.20391869544983,1,12,0,11,14,-4,-15,-20,-40,-25,5,9,-7,-19,please
19.20391869544983,-8,9,3,22,3,-3,-6,-12,-34,-23,-6,-6,-21,-23,please
19.21999311447144,-14,-2,-2,16,-12,0,8,-2,-20,-25,-20,-23,-28,-18,please
19.21999311447144,-21,-23,-24,-10,-13,4,16,0,-7,-28,-27,-26,-23,-12,please
19.23564624786377,-16,-25,-25,-26,-11,-2,10,1,0,-38,-25,-14,-12,-6,please
19.23564624786377,0,-20,-5,-14,-17,-5,5,2,-2,-25,-23,-5,-9,4,please
19.25078797340393,0,-16,0,-7,-14,-7,-5,0,-2,12,-23,-3,-5,10,please
19.25078797340393,1,-6,-3,-11,-7,-19,-29,-4,-4,20,-13,8,5,0,please
19.26631808280945,10,0,-2,-10,-4,-14,-36,-5,-12,2,2,16,2,-9,please
19.26631808280945,12,6,13,-1,6,0,-20,0,-13,10,17,12,-4,-6,please
19.28143525123596,11,23,31,16,24,8,-3,6,0,26,21,7,0,-4,please
19.297626495361328,6,21,23,28,22,19,10,8,16,30,10,-3,2,-2,please
19.297626495361328,-4,0,6,9,8,24,25,13,28,37,6,-9,1,17,please
19.31360554695129,-5,-8,-6,-8,0,7,25,20,22,29,4,-10,7,28,please
19.31360554695129,-8,-11,-19,-14,-8,-5,2,7,2,-1,-19,-22,2,6,please
19.31360554695129,-8,-14,-12,-22,-14,-2,-10,0,-3,-17,-24,-18,0,-3,please
19.328593015670776,10,-8,-2,-25,-8,-6,0,10,4,-9,10,10,14,10,please
19.328593015670776,16,-2,-3,-15,0,-10,0,12,9,-17,21,26,26,16,please
19.345102310180664,6,0,-3,-4,0,-7,-8,1,10,-38,3,13,18,1,please
19.345102310180664,0,2,4,0,0,-4,-8,-11,-4,-41,4,1,-4,-14,please
19.360141038894653,-11,3,2,-1,4,-6,-12,-22,-27,-25,6,1,-23,-25,please
19.37568640708924,-16,5,-5,0,5,-6,-17,-22,-27,-20,-3,0,-19,-27,please
19.37568640708924,-11,12,3,7,3,-5,-8,-16,-19,-29,0,-9,-12,-22,please
19.37568640708924,-13,11,3,14,-1,-3,3,-10,-18,-15,0,-14,-23,-12,please
19.39078545570373,-18,-2,-12,7,-5,6,2,-7,-13,8,-18,-18,-29,-8,please
19.40593433380127,-14,-12,-12,0,-1,11,3,-4,0,14,-25,-22,-16,-7,please
19.40593433380127,-6,-12,-4,3,-6,6,18,5,15,24,-15,-13,0,3,please
19.421575784683228,3,-9,0,5,-7,6,24,15,21,37,-3,8,13,16,please
19.421575784683228,15,-3,0,1,4,8,21,17,25,41,7,18,19,23,please
19.4370596408844,21,6,-1,-3,4,6,23,10,36,50,12,12,19,30,please
19.4370596408844,21,9,0,-6,-6,0,13,6,32,48,10,15,25,25,please
19.45258665084839,22,11,6,5,3,-3,-5,5,11,37,17,25,34,11,please
19.45258665084839,21,22,18,15,18,-3,-12,2,0,39,28,25,23,5,please
19.468786478042603,17,24,24,11,11,-8,-15,-4,0,15,25,14,5,2,sil
19.468786478042603,11,19,24,17,6,-13,-24,-11,-4,-39,17,12,5,-4,sil
19.48385572433472,7,13,25,27,9,-1,-15,-6,-14,-46,11,11,6,-7,sil
19.48385572433472,-4,-5,6,12,5,12,5,-2,-14,-18,-5,-6,-9,-4,sil
19.499951124191284,-22,-23,-13,-6,1,4,9,-6,-17,-37,-21,-18,-24,-10,sil
19.499951124191284,-23,-16,-7,-8,0,0,8,0,-19,-50,-20,-13,-21,-10,sil
19.515567779541016,-19,-13,-7,-11,-8,12,13,10,-5,-20,-21,-15,-16,-3,sil
19.515567779541016,-25,-27,-23,-19,-15,13,6,1,-2,-12,-32,-23,-22,-13,sil
19.530680179595947,-12,-19,-19,-12,-10,0,-5,-2,-5,-15,-18,-15,-16,-12,sil
19.530680179595947,14,3,0,0,-4,-4,-2,8,5,5,3,2,5,14,sil
19.54671573638916,11,0,-6,-5,-10,-2,-2,5,2,7,-1,0,6,19,sil
19.54671573638916,-5,-12,-22,-20,-13,-9,-18,-7,-15,-17,-11,-11,-2,-5,sil
19.56185102462769,-2,-8,-15,-25,-3,-11,-25,-4,-7,-14,3,-5,7,-9,sil
19.56185102462769,2,-7,-16,-20,-5,-14,-20,2,5,8,9,1,16,1,sil
19.577938318252563,-4,-6,-13,-17,-15,-24,-27,-4,-15,-2,2,5,4,-4,sil
19.577938318252563,-4,14,5,-9,-6,-14,-25,-11,-25,-21,12,11,-6,-18,sil
19.59369421005249,0,29,10,7,6,16,1,-4,-4,-3,10,0,-15,-18,sil
19.59369421005249,-1,21,14,22,11,21,18,2,7,11,-2,-13,-17,-6,sil
19.6089506149292,0,17,30,31,18,9,20,0,8,10,7,0,-2,8,sil
19.6089506149292,6,15,25,29,22,19,19,-3,9,19,15,4,1,8,sil
19.624956846237183,0,-1,4,16,14,23,21,0,8,27,-5,-11,-12,1,sil
19.624956846237183,0,-8,-4,9,9,3,30,7,16,26,-13,-8,-7,8,sil
19.640809535980225,8,-4,-3,4,1,-1,29,12,27,29,-3,10,14,14,sil
19.640809535980225,1,-9,-7,-1,-9,2,17,13,31,34,-2,4,23,12,sil
19.65603280067444,-2,-10,-8,-10,-6,-8,10,12,29,31,-4,-4,19,14,sil
19.65603280067444,7,-8,0,-22,0,-24,0,8,21,16,0,6,15,10,sil
19.672003746032715,13,-8,4,-17,-2,-24,-19,-1,8,-1,2,17,16,0,sil
19.672003746032715,9,-4,12,-1,-2,-16,-29,-11,-11,-22,9,22,10,0,sil
19.68801975250244,9,3,14,4,0,-5,-22,-13,-20,-25,21,25,1,-1,sil
19.68801975250244,13,18,11,9,5,-1,-15,-14,-19,-17,28,24,4,-5,sil
19.703336477279663,8,28,13,15,9,-6,-13,-9,-26,-24,23,12,5,-7,sil
19.703336477279663,-5,16,3,13,-3,0,-4,-1,-26,-29,2,-5,-10,-10,sil
19.71866178512573,-13,3,-5,10,-7,19,12,0,-7,-9,-10,-12,-21,-6,sil
19.71866178512573,-4,1,-2,12,2,26,21,5,3,3,-6,-5,-9,4,sil
19.7341856956482,-8,-13,-11,0,-1,20,10,5,-2,-5,-12,-12,-2,1,sil
19.7341856956482,-25,-30,-33,-18,-12,13,-6,-1,-11,-13,-31,-27,-13,-10,sil
19.75025963783264,-18,-23,-35,-15,-8,4,-6,-2,-6,0,-30,-27,-19,-4,sil
19.75025963783264,1,-7,-12,-6,-3,0,2,7,5,14,-12,-11,0,10,sil
19.765840768814087,9,-3,0,-11,-2,-5,1,11,11,14,-5,1,16,14,sil
19.765840768814087,8,-10,-8,-22,-5,-13,-12,4,0,-4,-9,4,6,5,sil
19.780983209609985,0,-12,-5,-21,-10,-12,-21,-1,-12,-28,-6,2,-4,-8,sil
19.780983209609985,-7,5,9,-5,-4,-3,-10,-9,-10,-26,3,-1,0,-16,sil
19.79611849784851,-3,25,19,6,9,1,4,-15,-9,-4,12,-3,-2,-18,sil
19.79611849784851,0,22,21,16,14,6,5,-6,-9,6,8,-5,-16,-18,sil
19.81137180328369,-3,15,16,28,16,15,10,6,2,17,3,-4,-10,-10,sil
19.81137180328369,-1,13,14,28,18,11,28,8,21,38,8,-1,2,8,sil
19.82708978652954,0,0,0,12,9,0,26,8,33,38,1,-3,1,19,sil
19.82708978652954,-3,-14,-11,-3,-3,-6,1,8,29,9,-5,-3,2,12,sil
19.842684507369995,0,-9,-10,-14,-8,-20,-12,0,10,-5,10,14,15,8,sil
19.842684507369995,4,-2,-11,-24,-14,-34,-17,-8,-7,-8,19,26,17,7,sil
19.858657598495483,0,-3,-3,-28,-15,-27,-17,-9,-15,-23,10,18,2,-6,sil
19.858657598495483,11,6,14,0,0,-3,-4,-5,-7,-16,13,9,-2,-6,sil
19.874228954315186,18,15,19,27,8,14,0,-4,2,9,16,7,0,9,sil
19.874228954315186,1,0,5,21,5,16,-7,-5,3,13,4,-1,-4,8,sil
19.88957595825196,-4,-11,-2,8,0,15,2,-2,0,5,-10,-13,-10,2,sil
19.88957595825196,2,-10,-1,3,-2,13,21,9,6,7,-21,-13,-4,7,sil
19.905128717422485,3,-8,-8,-6,-4,7,23,23,22,12,-19,-8,7,10,sil
19.905128717422485,5,-5,-10,-15,0,2,15,21,29,8,-4,3,23,10,sil
19.922903537750244,3,-10,-8,-18,-2,-5,1,4,9,-3,0,8,19,-2,sil
19.922903537750244,-8,-17,-15,-22,-8,-12,-10,-7,-16,-19,-6,0,-6,-27,sil
19.93594765663147,-10,0,-6,-17,0,-10,-15,-9,-29,-30,-8,-1,-17,-27,sil
19.93594765663147,1,27,12,7,9,-6,-12,-8,-27,-30,-5,-2,-8,-1,sil
19.951945781707764,1,29,16,28,4,-4,-12,-9,-25,-20,0,-6,-8,2,sil
19.951945781707764,-8,13,11,26,3,5,-15,-7,-32,-7,0,-4,-16,-13,sil
19.96700644493103,-7,4,3,16,4,16,-3,-3,-30,7,-5,-3,-14,-9,sil
19.96700644493103,-4,1,-2,11,6,16,11,0,-6,25,-2,-1,-1,12,sil
19.98295211791992,-5,-7,-11,0,4,10,13,2,14,27,0,-1,5,12,sil
19.98295211791992,-2,-20,-19,-15,-7,6,5,0,18,11,-3,-4,6,3,sil
19.997965097427368,3,-14,-5,-19,-8,0,2,8,17,6,6,8,19,13,sil
20.01362252235413,7,0,5,-8,0,-12,-1,8,13,6,25,20,30,13,sil
20.01362252235413,5,4,3,-8,-3,-23,-15,-9,-3,-6,23,12,15,-7,sil
20.02953171730041,2,4,7,-9,-5,-19,-13,-11,-5,-6,16,5,0,-12,sil
20.02953171730041,0,12,22,14,6,-6,0,0,4,6,11,3,0,1,sil
20.044688940048218,0,20,24,34,13,7,4,-2,1,4,-1,-5,-12,0,sil
20.044688940048218,-1,7,4,16,0,23,8,0,5,2,-14,-18,-19,-2,sil
20.060778379440308,0,-21,-10,-15,-9,15,19,17,29,6,-17,-16,-3,6,sil
20.060778379440308,10,-21,-8,-18,-9,-3,17,19,39,0,-12,1,10,7,sil
20.0768723487854,5,6,-1,-4,-2,-4,0,-1,17,-14,0,10,0,-7,sil
20.0768723487854,-11,9,0,5,3,3,-10,-15,-11,-24,0,0,-18,-19,sil
20.09804320335388,-6,-4,-2,12,1,5,5,-1,-9,-10,-14,-9,-16,-3,sil
20.09804320335388,5,-10,-11,0,-5,4,17,11,6,8,-14,0,-1,15,sil
20.09804320335388,0,-15,-18,-20,-9,-7,-4,5,0,0,-5,9,4,9,sil
20.109038829803467,-1,-5,-20,-17,-5,-23,-26,0,-14,-10,1,9,10,0,sil
20.109038829803467,8,16,-5,0,0,-19,-18,-9,-22,-5,14,2,9,-2,sil
20.12374520301819,0,13,6,7,2,-1,-2,-22,-31,-8,0,-13,-12,-12,sil
20.13897395133972,-23,-11,-2,0,0,14,6,-9,-24,-8,-28,-26,-30,-16,sil
20.13897395133972,-23,-21,-19,-13,-3,13,9,16,11,15,-13,-18,-7,-1,sil
20.155027627944943,2,-3,-8,-15,0,-1,0,18,33,27,22,5,22,12,sil
20.155027627944943,9,9,12,-5,11,-8,-11,1,7,4,24,16,13,2,sil
20.17010474205017,-2,3,7,0,12,-2,-11,-6,-15,-5,11,3,-6,-12,sil
20.17010474205017,0,9,9,4,6,3,0,-4,-6,10,22,3,4,-5,sil
20.185688018798828,7,25,28,18,11,4,8,0,1,17,25,14,16,9,sil
20.185688018798828,0,4,14,17,7,5,10,-2,-4,9,-5,0,-1,11,sil
20.20089054107666,-5,-24,-3,0,-6,12,8,-7,-3,4,-35,-11,-13,7,sil
20.20089054107666,3,-11,0,0,-4,16,11,-4,5,8,-27,-3,-1,8,sil
20.21698260307312,12,6,8,9,10,9,14,3,11,12,-6,0,8,16,sil
20.21698260307312,11,-1,2,1,13,-3,4,12,14,9,-6,0,10,15,sil
20.23175859451294,6,-7,-10,-13,-4,-20,-15,4,1,-10,-14,4,3,-5,sil
20.23175859451294,9,9,-3,-10,-16,-28,-27,-5,-17,-36,2,13,-1,-18,sil
20.248024940490723,19,23,16,5,-8,-12,-17,1,-6,-28,32,17,10,-2,sil
20.248024940490723,13,19,16,9,-2,-2,-8,3,2,-9,31,12,14,4,sil
20.263097524642944,-7,11,1,7,-9,-5,-7,-9,-13,-15,9,4,-3,-11,sil
20.263097524642944,-15,10,0,15,-9,3,0,-11,-14,-18,0,-2,-11,-12,sil
20.27888965606689,-10,2,2,18,0,18,10,-3,-4,-5,-3,-7,-8,-2,sil
20.27888965606689,-12,-16,-6,13,0,21,21,-2,-7,2,-9,-11,-16,-5,sil
20.29395127296448,-18,-23,-19,1,-9,15,22,4,2,6,-15,-11,-17,0,sil
20.29395127296448,-5,-22,-22,-16,-12,0,7,17,23,10,-7,0,2,3,sil
20.30960702896118,13,-21,-13,-16,-9,-15,-3,12,19,4,15,12,25,4,sil
20.30960702896118,15,-5,7,-2,-4,-10,-2,-1,3,0,30,25,25,11,sil
20.32508659362793,12,13,17,2,6,-9,-2,1,9,7,22,25,11,9,sil
20.32508659362793,11,16,8,7,16,-8,-4,6,7,13,9,7,2,-1,sil
20.340925455093384,4,9,8,9,15,2,-6,-3,-13,0,-2,-5,0,-1,sil
20.340925455093384,-6,3,3,-1,9,6,-3,-12,-15,-1,-27,-19,-13,-1,sil
20.3566415309906,-19,0,-8,-6,9,0,1,-10,-3,3,-40,-37,-29,-14,sil
20.3566415309906,-21,0,-9,0,8,9,4,-5,0,3,-26,-41,-29,-18,sil
20.37215137481689,-15,-11,-14,-16,3,20,5,0,8,10,-16,-31,-14,-5,sil
20.37215137481689,-21,-34,-34,-49,0,11,6,4,15,18,-27,-27,-4,0,sil
20.387843370437626,-23,-32,-35,-41,-3,-3,7,8,14,14,-21,-24,0,1,sil
20.387843370437626,-6,-6,-12,-13,0,0,3,12,19,18,4,-2,5,13,sil
20.40370965003968,5,-1,-2,-10,-1,5,0,11,23,27,11,5,7,19,sil
20.40370965003968,0,-1,-9,-13,-11,-10,-5,5,10,8,0,-2,9,9,sil
20.41906714439392,-2,11,-1,-6,-9,-25,-19,-3,-9,-21,2,5,11,-5,sil
20.41906714439392,5,21,11,0,-5,-17,-25,-12,-23,-27,22,28,5,-8,sil
20.43411087989807,21,29,29,20,-2,-11,-16,-14,-27,-28,36,41,0,-2,sil
20.43411087989807,34,40,42,40,8,-9,-6,-11,-24,-38,39,41,4,0,sil
20.44981479644776,30,34,32,32,9,-2,-8,-18,-27,-37,27,26,1,-6,sil
20.44981479644776,7,17,22,23,1,10,-3,-22,-37,-25,8,9,-13,-17,sil
20.46536612510681,-2,5,25,35,6,23,17,-2,-26,-3,0,2,-9,-8,sil
20.46536612510681,7,-5,22,30,2,16,20,15,0,14,-1,5,5,14,sil
20.48113512992859,12,-12,7,13,-12,1,11,14,11,14,-14,5,2,18,sil
20.48113512992859,2,-13,0,17,-7,7,22,9,20,11,-26,0,-2,12,sil
20.496022701263428,-3,-19,0,13,-2,8,22,11,30,21,-22,-3,5,20,sil
20.496022701263428,-5,-28,-16,-12,-14,-8,5,8,25,24,-14,-6,11,16,sil
20.51203203201294,-2,-20,-27,-23,-4,-13,0,4,10,4,-2,-4,7,-2,sil
20.51203203201294,2,-6,-13,-17,8,-8,0,5,4,-9,9,0,9,-8,sil
20.528043270111084,0,-3,-14,-16,0,-9,-14,0,0,-2,8,0,13,-5,sil
20.528043270111084,-7,-3,-18,-17,-2,-3,-18,-10,-9,-2,5,-5,6,-11,sil
20.543190240859985,-2,7,-1,-8,10,7,-1,-1,2,0,10,-5,0,-9,sil
20.558695316314697,-3,20,5,2,19,17,6,8,21,14,13,-5,2,0,sil
20.558695316314697,-13,18,0,13,19,17,1,1,10,20,5,-11,4,-6,sil
20.558695316314697,-15,4,-1,13,9,15,13,2,3,23,-9,-20,1,-2,sil
20.57463836669922,-16,-14,-13,-9,0,15,25,15,28,38,-9,-14,7,17,sil
20.57463836669922,-13,-27,-33,-37,-7,-2,2,7,26,27,2,-1,15,21,sil
20.58957886695861,-3,-16,-25,-40,-15,-28,-31,-17,-17,-14,1,0,5,-1,sil
20.58957886695861,0,-2,-4,-27,-16,-33,-37,-23,-41,-39,-6,-6,-15,-22,sil
20.60605239868164,0,-4,-7,-22,-17,-23,-23,-13,-25,-38,-8,-6,-27,-23,sil
20.621015071868896,-8,-6,-7,-22,-19,-14,-20,-8,-13,-39,-8,-2,-27,-23,sil
20.621015071868896,-13,5,8,-5,-7,-7,-18,-1,-16,-34,-4,-1,-27,-26,sil
20.621015071868896,5,20,22,21,6,0,-11,1,-21,-23,0,4,-23,-9,sil
20.636653661727905,25,26,29,31,6,12,-4,-1,-16,-14,-3,12,-15,9,sil
20.636653661727905,16,26,26,34,11,21,7,-3,5,8,-4,7,-5,13,sil
20.6525719165802,6,24,25,38,23,21,16,1,16,22,4,6,0,14,sil
20.6525719165802,6,16,22,36,16,17,16,2,0,5,0,3,-3,11,sil
20.66869282722473,-5,-1,3,24,0,10,21,-1,-13,-2,-18,-11,-15,1,sil
20.66869282722473,-8,-16,-3,8,0,4,32,5,0,15,-8,-9,-11,7,sil
20.68386054039001,14,-13,0,4,4,8,35,17,19,30,9,1,11,22,sil
20.69885873794556,9,-14,-9,1,0,7,30,14,21,23,0,-7,19,13,sil
20.69936990737915,-11,-28,-21,-10,-7,-4,18,11,21,18,-2,-9,19,1,sil
20.71444582939148,0,-27,-17,-23,-4,-13,0,5,20,21,20,11,38,8,sil
20.71444582939148,14,-9,-7,-24,0,-22,-13,-10,2,7,25,24,44,8,sil
20.729578495025635,6,0,-5,-16,-8,-26,-20,-14,-8,-9,13,18,23,1,sil
20.729578495025635,10,3,0,-8,-9,-17,-22,0,-3,-8,14,16,11,0,sil
20.74560809135437,14,10,4,-5,5,-1,-20,5,1,-4,11,13,8,-6,sil
20.74560809135437,0,18,3,-4,12,7,-16,0,2,-16,2,4,-4,-14,sil
20.76095628738404,-1,26,16,6,4,7,-12,-8,-3,-24,3,4,-11,-8,sil
20.76095628738404,4,19,23,16,0,3,-6,-10,-9,-5,-4,0,-11,-3,sil
20.77655053138733,-9,-2,9,2,-6,10,-2,-2,-12,4,-24,-18,-21,-10,sil
20.77655053138733,-29,-11,-5,-8,-13,20,4,3,-16,-14,-31,-25,-29,-11,sil
20.79181981086731,-24,-6,-12,-4,-12,13,14,3,-5,-9,-28,-13,-13,1,sil
20.79181981086731,-15,-17,-19,-16,-7,0,9,5,15,20,-15,-6,10,6,sil
20.8079195022583,-18,-22,-30,-32,-10,-4,3,5,18,9,-7,-14,18,-4,sil
20.8079195022583,-13,-9,-28,-23,-10,0,0,1,5,-17,-9,-7,4,-11,sil
20.823737859725952,-2,-3,-14,-7,-2,-9,-12,4,6,-3,6,13,0,-6,sil
20.823737859725952,2,6,0,4,5,-17,-14,8,12,14,32,11,3,-1,sil
20.83881402015686,13,29,19,25,13,-7,0,1,1,5,28,0,-3,0,sil
20.83881402015686,27,34,31,39,19,0,0,-5,-11,-2,18,8,-10,5,sil
20.854923248291016,20,20,24,30,22,-7,-14,-13,-16,-5,30,18,0,9,sil
20.854923248291016,11,16,21,23,17,-3,-13,-18,-15,1,28,15,1,2,sil
20.870999097824097,15,13,22,29,7,14,4,-9,-9,11,3,3,-5,1,sil
20.870999097824097,8,-3,12,18,2,16,15,0,-5,0,-14,-14,-10,5,sil
20.887094497680664,-10,-23,-12,-7,-5,4,14,-1,-4,-1,-25,-25,-12,0,sil
20.887094497680664,-17,-28,-22,-18,-20,4,17,-5,-9,8,-31,-24,-14,-8,sil
20.9031400680542,-16,-26,-13,-13,-16,10,20,-6,-21,-1,-29,-22,-16,-13,please
20.9031400680542,-11,-18,-13,-9,-1,9,11,-3,-17,-20,-34,-19,-17,-7,please
20.918978929519653,-8,-11,-14,-13,-4,1,0,9,1,-13,-24,-9,-3,0,please
20.918978929519653,-2,-14,-9,-20,-12,-10,-3,23,23,12,3,1,18,11,please
20.934574842453003,15,-10,-2,-16,-5,-22,-5,24,35,23,10,18,25,20,please
20.934574842453003,26,-1,4,-6,0,-22,-10,20,32,9,2,28,23,24,please
20.94973635673523,14,-5,-4,-6,-1,-16,-9,5,11,-5,8,18,19,15,please
20.94973635673523,-1,-7,-14,-19,-7,-13,-10,-14,-13,-18,17,11,9,-4,please
20.964959859848022,-1,14,-1,-12,-1,-4,-12,-21,-18,-19,23,17,2,-19,please
20.964959859848022,3,37,18,14,14,13,-4,-11,-10,-4,29,19,2,-9,please
20.980552434921265,4,39,28,24,21,22,5,0,-8,-4,22,17,5,2,please
20.980552434921265,-2,24,19,16,16,15,11,3,4,-6,10,2,3,1,please
20.99657845497132,-11,7,9,9,9,11,7,7,20,18,2,-14,-7,-2,please
20.99657845497132,-7,3,6,11,8,17,6,9,15,24,-12,-12,-17,0,please
21.012168169021606,-3,0,-1,6,9,19,16,5,14,3,-24,-9,-11,1,please
21.012168169021606,-12,-12,-9,-6,0,8,18,-1,23,14,-12,-15,0,0,please
21.02782106399536,-8,-15,-8,-5,-11,-4,4,-4,15,28,1,-6,0,0,please
21.02782106399536,-1,-9,-7,1,-9,-2,-1,0,3,0,-3,0,-5,3,please
21.043879747390747,-3,-14,-17,-9,-8,0,-1,2,5,-9,-15,-14,0,-1,please
21.043879747390747,0,-17,-18,-17,-18,-14,-15,-1,0,8,-10,-12,10,-1,please
21.0602068901062,5,-4,1,-2,-23,-27,-30,-8,-16,-7,3,11,11,2,please
21.0602068901062,4,5,4,5,-12,-17,-20,-8,-25,-30,14,15,6,-3,please
21.0760760307312,7,2,-4,-1,6,-9,-10,-11,-33,-31,9,4,-1,-19,please
21.0760760307312,5,0,0,-5,7,-17,-16,-18,-40,-45,-8,0,-20,-28,please
21.090944290161133,-2,4,5,1,0,-11,-15,-15,-32,-43,-13,-5,-27,-18,please
21.090944290161133,0,11,13,13,9,4,-4,0,-26,-1,2,-10,-7,-2,please
21.106565475463867,2,10,15,27,16,7,6,12,-15,29,5,-14,5,3,please
21.106565475463867,-13,-1,1,19,5,8,19,10,6,37,-6,-19,-4,6,please
21.12196469306945,-16,-10,-9,-2,4,20,25,8,15,49,-6,-11,-3,15,please
21.12196469306945,-2,-7,-8,-10,1,17,16,9,10,49,-3,2,12,15,please
21.13780689239502,0,-10,-5,-13,-12,0,5,7,18,26,-7,5,14,10,please
21.13780689239502,1,-13,-3,-17,-13,-5,5,9,33,1,-4,5,5,16,please
21.153112173080444,11,2,4,-10,0,4,3,9,25,-25,6,22,4,14,please
21.153112173080444,11,18,12,-3,5,5,-3,0,8,-40,10,26,3,-2,please
21.168872356414795,5,17,8,-3,0,-6,-3,-4,5,-25,6,10,4,-7,please
21.168872356414795,15,13,12,0,0,-12,-2,-3,3,-8,14,9,8,3,please
21.184099435806274,12,1,12,6,5,-2,-3,-7,-4,-9,6,4,-3,2,please
21.184099435806274,-11,-16,-6,6,3,4,0,-3,-2,-4,-24,-20,-18,-9,please
21.20022869110108,-9,-19,-18,6,-1,4,5,8,12,10,-18,-13,0,-2,please
21.20022869110108,13,-5,-10,1,0,0,3,5,13,11,19,18,24,12,please
21.21600556373596,17,7,3,-2,4,-6,-6,-8,-5,-6,29,23,16,2,please
21.21600556373596,7,21,12,11,8,-1,-5,-7,-15,-12,15,2,-4,-12,please
21.2316472530365,-1,20,13,27,8,19,6,0,-11,1,0,-15,-17,-8,please
21.2316472530365,-13,-6,-1,8,5,25,9,4,-6,12,-8,-20,-16,-1,please
21.24798583984375,-15,-25,-23,-17,-2,11,7,8,14,18,2,-6,0,6,please
21.24798583984375,-5,-13,-21,-19,-14,-5,0,4,26,20,15,6,10,12,please
21.26354956626892,0,0,-5,-9,-15,-29,-14,-5,1,3,4,1,1,0,please
21.26354956626892,-5,8,0,-3,0,-33,-21,-10,-21,-19,-3,-4,-10,-13,please
21.27883720397949,-17,6,2,2,9,-6,-3,-10,-17,-21,-3,-7,-15,-13,please
21.279194831848145,-19,0,3,9,0,13,7,-10,-12,-2,-15,-17,-16,-7,please
21.293950080871586,-8,0,10,12,-1,19,4,-5,-15,6,-27,-17,-14,-7,please
21.293950080871586,-4,0,11,10,4,21,11,1,0,14,-26,-9,-8,-8,please
21.30876541137696,-13,-11,-6,-7,-7,8,15,7,17,28,-20,-13,0,2,please
21.30876541137696,-10,-18,-12,-34,-22,-11,-2,9,0,18,-18,-8,10,7,please
21.32487535476685,3,-14,-6,-35,-14,-16,-18,5,-11,-8,-14,5,14,-1,sil
21.32487535476685,14,-5,-6,-22,-4,-9,-12,1,3,-20,0,4,18,-2,sil
21.34091734886169,19,0,-3,-11,-2,-4,2,5,9,-15,13,5,22,5,sil
21.34091734886169,23,8,2,2,0,-12,2,7,-1,-13,22,20,19,4,sil
21.35604882240296,28,19,13,7,0,-28,-13,0,-9,-20,26,29,10,2,sil
21.35604882240296,31,30,25,18,5,-19,-17,-4,0,-13,29,27,6,8,sil
21.3713858127594,27,38,35,41,25,10,4,3,14,6,31,29,9,14,sil
21.3713858127594,14,29,28,46,34,23,20,3,14,6,17,18,0,12,sil
21.387800693511963,-6,3,1,18,14,12,9,-13,-4,-11,-14,-10,-24,-1,sil
21.387800693511963,-21,-12,-10,-2,-1,5,-8,-20,-20,-9,-22,-23,-31,-17,sil
21.40384793281555,-14,-8,-7,2,0,10,-10,-8,-11,5,0,-17,-14,-12,sil
21.40384793281555,-9,-11,-15,3,3,9,-3,0,-5,7,3,-16,-8,1,sil
21.41961145401001,-20,-25,-28,-14,-7,-3,0,0,-10,7,-16,-19,-17,0,sil
21.41961145401001,-29,-25,-27,-20,-18,-6,5,5,-4,9,-28,-17,-18,-2,sil
21.43516850471497,-27,-16,-15,-11,-12,7,9,9,9,5,-21,-9,-13,4,sil
21.43516850471497,-16,-15,-14,-10,-9,12,2,7,18,6,-9,-2,0,1,sil
21.45108819007873,-7,-13,-12,-16,-17,0,-5,4,15,5,-1,2,19,-9,sil
21.45108819007873,-1,0,-3,-16,-6,-7,-10,0,6,-3,6,6,17,-8,sil
21.466107606887817,10,12,3,-5,6,-10,-12,0,-1,-9,21,9,8,-1,sil
21.466107606887817,23,21,21,13,-1,-10,-8,0,-9,-13,26,15,10,-1,sil
21.481761693954468,18,18,33,27,-1,2,9,4,-1,3,14,14,11,7,sil
21.481761693954468,5,2,17,15,16,21,28,7,15,37,3,1,14,22,sil
21.49694871902465,7,-8,5,0,18,20,37,8,14,39,2,-5,18,17,sil
21.49694871902465,13,-7,11,6,1,8,33,7,5,13,0,-3,7,9,sil
21.51264786720276,3,-9,3,2,-5,0,15,4,12,2,-7,0,3,11,sil
21.51264786720276,4,-10,-9,-16,0,-13,-1,0,11,4,-5,5,17,11,sil
21.527745008468628,15,0,-6,-23,0,-22,-14,-6,-8,-11,7,10,13,0,sil
21.544015407562256,7,11,4,-12,-3,-12,-22,-12,-22,-34,15,7,-10,-14,sil
21.544015407562256,0,23,8,8,6,0,-19,-15,-20,-31,11,2,-22,-15,sil
21.544015407562256,0,29,5,17,13,-4,-15,-16,-21,-18,1,-1,-20,-11,sil
21.55901527404785,-14,11,-14,0,2,-4,-11,-12,-19,-14,-15,-18,-29,-23,sil
21.57461738586425,-28,-9,-29,-12,-3,10,2,0,2,0,-26,-27,-35,-26,sil
21.57461738586425,-15,-14,-13,-10,-5,5,1,9,28,15,-16,-9,-13,0,sil
21.57461738586425,0,-5,0,-13,-10,-16,-20,3,28,2,-1,11,17,8,sil
21.59000325202942,4,4,4,-7,-5,-7,-22,-3,3,-9,8,15,18,-6,sil
21.60614252090454,0,9,10,9,5,12,-2,0,-14,-6,0,3,-3,-8,sil
21.60614252090454,-8,3,6,15,1,10,1,0,-16,-7,-17,-11,-18,-5,sil
21.62121033668518,-17,-6,0,11,-5,9,3,-6,-11,-1,-17,-11,-13,-8,sil
21.62121033668518,-13,-13,-3,9,-8,15,18,2,-1,11,-13,-5,-2,3,sil
21.62121033668518,-6,-22,-9,-5,-13,-2,13,9,0,9,-22,-8,3,15,sil
21.636990070343018,0,-32,-15,-27,-19,-28,-9,4,-3,-5,-14,-4,14,10,sil
21.65237021446228,7,-14,-6,-20,-13,-26,-14,1,-1,-7,15,13,27,14,sil
21.65237021446228,17,18,15,9,8,-8,-3,2,1,-1,26,22,22,15,sil
21.668260097503666,20,32,27,36,22,7,0,3,0,-2,10,10,4,3,sil
21.668260097503666,9,20,20,38,21,18,4,3,-5,-4,6,0,-1,0,sil
21.68305253982544,3,-1,2,13,16,19,15,5,-2,9,12,-7,0,5,sil
21.68305253982544,6,-16,-15,-11,1,7,19,5,8,22,8,-12,-1,6,sil
21.69872689247132,0,-13,-12,-8,-1,-7,12,6,23,17,9,-1,0,7,sil
21.69872689247132,1,-1,0,3,10,-8,12,7,31,24,23,18,20,17,sil
21.71435189247132,21,2,5,-9,13,4,14,3,18,28,28,23,30,17,sil
21.71435189247132,17,7,7,-21,2,4,0,-7,-3,-2,15,8,0,-8,sil
21.73006057739257,-12,15,3,-3,0,-2,-17,-15,-18,-27,-3,-6,-31,-35,sil
21.73006057739257,-22,16,0,9,0,6,-13,-15,-26,-15,-12,-12,-26,-28,sil
21.74565482139588,-13,11,0,10,-2,17,0,-8,-19,0,-11,-12,-10,-7,sil
21.74565482139588,-11,0,0,10,-9,12,4,1,-2,2,-14,-10,-7,0,sil
21.761785984039307,-13,-14,-9,0,-13,3,5,5,4,3,-21,-7,-7,0,sil
21.761785984039307,-8,-17,-21,-11,-12,0,6,0,4,1,-20,-7,-6,4,sil
21.777857303619385,0,-9,-15,-14,-9,-6,0,0,7,-6,-12,0,0,11,sil
21.777857303619385,13,-8,0,-12,-8,-13,-2,2,10,-3,2,18,21,16,sil
21.79342746734619,13,-6,1,-11,-6,-18,-10,0,7,2,16,22,25,4,sil
21.79342746734619,0,2,-5,-9,-6,-23,-23,-4,-2,-13,10,15,2,-12,sil
21.809548139572144,3,12,2,0,-4,-20,-23,-6,-11,-28,4,9,-3,-9,sil
21.809548139572144,17,18,19,11,9,-2,-12,0,-11,-13,9,7,4,-1,sil
21.82562232017517,4,22,14,13,16,10,-4,2,0,5,3,-1,-5,-3,sil
21.82562232017517,-22,11,-3,3,7,10,4,0,3,4,-15,-22,-24,-7,sil
21.84131646156311,-21,-8,-5,1,0,14,13,0,-4,-3,-25,-31,-23,-7,sil
21.84131646156311,-7,-23,0,0,1,23,18,7,0,3,-24,-15,-12,5,sil
21.857100248336792,-9,-29,-4,-12,-1,14,20,10,15,21,-17,-3,-3,14,sil
21.857100248336792,-6,-28,-8,-15,-7,-3,13,9,18,23,-7,-3,6,6,sil
21.872817754745483,11,-14,-5,-6,-4,-11,0,6,10,-2,3,3,13,1,sil
21.872817754745483,15,0,0,-13,0,-15,-16,0,-3,-25,16,13,13,0,sil
21.88801741600037,8,7,4,-12,1,-16,-19,-5,-21,-14,20,7,8,0,sil
21.88801741600037,6,18,19,11,5,-8,-7,-10,-19,0,11,-1,-2,-2,sil
21.903663873672485,0,20,18,23,10,-1,3,-14,-11,-7,1,-9,-14,-16,sil
21.903663873672485,-4,13,4,20,12,9,4,-14,-18,-6,0,-13,-13,-15,sil
21.91913676261902,2,10,5,25,17,29,12,-4,-9,19,5,-5,2,7,sil
21.91913676261902,8,9,0,23,13,23,26,13,22,40,3,2,20,21,sil
21.93419981002808,2,0,-11,0,0,-1,15,17,29,29,-5,-3,17,11,sil
21.93419981002808,-4,-13,-17,-10,-11,-11,-10,4,13,6,-4,-13,5,2,sil
21.949880599975582,0,-9,-21,-7,-16,-12,-21,-2,8,-7,-2,0,10,6,sil
21.949880599975582,5,0,-18,-19,-13,-15,-18,0,1,-19,2,17,20,3,sil
21.965025424957275,3,1,-10,-24,-5,-10,-9,-7,-8,-20,21,9,7,-9,sil
21.965025424957275,6,8,8,-8,0,-8,-5,-13,-18,-14,22,9,-14,-9,sil
21.98062443733216,7,19,22,15,1,-3,-2,0,-15,-2,6,23,-11,0,sil
21.98062443733216,-8,1,1,22,0,7,5,-2,0,4,4,11,-2,-4,sil
21.996374130249023,-17,-15,8,0,-10,14,8,-1,-7,-3,-6,4,-18,0,sil
21.996374130249023,-10,-1,32,1,-5,22,15,17,-2,3,-20,16,-23,14,sil
22.011971473693848,-8,3,5,23,10,18,20,11,25,19,-9,2,-6,4,sil
22.011971473693848,-8,-14,-13,4,3,-1,13,0,22,5,-3,-2,-5,-4,sil
22.02814507484436,0,-18,-1,-15,-14,-5,4,9,5,-1,-2,10,2,8,sil
22.02814507484436,8,-8,-5,-9,-8,0,-5,10,11,7,9,12,29,13,sil
22.04358458518982,17,3,-6,-4,5,-11,-14,0,10,0,18,14,34,0,sil
22.04358458518982,19,10,8,2,5,-23,-17,-8,-11,-14,21,17,14,-8,sil
22.05955600738525,14,11,13,11,0,-15,-21,-14,-29,-22,19,6,0,-7,sil
22.05955600738525,20,16,15,11,6,0,-14,-14,-28,-20,6,0,0,-1,sil
22.07506895065308,11,19,16,12,13,11,1,-7,-21,-13,-4,-7,-2,-6,sil
22.07506895065308,-17,1,0,7,7,16,10,-7,-21,-12,-23,-39,-21,-26,sil
22.09066390991211,-30,-10,-16,-1,2,16,13,-9,-11,-4,-46,-60,-42,-29,sil
22.09066390991211,-22,-13,-16,-9,3,10,13,1,11,14,-47,-49,-36,-6,sil
22.111231088638306,-18,-19,-26,-24,-3,0,6,14,20,20,-42,-37,-18,9,sil
22.111231088638306,-25,-32,-45,-46,-17,-5,0,6,14,10,-42,-37,-15,4,sil
22.111231088638306,-24,-35,-42,-55,-15,-10,1,6,24,14,-24,-28,-8,1,sil
22.12179470062256,-7,-16,-21,-47,0,-11,9,22,42,26,0,-5,12,11,sil
22.136845350265503,2,4,-13,-27,-1,-15,1,14,32,10,10,7,24,5,sil
22.136845350265503,2,11,-11,-7,-9,-20,-17,-8,0,-5,15,13,18,0,sil
22.152538299560547,15,12,12,6,0,-9,-19,-5,-11,0,33,33,21,7,sil
22.152538299560547,31,22,30,20,13,0,-7,1,1,4,56,48,32,9,sil
22.168060779571533,28,31,36,32,7,-2,-11,-8,2,-2,55,39,23,3,sil
22.168060779571533,18,31,47,44,5,4,-9,-6,-14,2,31,29,2,7,sil
22.18358612060547,13,19,36,50,13,23,13,0,-15,13,20,22,0,13,sil
22.18358612060547,1,7,21,37,6,18,10,-8,-19,-3,19,12,-1,0,sil
22.19901394844055,0,7,23,29,-4,5,-3,-17,-26,-21,8,8,-13,-8,sil
22.19901394844055,13,6,18,34,0,11,18,-4,-13,-5,0,12,-12,6,sil
22.2147023677826,2,-7,3,21,2,17,34,4,-4,5,-3,13,0,12,sil
22.2147023677826,-16,-19,-10,2,-7,6,12,1,-4,-6,-20,0,-6,-2,sil
22.22999048233032,-12,-18,-16,-12,-11,-1,0,7,6,-17,-32,-12,-12,-5,sil
22.22999048233032,0,-11,-11,-17,0,-1,4,14,16,-9,-21,-3,2,3,sil
22.24600100517273,0,-6,-12,-5,4,-9,-8,4,1,-9,-12,0,6,-5,sil
22.24600100517273,-8,-8,-19,-12,0,-25,-26,-8,-16,-23,-8,-13,-2,-22,sil
22.26203465461731,-9,-6,-19,-30,0,-22,-23,-6,-7,-12,0,-15,3,-18,sil
22.26203465461731,3,4,-5,-17,18,-2,-13,2,7,6,3,0,6,-7,sil
22.278181076049805,6,9,-1,0,13,4,-3,-3,1,1,-1,-2,-7,-6,sil
22.278181076049805,-9,2,-8,-6,-14,-1,0,-11,-5,-1,-7,-22,-13,-6,sil
22.293751001358032,-16,-7,-2,-9,-15,0,5,1,2,11,-15,-27,-7,0,sil
22.293751001358032,-12,-17,-8,-6,-1,6,17,15,21,27,-17,-18,0,10,sil
22.30894923210144,-9,-27,-28,-28,-13,1,9,9,21,18,-8,-7,6,16,sil
22.309306859970093,1,-19,-19,-38,-24,-3,-14,5,10,-3,0,-1,7,9,sil
22.32396864891052,15,13,10,-7,-7,-4,-14,5,10,-3,13,7,6,5,sil
22.33999848365784,7,33,27,13,8,0,1,-4,6,5,20,14,0,2,sil
22.33999848365784,-11,8,11,9,3,10,11,-12,-6,0,-1,-6,-17,-6,sil
22.33999848365784,-14,-16,-1,8,-1,14,18,-2,-4,4,-24,-29,-25,-7,sil
22.355604648590088,0,-10,2,15,4,13,23,14,16,32,-8,-4,-3,4,sil
22.355604648590088,14,0,0,7,10,11,9,11,22,40,17,22,23,15,sil
22.3706693649292,11,0,-7,-16,5,-4,-21,-9,-2,0,27,20,25,11,sil
22.3706693649292,11,12,0,-10,-3,-25,-34,-18,-24,-31,24,16,8,0,sil
22.38675856590271,19,32,22,21,-3,-23,-19,-10,-23,-24,20,22,2,0,sil
22.40197491645813,20,31,33,27,8,-7,-8,-8,-19,-11,23,27,14,11,sil
22.40197491645813,11,15,22,9,15,-3,-8,-15,-24,-12,20,22,10,1,sil
22.40197491645813,-1,8,12,7,16,-4,1,-7,-28,-17,-2,2,-15,-20,sil
22.418020009994507,-10,4,3,14,14,9,24,8,-8,-8,-21,-15,-24,-14,sil
22.418020009994507,-18,-11,-16,0,5,24,32,10,13,5,-24,-25,-13,-6,sil
22.434074878692627,-28,-26,-22,-15,-1,21,22,4,5,10,-34,-34,-15,-23,sil
22.434074878692627,-22,-22,-15,-3,-2,13,17,8,0,6,-32,-33,-8,-21,sil
22.44960236549377,-7,-11,-10,3,-10,3,11,15,14,0,-12,-9,7,7,sil
22.44960236549377,3,-6,-11,-5,-19,-9,0,14,28,1,-3,7,11,21,sil
22.465564727783203,8,-7,-14,-11,-19,-11,-7,10,27,12,0,9,11,15,sil
22.465564727783203,8,-10,-5,-8,-11,-4,-13,6,14,9,5,8,12,13,sil
22.4812080860138,13,-6,0,0,-2,-7,-19,0,5,0,6,13,9,19,sil
22.4812080860138,19,0,0,-2,0,-15,-21,-8,3,-4,7,18,11,15,sil
22.49674344062805,6,2,-2,-9,0,-10,-14,-11,-2,-15,9,5,5,-6,sil
22.49674344062805,-15,2,-1,-3,5,0,-8,-9,-13,-24,7,-11,-12,-23,sil
22.512587785720825,-12,5,8,0,8,-1,-13,-4,-19,-17,9,-3,-8,-18,sil
22.512587785720825,0,7,10,0,5,-5,-9,-4,-23,-9,6,3,2,-13,sil
22.5286283493042,-2,10,6,4,9,2,-1,-10,-26,-15,-3,-4,-10,-18,sil
22.5442373752594,-11,10,9,9,10,8,-4,-12,-22,-8,-4,-5,-20,-16,sil
22.5442373752594,-14,3,5,9,0,2,-7,-5,-13,6,4,0,-14,-9,sil
22.5442373752594,-14,-1,2,5,-8,2,5,0,-1,7,10,0,-13,-6,sil
22.55996322631836,-7,0,6,0,0,19,26,5,15,12,0,-8,-12,1,sil
22.56096315383911,-2,0,7,7,11,30,32,8,19,26,-18,-14,-12,14,sil
22.57627010345459,3,1,8,29,6,22,25,10,17,38,-9,-1,0,29,sil
22.57627010345459,22,3,7,27,0,3,18,12,32,48,15,19,34,44,sil
22.590956211090088,31,0,0,-5,-3,-7,9,9,38,34,18,21,46,36,sil
22.590956211090088,20,-1,-7,-19,-10,-7,1,0,18,1,1,6,19,14,sil
22.60653328895569,10,0,-6,-8,-10,-7,0,0,3,-5,-3,4,4,6,sil
22.62192916870117,4,-5,-9,-12,-7,-12,-2,4,3,-2,1,12,9,10,sil
22.62192916870117,0,-13,-15,-21,-9,-16,-10,0,-4,-16,0,6,2,0,sil
22.63868236541748,-1,-9,-8,-20,-3,-12,-16,-7,-25,-29,-11,-7,-9,-24,sil
22.63868236541748,-8,-2,-16,-20,3,-13,-13,-6,-25,-26,-15,-17,-11,-29,sil
22.63868236541748,-12,-4,-23,-21,-1,-18,-10,0,-9,-23,-10,-15,-8,-12,sil
22.65379500389099,-3,-2,-3,-9,-7,-13,-9,0,-4,-16,0,-1,-5,-5,sil
22.66904926300049,-2,1,6,2,0,-3,-7,-3,-3,-4,8,1,0,-12,sil
22.66904926300049,-12,2,0,1,12,2,-5,0,4,4,4,-10,1,-11,sil
22.684568166732788,0,7,8,4,13,18,5,11,19,17,4,-5,1,1,sil
22.684568166732788,19,10,25,11,3,23,13,13,20,11,25,19,14,13,sil
22.700563430786133,12,4,22,17,0,6,3,-4,2,-11,25,22,9,7,sil
22.700563430786133,-3,2,1,16,5,-2,-3,-18,-14,-20,-4,-2,-18,-9,sil
22.716079473495483,-9,3,-6,2,2,0,-3,-7,-20,-10,-15,-12,-21,-16,sil
22.716079473495483,-8,2,-1,0,0,-4,-3,1,-17,0,-7,-8,-4,-10,sil
22.73163652420044,-11,6,0,10,0,-7,-9,-8,-20,-9,-12,-9,-13,-16,sil
22.73163652420044,-14,6,1,7,0,2,-13,-14,-29,-25,-19,-9,-23,-20,sil
22.747741222381592,-7,1,3,5,2,6,-2,-7,-23,-10,-10,-7,-5,-5,sil
22.747741222381592,-4,-3,3,4,0,0,0,-7,-13,4,-5,-3,-2,3,sil
22.763057947158813,-4,-9,-1,1,-10,0,-9,-8,-12,-1,-10,-3,-15,-2,please
22.763057947158813,2,-6,2,6,-7,0,-4,-1,0,2,-7,-2,-5,0,please
22.778789520263672,5,4,12,14,4,2,8,6,15,17,0,1,7,10,please
22.779114246368408,-1,0,0,5,1,8,3,12,14,15,-3,0,3,5,please
22.79400062561035,-2,-12,-10,-8,-5,5,2,13,12,13,0,0,5,10,please
22.79400062561035,13,0,4,5,5,1,22,11,26,32,25,14,29,31,please
22.80983710289001,24,19,18,28,17,9,30,11,30,39,33,24,39,37,please
22.80983710289001,9,13,7,8,9,17,20,17,28,24,15,16,24,23,please
22.82592749595642,0,-6,-15,-21,2,20,22,19,39,22,8,3,10,15,please
22.82592749595642,2,-10,-20,-25,0,14,20,13,32,13,5,1,8,11,please
22.841579914093018,0,-6,-16,-18,-7,-5,6,2,9,-11,-11,0,2,0,please
22.841579914093018,-8,-13,-20,-21,-20,-22,-1,-2,14,-10,-12,-4,-2,-5,please
22.85666012763977,-3,-21,-19,-34,-24,-25,-12,0,19,6,-1,0,0,-3,please
22.85666012763977,-7,-17,-15,-37,-20,-27,-25,-3,-1,0,-4,-2,0,-12,please
22.872164964675903,-14,-7,-9,-19,-12,-17,-19,-16,-21,-21,-8,-15,-15,-22,please
22.872164964675903,-1,-1,5,1,0,4,-2,-16,-26,-32,-2,-13,-22,-18,please
22.887795209884644,9,2,8,5,6,1,-6,-10,-27,-28,-2,-6,-10,-10,please
22.887795209884644,4,4,4,0,6,-12,-17,-13,-28,-25,-6,0,-7,-5,please
22.9036557674408,7,5,1,8,11,-5,-10,-13,-24,-17,-3,3,-12,-7,please
22.9036557674408,10,7,3,17,13,-1,-10,-8,-29,-14,-1,0,-7,-12,please
22.91894030570984,3,11,12,14,1,-15,-21,-5,-32,-22,2,-2,-2,-13,please
22.91894030570984,-2,14,13,12,1,-11,-17,-3,-20,-15,9,0,-9,-11,please
22.934961795806885,-1,15,15,18,16,8,-10,0,-11,6,14,0,-9,-7,please
22.934961795806885,13,19,23,31,19,14,-5,0,0,16,26,13,10,8,please
22.95060515403748,23,27,34,35,16,11,6,5,13,16,37,36,29,23,please
22.95060515403748,15,27,32,29,17,15,19,9,14,16,24,28,21,21,please
22.96617221832276,-2,4,2,14,2,13,22,5,2,5,-5,-4,-1,7,please
22.96617221832276,-21,-23,-24,-14,-17,-3,12,0,-1,-7,-28,-22,-18,-10,please
22.98201560974121,-26,-24,-23,-27,-17,-7,2,0,3,0,-35,-27,-22,-19,please
22.98201560974121,-18,-8,-12,-10,-10,5,0,0,1,7,-36,-28,-17,-9,please
22.99815845489502,-18,-10,-11,-6,-17,12,5,0,-5,-6,-44,-23,-17,-4,please
22.99815845489502,-24,-18,-21,-20,-25,11,15,4,7,-8,-33,-18,-14,-4,please
23.013997793197632,-19,-20,-24,-22,-11,11,19,8,29,19,-6,-11,3,3,please
23.013997793197632,-7,-16,-10,-9,4,10,13,14,35,39,-1,-5,16,8,please
23.029639720916748,4,-3,1,4,2,1,7,12,36,35,1,2,21,12,please
23.029639720916748,19,2,0,0,0,-11,-3,6,26,15,20,21,32,26,please
23.04565739631653,25,0,3,-17,4,-9,-12,8,11,1,28,30,36,33,please
23.04565739631653,17,-1,1,-11,7,0,0,6,17,6,33,21,29,18,please
23.06144380569458,15,0,-1,0,7,-13,-2,-2,16,6,30,16,17,0,please
23.06144380569458,16,5,9,0,5,-28,-21,-9,-13,-14,7,12,-1,-9,please
23.077075242996216,4,13,14,2,6,-9,-13,-18,-35,-27,5,2,-17,-18,please
23.077075242996216,0,14,7,8,5,6,-4,-20,-33,-24,22,1,-21,-18,please
23.09225869178772,9,16,19,13,1,-1,-16,-11,-34,-31,17,11,-19,-15,please
23.09225869178772,9,23,20,27,5,-4,-10,-7,-31,-32,3,7,-15,-13,please
23.10785126686096,-9,17,0,23,8,10,6,0,-16,-13,-3,-12,-18,-1,please
23.10785126686096,-20,-3,-13,1,0,18,5,3,-4,5,-19,-29,-23,0,please
23.12308454513549,-15,-16,-16,-1,-10,13,11,0,-7,20,-32,-30,-19,-8,please
23.12308454513549,-17,-11,-14,2,-6,9,21,-1,-13,21,-30,-20,-9,-3,please
23.13865900039673,-11,-8,-10,-1,0,7,14,2,0,11,-18,-12,-2,7,please
23.13865900039673,4,-16,-8,-10,-4,-2,3,6,15,2,-10,-6,4,6,please
23.154604196548465,7,-18,-4,-15,-16,-14,2,8,15,-3,-9,0,10,0,please
23.154604196548465,2,-11,-1,-11,-17,-17,1,13,20,-5,-10,4,13,4,please
23.17062973976136,11,0,2,-7,-4,-13,-4,12,22,0,1,17,21,8,please
23.17062973976136,15,5,3,-13,0,-6,-13,-2,4,6,22,31,31,6,please
23.186127424240112,3,1,0,-15,-6,-2,-22,-11,-2,7,29,29,32,7,please
23.186127424240112,0,-2,5,-8,0,-8,-23,0,7,0,19,24,22,5,please
24.7595808506012,-2,6,8,13,2,-4,-5,-5,-10,3,8,2,0,-12,please
24.7595808506012,1,12,13,15,8,7,3,0,-10,-1,-10,1,-16,-13,please
24.774755001068115,-10,1,0,10,7,17,13,-4,-13,-8,-31,-11,-33,-11,please
24.774755001068115,-14,-15,-18,0,2,14,18,0,-3,-6,-30,-20,-22,-8,please
24.78992533683777,-13,-21,-24,-16,-7,8,21,11,10,-1,-30,-19,-16,-6,please
24.805057287216187,-16,-23,-28,-33,-13,1,12,10,19,9,-29,-18,-19,0,please
24.805057287216187,-16,-27,-29,-41,-6,-8,-7,3,16,5,-18,-13,-5,0,please
24.806045293807983,-6,-17,-19,-31,-4,-17,-13,2,6,-16,-12,-4,6,0,please
24.82073855400085,3,-2,-4,-15,-8,-18,-14,0,0,-23,-8,2,2,-3,please
24.8358690738678,-1,-6,-2,-23,-9,-15,-27,-7,-6,-12,6,4,-2,-20,please
24.8358690738678,-11,-9,-6,-29,-4,-4,-28,-8,-7,-3,21,2,0,-25,please
24.85104513168335,-1,10,12,3,12,12,-4,0,1,7,26,5,1,-5,please
24.85104513168335,13,33,36,37,23,19,17,3,7,15,22,14,3,10,please
24.86676859855652,13,28,34,36,10,22,22,1,5,16,19,16,8,14,please
24.86676859855652,14,12,23,30,0,26,23,11,11,32,20,5,10,20,please
24.881823539733887,17,5,11,29,2,17,29,19,23,34,8,0,10,28,please
24.881823539733887,8,3,0,15,1,1,22,7,15,-8,-14,9,14,24,please
24.897871732711792,3,-6,-7,1,-3,-9,5,-1,1,-17,-14,2,23,12,please
24.897871732711792,12,-9,-13,-6,-5,-17,-7,1,3,23,9,-6,30,10,please
24.91389870643616,8,5,-3,-11,-1,-18,-18,-3,-1,24,18,4,26,8,please
24.91389870643616,-6,10,6,-1,3,-17,-24,-20,-24,-10,2,4,1,-7,please
24.92916774749756,-20,-5,2,2,0,-11,-23,-23,-38,-24,-10,-14,-25,-23,please
24.92916774749756,-24,-7,-2,6,0,7,-2,-8,-19,-12,-11,-16,-24,-16,please
24.944880723953247,-8,0,-3,9,4,15,12,3,9,0,-9,-5,-4,-2,please
24.944880723953247,11,-10,-1,-12,-9,-7,-4,5,7,-11,0,4,4,-2,please
24.960575580596924,15,-7,-1,-20,-17,-25,-20,-2,-12,-30,10,12,2,-6,please
24.960575580596924,7,20,7,8,4,-14,-11,-5,-16,-23,8,12,-5,0,please
24.97613906860352,4,22,19,21,16,2,1,-1,-8,-3,0,6,-11,3,please
24.97613906860352,-2,-5,5,5,9,10,6,-2,-4,3,-12,-4,-19,-1,please
24.99163317680359,-19,-14,-12,-3,4,18,11,-1,-1,1,-30,-17,-38,-3,please
24.99163317680359,-22,-10,-23,-12,-2,23,21,12,18,8,-33,-20,-36,-2,please
25.006710290908813,-6,-16,-24,-32,-11,11,23,19,34,18,-9,-6,-9,0,please
25.006710290908813,8,-13,-17,-34,-9,-7,8,6,22,7,4,5,3,0,please
25.02194285392761,13,3,-6,-9,-1,-14,-4,-1,0,-10,2,7,4,-3,please
25.02194285392761,7,14,7,3,-1,-12,-13,-6,-18,-8,10,8,17,-8,please
25.0381727218628,4,8,11,1,-1,-11,-20,-13,-23,1,22,5,28,-4,please
25.0381727218628,2,3,14,10,1,-2,-19,-5,-14,-4,13,-2,17,-6,please
25.053630590438843,-3,7,21,26,2,11,-4,11,7,2,2,-4,9,-3,please
25.053630590438843,-3,0,6,21,-1,18,4,8,21,26,6,-2,15,11,please
25.068850994110107,1,-20,-9,0,0,10,5,5,14,24,7,0,18,19,please
25.068850994110107,4,-23,-7,0,5,2,17,14,21,21,6,4,20,21,please
25.084580659866333,6,-8,-4,-2,6,0,17,9,29,27,6,10,23,25,please
25.084580659866333,3,-2,-4,-15,-1,-4,-3,-5,0,0,0,8,3,7,please
25.10013747215271,-2,9,-2,-4,-3,-15,-15,-12,-28,-35,0,0,-16,-14,please
25.10013747215271,-4,26,2,10,5,-14,-9,-14,-21,-34,6,-4,-16,-21,please
25.11606502532959,-4,19,3,8,13,4,-1,-12,-2,-14,-2,-8,-20,-19,please
25.11606502532959,-8,6,5,14,13,16,7,-2,0,-3,-18,-12,-33,-7,please
25.131582021713257,-12,0,5,16,6,12,10,6,-6,0,-22,-14,-28,2,please
25.131582021713257,-9,-7,-13,-1,-5,9,10,5,-3,7,-20,-13,-11,0,please
25.14708352088928,0,-13,-17,-16,-13,2,6,3,-2,1,-6,3,4,1,please
25.14708352088928,5,-11,-2,-17,-12,-14,-4,3,-2,-2,11,19,16,13,please
25.16271710395813,4,-8,0,-16,-9,-22,-13,0,1,5,17,15,19,7,please
25.16271710395813,14,0,1,-7,-6,-13,-8,-6,-8,0,18,14,15,-4,please
25.17870855331421,24,17,20,6,-4,-3,-1,-7,-22,-17,21,17,10,-1,please
25.17870855331421,13,19,26,5,-2,-1,-2,-10,-11,-15,12,7,4,-2,please
25.19431066513061,-2,14,11,10,7,3,-6,-14,-3,-4,-3,-6,-3,-17,please
25.19431066513061,-6,11,6,30,15,17,-1,-6,-8,-5,-20,-16,-17,-15,please
25.209806203842163,-9,-2,6,18,0,16,8,9,6,11,-25,-18,-16,0,sil
25.209806203842163,-10,-19,-8,-16,-11,1,12,14,32,35,-9,-9,5,9,sil
25.22495746612549,-9,-14,-18,-27,-4,0,9,12,31,26,-4,-2,11,11,sil
25.22495746612549,-10,-10,-16,-19,-7,0,8,17,26,14,-7,-6,7,11,sil
25.24061918258667,0,-12,-12,-15,-17,-13,3,19,24,8,8,1,11,12,sil
25.24061918258667,14,0,-2,-10,-2,-17,-7,3,0,-27,15,18,0,4,sil
25.2562313079834,12,15,-1,-3,12,-12,-15,-11,-16,-38,7,10,-10,-8,sil
25.2562313079834,4,13,-1,0,9,-10,-20,-12,-7,-4,11,0,0,-13,sil
25.272024631500244,-7,-5,-1,6,10,0,-16,-15,-15,-1,-2,-8,-13,-16,sil
25.272024631500244,-28,-23,-14,15,8,13,-1,-15,-29,-20,-32,-26,-40,-21,sil
25.288185358047485,-22,-22,-12,5,0,15,6,0,-20,-9,-24,-18,-21,-9,sil
25.288185358047485,1,-9,2,-5,3,13,11,6,-1,12,-7,0,8,11,sil
25.303241729736328,4,1,11,4,6,13,13,5,4,22,-2,5,13,22,sil
25.303241729736328,9,15,19,22,1,10,8,13,9,21,9,14,15,24,sil
25.31876969337464,25,19,20,19,5,0,2,12,8,3,10,22,17,16,sil
25.31876969337464,19,10,11,5,3,-12,-6,0,-3,-12,4,16,8,0,sil
25.333956241607662,9,7,3,1,-2,-18,-9,-4,-3,-5,25,19,13,-6,sil
25.333956241607662,10,18,6,1,5,-13,0,-4,0,0,39,20,19,-3,sil
25.349979639053345,2,22,12,6,14,3,8,-7,-1,0,22,2,7,-7,sil
25.349979639053345,-10,7,5,15,9,18,9,-1,6,15,8,-10,0,-4,sil
25.365098237991333,-20,-10,-11,4,8,11,5,2,16,26,0,-12,-4,0,sil
25.365098237991333,-21,-17,-22,-9,0,0,4,-4,11,22,-14,-24,-6,-4,sil
25.38111114501953,-10,-14,-15,-10,-13,5,1,-8,3,8,-15,-23,-1,-3,sil
25.38111114501953,-1,-12,-4,-9,-12,8,0,0,4,-3,-10,-6,0,5,sil
25.396665811538696,0,-16,-9,-23,-14,-7,-2,3,8,-10,-24,-8,-12,-1,sil
25.396665811538696,3,-19,-13,-35,-26,-21,-10,-1,8,-14,-21,-6,-6,-7,sil
25.41184115409851,19,0,-3,-17,-21,-11,-16,0,6,-10,15,21,17,12,sil
25.42788553237915,23,20,2,-1,-11,-1,-13,0,-14,-20,20,26,9,13,sil
25.42788553237915,2,12,-1,-8,-15,-5,-11,-6,-42,-41,-13,-1,-24,-15,sil
25.42788553237915,-6,10,1,5,-10,-10,-5,-1,-30,-26,-14,-1,-21,-13,sil
25.444313049316406,9,26,21,25,6,-4,2,5,0,-1,12,18,4,6,sil
25.444313049316406,4,18,20,8,5,0,8,0,3,-10,6,5,0,-1,sil
25.459081172943115,-23,-5,-3,-4,-5,3,7,-9,-13,-15,-22,-22,-23,-18,sil
25.473955869674683,-26,-11,-6,4,-2,12,4,-5,-12,9,-21,-22,-24,-13,sil
25.473955869674683,-5,-3,3,17,4,17,12,7,9,39,3,-9,1,2,sil
25.48869371414185,0,0,6,24,3,12,18,15,21,44,6,-6,16,15,sil
25.48869371414185,-5,-7,-1,13,0,15,16,10,21,29,-1,-4,9,18,sil
25.504716396331787,-5,-21,-13,-16,-6,12,7,5,23,11,2,1,6,11,sil
25.504716396331787,0,-26,-18,-31,-8,-13,-3,11,20,0,-8,2,6,3,sil
25.520792961120605,8,-19,-11,-15,0,-30,-7,12,8,-2,-15,5,8,6,sil
25.520792961120605,15,-4,2,2,7,-18,-9,-4,-7,-10,14,14,13,4,sil
25.53680944442749,9,10,7,8,13,-12,-16,-19,-28,-27,25,9,1,-16,sil
25.53680944442749,0,15,8,3,17,-12,-19,-20,-34,-30,4,0,-13,-24,sil
25.55259871482849,1,14,23,14,24,5,-14,-16,-21,-16,4,5,-12,-8,sil
25.55259871482849,1,12,24,31,38,21,2,-5,-6,-1,4,2,-11,0,sil
25.5681221485138,-7,0,3,14,48,15,23,10,7,18,-2,-9,-4,5,sil
25.5681221485138,-2,-13,-4,-3,36,16,29,20,37,42,13,3,25,26,sil
25.58371067047119,17,-3,-1,0,33,20,13,18,54,41,29,23,42,31,sil
25.58371067047119,15,1,-11,-9,41,2,-6,9,32,17,24,16,27,8,sil
25.59873127937317,-1,-9,-22,-35,19,-18,-21,-5,-2,0,17,0,11,-14,sil
25.59873127937317,-5,2,-7,-18,10,-17,-26,-20,-21,-12,11,0,8,-23,sil
25.61475372314453,-3,33,14,25,31,-6,-22,-17,-26,-13,-2,0,-6,-22,sil
25.61475372314453,0,28,17,16,4,1,-10,-9,-27,-12,-16,-12,-21,-13,sil
25.630306482315063,-7,2,5,-13,-29,13,9,-6,-19,-8,-28,-16,-4,-1,sil
25.630306482315063,-30,-12,-21,-11,-39,10,22,-2,-12,-11,-51,-25,-28,0,sil
25.64598226547241,-25,-19,-32,-34,-94,-7,6,2,-15,-38,-68,-45,-84,-10,sil
25.64598226547241,13,5,-2,-55,-136,-9,4,16,3,-26,-31,-12,-40,6,sil
25.661141395568848,28,15,18,-2,-109,-4,15,19,22,9,15,53,7,48,sil
25.661141395568848,8,-22,7,36,-92,-20,0,-8,-10,-21,7,36,-45,32,sil
25.676833629608154,-8,-11,-4,21,-66,-11,0,-20,-30,-27,-7,-33,-17,-27,sil
25.676833629608154,-15,32,-10,24,-31,11,20,5,12,53,5,-33,81,-35,sil
25.692057371139526,-2,6,-10,20,-56,-1,0,15,31,55,12,12,60,0,sil
25.692057371139526,19,-25,0,-2,-51,-14,-20,-2,0,-20,13,23,5,8,sil
25.70805311203003,8,-2,7,5,39,5,0,-3,-8,-16,19,3,20,-5,sil
25.70805311203003,-8,-5,-4,8,107,13,10,10,20,24,13,-13,20,4,sil
25.723651885986328,8,-28,-10,-22,108,0,-12,6,20,1,12,1,3,13,sil
25.723651885986328,21,0,7,-21,102,-5,-24,-6,-5,-27,35,28,12,-6,sil
25.73911476135254,10,36,21,25,114,4,-3,-2,-4,-10,46,23,19,-7,sil
25.73911476135254,0,19,18,36,111,19,8,3,6,2,18,1,2,12,sil
25.75479531288147,2,-11,12,6,75,15,0,-5,-5,0,-6,0,-12,4,sil
25.75479531288147,2,3,22,8,57,12,5,-1,-10,2,-5,8,-10,-5,sil
25.7700583934784,-12,21,19,21,33,22,25,14,10,19,-5,3,-3,5,sil
25.7700583934784,-31,-20,-16,-13,-36,2,13,9,14,27,-20,-13,-9,4,sil
25.786019325256348,-28,-45,-25,-40,-59,-21,-13,0,2,16,-27,-13,-15,0,sil
25.786019325256348,-9,-15,-6,-18,-14,-7,-7,4,13,20,-18,4,-4,9,sil
25.80074548721313,1,-6,-8,-14,-20,0,7,3,23,31,-9,5,11,9,sil
25.80074548721313,1,-10,-13,-26,-48,-22,0,-13,0,7,-2,-4,11,-4,sil
25.81647729873657,11,19,0,-10,-29,-28,-14,-22,-27,-22,3,-6,-12,-12,sil
25.81647729873657,14,35,19,7,-13,-7,-13,-11,-26,-18,0,-4,-38,-11,sil
25.83191990852356,-2,11,7,12,-17,12,0,-1,-8,-7,-12,-15,-35,-8,sil
25.83191990852356,-15,-13,-22,1,-24,14,13,-1,-5,-16,-26,-33,-21,-13,sil
25.848093271255493,-12,-17,-24,-13,-33,6,13,2,-10,-25,-33,-35,-21,-18,sil
25.848093271255493,1,-8,-9,-1,-30,0,5,10,2,-11,-16,-14,-11,0,sil
25.86339926719665,17,1,0,7,-19,-4,-10,10,6,-7,6,12,9,19,sil
25.86339926719665,17,2,-2,-2,-20,-10,-20,3,-1,-16,20,23,23,8,sil
25.878799200057983,4,6,1,-1,-24,-14,-16,-3,-5,-14,29,22,22,-8,sil
25.878799200057983,5,21,10,11,-10,-9,-10,-3,-11,-13,27,21,11,-9,sil
25.89462518692017,5,28,13,21,10,2,0,-4,-15,-13,10,7,4,-3,sil
25.89462518692017,-6,14,14,21,8,13,10,-12,-12,0,0,-4,2,-1,sil
25.910147666931152,-6,-6,2,5,-7,14,12,-9,-5,11,0,-6,6,1,sil
25.910147666931152,1,-15,-12,-11,-9,8,8,5,11,19,0,2,21,15,sil
25.92619681358337,2,-6,-3,-13,-8,-1,-1,10,25,25,8,19,38,21,sil
25.92619681358337,5,0,0,-7,-1,-10,-9,2,6,7,17,17,37,3,sil
25.94173550605774,13,4,8,4,13,-5,0,4,-16,-24,2,2,11,-3,sil
25.94173550605774,11,12,23,23,25,13,18,16,0,-8,-4,2,-10,8,sil
25.956828117370605,6,6,19,25,27,23,25,15,31,33,-2,9,-17,14,sil
25.956828117370605,0,-9,4,5,22,11,12,1,23,30,-15,-2,-21,4,sil
25.97297596931457,-11,-21,-15,-17,16,-12,0,-10,6,5,-20,-16,-19,-3,sil
25.97297596931457,-10,-19,-16,-27,15,-14,-6,-16,0,8,0,-1,-8,-5,sil
25.98805546760559,-1,-5,1,-10,20,3,-10,-9,-1,21,14,13,1,-3,sil
25.98805546760559,3,8,3,12,29,-1,-11,2,3,14,23,7,9,-3,sil
26.00417637825012,0,19,10,9,32,-15,-12,5,-2,-6,31,5,4,-1,sil
26.00417637825012,-11,20,13,11,31,2,0,-3,-10,-3,15,-9,-2,0,sil
26.019957780838013,-17,2,0,19,25,19,8,-10,-6,6,-13,-26,-6,-4,sil
26.019957780838013,-17,-18,-10,-1,5,10,2,-1,1,2,-20,-20,-6,-5,sil
26.035584926605225,-13,-27,-22,-23,-13,3,8,13,22,10,-9,-14,5,1,sil
26.035584926605225,-3,-22,-19,-25,-23,0,15,21,30,2,-19,-16,5,5,sil
26.050771474838257,0,-16,-18,-29,-31,-11,0,11,12,-28,-26,-9,-9,-4,sil
26.050771474838257,-4,-10,-24,-30,-27,-20,-15,-6,-7,-37,-11,-3,-12,-19,sil
26.066650390625,-3,0,-8,-17,-19,-18,-21,-14,-34,-47,-17,-2,-17,-21,sil
26.066650390625,3,13,8,4,-24,-11,-19,-20,-58,-55,-24,-2,-27,-15,sil
26.08220267295837,6,21,20,22,-22,4,-6,-18,-45,-19,0,6,-13,0,sil
26.08220267295837,7,12,22,24,-26,15,4,2,-17,9,6,8,-6,11,sil
26.09868788719177,2,-6,-4,10,-33,8,14,12,4,15,-5,-6,-8,5,sil
26.09868788719177,-1,-6,-10,-7,-39,-4,9,10,11,19,-8,1,-1,6,sil
26.11377859115601,10,8,6,-9,-69,-20,-16,7,-5,-9,-12,18,-10,7,sil
26.11377859115601,23,13,-1,7,-41,-18,-11,0,5,-7,13,18,7,1,sil
0.0276846885681152,19,9,5,16,51,0,17,0,36,47,58,27,54,11,sil
0.0276846885681152,15,11,23,10,65,7,15,-1,16,34,48,33,40,17,sil
0.0430240631103515,13,13,14,8,33,9,0,-11,-1,-8,17,8,8,6,sil
0.0430240631103515,8,18,19,12,40,12,-2,-4,4,4,17,0,13,3,sil
0.0593507289886474,2,23,27,27,39,14,-1,0,-5,15,13,4,6,0,sil
0.0593507289886474,-7,6,1,31,30,23,2,-6,-12,6,-2,-13,-13,-4,sil
0.0749058723449707,-15,-13,-8,8,29,30,12,5,9,17,-12,-20,-8,4,sil
0.0749058723449707,-6,-14,-12,-9,14,7,15,21,31,27,-14,-2,14,17,sil
0.0896463394165039,1,-12,-23,-18,-1,-22,0,12,27,0,-11,4,17,7,sil
0.0896463394165039,-4,-13,-20,-24,-7,-13,-13,1,8,-20,-6,-2,3,-12,sil
0.1044046878814697,-7,-11,-17,-17,-1,0,-8,0,0,-3,-3,-7,3,-17,sil
0.1195416450500488,1,-11,-7,-14,-1,-18,-5,-7,-11,-6,-3,-1,0,-10,sil
0.1195416450500488,0,-13,-2,-30,-10,-20,-5,-7,-18,-29,-4,-5,-11,-14,sil
0.1347589492797851,-20,-12,-6,-29,-12,7,0,-2,-14,-22,-11,-22,-19,-19,sil
0.1347589492797851,-25,-15,1,-1,-11,17,9,-1,-15,-6,-24,-29,-29,-13,sil
0.1507713794708252,-12,-19,-4,7,-19,5,15,0,-1,6,-22,-24,-28,0,sil
0.1507713794708252,-3,-13,-14,-4,-25,-6,4,6,16,12,-8,-2,-6,16,sil
0.1663820743560791,13,-1,0,-3,-20,-17,-10,11,10,1,11,24,18,18,sil
0.1663820743560791,28,13,22,10,-4,-11,-6,4,0,-5,28,25,22,7,sil
0.181643009185791,8,26,32,24,11,0,0,-6,-4,-4,16,10,-3,3,sil
0.181643009185791,-20,20,10,31,11,4,-6,-15,-4,-6,-3,-4,-23,0,sil
0.1977605819702148,-28,3,-8,19,7,11,-4,-17,-2,0,-10,-11,-13,-7,sil
0.1977605819702148,-19,0,-7,5,8,15,9,-2,0,16,-19,-13,-6,-2,sil
0.2136290073394775,-3,4,-9,0,0,2,4,11,7,12,-8,0,0,9,please
0.2136290073394775,14,9,0,-4,-1,-4,-14,12,10,0,26,34,24,19,please
0.2288644313812255,14,13,4,-1,7,0,-17,0,-1,0,28,36,30,7,please
0.2288644313812255,1,7,-1,-7,3,-7,-12,-7,-17,-3,5,13,14,-11,please
0.244295597076416,0,1,4,-18,-8,-17,-5,1,-14,-12,11,13,6,-9,please
0.244295597076416,1,5,8,-7,-14,-9,2,5,-10,-10,14,3,-2,-8,please
0.2601480484008789,-3,13,8,11,-9,-2,0,-12,-23,-8,-8,-20,-20,-17,please
0.2601480484008789,5,15,10,15,2,1,-2,-17,-30,-10,-19,-23,-19,-10,please
0.2757773399353027,12,-3,2,4,2,7,7,-4,-18,-9,-18,-17,-16,-8,please
0.2757773399353027,7,-21,-8,-6,-4,9,17,1,-1,4,-22,-23,-21,-13,please
0.2913963794708252,19,-14,-8,0,0,12,23,4,15,12,-19,-21,-14,0,please
0.2913963794708252,45,-13,-3,4,8,17,20,9,29,3,-9,-8,1,13,please
0.3075466156005859,41,-26,-9,-6,1,14,9,10,37,10,-1,-1,16,12,please
0.3075466156005859,9,-19,-7,-8,0,8,5,15,38,25,7,7,26,14,please
0.3235998153686523,-11,0,3,3,11,4,12,24,42,28,17,21,29,20,please
0.3235998153686523,-20,0,-6,-6,9,-3,9,13,34,28,20,13,25,9,please
0.3388338088989258,-36,-22,-26,-43,-8,-22,-12,-7,2,9,12,-6,7,-8,please
0.3388338088989258,-35,-19,-20,-39,-13,-28,-29,-7,-17,-25,3,-8,-4,-4,please
0.3542754650115967,-8,10,7,0,3,-15,-22,-1,-11,-28,14,17,6,8,please
0.3542754650115967,7,27,21,4,11,-8,-6,-6,-9,-14,27,30,14,8,please
0.3694167137145996,-1,26,13,1,1,-9,-9,-14,-21,-22,12,8,-3,-3,please
0.3694167137145996,-7,32,15,31,0,-4,-17,-18,-38,-25,-1,-7,-19,-12,please
0.3845608234405517,-1,31,17,42,5,10,-1,-14,-34,-8,0,-1,-15,-6,please
0.3845608234405517,-9,14,7,19,5,15,8,-7,-18,-8,-8,0,-18,0,please
0.4003181457519531,-20,4,11,12,0,5,1,-7,-18,-8,-23,-8,-21,-5,please
0.4003181457519531,-9,1,9,25,-6,8,8,0,-11,20,-12,-11,-6,-6,please
0.4163906574249267,0,-7,-2,19,-6,14,18,16,24,40,1,-2,6,2,please
0.4163906574249267,0,-16,-1,4,1,4,13,16,39,20,-6,5,2,11,please
0.4318985939025879,-2,-24,-8,-6,0,17,8,-3,6,-10,-25,-6,-5,8,please
0.4318985939025879,-10,-37,-30,-24,-10,29,0,-9,-19,-10,-31,-27,-10,0,please
0.4474904537200928,-10,-26,-29,-32,-11,-5,-8,2,-8,9,-18,-16,-4,-4,please
0.4474904537200928,14,3,-3,-6,0,-29,-6,7,9,4,4,14,14,6,please
0.4626052379608154,29,3,2,12,0,-11,-1,7,25,10,18,23,30,15,please
0.4626052379608154,14,-16,-8,-12,-13,-4,-6,10,26,33,18,7,22,0,please
0.4782807826995849,6,-13,-8,-34,-4,-5,-11,6,4,9,1,3,-1,-23,please
0.4782807826995849,12,0,-3,-20,4,-10,-9,0,0,-22,-8,6,-12,-16,please
0.4938404560089111,13,8,6,-5,5,-22,0,1,16,-10,9,5,0,0,please
0.4938404560089111,14,19,17,-1,11,-13,6,3,12,-1,17,4,1,-3,please
0.509932279586792,15,23,16,4,11,-1,-6,-4,-12,-20,2,2,-6,-11,please
0.509932279586792,9,20,16,10,4,-4,-13,-13,-21,-27,6,0,-2,-5,please
0.525787353515625,0,21,15,14,3,0,-1,-6,-11,-20,18,-3,0,0,please
0.525787353515625,-15,14,0,5,0,4,-1,-3,-14,-13,5,-13,-9,-6,please
0.5414857864379883,-21,-2,-8,-3,-3,1,-8,-12,-26,-7,-10,-21,-15,-7,please
0.5414857864379883,-9,-2,0,8,-1,12,4,-7,-23,-3,-7,-18,-9,4,please
0.5575037002563477,-5,3,3,19,1,19,20,6,-2,5,4,-1,6,13,please
0.5575037002563477,-6,4,0,13,11,16,21,10,12,18,11,7,14,13,please
0.5733318328857422,-7,0,1,10,11,21,21,1,9,18,2,-1,0,7,please
0.5733318328857422,-15,-12,-1,8,-9,15,22,-2,4,8,-11,-12,-10,0,please
0.5894086360931396,-18,-24,-14,-7,-16,0,16,0,1,-2,-11,-6,-5,0,please
0.5894086360931396,0,-20,-7,-19,-1,1,8,1,1,-2,-4,6,-1,4,please
0.605445146560669,11,-9,0,-8,-3,5,1,0,5,13,-7,10,0,12,please
0.605445146560669,0,-9,-2,-1,-10,-4,-7,0,5,16,-13,7,3,9,please
0.6205780506134033,-9,-21,-17,-14,-7,-14,-20,-2,2,-1,-14,0,0,0,please
0.6205780506134033,-2,-20,-25,-21,-10,-14,-27,-5,1,-10,-10,-5,0,-1,please
0.6366686820983887,5,0,-2,-6,-10,-11,-20,7,8,6,0,7,12,5,please
0.6366686820983887,24,15,22,10,0,-7,-4,19,23,26,15,29,34,19,please
0.6523962020874023,30,20,18,11,6,-6,-2,11,21,17,23,28,31,20,please
0.6523962020874023,15,21,5,2,6,-8,-8,3,1,-2,15,10,4,-1,please
0.6675262451171875,9,16,6,-3,1,-8,-7,1,0,-2,11,9,-2,-8,please
0.6675262451171875,14,10,14,-1,0,-10,-8,1,12,4,16,24,7,1,please
0.6826612949371338,9,14,12,12,4,-8,-10,4,5,0,12,16,2,-2,sil
0.6826612949371338,0,19,3,21,12,2,0,-2,-13,-10,5,-9,-10,-21,sil
0.6978838443756104,-10,12,0,14,14,4,9,-16,-20,-17,0,-22,-13,-27,sil
0.6978838443756104,-21,2,-1,7,15,0,2,-18,-18,-30,-8,-17,-14,-23,sil
0.7138006687164307,-16,0,1,6,14,10,0,-11,-18,-34,-13,-16,-21,-21,sil
0.7138006687164307,-7,-3,0,12,10,22,10,-4,-11,-6,-6,-25,-24,-16,sil
0.7297465801239014,-22,-15,-14,6,7,20,17,-1,-10,10,-12,-32,-26,-10,sil
0.7297465801239014,-36,-27,-27,-12,-6,10,15,-2,-22,-5,-35,-33,-29,-11,sil
0.745258092880249,-17,-29,-25,-22,-24,1,17,-3,-15,-7,-38,-26,-15,0,sil
0.745258092880249,0,-24,-13,-20,-22,0,10,2,5,12,-21,-8,4,18,sil
0.7613253593444824,0,-17,-14,-25,-14,-1,-2,6,14,11,-11,2,7,18,sil
0.7613253593444824,3,-9,-12,-31,-13,-15,-13,5,10,0,1,8,11,9,sil
0.7767465114593506,15,0,1,-21,-11,-24,-17,4,7,1,23,25,25,9,sil
0.7767465114593506,22,15,15,-3,-5,-15,-15,0,4,0,29,36,24,11,sil
0.7922821044921875,26,27,31,13,7,-6,-11,0,0,-3,26,26,12,12,sil
0.7922821044921875,16,21,34,24,15,2,0,0,0,4,19,9,3,9,sil
0.807539701461792,-6,4,12,17,8,21,14,0,4,11,0,0,-1,3,sil
0.807539701461792,-11,-7,-5,0,2,27,18,4,11,9,-10,-1,0,6,sil
0.8226706981658936,3,-3,-3,-5,2,8,5,8,16,14,0,4,12,9,sil
0.8226706981658936,17,10,11,4,1,-9,-8,0,11,8,18,16,24,4,sil
0.83927321434021,17,20,21,21,1,-14,-8,-9,-3,-9,27,17,15,0,sil
0.83927321434021,5,15,11,29,3,1,4,-2,-10,-6,11,-3,-9,-5,sil
0.8538696765899658,-7,-2,-8,18,4,20,15,9,0,11,-14,-20,-18,-7,sil
0.8695816993713379,-9,-15,-23,0,4,9,9,14,16,15,-14,-17,-3,2,sil
0.8695816993713379,-9,-12,-19,-12,4,-14,-9,5,14,5,4,-2,5,3,sil
0.8859529495239258,-3,0,-4,-10,2,-19,-17,-2,-2,-2,10,6,5,-9,sil
0.8859529495239258,1,5,1,-1,-5,-16,-15,-5,-23,-13,0,2,0,-12,sil
0.8859529495239258,-6,0,-1,0,-8,-3,-11,-9,-31,-21,-15,-7,-20,-17,sil
0.9000983238220215,-14,-5,-7,0,-3,20,3,-9,-9,-12,-26,-16,-30,-15,sil
0.9153444766998292,-15,-8,-10,-7,-5,18,13,3,16,6,-27,-17,-10,0,sil
0.9153444766998292,-8,-14,-11,-18,-11,-8,3,12,22,15,-17,-7,8,13,sil
0.9304711818695068,4,-17,-12,-21,-9,-18,-7,1,15,1,-5,7,11,9,sil
0.9304711818695068,7,-9,-4,-20,-3,-15,-13,-10,6,-20,9,17,10,0,sil
0.946497678756714,9,13,10,-12,1,-13,-13,-7,-7,-23,24,18,8,-3,sil
0.946497678756714,15,35,26,8,13,3,0,-5,-22,-13,19,16,1,0,sil
0.9625003337860109,6,27,20,24,19,15,20,-7,-20,0,0,5,-5,-4,sil
0.9625003337860109,-12,4,0,22,11,12,27,-1,-6,16,-10,-11,-14,-10,sil
0.977712631225586,-16,-5,-5,13,0,10,22,8,0,15,-14,-19,-18,-6,sil
0.977712631225586,-6,-15,-2,5,-3,12,15,11,10,12,-11,-17,-9,3,sil
0.9935057163238524,0,-27,-7,-7,-7,2,4,6,20,19,0,-6,1,12,sil
0.9935057163238524,6,-20,-12,-19,-14,-15,-15,0,5,7,6,10,7,11,sil
1.008824586868286,15,6,1,-6,-6,-15,-24,-6,-17,-17,11,25,13,7,sil
1.008824586868286,21,25,28,16,10,0,-15,-6,-23,-26,25,28,14,6,sil
1.0243663787841797,12,16,24,21,7,5,-10,-5,-15,-17,16,8,1,1,sil
1.0243663787841797,-11,-4,0,11,-1,6,-10,-4,-8,-5,-7,-16,-13,-13,sil
1.039527177810669,-27,-12,-10,6,1,7,-1,1,6,9,-11,-24,-14,-17,sil
1.039527177810669,-18,-8,-13,-3,0,6,8,11,25,22,-6,-19,2,1,sil
1.0549969673156738,-2,-10,-13,-23,-6,1,7,14,28,23,-6,-9,16,15,sil
1.0549969673156738,5,-14,-16,-33,-10,-10,0,7,15,3,0,1,12,6,sil
1.0699760913848877,10,-2,-14,-22,-7,-22,-10,-3,-3,-17,11,6,3,-9,sil
1.0699760913848877,13,20,6,0,6,-9,-7,-9,-15,-17,10,7,2,-14,sil
1.0859253406524658,4,26,16,16,14,10,6,-6,-14,-10,0,-1,-1,-7,sil
1.0859253406524658,-13,4,7,13,2,6,8,-8,-18,-12,-10,-14,-16,-6,sil
1.101905345916748,-11,-3,3,8,-5,0,0,-9,-20,-4,-15,-12,-16,-4,sil
1.101905345916748,5,12,10,14,7,15,5,3,0,15,-4,1,-1,10,sil
1.1167969703674316,7,12,14,22,15,22,18,12,22,28,4,5,6,23,sil
1.1167969703674316,0,-8,0,10,-1,5,14,8,26,24,0,-3,5,15,sil
1.1319231986999512,1,-17,-14,-13,-11,0,4,9,26,13,-4,-3,13,6,sil
1.1319231986999512,12,-12,-4,-15,-3,0,0,12,27,9,6,7,23,14,sil
1.1474707126617432,12,-9,6,-5,-5,-15,-10,2,19,6,10,15,17,20,sil
1.1474707126617432,0,-8,-4,-21,-12,-24,-19,-8,2,-5,7,18,5,6,sil
1.163160800933838,-3,-1,-16,-28,-4,-17,-13,-9,-8,-13,15,19,6,-7,sil
1.163160800933838,3,13,0,-4,2,-14,-13,-9,-11,-16,21,21,0,-16,sil
1.1784279346466064,-2,19,10,16,1,-7,-17,-12,-20,-20,2,11,-22,-27,sil
1.1784279346466064,-18,13,3,18,5,0,-9,-9,-39,-23,-20,-8,-37,-29,sil
1.1943998336791992,-21,1,1,10,6,6,0,-2,-40,-23,-26,-18,-29,-23,sil
1.1943998336791992,-11,-12,-5,1,-1,22,11,0,-20,-15,-30,-20,-21,-15,sil
1.2094900608062744,-7,-17,-11,3,0,29,27,1,-7,0,-28,-19,-15,-3,sil
1.2094900608062744,-7,-7,-1,11,8,18,34,15,9,22,-8,-6,1,12,sil
1.224989414215088,-4,-11,-8,0,1,8,23,20,32,27,1,2,12,21,sil
1.224989414215088,1,-24,-20,-18,-8,-5,0,12,25,9,-5,6,3,10,sil
1.241046905517578,13,-7,-6,-8,-8,-21,-15,5,12,0,5,19,7,2,sil
1.2567172050476074,23,22,18,8,5,-14,-10,0,9,13,37,33,28,9,sil
1.2567172050476074,26,22,16,0,9,-7,-3,-5,0,6,43,23,33,12,sil
1.2567172050476074,21,14,3,-6,-5,-14,-13,-11,-13,-16,21,2,16,0,sil
1.2722806930541992,2,17,9,2,-12,-15,-20,-20,-23,-26,0,-17,-6,-19,sil
1.2722806930541992,-15,10,6,8,0,-1,-9,-19,-25,-22,-7,-35,-19,-21,sil
1.287402629852295,-13,-2,2,10,11,13,4,-5,-7,-5,-2,-29,-12,-3,sil
1.3030495643615725,-1,1,13,18,11,20,9,3,6,12,2,-12,0,6,sil
1.304049015045166,-3,5,10,18,6,14,11,2,5,6,-9,-20,-3,1,sil
1.304049015045166,-12,-9,-4,3,1,8,14,7,10,3,-22,-35,-16,1,sil
1.318425178527832,-9,-18,-11,-7,-5,11,17,15,25,34,-7,-27,-2,18,sil
1.3344810009002686,5,-4,-4,-8,-5,10,14,15,28,45,11,-7,22,33,sil
1.3344810009002686,16,1,2,-6,5,0,3,12,24,20,9,15,25,24,sil
1.3344810009002686,7,-6,0,-13,6,-8,-9,5,14,2,-2,36,15,6,sil
1.3500313758850098,-6,-11,-11,-29,-7,-14,-26,0,-2,-9,-6,37,9,-1,sil
1.3657310009002686,-2,-12,-18,-34,-16,-21,-28,-1,-8,-17,0,27,2,-4,sil
1.3657310009002686,5,-8,-6,-19,-8,-17,-20,-6,-9,-17,4,27,-6,-6,sil
1.3812832832336426,6,0,9,-2,0,-10,-17,-16,-20,-25,0,23,-16,-14,sil
1.3812832832336426,4,7,6,2,0,-8,-10,-15,-24,-29,-6,6,-19,-25,sil
1.39660382270813,-4,18,4,8,6,1,7,-7,-16,-16,-3,-1,-16,-21,sil
1.39660382270813,-7,24,9,26,14,14,17,0,-14,-7,-3,-5,-18,-6,sil
1.412317991256714,-4,18,7,31,12,21,19,0,-10,0,-7,-6,-13,-1,sil
1.412317991256714,-17,5,-1,16,1,22,18,0,-3,9,-8,-9,-2,-5,sil
1.4273393154144287,-29,-9,-19,5,-4,9,11,0,-4,5,-19,-29,-10,-10,sil
1.4273393154144287,-22,-25,-22,-3,-12,-2,0,1,-3,-4,-24,-36,-13,-8,sil
1.4427111148834229,-10,-29,-14,-17,-23,1,0,6,10,8,-9,-15,5,0,sil
1.4427111148834229,-4,-25,-17,-16,-19,0,1,9,21,20,1,-5,11,3,sil
1.4583861827850342,3,-20,-14,-9,-4,-12,0,10,25,17,7,-4,11,11,sil
1.4583861827850342,20,-6,3,-3,-2,-11,0,11,29,27,24,12,28,24,sil
1.473763942718506,30,8,18,7,-1,-5,3,6,18,16,35,27,33,17,sil
1.473763942718506,26,11,19,15,9,-10,-1,-3,-3,-18,23,23,15,-1,sil
1.4893698692321775,16,16,13,3,9,-7,-15,-8,-16,-27,12,17,3,-3,sil
1.4893698692321775,13,24,18,0,2,-2,-15,-5,-15,-16,20,25,3,8,sil
1.5056188106536863,21,30,29,21,9,-3,-3,-2,-12,-15,27,26,0,11,sil
1.5056188106536863,25,38,33,34,22,0,0,-2,-12,-11,20,17,-2,7,sil
1.5213842391967771,15,35,25,28,25,0,3,-6,-9,0,9,6,0,4,sil
1.5213842391967771,-3,18,11,23,14,-1,6,-8,-3,5,0,-9,-5,-4,sil
1.5364980697631836,-17,1,0,11,0,6,8,-1,-3,6,-9,-21,-13,-10,sil
1.5364980697631836,-19,-11,-13,-12,-9,18,20,5,0,11,-20,-21,-7,0,sil
1.551631212234497,-18,-22,-21,-26,-10,14,16,5,6,20,-27,-19,-2,0,sil
1.551631212234497,-23,-24,-20,-20,-6,8,-3,0,5,12,-29,-24,-15,-10,sil
1.566789627075195,-26,-22,-24,-19,0,9,-4,-4,-1,-4,-34,-34,-21,-11,sil
1.566789627075195,-19,-17,-24,-28,2,11,2,0,1,1,-30,-29,-9,-7,sil
1.5828063488006592,-10,-14,-23,-28,0,6,1,8,16,22,-18,-16,-1,0,sil
1.5828063488006592,-14,-19,-27,-30,-3,-1,-6,0,10,0,-22,-21,-10,0,sil
1.5983643531799316,-18,-31,-33,-42,-14,-7,-19,-8,-5,-31,-34,-29,-17,-15,sil
1.5987763404846191,-8,-28,-30,-44,-19,-7,-12,0,3,-9,-21,-12,-7,-6,sil
1.6143181324005127,3,-13,-11,-29,-5,0,2,10,12,17,2,13,4,20,sil
1.6143181324005127,5,-3,2,-4,3,2,-2,6,0,2,10,19,9,14,sil
1.629307746887207,4,5,12,19,0,-16,-14,6,-3,-11,15,19,11,-4,sil
1.629307746887207,14,13,20,31,0,-28,-10,6,3,-1,25,28,14,1,sil
1.644815444946289,27,17,23,36,-1,-11,0,0,6,4,35,45,18,10,sil
1.644815444946289,25,19,33,41,-4,-3,2,-2,2,-2,47,54,25,2,sil
1.6607482433319092,19,26,36,41,0,-13,2,-6,-4,-9,43,35,27,0,sil
1.6607482433319092,21,28,26,33,0,-6,0,-14,-14,-5,30,16,19,3,sil
1.6763370037078855,16,20,22,20,-3,1,0,-13,-19,-6,23,14,10,0,sil
1.6763370037078855,0,9,15,7,-2,-1,-1,-6,-15,-17,8,5,0,-6,sil
1.692206859588623,-7,7,4,3,5,8,0,0,-10,-16,-3,-7,-11,-3,sil
1.692206859588623,-2,8,0,5,10,18,8,5,-2,5,0,-9,-12,0,sil
1.7074191570281982,-2,2,1,3,7,3,6,4,0,7,-1,-12,-10,-5,sil
1.7074191570281982,-5,0,6,2,6,-1,0,-5,-10,-9,-14,-17,-14,-8,sil
1.7233293056488037,0,2,4,8,9,15,3,-5,-8,0,-16,-17,-14,-1,sil
1.7233293056488037,-7,-3,-7,-3,6,20,8,1,0,17,-21,-21,-14,0,sil
1.738586187362671,-19,-12,-18,-14,-3,7,2,1,-1,4,-35,-28,-20,-5,sil
1.738586187362671,-8,-9,-12,-4,-2,1,7,1,8,0,-33,-22,-15,1,sil
1.754051685333252,0,-12,-7,-4,5,6,20,11,29,24,-20,-11,0,16,sil
1.754051685333252,-9,-18,-17,-13,3,10,14,14,20,25,-19,-12,3,10,sil
1.7696630954742432,-9,-13,-22,-19,-5,2,0,3,5,-2,-20,-10,0,-3,sil
1.7696630954742432,-8,-14,-23,-26,-9,-9,-4,0,14,-7,-12,-3,-3,-3,sil
1.785275936126709,-11,-16,-19,-25,-2,-8,-5,1,14,11,1,6,2,3,sil
1.785275936126709,0,-5,-5,-12,7,0,-7,1,1,17,21,19,20,8,sil
1.802495002746582,13,0,-3,-5,4,-2,-2,1,8,7,31,16,25,10,sil
1.803497314453125,2,-5,-11,-10,-9,-15,-1,-2,6,-2,21,6,10,1,sil
1.8157289028167725,-1,-5,-9,-12,-9,-15,0,-6,-13,-11,7,6,0,-11,sil
1.8157289028167725,18,10,1,-2,6,-1,6,-1,-10,-12,13,10,6,-3,sil
1.8315963745117188,28,21,16,5,9,0,1,0,4,-3,25,13,20,4,sil
1.8315963745117188,8,13,14,3,-2,-7,-13,-2,-3,-5,16,10,12,-4,sil
1.8466079235076904,-6,8,8,4,-2,-5,-22,-7,-19,-19,5,1,-5,-10,sil
1.862677335739136,0,14,11,12,4,-3,-20,-9,-13,-17,4,-1,-11,-6,sil
1.862677335739136,0,16,11,14,2,-7,-16,-6,-5,-8,-9,-5,-17,-9,sil
1.862677335739136,-6,8,15,14,0,0,-14,-1,-12,-9,-23,-11,-25,-6,sil
1.879059076309204,-3,0,20,16,-5,12,-4,0,-13,0,-7,-4,-15,6,sil
1.879059076309204,-5,-4,8,10,-10,11,11,-1,-7,5,0,-3,-6,3,sil
1.8954150676727293,-13,-5,-4,0,-3,10,19,2,-5,-12,-30,-17,-18,-11,sil
1.8954150676727293,-13,-11,-6,-7,0,9,9,0,-3,-15,-40,-21,-22,-11,sil
1.9094510078430176,-15,-18,-3,-11,-3,0,3,1,5,11,-7,-6,-1,3,sil
1.9246516227722168,-10,-12,-3,0,-5,3,23,11,24,30,13,2,18,17,sil
1.9246516227722168,1,-5,-1,11,0,17,33,12,21,25,4,5,16,15,sil
1.940758466720581,6,-9,-3,5,-2,0,4,1,1,8,-6,6,13,6,sil
1.940758466720581,15,0,-8,-3,-8,-27,-16,0,1,0,2,13,24,5,sil
1.956776142120361,22,13,3,-4,-2,-21,-11,0,1,-1,25,24,19,3,sil
1.956776142120361,13,15,15,3,7,-5,-10,-7,-9,-8,29,18,-1,-3,sil
1.956776142120361,3,14,10,14,9,-2,-16,-5,-3,-8,15,2,-4,-4,sil
1.9723868370056152,-1,6,1,9,2,3,-6,-2,2,6,2,-4,-2,-8,sil
1.987593650817871,-3,-6,-6,-1,0,13,8,-5,-7,10,-8,-11,-9,-4,sil
1.987593650817871,0,-5,-5,-3,6,6,11,1,-5,3,-6,-4,0,11,sil
2.50242567062378,8,9,12,-1,0,-12,-3,0,-4,-2,19,3,14,-1,sil
2.50242567062378,-6,5,0,-4,4,-17,-17,-8,-9,-15,-6,-11,-4,-11,sil
2.517587423324585,-8,10,-2,3,7,-12,-20,-11,-15,-7,-6,-5,-15,-9,sil
2.517587423324585,0,9,10,19,3,1,-12,-8,-18,0,3,0,-1,-5,sil
2.5335116386413574,6,9,22,32,4,16,-1,-7,-11,1,-1,-1,4,-1,sil
2.5335116386413574,8,10,10,25,9,16,5,0,-2,13,-7,-6,-1,9,sil
2.55019211769104,-4,-9,0,5,4,5,4,1,-7,20,-1,-12,0,11,sil
2.55019211769104,-19,-23,-2,7,-2,5,7,-5,-8,8,-7,-17,-5,0,sil
2.565098285675049,-14,-6,-3,15,2,18,14,0,0,0,-22,-18,-24,-4,sil
2.565098285675049,-3,-1,-7,7,10,22,18,11,6,9,-17,-15,-26,-1,sil
2.581123113632202,-8,-18,-16,-1,2,13,14,6,10,8,-4,-12,-10,4,sil
2.581123113632202,-17,-24,-19,-10,-8,7,7,4,15,0,-7,-8,-4,0,sil
2.595870018005371,-11,-17,-18,-16,-6,5,8,10,20,3,-19,-6,-2,-4,sil
2.595870018005371,-5,-9,-14,-17,-7,0,8,10,18,3,-20,0,3,3,sil
2.611384630203247,0,-1,-6,-13,-16,-8,2,9,16,3,4,15,13,18,sil
2.62746262550354,10,4,-7,-15,-12,-9,0,6,10,6,28,21,21,13,sil
2.62746262550354,9,3,-7,-25,-1,-7,-5,-1,0,-14,13,10,16,-8,sil
2.6426589488983154,10,4,1,-16,0,-8,0,-1,0,-27,0,10,7,-11,sil
2.6426589488983154,16,20,15,5,3,-15,3,0,-1,-12,16,20,5,-1,sil
2.658412218093872,7,30,26,10,10,-15,-9,-5,-14,-10,17,10,-2,-12,sil
2.658412218093872,-3,24,27,14,11,0,-14,-9,-12,-4,6,-3,-3,-14,sil
2.658412218093872,4,22,30,26,11,8,0,-9,-5,9,13,6,9,3,sil
2.673115491867065,12,19,31,25,13,8,9,-4,-7,7,12,13,8,5,sil
2.6884562969207764,0,0,6,13,12,12,7,0,-1,7,-5,-2,-2,0,sil
2.6884562969207764,-11,-21,-21,-7,-6,6,-2,0,4,11,-14,-12,0,8,sil
2.703885078430176,-9,-29,-33,-33,-30,-15,-12,0,8,1,-18,-13,4,5,sil
2.703885078430176,-6,-28,-28,-33,-22,-22,-9,2,7,-4,-20,-16,1,0,sil
2.7196168899536133,0,-21,-9,-17,-4,-14,-14,-2,-3,0,-10,-2,0,5,sil
2.7196168899536133,5,-5,7,-7,-1,-8,-26,-9,-16,0,5,17,-2,0,sil
2.735128879547119,7,13,14,13,3,-6,-22,-8,-15,0,24,19,0,-10,sil
2.735128879547119,9,21,17,29,11,-2,-6,0,-6,6,33,12,5,2,sil
2.751173496246338,1,12,15,21,14,12,7,0,-3,9,11,4,-1,9,sil
2.751173496246338,-9,0,1,19,7,20,14,-5,-8,0,-20,-16,-19,-4,sil
2.7676050662994385,-6,-2,-8,25,0,14,18,2,-2,0,-21,-18,-17,0,sil
2.7676050662994385,0,-1,-5,13,6,17,28,17,15,16,1,1,3,15,sil
2.7833290100097656,0,-1,-8,-2,9,17,27,15,21,21,2,-6,8,14,sil
2.7833290100097656,-1,-9,-13,-9,-5,0,8,7,14,-1,-12,-22,-2,0,sil
2.7983970642089844,0,-14,-8,-12,-8,-3,7,5,13,-14,-10,-2,-4,-3,sil
2.7983970642089844,4,-4,-6,-14,4,6,17,5,20,0,7,12,7,3,sil
2.813318014144897,9,2,-4,-12,7,0,7,6,22,0,15,10,13,-1,sil
2.813318014144897,6,4,-3,-11,2,-9,-7,8,11,-21,9,10,3,-10,sil
2.8286242485046387,-1,7,0,-13,0,-10,-15,-3,-13,-27,4,10,-9,-16,sil
2.8286242485046387,-8,3,1,-11,-5,-11,-26,-20,-31,-16,0,-1,-12,-23,sil
2.8437418937683105,-15,1,1,-1,-7,-12,-29,-22,-32,-15,-13,-15,-18,-20,sil
2.8437418937683105,-12,10,12,2,-4,-9,-19,-18,-32,-21,-11,-13,-22,-11,sil
2.859349489212036,0,10,18,8,-1,-3,-6,-17,-25,-10,0,-2,-8,-1,sil
2.859349489212036,-3,2,9,13,-1,9,5,-6,-14,6,-6,-1,0,3,sil
2.875183582305908,-11,-2,-4,9,-7,20,15,6,-7,11,-26,-13,-13,0,sil
2.875183582305908,-6,-7,-12,1,-11,12,15,9,5,15,-22,-22,-7,5,sil
2.890345573425293,-1,-14,-11,-9,-4,3,13,7,20,23,-9,-10,20,20,sil
2.890345573425293,3,-19,-16,-17,-3,0,10,7,15,22,-7,2,26,19,sil
2.906061887741089,12,-11,-13,-10,-10,-5,0,8,7,9,-5,4,16,5,sil
2.906061887741089,12,2,0,0,-5,-11,-12,13,21,7,3,5,18,4,sil
2.9230284690856934,11,4,0,1,3,-14,-11,11,30,7,15,13,24,12,sil
2.9230284690856934,14,0,0,0,7,-11,-13,-1,14,4,30,25,24,8,sil
2.9365570545196533,10,5,4,0,6,-2,-12,-6,0,9,31,19,14,-3,sil
2.9365570545196533,6,18,12,0,9,-1,-4,0,-1,8,13,9,0,-8,sil
2.9521188735961914,10,25,30,12,17,0,1,5,0,0,15,17,0,-3,sil
2.9521188735961914,4,19,29,20,19,4,0,0,-4,-9,29,18,-1,0,sil
2.967668056488037,-7,12,14,13,16,0,-9,-15,-26,-33,14,0,-19,-4,sil
2.967668056488037,-6,8,14,13,17,3,0,-10,-23,-29,-2,-10,-20,-8,sil
2.9836647510528564,-7,-8,6,6,15,23,27,7,6,11,-1,-9,-6,1,sil
2.9836647510528564,-24,-30,-19,-18,0,17,27,8,5,14,-12,-18,-15,2,sil
2.998552322387696,-27,-23,-29,-14,-17,-5,11,0,-5,-2,-28,-28,-23,-7,sil
2.998552322387696,-7,-5,-10,9,-18,-1,14,0,11,10,-24,-16,-9,-1,sil
3.0147666931152344,7,-5,0,10,-8,6,12,1,20,18,-17,1,2,13,sil
3.0147666931152344,9,-8,-6,-3,-8,-4,-4,0,4,0,-10,7,3,9,sil
3.0298283100128174,8,-8,-17,-19,-16,-18,-11,0,-4,-13,4,8,5,-1,sil
3.0298283100128174,12,-5,-17,-23,-20,-18,-13,-2,-4,-14,9,11,11,-1,sil
3.0453927516937256,14,3,1,-6,-13,-3,-18,-2,-3,-5,11,19,15,0,sil
3.0453927516937256,11,16,19,7,-4,5,-13,-7,-7,0,16,15,4,0,sil
3.060475349426269,3,18,10,8,6,5,-7,-14,-19,-14,0,-5,-16,-5,sil
3.075634717941284,-9,6,-1,12,18,14,4,-7,-18,-13,-18,-20,-22,-15,sil
3.075634717941284,-15,-8,-6,10,9,19,23,10,6,19,-16,-19,-7,-6,sil
3.0912084579467773,-10,-10,-12,-5,-6,2,11,11,18,19,-5,-11,3,7,sil
3.0912084579467773,0,2,-12,-14,-3,-9,-16,-2,2,-19,-2,-3,3,-7,sil
3.1064226627349854,0,11,-3,-5,6,-8,-23,-5,-13,-23,-8,-5,-1,-24,sil
3.1064226627349854,-13,3,5,6,11,-5,-11,-4,-18,-6,-13,-12,-8,-17,sil
3.122047185897827,-16,-8,0,12,6,0,2,-5,-11,-1,-7,-14,-12,-4,sil
3.122047185897827,-8,-16,-5,1,-4,6,8,3,2,10,-4,-8,-5,7,sil
3.137850046157837,-4,-20,-4,-15,-6,0,0,14,18,23,-6,2,15,18,sil
3.137850046157837,-4,-8,-8,-17,-2,-8,-8,9,23,13,4,13,30,14,sil
3.15354585647583,5,11,3,-2,-2,-13,-15,-3,7,7,29,25,23,3,sil
3.15354585647583,23,24,26,20,3,-8,-16,-10,-12,7,34,29,6,3,sil
3.168441772460937,19,21,26,25,13,14,8,0,-8,0,7,11,-6,8,sil
3.168441772460937,0,0,1,0,2,20,33,15,16,9,-11,-9,-2,11,sil
3.1836392879486084,-2,-17,-10,-19,-11,-8,14,12,29,21,2,-4,14,10,sil
3.1836392879486084,12,-4,5,-22,-10,-26,-8,0,8,-6,19,12,18,7,sil
3.19974684715271,24,8,14,-21,-6,-8,4,-2,-7,-29,16,13,5,11,sil
3.19974684715271,20,13,11,-3,3,11,17,0,0,-7,12,10,0,13,sil
3.215261697769165,10,18,17,27,19,13,10,0,7,10,7,8,-3,3,sil
3.215261697769165,0,15,12,38,13,11,12,0,-1,6,-12,-6,-15,0,sil
3.2304186820983887,-12,-3,-2,22,0,18,18,1,-13,5,-29,-23,-26,-6,sil
3.2304186820983887,-21,-20,-20,-1,-5,15,10,-3,-11,3,-26,-26,-22,-18,sil
3.246522188186645,-16,-18,-29,-16,-5,-1,-5,-9,-4,-9,-4,-9,-3,-12,sil
3.246522188186645,0,-4,-13,-9,-4,-13,-18,-4,-3,-16,18,11,10,-6,sil
3.2623541355133057,8,3,-2,0,0,-12,-24,-4,-5,-7,22,14,11,-12,sil
3.2623541355133057,1,7,-1,0,4,-12,-23,-13,-10,-9,14,15,12,-9,sil
3.2775230407714844,2,10,0,0,4,-13,-19,-14,-18,-18,9,14,10,-8,sil
3.2775230407714844,-2,5,3,2,0,-12,-17,-11,-20,-15,-2,-6,-7,-16,sil
3.293355226516724,-18,-5,2,3,0,-1,-5,-3,-5,2,-20,-27,-23,-10,sil
3.293355226516724,-23,-9,-5,10,3,13,13,7,11,16,-29,-22,-20,-1,sil
3.3089256286621094,-15,-10,-7,3,1,16,14,4,2,3,-28,-12,-19,-4,sil
3.3089256286621094,-10,-18,-3,-8,-6,9,7,0,-9,-13,-25,-17,-27,-1,sil
3.3245952129364014,-13,-16,-5,-4,-8,5,13,5,0,-5,-26,-21,-20,3,sil
3.3245952129364014,-12,-10,-10,-5,-5,0,13,13,12,12,-18,-8,0,3,sil
3.339629650115967,-3,-11,-15,-22,-8,-4,0,18,26,19,1,4,17,10,sil
3.339629650115967,7,-9,-7,-22,-7,-4,-6,16,36,15,13,10,23,19,sil
3.3552892208099365,18,0,3,-4,0,0,0,6,28,15,13,12,27,17,sil
3.3552892208099365,14,4,3,-7,-5,0,-1,1,12,17,15,12,31,12,sil
3.3704168796539307,8,4,2,-19,-9,-10,-15,0,1,4,18,16,22,11,sil
3.3704168796539307,20,13,8,-3,3,-15,-16,-4,-11,-12,24,21,9,8,sil
3.38650894165039,24,20,14,11,10,-8,-2,-10,-23,-14,27,18,0,-1,sil
3.38650894165039,9,17,10,9,0,-4,0,-10,-26,-13,17,11,-3,-13,sil
3.401787757873535,7,19,12,12,1,0,0,-4,-16,-12,12,12,-2,-3,sil
3.401787757873535,20,23,25,21,16,9,4,0,-2,-2,20,17,5,8,sil
3.4179632663726807,14,18,19,26,18,7,3,-4,-1,5,16,2,3,-5,sil
3.4179632663726807,0,15,7,30,11,6,0,-10,-7,-3,-6,-17,-12,-16,sil
3.433584928512573,-7,10,8,26,9,12,5,-2,0,-3,-20,-23,-17,-5,sil
3.433584928512573,-13,-5,0,12,4,11,12,7,13,16,-13,-15,-6,4,sil
3.44919228553772,-19,-20,-10,0,-3,8,17,3,5,22,-10,-6,-2,3,sil
3.44919228553772,-20,-21,-18,-6,-11,8,13,-4,0,3,-28,-12,-16,0,sil
3.4647512435913086,-18,-16,-19,-14,-10,7,1,-1,0,-13,-37,-19,-24,-5,sil
3.4647512435913086,-6,-13,-9,-19,-3,6,2,9,9,0,-9,-1,-4,-1,sil
3.4798803329467773,3,-11,-5,-16,0,6,16,16,24,31,18,16,23,16,sil
3.4798803329467773,2,-5,-7,-15,1,0,9,12,21,26,12,8,25,22,sil
3.495412826538086,4,-7,-10,-19,0,-9,-4,2,1,-6,-2,-2,7,1,sil
3.495412826538086,2,-16,-10,-26,-5,-16,-8,-2,-4,-17,2,2,2,-8,sil
3.511375188827514,-3,-15,-6,-27,-10,-23,-18,-6,-11,-20,9,3,6,-9,sil
3.511375188827514,-5,-6,-8,-16,-10,-21,-31,-16,-28,-30,-2,-6,-6,-16,sil
3.5275418758392334,-4,0,-4,-8,-6,-19,-32,-19,-32,-34,-8,-6,-21,-21,sil
3.5275418758392334,0,7,4,0,-5,-24,-25,-6,-19,-34,4,5,-12,-15,sil
3.542600154876709,4,17,12,19,-2,-11,-16,-1,-13,-24,7,6,0,-8,sil
3.542600154876709,0,24,17,29,5,5,-8,-8,-15,-4,2,0,-3,-6,sil
3.557753562927246,2,27,18,24,9,7,-3,-4,-6,4,2,4,-6,0,sil
3.557753562927246,10,22,21,26,12,20,15,5,6,14,-1,8,0,13,sil
3.573523759841919,0,9,12,29,13,32,31,5,9,25,-13,-5,-7,8,sil
3.573523759841919,-16,-4,-4,19,3,17,19,2,7,16,-20,-19,-17,-5,sil
3.589024066925049,-2,-13,0,11,-3,11,17,10,18,26,-9,-6,-5,5,sil
3.589024066925049,13,-12,3,5,0,24,36,18,37,54,5,1,13,25,sil
3.6042850017547607,-5,-13,-13,-8,3,12,23,14,30,31,0,-14,11,14,sil
3.6195709705352783,-18,-27,-24,-20,-4,-6,0,6,12,0,-12,-19,0,-1,sil
3.6195709705352783,1,-22,-11,-17,-10,-6,2,2,12,9,3,3,12,7,sil
3.63496470451355,22,0,0,-13,-3,-7,8,7,21,12,29,23,34,15,sil
3.63496470451355,19,7,-5,-10,1,-12,0,8,13,-6,23,23,31,9,sil
3.650235414505005,4,0,-2,-6,1,-9,-20,-9,-7,-19,3,15,10,-1,sil
3.650235414505005,1,1,1,-3,-1,-13,-31,-24,-24,-24,0,5,0,-10,sil
3.666335821151733,9,5,-1,-5,0,-16,-17,-11,-19,-14,3,6,1,-5,sil
3.666335821151733,2,5,1,-9,2,-5,-7,0,-9,0,0,12,1,-4,sil
3.682295322418213,-11,3,-3,-14,-7,-4,-17,-8,-11,-13,-2,0,-6,-12,sil
3.682295322418213,-9,5,-9,-20,-11,-15,-20,-5,-22,-29,8,-9,-15,-13,sil
3.6982946395874015,7,9,4,-5,2,-9,-7,3,-14,-13,21,6,-6,0,sil
3.6982946395874015,11,18,13,19,9,5,2,1,0,0,15,14,0,4,sil
3.713746547698975,-3,19,8,16,4,7,2,-2,-10,-12,0,-4,-15,-10,sil
3.713746547698975,-11,7,5,0,4,6,0,-1,-12,-12,-7,-19,-25,-11,sil
3.7297494411468506,-5,9,13,8,10,12,7,0,2,4,0,-5,-10,1,sil
3.7297494411468506,-2,13,14,20,8,13,13,-1,1,2,-2,0,-6,1,sil
3.74526596069336,-11,-8,0,5,-2,13,7,-5,-9,-2,-24,-25,-16,-10,sil
3.74526596069336,-18,-28,-8,-13,-3,18,10,0,-2,9,-33,-38,-13,-14,sil
3.7607734203338623,-16,-19,-8,-9,5,13,23,11,7,23,-29,-25,-6,0,sil
3.7607734203338623,-10,-7,-2,3,5,-3,18,10,8,20,-23,-12,-7,9,sil
3.776299715042114,-7,-13,-2,4,-2,0,7,1,7,12,-12,-6,-3,3,sil
3.776299715042114,-8,-13,-13,0,-1,16,10,0,8,15,-3,-3,7,2,sil
3.792344331741333,3,0,-7,4,0,7,10,3,8,15,1,5,14,12,sil
3.792344331741333,21,3,7,15,3,-7,2,2,13,3,12,19,18,16,sil
3.808399200439453,23,-3,9,18,3,-3,-2,1,14,0,20,27,22,16,sil
3.808399200439453,17,-7,3,6,-12,-7,-3,5,13,11,14,31,22,21,sil
3.8237171173095694,17,-4,-3,-3,-20,-19,-4,9,16,7,5,25,18,18,sil
3.8237171173095694,11,0,0,-1,-9,-22,-11,2,7,-9,3,18,15,8,sil
3.8393828868865967,10,0,0,-4,-10,-25,-21,-12,-9,-19,9,19,9,0,please
3.8393828868865967,11,3,-2,-11,-18,-21,-24,-13,-12,-23,22,20,7,-4,please
3.854684352874756,2,8,3,-6,-10,-12,-20,-3,-6,-23,22,13,6,-10,please
3.854684352874756,-6,13,6,4,0,-6,-14,-3,-10,-23,7,-1,-1,-21,please
3.869317054748535,-7,13,0,4,3,0,-7,-6,-14,-27,3,-5,-5,-26,please
3.869317054748535,2,10,5,0,6,4,-1,4,1,-4,22,6,6,-4,please
3.884967803955078,6,16,16,5,12,8,-1,6,11,24,30,5,4,6,please
3.884967803955078,-9,14,8,13,18,15,-4,-8,-11,8,-3,-16,-21,-13,please
3.9004969596862793,-24,0,-9,7,10,11,0,-12,-28,-16,-36,-31,-37,-20,please
3.9004969596862793,-21,-4,-6,-5,5,1,5,-1,-17,-5,-21,-26,-25,-4,please
3.916059970855713,-10,-5,-2,-11,11,5,5,4,-6,12,-3,-25,-14,-4,please
3.916059970855713,-5,-5,-11,-12,9,15,3,5,0,4,-16,-31,-19,-14,please
3.931734085083008,-10,-1,-15,-16,3,17,9,2,6,-5,-28,-26,-24,-11,please
3.931734085083008,-7,-3,-15,-16,2,18,17,-3,8,-4,-22,-20,-16,0,please
3.946731567382813,-3,-22,-19,-24,-2,10,16,0,2,-4,-13,-20,-4,4,please
3.946731567382813,-14,-34,-24,-38,-4,0,10,9,11,13,-12,-14,5,3,please
3.9618849754333496,-14,-12,-12,-25,6,4,14,10,29,48,-12,1,13,16,please
3.9618849754333496,2,6,3,6,15,16,26,9,29,46,-8,1,10,21,please
3.9776480197906494,6,-1,-4,7,1,13,28,10,15,26,-9,0,5,14,please
3.9776480197906494,10,-2,-4,-21,-17,-5,5,3,5,18,-8,20,8,16,please
3.9937705993652335,20,4,6,-20,-23,-20,-14,-4,-3,-3,8,18,16,17,please
3.9937705993652335,10,0,1,14,-8,-20,-11,-2,-7,-20,30,4,29,4,please
4.01476526260376,10,4,10,36,1,-20,-9,0,0,-4,37,31,39,5,please
4.01476526260376,23,16,33,34,-15,-26,-21,-10,-3,0,39,56,35,13,please
4.01476526260376,13,13,34,31,-23,-27,-21,-18,-17,-22,46,48,20,0,please
4.025302886962891,8,14,39,40,2,-14,-10,-7,-19,-27,39,37,5,-6,please
4.040441513061523,21,27,49,53,5,0,-9,0,-19,-19,6,19,-9,0,please
4.040441513061523,12,25,37,49,-13,6,-14,-7,-27,-25,-11,5,-19,-5,please
4.056351661682129,-2,3,18,29,0,3,-6,-3,-18,-22,-2,8,-17,-11,please
4.056351661682129,-13,-17,0,6,21,6,7,3,-5,-10,-14,-11,-23,-15,please
4.072381734848023,-29,-28,-31,-12,8,17,14,1,-2,-4,-45,-48,-32,-18,please
4.072381734848023,-28,-23,-53,-26,-2,19,8,1,10,1,-36,-45,-21,-7,please
4.087924480438232,-4,-12,-36,-34,0,5,-2,12,24,6,-6,-11,-2,2,please
4.087924480438232,10,0,-16,-30,1,-5,-9,16,22,9,0,0,7,2,please
4.103815317153931,6,0,-21,-33,-2,-3,-11,7,16,12,2,-4,17,0,please
4.103815317153931,0,-11,-24,-42,-2,0,-6,3,8,4,5,-6,10,-4,please
4.119672775268555,-4,-10,-20,-30,7,-1,0,0,-1,-4,-3,-15,-12,-13,please
4.119672775268555,-7,10,-6,-12,16,0,0,-9,-2,-9,-7,-11,-15,-11,please
4.135685443878174,3,20,12,-6,11,9,3,-10,0,-8,1,5,4,0,please
4.135685443878174,11,12,16,0,5,12,13,0,4,7,7,1,7,3,please
4.151737213134766,-7,2,3,3,9,11,17,0,8,20,-2,-18,-9,-2,please
4.151737213134766,-17,0,4,8,8,9,15,-4,2,8,-18,-18,-21,1,please
4.167787075042725,-2,0,13,22,3,9,13,-3,-5,8,-10,-7,-9,14,please
4.167787075042725,-5,-5,-3,21,-1,6,9,-1,4,27,1,-9,10,12,please
4.183686971664429,-21,-16,-21,-5,-15,-9,-2,0,7,19,-1,-7,15,4,please
4.183686971664429,-11,-18,-13,-26,-30,-31,-22,3,-10,-2,3,8,9,1,please
4.19977617263794,7,-10,-4,-19,-30,-30,-31,0,-21,-7,19,13,5,-3,please
4.19977617263794,13,10,9,2,-6,-11,-17,-10,-25,-17,19,11,0,-11,please
4.215458631515503,10,31,25,29,16,0,5,-8,-29,-24,6,10,-12,-12,please
4.215458631515503,3,24,18,36,12,2,16,0,-19,-13,-7,-2,-18,-11,please
4.230679035186768,0,0,7,24,0,14,19,8,7,8,-16,-7,-9,1,please
4.230679035186768,1,-10,2,14,-2,25,29,22,38,34,-8,8,16,28,please
4.246286869049072,1,-17,1,-4,-7,14,23,25,42,36,4,19,34,41,please
4.246286869049072,6,-25,-3,-20,-12,-8,1,15,30,16,14,20,32,31,please
4.261390686035156,20,-14,-3,-11,-2,-11,-6,7,19,1,20,31,25,17,please
4.261390686035156,19,-1,5,-10,8,-1,-7,-6,-2,-14,14,31,13,0,please
4.277561902999878,5,0,-3,-18,2,-11,-16,-25,-16,-20,5,2,0,-19,please
4.277561902999878,0,6,-8,-12,-2,-26,-29,-16,-12,-18,4,-11,-5,-27,please
4.292017221450806,6,17,8,-5,6,-18,-28,0,-13,-28,3,1,-4,-21,please
4.292017221450806,9,20,6,4,11,-1,-13,-7,-8,-20,4,3,0,-8,please
4.307640552520752,0,8,4,9,1,8,-9,-3,-3,-1,-2,-5,-12,0,please
4.307640552520752,-10,-5,10,3,0,14,-7,14,-10,-4,-15,-11,-26,-3,please
4.323586940765381,-10,3,1,7,14,9,8,0,-8,-2,-8,-14,-16,-9,sil
4.323586940765381,-4,20,-1,14,15,3,11,-18,-5,0,0,-13,-8,-11,sil
4.338821887969971,-13,12,0,7,1,6,-4,-12,-15,-11,-8,-17,-21,-14,sil
4.338821887969971,-24,1,-6,7,0,10,-3,-8,-12,-11,-16,-17,-21,-12,sil
4.354660987854004,-10,1,-8,10,0,10,8,-2,1,0,-8,-9,-5,1,sil
4.354660987854004,1,-7,-3,0,-10,9,13,10,0,1,-6,-8,0,5,sil
4.3703343868255615,-8,-13,-4,0,-7,7,21,9,-1,10,-21,-13,-8,-3,sil
4.3703343868255615,-8,-4,-6,8,5,8,29,1,10,19,-24,-11,-10,0,sil
4.385479688644409,0,-8,-7,0,1,11,20,6,14,20,1,-2,7,14,sil
4.385479688644409,2,-20,-8,-4,-9,3,9,7,11,22,18,7,19,16,sil
4.400749444961548,0,-20,-3,-2,-5,-3,5,2,13,15,3,5,8,15,sil
4.400749444961548,0,-17,-3,-16,0,-5,3,6,19,7,-8,-1,2,12,sil
4.418768882751465,3,-10,-6,-24,-12,-10,0,6,21,12,-2,3,14,9,sil
4.4313929080963135,11,0,5,-8,-17,-14,-4,0,14,7,9,13,21,4,sil
4.4313929080963135,11,3,5,0,-7,-11,-11,0,1,-12,8,3,6,0,sil
4.447453260421753,5,0,-6,-15,-5,-21,-27,-3,-12,-30,1,2,-2,-6,sil
4.447453260421753,5,5,-1,-22,-7,-29,-37,-8,-13,-20,19,26,14,-3,sil
4.447453260421753,12,19,7,-3,0,-19,-28,-1,-9,1,42,29,25,2,sil
4.464076280593872,7,20,11,6,7,-8,-20,-2,-24,-5,26,5,3,-4,sil
4.478361129760742,0,16,11,13,14,-1,-13,-13,-26,-18,3,-1,-5,-18,sil
4.478361129760742,2,25,12,30,25,17,6,-3,-1,1,11,3,3,-15,sil
4.494372844696045,0,19,12,30,28,35,29,15,16,23,10,-1,1,0,sil
4.494372844696045,-12,-4,1,11,16,33,35,14,24,25,-11,-10,-7,8,sil
4.494372844696045,-19,-16,-7,-2,0,18,20,3,19,16,-26,-12,-17,2,sil
4.50959062576294,-7,-16,-8,-9,-12,0,6,1,5,6,-27,-13,-19,2,sil
4.524736642837524,6,-18,-8,-11,-8,-6,5,3,5,5,-16,-1,-2,14,sil
4.524736642837524,0,-18,-15,-16,-5,-5,-3,-5,2,-6,-9,3,5,5,sil
4.540483951568604,-12,-14,-23,-29,-16,-16,-24,-18,-23,-32,-14,-6,-4,-13,sil
4.540483951568604,0,3,4,-20,-9,-23,-25,-14,-38,-30,4,7,-2,-9,sil
4.55654239654541,23,27,39,17,7,-7,-11,-7,-25,-7,26,25,9,1,sil
4.55654239654541,15,25,31,36,5,8,0,-3,-16,-10,-3,3,0,0,sil
4.571764707565308,-11,5,7,18,-6,13,18,7,-10,-16,-30,-19,-23,0,sil
4.571764707565308,-19,-4,-6,9,-6,19,32,13,6,5,-12,-22,-22,4,sil
4.587364912033081,-6,-7,-4,10,2,19,24,6,20,17,-8,-16,-9,5,sil
4.587364912033081,2,-12,-6,0,0,-1,5,5,25,5,-15,-6,-5,1,sil
4.602667570114136,0,-10,-22,-21,-14,-22,-13,3,17,-5,0,1,0,-1,sil
4.602667570114136,1,-7,-24,-29,-15,-18,-22,-4,3,-3,14,6,14,-1,sil
4.618291854858398,16,-3,-1,-5,2,-10,-11,-1,11,14,32,17,27,2,sil
4.618291854858398,18,9,16,14,15,-5,-3,3,11,21,45,24,23,2,sil
4.634597063064575,3,19,10,14,12,3,-5,-5,-14,-4,18,4,0,-7,sil
4.634597063064575,-13,8,0,7,8,14,3,-9,-21,-19,-13,-19,-16,-16,sil
4.650118112564087,-25,-3,0,3,7,19,17,0,0,5,-11,-21,-13,-12,sil
4.650118112564087,-18,0,0,3,7,17,22,1,8,24,-7,-15,-3,-3,sil
4.665726900100708,-2,0,-9,-1,4,11,17,3,5,12,-15,-7,2,1,sil
4.665726900100708,2,-10,-8,-9,0,7,8,14,20,15,-5,5,15,9,sil
4.681282043457031,4,-11,-7,-14,-5,-4,0,13,34,24,6,11,23,16,sil
4.681282043457031,10,-9,-8,-20,-13,-21,-16,-2,13,-1,0,11,13,3,sil
4.696636915206909,17,-7,-1,-12,-9,-19,-21,-2,-8,-17,2,24,14,0,sil
4.696636915206909,23,6,14,3,9,-9,-12,1,-7,-4,20,32,20,14,sil
4.7123637199401855,15,15,19,2,8,-15,-17,-8,-16,-16,15,13,0,4,sil
4.7123637199401855,-7,10,2,3,-4,-12,-24,-13,-31,-36,-6,-9,-25,-18,sil
4.727461814880371,-19,8,2,23,5,4,-5,-5,-22,-17,-11,-13,-21,-13,sil
4.727461814880371,-9,8,9,26,4,10,8,-5,-10,7,-10,-11,-14,1,sil
4.742539644241333,-4,-7,-2,0,-20,0,2,-7,-19,0,-25,-15,-24,1,sil
4.742539644241333,-12,-23,-21,-18,-25,-2,5,-2,-22,-12,-33,-17,-28,0,sil
4.7576744556427,-9,-21,-18,-14,-9,5,7,3,-3,0,-16,-8,-8,6,sil
4.7576744556427,1,-14,0,-13,-7,0,-10,11,12,12,7,6,14,10,sil
4.773446083068848,4,-4,5,-6,-8,-16,-19,9,15,0,16,11,10,1,sil
4.773446083068848,6,20,8,13,4,-10,-1,0,8,-8,17,8,0,-9,sil
4.788536548614502,14,37,22,23,18,12,12,-1,5,0,27,11,11,-7,sil
4.788536548614502,13,25,16,21,22,23,14,0,6,9,29,5,14,-2,sil
4.8039538860321045,-3,8,4,10,17,21,17,-5,1,6,3,-10,-5,-7,sil
4.8039538860321045,-17,0,0,0,6,13,17,-7,4,6,-21,-23,-11,-8,sil
4.819090127944946,-17,-5,-7,2,4,9,14,1,19,15,-17,-22,1,2,sil
4.819090127944946,-7,-7,-10,-2,8,11,18,14,18,17,-3,-7,6,5,sil
4.834911584854126,0,-9,-9,-19,1,1,19,13,13,9,-3,1,4,3,sil
4.834911584854126,1,-8,-8,-11,-7,-10,0,3,14,6,3,5,8,7,sil
4.849759340286255,10,-3,-3,-6,-6,-14,-11,5,10,5,19,19,16,9,sil
4.849759340286255,16,-8,-6,-36,-7,-17,-9,5,0,-6,18,21,21,5,sil
4.865520477294922,6,-14,-7,-41,-10,-17,-18,-9,-13,-25,5,10,8,2,sil
4.865520477294922,3,5,10,3,-2,-11,-26,-12,-26,-32,3,8,-11,0,sil
4.880692005157471,8,22,25,34,8,0,-9,-6,-25,-18,5,8,-20,-4,sil
4.880692005157471,2,9,11,29,6,16,12,-8,-13,2,-12,-5,-15,-2,sil
4.896585702896118,-10,-6,-4,16,0,22,10,-3,-4,14,-28,-17,-11,0,sil
4.896585702896118,-18,-13,-5,5,0,9,0,1,3,15,-19,-15,-13,-5,sil
4.911717176437378,-9,-14,-6,1,-2,-1,2,0,11,16,-9,-6,-6,-2,sil
4.927436828613281,5,-5,-8,0,-1,-8,3,5,14,13,-5,5,13,11,sil
4.927436828613281,4,-6,-15,-9,-3,-15,-8,10,12,2,-3,4,21,5,sil
4.942732810974121,-8,-19,-22,-24,-18,-19,-23,1,2,-12,-12,-5,5,-10,sil
4.942732810974121,-3,-13,-11,-24,-22,-17,-25,-6,-7,-19,-8,0,5,-11,sil
4.958528280258179,13,16,4,-2,-2,-10,-10,-7,-12,-13,14,8,14,-10,sil
4.958528280258179,9,31,13,12,8,-4,-2,-5,-19,-17,17,2,-3,-18,sil
4.97431755065918,2,22,20,17,5,3,0,-3,-20,-17,10,3,-14,-13,sil
4.97431755065918,7,21,23,27,12,15,17,1,-4,2,18,9,2,6,sil
4.98990797996521,0,16,17,25,14,15,26,3,1,7,7,-4,-2,7,sil
4.98990797996521,-16,-3,1,11,0,4,12,-1,0,3,-13,-22,-24,0,sil
5.005586385726929,-10,-16,-6,4,-3,9,5,-1,3,13,-6,-15,-17,9,sil
5.005586385726929,-8,-11,-8,-1,4,25,11,7,7,17,0,-6,-6,14,sil
5.020819187164307,-14,-9,-16,-10,2,21,10,7,18,11,-5,-11,-8,10,sil
5.020819187164307,-4,-13,-14,-14,-4,0,1,0,24,10,-2,-8,0,8,sil
5.036405563354492,2,-15,-13,-22,-5,-11,-8,1,14,6,0,1,11,1,sil
5.036405563354492,0,-6,-9,-26,-4,-9,-18,0,4,-6,-2,10,13,-2,sil
5.051830768585205,16,14,9,-5,0,-12,-11,-2,1,-10,17,24,20,0,sil
5.051830768585205,32,28,23,8,6,-11,-2,0,-3,-3,42,36,30,7,sil
5.067815542221069,17,20,23,3,10,0,-8,-1,-13,-6,37,32,17,7,sil
5.067815542221069,0,15,21,19,13,6,-1,-7,-16,-11,2,4,-15,-1,sil
5.083777666091919,-5,10,15,30,7,12,16,0,-9,-2,-34,-15,-27,-6,sil
5.083777666091919,-11,-18,0,0,-7,9,12,8,1,9,-34,-10,-7,-1,sil
5.099679708480835,-10,-33,-17,-24,-11,0,7,6,10,15,-12,-9,3,3,sil
5.099679708480835,-5,-14,-16,-10,-4,-5,14,2,10,13,-12,-12,2,3,sil
5.114822626113892,0,-7,-7,0,-5,-15,-1,1,0,3,-18,-6,3,-1,sil
5.114822626113892,3,-13,-12,-12,-11,-24,-25,-4,-14,-9,-2,-4,3,-8,sil
5.130753040313721,2,-2,-14,-18,-7,-9,-17,-6,-14,-15,5,-1,2,-8,sil
5.130753040313721,4,13,-5,0,4,6,0,1,0,-10,5,5,3,-4,sil
5.146622180938721,5,18,3,17,16,1,2,2,9,0,19,8,4,-7,sil
5.146622180938721,3,13,6,14,12,0,1,-5,3,10,27,4,6,-6,sil
5.161655426025391,-2,9,3,4,0,10,0,-9,-11,-1,7,-5,-3,-4,sil
5.161655426025391,-15,7,6,7,2,17,0,-8,-23,-23,-17,-19,-28,-17,sil
5.177665710449219,-26,-4,1,10,0,19,19,-3,-11,-11,-27,-29,-33,-15,sil
5.177665710449219,-23,-20,-8,-5,-15,9,21,4,13,16,-15,-24,-13,1,sil
5.193257093429565,-5,-15,-7,-15,-14,-5,5,15,29,23,0,-4,6,10,sil
5.193257093429565,1,-12,-10,-8,-3,-10,3,14,26,13,0,8,11,16,sil
5.208767890930176,-6,-22,-17,-14,-7,-7,0,0,8,2,-8,8,2,14,sil
5.208767890930176,-4,-12,-16,-18,-10,-13,-17,-3,-3,-5,-8,3,-3,1,sil
5.224281072616577,10,4,-3,-4,-4,-18,-25,0,-6,-13,0,7,8,0,sil
5.224281072616577,19,2,3,4,-3,-12,-24,0,-5,-13,0,18,16,3,sil
5.239673614501953,20,9,8,7,2,2,-14,0,0,0,-7,25,8,2,sil
5.239673614501953,24,29,23,15,20,11,-1,0,3,6,11,21,12,6,sil
5.255059242248535,26,30,32,26,19,2,-2,-8,-9,-3,40,14,17,6,sil
5.255059242248535,17,13,29,23,2,-6,-9,-11,-26,-12,27,11,0,-1,sil
5.270932912826538,0,4,16,10,0,-4,-6,-5,-18,-4,8,5,-11,-3,sil
5.270932912826538,-9,9,6,11,7,4,6,-4,0,2,22,-5,0,-2,sil
5.2865824699401855,-12,10,10,19,14,13,19,-4,0,0,11,-15,-8,-4,sil
5.2865824699401855,-12,0,1,8,3,18,20,0,2,4,-25,-25,-21,-4,sil
5.301732063293457,-15,-7,-14,-8,-7,10,16,8,16,18,-25,-18,0,2,sil
5.301732063293457,-12,-8,-17,-17,-1,0,19,9,22,21,0,0,23,14,sil
5.317620277404785,-1,-17,-19,-23,2,-2,11,6,19,13,7,8,16,16,sil
5.317620277404785,12,-11,-8,-25,-4,-6,-6,5,13,4,8,13,11,10,sil
5.333017349243164,14,7,7,-12,-6,-9,-5,1,0,-1,6,12,7,1,sil
5.333017349243164,-5,5,0,-1,1,0,5,-8,-16,-13,-7,-11,-22,-12,sil
5.348775386810303,-22,-8,-10,0,7,12,9,-11,-22,-21,-24,-38,-48,-28,sil
5.348775386810303,-14,-5,-10,2,0,18,10,0,-10,-7,-28,-34,-34,-18,sil
5.364770174026489,-12,-7,-12,-4,-11,19,6,11,4,7,-17,-9,-4,0,sil
5.364770174026489,-12,-24,-20,-17,-16,2,-1,14,14,8,-10,2,6,2,sil
5.379776239395142,0,-22,-22,-18,-11,-17,-14,7,14,4,-14,1,7,-1,sil
5.379776239395142,1,-13,-15,-16,-14,-23,-27,0,5,-5,-10,7,7,-3,sil
5.39536190032959,-5,-13,-7,-15,-21,-26,-29,-3,-4,-17,-1,15,10,-5,sil
5.39536190032959,7,-1,7,-7,-10,-22,-21,-8,-14,-11,4,17,8,-5,sil
5.410550594329834,26,20,16,9,5,-6,-9,-7,-11,1,21,18,11,0,sil
5.410550594329834,22,29,21,25,9,-4,-6,0,0,2,36,20,18,8,sil
5.4266016483306885,16,25,30,33,11,-8,-6,5,0,-2,32,17,18,7,sil
5.4266016483306885,22,20,26,29,19,1,2,0,-2,3,18,5,10,2,sil
5.442291259765625,11,14,17,18,19,6,9,-8,-9,4,6,-5,0,-1,sil
5.442291259765625,-9,6,11,14,10,1,4,-13,-18,-9,-1,-12,-7,-8,sil
5.457602500915527,-16,5,3,12,9,10,0,-10,-19,-9,0,-12,-7,-10,sil
5.457602500915527,-15,9,1,10,12,23,7,-1,-8,9,5,-4,-6,-1,sil
5.473592042922974,-10,2,0,11,6,23,22,7,11,19,0,-6,-4,9,sil
5.473592042922974,-5,-13,-4,-1,1,16,28,9,22,14,-18,-12,-6,10,sil
5.489357709884644,-11,-24,-16,-22,0,9,16,5,14,4,-31,-13,-17,0,sil
5.489357709884644,-18,-21,-24,-19,-10,2,7,1,1,-6,-25,-11,-21,-3,sil
5.504438638687134,-5,-18,-14,-10,-13,0,18,8,10,0,-4,-3,-6,8,sil
5.504438638687134,2,-18,-7,-24,-2,3,20,14,29,21,5,4,2,18,sil
5.519650936126709,-1,-12,-10,-30,-3,0,-1,4,22,4,0,1,-1,11,sil
5.519650936126709,3,0,-3,-10,-14,-10,-13,-1,3,-14,-11,0,-2,5,sil
5.53481650352478,19,3,0,-3,-17,-17,-6,-1,0,-1,-6,7,10,13,sil
5.53481650352478,23,6,-1,-5,-9,-18,-10,-2,2,-2,10,18,23,11,sil
5.551369905471802,17,14,-3,1,0,-12,-17,0,-1,-14,13,18,20,0,sil
5.551369905471802,2,2,-10,-10,-5,-15,-26,-4,-15,-13,0,4,1,-10,sil
5.567403793334961,-2,-6,-7,-19,-11,-21,-35,-13,-27,-15,0,-1,0,-15,sil
5.567403793334961,7,22,15,19,11,-2,-15,-4,-9,-4,23,14,16,-5,sil
5.583536386489868,3,42,35,45,29,17,7,1,4,12,28,16,11,-5,sil
5.583536386489868,-8,25,26,28,13,9,0,-9,-7,6,10,-7,-8,-17,sil
5.599628210067749,-10,9,14,14,3,5,-9,-14,-19,1,2,-14,-11,-16,sil
5.599628210067749,-15,-1,6,10,10,13,-5,-9,-25,3,-5,-12,-14,-14,sil
5.615162134170532,-22,-17,-2,2,1,12,0,-9,-27,-10,-29,-24,-26,-23,sil
5.615162134170532,-15,-20,-3,-1,-2,12,14,-2,-2,-1,-21,-22,-17,-13,sil
5.6305084228515625,-6,-15,-12,-2,0,14,28,14,23,26,0,-7,1,9,sil
5.6305084228515625,-6,-16,-17,-7,-7,4,22,21,19,17,-8,-5,7,12,sil
5.646587371826172,-1,-19,-6,-14,-14,-9,11,15,12,-1,-15,0,7,10,sil
5.646587371826172,8,-16,-10,-14,-9,-14,6,10,16,12,5,14,14,21,sil
5.661658048629761,13,-4,-12,-8,-6,-7,-2,13,11,7,12,19,13,23,sil
5.661658048629761,12,-1,-1,-7,-5,-9,-9,13,5,-21,2,9,2,8,sil
5.677903413772583,15,-1,0,-8,0,-16,-9,5,9,-27,11,11,2,0,sil
5.677903413772583,16,10,-4,-6,6,-7,-6,-3,5,-16,25,22,4,5,sil
5.69333553314209,6,18,1,2,11,5,-4,-10,-11,-20,9,8,-13,2,sil
5.69333553314209,2,14,8,12,9,5,-2,-12,-20,-16,-11,-8,-23,-16,sil
5.70857572555542,9,11,6,2,0,0,3,-1,0,7,1,-1,-3,-17,sil
5.7246856689453125,4,7,6,-17,0,1,9,4,14,23,22,6,12,2,please
5.7246856689453125,-10,2,13,-6,7,1,7,-3,-2,17,7,-1,3,2,please
5.7246856689453125,-12,6,6,22,8,2,9,-11,-18,0,-20,-13,-9,-8,please
5.740289211273193,-13,-1,-4,16,2,1,6,-11,-11,-13,-26,-20,-9,-4,please
5.740289211273193,-21,-20,-7,0,-6,-2,-3,-13,-6,2,-18,-22,-8,-4,please
5.755851984024048,-15,-12,-3,5,-3,5,-1,-8,-1,35,-20,-14,-9,-9,please
5.771442174911499,-1,1,-1,10,6,24,6,3,11,46,-24,-9,-5,1,please
5.771442174911499,0,-2,-8,0,0,20,0,5,18,24,-18,-11,7,16,please
5.787632703781128,1,-5,-7,-1,-8,0,-7,6,13,10,-3,2,22,15,please
5.787632703781128,10,-3,1,0,-6,-5,0,12,18,20,6,22,29,14,please
5.787632703781128,17,-4,0,-7,-10,-10,-4,2,12,-32,17,20,33,13,please
5.802765369415283,10,1,-1,-10,-11,-21,-25,-10,-13,-118,27,14,40,6,please
5.802765369415283,6,9,2,-2,1,-18,-24,-3,-18,-68,18,11,21,0,please
5.818369150161743,7,2,10,-9,0,-10,-10,3,-5,44,4,1,-12,-1,please
5.833897352218628,5,0,11,-15,-7,-6,0,3,-2,46,14,4,-11,-6,please
5.833897352218628,-1,10,5,-3,0,2,6,2,-8,-3,21,12,-4,-15,please
5.850000858306885,-8,16,8,2,6,3,0,-2,-17,-21,2,-1,-33,-27,please
5.850000858306885,-9,8,11,8,4,4,6,-4,-16,-14,-7,-12,-37,-23,please
5.865586280822754,-9,2,2,17,7,19,25,0,-7,10,0,-5,-20,-6,please
5.865586280822754,-10,3,-1,18,10,24,21,0,-4,22,0,-10,-26,0,please
5.881276369094849,-3,0,0,14,9,11,12,1,0,10,-5,-19,-24,8,please
5.881276369094849,-3,-11,-10,0,6,1,11,6,17,14,-12,-13,-6,11,please
5.897391319274902,-12,-20,-30,-15,-2,-1,3,4,29,23,-18,-12,-2,0,please
5.897391319274902,-6,-12,-24,-13,-1,-2,-7,3,24,14,-5,-2,8,0,please
5.897391319274902,7,-4,-6,-3,0,-10,-17,9,13,3,12,17,25,13,please
5.912870407104492,11,-8,-9,-10,-11,-27,-25,6,6,-9,9,22,16,16,please
5.928841829299927,10,-6,-3,-20,-13,-23,-17,-1,0,-22,0,21,5,2,please
5.928841829299927,20,4,11,-7,0,-7,-6,-5,-3,-18,11,25,10,0,please
5.928841829299927,16,13,14,8,5,-5,-7,-6,-7,-4,27,18,9,8,please
5.944544076919556,2,13,17,15,6,3,0,-5,-15,0,13,3,-2,2,please
5.944544076919556,0,16,23,23,12,25,10,-7,-21,-3,-15,-5,-14,-4,please
5.96043872833252,7,19,22,19,5,19,12,-7,-18,-2,-15,-6,-12,2,please
5.96043872833252,5,14,10,8,-4,4,18,0,-9,3,-2,-13,-4,2,please
5.975592136383057,-11,-2,-2,8,0,10,19,-1,-1,1,-17,-29,-11,-14,please
5.991697788238525,-26,-23,-13,-1,0,12,9,-8,0,2,-35,-34,-16,-19,please
5.991697788238525,-21,-28,-23,-25,-18,0,2,-2,7,12,-23,-22,0,-3,please
5.991697788238525,-10,-23,-21,-31,-21,-8,-3,3,14,12,-8,-11,16,0,please
6.007861137390137,-15,-25,-23,-31,-10,-14,-13,-2,4,-1,-18,-14,12,-13,please
6.007861137390137,-19,-24,-30,-37,-8,-13,-12,-1,0,-14,-25,-14,14,-13,please
6.028371572494507,1,-9,-10,-19,-8,-6,0,14,11,-11,0,7,36,2,please
6.028371572494507,21,11,16,9,0,0,2,17,12,0,23,21,45,4,please
6.038618326187134,21,23,21,17,8,0,-4,-2,-1,-1,21,14,29,-3,please
6.054063558578491,25,27,17,17,19,-4,-6,-6,0,-7,26,21,34,6,please
6.054063558578491,21,36,25,35,22,1,-7,5,0,0,45,34,48,19,please
6.069617986679077,0,35,31,52,16,11,-6,0,-15,1,37,17,25,7,please
6.069617986679077,-10,12,15,44,11,14,14,-7,-7,5,3,-6,-5,0,please
6.085099458694458,-5,-5,0,19,8,17,24,8,17,27,-7,-3,-5,12,please
6.085099458694458,3,-5,-3,2,2,17,10,21,21,27,6,7,0,23,please
6.1008076667785645,8,-5,-3,-2,-3,0,-5,4,12,1,14,13,-13,19,please
6.1008076667785645,2,-17,-8,-7,-9,-17,-16,-12,0,-8,1,17,-36,4,please
6.116398096084595,-8,-21,-14,-17,-12,-20,-18,-10,-12,-14,-11,9,-58,-7,please
6.116398096084595,-4,-7,-8,-22,-8,-12,-16,-6,-17,-26,-7,1,-84,-11,please
6.132347345352173,6,5,2,-8,-9,-12,-14,-9,-18,-20,0,3,-103,-12,please
6.132347345352173,0,8,5,1,-5,-15,-10,-11,-25,-13,0,3,-103,-13,please
6.147997140884399,-3,6,9,-4,5,-5,-1,-6,-20,-14,1,-3,-134,-13,please
6.147997140884399,0,10,10,0,3,13,10,-2,-6,0,0,-15,-158,-9,please
6.163621187210083,-10,1,-1,2,0,20,18,0,-2,11,-20,-28,-39,-6,please
6.163621187210083,-24,-18,-20,-15,9,19,27,9,5,16,-34,-34,137,-4,please
6.17930269241333,-19,-25,-27,-31,12,14,38,19,32,35,-30,-33,176,3,please
6.17930269241333,-7,-26,-25,-37,0,0,28,13,39,35,-30,-22,124,8,please
6.195389032363892,-1,-32,-31,-45,-10,-8,-1,2,13,1,-34,-16,99,-1,please
6.195389032363892,0,-23,-27,-44,-10,-6,-18,0,-7,-22,-21,-14,80,-9,please
6.210996866226196,6,-4,-10,-32,-5,-10,-17,0,-2,-11,8,-1,62,-4,please
6.210996866226196,14,12,0,-7,-3,-16,-17,-5,8,5,30,15,53,2,please
6.226027488708496,14,33,18,18,-3,-12,-20,-2,7,-3,27,19,27,8,sil
6.226027488708496,13,40,33,33,-3,-4,-16,0,0,-15,22,20,7,10,sil
6.241682767868042,8,29,30,40,-2,2,-9,-6,-9,0,24,24,0,6,sil
6.241682767868042,3,22,31,49,3,10,0,-7,-12,8,18,20,-21,-1,sil
6.259637355804443,0,22,30,55,17,18,12,0,-5,0,3,7,-38,-6,sil
6.259637355804443,-10,11,17,51,19,22,19,0,-2,-6,-4,-1,-42,-5,sil
6.2729997634887695,-15,-5,3,40,2,14,18,-5,-4,-3,-4,-8,-52,-2,sil
6.2729997634887695,-1,-14,0,16,-8,4,12,-1,-2,-1,-2,-4,-47,0,sil
6.288543701171875,7,-13,0,-2,-6,1,5,6,3,4,5,8,-17,10,sil
6.288543701171875,3,-14,-6,-10,-10,-7,0,12,12,8,15,15,0,15,sil
6.303561210632324,0,-19,-18,-23,-16,-24,-12,9,8,-2,16,16,-3,8,sil
6.303561210632324,5,-18,-22,-27,-10,-27,-23,0,-4,-8,12,18,-7,6,sil
6.318846702575684,8,-6,-11,-16,0,-18,-26,-6,-16,-12,5,11,-13,4,sil
6.318846702575684,0,2,0,-16,0,-16,-22,-6,-20,-19,-1,0,-19,-7,sil
6.334359169006348,-2,11,3,-14,4,-6,-7,-6,-12,-1,-1,-8,-16,-9,sil
6.334359169006348,1,10,7,0,16,15,7,-6,-7,15,-5,-16,-16,-4,sil
6.350256204605103,-4,0,-2,4,14,29,16,-5,-3,6,-27,-30,-23,-10,sil
6.350256204605103,-19,-9,-25,-8,3,24,18,-2,4,2,-33,-31,-14,-9,sil
6.365018606185913,-12,-15,-24,-20,10,10,13,2,10,14,-16,-14,6,-2,sil
6.365018606185913,1,-12,-5,-15,11,-5,4,4,15,15,-8,-2,18,0,sil
6.380742073059082,11,0,3,-3,0,-6,0,0,15,6,-2,8,21,4,sil
6.380742073059082,21,15,13,0,0,0,-3,0,4,-2,14,23,28,9,sil
6.3963117599487305,18,21,25,4,1,-3,-9,4,-12,-14,18,21,21,3,sil
6.3963117599487305,-8,9,20,12,-6,3,-2,3,-15,-12,-1,-6,-3,-13,sil
6.41156005859375,-22,-4,-1,10,-3,21,20,4,2,2,-15,-22,-12,-9,sil
6.41156005859375,-7,-1,-5,0,4,10,22,7,19,10,-5,-2,15,13,sil
6.4277732372283936,10,2,1,-4,-5,-20,-2,6,16,6,13,18,35,16,sil
6.4277732372283936,15,4,2,-4,-11,-24,-18,-1,4,0,17,17,17,0,sil
6.443785667419434,7,6,6,2,0,-3,0,-8,0,0,4,5,-6,-7,sil
6.443785667419434,-11,-13,-5,1,-2,10,17,-3,3,7,-16,-18,-16,-9,sil
6.459677696228027,-21,-31,-28,-17,-13,0,7,5,12,7,-26,-29,-9,-6,sil
6.459677696228027,-4,-8,-16,-18,-6,-16,-8,0,8,0,0,-2,2,-2,sil
6.474998235702515,0,10,4,6,3,-12,-4,-10,-11,-10,17,0,-4,-11,sil
6.474998235702515,-24,-5,1,10,0,13,5,-2,-18,-17,-8,-27,-22,-14,sil
6.490668773651123,-23,-16,-12,-6,-13,15,2,5,3,-2,-23,-24,-10,2,sil
6.490668773651123,8,0,-1,-13,-12,-7,-13,0,7,4,7,10,15,13,sil
6.506271839141846,24,17,14,0,4,-11,-23,-4,-10,-11,33,32,25,12,sil
6.506271839141846,20,26,16,21,12,-4,-17,-2,-16,-14,31,33,20,16,sil
6.5214760303497314,14,22,17,23,4,-7,-16,-7,-26,-11,21,25,5,2,sil
6.5214760303497314,10,13,18,16,9,0,-11,-6,-30,-12,10,10,-8,-10,sil
6.5368568897247314,5,8,18,25,16,15,6,8,-2,8,0,2,-11,3,sil
6.5368568897247314,-4,2,9,24,3,15,17,12,19,30,-13,-3,-12,13,sil
6.552932500839233,-13,-4,-11,3,-5,15,13,1,15,22,-23,-11,-13,0,sil
6.552932500839233,-8,-14,-23,-8,-2,12,13,5,15,9,-20,-12,-6,0,sil
6.568447828292847,0,-23,-25,-18,-9,-5,9,12,18,1,-11,-5,-4,4,sil
6.568447828292847,0,-23,-22,-35,-17,-21,-6,0,5,-9,-6,2,-1,-5,sil
6.583663940429688,4,-11,-9,-30,-9,-17,-18,-14,-10,-14,3,8,6,-14,sil
6.583663940429688,9,4,0,-5,2,-9,-12,-7,-17,-13,11,4,1,-4,sil
6.599317312240601,0,13,5,9,12,0,-2,-6,-17,-14,8,-3,-9,-6,sil
6.599317312240601,0,11,17,22,19,13,7,-9,-8,-2,12,0,0,-11,sil
6.614864110946655,11,10,25,37,25,26,20,3,9,17,17,9,14,6,sil
6.614864110946655,6,6,13,31,20,22,25,15,18,25,-3,-2,0,17,sil
6.63057804107666,-13,-8,-9,0,0,6,17,4,15,19,-30,-23,-11,1,sil
6.63057804107666,-13,-15,-13,-24,-8,-3,6,-1,12,10,-15,-9,2,0,sil
6.646026849746704,0,-6,-6,-24,-6,-9,-3,8,14,9,10,8,17,12,sil
6.661766529083252,0,0,-11,-24,-8,-20,-22,4,0,0,1,0,8,1,sil
6.661766529083252,-7,2,-11,-28,-15,-27,-27,-14,-18,-22,-9,-1,-7,-15,sil
6.661766529083252,-4,4,-4,-14,-14,-16,-11,-15,-15,-23,4,3,-10,-18,sil
6.677813768386841,-5,4,3,0,-2,0,-3,0,-15,-20,11,-2,-9,-17,sil
6.677813768386841,-6,1,8,3,3,6,3,4,-14,-16,-3,-12,-6,-6,sil
6.693498134613037,-3,-7,3,1,-1,9,17,-1,0,1,-18,-15,-2,3,sil
6.693498134613037,-10,-14,0,0,-5,15,12,0,6,11,-21,-11,-3,0,sil
6.708590269088745,-4,-5,2,4,0,11,3,9,12,8,-13,0,0,9,sil
6.723801374435425,16,1,6,5,0,-2,2,13,23,12,3,13,14,28,sil
6.723801374435425,16,-2,0,0,-5,-14,-4,10,14,6,10,17,20,14,sil
6.739023923873901,4,-2,0,0,-10,-16,-12,0,0,-5,14,13,16,0,sil
6.739023923873901,12,14,19,3,-3,-8,-8,-8,-3,-7,27,17,9,7,sil
6.754235506057739,22,30,24,19,12,8,-3,-5,-6,-4,30,21,0,7,sil
6.754235506057739,15,28,13,32,20,21,-4,-2,-4,2,17,9,-7,-2,sil
6.769362211227417,-3,7,1,17,7,11,-1,-8,-5,9,0,-12,-15,-11,sil
6.769362211227417,-27,-12,-17,-3,-10,-1,1,-15,-20,-1,-19,-30,-33,-22,sil
6.784799575805664,-34,-16,-24,-2,-10,0,-1,-8,-24,-10,-36,-33,-44,-23,sil
6.784799575805664,-8,-9,-14,4,2,6,0,7,1,11,-23,-16,-13,-2,sil
6.800339937210083,17,-2,0,0,7,9,6,17,28,27,9,14,31,20,sil
6.800339937210083,15,-2,1,-11,1,1,6,14,32,9,20,28,43,23,sil
6.815994024276733,4,-4,-10,-18,-3,-13,-1,6,13,-14,0,11,18,0,sil
6.815994024276733,3,-7,-12,-18,-4,-20,-9,-1,-11,-24,-4,4,3,-17,sil
6.8317811489105225,9,0,2,-11,3,-22,-6,-10,-17,-16,16,20,11,-5,sil
6.8317811489105225,6,14,12,4,13,-12,3,-7,-10,-5,20,18,8,3,sil
6.8478102684021,-9,13,10,19,16,18,12,1,-5,0,2,-7,-10,-7,sil
6.8478102684021,-24,-9,-7,2,3,29,16,-1,0,3,-20,-28,-25,-11,sil
6.863349437713623,-28,-27,-24,-29,-9,10,20,-10,-3,-1,-36,-34,-30,-3,sil
6.863349437713623,-21,-24,-23,-21,-9,3,19,0,0,3,-29,-30,-20,3,sil
6.878498315811157,-5,-14,-5,0,-3,4,1,14,16,22,-6,-9,1,13,sil
6.879004001617432,12,-6,8,-2,-6,-10,-13,12,21,19,11,12,20,17,sil
6.894100427627564,26,13,14,1,-6,-17,-14,0,4,-3,28,23,30,14,sil
6.894100427627564,34,32,26,18,3,-7,-17,-10,-11,-11,29,28,24,7,sil
6.909746408462524,31,28,29,22,3,-5,-23,-13,-18,-3,12,26,4,-1,sil
6.909746408462524,15,24,21,23,2,0,-16,-11,-19,-1,9,17,-2,-6,sil
6.925325632095337,-1,20,16,23,11,16,0,-6,-15,-9,5,0,-1,-5,sil
6.925325632095337,-13,0,1,11,5,21,6,0,-3,-8,-16,-22,-12,-2,sil
6.940492391586304,-24,-17,-9,0,-8,9,5,7,6,7,-25,-24,-19,-1,sil
6.940492391586304,-24,-20,-13,-5,-6,1,3,11,12,17,-18,-15,-8,0,sil
6.956536293029785,-11,-22,-19,-14,-1,-3,6,7,12,8,-24,-18,-5,-1,sil
6.956536293029785,-7,-19,-24,-24,-5,-14,10,8,15,3,-18,-15,-5,-3,sil
6.972270727157593,-6,-8,-21,-21,-8,-16,2,17,26,6,7,4,12,1,sil
6.972270727157593,1,-7,-9,-18,-12,-14,-16,9,19,0,19,15,21,1,sil
6.987895250320435,8,-10,-2,-22,-12,-17,-21,-11,-8,-9,12,7,0,-10,sil
6.987895250320435,7,3,-2,-11,1,-15,-3,-13,-19,-21,13,2,-8,-11,sil
7.00387716293335,3,21,4,8,13,-4,6,0,-5,-28,12,7,0,-2,sil
7.00387716293335,4,19,12,16,11,6,8,-5,-3,-17,5,2,-2,-1,sil
7.019957542419434,2,16,20,16,12,16,12,-15,-19,-1,5,0,-14,-8,sil
7.019957542419434,-1,18,22,21,13,21,12,-7,-17,2,5,0,-13,-2,sil
7.035748481750488,-2,7,6,9,0,16,13,4,1,8,-10,-10,-11,2,sil
7.035748481750488,-5,-11,-6,-8,-7,11,21,5,11,16,-15,-17,-7,-2,sil
7.051279306411743,-8,-15,-10,-4,0,15,19,3,10,21,0,-1,7,1,sil
7.051279306411743,-5,-17,-13,-3,5,13,2,5,7,18,-2,6,14,9,sil
7.066675186157227,0,-24,-16,-19,-10,-6,-10,5,6,7,-14,4,13,6,sil
7.066675186157227,9,-10,-4,-15,-19,-26,-22,0,5,-8,6,21,22,11,sil
7.082554817199707,20,24,22,13,0,-24,-35,-6,-5,-14,34,38,25,17,sil
7.082554817199707,18,38,34,34,13,-7,-23,-6,-9,1,22,19,8,6,sil
7.097805023193359,7,15,21,27,8,8,5,0,-2,12,-1,0,-5,3,sil
7.097805023193359,1,-1,7,11,4,17,15,0,-4,-1,-12,-1,-11,13,sil
7.112931728363037,-6,-6,-10,1,-3,10,2,-5,-12,-9,-28,-20,-19,1,sil
7.112931728363037,-20,-21,-23,-8,-9,0,0,-2,-7,0,-32,-33,-21,-17,sil
7.12811017036438,-12,-22,-19,-7,3,0,9,5,7,6,-5,-10,-2,-4,sil
7.12811017036438,5,-3,-6,0,13,0,6,6,16,1,10,7,18,16,sil
7.143830299377441,3,-2,-7,-8,-2,-16,-13,0,7,-4,0,0,12,2,sil
7.143830299377441,-3,-3,-15,-18,-11,-21,-17,0,0,-7,0,-2,0,-16,sil
7.159655570983887,3,13,-4,-10,2,-4,-3,6,1,0,17,8,8,-8,sil
7.159655570983887,12,23,9,2,9,-2,-4,7,5,0,23,9,9,-1,sil
7.175287485122681,7,21,14,9,5,-11,-15,-6,-9,-14,13,-4,-13,-17,sil
7.175287485122681,-7,12,12,10,0,0,-5,-19,-31,-27,-7,-19,-30,-28,sil
7.190845966339111,-15,-6,3,5,-7,22,19,-7,-20,-10,-20,-18,-23,-11,sil
7.190845966339111,-8,-20,0,-1,-11,28,34,10,10,20,-10,-5,-4,9,sil
7.20645546913147,-3,-19,-8,-1,-6,20,31,9,21,32,-2,-5,4,13,sil
7.20645546913147,-3,-18,-11,-5,-4,12,15,5,12,17,-11,-3,0,13,sil
7.22171950340271,3,-18,-1,-18,-3,4,2,14,20,12,0,20,10,22,sil
7.22171950340271,9,-19,-5,-27,-3,-7,-2,10,33,20,17,27,27,21,sil
7.237794876098633,1,-10,-13,-28,-10,-20,-13,-4,8,-4,12,11,13,0,sil
7.237794876098633,-4,10,-1,-17,-8,-19,-19,-13,-18,-34,-2,0,-10,-21,sil
7.253794193267822,-9,14,4,-3,0,-18,-19,-20,-23,-21,-12,-9,-13,-28,sil
7.253794193267822,-13,7,9,2,1,-20,-24,-26,-35,-15,-10,-14,-11,-27,sil
7.269421339035034,0,24,25,23,7,-4,-18,-16,-39,-27,0,-7,-10,-9,sil
7.269421339035034,5,30,30,42,20,15,3,-4,-15,-10,6,-4,-6,8,sil
7.284971714019775,-1,1,10,33,15,17,22,5,17,19,-2,-11,0,9,sil
7.284971714019775,0,-13,-11,13,-1,9,17,17,30,22,-8,-6,12,8,sil
7.301173448562622,9,-4,-13,-2,-4,-2,-1,19,19,5,-5,6,18,11,sil
7.301173448562622,11,1,-13,-10,0,-7,-11,11,11,-4,4,6,17,9,sil
7.316214799880981,16,5,-13,-6,2,1,-11,9,16,0,18,12,23,11,sil
7.316214799880981,26,11,-2,0,1,-1,-7,11,13,9,26,32,25,14,sil
7.33135986328125,18,14,9,5,0,-6,4,2,-1,6,23,33,4,4,sil
7.33135986328125,-9,11,11,15,5,7,9,-9,-14,-3,8,3,-19,-11,sil
7.346529722213745,-24,3,3,17,13,17,5,-5,-13,-2,-11,-20,-29,-14,sil
7.362046480178833,-16,0,4,6,10,13,10,0,-9,7,-18,-16,-28,-9,sil
7.362046480178833,-13,-7,6,4,2,10,21,-8,-11,14,-19,-12,-29,-6,sil
7.3774733543396,-18,-24,-4,-1,-6,10,18,-7,-9,9,-29,-23,-31,0,sil
7.3774733543396,-16,-28,-17,-20,-13,2,5,6,2,-1,-20,-17,-11,4,sil
7.392679214477539,1,-10,-12,-19,-9,-6,0,6,15,0,8,5,18,13,sil
7.392679214477539,25,2,4,-5,-1,-9,1,0,21,7,23,25,33,26,sil
7.40815281867981,26,-5,5,-6,-4,-10,0,6,17,8,12,22,34,23,sil
7.40815281867981,12,-13,-9,-12,-7,-13,-5,7,4,1,4,10,22,5,sil
7.423269748687744,9,-2,0,-9,-3,-14,-12,-1,0,-2,16,13,10,0,sil
7.423269748687744,12,10,10,-3,-2,-20,-17,-10,0,-7,23,12,14,-3,sil
7.4386115074157715,2,8,2,0,-6,-22,-20,-15,-14,-18,8,-4,10,-17,sil
7.4386115074157715,-4,2,0,0,-2,-2,-15,-10,-27,-21,-8,-11,-14,-21,sil
7.453979969024658,-6,3,3,0,3,12,-5,-5,-15,-8,-12,-8,-25,-14,sil
7.453979969024658,-11,8,6,1,6,5,-5,-9,-10,-10,-11,-14,-17,-13,sil
7.469864845275879,-19,8,2,0,4,8,-4,-14,-16,-17,-19,-22,-17,-14,sil
7.469864845275879,-26,-2,-13,-10,0,19,2,-10,-12,-4,-28,-29,-24,-17,sil
7.48547101020813,-27,-14,-24,-12,-6,15,6,6,-1,5,-24,-28,-19,-17,sil
7.48547101020813,-14,-12,-20,-4,-4,4,5,21,17,5,-10,-14,-1,-1,sil
7.500830173492432,-4,-6,-12,-3,0,1,6,16,27,13,-3,-3,3,9,sil
7.500830173492432,-4,-4,-5,2,-1,6,10,13,21,16,-6,-4,-3,9,sil
7.516724109649658,4,1,0,10,-2,9,6,17,21,7,4,6,13,16,sil
7.516724109649658,26,9,6,3,3,0,0,10,21,8,33,30,44,19,sil
7.532414436340332,30,21,18,8,9,-9,-1,-2,0,0,39,32,27,9,sil
7.532414436340332,14,32,28,30,13,-7,0,-13,-27,-19,16,13,-9,0,sil
7.547440767288208,6,25,23,35,17,6,8,-9,-23,-6,5,0,-11,-1,sil
7.547440767288208,3,0,6,13,6,14,17,3,0,18,3,0,-3,0,sil
7.562773704528809,-8,-17,-9,-7,-7,-2,7,6,5,7,-18,-6,-15,-2,sil
7.562773704528809,-4,-19,-13,-12,-8,-24,0,0,1,3,-23,0,-5,6,sil
7.578420162200928,11,-14,0,-13,-2,-22,-5,1,9,14,8,27,26,20,sil
7.578420162200928,16,-2,9,-16,0,-18,-16,0,10,0,22,30,27,11,sil
7.594451665878296,14,12,11,-2,5,-21,-22,-10,-10,-16,11,11,2,-5,sil
7.594451665878296,7,16,22,16,8,-7,-14,-15,-19,-11,13,9,-4,-11,sil
7.610099792480469,-13,-3,8,7,-1,7,-8,-12,-13,-20,5,-2,-3,-13,sil
7.610099792480469,-30,-20,-12,-12,-10,6,-6,-13,-16,-22,-22,-29,-20,-18,sil
7.625771999359131,-18,-3,-2,7,-5,9,6,-9,-10,16,-20,-23,-19,-10,sil
7.625771999359131,0,9,12,37,0,23,22,5,2,49,6,0,2,6,sil
7.641301870346069,0,-5,0,16,-4,26,19,20,8,34,3,4,5,11,sil
7.641301870346069,0,-15,-17,-13,-8,18,17,17,16,-6,-13,0,-3,10,sil
7.657418966293335,6,-4,-11,-12,0,15,16,6,17,-25,-12,-2,0,17,sil
7.657418966293335,6,-4,-11,-9,0,9,3,4,8,-1,-11,-2,1,14,sil
8.187761783599854,-2,10,4,-14,-10,-14,-21,-10,-26,-36,3,5,0,-17,sil
8.187761783599854,3,14,5,0,-2,-3,0,-4,-20,-24,-5,-2,-11,-17,sil
8.203359365463257,-9,0,4,2,0,10,17,3,-11,-15,-32,-27,-35,-16,sil
8.203359365463257,-19,-8,-1,7,0,25,26,5,-6,-17,-41,-41,-35,-4,sil
8.218394994735718,-11,-8,-5,7,3,22,20,1,-6,-10,-20,-22,-10,8,sil
8.218394994735718,-2,-7,-1,-3,2,9,8,5,2,11,-8,-2,0,7,sil
8.233653545379639,1,-7,-12,-10,-2,-2,0,4,10,15,-11,-7,-5,2,sil
8.233653545379639,6,-5,-14,-9,-2,-21,-13,-3,-2,-12,-6,-5,-3,5,sil
8.249285221099854,12,-1,-1,-9,-4,-29,-28,0,-11,-23,9,16,12,7,sil
8.249285221099854,16,5,2,-5,-6,-18,-34,-1,-3,-6,26,27,24,-1,sil
8.264797925949097,13,16,4,6,-1,-11,-32,-13,-6,-10,20,8,5,-13,sil
8.264797925949097,0,19,13,19,4,-7,-17,-9,-13,-11,4,-6,-14,-11,sil
8.280336856842041,-14,8,17,20,4,5,4,0,-8,11,2,1,-7,-4,sil
8.280336856842041,-18,0,6,16,0,14,15,-3,-5,20,2,0,-3,-1,sil
8.295493125915527,-14,1,-1,9,2,15,14,-3,0,19,0,-11,-2,0,sil
8.295493125915527,-2,2,-1,0,5,17,17,8,21,31,4,-2,11,12,sil
8.311341524124146,10,-2,-1,-9,3,10,21,16,33,27,9,14,15,22,sil
8.311341524124146,10,-2,-1,-9,3,0,15,14,22,2,3,13,6,12,sil
8.326826333999634,7,-1,-3,-8,-2,-1,0,6,11,-6,-1,5,5,0,sil
8.326826333999634,14,-1,0,-11,-6,-13,-18,-4,-5,-13,1,6,0,-6,sil
8.34250807762146,16,4,13,0,3,-15,-12,-8,-25,-21,5,8,-12,-12,sil
8.34250807762146,-1,8,12,16,11,2,9,-5,-16,-9,-6,0,-14,-10,sil
8.357863187789917,-20,-2,2,7,2,17,15,0,0,4,-15,-9,-12,-5,sil
8.357863187789917,-12,-8,1,4,0,19,12,5,5,10,-4,-9,-9,5,sil
8.373413801193237,-7,-8,1,4,0,15,9,2,8,4,-9,-5,-3,10,sil
8.373413801193237,-16,-16,-15,-22,-7,-2,-3,-6,7,-14,-23,-8,0,-4,sil
8.388558387756348,-1,-11,-18,-32,-8,-17,-9,-3,0,-20,2,-3,12,-9,sil
8.388558387756348,24,11,5,0,8,-10,-5,0,-2,-10,36,13,25,4,sil
8.404681205749512,13,20,10,23,9,-3,-9,-11,-6,-6,22,11,15,2,sil
8.404681205749512,-5,12,0,19,-1,3,-7,-12,-13,0,-9,-5,-5,-8,sil
8.420409917831421,-3,2,-2,15,0,16,8,0,-7,10,-12,-17,-13,-5,sil
8.420409917831421,-3,-10,-10,0,0,15,13,5,1,14,-6,-19,-10,0,sil
8.435617685317993,-14,-22,-15,-18,-11,-2,0,6,2,17,-12,-14,-2,3,sil
8.435617685317993,-9,-23,-17,-16,-17,-14,-8,8,6,17,-14,-6,1,13,sil
8.451203346252441,3,-13,-18,-13,-11,-14,-9,9,9,1,-2,6,3,10,sil
8.451203346252441,12,6,0,-14,0,-9,-1,9,11,-3,17,26,17,9,sil
8.466368436813354,24,22,21,2,8,-8,2,5,15,6,27,33,30,17,sil
8.466368436813354,24,23,19,9,8,-14,-12,-6,-2,-5,18,23,11,2,sil
8.481539726257324,9,23,11,4,4,-18,-22,-13,-24,-25,7,7,-15,-19,sil
8.481539726257324,-1,20,13,17,6,-5,-6,-10,-23,-17,0,-7,-21,-18,sil
8.50052809715271,-7,5,13,20,7,12,8,-2,-13,-2,-10,-17,-22,-15,sil
8.50052809715271,-12,-8,0,11,6,17,14,1,-1,3,-13,-23,-24,-13,sil
8.512683153152466,-10,-9,0,16,9,13,14,0,0,0,-13,-22,-16,-3,sil
8.528194427490234,-8,-12,4,7,3,13,10,2,0,-1,-22,-18,-8,3,sil
8.528194427490234,-15,-25,-9,-24,-10,11,6,9,10,13,-21,-15,-3,9,sil
8.543617010116577,-18,-26,-21,-30,-13,3,4,11,21,21,-12,-7,4,9,sil
8.543617010116577,-14,-13,-18,-13,-14,-11,-5,2,7,-4,-12,-1,8,0,sil
8.559033155441284,-5,-5,-15,-13,-16,-23,-19,-7,-10,-28,-9,1,1,-10,sil
8.559033155441284,8,0,-11,-16,-4,-14,-10,-3,-6,-13,14,19,8,-5,sil
8.574586629867554,16,5,2,-8,6,1,3,2,7,7,39,34,21,3,sil
8.574586629867554,10,14,16,-1,6,5,0,-5,7,10,44,26,18,7,sil
8.590609550476074,12,22,21,16,8,12,0,-9,0,5,35,15,12,9,sil
8.590609550476074,13,26,23,29,15,14,4,-5,-1,-1,22,11,6,3,sil
8.605744123458862,0,21,18,22,12,10,0,-2,-1,-5,2,2,-6,-3,sil
8.605744123458862,0,12,8,20,11,20,5,3,5,11,-12,-3,-2,3,sil
8.62118411064148,3,-2,2,18,12,24,14,11,11,26,-11,-3,6,14,sil
8.62118411064148,-6,-18,-10,-1,-2,6,12,7,8,17,-14,-13,0,9,sil
8.636348009109497,-7,-17,-21,-18,-15,-1,12,2,7,7,-21,-14,-1,2,sil
8.636348009109497,8,-10,-14,-16,-11,-9,6,7,11,6,-10,1,13,8,sil
8.652375936508179,15,-6,-9,-17,-9,-29,-11,4,0,-3,0,4,9,8,sil
8.652375936508179,3,-1,-5,-26,-16,-38,-26,-14,-29,-25,0,0,-8,-5,sil
8.667514324188232,-7,-2,0,-18,-19,-27,-24,-23,-38,-37,-5,-5,-19,-19,sil
8.667514324188232,-15,-5,3,6,-3,-8,-12,-14,-22,-29,-13,-14,-22,-20,sil
8.68337345123291,-15,-1,7,18,11,11,3,-4,-5,0,-15,-22,-15,-4,sil
8.68337345123291,-1,0,2,6,9,16,21,8,16,22,-11,-16,-1,6,sil
8.69882607460022,2,-2,-3,-6,5,3,18,21,35,20,-5,-5,1,3,sil
8.69882607460022,-2,-8,-8,-3,5,-8,-3,12,25,11,2,3,0,1,sil
8.71482253074646,0,-2,-4,0,0,-8,-23,-1,1,0,17,14,9,-1,sil
8.71482253074646,3,8,2,-2,0,-5,-19,-4,-8,-18,23,17,10,-14,sil
8.7303626537323,-1,14,7,-3,-1,-4,-11,-4,-18,-26,9,7,-10,-17,sil
8.7303626537323,-2,13,10,4,-4,7,-12,-6,-26,-19,-1,0,-21,-10,sil
8.74644684791565,-3,4,6,11,2,22,0,-1,-17,-5,0,-3,-9,-5,sil
8.74644684791565,-7,-7,-4,6,9,16,16,2,-7,0,-4,-9,-5,1,sil
8.761650562286377,-10,-11,-9,3,2,12,17,0,-5,0,-17,-12,-10,3,sil
8.761650562286377,-6,-3,-6,10,5,19,10,-2,1,11,-12,-8,2,0,sil
8.77685546875,5,2,4,13,14,13,16,1,8,26,-1,0,14,5,sil
8.77685546875,16,4,7,15,4,1,20,7,12,21,-1,7,8,19,sil
8.79198694229126,11,4,-5,10,-10,-1,6,6,14,13,0,10,8,18,sil
8.79198694229126,7,5,-3,0,-4,-3,0,6,16,16,16,18,21,13,sil
8.807541847229004,14,9,8,4,1,-10,6,9,25,19,21,20,28,13,sil
8.807541847229004,9,6,7,-1,-9,-18,1,3,21,2,14,15,20,10,sil
8.823355436325073,0,-4,-7,-20,-16,-21,-9,-2,7,-10,17,7,11,2,sil
8.823355436325073,3,-10,-9,-17,-6,-21,-13,-3,-5,-17,18,2,2,-3,sil
8.838539123535156,2,-2,8,-7,-2,-18,-13,-11,-21,-30,8,0,-8,-13,sil
8.838539123535156,-3,-1,0,-11,-8,-6,-8,-20,-21,-27,8,-4,-14,-19,sil
8.854492425918579,-3,-4,1,-17,-3,3,-17,-9,-12,-15,9,0,-17,-9,sil
8.854492425918579,0,6,39,5,12,17,-10,4,-10,0,4,12,-8,4,sil
8.869266748428345,-2,13,29,33,20,28,29,0,-2,26,1,0,5,7,sil
8.869266748428345,-14,-5,-17,10,7,22,30,-2,1,29,-17,-25,-9,0,sil
8.884808778762817,-21,-19,-25,-25,-2,11,0,3,7,15,-38,-31,-25,-3,sil
8.884808778762817,-17,-13,-13,-19,-1,5,-3,9,19,24,-27,-22,-3,3,sil
8.900413751602173,-4,-13,-15,-5,0,-2,5,10,22,23,-6,-7,14,9,sil
8.900413751602173,0,-15,-22,-13,-5,-7,0,3,13,-3,-16,0,8,4,sil
8.916424989700317,-4,-6,-23,-26,-7,-8,-10,0,-2,-24,-40,-7,0,-4,sil
8.916424989700317,0,7,-16,-13,-3,-15,-12,9,-16,-24,-31,-11,-5,-6,sil
8.931674718856812,11,17,1,8,5,-14,-7,2,-11,-17,-1,1,-1,-6,sil
8.931674718856812,13,14,4,10,6,-9,-5,-10,-6,-13,5,9,4,-10,sil
8.947688579559326,4,12,-4,8,0,-11,-14,-7,-20,-20,0,1,-4,-14,sil
8.947688579559326,0,12,0,19,8,-8,-19,-6,-29,-26,4,-2,-15,-19,sil
8.963623762130737,0,7,9,24,12,5,-8,-7,-15,-14,9,0,-10,-11,sil
8.963623762130737,1,3,16,16,-2,17,0,0,0,-1,14,4,-4,2,sil
8.979636192321777,-4,1,18,10,-5,14,0,-1,1,2,18,5,-1,3,sil
8.979636192321777,-6,0,13,8,5,7,8,-8,1,12,17,3,2,0,sil
8.995744705200195,0,-1,13,4,2,11,22,0,9,20,20,7,0,4,sil
8.995744705200195,3,-1,13,2,-5,14,18,6,17,17,11,2,-6,7,sil
9.011529922485352,4,0,9,4,-4,9,11,1,13,13,-1,-2,1,10,sil
9.011529922485352,10,-4,8,6,-2,10,17,3,9,17,3,3,11,16,sil
9.026711225509644,8,-18,0,0,-2,12,20,5,12,16,8,7,4,12,sil
9.026711225509644,-2,-20,-12,-16,0,-2,14,2,15,9,0,3,2,5,sil
9.042456865310667,0,-8,-19,-19,-3,-21,4,10,13,4,-2,4,16,8,sil
9.042456865310667,9,-4,-9,-11,-16,-30,-13,14,6,-10,0,11,22,12,sil
9.057687282562256,16,-3,2,-13,-17,-26,-22,0,1,-19,8,24,19,11,sil
9.073904991149902,15,10,1,-12,-3,-19,-15,-8,-3,-3,18,30,19,6,sil
9.073904991149902,1,20,1,1,4,-12,-14,-7,-23,-11,12,9,4,-11,sil
9.073904991149902,-9,14,5,14,5,0,-11,-12,-27,-25,-4,-15,-18,-23,sil
9.088680028915403,-8,8,2,14,10,9,4,-9,-11,-1,-8,-18,-14,-7,sil
9.088680028915403,-14,1,0,10,12,10,10,-2,-6,10,-5,-12,0,0,sil
9.104276418685911,-24,-5,-9,5,7,18,7,-7,-4,3,-7,-22,-8,-12,sil
9.104276418685911,-16,-4,-15,-1,7,35,16,-1,8,18,-6,-27,-15,-13,sil
9.119571685791016,-1,0,-6,1,9,25,16,16,22,34,-8,-18,-6,0,sil
9.135318994522097,1,-3,-2,0,2,-2,-9,17,24,16,-15,-9,0,7,sil
9.135318994522097,-1,-9,-6,-18,-9,-19,-28,0,4,-7,-17,-6,-5,1,sil
9.150952577590942,-5,-12,-14,-28,-18,-19,-20,0,-13,-14,-19,-1,-9,-4,sil
9.150952577590942,3,-6,-6,-20,-8,-11,-2,8,-2,-7,-14,9,4,2,sil
9.166627645492554,22,9,9,0,8,-2,6,2,15,0,8,20,26,15,sil
9.166627645492554,25,16,15,5,8,-7,-5,-8,1,-12,20,24,17,11,sil
9.18177342414856,11,12,13,0,6,-11,-18,-7,-15,-22,15,18,-2,-4,sil
9.18177342414856,2,13,11,12,12,0,-9,-7,-13,-14,14,3,-8,-19,sil
9.197907209396362,-8,12,14,24,7,12,-5,-10,-22,-16,0,-12,-20,-21,sil
9.197907209396362,-21,0,3,16,0,9,0,-4,-17,-5,-18,-22,-27,-8,sil
9.213533401489258,-16,-11,-10,11,0,4,19,4,0,16,-11,-16,-15,3,sil
9.213533401489258,-8,-11,0,12,-3,14,32,7,0,11,-3,-4,-10,0,sil
9.228636503219604,-15,-17,-7,1,-12,16,32,5,4,1,-13,-17,-8,-7,sil
9.228636503219604,-15,-27,-22,-20,-17,3,19,8,18,11,-15,-21,1,4,sil
9.244730710983276,4,-15,-2,-23,-15,0,7,8,15,20,1,9,18,27,sil
9.244730710983276,17,2,4,0,-5,-1,6,-5,16,13,15,22,27,24,sil
9.260405778884888,10,0,-7,-1,-2,-13,-6,-6,8,-5,11,14,18,4,sil
9.260405778884888,12,-1,-2,-17,-7,-15,-18,6,-3,-4,11,21,16,6,sil
9.275495052337646,22,6,6,-6,-5,-6,-14,0,-1,2,23,24,22,11,sil
9.275495052337646,16,8,3,0,0,-2,-18,-13,-7,-9,17,15,5,-9,sil
9.290633916854858,0,5,0,-11,1,-1,-22,-7,-12,-15,-1,4,-8,-20,sil
9.290633916854858,-8,6,0,-10,3,0,-9,4,0,-10,-5,-7,-4,-12,sil
9.306652545928957,-2,7,6,0,5,6,-5,6,2,-16,-4,-10,-11,-14,sil
9.306652545928957,0,10,12,14,11,10,-9,-2,-5,-14,-8,-4,-19,-17,sil
9.322274446487429,0,10,10,25,13,0,-1,-12,-13,-1,-2,-8,-8,-2,sil
9.322274446487429,3,9,9,21,5,0,6,-3,-20,0,0,-6,-1,7,sil
9.337928533554075,6,17,18,24,13,11,7,7,-9,1,0,5,-2,4,sil
9.337928533554075,5,16,7,36,23,9,14,2,12,11,2,-1,0,2,sil
9.353561162948608,-5,1,-9,16,6,4,17,0,6,6,0,-16,-1,2,sil
9.353561162948608,-21,-4,-9,0,-2,11,14,4,0,12,-4,-7,-3,1,sil
9.36860203742981,-18,-3,-12,9,5,8,17,4,16,42,0,-2,3,6,sil
9.36860203742981,-11,-16,-17,-6,0,-6,12,2,13,39,0,-11,0,9,sil
9.384605407714844,-19,-30,-22,-35,-16,-17,-2,2,0,8,-12,-20,-11,3,sil
9.384605407714844,-19,-29,-24,-36,-14,-18,-4,8,15,9,-7,-15,-4,4,sil
9.399762630462646,6,-19,-13,-34,-5,-18,10,16,41,25,11,4,16,17,sil
9.399762630462646,13,-9,-4,-36,-7,-20,9,10,29,10,8,11,22,18,sil
9.41526985168457,-1,-9,-8,-32,-14,-25,-13,-4,-4,-20,-9,7,3,0,sil
9.41526985168457,4,-10,-6,-23,-16,-31,-28,-12,-20,-37,-10,15,-1,-12,sil
9.43040418624878,22,7,11,0,-9,-23,-25,-10,-15,-30,2,30,9,-9,sil
9.43040418624878,19,25,33,30,2,0,-14,-2,-13,-13,13,35,11,-8,sil
9.446508884429932,17,26,33,33,5,8,-8,0,-10,-12,16,32,6,-1,sil
9.446508884429932,26,21,24,20,1,3,-11,-11,-11,-22,19,24,9,5,sil
9.461917877197266,19,13,23,18,3,25,-2,-11,-19,-18,12,3,3,-3,sil
9.461917877197266,-4,2,13,17,4,50,9,-2,-18,-16,-7,-17,-10,-14,sil
9.477543592453005,-18,0,-1,8,-2,49,0,-10,-9,-22,-12,-21,-16,-14,sil
9.477543592453005,-17,5,-5,7,-3,48,-9,-12,-8,-14,-6,-14,-14,-11,sil
9.493653297424316,-17,0,-2,2,2,44,-2,-4,-27,-7,-14,-17,-15,-11,sil
9.493653297424316,-10,-7,-11,4,2,15,0,-6,-30,-5,-20,-23,-17,-11,sil
9.50943160057068,2,-1,-8,13,0,-14,6,0,-7,0,-10,-18,-13,-2,please
9.50943160057068,1,5,5,13,6,-28,18,13,4,5,-6,-7,-3,7,please
9.524478912353516,-8,0,-1,5,9,-26,21,9,6,22,-9,-8,0,8,please
9.524478912353516,-3,-6,-10,-1,10,-15,15,5,25,41,0,-11,-1,6,please
9.540588855743408,4,-2,-4,0,15,-12,16,16,41,35,12,-3,3,14,please
9.540588855743408,-2,-3,-8,-9,8,-17,13,18,28,24,10,2,12,20,please
9.555767297744753,-21,-20,-33,-46,-7,-12,9,5,14,30,-10,-15,0,7,please
9.555767297744753,-27,-35,-53,-68,-6,-1,10,1,20,27,-29,-43,-17,-12,please
9.571403503417969,-18,-28,-33,-41,0,0,0,12,24,11,-16,-27,-8,-12,please
9.571403503417969,-1,-6,-2,-6,0,0,-5,11,23,15,11,9,14,1,please
9.586883306503296,11,7,6,2,1,0,0,3,16,13,17,23,17,13,please
9.586883306503296,17,12,17,9,0,3,-5,7,4,-2,18,34,18,14,please
9.602942943572998,24,9,19,18,-12,-2,-9,0,6,-5,29,44,35,10,please
9.602942943572998,30,11,23,14,-14,-13,-17,-15,0,-17,23,41,30,10,please
9.620204210281372,26,21,36,17,-8,-18,-34,-15,-23,-39,15,38,9,2,please
9.620204210281372,14,17,17,27,-14,-23,-32,-19,-32,-39,20,27,4,-10,please
9.634727716445925,8,9,11,17,-17,-22,-15,-14,-30,-36,7,11,-4,-9,please
9.634727716445925,7,20,29,16,-1,-4,0,0,-18,-23,-4,4,-14,-4,please
9.649665117263794,0,25,15,21,15,7,6,-7,-11,-11,-1,-5,-20,-14,please
9.649665117263794,-4,15,2,8,16,7,-6,-14,-27,-33,-6,-14,-30,-17,please
9.664710521697998,-3,5,5,7,12,15,-6,-2,-27,-22,-8,-15,-22,-5,please
9.664710521697998,-18,-3,-8,15,10,24,11,-8,-9,20,-6,-25,-10,-4,please
9.680800199508669,-23,-12,-18,0,9,18,21,-6,-7,21,-19,-33,-16,-6,please
9.680800199508669,-7,-12,-6,-2,13,15,25,10,2,18,-18,-19,-5,1,please
9.696733236312866,-9,-21,-12,3,9,17,23,2,13,21,-8,-13,4,0,please
9.696733236312866,-27,-29,-21,-11,-11,12,13,-4,1,1,-18,-24,-9,-5,please
9.712258577346802,-17,-17,-4,-23,-20,13,13,13,7,2,-24,-19,-6,8,please
9.712258577346802,3,-11,-5,-14,-11,5,12,16,17,11,-13,-9,10,18,please
9.727792501449583,5,-15,-13,-12,-12,-21,-5,2,0,-7,-10,0,3,9,please
9.743342876434326,3,-11,0,-20,-13,-24,-14,12,4,3,-1,18,7,12,please
9.743342876434326,12,-5,-4,-16,-7,-2,-8,19,32,36,17,25,31,19,please
9.743342876434326,16,-8,-18,-16,-1,-6,-16,3,26,21,27,23,32,7,please
9.759427547454834,15,-3,-1,-27,6,-9,-17,-2,7,0,33,29,17,-2,please
9.759427547454834,6,14,12,-18,17,10,-5,-6,-3,0,22,13,4,-8,please
9.774981260299684,-8,27,6,10,15,10,-1,-17,-25,-9,-8,-18,-19,-28,please
9.774981260299684,-13,23,4,29,10,0,0,-13,-22,-12,-17,-22,-28,-28,please
9.790923595428469,-4,14,8,28,8,7,0,0,2,1,-6,-6,-10,0,please
9.790923595428469,5,12,6,18,-1,0,0,7,16,5,0,1,6,16,please
9.806543350219728,11,7,1,1,-16,-26,-4,12,17,-2,8,11,12,15,please
9.806543350219728,15,-4,0,-11,-16,-28,-15,7,12,-9,18,19,17,8,please
9.822518825531006,12,-4,-1,-5,-5,-16,-14,0,4,-13,16,16,15,-4,please
9.822518825531006,0,12,12,3,6,-9,-5,-3,0,-19,14,9,0,-12,please
9.837564468383787,0,23,24,11,14,1,0,-7,-5,-18,14,2,-6,-6,please
9.837564468383787,5,10,12,17,7,14,7,-10,-11,-3,4,0,-3,4,please
9.85335373878479,-10,-6,-4,8,-4,12,9,-7,-7,13,-14,-5,-6,3,please
9.85335373878479,-24,-9,-8,0,-7,8,3,-1,-3,10,-29,-22,-19,-6,please
9.868483543395996,-16,-4,-4,3,0,21,15,6,-4,-1,-27,-26,-24,-7,please
9.868483543395996,-17,-19,-25,0,4,27,32,5,0,2,-22,-25,-21,-13,please
9.884581089019775,-28,-37,-42,-26,-8,9,19,0,-13,-5,-40,-33,-34,-20,please
9.884581089019775,-16,-26,-20,-26,-9,3,17,5,-26,-14,-38,-24,-33,-7,please
9.90060043334961,8,-4,-4,17,11,9,37,11,-2,17,5,0,6,14,please
9.90060043334961,18,3,9,28,14,3,25,4,16,28,29,22,27,29,please
9.916681051254272,11,1,15,4,2,0,0,0,12,1,17,20,16,23,please
9.916681051254272,11,-2,1,4,1,-1,-7,0,14,2,11,2,14,11,please
9.932372331619264,15,0,18,2,0,-12,-24,-1,11,15,13,12,21,10,please
9.932372331619264,13,3,22,-10,-10,-22,-39,-6,1,5,15,20,17,3,please
9.947885036468506,7,1,0,-16,-17,-21,-45,-8,-3,-3,11,11,9,-3,please
9.947885036468506,5,5,2,-12,-5,-10,-37,-5,-4,3,15,21,14,0,please
9.96282124519348,8,16,1,-1,8,-6,-17,-12,-2,2,23,25,19,-4,please
9.96282124519348,14,25,7,-1,0,-13,-12,-7,-8,-25,11,18,6,-3,please
9.978585481643677,14,20,25,-5,-9,-11,-12,7,-5,-27,5,20,3,5,please
9.993731021881104,0,4,8,-3,0,0,-1,6,1,-1,8,4,3,-3,sil
9.993731021881104,-14,0,-6,-2,7,5,2,1,-5,-1,-11,-20,-13,-15,sil
10.009368896484377,-17,3,0,-2,1,1,2,1,-7,-12,-28,-23,-19,-12,sil
10.009368896484377,-14,4,-1,3,0,-4,6,0,0,-8,-12,-17,-7,-15,sil
10.024414539337158,-6,5,0,16,4,0,14,2,-2,3,2,-15,0,-15,sil
10.024414539337158,-1,0,9,15,1,12,16,3,-7,3,-6,-9,-5,4,sil
10.04555606842041,-14,-20,-14,0,-8,16,16,-9,0,-8,-22,-22,-15,8,sil
10.04555606842041,-22,-29,-43,-6,-9,6,18,-9,9,-6,-24,-33,-18,-6,sil
10.04555606842041,-14,-15,-21,-2,1,7,18,15,19,13,-13,-7,-7,0,sil
10.055125951766968,-1,-10,-14,1,7,17,24,18,31,35,0,2,10,15,sil
10.070746660232544,11,-19,-28,-8,-7,-2,12,0,19,32,0,-4,15,14,sil
10.070746660232544,14,-5,-9,-22,-10,-22,-13,-2,-13,-4,2,16,12,5,sil
10.086406230926514,7,18,9,-10,6,-13,-23,-6,-21,-37,11,25,11,-7,sil
10.086406230926514,10,27,29,12,9,0,-16,-2,-15,-25,16,17,0,-1,sil
10.101592540740969,11,23,36,30,10,13,-1,6,-6,14,23,17,-1,6,sil
10.101592540740969,-1,7,16,20,13,17,0,0,-6,14,13,7,-6,-6,sil
10.117705583572388,-9,-1,14,-1,0,11,-8,-4,-17,-13,-8,-8,-26,-13,sil
10.117705583572388,-6,-5,0,5,0,18,10,0,0,0,-2,-15,-14,-3,sil
10.13361382484436,-1,-15,-8,7,6,18,28,4,16,20,0,-10,1,4,sil
10.13361382484436,-2,-13,4,-5,-1,10,21,8,13,16,-21,-6,-9,5,sil
10.149619340896606,-4,-11,-10,-3,-3,7,15,0,22,14,-20,-12,-9,1,sil
10.149619340896606,0,-14,-6,-16,-7,-1,-1,3,20,1,-3,3,5,2,sil
10.165074825286863,5,-8,1,-25,-15,-11,-15,10,11,3,9,16,19,4,sil
10.165074825286863,14,3,-15,-7,-11,-19,-16,-5,9,8,23,15,27,6,sil
10.18078088760376,28,21,12,4,-2,-27,-22,-8,-9,-17,25,31,10,13,sil
10.18078088760376,15,24,20,3,-2,-25,-22,-12,-22,-21,23,19,-3,0,sil
10.19631052017212,-11,3,-9,-11,-7,-22,-23,-20,-25,-11,5,-13,-13,-16,sil
10.19631052017212,-17,7,3,-3,0,-12,-17,-9,-30,-21,-16,-15,-17,-10,sil
10.21174144744873,-12,17,2,31,13,2,4,-11,-19,-11,-16,-20,-7,-10,sil
10.21174144744873,-12,-6,-7,1,0,5,5,0,-15,-6,-23,-21,-11,-3,sil
10.227827548980711,-11,-15,-22,-18,-4,3,10,17,13,10,-12,-12,7,2,sil
10.227827548980711,0,-6,-38,8,14,-10,18,5,41,26,10,-1,34,4,sil
10.243002653121948,16,3,39,-16,4,-9,-14,34,0,-14,-7,39,6,23,sil
10.243002653121948,3,4,-22,9,3,11,12,-10,22,13,20,0,25,-12,sil
10.258671045303345,-5,-22,-110,19,4,-30,2,-65,14,13,24,-49,20,-38,sil
10.258671045303345,22,27,166,-66,-21,-15,-76,80,-96,-100,-54,77,-71,45,sil
10.274612426757812,4,74,104,75,26,87,54,32,31,31,29,32,17,10,sil
10.274612426757812,-30,-48,-283,156,58,15,124,-165,127,145,78,-158,86,-80,sil
10.28954577445984,2,-76,23,-105,-37,-55,-72,34,-110,-87,-108,2,-95,31,sil
10.28954577445984,11,48,280,-97,-44,70,-39,166,-83,-78,-85,126,-74,79,sil
10.304657697677612,-14,13,-71,86,24,63,96,-38,123,118,67,-38,87,-22,sil
10.304657697677612,0,-58,-90,-25,-12,-45,-9,-41,23,11,1,-31,25,-6,sil
10.32034182548523,7,-15,61,-75,-32,-21,-53,40,-41,-60,-25,47,-5,25,sil
10.32034182548523,0,0,-28,8,3,-2,-3,-15,22,9,42,2,51,-9,sil
10.33605456352234,13,6,-10,-2,4,-24,-26,-15,-8,-13,29,9,19,-8,sil
10.33605456352234,14,34,31,8,6,-13,-19,-9,-20,-20,22,19,-5,-10,sil
10.351294755935667,3,23,1,36,18,-7,0,-24,-2,13,32,-1,-3,-15,sil
10.351294755935667,-4,12,11,13,12,7,7,2,-14,9,9,-2,-19,-1,sil
10.367836475372314,-21,4,-10,6,4,21,37,1,-1,2,-11,-28,-38,-10,sil
10.367836475372314,-24,-13,-28,3,-1,15,30,-5,5,6,-25,-37,-53,-14,sil
10.383289337158203,-17,-19,-12,-8,-10,10,5,5,0,16,-33,-19,-48,-2,sil
10.383289337158203,-16,-25,-24,-23,-15,0,0,-1,4,11,-28,-20,-40,-6,sil
10.399428129196169,-4,-27,-17,-33,-13,-3,-4,3,6,-4,-13,-6,-36,5,sil
10.399428129196169,14,-9,-4,-15,0,1,-5,13,15,3,12,15,4,22,sil
10.41458296775818,13,-5,-20,-9,0,-21,-13,-1,11,6,20,8,47,10,sil
10.41458296775818,5,-5,-17,-26,-13,-37,-30,-7,-13,-21,11,7,40,-7,sil
10.429741621017456,11,19,2,-2,-6,-19,-23,-5,-11,-25,23,25,35,-8,sil
10.429741621017456,27,44,31,34,12,-3,-10,0,0,-9,35,35,39,2,sil
10.445477962493896,21,40,40,40,19,8,0,0,-9,-1,11,16,11,3,sil
10.445477962493896,-9,11,6,29,9,19,8,-8,-18,-7,-25,-20,-26,-9,sil
10.460414409637451,-20,-1,1,17,2,20,11,0,-11,-7,-29,-24,-27,-11,sil
10.460414409637451,-11,1,14,21,6,26,27,20,19,20,-21,-9,0,7,sil
10.476538181304932,-2,-6,-4,11,6,15,33,19,33,34,-51,-15,4,18,sil
10.476538181304932,-2,-16,-15,-15,-4,-12,4,3,11,10,-57,-11,-3,10,sil
10.492324590682983,-1,-9,-9,-13,-7,-21,-6,-7,2,-2,-6,5,16,6,sil
10.492324590682983,19,0,6,-2,0,-8,3,3,10,-4,20,23,34,16,sil
10.507376670837402,31,5,22,-1,4,-6,-5,5,7,-4,37,36,37,12,sil
10.523169755935667,22,15,26,1,6,-10,-22,-11,-13,-5,63,40,32,4,sil
10.523169755935667,11,31,34,17,12,2,-11,-10,-21,-4,58,28,16,4,sil
10.538768529891968,-7,19,15,25,16,19,8,-12,-9,-1,25,-6,-7,-9,sil
10.538768529891968,-34,-19,-11,4,0,17,4,-15,-19,-10,-17,-38,-41,-24,sil
10.538768529891968,-34,-33,-24,-11,-18,9,6,-1,-17,-7,-37,-41,-45,-15,sil
10.55354905128479,-15,-29,-33,-24,-18,-3,11,12,17,11,-21,-24,-21,0,sil
10.569497108459473,-13,-36,-28,-48,-21,-17,-5,20,24,8,-15,-8,-12,4,sil
10.569497108459473,-10,-40,-25,-42,-24,-19,-21,4,11,0,-21,-8,-7,-6,sil
10.585068941116331,5,-20,-18,-25,-14,-20,-27,-6,0,-13,-6,4,2,-7,sil
10.585068941116331,8,4,-3,-23,-5,-20,-28,-10,-17,-24,22,23,7,-4,sil
10.600217819213867,-2,12,-1,-12,-4,-15,-25,-32,-38,-24,26,4,-4,-21,sil
10.600217819213867,-2,24,11,10,2,0,-10,-25,-38,-23,7,-9,-20,-26,sil
10.615369081497192,6,40,23,35,22,25,20,2,-7,-5,2,0,-11,-8,sil
10.615369081497192,4,28,15,36,29,34,36,18,12,22,-2,-4,-1,3,sil
10.630875825881958,-7,5,6,22,19,32,36,25,13,37,-17,-11,-3,8,sil
10.630875825881958,-9,-2,-4,17,10,28,39,22,21,37,-14,-11,0,11,sil
10.64643669128418,4,-9,-7,1,2,19,28,16,27,27,-7,-5,3,17,sil
10.64643669128418,15,-13,-4,-5,0,1,12,10,34,27,-4,0,13,24,sil
10.661706447601318,15,-8,-7,0,3,-18,0,16,37,24,0,6,27,28,sil
10.661706447601318,15,0,-6,-6,0,-26,-19,11,25,12,8,15,29,14,sil
10.677815675735474,10,-1,-9,-20,-10,-30,-34,-12,3,-7,9,19,18,-5,sil
10.677815675735474,3,1,-1,-21,-18,-31,-39,-17,-16,-37,5,13,2,-6,sil
10.69380235671997,3,10,6,-8,-12,-20,-21,-6,-14,-32,5,5,-1,-6,sil
10.69380235671997,3,12,12,-1,-2,-5,0,-7,-12,-8,6,5,-3,-13,sil
10.709370136260986,-2,17,20,11,0,10,4,-14,-24,-12,10,5,-8,-10,sil
10.709370136260986,-13,22,16,31,6,20,8,-18,-27,-20,4,0,-8,-6,sil
10.727432489395142,-14,13,17,26,14,20,11,-10,-28,-12,-13,0,-17,-1,sil
10.727432489395142,1,0,20,26,16,27,18,-4,-15,-2,-11,-4,-26,6,sil
10.74073886871338,12,-8,11,33,9,29,26,2,7,1,-4,-15,-13,13,sil
10.74073886871338,2,-15,-2,11,-2,19,17,14,13,2,-28,-12,-1,11,sil
10.756653785705566,-13,-27,-23,-15,-13,8,3,8,13,10,-35,-17,-1,0,sil
10.756653785705566,-21,-32,-27,-24,-20,-10,-5,0,15,9,-8,-16,0,-5,sil
10.771908044815063,-10,-20,-12,-21,-18,-32,-13,0,15,9,12,5,11,-5,sil
10.771908044815063,3,-10,-8,-19,-7,-28,-14,4,9,9,15,22,17,2,sil
10.78751301765442,10,-3,-1,-12,2,-8,-7,7,-3,-7,19,22,16,5,sil
10.78751301765442,9,8,10,2,3,-9,-7,2,-13,-20,36,20,18,-7,sil
10.802708864212036,11,20,10,13,0,-22,-17,0,-15,-14,40,26,15,-7,sil
10.802708864212036,17,23,10,11,4,-12,-16,-1,-1,0,33,27,11,2,sil
10.818251132965088,18,17,10,3,8,-6,-11,-2,4,6,25,21,9,-1,sil
10.818251132965088,15,16,11,0,5,-7,-14,-5,-10,0,10,10,-1,-9,sil
10.834270238876345,3,15,6,6,6,3,-16,-16,-20,-8,-13,-15,-21,-10,sil
10.834270238876345,-17,0,-5,0,3,16,-1,-7,-15,-4,-34,-43,-29,-8,sil
10.8495192527771,-29,-10,-19,-11,0,26,24,3,-8,9,-41,-49,-26,-9,sil
10.8495192527771,-30,-13,-27,-18,4,34,34,2,-1,11,-51,-54,-30,-11,sil
10.864724159240724,-26,-20,-27,-29,2,25,29,11,14,15,-54,-54,-26,0,sil
10.864724159240724,-11,-27,-31,-37,-4,3,22,15,37,32,-29,-30,2,17,sil
10.88029432296753,0,-25,-31,-41,-7,-15,0,6,33,19,-5,-3,20,11,sil
10.88029432296753,0,-12,-24,-48,-9,-22,-16,1,10,-2,6,7,17,-3,sil
10.896310091018677,0,4,-7,-32,-4,-22,-11,-1,0,-2,18,12,13,-4,sil
10.896310091018677,-2,15,17,10,8,-9,-8,-4,-2,-4,10,8,0,-5,sil
10.911487817764282,-12,8,25,38,13,15,0,-12,-8,-5,-1,0,-12,-13,sil
10.911487817764282,-8,0,21,34,6,29,19,-10,-8,6,0,1,-5,-1,sil
10.927534103393556,4,0,19,40,-6,21,20,9,8,11,1,11,6,17,sil
10.927534103393556,15,-3,19,44,-10,3,9,19,26,0,10,30,16,25,sil
10.943253755569458,32,1,34,32,1,-5,2,14,20,-8,38,63,35,34,sil
10.943253755569458,47,18,43,37,0,-12,0,2,7,-10,58,73,46,37,sil
10.958291053771973,35,18,22,36,-22,-15,-11,-4,-8,-22,33,42,17,16,sil
10.958291053771973,10,11,3,11,-13,-14,-20,-9,-29,-37,1,7,-17,-12,sil
10.974388837814333,-1,9,-6,1,10,-15,-20,-19,-41,-31,-1,-5,-24,-25,sil
10.974388837814333,3,13,-2,4,8,-14,-17,-16,-37,-17,7,-1,-16,-18,sil
10.98967456817627,4,21,2,10,12,0,-6,-5,-15,-6,12,-2,-10,-10,sil
10.98967456817627,-6,16,0,6,20,10,2,-2,0,3,1,-16,-11,-7,sil
11.005744695663452,-12,5,-3,-6,8,14,4,-4,-1,14,-10,-27,-17,-4,sil
11.005744695663452,-11,0,-9,-10,2,21,11,-3,0,24,-15,-31,-16,-8,sil
11.02161693572998,-19,-13,-18,-12,0,18,12,6,13,26,-27,-31,-14,-9,sil
11.02161693572998,-21,-34,-29,-32,-11,7,3,7,24,22,-31,-26,-7,-1,sil
11.036725044250488,-18,-46,-32,-53,-16,-6,0,11,22,16,-23,-20,1,6,sil
11.036725044250488,-16,-34,-24,-54,-9,-14,3,23,16,12,-17,-12,10,8,sil
11.052841186523438,-12,-24,-25,-47,-8,-15,-6,6,13,6,-11,-6,20,-1,sil
11.052841186523438,-6,-17,-17,-38,-14,-27,-35,-12,0,-14,-3,2,16,-10,sil
11.068264245986938,3,10,8,-14,-8,-35,-33,-6,-10,-25,14,15,12,-10,sil
11.06874966621399,14,36,26,7,8,-14,-9,2,-11,-14,19,15,10,-9,sil
11.084351062774658,16,34,27,20,17,12,1,-4,-14,-2,7,11,7,0,sil
11.084351062774658,10,21,22,39,11,19,16,-8,-8,3,4,12,8,13,sil
11.100340604782104,5,14,17,39,3,17,28,3,0,-6,-1,6,-1,5,sil
11.100340604782104,4,9,8,25,9,23,24,5,-3,-10,-9,-6,-18,-6,sil
11.116434574127195,1,2,0,23,14,22,18,-2,-2,6,-2,-6,-15,0,sil
11.116434574127195,-6,-6,-3,17,5,15,12,2,1,10,0,-4,-11,1,sil
11.13175106048584,-16,-14,-9,3,0,14,3,1,0,2,-11,-15,-19,-10,sil
11.13175106048584,-10,-5,-7,5,0,8,2,-4,0,4,-10,-11,-11,0,sil
11.147706508636476,0,0,-5,3,-3,-5,5,-2,2,12,1,3,7,15,sil
11.147706508636476,-5,-19,-17,-22,-12,-12,-5,-1,2,8,0,-3,1,4,sil
11.16336750984192,-13,-25,-18,-28,-12,0,-6,3,4,-5,-8,-13,-16,-1,sil
11.16336750984192,0,-9,-1,-1,-4,3,10,6,18,1,0,0,0,8,sil
11.17897653579712,9,-6,5,0,-6,-11,4,5,15,13,8,17,20,16,sil
11.17897653579712,5,-11,-2,-18,-11,-25,-20,0,1,2,0,14,12,5,sil
11.194560050964355,8,-6,-5,-14,-10,-27,-28,-1,2,-10,8,10,9,-6,sil
11.194560050964355,23,7,6,-2,-6,-18,-20,1,13,-5,28,27,27,0,sil
11.209732294082642,29,20,18,6,4,-11,-12,-3,5,-4,33,42,31,3,sil
11.209732294082642,12,19,14,14,12,-17,-14,-11,-22,-26,11,18,0,-11,sil
11.225715398788452,1,16,9,14,6,-5,-13,-12,-33,-39,0,-15,-21,-17,sil
11.225715398788452,5,20,19,21,7,23,3,-6,-22,-19,8,-11,-15,-1,sil
11.240583419799805,-3,21,25,30,20,31,16,3,-12,5,6,0,-13,8,sil
11.240583419799805,-19,8,7,22,11,21,20,0,1,22,-8,-20,-16,0,sil
11.255728721618652,-13,0,-1,7,-4,19,20,2,10,29,-17,-27,-9,0,sil
11.255728721618652,-7,1,-1,5,1,24,21,16,16,36,-12,-12,-1,5,sil
11.271156549453735,-15,-8,-18,-8,6,19,17,13,28,33,-11,-11,0,8,sil
11.271156549453735,-10,-22,-25,-35,-4,-1,8,5,22,13,-18,-12,0,2,sil
11.2863507270813,2,-21,-20,-32,-10,-22,0,1,4,-7,-10,3,5,-5,sil
11.301504850387571,6,-8,-7,-20,-8,-24,-10,3,2,-21,13,23,21,2,sil
11.301504850387571,8,4,3,-18,-5,-14,-5,8,12,-15,25,28,33,15,sil
11.3176167011261,11,3,0,-15,-2,-19,-5,0,-2,-3,14,12,20,0,sil
11.3176167011261,10,5,2,-5,-5,-20,-21,-11,-38,-16,-2,3,-8,-17,sil
11.333486080169678,7,22,19,18,1,1,-14,-17,-42,-26,-6,3,-19,-10,sil
11.333486080169678,-1,16,10,21,13,15,4,-12,-20,-12,-1,-7,-14,-2,sil
11.348836898803713,-18,-9,-6,3,11,10,1,-5,-18,0,-9,-27,-20,-12,sil
11.348836898803713,-31,-13,-9,10,-1,8,-5,-16,-29,-9,-37,-40,-37,-28,sil
11.364463806152344,-28,-9,-9,14,-15,8,1,-13,-26,-23,-55,-35,-43,-24,sil
11.364463806152344,-17,-25,-18,-9,-19,0,7,2,1,-7,-32,-23,-17,-6,sil
11.379725456237791,-6,-33,-22,-19,-13,-8,3,12,27,17,-9,-12,7,4,please
11.379725456237791,1,-16,-6,-9,-6,-5,-3,18,36,28,1,2,17,15,please
11.39529275894165,8,-8,0,-4,0,0,-3,13,38,28,16,13,25,21,please
11.39529275894165,18,-6,0,-7,0,-8,-1,9,31,15,21,23,26,19,please
11.410470724105837,24,8,9,-3,-1,-15,1,9,23,18,29,42,31,24,please
11.410470724105837,21,12,11,3,5,-10,-4,6,18,17,45,48,40,30,please
11.425598382949827,23,19,14,15,18,-4,-12,0,8,-12,50,44,34,16,please
11.425598382949827,31,40,28,27,23,-3,-2,-1,4,-12,42,36,19,-2,please
11.440891027450562,19,35,29,15,17,1,-2,-1,-1,10,20,13,0,-10,please
11.440891027450562,0,19,14,0,11,11,-10,-11,-22,-9,12,-4,-11,-15,please
11.455971717834473,-7,21,11,14,14,21,9,-19,-31,-22,10,-5,-17,-15,please
11.455971717834473,-5,14,12,28,17,29,37,-4,-14,13,-15,-11,-23,-6,please
11.471413135528564,-8,-4,-5,21,5,27,31,2,-1,12,-30,-32,-24,-5,please
11.471413135528564,-18,-10,-12,10,-7,17,8,0,-9,-31,-26,-37,-25,-1,please
11.48667287826538,-20,-12,-6,2,-10,13,8,-2,-3,-22,-31,-29,-25,5,please
11.48667287826538,-16,-28,-18,-19,-12,4,13,-1,7,17,-36,-28,-17,0,please
11.50229549407959,-25,-41,-35,-46,-23,-12,0,2,-11,9,-38,-32,-24,-16,please
11.50229549407959,-32,-34,-36,-45,-29,-19,-9,2,-20,-23,-41,-35,-29,-21,please
11.517980098724363,-15,-22,-21,-29,-23,-14,-5,4,2,-14,-25,-19,-3,-1,please
11.517980098724363,1,-14,-12,-21,-12,-16,-10,6,18,24,4,5,22,15,please
11.533597230911257,1,-6,-12,-18,-10,-22,-20,2,7,27,10,17,16,3,please
11.533597230911257,6,9,0,-8,-8,-12,-18,2,4,-3,16,25,20,-1,please
11.549734830856323,18,13,9,5,7,-2,-6,1,12,-9,38,31,38,10,please
11.549734830856323,23,9,13,5,16,-17,-12,0,1,-2,31,28,26,12,please
11.565421104431152,28,22,24,6,9,-24,-12,8,2,4,23,32,21,8,please
11.565421104431152,31,28,24,13,6,-4,-1,5,17,13,45,38,35,10,please
11.581347703933716,16,18,17,8,3,-3,-8,-10,-4,-2,32,22,15,0,please
11.581347703933716,1,15,15,8,4,-17,-24,-26,-36,-22,-9,-5,-18,-19,please
11.597426414489746,-3,16,17,21,12,2,-14,-20,-35,-18,-23,-16,-28,-24,please
11.597426414489746,-10,12,12,31,16,32,7,-2,-18,-15,-14,-14,-22,-12,please
11.61333465576172,-18,5,5,32,13,23,13,-2,-7,-9,-16,-19,-19,-5,please
11.61333465576172,-14,2,15,32,14,18,18,2,1,15,-13,-16,-16,-1,please
11.628586292266846,-8,-2,7,31,25,44,40,12,12,33,0,-12,-8,3,please
11.628586292266846,-21,-23,-23,1,13,39,39,10,8,5,-10,-22,-14,5,please
11.644528150558472,-22,-30,-31,-23,-20,6,13,6,8,-11,-29,-21,-19,4,please
11.644528150558472,3,-16,-18,-13,-25,1,14,12,35,13,-19,-9,-4,8,please
11.659260511398315,7,-16,-13,-11,-3,8,15,18,35,23,-4,0,0,15,please
11.659260511398315,-5,-29,-17,-30,-10,-11,-4,8,15,12,2,4,3,16,please
11.674414873123167,3,-32,-15,-43,-33,-36,-11,0,13,9,1,13,12,14,please
11.674414873123167,15,-14,-2,-30,-20,-25,-4,5,14,-10,1,20,15,13,please
11.690024137496948,22,10,6,-3,5,-5,-11,6,7,-17,20,28,33,11,please
11.690024137496948,30,25,11,3,4,-14,-28,-1,-5,0,35,34,38,3,please
11.705746173858644,14,22,7,-4,-4,-25,-28,-19,-24,-11,19,14,5,-15,please
11.705746173858644,-2,18,-1,-7,0,-22,-21,-21,-31,-31,5,-3,-5,-21,please
11.721439361572266,2,23,-1,-6,5,-19,-18,-6,-24,-18,15,4,15,-10,please
11.721439361572266,1,13,6,-1,4,-7,-14,-15,-24,-14,14,3,11,-12,please
11.736707925796509,-10,-1,11,5,-1,4,-9,-17,-23,-14,-10,-18,-13,-16,please
11.752381801605225,-18,-1,0,6,-4,4,2,-5,-5,12,-26,-27,-23,-12,please
11.752381801605225,-19,5,-1,17,7,12,5,-10,-4,14,-11,-15,-24,-10,please
11.753384113311768,-14,10,10,32,22,25,1,-6,-12,-3,0,-9,-25,-13,please
11.768704891204834,-19,0,-3,18,18,19,7,2,-1,6,-14,-25,-30,-17,please
11.784730434417725,-25,-11,-16,-7,4,18,17,5,4,20,-22,-30,-29,-10,please
11.784730434417725,-5,0,9,13,2,32,31,13,11,24,0,-4,-2,10,please
11.784730434417725,13,11,19,36,5,22,36,18,21,19,6,10,14,22,please
11.800380229949951,11,-2,0,4,-8,-2,19,16,13,7,-14,3,4,26,please
11.800380229949951,9,-14,-11,-22,-17,-3,12,17,8,9,-15,1,6,24,please
11.815605878829956,7,-17,-8,-14,-6,5,11,19,16,6,-6,5,7,14,please
11.815605878829956,6,-15,-3,-6,0,3,1,11,25,-13,-3,6,9,12,please
11.831336498260498,15,-8,-3,-5,-3,-9,-4,5,31,-11,1,12,23,17,please
11.831336498260498,17,-2,6,-6,0,-15,-11,5,20,9,19,25,23,10,please
11.847862482070925,13,0,12,-12,3,-10,-16,-6,0,12,40,26,19,-1,please
11.847862482070925,12,2,4,-10,0,-9,-17,-15,-15,-11,27,17,19,-5,please
11.8637535572052,0,3,-3,-6,0,-21,-21,-14,-18,-28,5,12,9,-3,please
11.8637535572052,-10,0,-4,-12,-4,-32,-24,-12,-9,-18,16,9,1,-9,please
11.879644632339478,-1,15,6,-4,-8,-20,-15,-5,-5,-7,23,8,1,-16,sil
11.879644632339478,2,31,17,27,11,3,0,-13,-13,-7,2,-3,-7,-16,sil
11.89567494392395,-13,7,4,31,13,10,6,-16,-22,-4,-28,-28,-33,-11,sil
11.89567494392395,-23,-20,-21,2,-10,9,15,0,-13,4,-53,-46,-45,-11,sil
11.91085124015808,-13,-22,-33,-20,-15,9,18,5,6,10,-45,-34,-24,-3,sil
11.91085124015808,-1,-14,-18,-30,-6,1,3,6,9,5,-8,-1,7,9,sil
11.9263596534729,5,-1,-1,-17,-2,-7,-11,2,-1,0,20,18,17,5,sil
11.9263596534729,10,13,8,0,2,-1,-19,-11,-22,-15,21,13,1,-6,sil
11.942259788513184,7,22,17,18,3,4,-15,-17,-34,-26,9,3,-8,-8,sil
11.942259788513184,0,21,23,35,4,4,-5,-10,-21,-9,5,2,-4,-1,sil
11.957144021987917,-2,14,18,30,12,13,5,3,1,9,0,0,-7,9,sil
11.973077058792114,-9,-7,-9,0,9,26,20,11,21,16,-22,-18,-16,7,sil
11.973077058792114,-23,-35,-38,-32,-11,11,13,13,24,16,-38,-29,-14,-7,sil
11.973077058792114,-14,-30,-28,-36,-15,-14,-7,13,18,2,-14,-7,4,-9,sil
11.988808155059814,14,2,5,-12,-1,-21,-11,2,5,-13,25,19,27,-5,sil
11.988808155059814,26,25,32,12,1,-13,-9,-3,-14,-10,30,27,22,-4,sil
12.00440788269043,12,25,29,30,9,8,2,0,-8,10,18,15,8,3,sil
12.019587278366089,-6,2,9,28,15,28,30,8,11,25,5,-4,3,15,sil
12.019587278366089,-16,-22,-2,2,-1,24,37,15,21,25,-8,-17,1,16,sil
12.03508710861206,-9,-31,-13,-14,-11,5,16,12,31,18,-6,-9,4,12,sil
12.03508710861206,2,-19,-13,-21,-5,-7,0,7,31,11,2,8,15,14,sil
12.057312965393066,10,3,-3,-16,-1,-15,-8,1,8,3,15,16,20,3,sil
12.057817220687866,15,25,4,5,8,-15,-12,-7,-11,-18,23,17,6,-10,sil
12.057817220687866,16,31,15,24,23,0,-3,-10,-18,-29,15,17,-8,-1,sil
12.06635332107544,5,13,4,20,15,20,10,-9,-9,1,-3,0,-7,5,sil
12.081945180892944,-9,-11,-14,0,-6,19,12,1,3,23,-22,-18,-9,0,sil
12.081945180892944,-9,-18,-16,-12,-15,-3,5,6,9,17,-21,-9,-3,3,sil
12.097431421279907,4,-5,-12,-15,-9,-30,-12,-3,0,2,1,7,13,9,sil
12.097431421279907,14,10,-6,-8,-3,-26,-29,-9,-12,-18,14,9,7,-2,sil
12.11336350440979,7,13,4,-1,1,-10,-28,-15,-14,-27,10,4,-8,-18,sil
12.11336350440979,-5,11,12,0,2,-19,-30,-19,-21,-20,8,4,-16,-18,sil
12.128531694412231,-12,13,13,3,-1,-17,-31,-17,-35,-23,2,-3,-20,-14,sil
12.129036903381348,-18,-1,9,10,-7,8,-5,-9,-29,-21,-15,-23,-28,-17,sil
12.14387321472168,-26,-25,0,1,-8,20,22,10,-4,-4,-29,-31,-24,-12,sil
12.14387321472168,-18,-27,-16,-11,-5,15,32,16,16,7,-26,-28,-9,0,sil
12.159867525100708,1,-18,-13,-15,-3,13,22,12,17,4,-28,-16,-1,15,sil
12.159867525100708,15,-8,1,-11,0,6,5,14,20,9,-10,9,12,17,sil
12.17568850517273,20,-2,0,-8,0,-8,-11,5,19,13,20,27,31,5,sil
12.17568850517273,16,10,1,-12,0,-12,-14,1,3,-1,20,29,24,-1,sil
12.190821409225464,6,23,12,7,10,-1,1,0,0,-6,12,18,7,-4,sil
12.190821409225464,-6,15,10,29,16,6,11,-10,-1,2,4,-6,-5,-15,sil
12.20738124847412,-14,0,8,26,8,13,16,-12,-18,4,-13,-24,-21,-18,sil
12.20738124847412,-8,0,6,20,8,26,31,1,-7,10,-17,-19,-21,-2,sil
12.222524166107178,1,1,0,14,11,29,34,16,26,27,-6,-5,1,21,sil
12.222524166107178,7,-1,-9,5,4,8,13,16,43,44,5,7,26,35,sil
12.238584518432615,8,-10,-7,-6,-10,-23,-16,7,23,24,8,17,30,31,sil
12.238584518432615,4,-13,-5,-22,-26,-34,-35,-1,-5,-14,1,12,10,8,sil
12.254160404205322,0,-9,-14,-28,-27,-30,-33,-9,-17,-25,3,2,0,-10,sil
12.254160404205322,-4,0,-14,-19,-13,-25,-25,-7,-24,-27,18,9,0,-10,sil
12.269756078720093,-2,10,-2,-10,-2,-12,-17,-8,-24,-34,27,16,1,-8,sil
12.269756078720093,11,21,6,-3,2,-4,-5,-9,-12,-21,32,18,3,-7,sil
12.285401582717896,16,29,16,12,11,-2,-3,-2,-5,1,29,15,0,-2,sil
12.285401582717896,0,22,16,30,20,11,-6,-3,-4,1,12,0,-11,-6,sil
12.300538301467896,-8,5,7,25,16,24,1,-6,-7,-7,-2,-13,-16,-6,sil
12.300538301467896,-10,0,1,13,9,28,17,-5,-5,5,-10,-21,-12,-1,sil
12.316141366958618,-17,-3,1,14,5,27,27,0,-3,16,-27,-29,-21,-4,sil
12.316141366958618,-9,-9,2,12,0,19,32,8,3,13,-30,-18,-18,-1,sil
12.331788539886476,4,-24,-6,-4,-11,3,29,9,19,19,-14,-3,8,12,sil
12.331788539886476,1,-30,-14,-28,-13,-3,10,13,29,23,-12,-5,21,19,sil
12.3478102684021,1,-20,-10,-28,-1,-1,1,17,34,18,-9,-4,18,16,sil
12.3478102684021,8,-18,-13,-20,4,-6,-4,9,24,8,1,6,17,7,sil
12.363533973693848,4,-13,-14,-24,-1,-19,-15,0,3,-9,1,14,14,-6,sil
12.363533973693848,1,0,-5,-21,-6,-24,-16,-8,-11,-27,-1,10,9,-16,sil
12.37929916381836,4,5,6,-10,-5,-21,-20,-10,-23,-29,-6,2,-2,-17,sil
12.37929916381836,0,10,9,-2,-1,-9,-20,-10,-25,-21,-6,-3,-17,-22,sil
12.394521713256836,-10,15,7,0,6,5,-11,-18,-18,-22,-5,-15,-30,-28,sil
12.394521713256836,-11,13,15,11,12,16,0,-11,-19,-16,-11,-15,-36,-18,sil
12.409775733947754,-6,8,13,28,4,13,5,0,-12,12,-6,-5,-21,-6,sil
12.409775733947754,-9,3,1,19,-4,8,8,1,0,19,-1,-9,-9,-2,sil
12.425778150558472,-10,0,-7,1,1,16,14,4,8,14,-8,-14,-5,6,sil
12.425778150558472,0,1,-8,2,3,11,14,10,18,21,-5,1,9,20,sil
12.44166374206543,4,0,-8,-1,-13,-10,2,11,24,13,1,15,17,22,sil
12.44166374206543,0,-8,-15,-17,-16,-18,-6,7,22,8,6,11,16,20,sil
12.456759929656982,8,-12,-15,-16,-6,-18,-14,7,14,13,15,14,27,24,sil
12.456759929656982,26,6,1,1,0,-24,-21,-2,-1,-5,32,35,36,19,sil
12.472337245941162,28,27,26,17,6,-16,-14,-10,-18,-21,46,46,23,10,sil
12.472337245941162,11,23,27,26,11,3,-3,-7,-20,-5,39,22,5,4,sil
12.487779378890991,0,8,14,25,13,14,-1,-7,-21,-8,13,-7,-7,-7,sil
12.487779378890991,-1,16,32,28,19,24,8,6,-14,-15,0,-2,-17,-14,sil
12.503377676010132,-4,17,18,51,24,34,42,7,21,29,13,-2,0,-8,sil
12.503377676010132,-9,-17,-12,19,0,14,36,-1,17,27,-8,-13,-7,3,sil
12.518710374832152,-14,-30,16,-40,-32,6,5,18,-23,-27,-50,-1,-39,8,sil
12.51905107498169,-12,-17,0,-12,-24,21,24,5,8,1,-29,-13,-13,-9,sil
12.533711671829224,-1,-23,-47,6,-6,-2,22,-14,37,26,-3,-26,18,-6,sil
12.533711671829224,9,-18,-13,-29,-11,-34,-27,5,5,-20,-3,6,12,12,sil
12.549620866775513,10,-3,3,-18,-16,-33,-43,4,1,-22,13,18,15,1,sil
12.549620866775513,11,0,-7,1,-11,-29,-38,-9,4,-2,18,10,15,-7,sil
12.56499695777893,21,8,-3,-14,1,-24,-33,-10,-15,-24,6,15,8,-1,sil
12.56499695777893,9,8,-13,-27,5,-12,-17,-14,-28,-35,-1,0,-1,-8,sil
12.580626010894775,-16,0,-20,-26,-3,-4,-3,-13,-29,-16,-12,-21,-21,-17,sil
12.580626010894775,-17,5,-11,-17,2,2,3,-6,-16,-1,-17,-22,-23,-18,sil
12.596068143844604,-11,9,-7,-10,20,14,7,1,0,-1,-18,-25,-16,-18,sil
12.596068143844604,-22,-2,-17,-9,25,28,11,5,3,5,-28,-42,-19,-16,sil
12.611093044281006,-24,-7,-25,-7,18,30,15,1,0,21,-37,-46,-23,-9,sil
12.611093044281006,-10,0,-12,-7,15,26,18,0,9,41,-23,-26,-11,1,sil
12.626721143722534,-7,0,3,-6,16,18,17,4,24,47,-3,-8,1,11,sil
12.626721143722534,-6,3,14,1,12,10,14,13,18,31,1,0,7,10,sil
12.64182949066162,-5,7,10,19,7,12,22,7,5,23,11,0,7,0,sil
12.657308101654053,-11,-9,2,12,-4,9,21,0,-3,8,2,-7,-10,-5,sil
12.657308101654053,-9,-17,9,-4,-22,-2,9,7,0,-14,-12,0,-21,-6,sil
12.67284893989563,10,0,19,11,-17,-6,8,14,12,-11,7,21,2,5,sil
12.67284893989563,22,5,29,29,-6,-9,0,12,14,-2,30,52,24,27,sil
12.68855905532837,16,0,19,22,-18,-22,-23,0,10,-11,25,55,30,28,sil
12.68855905532837,22,0,9,16,-25,-33,-36,-10,2,-16,31,40,35,20,sil
12.70354700088501,42,8,32,28,-4,-19,-25,-2,-10,-1,50,49,36,29,sil
12.70354700088501,37,8,26,24,2,-10,-9,0,-5,1,44,47,27,22,sil
12.718763589859009,10,-5,-6,-9,-13,-18,-14,0,0,-33,10,15,8,0,sil
12.719163179397585,0,-2,-8,-12,-9,-10,-10,-3,-2,-44,-2,-1,-2,-6,sil
12.734274864196776,6,10,2,13,11,6,6,-10,-11,-11,8,6,0,0,sil
12.734274864196776,3,13,-2,9,15,8,7,-9,-17,1,10,5,5,0,sil
12.750366687774658,-4,10,-18,-8,2,-3,-5,-12,-15,-6,-4,-17,3,-15,sil
12.750366687774658,-10,12,-11,-11,-7,-12,-15,-10,-24,-17,-22,-31,-12,-28,sil
12.765880584716797,-9,15,0,4,-1,0,-3,-3,-18,-5,-24,-25,-23,-23,sil
12.765880584716797,-2,12,1,11,12,15,14,-3,2,12,-13,-18,-15,-10,sil
12.7814838886261,-5,10,2,1,18,21,16,5,5,10,-9,-17,-11,-2,sil
12.7814838886261,-21,0,-10,2,15,21,12,7,9,16,-19,-28,-15,-10,sil
12.796582460403442,-29,-24,-23,-11,5,17,5,1,13,18,-43,-41,-32,-17,sil
12.796582460403442,-29,-32,-28,-33,-7,14,4,-1,7,3,-47,-42,-39,-15,sil
12.812297344207764,-28,-22,-30,-30,-10,9,6,0,9,19,-25,-30,-26,-5,sil
12.812297344207764,-19,-19,-14,-28,-3,-1,2,10,18,32,-17,-20,-18,3,sil
12.827739477157593,-4,-25,-11,-30,0,-14,6,2,9,3,-18,-18,-11,0,sil
12.827739477157593,3,-18,-13,-23,-7,-14,7,-4,-11,-10,-5,-6,4,9,sil
12.843609094619753,12,0,1,-10,-6,0,0,13,-1,18,26,21,29,27,sil
12.843609094619753,21,3,7,-3,2,0,-7,14,15,19,43,37,41,19,sil
12.85933804512024,12,0,7,-6,2,-10,-10,2,2,-19,22,34,26,3,sil
12.85933804512024,3,0,12,-3,0,-1,1,2,0,-20,16,29,20,3,sil
12.874885082244871,17,16,19,13,9,3,2,1,15,-1,40,31,28,9,sil
12.874885082244871,38,35,27,36,12,-9,-10,-7,5,0,54,38,30,7,sil
12.889965534210203,27,34,25,38,6,-15,-15,-16,-16,-3,43,24,17,0,sil
12.889965534210203,0,23,13,27,5,-4,-9,-13,-20,-12,16,-1,-3,-10,sil
12.905707836151125,3,25,17,37,12,12,-2,-4,-12,-14,-4,-6,-13,-8,sil
12.905707836151125,7,21,22,53,13,25,6,0,-8,-1,-18,-5,-17,-4,sil
12.920690536499023,-10,-2,-2,34,2,17,15,-4,-8,-3,-34,-28,-31,-13,sil
12.920690536499023,-17,-18,2,-12,-15,1,4,1,-20,-28,-52,-20,-46,-4,sil
12.935951471328735,-10,-15,9,-18,-15,2,8,12,-7,-9,-37,3,-16,14,sil
12.935951471328735,-12,-24,-35,0,-4,-2,23,-2,18,32,-9,-12,15,10,sil
12.95194411277771,-9,-28,-16,-30,-14,-9,0,10,0,10,-13,-6,0,11,sil
12.95194411277771,-12,-15,-3,-30,-16,6,-5,10,5,2,0,0,7,2,sil
12.969881057739258,-22,-22,-59,-5,-5,-9,3,-22,33,27,15,-28,33,-11,sil
12.969881057739258,-5,-21,-15,-36,-12,-31,-17,6,8,5,-5,-4,9,8,sil
12.982614517211914,12,1,34,-32,-9,-10,-10,29,7,-11,-1,29,5,16,sil
12.982614517211914,-1,1,-14,-7,0,-7,2,-6,17,-13,5,4,10,-8,sil
12.99853539466858,-7,-6,-33,-24,-8,-17,-18,-15,-17,-17,-11,-13,-16,-20,sil
12.99853539466858,7,5,8,-30,-10,-10,-26,1,-27,-8,-10,6,-19,-11,sil
13.013490200042725,10,18,19,0,0,-4,-8,-4,2,3,18,18,10,0,sil
13.013490200042725,6,18,-8,23,6,-2,0,-24,7,12,42,4,19,-5,sil
13.028724431991575,6,19,4,15,10,2,-6,-10,-16,0,29,1,-4,-10,sil
13.028724431991575,3,26,31,11,20,20,2,7,-12,-16,0,1,-18,-4,sil
13.044110774993896,0,17,14,24,23,38,24,0,6,-2,-2,-3,-7,-1,sil
13.044110774993896,4,7,6,40,18,33,28,2,13,23,19,9,4,9,sil
13.060672998428345,7,7,19,38,19,16,16,14,11,25,14,11,0,12,sil
13.060672998428345,0,-1,19,10,12,19,8,14,1,10,-18,-10,-18,1,sil
13.07572627067566,-8,-18,-15,2,-1,22,16,5,15,20,-19,-25,-5,2,sil
13.09135365486145,3,-19,-20,1,-10,-7,5,7,19,11,0,-6,19,16,sil
13.09135365486145,21,-1,14,-15,-11,-28,-13,19,1,-19,4,23,19,17,sil
13.106861591339111,14,0,-8,-10,-11,-27,-15,-7,0,-17,8,11,18,1,sil
13.106861591339111,1,-2,-15,-5,-9,-29,-21,-25,-19,-22,3,1,4,-1,sil
13.122625589370728,-3,14,16,0,3,-5,-10,-11,-39,-19,-7,4,-15,-7,sil
13.122625589370728,-12,5,2,16,12,15,10,-10,-19,11,-15,-16,-19,-18,sil
13.137720108032228,-19,-20,-11,6,1,14,9,-4,-3,10,-25,-27,-20,-11,sil
13.137720108032228,-17,-20,-18,-8,-4,12,9,0,8,5,-22,-19,-13,-2,sil
13.154627084732056,-15,-17,-26,-29,-15,-8,-3,-4,9,5,-19,-11,-7,-4,sil
13.154627084732056,-7,-20,-13,-41,-23,-32,-28,-6,-12,-16,-15,0,-3,-7,sil
13.154627084732056,6,-7,0,-25,-17,-33,-27,-11,-21,-41,4,9,5,-8,sil
13.169511556625366,7,16,7,-3,-4,-14,-10,-2,-10,-41,16,10,5,0,sil
13.18464970588684,-1,23,15,11,12,15,12,12,4,-11,6,-3,-2,0,sil
13.18464970588684,-13,4,11,12,17,27,25,14,13,28,-4,-14,-8,-1,sil
13.200771570205688,-18,-10,-2,0,0,16,21,13,18,47,-8,-10,-5,5,sil
13.200771570205688,-4,-9,-8,-7,-10,11,21,20,29,32,0,2,9,19,sil
13.216274499893188,10,-5,0,-5,-1,11,17,21,30,8,3,15,22,25,sil
13.216274499893188,11,-5,-2,-6,2,0,0,10,22,5,8,17,28,12,sil
13.231348037719728,11,1,-8,-6,4,-10,-13,-1,12,13,18,16,28,-2,sil
13.231348037719728,20,12,1,-4,8,-13,-15,-4,-4,2,23,22,20,0,sil
13.246521472930908,24,20,19,5,5,-16,-16,-9,-16,-13,23,28,9,3,sil
13.246521472930908,24,34,24,29,7,-11,-14,-17,-6,-9,29,29,7,0,sil
13.261700868606567,22,31,18,33,1,-7,-20,-19,-11,-3,26,17,2,0,sil
13.261700868606567,0,10,11,9,-11,-11,-27,-17,-31,-15,-2,-7,-17,-7,sil
13.2777898311615,-16,0,0,9,-1,-5,-12,-15,-15,-17,-16,-27,-25,-22,sil
13.2777898311615,-7,6,0,21,9,4,2,-3,0,-4,-5,-19,-16,-15,sil
13.293476581573486,-4,7,3,14,1,15,11,4,-4,0,-2,-8,-14,-3,sil
13.293476581573486,-12,-7,-4,13,3,24,27,3,4,0,-12,-12,-9,3,sil
13.308771848678589,-5,-9,8,15,15,30,29,6,14,4,-9,-1,0,12,sil
13.308771848678589,-4,-7,0,5,8,23,16,3,5,11,-3,-1,-2,1,sil
13.3242666721344,-18,-27,-21,-13,-9,2,0,0,-9,6,-16,-12,-13,-9,sil
13.3242666721344,-21,-35,-16,-19,-11,1,-1,2,-13,1,-21,-11,-10,0,sil
13.339437246322632,-13,-22,-26,-12,-8,1,7,-5,2,2,-9,-16,-4,3,sil
13.339437246322632,-1,-13,-15,-25,-11,-9,6,6,4,0,-14,-9,-6,5,sil
13.355489253997805,7,-8,10,-23,-1,-2,8,26,0,18,-3,8,12,14,sil
13.355489253997805,4,-4,-7,0,8,3,13,9,10,30,9,1,23,10,sil
13.37142777442932,-4,-10,-19,-17,-5,-8,3,3,12,3,-12,-12,1,-1,sil
13.37142777442932,-9,-19,-17,-45,-17,-15,-3,8,3,-16,-27,-15,-3,-11,sil
13.38749647140503,-7,-11,-16,-27,-5,-16,-9,-6,0,-26,-16,-10,-1,-19,sil
13.38749647140503,6,2,6,-3,5,-19,-19,-7,0,-30,-1,5,-7,-16,sil
13.403052568435667,19,13,15,-1,3,-16,-20,0,0,-7,23,20,9,0,please
13.403052568435667,17,27,8,5,4,-9,-16,-8,-8,-5,36,26,22,5,please
13.41813063621521,16,39,21,26,7,-7,-12,-8,-9,-26,23,25,7,1,please
13.41813063621521,9,38,25,24,6,-3,-7,-5,-4,-13,22,17,0,-1,please
13.433760643005373,2,20,10,7,8,0,-13,-11,-8,8,29,12,3,0,please
13.433760643005373,3,10,11,10,9,6,-17,-10,-9,0,14,5,-4,0,please
13.44938349723816,2,17,13,29,9,12,0,-4,1,-2,-3,-6,-14,1,please
13.44938349723816,0,19,9,38,4,11,10,-1,3,1,-9,-13,-14,2,please
13.465433359146118,-3,7,13,22,-7,14,5,-1,-9,4,-13,-9,-14,2,please
13.465433359146118,-12,-9,-3,1,-4,17,16,0,-12,21,-18,-13,-12,0,please
13.481557846069336,-19,-19,-19,-6,0,18,32,3,3,28,-24,-17,-9,3,please
13.481557846069336,-17,-27,-7,-11,-14,15,30,15,27,29,-20,-7,5,15,please
13.496708393096924,-6,-32,-16,-16,-20,1,13,16,38,43,-3,-3,25,23,please
13.496708393096924,7,-22,-17,-16,-7,-5,-1,7,17,26,1,2,21,14,please
13.512331247329712,7,-12,-6,-6,0,-2,2,1,3,-6,1,8,10,0,please
13.512331247329712,5,-9,-7,-6,0,-7,5,3,17,-1,0,8,12,1,please
13.52797269821167,10,-6,1,-18,0,-15,-7,7,10,2,-1,12,7,5,please
13.52797269821167,5,-8,-5,-9,0,-11,-5,-1,-12,-20,3,4,0,-14,please
13.543596267700195,7,-2,-9,2,4,-3,-1,-8,-19,-39,11,9,3,-16,please
13.543596267700195,18,17,25,2,7,0,-18,7,-14,-29,20,36,11,11,please
13.559738874435425,8,18,21,5,4,-5,-19,3,-5,0,31,19,12,7,please
13.559738874435425,-10,2,-9,4,8,-9,-8,-8,0,14,25,-13,8,-18,please
13.57531213760376,-13,2,-1,-1,12,-2,-3,0,-2,0,9,-8,-2,-20,please
13.57531213760376,-8,5,9,0,5,-5,0,-1,-14,-21,-2,-4,-23,-13,please
13.590374946594238,-3,0,0,0,0,-8,0,-15,-27,-34,-15,-22,-35,-20,please
13.590374946594238,-3,0,0,-4,-4,0,-9,-11,-31,-35,-22,-27,-31,-19,please
13.606431007385254,-13,6,-2,6,-2,5,-10,-10,-23,-21,-12,-16,-22,-12,please
13.606431007385254,-8,5,-9,15,3,4,0,-15,-5,3,-2,-11,-10,-5,please
13.622533559799194,3,7,3,7,0,9,1,0,6,15,-13,-4,-2,7,please
13.622533559799194,-9,7,0,4,-5,14,3,13,9,11,-24,-8,-1,7,please
13.638679027557371,-18,-3,-18,3,-3,12,14,4,8,16,-16,-15,0,1,please
13.638679027557371,-3,-5,-1,-9,-4,12,14,7,10,28,-3,1,5,12,please
13.65433645248413,0,-3,3,-3,-1,14,16,9,23,31,0,1,9,20,please
13.65433645248413,-4,-10,-15,2,0,1,13,0,16,5,-13,-5,0,14,please
13.669578790664673,7,-7,0,-10,-8,-8,0,6,3,-7,-18,14,-7,12,please
13.669578790664673,15,-4,2,-11,-7,-2,2,10,24,21,1,12,6,14,please
13.685670137405396,7,-14,-16,-6,0,-4,8,0,27,22,10,-2,14,9,please
13.685670137405396,6,-10,-8,-9,0,-18,-8,-1,0,-11,0,10,6,0,please
13.701643705368042,19,6,7,-4,-1,-21,-25,0,0,-6,19,24,17,3,please
13.701643705368042,25,12,15,-5,8,-4,-18,-4,8,2,39,21,31,12,please
13.7166645526886,11,8,17,-5,13,3,-2,-7,-8,-13,22,17,18,-1,please
13.7166645526886,0,10,20,8,4,-4,0,-5,-19,-12,15,21,6,-15,please
13.732374668121338,7,23,23,22,2,-4,-3,-4,-6,0,33,24,16,-1,please
13.732374668121338,11,30,23,21,7,0,0,-3,-9,-8,19,13,9,1,please
13.747480869293211,-5,14,17,19,8,1,0,-8,-25,-18,-10,-12,-20,-15,please
13.747480869293211,-19,-4,-1,22,8,7,-1,-11,-17,-3,-13,-28,-31,-21,please
13.762978315353394,-13,-5,-5,13,5,20,4,5,-2,11,-17,-23,-20,-2,please
13.762978315353394,-15,-15,-13,-4,-3,27,24,16,4,19,-26,-25,-13,7,please
13.778751373291016,-24,-37,-39,-25,-16,10,28,7,10,17,-21,-30,-13,0,please
13.778751373291016,-15,-26,-27,-28,-20,-5,6,12,14,3,-12,-11,-6,-1,please
13.794310331344604,4,-7,-12,-12,-11,-8,-3,13,23,0,-5,2,15,8,please
13.794310331344604,7,-13,-17,-16,-8,-13,-3,2,14,-6,-2,1,20,9,please
13.809337854385376,-7,-12,-15,-20,-10,-21,-6,0,-10,-20,-3,3,0,-11,please
13.809337854385376,-7,-4,-10,-7,-6,-20,-9,-7,-17,-23,2,7,-5,-22,please
13.82541298866272,13,2,6,-6,0,-11,-17,-10,-14,-18,16,16,-2,-7,sil
13.82541298866272,19,19,15,5,9,0,-20,-5,-8,-4,26,12,1,-3,sil
13.840573787689207,0,19,7,19,3,-1,-21,-9,-12,-8,6,-1,-3,-13,sil
13.840573787689207,-15,7,10,6,-2,0,-12,-6,-12,-12,-12,-4,-9,-5,sil
13.856707334518433,-4,13,13,15,7,10,11,0,5,17,1,-1,1,12,sil
13.856707334518433,6,19,16,22,11,9,7,0,-3,16,-3,-1,-4,14,sil
13.871296405792236,-4,4,10,8,1,2,-8,-4,-20,-14,-30,-13,-21,-3,sil
13.888408660888672,-6,-5,1,4,0,10,12,1,3,1,-23,-18,-12,-2,sil
13.888408660888672,9,0,14,6,12,25,35,18,30,33,-6,0,0,18,sil
13.888801097869871,13,1,6,11,25,27,29,12,34,33,2,6,12,19,sil
13.903471231460571,12,-7,0,-1,15,8,10,1,24,20,8,10,18,17,sil
13.903471231460571,14,-9,5,-25,-11,-9,0,7,5,7,2,14,8,19,sil
13.918614864349363,4,-11,-23,-22,-19,-17,-6,-8,-2,-4,2,0,1,-6,sil
13.934577703475952,-8,-9,-18,-18,-11,-17,-14,-9,-10,-23,6,9,-2,-15,sil
13.934577703475952,-6,4,0,-8,-3,-8,-5,-1,-5,-17,28,19,12,-5,sil
13.950977563858032,-1,4,-19,7,0,-10,-11,-21,-7,-7,32,-4,16,-16,sil
13.95197820663452,-7,10,20,-1,-1,-4,-34,0,-36,-27,-6,3,-18,-11,sil
13.96574640274048,-13,24,2,40,21,20,14,-2,2,12,8,-9,1,-9,sil
13.96574640274048,0,-3,-46,38,23,0,32,-22,20,23,21,-37,19,-7,sil
13.981329679489136,7,-11,65,-44,-24,-4,-18,42,-40,-39,-41,19,-32,29,sil
13.981329679489136,-18,-1,-10,17,-18,28,37,-1,33,40,-11,-12,12,1,sil
13.996475458145142,-6,-40,-136,30,0,-20,36,-57,59,68,15,-57,37,-19,sil
13.996475458145142,29,-16,82,-91,-31,-39,-65,63,-58,-64,-40,69,-35,48,sil
14.01161003112793,5,25,36,4,-4,5,-5,18,16,-3,26,39,32,14,sil
14.01161003112793,-3,-16,-119,40,11,-40,-1,-65,42,26,47,-47,44,-33,sil
14.02774143218994,25,17,144,-96,-25,-20,-90,78,-101,-107,-44,78,-73,27,sil
14.02774143218994,0,64,117,9,12,68,16,43,-19,-18,9,47,-11,-2,sil
14.043697357177734,-24,-6,-126,101,43,19,69,-84,56,71,34,-93,33,-55,sil
14.043697357177734,-3,-21,0,0,7,-8,-8,2,-28,-3,-53,-26,-48,0,sil
14.064844131469728,0,3,49,3,2,38,22,35,10,26,-29,12,-14,15,sil
14.064844131469728,-2,-28,-44,12,-5,7,35,-12,56,51,5,-22,28,-5,sil
14.064844131469728,6,-24,-4,-33,-23,-26,-21,2,4,-20,-16,1,-5,0,sil
14.074747562408447,0,12,1,-5,-4,-13,-23,-13,-14,-39,0,1,-8,-14,sil
14.090654850006104,-8,15,-6,17,8,-1,-4,-26,-31,-23,7,-12,-14,-13,sil
14.090654850006104,-12,0,8,6,2,11,12,0,-24,8,-4,-2,-16,10,sil
14.10602855682373,-10,-23,-23,-18,-3,-1,13,6,17,27,0,-3,11,14,sil
14.10602855682373,8,-24,-21,-50,-8,-20,-11,10,19,-6,3,5,18,11,sil
14.121606826782228,13,0,-5,-25,2,-7,-11,6,0,-22,7,12,13,1,sil
14.121606826782228,-1,15,-13,4,13,-5,-5,-8,-9,-12,11,0,4,-15,sil
14.137619256973268,-3,24,8,0,5,-9,-13,-3,-16,-14,4,-3,-11,-13,sil
14.137619256973268,-2,26,15,12,6,9,2,0,-8,-3,-1,-8,-5,-6,sil
14.15280294418335,-10,6,-3,19,6,17,17,-1,-2,8,-14,-14,-5,-6,sil
14.15280294418335,-12,-2,1,17,4,18,17,4,6,16,-17,-13,-15,0,sil
14.168330430984495,0,3,6,32,10,25,26,5,32,37,0,-5,2,11,sil
14.168330430984495,10,-1,0,14,1,13,17,15,40,34,7,15,22,21,sil
14.183751821517944,15,-17,-7,-12,-16,-12,-6,4,25,7,5,25,22,20,sil
14.183751821517944,18,-20,-3,-10,-17,-28,-30,-15,-6,-9,12,20,14,11,sil
14.199440002441406,21,2,16,-2,-8,-23,-42,-7,-29,-13,25,24,8,8,sil
14.199440002441406,17,23,17,15,5,-12,-30,-9,-19,-15,36,20,6,-1,sil
14.214738130569458,0,12,17,24,7,-1,-7,-13,-23,-28,21,6,-10,-14,sil
14.214738130569458,-13,-9,8,12,-7,18,23,0,-21,-6,-4,-8,-21,-11,sil
14.230682134628296,-16,-24,-17,-9,-16,17,37,6,3,19,-14,-17,-4,-1,sil
14.230682134628296,-5,-20,-16,-27,-12,-13,8,4,2,-3,-6,1,12,0,sil
14.246280193328856,15,7,1,-9,-2,-23,-11,1,-1,-13,22,25,25,0,sil
14.246280193328856,22,33,28,12,8,-2,-9,1,4,-1,30,26,17,7,sil
14.261388778686523,5,27,37,21,14,15,0,2,2,5,4,3,-6,8,sil
14.261388778686523,-11,-3,7,15,11,16,14,3,5,25,-18,-19,-14,3,sil
14.27753758430481,-14,-24,-8,-9,0,8,17,17,22,34,-23,-14,0,11,sil
14.27753758430481,-5,-12,-15,-28,-6,-6,-2,10,25,8,-11,-4,13,3,sil
14.29312825202942,2,8,-12,-22,0,-17,-31,-6,-6,-28,-5,-8,-6,-16,sil
14.29312825202942,-4,16,0,0,11,5,-14,-11,-32,-32,-24,-18,-31,-20,sil
14.308405637741089,-23,-5,-17,4,10,24,29,-9,-18,-5,-54,-39,-35,-11,sil
14.308405637741089,-21,-27,-35,-18,-3,11,32,4,2,1,-54,-36,-24,0,sil
14.323852062225342,-10,-27,-40,-35,-9,-4,9,5,14,-11,-34,-22,-8,0,sil
14.323852062225342,-15,-25,-44,-42,-5,-21,-8,-2,9,-17,-40,-26,-7,-14,sil
14.339411735534668,-15,-16,-29,-33,-8,-26,-23,0,0,-2,-21,-19,-2,-20,sil
14.339411735534668,-1,4,-11,-11,-5,-11,-29,-3,-2,0,34,0,10,-23,sil
14.354640245437622,2,18,1,-6,7,0,-25,-13,-14,-21,38,7,0,-22,sil
14.354640245437622,0,17,14,7,8,3,-12,-18,-19,-14,13,1,-14,-15,sil
14.370288372039797,0,16,25,40,5,13,5,-7,-13,13,18,3,-8,-1,sil
14.370288372039797,10,23,39,55,11,27,24,15,3,33,27,17,6,19,sil
14.385643720626833,21,13,37,47,9,31,35,19,29,44,23,23,21,38,sil
14.385643720626833,18,-7,19,17,-9,11,20,12,28,31,16,24,23,36,sil
14.4008891582489,13,-10,12,2,-17,-14,0,11,20,19,22,35,28,21,sil
14.4008891582489,29,3,28,17,-8,-24,-13,7,14,7,37,57,41,26,sil
14.416509628295898,40,17,36,28,2,-14,-20,-2,-5,-13,44,59,37,30,sil
14.416509628295898,20,11,18,8,0,-12,-25,-11,-25,-25,36,33,15,8,sil
14.431681632995604,0,0,9,-4,-8,-10,-18,-14,-24,-22,24,14,1,-7,sil
14.431681632995604,0,3,6,17,4,2,5,-15,-15,-18,14,1,-5,-10,sil
14.447776556015016,-5,14,25,18,16,11,11,2,-26,-25,-17,-7,-27,-3,sil
14.447776556015016,-21,10,10,13,11,30,25,5,-6,-4,-35,-27,-24,-1,sil
14.463327407836914,-19,-17,-69,14,10,27,50,-22,43,43,-15,-54,9,-9,sil
14.479645252227783,-6,-29,-52,-38,-5,-4,18,5,28,36,-28,-28,0,5,sil
14.479645252227783,-10,-12,0,-61,-18,-12,-15,33,7,8,-41,-3,-15,6,sil
14.479645252227783,-14,-18,-43,-35,-9,-18,-10,2,22,-5,-19,-21,4,-15,sil
14.495768785476685,3,-26,-43,-46,-6,-36,-18,-2,5,-29,-14,-12,5,-14,sil
14.495768785476685,5,-5,-2,-45,-6,-23,-26,-1,-15,-26,-9,-3,-8,-17,sil
14.51189661026001,-20,7,-11,-13,0,-1,-24,-23,-23,-18,-3,-21,-22,-35,sil
14.51189661026001,-31,2,-14,-5,2,0,-19,-19,-36,-28,-29,-28,-38,-34,sil
14.527536153793337,-24,0,-2,-4,8,8,0,-5,-34,-13,-45,-30,-40,-20,sil
14.527536153793337,-18,4,2,6,10,26,20,5,-13,13,-20,-26,-24,-5,sil
14.542639017105104,-7,5,5,16,6,28,29,15,12,21,0,-7,-3,9,sil
14.542639017105104,8,0,5,18,1,15,26,22,34,18,2,0,11,21,sil
14.557774543762209,13,-4,2,9,-4,2,10,20,33,18,6,5,18,24,sil
14.557774543762209,15,-5,4,1,-13,-14,-10,7,12,10,12,26,22,18,sil
14.572948932647703,27,13,14,21,-11,-25,-16,-8,1,0,31,38,32,11,sil
14.589091300964355,35,34,42,30,-1,-16,-18,-9,-10,-6,45,46,26,7,sil
14.589091300964355,20,32,47,21,12,0,-17,-3,-12,-1,38,42,15,3,sil
14.60375428199768,6,14,-3,38,22,0,0,-22,6,10,32,9,19,-2,sil
14.60375428199768,8,3,22,16,3,0,-9,0,-15,-13,4,6,-10,12,sil
14.619295358657835,-1,1,70,-11,-8,29,-6,37,-25,-12,-17,19,-35,21,sil
14.619295358657835,-24,-21,-24,13,3,36,38,-6,31,38,1,-25,4,-8,sil
14.635369777679443,-18,-41,-62,-2,0,-2,29,-20,24,20,-14,-41,2,-9,sil
14.635369777679443,-1,-22,0,-30,-7,-1,2,15,-11,-10,-35,-6,-19,7,sil
14.65052056312561,-3,-13,-20,-9,3,13,19,0,13,10,-2,-3,12,0,sil
14.65052056312561,-1,-18,-28,-20,0,-10,2,-6,16,0,8,1,18,0,sil
14.666050672531128,4,-8,-6,-29,-10,-27,-19,2,-4,-19,-3,9,-2,-4,sil
14.666050672531128,-6,-8,-31,-14,-10,-19,-16,-11,-2,-19,-6,-9,0,-21,sil
14.681523323059082,-6,-1,-12,-24,-5,-12,-19,-5,-7,-28,0,4,3,-14,sil
14.681523323059082,9,25,18,-11,2,-2,-12,1,-6,-9,25,24,6,0,sil
14.696676015853882,9,32,0,23,9,1,6,-7,0,10,29,1,7,-4,sil
14.696676015853882,3,29,13,28,11,0,0,0,-14,-10,2,-5,-12,-4,sil
14.71277141571045,6,29,29,30,18,8,-2,-4,-19,-16,0,0,-19,-4,sil
14.71277141571045,0,9,9,19,0,3,-1,-15,-21,0,-2,-14,-15,-7,sil
14.728350639343262,-17,2,12,-2,-19,-4,-5,3,-24,-7,-18,-12,-17,-3,sil
14.728350639343262,-16,0,-20,18,4,3,12,-4,3,2,-7,-21,-1,-7,sil
14.743406772613524,0,-21,-15,-1,12,3,-3,-2,-11,-3,-21,-20,-13,1,sil
14.743406772613524,0,-13,47,-35,-8,15,-12,39,-17,0,-35,8,-25,19,sil
14.758644580841064,-7,-9,-24,10,1,24,47,9,65,66,17,-9,30,7,sil
14.758644580841064,6,-33,-43,-7,5,-6,34,-1,51,55,13,-1,31,19,sil
14.774657249450684,5,-11,47,-45,-11,-4,-15,35,-11,2,-25,36,-3,34,sil
14.774657249450684,-2,9,0,14,-5,9,0,0,29,19,-4,0,17,2,sil
14.789817333221436,13,-6,-26,15,-6,-14,-9,-17,23,4,0,-14,17,6,sil
14.789817333221436,18,0,21,-20,-9,-12,-24,0,-13,-12,0,22,7,22,sil
14.80535340309143,4,5,2,-1,0,0,-6,-6,10,0,23,22,23,2,sil
14.80535340309143,7,2,4,1,0,-3,-13,1,11,-20,17,19,11,0,sil
14.8214430809021,3,0,2,-10,-7,-6,-14,-1,-6,-21,14,12,3,-2,sil
14.8214430809021,-9,-9,-24,-14,-11,-19,-2,-14,-14,-9,16,2,0,-20,sil
14.837491989135742,-6,3,-4,-6,0,-15,-1,-1,-15,-26,4,4,-14,-18,sil
14.837491989135742,-3,18,6,10,12,3,-3,-7,-13,-29,0,-6,-19,-18,sil
14.852755308151243,-8,14,-1,14,7,4,-6,-12,-16,-15,-1,-16,-20,-26,sil
14.852755308151243,0,13,8,14,9,0,0,-5,-16,-7,-9,-16,-26,-26,sil
14.868461847305298,-6,12,7,15,17,7,7,-9,-21,-9,-23,-27,-31,-19,sil
14.868461847305298,-21,6,-7,14,6,18,10,-6,-29,-6,-24,-31,-29,-14,sil
14.88347053527832,-19,1,-7,17,3,23,21,0,-18,0,-9,-19,-17,-12,sil
14.88347053527832,-9,-5,-3,13,15,22,25,0,-5,2,-9,-15,-8,-5,sil
14.899598121643066,-6,-17,-8,1,0,6,11,3,3,15,-18,-12,0,8,sil
14.899598121643066,0,-20,-9,-8,-21,-7,0,9,17,31,-7,1,7,17,sil
14.915321588516235,6,-13,-2,-4,-7,-1,3,6,25,19,7,11,12,19,sil
14.915321588516235,10,-12,7,-7,0,5,10,9,24,6,5,13,21,31,sil
14.930938720703123,14,-23,4,-31,-11,-3,10,20,29,22,7,17,36,34,sil
14.930938720703123,25,-11,4,-25,-8,-10,4,18,31,36,27,32,40,27,sil
14.946481227874756,29,24,25,16,3,-1,-3,9,25,25,31,43,30,26,sil
14.946481227874756,15,16,11,20,0,-7,-13,-1,14,0,12,23,16,10,sil
14.962024927139282,0,-8,-16,-15,-10,-21,-25,-6,-5,-31,2,1,2,-9,sil
14.962024927139282,4,6,-8,-18,-2,-10,-18,-7,-11,-25,11,6,3,-7,sil
14.977460622787476,17,20,2,0,2,-4,-13,-6,-3,-4,10,12,8,-2,sil
14.977460622787476,14,14,10,3,3,-10,-23,-7,-10,-17,4,4,1,-6,sil
14.992695093154907,1,17,15,10,6,-11,-16,-12,-19,-14,7,0,0,-9,sil
14.992695093154907,-12,11,6,2,0,-13,-11,-14,-25,0,-1,-8,-14,-19,sil
15.008434057235718,-26,-6,-11,-13,-9,-12,-19,-17,-33,-17,-20,-25,-38,-33,sil
15.008434057235718,-28,-8,-16,-4,-6,0,-9,-14,-32,-24,-24,-35,-40,-28,sil
15.023496627807615,-21,4,2,13,8,18,11,0,-16,0,-16,-26,-28,-11,sil
15.023496627807615,-13,3,2,20,17,32,19,3,0,-2,-6,-14,-17,-4,sil
15.039079666137695,-13,-9,-9,5,15,30,18,0,3,-13,-3,-11,-7,0,sil
15.039079666137695,-18,-16,-5,0,5,16,22,12,18,17,-5,-11,0,5,sil
15.05472445487976,-12,-10,0,13,3,13,27,22,29,36,-9,-10,-2,8,sil
15.05472445487976,0,-2,2,17,4,19,33,19,25,19,-17,-7,-1,16,sil
15.070364236831663,-2,-9,-5,1,-4,6,31,17,33,24,-10,-8,12,20,sil
15.070364236831663,0,-13,-15,-15,-16,-14,5,9,35,28,1,0,23,17,sil
15.085437774658203,17,-1,-8,-20,-14,-14,-13,3,9,0,7,19,22,9,sil
15.085437774658203,22,8,-2,-14,-3,-5,-6,0,-6,-14,11,21,16,5,sil
15.10058069229126,8,3,3,-13,0,-11,-9,-7,-3,-6,14,24,15,5,sil
15.11630082130432,17,-3,6,-4,-7,-17,-20,-10,0,-5,14,29,16,-3,sil
15.11630082130432,34,0,5,5,-3,-12,-11,-7,-4,-3,13,20,9,-9,sil
15.131561994552612,19,6,5,-3,4,-12,-5,-6,-16,-4,10,9,0,-10,sil
15.131561994552612,-2,2,1,-12,-1,-15,-13,-6,-21,-20,4,4,0,-12,sil
15.147644996643066,0,2,7,2,0,-4,-9,-4,-14,-20,3,9,0,-8,sil
15.147644996643066,9,17,13,13,16,0,-5,-10,-16,0,13,8,-3,-5,sil
15.162867069244385,2,22,7,9,18,0,-14,-15,-26,7,5,-2,-14,-10,sil
15.162867069244385,-7,11,9,14,0,8,-11,-7,-19,12,-12,-11,-22,-5,sil
15.17856788635254,-13,5,8,20,-9,4,2,-2,-3,3,-12,-18,-22,2,sil
15.17856788635254,-17,-1,0,4,-3,7,1,-2,-5,-43,-15,-22,-21,0,sil
15.196540355682371,-18,-19,-8,-9,0,23,0,0,-8,-44,-20,-21,-16,0,sil
15.196540355682371,-19,-22,-8,-3,-4,14,13,4,6,4,-3,-18,-3,11,sil
15.209592342376707,-21,-11,-2,6,-10,0,17,15,18,0,0,-17,3,8,sil
15.209592342376707,-16,-12,-18,1,-9,3,16,18,23,2,-21,-25,5,2,sil
15.225610494613647,-8,-16,-22,-18,-6,0,21,17,33,53,-16,-10,13,16,sil
15.225610494613647,8,-2,-4,-19,0,0,17,15,36,62,9,18,22,21,sil
15.241658687591553,18,6,-2,0,5,0,-3,1,17,30,10,22,12,-1,sil
15.241658687591553,14,0,-2,0,2,-15,-17,-5,-5,-3,10,21,10,-7,sil
15.25758671760559,20,2,7,-8,0,-18,-6,0,-4,-39,32,30,29,8,sil
15.25758671760559,21,12,9,-8,0,-11,-3,-2,0,-32,30,25,19,4,sil
15.273056268692017,7,13,4,0,0,-11,-12,-6,-1,4,7,6,-9,-12,sil
15.273056268692017,2,20,5,11,5,0,-12,-6,-5,0,6,4,-5,-10,sil
15.288684606552124,2,19,9,9,12,17,-4,-7,-11,-13,7,0,-4,-9,sil
15.288684606552124,-4,7,0,7,11,16,2,-2,-1,7,-6,-19,-20,-12,sil
15.30429744720459,-6,0,0,20,10,6,2,0,4,13,-16,-25,-18,-6,sil
15.30429744720459,-6,-5,5,16,6,4,0,-5,-13,-1,-15,-14,-11,-5,sil
15.31948447227478,-9,-8,-1,1,3,7,6,-10,-23,4,-15,-8,-12,-2,please
15.31948447227478,-8,-9,-2,0,4,8,11,-5,-20,8,-14,-2,-10,4,please
15.335578680038452,-12,-19,-7,-2,-5,1,4,0,-16,-5,-19,-5,-11,0,please
15.335578680038452,-10,-23,-14,-17,-15,-10,0,8,0,-10,-22,-10,-1,-1,please
15.351520538330078,0,-7,-7,-25,-9,-21,-8,14,8,-4,-5,3,14,0,please
15.351520538330078,0,0,-2,-26,-8,-20,-19,-1,-8,-12,9,17,9,-7,please
15.366728782653809,0,6,8,-16,-11,-9,-13,-11,-13,-21,12,16,5,-6,please
15.366728782653809,12,15,19,9,-2,0,0,0,0,-9,12,8,10,6,please
15.382457971572876,1,7,14,20,4,11,0,2,6,0,4,-1,0,4,please
15.382457971572876,-10,-8,-1,2,2,23,6,6,20,10,-2,-8,0,5,please
15.3986713886261,6,-7,-12,-6,3,17,14,13,40,28,5,1,28,21,please
15.3986713886261,22,8,0,1,5,0,2,1,28,11,22,17,32,19,please
15.414698600769045,14,21,14,10,0,0,-3,-8,-2,-27,17,9,0,-4,please
15.414698600769045,-6,8,5,7,-3,16,14,-1,-12,-13,-4,-15,-22,-11,please
15.43038535118103,-15,-14,-7,0,0,13,25,3,1,33,-14,-22,-17,2,please
15.43038535118103,0,-12,-9,1,-3,-9,15,1,17,36,-7,-8,-7,15,please
15.445537567138672,8,-2,-6,0,-8,-18,4,3,13,11,0,4,-5,8,please
15.445537567138672,-1,-12,-12,-3,-6,-12,-1,5,0,4,6,7,-1,3,please
15.460771560668944,-1,-15,-10,-3,-6,-12,-13,0,-3,-4,14,10,10,7,please
15.460771560668944,17,5,11,0,-6,-15,-18,-2,-5,-18,22,25,23,6,please
15.47686505317688,27,24,17,8,1,-13,-18,-3,-15,-7,27,34,23,0,please
15.47686505317688,13,18,5,2,9,-11,-27,-8,-31,-3,14,20,6,-14,please
15.492836236953735,-11,2,-7,-8,1,-5,-20,-11,-25,-18,-9,-10,-17,-32,please
15.492836236953735,-25,2,-7,-2,2,8,1,-11,-14,-22,-21,-30,-29,-34,please
15.507838249206545,-25,14,5,0,20,16,0,-13,-29,-19,-15,-22,-20,-31,please
15.507838249206545,-21,17,14,5,25,11,-4,-11,-26,-18,-8,-11,-8,-25,please
15.523327827453612,-20,9,16,23,10,10,6,0,0,-11,-15,-18,-14,-9,please
15.523327827453612,-10,-3,4,18,0,11,11,9,13,11,-27,-23,-12,5,please
15.53933835029602,0,-17,-16,-10,3,13,6,13,18,31,-25,-19,0,9,please
15.53933835029602,-1,-17,-20,-7,5,14,7,14,24,19,-23,-20,-14,3,please
15.55501627922058,-4,-10,-13,10,0,10,11,14,17,2,-28,-18,-24,5,please
15.55501627922058,0,-10,-4,5,0,12,17,13,15,13,-7,3,7,21,please
15.570773601531982,6,-11,-3,-8,-1,14,26,7,26,25,14,14,30,31,please
15.570773601531982,6,-12,-14,-23,-15,-4,20,0,24,14,0,7,11,20,please
15.586355686187744,4,-12,-11,-30,-22,-27,0,-3,0,-2,-5,11,1,5,please
15.586355686187744,7,-5,2,-17,-10,-20,-7,1,-7,-11,19,23,19,11,please
15.601463556289673,17,0,9,-14,-11,-7,0,5,6,-5,33,28,30,24,please
15.601463556289673,19,-11,4,-15,-28,-16,-7,-2,4,3,19,23,19,16,please
15.617561101913452,13,-13,-1,-3,-24,-25,-19,-10,-12,-2,10,15,10,1,please
15.617561101913452,14,0,6,-5,-7,-22,-7,-1,-10,-12,20,10,14,-1,please
15.633425235748293,18,15,21,2,0,-11,0,0,-1,-8,20,6,8,-2,please
15.633425235748293,8,23,20,26,9,0,-13,-16,-10,-8,13,5,-6,-9,please
15.64866828918457,-7,15,2,13,11,3,-18,-11,-13,-19,15,3,-13,-18,please
15.64866828918457,-9,12,-5,0,5,6,-10,-1,-6,-26,10,-2,-10,-20,please
15.66391110420227,0,26,12,23,17,14,-12,-10,-7,-14,3,1,0,-10,please
15.66391110420227,4,27,18,27,26,11,-17,-6,-10,9,7,6,0,-4,please
15.679576635360718,-9,6,0,1,14,2,-14,5,-6,16,2,-8,-17,-15,please
15.679576635360718,-19,0,-6,8,10,10,0,3,0,10,-10,-18,-23,-20,please
15.69566535949707,-14,4,1,24,17,21,13,1,2,13,-8,-10,-8,-2,please
15.69566535949707,-7,0,5,13,9,20,16,2,-1,13,-6,-7,-1,5,please
15.711407899856567,-4,0,3,15,1,14,17,0,0,6,-16,-13,-6,-5,please
15.711407899856567,-10,0,4,20,6,8,20,0,-2,1,-18,-12,-11,-4,please
15.726557731628418,-20,-17,-7,-5,1,9,21,0,-6,2,-22,-14,-11,0,please
15.726557731628418,-15,-29,-25,-29,-14,7,20,-1,4,5,-33,-26,-8,-7,please
15.741761922836304,-1,-16,-11,-21,-12,-4,18,3,13,6,-29,-23,-1,0,sil
15.741761922836304,2,-9,1,-11,-6,-7,13,6,7,11,-12,-7,10,18,sil
15.757728815078735,-1,-18,-17,-21,-13,-2,2,2,1,3,-5,-2,11,13,sil
15.757728815078735,0,-20,-27,-27,-16,-8,-6,7,7,-12,-10,-4,-2,5,sil
15.772984266281128,11,-4,-13,-20,-9,-16,-6,18,22,-5,-6,3,0,12,sil
15.772984266281128,14,6,1,-11,-1,-17,-11,17,20,0,15,19,22,17,sil
15.788726568222046,10,2,-2,-2,-3,-14,-19,7,5,-12,22,19,23,7,sil
15.788726568222046,4,0,-12,-4,-11,-7,-15,-1,-1,-12,6,11,7,-3,sil
15.80465531349182,6,4,-1,-12,-9,-6,-10,-9,-5,-3,8,17,9,-5,sil
15.80465531349182,14,7,11,0,2,-19,-11,-14,-10,-6,24,23,12,0,sil
15.819345951080322,17,11,15,21,11,-19,-12,-13,-12,-11,24,18,-1,2,sil
15.819345951080322,11,15,10,20,7,-10,-9,-5,-13,-13,18,12,0,1,sil
15.834935426712036,1,10,3,4,-5,-11,-11,-3,-13,-6,6,2,3,-1,sil
15.834935426712036,-5,0,3,-6,-12,-9,-16,-10,-15,0,-9,-11,-15,-10,sil
15.850866556167604,-6,-3,3,0,0,8,-8,-12,-18,-9,-3,-17,-29,-15,sil
15.850866556167604,-8,1,7,7,9,28,2,-6,-21,-20,7,-8,-17,-14,sil
15.866044521331789,-9,3,17,16,7,29,5,-5,-13,0,0,-3,-4,-12,sil
15.866044521331789,-7,3,20,21,10,18,9,-5,4,19,-3,-5,-5,-1,sil
15.881265878677368,-5,2,13,8,15,14,23,8,18,20,2,-1,-7,10,sil
15.881265878677368,-2,0,3,0,8,21,31,23,27,32,1,0,5,11,sil
15.89833927154541,-2,1,0,7,8,23,21,15,31,44,-4,-1,19,11,sil
15.89833927154541,-7,4,-1,5,10,15,10,2,24,20,-6,-2,8,8,sil
15.913492918014526,-8,-6,-8,-7,-5,3,8,2,15,1,-2,0,3,10,sil
15.913492918014526,2,-17,-1,-6,-13,0,9,7,16,17,2,6,16,14,sil
15.928527593612673,12,-8,0,0,-1,-6,3,2,12,7,2,8,13,8,sil
15.928527593612673,0,-2,-11,-9,0,-25,-15,-7,-9,-37,0,4,3,-5,sil
15.944748163223268,-1,-5,-18,-10,-8,-32,-27,-7,-24,-37,1,4,8,-12,sil
15.959286212921144,16,5,-7,2,-5,-13,-12,-2,-11,-2,14,12,8,-7,sil
15.959286212921144,21,18,5,0,-1,-6,0,-2,-3,-7,23,14,-2,-10,sil
15.974425792694092,8,14,9,-5,2,-16,-5,-3,-11,-20,8,2,-6,-12,sil
15.974425792694092,4,12,12,9,13,0,-1,-3,-16,-13,-10,-5,-12,-4,sil
15.99036192893982,-4,6,6,19,10,19,7,-2,-17,-11,-23,-15,-25,-7,sil
15.99036192893982,-21,-13,-14,3,-4,10,4,0,-16,-7,-39,-31,-30,-16,sil
16.005507469177246,-24,-25,-21,-10,-13,-1,0,2,-7,0,-47,-32,-23,-6,sil
16.005507469177246,-18,-18,-12,-11,-11,2,2,3,3,0,-37,-19,-14,9,sil
16.020689010620117,-7,-9,-9,-10,-1,10,5,8,18,14,-16,-7,2,13,sil
16.020689010620117,5,-9,-9,-5,2,1,0,14,31,35,3,3,22,11,sil
16.036436080932617,3,-7,-7,-3,-6,-13,-10,6,18,20,14,5,23,5,sil
16.036436080932617,1,6,0,-9,-11,-14,-12,-5,-3,-6,20,14,17,-1,sil
16.05248713493347,14,15,1,-6,-5,-11,-10,-6,-7,-7,25,26,20,-3,sil
16.05248713493347,8,11,1,0,2,-12,-17,-10,-11,-8,18,12,7,-6,sil
16.07374119758606,-13,18,10,11,16,4,-14,-16,-17,-14,7,-11,-14,-15,sil
16.07374119758606,-13,19,13,24,20,25,7,-11,-9,0,2,-15,-19,-11,sil
16.07374119758606,-8,-4,0,8,4,14,17,-2,-2,13,-3,-8,-10,5,sil
16.083316564559937,-4,-23,-13,-16,-15,-4,11,8,7,15,4,-1,0,18,sil
16.099658489227295,13,-19,-9,-16,-15,-2,9,19,24,14,26,11,14,25,sil
16.099658489227295,23,-15,3,-15,-3,-3,8,19,25,12,30,24,20,20,sil
16.114880800247192,12,-4,5,-9,-4,-15,-2,2,5,-2,35,24,10,4,sil
16.114880800247192,10,13,12,4,-5,-10,-13,-10,-16,-31,44,20,-3,-5,sil
16.130730867385864,18,16,25,-5,5,5,-3,-6,-19,-33,13,20,-7,-2,sil
16.130730867385864,9,13,22,-7,16,11,9,-2,-8,-12,-29,14,-6,-1,sil
16.14633321762085,-9,14,18,33,17,7,4,-5,-10,-7,-30,-7,-10,-7,sil
16.14633321762085,-14,8,15,47,7,6,-1,-6,-13,0,-21,-25,-13,-5,sil
16.161591291427612,-8,0,2,19,1,9,2,0,0,23,-31,-23,-7,-1,sil
16.161591291427612,-11,-7,-14,5,8,12,9,5,18,34,-32,-21,0,-3,sil
16.17777132987976,-15,-13,-25,-3,6,11,4,3,23,20,-25,-23,7,-4,sil
16.17777132987976,-3,-11,-21,-23,-10,0,-6,4,8,-3,-16,-7,10,-4,sil
16.192980527877808,10,0,-10,-15,-11,-8,-2,4,0,-8,2,12,12,-1,sil
16.192980527877808,13,11,6,7,0,-11,-5,-3,0,-3,17,17,12,0,sil
16.20840287208557,11,19,21,22,2,-6,-11,-6,0,-6,9,7,4,-1,sil
16.20840287208557,9,12,9,21,4,8,13,6,6,2,-1,-2,-2,9,sil
16.223633289337158,-5,-10,-20,-3,4,11,31,11,15,12,-6,-11,-2,10,sil
16.223633289337158,-21,-29,-38,-32,-12,-11,0,0,4,-1,-11,-16,-1,-6,sil
16.23882532119751,-10,-13,-17,-32,-16,-27,-20,-1,-9,-8,0,0,0,-3,sil
16.23882532119751,14,11,8,-12,-2,-23,-8,0,-6,-2,21,20,2,7,sil
16.254723072052002,15,13,9,-1,-6,-13,-15,-6,-8,-14,18,13,0,-2,sil
16.254723072052002,-3,2,6,-6,-9,-5,-26,-14,-18,-20,11,-1,-10,-20,sil
16.270410537719727,-19,-6,1,-7,2,0,-11,-12,-17,-3,1,-16,-20,-25,sil
16.270410537719727,-30,-16,-4,-1,6,13,0,-8,-13,5,-14,-26,-22,-21,sil
16.286531686782837,-32,-19,-4,4,0,24,2,-8,-16,-3,-17,-21,-17,-12,sil
16.286531686782837,-19,-15,-9,6,2,20,13,-7,-13,-8,-16,-9,-15,-4,sil
16.303664684295654,0,-7,-2,1,1,11,22,6,-2,12,-11,0,-4,11,sil
16.303664684295654,22,9,18,9,1,14,18,24,17,37,21,19,22,42,sil
16.317734718322754,30,17,21,20,10,11,10,22,35,27,40,36,38,49,sil
16.317734718322754,14,1,-2,0,6,-1,11,14,34,8,15,26,27,22,sil
16.33357834815979,2,-12,-19,-25,-10,-12,9,8,22,7,-2,2,9,0,sil
16.33357834815979,6,1,-4,-18,-11,-15,-4,-1,7,-10,-1,0,0,-2,sil
16.348722457885742,18,23,14,5,1,-13,-13,-7,-4,-30,8,13,4,-2,sil
16.348722457885742,21,27,20,13,3,-13,-16,-5,-14,-24,15,13,3,-6,sil
16.36424732208252,13,16,17,7,0,-16,-21,-7,-22,-22,0,3,-12,-18,sil
16.36424732208252,7,13,8,11,6,-8,-13,-8,-22,-19,-11,1,-18,-12,sil
16.38028836250305,0,13,9,25,11,5,0,-3,-11,0,2,0,-4,3,sil
16.38028836250305,-9,2,5,27,7,13,4,0,0,11,0,-13,0,0,sil
16.39631748199463,-15,-10,-10,6,1,17,8,-6,0,8,-22,-23,-12,-9,sil
16.39631748199463,-14,-14,-17,-5,0,12,18,-2,1,15,-22,-20,-15,-4,sil
16.411373138427734,-3,-8,-10,0,1,0,18,8,21,31,-5,-12,3,10,sil
16.411373138427734,0,-10,-7,-3,0,-4,3,9,31,25,0,0,15,14,sil
16.426523447036743,-10,-31,-22,-33,-14,-9,-9,1,10,-5,-10,-1,4,0,sil
16.426523447036743,-15,-31,-31,-48,-23,-16,-17,-6,-15,-25,-14,-12,-3,-16,sil
16.44174861907959,-2,1,-1,-21,-5,-13,-26,-13,-24,-11,6,-2,0,-21,sil
16.44174861907959,0,22,24,19,7,1,-20,-13,-18,1,15,8,-3,-12,sil
16.45761013031006,-9,7,9,20,3,17,2,-5,-14,-4,-2,0,-7,-1,sil
16.45761013031006,-8,-7,-4,0,0,17,19,5,1,5,-10,-5,2,2,sil
16.47267723083496,2,-9,0,-6,-1,3,12,15,20,21,0,3,16,4,sil
16.47267723083496,3,-10,-1,-14,-6,-6,-2,9,9,0,5,7,17,1,sil
16.4888277053833,2,0,-1,-13,-1,-7,-5,-2,-8,-24,8,10,7,1,sil
16.50335168838501,7,27,13,12,10,0,0,-2,-8,-14,22,18,2,0,sil
16.50335168838501,4,24,20,30,9,13,11,2,0,0,18,11,-4,0,sil
16.519484043121338,-5,-4,2,12,0,24,30,9,7,8,-10,-8,-18,2,sil
16.519484043121338,-5,-17,-6,-6,0,10,31,16,19,22,-19,-9,-8,12,sil
16.534980535507202,10,-8,-5,-5,3,-8,9,12,23,13,2,8,15,22,sil
16.534980535507202,21,6,0,2,0,-14,-8,-3,11,-18,14,22,15,12,sil
16.55062508583069,14,17,7,10,3,-11,-16,-13,-5,-19,16,15,3,-5,sil
16.55062508583069,1,17,8,5,6,-11,-23,-16,-22,-11,8,-6,-6,-10,sil
16.565906524658203,-7,11,-5,-11,-7,-14,-19,-21,-36,-34,-19,-27,-26,-20,sil
16.565906524658203,-5,6,-8,-5,-13,-2,-5,-16,-22,-16,-20,-26,-27,-23,sil
16.565906524658203,3,8,14,22,8,19,0,3,5,38,5,-3,-4,4,sil
16.581177234649658,5,3,19,25,14,21,5,13,11,44,-3,7,0,20,sil
16.59673833847046,-7,-14,-7,0,-12,-1,11,6,7,18,-24,-1,-6,6,sil
16.59673833847046,-21,-27,-17,-16,-12,-7,7,5,18,16,-8,-8,4,7,sil
16.61273956298828,-10,-28,-21,-19,2,3,4,9,27,18,0,-9,9,14,sil
16.61273956298828,4,-29,-29,-23,-6,-3,0,3,15,1,-10,-6,0,1,sil
16.628384113311768,0,-21,-19,-26,-18,-21,-14,0,-2,-17,0,6,9,-3,sil
16.628384113311768,0,-2,-6,-15,-4,-17,-20,0,-11,-22,24,17,25,0,sil
16.64383363723755,6,9,3,-2,6,-2,-10,-2,-16,-18,24,16,13,-11,sil
16.64383363723755,2,10,11,-2,2,-2,-8,0,-13,-15,8,10,0,-21,sil
16.659650564193726,0,13,13,-7,0,-10,-14,-3,-6,-15,5,12,4,-12,sil
16.659650564193726,9,23,22,10,6,0,-7,-9,-10,-14,16,18,6,-4,sil
16.67537236213684,12,32,28,34,11,19,13,-4,-10,-6,15,7,0,0,sil
16.67537236213684,0,22,21,31,6,17,19,0,0,5,-4,-10,-2,4,sil
16.69131112098694,-8,2,6,18,-1,3,8,-1,-3,3,-21,-15,-13,4,sil
16.69131112098694,-8,0,3,14,3,3,10,-2,-13,-8,-21,-12,-23,0,sil
16.70639705657959,-5,0,8,16,14,18,24,3,-5,2,-11,-11,-15,0,sil
16.70639705657959,-1,-7,2,10,5,23,21,5,9,26,-8,-13,-5,7,sil
16.72158408164978,-3,-19,-9,-10,-2,6,2,0,12,25,-11,-13,-5,5,sil
16.72158408164978,-8,-22,-14,-19,-1,-6,0,0,13,18,-10,-12,-2,0,sil
16.73779320716858,-8,-5,-13,-3,0,0,6,4,20,17,-10,-8,0,3,sil
16.73779320716858,-6,2,-17,-7,-4,0,3,6,18,3,-12,-9,-1,0,sil
16.752827167510986,-4,-17,-28,-28,-7,-10,-9,2,8,-10,-8,-9,1,-8,sil
16.752827167510986,0,-24,-25,-28,-8,-13,-18,2,3,-13,2,9,11,-5,sil
16.76840853691101,4,0,-18,-16,-8,-14,-16,6,5,-12,10,22,11,2,sil
16.76840853691101,4,4,-16,-13,-8,-17,-18,-2,-3,-19,10,16,7,2,sil
16.78366708755493,8,0,2,-5,-5,-13,-19,-10,-15,-20,18,19,11,3,sil
16.78366708755493,19,14,20,6,0,-4,-8,0,-1,0,28,24,19,10,sil
16.799821376800537,16,19,16,4,0,0,-3,0,0,8,20,6,9,3,sil
16.799821376800537,5,4,9,2,1,-4,-11,-10,-15,-10,5,-5,-3,-9,sil
16.815360069274902,8,14,20,23,9,-3,-5,-5,-15,-8,14,4,2,-2,sil
16.815360069274902,13,28,36,37,17,9,8,3,-2,23,21,12,8,12,sil
16.830960512161255,3,13,30,29,14,19,15,1,0,28,0,1,-3,6,sil
16.830960512161255,-10,0,15,21,9,15,19,0,0,4,-11,-9,-16,-6,sil
16.84653663635254,-12,1,5,17,7,11,21,0,-3,0,-10,-13,-14,-8,sil
16.84653663635254,-11,0,-4,7,3,17,12,0,-2,7,-23,-16,-14,-6,sil
16.862114429473877,-16,-9,-9,-7,-7,16,5,-1,1,1,-28,-14,-15,-5,sil
16.862114429473877,-13,-27,-17,-37,-21,0,17,1,7,-6,-11,-9,-5,1,sil
16.877790212631226,-9,-39,-26,-64,-22,-9,20,7,6,0,-4,-8,0,9,sil
16.877790212631226,-7,-21,-18,-29,-6,-5,4,10,8,6,-6,-6,-5,7,sil
16.893396139144897,2,3,-1,21,0,-4,0,6,17,7,0,5,4,9,sil
16.893396139144897,5,-5,-3,2,-11,-13,-9,0,8,-6,0,11,12,7,sil
16.90853190422058,-1,-22,-20,-28,-13,-21,-33,-6,-12,-24,-8,0,-2,-8,sil
16.90853190422058,4,-4,-12,-8,1,-15,-30,-5,-8,-17,-4,2,-1,-11,sil
16.92462968826294,17,15,7,13,14,-6,-4,1,15,8,16,22,26,7,sil
16.92462968826294,16,22,7,13,18,-8,-1,0,13,12,28,21,31,10,sil
16.94062089920044,12,25,5,7,11,-6,-14,-12,-15,-15,13,4,0,-12,sil
16.94062089920044,5,22,9,6,0,0,-12,-22,-33,-37,-6,-7,-20,-22,sil
16.955630779266357,-6,21,13,15,2,1,-5,-15,-33,-27,-2,-9,-14,-16,sil
16.955630779266357,-6,20,17,22,7,4,-3,-2,-27,-9,6,-9,-8,-12,sil
16.971686363220215,-2,11,13,20,0,10,2,1,-12,0,-3,-12,-11,-7,sil
16.971686363220215,-7,3,8,21,0,22,12,4,5,20,-2,-6,0,1,sil
16.987738609313965,-9,-2,-4,17,14,34,23,14,21,41,4,-4,12,8,sil
16.987738609313965,-12,-20,-21,-5,8,26,23,13,18,23,-11,-24,-1,0,sil
17.00332760810852,-16,-29,-20,-23,-7,1,10,2,3,-3,-28,-30,-18,-11,sil
17.00332760810852,-4,-16,-11,-22,-9,-14,3,2,7,7,-17,-1,-6,4,sil
17.019416332244873,5,-11,-9,-18,-8,-8,5,17,37,28,-3,15,9,27,sil
17.019416332244873,6,-14,-12,-13,-10,0,2,23,56,24,5,10,13,23,sil
17.03507947921753,8,-8,-9,-14,-7,-14,-14,8,30,3,19,17,12,7,sil
17.03507947921753,9,0,3,-18,-7,-26,-22,-9,-10,-12,12,20,3,-4,sil
17.050272703170776,0,5,12,-3,-3,-5,-9,-13,-31,-21,-5,2,-13,-12,sil
17.050272703170776,-5,8,14,7,7,2,-5,-14,-35,-26,-1,0,-17,-11,sil
17.066389560699463,2,9,16,11,8,-4,-4,-15,-32,-17,9,6,-7,0,sil
17.066389560699463,3,8,16,19,0,10,10,-9,-15,-1,-6,-5,-1,12,sil
17.08235788345337,-2,-6,5,9,-1,23,22,9,10,0,-16,-4,3,22,sil
17.08235788345337,11,-16,-9,-11,-4,1,19,21,29,8,9,17,27,26,sil
17.097403526306152,26,-5,-5,-16,-8,-12,4,6,17,9,32,30,37,17,sil
17.097403526306152,17,0,0,-12,-4,-11,-8,-7,-4,-2,23,18,23,-2,sil
17.113389253616333,5,6,0,-8,0,-17,-10,-7,-14,-8,11,3,12,-12,sil
17.113389253616333,7,25,10,4,3,-15,-10,-5,-17,-6,16,3,7,-8,sil
17.12865972518921,4,33,16,23,10,0,-8,-6,-12,-2,21,0,0,-7,sil
17.12865972518921,-13,13,6,24,13,10,-5,-7,-7,1,0,-12,-11,-15,sil
17.143810510635376,-28,1,-1,17,8,11,0,-3,-7,6,-28,-19,-21,-19,sil
17.143810510635376,-23,0,1,20,5,14,6,2,5,15,-26,-15,-20,-10,sil
17.159279108047485,-12,-12,4,16,6,19,12,5,16,17,-8,-14,-14,-1,sil
17.159279108047485,-9,-24,-7,0,1,18,17,5,18,13,-18,-22,-20,-1,sil
17.17480158805847,-13,-19,-20,-17,1,8,8,2,16,11,-31,-23,-24,-5,sil
17.17480158805847,-20,-19,-25,-23,-2,-2,-9,-2,10,-4,-22,-17,-13,-7,sil
17.190475463867188,-25,-21,-32,-25,-21,-7,-12,-3,3,-20,-14,-11,-3,-12,sil
17.190475463867188,-9,-7,-21,-22,-21,-12,-6,0,0,-18,-8,-2,-1,-11,sil
17.206027269363403,15,7,0,-7,-1,-19,-7,2,-9,-19,2,11,3,0,sil
17.206027269363403,26,15,14,4,1,-13,-12,0,-19,-21,14,26,12,2,sil
17.221298933029175,24,22,17,10,-4,-7,-19,-7,-27,-15,19,23,4,-4,sil
17.221298933029175,13,22,16,19,2,-5,-17,-6,-28,-13,4,1,-11,-5,sil
17.23743462562561,-2,11,19,21,13,12,6,2,-10,4,-1,-5,-5,9,sil
17.23743462562561,2,1,14,16,5,23,31,7,10,35,15,4,13,28,sil
17.253273725509644,25,-3,7,9,-9,4,24,5,15,29,20,10,20,35,sil
17.253273725509644,30,-4,8,-2,-10,-6,7,11,23,13,9,12,26,35,sil
17.269392728805542,15,-6,-2,-14,1,2,4,14,27,14,10,12,31,25,sil
17.269392728805542,0,-11,-18,-21,0,-7,-4,0,0,-17,12,13,18,1,sil
17.284422874450684,1,-6,-15,-17,-10,-28,-22,-12,-18,-41,8,12,8,-10,sil
17.284422874450684,5,5,-6,-13,0,-23,-19,-7,-8,-13,6,6,6,-10,sil
17.29962968826294,-4,7,0,-13,12,-4,-1,0,-6,0,7,-1,0,-16,sil
17.29962968826294,-12,8,8,0,11,7,5,-3,-8,-1,3,-5,-11,-18,sil
17.315674543380737,-10,7,13,16,13,13,8,-4,0,12,-12,-12,-23,-12,sil
17.315674543380737,-17,-1,0,5,7,15,11,0,5,12,-25,-23,-28,-9,sil
17.331414699554443,-24,-6,-4,-4,-5,17,12,1,3,-1,-20,-20,-19,-2,sil
17.347527265548706,-23,-6,0,3,-1,19,14,0,7,4,-18,-14,-14,-3,sil
17.347527265548706,-25,-15,-14,0,0,12,7,-3,8,15,-33,-26,-20,-15,sil
17.347527265548706,-21,-19,-19,-7,-6,6,1,3,16,17,-28,-23,-12,-4,sil
17.363526344299316,-3,-8,-1,1,0,14,14,18,38,33,-2,0,13,18,sil
17.363526344299316,1,-7,-2,0,2,12,12,16,37,34,0,8,18,18,sil
17.379398584365845,0,-12,-18,-17,-4,-7,-11,2,9,9,-12,1,7,2,sil
17.379398584365845,12,-4,-14,-12,0,-15,-12,0,6,-3,8,5,16,0,sil
17.394432544708252,21,9,8,0,0,-14,-7,0,0,-24,36,18,23,0,sil
17.409717559814453,20,14,16,4,-7,-20,-20,-9,-30,-44,22,22,5,-2,sil
17.409717559814453,20,21,8,7,-4,-21,-29,-18,-45,-32,12,16,0,-9,sil
17.42526125907898,16,27,10,5,1,-16,-24,-15,-43,-19,31,11,8,-12,sil
17.42526125907898,12,23,16,8,1,-13,-17,-11,-45,-22,29,9,2,-8,sil
17.441296577453613,9,16,16,23,10,-6,-12,-11,-36,-16,15,10,-5,-4,sil
17.441296577453613,0,14,15,33,18,2,-1,-8,-14,-3,11,6,-10,-3,sil
17.441296577453613,-3,7,15,34,11,16,16,-1,-5,3,-3,-6,-22,5,sil
17.457815885543823,0,-9,11,26,1,28,23,2,-3,5,-16,-14,-22,7,sil
17.458341598510742,-3,-23,-3,11,-5,19,21,5,7,3,-13,-12,-15,0,sil
17.95437264442444,-8,-8,0,11,13,24,31,16,27,33,-8,0,6,20,sil
17.95437264442444,1,-7,4,13,9,21,36,21,39,45,0,0,11,32,sil
17.96970009803772,7,-5,0,6,1,14,33,23,42,55,5,2,16,35,sil
17.96970009803772,7,-12,-12,-16,-5,4,20,18,27,28,-4,3,15,22,sil
17.98528289794922,0,-23,-19,-31,-14,-7,-9,5,7,-18,-12,3,3,7,sil
18.001383543014526,-6,-14,-13,-19,-12,-18,-29,-3,-3,-18,-9,0,0,0,sil
18.001383543014526,0,2,-6,-6,-5,-24,-23,-3,2,14,0,1,16,-6,sil
18.001383543014526,13,9,-1,-11,-4,-18,-17,-6,3,1,15,10,21,-11,sil
18.016578674316406,16,15,9,-8,-1,-6,-16,-14,-14,-29,18,16,4,-6,sil
18.016578674316406,12,18,11,1,2,-3,-4,-7,-15,-22,12,8,0,-2,sil
18.03139567375183,8,15,5,0,1,-7,4,1,-3,-8,9,6,6,-6,sil
18.04656147956848,-1,8,-1,-5,-1,-6,3,-4,-10,-9,0,-1,-9,-14,sil
18.04656147956848,-20,-3,-11,-7,-1,5,2,-9,-21,-9,-17,-24,-36,-25,sil
18.06223702430725,-31,-11,-12,-13,-2,15,10,-5,-20,-9,-25,-35,-36,-25,sil
18.06223702430725,-21,-2,-2,0,-4,15,23,2,-6,2,-17,-18,-13,0,sil
18.08436107635498,-9,-6,1,14,-1,11,26,12,21,23,-5,0,8,16,sil
18.08436107635498,0,-21,-4,-1,-4,-4,7,13,32,19,5,8,22,11,sil
18.08436107635498,11,-8,-4,-18,-12,-21,-17,0,4,-4,19,23,24,8,sil
18.0935161113739,19,16,8,1,-4,-14,-27,-12,-25,-18,18,27,10,2,sil
18.108744144439697,9,14,10,18,7,0,-26,-16,-31,-26,-10,-2,-19,-16,sil
18.108744144439697,-6,1,0,5,0,-5,-26,-14,-32,-39,-23,-23,-34,-24,sil
18.124317169189453,-2,6,5,4,0,0,-10,-6,-21,-19,4,-1,-14,-7,sil
18.124317169189453,4,12,13,20,19,16,11,2,9,20,17,8,4,10,sil
18.13947105407715,-7,0,6,17,19,19,15,6,18,23,-6,-7,0,9,sil
18.13947105407715,-3,-3,3,16,6,22,21,11,16,26,-5,-5,7,14,sil
18.15461230278015,21,8,10,21,10,25,29,18,35,51,17,12,28,27,sil
18.15461230278015,16,-7,-3,0,9,11,11,14,41,28,4,4,21,19,sil
18.17033100128174,-6,-27,-27,-29,-6,-6,-12,0,22,-10,-13,-8,8,7,sil
18.17033100128174,-1,-10,-15,-32,-14,-22,-20,-8,5,-4,5,5,11,0,sil
18.18556046485901,10,11,7,-15,-13,-31,-25,-10,-18,-6,16,12,0,-12,sil
18.18556046485901,10,12,14,-2,-9,-23,-25,-12,-39,-30,5,4,-13,-15,sil
18.20069193840027,2,8,15,4,1,-7,-9,-8,-26,-17,6,4,-6,-7,sil
18.20069193840027,-10,6,5,16,15,12,12,-1,-6,6,2,-2,-3,-11,sil
18.216715097427368,-20,-1,0,19,15,24,24,3,-4,1,-14,-15,-16,-10,sil
18.216715097427368,-12,-12,-2,4,0,6,26,13,4,1,-17,-11,-11,8,sil
18.23265266418457,-5,-21,-14,-15,-18,-20,16,12,23,12,-5,-3,3,17,sil
18.23265266418457,-8,-20,-22,-29,-18,-26,-2,4,21,-2,-2,0,0,0,sil
18.24783229827881,0,0,-10,-21,-6,-13,-16,-1,-3,-25,-5,-2,-4,-14,sil
18.24783229827881,0,19,2,-1,6,1,-16,-9,-22,-19,1,-9,0,-13,sil
18.263469457626343,-2,14,6,10,1,8,-11,-8,-18,-3,7,-9,-1,-14,sil
18.263469457626343,4,8,7,18,-5,12,-3,-3,-11,-3,0,-2,-17,-11,sil
18.27874255180359,7,9,9,27,7,21,14,2,-1,0,-6,1,-13,6,sil
18.27874255180359,3,-2,3,18,15,24,31,15,17,22,-4,3,8,25,sil
18.294299602508545,5,-18,-5,-6,1,18,26,16,24,36,-7,6,20,29,sil
18.294299602508545,2,-14,-13,-13,-3,16,17,6,21,23,-12,0,15,20,sil
18.309855222702023,0,-4,-9,-5,0,8,10,5,20,8,-1,4,12,7,sil
18.309855222702023,5,-8,-1,-7,-6,-11,-5,0,8,6,13,20,13,1,sil
18.32556128501892,7,-9,-8,-17,-13,-20,-18,-11,-1,-2,9,19,9,-1,sil
18.32556128501892,7,7,0,-11,-2,-15,-14,-6,-4,-20,3,12,3,-6,sil
18.340861558914185,9,22,15,4,6,-18,-8,0,-6,-21,11,15,4,-5,sil
18.340861558914185,-2,12,4,2,-3,-23,-20,-12,-10,-17,16,3,2,-9,sil
18.356862783432007,-16,5,-1,-9,-9,-14,-36,-18,-17,-20,12,-12,-11,-26,sil
18.356862783432007,-3,21,14,7,6,-4,-28,-11,-17,-14,9,-8,-23,-27,sil
18.372209548950195,6,25,28,26,19,-2,-13,-9,-14,-11,0,-2,-20,-11,sil
18.372209548950195,0,7,13,15,7,-1,-6,-10,-16,-11,-15,-15,-14,-2,sil
18.38875913619995,-3,0,-6,8,-3,2,1,-6,-20,0,-16,-22,-14,-3,sil
18.38875913619995,2,1,7,11,0,10,8,6,-12,11,-3,-5,-7,4,sil
18.4035804271698,1,-2,15,11,5,18,15,20,10,19,5,2,4,17,sil
18.4035804271698,-5,-17,-12,0,0,12,22,21,21,28,-3,-10,5,16,sil
18.41934323310852,-15,-27,-26,-12,-6,5,19,12,11,18,-20,-20,-2,0,sil
18.41934323310852,-22,-24,-22,-14,-3,7,11,3,4,2,-19,-13,-1,-2,sil
18.43506860733032,-13,-22,-15,-17,0,9,10,3,3,0,-4,0,2,9,sil
18.43506860733032,3,-18,-2,-11,-3,9,17,8,9,12,10,3,9,18,sil
18.451802492141724,5,-5,1,0,-1,6,20,5,19,18,15,2,19,10,sil
18.451802492141724,0,0,-9,-5,0,-9,0,0,8,5,3,5,17,0,sil
18.466456651687626,12,0,-6,-19,-8,-23,-22,-2,-6,-12,-1,17,11,1,sil
18.466456651687626,25,7,7,-13,-7,-16,-17,-4,2,-13,14,31,20,11,sil
18.481736660003666,19,15,0,1,8,-3,-2,-6,15,-1,24,30,26,5,sil
18.481736660003666,6,9,-3,3,17,7,0,-4,5,0,11,12,5,-10,sil
18.497849225997925,-4,6,5,-8,7,8,-4,-6,-6,-15,-2,-5,-21,-18,sil
18.497849225997925,-6,10,8,-6,-4,-6,-10,-8,-13,-24,-3,-6,-24,-13,sil
18.51349830627441,2,12,13,13,-5,-14,-5,-5,-18,-16,1,2,-9,-7,sil
18.528747081756592,0,10,11,22,-1,-3,2,-5,-14,-2,-2,-6,-13,-9,sil
18.528747081756592,-17,3,2,7,-4,6,0,-10,-14,-4,-15,-22,-32,-17,sil
18.528747081756592,-19,-2,-1,7,-1,13,2,-6,-15,-1,-12,-16,-22,-17,sil
18.54403710365296,-4,0,-2,22,5,21,11,2,-3,18,-5,-4,1,0,sil
18.54403710365296,0,10,4,19,5,22,14,14,6,20,-15,-5,-1,18,sil
18.55966210365296,-3,-3,-2,9,1,18,21,13,17,12,-32,-19,-7,14,sil
18.57489228248596,0,-26,-20,-4,-7,0,10,5,19,4,-32,-14,3,11,sil
18.57489228248596,11,-6,10,-15,-9,-18,-13,19,7,-6,-6,24,14,27,sil
18.590258359909058,14,18,25,5,3,-13,-8,19,15,0,21,34,24,24,sil
18.590258359909058,5,-3,-17,5,3,-20,-12,-8,20,0,19,2,23,-3,sil
18.60562539100647,0,-19,-29,-27,-8,-35,-33,-12,0,-13,9,0,11,-18,sil
18.60562539100647,4,6,0,-23,-3,-17,-20,-3,-5,-11,22,13,7,-15,sil
18.62073230743408,8,20,16,0,0,2,-6,-7,0,-6,25,5,4,-8,sil
18.62073230743408,14,14,18,0,0,0,-13,-7,-2,-7,19,7,0,4,sil
18.636744260787964,9,14,17,13,12,4,-4,-7,-8,2,20,10,0,6,sil
18.636744260787964,-5,8,12,25,18,18,6,-11,-18,3,9,-7,-8,-6,sil
18.65236759185791,-15,-4,4,14,2,15,6,-5,-20,10,-5,-13,-12,-3,sil
18.65236759185791,-15,-14,-2,4,0,6,19,5,-1,30,-2,0,2,14,sil
18.667722463607788,-5,-18,-5,0,1,2,27,15,13,24,0,0,14,24,sil
18.667722463607788,3,-10,-12,-13,-5,-4,14,7,9,2,3,0,12,9,sil
18.683334827423096,0,-5,-31,-24,-12,-16,-1,-15,-4,-12,6,-7,-3,-21,sil
18.683334827423096,-15,-8,-24,-24,-9,-15,-12,-20,-25,-31,-8,-20,-27,-40,sil
18.699633836746216,-22,-6,1,-10,0,2,-4,-7,-29,-29,-26,-20,-32,-32,sil
18.699633836746216,-13,-6,-4,2,0,17,14,0,-10,-3,-30,-20,-24,-13,sil
18.71573805809021,-1,-17,-14,-5,-12,4,10,9,8,5,-31,-16,-14,6,sil
18.71573805809021,9,-14,-4,-14,-10,-4,0,22,30,13,-12,9,12,25,sil
18.73133444786072,21,4,0,-7,2,5,0,15,34,22,14,29,34,28,sil
18.73133444786072,12,15,1,-4,4,8,-11,-5,2,0,6,17,10,2,sil
18.74646615982056,-7,12,2,-1,0,1,-22,-11,-18,-21,-14,-1,-20,-21,sil
18.74646615982056,-6,8,8,10,6,23,-2,1,-8,-4,-6,0,-17,-10,sil
18.76163601875305,0,4,18,22,17,40,25,11,0,19,1,2,-2,11,sil
18.76163601875305,-7,-7,8,11,13,15,26,10,5,14,-13,-13,0,10,sil
18.777878522872925,-4,-15,0,-8,0,-12,11,9,9,-4,-21,-23,0,2,sil
18.777878522872925,7,-5,2,-4,-8,-14,4,7,16,0,-5,-6,10,11,sil
18.793497323989868,5,3,4,5,-4,-10,1,7,26,14,20,10,27,20,sil
18.793497323989868,10,2,4,-1,1,-10,-3,14,30,16,40,21,36,16,sil
18.808797121047974,18,9,3,-5,1,-16,-17,3,11,5,29,27,26,12,sil
18.808797121047974,6,15,0,0,-5,-22,-40,-24,-14,-14,10,21,8,-1,sil
18.824503183364868,0,12,-3,5,-8,-20,-36,-28,-17,-25,17,8,4,-19,sil
18.824503183364868,10,17,8,10,0,-13,-10,-11,-11,-20,30,17,8,-13,sil
18.83969736099243,18,29,20,20,8,-10,0,-10,-15,-12,29,26,0,-3,sil
18.83969736099243,11,26,15,26,9,-9,0,-15,-16,-13,13,6,-11,-6,sil
18.855297803878784,-2,11,5,22,4,-6,-3,-10,-22,-19,-7,-12,-16,-12,sil
18.855297803878784,-10,2,0,23,0,1,0,-8,-27,-13,-14,-13,-17,-9,sil
18.87042236328125,0,10,11,28,4,14,11,-2,-14,4,-1,-3,-14,0,sil
18.87042236328125,9,14,22,24,8,18,19,4,-1,21,-1,3,-11,2,sil
18.885515689849854,-1,-7,2,11,-5,10,15,2,-3,21,-17,-3,-13,2,sil
18.885515689849854,-15,-32,-15,-7,-16,9,14,3,-4,13,-23,-11,-13,7,sil
18.90064573287964,-20,-35,-19,-18,-10,20,23,6,8,13,-21,-18,-12,3,sil
18.90064573287964,-19,-30,-23,-22,-8,10,16,2,8,2,-29,-28,-20,-8,sil
18.91666841506958,-19,-33,-22,-38,-14,-5,0,1,-6,-12,-35,-28,-24,-9,sil
18.91666841506958,-22,-35,-34,-38,-10,0,0,0,0,0,-27,-30,-9,-8,sil
18.932355165481567,-17,-28,-36,-34,1,9,1,7,18,13,-21,-30,0,0,sil
18.932355165481567,-12,-29,-27,-63,3,5,-6,22,22,7,-20,-20,6,10,sil
18.947880029678345,-20,-37,-46,-83,0,0,-12,12,25,7,-5,-26,18,-2,sil
18.947880029678345,-6,-19,-28,-53,1,-7,-14,9,28,14,16,-12,28,0,sil
18.96391558647156,26,20,20,-4,8,-3,-7,29,27,19,29,30,38,23,sil
18.96391558647156,20,30,16,19,16,0,-3,15,11,7,30,36,38,11,sil
18.979629039764404,4,15,5,11,8,-13,-15,0,-10,-20,24,23,16,-10,sil
18.979629039764404,17,23,34,12,-2,-7,-13,12,-15,-22,17,32,0,0,sil
18.995173454284668,22,43,43,48,4,9,2,-7,-13,-15,13,31,-4,-2,sil
18.995173454284668,19,51,36,74,17,-1,0,-40,-15,-20,11,20,-6,-10,sil
19.01037859916687,22,43,41,57,10,-16,-6,-28,-14,-11,12,23,-3,-1,sil
19.01037859916687,11,23,30,36,-3,-12,0,-13,-19,-5,12,14,-5,-2,sil
19.025543689727783,2,14,21,32,-2,-11,2,-17,-26,-14,10,4,-7,-4,sil
19.025543689727783,10,19,27,34,2,-1,5,-9,-11,-4,15,13,-1,7,sil
19.040762901306152,5,8,10,29,0,22,19,2,9,14,9,7,-2,13,sil
19.056303024291992,-14,-15,-15,6,-6,31,25,4,12,16,-12,-13,-11,7,sil
19.056303024291992,-25,-27,-23,-12,-8,15,22,4,8,19,-30,-26,-19,2,sil
19.07190251350403,-21,-26,-27,-18,-13,0,18,6,12,25,-31,-26,-23,4,sil
19.07190251350403,-3,-31,-30,-26,-15,-9,3,6,16,17,-18,-10,-4,8,sil
19.07190251350403,6,-29,-29,-32,-11,-17,-11,3,12,0,-4,-1,14,7,sil
19.08935523033142,0,-11,-15,-29,-5,-14,-16,-1,-4,-18,0,-7,3,-4,sil
19.08935523033142,-1,0,-7,-23,-3,-2,-13,-5,-10,-13,3,-5,3,-11,sil
19.10448265075684,12,-3,-5,-17,0,0,-12,0,8,7,11,12,30,4,sil
19.10448265075684,15,-2,9,-14,2,-8,-14,10,13,6,18,23,32,18,sil
19.11860537528992,-2,0,6,-13,-3,-7,-15,1,-3,-10,11,4,7,-1,sil
19.133739948272705,-18,0,-7,-11,2,1,-13,-8,-14,-19,0,-13,-11,-24,sil
19.133739948272705,-11,5,3,1,20,6,-10,-7,-12,-13,-1,-5,-16,-15,sil
19.14934062957764,0,12,11,15,19,6,-5,-5,-14,-9,-8,-6,-19,-10,sil
19.14934062957764,-1,14,4,12,9,8,0,-7,-23,-18,-16,-19,-24,-23,sil
19.164979457855225,-2,16,5,12,9,9,2,-3,-19,-16,0,-11,-13,-16,sil
19.164979457855225,-4,12,7,13,6,3,0,3,-13,-2,10,3,0,1,sil
19.18075966835022,-5,0,2,6,0,3,6,6,-10,0,-14,-2,-8,0,sil
19.18075966835022,-3,-10,-5,0,-1,13,23,5,0,2,-30,-16,-11,-3,sil
19.196350812911987,-6,-15,-9,-8,-9,5,22,9,6,13,-16,-11,0,7,sil
19.196350812911987,-4,-15,-3,-12,-14,-12,10,12,9,20,-4,0,7,20,sil
19.21143651008606,0,-11,0,0,-9,-9,8,7,17,21,-1,1,13,24,sil
19.21143651008606,-9,-15,-12,-1,-10,0,4,5,23,18,0,-4,9,5,sil
19.227531909942627,-8,-23,-25,-10,-9,-2,3,8,27,16,-6,-8,-1,-7,sil
19.227531909942627,2,-19,-12,-12,0,-3,6,8,27,17,-8,0,-4,6,sil
19.243412494659424,5,-9,-4,-8,3,0,5,5,24,18,1,6,5,12,sil
19.243412494659424,10,1,-9,-3,0,-9,0,1,17,8,16,12,18,0,sil
19.259313106536865,23,20,9,4,5,-13,-11,0,5,-12,30,28,19,5,sil
19.259313106536865,26,34,26,16,14,-4,-19,-1,-3,-15,35,31,11,9,sil
19.27436113357544,16,28,20,22,16,-1,-16,-10,-7,-4,30,15,10,-2,sil
19.27436113357544,5,15,12,18,8,-2,-4,-12,-3,0,22,8,14,-5,sil
19.29048442840576,4,10,13,3,-4,2,-5,-7,0,-5,18,10,9,2,sil
19.29048442840576,5,13,15,-4,-10,8,-11,-10,-14,-19,8,7,-4,-1,sil
19.30564260482788,2,19,13,11,-3,11,-6,-9,-26,-19,-2,2,-10,-8,sil
19.30564260482788,-1,10,7,8,-4,9,-1,-5,-19,-7,-9,0,-8,-6,sil
19.32126927375793,-5,-9,3,-27,-21,1,0,-8,-17,-19,-23,-4,-10,-6,sil
19.32126927375793,-9,-6,2,-15,-17,-1,3,-10,-22,-29,-29,-7,-14,-6,sil
19.337937355041504,-9,9,4,31,6,2,9,-8,-16,-6,-9,-10,-8,-1,sil
19.337937355041504,-5,1,3,25,8,7,17,-5,0,21,0,-10,0,3,sil
19.353527307510376,-8,-14,-9,-6,2,9,21,2,9,25,-16,-12,-1,3,sil
19.353527307510376,-11,-20,-21,-9,11,8,16,10,5,10,-28,-19,-16,-3,sil
19.368677139282227,-11,-26,-25,-6,11,1,14,11,2,0,-20,-21,-21,-9,sil
19.368677139282227,-16,-27,-23,-13,0,-2,12,11,10,7,-7,-15,-11,-4,sil
19.384588718414307,-13,-17,-22,-13,-5,0,3,13,24,16,-3,-10,-3,1,sil
19.384588718414307,0,-11,-11,-10,-2,-2,-5,11,21,14,-3,-1,6,1,sil
19.39975094795227,6,-7,-2,-8,0,-10,-18,4,2,3,5,8,19,2,sil
19.39975094795227,0,-1,-8,-11,0,-16,-36,-3,-11,-20,13,9,13,2,sil
19.415446043014526,8,8,2,-9,-4,-24,-38,-7,-17,-31,13,16,7,3,sil
19.415446043014526,27,25,21,8,-3,-25,-27,-7,-17,-10,22,28,18,7,sil
19.430610179901123,19,28,15,10,1,-14,-23,-11,-25,-11,26,16,4,-4,please
19.430610179901123,-2,15,7,5,15,0,-10,-9,-27,-19,10,-5,-18,-18,please
19.44625902175904,2,15,24,26,21,14,16,3,-6,14,4,0,-5,-1,please
19.44625902175904,5,11,23,27,6,23,29,12,9,33,5,3,4,9,please
19.461713790893555,-18,-16,-12,-3,-5,19,28,8,10,6,-11,-22,-13,-4,please
19.461713790893555,-27,-28,-23,-17,-9,7,25,8,17,2,-20,-25,-14,-5,please
19.47755146026612,-11,-16,-2,-5,-10,6,25,10,34,30,-5,-1,6,8,please
19.47755146026612,1,-7,-3,3,-3,8,15,6,38,23,-3,0,5,13,please
19.49262237548828,5,0,-1,-2,0,-1,-4,0,16,-7,-10,6,0,6,please
19.49262237548828,7,0,0,-9,-8,-13,-10,-10,6,0,0,14,10,2,please
19.50836968421936,11,-3,-7,-14,-6,-5,-3,-6,19,12,11,9,12,9,please
19.50836968421936,17,9,9,-17,1,7,-6,12,18,-10,9,19,6,10,please
19.52338600158692,14,17,2,-3,1,0,-2,1,2,-25,8,15,12,-7,please
19.52338600158692,1,5,-17,4,0,-16,-2,-21,-14,-23,-1,-14,3,-16,please
19.538668870925903,1,12,10,0,2,-8,-11,-5,-22,-13,-7,-7,-8,-4,please
19.538668870925903,2,26,29,13,2,10,-5,1,-17,4,7,15,4,-2,please
19.55368423461914,-5,14,8,19,2,9,0,-15,-16,4,7,1,5,-3,please
19.569339513778687,-3,1,5,10,3,6,4,-4,-11,6,-3,-13,-3,8,please
19.569339513778687,0,8,4,22,9,15,22,7,0,16,-1,-7,0,10,please
19.584386587142944,-9,0,-5,26,2,15,15,-7,-15,-3,-14,-11,-12,-3,please
19.584386587142944,-22,-29,-9,-7,-10,9,-2,-9,-34,-3,-29,-25,-28,-11,please
19.59954142570496,-26,-40,-23,-25,-4,0,4,7,-12,28,-13,-27,-11,-9,please
19.59954142570496,-7,-21,-21,-11,-1,-15,4,15,8,4,-2,-4,4,1,please
19.614867210388184,8,-11,3,-13,-13,-18,-14,6,0,-31,-1,19,0,10,please
19.614867210388184,2,-20,-5,-24,-14,-13,-20,-3,-5,0,5,12,0,4,please
19.630724668502808,0,-14,-18,-21,-8,-16,-17,4,5,21,5,4,4,3,please
19.630724668502808,13,11,4,-4,0,-14,-12,19,19,-3,15,26,13,12,please
19.64626455307007,23,25,19,20,16,-6,-7,9,16,-16,35,31,15,10,please
19.64626455307007,20,20,17,18,25,0,-7,-8,-2,-13,24,6,-1,-3,please
19.663822412490845,6,4,1,-2,13,5,-3,-12,0,-11,2,-8,-9,-17,please
19.663822412490845,-7,-4,-10,-7,-1,2,-2,-10,5,-14,-1,0,-2,-19,please
19.663822412490845,-2,3,8,-1,-2,-1,-6,-7,-9,-19,-8,2,-5,-15,please
19.67833971977234,5,12,14,6,0,-3,0,-5,-1,-3,-7,-9,-4,-10,please
19.6943633556366,-4,8,7,9,1,-1,1,-4,7,6,0,-12,0,-3,please
19.6943633556366,-17,4,8,5,0,7,1,-3,-16,0,-9,-7,-6,-5,please
19.710397005081177,-16,0,-3,4,-1,7,9,-4,-22,2,-21,-13,-9,-8,please
19.710397005081177,-10,0,4,5,-4,1,9,4,-3,4,-17,-10,-11,6,please
19.72566556930542,-2,11,17,15,3,13,18,10,7,4,-5,-1,-8,13,please
19.72566556930542,-8,0,-18,14,8,24,28,-6,12,15,-5,-12,0,0,please
19.74268484115601,-14,-23,-35,-18,-10,8,7,0,10,17,-11,-13,0,0,please
19.74268484115601,0,-16,-10,-29,-18,-2,-2,22,24,19,0,-1,9,17,please
19.74268484115601,11,0,-5,0,0,3,14,10,39,22,9,0,18,15,please
19.7573983669281,7,-2,-8,3,0,8,14,7,25,19,2,3,14,8,please
19.772732257843018,6,-4,-1,-8,-8,-1,0,18,5,24,8,16,21,15,please
19.772732257843018,17,0,-5,0,2,-16,-3,0,12,24,22,20,31,19,please
19.788474082946777,23,0,0,0,5,-16,-7,-9,9,-11,18,21,12,12,please
19.788474082946777,7,6,22,-9,-4,-5,-16,-3,-20,-42,9,18,-6,-8,please
19.804090976715088,-5,8,10,0,-1,-6,-12,-20,-38,-26,6,-3,-13,-29,please
19.804090976715088,0,5,4,14,4,-4,-2,-17,-30,-17,-1,-12,-23,-17,please
19.81973886489868,0,4,15,18,7,18,5,5,-12,-16,-5,-4,-20,1,please
19.81973886489868,-8,-4,-12,13,5,17,13,2,6,13,-2,-8,0,0,please
19.835312128067017,0,-7,-14,-7,0,-12,-2,5,10,22,0,3,12,8,please
19.835312128067017,12,4,14,-16,0,-15,-22,19,-3,-2,6,26,9,13,please
19.85132384300232,2,4,0,-5,1,-5,-24,-7,-15,-17,4,10,1,-10,please
19.85132384300232,-6,-1,-6,-7,-6,-14,-29,-31,-25,-31,-1,-11,-8,-24,please
19.867857456207275,0,11,25,0,-5,-11,-18,-12,-29,-33,3,-7,-7,-6,please
19.867857456207275,4,17,23,19,5,9,9,1,-21,-8,0,-6,-7,-2,please
19.883606672286987,-8,-5,-7,10,2,15,17,-2,-6,0,-23,-18,-20,-17,please
19.883606672286987,-25,-24,-17,-11,-7,8,8,-1,7,0,-28,-22,-23,-9,please
21.493337392807007,-7,-16,-2,-14,-15,9,10,-6,-20,9,-28,-16,-16,7,please
21.493337392807007,-23,-24,-14,-26,-32,-1,0,-18,-33,-8,-35,-29,-12,-6,please
21.508469343185425,-14,-22,-15,-14,-15,-7,1,-7,-17,-6,-29,-24,-1,-6,please
21.508469343185425,8,-4,2,0,9,14,16,33,26,24,-1,9,17,22,please
21.523547649383545,7,2,-2,-2,13,23,26,42,57,41,19,15,27,32,please
21.523547649383545,0,-5,-19,-24,-4,-8,5,18,35,20,5,2,14,11,please
21.539676904678345,6,-8,-13,-29,-10,-25,-14,3,5,0,-1,5,11,0,please
21.55569696426392,13,0,0,-10,4,-9,-20,-6,0,-7,18,17,20,0,please
21.55569696426392,15,5,7,-1,4,-3,-20,-11,-2,-4,24,24,19,2,please
21.55569696426392,10,6,4,-2,-5,-9,-11,-7,-3,-7,15,21,17,3,please
21.571758031845093,0,5,-2,-5,2,-8,-8,-2,-1,-16,8,10,8,-5,please
21.571758031845093,-3,6,-3,-8,9,-6,-22,-5,-12,-20,0,3,-15,-19,please
21.58740544319153,4,13,7,-1,-4,-11,-23,-14,-21,-17,8,14,-15,-22,please
21.58740544319153,16,25,20,13,-8,-16,-5,-14,-11,-3,26,26,8,-5,please
21.602481842041016,15,29,24,17,8,-4,3,-5,-8,1,31,24,10,6,please
21.602481842041016,7,21,18,19,13,7,-2,-5,-15,-14,20,10,-7,-3,please
21.61870288848877,0,10,9,27,-1,3,-1,-7,-14,-21,0,-1,-13,-9,please
21.61870288848877,-9,-3,3,15,-9,3,5,0,-11,-6,-20,-20,-18,-9,please
21.63472509384156,-19,-20,-7,-3,-6,1,1,2,-18,1,-36,-42,-29,-11,please
21.63472509384156,-12,-19,-10,-3,-3,-2,0,0,-13,3,-34,-36,-23,-1,please
21.650401830673218,-5,-10,-5,8,3,19,22,0,9,2,-17,-16,-1,9,please
21.650401830673218,-11,-19,-14,5,13,42,39,9,27,9,-17,-28,-3,7,please
21.665964365005493,-17,-30,-20,-11,10,20,28,12,20,28,-25,-39,-16,2,please
21.665964365005493,-10,-21,-12,-12,-5,2,19,3,14,29,-11,-18,-2,7,please
21.68153381347656,-2,-7,-3,0,-9,9,10,0,10,4,-3,-4,4,9,please
21.68153381347656,-3,-8,-5,-5,0,6,-3,0,1,0,-18,-17,-9,-4,please
21.69762372970581,-11,-14,-21,-16,5,-1,-10,0,6,13,-22,-20,-10,-16,please
21.69762372970581,-10,-7,-13,-14,2,-4,-12,3,9,3,-5,6,5,-8,please
21.713510513305664,6,2,-1,-4,-2,-18,-9,4,7,-14,10,19,19,2,please
21.713510513305664,18,0,-5,-4,-14,-36,-11,3,10,-15,14,14,19,8,please
21.72829985618592,15,0,15,-3,-20,-30,-24,16,7,-5,18,36,13,20,please
21.74346423149109,13,15,22,8,-9,-20,-13,12,5,9,40,53,28,23,please
21.74346423149109,18,25,2,11,4,-23,-1,-9,0,-1,48,37,40,12,please
21.75877833366394,16,27,13,5,4,-9,-14,-6,-17,-27,27,32,14,2,please
21.75877833366394,3,24,18,9,0,11,-9,0,-18,-9,20,27,-3,-6,please
21.773906707763672,-6,17,4,2,3,4,3,-7,-3,14,25,9,3,-12,please
21.773906707763672,3,18,11,-2,6,-1,-2,-2,1,9,14,3,2,-6,please
21.78962182998657,6,14,11,6,8,4,-8,-5,-6,-3,0,4,-8,-6,please
21.78962182998657,-5,0,0,8,9,6,-9,-12,-18,-15,-7,-6,-15,-12,please
21.80567407608032,-17,-6,-2,-2,10,9,-6,-11,-22,-17,-17,-25,-24,-17,please
21.80567407608032,-25,-14,-12,-16,2,16,1,-15,-25,-10,-29,-40,-31,-25,please
21.821303129196167,-24,-25,-19,-15,-7,13,11,-14,-21,-9,-35,-39,-20,-19,please
21.821303129196167,-4,-9,-3,4,0,16,15,-1,-10,0,-26,-24,-7,-2,please
21.83738112449646,6,5,6,13,9,22,14,3,-3,17,-15,-15,-9,5,please
21.83738112449646,0,-6,1,2,0,19,19,7,12,15,-15,-16,-7,11,please
21.85267281532288,3,-15,1,0,-7,14,28,18,34,11,-7,-9,4,22,please
21.85267281532288,21,-6,2,1,0,9,21,24,31,23,0,8,10,32,please
21.870322465896606,12,-2,-6,-3,-5,0,9,15,19,22,-10,9,10,24,please
21.870322465896606,-5,-12,-19,-6,-20,-3,10,3,23,10,-19,-5,9,5,please
21.883344411849976,4,-12,-7,-9,-14,-6,7,12,23,7,-3,4,10,12,please
21.883344411849976,16,0,13,-12,0,-13,0,23,20,10,21,23,22,22,please
21.89938402175904,6,6,-1,0,3,-22,-8,0,18,2,20,10,19,-3,sil
21.89938402175904,0,5,-6,5,3,-26,-24,-18,-11,-27,9,8,-1,-25,sil
21.914533138275143,7,14,8,0,12,-21,-31,-15,-32,-35,22,22,0,-19,sil
21.914533138275143,3,15,-3,1,13,-21,-25,-17,-19,-15,22,8,4,-22,sil
21.930599451065063,-9,9,4,5,5,-20,-27,-19,-27,-19,0,-4,-21,-24,sil
21.930599451065063,-6,14,20,22,10,-3,-10,-14,-28,-16,9,0,-21,-8,sil
21.94563102722168,0,0,1,22,13,10,6,-3,0,14,20,-3,2,1,sil
21.94563102722168,-13,-22,2,-4,-5,12,-8,13,0,11,-7,-1,-8,5,sil
21.960717916488647,-18,-7,13,1,-10,13,-5,9,-5,3,-8,5,-8,12,sil
21.960717916488647,-3,9,-3,19,0,12,19,-2,12,23,11,4,12,7,sil
21.976325511932373,-2,-6,-10,-7,-10,7,14,6,11,15,-10,-7,2,0,sil
21.976325511932373,-9,-15,-9,-24,-16,12,11,9,7,-3,-26,-13,-2,0,sil
21.991623163223267,2,-7,-14,-13,4,19,26,3,33,11,-1,-2,17,2,sil
21.991623163223267,12,-3,-2,-20,0,7,10,11,33,7,5,10,16,9,sil
22.007439136505127,5,6,1,-16,-14,-12,-18,0,-5,-26,1,4,5,2,sil
22.007439136505127,-2,9,-17,1,0,-20,-15,-24,-31,-23,5,-10,0,-17,sil
22.0227689743042,-13,0,-7,0,10,-7,-1,-24,-38,-5,-6,-15,-20,-22,sil
22.0227689743042,-12,1,18,12,3,14,5,-9,-30,-6,-18,-10,-26,-5,sil
22.03842782974243,3,1,4,26,0,15,14,3,0,1,-10,-9,-8,8,sil
22.03842782974243,4,-12,-12,-6,-8,-3,8,13,16,7,-15,-12,-10,10,sil
22.05346775054932,0,-16,-12,-27,-8,-15,0,13,17,2,-16,-5,-7,7,sil
22.05346775054932,11,-2,-8,-5,1,-11,-6,14,13,3,8,12,19,8,sil
22.069372177124023,19,11,9,3,0,-10,-15,3,-5,-1,26,21,24,6,sil
22.069372177124023,16,18,15,3,-1,-10,-15,-16,-32,-12,21,11,7,-1,sil
22.08502578735352,6,22,19,16,9,2,-7,-7,-38,-13,14,4,-3,-4,sil
22.08502578735352,0,23,32,32,20,23,8,7,-8,6,4,-2,-6,-3,sil
22.10114860534668,0,6,10,28,13,22,26,0,32,30,-9,-16,-3,0,sil
22.10114860534668,-4,-14,-3,-6,-5,1,11,5,36,19,-19,-5,-1,10,sil
22.1167540550232,-9,-11,1,-21,-14,1,-2,18,27,6,-18,7,-5,7,sil
22.1167540550232,-1,-3,-8,-2,-3,10,3,0,25,17,-14,-1,-6,-4,sil
22.132292985916138,0,-16,-17,-8,-2,-1,0,-6,5,3,-9,0,0,0,sil
22.132292985916138,-3,-21,-17,-30,-7,-13,-11,0,-13,-18,2,16,8,2,sil
22.14744687080384,-4,-8,-16,-23,-1,-9,-8,-9,-10,-12,16,15,12,-8,sil
22.14744687080384,-4,0,-5,-6,2,-10,-7,-8,-3,-9,17,11,8,-12,sil
22.1639883518219,0,0,5,-4,-2,-7,-9,4,0,-14,18,11,10,-4,sil
22.1639883518219,5,7,8,0,-2,0,-4,1,0,-1,27,8,13,2,sil
22.179924488067627,6,23,24,20,7,0,-3,-3,-9,-1,21,10,4,7,sil
22.179924488067627,0,26,32,32,18,0,-4,-3,-18,-17,0,2,-7,0,sil
22.19509720802307,-9,-2,-5,20,11,1,5,-15,-13,-3,-15,-27,-16,-11,sil
22.19509720802307,-15,-25,-25,0,0,1,9,-8,-8,16,-18,-36,-16,-1,sil
22.211079359054565,-5,-3,2,7,16,8,11,14,2,13,-13,-12,-5,11,sil
22.211079359054565,0,4,-1,18,20,17,21,6,21,8,-6,-7,2,8,sil
22.226848125457764,-9,-16,-25,-9,-12,8,11,-3,16,4,-12,-13,-2,0,sil
22.226848125457764,-10,-15,-16,-34,-31,-9,-9,14,4,0,-9,-3,-2,2,sil
22.24251914024353,3,2,-4,-17,-16,-19,-8,16,13,4,9,11,10,6,sil
22.24251914024353,22,14,6,0,0,-10,0,0,15,7,19,26,22,5,sil
22.25882387161255,33,30,27,16,7,1,-1,-1,0,7,22,32,20,5,sil
22.25882387161255,20,28,26,23,0,2,-4,-6,-20,-1,11,9,0,-3,sil
22.27438426017761,-7,-3,-1,9,-9,3,-1,-13,-25,-17,-23,-24,-27,-14,sil
22.27438426017761,-21,-24,-18,-10,-3,14,5,-2,-6,-4,-34,-31,-30,-8,sil
22.290080785751343,-18,-28,-23,-24,-2,7,3,5,8,15,-12,-17,-12,-5,sil
22.290080785751343,-13,-27,-25,-30,-21,-22,-9,-2,0,-2,-12,-13,0,-10,sil
22.305779695510864,1,-7,-4,-18,-16,-24,-14,-7,-9,-29,-6,0,6,-5,sil
22.305779695510864,23,15,16,5,8,2,-1,3,-4,-12,32,29,15,5,sil
22.32146072387696,20,20,16,14,7,5,2,0,-4,4,33,27,12,2,sil
22.32146072387696,-7,12,13,10,-7,-2,-10,-14,-21,-9,-8,-2,-12,-13,sil
22.33755850791931,-17,0,4,11,1,13,-5,-9,-23,-14,-19,-16,-26,-14,sil
22.33755850791931,-7,-6,-1,6,22,23,12,8,-1,9,-2,-3,-9,3,sil
22.3533263206482,-3,-7,-2,-2,16,8,12,12,16,24,-4,1,8,17,sil
22.3533263206482,-5,-12,-11,-9,-4,-7,-4,6,18,5,-13,0,10,15,sil
22.36830258369445,0,-9,-9,-12,-4,-14,-12,6,19,-12,-2,9,12,9,sil
22.36830258369445,18,10,7,-3,8,-8,-2,10,26,1,20,22,25,14,sil
22.383463144302368,24,18,13,3,12,5,6,2,20,10,29,21,25,12,sil
22.383463144302368,6,9,6,4,5,2,3,-11,-1,-4,15,6,2,-2,sil
22.39899015426636,-5,7,6,9,1,-9,1,-9,-16,-10,3,-8,-12,-10,sil
22.39899015426636,-5,12,13,17,7,0,6,3,-12,-3,0,-11,-13,-4,sil
22.4147527217865,-8,12,10,23,13,24,14,4,3,11,-3,-14,-14,-1,sil
22.4147527217865,-11,3,-3,14,8,27,23,1,14,23,-7,-22,-14,-4,sil
22.43029284477234,-10,-11,-16,-12,-3,14,23,4,12,19,-18,-24,-14,-3,sil
22.43029284477234,-13,-14,-20,-19,-12,2,14,0,8,15,-29,-18,-13,0,sil
22.44586157798767,-7,-9,-12,-2,-14,-7,6,0,10,18,-12,-3,3,5,sil
22.44586157798767,6,-14,-8,-4,-17,-20,-5,4,7,6,8,14,21,13,sil
22.46127343177796,8,-16,-8,-22,-21,-29,-31,-1,-14,-11,3,22,15,7,sil
22.46127343177796,5,-10,-9,-20,-18,-26,-41,-16,-24,-15,2,11,8,-9,sil
22.47743821144104,12,-5,-3,-11,-7,-13,-26,-8,-6,-16,20,8,14,-11,sil
22.47743821144104,10,0,9,-9,0,-14,-25,0,-4,-26,23,20,12,-9,sil
22.492791891098022,2,6,9,0,0,-23,-37,-11,-18,-24,11,14,5,-12,sil
22.50872254371643,4,17,13,14,7,-5,-28,-8,-21,-16,7,5,2,-8,sil
22.50872254371643,6,27,27,22,19,19,3,1,-17,-5,7,6,-3,0,sil
22.523351907730103,0,14,15,24,13,16,19,-4,-18,-2,-5,-5,-15,-1,sil
22.523351907730103,-8,0,11,18,1,14,12,-3,-13,-13,-19,-19,-25,-7,sil
22.54053044319153,-12,4,8,17,8,27,29,10,5,0,-15,-18,-19,-5,sil
22.54053044319153,-10,-3,-5,7,10,26,49,14,10,25,-12,-15,-8,6,sil
22.54053044319153,-8,-21,-6,-16,-4,18,36,11,0,11,-17,-15,-10,10,sil
22.55508852005005,-9,-21,-21,-12,-7,14,26,0,19,3,-13,-18,-7,1,sil
22.57080864906311,0,-11,-30,0,1,2,18,0,37,21,-7,-8,-1,7,sil
22.57080864906311,10,-3,-1,-8,0,-5,-1,18,23,22,-6,8,3,24,sil
22.58633756637573,12,0,6,-10,-8,-6,-12,21,17,10,5,18,16,24,sil
22.58633756637573,19,3,-2,1,-8,-11,-12,0,22,6,26,26,27,17,sil
22.60161256790161,24,9,0,0,-4,-19,-17,-5,6,1,29,25,24,6,sil
22.60161256790161,7,10,0,-14,0,-20,-21,-5,-17,-16,16,5,9,-10,sil
22.61828851699829,-2,8,0,-10,1,-11,-22,-14,-21,-23,14,2,-3,-17,sil
22.61828851699829,2,13,8,5,2,-9,-23,-16,-15,-5,21,12,-1,-14,sil
22.61828851699829,0,15,14,12,5,-10,-13,0,-14,6,17,8,8,-13,sil
22.633441925048828,-6,9,11,15,14,9,11,4,-2,0,4,-4,5,-8,sil
22.64964771270752,-19,-4,-2,4,12,25,18,-13,2,-7,-18,-22,-16,-12,sil
22.64964771270752,-28,-19,-18,-11,-1,11,9,-14,0,0,-41,-36,-26,-18,sil
22.66529107093811,-18,-8,-15,-3,1,6,13,12,10,9,-36,-30,-10,-2,sil
22.66529107093811,-12,1,-9,3,15,20,22,17,17,4,-27,-17,-5,6,sil
22.680906295776367,-17,-14,-14,-7,0,13,14,0,6,7,-30,-11,-15,3,sil
22.680906295776367,-7,-19,-9,-18,-19,-9,-4,-2,2,11,-13,0,-9,7,sil
22.697726488113403,4,-6,-5,-22,-17,-23,-17,0,1,-5,0,3,3,2,sil
22.697726488113403,1,-9,-9,-25,-13,-27,-21,-11,-13,-19,-4,0,0,-10,sil
22.697726488113403,8,-11,5,-16,-15,-22,-23,-6,-19,-15,6,14,0,-2,sil
22.71165490150452,26,7,18,0,-8,-8,-21,6,-5,-17,26,28,15,11,sil
22.72771406173706,25,19,18,8,0,-1,-18,0,-7,-17,29,22,22,7,sil
22.72771406173706,10,15,22,13,5,-4,-13,-5,-16,0,25,11,10,0,sil
22.74287867546081,4,13,19,24,10,0,0,3,-9,6,22,3,-2,0,sil
22.74287867546081,0,13,15,24,8,10,11,0,-7,-4,10,0,-13,-1,sil
22.758520126342773,-4,6,10,21,2,14,18,-9,-9,-2,-5,-5,-17,0,sil
22.758520126342773,-6,5,6,27,8,21,22,-1,-5,7,-14,-11,-13,2,sil
22.773584842681885,-3,5,2,34,14,24,24,10,0,18,-6,-6,-4,4,sil
22.773584842681885,5,0,-1,27,7,12,26,13,11,29,8,5,9,14,sil
22.78881025314331,14,0,6,12,2,11,27,17,30,37,24,17,30,29,sil
22.78881025314331,9,-1,2,3,2,20,21,18,41,40,26,20,40,30,sil
22.80430269241333,-4,-22,-16,-11,-3,7,0,5,24,18,7,14,22,6,sil
22.80430269241333,-8,-32,-19,-27,-17,-17,-18,-4,3,-22,-10,3,-3,-15,sil
22.81930160522461,-2,-16,-15,-22,-22,-23,-16,-6,1,-39,-13,-3,-9,-15,sil
22.81930160522461,5,-5,-9,-17,-15,-20,-17,-7,0,-29,-6,5,-3,-10,sil
22.834810495376587,7,-3,-4,-22,-8,-22,-23,-6,-8,-22,0,9,-2,-14,sil
22.834810495376587,2,5,-6,-20,-4,-20,-21,-4,-8,-18,0,-6,-1,-17,sil
22.85076403617859,3,17,-2,-13,4,-7,-10,-4,-3,0,-3,-7,0,-7,sil
22.85076403617859,8,19,2,-8,7,3,0,-7,-4,6,-1,1,-4,0,sil
22.86581993103028,-5,8,-2,-12,2,0,-4,-12,-17,-17,-12,-11,-18,-7,sil
22.86581993103028,-21,-3,-13,-20,5,1,-6,-13,-23,-24,-24,-31,-22,-14,sil
22.881341218948364,-18,0,-14,-17,12,10,1,-5,-8,3,-23,-29,-19,-8,sil
22.881341218948364,-15,1,-9,-11,6,6,1,-1,0,14,-24,-26,-20,-8,sil
22.89764976501465,-18,-3,-15,-2,4,-2,-3,0,0,12,-21,-35,-13,-10,sil
22.89764976501465,-14,3,-9,11,19,3,0,7,0,19,-4,-24,2,-1,sil
22.912733554840088,2,15,12,22,24,13,14,14,10,25,18,3,20,13,sil
22.912733554840088,12,13,22,26,10,14,20,12,16,21,22,16,23,20,sil
22.9279580116272,2,7,12,25,3,9,10,3,5,0,-3,3,0,10,sil
22.9279580116272,-4,-3,5,13,1,0,4,-3,-4,-21,-28,-6,-24,1,sil
22.94368004798889,2,-16,10,-7,-12,-1,4,-3,0,-14,-12,3,-16,7,sil
22.94368004798889,1,-21,3,-4,-24,-2,-1,2,8,8,12,14,1,10,sil
22.95963406562805,-10,-19,-4,8,-19,-8,0,9,5,16,14,9,5,5,sil
22.95963406562805,-7,-11,4,8,-12,-4,12,12,4,13,16,13,7,2,sil
22.975333213806152,3,-4,3,6,-11,2,12,4,11,5,29,20,12,0,sil
22.975333213806152,4,-8,1,2,-9,1,1,0,3,-10,25,28,14,5,sil
22.990625381469727,11,-4,17,5,-3,0,1,3,-8,-9,13,35,21,14,sil
22.990625381469727,26,7,22,16,2,-4,-4,-2,-2,4,10,28,25,4,sil
23.00664329528809,24,12,21,11,1,-9,-19,-5,1,-1,8,15,13,-4,sil
23.00664329528809,10,5,7,0,-4,-6,-18,0,-6,-11,5,6,6,-2,sil
23.022664308547974,5,-1,-12,-9,-4,-6,-19,-11,-16,-9,4,-6,4,-7,sil
23.022664308547974,6,0,-13,-20,3,-4,-21,-17,-19,-15,2,-14,-1,-17,sil
23.03770065307617,2,17,-10,-14,8,4,-8,-3,-19,-22,0,-10,-9,-19,sil
23.03770065307617,-1,27,-11,-9,5,6,-1,-2,-21,-23,-10,-9,-20,-13,sil
23.05341339111328,0,18,-3,-14,2,-1,-6,-10,-15,-19,-16,-11,-27,-8,sil
23.05341339111328,-1,13,11,4,4,-1,1,-1,0,-12,-3,-6,-22,-3,sil
23.06854486465454,-4,8,10,31,12,9,25,11,12,7,1,-8,-11,8,sil
23.06854486465454,-7,-4,-2,16,11,15,32,15,20,36,-11,-18,0,22,sil
23.083868265151978,-13,-16,-14,-8,0,4,13,7,22,35,-17,-24,7,8,sil
23.083868265151978,-19,-23,-31,-11,-6,-3,1,-4,13,6,-14,-22,2,-6,sil
23.09944725036621,-13,-23,-26,-20,-5,-4,2,0,8,-2,-17,-3,0,7,sil
23.09944725036621,1,-16,-2,-21,-1,-7,6,17,30,20,-13,18,14,23,sil
23.114506006240845,8,-10,-2,-5,2,-7,4,15,42,25,0,12,23,18,sil
23.13108921051025,1,-2,-4,-6,0,-5,-15,-2,4,0,8,5,6,2,sil
23.13108921051025,1,6,5,-7,-2,-9,-26,-15,-21,-1,8,8,-3,-12,sil
23.13108921051025,0,8,5,7,5,-4,-12,-12,-9,2,9,-3,-4,-17,sil
23.14674973487854,-8,11,9,15,13,16,3,-2,-10,-14,4,-12,-10,-8,sil
23.14674973487854,-9,15,13,19,5,22,13,-6,-20,-10,-2,-10,-10,-5,sil
23.16179895401001,-11,2,0,17,-2,7,12,-12,-10,8,-13,-17,-6,-10,sil
23.177610635757446,-9,-12,-16,3,-5,0,0,0,1,3,-16,-17,-5,-8,sil
23.177610635757446,-1,-11,-16,-7,-10,-2,-6,10,1,-3,-7,0,0,-1,sil
23.19279670715332,1,-4,1,-8,-2,-6,0,7,0,0,11,17,11,1,sil
23.19279670715332,13,0,8,-1,10,-5,5,6,0,1,34,31,24,5,sil
23.19279670715332,23,7,11,-5,2,-9,-6,9,-4,-9,40,30,18,3,sil
23.20853900909424,13,18,20,-5,-7,-12,-15,0,-19,-15,23,11,1,-6,sil
23.224461793899536,13,29,28,17,2,0,0,-12,-22,-15,11,7,0,-3,sil
23.224461793899536,24,24,30,27,10,13,13,-6,-9,-11,12,18,0,10,sil
23.2395248413086,9,1,12,9,1,12,7,2,0,4,0,6,-6,12,sil
23.2395248413086,-12,-12,-3,-3,-1,8,-1,-3,-5,6,-24,-12,-15,0,sil
23.25558829307556,-20,-20,-7,-12,-6,0,-5,-4,-9,-19,-41,-21,-27,-11,sil
23.25558829307556,-25,-28,-12,-18,-13,-6,-2,5,0,-18,-43,-27,-27,-12,sil
23.27074432373047,-25,-22,-13,-4,-10,2,9,3,6,6,-32,-24,-13,-3,sil
23.27074432373047,-21,-13,-15,-1,-14,3,9,0,7,2,-29,-25,-16,0,sil
23.28675508499145,-21,-21,-28,-26,-23,-6,-6,8,16,-5,-30,-31,-19,-2,sil
23.28675508499145,-8,-20,-30,-24,-17,-7,-10,9,29,16,-10,-13,5,0,sil
23.302801370620728,4,-2,-14,-1,-2,-7,-11,0,18,20,9,7,19,1,sil
23.302801370620728,5,0,-7,-4,3,-16,-15,-2,7,3,16,6,12,1,sil
23.31834888458252,21,7,0,1,10,-9,-1,2,24,19,39,17,27,9,sil
23.318742752075195,41,32,26,23,20,12,19,6,26,37,61,45,45,22,sil
23.333419799804688,32,36,29,23,25,16,25,6,8,18,50,40,34,20,sil
23.333419799804688,12,20,9,15,14,-1,11,0,-2,-8,18,16,8,7,sil
23.34932541847229,8,11,9,11,-1,-9,-14,-15,-19,-15,7,14,-2,-3,sil
23.34932541847229,14,9,8,5,1,-3,-19,-20,-27,-9,20,21,3,-1,sil
23.36475157737732,13,12,10,8,11,-1,-5,-8,-17,-14,15,22,6,7,sil
23.36475157737732,5,14,17,20,6,0,-1,0,-11,-17,-5,11,0,4,sil
23.38072896003723,-5,2,3,9,1,-1,-2,1,-10,-6,-5,-6,-3,-5,please
23.38072896003723,-12,-10,-5,-14,0,-10,-5,-5,-14,-12,0,-9,-10,-7,please
23.39632773399353,-14,-13,-7,-4,0,0,-9,-13,-24,-25,-19,-19,-20,-13,please
23.39632773399353,-20,-14,-15,4,5,18,0,-4,-23,-13,-34,-37,-25,-22,please
23.411757707595825,-20,-5,-3,-9,10,17,16,9,-4,7,-27,-29,-19,-11,please
23.411757707595825,-6,5,6,4,4,13,22,2,9,18,-15,-13,-5,0,please
23.426496028900143,-7,-2,-6,13,2,20,19,0,6,17,-9,-15,-1,-2,please
23.426496028900143,-17,-17,-14,-24,-1,12,20,17,10,17,-11,-17,-6,-3,please
23.441681146621704,-10,-9,-2,-32,-14,0,13,20,20,21,-25,-18,-6,3,please
23.441681146621704,-5,0,-3,1,-15,1,0,10,12,9,-29,-22,-10,1,please
23.45776343345642,-15,-7,-22,-6,-9,-1,-8,10,3,-6,-17,-14,-11,-2,please
23.45776343345642,-11,-18,-19,-35,-10,-16,-13,5,14,6,-1,5,1,0,please
23.47331738471985,3,-18,-6,-22,-15,-16,-13,0,27,19,2,9,9,4,please
23.47331738471985,9,-13,-3,-8,-12,-5,-7,1,26,-6,0,1,8,11,please
23.488853216171265,12,-2,5,-9,-6,-2,-4,-2,9,-21,6,5,15,8,please
23.488853216171265,14,8,6,4,-3,-7,-8,-17,-5,0,28,26,22,0,please
23.50454878807068,8,8,4,4,2,-13,-15,-15,-16,-7,40,40,11,0,please
23.50454878807068,10,3,10,-7,7,-14,-17,-2,-19,-32,24,15,1,-4,please
23.52063679695129,18,2,14,5,3,-14,-17,-1,-12,-11,16,2,6,-6,please
23.52063679695129,18,14,17,21,1,-16,-15,-8,-9,11,29,30,7,-4,please
23.536650896072388,7,26,14,24,2,-2,-3,-13,-19,-11,16,15,-5,-8,please
23.536650896072388,-12,11,4,21,1,17,10,-18,-28,-30,-11,-22,-18,-10,please
23.55227828025818,-16,-1,6,17,1,17,17,-6,-18,-2,-8,2,-13,1,please
23.55227828025818,-1,12,19,25,8,13,25,14,3,29,7,14,0,12,please
23.56787085533142,0,13,11,39,12,16,27,9,10,25,0,-21,0,8,please
23.56787085533142,-9,-8,-8,29,6,8,16,-6,-1,4,-21,-22,-14,0,please
23.583483457565308,-7,-12,-10,-2,2,5,9,5,-2,3,-19,-4,-19,3,please
23.583483457565308,3,-9,-10,-17,1,12,11,18,23,23,-6,-13,2,16,please
23.59872817993164,8,-11,-11,-10,0,9,0,10,31,20,-10,-4,17,19,please
23.59872817993164,3,-3,-7,-10,0,-1,-10,9,14,3,-12,16,12,8,please
23.61439418792725,5,4,-17,-21,3,-7,-1,17,18,3,3,13,21,9,please
23.61439418792725,16,3,-14,-28,4,-5,0,13,19,-6,13,4,27,12,please
23.62953877449036,15,0,-4,-20,-1,-14,-16,-1,-4,-35,0,-2,2,-16,please
23.62953877449036,-3,-1,-9,-21,-8,-33,-26,-13,-23,-47,-19,-13,-21,-39,please
23.6456310749054,-11,5,2,-23,-6,-20,-17,-15,-23,-33,-10,-5,-11,-22,please
23.6456310749054,-3,14,13,-4,0,8,-3,-14,-16,0,14,3,4,-4,please
23.66146206855774,-6,6,11,11,7,9,-6,-11,-16,21,10,0,-7,-2,please
23.66146206855774,-7,0,18,12,8,3,-9,-5,-10,20,-3,-2,-10,3,please
23.676588773727417,0,4,19,21,1,5,3,0,2,15,4,0,6,8,please
23.676588773727417,-4,3,11,23,0,10,19,2,0,13,0,-3,0,0,please
23.692270040512085,-17,-12,-6,0,0,18,30,7,8,11,-18,-15,-16,-3,please
23.692270040512085,-20,-34,-28,-28,-13,7,18,7,27,10,-10,-17,-5,-1,please
23.70740509033203,-17,-26,-23,-20,-17,3,3,5,19,9,0,-7,0,-5,please
23.70740509033203,-12,0,-10,13,-2,26,19,0,1,13,-4,-6,-10,-1,please
23.72346520423889,-5,-2,-9,7,-1,15,20,0,-6,7,-6,-8,-8,0,please
23.72346520423889,8,-11,0,-11,-6,-22,-7,5,-7,-1,3,6,6,4,please
23.739343404769897,25,10,13,6,0,-26,-22,7,5,3,26,27,25,20,please
23.739343404769897,26,18,12,15,-3,-17,-27,2,22,1,38,33,30,27,please
23.754419326782227,16,1,4,-7,-12,-19,-26,1,22,-6,23,27,21,15,please
23.754419326782227,15,2,0,-11,3,-14,-11,-8,2,-6,12,16,12,2,please
23.77030062675476,16,15,5,5,13,-11,-5,-17,-20,-13,14,7,4,-6,please
23.77030062675476,8,12,10,7,3,-7,-9,-11,-33,-29,5,5,-6,-14,please
23.78542137145996,-5,1,0,-3,0,2,-5,-13,-42,-35,-18,-8,-20,-21,please
23.78542137145996,-16,0,-7,-1,5,6,-1,-14,-45,-35,-31,-25,-27,-23,please
23.80078959465027,-11,10,12,11,7,8,-6,2,-22,-24,-12,-12,-18,-17,please
23.80078959465027,-1,17,18,22,10,10,-8,12,10,7,2,-1,-6,-7,please
23.8163640499115,-6,1,1,19,6,5,-1,9,28,28,-9,-12,-6,0,sil
23.831483840942383,-12,-12,-1,8,-3,6,11,5,24,15,-19,-16,-8,0,sil
23.831483840942383,-5,-7,1,4,-2,15,30,3,12,4,-18,-10,-14,0,sil
23.847564935684204,0,0,1,5,8,16,41,8,13,14,-12,-4,-13,5,sil
23.847564935684204,2,-5,-2,1,5,13,42,11,25,22,-5,-1,0,15,sil
23.847564935684204,-4,-14,-12,-11,-7,17,33,0,5,6,-11,-7,0,12,sil
23.863296270370483,-17,-19,-21,-23,-9,14,11,-7,-22,-5,-18,-16,-5,0,sil
23.87935423851013,-8,-15,-19,-19,-3,-4,-9,0,-7,2,-1,-4,12,8,sil
23.87935423851013,9,-8,-7,-16,-4,-18,-18,14,23,13,18,18,33,23,sil
23.89540410041809,7,-5,-2,-17,-7,-18,-13,14,37,18,27,25,34,20,sil
23.89540410041809,2,0,-3,-16,-9,-21,-22,1,27,13,26,19,24,7,sil
23.89540410041809,6,5,0,-16,-12,-23,-34,-3,4,-2,14,11,9,-6,sil
23.910640478134155,4,4,-6,-14,-5,-15,-23,-4,-5,-6,9,3,6,-11,sil
23.926347732543945,4,9,1,-4,7,-12,-13,-9,-12,-8,12,10,6,-4,sil
23.926347732543945,14,17,20,3,4,-8,-15,-16,-30,-17,3,14,-5,-9,sil
23.942030429840088,12,10,14,7,-2,3,-7,-20,-29,-17,-4,-5,-13,-19,sil
23.942030429840088,4,8,9,19,12,8,2,-12,-22,-9,-1,-8,-6,-8,sil
23.958348512649536,1,14,8,32,15,0,-3,-5,-27,-9,-6,-6,-11,-7,sil
23.958348512649536,-4,5,2,23,0,-1,-13,-8,-30,-19,-19,-18,-26,-22,sil
23.973352432250977,-9,-13,3,3,4,8,2,6,-5,0,-9,-10,-19,-7,sil
23.973352432250977,-11,-21,-5,-4,-7,14,16,17,12,21,0,-4,-5,6,sil
23.989550590515137,-9,-8,-6,0,-41,14,8,6,-1,3,-7,-14,-5,-2,sil
23.989550590515137,10,17,17,28,3,28,25,8,13,12,11,1,14,13,sil
23.989550590515137,16,17,19,39,65,34,44,14,44,44,34,19,30,34,sil
24.0050847530365,-4,-3,0,3,28,17,21,6,20,18,12,7,6,17,sil
24.02084374427796,-7,0,-4,-7,-8,4,9,7,6,0,-1,5,-1,12,sil
24.02084374427796,-9,6,-11,1,4,3,19,8,24,17,-2,5,6,13,sil
24.02084374427796,-20,-3,-20,-12,-3,-6,7,1,17,-1,-21,-14,-10,-7,sil
24.03637218475341,-7,-4,-16,-24,-19,-20,-5,0,5,-28,-22,-12,-15,-10,sil
24.05253219604492,1,-7,-15,-25,-20,-31,-18,-5,6,-23,-6,5,3,-4,sil
24.05253219604492,-4,-8,-8,-25,-23,-36,-35,-16,-5,-28,-6,0,4,-15,sil
24.05253219604492,10,8,13,-6,-7,-26,-31,-13,-15,-39,-5,-1,-5,-10,sil
24.067668199539185,18,0,8,-5,5,-16,-20,-6,-22,-30,-2,4,-3,-4,sil
24.08373188972473,1,-18,-7,-27,-7,-13,-20,-9,-40,-15,0,2,-1,-21,sil
24.08373188972473,0,3,9,-8,0,-2,-14,-12,-39,-6,13,0,-7,-19,sil
24.10937809944153,10,24,26,34,24,17,0,-1,-16,8,17,0,-10,3,sil
24.10937809944153,4,2,11,27,10,19,11,10,6,24,7,2,0,11,sil
24.10937809944153,-1,-14,-8,-4,-14,5,11,9,16,24,-2,3,0,7,sil
24.10937809944153,-2,-4,-2,-2,-8,9,7,0,4,17,-12,-2,-14,4,sil
24.131417989730835,0,0,11,19,9,22,12,1,4,24,-8,-6,-9,2,sil
24.131417989730835,-4,-12,-6,7,3,14,17,7,23,31,0,-7,3,4,sil
24.131417989730835,-10,-24,-21,-21,-11,2,3,3,10,17,0,-6,5,4,sil
24.146475553512573,2,-10,0,-10,-7,3,1,2,0,11,1,4,15,14,sil
24.162517309188843,14,3,9,5,0,2,12,11,17,16,8,11,26,26,sil
24.162517309188843,-6,-1,-14,-6,0,-2,5,7,18,7,0,-7,15,6,sil
24.17863821983337,-18,-5,-25,-10,-2,-7,-8,0,4,-11,-7,-17,5,-4,sil
24.17863821983337,1,5,0,0,-2,-9,-9,9,9,-16,-4,4,11,12,sil
24.17863821983337,7,7,2,0,2,-8,-7,3,15,-8,3,10,16,4,sil
24.19446921348572,-6,0,-15,-7,3,-9,-15,-14,0,-16,4,-4,0,-25,sil
24.20984435081482,-5,9,1,-7,0,-1,-10,-12,-20,-29,2,1,-11,-31,sil
24.20984435081482,2,25,17,10,7,13,10,-8,-28,-26,7,6,-5,-23,sil
24.22535085678101,-5,27,13,23,22,7,8,-13,-31,-26,1,-2,-12,-20,sil
24.22535085678101,-10,20,18,27,17,0,1,-6,-16,-5,-3,0,-18,-6,sil
24.241036415100098,9,7,13,32,4,11,18,4,12,36,8,3,4,17,sil
24.241036415100098,13,-14,0,2,-4,3,7,11,16,18,2,0,10,20,sil
24.25680446624756,-2,-22,-12,-27,-15,-17,-15,7,4,-16,-6,0,-3,3,sil
24.25680446624756,5,-2,-10,-8,-11,-16,-9,-5,2,-5,13,8,4,-4,sil
24.27237296104431,21,10,8,11,2,-10,0,-10,-12,-5,14,12,4,-1,sil
24.27237296104431,0,-4,11,-3,-4,-9,-1,-6,-32,-22,-19,-3,-20,-5,sil
24.28759860992432,-14,-15,2,-9,-2,6,15,0,-14,2,-22,-15,-21,0,sil
24.28759860992432,7,-2,5,11,20,22,27,7,16,28,0,-9,0,14,sil
24.30307626724243,9,-2,0,3,6,12,0,0,17,12,-1,-6,4,16,sil
24.30307626724243,-10,-16,-17,-31,-25,-4,-27,-9,4,-4,-6,-1,0,7,sil
24.318448066711422,0,-3,-11,-31,-10,-12,-21,-1,4,-3,5,11,6,5,sil
24.318448066711422,17,21,14,-2,18,-7,-6,0,0,-2,10,9,0,-1,sil
24.33436822891236,7,15,19,16,7,7,1,-4,-4,2,6,5,-8,-2,sil
24.33436822891236,-10,-8,1,15,-8,22,17,10,4,19,3,9,-4,10,sil
24.350477933883667,-14,-21,-17,-1,-1,19,24,31,27,36,-3,3,6,13,sil
24.350477933883667,-1,-11,-16,-14,4,0,0,18,29,26,-3,0,8,3,sil
24.36617994308472,4,7,-1,-2,0,-25,-29,-8,-1,-5,10,9,-2,-6,sil
24.36617994308472,0,13,4,12,-1,-25,-24,-15,-22,-17,9,1,-15,-14,sil
24.381327629089355,-10,10,0,7,-1,0,-1,-3,-14,-10,-13,-14,-23,-18,sil
24.381327629089355,-24,0,-11,0,-3,14,8,0,-5,-2,-26,-27,-28,-17,sil
24.396759510040283,-22,-13,-19,-2,-4,9,13,3,4,6,-18,-29,-17,-1,sil
24.396759510040283,-1,-10,-6,-4,-3,3,14,13,15,3,-4,-4,6,10,sil
24.41274094581604,10,3,-1,-2,-5,-6,6,11,16,-8,4,11,19,6,sil
24.41274094581604,11,3,-5,0,-8,-20,-11,-3,3,-17,9,9,16,0,sil
24.4283926486969,15,0,10,0,-3,-15,-18,-15,-6,-19,16,17,17,0,sil
24.4283926486969,9,3,9,0,0,-8,-5,-16,-8,-14,17,16,17,-5,sil
24.44369840621948,0,5,5,-4,1,-7,0,-13,-22,-19,6,0,9,-11,sil
24.44369840621948,3,7,19,5,11,13,5,-13,-32,-23,1,-5,5,-10,sil
24.45944881439209,3,8,21,21,14,27,17,-9,-19,-5,-4,-9,4,-3,sil
24.45944881439209,-5,2,18,11,4,14,16,6,-9,7,-21,-9,2,2,sil
24.475109577178955,-4,-5,6,1,0,9,17,12,1,9,-20,-14,16,1,sil
24.475109577178955,-8,-16,-19,-1,0,9,13,-2,14,12,-9,-27,25,0,sil
24.490966796875,-10,-23,-20,-10,-10,0,-2,0,9,13,-11,-15,14,7,sil
24.490966796875,0,-16,-9,-17,-13,-6,-9,15,11,16,-4,7,22,13,sil
24.506600618362427,4,-8,-12,-22,0,-7,-12,11,20,10,11,11,34,4,sil
24.506600618362427,3,0,-10,-15,5,-4,-22,0,13,2,22,17,27,3,sil
24.522571086883545,11,13,4,2,2,-4,-22,0,6,8,34,30,22,8,sil
24.522571086883545,14,20,11,8,5,-11,-15,0,1,7,30,24,13,0,sil
24.53810477256775,5,22,7,12,11,-10,-11,-8,-9,-2,12,7,-17,-12,sil
24.53810477256775,5,32,18,28,13,2,-7,-6,-4,6,10,10,-43,-2,sil
24.553673267364506,14,29,26,39,14,14,9,4,10,20,10,11,-51,12,sil
24.553673267364506,3,0,4,24,7,17,28,3,-1,5,-13,-7,-66,4,sil
24.57004880905152,-16,-19,-19,0,-4,13,32,0,-17,-6,-33,-25,-84,-3,sil
24.57004880905152,-16,-14,-21,-16,-9,6,30,10,2,1,-25,-19,-78,5,sil
24.586100578308105,-7,-8,-14,-20,-4,0,25,15,19,2,-7,-6,-48,7,sil
24.586100578308105,-2,-10,-11,-16,-2,-5,2,5,10,-1,-2,0,-19,4,sil
24.602173805236816,2,-8,-5,-14,-6,-5,-13,-3,-2,-9,-4,6,-15,3,sil
24.602173805236816,-1,-12,-6,-21,-12,-13,-15,-14,-17,-35,-6,4,-44,-14,sil
24.617414712905884,-15,-12,-11,-25,-12,-30,-31,-17,-29,-54,-10,-8,-75,-34,sil
24.617414712905884,-21,0,1,-4,-2,-22,-40,-10,-22,-33,-10,-18,-31,-29,sil
24.63350915908813,-10,1,13,22,0,0,-12,0,-2,2,-3,-14,94,-8,sil
24.63350915908813,3,-8,15,17,-7,5,10,6,6,20,0,-1,168,9,sil
24.64955353736877,2,-13,1,-4,-10,3,7,5,9,29,-1,-1,132,12,sil
24.64955353736877,-1,-13,-10,-11,-12,2,0,5,8,17,1,-6,83,8,sil
24.665082693099976,16,0,4,-9,-11,-6,-8,4,2,-13,14,13,73,16,sil
24.665082693099976,38,24,18,0,4,-7,-5,-3,3,-10,30,40,58,22,sil
24.680803298950195,19,27,16,12,24,12,6,-1,-1,11,26,24,19,9,sil
24.680803298950195,-10,12,12,15,20,32,13,0,-12,5,2,-9,-16,-8,sil
24.69639754295349,-16,5,0,13,4,26,13,-7,-5,0,-14,-24,-34,-14,sil
24.69639754295349,-7,2,-1,10,7,10,14,-1,10,21,-12,-12,-34,-1,sil
24.712169408798218,5,-1,1,7,7,6,20,10,22,39,-2,2,-22,18,sil
24.712169408798218,16,-2,-5,0,-6,0,11,3,22,24,4,13,-10,17,sil
24.72740888595581,8,0,-7,-5,-7,-20,-14,0,14,-3,16,16,-4,0,sil
24.72740888595581,0,5,-7,6,5,-33,-25,-2,3,-16,24,11,-7,-3,sil
24.743337869644165,9,11,4,9,6,-15,-21,-10,-14,-18,7,11,-27,-5,sil
24.743337869644165,4,6,7,4,9,13,-7,-8,-13,-16,-6,-2,-40,-18,sil
24.758668899536133,-23,-12,-20,0,8,15,9,-4,0,-8,-10,-33,-42,-26,sil
24.758668899536133,-36,-22,-16,-10,-8,0,7,0,-13,-11,-24,-30,-56,-20,sil
24.77407717704773,-20,-12,2,-6,-12,4,4,7,-16,-12,-31,-12,-52,-7,sil
24.77407717704773,-12,-14,-14,-3,0,16,16,9,15,5,-15,-15,-15,3,sil
24.789838552474976,-5,-22,-20,-19,3,8,20,17,27,22,0,0,10,16,sil
24.789838552474976,14,-6,-2,-22,-1,-8,7,21,19,18,9,25,24,21,sil
24.805381298065186,19,8,-1,-17,-8,-25,-10,3,5,-7,7,16,19,5,sil
24.805381298065186,1,5,-2,-14,-6,-24,-21,-10,-13,-20,0,3,-1,-12,sil
24.820533990859985,-4,10,12,1,5,-4,-15,-8,-21,-8,3,4,-5,-9,sil
24.820533990859985,1,16,18,10,8,4,-1,-10,-19,0,3,-6,4,0,sil
24.836096048355103,1,12,11,8,0,5,5,-16,-18,1,-9,-18,3,2,sil
24.836096048355103,2,6,9,18,-3,12,6,-9,-16,7,-7,-5,3,8,sil
24.851105213165283,3,-5,1,17,-8,12,3,-1,-12,6,-1,-1,7,9,sil
24.851105213165283,-1,-20,-15,-6,-12,9,1,2,-1,-1,-3,-6,6,4,sil
24.86787438392639,4,-10,-10,-14,-7,9,0,15,20,-1,5,3,18,13,sil
24.86787438392639,16,6,5,-2,-7,-11,-7,17,26,1,18,17,30,16,sil
24.883107900619507,9,7,11,0,-11,-34,-22,-1,4,-10,14,20,21,-6,sil
24.883107900619507,7,13,12,8,0,-18,-19,-11,-9,-19,9,18,8,-17,sil
24.89839482307434,14,29,27,24,16,3,-6,-8,-15,-15,15,21,5,-1,sil
24.89839482307434,6,23,29,17,10,2,-3,-13,-16,-11,19,21,5,0,sil
24.913445949554443,-9,4,9,3,-1,2,-1,-12,-10,-3,12,6,4,-12,sil
24.913445949554443,-13,0,4,9,13,18,16,0,-3,11,5,-1,2,-5,sil
24.928598880767822,0,0,7,23,27,26,36,10,11,25,5,2,9,11,sil
24.928598880767822,3,-2,0,20,10,14,25,10,25,31,0,-1,9,13,sil
24.94372820854187,-7,-17,-12,7,-3,4,0,3,14,21,-10,-17,-7,0,sil
24.94372820854187,-20,-30,-28,-10,-5,2,-1,-2,3,3,-25,-30,-20,-13,sil
24.958897352218628,-21,-30,-32,-27,-9,-5,2,4,10,-3,-47,-34,-25,-10,sil
24.974772930145264,-12,-20,-26,-21,-9,-12,2,14,15,1,-45,-27,-19,0,sil
24.974772930145264,0,-9,-24,-21,-2,-8,-6,8,16,2,-6,-8,3,1,sil
24.974772930145264,8,-1,-11,-27,-3,-11,-17,5,18,-2,13,6,19,2,sil
24.99038410186768,15,3,5,-8,0,-10,-4,3,11,-3,8,11,8,11,sil
25.00626802444458,14,6,9,-1,4,0,2,-2,-4,-6,10,10,-7,6,sil
25.00626802444458,7,6,-6,-20,0,-4,-14,-1,-13,-12,4,0,-8,-6,sil
25.00626802444458,0,11,-12,-6,-1,-9,-14,-1,-18,-18,-7,-7,-10,-9,sil
25.02143955230713,-2,13,5,14,5,7,8,-9,-23,-11,-6,-6,-20,-10,sil
25.037522554397583,-11,-2,0,-4,0,21,15,-9,-9,8,-9,-11,-24,-9,sil
25.037522554397583,-23,-14,-15,-22,-1,16,4,-5,-1,8,-16,-16,-20,-6,sil
25.037522554397583,-20,-1,0,1,3,11,1,-6,-6,0,-5,-9,-9,-4,sil
25.05267786979676,-4,-2,12,10,-7,-5,0,-2,-2,6,9,2,4,3,sil
25.06793975830078,3,-14,4,-9,-12,-24,-14,3,3,5,19,13,17,14,sil
25.06793975830078,14,1,11,-3,0,-18,-17,-1,-4,-2,36,29,28,7,sil
25.083993673324585,21,21,31,20,0,-7,-15,-13,-23,-17,38,35,25,-5,sil
25.083993673324585,12,25,29,33,-5,0,-7,-11,-21,-23,17,22,5,-4,sil
25.09964108467102,0,29,23,42,3,17,11,4,-3,-1,6,9,-1,1,sil
25.09964108467102,0,23,21,36,8,26,22,11,-1,14,6,4,-1,-1,sil
25.11472082138061,-6,1,0,11,-4,3,20,4,-6,6,-8,-8,-11,-1,sil
25.11472082138061,-8,-8,-13,1,-7,-5,18,6,7,1,-19,-14,-9,8,sil
25.130401849746704,7,-7,-8,4,2,13,19,13,27,7,-11,-4,7,14,sil
25.130401849746704,16,-10,-7,-3,7,12,10,12,32,16,-7,-1,19,16,sil
25.145427703857425,8,-10,-7,-17,2,-9,-3,10,27,22,-6,3,22,23,sil
25.145427703857425,10,-1,-6,-15,4,-16,-8,5,23,12,0,8,18,14,sil
25.161511421203613,17,1,-3,-9,9,-15,-11,-7,8,-19,4,11,5,-1,sil
25.161511421203613,8,-7,-2,-20,-2,-21,-24,-14,-17,-36,0,9,-2,-10,sil
25.17665934562683,-7,-10,-13,-28,-19,-22,-33,-17,-33,-32,-11,-5,-14,-24,sil
25.17665934562683,-14,0,-5,-13,-10,-12,-23,-16,-27,-30,-15,-20,-29,-31,sil
25.192768096923828,-10,1,6,4,2,0,-3,-1,-9,-3,-1,-15,-14,-11,sil
25.192768096923828,-8,-1,5,10,3,13,8,11,4,36,5,-5,1,4,sil
25.20835304260254,-14,0,0,20,10,25,17,7,12,38,-2,-9,-6,0,sil
25.20835304260254,-19,-4,-8,19,16,25,22,0,13,22,-11,-19,-16,-1,sil
25.22352957725525,-10,-17,-17,-8,3,10,15,-1,8,16,-15,-18,-10,3,sil
25.22352957725525,2,-17,-16,-22,-4,-1,7,3,16,3,-4,0,2,13,sil
25.24166989326477,8,1,0,-8,0,-4,-2,8,14,-12,15,21,15,10,sil
25.24166989326477,12,11,13,-4,-5,-8,-18,4,-8,-13,19,17,18,-4,sil
25.254680156707764,10,2,5,-11,-13,-12,-21,-7,-19,-17,12,0,11,-10,sil
25.254680156707764,0,6,0,-8,-4,-2,-11,-10,-19,-26,2,-7,-4,-12,sil
25.270345211029053,-9,21,6,9,9,10,3,-4,-17,-9,-4,-7,-16,-19,sil
25.270345211029053,-8,11,10,21,6,17,19,2,-7,15,0,-7,-9,-1,sil
25.2863609790802,-11,-8,5,16,1,24,29,12,6,27,-2,-7,-2,16,sil
25.2863609790802,-12,-10,-10,10,11,23,28,13,20,32,-20,-18,-6,2,sil
25.302405834198,-9,-11,-22,-4,11,3,13,2,21,17,-26,-13,-9,-5,sil
25.302405834198,-2,-17,-20,-27,-12,-9,1,0,10,-5,-7,9,0,11,sil
25.31792640686035,8,-4,-9,-24,-21,-10,-3,3,8,-6,17,25,21,22,sil
25.31792640686035,21,10,4,-8,-6,-20,-14,0,7,0,24,26,31,16,sil
25.33345413208008,23,13,9,1,-3,-32,-23,-8,-5,-9,14,24,18,4,please
25.33345413208008,9,14,12,9,-11,-23,-25,-14,-19,-23,11,21,0,-4,please
25.348877668380737,-5,14,10,14,-4,-6,-21,-16,-22,-21,6,2,-8,-9,please
25.348877668380737,-12,6,3,12,10,-2,-10,-13,-20,-16,-11,-22,-17,-13,please
25.36468386650085,-2,8,13,17,16,-2,0,-3,-16,-17,-10,-19,-17,-10,please
25.36468386650085,9,11,18,31,11,4,5,2,-6,-8,2,-4,-7,0,please
25.38034009933472,5,-6,7,17,2,5,8,6,0,8,-4,-4,-3,4,please
25.38034009933472,0,-28,-7,-18,-7,-5,6,11,14,16,-4,0,9,5,please
25.395429134368896,11,-16,-9,-21,-15,-12,-4,11,17,0,17,16,28,3,please
25.395429134368896,20,14,16,10,-5,1,-12,2,0,-9,32,27,19,0,please
25.41061806678772,12,24,29,21,4,17,0,-4,-4,6,26,17,0,1,please
25.41061806678772,-5,0,7,0,1,22,18,-2,4,16,-4,-8,-13,0,please
25.426723957061768,-19,-16,-17,-5,-1,21,22,2,0,-3,-38,-25,-20,-7,please
25.426723957061768,-13,-12,-18,-7,0,7,10,3,-6,-13,-26,-10,-9,-4,please
25.442507028579712,4,0,0,-20,-3,-11,-2,0,-4,3,3,14,9,-2,please
25.442507028579712,15,10,12,-3,1,-7,-6,-7,-7,19,9,17,4,-6,please
25.457639694213867,5,19,17,23,12,5,-12,-7,-13,1,4,5,-15,-8,please
25.457639694213867,-12,5,7,20,9,10,-9,0,-2,-9,-4,-9,-14,-2,please
25.472871780395508,-24,-19,-21,-1,0,14,11,8,22,17,-19,-28,-1,5,please
25.472871780395508,-23,-27,-32,-17,0,12,24,16,37,29,-25,-32,-1,8,please
25.488770961761475,-10,-17,-24,-24,2,0,20,21,43,12,-17,-17,5,12,please
25.488770961761475,-1,-10,-26,-30,0,-5,10,20,44,16,-5,1,22,19,please
25.50431537628174,-4,-13,-30,-37,1,-8,-4,7,24,25,3,2,17,10,please
25.50431537628174,-2,-9,-15,-27,6,-19,-19,-10,-3,1,12,-1,7,-3,please
25.519836902618408,6,6,3,-8,4,-20,-26,-15,-18,-27,21,5,11,-3,please
25.519836902618408,3,14,0,-1,-4,-9,-18,-17,-27,-28,12,3,3,-9,please
25.535346269607544,-1,9,-3,-6,-7,-8,-10,-26,-38,-20,-6,-13,-19,-23,please
25.535346269607544,0,6,7,-5,-1,-4,-1,-21,-31,-17,-5,-14,-26,-22,please
25.551340341568,-3,7,11,9,0,14,11,0,-15,-17,0,-8,-17,-13,please
25.551340341568,-6,13,21,34,2,19,14,1,-18,-16,-4,-4,-14,-1,please
25.566970586776733,7,20,36,51,10,6,10,-7,-22,3,0,5,-6,9,please
25.566970586776733,1,2,15,34,0,4,12,0,-5,31,1,4,5,7,please
25.58245539665222,-17,-20,-14,-3,-22,1,6,14,14,23,-11,-6,0,1,please
25.58245539665222,7,-10,0,-4,-17,-15,-7,11,16,-9,0,19,6,17,please
25.59862971305847,43,11,28,20,-2,-20,-14,8,11,-13,34,57,29,31,please
25.59895801544189,27,5,13,17,-6,-9,-18,4,4,0,35,40,24,15,please
25.61461567878723,6,0,-4,0,-11,-4,-20,-5,-9,-15,3,11,-3,-5,please
25.61461567878723,16,13,12,2,-3,0,-8,-4,-17,-32,3,20,-1,-6,please
25.63028287887573,19,21,20,13,3,5,0,0,-7,-8,24,18,12,-1,please
25.63028287887573,5,14,9,11,8,10,-6,-6,-2,7,12,-2,2,-5,please
25.64536666870117,-6,1,-2,11,9,17,1,-3,0,-2,-11,-14,-10,-11,please
25.64536666870117,-18,-14,-11,1,6,8,19,6,6,3,-24,-22,-16,-10,please
25.660593271255493,-19,-16,-11,-9,10,0,18,11,9,29,-26,-24,-14,-5,please
25.660593271255493,-8,-4,-14,-8,12,10,16,15,23,34,-20,-17,0,7,please
25.67637825012207,-15,-15,-27,-21,6,10,13,12,37,14,-19,-21,4,9,please
25.67637825012207,-28,-35,-39,-46,0,-4,4,8,30,6,-25,-24,3,-3,please
25.69149422645569,-16,-23,-31,-49,-7,-8,-3,4,8,6,-15,-8,12,-8,please
25.69149422645569,-7,0,-9,-30,-10,-10,-7,-2,-6,-5,8,0,9,-8,please
25.707585334777832,-6,1,-3,-12,-7,-10,-4,-9,-5,-12,21,-2,-3,-7,please
25.72244119644165,3,5,7,-3,1,-5,-3,-6,0,-9,15,3,-4,-3,please
25.72244119644165,11,21,28,7,9,-9,-8,-10,-2,-8,11,6,3,0,please
25.738683462142944,10,24,30,20,8,-5,-1,-15,-6,0,16,1,2,6,please
25.738683462142944,13,15,29,22,7,18,11,-3,-15,16,11,7,-1,17,please
25.75469160079956,17,10,31,33,11,23,15,3,-16,11,4,12,3,19,please
25.75469160079956,10,6,20,39,12,6,3,-5,-9,-9,1,2,0,7,please
25.75469160079956,-7,-5,-7,13,2,5,-3,-10,-9,-8,-17,-14,-27,-5,please
25.770421266555783,-18,-15,-29,-16,-13,3,0,-1,-13,0,-37,-21,-38,-11,please
25.770421266555783,-9,-13,-20,-24,-24,-7,0,6,-9,-6,-26,-5,-12,-6,please
25.78562903404236,0,-13,-16,-17,-22,-7,-3,4,0,-9,-7,5,0,0,please
25.801392555236816,-1,-15,-23,-16,-13,-5,-7,-3,0,-4,-10,1,-5,0,please
25.801392555236816,8,-4,-16,-8,-4,-13,2,1,4,0,1,7,11,0,please
25.817440271377563,26,8,1,2,0,-13,1,13,15,5,31,25,37,16,please
25.817440271377563,20,10,11,6,5,-5,-20,5,5,-7,32,31,29,10,please
25.83263874053955,0,5,0,9,8,-4,-24,-7,-4,-10,15,14,10,-12,please
25.83263874053955,-6,9,-1,6,3,-2,-9,-1,6,3,13,1,4,-15,please
25.84779477119445,-3,10,4,0,-2,0,-5,9,11,-2,15,1,1,-5,please
25.84779477119445,-6,0,3,4,-5,0,-4,3,-2,-22,1,-3,-5,-10,please
25.863728761672974,-12,2,9,16,1,0,-1,-8,-18,-12,-11,-13,-16,-20,please
25.863728761672974,-8,11,16,25,10,12,3,-8,-6,14,-2,-11,-10,-11,please
25.8788800239563,2,5,17,22,3,20,14,0,12,28,12,0,4,10,please
25.8788800239563,1,-2,10,12,0,17,26,7,16,32,6,0,6,24,please
25.894731760025024,-3,-4,-4,6,11,6,25,8,15,30,-14,-8,0,19,please
25.894731760025024,-3,-9,-5,0,16,3,15,11,20,16,-12,-6,3,10,please
0.0279467105865478,-1,-1,4,-24,-2,-9,-3,-12,-18,-42,-42,-23,-7,-9,please
0.0439605712890625,0,-2,9,-38,-6,-7,0,-19,-35,-75,-66,-39,-15,-8,please
0.0439605712890625,-6,-5,2,-32,-9,-5,6,-9,-25,-37,-39,-31,-13,-8,please
0.0594022274017334,2,2,10,-30,-13,-15,-4,-6,-18,-31,-38,-24,-12,-7,please
0.0594022274017334,13,21,16,-15,-6,-13,-7,-2,-9,-32,-17,-12,-2,1,please
0.07493257522583,13,22,23,0,7,-3,-3,0,-7,-20,-1,-4,0,7,please
0.07493257522583,10,15,27,7,12,0,-7,-1,-8,-12,-12,-6,-4,2,please
0.090667724609375,5,17,14,13,5,0,-9,0,-5,-7,-13,-7,-3,3,please
0.090667724609375,2,11,11,0,2,1,-7,-4,-8,-5,-17,-6,-12,1,please
0.105668306350708,0,1,13,0,11,6,3,-1,0,8,-21,-7,-20,-5,please
0.105668306350708,-5,-3,7,17,12,9,17,4,10,14,-3,-1,-7,1,please
0.1216893196105957,-5,-9,1,20,7,6,17,0,1,5,2,-4,-1,8,please
0.1216893196105957,-5,-18,-7,4,3,4,11,-6,-2,21,-6,-17,-8,0,please
0.136948823928833,-7,-27,-8,-11,-1,6,8,3,5,24,-4,-4,-5,1,please
0.136948823928833,-4,-26,-14,-22,-12,7,2,10,10,-6,14,19,14,8,please
0.1520047187805175,7,-6,-16,-15,-13,5,-10,6,12,-14,28,22,29,1,please
0.1520047187805175,10,22,4,14,7,1,-18,1,5,4,25,15,13,-10,please
0.1676416397094726,-4,29,6,37,19,3,-6,-5,-15,2,3,1,-19,-12,please
0.1676416397094726,-8,4,-2,21,1,9,4,-5,-22,-10,-10,-4,-24,0,please
0.1841626167297363,7,-8,-2,0,-12,3,8,9,7,6,1,13,6,20,please
0.1841626167297363,10,1,-5,0,0,-4,9,16,28,27,11,24,19,27,please
0.1996455192565918,4,0,-8,-1,-10,-8,1,10,18,14,6,17,9,19,please
0.1996455192565918,13,-4,-7,-4,-39,-21,-11,3,13,7,20,23,21,14,please
0.2156879901885986,22,5,5,-3,-17,-31,-25,-3,0,-1,30,32,27,2,please
0.2156879901885986,8,16,11,0,17,-19,-22,-8,-27,-34,10,10,0,-16,please
0.2317128181457519,-8,6,-2,1,11,-4,-4,-7,-32,-32,-4,-12,-13,-20,please
0.2317128181457519,-4,-2,2,0,1,0,1,-12,-15,2,0,-5,-7,-15,please
0.2470943927764892,-1,4,9,6,8,11,4,-14,-1,16,-1,-3,-10,-12,please
0.2470943927764892,-16,4,-2,15,15,23,16,-4,0,4,-16,-15,-12,-10,please
0.2628285884857178,-19,-10,-4,10,18,17,25,6,5,3,-25,-21,-8,-6,please
0.2628285884857178,-10,-17,-4,-1,0,13,22,10,28,20,-14,-17,-1,0,please
0.2783918380737304,-11,-19,-10,-24,-25,13,11,12,36,20,-13,-13,6,3,please
0.2783918380737304,-13,-23,-19,-38,-13,0,0,8,18,4,-18,-16,9,0,please
0.2941999435424804,0,-10,-13,-29,5,-12,-2,2,7,4,2,-6,14,-5,please
0.2941999435424804,9,10,0,-15,5,-11,-5,0,3,9,23,4,15,-6,please
0.3097736835479736,0,19,9,-2,7,-6,-11,-9,-12,-12,8,-12,-3,-8,please
0.3097736835479736,-7,12,12,8,5,-2,-13,-17,-25,-27,-4,-28,-26,-15,please
0.3250212669372558,-4,-3,4,11,-6,3,-2,-11,-17,-11,0,-27,-17,-5,please
0.3250212669372558,-4,-17,0,6,-5,7,5,1,-4,1,-1,-25,0,18,please
0.3410513401031494,-5,-12,0,-2,0,9,7,12,4,4,-12,-25,1,22,please
0.3410513401031494,2,-4,-11,-11,-6,0,-1,13,4,2,-4,-1,6,10,please
0.3566603660583496,22,-1,-4,-10,-7,-17,-19,1,-4,-7,14,51,20,9,please
0.3566603660583496,37,13,15,3,0,-23,-16,-3,-5,-10,24,75,21,11,please
0.3727447986602783,23,29,17,18,3,-11,-6,-2,-10,-11,13,48,0,0,please
0.3727447986602783,0,23,12,26,2,-1,-6,-6,-17,-15,3,17,-20,-6,please
0.3886520862579345,-2,15,13,32,2,6,3,-5,-3,-1,4,9,-14,3,please
0.3886520862579345,0,15,18,28,13,17,16,0,3,6,-5,2,-8,5,please
0.4047551155090332,-4,7,10,17,17,21,19,-2,-2,0,-9,-11,-17,-2,please
0.4047551155090332,1,0,2,14,5,21,23,0,2,9,3,-10,-11,3,please
0.4206483364105224,6,-6,0,10,-5,8,16,4,13,18,-25,-1,0,14,please
0.4206483364105224,-6,-15,-13,-13,-9,-9,-2,0,11,12,-59,-12,-2,1,please
0.4358572959899902,-17,-16,-19,-35,-8,-9,-6,0,11,5,-4,-16,0,-8,please
0.4358572959899902,-7,-6,-18,-24,-6,-4,-2,4,14,-6,43,-7,6,-4,please
0.4515111446380615,0,-6,-16,-22,-7,-15,-21,0,0,-24,7,-1,-2,-7,please
0.4515111446380615,-3,-10,-7,-34,-6,-21,-33,0,-13,-17,-6,4,4,-9,please
0.4671242237091064,-6,-5,-10,-15,0,-11,-14,2,0,9,26,7,30,-5,please
0.4671242237091064,-1,4,-10,4,6,-2,-2,0,7,16,21,0,30,-8,please
1.747730016708374,2,7,11,33,9,26,28,3,3,14,-23,-19,-13,-4,please
1.747730016708374,0,2,4,30,5,15,27,-2,0,-1,-34,-27,-16,-8,please
1.762930393218994,1,-2,-1,14,0,4,24,7,11,4,-15,-11,-2,8,please
1.762930393218994,0,-9,-10,-3,-6,7,24,18,22,25,-5,-2,0,21,please
1.7781388759613037,-11,-22,-28,-13,-14,0,13,14,10,15,-23,-18,-10,3,please
1.7781388759613037,-19,-34,-33,-24,-10,-11,-11,10,8,-6,-25,-15,-3,-6,please
1.794175148010254,-16,-28,-25,-33,-5,-10,-22,9,21,2,5,9,16,5,please
1.810281753540039,0,-10,-19,-27,-12,-11,-18,4,15,4,19,16,20,8,please
1.810281753540039,13,-2,-11,-14,-4,-16,-19,0,0,-18,6,15,13,0,please
1.810281753540039,14,2,0,-8,10,-14,-21,-8,-3,-26,16,28,18,2,please
1.825664758682251,7,12,13,-7,1,-21,-23,-12,-6,-16,41,36,27,7,please
1.825664758682251,9,20,21,0,-13,-23,-22,-8,-3,-5,38,31,26,9,please
1.8417675495147705,12,18,16,9,-3,-3,-11,-4,-2,-7,15,15,14,7,please
1.8417675495147705,3,11,10,6,7,8,-4,-3,-11,-13,3,0,0,0,please
1.8570899963378904,-4,4,8,5,0,0,-4,-6,-10,11,2,-3,-2,-3,please
1.8570899963378904,-2,-2,8,12,0,2,2,-10,-7,23,-6,-3,-8,-4,please
1.8727753162384035,1,-7,4,14,10,22,23,-3,-15,3,-18,-14,-19,-12,please
1.8727753162384035,-1,-5,-3,6,13,26,35,9,-3,14,-11,-18,-7,-5,please
1.8885698318481443,-8,-4,-2,0,0,10,27,5,7,31,-4,-9,5,3,please
1.90408992767334,-6,-6,0,-2,-7,5,21,0,-3,18,-10,-12,-11,-1,please
1.90408992767334,-11,-11,-7,-10,-3,8,21,8,-7,7,-12,-20,-29,-2,please
1.9209041595458984,-17,-16,-15,-21,-4,-5,11,6,12,-2,-8,-14,-18,3,please
1.9209041595458984,-3,-9,-16,-18,-8,-18,-7,0,15,-20,-4,1,0,0,please
1.9209041595458984,1,-1,-3,-12,-6,-11,-22,1,-3,-21,0,13,0,-8,please
1.9349114894866943,0,-4,-1,-10,-10,-9,-22,3,0,-11,0,5,-4,-6,please
1.949953317642212,13,0,-3,-11,-12,-13,-17,-5,10,-7,9,3,2,0,please
1.949953317642212,15,13,5,-5,0,-16,-23,-4,-4,-7,29,18,17,1,please
1.9652466773986816,1,18,11,11,11,-14,-22,1,-10,-10,21,11,12,-5,please
1.9652466773986816,4,17,14,24,16,2,-4,-3,-2,-5,7,0,2,-7,please
1.980644941329956,6,11,13,21,8,21,9,-11,-7,-2,-2,0,-2,-6,please
1.980644941329956,-11,0,1,12,-4,19,9,-8,-12,-13,-38,-14,-24,-9,please
1.9967451095581048,-14,0,-2,9,7,14,10,0,3,-1,-48,-26,-29,-4,please
1.9967451095581048,-5,5,1,14,23,23,11,3,11,23,-15,-18,-3,3,please
2.020653009414673,-13,-1,-3,12,5,31,12,4,1,17,-8,-16,-2,0,please
2.020653009414673,-17,-15,-15,0,-9,18,22,8,11,15,-12,-15,-11,6,please
2.020653009414673,-9,-17,-15,-12,0,-5,14,8,24,23,7,1,8,13,please
2.0286943912506104,2,-6,-2,-13,0,-17,-9,4,12,2,13,12,17,7,please
2.0437710285186768,30,3,4,-5,-5,-18,-12,5,14,-3,16,19,19,14,please
2.0437710285186768,38,1,7,-6,-7,-21,-7,3,21,11,31,32,34,26,please
2.0598952770233154,15,0,9,-8,-6,-18,-12,-2,0,1,29,32,26,9,please
2.0598952770233154,7,12,11,8,-1,-6,-10,-2,-18,-17,24,22,4,0,please
2.075023412704468,14,20,15,16,3,-5,-7,-6,-27,-18,19,9,4,3,please
2.075023412704468,2,11,11,3,0,-11,-15,-18,-42,-20,0,-4,2,-5,please
2.0903520584106445,-9,3,9,0,-2,-3,-12,-18,-42,-22,-5,-7,-11,-15,please
2.0903520584106445,-10,0,3,12,3,3,5,-5,-21,-4,0,-6,-11,-8,please
2.1054952144622803,-15,-15,-14,2,0,8,17,0,-10,12,-14,-18,-8,-5,please
2.1054952144622803,-23,-27,-21,-20,-8,18,20,5,0,14,-28,-24,-18,-11,please
2.121195077896118,-17,-23,-18,-21,-7,18,21,20,22,8,-23,-14,-15,-7,please
2.121195077896118,-4,-15,-19,-13,-1,0,18,31,40,11,-9,1,10,11,please
2.1367807388305664,5,-12,-17,-17,-7,-14,9,23,49,26,2,11,25,20,please
2.1367807388305664,9,0,-9,-17,-10,-7,-4,6,47,23,4,15,13,4,please
2.1524243354797363,12,15,3,-3,2,-6,-17,-2,22,0,11,21,3,-6,please
2.1524243354797363,9,19,10,7,7,-15,-24,-13,-9,-21,16,13,-2,-7,please
2.1684086322784424,-4,15,11,9,0,-14,-28,-26,-37,-37,0,-9,-23,-19,please
2.1684086322784424,-13,14,15,18,1,0,-18,-25,-42,-34,-18,-20,-32,-28,please
2.1831939220428467,-10,11,14,27,10,12,5,-12,-28,-8,-14,-15,-20,-11,please
2.1831939220428467,-10,2,9,17,8,24,20,-1,-18,4,-7,-13,-15,3,please
2.198861598968506,-6,-3,1,11,3,26,24,2,-3,5,-5,-17,-17,4,sil
2.198861598968506,0,-4,-5,8,5,21,22,4,19,16,0,-13,-1,7,sil
2.2149658203125,3,-5,-11,0,7,14,13,8,22,25,5,-5,18,11,sil
2.2149658203125,9,-8,-10,-8,0,3,5,14,11,14,0,-2,16,12,sil
2.229950189590454,10,-13,-6,-16,-6,-5,-6,8,11,-1,-6,3,2,6,sil
2.229950189590454,2,-11,-6,-22,-6,-5,-19,-4,11,3,5,10,5,0,sil
2.2453112602233887,0,0,2,-15,0,-7,-22,-5,-4,8,19,11,19,3,sil
2.2453112602233887,10,2,10,-8,2,-19,-15,0,-17,-12,14,12,25,2,sil
2.261385440826416,15,1,9,-5,-2,-29,-14,-1,-10,-25,12,22,22,2,sil
2.261385440826416,7,15,24,4,2,-19,-14,-5,-7,-9,17,28,14,1,sil
2.2771239280700684,-3,19,25,17,10,4,0,-4,-16,2,0,3,-3,-3,sil
2.2771239280700684,-11,-2,-3,8,1,13,13,-1,-14,2,-28,-27,-24,-2,sil
2.292635202407837,-14,-14,-12,-9,-7,7,11,3,5,5,-22,-17,-19,1,sil
2.292635202407837,-7,-7,-4,-6,-7,5,10,12,25,11,3,5,3,7,sil
2.308679342269897,1,-5,-9,4,-8,2,17,16,24,14,8,6,10,11,sil
2.308679342269897,5,-10,-17,-3,-8,-10,7,9,15,3,-2,-3,1,6,sil
2.32500433921814,1,-5,-12,-12,-3,-16,-10,-1,3,-18,-2,0,-1,-5,sil
2.32500433921814,2,10,-3,3,0,-3,-7,-5,-5,-14,9,8,-3,-13,sil
2.341012954711914,8,27,0,23,3,7,2,-4,-3,11,17,11,-2,-13,sil
2.341012954711914,9,25,4,21,7,2,-4,-11,-9,3,12,7,-3,-12,sil
2.356643915176392,0,9,9,17,8,0,-2,-13,-21,-16,2,-1,-10,-9,sil
2.356643915176392,-10,0,8,23,8,14,16,-4,-10,-2,1,-8,-14,-1,sil
2.374124526977539,-8,0,7,19,8,27,25,1,10,16,-3,-6,-8,5,sil
2.374124526977539,0,-6,0,7,1,21,21,4,14,12,-21,-6,0,9,sil
2.3876686096191406,-1,-17,-8,-10,-7,2,5,3,3,0,-27,-9,0,5,sil
2.3876686096191406,-6,-28,-18,-31,-14,-10,-9,0,0,-1,-19,-12,-4,0,sil
2.4041988849639893,-6,-26,-17,-34,-14,-12,-10,2,8,3,-11,-6,2,6,sil
2.4041988849639893,-2,-11,-7,-28,-11,-17,-12,9,5,6,4,5,19,12,sil
2.419687509536743,4,0,-9,-23,-8,-23,-21,8,-3,-4,21,11,21,2,sil
2.419687509536743,7,8,1,-9,-1,-11,-23,-1,-9,-24,20,12,4,-9,sil
2.43564772605896,1,18,21,5,4,-1,-21,-10,-18,-26,14,7,-7,-12,sil
2.43564772605896,-7,12,8,1,1,-8,-25,-14,-26,-13,4,-9,-11,-15,sil
2.4505300521850586,-17,0,0,-4,0,-7,-17,-12,-23,-8,-11,-19,-15,-18,sil
2.4505300521850586,-6,3,12,13,7,10,8,-6,-8,2,-12,-8,-12,-8,sil
2.465991973876953,8,6,16,22,12,24,24,1,0,11,-11,-1,-3,4,sil
2.465991973876953,2,-3,6,10,10,20,20,8,1,5,-19,-8,-3,10,sil
2.482004404067993,0,-6,0,4,3,11,19,9,15,13,-7,-3,1,16,sil
2.482004404067993,10,0,-1,-8,6,8,23,10,27,27,8,7,21,21,sil
2.4979164600372314,14,0,-1,-21,9,3,12,9,28,18,8,11,27,16,sil
2.4979164600372314,16,3,2,0,2,-8,-5,3,19,-1,21,18,20,5,sil
2.51314377784729,17,17,10,31,2,-12,-5,-3,7,-5,35,20,8,-4,sil
2.51314377784729,1,11,4,26,7,0,13,-6,0,5,10,3,-7,-7,sil
2.5286967754364014,-10,-12,-3,3,0,9,20,1,4,18,-9,-4,-12,3,sil
2.5286967754364014,0,-21,-10,-3,-16,-3,6,12,12,15,-2,0,0,9,sil
2.544097423553467,6,-9,-14,-9,-22,-24,-16,0,-2,-11,3,3,0,0,sil
2.544097423553467,4,4,-2,-12,-12,-24,-25,-11,-19,-31,9,11,0,-7,sil
2.560088396072388,-2,17,9,-1,0,-4,-15,-8,-22,-19,10,4,-6,-10,sil
2.560088396072388,-15,8,0,3,2,11,-6,-6,-24,-8,-8,-20,-22,-20,sil
2.5747838020324707,-20,-7,-12,4,8,17,1,0,0,2,-20,-22,-15,-9,sil
2.5747838020324707,-7,-5,-7,0,10,11,3,8,31,19,-12,-2,7,12,sil
2.590810775756836,0,-6,-9,-20,-10,-9,-14,2,6,3,-8,4,5,1,sil
2.590810775756836,0,-7,-15,-24,-21,-18,-20,-7,-21,-16,0,5,0,-12,sil
2.606672525405884,1,10,5,12,6,3,1,-2,-6,-4,11,6,2,0,sil
2.606672525405884,-2,19,13,35,23,27,18,1,0,5,0,-9,-11,0,sil
2.6222641468048096,-12,0,-5,6,7,21,15,0,-10,3,-17,-22,-17,-8,sil
2.6222641468048096,-8,-19,-11,-19,-5,1,11,-2,-1,10,-18,-11,1,1,sil
2.638201951980591,-2,-28,-10,-20,-9,-5,9,0,10,8,-20,-12,0,9,sil
2.638201951980591,-10,-26,-16,-27,-9,-1,6,5,7,-8,-23,-16,-12,0,sil
2.65385103225708,-7,-15,-12,-27,-3,-6,-3,3,5,-17,-40,0,-1,-3,sil
2.65385103225708,13,6,11,0,2,-15,-21,-5,0,-17,-44,26,18,0,sil
2.669156789779663,26,33,34,23,4,-10,-25,-3,-14,-16,14,32,22,0,sil
2.669156789779663,22,39,26,24,5,-7,-10,-2,-24,-15,72,12,10,-2,sil
2.685145378112793,11,28,19,26,9,-12,-4,-8,-26,-20,50,-2,-1,-6,sil
2.685145378112793,3,21,27,35,7,-6,-2,0,-12,-11,14,-4,-6,-4,sil
2.6998767852783203,0,12,18,33,1,7,12,6,5,14,17,-13,-6,0,sil
2.6998767852783203,-11,-5,0,15,0,16,27,1,10,26,12,-19,-8,1,sil
2.716159105300904,-13,-20,-9,-1,-3,20,25,4,6,24,-5,-7,-4,4,sil
2.716159105300904,0,-25,-12,-13,-7,13,12,9,12,25,4,11,5,15,sil
2.731778621673584,7,-19,-10,-14,-5,2,2,9,24,28,24,26,14,22,sil
2.7481110095977783,3,-15,-8,-18,-6,-7,-3,10,27,19,23,24,17,22,sil
2.7481110095977783,7,-14,-8,-28,-7,-10,-9,9,24,10,20,23,26,27,sil
2.7481110095977783,20,-5,-1,-20,0,-6,-5,9,28,10,30,33,38,29,sil
2.7627882957458496,10,0,0,-19,-2,-8,-7,3,16,-2,24,27,25,6,sil
2.7627882957458496,-3,2,-4,-22,-10,-18,-19,-14,-5,-13,6,3,-1,-19,sil
2.7780022621154785,2,16,0,-4,2,-8,-16,-14,-10,2,1,-1,-5,-18,sil
2.7780022621154785,-3,13,3,-2,16,8,-8,-7,-12,3,2,-1,-6,-17,sil
2.7950596809387207,-23,-4,-8,-9,6,5,-8,-15,-24,-17,-14,-23,-23,-30,sil
2.7950596809387207,-17,2,-10,5,6,5,0,-13,-30,-30,-67,-46,-43,-34,sil
2.8094189167022705,-10,12,-6,14,19,22,16,-2,-24,-30,-113,-61,-57,-30,sil
2.8249964714050293,-27,-8,-21,5,14,27,24,-6,-15,-24,-94,-67,-55,-29,sil
2.8249964714050293,-28,-22,-21,9,0,14,25,-2,-6,-4,-48,-42,-29,-15,sil
2.8401401042938232,0,-9,-8,16,-2,7,28,13,11,23,-32,-9,-4,8,sil
2.8401401042938232,7,-4,-5,7,0,4,17,14,31,25,-14,0,6,21,sil
2.8562536239624023,0,-6,-6,0,-3,-10,-5,9,26,6,14,6,20,12,sil
2.8562536239624023,7,3,-3,4,-1,-24,-14,10,3,0,29,22,33,8,sil
2.872098445892334,20,20,12,15,4,-19,-14,6,1,0,41,33,34,15,sil
2.872098445892334,24,27,27,14,1,-11,-23,0,5,-17,50,40,30,17,sil
2.8871266841888428,19,19,30,7,-12,-17,-33,-13,-25,-37,38,38,14,5,sil
2.8871266841888428,14,11,31,11,-10,-20,-30,-28,-49,-32,23,21,-6,-2,sil
2.903137922286988,9,13,30,19,2,-6,-17,-19,-26,-8,23,9,-14,0,sil
2.903137922286988,-5,9,25,12,-7,10,-8,-4,-15,-3,19,5,-12,-2,sil
2.919007539749145,-15,-12,11,-1,-22,10,2,-3,-18,0,15,-2,-5,-6,sil
2.919007539749145,-5,-21,0,-15,-10,5,20,7,8,34,22,-2,12,10,sil
2.93380069732666,0,-13,-5,-14,-3,16,35,29,37,58,20,6,24,26,sil
2.93380069732666,-6,-13,-16,-11,-17,22,32,25,35,42,8,0,16,15,sil
2.9491636753082275,-4,-19,-27,-30,-11,8,8,7,21,13,0,-6,4,3,sil
2.9491636753082275,-2,-15,-28,-30,7,-7,-4,1,16,0,-4,-5,0,5,sil
2.964787006378174,1,-4,-24,-3,10,-12,0,0,13,-6,-2,1,2,3,sil
2.964787006378174,10,0,-11,-7,6,-13,0,-1,0,-16,0,9,0,-5,sil
2.9797897338867188,2,4,-9,-18,8,-12,-9,-5,-4,-21,-9,2,-11,-18,sil
2.9797897338867188,-4,9,-5,-3,9,-3,-12,-5,0,-14,-10,-7,-7,-22,sil
2.995077848434448,6,13,13,13,12,4,3,3,6,0,6,-1,3,-10,sil
2.995077848434448,7,19,20,18,16,7,15,4,8,10,6,2,0,0,sil
3.010673761367798,-11,13,6,10,12,4,3,-4,-2,7,-20,-12,-15,-10,sil
3.010673761367798,-20,-5,-7,3,4,5,0,-12,-20,-9,-41,-30,-23,-15,sil
3.025871753692627,-15,-13,0,8,1,19,2,-11,-26,-23,-41,-29,-21,-3,sil
3.025871753692627,-7,-7,5,12,3,25,0,-4,-12,-3,-34,-13,-12,6,sil
3.041057586669922,2,-7,-2,8,4,7,-1,1,8,27,-26,-3,0,11,sil
3.041057586669922,6,-10,-6,0,0,-13,-6,1,17,25,-9,5,12,9,sil
3.056818723678589,5,-9,-5,-4,-11,-14,-6,2,10,9,2,15,23,10,sil
3.056818723678589,5,-3,-8,-7,-15,-8,-1,3,0,0,5,15,18,16,sil
3.0719215869903564,15,4,0,-2,-3,-13,-6,-1,-1,-8,17,12,12,11,sil
3.0719215869903564,21,17,14,10,5,-9,-11,-2,2,-8,29,19,22,0,sil
3.0870721340179443,12,24,20,17,5,1,-4,4,3,-2,31,23,25,0,sil
3.0870721340179443,6,18,10,2,-1,-8,-6,0,-9,-9,32,15,9,0,sil
3.102123260498047,3,7,3,-16,-7,-18,-20,-14,-21,-18,26,6,-6,-13,sil
3.102123260498047,-6,0,4,-8,-6,-2,-11,-8,-14,-15,11,-5,-18,-22,sil
3.1176490783691406,-20,-2,2,6,-4,5,2,1,-12,-13,-4,-25,-30,-26,sil
3.1176490783691406,-20,-3,5,2,-4,0,0,0,-24,-16,-17,-24,-33,-25,sil
3.1337203979492188,-3,-1,7,5,1,8,13,4,-8,-1,-10,-10,-17,-3,sil
3.149386405944824,0,-6,0,11,2,25,33,13,12,7,-6,-13,-10,17,sil
3.149386405944824,-19,-16,-17,-5,-8,18,28,9,7,3,-26,-26,-19,6,sil
3.149386405944824,-20,-19,-27,-18,-8,7,20,9,12,17,-24,-19,-9,4,sil
3.1650166511535645,2,-17,-15,-14,-1,0,15,15,30,32,5,3,13,26,sil
3.1650166511535645,12,-14,-6,-16,-10,-16,-3,8,24,12,7,17,17,26,sil
3.1801576614379883,14,-2,-5,-16,-10,-20,-17,0,8,-3,0,22,14,7,sil
3.1801576614379883,16,8,-2,-4,7,-6,-9,2,6,2,14,26,21,4,sil
3.195781946182251,5,6,-3,-1,11,-4,-5,-7,-1,-3,11,11,15,3,sil
3.211746454238892,-8,2,0,-6,5,-7,-17,-24,-22,-27,-6,-3,-6,-18,sil
3.211746454238892,-6,5,0,0,3,3,-15,-22,-27,-33,-17,-9,-20,-34,sil
3.226951360702514,-4,7,-1,10,0,6,-3,-13,-13,-19,-20,-13,-12,-19,sil
3.226951360702514,-6,8,5,13,0,2,0,-4,-2,8,0,-10,5,2,sil
3.242098093032837,0,8,11,20,8,16,11,9,10,33,17,-2,17,14,sil
3.242098093032837,8,8,12,25,15,26,23,13,18,25,4,-4,9,16,sil
3.257265567779541,3,7,13,22,16,11,12,6,17,13,-4,-2,0,10,sil
3.257265567779541,-1,-1,2,9,3,-2,-6,3,15,24,7,5,10,1,sil
3.272938966751098,2,-12,-10,-9,-11,-7,-7,2,7,21,14,16,22,1,sil
3.272938966751098,11,-7,-7,-18,-7,-14,-11,-1,-4,-7,14,31,14,0,sil
3.28864860534668,11,6,2,-15,0,-20,-31,-12,-14,-27,14,37,0,-10,sil
3.28864860534668,8,13,8,1,0,-10,-23,-17,-13,-11,11,27,-2,-11,sil
3.3041563034057617,10,15,20,20,5,4,0,-2,-1,10,16,24,1,0,sil
3.3041563034057617,10,12,30,14,14,4,-4,6,0,5,15,17,0,3,sil
3.320096969604492,1,9,10,0,2,0,-9,-5,-12,-11,0,-13,-12,-4,sil
3.320096969604492,-9,5,0,4,-3,7,14,-6,-14,-12,-12,-32,-19,-7,sil
3.3361144065856934,-10,-8,0,4,1,11,30,7,-4,-2,-20,-37,-15,0,sil
3.3361144065856934,-15,-22,-11,-10,-1,5,22,11,-4,-1,-35,-49,-20,3,sil
3.351670503616333,-24,-21,-16,-12,-11,0,22,10,0,-3,-30,-41,-22,0,sil
3.351670503616333,-17,-23,-12,-7,-15,-1,24,15,15,1,-17,-20,-7,1,sil
3.367779016494751,-11,-31,-19,-18,-14,-3,12,14,13,5,-18,-13,4,10,sil
3.367779016494751,-9,-21,-24,-20,-7,-4,10,14,14,15,-9,-4,11,13,sil
3.3831889629364014,9,-4,-16,-10,-1,-11,10,12,30,18,11,15,28,16,sil
3.3831889629364014,20,0,-5,-22,-8,-20,-15,0,15,-4,15,25,25,5,sil
3.39872145652771,5,1,-4,-32,-11,-20,-32,-6,-7,-19,10,16,0,-9,sil
3.39872145652771,1,11,-6,-9,0,-10,-21,-10,-11,-20,11,6,-12,-16,sil
3.4141550064086914,16,26,6,19,8,0,-14,-16,-11,-19,14,15,0,-13,sil
3.4141550064086914,14,35,15,22,0,4,-12,-17,-13,-9,7,17,1,-3,sil
3.429759979248047,-7,16,4,0,0,5,-12,-13,-17,-13,-8,0,-15,-2,sil
3.429759979248047,-13,-3,-1,-6,6,11,-16,-13,-18,-16,-5,-8,-16,-10,sil
3.4450387954711914,-3,3,8,6,3,11,-13,-7,-16,5,15,1,0,-6,sil
3.445482015609741,-1,8,13,18,-1,1,-8,-3,-14,11,12,1,1,3,sil
3.4603233337402344,0,3,12,28,8,11,-3,-6,-4,1,3,-2,0,6,sil
3.4603233337402344,7,9,22,35,21,33,11,0,7,15,17,6,7,7,sil
3.475281953811645,5,8,14,25,11,18,20,8,7,19,14,4,2,3,sil
3.475281953811645,-5,-5,-2,6,2,-8,6,-2,-4,-3,-9,-6,-11,-10,sil
3.491098403930664,-11,-12,-7,1,8,1,2,-5,-6,-7,-23,-13,-15,-16,sil
3.491098403930664,-5,-7,-5,6,6,22,20,11,7,16,-20,-13,-4,-2,sil
3.5068001747131348,1,-2,3,6,0,13,26,19,19,23,-7,-2,6,8,sil
3.5068001747131348,5,-1,6,6,2,-2,17,11,16,9,-7,5,10,15,sil
3.5221543312072754,7,-2,-3,3,1,-8,13,9,14,6,-14,3,16,19,sil
3.5221543312072754,5,-8,-8,-13,-9,-15,10,8,21,16,0,6,20,12,sil
3.538151741027832,-1,-16,-14,-34,-12,-19,2,2,24,16,7,6,18,3,sil
3.538151741027832,-8,-16,-22,-33,-1,-9,0,3,14,0,-4,1,15,0,sil
3.553168296813965,-9,-11,-20,-22,-8,-7,-4,4,5,-8,-5,0,8,-3,sil
3.553168296813965,-8,-12,-11,-23,-25,-20,-24,-4,-4,-5,2,0,-7,-6,sil
3.5690062046051025,-3,-4,-1,-20,-16,-15,-27,-5,-13,-4,7,1,-9,-10,sil
3.5690062046051025,11,7,5,-4,6,-2,-6,2,-3,-3,18,3,0,-4,sil
3.5839881896972656,18,8,11,-5,2,-7,0,3,4,3,29,6,2,9,sil
3.5839881896972656,15,10,12,-5,-6,-12,-12,-1,0,7,23,10,3,13,sil
3.5994644165039062,15,18,11,6,1,-7,-14,-7,-11,-17,6,8,1,0,sil
3.5994644165039062,9,16,14,13,8,0,-2,-8,-12,-32,4,6,0,-1,sil
3.615004539489746,0,11,9,27,5,15,11,-9,-6,0,8,0,0,7,sil
3.615004539489746,-8,8,3,31,2,19,3,-13,-21,-4,-18,-15,-23,-2,sil
3.631133556365967,-14,-3,-1,6,-3,12,-7,-11,-43,-48,-42,-29,-41,-21,sil
3.631133556365967,-17,-7,-6,-4,-1,18,3,-5,-27,-31,-25,-21,-27,-14,sil
3.647338628768921,-19,-5,-9,0,2,17,10,0,-1,14,-20,-14,-16,-5,sil
3.647338628768921,-13,-20,-21,-10,-2,-4,2,5,6,13,-29,-22,-11,0,sil
3.663018226623535,0,-20,-24,-21,-4,-12,-2,10,16,4,-11,-4,9,8,sil
3.663018226623535,12,1,-5,-6,4,-8,-3,11,28,17,17,27,28,7,sil
3.67887020111084,12,9,8,4,6,-10,-8,9,17,11,30,28,28,0,please
3.67887020111084,5,12,16,7,5,-2,-13,0,-7,-9,30,18,19,-1,please
3.694077730178833,9,30,24,27,12,4,-6,-8,-10,1,28,19,13,-4,please
3.694077730178833,10,29,31,39,12,0,2,-5,-4,12,24,15,4,-5,please
3.709951400756836,-2,7,20,20,3,3,5,-4,-11,-9,6,0,-12,-5,please
3.709951400756836,-13,-3,-5,0,0,19,14,-2,-4,-9,-11,-8,-20,-11,please
3.7260026931762695,-12,-7,-10,-1,1,22,24,6,19,24,-8,-7,-13,-5,please
3.7260026931762695,-8,-11,-6,2,0,14,16,6,19,28,-12,-12,-13,6,please
3.7411062717437744,-12,-11,-16,-5,-8,0,4,-4,-1,-3,-26,-20,-17,0,please
3.7411062717437744,-9,-15,-12,-20,-12,-10,0,-1,-6,-16,-20,-7,-4,-1,please
3.756697416305542,8,-13,1,-15,-2,-3,2,11,4,9,-3,17,20,20,please
3.756697416305542,16,-3,3,0,3,0,4,15,14,29,9,10,35,28,please
3.772159337997437,8,-2,-2,-3,-2,-2,4,2,15,12,9,-23,24,14,please
3.772159337997437,4,-9,-7,-12,-6,0,0,-6,8,-11,-6,-24,0,3,please
3.7876930236816406,1,-12,-14,-13,-1,7,-1,0,6,-5,-18,0,-6,0,please
3.7876930236816406,-7,-15,-22,-18,-3,2,0,6,14,6,-12,-5,-2,0,please
3.803724527359009,-8,-19,-19,-29,-9,-16,-9,0,10,1,-2,-15,-1,-2,please
3.803724527359009,1,-9,-7,-16,-7,-26,-18,-3,0,6,2,1,-1,-2,please
3.8193509578704834,3,10,4,0,3,-14,-13,-2,-8,3,1,6,-2,0,please
3.8193509578704834,2,13,4,-1,7,-2,-3,-4,-15,-13,-1,0,-6,-9,please
3.8351023197174072,7,7,0,-3,-4,-9,-2,0,-2,0,13,27,3,-10,please
3.8351023197174072,6,14,6,3,-10,-10,-4,5,8,15,34,45,20,2,please
3.850527286529541,7,21,17,12,1,0,-1,0,-2,-10,31,12,12,5,please
3.850527286529541,10,21,21,22,16,3,0,-5,-11,-19,18,-6,-1,-1,please
3.86569619178772,2,17,22,18,11,4,-4,-3,-10,-5,15,14,2,-6,please
3.881772756576538,-5,9,12,3,-2,-4,-10,-7,-24,-27,8,15,3,-5,please
3.881772756576538,0,3,14,8,0,-15,-13,-13,-32,-45,1,5,-3,-5,please
3.881772756576538,7,4,23,22,8,-3,-7,-7,-18,-10,2,7,-1,0,please
3.898025989532471,0,8,15,23,2,7,-5,-4,-14,7,-5,-3,-7,0,please
3.898025989532471,-5,14,9,23,0,0,-3,-6,-23,-13,-16,-11,-19,-5,please
3.913123369216919,-3,7,4,16,8,6,6,-3,-15,-16,-20,-9,-17,-3,please
3.9287147521972656,-9,-16,-9,0,12,28,18,4,6,1,-25,-21,-13,0,please
3.9287147521972656,-8,-20,-17,-1,4,29,26,16,27,23,-24,-25,-8,4,please
3.943839550018311,0,-8,-14,-1,-3,15,28,18,32,34,-11,-15,0,9,please
3.943839550018311,-13,-19,-25,-20,-8,13,10,2,19,19,-9,-21,-9,-4,please
3.959639072418213,-29,-29,-37,-18,-6,9,-1,-9,4,3,-27,-32,-29,-19,please
3.959639072418213,-15,-12,-22,-6,-3,-1,7,-1,-3,1,-35,-22,-25,-11,please
3.9747958183288574,0,-5,-10,-14,-3,2,16,8,8,8,-19,-7,-4,5,please
3.9747958183288574,1,-14,-19,-20,-5,7,11,13,32,22,4,1,13,15,please
3.9898407459259033,2,-10,-13,-16,-5,-5,5,16,31,27,19,8,21,17,please
3.9898407459259033,3,-5,-5,-19,-5,-8,2,10,15,15,8,2,14,12,please
4.005194902420044,0,-11,-6,-20,-7,-2,-9,2,7,2,0,6,15,8,please
4.005194902420044,13,-1,7,-5,-7,-17,-22,5,6,2,26,34,35,13,please
4.027648687362671,25,16,18,5,-4,-29,-18,0,0,0,50,42,35,9,please
4.027648687362671,14,17,14,0,0,-20,-18,-17,-17,-19,31,27,12,-6,please
4.027648687362671,10,11,19,4,3,-18,-27,-16,-30,-31,16,21,4,-9,please
4.036738634109497,19,23,30,19,10,-19,-26,-5,-21,-22,25,20,8,-1,please
4.05170464515686,16,32,27,23,18,-9,-15,-5,-4,-7,31,20,9,3,please
4.05170464515686,0,21,17,20,15,1,-10,-12,-1,-1,26,16,2,0,please
4.066850662231445,-8,5,15,7,0,11,-5,-14,-15,-9,0,-5,-16,-13,please
4.066850662231445,-8,1,0,2,-5,17,12,-8,-10,-7,-31,-29,-23,-18,please
4.08200740814209,-8,3,-3,15,5,17,20,3,3,5,-29,-25,-8,-1,please
4.08200740814209,-7,2,3,17,11,12,11,6,-2,2,-15,-20,-7,3,please
4.097776889801025,-2,2,0,8,1,5,17,0,-6,-5,-14,-21,-18,-4,please
4.097776889801025,-4,0,-3,7,0,5,26,0,-1,-3,-16,-12,-17,-4,please
4.11287260055542,-14,-13,-11,0,0,10,17,3,-7,-6,-28,-10,-12,-1,sil
4.11287260055542,-15,-29,-26,-19,-11,5,7,0,-9,-7,-37,-17,-13,-9,sil
4.12799334526062,-8,-30,-20,-29,-18,-5,11,3,-3,1,-21,-12,-10,-7,sil
4.12799334526062,-3,-19,-7,-20,-8,-1,18,17,2,11,-5,-5,1,7,sil
4.143976449966431,0,-13,-9,-12,0,14,16,24,23,22,-5,2,17,21,sil
4.143976449966431,5,-14,-10,-12,-3,16,3,15,40,35,0,6,21,22,sil
4.159959554672241,7,-7,-4,-6,-4,-3,-16,-4,21,20,3,4,13,7,sil
4.159959554672241,7,3,-1,0,2,-17,-28,-9,-2,-7,6,11,9,-4,sil
4.175223350524902,3,3,-11,-5,4,-12,-24,-2,-2,-5,19,14,12,-5,sil
4.175223350524902,0,2,-8,-13,-1,-14,-21,-7,-2,-3,24,11,4,-8,sil
4.190778255462647,3,17,7,0,0,-18,-18,-7,-3,-22,13,10,-8,-9,sil
4.190778255462647,4,28,11,18,7,-6,-8,1,-1,-20,9,7,-16,-5,sil
4.205907106399536,0,23,12,18,8,0,-4,-4,-11,0,17,6,-16,-5,sil
4.205907106399536,3,17,16,10,0,-10,-3,-11,-17,0,14,7,-6,-1,sil
4.22150444984436,-1,6,14,0,-4,-5,-3,-5,-12,-9,5,0,0,1,sil
4.22150444984436,-8,0,14,3,0,11,0,-7,-9,-9,3,-8,-10,0,sil
4.236993789672852,-1,7,23,22,7,21,12,-2,-7,-4,3,-4,-17,-1,sil
4.252154350280762,0,7,21,21,12,22,18,10,-1,6,7,-3,-4,3,sil
4.252154350280762,-6,-11,-1,4,10,18,15,11,10,25,6,-11,5,6,sil
4.267629146575928,-14,-21,-16,2,2,12,10,4,15,22,-9,-15,2,1,sil
4.267629146575928,-9,-14,-11,7,-9,11,12,7,14,10,-25,-15,1,1,sil
4.284694194793701,4,-6,-8,0,-14,6,21,8,23,17,-21,-9,13,16,sil
4.284694194793701,13,-12,-16,-15,-7,-9,18,5,25,15,-9,3,25,19,sil
4.28510332107544,9,-27,-29,-28,-15,-25,-7,1,6,-11,-12,11,18,1,sil
4.299718379974365,10,-18,-18,-26,-23,-25,-23,-2,-3,-27,-11,16,9,-5,sil
4.299718379974365,20,9,9,-10,0,-17,-10,-1,2,-15,14,28,21,11,sil
4.314907073974609,15,10,6,-5,9,-18,-7,-2,-4,-5,23,23,24,11,sil
4.331529378890991,-6,-3,-13,-17,-2,-21,-23,-12,-24,-18,-4,-1,-1,-18,sil
4.331529378890991,-7,9,-4,-7,6,-7,-22,-14,-24,-21,-9,-8,-14,-21,sil
4.331529378890991,6,22,15,8,18,12,-9,-3,-18,-6,7,0,-8,-5,sil
4.346097946166992,0,6,5,1,4,15,-5,-1,-12,1,3,-8,-12,-9,sil
4.361673593521118,-11,4,-2,0,1,8,0,-5,0,5,3,-9,-11,-9,sil
4.361673593521118,-4,20,12,18,10,7,8,-4,-1,1,9,2,-5,0,sil
4.376987457275391,-5,11,7,26,6,12,13,-6,-13,-12,-10,-5,-21,-10,sil
4.376987457275391,-16,-1,0,12,2,20,13,-2,-11,-1,-14,-9,-25,-14,sil
4.39258074760437,-9,8,16,13,8,18,14,7,-2,23,6,0,-6,2,sil
4.39258074760437,-3,3,11,14,1,4,11,0,-6,10,-7,-9,-14,-2,sil
4.408318281173706,-17,-16,0,0,-4,4,2,-5,-7,-4,-27,-21,-28,-14,sil
4.408318281173706,-10,-8,6,2,5,20,10,15,21,24,-4,-8,-2,6,sil
4.424056053161621,10,6,4,10,8,16,19,27,44,33,11,6,20,28,sil
4.424056053161621,7,-7,-3,-6,-4,-5,10,16,30,9,1,8,16,24,sil
4.439823389053345,0,-21,-9,-13,-11,-16,1,11,22,9,5,6,23,18,sil
4.439823389053345,7,-16,-9,-13,-7,-16,-3,12,29,13,16,12,28,17,sil
4.454784154891968,11,-10,-7,-18,-13,-24,-14,2,13,1,9,12,13,10,sil
4.454784154891968,12,-4,-9,-11,-18,-27,-18,-10,-13,-6,4,4,7,0,sil
4.470710515975952,7,-3,-9,-10,-12,-18,-19,-13,-20,-16,11,0,10,-9,sil
4.470710515975952,3,-7,-4,-19,-9,-10,-18,-9,-17,-28,10,0,0,-11,sil
4.485868692398071,11,4,4,-7,-6,-8,-15,-10,-23,-30,5,-1,-7,-12,sil
4.485868692398071,12,25,10,16,2,0,-9,-11,-18,-20,4,-5,-3,-9,sil
4.501019716262817,-4,25,10,19,15,11,0,-6,-5,-8,-2,-24,-3,-4,sil
4.501019716262817,-13,7,2,13,18,14,12,-1,-1,1,-15,-30,-14,-6,sil
4.516233682632446,-9,-7,-13,8,3,9,12,-2,-1,15,-23,0,-16,-2,sil
4.516233682632446,-14,-15,-19,-5,-9,10,4,0,0,15,-20,30,-9,4,sil
4.531782627105713,-17,-18,-17,-17,-8,9,5,3,7,4,-14,21,0,1,sil
4.531782627105713,0,-9,-11,-10,-2,1,2,8,18,4,0,7,13,0,sil
4.547130346298218,20,8,13,0,5,1,-7,9,16,4,23,22,25,7,sil
4.547130346298218,23,20,29,7,10,2,-11,-1,0,-7,38,29,15,9,sil
4.5622618198394775,14,21,17,9,8,-8,-7,-15,-17,-17,25,11,3,-1,sil
4.5622618198394775,0,17,8,11,10,-12,-4,-10,-25,-12,5,-5,-1,-13,sil
4.577719926834106,-14,13,10,13,7,0,0,-2,-21,-3,-3,-16,-14,-10,sil
4.577719926834106,-9,7,11,15,5,9,12,-1,-11,0,-11,-21,-23,0,sil
4.593837261199951,-2,-2,0,13,9,15,24,0,-5,4,-19,-20,-20,-2,sil
4.593837261199951,-18,-18,-15,-4,0,15,20,0,-5,0,-24,-20,-19,-9,sil
4.609464168548584,-24,-26,-18,-21,-20,6,8,4,0,-3,-28,-23,-13,-1,sil
4.609464168548584,-2,-15,-8,-11,-12,3,6,10,11,9,-23,-16,-1,12,sil
4.624540328979492,2,-4,-1,-3,2,1,1,5,18,15,-13,0,-2,1,sil
4.624540328979492,-9,-12,-10,-9,2,-6,-3,6,17,12,-7,5,0,-7,sil
4.640638828277588,-1,-15,-9,-6,4,-5,-3,16,21,20,7,5,24,10,sil
4.640638828277588,16,-4,0,-3,0,-7,-5,14,29,19,24,9,37,23,sil
4.656789064407349,12,-4,-9,-16,-12,-17,-12,1,22,-3,17,8,16,1,sil
4.656789064407349,0,-1,-11,-21,-9,-14,-15,-2,1,-20,3,5,-3,-13,sil
4.672369956970215,4,15,6,0,0,-12,-16,-6,-10,-12,5,6,-2,-6,sil
4.672369956970215,9,18,15,10,-2,-10,-15,-8,-10,-3,20,8,3,-5,sil
4.687305212020874,4,9,12,0,1,3,-5,-5,-4,-1,39,17,14,-4,sil
4.687305212020874,5,22,16,13,9,11,1,-8,-8,1,28,22,14,8,sil
4.702835559844971,7,29,25,38,6,6,0,-10,-23,-3,0,6,-8,5,sil
4.702835559844971,5,15,15,32,3,16,9,-4,-16,-8,-5,-10,-12,-1,sil
4.718776702880859,3,0,0,9,3,22,20,-1,0,0,-8,-8,-2,7,sil
4.718776702880859,-10,-13,-11,-4,-5,3,13,-4,-1,3,-31,-14,-15,4,sil
4.734118461608887,-17,-21,-21,-8,-16,-10,7,0,0,7,-31,-27,-16,-5,sil
4.734118461608887,-3,-13,-8,-8,-7,-3,10,14,17,18,-10,-11,4,4,sil
4.750047922134399,7,-9,1,-6,2,-3,8,16,22,21,-3,1,9,17,sil
4.750047922134399,5,-15,-14,-17,-5,-14,-9,0,5,0,-5,0,0,2,sil
4.765830755233765,-1,-10,-11,-27,-13,-10,-31,-14,-19,-27,-2,7,-2,-16,sil
4.765830755233765,-1,3,9,-9,0,-1,-30,-9,-33,-30,4,12,-2,-11,sil
4.781396865844727,3,12,19,16,12,-1,-11,-3,-23,-15,16,12,-1,0,sil
4.796499490737915,1,10,17,22,13,5,5,-1,0,-2,15,10,-4,0,sil
4.796499490737915,-7,-1,6,5,9,19,21,6,13,8,-6,-5,-8,0,sil
4.812283515930176,-11,-14,-13,-15,4,11,25,17,21,18,-16,-10,3,13,sil
4.812283515930176,0,-7,-22,-18,0,-9,6,13,30,14,1,9,18,12,sil
4.812283515930176,9,11,-4,-4,0,-17,-9,-4,2,-9,14,16,6,-8,sil
4.828152179718018,7,18,7,13,8,-3,2,-9,-25,-18,10,0,-7,-10,sil
4.828152179718018,-2,6,-3,21,19,17,23,3,0,11,8,-10,0,4,sil
4.84321141242981,-8,-13,-14,1,10,19,15,12,23,27,4,-9,8,6,sil
4.858201742172241,-1,-15,-11,-14,-13,0,-10,3,4,0,2,0,2,-7,sil
4.858201742172241,11,7,2,-3,-13,-9,-18,-7,-13,-25,12,12,2,-14,sil
4.875108242034912,11,21,14,14,3,0,-4,-13,-15,-11,15,5,-3,-9,sil
4.875108242034912,-8,10,8,18,0,1,-1,-13,-19,-4,-9,-17,-25,-9,sil
4.875108242034912,-26,-4,-1,6,-9,0,-9,-10,-19,-13,-30,-31,-36,-21,sil
4.8897881507873535,-22,-12,-7,-3,-9,10,0,-2,-5,3,-13,-29,-22,-15,sil
4.904900550842285,-12,-16,-12,-10,-13,10,11,6,9,26,-4,-20,0,11,sil
4.904900550842285,-13,-22,-17,-20,-18,-5,3,9,15,17,-47,-12,10,15,sil
4.920093059539795,-1,-23,-18,-30,-17,-24,-15,1,9,-2,-86,-6,13,1,sil
4.920093059539795,11,-10,-7,-29,-17,-31,-24,-3,-3,-13,-48,7,15,1,sil
4.935647487640381,20,10,8,-16,-4,-22,-8,1,-1,-5,38,28,20,11,sil
4.935647487640381,35,24,27,1,19,-5,7,8,16,3,89,46,30,17,sil
4.951476573944092,39,31,42,21,27,6,0,6,15,1,72,47,31,13,sil
4.951476573944092,20,36,38,38,18,14,-5,0,0,0,32,20,15,10,sil
4.967216491699219,2,33,29,38,22,21,4,-4,2,9,21,-1,1,10,sil
4.967216491699219,-4,15,19,26,27,22,12,-1,11,12,16,0,-2,5,sil
4.982787609100342,-15,-7,3,16,12,22,8,0,0,2,-9,-4,-21,-2,sil
4.982787609100342,-18,-21,-12,10,-3,18,7,0,-6,1,-28,-16,-35,-8,sil
4.998095989227295,-12,-24,-26,0,-6,3,9,0,6,13,-24,-19,-21,-7,sil
4.998095989227295,-12,-25,-27,-18,-11,-13,8,2,9,11,-16,-12,-6,-1,sil
5.014193058013916,-12,-26,-22,-26,-21,-19,0,5,3,0,-10,-3,-2,1,sil
5.014193058013916,-8,-17,-20,-20,-18,-23,-16,0,-4,-18,0,3,2,-4,sil
5.030055999755859,0,-3,-16,-30,-19,-34,-23,-3,-18,-32,9,8,0,-6,sil
5.030055999755859,16,5,-12,-39,-27,-30,-6,0,-17,-20,15,6,1,0,sil
5.045065402984619,16,14,0,-12,-7,-6,6,0,-8,-7,13,10,6,-3,sil
5.045395612716675,3,19,10,18,14,3,2,-7,-19,-16,4,10,-2,-8,sil
5.060129880905151,-1,13,8,21,12,12,1,-8,-30,-16,-2,-1,-10,-3,sil
5.060129880905151,-4,4,9,21,13,27,8,-3,-18,1,-2,-10,-7,-8,sil
5.076104164123535,-10,0,9,21,18,30,10,0,0,12,-5,-13,-11,-7,sil
5.076104164123535,-6,-2,7,13,11,31,13,1,9,16,-17,-16,-15,5,sil
5.0917158126831055,3,-7,4,10,5,34,21,4,21,25,-24,-14,-2,9,sil
5.0917158126831055,1,-11,-1,2,4,22,17,2,26,25,-17,-9,13,6,sil
5.106918573379517,0,-14,-6,-12,0,10,5,4,20,19,-6,-8,18,9,sil
5.106918573379517,2,-11,-14,-9,-3,-1,0,11,16,18,-12,-6,15,12,sil
5.122991323471069,0,0,-6,-1,-5,-22,-14,7,14,7,-11,3,16,10,sil
5.122991323471069,3,7,4,-3,-7,-30,-24,0,15,-6,13,10,26,2,sil
5.138113975524902,2,0,-10,-12,-5,-26,-17,-2,9,-13,16,4,21,-8,sil
5.138113975524902,-17,-12,-27,-31,-5,-29,-17,-5,-11,-19,-6,-4,0,-19,sil
5.154126882553101,-17,-6,-17,-35,-8,-24,-20,-7,-21,-20,-3,-8,-9,-24,sil
5.154126882553101,9,13,7,-7,-3,-18,-10,0,-11,-20,17,6,3,-13,sil
5.169749736785889,20,28,30,22,6,-17,-6,1,-8,-18,20,26,10,2,sil
5.169749736785889,6,24,31,23,6,-8,-12,-8,-14,-11,12,11,-4,0,sil
5.185771942138672,-5,14,16,11,1,4,-5,-12,-17,-11,3,-15,-20,-11,sil
5.185771942138672,-3,13,9,18,11,17,15,-3,-5,-3,3,-8,-14,0,sil
5.201295614242554,1,8,16,24,16,25,22,1,8,18,7,9,-9,13,sil
5.201295614242554,-2,-10,5,11,1,24,9,3,8,14,-5,-8,-26,2,sil
5.216423511505127,-10,-18,-14,3,-7,18,4,8,8,1,-11,-19,-25,-3,sil
5.216423511505127,0,-4,-9,8,-2,13,11,13,18,19,10,13,3,17,sil
5.232110977172852,12,2,-4,10,0,3,15,8,15,23,20,32,17,27,sil
5.232110977172852,4,-5,-16,-2,-4,-6,5,-1,0,-3,5,10,6,7,sil
5.247740983963013,-9,-15,-22,-20,-9,-12,-6,-2,-1,-11,1,-2,5,-3,sil
5.247740983963013,-3,-12,-14,-19,-10,-12,-10,-1,-4,0,5,11,12,0,sil
5.26289963722229,7,0,0,-16,-9,-14,-18,-5,-19,-9,9,27,8,-4,sil
5.26289963722229,7,7,5,-13,-5,-16,-23,-8,-21,-19,8,21,-1,-12,sil
5.278027772903442,3,13,15,5,7,0,-6,-1,-12,-7,1,8,-10,-9,sil
5.278027772903442,6,12,23,22,17,29,18,2,-6,7,-1,2,-13,0,sil
5.2941741943359375,0,-3,5,3,6,32,27,0,7,12,-6,-1,-9,8,sil
5.2941741943359375,-14,-18,-9,-18,-3,14,21,2,17,16,-20,-11,-13,1,sil
5.310266494750977,-8,-9,3,-9,0,10,22,9,14,23,-33,-16,-23,-1,sil
5.310266494750977,3,0,13,3,1,12,24,7,12,23,-31,-13,-19,7,sil
5.326348543167114,0,-10,0,-11,-3,0,10,4,7,9,-21,-12,-6,5,sil
5.326348543167114,0,-15,-6,-25,-6,-10,-5,3,1,3,-12,-10,4,11,sil
5.341967582702637,13,-3,9,-10,0,-6,-3,0,5,8,-6,1,15,26,sil
5.341967582702637,14,-2,5,0,2,-8,-2,-2,5,0,-10,3,8,14,sil
5.357101440429688,-2,-8,-18,-13,0,-17,-19,-3,-9,-27,-27,-18,-4,-14,sil
5.357101440429688,-9,-5,-17,-16,2,-19,-28,-8,-16,-30,-31,-35,1,-18,sil
5.373062133789063,3,0,-5,0,0,-22,-21,-9,-1,-9,-2,-29,18,-6,sil
5.373062133789063,10,5,-2,8,0,-24,-19,-1,3,0,26,-16,28,-8,sil
5.387772798538208,8,14,0,16,5,-18,-12,0,-6,-5,26,-18,30,-15,sil
5.387772798538208,7,19,4,24,6,-9,-3,-4,-12,-13,20,-21,27,-12,sil
5.403878688812256,5,16,7,19,0,-3,-6,0,-3,-19,26,-15,29,-10,sil
5.403878688812256,-1,14,0,19,0,1,-9,6,6,-5,29,-11,37,-10,sil
5.419762134552002,-13,13,0,28,6,12,-1,1,2,6,25,-20,30,-13,sil
5.419762134552002,-23,6,-2,30,6,20,3,-11,-8,0,13,-32,11,-19,sil
5.435905933380127,-26,-2,-16,21,1,16,3,-16,-16,-5,3,-17,1,-20,sil
5.435905933380127,-28,-8,-26,7,4,14,6,-7,-17,-8,10,9,7,-21,sil
5.450291156768799,-33,-11,-29,8,0,21,16,0,-12,-7,15,6,0,-19,please
5.450291156768799,-35,-15,-29,13,-18,14,9,0,-1,7,19,4,-12,-18,please
5.466093301773071,-24,-12,-21,13,-13,2,0,8,18,35,41,60,7,-11,please
5.466093301773071,3,9,1,19,10,7,9,21,37,40,47,145,21,33,please
5.481693744659424,26,34,29,7,10,11,22,17,33,15,25,157,-15,78,please
5.482694387435913,28,28,27,-38,-4,0,25,13,30,0,-1,96,-54,70,please
5.497291088104248,38,18,23,-59,-2,-9,22,20,27,-4,-36,126,-78,89,please
5.51292872428894,49,33,56,-27,2,-12,3,12,4,-22,-28,158,-117,92,please
5.51292872428894,31,24,58,-36,-7,-13,-15,-7,-15,-35,11,-16,-176,-22,please
5.528059005737305,26,-11,19,-85,-27,-7,-7,-17,-21,-31,-30,-161,-205,-68,please
5.528059005737305,26,-22,-2,-56,-29,-6,-2,-13,-25,-24,-91,-100,-109,9,please
5.543943643569946,0,-20,-1,-26,0,-11,-18,-12,-24,-28,-59,-85,92,-7,please
5.543943643569946,28,-19,55,-76,16,-9,-18,-12,-18,-24,-39,-104,204,-53,please
5.5587077140808105,69,-18,107,-55,-1,-5,-5,-11,-20,2,-70,-31,139,-7,please
5.5587077140808105,-6,-47,0,53,1,-1,-14,-7,-22,39,-52,-39,52,-9,please
5.574123382568359,-75,-75,-130,95,32,9,-12,4,1,71,-2,-98,66,-39,please
5.574123382568359,-44,-46,-82,84,27,24,11,17,31,108,25,-77,92,-9,please
5.590074300765991,-49,-21,-36,83,-3,19,17,7,19,134,29,-89,35,-25,please
5.590074300765991,-76,-23,-77,53,-7,7,0,-12,-12,90,6,-85,-25,-64,please
5.605277061462402,-28,-3,-35,16,5,4,-3,-10,-12,-19,1,16,-9,-20,please
5.605277061462402,8,19,15,11,5,8,14,7,7,-93,16,38,19,22,please
5.6210551261901855,-13,13,-17,1,-1,3,16,13,17,-74,4,0,6,2,please
5.6210551261901855,-20,8,-30,-16,-10,-18,-3,8,22,-46,1,44,0,-10,please
5.636652231216431,11,31,4,-22,-13,-36,-14,1,11,-68,28,83,25,7,please
5.636652231216431,36,54,31,-25,-6,-28,-11,-3,-12,-77,37,57,40,27,please
5.651736497879028,25,46,25,-18,-2,-19,-13,-6,-12,-40,40,49,15,28,please
5.651736497879028,15,37,14,2,-2,-12,-12,-5,4,-15,72,66,-7,22,please
5.667365550994873,31,50,41,29,11,11,3,0,8,-7,90,64,-1,23,please
5.667365550994873,36,56,63,53,25,28,14,0,0,16,59,57,-8,24,please
5.683178901672363,6,33,37,43,18,23,9,-10,-13,25,12,46,-40,14,please
5.683178901672363,-12,3,0,3,0,24,12,-8,-17,11,-16,0,-58,4,please
5.698763132095337,-6,-14,-3,-30,-12,18,17,1,0,8,-27,-36,-60,-3,please
5.698763132095337,-9,-28,-1,-46,-15,-3,6,5,7,21,-37,-25,-56,-14,please
5.714965581893921,-21,-37,-26,-48,-10,-13,-3,6,-1,19,-50,-26,-41,-14,please
5.714965581893921,-20,-36,-39,-40,-12,-6,-8,10,-1,0,-48,-48,-26,-13,please
5.730195760726929,-7,-34,-26,-25,-15,-5,-9,10,14,1,-34,-42,-14,-20,please
5.730195760726929,1,-32,-16,-21,-6,-10,-10,3,14,15,-28,-10,2,-6,please
5.745778560638428,5,-28,-10,-30,1,-4,-11,5,0,8,-16,13,17,15,please
5.745778560638428,8,-13,-3,-18,3,3,-1,10,9,5,4,3,19,8,please
5.761641502380371,13,0,9,1,5,-3,0,-1,8,7,3,-8,14,-3,please
5.761641502380371,12,3,19,2,3,-16,-9,-11,-14,0,-7,5,11,5,please
5.776689767837524,6,12,21,8,1,-10,-3,-5,-16,0,0,8,10,4,please
5.776689767837524,1,19,18,30,9,3,3,-5,-8,0,10,-12,11,-16,please
5.792699813842773,5,10,11,28,8,7,-1,-10,-15,-6,0,-12,11,-17,please
5.792699813842773,12,5,19,13,3,13,7,-3,-19,-5,0,18,14,8,please
5.808063983917236,10,9,24,31,15,23,24,1,-7,3,8,24,16,18,please
5.808063983917236,-12,-9,-13,36,12,15,12,-4,2,9,-3,-5,4,-2,please
5.824075698852539,-32,-26,-32,4,-9,3,0,-8,4,15,-18,-21,-7,-18,please
5.824075698852539,-20,-9,-7,0,-10,4,13,1,9,21,-15,-2,-2,-2,please
5.839728832244873,-4,0,2,8,0,4,18,13,22,15,-12,15,6,16,please
5.839728832244873,-8,-15,-14,-5,-2,-4,1,10,36,18,-5,7,13,11,please
5.855027675628662,-3,-8,-19,-12,-9,-9,-13,0,28,15,3,-15,10,-3,please
5.855418205261231,13,17,-6,-1,0,-13,-21,-5,-9,-21,0,-20,-2,0,please
5.8710997104644775,22,15,-1,2,1,-23,-19,-3,-21,-40,15,-1,1,16,please
5.8710997104644775,22,5,1,-4,-8,-24,-16,0,-2,-20,48,16,21,8,please
5.886715650558472,12,22,12,-1,-7,-12,-15,0,-7,-18,44,12,15,-14,please
5.886715650558472,2,31,20,7,4,1,-7,-4,-28,-28,11,0,-7,-13,please
5.901772737503052,-5,12,18,3,10,22,11,0,-18,-18,-2,-5,-12,0,please
5.901772737503052,-20,-9,-8,-5,3,34,29,5,9,0,-4,-18,-2,-6,please
5.917067766189575,-22,-18,-23,-15,-12,12,17,3,15,8,-20,-27,-7,-5,please
5.917067766189575,-11,-17,-14,-18,-15,-10,-5,11,8,9,-15,-21,-15,7,please
5.933115720748901,-2,-6,-15,-8,1,-6,-7,15,10,10,13,-13,-1,4,please
5.933115720748901,5,8,-9,-2,9,0,-4,0,2,0,22,9,11,-5,please
5.947919607162476,6,16,5,-2,2,-6,-11,-15,-19,-16,7,18,0,-8,sil
5.947919607162476,-12,6,4,1,5,2,-5,-15,-34,-20,-13,-12,-30,-12,sil
5.963128089904785,-28,-13,-9,0,7,22,18,-2,-8,3,-26,-38,-37,-15,sil
5.963128089904785,-12,-19,-12,-5,-2,20,27,10,31,33,-16,-17,-9,2,sil
5.978716611862183,17,-3,9,-5,-4,-1,5,15,37,38,4,30,16,30,sil
5.978716611862183,17,-2,6,-4,0,-19,-9,5,17,21,15,49,19,19,sil
5.993878126144409,0,-13,-20,-13,-7,-19,-6,-8,-4,-12,5,30,2,-10,sil
5.993878126144409,0,-5,-5,-15,-10,-11,-4,-9,-13,-24,-14,23,-5,-10,sil
6.0096635818481445,20,13,21,0,-1,-22,-12,-8,-2,0,-20,36,1,6,sil
6.0096635818481445,24,21,25,11,4,-23,-16,-7,-6,7,-6,50,0,8,sil
6.034077882766724,15,16,21,18,7,-5,-9,-4,-20,0,9,52,0,2,sil
6.034077882766724,17,12,27,22,1,0,-5,0,-11,3,18,22,8,4,sil
6.034077882766724,13,18,31,25,0,2,0,-1,0,-2,11,-29,0,-1,sil
6.041109800338745,-12,11,9,23,9,10,4,-6,-6,-15,-3,-52,-11,-20,sil
6.05718731880188,-27,-7,0,7,7,14,-2,-5,-17,-16,-16,-37,-17,-15,sil
6.05718731880188,-15,-9,7,7,7,25,11,1,-1,-3,-13,-32,-9,0,sil
6.071892023086548,-2,-3,2,16,7,31,34,12,17,13,-10,-37,10,10,sil
6.08702540397644,6,-5,-7,0,-2,20,28,22,20,17,-14,-25,24,25,sil
6.08702540397644,2,-18,-30,-16,-6,11,17,16,21,11,-5,-19,15,16,sil
6.102555990219116,-9,-32,-40,-25,-6,1,9,5,14,5,11,-14,6,0,sil
6.102555990219116,-2,-23,-23,-27,-9,-10,-5,7,11,3,27,7,22,3,sil
6.117722034454346,10,-1,-13,-16,-6,-19,-22,0,11,-3,28,22,24,2,sil
6.117722034454346,0,7,-4,-10,-3,-20,-30,-9,-10,-15,5,18,-6,-11,sil
6.133827447891235,-15,4,0,-3,-2,-11,-20,-9,-20,-2,-3,8,-14,-13,sil
6.133827447891235,-8,3,3,5,0,-2,-8,-5,-7,6,8,2,2,-3,sil
6.149441719055176,-7,10,0,7,0,4,-7,-5,-9,-3,0,-4,-4,-5,sil
6.149441719055176,-17,1,-14,1,6,11,4,-6,-11,-5,-21,-14,-21,-6,sil
6.164978265762329,-8,-11,-7,-5,4,15,18,1,8,2,-18,-6,-12,8,sil
6.164978265762329,7,-6,0,-6,-5,5,10,3,22,11,3,0,11,11,sil
6.180145740509033,16,0,-1,-11,-8,-18,-14,-10,2,5,14,9,12,-2,sil
6.180145740509033,17,5,11,-9,0,-29,-27,-12,-17,-18,7,25,-4,-11,sil
6.195941686630249,4,18,10,13,9,-14,-10,-4,-9,-21,3,9,-11,-18,sil
6.195941686630249,-6,28,6,19,11,0,8,2,-9,-8,2,-1,-15,-15,sil
6.211277723312378,-10,20,13,12,5,6,18,5,-9,0,-7,1,-17,-2,sil
6.211277723312378,-12,-3,0,11,1,11,28,0,2,12,-30,-24,-12,1,sil
6.227340698242188,-5,-16,-4,-7,0,8,21,8,4,17,-37,-31,-17,7,sil
6.227340698242188,-3,-9,-8,-11,-1,0,8,6,12,20,-7,0,-8,11,sil
6.242963075637817,1,-7,-8,-2,-7,-12,-3,1,17,7,10,9,12,8,sil
6.242963075637817,18,-3,21,-9,-12,0,-7,16,1,-11,8,16,16,13,sil
6.258143663406372,23,8,4,9,0,15,1,-3,6,-1,26,20,20,6,sil
6.258143663406372,21,18,15,16,8,-2,-19,-7,-11,-21,21,25,5,2,sil
6.274124383926392,7,25,55,20,7,7,-17,16,-26,-35,6,17,-5,3,sil
6.274124383926392,-18,-9,-42,49,8,23,26,-35,14,20,14,-36,15,-16,sil
6.288856983184815,-10,-40,-4,-27,-20,-13,-24,-2,-28,-12,-35,-8,-21,10,sil
6.288856983184815,10,6,90,-35,-21,8,-28,52,-20,-13,-13,54,-4,30,sil
6.304010391235352,3,-6,-135,91,23,5,63,-82,109,107,95,-26,101,-26,sil
6.304010391235352,13,-54,-68,-42,-19,-74,-41,-26,-15,-19,0,5,6,11,sil
6.319746017456055,12,33,245,-152,-56,-4,-104,148,-136,-144,-80,126,-81,64,sil
6.319746017456055,-20,61,-8,65,26,66,61,-23,53,50,67,-6,56,-40,sil
6.33562970161438,-6,-21,-184,84,45,-26,48,-111,68,71,61,-83,45,-57,sil
6.33562970161438,15,0,66,-45,1,-22,-36,48,-53,-60,-46,19,-60,17,sil
6.351179838180542,-12,29,36,19,19,39,33,19,10,0,-11,-23,-16,-14,sil
6.351179838180542,-24,-15,-65,29,20,5,37,-41,21,33,-19,-77,-15,-37,sil
6.366680145263672,-21,-21,1,-25,-1,3,1,14,-22,0,-66,-30,-47,-2,sil
6.366680145263672,-22,-15,-21,-17,-2,25,25,16,19,25,-39,-31,-5,1,sil
6.382230520248413,-10,-28,-37,-48,-11,3,17,11,35,24,-20,-30,5,11,sil
6.382230520248413,-8,-30,-18,-66,-14,-7,-5,15,17,3,-21,-9,-2,14,sil
6.3979997634887695,-5,-19,-30,-21,-6,-19,-24,-10,-5,-12,-6,-1,5,-3,sil
6.3979997634887695,18,10,0,4,-2,-28,-40,-11,-32,-23,18,25,8,1,sil
6.413066864013672,23,35,19,7,4,-14,-22,-6,-20,-8,41,29,14,2,sil
6.413066864013672,4,26,15,7,8,-4,-11,-12,-17,-13,24,0,-1,-17,sil
6.4288530349731445,1,16,38,26,8,12,-9,0,-22,-17,1,8,-18,-4,sil
6.4288530349731445,3,11,30,51,13,31,15,0,14,28,10,20,4,18,sil
6.443828105926514,-2,-2,3,32,3,21,25,5,29,43,7,1,7,11,sil
6.443828105926514,-8,-12,0,1,-13,11,23,17,13,13,-7,0,-9,3,sil
6.45923376083374,1,-12,-5,-3,-15,0,16,6,18,-5,0,15,5,20,sil
6.45923376083374,22,-1,9,-6,-17,-26,-13,1,11,-21,10,26,18,30,sil
6.475353479385376,27,14,16,9,-11,-29,-23,3,0,-15,26,33,23,6,sil
6.475353479385376,25,23,15,22,-1,-20,-13,-6,-3,-4,41,49,33,-5,sil
6.490081071853638,27,23,31,10,-4,-16,-16,-10,-22,-20,31,43,16,1,sil
6.505640745162964,0,10,6,12,-2,-3,-9,-14,-29,-22,8,-4,-6,-19,sil
6.505640745162964,-27,-3,-13,15,11,14,7,-4,-27,-10,-17,-31,-20,-35,sil
6.505640745162964,-25,-5,-1,19,23,30,24,0,-15,0,-24,-23,-23,-19,sil
6.521670818328857,-12,-14,-4,16,17,30,20,-3,2,9,-23,-22,-19,-2,sil
6.521670818328857,-7,-26,-13,-17,-1,16,2,9,9,7,-32,-28,-16,5,sil
6.537633180618286,-19,-32,-33,-44,-7,0,12,7,18,7,-27,-44,-6,6,sil
6.553145408630371,-24,-30,-38,-51,-7,-15,16,4,15,3,-29,-42,-2,10,sil
6.553145408630371,0,-7,-16,-34,-5,-12,0,11,11,6,-11,3,4,9,sil
6.569255590438843,24,14,-8,-9,0,-11,-14,-3,7,8,33,35,14,-3,sil
6.569255590438843,21,26,12,-2,2,-25,-27,-12,-20,-10,34,28,3,-5,sil
6.569255590438843,-1,25,21,5,3,-19,-29,-15,-27,-12,6,3,-5,-14,sil
6.585450649261475,-15,10,9,3,3,1,-18,-12,-14,-7,-8,-13,-10,-26,sil
6.600242614746094,-9,3,13,0,3,21,2,0,-4,-5,-21,-20,-13,-10,sil
6.600242614746094,-4,-4,3,11,0,21,20,1,12,13,-23,-22,-9,11,sil
6.615771770477295,-1,-19,-1,8,-8,13,15,11,24,26,-14,-5,0,24,sil
6.615771770477295,0,-17,1,0,-5,11,16,21,26,25,-3,6,16,24,sil
6.6312665939331055,0,-12,-9,-4,0,0,18,16,32,16,-2,0,16,15,sil
6.6312665939331055,5,-7,-11,-8,-8,-7,2,16,36,8,9,11,17,13,sil
6.647353887557983,23,3,0,-6,-6,-7,-11,10,24,5,31,34,39,17,sil
6.647353887557983,26,9,-4,-2,1,-13,-7,-5,-3,-9,32,30,35,6,sil
6.662881851196289,4,8,-18,-2,1,-15,-5,-11,-21,-27,19,0,0,-17,sil
6.662881851196289,-5,9,0,-8,-2,-7,-18,-5,-34,-36,7,-10,-20,-25,sil
6.67849326133728,0,16,12,2,4,-5,-15,-19,-34,-24,5,0,-14,-23,sil
6.67849326133728,-4,15,1,25,18,-9,0,-33,-27,-9,9,0,-9,-20,sil
6.694110155105591,0,15,40,16,15,5,-5,1,-43,-21,-4,3,-31,0,sil
6.694110155105591,5,26,68,15,9,30,2,21,-37,-13,-20,12,-38,1,sil
6.7101686000823975,-14,9,-22,51,15,24,33,-27,16,41,-2,-19,-4,-21,sil
6.7101686000823975,-9,-24,-36,22,0,-4,6,-19,11,28,-6,-18,-6,-1,sil
6.725707292556763,19,0,95,-23,-25,10,-18,57,-20,-9,-29,40,-26,40,sil
6.725707292556763,-2,11,-20,56,2,34,56,-5,72,84,22,-15,36,-4,sil
6.741742134094238,-31,-63,-193,42,13,-27,48,-86,84,95,25,-88,42,-36,sil
6.741742134094238,-9,-58,19,-107,-31,-50,-58,41,-60,-61,-68,21,-56,34,sil
6.757412672042847,-7,12,101,-54,-22,20,-18,74,-24,-39,-34,49,-21,32,sil
6.757412672042847,-22,-5,-73,25,6,16,26,-29,58,49,26,-48,45,-22,sil
6.773040056228638,-1,-12,-6,-36,-8,-12,-32,4,-20,-15,-16,-14,-5,6,sil
6.773040056228638,19,23,52,-5,2,10,-12,25,-10,-15,0,26,-1,19,sil
6.788814306259155,20,7,-26,24,11,0,7,-13,40,18,31,0,32,4,sil
6.788814306259155,11,0,-5,-22,-9,-7,-13,7,-1,-32,5,13,12,9,sil
6.804027080535889,0,8,0,-9,-9,0,10,0,-5,-57,14,14,12,-7,sil
6.804027080535889,3,2,-15,-8,-3,-17,10,-12,12,-52,17,0,12,-11,sil
6.819084644317627,8,10,15,-20,-3,-18,-12,4,0,-38,12,13,6,3,sil
6.819084644317627,1,15,10,10,10,-7,-11,-5,-12,-33,28,7,7,-3,sil
6.835135221481323,-4,8,5,14,16,-9,-12,-11,-23,-45,-5,-5,-9,-7,sil
6.835135221481323,0,7,20,2,3,-3,-9,0,-13,-1,-60,2,-13,0,sil
6.851033449172974,18,6,14,4,0,0,0,2,0,55,-36,19,11,6,sil
6.851033449172974,23,9,9,5,1,3,0,0,-4,46,35,23,18,7,sil
6.866670846939087,9,10,10,9,0,8,-1,-9,-14,21,52,10,-2,0,sil
6.866670846939087,-3,0,3,12,2,7,2,-10,-17,22,9,-11,-23,-17,sil
6.882689476013184,-14,-8,-8,5,3,11,9,0,-9,20,-14,-33,-29,-27,sil
6.882689476013184,-17,-7,-16,6,0,14,15,3,5,17,-7,-34,-21,-19,sil
6.898855924606323,-12,-8,-6,6,0,3,4,0,-2,7,-11,-12,-11,-3,sil
6.898855924606323,-19,-7,-4,3,0,5,-2,-4,-14,-8,-23,-8,-11,-4,sil
6.913900136947632,-24,-6,-14,7,3,20,12,-3,3,3,-12,-21,-9,-5,sil
6.913900136947632,-6,-10,1,7,0,15,22,6,20,27,0,-6,1,5,sil
6.930023908615112,1,-13,6,0,-2,2,17,7,12,19,-8,3,1,9,sil
6.930023908615112,0,-12,-7,-11,0,1,9,0,3,2,-16,-1,-6,4,sil
6.945452451705933,-1,-10,0,-14,0,0,0,2,9,3,-8,1,-3,4,sil
6.945452451705933,-12,-9,-4,-8,-6,-12,-11,0,19,9,-4,0,6,5,sil
6.960704326629639,3,-2,-1,-3,-8,-15,-5,6,20,4,5,12,17,20,sil
6.960704326629639,29,11,13,0,-2,-8,8,23,23,1,34,39,35,36,sil
6.976810216903687,16,9,0,-5,-1,-19,-11,7,9,-8,27,28,31,20,sil
6.976810216903687,4,5,-8,-14,-7,-24,-45,-16,-22,-37,-3,7,0,-5,sil
6.992905855178833,17,10,0,-7,-1,-5,-25,-9,-19,-43,11,16,4,-5,sil
6.992905855178833,19,18,4,-8,2,-3,0,7,6,-21,30,20,20,6,sil
7.0080766677856445,8,26,7,0,2,-5,-3,3,10,-1,14,1,5,-3,sil
7.0080766677856445,6,19,10,25,12,11,2,-8,-1,1,0,-12,-16,-17,sil
7.024125337600708,2,4,12,28,15,28,15,-7,-14,-7,-12,-15,-23,-6,sil
7.024125337600708,-15,-4,-4,17,4,20,15,0,-14,-2,-28,-28,-19,-1,sil
7.0396599769592285,-29,-21,-19,0,-1,-2,5,3,-5,9,-27,-34,-15,-10,sil
7.0396599769592285,-23,-22,-13,-14,-5,-11,-2,0,2,9,-12,-18,-3,-10,sil
7.055174112319946,-4,-7,-8,-8,-9,-9,-6,-6,6,0,0,0,12,0,sil
7.055174112319946,6,-5,-4,-6,-5,-16,-12,-8,-1,-9,6,8,17,1,sil
7.070868253707886,-2,-4,-7,-9,-2,-13,-7,-9,-10,-9,11,3,11,-15,sil
7.070868253707886,-5,16,5,3,3,6,8,-4,-11,-5,15,5,3,-17,sil
7.086687088012695,11,32,36,29,16,26,23,3,-11,0,14,18,4,6,sil
7.086687088012695,15,15,23,32,19,29,24,0,-17,9,3,6,-3,13,sil
7.102320432662964,-5,-15,-5,2,2,14,9,-1,-20,5,-22,-15,-29,-4,sil
7.102320432662964,-20,-30,-15,-24,-12,-3,-2,2,-7,-1,-33,-19,-32,-8,sil
7.117490768432617,-18,-29,-15,-26,-17,-5,-2,3,7,4,-26,-13,-15,0,sil
7.117490768432617,-9,-18,-14,-16,-14,1,4,11,22,18,-21,-13,-11,1,sil
7.133169889450073,0,-5,-11,-14,-2,0,7,14,31,18,-10,-6,-9,5,sil
7.133169889450073,5,0,0,-16,1,-9,-4,3,13,0,6,12,5,13,sil
7.149282693862915,10,4,15,-6,-2,-5,-13,0,6,1,20,19,19,6,sil
7.149282693862915,18,3,13,0,-7,-6,-7,2,16,14,15,18,21,5,sil
7.164409160614014,19,-8,4,-17,-15,-21,-13,0,2,0,6,20,14,10,sil
7.164409160614014,9,0,0,-16,-15,-23,-28,-5,-12,-16,9,15,8,1,sil
7.179877281188965,7,26,12,11,0,-12,-27,-5,-11,-13,14,15,7,-7,sil
7.179877281188965,17,32,15,19,14,-5,-13,-6,-15,-23,12,15,6,-2,sil
7.194755792617798,13,25,4,16,18,2,0,-6,-8,-25,13,5,8,4,sil
7.194755792617798,-6,23,1,20,15,16,4,1,6,2,15,-7,4,-5,sil
7.210247993469238,-22,6,-11,18,14,20,12,0,0,19,4,-26,-6,-22,sil
7.210247993469238,-23,-10,-13,18,21,20,24,-2,-2,11,-1,-24,-5,-15,sil
7.226211786270142,-12,-4,2,24,20,26,29,8,20,21,2,-2,5,8,sil
7.226211786270142,-2,-5,0,11,9,25,21,15,26,35,0,0,5,16,sil
7.240874290466309,-3,-17,-6,-1,1,9,11,3,2,17,-8,-7,-5,8,sil
7.240874290466309,-2,-13,-4,5,-6,-3,11,-2,0,0,-9,-2,-4,9,sil
7.256259918212891,2,-14,0,0,-13,-12,4,3,14,8,-7,0,3,16,sil
7.256259918212891,0,-19,-1,-20,-18,-23,-9,1,10,6,-4,-5,5,10,sil
7.272202014923096,0,-7,-8,-21,-26,-31,-19,-16,-18,-32,-3,-7,0,-8,sil
7.272202014923096,2,2,-3,-14,-24,-24,-25,-27,-42,-63,-9,-3,-12,-27,sil
7.288246631622314,-6,1,1,-9,-6,0,-14,-16,-31,-31,-16,-8,-24,-22,sil
7.288246631622314,-11,0,0,-3,3,23,12,7,-3,10,-17,-15,-24,0,sil
7.303781986236572,3,4,-1,1,2,19,29,25,17,20,-16,-3,-4,16,sil
7.303781986236572,14,4,2,0,0,0,15,20,27,20,-4,16,19,20,sil
7.319058656692505,10,-2,3,-11,-4,-11,-7,10,15,5,10,22,21,10,sil
7.319058656692505,7,-4,-3,-19,-1,-11,-15,3,3,-12,16,18,5,-2,sil
7.334153652191162,5,14,0,-1,14,-6,-11,0,4,-1,21,22,9,-4,sil
7.334153652191162,13,26,12,15,18,-5,-3,0,4,5,30,30,25,2,sil
7.349767208099365,16,12,5,2,2,-9,0,-5,-7,-10,22,24,13,2,please
7.349767208099365,-4,0,0,-14,-2,-14,-15,-17,-34,-21,-2,-3,-15,-17,please
7.365066051483154,-15,2,3,0,2,-4,-26,-17,-43,-17,-12,-26,-26,-28,please
7.365066051483154,-5,1,7,15,6,12,-11,-7,-20,-7,-4,-15,-19,-16,please
7.381121397018433,-6,0,5,15,10,15,2,-1,0,2,-6,-6,-16,-5,please
7.381121397018433,-19,-3,-6,14,11,14,6,0,-4,7,-13,-26,-18,-8,please
7.396715402603149,-21,-12,-9,11,1,15,7,-1,-8,9,-12,-34,-21,-8,please
7.396715402603149,-9,-15,-5,4,-9,13,7,-1,7,12,-16,-23,-17,0,please
7.412761211395264,-3,-18,-12,-5,-11,9,11,6,23,11,-19,-14,-5,6,please
7.427977323532104,0,-17,-12,-9,-6,13,16,14,27,18,-11,-6,12,12,please
7.427977323532104,3,-11,-8,-10,-3,15,16,11,27,32,-9,-1,22,18,please
7.427977323532104,0,-17,-8,-21,-11,1,1,2,13,12,-19,-2,2,12,please
7.444072008132935,-3,-17,-6,-20,-15,-13,-6,-2,1,-18,-16,2,-3,2,please
7.444072008132935,9,0,0,-9,-6,-17,2,7,19,-18,20,18,32,11,please
7.458822250366211,28,8,6,-15,-4,-20,8,18,32,0,56,39,59,22,please
7.474944114685059,29,17,20,0,0,-23,-1,11,18,20,57,48,44,14,please
7.474944114685059,19,34,33,33,16,-15,-8,1,4,26,40,34,23,9,please
7.490424156188965,13,29,22,23,18,-6,-4,0,-5,3,20,12,5,8,please
7.4914231300354,11,17,8,3,11,-7,-3,-10,-16,-16,9,6,-8,-4,please
7.4914231300354,0,18,10,13,11,-3,-7,-17,-18,-13,11,9,-9,-13,please
7.5063557624816895,-20,5,1,9,1,4,-15,-18,-29,-26,-6,-10,-17,-20,please
7.5219104290008545,-28,-5,-12,-2,-9,3,-17,-21,-45,-39,-36,-37,-37,-30,please
7.5219104290008545,-15,2,-12,12,0,1,2,-13,-23,-9,-25,-31,-29,-16,please
7.536973714828491,-10,-2,-9,18,7,10,20,4,3,4,-9,-14,-11,7,please
7.536973714828491,-17,-14,-6,-1,7,19,12,6,-3,-18,-30,-15,-25,0,please
7.55264401435852,-12,-10,-6,0,5,20,12,6,0,-1,-40,-19,-30,-9,please
7.55264401435852,-6,-13,-10,1,-3,17,23,18,25,32,-22,-11,-9,0,please
7.568192481994629,-3,-20,-14,-16,-14,16,16,22,24,23,-11,0,2,7,please
7.568192481994629,2,-13,-13,-24,-15,7,-5,4,8,10,-4,10,9,7,please
7.5843682289123535,2,-10,-9,-21,-14,-9,-20,-7,2,10,6,9,16,5,please
7.5843682289123535,1,-12,-11,-23,-9,-15,-15,-2,-2,-5,7,2,12,-2,please
7.599954605102539,14,0,1,-12,3,-9,-10,1,-9,-14,15,14,14,-1,please
7.599954605102539,34,18,23,13,6,-15,-8,0,-1,4,42,34,30,16,please
7.615060806274414,38,24,21,18,0,-24,-9,-3,3,4,49,30,28,20,please
7.615060806274414,19,18,14,7,9,-17,-13,-5,-5,-15,25,12,8,1,please
7.631031274795532,2,11,16,14,12,-4,-12,0,-9,-4,0,0,0,-7,please
7.631031274795532,-4,4,7,14,0,0,-5,-4,-10,7,-9,-11,-11,-11,please
7.646081447601318,-17,-6,-8,-7,-7,-2,0,-17,-22,-20,-25,-28,-34,-22,please
7.646081447601318,-27,-8,-11,-13,-5,7,5,-14,-21,-33,-38,-37,-36,-25,please
7.661661148071289,-23,-2,-1,0,-1,25,17,0,-4,0,-26,-30,-19,-15,please
7.661661148071289,-16,-3,0,8,5,25,31,4,15,25,-8,-17,-8,0,please
7.677221298217773,-15,-4,-3,5,7,11,27,8,25,20,-12,-7,-3,11,please
7.677221298217773,-6,-7,-3,-1,7,7,12,16,25,16,-10,0,2,8,please
7.692740440368652,1,-14,-7,-6,9,7,6,12,25,27,11,8,10,12,please
7.692740440368652,0,-14,-4,-5,3,0,0,2,23,24,20,17,18,22,please
7.707881212234497,0,-6,-2,0,-9,-5,-4,4,16,10,12,17,25,20,please
7.707881212234497,9,-6,-5,-12,-14,-7,-11,5,2,-2,12,11,24,6,please
7.724055528640747,7,-11,-5,-27,-14,-14,-28,-3,-18,-26,6,10,12,-5,please
7.724055528640747,0,-4,-1,-17,-14,-18,-26,-4,-17,-37,1,9,4,-5,please
7.739280462265015,10,14,4,0,-6,-16,-7,3,4,-15,15,15,14,2,please
7.739280462265015,24,27,6,5,3,-13,-3,2,8,1,18,21,23,5,please
7.754395484924316,16,22,3,8,7,-3,-5,-11,-9,-10,5,11,8,-3,please
7.754395484924316,-1,12,2,8,7,0,1,-11,-16,-20,0,-3,-13,-17,please
7.770071268081665,-9,5,0,12,2,-1,6,-1,-8,-4,-7,-18,-27,-22,please
7.770071268081665,-12,-3,0,9,-1,1,4,0,-5,1,-25,-27,-35,-16,please
7.78611159324646,-10,-3,-1,6,5,7,4,0,-5,0,-19,-21,-29,-9,please
7.78611159324646,6,11,11,17,19,11,7,4,0,9,8,1,-6,0,please
7.80179762840271,11,17,23,25,16,16,5,-1,-8,16,11,8,-1,11,please
7.80179762840271,-5,0,6,14,1,13,0,-13,-26,3,-7,-8,-16,7,please
7.816837787628174,-4,-9,-2,0,-5,6,3,-6,-20,-6,-10,-2,-12,3,sil
7.816837787628174,6,-1,5,0,-2,7,14,3,3,4,-1,15,8,15,sil
7.832212686538696,-3,-5,-7,2,-4,3,12,2,7,16,-11,-1,5,17,sil
7.832212686538696,-9,-13,-11,0,-5,10,14,10,7,17,-17,-19,0,8,sil
7.8478498458862305,2,-7,2,0,0,21,26,18,32,27,1,0,21,16,sil
7.8478498458862305,0,-9,-2,-10,0,1,13,5,36,34,11,9,29,17,sil
7.863090515136719,-7,-17,-14,-24,-4,-20,-8,0,15,19,-1,0,11,-2,sil
7.863090515136719,-1,-9,-9,-19,-4,-14,-17,0,11,-6,-1,2,10,-10,sil
7.877728462219238,-3,-6,-3,-12,-2,-18,-29,-10,1,-25,8,7,9,-12,sil
7.877728462219238,-6,-9,-14,-19,-6,-28,-38,-11,-18,-29,3,0,-3,-22,sil
7.893768548965454,5,0,-11,-20,-10,-21,-32,1,-14,-27,5,5,1,-21,sil
7.893768548965454,14,6,3,-8,-6,-15,-24,0,-10,-31,22,15,21,-10,sil
7.909662246704102,8,13,9,1,0,-7,-8,-10,-23,-44,26,8,8,-8,sil
7.909662246704102,3,25,6,10,2,10,10,-4,-11,-30,5,4,-24,-6,sil
7.925246000289917,0,20,3,15,1,16,12,5,11,8,-14,-5,-35,-1,sil
7.925246000289917,-11,2,4,11,5,9,5,0,-8,-2,-15,-27,-32,-8,sil
7.939857244491577,-18,-3,5,8,12,14,8,-7,-30,-30,-12,-29,-34,-14,sil
7.939857244491577,-7,0,3,12,10,24,15,3,-3,15,-18,-13,-26,1,sil
7.956078767776489,6,0,7,13,5,25,26,17,27,65,-10,0,-1,22,sil
7.956078767776489,12,0,9,4,0,14,31,12,28,46,0,8,21,27,sil
7.971151351928711,5,-2,0,-12,-10,-8,10,3,14,21,-5,10,27,17,sil
7.986692667007446,0,-10,-10,-16,-16,-21,-2,2,7,19,-9,5,20,10,sil
7.986692667007446,2,-12,-10,-6,-3,-13,8,6,21,16,4,8,21,15,sil
8.002702236175537,4,-6,-4,-3,7,-5,1,8,24,13,19,17,27,17,sil
8.002702236175537,3,-1,-4,-4,-1,-9,-19,-2,-1,-3,23,12,21,8,sil
8.018150806427002,4,2,-2,-1,-9,-14,-25,-18,-26,-19,23,5,8,-5,sil
8.018150806427002,0,14,8,8,5,-8,-17,-19,-24,-8,15,2,0,-17,sil
8.042711019515991,-5,17,10,19,15,3,-10,-8,-17,-11,0,-3,-15,-19,sil
8.042711019515991,-7,5,8,19,13,11,-1,-5,-17,-21,-6,-6,-27,-12,sil
8.042711019515991,-4,0,7,18,10,16,14,-1,-6,-1,-5,-9,-17,-6,sil
8.042711019515991,-10,-6,1,9,0,16,19,4,4,0,-21,-19,-12,-7,sil
8.051246881484985,-21,-29,-18,-25,-13,0,3,4,3,-18,-28,-22,-11,-6,sil
8.065632581710815,-8,-30,-26,-39,-14,-14,-6,5,12,-3,-3,-2,9,9,sil
8.081086874008179,14,2,0,-13,-4,-9,-13,4,15,8,13,21,24,16,sil
8.081086874008179,19,18,12,3,0,-5,-22,-11,-8,-13,6,19,8,-5,sil
8.096237897872925,6,7,3,-3,-2,-5,-14,-22,-27,-25,0,-2,-12,-22,sil
8.096237897872925,-8,7,7,0,0,8,4,-5,-18,-15,-6,-12,-22,-17,sil
8.111775398254395,-5,11,15,19,3,22,17,8,-2,-3,-7,-9,-20,-4,sil
8.111775398254395,4,3,11,26,8,20,26,12,8,13,-6,-5,-8,10,sil
8.127447843551636,0,-12,-5,4,0,9,21,13,18,28,-13,-4,3,16,sil
8.127447843551636,-1,-16,-20,-13,-16,-10,-1,8,9,12,-7,1,10,8,sil
8.143120050430298,18,4,2,1,-7,-24,-11,7,-4,-5,21,22,19,8,sil
8.143120050430298,30,24,26,22,10,-14,0,15,5,6,34,33,22,18,sil
8.158686637878418,8,18,13,15,18,1,3,4,16,12,19,16,9,8,sil
8.158686637878418,-11,5,-8,8,19,12,6,-6,12,2,-3,-9,-4,-6,sil
8.174099683761597,-8,-1,-17,5,8,17,14,5,16,10,-10,-15,-1,0,sil
8.174099683761597,0,-7,-13,-8,-6,5,7,12,23,26,5,3,17,18,sil
8.189482927322388,2,-7,-11,-25,-15,-21,-15,-4,10,17,17,14,27,11,sil
8.189482927322388,0,-2,-14,-27,-9,-32,-35,-23,-17,-12,5,0,3,-15,sil
8.20470380783081,-7,1,-7,-9,1,-12,-27,-20,-27,-29,-5,-17,-19,-23,sil
8.205118656158447,-15,0,0,4,3,12,8,0,-8,-2,-10,-21,-17,-7,sil
8.220661401748657,-23,-14,-9,-17,-4,15,23,10,12,23,-24,-19,-12,-1,sil
8.220661401748657,-19,-30,-23,-48,-18,-6,-5,-1,5,-1,-31,-14,-15,-8,sil
8.236718654632568,-2,-16,-7,-37,-23,-24,-28,-16,-24,-33,-10,0,-7,-7,sil
8.236718654632568,1,9,18,-4,-10,-6,-16,-11,-34,-22,10,5,-4,-9,sil
8.251854658126831,-6,10,16,10,5,20,2,-5,-24,-14,-4,-7,-21,-16,sil
8.251854658126831,-5,0,10,11,12,24,15,-7,-25,-28,-26,-14,-29,-13,sil
8.268048286437988,6,2,17,17,17,19,25,3,-5,-9,-12,-4,-10,5,sil
8.268048286437988,7,5,20,21,15,18,19,14,24,24,8,4,10,17,sil
8.283125877380371,6,-8,4,11,0,3,1,8,22,21,9,6,17,9,sil
8.283125877380371,5,-20,-12,-3,-6,-16,-13,0,7,4,8,8,19,6,sil
8.298886775970459,0,-8,-3,-9,0,-22,-21,-2,-4,-7,20,18,17,1,sil
8.298886775970459,4,14,15,11,3,-9,-7,0,-10,-15,30,18,7,-9,sil
8.313940525054932,7,22,19,38,5,9,16,11,6,2,26,3,0,-5,sil
8.313940525054932,2,10,6,39,4,21,22,14,25,28,12,-1,4,7,sil
8.329644441604614,9,12,1,29,4,15,19,4,18,30,5,7,13,19,sil
8.329644441604614,20,26,14,28,11,6,19,8,15,31,7,17,18,30,sil
8.344825506210327,17,20,9,21,11,2,18,11,27,35,2,12,12,27,sil
8.344825506210327,3,-3,-14,-3,-3,-8,0,-3,15,0,-6,0,-2,2,sil
8.360344886779785,-6,-15,-24,-19,-17,-26,-24,-12,-6,-38,-8,-1,-8,-13,sil
8.360344886779785,-1,-6,-13,-10,-18,-26,-28,-4,-6,-20,-1,12,3,0,sil
8.376418590545654,7,2,0,-6,-12,-13,-23,-4,-9,-8,9,24,16,7,sil
8.376418590545654,8,0,0,-14,-6,-11,-27,-8,-22,-29,11,18,10,-3,sil
8.392184734344482,3,1,0,-9,0,-15,-22,-7,-24,-28,0,2,-2,-12,sil
8.392184734344482,0,14,14,7,6,-6,-1,-6,-21,-5,-6,-4,-5,-10,sil
8.407691955566406,-2,12,12,8,5,4,12,-5,-15,2,-12,-17,-5,-6,sil
8.407691955566406,-20,-12,-13,-19,0,13,14,-2,-8,2,-33,-38,-25,-7,sil
8.423962116241455,-35,-30,-30,-32,1,19,19,1,-2,7,-49,-53,-41,-20,sil
8.423962116241455,-30,-29,-31,-29,0,21,26,5,8,10,-41,-49,-32,-24,sil
8.43968415260315,-18,-31,-27,-49,-9,11,15,11,25,13,-22,-29,-19,-4,sil
8.43968415260315,-12,-34,-28,-58,-14,-3,-2,7,19,12,-13,-8,-8,7,sil
8.45465636253357,-12,-24,-25,-41,-9,-12,-15,-3,-5,-7,-9,0,4,-8,sil
8.45465636253357,-8,-7,-12,-27,-3,-9,-20,-7,-8,-21,5,2,3,-16,sil
8.47017502784729,7,12,11,-1,5,2,-14,0,8,0,29,13,8,0,sil
8.47017502784729,18,27,28,31,17,14,0,3,7,15,38,24,27,6,sil
8.486111879348755,15,32,25,39,15,12,7,1,-1,1,29,14,20,1,sil
8.486111879348755,16,36,32,48,14,11,5,0,1,0,22,9,0,3,sil
8.501706600189209,15,30,35,62,20,17,10,3,7,12,13,17,0,10,sil
8.501706600189209,0,8,12,40,13,18,16,5,4,13,-2,1,1,12,sil
8.517014503479004,-3,-3,6,13,1,11,15,3,5,16,-1,-12,0,11,sil
8.517014503479004,4,-3,13,15,-1,3,14,7,13,24,8,5,14,23,sil
8.532432317733765,2,-13,0,2,-10,-9,7,5,8,5,2,14,15,27,sil
8.532432317733765,1,-20,-12,-22,-22,-22,0,-2,-1,-14,2,2,1,9,sil
8.548264265060425,11,-11,-6,-17,-19,-27,-8,-1,2,-13,15,12,5,1,sil
8.548264265060425,10,-5,-4,-3,-10,-36,-28,-3,-4,-24,10,24,10,1,sil
8.563868761062622,0,1,-4,-6,-12,-40,-39,-17,-33,-37,11,6,-8,-15,sil
8.563868761062622,5,21,9,2,-4,-14,-24,-19,-38,-24,28,3,-15,-24,sil
8.579100847244263,15,28,23,21,6,10,-6,-5,-15,-3,2,21,2,-7,sil
8.579100847244263,9,15,13,19,6,6,0,-1,-7,-1,-41,13,4,-1,sil
8.59516191482544,-2,8,6,11,10,2,6,-7,-15,-9,-32,-10,-12,-10,sil
8.59516191482544,-5,7,2,16,15,16,15,-3,-10,0,-11,-19,-12,-9,sil
8.609947443008423,-10,-7,-9,7,7,24,16,7,5,14,-18,-16,-6,-4,sil
8.609947443008423,-21,-26,-20,-13,-3,12,10,13,20,13,-24,-15,-12,0,sil
8.626051664352417,-14,-28,-24,-24,-12,-6,2,8,24,16,-12,-13,-5,6,sil
8.626051664352417,0,-16,-18,-28,-10,-9,-4,4,19,23,9,0,19,10,sil
8.641536712646484,0,-11,-17,-33,0,0,-7,9,21,12,19,7,23,10,sil
8.64253544807434,-3,-17,-22,-39,-1,0,0,9,20,-12,4,1,3,1,sil
8.657222986221313,1,-11,-13,-38,-10,-6,8,0,0,-23,2,-1,-3,-11,sil
8.657222986221313,8,12,1,-14,0,2,14,-9,-18,-15,14,0,-2,-12,sil
8.672775983810425,1,24,15,12,15,11,11,-6,-19,-5,5,-6,-13,-6,sil
8.689107656478882,-7,13,16,24,13,4,-1,4,0,7,-5,-10,-14,-5,sil
8.689107656478882,-9,5,7,22,5,8,-12,8,15,24,1,-12,-2,-4,sil
8.704124212265015,-10,1,5,16,3,23,0,4,17,23,-3,-17,-10,-1,sil
8.704627513885498,-10,-6,0,11,1,18,28,2,8,12,-21,-17,-20,1,sil
8.719709873199463,-13,-8,-8,5,-1,8,29,-2,-6,6,-24,-13,-11,4,sil
8.719709873199463,-15,0,-5,5,0,8,9,-12,-14,6,-15,-10,-1,5,sil
8.736039400100708,-2,1,0,9,3,-4,-8,-10,0,10,1,2,9,9,sil
8.736039400100708,15,4,4,9,8,-19,-22,3,17,18,25,22,29,21,sil
8.736039400100708,26,12,11,13,3,-15,-28,11,18,12,29,27,34,25,sil
8.750720977783203,26,4,4,2,-8,-20,-33,4,6,-13,7,21,20,8,sil
8.766267538070679,23,-6,-6,-17,-14,-30,-26,0,-3,-26,-2,17,11,-6,sil
8.766267538070679,19,0,2,-11,-6,-19,-3,-2,-18,-20,9,14,8,0,sil
8.781929969787598,7,4,13,-2,-6,-8,2,-17,-45,-27,8,7,-4,-4,sil
8.781929969787598,-7,-2,-5,-16,-14,-6,-5,-23,-49,-31,-4,-2,-16,-24,sil
8.797091484069824,-8,-2,-11,-24,-4,6,2,0,-15,-15,5,4,-1,-19,sil
8.797091484069824,0,3,3,-12,14,14,14,16,11,-4,24,17,10,-1,sil
8.813138484954834,-8,7,6,1,9,5,0,0,5,-10,8,0,-11,-4,sil
8.813138484954834,-22,1,6,6,-3,0,-6,-5,0,-10,-16,-22,-34,-14,sil
8.829173564910889,-11,-4,12,9,0,7,6,5,9,5,-17,-17,-22,-7,sil
8.829173564910889,-2,-4,13,18,9,15,11,2,13,14,-6,-5,-3,1,sil
8.844841957092285,-11,-6,3,21,6,18,11,0,6,11,-7,-12,-2,0,sil
8.844841957092285,-10,-4,-3,9,0,12,20,4,4,16,-9,-14,-3,3,sil
8.859904289245605,4,5,4,10,1,12,27,9,13,25,4,5,8,20,sil
8.859904289245605,17,4,10,19,11,19,22,7,22,17,15,20,20,28,sil
8.874999761581421,11,-9,-6,3,3,5,6,0,17,0,-3,5,8,11,sil
8.874999761581421,-1,-18,-21,-15,-13,-21,-9,1,6,-2,-21,-9,-6,-2,sil
8.890422821044922,3,-6,-19,-11,-15,-27,-13,10,8,5,-11,-2,5,6,sil
8.890422821044922,13,0,-10,-14,-10,-21,-14,5,7,2,-5,8,20,8,sil
8.905685901641846,8,-1,-9,-27,-11,-24,-23,-4,-3,0,0,7,12,-3,sil
8.905685901641846,3,9,-2,-15,-3,-15,-28,-7,-18,-7,12,2,-2,-11,sil
8.921348810195923,5,27,6,9,8,3,-17,-8,-25,-18,11,0,-13,-17,sil
8.921348810195923,4,25,10,18,15,8,0,-6,-15,-5,8,3,-12,-15,sil
8.93736720085144,-6,13,11,8,13,0,0,-8,-18,4,7,-2,-11,-16,sil
8.93736720085144,-30,-7,-10,-5,0,0,-4,-19,-37,-20,-22,-33,-33,-33,sil
8.953157186508179,-36,-21,-25,-12,-3,11,7,-11,-20,-25,-37,-40,-36,-27,sil
8.953157186508179,-13,-7,-4,0,6,28,26,11,21,16,-3,-7,2,9,sil
8.968685150146484,-7,-5,1,3,4,28,25,5,21,31,13,0,22,21,sil
8.968685150146484,-17,-17,-4,-1,-3,10,10,-2,4,15,0,-7,7,8,sil
8.98499870300293,-2,-4,3,6,-2,-1,4,11,22,24,2,5,11,11,sil
8.98499870300293,16,2,5,6,0,-2,3,12,31,28,17,16,24,22,sil
9.000029802322388,17,-6,4,-7,0,-2,7,7,15,2,19,16,23,28,sil
9.000029802322388,20,-1,10,0,-4,-5,12,18,13,-5,12,25,22,30,sil
9.015692949295044,27,6,13,9,-9,-9,2,16,13,0,8,30,19,21,sil
9.015692949295044,29,6,7,2,-7,-12,-10,1,4,0,14,21,12,12,sil
9.031779766082764,20,5,4,-3,-1,-12,-21,-7,-1,-13,17,14,2,3,sil
9.031779766082764,3,3,1,-7,0,-13,-30,-14,-14,-32,3,0,-7,-17,sil
9.0470073223114,-2,3,-4,-4,2,-8,-25,-14,-24,-31,-7,-14,-5,-27,sil
9.0470073223114,-3,4,-2,-2,1,-3,-19,-9,-24,-23,-8,-5,-2,-20,sil
9.062167644500732,-5,0,0,-3,-2,-4,-19,-5,-10,-19,-6,5,-7,-16,sil
9.062167644500732,0,7,2,8,4,4,-1,0,5,-4,-1,1,-4,-6,sil
9.077739477157593,-1,14,11,16,14,15,10,0,1,1,-1,-6,-4,-2,sil
9.077739477157593,-14,2,2,6,7,4,2,-7,-13,-5,-19,-18,-19,-16,sil
9.094032526016235,-22,-4,-10,0,5,4,13,-3,-10,-2,-25,-25,-27,-23,sil
9.094032526016235,-21,-2,-7,3,11,20,37,1,1,7,-8,-23,-21,-14,sil
9.109081029891968,-18,-2,0,3,3,16,30,0,-2,16,0,-17,-11,-4,sil
9.109081029891968,-9,0,1,2,0,3,7,3,-15,21,-3,-1,-6,4,sil
9.1248300075531,-2,-4,0,2,3,0,4,7,-1,18,-4,8,-9,20,sil
9.1248300075531,-3,-17,0,-5,-7,-8,13,6,20,19,-1,0,-9,26,sil
9.13983988761902,0,-15,-2,-8,-16,-12,13,5,11,21,-3,-11,-12,3,sil
9.13983988761902,2,-5,-10,-8,-8,-3,0,0,-4,2,-11,-11,-23,-15,sil
9.155956029891968,-4,-4,-12,-16,-7,-3,-7,-2,5,-4,-2,4,-4,2,sil
9.155956029891968,3,-4,-10,-15,-14,-12,-10,2,19,6,18,19,37,23,sil
9.171388864517212,14,-2,-11,-8,-15,-21,-28,1,5,-3,13,17,45,15,sil
9.171388864517212,17,-1,-2,-9,-14,-23,-36,2,-5,-12,0,16,33,7,sil
9.187313795089722,23,7,7,-5,-6,-10,-15,7,0,-4,12,24,32,10,sil
9.187313795089722,18,18,13,3,6,3,1,-7,-10,-29,15,16,13,-5,sil
9.202916383743286,1,12,12,11,10,6,-4,-21,-27,-46,0,-3,-6,-25,sil
9.202916383743286,3,11,15,14,7,7,-16,-5,-10,-6,1,-4,0,-14,sil
9.217949628829956,13,19,19,19,13,13,-6,10,16,33,21,9,11,2,sil
9.217949628829956,1,10,7,23,18,18,15,6,21,28,17,2,5,9,sil
9.233082056045532,-17,-9,-6,11,12,17,20,0,9,4,-11,-18,-14,0,sil
9.233082056045532,-24,-13,-12,2,2,15,15,-5,1,-2,-27,-30,-30,-14,sil
9.248270273208618,-19,-4,-4,6,2,21,22,-5,-4,0,-21,-24,-27,-14,sil
9.248270273208618,-6,-3,-1,4,8,29,28,3,0,8,-8,-13,-12,3,sil
9.26379132270813,-1,-11,-12,-10,0,17,16,12,18,21,1,-2,2,21,sil
9.26379132270813,-4,-19,-18,-23,-11,-14,-5,11,18,22,6,8,14,19,sil
9.27938723564148,9,-10,-6,-15,-9,-31,-16,11,11,3,10,17,19,13,sil
9.27938723564148,25,15,10,0,-1,-21,-11,10,7,-11,20,24,14,13,sil
9.29555606842041,16,27,19,7,2,-17,0,-1,-8,-16,24,25,5,1,sil
9.29555606842041,0,15,14,3,5,-14,4,-13,-23,-18,8,5,-8,-14,sil
9.310388803482056,-15,-1,2,-6,2,2,-2,-14,-28,-24,-21,-21,-27,-22,sil
9.32595705986023,-30,-11,-10,-6,-7,15,-7,-12,-28,-23,-41,-32,-34,-21,sil
9.32595705986023,-19,-14,-19,-2,-15,11,2,-5,-14,0,-31,-23,-14,-3,sil
9.34104299545288,0,-19,-18,-19,-17,-5,2,9,7,23,-9,-7,8,9,sil
9.34104299545288,5,-16,-16,-28,-14,-26,-14,17,18,26,6,10,19,4,sil
9.356729984283447,18,0,-3,-6,0,-27,-20,3,14,12,24,29,25,2,please
9.356729984283447,25,11,9,6,10,-9,-7,-10,8,-3,24,26,20,2,please
9.371829748153688,9,14,13,5,11,1,2,-15,2,-11,6,5,0,-6,please
9.371829748153688,0,14,16,12,10,1,-2,-14,-8,-9,0,-3,-13,-12,please
9.38792848587036,2,8,9,15,6,-2,-16,-7,-21,-17,-1,-1,-11,-14,please
9.38792848587036,-1,8,9,9,0,-6,-19,1,-19,-29,-1,1,-2,-11,please
9.40312361717224,-2,11,22,16,1,1,-6,4,-1,-12,10,3,7,8,please
9.40312361717224,3,8,20,27,10,13,8,0,3,10,9,-2,0,17,please
9.418740034103394,0,3,10,22,12,19,15,-6,-6,4,-7,-6,-19,2,please
9.418740034103394,-7,0,5,13,9,23,17,-6,-11,-3,-9,-6,-20,0,please
9.43386173248291,-8,0,4,13,4,20,16,5,-4,6,0,-8,-7,5,please
9.43386173248291,-5,-5,-3,5,-8,8,11,15,3,12,-4,-10,-3,0,please
9.449161052703856,-9,-20,-24,-17,-22,0,7,6,5,-8,-24,-12,-9,-4,please
9.449161052703856,-18,-24,-33,-30,-18,1,11,2,6,-17,-27,-8,-9,-2,please
9.465056896209717,-8,-13,-20,-20,-9,9,14,12,23,18,-8,0,9,7,please
9.465056896209717,5,-9,-8,-14,-6,1,7,14,33,47,4,3,27,14,please
9.480287790298462,-3,-16,-11,-22,-8,-11,0,13,19,33,-2,-2,17,7,please
9.480287790298462,-9,-15,-17,-26,-7,-9,2,17,14,24,-3,-6,9,8,please
9.495928764343262,2,-2,-10,-21,3,0,6,14,24,23,12,4,22,10,please
9.495928764343262,6,2,-6,-12,6,-5,-1,2,20,6,9,9,22,-2,please
9.512037992477415,-1,-2,-10,-9,-1,-13,-15,-9,4,-13,-5,-4,4,-13,please
9.512037992477415,5,3,-8,-5,0,-3,-14,-15,-3,-11,0,-2,3,-8,please
9.528148651123049,24,18,1,0,10,1,-9,-18,-10,-3,22,21,11,-4,please
9.528148651123049,19,22,15,3,9,-1,-22,-23,-24,-26,25,28,2,-9,please
9.544183015823364,7,26,21,20,7,0,-23,-17,-33,-50,13,5,-13,-13,please
9.544183015823364,9,28,24,43,14,2,0,-1,-22,-25,8,-2,-14,-2,please
9.559323787689207,14,17,35,40,12,2,12,4,-5,10,15,12,-2,9,please
9.559323787689207,18,16,37,26,6,0,4,-1,-7,5,22,19,0,6,please
9.575085639953612,8,22,26,25,6,-9,-7,-11,-25,-23,9,3,-10,-5,please
9.575433731079102,-11,1,7,26,0,-10,-8,-15,-28,-30,-15,-14,-22,-9,please
9.590112924575806,-23,-25,-13,-1,-14,-5,-2,-8,-20,-7,-20,-17,-22,-1,please
9.590112924575806,-22,-26,-22,-34,-14,-5,3,1,-14,5,-16,-17,-18,0,please
9.605636835098268,-23,-17,-14,-12,-3,0,6,2,-8,-2,-33,-28,-25,-11,please
9.605636835098268,-31,-17,-5,14,-2,11,7,6,4,-4,-45,-34,-34,-9,please
9.621155023574827,-22,-13,-12,-5,-6,17,18,21,30,29,-21,-21,-17,12,please
9.621155023574827,3,-6,-21,-28,-3,13,26,25,51,48,4,1,11,26,please
9.636714220046995,11,-17,-16,-22,-3,5,10,16,40,16,5,15,18,19,please
9.636714220046995,2,-20,-12,-21,-11,-2,-8,7,19,-6,6,16,21,13,please
9.65183401107788,15,-2,-3,-23,-5,-9,-13,4,23,13,23,26,44,17,please
9.65183401107788,36,9,6,-13,9,-11,-10,4,28,28,40,41,60,17,please
9.667921543121338,26,14,11,-1,13,-8,-10,-5,-3,9,32,30,36,1,please
9.667921543121338,2,21,12,8,3,-6,-24,-22,-34,-11,5,3,0,-25,please
9.68407130241394,-4,18,5,15,-3,-9,-28,-21,-25,-16,-10,-9,-11,-31,please
9.68407130241394,-6,10,8,9,1,-3,-10,-10,-17,-16,-2,-6,-4,-8,please
9.699671030044556,-9,12,15,15,9,7,9,-9,-24,-13,5,-4,-4,0,please
9.699671030044556,-12,6,3,20,3,15,19,-2,-24,-13,-13,-18,-25,-16,please
9.714929819107056,-25,-15,-16,-1,-7,26,28,11,-18,-18,-41,-37,-47,-31,please
9.714929819107056,-33,-21,-19,-13,-8,28,36,13,0,-1,-30,-31,-32,-16,please
9.730148553848268,-11,-6,-4,0,0,9,33,9,22,18,-1,-2,0,8,please
9.730148553848268,21,4,9,15,2,-2,21,14,26,17,1,9,10,13,please
9.745726346969604,28,4,11,17,1,5,10,17,28,18,1,10,11,16,please
9.745726346969604,8,-8,4,1,1,5,4,10,37,22,10,10,16,27,please
9.760863065719604,0,-16,-7,-11,2,-10,-4,0,27,9,4,-1,13,21,please
9.760863065719604,5,-11,-12,-10,3,-16,-26,-9,0,-7,-14,-7,0,-2,please
9.777040481567385,1,-12,-10,-16,-5,-15,-40,-21,-15,-16,-16,4,-8,-10,please
9.777040481567385,-2,-15,-15,-26,-10,-21,-34,-27,-21,-24,5,11,0,-3,please
9.791566371917725,4,-3,-8,-19,-4,-19,-27,-17,-31,-28,19,12,8,-5,sil
9.791566371917725,13,10,2,-7,-1,-12,-22,0,-26,-16,12,9,5,-9,sil
9.807161808013916,10,19,8,0,0,-14,-9,6,-10,-11,16,6,1,-6,sil
9.807161808013916,-1,23,7,9,4,-15,-3,3,-8,-20,25,0,-2,-8,sil
9.82268476486206,-9,23,1,13,2,0,-2,1,-8,-10,14,-4,-8,-5,sil
9.838143110275269,2,32,17,27,8,14,6,4,3,15,10,8,0,8,sil
9.838143110275269,17,37,35,44,22,16,20,4,15,29,20,18,11,17,sil
9.85473132133484,2,12,20,30,17,14,24,2,13,26,8,0,4,12,sil
9.85473132133484,-15,-12,-1,2,-1,17,22,3,4,17,-14,-19,-10,2,sil
9.85473132133484,-11,-14,-9,-5,-7,12,14,-1,-4,5,-23,-17,-16,0,sil
9.869765043258669,-9,-13,-9,-5,-5,5,1,-11,-10,0,-23,-9,-14,4,sil
9.88490605354309,-14,-16,-8,-9,-7,6,1,-5,-8,4,-19,-5,-5,7,sil
9.88490605354309,-10,-19,-8,-17,-11,4,2,4,-1,8,-17,-8,0,0,sil
9.900970935821531,-8,-28,-12,-23,-14,4,0,1,0,6,-25,-13,-5,-9,sil
9.900970935821531,-10,-34,-18,-27,-14,2,4,2,1,3,-27,-13,-7,-8,sil
9.916693449020386,-8,-24,-12,-30,-8,-8,9,18,5,-4,-4,-1,0,-1,sil
9.916693449020386,6,-4,0,-14,-3,-9,10,22,23,0,19,18,13,6,sil
9.93182611465454,18,6,6,5,0,0,7,10,31,7,21,26,21,5,sil
9.93182611465454,13,7,3,0,1,-6,-12,0,8,-9,17,17,20,-3,sil
9.947163581848145,12,11,8,-1,0,-16,-29,-4,0,-15,23,17,19,-1,sil
9.947163581848145,17,20,21,15,6,-3,-23,-8,8,-3,23,16,14,0,sil
9.962762594223022,6,22,14,26,13,4,-11,-11,0,-11,11,-3,-2,-8,sil
9.962762594223022,-4,19,2,25,15,2,-4,-10,-10,-18,3,-11,-11,-5,sil
9.97837495803833,0,17,6,25,16,6,2,-6,-5,-1,4,4,0,2,sil
9.97837495803833,4,9,-2,19,12,8,11,-6,-4,9,0,4,0,1,sil
9.994168281555176,0,-10,-14,0,2,4,5,-11,-15,0,-18,-11,-17,-3,sil
9.994168281555176,-7,-23,-10,-7,0,1,-1,-8,-25,-14,-29,-22,-25,-7,sil
10.0097074508667,-17,-13,-11,0,0,0,5,0,-19,-13,-20,-26,-19,-11,sil
10.0097074508667,-21,-7,-15,-13,-6,-5,14,10,0,5,-18,-21,-15,-3,sil
10.025119304656982,-11,-24,-16,-35,-18,-8,10,13,13,17,-25,-13,-6,7,sil
10.025119304656982,0,-29,-12,-25,-16,-9,0,11,12,12,-7,4,15,11,sil
10.047690868377686,12,-5,0,-5,-5,-16,-5,13,13,10,20,29,36,14,sil
10.047690868377686,18,12,7,-17,-10,-27,-11,4,4,0,18,25,28,6,sil
10.047690868377686,7,28,10,-12,-9,-20,-14,-11,-9,-18,12,4,1,-15,sil
10.055952072143556,7,56,20,33,12,3,-1,-7,-1,-1,24,1,-4,-10,sil
10.071459770202637,12,48,28,41,21,14,7,-2,1,14,23,7,1,11,sil
10.071459770202637,1,8,18,11,8,16,7,-12,-15,2,3,-1,-6,8,sil
10.08698582649231,-14,-1,0,22,9,32,19,-6,-7,5,-10,-15,-17,-1,sil
10.08698582649231,-18,1,-5,30,8,38,25,11,12,18,-11,-16,-10,-1,sil
10.10214614868164,-16,-19,-15,-10,-11,8,1,10,12,5,-10,-12,-6,0,sil
10.10214614868164,-16,-37,-27,-42,-22,-19,-25,-1,0,-17,-12,-5,-11,3,sil
10.117738962173462,0,-37,-15,-32,-12,-17,-26,-5,-6,-17,-5,9,0,9,sil
10.117738962173462,23,-17,9,-9,0,-4,-14,0,0,-4,13,28,21,9,sil
10.133854389190674,28,14,21,10,6,-1,-13,1,6,-6,26,27,17,-1,sil
10.133854389190674,13,19,20,16,8,1,-4,-1,0,-2,13,3,-7,-10,sil
10.149314165115356,-2,-5,13,8,7,15,10,-2,-8,6,-6,-13,-17,-7,sil
10.149314165115356,-8,-11,-2,1,2,15,13,2,-2,3,-11,-13,-9,-2,sil
10.164702653884888,-10,-3,-19,-7,-5,0,14,7,11,4,-13,-6,2,1,sil
10.164702653884888,-5,-7,-13,-15,-7,-9,8,4,19,8,-7,5,15,3,sil
10.1807382106781,4,-4,-3,-9,1,-9,-8,0,5,-1,6,11,16,-3,sil
10.1807382106781,3,8,2,3,14,-5,-7,0,-13,-11,6,1,2,-15,sil
10.195866584777832,-7,10,5,13,11,2,7,-2,-17,-9,-7,-9,-10,-13,sil
10.195866584777832,-13,0,-6,7,-3,5,5,-10,-15,-10,-16,-18,-20,-2,sil
10.211050987243652,-12,-10,-20,-12,-6,3,0,-6,-11,-8,-22,-29,-21,0,sil
10.211050987243652,-10,-15,-25,-25,-5,-2,9,6,6,9,-20,-30,-5,-1,sil
10.226832389831545,-7,-16,-21,-25,-10,-15,4,9,24,28,0,-5,16,3,sil
10.226832389831545,2,-9,-4,-15,-8,-21,-7,9,24,22,23,25,25,14,sil
10.243901014328005,13,7,7,1,-2,-14,-7,7,9,-3,25,28,19,8,sil
10.243901014328005,13,25,19,11,1,-4,-6,-5,-12,-19,16,11,9,-10,sil
10.258456707000732,12,31,31,21,13,6,-7,-11,-20,-16,13,3,1,-4,sil
10.258456707000732,4,17,22,31,18,18,0,-4,-11,-10,0,0,-9,7,sil
10.273754835128784,-8,-6,4,18,4,25,16,3,2,13,-16,-9,-17,1,sil
10.273754835128784,1,-8,4,9,-2,15,15,9,27,46,-3,2,4,10,sil
10.28928565979004,33,12,20,16,-2,-13,-10,2,24,28,26,32,32,25,sil
10.28928565979004,37,26,23,18,-5,-27,-28,-11,-15,-15,31,35,21,6,sil
10.304709196090698,6,22,9,8,-4,-9,-12,-15,-31,-30,7,7,-10,-11,sil
10.304709196090698,-20,5,-1,1,2,8,13,-5,-12,-27,-13,-13,-25,-4,sil
10.32073426246643,-25,-9,-11,1,3,10,26,3,2,-16,-23,-24,-23,1,sil
10.32073426246643,-23,-20,-25,-16,-1,7,16,8,7,2,-30,-25,-26,-3,sil
10.336160898208618,-23,-29,-33,-43,-4,-1,3,9,10,9,-35,-20,-22,-8,sil
10.336160898208618,-17,-19,-27,-32,-4,-8,0,7,12,8,-17,-7,1,-4,sil
10.352179050445557,-2,-2,-15,0,-6,-6,-8,0,1,7,10,8,20,1,sil
10.352179050445557,9,-1,-5,6,-4,-7,-19,-11,-12,-2,24,19,21,-2,sil
10.367316007614136,21,7,14,9,6,0,-17,-9,-16,-14,33,25,19,0,sil
10.382852792739868,19,18,25,15,15,20,-4,0,-14,-11,21,15,3,4,sil
10.382852792739868,-7,-2,8,10,6,26,1,1,-10,-8,-17,-17,-24,-11,sil
10.382852792739868,-22,-19,0,5,0,12,5,7,10,0,-32,-29,-24,-18,sil
10.398902893066406,0,-7,-4,1,-1,4,10,14,33,23,-13,-9,5,6,sil
10.398902893066406,22,-3,-4,-13,-2,3,6,8,26,36,12,11,23,18,sil
10.413997650146484,24,0,10,-16,0,-5,-5,-3,13,26,33,23,24,2,sil
10.42943787574768,10,11,7,-2,-2,-10,-10,-18,0,12,19,8,6,-10,sil
10.42943787574768,-17,1,-13,-3,-5,-3,-5,-24,-26,-10,-14,-23,-18,-23,sil
10.445218801498411,-27,-15,-20,-21,-6,0,0,-8,-31,-30,-28,-30,-20,-18,sil
10.445218801498411,-14,-13,-14,-30,-15,-17,-2,7,-13,-39,-29,-15,-12,0,sil
10.46065354347229,-12,-8,-16,-25,-18,-29,-15,3,-15,-42,-27,-8,-15,-9,sil
10.46065354347229,-15,3,-8,-10,5,-11,-17,-2,-20,-29,-4,-4,-10,-22,sil
10.476773738861084,-3,21,21,9,21,12,0,4,-9,-2,15,3,-3,-6,sil
10.476773738861084,1,8,22,21,6,15,23,10,7,25,14,4,-3,22,sil
10.49200439453125,-5,-8,-1,14,0,6,32,9,24,40,12,3,9,40,sil
10.49200439453125,0,2,2,15,11,5,29,15,29,28,5,3,21,48,sil
10.50766134262085,16,9,14,21,4,5,22,14,21,13,-9,0,6,52,sil
10.50766134262085,13,-5,0,0,-5,-3,7,0,9,5,-12,2,-2,35,sil
10.523229122161863,8,-6,-13,-14,0,-9,-6,-3,3,-3,0,7,9,-5,sil
10.523229122161863,16,7,2,2,13,-7,-10,5,7,0,26,16,27,-30,sil
10.538877248764038,28,26,28,24,17,-5,-17,0,11,13,51,40,36,-15,sil
10.538877248764038,35,40,36,36,13,-3,-19,-12,3,14,53,45,34,0,sil
10.554235458374023,28,34,32,32,4,3,-9,-11,-5,7,29,15,16,0,sil
10.554235458374023,8,9,18,18,-4,11,0,-3,-4,-4,-11,-13,-14,-11,sil
10.56969141960144,-17,-13,-8,7,-15,10,0,-8,-13,-20,-41,-23,-36,-25,sil
10.56969141960144,-35,-29,-27,-7,-18,2,0,-11,-20,-16,-46,-26,-30,-31,sil
10.584870100021362,-39,-31,-33,-21,-6,0,7,2,0,3,-36,-28,-19,-20,sil
10.584870100021362,-30,-23,-23,-19,2,2,6,11,18,13,-11,-12,-6,-8,sil
10.600339412689207,-4,-15,-5,-7,-6,0,-3,9,13,6,9,13,10,2,sil
10.600339412689207,14,-7,0,-4,-21,-6,-10,3,0,-12,6,25,10,12,sil
10.615570783615112,14,0,3,-12,-19,-11,-13,-3,-12,-29,11,23,0,10,sil
10.615570783615112,13,6,11,-6,-7,-15,-13,-9,-15,-24,27,17,1,0,sil
10.630769729614258,2,11,10,8,7,-5,-10,-10,-24,-23,7,2,-13,-14,sil
10.630769729614258,-19,6,-6,7,8,1,-11,-12,-43,-20,-24,-19,-40,-28,sil
10.646090030670166,-20,0,-10,2,4,10,0,-7,-34,0,-17,-25,-23,-11,sil
10.646090030670166,1,5,5,10,17,25,23,1,0,13,0,-12,2,18,sil
10.662183046340942,1,-2,-4,-2,13,14,26,0,11,9,-16,-18,-8,19,sil
10.662183046340942,-21,-31,-37,-50,-18,-9,7,0,7,6,-34,-36,-20,2,sil
10.6777982711792,-20,-30,-38,-62,-20,-6,1,13,17,8,-21,-30,0,2,sil
10.6777982711792,1,-2,-18,-26,6,0,0,17,21,5,2,-8,17,11,sil
10.693858861923218,5,3,-9,-20,8,-7,-11,3,3,-4,8,3,21,4,sil
10.693858861923218,7,6,0,-28,-2,-7,-8,0,0,0,13,8,23,-2,sil
10.709426403045654,16,28,23,7,11,0,1,0,6,13,25,7,12,-1,sil
10.709426403045654,7,29,33,53,27,8,8,-3,1,14,16,0,-2,-1,sil
10.724643468856812,-3,6,15,45,18,21,20,2,12,17,0,2,6,5,sil
10.724643468856812,5,0,9,16,1,14,23,20,38,38,8,15,25,23,sil
10.739771842956545,15,0,13,15,-2,-4,6,18,34,40,14,15,24,23,sil
10.739771842956545,6,-12,3,18,-2,-4,-3,7,13,9,2,14,13,10,sil
10.755074739456177,1,-18,-3,7,-7,1,2,11,20,-1,2,21,13,6,sil
10.755074739456177,4,0,3,3,-9,-8,-2,0,19,2,14,20,13,0,sil
10.770551681518556,10,14,22,5,-5,-22,-28,-26,-24,-25,14,16,-3,-16,sil
10.770551681518556,12,8,18,-3,-8,-20,-31,-23,-47,-52,5,18,-18,-15,sil
10.785696744918823,0,1,0,-7,-9,-12,-11,-3,-21,-33,3,17,-9,-9,sil
10.785696744918823,-10,9,-1,8,0,-6,-7,-8,-17,-15,1,4,-7,-17,sil
10.801863193511965,-3,17,7,15,5,-6,-16,-19,-35,-19,-6,-10,-19,-18,sil
10.801863193511965,-3,9,3,0,2,-5,-6,-10,-25,-17,-20,-20,-26,-12,sil
10.817073822021484,-11,-2,-5,0,2,6,14,3,-2,-6,-29,-26,-28,-6,sil
10.817073822021484,-13,-3,-7,5,2,23,19,1,-2,1,-26,-28,-31,0,sil
10.832794427871704,-9,-2,-7,-7,-2,28,13,-4,-10,4,-19,-23,-27,-3,sil
10.832794427871704,-12,-17,-17,-15,-4,27,13,0,0,9,-18,-22,-16,-9,sil
10.847922325134276,-14,-23,-9,-1,1,25,18,7,12,23,-3,-13,1,1,sil
10.847922325134276,5,-11,5,6,0,4,16,11,17,29,16,5,20,22,sil
10.864168405532835,23,-12,-1,-3,-8,-14,8,13,19,17,13,12,27,25,sil
10.864168405532835,11,-17,-13,-10,-5,-8,9,13,28,12,7,9,31,16,sil
10.879764795303345,4,-2,-7,1,5,-3,12,13,36,20,17,12,35,21,sil
10.894995927810667,12,0,0,1,1,-16,-8,7,16,3,10,14,19,19,sil
10.894995927810667,6,-10,-7,-16,-10,-28,-30,-6,-9,-26,-3,10,1,-3,sil
10.91101622581482,0,1,-8,-12,-7,-24,-23,-8,-10,-26,10,13,4,-13,sil
10.91101622581482,9,25,6,0,1,-17,-18,-2,-12,-9,22,20,12,-2,sil
10.91101622581482,9,27,8,0,3,-8,-23,-6,-24,-6,10,11,12,-3,sil
10.9266676902771,-6,17,-1,-7,7,-1,-15,-9,-28,-16,2,-2,5,-15,sil
10.942692279815674,-16,12,-3,-5,7,-1,-9,-11,-27,-15,0,-7,-5,-21,sil
10.942692279815674,-11,9,4,0,-1,2,-12,-15,-21,-3,-3,-6,-14,-16,sil
10.957946538925173,-3,5,6,2,-2,16,-1,-5,-3,0,-2,-8,-15,-6,sil
10.957946538925173,-3,0,-1,3,3,15,17,7,14,8,-3,-12,-11,0,sil
10.973984003067017,-6,-1,0,9,8,8,17,6,17,20,-11,-14,-10,0,sil
10.973984003067017,-6,-6,2,8,9,13,0,0,4,15,-17,-21,-18,-5,sil
10.973984003067017,-9,-13,-4,-2,0,17,-1,-3,-6,2,-24,-24,-21,-11,sil
10.990030288696287,-9,-11,4,0,-2,14,12,2,1,5,-15,-7,-13,0,sil
10.990030288696287,1,-5,11,14,3,20,27,12,25,21,-3,0,-10,14,sil
11.005225658416748,5,-5,0,6,7,24,32,18,32,23,-3,-8,-13,11,sil
11.005225658416748,3,-5,1,-8,8,14,34,20,24,16,-1,0,-2,12,sil
11.020924806594849,6,-4,6,-4,9,-2,24,9,16,10,5,13,5,14,sil
11.036786079406738,0,-11,-1,-5,-4,-19,0,-6,3,-5,0,2,-3,0,sil
11.036786079406738,0,-12,-6,-12,-14,-24,-15,-4,6,-15,-3,-2,0,3,sil
11.036786079406738,11,0,5,-4,-8,-17,-11,0,15,-4,9,13,22,24,sil
11.051775932312012,18,1,14,5,-11,-17,-13,-6,0,0,19,24,34,14,sil
11.067256927490234,10,0,1,1,-14,-16,-18,-10,-17,-17,13,15,30,-1,sil
11.067256927490234,2,3,-10,-9,-5,-9,-16,-7,-14,-26,7,14,18,-2,sil
11.082951784133911,0,5,-10,-7,-5,-9,-14,-3,-16,-16,8,17,8,-5,sil
11.082951784133911,2,8,0,7,-9,-13,-17,-3,-22,-14,12,17,9,-9,sil
11.098145961761476,2,13,4,11,1,-7,-13,-3,-12,-19,10,15,4,-9,sil
11.098145961761476,-7,10,-1,2,8,1,-6,-2,-8,-15,-1,4,-8,-17,sil
11.11401867866516,-8,11,0,2,8,1,-12,-7,-20,-9,-1,-5,-10,-18,sil
11.11401867866516,2,19,7,16,7,3,-7,-3,-9,10,12,-4,1,0,sil
11.130109786987305,-3,14,5,16,6,12,8,8,1,31,4,-8,2,0,sil
11.130109786987305,-20,0,-5,-1,13,14,13,1,-16,10,-22,-26,-17,-18,sil
11.145896196365356,-18,-7,-13,-1,9,8,12,-8,-23,-12,-32,-37,-35,-22,sil
11.145896196365356,-17,-11,-10,5,-5,10,12,-5,-11,-6,-26,-34,-34,-12,sil
11.161343097686768,-17,-16,-6,-6,-2,17,8,-5,-7,1,-17,-30,-24,-4,sil
11.161343097686768,-3,-16,-4,-9,3,15,9,0,2,8,-9,-22,-14,5,sil
11.17746114730835,11,-9,3,7,-8,4,13,14,32,14,-7,-1,0,17,sil
11.17746114730835,24,-2,12,8,-8,0,16,16,52,27,9,25,23,33,sil
11.19301724433899,32,0,17,2,5,3,15,13,43,46,31,38,36,43,please
11.19301724433899,17,-7,4,0,-5,-5,1,11,17,30,20,22,23,26,please
11.208740234375,0,-14,-14,-21,-25,-19,-21,-1,0,-10,4,4,10,1,please
11.208740234375,3,-8,-11,-36,-15,-16,-27,-4,0,-16,10,11,14,-1,please
11.224814653396606,3,5,-2,-10,3,-14,-14,1,-5,-17,10,20,12,-3,please
11.224814653396606,3,18,6,4,11,-22,-14,-5,-13,-41,14,18,4,-12,please
11.240050554275513,11,24,19,1,17,-9,-20,-8,-10,-26,22,14,8,-5,please
11.240050554275513,2,18,16,6,19,13,-9,0,-8,7,4,2,1,6,please
11.255213975906372,-17,6,3,5,13,15,7,0,-16,0,-18,-16,-22,-9,please
11.255213975906372,-23,2,-2,6,1,6,11,-9,-19,-10,-24,-30,-37,-32,please
11.270938873291016,-17,0,-3,13,1,14,13,-2,-7,0,-24,-27,-28,-22,please
11.270938873291016,-4,-3,-5,4,10,22,27,14,13,8,-15,-6,-4,0,please
11.286272287368774,0,-10,-17,-7,0,4,23,11,26,19,-7,0,5,7,please
11.286272287368774,-9,-20,-21,-11,-19,-12,4,-1,16,14,-18,-14,-2,7,please
11.302297592163086,0,-17,-10,-11,-17,-7,7,-1,10,-2,-9,-9,2,12,please
11.302297592163086,15,6,2,-8,-7,-9,5,-1,8,-10,21,15,18,8,please
11.317737579345703,11,22,13,5,-12,-18,-18,-12,-7,-9,23,17,11,0,please
11.317737579345703,2,13,19,19,-9,-4,-20,-16,-18,-11,5,1,-3,-5,please
11.333804368972778,-4,5,18,17,7,11,-11,-9,-13,-10,0,-3,-10,-13,please
11.333804368972778,-15,3,4,12,11,7,-10,-3,-13,-1,-1,-9,-13,-16,please
11.349640607833862,-20,-10,-7,1,0,5,0,0,-17,8,-7,-18,-16,-7,please
11.349640607833862,-13,-25,-8,-12,-2,18,19,7,-2,27,-8,-8,-6,5,please
11.364757537841797,3,-12,-6,-2,2,24,21,10,14,38,4,8,14,19,please
11.364757537841797,12,0,0,8,5,9,9,7,13,22,16,19,25,17,please
11.380122423171995,0,-11,-9,-10,0,-5,4,5,10,4,8,13,18,2,please
11.380122423171995,0,-12,-16,-23,0,-9,-1,1,1,-4,-5,6,11,-1,please
11.395694494247437,20,2,0,-3,0,-13,-18,1,-12,-19,-2,11,11,7,please
11.395694494247437,27,12,12,12,-1,-14,-22,5,-7,-18,8,14,12,13,please
11.411103963851929,10,9,0,0,0,-9,-15,0,2,-7,6,5,8,-1,please
11.411103963851929,0,0,-14,-23,-2,-11,-10,-4,-4,-10,2,0,-1,-17,please
11.426995515823364,0,2,-4,-14,-5,-14,-8,0,-12,-18,11,4,-3,-16,please
11.426995515823364,5,17,20,13,6,-7,-4,-4,-9,-28,13,5,0,-7,please
11.443009614944458,5,22,19,21,12,-5,-3,-13,-10,-37,-3,-2,-9,-4,please
11.443009614944458,-2,9,4,6,-2,-12,-2,-7,-6,-20,-10,-7,-14,-2,please
11.45807671546936,-7,-2,1,3,-12,-3,2,3,7,12,-3,-6,-7,0,please
11.45807671546936,-3,-1,4,13,0,20,16,7,15,25,-6,-14,-8,5,please
11.4740891456604,-8,1,2,12,10,28,25,6,12,23,-16,-20,-13,4,please
11.4740891456604,-16,-5,-8,3,3,11,17,0,2,24,-20,-20,-12,4,please
11.489662408828735,-10,-16,-13,-2,-1,3,9,-4,-1,20,-16,-19,-10,7,please
11.489662408828735,0,-19,-7,-4,4,13,23,12,22,22,-6,-15,-1,12,please
11.505042552947998,2,-15,-10,-14,0,9,18,17,47,22,-3,-2,11,7,please
11.505042552947998,1,-6,-13,-23,-13,-5,-18,-3,16,1,0,7,7,-3,please
11.520543575286863,10,4,0,-11,-8,-6,-26,-15,-19,-15,14,18,0,-3,please
11.520543575286863,16,20,23,8,9,-1,-4,-4,-14,-11,27,30,0,0,please
11.535866022109984,4,30,22,21,10,0,0,0,-6,-2,16,11,-4,-2,please
11.535866022109984,-15,11,1,17,0,0,-2,-3,-14,0,-9,-14,-10,-11,please
11.55165147781372,-24,-15,-6,-2,0,2,4,2,-4,6,-11,-7,1,-7,please
11.55165147781372,-13,-19,-8,-19,-3,2,3,7,14,6,11,6,10,4,please
11.566659212112429,-4,-13,-13,-22,-9,-7,-19,-3,-4,-19,11,3,1,0,please
11.566659212112429,7,-3,-3,-13,-5,-19,-26,-12,-28,-34,1,12,4,-4,please
11.58272624015808,25,11,11,-4,1,-16,-12,-5,-15,-14,22,28,19,5,please
11.58272624015808,13,16,16,0,0,-7,-16,-7,-15,-14,22,13,2,-9,please
11.598377466201782,-9,7,9,16,1,1,-12,-13,-30,-28,-16,-14,-20,-25,please
11.598377466201782,-3,-4,5,17,6,15,18,0,-13,-6,-28,-11,-10,0,please
11.61399245262146,5,-12,0,0,4,15,29,14,17,24,0,2,15,18,please
11.61399245262146,3,4,0,12,7,13,19,8,25,30,3,-1,23,8,please
11.629857063293455,1,11,10,30,12,18,20,5,16,25,-8,-8,14,10,please
11.629857063293455,-4,-13,-3,8,-6,7,15,7,5,21,-15,-11,-3,7,please
11.645207643508911,-9,-21,-20,-10,-16,0,11,4,8,18,-11,-9,-10,1,please
11.645207643508911,-1,-4,-11,0,0,4,19,9,28,18,-5,-1,1,15,please
11.6607027053833,-1,-4,-16,-3,0,-3,7,8,21,2,-11,-7,1,8,sil
11.6607027053833,-6,-8,-27,-19,-14,-12,-14,0,-3,-19,-17,-14,-11,-16,sil
11.676026105880736,5,1,-9,-16,-8,0,-12,2,8,-6,4,2,4,-5,sil
11.691129684448242,12,7,9,-9,0,-7,-19,3,17,6,26,19,28,11,sil
11.691129684448242,0,4,2,-11,-3,-28,-35,-9,-12,-17,14,8,10,-6,sil
11.70709753036499,-2,4,-5,-12,0,-22,-25,-9,-21,-27,0,-6,-15,-16,sil
11.70709753036499,6,5,1,-9,6,-6,-8,-2,-4,-7,9,0,-7,-6,sil
11.722818613052368,11,6,4,-1,1,-9,-6,-8,-7,-9,18,14,0,-1,sil
11.722818613052368,3,5,3,1,0,-13,-2,-7,-13,-20,13,8,-13,-2,sil
11.737651586532593,-7,-1,7,-1,2,-1,5,0,-10,-8,0,-3,-22,-2,sil
11.737651586532593,-5,0,12,3,3,9,6,-8,-12,-2,-10,-4,-16,-3,sil
11.752957582473757,8,15,22,17,2,12,8,-12,-11,-3,0,3,-6,-1,sil
11.752957582473757,12,19,23,27,4,12,15,0,-1,7,15,6,0,5,sil
11.768110990524292,-2,8,6,26,8,17,13,3,-4,14,6,-3,0,6,sil
11.768110990524292,-9,3,2,18,6,21,4,-5,-13,12,-11,-7,-4,1,sil
11.784274816513062,-5,0,2,9,6,12,4,0,-4,13,-12,-6,1,3,sil
11.784274816513062,-11,-10,0,0,3,4,1,5,2,6,-12,-10,5,1,sil
11.800045728683472,-13,-16,-1,0,-5,9,1,-1,0,4,-23,-15,-6,-6,sil
11.800045728683472,-6,-16,-4,3,-1,15,10,0,4,10,-23,-15,-11,-1,sil
11.815650701522827,-5,-19,-9,-5,5,10,10,14,21,8,-9,-8,6,8,sil
11.815650701522827,-2,-14,-13,-15,-1,1,7,18,33,11,1,4,25,10,sil
11.831738710403442,-2,-2,-12,-15,-5,-4,6,12,26,14,4,16,21,2,sil
11.831738710403442,-8,-2,-14,-17,-7,-17,0,9,15,0,5,8,8,-6,sil
11.847856760025024,-2,-11,-16,-25,-21,-25,-7,1,8,-15,2,-2,1,-7,sil
11.847856760025024,6,-18,-16,-32,-23,-19,-17,-7,-3,-18,0,2,4,-2,sil
11.862992525100708,10,-3,-8,-23,-6,-8,-23,-4,-10,-15,9,14,10,1,sil
11.862992525100708,18,18,15,8,6,-5,-12,3,0,-5,24,20,11,7,sil
11.878658771514893,18,18,20,23,4,-8,-1,-1,0,-4,18,15,0,2,sil
11.878658771514893,3,10,-2,-1,-7,-15,-18,-16,-26,-20,-3,2,-13,-13,sil
11.894195556640623,0,10,-1,-11,-8,-17,-34,-22,-41,-29,-1,-2,-19,-13,sil
11.894195556640623,5,14,9,11,8,-7,-13,-12,-28,-17,4,-5,-16,-2,sil
11.90974736213684,7,28,14,24,25,8,9,3,-7,4,2,-2,-8,3,sil
11.90974736213684,13,35,29,31,23,17,20,13,13,30,14,8,6,14,sil
11.925039291381836,6,10,25,35,12,20,34,7,20,41,16,4,9,20,sil
11.925039291381836,-14,-10,0,15,11,24,30,0,8,27,-9,-16,-5,2,sil
11.940719842910768,-17,-14,-12,4,7,23,16,5,13,16,-23,-20,-7,-7,sil
11.940719842910768,-12,-34,-15,-4,-8,17,17,6,23,11,-17,-8,0,3,sil
11.956843376159668,-13,-44,-24,-29,-18,8,14,3,16,3,-13,-3,-1,6,sil
11.956843376159668,-1,-11,-23,-35,-6,-5,-3,5,14,-2,-3,0,9,3,sil
11.972087621688845,15,15,0,-17,4,-16,-15,3,14,-9,13,16,28,4,sil
11.972087621688845,24,9,16,0,0,-14,-11,-6,0,-12,20,23,17,1,sil
11.98816442489624,14,0,6,10,0,-9,-9,-11,-23,-8,11,10,-2,-4,sil
11.98816442489624,-18,-3,-11,4,7,-8,-15,-10,-41,-27,-8,-14,-16,-24,sil
12.004056453704834,-36,0,-13,4,-10,-8,-17,-15,-38,-48,-21,-33,-28,-42,sil
12.004056453704834,-15,5,5,17,-27,0,0,-13,-22,-20,-12,-22,-22,-24,sil
12.019225597381592,-5,0,10,16,-5,12,20,0,-10,21,-9,-8,-3,6,sil
12.019225597381592,-20,-15,-9,-5,9,13,8,9,5,23,-18,-14,3,13,sil
12.034740447998049,-7,-2,-11,-23,-3,-3,-6,13,24,13,-7,-3,11,10,sil
12.034740447998049,26,21,11,-8,0,-13,-1,13,25,12,17,21,22,16,sil
12.054917097091677,21,17,20,8,6,-9,-7,2,8,0,22,23,14,6,sil
12.055921077728271,6,0,4,-3,-2,-12,-23,-5,-5,-12,11,6,1,-7,sil
12.055921077728271,13,8,2,-11,0,-8,-18,-6,-7,-7,10,2,1,-1,sil
12.065000534057615,9,14,14,12,12,14,0,-2,-1,12,11,8,0,8,sil
12.080162286758425,-5,-5,3,15,2,23,17,5,9,22,-3,0,-11,8,sil
12.080162286758425,-2,-19,-13,-12,-5,9,22,14,17,9,-21,-14,-15,6,sil
12.095685243606567,-4,-15,-20,-19,2,3,13,11,16,-1,-26,-15,-9,2,sil
12.095685243606567,-10,-13,-19,-9,0,-2,0,4,10,3,-10,1,0,0,sil
12.111066579818726,8,-8,-7,-15,-8,-19,-4,2,9,1,19,23,15,5,sil
12.111066579818726,19,2,0,-17,-11,-18,-5,-2,6,-8,22,24,15,8,sil
12.12677764892578,0,7,0,-3,0,-3,-11,-16,-14,-22,0,7,-6,-5,sil
12.12677764892578,-1,14,13,11,13,2,-6,-15,-25,-25,2,2,-20,-14,sil
12.142407417297363,9,18,23,21,17,10,10,0,-8,-3,18,2,-17,1,sil
12.142407417297363,-3,7,19,28,10,17,15,1,2,20,3,-4,-12,8,sil
12.15770387649536,-11,0,10,27,1,17,13,0,6,22,-5,-5,4,7,sil
12.15770387649536,-4,-8,5,11,-5,16,15,6,12,9,0,-6,19,8,sil
12.174219131469728,-10,-23,-12,-9,-9,0,1,5,5,0,-13,-23,5,-7,sil
12.174219131469728,-16,-20,-28,-22,-12,-26,-22,-1,-4,-4,-22,-22,0,-22,sil
12.18983244895935,-2,0,-11,-18,-10,-24,-24,-3,-9,-6,3,4,15,-9,sil
12.18983244895935,7,15,12,11,2,1,-6,-1,-12,-3,17,9,17,0,sil
12.205023527145386,2,22,17,31,14,18,10,-1,-14,0,-1,-1,-1,-4,sil
12.205023527145386,0,9,0,5,2,14,20,-1,0,1,-11,-2,-7,1,sil
12.221105098724363,1,-13,-18,-24,-10,0,12,0,12,6,-6,0,4,8,sil
12.221105098724363,1,-8,-8,-15,-2,-13,-12,2,0,2,0,4,10,0,sil
12.236235857009888,12,16,6,5,4,-17,-22,-2,-19,-13,17,19,9,-5,sil
12.236235857009888,17,20,8,1,0,-9,-10,-9,-16,-19,28,24,6,0,sil
12.252086877822876,1,6,7,0,1,4,0,-8,-6,-7,5,4,-10,0,sil
12.252086877822876,-6,0,1,16,4,12,2,-4,0,1,-22,-17,-28,-2,sil
12.26809024810791,-4,-4,-4,20,1,5,8,2,8,3,-19,-13,-19,-2,sil
12.26809024810791,-5,-12,-8,-2,-7,-1,10,16,23,12,-6,-4,0,7,sil
12.283783197402954,-3,-19,-12,-25,-12,-7,-2,12,21,19,-3,-4,8,17,sil
12.283783197402954,3,-8,-8,-23,-4,-18,-18,0,4,10,4,2,13,1,sil
12.299052715301514,0,9,1,-7,0,-12,-15,0,-7,-6,13,6,11,-15,sil
12.299052715301514,-13,1,1,-4,0,9,0,-4,-15,-17,-4,-9,-12,-13,sil
12.31468105316162,-15,-19,-8,-8,4,20,10,-8,-15,-20,-28,-25,-34,-6,sil
12.31468105316162,-10,-8,-3,4,15,23,17,2,4,-15,-20,-16,-22,0,sil
12.330257177352903,-6,6,9,17,17,27,25,14,20,5,-2,-5,0,6,sil
12.330257177352903,0,-4,1,2,3,11,23,12,20,27,0,0,10,13,sil
12.345531702041626,8,-17,0,-12,-9,-9,3,6,22,24,6,14,16,21,sil
12.345531702041626,11,-10,5,-8,-15,-20,-15,3,18,11,17,24,20,21,sil
12.360722303390505,8,1,-1,-6,-8,-22,-21,-3,0,1,18,21,16,4,sil
12.37573218345642,10,12,3,-10,4,-10,-18,-9,-10,-7,23,18,14,-10,sil
12.37573218345642,18,20,19,0,3,0,-13,-6,-7,-8,26,13,10,-11,sil
12.390966892242432,13,23,22,19,0,-10,-8,-2,-13,-11,14,8,-2,-9,sil
12.390966892242432,4,19,15,28,5,-7,1,-7,-18,-13,4,4,-12,-4,sil
12.406161308288574,0,13,8,24,4,10,14,-12,-20,-1,-3,-5,-16,1,sil
12.406161308288574,-4,7,4,17,1,10,14,-8,-22,5,-14,-16,-17,0,sil
12.421700477600098,-8,-1,-8,11,3,1,11,-1,-7,9,-16,-21,-10,-1,sil
12.421700477600098,-15,-16,-20,-8,-4,5,10,4,13,13,-19,-23,-9,-1,sil
12.437427043914797,-15,-19,-17,-19,-15,10,13,10,18,10,-29,-20,-7,0,sil
12.437427043914797,-3,-14,-17,-14,-12,4,10,8,14,7,-10,-4,13,8,sil
12.453833103179932,0,-20,-28,-29,-12,-10,-6,2,9,3,12,9,23,5,sil
12.453833103179932,0,-17,-17,-35,-15,-22,-23,0,0,-5,9,10,10,-10,sil
12.468975067138672,10,6,13,-1,0,-16,-27,-6,-11,-16,18,17,9,-11,sil
12.468975067138672,12,19,16,14,13,-1,-24,-7,-19,-33,24,19,10,-2,sil
12.485019445419312,-1,14,0,2,7,0,-19,-3,-16,-42,0,0,-4,-12,sil
12.485019445419312,-4,18,10,8,8,-1,-9,-3,-6,-18,-3,-5,-11,-18,sil
12.501131057739258,0,22,21,27,16,15,7,-4,-4,0,-5,-1,-15,-7,sil
12.501131057739258,-6,11,13,33,19,35,23,0,-8,-8,-41,-13,-29,-3,sil
12.516979694366457,-9,2,9,33,19,29,22,6,0,3,-32,-11,-21,0,sil
12.516979694366457,-1,0,4,23,9,12,16,11,21,38,14,4,6,15,sil
12.531993627548218,-3,-9,-2,1,-4,6,16,12,25,37,9,0,14,20,sil
12.531993627548218,-10,-21,-15,-12,-12,6,14,4,18,20,-14,-10,7,8,sil
12.548102140426636,-11,-26,-21,-20,-13,0,7,-2,14,17,-7,-9,0,5,sil
12.548102140426636,-5,-23,-20,-31,-15,-10,6,3,14,13,-2,-6,-1,7,sil
12.563937902450562,5,-15,-16,-32,-14,-13,6,9,12,7,0,0,9,8,sil
12.563937902450562,15,-4,0,-18,-7,-12,-1,7,4,1,15,18,20,13,sil
12.578991174697876,20,2,7,-8,-1,-20,-14,6,2,-1,27,22,18,13,sil
12.578991174697876,18,5,1,-16,-1,-27,-26,0,5,-2,26,13,18,5,sil
12.595192670822144,20,8,8,-8,-1,-18,-27,-9,-1,-7,24,16,18,2,sil
12.595192670822144,20,20,20,16,1,-3,-16,-7,-13,-8,19,17,7,3,sil
12.61105465888977,8,24,17,13,6,0,-14,-9,-20,-4,15,5,-1,-2,sil
12.61105465888977,-1,11,15,1,14,-2,-10,-16,-26,-10,10,-3,-5,-12,sil
12.626109838485718,-11,4,11,13,16,4,3,-16,-34,-23,-10,-14,-20,-15,sil
12.626109838485718,-27,-4,-7,15,2,11,14,-14,-35,-22,-38,-32,-46,-22,sil
12.641982555389404,-29,-21,-21,-7,-10,5,14,-4,-20,-3,-43,-36,-46,-24,sil
12.641982555389404,-21,-31,-19,-25,-9,0,16,11,2,3,-28,-17,-17,-12,sil
12.656894207000732,-21,-31,-27,-31,-10,2,14,13,16,0,-20,-12,0,-2,sil
12.656894207000732,-10,-22,-28,-28,-13,-6,0,9,18,0,-11,-14,2,-3,sil
12.672406673431396,13,0,-4,-10,-9,-20,-13,11,12,0,8,1,10,-6,sil
12.672406673431396,16,23,14,9,-3,-17,-12,3,5,-8,23,15,16,-3,sil
12.68819499015808,13,36,29,23,5,-2,-8,-5,0,-14,27,21,9,5,sil
12.68819499015808,15,38,36,36,15,4,-9,-4,0,-7,27,23,4,2,sil
12.703784704208374,-1,30,18,38,19,13,-6,-8,0,-2,12,6,-2,-7,sil
12.703784704208374,-10,20,7,31,23,38,11,-2,5,9,2,-1,-3,0,sil
12.719076156616213,12,11,8,33,15,47,29,16,28,35,9,16,18,26,sil
12.719076156616213,15,0,3,19,-3,19,14,13,29,33,5,23,26,26,sil
12.734887599945068,0,-4,-2,7,-1,9,0,-2,9,11,-3,2,8,11,sil
12.734887599945068,-1,-4,-5,17,11,29,17,0,3,9,0,-7,0,13,sil
12.75087571144104,-9,-20,-9,7,0,21,18,2,0,10,-8,-2,-3,8,sil
12.75087571144104,-16,-28,-14,-12,-13,-9,-4,-8,-15,6,-26,-4,-6,-3,sil
12.765770196914673,-1,-12,-6,-7,-7,-20,-8,-4,-9,1,-25,-7,1,0,sil
12.765770196914673,7,-5,-1,-5,-7,-18,-1,4,4,-12,-18,-8,2,0,sil
12.781439542770386,4,-9,-4,-17,-10,-18,-2,0,3,-14,-16,-5,-4,0,sil
12.781439542770386,14,-5,-1,-21,-5,-15,0,7,4,7,-7,10,2,12,sil
12.79677152633667,17,-3,-3,-21,-6,-13,0,12,9,15,-1,15,13,9,sil
12.79677152633667,0,-11,-16,-29,-10,-22,-10,-7,-6,-11,-8,0,2,-13,sil
12.81282353401184,-1,-7,-15,-32,-8,-29,-12,-16,-29,-34,-11,-7,-10,-17,sil
12.81282353401184,8,1,-6,-28,-4,-24,-6,-3,-21,-21,-1,-1,-9,-3,sil
12.82814359664917,-2,0,-6,-41,-9,-19,-10,0,-7,-8,4,-6,-10,-6,sil
12.82814359664917,-21,-4,-15,-49,-11,-24,-18,-4,-4,-13,8,-18,-12,-20,sil
12.844048023223875,-14,4,-7,-22,3,-11,-12,-7,-4,-9,25,-15,-2,-21,sil
12.844048023223875,-6,7,4,1,14,10,-6,-9,-4,1,43,-5,4,-7,sil
12.858989715576172,-20,-3,-3,-1,10,9,-14,-8,-7,-2,32,-9,-5,-3,sil
12.858989715576172,-20,-8,-4,1,8,8,-12,-4,-4,-6,13,-16,-21,-17,sil
12.874331712722778,-1,2,11,19,4,18,3,0,3,5,20,-12,-18,-12,sil
12.874331712722778,-3,14,21,29,7,21,4,0,2,8,42,0,-9,0,sil
12.890038013458252,-10,17,20,45,22,25,5,3,0,6,29,8,-10,-1,sil
12.890038013458252,7,17,20,55,22,29,21,10,12,18,-21,8,-1,6,sil
12.905766010284424,19,13,24,50,4,19,22,12,20,23,-51,12,18,26,sil
12.905766010284424,15,10,21,57,-4,17,22,9,15,10,-35,21,24,27,sil
12.92079758644104,14,9,12,56,-4,20,30,8,12,6,-16,22,17,21,sil
12.92079758644104,15,1,3,18,-10,6,24,8,11,16,-19,12,14,22,sil
12.936044692993164,16,-5,-1,-6,-8,-1,9,6,14,16,-19,14,17,22,sil
12.936044692993164,20,-3,3,-1,0,0,4,7,15,9,-6,25,25,21,sil
12.95261025428772,16,-7,-6,-16,-7,-9,-6,1,2,0,-5,12,20,7,sil
12.95261025428772,0,-21,-27,-41,-14,-21,-25,-8,-14,-19,-11,-3,4,-14,sil
12.967803716659546,-4,-17,-17,-34,-4,-20,-24,-3,-11,-23,12,5,9,-16,sil
12.967803716659546,0,-3,-6,-22,-2,-22,-10,5,-5,-9,31,6,16,-9,sil
12.983925104141235,-11,-5,-18,-42,-11,-26,-14,-8,-21,-20,6,-10,-6,-20,sil
12.999913215637209,-19,-10,-21,-52,-11,-23,-23,-21,-31,-29,-11,-17,-26,-27,sil
12.999913215637209,-11,1,-5,-30,-5,-9,-14,-10,-19,-4,1,-15,-23,-20,sil
12.999913215637209,-12,16,3,-7,6,3,-2,-1,-14,0,1,-18,-20,-18,sil
13.014917612075806,-21,17,-1,5,19,8,0,-7,-15,-18,-13,-23,-25,-17,sil
13.014917612075806,-12,11,3,9,16,14,4,-3,-3,-10,-5,-20,-23,-8,sil
13.031080961227415,0,5,10,8,6,14,10,6,10,17,7,-11,-11,1,sil
13.031080961227415,0,0,3,13,2,0,7,2,9,20,0,-9,-4,6,sil
13.04609227180481,0,0,9,24,3,-1,0,-1,8,11,-1,-5,-2,6,sil
13.062791109085085,11,0,21,31,7,10,12,3,15,17,6,-3,1,11,please
13.062791109085085,2,-9,4,16,2,14,19,2,6,14,-5,-9,-3,12,please
13.062791109085085,-9,-20,-15,-4,-5,15,10,0,1,4,-15,-4,-8,13,please
13.076910257339478,2,-9,-8,1,-1,12,7,3,14,9,4,9,4,22,please
13.094007015228271,12,2,4,11,1,0,6,7,17,14,13,16,12,23,please
13.094007015228271,5,-3,-3,4,-6,-6,0,6,19,9,4,20,13,18,please
13.094007015228271,3,-10,-12,-5,-7,-8,-6,4,23,-7,8,25,19,12,please
13.108699083328249,6,-11,-8,-20,-6,-13,-15,1,12,-23,14,19,19,0,please
13.123934745788574,2,-8,-5,-30,-13,-10,-18,2,9,-13,14,17,15,-4,please
13.123934745788574,1,2,0,-16,-8,-10,-19,0,17,0,15,21,12,-3,please
13.139050722122192,6,15,2,8,1,-17,-21,-6,7,-4,7,8,0,-17,please
13.139050722122192,10,20,11,13,2,-10,-15,-7,-10,-16,0,0,-12,-20,please
13.154802322387695,14,19,21,10,6,0,-1,-2,-9,-11,-1,3,-6,-4,please
13.154802322387695,6,12,10,7,11,0,5,0,-3,5,-5,-6,-5,-8,please
13.170694828033447,-12,4,-4,-3,2,9,8,-6,-20,-2,-10,-26,-17,-21,please
13.170694828033447,-20,3,-5,-4,-2,24,14,-11,-39,-25,-19,-25,-19,-19,please
13.18573760986328,-11,2,4,5,3,17,18,0,-34,-10,-23,-12,-2,-7,please
13.18573760986328,-6,-6,3,5,1,5,21,15,-16,25,-9,-7,7,3,please
13.201398849487305,-15,-12,-11,-3,-6,17,22,13,-11,28,-5,-15,0,6,please
13.201398849487305,-16,-9,-7,-7,0,17,11,3,-24,11,-13,-12,0,5,please
13.21651315689087,0,-8,1,-3,5,-5,4,2,-25,14,-6,3,21,14,please
13.21651315689087,6,-11,-6,-7,-2,-15,0,0,-14,11,0,7,27,13,please
13.23166799545288,2,-11,-12,-15,-7,-12,-12,-4,-9,-8,0,-1,15,-2,please
13.23166799545288,6,-2,0,-7,0,-17,-22,-8,0,-8,10,4,20,-5,please
13.247131586074827,12,6,11,1,5,-14,-19,-6,9,-2,27,21,26,-2,please
13.247131586074827,17,15,13,4,0,-11,-13,-5,16,-8,34,25,22,0,please
13.262725591659546,15,22,21,19,6,-11,-8,-9,21,-13,26,14,13,6,please
13.262725591659546,-4,11,15,23,10,3,-8,-12,9,-20,-4,-9,-14,-6,please
13.277935028076172,-17,0,-7,12,1,16,-7,-7,4,-17,-25,-26,-39,-21,please
13.277935028076172,0,10,0,24,5,10,2,0,27,6,-3,-9,-29,-5,please
13.294025421142578,9,12,17,40,10,18,19,7,39,22,1,2,-20,11,please
13.294025421142578,-4,-8,0,13,-1,30,24,11,28,19,-19,-5,-32,15,please
13.308677434921265,-11,-22,-19,-20,-10,11,13,14,33,26,-15,-2,-32,22,please
13.308677434921265,-3,-20,-17,-20,-7,-9,1,10,30,19,-1,2,-26,21,please
13.323750019073486,2,-12,-5,-9,-3,-4,2,5,8,0,2,5,-31,16,please
13.323750019073486,4,-7,-2,-11,-3,0,12,12,6,2,14,11,-42,14,please
13.339003086090088,-7,-15,-26,-27,-14,-8,4,5,-4,-5,-2,-5,-48,-7,please
13.339003086090088,-17,-20,-37,-35,-20,-17,-15,-14,-35,-34,-34,-24,-17,-29,please
13.354207992553713,2,0,-9,-12,-9,-13,-7,-6,-24,-22,-4,0,37,-6,please
13.354207992553713,17,14,11,8,1,-4,3,8,-1,0,23,16,59,10,please
13.370021104812622,1,8,6,5,7,-2,-7,0,-12,-11,-6,-1,45,-11,please
13.385653972625732,0,9,7,0,10,-8,-13,-4,-16,-7,-8,1,48,-11,please
13.385653972625732,15,6,17,-8,0,-11,-5,3,-3,18,26,20,62,7,please
13.385653972625732,9,-2,10,-11,-4,-11,-6,0,1,19,27,15,50,4,please
13.400724172592165,-1,6,8,1,9,-9,-13,-7,-12,0,12,5,25,-6,please
13.400724172592165,0,18,15,8,11,0,-6,-9,-27,-10,8,5,8,-10,please
13.415905475616457,-5,7,7,-2,-3,6,0,-4,-18,-6,-1,-3,1,-10,please
13.431070804595947,-19,-2,-7,-5,-6,3,-6,-3,-5,-3,-8,-11,-2,-8,please
13.431070804595947,-8,3,-7,3,0,-1,-15,-12,-11,-7,-4,-3,-12,-9,please
13.44685173034668,13,13,5,6,3,4,-5,-4,-13,-6,0,5,-17,-10,please
13.44685173034668,13,12,9,6,3,11,7,6,-6,-2,-1,-2,-16,0,please
13.462436199188232,0,1,1,8,0,5,8,1,-7,-9,-6,-14,-21,8,please
13.462436199188232,-2,-3,4,9,8,8,15,-2,0,-3,-9,-10,-27,4,please
13.47812795639038,0,0,4,12,16,23,23,1,15,15,-9,-8,-23,-2,please
13.47812795639038,-5,-4,-1,6,5,18,9,0,16,9,-11,-12,-23,-6,please
13.494255542755129,-6,-11,3,4,-1,1,4,-1,8,2,-4,-6,-21,-3,sil
13.494255542755129,2,-9,4,19,4,4,22,0,10,18,0,-3,-13,5,sil
13.509831428527832,0,-5,1,17,2,13,21,1,8,11,-4,0,-10,9,sil
13.509831428527832,-5,-4,-1,3,-5,6,8,6,11,0,0,3,-5,7,sil
13.525039196014404,-5,-7,-1,7,0,-1,9,13,22,22,12,1,5,13,sil
13.525039196014404,-1,-11,-1,6,4,1,5,12,20,32,9,5,9,19,sil
13.540441513061523,-1,-7,-5,-3,-8,1,-11,0,12,9,0,7,8,15,sil
13.540441513061523,0,-1,-8,-7,-21,-9,-20,-2,12,0,4,2,10,13,sil
13.55587887763977,0,-9,-16,-21,-14,-16,-9,7,8,-6,0,1,7,10,sil
13.55587887763977,-10,-14,-30,-39,-5,-13,-4,6,-3,-29,-21,-1,0,-3,sil
13.571951389312744,-13,0,-20,-20,-2,-9,-15,-2,-6,-25,-17,-2,4,-12,sil
13.571951389312744,5,15,-2,4,0,-5,-22,-1,-2,0,7,5,12,-6,sil
13.587228059768677,13,10,-6,-9,-3,-8,-23,-4,-8,-4,11,10,7,-6,sil
13.587228059768677,5,2,-11,-24,-10,-22,-24,-8,-8,-19,0,1,0,-12,sil
13.602742910385132,7,5,6,-10,-2,-23,-16,-3,0,-6,9,1,10,-3,sil
13.602742910385132,19,12,23,3,6,-11,0,0,1,8,35,16,26,3,sil
13.618659734725952,24,16,16,9,4,-11,9,0,-3,4,32,23,26,6,sil
13.618659734725952,14,10,9,1,0,-12,7,-6,-13,-10,5,10,4,-1,sil
13.634084701538086,-1,-3,6,-6,-1,0,4,-15,-25,-14,-7,-4,-14,-18,sil
13.634084701538086,-9,-3,8,9,0,10,0,-18,-36,-12,-10,-7,-24,-25,sil
13.649650812149048,-3,12,25,31,11,10,-3,-6,-34,-18,-13,0,-24,-16,sil
13.649650812149048,1,17,25,28,12,16,10,10,-6,-2,-6,-1,-8,0,sil
13.6647527217865,-8,4,1,12,4,26,24,13,16,17,-8,-13,1,8,sil
13.665221929550173,-14,-6,-8,10,9,26,20,9,15,21,-14,-17,-3,4,sil
13.680732011795044,-6,-4,3,13,17,24,23,8,18,32,2,-8,0,9,sil
13.680732011795044,-10,-9,0,-6,9,23,27,1,28,33,-2,-10,-2,16,sil
13.696771621704102,-18,-17,-20,-23,0,10,13,0,19,10,-27,-21,-18,10,sil
13.696771621704102,-3,-12,-17,-12,0,-5,1,9,6,-1,-10,-3,-5,7,sil
13.71278476715088,11,-7,1,-7,0,-8,-2,5,1,-8,15,21,18,11,sil
13.71278476715088,4,-5,-4,-16,-3,-9,-11,-6,-5,-27,5,13,4,0,sil
13.728639364242554,0,-3,-12,-16,-9,-19,-19,-6,-12,-28,1,0,-7,-16,sil
13.728639364242554,0,-4,-8,-7,-18,-25,-26,-6,-5,-13,14,0,0,-21,sil
13.744759798049929,-6,-1,-3,0,-16,-12,-25,-13,-11,-16,12,-4,-2,-17,sil
13.744759798049929,-10,5,0,8,0,8,-3,-7,-21,-8,-2,-13,-10,-7,sil
13.760706186294556,-7,0,-1,14,4,18,11,5,-2,21,-18,-16,-7,5,sil
13.760706186294556,-5,-14,-5,1,-9,5,-3,8,16,27,-19,-12,-1,15,sil
13.77644968032837,5,-4,-3,-9,-16,-13,-13,5,19,13,3,6,18,17,sil
13.77644968032837,21,21,8,-4,-3,-17,-3,5,22,16,28,30,41,13,sil
13.79206395149231,21,29,21,18,5,-6,1,0,9,11,20,21,17,3,sil
13.79206395149231,5,14,15,28,3,4,5,-8,-18,-12,-13,-6,-30,-6,sil
13.807714223861694,-5,-3,1,3,2,9,16,-2,-16,-19,-22,-9,-28,-9,sil
13.807714223861694,3,-9,-4,-4,11,7,19,9,9,1,0,5,12,3,sil
13.822871685028076,16,0,1,10,17,0,-2,5,8,15,14,13,21,10,sil
13.822871685028076,11,12,10,7,11,-4,-23,-7,-14,3,6,10,2,-7,sil
13.838484048843384,-3,15,7,5,6,5,-8,-6,-17,-9,0,-2,0,-13,sil
13.838484048843384,-13,0,-4,14,7,20,16,3,0,0,-5,-11,5,1,sil
13.853832244873049,-16,-17,-18,-4,0,15,20,10,17,17,-13,-11,0,12,sil
13.853832244873049,-11,-19,-22,-27,-8,0,9,12,18,4,-6,-2,4,7,sil
13.869725227355955,3,-9,-12,-18,-7,-9,0,7,4,-11,11,16,17,5,sil
13.869725227355955,10,-9,-5,-13,-10,-21,-16,-8,-4,0,16,20,13,9,sil
13.884921312332152,1,-12,-2,-23,-20,-28,-35,-17,-18,-5,11,8,-1,-3,sil
13.884921312332152,2,-3,2,-14,-19,-23,-25,-5,-16,-19,13,6,-4,-23,sil
13.900063037872314,12,14,13,1,-3,-7,5,8,11,-7,17,10,6,-15,sil
13.900063037872314,1,21,26,5,7,8,18,4,22,-1,8,0,1,0,sil
13.91572380065918,-14,10,19,13,4,14,6,-8,6,-10,-7,-11,-19,-4,sil
13.91572380065918,-22,0,2,15,0,12,0,-9,0,0,-16,-15,-24,-11,sil
13.93125605583191,-23,-5,-8,3,0,12,9,-3,-8,4,-27,-20,-24,-6,sil
13.93125605583191,-13,-9,-11,-3,4,14,20,0,-15,-3,-31,-20,-23,6,sil
13.94709086418152,7,-5,-2,0,7,10,19,11,3,14,-11,-5,0,23,sil
13.94709086418152,11,-6,-6,-1,0,1,6,14,13,13,-1,0,7,14,sil
13.962730646133425,3,-10,-16,-14,-2,-6,-9,-6,-13,-29,-10,-3,-21,-11,sil
13.962730646133425,13,1,-7,-13,12,-9,-11,-13,-20,-26,1,0,-20,-10,sil
13.977977275848389,19,15,4,2,18,-10,-10,-2,-5,5,22,-4,0,0,sil
13.977977275848389,0,16,7,14,7,-8,-19,-9,-17,-5,18,-12,-14,-12,sil
13.994086027145386,-2,16,13,22,3,0,-13,-13,-29,-14,6,-6,-28,-11,sil
13.994086027145386,7,8,16,20,9,13,10,0,-13,1,-2,0,-13,6,sil
14.009238004684448,-3,-9,0,9,3,15,21,12,4,14,-13,-9,-5,6,sil
14.009238004684448,-15,-16,-15,0,-10,9,13,14,18,38,-10,-11,1,5,sil
14.025060415267944,-7,-14,-10,-12,-13,0,5,13,33,49,-3,1,15,14,sil
14.025060415267944,2,-13,-9,-23,-8,-5,0,8,32,22,-12,4,12,8,sil
14.041116952896118,7,-6,-5,-19,-9,-12,-9,0,8,-11,-15,10,8,-3,sil
14.041116952896118,11,3,7,-8,-9,-12,-19,-5,-2,-19,9,35,29,0,sil
14.06234049797058,8,10,11,-3,-2,-10,-25,-7,2,-10,27,46,51,6,sil
14.06234049797058,4,14,12,3,0,-14,-27,-9,-4,-15,12,28,39,0,sil
14.063844919204712,4,17,18,25,2,-7,-10,-5,-10,-18,0,5,24,-5,sil
14.072375297546388,1,14,18,34,15,19,19,7,5,4,9,-6,35,3,sil
14.087080955505373,-13,0,0,12,18,35,37,11,15,20,5,-18,37,9,sil
14.087080955505373,-28,-15,-24,-9,0,21,33,0,4,11,-16,-29,21,-3,sil
14.103100538253784,-21,-19,-24,-10,-10,2,20,3,2,9,-14,-20,26,-8,sil
14.103100538253784,0,-19,-13,-2,-7,-4,9,17,18,10,5,-1,42,8,sil
14.118743419647217,9,-11,-9,-7,-9,-10,-2,6,16,0,10,8,34,10,sil
14.118743419647217,6,-1,-4,-19,-18,-19,-18,-13,-9,-10,8,13,14,-7,sil
14.133925676345823,13,5,5,-12,-14,-18,-21,-9,-18,-14,23,22,11,-2,sil
14.133925676345823,23,17,21,7,0,-5,-8,0,-7,-9,42,30,11,8,sil
14.150716066360474,13,24,20,16,5,-3,-6,-9,-11,-8,28,16,-19,-4,sil
14.150716066360474,-8,7,3,8,2,-2,-14,-15,-21,-21,-3,-7,-64,-16,sil
14.16478157043457,-11,0,6,12,7,5,-4,-4,-13,-21,-13,-13,-89,-8,sil
14.180347204208374,0,6,13,28,8,4,5,0,-6,-7,-20,-13,-113,1,sil
14.180347204208374,-4,0,0,17,6,0,4,-2,-10,1,-28,-16,-131,8,sil
14.195686101913452,-4,-11,-7,-7,5,9,11,1,0,15,-12,-12,-146,13,sil
14.195686101913452,1,-12,-10,-18,-2,1,10,2,4,11,-9,-11,-205,0,sil
14.21128511428833,-3,-16,-22,-28,-13,-22,-13,-8,-14,-19,-32,-14,-200,-22,sil
14.21128511428833,-6,-15,-25,-34,-7,-20,-22,-8,-19,-21,-19,-5,-7,-16,sil
14.226686716079712,0,0,-6,-25,7,1,-10,5,0,6,13,4,173,0,sil
14.226686716079712,2,12,3,-9,18,12,0,7,9,14,6,-1,172,-7,sil
14.241934061050417,0,15,3,3,17,17,9,0,1,9,-8,-13,127,-12,sil
14.241934061050417,-4,5,7,4,9,23,13,4,5,15,-7,-14,124,1,sil
14.258004903793337,-1,0,3,1,4,18,14,17,27,27,-16,-12,109,15,sil
14.258004903793337,5,8,-2,9,11,10,19,17,43,28,-26,-10,80,15,sil
14.27413272857666,-1,0,-5,14,11,14,17,4,28,16,-19,-12,54,8,sil
14.27413272857666,-12,-18,-9,0,-4,16,10,0,10,16,-6,-11,35,2,sil
14.28973627090454,-6,-17,-9,-10,-12,3,12,10,20,25,6,0,36,6,sil
14.28973627090454,0,-9,-11,-9,-10,-12,6,9,21,2,13,10,32,11,sil
14.30501914024353,-2,-1,-8,-10,-14,-28,-18,-13,-17,-34,15,11,8,0,sil
14.30501914024353,3,9,5,-3,-17,-37,-29,-16,-39,-36,29,22,-9,-9,sil
14.321010828018188,13,9,15,4,-10,-27,-19,-4,-18,-22,43,36,-15,0,sil
14.321010828018188,7,1,19,0,-8,-20,-22,-11,-20,-28,37,34,-26,2,sil
14.336142778396606,0,4,15,-2,-16,-23,-24,-11,-37,-25,20,16,-43,-11,sil
14.336142778396606,1,11,17,12,-11,-6,-7,2,-26,-17,9,10,-57,-15,sil
14.351670980453491,10,17,29,38,6,23,9,1,-7,-16,3,14,-61,-3,sil
14.351670980453491,8,16,26,47,11,30,11,-9,-7,-1,-2,6,-54,1,sil
14.366899490356444,-5,0,7,26,4,18,7,-8,-7,11,-6,-6,-44,-4,sil
14.366899490356444,-7,-11,-5,11,1,13,9,1,6,14,-6,-7,-31,4,sil
14.38301706314087,2,-1,-1,17,5,13,12,7,23,28,-7,-2,-16,23,sil
14.38301706314087,8,0,4,14,11,10,9,7,30,32,-12,-4,-10,17,sil
14.398155689239502,3,-10,-8,-7,8,1,5,5,23,8,-19,-14,-12,4,sil
14.398155689239502,-5,-14,-27,-26,0,0,2,10,16,0,-16,-13,-7,9,sil
14.41430377960205,-7,-10,-29,-23,-1,3,1,15,21,18,-3,-5,10,12,sil
14.41430377960205,11,-4,-11,-15,4,-6,0,7,13,14,8,3,21,-1,sil
14.429748773574827,19,-4,0,-20,4,-17,-6,-5,-12,-9,7,2,10,-10,sil
14.429748773574827,-1,-3,-18,-27,-3,-17,-17,-11,-23,-18,0,-4,0,-15,sil
14.444981813430786,-13,8,-24,-26,-2,-10,-9,-4,-8,-11,-7,-3,14,-22,sil
14.444981813430786,-3,11,-9,-17,5,0,6,0,4,-2,-9,0,35,-13,sil
14.46005392074585,-4,3,0,-7,4,0,1,-2,6,-4,2,-3,25,0,sil
14.46005392074585,-12,0,0,-10,-6,-13,-10,-5,0,-10,13,-9,3,-7,sil
14.47535228729248,-16,0,2,-11,-8,-9,0,-6,-9,1,-1,-17,0,-15,sil
14.47535228729248,-17,0,10,2,4,10,11,-9,-16,9,-12,-22,10,-10,sil
14.491039514541626,-5,8,17,19,10,11,4,-6,-13,-5,-6,-18,3,-8,sil
14.491039514541626,4,10,12,19,0,6,-5,-2,-13,-25,-15,-13,-19,-7,sil
14.506642818450928,0,0,6,14,-1,17,4,-4,-18,-28,-22,-3,-18,4,sil
14.506642818450928,4,-4,5,19,2,18,21,-4,-3,1,-2,6,7,18,sil
14.52270793914795,11,-2,7,14,-1,8,13,6,15,35,4,3,12,19,sil
14.52270793914795,1,-6,0,-5,-4,2,-3,14,17,32,-2,3,6,21,sil
14.537898778915403,4,-7,-6,-11,0,-6,-3,15,13,13,7,20,17,24,sil
14.537898778915403,14,-6,0,2,-2,-14,-2,20,15,17,16,25,18,20,sil
14.55401873588562,10,-5,1,4,-11,-8,-3,23,18,18,8,17,8,21,sil
14.55401873588562,9,1,0,-5,-4,-6,-1,17,14,-1,18,21,12,13,sil
14.569359064102173,9,1,3,-2,4,-10,-2,13,2,-17,27,19,8,-13,sil
14.569359064102173,3,2,6,0,0,-10,-9,3,-12,-21,13,7,-11,-25,sil
14.58527398109436,4,15,8,0,-1,-13,-19,-20,-23,-28,8,5,-17,-17,sil
14.585622787475586,-1,17,0,2,-1,-14,-26,-41,-26,-31,10,0,-18,-18,sil
14.60064148902893,-20,0,-7,4,-1,0,-15,-37,-27,-14,-8,-14,-31,-24,sil
14.60064148902893,-20,-11,-5,7,2,16,12,-14,-15,4,-28,-19,-33,-15,sil
14.61588978767395,-9,-7,-1,13,5,26,29,0,7,1,-25,-18,-17,-2,sil
14.61588978767395,-14,-9,-4,1,1,26,21,0,20,5,-15,-12,0,1,sil
14.6319420337677,-12,-12,-11,-9,0,12,5,1,16,23,-8,-7,5,8,sil
14.6319420337677,-2,-6,-9,-1,-2,-1,0,7,5,10,-2,-7,1,9,sil
14.647535800933838,3,-1,-5,-3,-10,-5,2,6,2,-4,-1,-3,4,4,sil
14.647535800933838,8,-3,-13,-20,-8,-10,-5,6,8,5,0,2,14,4,sil
14.663919925689695,8,0,-12,-19,1,-15,-16,7,1,-4,9,5,12,-4,sil
14.663919925689695,11,17,3,3,6,-11,-1,9,-2,-11,18,8,8,-8,sil
14.679017066955566,21,33,19,19,10,0,11,9,3,7,21,18,14,7,sil
14.679017066955566,19,22,23,10,13,2,0,6,7,5,22,20,17,14,sil
14.694640636444092,0,4,15,-4,6,-1,-8,0,2,-2,16,6,5,4,sil
14.694640636444092,-4,9,19,5,2,0,-3,-6,-6,7,0,-3,-3,4,sil
14.709704399108888,0,17,22,37,6,13,-1,-13,-14,2,-12,-6,-9,5,sil
14.709704399108888,-5,0,3,26,4,17,5,-13,-15,-9,-18,-15,-18,-4,sil
14.72485899925232,-10,-18,-12,-7,-2,6,16,-3,-7,5,-21,-20,-13,-1,sil
14.740686178207396,-5,-19,-15,-13,-6,4,14,1,1,18,-24,-18,-1,6,sil
14.740686178207396,-12,-29,-19,-19,-8,9,5,-1,10,4,-26,-24,-8,-3,sil
14.740686178207396,-25,-38,-33,-38,-11,-3,4,1,10,0,-25,-25,-11,-13,sil
14.755723714828491,-19,-20,-28,-27,-9,-22,0,15,7,4,-3,1,10,0,sil
14.771745681762695,10,0,-1,-3,-4,-18,-7,17,15,7,24,29,30,15,sil
14.771745681762695,36,6,13,0,0,-6,-9,7,19,11,32,33,27,12,sil
14.771745681762695,29,9,13,-3,3,-7,-15,0,4,7,26,33,19,3,sil
14.786874055862429,11,12,11,0,3,-9,-19,-2,-10,-17,19,31,13,-3,sil
14.802011489868164,0,7,8,1,2,-7,-12,-7,-14,-35,14,12,0,-12,sil
14.802011489868164,-13,4,0,0,0,-5,-6,-6,-18,-25,4,-6,-19,-16,sil
14.817773818969728,-22,2,-3,7,-3,5,1,-3,-17,-10,-12,-12,-28,-13,sil
14.817773818969728,-9,5,9,23,-2,18,14,-6,-12,-11,-20,-11,-23,-7,sil
14.833786010742188,4,10,19,23,0,12,12,-3,-11,-5,-9,-12,-15,1,sil
14.833786010742188,2,2,4,12,-2,6,9,6,0,18,0,-7,-4,8,sil
14.8496835231781,-1,-8,-2,6,-3,18,15,7,18,27,-4,-1,0,12,sil
14.8496835231781,-1,-8,-6,0,0,19,13,0,16,12,-7,-5,-5,11,sil
14.864962339401243,0,-9,-15,-15,0,0,0,0,6,6,-5,-10,0,0,sil
14.864962339401243,5,-11,-13,-16,-8,-17,-13,1,12,7,0,-5,14,0,sil
14.880950927734377,11,2,-4,-9,-7,-29,-28,-4,7,-10,8,5,20,9,sil
14.880950927734377,7,19,0,-7,6,-25,-31,-11,-15,-24,18,10,10,-2,sil
14.896077156066896,0,17,1,0,12,3,-9,-7,-15,-9,9,0,-6,-18,sil
14.896077156066896,-8,7,7,12,13,28,12,-4,0,2,-7,-10,-13,-10,sil
14.911717414855955,-23,-1,-3,4,16,27,24,0,1,10,-10,-15,-1,-2,sil
14.911717414855955,-29,-15,-23,-14,0,12,19,3,-5,15,-11,-19,1,-6,sil
14.927316188812256,-6,-15,-11,-11,-16,-7,1,2,-8,-5,-14,0,-2,-6,sil
14.927316188812256,25,9,11,15,-3,-19,-7,2,-2,-17,5,28,7,1,sil
14.943858861923218,27,27,22,24,12,-17,-8,1,1,1,37,32,18,2,please
14.943858861923218,10,22,28,17,8,-11,-8,0,4,6,36,19,5,-2,please
14.959867715835571,1,15,23,23,11,4,0,0,7,0,6,1,-8,-1,please
14.959867715835571,-7,5,10,20,20,25,14,1,5,10,-16,-14,-15,0,please
14.975685119628906,-14,-11,-2,4,3,22,22,1,5,9,-23,-22,-18,-1,please
14.975685119628906,-5,-17,-15,-4,-14,1,16,3,2,-4,-25,-19,-11,3,please
14.991759061813354,-2,-14,-16,-10,-9,-5,7,7,0,-2,-20,-12,0,14,please
14.991759061813354,-6,-12,-4,-12,-7,0,10,9,12,20,-7,0,10,22,please
15.007867097854614,0,-19,-1,-15,-17,-1,10,10,20,30,0,6,18,20,please
15.007867097854614,4,-26,-19,-28,-14,-8,-2,7,6,9,-7,0,13,11,please
15.023975133895874,5,-9,-16,-20,-4,-12,-16,-3,-2,-10,-13,0,1,5,please
15.023975133895874,12,6,6,2,-1,-16,-20,-11,-3,-9,0,10,3,4,please
15.039936304092407,14,-3,6,-4,-4,-16,-18,-5,-6,-13,17,18,10,0,please
15.039936304092407,2,-6,-2,-28,-4,-7,-15,-2,-8,-26,21,19,10,-3,please
15.055531978607178,0,7,-7,-19,0,-1,-11,-13,-8,-15,14,7,2,-9,please
15.055531978607178,4,7,-5,-5,0,-7,-12,-16,-14,-5,15,0,-2,-15,please
15.072078227996826,0,-2,-2,-11,-9,-5,-11,0,-14,-20,15,6,-8,-13,please
15.072078227996826,-10,-5,-2,-9,-10,0,-8,3,-9,-24,0,0,-16,-13,please
15.072078227996826,-15,-7,0,-2,-3,-4,-13,-10,-13,-8,-13,-13,-20,-23,please
15.086001634597778,-4,-3,3,-2,0,-1,-13,-9,-12,0,-9,-2,-17,-24,please
15.101858615875244,7,11,9,9,6,17,8,11,0,0,3,8,-9,-8,please
15.101858615875244,11,23,19,26,14,21,27,14,7,10,14,0,5,3,please
15.11670446395874,5,16,13,19,9,15,22,0,11,26,10,-12,11,9,please
15.11670446395874,-5,11,1,12,6,20,13,0,6,21,-3,-14,0,2,please
15.13278865814209,-3,17,6,26,15,17,13,5,5,12,-3,-11,1,-1,please
15.13278865814209,5,19,18,37,20,7,10,0,10,16,4,0,12,7,please
15.148027420043944,0,4,14,31,14,10,8,0,4,15,0,1,4,9,please
15.148027420043944,-7,-4,-1,24,8,9,16,9,2,14,-10,-4,0,4,please
15.164183139801024,-5,2,1,28,8,-5,13,2,11,10,-2,2,8,13,please
15.164183139801024,-4,8,1,30,5,-10,-1,-2,14,-4,2,6,8,23,please
15.179717302322388,-13,-1,-18,3,-7,-2,0,4,11,-7,-5,-8,2,12,please
15.179717302322388,-11,-9,-19,-24,-7,-1,7,6,7,7,-9,-12,0,5,please
15.195762634277344,0,-8,-8,-20,2,-1,4,2,5,8,-9,-9,-4,8,please
15.195762634277344,-7,-21,-21,-27,-7,0,-4,0,2,-11,-25,-17,-15,-2,please
15.21092939376831,-20,-37,-36,-50,-26,-3,-8,-1,0,-19,-39,-15,-17,-15,please
15.21092939376831,-8,-27,-26,-38,-19,-8,-10,1,3,-7,-21,2,-2,-3,please
15.22612190246582,14,-7,-2,-16,-5,-16,-15,6,0,0,8,22,15,7,please
15.22612190246582,24,0,6,-21,-8,-27,-21,-3,-15,-6,19,25,14,0,please
15.241707563400269,12,0,0,-34,-18,-38,-32,-18,-26,-26,16,15,-1,-13,please
15.241707563400269,9,-2,0,-29,-17,-33,-30,-10,-21,-29,11,11,-8,-17,please
15.25765895843506,21,5,17,-9,-5,-9,-13,0,-16,-14,11,18,-1,-9,please
15.25765895843506,20,15,24,3,4,4,-7,-5,-17,-12,19,25,2,0,please
15.27319073677063,10,14,14,10,10,5,-5,-3,-9,-2,29,17,3,4,please
15.27319073677063,11,14,19,19,15,14,10,11,3,25,26,11,7,6,please
15.288854837417604,0,19,23,23,15,19,18,1,2,21,9,1,1,-4,please
15.288854837417604,-21,12,8,23,13,17,8,-19,-12,-14,-6,-17,-13,-16,please
15.30402946472168,-18,2,5,22,11,26,10,-14,-17,-17,-6,-24,-14,-12,please
15.30402946472168,-5,-2,6,17,4,29,24,2,3,14,-2,-16,-5,0,please
15.319222450256348,-3,-4,2,8,0,12,24,8,25,27,-2,-7,1,8,please
15.319222450256348,2,-2,2,10,4,0,10,8,29,14,2,-3,7,8,please
15.335010528564451,8,2,-4,18,5,-4,-1,3,18,4,1,-9,5,6,please
15.335010528564451,-2,6,-7,14,5,0,0,0,-1,4,-9,-11,-4,4,please
15.350095510482788,-11,3,-4,12,4,10,14,1,-1,10,-16,-12,-4,5,please
15.350095510482788,-9,-1,-9,16,0,6,14,4,12,13,-14,-17,4,6,please
15.365687608718872,-4,-8,-12,3,-1,-3,4,9,12,14,-8,-14,8,9,please
15.365687608718872,-5,-14,-12,-13,-5,0,3,11,8,10,-7,-7,4,2,please
15.38076138496399,-12,-14,-14,-14,-15,-1,-4,0,3,-6,-15,-3,-1,-9,please
15.38076138496399,-16,-8,-17,-14,-19,-8,-14,0,0,-11,-12,0,0,-3,please
15.396016120910645,-12,-6,-13,-19,-12,0,-5,13,9,0,-4,0,7,5,please
15.396016120910645,-3,-7,-6,-11,-4,1,-3,2,8,-3,-14,-1,2,-4,please
15.412128210067747,1,-9,-5,-5,-4,-16,-12,-10,-3,-17,-19,1,-7,-9,please
15.412128210067747,4,-12,-7,-22,-5,-13,-10,0,4,-2,4,18,6,1,please
15.428058624267578,10,-7,-6,-29,-5,2,-3,3,12,16,23,29,22,1,sil
15.428058624267578,7,0,-4,-15,-3,-8,-11,-9,-14,-8,7,15,-2,-9,sil
15.444087266921995,0,3,-1,-12,9,-19,-22,-9,-40,-43,-8,-3,-32,-13,sil
15.444087266921995,5,11,4,-7,23,-6,-12,-1,-28,-27,7,0,-16,-7,sil
15.459127187728882,22,17,23,12,25,-4,-2,-1,-13,0,31,22,4,1,sil
15.459127187728882,22,12,27,15,12,-9,-5,-2,-13,-4,27,18,1,5,sil
15.474671602249146,7,10,13,4,-4,4,0,-7,-15,-14,9,-2,0,1,sil
15.474671602249146,8,17,19,20,-5,9,15,-4,-4,1,8,1,7,5,sil
15.49042820930481,21,19,25,40,4,1,20,3,12,32,22,18,14,22,sil
15.49042820930481,17,12,16,23,5,10,10,4,16,30,25,17,14,25,sil
15.506091356277466,1,4,12,2,-2,13,0,-1,5,5,5,4,0,9,sil
15.506091356277466,-7,0,6,-1,-7,-4,-10,-2,-5,0,-11,-9,-14,-4,sil
15.521695375442505,-10,-3,-4,-4,-7,-13,-7,1,-5,2,-9,-18,-7,-6,sil
15.521695375442505,-8,-3,-12,-1,-5,-9,6,0,5,3,-9,-17,5,-2,sil
15.537708282470703,-9,3,-14,2,0,0,11,-7,6,2,-11,-11,3,-4,sil
15.537708282470703,-13,0,-12,1,1,10,10,-3,3,0,-2,-10,0,-10,sil
15.553076028823853,-16,-14,-11,-1,1,13,9,8,17,5,-2,-18,8,-4,sil
15.553076028823853,-16,-25,-14,-12,2,13,2,6,22,11,-12,-16,4,-3,sil
15.569114208221436,-15,-18,-14,-13,1,18,1,1,14,0,-11,-5,-3,-15,sil
15.569114208221436,-14,-5,-7,-5,0,9,1,6,11,-5,-7,-3,-5,-14,sil
15.58420181274414,-8,-6,-6,-5,-9,-7,-2,3,-1,-4,-20,-15,-11,-3,sil
15.58420181274414,0,-7,-7,-2,-11,-9,2,-4,-15,-25,-29,-14,-19,-1,sil
15.59964680671692,-4,1,0,1,3,1,10,-7,-9,-29,-18,-3,-12,-3,sil
15.59964680671692,-3,4,-2,0,10,9,9,-3,0,5,-12,-5,-6,0,sil
15.61493158340454,9,0,-2,2,4,7,3,3,1,14,-15,-5,-10,1,sil
15.631103038787842,10,-2,6,8,1,0,-4,6,4,-5,-8,6,-6,1,sil
15.631103038787842,2,-2,1,7,-4,-2,-8,2,6,-6,1,10,1,7,sil
15.631103038787842,4,-2,-2,3,-12,-4,-4,4,8,10,8,12,8,16,sil
15.645682334899902,7,-3,-1,-4,-6,-10,-2,11,16,21,23,22,18,16,sil
15.66090965270996,7,1,0,-11,1,-6,-17,8,8,20,35,26,22,8,sil
15.66090965270996,9,8,4,-6,-2,-2,-31,0,-11,9,30,23,15,2,sil
15.67609405517578,9,8,1,-8,-7,-14,-20,-3,-14,-1,18,14,11,4,sil
15.67609405517578,3,0,-5,-24,-4,-24,0,-3,-20,-6,15,3,6,0,sil
15.691736698150637,-4,-2,-1,-19,-1,-20,0,-10,-49,-13,9,1,-4,-15,sil
15.691736698150637,0,10,16,6,2,-5,-6,-16,-58,-20,3,10,-10,-16,sil
15.706735610961914,14,25,32,22,16,13,7,-7,-20,-15,9,13,0,0,sil
15.706735610961914,15,26,24,25,22,22,19,0,12,1,16,1,9,4,sil
15.722354412078856,2,21,13,23,17,10,4,-8,13,7,14,-1,3,0,sil
15.722354412078856,0,11,14,26,11,0,-4,-9,12,9,-2,-3,-4,5,sil
15.738117694854736,0,-3,5,29,7,6,6,0,15,8,-23,-18,-8,6,sil
15.738117694854736,-7,-18,-12,14,1,16,17,5,16,-4,-25,-25,-13,0,sil
15.754310369491575,-8,-21,-24,-4,-5,23,20,7,25,-1,-15,-15,-5,9,sil
15.754310369491575,-5,-21,-24,-18,-11,17,15,5,28,15,-15,-10,3,16,sil
15.770068407058716,-5,-23,-25,-28,-16,-3,5,5,14,5,-23,-20,-5,0,sil
15.770068407058716,-3,-21,-19,-27,-20,-15,0,8,6,-8,-18,-12,-8,-7,sil
15.786163091659546,0,-15,-7,-23,-17,-19,-9,8,13,0,3,10,15,4,sil
15.786163091659546,0,-3,-9,-24,-7,-25,-22,7,14,0,8,7,21,0,sil
15.80172348022461,-3,9,-4,-18,-2,-20,-16,3,0,-16,0,-4,-1,-21,sil
15.80172348022461,0,15,12,-2,0,-11,-3,-3,-10,-17,12,5,-6,-19,sil
15.817921876907349,0,15,17,0,4,-6,-10,-8,-17,-5,25,11,6,-7,sil
15.817921876907349,-5,16,16,8,10,5,-11,-11,-24,-3,6,3,0,-12,sil
15.834143161773682,0,10,18,27,14,14,6,-7,-14,0,0,0,-13,-10,sil
15.834143161773682,-1,0,11,17,10,13,11,2,-2,9,0,-1,-12,2,sil
15.851085424423218,-13,-2,4,4,1,14,7,3,-1,9,-13,-1,-9,-2,sil
15.851085424423218,-13,0,2,19,6,16,14,0,1,4,-14,0,-8,-7,sil
15.86499309539795,-11,-1,-6,14,12,14,20,0,3,6,-6,-7,-3,2,sil
15.86499309539795,-13,-1,-20,-3,3,14,17,0,0,14,-20,-21,-7,0,sil
15.880962610244753,-11,0,-14,0,-3,9,12,1,5,11,-23,-17,-10,-2,sil
15.880962610244753,-5,-5,-4,0,-4,-2,1,6,9,6,-3,-3,0,15,sil
15.895907878875732,6,-11,-9,-12,-8,-6,-10,0,7,7,0,0,5,23,sil
15.895907878875732,20,-9,-3,-17,-11,-6,-18,-4,3,2,-2,1,6,11,sil
15.910918474197388,20,-4,0,-12,-10,-11,-19,-1,-1,-7,15,13,10,12,sil
15.910918474197388,18,1,-3,-6,-7,-13,-17,-4,-12,-16,31,30,18,20,sil
15.927017450332642,19,2,2,-2,-6,-13,-14,-8,-20,-23,24,32,17,8,sil
15.927017450332642,18,0,11,-1,-5,-13,-6,-4,-12,-16,16,19,4,0,sil
15.942091941833496,16,4,10,2,4,-3,0,4,1,4,26,20,4,6,sil
15.942091941833496,12,10,11,12,12,0,1,6,5,7,29,27,17,3,sil
15.957224369049072,-1,11,13,18,10,-3,0,-4,-6,-8,10,8,8,-10,sil
15.957224369049072,-10,10,11,21,8,4,4,-9,-16,-9,-5,-16,-13,-15,sil
15.972821712493896,-5,12,11,21,9,11,8,1,-8,3,-3,-18,-10,-10,sil
15.972821712493896,0,15,19,21,11,5,9,2,0,9,0,-5,0,-11,sil
15.9880473613739,0,7,9,16,7,10,15,-3,7,16,-5,-8,-3,-6,sil
15.9880473613739,-10,-14,-13,-9,-3,9,15,0,18,21,-18,-21,-1,1,sil
16.004146575927734,-21,-27,-24,-29,-12,-7,0,5,17,10,-29,-19,3,-3,sil
16.004146575927734,-13,-19,-24,-20,-20,-17,-15,5,12,-2,-21,-1,6,-4,sil
16.019407987594604,0,-5,-14,-17,-18,-11,-20,4,5,-11,-2,12,5,2,sil
16.019407987594604,8,4,-1,-20,0,-10,-21,-3,-3,-19,1,11,-1,-1,sil
16.035218477249146,3,11,8,0,12,-7,-14,-8,-6,-16,0,0,-7,-9,sil
16.035218477249146,-7,5,4,7,4,5,0,-1,-1,-5,-6,-15,-10,-11,sil
16.050755500793457,-21,-10,-18,-9,-1,16,15,4,0,0,-26,-32,-20,-10,sil
16.050755500793457,-22,-21,-27,-16,-2,11,17,3,0,3,-36,-37,-25,0,sil
16.071020364761353,-9,-15,-16,-8,0,3,13,12,19,18,-21,-28,-9,8,sil
16.071020364761353,0,-7,-13,-14,1,3,8,20,33,18,1,-10,8,9,sil
16.081618785858154,3,-5,-6,-20,0,1,0,8,12,-1,19,6,13,3,sil
16.081618785858154,12,2,7,-7,0,-6,-6,-8,-6,-11,24,9,12,-2,sil
16.096904754638672,15,12,17,5,4,-7,-5,-9,-7,-6,22,11,4,0,sil
16.096904754638672,10,8,19,15,7,5,-1,-10,-13,-5,22,15,-9,0,sil
16.11298441886902,4,6,16,22,9,13,1,-16,-24,-5,17,14,-13,-5,sil
16.11298441886902,-1,12,14,15,4,5,2,-10,-24,-8,4,9,-13,-3,sil
16.128628969192505,0,15,16,18,1,7,8,1,-14,-6,0,5,-10,7,sil
16.128628969192505,6,17,20,32,5,27,23,7,-1,8,0,10,4,17,sil
16.144227743148804,6,5,13,24,0,24,21,3,0,14,-1,15,8,15,sil
16.14475178718567,0,-8,2,9,-6,5,8,-2,-1,8,-2,8,3,6,sil
16.15983772277832,3,-5,0,10,0,3,6,0,8,14,-1,10,13,8,sil
16.15983772277832,7,-2,-2,4,-7,-4,0,8,16,19,-9,15,20,16,sil
16.175718545913696,3,-6,-13,-10,-16,-30,-24,1,8,8,-6,5,19,8,sil
16.175718545913696,0,-6,-16,-15,-11,-38,-32,-3,8,2,8,6,26,0,sil
16.19109010696411,4,-4,-15,-14,-10,-28,-24,0,14,0,14,18,23,0,sil
16.19109010696411,4,0,-9,-15,-8,-23,-26,0,0,-15,11,10,7,-9,sil
16.206966638565063,-2,1,-7,-15,0,-21,-25,-5,-7,-21,6,-6,0,-23,sil
16.206966638565063,-3,-1,-3,-19,1,-16,-14,-11,-9,-21,5,-6,-5,-18,sil
16.223066568374634,3,6,10,-8,2,-6,-4,-9,-19,-19,9,-5,-13,-11,sil
16.223066568374634,-1,18,15,16,9,10,11,0,-13,-6,-2,-16,-17,-7,sil
16.23870086669922,-19,1,0,13,15,22,31,6,8,2,-24,-28,-22,-7,sil
16.23870086669922,-27,-21,-19,-9,3,17,25,5,11,3,-30,-36,-22,-9,sil
16.253915071487427,-18,-18,-21,-11,-11,6,0,5,1,3,-25,-21,-8,-3,sil
16.253915071487427,0,-3,0,-1,-2,6,-2,16,11,10,-10,9,11,11,sil
16.269172430038452,16,0,8,-1,12,12,7,16,18,12,14,17,15,17,sil
16.284151554107666,13,-2,1,-9,8,2,-3,-6,-4,-1,22,5,2,1,sil
16.284151554107666,12,1,4,-3,2,-8,-16,-23,-27,-15,15,6,0,-11,sil
16.30008816719055,9,13,11,9,8,-3,-16,-20,-37,-20,6,0,-8,-13,sil
16.30008816719055,-11,6,2,9,10,6,-9,-13,-33,-23,-10,-26,-31,-18,sil
16.31493330001831,-25,-6,-3,2,4,13,15,3,2,1,-18,-27,-25,-7,sil
16.315325498580933,-6,-4,9,5,0,22,37,28,34,36,-4,0,2,20,sil
16.33090114593506,4,0,9,13,0,24,35,26,26,31,-1,0,5,23,sil
16.33090114593506,-7,-2,-6,7,2,21,32,6,11,14,-17,-16,0,4,sil
16.346122980117798,-6,-2,-5,-2,-7,6,19,0,9,16,-15,-5,7,2,sil
16.346122980117798,12,8,4,3,-13,-13,-5,-2,8,8,7,18,9,12,sil
16.361713409423828,18,17,10,13,-4,-4,-14,-5,5,-2,19,28,5,11,sil
16.361713409423828,6,3,-1,2,-2,9,-7,-7,6,-3,4,14,5,3,sil
16.377288579940796,-2,-7,-12,-6,-4,-10,-6,-3,7,-8,-3,1,3,2,sil
16.377288579940796,2,3,0,0,-1,-23,-8,0,4,-12,6,10,4,4,sil
16.39317750930786,11,5,1,0,-8,-14,-16,0,-3,-9,6,12,6,2,sil
16.39317750930786,8,-11,-8,-11,-11,-14,-21,-1,-13,-10,-1,5,1,0,sil
16.40881037712097,4,-14,-5,-12,0,-12,-12,0,-13,-2,2,10,3,0,sil
16.40881037712097,0,-2,-4,-10,0,-5,-7,0,-8,2,4,6,8,-1,sil
16.424028635025024,-8,0,-11,-11,-6,-10,-14,-7,-9,-8,-4,-8,0,-13,sil
16.424028635025024,-7,-1,-8,-7,-7,-15,-11,-2,-4,-11,-2,-7,-2,-15,sil
16.4397976398468,-1,-2,0,-8,-1,-4,0,6,9,5,9,5,8,0,sil
16.4397976398468,0,-2,1,-5,7,3,7,3,20,17,14,2,10,2,sil
16.4551203250885,-1,-4,5,0,4,-1,0,-2,8,11,7,-3,1,-6,sil
16.4551203250885,-7,-3,8,-8,-6,-2,-4,-2,-8,0,4,3,1,-4,sil
16.470709800720215,-2,5,7,4,1,6,7,3,0,3,17,12,9,2,sil
16.470709800720215,16,18,23,29,22,9,12,9,8,7,25,15,9,5,sil
16.486764430999756,15,14,26,25,23,6,6,0,2,8,14,9,7,6,sil
16.486764430999756,-6,0,-6,7,8,6,9,-8,-7,4,-3,-9,1,3,sil
16.502812385559082,-9,-1,-2,0,0,6,3,0,-21,-16,-15,-14,-16,0,sil
16.502812385559082,-3,8,11,7,1,5,-3,-2,-18,-21,-16,-12,-17,-7,sil
16.517943620681763,-9,8,-14,18,0,0,-3,-22,-11,-9,-15,-25,-5,-14,sil
16.517943620681763,-6,1,-14,2,-5,-3,-2,-5,-18,-16,-16,-17,-12,-8,sil
16.534334897994995,0,0,2,-9,0,9,2,11,-8,-17,-14,-5,-19,-3,sil
16.534334897994995,-4,-6,0,0,3,21,3,-3,8,-1,-15,-11,-11,-10,sil
16.54996109008789,-7,-7,-1,-2,-9,10,-5,-5,0,0,-16,-11,-9,-9,sil
16.54996109008789,-6,-7,-9,-13,-14,-5,-4,1,-6,-3,-8,-5,-7,-4,sil
16.565070152282715,-10,-11,-21,-11,-2,-6,0,-2,0,0,-10,-10,-10,-5,sil
16.565070152282715,-3,-6,-9,-9,-3,0,0,1,2,3,-21,-12,-16,0,sil
16.580098628997803,3,1,-4,-4,-9,0,3,4,12,10,-7,-3,-9,6,sil
16.580098628997803,12,0,-2,2,-2,-8,9,0,16,7,11,11,-1,13,sil
16.596089839935303,20,12,21,2,4,-1,9,11,10,1,9,27,3,24,sil
16.596089839935303,12,15,19,3,6,12,10,13,19,15,11,20,15,19,sil
16.612139225006104,0,-6,-4,3,2,11,6,0,22,20,13,2,12,8,sil
16.612139225006104,0,-14,4,1,3,2,1,5,6,4,7,8,7,7,sil
16.628061294555664,0,-7,3,0,3,-3,3,10,4,8,8,13,16,3,sil
16.628061294555664,-5,-12,-14,-10,-5,-9,0,2,3,18,7,5,17,0,sil
16.644182682037354,-6,-15,-5,-13,-9,-10,-3,0,-5,1,3,4,12,1,sil
16.644182682037354,3,-1,5,3,0,-10,0,2,-1,-6,9,4,15,0,sil
16.659749507904053,16,8,7,12,6,-7,0,-2,5,10,17,9,21,0,sil
16.659749507904053,14,7,3,8,7,2,2,-5,5,16,16,8,21,6,sil
16.67497754096985,-1,8,-6,5,6,5,0,-4,1,-2,4,-6,1,-2,sil
16.675368785858154,-9,6,-4,0,2,-7,-13,-5,-7,-13,-4,-13,-21,-16,sil
16.691004276275635,-2,1,0,-6,-3,-13,-17,-3,-10,-7,-2,-2,-9,-5,sil
16.691004276275635,-1,0,0,-8,-5,-7,-6,0,-3,-9,0,3,4,2,sil
16.706697940826416,-6,0,-5,-10,-3,-11,-7,-3,-3,-7,-4,-3,-2,-9,sil
16.706697940826416,-3,5,-3,-11,-5,-8,-13,-2,-10,0,2,-5,-3,-13,sil
16.72220492362976,3,11,13,0,-1,6,-5,0,-14,-12,5,0,1,0,sil
16.72220492362976,6,12,12,15,4,9,0,-2,-8,-17,-4,0,-1,0,sil
16.738171577453613,6,7,-2,7,7,4,5,-5,-2,0,-4,3,0,-2,sil
16.738171577453613,0,1,-5,-4,0,7,10,-3,-6,-3,-4,0,-6,-2,sil
16.754312753677368,-7,0,1,-2,-5,6,0,-2,-6,-29,-16,-10,-20,-10,sil
16.754312753677368,-6,-5,3,-6,-4,0,-11,0,8,-20,-7,-5,-10,-11,sil
16.769456386566162,1,-6,0,-3,-2,1,0,0,15,13,8,2,2,2,sil
16.769456386566162,0,1,5,13,0,6,5,-2,1,18,0,2,-2,8,sil
16.785218954086304,0,8,17,24,7,4,2,0,-8,0,-6,2,-12,0,sil
16.785218954086304,1,4,7,20,10,0,8,0,-7,-2,6,0,-8,-4,sil
16.800697565078735,-9,-2,-5,5,0,0,4,-2,-6,0,7,-2,-4,-1,sil
16.800697565078735,-20,-12,-9,-7,-10,0,-5,-3,-10,-6,-18,-5,-12,-1,sil
16.816750526428223,-18,-21,-14,-8,-8,-2,-4,-5,-20,-13,-37,-18,-28,-15,sil
16.816750526428223,-12,-18,-17,-4,-2,0,-4,-1,-25,-10,-30,-24,-29,-20,sil
16.8321750164032,-1,-6,-10,-3,-2,3,-1,6,-4,12,-11,-5,0,8,please
16.8321750164032,8,1,3,-1,1,0,9,13,20,39,10,13,30,33,please
16.8479061126709,9,3,3,3,10,0,14,13,23,39,22,6,26,26,please
16.8479061126709,1,-1,-3,1,6,8,13,5,11,14,9,-7,7,8,please
16.86307644844055,3,-4,0,-4,-2,15,17,2,13,5,0,-5,10,6,please
16.86307644844055,16,8,7,1,5,7,13,8,23,14,15,8,24,20,please
16.878804922103882,18,14,8,9,15,-7,1,4,19,7,26,20,24,14,please
16.878804922103882,9,-1,1,-1,7,-9,0,-4,11,0,9,12,13,-4,please
16.89502477645874,1,-10,-2,-16,0,-3,1,-2,6,-1,-9,0,-1,-5,please
16.89502477645874,-8,-5,-6,-16,-4,-7,0,0,0,-12,-13,-1,-9,-3,please
16.911041021347046,-12,-6,-14,-19,-11,-5,0,2,0,-17,-6,4,-3,-10,please
16.911041021347046,0,-1,-8,-21,-12,0,-5,2,9,-10,5,8,2,-8,please
16.92669916152954,14,9,3,-3,-6,-11,-13,0,2,-15,11,11,2,-3,please
16.92669916152954,13,12,9,6,-2,-8,-11,4,3,-7,14,13,11,-2,please
16.942291021347046,11,8,12,0,0,0,-9,10,18,15,23,14,23,2,please
16.942291021347046,12,8,4,-1,-5,-16,-20,-8,-4,0,20,7,8,0,please
16.957923650741577,1,8,-1,0,-6,-17,-28,-27,-48,-36,0,-6,-21,-22,please
16.957923650741577,-11,8,2,3,7,9,-11,-16,-32,-28,-5,-13,-22,-23,please
16.974022388458252,-13,7,8,14,7,9,1,-1,3,1,2,-6,-4,-2,please
16.974022388458252,-9,8,12,16,0,0,-2,0,-9,8,-2,-3,-11,0,please
16.990101099014282,-9,7,8,16,6,17,3,-1,-15,1,-16,-19,-22,-5,please
16.990101099014282,-14,-3,0,11,13,23,11,0,8,-6,-13,-29,-12,-4,please
17.006093502044678,-13,-16,-4,6,0,0,7,-1,1,1,-9,-16,-1,0,please
17.006093502044678,-9,-12,-7,9,-12,-3,11,-4,-25,18,-21,-7,-4,0,please
17.021389961242676,-13,-12,-15,3,-6,8,16,-1,-22,12,-29,-12,-16,-1,please
17.021389961242676,-11,-15,-12,-3,1,3,16,10,9,12,-16,-9,-14,9,please
17.03728461265564,2,-9,3,4,2,-2,21,17,32,26,0,7,9,24,please
17.03728461265564,11,-7,3,11,0,1,13,10,27,13,0,16,17,24,please
17.05281925201416,8,-8,-7,0,-4,-4,-15,2,6,-3,0,20,12,15,please
17.05281925201416,9,-2,-1,-13,-11,-17,-31,0,-7,-5,14,30,21,10,please
17.068708419799805,19,7,0,-13,-7,-12,-18,-1,-6,-9,21,31,21,8,please
17.068708419799805,25,15,6,-6,0,-10,-8,-10,-4,-15,26,28,17,7,please
17.083735466003418,11,12,15,-6,-1,-17,-11,-11,-13,-12,26,21,15,0,please
17.083735466003418,-9,6,0,-6,0,-7,-12,-9,-25,-15,0,-14,-11,-23,please
17.0996413230896,-13,11,-9,0,14,7,-5,-10,-26,-18,-19,-39,-31,-37,please
17.0996413230896,-3,14,5,4,7,14,3,-1,-4,-2,-9,-26,-13,-21,please
17.115758895874023,-6,0,3,1,0,24,21,10,20,16,-8,-18,-7,-3,please
17.115758895874023,-7,-14,-9,-2,10,32,32,15,28,23,-22,-20,-15,0,please
17.131303787231445,0,-14,-9,-8,16,23,22,12,30,19,-17,-7,-2,3,please
17.131303787231445,0,-13,-6,-18,3,0,8,7,31,6,0,5,8,5,please
17.146429777145386,1,-6,-9,-16,-3,-17,1,5,23,0,11,6,12,1,please
17.146429777145386,13,6,0,-1,3,-7,-7,0,5,-7,19,10,8,0,please
17.16158676147461,14,12,13,8,7,4,-13,-7,-3,-12,16,12,-3,-1,please
17.16158676147461,3,13,17,19,0,-2,-5,-2,-3,0,13,7,-9,1,please
17.1769917011261,-9,12,13,30,-1,-1,2,0,-13,2,7,0,-12,1,please
17.1769917011261,-16,-2,-4,17,-3,11,11,-5,-18,-6,-10,-10,-18,1,please
17.193113565444946,-14,-23,-13,-12,-20,4,14,2,-5,4,-18,-10,-3,12,please
17.193113565444946,-11,-20,-9,-18,-28,-11,6,13,3,22,-6,-1,20,18,please
17.208423376083374,-5,-7,-12,-11,-12,-15,0,12,6,12,7,5,28,10,please
17.208423376083374,1,-5,-10,-20,-2,-18,-8,7,11,0,11,14,26,7,please
17.22413659095764,6,0,-2,-16,-2,-24,-20,-6,3,-10,5,7,15,1,please
17.22413659095764,12,7,-3,-2,0,-20,-32,-20,-11,-25,2,-2,4,-14,please
17.23966646194458,17,8,4,-4,-3,-15,-33,-13,-19,-25,11,7,6,-13,please
17.23966646194458,14,12,20,1,-1,-7,-14,-8,-21,-10,9,12,0,0,please
17.25493049621582,8,16,22,18,11,3,0,-14,-20,-9,0,-1,-15,-5,please
17.25493049621582,-2,11,16,20,12,13,0,-5,-10,-3,-4,-10,-20,-14,please
17.270930528640747,-9,9,13,22,10,23,6,8,0,16,-10,-2,-11,0,please
17.270930528640747,2,6,16,28,17,25,17,4,-6,18,-15,4,-2,13,please
17.28665328025818,5,0,5,15,14,15,19,-7,-10,8,-13,0,-4,5,please
17.28665328025818,-14,-4,-8,-1,3,14,18,0,7,10,-15,-8,-17,-3,please
17.302133083343506,-14,-10,-15,-1,-1,15,12,18,32,12,-21,-9,-14,-3,please
17.302133083343506,6,-8,-18,-4,-2,1,-1,15,26,4,-9,-4,3,-1,please
17.31774663925171,9,3,-5,-12,0,-5,-4,-2,9,1,15,8,13,-2,please
17.31774663925171,3,3,0,-3,0,-8,6,-8,10,-1,23,10,4,0,please
17.332797288894653,5,-8,-7,-1,-2,-11,11,3,10,-8,10,3,2,3,sil
17.332797288894653,-1,-14,-19,-17,-4,-2,5,11,-1,-1,2,0,6,4,sil
17.34795331954956,-18,-17,-22,-30,-6,-1,-9,0,-11,-3,-5,-7,-2,-5,sil
17.363081693649292,-21,-16,-15,-22,-7,-9,-16,-11,-15,-23,-12,-17,-18,-21,sil
17.363081693649292,-15,-3,-4,0,-5,-1,-4,-6,-17,-16,-5,-17,-18,-15,sil
17.37914204597473,-9,5,4,13,-3,3,0,0,-16,8,0,-11,-7,2,sil
17.37914204597473,6,4,7,12,0,1,2,8,1,14,0,2,3,8,sil
17.394923448562622,16,5,7,9,2,2,5,8,21,10,6,10,12,12,sil
17.394923448562622,0,4,11,5,1,1,-6,-5,6,3,9,0,8,5,sil
17.41024160385132,-3,5,14,12,5,4,-4,-8,-9,0,4,-5,2,-3,sil
17.41024160385132,10,6,9,14,6,5,7,0,-10,0,0,4,3,2,sil
17.425405740737915,0,-3,-2,-12,-6,-5,2,-4,-13,0,-6,0,1,2,sil
17.425405740737915,-15,-9,-7,-32,-15,-8,-1,0,0,1,-5,-5,3,-7,sil
17.4406635761261,0,-4,4,-11,-11,-3,-1,8,16,4,-4,3,5,0,sil
17.4406635761261,11,-4,3,2,-3,-4,-6,4,8,-3,-10,5,0,9,sil
17.455767393112183,9,0,0,-12,5,0,-1,3,8,-10,0,11,4,5,sil
17.455767393112183,15,17,12,-3,10,7,10,9,25,-6,22,28,22,15,sil
17.47129511833191,24,24,15,22,6,6,11,10,28,-1,20,24,18,26,sil
17.47129511833191,21,15,8,17,4,-1,8,11,25,4,10,15,4,15,sil
17.486955642700195,14,12,6,12,3,-6,3,0,10,12,12,14,3,2,sil
17.486955642700195,6,8,-1,19,2,-3,-5,-21,-26,3,4,-2,-1,-5,sil
17.50202465057373,-1,-4,-10,0,4,0,-9,-17,-38,-11,-10,-20,-17,-18,sil
17.50202465057373,-5,-4,-3,-8,1,-3,-9,-2,-17,-9,-10,-14,-17,-17,sil
17.516989946365356,-9,-1,0,7,0,-6,-13,-5,-7,4,5,-5,-3,-7,sil
17.516989946365356,-19,-15,-15,0,-2,-7,-12,-10,-13,5,8,-6,0,-9,sil
17.532838582992554,-24,-25,-23,-24,-4,-7,-9,-10,-25,-15,-8,-11,-5,-17,sil
17.532838582992554,-19,-12,-11,-21,0,-4,-5,-4,-22,-18,-14,-10,-8,-19,sil
17.54802131652832,-4,4,0,-1,3,2,2,3,3,6,1,-6,-4,-5,sil
17.54802131652832,1,12,4,7,1,11,3,4,13,10,5,-7,-4,3,sil
17.564115047454834,-3,2,0,3,0,12,1,3,5,-4,-8,-14,-10,-4,sil
17.564115047454834,-14,-14,-6,-9,0,3,7,6,4,0,-16,-15,-11,-10,sil
17.579675674438477,-18,-14,-5,-9,-1,3,12,2,0,4,-14,-5,-7,-3,sil
17.579675674438477,0,2,0,13,0,13,11,1,2,0,-14,2,-2,6,sil
17.59514284133911,14,5,9,18,0,16,8,11,14,11,-7,9,4,14,sil
17.59514284133911,2,0,13,2,-4,9,7,10,11,18,0,10,8,14,sil
17.61070203781128,-5,0,5,4,-1,-1,1,-3,0,0,0,6,7,6,sil
17.61070203781128,0,6,0,9,0,-3,-3,-1,-6,-4,0,5,5,2,sil
17.62680673599243,4,4,-2,5,-3,9,5,7,0,8,0,-2,0,6,sil
17.62680673599243,7,-2,0,6,0,15,19,6,10,12,0,-9,0,13,sil
17.64266085624695,13,-7,0,0,-5,-7,13,4,14,8,-3,-2,6,14,sil
17.64266085624695,11,-9,-8,-19,-20,-27,-4,1,2,0,-7,3,2,4,sil
17.657896518707275,5,-7,-8,-26,-17,-19,-18,-8,-2,-14,1,9,-4,-8,sil
17.657896518707275,1,0,-3,-10,-6,-12,-20,-6,6,-12,15,20,5,-1,sil
17.67428469657898,1,9,3,5,5,-11,-13,0,6,-2,22,23,16,8,sil
17.67428469657898,9,14,13,10,13,-3,-4,-2,-3,-6,24,11,9,0,sil
17.689897537231445,10,6,9,0,6,-2,-2,0,0,-8,22,6,6,-4,sil
17.689897537231445,3,0,2,-8,5,-6,-3,8,8,0,18,11,16,4,sil
17.704949617385864,7,4,3,-3,16,-1,-4,-6,-2,2,21,5,17,3,sil
17.704949617385864,8,9,5,-2,15,-2,-12,-24,-21,-10,16,-1,1,-9,sil
17.720104932785034,-5,9,3,-4,1,-14,-19,-15,-22,-19,-3,-4,-9,-19,sil
17.720104932785034,-9,11,-2,0,0,-9,-9,-4,-11,-6,-11,-14,-12,-21,sil
17.735904216766357,-12,9,0,5,7,14,1,-5,-10,-2,-2,-22,-21,-17,sil
17.735904216766357,-14,4,8,18,12,36,5,0,-13,-17,-11,-21,-27,-6,sil
17.751030921936035,-4,-3,7,24,10,40,14,4,-7,-14,-34,-18,-24,-1,sil
17.751030921936035,-1,-16,-7,9,0,21,23,9,4,12,-34,-9,-19,0,sil
17.76730990409851,-10,-21,-18,-8,-8,1,21,14,16,27,-21,-4,-6,10,sil
17.76730990409851,-14,-17,-14,-12,-4,1,19,16,23,24,-19,-7,5,16,sil
17.781874656677246,-6,-12,-12,-3,-5,1,19,13,29,32,-16,-4,7,9,sil
17.796961069107056,1,-11,-16,-9,-14,-7,4,6,23,34,-2,7,10,7,sil
17.796961069107056,0,-20,-15,-28,-21,-16,-11,3,9,11,3,10,11,12,sil
17.813056707382202,-8,-21,-14,-31,-19,-21,-12,0,-4,-13,1,2,9,2,sil
17.813056707382202,-3,1,-5,-18,-9,-21,-12,-11,-22,-24,8,4,4,-16,sil
17.829150676727295,8,29,11,9,1,-14,-14,-19,-26,-20,17,9,0,-17,sil
17.829150676727295,11,38,31,42,10,-2,-10,-8,-14,-9,19,10,3,-5,sil
17.844874382019043,2,27,34,38,11,8,-6,-7,-14,-1,14,1,1,-5,sil
17.844874382019043,0,10,12,12,7,14,1,-11,-12,4,0,-11,-16,0,sil
17.860371112823486,8,0,8,13,5,15,14,8,13,17,-6,-3,-9,18,sil
17.860371112823486,10,-6,7,12,1,10,23,28,37,26,2,5,14,24,sil
17.860371112823486,0,-19,-21,-18,-4,1,14,9,23,3,-1,-9,5,6,sil
17.876129388809204,-3,-21,-25,-31,-4,-1,0,-1,0,-22,-12,-7,0,0,sil
17.89169216156006,10,-9,0,-5,-1,0,-7,10,5,-8,6,22,24,12,sil
17.89169216156006,10,-5,0,1,-1,-9,-24,0,2,0,25,29,27,9,sil
17.906879901885986,0,-3,-9,-9,-3,-29,-38,-21,-22,-27,16,9,4,-12,sil
17.906879901885986,5,13,8,0,0,-23,-27,-16,-24,-35,18,11,4,-18,sil
17.92293930053711,15,23,30,22,9,-1,-4,-5,-10,-14,29,20,8,-4,sil
17.92293930053711,7,17,24,27,3,2,4,-7,-13,-4,14,9,-8,0,sil
17.93807578086853,-5,13,8,18,0,3,5,-5,-18,-16,-12,-9,-29,-16,sil
17.93807578086853,-11,8,-1,17,9,13,12,1,-9,-6,-22,-25,-27,-24,sil
17.9537193775177,-10,2,0,20,17,20,27,9,8,32,-13,-22,-7,0,sil
17.9537193775177,-3,-1,2,9,3,18,30,14,27,46,-5,-6,0,21,sil
17.96985149383545,0,-8,-13,-7,-4,8,19,9,28,26,-16,-9,-3,15,sil
17.96985149383545,-10,-20,-28,-33,-7,-2,4,1,6,8,-38,-20,-9,0,sil
17.985220670700073,-11,-27,-25,-59,-17,-5,-6,0,-5,-2,-37,-12,-9,0,sil
17.985220670700073,1,-22,-22,-53,-12,-7,-11,-2,-1,-12,-9,0,-4,0,sil
18.000766277313232,2,-7,-15,-33,4,-7,-7,-3,-3,-8,5,3,3,-5,sil
18.000766277313232,1,2,-1,-36,5,0,-3,-2,-4,1,0,4,12,-5,sil
18.01612329483032,5,5,8,-29,0,1,-14,-4,-6,0,2,0,14,-1,sil
18.01612329483032,-2,6,9,3,5,-8,-18,-2,-6,-3,16,-4,4,-7,sil
18.03165435791016,-19,4,1,18,8,-2,0,5,4,7,15,-11,-2,-7,sil
18.03165435791016,-26,-3,0,15,7,14,9,3,5,11,-2,-23,-11,-6,sil
18.047378540039062,-19,-6,-1,28,2,16,3,-7,-5,0,-20,-27,-26,-6,sil
18.047378540039062,-7,-2,0,38,0,13,15,-2,1,0,-15,-8,-22,3,sil
18.062576293945312,2,4,9,32,0,8,29,15,21,15,4,16,2,14,sil
18.062576293945312,11,9,10,31,-3,-1,16,16,23,15,13,26,17,15,sil
18.08383107185364,17,7,5,28,-11,-12,0,3,17,7,17,35,23,21,sil
18.08383107185364,22,1,4,13,-17,-16,-6,0,15,3,26,37,24,22,sil
18.08383107185364,25,-1,4,0,-17,-19,-26,0,-1,-15,21,25,13,1,sil
18.09572958946228,22,4,8,-2,-5,-20,-40,-6,-19,-33,15,20,14,-8,sil
18.10917520523072,25,18,11,2,6,-16,-16,-4,-13,-25,19,21,26,3,sil
18.10917520523072,28,22,14,0,3,-7,2,-1,-10,-15,17,12,17,1,sil
18.124700784683228,16,14,14,-3,0,-3,-5,-9,-23,-10,18,2,0,-14,sil
18.124700784683228,-4,6,10,-3,10,-1,-14,-15,-29,-11,8,-4,-8,-16,sil
18.140734434127808,-29,-4,-4,-9,8,6,-4,-11,-25,-21,-23,-27,-20,-15,sil
18.140734434127808,-42,-13,-17,-14,-6,20,9,-2,-12,-8,-35,-40,-25,-13,sil
18.15596389770508,-23,-8,-3,-4,0,25,24,9,5,25,-13,-19,-10,-2,sil
18.15596389770508,-3,-6,0,3,13,18,30,12,20,36,-10,-7,0,9,sil
18.171497106552124,-13,-20,-18,-7,0,11,16,3,18,19,-25,-17,-1,13,sil
18.171497106552124,-22,-27,-26,-21,-13,2,0,0,7,10,-26,-16,-5,3,sil
18.18724083900452,-8,-14,-26,-20,-3,-8,0,-1,6,7,-20,-13,-11,-6,sil
18.18724083900452,4,-4,-20,-14,5,-14,-1,-4,7,0,-8,-5,-6,-3,sil
18.20277214050293,9,-2,-1,-7,4,-5,-4,0,4,4,11,10,8,2,sil
18.20277214050293,10,8,10,0,9,0,0,3,3,5,21,12,10,-1,sil
18.218156576156616,7,26,14,-1,12,-1,-3,0,-2,-8,15,12,-3,-6,sil
18.218156576156616,2,25,22,10,10,1,-8,-7,-15,-12,4,8,-15,-10,sil
18.233890771865845,-3,9,23,28,12,10,0,-5,-15,-2,-1,-8,-18,-6,sil
18.233890771865845,-2,0,7,24,6,6,10,7,-1,0,-5,-15,-13,11,sil
18.249115705490112,2,-6,-13,-1,-9,-5,3,11,9,0,-12,-5,-3,17,sil
18.249115705490112,2,-16,-16,-18,-19,-15,-9,3,15,-1,-4,4,7,2,sil
18.26500988006592,13,-11,-2,-6,-13,-13,-12,2,13,-8,21,18,16,3,sil
18.26500988006592,14,0,4,1,-7,-6,-12,0,-1,-15,21,16,8,0,sil
18.28018569946289,-3,-2,0,-7,-6,-6,-12,-6,-9,-7,-1,-5,-8,-18,sil
18.28018569946289,-7,-1,6,0,0,0,0,-3,-2,5,-2,-5,-6,-8,sil
18.29609489440918,2,4,16,27,6,20,22,3,2,14,3,8,8,15,sil
18.29609489440918,3,0,-4,21,0,24,27,7,11,19,-15,-2,8,12,sil
18.311680793762207,0,-7,-19,-6,-7,8,14,10,17,13,-24,-10,5,2,sil
18.311680793762207,8,-4,-7,-11,-5,-2,6,8,14,0,-1,4,9,9,sil
18.326934337615967,16,-2,-1,-6,-1,-3,2,0,10,0,12,11,11,16,sil
18.326934337615967,15,4,6,-2,4,5,-4,-2,-1,9,12,11,14,4,sil
18.34206509590149,2,11,10,3,10,11,-4,0,-11,7,10,10,10,-8,sil
18.34206509590149,-15,1,0,-3,3,-3,-6,-3,-5,-5,11,4,4,-3,sil
18.35773730278015,-15,-5,-5,-19,-6,-19,-16,-11,-4,-19,11,5,7,-1,sil
18.35773730278015,-12,0,-5,-20,-3,-14,-20,-11,-16,-20,4,3,3,-12,sil
18.37299680709839,-26,8,-4,-13,0,-10,-14,0,-8,-9,6,0,-1,-8,sil
18.389064073562626,-32,12,0,-2,-5,-19,-12,1,8,2,12,2,3,0,sil
18.389064073562626,-24,2,4,4,-4,-17,-14,-6,-6,4,0,-3,-2,-8,sil
18.389064073562626,-9,-4,1,10,3,-2,-3,-11,-23,-4,-19,-18,-22,-15,sil
18.40574526786804,15,9,1,17,5,4,3,-10,-14,-15,-22,-19,-21,-10,sil
18.40574526786804,26,21,14,18,6,2,-7,-11,-17,-17,-6,-4,-12,-8,sil
18.41978526115417,17,12,19,18,16,8,-1,-8,-21,-8,5,0,-10,-4,sil
18.43585157394409,16,1,5,18,18,23,25,7,2,4,0,-6,-7,1,sil
18.43585157394409,16,-6,-1,6,1,22,28,18,21,12,-9,-4,-6,6,sil
18.45126724243164,2,-14,-4,-1,-8,4,11,7,9,10,-11,-3,-7,5,sil
18.45126724243164,-2,-13,-2,1,-6,0,8,0,-4,3,-6,-4,-6,0,sil
18.466535091400143,7,-1,0,4,-2,3,13,5,0,2,5,0,0,2,sil
18.466535091400143,9,4,1,0,0,1,13,8,10,1,9,5,3,16,sil
18.482171297073364,-7,-10,-5,-13,-4,-3,4,2,3,-4,-6,-5,-2,7,sil
18.482171297073364,-18,-22,-14,-13,-7,-1,-2,2,-1,5,-17,-22,-7,-6,sil
18.497703313827515,-6,-14,-7,-2,-3,3,-3,0,6,22,-1,-12,0,0,sil
18.497703313827515,0,-6,-2,0,-5,4,-4,-3,11,15,7,4,10,14,sil
18.513736486434937,-5,-3,-9,-1,-5,0,-6,2,8,-4,-4,4,12,12,sil
18.513736486434937,0,0,-7,-1,7,-2,-2,15,16,-3,-4,9,15,6,sil
18.52910327911377,11,1,0,-1,10,1,1,12,29,18,16,26,20,9,sil
18.52910327911377,5,1,5,-2,1,1,0,1,22,22,23,29,20,12,sil
18.544328689575195,2,2,2,-7,1,-4,-4,0,15,8,10,14,11,4,sil
18.544328689575195,3,2,-3,-18,-2,-6,-9,-1,12,0,3,1,2,-5,sil
18.56018781661988,0,5,-1,-18,-6,-7,-13,-11,-11,-9,0,0,0,-9,sil
18.56018781661988,7,11,5,0,4,-8,-2,-11,-29,-18,0,4,0,-4,sil
18.5757839679718,6,9,7,0,5,-8,0,-4,-22,-21,0,8,-4,-5,sil
18.5757839679718,-8,1,0,-10,-2,-11,-12,-3,-14,-19,-5,4,-4,-12,sil
18.5908796787262,-12,1,1,-1,0,-4,-8,-1,-9,-10,-9,-1,-7,-12,sil
18.5908796787262,-8,7,6,8,1,9,7,0,-10,-15,-3,-3,-13,-17,sil
18.6060163974762,-8,3,-4,0,-2,4,0,-4,-12,-20,0,-5,-9,-21,sil
18.6060163974762,0,0,-3,0,0,-7,-8,-4,0,6,6,-5,3,-4,sil
18.621830463409424,9,8,13,17,5,0,4,0,8,20,16,-1,13,8,sil
18.621830463409424,5,11,10,23,1,9,11,1,-6,-4,19,-1,7,5,sil
18.63696265220642,-7,6,5,14,-4,9,4,-4,-13,-4,8,-11,-10,0,sil
18.63696265220642,-9,5,10,20,0,9,5,-9,-8,13,-10,-23,-16,1,sil
18.65206813812256,-3,4,9,25,8,13,4,-14,-16,1,-18,-20,-14,0,sil
18.65206813812256,-7,-7,0,3,1,13,2,-13,-19,-3,-18,-16,-19,-7,sil
18.66770076751709,-17,-24,-14,-26,-12,8,8,0,0,12,-32,-23,-22,-3,sil
18.66770076751709,-12,-28,-18,-29,-12,0,3,11,9,9,-34,-17,-13,6,sil
18.68383502960205,-1,-19,-14,-7,-10,-14,-8,8,7,-5,-25,-2,-8,0,sil
18.68383502960205,0,-17,-16,-3,-14,-22,-5,7,15,-2,-8,4,0,-1,sil
18.699020862579346,9,-17,-10,-9,-10,-12,2,20,34,24,24,18,22,22,sil
18.699020862579346,28,-3,1,2,-2,-1,-2,13,26,29,36,31,37,33,sil
18.714258909225464,25,13,4,13,6,-8,-19,-6,-7,-14,7,28,22,7,sil
18.714258909225464,11,17,1,8,12,-10,-15,0,-12,-31,0,17,9,-6,sil
18.730259656906128,4,12,1,-2,10,1,0,17,7,2,24,13,15,0,please
18.730259656906128,2,11,0,-10,10,5,2,8,5,12,24,20,15,0,please
18.746240854263306,0,19,0,0,14,1,-5,-11,-5,-18,1,20,0,-6,please
18.746240854263306,2,24,15,10,12,0,-5,-10,-5,-35,2,10,-6,-4,please
18.76143193244934,6,18,24,9,8,0,3,-1,2,-13,19,2,3,-1,please
18.76143193244934,0,12,10,3,6,5,7,-2,9,11,9,-5,0,-7,please
18.776753902435303,-9,6,-1,4,3,11,1,-7,0,11,-19,-19,-19,-16,please
18.776753902435303,-4,0,1,9,5,12,2,-3,-5,5,-14,-19,-14,-4,please
18.792806386947632,6,0,12,9,8,11,12,1,-5,14,15,-1,6,8,please
18.792806386947632,3,-2,9,8,5,14,20,4,0,26,23,0,11,4,please
18.80856466293335,-8,-16,-5,0,-5,11,29,6,14,23,7,-14,3,1,please
18.80856466293335,-19,-31,-17,-15,-12,7,26,2,11,4,-11,-21,-7,0,please
18.82425332069397,-20,-33,-23,-19,-8,11,15,-5,-11,0,-24,-16,-15,-2,please
18.82425332069397,-17,-23,-16,-15,-11,11,9,-5,-14,14,-21,-14,-12,3,please
18.839929342269897,-9,-8,-5,-18,-24,-6,4,0,7,4,-23,-14,-8,9,please
18.839929342269897,0,-3,-7,-23,-27,-23,-9,5,13,-17,-38,-10,-3,2,please
18.85512924194336,0,-20,-16,-36,-21,-25,-22,7,6,-9,-28,-4,4,0,please
18.85512924194336,-4,-27,-24,-41,-19,-25,-31,0,9,4,-9,-4,0,-1,please
18.870627641677856,-7,-1,-13,-21,-8,-27,-39,-2,1,-15,-10,0,-10,-11,please
18.870627641677856,2,17,1,0,3,-23,-38,0,-15,-31,0,11,-5,-19,please
18.886780738830566,16,19,8,8,4,-14,-23,-1,-17,-12,27,24,7,-6,please
18.886780738830566,19,29,19,18,10,-4,-9,-6,-14,-8,32,30,10,2,please
18.90182447433472,10,39,22,26,19,1,-6,-7,-19,-31,17,15,0,-10,please
18.90182447433472,1,36,17,32,26,10,-5,-11,-24,-30,14,0,-8,-15,please
18.91697812080384,6,28,23,49,29,18,2,-12,-23,-4,17,4,-5,0,please
18.91697812080384,8,18,24,53,16,16,6,-12,-16,10,15,10,4,13,please
18.93305921554565,1,8,20,28,2,10,7,-4,3,22,12,12,12,15,please
18.93305921554565,1,4,20,25,6,14,20,7,12,32,14,8,12,15,please
18.94881749153137,2,0,16,37,11,15,22,2,-11,18,13,0,4,13,please
18.94881749153137,1,-11,0,16,-1,7,16,6,3,11,1,0,5,15,please
18.96472191810608,0,-26,-22,-21,-14,-1,22,34,55,22,-9,-2,7,13,please
18.97982120513916,-9,-34,-29,-35,-12,0,20,26,33,4,-17,-18,-4,0,please
18.97982120513916,-13,-31,-28,-27,-11,9,7,-8,-11,-13,-28,-25,-10,-3,please
18.99592661857605,-2,-20,-20,-31,-15,9,2,-5,18,4,-26,-10,1,0,please
18.99592661857605,6,-5,-8,-33,-5,0,3,12,47,18,-6,4,9,0,please
18.99592661857605,1,0,-14,-13,4,-5,2,5,21,2,0,1,8,-4,please
19.01149153709412,2,-5,-16,-23,-2,-11,-6,-4,0,-9,-2,1,9,-8,please
19.02715539932251,20,2,11,-47,-6,-16,-13,-8,0,-2,6,14,7,-7,please
19.02715539932251,15,19,21,-14,4,-6,-11,-10,-7,-1,18,16,1,-4,please
19.04267716407776,-13,2,-4,25,4,-2,-13,-10,-31,-21,4,-4,-10,-18,please
19.04267716407776,-27,-14,-18,11,-4,-9,-22,-10,-44,-42,-13,-21,-21,-29,please
19.04267716407776,-14,0,0,0,0,-2,-14,-8,-28,-29,-11,-13,-20,-13,please
19.057795524597168,-6,14,6,15,5,2,5,-1,-3,3,7,-2,-10,2,please
19.07391381263733,-8,14,3,24,5,2,10,-2,-2,12,6,-7,-8,1,please
19.07391381263733,-13,9,4,14,9,14,2,-3,-11,1,-17,-17,-16,-2,please
19.08917188644409,-15,-6,-4,0,2,17,3,0,-6,11,-18,-19,-12,3,please
19.08917188644409,-6,-17,-10,-7,-8,5,12,7,2,24,0,-7,0,12,please
19.10485053062439,0,-4,-1,0,-2,10,19,11,11,19,-4,-2,2,11,please
19.10485053062439,0,4,5,0,0,11,16,12,18,14,-12,-1,0,10,please
19.119946479797363,10,4,10,-7,-5,-7,3,12,22,21,10,16,21,18,please
19.119946479797363,28,7,17,0,0,-11,-5,13,26,31,33,35,45,25,please
19.136088609695435,30,6,20,1,9,-4,-10,5,16,15,32,34,40,19,please
19.136088609695435,20,1,9,-7,-1,-19,-17,-5,0,-13,18,22,15,3,please
19.15178060531616,8,1,1,-8,-13,-31,-20,-8,-9,-24,5,15,-1,-5,please
19.15178060531616,11,0,10,3,-5,-17,-15,-6,-14,-20,8,15,-1,-3,please
19.16768884658813,19,2,12,15,1,-10,-11,-7,-7,-14,13,15,2,0,please
19.16768884658813,5,8,3,17,0,-13,-15,-11,-5,-11,2,3,-14,-10,please
19.183083295822144,-11,0,-3,8,0,-3,-10,-13,-14,-22,-15,-20,-34,-22,please
19.183083295822144,-12,-5,-7,0,0,11,3,-7,-16,-34,-20,-33,-28,-17,please
19.1985137462616,-12,6,-4,4,2,16,12,-2,-12,-29,-11,-25,-17,-14,please
19.1985137462616,-12,14,-2,16,11,21,19,0,-4,-4,-11,-13,-15,-9,please
19.21408438682556,-9,2,-8,16,17,27,23,1,5,15,-16,-16,-5,-2,sil
19.21408438682556,-18,-10,-26,-1,4,22,16,0,5,15,-14,-25,-1,-4,sil
19.22889852523804,-25,-13,-37,-16,-6,13,11,3,7,14,-12,-17,-3,-6,sil
19.22889852523804,-12,-14,-18,-16,0,8,10,15,28,26,-11,4,9,4,sil
19.244792699813843,0,-16,-8,-25,-3,-1,-1,13,33,22,-10,13,21,13,sil
19.244792699813843,-3,-13,-15,-37,-14,-16,-20,-2,0,-4,-7,8,9,0,sil
19.259695529937744,-8,-2,-2,-23,-11,-18,-17,-10,-24,-23,-3,4,0,-19,sil
19.259695529937744,-1,7,17,0,-3,-5,-6,-4,-28,-24,2,4,4,-12,sil
19.27510499954224,2,5,20,5,0,2,-6,0,-26,-14,6,5,0,3,sil
19.27510499954224,-2,2,17,21,4,5,0,0,-10,8,4,0,-5,6,sil
19.29067015647888,-4,0,14,34,9,16,16,4,4,22,-1,-5,-7,8,sil
19.29067015647888,4,-10,0,13,0,16,22,10,12,25,-5,1,-4,20,sil
19.30601692199707,18,-12,-4,-10,-7,-4,13,6,22,28,2,11,3,26,sil
19.30601692199707,28,5,17,-5,5,-14,1,5,24,21,29,24,22,20,sil
19.32202672958374,26,19,18,10,15,-8,0,2,13,6,47,26,33,15,sil
19.32202672958374,14,14,0,5,0,-16,-10,-12,0,-6,36,13,24,7,sil
19.33765316009521,14,7,4,-6,-15,-26,-22,-10,-2,-11,21,10,12,2,sil
19.33765316009521,22,15,13,0,-9,-24,-19,3,0,-6,22,13,8,3,sil
19.353865146636963,12,18,11,8,4,-14,-13,-1,-4,-7,16,8,-2,-2,sil
19.353865146636963,0,3,8,8,9,7,-3,-8,-13,-8,-5,-9,-17,-15,sil
19.369234800338745,-10,-5,1,5,7,27,7,0,-12,-1,-21,-27,-22,-16,sil
19.369234800338745,-23,-3,-9,6,5,24,9,7,-4,4,-21,-27,-19,-9,sil
19.38501214981079,-20,-6,-17,8,7,16,13,8,9,7,-20,-19,-11,-2,sil
19.38501214981079,-14,-14,-20,-2,0,15,17,7,12,-3,-33,-19,-6,-1,sil
19.40131950378418,-21,-22,-31,-19,-10,3,3,2,5,-16,-44,-26,-8,-13,sil
19.40131950378418,-17,-23,-29,-40,-15,-19,-14,3,-3,-18,-26,-12,-6,-15,sil
19.416985034942627,-2,-2,-1,-44,-15,-25,-18,0,-11,-20,0,13,-2,-3,sil
19.416985034942627,-1,12,3,-4,-3,-8,-11,-19,-12,-16,7,9,-8,-11,sil
19.432036638259888,0,15,13,28,10,6,-5,-20,-18,-4,9,2,-12,-12,sil
19.432036638259888,9,25,40,29,11,16,9,0,-16,0,15,17,-1,9,sil
19.44788432121277,2,10,12,23,2,13,22,-1,0,-1,4,2,0,5,sil
19.44788432121277,-13,-27,-23,1,-3,0,12,-7,3,2,-21,-24,-13,-6,sil
19.46320867538452,-3,-24,-6,-14,-8,0,8,7,18,24,-18,-8,-5,9,sil
19.46320867538452,4,2,-4,-5,-8,1,11,7,34,31,1,10,15,17,sil
19.47839117050171,-7,-1,-23,-8,-4,-10,-2,-3,10,7,-1,7,14,2,sil
19.47839117050171,-10,-13,-15,-25,-2,-16,-16,0,-14,-7,-7,7,9,-1,sil
19.49402356147766,12,0,2,-19,-1,-10,-17,2,-6,-1,16,21,17,0,sil
19.49402356147766,28,18,16,3,4,-7,-17,4,0,1,39,28,18,0,sil
19.51001167297364,14,19,25,20,14,0,-10,1,-1,-2,27,15,10,1,sil
19.51001167297364,0,11,18,23,12,7,-1,0,-2,-6,6,-3,1,-4,sil
19.525697469711304,6,13,10,26,5,9,0,2,-4,0,8,-4,-1,-1,sil
19.525697469711304,6,8,10,25,4,8,0,-2,-16,1,5,-3,-6,2,sil
19.541240453720093,-11,-8,-5,7,-2,9,4,-12,-26,-7,-19,-24,-18,-5,sil
19.541240453720093,-24,-12,-16,-3,-4,16,19,0,-13,0,-23,-29,-16,-4,sil
19.55690288543701,-7,-6,-9,-4,2,15,32,19,21,20,-5,-8,3,16,sil
19.55690288543701,14,-4,1,-11,0,0,15,26,41,23,0,6,15,29,sil
19.5719997882843,14,-3,7,-15,-6,-14,-11,16,30,9,6,11,18,17,sil
19.5719997882843,10,-7,0,-9,-3,-21,-14,-3,15,-10,18,15,19,9,sil
19.58715867996216,16,-4,1,-6,-5,-15,-8,-13,0,-23,18,28,9,2,sil
19.58715867996216,11,12,9,0,-5,-4,-16,-14,-15,-18,14,21,-4,-12,sil
19.602667570114136,-6,11,0,4,0,-4,-18,-19,-27,-15,3,-5,-16,-19,sil
19.602667570114136,-18,-1,-1,5,0,0,-5,-13,-28,-11,-12,-16,-23,-15,sil
19.61842656135559,-16,0,-1,10,1,18,14,0,-12,4,-16,-14,-19,-10,sil
19.6341519355774,-11,1,-7,8,7,18,22,5,3,12,-14,-17,-10,0,sil
19.6341519355774,-2,0,-1,0,8,6,18,5,14,22,-10,-10,-1,5,sil
19.650322437286377,5,0,0,0,6,8,15,7,30,36,-5,-5,10,5,sil
19.650322437286377,7,-4,-9,-6,3,11,13,8,36,21,-5,-1,17,6,sil
19.650322437286377,10,-6,-6,-7,-1,-2,6,5,20,2,2,7,18,13,sil
19.665528535842896,14,4,2,-6,-6,-19,-7,1,0,0,18,14,17,7,sil
19.665528535842896,8,0,-2,-22,-9,-23,-15,-2,-10,-9,13,10,5,-9,sil
19.682345628738403,0,-7,-9,-30,-10,-15,-13,-5,-18,-24,-3,2,-12,-20,sil
19.698021411895752,-9,-1,3,-15,-4,-10,-15,-8,-25,-31,-11,-7,-19,-22,sil
19.698021411895752,-21,0,6,-9,-3,-11,-20,-11,-24,-30,-15,-18,-22,-27,sil
19.698021411895752,-27,-5,-3,-12,-4,-7,-18,-10,-21,-27,-18,-20,-27,-27,sil
19.71268105506897,-17,0,1,6,1,1,-12,-4,-13,-13,-16,-11,-19,-10,sil
19.72799134254456,-6,6,4,26,6,6,-6,1,-4,7,-9,-4,-6,7,sil
19.72799134254456,-12,0,-6,18,5,11,0,0,-11,7,-6,-7,-5,8,sil
19.74484372138977,-12,-4,-14,14,2,17,16,0,-11,3,-8,-8,-6,3,sil
19.74484372138977,0,-6,-11,15,0,16,26,9,5,14,-14,-3,0,10,sil
19.74519181251526,1,-11,-10,4,0,10,19,10,12,12,-10,-1,0,13,sil
19.75994324684143,-1,-13,-14,-2,-2,0,10,3,13,3,6,4,8,12,sil
19.75994324684143,15,-7,0,-12,0,-1,7,12,20,8,28,23,26,22,sil
19.7747061252594,31,1,13,-14,5,4,5,19,29,15,32,28,37,26,sil
19.790815353393555,24,13,8,6,4,1,0,4,27,12,23,20,29,9,sil
19.790815353393555,17,20,16,15,0,-6,-12,-4,8,11,27,20,15,-1,sil
19.80595564842224,21,18,23,4,4,-8,-16,-4,-3,9,30,19,15,3,sil
19.80595564842224,16,19,22,10,7,-12,-16,-13,-10,-7,18,17,10,3,sil
19.82203507423401,3,22,24,25,1,-6,-13,-16,-20,-23,4,11,-12,-9,sil
19.82203507423401,0,14,22,24,0,5,0,-5,-17,-11,0,-1,-19,-8,sil
19.83710789680481,8,12,25,25,11,10,15,8,4,15,14,4,7,10,sil
19.83710789680481,5,16,23,38,18,15,24,12,20,27,21,13,22,17,sil
19.85276770591736,-14,-2,-3,18,2,11,12,0,5,6,-11,-8,-9,0,sil
19.85276770591736,-22,-25,-24,-18,-14,-1,-3,-7,-10,-1,-38,-28,-27,-14,sil
19.86809611320496,-2,-22,-14,-16,-13,-3,0,0,5,19,-15,-11,1,-1,sil
19.86809611320496,6,-14,-9,-10,-10,-4,3,0,12,9,-1,3,12,10,sil
19.88420581817627,-4,-21,-27,-36,-16,-19,-6,-7,-4,-26,-24,-13,-9,-3,sil
19.88420581817627,-13,-27,-36,-52,-24,-20,-9,-3,-12,-35,-31,-28,-18,-27,sil
19.90024709701538,-9,-19,-19,-41,-21,-9,-4,-1,-8,-26,-17,-14,-15,-27,sil
19.90024709701538,-2,-2,-15,-29,-3,-5,0,-3,-9,-16,-5,-4,-12,-12,sil
19.915515899658203,-4,6,-14,-26,11,0,0,0,-10,-3,-1,-8,-2,-8,sil
19.915515899658203,-14,2,-8,-17,10,2,-1,2,-9,-6,-9,-16,-9,-12,sil
19.93017029762268,-27,-1,-14,-11,6,1,-3,0,-11,-10,-19,-27,-29,-16,sil
19.93017029762268,-30,-3,-19,-13,5,5,0,2,-10,0,-17,-33,-27,-11,sil
19.945683002471924,-23,-3,-8,-6,2,16,3,3,-2,9,-13,-26,-9,0,sil
19.945683002471924,-13,0,4,12,10,24,6,2,8,12,-4,-5,0,9,sil
19.96178650856018,-5,-1,1,18,13,21,9,8,12,21,2,6,2,8,sil
19.96178650856018,-2,-8,-3,0,0,3,0,5,7,13,-10,0,1,6,sil
19.97692012786865,4,-8,0,1,-7,-8,-2,-1,14,9,-8,3,9,11,sil
19.97692012786865,21,6,14,30,0,-1,4,5,30,26,24,26,32,23,sil
19.99247908592224,36,23,30,40,5,-1,0,11,24,18,42,54,45,28,sil
19.99247908592224,39,23,30,27,0,-19,-9,0,1,-14,35,58,34,17,sil
20.007938146591187,33,13,20,17,-7,-23,-15,-13,-17,-28,32,39,14,7,sil
20.007938146591187,24,10,19,19,-5,-13,-21,-14,-28,-24,28,22,0,0,sil
20.0230872631073,22,17,20,25,2,-6,-13,-2,-18,-18,23,20,0,-4,sil
20.0230872631073,27,27,28,23,12,0,0,0,-5,-9,23,17,1,0,sil
20.038025617599487,22,32,30,21,17,4,2,0,-2,0,18,5,-1,1,sil
20.038025617599487,0,21,15,22,14,11,5,1,4,10,7,-2,1,-3,sil
20.05420017242432,-15,0,4,14,1,12,9,0,9,13,0,-11,1,-8,sil
20.05420017242432,-18,-9,-4,0,-5,11,15,-3,3,8,-17,-25,-12,-8,sil
20.070210218429565,-32,-12,-14,-11,-1,11,16,-3,-5,4,-30,-31,-23,-12,sil
20.070210218429565,-39,-27,-23,-23,-4,6,1,-8,-14,5,-33,-36,-23,-14,sil
20.092368125915527,-22,-31,-23,-22,-8,0,-6,-7,-11,8,-35,-37,-20,-4,sil
20.092368125915527,-9,-24,-13,-15,-6,0,6,4,6,10,-27,-22,-10,3,sil
20.092368125915527,-8,-28,-16,-28,-11,-4,13,7,18,6,-19,-10,0,9,sil
20.10101008415222,-2,-30,-16,-43,-11,-3,10,4,15,1,-14,-5,4,15,sil
20.11670756340027,4,-14,-9,-29,1,5,12,9,23,6,1,5,14,13,sil
20.11670756340027,-1,-8,-20,-18,-1,-1,4,10,22,3,6,10,14,0,sil
20.13181972503662,-6,-10,-32,-26,-18,-16,-6,2,2,-7,0,8,6,-5,sil
20.13181972503662,5,4,-19,-19,-10,-12,-5,0,-5,-7,6,12,12,2,sil
20.14700579643249,13,18,-4,-7,2,-8,-10,0,-13,-9,12,11,10,2,sil
20.14700579643249,2,11,-8,-2,2,-5,-16,-2,-23,-21,4,0,-6,-15,sil
20.162702083587646,-1,7,-2,8,7,6,-11,1,-9,-19,8,1,-6,-15,sil
20.162702083587646,6,14,12,15,13,8,-6,2,6,-4,18,13,3,-4,sil
20.1782488822937,3,16,9,11,4,-3,-8,-10,-4,-2,11,4,-3,-8,sil
20.1782488822937,-7,14,8,14,0,-7,-13,-17,-26,-13,-4,-7,-19,-17,sil
20.194255590438843,-5,8,16,21,4,-6,-11,-9,-26,-7,-10,-5,-22,-14,sil
20.194255590438843,-1,6,9,17,0,-7,-3,-3,-11,5,-6,-5,-13,-9,sil
20.20984363555908,-6,18,18,21,2,7,2,-3,-2,2,-3,-2,-6,-4,sil
20.22591209411621,0,25,32,38,20,25,11,-1,5,9,-2,4,-1,7,sil
20.22591209411621,7,1,17,26,12,19,12,1,8,22,1,2,5,22,sil
20.22591209411621,1,-19,5,-10,-12,3,5,6,9,9,0,-4,9,20,sil
20.24137783050537,-2,-17,1,-20,-17,0,7,7,18,0,-10,-6,5,9,sil
20.24137783050537,0,-15,-8,-17,-7,0,6,8,16,9,-7,1,8,5,sil
20.256522178649902,10,-15,-9,-19,-4,-2,5,14,17,13,5,13,22,11,sil
20.256522178649902,16,-6,4,-7,0,-7,3,8,26,5,16,21,27,15,sil
20.27173948287964,16,0,8,6,5,-9,-10,-4,19,3,19,20,19,13,sil
20.287373542785645,9,-1,-2,0,4,-8,-16,-4,0,0,18,5,8,8,sil
20.287373542785645,1,-2,-6,-16,-1,-12,-4,-1,-15,-17,13,0,0,-2,sil
20.287373542785645,3,7,3,-1,1,-12,0,-8,-25,-30,9,1,-10,-11,sil
20.30308508872986,2,28,24,35,14,6,0,-6,-27,-16,8,1,-13,-11,sil
20.30308508872986,-6,21,21,37,17,24,20,3,-11,9,4,-7,-12,-7,sil
20.3201744556427,-14,-6,-12,3,3,18,31,5,4,17,-10,-23,-16,-4,sil
20.3201744556427,-18,-17,-29,-11,-7,4,10,-2,0,1,-31,-36,-25,-8,sil
20.3348240852356,-16,-15,-18,-3,-8,2,0,-4,-5,1,-35,-33,-22,-11,sil
20.35014533996582,-8,-15,-16,-2,-4,8,10,1,6,18,-21,-14,-8,0,sil
20.35014533996582,0,-9,-13,-4,-1,4,12,8,11,9,-6,-1,0,2,sil
20.36596202850341,4,1,-6,0,-5,-5,0,9,9,0,1,5,6,6,sil
20.36596202850341,9,4,-1,-1,-5,-4,-10,1,7,4,6,15,19,11,sil
20.38205933570861,3,-2,-11,-12,0,-1,-19,-8,0,-2,0,13,13,-1,sil
20.38205933570861,-11,-14,-20,-26,-5,-12,-24,-7,-7,-22,-12,0,-2,-22,sil
20.397972583770752,-10,-10,-11,-30,-13,-22,-18,-2,-4,-23,-10,2,0,-14,sil
20.397972583770752,2,2,-1,-19,-9,-17,-12,0,-1,-9,0,12,9,4,sil
20.413201570510864,4,6,4,-12,0,-10,-15,0,-4,-1,10,16,7,5,sil
20.413201570510864,10,12,11,-3,0,-13,-13,-5,-2,5,24,24,12,0,sil
20.428725719451904,21,23,18,9,-5,-12,-3,-5,-1,6,28,25,15,0,sil
20.428725719451904,11,18,25,8,-1,-7,-3,0,-6,-3,17,15,3,0,sil
20.44411683082581,-2,3,19,1,6,3,-1,-3,-2,2,13,5,0,0,sil
20.44411683082581,0,1,11,10,16,20,11,0,6,11,13,-1,2,0,sil
20.4595205783844,0,5,13,26,15,28,20,5,4,0,0,-3,-5,6,sil
20.4595205783844,-6,3,13,31,3,25,17,-3,-5,3,-7,-6,-11,7,sil
20.474786520004272,-10,-2,3,21,2,20,15,-4,-11,14,-4,-17,-9,0,sil
20.474786520004272,-11,-5,-9,9,9,14,16,9,0,6,-16,-26,-9,0,sil
20.48983097076416,-5,-8,-16,0,3,7,11,13,17,6,-15,-16,-1,11,sil
20.48983097076416,0,-14,-12,-11,-5,0,4,8,18,6,-1,-1,8,19,sil
20.50586199760437,-4,-14,-7,-11,-5,-13,-2,4,5,-22,-12,-3,-3,7,sil
20.50586199760437,2,2,0,0,3,-9,-7,-3,-1,-30,-6,0,-12,-9,sil
20.521459579467773,18,21,7,6,12,4,5,-3,2,4,28,13,7,-2,sil
20.521459579467773,6,15,15,8,12,0,11,0,-7,13,9,1,5,4,sil
20.5371196269989,-5,-6,6,9,1,-8,2,-3,-19,-5,-38,-25,-22,-7,sil
20.5371196269989,3,-19,-15,1,-9,7,9,3,7,5,-21,-18,-11,-2,sil
20.552719831466675,-4,-17,-22,-14,-9,17,16,17,31,30,0,-3,9,10,sil
20.552719831466675,-20,-17,-23,-16,-4,0,1,7,9,20,-21,-16,-4,-4,sil
20.56786870956421,-3,-10,-9,-6,-2,-14,-12,-5,-2,-3,-9,-7,-6,-9,sil
20.56786870956421,18,6,9,-5,-7,-19,-17,-1,7,-5,28,24,13,5,sil
21.112796783447266,0,15,9,4,11,-5,-26,-12,-15,-20,8,10,-9,-11,sil
21.112796783447266,0,16,23,22,7,-12,-31,-8,-17,-8,18,21,4,-8,sil
21.127970695495605,15,18,32,33,3,-8,-17,4,-5,14,30,23,24,10,sil
21.127970695495605,9,19,29,34,4,5,-5,1,0,18,20,2,9,7,sil
21.14374256134033,-7,11,4,23,6,17,7,-7,-9,0,-6,-14,-14,-3,sil
21.14374256134033,-11,0,-2,9,0,20,18,-6,-16,-11,-20,-10,-18,-4,sil
21.160474061965942,-4,2,3,7,-7,12,13,-4,-7,1,-13,-5,-9,0,sil
21.160474061965942,5,8,2,13,-4,3,7,0,1,13,-4,-8,-3,6,sil
21.175901174545288,10,0,-2,4,4,0,9,2,0,7,-3,-9,-2,12,sil
21.175901174545288,2,-14,-11,-13,0,-3,8,0,1,0,-5,-4,0,4,sil
21.19103574752808,-8,-25,-19,-24,-8,-10,0,3,5,-1,-5,-2,1,-1,sil
21.19103574752808,-14,-30,-26,-28,-13,-5,-3,9,3,-3,-9,-3,0,0,sil
21.20689296722412,-9,-23,-25,-28,-11,-6,-3,2,3,-10,-10,1,-6,-1,sil
21.20689296722412,-2,-11,-19,-25,-5,-16,0,1,6,-11,-3,1,-3,-9,sil
21.222182750701904,-1,-4,-14,-23,0,-10,3,5,4,-15,-3,-10,3,-10,sil
21.222182750701904,-4,-4,-4,-22,0,-1,-6,-1,0,-27,-7,-5,3,-10,sil
21.236874103546143,0,-5,-2,-15,-9,-18,-15,-7,-8,-28,-8,6,-2,-7,sil
21.236874103546143,11,0,-2,-6,-10,-27,-20,-4,-17,-26,-6,1,-4,-3,sil
21.252445220947266,17,21,17,10,6,1,-13,0,-9,-14,6,1,0,-6,sil
21.252445220947266,6,31,25,37,22,25,12,2,17,21,25,8,8,-4,sil
21.26814866065979,-7,15,11,36,18,18,22,4,23,42,21,2,6,2,sil
21.26814866065979,-6,0,5,16,6,17,11,0,4,31,1,-3,-5,6,sil
21.283721685409542,-1,-5,4,10,0,24,8,-3,-7,17,-8,-4,-9,8,sil
21.283721685409542,0,-9,-1,5,-2,16,8,5,-1,11,-9,-5,0,10,sil
21.29891896247864,6,-10,-8,-4,-1,0,0,10,12,14,1,0,18,15,sil
21.29891896247864,7,-2,0,-10,1,-12,-14,0,10,12,23,19,32,12,sil
21.314992427825928,1,7,9,-6,0,-19,-32,-17,-15,-7,25,23,16,-2,sil
21.314992427825928,0,16,12,3,-3,-20,-35,-22,-37,-27,5,10,-14,-12,sil
21.3309383392334,9,19,21,19,4,-2,-8,-14,-27,-16,3,6,-18,-3,sil
21.3309383392334,11,19,19,31,17,21,24,0,0,13,8,2,-5,2,sil
21.346153020858765,-6,9,0,18,17,25,26,9,14,25,-7,-13,-10,0,sil
21.346153020858765,-19,-11,-12,-8,4,12,10,10,12,9,-24,-18,-15,8,sil
21.36175894737244,-6,-18,-10,-20,-10,0,8,6,9,-3,-15,-6,-2,13,sil
21.36175894737244,1,-11,-7,-17,-19,-7,10,7,7,-1,-6,-4,4,5,sil
21.377084255218502,0,-8,-8,-18,-19,-15,0,9,11,6,-9,-4,2,0,sil
21.377084255218502,-1,-6,-7,-18,-15,-21,-14,0,2,-8,-6,1,3,-8,sil
21.392704486846924,-11,-5,-12,-12,-11,-18,-16,-12,-21,-36,-1,-6,0,-24,sil
21.392704486846924,-14,-1,-16,-11,-3,-6,-6,-6,-25,-35,-4,-17,-10,-25,sil
21.4078016281128,-6,5,0,-5,2,-3,-1,5,-11,-29,-3,-4,-18,-16,sil
21.4078016281128,-7,5,10,8,1,-5,6,2,-2,-26,-2,-1,-13,-15,sil
21.423933267593384,-6,1,5,15,2,6,16,-2,-1,0,-7,-8,-6,-8,sil
21.43943905830384,5,4,6,17,9,18,12,-5,1,24,-5,-3,-2,7,sil
21.43943905830384,3,0,0,12,7,13,5,-3,4,18,-4,-2,-2,13,sil
21.43943905830384,-8,-20,-12,-9,-1,7,1,6,10,14,-13,-11,-2,7,sil
21.45467090606689,4,-17,-8,-13,0,0,0,19,35,26,-10,-2,7,10,sil
21.470659255981445,30,10,4,7,9,-3,6,26,53,29,10,24,28,24,sil
21.470659255981445,32,9,6,3,0,0,11,20,41,20,22,38,36,29,sil
21.470659255981445,13,-17,-2,-20,-15,0,-1,0,12,3,12,20,16,12,sil
21.48611640930176,4,-12,0,-18,-6,-11,-19,-12,-12,-12,13,10,4,-5,sil
21.48611640930176,14,17,12,5,5,-14,-18,-12,-26,-8,34,30,19,0,sil
21.502000093460083,14,23,16,18,3,-7,-25,-16,-28,-1,41,31,24,7,sil
21.51736569404602,-3,13,12,18,5,-4,-40,-18,-27,-5,19,0,0,-9,sil
21.51736569404602,-15,12,5,22,11,2,-23,-10,-24,-3,4,-14,-11,-17,sil
21.53308868408203,-17,12,3,21,8,21,11,-6,-15,2,5,-6,-6,-5,sil
21.53308868408203,-21,0,-5,10,4,24,27,-6,-8,8,-8,-19,-16,-6,sil
21.53308868408203,-27,-11,-14,-8,0,10,28,0,-15,3,-31,-35,-30,-16,sil
21.5479998588562,-22,-18,-12,-20,-4,12,31,0,-21,-14,-31,-23,-29,-9,sil
21.56402516365052,-5,-15,-12,-9,-7,13,27,-1,-8,-20,-22,-9,-17,2,sil
21.56402516365052,1,-10,-10,-10,-5,-5,6,2,6,-9,-19,-11,-5,3,sil
21.579387187957764,1,-9,-5,-20,-1,-16,-11,5,18,2,-14,-17,4,2,sil
21.579387187957764,16,1,0,-4,4,-5,-14,5,30,12,0,-3,17,13,sil
21.594894409179688,34,21,11,14,10,-8,-12,11,32,16,21,28,30,27,sil
21.594894409179688,22,21,6,3,7,-21,-14,9,13,0,20,24,15,7,sil
21.610103130340576,-4,6,-2,-10,0,-13,-14,-7,-22,-29,-12,-13,-19,-28,sil
21.610103130340576,-16,0,0,-2,-2,1,0,-12,-32,-30,-26,-21,-25,-32,sil
21.62536358833313,-16,-10,0,-5,-6,6,19,0,-7,-7,-11,-9,-11,-9,sil
21.62536358833313,-17,-20,-6,-18,-14,9,27,9,5,7,-16,-14,-17,-2,sil
21.641218900680546,-9,-11,-9,-11,-16,12,24,9,13,21,-21,-9,-12,-3,sil
21.641218900680546,0,-3,-4,-6,-9,0,0,7,27,27,4,16,13,2,sil
21.656662702560425,9,-2,5,-9,-1,-17,-29,4,19,5,25,28,17,5,sil
21.656662702560425,15,17,14,14,6,-18,-29,-5,-2,-15,19,20,3,0,sil
21.67219042778015,9,29,21,37,10,-5,-8,-10,-13,-8,10,11,0,-2,sil
21.67219042778015,0,6,14,27,6,6,8,0,-7,8,0,0,-3,7,sil
21.688194274902344,-5,-11,0,11,6,17,20,11,7,22,-1,-8,-3,14,sil
21.688194274902344,-4,-7,-7,2,3,22,19,14,23,26,5,-1,13,15,sil
21.70423412322998,-1,-11,-5,-8,-9,10,0,6,26,17,12,11,25,18,sil
21.70423412322998,6,-19,-4,-14,-13,-5,-18,-6,5,0,17,16,17,11,sil
21.719865560531616,15,-5,0,-4,-5,-20,-21,-9,-15,-15,17,15,12,5,sil
21.719865560531616,16,10,7,3,-3,-29,-20,-3,-16,-21,17,17,19,6,sil
21.735448122024536,9,9,12,5,0,-24,-18,-4,-8,-13,25,19,17,-3,sil
21.735448122024536,7,15,9,11,13,-8,-6,-8,-14,-5,27,15,6,-12,sil
21.751134395599365,3,22,12,21,16,0,1,-9,-26,-13,11,5,-4,-6,sil
21.751134395599365,-5,12,13,19,4,12,0,-10,-25,-23,-9,-10,-16,-7,sil
21.766287565231323,-9,1,5,3,4,31,6,-7,-15,-18,-20,-22,-21,-13,sil
21.766287565231323,-10,-1,-5,-1,6,33,22,-1,-9,-2,-18,-25,-17,-7,sil
21.78227710723877,-13,-9,-15,0,-6,18,26,5,-5,5,-24,-26,-21,0,sil
21.78227710723877,-10,-14,-12,-1,-10,14,19,6,6,5,-34,-21,-23,0,sil
21.79828453063965,-2,-10,-14,-10,1,9,14,2,24,18,-27,-14,-6,4,sil
21.79828453063965,-1,-14,-26,-24,0,-5,4,4,27,29,-18,-13,6,6,sil
21.813899993896484,-6,-23,-32,-36,-9,-11,-1,10,19,17,-23,-18,2,0,sil
21.813899993896484,-12,-21,-36,-38,-9,-6,0,8,12,0,-24,-22,-3,-3,sil
21.829137563705444,-15,-18,-36,-42,-6,-11,-7,-1,0,-8,-17,-19,-3,-13,sil
21.829137563705444,-3,-7,-20,-34,0,-18,-13,-4,-4,-9,-5,-9,0,-18,sil
21.84498691558838,8,19,7,-5,11,-10,-11,-2,0,-5,13,6,4,-4,sil
21.84498691558838,8,36,25,16,15,-3,-13,-6,1,3,25,21,8,2,sil
21.86043286323548,5,28,24,24,9,-1,-15,-8,-1,8,21,18,4,-5,sil
21.86043286323548,4,22,29,33,10,5,-8,-5,-5,0,14,12,-4,-7,sil
21.87598299980164,2,21,35,40,16,10,6,-2,-5,0,13,15,-6,5,sil
21.87598299980164,0,9,28,34,9,2,13,2,-3,7,14,15,-4,12,sil
21.891525268554688,-4,-7,17,15,-10,0,9,4,-5,5,6,9,-5,3,sil
21.891525268554688,-1,-21,7,-1,-20,2,10,4,0,5,-1,4,0,5,sil
21.906996726989743,5,-21,5,-4,-16,2,13,10,7,2,6,10,7,18,sil
21.906996726989743,11,-11,3,1,-14,-1,2,15,6,-5,14,14,9,17,sil
21.92310810089112,10,-9,-4,-2,-16,-4,-5,12,5,-6,7,6,8,7,sil
21.92310810089112,6,-15,-5,-8,-12,-12,-4,6,5,-7,4,2,7,6,sil
21.938732624053955,6,-19,-7,-5,-9,-18,-6,0,1,-14,7,7,9,4,sil
21.938732624053955,6,-8,-6,-6,-3,-13,-13,-4,0,-11,4,10,16,0,sil
21.95386505126953,4,12,-5,-3,2,-8,-10,-3,7,0,3,9,21,2,sil
21.95386505126953,9,19,-5,0,-1,-2,-4,-5,0,-6,3,7,17,7,sil
21.96920228004456,10,17,7,-1,-1,5,0,-7,-15,-17,3,4,7,-6,sil
21.96920228004456,6,24,11,2,14,6,7,-13,-10,-8,5,0,0,-15,sil
21.985187292099,0,23,1,9,24,4,0,-21,-9,0,5,-4,-5,-10,sil
21.985187292099,-12,10,-5,5,18,13,-11,-15,-20,-6,0,-16,-13,-16,sil
22.000685930252075,-23,5,-6,5,12,18,-9,-4,-21,-10,-16,-30,-26,-27,sil
22.000685930252075,-9,5,1,8,10,11,-3,6,-9,7,-20,-22,-26,-11,sil
22.015808820724487,5,0,0,10,6,6,7,15,15,37,-9,-8,-6,14,sil
22.015808820724487,-6,-12,-13,-1,-3,10,13,9,16,25,-14,-12,-8,11,sil
22.03092122077942,-25,-25,-15,-15,-12,11,11,-2,-9,-9,-34,-23,-31,-8,sil
22.03092122077942,-19,-23,-13,-2,-6,0,16,-7,-4,0,-32,-26,-25,-8,sil
22.04666256904602,-7,-10,-6,6,0,0,11,1,16,21,-22,-15,-5,4,sil
22.04666256904602,-5,-11,-12,-6,-3,9,5,10,20,17,-13,-5,6,8,sil
22.062283515930176,0,-21,-16,-17,0,0,6,9,21,20,2,0,13,10,sil
22.062283515930176,13,-10,6,-7,0,-12,0,16,15,14,10,15,14,17,sil
22.077921390533447,10,6,4,0,-1,-6,-3,6,3,-2,8,21,15,11,sil
22.077921390533447,-2,0,-21,-13,-1,-14,-4,-15,-5,-15,6,10,10,-2,sil
22.09807658195496,-4,-12,-14,-29,-5,-29,-11,-3,-6,-21,7,13,3,-4,sil
22.09807658195496,3,-3,1,-20,-11,-16,-7,16,6,-14,24,22,16,0,sil
22.108665943145752,13,13,8,-5,-2,-5,-1,10,14,-3,36,22,27,4,sil
22.108665943145752,18,23,22,1,4,-4,-9,3,1,-5,23,18,11,5,sil
22.124213457107544,16,23,25,9,6,3,-7,-5,-4,-5,20,12,1,-4,sil
22.124213457107544,14,20,19,13,9,3,-2,-12,-3,-1,28,10,7,-7,sil
22.13975977897644,9,22,23,16,11,0,-7,-10,-9,-1,12,10,1,0,sil
22.13975977897644,-5,13,14,15,2,0,-7,-14,-13,-8,-11,-10,-16,-7,sil
22.155856370925903,-17,-2,-3,7,-6,2,1,-14,-20,-21,-23,-33,-31,-19,sil
22.155856370925903,-14,-5,0,10,-5,9,7,-4,-26,-25,-24,-22,-32,-23,sil
22.17089867591858,-4,-4,3,15,-3,15,8,-2,-20,-10,-19,-13,-20,-13,sil
22.186033725738525,0,-11,3,5,-7,11,8,4,-12,0,-15,-13,-4,8,sil
22.186033725738525,2,-8,3,8,-3,11,15,13,0,14,-6,-1,9,21,sil
22.20172071456909,10,1,1,19,5,14,20,11,22,41,6,7,22,23,sil
22.20172071456909,9,-3,0,0,4,4,6,7,24,36,15,10,29,24,sil
22.217798233032227,-8,-16,-16,-19,-4,-11,-11,-1,7,6,4,3,16,8,sil
22.217798233032227,-16,-14,-31,-16,-17,-18,-21,-5,3,-1,-11,-3,-2,-8,sil
22.232941150665283,0,-12,-15,-13,-21,-16,-17,3,14,0,-7,8,0,-3,sil
22.232941150665283,10,-13,-4,-21,-12,-16,-4,6,10,-10,0,19,0,0,sil
22.24817037582397,-4,-6,-8,-24,0,-14,-2,0,-10,-28,-2,7,-14,-15,sil
22.24817037582397,-13,1,-4,-8,11,-2,-5,0,-7,-23,2,-1,-12,-24,sil
22.26420831680298,-3,8,5,19,16,8,1,0,9,0,7,-5,-4,-14,sil
22.26420831680298,-4,18,11,34,19,18,7,-3,0,10,-5,-21,-18,-9,sil
22.27979564666748,-15,15,2,31,20,25,7,-15,-12,4,-21,-34,-27,-5,sil
22.27979564666748,-16,0,-1,18,15,24,7,-21,-14,8,-25,-28,-23,0,sil
22.295316696166992,-3,-5,0,6,5,20,20,0,0,33,-17,-13,-10,16,sil
22.295316696166992,15,5,4,-1,0,8,22,22,27,32,0,5,19,33,sil
22.31034517288208,27,13,15,-10,0,-12,0,15,29,2,16,22,36,27,sil
22.31034517288208,22,9,9,-12,0,-24,-11,5,11,0,28,28,29,12,sil
22.326096534729004,15,0,-3,-12,0,-18,-8,12,6,8,30,31,26,11,sil
22.326096534729004,2,-11,-10,-26,-8,-17,-8,10,7,-7,19,21,19,0,sil
22.341687202453613,-21,-10,-27,-38,-24,-21,-13,-3,-7,-34,0,-10,-4,-26,sil
22.341687202453613,-18,0,-19,-24,-23,-12,-17,-3,-22,-41,-1,-13,-7,-29,sil
22.356741428375244,14,12,16,4,-3,0,-9,-2,-13,-17,13,11,12,-3,sil
22.356741428375244,21,16,29,12,4,-6,0,-19,-19,-6,18,18,9,4,sil
22.37189769744873,0,11,14,15,0,-12,-4,-27,-45,-15,5,6,-6,-3,sil
22.37189769744873,0,9,6,29,5,5,-3,-14,-28,3,4,0,-5,0,sil
22.387025356292725,12,3,17,29,15,20,8,3,9,31,14,3,0,20,sil
22.387025356292725,8,-6,14,20,12,17,14,14,15,19,2,0,-6,16,sil
22.40218234062195,-15,-17,-8,10,4,15,6,7,-3,-3,-29,-22,-28,-14,sil
22.40218234062195,-31,-23,-14,-4,-3,18,4,0,-3,-12,-46,-36,-42,-30,sil
22.417354583740234,-22,-20,-8,-11,-13,20,19,3,13,-1,-31,-21,-23,-12,sil
22.417354583740234,-9,-12,-13,-15,-11,9,23,2,7,9,-14,-5,1,3,sil
22.432987928390503,-4,-16,-22,-26,-3,-10,5,-5,-7,6,-15,-8,7,3,sil
22.432987928390503,-4,-21,-18,-30,-4,-10,-7,-2,6,9,-20,-10,10,1,sil
22.44865393638611,0,-5,-3,-19,-7,0,-11,10,29,22,-7,3,14,0,sil
22.44865393638611,10,11,5,-4,-1,-6,-19,8,28,11,8,13,10,1,sil
22.46479344367981,16,8,3,-3,-2,-21,-23,-2,19,-15,10,15,5,2,sil
22.46479344367981,13,8,0,-4,-8,-22,-14,6,17,-20,15,18,8,-1,sil
22.480095386505127,12,23,7,10,0,-10,-6,10,8,-14,26,13,4,-5,sil
22.480095386505127,6,25,15,20,12,-4,-2,-7,-13,-19,18,-2,-9,-2,sil
22.495306491851807,-3,17,3,13,8,-3,2,-15,-33,-14,-1,-5,-16,-2,sil
22.51110029220581,-3,21,3,18,12,3,3,-13,-38,-5,5,7,-3,-4,sil
22.51110029220581,0,27,18,32,22,18,10,-15,-21,6,25,7,3,2,sil
22.51110029220581,-6,12,12,29,15,26,27,1,8,25,11,-5,-3,6,sil
22.526731491088867,-10,-12,-9,10,9,30,33,21,27,33,-14,-18,-5,0,sil
22.526731491088867,-14,-27,-24,-10,8,27,22,16,22,21,-18,-31,-6,-2,sil
22.54274892807007,-21,-28,-16,-20,-4,9,0,5,2,8,-15,-29,-10,-1,sil
22.54274892807007,-6,-22,-2,-13,-19,-11,-9,3,-1,4,-15,-2,2,12,sil
22.558677673339844,25,-11,8,-6,-14,-19,0,7,11,8,2,30,32,39,sil
22.558677673339844,34,0,11,-10,-6,-20,-5,10,13,7,18,40,41,41,sil
22.575756072998047,16,6,3,-8,-9,-24,-23,-4,-2,-13,15,23,21,13,please
22.575756072998047,9,3,3,-4,-5,-18,-21,-20,-8,-21,21,20,11,-3,please
22.58976483345032,14,0,9,2,6,-5,-9,-16,-8,-6,25,27,15,-6,please
22.58976483345032,5,-5,1,0,3,-2,-17,-12,-23,-14,4,6,0,-17,please
22.60494446754456,-6,-11,-2,-11,-3,-5,-21,-13,-29,-28,-6,-11,-18,-24,please
22.62066650390625,-9,-6,3,-7,0,0,-6,-6,-16,-17,-3,-6,-12,-13,please
22.62066650390625,-13,0,2,4,0,2,-2,1,-17,-17,-19,-13,-20,-12,please
22.62066650390625,-16,0,-2,7,-4,2,0,5,-18,-19,-35,-28,-37,-24,please
22.636717081069943,-9,8,2,11,-2,4,16,7,0,6,-23,-20,-20,-13,please
22.636717081069943,-7,17,2,11,-7,6,24,0,0,18,-12,-15,-6,0,please
22.65204620361328,-20,8,-17,2,-15,10,16,-4,-6,3,-15,-33,-17,-11,please
22.65204620361328,-20,0,-25,0,-2,13,12,1,4,-4,-5,-23,-15,-5,please
22.66805601119995,11,9,-2,1,19,12,17,11,20,8,14,14,8,23,please
22.66805601119995,27,5,3,0,17,0,12,9,26,25,14,21,19,26,please
22.68413043022156,4,-17,-4,-12,-3,-13,-8,9,31,22,0,6,13,8,please
22.68413043022156,0,-17,-6,-12,-7,-9,-14,9,40,10,4,9,13,10,please
22.699730157852173,17,2,1,-3,8,-3,-9,-1,30,0,16,18,14,12,please
22.71536374092102,4,9,-2,-11,8,-4,-14,-6,3,-11,7,6,1,-9,please
22.71536374092102,-14,14,-9,-12,0,3,-9,2,0,-1,0,-9,-7,-25,please
22.71536374092102,-6,25,5,8,8,12,0,3,6,16,10,-1,-1,-11,please
22.731130599975582,-5,10,16,18,10,8,2,-8,-14,5,6,2,-5,-3,please
22.731130599975582,-27,-21,-4,1,-9,14,6,-10,-28,-16,-21,-18,-19,-14,please
22.745714902877808,-28,-28,-15,-17,-13,18,12,3,-1,-3,-28,-21,-7,-6,please
22.761656284332275,4,-9,0,-21,-3,-6,3,9,12,24,7,10,26,20,please
22.761656284332275,34,10,28,0,-3,-21,0,-2,-14,12,38,33,37,25,please
22.776396989822388,30,18,40,29,3,2,9,-10,-27,-12,26,22,17,14,please
22.776396989822388,5,0,16,23,9,13,7,-4,-12,-2,-5,-2,0,13,please
22.792021989822388,0,-21,-4,0,0,1,1,6,4,18,-13,-9,1,16,please
22.792021989822388,23,-15,1,5,-5,-3,6,14,18,17,3,12,18,24,please
22.807047128677368,30,0,9,14,0,-16,-5,3,0,-7,17,32,18,17,please
22.807047128677368,0,-3,-4,2,-1,-25,-22,-14,-33,-30,5,13,-5,-12,please
22.822580575943,-16,-4,-16,0,3,-10,-12,-19,-31,-32,-9,-10,-21,-24,please
22.822580575943,-4,10,-6,0,12,-8,-7,-10,-16,-30,-9,-9,-16,-24,please
22.83768320083618,-6,8,-8,-9,-6,-22,-17,-3,-14,-30,-11,-15,-24,-34,please
22.83768320083618,-16,-4,-8,-15,-13,-7,-10,0,-1,-16,-11,-22,-31,-28,please
22.853838682174683,-9,0,1,-1,4,14,5,5,15,0,-6,-10,-17,-2,please
22.853838682174683,-8,9,1,9,4,8,4,2,11,0,-17,-16,-16,-2,please
22.86922264099121,-18,2,-7,3,-2,13,2,0,1,6,-24,-30,-24,-9,please
22.86922264099121,-14,-5,-11,0,6,33,20,7,14,35,-9,-14,-3,11,please
22.88495349884033,-14,-14,-15,0,3,24,23,13,28,39,-6,-3,12,18,please
22.88495349884033,-20,-12,-20,0,-10,0,4,0,16,14,-18,-17,0,-2,please
22.90000867843628,-8,1,-19,-3,-7,-3,0,0,7,5,-5,-4,4,0,please
22.90000867843628,10,5,-9,-12,0,0,7,15,24,18,20,28,35,21,please
22.915765285491943,18,1,-3,-11,-5,-7,3,13,28,21,31,33,41,20,please
22.915765285491943,17,8,4,-6,-7,-14,-12,-5,0,-3,27,21,21,2,please
22.931036710739136,19,13,18,-3,-2,-13,-24,-14,-20,-23,23,18,9,-3,please
22.931036710739136,23,16,24,7,3,-13,-18,-8,-18,-13,16,18,9,-2,please
22.946674346923828,17,24,25,12,15,-5,-5,-7,-11,-9,15,23,3,-3,please
22.946674346923828,9,15,21,2,14,0,-2,-10,-11,-14,17,14,-1,-3,please
22.96246910095215,4,-5,18,-4,2,2,-1,-6,-18,-10,0,-10,-12,-6,please
22.96246910095215,-2,-12,10,0,-2,12,9,0,-17,-3,-27,-23,-27,-7,please
22.97819471359253,-6,-6,-2,7,-1,16,18,1,2,3,-21,-18,-19,5,please
22.97819471359253,-4,-7,2,5,0,6,13,8,10,11,-3,-10,-3,11,please
22.993853092193604,-12,-16,2,-1,-2,1,7,13,0,8,-13,-13,-11,0,please
22.993853092193604,-25,-19,-10,-11,-6,2,3,6,3,5,-22,-20,-12,0,please
23.00973343849182,-20,-17,-15,-14,-5,0,2,0,12,12,-6,-10,7,6,please
23.00973343849182,-5,-15,-13,-8,-2,0,-1,-1,2,3,1,4,12,5,please
23.025845766067505,2,-3,-8,-2,0,-3,-14,-3,-4,-11,0,8,10,0,please
23.025845766067505,15,13,-1,6,3,-11,-11,-1,5,-2,14,17,24,3,please
23.04194474220276,19,6,2,11,5,-13,0,-2,0,2,23,26,25,4,please
23.04194474220276,7,-2,-1,4,2,-11,-7,-1,-12,-9,11,16,6,-5,please
23.05803203582764,14,18,-4,8,5,-4,-10,1,0,-8,14,9,2,-10,please
23.05803203582764,28,37,9,22,14,3,0,-2,4,-4,27,18,2,0,please
24.58507871627808,-11,-5,9,3,1,12,8,7,9,27,3,-5,7,-2,please
24.58507871627808,-12,-15,0,-5,-4,12,4,3,8,20,-3,0,2,11,please
24.600735425949097,-6,9,6,15,9,20,14,0,6,1,-16,-6,-2,1,please
24.600735425949097,-1,9,10,20,14,23,22,2,6,13,-18,-10,-4,-5,please
24.615970134735107,0,-17,-8,-4,-4,6,12,6,13,24,-6,-5,1,6,please
24.615970134735107,3,-18,-16,-15,-15,-9,4,12,19,5,-4,0,2,19,please
24.6316511631012,0,-9,-11,-10,-13,-6,6,9,11,-8,-23,-4,-15,10,please
24.6316511631012,-10,-15,-12,-11,-10,0,1,-3,0,-12,-38,-17,-35,-7,please
24.64763379096985,-15,-16,-18,-14,-6,-5,-1,-4,0,-14,-25,-20,-24,-13,please
24.64763379096985,-7,-10,-18,-18,-4,-12,-2,6,4,-5,0,-7,0,-2,please
24.662643671035767,3,-12,-11,-23,-7,-17,-12,0,0,-1,4,7,9,0,please
24.662643671035767,10,-10,-13,-16,-12,-20,-20,-10,-11,-15,2,14,6,-2,please
24.678572416305546,11,3,-1,-3,-6,-12,-17,-5,-20,-26,11,16,1,-2,please
24.678572416305546,13,19,16,11,6,0,-11,0,-11,-12,21,18,6,4,please
24.69372129440308,22,27,20,19,12,1,-8,0,12,11,34,27,27,16,please
24.69372129440308,28,24,25,13,17,0,-4,3,19,14,44,36,36,15,please
24.70886754989624,14,17,25,11,14,0,-2,-6,-8,0,22,19,14,1,please
24.70886754989624,0,13,19,17,4,0,0,-17,-34,-7,1,0,-4,0,please
24.72445273399353,-3,11,13,22,6,3,10,-5,-17,-7,6,-6,-7,0,please
24.74034118652344,-23,4,-2,17,9,11,16,0,-14,-9,-6,-24,-18,-20,please
24.74134373664856,-36,2,-13,8,0,10,7,-4,-30,4,-15,-28,-22,-29,please
24.74134373664856,-9,7,-5,15,2,14,16,6,1,28,2,-9,-2,-3,please
24.755686044693,-1,8,-8,12,14,22,26,13,39,24,2,-5,4,7,please
24.755686044693,-13,0,-21,-2,6,12,16,2,23,19,-12,-11,-3,-2,please
24.77142596244812,0,-6,-11,0,-3,4,12,2,10,34,-6,3,1,9,please
24.787190198898315,12,-15,3,0,-4,5,13,14,20,24,-1,11,13,28,please
24.787190198898315,4,-29,-6,-23,-11,-4,3,14,31,0,-7,0,16,23,please
24.8027024269104,7,-29,-15,-33,-22,-20,-13,1,16,-8,-10,3,11,8,please
24.8027024269104,12,-15,0,-19,-19,-20,-24,-4,-12,-12,-7,14,4,-3,please
24.81793618202209,6,-3,6,-8,-9,-12,-19,0,-17,-25,0,8,1,-6,please
24.81793618202209,0,-5,-1,-19,-8,-12,-13,0,-3,-35,0,-2,-2,-6,please
24.833802700042725,-4,-17,-12,-34,-13,-16,-18,-7,-3,-23,-6,-9,-9,-12,please
24.833802700042725,-3,-12,-4,-24,-11,-8,-20,-9,-12,-5,-1,-4,-9,-10,please
24.849294185638428,-2,1,6,-5,-1,0,-14,-9,-16,-9,0,-3,-12,-4,please
24.849294185638428,-8,5,2,0,8,-1,-15,-12,-13,-16,-8,-18,-19,-10,please
24.86482620239257,-10,11,9,8,11,-1,-13,-9,-5,-8,-4,-18,-10,-13,please
24.86482620239257,0,24,22,25,13,4,1,0,2,0,6,2,1,0,please
24.88083338737488,10,27,22,30,19,13,17,8,8,5,9,13,3,8,please
24.88083338737488,15,20,20,34,20,22,26,10,0,17,11,8,6,3,please
24.89663672447205,5,12,9,30,10,20,21,3,-9,19,4,0,1,0,please
24.89663672447205,-13,3,-6,9,4,11,11,-5,-6,10,-3,-7,-9,-5,please
24.911659479141235,-12,-3,-15,4,1,8,11,-5,-1,2,-12,-15,-14,-8,please
24.911659479141235,-4,-7,-18,9,-3,6,16,1,0,0,-21,-19,-7,0,please
24.92769956588745,-5,-10,-11,-3,-3,6,22,10,11,9,-10,-4,5,16,please
24.92769956588745,4,-13,-6,-14,-3,2,16,11,27,28,11,17,22,24,please
24.94373989105225,13,-11,-8,-15,-10,-17,-13,1,19,2,17,21,22,13,please
24.94373989105225,6,0,0,-11,-11,-34,-28,-5,-5,-31,14,17,13,0,please
24.959720373153687,8,12,17,-2,-2,-22,-15,-4,-19,-16,20,21,9,1,please
24.959720373153687,14,13,22,4,5,-2,-13,-1,-17,5,21,17,4,-1,please
24.974858283996586,5,8,4,13,6,6,-8,0,-3,7,7,1,-4,-8,please
24.974858283996586,-9,-6,-8,4,3,11,6,0,4,8,-7,-6,-8,-3,please
24.98996901512146,-16,-23,-19,-22,-6,0,1,-2,8,8,-18,-9,-8,-1,please
24.98996901512146,-14,-18,-28,-30,-17,-18,-11,-2,9,-1,-20,-5,-2,-8,please
25.005695819854736,-3,0,-14,-15,-4,-10,-5,4,12,-9,-4,7,7,-6,please
25.005695819854736,4,13,5,-5,8,2,1,6,10,-6,13,9,6,-4,please
25.02077078819275,3,17,16,5,7,3,0,0,-4,-1,10,0,-5,-10,please
25.02077078819275,-1,6,17,23,6,11,6,-2,-5,5,1,-5,-8,0,please
25.036254405975345,-2,-3,9,20,4,23,15,-3,3,10,-2,-10,-7,14,sil
25.036254405975345,1,0,2,5,-5,9,7,-7,-8,-1,-14,-12,-15,5,sil
25.0523009300232,4,0,0,9,-14,-2,0,-6,-20,-8,-20,-9,-12,2,sil
25.0523009300232,0,-8,0,13,-12,8,7,0,-10,7,-9,-4,0,12,sil
25.067843914031982,-3,-14,-4,-1,-1,10,9,2,0,14,-6,-6,0,5,sil
25.067843914031982,0,-12,-16,-10,6,-7,-3,2,1,-1,-15,-14,-2,-4,sil
25.082931518554688,5,-7,-12,-11,5,-13,-10,8,4,-10,-10,-9,7,0,sil
25.082931518554688,4,-2,-5,-14,1,-6,-3,15,20,0,4,3,12,0,sil
25.0989511013031,-1,-3,-12,-11,-3,-9,-1,10,25,0,14,4,8,0,sil
25.0989511013031,0,-4,-7,-8,-4,-13,-4,0,0,-11,20,3,12,2,sil
25.11394572257996,4,7,6,-3,8,-4,-7,-4,-15,-10,20,5,14,-5,sil
25.11394572257996,3,16,14,0,14,4,-12,-8,-11,-9,14,6,3,-14,sil
25.129547595977783,1,12,8,-7,2,0,-13,-13,-13,-10,12,5,0,-10,sil
25.129547595977783,-2,10,9,-10,-2,-5,-14,-18,-28,-13,8,1,-2,-11,sil
25.14475798606873,-7,17,21,4,4,-4,-10,-13,-25,-12,2,-1,-11,-12,sil
25.14475798606873,0,24,25,22,8,0,5,-2,-4,-4,3,0,-11,1,sil
25.160051107406616,0,23,23,30,8,5,15,6,5,6,0,-1,-5,8,sil
25.160051107406616,-6,3,12,26,1,13,23,13,9,22,-14,-9,-4,8,sil
25.175703763961792,-5,-21,0,5,-6,19,31,16,20,28,-15,-6,2,20,sil
25.175703763961792,-7,-25,-12,-3,-3,15,27,14,24,21,-16,-6,3,12,sil
25.19112873077393,-17,-26,-31,-6,-7,0,12,6,16,11,-36,-22,-13,-7,sil
25.19112873077393,-10,-33,-38,-28,-23,-13,-3,-2,8,0,-32,-10,-11,-2,sil
25.20721650123596,7,-17,-23,-27,-18,-11,-18,-5,11,-7,4,20,8,5,sil
25.20721650123596,6,6,-12,-5,-2,-8,-25,-3,6,-15,13,23,8,-6,sil
25.22292137145996,0,8,-8,-9,-2,-15,-21,-4,-8,-19,-4,14,-3,-13,sil
25.22292137145996,15,1,0,-9,-1,-14,-11,-6,-12,-4,9,29,0,1,sil
25.238312005996704,26,10,16,7,3,-3,-6,-5,-11,4,36,50,14,12,sil
25.238312005996704,13,24,23,22,6,4,-6,-2,-7,7,24,43,13,8,sil
25.253992557525635,-7,9,13,27,12,17,0,-2,2,13,-2,2,-5,-2,sil
25.253992557525635,-16,-14,-1,15,13,25,7,-2,0,8,-12,-44,-20,-10,sil
25.26976156234741,-6,-10,-10,6,8,15,12,0,0,0,-6,-53,-11,-4,sil
25.26976156234741,0,0,-9,0,2,-4,7,4,1,0,0,-27,3,0,sil
25.28593420982361,0,-3,-5,-15,-4,-19,0,5,-6,-6,7,-6,7,-3,sil
25.28593420982361,8,15,11,-7,4,-3,0,4,-11,-9,23,3,7,2,sil
25.30141305923462,14,30,30,23,22,20,10,5,0,4,24,2,5,11,sil
25.30141305923462,-7,0,1,9,3,16,19,5,5,16,-4,-20,0,3,sil
25.317021131515503,-19,-20,-22,-24,-17,0,13,2,4,12,-17,-23,5,-2,sil
25.317021131515503,7,0,0,-7,-4,-7,1,4,10,2,0,5,16,10,sil
25.333128690719604,28,17,17,14,3,-19,-6,4,11,-4,4,21,15,21,sil
25.333128690719604,15,13,8,-3,0,-25,-11,-4,-1,-13,0,20,10,10,sil
25.34874510765076,3,11,8,-5,3,-6,-6,-8,-11,-19,5,19,8,0,sil
25.34874510765076,1,10,19,21,15,14,8,-1,-11,-8,7,12,5,3,sil
25.36379337310791,-6,0,12,22,11,20,17,0,-2,11,-2,-2,-3,1,sil
25.36379337310791,-21,-19,-16,-11,-9,10,2,-6,1,9,-18,-18,-19,-9,sil
25.379153728485107,-28,-34,-31,-34,-25,-2,-15,-3,0,-7,-29,-22,-27,-16,sil
25.379153728485107,-21,-33,-26,-28,-22,-8,-16,3,8,-2,-26,-14,-16,-10,sil
25.39503598213196,-8,-28,-22,-33,-22,-18,-24,-2,4,-6,-15,-3,-11,-14,sil
25.39503598213196,-3,-20,-19,-43,-31,-33,-40,-15,-21,-34,-8,-1,-21,-31,sil
25.41109561920166,-8,-4,-9,-20,-23,-33,-30,-16,-29,-44,-13,0,-23,-34,sil
25.41109561920166,-10,6,5,6,0,-15,-9,-7,-16,-27,-7,0,-19,-23,sil
25.426889419555664,0,11,13,14,11,6,5,1,-4,2,12,5,-8,-10,sil
25.426889419555664,6,20,17,24,13,23,22,9,2,26,15,3,2,0,sil
25.442995071411133,3,17,16,32,22,30,31,8,6,26,3,-7,0,6,sil
25.442995071411133,2,3,4,29,29,33,29,8,10,24,10,-14,1,21,sil
25.458314657211304,11,2,1,21,25,35,31,15,23,37,17,0,21,36,sil
25.458314657211304,20,11,0,12,19,24,31,17,43,41,7,13,31,40,sil
25.473981142044067,16,5,-6,-3,8,7,9,9,43,23,4,8,27,30,sil
25.473981142044067,0,-7,-15,-18,-8,-6,-15,0,15,1,5,1,24,12,sil
25.48947596549988,-7,-8,-18,-18,-17,-23,-28,-10,-10,-12,0,1,13,-2,sil
25.48947596549988,-1,0,-6,-15,-12,-31,-31,-12,-16,-23,4,7,1,-6,sil
25.50469827651977,12,10,12,-4,-3,-20,-16,-2,-9,-19,18,19,7,0,sil
25.50469827651977,28,31,33,22,6,-9,0,0,-10,-5,20,26,18,0,sil
25.52071070671081,31,46,46,44,15,0,5,-2,-20,-2,16,18,10,-2,sil
25.52071070671081,17,36,36,42,15,12,15,-3,-17,0,10,3,-8,-1,sil
25.535845041275024,-5,3,12,13,5,19,28,0,0,11,-1,-5,-11,2,sil
25.5520339012146,-21,-27,-9,-18,-7,12,22,3,10,19,-18,-18,-6,0,sil
25.5520339012146,-28,-34,-22,-20,-10,8,7,0,2,5,-30,-30,-19,-14,sil
25.5520339012146,-25,-22,-17,-2,-3,7,1,-2,-3,-11,-29,-25,-25,-19,sil
25.566690683364868,-14,-20,-19,-6,-7,1,0,0,5,-8,-13,-8,-2,0,sil
25.58187794685364,-13,-35,-30,-33,-18,-8,-8,4,5,1,-4,0,5,7,sil
25.58187794685364,-15,-39,-28,-35,-21,-20,-19,-1,-10,-6,-7,0,-3,-9,sil
25.597492933273315,4,-14,-5,-11,-8,-24,-21,-3,-11,-21,3,13,6,-10,sil
25.597492933273315,22,6,11,3,1,-16,-18,0,0,-20,24,30,17,4,sil
25.613110780715942,6,3,2,4,-4,-14,-24,-5,-3,-16,18,19,1,4,sil
25.613110780715942,-4,6,0,4,-6,-16,-33,-15,-22,-21,0,2,-14,-4,sil
25.628676891326904,8,24,15,14,8,-11,-23,-12,-19,-18,3,9,-14,-9,sil
25.628676891326904,11,30,24,25,13,-1,-6,-6,-10,-8,6,6,-13,-7,sil
25.644296646118164,-3,26,15,21,6,11,4,0,-10,0,-5,-17,-22,-5,sil
25.644296646118164,-3,20,4,15,16,32,28,8,0,12,-14,-27,-27,-3,sil
25.659391164779663,-2,3,1,8,27,37,39,3,10,17,-13,-20,-14,-3,sil
25.659391164779663,-14,-14,-14,-8,6,23,31,2,12,20,-18,-30,-1,-1,sil
25.675079584121704,-18,-20,-31,-30,-11,10,30,15,25,29,-19,-35,5,3,sil
25.675079584121704,-6,-16,-19,-33,-2,3,22,19,39,31,-5,-7,20,18,sil
25.690152883529663,9,-14,-9,-27,2,-1,5,15,39,28,4,15,36,27,sil
25.690152883529663,11,-8,-17,-33,-8,-10,-1,13,27,22,8,13,32,14,sil
25.70565390586853,0,0,-15,-40,-20,-17,-10,1,5,0,6,5,13,0,sil
25.70565390586853,0,1,-1,-27,-15,-15,-25,-14,-19,-23,0,2,0,-5,sil
25.72173810005188,10,11,13,0,2,-4,-16,-13,-30,-23,0,0,0,-9,sil
25.72173810005188,12,19,19,17,4,0,1,0,-19,-12,12,0,0,-6,sil
25.737126111984253,2,5,25,24,-6,0,-6,-4,-15,-17,13,3,-8,-5,sil
25.737126111984253,0,6,37,45,9,7,-9,-12,-17,-15,11,13,-6,-4,sil
25.753175020217896,4,29,35,68,36,20,16,0,3,13,17,20,6,7,sil
25.753175020217896,0,14,13,50,18,19,27,10,18,27,11,15,3,4,sil
25.769208431243896,-12,-20,-4,20,-9,1,14,-2,3,15,0,3,-5,-8,sil
25.769208431243896,-10,-16,0,14,-4,-8,9,-4,-2,5,0,0,0,0,sil
25.784910202026367,0,-1,0,13,0,-6,9,8,5,-1,-3,2,4,14,sil
25.784910202026367,10,-9,-12,3,-18,-6,-4,4,6,-10,-8,4,3,14,sil
25.79999136924744,5,-21,-17,-13,-21,-9,-19,-8,1,-13,-4,1,0,7,sil
25.79999136924744,-8,-28,-27,-38,-12,-12,-21,-8,-3,-19,-6,-7,-12,-8,sil
25.816001892089844,-9,-18,-26,-45,-15,-19,-27,-3,-16,-29,-13,-1,-15,-18,sil
25.816001892089844,9,2,-7,-31,-13,-18,-35,-4,-18,-25,-5,13,-3,-5,sil
25.83155059814453,23,12,1,-18,5,-12,-27,-6,-14,-14,5,13,3,1,sil
25.83155059814453,19,19,10,-4,15,-8,-19,-6,-16,-11,2,7,0,-2,sil
25.84714150428772,5,22,15,3,10,-3,-18,-4,-7,-1,0,3,-3,-8,sil
25.84714150428772,0,17,15,-1,9,4,-7,-5,0,8,8,4,4,-2,sil
25.86271476745605,-3,18,13,5,16,12,7,-1,-3,9,12,0,8,4,sil
25.86271476745605,-16,7,0,15,12,22,16,0,1,8,1,-23,-7,-2,sil
25.878395795822144,-30,-8,-12,5,0,24,22,2,6,9,-13,-38,-24,-16,sil
25.878395795822144,-27,-6,-14,1,-2,15,32,13,9,24,-11,-29,-17,-8,sil
25.89393186569214,-14,-6,-9,0,-3,10,36,18,16,35,0,-19,-4,4,sil
25.89393186569214,-12,-18,-8,-6,-6,16,31,14,13,18,-7,-27,-5,0,sil
25.90930795669556,-15,-20,-17,-11,-5,12,27,12,11,9,-22,-29,-7,0,sil
25.90930795669556,-2,-14,-7,-13,0,0,21,15,21,22,-14,-4,1,12,sil
25.924756050109863,22,-3,5,-5,2,0,21,17,33,26,3,18,22,21,sil
25.924756050109863,34,11,8,8,6,3,16,9,34,12,4,26,30,24,sil
25.94009828567505,27,12,11,9,5,-6,-1,-6,10,-5,0,24,17,19,sil
25.94009828567505,18,-5,2,-1,0,-22,-18,-19,-18,-20,4,16,5,0,sil
25.9559485912323,12,-11,0,-8,-9,-24,-25,-19,-27,-35,6,21,5,-13,sil
25.9559485912323,7,2,12,1,-8,-14,-18,-9,-17,-35,15,33,16,-5,sil
25.971465349197388,10,18,24,14,0,-4,-9,-1,-10,-15,28,29,18,8,sil
25.971465349197388,6,26,19,23,6,0,-13,-3,-14,-6,24,15,0,1,sil
25.98700475692749,-12,17,-2,22,5,0,-25,-15,-22,-17,3,-4,-12,-19,sil
25.98700475692749,-22,0,-2,10,-1,-6,-32,-21,-31,-30,-11,-15,-13,-29,sil
26.00286650657653,-21,-5,0,2,-4,-2,-24,-13,-18,-19,-10,-18,-12,-25,sil
26.00286650657653,-17,-3,-7,8,0,9,-1,0,6,16,-7,-21,-7,-9,sil
26.01872491836548,-12,-4,-6,11,5,19,12,10,22,36,-10,-19,6,3,sil
26.01872491836548,-8,-13,-15,-4,0,6,7,4,26,25,-13,-15,13,2,sil
26.03375267982483,2,-16,-11,-24,-9,-8,-2,0,16,9,-5,0,7,7,sil
26.03375267982483,20,-1,7,-7,-3,-3,3,7,11,14,8,16,12,18,sil
26.049644708633423,21,5,-4,0,4,-3,13,18,25,20,11,14,13,19,sil
26.049644708633423,12,2,-7,-23,-2,-13,1,11,11,-2,14,21,3,14,sil
26.06477117538452,7,13,7,-12,-2,-11,-9,-4,-23,-24,28,24,0,6,sil
26.065139055252075,-2,12,0,0,1,-5,-15,-8,-40,-20,9,-3,-26,-6,sil
26.080657482147217,-19,-2,-3,-22,-3,-8,-17,-1,-45,-20,-24,-23,-53,-19,sil
26.080657482147217,-25,-7,-5,-30,-10,-2,0,-5,-41,-30,-32,-27,-57,-24,sil
26.09577059745789,-30,-30,-22,-49,-24,10,14,-3,-28,-20,-43,-46,-82,-17,sil
26.09577059745789,-18,-31,-6,-36,-20,16,8,5,-9,4,-41,-36,-61,-5,sil
0.0429537296295166,13,14,28,41,17,18,11,8,13,17,-1,2,34,6,please
0.0429537296295166,13,19,12,60,30,16,19,1,22,8,11,2,55,2,please
0.0585951805114746,-7,-3,-2,31,12,10,21,-7,17,8,2,-9,17,-4,please
0.0585951805114746,3,3,10,36,11,15,35,6,38,37,15,7,35,17,please
0.0739080905914306,23,5,8,24,11,12,35,21,53,48,24,27,51,41,please
0.0739080905914306,24,0,4,8,2,-3,7,10,45,25,16,29,39,24,please
0.0898802280426025,16,0,0,10,0,-4,-6,5,45,18,14,16,33,1,please
0.0898802280426025,0,-16,-18,-22,-8,-3,-9,7,28,9,9,6,21,-6,please
0.1055271625518798,-6,-19,-25,-44,-15,-20,-16,-3,-4,-16,-1,6,3,-9,please
0.1055271625518798,7,11,-3,-11,-3,-21,-15,-13,-14,-20,10,11,3,-1,please
0.1208071708679199,14,31,22,19,11,0,-13,-13,-16,-13,27,21,9,0,please
0.1208071708679199,-2,20,12,20,10,2,-12,-11,-27,-19,10,7,0,-13,please
0.1365776062011718,-18,6,0,10,3,-2,-3,-8,-29,-15,-16,-11,-17,-16,please
0.1365776062011718,-12,1,-1,3,-3,0,1,-2,-22,0,-20,-9,-13,-3,please
0.1526029109954834,0,-3,-14,-8,-17,-4,-11,0,-15,-5,-9,-3,-2,0,please
0.1526029109954834,3,0,-9,-30,-17,-17,-26,0,-13,-26,3,0,-7,-4,please
0.1678345203399658,-1,6,2,-23,0,-14,-30,-5,-22,-24,13,1,-16,-8,please
0.1678345203399658,-10,3,1,5,1,-9,-26,-12,-32,-11,-4,-9,-28,-10,please
0.1837835311889648,-7,-5,1,8,-1,1,6,-2,-11,-3,-26,-17,-29,-2,please
0.1837835311889648,0,-12,-7,-8,1,10,33,13,12,7,-19,-13,-13,9,please
0.1987714767456054,3,-12,-3,-20,-1,-5,3,7,2,11,-2,1,0,14,please
0.1987714767456054,8,-1,7,-15,-2,-9,-19,-4,-13,0,2,11,1,3,please
0.2139313220977783,10,12,12,2,7,9,0,0,-9,-9,7,10,0,-9,please
0.2139313220977783,11,20,23,26,13,19,15,6,2,0,9,3,-2,-3,please
0.2299377918243408,6,14,28,42,15,23,20,1,6,15,6,-6,0,5,please
0.2299377918243408,-6,-1,19,32,8,26,27,0,2,19,2,-9,5,9,please
0.2456045150756836,-13,-10,4,11,0,19,33,9,16,24,0,-9,8,13,please
0.2456045150756836,-11,-17,-7,-2,1,12,25,10,30,22,-11,-19,5,7,please
0.2607033252716064,-16,-28,-25,-18,-3,5,2,2,20,8,-24,-26,0,2,please
0.2607033252716064,-14,-29,-29,-23,-15,-8,-12,4,19,0,-12,-15,9,5,please
0.2764954566955566,6,-10,-5,-12,-14,-14,-7,9,35,0,7,5,17,4,please
0.2764954566955566,15,0,-2,-4,-4,-9,-1,9,40,3,13,17,15,7,please
0.2915410995483398,2,-3,-20,-13,-3,-12,-13,0,20,1,10,15,13,3,please
0.2915410995483398,-3,-3,-21,-33,-11,-23,-26,-14,-12,-14,2,11,2,-13,please
0.3075811862945556,0,4,-18,-29,-7,-25,-25,-18,-32,-25,-1,3,-12,-23,please
0.3075811862945556,0,11,-2,0,1,-14,-15,-10,-24,-18,3,2,-13,-20,please
0.3229691982269287,-1,20,11,17,-1,-8,-6,0,-17,-7,13,12,-6,-16,please
0.3229691982269287,0,22,7,11,0,-11,-5,1,-24,-6,8,16,-8,-13,please
0.3389558792114258,4,12,8,5,10,0,-6,-1,-18,-6,0,13,-8,-9,please
0.3389558792114258,6,9,14,14,12,15,0,-4,0,3,-1,14,-2,0,please
0.3545475006103515,8,10,14,21,8,16,10,4,7,16,0,13,0,9,please
0.3545475006103515,12,9,17,23,11,14,23,12,10,26,7,7,6,19,please
0.3697044849395752,8,4,18,20,13,15,29,1,4,14,11,0,10,24,please
0.3697044849395752,-6,-7,7,5,6,12,14,-11,-17,-19,-11,-16,-8,9,please
0.3849899768829345,-12,-17,-10,0,2,13,2,-9,-22,-23,-35,-31,-21,-9,please
0.4007251262664795,-5,-14,-10,2,3,12,10,5,-1,7,-18,-20,-8,0,please
0.4007251262664795,2,-11,-2,0,-1,7,17,19,18,27,2,-3,5,19,please
0.4162778854370117,-3,-15,-14,-11,-11,1,3,5,15,10,-2,-15,8,11,please
0.4162778854370117,-20,-16,-31,-28,-19,-10,-16,-10,0,-11,-15,-26,0,-6,please
0.4320237636566162,-9,-10,-22,-31,-24,-23,-20,-1,-1,-8,-2,-5,7,-2,sil
0.4320237636566162,23,2,6,-13,-14,-20,-16,3,-1,-1,20,21,25,6,sil
0.4469947814941406,24,16,16,0,3,-13,-19,-7,-10,-11,25,24,26,-3,sil
0.4469947814941406,0,18,8,-2,5,-12,-27,-6,-12,-23,16,13,11,-14,sil
0.4626634120941162,0,10,16,-1,-1,-8,-24,0,-10,-21,10,6,0,-12,sil
0.4626634120941162,6,13,24,19,6,4,-6,-1,-9,-7,8,0,-9,-10,sil
0.4785668849945068,1,23,24,30,13,13,4,-5,-1,4,12,4,-2,-5,sil
0.4785668849945068,-4,17,21,16,4,12,10,-4,10,13,11,10,3,9,sil
0.4939813613891601,-9,0,7,3,0,18,27,6,12,19,-10,-6,-16,7,sil
0.4939813613891601,-16,-7,-6,1,7,27,41,13,8,17,-30,-26,-29,-6,sil
0.5095021724700928,-16,-5,-10,7,12,23,32,6,15,15,-22,-18,-10,-3,sil
0.5095021724700928,-7,-11,-10,2,7,7,20,1,27,14,-15,0,-5,5,sil
0.5251250267028809,0,-21,-18,-15,-7,-6,11,4,31,9,-22,-1,-19,4,sil
0.5251250267028809,2,-24,-24,-27,-14,-23,-6,0,22,1,-9,-3,-6,2,sil
0.5408449172973633,3,-18,-21,-23,-8,-33,-25,-1,4,-7,11,6,17,2,sil
0.5408449172973633,7,-7,-17,-9,-7,-25,-28,4,-4,-16,10,9,18,3,sil
0.5564877986907959,6,1,-4,-2,-3,-10,-22,4,-11,-12,6,9,12,0,sil
0.5564877986907959,5,7,5,-5,7,-2,-13,-1,-20,0,16,14,12,-2,sil
0.5727205276489258,5,11,4,0,7,0,-4,-9,-28,-9,16,8,0,-3,sil
0.5727205276489258,-1,11,8,18,0,0,-1,-13,-31,-24,4,-2,-16,-6,sil
0.5881974697113037,-1,7,11,23,1,8,1,-6,-25,-10,-3,-4,-15,-5,sil
0.5881974697113037,4,3,12,10,5,16,1,-3,-22,2,-3,-3,-9,-2,sil
0.6039426326751709,0,-1,12,12,-2,7,0,-5,-17,4,-9,-4,-7,-4,sil
0.6039426326751709,-6,-10,-1,16,-6,4,8,6,6,23,-14,-4,0,6,sil
0.6194858551025391,0,-11,-10,0,0,10,17,26,40,38,-4,3,20,23,sil
0.6194858551025391,12,-6,-3,-12,-2,0,8,21,43,20,15,14,35,18,sil
0.6355364322662354,8,-3,-5,-18,-10,-13,-6,0,14,-3,21,14,23,0,sil
0.6355364322662354,-6,-5,-13,-31,-8,-12,-11,-14,-1,-12,4,-4,0,-14,sil
0.6515448093414307,-10,-7,-8,-24,-3,-8,-13,-17,0,-14,-4,-13,-5,-21,sil
0.6515448093414307,0,9,13,0,4,-6,-15,-10,-5,-13,12,5,-2,-10,sil
0.6676466464996338,6,32,20,15,17,1,-6,-6,-11,-10,12,5,-11,-4,sil
0.6676466464996338,-2,27,8,12,15,11,0,-13,-16,-12,-17,-20,-24,-13,sil
0.6835591793060303,-16,11,3,10,1,19,6,-9,-18,-7,-26,-21,-24,-10,sil
0.6835591793060303,-10,10,2,14,3,21,21,5,-5,2,-11,-7,-12,7,sil
0.6993312835693359,0,5,0,7,5,14,25,11,7,4,-14,-8,-3,17,sil
0.6993312835693359,-4,-14,-2,-2,-9,10,20,16,18,14,-18,-15,2,12,sil
0.7149152755737305,-8,-22,-8,-10,-12,7,23,25,33,26,-4,-8,11,8,sil
0.7149152755737305,5,-9,-7,-9,2,0,20,16,34,19,8,7,18,13,sil
0.729926347732544,21,3,0,1,2,-12,-1,-1,11,3,10,15,12,17,sil
0.729926347732544,13,1,0,0,-9,-27,-24,-6,-18,-20,5,8,1,3,sil
0.7449207305908203,-1,-6,-12,-17,-8,-30,-23,-5,-25,-28,6,2,2,-10,sil
0.7449207305908203,0,-2,-8,-11,2,-13,-16,-7,-17,-12,18,13,4,-7,sil
0.7605938911437988,8,9,17,13,9,-3,-23,-8,-18,-13,23,23,-1,-5,sil
0.7605938911437988,5,9,26,27,6,-7,-19,-9,-15,-17,9,10,-3,-6,sil
0.7757968902587891,-4,0,15,23,3,1,4,-10,-5,2,-11,0,-6,-6,sil
0.7757968902587891,-5,-13,7,16,0,17,18,-5,-5,21,-19,-1,-9,-8,sil
0.7912306785583496,-3,-23,1,7,-2,12,9,1,1,22,0,-3,6,0,sil
0.7912306785583496,1,-19,-1,0,-3,-3,-2,3,14,14,20,6,23,8,sil
0.8065028190612793,13,-4,-1,-1,-6,-8,-14,0,7,-4,15,26,14,5,sil
0.8065028190612793,16,9,5,3,-6,-11,-22,0,-4,-18,6,20,4,0,sil
0.821683406829834,11,24,13,18,0,-7,-10,5,3,-3,12,0,4,0,sil
0.821683406829834,0,26,7,20,7,15,11,4,6,7,1,-11,-7,-2,sil
0.8374719619750977,-17,0,-16,-2,4,27,23,1,5,7,-27,-25,-18,-3,sil
0.8374719619750977,-24,-22,-44,-29,-2,5,18,8,23,16,-37,-35,-6,-1,sil
0.8528289794921875,-10,-10,-35,-43,-5,-12,-3,6,17,9,-10,-12,9,0,sil
0.8528289794921875,2,9,-8,-37,-2,-7,-21,-8,-11,-19,10,6,1,0,sil
0.8689584732055664,-8,15,-9,-24,0,-4,-15,-15,-21,-26,-12,-14,-25,-8,sil
0.8689584732055664,-32,-2,-24,-34,-1,-5,-5,-7,-20,-15,-41,-41,-44,-25,sil
0.885080099105835,-29,-20,-19,-47,1,10,5,0,-15,-11,-24,-37,-34,-28,sil
0.885080099105835,-8,-7,2,-28,6,23,16,4,-1,-1,1,-15,-11,-11,sil
0.9008307456970216,2,5,12,3,0,12,20,7,7,18,2,-2,0,10,sil
0.9008307456970216,5,-2,12,17,-5,6,20,8,11,26,2,10,2,28,sil
0.9158935546875,12,-2,19,20,1,12,23,13,18,26,14,27,18,32,sil
0.9158935546875,18,7,17,26,5,3,23,11,25,26,23,32,38,30,sil
0.931537389755249,21,2,9,24,1,-15,6,5,25,12,16,28,37,25,sil
0.931537389755249,19,-2,10,22,0,-17,-8,3,14,0,9,28,28,12,sil
0.9467248916625975,18,6,14,19,4,-8,-6,-3,-1,2,26,27,27,3,sil
0.9467248916625975,22,13,16,13,5,-10,-13,-14,-10,-6,34,19,22,-3,sil
0.9619333744049072,23,13,19,27,0,-20,-29,-10,-16,-27,12,10,9,-11,sil
0.9619333744049072,7,13,19,39,0,-15,-24,-8,-28,-31,9,10,0,-18,sil
0.977766752243042,-11,9,12,23,1,-3,-14,-14,-36,-26,16,4,-15,-24,sil
0.977766752243042,-9,5,4,14,-2,2,-12,-13,-28,-25,-5,-12,-37,-20,sil
0.9929201602935792,2,5,11,25,0,8,-3,-9,-19,-20,-22,-14,-34,-9,sil
0.9929201602935792,-8,-3,3,18,6,18,7,-3,-11,0,-16,-13,-16,-4,sil
1.008615493774414,-27,-16,-15,-3,1,25,10,2,0,9,-24,-25,-18,0,sil
1.008615493774414,-16,-18,-17,-14,-1,21,13,5,14,4,-35,-22,-21,6,sil
1.0245063304901123,0,-16,-16,-19,-3,0,16,12,24,18,-24,-9,0,7,sil
1.041120529174805,-8,-19,-24,-31,-11,-19,9,22,29,29,-9,-8,16,3,sil
1.041120529174805,-16,-17,-34,-41,-14,-19,-3,11,22,4,-13,-10,7,0,sil
1.041120529174805,-10,-10,-33,-51,-10,-15,-18,-4,3,-19,-11,-1,0,-2,sil
1.0561082363128662,-2,-2,-17,-46,-10,-15,-19,0,2,-7,14,10,11,-3,sil
1.070854425430298,6,8,-1,-17,-9,-9,-9,6,11,8,30,18,24,1,sil
1.070854425430298,11,13,2,-9,-4,-10,-10,-4,-5,1,15,8,7,2,sil
1.0878384113311768,-1,8,-1,-19,0,-12,-11,-16,-25,-7,1,-5,-11,-5,sil
1.0878384113311768,-10,12,5,-1,6,3,0,-10,-21,-3,6,-8,-10,-13,sil
1.0878384113311768,0,19,26,23,11,22,11,0,-7,9,10,-4,-3,-6,sil
1.1019635200500488,14,19,31,32,15,27,20,4,1,20,6,-3,1,10,sil
1.1175496578216553,13,15,20,33,22,30,25,2,3,22,4,4,11,22,sil
1.1175496578216553,6,3,12,29,22,31,32,0,7,21,3,3,7,20,sil
1.1330053806304932,-2,-13,3,15,9,21,31,0,15,14,-6,-9,-2,9,sil
1.1330053806304932,-8,-16,-6,1,-2,4,10,7,17,8,-11,-12,-3,1,sil
1.14862322807312,-3,-16,-21,-7,-7,-1,-5,14,28,16,-3,-4,1,1,sil
1.14862322807312,0,-25,-21,-19,-7,-8,-8,11,34,11,1,6,9,0,sil
1.1639728546142578,2,-20,-11,-22,-8,-25,-12,7,20,-6,6,20,17,0,sil
1.1639728546142578,10,0,-6,-14,-8,-32,-20,0,2,-14,14,21,9,-1,sil
1.1798677444458008,4,4,-4,-17,-7,-21,-27,-9,-15,-29,3,8,-8,-16,sil
1.1798677444458008,-1,0,4,-12,-5,-15,-27,-8,-30,-43,-12,2,-12,-19,sil
1.1955056190490725,10,14,24,20,5,-14,-12,-2,-28,-30,-1,12,-6,-2,sil
1.1955056190490725,19,24,29,42,8,-5,3,-6,-24,-16,7,10,-5,2,sil
1.210989475250244,7,13,13,26,-6,-2,1,-11,-28,-19,-5,-1,-7,-1,sil
1.210989475250244,-1,2,10,14,-12,0,0,-7,-24,-19,-9,1,-6,0,sil
1.2270503044128418,-2,3,8,16,-4,10,4,-8,-18,-15,-14,-6,-14,-2,sil
1.2270503044128418,-12,0,-3,4,-8,5,-3,-13,-24,-14,-32,-25,-24,-13,sil
1.2427246570587158,-18,0,-5,1,-8,3,-4,-8,-18,0,-17,-14,-16,-10,sil
1.2427246570587158,-5,6,2,16,7,19,12,5,7,24,22,6,6,7,sil
1.2579286098480225,0,2,-1,8,17,25,17,9,25,33,26,1,18,12,sil
1.2579286098480225,-15,-9,-18,-13,10,15,13,3,23,29,3,-14,12,0,sil
1.2738471031188965,-20,-10,-20,-17,7,6,11,4,16,24,-8,-19,-1,-7,sil
1.2738471031188965,0,-1,-2,0,10,4,8,13,17,20,-3,-6,-1,5,sil
1.288984775543213,12,0,-3,1,5,0,7,8,29,20,5,6,10,15,sil
1.288984775543213,-3,-16,-23,-29,-9,-7,0,-1,20,6,0,-5,3,3,sil
1.304919719696045,-18,-29,-26,-49,-14,-11,-7,0,-3,-1,-13,-25,-8,-3,sil
1.304919719696045,-5,-11,-5,-27,-5,-4,-13,0,-2,8,-2,-2,7,6,sil
1.3203458786010742,13,2,12,-8,0,-8,-16,-1,14,15,14,30,31,10,sil
1.3203458786010742,15,-4,5,-17,-3,-22,-13,2,10,3,11,25,23,9,sil
1.3359336853027344,3,-6,2,-18,0,-16,-14,1,-9,-13,3,6,0,3,sil
1.3359336853027344,1,6,12,3,6,-2,-12,-4,-8,-21,9,5,0,-7,sil
1.3522300720214844,15,20,21,15,5,-1,0,0,-1,-15,14,12,7,-5,sil
1.3522300720214844,14,21,14,8,0,0,6,8,-5,-11,5,8,0,0,sil
1.3676226139068604,0,14,1,14,-3,4,9,0,-3,-14,-1,0,-8,-7,sil
1.3676226139068604,0,11,5,25,5,8,10,-3,1,-12,1,1,-2,-8,sil
1.3828508853912354,7,10,9,23,7,7,11,6,1,0,5,7,0,-2,sil
1.3828508853912354,0,8,0,17,-1,4,8,5,0,5,0,0,-7,-4,sil
1.3979151248931885,-6,4,-2,21,-1,7,9,-9,-2,0,-4,-11,-12,0,sil
1.3979151248931885,-5,0,6,28,3,16,13,-13,-10,-2,-3,-12,-13,0,sil
1.4135935306549072,-11,-5,3,17,2,11,7,-8,-18,-2,-1,-3,-12,-4,sil
1.4135935306549072,-10,-6,-4,6,2,7,2,-3,-15,3,-5,-5,-14,0,sil
1.429521083831787,-3,-9,-8,0,1,16,14,0,0,13,-17,-14,-12,12,sil
1.429521083831787,-5,-18,-14,-11,-7,12,16,4,8,11,-22,-10,-1,11,sil
1.4446706771850586,-1,-24,-26,-23,-13,-11,-7,0,2,3,-22,-6,0,6,sil
1.4446706771850586,0,-23,-25,-33,-11,-25,-29,-2,-5,-9,-27,-12,-8,-5,sil
1.460153579711914,-4,-12,-12,-35,-11,-21,-29,0,-4,-13,-15,-6,-2,-12,sil
1.460153579711914,6,4,2,-17,-11,-21,-24,2,-2,-4,16,10,16,2,sil
1.4757697582244873,17,6,14,-8,-7,-29,-22,0,0,-4,26,19,17,8,sil
1.4757697582244873,11,2,10,-16,-2,-18,-8,1,4,-9,12,11,7,-3,sil
1.4914405345916748,5,14,10,-2,6,0,0,2,0,-8,5,0,0,-11,sil
1.4914405345916748,0,19,11,21,11,-2,-3,-4,-10,-15,3,-1,-3,-15,sil
1.5065994262695312,0,9,11,15,10,-4,0,-6,-2,-13,13,12,7,-9,sil
1.5065994262695312,9,12,23,7,21,13,13,3,7,7,32,26,22,12,sil
1.5226757526397705,0,18,15,15,22,22,13,7,6,17,18,15,11,16,sil
1.5226757526397705,-18,1,-3,7,6,19,5,0,1,8,-9,-6,-7,0,sil
1.5377275943756104,-13,-6,-3,5,1,13,9,-4,-2,5,-7,-11,-11,-6,sil
1.5377275943756104,-6,3,1,19,2,10,11,-3,-1,12,2,-5,-7,0,sil
1.5538558959960938,-13,0,-1,10,0,21,13,0,13,25,0,-2,0,6,sil
1.5538558959960938,-13,-16,-12,-6,-3,23,19,0,19,29,-4,-13,3,4,sil
1.5689973831176758,-3,-17,-22,-9,-6,-1,9,-4,4,9,-11,-22,-9,-1,sil
1.5689973831176758,6,-8,-8,-6,-10,-9,0,6,7,5,-9,-5,-5,4,sil
1.5845396518707275,13,-1,0,-6,-5,1,5,21,30,18,1,8,18,16,sil
1.5845396518707275,1,-7,-12,-18,-4,1,7,13,25,7,-1,0,17,8,sil
1.600581169128418,-4,-18,-21,-28,-12,-2,7,0,5,-2,-16,-14,0,-4,sil
1.600581169128418,0,-11,-9,-19,-12,-7,-4,0,-7,-13,-22,-14,-4,-10,sil
1.6157102584838867,1,0,3,-4,-7,-23,-29,-1,-15,-31,-3,2,-1,-9,sil
1.6157102584838867,13,6,6,3,-4,-31,-22,-4,-11,-21,26,23,8,0,sil
1.6317546367645264,24,18,13,14,3,-22,-8,-5,-15,-14,22,24,5,-4,please
1.6317546367645264,11,25,14,21,11,-9,-17,-13,-30,-34,-3,1,-18,-18,please
1.6476025581359863,-2,18,13,17,11,1,-17,-14,-32,-32,-3,-5,-26,-12,please
1.6476025581359863,0,17,16,19,5,7,-5,-7,-25,-17,8,3,-15,-6,please
1.6626129150390625,0,17,10,31,4,4,-4,-11,-21,-9,3,-2,-10,-9,please
1.6626129150390625,-11,2,3,24,6,10,4,-5,-6,18,4,-11,0,1,please
1.67940354347229,-5,-3,6,12,3,25,21,13,17,48,11,0,15,24,please
1.67940354347229,5,-3,6,6,-2,20,21,17,24,32,0,6,13,30,please
1.6939165592193604,1,-17,-5,-11,-5,3,12,8,13,5,-15,-1,0,18,please
1.6939165592193604,-1,-27,-18,-33,-6,0,9,7,11,3,-16,1,-1,14,please
1.709932804107666,-5,-26,-18,-43,-7,-2,2,9,11,-1,-12,11,2,13,please
1.709932804107666,-8,-30,-23,-41,-13,-16,-10,5,4,-10,-16,0,1,-3,please
1.725022554397583,-1,-21,-20,-27,-16,-28,-17,-2,0,-4,-11,-3,0,-18,please
1.725022554397583,4,6,6,-7,-1,-17,-9,-8,0,-4,6,7,2,-10,please
1.7405390739440918,3,20,12,2,10,-2,0,-10,-6,-22,9,0,1,-9,please
1.756568193435669,2,12,1,0,4,0,-4,-10,-15,-26,-1,-6,-6,-21,please
1.756568193435669,-3,5,5,0,0,9,-5,-6,-5,-5,1,0,-5,-20,please
1.756568193435669,-15,12,9,10,14,21,6,-1,9,10,8,-13,-6,-16,please
1.7725470066070557,-10,22,15,30,24,20,15,2,5,13,1,-27,-16,-12,please
1.7725470066070557,-1,14,12,35,14,17,20,8,6,20,-4,-16,-8,4,please
1.7890985012054443,-7,-4,-6,13,7,13,18,11,21,22,0,-8,10,14,please
1.7890985012054443,-9,-9,-21,-1,0,-6,4,6,20,17,6,-7,15,9,please
1.8036220073699951,0,-9,-14,0,-14,-13,-6,0,6,21,4,0,5,9,please
1.820149183273316,11,-6,1,2,-11,3,-1,3,7,22,0,13,4,16,please
1.820149183273316,22,9,8,7,3,5,0,7,10,11,14,30,24,22,please
1.820149183273316,23,19,4,8,0,-11,-8,0,1,0,27,33,30,19,please
1.834477186203003,11,6,-1,-7,-10,-16,-11,-7,0,-4,14,19,13,11,please
1.8499186038970947,2,-2,0,-17,-12,-13,-8,-4,-2,-7,1,12,9,3,please
1.8499186038970947,-4,0,2,-10,-4,-11,-9,-4,-27,-15,3,11,3,-12,please
1.865966558456421,-7,0,4,-3,6,4,-3,-9,-28,-20,0,1,-16,-20,please
1.865966558456421,0,5,15,0,9,18,2,-7,-10,-26,-6,0,-20,-10,please
1.8816170692443848,-2,4,12,4,0,8,2,-10,-24,-35,-17,-13,-26,-14,please
1.8816170692443848,-23,-16,-12,0,-10,-3,3,-9,-33,-27,-32,-37,-42,-24,please
1.896850347518921,-18,-30,-13,-14,-12,-4,5,5,-3,-4,-31,-26,-24,-6,please
1.896850347518921,3,-26,-5,-13,-14,-9,-3,11,14,5,-25,-6,0,12,please
1.912947654724121,5,-21,-14,-11,-18,-14,-17,2,5,1,-16,-7,3,4,please
1.912947654724121,7,-1,-2,-5,-1,-5,-8,6,16,5,17,10,19,2,please
1.928494215011597,22,30,17,17,28,3,6,10,23,0,40,32,25,11,please
1.928494215011597,11,33,17,25,24,9,4,-4,-2,-10,20,11,6,4,please
1.943660020828247,-5,9,8,10,0,20,9,-9,-9,4,3,-13,0,-1,please
1.943660020828247,-8,0,1,7,0,20,17,4,9,22,-2,-12,-6,3,please
1.9588770866394043,-15,-8,-18,1,3,0,3,11,11,15,-24,-24,-17,-1,please
1.9588770866394043,-15,-22,-32,-20,-8,-13,-5,7,6,15,-24,-29,-4,-2,please
1.9745047092437744,2,-20,-12,-21,-8,-12,-5,7,14,17,8,9,19,11,please
1.9745047092437744,9,-3,1,-6,-3,-13,-14,4,13,1,23,31,18,5,please
1.98957633972168,-5,6,-6,-15,-4,-15,-18,-7,-9,-10,10,8,1,-20,please
1.98957633972168,-5,11,-1,-17,1,-10,-8,-18,-23,-11,8,3,-6,-20,please
2.0097341537475586,9,20,20,12,11,5,5,-13,-12,-8,18,11,-4,0,please
2.010735034942627,4,21,26,32,12,19,12,-4,-8,-1,4,0,-7,-4,please
2.010735034942627,-6,11,9,26,13,18,16,-4,-13,9,-10,-10,-11,-11,please
2.0208468437194824,-4,6,0,17,14,15,23,-2,-2,13,-1,-3,-3,3,please
2.036931037902832,0,2,6,11,5,18,22,5,10,13,0,0,-1,17,please
2.036931037902832,11,0,11,12,0,19,18,13,20,23,-10,3,7,26,please
2.0526673793792725,17,-1,6,10,1,9,19,16,26,30,0,8,25,31,please
2.0526673793792725,-4,-8,-9,-7,-9,-13,4,8,13,11,0,0,12,11,please
2.068110704421997,-18,-15,-23,-19,-24,-32,-28,-2,-4,-19,-18,-8,-11,-8,please
2.068110704421997,2,-5,-11,-10,-12,-15,-32,0,0,-24,-8,2,1,-1,please
2.0840208530426025,20,0,-2,-7,1,6,-7,7,14,-2,19,16,25,7,please
2.0840208530426025,12,-10,-2,-21,-7,-8,-12,-4,3,-4,20,16,20,2,please
2.099000930786133,-1,-15,-7,-24,-20,-28,-32,-15,-16,-33,0,4,-1,-12,please
2.099000930786133,-10,-5,-14,-15,-13,-17,-28,-12,-26,-48,-14,-12,-21,-30,please
2.114607095718384,-10,2,-1,-14,1,0,-13,-12,-25,-39,-18,-15,-24,-31,please
2.114607095718384,-5,3,11,-8,4,1,0,-8,-15,-15,-10,-9,-21,-17,please
2.1297452449798584,-3,6,11,11,5,7,12,2,-8,2,0,-13,-25,-9,please
2.1297452449798584,-2,9,13,28,14,20,16,3,-6,8,0,-17,-17,-2,please
3.4709630012512207,0,21,25,26,10,7,16,1,-10,1,-2,0,-10,-1,please
3.4709630012512207,-12,1,4,12,1,14,34,2,0,12,-8,-27,-15,-11,please
3.486490488052368,-32,-9,-14,8,-1,24,27,0,0,12,-27,-47,-25,-30,please
3.486490488052368,-27,-5,-12,7,0,23,14,-5,-10,-1,-28,-39,-27,-23,please
3.502753496170044,-8,-6,-11,0,3,14,13,-3,2,-9,-15,-17,-14,8,please
3.502753496170044,1,-16,-18,-9,0,11,11,12,19,-4,-24,-6,-5,21,please
3.5178897380828857,10,-22,-19,-20,-6,5,4,22,19,7,-21,1,4,16,please
3.5178897380828857,15,-23,-16,-23,-10,-9,-6,12,22,17,6,9,20,15,please
3.53348159790039,7,-20,-12,-19,-9,-19,-17,8,29,27,22,14,31,13,please
3.53348159790039,5,-14,-11,-15,-7,-18,-19,10,25,37,27,16,40,6,please
3.5486316680908203,-2,-9,-16,-27,-8,-20,-23,-3,6,11,25,8,28,-12,please
3.5486316680908203,-12,0,-20,-33,-5,-16,-24,-13,-13,-34,12,-1,-1,-31,please
3.563802480697632,-3,12,-2,-12,3,-1,-15,-7,-21,-37,7,3,-15,-20,please
3.563802480697632,8,13,22,5,7,0,-3,-2,-13,-8,8,13,-10,0,please
3.579901933670044,9,10,18,10,3,-5,2,-6,-3,0,4,10,-6,4,please
3.579901933670044,7,23,17,19,5,0,3,-7,-6,-6,6,8,0,2,please
3.5959088802337646,13,28,36,34,9,13,3,-8,-13,3,6,8,0,10,please
3.5959088802337646,10,11,31,32,1,15,9,-8,-9,15,5,2,-7,16,please
3.611509561538696,-1,0,9,18,-4,7,13,-4,-4,8,9,-4,-7,3,please
3.611509561538696,-13,0,-10,11,-1,0,11,-2,-10,-3,-6,-17,-5,-14,please
3.62656831741333,-24,-8,-17,3,1,1,3,-2,-19,-13,-30,-24,-19,-16,please
3.62656831741333,-20,-17,-10,0,0,5,7,0,-8,-4,-22,-18,-19,-1,please
3.642600297927856,-3,-16,-3,-4,0,5,14,7,6,17,-4,-7,3,10,please
3.642600297927856,-2,-10,-1,-7,-1,-1,2,10,8,19,-12,0,8,12,please
3.657890796661377,-6,-3,1,-2,-11,-14,-6,3,9,4,-27,1,-3,9,please
3.657890796661377,0,-8,-2,-10,-16,-9,-3,0,10,0,-17,-3,-5,2,please
3.6731276512146,0,-20,-19,-25,-11,6,-1,3,11,-5,0,-2,1,-2,please
3.6731276512146,-3,-8,-21,-17,-4,-1,-5,9,15,-21,0,8,6,0,please
3.6887404918670654,12,8,-1,-3,0,-19,-17,5,7,-24,0,20,7,-2,please
3.6887404918670654,21,7,0,-3,2,-13,-23,-3,-4,-6,14,21,12,-5,please
3.7042832374572754,12,8,-3,-4,1,0,-16,-5,-10,-9,13,18,15,-2,please
3.7042832374572754,11,21,10,1,5,0,-8,-4,-12,-25,9,16,11,-4,please
3.719498634338379,11,29,20,11,12,1,1,-2,-3,-8,23,5,3,-6,please
3.719498634338379,1,24,19,11,13,9,4,-2,0,8,18,-8,-3,-2,please
3.735618352890015,4,14,18,7,15,7,1,-3,-5,5,1,-7,-2,0,please
3.735618352890015,10,12,21,12,19,3,5,-1,-1,11,14,2,7,6,please
3.7516543865203857,-1,8,11,19,13,8,7,1,3,15,18,-5,5,4,please
3.7516543865203857,-14,-5,-8,15,0,8,0,-2,-7,3,-8,-22,-10,-9,please
3.7669622898101807,-11,-12,-3,6,-2,9,10,0,-4,11,-15,-13,-9,-1,please
3.7669622898101807,1,-9,2,7,-1,21,34,11,20,31,-1,0,6,20,please
3.7830193042755127,0,-14,-13,1,-8,22,27,10,19,22,-5,-10,6,14,please
3.7830193042755127,-17,-23,-23,-19,-13,4,8,0,0,4,-16,-16,-9,-4,please
3.798635482788086,-11,-16,-17,-25,-10,-4,10,0,7,5,-15,-4,-12,-4,please
3.798635482788086,1,-11,-16,-13,-2,0,9,7,25,11,-8,0,0,1,please
3.814285516738892,-6,-19,-24,-11,-1,-1,1,14,20,12,-8,-8,4,4,please
3.814285516738892,-6,-23,-17,-16,-9,-13,-4,2,0,-4,-9,-4,-2,1,please
3.828909158706665,2,-10,3,-15,-14,-22,-11,-13,-20,-32,-3,11,-12,-8,please
3.84580135345459,-3,3,1,-6,-10,-23,-20,-12,-26,-29,5,8,-9,-14,please
3.84580135345459,2,7,-3,0,-5,-23,-28,-8,-17,-11,13,6,-1,-8,please
3.860894680023194,15,6,7,3,-3,-20,-32,-11,-17,-15,9,24,-5,0,please
3.860894680023194,5,13,16,8,0,-3,-20,-9,-20,-17,7,22,-12,0,please
3.876109600067138,5,25,19,20,12,12,0,3,-5,5,19,2,1,2,please
3.876109600067138,14,24,18,22,14,9,5,8,10,15,15,2,15,1,please
3.8917839527130127,2,13,15,12,7,0,-4,-5,5,-5,-4,6,6,-4,please
3.8917839527130127,-6,3,5,-1,4,0,-2,-7,0,-8,-6,-8,5,-5,please
3.9067444801330566,-12,0,-7,-9,6,4,6,3,0,8,0,-22,10,0,please
3.9067444801330566,-21,-3,-5,2,9,4,2,1,-10,-4,-15,-16,-2,-7,please
5.321955442428589,-35,-22,-16,-17,-112,-17,-35,-24,-41,-32,-32,-39,-38,-41,please
5.321955442428589,-29,0,-3,27,-142,14,2,-7,-14,2,-12,-31,-13,-33,please
5.337545871734619,-9,0,4,36,-150,18,30,15,6,15,0,-8,0,-2,please
5.337545871734619,-19,-25,-11,-11,-160,0,20,13,3,4,-18,-21,-10,-9,please
5.353570461273193,-24,-13,-17,-19,-143,8,19,6,0,2,-27,-28,-16,-16,please
5.353570461273193,-15,-4,-10,-3,-102,15,21,6,-7,-2,-31,-18,-23,-9,please
5.36907696723938,-16,-16,-13,-12,-73,-8,3,3,-16,-10,-35,-19,-24,-14,please
5.36907696723938,-7,-11,-19,-20,-49,-11,-6,0,-4,-9,-26,-16,-12,-9,please
5.384380578994751,7,-4,-14,-16,-23,10,-1,1,6,-10,-20,-1,-10,6,please
5.384380578994751,15,-6,-5,-8,-10,13,4,10,20,1,-17,7,-1,19,please
5.40023398399353,23,7,7,-2,-7,1,3,17,40,27,2,19,24,34,please
5.40023398399353,29,17,15,-7,-7,-4,-2,14,39,30,22,28,34,38,please
5.415912389755249,27,1,5,-12,-10,-15,-2,7,30,17,30,30,26,29,please
5.415912389755249,18,-10,0,-21,-12,-21,-7,0,19,0,33,32,26,18,please
5.431464910507202,4,-8,-5,-33,-10,-17,-28,-16,-8,-27,22,11,16,-8,please
5.431464910507202,-6,-1,-10,-24,-3,-18,-38,-28,-37,-49,6,-12,-7,-35,please
5.44666051864624,-7,6,11,0,9,-19,-17,-14,-32,-35,14,1,-12,-24,please
5.44666051864624,1,12,20,9,24,-5,3,1,-13,0,24,12,0,-4,please
5.462853908538818,4,14,14,10,38,7,-3,-6,-15,4,11,-2,4,-12,please
5.462853908538818,-3,20,17,20,49,6,-9,-13,-22,-9,3,-9,-2,-14,please
5.47885537147522,-7,11,10,21,56,4,1,-4,-16,-3,1,-4,0,0,please
5.47885537147522,-2,-1,0,5,50,8,5,0,-8,9,-8,-5,0,0,please
5.49436092376709,0,2,10,9,42,10,8,0,-5,4,-9,-4,-4,-5,please
5.49436092376709,0,9,17,28,42,5,15,2,-4,4,3,7,-5,6,please
5.509491205215454,0,0,1,22,30,0,12,3,1,16,4,13,-1,11,please
5.509491205215454,-7,-12,-9,1,10,1,0,-2,8,7,-7,0,-7,0,please
5.525557518005371,-9,-10,-3,3,10,14,2,0,7,-5,-10,-8,-11,-3,please
5.525557518005371,0,3,1,19,19,25,19,10,4,17,1,4,-2,0,please
5.541644096374512,2,10,3,21,12,24,19,6,-2,31,1,7,-4,2,please
5.541644096374512,-2,1,4,16,2,13,14,5,0,10,-6,-5,-4,3,please
5.557337284088135,-1,-1,0,6,-4,1,16,12,19,5,-4,-8,8,6,please
5.557337284088135,-3,-3,-6,-11,-17,0,8,9,19,1,-9,-9,3,3,please
5.572952508926392,-2,-5,-13,-9,-23,6,3,0,9,-7,-17,-15,-3,4,please
5.572952508926392,1,-5,-15,-3,-25,1,5,2,15,-4,-13,-12,0,9,please
5.588294267654419,-4,-13,-19,-23,-34,-10,-4,1,14,-6,-22,-16,-10,0,please
5.588294267654419,-10,-23,-24,-34,-32,-13,-16,-4,0,-14,-28,-24,-22,-11,please
5.603716611862183,4,-8,-10,-19,-20,-15,-13,0,-1,-9,-1,-3,-3,-1,please
5.6041810512542725,12,0,-5,-10,-25,-25,-14,4,5,-5,18,15,17,11,please
5.619538307189941,3,-12,-10,-19,-29,-25,-24,0,6,-7,6,12,21,8,please
5.619538307189941,8,-11,-2,-18,-15,-11,-19,-2,4,0,5,12,22,-1,please
5.635490655899048,17,3,3,-10,-8,-7,0,-1,2,6,20,18,19,-1,please
5.635490655899048,5,4,5,-10,-13,-14,0,-3,-1,7,23,15,12,1,please
5.650555610656738,2,7,12,-1,-9,-7,-5,0,-1,11,16,13,9,0,please
5.650555610656738,7,16,12,12,-1,3,-2,1,-5,3,12,18,7,-3,please
5.666107892990112,0,16,8,11,4,5,-1,-8,-14,-6,14,13,6,0,please
5.666107892990112,-6,15,6,6,8,3,-6,-15,-20,-3,10,-4,-1,-4,please
5.681649446487427,-10,9,4,10,10,0,-12,-13,-25,-10,-2,-16,-24,-24,please
5.681649446487427,-17,0,0,12,14,0,-8,-10,-22,-25,-16,-13,-32,-28,please
5.697648763656616,-7,5,8,13,20,6,3,-1,-7,-18,-8,-5,-13,-3,please
5.697648763656616,9,18,20,17,19,11,13,4,0,1,9,0,-1,9,please
5.712767124176025,8,13,14,16,20,14,18,0,-5,7,5,0,-8,2,please
5.712767124176025,-4,5,8,12,24,15,20,-2,-9,-7,-3,0,-11,0,please
5.728957176208496,-6,2,7,16,17,8,9,0,-6,-14,0,-1,-9,4,please
5.742835998535156,-1,-2,2,17,6,8,0,2,-3,-3,-12,-6,-8,5,please
5.742835998535156,-8,-16,-3,0,0,13,4,2,0,13,-27,-14,-7,0,please
5.758338928222656,-15,-22,-16,-11,-7,4,10,5,12,27,-19,-17,-2,2,please
5.758338928222656,-9,-11,-14,-6,0,2,8,7,21,24,-10,-9,5,10,please
7.159844398498535,18,16,11,2,0,-24,-26,-7,-17,-22,15,26,6,-2,please
7.159844398498535,26,22,25,12,6,-10,-10,-7,-22,-21,28,32,5,-2,please
7.175074338912964,29,30,41,24,17,2,2,0,-15,-6,40,40,10,7,please
7.175074338912964,14,29,28,25,18,7,0,-8,-18,3,22,14,6,3,please
7.190066337585449,-5,23,17,19,9,3,-11,-17,-35,-23,-10,-9,-20,-16,please
7.190066337585449,-13,21,23,31,6,0,-8,-13,-32,-42,-20,-11,-40,-19,please
7.20583438873291,-3,15,17,38,0,10,6,-2,-11,-10,-12,-14,-26,1,please
7.20583438873291,0,0,-1,15,-11,19,14,2,1,16,-20,-21,-11,9,please
7.2219319343566895,-12,-13,-24,-12,-15,3,6,-3,-2,-1,-38,-30,-20,-3,please
7.2219319343566895,-25,-21,-33,-26,-16,-7,-2,-2,-14,-22,-44,-37,-31,-14,please
7.237707614898682,-26,-23,-34,-27,-20,6,10,6,-10,-2,-30,-32,-20,-18,please
7.237707614898682,-27,-26,-40,-32,-12,21,32,4,4,14,-25,-30,-10,-23,please
7.253896951675415,-33,-31,-39,-44,-3,12,25,4,15,9,-33,-39,-11,-21,please
7.253896951675415,-29,-25,-18,-35,-4,-1,3,7,24,19,-19,-35,-6,-7,please
7.269530296325684,-17,-12,-3,-16,-7,-3,-11,4,21,21,-8,-16,-4,-2,please
7.269530296325684,-3,-14,-10,-11,1,-5,-13,-8,5,-2,-6,-2,1,-3,please
7.284679412841797,15,-12,11,-13,11,-14,-15,1,-2,-4,8,19,13,17,please
7.284679412841797,22,5,33,3,12,-1,-5,18,15,17,25,32,20,35,please
7.299872159957886,9,-4,-18,23,15,4,12,-4,45,28,25,6,27,11,please
7.299872159957886,7,-20,-22,0,2,-19,-3,-2,26,6,8,6,16,3,please
7.315771102905273,20,7,33,-4,-14,-18,-16,24,-4,-8,14,42,8,22,please
7.315771102905273,24,24,21,30,-5,0,0,-1,-2,-2,41,41,22,14,please
7.331865787506103,24,15,8,26,9,-3,-3,-16,-4,2,42,32,25,1,please
7.331865787506103,19,21,22,6,9,-10,-12,3,-17,0,28,34,22,1,please
7.347553730010986,11,24,12,9,0,-17,-12,2,-20,-11,26,25,19,1,please
7.347553730010986,14,23,18,19,0,-14,-18,-13,-16,-23,19,15,2,-3,please
7.362930297851562,12,27,24,22,9,3,-12,-21,-15,-26,-1,0,-18,-12,please
7.362930297851562,-7,18,9,14,4,18,0,-7,-25,-17,-20,-17,-29,-12,please
7.378485918045044,-22,5,-3,16,1,21,14,-1,-25,6,-14,-23,-20,-9,please
7.378485918045044,-17,0,-4,18,0,20,22,-3,-15,5,-13,-18,-12,-5,please
7.39390754699707,-16,-9,-2,1,-7,20,20,8,-7,-7,-23,-19,-8,1,please
7.39390754699707,-26,-21,-21,-16,-9,17,19,16,10,15,-21,-30,-2,-1,please
7.409921169281006,-15,-21,-29,-26,-5,7,21,22,35,33,-22,-23,0,2,please
7.409921169281006,8,-13,-14,-25,-1,-2,17,16,50,21,-7,2,19,21,please
7.425883293151855,18,-3,-7,-23,5,-17,-6,-5,25,0,16,14,26,14,please
7.425883293151855,17,16,6,-8,8,-14,-23,-10,-16,-13,16,15,2,-8,please
7.44123363494873,12,26,14,26,12,12,-1,-8,-8,0,11,5,-4,-15,please
7.44123363494873,-4,3,7,23,17,18,6,-5,0,2,1,-6,-9,-7,please
7.456855058670044,-14,-3,10,-1,9,8,0,4,-10,-5,-16,-8,-28,-3,please
7.456855058670044,-11,-1,-9,13,0,6,18,-4,13,15,-13,-22,-19,-7,please
7.472959041595459,-9,-25,-19,0,-7,1,14,-8,18,6,-18,-28,-14,0,please
7.472959041595459,-11,-35,11,-41,-16,-1,-8,13,-5,-14,-37,-2,-23,17,please
7.488521575927734,-8,-17,-4,-23,-13,-8,3,11,19,15,-14,9,6,19,please
7.488521575927734,5,-14,-36,-10,-15,-29,0,-3,32,16,19,7,39,4,please
7.504040479660034,16,-10,-2,-38,-24,-34,-38,2,-11,-29,20,23,25,-1,please
7.504040479660034,5,13,9,-15,-8,-18,-34,-8,-33,-27,17,18,4,-10,please
7.51967453956604,-15,12,-12,13,4,-10,-16,-25,-35,-16,8,-9,-14,-31,please
7.51967453956604,-31,-14,-11,-18,-13,-6,-18,-11,-42,-31,-17,-31,-35,-35,please
7.535805940628052,-25,-22,-10,-26,-20,0,-7,-4,-24,-18,-35,-34,-32,-19,please
7.535805940628052,-6,-10,-7,11,-3,1,9,-6,-5,2,-25,-17,-11,0,please
7.551900863647461,4,0,2,15,0,-3,5,4,-7,1,0,3,12,12,please
7.551900863647461,13,2,1,-5,-7,-19,-17,6,-1,-8,14,17,26,12,please
7.567557811737059,22,16,7,-3,-5,-25,-32,0,2,-18,18,31,18,7,please
7.567557811737059,22,44,22,21,10,-5,-21,-2,0,-11,36,31,8,0,please
7.583103656768799,20,47,31,35,24,16,-5,-4,-3,2,35,14,1,-4,please
7.583103656768799,10,19,24,31,24,25,6,-1,-1,3,0,0,-11,-3,please
7.598716259002685,0,3,12,29,19,27,26,5,12,16,-4,-4,-10,6,please
7.598716259002685,8,16,26,35,24,40,43,19,28,36,19,6,9,20,please
7.613980054855347,18,20,30,40,37,55,53,25,37,44,26,11,23,25,please
7.613980054855347,23,16,23,40,39,46,64,23,44,54,22,16,29,39,please
7.629562854766846,37,28,30,54,37,39,73,26,61,72,35,36,51,57,sil
7.629562854766846,26,15,13,43,26,30,58,14,52,59,24,24,47,39,sil
7.644761562347412,-15,-30,-16,-30,-16,-2,9,3,0,4,-29,-14,-6,4,sil
7.644761562347412,-41,-51,-60,-57,-42,-31,-10,-17,-10,-10,-48,-46,-23,-23,sil
7.660343647003174,-29,-48,-87,-38,-32,-47,-16,-33,-2,-13,-36,-46,-14,-34,sil
7.660343647003174,-22,-43,-37,-69,-41,-51,-50,-2,-39,-57,-48,-9,-40,-25,sil
7.675496339797974,-36,-35,-22,-79,-45,-42,-65,0,-41,-60,-38,2,-37,-28,sil
7.675496339797974,-27,-23,-42,-45,-20,-43,-53,-24,-20,-32,-8,-4,-6,-30,sil
7.690528154373169,4,1,0,-22,-3,-32,-35,-8,-26,-30,7,14,-2,-10,sil
7.690528154373169,9,14,18,-9,-4,-5,-20,-1,-19,-22,21,22,-1,-7,sil
7.706625938415527,-5,4,-6,-16,-11,-5,-29,-15,-17,-20,16,11,-6,-19,sil
7.722705125808716,-11,0,-9,-20,-8,-11,-33,-19,-26,-28,2,1,-17,-27,sil
7.722705125808716,-8,5,7,0,3,1,-12,-7,-19,-17,-4,-10,-18,-16,sil
7.722705125808716,-2,13,26,16,9,15,4,11,-4,5,-3,-9,-8,0,sil
7.737905025482178,2,15,27,28,7,14,10,1,1,12,6,-2,-1,-1,sil
7.737905025482178,8,17,28,39,10,11,1,-6,0,-9,5,-4,-3,-1,sil
7.754528999328613,11,25,34,46,15,20,0,4,0,-12,0,-12,0,10,sil
7.754528999328613,3,15,23,33,11,26,14,4,-4,11,-1,-23,1,13,sil
7.7687294483184814,3,2,13,22,6,25,30,-3,-3,26,0,-28,7,17,sil
7.786151170730591,15,3,5,30,5,15,36,-3,11,26,5,-27,14,20,sil
7.786151170730591,6,0,2,16,2,8,24,9,12,16,-3,-29,0,12,sil
7.786151170730591,-10,-16,-8,-8,0,16,19,17,20,18,-17,-41,-1,6,sil
7.800892114639282,-6,-27,-25,-19,-5,3,22,19,45,29,-8,-23,22,16,sil
7.800892114639282,5,-15,-20,-20,-5,-17,7,24,43,26,4,37,26,20,sil
7.815828323364258,9,-6,-16,-13,1,-22,-6,11,30,18,9,69,19,2,sil
7.830991983413696,9,-13,-11,-22,-2,-18,-6,5,17,1,1,51,11,0,sil
7.830991983413696,13,-1,-3,-23,-5,-12,0,7,4,-6,5,28,8,8,sil
7.846899509429932,19,16,0,0,6,-10,0,-3,-8,-6,25,32,18,2,sil
7.846899509429932,18,23,13,15,13,-5,-6,-7,-20,-12,37,56,18,0,sil
7.862917900085449,10,27,19,14,10,8,-6,-12,-21,-11,31,54,4,-2,sil
7.862917900085449,-3,22,13,3,7,2,-14,-16,-27,-18,5,12,-18,-19,sil
7.87847089767456,-20,10,0,2,5,-6,-17,-12,-30,-30,-14,-27,-37,-28,sil
7.87847089767456,-19,7,-4,17,3,11,0,-8,-18,-12,-14,-34,-34,-12,sil
7.893404483795166,-7,1,5,21,4,30,20,2,-5,15,-12,-25,-13,6,sil
7.893404483795166,-11,-17,-10,0,0,14,18,0,6,21,-14,-31,1,5,sil
7.908615112304687,-16,-28,-32,-32,-15,-4,-4,-3,8,1,-25,-36,-3,0,sil
7.908615112304687,-5,-26,-22,-38,-23,-4,-14,6,6,-10,-27,-19,-4,-2,sil
7.923944473266602,2,-21,-17,-23,-10,-7,-10,2,7,-5,-10,0,13,-2,sil
7.923944473266602,0,-7,-6,-14,-2,-22,-19,-5,0,-9,4,0,13,-4,sil
7.939460515975952,0,6,13,6,-4,-21,-18,-6,-4,-15,5,-12,-9,-12,sil
7.939460515975952,-1,8,20,21,1,-2,-5,-4,-6,-5,-3,-11,-19,-12,sil
7.955503463745117,-10,2,13,11,6,11,-4,-1,-11,3,-6,-2,-10,-7,sil
7.955503463745117,-15,-3,2,10,4,11,-1,-8,-9,0,-1,-11,-9,-6,sil
7.971496343612671,-8,-9,0,12,1,4,10,-3,0,1,-4,-11,-11,6,sil
7.971496343612671,1,-9,2,-1,-3,2,10,13,12,22,-3,7,6,26,sil
7.9864912033081055,12,-2,-3,-9,-6,-2,1,14,28,25,13,17,28,20,sil
7.9864912033081055,28,10,3,-3,0,-16,-1,1,23,0,29,26,27,7,sil
8.00190782546997,24,26,32,2,8,-7,2,1,-1,-11,27,33,11,5,sil
8.00190782546997,4,25,9,22,9,17,25,-1,-3,13,14,0,5,-2,sil
8.017043590545654,-3,6,-18,14,0,17,24,-1,-1,13,-14,-25,-6,-2,sil
8.017043590545654,-10,-12,-15,-9,-2,0,7,4,3,-3,-24,-19,-11,2,sil
8.038198947906494,-1,-18,-26,-17,1,-11,0,1,16,-8,1,-11,9,1,sil
8.039198160171509,23,13,43,-38,-8,-15,-30,27,-19,-40,4,33,1,15,sil
8.039198160171509,10,41,54,-1,-1,4,-23,2,-22,-23,14,35,0,-1,sil
8.047967195510864,-15,0,-59,55,11,0,13,-60,6,20,21,-36,8,-40,sil
8.06392240524292,-4,-21,-2,3,-8,-7,-5,0,-32,-19,-27,-13,-32,-4,sil
8.06392240524292,0,0,48,-14,-12,24,11,41,-8,0,-22,23,-20,21,sil
8.078857660293579,-9,-20,-54,8,0,8,36,-15,50,53,13,-11,28,-3,sil
8.078857660293579,-1,-31,-34,-26,-8,-19,-5,1,10,1,-9,3,4,1,sil
8.094054937362671,0,-1,14,-23,1,-2,-21,6,-19,-27,-3,17,-10,0,sil
8.094054937362671,-3,5,-5,2,13,-2,-13,-24,-21,-7,12,-6,0,-19,sil
8.109484434127808,-3,8,9,5,8,2,-6,-2,-28,1,-6,-3,-3,-9,sil
8.109484434127808,-5,4,11,26,10,23,14,8,-5,15,-13,-11,-6,3,sil
8.125540733337402,-8,-10,0,20,5,16,8,3,11,12,-7,-13,-6,10,sil
8.125540733337402,-2,-5,0,-3,0,1,-5,4,23,13,3,12,10,14,sil
8.141579389572144,10,10,-5,-10,0,-7,-4,3,30,18,18,20,23,8,sil
8.141579389572144,9,8,-2,-15,0,-12,-11,2,7,-7,9,1,0,-2,sil
8.15712285041809,-7,-1,1,-9,-5,-12,-17,-10,-14,-29,-10,-14,-23,-21,sil
8.15712285041809,-15,1,4,6,-4,-7,-3,-15,-12,-19,-19,-17,-24,-21,sil
8.17267394065857,-10,3,2,10,1,3,14,5,6,9,-13,-14,-10,0,sil
8.17267394065857,-1,-12,-11,-3,0,5,19,19,19,26,-3,-6,11,13,sil
8.188225507736206,7,-18,-16,-15,-10,-7,4,10,14,9,4,5,20,13,sil
8.188225507736206,8,-11,-5,-19,-11,-14,-10,-3,4,-12,6,14,5,7,sil
8.203757286071777,7,-9,-1,-10,0,-7,-15,-5,-4,-17,3,12,1,1,sil
8.203757286071777,21,6,7,12,1,-6,-11,-3,-13,-18,20,18,21,3,sil
8.219286918640137,32,39,31,31,8,-5,-5,-4,-7,-9,44,31,30,13,sil
8.219286918640137,16,39,29,31,20,7,2,-5,0,8,33,17,11,10,sil
8.234796524047852,-4,15,11,22,11,19,10,-2,-10,14,2,-8,-11,-2,sil
8.250866889953613,-12,6,1,19,-1,21,23,0,-8,18,-10,-23,-12,-5,sil
8.250866889953613,-7,0,-4,11,-1,23,30,0,7,18,-15,-23,-6,0,sil
8.266257762908936,-7,-18,-8,-18,-6,13,10,7,3,0,-24,-17,-11,-1,sil
8.266257762908936,-17,-25,-29,-38,-19,-16,-12,2,-9,-12,-23,-13,-15,-15,sil
8.266257762908936,-13,-14,-28,-37,-22,-37,-28,-8,-18,-26,-12,-2,-14,-18,sil
8.28185248374939,1,1,1,-26,-5,-18,-23,-2,-16,-27,7,12,-4,-9,sil
8.28185248374939,1,6,10,-5,6,1,-5,0,-10,-12,11,7,-1,-7,sil
8.297902584075928,-11,2,5,9,3,12,2,-3,-14,-8,-18,-10,-20,-9,sil
8.297902584075928,-21,-9,-8,3,5,23,18,0,0,5,-36,-22,-20,-10,sil
8.313453912734985,-16,-20,-15,-8,6,16,28,11,31,32,-16,-15,0,2,sil
8.329477548599243,0,-6,2,3,2,0,13,21,39,33,9,7,24,24,sil
8.329477548599243,13,2,7,13,2,-18,-6,8,18,10,21,21,35,23,sil
8.329477548599243,15,2,10,0,1,-18,-16,-7,-13,-15,12,15,9,2,sil
8.345093250274658,9,6,15,8,6,4,-5,-7,-16,-17,3,0,-16,-6,sil
8.345093250274658,1,3,8,25,14,25,11,2,4,5,1,-10,-6,4,sil
8.360653400421143,-3,-7,-2,9,5,18,13,11,22,27,0,-10,10,18,sil
8.360653400421143,2,-14,-12,-7,-5,-3,0,7,28,19,0,-3,16,14,sil
8.376240253448486,14,-8,-4,-9,-2,-19,-14,-3,12,-7,5,12,10,0,sil
8.376240253448486,13,12,6,-2,1,-23,-19,-14,-12,-16,17,20,4,-13,sil
8.391996383666992,3,28,13,6,-1,-15,-16,-16,-27,-7,22,14,0,-10,sil
8.391996383666992,-1,17,10,9,-1,1,-3,-8,-21,-7,2,2,-9,-5,sil
8.407501220703125,-4,-8,-7,-5,-8,8,5,-1,-7,-5,-17,-14,-18,-9,sil
8.408501863479614,-3,-11,-9,-19,-15,0,4,4,7,7,-17,-9,-9,-3,sil
8.42358922958374,13,5,0,-3,-1,-2,5,12,16,14,-4,15,9,13,sil
8.42358922958374,19,1,-4,11,5,0,0,4,10,1,8,30,21,22,sil
8.439501762390137,0,-5,-2,-4,-4,-10,-16,-9,-7,-14,19,28,21,6,sil
8.439501762390137,-6,9,3,-10,0,-12,-23,-16,-22,-16,20,15,8,-12,sil
8.45769739151001,3,20,10,10,7,1,-10,-11,-25,-14,10,3,-7,-9,sil
8.45769739151001,-4,9,12,20,6,11,0,0,-18,-15,6,-12,-9,-5,sil
8.470142364501953,-29,-5,-7,6,3,15,10,0,-10,-10,-7,-34,-11,-15,sil
8.470142364501953,-33,-12,-25,-2,0,16,21,1,-2,0,-30,-38,-21,-15,sil
8.485692262649536,-18,-12,-27,-1,-4,16,22,3,9,7,-30,-30,-23,-8,sil
8.501709222793579,-7,-6,-13,0,0,12,18,3,9,7,-14,-19,-17,-5,sil
8.501709222793579,3,3,-5,1,6,2,14,7,4,15,-5,-8,-7,3,sil
8.51781678199768,12,3,-3,-1,0,-3,1,11,13,24,-1,0,3,19,sil
8.51781678199768,9,-5,4,-7,-4,-5,-11,8,15,4,-2,2,8,10,sil
8.51781678199768,4,-9,0,-5,-3,-6,-3,6,7,-4,-7,-4,0,0,sil
8.534571170806885,1,-7,-5,-3,-2,0,13,9,8,12,-4,-2,-2,10,sil
8.534571170806885,5,-2,0,-11,-2,8,12,7,12,10,5,11,10,9,sil
8.548579692840576,12,0,8,-7,0,0,-3,-3,8,-9,4,11,12,-1,sil
8.564073324203491,8,-4,9,1,-1,-10,-8,-5,6,-9,1,7,2,2,sil
8.564073324203491,2,-4,1,0,-6,-9,-2,0,9,0,8,11,2,5,sil
8.579683065414429,7,7,9,-3,0,-5,-5,-3,9,3,14,15,14,0,sil
8.579683065414429,7,5,15,-1,0,-10,-14,-6,0,4,12,13,13,0,sil
8.59552812576294,-8,-6,3,-6,-9,-21,-23,-11,-22,-16,5,5,0,-16,sil
8.59552812576294,-18,9,14,0,-1,-12,-23,-19,-45,-35,4,2,-6,-28,sil
8.611621856689453,-5,29,31,29,21,12,0,-13,-32,-8,3,0,-8,-8,sil
8.611621856689453,0,10,27,35,26,22,15,0,-6,22,-1,-4,-8,11,sil
8.627711534500122,-6,-9,22,18,13,19,12,7,2,22,-1,-6,0,11,sil
8.627711534500122,-7,-14,10,4,0,13,16,9,10,17,-1,-15,5,9,sil
8.64375376701355,-7,-24,-7,-16,-11,1,13,13,16,11,-16,-19,0,9,sil
8.64375376701355,0,-20,-12,-31,-15,-11,-2,11,16,3,-23,-3,2,9,sil
8.660495519638062,13,-6,-5,-29,-14,-25,-13,4,12,-6,0,19,15,10,sil
8.660495519638062,18,-5,-2,-25,-11,-25,-16,3,5,-17,23,28,20,8,sil
8.67530870437622,18,9,0,-11,1,-8,-12,0,0,-15,24,21,15,5,sil
8.67530870437622,21,36,11,12,6,0,-6,-7,-5,-13,17,20,1,-1,sil
8.691885948181152,17,35,14,32,1,3,0,-4,0,-9,16,15,-4,-4,sil
8.691885948181152,5,18,-2,28,5,15,8,0,11,3,10,0,1,1,sil
8.691885948181152,-5,8,-23,3,10,18,6,-9,1,2,-8,-16,-6,-11,sil
8.706582069396973,-14,0,-40,-5,5,9,3,-18,-17,-10,-24,-29,-30,-29,sil
8.722641468048096,-20,-5,-48,-3,1,0,5,-7,-21,-11,-18,-26,-29,-23,sil
8.722641468048096,-27,-12,-60,-9,-5,-9,0,-2,-17,-6,-12,-21,-15,-14,sil
8.722641468048096,-26,-18,-63,-10,-8,-4,-5,-1,-11,0,-21,-21,-10,-16,sil
8.738485097885132,-11,-9,-46,0,-2,12,1,13,5,11,-15,-9,0,-4,sil
8.754668712615967,-2,0,-35,6,-4,15,5,15,9,15,2,0,5,9,sil
8.754668712615967,-7,-7,-33,7,-8,2,0,0,-3,10,1,0,-6,7,sil
8.754668712615967,-7,-11,-26,9,-6,0,4,-1,-5,13,-4,-1,-9,4,sil
8.768818616867065,-3,-10,-19,3,-5,4,11,4,1,8,-1,0,-1,9,sil
8.78446078300476,0,-12,-3,-4,-3,7,12,4,2,-7,-7,0,-5,6,sil
8.78446078300476,13,-6,19,0,2,-1,7,4,12,-2,-7,7,0,11,sil
8.80056381225586,19,0,39,4,4,-15,-8,3,16,9,8,13,11,22,sil
8.80056381225586,12,4,60,5,4,-6,-8,1,13,13,17,10,18,15,sil
8.816688299179077,18,12,92,7,11,11,13,6,25,26,19,16,29,10,sil
8.816688299179077,24,11,118,2,9,0,7,6,26,29,18,19,29,21,sil
8.832789421081543,12,2,133,-5,-3,-20,-17,-3,-2,-1,5,3,9,12,sil
8.832789421081543,3,3,177,-11,1,-7,-9,-7,-14,-25,3,-2,8,-4,sil
8.848614692687988,1,5,176,-8,15,6,2,0,2,-9,10,1,15,-4,sil
8.848614692687988,-8,-3,47,-5,1,-8,-14,-2,-3,-5,-3,-7,-1,-13,sil
8.848614692687988,-13,-10,-77,-8,-11,-15,-17,-10,-25,-30,-19,-13,-16,-27,sil
8.863954305648804,-6,0,-98,-13,2,5,9,-1,-13,-24,-11,-3,-5,-16,sil
8.879539251327515,-6,4,-96,-13,8,11,6,4,3,5,4,8,3,-7,sil
8.879539251327515,-7,0,-114,-5,-4,-6,-11,-1,-2,4,12,11,0,-14,sil
8.895654201507568,0,6,-109,0,-6,-10,-13,-8,-15,-20,3,5,-8,-11,sil
8.895654201507568,3,14,-84,0,-3,-8,-16,-10,-30,-34,-3,7,-15,-11,sil
9.50076389312744,1,-13,-4,-15,-6,-4,0,-6,-20,-12,5,-1,5,0,sil
9.50076389312744,9,-3,1,-8,-3,-2,-2,-2,-20,-7,7,0,12,2,sil
9.516825437545776,7,3,-1,-6,-3,-3,-12,0,4,0,6,-13,15,-3,sil
9.516825437545776,1,13,3,-3,0,-3,-14,1,15,0,14,-17,16,-5,sil
9.532935380935667,5,15,9,5,1,-2,-14,-5,5,2,25,-9,18,1,sil
9.532935380935667,3,9,2,0,1,-5,-16,-9,2,1,19,-2,12,-2,sil
9.54814314842224,-5,4,-8,-12,3,-11,-5,0,8,0,10,6,3,-12,sil
9.54814314842224,-1,10,0,0,7,-7,0,1,2,-1,15,18,2,-8,sil
9.56393051147461,9,23,19,22,12,9,-4,-4,-11,-8,18,20,-1,-3,sil
9.56393051147461,12,26,21,30,13,19,-6,-5,-10,-8,9,15,-12,-5,sil
9.579584121704102,7,18,19,23,11,13,-2,0,0,0,2,9,-15,-8,sil
9.579584121704102,-7,8,15,21,14,8,2,1,3,5,0,0,-14,-5,sil
9.595627069473268,-21,-2,0,11,6,7,8,-5,-5,5,-11,-8,-20,-1,sil
9.595627069473268,-11,-14,-10,-7,-7,5,13,0,-6,2,-29,-6,-25,3,sil
9.61164617538452,2,-13,-7,-11,-7,8,24,12,8,7,-30,-3,-14,14,sil
9.61164617538452,0,-16,-7,-5,-4,9,26,12,13,13,-13,-1,5,20,sil
9.62733793258667,-2,-30,-19,-14,-12,0,12,5,8,9,-8,-1,13,16,sil
9.62733793258667,-2,-27,-27,-29,-13,-8,-1,0,6,4,-17,-1,5,0,sil
9.642695665359495,-2,-10,-14,-25,-6,-10,-8,0,1,0,-10,5,2,-6,sil
9.642695665359495,14,0,5,-6,-1,-9,-12,0,-5,-17,6,17,11,3,sil
9.658410787582396,23,8,14,0,0,-16,-20,-5,-12,-23,20,23,17,3,sil
9.658410787582396,9,9,8,-5,-2,-21,-21,-10,-19,-10,20,14,13,-6,sil
9.67363142967224,1,8,11,-3,0,-10,-9,-9,-18,-5,5,0,8,-6,sil
9.67363142967224,0,19,15,8,5,1,0,-7,-11,-12,1,-7,-3,-6,sil
9.689580917358398,-8,22,0,14,3,1,0,-7,-9,-8,4,-19,-18,-12,sil
9.689580917358398,-14,0,-8,10,2,7,11,-2,-6,5,-4,-35,-19,-5,sil
9.704883813858032,-18,-10,-6,8,4,20,26,6,11,18,-19,-39,-11,4,sil
9.704883813858032,-17,-11,-14,0,-1,9,14,10,26,15,-19,-26,-2,3,sil
9.720532655715942,-5,-25,-15,-20,-12,-14,-12,3,14,-2,-6,-8,9,-3,sil
9.720532655715942,0,-17,-7,-23,-10,-21,-15,-6,-6,-15,6,0,13,-11,sil
9.73650884628296,2,14,6,-1,1,-5,-5,-6,-18,-17,12,8,2,-11,sil
9.73650884628296,8,18,18,18,7,9,-3,1,-10,-10,7,7,-2,-2,sil
9.752702474594116,2,1,8,17,3,15,3,6,5,11,0,-1,1,4,sil
9.752702474594116,-9,-1,-5,2,0,9,11,13,18,38,0,2,7,13,sil
9.7683002948761,-3,-4,-8,0,-4,0,0,16,29,39,2,15,6,19,sil
9.7683002948761,12,-7,0,0,-7,-2,-12,7,27,6,4,24,7,13,sil
9.783637285232544,25,6,9,1,6,-5,-6,4,13,-9,19,39,17,9,sil
9.783637285232544,20,23,17,19,22,-2,6,2,0,0,27,50,5,7,sil
9.798686742782593,-1,5,8,21,17,18,16,-7,-9,-2,-2,23,-29,-6,sil
9.798686742782593,-12,-26,-16,-8,-2,21,22,-9,-2,-4,-36,-18,-29,-8,sil
9.81449580192566,-6,-23,-18,-28,-14,-7,5,0,4,-2,-22,-26,1,-5,sil
9.81449580192566,-2,0,-4,-15,-5,-18,-18,-6,-7,-19,5,-14,5,-16,sil
9.830165147781372,0,15,0,0,1,-4,-24,-17,-25,-25,13,-12,-5,-18,sil
9.830165147781372,3,22,13,7,0,-1,-18,-9,-29,-10,16,-7,-1,-4,sil
9.845311880111694,4,25,29,23,3,3,-2,2,-13,1,13,-2,7,5,sil
9.845311880111694,0,17,17,28,9,16,19,0,0,10,1,-11,3,12,sil
9.860613346099854,-13,0,-3,13,1,12,27,2,0,16,-8,-21,-6,6,sil
9.860613346099854,-15,-10,-14,0,0,5,22,10,6,14,-11,-14,-7,0,sil
9.875914335250854,0,-13,-13,-7,0,6,12,6,11,6,-14,-5,0,0,sil
9.875914335250854,4,-13,-19,-10,-9,-6,0,-2,0,-7,-21,-4,-3,-1,sil
9.891522884368896,0,-18,-19,-25,-17,-23,-9,-5,-1,-13,-18,0,-3,-3,sil
9.891522884368896,7,-20,-9,-41,-14,-25,-17,-1,16,-2,3,9,14,5,sil
9.907485961914062,18,-10,-2,-25,-10,-23,-25,0,9,0,18,19,24,9,sil
9.907485961914062,17,2,8,0,-5,-24,-28,-2,-16,-10,12,27,13,6,sil
9.922954797744753,8,9,15,-2,3,-13,-19,-3,-20,-14,10,20,0,0,sil
9.922954797744753,0,8,12,-4,13,9,-2,0,-13,-11,14,3,-4,-8,sil
9.939048767089844,-8,7,15,5,10,20,9,-1,-12,-7,0,-3,-12,-12,sil
9.939048767089844,-13,6,12,6,0,13,2,-8,-8,-7,-14,-11,-23,-17,sil
9.955126523971558,-19,1,4,4,3,9,0,-3,2,0,-7,-15,-20,-12,sil
9.955126523971558,-13,1,3,19,12,19,22,8,18,22,7,-5,1,6,sil
9.97076940536499,-3,4,4,27,4,19,25,0,23,25,1,-3,13,13,sil
9.97076940536499,-9,-1,-3,17,0,7,3,-3,13,20,-13,-14,6,5,sil
9.986154079437256,-9,-3,-13,4,4,2,7,9,13,28,-8,-7,11,13,sil
9.986154079437256,5,2,-10,-5,4,9,13,13,24,18,4,12,19,20,sil
10.002758026123049,14,-3,-12,-4,-2,2,0,2,21,0,-1,11,10,8,sil
10.002758026123049,11,-15,-19,-3,0,-17,-7,3,4,0,-5,1,0,-3,sil
10.01764726638794,12,-3,-5,-6,6,-16,-6,15,5,-5,14,10,5,-3,sil
10.01764726638794,13,11,5,1,1,-1,-5,9,11,-11,19,14,7,0,sil
10.039611577987673,6,10,1,0,-8,-12,-11,-7,-12,-18,5,2,-8,-10,sil
10.039611577987673,0,6,0,-11,-8,-28,-18,-6,-30,-22,5,0,-14,-19,sil
10.039611577987673,0,9,10,6,-5,-9,-4,0,-17,-9,8,3,-2,-8,sil
10.049226999282835,-3,4,17,21,-1,13,11,-6,-24,-2,-4,-1,-11,1,sil
10.064812421798706,-13,-6,2,6,0,14,7,-11,-40,-11,-19,-20,-27,-4,sil
10.064812421798706,-25,-11,-4,1,3,14,4,-7,-24,-8,-20,-29,-24,-16,sil
10.080541133880615,-22,-10,1,11,2,20,17,-3,-2,5,-18,-19,-17,-8,sil
10.080541133880615,0,-4,0,3,-3,12,16,-1,1,11,-13,0,-5,15,sil
10.095484018325806,8,-3,-5,-8,-7,-1,2,1,8,9,0,8,12,18,sil
10.095484018325806,-3,-12,-10,-16,-8,-13,-6,3,19,5,0,1,16,3,sil
10.111090183258057,0,-14,-12,-25,-12,-20,-16,3,20,4,0,6,19,5,sil
10.111090183258057,24,1,-5,-22,-5,-11,-18,1,14,3,21,27,28,12,sil
10.126821994781494,28,14,4,-10,5,-1,-13,-5,4,-8,32,30,16,0,sil
10.126821994781494,6,9,7,-11,0,-8,-22,-8,-5,-24,14,8,0,-11,sil
10.143201112747192,-5,3,1,-13,-4,-8,-20,-1,-5,-17,2,-4,3,-10,sil
10.143201112747192,3,16,6,3,14,11,4,3,-4,0,4,0,6,-4,sil
10.158979892730711,6,27,22,24,26,21,14,2,-7,6,2,1,-4,-3,sil
10.158979892730711,-6,7,14,25,8,7,4,-3,-2,7,-8,-10,-19,-4,sil
10.174676179885864,-13,-14,-5,8,0,0,8,-3,4,4,-22,-17,-23,0,sil
10.174676179885864,-6,-9,-7,3,4,3,22,8,14,9,-20,-9,-13,11,sil
10.19019865989685,-3,-4,0,5,2,8,21,11,23,23,0,0,0,16,sil
10.19019865989685,-4,-11,-3,0,-5,3,13,5,25,29,5,-1,8,13,sil
10.205962657928469,3,-5,-9,-1,0,-4,6,6,20,19,4,0,15,10,sil
10.205962657928469,11,3,-3,0,6,-10,-2,4,9,-3,5,3,11,3,sil
10.221832036972046,8,3,-3,0,-3,-8,-10,-5,-10,-23,2,0,2,-10,sil
10.221832036972046,-2,2,-1,-4,-14,-3,-13,-9,-27,-26,-3,-8,-5,-23,sil
10.236907720565796,-16,0,4,-2,0,0,-6,-5,-22,-10,-4,-10,-11,-20,sil
10.236907720565796,-10,0,4,12,12,6,10,0,-10,1,-4,-12,-10,-3,sil
10.25304627418518,-2,-4,0,16,0,15,21,0,-9,0,-15,-12,-6,4,sil
10.25304627418518,-10,-20,-13,-7,-16,9,8,0,-11,6,-19,-8,-6,3,sil
10.268532991409302,-9,-26,-21,-30,-14,0,-7,4,3,13,-4,5,3,11,sil
10.268532991409302,12,-10,-7,-21,-8,-6,-7,10,21,5,9,22,23,19,sil
10.284071445465088,20,4,3,-3,-5,-16,-10,3,15,0,17,27,28,13,sil
10.299931526184082,6,11,6,-1,0,-17,-22,-6,-12,-12,26,24,15,0,sil
10.299931526184082,6,19,12,3,5,-9,-17,-7,-20,-23,26,19,2,-11,sil
10.299931526184082,16,26,18,13,9,-6,-9,-9,-7,-3,22,13,4,-11,sil
10.315109491348268,1,24,17,14,4,-3,-14,-11,-9,13,22,5,4,-9,sil
10.315109491348268,-7,17,11,16,3,4,-6,-2,-14,-3,10,-1,-6,-5,sil
10.33063268661499,5,17,18,28,13,11,5,1,-5,-17,-3,0,-15,1,sil
10.33063268661499,4,8,14,30,14,14,11,1,1,-3,-16,-9,-21,0,sil
10.346705198287964,-23,-12,-19,3,0,14,16,0,0,-3,-39,-34,-35,-12,sil
10.346705198287964,-39,-25,-37,-26,-6,10,14,0,-2,-21,-56,-44,-43,-25,sil
10.362968921661375,-19,-18,-15,-16,-2,10,10,0,2,-8,-38,-29,-27,-14,sil
10.362968921661375,5,-10,10,6,0,9,14,14,20,31,0,-3,4,17,sil
10.378934383392334,5,-10,0,1,-1,0,17,27,44,47,8,7,25,28,sil
10.378934383392334,-4,-12,-25,-20,-5,-4,3,11,39,19,-11,-1,16,8,sil
10.394556045532228,6,-11,-18,-27,-5,-8,-9,-7,7,-9,-5,0,6,0,sil
10.394556045532228,19,-4,-3,-14,-4,-19,-8,-2,-2,-7,21,12,20,11,sil
10.410605669021606,7,-9,-10,-16,-13,-27,-8,5,5,2,18,12,28,12,sil
10.410605669021606,6,-14,-17,-29,-14,-26,-15,-2,-2,0,10,12,18,3,sil
10.425735473632812,23,6,2,-5,5,-8,-8,-10,-17,-3,30,22,16,3,sil
10.425735473632812,10,23,23,21,18,15,5,-6,-17,-7,35,18,14,0,sil
10.44179391860962,-9,13,13,12,9,16,6,-3,-14,-9,9,-1,-3,-13,sil
10.44179391860962,-2,10,9,6,9,4,0,-7,-14,-1,0,0,-11,-13,sil
10.457903146743774,3,11,21,14,10,3,-2,-8,-6,4,6,12,-1,-6,sil
10.457903146743774,-6,1,14,0,-6,1,-8,-3,-4,-8,0,0,-3,-12,sil
10.473706245422363,-6,1,8,-9,-13,-1,-7,0,-13,-17,-13,-13,-16,-11,sil
10.473706245422363,2,10,17,12,2,5,4,0,-14,0,-7,0,-11,6,sil
10.489738702774048,6,4,17,17,6,10,8,0,-10,10,0,10,-4,13,sil
10.489738702774048,3,2,6,7,1,7,0,-5,-7,0,-8,-1,-10,4,sil
10.505571842193604,0,11,0,21,10,12,0,-4,2,0,-10,-6,-10,5,sil
10.505571842193604,0,9,3,23,12,21,9,0,8,9,1,2,-1,10,sil
10.521613597869871,-4,-5,-4,0,-4,6,7,3,7,12,-2,-5,0,2,sil
10.521613597869871,-15,-15,-29,-7,-13,-13,-4,0,9,4,-27,-25,-12,-4,sil
10.536783218383787,-24,-19,-36,1,-7,-6,0,5,15,3,-30,-23,-18,-6,sil
10.536783218383787,-22,-16,-24,-2,-3,3,14,13,22,9,-7,-13,-1,-2,sil
10.552884578704834,-15,-13,-16,-21,-6,-8,2,15,22,-1,0,-10,12,0,sil
10.552884578704834,-8,-17,-17,-24,-14,-22,-16,9,9,-19,-13,-8,3,-5,sil
10.568941354751589,3,-16,-9,-11,-16,-17,-9,4,3,-5,-4,1,5,-2,sil
10.568941354751589,23,1,9,0,-2,-9,4,11,11,9,25,21,26,14,sil
10.584565877914429,28,17,15,8,12,0,-1,6,2,0,35,25,29,20,sil
10.584565877914429,15,14,4,2,6,0,-15,-9,-19,-4,16,15,15,6,sil
10.599614143371582,9,1,-6,-14,-8,-9,-13,-10,-18,1,5,7,14,0,sil
10.599614143371582,13,-3,1,-15,-6,-7,-3,-7,-9,-7,10,7,13,-3,sil
10.614814519882202,4,0,16,0,2,0,-2,-12,-19,-27,1,0,-4,-16,sil
10.614814519882202,-3,2,12,4,0,-1,-4,-10,-15,-23,-8,-10,-22,-24,sil
10.62994933128357,1,3,13,3,0,-3,1,-3,2,-1,9,3,-14,-12,sil
10.62994933128357,13,17,30,18,17,3,9,0,10,17,33,28,6,5,sil
10.64560079574585,12,30,32,30,24,8,1,-4,0,10,24,23,4,6,sil
10.64560079574585,0,24,15,17,15,11,-12,-8,-14,-13,2,0,-19,-8,sil
10.660866975784302,-8,13,0,9,12,21,4,-4,-8,-5,-7,-11,-28,-7,sil
10.676574945449827,-16,2,-4,8,8,23,28,1,1,20,-11,-12,-22,5,sil
10.676574945449827,-17,-10,-18,-4,-3,12,19,1,0,12,-19,-18,-17,2,sil
10.692694664001465,-13,-15,-31,-16,-9,9,10,5,5,0,-29,-27,-9,-2,sil
10.692694664001465,-14,-16,-23,-12,0,18,25,17,17,25,-25,-27,3,4,sil
10.692694664001465,-17,-21,-13,-12,3,19,26,15,21,44,-10,-17,13,13,sil
10.708105564117432,-14,-21,-15,-17,-3,0,2,2,12,17,-9,-4,9,12,sil
10.708105564117432,-8,-14,-17,-12,-10,-20,-20,-1,-1,-14,-18,-4,0,3,sil
10.72334051132202,-3,-9,-14,-11,-12,-29,-34,-5,-11,-18,-14,-9,5,-5,sil
10.73900842666626,1,-9,-4,-19,-19,-29,-33,-8,-9,-14,-9,0,9,-5,please
10.73900842666626,4,-10,-5,-17,-21,-20,-10,0,0,-13,-11,10,5,0,please
10.75490665435791,0,-12,-11,-14,-12,-3,2,5,0,-11,-8,0,0,-6,please
10.75490665435791,0,-7,-2,-9,-3,5,0,-1,-1,-7,6,2,5,-3,please
10.770254135131836,17,9,16,11,0,-2,-3,-2,4,-4,21,28,14,12,please
10.770254135131836,21,15,24,21,0,-12,-12,-2,1,-7,22,30,1,0,please
10.785795450210571,4,10,11,14,-4,-12,-15,-6,-8,-16,12,1,-19,-19,please
10.785795450210571,6,18,14,19,0,-9,-4,0,-4,-11,20,10,0,2,please
10.801807641983032,27,34,33,28,13,-1,8,8,9,14,43,41,31,20,please
10.801807641983032,23,35,26,30,21,12,15,2,14,24,40,26,17,5,please
10.81698441505432,12,24,22,35,23,16,9,-6,1,0,18,8,-3,3,please
10.81698441505432,17,14,30,32,16,6,0,-6,-11,-15,15,12,2,9,please
10.832631826400757,8,1,16,9,5,7,3,0,-15,-1,6,-7,0,-2,please
10.832631826400757,-11,-11,-8,-4,5,21,16,3,-9,5,-23,-34,-19,-12,please
10.84778881072998,-13,-20,-15,-3,6,21,20,6,5,5,-27,-24,-11,-2,please
10.84778881072998,-6,-21,-10,-13,-6,4,11,14,19,19,0,1,20,11,please
10.862991094589232,-3,-20,-19,-29,-17,-13,-7,7,15,26,11,9,31,17,please
10.862991094589232,-4,-14,-24,-36,-14,-28,-36,-16,-8,-5,0,0,3,0,please
10.87855577468872,-10,0,-18,-29,-12,-31,-42,-19,-30,-41,-12,-12,-20,-23,please
10.87855577468872,-21,7,-15,-11,-11,-10,-13,-5,-32,-35,-26,-23,-27,-27,please
10.89371418952942,-25,7,-9,1,10,17,5,-4,-26,-11,-31,-26,-35,-22,please
10.894110679626465,-23,1,-9,4,20,36,20,-2,-10,6,-27,-28,-32,-16,please
10.909985303878784,-26,-10,-18,-2,1,37,42,4,11,26,-30,-35,-17,-5,please
10.909985303878784,-28,-25,-24,-18,-2,24,43,12,30,42,-33,-38,-13,2,please
10.925691843032835,-18,-28,-28,-24,7,11,26,17,43,40,-26,-23,-6,13,please
10.925691843032835,-1,-17,-14,-10,0,7,15,14,45,17,-14,3,11,23,please
10.94078803062439,10,-4,3,0,-9,-4,-1,9,25,-6,-6,17,14,15,please
10.94078803062439,11,-1,3,-7,-11,-27,-25,3,2,-16,0,11,4,0,please
10.956907987594604,8,-1,0,-16,-19,-30,-29,-6,-4,-7,16,13,12,1,please
10.956907987594604,16,8,10,2,-18,-18,-21,-9,-7,0,34,29,27,11,please
10.97309637069702,32,24,30,27,4,-16,-16,-4,-13,-13,36,42,24,10,please
10.97309637069702,39,32,38,36,20,-15,-6,-4,-8,-19,35,42,13,2,please
10.98871898651123,26,23,26,31,12,-8,-4,-7,-2,-3,38,31,12,-2,please
10.98871898651123,9,6,10,19,3,-11,-18,-5,-14,-2,29,15,10,-8,please
11.00391960144043,7,2,0,8,0,-13,-23,-4,-22,-22,9,7,0,-9,please
11.00391960144043,13,11,7,1,-6,-2,-8,-5,-11,-22,12,19,0,0,please
11.019529819488524,16,17,26,8,-1,0,2,-1,0,3,31,24,11,7,please
11.019529819488524,12,19,27,19,13,6,5,0,-3,15,18,6,5,1,please
11.034652471542358,0,4,8,10,7,24,5,-3,-11,0,-8,-8,-5,-3,please
11.034652471542358,-12,-9,-2,-2,-4,23,6,-1,-11,-7,-8,-13,-4,0,please
11.050278186798096,-18,-3,4,-5,1,1,1,-1,-7,0,-4,-19,-5,-3,please
11.050278186798096,-22,0,0,-8,2,-4,-1,-3,-10,-4,-21,-29,-21,-20,please
11.065810441970823,-23,-9,-18,-10,-9,9,4,1,-11,-13,-31,-37,-28,-22,please
11.065810441970823,-16,-18,-20,-8,-6,13,18,7,2,-2,-28,-33,-14,-4,please
11.081941604614258,-16,-25,-19,-15,0,2,24,8,22,17,-30,-22,-4,8,please
11.081941604614258,-19,-22,-22,-15,0,7,20,11,27,30,-21,-12,-4,4,please
11.097983598709106,-8,-13,-14,3,4,22,21,11,21,34,0,-5,0,3,please
11.097983598709106,0,-12,-9,11,1,14,18,2,14,25,-4,-6,1,8,please
11.113538980484009,-6,-11,-13,-10,-3,-5,0,-2,6,-2,-21,-9,-7,11,please
11.113538980484009,-5,-6,-20,-27,-10,-12,-9,0,0,-23,-20,-5,-5,10,please
11.129535675048828,-3,-6,-20,-23,-13,-10,-6,1,-9,-20,-14,-4,-3,0,please
11.129535675048828,-8,-1,-16,-12,-7,-6,-4,-1,-6,0,-17,-9,-10,-9,please
11.144700050354004,-6,5,-9,-5,2,-1,-5,7,22,21,-4,0,1,-1,please
11.144700050354004,0,0,2,-9,4,-8,-11,12,30,11,10,21,20,4,please
11.160685539245604,9,-1,6,-7,2,-15,-17,0,5,-2,17,34,24,0,please
11.160685539245604,34,16,19,11,9,-3,-5,0,6,10,41,43,41,17,please
11.176468133926392,46,27,32,23,10,0,2,6,15,11,55,40,46,28,please
11.176468133926392,18,14,14,7,-2,-18,-14,-18,-17,-21,22,14,2,0,please
11.19161057472229,-4,8,3,-5,-2,-21,-28,-31,-40,-30,12,3,-17,-21,please
11.19161057472229,4,19,16,4,6,-3,-14,-5,-21,-8,34,13,1,-12,please
11.206902503967283,8,22,15,12,0,-4,-9,-6,-23,-20,22,5,-13,-15,please
11.206902503967283,0,16,10,11,-3,-9,-17,-24,-37,-37,0,-7,-40,-24,please
11.222949028015137,0,18,15,21,7,11,-7,-11,-22,-6,1,-6,-17,-11,please
11.222949028015137,-1,8,14,30,4,26,8,1,-8,10,-2,-2,3,-2,please
11.238005876541138,-9,-11,7,23,0,20,22,2,0,2,-15,-11,-6,-4,please
11.238005876541138,-9,-11,3,18,13,25,36,11,15,14,-21,-22,-14,0,please
11.2535400390625,-12,-6,-6,12,10,23,34,15,12,18,-27,-20,-10,0,please
11.2535400390625,-15,-18,-18,-5,-8,0,14,7,1,0,-36,-21,-11,0,please
11.269599199295044,-7,-26,-17,-20,-9,-4,1,2,6,-4,-34,-22,-12,6,please
11.269599199295044,-7,-22,-15,-11,-7,0,0,2,6,0,-23,-17,-11,6,please
11.285079717636108,-9,-19,-16,-8,-14,-6,-2,3,-2,-1,-19,-12,-10,0,sil
11.285079717636108,3,-16,-10,-26,-6,-10,-10,9,12,9,-14,-2,0,1,sil
11.300990581512451,13,-5,-7,-27,-3,-2,-3,14,38,26,8,10,25,20,sil
11.300990581512451,6,1,0,-10,-6,-3,1,5,30,15,17,11,37,28,sil
11.316532611846924,7,0,4,-4,-3,-5,-5,-1,5,-9,3,6,23,11,sil
11.316532611846924,23,3,6,-8,-1,-2,0,3,8,-1,20,25,24,11,sil
11.332584142684937,23,13,11,-8,0,-4,10,9,22,28,44,41,39,30,sil
11.332584142684937,-1,0,-1,-6,4,-7,0,2,7,19,22,12,23,12,sil
11.34835648536682,-17,-8,-17,-8,6,-3,-18,-3,-10,-14,4,-9,0,-23,sil
11.34835648536682,-9,10,-9,-3,3,-5,-12,-1,-2,-14,15,2,-2,-25,sil
11.363950967788696,-6,16,6,7,5,-12,-3,-5,-8,-7,9,11,-12,-17,sil
11.363950967788696,-10,3,12,13,11,-4,-9,-10,-27,-20,2,3,-22,-21,sil
11.379603624343872,-3,7,6,14,9,7,-2,-3,-15,-4,11,0,-9,-8,sil
11.379603624343872,-3,12,1,13,0,7,7,-8,-8,15,1,-7,-4,0,sil
11.394791841506958,-10,3,2,11,-3,3,6,-21,-28,-5,-17,-14,-19,-12,sil
11.41043210029602,-8,1,3,11,1,3,3,-17,-23,-20,-14,-7,-23,-10,sil
11.41043210029602,-6,3,6,11,3,7,2,-4,-10,-5,-14,-10,-19,-1,sil
11.41043210029602,-5,-3,0,9,-5,10,1,0,-17,-1,-28,-27,-19,-4,sil
11.426969051361084,0,-14,-14,-5,-11,3,0,4,-9,-8,-25,-19,-9,2,sil
11.426969051361084,5,-13,-13,-26,-7,-2,-3,11,14,-9,-15,3,4,17,sil
11.441476583480837,8,0,0,-23,-3,-6,-9,4,11,-12,-14,7,-1,6,sil
11.441476583480837,19,11,13,-3,0,-15,-12,-9,-6,-18,0,8,-12,-13,sil
11.458362102508543,20,17,14,8,3,-13,-8,-6,-5,-7,20,15,2,-11,sil
11.458362102508543,7,15,13,15,9,13,1,6,8,12,21,13,14,0,sil
11.4719135761261,-4,2,10,17,9,29,18,13,16,29,5,0,4,1,sil
11.487544059753418,-9,-9,-6,12,0,21,31,7,22,36,0,-12,1,1,sil
11.487544059753418,-10,-11,-18,5,-1,14,28,7,29,34,-1,-11,9,6,sil
11.502634763717651,-8,-11,-17,-1,-1,4,15,13,31,28,0,-7,9,18,sil
11.502634763717651,-1,-11,-10,-12,-5,-14,-1,10,24,12,7,-2,9,24,sil
11.517959594726562,8,-6,-2,-9,-6,-22,-18,4,13,-3,12,9,15,17,sil
11.517959594726562,13,0,-1,1,-1,-17,-27,0,4,-12,10,14,14,8,sil
11.533512830734251,4,0,-2,-10,0,-22,-28,-7,-11,-29,5,4,0,-4,sil
11.533512830734251,-2,-2,0,-26,0,-29,-24,-7,-28,-37,1,-1,-4,-18,sil
11.54954719543457,-1,6,5,-13,-4,-23,-20,-6,-29,-19,6,5,3,-18,sil
11.54954719543457,0,12,13,4,-3,0,-10,-15,-29,-5,10,8,1,-14,sil
11.564894914627075,0,5,15,17,9,23,10,-13,-26,-1,-1,-2,-11,-7,sil
11.564894914627075,0,4,14,18,12,31,27,1,-5,9,-11,0,-2,9,sil
11.580949306488035,7,5,8,8,3,21,28,10,18,17,-4,14,16,21,sil
11.580949306488035,10,-4,-5,0,4,18,26,10,20,14,-1,8,14,15,sil
11.59704566001892,-2,-20,-15,-7,4,12,22,8,11,11,-4,-8,3,10,sil
11.59704566001892,-7,-21,-15,-19,-8,-5,5,0,7,3,-4,-8,4,5,sil
11.61265778541565,2,-5,-4,-18,-14,-15,-13,-6,-6,-14,-4,3,1,-7,sil
11.61265778541565,0,9,3,0,-11,-14,-16,-9,-20,-22,-4,0,-9,-20,sil
11.6281259059906,-10,13,3,9,-5,-12,-12,-10,-18,-17,-2,-11,-15,-18,sil
11.6281259059906,-12,8,5,11,6,-3,-12,-3,-13,-10,1,-10,-16,-9,sil
11.643272638320925,-6,8,5,20,10,12,-7,0,-5,2,0,-5,-19,-6,sil
11.643272638320925,0,13,12,27,5,25,7,-2,7,17,-3,-2,-13,-4,sil
11.658429622650146,2,3,14,20,5,20,20,1,19,21,-1,0,-7,4,sil
11.658429622650146,-5,-17,-11,-1,0,3,14,8,20,18,-7,-5,-8,5,sil
11.673968076705933,-14,-18,-30,-21,-10,-6,-4,0,10,13,-19,-13,-8,-4,sil
11.673968076705933,-6,-3,-18,-14,-10,-5,-9,0,11,9,-12,-3,-4,-2,sil
11.689969301223757,1,0,-5,-8,-3,-8,-2,8,19,1,2,6,-1,2,sil
11.689969301223757,0,-11,-12,-27,-3,-17,-4,6,12,-14,6,3,1,-1,sil
11.70606517791748,0,-7,-10,-25,-4,-23,-12,2,1,-21,5,3,9,0,sil
11.70606517791748,10,17,9,4,-2,-23,-10,8,3,-5,20,23,21,11,sil
11.72184944152832,18,21,10,8,4,-9,-3,5,2,0,32,25,23,11,sil
11.72184944152832,5,3,-1,-13,11,1,-5,-9,-14,-15,21,8,12,-1,sil
11.73709487915039,0,8,7,-11,8,-3,-8,-8,-22,-10,9,4,2,-8,sil
11.73709487915039,10,18,19,8,0,-7,-6,-4,-19,2,3,7,-5,-4,sil
11.75270652770996,5,2,17,15,-2,0,-9,-13,-34,-17,-12,-8,-19,-9,sil
11.75270652770996,-9,-7,4,11,-3,7,-10,-16,-42,-31,-22,-27,-21,-11,sil
11.768139362335203,-11,0,-2,7,0,16,5,-5,-26,-8,-13,-21,-11,-1,sil
11.768139362335203,-1,0,1,14,8,25,24,5,-8,11,-13,-13,-1,0,sil
11.783496141433716,1,-2,3,21,9,25,29,10,8,19,-16,-17,11,0,sil
11.783496141433716,-2,-5,0,5,3,24,28,12,25,32,-4,-9,24,17,sil
11.799588203430176,0,-10,-3,0,1,26,28,15,33,42,4,4,25,30,sil
11.799588203430176,6,-13,-1,10,3,19,22,14,40,36,6,10,23,25,sil
11.815201044082642,9,-13,0,0,0,-2,11,12,39,22,6,9,18,16,sil
11.815201044082642,11,-6,-3,-19,-5,-14,5,4,28,15,3,8,12,14,sil
11.831000804901125,10,-2,-5,-9,0,-6,0,-4,23,6,8,14,9,8,sil
11.831000804901125,5,-10,-12,-4,0,-13,-14,-9,11,-14,6,12,-3,-9,sil
11.84694790840149,0,-11,-19,-20,-10,-33,-34,-13,-10,-34,-4,1,-24,-23,sil
11.84694790840149,-5,1,-8,-17,-10,-33,-37,-16,-15,-32,3,2,-21,-22,sil
11.86290407180786,-5,13,4,3,-1,-22,-23,-12,-14,-24,18,11,-7,-16,sil
11.86290407180786,3,18,11,13,0,-16,-16,-6,-28,-29,10,12,-8,-13,sil
11.878273725509644,0,18,9,8,-6,-9,-16,-6,-34,-30,-1,3,-16,-12,sil
11.878273725509644,-16,14,7,7,-11,-6,-17,-10,-26,-25,-6,-4,-18,-14,sil
11.893801927566528,-16,13,13,9,-11,-6,-19,-12,-22,-21,-11,-3,-18,-13,sil
11.893801927566528,-10,11,11,12,-1,9,-6,-10,-12,-5,-12,-2,-10,-5,sil
11.909621000289915,-9,5,6,9,8,28,14,0,0,13,-5,-3,-3,2,sil
11.909621000289915,-5,0,2,6,9,24,28,15,9,29,0,-6,-4,8,sil
11.924864530563354,0,-8,-4,0,2,11,27,17,12,36,0,-10,0,12,sil
11.924864530563354,2,-18,-6,-7,-1,7,19,13,9,30,1,-6,12,14,sil
11.940006494522097,5,-18,-12,-13,1,6,14,22,13,23,0,-4,19,19,sil
11.940006494522097,5,-14,-21,-21,2,0,4,27,12,10,-6,-9,10,13,sil
11.955729961395264,4,-12,-16,-20,-3,-3,-7,19,1,-5,-3,-6,6,-6,sil
11.955729961395264,6,1,1,-8,0,0,-6,18,0,-3,7,4,13,-9,sil
11.97115921974182,7,16,15,-1,13,4,0,15,6,0,5,3,8,1,sil
11.97115921974182,1,9,9,2,16,11,9,-6,6,-1,-11,-14,-9,2,sil
11.98721194267273,-8,-5,-5,5,8,14,20,-25,6,3,-20,-21,-16,-4,sil
11.98721194267273,-7,-14,-11,-1,2,8,22,-17,16,10,-11,-6,-1,1,sil
12.00281262397766,3,-8,-11,-9,1,0,1,-8,20,10,4,6,17,12,sil
12.00281262397766,6,-1,-6,-10,0,-9,-20,-20,-1,-5,12,10,16,0,sil
12.01794409751892,2,6,0,-2,-1,-16,-23,-30,-28,-26,7,9,1,-16,sil
12.01794409751892,-4,15,7,10,0,-10,-14,-21,-35,-25,1,7,-6,-16,sil
12.033496856689451,-11,5,6,10,-1,-3,0,-4,-21,-6,-1,2,-11,-12,sil
12.033496856689451,-10,-7,1,5,-4,5,17,6,4,6,-7,-4,-14,-3,sil
12.054545879364014,-1,-4,3,16,0,13,23,12,27,21,-1,0,-3,15,sil
12.054545879364014,10,-4,0,20,-2,-2,8,12,26,20,8,9,9,21,sil
12.064929008483888,15,-11,-4,-1,-12,-28,-13,6,10,-8,10,14,12,5,sil
12.064929008483888,9,0,0,-13,-12,-27,-20,7,5,-15,13,12,15,0,sil
12.080638408660889,14,16,9,7,0,-13,-15,7,4,1,24,24,18,6,sil
12.080638408660889,23,17,18,18,1,-8,-17,0,-12,-5,22,28,7,0,sil
12.095876455307009,10,16,16,10,-4,-4,-17,-1,-20,-23,4,1,-8,-14,sil
12.095876455307009,-4,19,11,7,0,2,-12,-3,-13,-21,-4,-11,-11,-11,sil
12.111087083816528,-5,9,9,-1,0,5,-10,-9,-14,-10,-2,-1,-7,-3,sil
12.126568794250488,-12,-7,0,-16,-9,7,-4,-9,-18,-2,-10,-8,-12,-5,sil
12.126568794250488,-20,-9,0,-7,-2,8,2,-3,-16,-2,-19,-24,-18,-3,sil
12.142631769180298,-16,-4,0,7,15,14,10,0,-5,-1,-16,-25,-18,-1,sil
12.142631769180298,-12,-9,-3,-2,12,23,14,4,4,14,-16,-21,-15,-1,sil
12.142631769180298,-5,-10,-3,-7,0,19,18,11,4,30,-14,-13,-5,11,sil
12.158283233642578,8,-4,-1,10,-1,10,21,9,10,29,0,-1,13,24,sil
12.158283233642578,3,-8,-4,9,0,11,21,8,27,23,9,5,18,15,sil
12.173734188079834,-5,-11,-17,-9,1,10,19,9,28,17,-1,7,9,4,sil
12.189628839492798,0,-7,-27,-16,2,2,9,4,12,1,-10,4,3,1,sil
12.189628839492798,0,-4,-18,-17,0,-8,-9,0,2,-17,-4,0,0,-5,sil
12.189628839492798,-5,-5,-15,-16,-1,-17,-15,-5,-1,-17,-2,-6,-6,-13,sil
12.204660177230837,-2,-6,-18,-15,-3,-20,-6,-10,-5,-7,-4,-1,-2,-13,sil
12.220072031021118,3,-6,-9,-17,-7,-18,-5,-2,0,-3,10,14,11,-5,sil
12.220072031021118,6,3,2,-8,-1,-17,-14,0,0,-7,27,18,15,0,sil
12.236055135726929,11,15,8,0,2,-18,-21,-8,-12,-15,18,9,7,-6,sil
12.236055135726929,13,17,9,-1,-2,-20,-19,-4,-22,-11,9,7,2,-10,sil
12.251685380935667,10,18,23,3,2,-17,-10,1,-15,-5,18,13,2,-6,sil
12.251685380935667,5,26,38,25,14,1,7,0,0,-6,16,7,-1,0,sil
12.266769170761108,0,25,28,34,11,22,21,-2,5,0,0,-5,-8,0,sil
12.266769170761108,-7,6,11,26,6,25,16,0,-5,15,-5,-9,-12,-7,sil
12.281911849975586,-11,-10,0,18,2,21,9,0,-8,15,-10,-13,-16,-4,sil
12.281911849975586,-14,-18,-6,6,-7,20,7,-2,-2,1,-28,-19,-15,7,sil
12.29763674736023,-11,-21,-11,-2,-15,12,3,-1,2,-4,-37,-20,-11,5,sil
12.29763674736023,-6,-19,-13,-3,-7,8,3,3,11,10,-24,-15,-3,6,sil
12.313855648040771,-10,-5,-9,-3,1,15,8,10,20,27,-8,-9,5,15,sil
12.313855648040771,-5,0,-10,-5,0,10,0,11,20,19,-6,-9,8,10,sil
12.329330444335938,10,-1,-3,-4,-3,-6,-6,9,16,9,7,2,14,9,sil
12.329330444335938,23,6,7,5,2,-5,2,5,17,11,31,26,27,20,sil
12.344916343688965,18,8,2,7,10,5,6,-4,8,0,21,24,21,13,sil
12.344916343688965,3,-7,-3,-7,4,-3,-5,-8,-10,-18,0,6,1,0,sil
12.360110759735107,2,-12,-2,-9,-2,-18,0,2,-4,-15,0,2,-3,0,sil
12.360110759735107,8,-2,-2,-1,0,-16,5,2,7,-8,4,6,0,0,sil
12.375544548034668,6,0,0,-6,4,-9,-4,-3,-8,-14,0,3,0,-8,sil
12.375544548034668,-1,0,1,-12,0,-10,-10,-5,-25,-20,-3,-1,-8,-11,sil
12.391105890274048,-14,-2,-7,-25,-15,-18,-16,-11,-23,-30,-13,-13,-24,-25,sil
12.391105890274048,-15,-13,-20,-37,-19,-21,-25,-12,-10,-27,-13,-13,-21,-34,sil
12.40625810623169,5,-3,-9,-24,-4,-14,-24,0,0,-3,14,12,9,-14,sil
12.40625810623169,11,20,9,0,4,-1,-19,-1,-7,0,31,27,15,0,sil
12.421971559524536,-7,23,11,14,0,2,-14,-17,-20,-14,9,4,-10,-10,sil
12.421971559524536,-10,9,17,18,8,3,2,-13,-19,-5,-7,-7,-17,-11,sil
12.43748903274536,0,1,18,23,12,10,17,5,-3,24,3,0,2,4,sil
12.43748903274536,-4,0,3,21,1,12,14,9,5,30,14,3,8,14,sil
12.453758001327516,-9,2,-3,13,-3,6,6,2,0,10,0,-6,-5,9,sil
12.453758001327516,-4,1,-1,8,-3,8,10,2,-2,2,-13,-20,-10,1,sil
12.468815565109251,0,-1,5,0,-9,7,13,7,6,15,-1,-9,5,5,sil
12.468815565109251,9,4,12,-3,-8,0,12,12,20,25,18,17,21,22,sil
12.484672784805298,16,14,12,7,5,9,17,18,27,21,11,17,21,27,sil
12.484672784805298,13,12,6,18,14,24,21,10,19,17,-6,-1,11,19,sil
12.500774383544922,7,2,-1,14,8,14,13,1,11,9,-9,-3,6,14,sil
12.500774383544922,0,-5,-5,6,2,4,6,10,17,-1,-2,1,7,7,sil
12.516604900360107,-6,-11,-4,-2,2,8,7,6,12,-8,-13,-9,-1,-7,sil
12.516604900360107,-10,-14,-12,-12,3,4,0,-15,-12,-25,-35,-22,-21,-18,sil
12.531700611114502,-16,-20,-22,-13,3,1,-8,-13,-16,-31,-36,-19,-21,-22,sil
12.531700611114502,-8,-17,-19,-5,1,0,-4,5,10,3,-9,-5,-1,-10,sil
12.546805143356323,2,-1,0,0,0,-9,-1,2,10,19,13,3,1,0,sil
12.546805143356323,-2,-1,0,0,1,-15,-9,-7,-7,-4,4,-3,-7,-8,sil
12.563005924224854,-9,-11,-9,-8,0,-10,-17,-9,-11,-15,-15,-12,-7,-17,sil
12.563005924224854,0,-3,-1,-10,-8,-16,-17,-11,-11,-12,-9,-7,-9,-11,sil
12.578611135482788,2,1,0,-5,-17,-22,-14,-13,-17,-20,6,-8,-15,-9,sil
12.578611135482788,-3,-7,-11,-17,-17,-9,-18,-9,-17,-20,2,-4,-7,-7,sil
12.593900680541992,0,-3,-6,-13,0,2,-9,0,-2,0,0,15,11,8,sil
12.593900680541992,17,17,11,15,14,0,12,8,7,15,21,33,23,27,sil
12.608946323394775,22,17,16,12,6,-9,10,12,-1,14,31,32,17,24,sil
12.608946323394775,9,0,0,-13,-5,-2,-1,13,0,13,13,17,4,9,sil
12.62451672554016,-1,-3,-5,-13,-4,8,4,14,17,11,3,4,0,1,sil
12.62451672554016,-9,1,-1,-9,1,9,9,8,18,5,9,1,7,0,sil
12.64061403274536,-11,1,-2,-19,0,-1,-6,0,5,3,8,5,6,-7,sil
12.64061403274536,5,2,6,-8,-3,-6,-17,-4,3,3,10,10,0,-7,sil
12.655802488327026,20,10,18,16,-1,0,-4,-5,4,5,18,4,5,1,sil
12.655802488327026,1,15,14,18,7,6,8,-9,-9,4,11,-6,5,1,sil
12.670958757400513,-14,8,10,8,11,14,5,-7,-12,3,3,-7,0,-3,sil
12.670958757400513,0,0,12,6,4,11,0,0,3,7,7,5,7,4,sil
12.686563730239868,6,1,14,5,-1,-1,-3,0,0,-9,0,3,3,2,sil
12.687562704086304,-2,3,7,16,-5,-2,0,-6,-13,-33,-20,-16,-18,-11,sil
12.701851844787598,-5,-2,0,7,-6,3,13,-2,-3,-25,-23,-22,-14,-8,sil
12.717965602874756,-3,-9,-7,-22,-7,-5,15,1,-5,-9,-12,-7,3,2,sil
12.717965602874756,-8,-4,-11,-9,-6,-10,4,-6,-26,-11,-14,-10,-4,-4,sil
12.717965602874756,-10,6,-1,33,6,4,0,-9,-21,-14,-31,-18,-22,-11,sil
12.73363995552063,2,12,0,35,8,9,-2,3,2,-9,-26,-9,-17,-4,sil
12.73363995552063,8,5,-6,9,-3,-1,-8,7,7,0,1,0,0,0,sil
12.74990463256836,-3,-3,-7,2,-4,-1,-9,0,0,9,4,-4,-1,0,sil
12.74990463256836,-9,-7,-11,4,3,10,-3,-1,-2,10,-14,-10,-13,1,sil
13.231634140014648,22,27,20,16,1,-7,-8,5,9,0,35,23,16,18,sil
13.231634140014648,12,20,8,10,0,-4,-15,-9,-16,-15,10,4,-5,0,sil
13.247248649597168,7,19,7,12,6,1,-7,-6,-17,-17,0,1,-4,0,sil
13.247248649597168,11,24,11,26,11,12,5,8,6,0,13,9,9,12,sil
13.262858629226685,-1,7,0,17,5,15,9,0,12,12,13,-1,6,5,sil
13.262858629226685,-16,-3,-9,-3,0,10,11,-12,1,11,0,-13,-6,-4,sil
13.27895164489746,-11,4,-8,0,0,11,11,-6,-4,2,-10,-14,-11,2,sil
13.27895164489746,-1,1,0,13,8,11,1,-4,-14,-6,-17,-14,-10,-2,sil
13.294494867324827,0,-9,0,8,10,7,2,-6,-10,1,-13,-10,-4,-11,sil
13.294494867324827,-8,-10,0,-4,0,8,17,0,0,18,-2,0,-3,0,sil
13.309893369674684,-11,-14,0,-5,0,9,16,5,1,14,-2,4,-10,3,sil
13.309893369674684,3,-9,-1,2,9,7,9,4,6,1,-8,1,-7,-3,sil
13.32563614845276,7,3,0,0,3,2,11,5,12,4,-6,2,2,-1,sil
13.32563614845276,-3,0,2,-4,-7,-3,5,-2,0,2,-12,0,-3,2,sil
13.34071660041809,-2,-6,3,1,1,0,-7,-10,-17,-8,-21,-7,-12,0,sil
13.34071660041809,3,-1,0,7,4,5,-9,0,-11,-4,-10,-6,-5,0,sil
13.356021165847778,0,0,-3,1,-9,-5,-6,9,-3,1,7,-2,1,5,sil
13.372600317001345,0,-2,-2,-8,-14,-17,-8,5,0,-2,10,0,4,5,sil
13.372600317001345,6,-2,-2,-12,-9,-6,-2,3,12,4,6,4,13,6,sil
13.372600317001345,5,-5,-2,-9,-9,1,0,6,23,16,10,7,18,5,sil
13.38831663131714,1,-7,-1,-8,-13,-10,-6,0,15,0,9,5,6,-3,sil
13.38831663131714,5,-3,-5,-7,-5,-21,-10,-4,9,-14,2,1,0,-9,sil
13.403571844100952,4,-3,-1,-5,4,-18,-14,-3,5,-8,8,6,9,-9,sil
13.403571844100952,-2,-1,-1,-8,0,-21,-22,-7,-12,-8,16,9,5,-15,sil
13.419164896011353,-2,21,5,1,4,-18,-15,-12,-27,-22,15,5,-7,-19,sil
13.419164896011353,0,47,27,36,27,12,6,-5,-21,-21,13,0,-2,-4,sil
13.434741020202637,-4,29,23,45,25,43,16,4,-11,1,0,-11,0,9,sil
13.45089054107666,-8,-9,-2,8,2,32,14,4,0,23,-10,-14,-7,10,sil
13.45089054107666,-8,-20,-12,-21,-7,7,17,3,16,18,-11,-7,-5,10,sil
13.45089054107666,-9,-12,-17,-17,-11,2,13,0,10,-1,-23,-10,-6,7,sil
13.465510845184326,0,-8,-10,-2,-9,5,5,1,-4,-3,-27,-7,-9,4,sil
13.481601238250732,18,3,9,10,0,2,13,6,6,13,4,15,8,18,sil
13.481601238250732,20,6,16,9,7,0,15,4,13,8,21,27,16,24,sil
13.49628472328186,5,-9,0,-2,6,2,1,3,0,-5,-4,9,0,5,sil
13.49628472328186,0,-6,-8,-11,3,4,-4,8,3,0,-8,1,0,-4,sil
13.511905431747437,0,4,0,-7,-2,-1,-4,4,17,4,11,3,3,-1,sil
13.511905431747437,0,-1,0,-4,-5,-16,-11,-2,11,-3,3,-4,0,-6,sil
13.52759313583374,-5,-12,-11,-15,-3,-16,-18,2,-1,-3,-14,-6,-1,-15,sil
13.52759313583374,-4,-17,-19,-28,-8,-6,-12,3,0,3,-10,-1,2,-14,sil
13.543022871017456,-5,-20,-20,-29,-13,-11,-9,-7,1,-6,-4,-4,0,-11,sil
13.543022871017456,-11,-13,-9,-18,-15,-19,-18,-14,-11,-21,-6,-6,-8,-16,sil
13.559201002120972,-4,5,0,5,-13,-10,-14,-9,-19,-11,0,-3,-5,-13,sil
13.559201002120972,7,16,9,19,2,-1,-1,-10,-10,5,16,3,7,0,sil
13.574820756912231,7,18,20,14,16,-5,-3,-6,-6,13,27,12,19,10,sil
13.574820756912231,3,22,20,16,13,-2,0,0,-4,19,25,8,12,8,sil
13.590030431747437,5,22,16,20,11,10,16,0,0,7,14,0,-3,-4,sil
13.590030431747437,2,10,10,12,7,16,16,0,-4,-9,1,-4,-16,-8,sil
13.605992555618286,-6,6,2,8,1,8,1,1,-17,-14,-3,-3,-19,1,sil
13.605992555618286,0,9,4,14,3,5,4,-2,-12,-12,0,3,-9,4,sil
13.621572256088257,7,10,13,23,6,17,17,1,8,0,4,7,0,6,sil
13.621572256088257,0,9,16,24,7,25,15,9,9,6,-1,0,-4,6,sil
13.63674807548523,-7,0,1,15,10,16,7,-2,-8,-8,-18,-13,-19,0,sil
13.63674807548523,-10,-16,-10,5,3,13,7,-5,-12,-7,-30,-16,-19,-3,sil
13.65296459197998,-11,-26,-12,-2,-10,8,6,9,-1,12,-24,-12,-6,5,sil
13.65296459197998,-6,-20,-20,-17,-12,-10,-2,4,7,2,-18,-14,0,7,sil
13.66897678375244,-10,-16,-25,-29,-9,-18,-5,-2,15,-11,-21,-15,2,-5,sil
13.66897678375244,-10,-19,-23,-21,-13,-2,3,12,24,8,-18,-10,8,-7,sil
13.68455958366394,7,-15,-14,-10,-7,2,0,13,22,18,2,1,19,11,sil
13.68455958366394,19,0,0,-5,1,-6,-6,1,15,13,22,18,28,22,sil
13.699750661849976,16,7,5,-1,0,-12,-6,2,12,18,15,21,24,10,sil
13.699750661849976,14,-2,0,-11,-5,-14,-16,0,-1,7,3,11,10,2,sil
13.714993953704834,11,-3,-1,-21,-8,-14,-22,-3,-14,-10,8,12,10,2,sil
13.714993953704834,8,14,7,-13,-2,-16,-6,-4,-15,-8,15,18,15,-1,sil
13.730954647064207,4,9,11,-7,2,-19,0,-4,-15,-4,12,13,2,-5,sil
13.730954647064207,-1,-7,0,-10,-1,-6,-1,-3,-7,-2,9,5,-9,-3,sil
13.746605157852173,0,3,1,-2,1,9,2,0,9,4,14,7,-2,-3,sil
13.746605157852173,7,20,20,8,12,9,8,0,14,5,19,7,1,0,sil
13.762760639190674,0,10,15,8,9,2,6,-3,5,-2,20,5,-6,0,sil
13.762760639190674,-10,0,4,4,3,6,4,-3,9,-7,9,1,-7,-3,sil
13.778810739517212,-9,2,0,6,7,8,4,4,20,1,-4,-13,0,-6,sil
13.778810739517212,-10,1,-4,1,3,1,-5,6,6,-1,-12,-21,-11,-13,sil
13.794392824172974,-16,-5,-11,-4,-11,-4,-12,-3,-14,-22,-20,-21,-28,-26,sil
13.794392824172974,-20,-6,-10,-3,-9,-1,-6,-9,-17,-25,-27,-27,-23,-24,sil
13.80954885482788,-20,-2,-7,-5,0,3,-2,-5,-13,-9,-22,-25,-10,-12,sil
13.80954885482788,-13,0,-8,-2,-7,2,-1,-6,-15,-9,-24,-17,-13,-6,sil
13.825653314590454,-4,1,-2,9,-8,0,0,-9,-22,-16,-32,-13,-20,-5,sil
13.825653314590454,2,0,1,21,7,6,-5,-6,-21,-10,-17,-3,-9,0,sil
13.840770721435549,11,0,5,26,10,10,-4,0,-14,-2,7,11,6,14,sil
13.840770721435549,19,4,20,22,5,6,6,1,-6,11,20,22,13,23,sil
13.855922937393188,14,9,19,17,8,6,16,3,5,31,27,20,21,22,sil
13.855922937393188,11,13,11,22,11,9,21,5,15,30,36,23,28,18,sil
13.87196683883667,23,18,12,27,15,8,23,10,16,22,33,29,27,23,sil
13.87196683883667,24,14,12,16,15,11,18,14,20,31,21,25,26,27,sil
13.888001680374146,11,4,8,7,5,12,10,13,23,31,21,21,24,16,sil
13.888001680374146,10,-3,-3,8,2,1,3,4,15,10,19,16,13,7,sil
13.903139352798462,5,-10,-17,-8,0,-8,-6,-1,2,-2,-4,-1,-6,2,sil
13.903139352798462,-14,-20,-17,-33,-18,-14,-14,-7,-7,-6,-29,-24,-27,-5,sil
13.918670177459717,-29,-29,-20,-33,-32,-22,-18,-11,-16,-22,-33,-30,-28,-19,sil
13.918670177459717,-29,-31,-21,-29,-26,-19,-22,-7,-17,-32,-30,-21,-18,-24,sil
13.933635234832764,-10,-20,-12,-28,-19,-10,-10,0,-6,-11,-23,-14,-12,-14,sil
13.933635234832764,2,-2,-9,-23,-15,-17,-2,0,-2,-3,-17,-10,-10,-9,sil
13.94925594329834,-3,-2,-8,-19,-13,-20,-8,1,-5,-21,-18,-4,0,-12,sil
13.94925594329834,0,-6,-2,-18,-9,-4,-3,8,8,-10,0,4,13,0,sil
13.965327262878418,13,-3,0,-15,3,0,6,12,27,11,20,11,14,9,sil
13.965327262878418,5,7,-5,-12,9,-1,1,3,19,3,2,0,0,-1,sil
13.980942249298096,0,16,-4,-14,10,5,-8,-3,6,-11,-6,-9,-1,-3,sil
13.980942249298096,8,14,0,-14,17,8,-10,-2,1,-9,16,-5,9,-3,sil
13.996728897094728,2,15,2,1,20,0,-8,-5,-8,-8,17,-5,5,-17,sil
13.996728897094728,-16,21,10,10,18,0,-3,-16,-19,-12,0,-12,-11,-22,sil
14.012800693511965,-18,15,5,1,14,6,-4,-17,-24,-11,-4,-17,-19,-14,sil
14.012800693511965,-14,3,3,12,8,18,-5,-8,-28,-10,-9,-17,-21,-13,sil
14.02810788154602,-9,0,16,36,7,27,10,-1,-11,0,-8,-4,-13,-10,sil
14.02810788154602,4,0,19,30,4,23,31,3,17,26,8,11,3,9,sil
14.04391598701477,8,0,18,25,2,21,30,12,24,37,12,13,12,27,sil
14.04391598701477,-1,0,15,34,1,21,19,9,15,30,1,6,7,22,sil
14.067977905273438,-2,-2,1,20,-8,0,10,0,5,22,0,6,2,11,sil
14.067977905273438,7,0,5,10,-9,-13,7,6,2,19,13,22,9,19,sil
14.067977905273438,19,8,17,29,5,-1,13,17,16,27,24,35,27,36,sil
14.074485778808594,22,10,9,24,2,-4,5,5,9,18,20,25,26,25,sil
14.09050703048706,7,-2,-8,-3,-14,-22,-15,-8,-19,-23,3,0,-7,-7,sil
14.09050703048706,-11,-20,-18,-17,-13,-24,-25,-7,-20,-41,-8,-7,-24,-21,sil
14.105923652648926,-5,-24,-14,-16,-7,-19,-17,0,-6,-17,-13,-1,0,-11,sil
14.105923652648926,10,-15,-9,-11,-8,-13,-5,9,-3,-7,-13,-2,6,0,sil
14.121812105178831,7,-9,-9,-19,-4,-1,0,14,5,-20,-10,0,-9,2,sil
14.121812105178831,1,-4,-12,-31,-2,0,-1,7,15,-16,-4,5,-3,5,sil
14.137888669967651,6,2,-10,-24,-3,-6,-4,0,10,-2,1,2,15,6,sil
14.137888669967651,5,8,-2,-15,1,-2,-7,-2,2,-1,1,0,10,2,sil
14.152902841567991,0,6,-5,-15,0,-1,-8,-12,-1,-8,-3,-1,-1,-9,sil
14.152902841567991,-4,4,-6,-10,-4,-8,-14,-21,-15,-15,0,-9,-8,-22,sil
14.168020963668823,-5,6,1,0,0,-5,-18,-15,-21,-9,7,-13,-11,-24,sil
14.168020963668823,-3,16,8,8,4,5,-4,-4,-4,6,6,-6,-6,-15,sil
14.183571577072144,-6,20,9,12,4,12,5,-3,0,9,1,-5,-1,-8,sil
14.183571577072144,-17,8,2,13,1,13,2,-8,-17,0,-7,-18,-10,-8,sil
14.198859214782717,-19,-10,-4,10,3,17,7,-9,-20,4,-20,-22,-16,-6,sil
14.21495795249939,-14,-18,-7,4,6,19,21,3,8,24,-17,-13,-2,6,sil
14.21495795249939,-8,-14,-9,-2,2,11,16,18,30,28,-5,-8,9,21,sil
14.230454683303831,0,-15,-6,-15,-5,-6,0,12,20,9,0,0,8,20,sil
14.230454683303831,9,-14,-1,-19,-4,-12,-4,0,3,-2,2,10,4,4,sil
14.230454683303831,10,2,9,-6,7,0,-1,0,-6,-4,10,4,-1,-5,sil
14.246039152145386,1,17,22,12,15,6,-1,1,-19,-15,7,-3,-12,-12,sil
14.246039152145386,-2,10,20,18,11,10,7,2,-17,-14,-7,-6,-15,-13,sil
14.26142168045044,1,-1,13,12,7,24,28,12,14,17,-12,0,-2,2,sil
14.277020454406738,6,-5,1,4,7,24,37,19,39,38,-1,7,17,22,sil
14.277020454406738,0,-7,-11,-6,-2,4,16,6,19,12,0,10,18,17,sil
14.293675422668455,0,-7,-11,-13,-14,-9,0,3,0,-8,-6,10,4,5,sil
14.293675422668455,4,0,-8,-3,-11,-19,-1,5,6,0,0,13,5,3,sil
14.293675422668455,4,2,-3,0,-8,-25,-16,-8,0,-6,14,13,12,0,sil
14.308177471160889,8,0,0,-3,-8,-21,-28,-13,-8,-17,18,10,10,-2,sil
14.323612451553345,18,8,5,6,0,-19,-18,-3,-5,-12,16,15,10,4,sil
14.323612451553345,16,21,10,17,4,-19,-13,-6,-9,-13,20,17,9,0,sil
14.339503049850464,5,21,3,12,2,-12,-20,-10,-13,-12,16,8,-4,-7,sil
14.339503049850464,-7,6,-6,-2,-4,-13,-23,-7,-10,-10,1,0,-20,-12,sil
14.354539155960085,-7,0,-5,-5,-12,-15,-17,-3,-9,-10,0,-3,-9,-7,sil
14.354539155960085,6,5,8,7,0,2,-1,2,0,11,14,0,15,7,sil
14.369545698165894,9,1,8,12,17,20,9,6,8,31,7,0,12,11,sil
14.369545698165894,-9,-10,-10,3,3,16,8,-1,-2,3,-14,-17,-10,-3,sil
14.38499927520752,-24,-11,-10,1,-9,5,0,-10,-21,-23,-18,-21,-17,-15,sil
14.38499927520752,-14,-4,3,2,0,1,-5,-10,-26,-16,-13,-6,-19,-13,sil
14.400812864303589,-2,0,2,-6,0,5,0,-5,-14,-8,-17,-8,-24,-7,sil
14.400812864303589,-7,-1,0,-4,-1,14,13,5,9,0,-13,-13,-10,-2,sil
14.41567349433899,-11,0,3,11,9,23,26,12,27,24,-3,-9,3,2,sil
14.41567349433899,-10,0,0,10,12,29,30,8,20,33,-9,-15,-3,7,sil
14.431508541107178,-12,-12,-15,-10,-3,26,22,2,10,11,-31,-28,-20,-1,sil
14.431508541107178,-12,-29,-32,-37,-16,4,1,1,10,-9,-37,-23,-22,-10,sil
14.446471452713013,-4,-22,-23,-44,-11,-13,-10,5,10,-7,-10,0,3,-1,sil
14.446471452713013,8,-7,-3,-20,-4,-16,-8,6,2,0,10,12,27,6,sil
14.463014841079712,16,0,1,-1,-5,-20,-13,0,-9,-10,10,12,15,0,sil
14.463014841079712,14,10,4,-4,-3,-22,-15,-5,-11,-15,5,15,4,0,sil
14.479070901870728,18,18,15,0,7,-5,4,0,3,10,17,28,25,13,sil
14.479070901870728,25,12,26,13,12,5,16,7,15,20,34,32,33,20,sil
14.495126247406006,13,7,17,11,5,0,0,4,3,0,22,12,9,12,sil
14.495126247406006,1,6,8,5,2,0,-7,0,-3,0,9,3,4,5,sil
14.51073956489563,9,6,13,14,8,10,14,5,10,20,17,8,20,11,sil
14.51073956489563,12,10,12,26,13,9,21,4,13,15,9,-1,8,14,sil
14.526376247406006,5,12,7,22,8,0,0,-9,-3,-1,0,-6,-10,0,sil
14.526376247406006,3,10,0,7,-1,-7,-8,-7,-1,2,14,6,-2,-6,sil
14.54304027557373,-3,7,0,1,0,-13,-5,0,6,-1,9,8,0,-3,sil
14.54304027557373,-14,-3,-2,0,5,-8,-8,-2,-1,-16,-6,0,-11,-15,sil
14.55864715576172,-16,-15,-13,-8,-7,-5,-12,-9,-14,-18,0,-2,-10,-22,sil
14.55864715576172,-20,-13,-16,-11,-19,-13,-14,-12,-29,-26,-9,-9,-13,-14,sil
15.07260251045227,-14,-6,-9,-4,6,0,-1,7,0,-15,-11,-22,-2,-13,sil
15.07260251045227,-14,-6,-11,4,1,-1,0,0,1,-7,-7,-19,-6,-12,sil
15.08859896659851,-8,-1,-8,0,0,-5,-13,-12,0,-3,0,-2,1,-13,sil
15.08859896659851,-7,-2,-5,-13,-1,-16,-26,-8,0,0,7,6,5,-5,sil
15.10384202003479,-4,-8,-7,-7,-9,-16,-22,0,3,9,10,2,5,0,sil
15.10384202003479,-6,-14,-16,0,-9,0,-12,-3,-4,3,-11,-14,-9,-12,sil
15.11984372138977,-13,-13,-23,-13,0,4,-8,-10,-10,-2,-22,-20,-23,-16,sil
15.11984372138977,-6,-1,-10,-21,2,-6,-11,-9,-11,-8,-1,-7,-17,-10,sil
15.134666681289673,1,4,0,0,1,-5,-6,-4,-16,-17,-1,-5,-13,-9,sil
15.134666681289673,-1,0,-1,8,0,7,5,0,-18,-15,-16,-7,-20,-8,sil
15.150741338729858,-2,1,-2,1,0,9,14,1,-10,-4,-3,6,-13,-1,sil
15.150741338729858,9,16,8,12,1,9,16,2,0,0,14,17,7,7,sil
15.16591739654541,16,19,22,24,3,6,13,3,0,0,6,6,11,9,sil
15.16591739654541,11,8,16,10,-4,-6,0,1,4,-4,1,-1,8,4,sil
15.183962106704712,5,7,3,-5,-6,-6,-10,1,11,0,13,10,13,8,sil
15.183962106704712,8,5,2,-4,-3,8,1,3,11,7,11,14,10,13,sil
15.197695970535278,10,-5,2,0,-3,11,15,5,12,7,-9,-1,-2,11,sil
15.197695970535278,-3,-11,0,-9,2,10,14,7,12,10,-11,-6,-6,4,sil
15.21302342414856,-17,-12,-7,-20,1,14,12,5,6,18,0,-2,-2,-1,sil
15.21302342414856,-9,-17,-6,-9,-3,5,6,2,5,9,0,-2,4,-1,sil
15.228896141052246,8,-4,9,12,6,-7,0,6,11,7,4,9,17,11,sil
15.228896141052246,12,18,7,15,9,-7,0,4,9,16,19,19,23,16,sil
15.244242668151855,2,15,-3,1,-4,-6,0,0,3,10,12,10,16,7,sil
15.244242668151855,0,-2,-5,0,0,-8,0,5,10,7,-4,-2,9,9,sil
15.260356664657593,5,-1,-2,7,17,-4,5,6,13,14,-4,-8,3,12,sil
15.260356664657593,0,0,-8,0,7,0,-2,-6,4,1,-2,-8,-5,-2,sil
15.275832891464232,-14,-12,-22,-13,-8,-4,-18,-10,-1,-13,-7,-12,-13,-15,sil
15.275832891464232,-18,-10,-19,-13,-7,-11,-20,-3,-7,-14,-8,-14,-11,-21,sil
15.291862964630129,-1,8,0,5,0,-6,-11,-1,-6,-16,-1,-3,-2,-21,sil
15.291862964630129,14,15,14,13,4,1,-5,-3,-1,-15,15,19,4,-3,sil
15.30727481842041,10,9,17,3,3,0,-8,-9,-7,-11,22,28,2,3,sil
15.30727481842041,2,13,15,1,-1,-3,-14,-14,-22,-21,7,13,-4,-11,sil
15.322819709777832,5,20,20,4,2,0,-6,-8,-33,-26,1,0,-10,-10,sil
15.322819709777832,2,4,16,2,7,3,9,-1,-27,-8,0,-6,-14,1,sil
15.338927745819092,-16,-18,-5,-3,-3,3,17,-4,-10,11,-17,-19,-16,-3,sil
15.338927745819092,-27,-27,-11,-11,-13,13,20,-2,0,15,-31,-28,-17,-9,sil
15.353715896606444,-15,-23,-2,-4,-2,22,22,9,8,19,-19,-23,-10,2,sil
15.353715896606444,-6,-17,-1,-2,1,10,9,14,23,23,-6,-5,2,9,sil
15.36879849433899,-7,-10,-9,-15,-13,-8,-4,10,16,8,-12,2,5,4,sil
15.36879849433899,0,-2,-11,-13,-15,-14,-6,1,-1,-12,-14,0,2,0,sil
15.384488344192505,18,2,0,2,2,-7,-5,5,2,-8,5,10,14,5,sil
15.384488344192505,22,9,1,5,8,0,-4,13,10,0,28,24,25,5,sil
15.399555206298828,12,16,0,-4,4,-4,-9,0,-5,-10,30,18,16,0,sil
15.399555206298828,12,14,6,-3,4,-14,-18,-12,-12,-15,20,12,1,0,sil
15.415082931518556,17,13,12,17,2,-12,-12,-8,-6,-5,12,10,-5,5,sil
15.415082931518556,5,15,10,30,2,5,5,-6,-15,-4,7,0,-10,-1,sil
15.43076205253601,-7,7,0,15,5,22,20,-5,-11,-1,-5,-14,-14,-4,sil
15.43076205253601,-12,-5,-10,2,3,20,23,3,5,11,-22,-16,-13,4,sil
15.446086406707764,-10,-11,-9,6,-3,3,13,3,7,10,-20,-13,-6,3,sil
15.446086406707764,-8,-11,-8,-3,-12,-7,0,-4,7,0,-2,-9,0,0,sil
15.461769104003906,-6,-7,-7,-18,-10,-4,-8,-1,12,9,3,0,6,5,sil
15.461769104003906,-2,0,0,0,2,5,-3,10,14,27,1,3,14,10,sil
15.4774808883667,-1,0,1,11,7,6,0,12,16,21,0,2,11,7,sil
15.4774808883667,0,-6,-1,-7,-2,0,-4,6,17,3,-9,3,0,0,sil
15.493026494979858,3,-5,-1,-18,-5,-8,-5,0,10,0,-12,1,-2,-5,sil
15.493026494979858,-4,-3,-4,-15,1,-8,-2,0,4,0,-8,-4,1,-7,sil
15.50909686088562,-7,-1,-9,-11,2,-5,4,4,10,1,-6,-5,7,0,sil
15.50909686088562,0,0,-3,-7,0,-5,3,3,12,0,3,5,15,3,sil
15.524811506271362,3,0,0,-4,-2,-8,-13,-6,-4,-19,15,15,10,-5,sil
15.524811506271362,15,12,6,3,0,-4,-19,-7,-19,-24,19,17,1,-7,sil
15.539992094039915,26,24,19,11,10,2,-4,-4,-17,-10,26,20,4,0,sil
15.539992094039915,14,17,14,8,15,1,0,-9,-9,-12,19,8,1,-7,sil
15.555578231811523,-2,7,8,7,8,-5,0,-6,-13,-17,0,-9,-12,-17,sil
15.555578231811523,-9,7,13,15,0,-3,3,-2,-23,-7,-2,-13,-22,-9,sil
15.571285247802734,-14,6,3,12,-2,5,3,-6,-20,-1,-4,-16,-21,-2,sil
15.586894035339355,-10,0,-3,1,-2,16,10,1,-2,1,-12,-22,-11,-3,sil
15.586894035339355,-5,-13,-4,1,0,22,24,13,11,21,-10,-18,-3,4,sil
15.586894035339355,-6,-27,-11,-2,-2,19,21,6,11,26,-10,-7,-7,15,sil
15.60304880142212,0,-28,-8,-14,-5,8,17,2,11,9,-17,-1,-3,17,sil
15.60304880142212,4,-24,-9,-16,-6,-3,15,7,15,9,-13,0,13,19,sil
15.618810892105104,-4,-21,-20,-20,-9,-19,-14,-4,0,5,-1,4,14,9,sil
15.618810892105104,-7,-6,-18,-22,-13,-27,-41,-16,-14,-17,8,13,3,-14,sil
15.633768558502195,1,10,0,-6,-8,-18,-28,-5,-5,-20,14,18,4,-17,sil
15.633768558502195,6,17,12,3,-3,-6,-17,0,-5,-3,11,15,7,-4,sil
15.649968385696411,4,22,8,10,-1,0,-13,-4,-14,-3,7,0,-2,-9,sil
15.649968385696411,5,29,18,32,11,11,0,0,-12,-8,8,0,-7,-7,sil
15.664673805236816,5,22,29,44,19,15,10,5,-3,-1,8,7,0,12,sil
15.68026852607727,-4,2,8,23,9,8,5,0,-1,1,-1,0,0,12,sil
15.68026852607727,-10,-8,-5,3,3,7,9,1,1,5,-12,-14,-10,-1,sil
15.68026852607727,-1,-7,-2,4,4,13,21,10,8,17,-10,-11,-10,0,sil
15.69593071937561,0,-7,-4,0,0,7,17,4,8,16,-9,-6,-3,3,sil
15.71154761314392,-5,-12,-8,-11,-4,-1,5,0,11,7,-13,-3,0,6,sil
15.71154761314392,5,-11,-9,-17,3,3,5,8,24,9,-6,1,9,15,sil
15.726492404937744,15,-5,-11,-20,3,2,7,10,30,7,0,3,17,9,sil
15.726492404937744,7,-8,-15,-26,-13,-15,0,4,21,-6,-6,-1,10,-4,sil
15.74169111251831,0,-19,-14,-35,-20,-21,-9,1,9,-15,-9,0,5,-5,sil
15.74169111251831,0,-13,-12,-34,-9,-21,-13,0,0,-18,-3,6,6,-4,sil
15.756957530975342,6,9,-7,-16,0,-29,-19,-6,-8,-22,4,4,2,-10,sil
15.756957530975342,16,27,15,6,4,-21,-15,-3,-9,-12,20,6,1,-12,sil
15.772566080093384,10,32,29,24,7,0,-4,0,-6,6,27,10,6,-5,sil
15.772566080093384,-6,22,17,24,8,7,-10,-10,-14,4,20,7,1,0,sil
15.78858208656311,-6,11,9,15,8,5,-14,-16,-22,-11,16,5,-5,-2,sil
15.78858208656311,1,12,17,21,6,10,-1,-6,-19,-9,11,2,-3,0,sil
15.803893566131592,-7,8,11,27,3,21,6,-6,-19,0,0,-10,-8,0,sil
15.803893566131592,-19,-5,-12,19,1,25,9,-9,-18,3,-11,-20,-17,-6,sil
15.819496870040894,-16,-9,-13,8,0,16,18,1,-6,10,-12,-13,-13,-2,sil
15.819496870040894,-8,-11,0,4,-1,10,24,7,9,25,-7,-5,-5,4,sil
15.835159540176392,-3,-13,-6,3,2,12,21,3,20,28,-5,-6,-3,6,sil
15.835159540176392,-4,-9,-8,-2,5,4,10,4,18,12,-7,-4,0,8,sil
15.850212097167969,0,-17,-7,-14,-6,-5,0,2,6,6,-12,-1,-2,8,sil
15.850212097167969,3,-27,-11,-23,-12,1,-1,0,0,8,-11,4,-6,5,sil
15.865369319915771,1,-11,-2,-10,0,8,6,8,4,6,1,16,6,9,sil
15.865369319915771,3,6,11,4,1,-1,11,13,11,5,3,11,22,9,sil
15.88098430633545,8,-1,3,-9,-10,-13,-4,5,8,-6,-9,0,13,0,sil
15.88098430633545,13,-11,-5,-18,-5,-11,-16,4,8,-13,0,5,5,3,sil
15.896580457687378,16,3,3,0,9,-10,-7,7,11,-2,22,15,15,11,sil
15.896580457687378,6,12,4,0,2,-16,-12,0,-3,-10,10,3,9,-5,sil
15.911956548690796,-7,-2,-14,-22,-14,-21,-39,-17,-23,-33,-11,-15,-13,-22,sil
15.911956548690796,-7,-7,-14,-26,-12,-21,-39,-20,-24,-38,-7,-9,-20,-21,sil
15.92804479598999,-1,13,0,-4,0,-10,-9,-4,-14,-26,0,0,-10,-19,sil
15.92804479598999,-2,24,5,10,4,6,7,0,-9,-13,0,-3,-9,-15,sil
15.943611145019531,-2,16,12,10,4,10,3,-2,-7,-3,11,-4,-8,-4,sil
15.943611145019531,-1,17,14,15,1,0,2,0,-5,-2,10,0,-3,0,sil
15.959718942642212,-1,15,7,19,6,-2,8,-2,-13,-5,-7,-1,-7,-2,sil
15.959718942642212,-2,-4,0,13,5,1,14,-8,-12,4,-15,-14,-11,1,sil
15.974895238876345,-7,-14,-8,7,0,10,17,-4,3,22,-12,-18,0,9,sil
15.974895238876345,-7,-3,-6,8,4,16,17,7,19,29,-4,-1,16,7,sil
15.990532636642456,7,6,7,16,15,20,23,16,29,32,7,15,30,17,sil
15.990532636642456,17,3,8,15,8,22,24,14,31,32,4,15,22,24,sil
16.006557941436768,5,-11,-8,-2,-5,4,5,3,23,24,-10,4,0,12,sil
16.006557941436768,0,-21,-12,-19,-8,-9,-14,1,20,18,-9,3,4,9,sil
16.021987676620483,10,-15,0,-14,-1,0,-3,9,26,18,10,18,27,22,sil
16.021987676620483,19,-3,1,-2,-1,1,11,9,20,7,17,24,20,18,sil
16.03792905807495,8,0,1,-6,0,-11,-1,-3,-6,-10,13,14,-1,-6,sil
16.03792905807495,-1,5,9,-6,0,-9,-15,-10,-25,-24,13,0,-11,-18,sil
16.052683353424072,3,15,12,7,-1,-4,-10,-4,-18,-24,18,0,-15,-8,sil
16.052683353424072,3,16,6,7,-2,-9,-9,0,-12,-14,20,4,-15,-13,sil
16.072776556015015,-19,0,-11,-9,-2,-9,-17,-9,-22,-20,4,-7,-19,-32,sil
16.072776556015015,-36,-9,-20,-14,-2,-5,-17,-18,-32,-38,-15,-29,-31,-34,sil
16.083637475967407,-28,-1,-3,1,0,0,-7,-10,-32,-23,-18,-32,-28,-19,sil
16.083637475967407,-11,8,11,22,4,6,2,-2,-21,4,-13,-16,-9,-3,sil
16.099154949188232,-5,0,10,23,5,11,7,-3,-8,4,-10,-8,1,6,sil
16.099154949188232,-2,-10,0,13,8,19,17,0,6,3,-8,-13,5,10,sil
16.114930868148804,-1,-12,-5,-4,3,20,18,11,17,17,-4,-13,7,9,sil
16.114930868148804,-2,-21,-8,-23,-7,7,9,15,22,21,-7,-5,7,10,sil
16.13081645965576,3,-20,-15,-21,-8,-1,5,8,26,16,-15,1,9,13,sil
16.13081645965576,11,0,-6,-12,-6,-4,-1,3,20,8,-10,13,15,13,sil
16.145896911621094,14,4,-2,-14,-14,-13,-12,5,10,3,0,17,17,11,sil
16.145896911621094,16,-2,-7,-20,-10,-23,-7,3,12,0,1,14,14,5,sil
16.161270141601562,20,2,2,-13,0,-22,-3,0,12,-6,4,26,11,5,sil
16.17693829536438,21,18,10,0,-2,-15,-15,-4,-5,-5,15,33,10,6,sil
16.17693829536438,17,27,7,9,0,-7,-17,-7,-21,-9,19,17,6,-3,sil
16.192663431167603,11,19,0,2,10,-2,-7,-7,-20,-23,10,3,-5,-14,sil
16.192663431167603,-3,6,-3,-7,4,-6,-7,-5,-28,-25,3,1,-18,-18,sil
16.192663431167603,-18,8,6,10,0,0,0,-8,-30,-13,2,-8,-16,-16,sil
16.208261489868164,-9,16,16,34,15,18,12,-2,-3,2,2,-16,-4,-3,sil
16.208261489868164,0,5,11,25,21,21,5,4,11,13,-1,-11,-2,7,sil
16.22356390953064,-9,-3,6,14,12,8,0,0,2,11,-3,-9,-7,6,sil
16.239514112472534,-17,0,7,22,5,11,7,0,1,12,-1,-16,-5,1,sil
16.239514112472534,-14,0,4,17,1,19,17,7,10,25,0,-13,-1,1,sil
16.254685640335083,-7,-10,0,6,-4,15,24,7,17,24,-3,-10,-5,7,sil
16.254685640335083,-4,-22,-3,-4,-15,5,26,6,22,13,-7,-9,-6,9,sil
16.26987624168396,-6,-28,-15,-24,-20,-1,13,15,25,14,-14,-5,0,5,sil
16.26987624168396,-1,-23,-20,-26,-10,-7,3,11,23,6,-21,-1,5,1,sil
16.285722017288208,11,-12,-4,-7,0,-12,0,0,15,-10,-5,15,11,5,sil
16.285722017288208,16,-5,-1,-1,-2,-16,-14,0,5,0,22,29,17,4,sil
16.300808906555176,13,0,0,-10,0,-9,-18,-1,-3,8,32,24,17,-6,sil
16.300808906555176,15,7,6,-5,3,-1,-4,-8,-11,-11,18,16,8,-7,sil
16.31687307357788,11,10,2,0,-1,-5,-4,-10,-17,-32,0,9,0,-2,sil
16.31687307357788,0,8,-1,0,-1,-5,-12,-6,-17,-22,-1,-2,0,-7,sil
16.332885026931763,0,13,3,9,13,0,-4,-4,-5,0,12,-9,2,-7,sil
16.332885026931763,-2,19,7,15,16,0,-6,-8,-7,0,13,-5,-8,-5,sil
16.348474979400635,-19,10,0,5,0,0,-19,-13,-25,-11,-5,-16,-22,-11,sil
16.348474979400635,-33,-9,-10,-3,-9,4,-17,-15,-38,-12,-25,-31,-27,-17,sil
16.363820791244507,-33,-21,-12,-10,-9,8,-8,-12,-34,-10,-34,-28,-26,-14,sil
16.363820791244507,-12,-10,-9,-10,-11,5,-5,-1,-11,-1,-30,-13,-14,2,sil
16.37959885597229,8,4,-3,-7,-8,0,0,10,11,10,-13,-4,2,18,sil
16.37959885597229,14,5,0,-7,2,1,12,16,21,11,1,1,12,17,sil
16.394638776779175,18,1,6,0,6,7,29,20,35,18,15,15,22,19,sil
16.394638776779175,18,2,8,-3,0,1,25,16,36,21,19,25,28,21,sil
16.410659074783325,9,2,-6,-23,0,-19,1,1,5,2,4,10,13,2,sil
16.410659074783325,0,0,-12,-31,-1,-32,-12,-4,-15,-15,-6,0,-4,-14,sil
16.42677092552185,0,0,6,-9,-6,-21,-13,-2,-4,-14,4,14,-2,-12,sil
16.42677092552185,0,13,15,17,2,6,-8,-2,8,-8,9,12,0,-10,sil
16.441914558410645,-1,15,11,31,18,26,5,4,10,2,-7,-5,-9,-8,sil
16.441914558410645,-2,-7,3,29,13,22,20,12,8,19,-14,-10,-8,3,sil
16.457874059677124,4,-19,-6,16,0,12,20,4,6,18,3,1,8,20,sil
16.457874059677124,12,-11,-4,4,3,3,13,0,11,4,16,7,15,26,sil
16.473585844039917,11,-10,-1,0,3,-2,0,0,13,4,9,11,11,13,sil
16.473585844039917,6,-8,-3,-9,-1,-1,-12,-8,-5,3,10,16,11,-6,sil
16.489537477493286,3,5,-2,-10,-6,-4,-14,-16,-20,-13,22,15,0,-15,sil
16.489537477493286,5,25,16,11,-4,-8,-12,-10,-12,-23,28,13,-11,-8,sil
16.505631685256958,7,38,36,37,6,0,-8,-3,-9,-11,16,6,-4,0,sil
16.505631685256958,0,27,24,32,12,6,2,-4,-18,0,-7,-13,-4,0,sil
16.52147078514099,-10,6,7,16,5,8,11,-5,-16,3,-16,-21,-14,-5,please
16.52147078514099,-19,-2,-1,7,-3,11,11,0,-9,2,-20,-19,-17,-7,please
16.537577629089355,-21,-14,-15,-13,-8,2,4,5,-9,-1,-32,-22,-15,-8,please
16.537577629089355,-11,-23,-22,-30,-13,-9,-7,4,1,-1,-24,-17,-8,-5,please
16.552728414535522,-5,-17,-19,-16,-19,-10,-13,4,16,5,-7,-10,1,0,please
16.552728414535522,-18,-16,-16,-13,-15,-9,-5,7,9,1,-12,-16,0,-5,please
16.567909955978394,-17,-18,-13,-17,0,-4,7,5,6,0,-13,-14,-5,-10,please
16.567909955978394,4,-2,-3,1,5,1,6,-1,7,3,3,1,5,0,please
16.58367133140564,11,2,5,5,-3,-3,-12,-8,-1,-2,12,9,16,7,please
16.58367133140564,1,-8,0,-12,-8,-8,-19,-8,-4,-13,6,0,2,0,please
16.598689079284668,0,-1,-5,-2,3,0,-5,0,0,-7,0,6,-7,-5,please
16.598689079284668,11,6,1,10,11,5,2,10,5,9,11,40,9,6,please
16.613920211791992,16,0,5,-10,0,-4,-6,5,10,15,23,45,23,17,please
16.613920211791992,10,0,0,-21,-7,-10,-10,0,2,7,14,13,16,8,please
16.629894256591797,7,10,-5,1,7,4,2,2,0,6,-1,-7,4,3,please
16.629894256591797,3,13,-1,6,18,15,14,3,0,2,-2,-7,-1,4,please
16.6454656124115,1,4,-1,-11,15,8,21,0,0,-2,6,-6,0,4,please
16.6454656124115,1,-4,-8,-27,8,5,20,0,11,4,6,-7,3,8,please
16.660548448562622,-8,-10,-7,-25,-6,5,4,-1,14,5,-10,-13,-7,0,please
16.660548448562622,-13,-4,-7,-7,-14,2,1,0,3,-3,-22,-22,-15,-11,please
16.675479650497437,0,4,1,3,0,9,19,11,3,1,-6,-14,-4,0,please
16.675479650497437,4,6,9,4,12,7,18,5,8,5,2,-4,-2,4,please
16.690667867660522,-5,2,2,14,2,-5,2,-10,-5,-9,-13,-9,-12,-10,please
16.690667867660522,-13,-6,-1,15,-3,-1,-3,-11,-22,-16,-20,-9,-10,-13,please
16.70595407485962,-8,-7,5,11,-2,1,-12,-4,-15,-2,-5,3,-5,-8,please
16.70595407485962,9,8,19,21,-1,-12,-21,-10,-4,0,11,25,2,-2,please
16.721885204315186,23,17,34,24,-3,-18,-16,-8,-9,-11,21,33,14,12,please
16.721885204315186,11,5,20,8,-5,-7,-9,2,-12,-13,14,18,11,13,please
16.737467527389526,0,0,4,10,-2,-2,-11,0,-3,-10,3,11,2,0,please
16.737467527389526,10,12,9,33,3,-8,-14,-5,1,-6,11,18,7,0,please
16.75254487991333,14,21,14,33,3,-16,-17,-1,-4,0,25,15,7,2,please
16.75254487991333,4,12,6,8,0,-9,-13,2,-7,7,19,3,0,-5,please
16.7677001953125,0,-1,-7,-4,0,8,1,2,-3,5,6,-3,2,-10,please
16.783666372299194,-9,-1,-11,-3,2,10,6,4,-9,0,-1,-3,1,-6,please
16.783666372299194,-12,1,-10,-3,-2,2,5,5,-10,5,-6,-8,-4,1,please
16.798860788345337,-4,-10,-12,-13,-3,11,17,4,12,12,-8,-21,-3,3,please
16.798860788345337,-14,-25,-16,-26,1,20,23,7,28,2,-21,-26,-6,-4,please
16.814926385879517,-26,-21,-20,-25,-6,11,10,7,17,-4,-32,-21,-14,-6,please
16.814926385879517,-9,-13,-15,-17,-9,0,5,0,6,7,-14,-16,-7,1,please
16.814926385879517,1,-16,-14,-14,0,0,9,-4,7,15,-4,-20,-2,-3,please
16.83059811592102,-5,-10,-13,-13,0,-2,-2,-7,0,-3,-21,-20,-12,-13,please
16.84588932991028,5,6,1,-8,-6,-9,-15,-1,-7,-13,-8,1,-4,0,please
16.84588932991028,16,4,5,-2,-1,-7,-5,6,7,9,22,21,14,24,please
16.86150312423706,0,-12,-4,-5,6,4,3,0,10,11,11,10,1,15,please
16.86150312423706,-3,-3,-2,-1,10,9,6,-6,-7,-4,-7,0,-11,-1,please
16.876524448394775,10,17,7,7,9,-2,4,0,-13,-1,4,11,6,2,please
16.876524448394775,0,14,6,7,5,-7,-3,0,-7,0,10,11,9,0,please
16.89166522026062,-9,8,2,7,8,12,-5,-4,-4,0,0,-2,-4,-5,please
16.89166522026062,0,7,8,7,5,21,3,0,2,15,0,0,1,3,please
16.90727996826172,4,0,6,1,0,2,8,8,14,20,0,3,9,9,please
16.90727996826172,0,-1,-1,-2,0,-8,2,3,9,0,-4,0,2,0,please
16.9229416847229,-1,-1,-3,-4,-1,-10,-7,-7,-7,-17,-1,-3,0,-12,please
16.9229416847229,-3,-11,-10,-4,-16,-14,-5,-11,-8,-20,0,-8,-4,-13,please
16.938895225524902,-2,-11,-6,0,-14,-1,3,-3,7,-6,0,-3,0,2,please
16.938895225524902,1,0,3,0,-6,2,4,2,10,6,7,9,12,10,please
16.955010414123535,8,1,8,-13,-17,-17,-5,-2,-11,-6,5,5,2,-3,please
16.955010414123535,12,-1,16,-17,-18,-19,-14,-6,-18,-21,-1,4,-11,-6,please
16.970633268356323,14,1,14,8,5,0,-4,3,4,-6,8,20,9,10,please
16.970633268356323,9,12,5,21,26,1,2,5,9,5,24,25,32,13,please
16.986558437347412,7,13,9,2,17,0,-3,-3,-5,0,20,14,17,2,please
16.986558437347412,9,8,12,5,-1,3,-2,0,0,-6,1,1,-3,-1,please
20.36936593055725,0,3,3,7,-2,6,2,-10,-20,-13,-22,-22,-17,-5,please
20.38492727279663,0,0,0,9,5,6,8,-9,-14,0,-24,-15,-11,1,please
20.38492727279663,-10,-9,-8,0,7,9,5,-4,-6,10,-21,-11,-11,7,please
20.40053987503052,-8,-13,-17,-9,1,12,6,0,-2,-1,-16,-9,-12,11,please
20.40053987503052,-8,-15,-21,-20,0,7,8,0,2,-2,-19,-14,-13,0,please
20.40053987503052,-21,-20,-19,-34,-3,2,1,5,12,13,-28,-19,-14,-14,please
20.4169282913208,-20,-20,-24,-47,-7,-3,-5,11,11,7,-12,-12,-2,-12,please
20.4169282913208,-9,-5,-21,-46,-1,-8,-9,1,-2,-18,10,-1,3,-9,please
20.431132078170776,-7,7,-2,-17,10,5,4,-3,-6,-9,0,-6,-10,-16,please
20.44678807258606,-1,7,8,19,14,27,31,6,11,18,-22,-9,-17,-3,please
20.44678807258606,5,-1,8,20,7,19,33,9,20,17,-15,4,-1,16,please
20.46281337738037,11,-6,3,8,-3,-6,10,2,9,3,3,18,13,19,please
20.46281337738037,22,1,7,14,-4,-12,1,2,6,-7,10,26,20,14,please
20.478042125701904,23,9,13,16,-3,-9,0,2,10,-19,19,28,24,9,please
20.478042125701904,10,4,9,3,-9,-17,-18,0,0,-10,32,26,23,0,please
20.493741989135746,8,10,16,4,-8,-18,-34,-5,-18,6,40,31,18,-3,please
20.493741989135746,13,29,25,19,-3,-8,-28,-4,-8,1,41,27,16,0,please
20.5097496509552,19,33,29,27,-3,-11,-22,-2,7,-3,42,21,15,1,please
20.5097496509552,26,34,41,33,2,-8,-16,-4,-1,11,41,25,13,2,please
20.52546715736389,17,32,35,40,15,7,1,-9,-12,15,25,15,2,8,please
20.52546715736389,1,14,9,39,19,16,13,-4,-1,9,5,-8,-7,6,please
20.540624141693115,-7,0,-8,23,9,18,10,0,4,20,-4,-19,-4,-4,please
20.540624141693115,-20,-6,-10,7,1,14,7,-8,-9,15,-14,-20,-3,-11,please
20.55631446838379,-26,-18,-9,4,7,8,9,-7,-13,-5,-28,-25,-15,-6,please
20.55631446838379,-16,-28,-16,-7,4,12,17,5,2,0,-40,-32,-19,2,please
20.57199597358704,-17,-30,-22,-39,-10,13,21,7,5,12,-39,-29,-7,0,please
20.57199597358704,-19,-33,-26,-45,-16,0,14,3,-2,0,-32,-22,-1,0,please
20.58751964569092,-14,-27,-30,-33,-14,-7,0,10,0,-15,-37,-21,-9,3,please
20.58751964569092,-12,-20,-31,-37,-14,-10,-4,16,12,-21,-45,-24,-22,2,please
20.6025938987732,0,-16,-24,-38,-11,-14,-1,9,17,-14,-34,-12,-17,4,please
20.6025938987732,4,-16,-15,-32,-7,-13,-7,0,5,-11,-8,2,-2,6,please
20.61758708953857,-7,-14,-16,-26,-5,-16,-19,-2,-11,-18,0,4,0,-7,please
20.61758708953857,0,3,-7,-3,0,-18,-23,-2,-12,-13,6,9,-1,-10,please
20.632883310318,26,27,16,17,3,-6,-17,-2,2,4,33,27,13,2,please
20.632883310318,33,27,22,15,0,-1,-11,-1,12,5,53,38,27,7,please
20.64862561225891,21,18,22,10,10,-4,-5,-4,3,-8,38,37,18,0,please
20.64862561225891,13,15,17,17,23,5,8,-4,-6,-8,15,21,2,-3,please
20.66397380828857,3,8,2,18,8,14,13,0,-6,-9,9,-3,-9,-14,please
20.664299964904785,-10,6,3,14,0,7,7,0,-4,-14,6,-13,-14,-26,please
20.67950201034546,-14,7,9,13,3,3,12,-2,0,4,1,-11,-5,-16,please
20.67950201034546,-12,5,3,7,0,7,7,0,-2,22,6,-8,4,-2,please
20.695626735687256,-10,8,5,4,0,6,-1,0,-6,14,17,0,4,0,please
20.695626735687256,-6,13,13,9,3,6,4,-2,-3,9,11,1,0,3,please
20.71121597290039,-8,5,13,9,-4,11,9,-5,-2,16,-8,-7,-3,5,please
20.71121597290039,-3,4,6,10,1,14,9,-5,-1,21,-16,-10,-3,2,please
20.72679376602173,4,6,8,12,19,11,9,0,0,22,-8,0,-1,10,please
20.72679376602173,0,-7,5,4,11,11,1,4,0,16,-9,0,0,14,please
20.742892026901245,0,-20,-3,-7,-4,8,-3,-1,0,5,-21,-4,0,12,please
20.742892026901245,8,-19,-7,-16,-12,-5,0,-2,9,0,-18,-1,8,16,please
20.758933544158936,0,-19,-12,-16,-21,-18,-6,3,14,1,-15,-2,7,13,please
20.758933544158936,-2,-15,-14,-13,-17,-15,-11,5,10,-6,-19,-7,1,2,please
20.774083375930783,16,-5,-7,-8,-1,-6,0,9,15,-11,-7,0,6,6,please
20.774083375930783,19,-9,-12,-6,-6,-4,9,15,21,-7,7,5,6,8,please
20.78962635993957,0,-14,-17,-11,-10,-7,0,8,5,-13,7,8,0,-3,please
20.78962635993957,-1,0,-12,-8,1,-12,-4,0,-6,-21,7,9,4,-9,please
20.80552649497986,0,12,-4,-2,3,-19,0,1,-2,-15,15,6,13,-6,please
20.80552649497986,-7,5,-3,-3,-3,-16,-10,0,-3,-5,15,2,10,-11,please
20.82094359397888,-4,3,-1,-1,0,0,-17,-10,-11,-6,8,2,0,-20,please
20.82094359397888,0,10,11,10,10,7,-7,-16,-19,-17,2,3,-12,-21,please
20.83676815032959,-5,10,16,13,4,-2,0,-13,-24,-19,1,0,-18,-13,please
20.83676815032959,-2,9,7,1,0,-3,-12,-7,-22,-6,2,0,-16,-5,please
20.85280728340149,0,14,11,4,10,6,-17,-4,-18,-1,-2,1,-20,-9,please
20.85280728340149,-7,15,16,19,18,11,-2,-3,-10,-6,-8,-4,-24,-10,please
20.86815094947815,-11,0,5,8,12,10,6,0,7,9,-1,-12,-5,2,please
20.86815094947815,-3,-10,-5,-4,4,11,8,6,16,31,8,-11,15,17,please
20.88318943977356,0,-2,1,6,0,10,12,5,4,19,0,-11,7,15,please
20.88318943977356,-4,0,0,8,-10,11,12,7,1,1,-14,-17,-9,3,please
20.89868354797364,-8,-10,-15,-6,-15,13,15,10,19,17,-13,-14,-4,3,sil
20.89868354797364,-1,-12,-15,-3,-1,16,27,6,25,24,0,0,5,9,sil
20.914461612701416,9,-7,-4,6,0,14,29,7,21,14,2,7,9,11,sil
20.914461612701416,16,-6,0,-5,-13,-6,4,10,27,24,2,7,21,16,sil
20.92989039421081,16,-4,2,-25,-17,-28,-20,0,17,21,14,20,32,17,sil
20.92989039421081,16,0,1,-23,-2,-22,-22,-11,-11,-17,16,24,19,6,sil
20.94555306434632,10,7,4,-13,6,-12,-18,-8,-29,-42,3,10,0,-7,sil
20.94555306434632,5,11,10,0,4,-19,-20,-2,-27,-33,0,3,-4,-12,sil
20.960720539093018,8,20,12,22,7,-13,-16,-8,-23,-19,8,8,0,-10,sil
20.97678589820861,5,29,20,35,20,5,-2,-7,-15,-5,17,11,-2,-5,sil
20.97678589820861,0,18,17,35,17,13,11,0,0,7,6,0,-4,0,sil
20.99280905723572,-14,-6,0,17,3,16,14,0,1,7,-16,-17,-7,-1,sil
20.99280905723572,-32,-28,-22,-14,-3,18,11,-5,-4,3,-33,-31,-23,-11,sil
20.99280905723572,-39,-35,-33,-32,-11,8,11,-3,1,2,-37,-34,-30,-10,sil
21.007937908172607,-20,-30,-18,-22,-14,2,14,10,17,9,-25,-13,-6,5,sil
21.007937908172607,6,-18,-4,-9,-5,1,15,20,29,22,-3,7,13,15,sil
21.02401328086853,19,-3,-4,-9,-3,-4,2,12,20,9,7,11,7,9,sil
21.03873348236084,16,2,-3,-8,-10,-9,-10,1,0,-17,7,10,0,0,sil
21.03873348236084,9,0,-1,-7,-7,-9,-12,-1,-5,-16,7,13,5,-8,sil
21.054855346679688,1,-2,-2,-10,0,-8,-9,-2,-1,-2,6,13,11,-7,sil
21.054855346679688,5,13,-3,-7,6,-4,-8,-4,-3,-3,8,10,12,0,sil
21.054855346679688,13,25,10,2,4,-4,-10,-10,-12,-12,16,15,6,0,sil
21.069994688034058,7,15,22,11,-2,-8,-12,-11,-17,-11,12,9,-1,-8,sil
21.069994688034058,-8,5,8,8,-2,-3,-10,-3,-12,-3,2,-10,-7,-14,sil
21.0855495929718,-16,12,2,5,1,-2,-6,-1,-6,0,10,-9,-6,-15,sil
21.10167121887207,-3,25,16,20,3,-5,5,-5,-4,2,16,2,-1,-7,sil
21.10167121887207,5,20,20,31,10,8,8,-4,-10,1,0,-9,-5,0,sil
21.11732578277588,-4,0,5,21,12,20,0,0,-6,0,-13,-20,-11,2,sil
21.11732578277588,-10,-8,-10,3,6,13,1,4,18,10,-7,-5,1,18,sil
21.118326663970947,-4,-8,-14,-11,3,13,9,12,34,22,-9,0,12,19,sil
21.133490085601807,-6,-17,-17,-10,-2,16,13,13,24,13,-19,-18,-2,1,sil
21.1485607624054,-9,-26,-19,-9,-10,0,11,2,9,0,-17,-20,-17,-1,sil
21.1485607624054,0,-23,-15,-20,-12,-20,-1,-3,2,1,-8,-1,-7,4,sil
21.163689613342285,10,-9,-5,-20,-11,-22,-16,0,-1,1,3,13,10,6,sil
21.163689613342285,17,2,10,-11,-6,-17,-20,-1,-15,-15,17,22,11,2,sil
21.178869009017944,14,8,12,-8,-1,-17,-19,-12,-33,-32,11,14,-5,-8,sil
21.178869009017944,2,15,10,6,0,-8,-8,-10,-34,-22,1,1,-15,-9,sil
21.19491577148437,0,17,18,30,6,12,15,4,-16,0,9,1,-4,2,sil
21.19491577148437,9,7,14,31,11,28,30,6,-2,9,7,3,3,4,sil
21.21058893203736,1,-1,5,21,15,31,31,-2,0,16,-4,0,2,6,sil
21.21058893203736,-10,-6,-1,11,14,24,34,3,12,34,-2,0,12,14,sil
21.22591471672058,-1,-12,-12,-2,5,9,23,14,23,33,5,1,30,13,sil
21.22591471672058,8,-16,-14,-12,-3,-5,-2,8,20,6,0,2,25,10,sil
21.2417905330658,0,-16,-14,-17,-9,-17,-15,6,23,-4,-7,2,9,9,sil
21.2417905330658,-5,-9,-14,-29,-12,-25,-19,11,30,5,1,2,6,0,sil
21.258001804351807,4,8,-4,-22,-6,-21,-23,4,23,8,10,6,7,-7,sil
21.258001804351807,4,17,3,-9,-1,-11,-23,-2,9,-4,6,5,0,-9,sil
21.273677110672,-4,12,-1,-13,-4,0,-17,-2,-5,-16,3,3,-10,-16,sil
21.273677110672,-3,13,0,-5,-2,7,-7,-9,-18,-15,5,5,-17,-17,sil
21.28890633583069,-1,16,19,7,3,6,-3,-14,-21,-22,2,4,-21,-10,sil
21.28890633583069,-4,8,24,8,1,-2,-7,-8,-14,-26,-11,-10,-18,-10,sil
21.30431580543518,-1,4,8,14,1,-2,-5,-10,-13,-15,-19,-21,-15,-14,sil
21.30431580543518,-6,0,11,20,4,6,3,-8,-15,-8,-11,-12,-14,-11,sil
21.319857835769653,-13,-16,3,6,0,9,14,0,-11,-7,-8,-13,-14,-5,sil
21.319857835769653,-7,-24,-16,-4,-5,5,16,-4,-11,-2,-13,-27,-19,-4,sil
21.33554649353028,-5,-8,-18,0,0,6,17,-4,-11,0,-13,-20,-15,-2,sil
21.33554649353028,-8,5,-5,8,5,5,15,3,-6,5,-3,1,1,4,sil
21.351182222366333,2,0,0,2,0,-3,0,1,-5,9,4,11,12,8,sil
21.351182222366333,13,-7,-1,-3,-7,-8,-11,0,0,4,8,9,17,10,sil
21.36633014678955,9,0,0,1,-4,-4,-8,6,10,0,12,18,25,12,sil
21.36633014678955,4,2,0,6,0,-4,-1,9,5,9,14,23,20,13,sil
21.382886171340942,-3,-4,-6,0,0,0,1,4,-3,20,5,1,3,8,sil
21.382886171340942,-20,-8,-13,-9,1,8,0,-2,0,6,-5,-17,-3,-7,sil
21.398173332214355,-3,-4,-12,0,1,3,0,0,17,0,-1,-2,1,-8,sil
21.398173332214355,28,1,4,9,1,-3,0,15,35,29,11,20,21,19,sil
21.413647413253784,26,1,10,2,3,-6,0,17,35,41,9,17,30,31,sil
21.413647413253784,10,-6,-5,-14,-2,-14,-7,3,20,6,0,9,14,13,sil
21.429600477218628,16,0,2,-16,-5,-21,-15,0,6,-15,12,24,10,4,sil
21.429600477218628,19,23,18,-2,0,-9,-10,0,0,-4,29,27,17,5,sil
21.44471740722656,-2,20,6,-6,0,0,-7,-13,-17,-11,12,-3,-4,-7,sil
21.44471740722656,-23,3,-1,-12,0,-3,-12,-18,-32,-28,-17,-23,-35,-24,sil
21.46022939682007,-15,12,11,7,12,4,0,-3,-19,-19,-11,-13,-28,-13,sil
21.46022939682007,-1,26,19,26,19,25,21,0,-2,-11,6,-2,-15,1,sil
21.4762442111969,-1,12,10,15,5,20,19,-4,-9,-13,-2,-7,-19,-5,sil
21.4762442111969,-8,-7,-1,0,-7,6,6,-2,-23,-13,-20,-16,-26,-17,sil
21.49289894104004,-9,-10,-1,5,0,14,12,0,-12,-6,-19,-20,-20,-13,sil
21.49289894104004,-6,-5,1,18,6,21,17,1,11,2,-11,-17,-6,-2,sil
21.507954597473145,-11,-7,-7,5,0,9,4,1,8,9,-14,-14,-5,0,sil
21.507954597473145,-18,-20,-26,-12,-7,0,0,-3,-5,11,-22,-25,-11,-8,sil
21.52358770370484,-17,-30,-31,-14,-5,0,3,-4,0,5,-24,-28,0,-10,sil
21.52358770370484,-8,-25,-15,-13,-2,-6,1,5,13,3,-10,-8,15,3,sil
21.53893542289734,0,-14,-6,-19,-12,-10,0,11,15,13,6,5,19,16,sil
21.53893542289734,4,-11,-5,-23,-13,-12,-4,3,8,9,4,12,15,9,sil
21.55459427833557,20,-5,-1,-13,-3,-16,-12,0,15,1,8,28,22,7,sil
21.55459427833557,32,7,5,0,0,-15,-6,4,24,11,32,47,37,22,sil
21.570257902145386,18,14,11,0,-1,-16,-7,1,6,6,29,40,28,12,sil
21.570257902145386,7,15,8,-3,-4,-14,-14,-8,-9,-12,10,23,5,-8,sil
21.585893154144287,18,21,15,9,-1,0,-7,-4,-3,0,21,21,10,1,sil
21.585893154144287,17,22,22,20,1,0,-6,4,0,14,28,15,16,7,sil
21.60146927833557,-3,14,17,15,0,-11,-21,-2,-16,-4,14,-1,-6,-13,sil
21.60146927833557,-6,10,18,14,2,-2,-15,-8,-23,-17,8,-3,-17,-18,sil
21.61747622489929,1,11,11,25,12,11,2,-1,-17,-9,-2,-12,-12,-5,sil
21.61747622489929,-8,9,-1,24,14,9,7,-5,-18,-9,-23,-28,-23,-9,sil
21.632601976394653,-15,5,-2,11,7,13,11,-7,-9,0,-17,-20,-21,-7,sil
21.632601976394653,-10,0,0,8,8,21,15,0,6,14,-7,-6,-8,10,sil
21.64827036857605,-18,-19,-10,1,10,18,10,1,-1,2,-16,-17,-16,9,sil
21.64827036857605,-26,-28,-23,-10,0,15,14,2,-6,0,-23,-22,-15,-1,sil
21.66361212730408,-11,-18,-17,-18,-3,7,16,12,16,15,-14,-8,2,5,sil
21.66361212730408,1,-15,-12,-25,-7,-5,7,13,33,8,-10,-2,1,13,sil
21.679137706756592,-3,-21,-22,-31,-18,-9,3,7,20,-13,-13,-5,-9,8,sil
21.679137706756592,-4,-16,-24,-28,-15,-11,0,3,3,-25,-15,-3,-12,-2,sil
21.69470262527465,6,-13,-16,-28,-12,-19,-8,-4,0,-25,-15,-2,-8,-12,sil
21.69470262527465,13,-8,-2,-28,-18,-20,-14,-5,-1,-13,0,5,1,-7,sil
21.71022748947144,18,14,13,-3,-7,-17,-13,0,-6,-2,23,16,14,-1,sil
21.71022748947144,18,34,18,24,10,-17,-20,-8,-9,-8,25,10,9,-7,sil
21.72551369667053,9,32,19,17,9,-13,-24,-15,-14,-14,12,3,0,-13,sil
21.72551369667053,9,26,24,11,6,-1,-8,-7,-15,0,17,8,11,-6,sil
21.74160385131836,6,25,23,33,17,12,8,-3,-7,17,27,12,26,3,sil
21.74160385131836,-3,15,14,42,23,27,15,0,1,23,20,8,20,4,sil
21.756325244903564,-6,3,5,26,17,33,16,5,3,24,7,0,7,6,sil
21.756325244903564,-4,0,6,13,9,25,15,7,0,25,-4,-7,0,10,sil
21.77288722991944,-6,-8,1,6,3,15,15,8,0,21,-12,-10,-3,4,sil
21.77288722991944,-10,-18,-11,-6,-4,15,15,5,4,12,-12,-7,-4,0,sil
21.78897476196289,-4,-16,-6,-9,-12,14,17,3,11,12,-11,-1,2,10,sil
21.78897476196289,1,-5,2,-4,-10,5,19,11,20,18,-7,3,9,20,sil
21.80454063415528,0,-10,-2,-18,-5,-7,8,12,23,10,0,9,9,16,sil
21.80454063415528,-5,-24,-19,-27,-9,-20,-8,3,24,6,-2,7,5,7,sil
21.82062649726868,-6,-22,-21,-16,-12,-22,-19,-1,13,3,-10,1,0,-1,sil
21.82062649726868,0,-11,-7,-10,-8,-13,-20,-5,-5,-16,-9,-1,-7,-9,sil
21.83580255508423,8,0,0,-5,-3,-13,-11,-6,-11,-28,0,-3,-11,-6,sil
21.83580255508423,7,10,1,2,0,-16,-6,-4,-14,-24,9,0,-8,-2,sil
21.85185742378235,2,11,1,2,0,-12,-9,-6,-15,-21,15,10,-2,-10,sil
21.85185742378235,6,2,3,-3,0,-12,-14,-9,-12,-27,11,8,-3,-14,sil
21.86731481552124,5,0,5,-2,-2,-14,-16,-2,-13,-28,-3,-3,-15,-15,sil
21.86731481552124,-2,4,-1,2,-7,-8,-10,0,-10,-10,-8,-3,-13,-11,sil
21.88298463821411,0,4,-4,0,-4,-4,-6,-7,-7,-1,9,0,0,-8,sil
21.88298463821411,5,6,2,-6,3,1,-3,-4,-11,-16,12,-1,-3,-7,sil
21.89863443374633,-1,5,1,-14,5,6,-1,0,-13,-19,-12,-7,-15,-6,sil
21.915904998779297,-11,1,-2,-9,3,1,-5,-4,-12,-7,-20,-9,-17,-9,sil
21.915904998779297,-11,5,-1,12,5,4,-2,-5,-8,-1,-2,-16,-12,-7,sil
21.915904998779297,-8,11,6,23,9,19,7,1,-8,8,0,-15,-4,0,sil
21.92923927307129,-4,5,3,17,12,25,10,0,-10,20,-9,-11,-1,0,sil
21.92923927307129,-4,0,-1,12,9,22,15,-3,0,20,-8,-6,0,6,sil
21.94499254226685,-8,0,4,3,6,16,19,4,18,20,0,0,10,13,sil
21.94499254226685,-5,-2,2,0,4,6,8,6,14,20,0,0,13,7,sil
21.96049666404724,1,-5,1,7,0,3,1,5,9,19,0,0,10,5,sil
21.975532293319706,12,-2,11,9,0,9,18,17,27,27,5,13,22,21,sil
21.975532293319706,18,4,7,9,15,11,28,19,39,35,11,18,28,33,sil
21.9909508228302,15,3,-1,7,14,1,14,1,27,28,9,9,13,25,sil
21.9909508228302,6,-10,-8,-5,-15,-12,0,-5,12,7,-7,0,3,8,sil
22.00688958168029,-5,-19,-19,-22,-23,-12,-3,-1,0,-13,-21,-7,-1,-5,sil
22.00688958168029,-16,-19,-22,-25,-11,-12,-5,-2,-6,-21,-13,-10,-6,-14,sil
22.02290964126587,-15,-18,-17,-23,-18,-20,-10,-3,-6,-17,2,-1,0,-15,sil
22.02290964126587,3,-3,-3,-15,-14,-12,-9,2,-6,-13,16,17,11,-7,sil
22.038727283477783,22,22,11,7,7,2,1,9,6,-4,23,23,18,6,sil
22.038727283477783,24,26,19,16,8,-8,-1,10,12,0,30,21,20,12,sil
22.05386018753052,16,19,23,4,-2,-18,-15,4,-4,-9,37,27,10,3,sil
22.05386018753052,7,21,20,9,1,2,-12,-7,-18,-26,24,10,-13,-8,sil
22.069805145263672,-6,14,9,22,10,20,0,-14,-20,-24,-6,-22,-32,-18,sil
22.069805145263672,-15,-1,0,16,6,17,2,-10,-14,0,-24,-28,-25,-13,sil
22.084876775741577,-10,-11,-2,6,-1,6,-3,-4,-5,12,-19,-8,-12,0,sil
22.084876775741577,-3,-16,-4,0,-10,-7,-7,0,0,13,-9,-3,-5,3,sil
22.10693597793579,-5,-18,-14,-12,-16,-13,-7,0,11,12,-1,-2,5,2,sil
22.10693597793579,-2,-13,-11,-24,-21,-16,-15,-4,8,-7,1,12,14,1,sil
22.10693597793579,6,-7,0,-20,-17,-31,-28,-13,-22,-26,0,17,3,-4,sil
22.11696529388428,3,2,6,-12,3,-24,-29,-18,-45,-33,3,9,-13,-17,sil
22.13306975364685,-5,12,8,-3,23,7,-13,-11,-34,-36,0,0,-23,-21,sil
22.13306975364685,-8,9,6,6,21,19,7,1,-13,-14,-14,-15,-23,-12,sil
22.148619890213013,-12,2,4,11,18,14,21,6,-2,14,-18,-24,-15,-7,sil
22.148619890213013,-17,0,-9,2,20,23,27,0,5,17,-13,-28,-8,-10,sil
22.16365146636963,-13,-5,-21,-6,9,22,29,0,14,16,-21,-29,-4,0,sil
22.16365146636963,0,-5,-5,3,0,8,24,7,11,22,-24,-17,0,13,sil
22.178978204727173,8,-3,0,6,2,7,12,7,5,16,-9,-5,7,14,sil
22.178978204727173,2,-3,-11,-7,0,6,5,5,14,13,0,-5,9,12,sil
22.19459366798401,4,1,-4,2,-4,-2,9,6,25,19,-7,-5,9,11,sil
22.19459366798401,2,1,-3,11,-1,0,5,7,19,15,-7,-1,13,3,sil
22.210174560546875,-8,-8,-13,-16,-4,6,0,14,15,8,2,3,13,1,please
22.210174560546875,-8,-11,-13,-24,-11,0,3,18,24,13,8,4,3,8,please
22.22525954246521,-2,-6,0,-2,-9,-2,1,4,19,10,7,5,1,9,please
22.22525954246521,4,-2,8,10,-10,0,-4,-4,9,8,14,14,10,8,please
22.241286754608154,19,8,18,14,-10,-1,-3,-2,1,0,24,24,10,12,please
22.241286754608154,21,15,24,13,-2,-3,-4,-2,-8,-19,26,27,9,6,please
22.25688982009888,14,8,15,13,2,1,0,0,3,-7,31,29,24,10,please
22.25688982009888,19,4,10,16,3,0,0,4,19,12,33,32,28,18,please
22.27314758300781,14,5,1,13,6,-12,-8,0,3,0,13,18,9,1,please
22.27314758300781,0,5,-6,3,2,-15,-7,-2,-17,-17,-1,1,-4,-13,please
22.28828382492065,-9,-5,-7,-12,-10,-7,-2,-3,-19,-24,-5,-8,-10,-15,please
22.28828382492065,-18,-26,-20,-32,-20,-15,-13,-13,-21,-30,-18,-20,-22,-30,please
22.303805589675903,-14,-15,-16,-29,-9,-24,-22,-11,-23,-22,-17,-14,-20,-31,please
22.303805589675903,2,17,2,-2,6,-12,-6,-2,-11,-6,4,0,0,-5,please
22.31885266304016,-1,18,2,2,5,-5,-2,-13,-21,-22,0,-7,-4,-2,please
22.31885266304016,-11,8,12,-8,1,-4,-23,-14,-45,-38,-20,-11,-28,-15,please
22.33472967147827,5,19,17,11,14,5,-11,0,-12,2,-4,-2,-12,-7,please
22.33472967147827,12,21,9,22,21,6,10,-1,14,30,15,2,6,6,please
22.350247144699097,6,15,26,0,12,2,-4,2,-11,2,10,8,-4,7,please
22.350247144699097,0,9,23,4,7,14,-3,4,-12,1,9,3,-6,0,please
22.36608457565308,-10,-5,-2,18,7,18,17,-5,9,24,1,-9,0,0,please
22.36608457565308,-11,-15,-1,2,4,18,17,0,12,17,-22,-11,-3,11,please
22.382071495056152,1,-14,1,-5,2,23,18,9,26,17,-24,-4,4,18,please
22.382071495056152,11,-11,-2,13,0,17,25,8,38,36,-4,3,14,19,please
22.39709067344665,5,-7,2,21,-2,14,19,10,23,35,0,3,4,18,please
22.39709067344665,-9,-16,-7,6,-5,11,12,3,11,15,-17,-11,-4,2,please
22.412787437438965,-16,-26,-29,-8,-10,-2,16,3,9,11,-30,-19,-5,0,please
22.412787437438965,-6,-15,-20,-14,-10,-2,21,20,10,15,-17,-3,0,20,please
22.4285409450531,0,-15,-15,-23,-7,1,16,16,13,-3,0,0,9,12,please
22.4285409450531,-5,-19,-31,-26,-15,-17,-15,-7,-3,-35,0,-10,1,-20,please
22.444639205932617,-11,-3,-27,-16,-5,-22,-35,-13,-25,-35,0,-9,-10,-30,please
22.444639205932617,-5,1,-18,-6,19,-7,-18,-7,-8,-15,3,-3,-3,-20,please
22.459728479385376,-2,0,-11,-9,-15,-15,-12,0,5,-14,3,-3,7,-12,please
22.459728479385376,-4,15,2,-6,-64,-28,-21,1,0,-14,11,0,9,-6,please
22.47485566139221,1,20,5,4,-15,-13,-15,-5,0,-4,13,0,3,-5,please
22.47485566139221,8,7,15,0,42,0,-15,-4,-5,-10,0,5,-3,0,please
22.48994207382202,4,7,20,0,20,0,-16,-4,-13,-13,10,14,0,2,please
22.48994207382202,4,11,5,8,4,0,-4,-5,-4,-3,25,18,9,3,please
22.505534648895264,16,13,16,1,19,6,4,0,-3,-2,17,21,4,2,please
22.505534648895264,14,14,26,-1,10,3,5,0,-11,0,7,9,-2,-1,please
22.521657466888428,0,3,10,4,0,0,3,0,-15,3,0,-4,-6,0,please
22.521657466888428,0,0,4,6,3,7,7,5,-11,6,-9,0,-1,10,please
22.53658556938172,7,13,9,11,-3,6,10,-4,-8,1,0,3,2,6,please
22.53658556938172,8,14,14,12,-2,-6,-5,-12,-10,-11,8,0,-1,-5,please
22.55264639854431,6,1,16,7,5,-5,-7,-1,-1,-2,6,4,-1,1,please
22.55264639854431,1,2,16,15,5,9,11,2,12,16,10,16,12,12,please
22.567891597747803,4,10,11,22,1,15,17,3,17,15,12,18,17,12,please
22.567891597747803,5,-4,-2,0,-6,8,11,9,20,18,3,5,5,11,please
22.583614587783813,-3,-20,-13,-18,-9,3,14,5,15,30,0,-7,-5,6,please
22.583614587783813,-2,-5,-8,6,1,8,17,0,1,20,-6,-11,-7,0,please
22.598474740982056,-1,4,0,24,6,10,6,-2,-3,0,-17,-10,-8,-2,please
22.61460852622986,-15,-9,-8,10,0,6,0,-3,3,-3,-12,-16,-17,-7,please
22.61460852622986,-17,-15,-11,1,3,9,5,2,9,11,-4,-15,-11,-5,please
22.63022875785828,-8,-10,-7,-8,2,0,6,10,10,14,-9,-6,0,1,please
22.63022875785828,-12,-19,-22,-28,-5,-14,0,6,8,-4,-18,-15,-9,0,please
22.64687848091125,-9,-19,-21,-20,0,-2,0,0,0,-15,-21,-20,-14,-1,please
22.64687848091125,1,-4,-3,0,5,13,2,2,-2,-5,-19,-2,0,4,please
22.64687848091125,-4,-3,-17,-16,-6,2,-8,0,-2,-7,-20,1,0,-1,please
22.661978006362915,-9,-12,-25,-31,-11,-11,-20,-6,-6,-23,-17,-3,-9,-15,please
22.661978006362915,0,-4,-5,-9,-2,-13,-18,-5,-2,-16,-4,2,4,-6,please
22.677546739578247,4,2,1,-3,-12,-19,-18,0,2,-2,14,15,24,3,please
22.69263482093811,2,-3,-2,-19,-18,-20,-20,0,-4,-3,23,17,20,-3,please
22.69263482093811,7,7,4,-4,1,-12,-10,-3,-13,-13,12,6,6,-7,please
22.7085554599762,8,22,11,11,9,-11,-2,0,-12,-21,5,-2,-2,-8,please
22.7085554599762,7,10,8,0,-7,-17,-4,1,-6,-10,11,0,-3,-6,please
22.724725246429443,9,5,15,-1,-7,-5,-4,0,-7,3,22,12,7,3,please
22.724725246429443,13,19,26,13,7,4,-6,-4,-16,-2,18,6,10,8,please
22.74080967903137,8,14,10,15,7,0,-7,-11,-16,-4,5,-9,0,-1,sil
22.74080967903137,0,5,0,11,7,0,3,-7,-3,7,6,-2,0,-3,sil
22.757917404174805,1,14,13,11,12,10,14,1,5,3,11,13,5,6,sil
22.757917404174805,1,9,18,5,2,10,8,4,1,0,4,5,-3,5,sil
22.757917404174805,-7,-9,-3,5,-4,13,8,1,6,19,-2,-7,-8,-1,sil
22.771585941314697,-3,-8,-7,12,5,25,20,3,15,23,2,-1,0,4,sil
22.786524295806885,6,6,18,15,14,28,19,7,10,9,8,10,0,10,sil
22.786524295806885,5,5,18,23,5,16,10,3,7,10,5,5,-1,2,sil
22.802762269973755,1,-1,2,26,0,8,5,-1,4,1,-14,-4,-7,-1,sil
22.802762269973755,-4,1,-1,17,11,11,12,0,1,0,-26,-4,-5,4,sil
22.818522691726685,-14,0,-15,2,7,12,18,3,11,19,-11,-8,0,6,sil
22.818522691726685,-18,-19,-28,-21,-12,-5,1,0,5,9,-8,-18,-9,-8,sil
22.83358860015869,-15,-26,-25,-28,-11,-19,-11,-2,-5,-9,-25,-16,-19,-13,sil
22.83358860015869,-9,-8,-13,-11,4,-5,-5,4,5,3,-20,-1,-12,4,sil
22.84889841079712,0,-1,-8,-11,-2,2,0,9,14,8,-1,0,-4,13,sil
22.84889841079712,5,-17,-20,-27,-20,-15,0,2,3,-8,2,-3,3,2,sil
22.86422085762024,1,-17,-16,-29,-13,-29,-6,-2,0,-11,0,8,8,0,sil
22.86422085762024,0,0,-5,-18,-4,-19,-15,-3,0,-5,0,10,2,-1,sil
22.87986660003662,7,0,-3,-18,-16,-12,-22,-3,-9,-14,0,-1,0,-9,sil
22.87986660003662,16,0,8,-22,-13,-11,-19,-3,-9,-20,16,10,13,-6,sil
22.895965576171875,10,11,14,-6,5,-6,-10,-4,-4,-9,21,20,16,-1,sil
22.895965576171875,-3,14,16,3,7,0,-9,-8,-22,-10,6,1,2,-10,sil
22.91161417961121,0,7,21,9,4,2,-1,-6,-21,-18,5,-4,4,-7,sil
22.91161417961121,12,10,20,23,12,5,11,6,7,-2,15,4,17,5,sil
22.92740035057068,10,20,25,26,14,13,12,10,11,13,5,2,4,6,sil
22.92740035057068,0,21,18,27,10,21,11,4,0,10,-3,-6,-8,0,sil
22.943050622940063,-5,12,0,36,15,17,13,3,7,11,2,-2,1,7,sil
22.943050622940063,1,3,-1,30,13,9,14,9,9,27,2,6,7,22,sil
22.9585485458374,3,-7,-3,7,-5,5,19,9,8,32,-7,1,0,25,sil
22.9585485458374,-9,-25,-26,-19,-20,-6,5,-2,7,5,-15,-12,-2,0,sil
22.97385287284851,-12,-27,-37,-31,-24,-26,-28,-15,-9,-23,-12,-14,1,-22,sil
22.97385287284851,0,-8,-14,-20,-16,-25,-37,-13,-25,-25,-4,2,-3,-17,sil
22.989291667938232,0,1,0,-8,0,-1,-18,-3,-18,-24,0,9,-16,-15,sil
22.989291667938232,-10,4,-3,-8,13,7,-7,-7,-11,-23,4,-2,-17,-27,sil
23.00448846817017,-6,17,14,10,17,3,-4,-14,-16,-5,12,-4,-6,-19,sil
23.00448846817017,3,20,27,42,14,12,8,-7,-7,9,4,-6,-9,-1,sil
23.019885063171387,-3,0,11,25,7,20,20,6,0,3,-16,-19,-21,1,sil
23.019885063171387,-13,-11,1,-5,4,15,27,17,14,14,-14,-15,-6,11,sil
23.036927223205566,0,-8,-2,0,0,9,28,13,41,42,9,3,19,29,sil
23.036927223205566,6,-11,-8,-7,-7,3,10,6,28,28,4,13,16,28,sil
23.05093765258789,5,-14,-10,-22,-10,-1,0,11,4,6,-6,12,8,15,sil
23.05093765258789,13,-5,-13,-12,-3,-8,0,7,23,14,9,14,22,7,sil
23.06645631790161,14,-4,-8,-20,-11,-24,-22,-3,12,-1,13,17,15,-1,sil
23.06645631790161,0,-10,-9,-33,-26,-32,-41,-11,-23,-36,-9,3,-9,-14,sil
23.08298802375793,-1,-4,-10,-17,-14,-18,-23,-11,-17,-36,-7,-3,-10,-18,sil
23.08298802375793,4,9,2,-3,8,-3,-2,-2,-2,-17,5,0,-3,-10,sil
23.09888958930969,0,20,11,2,8,0,0,0,-14,-14,-1,-4,-11,-9,sil
23.09888958930969,-7,20,11,15,0,7,8,-3,-15,-13,-1,-10,-10,-5,sil
23.11458683013916,-6,14,10,19,10,24,27,0,-3,1,0,-9,-2,5,sil
23.11458683013916,-11,8,4,20,18,26,30,5,0,14,-10,-15,-9,1,sil
23.1299250125885,-13,0,-5,23,8,14,24,9,4,22,-11,-14,-6,-2,sil
23.1299250125885,-8,-9,-6,5,-4,3,19,7,16,23,-2,-1,11,8,sil
23.145888566970825,3,-9,4,-13,-4,-1,-1,5,19,10,0,7,15,8,sil
23.145888566970825,23,0,14,-2,2,-4,-15,6,20,1,16,24,14,6,sil
23.16093683242798,30,0,11,3,5,-7,-8,3,7,1,29,40,21,17,sil
23.16093683242798,19,-3,2,-11,0,-17,-10,-4,-14,-4,21,28,21,17,sil
23.17671036720276,9,7,8,-2,1,-14,-20,-11,-24,-10,16,7,11,0,sil
23.17671036720276,-1,11,9,22,5,4,-12,-14,-17,-4,7,-10,-2,-16,sil
23.19267988204956,-15,-2,-5,17,1,11,-2,-8,-15,-11,-19,-24,-25,-16,sil
23.19267988204956,-14,-7,-2,5,1,5,2,0,-11,-13,-29,-19,-26,-4,sil
23.207379579544067,-6,-4,-4,5,0,4,9,0,10,16,-12,-13,0,2,sil
23.207379579544067,-11,-13,-25,-17,-12,-5,-5,-2,16,20,-8,-16,6,-4,sil
23.222980976104736,-17,-17,-24,-40,-18,-21,-27,-7,-1,-16,-15,-11,-11,-18,sil
23.222980976104736,-3,-8,-11,-20,-11,-17,-20,-9,-8,-20,-9,-8,-16,-13,sil
23.23853850364685,6,3,5,4,0,-1,-3,0,-5,-2,7,-2,-4,0,sil
23.23853850364685,0,14,20,18,8,9,7,7,-4,0,16,7,-1,2,sil
23.254478454589844,-2,10,19,22,13,19,24,9,4,11,6,7,0,8,sil
23.254478454589844,-2,-4,8,10,6,20,28,13,16,29,-2,0,6,18,sil
23.26960277557373,-1,-11,-9,-3,-7,7,13,9,12,13,-10,-5,-1,13,sil
23.26960277557373,0,-9,-18,-14,-19,-5,-2,0,-2,-12,-14,-1,-7,0,sil
23.285355806350708,-2,-9,-12,-21,-11,-12,-7,-5,-4,-10,2,11,11,-7,sil
23.285355806350708,0,0,-8,-13,3,-14,-4,-4,5,0,20,19,25,-1,sil
23.300895929336548,16,14,-5,-1,7,-8,0,0,6,-4,19,20,18,4,sil
23.300895929336548,21,15,-7,-6,2,-3,-4,3,0,-8,9,11,7,-1,sil
23.31689143180847,6,7,0,-16,1,-3,-10,0,-8,-11,0,1,-3,-14,sil
23.31689143180847,0,9,19,-2,6,-1,-6,-2,-7,-11,-2,0,-11,-12,sil
23.331140279769897,0,7,18,21,11,2,0,-4,-3,-3,-4,-1,-15,-5,sil
23.346572399139404,-11,-2,9,21,7,11,3,-9,-11,-2,-22,-15,-23,-7,sil
23.346572399139404,-11,-1,10,11,3,19,13,-6,-8,-3,-22,-25,-18,-1,sil
23.36349129676819,0,3,13,15,8,24,25,8,11,15,8,-14,1,15,sil
23.36349129676819,7,0,12,26,7,25,28,18,24,36,18,4,11,26,sil
23.37856388092041,8,0,1,20,-3,10,15,11,20,22,0,6,5,19,sil
23.37856388092041,0,0,-12,-3,-8,-11,-6,0,10,-7,-3,-1,3,3,sil
23.39397668838501,-9,-10,-21,-18,-8,-23,-20,0,4,-11,2,-3,9,-1,sil
23.39397668838501,-5,-13,-21,-22,-11,-25,-22,0,0,0,5,6,9,4,sil
23.409600496292114,8,-3,-11,-25,-8,-21,-21,0,-3,-2,14,16,9,0,sil
23.409600496292114,18,9,7,-9,-2,-11,-20,-1,-8,-7,18,14,12,-7,sil
23.42479133605957,8,16,22,15,0,-6,-20,-9,-21,-13,10,7,0,-7,sil
23.42479133605957,-10,7,11,21,2,0,-6,-16,-24,-12,0,-2,-16,-10,sil
23.43990087509156,-15,-7,-1,11,7,14,16,-6,-9,6,-12,-15,-10,-11,sil
23.43990087509156,-7,-9,-2,3,0,16,20,8,4,24,-17,-10,6,1,sil
23.45588445663452,-5,-9,-7,2,-5,7,13,9,9,26,-12,-1,8,9,sil
23.45588445663452,-13,-19,-11,-8,-4,2,12,2,4,13,-15,-7,0,0,sil
23.47149157524109,-3,-17,-6,-16,-5,-3,5,3,3,-2,-10,-4,4,0,sil
23.47149157524109,24,3,5,-5,-5,-12,-8,3,7,-5,12,19,18,14,sil
23.486725091934204,29,13,12,-5,1,-17,-13,0,3,-7,23,27,11,10,sil
23.486725091934204,4,1,-9,-23,3,-13,-12,-3,-5,-23,4,2,-8,-8,sil
23.502761602401733,-11,-5,-23,-31,-4,-2,-18,-6,-15,-37,-9,-7,-15,-21,sil
23.502761602401733,-8,3,-2,-15,-1,2,-18,-10,-18,-27,-3,0,-12,-21,sil
23.51849102973938,0,22,19,8,12,5,0,-11,-5,-11,5,0,-10,-11,sil
23.51849102973938,0,25,23,22,18,11,18,-2,7,0,8,-1,-9,0,sil
23.534533977508545,-5,7,6,17,13,18,18,0,3,14,0,-10,-14,-6,sil
23.534533977508545,-13,-6,-10,10,11,27,18,-2,0,12,-20,-30,-21,-14,sil
23.550057649612427,-14,-8,-12,9,12,25,25,2,4,10,-28,-38,-20,-1,sil
23.550057649612427,-15,-13,-12,0,0,5,16,11,7,16,-24,-28,-13,12,sil
23.56572198867798,-14,-20,-16,-11,-16,-10,-2,6,2,1,-25,-18,-9,3,sil
23.56572198867798,-2,-11,-10,-7,-13,-6,0,6,14,1,-9,-8,1,0,sil
23.58081102371216,10,3,6,0,1,4,11,16,32,33,21,11,23,23,sil
23.58081102371216,13,1,11,2,3,5,4,14,27,33,21,20,32,28,sil
23.59676766395569,10,-3,2,6,-7,-7,-14,0,3,-3,2,14,20,10,sil
23.59676766395569,15,9,2,6,-12,-20,-19,-8,-10,-10,11,23,14,1,sil
23.61195278167725,20,13,4,4,-9,-18,-10,-2,-2,4,26,37,20,6,sil
23.61195278167725,7,0,0,0,-13,-9,-13,-1,0,-7,22,32,19,5,sil
23.627888917922974,1,0,3,-2,-13,-8,-20,-7,-21,-21,17,22,8,0,sil
23.627888917922974,15,17,18,13,2,-9,-7,-7,-23,-9,23,21,3,1,sil
23.64351987838745,15,16,25,22,11,-8,0,2,0,-3,33,23,10,3,sil
23.64351987838745,2,4,13,12,0,-6,-9,4,0,-6,23,17,8,-2,sil
23.65906310081482,-1,3,4,10,-1,0,-6,-6,-22,-8,1,2,-8,-9,sil
23.65906310081482,-2,4,9,14,5,-1,4,-11,-23,-17,-3,-7,-14,-9,sil
23.67423748970032,-4,2,10,12,8,-1,7,-4,-10,-14,-4,-9,-6,-3,sil
23.67423748970032,-10,0,0,10,10,12,12,0,-3,4,-17,-18,-12,-3,sil
23.689887285232544,-18,-2,-12,5,5,21,15,-4,-1,5,-29,-30,-22,-8,sil
23.689887285232544,-11,-8,-7,2,0,14,4,-5,-3,0,-27,-30,-17,-3,sil
23.70560407638549,-2,-12,0,2,1,19,10,3,4,18,-23,-27,-6,7,sil
23.70560407638549,-13,-19,-20,-16,2,28,27,10,24,25,-31,-28,-6,6,sil
23.721235036849976,-19,-25,-32,-49,-2,7,14,9,27,0,-35,-15,-3,0,sil
23.721235036849976,-1,-21,-23,-54,-7,-18,-7,4,17,-10,-23,-2,4,-4,sil
23.73676037788391,1,-17,-25,-52,-5,-18,-13,0,12,0,-14,-8,1,-8,sil
23.73676037788391,-8,-19,-32,-56,4,-14,-12,3,3,1,-10,-11,-6,-16,sil
23.752806186676025,-5,-9,-27,-38,6,-20,-11,5,3,-4,1,-4,0,-16,sil
23.752806186676025,0,5,-14,-21,-2,-15,-19,-4,4,-11,8,0,0,-13,sil
23.76886773109436,2,12,2,-11,0,-3,-20,-5,1,-3,11,3,-3,-5,sil
23.76886773109436,19,21,16,11,11,-2,0,4,7,11,26,11,10,5,sil
23.784624099731445,16,24,20,25,4,0,4,3,6,9,33,15,16,2,sil
23.784624099731445,-7,20,14,22,-6,12,-8,-9,-14,-5,17,5,0,-6,sil
23.800720930099487,-9,21,18,29,0,15,-2,-12,-26,-8,7,-4,-8,-5,sil
23.800720930099487,0,13,28,44,4,12,12,-3,-13,0,12,-1,-4,2,sil
23.816824436187744,0,3,27,48,1,15,11,-1,-4,0,16,9,-2,10,sil
23.816824436187744,9,10,28,44,1,15,7,-3,-10,0,17,18,-1,15,sil
23.83286952972412,25,15,28,42,0,3,12,0,-4,6,19,26,10,21,sil
23.83286952972412,23,12,30,39,0,-3,18,2,5,9,19,37,17,25,sil
23.84864997863769,14,10,26,37,4,3,19,2,1,5,5,28,2,21,sil
23.84864997863769,1,-2,2,14,-7,2,7,2,-8,2,-18,3,-13,7,sil
23.86388635635376,-13,-16,-19,-21,-18,-14,-5,3,-9,-8,-23,-2,-4,-6,sil
23.864245891571045,-9,-15,-18,-19,-5,-17,-6,1,-3,-12,-9,-4,8,-5,sil
23.8798987865448,0,-20,-13,-2,-3,-4,-2,1,-1,2,-7,-12,9,3,sil
23.8798987865448,0,-22,-15,-12,-11,0,-1,10,5,16,-11,-8,9,5,sil
23.895491123199463,-1,-5,-20,-21,-3,-4,-7,13,23,13,-11,-7,8,0,sil
23.895491123199463,-8,-8,-25,-21,4,-5,-18,3,23,0,-16,-20,2,-9,sil
23.91109609603882,-19,-32,-29,-32,0,-3,-14,0,7,-2,-14,-18,0,-10,sil
23.91109609603882,-18,-30,-27,-44,0,0,-1,-1,-4,-6,-5,-6,0,-10,sil
23.92650842666626,-11,-16,-25,-45,0,2,-4,-4,-5,-15,-9,-10,-7,-16,sil
23.92650842666626,-12,-9,-25,-37,-6,0,-8,-2,1,-15,-14,-12,-12,-13,sil
23.94257426261902,-9,3,-10,-23,-1,-8,-3,0,5,-8,-7,-5,-6,-5,sil
23.94257426261902,7,23,3,-1,11,-7,2,-3,2,-3,3,-2,0,-1,sil
23.95849800109864,27,35,20,16,16,1,3,0,10,6,21,7,3,6,sil
23.95849800109864,28,30,35,20,9,4,6,1,24,11,32,19,11,13,sil
23.97366213798523,17,17,22,11,0,0,3,-4,10,0,15,6,7,5,please
23.97366213798523,11,16,13,9,-2,-9,-12,-10,-20,-15,6,-1,0,-5,please
23.98870754241944,11,22,19,19,0,-22,-17,-9,-28,-13,15,10,-4,-4,please
23.98870754241944,5,13,19,13,3,-12,-1,-7,-23,-8,10,12,-12,-4,please
24.00394415855408,0,2,15,7,7,13,10,-9,-25,-4,0,6,-12,-5,please
24.00394415855408,0,5,15,23,12,21,2,-8,-23,0,2,7,0,2,please
24.01950240135193,1,3,12,26,10,11,-2,3,-4,7,4,7,8,9,please
24.01950240135193,-8,-13,0,7,0,5,1,16,19,21,0,0,3,2,please
24.0345458984375,-25,-26,-10,-4,-5,5,-1,8,17,14,-14,-8,-9,-11,please
24.0345458984375,-28,-22,-11,-4,-4,12,-4,-4,-6,-4,-25,-14,-23,-15,please
24.04970669746399,-13,-8,-9,6,-4,14,10,-5,-19,1,-15,-19,-15,-5,please
24.04970669746399,0,-2,-3,13,0,6,22,1,-16,5,-1,-4,-2,4,please
24.06626319885254,-2,-8,-4,0,2,12,24,5,-1,2,-3,2,-4,3,please
24.06626319885254,-10,-12,-20,-11,0,19,21,3,15,15,-8,-19,-6,-4,please
24.08276081085205,-8,-7,-20,-11,-6,11,10,7,22,14,0,-26,8,-3,please
24.08276081085205,2,0,-7,-5,-6,1,7,15,35,1,1,-3,19,11,please
24.09795093536377,1,0,-7,-4,-6,-4,5,14,41,6,-2,3,7,18,please
24.09795093536377,-4,-4,-16,-13,-9,-7,-4,9,26,18,-6,-6,1,6,please
24.11850118637085,2,-4,-13,-23,-6,-4,-2,5,13,18,-2,0,18,6,please
24.11850118637085,10,-1,2,-16,1,-5,4,0,10,5,2,15,26,18,please
24.129053354263306,1,-1,-2,-2,-4,-21,-10,-10,-1,-11,0,12,7,10,please
24.129053354263306,-9,-4,-15,-12,-11,-29,-26,-16,-21,-23,-8,1,-9,-13,please
24.145076513290405,0,-6,-9,-16,0,-17,-18,-8,-22,-22,-13,0,-5,-11,please
24.145076513290405,12,0,2,0,4,-9,-10,0,-13,-16,-3,14,1,0,please
24.160686254501343,3,11,5,0,-7,-22,-20,-6,-20,-28,6,22,-7,-11,please
24.160686254501343,7,9,10,-3,-12,-29,-30,-11,-33,-42,4,6,-20,-14,please
24.17563009262085,30,8,26,10,-5,-10,-23,-8,-26,-30,9,4,-11,5,please
24.19088220596313,34,23,37,23,6,4,-3,-3,-8,-6,31,25,10,15,please
24.19088220596313,21,34,34,26,16,-1,4,1,0,6,42,29,25,12,please
24.206212043762207,24,29,33,30,16,0,3,3,0,14,34,16,20,15,please
24.206212043762207,23,22,26,32,15,17,6,2,0,15,18,4,6,10,please
24.2217538356781,-6,8,12,19,20,24,4,0,-1,8,-1,-6,0,-10,please
24.2217538356781,-26,-8,0,1,14,16,3,-5,3,8,-9,-12,-8,-20,please
24.23773646354676,-17,-10,-10,0,2,10,11,0,9,13,-4,-10,-18,-14,please
24.23773646354676,-16,-5,-17,1,6,13,14,4,4,9,-9,-15,-17,-14,please
24.25357031822205,-20,-5,-11,3,8,22,18,0,8,9,-14,-17,-7,-7,please
24.25357031822205,-12,-7,-4,0,0,28,21,1,17,22,-3,-11,3,9,please
24.26846432685852,-14,-24,-16,-16,-8,16,10,3,12,26,-7,-15,5,2,please
24.26846432685852,-29,-40,-35,-30,-9,1,2,0,2,2,-33,-28,-10,-17,please
24.28400683403015,-29,-28,-28,-19,-8,0,11,5,2,-9,-38,-24,-25,-17,please
24.28400683403015,-17,-6,-16,-3,-9,4,19,11,9,9,-21,-12,-13,0,please
24.29988694190979,-11,-6,-14,-9,-11,10,17,5,16,20,-8,-7,4,11,please
24.29988694190979,-5,-21,-15,-28,-11,0,10,0,10,1,-6,-7,7,7,please
24.31592869758606,2,-20,-19,-34,-17,-23,-10,-2,-6,-16,-13,-6,1,2,please
24.31592869758606,11,3,0,-18,-18,-26,-38,-6,-13,-21,-2,8,5,7,please
24.331504583358765,25,26,18,7,0,-18,-38,-4,0,-10,24,24,18,8,please
24.331504583358765,33,27,18,14,14,-22,-19,-4,-2,-9,34,26,14,1,please
24.347540616989136,22,24,21,5,9,-22,-7,-3,-18,-21,22,19,2,2,please
24.347540616989136,2,20,18,13,3,-9,-2,0,-18,-19,4,0,-9,0,please
24.36296534538269,-8,9,8,21,4,1,-4,-5,-18,-11,-12,-16,-25,-13,please
24.36296534538269,-3,0,10,19,3,8,0,-4,-15,1,-10,-6,-16,-5,please
24.37895679473877,5,-5,9,15,2,13,20,14,11,25,3,6,11,15,please
24.37895679473877,2,-12,-2,1,0,14,32,23,36,31,4,5,18,20,please
24.394238233566284,7,-16,-16,-9,-10,7,17,10,33,13,1,11,16,13,please
24.394238233566284,19,-9,-12,-12,-9,-7,-3,0,11,-3,12,30,18,6,please
24.409651041030884,17,0,-1,-11,0,-17,-17,-2,-5,-12,23,34,11,0,please
24.409651041030884,13,15,5,-4,3,-19,-21,-8,-10,-13,25,22,9,-4,please
24.425768613815308,14,27,17,5,1,-15,-17,-6,-12,-9,19,16,12,0,please
24.425768613815308,3,18,13,8,3,-2,-7,-5,-12,0,2,1,1,1,please
24.44185495376587,-14,-3,-2,2,0,6,-4,-15,-12,-1,-11,-20,-9,-6,please
24.44185495376587,-17,-9,-2,1,-1,8,-3,-8,-8,-8,-12,-20,-13,-13,please
24.45748519897461,-15,3,4,8,6,16,1,2,0,-5,-7,-12,-15,-10,please
24.45748519897461,-20,7,-1,10,11,15,0,-5,0,-3,-9,-24,-17,-10,please
24.47362232208252,-15,4,-6,5,1,4,2,-9,-6,-9,-19,-34,-21,-16,please
24.47362232208252,-3,6,4,0,-4,4,10,0,-9,-5,-21,-21,-17,-17,please
24.489240169525143,-2,0,6,1,3,15,12,0,-4,8,-5,-9,-3,-7,sil
24.489240169525143,-13,-9,-5,6,14,19,14,-4,-2,9,-7,-11,-3,-2,sil
24.50438499450684,-16,-12,-6,4,11,13,17,0,-4,-2,-20,-14,-14,-9,sil
24.50438499450684,-1,-9,0,-2,2,9,15,13,14,14,1,0,2,2,sil
24.520482778549194,6,-12,-4,-17,0,6,12,19,32,41,27,18,28,25,sil
24.520482778549194,-6,-21,-14,-20,-1,-3,8,11,13,20,-1,1,10,12,sil
24.53652548789978,-9,-11,-5,0,-6,-9,-1,3,-3,-6,-26,-15,-11,0,sil
24.53652548789978,6,5,7,10,-4,-3,-9,4,3,4,1,10,7,14,sil
24.552021026611328,10,0,0,0,-3,-6,-6,2,5,13,13,23,17,16,sil
24.552021026611328,4,-7,-6,-9,-9,-11,3,0,6,10,0,5,3,8,sil
24.567144870758057,8,-4,-4,-15,-13,-4,6,3,12,10,6,3,0,15,sil
24.567144870758057,11,-7,-8,-21,-15,-9,-3,1,0,-13,5,11,0,11,sil
24.582682132720947,6,-9,-1,-11,-9,-20,-14,-2,0,-28,0,16,3,-1,sil
24.582682132720947,11,5,2,5,0,-13,-11,1,23,-4,10,24,21,1,sil
24.59852266311645,20,18,3,6,2,-8,-20,0,11,-2,12,20,19,0,sil
24.59852266311645,13,13,7,-1,-1,-21,-36,-9,-19,-22,14,11,0,-11,sil
24.61380124092102,8,13,9,0,0,-20,-30,-10,-18,-10,26,14,2,-3,sil
24.61380124092102,13,25,16,18,12,-4,-5,-4,-5,0,21,17,9,2,sil
24.628883123397827,1,23,10,23,13,1,8,-9,-13,-16,4,-6,-8,-11,sil
24.628883123397827,-18,6,-8,2,2,6,4,-13,-29,-28,-5,-31,-30,-25,sil
24.64449548721313,-15,0,-8,-7,2,15,6,-10,-24,-16,-13,-31,-29,-25,sil
24.64449548721313,-6,-4,4,3,4,16,15,-4,-3,-3,-15,-24,-21,-16,sil
24.6605863571167,-11,-6,12,11,0,15,12,-1,-1,1,-16,-19,-16,-6,sil
24.6605863571167,-9,0,10,18,5,20,9,0,-6,9,-18,-12,-4,-1,sil
24.675829887390137,-8,-4,0,7,6,16,11,2,-5,11,-21,-9,-2,-3,sil
24.675829887390137,-22,-20,-14,-11,0,16,13,3,-6,7,-22,-15,-10,-6,sil
24.691545486450195,-14,-17,-17,1,-2,21,21,9,0,13,-21,-15,-3,1,sil
24.691545486450195,0,-4,-1,7,-10,9,16,18,10,14,-10,1,7,22,sil
24.7075788974762,0,-13,-8,-14,-16,-9,7,8,23,23,7,5,15,21,sil
24.7075788974762,0,-21,-20,-20,-4,-13,0,-2,22,25,8,-3,19,13,sil
24.72364377975464,2,0,1,-9,0,-8,-10,9,11,4,-2,6,7,23,sil
24.72364377975464,3,12,0,-7,-9,-5,-13,10,20,5,11,21,11,19,sil
24.73902606964112,10,0,-12,-19,-8,-8,-11,1,22,13,27,27,24,3,sil
24.73902606964112,16,7,10,-15,11,-11,-15,8,0,-11,13,28,14,4,sil
24.75465512275696,12,22,10,14,24,-11,-6,-2,-1,-17,14,13,9,0,sil
24.75465512275696,11,15,0,19,11,-19,0,-16,-1,-3,31,3,11,-10,sil
24.770150184631348,12,8,19,2,0,-18,-8,-2,-20,-14,21,10,0,-6,sil
24.770150184631348,5,13,25,13,8,9,-3,0,-17,-16,10,9,-3,0,sil
24.785482168197632,-1,17,15,28,15,25,6,0,5,0,6,0,-1,-2,sil
24.785482168197632,-6,3,17,14,0,13,4,6,11,5,-16,-7,-17,-6,sil
24.800621509552,-15,-27,-2,-1,-2,8,8,-4,10,10,-32,-18,-19,-16,sil
24.800621509552,-14,-40,-30,-17,-5,6,12,-13,3,8,-27,-24,-7,-14,sil
24.815879344940186,-2,-19,-21,-28,-24,-7,2,2,-5,-6,-21,-9,-7,2,sil
24.815879344940186,3,-10,-16,-16,-23,-16,-4,10,6,0,-5,3,-2,9,sil
24.8319149017334,1,-15,-22,-10,-5,-19,-19,-4,0,0,0,4,-1,-3,sil
24.8319149017334,-4,-6,-8,-23,-11,-19,-34,-19,-42,-35,-4,-1,-14,-20,sil
24.84712052345276,0,11,5,-6,-13,-3,-13,-15,-45,-34,7,-5,-14,-20,sil
24.84712052345276,13,31,25,33,16,10,7,-2,-16,-4,17,3,-7,-6,sil
24.862713098526,0,37,28,36,23,8,4,-2,-15,-5,-7,-10,-18,-8,sil
24.862713098526,-22,10,1,8,5,11,10,-1,-11,-1,-26,-34,-22,-8,sil
24.87789559364319,-16,-19,-4,6,6,26,27,12,21,30,-6,-12,0,17,sil
24.87789559364319,1,-20,-4,15,-1,15,21,16,36,37,6,7,22,31,sil
24.8935124874115,1,-6,-11,-3,-19,-6,0,14,22,7,-7,1,22,19,sil
24.8935124874115,5,2,-6,-12,0,-1,1,18,32,8,7,15,40,18,sil
24.9090416431427,15,6,-1,-9,15,-3,0,9,38,27,43,31,51,25,sil
24.9090416431427,10,0,0,-23,-1,-24,-21,-7,1,0,30,18,16,5,sil
24.92540740966797,9,-8,0,-16,-6,-14,-15,-13,-15,-27,0,1,-6,-15,sil
24.92540740966797,13,3,9,7,10,14,7,-8,-4,-14,2,8,6,-12,sil
24.939906358718872,2,28,13,10,14,9,3,-5,-10,-8,14,14,3,-6,sil
24.939906358718872,0,23,3,7,6,-9,-10,-7,-15,-16,0,-2,-16,-9,sil
24.955177068710327,2,7,10,10,4,0,-5,0,-6,-8,-18,-14,-18,-7,sil
24.97035503387451,-4,6,11,19,2,16,9,3,-3,8,-5,-10,-13,-5,sil
24.97035503387451,-9,6,0,22,7,18,20,2,-1,13,0,-7,-22,3,sil
24.985944747924805,-16,-6,-13,12,14,17,22,6,6,15,-24,-16,-23,0,sil
24.985944747924805,-27,-31,-28,-13,-13,0,10,1,1,13,-38,-31,-19,-15,sil
25.001603841781616,-12,-44,-6,-29,-48,-15,1,1,-7,0,-21,-13,-18,1,sil
25.001603841781616,14,-29,9,-9,-13,-3,11,7,8,5,2,16,5,27,sil
25.01715660095215,3,-7,-17,-4,21,0,-1,2,14,9,0,13,23,13,sil
25.01715660095215,-17,0,-25,-30,-12,-15,-31,-9,-7,-15,-2,1,7,-11,sil
25.032762050628666,0,-1,-3,-22,-23,-22,-31,-9,-12,-28,17,9,8,-7,sil
25.032762050628666,25,5,14,1,17,-17,-18,-1,-7,-11,29,29,25,3,sil
25.048551321029663,13,11,9,8,22,-11,-14,-6,-12,4,27,22,17,-4,sil
25.048551321029663,3,19,7,8,1,-7,-12,-6,-7,0,24,4,0,-6,sil
25.06376910209656,10,33,29,9,6,0,-7,10,5,-1,12,6,3,6,sil
25.06376910209656,0,18,13,10,4,5,3,5,8,10,0,-2,8,-4,sil
25.07900071144104,-18,-14,-7,-1,-12,1,2,-12,-5,-2,-11,-24,-17,-24,sil
25.07900071144104,-15,-21,2,-7,-6,12,6,-6,-6,-16,-29,-32,-36,-15,sil
25.09451961517334,-6,-4,3,10,11,26,34,5,10,4,-30,-27,-15,-3,sil
25.09451961517334,-6,6,-1,15,4,24,39,4,7,17,-17,-16,1,0,sil
25.1099591255188,-1,0,-6,3,-9,17,14,1,0,14,-10,-10,2,9,sil
25.1099591255188,13,-13,-8,-4,-13,9,4,5,8,2,-13,3,3,18,sil
25.125223875045776,14,-6,-1,0,0,1,7,11,20,-5,-2,21,6,22,sil
25.125223875045776,11,7,0,6,12,-4,2,8,27,5,23,22,24,17,sil
25.140892267227173,18,12,4,2,8,-7,-7,8,15,6,23,24,26,10,sil
25.140892267227173,11,14,1,-2,0,-13,-14,0,-7,-19,6,19,0,1,sil
25.15648913383484,-1,8,-9,-8,-8,-32,-28,-21,-31,-33,7,0,-13,-14,sil
25.15648913383484,-5,7,2,-13,-4,-30,-37,-18,-39,-16,20,6,-9,-20,sil
25.172563076019287,-10,7,0,7,12,0,-14,-9,-22,1,17,10,-17,-12,sil
25.172563076019287,-14,-6,-4,12,0,10,3,-11,-24,-11,-13,-13,-31,-6,sil
25.187965393066406,-13,-11,6,2,-13,10,10,0,-20,-6,-24,-22,-17,0,sil
25.187965393066406,-10,-5,-12,21,12,20,26,3,21,40,2,-13,15,5,sil
25.203611612319943,-1,-9,1,6,20,15,14,18,29,39,-1,0,12,18,sil
25.203611612319943,-5,-10,5,-6,3,14,9,19,30,26,-14,-9,4,6,sil
25.218834400177,-10,-22,-55,5,-1,-1,12,-17,40,26,-7,-35,11,-14,sil
25.218834400177,8,-13,20,-39,-16,-18,-29,17,-18,-31,-34,10,-13,13,sil
25.23446655273437,9,14,19,-9,-1,5,-3,11,14,8,10,19,31,10,sil
25.23446655273437,3,-14,-105,29,18,-27,13,-52,60,56,55,-28,69,-14,sil
25.249577522277832,32,1,110,-86,-25,-47,-84,62,-80,-92,-36,70,-39,40,sil
25.249577522277832,17,65,167,-25,-14,34,-22,61,-47,-65,-2,81,-24,12,sil
25.26483678817749,-19,0,-143,103,31,13,79,-110,91,82,86,-73,67,-73,sil
25.26483678817749,-1,-36,-46,-17,-7,-45,-13,-26,-29,-28,-9,-26,-24,-13,sil
25.280420303344727,-6,32,81,-19,-13,10,-10,41,-61,-54,-24,30,-48,7,sil
25.280420303344727,-17,11,-74,65,19,7,47,-48,24,39,31,-42,9,-39,sil
25.29609060287476,11,-12,31,-14,-3,-4,-8,19,-41,-28,-37,13,-42,14,sil
25.29609060287476,0,9,77,-7,-6,50,21,42,-27,-29,-45,25,-35,20,sil
25.311112642288208,-25,-25,-76,32,3,23,51,-33,35,32,-9,-60,2,-26,sil
25.311112642288208,-8,-29,-19,-25,-10,-12,-3,5,2,0,-31,-24,-21,5,sil
25.32714486122132,3,4,21,-8,-4,15,7,25,20,11,-3,13,10,31,sil
25.32714486122132,0,-10,-32,7,0,8,15,3,42,38,17,-2,42,19,sil
25.342671632766724,5,-19,-8,-24,-6,-8,-13,22,17,25,3,9,26,21,sil
25.342671632766724,10,-1,-2,-18,-5,-9,-15,5,18,19,20,14,29,16,sil
25.35807514190674,13,2,-1,-18,-10,-20,-32,-10,0,-7,25,22,23,10,sil
25.35807514190674,10,9,7,-15,-4,-19,-37,-5,-16,-20,19,23,5,-2,sil
25.37387728691101,2,18,-11,7,15,-18,-19,-22,-10,-11,18,-3,-3,-25,sil
25.37387728691101,1,25,27,0,8,-13,-33,-11,-33,-34,-4,1,-28,-22,sil
25.38985228538513,-1,28,31,19,6,11,-20,-15,-26,-23,-7,1,-26,-18,sil
25.38985228538513,-3,15,-17,44,23,9,8,-35,-1,8,8,-21,-7,-19,sil
25.40547275543213,-1,9,19,17,16,-1,0,0,-16,0,-3,-3,-15,0,sil
25.40547275543213,-7,2,27,13,0,16,11,18,-4,10,-15,0,-10,5,sil
25.421565294265747,-8,-18,-22,10,0,18,29,2,15,21,-22,-20,0,3,sil
25.421565294265747,1,-17,-8,-15,-4,0,8,14,5,1,-22,0,0,13,sil
25.43697166442871,5,-6,4,-8,-4,-12,-4,9,3,0,4,20,17,5,sil
25.452726125717163,4,-7,-2,-8,-6,-19,-8,1,-6,-12,21,20,19,-4,sil
25.452726125717163,1,-4,0,-16,-11,-12,-4,-1,-15,-22,16,14,2,-6,sil
25.452726125717163,-11,-7,-2,-4,-3,5,9,-10,-2,-7,-1,-4,-6,-11,sil
25.468849182128903,-23,-21,-4,0,0,22,22,1,6,3,-22,-19,-11,-5,sil
25.468849182128903,-23,-26,-20,-8,-7,27,29,12,17,15,-24,-25,-8,6,sil
25.484851598739624,-7,-19,-20,-12,-10,17,27,17,30,29,-17,-19,-3,18,sil
25.484851598739624,11,-4,0,0,-2,7,25,20,43,35,2,0,18,26,sil
25.499943017959595,21,2,3,1,2,0,15,17,44,27,21,12,36,28,sil
25.499943017959595,20,6,-1,-14,0,-15,-4,8,20,5,15,13,19,15,sil
25.515527725219727,7,10,-5,-9,-1,-26,-18,-10,-10,-16,5,2,-1,-11,sil
25.515527725219727,2,19,6,7,5,-18,-20,-11,-36,-27,4,0,-8,-18,sil
25.53111720085144,13,25,18,14,13,0,-9,0,-29,-13,17,9,0,-4,sil
25.53111720085144,11,14,0,3,2,-9,-11,-4,-10,-10,16,11,2,-3,sil
25.546931982040405,-2,3,-12,-7,-10,-23,-33,-14,-18,-34,-4,2,-11,-16,sil
25.546931982040405,-3,9,-9,2,2,-8,-28,-21,-23,-24,5,1,-8,-18,sil
25.562986850738525,-1,20,7,12,15,5,-6,-12,-12,-4,21,8,0,-7,sil
25.562986850738525,-9,21,17,16,8,4,-1,-6,-6,-7,-3,-4,-15,-12,sil
25.57865118980408,-11,11,15,26,7,5,-4,-17,-8,-3,-19,-18,-22,-17,sil
25.57865118980408,0,12,27,21,12,20,1,-10,-14,6,1,0,-7,0,sil
25.594258785247803,0,14,22,22,11,32,13,0,-6,11,5,1,-4,4,sil
25.594258785247803,-11,0,1,17,3,23,12,0,-4,15,-20,-18,-18,-3,sil
25.609951496124268,-5,-18,1,-5,-4,13,10,6,-1,18,-28,-13,-15,10,sil
25.609951496124268,7,-24,0,-22,-10,4,12,15,8,7,-15,4,4,20,sil
25.62555932998657,4,-25,-8,-25,-11,0,11,17,9,4,-10,9,12,13,sil
25.62555932998657,-1,-27,-8,-30,-9,1,20,19,21,26,-4,3,15,15,sil
25.640586376190186,3,-31,-12,-28,-8,-3,22,17,42,35,1,-1,22,23,sil
25.65571546554565,2,-26,-18,-17,-12,-14,-1,10,24,9,-9,-4,16,14,sil
25.65571546554565,-15,-26,-33,-21,-18,-15,-19,0,-4,-16,-27,-16,-3,-10,sil
25.67132544517517,-18,-26,-40,-25,-20,-18,-11,-3,1,-17,-16,-22,-8,-24,sil
25.67132544517517,3,-6,-2,-13,-12,-17,-3,3,5,-11,10,4,7,-5,sil
25.68649888038636,5,10,0,10,3,-2,4,-3,3,-6,26,13,19,1,sil
25.68649888038636,-2,0,-21,7,4,-1,-5,-14,2,-11,15,1,5,-10,sil
25.70162296295166,14,8,28,-11,-1,-9,-28,7,-5,-17,11,27,-3,3,sil
25.70162296295166,17,27,3,28,14,-3,0,-9,22,17,44,23,24,7,sil
25.716914415359497,0,12,-44,35,19,-14,4,-33,14,8,32,-6,11,-7,sil
25.716914415359497,-6,13,49,-20,0,-7,-35,15,-48,-46,-20,18,-34,0,sil
25.73302936553955,-7,33,44,5,8,14,-16,0,-27,-11,0,13,-4,-8,sil
25.73302936553955,8,34,5,23,13,0,-11,-13,-10,1,16,1,7,-3,sil
25.74896550178528,15,38,53,13,9,7,-13,19,-21,-14,13,25,-6,12,sil
25.74896550178528,-7,9,-28,54,21,10,28,-29,14,28,34,-17,21,-21,sil
25.764583349227905,-4,-12,-5,0,0,-12,-2,-4,-24,-9,-17,-14,-18,-14,sil
25.764583349227905,2,20,70,-17,-10,21,0,39,-24,-18,-32,19,-36,10,sil
25.780707359313965,-16,-5,-77,52,14,17,59,-44,53,59,19,-46,22,-18,sil
25.780707359313965,-3,-33,1,-29,-10,-20,-6,15,-21,-10,-43,-17,-29,7,sil
25.79586744308472,1,17,106,-35,-17,38,3,71,-20,-11,-42,27,-34,20,sil
25.79586744308472,-21,-18,-149,74,20,34,90,-82,95,99,44,-80,47,-40,sil
25.811518907547,-2,-62,-79,-38,-10,-37,-13,-27,-18,-22,-38,-39,-25,0,sil
25.811518907547,15,14,165,-92,-25,14,-59,106,-87,-90,-74,76,-61,50,sil
25.82763957977295,0,31,1,41,19,39,31,-6,38,41,31,0,36,-9,sil
25.82763957977295,13,-8,-59,25,11,-24,5,-44,24,27,26,-26,30,-7,sil
25.84277081489563,26,6,50,-26,-6,-19,-25,23,-20,-27,-3,33,1,32,sil
25.84277081489563,2,-1,0,-6,-1,-2,0,2,7,-3,11,11,14,9,sil
25.85864019393921,-10,-20,-19,-17,-14,-10,-9,-5,-9,-16,-13,-4,-7,-8,sil
25.85864019393921,-5,-14,-31,4,-10,0,2,-10,9,5,-4,-16,5,-12,sil
25.87389230728149,3,-22,-46,0,-4,-12,0,-12,27,13,12,-13,20,0,sil
25.87389230728149,3,-7,25,-29,-15,-12,-19,26,0,-15,0,30,1,19,sil
25.889657735824585,3,10,6,13,0,6,9,3,14,16,17,14,20,5,sil
25.889657735824585,14,-1,-23,16,12,1,7,-13,14,16,14,-7,16,3,sil
25.9048593044281,6,-1,14,-20,-1,0,-11,13,-4,-16,-4,11,-9,15,sil
25.9048593044281,-9,4,0,0,0,4,6,-3,7,5,12,9,0,0,sil
25.92057728767395,-4,0,-5,6,6,0,2,-17,-4,8,8,0,-1,-9,sil
25.92057728767395,-4,2,12,-7,0,0,-13,-1,-15,-9,-7,-1,-11,-6,sil
25.936373949050903,-6,11,5,7,0,-3,-11,0,0,0,6,0,0,-6,sil
25.936373949050903,-5,9,3,11,1,-12,-9,3,-4,-5,8,2,0,-5,sil
25.95189929008484,-21,-1,-10,-8,-8,-14,-11,-5,-23,-19,-8,-13,-14,-21,sil
25.95189929008484,-28,-8,-15,-12,-14,-21,-15,-13,-26,-20,-12,-15,-18,-27,sil
25.96756243705749,-9,0,7,4,-5,-15,-10,0,-13,-12,-1,2,-8,-6,sil
25.96756243705749,3,7,14,12,0,0,-2,0,0,-3,-4,0,-4,1,sil
25.983060598373413,5,8,14,5,7,6,0,0,4,3,-6,4,-5,4,sil
25.983060598373413,8,9,13,19,17,7,8,3,22,23,13,15,13,9,sil
25.99909472465515,13,7,15,14,11,5,7,7,10,16,9,8,12,12,sil
25.99909472465515,9,8,7,1,2,15,10,6,-6,1,-4,1,-3,2,sil
26.015177965164185,-1,1,-25,5,10,24,28,-10,14,21,7,-1,5,-9,sil
26.015177965164185,-4,-2,2,-22,2,17,9,11,3,6,-1,10,-2,3,sil
26.030789375305176,-8,0,34,-30,-8,15,-1,28,-19,-18,-18,12,-17,5,sil
26.030789375305176,-16,-11,-28,6,-4,3,16,-16,-1,1,-7,-22,-1,-23,sil
26.045909643173218,-1,-9,-29,0,-2,-10,1,-18,-6,3,0,-16,2,-12,sil
26.045909643173218,7,14,18,-9,1,6,-3,4,-16,-2,12,12,8,9,sil
26.06193971633911,10,9,-4,11,3,13,14,-4,1,8,10,-4,15,8,sil
26.06193971633911,15,-8,-13,4,-3,0,7,-2,6,5,-13,-21,-1,10,sil
26.078027963638306,6,-7,0,-1,2,0,-4,3,9,2,-11,-17,-8,11,sil
26.078027963638306,11,-3,-2,12,10,6,2,7,13,3,-3,-17,4,13,sil
26.093564987182617,19,-13,-5,11,2,6,9,6,9,-2,-13,-18,1,7,sil
26.093564987182617,6,-20,-11,-3,-3,-6,1,-3,13,-8,-16,-20,-6,-2,sil
26.109129190444943,26,-4,1,-1,0,-23,-2,8,31,0,0,-7,12,21,sil
26.109129190444943,31,5,7,2,0,-22,-3,8,26,-1,12,6,22,22,sil
0.0412616729736328,-12,2,-3,-6,-6,-17,-17,-10,-8,-19,5,13,0,-16,please
0.0412616729736328,-18,10,6,-12,-3,-19,-20,-3,-15,-16,22,38,7,-7,please
0.0567834377288818,-5,12,11,-18,-4,-17,-18,1,-4,0,49,51,20,7,please
0.0567834377288818,-20,8,5,-15,-13,-7,-25,-10,-19,-6,18,24,-10,-14,please
0.0728349685668945,-20,6,12,11,-9,0,-12,-6,-30,-4,-21,0,-29,-20,please
0.0728349685668945,-16,-5,8,18,-2,1,0,-11,-30,-3,-17,0,-23,-13,please
0.088855504989624,-19,-16,-3,4,0,9,-3,-16,-27,-22,-16,-3,-24,-18,please
0.088855504989624,-12,-4,2,13,0,17,3,0,-11,-2,-18,-6,-15,-9,please
0.1039936542510986,-5,9,13,27,2,14,14,7,4,29,2,4,7,8,please
0.1039936542510986,-1,7,5,24,4,9,8,8,17,14,13,6,12,13,please
0.1200146675109863,0,2,-2,8,1,6,9,15,26,9,-3,2,9,12,please
0.1200146675109863,8,7,0,-1,2,0,18,19,22,33,-4,9,14,14,please
0.1361434459686279,22,15,3,6,9,-4,4,9,14,18,20,17,19,7,please
0.1361434459686279,24,21,7,14,10,-4,-11,-11,3,-13,37,18,13,-4,please
0.151702880859375,3,10,-2,-1,0,-9,-11,-18,-10,-11,17,-1,-3,-8,please
0.151702880859375,-17,-24,-23,-28,-13,-6,2,-9,-21,-5,-20,-40,-26,-15,please
0.1669025421142578,-18,-40,-28,-35,-17,10,21,-3,-9,-10,-38,-52,-26,-15,please
0.1669025421142578,-2,-22,-25,-29,-6,13,23,1,7,-8,-30,-31,-3,0,please
0.1820871829986572,3,-13,-23,-32,2,-4,5,4,17,2,-13,-10,15,12,please
0.1820871829986572,0,-10,-16,-40,7,-5,-2,7,18,11,0,-2,15,7,please
0.1978676319122314,1,4,-7,-26,17,17,0,4,7,5,-1,-11,-2,-6,please
0.1978676319122314,-11,6,-8,-2,20,29,1,-7,-10,-7,-27,-38,-24,-22,please
0.2140192985534668,-24,-10,-18,-9,2,21,1,-4,-8,0,-39,-43,-27,-17,please
0.2150211334228515,-15,-20,-19,-31,-11,12,9,8,14,21,-16,-16,-3,2,please
0.2288954257965088,-2,-17,-10,-30,-13,0,1,10,18,22,1,0,19,15,please
0.2288954257965088,10,0,13,1,-7,-23,-22,3,0,1,16,17,28,18,please
0.2441022396087646,25,22,38,37,0,-34,-30,-1,-3,-18,43,48,30,17,please
0.2441022396087646,30,31,43,44,8,-27,-9,-1,-1,-24,52,56,29,12,please
0.2597424983978271,33,30,42,39,13,-18,1,1,-11,-5,43,46,20,8,please
0.2749888896942138,26,29,44,49,7,-15,-11,-5,-23,-2,32,40,0,1,please
0.2749888896942138,13,28,42,58,-2,-8,-14,-14,-29,-30,12,33,-15,2,please
0.2907493114471435,15,25,38,55,0,0,0,-7,-11,-21,9,29,-7,14,please
0.2907493114471435,17,17,25,47,10,7,8,3,6,11,20,18,3,12,please
0.3063688278198242,-2,5,0,33,9,8,3,-1,-3,0,0,-3,-14,-12,please
0.3063688278198242,-28,-8,-20,8,-2,7,2,-8,-12,-12,-28,-20,-29,-29,please
0.3212428092956543,-29,-15,-21,-7,-12,10,8,5,9,13,-23,-18,-12,-14,please
0.3212428092956543,-20,-15,-13,-6,-8,13,16,8,17,22,-13,-14,-2,-3,please
0.3367183208465576,-19,-19,-25,-12,-4,11,19,-1,0,0,-23,-26,-14,-9,please
0.3367183208465576,-26,-25,-43,-40,-11,10,10,2,-1,-1,-39,-40,-27,-15,please
0.3528327941894531,-34,-36,-51,-62,-17,4,0,0,3,4,-45,-47,-34,-18,please
0.3528327941894531,-29,-41,-43,-59,-12,-3,1,-11,-5,-6,-38,-43,-33,-16,please
0.3682026863098144,-10,-28,-23,-49,-3,0,6,0,0,-3,-20,-21,-7,0,please
0.3682026863098144,14,-14,-14,-38,-6,4,0,13,19,24,3,5,26,19,please
0.3842916488647461,27,-5,-6,-26,-9,-6,-10,5,21,26,20,25,44,37,please
0.3842916488647461,23,7,5,-12,0,-9,-11,1,9,5,26,34,46,35,please
0.3999085426330566,20,20,9,1,11,-8,-13,4,3,-1,24,28,35,15,please
0.3999085426330566,20,25,18,9,7,-18,-24,-4,-5,-14,20,12,19,0,please
0.4159760475158691,14,24,25,9,2,-20,-19,-9,-8,-23,21,3,12,-2,please
0.4159760475158691,6,24,20,8,11,-4,-1,-1,-3,-1,24,11,10,-3,please
0.4318082332611084,0,18,14,14,16,0,0,0,-3,14,21,13,3,-12,please
0.4318082332611084,-3,13,13,21,5,1,3,5,0,2,13,3,-5,-9,please
0.4471819400787353,-2,12,13,19,3,13,13,11,7,-2,0,-3,-8,-6,please
0.4471819400787353,-11,0,3,11,10,19,9,1,-1,0,-19,-19,-17,-21,please
0.4628052711486816,-24,-12,1,8,10,19,2,-12,-6,-2,-23,-34,-26,-28,please
0.4628052711486816,-11,-7,3,19,10,20,15,-8,10,5,-9,-18,-14,-6,please
0.4787940979003906,5,1,1,26,8,13,20,-2,8,19,-2,6,0,16,please
0.4787940979003906,2,-2,0,14,-1,0,0,-6,-14,7,-8,7,-3,16,please
0.4940807819366455,0,-15,-6,2,-12,-9,-6,-5,-16,-11,-8,-5,-11,7,please
0.4940807819366455,2,-16,-8,0,-14,-13,6,3,0,-8,-4,0,-6,8,please
0.5096662044525146,0,-9,-2,-9,-12,-10,2,10,7,0,0,10,0,6,please
0.5096662044525146,11,-2,-4,-20,-4,-13,-19,9,2,-10,4,15,5,3,please
0.5247876644134521,26,8,4,-8,1,-14,-17,6,3,-6,19,29,21,16,sil
0.5247876644134521,23,13,12,2,-2,-5,-2,1,5,4,26,30,19,16,sil
0.5401966571807861,0,2,0,-11,-7,-7,-16,-6,-19,-24,-2,-2,-18,-21,sil
0.5401966571807861,-17,6,0,-4,-2,-6,-14,-8,-42,-44,-23,-20,-37,-38,sil
0.5561065673828125,-12,24,11,29,7,16,19,0,-13,0,-7,-7,-7,-2,sil
0.5561065673828125,-6,8,3,19,6,29,26,3,15,27,0,-4,8,14,sil
0.5723285675048828,-15,-18,-19,-14,-8,8,3,-3,4,7,-14,-12,-6,0,sil
0.5723285675048828,-18,-14,-20,-15,-10,0,0,-7,0,1,-18,-11,-8,1,sil
0.5878825187683105,-12,-8,-9,-5,0,13,5,-2,11,16,-14,-13,1,-2,sil
0.5878825187683105,-14,-21,-18,-7,-4,9,2,0,2,13,-16,-23,-2,-16,sil
0.6031396389007568,-9,-19,-17,-11,-10,-15,0,0,-9,-3,-12,-20,-2,-6,sil
0.6031396389007568,6,-7,-1,-10,-4,-26,0,1,6,0,1,-5,15,11,sil
0.6189565658569336,9,-4,2,-12,0,-15,-1,3,23,14,15,6,25,11,sil
0.6189565658569336,9,0,6,-10,3,-2,-5,13,22,12,19,16,20,10,sil
0.6341288089752197,16,8,8,0,4,0,0,21,26,5,17,22,17,15,sil
0.6341288089752197,10,3,4,0,3,-1,9,14,27,8,21,24,18,7,sil
0.6496672630310059,4,-3,0,-4,5,-1,10,5,16,7,25,18,12,-8,sil
0.6496672630310059,4,8,5,1,7,1,-1,-3,-3,-9,10,3,-2,-16,sil
0.6657371520996094,1,16,11,11,7,0,-14,-15,-18,-25,-5,-1,-13,-12,sil
0.6657371520996094,8,14,10,8,10,-9,-19,-13,-15,-22,0,9,-1,0,sil
0.6817970275878906,20,20,16,8,9,-6,-17,-10,-16,-7,24,19,15,15,sil
0.6817970275878906,17,25,22,23,9,2,-3,-12,-21,7,32,15,11,20,sil
0.6976912021636963,5,19,14,28,14,13,6,-6,-18,9,4,3,-8,5,sil
0.6976912021636963,-5,11,1,13,6,20,1,1,-15,-4,-20,-12,-25,-14,sil
0.713733434677124,-18,0,-9,0,-9,12,0,0,-16,-15,-25,-32,-34,-23,sil
0.713733434677124,-23,-11,-15,-2,-14,4,2,-6,-12,-9,-23,-31,-34,-21,sil
0.7288827896118164,-19,-16,-9,-1,-7,5,0,-8,-7,0,-17,-15,-19,-11,sil
0.7288827896118164,-12,-14,-2,-5,-5,0,-3,-5,0,5,-14,-4,0,3,sil
0.7440967559814453,-3,-15,-4,-15,-8,-7,-1,4,4,10,-17,3,10,14,sil
0.7440967559814453,4,-12,-9,-14,-7,0,6,17,9,21,-3,11,15,25,sil
0.7597649097442627,2,-3,2,2,0,14,17,17,19,21,10,4,12,22,sil
0.7597649097442627,-2,0,7,7,0,10,14,4,27,15,0,-16,0,-7,sil
0.7750062942504883,-6,-2,-13,-8,-8,-3,3,-4,9,10,-15,-24,-8,-28,sil
0.7750062942504883,-9,-13,-22,-20,-5,-7,2,-5,-19,-12,-16,-14,-15,-20,sil
0.7906689643859863,-7,-28,-17,-18,0,0,5,-5,-23,-37,-20,-12,-15,-7,sil
0.7906689643859863,0,-26,-12,-20,-1,-2,0,-3,-6,-27,-17,-4,-1,4,sil
0.8058652877807617,6,-5,-2,-17,-6,-18,-3,8,6,-4,0,14,14,15,sil
0.8058652877807617,7,3,0,-5,-9,-26,-3,16,16,-5,9,13,14,8,sil
0.8217835426330566,5,11,4,0,0,-20,-6,16,26,-4,14,12,10,0,sil
0.8217835426330566,17,29,14,15,10,-11,-7,10,29,17,31,28,22,6,sil
0.8372743129730225,27,27,15,29,12,-9,-9,-3,10,18,42,36,35,16,sil
0.8372743129730225,21,13,13,22,8,-9,-16,-13,-15,-11,31,25,23,12,sil
0.8520252704620361,9,19,16,12,5,3,-9,-9,-17,-25,18,11,-3,3,sil
0.8520252704620361,0,22,15,15,5,22,3,-4,0,-8,11,0,-16,-6,sil
0.8677911758422852,-12,10,8,26,11,23,6,-5,0,3,0,-11,-16,-16,sil
0.8677911758422852,-17,3,5,19,15,18,1,-8,-3,14,-14,-19,-18,-17,sil
0.8839166164398193,-15,-10,3,-19,4,18,10,1,10,38,-12,-13,-7,0,sil
0.8839166164398193,-15,-27,-10,-39,-11,17,21,6,19,45,-6,-6,1,10,sil
0.8994576930999756,-19,-22,-19,-10,-7,13,12,-2,-6,11,-15,-15,-15,-2,sil
0.8994576930999756,-16,-9,-16,2,0,6,5,-3,-24,-20,-24,-24,-24,-11,sil
0.9149787425994872,-2,-10,-11,-20,-7,-7,7,4,-13,-24,-17,-11,-1,-3,sil
0.9149787425994872,8,-10,-10,-22,-14,-21,-8,0,-5,-16,-8,1,10,0,sil
0.9310963153839112,11,0,-12,4,-9,-20,-27,-4,-5,-16,-2,1,2,0,sil
0.9310963153839112,12,0,-5,4,-6,-22,-24,0,-1,-16,10,7,7,-1,sil
0.9460945129394532,19,9,12,0,0,-22,-17,0,-1,1,24,24,21,-4,sil
0.9460945129394532,19,33,29,30,17,4,-1,-2,0,28,27,25,22,10,sil
0.9618031978607178,8,30,27,51,27,33,27,5,9,33,12,3,7,20,sil
0.9618031978607178,0,0,9,24,10,30,30,7,17,26,-10,-8,0,11,sil
0.9769635200500488,1,-8,3,-2,0,14,4,0,11,16,-10,2,6,12,sil
0.9921140670776368,0,-8,-5,-10,1,1,-7,-2,0,-3,-3,4,4,18,sil
0.9921140670776368,-3,-14,-22,-20,-7,-15,-7,0,-10,-31,-7,-2,-4,5,sil
1.0072438716888428,-2,-8,-8,-26,-18,-23,-10,-2,-20,-45,0,2,-8,-12,sil
1.0072438716888428,-1,1,2,-14,-8,-18,-14,-6,-30,-36,6,-1,-15,-25,sil
1.0231804847717283,-14,2,-2,-8,0,-13,-17,-9,-31,-19,0,-14,-23,-27,sil
1.0231804847717283,-28,-1,-4,-8,-5,-4,-2,-3,-16,0,-5,-13,-17,-17,sil
1.0386602878570557,-22,-8,-4,0,-1,15,25,3,0,14,-2,-12,-7,-3,sil
1.0386602878570557,-8,-14,-5,4,3,26,33,4,8,12,-7,-15,-3,4,sil
1.0539865493774414,-4,-12,-8,-1,-7,10,21,6,13,2,-18,-15,-5,3,sil
1.0539865493774414,-5,-11,-12,-12,-14,-7,8,9,17,2,-23,-6,-5,0,sil
1.0692262649536133,-3,-17,-17,-18,-9,-12,-4,9,23,-1,-22,-1,0,1,sil
1.0692262649536133,0,-11,-16,-20,-6,-11,-20,6,30,0,-18,-6,0,0,sil
1.0848965644836426,13,10,1,-2,3,-9,-21,4,32,25,8,4,13,1,sil
1.0848965644836426,32,26,20,20,14,-6,-9,1,27,33,33,26,29,17,sil
1.100055456161499,32,19,19,7,10,-5,-9,-5,15,-3,11,25,12,15,sil
1.100055456161499,18,16,12,-5,9,-5,-13,-10,0,-30,-5,11,-8,-7,sil
1.1161434650421145,8,22,8,21,13,-7,-8,-11,-11,-22,17,11,-1,-11,sil
1.1161434650421145,0,17,11,32,6,-3,-5,-12,-16,-20,33,15,1,-8,sil
1.132152080535889,-3,8,11,18,1,6,0,-12,-10,-18,26,6,-6,-9,sil
1.132152080535889,-4,5,12,22,6,14,10,-1,-6,4,25,3,0,0,sil
1.147721529006958,-14,0,14,28,9,21,13,9,-6,33,16,8,10,7,sil
1.147721529006958,-17,-8,2,8,7,28,20,11,0,42,-2,0,6,7,sil
1.163649082183838,-9,-13,-2,-11,0,22,25,7,3,32,-17,-14,-6,10,sil
1.163649082183838,-11,-14,-7,-13,-8,15,22,5,0,27,-28,-24,-8,8,sil
1.179164171218872,-10,-14,-16,-13,-7,13,14,7,-2,15,-29,-23,1,3,sil
1.179164171218872,7,-11,-11,-17,-10,0,0,8,-10,-11,-18,-12,12,9,sil
1.1946921348571775,19,-7,0,-13,-14,-14,-11,0,-24,-18,-5,1,14,16,sil
1.1946921348571775,17,-3,-1,-9,-2,-8,-11,-6,-42,-13,1,8,8,10,sil
1.2107055187225342,17,0,-3,-10,4,-4,-11,-3,-49,-16,3,5,2,0,sil
1.2107055187225342,8,4,-1,-7,-4,-8,-12,0,-29,-9,12,8,4,-4,sil
1.2260007858276367,-6,5,-3,-2,-9,-11,-12,-5,1,-6,19,9,7,-10,sil
1.2260007858276367,-10,0,-9,-6,-9,-12,-14,-11,16,-20,11,0,1,-19,sil
1.242029905319214,-7,3,0,-4,-4,-4,-8,-8,21,-19,10,3,-4,-18,sil
1.242029905319214,-5,20,11,19,12,2,4,2,24,-8,15,9,-11,-8,sil
1.2580037117004397,-14,11,-2,27,16,3,10,3,19,-13,-10,-17,-28,-12,sil
1.2580037117004397,-33,-22,-25,-3,-2,3,9,-2,18,-5,-45,-45,-44,-25,sil
1.2729625701904297,-27,-27,-24,-20,-10,-2,7,0,33,17,-43,-30,-32,-11,sil
1.2729625701904297,0,-15,-7,-13,-3,-21,-3,2,30,14,-20,0,-8,8,sil
1.288377046585083,10,-16,-6,-20,-8,-26,-17,-4,5,-3,-8,9,1,1,sil
1.288377046585083,14,1,2,-15,-10,-11,-15,-6,-3,-9,10,16,10,5,sil
1.3044710159301758,30,26,26,12,5,-7,-12,0,-1,-9,30,25,14,18,sil
1.3044710159301758,25,23,26,20,16,-9,-10,0,-12,-10,18,11,2,8,sil
1.320192813873291,-7,15,14,15,17,5,8,0,-17,4,-1,-1,0,1,sil
1.320192813873291,-16,10,11,23,20,23,32,9,0,33,-4,-2,11,9,sil
1.335679531097412,4,-1,4,17,12,20,32,15,18,44,0,0,15,7,sil
1.335679531097412,11,-6,1,-1,-3,0,18,13,25,35,7,12,19,14,sil
1.3519580364227295,3,-9,0,-12,-18,-9,7,7,16,17,6,21,25,25,sil
1.3519580364227295,-1,-19,-4,-16,-18,-2,-8,0,-5,-10,0,2,16,3,sil
1.367457151412964,0,-11,-4,-14,0,-1,-16,-5,-17,-27,6,-5,5,-11,sil
1.367457151412964,6,8,0,-1,5,-7,-16,-1,-9,-12,21,8,13,2,sil
1.3829360008239746,9,14,7,15,-1,0,-16,0,-9,-9,28,14,19,4,sil
1.3829360008239746,8,14,9,16,1,4,-9,-7,-23,-25,26,7,4,-7,sil
1.3986806869506836,8,15,8,-5,0,-2,-12,-11,-24,-24,15,9,-11,-9,sil
1.3986806869506836,0,6,6,-12,-12,0,-20,-10,-18,-10,-2,0,-19,-17,sil
1.4140894412994385,-17,-3,-5,5,-5,24,0,-12,-19,-6,-20,-26,-34,-25,sil
1.4140894412994385,-25,-3,-16,14,17,54,26,-7,-12,-4,-28,-33,-38,-17,sil
1.4301788806915283,-14,2,-10,16,20,57,30,9,10,20,-15,-15,-10,0,sil
1.4301788806915283,0,6,5,25,6,32,26,17,20,45,0,-1,11,15,sil
1.4458940029144287,3,-4,1,5,-6,5,20,5,12,29,-7,-6,3,14,sil
1.4458940029144287,-4,-27,-22,-30,-23,-16,2,-7,6,-5,-29,-18,-8,4,sil
1.4610717296600342,-9,-29,-26,-37,-25,-36,-13,-6,1,-17,-32,-9,-9,-3,sil
1.4610717296600342,-7,-16,-20,-25,-9,-32,-12,1,0,-14,-26,0,-15,-11,sil
1.4762625694274902,-20,-20,-38,-40,4,-17,-8,1,-1,-18,-30,-14,-22,-18,sil
1.4762625694274902,-36,-22,-44,-47,12,-17,-13,-3,-10,-17,-23,-21,-15,-23,sil
1.491793155670166,-10,5,-6,-2,18,-12,-14,1,-1,-6,13,1,3,-11,sil
1.491793155670166,34,39,45,39,14,-4,-8,13,16,5,47,29,20,11,sil
1.5071227550506592,47,42,63,40,0,-15,-1,10,14,16,45,35,26,28,sil
1.5071227550506592,38,33,59,38,-8,-21,4,-1,3,12,31,32,25,30,sil
1.522880792617798,26,28,46,46,0,-7,10,-4,0,0,19,23,18,19,sil
1.522880792617798,-4,5,9,29,9,0,15,-1,-2,5,0,-4,0,6,sil
1.5384469032287598,-41,-33,-28,-4,3,-3,15,0,6,21,-15,-23,-7,2,sil
1.5384469032287598,-33,-41,-39,-17,-8,-5,6,9,19,17,-10,-10,4,4,sil
1.553955316543579,9,-9,-18,-5,-5,-5,-9,8,14,0,1,9,19,5,sil
1.553955316543579,38,9,11,4,8,2,-15,0,9,-1,14,22,21,11,sil
1.5694162845611572,41,6,16,-4,0,11,-3,7,17,4,19,24,21,16,sil
1.5694162845611572,25,-1,3,-20,-17,5,3,7,10,0,13,17,18,6,sil
1.585322618484497,2,-10,-6,-25,-15,0,-6,-12,-11,-10,4,6,2,-12,sil
1.585322618484497,-18,-18,-18,-29,0,7,-15,-20,-23,-19,0,-3,-12,-19,sil
1.6011908054351809,-32,-15,-23,-34,6,7,-11,-8,-15,-24,-2,-12,-13,-17,sil
1.6011908054351809,-25,0,-16,-17,7,0,-5,-3,-8,-14,-4,-21,-14,-22,sil
1.6168465614318848,-10,15,0,4,5,1,0,-7,-16,-6,-7,-24,-20,-23,sil
1.6168465614318848,0,15,16,14,0,9,7,-3,-15,-4,-11,-17,-18,-8,sil
1.6328210830688477,1,15,18,21,1,23,16,1,-1,6,-3,-5,-12,0,sil
1.6328210830688477,-1,12,19,24,8,27,18,0,-2,18,3,-1,-8,-5,sil
1.648426532745361,-15,-2,4,13,0,13,8,-3,-12,3,-10,-13,-10,-8,sil
1.664123296737671,-34,-15,-17,0,-3,0,-6,-7,-21,-17,-31,-24,-24,-13,sil
1.664123296737671,-33,-8,-21,-2,2,1,-8,-4,-21,-14,-29,-17,-28,-15,sil
1.664123296737671,0,6,-6,5,1,5,-3,0,-2,5,-7,0,-2,1,sil
1.6791510581970217,26,10,6,6,-3,0,-8,4,11,18,14,18,23,21,sil
1.6791510581970217,25,4,9,1,-5,-5,-5,6,10,22,16,24,23,26,sil
1.6946964263916016,15,3,12,3,-5,-1,5,7,6,13,0,13,10,20,sil
1.6946964263916016,6,4,12,8,0,-3,9,9,7,1,-9,5,0,9,sil
1.7110590934753418,0,0,1,1,1,-16,10,8,11,0,0,1,-4,2,sil
1.7110590934753418,-2,-9,-8,-11,-2,-16,7,1,12,-7,-2,-2,-4,-2,sil
1.7251930236816406,0,-8,-10,-5,-2,-1,0,0,8,-12,-16,-11,-5,-4,sil
1.7251930236816406,8,0,0,9,4,2,0,1,9,0,-8,-3,-2,1,sil
1.7421982288360596,15,1,5,9,8,0,3,3,17,10,9,9,7,11,sil
1.7421982288360596,8,0,-4,3,7,0,1,6,19,12,11,9,15,14,sil
1.7572267055511477,-1,-5,-9,-3,-1,-3,-1,8,12,5,9,4,16,8,sil
1.7731940746307373,-4,-11,-11,-16,-15,-10,0,2,5,-9,10,0,12,-3,sil
1.773512601852417,2,-9,-9,-11,-6,-8,3,-2,0,-10,4,-2,2,-7,sil
1.7881450653076172,9,-2,4,7,11,-9,4,1,-2,0,4,3,0,0,sil
1.7881450653076172,6,0,9,7,4,-9,0,2,0,1,24,12,15,3,sil
1.8037302494049072,4,4,6,-5,-4,-4,-4,-3,-1,9,34,16,25,-3,sil
1.8037302494049072,4,0,1,-7,2,-12,-5,-6,-3,17,20,12,16,-1,sil
1.8193790912628167,-7,-12,-2,-10,-1,-20,-13,-7,-5,0,2,2,8,1,sil
1.8193790912628167,-17,-15,-6,-19,-15,-7,-21,-11,-19,-19,-2,-5,2,-8,sil
1.8350837230682373,-9,-1,-7,-17,-11,0,-21,-12,-29,-11,-3,-9,-8,-17,sil
1.8350837230682373,-2,11,4,-6,4,0,-17,-6,-20,-3,1,-3,-7,-9,sil
1.8506817817687988,3,22,16,4,12,10,-2,-3,-3,-7,6,5,1,3,sil
1.8506817817687988,9,24,16,10,11,19,11,-3,0,-12,0,6,-7,5,sil
1.865820407867432,2,14,11,10,4,17,13,0,-10,-13,-13,-4,-30,-5,sil
1.865820407867432,-6,5,4,10,-1,14,11,1,-11,-6,-24,-14,-33,-12,sil
1.881918668746948,-13,1,0,5,0,14,1,-5,-5,-10,-25,-12,-27,-10,sil
1.881918668746948,-7,6,2,6,1,15,-5,-11,-5,-15,-23,-14,-27,-5,sil
1.8978173732757568,0,14,3,15,6,15,5,-2,-4,2,-26,-15,-19,1,sil
1.8978173732757568,-12,0,-8,5,11,14,16,7,-4,16,-30,-16,-12,-4,sil
1.91273045539856,-29,-23,-30,-10,3,15,13,6,-5,5,-37,-32,-25,-20,sil
1.91273045539856,-27,-25,-29,-9,-9,7,10,2,5,4,-33,-33,-20,-15,sil
1.9287054538726809,-10,-18,-12,-8,-13,-3,10,13,22,22,-6,-8,10,4,sil
1.9287054538726809,4,-20,-6,-12,-9,0,6,18,23,29,13,1,24,15,sil
1.944297790527344,12,-11,1,0,0,1,0,9,24,26,19,4,26,19,sil
1.944297790527344,17,0,5,13,5,-9,2,7,35,27,28,15,37,23,sil
1.960038185119629,19,-4,1,2,2,-12,2,13,33,25,37,24,37,23,sil
1.960038185119629,23,-2,1,-3,1,-5,0,11,22,12,32,30,27,16,sil
1.9758825302124023,24,8,3,4,-4,-12,-2,1,16,-2,21,26,28,12,sil
1.9758825302124023,14,7,6,0,-15,-29,-11,-4,4,-13,18,21,26,18,sil
1.9919803142547607,5,0,9,-5,-8,-29,-19,-7,-18,-23,28,25,10,10,please
1.9919803142547607,7,6,11,2,0,-17,-19,-11,-34,-32,29,30,-2,-10,please
2.01489520072937,12,16,15,15,-2,-11,-8,-10,-23,-27,15,30,1,-6,please
2.01489520072937,14,20,20,20,4,-9,0,0,-5,-16,11,26,6,9,please
2.01489520072937,12,17,21,18,8,-10,-2,0,-1,-15,24,22,0,0,please
2.023077726364136,5,17,21,21,0,-5,-4,-8,-4,-5,19,13,0,-7,please
2.0380921363830566,-2,17,20,21,4,4,-9,-19,-24,-4,-11,-2,-12,-9,please
2.0380921363830566,-6,5,7,8,7,6,-17,-28,-51,-28,-30,-20,-40,-26,please
2.0536818504333496,-11,0,-6,0,-3,2,-10,-24,-47,-38,-29,-28,-44,-32,please
2.0536818504333496,-23,5,-6,-1,-7,8,0,-6,-28,-27,-40,-33,-35,-25,please
2.068725109100342,-32,-11,-19,-14,1,19,8,2,-10,-9,-51,-47,-34,-22,please
2.068725109100342,-28,-27,-29,-27,9,27,19,8,10,15,-38,-44,-19,-9,please
2.0846688747406006,-17,-20,-24,-33,6,25,25,16,22,29,-27,-37,-5,0,please
2.0846688747406006,-12,-20,-30,-31,0,20,22,17,27,31,-28,-41,-7,-2,please
2.1001875400543213,-9,-24,-29,-14,13,23,29,16,39,43,-18,-30,3,5,please
2.1001875400543213,-1,-15,-12,-7,18,23,30,16,44,53,-8,-14,22,24,please
2.1162219047546387,0,-12,-14,-32,-5,11,5,10,32,47,-6,-11,22,23,please
2.1162219047546387,-5,-8,-29,-45,-11,-2,-7,9,24,33,-1,0,18,13,please
2.13201642036438,-1,0,-26,-24,1,-11,0,11,28,21,5,14,23,11,please
2.13201642036438,2,-8,-13,-13,-5,-14,-4,3,17,4,6,11,18,6,please
2.146918296813965,0,-11,-9,-16,-18,-17,-25,-7,-6,-12,2,1,2,-7,please
2.146918296813965,3,8,3,-2,-14,-24,-28,-8,-14,-15,22,13,2,-9,please
2.162060022354126,15,18,27,14,-6,-19,-14,0,-3,-12,54,34,20,4,please
2.162060022354126,19,12,36,26,0,-6,-2,6,-4,-23,50,36,17,8,please
2.1772446632385254,21,15,42,38,4,-14,-10,-3,-20,-30,35,37,-1,0,please
2.1772446632385254,28,30,51,45,8,-18,-21,-16,-24,-29,39,44,-1,4,please
2.192858934402466,27,31,47,44,7,1,-7,-17,-19,-37,26,39,0,15,please
2.192858934402466,17,18,32,43,2,4,4,-13,-29,-32,0,23,-13,1,please
2.208436965942383,7,13,16,39,-1,-12,-1,-11,-40,-16,1,14,-21,-12,please
2.208436965942383,0,13,18,32,0,-2,-3,-7,-24,-13,10,14,-6,-1,please
2.223741292953491,0,7,19,32,3,10,5,1,5,-3,-4,6,3,6,please
2.223741292953491,-9,-1,-10,17,0,0,4,1,3,5,-29,-18,-7,-6,please
2.238855361938477,-32,-15,-33,-16,-7,-5,-2,-7,-16,-2,-34,-33,-18,-24,please
2.2542765140533447,-33,-23,-29,-27,-10,6,0,-3,-5,5,-27,-27,-12,-19,please
2.2542765140533447,-17,-17,-21,-14,-3,11,11,7,11,13,-24,-21,-8,-6,please
2.2542765140533447,-8,-13,-18,-18,0,13,18,10,15,5,-17,-20,-5,-6,please
2.2700893878936768,-1,-11,-17,-32,0,17,14,10,23,22,0,-11,11,-1,please
2.2700893878936768,7,-2,-8,-24,8,11,7,14,31,38,8,0,23,12,please
2.2860217094421387,12,5,-3,-7,11,2,12,11,31,29,4,2,17,19,please
2.2860217094421387,5,2,-5,-7,12,6,17,2,22,21,0,-4,5,13,please
2.301067352294922,0,-5,-9,-16,6,13,13,-1,2,9,-10,-12,0,6,please
2.316279649734497,0,-10,-12,-18,-8,7,7,0,-6,-9,-19,-16,-3,4,please
2.316279649734497,-6,-11,-14,-22,-9,-6,0,1,0,-17,-20,-21,-11,0,please
2.332679271697998,-13,-7,-17,-20,0,-8,-11,0,8,-9,-18,-24,-15,-8,please
2.332679271697998,-2,0,-3,-5,-3,0,-10,-1,11,0,-5,-7,-8,-8,please
2.332679271697998,3,0,1,0,-9,-1,-11,-7,0,0,0,1,-8,-7,please
2.3470590114593506,-6,-10,-8,-2,-7,-14,-26,-8,-15,-2,-7,-8,-12,-2,please
2.362789869308472,-1,-3,0,5,0,-11,-18,3,-1,13,2,0,7,11,please
2.362789869308472,16,10,14,14,9,1,12,19,24,26,23,24,27,18,please
2.378795862197876,13,8,5,0,7,4,10,14,24,13,21,24,25,8,please
2.378795862197876,9,0,-1,-11,-1,-1,-13,-3,-1,-5,18,20,24,3,please
2.39436411857605,13,4,7,0,-1,-17,-20,-22,-37,-27,21,22,19,0,please
2.39436411857605,10,11,18,0,0,-27,-23,-28,-59,-48,17,23,1,-10,please
2.4101908206939697,4,12,18,-8,-2,-15,-21,-10,-43,-31,22,25,-2,-16,please
2.4101908206939697,-1,15,16,3,4,0,-3,4,-16,-11,23,17,0,-8,please
2.4250783920288086,-7,18,22,27,11,-6,11,3,-7,-12,6,-4,-15,-5,please
2.4250783920288086,-9,11,19,36,4,-5,14,0,2,2,-6,-15,-24,-3,please
2.440481662750244,-20,0,4,25,0,15,15,-5,7,19,-11,-12,-20,-3,please
2.440481662750244,-19,-4,-3,15,3,26,18,-8,-2,7,-14,-13,-21,-7,please
2.456594228744507,-2,-5,-1,16,1,18,15,0,0,4,-13,-9,-16,-4,sil
2.456594228744507,0,-6,-1,14,-4,14,7,3,18,12,-11,-1,-1,1,sil
2.472233772277832,-6,-7,-11,1,-5,14,5,0,13,0,-14,-11,-1,-1,sil
2.472233772277832,3,-11,-12,-11,-2,7,3,0,3,-14,-15,-12,-3,-3,sil
2.4877779483795166,13,-7,0,-5,0,0,1,8,13,0,-7,4,10,6,sil
2.4877779483795166,9,5,1,5,2,-1,2,10,14,16,0,3,16,14,sil
2.5041799545288086,-1,0,-9,-4,-2,-5,0,6,4,11,-2,-10,1,2,sil
2.5041799545288086,-9,-19,-21,-20,-14,-10,-7,4,6,5,-7,-13,-6,-6,sil
2.519703149795532,-10,-17,-11,-20,-12,-10,-10,6,4,0,-6,-7,-5,-3,sil
2.519703149795532,-2,0,0,-4,0,-1,-1,9,4,0,-8,-9,0,7,sil
2.535652637481689,3,1,-5,3,0,1,4,7,21,15,-2,-4,11,16,sil
2.535652637481689,-1,-12,-14,-10,-4,-3,-2,4,19,18,0,2,13,6,sil
2.551965951919556,-9,-14,-25,-25,-1,-2,-5,0,-1,-2,-4,0,2,-6,sil
2.551965951919556,3,-2,-16,-22,-3,4,-2,-5,-9,-15,4,10,3,-3,sil
2.567290782928467,16,4,10,-8,-3,4,1,-6,-5,-6,24,23,11,6,sil
2.567290782928467,8,14,16,6,12,8,8,-3,-5,0,20,14,6,5,sil
2.5831618309021,5,19,5,6,20,4,3,-2,-8,-4,7,6,1,-2,sil
2.5831618309021,17,14,9,0,6,-11,-6,-5,-5,-1,11,16,10,3,sil
2.5987491607666016,31,18,31,18,6,-12,0,0,2,16,21,26,23,25,sil
2.5987491607666016,38,34,40,45,20,2,13,11,11,25,25,28,22,32,sil
2.6138803958892822,23,26,23,33,17,8,14,7,7,9,16,21,5,12,sil
2.6138803958892822,-7,-6,0,-10,0,1,-1,-8,-8,-7,0,2,-11,-7,sil
2.6299660205841064,-23,-24,-11,-26,-8,-6,-10,-10,-15,-10,-13,-17,-11,-13,sil
2.6299660205841064,-21,-16,-5,-9,-5,-7,-1,-3,-11,-10,-12,-25,-10,-21,sil
2.6456639766693115,-21,-11,-5,-1,-8,-6,-5,-6,-13,-16,-10,-22,-22,-30,sil
2.6456639766693115,-28,-13,-18,-14,-17,-14,-24,-9,-14,-25,-21,-26,-29,-29,sil
2.6612017154693604,-33,-9,-17,-19,-14,-15,-20,-4,-9,-28,-27,-34,-21,-23,sil
2.6612017154693604,-21,-8,-7,-5,-5,0,-7,-3,-2,-8,-18,-29,-8,-15,sil
2.676835060119629,-6,-12,-10,-4,-8,7,-13,-9,-4,-1,-11,-14,-7,-11,sil
2.676835060119629,-8,-12,-11,-9,-13,-1,-17,-14,-20,-22,-15,-10,-18,-16,sil
2.692807197570801,-1,0,0,5,0,0,-1,-9,-19,-13,-8,-2,-9,-2,sil
2.692807197570801,13,18,17,16,12,15,15,7,4,21,17,20,19,23,sil
2.7077560424804688,11,19,14,6,4,19,21,17,17,21,23,25,18,24,sil
2.7077560424804688,5,13,3,10,0,10,15,9,10,9,13,10,2,7,sil
2.7231810092926025,15,16,8,27,5,2,8,8,17,24,20,13,19,11,sil
2.7231810092926025,14,7,3,24,2,0,6,12,18,22,12,15,21,12,sil
2.7383012771606445,-2,-13,-5,3,-5,2,0,2,-4,-7,-16,0,-14,-7,sil
2.7383012771606445,-5,-11,-7,-4,0,0,4,-3,-9,-7,-14,-7,-21,-14,sil
2.754164457321167,3,-4,-1,-1,11,1,14,3,3,13,2,4,1,9,sil
2.754164457321167,6,-2,7,3,12,5,14,11,10,12,-1,15,6,25,sil
2.769806146621704,8,4,4,2,6,7,12,8,19,5,-6,4,-2,17,sil
2.769806146621704,1,-1,-12,-7,0,6,12,1,21,4,-6,-11,-3,4,sil
2.7849786281585693,-5,-19,-20,-13,-8,0,0,2,13,7,-5,-12,8,2,sil
2.7849786281585693,0,-10,-5,-8,-9,-12,-14,0,13,10,3,1,16,4,sil
2.8009932041168213,3,3,1,-11,0,-6,-11,-6,9,2,2,4,9,1,sil
2.8009932041168213,0,-7,-10,-24,0,2,-5,-1,-1,-13,-6,-5,0,0,sil
2.8161303997039795,-3,-14,-14,-28,-10,-13,-14,0,-12,-25,0,-7,0,-8,sil
2.8161303997039795,-1,1,-3,-9,-3,-23,-16,-6,-9,-19,7,1,2,-18,sil
2.832207679748535,2,9,2,2,7,-5,-2,-4,-5,-7,3,8,1,-9,sil
2.832207679748535,2,5,10,-6,0,-1,-3,-1,-17,-7,8,9,-3,-9,sil
2.848282814025879,2,14,18,3,-5,-10,-10,-8,-20,-6,16,4,0,-12,sil
2.848282814025879,5,24,25,31,7,1,-2,-8,-5,4,16,0,6,2,sil
2.8643689155578613,7,16,25,38,18,21,13,0,-7,10,9,0,0,7,sil
2.8643689155578613,8,12,21,37,15,25,29,3,-12,16,1,2,0,3,sil
2.8795158863067627,9,10,17,33,7,14,30,10,15,33,0,12,15,20,sil
2.8795158863067627,0,-6,-7,1,-8,-1,5,15,34,26,-4,4,12,23,sil
2.895097017288208,-13,-26,-33,-31,-18,-8,-15,5,11,-7,-16,-18,-10,-4,sil
2.895097017288208,-19,-31,-36,-42,-15,-9,-11,-6,-4,-18,-13,-17,-7,-12,sil
2.9110684394836426,-11,-20,-24,-40,-8,-17,-14,-10,-8,-11,0,1,5,-5,sil
2.9110684394836426,-7,0,-11,-25,-1,-22,-35,-17,-27,-30,1,0,-8,-22,sil
2.926491498947144,-3,11,0,0,0,-18,-38,-20,-37,-34,1,-11,-21,-33,sil
2.926491498947144,1,12,12,7,-2,-12,-21,-8,-24,-9,5,0,-8,-12,sil
2.9418907165527344,1,16,19,6,0,-2,-9,-3,-15,-10,0,12,-5,1,sil
2.9418907165527344,0,22,17,11,5,3,-5,-5,-12,-21,-6,3,-17,-2,sil
2.95766830444336,0,14,19,19,7,7,5,2,-2,1,-4,-1,-9,0,sil
2.95766830444336,7,3,18,27,8,23,32,11,17,25,-4,-2,2,14,sil
2.972892999649048,9,2,7,22,11,41,45,12,31,22,-10,-6,-1,18,sil
2.972892999649048,-1,-4,-4,6,8,34,36,13,25,22,-10,-11,-5,12,sil
2.988499402999878,-11,-19,-16,-1,0,16,28,8,16,25,-7,-14,-3,5,sil
2.988499402999878,-10,-23,-12,0,-3,8,22,0,16,12,-8,-8,-9,2,sil
3.0037295818328857,-3,-18,-6,5,2,0,9,4,17,4,-11,0,-5,10,sil
3.0037295818328857,0,-14,-13,-2,-5,-6,-5,10,13,4,-13,-1,9,15,sil
3.020161867141724,-2,-16,-20,-24,-22,-11,-9,8,10,3,-6,0,14,0,sil
3.020161867141724,-8,-16,-21,-31,-20,-10,-9,3,7,2,9,6,12,-8,sil
3.034775495529175,-6,-7,-13,-18,-3,-9,-17,4,1,-4,15,11,12,-2,sil
3.034775495529175,2,7,-5,-2,4,-11,-17,6,7,-8,14,12,13,-3,sil
3.0499391555786133,9,12,0,-8,0,-13,-11,0,6,-6,18,11,15,-6,sil
3.0499391555786133,8,1,0,-20,-7,-20,-18,-11,-15,-16,13,6,10,-6,sil
3.066197872161865,7,0,2,-9,-2,-20,-19,-11,-26,-25,1,0,4,-11,sil
3.066197872161865,10,17,14,4,5,-11,-4,-6,-14,-12,9,8,12,-8,sil
3.080950975418091,17,25,21,5,8,-12,-2,-8,-12,2,23,19,20,6,sil
3.096664905548096,17,24,21,13,14,-9,-5,-8,-16,2,19,21,9,9,sil
3.096664905548096,11,27,26,24,20,7,0,0,-11,-4,12,14,-6,3,sil
3.096664905548096,6,19,19,24,13,13,4,-5,-13,-3,3,0,-16,3,sil
3.1122519969940186,-5,4,12,24,8,7,2,-17,-23,2,-3,-10,-18,0,sil
3.127773761749268,-14,3,12,29,9,14,11,-11,-16,5,-9,-18,-17,-6,sil
3.127773761749268,-17,-6,-1,16,0,23,17,0,-1,5,-19,-29,-21,-7,sil
3.1437442302703857,-28,-30,-19,-9,-11,18,11,0,-6,7,-34,-41,-29,-12,sil
3.1437442302703857,-30,-29,-19,-9,-16,14,7,1,-5,11,-39,-35,-26,-15,sil
3.160444021224976,-8,-8,-6,4,-8,15,13,15,18,16,-24,-14,-7,0,sil
3.160444021224976,8,-8,-8,0,0,7,19,26,41,24,-9,-2,6,22,sil
3.160444021224976,5,-21,-16,-15,-6,0,9,17,43,21,-6,0,11,24,sil
3.175976514816284,9,-15,-8,-18,-8,0,-4,9,35,9,9,19,26,20,sil
3.175976514816284,19,-2,-5,-21,0,-2,-5,14,30,1,27,35,31,20,sil
3.190556287765503,4,-4,-11,-26,-3,-14,-10,4,11,-11,16,19,5,3,sil
3.2063686847686768,-2,-9,-9,-20,-13,-20,-15,-11,-12,-23,0,0,-9,-16,sil
3.2063686847686768,11,3,1,-18,-11,-18,-7,-7,-19,-21,7,10,4,-2,sil
3.22198748588562,8,14,9,-20,-3,-17,-10,-2,-8,-21,17,25,9,4,sil
3.22198748588562,-4,8,4,-3,-2,-19,-20,-6,-5,-27,16,14,-5,-15,sil
3.2372794151306152,2,10,0,11,0,-13,-16,-9,-17,-21,8,3,-8,-19,sil
3.2372794151306152,6,16,6,12,4,-4,-10,-14,-23,-9,4,6,3,-11,sil
3.2527616024017334,-3,19,8,18,9,0,-9,-15,-18,-2,11,2,8,-16,sil
3.2527616024017334,-4,20,8,23,15,4,-1,-4,-13,1,11,-7,2,-14,sil
3.2681102752685547,-1,11,4,18,12,9,11,2,0,9,-10,-16,-2,-6,sil
3.2681102752685547,-11,-1,1,8,3,12,16,0,9,8,-19,-22,-5,-8,sil
3.28371524810791,-12,-2,2,4,4,9,15,0,-1,2,-10,-19,-10,-3,sil
3.28371524810791,-6,3,8,14,12,9,13,0,-10,7,-13,-8,-17,6,sil
3.298804998397827,-4,0,16,25,13,9,8,-2,-1,18,-14,2,-13,5,sil
3.298804998397827,1,-7,8,19,2,9,3,0,4,19,0,5,0,2,sil
3.3147361278533936,8,-7,-2,4,-6,14,0,5,0,12,0,-1,6,13,sil
3.3147361278533936,8,-4,-1,-3,-5,17,2,3,-5,4,-9,-8,-2,21,sil
3.329907178878784,1,-12,-9,-14,-8,3,1,-4,-11,-3,-17,-19,-19,9,sil
3.329907178878784,-12,-30,-27,-33,-24,-10,-6,0,-20,-14,-30,-30,-26,-4,sil
3.34570574760437,-15,-30,-22,-32,-23,-1,0,12,0,-5,-29,-21,-8,1,sil
3.34570574760437,-1,-12,-1,-16,0,12,16,17,37,17,0,2,22,18,sil
3.361243724822998,10,-3,1,-13,11,4,15,12,40,20,16,16,30,18,sil
3.361243724822998,10,-1,-6,-8,0,-9,1,7,18,6,12,18,19,11,sil
3.3767693042755127,10,3,3,0,0,-12,0,6,13,6,22,25,23,7,sil
3.3767693042755127,19,8,16,6,5,-10,1,7,21,10,32,25,27,2,sil
3.391925573348999,21,11,12,13,0,-9,-4,5,17,-3,22,22,17,-2,sil
3.391925573348999,7,7,1,7,-1,-10,-10,2,3,-14,19,23,12,-6,sil
3.4080381393432617,-1,6,-9,-4,2,-17,-13,-5,-9,-15,21,13,8,-14,sil
3.4080381393432617,-4,13,-9,0,5,-22,-16,-19,-20,-23,9,0,0,-23,sil
3.424002170562744,-7,16,-3,6,4,-19,-11,-15,-16,-16,8,2,2,-17,sil
3.424002170562744,-6,16,0,0,6,-11,-9,-6,-8,0,24,11,8,-7,sil
3.439375638961792,-4,18,5,0,6,0,-8,-10,-15,-10,7,0,-13,-17,sil
3.439375638961792,-8,10,1,16,5,11,0,-16,-24,-22,-31,-26,-43,-21,sil
3.4551806449890137,-10,0,0,17,2,11,0,-13,-24,-10,-31,-32,-43,-6,sil
3.4551806449890137,-6,0,5,5,-1,11,0,-6,-18,0,-6,-22,-27,8,sil
3.470688343048096,2,5,11,11,3,24,15,0,-4,5,-4,-10,-15,17,sil
3.470688343048096,3,-2,14,16,12,29,18,8,6,17,-12,0,-5,15,sil
3.486217498779297,-11,-22,2,-6,0,20,6,10,5,20,-16,-3,2,9,sil
3.486217498779297,-18,-28,-7,-26,-22,3,-1,4,0,13,-20,-17,3,6,sil
3.50236177444458,-3,-18,-2,-17,-24,-6,-4,4,7,7,-19,-10,1,3,sil
3.50236177444458,5,-13,-2,-14,-10,0,-2,10,17,2,-10,2,5,1,sil
3.518141984939575,1,-16,-8,-27,0,1,-2,8,16,-2,2,5,14,0,sil
3.518141984939575,4,-5,-6,-22,-5,-17,-10,1,7,-3,10,7,12,-3,sil
3.533720731735229,10,10,4,-2,-12,-30,-17,-7,-10,-8,6,14,2,-4,sil
3.533720731735229,14,21,16,20,1,-15,-12,-10,-17,-12,1,15,0,-4,sil
3.549810647964477,11,27,22,46,30,15,8,-3,-5,-1,5,1,0,-8,sil
3.549810647964477,-6,16,15,45,31,31,34,5,2,10,-2,-14,-12,-6,sil
3.5652315616607666,-21,-9,-17,9,-1,17,32,5,2,8,-26,-28,-23,-7,sil
3.5652315616607666,-18,-21,-39,-23,-17,0,12,5,5,0,-27,-23,-13,-10,sil
3.580761909484864,-2,-19,-21,-20,-3,5,15,17,18,10,4,1,11,8,sil
3.580761909484864,14,-10,-4,-5,0,2,21,23,29,23,26,22,32,31,sil
3.5958669185638428,19,2,-7,-6,-4,-12,0,9,17,-1,15,17,30,20,sil
3.5958669185638428,4,0,-14,-14,-1,-18,-17,-7,0,-21,2,2,9,0,sil
3.611981630325317,-2,-6,-4,-12,5,-18,-19,-9,-1,-2,14,7,6,0,sil
3.611981630325317,12,7,13,0,7,-10,-15,-1,7,15,34,28,26,14,sil
3.627912759780884,15,15,12,3,0,-1,-12,-5,0,5,23,26,24,14,sil
3.627912759780884,-5,5,6,-3,-5,-9,-19,-15,-20,-18,-1,8,-5,-6,sil
3.643061876296997,0,9,11,2,-1,-11,-17,-6,-18,-18,-3,5,-10,-8,sil
3.643061876296997,13,17,13,12,0,1,-2,0,-1,2,12,8,0,6,sil
3.65822434425354,0,5,12,0,-8,-1,-4,-10,-6,5,17,0,-10,-3,sil
3.65822434425354,-9,-8,2,-22,-12,-9,-12,-11,-11,-7,9,-8,-16,-12,sil
3.6738860607147217,-1,-11,-3,-18,-7,7,-2,3,-5,-10,0,-7,0,-4,sil
3.6738860607147217,1,1,6,20,5,16,9,7,-2,-2,-2,-4,3,-1,sil
3.6890828609466553,6,25,22,43,20,3,3,0,-2,0,0,0,-5,-4,sil
3.6890828609466553,6,20,13,20,22,-2,-4,-5,-8,-8,0,-8,-13,-13,sil
3.704680919647217,-15,-8,-15,-2,9,1,-3,-9,-20,-11,-16,-30,-24,-30,sil
3.704680919647217,-31,-21,-23,-12,-2,6,0,-12,-16,2,-28,-30,-24,-24,sil
3.7207164764404297,-17,-12,-12,-9,-6,8,2,-7,-4,6,-27,-19,-12,-9,sil
3.7207164764404297,-6,0,-4,9,-2,6,0,-4,-8,-7,-29,-22,-11,-15,sil
3.7359015941619873,-13,2,2,13,1,2,7,3,-3,-3,-20,-9,-12,-8,sil
3.7359015941619873,-6,0,5,4,2,6,22,15,22,20,0,10,0,18,sil
3.750963687896729,5,0,2,10,0,11,17,16,27,19,0,5,-1,18,sil
3.766247272491455,1,-11,-12,6,-6,11,9,11,13,5,-16,-5,-14,7,please
3.766247272491455,0,-9,-13,-7,-1,10,17,11,15,7,-10,5,0,20,please
3.767247915267944,13,2,9,-5,1,11,19,13,18,12,0,19,19,26,please
3.7818775177001953,10,-4,2,-8,-8,7,15,7,6,3,-6,8,8,13,please
3.797088623046875,-3,-16,-17,-21,-12,0,10,2,0,0,-5,-1,2,9,please
3.797088623046875,2,-4,-9,-15,-5,-7,0,7,10,14,17,11,26,16,please
3.812729597091675,10,0,0,-8,-3,-15,-12,4,16,20,24,19,33,10,please
3.812729597091675,4,-8,-4,-17,-1,-14,-13,-7,2,-4,0,1,8,-3,please
3.8280606269836426,7,-3,-5,-15,-3,-10,-7,-7,-7,-23,-7,-4,0,-4,please
3.8280606269836426,15,3,6,-5,-5,-12,-14,-4,-1,-7,23,15,21,5,please
3.844180822372437,17,5,18,0,0,-15,-24,-10,1,8,47,24,29,12,please
3.844180822372437,12,13,14,3,4,-13,-19,-9,0,-14,38,17,20,7,please
3.859947204589844,-2,11,0,0,1,-10,-9,-2,-5,-43,20,14,12,-11,please
3.859947204589844,-12,0,-7,-8,1,-7,-7,-3,-8,-22,5,0,-3,-21,please
3.875055074691773,-6,5,1,0,4,-7,-8,-4,-9,8,0,-12,-21,-15,please
3.875055074691773,2,15,10,19,5,-9,-12,-6,-13,0,2,-6,-22,-17,please
3.891030788421631,1,7,6,13,7,-6,-15,-8,-17,-8,-2,-4,-17,-19,please
3.891030788421631,-4,7,6,4,11,1,-9,0,-13,1,-11,-5,-18,-10,please
3.906248807907105,-7,15,9,19,12,13,1,2,-2,0,-18,-3,-18,-7,please
3.906248807907105,-7,3,7,24,6,20,7,-6,-6,-7,-25,-12,-20,-13,please
3.921899080276489,-14,-11,-4,4,-4,12,13,-5,-16,3,-25,-19,-24,-12,please
3.921899080276489,-17,-7,-15,4,-13,8,19,2,-8,13,-11,-11,-17,-4,please
3.937155246734619,0,0,0,24,-6,16,12,7,6,9,1,0,0,7,please
3.937155246734619,11,0,6,16,3,10,7,4,12,19,4,0,12,14,please
3.952755928039551,-4,-4,-9,-9,-1,-2,4,-4,3,20,-1,-5,8,9,please
3.952755928039551,-14,-7,-7,-6,-8,0,3,-8,-9,-5,-10,-9,-2,0,please
3.967859983444214,0,-6,0,2,-5,4,8,0,-11,-17,-13,-11,0,2,please
3.967859983444214,4,-5,-9,-16,-1,2,13,7,0,7,-7,-1,7,13,please
3.9839601516723633,4,-4,-11,-21,3,6,11,10,19,23,3,6,11,17,please
3.9839601516723633,3,-2,2,-1,9,13,12,13,28,13,4,5,11,14,please
3.999572515487671,-3,-8,1,0,9,12,10,11,25,3,-6,-4,0,3,please
3.999572515487671,-11,-8,-16,-15,8,5,0,7,12,-8,-17,-12,-14,-6,please
4.02044939994812,-4,0,-8,-18,2,-1,0,5,0,-22,-10,-6,-8,-2,please
4.02044939994812,14,2,10,-3,-7,-13,5,0,-2,-10,7,9,12,9,please
4.02044939994812,22,3,14,0,-8,-15,-6,-5,0,4,18,19,17,10,please
4.031080722808838,9,6,10,-7,-1,-3,-22,-6,-2,0,17,17,11,1,please
4.047017574310303,2,2,7,-1,-1,1,-18,-6,-5,-1,11,13,14,1,please
4.047017574310303,5,-4,6,3,-2,-3,-6,-4,-3,-7,6,13,9,1,please
4.062313079833984,0,-7,0,-5,-2,-6,0,3,5,-10,-2,8,-2,-3,please
4.062313079833984,-5,-14,-8,-8,-1,-9,-3,3,13,3,-3,4,-1,-2,please
4.077402591705322,0,-12,-1,0,0,-14,-8,1,10,10,16,7,11,1,please
4.077402591705322,3,0,0,4,-3,-13,0,6,5,6,23,1,14,0,please
4.093086957931519,-6,0,-12,0,-11,-17,-1,0,-2,0,-2,-13,-2,-12,please
4.093086957931519,-10,-4,-16,-5,-11,-19,-13,-9,-12,-2,-16,-16,-14,-22,please
4.108312129974365,3,13,0,9,0,0,-8,-2,-7,10,3,1,0,-5,please
4.108312129974365,12,22,10,17,10,13,0,0,-2,8,12,9,0,3,please
4.124341726303101,0,12,-1,2,2,1,-2,-7,-9,-16,0,-5,-15,-5,please
4.124341726303101,-4,14,1,1,-1,-4,-8,-5,-8,-16,0,-7,-10,-7,please
4.140012264251709,6,19,10,8,3,-7,-11,-4,-7,-2,3,3,0,-2,please
4.140012264251709,3,14,5,2,1,-8,-14,-13,-27,-15,-8,2,-11,-7,please
4.155731201171875,-3,11,11,6,4,2,-5,-13,-35,-24,-6,0,-14,-5,please
4.155731201171875,-1,2,16,15,14,14,9,-7,-14,-9,0,-3,-7,-1,please
4.171251535415649,-10,-2,4,11,11,22,11,-5,-9,0,-9,-13,-11,-5,please
4.171251535415649,-22,0,0,13,7,32,10,2,-15,-1,-20,-15,-18,-9,please
4.186308860778809,-14,-4,2,17,10,30,22,8,1,5,-19,-16,-14,-1,please
4.186308860778809,-2,-13,-1,1,0,16,28,4,19,17,-9,-12,-7,3,please
4.201866865158081,-3,-11,-6,-8,-6,8,19,6,14,16,-5,-5,0,2,please
4.201866865158081,-7,-17,-9,-5,-3,4,18,13,13,10,-9,-7,4,4,please
4.217661142349243,3,-26,-9,-16,-3,5,29,22,37,26,6,0,23,24,please
4.217661142349243,20,-18,-7,-28,-6,6,24,25,52,37,26,20,38,40,please
4.232708692550659,7,-12,-6,-20,-4,-5,-2,12,27,4,7,14,18,21,sil
4.232708692550659,-7,-12,-9,-6,-6,-16,-16,0,2,-11,-9,-2,4,0,sil
4.248123407363892,4,-1,-1,-2,-7,-13,-10,2,9,10,5,10,24,13,sil
4.264392375946045,23,7,5,-4,0,-9,-9,1,10,10,12,25,30,23,sil
4.264392375946045,19,4,-5,-11,0,-13,-17,-11,-14,-11,0,7,3,0,sil
4.264392375946045,0,-5,-14,-14,-2,-17,-24,-17,-25,-17,-5,-12,-19,-24,sil
4.27902889251709,-8,-4,-10,-1,-5,-17,-16,-9,-4,-7,-5,-6,-14,-19,sil
4.295139312744141,0,5,2,2,-8,-14,-6,0,5,-4,10,7,11,0,sil
4.295139312744141,5,8,12,-4,-4,-11,-14,1,-6,-8,26,11,18,2,sil
4.295139312744141,2,8,7,0,3,-10,-26,-6,-11,-13,12,2,-5,-8,sil
4.309652328491211,2,18,5,15,4,-9,-24,-15,-10,-9,-4,0,-22,-14,sil
4.32481050491333,2,23,9,16,1,-5,-12,-11,-16,-9,-3,4,-16,-16,sil
4.32481050491333,-7,15,7,8,7,0,-1,-1,-20,-17,0,5,-14,-19,sil
4.340925216674805,-13,12,3,3,9,4,0,2,-11,-16,-3,-2,-19,-23,sil
4.340925216674805,-7,16,5,9,2,12,5,0,-2,0,-10,-13,-15,-21,sil
4.356583833694458,-5,11,16,16,6,19,23,0,-3,0,-8,-9,-12,-13,sil
4.356583833694458,-3,4,17,19,11,16,34,0,0,-2,-2,0,-11,-4,sil
4.372331380844116,1,0,6,16,5,9,26,0,0,5,0,-4,-3,6,sil
4.372331380844116,0,-8,0,12,0,12,19,2,-2,14,0,-6,2,10,sil
4.387797117233276,-6,-18,-8,5,0,19,23,5,5,15,-4,-1,1,5,sil
4.387797117233276,-9,-17,-10,-7,-1,16,20,10,14,16,-6,-1,2,10,sil
4.403959512710571,-4,-15,-7,-15,-1,0,6,13,13,20,0,-2,17,27,sil
4.403959512710571,3,-21,-15,-14,-8,-11,-9,3,6,18,9,3,31,32,sil
4.419016361236572,1,-25,-15,-22,-19,-9,-17,-1,3,8,0,7,23,20,sil
4.419016361236572,0,-21,-15,-37,-18,-11,-10,4,11,-3,-16,0,7,6,sil
4.43505072593689,8,-10,-16,-35,-8,-19,-17,5,10,-12,-12,0,8,0,sil
4.43505072593689,7,3,-5,-16,-3,-14,-30,-6,-12,-14,6,5,5,-7,sil
4.450860977172852,-4,12,3,0,-1,-2,-23,-17,-29,-26,5,-6,-17,-16,sil
4.450860977172852,-7,14,5,8,3,3,-11,-17,-26,-39,-10,-22,-33,-17,sil
4.466101884841919,0,13,10,26,8,11,-2,-10,-19,-14,-16,-26,-22,-6,sil
4.466101884841919,1,3,8,27,9,17,12,0,-2,18,-8,-19,-8,5,sil
4.484704494476318,3,-5,-1,10,11,12,18,9,22,17,0,-2,0,10,sil
4.484704494476318,13,2,1,8,12,7,9,13,34,19,13,20,15,15,sil
4.4977357387542725,20,15,13,14,6,2,5,12,28,36,25,35,29,17,sil
4.4977357387542725,13,11,5,5,4,-4,10,12,23,32,33,34,25,10,sil
4.513896226882935,0,1,-7,-9,8,-10,5,1,14,5,25,20,11,-4,sil
4.513896226882935,-1,3,-5,-15,0,-10,-4,-9,-6,-16,7,5,1,-16,sil
4.528936386108398,3,17,6,3,-3,-8,-6,-8,-15,-21,1,1,-4,-15,sil
4.528936386108398,-7,15,17,21,6,0,2,-5,-10,-11,-2,-3,-17,-17,sil
4.543998003005981,-26,-6,3,6,0,8,11,-5,-5,1,-21,-17,-27,-15,sil
4.543998003005981,-17,-19,-6,-10,-20,6,14,0,2,4,-29,-12,-21,1,sil
4.559524059295654,1,-14,0,-8,-20,-11,5,10,12,0,-13,3,-5,8,sil
4.559524059295654,1,-13,-5,-13,-16,-23,-12,6,4,-2,0,2,5,3,sil
4.575071573257446,3,-10,-1,-17,-13,-11,-15,1,-5,-5,8,9,15,10,sil
4.575071573257446,24,9,19,8,0,-4,-1,4,0,-6,24,27,26,16,sil
4.591084957122803,30,27,24,30,9,-9,-4,-2,0,-8,30,26,25,3,sil
4.591084957122803,9,20,17,19,4,-5,-17,-16,-18,-15,14,7,4,-8,sil
4.606669664382935,-7,5,6,4,2,1,-16,-14,-35,-24,-10,-14,-23,-16,sil
4.606669664382935,-17,0,-1,3,5,9,-12,-11,-43,-29,-28,-33,-35,-23,sil
4.621900320053101,-22,-2,-6,6,7,22,1,-6,-29,-15,-26,-35,-19,-17,sil
4.621900320053101,-24,-10,-15,-1,8,28,23,4,0,16,-15,-27,-4,0,sil
4.637032270431519,-22,-21,-31,-13,4,24,25,12,15,33,-21,-24,-10,6,sil
4.637032270431519,-13,-27,-44,-25,-4,14,11,7,16,24,-32,-23,-13,7,sil
4.652670383453369,-6,-22,-43,-40,-6,-7,-6,1,11,4,-20,-11,1,4,sil
4.652670383453369,1,-6,-25,-36,4,-22,-16,0,9,-1,9,13,14,2,sil
4.667723894119263,10,10,1,-12,17,-11,-9,-1,12,5,23,26,12,7,sil
4.667723894119263,1,13,13,0,10,-1,-2,-5,2,1,6,0,0,-1,sil
4.683192253112793,-8,2,6,8,0,8,1,0,-5,-1,-4,-25,-5,-7,sil
4.683192253112793,2,-3,13,19,0,24,11,15,13,19,6,-10,4,7,sil
4.6986777782440186,11,-3,12,13,-3,13,19,19,42,39,8,6,21,22,sil
4.6986777782440186,4,-14,-3,-12,-14,-5,17,6,36,20,-3,5,25,17,sil
4.714715242385864,9,-18,1,-16,-17,-15,4,-2,6,-5,5,19,19,5,sil
4.714715242385864,19,3,13,7,-13,-24,-10,-5,-6,-13,20,25,10,-2,sil
4.729951858520508,12,19,8,14,-3,-23,-17,-8,-8,-19,17,17,3,-4,sil
4.729951858520508,8,11,12,3,0,-12,-13,-5,-14,-27,21,27,1,-2,sil
4.74517297744751,15,18,26,13,0,-7,-9,-2,-18,-23,28,37,-3,-2,sil
4.74517297744751,8,30,27,26,3,-4,-8,-9,-22,-14,12,17,-19,-8,sil
4.760759592056274,-1,16,15,22,0,-2,-11,-13,-24,-8,-3,-2,-26,-12,sil
4.760759592056274,0,5,18,22,0,1,-7,-4,-18,-7,0,0,-19,-6,sil
4.77679443359375,0,11,17,34,13,15,14,0,-10,-1,-2,1,-13,2,sil
4.77679443359375,-5,5,1,25,12,24,30,3,4,16,-14,-3,0,10,sil
4.7929768562316895,-3,-6,-7,4,0,17,22,17,29,33,-4,0,18,15,sil
4.7929768562316895,-1,-6,-15,0,0,8,14,20,36,28,0,-11,16,13,sil
4.80807089805603,-6,-12,-25,-13,0,3,1,3,19,11,-21,-28,2,4,sil
4.80807089805603,-9,-24,-23,-34,-4,0,-11,0,11,7,-24,-22,6,-1,sil
4.823665857315064,-5,-17,-21,-35,-2,0,-7,5,13,6,1,-7,17,0,sil
4.823665857315064,-3,-5,-20,-34,0,-5,-3,-2,0,-15,5,-4,10,-10,sil
4.838801145553589,0,-2,-14,-38,0,-16,-11,-13,-22,-33,-9,-6,-3,-26,sil
4.853982925415039,-2,4,-1,-20,0,-15,-12,-8,-31,-30,-4,-1,-11,-25,sil
4.853982925415039,-2,14,10,6,5,-7,-4,-2,-24,-17,13,10,-9,-3,sil
4.870089054107666,1,15,11,10,4,-1,-8,-11,-12,-7,10,11,-9,0,sil
4.870089054107666,-3,8,8,6,3,6,-16,-20,-16,-8,-11,-9,-24,-11,sil
4.885229825973511,-14,-1,0,10,3,10,0,-9,-17,-8,-26,-31,-31,-9,sil
4.885229825973511,-13,-9,-4,4,0,12,16,3,-11,4,-20,-20,-18,3,sil
4.885229825973511,-8,-14,0,1,-3,16,12,5,-9,18,-12,-4,-10,3,sil
4.90203070640564,-11,-19,-4,8,-2,9,12,1,-2,20,-13,-13,-10,2,sil
4.916707992553711,-12,-18,-12,0,-3,-1,17,6,11,15,-12,-13,-4,9,sil
4.916707992553711,-6,-15,-15,-12,-8,-1,2,15,20,13,-12,-2,3,8,sil
4.931942701339722,2,-11,-9,-6,-11,-3,-10,16,28,19,-1,7,18,9,sil
4.931942701339722,22,6,10,6,-5,-11,0,14,39,27,35,32,45,24,sil
4.947391986846924,39,23,22,17,5,-8,4,9,31,22,53,45,55,32,sil
4.947391986846924,28,8,10,10,1,-7,-12,-2,2,-4,28,25,29,10,sil
4.963062286376953,14,-11,-2,-7,-12,-11,-16,-6,-4,-25,12,9,3,-16,sil
4.963062286376953,10,0,1,-8,-5,-4,0,0,10,-19,10,7,0,-16,sil
4.978435039520264,-1,13,7,0,0,0,3,0,8,-14,-5,-2,-2,-6,sil
4.978435039520264,-8,10,1,0,-5,-8,-1,0,-1,-13,-5,-5,0,-2,sil
4.994143009185791,-1,9,2,0,1,-8,0,-1,-7,-12,15,6,1,-2,sil
4.994143009185791,-2,15,10,9,17,4,4,-5,-8,-8,15,5,-1,0,sil
5.009707689285278,-1,21,9,21,14,11,5,-3,-5,3,0,1,0,4,sil
5.009707689285278,3,11,2,12,6,10,0,-3,-10,9,-4,2,0,0,sil
5.02568793296814,-3,-4,-3,-2,10,12,0,-8,-14,0,-8,-6,-11,-9,sil
5.02568793296814,-6,0,3,1,20,11,5,-2,-6,-1,-11,-9,-13,-3,sil
5.041123867034912,-1,8,4,6,10,3,0,1,0,8,-2,0,-4,4,sil
5.041123867034912,-6,-1,-5,0,-9,-1,-7,-2,-6,1,3,1,-9,4,sil
5.056339979171753,-3,-10,-2,0,-8,-3,-1,-3,-4,-3,0,-4,-12,1,sil
5.056339979171753,0,-13,-5,-4,-1,-2,5,0,0,8,-11,-9,-11,0,sil
5.072150230407715,-11,-16,-13,-22,-13,-1,-5,-4,-13,2,-16,-14,-22,-9,sil
5.072150230407715,-12,-6,-5,-13,-18,-5,-15,-11,-27,-19,-15,-15,-31,-19,sil
5.087894201278687,0,0,2,0,-5,-5,-8,-12,-22,-21,-14,-11,-29,-11,sil
5.087894201278687,0,-6,2,-8,0,-2,-2,-3,-10,-6,-7,-3,-15,-2,sil
5.103150129318237,0,-3,1,-7,-5,-3,1,2,-1,0,-6,-7,6,-5,sil
5.103150129318237,0,2,1,5,-3,0,10,3,0,-6,-13,-13,12,-7,sil
5.118287324905396,-11,-3,-2,0,0,11,15,11,6,1,-6,-5,7,2,sil
5.118287324905396,-15,-6,0,-2,0,13,10,19,17,22,5,0,17,8,sil
5.133790969848633,4,6,8,8,8,9,2,13,20,18,6,4,22,4,sil
5.133790969848633,20,14,4,11,10,0,0,5,20,3,11,13,17,9,sil
5.149885177612305,7,0,-4,-1,0,-18,-2,2,15,2,10,18,14,17,sil
5.149885177612305,-2,-17,-7,-8,-5,-13,-1,5,11,5,-6,8,11,8,sil
5.165997505187988,4,-11,-12,-4,-1,8,3,7,20,7,-8,-1,14,0,sil
5.165997505187988,5,0,-9,-2,3,8,0,5,28,9,11,3,26,6,sil
5.18115234375,9,1,2,10,14,0,3,6,29,16,24,19,33,16,sil
5.18115234375,21,7,13,19,11,8,14,4,20,18,29,27,25,18,sil
5.196651458740234,12,10,11,5,-2,13,9,-7,0,5,21,12,0,7,sil
5.196651458740234,-8,3,-6,0,-1,1,-2,-14,-18,-8,-2,-9,-16,-11,sil
5.212122917175293,-14,-4,-15,-2,-1,-12,-7,-12,-27,-15,-11,-15,-15,-18,sil
5.212122917175293,-12,-7,-10,-13,-15,-16,-13,-12,-29,-20,-5,-10,-21,-10,sil
5.228153944015503,-5,2,4,-1,-6,-3,-15,-8,-22,-12,0,0,-20,0,sil
5.228153944015503,7,8,15,10,13,3,-3,0,-13,4,10,4,0,7,sil
5.24375057220459,3,-5,1,-13,5,-1,1,-1,-15,-2,4,-10,-3,-2,sil
5.24375057220459,-8,-10,-8,-29,-5,-3,-11,-2,-16,-21,-15,-15,-28,-20,sil
5.259563446044922,2,10,-1,0,-5,-2,-16,0,-1,-7,-3,0,-18,-12,sil
5.259563446044922,16,20,6,12,-7,-9,-8,0,2,9,18,7,6,6,sil
5.27532696723938,1,4,8,-2,-7,-9,0,0,-7,-1,1,0,0,2,sil
5.27532696723938,-11,0,1,0,-1,-3,3,1,-2,-11,-16,-14,-17,-11,sil
5.29087233543396,-7,0,-7,3,-4,-5,0,-3,4,-5,-13,-11,-21,-12,sil
5.29087233543396,-9,-7,-6,-9,-4,-7,-9,-3,-6,-4,-17,0,-14,-8,sil
5.30605673789978,-14,-3,-1,-3,0,1,-8,1,-17,-14,-21,-3,-8,-8,sil
5.30605673789978,-6,4,5,17,7,17,1,4,-6,-12,-4,-6,0,-3,sil
5.771795988082886,30,14,20,7,-3,-20,-17,0,4,-13,45,45,19,15,sil
5.771795988082886,19,11,18,2,-7,-12,-17,-1,-3,-19,27,30,3,9,sil
5.787013292312622,3,19,12,17,3,0,0,-6,-6,-19,10,5,-12,-8,sil
5.787013292312622,-8,19,12,24,17,2,8,-10,-19,-18,-7,-8,-30,-18,sil
5.802276372909546,-14,5,6,15,12,14,8,-6,-21,-1,-22,-21,-39,-11,sil
5.802276372909546,-12,-4,-1,12,-3,31,14,2,-8,9,-24,-28,-27,-5,sil
5.817889213562012,-8,-9,-9,10,-5,25,25,8,3,5,-25,-25,-16,-5,sil
5.817889213562012,-10,-15,-15,-11,-5,10,20,8,17,13,-24,-17,-8,2,sil
5.833882808685303,-4,-19,-16,-30,-13,7,5,7,25,27,-17,-8,9,15,sil
5.833882808685303,5,-13,-13,-20,-12,0,0,8,18,18,-3,0,24,17,sil
5.849475860595703,2,-9,-7,-19,-5,-9,-2,5,13,5,2,4,22,6,sil
5.849475860595703,2,-13,-8,-28,-8,-4,-5,-1,15,5,3,7,18,1,sil
5.865068197250366,16,-6,0,-12,-1,-1,-7,-4,6,1,13,14,29,10,sil
5.865068197250366,20,7,8,4,13,-4,-4,0,-5,2,25,18,40,10,sil
5.880762100219727,3,7,1,-4,11,-6,-1,1,-5,3,12,9,30,0,sil
5.880762100219727,-7,0,-3,-15,0,-17,-4,-1,-6,-15,0,0,16,-6,sil
5.8965003490448,-4,-2,0,-6,0,-22,-5,1,-6,-22,8,0,16,-11,sil
5.8965003490448,-1,0,0,-5,2,-12,-1,8,2,-5,10,6,15,-12,sil
5.912076234817505,0,1,-1,-12,-2,-11,-1,6,8,-1,0,5,10,-7,sil
5.912076234817505,0,5,-3,-5,-8,-19,-7,-3,-5,-9,-9,-7,2,-10,sil
5.928104400634766,-7,5,0,7,-2,-9,-4,-12,-24,-18,-19,-18,-13,-15,sil
5.928104400634766,-13,4,0,15,4,7,2,-12,-23,-21,-17,-18,-22,-14,sil
5.94367265701294,-12,6,-1,13,5,15,-4,-11,-17,-17,-1,-15,-9,-12,sil
5.94367265701294,-1,8,17,12,6,13,-14,-13,-20,-18,3,-1,0,-4,sil
5.959694862365723,17,16,33,27,11,12,-3,-9,-9,-3,3,14,-6,9,sil
5.959694862365723,18,24,24,39,11,17,4,0,4,27,12,15,-10,11,sil
5.975823879241943,4,10,10,36,7,16,4,-1,5,36,16,0,-10,9,sil
5.975823879241943,0,-5,5,26,6,7,6,-4,2,18,5,-10,-27,10,sil
5.990906238555908,-1,3,3,15,3,11,13,7,3,6,-3,-8,-51,6,sil
5.990906238555908,-6,2,-7,0,0,20,20,13,12,14,-1,0,-65,10,sil
6.006011486053467,-10,-22,-15,-18,-2,7,13,8,19,21,2,4,-70,17,sil
6.006011486053467,-8,-24,-12,-21,-9,-1,3,8,13,9,-7,-5,-75,4,sil
6.027456760406494,-8,-12,-13,-16,-17,0,2,6,-1,-4,-24,-13,-116,-5,sil
6.028459072113037,-3,-23,-14,-27,-15,-6,-1,3,-6,-4,-13,3,-123,2,sil
6.028459072113037,6,-18,-5,-23,-8,-9,1,10,9,5,7,20,32,8,sil
6.037504434585571,5,5,1,-1,0,5,11,14,24,10,8,14,201,3,sil
6.05314302444458,-6,-7,-11,-10,0,1,1,7,17,0,-9,-5,168,-3,sil
6.05314302444458,-12,-20,-23,-39,-11,-23,-19,-5,-1,-17,-19,-13,75,-9,sil
6.068800449371338,0,1,-6,-37,-11,-29,-25,-16,-15,-26,-7,1,79,-10,sil
6.068800449371338,19,10,6,-3,0,-15,-17,-10,-7,-14,8,15,85,-1,sil
6.084004640579224,25,9,6,17,4,-10,-6,3,9,-5,17,17,47,10,sil
6.100080251693726,9,24,-1,8,-5,-16,-10,0,1,-17,9,9,15,-1,sil
6.100080251693726,-11,17,-12,-3,-14,-16,-22,-12,-22,-29,-7,-14,-9,-28,sil
6.100080251693726,-9,-1,1,2,0,-7,-14,-11,-23,-14,-6,-19,-24,-24,sil
6.115747690200806,2,9,19,19,20,0,5,-1,-4,0,14,-2,-23,-3,sil
6.131185054779053,-2,26,12,24,15,9,14,0,0,-2,15,-2,-28,0,sil
6.131185054779053,-6,20,14,33,12,22,23,0,0,9,0,-6,-29,4,sil
6.131185054779053,1,4,18,37,24,26,33,6,5,37,-1,-4,-28,11,sil
6.147302150726318,-3,-13,2,7,14,23,25,6,9,41,0,-8,-36,3,sil
6.147302150726318,-7,-22,-13,-14,-2,23,14,1,22,33,-2,-6,-28,10,sil
6.162687301635742,7,-11,-8,-7,-3,9,1,4,26,15,0,8,-10,26,sil
6.177834272384644,14,-9,0,-10,-10,-15,-16,0,-4,-11,7,14,-9,5,sil
6.177834272384644,4,-8,1,-20,-19,-22,-23,-9,-28,-18,13,15,-13,-11,sil
6.194446563720703,5,12,11,-2,-5,-9,-14,-5,-17,-11,18,19,-12,0,sil
6.194446563720703,3,20,20,15,8,0,-2,0,-11,-15,4,1,-19,0,sil
6.194446563720703,-10,-1,8,7,7,5,0,-5,-23,-14,-15,-18,-28,-10,sil
6.209176063537598,-12,-12,-1,2,5,13,4,0,-13,0,-14,-10,-17,0,sil
6.224865436553955,0,-2,-2,8,3,18,12,13,16,14,-5,0,0,12,sil
6.224865436553955,0,-8,-12,-8,-8,3,6,15,29,7,-11,-4,1,6,sil
6.240015268325806,-4,-23,-23,-27,-19,-21,-9,8,18,0,-11,-6,2,-2,sil
6.240015268325806,3,-11,-12,-19,-19,-21,-15,1,3,0,0,7,12,-5,sil
6.255650758743286,9,12,3,-7,-7,-5,-13,-4,-6,-14,4,14,13,-7,sil
6.255650758743286,0,18,3,0,0,-2,-8,-11,-10,-24,0,3,8,-10,sil
6.270714282989502,-6,10,6,11,7,0,0,-13,-16,-8,2,-4,7,-10,sil
6.270714282989502,-2,9,7,15,13,15,5,-7,-15,2,1,-6,3,-9,sil
6.285789251327515,-2,6,0,10,9,16,8,0,-1,-4,-2,-6,3,0,sil
6.285789251327515,-12,-4,-1,7,3,6,13,5,13,1,-2,-2,17,12,sil
6.301992416381836,-11,-14,-8,0,2,4,18,9,30,28,-2,-6,26,16,sil
6.301992416381836,-6,-19,-19,-7,1,2,16,12,39,40,-12,-15,16,12,sil
6.3172996044158936,-9,-23,-23,-17,-5,-7,10,13,26,24,-17,-13,4,4,sil
6.3172996044158936,-7,-20,-24,-34,-10,-14,0,3,7,0,-9,-4,3,-1,sil
6.331971168518066,0,-11,-22,-40,-12,-19,-14,-10,-8,-19,-12,1,0,-7,sil
6.331971168518066,6,5,-13,-11,-11,-20,-14,-10,-22,-25,-19,0,-6,-11,sil
6.34781551361084,16,21,11,10,0,-9,-8,-2,-20,-25,0,11,2,-6,sil
6.34781551361084,28,23,33,4,9,-2,-9,-3,-10,-15,30,28,14,2,sil
6.3631792068481445,22,24,31,6,6,-6,-10,-5,-10,0,30,23,7,6,sil
6.3631792068481445,1,23,23,14,6,-4,-10,-3,-20,-4,16,3,-5,-4,sil
6.378764390945435,-11,9,10,9,6,1,-14,-2,-18,-15,11,-11,-15,-13,sil
6.378764390945435,-9,2,9,17,3,8,-7,-1,-7,1,14,-14,-13,-6,sil
6.39400315284729,-1,6,20,37,5,18,10,-1,-4,22,9,-10,-7,-1,sil
6.39400315284729,-3,2,15,34,3,20,12,-5,-13,8,-5,-7,-18,-1,sil
6.409645795822144,-6,0,6,26,-1,11,1,-3,-15,-10,-8,0,-23,3,sil
6.409645795822144,5,2,8,32,0,11,8,4,1,-1,3,13,-2,20,sil
6.424691438674927,18,-4,9,25,10,15,16,8,22,13,14,22,15,28,sil
6.424691438674927,14,-9,3,4,2,6,11,11,28,20,15,18,13,18,sil
6.439723491668701,0,-12,-11,-6,-19,-10,1,7,18,16,3,7,10,7,sil
6.439723491668701,0,-19,-14,-18,-20,-10,-6,0,13,11,0,10,16,3,sil
6.454967975616455,12,-13,-8,-26,-4,-1,-2,0,19,14,21,20,24,3,sil
6.454967975616455,10,0,-9,-31,-1,-4,1,0,10,2,20,21,14,1,sil
6.471148490905762,-4,-1,-17,-38,-6,-12,-2,-2,-3,-23,-9,3,-7,-10,sil
6.471148490905762,-14,-5,-24,-31,0,-13,-8,-2,-2,-28,-28,-23,-22,-27,sil
6.485291242599487,-24,-2,-20,-18,7,-4,-9,0,-3,-14,-27,-36,-26,-27,sil
6.485291242599487,-24,2,-16,-13,9,6,3,0,-4,1,-29,-32,-21,-15,sil
6.501049041748047,-17,0,-17,-15,11,14,26,6,3,10,-42,-35,-17,-7,sil
6.51623797416687,-27,-16,-19,-25,10,13,30,3,3,8,-56,-45,-22,-6,sil
6.51623797416687,-26,-18,-19,-27,0,5,13,0,0,16,-40,-35,-13,0,sil
6.51623797416687,4,3,-5,-6,-3,-4,-3,1,-1,16,-4,-7,12,6,sil
6.53203010559082,18,7,5,5,-1,-10,-14,1,-2,-8,7,8,19,11,sil
6.547744035720825,11,0,7,1,-1,-20,-24,-3,-5,-25,17,23,8,11,sil
6.547744035720825,20,14,15,3,0,-28,-37,-8,-16,-18,40,38,13,3,sil
6.563126802444458,27,31,31,22,5,-10,-33,-12,-18,-15,42,28,17,-6,sil
6.563126802444458,15,32,44,48,8,19,-2,-10,-6,-11,31,10,6,-3,sil
6.5800864696502686,4,16,33,55,8,27,20,0,-2,7,25,3,-1,5,sil
6.5800864696502686,-7,-11,4,27,0,18,16,-1,-10,16,5,-8,-3,0,sil
6.5800864696502686,-17,-23,-2,4,-12,10,10,0,0,8,-12,-13,0,-1,sil
6.59609842300415,-5,-14,0,10,-15,6,14,8,17,8,-11,-5,2,10,sil
6.59609842300415,1,-13,-3,5,-11,3,7,8,11,6,-13,2,-2,8,sil
6.61081600189209,0,-15,-6,-4,-13,-1,0,3,3,0,-9,10,-2,0,sil
6.626029253005981,7,-2,-6,1,-11,-11,-2,2,7,0,9,21,14,5,sil
6.626029253005981,15,2,-4,1,-6,-21,-11,0,-1,-9,17,23,18,6,sil
6.641171455383301,5,-7,-13,-13,-7,-23,-18,-1,-14,-21,9,11,0,-3,sil
6.641171455383301,-5,-5,-17,-29,-2,-21,-13,0,-10,-20,7,2,-9,-10,sil
6.656758785247803,5,21,4,-15,10,-11,-4,0,-1,-8,11,11,0,-4,sil
6.656758785247803,22,39,31,21,18,2,-1,-1,-1,0,14,19,6,8,sil
6.6718361377716064,7,21,26,28,15,5,0,-8,-8,0,6,1,-6,3,sil
6.6718361377716064,-15,-3,1,1,10,6,7,-7,-8,3,-8,-24,-21,-11,sil
6.687445878982544,-15,-2,-4,0,12,24,16,0,-1,8,-12,-22,-16,-12,sil
6.687445878982544,-13,0,-4,8,13,36,20,0,3,13,-13,-18,-5,-2,sil
6.702779293060303,-16,-6,-16,-10,7,19,25,1,14,28,-21,-23,-2,6,sil
6.702779293060303,-5,-15,-17,-26,0,3,22,15,24,35,-19,-10,0,10,sil
6.718815088272095,3,-12,-11,-18,-10,4,8,15,29,22,-11,0,4,4,sil
6.718815088272095,0,-6,-17,-20,-13,2,1,5,25,14,-9,-1,10,3,sil
6.734853267669678,-2,-12,-20,-33,-2,-7,0,8,18,13,-5,8,12,10,sil
6.734853267669678,2,-15,-11,-20,0,-16,-19,3,10,4,8,22,16,11,sil
6.750250577926636,14,5,13,2,-3,-20,-36,-9,1,-3,31,25,26,7,sil
6.750250577926636,21,22,21,11,-2,-17,-23,-7,-3,-9,26,15,18,0,sil
6.765843391418457,6,7,3,0,-8,-12,-8,-5,-20,-30,-7,-10,-16,-14,sil
6.765843391418457,-8,-5,-2,-9,-13,-12,-9,-15,-42,-48,-19,-26,-34,-24,sil
6.781852722167969,-9,-5,1,-5,-4,-8,-7,-18,-43,-38,-5,-18,-18,-21,sil
6.781852722167969,-19,-7,-2,-3,1,8,-6,-14,-30,-24,-6,-13,-15,-18,sil
6.797031164169312,-20,-3,-1,10,7,21,0,-8,-12,-15,-14,-19,-19,-15,sil
6.797031164169312,0,9,15,37,16,18,13,3,6,7,-1,-7,0,-3,sil
6.813125848770142,5,4,18,31,9,8,13,8,7,15,7,1,7,0,sil
6.813125848770142,-4,-8,1,7,-6,0,0,2,0,-3,-1,-6,-6,2,sil
6.829138994216919,0,-4,0,14,-7,2,8,7,11,2,-4,0,0,13,sil
6.829138994216919,6,3,4,21,0,10,26,18,24,31,5,12,19,21,sil
6.844784021377564,-2,-1,-8,-2,-3,8,23,14,21,22,3,4,11,16,sil
6.844784021377564,-8,-8,-17,-14,-9,-2,7,5,18,3,-7,0,6,14,sil
6.859912395477295,12,1,-6,2,-3,-14,0,3,17,13,0,13,22,14,sil
6.859912395477295,30,18,3,1,4,-23,-14,-1,-3,5,21,28,24,5,sil
6.875457286834717,18,17,0,-18,0,-24,-27,-13,-31,-21,25,25,0,-4,sil
6.875457286834717,2,10,6,-11,0,-7,-16,-13,-28,-21,10,13,-7,-5,sil
6.892070293426514,10,11,23,13,14,12,4,7,0,3,9,10,4,3,sil
6.892070293426514,10,9,19,19,15,14,13,14,16,22,9,0,0,9,sil
6.907475709915161,-9,-8,1,0,-1,7,6,-4,2,13,-10,-20,-24,0,sil
6.907475709915161,-17,-28,-16,-18,-13,3,-1,-5,-2,0,-22,-18,-19,-6,sil
6.9230241775512695,-1,-25,-22,-24,-8,-1,-12,3,8,0,-4,3,8,0,sil
6.9230241775512695,13,0,-1,-13,1,-4,-19,0,12,-2,8,14,14,0,sil
6.938295364379883,12,19,9,2,0,-2,-15,-8,-1,-22,2,6,-3,-12,sil
6.938295364379883,-8,15,1,2,0,-4,-13,-12,-22,-28,-9,-3,-30,-29,sil
6.953977823257446,-27,5,-2,0,5,0,-5,-12,-21,-8,-10,-15,-33,-29,sil
6.953977823257446,-22,3,-9,3,9,15,22,0,2,17,-2,-22,-6,-3,sil
6.96931791305542,-14,0,-12,8,8,22,39,6,12,24,-7,-20,3,9,sil
6.96931791305542,-14,-11,-12,5,2,8,28,5,10,24,-17,-18,-2,2,sil
6.985255002975464,-12,-18,-11,-3,-5,0,9,6,15,24,-9,-8,6,6,sil
6.985255002975464,-4,-18,-9,-8,-6,0,-1,6,14,9,0,0,15,9,sil
6.999950885772705,2,-14,-7,-3,0,-3,-2,2,7,-12,-5,-1,6,0,sil
6.999950885772705,6,-11,-5,-7,-1,-13,0,6,9,-12,0,4,10,0,sil
7.015706539154053,13,-5,-1,-11,-9,-13,-5,11,10,3,18,19,25,13,sil
7.015706539154053,13,4,3,-8,-8,-11,-18,1,-5,-6,19,17,17,4,sil
7.032410383224487,-3,3,4,-13,-2,-16,-18,-3,-22,-40,1,-1,-4,-18,please
7.032410383224487,-8,-3,1,-14,-2,-8,-7,-5,-19,-35,5,-2,-2,-16,please
7.048025608062744,16,12,22,6,0,5,-9,-10,-11,0,27,20,14,9,please
7.048025608062744,38,40,43,35,11,1,-14,-8,-10,7,30,32,15,20,please
7.062823534011841,22,34,32,38,14,0,-4,0,-7,0,11,18,6,11,please
7.0633320808410645,-2,8,9,19,5,11,5,1,-1,12,0,4,3,11,please
7.078038930892944,-1,3,4,16,3,13,0,-4,-6,16,-8,-6,-4,10,please
7.078038930892944,4,12,15,21,7,4,-4,-8,-19,-7,-16,-13,-19,-2,please
7.094062328338623,0,6,10,7,4,3,9,-3,-18,-21,-16,-10,-20,-4,please
7.094062328338623,-3,-4,-1,3,0,10,21,1,-1,-9,-14,-9,-13,0,please
7.109334468841553,-2,-4,-7,12,0,11,20,1,8,10,-17,-13,-16,-4,please
7.109334468841553,-4,-9,-17,-17,-9,2,18,1,14,19,-19,-9,-17,0,please
7.124664545059204,-7,-32,-28,-54,-19,0,11,7,20,6,-19,-5,-12,7,please
7.124664545059204,-16,-37,-28,-27,-16,3,5,7,13,0,-27,-17,-18,-8,please
7.140707015991211,-24,-15,-24,0,-7,0,6,1,0,6,-31,-26,-26,-20,please
7.140707015991211,-16,-10,-26,-14,-4,-8,0,2,9,8,-11,-19,-8,-12,please
7.156441688537598,-5,-19,-28,-20,-8,-5,-7,11,31,18,13,-4,20,-3,please
7.156441688537598,-5,-12,-16,-15,-2,0,-3,16,36,15,22,6,28,0,please
7.172044992446899,0,-4,-9,-17,5,-16,-8,8,23,-10,18,14,20,-1,please
7.172044992446899,9,0,-3,-9,0,-29,-29,0,0,-17,18,19,14,-8,please
7.187669515609741,7,14,11,2,-2,-14,-27,-7,-16,3,28,23,12,-7,please
7.187669515609741,6,26,14,12,15,0,-5,-13,-9,6,34,13,11,4,please
7.20372462272644,13,24,16,17,29,-1,-2,-12,-7,0,33,12,15,13,please
7.20372462272644,14,24,29,21,22,6,-8,-6,-14,9,23,21,15,12,please
7.219328880310059,3,19,26,22,6,15,-5,-8,-10,5,-1,8,2,7,please
7.219328880310059,0,6,15,8,-5,3,-4,-6,-15,-9,-11,-5,0,3,please
7.234479904174805,3,2,10,4,-2,1,5,0,-27,-9,7,1,8,4,please
7.250035285949707,0,4,12,21,7,11,17,-2,-23,-16,5,6,1,4,please
7.250035285949707,-1,0,14,26,0,4,8,-3,-14,-26,-18,0,-14,0,please
7.250035285949707,2,-1,8,5,-13,0,4,1,-9,-9,-17,-5,-11,0,please
7.264755249023437,0,-4,-1,-10,-12,14,18,6,1,7,-4,-4,-4,0,please
7.280426025390625,-3,-9,-10,-10,-7,7,19,5,14,4,-12,-9,-10,-5,please
7.280426025390625,-9,-8,-9,-18,-6,-10,1,0,5,-8,-32,-17,-21,-16,please
7.296106338500977,-12,-5,-4,-18,-7,-2,-2,0,0,-10,-31,-21,-21,-14,please
7.296106338500977,3,2,2,6,0,10,9,7,16,12,0,-1,3,6,please
7.312729597091675,15,6,5,19,9,3,10,6,20,19,17,17,13,11,please
7.312729597091675,0,-2,-8,0,0,-6,-3,-2,-1,-8,-9,-1,-10,-4,please
7.312729597091675,-9,-9,-15,-18,-7,-8,-6,-4,-7,-11,-17,-14,-16,-3,please
7.3278114795684814,0,-6,-4,-9,6,-4,0,2,3,15,1,-2,1,7,please
7.34309196472168,-3,-5,-9,-3,8,0,-6,1,0,5,-11,-13,-9,2,please
7.34309196472168,-11,-7,-17,-11,-5,0,-20,-1,0,-15,-17,-24,-17,-7,please
7.358571052551269,-3,-7,-14,-11,-2,-3,-6,0,11,8,12,-8,6,0,please
7.358571052551269,-7,-9,-13,-6,0,0,6,0,6,22,14,-4,16,5,please
7.373701333999634,-13,-5,-7,-2,-4,2,0,0,0,7,-1,-8,8,0,please
7.373701333999634,0,2,5,5,-5,1,-4,5,17,17,15,6,19,2,please
7.389792203903198,10,3,8,6,-1,0,-5,4,15,20,21,17,21,5,please
7.389792203903198,4,-3,-3,-4,0,0,-8,-4,-10,-16,-4,7,0,0,please
7.404942750930786,9,0,1,0,5,-2,-3,-4,-14,-26,0,8,0,0,please
7.404942750930786,22,9,18,15,8,-3,5,2,4,9,28,24,20,6,please
7.420897722244263,21,6,14,4,3,-3,2,2,14,16,27,36,13,7,please
7.420897722244263,10,1,4,-8,0,-2,-3,0,0,-12,8,34,-9,-1,please
7.4369730949401855,7,13,11,11,3,-2,0,-3,-12,-15,7,24,-2,-1,please
7.4369730949401855,10,23,17,23,2,-1,0,-10,-13,-1,15,25,11,7,please
7.453096389770508,3,11,4,0,-5,-2,-10,-8,-18,-9,6,24,-2,-2,please
7.453096389770508,-10,-1,-10,-8,-8,0,-8,0,-17,-16,-12,-8,-18,-21,please
7.468916177749634,-19,-4,-3,-1,-5,3,0,-1,-11,-12,-24,-38,-13,-19,please
7.468916177749634,-18,-3,4,0,-2,8,8,-3,-9,-11,-18,-31,-6,-6,please
7.484132528305054,-8,2,2,7,8,15,17,0,0,-3,-6,-16,-7,0,sil
7.484132528305054,-5,5,2,11,18,16,17,5,10,8,-11,-26,-11,-2,sil
7.500086784362793,-13,-4,-6,2,8,11,13,4,12,9,-26,-42,-13,-2,sil
7.500086784362793,-14,-14,-8,3,-1,8,18,0,16,12,-17,-29,-7,5,sil
7.515085220336914,-4,-12,-1,6,-6,0,13,2,15,21,-2,-8,3,9,sil
7.515085220336914,-1,-14,-15,-10,-11,-11,-5,6,4,13,-10,-11,6,3,sil
7.5311338901519775,0,-23,-22,-27,-6,-10,-3,9,10,9,-11,-9,9,7,sil
7.5311338901519775,5,-17,-11,-22,-1,-2,4,16,29,28,12,12,24,20,sil
7.546859264373779,12,1,-5,-16,-8,-13,-20,7,13,12,26,26,30,13,sil
7.546859264373779,11,15,-3,-12,-10,-30,-40,-11,-19,-26,17,17,6,-5,sil
7.562043190002441,0,17,1,-5,0,-21,-25,-11,-30,-34,-1,5,-22,-19,sil
7.562043190002441,-6,12,7,-1,4,-4,-17,-5,-25,-28,-9,7,-27,-19,sil
7.577357292175293,5,10,14,1,1,0,-16,-10,-13,-20,9,15,-7,-3,sil
7.577357292175293,13,11,21,7,3,6,0,-4,-4,0,23,20,4,7,sil
7.592835903167725,4,8,18,13,10,15,8,0,-7,5,7,8,-6,0,sil
7.592835903167725,3,6,19,21,11,12,5,-4,-12,1,0,0,-11,0,sil
7.60775089263916,6,5,25,26,8,9,8,-4,-4,9,10,7,3,8,sil
7.60775089263916,0,-1,0,11,2,6,17,3,5,11,3,5,6,7,sil
7.623673677444458,-4,-7,-17,-5,-1,0,21,6,4,-1,-6,-8,-3,-3,sil
7.623673677444458,-1,-2,-2,3,0,5,21,0,4,-1,-1,-10,0,-2,sil
7.638825416564941,-6,0,3,21,3,17,12,-4,5,12,-8,-5,3,2,sil
7.638825416564941,-5,-3,-7,10,0,11,2,0,2,15,-15,-5,-5,0,sil
7.654172658920288,1,-2,-9,-5,-6,6,2,3,9,8,-5,-3,0,0,sil
7.654172658920288,-4,-5,-6,-3,-10,10,0,0,15,3,-4,-3,15,5,sil
7.670236587524414,-2,-13,-7,-5,-7,4,-2,8,12,5,-5,-5,9,3,sil
7.670236587524414,14,-9,-7,-12,0,-1,7,19,21,10,6,3,6,8,sil
7.685460090637207,5,-5,-5,-10,1,-4,15,10,22,6,0,4,12,6,sil
7.685460090637207,-20,-22,-19,-18,-5,-16,4,-2,6,-2,-22,-17,0,-11,sil
7.701021194458008,-20,-25,-28,-35,-11,-21,-12,-4,-7,-10,-19,-22,-15,-17,sil
7.701021194458008,-3,2,-11,-21,-3,-15,-18,-4,-13,-12,1,-1,-8,-7,sil
7.716768026351929,2,23,3,7,0,-17,-16,-6,-13,-10,5,5,1,-1,sil
7.716768026351929,8,14,7,9,-2,-20,-22,-3,-6,-6,3,3,1,0,sil
7.732215642929077,14,6,4,3,1,-11,-19,2,4,4,20,12,9,9,sil
7.732215642929077,7,8,6,6,9,-3,-7,2,7,5,40,25,21,13,sil
7.747744560241699,1,3,10,0,0,-1,-7,-3,-4,-7,26,19,12,1,sil
7.747744560241699,6,2,6,0,-5,4,-11,-7,-16,-16,-3,0,-8,-8,sil
7.763252258300781,4,12,7,14,1,13,-4,-5,-18,-19,-10,-3,-16,-4,sil
7.763252258300781,-2,8,10,10,8,9,0,-7,-18,-19,-1,4,-11,-4,sil
7.778999805450439,0,3,10,-2,5,0,-1,-10,-23,-10,7,9,-10,-9,sil
7.778999805450439,11,17,21,8,6,4,4,-4,-14,0,17,10,-4,0,sil
7.794903755187988,6,14,17,20,6,15,11,3,0,16,3,-2,0,13,sil
7.794903755187988,-12,-8,0,2,4,11,15,2,-3,21,-23,-19,-12,2,sil
7.810012340545654,-18,-15,-2,-6,4,11,25,2,-7,10,-29,-18,-18,-6,sil
7.810012340545654,-15,-11,-5,-4,0,17,23,5,2,4,-26,-22,-8,0,sil
7.82606315612793,-22,-20,-16,-18,-6,11,11,5,7,3,-29,-33,-12,-6,sil
7.82606315612793,-20,-23,-19,-20,-6,1,11,3,10,-2,-26,-28,-19,-10,sil
7.842382669448851,0,-9,-5,-1,2,1,9,3,22,2,-12,-5,-2,2,sil
7.842382669448851,11,0,-1,5,4,3,7,9,37,26,4,7,17,12,sil
7.858334541320801,10,1,-9,-1,-6,-10,6,11,39,33,18,10,24,10,sil
7.858334541320801,16,1,-1,0,-8,-25,-7,7,27,6,20,19,27,8,sil
7.874065160751343,23,6,5,7,0,-15,-16,0,15,-15,18,27,29,5,sil
7.874065160751343,12,8,1,0,-1,-7,-13,-7,-2,-17,24,20,20,-5,sil
7.889667272567749,3,9,-1,0,-3,-12,-15,-7,-18,-14,28,13,4,-9,sil
7.889667272567749,3,11,6,12,2,-11,-21,-3,-21,-13,17,14,-5,-6,sil
7.905070543289185,-5,6,8,9,-1,-9,-21,-10,-30,-16,0,6,-16,-16,sil
7.905070543289185,-7,5,2,6,-11,-3,-8,-9,-25,-8,-1,-5,-14,-14,sil
7.920669078826904,0,12,4,18,0,17,11,2,0,15,2,-1,1,11,sil
7.920669078826904,-7,3,4,17,14,26,18,0,0,21,-3,1,6,15,sil
7.93609619140625,-14,-9,-2,4,8,14,10,-6,-9,1,-14,-6,-2,2,sil
7.952171087265015,-3,-13,-7,-7,-5,5,7,-1,-1,1,-12,-8,-1,12,sil
7.952171087265015,7,-14,-14,-18,-7,-3,0,3,5,8,-8,-5,3,15,sil
7.952171087265015,0,-15,-15,-24,-5,-14,-18,0,2,-10,-7,-8,0,-1,sil
7.968253135681152,-3,-10,-8,-28,-12,-15,-26,0,3,-20,-2,-4,-3,-8,sil
7.968253135681152,9,2,-1,-22,-9,-11,-9,4,2,-8,6,10,4,-3,sil
7.983697652816772,19,26,21,7,13,2,2,1,-11,-8,13,19,5,-2,sil
7.983697652816772,2,31,33,33,27,26,13,-1,-13,-8,3,1,-10,0,sil
7.998914003372192,-15,1,11,19,15,28,31,1,0,8,-11,-19,-17,3,sil
7.998914003372192,-13,-20,-6,-7,3,6,30,8,15,21,-15,-19,-5,3,sil
8.015052318572998,-5,-16,-8,-13,-1,-9,4,7,18,11,-14,-9,0,0,sil
8.015052318572998,0,-8,-5,-15,-6,-14,-7,0,8,-6,-3,4,3,0,sil
8.036704063415527,5,-5,-11,-20,-6,-16,-8,-3,-2,-11,10,13,11,-7,sil
8.036704063415527,-3,-3,-14,-12,-4,-17,-26,-9,-17,-16,3,-1,-6,-22,sil
8.045259237289429,-18,4,-4,6,0,-10,-25,-11,-26,-19,-10,-13,-26,-24,sil
8.060518741607666,-15,7,0,18,1,8,7,-1,-4,3,-9,-9,-13,-4,sil
8.060518741607666,-5,-6,-3,10,-1,23,21,8,25,27,-9,-8,1,9,sil
8.076214790344238,2,-14,-3,4,-1,18,16,10,33,26,-7,-13,3,12,sil
8.076214790344238,9,0,0,0,0,-1,10,7,28,15,3,1,12,18,sil
8.092912912368774,15,2,-5,-16,-7,-13,-3,1,18,4,8,16,16,13,sil
8.092912912368774,20,-5,-8,-27,-15,-11,-10,-5,-7,-6,7,9,7,-2,sil
8.092912912368774,8,0,1,-18,-5,-11,-8,-12,-33,-25,4,0,-4,-18,sil
8.107446908950806,-6,12,3,0,3,-10,-9,-8,-26,-31,0,0,-10,-22,sil
8.122770071029663,1,27,10,23,6,2,-2,1,-4,0,11,3,0,-4,sil
8.122770071029663,14,36,30,36,13,9,7,3,-2,19,23,14,10,13,sil
8.138733386993408,4,19,21,25,9,1,1,-7,-13,0,8,9,0,9,sil
8.138733386993408,-9,-5,4,8,0,4,-2,-11,-22,-13,-3,-2,-12,0,sil
8.15456509590149,-7,-6,14,20,4,18,9,0,-12,4,2,-3,0,2,sil
8.15456509590149,3,1,20,39,12,22,22,11,12,27,9,9,17,17,sil
8.169743061065674,4,-7,3,16,7,14,14,16,32,29,10,15,20,23,sil
8.169743061065674,-1,-23,-15,-18,-7,-2,-4,8,31,13,1,4,18,12,sil
8.184888124465942,2,-23,-13,-20,-10,-13,-17,2,15,1,-2,7,18,4,sil
8.184888124465942,13,-11,-8,-6,-4,-10,-15,7,5,0,10,29,22,10,sil
8.200403213500977,14,-1,-9,-4,-7,-14,-9,4,3,-14,16,30,18,8,sil
8.200403213500977,6,4,-2,-10,-13,-21,-11,-6,-7,-32,8,8,0,-10,sil
8.216452360153198,-5,10,7,-3,-8,-14,-17,-11,-21,-17,8,0,-10,-18,sil
8.216452360153198,-19,12,7,3,0,-8,-14,-12,-25,-7,5,0,-17,-16,sil
8.231842994689941,-24,7,-5,-4,1,-1,3,-6,-18,-17,-21,-22,-35,-26,sil
8.231842994689941,-21,0,-15,-9,3,16,21,0,-2,-7,-44,-50,-46,-29,sil
8.246917724609375,-20,-1,-7,0,15,29,21,0,0,10,-41,-52,-36,-18,sil
8.246917724609375,-23,-17,-16,-9,9,17,15,0,-4,4,-33,-47,-27,-14,sil
8.263009071350098,-23,-33,-35,-31,-10,3,13,6,0,0,-35,-41,-24,-6,sil
8.263009071350098,-1,-16,-17,-22,-8,2,12,10,23,15,-20,-16,0,17,sil
8.278979301452637,20,2,1,-9,3,1,7,7,33,25,-2,5,24,29,sil
8.278979301452637,14,-6,-7,-30,-3,-5,-3,0,19,12,-7,2,20,14,sil
8.294677019119263,11,-3,-14,-28,-2,-13,-11,-1,4,1,-2,1,15,9,sil
8.294677019119263,23,16,1,0,11,-10,-12,0,-7,-8,21,20,23,18,sil
8.309895515441895,19,10,7,0,3,-1,-9,-3,-8,-16,27,27,20,7,sil
8.309895515441895,2,-2,-2,-11,-10,-4,-9,-5,1,-9,15,17,6,-10,sil
8.325560331344604,2,7,5,11,0,-19,-14,-8,-2,-4,18,16,-1,-10,sil
8.325560331344604,13,23,22,38,10,-13,-10,-4,-10,-2,34,24,2,-1,sil
8.340837478637695,15,26,30,38,9,6,-8,3,-3,10,45,29,13,1,sil
8.340837478637695,4,16,32,32,6,9,-8,3,-3,17,39,30,11,3,sil
8.356540441513062,1,14,29,34,1,4,2,-2,-13,3,18,19,0,5,sil
8.356540441513062,4,15,23,28,1,10,15,-1,-16,-7,0,0,-12,-1,sil
8.372094869613647,-9,-3,6,15,0,12,18,-3,-18,-13,-17,-11,-22,-13,sil
8.372094869613647,-27,-24,-5,2,-8,8,17,-5,-15,-22,-27,-11,-24,-14,sil
8.387188196182251,-18,-16,1,0,-12,11,16,6,0,-3,-17,-7,-10,0,sil
8.387188196182251,0,-8,2,2,-7,8,14,13,19,32,-2,-6,8,21,sil
8.40299391746521,0,-15,-4,-5,-5,0,10,6,22,28,-5,-8,12,22,sil
8.40299391746521,-1,-14,-10,-6,-3,0,0,7,22,7,-18,-12,8,6,sil
8.418450355529785,4,-12,-16,-6,1,-1,-10,8,18,5,-20,-7,8,1,sil
8.418450355529785,0,-13,-19,-18,-1,-15,-18,0,2,-9,-10,0,6,0,sil
8.433842182159424,-2,-1,-11,-10,0,-17,-17,-2,0,-24,6,3,10,-1,sil
8.433842182159424,8,8,-3,-6,6,-3,-10,0,7,-8,20,8,20,0,sil
8.44914698600769,6,0,-11,-25,0,-2,0,-6,-2,3,11,4,7,-8,sil
8.44914698600769,-6,1,-17,-20,0,-12,0,-15,-17,-12,0,-13,-11,-23,sil
8.464789152145386,-3,20,0,8,9,-10,-4,-12,-18,-20,0,-16,-11,-22,sil
8.464789152145386,2,23,7,8,9,1,-7,-3,-24,-5,-9,-9,-15,-14,sil
8.480201721191406,-5,7,1,-7,6,10,-4,0,-25,0,-18,-12,-26,-5,sil
8.480201721191406,-16,-5,-2,-7,3,10,-2,5,1,-3,-9,-16,-16,0,sil
8.496273756027222,-16,-5,-5,0,-1,7,-1,5,21,6,-3,-12,-4,-2,sil
8.496273756027222,-14,0,-3,0,0,5,2,1,15,19,-8,-8,-7,1,sil
8.511827230453491,0,-6,-7,-3,-1,3,12,0,16,23,-7,0,-1,16,sil
8.511827230453491,15,-15,-6,-5,-4,14,22,9,19,24,2,11,18,21,sil
8.527127981185913,14,-12,-2,-5,-1,17,29,15,15,20,6,19,22,24,sil
8.527127981185913,10,-11,-4,-13,-10,-9,14,4,16,10,2,24,13,28,sil
8.542665481567383,20,-12,-1,-15,-22,-31,-17,-6,5,-3,8,31,16,19,sil
8.55789041519165,21,4,12,1,-7,-23,-24,-5,-14,-14,13,24,14,0,sil
8.55789041519165,6,17,13,14,11,-7,-7,-1,-17,-21,4,1,-10,-16,sil
8.573135375976562,-2,8,2,12,8,3,0,0,-1,-17,-8,-17,-21,-24,sil
8.573135375976562,-4,6,2,9,3,3,-1,1,0,-9,-6,-14,-8,-17,sil
8.573135375976562,-8,14,8,5,2,-5,-5,-3,-11,-10,7,0,-7,-13,sil
8.588716983795166,-5,8,9,8,0,0,-5,-12,-21,-18,16,0,-9,-13,sil
8.603875637054443,-1,6,15,17,0,16,-6,-14,-29,-19,12,0,0,-2,sil
8.603875637054443,3,17,24,22,8,13,-6,-9,-27,-7,8,4,0,3,sil
8.61915922164917,11,14,13,16,12,1,-4,-4,-12,3,5,-4,-3,-1,sil
8.61915922164917,0,-2,0,2,5,0,-3,1,0,5,0,-9,4,0,sil
8.634826898574829,-10,-15,-8,-9,-3,0,3,12,17,18,2,-1,19,11,sil
8.634826898574829,-7,-17,-6,-17,-6,0,10,14,30,22,2,-1,14,12,sil
8.649973154067993,-6,-16,-2,-18,-10,-3,11,4,15,8,-10,-9,-1,1,sil
8.649973154067993,-2,-5,-5,-7,-9,-4,13,0,7,10,-6,-3,2,1,sil
8.665718793869019,6,4,0,0,0,0,14,5,15,13,3,12,16,9,sil
8.665718793869019,1,8,0,5,2,7,8,3,9,0,-10,5,-1,1,sil
8.680852890014648,-8,6,-10,9,6,17,2,-3,-1,-7,-30,-14,-30,-15,sil
8.680852890014648,-12,0,-13,1,6,8,-4,-4,-2,-2,-22,-15,-29,-16,sil
8.696430444717407,-13,-3,-10,-4,-1,-8,-15,-1,0,-1,-5,-5,-10,-2,sil
8.696430444717407,-14,-9,-10,0,2,0,-9,1,6,1,1,-2,-2,3,sil
8.712099075317383,-5,-10,-9,3,13,16,8,5,12,4,2,-1,0,5,sil
8.712099075317383,0,-5,-6,-2,1,4,9,1,0,2,5,1,11,7,sil
8.72812008857727,0,-7,-5,-9,-14,-10,-3,-3,-15,-1,7,0,13,1,sil
8.72812008857727,3,-10,-7,-9,-11,-8,-5,-2,-11,-8,2,2,6,2,sil
8.74420952796936,4,-5,-2,-6,-4,-9,-7,-6,-10,-12,-2,3,1,1,sil
8.74420952796936,4,-5,-2,-6,-7,-17,-13,-11,-19,-9,-9,-6,-2,-12,sil
8.759830236434937,9,-6,-4,-12,-11,-13,-8,-8,-13,0,-5,-4,0,-14,sil
8.759830236434937,10,0,6,-15,-11,-1,0,-3,-4,8,3,14,6,4,sil
9.29191541671753,20,29,18,18,9,3,-2,-2,8,2,9,0,9,0,sil
9.29191541671753,3,9,2,7,10,10,1,1,9,14,9,0,-4,2,sil
9.30712389945984,-17,-8,-4,-1,1,-1,10,0,-2,4,-1,0,-7,-5,sil
9.30712389945984,-14,-2,-3,5,-4,-15,4,-8,-16,-18,-20,-15,-14,-21,sil
9.322710514068604,-9,7,-3,12,1,0,-2,-5,-15,-14,-15,-21,-22,-19,sil
9.322710514068604,-16,3,-7,8,7,21,3,0,0,0,-8,-15,-22,-11,sil
9.33873987197876,-11,-7,-6,1,4,12,10,2,1,-4,-15,-10,-18,-4,sil
9.33873987197876,4,-8,-1,5,3,2,10,1,-6,-2,-18,-3,-8,5,sil
9.3541259765625,1,0,3,9,8,7,9,0,-2,5,-13,-3,-4,10,sil
9.3541259765625,-2,0,6,3,9,9,11,0,7,9,-5,-9,-7,5,sil
9.369673490524292,3,-5,0,3,4,9,18,12,20,21,5,-5,1,12,sil
9.384794473648071,0,-9,-5,0,-3,8,17,13,24,24,5,-3,11,17,sil
9.384794473648071,-15,-14,-13,-16,-12,4,5,-2,11,9,-7,-13,0,5,sil
9.400876522064207,-17,-13,-19,-19,-11,5,2,-8,0,2,-16,-12,-8,0,sil
9.400876522064207,-6,-8,-12,-5,-6,6,2,3,4,11,-8,-1,0,0,sil
9.416754484176636,2,-11,-7,-6,-12,-2,-1,9,9,16,4,0,5,6,sil
9.416754484176636,5,-11,-3,-15,-14,-10,-7,4,2,0,13,8,9,13,sil
9.416754484176636,17,0,10,-3,-4,-13,-7,5,2,-7,12,24,26,13,sil
9.431841611862184,29,11,15,8,-4,-9,-2,5,8,1,15,29,32,9,sil
9.44770622253418,14,8,1,-4,-6,-5,-2,-1,2,-3,19,21,18,3,sil
9.44770622253418,-3,0,-13,-20,-1,-19,-12,-8,-12,-17,-1,7,3,-9,sil
9.46288514137268,-2,0,-4,-17,-2,-24,-23,-9,-25,-26,-20,1,-5,-19,sil
9.46288514137268,0,10,10,-4,2,-1,-12,-3,-16,-24,-6,5,-9,-15,sil
9.478465795516968,0,18,12,1,14,6,1,-2,-1,-9,8,6,-5,-7,sil
9.478465795516968,2,15,12,3,12,-9,-4,-8,-4,1,14,6,0,-3,sil
9.494283437728882,2,7,13,2,3,-9,-14,-4,-10,0,22,8,0,-2,sil
9.494283437728882,4,9,16,1,2,1,-14,0,-10,-14,18,10,-2,-4,sil
9.509936571121216,13,17,20,11,3,2,-5,-2,-8,-17,3,2,-4,-1,sil
9.509936571121216,7,13,16,28,7,2,5,-3,-1,1,-8,-13,-12,7,sil
9.525670766830444,-3,3,11,32,10,7,13,0,-2,13,-12,-16,-18,4,sil
9.525670766830444,0,6,10,32,9,15,18,0,-1,7,-1,-6,-9,-3,sil
9.540749549865724,-2,1,0,25,7,28,21,0,8,9,-1,-11,-9,0,sil
9.540749549865724,-21,-23,-21,3,0,30,13,5,17,25,-22,-25,-16,2,sil
9.556139707565308,-20,-33,-34,-11,-7,15,2,11,25,33,-21,-19,0,4,sil
9.556139707565308,-5,-28,-25,-22,-6,-2,-4,14,29,23,-6,-6,22,10,sil
9.571755170822144,-2,-29,-29,-36,-14,-15,-13,9,18,9,-10,-6,20,4,sil
9.571755170822144,-11,-18,-30,-35,-17,-22,-17,-1,-1,-5,-1,0,14,-4,sil
9.58774471282959,-5,-1,-9,-24,-4,-17,-11,-8,-13,-21,18,11,14,-8,sil
9.58774471282959,0,1,-6,-17,-2,-9,0,-9,-17,-29,6,2,1,-16,sil
9.603294610977173,-5,6,-4,-5,0,-3,3,-8,-20,-26,-2,-4,-14,-22,sil
9.603294610977173,0,20,14,12,12,5,5,-5,-15,-18,11,2,-16,-11,sil
9.618985891342165,3,21,23,15,5,12,3,-3,-14,-13,9,3,-12,-2,sil
9.618985891342165,-3,9,16,19,-4,6,1,-3,-14,-6,-8,-6,-15,-5,sil
9.634333610534668,1,10,13,32,6,4,15,1,2,8,-8,-6,-11,8,sil
9.634333610534668,12,13,9,20,8,9,27,10,19,21,0,3,5,27,sil
9.650009632110596,7,2,3,0,-7,5,18,10,17,25,0,6,14,24,sil
9.650009632110596,11,-5,3,-3,-8,-7,0,5,14,21,0,5,3,14,sil
9.665053367614746,13,-13,-2,-12,-2,-17,-8,6,19,7,-4,10,2,12,sil
9.665053367614746,0,-19,-13,-20,-9,-17,-13,9,20,2,-5,17,19,13,sil
9.68071174621582,6,-2,-3,-13,-1,-14,-19,0,7,5,14,26,21,7,sil
9.68071174621582,20,21,9,3,18,-10,-19,-13,-11,-3,24,22,7,-4,sil
9.69568133354187,2,20,10,16,15,-2,-14,-14,-24,-14,8,3,0,-14,sil
9.69568133354187,-16,7,11,16,1,9,-2,-8,-27,-7,0,-8,-5,-15,sil
9.711804151535034,-16,-4,0,4,4,15,7,-8,-22,-1,-3,-19,-21,-14,sil
9.711804151535034,-18,-18,-12,-5,0,14,9,-9,-16,-5,-14,-28,-24,-13,sil
9.726983547210692,-12,-17,-1,-4,-12,8,12,4,3,3,-12,-15,-5,0,sil
9.726983547210692,4,-6,0,-8,-11,-2,15,17,25,17,0,2,9,15,sil
9.743043422698976,15,-5,-2,-19,-1,-7,0,20,21,4,2,8,11,10,sil
9.743043422698976,18,-4,-1,-12,3,0,-14,10,10,-10,8,11,13,3,sil
9.75850772857666,17,6,0,0,5,1,-21,-4,1,-13,18,17,13,4,sil
9.75850772857666,9,14,0,0,0,-5,-28,-11,-16,-18,9,11,-1,-3,sil
9.774709939956663,-3,11,2,-2,-1,-6,-25,-14,-29,-30,-4,-2,-17,-16,sil
9.774709939956663,-10,13,7,3,1,6,0,-10,-15,-25,-5,-11,-12,-15,sil
9.79000473022461,-2,21,5,23,5,17,29,5,11,3,-6,-13,-2,-8,sil
9.79000473022461,-6,7,3,30,5,14,33,12,18,22,-12,-14,-2,-6,sil
9.805697202682495,-21,-14,-3,14,0,12,20,0,7,19,-18,-17,-5,0,sil
9.805697202682495,-10,-15,-10,5,-1,11,12,-3,10,17,-10,-9,0,13,sil
9.821932554244995,4,-13,-5,0,1,0,7,4,23,27,0,7,6,14,sil
9.821932554244995,-4,-24,-15,-24,-4,-10,2,7,22,31,-4,0,6,8,sil
9.837167263031006,-14,-21,-28,-33,-14,-13,-5,1,3,8,-19,-15,-3,0,sil
9.837167263031006,-8,-4,-18,-16,-7,-19,-12,-2,-7,-18,-7,-2,-6,-13,sil
9.852888107299805,-1,2,-4,-6,0,-26,-11,-5,-12,-19,20,12,2,-15,sil
9.852888107299805,2,4,6,-10,-7,-18,-6,-10,-28,-15,22,7,4,-15,sil
9.86823344230652,4,6,12,-4,-10,-8,-4,-11,-32,-17,12,3,0,-10,sil
9.86823344230652,5,12,18,12,8,-4,-7,-5,-18,-10,14,3,2,3,sil
9.883479595184326,9,16,22,26,17,3,-5,0,-4,2,6,-3,0,7,sil
9.883479595184326,8,8,13,21,7,20,6,6,4,10,-11,-7,-7,4,sil
9.899279356002808,0,-1,7,8,8,27,18,16,15,15,-13,0,-6,11,sil
9.899279356002808,-3,-5,2,0,8,16,16,17,19,17,-10,0,-1,20,sil
9.914984941482544,-4,-8,-12,-12,-12,0,-3,6,15,1,-18,-4,-1,14,sil
9.914984941482544,-2,-10,-13,-19,-24,-13,-27,0,6,-16,-13,0,5,7,sil
9.93053650856018,17,-1,0,-2,-7,-16,-30,-2,-1,-10,9,17,14,8,sil
9.93053650856018,31,5,7,4,6,0,-10,-3,0,-2,25,32,14,11,sil
9.945672750473022,21,10,4,-1,5,17,11,-2,9,-4,29,31,16,8,sil
9.945672750473022,4,17,1,0,9,16,11,0,6,0,32,18,15,-4,sil
9.962007284164429,-4,17,-1,8,18,0,0,-4,-9,2,19,0,-3,-20,sil
9.962007284164429,-7,13,0,18,11,-6,1,-13,-20,-14,-2,-17,-20,-21,sil
9.977261781692505,-10,8,5,17,2,-2,6,-15,-25,-23,-7,-14,-17,-12,sil
9.977261781692505,-15,-4,3,5,1,0,4,-10,-17,-5,-8,-10,-16,-9,sil
9.992873907089232,-12,-10,-1,3,-1,2,8,1,3,17,-11,-11,-10,0,sil
9.992873907089232,-5,-3,2,9,-5,6,23,15,21,33,0,-2,8,18,sil
10.00858473777771,-8,-9,-1,0,-6,-1,23,12,22,34,2,0,14,13,sil
10.00858473777771,-9,-24,-5,-19,-10,-11,0,3,9,16,-19,-10,0,-2,sil
10.024527311325071,0,-20,-5,-24,-14,-5,-8,5,4,1,-24,-9,0,0,sil
10.024527311325071,4,-7,-10,-18,-13,-3,-7,3,14,-2,-3,1,11,0,sil
10.04593300819397,6,0,-4,-19,-7,-7,-18,1,12,-7,8,13,14,-4,sil
10.04593300819397,12,0,0,-20,-3,-2,-19,4,0,-6,6,12,15,0,sil
10.05550980567932,10,3,-1,-12,-5,-1,-12,-1,-7,-3,2,0,2,-3,sil
10.071123123168944,9,15,3,2,0,-9,-9,-7,-6,-16,-1,-5,-18,-14,sil
10.071123123168944,7,19,5,5,13,-3,-4,-6,-10,-30,-12,-7,-22,-15,sil
10.071123123168944,-12,0,-3,-3,14,10,0,-7,-22,-26,-20,-22,-23,-16,sil
10.090124368667604,-29,-7,-8,9,9,15,4,-8,-29,-11,-21,-30,-27,-14,sil
10.090124368667604,-18,2,2,31,10,12,11,-6,-23,-9,-23,-19,-19,-2,sil
10.102986097335815,-8,-3,-3,20,3,11,16,-1,-7,-5,-25,-13,-11,0,sil
10.102986097335815,-17,-23,-20,-5,-7,12,14,4,9,10,-12,-13,-6,0,sil
10.11805534362793,-14,-24,-13,-10,-10,4,2,9,17,17,2,0,7,11,sil
10.133262634277344,10,-1,1,5,-4,-13,-8,9,23,16,12,17,20,22,sil
10.133262634277344,34,18,15,18,8,-21,-7,5,26,16,31,37,28,23,sil
10.148960590362549,35,21,25,18,14,-10,-5,0,12,8,50,45,32,17,sil
10.148960590362549,23,22,22,18,8,-2,-7,0,-6,1,41,28,18,6,sil
10.164820909500122,12,19,19,6,3,-8,-7,-1,-11,-3,18,11,3,-2,sil
10.164820909500122,-1,2,9,-5,-4,-7,-7,-9,-9,-10,5,0,-3,-8,sil
10.179933547973633,-14,-1,0,-3,-7,5,1,-5,-9,-1,-1,-9,-15,-8,sil
10.179933547973633,-10,6,4,4,1,17,24,5,2,19,-5,-8,-11,0,sil
10.195095300674438,-6,-7,-3,-4,1,15,30,9,14,21,-9,-10,4,7,sil
10.195095300674438,-12,-26,-22,-30,-11,7,15,10,15,16,-6,-9,9,10,sil
10.21116304397583,-5,-17,-21,-34,-15,0,3,10,22,22,6,7,14,12,sil
10.21116304397583,2,-4,-11,-20,-16,-13,-17,-5,11,2,11,19,16,2,sil
10.227197170257568,1,-4,-6,-12,-13,-19,-33,-15,-17,-28,4,14,4,-9,sil
10.227197170257568,7,6,0,-3,0,-7,-15,-6,-18,-17,11,8,0,-1,sil
10.24233889579773,3,15,6,4,9,11,1,-5,-11,-1,4,-4,-6,0,sil
10.24233889579773,-7,0,3,5,11,20,10,-10,-16,-11,-25,-27,-26,-13,sil
10.257780075073242,-5,-12,2,11,11,19,25,1,0,-4,-32,-25,-23,-7,sil
10.257780075073242,1,-5,4,23,5,16,27,19,28,20,-12,-6,2,11,sil
10.273069143295288,6,-7,-2,8,-3,0,1,13,26,15,-11,-2,8,10,sil
10.273069143295288,5,-19,-12,-24,-10,-30,-34,-7,-7,-20,-12,2,-4,-6,sil
10.289036989212036,0,-10,-10,-27,-11,-37,-38,-16,-29,-38,-2,7,-3,-19,sil
10.289036989212036,0,17,2,1,6,-13,-12,-9,-21,-25,8,6,10,-18,sil
10.304123401641846,3,31,15,22,22,3,0,-4,-9,-10,21,10,15,-11,sil
10.304123401641846,4,27,17,30,13,5,-4,-1,-7,-6,24,15,8,0,sil
10.31968903541565,8,24,20,33,4,9,1,2,-5,-3,10,4,-6,10,sil
10.31968903541565,9,11,11,22,4,7,11,3,0,8,-9,-14,-18,3,sil
10.335756301879885,-4,-11,-10,-3,-1,-4,5,3,1,11,-25,-25,-23,-10,sil
10.335756301879885,-28,-20,-19,-23,-10,-5,-5,1,-10,-2,-28,-23,-30,-20,sil
10.351789474487305,-37,-14,-20,-17,-9,4,-2,-8,-17,-6,-26,-25,-31,-21,sil
10.351789474487305,-24,-8,-12,0,-4,4,3,-11,-5,1,-22,-25,-19,-17,sil
10.367035388946531,-4,-6,0,0,-3,-1,8,3,9,3,-13,-14,-3,0,sil
10.367035388946531,7,-2,3,-10,-5,2,15,10,11,5,-6,3,10,22,sil
10.382941484451294,14,3,7,-5,3,7,15,8,11,24,8,22,25,36,sil
10.383449792861938,19,7,12,13,12,4,7,12,28,43,40,34,41,39,sil
10.398130893707275,16,0,14,14,6,6,1,14,38,40,46,30,42,28,sil
10.398130893707275,0,-6,0,-1,-1,3,1,4,19,16,8,7,14,5,sil
10.414057731628418,-13,-4,-12,-12,-5,0,0,-3,-7,-8,-9,-9,-4,-9,sil
10.414057731628418,0,6,-1,-4,0,7,3,-2,-10,-17,14,4,10,-3,sil
10.429067373275757,21,11,10,9,5,6,0,5,9,-4,28,24,25,10,sil
10.429067373275757,16,0,0,-4,0,-5,-11,10,20,4,11,18,14,9,sil
10.44488787651062,3,-13,-8,-25,-1,2,-2,6,17,-2,-3,1,1,0,sil
10.44488787651062,7,-12,-5,-11,-2,9,14,0,17,-8,0,-5,0,-3,sil
10.460249423980711,4,-8,-1,0,-10,-6,5,-7,-4,-12,1,-3,-8,-9,sil
10.460249423980711,-11,-10,-5,-13,-13,-13,-10,-12,-41,-23,-8,-7,-21,-23,sil
10.475414991378784,-20,-9,-11,-17,-11,-7,-14,-15,-44,-29,-17,-15,-31,-25,sil
10.475414991378784,-8,0,-2,-2,-8,-12,-15,-15,-14,-16,-10,-10,-20,-7,sil
10.49124264717102,10,15,11,14,3,-20,-20,-11,-1,-1,4,6,0,3,sil
10.49124264717102,10,25,20,24,11,-14,-23,-3,-20,-10,5,10,-1,-5,sil
10.50693678855896,-13,13,4,13,0,0,-5,-3,-30,-12,-2,-5,-17,-11,sil
10.50693678855896,-26,0,-8,3,0,2,13,-9,-17,0,-7,-14,-18,-3,sil
10.521968841552734,-8,2,1,21,12,7,15,-3,-4,7,-11,-8,-10,-2,sil
10.521968841552734,8,11,8,40,17,24,21,6,5,16,-10,-4,-6,2,sil
10.537668466567991,1,2,0,22,6,25,31,11,26,32,-2,-5,1,18,sil
10.537668466567991,-5,-15,-15,-7,-6,2,18,17,37,34,-5,-11,15,15,sil
10.55276656150818,0,-17,-17,-24,-11,-13,-7,13,22,16,-6,-7,20,0,sil
10.55276656150818,14,-6,-7,-30,-10,-16,-22,3,5,0,1,9,17,6,sil
10.568841457366943,26,-5,-5,-27,-5,-19,-22,1,3,-1,4,24,24,21,sil
10.568841457366943,19,-1,0,-24,0,-16,-15,0,0,-7,13,24,27,12,sil
10.585078477859495,9,11,8,-22,4,0,-7,-3,-2,-17,22,11,11,-5,sil
10.585078477859495,0,14,8,-6,12,14,-4,-1,0,-11,12,0,-1,-7,sil
10.600716352462769,-12,5,8,3,17,10,-7,0,-2,-1,4,1,-3,-7,sil
10.600716352462769,-10,5,8,1,9,0,-9,-4,-10,-14,0,0,-9,-14,sil
10.615845203399658,-4,9,7,4,2,4,-1,-2,-12,-25,-13,-11,-19,-16,sil
10.615845203399658,-13,1,0,13,0,17,9,1,-3,-7,-18,-17,-18,-15,sil
10.63192653656006,-16,0,-5,15,-1,17,16,0,0,9,-4,-18,-12,-15,sil
10.63192653656006,-12,9,1,17,4,14,18,-2,-4,7,-3,-16,-13,-9,sil
10.647769212722778,-18,-4,-4,15,0,9,17,0,-4,0,-20,-20,-24,-8,sil
10.647769212722778,-21,-26,-14,3,-8,3,11,-1,-3,-3,-27,-26,-31,-12,sil
10.663254737854004,-6,-16,-4,9,-6,3,15,0,7,4,-16,-15,-9,0,sil
10.663254737854004,9,-4,7,20,-2,-1,22,6,18,19,0,5,15,21,sil
10.678710460662842,12,-4,14,12,-3,-10,11,11,14,8,6,14,13,21,sil
10.678710460662842,7,0,8,8,-7,-8,0,8,12,-2,7,12,11,16,sil
10.693861722946169,8,-4,-1,0,-12,-5,-5,0,10,15,9,16,20,22,please
10.693861722946169,8,-18,-6,-11,-12,-5,-8,-7,1,27,12,13,14,23,please
10.709911346435549,5,-6,-1,-7,-6,-1,-9,-7,-6,0,9,8,2,13,please
10.709911346435549,12,10,1,-4,-1,-7,-8,0,-13,-19,9,21,9,5,please
10.725082397460938,20,4,0,-12,-6,-27,-15,-1,-15,-8,13,28,16,0,please
10.725082397460938,13,-2,0,-10,-9,-27,-24,-5,-10,-10,17,22,8,-2,please
10.74079942703247,11,2,0,-8,0,-6,-12,-1,-3,-18,25,24,8,0,please
10.74079942703247,18,7,3,-17,4,0,-2,0,5,0,30,25,14,2,please
10.7569317817688,14,5,8,-18,-4,-9,-18,-2,4,13,21,16,10,-2,please
10.773041725158691,9,12,1,0,0,-7,-17,0,0,11,20,15,11,-1,please
10.773041725158691,7,26,2,11,17,10,2,4,5,13,26,20,16,5,please
10.787781715393066,-1,20,6,2,14,14,5,3,10,8,21,7,12,0,please
10.787781715393066,-10,5,-1,-3,0,1,0,0,4,0,6,-14,1,-14,please
10.787781715393066,-16,4,-8,0,5,4,2,0,-2,-5,-26,-29,-21,-26,please
10.803114175796509,-27,1,-17,-10,22,21,3,0,-4,-21,-68,-48,-44,-26,please
10.818100929260254,-28,-8,-22,-21,26,23,5,-1,-6,-36,-64,-57,-39,-18,please
10.818100929260254,-15,-12,-13,-9,14,16,15,-4,-8,-16,-38,-51,-29,-16,please
10.833723068237305,-14,-8,-13,0,4,13,18,0,-3,12,-36,-44,-28,-11,please
10.833723068237305,-14,0,-3,2,8,-1,4,0,3,8,-16,-27,-8,0,please
10.849799156188965,-2,6,7,8,5,-15,-3,0,3,-6,8,-10,5,2,please
10.850790739059448,-4,-6,1,4,-7,0,4,0,-3,-4,-5,-15,-10,-5,please
10.865188598632812,-12,-20,-4,3,-6,14,17,4,0,15,-16,-13,-11,0,please
10.865188598632812,-15,-22,-1,11,5,2,8,0,5,23,-8,-1,4,8,please
10.88069987297058,-24,-28,-1,3,-10,-11,-9,-8,-11,-4,-17,-6,-11,-3,please
10.88069987297058,-20,-23,4,0,-53,-12,-11,-10,-21,-17,-16,-2,-22,-13,please
10.895902395248411,6,1,19,21,-55,0,1,-3,-2,12,8,24,7,8,please
10.895902395248411,18,10,19,25,-10,10,15,0,5,18,17,36,23,26,please
10.912121772766112,18,-1,10,9,12,2,10,-2,0,-12,14,29,16,21,please
10.912121772766112,29,0,12,7,1,-9,-7,6,-1,-17,22,37,24,19,please
10.927171230316162,36,11,11,12,-7,-4,-4,16,2,0,25,44,30,22,please
10.927171230316162,27,12,2,4,-2,-2,8,6,9,5,22,35,19,15,please
10.942802667617798,18,9,-2,-6,8,-14,-2,0,17,15,29,27,19,10,please
10.942802667617798,24,8,-4,-5,17,-18,-18,7,16,30,38,27,28,14,please
10.95841670036316,26,17,2,0,11,-10,-17,15,11,13,42,32,25,14,please
10.95841670036316,16,23,9,-2,7,-1,-10,8,14,-4,38,29,21,6,please
10.974018573760986,1,11,3,-7,11,-2,-9,-5,4,-2,25,11,12,-5,please
10.974018573760986,-2,2,6,-9,8,-7,-10,-7,-12,-8,17,2,0,-11,please
10.990067958831789,0,10,11,-6,0,-4,-7,0,-3,-14,7,1,-8,-6,please
10.990067958831789,-6,11,1,-11,3,2,-4,-4,2,-15,-15,-12,-18,-14,please
11.005821466445925,-16,5,-8,-14,10,6,2,-12,-10,-20,-23,-28,-29,-30,please
11.005821466445925,-20,5,-1,0,9,12,14,-7,-16,-13,-8,-30,-22,-24,please
11.022029638290403,-25,-1,1,9,9,19,16,-4,-11,-3,-20,-34,-17,-13,please
11.022029638290403,-31,-17,-22,1,5,17,12,-6,-4,-1,-49,-52,-28,-14,please
11.036890029907228,-32,-26,-33,-11,-6,14,6,0,2,12,-53,-59,-26,-17,please
11.036890029907228,-28,-24,-17,-13,-11,14,0,3,3,27,-40,-49,-14,-12,please
11.05343747138977,-18,-18,-14,-6,-8,10,7,-5,-1,3,-40,-45,-18,-6,please
11.05343747138977,-11,-17,-19,-2,-10,0,14,-5,-3,-14,-38,-39,-24,-5,please
11.068249464035034,-13,-25,-20,-13,-16,-11,0,1,-1,0,-21,-26,-13,-2,please
11.068249464035034,-8,-23,-15,-23,-16,-14,-9,0,-7,0,-10,-19,-2,1,please
11.08381414413452,11,-2,1,0,-6,-1,0,3,-2,-4,-1,1,9,10,please
11.08381414413452,26,15,16,32,8,8,6,15,16,15,24,58,32,25,please
11.099873542785645,22,9,13,16,12,-4,-7,11,19,23,37,84,33,30,please
11.099873542785645,18,0,4,-4,0,-18,-15,0,9,11,23,48,20,20,please
11.115401029586792,26,13,16,4,-3,-6,-9,0,2,3,25,32,23,19,please
11.115401029586792,30,25,31,9,5,4,0,2,-5,-5,39,50,30,28,please
11.1319420337677,21,14,17,-1,8,-7,2,0,-7,-8,32,36,19,19,sil
11.1319420337677,10,5,7,-4,6,-21,0,-1,0,-6,21,12,10,0,sil
11.147043704986572,10,8,15,4,1,-14,-6,-1,-2,-9,16,10,4,-8,sil
11.147043704986572,6,8,16,8,-2,-6,-15,-8,-21,-22,5,2,-10,-16,sil
11.162813901901243,-6,5,6,4,-5,-6,-15,-13,-25,-28,-1,-8,-23,-27,sil
11.162813901901243,-10,9,0,8,-3,2,0,-2,-2,-14,-2,-7,-16,-20,sil
11.17881202697754,-10,10,5,21,3,18,12,5,10,7,0,-9,-6,-8,sil
11.17881202697754,-13,4,3,22,13,21,16,0,2,15,-1,-24,-10,-9,sil
11.1939959526062,-17,0,-6,8,8,18,14,-6,-5,6,-12,-32,-16,-8,sil
11.1939959526062,-25,-9,-11,-1,-6,16,12,0,-3,-2,-23,-35,-13,-3,sil
11.211144924163818,-30,-25,-24,-12,-12,15,15,9,5,0,-35,-44,-18,-7,sil
11.211144924163818,-27,-34,-40,-30,-9,10,15,8,19,4,-45,-43,-24,-15,sil
11.224670171737673,-16,-25,-37,-30,-10,-6,4,5,23,6,-33,-22,-10,-9,sil
11.224670171737673,1,-6,-14,-15,-9,-20,-9,4,12,12,-2,1,6,1,sil
11.240690231323242,18,3,0,-11,-1,-15,-12,4,4,14,7,16,16,7,sil
11.240690231323242,24,7,3,-1,7,-8,0,5,10,2,11,24,28,16,sil
11.256754398345947,28,14,17,11,11,-10,4,4,17,0,28,36,34,29,sil
11.256754398345947,30,14,18,8,9,-15,-8,1,15,12,41,42,29,26,sil
11.272017002105711,22,12,12,7,6,-16,-24,-4,5,16,39,36,23,14,sil
11.272017002105711,10,10,22,14,5,-3,-26,-9,-8,9,31,23,12,6,sil
11.287693977355955,-3,0,9,4,0,12,-17,-9,-21,0,9,2,-2,0,sil
11.287693977355955,-14,-5,-3,-6,-1,10,-1,-8,-31,-14,-7,-8,-9,-6,sil
11.302728414535522,-6,2,8,0,0,3,8,-7,-29,-20,-6,-3,-15,-8,sil
11.303126573562622,0,4,4,1,-2,10,9,-7,-21,-23,-11,-9,-28,-13,sil
11.318758249282835,-7,-2,-6,5,0,19,9,-5,-11,-20,-19,-21,-24,-14,sil
11.318758249282835,-12,0,-2,14,9,17,17,0,5,2,-14,-22,-4,-3,sil
11.33391499519348,-12,3,0,7,7,12,18,6,4,13,-17,-18,-5,0,sil
11.33391499519348,-8,-2,-4,4,-1,9,16,6,-2,8,-20,-14,-13,-3,sil
11.350197553634644,3,-3,-3,10,-4,3,12,5,12,17,-6,-3,0,1,sil
11.350197553634644,7,-4,-1,-4,-5,-10,-4,3,17,11,0,8,11,12,sil
11.365713834762571,2,-8,-8,-29,-12,-26,-26,-3,-6,-23,-7,8,8,4,sil
11.365713834762571,-3,-7,-15,-35,-14,-35,-32,-7,-24,-42,-2,0,-1,-14,sil
11.381775379180908,-4,-3,-8,-18,-6,-31,-16,-6,-16,-23,5,-2,-9,-15,sil
11.381775379180908,0,3,6,5,3,-3,0,-1,0,0,0,-1,-6,-5,sil
11.397119760513306,-3,2,9,11,5,26,7,4,10,2,-5,-8,-3,-5,sil
11.397119760513306,-10,-8,-4,7,0,29,14,7,19,15,-10,-22,-8,-4,sil
11.41293740272522,-16,-20,-19,-3,-5,5,20,9,26,33,-18,-24,-9,1,sil
11.413329601287842,-15,-19,-23,-22,-10,-5,15,15,26,26,-8,-4,5,8,sil
11.428926944732666,8,-5,-4,-12,-6,0,8,16,29,17,24,26,34,24,sil
11.428926944732666,29,7,18,1,3,-1,-4,3,18,12,32,36,37,26,sil
11.443999528884888,16,10,10,-11,6,-10,-12,-9,-10,-9,10,17,8,0,sil
11.443999528884888,5,19,5,-3,10,-2,-11,-13,-22,-23,13,13,-3,-14,sil
11.459730625152588,19,31,24,33,20,6,-13,-7,-10,-8,35,27,8,-7,sil
11.459730625152588,19,28,24,37,16,0,-13,-7,-8,-3,31,19,8,-4,sil
11.474791288375854,6,15,14,18,7,-2,0,-7,-14,-10,12,4,-2,-5,sil
11.474791288375854,0,3,8,15,4,0,5,-1,-17,-1,-6,-4,-9,-1,sil
11.490827322006226,-8,1,3,11,0,0,0,-4,-23,0,-18,-13,-17,-1,sil
11.490827322006226,-8,8,8,9,-1,2,3,-3,-14,-10,-13,-10,-18,-2,sil
11.506500005722046,-1,1,6,15,-3,4,17,6,6,0,-4,-2,-8,6,sil
11.506500005722046,0,-13,-7,10,-2,5,19,7,11,18,-3,0,3,18,sil
11.52207374572754,0,-12,-10,0,0,10,10,3,15,21,-7,-2,14,21,sil
11.52207374572754,-1,-19,-12,-19,-8,5,-2,5,21,14,-15,-9,8,12,sil
11.537698984146118,-20,-39,-27,-41,-22,-5,-7,3,12,10,-15,-14,-6,-2,sil
11.537698984146118,-29,-29,-33,-32,-12,-1,-2,0,5,8,-18,-14,-8,-9,sil
11.55367922782898,-11,-6,-13,-16,-3,0,-10,1,4,-14,-22,-11,-6,-7,sil
11.55367922782898,10,-3,2,-17,-5,-10,-13,0,-3,-34,-6,-3,-6,-9,sil
11.569233417510986,5,1,0,-12,-3,-9,-2,-6,-12,-22,15,0,-2,-17,sil
11.569233417510986,-9,19,0,1,1,-2,-4,-6,-18,-11,8,-6,-5,-20,sil
11.585217237472534,-3,26,12,20,11,3,-2,-2,-13,-8,-1,-7,-7,-10,sil
11.585217237472534,0,12,16,31,19,19,16,-4,0,7,0,-4,0,1,sil
11.600775480270386,-10,-10,-6,7,2,18,15,-2,3,15,-11,-18,-7,-2,sil
11.600775480270386,0,-13,-21,-16,-10,-2,0,1,0,5,-15,-15,-17,-3,sil
11.61608076095581,13,0,0,0,0,-11,-1,3,7,10,5,14,6,10,sil
11.61608076095581,9,-2,1,7,0,-11,-4,4,16,16,17,21,29,13,sil
11.631907224655151,12,-5,-6,-12,-10,-16,-16,6,4,0,16,14,16,0,sil
11.631907224655151,20,13,10,-4,0,-10,-10,2,-2,-11,23,25,7,3,sil
11.64768385887146,11,24,20,7,9,-2,-5,-3,1,-11,25,28,11,11,sil
11.64768385887146,0,13,6,-6,-2,-7,-17,-2,-9,-10,8,12,1,-2,sil
11.66291046142578,-2,9,0,0,-2,-3,-11,-3,-19,-1,-9,-4,-10,-14,sil
11.66291046142578,-4,14,10,18,10,15,15,-4,-4,4,-7,-11,-4,0,sil
11.679444313049316,-3,7,11,11,12,30,40,7,17,14,0,0,10,16,sil
11.679444313049316,-3,-11,-1,-2,3,21,37,14,23,29,-8,2,11,16,sil
11.693711042404177,0,-23,-3,-11,-1,-5,3,3,8,5,-14,0,3,7,sil
11.709824323654177,16,-13,4,-11,-4,-22,-23,-8,-9,-23,6,7,5,3,sil
11.709824323654177,20,2,14,0,-5,-12,-24,-10,-16,-9,21,12,5,0,sil
11.709824323654177,3,6,21,13,-1,1,-14,-6,-14,-2,7,3,-9,-10,sil
11.72497057914734,-14,5,11,17,2,2,-5,-6,-21,-25,-8,-12,-26,-13,sil
11.741084575653076,-29,-2,-11,2,3,0,-3,-10,-33,-28,-23,-29,-35,-13,sil
11.741084575653076,-25,-18,-24,1,0,5,8,0,-16,-1,-30,-35,-29,-10,sil
11.75632643699646,-6,-19,-13,14,-2,11,29,15,18,16,-20,-12,-4,2,sil
11.75632643699646,0,-14,-8,3,-4,6,29,16,34,22,-6,0,11,12,sil
11.772029876708984,0,-14,-21,-14,-6,0,9,10,31,22,5,-1,12,12,sil
11.772029876708984,4,-9,-19,-17,-3,0,-9,6,27,16,15,8,15,7,sil
11.787665605545044,3,3,-11,-15,-4,-9,-18,2,22,6,9,8,16,-1,sil
11.787665605545044,-5,13,-10,-19,-7,-14,-16,0,10,-2,4,-5,7,-7,sil
11.803043842315674,0,12,-2,-13,0,-3,-8,-5,0,-4,16,-1,6,-7,sil
11.803043842315674,19,12,11,0,8,1,-9,-15,0,0,21,11,12,-3,sil
11.818734169006348,20,19,23,12,10,-5,-16,-15,-5,-1,17,19,9,0,sil
11.818734169006348,13,21,22,17,13,-1,-14,-3,-13,-7,22,23,2,0,sil
11.834070205688477,4,11,9,13,12,12,0,1,-12,-3,12,7,1,-4,sil
11.834070205688477,-14,0,-1,14,0,10,11,-3,-16,0,-21,-18,-11,-11,sil
11.84978461265564,-26,0,-1,19,-7,1,15,-4,-22,-6,-37,-23,-27,-11,sil
11.84978461265564,-4,2,9,7,0,2,20,4,-15,-6,-20,-6,-21,2,sil
11.86543107032776,8,-5,4,-2,1,7,23,4,-4,4,-16,0,-5,10,sil
11.86543107032776,-8,-19,-13,-2,-9,7,10,-2,-6,5,-23,-4,-3,3,sil
11.8819580078125,-13,-13,-13,-14,-14,4,3,5,2,-1,-7,-1,0,3,sil
11.8819580078125,3,-2,-8,-22,-7,0,10,17,23,7,5,1,16,13,sil
11.896821022033691,8,-6,-5,-18,-3,-12,-1,10,24,11,0,9,23,16,sil
11.896821022033691,5,-11,0,-15,-4,-23,-20,3,12,2,5,17,15,10,sil
11.912935256958008,7,-2,-1,-14,0,-20,-22,2,3,-7,22,11,5,-2,sil
11.912935256958008,9,9,5,-4,3,-13,-23,-4,-12,-17,23,3,0,-17,sil
11.928207397460938,7,11,17,10,4,-9,-19,-16,-24,-20,3,-3,-12,-15,sil
11.928207397460938,-1,4,17,18,5,-1,-7,-15,-22,-17,-5,-10,-26,-6,sil
11.943340539932253,-6,3,9,22,9,10,1,-3,-15,-12,0,-14,-24,-9,sil
11.943340539932253,-2,6,7,23,11,24,8,0,-7,0,0,-15,-11,-9,sil
11.95913028717041,0,-1,5,13,7,28,17,-1,3,15,-6,-8,0,5,sil
11.95913028717041,2,-11,-4,5,0,17,25,3,18,20,-1,0,9,19,sil
11.97430419921875,-2,-10,-11,1,0,11,20,12,23,19,0,-2,12,14,sil
11.97430419921875,-11,-13,-19,-12,1,6,6,9,20,13,-6,-7,9,3,sil
11.990115642547607,-5,-12,-25,-26,-5,-10,-2,3,19,10,-6,1,13,5,sil
11.990115642547607,6,-3,-9,-17,-8,-18,-6,2,15,10,2,14,19,5,sil
12.005868196487429,13,4,3,-1,-3,-8,-5,0,11,0,13,25,17,3,sil
12.005868196487429,11,8,2,-6,-1,-13,-9,-5,4,-12,20,30,11,4,sil
12.021961212158203,6,12,2,-7,-1,-17,-17,-5,-9,-15,17,22,8,-7,sil
12.021961212158203,0,21,6,4,0,-3,-13,-7,-24,-22,4,2,0,-16,sil
12.03708529472351,-7,21,7,5,0,0,-6,-8,-28,-32,-6,-8,-18,-10,sil
12.03708529472351,-9,6,5,0,-1,-5,-3,-2,-17,-5,-3,-6,-18,-6,sil
12.057736873626707,-5,0,8,6,-2,6,-2,3,-3,25,3,-3,-4,-5,sil
12.057736873626707,-5,10,14,24,1,15,0,3,-3,13,-8,-10,-8,0,sil
12.057736873626707,-1,10,9,31,4,7,1,0,-8,-4,-21,-16,-17,2,sil
12.067962408065796,2,-5,8,14,1,9,7,-2,-10,3,-11,-11,-11,2,sil
12.083714723587036,-3,-17,-2,-1,-4,20,22,0,-5,12,-10,-18,-10,0,sil
12.083714723587036,-13,-27,-22,-14,-8,9,26,1,3,6,-31,-28,-19,-6,sil
12.09927535057068,-17,-31,-27,-31,-7,-6,14,7,18,0,-30,-22,-14,-6,sil
12.09927535057068,-11,-14,-20,-30,-1,-4,3,10,28,2,-4,-6,5,3,sil
12.114970922470093,2,-1,-9,-16,0,-5,-4,5,23,4,9,14,20,6,sil
12.114970922470093,8,-8,-7,-16,-3,-14,-10,0,15,-2,9,21,14,0,sil
12.130491495132446,5,-3,-9,-14,-2,-13,-9,-1,4,-13,19,16,7,3,sil
12.130491495132446,12,16,5,6,3,-7,-2,0,0,-5,35,27,21,13,sil
12.14634108543396,16,22,17,24,7,-5,-1,1,3,11,34,25,20,10,sil
12.14634108543396,8,12,17,26,10,0,-6,-4,-6,4,14,1,0,-3,sil
12.16197919845581,6,12,17,28,14,6,-5,-3,-15,0,3,-5,0,-3,sil
12.16197919845581,7,15,16,24,10,14,0,0,-9,11,6,1,6,5,sil
12.176974296569824,-5,5,5,16,4,15,0,-4,-15,3,-5,-11,-11,-2,sil
12.176974296569824,-12,-4,-9,9,0,8,3,-3,-18,-11,-25,-25,-25,-7,sil
12.192206859588625,-6,-11,-11,-11,-5,7,11,7,4,0,-21,-14,-11,3,sil
12.192206859588625,-1,-21,-13,-34,-12,4,12,8,21,8,-12,0,2,7,sil
12.208335876464844,0,-21,-18,-34,-16,-17,-4,0,10,-7,-7,4,8,1,sil
12.208335876464844,8,-2,0,-22,-10,-32,-20,-3,-3,-22,7,19,13,1,sil
12.22408390045166,20,19,21,-2,0,-19,-17,-8,-7,-16,18,31,14,0,sil
12.22408390045166,12,20,18,4,0,-9,-18,-15,-13,-7,10,17,5,-7,sil
12.239136219024658,3,10,9,0,0,-7,-16,-6,-9,-5,10,2,6,-5,sil
12.239136219024658,4,9,14,4,13,2,1,6,1,-1,18,4,16,2,sil
12.25467562675476,0,10,16,15,16,13,8,1,-3,2,6,0,9,-5,sil
12.25467562675476,-14,0,0,10,1,11,2,-7,-15,-1,-12,-16,-9,-13,sil
12.270050048828123,-13,-11,-5,7,-3,10,4,-1,-10,-9,-12,-12,-11,-6,sil
12.285718202590942,-8,-9,-4,9,0,17,12,3,-1,6,-5,-6,-4,-1,sil
12.285718202590942,-12,-4,-13,4,-4,14,8,-1,-2,21,-13,-17,-8,-5,sil
12.285718202590942,-15,-1,-10,4,-5,7,6,-1,-1,6,-20,-20,-17,-4,sil
12.302016019821169,-5,-1,0,13,2,10,15,6,11,3,-12,-12,-13,4,sil
12.302016019821169,-3,-7,-2,6,-2,12,18,11,23,19,-6,-10,-8,7,sil
12.317280054092407,-9,-10,-11,-4,-12,0,8,13,27,19,-10,-13,-12,2,sil
12.317280054092407,-4,-8,-12,-4,-4,-9,4,11,25,7,-2,-2,-13,5,sil
12.333466053009031,1,-10,-12,-9,0,-9,6,4,13,0,7,8,-13,7,sil
12.349007368087769,-6,-14,-19,-15,-8,-9,0,0,-1,-1,0,1,-25,2,sil
12.349007368087769,-9,-8,-15,-17,-9,-11,-6,0,-12,-3,-6,0,-34,0,sil
12.349007368087769,8,2,0,-17,1,-6,-3,0,-9,-9,6,14,-10,4,sil
12.364891767501833,17,11,2,-9,1,-7,-5,-2,0,-8,12,23,27,4,sil
12.364891767501833,10,15,2,-1,0,-12,-13,-9,0,-3,3,20,35,-2,sil
12.380364894866943,15,14,3,-1,9,-4,-11,-9,5,0,12,18,30,0,sil
12.39627242088318,22,0,1,-10,8,0,-9,0,8,0,22,15,34,6,sil
12.39627242088318,17,-8,4,-14,-2,-8,-17,1,-2,-2,9,11,32,2,sil
12.39627242088318,13,7,17,3,6,-4,-11,0,0,0,12,13,26,3,sil
12.411060094833374,10,25,32,28,25,7,0,2,6,3,31,11,20,5,sil
12.427018642425535,0,18,19,22,13,1,-4,0,-8,-6,10,-9,0,-7,sil
12.427018642425535,-9,2,0,2,-5,0,-5,-6,-20,-15,-19,-27,-15,-19,sil
12.427018642425535,-12,0,-2,7,0,18,6,-5,-15,-5,-15,-24,-10,-14,sil
12.443052291870115,-17,-1,0,23,2,26,13,-4,-20,-6,-18,-31,-22,-12,sil
12.443052291870115,-20,-5,-3,13,-8,11,13,-2,-17,-7,-33,-34,-27,-7,sil
12.45806622505188,-7,-14,-11,-9,-10,7,19,7,13,19,-21,-12,0,10,sil
12.45806622505188,2,-18,-15,-19,-4,2,6,6,24,23,-2,4,11,17,sil
12.473774671554564,5,-7,-1,-8,-3,-19,-14,-3,2,-8,4,12,3,4,sil
12.490442752838137,10,8,11,5,-7,-28,-14,-6,-7,-14,18,24,6,0,sil
12.490442752838137,6,15,13,-1,-10,-12,-12,-5,-13,-6,20,23,0,-3,sil
12.490442752838137,-11,5,6,-10,-9,-3,-16,-12,-30,-22,-1,-5,-26,-18,sil
12.505124568939207,-23,-4,0,4,0,0,0,-9,-30,-21,-16,-17,-33,-14,sil
12.505124568939207,-9,0,2,20,8,20,32,11,4,12,-8,0,-14,8,sil
12.520712614059448,6,6,-3,14,0,23,39,26,37,35,0,3,2,22,sil
12.536135196685793,-1,-16,-19,-9,-6,-4,7,13,28,17,-10,-4,2,10,sil
12.536135196685793,-9,-28,-23,-25,-4,-20,-16,-1,15,4,-6,6,4,-6,sil
12.552095651626589,9,0,-6,-10,1,-5,-10,-1,20,13,27,25,20,-1,sil
12.552992820739746,23,24,11,12,14,0,-13,0,4,3,38,22,20,2,sil
12.56750750541687,7,16,7,21,23,-3,-20,-5,-14,-11,7,1,-1,-11,please
12.56750750541687,-5,4,5,20,17,10,0,-4,-5,-1,-7,-8,-12,-8,please
12.582662105560305,0,-7,11,12,8,22,27,6,8,12,0,-10,-3,13,please
12.582662105560305,0,-23,0,-6,-6,7,24,9,15,18,-4,-9,1,13,please
12.597777605056764,-6,-26,-14,-20,-24,-6,7,6,19,22,-17,-5,2,4,please
12.597777605056764,-7,-22,-15,-17,-18,-3,5,6,17,10,-27,-1,0,9,please
12.61331868171692,1,-14,-8,-17,-5,-3,0,1,3,-14,-17,3,0,5,please
12.61331868171692,9,4,-1,-16,-3,-4,-13,-5,-8,-17,13,11,12,-8,please
12.628867864608765,11,21,4,-4,0,1,-15,-8,-7,-6,26,12,20,-1,please
12.628867864608765,17,22,7,-6,3,-5,-8,-2,-2,-11,13,17,19,15,please
12.644903898239136,15,18,2,-9,1,-19,-11,0,-8,-21,6,10,14,7,please
12.644903898239136,-1,14,0,0,2,-13,-22,-6,-18,-18,4,-11,1,-15,please
12.660886764526367,-8,8,1,1,0,-1,-21,-8,-12,-2,0,-15,-7,-14,please
12.660886764526367,1,7,-1,-9,1,1,-11,-6,-10,-2,-3,-7,-7,-1,please
12.67609477043152,-7,1,0,-9,4,2,-8,-10,-29,-24,-10,-25,-21,-15,please
12.67609477043152,-24,-10,-3,0,0,3,0,-8,-26,-19,-22,-43,-33,-31,please
12.6917462348938,-18,-9,-6,3,0,6,14,-1,-9,1,-23,-19,-23,-14,please
12.6917462348938,-4,0,3,11,5,11,17,-2,-12,-1,-6,2,-14,0,please
12.707698583602903,-1,9,13,29,6,14,17,0,-6,0,1,-5,-13,0,please
12.707698583602903,0,13,13,35,19,12,24,8,10,21,-1,-3,-5,0,please
12.723164081573486,-2,0,-1,17,14,7,16,3,7,21,1,3,0,5,please
12.723164081573486,-12,-17,-15,0,-10,3,1,0,1,0,4,-8,-2,5,please
12.73824954032898,-9,-11,-2,4,-10,0,5,5,12,2,0,-5,2,7,please
12.73824954032898,1,-1,5,10,-3,-7,6,2,13,16,3,15,11,9,please
12.75408172607422,-4,-16,-2,-10,-18,-11,-4,0,8,14,6,17,8,4,please
12.75408172607422,-4,-23,-3,-13,-20,-7,-3,12,18,15,0,12,10,4,please
12.769174575805664,15,-2,7,4,-3,-3,-2,14,23,14,5,28,27,15,please
12.769174575805664,18,3,4,-5,0,-1,-7,2,14,0,16,34,30,13,please
12.784741401672363,4,-7,-4,-20,-7,-6,0,1,15,1,11,22,15,5,please
12.784741401672363,10,-4,0,-11,-9,-9,5,7,17,10,2,18,14,8,please
12.799848794937134,24,5,4,-2,0,-3,-2,5,15,11,5,13,24,14,please
12.799848794937134,19,5,5,-6,8,-2,-4,3,14,17,16,10,21,17,please
12.815322875976562,8,5,9,-2,6,-4,-4,0,4,6,13,10,7,11,please
12.815322875976562,9,13,0,5,8,-2,-10,-2,-5,-17,0,-3,-2,-2,please
12.831159353256226,14,19,0,0,13,-3,-9,-6,-6,-18,2,-14,-4,-10,please
12.831159353256226,12,18,8,-1,9,0,-10,-16,-12,-18,7,-3,-7,-7,please
12.846754550933838,3,16,3,9,8,2,-18,-22,-33,-41,-3,-4,-23,-13,please
12.846754550933838,-4,12,0,14,11,0,-12,-2,-40,-36,-9,-17,-29,-20,please
12.862006425857544,-17,0,-4,4,0,2,0,9,-16,-3,-8,-26,-15,-19,please
12.862006425857544,-30,-6,-14,-3,0,8,-2,-7,-5,-8,-16,-28,-13,-21,please
12.878023862838743,-24,0,-7,5,7,1,-5,-13,-19,-19,-17,-20,-19,-20,please
12.878023862838743,-17,-1,0,10,1,0,3,-4,-25,-1,-12,-18,-20,-11,please
12.893250942230225,-24,-18,-4,-5,-13,13,7,-7,-18,0,-19,-23,-27,-14,please
12.893250942230225,-19,-16,-7,-12,-13,22,16,-4,-5,-2,-18,-15,-25,-9,please
12.909076452255247,-9,-2,0,0,-3,19,25,8,5,15,-4,-2,-7,11,please
12.909076452255247,-7,-5,0,10,0,7,21,12,23,29,4,-4,2,10,please
12.92472505569458,0,-9,-1,2,-5,-2,16,14,34,34,10,0,5,4,please
12.92472505569458,1,-10,-5,-16,-7,0,14,11,13,25,1,8,5,15,please
12.9397611618042,-5,-17,-14,-15,0,2,6,-1,-9,6,-20,2,3,13,please
12.9397611618042,0,-13,-10,1,2,-8,0,-1,0,4,-16,1,14,4,please
12.95505714416504,7,-6,-3,-1,-7,-14,-1,8,21,6,0,6,22,9,please
12.95505714416504,1,-9,-14,-22,-16,-12,-6,4,21,-2,-1,1,12,7,please
12.97072434425354,6,-3,-10,-23,-9,-11,-6,2,12,1,2,8,12,2,please
12.97072434425354,19,14,6,0,2,-5,-4,4,8,9,15,23,26,10,please
12.985898733139038,19,15,9,7,1,-6,-7,-3,7,-4,12,26,25,13,please
13.00201416015625,21,3,9,-6,-3,-20,-16,-7,2,-11,20,33,19,10,please
13.00201416015625,30,6,16,-7,6,-17,-19,-4,-3,-5,32,36,18,8,please
13.002788782119753,18,21,24,9,19,0,-14,-6,-6,-16,26,24,11,1,please
13.017826080322266,1,17,12,11,6,-7,-16,-4,-4,-17,18,11,0,-2,please
13.017826080322266,4,3,6,0,-5,-17,-23,-2,-12,-7,9,-1,-10,-5,please
13.034999370574951,7,11,18,8,3,7,-4,0,-15,-4,-5,-14,-19,-10,please
13.034999370574951,0,18,13,24,9,26,20,4,1,1,-8,-17,-16,-3,please
13.050042390823364,-2,9,3,18,3,9,11,6,10,0,0,-10,-6,-1,please
13.064661026000977,-2,14,8,19,4,0,2,4,5,-6,6,-3,0,-9,sil
13.064661026000977,-9,14,10,23,5,11,8,2,0,0,0,-4,-5,-5,sil
13.080729007720947,-17,-6,0,10,0,22,9,-4,-3,0,-18,-13,-12,-7,sil
13.080729007720947,-13,-12,-4,9,4,22,9,-10,-7,-2,-16,-18,-8,-17,sil
13.080729007720947,-11,-3,-2,16,5,6,5,-4,-7,0,-5,-7,-7,-15,sil
13.095857620239258,-20,-17,-12,-5,-1,-5,2,3,-8,3,-21,-9,-14,-7,sil
13.111091136932371,-21,-26,-20,-23,-2,6,10,0,-12,7,-30,-24,-12,-1,sil
13.111091136932371,-8,-15,-9,-5,2,16,11,-6,-18,9,-9,-21,-6,1,sil
13.126879930496216,-4,-10,-12,0,0,4,3,-6,-16,6,-3,-14,-8,0,sil
13.126879930496216,-14,-20,-30,-25,-10,-4,0,-5,-11,0,-15,-20,-12,-4,sil
13.142029523849487,-15,-24,-28,-34,-15,-8,0,0,-3,0,-12,-20,-12,-5,sil
13.142029523849487,0,-13,-11,-19,-8,-13,0,8,9,7,4,0,0,7,sil
13.157692432403564,14,2,3,-9,0,-14,-5,12,17,16,20,21,21,26,sil
13.157692432403564,12,7,2,-5,-6,-13,-14,6,13,6,20,24,20,23,sil
13.173904657363892,6,4,0,-6,-12,-13,-17,0,4,-9,13,21,10,7,sil
13.173904657363892,9,3,2,-9,-9,-9,-12,-2,7,-3,10,18,14,6,sil
13.18955421447754,13,3,6,-10,-10,-12,-5,0,20,1,5,16,9,12,sil
13.18955421447754,14,6,10,-10,-4,-10,0,0,22,-5,3,22,0,1,sil
13.205159664154053,18,13,7,0,6,0,5,0,9,-8,8,22,12,-6,sil
13.205159664154053,17,16,9,8,5,-3,-4,0,-2,-12,16,16,23,-4,sil
13.22067403793335,5,14,11,11,4,-4,-10,-3,-4,-22,12,9,5,-7,sil
13.22067403793335,-3,23,12,29,17,16,6,-7,-3,-17,-1,-9,-12,-19,sil
13.235852241516112,-10,25,14,40,23,22,19,-1,-8,0,-8,-22,-9,-21,sil
13.235852241516112,-16,6,7,24,12,10,14,1,-10,11,-8,-21,-7,-13,sil
13.25102686882019,-19,-11,0,9,0,11,11,0,-3,15,-19,-24,-19,-5,sil
13.25102686882019,-17,-13,-2,7,-2,15,11,3,2,20,-22,-21,-18,2,sil
13.2661874294281,-7,-14,-8,1,0,10,8,12,12,25,-8,-4,0,17,sil
13.2661874294281,4,-19,-7,-15,-4,1,0,12,12,12,-6,9,9,24,sil
13.282203197479248,17,-15,-4,-20,-13,-9,-7,4,3,0,-9,8,8,21,sil
13.282203197479248,22,0,-1,-6,-3,-12,-14,0,1,-4,11,16,11,17,sil
13.29740834236145,22,12,12,2,12,-2,-12,-2,1,-12,27,27,15,8,sil
13.29740834236145,20,12,11,-6,4,-1,-7,-11,-15,-14,10,18,6,-4,sil
13.313143730163574,2,6,-1,-17,-1,-7,-7,-17,-37,-14,-4,-5,-15,-20,sil
13.313143730163574,-16,3,-6,-8,4,-1,-5,-10,-29,-18,-2,-19,-28,-25,sil
13.328715801239014,-19,7,2,7,0,6,0,0,-10,-7,-5,-16,-19,-14,sil
13.328715801239014,-10,5,7,12,-4,8,11,2,0,12,-11,-11,-4,-3,sil
13.34390902519226,-5,-14,-4,0,-5,0,11,0,3,12,-1,-6,6,2,sil
13.34390902519226,-10,-29,-16,-17,-13,-11,-3,1,7,0,8,3,16,12,sil
13.359723806381226,-14,-21,-21,-21,-17,-11,-10,7,15,0,3,0,19,11,sil
13.359723806381226,-10,-12,-19,-13,-7,-16,-17,1,5,0,0,-7,9,-7,sil
13.375395059585571,-6,-4,-8,-6,-1,-23,-29,-15,-22,-10,9,1,-5,-25,sil
13.375395059585571,-3,8,7,12,3,-3,-14,-14,-20,-14,13,2,-10,-16,sil
13.39120101928711,3,20,22,34,15,22,16,8,12,0,7,-7,-2,0,sil
13.39120101928711,4,20,13,31,18,29,34,13,28,24,-7,-12,-4,0,sil
13.406447172164915,-7,3,-6,10,8,29,33,0,24,23,-21,-15,-17,-3,sil
13.406447172164915,-8,-14,-7,-2,-2,23,21,3,26,12,-10,-7,-5,7,sil
13.42212986946106,7,-7,-4,-6,-11,2,8,13,29,21,7,11,21,20,sil
13.42212986946106,14,0,-8,-17,-11,-15,-2,8,14,10,7,20,24,15,sil
13.440024614334106,19,-10,-3,-21,-6,-23,-10,2,0,-18,7,16,8,7,sil
13.440024614334106,30,8,13,-3,-4,-25,-16,0,-6,-29,13,17,0,3,sil
13.454060554504396,20,37,21,10,1,-23,-21,-7,-25,-31,3,18,-6,-3,sil
13.454060554504396,0,28,14,13,6,-10,-15,-9,-34,-30,-6,9,-14,-4,sil
13.4695885181427,0,9,16,13,7,8,-1,-7,-26,-16,0,-1,-21,-1,sil
13.4695885181427,-2,4,18,13,13,17,6,-8,-18,3,0,-12,-18,-4,sil
13.484731674194336,-11,-4,5,14,13,10,9,0,-12,18,-11,-9,-3,0,sil
13.484731674194336,-11,-16,-2,12,0,7,12,13,4,23,-12,2,5,11,sil
13.500761270523071,-8,-23,-17,-5,-7,14,19,15,28,27,-7,-1,6,13,sil
13.500761270523071,-6,-29,-28,-33,-6,14,14,5,35,25,-7,-10,8,7,sil
13.516644477844238,0,-24,-23,-33,-10,0,-6,-5,19,5,-13,-5,9,0,sil
13.516644477844238,-2,-7,-14,-13,-12,-10,-16,-11,-2,-14,-8,3,8,-4,sil
13.53205156326294,-4,0,-10,-14,-4,-6,-10,-9,-16,-13,10,10,13,-6,sil
13.53205156326294,6,6,-3,-16,-2,-7,-8,-5,-19,-2,19,7,14,-4,sil
13.547466516494753,15,27,15,6,5,-5,-10,0,-15,-1,15,6,10,-2,sil
13.547466516494753,9,37,30,30,20,8,1,4,-5,0,15,3,7,-2,sil
13.563103675842283,-8,12,11,23,11,15,10,0,2,9,10,-14,0,0,sil
13.563103675842283,-24,-22,-15,-6,-10,6,1,-1,6,12,-3,-22,-6,1,sil
13.578134775161743,-12,-31,-24,-29,-12,-6,-7,3,16,1,-12,-12,-6,-1,sil
13.578134775161743,6,-9,-9,-23,-4,-20,-14,2,13,-16,-4,-5,-5,-12,sil
13.595248937606812,9,12,12,1,-1,-17,-15,-3,-5,-19,6,-2,-6,-17,sil
13.595248937606812,0,9,13,13,1,0,-3,-5,-13,-4,-7,-7,-16,-12,sil
13.609819412231444,-13,-4,0,7,2,11,11,0,-11,0,-38,-23,-34,-9,sil
13.609819412231444,-14,-9,-11,6,1,15,25,4,-3,0,-31,-27,-26,-6,sil
13.625192642211914,-10,-10,-14,-10,0,4,20,1,4,-3,-2,-4,-2,0,sil
13.641210794448853,-7,-11,-12,-24,-3,-19,-5,-6,-2,-17,-4,14,-3,-3,sil
13.641210794448853,1,3,1,1,-3,-20,-18,-7,-16,-27,-3,16,-6,-6,sil
13.641210794448853,16,28,30,34,7,2,-2,0,-12,-4,27,22,9,7,sil
13.657427787780762,15,26,32,38,11,12,10,6,0,24,26,19,14,19,sil
13.658427953720093,-4,-1,2,21,0,10,6,6,5,18,-10,0,-1,7,sil
13.672791957855225,-6,-24,-11,-4,-8,3,5,14,22,7,-9,2,0,6,sil
13.672791957855225,20,-13,5,-10,-5,-10,3,16,37,13,31,30,28,22,sil
13.687004089355469,37,10,21,9,-2,-17,-14,0,14,3,49,45,38,26,sil
13.70278000831604,34,18,16,16,-7,-15,-22,-10,-9,-8,34,39,19,20,sil
13.70278000831604,27,19,17,12,-4,-9,-10,-7,-12,-2,30,30,14,15,sil
13.717832803726196,15,18,29,21,6,11,1,-8,-13,6,37,21,24,2,sil
13.717832803726196,0,18,19,29,12,30,14,-5,-1,20,21,4,11,-2,sil
13.73312258720398,-5,18,4,17,18,22,23,3,12,19,-2,-9,-9,5,sil
13.73312258720398,-2,6,1,7,15,10,16,0,2,-2,-9,-14,-12,5,sil
13.748809814453123,-9,-16,-7,0,1,9,4,-10,-12,-10,-18,-22,-15,-4,sil
13.748809814453123,-30,-29,-31,-23,-6,5,0,0,-9,0,-48,-46,-24,-15,sil
13.764320611953735,-46,-35,-56,-48,-13,-7,-2,6,0,-4,-71,-67,-28,-21,sil
13.764320611953735,-40,-41,-59,-63,-21,-12,-10,0,6,-11,-68,-57,-22,-24,sil
13.779932260513306,-19,-30,-38,-64,-18,-4,-7,6,17,4,-45,-28,0,-17,sil
13.779932260513306,-6,-13,-26,-51,-5,-2,-3,12,14,6,-23,-16,9,-7,sil
13.7957661151886,-9,-7,-33,-36,1,-13,-15,0,-10,-22,-22,-24,-14,-18,sil
13.7957661151886,-6,2,-31,-24,5,-16,-21,-4,-20,-26,-26,-25,-29,-29,sil
13.810927629470823,1,13,-3,-12,8,-5,-10,0,-10,-4,-5,-4,-4,-17,sil
13.810927629470823,-3,12,14,-4,7,1,-4,-4,-13,-7,16,7,4,-6,sil
13.826478719711304,-13,15,16,3,7,3,-1,-8,-18,-12,19,0,-15,-9,sil
13.826478719711304,-4,15,20,33,12,16,13,-3,-1,8,18,0,-14,-8,sil
13.841952085494995,7,4,24,60,14,27,26,0,15,26,29,10,10,8,sil
13.841952085494995,14,-1,34,44,7,17,23,4,15,25,42,27,25,31,sil
13.857021808624268,22,0,39,28,-4,-2,21,8,15,23,43,40,26,36,sil
13.857021808624268,20,4,28,39,-13,-10,16,5,13,16,30,40,26,24,sil
13.87307095527649,15,3,28,29,-12,-9,1,4,2,5,28,49,37,24,sil
13.87307095527649,29,4,31,8,-13,-15,-5,5,6,7,37,63,47,39,sil
13.88888382911682,38,12,19,11,-11,-19,-13,-1,7,-2,29,51,28,32,sil
13.88888382911682,23,13,7,14,-1,-15,-26,-10,-12,-30,5,22,0,0,sil
13.904666185379028,10,7,0,3,0,-15,-28,-6,-18,-36,1,14,-5,-17,sil
13.904666185379028,9,7,1,-4,-9,-19,-22,-1,-12,-25,3,13,-9,-7,sil
13.920156002044678,0,2,1,-5,-7,-14,-16,-5,-14,-21,-14,-8,-28,-8,sil
13.920156002044678,-11,-2,-8,-4,4,-1,-6,-2,-9,-20,-26,-27,-40,-26,sil
13.936052560806274,-16,3,-18,-7,12,12,3,1,3,-6,-21,-29,-40,-25,sil
13.936052560806274,-13,3,-15,-5,11,24,9,-4,1,6,-25,-35,-34,-11,sil
13.952279806137083,-9,0,-3,2,12,24,12,-3,-5,7,-27,-40,-15,-6,sil
13.952279806137083,-15,0,-8,-1,9,14,16,4,0,6,-19,-37,0,-7,sil
13.967848539352415,-25,-10,-24,-25,1,13,12,0,6,15,-14,-33,0,-7,sil
13.967848539352415,-19,-19,-21,-25,1,16,9,4,15,30,-8,-23,2,0,sil
13.982906579971312,-3,0,-10,3,12,13,15,8,21,34,-1,-11,9,6,sil
13.982906579971312,-7,4,-5,5,14,10,13,-3,3,15,-11,-9,3,-2,sil
13.998427391052246,-17,-13,-11,-17,0,15,4,-3,-7,5,-14,-15,-4,-4,sil
13.998427391052246,-10,-14,-10,-18,-10,7,4,9,8,19,-3,-8,7,11,sil
14.014503479003906,0,-4,-5,-7,-5,-12,1,9,10,15,0,8,23,13,sil
14.014503479003906,1,-8,-9,-11,-4,-23,-15,-5,-9,-11,0,11,15,0,sil
14.030122756958008,-3,-14,-11,-16,-8,-22,-26,-15,-14,-22,1,5,1,-3,sil
14.030122756958008,-3,-11,-5,-4,-9,-10,-8,-5,-2,-5,4,6,0,1,sil
14.045190334320068,0,-8,-5,0,-8,4,11,11,4,3,5,12,10,6,sil
14.045190334320068,4,-11,-6,-9,-11,0,10,12,9,-2,2,16,23,8,sil
14.06684708595276,17,-6,0,-7,-16,-16,0,4,12,-5,4,17,23,9,sil
14.06684708595276,27,9,16,2,-9,-14,-6,4,1,-7,16,25,13,9,sil
14.06684708595276,25,23,26,16,9,0,0,8,1,0,30,31,10,8,sil
14.07588815689087,17,26,22,25,21,6,5,6,8,2,31,19,0,1,sil
14.091219425201416,1,15,20,13,11,1,-5,0,-2,-12,14,1,-25,-9,sil
14.091219425201416,0,7,15,1,0,-11,-14,-6,-14,-16,5,-1,-23,-6,sil
14.107326984405518,8,13,14,5,-4,-16,-11,-10,-16,-12,5,2,-4,0,sil
14.107326984405518,0,10,10,5,-8,-4,-9,-19,-27,-26,-14,-12,-19,-14,sil
14.123151302337646,-22,-5,-6,-4,-1,4,-2,-19,-30,-31,-33,-31,-41,-30,sil
14.123151302337646,-20,-6,-11,-3,15,6,4,-6,-13,-12,-20,-27,-27,-18,sil
14.138792276382446,0,6,2,13,13,9,0,0,0,0,-5,-5,-2,-2,sil
14.138792276382446,13,14,15,25,5,9,-7,-6,-2,-2,-6,6,1,-3,sil
14.154120445251465,1,6,5,14,4,2,-6,-6,-7,-7,-7,-4,-8,-11,sil
14.154120445251465,-16,-5,-8,0,1,2,0,0,-2,1,-5,-13,-8,-8,sil
14.170135498046877,-9,-3,-1,10,7,20,11,13,14,32,6,5,12,9,sil
14.170135498046877,8,4,7,30,17,26,27,17,35,53,18,18,29,29,sil
14.185747861862184,10,-5,5,9,9,18,31,8,33,44,12,10,23,30,sil
14.185747861862184,1,-21,-3,-20,-6,12,23,8,21,32,-1,4,12,19,sil
14.20094394683838,-11,-24,-23,-19,-15,-3,7,17,24,23,-13,-5,4,9,sil
14.20094394683838,-20,-28,-36,-26,-20,-29,-10,13,23,4,-18,-15,3,5,sil
14.216420888900757,-4,-24,-31,-41,-22,-25,-21,1,11,-9,-5,-3,12,5,sil
14.216420888900757,15,-4,-12,-26,-18,-13,-22,-5,-5,-13,13,14,16,2,sil
14.232106447219849,16,11,8,-3,-13,-18,-16,-8,-23,-14,16,17,13,0,sil
14.232106447219849,18,22,15,0,-8,-19,-12,-8,-19,-11,19,15,16,4,sil
14.24769401550293,16,25,16,1,0,-12,-15,-11,-3,-11,29,14,13,3,sil
14.24769401550293,-1,13,4,7,7,-7,-16,-11,-10,-18,13,-4,-4,-12,sil
14.262823581695557,-12,0,-7,-3,6,3,-7,-3,-24,-26,-16,-18,-21,-25,sil
14.262823581695557,-5,0,5,-3,9,18,4,3,-8,-15,-16,-7,-17,-17,sil
14.277951955795288,0,11,17,23,19,24,19,5,7,1,-3,0,-6,-2,sil
14.29316782951355,-3,11,15,34,21,22,22,3,0,0,-6,-10,-9,-2,sil
14.29316782951355,-8,4,9,23,14,19,21,-1,0,2,-7,-10,-13,-1,sil
14.308906078338625,-14,-2,0,7,10,14,25,-2,2,14,-10,-13,-17,1,sil
14.308906078338625,-23,-18,-15,-14,0,7,20,2,-7,7,-27,-26,-27,-9,sil
14.324145317077637,-18,-23,-22,-25,-14,1,8,0,-6,0,-25,-21,-25,-12,sil
14.324145317077637,-6,-8,-15,-16,-6,2,4,0,3,6,-7,-1,-10,0,sil
14.339643001556396,-2,-5,-16,-6,2,4,2,4,2,4,-12,-5,-4,0,sil
14.339643001556396,2,-11,-15,-3,0,-3,-6,2,0,-2,-14,-6,1,0,sil
14.355704545974731,13,0,2,2,0,-13,-9,2,12,4,16,22,19,18,please
14.355704545974731,19,8,7,6,1,-17,-7,0,15,6,37,33,30,12,please
14.37208127975464,18,5,2,0,-7,-27,-21,-12,-9,-10,25,13,18,-8,please
14.37208127975464,17,10,8,-1,-14,-36,-38,-14,-22,-10,17,9,15,-2,please
14.387107610702516,13,11,10,-1,-14,-26,-40,0,-5,-4,27,22,24,9,please
14.387107610702516,3,3,3,-13,-11,-15,-32,-1,-11,-28,21,16,3,-8,please
14.402195930480955,-2,3,0,-7,-2,-6,-14,-8,-27,-37,-6,-6,-25,-22,please
14.402195930480955,-4,14,15,11,8,12,5,0,-15,-7,-12,-9,-9,-8,please
14.417747259140016,7,22,28,20,11,21,17,6,1,13,12,11,17,10,please
14.417747259140016,18,13,23,22,8,13,14,0,3,14,14,14,6,16,please
14.433708190917969,0,-2,12,19,7,13,12,0,8,20,-9,0,-5,11,please
14.433708190917969,-15,-3,0,15,3,16,22,10,23,32,-13,-8,3,12,please
14.449747800827026,-5,-1,0,16,0,13,25,13,25,27,-9,-5,3,17,please
14.449747800827026,-2,-15,-5,7,1,13,21,10,20,10,-23,-7,-10,11,please
14.465308666229248,-13,-25,-21,-17,0,15,22,11,21,10,-25,-14,-8,6,please
14.465308666229248,-17,-22,-24,-28,-6,10,13,10,22,12,-10,-15,0,2,please
14.481099128723145,-10,-20,-20,-17,-10,1,0,1,23,-1,-9,-12,0,-7,please
14.481099128723145,2,-17,-13,-17,-2,-9,-5,-2,17,-13,-9,-3,2,-5,please
14.496658086776732,14,-3,-2,-20,0,-12,-8,-2,2,-10,4,6,10,3,please
14.496658086776732,9,7,-1,-8,-3,-10,-14,-7,-11,-12,8,3,0,-6,please
14.512238025665283,-3,5,-4,-7,2,-13,-22,-14,-22,-20,-3,-1,-18,-23,please
14.512238025665283,-3,8,5,-13,10,-6,-17,-10,-21,-7,6,0,-5,-17,please
14.527844905853271,4,26,16,6,11,10,7,-1,-5,11,25,10,11,-3,please
14.527844905853271,0,25,8,26,5,17,20,-1,0,6,16,8,0,-2,please
14.543129444122314,-13,2,-4,17,0,14,1,-7,-16,-5,0,-5,-16,-7,please
14.543129444122314,-18,-4,2,16,0,13,-2,-2,-23,7,5,-9,-11,-2,please
14.559134006500244,-5,0,9,25,0,7,16,10,0,31,8,-2,6,11,please
14.559134006500244,3,-5,-2,8,-3,-7,14,9,4,13,0,1,11,10,please
14.574953079223633,1,-12,-14,-13,0,-21,-7,-2,-17,-22,-10,3,-2,-6,please
14.574953079223633,1,-10,-18,-19,-8,-26,-16,-5,-20,-26,-10,3,-9,-10,please
14.59070920944214,2,-9,-13,-25,-23,-30,-21,-4,-19,-23,-3,4,-3,-9,please
14.59070920944214,1,0,-8,-18,-17,-32,-27,-7,-26,-28,0,4,-8,-13,please
14.60574984550476,3,17,2,0,0,-23,-24,-10,-13,-22,4,-2,-13,-7,please
14.60574984550476,4,18,10,3,2,-12,-19,-9,0,-17,8,-8,-3,-2,please
14.621765613555908,4,6,8,0,3,0,-12,-2,-4,-13,-2,-9,0,0,please
14.621765613555908,5,3,13,8,9,17,2,3,-6,2,-20,-12,-4,6,please
14.636884689331056,4,0,15,12,8,27,15,3,6,12,-11,-9,0,13,please
14.636884689331056,5,-3,13,11,4,24,20,9,23,16,9,6,15,23,please
14.652415037155151,11,-1,16,16,8,31,37,24,40,39,6,11,19,34,please
14.652415037155151,7,-6,6,9,7,28,47,21,51,51,-11,-4,10,26,please
14.668464660644531,0,-13,-5,-16,-4,1,16,4,41,24,-9,-1,10,6,please
14.668464660644531,4,-5,-2,-22,-7,-9,-9,1,29,4,8,18,22,4,please
14.683746337890623,8,2,3,-7,4,-3,-2,10,34,8,17,31,28,14,please
14.683746337890623,3,1,2,-6,7,-6,1,14,32,4,20,31,28,9,please
14.698894500732422,1,8,-3,-3,5,-3,-7,0,-2,-5,14,12,10,-12,please
14.698894500732422,-10,17,0,14,8,11,-13,-19,-44,-22,-5,-13,-25,-30,please
14.714736461639404,-22,10,4,24,12,22,4,-13,-34,-27,-15,-22,-33,-24,please
14.714736461639404,-19,-3,-12,9,18,27,27,-4,-9,-8,-11,-22,-19,-14,please
14.72976779937744,-14,-12,-21,-3,11,16,9,-14,-6,7,-12,-13,-21,-18,please
14.72976779937744,-3,-10,-12,0,-17,-3,-16,-12,4,10,-5,5,-9,-7,please
14.74495768547058,1,-10,-8,-8,-29,-20,-28,-4,-23,0,4,11,11,2,please
14.74495768547058,-5,-18,-17,-28,-30,-42,-46,-19,-88,-31,0,-4,-3,-17,please
14.76050901412964,-3,-8,-9,-19,-29,-59,-50,-26,-63,-41,1,-8,-22,-31,please
14.76050901412964,2,15,21,16,-5,-39,-16,0,7,-12,12,6,-7,-5,please
14.77569818496704,-2,20,27,39,4,0,11,15,3,13,11,3,2,15,please
14.77569818496704,-6,2,2,28,-4,25,18,8,-9,18,0,-15,-6,12,please
14.792317390441896,-5,-9,-9,1,11,23,26,11,29,24,-7,-16,-10,13,please
14.792317390441896,-6,-5,-8,-15,20,2,20,17,44,27,-9,-1,-2,20,please
14.80792784690857,0,-2,-8,-22,-5,0,7,12,20,17,-8,0,3,14,please
14.80792784690857,13,-5,-10,-23,-5,12,19,11,17,7,-9,-6,6,10,please
14.823738813400269,22,-3,-2,-19,13,4,22,11,23,-4,-8,-1,11,15,please
14.823738813400269,20,0,4,-12,3,-8,0,2,13,-11,-1,4,12,8,please
14.838753700256348,9,-4,2,-6,-1,-4,-12,-8,0,-9,5,1,5,-5,please
14.85485053062439,11,0,6,-4,10,-2,-18,-12,-2,-19,14,13,7,-5,please
14.85485053062439,22,19,14,3,14,-10,-20,-10,0,-21,22,28,22,0,please
14.85485053062439,15,29,12,15,7,-4,-5,-10,-13,-7,21,18,17,-6,please
14.870333194732666,-7,14,2,10,5,13,10,-9,-24,-13,10,2,-1,-14,please
14.870333194732666,-22,0,-4,4,9,22,11,-1,-9,-19,0,-6,-11,-14,please
14.886007070541382,-23,3,4,18,3,15,9,6,-3,0,-8,-16,-17,-20,please
14.886007070541382,-14,9,8,30,-23,11,10,7,-11,6,-15,-20,-21,-19,please
14.90210461616516,-10,0,-1,14,-28,16,8,6,0,3,-20,-14,-12,0,please
14.90210461616516,-13,-16,-10,-3,4,11,14,14,27,22,-15,-13,-1,10,please
14.91726803779602,-10,-17,-12,-8,10,-2,18,18,28,42,-15,-12,0,13,please
14.933435678482056,0,-10,-4,-11,-19,-4,0,6,7,26,-22,-2,-2,18,please
14.933435678482056,6,-15,-2,-14,-18,3,-13,-6,-1,-4,-15,0,-1,17,please
14.933435678482056,7,-19,-3,-17,0,-7,-18,-8,-5,-13,2,4,8,12,please
14.949228525161743,10,-4,5,-12,0,-24,-23,-3,0,7,17,20,24,12,please
14.96384048461914,22,4,11,-3,1,-20,-21,-2,18,27,34,29,35,14,please
14.96384048461914,30,10,15,0,14,-8,-18,-9,17,16,50,38,41,14,please
14.979261875152588,26,22,20,15,14,-13,-21,-19,-10,-4,40,42,29,9,please
14.979261875152588,10,23,16,29,13,-20,-16,-20,-25,-11,20,23,4,-8,please
14.995986223220823,-14,11,0,7,12,-13,-1,-8,-22,-19,7,-5,-16,-35,please
14.995986223220823,-37,4,-17,-8,3,1,10,-1,-23,-33,-12,-30,-36,-47,please
14.995986223220823,-36,1,-16,2,0,13,14,0,-23,-29,-23,-33,-40,-34,please
15.010535717010498,-19,-3,-5,7,0,13,19,8,-5,-3,-16,-17,-25,-11,sil
15.02617859840393,-16,-10,-14,-3,-4,7,20,8,4,0,-23,-23,-23,-6,sil
15.02617859840393,-24,-14,-20,-10,-6,10,12,4,-1,-9,-38,-43,-33,-12,sil
15.04213547706604,-11,-13,-8,-9,-3,18,17,14,10,8,-27,-31,-21,1,sil
15.04213547706604,5,-13,0,-10,-7,17,26,20,25,24,-9,-2,-4,19,sil
15.05768084526062,2,-16,-7,-12,-9,4,15,7,8,7,-14,-2,0,13,sil
15.05768084526062,0,-15,-12,-12,-6,0,0,-4,-8,-7,-23,-3,1,9,sil
15.07259964942932,20,-2,6,-5,-6,3,-7,0,0,-2,-11,17,10,24,sil
15.073105096817017,39,14,19,10,-3,-5,-20,6,11,12,13,26,25,33,sil
15.087766170501707,33,18,15,17,9,-13,-30,0,12,20,35,24,37,26,sil
15.087766170501707,21,7,7,7,11,-6,-19,-3,11,16,40,31,37,16,sil
15.10338020324707,16,0,0,-3,-3,-10,-10,-5,1,-1,24,28,26,5,sil
15.10338020324707,7,2,-1,-6,-9,-20,-11,-7,-7,-25,9,10,7,-8,sil
15.11918020248413,-1,2,-1,0,-4,-9,3,-1,3,-21,9,-1,-4,-18,sil
15.11918020248413,-11,0,-2,-6,-4,0,11,0,2,-9,7,-7,-6,-25,sil
15.134689331054688,-23,1,-1,-9,-4,-3,-1,-9,-15,-20,-1,-12,-10,-25,sil
15.134689331054688,-19,12,5,16,5,10,3,-9,-8,-13,2,-9,-4,-9,sil
15.149844884872437,-10,14,10,29,12,24,19,1,6,16,7,-3,0,0,sil
15.149844884872437,-14,3,1,9,3,15,12,4,0,24,-5,-10,-14,-2,sil
15.165117740631104,-11,0,3,7,3,12,8,0,-6,17,-12,-13,-14,6,sil
15.165117740631104,8,6,14,24,12,16,21,6,0,23,-2,-1,1,24,sil
15.18071222305298,11,-2,0,11,7,0,11,5,1,12,-3,0,-1,12,sil
15.18071222305298,-2,-21,-14,-23,0,-16,-20,-7,-7,-14,-12,0,-9,-9,sil
15.19626522064209,0,-18,-13,-31,-2,-18,-30,-9,-3,-7,-6,8,5,-6,sil
15.19626522064209,14,4,-2,-7,0,-15,-22,3,11,16,8,13,22,3,sil
15.212139368057253,14,15,10,7,4,-9,-18,9,12,7,14,12,19,0,sil
15.212139368057253,0,8,11,1,2,-5,-11,-4,-8,-17,5,5,0,-7,sil
15.227676630020142,-15,-1,1,-5,-5,0,0,-11,-26,-24,-10,-11,-23,-13,sil
15.227676630020142,-20,-13,-12,-2,-6,15,20,5,-4,-3,-22,-26,-28,-9,sil
15.243671894073486,-15,-19,-19,-9,-2,20,30,12,24,15,-18,-20,-13,-1,sil
15.243671894073486,-14,-18,-14,-20,-2,1,12,2,15,6,-14,-12,-3,-2,sil
15.259198427200316,-7,-15,-11,-19,-9,-13,-2,0,0,-10,-6,-5,0,-2,sil
15.259198427200316,8,-5,-2,-18,-11,-13,-3,-2,0,-13,13,17,9,4,sil
15.274479150772097,18,13,8,-9,-1,-8,-9,-7,-11,-16,14,22,9,-1,sil
15.274479150772097,9,23,14,15,1,-2,-13,-12,-30,-24,-8,-4,-6,-13,sil
15.290105819702148,-4,13,14,27,-4,7,0,-10,-29,-16,-18,-17,-13,-4,sil
15.290105819702148,-3,0,2,18,0,17,13,1,-6,7,-16,-12,-2,12,sil
15.30595636367798,9,0,-4,9,9,15,14,17,21,32,-10,-4,9,17,sil
15.30595636367798,21,9,0,9,7,3,5,18,39,39,12,12,24,18,sil
15.322044849395752,20,13,-2,4,3,-9,-6,3,27,16,26,20,30,18,sil
15.322044849395752,10,0,-13,-10,2,-18,-12,-5,4,-7,16,10,10,3,sil
15.338001012802124,2,-7,-12,-17,-3,-16,-5,-1,0,0,15,7,-1,-10,sil
15.338001012802124,-2,3,1,-10,-1,-3,0,5,3,-2,22,11,-1,-13,sil
15.35299587249756,-8,10,9,1,6,8,-1,1,-2,-13,14,2,-7,-12,sil
15.35299587249756,-7,1,10,12,6,13,1,-7,-9,0,3,-5,-15,-3,sil
15.36844563484192,-9,-3,18,19,4,12,10,-3,-13,6,-4,-7,-16,2,sil
15.36844563484192,-18,-4,8,21,2,7,13,2,-8,-10,-20,-15,-19,0,sil
15.384166479110718,-15,-11,-5,10,-2,7,11,0,1,-5,-21,-11,-12,2,sil
15.384166479110718,-6,-19,-3,-2,-5,11,12,0,12,25,-3,0,6,13,sil
15.39970636367798,-4,-15,-2,-4,-3,6,9,1,16,30,3,4,16,14,sil
15.39970636367798,0,-7,-6,0,-8,-9,-4,-6,6,2,0,5,14,6,sil
15.415651082992554,8,0,-6,-2,-13,-16,-24,-10,-10,-15,9,10,13,0,sil
15.415651082992554,15,3,4,-2,-8,-11,-29,-4,-15,-15,23,26,19,2,sil
15.43218731880188,23,9,13,8,1,-7,-12,2,-4,-11,26,40,24,11,sil
15.43218731880188,20,16,10,9,4,-13,-5,3,-3,-12,19,28,18,2,sil
15.447837591171265,6,18,8,-9,-4,-22,-13,0,-17,-18,8,12,0,-12,sil
15.447837591171265,8,11,8,-9,-2,-14,-1,0,-13,-13,0,3,-11,-11,sil
15.463013410568236,4,10,4,6,12,5,10,2,-9,-7,-11,-10,-20,-11,sil
15.463013410568236,-20,8,-2,0,13,8,0,-2,-23,-10,-20,-25,-29,-22,sil
15.478710889816284,-22,0,-4,-10,1,5,-3,-9,-17,-3,-24,-29,-26,-19,sil
15.478710889816284,-4,-9,-1,-10,0,21,5,-6,0,4,-33,-36,-19,-6,sil
15.49394178390503,-9,-15,-10,-14,1,28,12,0,9,8,-47,-48,-19,-5,sil
15.49394178390503,-20,-17,-27,-21,3,14,19,6,25,17,-34,-44,-14,-1,sil
15.509167194366457,-11,-15,-28,-17,7,9,22,13,43,24,-13,-27,-2,7,sil
15.509167194366457,-4,-16,-29,-20,0,6,8,8,38,19,-21,-21,2,5,sil
15.52471661567688,-6,-20,-26,-34,-7,-12,-13,1,18,9,-17,-10,8,0,sil
15.52471661567688,0,-10,-17,-27,0,-24,-15,1,10,5,12,6,16,2,sil
15.540218353271484,8,8,-5,-7,2,-17,-10,1,6,4,27,17,19,7,sil
15.540218353271484,14,24,15,9,-1,-9,-13,0,-4,0,26,25,13,1,sil
15.555986166000366,12,29,27,30,5,-1,-2,-1,-14,-14,29,21,0,-4,sil
15.555986166000366,-3,21,24,39,11,13,16,-2,-14,-17,19,10,-16,-1,sil
15.571704149246216,-3,6,19,36,0,22,23,1,-2,8,10,19,-6,13,sil
15.572207689285278,11,-1,19,36,-12,8,16,4,1,31,21,32,16,27,sil
15.58718204498291,2,-8,15,21,-14,-9,2,0,-13,13,20,23,13,20,sil
15.58718204498291,-4,-12,8,4,-13,-9,-3,-1,-15,-8,4,14,5,8,sil
15.602737188339232,15,-5,19,12,-8,2,0,1,0,-5,15,30,22,12,sil
15.602737188339232,31,3,24,25,3,0,0,2,8,4,35,40,38,12,sil
15.618460178375244,22,5,8,10,4,-16,-12,-2,0,-3,18,29,26,3,sil
15.6340069770813,0,1,-5,-9,-5,-19,-22,-10,-11,-23,-5,9,2,-7,sil
15.6340069770813,-13,-3,-15,-17,-8,-13,-24,-13,-22,-31,-9,-13,-15,-25,sil
15.65050745010376,-12,-7,-16,-25,-2,-12,-21,-9,-32,-31,-9,-27,-27,-36,sil
15.65050745010376,-8,-5,-9,-21,1,-4,-11,-5,-24,-30,-20,-27,-32,-30,sil
15.65050745010376,-18,-3,-10,-8,8,7,0,-4,-6,-20,-32,-34,-34,-26,sil
15.665449619293211,-20,0,-10,-8,12,12,7,-2,0,0,-28,-38,-27,-20,sil
15.681066274642944,-7,11,-2,1,12,21,14,2,5,15,-10,-26,-9,0,sil
15.681066274642944,-4,16,7,17,13,31,21,5,6,15,-4,-7,2,11,sil
15.69597053527832,-1,0,1,7,10,24,32,14,17,28,-7,-1,5,16,sil
15.69597053527832,5,-9,-13,-7,-6,3,29,18,40,41,-3,-4,8,28,sil
15.71199631690979,0,-2,-21,-12,-20,-6,3,8,33,19,-11,-11,1,20,sil
15.71199631690979,-7,-5,-26,-20,-14,0,-9,-1,4,-5,-30,-17,-6,0,sil
15.72804045677185,-1,-16,-17,-29,-6,-2,-3,0,3,0,-21,-4,-1,0,sil
15.72804045677185,5,-9,4,-18,-2,-10,-4,5,24,9,5,19,13,12,sil
15.743378162384031,12,5,9,0,3,-4,-8,4,25,7,18,26,23,14,sil
15.743378162384031,19,4,3,-2,6,-3,-9,-3,4,-4,18,14,20,9,sil
15.759085178375244,17,-3,5,-9,0,-17,-11,-5,-8,-9,16,9,13,2,sil
15.759085178375244,13,4,17,3,2,-17,-15,-1,-14,-4,22,15,10,-2,sil
15.774983644485474,12,18,22,19,13,-8,-13,-6,-18,-1,31,14,11,-8,sil
15.774983644485474,1,18,14,17,13,-6,-3,-10,-15,-4,22,3,4,-11,sil
15.792018175125122,-7,12,16,13,2,0,0,-6,-15,-6,8,2,-6,-12,sil
15.792018175125122,-4,10,20,24,0,3,-4,-3,-16,2,12,3,-8,-13,sil
15.792018175125122,-7,7,11,26,7,5,0,0,-8,8,15,-1,-6,-12,sil
15.807095289230348,-13,0,0,20,10,22,16,8,-2,0,0,-8,-12,-8,sil
15.822226285934448,-12,-6,-7,17,5,25,21,6,-1,-3,-13,-13,-15,-2,sil
15.822226285934448,-17,-17,-17,-5,-2,0,3,-2,-1,1,-19,-9,-10,-5,sil
15.838153839111328,-20,-32,-30,-30,-18,-14,-7,-4,-8,0,-30,-10,-14,-7,sil
15.838153839111328,-16,-27,-26,-19,-31,-4,0,-5,-19,-8,-34,-17,-23,-1,sil
15.85416316986084,-4,-11,-5,0,-18,1,15,0,-11,-4,-18,-7,-13,5,sil
15.85416316986084,9,-3,-1,-8,-1,-1,16,8,15,7,0,7,10,18,sil
15.86932635307312,16,0,-5,-19,-1,-5,2,7,24,2,4,9,21,18,sil
15.86932635307312,16,3,2,-12,-4,-4,-9,0,5,-20,0,2,9,0,sil
15.88486933708191,10,14,14,-4,1,0,-15,-5,-13,-36,1,-3,-5,-8,sil
15.88486933708191,-1,17,8,1,6,3,-10,-6,-16,-24,-2,-10,-11,-8,sil
15.900433778762816,-16,0,-8,8,3,14,1,-4,-2,0,-20,-19,-12,-8,sil
15.900433778762816,-20,-18,-12,0,0,21,8,2,19,16,-26,-19,-13,2,sil
15.915516138076782,-7,-11,-4,-4,-2,10,8,12,42,29,-5,1,5,23,sil
15.915516138076782,15,5,-1,2,-1,-4,2,14,47,40,21,29,32,25,sil
15.93114423751831,19,7,0,-1,3,-11,-9,8,24,22,23,29,28,8,sil
15.93114423751831,11,3,3,-7,0,-17,-15,0,0,-6,16,17,15,0,sil
15.946704864501951,19,15,11,4,-2,-16,-7,-3,-11,-17,30,31,24,2,sil
15.946704864501951,23,28,19,17,6,-16,-4,0,-15,-11,43,38,27,6,sil
15.961962938308716,16,25,21,20,20,-14,-5,-2,-20,-3,32,16,8,0,sil
15.961962938308716,16,16,21,23,24,0,0,-9,-19,0,12,-1,0,-8,sil
15.977735996246338,6,7,12,22,9,3,2,-11,-16,0,-2,-7,-10,-12,sil
15.977735996246338,-11,0,5,2,-2,0,-5,-11,-25,-9,-8,-15,-28,-16,sil
15.993010759353638,-19,-6,-2,-10,-1,6,0,-3,-24,-10,-14,-21,-32,-21,sil
15.993010759353638,-24,-12,-19,-10,-6,12,10,2,-6,1,-29,-32,-27,-18,sil
16.008582592010498,-25,-15,-19,-8,-11,6,8,-1,0,3,-32,-39,-24,-12,sil
16.008582592010498,-12,-4,-3,0,0,13,10,0,1,3,-13,-26,-6,-3,sil
16.02380633354187,0,0,3,7,5,24,19,8,15,23,-3,-8,10,14,sil
16.02380633354187,-4,-13,-3,-6,0,19,15,10,22,36,-9,-7,4,20,sil
16.039901733398438,-10,-21,-15,-22,-2,6,3,5,19,19,-14,-7,2,6,sil
16.039901733398438,-10,-18,-12,-18,-5,-2,-6,7,21,0,-12,2,11,3,sil
16.055014610290527,-3,-19,-9,-14,-11,-13,-10,7,27,-2,-3,8,12,10,sil
16.055014610290527,2,-14,-11,-19,-8,-23,-11,4,18,-5,7,11,11,8,sil
16.0767023563385,8,-5,-4,-13,-3,-22,-11,0,2,-12,14,22,17,3,sil
16.0767023563385,14,0,2,-2,-4,-18,-7,-4,-10,-17,16,23,13,0,sil
16.0767023563385,15,8,4,-3,-5,-17,-13,-12,-32,-32,11,11,-3,-10,sil
16.085729360580444,8,15,0,-2,-8,-14,-20,-18,-41,-41,3,3,-13,-15,sil
16.101818084716797,0,13,2,4,-3,-2,-10,-17,-29,-33,0,2,-12,-9,sil
16.101818084716797,-4,16,16,10,8,14,2,-6,-16,-18,4,-1,-13,-8,sil
16.117106914520264,0,23,23,27,12,25,9,0,-9,-2,7,-3,-14,0,sil
16.117106914520264,5,18,23,42,15,23,23,5,-1,16,0,6,-8,19,sil
16.132983446121216,6,10,10,36,20,16,29,12,14,37,-2,6,0,23,sil
16.132983446121216,0,0,-2,13,8,11,14,10,25,40,0,-7,0,4,sil
16.14805293083191,-8,-14,-10,-4,-5,3,9,7,20,26,-10,-15,0,0,sil
16.14805293083191,-5,-14,-17,-15,-4,-7,11,5,13,12,-18,-13,-3,1,sil
16.163665056228638,0,-8,-17,-21,-9,-15,-5,1,0,-3,-8,-3,0,-6,sil
16.163665056228638,3,-9,-13,-12,-16,-9,-18,0,-8,-14,-2,3,12,-11,sil
16.179201126098633,2,-3,-7,-6,-7,-1,-15,0,-1,-7,-3,0,14,-5,sil
16.179201126098633,1,2,0,-10,1,-6,-17,3,12,6,6,0,14,-4,sil
16.19481372833252,2,4,1,-6,0,-10,-15,5,16,11,20,6,22,-5,sil
16.19481372833252,0,14,5,0,3,-3,-8,-7,0,-6,20,7,11,-10,sil
16.210912227630615,-4,24,17,7,10,2,-8,-16,-14,-24,12,3,-9,-14,sil
16.210912227630615,-2,19,18,23,12,10,-2,-8,-14,-8,1,0,-13,0,sil
16.226924657821655,0,6,13,26,15,25,15,-2,-13,12,-5,-3,-8,10,sil
16.226924657821655,0,-4,4,16,9,29,31,0,-2,18,-5,-3,0,10,sil
16.24211096763611,0,-18,-6,-4,-1,13,23,11,24,25,-8,0,9,15,sil
16.24211096763611,-4,-26,-16,-30,-10,-3,11,16,45,26,-12,-1,7,18,sil
16.25731062889099,-18,-31,-26,-39,-17,-13,9,3,31,0,-14,-17,-2,8,sil
16.25731062889099,-20,-35,-25,-34,-19,-18,-1,-6,0,-25,-22,-20,-15,-7,sil
16.27308416366577,-3,-19,-13,-25,-11,-16,-12,-3,-12,-27,-18,-2,-18,-16,sil
16.27308416366577,7,4,3,-9,0,-15,-7,-3,-24,-25,4,12,-5,-6,sil
16.288973808288574,11,7,7,0,0,-23,-11,-8,-41,-23,19,11,8,4,sil
16.304661512374878,20,6,10,0,-9,-26,-27,-1,-30,-10,27,17,16,5,sil
16.304661512374878,25,21,23,1,-8,-10,-26,5,0,0,33,29,14,6,sil
16.304661512374878,17,29,19,20,5,8,-7,1,8,6,23,12,1,2,sil
16.32068395614624,0,24,10,29,16,11,0,-4,-2,6,7,-9,-5,-3,sil
16.32068395614624,-6,18,10,28,15,9,2,-6,-14,-2,0,-7,-5,-1,sil
16.33668613433838,-2,14,7,35,13,13,7,-11,-24,-7,-11,-3,-7,-2,sil
16.33668613433838,-4,8,7,32,14,15,6,-10,-23,0,-10,-7,-13,-10,sil
16.352821350097656,-13,0,0,14,13,13,4,-3,-6,7,-8,-15,-16,-8,sil
16.352821350097656,-13,-11,-13,1,3,12,10,5,11,14,-17,-19,-18,-6,sil
16.368377923965454,-8,-18,-15,-3,-4,15,22,19,27,31,-14,-10,-6,-4,sil
16.368377923965454,0,-13,-7,-7,-2,16,29,21,42,37,-2,8,13,10,sil
16.383768320083618,7,-8,-5,-14,-1,4,16,12,36,17,-6,9,17,17,sil
16.383768320083618,0,-17,-12,-24,-14,-9,3,5,17,0,-16,-4,2,6,sil
16.398800373077393,-6,-26,-14,-30,-21,-9,0,4,10,-7,-16,0,-2,5,sil
16.398800373077393,0,-12,-7,-23,-11,-5,-8,0,14,-14,-5,15,13,2,sil
16.41395378112793,5,6,-9,-11,-3,-12,-20,-6,5,-18,7,11,19,-12,sil
16.42929434776306,6,12,-2,-9,-1,-16,-20,-7,-3,-16,10,1,4,-12,sil
16.42929434776306,9,4,8,-6,-4,-9,-13,-3,-1,-5,17,5,7,2,sil
16.445058584213257,-2,-3,1,-7,-6,-4,-18,-12,-25,-17,21,2,8,-3,sil
16.445058584213257,-18,0,-5,-7,-1,-6,-25,-21,-50,-44,-1,-9,-22,-24,sil
16.46078848838806,-11,14,8,9,8,-6,-11,-14,-27,-32,-17,-14,-31,-16,sil
16.46078848838806,-2,25,24,24,14,1,14,1,0,11,1,-5,0,10,sil
16.961848735809326,-10,3,9,12,-5,21,8,6,0,7,0,-8,-28,1,sil
16.961848735809326,-19,-22,-8,-18,-11,16,18,13,9,16,-8,-20,-26,10,sil
16.977065086364746,-6,-26,-10,-9,-3,5,10,4,15,17,-3,-14,-29,19,sil
16.977065086364746,16,-7,4,6,3,-1,-4,7,19,23,18,20,-19,21,sil
16.99220061302185,20,6,6,0,2,-10,-8,11,12,8,26,31,-23,13,sil
16.99220061302185,19,17,12,1,1,-9,0,0,6,-7,21,21,-49,5,sil
17.00821828842163,20,28,30,24,9,-3,1,-8,-4,0,23,22,-14,0,sil
17.00821828842163,9,30,24,41,16,2,1,-6,-14,13,23,19,78,0,sil
17.02381920814514,3,18,10,33,12,18,21,4,9,22,16,2,103,7,sil
17.02381920814514,4,5,0,19,4,31,39,13,37,35,2,-14,52,13,sil
17.03903365135193,-3,-3,-9,10,6,18,33,11,30,30,-15,-19,30,8,sil
17.03903365135193,-7,-14,-11,-2,4,-5,16,4,17,18,-13,-8,40,7,sil
17.054680585861206,-3,-21,-15,-21,-11,-15,5,0,15,14,2,1,30,4,sil
17.054680585861206,-10,-24,-20,-33,-17,-6,-1,0,1,4,-9,-2,2,-5,sil
17.07008671760559,-17,-22,-18,-23,-9,-2,-9,0,-8,-5,-32,-12,-15,-9,sil
17.07008671760559,-15,-9,-9,-12,-3,-12,-24,-6,-14,-14,-19,-2,-11,-7,sil
17.085798978805542,-8,0,-4,-18,-3,-14,-31,-10,-18,-25,7,17,0,-6,sil
17.085798978805542,4,-4,-2,-25,-6,-9,-19,-4,-7,-27,4,16,0,-1,sil
17.101244688034058,16,-3,4,-16,-6,-13,-10,0,0,-25,-2,4,-6,-3,sil
17.101244688034058,7,11,8,4,-1,-12,-11,-6,-11,-22,4,3,-13,-9,sil
17.116989612579346,-8,13,3,10,2,3,-9,-10,-24,-14,4,-2,-24,-10,sil
17.116989612579346,-7,1,2,0,5,19,-3,-6,-23,-15,-1,-10,-31,-11,sil
17.133233070373535,2,8,9,11,5,18,1,-4,-19,-20,-2,-6,-24,-6,sil
17.133233070373535,1,19,15,27,4,6,4,-7,-15,-12,-3,-11,-24,-4,sil
17.148744344711304,0,7,8,14,2,8,9,0,-1,0,-7,-18,-27,-7,sil
17.148744344711304,4,-1,2,8,4,23,22,16,16,9,-5,-5,-11,5,sil
17.163914680480957,9,2,6,23,12,18,34,21,27,26,2,6,12,26,sil
17.163914680480957,6,0,0,14,5,0,27,8,23,38,3,1,15,20,sil
17.17944097518921,-2,-14,-14,-12,-10,-7,10,-1,5,19,-13,-7,-3,0,sil
17.17944097518921,-4,-21,-16,-19,-8,-12,2,0,1,5,-20,-7,-7,-2,sil
17.194756031036377,5,-7,-5,-11,0,-22,-10,-1,13,17,8,9,16,8,sil
17.194756031036377,11,10,9,-3,-6,-26,-35,-9,6,12,33,26,25,3,sil
17.210859775543213,0,11,7,0,-12,-21,-43,-7,-7,-11,20,14,3,-12,sil
17.22607398033142,-13,6,1,0,-6,-6,-29,-2,-10,-24,5,-4,-12,-17,sil
17.22607398033142,-6,6,8,8,2,7,-4,-4,-11,-18,0,-10,-12,-8,sil
17.22607398033142,6,3,10,23,10,21,19,-2,-16,-4,-9,-9,-4,7,sil
17.242173433303833,-4,-5,-2,6,14,31,29,7,-12,10,-9,-5,6,19,sil
17.242173433303833,-26,-11,-26,-14,6,20,25,5,-1,15,-11,-16,7,8,sil
17.257715463638306,-19,-13,-30,-14,-6,-3,12,-1,0,4,-20,-24,0,-7,sil
17.257715463638306,8,-7,-9,-11,-14,-10,0,9,11,4,-6,2,14,4,sil
17.273043394088745,24,0,3,-14,-11,-9,-9,18,29,16,21,31,38,21,sil
17.28893256187439,15,0,0,-18,-2,-21,-15,4,23,7,23,25,29,5,sil
17.28893256187439,9,4,0,-11,0,-22,-11,-4,9,-11,13,17,6,-10,sil
17.304169416427612,18,23,15,5,2,-5,-3,0,13,-12,21,29,7,0,sil
17.304169416427612,17,18,21,6,6,-3,-5,-3,6,-16,20,29,8,0,sil
17.304169416427612,-3,0,2,-8,4,-6,-16,-18,-23,-39,-4,1,-16,-23,sil
17.319907188415527,-16,0,3,-6,4,6,-15,-21,-36,-35,-17,-13,-37,-30,sil
17.335038900375366,-2,13,19,21,12,15,4,-6,-18,4,-5,-4,-23,-8,sil
17.335038900375366,6,12,13,37,19,20,19,3,-8,20,0,-5,-3,7,sil
17.350621223449707,-4,-3,-2,18,20,29,22,6,-2,6,-10,-19,-5,7,sil
17.350621223449707,-25,-24,-12,-7,8,19,27,5,11,15,-23,-30,-17,0,sil
17.36615538597107,-32,-29,-18,-11,-7,2,24,4,11,27,-29,-35,-20,-7,sil
17.36615538597107,-20,-22,-20,-3,-11,8,8,2,4,13,-29,-35,-15,-5,sil
17.382290601730347,-11,-18,-16,-10,-11,3,-6,0,2,-1,-26,-29,-15,1,sil
17.382290601730347,-8,-11,-11,-11,-18,-12,-9,0,0,0,-20,-15,-11,2,sil
17.39768624305725,9,0,-5,-1,-15,-5,0,5,3,6,-2,1,14,11,sil
17.39768624305725,17,-3,1,-7,-8,-3,-4,6,6,5,17,10,31,19,sil
17.413240432739258,7,-1,2,-8,-8,-17,-11,4,5,6,22,9,24,12,sil
17.413240432739258,17,14,8,0,-6,-17,-8,2,0,0,23,20,21,9,sil
17.428752899169922,28,15,16,-3,-3,-18,-20,-1,-10,-15,31,34,25,4,sil
17.428752899169922,13,5,7,0,-8,-29,-26,-5,-11,-7,33,26,16,-2,sil
17.444778203964233,7,10,8,12,-2,-20,-8,-4,0,-3,24,22,4,-3,sil
17.444778203964233,16,21,19,9,10,2,-3,-8,-4,-18,14,25,1,-5,sil
17.460419416427612,5,18,14,4,11,12,-3,-8,-12,-17,10,18,-2,-8,sil
17.460419416427612,-4,17,6,20,8,15,12,0,0,-3,6,12,-11,-7,sil
17.476273775100708,0,19,9,37,14,20,18,1,10,6,2,12,-11,0,sil
17.476273775100708,0,12,16,28,18,15,9,0,4,15,1,8,-5,7,sil
17.491936206817627,-4,1,7,12,5,1,6,-1,-8,3,-5,-3,-7,3,sil
17.491936206817627,-3,-5,-3,7,-12,-2,3,-2,-18,-18,-15,-14,-17,-5,sil
17.507704734802246,-5,-7,-3,5,-9,9,5,4,-1,-4,-12,-12,-11,3,sil
17.507704734802246,-9,-13,-15,-3,4,17,16,15,29,18,-9,-7,4,14,sil
17.52383804321289,-7,-24,-27,-20,3,6,16,5,20,4,-21,-15,0,3,sil
17.52383804321289,-9,-19,-22,-30,-3,-5,5,-3,-4,0,-28,-21,-13,-6,sil
17.53899621963501,-12,-12,-25,-32,-3,-12,-10,0,0,7,-17,-17,-1,-6,sil
17.53899621963501,-6,-19,-30,-40,0,-24,-29,-1,2,-9,-4,-15,14,-12,sil
17.555121421813965,5,-9,-17,-39,0,-25,-29,-3,-4,-13,5,-11,16,-9,sil
17.555121421813965,12,17,5,-15,7,-2,-11,1,0,6,17,0,12,0,sil
17.571090698242188,0,16,4,2,13,13,0,-2,-5,3,2,-12,-5,-8,sil
17.571090698242188,-24,-6,-13,-2,4,13,1,-9,-16,0,-32,-42,-27,-23,sil
17.586294174194336,-30,-11,-8,-7,0,18,9,5,-1,20,-37,-31,-18,-7,sil
17.586294174194336,-13,-8,6,0,3,25,25,13,21,28,-9,-2,4,16,sil
17.601898908615112,-5,-16,6,-4,1,16,28,0,18,14,0,-1,2,11,sil
17.601898908615112,-9,-22,0,-10,-12,0,14,-6,0,0,-17,-8,-13,-4,sil
17.617204666137695,-1,-10,-1,0,-22,-9,-4,0,-4,-10,-16,2,-8,-4,sil
17.617204666137695,14,7,17,15,-12,-10,-15,2,1,-12,21,33,12,6,sil
17.63279414176941,34,19,41,33,0,-4,0,7,13,2,57,60,31,21,sil
17.63279414176941,42,26,44,36,-1,-8,1,4,8,0,58,60,33,26,sil
17.647919178009033,26,26,31,22,-6,-20,-21,-5,-18,-24,36,38,15,5,sil
17.647919178009033,14,20,17,25,-6,-21,-23,-11,-31,-35,16,16,-6,-9,sil
17.663174867630005,13,17,17,33,0,-12,-8,-12,-24,-29,9,7,-14,-3,sil
17.663174867630005,0,14,4,15,0,-5,-7,-7,-17,-17,5,0,-11,-1,sil
17.678832292556763,-19,0,-16,-4,0,4,-6,-2,-19,-5,-16,-15,-21,-10,sil
17.678832292556763,-22,-9,-22,0,1,22,10,-2,-10,3,-36,-31,-27,-13,sil
17.694764852523804,-11,-3,-17,11,0,23,24,2,12,19,-21,-26,-3,-1,sil
17.694764852523804,-6,-4,-15,3,4,4,22,11,20,32,-2,-12,15,11,sil
17.710355281829834,-5,-21,-23,-19,10,0,21,15,28,30,-11,-11,10,19,sil
17.710355281829834,-1,-26,-31,-33,2,2,12,17,44,23,-15,-10,15,14,sil
17.725749015808105,0,-13,-24,-24,-2,-6,-8,10,31,16,5,3,29,1,sil
17.725749015808105,0,3,-6,-9,9,-9,-17,-1,8,7,27,12,28,-4,sil
17.741888284683228,3,16,7,-12,16,-5,-8,-1,5,-7,26,13,19,0,sil
17.741888284683228,7,12,4,-20,2,-10,-8,0,0,-17,8,9,6,-3,sil
17.75694704055786,6,1,1,-15,-3,-10,-13,-8,-16,-14,-3,2,-14,-15,sil
17.75694704055786,6,6,13,3,3,-2,-8,-12,-17,-8,-2,0,-24,-14,sil
17.773184537887573,12,16,21,22,11,0,-3,-5,-6,-4,1,6,-14,-1,sil
17.773184537887573,8,8,16,15,10,5,-6,-7,-11,-8,0,9,-15,0,sil
17.789069175720215,-5,0,8,-1,3,8,-9,-15,-25,-8,-5,-1,-22,-6,sil
17.789069175720215,-8,0,3,2,-4,4,-8,-13,-28,-1,-12,-8,-14,-4,sil
17.804681062698364,-3,0,9,18,-7,9,1,-1,-23,-3,-10,-4,-2,2,sil
17.804681062698364,-3,-9,4,15,-3,18,15,2,-16,-1,-9,-13,-1,5,sil
17.82020878791809,-11,-13,-10,-1,-5,8,15,0,-7,6,-13,-23,0,5,sil
17.82020878791809,-17,-13,-16,-8,-14,-1,13,6,9,7,-9,-17,1,1,sil
17.836202144622803,-15,-11,-13,-7,-13,3,19,13,21,2,-9,-20,-2,-4,sil
17.836202144622803,-17,-11,-11,-8,-3,11,19,11,18,4,-25,-36,-14,-9,sil
17.85177779197693,-23,-13,-15,-7,-1,11,17,8,15,6,-34,-37,-19,-13,sil
17.85177779197693,-11,-14,-8,-13,-3,1,5,4,14,0,-15,-9,-4,-6,sil
17.86703133583069,11,-6,1,-16,-3,-9,-11,0,10,-2,11,24,18,8,sil
17.86703133583069,14,1,2,0,-5,-9,-11,0,7,7,14,28,22,14,sil
17.88216280937195,3,-1,1,5,-1,-1,0,7,10,11,2,11,10,10,sil
17.88216280937195,6,-5,-4,-10,0,-6,-1,8,16,5,5,6,9,8,sil
17.89767837524414,17,5,-5,-16,-6,-19,-16,-3,10,-2,18,16,14,2,sil
17.89767837524414,21,15,7,1,-5,-20,-17,-7,0,-2,23,26,13,0,sil
17.91290044784546,12,14,9,10,5,-12,-6,-4,-12,-14,19,26,5,4,sil
17.91290044784546,2,18,5,3,11,-9,-5,-7,-19,-30,13,18,0,2,sil
17.930335998535156,16,23,13,14,9,-7,-8,-4,-7,-2,17,16,9,1,sil
17.930335998535156,23,15,17,12,9,-2,-7,0,1,20,23,20,15,6,sil
17.9441978931427,12,7,9,-3,7,0,-4,-1,0,0,17,15,5,1,sil
17.9441978931427,5,11,10,7,3,-1,-1,0,0,-4,20,11,6,1,sil
17.959709405899048,0,14,15,18,-1,-3,-10,-4,-14,3,20,8,2,4,sil
17.959709405899048,-14,1,0,1,-3,-1,-14,-9,-25,-14,-5,-10,-15,-8,sil
17.97573971748352,-22,-12,-10,0,4,8,2,-4,-11,-21,-20,-29,-22,-19,sil
17.97573971748352,-21,-14,-6,9,12,21,19,2,3,-1,-17,-29,-21,-14,sil
17.991936922073364,-15,-9,-10,3,2,26,21,3,12,9,-24,-24,-23,-7,sil
17.991936922073364,-2,-2,1,4,0,22,17,6,14,7,-23,-13,-14,-4,sil
18.00753164291382,10,9,18,28,13,14,15,9,7,11,-1,0,3,5,sil
18.00753164291382,9,13,7,39,14,9,15,5,4,25,10,3,13,19,sil
18.0226731300354,-6,0,-11,21,0,10,9,1,7,25,-1,-9,6,10,sil
18.0226731300354,-18,-14,-19,-7,-6,4,0,0,1,7,-22,-23,-12,-9,sil
18.038699626922607,-8,-21,-17,-26,-10,-5,0,0,-7,-1,-25,-17,-18,-8,sil
18.038699626922607,0,-22,-19,-33,-19,-7,7,0,-7,9,-11,-2,0,6,sil
18.05390453338623,-3,-22,-27,-42,-28,-11,3,1,0,5,-10,4,10,9,sil
18.05390453338623,0,-23,-22,-50,-22,-21,-5,7,13,-11,-11,6,5,0,sil
18.069997787475582,12,-6,1,-27,-4,-20,-11,4,13,-5,8,12,6,-4,sil
18.069997787475582,12,21,24,3,5,-18,-20,-4,-9,-17,23,21,9,-2,sil
18.089852571487427,0,16,21,13,2,-13,-19,-9,-25,-68,8,15,3,-1,sil
18.09085249900818,-11,-4,2,6,2,5,-6,-9,-20,-49,-16,-12,-9,-8,sil
18.10188579559326,-18,-4,-4,-3,6,20,0,1,-3,45,-26,-30,-16,-12,sil
18.10188579559326,-6,0,-8,-13,1,7,1,9,24,61,-10,-14,0,0,sil
18.116501092910767,16,0,0,-13,0,-14,-4,0,30,-15,27,16,33,10,sil
18.116501092910767,23,11,16,0,1,-17,-19,-7,0,-29,51,30,40,10,sil
18.132200241088867,9,25,22,13,1,-4,-17,-7,-22,18,36,19,10,6,sil
18.132200241088867,-1,21,21,19,9,7,1,-9,-19,16,5,1,-21,-3,sil
18.147706747055054,-7,11,14,27,15,23,18,-6,-12,-12,-7,-15,-29,-16,sil
18.147706747055054,-15,1,2,31,6,36,26,5,-8,-2,-7,-22,-22,-11,sil
18.16389226913452,-11,-11,-8,11,0,21,28,10,1,13,-13,-9,-11,3,sil
18.16389226913452,0,-19,-13,-10,-4,-4,9,3,9,0,-21,0,-5,4,sil
18.17935562133789,-2,-13,-11,-6,-6,-9,-2,0,5,-19,-16,0,-3,1,sil
18.1951117515564,0,-5,-10,5,-2,-2,11,5,17,5,-2,7,9,13,sil
18.1951117515564,18,-3,-1,3,2,0,9,12,38,32,11,22,26,21,sil
18.21108317375183,19,0,1,0,0,-6,-13,7,29,15,12,20,19,12,sil
18.21108317375183,8,6,-6,-1,-4,-23,-19,0,4,0,3,8,3,3,sil
18.21108317375183,15,14,0,-5,0,-24,-8,4,0,3,9,15,13,2,sil
18.22579979896545,25,20,12,-1,2,-13,-3,5,5,0,27,27,28,9,sil
18.241857290267944,12,15,4,-2,-5,-16,-14,-6,-6,-11,23,15,10,0,sil
18.241857290267944,-9,5,-4,-11,-12,-17,-21,-17,-26,-17,1,-5,-19,-28,sil
18.74106240272522,6,11,-1,4,7,-16,-16,-13,-30,-25,10,4,-9,-16,sil
18.74106240272522,-20,5,-4,1,0,-17,-24,-22,-42,-29,-12,-17,-29,-30,sil
18.756995677948,-16,0,-6,-4,-4,-11,-16,-1,-24,-20,-13,-16,-28,-23,sil
18.756995677948,0,6,4,7,0,2,6,12,-6,-3,0,-9,-20,-11,sil
18.772151231765747,-13,1,4,16,2,16,10,0,-10,3,-14,-21,-21,-12,sil
18.772151231765747,-31,-19,-7,-5,-5,11,0,0,-6,6,-31,-30,-20,-9,sil
18.78776478767395,-15,-28,-13,-23,-14,6,10,13,20,17,-11,-15,-2,7,sil
18.78776478767395,0,-22,-6,-19,-9,19,24,15,33,30,4,0,11,16,sil
18.802926301956177,-4,-19,-7,-16,-1,13,18,6,22,29,1,2,16,9,sil
18.802926301956177,0,-12,-5,-15,-5,-17,0,-2,9,16,4,10,18,8,sil
18.818620920181274,16,-5,9,-14,-10,-27,-13,-8,-2,-3,9,19,10,3,sil
18.818620920181274,22,0,8,-9,-5,-13,-18,-6,-6,-22,12,15,0,-10,sil
18.833832502365112,14,13,1,0,0,-5,-19,-7,-3,-23,18,16,0,-11,sil
18.833832502365112,6,22,6,5,2,-3,-16,-15,-12,-19,13,16,-2,-7,sil
18.84925389289856,0,23,10,14,11,2,-9,-18,-26,-25,-4,0,-14,-13,sil
18.865423440933228,-7,22,13,27,19,11,1,-10,-30,-19,-13,-10,-14,-10,sil
18.865423440933228,-8,8,7,23,10,20,21,7,-11,1,-11,-10,-3,6,sil
18.865423440933228,-5,-11,-12,2,-1,15,27,17,12,9,-11,-9,0,13,sil
18.88025426864624,-10,-18,-16,-8,-2,1,13,13,23,12,-14,-7,0,9,sil
18.89715147018433,-5,-10,-2,-3,-3,-3,6,11,24,28,0,0,16,17,sil
18.89715147018433,22,5,9,1,-5,-7,1,11,20,26,27,21,37,26,sil
18.89715147018433,33,22,12,4,2,-13,-9,1,10,1,35,37,33,19,sil
18.91110730171204,15,28,16,4,7,-6,-14,-5,-2,-12,26,22,13,4,sil
18.927196264266968,0,22,16,9,4,8,-9,-3,-9,-9,9,-3,-5,-6,sil
18.927196264266968,-11,7,1,10,6,11,-4,-6,-14,-12,-19,-23,-25,-23,sil
18.943166494369507,-20,-5,-1,6,10,9,1,-9,-15,-17,-35,-27,-28,-30,sil
18.943166494369507,-10,-3,3,12,6,14,16,-1,0,8,-11,-14,-3,-7,sil
18.95877814292908,-3,-5,2,12,-2,10,21,2,9,34,4,0,3,11,sil
18.95877814292908,-8,-18,-7,-3,-8,2,10,4,5,24,-8,0,-8,5,sil
18.973975658416748,0,-17,-19,-13,-1,3,4,9,14,14,-5,4,1,12,sil
18.973975658416748,5,-8,-13,-21,0,-1,0,9,25,12,10,9,15,20,sil
18.989702701568604,-3,-13,-11,-27,-12,-20,-14,0,11,-9,-1,-1,0,0,sil
18.989702701568604,-6,-16,-18,-18,-14,-30,-28,-6,-6,-31,-13,-9,-18,-23,sil
19.00494623184204,2,-7,-3,-9,-1,-18,-21,-6,-3,-18,8,2,-13,-19,sil
19.00494623184204,11,8,14,0,3,-1,-2,-3,4,2,24,5,-2,-8,sil
19.020432710647583,8,18,16,12,2,-4,1,-6,-6,-1,19,1,5,1,sil
19.020432710647583,6,7,15,13,0,-11,4,-7,-9,-7,16,6,8,10,sil
19.036115884780884,4,-8,9,7,-4,-1,13,0,-3,0,-1,-2,-3,8,sil
19.036115884780884,-7,-7,-5,7,-1,12,10,1,-23,2,-31,-20,-16,-2,sil
19.05179452896118,-10,-2,-17,5,-3,18,7,1,-30,2,-31,-18,-3,0,sil
19.05179452896118,0,-7,-13,-12,-5,18,12,8,-3,0,-17,-1,10,12,sil
19.06675696372986,3,-7,-10,-26,-1,13,5,9,10,-6,-15,1,6,5,sil
19.06675696372986,3,6,-9,-11,0,3,-9,0,3,-9,-3,6,7,-6,sil
19.082983016967773,8,20,7,9,3,-3,-14,0,4,-9,16,24,15,-3,sil
19.082983016967773,2,15,6,4,1,-13,-21,0,0,-18,15,19,7,-4,sil
19.09900593757629,-13,2,-1,-2,-1,-19,-28,-8,-15,-13,6,0,-7,-18,sil
19.09900593757629,-12,5,11,13,4,-2,-11,-6,-11,11,6,-4,-3,-11,sil
19.114457607269287,0,12,16,24,9,14,9,0,1,19,5,-1,0,7,sil
19.114457607269287,-3,0,2,14,4,10,10,-4,-1,0,0,-7,-17,4,sil
19.130107879638672,-7,-13,-2,12,4,8,16,-1,0,1,-5,-14,-16,0,sil
19.130107879638672,0,-16,-1,5,2,11,25,3,14,19,-12,-13,0,6,sil
19.145711183547974,-2,-15,-11,-17,-9,-5,13,3,17,11,-13,-8,-2,3,sil
19.145711183547974,-9,-13,-17,-30,-12,-18,-1,11,14,0,-5,-2,-1,1,sil
19.16172885894776,1,-9,-5,-25,0,-3,0,14,17,3,1,7,14,6,sil
19.16172885894776,13,0,2,-9,8,0,0,0,11,5,6,15,19,0,sil
19.17768859863281,10,16,9,5,8,-13,-9,-6,-2,-3,18,18,11,-6,sil
19.17768859863281,13,31,22,8,10,-9,-6,-1,-6,-6,27,18,6,0,sil
19.193692207336422,14,27,18,10,10,7,5,-5,-4,-1,12,3,0,2,sil
19.193692207336422,-2,0,2,6,2,13,6,-6,-11,-1,-5,-9,-8,-3,sil
19.209404468536377,-13,-17,-6,-1,-5,12,6,4,0,12,-6,-2,-5,-2,sil
19.209404468536377,-3,-10,-6,-7,-5,6,5,6,21,22,0,7,5,12,sil
19.224592685699463,5,-6,-7,-7,-9,-6,-7,-1,6,-1,0,2,5,13,sil
19.224592685699463,8,0,-4,0,-11,-17,-20,-5,-16,-20,3,1,0,0,sil
19.239733934402462,6,23,15,13,1,-12,-17,-2,-7,-1,18,11,0,-3,sil
19.239733934402462,0,22,16,20,4,6,0,1,-1,4,9,-2,-4,3,sil
19.25573420524597,-12,-9,-8,7,-7,18,10,0,-10,-12,-23,-28,-13,0,sil
19.25573420524597,-17,-24,-18,-6,-9,7,11,0,1,-5,-28,-26,-10,-7,sil
19.27217173576355,-3,-15,-9,-12,-4,-7,0,1,10,7,0,0,0,-3,sil
19.27217173576355,7,-1,2,-6,0,-5,-12,-3,-14,-16,11,13,3,-7,sil
19.28730654716492,6,10,13,18,13,2,-3,-6,-26,-31,-4,-2,-7,-11,sil
19.28730654716492,6,11,17,35,18,10,19,0,-7,3,-12,-11,-9,5,sil
19.30275082588196,10,0,7,17,10,12,22,10,13,30,-3,7,7,21,sil
19.30275082588196,2,-12,-16,-7,0,-1,0,8,22,12,-2,12,14,11,sil
19.318799018859863,-11,-19,-27,-26,-10,-21,-19,0,8,-8,-9,1,1,-6,sil
19.318799018859863,-10,-15,-16,-33,-12,-20,-20,-1,-4,-3,-3,3,0,-8,sil
19.334518909454346,0,0,-2,-17,-2,-8,-10,0,-2,0,4,1,3,-7,sil
19.334518909454346,1,10,3,-2,5,-4,-3,-3,-4,-9,5,-3,-4,-14,sil
19.34971570968628,-2,13,2,-2,2,-3,-4,-13,-15,0,8,0,-7,-14,sil
19.34971570968628,-2,15,7,2,-2,2,-5,-12,-16,2,12,-1,-7,-10,sil
19.36573529243469,-3,11,12,15,0,12,10,0,-2,-3,4,-10,-8,-8,sil
19.36573529243469,-10,0,2,12,1,19,25,5,9,4,-8,-12,-3,1,sil
19.38057541847229,-15,-11,-4,0,-6,15,13,1,5,15,-15,-14,-4,5,sil
19.38057541847229,-12,-17,-4,-3,-15,4,3,0,2,11,-18,-18,-11,0,sil
19.395724058151245,-4,-18,-6,-12,-10,3,8,6,11,5,-16,-6,-1,4,sil
19.395724058151245,7,-12,-6,-15,0,7,9,12,22,5,-1,13,20,25,sil
19.41085982322693,20,-1,1,-2,4,0,0,8,24,13,17,28,32,33,sil
19.41085982322693,17,2,3,0,6,-13,-11,6,16,9,18,23,23,15,sil
19.426143646240234,7,0,-10,-10,0,-14,-18,5,7,-10,10,7,9,-2,sil
19.426143646240234,10,3,-8,-17,0,-10,-12,-2,1,-19,13,12,6,0,sil
19.44206953048706,16,18,11,-5,9,-9,-1,-7,-8,-10,16,26,6,1,sil
19.44206953048706,6,27,14,12,9,-4,0,-11,-24,-20,9,10,-5,-16,sil
19.45724868774414,-7,20,10,16,4,4,-1,-17,-33,-33,-1,-10,-20,-24,sil
19.45724868774414,-10,11,7,12,1,8,0,-7,-25,-13,-8,-11,-21,-10,sil
19.47298765182495,-11,9,2,14,4,7,0,7,-14,4,-5,-7,-16,0,sil
19.47298765182495,-5,9,6,23,10,6,6,4,-1,1,3,-8,-13,-2,sil
19.48847198486328,0,1,6,21,7,3,12,-2,8,6,4,-10,-4,-3,sil
19.48847198486328,-12,-13,-1,3,-2,5,1,0,1,11,-7,-14,-3,-2,sil
19.5041573047638,-13,-15,-3,2,-4,12,13,5,2,15,-10,-12,-6,6,sil
19.5041573047638,14,-3,7,13,3,8,26,6,24,26,5,4,9,22,sil
19.51972341537476,23,-6,6,0,-1,-2,0,4,28,27,8,16,24,18,sil
19.51972341537476,-2,-18,-11,-21,-13,-11,-19,2,7,11,-11,0,8,1,sil
19.53583192825317,-12,-16,-15,-21,-11,-15,-12,0,-10,-3,-24,-17,-9,-6,sil
19.53583192825317,1,-5,-11,-12,-13,-18,-14,0,-10,-6,-17,-8,-3,-6,sil
19.550976514816284,9,0,-9,-12,-19,-20,-24,-2,-4,-6,-2,8,3,-9,sil
19.550976514816284,9,0,-2,-13,-7,-11,-21,-2,-3,-15,9,14,4,-12,sil
19.566609382629395,15,2,4,0,11,3,-13,-1,-4,-19,21,15,10,-6,sil
19.58273935317993,6,14,14,9,15,2,-7,-4,-9,-14,25,15,10,-1,sil
19.582799911499023,-9,15,15,6,7,-1,6,-8,-13,-11,5,-1,-2,-4,sil
19.582799911499023,-9,4,9,9,3,14,22,-4,-5,-2,-19,-20,-12,-2,sil
19.597845554351807,-3,0,5,15,3,25,29,6,9,16,-13,-12,-3,10,sil
19.597845554351807,-5,1,-2,2,5,19,32,12,21,25,2,0,8,21,sil
19.613242626190186,-12,-5,-13,-15,3,15,26,5,18,17,-6,-9,6,10,sil
19.613242626190186,-19,-19,-27,-19,-7,5,7,-3,0,2,-26,-22,-9,-8,sil
19.62866187095642,-16,-19,-28,-13,-14,-5,-2,0,0,-1,-20,-10,-12,-2,sil
19.643807411193848,3,-8,-3,-10,0,-1,0,15,19,7,5,14,6,15,sil
19.643807411193848,9,-7,-3,-14,5,0,0,13,19,4,13,13,10,7,sil
19.65925145149231,-3,-12,-20,-18,-7,-19,-17,-4,1,-20,0,-1,-4,-14,sil
19.65925145149231,-1,3,-7,-2,-11,-28,-33,-11,-9,-30,3,0,-7,-18,sil
19.674484491348267,5,22,7,12,0,-14,-36,-14,-19,-24,16,3,-6,-13,sil
19.674484491348267,3,20,12,9,5,-2,-15,-14,-23,-19,17,10,-9,-14,sil
19.6902813911438,12,22,27,21,6,1,4,-8,-14,-2,18,22,0,-3,sil
19.6902813911438,14,32,40,39,10,10,-3,-4,-15,4,16,21,0,5,sil
19.70573830604553,0,16,21,28,11,19,-3,-2,-18,0,0,1,-9,0,sil
19.70573830604553,-7,-8,-1,10,6,18,20,0,-8,6,-10,-13,-1,1,sil
19.72180485725403,-8,-18,-6,1,2,5,22,5,2,17,-13,-15,3,9,sil
19.72180485725403,-11,-21,-9,-9,-5,-6,9,9,9,21,-16,-18,-4,6,sil
19.73734331130981,-7,-17,-14,-14,-11,-3,15,16,19,25,-14,-19,-1,5,sil
19.73734331130981,6,-10,-11,-11,-6,2,20,23,37,34,0,0,20,16,sil
19.75322723388672,18,-9,-1,-22,-4,-4,6,20,37,32,14,21,32,19,sil
19.75322723388672,21,1,12,-20,-5,-16,-9,2,5,1,18,24,16,7,sil
19.76867175102234,19,20,12,6,4,-16,-18,-12,-17,-25,14,17,1,0,sil
19.76867175102234,9,16,5,7,6,-8,-27,-19,-21,-29,8,14,0,-8,sil
19.784724473953247,3,13,13,0,-4,5,-21,-17,-24,-29,6,8,-4,-8,sil
19.784724473953247,6,23,18,27,3,14,0,-10,-16,-25,0,1,-5,-1,sil
19.800817728042603,-1,12,10,34,12,8,7,-7,-5,-15,-10,-3,-8,-10,sil
19.800817728042603,-15,-11,-7,2,0,4,0,-6,-2,-3,-15,-14,-16,-17,sil
19.816006422042847,-15,-13,-17,-5,0,15,4,4,0,7,-13,-16,-14,0,sil
19.816006422042847,-11,-7,-14,3,9,23,22,16,11,15,-16,-13,-3,11,sil
19.83213233947754,-9,-11,-13,-1,2,11,23,13,22,17,-17,-18,2,4,sil
19.83213233947754,-8,-17,-14,-16,-4,-5,9,7,23,16,-14,-16,5,7,sil
19.84805059432984,-6,-20,-21,-28,-12,-14,5,4,14,11,-16,-11,0,9,sil
19.84805059432984,-3,-18,-19,-36,-23,-22,0,0,2,0,-9,-3,-1,-3,sil
19.86325025558472,-3,-14,-15,-30,-16,-33,-21,-5,-8,-2,9,6,7,-14,sil
19.86325025558472,-4,-6,-17,-20,-2,-34,-30,-14,-22,-11,13,1,2,-21,sil
19.87893438339233,-2,7,0,-7,1,-21,-22,-20,-38,-34,4,-5,-13,-27,sil
19.87893438339233,0,16,23,12,3,0,-14,-12,-35,-34,4,0,-13,-22,sil
19.894105672836304,0,15,22,21,11,16,-8,-2,-10,-3,7,1,-7,-10,sil
19.894105672836304,-5,15,17,19,16,26,6,2,6,16,5,-1,-7,0,sil
19.91011619567871,-4,15,20,29,11,34,28,14,22,23,10,4,3,16,sil
19.91011619567871,3,3,16,24,8,31,36,26,40,36,14,12,20,34,sil
19.926124334335327,11,-10,-1,-3,3,11,25,20,35,38,5,9,20,26,sil
19.926124334335327,3,-16,-14,-16,-10,-6,4,8,14,8,-5,-1,9,9,sil
19.942336320877075,0,-16,-7,-11,-15,-10,-5,5,15,-7,0,-2,5,9,sil
19.942336320877075,5,-7,-1,-11,-4,-14,-5,0,16,0,11,10,11,8,sil
19.957711458206177,9,8,1,-12,-2,-25,-16,-12,-18,-17,8,16,6,-7,sil
19.957711458206177,7,20,9,4,-4,-10,-19,-17,-40,-38,0,5,-11,-17,sil
19.9730064868927,8,22,15,20,7,15,-4,-14,-23,-18,0,-2,-19,-13,sil
19.9730064868927,9,22,22,24,16,5,-2,-14,-21,-3,2,2,-12,-8,sil
19.98798894882202,8,18,19,32,4,-7,-10,-14,-30,-16,-1,4,-14,0,sil
19.98798894882202,3,8,7,28,-2,9,-2,-4,-16,-11,-3,2,-15,7,sil
20.00411868095398,-1,0,-4,9,3,17,12,3,6,13,0,2,-1,7,sil
20.00411868095398,0,-10,-10,4,2,0,17,9,20,23,1,1,9,14,sil
20.020108222961422,4,-11,-5,8,-5,-7,8,15,27,15,0,3,18,25,sil
20.020108222961422,10,-2,-8,6,-10,0,4,17,34,18,0,10,31,24,sil
20.03512740135193,4,-4,-19,-6,-3,1,7,15,31,26,4,15,27,15,sil
20.03512740135193,-5,-14,-24,-23,-2,-4,-1,7,12,9,6,12,9,0,sil
20.050716400146484,-4,-10,-22,-23,-11,-11,-20,-7,-12,-21,0,6,-2,-17,sil
20.050716400146484,-5,-1,-18,-18,-10,-14,-25,-19,-26,-37,-8,-1,-15,-27,sil
20.066696166992188,-19,-8,-24,-28,1,-18,-20,-17,-31,-34,-14,-20,-28,-29,sil
20.066696166992188,-22,-3,-18,-27,7,-11,-13,-13,-38,-28,-19,-27,-31,-36,sil
20.08219075202942,-5,8,0,-7,7,9,0,-8,-26,-10,-22,-18,-20,-23,sil
20.08219075202942,-1,0,0,-1,10,19,13,0,0,13,-17,-24,-8,2,sil
20.103718042373657,-16,-18,-12,-14,13,17,9,6,5,16,-10,-35,-7,-1,sil
20.103718042373657,-18,-25,-12,-19,9,23,10,5,5,18,-14,-28,-6,-9,sil
20.103718042373657,-13,-23,-6,-29,0,20,20,7,20,37,-15,-21,4,6,sil
20.11286783218384,-10,-18,-1,-29,-4,1,18,15,30,40,-9,-22,10,16,sil
20.128456354141235,0,-4,7,-4,0,-3,13,19,32,26,-2,-13,10,14,sil
20.128456354141235,7,4,19,6,-2,0,15,16,38,20,9,6,21,14,sil
20.14366245269776,10,5,24,4,-11,-12,1,5,25,5,22,15,25,6,sil
20.14366245269776,13,11,33,19,-8,-23,-16,-11,-13,-28,23,16,6,-7,sil
20.15881323814392,15,18,40,27,-2,-10,-17,-26,-37,-46,18,27,-5,-9,sil
20.15881323814392,12,19,37,13,-9,-4,-16,-24,-29,-39,16,32,0,-7,sil
20.176016807556152,16,24,56,23,-8,-19,-17,-7,-20,-29,27,33,1,-2,sil
20.176016807556152,33,39,77,68,10,-16,-5,4,-3,-1,46,43,8,14,sil
20.189351081848145,34,42,64,72,17,4,0,6,7,20,44,46,16,27,sil
20.189351081848145,9,21,38,33,5,15,2,12,1,0,17,25,0,18,sil
20.20527529716492,-7,9,24,22,0,14,16,14,6,-7,0,5,-10,10,sil
20.20527529716492,-6,10,4,20,1,13,19,2,11,11,-12,-4,-4,9,sil
20.220805406570435,-12,-12,-28,-8,-6,5,5,-5,-1,9,-34,-26,-18,0,sil
20.2218074798584,-22,-41,-52,-37,-14,0,4,-3,-2,2,-38,-35,-25,-7,sil
20.23619151115417,-18,-39,-61,-47,-11,5,7,0,8,18,-20,-18,0,-1,sil
20.23619151115417,-9,-20,-75,-41,0,3,-6,-2,0,12,-17,-13,8,-5,sil
20.252201080322266,-3,-9,-73,-30,11,-9,-25,-9,-12,-16,-13,-5,-1,-16,sil
20.252201080322266,7,-6,-58,-25,15,-13,-21,-12,-8,-17,6,9,5,-11,sil
20.268070697784424,7,-2,-63,-20,11,0,-16,-9,-14,-5,5,0,4,-10,sil
20.268070697784424,-11,1,-66,-5,9,7,-22,-8,-22,-7,-11,-19,-16,-20,sil
20.28312492370605,-15,0,-61,7,9,5,-14,0,0,5,-11,-16,-11,-6,sil
20.300042390823364,0,-5,-56,5,8,7,6,12,15,20,-4,-5,4,16,please
20.300042390823364,0,-8,-57,0,-2,15,25,11,1,9,-13,-9,0,12,please
20.300042390823364,-13,-14,-65,-10,-21,7,31,8,-3,-13,-27,-21,-9,0,please
20.315062046051025,-9,-20,-60,-22,-23,-14,16,13,0,-23,-23,-17,-1,-2,please
20.315062046051025,6,0,-32,-14,-11,-21,1,6,0,-2,7,2,11,-5,please
20.32969975471497,16,26,10,10,-1,-10,-3,-3,1,18,38,21,23,0,please
20.3447105884552,13,26,45,24,3,-3,-10,0,1,17,40,18,21,3,please
20.3447105884552,0,7,63,17,6,5,-1,2,6,14,23,1,0,-3,please
20.36140298843384,-9,-1,89,13,10,24,25,2,23,17,-3,-8,-15,-7,please
20.36140298843384,-8,-6,136,11,4,19,31,3,31,13,-19,-7,-9,3,please
20.376704692840576,0,-12,175,-7,-14,-6,5,-2,15,0,-5,2,2,14,please
20.376704692840576,9,-10,219,-24,-17,-16,-10,-9,4,-10,13,19,11,15,please
20.39184284210205,15,3,308,-14,0,-16,-11,0,2,-10,15,28,17,7,please
20.39184284210205,11,20,304,-2,4,-23,-19,4,-11,-7,13,24,13,-2,please
20.40787959098816,7,24,86,2,0,-15,-22,-5,-21,-18,15,16,5,-4,please
20.40787959098816,0,12,-119,8,5,-1,-12,-8,-19,-29,3,4,-1,-1,please
20.42408847808838,-8,3,-158,10,2,-3,-9,-1,-14,-17,-13,-9,-14,-6,please
20.42408847808838,-6,8,-162,9,-3,-4,-12,-4,-13,-8,-12,-13,-19,-11,please
20.43982100486756,0,11,-177,11,2,15,1,-9,-15,-18,-6,-8,-14,-11,please
20.43982100486756,-5,1,-162,12,9,31,19,-4,-9,-14,-15,-12,-17,-8,please
20.45484948158264,-8,-8,-146,5,5,13,7,0,0,10,-18,-17,-19,-3,please
20.45484948158264,0,-9,-124,5,1,-1,-2,0,2,27,-6,-12,-8,0,please
20.47091150283813,0,-8,-93,14,1,5,8,-2,0,18,-3,-6,0,3,please
20.47091150283813,0,-9,-63,9,6,9,8,-2,-2,3,0,4,5,12,please
20.48610758781433,10,-2,-36,12,7,7,0,-1,4,11,22,16,14,22,please
20.48610758781433,6,1,-19,16,0,14,-2,-1,7,20,16,5,2,14,please
20.50235342979431,-6,-7,-8,2,-1,18,0,2,-2,14,-8,-9,-4,-4,please
20.50235342979431,0,-10,9,0,4,8,14,14,9,24,2,5,10,1,please
20.517916917800903,5,-1,24,0,0,-3,16,21,33,26,20,17,16,12,please
20.517916917800903,-10,-4,24,-24,-7,-17,0,13,18,-7,-1,-9,2,-3,please
20.532979726791385,-19,-15,25,-30,-2,-14,-3,4,1,-18,-20,-22,3,-12,please
20.532979726791385,-8,-17,33,-21,-3,-5,8,12,23,15,0,2,16,5,please
20.54893159866333,0,-15,36,-37,-20,-17,5,12,31,16,3,9,10,7,please
20.54893159866333,-7,-14,38,-41,-18,-32,-18,-9,-1,-30,-22,-7,-10,-20,please
20.564223051071167,-4,-6,39,-21,-2,-22,-25,-15,-17,-38,-22,-4,-10,-28,please
20.564223051071167,16,9,47,-15,-1,-9,-11,-5,-8,-9,13,15,13,-2,please
20.579890727996823,21,23,59,-5,-3,-13,-12,-11,-19,-20,27,18,15,8,please
20.579890727996823,9,30,54,21,2,-12,-25,-21,-36,-41,5,2,-11,-8,please
20.59521007537841,10,34,52,30,9,7,-16,-15,-26,-22,-2,-1,-17,-11,please
20.59521007537841,14,28,47,28,13,26,12,-1,0,6,8,6,1,10,please
20.610764503479004,0,16,21,23,12,28,23,7,1,7,4,3,2,17,please
20.610764503479004,-4,11,7,17,12,19,12,3,-12,1,-8,-8,-10,0,please
20.625938415527344,-1,3,3,23,9,11,5,-6,-16,6,-9,-15,-13,-6,please
20.625938415527344,-13,-18,-12,11,-4,7,1,-8,-17,1,-9,-17,-12,-3,please
20.641939878463745,-20,-29,-27,-11,-13,3,3,0,-12,0,-8,-11,-10,0,please
20.641939878463745,-2,-8,-16,1,-4,2,12,7,10,19,4,0,0,10,please
20.65718984603882,5,4,-7,20,4,7,17,14,28,32,12,4,10,14,please
20.65718984603882,0,-8,-20,6,3,8,11,13,23,25,5,4,12,7,please
20.672924757003784,-3,-17,-24,-9,-7,-5,2,5,14,15,2,7,8,3,please
20.672924757003784,-4,-11,-18,-10,-13,-15,-1,1,15,11,0,5,2,4,please
20.68802523612976,1,-3,-25,0,0,0,0,0,18,14,-7,-1,4,2,please
20.68802523612976,9,2,-25,9,13,3,1,4,16,14,0,5,12,3,please
20.70353436470032,4,0,-24,-3,0,-16,-4,8,14,9,10,13,10,5,please
20.70353436470032,-2,-14,-29,-28,-13,-20,-15,-1,0,-2,0,0,0,-6,please
20.71919226646424,0,-12,-23,-21,-4,-3,-14,-9,-18,-21,-5,-9,-2,-19,please
20.71919226646424,0,4,-13,-6,7,0,-3,1,-2,-28,2,0,0,-9,please
20.73484969139099,0,10,-5,-18,4,-2,-2,5,12,-25,2,5,-6,-8,please
20.73484969139099,1,8,-1,-15,-2,0,-8,-7,0,-20,-1,0,-9,-19,please
20.749892473220825,0,11,3,2,4,-1,-10,-9,-13,-16,7,0,-5,-10,please
20.749892473220825,-1,9,14,3,15,1,-8,-4,-17,-12,9,2,-9,-1,please
20.76538324356079,-4,4,13,5,7,11,0,-14,-26,-10,-9,-13,-18,-10,please
20.76538324356079,-11,-1,7,13,-2,11,0,-21,-33,-13,-24,-22,-22,-12,please
20.781024932861328,-12,-15,0,9,-10,0,-2,-11,-25,-11,-25,-16,-24,0,please
20.781024932861328,-9,-15,1,0,-17,-2,4,0,-10,0,-20,-11,-17,10,please
20.7966742515564,0,0,8,1,-13,2,14,13,7,16,-7,-1,5,21,sil
20.7966742515564,12,3,5,1,-5,0,15,22,27,27,9,10,27,24,sil
20.81180524826049,10,-3,0,-4,0,-10,13,22,36,29,17,15,34,21,sil
20.81180524826049,4,0,0,-7,5,-9,13,16,29,28,13,14,32,20,sil
20.827510833740234,12,8,2,-4,5,-8,-2,1,7,4,15,14,20,9,sil
20.827510833740234,15,13,11,-1,1,-11,-18,-9,-12,-24,23,15,5,-5,sil
20.84305047988892,5,22,20,9,11,-1,-6,-7,-7,-16,22,11,5,-6,sil
20.84305047988892,0,25,23,30,25,19,4,-4,-2,5,13,2,3,-7,sil
20.857871294021606,0,16,20,34,19,29,0,-9,-12,12,4,-6,-11,-16,sil
20.87303757667541,-6,3,11,15,5,22,6,-3,-4,22,-2,-9,-8,-8,sil
20.87303757667541,-4,-8,8,3,2,14,19,5,13,26,-4,-1,9,10,sil
20.888452291488647,6,-14,6,4,3,7,17,7,14,10,-5,1,7,16,sil
20.888452291488647,6,-16,-3,-6,-7,-5,1,6,6,-6,-12,0,-2,6,sil
20.903197050094604,1,-21,-18,-21,-21,-16,-8,5,5,-7,-12,-2,0,0,sil
20.903197050094604,5,-19,-16,-21,-19,-16,-10,0,0,-6,0,3,5,1,sil
20.91908097267151,5,-6,-4,-19,-8,-16,-13,-7,-6,-14,3,11,-1,-5,sil
20.91908097267151,0,5,-4,-10,-7,-24,-22,-13,-13,-26,-9,0,-18,-21,sil
20.93422722816468,-6,8,0,0,-5,-19,-25,-13,-24,-33,-12,-12,-24,-27,sil
20.93422722816468,-17,3,-4,0,8,2,-13,-5,-23,-25,-3,-10,-17,-23,sil
20.94992446899414,-27,-3,-21,0,12,13,0,-1,-8,-19,-5,-15,-16,-20,sil
20.94992446899414,-28,-9,-21,2,-3,11,0,0,0,-14,-19,-28,-22,-13,sil
20.965079307556152,-21,-16,-16,-4,-19,12,1,1,2,8,-23,-29,-19,-2,sil
20.965079307556152,-15,-20,-16,-21,-18,8,11,3,3,22,-21,-18,-17,6,sil
20.980774879455566,-1,-11,-5,-19,-15,2,24,13,16,18,-14,-1,-7,20,sil
20.980774879455566,16,3,4,0,-8,6,27,20,30,29,3,15,17,30,sil
20.99589848518372,20,12,2,6,10,4,15,9,19,36,22,26,35,28,sil
20.99589848518372,19,15,1,9,23,-7,0,0,7,18,28,28,37,21,sil
21.01101541519165,24,20,13,8,19,-11,-11,-2,11,1,31,29,34,13,sil
21.01101541519165,19,16,13,6,12,-8,-14,-7,0,0,27,26,23,1,sil
21.02616238594055,1,4,3,9,1,-11,-16,-12,-28,-13,14,8,2,-9,sil
21.02616238594055,-3,4,11,4,-4,-5,-15,-14,-36,-36,4,-2,-12,-15,sil
21.04206776618957,-2,8,12,-1,2,6,0,-13,-19,-27,-2,-2,-13,-13,sil
21.04206776618957,-15,0,-3,2,9,8,8,-6,-12,-1,-14,-13,-15,-11,sil
21.05703401565552,-16,0,7,23,16,12,10,2,-8,6,-10,-22,-13,-6,sil
21.05703401565552,6,14,19,39,28,22,22,9,13,8,7,-9,3,6,sil
21.072319984436035,10,5,0,18,16,10,20,10,21,14,3,0,7,12,sil
21.072319984436035,-3,-15,-13,-7,-15,-6,9,10,13,21,-9,0,0,9,sil
21.087613344192505,4,-9,4,-3,-23,-3,14,14,22,21,0,7,9,18,sil
21.087613344192505,19,-1,12,-2,-13,0,10,13,31,13,10,13,17,18,sil
21.10374426841736,8,-3,-5,-14,-10,-7,-14,0,10,7,2,3,10,0,sil
21.10374426841736,0,-5,-14,-21,-4,-13,-27,-10,-18,-9,0,0,4,-10,sil
21.117910861969,-5,-14,-20,-30,-4,-16,-22,-10,-20,-34,-2,-5,0,-15,sil
21.13309621810913,-12,-8,-15,-34,-10,-15,-24,-5,-7,-36,0,-7,-6,-21,sil
21.13309621810913,-5,16,4,-10,-1,-9,-22,-3,-12,-23,2,-3,-12,-19,sil
21.148419618606567,0,15,7,8,0,-2,-10,-8,-23,-18,-9,-7,-27,-17,sil
21.148419618606567,-9,0,7,8,-9,8,-1,-6,-21,-10,-17,-10,-33,-15,sil
21.16412115097046,-6,4,18,15,-1,19,11,6,-4,8,-12,-6,-18,-7,sil
21.16412115097046,-1,0,9,21,7,23,25,7,7,16,-17,-8,-9,0,sil
21.179685831069943,-4,-12,-2,16,4,17,25,1,13,20,-14,-3,-4,13,sil
21.179685831069943,2,-2,-3,15,3,6,16,6,19,26,-2,7,6,22,sil
21.19565153121948,0,-5,-10,0,1,0,7,4,17,12,-7,2,9,9,sil
21.19565153121948,-12,-25,-21,-25,-9,-5,-2,-6,4,-3,-9,-7,4,0,sil
21.211186170578003,0,-20,-19,-28,-14,-14,-18,-6,-1,-1,7,0,7,6,sil
21.211186170578003,17,0,0,-11,-4,-21,-26,-1,-5,-2,16,18,9,7,sil
21.227226734161377,10,9,10,-1,1,-12,-18,-5,-13,-5,12,23,8,1,sil
21.227226734161377,-2,7,2,-6,0,-3,-10,-11,-20,-6,12,7,9,-4,sil
21.243004083633423,-2,10,0,-3,3,-2,-6,-3,-5,-10,13,-5,5,-17,sil
21.243004083633423,1,25,13,19,19,4,4,6,13,-7,12,0,4,-6,sil
21.25845646858216,4,24,25,34,25,23,18,10,10,9,15,8,8,12,sil
21.25845646858216,1,1,10,19,12,29,30,7,11,24,14,-1,9,15,sil
21.27359437942505,-3,-9,-1,0,5,16,30,0,15,27,-4,-11,7,13,sil
21.27359437942505,-1,-9,-5,-1,3,6,19,2,10,23,-19,-13,3,10,sil
21.289220571517944,4,-16,-13,-13,-3,0,8,15,13,12,-8,-12,5,9,sil
21.289220571517944,0,-11,-18,-29,-8,-14,1,18,20,-1,-3,0,11,10,sil
21.305123567581177,-7,0,-19,-20,-7,-18,-1,9,17,-10,-9,4,8,0,sil
21.305123567581177,-4,1,-16,-7,-3,-7,-5,0,4,-17,4,3,-1,-13,sil
21.321138381958008,-2,1,-6,-6,0,-8,-15,-9,-18,-23,16,5,-6,-19,sil
21.321138381958008,-6,8,0,-6,-3,-13,-26,-21,-40,-26,-3,-3,-18,-22,sil
21.33710765838623,-4,9,10,-1,-7,-10,-28,-18,-39,-25,-15,-14,-32,-25,sil
21.33710765838623,7,11,22,14,0,-10,-18,-7,-24,-15,-2,-5,-26,-16,sil
21.352628231048584,10,14,25,34,7,0,-6,-5,-22,-10,7,6,-19,-2,sil
21.352628231048584,2,9,21,39,6,15,3,-10,-18,-6,4,6,-16,0,sil
21.36801505088806,1,0,9,29,0,12,12,-7,-5,8,-4,2,-1,0,sil
21.36801505088806,0,-6,-1,11,-1,2,7,-4,-4,7,-19,-5,0,0,sil
21.38378143310547,-2,-12,-7,0,-2,7,9,-3,-1,0,-18,-8,-11,6,sil
21.38378143310547,4,-16,2,0,-6,7,23,12,21,22,11,13,9,19,sil
21.399799346923828,14,-17,10,-4,-14,0,16,25,38,40,28,34,36,26,sil
21.399799346923828,15,-6,0,-8,-17,-10,-12,14,32,16,11,22,29,18,sil
21.41575813293457,20,7,3,-3,-7,-19,-22,4,24,0,5,14,23,11,sil
21.41575813293457,22,9,14,0,3,-8,-9,4,17,2,19,26,24,12,sil
21.43195605278015,4,4,9,-6,4,1,-11,-5,-7,-28,11,19,2,1,sil
21.43195605278015,-14,8,4,-10,2,-5,-16,-12,-21,-39,-8,-6,-18,-16,sil
21.44706916809082,-19,9,1,-3,6,-2,6,-1,-1,14,-12,-22,-12,-11,sil
21.44706916809082,-22,-8,-14,-5,11,18,27,5,12,39,-15,-21,-6,2,sil
21.462695121765137,-28,-27,-38,-27,3,24,22,0,6,4,-28,-29,-10,2,sil
21.462695121765137,-26,-28,-49,-48,-6,9,8,-4,1,-7,-30,-39,-7,-7,sil
21.47796082496643,-17,-23,-40,-49,-2,0,-1,1,2,-2,-13,-28,0,-16,sil
21.47796082496643,-12,-13,-33,-38,2,-2,-10,3,-2,-12,2,-18,0,-16,sil
21.4942684173584,-9,4,-19,-19,4,-1,-14,-2,-13,-15,3,-22,-11,-15,sil
21.4942684173584,0,24,6,17,13,8,-3,0,-9,2,0,-16,-5,-10,sil
21.509960651397705,14,36,27,48,20,23,15,3,2,16,7,1,7,3,sil
21.509960651397705,16,31,28,45,16,23,26,3,4,19,8,4,4,12,sil
21.52513718605041,12,9,12,28,0,1,18,1,9,19,0,3,3,14,sil
21.52513718605041,15,-5,10,8,-8,-18,-3,-1,10,7,4,20,14,14,sil
21.540653467178345,17,-6,13,0,-9,-20,-20,-4,-2,-11,12,24,14,1,sil
21.540653467178345,16,-1,14,3,-16,-22,-26,-1,-17,-17,9,15,2,-10,sil
21.55671238899231,17,6,24,7,-13,-28,-26,-3,-23,-12,17,25,2,-3,sil
21.55671238899231,10,11,16,11,1,-26,-22,-23,-25,-20,24,29,0,-3,sil
21.57296085357666,-6,6,15,12,1,-11,-17,-23,-34,-39,1,13,-26,-16,sil
21.57296085357666,-17,-1,19,16,-1,11,4,0,-20,-17,-16,-1,-33,-12,sil
21.58891606330872,-17,-9,-5,23,1,14,23,7,10,16,-11,-7,-11,0,sil
21.58891606330872,-10,-11,-7,8,-5,-1,6,9,5,5,-13,0,-8,4,sil
21.604024171829224,-7,-7,2,-6,-9,10,8,15,0,4,-14,0,-5,10,sil
21.604024171829224,-12,-10,-15,-1,2,26,31,10,24,28,-3,-10,11,22,sil
21.6195068359375,-6,-6,-15,0,5,11,27,10,28,20,1,-3,15,20,sil
21.6195068359375,12,5,-3,-4,3,2,12,11,21,8,13,11,20,8,sil
21.635108709335327,18,2,-5,-13,4,6,1,7,29,12,21,11,30,8,sil
21.635108709335327,14,-7,-5,-19,-4,-5,-3,6,24,6,8,2,18,13,sil
21.65071201324463,8,-15,-10,-26,-15,-13,-3,-4,7,-6,-4,-5,1,7,sil
21.65071201324463,-3,-20,-22,-29,-12,-8,-11,-11,-1,-14,-8,-10,-1,-6,sil
21.665754795074463,-10,-10,-17,-19,-6,-7,-21,-6,-17,-21,-11,-10,-9,-14,sil
21.665754795074463,-1,9,-1,-8,-3,-10,-16,-7,-21,-20,0,-7,-11,-18,sil
21.68191719055176,6,13,3,-3,1,-6,-8,-3,-1,-6,14,0,1,-9,sil
21.68191719055176,4,8,10,-4,8,-3,-10,3,-4,0,6,6,2,-1,sil
21.69721794128418,7,14,16,0,8,0,-12,-1,-19,-5,-2,2,-8,-12,sil
21.69721794128418,15,25,17,21,8,8,0,-2,-1,6,4,0,0,-7,sil
21.71271586418152,3,19,20,31,20,20,17,5,11,24,1,1,10,8,sil
21.71271586418152,-18,0,0,7,19,24,15,-4,-4,13,-22,-16,-7,-1,sil
21.72881436347961,-29,-13,-22,-9,-3,15,-6,-20,-17,-4,-35,-34,-31,-26,sil
21.72881436347961,-25,-1,-8,5,-12,1,-15,-12,-18,-7,-22,-22,-25,-16,sil
21.744916915893555,-9,8,11,18,1,4,0,4,-11,-4,-14,-6,-10,4,sil
21.744916915893555,-1,-6,-6,2,8,16,18,0,3,14,-9,-8,0,2,sil
21.760963678359985,-1,-20,-23,-10,0,5,21,1,18,36,4,-4,12,5,sil
21.760963678359985,9,-3,2,-2,-2,-7,12,23,25,22,11,18,23,29,sil
21.7761299610138,10,-3,9,1,-3,-3,7,18,20,0,5,15,18,27,sil
21.7761299610138,0,-23,-19,-11,-13,-12,-1,-8,2,-3,7,0,12,8,sil
21.79233193397522,12,-6,-3,-10,-8,-24,-11,0,-3,-8,32,21,16,6,sil
21.79233193397522,24,23,23,9,6,-19,-5,13,6,-10,48,36,18,9,sil
21.80803346633911,11,17,12,4,5,-20,-9,0,2,-11,34,17,6,0,sil
21.80803346633911,0,7,0,-4,-3,-27,-25,-9,-9,-22,15,8,-4,-18,sil
21.82414722442627,-3,8,-2,2,-2,-14,-22,-4,-19,-28,6,1,-13,-28,sil
21.82414722442627,-16,1,2,0,0,2,-3,-10,-34,-24,-1,-10,-26,-19,sil
21.839720487594604,-10,-1,15,3,-1,4,5,-18,-32,-15,-5,-10,-25,-4,sil
21.839720487594604,3,0,13,18,-8,6,6,-5,-9,-5,-5,-9,-13,-2,sil
21.855817556381226,-8,-7,-2,7,-12,18,16,7,8,0,-18,-22,-16,-9,sil
21.855817556381226,-23,-16,-23,-9,-5,22,22,8,13,11,-38,-31,-24,-8,sil
21.87192177772522,-16,-14,-21,-15,-1,15,18,9,13,16,-35,-21,-13,0,sil
21.87192177772522,-4,-9,-5,-12,0,18,22,12,21,18,-22,-6,6,2,sil
21.887048959732056,2,-7,0,0,8,17,17,9,20,19,-27,0,12,7,sil
21.887048959732056,0,-9,-1,1,5,-1,-6,4,2,18,-33,2,9,16,sil
21.90298891067505,-3,-10,-8,-4,-12,-9,-12,0,3,21,-25,2,17,18,sil
21.90298891067505,7,-10,-6,-4,-10,6,-1,0,17,19,-12,12,32,17,sil
21.91811466217041,22,0,4,3,6,11,0,5,16,2,9,28,33,24,sil
21.91811466217041,22,19,6,1,15,-4,-5,0,9,-15,35,26,21,17,sil
21.934246063232425,16,24,5,-7,11,-15,-17,-6,4,-23,35,15,7,-6,sil
21.934246063232425,19,16,5,-3,3,-15,-22,-2,0,-15,30,16,1,-9,sil
21.94992446899414,23,22,15,8,5,-12,-15,-2,-2,-2,44,25,3,2,sil
21.94992446899414,24,31,25,15,16,-7,-7,-6,-1,3,46,23,6,-2,sil
21.965012550354004,15,26,16,18,21,3,-2,-4,-6,3,25,7,2,-8,sil
21.965012550354004,-3,12,10,12,12,8,0,-4,-14,0,11,0,-7,0,sil
21.98110675811768,-15,-3,4,2,0,-1,0,-7,-13,3,10,-4,-8,-2,sil
21.98110675811768,-18,-10,-8,0,-5,-16,-2,-9,-16,3,0,-18,-10,-16,sil
21.996794939041138,-23,-10,-10,-5,-4,-15,-11,-12,-30,-12,-13,-28,-24,-18,sil
21.996794939041138,-21,-13,-1,-7,-11,0,-6,-8,-33,-23,-18,-23,-29,-7,sil
22.0119047164917,-15,-15,1,2,-15,14,12,0,-22,-16,-21,-24,-26,-6,sil
22.0119047164917,-21,-16,-6,6,-10,20,18,1,-5,2,-28,-35,-28,-11,sil
22.02780294418335,-23,-18,-16,-5,-7,16,9,1,1,14,-33,-29,-23,-9,sil
22.02780294418335,-13,-15,-13,-9,-8,9,10,10,3,10,-33,-12,-9,-4,sil
22.04302906990052,-10,-12,-13,-5,-8,1,18,13,15,4,-24,-9,0,3,sil
22.04345321655273,-14,-15,-16,-7,-4,-2,10,9,20,-1,-17,-11,0,6,sil
22.05899810791016,-8,-18,-16,-12,-4,-1,0,9,15,-3,-19,-4,2,0,sil
22.05899810791016,0,-12,-15,-26,-2,-2,0,11,16,4,-8,5,12,1,sil
22.07475614547729,8,0,-6,-20,5,-3,0,12,21,7,16,15,29,10,sil
22.07475614547729,25,13,8,9,8,-1,5,9,26,0,28,26,38,17,sil
22.090484857559204,25,8,11,8,-2,-9,-1,-1,21,-3,17,30,30,16,sil
22.090484857559204,12,0,-3,-14,-8,-20,-12,-9,6,-2,0,23,16,4,sil
22.110602855682373,13,7,-3,-9,-7,-16,-10,-7,-1,1,7,21,11,-2,sil
22.110602855682373,16,14,15,8,-6,-6,-7,-5,2,11,29,21,14,0,sil
22.12050223350525,8,12,18,17,4,-2,-12,-7,0,11,28,11,10,4,sil
22.12050223350525,10,17,18,19,16,0,-12,-9,-14,-5,18,10,0,2,sil
22.13606858253479,20,24,22,23,10,5,-4,-7,-20,-13,21,10,-5,0,sil
22.13606858253479,13,23,20,25,6,11,-4,-3,-17,-3,17,0,-10,0,sil
22.151893854141235,1,15,18,20,13,17,-5,-5,-23,-3,4,-1,-12,0,sil
22.151893854141235,0,3,11,14,13,17,4,-3,-16,-7,-3,-3,-13,0,sil
22.167531490325928,-4,-3,2,10,12,14,18,3,3,1,-9,-14,-16,2,sil
22.167531490325928,-8,-5,-7,7,11,18,23,10,15,18,-14,-16,-13,1,sil
22.18324112892151,-15,-14,-19,0,0,18,14,6,6,16,-28,-20,-15,-3,sil
22.18324112892151,-25,-23,-20,-17,-7,5,4,0,-1,5,-40,-28,-18,-9,sil
22.198781728744507,-14,-16,-21,-27,-4,-4,5,4,10,9,-22,-18,0,-1,sil
22.2144148349762,0,-9,-14,-21,-7,-6,2,10,19,11,0,3,17,12,sil
22.2144148349762,0,-11,-2,-18,-13,-12,-1,10,9,6,1,7,10,12,sil
22.2144148349762,-4,-9,-6,-25,-8,-25,-5,-2,-2,-5,-4,0,0,0,sil
22.23002481460572,-11,-9,-20,-32,-9,-39,-19,-15,-18,-33,-12,-1,-7,-24,sil
22.23002481460572,-8,-10,-18,-24,-16,-32,-26,-8,-19,-37,0,9,-7,-27,sil
22.245142459869385,15,6,11,-5,-1,-13,-13,4,-3,-17,35,26,7,-2,sil
22.26072645187378,24,29,35,18,15,-8,-3,0,-5,-15,40,24,10,3,sil
22.26072645187378,9,35,28,41,13,1,0,-11,-19,-17,16,6,0,-6,sil
22.276297330856323,0,20,17,34,7,24,1,-9,-21,-4,2,-5,-8,-9,sil
22.276297330856323,-13,0,1,4,-2,23,1,-2,-12,6,-20,-21,-17,-10,sil
22.276297330856323,-24,-14,-10,-3,-15,11,3,0,-3,0,-35,-34,-21,-14,sil
22.29190850257873,-18,-12,-10,6,-10,16,8,-2,0,-4,-23,-29,-12,-8,sil
22.307724237442017,-15,-12,-20,7,0,14,6,-3,-2,4,-17,-20,-2,0,please
22.307724237442017,-14,-12,-22,1,4,7,6,7,7,20,-11,-8,8,6,please
22.32285165786743,-1,-11,-6,1,0,10,11,15,28,29,9,5,25,16,please
22.32285165786743,4,-10,0,-4,0,0,3,10,29,30,8,3,22,19,please
22.3388090133667,5,-9,-3,-5,1,-10,-1,10,27,25,-2,0,10,19,please
22.3388090133667,13,-7,-2,-5,-2,2,8,11,34,11,6,9,12,19,please
22.354732036590576,18,-2,1,-13,-9,10,8,5,28,2,14,20,17,22,please
22.354732036590576,25,8,8,0,-2,0,2,4,16,19,15,23,20,28,please
22.36980772018433,29,13,18,9,4,-10,-3,0,7,28,24,29,18,21,please
22.36980772018433,19,9,13,-6,-1,-12,-18,-7,-6,6,28,29,9,4,please
22.385316133499146,9,7,-1,-13,1,-15,-23,-13,-19,-18,17,14,2,-1,please
22.385316133499146,4,7,2,-4,18,-15,-14,-16,-22,-31,0,7,-3,-8,please
22.40335798263549,3,12,13,3,17,-4,3,-5,-9,-26,0,12,-10,-16,please
22.40335798263549,7,16,13,8,3,0,20,6,-4,-15,4,1,-16,-15,please
22.417144060134888,0,4,2,0,-2,-7,11,0,-17,-22,-8,-14,-25,-24,please
22.417144060134888,-18,-4,-9,-6,-3,-6,-4,-3,-17,-24,-13,-14,-18,-29,please
22.43217635154724,-22,3,-5,0,0,8,-3,1,-14,-16,-1,-12,-4,-18,please
22.43217635154724,-18,6,0,6,1,3,-2,-7,-17,-18,-10,-18,-12,-13,please
22.4477334022522,-18,0,0,11,0,-3,-3,-7,-10,-7,-22,-16,-23,-14,please
22.4477334022522,-10,2,4,17,1,6,2,13,0,18,-8,-6,-9,-1,please
22.46315288543701,-6,1,0,19,1,9,4,12,-4,11,-6,-3,-2,8,please
22.46315288543701,-16,-7,-9,6,0,2,-2,-10,-6,-5,-22,-10,-14,0,please
22.47879648208618,-10,-17,-6,-2,-3,12,0,-14,0,8,-15,-21,-8,0,please
22.47879648208618,7,-18,-2,1,-4,19,13,-4,0,24,0,-17,10,10,please
22.493967294693,9,-10,-1,8,-3,10,14,4,4,16,1,4,15,13,please
22.493967294693,9,-3,-2,0,-4,-1,4,12,16,10,2,17,14,13,please
22.50997948646545,15,-8,-4,-17,-12,-20,-13,8,15,5,5,14,17,18,please
22.50997948646545,12,-11,-6,-26,-15,-29,-28,1,0,-2,2,11,12,17,please
22.52609086036682,4,0,-5,-18,-6,-15,-24,2,0,-4,10,8,9,4,please
22.52609086036682,1,12,-1,-8,0,0,-10,0,5,-6,23,3,14,-6,please
22.540960788726807,0,14,0,-13,1,7,-1,-2,0,-10,19,-5,2,-16,please
22.540960788726807,-8,6,2,-16,8,19,5,0,-9,-12,4,-11,-16,-17,please
22.55672311782837,-15,1,4,4,15,29,26,-1,-6,0,-8,-9,-14,-8,please
22.55672311782837,-16,0,-5,19,13,27,34,-6,8,25,-17,-7,-5,3,please
22.57232117652893,-9,-9,-12,1,4,13,20,7,27,28,-17,-9,0,8,please
22.57232117652893,2,-13,-5,-3,0,-3,1,17,32,5,-9,-6,9,6,please
22.58788824081421,19,5,11,2,0,-20,-18,2,13,-6,10,22,20,3,please
22.58788824081421,28,21,26,0,2,-30,-25,-8,-2,-6,28,46,15,7,please
22.603156089782715,16,17,21,15,6,-23,-7,-6,-5,-9,17,21,-3,5,please
22.603156089782715,-8,0,6,23,0,-7,8,-5,-12,-7,-13,-19,-24,-5,please
22.61869025230408,-22,-18,-14,-3,-10,0,15,0,-14,1,-36,-32,-25,-10,please
22.61869025230408,-8,-23,-21,-19,-8,1,11,5,2,0,-24,-16,-2,2,please
22.634258031845093,11,-16,-7,-9,-4,0,-2,2,16,-4,10,11,21,13,please
22.634258031845093,13,-5,2,-12,-14,-9,-12,-4,2,-5,18,22,21,8,please
22.64983701705933,10,9,4,-9,-10,-17,-16,-9,-17,-17,3,10,5,-5,please
22.64983701705933,13,18,1,2,4,-17,-18,-6,-11,-13,17,8,4,-10,please
22.66510558128357,10,20,8,5,8,-8,-21,-2,-9,0,30,18,3,-5,please
22.66510558128357,-3,22,16,13,8,11,-13,-3,-25,-4,7,8,-10,-10,please
22.68113803863525,-14,17,7,22,11,20,0,-4,-23,-7,-1,-8,-19,-17,please
22.68113803863525,-12,7,0,18,11,14,14,-2,-13,0,9,-13,-16,-10,please
22.69671511650085,-14,0,0,19,11,17,21,-8,-16,-1,-3,-21,-23,-9,please
22.69671511650085,-25,-7,-4,10,3,22,20,-10,-19,-2,-29,-28,-27,-14,please
22.71211552619934,-23,-13,-5,-1,-6,14,26,6,0,22,-21,-16,-7,1,please
22.71211552619934,-2,-12,-10,2,-6,8,29,21,30,45,-1,-1,15,22,please
22.727599143981934,5,-7,-8,-4,-2,15,5,22,42,29,-6,0,19,26,please
22.727599143981934,5,-1,-1,-9,-5,10,-8,21,43,16,-19,-2,20,23,please
22.74306297302246,12,-3,-2,3,-9,-11,-7,10,35,17,-6,3,22,18,please
22.74306297302246,14,-14,-6,-16,-15,-23,-20,0,11,-3,14,15,12,4,please
22.75866270065308,5,-18,-18,-45,-14,-20,-17,-4,-5,-22,14,9,4,-7,please
22.75866270065308,10,-5,-4,-23,-2,-11,0,-6,-12,-23,5,11,9,-3,please
22.77432084083557,24,11,22,11,12,1,4,-4,-13,-16,14,28,13,7,please
22.788939952850345,16,13,17,9,16,3,-5,-6,-13,-12,18,15,-1,-1,please
22.788939952850345,-7,3,5,-3,4,-4,-13,-13,-28,-26,-4,-13,-28,-25,please
22.80553150177002,-10,1,8,6,0,0,-1,-11,-29,-22,-17,-17,-29,-18,sil
22.80553150177002,-3,1,0,14,8,10,13,-2,6,14,-3,-8,-4,4,sil
22.80553150177002,-7,-9,-16,-1,4,6,7,6,24,27,-7,-11,0,5,sil
22.8212149143219,-13,-17,-15,-10,-2,-5,-5,2,0,0,-32,-14,-11,0,sil
22.8212149143219,-12,-13,-14,-8,0,-11,-11,-6,-7,-9,-27,-9,-3,-2,sil
22.83589625358581,-4,-4,-15,-18,-6,-13,-19,-2,7,-5,4,0,15,0,sil
22.851981163024902,2,4,0,-25,-12,-17,-21,1,-5,-18,18,8,10,0,sil
22.851981163024902,-5,9,1,-13,-9,-25,-13,-8,-27,-26,3,-1,-11,-20,sil
22.86774086952209,-18,15,0,2,-7,-14,-9,-9,-16,-15,-4,-14,-19,-32,sil
22.86774086952209,-11,26,20,19,3,14,0,0,3,0,8,-3,-12,-12,sil
22.883042097091675,3,30,28,40,21,28,20,5,14,18,16,3,0,11,sil
22.883042097091675,8,16,12,41,16,26,37,13,25,34,7,3,10,16,sil
22.898106336593628,6,-1,3,20,-1,22,36,18,37,42,5,7,17,21,sil
22.898106336593628,7,-10,2,-1,-3,7,19,12,34,36,11,9,16,28,sil
22.914172172546387,17,-12,0,-13,0,-10,-3,6,10,13,10,12,14,17,sil
22.914172172546387,25,-12,-2,-12,-10,-16,-16,-1,-3,-6,10,24,16,9,sil
22.929678916931152,18,-1,5,-1,-10,-12,-21,-14,-18,-13,19,29,12,5,sil
22.929678916931152,5,6,19,11,4,-2,-13,-19,-38,-18,12,12,-2,-8,sil
22.94481468200684,3,2,12,21,13,11,10,-9,-30,-9,-9,-2,-14,-9,sil
22.94481468200684,0,0,0,14,6,19,26,5,-1,11,-17,-2,-9,6,sil
22.960506916046143,-8,-7,-16,1,-5,8,19,9,7,13,-15,-6,0,5,sil
22.960506916046143,-16,-25,-32,-17,-11,-6,1,1,0,-4,-11,-16,1,-10,sil
22.976117849349976,-8,-22,-24,-31,-3,-10,-11,1,-2,-12,3,-9,1,-12,sil
22.976117849349976,8,4,-3,-25,0,-5,-19,4,0,-12,14,3,5,-6,sil
22.9922788143158,4,18,7,-9,1,0,-16,0,-3,-19,3,0,0,-10,sil
22.9922788143158,-12,11,7,2,11,8,-3,-6,-15,-17,-9,-14,-14,-14,sil
23.00730466842652,-17,1,8,7,11,15,1,-5,-16,-6,-14,-25,-18,-9,sil
23.00730466842652,-17,-5,8,6,0,9,3,0,-2,3,-19,-25,-11,-2,sil
23.02321195602417,-17,-6,-6,6,-6,1,6,1,13,12,-24,-15,-7,5,sil
23.02321195602417,-14,-13,-23,-11,-11,-8,-1,0,20,0,-32,-8,-11,6,sil
23.038145780563354,-15,-23,-27,-30,-19,-25,-15,0,15,-10,-25,-10,-8,-3,sil
23.038145780563354,-6,-12,-14,-18,-13,-24,-21,0,3,-6,0,-1,2,-5,sil
23.05369114875793,16,8,0,-2,-1,-8,-19,-2,1,-5,19,19,10,7,sil
23.05369114875793,26,18,1,-2,2,-6,-4,-4,5,-4,21,21,9,9,sil
23.06927728652954,15,18,8,0,7,-5,8,-4,-4,1,19,6,0,-1,sil
23.06927728652954,5,18,15,16,15,10,11,0,-5,7,12,-4,-11,-1,sil
23.084603309631348,1,9,8,21,23,27,21,6,12,17,5,-9,0,5,sil
23.084603309631348,-1,-3,3,4,15,25,29,11,14,20,-1,-11,11,5,sil
23.09973907470703,-4,-10,-5,-3,-4,9,16,6,3,13,-14,-11,0,5,sil
23.09973907470703,-2,-7,-6,0,-10,-7,-1,0,2,12,-7,4,5,10,sil
23.11512398719788,16,3,13,4,0,-13,-7,3,6,16,23,38,33,17,sil
23.11512398719788,35,18,29,10,3,-9,-6,4,0,2,37,49,32,16,sil
23.13062787055969,25,17,30,12,0,-6,-10,-6,-16,-20,21,30,6,0,sil
23.13062787055969,6,2,21,5,-5,-7,-15,-9,-29,-27,6,15,-3,-17,sil
23.145809173583984,0,0,15,7,-4,-5,-11,-3,-24,-21,10,13,-3,-12,sil
23.145809173583984,-4,1,15,23,1,1,1,-2,-11,-8,9,0,-9,-2,sil
23.161906719207764,-17,-9,7,23,-10,7,14,-6,-10,2,-7,-17,-19,-10,sil
23.161906719207764,-30,-17,-6,7,-21,10,17,-5,-8,4,-25,-19,-26,-18,sil
23.177078247070312,-19,-10,-17,5,-3,15,13,6,12,11,-19,-13,-12,-4,sil
23.177078247070312,0,-6,-12,1,8,14,8,17,32,23,-2,-6,6,11,sil
23.192697286605835,2,-8,-11,-10,0,1,5,13,32,15,-5,1,9,11,sil
23.192697286605835,-1,-1,-20,-13,0,-6,0,5,25,-1,-3,5,8,5,sil
23.208786487579346,5,6,-15,-12,9,-6,-9,4,10,-3,19,8,20,7,sil
23.208786487579346,13,11,-7,-14,2,-12,-16,-1,-3,-8,20,3,25,4,sil
23.224669218063354,2,14,-12,-12,-2,-16,-23,-16,-17,-26,-4,-9,-1,-12,sil
23.224669218063354,-12,12,-12,-5,6,-2,-17,-15,-22,-19,-17,-20,-26,-19,sil
23.240455150604248,-15,0,-7,-5,12,12,0,-3,-13,1,-23,-28,-21,-4,sil
23.240455150604248,-16,-12,-12,-16,10,9,9,-2,-12,1,-34,-36,-16,-1,sil
23.256075620651245,-20,-19,-28,-22,7,5,15,0,-6,11,-27,-38,-12,0,sil
23.256075620651245,-13,-26,-22,-30,-1,6,18,9,10,24,-12,-22,2,13,sil
23.271220922470093,2,-28,-5,-38,-16,-9,0,2,9,0,-2,-4,10,6,sil
23.271220922470093,7,-15,-2,-27,-19,-26,-25,-14,-13,-23,1,3,-2,-15,sil
23.28668642044068,3,9,10,-7,-3,-16,-20,-15,-22,-19,7,15,-15,-17,sil
23.28668642044068,10,25,24,10,6,3,2,-6,-7,-10,11,20,-7,-7,sil
23.30279541015625,18,26,27,27,6,11,7,0,0,-11,0,4,0,0,sil
23.30279541015625,4,20,28,36,10,18,0,7,0,-5,-9,-1,-13,0,sil
23.31890606880188,0,7,17,29,10,20,10,8,11,15,-4,12,-11,0,sil
23.31890606880188,9,-2,5,21,-1,9,20,11,20,25,-6,18,7,6,sil
23.33403587341309,-3,-9,-2,17,-15,-2,15,12,13,14,-11,7,9,15,sil
23.33403587341309,-9,-14,-3,4,-17,-8,2,7,13,9,13,10,16,22,sil
23.3501238822937,19,-2,9,-3,-10,-13,-6,10,23,16,47,28,48,27,sil
23.3501238822937,28,7,11,2,-5,-20,-13,8,14,7,47,30,50,19,sil
23.365440845489506,11,6,12,10,-3,-20,-17,-2,-5,-10,38,28,22,0,sil
23.365440845489506,12,15,15,22,6,-8,-10,-5,0,4,42,29,20,-4,sil
23.381150484085083,9,22,13,23,16,-5,-8,-6,-3,12,30,19,11,-4,sil
23.381150484085083,-11,14,16,13,15,0,-8,-10,-35,-16,0,-2,-20,-14,sil
23.39667296409607,-15,3,3,20,12,19,11,-11,-24,-18,-10,-24,-25,-19,sil
23.39667296409607,-5,-1,-3,13,9,22,20,-5,5,7,-9,-24,-16,-2,sil
23.411828994750977,-9,-9,0,-7,4,14,16,5,3,18,-23,-19,-24,10,sil
23.411828994750977,-21,-25,-26,-14,-2,16,18,3,0,7,-38,-38,-27,-3,sil
23.42756199836731,-28,-40,-49,-32,-12,10,6,-1,1,-15,-38,-35,-21,-16,sil
23.42756199836731,-14,-28,-31,-44,-15,-1,-5,6,8,-13,-22,-1,-11,-2,sil
23.44289541244507,5,-3,-11,-26,-6,-3,-3,7,19,2,-6,6,-4,5,sil
23.458882093429565,15,9,-6,-17,0,-8,-8,0,7,-11,-5,5,-4,-6,sil
23.458882093429565,14,18,0,-21,1,-16,-13,-1,-13,-23,-1,16,7,-9,sil
23.47373104095459,8,22,9,-18,3,-13,-8,-5,-15,-12,5,12,15,0,sil
23.47373104095459,0,15,8,-5,3,-4,-10,-18,-18,-14,0,-10,-7,-3,sil
23.489818811416622,-7,5,4,11,0,0,-18,-15,-29,-17,-14,-20,-24,-11,sil
23.489818811416622,-9,-2,6,19,-3,6,-6,0,-13,1,-15,-15,-10,-2,sil
23.50589394569397,-9,-6,2,8,-5,9,13,4,7,14,-10,-13,0,6,sil
23.50589394569397,-9,-7,-1,0,0,9,18,0,0,15,-6,-13,-2,4,sil
23.524150609970093,2,-7,0,5,2,15,14,6,7,26,2,-4,12,8,sil
23.524150609970093,13,-3,3,9,0,11,9,8,29,32,10,7,35,18,sil
23.524150609970093,4,-5,-3,1,-2,-15,-2,1,20,15,4,5,29,10,sil
23.538046836853027,0,-10,-8,-4,0,-28,-11,1,4,1,1,4,11,0,sil
23.538046836853027,6,0,0,-1,4,-4,-4,11,11,0,13,19,16,0,sil
23.55299663543701,8,11,1,3,5,5,1,12,11,-2,22,21,18,-1,sil
23.569042205810547,6,7,-1,0,-3,-13,-6,0,-3,-18,23,14,6,-4,sil
23.569042205810547,6,5,4,0,-5,-21,-16,-8,-13,-25,21,18,-1,-10,sil
23.58507204055786,3,18,13,15,5,-1,-5,-9,-20,-15,13,14,-9,-14,sil
23.58507204055786,0,21,20,29,15,17,8,-3,-21,-5,2,-1,-20,-2,sil
23.58507204055786,-4,-1,5,17,7,19,10,2,-2,6,-12,-19,-21,9,sil
23.60044860839844,-13,-18,-11,1,-5,7,6,5,13,18,-23,-22,-13,4,sil
23.60044860839844,-11,-7,-4,-2,-6,0,6,8,14,16,-14,-8,-5,5,sil
23.6163911819458,2,-1,0,-11,1,5,14,5,12,10,1,6,0,13,sil
23.6163911819458,3,-16,-10,-24,0,1,13,-4,11,4,8,7,2,8,sil
23.632948398590088,0,-20,-6,-14,-10,-10,0,-7,6,-1,2,3,5,3,sil
23.632948398590088,6,0,9,1,-13,-9,-18,-1,-7,-10,1,15,6,7,sil
23.64708495140076,7,11,6,-1,-2,-5,-25,-8,-14,-17,9,17,3,-2,sil
23.66281509399414,0,6,-3,-7,8,-8,-18,-16,-14,-21,4,-6,-5,-23,sil
23.66281509399414,-8,7,7,2,11,3,-5,-7,-22,-13,-7,-21,-14,-22,sil
23.677987098693848,-6,5,10,12,0,17,8,0,-11,7,-7,-12,-13,-7,sil
23.677987098693848,-7,-6,-4,1,-10,12,12,5,10,13,-15,-8,-14,-1,sil
23.693331003189087,-12,-12,-9,-13,-4,10,13,9,10,1,-27,-16,-15,-5,sil
23.693331003189087,1,0,-2,-3,4,9,16,8,10,4,-4,-7,5,7,sil
23.70932364463806,28,17,15,2,4,-4,1,5,11,7,29,27,32,23,sil
23.70932364463806,22,18,16,-1,0,-15,-15,-1,-6,-7,23,29,21,7,sil
23.72471618652344,-10,9,0,4,-3,-6,-11,-7,-19,-19,-10,-11,-12,-14,sil
23.72471618652344,-24,0,-5,19,3,11,9,0,-6,-1,-27,-30,-25,-10,sil
23.74080276489257,-15,-8,-12,17,12,23,28,8,13,24,-15,-16,-7,4,sil
23.74080276489257,-8,-13,-15,-6,2,9,18,7,15,15,-13,-12,2,5,sil
23.7560453414917,-7,-16,-18,-20,-12,-17,-8,4,12,-1,-27,-13,0,0,sil
23.7560453414917,0,-17,-22,-18,-7,-22,-15,8,12,1,-6,6,11,7,sil
23.77175211906433,12,-10,-7,-19,3,-2,-2,5,11,6,37,28,31,9,sil
23.77175211906433,14,1,0,-10,0,-8,-6,-6,1,0,39,25,26,0,sil
23.787217378616333,9,12,4,4,0,-29,-21,-11,-9,-6,18,18,13,-1,sil
23.787217378616333,16,21,25,13,5,-18,-15,-4,-1,-1,20,21,14,0,sil
23.80282187461853,18,23,25,12,3,-5,-6,-5,0,-1,22,17,9,-6,sil
23.80282187461853,0,13,14,10,-1,-11,-18,-13,-28,-18,7,7,-9,-13,sil
23.81788349151612,-10,2,11,13,0,4,-15,-10,-33,-17,1,-1,-18,-5,sil
23.81788349151612,-5,-3,4,10,0,20,4,0,-1,4,-3,-11,-12,2,sil
23.833237409591675,-1,-7,-9,5,0,12,14,5,12,14,-14,-17,-7,0,sil
23.833237409591675,-2,-4,-9,11,6,12,14,1,0,4,-17,-14,-8,-2,sil
23.84886932373047,-3,5,8,18,8,24,17,1,-6,0,-15,-5,-8,5,sil
23.84886932373047,-2,4,10,12,5,23,23,7,1,14,-10,-7,0,13,sil
23.86453914642334,-1,-10,-2,1,2,19,19,6,2,19,-7,-15,0,7,sil
23.86453914642334,-4,-19,-8,0,0,11,11,1,0,9,-15,-14,-6,1,sil
23.880358695983887,-3,-22,-15,-11,-4,-1,12,1,9,1,-20,-13,-5,3,sil
23.880358695983887,-3,-22,-21,-38,-10,-8,7,4,4,-10,-15,-12,-7,-1,sil
23.89605951309204,-8,-15,-29,-43,-15,-8,-1,4,0,-18,-10,-8,-15,-7,sil
23.89605951309204,-5,-8,-23,-24,-19,-12,-11,3,9,-13,-9,0,-9,-4,sil
23.91115689277649,6,-2,0,-16,-17,-20,-24,1,13,-12,7,16,10,1,sil
23.91115689277649,12,9,11,-7,-6,-25,-26,-1,7,-13,32,25,19,3,sil
23.92679572105408,10,21,14,10,5,-16,-13,-3,3,0,34,16,8,-6,sil
23.92679572105408,8,23,17,18,12,-1,-2,-3,3,5,23,7,3,-7,sil
23.9422128200531,0,21,16,7,8,-1,-10,-9,-5,-9,24,12,9,-1,sil
23.9422128200531,-7,14,9,-3,1,-7,-19,-15,-24,-24,13,13,2,-10,sil
23.957810640335083,-8,14,8,5,9,0,-4,-8,-27,-14,-9,-3,-10,-20,sil
23.957810640335083,-10,18,14,23,21,18,13,-2,-15,3,-14,-15,-13,-8,sil
23.973057746887207,-12,10,5,28,13,18,15,-6,-9,8,-10,-17,-13,0,sil
23.973057746887207,-13,-6,-9,12,5,10,11,0,-3,6,-18,-16,-15,-2,sil
23.98834991455078,-13,-13,-6,1,5,17,18,17,11,23,-19,-14,-5,2,sil
23.98834991455078,0,-10,-3,7,0,22,27,23,29,42,-12,-11,6,14,sil
24.00403380393982,13,-18,-4,1,-4,7,20,18,37,31,-15,-3,4,13,sil
24.00403380393982,11,-26,-5,-9,-5,-1,10,13,33,17,-11,5,7,17,sil
24.01969957351685,10,-16,0,-8,-6,0,1,5,22,12,7,16,29,30,sil
24.01969957351685,14,-3,3,-5,-9,-9,-12,-3,6,0,18,26,36,26,sil
24.03477430343628,9,-2,-4,-9,-14,-28,-21,-12,-10,-8,13,23,18,2,sil
24.03477430343628,4,-5,-8,-19,-17,-31,-28,-17,-23,-14,7,14,1,-10,sil
24.050827503204346,15,1,-2,-20,-8,-20,-27,-8,-22,-24,8,13,1,-1,sil
24.050827503204346,25,17,3,0,3,-9,-12,0,-13,-14,16,16,7,4,sil
24.06668972969055,12,14,6,5,4,-3,-5,-6,-14,-2,22,10,5,-6,sil
24.06668972969055,-4,3,1,-3,0,1,-13,-12,-22,-7,15,-1,-6,-14,sil
24.082278728485107,0,19,12,11,11,8,-7,-5,-29,-10,6,-1,-15,-8,sil
24.082278728485107,2,34,22,39,22,10,9,-5,-24,-11,0,-3,-14,-10,sil
24.097881078720093,-22,1,0,17,7,10,8,-10,-18,-24,-16,-29,-23,-26,sil
24.097881078720093,-37,-21,-21,-11,-7,17,5,0,-8,-19,-29,-43,-33,-26,sil
24.11868929862976,-16,-1,-9,11,1,18,21,11,11,9,-15,-28,-18,-8,sil
24.11868929862976,-6,3,2,24,7,10,21,4,19,14,-1,-13,-2,0,sil
24.128722190856934,-14,-13,-7,-2,-1,13,11,1,14,6,-8,-13,-3,-1,sil
24.128722190856934,-10,-17,-15,-11,-4,13,16,8,14,13,-20,-13,-7,8,sil
24.143914222717285,-7,-11,-7,-3,-2,-1,19,13,15,12,-20,-8,-5,16,sil
24.15948176383972,-3,-9,-8,-9,-2,-7,11,13,25,11,-7,2,3,12,sil
24.15948176383972,9,-11,-8,-21,0,-7,1,8,32,18,2,21,15,10,sil
24.17552924156189,3,-18,-4,-24,-7,-18,-13,0,25,9,-1,17,10,5,sil
24.17552924156189,-8,-13,-10,-19,-14,-16,-20,0,19,-8,-5,-2,-2,-3,sil
24.17552924156189,10,2,0,-14,-3,-4,-12,0,13,-9,9,6,0,-6,sil
24.19177317619324,24,9,13,-14,1,-7,-10,-3,0,-3,20,27,14,2,sil
24.19177317619324,9,7,11,-14,-2,-9,-13,-3,-14,-11,11,16,9,3,sil
24.20772385597229,8,14,12,0,5,-4,-7,1,-11,-14,11,3,3,-1,sil
24.20772385597229,16,27,16,22,14,0,-2,-2,1,-4,22,3,8,0,sil
24.223004579544067,4,29,16,24,8,5,-1,-8,-3,0,14,0,8,4,sil
24.238078355789185,0,22,13,14,4,10,0,-7,-24,4,6,-1,3,2,sil
24.238078355789185,-1,11,9,14,4,5,-5,-15,-36,-2,4,-3,-4,-5,sil
24.253758907318115,-17,0,2,14,0,6,-8,-18,-29,-14,-14,-15,-18,-13,sil
24.253758907318115,-13,-12,-1,11,-4,12,10,-2,-6,7,-23,-18,-12,-4,sil
24.26948094367981,2,-12,2,10,-3,12,25,12,9,37,-3,-1,8,13,sil
24.26948094367981,7,-8,3,10,-4,8,20,16,17,34,10,11,19,24,sil
24.28512716293335,8,-7,-1,0,-4,-1,6,10,20,19,4,14,15,26,sil
24.28512716293335,11,-9,-6,-6,0,-12,0,4,5,3,-8,13,5,16,sil
24.30072522163391,7,-9,-11,0,4,-12,1,7,-3,-13,-12,7,0,2,sil
24.30072522163391,5,-7,-11,-1,1,-11,-5,6,0,-17,5,10,6,-4,sil
24.31580662727356,3,-8,-9,-14,-5,-10,-17,0,-12,-6,26,17,10,-6,sil
24.31580662727356,0,-5,-7,-16,-2,-8,-18,-6,-26,0,18,16,3,-9,sil
24.33188915252685,-3,0,-5,-9,2,-9,-24,-14,-31,-21,-12,0,-16,-20,sil
24.33188915252685,-17,0,-11,-12,-3,-9,-30,-19,-43,-47,-31,-20,-35,-32,sil
24.3470778465271,-25,0,-8,-13,-7,0,-11,-8,-35,-26,-3,-16,-16,-26,please
24.3470778465271,-10,7,3,2,0,2,14,3,-6,11,22,-8,9,-6,please
24.36228632926941,0,12,7,14,4,4,13,0,-6,3,3,-19,-4,-3,please
24.36228632926941,-10,13,8,10,9,14,8,-3,-20,-15,-12,-20,-22,-12,please
24.37809896469116,-16,6,0,6,11,16,17,0,0,-2,-6,-13,-12,-11,please
24.37809896469116,-11,-6,-2,1,0,12,12,0,11,3,-11,-17,-9,-2,please
24.3941068649292,-1,-7,2,5,-7,13,11,0,3,3,-21,-21,-15,4,please
24.3941068649292,1,-5,2,13,0,10,23,5,24,10,-19,-13,-10,9,please
24.410151958465576,1,-12,0,0,2,8,20,15,53,20,-17,-2,0,10,please
24.410151958465576,11,-4,0,-5,1,12,10,16,63,36,-7,4,9,24,please
24.42530202865601,22,5,2,2,3,1,9,9,62,33,5,9,17,35,please
24.42530202865601,15,-3,-3,-9,-1,-13,4,4,60,13,10,11,21,27,please
24.44183158874512,9,-5,-10,-22,-5,-8,-2,7,62,10,6,12,24,18,please
24.44183158874512,14,8,0,-7,0,-7,-5,10,68,13,11,22,25,13,please
24.4570472240448,7,9,4,-1,0,-20,-12,3,60,15,23,27,28,7,please
24.4570472240448,0,0,0,-14,-6,-17,-21,-4,41,2,25,20,19,-1,please
24.47311019897461,4,1,5,-10,-5,-5,-20,-9,17,-27,10,14,1,-9,please
24.47311019897461,2,2,11,0,-4,-8,-18,-15,-2,-41,5,8,-12,-14,please
24.48872685432434,-5,5,10,5,-7,-15,-23,-15,-19,-31,8,3,-22,-22,please
24.48872685432434,-4,10,8,10,-6,-11,-22,-11,-38,-23,2,1,-22,-20,please
24.503745794296265,-6,6,7,5,-3,-3,-14,-12,-40,-18,-2,-6,-15,-14,please
24.503745794296265,-11,0,3,5,5,12,-3,-10,-46,-15,-5,-21,-19,-18,please
24.51931524276733,-7,0,-1,19,16,25,13,0,-64,-6,-5,-22,-17,-16,please
24.51931524276733,-6,-2,0,18,19,21,29,8,-56,19,2,-7,7,0,please
24.53534865379333,-9,-7,-5,12,17,19,29,10,-79,34,6,0,22,7,please
24.53534865379333,-12,-12,-15,6,3,20,14,5,-120,10,-10,-5,4,-1,please
24.550976276397705,-8,-14,-11,-9,-11,2,6,0,-126,-4,-23,-15,-2,-1,please
24.550976276397705,3,-9,-5,-12,-8,-14,3,0,-155,14,-2,-4,10,13,please
24.566551208496094,12,-4,-1,-9,-6,-15,-4,8,-149,27,14,24,20,28,please
24.566551208496094,21,0,-1,-11,-15,-14,-11,14,-240,11,11,34,22,27,please
24.5820996761322,27,16,2,2,-3,-12,-13,0,-329,-11,13,23,17,10,please
24.5820996761322,12,24,9,12,15,-2,-13,-15,-58,-27,12,14,0,-4,please
24.59816956520081,-11,9,1,-3,6,-2,-7,-6,-228,-23,-6,-5,-20,-14,please
24.59816956520081,-18,-2,-9,-14,-11,-13,-5,-4,-548,-14,-25,-32,-37,-25,please
24.613699674606323,-14,-4,-10,-7,-13,-5,-10,-19,905,-29,-29,-38,-48,-30,please
24.613699674606323,-10,-6,-1,-2,-5,9,-7,-13,2255,-25,-24,-20,-33,-16,please
24.62973403930664,3,0,12,7,5,11,5,7,786,20,-9,-5,-4,6,please
24.62973403930664,10,5,11,19,16,12,14,13,-706,26,-9,-9,0,15,please
24.64577388763428,-5,-3,0,5,13,25,21,9,-192,-2,-18,-18,-6,3,please
24.64577388763428,-9,-9,-1,0,6,25,38,18,42,19,-6,-16,5,1,please
24.66178607940674,6,0,4,10,7,9,44,24,-364,48,9,1,25,20,please
24.66178607940674,12,-3,2,-2,2,-2,19,15,-243,28,5,13,26,25,please
24.67701840400696,-3,-17,-14,-20,-12,-14,-8,-1,-123,12,1,6,18,7,please
24.67701840400696,-15,-17,-13,-16,-16,-21,-18,-9,-194,-2,8,4,14,-6,please
24.692529678344727,-4,-8,-4,-7,-6,-10,-15,-2,-131,-17,11,18,12,0,please
24.692529678344727,3,-2,-15,-10,-4,-10,-17,-2,-119,-8,11,20,8,5,please
24.70805597305298,-5,0,-16,-15,-12,-23,-23,-13,-120,-11,15,11,6,-8,please
24.70805597305298,-3,7,1,0,-9,-15,-13,-9,-78,-17,22,8,13,-15,please
24.72370457649231,12,24,15,20,7,3,-3,3,-60,0,21,11,11,-6,please
24.72370457649231,15,25,9,15,19,8,-5,0,-20,7,17,14,1,1,please
24.739737033844,14,12,6,2,12,6,-7,-7,0,-8,19,16,0,2,please
24.739737033844,17,14,22,9,0,2,-7,-7,-3,-11,15,15,-3,-1,please
24.75489115715027,8,17,22,12,-2,0,-14,-8,-3,-8,0,3,-19,-3,please
24.75489115715027,-3,5,9,4,0,3,-14,-10,-9,-20,-7,-5,-30,-6,please
24.770163536071777,-9,-2,7,5,0,12,1,-9,12,-14,-6,-9,-28,-6,please
24.770163536071777,-9,-14,1,1,0,24,18,-3,45,14,-18,-16,-15,3,please
24.785730600357056,-5,-23,-2,-6,2,28,25,12,61,35,-19,-14,5,16,please
24.785730600357056,0,-11,-3,-3,4,8,29,24,85,38,-5,-6,20,21,please
24.80082678794861,0,-9,-12,-12,0,-22,9,12,83,8,-4,-2,18,12,please
24.80082678794861,-2,-16,-16,-27,-7,-25,-12,0,49,-21,-6,-1,12,0,please
24.816091299057007,3,4,1,-9,-2,-11,-5,0,30,-13,7,0,9,-5,sil
24.816091299057007,10,27,16,16,7,-10,-3,-8,19,-11,9,0,-2,-11,sil
24.832419872283936,-7,9,1,13,2,-10,-16,-12,8,-23,-10,-13,-20,-24,sil
24.832419872283936,-27,-11,-15,3,-3,5,-5,0,15,-7,-27,-30,-27,-24,sil
24.8480327129364,-19,-4,-8,10,1,18,14,3,16,8,-29,-26,-25,-6,sil
24.8480327129364,-4,-3,-7,13,0,7,16,-1,2,1,-23,-15,-21,3,sil
24.864294290542603,-7,-18,-16,-10,-20,-6,5,0,0,-2,-24,-17,-13,-2,sil
24.864294290542603,-9,-20,-20,-27,-28,-13,-9,0,2,-10,-22,-14,-4,-9,sil
24.8802387714386,0,-14,-13,-18,-9,-8,-12,-4,1,-14,-4,11,8,-2,sil
24.8802387714386,10,-8,-2,-2,7,0,0,4,4,13,16,26,28,15,sil
24.89578437805176,12,0,3,3,3,0,1,12,7,22,21,20,30,22,sil
24.89578437805176,10,7,7,0,4,0,-5,9,-9,-2,17,24,17,12,sil
24.91185188293457,11,8,2,-5,15,0,-3,4,-23,-7,21,26,19,10,sil
24.91185188293457,11,14,3,0,9,0,-1,1,-21,2,29,16,21,13,sil
24.92772054672241,5,19,13,9,4,6,0,-1,-19,8,26,5,2,0,sil
24.92772054672241,1,14,9,11,13,8,4,-5,-21,16,10,-3,-12,-9,sil
24.94288825988769,5,11,12,8,6,0,0,-5,-22,5,9,0,-10,-10,sil
24.94288825988769,9,13,17,10,-7,3,-1,-9,-14,-7,20,12,0,-10,sil
24.95890498161316,10,11,18,11,-5,13,0,-9,-16,-5,9,12,0,0,sil
24.95890498161316,4,9,21,15,6,18,7,1,-19,0,-6,5,-4,10,sil
24.97406029701233,-2,5,2,26,17,17,23,2,0,17,0,-6,1,6,sil
24.97406029701233,-13,-7,-8,14,10,10,16,0,3,24,-2,-11,0,3,sil
24.989665269851685,-18,-19,0,-9,-5,7,5,11,-4,17,-17,-9,-5,7,sil
24.989665269851685,-11,-22,-20,-15,-10,-1,10,6,13,17,-13,-18,3,0,sil
25.00476598739624,-6,-19,-29,-26,-16,-31,-5,-1,16,-5,-11,-14,0,-5,sil
25.00476598739624,-4,-9,-10,-32,-22,-38,-24,8,3,-30,-12,4,-8,-1,sil
25.02012705802917,4,1,-9,-14,-7,-17,-10,5,11,-17,3,7,9,-1,sil
25.02012705802917,10,10,-5,-7,3,-7,0,-4,7,-14,4,1,14,-3,sil
25.03570961952209,2,15,12,-11,-2,-5,-13,-3,-12,-27,-5,1,-5,-3,sil
25.03570961952209,0,12,12,4,0,-3,-22,-10,-10,-9,0,-2,-12,-10,sil
25.05115008354187,4,5,5,16,4,-5,-19,-12,0,3,-3,-10,-12,-11,sil
25.06740093231201,-2,0,14,12,5,4,-7,0,0,-10,-14,-11,-17,-2,sil
25.06740093231201,-11,-11,5,17,8,26,10,0,0,-9,-11,-11,-14,1,sil
25.06740093231201,-4,-24,-12,12,5,25,16,-3,4,13,-10,-6,-7,4,sil
25.082669973373413,0,-21,-9,-10,-3,6,8,3,15,20,-14,3,0,7,sil
25.09816813468933,0,-15,-9,-21,-7,-8,0,5,12,1,-6,7,12,0,sil
25.09816813468933,6,-12,-10,-21,-5,-12,-7,0,-2,-10,10,17,20,-2,sil
25.09816813468933,11,2,0,-13,0,-7,-6,0,-3,-2,24,29,22,5,sil
25.11304378509521,8,24,11,2,6,-4,-1,1,1,0,19,17,11,4,sil
25.12824511528015,0,25,11,17,11,0,4,-4,-3,-6,1,-9,-9,-11,sil
25.12824511528015,-11,10,0,22,5,12,14,-10,-6,2,-5,-27,-18,-14,sil
25.14434027671814,-20,-1,-10,5,-3,18,16,-4,-8,5,-17,-32,-24,-8,sil
25.14434027671814,-27,-11,-18,-9,-2,8,14,1,-7,0,-40,-37,-36,-11,sil
25.16038608551025,-17,-11,-21,-3,-1,-1,12,3,4,7,-30,-30,-25,-6,sil
25.16038608551025,6,-2,-4,0,0,1,5,6,12,26,11,0,13,11,sil
25.17566537857056,20,0,6,-2,11,3,3,10,18,32,34,23,39,27,sil
25.17566537857056,12,0,1,-2,7,-8,-1,8,15,11,22,20,29,17,sil
25.1907811164856,3,2,-4,-11,-9,-16,-14,3,2,-12,16,12,12,-4,sil
25.1907811164856,13,6,4,-8,-7,-9,-9,3,4,-11,25,24,12,1,sil
25.206072330474854,26,13,28,10,4,-3,-1,2,3,-6,25,38,12,12,sil
25.206072330474854,18,16,30,18,0,-4,-5,-4,-13,-13,14,26,6,-2,sil
25.22233963012696,2,12,15,15,0,0,-8,-8,-18,-10,8,8,-1,-13,sil
25.22233963012696,-6,12,13,23,4,7,-3,-2,-10,-2,0,7,-10,-2,sil
25.23795819282532,-1,7,12,28,-1,1,-1,1,-7,0,-14,7,-8,4,sil
25.23795819282532,0,-3,2,13,-12,-1,-4,0,-8,0,-22,-2,-3,4,sil
25.252991199493408,-14,-15,-5,0,-10,2,-2,-6,-11,-3,-20,-14,-9,2,sil
25.252991199493408,-17,-19,-8,0,-5,0,6,-8,-7,-2,-8,-9,-4,7,sil
25.26877331733704,1,-13,-4,0,-9,-5,7,5,12,12,7,6,19,14,sil
25.26877331733704,9,-5,-6,-9,-8,-5,-5,11,20,15,15,7,29,9,sil
25.284210681915283,2,0,-9,-17,1,-4,-16,-3,0,-9,15,0,9,-9,sil
25.284210681915283,3,10,-2,-6,8,0,-6,-12,-10,-22,17,3,-7,-23,sil
25.30004978179932,1,17,7,8,11,11,7,-1,-1,-1,16,1,-5,-15,sil
25.30004978179932,-4,17,11,12,21,21,13,5,2,12,2,-11,-4,0,sil
25.3149311542511,0,9,-5,7,25,22,13,1,8,10,-21,-25,-13,0,sil
25.3149311542511,-6,-11,-22,-16,7,12,9,0,12,13,-42,-30,-24,-3,sil
25.330470085144043,-18,-27,-31,-46,-11,1,8,1,5,19,-48,-35,-21,2,sil
25.330470085144043,-18,-29,-38,-51,-14,-5,3,0,2,4,-47,-38,-12,4,sil
25.34646964073181,-16,-31,-29,-50,-8,-17,-5,8,9,-9,-39,-26,-10,-4,sil
25.34646964073181,-2,-23,-15,-50,-5,-21,-1,18,21,2,-12,-7,2,0,sil
25.36219787597656,12,-5,-7,-29,-4,-16,-4,0,11,-2,7,0,17,0,sil
25.36219787597656,2,0,-3,-2,-4,-15,-20,-21,-19,-38,1,-5,-1,-17,sil
25.37775611877441,-1,9,8,9,0,-12,-15,-14,-29,-35,10,1,-17,-22,sil
25.37775611877441,14,25,25,17,8,-1,-3,-2,-14,-2,36,25,-1,-9,sil
25.39371657371521,4,17,21,29,0,-3,-10,-9,-18,-3,25,20,-5,-7,sil
25.39371657371521,-19,4,12,37,-6,-9,-15,-18,-34,-26,0,-1,-30,-15,sil
25.408869743347168,-3,17,34,43,5,2,0,-2,-20,-6,16,14,-8,4,sil
25.408869743347168,23,31,51,59,16,19,21,11,8,35,47,44,34,37,sil
25.42479133605957,12,19,34,60,3,17,16,6,11,24,28,32,30,29,sil
25.42479133605957,-3,1,15,36,-7,16,2,2,0,-5,-1,8,5,7,sil
25.43991184234619,0,0,11,17,0,26,16,11,8,12,10,13,17,16,sil
25.43991184234619,11,0,4,14,4,19,33,19,32,41,29,27,40,29,sil
25.45553731918335,13,-8,-6,6,-12,3,19,17,36,28,10,20,27,18,sil
25.45553731918335,5,-11,-12,0,-13,0,2,2,20,11,-11,0,7,1,sil
25.47106432914734,0,-10,-19,-12,4,-5,-2,0,11,5,-11,-5,9,-1,sil
25.47106432914734,0,-12,-26,-35,0,-11,-10,2,3,-11,-8,1,3,-6,sil
25.48705363273621,1,-14,-27,-42,-15,-11,-16,-10,-4,-18,-9,-1,-11,-13,sil
25.48705363273621,6,-4,-9,-22,-3,-14,-17,-13,-4,-8,-7,0,-7,-8,sil
25.50213432312012,4,7,4,-13,10,-13,-20,-2,-11,-11,0,2,3,-6,sil
25.50213432312012,-4,1,-17,-19,4,0,-13,-7,-16,-13,0,-17,-6,-14,sil
25.51760053634644,-9,-3,-19,-23,1,4,-5,-5,-12,-8,-18,-29,-28,-14,sil
25.51760053634644,-6,9,12,-15,4,2,-5,9,-10,-7,-22,-18,-30,-11,sil
25.532761096954346,-8,10,0,1,0,3,0,-1,-7,-1,-10,-30,-18,-14,sil
25.532761096954346,-21,-11,-28,-3,-6,2,0,-9,-13,-11,-25,-48,-27,-16,sil
25.548138856887817,-25,-16,-16,-20,-4,-3,-2,10,-22,-20,-46,-39,-38,-11,sil
25.548138856887817,-15,-7,-3,-16,0,-8,4,9,0,8,-21,-18,-10,0,sil
25.564101457595825,0,-11,0,-11,1,-2,18,0,32,32,9,0,23,17,sil
25.564101457595825,14,-11,5,-8,0,0,14,3,27,18,10,10,28,26,sil
25.579779148101807,19,1,3,-8,-5,-17,-14,-9,1,-4,12,21,22,18,sil
25.579779148101807,16,16,7,-7,-8,-28,-29,-17,-3,-12,26,37,23,8,sil
25.595011711120605,12,22,19,10,0,-15,-12,-5,-1,-13,29,37,16,1,sil
25.595011711120605,3,17,22,24,6,-6,-4,-4,-12,-17,15,10,-2,-11,sil
25.61115860939026,-6,9,15,21,9,5,0,-3,-11,-10,2,0,-7,-14,sil
25.61115860939026,-5,10,17,27,18,30,20,9,3,9,7,8,2,0,sil
25.625789403915405,-2,10,13,40,20,31,29,5,5,11,13,6,0,1,sil
25.625789403915405,-7,5,9,33,5,16,14,-3,-8,-5,4,1,-12,-6,sil
25.64098024368286,-2,3,15,24,0,20,10,3,-5,1,0,9,-9,2,sil
25.656694889068604,4,0,3,22,1,24,15,4,15,25,3,4,4,13,sil
25.656694889068604,0,-11,-10,5,0,10,6,-1,17,18,-2,-7,2,5,sil
25.67185401916504,-9,-19,-14,-9,-5,-3,0,0,0,5,-8,-9,-7,-6,sil
25.67185401916504,-4,-13,-14,-12,-2,-7,3,-1,-10,4,-11,-10,-5,-4,sil
25.68737316131592,12,-2,-1,-10,-2,0,3,3,-3,0,-15,-3,0,5,sil
25.68737316131592,14,-3,-2,-5,-6,6,8,11,2,-2,-7,0,0,7,sil
25.702885389328003,-2,-13,-13,-11,-10,-7,-1,4,-1,4,2,-3,2,0,sil
25.702885389328003,-5,-11,-12,-18,-12,-16,-16,2,3,12,7,-2,12,5,sil
25.718740940094,1,-6,-11,-19,-14,-13,-17,0,6,6,6,-2,14,13,sil
25.718740940094,-5,-5,-11,-25,-13,-14,-16,-3,-15,-16,-6,-8,-4,-2,sil
25.73479986190796,-9,-7,-12,-25,-5,-12,-11,-2,-17,-17,-16,-9,-16,-13,sil
25.73479986190796,-4,-15,-12,-24,-1,-2,-4,5,10,-5,-13,-3,-10,0,sil
25.750845193862915,-1,-10,-6,-17,-2,0,0,10,25,-3,-7,4,2,7,sil
25.750845193862915,5,9,0,1,0,-5,0,0,17,-3,2,11,12,-4,sil
25.766366243362427,11,18,5,5,6,-10,-11,-8,0,-17,0,2,0,-17,sil
25.766366243362427,7,12,0,-1,4,-12,-18,-6,-8,-24,-15,-4,-8,-21,sil
25.781896352767944,6,18,5,7,4,-7,-10,-1,-2,-3,2,15,10,-6,sil
25.781896352767944,14,28,19,18,10,-2,0,-1,0,7,38,28,25,10,sil
25.79702734947205,13,20,12,18,9,-5,1,-5,-2,3,27,6,9,7,sil
25.79702734947205,0,11,8,16,6,-6,-1,-7,-8,1,2,-8,-6,-6,sil
25.81182026863098,-5,13,13,19,12,5,5,-3,-3,0,8,-8,-8,-3,sil
25.81182026863098,1,11,16,18,13,18,9,0,0,3,15,-1,-7,7,sil
25.82701826095581,0,0,15,15,7,17,4,3,0,22,9,4,0,12,sil
25.82701826095581,-9,-12,6,14,4,11,10,0,-1,24,0,-3,2,11,sil
25.842551469802856,-15,-15,1,7,2,17,15,-5,-8,3,-17,-17,-9,1,sil
25.842551469802856,-17,-10,-7,2,0,22,9,-2,-9,0,-23,-20,-14,-10,sil
25.858075618743896,-18,-17,-12,-4,-12,13,10,3,3,13,-13,-11,-2,-1,sil
25.858075618743896,-10,-27,-9,-16,-18,0,13,2,9,14,-6,3,7,11,sil
25.874030828475952,-2,-16,-13,-24,-11,-9,0,-4,-3,-7,-7,8,1,0,sil
25.874030828475952,-3,-3,-12,-32,-9,-10,-8,-1,-12,-24,-14,5,-10,-10,sil
25.890087604522705,9,-2,-5,-20,-6,0,2,11,7,-2,-4,9,0,6,sil
25.890087604522705,28,10,10,0,4,-1,2,12,11,7,20,20,21,20,sil
25.905710697174072,17,18,17,0,0,-16,-15,-2,-17,-26,16,11,7,-1,sil
25.905710697174072,-7,2,0,0,-10,-18,-20,-11,-32,-48,-5,-12,-18,-22,sil
25.92079162597656,-11,0,2,15,0,4,-1,0,-13,-21,-10,-19,-20,-14,sil
25.92079162597656,-4,13,8,24,20,25,33,13,14,18,-5,-16,-5,0,sil
25.9361035823822,-4,1,-4,10,14,20,40,8,23,27,-8,-12,-2,4,sil
25.9361035823822,-9,-20,-17,-4,-2,4,4,3,12,17,-12,-7,-7,-3,sil
25.95231914520264,-7,-23,-28,-15,-12,-11,-21,0,18,16,-11,-5,-3,-5,sil
25.95231914520264,5,-16,-25,-24,-12,-24,-19,1,33,16,0,8,14,10,sil
25.968141794204712,24,-4,-7,-17,-3,-28,-17,3,27,6,23,29,31,16,sil
25.968141794204712,30,10,7,-5,-5,-26,-31,-7,-6,-13,27,32,21,0,sil
25.983815670013428,15,15,5,3,-2,-14,-31,-17,-19,-21,19,18,7,-7,sil
25.983815670013428,7,21,11,15,15,4,-7,-3,7,-3,18,7,9,0,sil
25.998984575271606,2,24,28,16,15,13,5,5,10,6,8,0,0,-1,sil
25.998984575271606,-14,8,1,9,0,7,2,-9,-16,-1,-5,-20,-14,-14,sil
26.01467347145081,-13,0,-12,13,5,8,8,-12,-20,-7,-10,-20,-13,-9,sil
26.01467347145081,0,8,20,26,18,25,28,5,3,5,-6,0,1,6,sil
26.030749082565308,-14,-1,-3,16,12,26,27,3,14,20,-11,-18,3,1,sil
26.030749082565308,-35,-20,-34,-14,0,12,0,-3,-7,7,-27,-39,-14,-12,sil
26.0461003780365,-19,-11,-8,-2,0,10,0,0,-14,0,-19,-21,-14,-5,sil
26.0461003780365,4,3,9,19,5,6,16,3,9,11,3,5,5,19,sil
26.06210565567017,7,-1,12,-9,-2,-2,3,12,19,13,7,20,15,34,sil
26.06210565567017,3,-10,0,-30,-8,-7,-6,11,6,4,9,16,15,15,sil
26.07791018486023,2,-6,-5,-19,-13,-15,-6,-1,-8,-13,7,5,1,-9,sil
26.07791018486023,0,-10,8,-17,-26,-25,-11,-5,-32,-26,-8,7,-13,-15,sil
26.09343099594116,12,-9,17,-12,-23,-25,-14,-2,-37,-16,-2,17,-4,0,sil
26.09343099594116,26,8,36,-2,-14,-19,-15,0,-39,-16,19,33,3,13,sil
26.10867738723755,12,8,57,-11,-26,-21,-17,0,-79,-38,11,30,-14,9,sil
26.10867738723755,-1,3,25,0,-16,-9,-7,-4,-61,-29,-3,0,-26,-5,sil
0.0281553268432617,-4,14,-20,31,23,23,10,-9,35,10,0,-22,-6,-10,sil
0.0281553268432617,-11,1,-33,19,26,32,19,0,66,33,-5,-31,10,-1,sil
0.0431382656097412,-7,-11,-40,-4,11,13,22,11,50,27,-7,-24,11,0,sil
0.0431382656097412,6,3,-35,-5,17,1,16,8,51,1,4,0,13,-8,sil
0.0431382656097412,7,8,-11,-1,14,0,-3,0,29,-12,1,10,12,-10,sil
0.0578885078430175,1,5,-6,5,9,3,-3,-4,11,2,-4,0,0,-5,sil
0.0729479789733886,-2,10,-1,15,13,12,11,-4,7,8,-6,-2,-18,-4,sil
0.0729479789733886,-9,4,0,15,11,15,13,2,2,10,-11,-5,-15,0,sil
0.0890398025512695,-5,-11,-10,5,-1,0,3,6,16,25,-8,-9,5,5,sil
0.0890398025512695,-2,-25,-14,-19,-15,-17,-14,4,20,19,0,0,8,1,sil
0.1046535968780517,-10,-21,-13,-28,-15,-16,-25,0,0,0,11,8,3,-10,sil
0.1046535968780517,0,11,9,-4,0,-6,-15,-9,-16,-5,21,13,10,-9,sil
0.1207301616668701,15,28,34,17,7,2,-2,-12,-19,-8,14,7,9,1,sil
0.1207301616668701,0,0,15,11,4,12,5,0,-10,-8,2,-7,-6,2,sil
0.1359903812408447,-20,-15,0,3,3,18,10,7,-4,0,-1,-10,-10,1,sil
0.1359903812408447,-15,-9,-9,1,-2,3,5,3,-8,3,-14,-16,0,8,sil
0.1515333652496338,-3,-13,-19,-20,-20,-26,-18,-5,-20,-15,-19,-18,-1,4,sil
0.1515333652496338,4,-8,1,-26,-20,-26,-24,-8,-27,-26,0,1,-7,0,sil
0.1666698455810547,10,18,24,14,3,7,2,0,-13,-1,17,12,6,9,sil
0.1666698455810547,14,22,26,33,10,25,23,8,4,18,4,5,10,18,sil
0.1827709674835205,8,0,7,9,-2,11,19,2,8,10,-13,-3,1,11,sil
0.1827709674835205,1,-14,-8,-11,-8,-5,2,0,4,-7,-6,0,6,-2,sil
0.1987233161926269,8,0,-3,-14,-3,-10,-11,6,4,-9,13,18,17,-2,sil
0.1987233161926269,14,22,9,8,5,-10,-16,0,-4,0,17,25,9,4,sil
0.2138738632202148,2,16,14,30,14,-2,-6,-7,-10,1,0,7,-11,-1,sil
0.2138738632202148,-18,-12,-9,1,3,11,14,4,9,10,-20,-20,-20,-12,sil
0.2290129661560058,-22,-29,-32,-41,-13,4,19,10,26,14,-25,-23,-12,-6,sil
0.2290129661560058,0,-17,-17,-27,-10,-7,2,1,16,3,-10,4,0,4,sil
0.2450037002563476,22,0,-3,0,4,-3,0,6,10,0,8,19,6,10,sil
0.2450037002563476,19,4,1,-19,3,-4,5,7,9,0,12,11,6,6,sil
0.2603726387023926,6,9,6,-19,-4,-11,0,-2,-3,-3,14,6,7,-2,sil
0.2603726387023926,2,15,7,13,0,-8,-14,-13,-21,-10,21,9,6,-13,sil
0.2763640880584717,-2,9,10,6,4,-5,-21,-19,-31,-23,10,2,-7,-20,sil
0.2763640880584717,-18,9,5,-7,7,0,-13,-19,-26,-21,-5,-14,-21,-16,sil
0.291971206665039,-21,22,7,13,14,20,0,-7,-14,-3,-2,-13,-16,-6,sil
0.291971206665039,-7,14,9,35,15,26,7,-1,-10,-3,1,-10,-12,-2,sil
0.3072323799133301,-8,-7,0,28,7,8,6,-6,-13,-10,-11,-21,-18,-3,sil
0.3072323799133301,-14,-10,0,17,1,4,9,4,2,10,-15,-16,-5,3,sil
0.322770357131958,-4,-13,1,7,-3,15,21,22,26,33,-2,-3,14,13,sil
0.322770357131958,4,-20,-7,-5,-4,9,21,13,30,19,-9,-6,4,9,sil
0.3379466533660888,1,-11,-13,-6,4,2,8,3,22,8,-21,-10,0,5,sil
0.3379466533660888,1,-3,-10,0,0,1,1,8,18,11,-4,-2,17,5,sil
0.3540234565734863,7,-9,-4,-5,-15,-14,-2,10,18,6,11,8,17,4,sil
0.3540234565734863,1,-14,-14,-12,-18,-30,-9,7,17,3,3,10,7,5,sil
0.369539737701416,-9,-14,-17,-16,-11,-21,-20,4,8,-3,-5,9,8,0,please
0.369539737701416,1,-6,-1,-10,-14,-14,-20,0,0,-10,5,20,7,0,please
0.3847479820251465,23,6,11,1,-13,-18,-12,-5,-2,-4,27,35,8,8,please
0.3847479820251465,23,14,19,6,0,-13,-11,-11,-17,-9,31,33,12,3,please
0.400747537612915,8,10,12,4,1,-3,-11,-16,-21,-12,18,18,13,-4,please
0.400747537612915,5,9,6,-1,-2,-5,-8,-9,-12,0,17,13,9,-4,please
0.4167506694793701,5,14,9,0,4,-2,-6,-6,-13,-4,17,5,2,-3,please
0.4167506694793701,-1,10,13,8,0,10,-6,-13,-26,-22,0,-14,-11,-6,please
0.4321966171264648,-7,8,17,16,0,17,-2,-11,-27,-17,-16,-20,-23,-11,please
0.4321966171264648,-5,19,7,27,20,20,11,0,-9,-3,-19,-18,-23,-8,please
0.4477474689483642,-3,12,-7,15,27,18,17,7,3,0,-20,-23,-19,3,please
0.4477474689483642,-10,-12,-15,-15,3,12,19,11,2,12,-23,-29,-18,0,please
0.4629130363464355,-17,-15,-19,-18,0,22,32,13,6,24,-27,-26,-15,-3,please
0.4629130363464355,-2,2,-11,-7,15,32,36,12,20,22,-23,-11,-8,12,please
0.478933572769165,3,0,-13,-22,10,15,22,10,25,14,-19,-6,-4,18,please
0.478933572769165,-12,-20,-28,-42,0,2,9,4,11,5,-23,-18,-5,6,please
0.4940159320831299,-11,-21,-17,-33,0,3,-2,3,7,7,-20,-21,-2,0,please
0.4940159320831299,0,-9,-8,-15,0,-11,-21,1,16,9,-12,-17,5,-7,please
0.5097596645355225,-10,-17,-21,-25,-12,-32,-27,0,16,0,3,-6,17,-13,please
0.5097596645355225,-1,-19,-18,-35,-21,-27,-10,9,20,6,38,19,29,-2,please
0.5250189304351807,16,2,8,-8,-15,-16,-4,4,14,9,44,32,26,0,please
0.5250189304351807,9,22,26,25,4,-16,-16,-17,-18,-19,16,22,6,-11,please
0.5411479473114014,6,26,32,39,10,-15,-14,-19,-30,-28,16,26,4,-3,please
0.5411479473114014,18,25,39,48,-5,-14,-10,-8,-19,-27,30,39,6,3,please
0.5571579933166504,8,20,36,54,-12,-10,-16,-14,-27,-45,22,24,-6,-1,please
0.5571579933166504,-10,12,31,39,-2,0,-11,-14,-35,-30,9,2,-9,0,please
0.5726678371429443,-2,0,22,27,0,10,4,-1,-20,14,6,3,3,6,please
0.5726678371429443,7,0,9,36,2,16,13,5,-4,25,5,12,2,6,please
0.5876965522766113,-1,0,8,36,6,23,23,9,10,15,0,7,-3,14,please
0.5876965522766113,-1,-13,-1,14,3,26,30,9,22,18,-18,-9,-2,15,please
0.6030764579772949,8,-21,-23,-15,0,8,10,3,17,16,-24,-17,-3,1,please
0.6030764579772949,3,-14,-33,-34,-4,-16,-9,4,16,5,-19,-11,-2,-5,please
0.6191773414611816,-9,-18,-38,-40,-13,-18,-6,9,13,-4,-25,-14,-4,0,please
0.6191773414611816,-5,-19,-25,-41,-11,-7,-4,2,-5,-7,-18,-14,-3,0,please
0.6350748538970947,10,6,-8,-21,8,-2,-12,-1,-3,8,6,2,10,0,please
0.6350748538970947,16,24,-3,-6,19,0,-14,0,11,7,21,15,12,1,please
0.6498208045959473,7,9,0,-15,6,0,-9,-2,4,-9,21,9,-3,-2,please
0.6498208045959473,-3,0,-1,-18,-3,-3,0,-4,-3,-6,10,-6,-7,-14,please
0.6656317710876465,-6,4,0,-13,3,-2,6,0,-1,-1,0,-7,-4,-15,please
0.6807236671447754,-9,5,8,-10,7,1,6,0,-3,-12,-1,-6,-10,-6,please
0.6807236671447754,-21,0,1,0,0,7,0,-13,-12,-9,-10,-24,-15,-12,please
0.6967506408691406,-20,2,-2,6,0,22,0,-14,-19,-1,-19,-30,-13,-20,please
0.6967506408691406,-1,6,13,15,8,31,7,3,-12,0,-8,-5,0,-1,please
0.7129628658294678,2,3,15,26,6,18,9,7,3,12,0,8,9,17,please
0.7129628658294678,-12,-7,-9,14,-1,6,5,0,11,25,-16,-13,0,9,please
0.7129628658294678,-19,-22,-24,-8,-3,7,11,5,12,16,-27,-26,-11,2,please
0.7275433540344238,-4,-18,-10,-11,-5,6,21,20,23,10,-13,-4,-1,11,please
0.7431602478027344,9,-8,-7,-7,-7,-2,18,23,34,22,1,12,13,17,please
0.7431602478027344,6,-12,-15,-10,-8,-17,0,15,17,6,0,12,7,11,please
0.7586750984191895,5,-8,-6,-1,-7,-33,-11,0,0,-19,8,20,10,5,please
0.7586750984191895,15,9,11,-2,-2,-35,-12,-8,0,-10,32,31,26,6,please
0.7747867107391357,11,15,17,-15,3,-23,-18,-14,-4,-3,32,27,17,-2,please
0.7747867107391357,5,17,8,5,2,-14,-23,-15,-12,-14,13,13,-3,-12,please
0.7904448509216309,13,21,15,21,-3,-7,-20,-10,-15,-14,10,8,-4,-5,please
0.7904448509216309,14,19,24,6,-2,0,-9,-9,-20,-11,14,8,1,-5,please
0.8060402870178223,6,18,15,9,2,-2,-6,-14,-22,-19,5,1,0,-13,please
0.8060402870178223,2,14,16,20,0,-3,-9,-5,-22,-24,-6,-4,-10,-5,please
0.8216357231140137,-1,1,19,12,0,11,1,-2,-22,-15,-5,-11,-13,-2,sil
0.8216357231140137,-6,-1,11,12,6,18,10,-9,-16,-2,-1,-14,-8,-8,sil
0.8371243476867676,-2,2,5,22,10,15,10,4,0,7,-6,-9,-7,2,sil
0.8371243476867676,-5,-4,-4,17,6,18,16,15,9,11,-14,-10,-9,10,sil
0.8527326583862305,-12,-22,-13,2,2,19,12,2,3,13,-10,-12,-5,3,sil
0.8527326583862305,-3,-26,-11,-6,0,13,6,6,11,23,0,-3,2,11,sil
0.8678622245788574,4,-15,-12,-7,0,9,17,14,32,29,0,0,5,20,sil
0.8678622245788574,-2,-9,-24,-11,0,5,17,5,23,12,-13,-7,1,0,sil
0.8839397430419922,-11,-23,-34,-31,-8,-1,0,4,2,0,-10,-4,0,-8,sil
0.8839397430419922,-8,-28,-29,-43,-11,-7,-12,8,11,6,3,6,8,0,sil
0.8994662761688232,4,-6,-20,-22,-2,-10,-7,0,22,10,7,9,16,0,sil
0.8994662761688232,11,15,-3,-4,0,-10,-5,-2,5,-9,9,13,12,-4,sil
0.914846658706665,5,22,10,0,-1,-11,-8,-1,-4,-16,20,18,13,-5,sil
0.9153380393981934,4,22,14,10,0,-17,-11,-8,-10,-13,15,8,5,-11,sil
0.930755615234375,0,18,16,6,0,-12,-16,-14,-31,-25,-7,-8,-19,-22,sil
0.930755615234375,-13,11,11,3,-2,5,-6,-11,-23,-15,-18,-18,-20,-21,sil
0.9467885494232178,-12,9,9,14,0,15,13,-4,0,5,-15,-12,-7,-5,sil
0.9467885494232178,-7,3,7,17,3,8,18,0,0,7,-17,-15,-21,5,sil
0.9628944396972656,-15,-11,-11,4,0,5,11,8,3,16,-15,-22,-22,10,sil
0.9628944396972656,-6,-13,-5,-4,0,6,14,17,22,24,-1,-4,2,20,sil
0.9780840873718262,9,-5,7,-1,2,-5,11,7,25,11,6,9,11,26,sil
0.9780840873718262,5,-12,-1,-9,-5,-23,-18,-5,8,-2,-1,1,0,11,sil
0.996685266494751,3,-5,0,-16,-6,-11,-31,-1,-6,-9,0,7,3,-2,sil
0.996685266494751,22,19,8,5,9,2,-7,0,-3,-9,29,21,19,1,sil
1.0097076892852783,23,28,23,18,11,-8,-5,-4,-13,-11,31,20,12,5,sil
1.0097076892852783,3,17,35,16,1,-1,-8,0,-25,-5,3,9,-2,2,sil
1.0251245498657229,-1,8,9,23,8,28,22,2,6,17,2,0,7,5,sil
1.0251245498657229,5,-6,-16,7,2,25,24,6,32,26,7,-3,19,9,sil
1.0410568714141846,-1,-24,-18,-26,-22,-3,-8,6,9,4,-14,-6,5,6,sil
1.0410568714141846,-10,-26,-27,-33,-18,-11,-6,-2,-2,-9,-18,-9,-1,-4,sil
1.0564448833465576,2,-13,-25,-20,1,-8,5,-6,0,-13,8,4,6,-11,sil
1.0564448833465576,12,2,2,-7,2,-14,-15,-6,-26,-23,18,17,0,-14,sil
1.0723063945770264,3,11,18,9,0,-7,-24,-11,-39,-25,6,10,-14,-20,sil
1.0723063945770264,0,10,12,17,9,12,0,-5,-14,-13,-1,3,-15,-15,sil
1.0878958702087402,-4,5,10,11,11,17,8,1,-7,-3,-5,3,-10,-3,sil
1.0878958702087402,-20,-4,-4,6,8,6,5,0,-11,3,-12,-12,-8,-3,sil
1.103907585144043,-29,-18,-25,-7,0,1,7,2,-1,3,-30,-32,-14,-15,sil
1.103907585144043,-30,-21,-21,-19,-15,3,7,7,1,-2,-41,-30,-20,-14,sil
1.1197302341461182,-13,-8,-10,-5,-11,4,13,2,11,13,-19,-13,-7,4,sil
1.1197302341461182,12,4,2,5,0,0,8,2,25,19,9,4,12,17,sil
1.1350104808807373,18,6,8,0,-3,-17,-14,0,10,-14,5,9,6,3,sil
1.1350104808807373,7,10,6,1,-2,-22,-23,-7,-9,-31,0,2,-10,-9,sil
1.150080680847168,6,18,19,20,10,0,0,-2,0,-1,13,1,-4,-2,sil
1.150080680847168,9,12,25,34,12,21,27,9,23,39,20,5,11,18,sil
1.166084051132202,7,-4,7,19,6,13,21,9,35,52,17,12,20,31,sil
1.166084051132202,4,-15,-11,-14,-2,-1,3,3,34,37,16,13,23,24,sil
1.1821839809417725,-3,-15,-19,-28,-13,-8,-5,-2,18,5,19,5,21,4,sil
1.1821839809417725,-2,0,-4,-12,-2,-6,-15,-7,-1,-11,24,7,12,-7,sil
1.1978139877319336,11,24,11,14,16,4,-5,-3,-4,-2,20,12,4,-6,sil
1.1978139877319336,15,33,18,31,16,19,20,5,0,1,2,3,0,5,sil
1.213930368423462,4,9,10,13,1,13,20,13,0,0,-14,-2,-3,17,sil
1.213930368423462,0,-17,-15,-30,-15,-12,-5,11,-1,3,-20,0,-1,10,sil
1.2298057079315186,2,-13,-19,-44,-20,-29,-24,0,-15,-16,-13,3,0,-8,sil
1.2298057079315186,4,10,-1,-11,-6,-28,-25,-6,-26,-45,-2,2,-8,-14,sil
1.245708703994751,0,16,7,9,1,-14,-17,-7,-28,-33,-4,-6,-15,-8,sil
1.245708703994751,-10,3,4,0,1,5,-3,-9,-29,-8,-15,-17,-15,-8,sil
1.2613012790679932,-20,-8,-3,-2,0,9,-2,-15,-34,-17,-23,-21,-24,-14,sil
1.2613012790679932,-22,-16,-8,0,-3,0,-13,-17,-40,-27,-27,-21,-34,-17,sil
1.27698016166687,-8,-17,-1,9,0,9,0,-3,-17,2,-10,-8,-14,-6,sil
1.27698016166687,0,-15,2,5,9,30,20,12,21,29,7,3,9,6,sil
1.2921009063720703,-11,-23,-17,-21,-2,16,13,13,27,23,0,-7,7,1,sil
1.2921009063720703,-7,-19,-25,-27,-14,-10,1,8,19,18,-8,-10,10,-2,sil
1.308140516281128,15,5,7,1,0,-10,0,6,31,23,9,21,33,8,sil
1.308140516281128,20,14,8,11,8,-5,0,0,34,17,23,27,37,11,sil
1.3239057064056396,0,5,-20,-8,0,-13,-9,-8,1,-5,13,-3,6,-10,sil
1.3239057064056396,-5,14,-3,-7,0,-3,-12,-14,-20,-27,4,-4,-15,-27,sil
1.3388361930847168,1,25,22,16,13,18,4,-5,-3,-18,9,7,-10,-14,sil
1.3388361930847168,-3,14,17,17,14,14,16,0,1,-4,0,-6,-11,-2,sil
1.354837417602539,-10,2,8,13,4,9,15,-4,-8,-5,-16,-16,-22,-3,sil
1.354837417602539,3,3,12,24,8,22,24,2,6,2,-7,0,-9,5,sil
1.3703782558441162,10,-7,12,13,10,18,18,18,22,21,2,10,8,20,sil
1.3703782558441162,-4,-23,-6,-17,-9,-6,-3,6,8,23,-11,0,6,22,sil
1.3855218887329102,-5,-17,-11,-18,-21,-15,-11,0,4,9,-9,0,4,20,sil
1.3855218887329102,17,-4,5,5,-10,-9,-7,18,24,10,16,19,19,23,sil
1.400207757949829,28,0,10,5,-5,-15,-12,13,17,11,24,31,25,20,sil
1.400207757949829,9,1,3,-11,-10,-31,-17,-12,-14,-13,14,20,6,0,sil
1.416120529174805,-3,5,0,0,-9,-29,-18,-16,-21,-29,10,0,-6,-15,sil
1.416120529174805,6,22,7,16,4,-6,-13,-3,-8,-17,22,4,0,-5,sil
1.4311206340789795,13,33,14,20,15,7,3,-1,-10,-5,36,17,7,2,sil
1.4311206340789795,-4,12,11,19,3,8,6,-10,-30,-13,16,1,-1,-6,sil
1.4468891620635986,-15,-1,4,15,-4,14,1,-11,-33,-10,-11,-17,-13,-11,sil
1.4468891620635986,-5,2,-4,15,4,17,19,3,0,19,-8,-14,-3,0,sil
1.462310791015625,-6,-13,-10,1,3,16,28,14,18,33,-14,-14,1,2,sil
1.462310791015625,-16,-28,-17,-22,-3,16,17,5,13,18,-40,-23,-6,-3,sil
1.477467060089111,-5,-15,-21,-23,0,0,4,0,14,8,-28,-14,-4,-1,sil
1.477467060089111,1,-9,-11,-17,-3,-19,-12,5,14,-1,-5,0,3,2,sil
1.4937505722045898,-9,-14,-22,-23,-12,-20,-22,-2,6,-19,-11,-2,6,-10,sil
1.508937120437622,-6,-5,-19,-23,-4,-12,-20,-8,-13,-32,-10,5,2,-16,sil
1.508937120437622,11,10,11,-10,9,-5,-16,2,-20,-22,4,20,-4,-7,sil
1.508937120437622,7,15,-1,-2,13,-3,-5,-1,0,-1,0,-3,-12,-11,sil
1.5247323513031006,-10,8,-13,-13,9,1,-2,-5,-1,-3,-19,-26,-24,-13,sil
1.5247323513031006,-13,1,4,-17,2,19,0,6,-16,-4,-22,-26,-27,-3,sil
1.5411779880523682,-16,-5,-12,-14,0,27,11,0,0,14,-24,-37,-18,-4,sil
1.5558948516845703,-20,-20,-27,-19,-4,13,12,-4,16,23,-29,-41,-15,-3,sil
1.5558948516845703,-8,-20,-6,-14,-4,6,3,4,16,27,-10,-12,-3,14,sil
1.5719780921936035,12,-2,5,3,5,3,6,6,21,29,20,17,26,27,sil
1.5719780921936035,25,10,16,18,10,-7,9,4,21,14,38,31,44,27,sil
1.5719780921936035,18,13,28,20,0,-15,-6,-1,1,-7,40,32,27,9,sil
1.5871412754058838,6,11,22,15,-14,-24,-27,-16,-25,-32,31,28,-1,-15,sil
1.602684736251831,12,23,30,30,-8,-21,-21,-12,-30,-41,32,31,-2,-10,sil
1.602684736251831,22,38,51,64,12,5,5,2,-11,-17,38,38,17,10,sil
1.6181368827819824,10,23,36,62,20,24,19,2,-1,5,17,19,8,5,sil
1.6181368827819824,-7,-6,8,20,1,16,17,0,0,5,-11,0,-13,-5,sil
1.6346487998962402,-8,-18,-4,-2,-13,7,24,1,16,11,-6,3,-5,0,sil
1.6346487998962402,-3,-21,-19,-4,-11,4,26,3,27,19,-1,0,1,5,sil
1.6491849422454834,-8,-22,-26,-13,-10,0,6,3,11,8,-17,-20,-6,-3,sil
1.6491849422454834,-10,-20,-28,-19,-19,-14,-15,0,-6,-2,-23,-22,-1,-2,sil
1.6648516654968262,0,-18,-25,-24,-18,-21,-22,0,-9,-4,-12,-2,11,7,sil
1.6648516654968262,10,-8,-11,-30,0,-17,-13,3,-3,-5,-1,4,15,6,sil
1.6799964904785156,8,9,-5,-23,5,-14,-13,2,0,-7,0,0,12,-2,sil
1.6799964904785156,-2,13,-4,-12,2,-11,-23,0,-9,-13,-2,0,-1,-12,sil
1.6958909034729004,-4,8,-2,-6,8,4,-13,-2,-12,-14,-2,0,-15,-20,sil
1.6958909034729004,4,12,4,0,16,17,3,0,-9,-6,0,-4,-13,-11,sil
1.711522102355957,8,21,21,12,16,10,3,0,-9,0,5,2,-5,1,sil
1.711522102355957,0,20,15,19,9,7,5,0,-3,8,5,0,-4,2,sil
1.7271273136138916,-14,-2,-3,3,2,19,12,2,0,9,-11,-21,-12,-1,sil
1.7271273136138916,-19,-22,-14,-11,0,21,12,3,5,13,-23,-25,-11,0,sil
1.7427372932434082,-6,-11,-7,2,1,7,16,-1,13,21,-9,-6,-2,11,sil
1.7427372932434082,-1,-2,2,7,0,4,19,0,14,16,-3,-2,-6,11,sil
1.7586684226989746,-17,-25,-16,-18,-2,9,3,0,8,0,-24,-23,-15,-6,sil
1.7586684226989746,-18,-31,-26,-34,-7,-3,-13,-2,-1,-10,-25,-20,-12,-6,sil
1.7737503051757812,6,-2,-3,-9,-6,-20,-6,1,-1,-5,0,7,3,10,sil
1.7737503051757812,20,8,6,5,-3,-14,4,11,13,8,18,19,23,13,sil
1.7891278266906738,11,4,8,-2,0,-3,0,5,14,8,24,17,28,4,sil
1.7891278266906738,12,13,5,3,0,-11,-4,-10,-2,-10,19,12,16,-2,sil
1.8047335147857664,15,14,2,5,-3,-20,-13,-14,-12,-28,8,11,7,-7,sil
1.8047335147857664,12,11,10,-3,-2,-19,-18,-4,-6,-11,20,17,16,-2,sil
1.8202216625213623,13,26,24,18,9,-12,-4,0,1,15,38,20,22,8,sil
1.8202216625213623,9,33,30,44,19,5,0,-2,-1,8,26,14,10,7,sil
1.8353605270385744,-8,5,9,27,4,20,-3,-2,0,-2,6,-4,-7,-6,sil
1.8353605270385744,-17,-12,-8,4,-4,17,4,3,4,3,-2,-19,-21,-10,sil
1.851035118103028,-6,2,5,17,8,21,23,10,0,5,-13,-8,-22,0,sil
1.851035118103028,-2,3,5,22,5,25,20,4,-8,1,-27,-1,-21,6,sil
1.866713285446167,-15,-23,-18,-18,-21,5,-3,-5,-14,-4,-40,-15,-29,-3,sil
1.866713285446167,-24,-31,-29,-44,-25,-6,-7,-3,-9,-9,-37,-22,-26,-14,sil
1.882055759429932,-13,-17,-22,-28,-10,-1,3,2,1,-8,-20,-3,-5,-6,sil
1.882055759429932,4,-18,-14,-26,-11,-4,-3,5,9,1,-7,14,11,8,sil
1.89783787727356,5,-24,-14,-40,-16,-13,-13,1,9,11,10,14,17,10,sil
1.89783787727356,-1,-15,-6,-31,-2,-14,-12,-5,0,0,18,6,9,-2,sil
1.9138755798339844,4,2,1,-1,9,-12,-15,-6,-16,-21,2,2,-1,-18,sil
1.9138755798339844,12,17,9,12,7,-12,-17,-6,-21,-26,5,8,5,-21,sil
1.929686546325684,9,21,20,12,8,-8,-3,-5,-8,-15,28,17,14,-10,sil
1.929686546325684,7,18,20,16,16,0,4,-2,0,-8,17,4,-1,0,sil
1.9450671672821045,4,21,20,31,16,4,1,-8,-6,-9,-6,-16,-12,-2,sil
1.9450671672821045,9,29,26,49,11,7,13,-2,1,6,6,-10,8,8,sil
1.9608407020568848,13,20,20,45,16,21,33,15,20,34,20,8,22,33,sil
1.9608407020568848,4,0,4,18,12,28,28,16,27,36,0,-4,5,24,sil
1.9760217666625977,-5,-13,-7,-2,-7,13,7,6,23,20,-16,-25,-2,3,sil
1.9760217666625977,-8,-15,-11,-9,-11,5,0,10,11,16,-11,-13,4,5,sil
1.9921116828918457,-6,-13,-16,-7,0,11,6,10,4,15,-15,-7,0,5,sil
1.9921116828918457,-7,-18,-15,-11,-2,-6,4,0,6,3,-24,-14,-2,-2,sil
2.012740135192871,-6,-21,-15,-22,-9,-29,-10,0,6,-2,-10,2,11,1,sil
2.012740135192871,-9,-17,-28,-31,-10,-24,-17,0,0,0,6,12,12,3,sil
2.02275824546814,-15,-15,-23,-42,-11,-15,-16,-6,-8,-7,-5,-1,-5,-9,sil
2.02275824546814,-9,-5,-11,-31,-12,-16,-15,-11,-12,-13,-10,-2,-11,-13,sil
2.038729190826416,3,11,-4,0,-9,-5,-11,-8,-11,-12,17,17,1,-1,sil
2.038729190826416,7,23,18,14,0,3,-6,-2,-15,-18,31,37,6,1,sil
2.0537986755371094,13,27,29,13,12,2,-1,-2,-13,-14,19,36,-1,-1,sil
2.0537986755371094,21,29,18,21,19,6,1,-7,-8,0,11,13,-9,-7,sil
2.069526433944702,12,19,14,23,13,19,9,-6,-9,-3,8,-4,-14,-6,sil
2.069526433944702,-5,1,12,12,1,17,11,0,-13,-10,-1,-9,-17,-1,sil
2.085700511932373,-11,-10,2,3,-5,5,1,4,-9,2,-6,-13,-17,-2,sil
2.085700511932373,-6,-14,-7,5,-6,0,2,3,8,17,-5,-18,-4,0,sil
2.100734233856201,0,-11,-5,4,-5,5,9,0,15,8,-11,-12,7,14,sil
2.100734233856201,3,-14,-4,-8,-10,9,6,4,7,2,-17,-12,2,16,sil
2.116767406463623,-3,-25,-20,-18,-14,0,0,9,13,8,-15,-18,-1,-1,sil
2.116767406463623,-10,-20,-22,-19,-5,-11,-7,7,24,0,-1,-2,12,-8,sil
2.134486436843872,6,5,1,-4,9,-13,-6,7,23,-2,15,16,28,2,sil
2.134486436843872,24,26,20,9,17,-11,-5,3,12,2,19,10,19,0,sil
2.148014783859253,17,23,19,11,15,-10,-10,-11,-11,-1,12,-1,0,-11,sil
2.164047718048096,2,16,18,15,13,-1,-4,-18,-31,-13,8,5,-10,-8,sil
2.164047718048096,-9,10,18,17,10,9,7,-8,-29,-19,1,3,-17,-7,sil
2.164047718048096,-21,-6,-3,6,-6,8,6,-3,-19,-19,-17,-16,-24,-16,sil
2.179377794265747,-21,-19,-20,-9,-15,5,5,-3,-10,-13,-34,-23,-25,-11,sil
2.179377794265747,-15,-20,-17,-24,-8,5,11,0,2,0,-29,-12,-13,-1,sil
2.195097208023072,-15,-15,-27,-29,-9,-6,4,0,8,10,-17,-7,0,0,sil
2.195097208023072,-3,-2,-18,-16,-11,-9,-9,1,7,19,-10,0,10,5,sil
2.2101101875305176,14,1,2,1,-4,0,-3,14,22,23,0,12,19,20,sil
2.226346969604492,20,-1,2,-2,0,-9,0,11,21,10,20,24,27,19,sil
2.226346969604492,17,8,6,-1,1,-18,-11,-3,1,-3,27,30,23,5,sil
2.2419509887695312,10,22,16,15,7,2,-7,-6,-1,5,19,16,8,0,sil
2.2419509887695312,-3,9,14,18,9,14,7,-1,5,15,12,1,0,4,sil
2.2419509887695312,-3,0,9,18,6,7,9,-5,2,13,14,0,2,8,sil
2.257960557937622,1,-2,3,9,2,16,11,1,-3,12,0,-4,-2,10,sil
2.257960557937622,-9,-20,-11,-24,-7,24,20,19,2,6,-25,-16,-9,7,sil
2.273988723754883,-18,-23,-25,-31,-13,-2,3,13,12,0,-17,-13,0,2,sil
2.273988723754883,-1,-1,-7,-4,-7,-29,-29,-10,0,-12,17,10,6,-7,sil
2.289669990539551,16,10,16,11,-1,-21,-31,-13,-23,-36,23,22,-3,-18,sil
2.289669990539551,21,17,27,18,4,-5,-11,0,-20,-36,11,15,-6,-7,sil
2.305744171142578,17,21,30,26,14,5,0,6,0,-1,17,8,2,9,sil
2.305744171142578,1,2,9,19,12,19,16,4,8,13,7,-4,0,8,sil
2.3208231925964355,-14,-13,-12,3,-1,20,23,5,2,0,-22,-24,-13,0,please
2.336028814315796,-12,-8,-18,0,-7,7,17,0,1,2,-23,-29,-13,-2,please
2.336028814315796,0,-6,-17,-4,-2,-5,6,-3,6,13,-3,-17,0,-3,please
2.351285219192505,5,-3,-6,-13,-4,-18,-14,-1,0,1,1,6,6,-5,please
2.351285219192505,7,19,2,0,-3,-22,-32,-5,-10,-11,6,24,6,-8,please
2.3668482303619385,7,38,10,16,11,-13,-21,-17,-24,-24,13,15,0,-13,please
2.3668482303619385,-3,20,5,13,15,-7,-5,-19,-30,-24,5,-9,-16,-16,please
2.3829376697540283,-22,-9,-8,-1,-1,0,2,-8,-18,-1,-11,-22,-23,-18,please
2.3829376697540283,-26,-13,-11,-5,0,16,19,1,1,4,-29,-24,-26,-17,please
2.398132801055908,-13,-6,-10,0,16,21,32,2,8,-3,-36,-28,-25,-6,please
2.398132801055908,-2,-10,-4,-2,6,15,22,4,4,11,-19,-13,-1,9,please
2.414299726486206,0,-17,2,-5,-11,11,14,12,15,39,4,4,25,22,please
2.414299726486206,-2,-23,-9,-17,-11,8,11,10,31,37,-1,1,19,21,please
2.4298551082611084,-2,-20,-13,-32,-11,0,0,8,28,21,-16,1,7,17,please
2.4298551082611084,11,-2,1,-25,-14,0,0,17,33,29,4,22,27,25,please
2.445185899734497,16,0,5,-13,-1,6,9,15,50,27,24,27,39,26,please
2.445185899734497,12,-4,0,-15,2,3,-3,4,30,0,16,15,21,9,please
2.460785150527954,12,4,-2,-12,-10,-8,-27,-3,-17,-18,11,9,1,-2,please
2.460785150527954,4,0,-4,-18,-15,-21,-32,-18,-41,-36,6,8,-11,-16,please
2.475944995880127,0,-5,-1,-15,-7,-38,-26,-19,-23,-43,1,9,-7,-19,please
2.475944995880127,7,13,17,18,0,-37,-23,-6,-19,-17,25,22,9,-5,please
2.4911608695983887,8,19,25,37,5,-12,-20,-3,-39,-7,33,19,5,-4,please
2.4911608695983887,0,13,11,23,7,-2,-8,-6,-26,-16,7,-5,-12,-14,please
2.506698608398437,0,26,16,26,1,-4,5,1,7,-4,1,-7,-18,-4,please
2.506698608398437,6,26,24,37,3,4,10,5,2,-7,1,0,-17,2,please
2.522322177886963,0,1,5,15,9,13,2,-5,-17,-34,-16,-10,-20,-10,please
2.522322177886963,-11,-4,-10,0,7,15,0,-7,-15,-27,-17,-23,-17,-16,please
2.537992477416992,-7,4,-1,14,10,14,10,3,-9,-1,-6,-17,-10,-5,please
2.537992477416992,-5,0,4,15,15,10,13,8,-2,15,-8,-11,-6,0,please
2.554054975509644,-12,-7,-12,2,7,16,15,2,14,36,-7,-14,4,2,please
2.554054975509644,-7,-1,-13,8,8,30,21,3,16,39,0,-8,16,8,please
2.5694143772125244,0,0,4,15,12,29,20,5,6,20,-1,-2,5,4,please
2.5694143772125244,-4,-12,-1,2,-2,17,13,2,9,11,-15,-9,-12,4,please
2.5847978591918945,-5,-23,-9,-11,-11,4,10,0,12,11,-15,-4,0,17,please
2.585150241851806,3,-23,-7,-18,-6,-6,6,0,12,15,-3,2,18,18,please
2.600742816925049,3,-19,-20,-31,-10,-15,-2,1,15,16,-1,0,10,3,please
2.600742816925049,-2,-11,-26,-33,-12,-14,-4,4,10,11,-6,0,6,3,please
2.61600661277771,0,-1,-13,-16,-9,-10,-3,6,8,9,-3,5,18,11,please
2.61600661277771,3,1,-5,-14,-10,-16,-17,3,7,-2,1,4,13,1,please
2.631117820739746,3,2,-4,-20,-6,-21,-20,-2,1,-19,10,12,-2,-8,please
2.631117820739746,6,8,4,-7,0,-10,-5,-4,-4,-17,15,16,-8,-1,please
2.6462881565093994,4,14,13,4,0,-4,-1,0,-1,-9,8,5,-3,-2,please
2.6462881565093994,0,12,2,0,-3,-12,-8,-3,2,-12,3,0,0,-15,please
2.6619069576263428,1,9,1,-7,0,-10,-9,-10,-7,-16,6,3,0,-14,please
2.6619069576263428,0,9,4,1,4,-6,-7,-10,-14,-12,16,4,-2,-10,please
2.67710828781128,-4,3,6,3,0,-10,-7,-4,-9,-8,17,8,0,-12,please
2.67710828781128,1,2,19,1,1,1,0,6,-2,-2,1,14,1,-2,please
2.692692756652832,9,13,19,24,15,22,14,7,2,5,1,8,7,9,please
2.692692756652832,7,10,10,23,13,14,5,0,-3,-1,11,1,2,3,please
2.707828998565674,1,-2,10,-1,0,-3,-10,0,-14,-5,2,0,-8,-5,please
2.707828998565674,0,-5,6,5,3,2,-4,-3,-11,0,-7,-4,-8,-2,please
2.723028421401977,1,0,16,21,3,16,-1,-5,-13,-16,-18,-3,-17,-1,please
2.723028421401977,-3,-2,7,5,-7,14,-3,-2,-15,-23,-32,-15,-26,-5,please
2.738408088684082,-20,-17,-26,-9,-7,1,7,-2,-2,0,-24,-32,-12,-4,please
2.753947257995605,-14,-15,-15,-3,1,1,16,5,13,15,-9,-14,2,1,please
2.753947257995605,6,5,10,14,7,16,20,14,26,21,-4,7,7,17,please
2.753947257995605,1,5,-8,12,3,19,19,3,21,31,7,-3,9,26,please
4.189161777496338,-7,0,0,12,21,23,14,-16,-37,-20,-11,-14,-15,-7,please
4.189161777496338,-5,-4,0,12,10,6,20,-5,-18,-3,-16,-11,-12,1,please
4.20468544960022,-7,-12,-3,1,0,0,12,9,1,11,-7,-11,-2,4,please
4.20468544960022,-19,-25,-17,-11,0,4,0,7,1,5,-16,-26,-16,-8,please
4.220763683319092,-31,-37,-35,-25,-7,-7,-2,1,9,-10,-38,-34,-30,-18,please
4.220763683319092,-18,-24,-28,-33,-19,-30,-10,2,19,-4,-23,-16,-8,-14,please
4.235932111740112,4,0,-6,-24,-10,-31,-18,-4,4,3,9,4,10,-9,please
4.235932111740112,13,14,11,-7,7,-10,-14,-11,-19,-7,23,21,12,1,please
4.251556873321533,14,16,23,8,2,-3,-8,-7,-21,-15,21,28,15,14,please
4.251556873321533,15,16,24,14,-8,-13,-13,-3,-13,-1,15,16,10,6,please
4.267144441604614,11,13,22,17,-2,-2,-6,0,-5,9,15,10,0,0,please
4.267144441604614,9,6,16,23,7,22,11,0,2,9,18,15,0,7,please
4.282662868499756,2,0,10,17,0,22,11,-3,-1,4,1,1,-3,7,please
4.282662868499756,-13,0,-3,4,-10,14,12,-2,-8,7,-18,-19,-8,-3,please
4.298719882965088,-13,-1,-18,0,-1,24,21,9,4,23,-14,-23,0,0,please
4.313891887664795,0,-1,-8,0,12,33,23,17,26,30,-7,-12,9,15,please
4.313891887664795,3,-3,-8,-4,6,21,24,17,37,25,-7,-10,9,14,please
4.32978367805481,-4,-14,-24,-21,-4,0,17,13,38,19,-3,-3,11,1,please
4.32978367805481,-4,-13,-24,-32,-8,-19,-4,4,29,5,0,9,15,0,please
4.32978367805481,0,0,-14,-27,-10,-32,-28,-7,0,-18,-2,6,10,0,please
4.3465447425842285,0,-2,-9,-23,-9,-34,-42,-16,-29,-31,-7,-7,0,-16,please
4.3465447425842285,6,-3,3,-14,0,-15,-31,-15,-28,-25,2,2,-2,-20,please
4.36246919631958,15,13,24,5,6,0,-4,-4,-15,-25,22,29,2,-3,please
4.36246919631958,12,21,21,15,11,-5,0,0,-12,-22,30,26,1,-1,please
4.37804651260376,0,10,11,10,15,-7,-14,-6,-5,-11,20,7,-9,-14,please
4.37804651260376,-10,8,21,17,13,4,-9,-2,0,0,0,0,-18,-14,please
4.39413595199585,-6,12,21,37,6,1,5,3,-7,8,-3,-1,-9,0,please
4.39413595199585,2,9,17,35,0,-4,3,-1,-20,5,5,9,0,16,please
4.409654140472412,4,6,18,22,0,5,6,-5,-22,-12,2,13,-4,8,please
4.409654140472412,1,5,5,22,-1,12,16,-2,-15,-17,-10,-9,-10,-6,please
4.425698280334473,0,-1,2,23,-9,11,14,0,-4,3,-4,-11,-3,0,please
4.425698280334473,6,-5,6,17,-4,15,18,7,13,24,5,12,5,21,please
4.440725326538086,14,0,5,10,1,14,23,10,21,19,4,20,5,25,please
4.440725326538086,5,0,1,4,-2,11,14,4,17,16,1,7,7,15,please
4.456381320953369,0,-6,-8,0,0,10,10,7,23,26,-1,-6,11,8,please
4.472297191619873,-2,-3,-5,-1,7,7,17,18,28,12,-11,-13,2,6,please
4.472297191619873,-10,-4,-17,-6,4,0,14,9,23,-2,-14,-19,-1,0,please
4.472297191619873,-12,-17,-39,-31,-6,-15,-11,-2,9,0,-20,-26,0,-3,please
4.487920045852661,-8,-17,-26,-53,-13,-25,-40,3,-5,-9,-27,-25,-9,-3,please
4.487920045852661,-12,-7,-24,-40,-8,-21,-38,-7,-12,-24,-16,-23,-13,-19,please
4.503754138946533,-13,-16,-45,-39,-4,-16,-29,-28,-16,-16,-7,-25,-8,-24,please
4.503754138946533,-8,-31,-43,-61,-12,-10,-27,-12,-9,-3,-13,-16,-2,-7,please
4.519420623779297,-6,-15,-20,-52,-14,-4,-8,2,4,-2,-6,-3,1,-10,please
4.519420623779297,-6,7,-1,-31,0,0,7,-4,-2,-9,0,-5,-9,-25,please
4.534975290298462,-7,10,8,-16,13,16,9,-8,-11,-2,-12,-10,-20,-17,please
4.550755739212036,-8,4,12,14,17,30,16,-2,1,20,-7,-2,0,-3,please
4.550755739212036,0,6,19,35,12,19,31,10,14,29,14,8,14,1,please
4.550755739212036,4,0,20,25,2,2,25,14,6,19,0,7,0,5,please
4.566303253173828,0,-11,3,12,-8,-5,2,1,-3,8,-11,3,-1,3,please
4.581839799880981,12,0,10,23,-14,-21,-2,3,-3,0,26,25,23,16,please
4.581839799880981,39,28,43,47,-1,-25,1,11,2,-6,70,60,45,35,please
4.596989631652832,42,34,39,53,10,-19,-6,-7,-8,-16,66,58,31,17,please
4.596989631652832,23,28,36,34,0,-15,-24,-16,-36,-43,31,34,-1,-2,please
4.612157344818115,9,36,51,42,6,6,-15,-3,-36,-41,21,28,-7,1,please
4.612157344818115,7,29,27,57,32,27,4,-3,-11,-3,24,15,1,5,please
4.628126382827759,0,5,1,30,21,22,5,-3,-3,6,-1,-2,-10,2,please
4.628126382827759,-16,-8,-4,4,-5,12,6,5,2,4,-25,-12,-17,1,please
4.6437296867370605,-17,-13,-12,-2,-8,6,6,3,9,7,-26,-17,-12,2,sil
4.6437296867370605,-8,-9,-9,-14,-2,9,0,0,6,8,-26,-20,-11,6,sil
4.6591408252716064,-11,-11,-16,-20,-2,14,10,2,20,24,-28,-28,-2,3,sil
4.6591408252716064,-16,-25,-29,-34,-11,0,12,7,23,18,-32,-31,-6,-2,sil
4.674742937088013,-10,-22,-26,-43,-14,-7,-4,2,3,-10,-24,-20,-14,-9,sil
4.675150871276856,0,-6,-19,-24,-3,0,-17,-6,-3,-6,-5,-12,-2,-14,sil
4.68990159034729,0,-2,-8,-10,-1,-2,-12,1,0,7,-4,-6,5,-11,sil
4.68990159034729,-1,-11,-16,-17,-8,-6,5,10,17,7,-12,-6,1,-2,sil
4.705695629119873,-9,-22,-25,-38,-7,-1,15,9,27,10,-16,-13,-1,-1,sil
4.705695629119873,-18,-26,-19,-41,-3,1,15,8,25,12,-16,-15,0,-7,sil
4.720774412155151,-2,-15,-11,-15,-2,-9,9,7,21,9,-5,-7,10,3,sil
4.720774412155151,10,0,-2,-5,-1,-21,-8,0,3,10,6,4,11,7,sil
4.736817121505737,0,0,-12,-13,-3,-23,-25,-13,-21,0,5,0,0,-11,sil
4.736817121505737,3,6,-5,-11,-2,-17,-23,-9,-28,-30,5,2,-3,-7,sil
4.75288462638855,16,19,14,4,6,-6,-12,-1,-13,-28,21,17,5,5,sil
4.75288462638855,4,15,7,14,7,0,-11,-10,-4,-4,34,17,11,-2,sil
4.768755674362183,3,18,17,15,2,2,-10,-9,-12,-6,29,24,7,3,sil
4.768755674362183,13,28,24,28,7,8,7,0,-5,0,24,21,0,9,sil
4.783864259719849,0,21,15,32,11,12,11,0,-5,10,4,-1,-21,-8,sil
4.783864259719849,-15,15,23,26,9,18,8,0,-19,-4,-11,-8,-29,-15,sil
4.79976487159729,-10,8,4,34,5,15,17,-6,-12,-6,-4,-10,-6,-9,sil
4.79976487159729,0,-2,0,20,-2,9,11,2,-7,2,-12,-7,-7,0,sil
4.8151280879974365,0,-2,22,0,1,20,12,13,-7,5,-24,0,-16,12,sil
4.8151280879974365,0,-3,3,8,9,18,22,-1,2,5,-6,0,2,14,sil
4.830184698104858,2,-8,-11,7,0,3,8,-4,7,0,2,-2,15,12,sil
4.830184698104858,3,-14,-7,-10,-7,-4,-3,4,13,5,-3,-5,17,10,sil
4.846226453781128,7,-17,-6,-19,-8,-15,-3,8,14,7,0,1,19,11,sil
4.846226453781128,13,-9,0,-10,-8,-18,-5,7,5,-4,7,14,15,15,sil
4.861970901489258,13,-2,1,-5,-4,-9,-9,0,7,-8,13,18,20,9,sil
4.861970901489258,11,1,3,-11,2,-1,-15,-1,9,-5,20,24,21,1,sil
4.87737512588501,4,12,4,7,12,2,-8,-5,6,5,22,15,6,-3,sil
4.87737512588501,0,9,11,23,9,2,4,-9,-2,15,0,-5,-12,-6,sil
4.892516613006592,-7,-10,5,1,-8,3,7,2,-8,17,-29,-13,-20,-1,sil
4.892516613006592,-24,-28,-32,-20,-16,0,9,-1,3,13,-27,-17,-12,-5,sil
4.908201694488525,-21,-25,-27,-29,-6,-7,4,-4,5,-7,-18,-14,-11,-6,sil
4.908201694488525,-4,-13,-2,-22,0,-2,3,7,5,-8,-9,-6,-6,-6,sil
4.923810958862305,-3,-16,-28,-18,-3,-5,-1,2,11,2,-1,-13,0,-13,sil
4.923810958862305,-2,-9,-4,-39,-22,-19,-33,4,-17,-30,-6,1,-10,-7,sil
4.939279556274414,-1,10,9,-20,-23,-19,-36,-4,-28,-33,7,1,-3,-14,sil
4.939279556274414,-1,13,-10,4,-1,-21,-29,-13,-26,-15,8,-12,0,-25,sil
4.955111503601074,3,43,53,6,17,5,-28,24,-31,-29,-8,18,-14,0,sil
4.955111503601074,-3,48,7,60,31,34,25,-16,24,14,23,-5,8,-8,sil
4.970860004425049,-3,-2,-18,25,2,-2,9,-26,-6,6,-3,-28,-17,-15,sil
4.970860004425049,9,17,106,-24,-12,22,-19,54,-59,-35,-48,31,-51,18,sil
4.986002683639526,-4,31,-52,99,47,67,87,-28,84,83,44,-24,45,-4,sil
4.986002683639526,1,-30,-108,41,28,-13,53,-33,79,72,36,-39,37,16,sil
5.002089977264404,15,-2,128,-91,-32,-2,-33,100,-38,-30,-43,75,-35,69,sil
5.002089977264404,-13,0,-74,54,20,43,72,-41,89,83,39,-17,55,-11,sil
5.017772436141968,6,-67,-164,24,17,-58,25,-81,60,35,23,-60,35,-17,sil
5.017772436141968,43,-7,174,-133,-49,-52,-104,102,-101,-117,-49,103,-50,63,sil
5.032917499542236,9,33,58,-3,-9,22,-10,11,1,-2,40,53,34,2,sil
5.032917499542236,5,-8,-111,45,12,-30,14,-76,25,23,40,-39,36,-31,sil
5.048183441162109,21,14,65,-46,-26,-33,-46,19,-88,-77,-31,20,-41,9,sil
5.048183441162109,-9,22,36,0,-5,16,-6,-6,-48,-25,0,-2,-13,-17,sil
5.064062118530273,-22,0,-32,33,20,6,2,-30,-10,4,3,-34,-8,-26,sil
5.064062118530273,-11,14,26,13,8,18,-1,20,-17,-17,-27,-6,-25,-1,sil
5.079347610473633,-21,-8,-7,17,-2,36,29,1,8,11,-23,-24,-8,-9,sil
5.079347610473633,-25,-36,-21,0,-7,20,21,-2,3,21,-35,-33,-18,-2,sil
5.095221757888794,-14,-20,0,0,-7,10,11,16,2,20,-35,-24,-18,5,sil
5.095221757888794,-9,-18,-23,2,-9,-1,13,4,21,25,-14,-26,8,0,sil
5.110742568969727,-5,-20,-16,-26,-12,-11,-4,7,18,11,-2,-5,17,7,sil
5.110742568969727,3,-10,-7,-19,-4,-8,-12,8,21,11,16,18,22,13,sil
5.126425266265869,21,-4,-6,1,0,-14,-8,0,23,7,29,35,26,13,sil
5.126425266265869,28,2,8,-4,-2,-21,-11,5,13,-11,25,42,19,7,sil
5.142069816589356,11,4,-2,-14,-1,-26,-23,-6,1,-13,23,24,11,-11,sil
5.142069816589356,8,15,3,-10,0,-18,-27,-9,-17,-17,23,22,7,-9,sil
5.157682418823242,24,42,30,19,18,10,2,-1,-12,-15,30,33,10,4,sil
5.173206329345703,20,42,27,42,39,17,17,-8,-5,-8,20,13,-3,-4,sil
5.173206329345703,-3,25,25,28,28,11,0,-5,-20,-8,-8,-8,-22,-12,sil
5.173206329345703,-23,10,0,18,4,22,3,-10,-13,0,-14,-22,-16,-10,sil
5.188464641571045,-23,-17,-24,-2,-6,15,10,-6,-5,0,-19,-30,-19,-6,sil
5.204037189483643,-12,-25,-15,-24,-10,3,10,11,0,6,-22,-28,-20,0,sil
5.204037189483643,-4,-20,-17,-21,-17,-6,6,9,16,23,-11,-25,-4,4,sil
5.21919584274292,-3,-24,-18,-37,-26,-24,-11,11,13,3,-10,-4,-3,9,sil
5.21919584274292,-2,-17,-12,-47,-20,-25,-14,2,8,-5,6,17,9,1,sil
5.234816312789917,3,3,8,-20,-7,-19,-16,-13,-8,-13,22,13,10,-12,sil
5.234816312789917,0,24,36,18,4,-3,-16,-10,-33,-29,3,-1,-16,-12,sil
5.250319480895996,-8,23,18,43,19,20,13,-1,-3,1,-9,-10,-12,0,sil
5.250319480895996,1,16,7,37,21,32,38,12,26,35,-8,-6,6,16,sil
5.265715599060059,11,15,17,36,16,36,41,10,19,35,-2,0,9,18,sil
5.265715599060059,5,0,9,33,12,33,32,0,12,30,-5,2,6,15,sil
5.28085994720459,-1,-20,-12,2,0,15,12,2,17,16,-22,-3,4,15,sil
5.28085994720459,-4,-30,-34,-25,-10,-13,-4,1,17,-4,-23,-17,6,7,sil
5.296514511108398,2,-23,-29,-28,-17,-23,-11,0,10,-7,-5,-13,8,2,sil
5.296514511108398,4,-15,-26,-19,-21,-22,-20,2,2,-10,2,-6,4,-7,sil
5.312229633331299,-4,-19,-20,-33,-20,-30,-32,5,-12,-32,0,4,0,-18,sil
5.312229633331299,-4,-15,-23,-32,-9,-25,-17,-6,-3,-16,22,13,18,-14,sil
5.327918767929077,0,0,-20,-21,-3,-20,-14,-15,-3,-2,24,13,14,-6,sil
5.327918767929077,4,26,51,-22,-5,-9,-45,18,-46,-37,-4,33,-25,2,sil
5.344031810760498,1,42,43,34,15,16,-13,-2,-21,-8,16,14,-12,-12,sil
5.344031810760498,-8,11,-21,56,23,14,23,-44,2,23,18,-30,0,-22,sil
5.359228134155273,-17,-11,27,-9,-1,14,4,7,-36,-10,-32,-7,-35,3,sil
5.359228134155273,-12,0,29,4,2,42,27,24,-4,14,-17,3,-17,9,sil
5.374898433685303,6,-3,-25,40,21,29,47,-3,38,43,10,-20,13,5,sil
5.374898433685303,9,-9,14,-1,2,-6,1,13,3,-2,-9,3,0,16,sil
5.390824317932129,0,-3,8,-12,-8,-18,-14,1,2,-7,-4,11,5,0,sil
5.390824317932129,10,-5,-29,0,-4,-27,-6,-12,15,3,6,-6,12,-12,sil
5.405974388122559,24,1,24,-12,-10,-26,-18,15,-11,-27,9,28,2,8,sil
5.405974388122559,14,10,6,15,-8,-13,-3,-8,4,-7,53,41,32,4,sil
5.4215357303619385,17,9,-19,26,0,-19,-2,-28,13,15,58,25,33,0,sil
5.4215357303619385,24,34,59,0,3,-4,-24,10,-27,-22,14,40,-8,16,sil
5.436963319778442,1,40,14,36,14,18,2,-20,-12,-20,18,6,0,-4,sil
5.436963319778442,0,7,-18,19,6,0,-1,-26,-16,-12,7,-10,-1,-4,sil
5.452682971954346,15,18,85,-14,-5,9,-18,43,-35,-10,-15,39,-12,33,sil
5.452682971954346,0,18,13,40,15,34,31,3,24,37,7,-4,16,14,sil
5.468533039093018,-23,-25,-67,4,10,7,31,-21,22,22,-26,-59,-12,-12,sil
5.468533039093018,-25,-29,-19,-63,-10,4,5,24,-5,0,-71,-37,-45,-5,sil
5.484147071838379,-20,-17,-46,-18,3,25,33,7,32,35,-47,-48,-10,-12,sil
5.484147071838379,-18,-32,-46,-21,12,22,27,9,24,15,-52,-55,-14,-10,sil
5.499152421951294,-33,-42,-32,-73,-3,12,6,20,12,0,-63,-50,-21,-16,sil
5.499152421951294,-35,-41,-67,-69,-14,-3,0,0,38,23,-34,-58,-1,-21,sil
5.514569997787476,-19,-27,-39,-44,-12,-7,-5,9,27,8,-21,-37,-3,-4,sil
5.514569997787476,-16,-16,-11,-21,-5,-4,-6,5,4,-6,-17,-19,-5,-8,sil
5.53041934967041,-3,-5,-14,-8,-1,-8,-11,-9,-2,-1,2,-4,9,-9,sil
5.53041934967041,21,14,13,11,2,-5,-13,-3,0,0,47,32,33,15,sil
5.546060562133789,32,26,51,36,4,-6,-13,-1,-1,-1,76,65,42,28,sil
5.546060562133789,33,31,54,45,4,-19,-12,-4,-3,-11,63,69,23,11,sil
5.561564683914185,25,26,29,34,0,-33,-22,-15,-14,-30,33,45,0,-11,sil
5.561564683914185,12,18,31,25,-10,-34,-43,-18,-41,-43,16,32,-11,-12,sil
5.577132701873779,9,19,50,37,-12,-12,-36,-12,-53,-34,18,37,-10,0,sil
5.577132701873779,3,9,34,40,-10,1,-10,-20,-43,-23,14,23,-15,-6,sil
5.59260630607605,-4,1,17,28,-9,1,0,-17,-35,-13,6,4,-19,-5,sil
5.59260630607605,5,13,28,33,0,6,8,5,-19,9,13,12,-2,13,sil
5.608637094497681,9,12,15,27,2,7,22,13,8,27,14,15,11,22,sil
5.608637094497681,1,-8,-13,0,-6,5,25,14,26,25,0,-1,8,19,sil
5.624053239822388,0,-16,-19,-20,0,15,29,22,22,12,-16,-11,2,13,sil
5.624053239822388,-4,-15,-32,-27,4,15,24,11,4,-5,-30,-19,-6,-1,sil
5.639407634735107,-12,-16,-37,-37,-7,3,0,-9,-4,-19,-28,-18,-11,-13,sil
5.639407634735107,-2,-6,-18,-35,0,8,-5,-8,7,-12,-12,-5,0,-9,sil
5.65507173538208,3,11,-6,-11,30,19,11,3,20,7,-2,-7,9,-8,sil
5.65507173538208,-3,19,0,14,34,23,23,11,22,26,1,-17,2,-4,sil
5.67118501663208,-6,8,-3,21,25,18,24,11,27,34,1,-22,-2,0,sil
5.67118501663208,-5,-7,-19,2,10,-1,9,9,24,32,-14,-28,0,2,sil
5.686711549758911,-12,-14,-22,-16,-4,-10,-4,8,15,23,-20,-19,14,7,sil
5.686711549758911,-4,-12,-17,-27,-10,-8,-4,2,9,4,-2,0,18,11,sil
5.702111482620239,13,1,0,-22,-7,-16,-12,-5,-6,-22,8,9,2,1,sil
5.702111482620239,13,24,13,6,1,-17,-24,-15,-15,-24,7,4,-3,-10,sil
5.718196392059326,2,18,18,17,1,-9,-23,-17,-22,-9,-4,5,-8,-6,sil
5.718196392059326,-7,-10,10,0,-9,-3,-9,-14,-23,0,-15,-7,-18,-1,sil
5.734301805496216,-20,-26,-13,-14,-19,0,0,-7,-9,1,-15,-31,-15,-9,sil
5.734301805496216,-20,-21,-13,-20,-15,4,-8,6,6,-2,-16,-14,-7,-7,sil
5.749855279922485,-7,-16,-9,-20,-11,0,-13,9,17,3,-7,6,0,1,sil
5.749855279922485,1,-16,-7,-19,-14,-15,-15,0,13,8,3,9,5,7,sil
5.765080213546753,11,0,13,-8,-8,-13,-15,3,-4,-6,12,23,13,13,sil
5.765478849411011,24,16,21,13,6,0,-1,4,-7,-16,26,27,19,8,sil
5.781102657318115,23,18,22,16,9,-1,9,6,0,-12,31,22,8,-2,sil
5.781102657318115,13,18,22,16,3,-4,14,7,0,-5,29,24,0,-6,sil
5.796717882156372,0,18,13,25,8,6,15,-4,-3,-6,28,10,2,-8,sil
5.796717882156372,-7,13,13,22,12,14,9,-9,-11,-5,15,-4,-3,-7,sil
5.812247276306152,-5,8,4,22,6,16,15,-2,-17,1,-4,-10,-16,-7,sil
5.812247276306152,-6,2,-2,19,6,17,15,-5,-22,-12,-22,-17,-26,-11,sil
5.82829475402832,-21,-14,-17,2,2,16,5,-8,-20,-23,-37,-28,-29,-15,sil
5.82829475402832,-29,-31,-31,-12,-12,8,0,0,-11,0,-38,-29,-21,-7,sil
5.844050884246826,-15,-26,-16,-15,-15,1,3,8,6,17,-25,-12,-9,6,sil
5.844050884246826,2,-8,-5,-5,-4,0,6,1,28,20,-7,0,2,16,sil
5.858932256698608,10,-6,-1,-4,-3,-9,4,4,26,14,0,6,14,24,sil
5.875033378601074,12,-7,6,-12,-6,-9,3,14,17,16,2,16,24,23,sil
5.875033378601074,17,4,2,-8,5,-4,3,7,26,26,22,25,35,14,sil
5.875033378601074,25,18,5,0,15,-11,-11,0,18,16,34,29,31,9,sil
5.890363454818726,13,12,-1,0,2,-19,-25,-9,-5,-1,17,14,17,-1,sil
5.905772686004639,-7,-2,-14,-20,-6,-18,-23,-10,-13,-13,3,0,10,-16,sil
5.905772686004639,-3,0,-3,-23,1,-11,-18,-3,-4,-18,12,2,6,-6,sil
5.905772686004639,10,17,12,8,14,1,-10,-2,-1,-9,13,0,1,0,sil
5.921799898147583,5,24,22,24,15,14,0,0,-15,-7,-1,-6,-11,-10,sil
5.921799898147583,-2,17,11,21,12,15,7,0,-18,-12,-11,-14,-22,-13,sil
5.937007904052734,0,11,0,28,10,11,7,-1,-2,-1,-12,-17,-17,-3,sil
5.952244997024536,1,13,17,32,-1,11,7,3,0,10,-12,-6,-10,0,sil
5.952244997024536,0,2,11,20,-15,7,13,0,-1,6,-10,-7,-14,-5,sil
5.967695474624634,-13,-21,-16,-4,-16,-1,9,-6,-4,3,-15,-18,-13,-4,sil
5.967695474624634,-25,-27,-24,-25,-17,-8,-3,3,-7,4,-18,-13,-3,6,sil
5.983803033828735,-32,-29,-28,-38,-24,-15,-12,7,0,-7,-16,-14,-3,0,sil
5.983803033828735,-32,-43,-30,-43,-23,-15,-11,0,11,-16,-15,-18,-13,-16,sil
5.999121904373169,-14,-25,-11,-30,-7,-4,-6,1,15,-3,0,6,-1,-7,sil
5.999121904373169,10,12,11,-6,2,-4,-5,0,6,-1,24,34,18,9,sil
6.014832496643066,29,20,14,1,2,-14,-11,-7,-9,-19,30,29,8,4,sil
6.014832496643066,34,18,19,5,8,-4,-9,-1,-22,-23,26,21,-4,-3,sil
6.037353038787842,25,31,29,22,22,15,13,5,-10,0,26,25,10,1,sil
6.037353038787842,10,29,22,34,27,19,31,1,12,24,17,15,21,11,sil
6.037353038787842,6,9,12,24,21,22,26,1,15,30,1,-3,6,14,sil
6.045990705490112,13,4,5,20,19,36,28,7,12,29,-5,-13,1,15,sil
6.061332941055298,10,5,4,23,15,32,36,4,7,20,-3,-9,3,13,sil
6.061332941055298,0,-17,0,0,0,10,21,0,0,8,-11,-8,-4,13,sil
6.077066898345947,-7,-34,-19,-29,-13,-4,6,3,6,7,-29,-23,-3,14,sil
6.077066898345947,-12,-22,-30,-28,-19,-12,0,4,12,2,-34,-27,-4,1,sil
6.09248685836792,-20,-16,-28,-18,-22,-21,-17,-3,7,-6,-21,-17,-13,-16,sil
6.09248685836792,-15,-21,-22,-27,-20,-29,-43,-6,0,-8,-9,-9,-9,-20,sil
6.108251571655273,2,-2,-2,-20,-13,-26,-51,-8,-9,-10,0,6,2,-10,sil
6.108251571655273,13,23,14,8,-4,-20,-45,-9,-22,-19,17,26,7,-4,sil
6.124167442321777,7,24,19,16,0,-22,-36,-6,-23,-27,29,32,15,-8,please
6.124167442321777,0,13,12,6,0,-15,-24,-6,-15,-24,22,18,12,-9,please
6.13975191116333,-11,5,2,0,3,-2,-11,-6,-11,-16,3,0,-6,-12,please
6.13975191116333,-22,0,-1,0,8,6,10,5,2,-3,-4,-9,-10,-12,please
6.15587854385376,-15,0,-5,8,9,11,37,15,21,11,-4,-9,-3,-2,please
6.15587854385376,-3,2,0,18,12,17,30,3,5,7,-12,-9,-12,-3,please
6.171970844268799,-5,0,4,20,10,25,16,-8,-9,0,-13,-15,-14,-12,please
6.171970844268799,-5,-2,-6,13,-2,25,25,0,7,13,-1,-13,0,0,please
6.187569379806519,5,-6,-7,-5,-7,11,24,10,17,21,0,0,5,13,please
6.187569379806519,10,-16,-8,-15,-2,0,10,11,16,10,4,7,15,8,please
6.20391321182251,6,-16,-3,-9,-3,-2,-1,2,16,0,12,8,22,8,please
6.20391321182251,11,3,8,-2,0,-11,-13,-7,-3,-5,13,16,10,16,please
6.218937158584595,20,30,13,9,11,-23,-14,-12,-30,-6,18,20,-1,8,please
6.218937158584595,18,37,25,26,12,-8,0,-12,-32,-8,15,9,-9,-1,please
6.235029458999634,0,14,16,22,-4,16,21,-7,-17,-7,-14,-14,-25,0,please
6.235029458999634,-16,-15,-13,-12,-19,11,21,6,-5,1,-32,-22,-27,8,please
6.250247478485107,-8,-22,-19,-33,-12,-5,1,15,7,9,-10,-8,-3,7,please
6.250247478485107,1,-13,-14,-16,-1,-1,-7,7,22,7,-3,-6,7,0,please
6.265862941741943,-1,-17,-19,-15,-6,6,-9,8,28,2,-22,-9,0,-1,please
6.265862941741943,-2,-17,-13,-29,0,4,-12,20,29,16,-5,1,8,5,please
6.280987977981567,7,1,2,-17,17,0,-12,5,18,26,32,16,30,8,please
6.280987977981567,7,12,4,0,9,-6,-17,-14,-5,4,24,18,20,-3,please
6.296164512634277,2,8,1,-1,-1,-11,-24,-9,-14,-21,4,9,0,-13,please
6.296164512634277,3,11,19,0,8,-12,-22,-5,-8,-16,19,5,1,-9,please
6.311697006225586,7,20,36,22,11,-13,-14,-13,-9,3,18,9,8,-1,please
6.311697006225586,0,18,27,33,4,-4,-5,-14,-24,-10,-8,0,-8,-8,please
6.327759265899658,-10,6,10,26,2,8,0,-15,-35,-39,-26,-23,-35,-24,please
6.327759265899658,-11,-1,2,18,0,7,6,-11,-25,-19,-28,-26,-35,-18,please
6.343270778656006,-8,-5,4,16,0,6,26,3,-6,15,-22,-12,-15,0,please
6.343270778656006,-11,-15,-6,12,-10,14,45,13,2,11,-12,-5,0,12,please
6.359215974807739,-13,-26,-18,-3,-18,11,34,16,14,0,-13,-1,6,16,please
6.359215974807739,-11,-25,-19,-20,-8,6,19,20,35,23,-6,0,18,23,please
6.3749589920043945,-3,-18,-23,-15,2,9,22,17,48,43,13,0,27,24,please
6.3749589920043945,8,-7,-21,-3,1,7,13,13,44,20,21,15,30,19,please
6.3900535106658936,12,1,-15,-12,-5,-2,-3,9,25,-7,7,17,21,8,please
6.3900535106658936,10,2,-10,-30,-12,-14,-11,-4,-1,-11,7,10,4,-6,please
6.4052817821502686,18,5,0,-18,-6,-19,-17,-13,-18,-10,25,23,2,-10,please
6.4052817821502686,22,15,6,7,5,-18,-26,-15,-18,-24,17,19,-2,-8,please
6.420917987823486,7,16,5,4,3,-15,-34,-20,-25,-31,-7,-7,-27,-21,please
6.420917987823486,-4,7,0,-4,3,-10,-29,-15,-22,-5,0,-13,-20,-27,please
6.436990737915039,-5,1,-4,0,17,-5,-17,-1,-8,9,15,-1,4,-13,please
6.436990737915039,-10,4,1,3,15,1,-10,1,-10,-1,-5,-4,-3,-3,please
6.4530792236328125,-9,5,4,14,-6,9,0,2,-8,5,-20,-15,-11,-3,please
6.4530792236328125,2,5,16,17,-6,11,6,8,3,10,-7,-8,0,0,please
6.468916893005371,3,12,25,14,15,16,2,0,1,-6,4,3,3,2,please
6.468916893005371,-3,13,12,11,15,14,-3,-10,-9,-6,10,1,3,7,please
6.483950138092041,-4,4,17,-1,-6,3,0,8,-8,5,7,6,4,12,please
6.483950138092041,-8,-1,12,-2,-10,0,18,12,0,6,-4,3,-3,4,please
6.499776363372803,-18,-12,-19,-1,-5,-2,16,-15,-8,-7,-18,-22,-17,-9,please
6.499776363372803,-8,-16,-18,-14,-6,-7,4,-9,-15,-19,-19,-26,-21,-4,please
6.514885425567627,4,-4,6,-9,-3,0,13,9,0,-3,-5,-9,-11,7,please
6.514885425567627,3,3,3,0,0,10,14,0,6,14,2,3,0,8,please
6.53050684928894,10,0,0,-3,-2,1,-4,-1,11,11,3,13,11,12,please
6.53050684928894,15,-3,4,0,-1,-5,-7,6,21,7,6,14,15,19,please
6.546081066131592,0,-9,-2,0,-5,-1,5,4,11,9,-1,1,4,13,sil
6.546081066131592,-10,-10,-13,-5,-6,1,16,4,5,11,-11,-9,-1,1,sil
6.561681032180786,-4,-6,-13,0,9,6,21,10,21,15,-9,-11,3,-6,sil
6.561681032180786,-1,-9,-9,0,8,4,9,11,15,5,-6,-7,2,-9,sil
6.576777458190918,0,-8,-4,-6,-4,-3,-8,0,0,-11,-3,0,0,-15,sil
6.576777458190918,3,-2,-8,8,1,-1,-3,-8,9,-5,2,1,4,-13,sil
6.592817068099976,9,-2,-6,7,4,0,0,5,23,13,5,10,16,7,sil
6.592817068099976,9,0,6,-10,-8,-2,-10,14,17,10,7,23,18,20,sil
6.60812258720398,4,4,0,0,-3,-1,-7,-6,1,-6,6,8,3,7,sil
6.60812258720398,0,0,-6,4,6,-5,-6,-13,-19,-11,-2,0,-4,0,sil
6.626694679260254,2,0,4,-9,0,-14,-17,-5,-28,0,0,10,4,0,sil
6.626694679260254,5,9,5,-4,0,-7,-17,-11,-21,-7,10,10,2,-6,sil
6.639720439910889,0,12,3,-2,3,-2,-20,-14,-19,-24,5,2,-10,-16,sil
6.639720439910889,0,5,8,-6,-2,-9,-25,-4,-12,-18,9,10,-2,-10,sil
6.654275894165039,8,12,19,5,-5,-4,-15,-1,-9,-5,30,20,6,0,sil
6.654275894165039,12,24,25,23,5,5,2,-4,-10,0,36,11,3,0,sil
6.6698832511901855,9,21,10,26,12,2,12,0,-6,5,18,-6,0,-4,sil
6.685100555419922,-5,7,5,11,4,0,8,3,-13,-4,-5,-14,-9,0,sil
6.685100555419922,-17,-1,9,6,0,10,10,1,-11,-9,-14,-18,-19,0,sil
6.700674772262573,-14,-3,1,12,4,18,27,2,5,2,-18,-20,-16,-3,sil
6.700674772262573,-14,-13,-10,4,-2,14,32,4,15,3,-33,-22,-15,0,sil
6.716709613800049,-18,-23,-20,-10,-17,2,16,2,20,2,-36,-26,-10,1,sil
6.716709613800049,-7,-16,-15,-15,-11,-2,2,0,18,8,-13,-11,1,0,sil
6.73212742805481,-3,-14,-15,-16,0,0,-1,2,5,11,-1,2,0,5,sil
6.73212742805481,-3,-23,-26,-26,-2,-6,-4,3,1,8,-11,1,-2,11,sil
6.748775959014893,8,-11,-13,-23,-2,-12,-4,1,6,2,0,9,16,6,sil
6.748775959014893,17,18,8,3,9,-2,-9,4,11,8,28,27,32,6,sil
6.763920783996582,11,30,18,23,15,4,-18,6,9,21,24,22,17,5,sil
6.763920783996582,6,22,8,20,11,4,-9,0,7,15,-1,-2,-1,0,sil
6.779905557632446,-3,4,-11,2,6,12,14,-2,5,2,-15,-24,-7,-5,sil
6.779905557632446,-19,-15,-22,-17,0,20,20,0,-2,2,-21,-29,-17,-9,sil
6.795175552368164,-25,-28,-37,-31,-8,4,4,-3,-10,0,-31,-25,-19,-12,sil
6.795175552368164,-20,-33,-38,-48,-19,-23,-10,0,-14,-16,-23,-17,-6,-15,sil
6.810688018798828,-8,-20,-8,-43,-14,-27,-15,-2,-23,-35,0,-6,-2,-19,sil
6.810688018798828,7,6,26,-1,2,-10,-13,-19,-34,-42,6,-2,-14,-16,sil
6.826350212097168,20,21,45,30,8,6,0,-12,-22,-19,1,2,-11,0,sil
6.826350212097168,22,14,34,27,4,16,15,8,9,18,5,14,6,14,sil
6.84213662147522,10,3,12,9,3,8,15,8,26,18,13,21,12,17,sil
6.84213662147522,14,4,16,9,-2,-13,2,8,29,0,25,27,22,20,sil
6.857712507247925,38,14,36,26,-5,-21,-11,13,29,7,40,42,34,27,sil
6.857712507247925,27,22,36,28,1,-8,-24,1,10,6,42,48,23,16,sil
6.874035120010376,-2,17,14,23,0,0,-24,-4,-15,-7,32,26,5,2,sil
6.874035120010376,2,10,12,40,-2,3,-8,1,-17,3,20,8,4,8,sil
6.889757394790649,13,3,14,46,3,13,12,5,0,28,7,7,3,10,sil
6.889757394790649,-12,-8,-10,14,7,18,28,2,8,17,-3,-2,-8,-3,sil
6.904703140258789,-32,-15,-26,-2,0,13,27,0,3,-3,-10,-17,-15,-14,sil
6.904703140258789,-23,-12,-25,7,-7,1,12,0,5,2,-12,-18,-5,-11,sil
6.920064687728882,-12,-10,-22,-8,-11,-14,-2,0,0,-1,-14,-6,1,-4,sil
6.920064687728882,0,-4,-16,-32,-3,-14,-4,-5,-9,-20,-5,8,7,6,sil
6.936127662658691,11,9,-13,-23,4,-4,-3,-7,-8,-9,9,10,13,7,sil
6.936127662658691,9,8,-6,-19,0,-4,-13,0,-19,0,3,3,3,-3,sil
6.951769113540649,3,-4,-5,-32,-1,0,-18,-3,-26,-15,-15,-4,-9,-10,sil
6.951769113540649,-2,-2,-11,-33,7,9,-13,-17,-20,-26,-24,-19,-19,-16,sil
6.967705726623535,-7,11,-9,-21,7,4,-8,-19,-17,-22,-36,-38,-34,-23,sil
6.967705726623535,-5,12,-3,-2,6,5,3,-6,-4,-2,-49,-41,-31,-8,sil
6.983879804611206,-9,1,-3,-1,17,19,15,3,13,18,-43,-39,-16,5,sil
6.983879804611206,-22,-13,-23,-20,14,12,15,7,17,25,-39,-51,-19,-8,sil
6.999398946762085,-23,-26,-35,-30,-2,-2,5,11,20,27,-37,-50,-18,-16,sil
6.999398946762085,-19,-32,-20,-21,-9,-1,4,15,27,33,-18,-29,3,0,sil
7.014746189117432,-21,-33,-19,-18,-12,-2,8,8,21,19,-6,-23,7,1,sil
7.014746189117432,-24,-34,-25,-30,-17,-12,-2,0,9,-11,-2,-14,-5,-17,sil
7.0307722091674805,-9,-20,-3,-18,-14,-7,-8,2,13,-13,26,18,8,-14,sil
7.0307722091674805,19,13,29,16,-3,1,5,7,17,0,58,50,35,5,sil
7.046438694000244,40,29,48,31,2,-2,12,6,3,-11,64,67,33,16,sil
7.046438694000244,33,18,45,23,0,-10,0,0,-9,-26,61,66,22,14,sil
7.062107801437378,18,19,40,26,-2,-13,-16,-7,-14,-20,48,49,17,10,sil
7.062107801437378,16,33,42,48,6,-10,-17,-6,-16,-4,26,32,10,11,sil
7.077913999557495,13,29,35,55,9,-2,-11,-3,-22,0,18,21,5,12,sil
7.077913999557495,2,21,22,39,2,0,-7,-8,-28,-2,11,11,2,12,sil
7.093112945556641,7,19,14,37,1,6,0,-5,-10,6,0,7,2,21,sil
7.093112945556641,18,12,15,44,11,23,12,6,21,31,2,14,14,32,sil
7.108797550201416,17,4,9,36,14,31,20,14,29,40,4,14,15,34,sil
7.108797550201416,7,0,-2,12,2,14,17,7,0,13,-14,1,-7,21,sil
7.124036312103272,-4,-10,-19,-9,-7,-3,2,-5,-16,-14,-30,-18,-24,-7,sil
7.124036312103272,-9,-17,-39,-25,-4,-2,1,-2,5,0,-20,-27,-13,-22,sil
7.138742446899414,0,-8,-33,-36,0,0,5,7,16,17,-5,-15,0,-15,sil
7.138742446899414,-3,-11,-23,-44,-14,-16,-8,-2,-10,-15,-19,-12,-8,-20,sil
7.153884649276733,-20,-26,-35,-51,-25,-31,-25,-18,-31,-52,-32,-25,-24,-32,sil
7.153884649276733,-15,-18,-22,-45,-12,-14,-15,-11,-13,-32,-11,-15,-13,-21,sil
7.169453859329224,0,4,0,-22,3,0,0,0,7,0,4,-1,5,-10,sil
7.169453859329224,-11,4,-1,-13,7,-9,-7,-5,-5,-6,-6,-14,-9,-22,sil
7.184745788574219,-16,0,-1,-4,11,-3,-13,-14,-24,-21,-13,-19,-31,-23,sil
7.184745788574219,2,7,14,17,22,22,0,-5,-5,-3,-7,-2,-18,4,sil
7.200734376907349,1,0,13,13,17,23,12,14,16,24,-7,0,1,18,sil
7.200734376907349,-17,-20,-11,-11,-4,9,16,23,22,31,-15,-18,7,10,sil
7.215904474258423,-15,-28,-23,-24,-12,4,13,9,15,10,-24,-25,6,6,sil
7.215904474258423,0,-17,-16,-23,-2,-5,1,-5,2,-14,-17,-8,6,0,sil
7.2310686111450195,1,1,-5,-7,0,-15,-4,-4,0,-14,8,3,8,-12,sil
7.2310686111450195,-7,10,7,7,-2,-7,0,7,10,0,20,-2,6,-15,sil
7.246866941452026,-14,4,2,8,0,-1,9,7,15,5,4,-9,0,-8,sil
7.246866941452026,-7,4,1,12,0,2,10,-3,0,3,-4,3,0,2,sil
7.262505531311035,9,16,20,30,0,18,0,-7,-7,17,12,16,9,20,sil
7.262505531311035,15,14,14,31,1,21,-13,-4,7,39,25,11,12,25,sil
7.278337955474853,1,0,-1,7,0,0,-17,2,17,25,11,10,7,13,sil
7.278337955474853,1,0,3,0,-7,-13,-6,9,12,0,10,22,16,10,sil
7.294103145599365,28,15,19,9,-5,-10,2,6,9,0,38,35,36,22,sil
7.294103145599365,38,14,22,4,0,-11,-3,6,5,0,47,36,33,22,sil
7.310161352157593,18,3,5,-5,-7,-17,-13,-1,-17,-11,23,20,8,4,sil
7.310161352157593,0,4,0,0,-4,-14,-13,-17,-41,-21,1,3,-12,-13,sil
7.325700521469116,-6,7,5,12,15,1,0,-12,-24,-12,-3,-7,-21,-20,sil
7.325700521469116,-7,2,3,13,18,20,17,5,1,-1,-9,-9,-23,-15,sil
7.341277599334717,-4,0,6,10,9,27,26,7,1,-3,-18,-1,-29,-2,sil
7.341277599334717,-9,-7,5,5,9,24,22,1,1,-5,-27,-8,-30,1,sil
7.357099533081055,-19,-23,-14,-10,0,15,12,0,4,0,-29,-25,-18,-8,sil
7.357099533081055,-14,-23,-28,-18,-11,0,12,1,2,8,-24,-18,-2,-4,sil
7.372593402862549,0,-9,-15,-13,-6,-14,9,4,0,8,-19,-4,1,11,sil
7.372593402862549,1,-5,-6,-18,-10,-25,-7,-1,-9,-7,-16,-15,-2,0,sil
7.388168573379517,-4,-13,-18,-27,-22,-28,-20,-8,-13,-19,-12,-21,-1,-19,sil
7.388168573379517,1,-11,-12,-23,-14,-18,-23,-3,-3,-19,0,2,11,-10,sil
7.404296875,16,10,6,-5,5,-4,-23,-1,2,-17,16,21,21,5,sil
7.404296875,22,28,17,10,9,-3,-23,-5,-3,-14,21,17,18,4,sil
7.419682025909424,25,28,31,22,8,-4,-16,-8,-7,-9,25,14,15,1,sil
7.419682025909424,21,24,28,27,13,1,0,-8,-6,-4,29,14,8,5,sil
7.4356865882873535,-7,11,3,12,10,7,6,-5,-7,1,6,0,-11,-3,sil
7.4356865882873535,-30,-6,-13,1,0,7,1,0,-1,9,-16,-18,-20,-18,sil
7.451997518539429,-16,-1,-3,13,3,8,5,7,10,18,-4,-16,-7,-7,sil
7.451997518539429,-3,2,9,13,7,13,18,11,14,28,0,-4,0,7,sil
7.467357397079468,-15,-17,-8,0,0,21,24,14,19,30,-20,-8,-3,4,sil
7.467357397079468,-25,-24,-21,-2,-1,27,24,15,28,23,-19,-13,-5,0,sil
7.482207298278809,-20,-12,-15,-7,0,23,25,12,24,21,-6,-10,-5,2,sil
7.482207298278809,-17,-17,-20,-18,-10,7,12,3,5,6,-16,-14,-9,0,sil
7.497733592987059,-13,-21,-11,-19,-14,-6,-8,0,0,-11,-14,-1,0,5,sil
7.513888359069824,5,-7,-1,-13,-2,-9,-12,0,9,-3,4,15,15,17,sil
7.513888359069824,21,0,-7,-15,-1,-14,-7,0,9,-1,4,14,5,15,sil
7.513888359069824,19,0,-4,-8,-9,-22,-9,-2,6,-11,1,10,0,4,sil
7.529146432876587,14,6,2,0,-5,-22,-16,-4,4,0,21,11,16,0,sil
7.544732809066772,15,9,5,-13,-3,-21,-24,-5,-25,-6,28,10,14,0,sil
7.544732809066772,14,7,5,-19,-11,-19,-21,-10,-39,-27,17,16,3,0,sil
7.544732809066772,16,14,15,7,-3,-12,-15,-16,-17,-16,19,24,11,-2,sil
7.56108546257019,16,26,28,28,13,-1,-11,-7,-8,2,23,17,12,-4,sil
7.575775623321533,6,24,22,24,14,6,0,2,-12,-1,11,2,0,-4,sil
7.575775623321533,-2,17,16,20,11,10,4,-4,-6,-12,1,0,-7,-7,sil
7.590979337692261,0,14,20,23,12,9,7,-9,-5,-4,0,-1,-10,-6,sil
7.590979337692261,-1,2,8,17,9,15,15,2,-9,6,-7,-11,-14,-2,sil
7.606134414672852,-17,-12,-16,4,4,23,19,7,0,7,-21,-26,-16,-4,sil
7.606134414672852,-19,-12,-19,1,0,17,16,1,3,7,-22,-29,-15,-5,sil
7.621757030487059,-1,-3,2,8,-1,6,13,0,-1,11,-18,-12,-7,0,sil
7.621757030487059,-3,-11,-1,0,1,2,14,-1,2,3,-24,-8,0,5,sil
7.6368818283081055,-27,-33,-29,-28,-8,-1,7,0,3,-17,-33,-26,-9,-1,sil
7.6368818283081055,-27,-30,-30,-36,-19,-5,0,8,-1,-21,-32,-29,-17,-8,sil
7.652517080307007,0,0,-9,-12,-7,-5,4,12,13,3,-13,-3,4,6,sil
7.652517080307007,11,4,0,-6,2,-3,8,11,30,23,9,20,23,21,sil
7.667882442474365,7,-16,-6,-17,0,-1,5,10,23,22,16,20,17,11,sil
7.667882442474365,4,-15,-8,-12,-2,0,-1,1,12,12,10,10,10,-4,sil
7.683089256286621,7,2,1,-4,0,-5,-13,-1,8,0,13,12,10,-9,sil
7.683089256286621,15,13,10,0,2,-15,-26,-3,0,-5,29,20,3,-9,sil
7.699044942855835,22,27,24,16,4,-17,-34,-14,-15,-13,39,24,-1,-4,sil
7.699044942855835,26,42,34,32,7,-6,-27,-14,-19,-16,34,24,3,3,sil
7.714832067489624,26,35,28,28,7,-1,-13,-5,-12,-6,26,21,7,9,sil
7.714832067489624,7,14,15,6,0,-1,-5,-4,-15,-1,18,9,0,1,sil
7.729832887649536,-15,-5,-3,0,-5,8,11,1,-13,-4,-6,-13,-15,-4,sil
7.729832887649536,-22,-14,-11,4,-2,19,27,11,-2,-2,-33,-26,-19,0,sil
7.745418310165405,-20,-12,-7,3,0,14,14,1,-1,4,-32,-21,-13,5,sil
7.745418310165405,-21,-10,-10,-3,-3,4,0,-4,-2,4,-17,-13,-8,0,sil
7.761054754257202,-19,-8,-13,4,3,9,14,8,14,8,-14,-10,-3,0,sil
7.761054754257202,-15,-12,-19,11,7,18,30,18,34,29,-20,-15,2,0,sil
7.777126312255859,-15,-27,-21,-14,-3,5,9,3,20,31,-19,-11,4,-2,sil
7.777126312255859,-6,-27,-12,-25,-10,-10,-12,-10,-6,-2,-10,-1,2,-5,sil
7.793062686920166,3,-4,-12,-5,-5,-5,-9,-4,-10,-26,-4,-1,3,0,sil
7.793062686920166,4,3,-16,-12,-6,-8,-4,1,0,-16,0,0,11,1,sil
7.808677196502685,8,-4,-11,-27,-10,-24,-7,-4,-2,-6,8,8,14,-1,sil
7.808677196502685,18,3,8,-10,-4,-22,-9,-9,-4,-8,17,14,6,-5,sil
7.824200630187988,24,22,26,11,7,-5,-10,-2,7,0,30,21,10,5,sil
7.824200630187988,22,23,23,12,9,-5,-11,0,4,4,31,17,12,15,sil
7.839739799499512,5,14,13,2,4,-3,-7,-8,-19,-6,8,0,-7,0,sil
7.839739799499512,-2,14,11,8,8,14,6,-8,-20,-3,-2,-6,-12,-4,sil
7.855109691619873,1,16,20,17,10,16,14,4,-3,6,3,-1,0,5,sil
7.855109691619873,-7,0,6,-1,-3,3,8,3,-2,-3,-9,-14,-10,-7,sil
7.870784997940063,-31,-22,-23,-22,-12,5,4,-3,-8,-8,-32,-35,-31,-30,sil
7.870784997940063,-27,-26,-17,-11,0,13,8,5,-2,4,-28,-23,-22,-17,sil
7.886726379394531,-2,-15,-6,0,5,8,11,10,13,14,-7,-1,-1,8,sil
7.886726379394531,9,-5,-12,-6,0,-6,2,7,18,5,4,7,6,9,sil
7.901807546615601,19,10,6,2,0,-13,-5,16,17,1,19,25,20,8,sil
7.901807546615601,29,23,29,22,6,-6,-4,11,19,8,34,40,34,14,sil
7.917489767074585,17,18,27,21,11,-2,-9,-9,1,0,29,26,17,2,sil
7.917489767074585,5,12,20,22,13,-2,-6,-15,-17,-8,5,4,-3,0,sil
7.933140993118286,9,4,12,27,8,7,4,-10,-15,0,-9,1,-3,19,sil
7.933140993118286,5,-11,-1,8,-3,11,6,-6,-8,0,-8,-1,0,24,sil
7.949019432067871,-2,-17,-17,-13,-16,0,2,0,-3,-6,-9,-8,0,13,sil
7.949019432067871,-3,-11,-22,-19,-20,-13,-8,0,-2,-6,-11,-2,0,4,sil
7.964917421340942,-6,-4,-19,-22,-17,-24,-22,-4,-7,-14,-3,2,-2,-8,sil
7.964917421340942,-13,3,-14,-20,-9,-14,-17,0,-8,-24,1,-7,-9,-24,sil
7.979932069778442,-20,5,-10,-4,6,13,-7,-2,-12,-23,-8,-24,-24,-33,sil
7.979932069778442,-26,-2,-10,10,12,17,-6,-5,-12,-4,-17,-25,-26,-29,sil
7.996033191680908,-22,0,-2,9,5,12,6,7,7,23,-5,-9,-5,-8,sil
7.996033191680908,-9,5,3,13,8,27,32,16,28,36,1,0,7,8,sil
8.012057781219482,1,2,8,23,17,25,32,10,27,31,-2,-2,7,9,please
8.012057781219482,8,-6,8,11,4,0,12,8,17,32,0,0,11,8,please
8.028114318847656,6,-17,-13,-10,-11,-9,0,2,3,24,1,0,5,8,please
8.028114318847656,2,-16,-17,-22,-3,-6,-5,-9,-10,0,0,0,3,1,please
8.049753904342651,6,-5,0,-18,6,-9,-6,-4,1,0,7,9,20,3,please
8.049753904342651,6,-7,-7,-20,-3,-16,-8,0,13,-1,7,3,17,2,please
8.059861183166504,-4,-11,-19,-31,-16,-20,-16,-9,-7,-27,-2,-5,-4,-12,please
8.059861183166504,-4,3,-7,-22,-16,-18,-17,-14,-16,-32,2,1,-2,-16,please
8.075034379959106,2,18,14,0,-7,-13,-16,-6,-11,-24,8,7,-1,-6,please
8.075034379959106,1,13,24,5,2,-3,-7,1,-13,-17,-1,-2,-16,-4,please
8.0904061794281,2,7,20,14,10,10,13,5,0,5,0,-5,-14,1,please
8.0904061794281,8,11,25,31,14,20,28,7,8,14,4,5,-3,19,please
8.106026649475098,8,6,19,24,10,20,33,13,6,3,-11,5,-2,24,please
8.106026649475098,6,-10,0,-9,0,9,24,17,20,6,-17,-3,4,17,please
8.121789455413818,8,-12,-11,-23,-10,-3,1,9,26,9,-1,4,17,14,please
8.121789455413818,11,0,-8,-4,-5,-10,-23,0,0,-7,13,24,20,5,please
8.137773036956787,13,13,5,8,4,-9,-28,-4,-19,-22,22,27,13,-8,please
8.137773036956787,3,17,10,15,6,-3,-15,-11,-14,-7,14,4,0,-12,please
8.154011964797974,-10,10,2,19,1,3,-3,-15,-12,9,-4,-13,-11,-10,please
8.154011964797974,-10,1,-5,13,2,10,1,-10,-13,0,-8,-6,-15,-11,please
8.169715404510498,-1,8,-3,8,6,10,1,-11,-15,-16,0,0,-13,-6,please
8.169715404510498,-2,14,6,9,5,10,0,-15,-22,-14,0,-3,-8,-1,please
8.184731245040894,-8,0,-1,12,0,11,4,-4,-4,9,0,-9,0,0,please
8.184731245040894,-6,-12,-15,1,-2,1,3,10,12,24,0,-5,1,6,please
8.200189590454102,-3,-17,-13,-20,-9,-16,-7,13,8,15,-5,1,3,7,please
8.200189590454102,-2,-29,-10,-33,-22,-24,-11,13,15,13,-1,4,9,2,please
8.215409517288208,1,-23,-4,-23,-18,-26,-16,7,20,9,3,3,9,-3,please
8.215409517288208,7,0,-1,-6,-2,-25,-22,-10,-8,-18,1,1,-3,-15,please
8.230688333511353,1,7,6,-1,4,-6,-5,-11,-28,-35,3,1,-12,-20,please
8.245987176895142,-2,9,19,8,11,18,20,6,-6,-6,6,-1,-3,-2,please
8.245987176895142,0,19,7,20,19,22,28,9,12,17,-3,-10,1,8,please
8.261266469955444,-8,13,-5,10,17,18,20,0,6,3,-11,-20,-6,-4,please
8.261266469955444,-17,0,-1,7,14,21,21,1,13,0,-5,-21,-7,-5,please
8.261266469955444,-6,0,2,15,15,20,16,4,24,19,-3,-13,2,10,please
8.276981353759766,-2,0,0,10,1,8,1,0,12,21,-10,-2,1,9,please
8.292115211486816,-7,-11,-11,2,-12,-3,0,-4,1,5,-15,-8,-3,5,please
8.292115211486816,-3,-25,-17,-8,-16,-8,0,0,1,-1,-11,-5,0,12,please
8.307698488235474,0,-25,-12,-21,-18,-5,0,8,6,12,-1,8,6,14,please
8.307698488235474,-1,-15,-11,-17,-19,-2,-3,6,10,15,2,3,5,6,please
8.3237886428833,2,-8,-10,-11,-9,-4,-6,3,5,-6,0,-1,0,0,please
8.3237886428833,13,0,0,-4,0,-2,-4,7,0,-9,5,18,9,6,please
8.339051008224487,14,8,15,0,0,2,-9,1,-5,-5,15,29,10,10,please
8.339051008224487,12,6,6,-2,1,1,-13,-11,-17,-18,7,15,-3,-3,please
8.35422682762146,17,9,3,-7,7,-3,-6,-11,-22,-20,8,19,1,-7,please
8.35422682762146,20,19,19,-5,3,-7,-4,-5,-15,-8,24,33,20,2,please
8.369856834411621,11,11,5,-7,-7,-17,-15,-17,-11,-12,16,12,3,-5,please
8.369856834411621,-2,4,-9,-10,-4,-26,-26,-23,-18,-22,-5,-10,-14,-24,please
8.385186195373535,-8,13,-1,0,7,-14,-19,-7,-13,-6,-2,-6,0,-22,please
8.385186195373535,-9,13,0,0,8,-4,-7,5,-1,5,6,-3,5,-12,please
8.400721549987793,-8,9,10,1,8,0,3,10,3,1,0,-5,-8,-5,please
8.400721549987793,-3,15,14,22,17,11,25,15,17,10,-2,-12,0,-1,please
8.41681694984436,-6,8,3,18,15,10,30,12,17,9,-1,-18,4,-3,sil
8.41681694984436,-10,-4,12,-4,-2,0,11,8,1,-7,-6,-11,-16,-1,sil
8.432829856872559,-9,-4,10,9,-11,6,8,0,2,1,-3,-14,-16,3,sil
8.432829856872559,-8,-4,-4,23,-3,19,15,-9,0,18,0,-17,-1,7,sil
8.448941946029663,-2,-8,0,8,2,14,6,-4,-18,7,-1,0,-3,9,sil
8.448941946029663,0,-7,1,7,0,6,-4,-5,-20,-7,-9,2,-12,8,sil
8.465514898300171,-2,-2,-4,18,-5,4,-3,-8,-10,-10,-15,-6,-13,8,sil
8.465514898300171,5,-1,0,17,0,5,5,0,3,0,-8,2,-2,14,sil
8.480713605880737,15,-4,0,9,13,10,9,9,21,15,-2,7,10,15,sil
8.480713605880737,11,-8,-1,-1,6,14,3,16,28,24,-11,0,13,14,sil
8.496271133422852,2,-11,-5,-12,-6,6,1,13,24,22,-6,1,10,13,sil
8.496271133422852,-2,-24,-25,-18,-8,-5,0,-2,19,12,0,-7,9,0,sil
8.512011289596558,-5,-28,-32,-29,-7,-9,-7,-1,10,-2,-17,-14,-2,-5,sil
8.512011289596558,-12,-19,-18,-38,-6,-8,-11,9,8,-4,-17,-1,-13,-8,sil
8.527125835418701,-9,-11,-21,-23,-6,-15,-2,4,14,6,8,4,1,-12,sil
8.527125835418701,6,-3,-10,-8,-10,-19,0,1,2,0,24,15,20,-5,sil
8.542739391326904,10,7,4,-8,-8,-17,-2,-1,-6,-8,26,26,20,-2,sil
8.542739391326904,1,14,-4,-11,-6,-24,-15,-13,-3,-20,19,9,3,-9,sil
8.558164596557617,0,14,2,-12,-14,-27,-32,-17,-26,-41,0,-2,-8,-14,sil
8.558164596557617,-1,12,10,0,-11,-9,-27,-16,-45,-37,0,2,-9,-22,sil
8.573793649673462,0,21,15,14,7,9,-4,-7,-24,-13,13,6,-9,-18,sil
8.573793649673462,16,37,38,28,21,18,13,1,3,3,26,11,2,1,sil
8.58905029296875,24,35,33,38,21,25,17,-1,0,23,28,11,18,12,sil
8.58905029296875,8,23,22,32,15,24,4,-3,-25,14,7,4,0,10,sil
8.604989290237427,-7,14,20,24,13,13,5,-3,-24,-10,-15,-10,-24,3,sil
8.604989290237427,-12,0,6,20,14,8,14,-2,-1,-4,-19,-18,-17,-2,sil
8.619653224945068,-14,-9,0,5,6,10,5,8,-1,7,-20,-5,-6,1,sil
8.619653224945068,-13,-13,-12,0,-1,8,6,10,7,17,-13,-2,2,12,sil
8.63487696647644,-8,-19,-22,-8,0,0,16,8,36,31,-1,-6,13,16,sil
8.63487696647644,-9,-23,-8,-27,-2,-2,7,20,39,27,-8,-1,8,17,sil
8.650746583938599,-16,-29,-18,-30,-11,-4,-3,9,21,7,-19,-7,1,4,sil
8.650746583938599,-4,-29,-31,-23,-12,-12,-5,-10,9,-8,-19,-15,0,-10,sil
8.66634750366211,19,-10,-8,-18,-5,-15,-6,-1,2,-17,-9,2,2,-3,sil
8.66634750366211,28,4,7,-10,0,-15,-11,1,2,-12,7,16,9,6,sil
8.682041883468628,17,7,2,-2,0,-10,-11,-8,-4,-3,15,8,2,-3,sil
8.682041883468628,0,12,6,4,3,1,2,-5,-18,-5,4,-3,-13,-12,sil
8.697677850723267,-6,12,11,13,12,11,17,1,-10,-4,0,-8,-9,-2,sil
8.697677850723267,-6,-3,-2,7,0,11,10,0,-3,8,1,-13,0,-2,sil
8.71311354637146,-20,-21,-22,-13,-20,11,2,0,-18,6,-15,-27,-11,-18,sil
8.71311354637146,-20,-22,-24,-19,-15,4,9,12,0,-1,-24,-31,-7,-11,sil
8.728249788284302,2,-12,-8,-11,-4,-9,6,12,35,2,-3,-3,17,13,sil
8.728249788284302,4,-3,1,-11,-10,-19,-14,-7,14,1,10,20,10,5,sil
8.743879318237305,-3,8,3,-2,-4,-14,-22,-20,-26,-18,7,13,-15,-17,sil
8.743879318237305,7,24,15,16,9,-2,-15,-13,-28,-32,12,7,-9,-11,sil
8.759138822555542,12,25,17,28,10,2,-9,-8,-13,-15,18,11,2,1,sil
8.759138822555542,2,19,13,30,7,7,-3,0,-7,8,11,9,-9,7,sil
8.774659633636475,-1,19,23,33,11,18,13,15,8,14,2,9,-14,10,sil
8.774659633636475,5,9,14,30,10,23,35,15,32,19,0,10,4,17,sil
8.790186166763306,11,-4,1,5,1,11,27,3,26,25,0,11,15,22,sil
8.790186166763306,6,-6,0,-9,-9,-11,-4,-4,2,11,8,17,9,18,sil
8.805925607681274,6,-1,0,-1,-7,-27,-24,-6,-6,-8,13,23,9,10,sil
8.822338819503784,16,2,2,0,3,-26,-23,-2,-1,-12,16,28,23,2,sil
8.822338819503784,15,4,0,-4,0,-20,-21,1,9,-3,24,26,31,-2,sil
8.837106704711914,7,6,2,-3,-11,-8,-25,2,7,-5,27,17,15,-7,sil
8.837106704711914,5,14,13,4,-2,8,-10,1,-3,-3,24,11,2,-8,sil
8.837106704711914,-1,18,8,14,13,12,10,0,-12,0,11,1,1,-8,sil
8.853225946426392,-20,6,-1,9,7,7,1,-7,-25,-11,-11,-21,-12,-21,sil
8.853225946426392,-30,-11,-8,-2,-6,12,-2,-14,-38,-17,-29,-38,-25,-30,sil
8.868762731552124,-28,-18,-15,-8,-5,16,16,-5,-29,-1,-31,-39,-22,-17,sil
8.868762731552124,-25,-17,-20,-13,0,15,25,3,-13,5,-36,-39,-22,-1,sil
8.884709358215332,-19,-28,-29,-30,0,13,18,2,0,3,-50,-40,-25,3,sil
8.899740934371948,-11,-35,-28,-44,2,11,17,6,16,10,-52,-33,-20,8,sil
8.899740934371948,0,-23,-22,-33,6,13,22,16,36,24,-32,-31,-4,7,sil
8.915127515792847,2,-21,-27,-27,0,6,11,10,36,26,-18,-28,4,2,sil
8.915127515792847,-2,-30,-23,-48,-6,-11,-4,3,21,15,-20,-9,2,6,sil
8.930813550949097,5,-10,-8,-41,-1,-21,-6,4,16,5,-6,5,8,11,sil
8.930813550949097,23,17,10,-3,0,-20,-5,2,14,-1,24,20,18,10,sil
8.945882797241211,21,16,18,6,0,-19,-15,-2,3,-13,35,25,10,-1,sil
8.945882797241211,8,16,18,11,0,-23,-21,-8,-13,-25,21,11,-6,-14,sil
8.961969375610352,4,34,29,38,4,-15,-16,-8,-19,-23,16,5,-4,-12,sil
8.961969375610352,5,34,29,51,5,1,-3,-1,-10,-9,25,13,5,-4,sil
8.977815628051758,8,21,29,47,7,14,6,0,-3,0,23,17,2,2,sil
8.977815628051758,15,18,32,57,11,20,16,-2,1,11,17,23,2,14,sil
8.993945598602295,9,11,17,46,12,21,23,5,13,18,17,24,6,15,sil
8.993945598602295,-2,-2,1,15,0,14,15,11,18,7,13,20,9,5,sil
9.009223699569702,3,-5,-1,7,-13,0,-2,0,10,3,18,29,20,10,sil
9.009223699569702,11,0,3,0,-19,-20,-26,-16,-9,-10,23,36,21,10,sil
9.024860858917236,-2,3,2,-17,-21,-28,-39,-25,-37,-38,8,19,2,-10,sil
9.024860858917236,-8,6,5,0,-14,-12,-28,-16,-47,-26,1,7,-7,-12,sil
9.040215015411375,1,11,17,22,0,11,0,7,-23,9,2,7,-3,7,sil
9.040215015411375,-11,-7,-13,0,-1,16,25,14,8,19,-19,-19,-17,0,sil
9.056056022644045,-31,-43,-47,-40,-15,2,12,5,9,0,-43,-41,-30,-18,sil
9.056056022644045,-15,-39,-28,-39,-6,0,-4,11,4,0,-21,-21,-2,-1,sil
9.071683645248411,4,-5,-18,-12,8,-2,0,7,16,15,8,-2,22,10,sil
9.071683645248411,0,7,-15,-11,4,-13,-5,0,0,-1,2,-2,0,-10,sil
9.0867338180542,-5,14,7,-8,7,-6,-2,3,-20,-23,-8,-7,-16,-16,sil
9.0867338180542,-11,16,9,9,21,14,19,-4,-8,-3,-9,-21,-1,-3,sil
9.101755619049072,-18,-3,-8,7,15,19,19,-11,-1,15,-20,-30,-6,-5,sil
9.101755619049072,-7,-12,-12,-7,5,13,9,5,6,21,-19,-19,-8,0,sil
9.117863893508911,8,-2,-2,-9,10,9,16,15,37,35,0,-7,14,18,sil
9.117863893508911,10,-8,0,-9,4,1,19,5,45,32,1,-7,18,23,sil
9.133027076721191,5,-16,-3,-18,-12,-7,0,-3,22,1,-15,-8,0,5,sil
9.133027076721191,6,-10,-8,-25,-13,-13,-29,-5,7,-22,-14,-3,-4,-8,sil
9.14867115020752,9,-5,-8,-25,-7,-11,-36,0,0,-24,1,4,-1,-5,sil
9.14867115020752,7,0,0,-16,-8,-9,-22,5,-8,-15,9,10,-4,-7,sil
9.163903713226318,13,13,9,4,-1,-9,-7,2,-13,-12,15,15,-5,-13,sil
9.163903713226318,27,27,28,25,13,2,0,-9,-16,-12,30,22,3,1,sil
9.179155349731444,27,32,40,35,20,19,12,-15,-22,-3,23,20,5,13,sil
9.179155349731444,14,28,26,36,17,21,21,-1,-17,2,1,9,-3,4,sil
9.19493293762207,4,14,14,32,12,11,16,12,-3,4,-3,9,-2,8,sil
9.19493293762207,-4,-4,5,20,2,5,14,12,7,14,-4,4,-2,16,sil
9.20996069908142,-23,-23,-21,-2,-10,-1,11,3,12,15,-11,-16,-13,0,sil
9.20996069908142,-36,-33,-41,-27,-23,-23,-10,-6,8,4,-8,-14,-7,-12,sil
9.226055383682253,-24,-20,-26,-29,-23,-32,-27,-9,-5,-7,2,8,11,-8,sil
9.226055383682253,-4,3,0,-11,-9,-12,-16,-9,-16,-21,18,17,12,-16,sil
9.242159128189089,-8,9,3,4,0,0,-5,-11,-16,-23,15,0,-4,-24,sil
9.242159128189089,-20,6,8,10,7,-1,-1,2,-13,-5,-10,-12,-11,-15,sil
9.258085012435911,-10,13,21,22,15,13,20,12,3,10,-15,-6,3,-6,sil
9.258085012435911,5,8,10,26,6,24,32,-1,16,7,-3,-4,8,4,sil
9.274316549301147,1,-7,3,10,-5,14,12,-4,0,4,-10,-9,-5,16,sil
9.274316549301147,-2,-8,4,6,-6,8,-1,3,0,22,-5,-5,0,13,sil
9.289923191070557,8,-5,-5,1,-8,3,-3,3,15,16,7,2,17,12,sil
9.289923191070557,10,-12,-12,-21,-15,-4,-12,1,7,-6,-2,1,10,16,sil
9.30508279800415,3,-16,-11,-23,-10,-7,-11,3,3,2,-15,-5,3,11,sil
9.30508279800415,7,-7,-5,-9,4,-5,-2,5,15,13,-7,-2,4,7,sil
9.32068920135498,13,0,-6,-3,7,-6,-2,4,22,1,7,7,7,12,sil
9.32068920135498,11,-4,-15,-12,-2,-11,-5,3,18,-1,18,9,13,5,sil
9.335790872573853,1,-10,-14,-30,-9,-14,-10,1,1,-11,20,9,3,-9,sil
9.335790872573853,-7,-3,-14,-25,-6,-11,-16,-4,-13,-25,9,2,-16,-20,sil
9.351359605789185,0,13,-1,6,4,-7,-12,-5,-11,-11,3,1,-15,-16,sil
9.351359605789185,12,24,15,23,21,0,6,3,0,5,11,14,0,-2,sil
9.366471529006958,5,15,5,4,22,9,12,5,-1,-4,11,12,1,-4,sil
9.366471529006958,-3,7,4,-5,9,5,5,-2,-12,-14,0,-1,-8,-16,sil
9.38215947151184,10,15,21,18,12,0,9,-2,-6,0,0,0,-5,-3,sil
9.38215947151184,18,17,24,26,15,5,5,-1,-2,11,8,14,0,16,sil
9.397682428359984,0,4,15,0,0,8,-2,-12,-26,0,-10,1,-7,9,sil
9.397682428359984,-10,0,8,-2,-7,3,3,-17,-43,-5,-30,-19,-13,-4,sil
9.4131281375885,-5,13,10,24,10,10,10,-2,-31,1,-18,-14,-10,-2,sil
9.4131281375885,-6,13,2,27,15,21,10,8,0,11,0,-7,-3,2,sil
9.429363250732422,-13,-8,-5,0,-7,8,1,4,9,9,-7,-18,-2,2,sil
9.429363250732422,-14,-22,-6,-15,-20,0,-9,1,2,4,-19,-26,-4,0,sil
9.443836212158203,-11,-20,-18,-13,-13,9,-5,3,5,2,-14,-25,-4,-2,sil
9.443836212158203,-15,-25,-23,-18,-15,6,4,0,8,0,-12,-21,-8,-2,sil
9.459431171417236,-16,-27,-11,-19,-21,-3,9,4,12,7,-11,-11,-3,0,sil
9.474782943725586,0,-15,-4,-12,-13,-1,4,9,24,21,3,6,17,7,sil
9.474782943725586,11,-8,-4,-10,-9,-10,-12,0,23,6,7,22,28,13,sil
9.49014163017273,7,-6,-3,-12,-14,-28,-28,-9,7,-23,-2,21,13,6,sil
9.49014163017273,5,-1,-1,-4,-7,-28,-24,-2,5,-32,6,19,8,-6,sil
9.50695276260376,16,3,0,4,6,-14,-8,6,35,-11,28,22,23,-1,sil
9.50695276260376,18,12,2,2,13,-7,-3,4,57,2,30,19,23,5,sil
9.50695276260376,4,17,4,0,11,-8,0,0,32,-2,14,10,4,-5,sil
9.521345138549805,-8,13,0,4,7,-2,13,2,-10,-5,6,2,-3,-14,sil
9.537431716918944,-1,14,8,6,9,5,23,2,-28,0,13,6,0,-11,sil
9.537431716918944,12,21,21,16,10,3,18,-4,-30,1,20,10,-7,-6,sil
9.552574396133425,8,20,19,30,10,4,9,-7,-33,3,14,9,-14,1,sil
9.552574396133425,-1,16,15,28,14,14,6,-5,-25,10,2,5,-8,7,sil
9.567737817764282,-4,13,9,20,15,18,6,-6,-15,15,-6,-1,-12,5,sil
9.567737817764282,-8,0,0,12,15,22,5,0,-19,9,-13,-10,-24,2,sil
9.583954095840454,-7,-10,-8,8,8,26,3,7,-5,14,-15,-16,-16,2,sil
9.583954095840454,0,-12,-12,4,-5,10,2,2,12,18,-16,-21,-6,3,sil
9.598975658416748,-6,-21,-10,-9,-16,-1,0,-1,0,0,-24,-26,-12,0,sil
9.598975658416748,-14,-34,-25,-24,-16,2,0,2,-6,-7,-26,-28,-7,-2,sil
9.615243196487429,-13,-33,-32,-38,-19,0,-6,6,-4,-5,-21,-25,0,0,sil
9.615243196487429,-9,-21,-22,-43,-19,-5,-6,5,-8,-13,-18,-17,0,0,sil
9.630810260772703,-2,-9,-18,-28,-10,-3,-5,0,-2,-16,-12,-8,3,-7,sil
9.630810260772703,2,0,-7,-14,-7,-15,-22,-7,4,-7,1,4,9,-11,sil
9.64643096923828,12,10,11,-2,-7,-32,-33,-6,3,-3,19,21,19,0,sil
9.64643096923828,25,18,13,0,0,-29,-23,-2,3,-7,26,31,31,17,sil
9.662174940109251,21,11,9,-6,0,-16,-11,3,5,-13,16,27,22,14,sil
9.662174940109251,11,10,21,0,-1,-5,0,5,0,-15,7,17,1,-3,sil
9.677305459976196,13,25,33,21,9,1,10,-8,-10,-13,12,19,-2,-6,sil
9.677305459976196,10,26,25,24,15,3,3,-22,-25,-6,17,16,0,0,sil
9.692357063293455,2,15,26,24,14,5,-4,-13,-32,-7,14,4,-6,0,sil
9.692357063293455,0,11,25,33,23,16,6,6,-5,-1,4,-1,-7,0,sil
9.70799970626831,-8,2,2,21,18,22,23,21,37,26,-3,-4,0,8,sil
9.70799970626831,-23,-9,-12,0,1,23,35,30,64,50,-6,-7,0,8,sil
9.724086999893188,-24,-14,-19,0,-1,23,39,25,62,43,-7,-14,-4,0,sil
9.724086999893188,-18,-16,-24,2,-7,12,25,3,28,17,-13,-20,-5,-4,sil
9.739917993545532,-14,-18,-20,-11,-21,0,13,-12,-4,4,-16,-13,-6,-2,sil
9.739917993545532,-4,-16,-20,-23,-21,-5,12,-8,-7,3,-10,0,0,8,sil
9.754998683929443,2,-14,-10,-23,-12,-15,-8,-3,-4,-9,-1,8,11,17,sil
9.754998683929443,6,-6,-1,-11,0,-24,-31,-3,-7,-17,8,10,13,4,sil
9.770154476165771,10,9,0,0,8,-13,-25,-2,-6,-10,14,10,0,-15,sil
9.770154476165771,15,19,4,4,4,-4,-16,-7,-2,-12,13,5,-4,-16,sil
9.785712957382202,20,14,9,5,0,-9,-24,-18,0,-19,11,0,1,-4,sil
9.785712957382202,12,8,10,4,2,-9,-33,-28,-14,-18,4,-1,-6,-12,sil
9.801826238632202,-4,6,4,3,0,1,-24,-26,-26,-13,-5,-6,-15,-22,sil
9.801826238632202,-10,2,1,6,3,10,-3,-11,-19,-12,-9,-12,-11,-10,sil
9.817381381988524,-10,0,2,13,8,8,11,4,-12,-9,-13,-19,-19,-6,sil
9.817381381988524,-15,-6,-6,9,-3,6,15,20,-7,-1,-27,-25,-26,-5,sil
9.832986116409302,-22,-22,-12,-13,-12,12,21,33,6,8,-31,-24,-10,5,sil
9.832986116409302,-20,-35,-14,-29,-3,13,31,29,19,19,-21,-22,0,9,sil
9.848118782043455,-12,-31,-24,-29,-1,1,26,14,12,24,-16,-18,-1,4,please
9.848118782043455,-1,-10,-16,-23,-5,-2,13,9,9,14,-7,-1,7,13,please
9.86417555809021,13,8,1,-9,-3,0,4,7,8,0,3,14,18,20,please
9.86417555809021,25,9,8,-4,0,-10,-11,2,-3,-4,11,25,20,13,please
9.880100011825562,31,11,9,0,4,-20,-18,4,-4,14,32,43,31,16,please
9.880100011825562,35,30,22,22,11,-14,-20,0,-8,12,48,54,40,20,please
9.895782470703123,31,38,37,46,11,-3,-39,-19,-44,-15,38,44,26,1,please
9.895782470703123,14,26,30,45,11,-1,-37,-33,-65,-6,38,28,18,-6,please
9.911842346191406,-5,17,17,22,13,0,-6,-28,-55,5,44,18,15,-5,please
9.911842346191406,-8,17,10,15,13,7,15,-12,-39,-16,22,0,-1,-13,please
9.927047491073608,-4,18,6,25,9,14,28,5,-18,-19,-2,-15,-18,-15,please
9.927047491073608,-21,2,-2,11,4,18,37,16,4,4,-17,-22,-30,-15,please
9.943153858184814,-40,-25,-28,-16,-4,17,30,12,16,6,-38,-38,-41,-22,please
9.943153858184814,-36,-35,-30,-26,-16,9,10,4,14,-2,-43,-39,-35,-12,please
9.958717346191406,-19,-27,-4,-21,-22,3,0,0,13,4,-30,-17,-19,3,please
9.958717346191406,-6,-23,2,-18,-21,0,2,0,14,9,-29,-9,-15,7,please
9.973817110061646,10,-15,0,-14,-19,-9,1,0,13,0,-25,-1,-1,24,please
9.973817110061646,33,0,4,-4,-15,-11,0,7,29,-2,-1,12,21,46,please
9.98899531364441,32,0,2,-6,-9,-11,-2,6,57,-6,0,3,15,24,please
9.98899531364441,13,-15,-8,-19,-9,-13,-15,0,70,-11,-14,-11,-1,-7,please
10.005030155181885,9,-7,-10,-15,-2,-11,-21,-1,77,5,3,0,11,-3,please
10.005419492721558,8,10,-4,-4,11,-2,-17,-6,83,19,30,13,27,-1,please
10.021045207977297,-6,6,-16,-6,12,0,-19,-11,77,1,7,-2,7,-18,please
10.021045207977297,-16,-1,-26,-15,8,-8,-22,2,66,-4,-11,-14,-9,-25,please
10.036786794662476,-14,2,-15,-14,17,-13,0,15,63,14,10,-1,0,-17,please
10.036786794662476,-20,13,0,0,19,0,19,7,47,8,16,5,3,-12,please
10.058890342712402,-20,17,7,9,13,21,18,-3,15,-14,-3,-1,-5,-10,please
10.059889554977415,-12,7,-3,2,7,13,9,-12,-5,-17,-9,-13,-16,-17,please
10.059889554977415,-20,-5,-12,-9,-1,-4,0,-22,-27,-28,-18,-24,-33,-29,please
10.068898916244509,-25,-4,-1,-1,-4,4,0,-14,-51,-33,-22,-25,-33,-26,please
10.08414912223816,1,4,11,23,0,14,5,3,-48,0,0,-2,-3,0,please
10.08414912223816,28,7,31,37,0,1,0,15,-47,23,11,28,12,32,please
10.09969162940979,34,7,38,39,0,0,5,12,-69,19,21,35,19,48,please
10.09969162940979,32,1,25,31,8,9,8,8,-95,21,32,27,29,45,please
10.11505389213562,28,-3,15,16,0,1,-13,3,-109,25,27,31,30,31,please
10.11505389213562,17,-1,-2,5,-17,-14,-25,-10,-131,6,24,26,23,10,please
10.130957126617432,1,2,0,-4,-15,-13,-22,-10,-182,-29,18,8,1,-8,please
10.130957126617432,-9,7,18,5,0,7,-6,6,-203,-26,0,-4,-14,-16,please
10.14659309387207,-14,-1,0,18,9,26,26,6,-158,16,-2,-15,-3,-13,please
10.14659309387207,-13,-22,-18,-6,1,21,38,7,-121,27,-2,-14,2,-2,please
10.162096500396729,-6,-18,-10,-23,-10,1,21,17,-112,15,-17,-1,1,6,please
10.162096500396729,-1,-3,-18,-23,-18,-17,4,6,-89,7,-19,1,10,1,please
10.177784442901611,0,0,-25,-41,-19,-28,-9,-5,-63,-8,-6,0,7,-6,please
10.177784442901611,0,10,-3,-32,-7,-24,-20,-5,-37,-20,0,0,-5,-4,please
10.193860530853271,1,19,18,9,10,-11,-15,-8,4,-15,-3,-10,-9,-2,please
10.193860530853271,0,11,7,13,11,5,3,-10,63,-9,-16,-22,-13,-4,please
10.209263324737549,-1,3,-3,-7,6,16,12,-12,154,-1,-24,-17,-18,-1,please
10.22519063949585,3,-4,-3,-4,11,5,0,-8,259,0,-18,-7,-12,6,please
10.22519063949585,10,-11,-10,-5,11,-8,-15,-2,399,-6,-2,0,4,2,please
10.22519063949585,0,1,-14,-17,0,-14,-22,-6,564,-13,12,8,9,-16,please
10.24016571044922,-13,13,2,1,1,-12,-16,0,599,-10,11,7,-7,-20,please
10.24016571044922,-13,2,13,24,8,10,11,19,721,8,-1,-5,-14,-3,please
10.25572395324707,-13,-12,-8,6,2,30,39,16,1026,34,-4,-17,0,8,please
10.25572395324707,-19,-21,-18,-18,-6,17,27,3,626,25,-5,-16,1,10,please
10.271754026412964,-15,-19,-3,-10,-4,2,7,-1,-543,-2,-12,-9,-8,2,please
10.271754026412964,-6,-17,-15,-2,-7,3,5,-7,-1072,-10,-13,-7,-6,-3,please
10.286936283111572,3,-15,-17,-20,-16,-5,-6,-6,-769,-23,-8,5,-2,-7,please
10.302951335906982,18,1,9,-10,-12,-22,-20,0,-628,-37,8,28,6,-10,please
10.302951335906982,26,21,23,23,-4,-24,-16,0,-616,-22,35,37,18,-1,please
10.302951335906982,22,28,32,31,0,-13,-15,1,-402,7,47,38,19,8,please
10.319077253341677,19,33,33,31,18,0,-15,1,-233,30,41,29,23,7,please
10.319077253341677,16,34,25,36,28,12,-15,0,-163,21,18,6,14,7,please
10.334736585617064,4,16,15,31,14,16,-13,-2,-81,0,-6,-10,-10,4,sil
10.349818229675291,-15,-8,-1,13,0,11,1,-6,-22,6,-12,-13,-14,0,sil
10.349818229675291,-24,-18,-8,0,1,15,18,-1,31,20,-12,-14,-7,2,sil
10.365540027618408,-24,-23,-15,-9,1,29,26,9,93,19,-23,-28,-14,1,sil
10.365540027618408,-29,-37,-34,-31,-7,20,21,10,140,10,-34,-40,-22,-9,sil
10.365540027618408,-29,-35,-35,-43,-16,-5,9,10,175,8,-31,-35,-14,-8,sil
10.382112741470335,-4,-9,-21,-15,-12,-14,7,14,191,11,-20,-14,4,5,sil
10.382112741470335,15,0,-8,-1,-4,-11,5,10,193,0,-4,6,18,12,sil
10.396738290786743,18,-9,-9,-18,-8,-20,0,0,188,-7,9,17,17,11,sil
10.412858486175535,21,0,-1,-22,-15,-23,-11,-6,159,-12,12,17,10,11,sil
10.412858486175535,27,21,13,-4,-4,-8,-14,-10,123,-29,7,17,5,6,sil
10.427846908569336,26,24,11,11,10,-2,-8,-11,102,-31,19,17,8,-3,sil
10.427846908569336,18,24,15,11,4,-17,-12,-17,76,-16,31,22,11,-12,sil
10.44399070739746,0,24,18,5,-6,-16,-21,-24,41,-26,10,12,-1,-15,sil
10.44399070739746,-17,6,3,4,0,4,-12,-19,24,-36,-14,-6,-22,-16,sil
10.459231853485107,-14,-2,1,9,7,13,3,-4,33,-6,-1,-4,-13,-12,sil
10.459231853485107,-5,12,10,15,8,7,11,10,36,19,17,7,9,-3,sil
10.473868608474731,-8,18,12,16,19,9,11,13,14,14,11,8,6,-5,sil
10.473868608474731,-10,4,8,12,20,13,10,10,-10,16,1,4,0,-8,sil
10.489077806472778,-8,-6,4,3,1,10,9,9,-31,21,0,-3,1,0,sil
10.489077806472778,-5,-12,-1,-6,-5,3,12,10,-44,12,-5,-12,-1,6,sil
10.504814624786375,-2,-13,-9,-7,-1,-1,17,8,-48,9,-13,-17,-8,14,sil
10.504814624786375,-3,-11,-4,-8,-4,-2,11,3,-55,12,-18,-16,-9,17,sil
10.520763158798218,-3,-18,-2,-5,-7,2,0,-3,-64,7,-22,-19,-14,10,sil
10.520763158798218,0,-19,-11,0,-1,9,-3,-7,-58,2,-18,-21,-20,6,sil
10.535995960235596,3,-11,-4,0,3,9,0,-3,-45,9,-3,-4,-10,13,sil
10.535995960235596,12,-10,-2,-3,-1,0,-1,1,-36,20,11,17,9,18,sil
10.551169633865356,22,-10,-8,-3,-5,-7,-14,0,-37,13,16,21,25,12,sil
10.551169633865356,19,0,-3,0,0,-4,-14,0,-38,0,14,19,32,2,sil
10.56728458404541,7,8,3,0,0,-3,-5,6,-33,-2,13,25,26,-3,sil
10.56728458404541,-10,3,-9,-11,-5,-7,-8,9,-22,-8,7,9,7,-19,sil
10.582976818084717,-27,-2,-27,-17,-7,-8,-16,0,-12,-20,-4,-21,-10,-39,sil
10.582976818084717,-22,6,-7,-1,-3,-8,-14,-4,-13,-27,-8,-18,-14,-30,sil
10.598010063171388,-4,20,13,14,-1,-8,-1,-1,-9,-19,0,0,-8,-9,sil
10.598010063171388,-4,17,9,8,-2,-3,0,-3,-6,-14,0,-5,-12,-6,sil
10.613792419433594,-8,12,20,6,0,11,6,-5,-13,-13,-12,-14,-22,-1,sil
10.613792419433594,3,6,14,17,2,21,29,-6,-12,-6,-18,-14,-18,10,sil
10.629442930221558,15,-9,-2,1,-5,6,21,-10,-8,-12,-22,-7,-12,12,sil
10.629442930221558,18,-10,2,-8,-5,2,0,-6,7,-6,-15,3,0,16,sil
10.644997596740724,20,1,6,14,9,11,4,0,37,25,3,6,21,25,sil
10.644997596740724,12,-1,-1,8,8,-1,0,5,44,27,11,15,19,18,sil
10.661043167114258,1,-5,-9,-8,-1,-19,-18,4,41,11,23,23,15,1,sil
10.661043167114258,1,3,-5,0,3,-15,-14,6,44,16,34,19,21,-4,sil
10.676185607910156,0,4,5,-9,2,-10,-9,13,31,3,15,17,5,-6,sil
10.676185607910156,-13,-6,-6,-21,-5,-9,-8,4,21,-17,-2,1,-11,-16,sil
10.69242238998413,-17,-5,-14,-4,1,-1,2,-11,15,-13,2,-17,-13,-27,sil
10.69242238998413,-12,2,5,11,7,2,3,-9,-2,-6,7,-9,-10,-19,sil
10.707470655441284,-7,2,11,7,7,8,0,-4,-5,-3,0,-2,0,-3,sil
10.707470655441284,-6,3,4,4,11,18,6,0,6,8,-9,-16,3,3,sil
10.723220348358154,-5,8,4,8,8,17,21,7,15,14,-12,-17,-4,8,sil
10.723220348358154,0,1,5,12,2,7,24,12,24,15,0,1,4,17,sil
10.739267349243164,16,0,5,9,5,5,21,11,31,24,3,8,16,27,sil
10.739267349243164,18,1,-2,-5,7,7,11,7,19,24,-3,0,10,23,sil
10.754873514175417,2,-9,-17,-19,-2,-1,-4,-3,0,5,-10,-7,3,5,sil
10.754873514175417,-6,-20,-17,-26,-17,-19,-23,-7,-19,-15,-14,-2,0,-2,sil
10.76990246772766,0,-13,-9,-33,-25,-23,-29,-2,-37,-25,-8,3,-3,-8,sil
10.76990246772766,5,0,-10,-20,-21,-12,-18,-1,-37,-20,5,5,-3,-16,sil
10.786026239395142,0,10,2,3,-5,-2,-12,0,-30,-15,10,9,-7,-14,sil
10.786026239395142,-4,14,19,13,5,0,-12,-1,-25,-13,5,7,-7,-6,sil
10.801547527313232,-4,8,8,14,0,0,-4,-6,-26,-13,1,-3,-9,-6,sil
10.801547527313232,-13,0,2,13,-12,0,-2,-11,-36,-23,-9,-8,-26,-15,sil
10.81767511367798,-16,-6,2,15,-10,3,5,-12,-32,-15,-16,-6,-24,-11,sil
10.81767511367798,7,2,6,22,2,13,32,2,0,19,0,1,4,14,sil
10.832817792892456,17,8,10,22,13,24,38,15,24,36,10,8,14,27,sil
10.832817792892456,-2,-5,-7,9,12,19,16,5,19,14,-5,-6,2,9,sil
10.848668575286863,-4,-15,-10,-5,4,4,-1,0,10,2,-13,-9,5,3,sil
10.848668575286863,16,-6,6,-6,5,-3,-9,3,18,19,10,14,23,16,sil
10.864142656326294,21,0,3,0,10,-11,-19,1,20,17,19,25,25,14,sil
10.864142656326294,8,0,-3,-4,7,-21,-25,-2,8,-4,7,15,16,-3,sil
10.87896966934204,2,2,-5,-6,1,-23,-17,-1,5,-3,14,8,14,-10,sil
10.894150733947754,0,4,0,-4,0,-15,-13,1,0,-1,24,7,9,-10,sil
10.894150733947754,-6,10,2,-3,0,-4,-9,2,-8,-18,11,-8,-8,-16,sil
10.894150733947754,-11,12,-2,-5,2,5,3,0,-1,-19,-11,-27,-26,-20,sil
10.910150051116943,-12,6,2,0,6,18,18,0,6,-6,-28,-21,-30,-13,sil
10.926155805587769,-11,0,7,8,0,27,24,4,3,-3,-24,-18,-21,-7,sil
10.926155805587769,-19,-9,-2,-1,-7,19,19,1,-2,-3,-13,-26,-14,0,sil
10.926155805587769,-21,-12,-13,-17,-4,8,24,1,3,8,-12,-19,-8,10,sil
10.941838502883911,-3,-7,-14,-6,-4,7,28,3,17,24,-14,-8,0,13,sil
10.941838502883911,14,-5,-6,2,-10,1,2,-2,18,20,-4,-4,11,7,sil
10.957073211669922,15,-7,-8,-12,-9,-10,-27,-7,9,6,8,7,15,10,sil
10.957073211669922,6,-7,-15,-26,-2,-17,-34,-5,-1,-9,14,19,12,3,sil
10.972668647766112,4,-4,-11,-13,1,-16,-26,-11,-12,-18,15,23,13,-7,sil
10.972668647766112,9,6,0,-1,5,-11,-12,-6,-15,-13,14,29,21,1,sil
10.988284587860107,7,23,13,0,7,-6,-3,7,-12,-8,9,22,11,5,sil
10.988284587860107,1,23,18,11,8,-6,-5,2,-17,-13,3,0,-12,-14,sil
11.004030704498293,-1,7,15,20,3,-6,-4,-2,-31,-14,-5,-2,-23,-17,sil
11.020098209381104,-2,1,13,14,-3,0,13,4,-26,-2,-15,1,-16,2,sil
11.020098209381104,-3,3,8,15,-4,7,28,8,2,14,-10,-6,-2,7,sil
11.020098209381104,-3,0,9,21,2,18,24,8,27,35,3,-4,8,7,sil
11.03587532043457,3,-4,4,14,7,19,25,12,31,46,8,7,15,22,sil
11.051411151885986,7,-14,-4,-6,0,0,16,7,22,18,0,3,8,25,sil
11.051411151885986,0,-16,0,-16,-14,-12,-13,0,11,-14,-1,0,2,8,sil
11.067936658859251,2,-6,4,-4,-12,-12,-31,-7,3,-7,11,8,7,1,sil
11.067936658859251,13,1,6,-1,-1,-19,-33,-19,-13,-7,21,15,6,0,sil
11.067936658859251,9,6,8,0,0,-16,-31,-27,-29,-32,14,12,-4,-12,sil
11.082446813583374,-4,15,8,16,2,2,-19,-16,-22,-32,7,-1,-11,-24,sil
11.08395266532898,-6,15,2,21,6,6,0,1,-6,-12,9,-14,-13,-24,sil
11.0983464717865,-1,9,0,14,5,2,12,11,0,-5,2,-13,-12,-12,sil
11.113162279129028,-7,6,4,9,0,14,12,4,0,-4,-13,-12,-11,-2,sil
11.113162279129028,-15,-3,-4,4,-4,22,13,2,6,2,-20,-24,-9,-2,sil
11.128796100616457,-11,-11,-12,0,0,19,29,18,25,22,-14,-22,2,10,sil
11.128796100616457,-6,-14,-11,-7,6,20,41,23,29,35,-15,-5,14,22,sil
11.144174814224243,-7,-26,-34,-29,0,14,26,5,15,16,-28,-7,0,5,sil
11.144174814224243,0,-33,-35,-44,-6,-3,-1,0,4,-11,-25,-7,-8,-7,sil
11.160061359405518,12,-16,-8,-29,0,-14,-12,6,10,0,-3,9,9,4,sil
11.160061359405518,5,2,-3,-18,5,-20,-25,1,10,10,2,16,15,6,sil
11.175076484680176,-6,7,-8,-20,4,-20,-47,-16,-7,-6,4,7,-1,-12,sil
11.175410509109495,4,9,-4,-5,3,-13,-33,-26,-17,-11,16,0,-5,-19,sil
11.19096040725708,15,16,10,3,5,-5,-2,-11,-18,-2,5,-5,-4,-7,sil
11.19096040725708,0,18,10,9,13,2,14,6,-15,2,-4,-8,-2,0,sil
11.2063148021698,-17,3,-9,18,18,11,19,2,-14,1,3,-17,0,-1,sil
11.2063148021698,-12,-5,5,2,0,5,8,-1,-24,-13,-5,-16,-13,-2,sil
11.222072839736938,0,2,20,0,-20,-1,1,3,-11,-1,-14,-2,-10,2,sil
11.222072839736938,1,4,-1,23,-12,5,20,9,20,29,0,7,17,11,sil
11.236764192581177,4,-3,-1,11,0,15,30,18,26,27,9,20,25,24,sil
11.236764192581177,12,-6,14,-13,-12,1,11,12,10,6,14,31,20,21,sil
11.252732515335085,9,-2,5,-15,-22,-21,-11,-5,-10,-18,18,30,9,-3,sil
11.252732515335085,0,8,5,-4,-12,-21,-14,-6,-23,-38,18,18,-7,-14,sil
11.26787257194519,-2,20,18,19,0,-8,-7,-6,-15,-18,25,9,-2,-6,sil
11.26787257194519,0,17,20,41,8,0,-14,-13,-8,3,18,-1,0,-3,sil
11.283926010131836,1,13,18,40,12,10,-15,-9,-18,-8,-8,-8,-18,0,sil
11.283926010131836,0,4,8,29,8,9,-2,-5,-7,-3,-10,-2,-14,2,sil
11.299938917160034,1,-14,-12,2,-5,-10,-7,-4,17,17,-3,0,8,7,sil
11.299938917160034,2,-15,-8,-24,-10,-11,-20,7,30,4,-3,4,11,11,sil
11.315932750701904,10,-1,6,-14,1,2,-5,8,35,-7,14,12,16,4,sil
11.315932750701904,22,-3,7,-4,6,-1,8,-1,23,-3,24,12,16,-5,sil
11.332032442092896,13,0,11,-15,1,-6,0,0,2,-19,2,0,-10,-10,sil
11.332032442092896,-1,14,3,-2,9,9,5,1,18,-16,-19,-15,-28,-11,sil
11.348097801208496,-11,0,-16,1,11,18,20,-1,23,5,-33,-27,-28,-10,sil
11.348097801208496,-26,-26,-28,-19,-5,12,18,1,-15,6,-43,-38,-32,-11,sil
11.363969087600708,-25,-18,-25,-13,-2,16,21,12,-28,8,-30,-36,-27,-7,sil
11.363969087600708,-8,4,-5,7,15,32,27,13,-4,29,-10,-10,-10,0,sil
11.37981414794922,-9,0,-4,6,13,23,9,0,0,41,-1,3,3,7,sil
11.37981414794922,-11,-9,-10,-4,5,-2,-25,-5,-4,34,8,5,11,18,sil
11.394641399383543,5,1,0,-6,3,-12,-31,-1,2,20,15,18,14,22,sil
11.394641399383543,15,6,-2,0,-6,-11,-10,-3,0,0,5,14,12,9,sil
11.41069483757019,6,0,-13,0,-14,-19,0,-5,-13,-14,-1,2,12,0,sil
11.41069483757019,-2,-6,-10,-11,-13,-24,-2,-2,-12,-8,3,4,19,0,sil
11.426802158355711,-3,-12,-5,-24,-17,-21,-10,-2,-16,-8,4,4,22,0,sil
11.426802158355711,9,-2,5,-12,-16,-13,-3,0,-21,-24,9,7,25,4,sil
11.441955804824827,20,14,13,8,-6,0,10,9,-4,-20,20,17,28,8,sil
11.441955804824827,2,4,5,-4,-4,-2,0,7,6,-15,11,1,11,-10,sil
11.457507848739624,-11,-13,-6,-17,-3,-14,-7,-2,8,-25,-5,-20,-5,-27,sil
11.457507848739624,-2,-3,-3,-2,2,-10,6,-2,5,-29,-7,-8,-2,-20,sil
11.473103523254396,-3,6,6,-3,0,3,2,-4,-11,-32,-6,3,-7,-18,sil
11.473103523254396,-6,7,4,0,2,7,0,-8,-16,-22,-3,-6,-9,-16,sil
11.488846778869627,8,21,15,30,14,10,8,0,-2,10,6,-1,5,2,sil
11.488846778869627,15,32,32,45,19,19,5,2,10,30,12,13,19,20,sil
11.503893613815308,4,25,22,30,13,21,-7,-4,19,20,17,14,18,20,sil
11.503893613815308,1,11,7,19,8,10,-9,-7,16,14,18,9,4,4,sil
11.519038200378418,-1,0,1,17,8,0,0,-2,4,18,-1,-4,-24,-13,sil
11.519038200378418,-17,-9,-4,11,5,4,2,1,1,10,-19,-21,-45,-21,sil
11.53502321243286,-25,-16,-12,2,0,11,8,7,11,13,-18,-22,-42,-10,sil
11.53502321243286,-14,-28,-17,-8,-6,3,16,12,15,34,-14,-15,-38,8,sil
11.550021648406982,-3,-32,-11,-19,-7,1,17,10,6,31,-15,-8,-43,24,sil
11.550021648406982,2,-19,-11,-20,-7,6,13,4,6,11,-14,1,-54,26,sil
11.565227031707764,11,-3,-7,-20,-5,-3,2,1,8,1,-8,14,-57,24,sil
11.565227031707764,12,2,1,-20,-7,-16,-5,0,-1,-8,-1,15,-25,17,sil
11.581052303314207,6,0,-7,-22,-11,-12,-8,-5,-10,-25,-3,7,25,-2,sil
11.581052303314207,8,2,-5,-22,-4,-8,-14,-3,-2,-27,3,14,58,-14,sil
11.596665859222412,21,13,15,-2,3,-7,-15,2,8,-6,26,25,72,-1,sil
11.596665859222412,19,18,11,8,4,-8,-13,0,0,6,29,21,76,3,sil
11.611696243286133,5,15,0,0,1,-8,-17,-4,-17,0,19,16,65,-1,sil
11.611696243286133,4,18,12,6,0,0,-10,-2,-21,-14,25,15,48,0,sil
11.626978158950806,2,13,20,23,1,8,1,-1,-14,-21,24,1,31,0,sil
11.626978158950806,-6,-2,3,14,5,1,-1,-1,-8,-19,7,-14,15,-9,sil
11.643032312393188,-17,-4,-4,0,5,-6,-10,-6,-13,-22,-12,-24,-7,-20,sil
11.643032312393188,-26,-3,-4,3,-2,-7,-5,-16,-26,-31,-31,-36,-35,-31,sil
11.658328771591188,-25,-18,-12,5,-13,-4,1,-18,-27,-18,-30,-37,-41,-22,sil
11.673841953277588,-16,-22,-9,0,-9,9,10,-8,-11,14,-15,-18,-26,-1,sil
11.673841953277588,-8,-10,-12,0,8,24,24,9,7,32,-15,-8,-20,6,sil
11.673841953277588,-1,-6,-15,-3,10,20,24,19,19,20,-24,-12,-25,6,sil
11.68995451927185,1,-8,-4,-5,-6,4,16,10,24,16,-18,-11,-21,8,sil
11.68995451927185,-1,-11,-10,-2,-15,-4,11,6,26,25,-10,-4,-13,11,sil
11.706043004989624,-2,-11,-14,-8,-2,0,1,5,19,14,-2,8,-6,7,sil
11.706043004989624,10,3,0,-4,7,3,-4,-1,16,10,13,19,6,8,sil
11.721528053283691,18,15,9,4,4,-10,-6,2,21,25,22,28,20,18,sil
11.737142086029053,13,7,3,-7,0,-18,-7,20,21,23,22,33,20,12,sil
11.737142086029053,10,0,-6,-16,0,-10,-1,16,9,-4,23,20,8,-3,sil
11.737142086029053,6,6,0,-5,-4,-11,0,0,-8,-30,7,1,-14,-15,sil
11.752869129180908,9,20,17,15,4,-8,3,0,-7,-22,-5,-4,-21,-17,sil
11.752869129180908,19,27,27,27,20,4,12,-1,0,-5,11,2,0,0,sil
11.768019914627075,16,24,29,19,13,4,-6,-18,-19,-17,27,9,7,13,sil
11.785037755966188,-3,17,18,19,0,0,-33,-30,-39,-20,8,0,-9,-2,sil
11.785037755966188,-15,5,13,15,3,12,-20,-17,-28,-1,-11,-12,-14,-10,sil
11.785037755966188,-12,-13,4,-6,3,22,7,3,-5,3,-9,-2,0,4,sil
11.80107855796814,-14,-22,-22,-22,-4,6,8,1,2,4,-4,-1,7,4,sil
11.80107855796814,-15,-17,-23,-15,-3,0,-3,-5,0,10,-10,-14,3,-4,sil
11.815670490264893,-10,-11,0,-4,-3,12,0,0,5,12,-17,-13,-5,0,sil
11.815670490264893,-13,-12,-3,-6,-11,8,4,5,11,12,-16,-5,-2,8,sil
11.831697702407835,-9,-15,-16,-13,-10,-7,2,6,6,10,-13,-3,13,10,sil
11.831697702407835,5,-11,-11,-14,-7,-10,5,5,-3,-2,-7,1,20,7,sil
11.846841812133787,11,0,-5,-7,-4,-7,8,7,2,-14,1,11,15,0,sil
11.862142086029053,12,6,-8,1,1,-4,8,15,22,-8,11,13,15,0,sil
11.862142086029053,21,11,2,8,6,-3,5,12,19,-2,22,15,18,1,sil
11.877812147140505,17,12,10,2,-2,-12,-9,-6,2,-6,22,12,9,-5,sil
11.877812147140505,-3,7,2,-9,-9,-22,-31,-16,-9,-17,0,-4,-9,-14,sil
11.894015073776243,-3,6,13,-2,-1,-14,-25,-8,-23,-20,-12,-11,-21,-14,sil
11.894015073776243,8,5,21,17,3,2,-5,-3,-23,0,7,0,-8,-2,sil
11.909467697143556,0,0,10,22,2,13,-1,-4,-9,10,10,4,-2,2,sil
11.909467697143556,-12,0,-1,17,6,21,4,-2,-4,0,-8,-8,-16,-6,sil
11.92481565475464,-12,-4,-10,11,8,25,22,0,0,4,-12,-19,-13,-6,sil
11.92481565475464,-16,-12,-11,0,0,12,23,-3,3,21,-9,-18,-4,0,sil
11.940744876861572,-20,-14,-17,-6,-4,-3,12,-1,-5,16,-19,-21,-12,-4,sil
11.940744876861572,-20,-22,-28,-21,-6,-6,6,5,-2,0,-17,-20,-13,-7,sil
11.955740928649902,-20,-25,-22,-34,-8,-5,9,11,17,5,-6,-5,1,0,sil
11.955740928649902,-6,-2,-5,-14,-1,-11,9,12,24,13,-10,2,4,3,sil
11.97119665145874,9,13,4,-2,4,-16,-2,13,14,-3,-6,10,1,5,sil
11.97119665145874,20,9,9,-6,0,-16,-6,6,14,-7,17,26,14,13,sil
11.98677921295166,35,20,26,11,3,-13,-4,-4,6,1,35,37,24,16,please
11.98677921295166,41,32,40,27,10,-2,-12,-4,-8,-9,30,30,14,10,please
12.001837730407717,18,16,20,7,0,2,-17,-5,-14,-24,12,6,-4,0,please
12.001837730407717,2,11,11,3,-3,2,-17,-18,-22,-23,0,-5,-15,-9,please
12.01743197441101,13,29,23,34,19,13,-8,-17,-19,-8,4,5,0,0,please
12.01743197441101,5,19,13,34,21,28,4,-3,-4,7,6,4,8,13,please
12.033051252365112,-23,-11,-8,9,0,29,13,0,-2,10,-12,-17,-3,4,please
12.033051252365112,-23,-22,-16,1,-4,23,23,8,6,19,-22,-22,1,3,please
12.0483877658844,-6,-24,-20,-15,0,17,27,23,36,38,-2,-5,18,8,please
12.0483877658844,-17,-31,-38,-33,-5,3,11,12,39,31,0,-7,12,-3,please
12.069770097732544,-28,-24,-41,-33,-7,-14,-11,0,12,2,-16,-14,-1,-13,please
12.069770097732544,-5,-13,-17,-32,-14,-28,-19,2,2,-5,-5,1,0,-6,please
12.069770097732544,11,-9,-4,-24,-20,-35,-15,0,5,-2,14,16,1,-1,please
12.079373121261597,2,0,4,-7,-6,-23,-14,-7,-19,-20,4,7,-13,-6,please
12.094906330108644,0,12,14,1,4,0,-10,-6,-40,-29,-2,-7,-20,-13,please
12.094906330108644,7,14,12,12,0,3,-4,-4,-27,-16,11,-6,-5,-10,please
12.110704898834229,5,15,19,21,3,0,-5,-7,-18,-17,13,5,-5,-1,please
12.110704898834229,3,14,26,21,10,8,-3,-7,-24,-21,-10,3,-26,-1,please
12.125908613204956,7,7,18,23,2,9,0,-4,-18,0,-19,-3,-21,0,please
12.125908613204956,4,-2,2,13,-5,2,3,-2,5,19,-4,0,4,9,please
12.141072034835815,-4,-10,-8,-7,-3,2,11,-1,21,15,1,1,12,10,please
12.141072034835815,-8,-12,-7,-9,0,5,15,2,15,14,-5,0,12,5,please
12.157148122787476,0,-8,-6,1,-7,0,9,1,16,20,-2,8,19,11,please
12.157148122787476,2,-2,-5,-2,-13,-13,-2,0,18,2,9,18,24,8,please
12.17268133163452,-2,0,-5,-4,-5,-22,-6,7,14,-7,16,10,24,-8,please
12.17268133163452,-1,7,-3,5,9,-12,0,16,19,3,13,0,13,-15,please
12.187959909439089,9,23,15,8,15,0,0,7,10,-2,10,7,-4,-7,please
12.187959909439089,16,25,22,11,9,0,0,-5,-15,-21,7,9,-8,0,please
12.204272270202637,4,4,4,3,3,2,1,-4,-23,-26,-6,-9,-18,-1,please
12.204272270202637,-12,-7,-12,-7,0,12,11,2,-13,-13,-23,-22,-36,-5,please
12.221869230270386,-5,0,-12,0,2,26,21,6,-6,10,-21,-16,-20,9,please
12.221869230270386,4,-11,-10,-10,2,15,5,0,5,15,-13,-15,4,17,please
12.234917879104614,-2,-33,-29,-50,-8,-15,-27,-8,10,0,-9,-25,4,0,please
12.234917879104614,-6,-19,-29,-49,-11,-16,-34,-4,-4,-5,1,-12,1,-10,please
12.250933170318604,-1,12,4,4,9,7,-11,0,-6,5,9,6,6,-5,please
12.250933170318604,-7,14,16,30,22,10,0,-4,3,9,2,-3,-1,-8,please
12.266989946365356,-16,4,9,15,15,6,3,-2,-7,4,0,-18,-15,-11,please
12.266989946365356,-17,2,1,16,9,20,23,1,-9,8,-3,-14,-11,-5,please
12.282999038696287,-18,-8,-12,9,0,24,34,0,4,12,-23,-14,-8,-6,please
12.282999038696287,-18,-18,-15,-12,-13,7,22,0,11,11,-34,-16,-13,-11,please
12.299112319946287,0,-9,-6,-8,-17,-11,11,1,16,15,-2,0,5,1,please
12.299112319946287,32,2,21,7,-10,-14,4,10,20,14,36,43,38,31,please
12.314650774002075,47,9,33,13,-6,-9,1,14,23,6,40,65,45,45,please
12.314650774002075,36,11,15,10,-10,-23,-7,2,11,-7,29,47,29,28,please
12.330678701400757,27,16,28,6,-13,-27,-26,-5,-23,-24,26,38,18,9,please
12.330678701400757,20,28,39,25,0,-1,-29,-8,-32,-17,30,39,14,1,please
12.346060752868652,2,21,11,40,15,2,-25,-10,-13,-4,29,21,4,-3,please
12.346060752868652,-3,2,3,25,12,-5,-23,0,-11,-5,9,3,-7,0,please
12.36158537864685,-9,-2,5,12,5,10,-4,-2,-9,5,-16,-10,-12,-2,please
12.36158537864685,-33,-19,-30,-9,1,14,12,-16,3,16,-30,-38,-24,-20,please
12.37701678276062,-39,-36,-51,-43,-7,-5,5,0,10,-4,-34,-44,-30,-22,please
12.37701678276062,-21,-21,-25,-41,-10,-10,-4,13,10,-23,-20,-22,-15,-13,please
12.39305305480957,-13,-3,-15,-28,-8,-11,-3,0,4,-16,-1,-17,-5,-18,please
12.39305305480957,-14,-8,-16,-39,-16,-14,0,-4,-7,-12,-7,-26,-20,-22,please
12.408679485321043,-4,-3,2,-19,-9,5,8,1,-10,-8,-31,-27,-30,-16,sil
12.408679485321043,1,3,5,16,7,27,27,2,0,7,-32,-24,-17,-6,sil
12.424062252044678,-2,-9,-7,1,1,19,33,3,6,12,-14,-14,0,4,sil
12.424062252044678,2,-14,-20,-23,-6,1,21,7,7,6,-8,-4,11,15,sil
12.43938374519348,17,2,-12,-14,0,-15,-8,10,4,-6,-6,4,15,17,sil
12.43938374519348,23,25,15,1,7,-23,-34,6,0,-15,14,26,21,14,sil
12.455432176589966,25,36,25,21,11,-14,-28,-5,-1,3,39,35,26,15,sil
12.455432176589966,17,25,20,27,17,-2,-20,-10,-18,6,29,16,12,5,sil
12.47114396095276,-2,3,14,19,15,4,-17,-11,-28,-14,2,-5,-5,-15,sil
12.47114396095276,-7,4,8,27,17,18,2,-20,-19,-7,1,-13,-11,-18,sil
12.486835718154907,0,12,14,31,23,29,19,-16,-16,7,10,-4,-11,-5,sil
12.486835718154907,-10,0,4,19,11,23,19,0,-8,9,7,-3,-8,-1,sil
12.50221347808838,-22,-12,-8,10,0,18,26,13,17,31,8,-5,2,0,sil
12.50221347808838,-12,-5,3,6,2,26,34,19,36,48,13,4,13,8,sil
12.518803119659424,-2,-8,5,0,-1,20,22,14,34,26,10,14,17,15,sil
12.518803119659424,-3,-14,-7,-3,-13,-5,7,7,28,6,1,12,10,9,sil
12.534265279769896,0,-14,-12,-14,-19,-22,2,13,21,2,-13,6,0,8,sil
12.534265279769896,6,-20,-13,-36,-25,-20,-6,14,4,-18,-27,5,-7,8,sil
12.549510478973389,5,-19,-16,-39,-24,-14,-4,8,1,-22,-20,6,0,6,sil
12.549510478973389,13,-5,-4,-14,-13,-13,4,10,14,-1,-2,11,9,14,sil
12.565668106079102,24,2,10,-4,-9,-20,-13,2,6,-4,2,20,11,16,sil
12.565668106079102,18,3,-1,-10,-12,-25,-39,-16,-15,-19,4,20,8,0,sil
12.580745220184326,4,7,-5,-11,-3,-14,-41,-20,-20,-18,11,9,5,-12,sil
12.580745220184326,4,16,10,1,6,-3,-28,-18,-14,-18,15,2,0,-10,sil
12.596747636795044,8,22,15,23,9,-8,-13,-20,-19,-15,10,-1,-4,-11,sil
12.596747636795044,-1,19,13,28,11,-6,-4,-16,-24,-1,0,-14,-11,-14,sil
12.611841440200806,-21,4,-1,13,6,2,4,-10,-14,0,-11,-32,-20,-18,sil
12.628086566925049,-35,-10,-20,-2,1,3,8,0,-8,-7,-22,-41,-30,-25,sil
12.628086566925049,-33,-14,-17,-1,11,15,12,9,-2,5,-18,-32,-19,-21,sil
12.628086566925049,-13,-12,-17,5,17,27,24,9,17,28,-4,-19,3,0,sil
12.643158435821531,0,-9,-3,0,3,14,26,11,21,16,-10,-7,0,14,sil
12.659096240997314,0,-2,3,-1,-3,4,21,14,16,4,-11,-4,-4,8,sil
12.659096240997314,6,0,-9,-2,2,0,9,3,17,19,10,5,18,5,sil
12.675076246261597,24,7,12,-17,-1,-8,-16,4,-5,5,22,37,22,18,sil
12.675076246261597,18,14,30,-18,-9,-1,-24,1,-28,-22,16,38,2,10,sil
12.675076246261597,-1,14,2,0,3,3,-17,-23,-25,-19,12,3,-7,-14,sil
12.689733266830444,1,18,11,13,15,-6,-18,-19,-28,-12,12,-1,-9,-15,sil
12.705746412277222,8,18,36,26,13,3,-2,2,-23,-16,11,9,-8,1,sil
12.705746412277222,-1,1,8,30,10,25,23,4,6,1,0,-1,-7,7,sil
12.72116756439209,-8,-14,-15,13,4,24,29,8,19,23,-18,-15,-9,11,sil
12.72116756439209,-14,-24,-13,-6,-6,8,27,15,9,15,-25,-17,-5,7,sil
12.72116756439209,-18,-30,-27,-9,-14,-2,22,2,15,3,-20,-22,0,-6,sil
12.737828731536863,-7,-19,-24,-12,-15,-10,0,0,25,3,-11,-6,6,-2,sil
12.752869606018066,5,-1,-4,-20,-13,-12,-13,8,24,5,5,19,24,11,sil
12.752869606018066,11,-1,-4,-11,-12,-11,-6,3,22,7,19,26,35,13,sil
12.768792629241943,19,0,2,0,-8,-14,-5,-2,12,3,21,26,27,10,sil
12.768792629241943,29,15,14,0,-9,-23,-15,-1,-4,-6,19,26,15,4,sil
12.768792629241943,25,22,7,0,-6,-20,-20,-1,-15,-15,12,11,3,-6,sil
12.784037351608276,5,20,11,3,9,0,-17,-5,-18,-14,4,0,-6,-14,sil
12.798993110656738,-5,14,17,14,17,9,-10,-8,-14,-10,-3,-10,-14,-11,sil
12.798993110656738,-9,2,11,11,8,12,-4,0,-4,-2,-20,-20,-19,-7,sil
12.814095735549929,-17,-13,-8,0,7,15,12,9,10,15,-24,-23,-12,-6,sil
12.814095735549929,-22,-27,-22,-9,6,12,20,8,17,21,-19,-14,-5,0,sil
12.82935667037964,-17,-22,-5,-9,0,14,16,5,13,9,-17,-5,-4,10,sil
12.82935667037964,-10,-9,-9,-5,0,12,15,1,11,14,-14,-12,0,4,sil
12.845179796218872,-5,-7,-25,-13,-3,-12,0,-5,-1,3,-10,-15,0,-7,sil
12.845179796218872,0,-3,-9,-17,-7,-21,-16,-11,-19,-19,0,0,0,-5,sil
12.860790729522703,8,7,5,0,-3,-9,-11,-10,-13,-11,22,16,9,0,sil
12.860790729522703,12,9,4,1,-7,-12,-19,-6,-13,-3,26,17,5,-4,sil
12.87668490409851,7,9,0,0,-7,-20,-25,-9,-23,-17,20,11,-2,-9,sil
12.87668490409851,3,20,12,11,7,-7,-15,-11,-20,-14,26,15,-4,-1,sil
12.892367839813232,6,25,30,16,12,7,-6,-7,-18,-8,22,15,-17,4,sil
12.892367839813232,0,13,10,12,0,3,3,-6,-21,-8,5,-5,-23,2,sil
12.907586812973022,-9,1,-7,9,1,0,17,0,-12,-4,-9,-21,-18,0,sil
12.907586812973022,-15,-6,-1,8,11,20,23,14,0,2,-22,-18,-20,-4,sil
12.923197031021118,-16,-16,-8,6,9,33,25,9,14,14,-20,-15,-10,-5,sil
12.923197031021118,-4,-12,-12,5,4,18,24,9,38,28,-5,-8,15,4,sil
12.938660144805908,7,0,2,3,4,5,23,22,52,34,0,3,32,21,sil
12.938660144805908,3,-6,0,-4,-1,0,13,13,37,27,0,2,31,17,sil
12.954159021377563,7,-20,-11,-16,-11,-3,-1,1,14,7,-5,3,23,5,sil
12.954159021377563,23,-14,4,-14,-11,-3,-8,5,8,-12,-2,16,15,5,sil
12.969839811325071,19,-2,14,-1,-4,-9,-9,0,1,-19,12,18,10,3,sil
12.969839811325071,6,3,4,-2,-3,-17,-12,-3,-8,-17,22,14,11,0,sil
12.984793663024902,12,14,13,-8,-2,-10,-11,0,-12,-14,19,23,14,0,sil
12.984793663024902,17,21,18,4,0,-8,-7,-8,-11,-8,6,14,2,-1,sil
13.000736236572266,0,16,4,13,-1,-8,-15,-13,-20,-7,-10,-11,-19,-11,sil
13.000736236572266,-20,3,0,3,0,5,-15,-8,-27,-7,-14,-19,-27,-18,sil
13.016276597976685,-25,-9,-11,1,5,18,0,-7,-13,0,-14,-20,-24,-19,sil
13.016276597976685,-20,-8,-16,8,5,12,6,-5,0,6,-25,-22,-22,-11,sil
13.032042980194092,-12,0,-7,6,0,5,6,0,1,9,-21,-11,-6,2,sil
13.032042980194092,-7,-3,-8,-8,-6,-1,6,1,3,13,-3,3,10,13,sil
13.04769206047058,-9,-13,-15,-24,-14,-6,-5,3,2,13,-4,2,8,7,sil
13.04769206047058,-3,-9,-15,-17,-7,-6,-11,1,2,10,-7,-1,0,-2,sil
13.062900066375732,10,6,-5,-4,6,-11,-5,0,8,-1,4,9,6,1,sil
13.062900066375732,12,7,-2,-3,6,-22,-5,0,7,-11,19,17,17,8,sil
13.078672885894775,3,-5,-6,-13,-1,-21,-14,-3,-11,-19,17,3,5,-2,sil
13.078672885894775,0,-3,-1,-22,0,-8,-15,-9,-26,-36,0,-5,-18,-18,sil
13.094197750091553,3,9,3,-8,5,2,0,-3,-18,-36,-11,-9,-28,-17,sil
13.094197750091553,4,9,15,18,7,9,7,9,-4,-5,1,-6,-18,-8,sil
13.109760046005247,4,11,25,32,11,13,12,11,1,22,16,2,0,-2,sil
13.109760046005247,-2,11,8,24,11,20,21,2,4,22,10,-3,9,4,sil
13.124938488006592,-11,-4,-4,13,5,31,22,3,5,9,-1,-18,-3,10,sil
13.124938488006592,-5,-11,0,12,0,26,21,11,16,18,-5,-20,-4,15,sil
13.140186548233032,-2,-5,0,6,0,7,22,7,25,28,-3,-14,12,18,sil
13.140186548233032,-9,-13,-9,-4,-6,0,17,-1,25,17,-2,-7,9,7,sil
13.156073331832886,-8,-19,-16,-6,-20,-2,1,0,21,4,-4,-2,-5,-2,sil
13.156073331832886,0,-3,0,-9,-15,-6,-16,5,12,1,-7,6,0,1,sil
13.17177939414978,12,4,6,-3,2,-8,-13,1,14,13,9,21,23,5,sil
13.187419891357422,22,3,0,1,5,-17,0,-2,11,9,32,32,31,4,sil
13.187419891357422,14,12,15,-1,-3,-17,-11,-6,-17,-20,22,29,12,2,sil
13.187419891357422,1,15,19,5,0,-2,-23,-22,-30,-23,9,17,0,-5,sil
13.20307230949402,1,7,8,11,3,-7,-18,-23,-19,-10,15,18,1,-9,sil
13.20307230949402,9,11,14,9,-2,-13,-9,0,-19,-18,12,21,3,0,sil
13.21899437904358,14,12,17,20,0,10,5,6,-13,-4,-4,11,0,11,sil
13.21899437904358,14,-2,9,20,2,21,21,7,10,29,-11,0,6,25,sil
13.235063076019289,7,-17,1,-6,-15,-8,11,12,16,17,-2,3,15,25,sil
13.235063076019289,4,-12,-9,-22,-23,-28,-12,0,-2,-19,3,12,11,3,sil
13.250342845916748,3,2,-8,-15,-5,-17,-18,-7,-13,-23,0,12,-2,-10,sil
13.250342845916748,-5,9,2,-11,5,0,-13,3,-7,-9,-9,1,-11,-15,sil
13.26453137397766,-13,1,-10,-11,3,3,-15,0,-5,-5,-10,-15,-15,-27,sil
13.28004240989685,-14,-1,-28,-17,6,0,-20,-8,-22,-18,-19,-29,-28,-32,sil
13.28004240989685,-25,0,-21,-25,13,1,-15,-7,-35,-34,-32,-39,-37,-26,sil
13.29560160636902,-32,0,-25,-10,16,10,5,-5,-13,-18,-34,-50,-33,-22,sil
13.29560160636902,-25,0,-25,0,16,17,19,7,5,2,-33,-52,-30,-17,sil
13.311695337295532,-21,0,-9,-6,14,22,25,13,5,4,-33,-43,-30,-19,sil
13.311695337295532,-21,-7,-11,-9,11,21,33,6,14,7,-27,-36,-21,-10,sil
13.329705953598022,-15,-12,-5,-3,9,10,25,4,17,17,-12,-24,-6,3,sil
13.329705953598022,-3,-12,3,2,4,11,18,5,16,39,12,-11,9,9,sil
13.343076467514038,7,-11,4,4,0,14,18,7,24,50,20,5,19,18,sil
13.343076467514038,11,-9,7,0,-7,0,1,2,25,23,11,16,18,26,sil
13.359073400497437,9,-11,-1,0,-15,-15,-19,-10,20,1,17,11,21,20,sil
13.359073400497437,16,-6,1,1,-18,-16,-15,-6,17,12,30,21,32,19,sil
13.37408447265625,29,6,19,12,-11,-8,6,6,26,24,36,44,44,29,sil
13.37408447265625,24,5,16,19,-8,-8,5,0,17,7,36,42,39,27,sil
13.390135049819946,9,0,16,4,-18,-15,-20,-5,-19,-24,21,35,16,6,sil
13.390135049819946,11,10,12,6,-20,-17,-15,-3,-33,-25,11,40,5,-6,sil
13.405657529830933,21,17,14,17,-3,-11,6,1,-13,-9,22,46,14,6,sil
13.405657529830933,23,12,30,11,0,-4,-2,11,-5,-13,25,46,13,14,sil
13.421053886413574,20,12,21,18,-9,-9,-19,-1,-13,-19,12,26,0,-1,sil
13.421053886413574,18,19,14,27,0,-9,-14,-18,-28,-21,-3,7,-12,-9,sil
13.43710160255432,11,24,24,14,13,9,1,-3,-28,-18,-6,1,-14,-1,sil
13.43710160255432,-4,20,7,7,17,17,8,6,0,1,4,-6,-5,-4,sil
13.453108072280884,-15,6,-13,8,20,3,-1,-4,9,12,1,-20,-3,-15,sil
13.453108072280884,-13,4,-5,4,22,4,-9,-5,-3,-3,-10,-20,-14,-14,sil
13.4689302444458,-18,9,-5,4,17,14,0,0,-7,-13,-9,-21,-23,-11,sil
13.4689302444458,-32,-4,-26,-4,8,12,10,-1,-5,-10,-23,-39,-27,-19,sil
13.484069347381592,-39,-34,-35,-31,0,7,9,0,1,0,-49,-53,-27,-23,sil
13.484069347381592,-35,-44,-40,-43,-6,-3,9,9,25,20,-43,-45,-18,-12,sil
13.499680042266846,-22,-33,-41,-42,-14,-20,-2,10,36,24,-17,-25,0,0,sil
13.499680042266846,-2,-15,-21,-34,-13,-22,-19,1,20,2,-1,-4,13,2,sil
13.514896392822266,12,0,-4,-11,-4,-14,-9,-4,5,-1,2,4,8,-4,sil
13.514896392822266,14,8,7,-2,0,-1,0,-9,-16,-5,0,1,-12,-14,sil
13.53090763092041,8,11,20,-5,0,11,-9,-16,-39,-26,-4,-3,-20,-15,sil
13.53090763092041,3,6,14,6,2,14,-12,-16,-39,-28,-15,-5,-9,-3,sil
13.546096563339232,-1,0,11,13,3,16,0,-4,-26,1,-22,-4,-5,9,sil
13.546096563339232,0,0,13,17,3,36,26,11,2,27,-9,0,0,22,sil
13.561683177947998,12,1,13,19,4,36,36,15,26,22,4,6,8,31,sil
13.561683177947998,18,0,15,10,1,6,11,5,15,18,9,16,18,31,sil
13.576847314834597,8,-3,2,3,-1,-15,-4,2,1,27,17,16,28,25,sil
13.576847314834597,-3,-8,-10,-2,-5,-12,3,13,13,18,19,5,24,12,sil
13.59294605255127,-2,-15,-16,-17,-12,-10,10,18,31,0,13,0,10,-1,sil
13.59294605255127,2,-16,-13,-21,-13,-18,5,14,30,0,9,8,9,-2,sil
13.60871171951294,6,-4,-1,-2,0,-16,1,7,24,9,18,23,15,3,sil
13.60871171951294,8,8,4,13,5,-10,-4,-2,17,8,34,30,16,2,sil
13.623786926269531,1,8,2,5,-5,-14,-24,-10,-1,-14,22,20,5,-11,sil
13.623786926269531,-4,9,-1,-3,-8,-6,-23,-3,-9,-31,-8,-1,-10,-24,sil
13.639681577682495,0,18,0,3,11,8,5,4,0,-6,-1,-2,-4,-10,sil
13.639681577682495,4,20,9,12,11,7,12,-1,-7,3,15,10,5,1,sil
13.654948472976685,-2,13,3,12,-7,-9,-5,-16,-27,-21,-3,-2,-12,-16,sil
13.654948472976685,-18,8,1,10,-7,-14,-12,-19,-29,-24,-16,-15,-26,-23,sil
13.67096209526062,-11,5,9,10,2,-5,-10,-12,-17,-2,2,-3,-6,0,sil
13.67096209526062,12,11,14,6,2,-5,-12,-7,-16,-10,10,3,2,9,sil
13.686673641204834,16,15,15,5,2,-7,-7,-6,-22,-20,1,0,-8,-1,sil
13.686673641204834,0,0,3,7,0,1,-1,-1,-9,0,-2,-4,-5,-2,sil
13.702059507369995,-8,-11,-6,3,0,10,-1,3,2,6,-12,-11,0,1,sil
13.702059507369995,0,1,3,8,12,14,11,5,4,-4,-12,-6,0,3,sil
13.717673063278198,12,9,13,16,19,15,17,10,8,7,-1,4,2,15,sil
13.717673063278198,6,-8,1,3,3,9,2,5,3,15,-13,0,0,9,sil
13.733743906021118,-14,-22,-18,-10,-6,6,0,-8,-9,0,-26,-22,-20,-15,sil
13.733743906021118,-17,-13,-20,-19,0,13,7,-4,-10,1,-14,-23,-25,-15,sil
13.749689102172852,-10,-12,-16,-27,0,14,4,5,-2,13,-14,-10,-13,2,sil
13.749689102172852,-12,-27,-18,-27,-7,8,1,0,1,9,-21,-15,-12,0,sil
13.765137434005736,-11,-23,-4,-20,-5,4,0,0,10,3,-5,-14,-7,-2,sil
13.765137434005736,3,-3,3,-10,0,2,0,13,29,18,7,5,14,7,sil
13.780686616897585,17,3,8,4,8,-2,8,13,34,30,13,25,33,17,sil
13.780686616897585,23,7,17,9,13,-3,9,2,26,18,28,28,36,22,sil
13.796745777130129,8,5,0,-6,1,-6,0,-5,16,-5,19,8,22,8,sil
13.796745777130129,-21,-11,-30,-24,-8,-14,-5,-1,4,-14,-12,-15,2,-12,sil
13.812325477600098,-17,-15,-22,-16,-1,-14,1,13,5,3,-8,-5,4,-2,sil
13.812325477600098,13,3,1,1,0,-14,-3,12,8,5,22,20,19,12,sil
13.827526330947876,14,14,1,1,-8,-15,-16,-1,0,-15,23,20,13,0,sil
13.827526330947876,-2,9,-1,0,0,-5,-13,-1,-7,-21,0,6,-5,-8,sil
13.842493772506714,-3,6,13,15,3,1,-1,1,-12,-19,-5,3,-15,-2,sil
13.842493772506714,6,10,18,25,-4,-2,3,-10,-20,-23,10,2,-11,-7,sil
13.858200550079346,9,20,14,14,-8,-3,-2,-19,-26,-15,17,4,-9,-12,sil
13.858200550079346,9,26,27,14,-10,-1,-5,-13,-18,0,10,11,-10,0,sil
13.874201536178589,11,23,29,29,-14,-1,-1,0,-14,2,4,6,-9,8,sil
13.874201536178589,10,16,16,32,-7,4,-5,3,-21,0,-2,-5,-6,0,sil
13.890261888504028,8,9,6,33,-8,8,-10,-8,-12,8,0,-6,2,-3,sil
13.890261888504028,3,0,6,24,-28,0,-10,-20,-3,13,4,0,2,6,sil
13.906076908111572,-12,-11,-3,-2,-20,1,-9,-16,-19,-1,-15,-14,-16,-5,sil
13.906076908111572,-30,-25,-31,-22,17,5,-1,-6,-25,-8,-36,-40,-26,-25,sil
17.812711477279663,0,7,11,16,-7,4,-3,-9,-6,8,10,11,1,12,please
17.827754497528076,1,0,3,13,0,12,-4,-11,-9,3,-1,-1,-14,-2,please
17.827754497528076,-4,-2,-13,-2,-4,5,-5,-6,-12,1,-6,-5,-20,-7,please
17.84376859664917,-19,-2,-6,-9,-17,5,3,10,-16,-1,-5,-1,-13,-5,please
17.84376859664917,-15,-6,-3,9,-4,14,24,14,5,11,2,-3,2,0,please
17.84376859664917,-4,-6,-6,2,2,13,23,15,14,10,-5,-3,4,4,please
17.859568119049072,-8,-6,-12,-16,-10,0,9,15,1,-3,-19,-10,-3,-6,please
17.860567808151245,-20,-22,-27,-20,-13,-6,11,0,0,-1,-19,-25,-9,-16,please
17.874666213989258,-22,-36,-24,-40,-13,0,12,1,0,1,-18,-23,-16,-9,please
17.88968777656555,-13,-23,-12,-43,-16,4,5,11,7,9,-10,-6,-5,-1,please
17.88968777656555,-2,-4,-13,-8,0,6,4,3,20,14,0,-2,5,0,please
17.90574288368225,-2,-5,-13,0,5,5,-1,-2,8,-5,-22,-14,-8,0,please
17.90574288368225,0,-7,-1,-20,-7,-12,-19,-2,-9,-20,-31,-17,-15,0,please
17.921825647354126,13,2,-2,-14,-2,-25,-29,-13,-5,-9,-2,-7,4,-2,please
17.921825647354126,11,1,-9,-6,8,-16,-28,-17,-9,-9,0,-7,7,-7,please
17.937942028045654,-1,-8,-10,-20,1,-10,-20,-10,-15,-12,-12,-9,-1,-4,please
17.937942028045654,3,-3,-17,-18,-1,-17,-6,-1,4,0,0,0,12,3,please
17.953035593032837,21,21,4,5,8,-16,-5,6,8,3,12,7,19,7,please
17.953035593032837,27,36,42,31,23,0,-1,2,0,2,12,5,9,8,please
17.968400955200195,15,24,30,33,24,18,19,0,5,17,20,9,12,15,please
17.968400955200195,-1,2,11,14,10,18,26,7,8,17,14,11,9,11,please
17.98402762413025,-7,-7,0,12,4,11,19,1,10,11,3,-6,-1,0,please
17.98402762413025,-2,-12,-10,14,1,8,8,-7,21,9,4,-8,0,3,please
17.99986743927002,8,-8,15,-2,-12,7,-3,8,15,0,16,29,12,17,please
17.99986743927002,13,0,27,-11,-17,-3,-10,6,0,-5,34,49,17,5,please
18.01496696472168,0,3,2,-2,-9,-21,-25,-18,-18,-17,33,33,7,-16,please
18.01496696472168,2,12,11,7,-5,-20,-32,-12,-32,-32,26,33,1,-8,please
18.030540943145752,18,27,36,24,2,-2,-9,4,-26,-18,34,40,7,3,please
18.030540943145752,5,22,25,32,13,10,7,0,-19,-1,19,13,-3,-12,please
18.046318531036377,-14,0,1,22,9,14,12,-2,-14,-8,-13,-17,-26,-20,please
18.046318531036377,-14,-13,-7,4,-7,6,17,4,-2,-6,-17,-16,-20,-4,please
18.06169605255127,-9,-2,-6,1,-11,-2,17,3,2,15,-10,-7,-5,3,please
18.06169605255127,-5,18,2,24,8,3,13,-1,0,19,-11,-10,-7,3,please
18.07684779167176,-4,13,-4,24,16,19,13,0,5,3,-13,-19,-10,4,please
18.07684779167176,-16,-13,-31,-17,-5,12,4,7,19,3,-27,-27,-5,0,please
18.09843707084656,-16,-20,-31,-36,-15,-5,-5,2,19,4,-33,-27,-2,0,please
18.09843707084656,0,-10,-15,-18,-4,-2,4,-2,13,3,-20,-19,-1,10,please
18.09843707084656,0,-12,-22,-21,-1,9,16,4,13,12,-22,-21,-2,5,please
18.10745906829834,-15,-24,-27,-41,-8,5,0,3,0,5,-37,-26,-11,-8,please
18.122610807418823,-18,-28,-23,-41,-5,-5,-17,-1,-9,-6,-31,-21,-12,-10,please
18.122610807418823,-5,-14,-15,-18,3,-6,-10,5,9,7,-5,-7,2,-3,please
18.138272047042847,15,3,0,0,4,-5,-4,10,28,17,9,7,16,5,please
18.138272047042847,24,4,21,-2,-6,-13,-14,9,16,0,15,21,19,17,please
18.15390586853028,10,0,19,-5,-8,-14,-10,2,7,-1,24,22,19,10,please
18.15390586853028,0,0,-7,2,-2,-6,0,-11,-2,-1,13,2,2,-6,please
18.169813871383667,6,0,0,-3,-2,-9,-10,-8,-32,-22,-7,1,-17,-12,please
18.169813871383667,9,12,21,2,6,-6,-13,-3,-32,-11,8,14,-3,-10,please
18.185250520706177,2,23,11,31,22,4,2,-13,-15,4,22,8,3,-7,please
18.185250520706177,-2,12,12,24,15,6,2,-5,-24,-17,0,0,-19,-3,please
18.201043128967285,-2,1,9,2,0,0,0,0,-14,-12,5,2,-8,0,sil
18.201043128967285,2,8,-6,10,0,-3,8,-11,10,12,30,2,19,0,sil
18.21605634689331,3,13,8,20,0,3,10,0,2,1,11,0,4,0,sil
18.21605634689331,-9,1,11,13,-7,13,12,14,0,0,-14,-2,-9,5,sil
18.23209929466248,-11,-15,-15,-2,-11,9,10,1,18,17,-8,-3,5,12,sil
18.23209929466248,4,-20,-16,-15,-5,-3,5,0,23,11,6,5,23,11,sil
18.2481107711792,5,-9,4,-17,-1,-10,-3,0,6,-3,10,13,24,0,sil
18.2481107711792,2,4,6,-13,-1,-9,-16,-5,-7,-11,12,15,14,-2,sil
18.26410222053528,10,9,1,-5,2,-2,-18,-3,-10,-12,16,15,0,0,sil
18.26410222053528,10,12,17,6,9,5,-10,0,-10,-13,9,10,-10,-5,sil
18.28014612197876,10,23,27,23,9,9,-1,0,-13,-16,0,3,-12,-5,sil
18.28014612197876,13,20,19,31,11,11,6,4,-12,-10,-3,1,-12,4,sil
18.2958664894104,5,11,17,28,14,15,16,3,0,7,-9,-1,-14,6,sil
18.2958664894104,-8,8,4,20,5,16,20,0,17,15,-18,-17,-9,2,sil
18.31096053123474,-16,-7,-16,0,-3,11,14,0,16,8,-24,-24,-6,0,sil
18.31096053123474,-17,-28,-23,-14,-1,6,13,6,11,15,-22,-17,-7,-1,sil
18.326752185821533,-10,-19,-18,-1,0,3,12,17,29,34,-6,-11,0,2,sil
18.326752185821533,-9,-10,-12,0,-8,-2,1,17,32,31,0,-8,4,5,sil
18.341917037963867,-10,-24,-18,-26,-14,-14,-8,0,9,9,-5,-3,7,0,sil
18.341917037963867,0,-24,-13,-43,-8,-20,-10,-4,0,-1,2,11,14,0,sil
18.35737156867981,9,-11,-4,-31,-9,-18,-9,0,3,-4,16,20,15,3,sil
18.37305951118469,-1,-13,-14,-26,-26,-22,-22,-8,-8,-16,6,3,2,-9,sil
18.37305951118469,-15,-12,-23,-35,-26,-27,-31,-16,-26,-27,-8,-11,-8,-25,sil
18.37305951118469,-11,5,-11,-15,-1,-16,-11,-13,-25,-19,-6,-12,-13,-23,sil
18.38844490051269,-4,18,6,14,8,0,-6,-12,-25,-19,-3,-16,-24,-17,sil
18.38844490051269,0,19,10,18,3,5,-15,-12,-28,-26,-5,-16,-24,-12,sil
18.404253244400024,10,21,16,21,9,11,3,-2,-17,-10,-1,1,-6,5,sil
18.404253244400024,6,17,24,31,16,21,27,9,1,14,-7,2,0,19,sil
18.41936683654785,-17,-3,-1,16,7,19,21,9,9,20,-25,-20,-5,8,sil
18.43472409248352,-12,-5,-15,1,1,9,9,4,10,7,-12,-11,7,2,sil
18.43472409248352,23,18,14,16,8,6,10,4,13,2,31,29,34,19,sil
18.450051307678223,28,15,15,9,8,-1,3,1,4,0,40,41,39,21,sil
18.450051307678223,9,-3,-1,-10,2,-16,-15,-2,-10,-11,16,26,16,2,sil
18.46581649780273,13,11,11,14,6,-8,-14,-1,-10,-11,18,16,4,1,sil
18.46581649780273,17,25,31,38,16,10,6,3,-3,4,26,17,3,10,sil
18.48129439353943,8,7,23,25,15,18,19,8,4,19,7,12,-1,7,sil
18.48129439353943,7,-7,7,13,4,18,23,9,19,23,-6,0,0,13,sil
18.496803522109985,10,-10,2,-1,-5,13,24,5,26,22,-6,0,4,20,sil
18.496803522109985,3,-18,-15,-22,-9,0,16,4,18,24,-6,1,3,8,sil
18.51206493377685,0,-20,-27,-28,-7,-16,-6,6,11,10,4,2,6,-1,sil
18.51206493377685,-2,-16,-14,-26,-13,-17,-28,-1,4,-19,10,-1,7,-11,sil
18.52814555168152,-14,-10,-9,-25,-20,-16,-33,-13,-7,-28,-4,-15,-7,-30,sil
18.52814555168152,-20,1,-2,-21,-3,-11,-25,-11,-15,-14,-13,-20,-23,-33,sil
18.54401159286499,-12,8,2,-7,7,0,-9,-5,-12,-8,-10,-13,-24,-18,sil
18.54401159286499,-11,3,-1,4,-2,4,-5,-11,-24,-16,-21,-20,-30,-15,sil
18.559690952301025,-16,2,-1,9,-4,3,0,-7,-25,-10,-29,-24,-30,-19,sil
18.559690952301025,-13,0,-1,7,2,12,20,11,10,18,-19,-12,-8,-3,sil
18.57486081123352,-12,-12,-9,-9,-1,8,19,14,32,32,-18,-14,3,11,sil
18.57486081123352,-12,-23,-20,-16,-9,-5,0,0,15,10,-15,-24,-4,2,sil
18.590791940689087,-8,-15,-20,-10,-5,-6,-7,-4,0,-18,-3,-12,-8,-10,sil
18.590791940689087,-3,-4,-7,-10,5,-1,-3,-1,4,-20,2,5,3,-1,sil
18.606319665908813,4,0,0,-10,7,-13,-3,-2,9,-3,13,10,16,7,sil
18.606319665908813,14,11,5,1,-4,-22,-10,-3,-8,-13,22,18,16,0,sil
18.6220064163208,11,20,10,14,-5,-10,-14,-5,-25,-30,16,23,15,-2,sil
18.6220064163208,3,19,16,17,9,-2,-9,-8,-17,-11,14,15,13,4,sil
18.637194395065308,7,17,23,22,8,2,3,-2,-16,11,17,12,4,5,sil
18.637194395065308,11,12,19,33,0,16,12,4,-19,5,5,8,0,12,sil
18.65271735191345,0,0,11,26,4,25,11,4,-5,1,-11,-3,-4,16,sil
18.65271735191345,-6,-7,-2,8,7,25,20,6,11,20,-13,-13,-9,4,sil
18.668301582336422,0,-7,-11,0,0,16,25,11,19,35,-1,-6,-3,3,sil
18.668301582336422,4,-12,-1,-12,-9,2,13,12,23,29,3,4,9,23,sil
18.684035301208496,7,-10,-2,-20,-6,-2,8,12,24,19,6,15,26,31,sil
18.684035301208496,19,2,-1,-5,2,-3,11,8,22,17,14,29,33,22,sil
18.69979286193848,21,4,5,8,0,-8,1,0,17,8,21,26,23,9,sil
18.69979286193848,16,0,3,1,-3,-10,-6,-5,2,-14,16,13,6,-1,sil
18.71585464477539,14,9,8,0,6,-6,-8,-3,-9,-24,9,13,0,-11,sil
18.71585464477539,4,8,3,0,4,-14,-14,-10,-10,-21,3,0,-6,-23,sil
18.73103737831116,-7,0,-5,-15,-2,-21,-28,-19,-22,-27,-4,-17,-22,-33,sil
18.73103737831116,-1,10,5,-6,8,-4,-21,-10,-24,-18,-2,-8,-16,-20,sil
18.74710488319397,4,19,15,21,20,16,-1,1,-8,4,0,-2,0,0,sil
18.74710488319397,-5,8,6,13,13,17,-4,0,-8,0,-11,-17,-12,-6,sil
18.762684106826782,-22,-2,-14,-6,0,5,-16,-8,-16,-8,-23,-30,-31,-26,sil
18.762684106826782,-28,-10,-22,-8,-8,1,-11,-8,-12,2,-20,-23,-22,-20,sil
18.77808260917664,-25,-17,-13,-4,-5,5,0,-3,-2,7,-13,-11,-13,-1,sil
18.77808260917664,-23,-23,-14,-10,-5,2,3,0,-1,-1,-19,-14,-22,-3,sil
18.79309773445129,-23,-28,-19,-24,-16,-1,9,1,-5,-9,-25,-22,-22,-8,sil
18.79309773445129,-13,-19,-17,-21,-9,1,22,9,4,0,-13,-19,-4,2,sil
18.808728218078613,-3,-6,-7,-5,2,4,24,12,22,17,0,-7,9,12,sil
18.808728218078613,2,-1,2,-2,-1,0,17,7,32,22,0,0,17,15,sil
18.824220180511475,11,4,9,2,-5,-7,13,7,32,13,3,5,27,27,sil
18.824220180511475,13,8,9,11,-2,-14,2,15,20,8,11,7,25,25,sil
18.83934617042541,6,2,0,2,-2,-10,-1,14,13,6,13,9,19,8,sil
18.83934617042541,7,1,1,-4,-7,-8,-2,0,10,-5,16,18,15,1,sil
18.85502958297729,17,6,15,7,-9,-11,-10,-7,-4,-19,13,22,4,1,sil
18.85542917251587,19,6,5,8,-9,-9,-16,-9,-19,-20,0,12,-6,-6,sil
18.871060609817505,12,5,0,-4,-2,-4,-17,-11,-23,-18,0,12,-6,-13,sil
18.871060609817505,13,9,9,3,11,0,-12,-10,-17,-11,22,24,4,-6,sil
18.88706135749817,12,19,13,15,16,3,-8,-7,-17,0,29,21,4,-4,sil
18.88706135749817,0,27,10,13,10,8,-6,-3,-19,4,17,7,-6,-11,sil
18.90310478210449,0,28,13,20,13,12,0,0,-4,10,15,3,-1,0,sil
18.90310478210449,14,28,34,42,24,18,0,6,1,8,19,15,8,15,sil
18.92069149017334,13,17,37,42,18,17,3,1,-12,0,7,10,0,7,sil
18.92069149017334,-4,-16,3,-6,0,6,16,-5,-17,0,-18,-15,-13,0,sil
18.93406867980957,-25,-45,-23,-54,-18,3,21,-1,0,9,-32,-25,-11,3,sil
18.93406867980957,-29,-42,-29,-36,-20,13,23,8,10,7,-24,-16,-5,0,sil
18.95007634162903,-18,-26,-25,-5,-10,18,23,9,9,0,-33,-22,-16,-10,sil
18.95007634162903,-13,-21,-30,-12,-6,4,6,2,19,8,-50,-39,-18,-8,sil
18.965330362319943,-10,-15,-27,-15,-6,-15,-14,1,31,19,-26,-24,7,3,sil
18.965330362319943,6,2,-8,4,0,-18,-16,6,28,17,15,9,26,12,sil
18.98086619377136,11,7,-7,10,5,-10,-14,6,18,10,21,13,20,6,sil
18.98086619377136,0,0,-13,-11,3,-8,-16,0,5,1,6,1,12,0,sil
18.99604225158692,5,5,-2,-10,4,-7,1,-4,0,-10,8,5,6,2,sil
18.99604225158692,17,18,7,8,2,-7,14,-8,-3,-23,12,7,-4,0,sil
19.011451244354248,3,8,4,-5,-1,-12,-2,-13,-21,-32,1,0,-11,-11,sil
19.011451244354248,-8,-3,-5,-26,-5,-14,-17,-15,-31,-29,-3,-3,-7,-12,sil
19.027100801467896,-9,0,-3,-7,0,-9,-22,-9,-25,-17,0,-1,-8,-11,sil
19.027100801467896,-9,7,5,14,8,1,-15,1,-5,0,5,-6,-7,-13,sil
19.04268789291382,0,9,10,14,10,7,1,4,7,11,13,-3,0,-2,sil
19.04268789291382,11,11,28,18,2,1,6,0,0,8,15,14,5,9,sil
19.05827307701111,0,5,31,24,0,4,9,0,-5,13,1,10,4,8,sil
19.05827307701111,-7,-2,9,8,0,19,34,10,5,28,-8,-8,-1,3,sil
19.073899030685425,-5,-9,-4,-10,-6,18,44,13,11,17,-7,-10,-7,1,sil
19.073899030685425,-12,-22,-11,-23,-17,2,10,12,4,0,-8,-1,-4,-3,sil
19.089664220809937,-7,-17,-7,-23,-17,-4,-19,7,0,1,-1,12,3,0,sil
19.089664220809937,23,8,6,4,-3,-3,-21,-1,1,-4,16,35,9,15,sil
19.10568690299988,32,17,18,17,7,-8,-25,-6,-3,-21,25,37,0,13,sil
19.10568690299988,11,9,11,2,3,-9,-19,-4,-6,-19,19,11,-8,-5,sil
19.11982774734497,2,17,7,11,1,-1,0,-6,-6,-16,9,-3,-1,-12,sil
19.13521265983581,5,26,20,29,12,7,4,-7,-12,-21,3,0,0,-6,sil
19.13521265983581,1,15,14,23,15,15,3,0,-7,3,6,0,0,0,sil
19.1508264541626,-3,0,-3,10,3,14,10,5,0,25,-3,-10,1,4,sil
19.1508264541626,-16,-18,-16,0,-9,3,3,-3,-6,5,-33,-23,-10,-3,sil
19.16671204566956,-28,-28,-37,-15,-9,-10,-2,-8,-2,-6,-34,-26,-10,-13,sil
19.16671204566956,-10,-12,-32,-18,-2,-10,5,4,16,4,-7,-11,7,-1,sil
19.182152271270752,11,-1,-11,-2,-2,3,11,10,21,8,-17,-6,7,10,sil
19.182152271270752,10,-10,-9,-2,-5,6,4,0,13,4,-43,-14,-6,8,sil
19.1977334022522,16,0,5,-3,-1,-3,0,4,15,12,-13,0,4,16,sil
19.1977334022522,24,11,12,0,0,-16,-2,5,20,17,25,16,23,21,sil
19.213247299194336,-5,-11,-13,-23,-8,-27,-23,-10,4,1,16,8,13,-1,sil
19.213247299194336,-27,-20,-29,-45,-8,-25,-34,-15,-14,-12,5,-3,0,-24,sil
19.229271173477173,-6,4,-1,-16,6,0,-9,-4,-20,-17,14,-4,-3,-17,sil
19.229271173477173,0,16,18,18,20,25,25,2,-8,-4,11,0,-6,-1,sil
19.245031356811523,-18,2,-1,17,15,29,31,12,8,22,0,-6,0,10,sil
19.245031356811523,-24,-10,-12,-1,10,23,15,16,11,28,-8,-19,1,9,sil
19.2607479095459,-14,-17,-14,-10,12,23,12,6,8,11,-20,-27,-5,-3,sil
19.2607479095459,-11,-17,-19,-16,0,12,11,-2,12,11,-20,-21,-6,-4,sil
19.276763200759888,-4,-8,-5,-18,-13,-7,-7,-3,2,9,-3,0,6,3,sil
19.276763200759888,11,3,12,-9,-9,-22,-21,-6,-18,-20,13,22,10,0,sil
19.291852474212646,18,9,19,-1,-8,-29,-19,-12,-24,-40,26,36,0,-11,sil
19.291852474212646,24,19,24,13,-6,-20,-10,-7,-8,-15,34,38,5,-9,sil
19.30737018585205,31,35,35,37,10,-5,-3,4,-2,-2,38,30,14,-1,sil
19.30737018585205,27,36,40,34,10,-8,-6,3,-14,-22,27,15,-1,0,sil
19.322991847991943,14,17,23,19,-3,-15,-11,-9,-20,-23,0,1,-23,-4,sil
19.322991847991943,-2,5,13,16,0,0,-7,-12,-19,-9,-18,-4,-30,-8,sil
19.338149785995483,-18,1,5,16,5,19,7,-4,-17,-12,-17,-16,-29,-9,sil
19.338149785995483,-21,-7,-9,8,-1,18,18,0,-5,-8,-18,-28,-25,-10,sil
19.354123830795288,-12,-9,-6,7,-2,17,22,5,9,11,-19,-16,-11,0,sil
19.354123830795288,0,-2,1,13,3,23,25,12,26,29,0,5,12,22,sil
19.36998963356018,6,-6,-3,3,-3,13,18,20,39,34,7,11,25,34,sil
19.36998963356018,0,-17,-16,-14,-14,-2,3,15,31,31,-5,-3,17,18,sil
19.38573622703552,-12,-24,-30,-24,-9,-1,-3,-1,9,20,-11,-15,9,0,sil
19.38573622703552,-10,-21,-20,-18,1,4,-3,0,4,5,0,1,15,1,sil
19.40184164047241,8,-11,-7,-6,0,-4,0,10,14,-2,6,14,23,15,sil
19.40184164047241,13,-10,-7,-11,-11,-18,-5,0,8,-3,7,11,17,14,sil
19.41745352745056,0,-17,-11,-25,-11,-16,-21,-14,-6,-12,1,7,5,-4,sil
19.41745352745056,0,-12,-11,-21,-5,-16,-29,-11,-15,-19,-5,1,-2,-13,sil
19.433085441589355,14,8,6,-4,-4,-20,-26,-7,-15,-14,1,5,1,-1,sil
19.433085441589355,17,23,15,9,1,-10,-22,-10,-15,-5,18,19,9,4,sil
19.448708534240723,-1,20,1,7,4,-8,-24,-14,-28,-6,13,12,0,-5,sil
19.448708534240723,-12,19,-2,6,-1,-12,-16,-9,-26,-3,0,-3,-6,-15,sil
19.46395373344421,1,28,10,20,2,-1,5,2,0,1,1,-5,2,-9,sil
19.46395373344421,13,25,12,19,17,8,13,7,10,-3,5,0,-2,-5,sil
19.479555368423465,0,9,-4,0,19,14,21,5,0,-8,-4,-9,-17,-11,sil
19.479555368423465,-21,-1,-17,-13,14,24,36,6,0,-10,-28,-32,-20,-22,sil
19.49482703208924,-23,-10,-19,-17,10,21,28,3,0,-7,-46,-48,-24,-24,sil
19.49482703208924,-18,-14,-14,-14,4,7,7,0,-3,4,-34,-42,-24,-17,sil
19.51082921028137,-22,-6,-4,-5,8,12,12,5,4,11,-15,-27,-13,-9,sil
19.51082921028137,-20,-8,-9,2,17,22,25,7,16,16,-11,-19,-4,0,sil
19.52603483200073,-7,-15,0,0,17,17,13,4,12,21,-1,-5,-1,13,sil
19.52603483200073,7,-11,25,-3,3,18,8,8,13,20,18,13,5,18,sil
19.54206681251526,8,-6,10,10,-22,17,22,8,28,24,25,16,12,20,sil
19.54206681251526,2,-14,0,6,-29,-2,12,0,16,25,19,18,6,25,sil
19.55815911293029,9,-27,13,-27,-5,-15,-7,-2,-6,11,5,15,0,14,sil
19.55815911293029,7,-26,2,-29,3,-16,-17,-5,-5,-9,-6,4,-6,0,sil
19.574137210845947,5,0,-8,12,-17,-28,-25,-5,-1,-18,0,16,-3,7,sil
19.574137210845947,29,28,12,32,-23,-36,-30,0,-1,-12,23,40,22,22,sil
19.58994960784912,38,16,34,15,-1,-24,-30,2,3,-12,34,44,38,18,sil
19.58994960784912,14,1,21,6,-10,-17,-31,0,-1,-31,28,30,20,4,sil
19.60528421401977,3,18,0,12,-38,-25,-28,-9,-16,-40,15,19,4,-6,sil
19.60528421401977,13,33,3,8,-13,-14,-19,-13,-14,-15,15,22,16,-7,sil
19.62086272239685,10,23,7,0,28,9,-5,-5,-4,11,21,20,19,-6,sil
19.62086272239685,-2,9,-3,-6,17,8,-6,-7,-13,-3,0,-4,-5,-22,sil
19.635971546173096,-10,2,-6,0,-5,0,-9,-15,-26,-27,-30,-24,-25,-32,sil
19.635971546173096,-8,0,2,7,4,9,14,-4,-13,-8,-24,-11,-15,-11,sil
19.65140199661255,-5,-2,-2,5,10,19,39,4,2,15,-8,-7,0,5,sil
19.65140199661255,-8,-6,-7,2,3,13,29,8,0,7,-10,-26,-3,2,sil
19.667521715164185,-12,-3,5,9,10,14,8,10,-1,0,-7,-30,-8,0,sil
19.667521715164185,-15,-2,-5,11,13,15,2,-3,0,9,-7,-25,-6,-2,sil
20.17991781234741,-20,-21,-19,-8,0,14,13,15,20,12,-10,-7,-3,0,sil
20.17991781234741,-6,-8,-21,5,-6,-4,4,3,13,18,-15,-3,1,0,sil
20.195655822753903,1,0,-11,2,-13,-16,1,-1,0,4,-17,-5,1,3,sil
20.195655822753903,0,-9,-14,-20,-13,-14,-5,8,3,-7,-3,1,7,7,sil
20.211740732193,-6,-11,-23,-34,-10,-16,-16,3,-4,-27,1,2,0,-8,sil
20.211740732193,-1,9,0,-10,2,-12,-10,-7,-18,-34,2,0,-10,-13,sil
20.226887464523315,3,22,24,27,20,4,10,-1,-7,-7,7,2,-1,-1,sil
20.226887464523315,-3,3,3,26,19,14,26,11,11,17,4,-9,3,4,sil
20.24297857284546,0,-14,-6,-5,7,11,23,20,20,15,-3,-14,0,8,sil
20.24297857284546,15,-5,1,-6,5,1,11,9,30,21,6,8,12,10,sil
20.25824880599976,27,10,0,12,4,-14,0,-7,25,31,33,26,27,10,sil
20.25824880599976,24,18,20,6,-2,-15,-8,-5,3,9,42,25,14,11,sil
20.27382183074951,3,7,20,7,-7,2,-8,-5,-4,0,21,0,-1,-4,sil
20.27382183074951,-15,-10,-11,10,-13,9,-2,-13,-16,10,-12,-26,-13,-14,sil
20.28909659385681,-10,-7,-2,0,-13,5,0,-2,-24,7,-22,-14,-14,5,sil
20.28909659385681,6,-1,0,-2,-12,2,6,0,0,1,-3,1,8,14,sil
20.3047034740448,11,-16,-19,-15,-18,-6,-7,-5,0,-8,-8,-2,7,0,sil
20.3047034740448,5,-12,6,-28,-14,-3,-22,6,-20,-20,-23,0,-11,7,sil
20.32067036628723,3,5,17,-3,0,2,-6,6,-1,-4,-1,9,4,23,sil
20.32067036628723,5,-2,-4,-2,0,-4,-3,-3,14,10,9,6,21,11,sil
20.335993766784668,1,-7,-8,-29,-3,-5,-22,-2,-2,-1,1,4,7,-6,sil
20.335993766784668,0,10,4,-11,11,0,-21,-9,-9,-14,11,11,0,-12,sil
20.35211730003357,-1,14,8,16,18,-5,-11,-17,-15,-18,16,13,-2,-12,sil
20.35211730003357,-8,5,1,11,13,-2,-1,-7,-22,-18,7,9,-8,-17,sil
20.36811685562133,-8,13,7,13,21,15,15,4,-3,-11,12,7,-3,-19,sil
20.36811685562133,-2,21,17,30,26,24,24,7,11,2,5,-4,-1,-9,sil
20.38274574279785,-14,1,3,18,15,14,24,7,6,12,-21,-24,-14,-4,sil
20.38274574279785,-22,-17,-15,-5,5,6,28,4,9,11,-29,-27,-24,-9,sil
20.398302793502808,-11,-19,-18,-11,-4,0,22,3,12,11,-20,-17,-18,-6,sil
20.398302793502808,-13,-18,-15,-10,-20,-13,3,6,4,4,-21,-13,-9,2,sil
20.413923263549805,-14,-15,-22,-15,-24,-22,-5,3,8,-1,-21,-12,-4,4,sil
20.413923263549805,3,-3,-13,-20,-12,-17,-12,1,15,-2,-7,-1,4,5,sil
20.42999768257141,16,7,6,-12,-2,-10,-16,5,14,1,14,17,23,10,sil
20.42999768257141,17,13,9,4,-3,-6,-13,1,2,3,26,24,27,8,sil
20.44507646560669,15,20,15,13,-3,-2,-13,-9,-21,-11,21,17,8,2,sil
20.46073746681213,14,22,25,22,0,1,-3,-10,-27,-17,10,9,-2,4,sil
20.46073746681213,8,3,10,20,0,13,7,-3,-3,3,1,-2,0,9,sil
20.46073746681213,-5,-19,-13,0,-3,26,9,1,11,23,-4,-17,-1,5,sil
20.476073265075684,-12,-21,-20,-11,-5,15,9,9,14,17,-9,-12,-5,0,sil
20.476073265075684,3,-9,-2,-9,-1,-4,0,9,14,1,0,10,3,4,sil
20.49165892601013,17,0,6,-5,0,-19,-16,-3,5,-1,14,20,20,8,sil
20.49165892601013,9,11,6,-2,-3,-28,-26,-13,-17,-12,19,12,15,0,sil
20.507368087768555,2,18,14,4,0,-15,-19,-12,-36,-26,15,5,-4,-14,sil
20.5229287147522,6,14,17,23,14,13,2,-8,-29,-16,7,0,-9,-12,sil
20.5229287147522,5,6,15,32,22,27,19,0,-5,5,-4,0,-7,3,sil
20.53888487815857,-13,-6,-2,11,14,23,19,8,4,15,-15,-15,-14,6,sil
20.53888487815857,-31,-22,-25,-17,0,8,14,6,3,11,-24,-31,-17,-7,sil
20.53888487815857,-14,-21,-18,-22,-10,-6,17,6,17,4,-22,-18,-6,-6,sil
20.55398797988892,14,-4,0,-5,-5,-4,19,15,37,10,5,10,7,15,sil
20.55398797988892,18,6,6,-1,2,-6,0,11,28,11,23,20,11,15,sil
20.56957983970642,7,8,0,-5,0,-16,-21,-3,4,-4,10,9,6,-11,sil
20.584853410720825,0,8,-3,-3,0,-9,-20,-10,-10,-16,1,1,0,-22,sil
20.584853410720825,-12,7,3,-3,-3,3,-16,-11,-18,-16,0,-5,-12,-21,sil
20.59998059272766,-17,2,0,-2,-9,5,-8,-12,-18,-10,-13,-18,-22,-19,sil
20.59998059272766,-19,0,-10,0,0,11,8,-2,-13,2,-20,-20,-22,-7,sil
20.615248680114743,-18,-2,-9,2,10,21,23,8,0,20,-17,-10,-5,6,sil
20.615248680114743,-5,-12,-9,1,0,12,21,4,11,17,-17,-11,5,12,sil
20.63112950325012,4,-23,-8,-15,-13,-3,7,-1,10,1,-15,-8,5,11,sil
20.63112950325012,7,-21,-10,-23,-7,-13,-1,0,9,-1,-5,3,13,14,sil
20.64579606056213,18,0,0,-5,3,-13,-7,6,9,-1,6,13,26,19,sil
20.64579606056213,24,14,10,0,1,-12,-18,0,0,-1,18,19,25,16,sil
20.661508083343502,11,3,-1,-26,-9,-20,-30,-6,-4,-1,25,19,18,0,sil
20.661508083343502,3,4,-1,-24,-8,-21,-21,0,-2,-7,20,14,11,-9,sil
20.67662596702576,5,28,12,19,6,-6,-2,2,-9,-8,15,6,4,-2,sil
20.67662596702576,0,29,20,37,17,7,1,-3,-18,-7,12,6,-4,0,sil
20.692715883255005,-6,11,20,26,15,19,10,-3,-9,-5,1,4,-12,-3,sil
20.692715883255005,-5,2,8,25,7,22,22,5,1,5,-12,-10,-13,-1,sil
20.70822310447693,-12,-5,-1,22,3,17,20,10,4,13,-18,-16,-13,0,sil
20.70822310447693,-16,-17,-4,16,2,15,16,4,10,11,-14,-6,-9,-1,sil
20.724375009536743,-4,-14,-3,8,0,6,12,0,20,14,-3,1,4,5,sil
20.724375009536743,6,-9,-3,-6,-5,-3,0,8,20,14,3,5,17,13,sil
20.73949503898621,8,-14,-13,-16,-12,-12,-10,5,7,-5,0,5,8,3,sil
20.73949503898621,4,-15,-10,-24,-23,-26,-24,-9,-13,-26,5,7,-11,-15,sil
20.755262851715088,5,0,1,-19,-17,-24,-25,-11,-18,-18,28,23,-10,-15,sil
20.755262851715088,9,17,16,4,0,-3,-16,-7,-11,-6,30,30,0,-5,sil
20.77076292037964,11,24,22,20,6,0,-12,-14,-19,-19,6,6,-14,-8,sil
20.77076292037964,10,17,19,15,4,2,0,-12,-31,-29,0,-12,-31,-6,sil
20.78677988052368,7,11,26,19,10,19,20,0,-22,-6,5,-4,-14,6,sil
20.78677988052368,4,4,16,32,12,20,32,3,1,27,3,-4,10,12,sil
20.801937341690063,-1,-8,-9,15,3,4,24,1,19,30,-7,-12,11,11,sil
20.801937341690063,-8,-17,-9,-16,-5,-3,9,10,24,13,-15,-7,6,11,sil
20.81805205345153,-9,-20,-18,-29,-9,-4,1,16,27,16,-19,-12,11,5,sil
20.81805205345153,-14,-22,-42,-35,-10,-1,-5,7,21,12,-24,-23,9,-3,sil
20.83391809463501,-19,-16,-46,-41,-6,-1,-12,0,9,-15,-25,-19,0,-9,sil
20.83391809463501,-14,-2,-27,-34,4,-12,-16,-2,-3,-27,-17,-10,-3,-10,sil
20.84938216209412,-2,13,-5,-14,13,-9,-18,-2,-7,-13,-1,-2,-2,-8,sil
20.84938216209412,-1,16,-2,-4,11,7,-7,1,1,4,0,-5,0,-2,sil
20.865041971206665,-5,5,-4,-12,10,14,2,2,1,11,-17,-19,0,-5,sil
20.865041971206665,0,7,2,0,15,16,7,-1,-7,10,-22,-21,-4,-7,sil
20.88013601303101,-1,9,5,23,11,18,12,-5,-7,9,-10,-9,-2,-3,sil
20.88013601303101,-18,-8,-2,8,-4,13,8,-5,-4,7,-20,-15,-5,-4,sil
20.89570713043213,-11,-9,-9,-5,-12,3,6,0,5,10,-22,-17,0,2,sil
20.89570713043213,18,4,8,8,-6,-8,10,12,24,15,13,19,16,19,sil
20.911235094070435,25,-5,23,9,-10,-23,0,10,22,10,39,44,25,20,sil
20.911235094070435,9,-18,9,-1,-16,-32,-27,-9,-1,-6,34,30,14,6,sil
20.927167415618896,10,1,12,10,-6,-27,-30,-17,-17,-21,37,31,1,0,sil
20.927167415618896,17,18,28,25,3,-10,-8,-5,-19,-25,42,33,-1,-5,sil
20.942709922790527,3,9,25,12,0,-1,-9,-2,-27,-28,28,14,-6,-17,sil
20.942709922790527,-10,5,18,14,-1,0,-9,-11,-28,-16,20,10,-11,-8,sil
20.959290981292725,-1,13,24,35,5,18,17,-3,-15,6,24,15,-6,11,sil
20.959290981292725,5,9,16,22,7,31,37,13,3,12,6,0,0,14,sil
20.974745988845825,0,-5,-9,-3,-5,12,31,16,19,9,-13,-11,0,8,sil
20.974745988845825,-3,-12,-14,-7,-14,-4,17,13,21,12,-16,-3,-5,9,sil
20.99085211753845,-2,-12,-13,-11,-3,1,9,17,22,12,-23,0,0,10,sil
20.99085211753845,0,-8,-27,-19,3,2,4,6,27,8,-27,-1,7,7,sil
21.0060031414032,11,0,-18,-12,0,-7,-6,-10,10,0,-5,4,9,1,sil
21.0060031414032,15,5,-7,-8,4,-5,-15,-9,-14,-3,7,10,12,-1,sil
21.021713733673096,9,1,-6,-16,15,-4,-16,-4,-15,-10,-1,7,10,-3,sil
21.021713733673096,2,4,2,-8,7,-9,-16,-14,-13,-23,-4,-5,-6,-17,sil
21.03687596321106,-4,9,8,7,-3,-4,-15,-17,-21,-17,-2,-19,-14,-26,sil
21.03687596321106,-13,9,7,9,5,-1,-12,-5,-23,0,-7,-18,-8,-15,sil
21.05216312408448,-18,0,-1,3,13,-6,-11,-2,-16,-2,-12,-26,-13,-15,sil
21.05216312408448,-15,-4,-4,3,0,-1,-16,-5,-10,-14,-14,-38,-23,-21,sil
21.067715644836422,-3,3,9,12,-9,11,-10,3,3,7,-5,-20,-11,-1,sil
21.067715644836422,0,6,3,12,1,16,12,14,20,33,0,-6,0,13,sil
21.083154439926147,-13,-11,-16,-7,7,24,32,12,22,15,-15,-22,-12,1,sil
21.083154439926147,-8,-18,-13,-13,0,27,33,11,26,0,-19,-16,-11,1,sil
21.09907102584839,11,-7,-2,-4,-5,11,18,12,26,13,2,16,13,23,sil
21.09907102584839,8,-5,-6,-10,0,0,9,6,11,18,9,25,24,31,sil
21.115752696990967,-5,-13,-15,-17,-2,0,17,2,3,8,-5,6,13,12,sil
21.115752696990967,-6,-15,-10,-19,-14,-13,6,7,14,2,-9,3,5,-5,sil
21.130199193954468,-2,-8,-10,-18,-17,-29,-19,7,20,2,1,4,6,-7,sil
21.130199193954468,-3,-2,-8,-11,-9,-31,-38,-6,3,-12,3,1,2,-8,sil
21.146198511123657,0,-2,2,-11,-5,-23,-40,-22,-22,-33,-2,5,-1,-12,sil
21.146198511123657,7,1,3,-8,-4,-10,-21,-23,-34,-33,3,11,0,-5,sil
21.16674113273621,2,14,5,1,4,-3,0,-14,-36,-26,13,12,-4,-4,sil
21.167739868164062,-3,15,6,4,5,-2,4,-4,-24,-14,19,7,-4,-10,sil
21.17777419090271,0,5,8,2,0,0,-4,3,-1,4,21,7,6,0,sil
21.19414520263672,4,7,19,14,0,0,-9,1,-2,4,9,6,0,7,sil
21.19414520263672,2,13,16,28,7,5,5,-8,-13,1,0,2,-9,0,sil
21.19414520263672,8,19,18,29,13,19,25,-5,-5,19,14,13,6,6,sil
21.20904040336609,19,30,32,38,16,24,25,5,4,31,25,25,20,21,sil
21.20904040336609,19,30,34,52,20,22,17,7,0,19,13,10,12,14,sil
21.225040674209595,7,12,22,38,23,28,25,11,0,20,1,0,5,9,sil
21.225040674209595,0,-17,0,3,11,23,31,15,13,34,-1,0,6,18,sil
21.24005365371704,0,-34,-17,-18,-6,-5,11,10,24,17,-7,-9,1,13,sil
21.25609755516052,0,-23,-22,-18,-8,-20,-7,9,36,-4,-7,-14,4,-5,sil
21.25609755516052,-1,-14,-29,-20,-4,-13,-9,7,43,0,-2,-8,10,-11,sil
21.25609755516052,-5,-22,-24,-28,-14,-10,-14,0,20,0,-6,-8,0,-12,sil
21.27144312858581,-7,-18,-21,-31,-18,-14,-21,-8,-9,-28,-13,-20,-11,-22,sil
21.286729335784912,-13,-6,-21,-28,-11,-13,-25,-10,-20,-38,-17,-23,-16,-23,sil
21.286729335784912,-21,-3,-13,-17,-9,-6,-20,-5,-17,-23,-19,-19,-22,-12,sil
21.30239510536194,-13,1,-6,-9,-11,-3,-14,-5,-17,-19,-12,-13,-18,-8,sil
21.30239510536194,4,11,4,-9,-5,-5,-18,-7,-15,-23,-1,3,-9,-8,sil
21.318460941314697,11,15,14,7,3,1,-5,-2,-4,-11,1,9,-8,0,sil
21.318460941314697,-3,13,15,22,8,18,16,-1,-3,-1,-10,-1,-19,0,sil
21.33378434181213,-22,1,3,5,4,23,17,-6,-15,0,-32,-17,-26,-7,sil
21.33378434181213,-18,-17,-13,-16,1,8,9,0,-9,7,-33,-16,-10,-1,sil
21.34867835044861,4,-17,-8,-20,-2,-6,9,9,5,13,0,5,19,16,sil
21.34867835044861,11,0,3,-4,-8,-12,0,3,4,8,32,23,28,15,sil
21.364819765090942,6,13,12,12,-3,-15,-15,-4,-9,1,37,23,16,2,sil
21.364819765090942,13,29,25,26,11,-7,-7,0,-10,8,36,26,14,8,sil
21.38067102432251,13,29,24,39,14,6,15,2,-1,21,25,17,9,13,sil
21.38067102432251,-3,1,4,26,6,11,20,5,0,19,-4,-10,-13,2,sil
21.395851373672485,-10,-19,-18,-5,0,9,21,11,15,18,-20,-22,-12,5,sil
21.395851373672485,-5,-20,-24,-14,-8,0,16,6,28,18,-21,-7,0,11,sil
21.410944938659668,3,-16,-13,-5,-14,-9,-2,1,19,1,-19,2,4,0,sil
21.410944938659668,18,-6,-3,-7,-3,-10,-9,3,11,-6,3,15,26,7,sil
21.426100492477417,24,2,7,-12,3,-9,-13,-5,11,0,30,33,42,18,sil
21.426100492477417,19,4,11,0,0,-11,-24,-15,0,-1,33,28,26,0,sil
21.441690683364868,14,12,9,9,5,0,-20,-13,-20,-14,20,2,3,-18,sil
21.441690683364868,3,20,11,0,16,6,-4,-12,-21,-26,6,-9,-10,-13,sil
21.45679807662964,-6,12,1,-8,11,-2,-3,-8,-12,-28,-3,-10,-14,-12,sil
21.45679807662964,-8,5,-1,-1,6,0,-5,4,-15,-19,-5,-8,-10,-17,sil
21.472225427627563,-4,8,4,8,11,10,5,11,-13,-12,-5,-9,-7,-13,sil
21.472225427627563,-6,4,5,7,9,12,8,7,0,-5,-13,-12,-10,-4,sil
21.48783278465271,-15,-3,1,4,0,15,5,4,7,9,-23,-17,-20,-4,sil
21.48783278465271,-22,-11,-10,6,-8,10,12,4,5,21,-24,-24,-27,-6,sil
21.503093957901,-20,-16,-13,-1,-8,0,11,4,1,14,-14,-16,-21,1,sil
21.503093957901,-17,-13,-3,-1,-5,11,9,1,4,11,-9,-6,-11,7,sil
21.51873993873596,-15,-9,-3,8,-6,13,16,1,20,19,-10,-3,0,5,sil
21.51873993873596,-3,-10,-7,-1,-11,-1,7,8,23,19,-4,2,9,7,sil
21.53496766090393,6,-12,-10,-14,-8,-6,-6,6,13,9,0,4,10,6,sil
21.53496766090393,2,-9,-6,-13,-1,-3,-8,-3,10,4,0,0,7,6,sil
21.55092716217041,2,-6,-3,-12,-2,-9,-2,-3,15,14,10,6,17,19,sil
21.55092716217041,11,-6,-5,-14,-10,-19,-4,-1,4,6,23,16,22,22,sil
21.56641840934753,8,-2,-3,-16,-13,-26,-15,-7,-18,-20,14,16,6,1,sil
21.56641840934753,4,4,-2,-11,-9,-23,-14,-5,-21,-25,7,8,1,-12,sil
21.58203101158142,12,10,4,0,1,-12,-7,0,-10,-14,17,11,10,-6,please
21.58203101158142,18,12,15,6,9,-3,0,0,-8,-15,19,14,10,-1,please
21.59772133827209,15,15,14,6,9,0,-3,-1,-18,-15,11,9,4,-2,please
21.59772133827209,10,18,21,15,10,6,-11,-1,-27,-6,6,8,0,-1,please
21.613750219345093,7,11,16,22,11,14,-5,-6,-22,-9,-3,0,-9,-4,please
21.613750219345093,10,7,12,13,12,14,8,-2,-8,-14,-15,-7,-15,-8,please
21.62908959388733,5,16,17,15,13,15,14,4,1,-4,-13,-1,-9,-4,please
21.62908959388733,-10,10,4,24,7,17,10,1,3,-1,-12,-7,-9,-7,please
21.64434742927552,-17,-2,-5,13,1,10,8,0,5,-6,-12,-14,-12,-11,please
21.64434742927552,-7,-3,-4,6,0,1,9,3,13,14,0,-1,-1,0,please
21.659566402435303,-11,-4,-15,1,-9,-7,-2,0,7,24,-2,-6,-1,4,please
21.659566402435303,-25,-10,-24,-7,-20,-10,-7,-7,-2,2,-19,-26,-13,-4,please
21.675046682357788,-15,-7,-13,-8,-8,5,13,0,9,8,-16,-16,-4,3,please
21.67552757263184,5,-7,0,-7,4,17,19,11,20,27,-2,0,3,14,please
21.69019770622253,5,-13,-8,-15,-2,0,-4,8,9,11,-1,-6,-2,4,please
21.69019770622253,-6,-19,-20,-24,-8,-7,-14,-5,-1,-4,-8,-14,-4,-2,please
21.70578026771545,-4,-22,-18,-29,1,1,0,-5,4,-2,-7,-5,5,1,please
21.70578026771545,1,-13,-13,-22,4,-6,1,3,23,2,4,5,14,8,please
21.72162342071533,0,0,-3,-20,-3,-16,-10,9,29,7,9,13,14,11,please
21.72162342071533,1,-2,-6,-26,-5,-12,-8,6,17,1,8,14,14,2,please
21.73724722862244,5,-5,-10,-16,-1,-9,-4,-6,-7,-13,17,14,8,-8,please
21.73724722862244,1,10,7,4,3,-2,-11,-15,-31,-15,21,12,-5,-15,please
21.75281000137329,-2,23,17,13,8,-1,-15,-10,-39,-5,12,1,-8,-17,please
21.768401622772217,0,20,23,18,7,-7,-10,-4,-31,-3,9,7,1,-15,please
21.768401622772217,10,24,38,37,6,6,4,2,-5,0,20,21,12,-1,please
21.768401622772217,10,28,38,48,12,19,15,12,16,8,19,19,12,11,please
21.78407073020935,2,15,20,42,12,7,11,12,11,7,0,3,2,10,please
21.78407073020935,4,3,11,32,1,8,9,2,0,4,-15,-8,-2,5,please
21.799232244491577,3,-1,15,20,-2,17,10,-4,-1,7,-9,-5,-2,10,please
21.81499934196472,-2,-13,-3,4,-7,5,8,-1,-2,16,0,0,-1,18,please
21.81499934196472,-1,-21,-20,-7,-14,-4,7,0,0,8,-9,-10,-6,14,please
21.83040428161621,-2,-22,-8,-18,-10,2,7,5,14,1,-19,-19,-8,9,please
21.83040428161621,-1,-22,-14,-28,-3,4,12,8,26,6,-14,-11,1,6,please
21.84556269645691,7,-16,-23,-28,-1,-7,8,0,10,-10,-10,-2,0,-1,please
21.84556269645691,5,-1,-20,-19,0,-10,-2,-8,-8,-40,-11,-6,-8,-7,please
21.860966444015503,-5,4,-23,-25,-1,-7,-10,-1,-8,-31,-1,-9,-1,-6,please
21.860966444015503,0,2,-17,-38,-3,-10,-16,2,-7,-12,7,0,3,-5,please
21.87701177597046,6,4,-4,-17,-2,-13,-23,-7,-12,-10,7,10,0,-4,please
21.87701177597046,-1,9,3,7,-2,-12,-22,-10,-12,-5,6,6,0,-6,please
21.892540216445923,-7,7,4,-2,0,-6,-13,-3,-8,1,2,-4,-5,-18,please
21.892540216445923,-5,4,1,-11,1,-6,-9,-5,-18,-9,-9,-10,-17,-22,please
21.90828657150269,-3,10,9,17,-1,-8,-15,-13,-29,-24,-14,-5,-20,-15,please
21.90828657150269,-3,16,14,40,0,-3,-11,-11,-19,-10,-1,0,-8,-11,please
21.923956632614136,-5,12,12,25,5,4,0,0,-1,14,13,3,3,-5,please
21.923956632614136,-6,2,12,15,10,17,11,9,12,24,12,1,4,5,please
21.939778089523315,-5,-7,4,19,2,29,17,6,21,29,-2,-4,1,8,please
21.939778089523315,-8,-12,0,10,0,26,17,3,15,25,-10,0,0,3,please
21.95510077476501,-5,-12,0,8,11,17,26,10,17,27,0,4,0,11,please
21.95510077476501,0,-14,-2,9,18,16,36,18,35,40,8,3,9,22,please
21.97027540206909,2,-14,-10,-4,5,14,31,18,44,39,1,0,19,20,please
21.97027540206909,4,-10,-13,-17,0,5,12,9,36,21,2,0,21,15,please
21.98597288131714,1,-13,-8,-26,0,-10,-5,0,11,1,9,11,18,10,please
21.98597288131714,6,-9,-7,-26,-8,-26,-14,-4,-14,-12,8,15,12,1,please
22.0014762878418,16,0,-6,-15,-11,-27,-17,-7,-20,-24,1,13,4,-2,please
22.0014762878418,10,2,-2,-16,-10,-17,-19,-3,-9,-28,-1,14,2,-7,please
22.017142057418823,1,4,0,-16,-10,-19,-21,-3,-13,-30,3,7,0,-14,sil
22.017142057418823,9,17,13,0,0,-21,-20,-8,-24,-33,13,1,-10,-9,sil
22.032744884490967,11,20,13,5,4,-6,-12,-8,-21,-29,7,0,-14,-3,sil
22.032744884490967,2,18,9,1,0,0,-8,-4,-15,-25,-10,-10,-14,-10,sil
22.047850608825684,4,25,27,24,0,-1,-4,-1,-12,-14,-7,-4,-8,-5,sil
22.047850608825684,9,23,25,37,1,5,8,-5,-8,-1,2,6,-2,4,sil
22.064014434814453,-1,8,2,15,2,13,6,-11,-17,-2,-9,-7,-14,-4,sil
22.064014434814453,-19,0,-8,5,5,11,0,-8,-17,0,-18,-24,-21,-15,sil
22.079715967178345,-25,-8,-12,6,0,8,3,3,0,12,-15,-22,-12,-8,sil
22.079715967178345,-19,-11,-14,-2,-1,10,9,10,3,15,-17,-23,-7,-2,sil
22.095112562179565,-9,-10,-18,-3,4,9,6,9,4,22,-11,-20,-2,4,sil
22.095112562179565,-10,-15,-13,0,1,11,7,8,23,31,-1,-5,7,14,sil
22.116141319274902,-9,-22,-10,-12,-6,19,21,12,36,29,-3,-6,10,12,sil
22.1171452999115,1,-22,-10,-21,-4,13,18,10,24,17,0,-6,11,10,sil
22.1171452999115,12,-16,-3,-13,-1,-5,-3,0,4,2,16,17,16,14,sil
22.127094268798828,16,-3,1,0,0,-12,-3,-5,0,1,27,33,24,13,sil
22.14306616783142,20,7,11,3,-1,-10,0,-1,1,0,21,28,17,9,sil
22.14306616783142,16,9,15,2,-8,-14,-12,-4,-4,-9,13,23,2,3,sil
22.157798051834103,5,4,3,1,-7,-16,-19,-8,-12,-15,11,19,1,-4,sil
22.157798051834103,0,0,0,-5,0,-9,-15,-6,-11,-20,6,10,0,-10,sil
22.173175573349,-4,-3,-4,-14,2,-3,-6,-5,-5,-25,0,-1,-8,-13,sil
22.173175573349,-10,3,-2,-6,3,-5,-2,-4,-8,-22,-8,-10,-17,-17,sil
22.18924903869629,-5,16,11,14,11,0,-5,-2,-12,-8,-14,-11,-15,-14,sil
22.18924903869629,0,13,13,26,19,14,0,0,-2,8,-11,-10,-10,-6,sil
22.20491075515747,-6,1,0,15,11,17,15,6,11,14,-6,-8,-7,-3,sil
22.20491075515747,-5,-3,-12,7,-3,6,20,15,22,18,-10,-14,0,2,sil
22.22003197669983,-3,-8,-9,3,-1,7,13,17,32,29,-7,-14,9,14,sil
22.22003197669983,-6,-12,-6,-7,4,8,6,11,30,26,0,0,17,11,sil
22.235671520233154,-1,-10,-18,-22,-4,-11,-6,0,-1,-1,0,7,18,-5,sil
22.235671520233154,0,-1,-10,-21,-15,-28,-22,-12,-33,-24,6,3,7,-17,sil
22.25070071220398,1,8,4,-4,-10,-22,-23,-15,-31,-19,16,-1,-5,-14,sil
22.25070071220398,12,19,23,12,2,-5,-11,-3,-16,-11,13,0,-11,0,sil
22.2658965587616,18,22,31,25,9,11,14,5,-5,1,0,4,-6,23,sil
22.2658965587616,2,9,8,18,1,15,22,0,-1,10,-11,1,-4,22,sil
22.28406453132629,-11,-9,-17,-8,-8,6,3,-4,-3,0,-15,-4,-9,1,sil
22.28406453132629,-1,-12,-11,-19,-10,10,4,2,13,7,-9,-1,-2,2,sil
22.29739618301392,16,0,9,-12,-1,13,14,5,21,12,3,14,7,12,sil
22.29739618301392,16,8,10,-7,7,-3,-4,-7,-13,-21,11,16,-1,-2,sil
22.31221842765808,2,9,3,-1,5,-12,-15,-14,-34,-37,2,-2,-14,-14,sil
22.31221842765808,-4,10,16,12,0,9,-2,-6,-14,-15,-8,-10,-11,-7,sil
22.328107118606567,-12,0,7,17,0,23,3,-3,-6,-2,-8,-11,-8,-6,sil
22.328107118606567,-24,-20,-18,-1,-1,6,2,-3,-7,0,-9,-18,-9,-9,sil
22.343976497650143,-22,-28,-23,-20,-5,-4,3,9,13,16,-14,-15,0,1,sil
22.360520601272583,-5,-19,-16,-15,-6,-7,5,20,31,30,-3,1,20,12,sil
22.360520601272583,9,-15,-11,-10,-5,-17,-2,15,25,22,15,16,30,11,sil
22.360520601272583,10,-13,-9,-13,-4,-20,-13,6,15,2,20,16,26,2,sil
22.375535011291504,5,4,-8,-2,-2,-17,-22,-2,0,-10,13,9,7,-6,sil
22.375535011291504,8,26,6,14,5,-11,-18,-8,-13,-13,14,9,0,-10,sil
22.391122102737427,12,26,15,20,15,0,-2,-10,-2,-10,14,8,2,-2,sil
22.391122102737427,1,12,15,14,8,7,6,-6,5,-2,-1,0,-3,0,sil
22.407183408737183,-10,1,4,14,2,12,15,6,6,12,-16,-11,-13,-1,sil
22.407183408737183,-7,-2,-1,19,13,22,30,11,14,21,-10,-10,-8,5,sil
22.423975229263306,2,-1,4,8,10,15,25,5,20,15,0,7,3,14,sil
22.423975229263306,4,-9,-4,-17,-10,-8,-9,-4,7,-2,-4,6,10,5,sil
22.438151597976685,3,-12,-7,-23,-8,-14,-26,-13,-10,-25,-7,-4,-3,-13,sil
22.438151597976685,2,7,10,1,8,1,0,-9,-9,-19,10,-2,-16,-13,sil
22.454227924346924,-2,17,13,19,6,6,10,0,-8,6,16,-2,-12,-3,sil
22.45473265647888,-10,-5,2,9,-6,3,2,2,-18,12,-8,-10,-9,-2,sil
22.469845056533813,-11,-21,-6,-3,-10,4,8,4,-15,12,-20,-8,-1,5,sil
22.48603320121765,-9,-11,-9,-15,-10,-2,2,5,-2,11,-6,-3,7,13,sil
22.48603320121765,0,0,-9,-22,-13,-12,-15,1,-2,-5,4,-3,4,3,sil
22.48603320121765,8,2,-2,-15,-10,-11,-13,0,-8,-22,5,0,-2,-7,sil
22.500308752059937,0,17,9,0,2,0,-5,0,-9,-15,5,5,0,-3,sil
22.500308752059937,1,32,10,17,12,6,4,0,0,4,11,3,6,1,sil
22.5159592628479,9,20,12,24,7,12,12,1,3,16,7,-5,-2,2,sil
22.531400442123413,0,-7,-2,7,0,10,6,0,0,9,-17,-14,-15,0,sil
22.531400442123413,-15,-25,-33,-18,-4,-8,-1,-3,0,-7,-36,-16,-17,-4,sil
22.547395944595337,-11,-25,-27,-28,-6,-17,-5,0,0,-16,-20,-3,-10,-2,sil
22.547395944595337,9,-14,0,-19,-2,0,-7,2,5,-2,9,19,10,6,sil
22.562576055526733,25,-1,9,-11,0,-2,-14,0,8,0,21,34,25,9,sil
22.562576055526733,21,11,10,7,1,-19,-14,-2,7,-12,18,29,18,0,sil
22.577805280685425,8,23,11,29,9,-4,-6,0,7,-6,20,19,9,-3,sil
22.577805280685425,0,18,17,15,8,16,-6,0,0,4,17,14,3,-8,sil
22.593838453292847,-4,0,9,-2,0,11,-4,-7,-13,-9,2,-7,-8,-16,sil
22.593838453292847,-9,0,3,10,5,13,11,-6,-13,-19,-8,-26,-13,-10,sil
22.609139680862427,-11,6,7,21,19,30,33,1,0,2,-15,-20,-4,9,sil
22.609139680862427,-8,-4,2,15,11,21,37,7,15,25,-15,-11,3,18,sil
22.6250684261322,-4,-20,-5,2,-7,0,22,13,20,29,-6,-9,4,15,sil
22.6250684261322,-5,-16,-16,-12,-14,-9,9,11,23,27,-1,-5,8,14,sil
22.64110970497132,0,-8,-16,-25,-10,-11,1,4,22,23,1,7,17,14,sil
22.64110970497132,14,-8,-3,-21,-8,-13,-9,6,13,11,8,12,23,9,sil
22.65722870826721,9,-7,0,-11,-12,-20,-22,0,-1,-8,8,2,13,-3,sil
22.65722870826721,0,2,1,-7,-7,-27,-31,-12,-19,-19,3,3,-3,-16,sil
22.672823429107662,1,9,4,0,-1,-18,-20,-14,-27,-17,7,8,-13,-17,sil
22.672823429107662,-3,4,0,-1,-4,0,-8,-7,-30,-22,5,-2,-20,-21,sil
22.68818950653076,-18,2,0,-6,-4,2,-5,-6,-25,-22,-2,-8,-22,-24,sil
22.68818950653076,-17,9,0,7,2,0,2,-4,-13,-5,-8,-6,-21,-17,sil
22.7040593624115,-7,18,6,26,12,15,10,0,-12,-2,-13,-8,-24,-5,sil
22.7040593624115,0,17,16,32,19,25,11,6,-4,0,-13,-9,-14,6,sil
22.71988224983216,1,-1,5,17,15,7,8,5,10,18,-4,-4,0,13,sil
22.71988224983216,0,-20,-13,-9,4,0,4,0,15,17,-3,-5,0,12,sil
22.73499011993408,0,-14,-23,-17,1,13,4,1,24,0,-10,-9,4,14,sil
22.73499011993408,7,1,-8,-9,-1,10,0,6,31,1,-3,3,20,16,sil
22.750328302383423,14,0,-2,-7,-9,-5,-6,6,22,15,18,21,25,13,sil
22.750328302383423,13,-1,-8,-8,-8,-7,-8,0,6,8,25,19,18,5,sil
22.76604533195496,6,7,-2,-8,-1,-8,-9,-5,-11,-15,10,5,3,-6,sil
22.76604533195496,0,11,2,-3,-1,-10,-2,-10,-23,-26,0,-4,-9,-17,sil
22.78216552734375,-1,6,5,4,0,0,8,-8,-22,-17,-3,-8,-13,-14,sil
22.78216552734375,0,0,13,13,0,12,15,-1,-5,1,-5,-8,-6,-1,sil
22.798173189163208,-3,-9,9,6,-2,8,10,2,3,13,-10,-8,-2,0,sil
22.798173189163208,-17,-19,-4,-9,0,8,3,0,-3,4,-21,-12,-13,-9,sil
22.813807010650635,-14,-18,-13,-6,7,6,8,0,3,3,-17,-9,-6,-2,sil
22.813807010650635,5,-8,-2,2,4,-7,8,8,27,24,5,7,23,19,sil
22.829183101654053,13,0,-2,-5,-6,-14,-4,11,27,23,23,20,36,25,sil
22.829183101654053,7,0,-11,-20,-10,-15,-12,0,9,-1,18,19,22,6,sil
22.844926118850708,11,5,4,-11,-4,-17,-9,-1,-1,-10,17,26,13,-4,sil
22.844926118850708,20,20,25,15,0,-6,-7,2,-12,-8,24,29,9,0,sil
22.859981536865234,11,27,28,23,0,1,-13,-6,-33,-21,14,15,-10,-3,sil
22.859981536865234,-2,21,20,13,0,-3,-13,-16,-39,-27,-2,-3,-25,-21,sil
22.875986337661743,-5,15,10,17,7,3,-2,-9,-20,-15,-1,-10,-17,-18,sil
22.875986337661743,-10,10,14,25,9,16,3,-2,-7,0,-3,-6,-7,1,sil
22.89210224151612,-18,-6,4,16,-3,3,4,0,-1,13,-16,-14,-7,5,sil
22.89210224151612,-18,-24,-14,0,-10,0,6,3,5,10,-16,-17,-11,0,sil
22.90768504142761,-15,-19,-15,-3,0,14,9,4,10,4,-9,-13,-8,6,sil
22.90768504142761,-5,-9,-11,-1,0,13,6,8,15,14,-9,-14,0,13,sil
22.923264503479004,9,-8,-8,-4,-3,1,6,15,24,20,-4,-10,7,16,sil
22.923264503479004,12,-7,-11,-9,5,0,13,10,28,12,-1,0,11,11,sil
22.939021348953247,6,-5,-14,-14,7,-1,3,0,14,0,-2,4,8,-2,sil
22.939021348953247,8,-4,-13,-19,0,-6,-9,2,11,-7,3,4,0,-4,sil
22.95413947105408,8,-5,-22,-24,-1,-10,-5,2,15,-12,0,-1,-7,0,sil
22.95413947105408,0,-4,-23,-32,-1,-17,-7,-7,-4,-19,-18,-8,-9,-8,sil
22.970128774642944,4,2,-13,-23,-2,-15,-10,-5,-16,-11,-10,-3,0,-19,sil
22.970128774642944,9,14,0,-12,4,-7,-9,-1,-10,0,9,1,-1,-16,sil
22.98569703102112,-2,15,10,-11,9,-1,-16,-10,-18,-6,4,-2,-13,-16,sil
22.98569703102112,-18,1,5,-2,0,3,-13,-17,-25,-12,-7,-11,-11,-16,sil
23.00085592269897,-26,-13,1,8,-2,14,7,-10,-16,0,-12,-16,-8,-11,sil
23.00085592269897,-26,-11,6,14,9,22,21,0,-7,9,-5,-11,-9,-9,sil
23.01646041870117,-15,7,17,23,14,20,13,7,-6,7,3,0,0,-7,sil
23.01646041870117,0,14,25,31,5,18,12,6,1,18,6,13,10,7,sil
23.03206825256348,13,1,22,33,-3,14,23,2,17,39,13,21,22,30,sil
23.03206825256348,15,0,19,26,-11,4,18,4,21,30,22,23,27,31,sil
23.047122955322266,6,6,1,15,-14,0,3,4,8,-1,7,8,11,12,sil
23.047122955322266,0,-2,-16,3,-10,-4,0,3,2,-13,-7,0,0,7,sil
23.062960386276245,5,-14,-10,-7,-10,-17,0,9,18,-4,6,16,16,23,sil
23.062960386276245,12,-7,-3,-7,-14,-20,-6,9,22,0,21,24,29,23,sil
23.078246355056763,10,4,4,0,-6,-14,-21,0,-1,-7,10,15,7,4,sil
23.078246355056763,16,7,13,1,3,-15,-17,-2,-11,-9,7,11,-3,-2,sil
23.094254970550537,22,2,3,-8,1,-18,-7,0,-6,-10,17,7,6,-1,sil
23.094254970550537,8,4,0,-13,0,-10,-12,-4,-14,-24,10,-2,-1,-6,sil
23.110164642333984,0,9,2,-5,8,0,-8,-8,-14,-22,1,-4,-13,-4,sil
23.110164642333984,1,6,1,-9,11,0,0,-9,-3,-4,4,0,-8,-3,sil
23.12585592269897,-5,6,-8,-15,3,-8,-14,-10,-9,-6,-2,-13,-14,-18,sil
23.12585592269897,-13,12,-11,-2,5,0,-21,-7,-15,-13,-16,-25,-27,-28,sil
23.14100694656372,-14,9,0,10,12,15,-1,0,1,2,-12,-18,-19,-16,sil
23.14100694656372,-17,-6,0,11,5,20,13,1,11,13,-13,-18,-13,-12,sil
23.15610694885254,-19,-16,-7,7,0,14,5,-3,-4,-3,-32,-30,-28,-21,sil
23.15610694885254,-17,-16,-10,0,1,12,6,0,-12,0,-37,-22,-32,-15,sil
23.17133855819702,-7,-16,-4,-7,2,13,26,12,2,24,-21,1,-10,9,sil
23.17133855819702,0,-19,0,-9,-1,11,26,11,7,20,-11,7,4,20,sil
23.187078952789307,0,-15,-14,-14,-10,-4,2,-4,1,3,-9,-2,6,5,sil
23.187078952789307,2,-4,-14,-17,-10,-17,-9,-5,5,0,0,2,14,3,sil
23.20295572280884,14,-3,2,-9,-3,-6,3,11,16,11,12,15,29,21,sil
23.20295572280884,17,-5,-2,-7,-8,0,8,16,20,18,16,13,32,22,sil
23.21903657913208,14,11,0,-9,-8,-8,-1,6,17,4,20,19,23,7,sil
23.21903657913208,14,29,18,6,9,-12,-7,-1,0,-13,23,27,14,-3,sil
23.234651803970337,5,26,20,22,13,-9,-15,-12,-27,-23,15,11,0,-13,sil
23.234651803970337,-5,19,15,23,0,0,-16,-18,-27,-21,2,-4,-7,-13,sil
23.24985933303833,-6,14,10,24,9,18,0,-7,-1,0,1,-1,7,2,sil
23.24985933303833,-12,0,6,19,16,18,9,3,0,13,3,-5,11,3,sil
23.265973567962646,-16,-8,-4,8,-1,7,9,0,-9,5,1,-23,1,-7,sil
23.265973567962646,-13,-9,-12,1,-13,11,13,4,1,2,-4,-23,0,0,sil
23.282023429870605,-13,-16,-13,-3,-4,16,19,16,19,14,-13,-7,3,18,sil
23.282023429870605,-8,-22,-16,-8,-4,0,15,10,25,14,-9,0,8,17,sil
23.29782605171204,5,-18,-10,-13,-8,-15,0,0,15,0,5,2,14,8,sil
23.29782605171204,14,-9,-2,-16,-3,-12,-4,3,5,-3,11,5,15,6,sil
23.312976360321045,19,1,1,-16,-3,-13,-5,0,8,0,6,13,7,6,sil
23.312976360321045,16,5,1,-24,-11,-19,-14,-3,12,0,6,20,0,1,sil
23.32905912399292,4,-3,-9,-29,-11,-14,-18,-3,2,-3,10,11,-4,-4,sil
23.32905912399292,6,4,-2,-7,0,-7,-19,-8,-15,-17,1,5,-19,-15,sil
23.34317326545716,14,21,8,18,8,-7,-16,-10,-20,-21,-9,4,-34,-22,sil
23.358832597732544,4,13,5,16,7,-6,-9,-6,-12,-13,-5,1,-35,-18,sil
23.358832597732544,-4,5,10,10,8,0,-6,-10,-17,-13,4,5,-36,-10,sil
23.3740496635437,-6,7,9,17,6,0,-6,-13,-30,-14,-2,-2,-46,-11,sil
23.3740496635437,-12,4,8,14,6,-1,-3,-4,-21,0,-14,-17,-53,-16,sil
23.38974666595459,-6,9,16,16,15,7,3,2,5,16,-2,-4,-48,-5,sil
23.38974666595459,6,16,20,25,20,22,8,4,8,10,7,4,-22,6,sil
23.404947996139526,2,8,15,19,10,28,12,3,-7,-1,-1,-9,29,4,sil
23.404947996139526,-7,0,-1,4,1,20,21,6,-5,7,-8,-14,64,5,sil
23.42094683647156,-17,-6,-11,-11,-10,5,12,2,0,7,-9,-6,48,7,sil
23.42094683647156,-18,-20,-12,-19,-22,-2,0,-5,-8,-1,-14,-15,28,1,sil
23.436412811279297,-12,-23,-19,-17,-17,-1,2,-3,-3,11,-16,-18,32,3,sil
23.436412811279297,-8,-17,-16,-16,-10,-2,8,6,15,19,-10,-4,31,13,sil
23.452020168304443,-1,-14,-5,-11,-10,-5,11,7,26,7,4,7,32,18,sil
23.452020168304443,12,-7,1,0,0,0,15,12,25,8,14,12,32,19,sil
23.467670917510983,12,-4,-10,-3,4,5,14,19,28,16,5,4,18,13,sil
23.467670917510983,1,-9,-17,-15,-2,-3,3,9,29,4,0,-1,12,4,sil
23.484201669693,10,-2,3,-7,0,-11,-1,7,23,-1,22,18,21,11,sil
23.484201669693,22,10,6,7,2,-13,-3,4,9,2,31,31,8,9,sil
23.49976825714112,11,7,-5,-2,-6,-11,-21,-12,-9,-15,7,13,-25,-13,sil
23.49976825714112,-5,0,-1,-11,0,0,-28,-15,-16,-21,-1,2,-33,-22,sil
23.51567029953003,-9,3,1,-1,13,0,-15,-6,-15,-7,0,-2,-27,-17,sil
23.51567029953003,-4,11,2,9,7,-5,-17,-10,-23,-15,-18,-13,-44,-20,sil
23.530824661254883,4,17,12,24,10,3,-17,-10,-22,-20,-22,-10,-46,-12,sil
23.530824661254883,6,11,16,25,15,7,1,-3,-15,-4,-2,0,-21,1,sil
23.546762466430664,-7,-3,2,2,-1,1,15,0,-14,0,0,-8,-10,1,sil
23.546762466430664,-15,-8,-7,-1,-11,13,16,1,-6,5,-6,-14,-10,1,sil
23.562254190444943,-2,1,0,10,-2,16,12,3,8,15,0,0,0,9,please
23.562254190444943,13,12,2,6,0,-5,5,6,19,11,22,15,23,17,please
23.577834129333496,18,19,8,1,0,-16,-3,7,18,4,39,25,33,16,please
23.577834129333496,10,18,17,7,6,-8,-7,0,0,3,25,15,17,-5,please
23.592885971069336,-5,4,1,-1,2,-6,-8,-10,-23,-12,-8,-17,-10,-27,please
23.592885971069336,-19,-6,-9,-9,0,-2,-8,-10,-28,-28,-33,-27,-25,-22,please
23.607987642288208,-14,-7,-7,0,5,10,8,-3,-9,0,-28,-9,-9,-5,please
23.607987642288208,-3,-13,-11,-7,-1,8,14,6,11,24,-12,-2,9,0,please
23.62406110763549,-4,-27,-19,-38,-19,-11,-9,7,13,-1,-3,-4,9,-3,please
23.62406110763549,-3,-23,-18,-39,-21,-27,-22,0,4,-16,2,0,3,-8,please
23.639318466186523,5,4,8,-8,-2,-16,-8,0,0,0,11,11,8,2,please
23.639318466186523,5,15,23,14,9,9,8,1,0,2,7,8,11,11,please
23.655122995376587,-6,-1,7,12,0,22,18,-1,3,0,0,-5,5,6,please
23.655122995376587,-8,-3,5,8,-2,22,25,0,12,17,1,-7,3,5,please
23.670128107070923,0,10,8,24,8,29,29,2,22,25,-7,-7,0,13,please
23.670128107070923,1,8,6,30,12,34,23,0,14,7,-22,-9,-18,11,please
23.685258388519287,-4,-8,-2,9,3,14,10,0,-1,2,-17,-7,-20,0,please
23.685258388519287,-6,-19,-15,-11,-1,-10,-3,5,-2,8,0,-2,2,0,please
23.70094084739685,-3,-22,-16,-20,-8,-14,-7,4,4,0,0,-2,9,8,please
23.70094084739685,-1,-16,-14,-18,-16,-17,-10,0,1,-9,-6,-4,-1,1,please
23.716691970825195,6,-1,0,-2,-12,-24,-21,0,-8,-3,1,11,1,0,please
23.716691970825195,22,14,12,17,0,-12,-17,0,-6,2,13,22,22,15,please
23.73176646232605,26,17,7,9,9,0,-9,1,5,0,12,15,27,17,please
23.73176646232605,15,9,3,-1,12,0,-15,5,7,-8,17,16,15,3,please
23.747021675109863,5,11,4,7,10,-4,-18,-2,-3,-4,19,15,4,-6,please
23.747021675109863,4,14,3,5,7,-8,-11,-12,-14,1,4,2,-7,-12,please
23.762248516082764,2,0,-7,-17,0,-9,-5,0,-8,0,2,2,-6,-14,please
23.762248516082764,-3,-10,-17,-27,-9,-9,-5,10,-4,-20,7,5,0,-13,please
23.77787661552429,-6,3,-3,-12,-6,-9,-3,5,-8,-27,4,2,-7,-18,please
23.79390811920166,0,23,10,9,15,0,9,2,-4,-7,13,1,-14,-16,please
23.79390811920166,-8,18,13,15,20,12,13,0,-11,-5,8,0,-14,-8,please
23.79390811920166,-17,2,9,10,0,10,6,-9,-19,-12,-8,-6,-8,-2,please
23.8081157207489,-10,-6,6,9,-7,2,4,-9,-7,6,-2,-8,1,4,please
23.82508993148804,-9,-5,7,2,-1,0,2,-4,-10,10,-6,-14,-9,-2,please
23.82508993148804,-17,-2,0,1,0,4,11,-6,-13,-6,-29,-24,-32,-12,please
23.82508993148804,-7,-4,0,4,-3,13,25,-4,14,-1,-25,-14,-21,-1,please
23.83986735343933,4,-9,5,2,-7,14,21,3,30,16,-14,-7,-2,9,please
23.85522747039795,2,-8,0,4,-9,5,6,3,17,16,-22,-20,-4,3,please
23.85522747039795,-5,-10,-6,4,-6,5,0,0,14,12,-18,-21,0,3,please
23.87076997756958,-13,-23,-21,-9,-12,10,-5,2,18,24,0,-12,12,12,please
23.87076997756958,-9,-20,-22,-21,-19,1,-15,4,9,23,0,-9,15,10,please
23.88668131828308,8,0,-3,-11,-8,-2,-3,4,5,2,0,3,21,7,please
23.88668131828308,16,5,0,2,10,0,5,1,7,-2,22,32,30,16,please
23.90280652046204,7,6,0,7,15,-1,-1,1,7,7,32,39,21,20,please
23.90280652046204,11,13,0,5,9,-6,1,3,8,6,14,17,6,7,please
23.91804432868957,12,2,-7,-6,1,-8,0,0,-3,-4,3,6,1,-5,please
23.91804432868957,0,-15,-13,-21,-7,-14,-21,-4,-14,-11,2,7,3,-11,please
23.93413805961609,1,-3,-2,-13,-6,-14,-21,0,-1,-8,3,8,9,-2,sil
23.93413805961609,21,26,20,9,7,0,-1,10,10,-1,15,15,11,11,sil
23.949017763137817,21,25,18,17,12,0,0,6,-2,-2,13,9,1,7,sil
23.949017763137817,0,-1,2,-2,0,-16,-9,-8,-23,-14,-5,-6,-8,-10,sil
23.96415400505066,-9,-8,4,-17,-9,-15,-7,-9,-24,-19,-1,-1,-6,-15,sil
23.96415400505066,-1,3,9,-9,-1,-3,-5,-1,-14,-17,5,5,-5,-11,sil
23.9797751903534,1,4,13,0,7,-6,-14,-3,-25,-25,-9,0,-20,-15,sil
23.9797751903534,-6,-2,10,6,8,0,-5,-8,-41,-31,-16,-10,-29,-20,sil
23.99498176574707,-15,1,8,14,6,18,12,-3,-19,-12,-14,-14,-24,-15,sil
23.99498176574707,-6,16,20,26,9,19,21,5,15,15,-8,-4,-8,0,sil
24.010483503341675,1,20,15,38,17,20,32,6,21,23,5,0,-2,7,sil
24.010483503341675,-10,0,-5,26,13,25,32,-4,5,9,0,-18,-15,0,sil
24.026184558868408,-19,-16,-19,0,-3,9,10,-6,6,11,-14,-28,-18,0,sil
24.026184558868408,-7,-17,-19,-8,-13,-2,-5,5,19,21,-6,-14,1,8,sil
24.04175329208374,0,-13,-14,-8,-9,2,1,10,21,19,-4,-1,13,9,sil
24.04175329208374,-4,-10,-17,-9,-8,5,11,4,20,20,-10,-6,10,10,sil
24.05687928199768,-5,-13,-13,-14,-13,0,1,2,22,14,-9,-7,5,10,sil
24.05687928199768,4,-16,-11,-18,-11,-7,-7,3,18,3,-7,0,11,11,sil
24.07240056991577,15,-6,-12,-17,-3,-15,-9,4,11,4,0,15,29,20,sil
24.07240056991577,11,3,-4,-20,0,-12,-13,4,4,0,17,24,31,16,sil
24.088297605514526,3,0,-6,-17,-3,-7,-15,1,-3,-12,20,16,18,2,sil
24.088297605514526,6,1,0,-10,-3,-14,-16,-2,-8,-11,19,20,15,0,sil
24.10402488708496,10,9,9,-4,-5,-16,-15,-8,-10,-6,24,23,17,-6,sil
24.10402488708496,0,1,0,-4,-12,-10,-13,-13,-21,-15,11,0,0,-26,sil
24.12688398361206,-5,0,1,5,-5,-6,-9,-11,-22,-13,0,-6,-14,-22,sil
24.12688398361206,0,13,15,20,9,-1,2,-3,-12,-1,8,2,-7,-5,sil
24.12688398361206,-5,12,13,7,7,1,-2,-7,-19,-15,0,-10,-16,-13,sil
24.13590955734253,-12,1,4,0,1,1,-14,-11,-26,-28,-25,-23,-32,-22,sil
24.151036739349365,-4,11,11,24,12,8,-4,1,-6,-1,-15,-8,-19,-1,sil
24.151036739349365,1,22,25,40,22,22,17,13,11,24,3,2,-4,12,sil
24.16677188873291,-1,9,10,25,15,26,31,8,19,18,-8,-4,-9,4,sil
24.16677188873291,-4,-10,-7,6,3,18,25,5,25,8,-20,-8,-8,2,sil
24.18245100975037,0,-12,-7,-4,-3,8,16,11,20,8,-6,-3,5,14,sil
24.18245100975037,4,-10,-10,-20,-10,-6,12,10,5,3,1,1,13,16,sil
24.197739362716675,2,-18,-11,-32,-13,-21,0,4,-2,-9,1,9,6,5,sil
24.197739362716675,10,-7,1,-13,-4,-18,-16,3,-2,-12,16,21,3,0,sil
24.2138147354126,22,21,24,12,7,-5,-15,0,-3,-7,30,24,5,0,sil
24.2138147354126,13,24,20,12,12,5,-4,-12,-12,-4,8,6,-1,0,sil
24.22920036315918,-11,-1,-9,3,13,15,9,-10,-8,7,-16,-13,-15,-2,sil
24.22920036315918,-16,-16,-17,0,6,15,17,5,6,21,-11,-15,-9,3,sil
24.24490523338318,-4,-15,-14,-4,-8,4,15,8,20,18,-6,-14,3,6,sil
24.24490523338318,-6,-12,-17,-13,-10,-1,3,0,15,4,-13,-12,0,3,sil
24.260327100753784,-8,-8,-9,-14,-2,-1,-7,1,3,1,-4,0,5,3,sil
24.260327100753784,7,-5,-2,-7,-5,-9,-13,0,-7,-1,10,6,24,4,sil
24.27612853050232,17,0,2,-8,-13,-27,-29,-11,-20,-17,12,6,12,-5,sil
24.27612853050232,7,12,7,0,-5,-21,-32,-15,-21,-19,11,1,-5,-18,sil
24.291184425354004,-6,17,7,13,6,11,-1,-10,-12,-4,3,-10,-4,-18,sil
24.291184425354004,-20,1,-2,4,0,25,25,-7,-9,1,-20,-19,-10,-7,sil
24.30665922164917,-21,-19,-21,-14,-12,1,17,-5,-10,-2,-38,-18,-19,0,sil
24.30665922164917,-5,-12,-14,-14,-5,-8,0,5,-2,-8,-26,-6,-5,0,sil
24.3216769695282,6,4,0,0,4,0,3,16,16,3,0,8,11,3,sil
24.3216769695282,8,0,2,0,1,-1,-1,10,24,7,19,22,19,5,sil
24.33840084075928,10,1,6,-6,0,-9,-19,3,9,-4,22,26,15,-3,sil
24.33840084075928,5,19,10,0,2,-9,-20,0,-2,-2,19,13,0,-10,sil
24.35302495956421,-1,22,12,13,4,-12,-11,-9,-4,1,17,6,-5,-7,sil
24.36821222305298,-5,10,13,22,5,-1,-6,-14,-10,-7,9,-1,-4,-4,sil
24.36821222305298,-6,5,13,23,7,22,1,-3,-10,-4,-5,-12,-9,0,sil
24.383875131607056,0,5,19,17,6,29,19,15,11,15,-11,-1,-1,18,sil
24.383875131607056,9,-3,8,8,1,17,34,25,34,29,0,6,10,33,sil
24.399449348449707,5,-17,-3,-1,0,6,28,20,32,24,3,-6,1,23,sil
24.399449348449707,1,-19,-9,-11,0,-5,12,10,30,19,0,-10,-6,11,sil
24.41502952575684,2,-18,-19,-23,-4,-19,-3,0,24,9,-1,1,5,9,sil
24.41502952575684,0,-16,-17,-27,-8,-18,-17,-11,-5,-15,-3,7,11,-1,sil
24.430498600006104,2,-1,-3,-5,-2,-9,-10,-14,-26,-28,4,5,4,-15,sil
24.430498600006104,5,10,3,7,1,-8,-3,-6,-26,-19,17,2,-2,-16,sil
24.446059465408325,-3,6,0,-2,-2,-4,-12,-8,-34,-17,7,-3,-8,-16,sil
24.446059465408325,-19,2,-5,-4,-6,0,-17,-19,-45,-29,-18,-16,-21,-22,sil
24.4616858959198,-17,6,2,12,-3,8,-4,-13,-35,-22,-22,-22,-31,-22,sil
24.4616858959198,-7,8,5,27,3,18,9,0,-9,7,-6,-14,-22,-8,sil
24.47684144973755,-6,0,-1,17,4,17,9,2,0,19,-6,-10,-5,4,sil
24.47684144973755,0,-4,-2,3,0,6,10,2,5,18,-5,0,10,11,sil
24.492934465408325,22,8,6,9,0,0,15,11,22,23,16,26,27,22,sil
24.492934465408325,26,13,9,4,2,-1,6,11,21,11,20,38,29,24,sil
24.508684158325195,7,0,-6,-14,0,-7,-7,0,4,-5,0,15,15,11,sil
24.508684158325195,13,0,0,-14,-3,-11,-13,-4,4,-3,6,21,14,8,sil
24.52586150169373,38,20,30,3,9,0,-1,5,23,3,28,48,26,17,sil
24.5268669128418,29,16,20,1,19,3,1,6,20,0,19,25,16,12,sil
24.540212631225582,-10,-8,-6,-20,1,-11,-13,-5,-11,-9,-7,-21,-14,-13,sil
24.540212631225582,-30,-16,-15,-21,-12,-10,-9,-8,-19,-9,-19,-37,-25,-33,sil
24.55579090118408,-32,-7,-10,-3,0,9,9,1,5,0,-26,-41,-23,-29,sil
24.55579090118408,-33,-9,-13,-4,0,20,13,5,8,0,-44,-53,-32,-18,sil
24.57168412208557,-27,-20,-25,-16,-9,16,14,3,-1,0,-49,-48,-29,-13,sil
24.57168412208557,-19,-17,-20,-17,2,8,17,6,8,8,-29,-23,-10,-3,sil
24.58684158325196,-8,-6,-16,-1,12,1,3,7,23,18,-6,-7,2,11,sil
24.58684158325196,2,-2,-14,5,-2,-13,-21,-1,10,11,10,2,8,10,sil
24.602172136306763,8,-1,-4,-3,-11,-29,-32,-11,-8,-5,21,15,12,-4,sil
24.602172136306763,3,1,-2,-6,-4,-22,-23,-10,-17,-21,19,15,7,-10,sil
24.61770820617676,4,7,6,4,-6,-8,-10,-11,-28,-30,18,16,1,-7,sil
24.61770820617676,11,14,22,22,-1,-10,0,-12,-24,-16,29,26,4,0,sil
24.633726358413696,6,15,23,23,5,-7,0,-2,-9,0,28,23,5,4,sil
24.633726358413696,0,4,21,13,0,7,-2,5,-2,2,18,14,5,10,sil
24.64919900894165,11,0,24,21,0,14,11,7,6,18,19,14,17,21,sil
24.64919900894165,17,6,22,31,17,23,29,15,15,38,3,13,15,29,sil
24.66412997245789,-4,-4,-1,10,7,28,27,16,16,29,-18,-6,-4,15,sil
24.66412997245789,-8,-26,-17,-23,-13,1,5,7,19,3,-5,-5,3,1,sil
24.680010557174683,18,-12,1,-26,-12,-24,-8,0,20,-4,23,26,34,8,sil
24.680010557174683,27,16,12,-3,-4,-16,-10,-9,-4,-12,18,25,22,7,sil
24.69613814353943,13,24,14,11,0,0,-8,-13,-35,-33,-2,0,-19,-4,sil
24.69613814353943,7,19,15,18,6,11,6,-1,-23,-21,-3,-5,-22,-4,sil
24.712192058563232,-5,1,-8,5,0,16,19,0,0,6,-16,-17,-10,-4,sil
24.712192058563232,-23,-15,-30,-17,-10,13,5,-5,-6,1,-48,-34,-26,-17,sil
24.728121757507324,-12,-13,-26,-17,-8,0,-9,0,-6,-9,-41,-21,-23,-13,sil
24.728121757507324,6,-2,-9,-15,-3,-12,-11,3,7,0,-1,5,7,0,sil
24.74372410774231,8,9,1,-10,4,-14,-9,1,8,4,19,16,12,-3,sil
24.74372410774231,0,25,6,14,18,-2,-4,3,0,-3,15,2,-4,-10,sil
24.75912928581237,-7,20,5,22,19,7,0,2,0,0,0,-13,-11,-8,sil
24.75912928581237,-10,-2,-5,0,14,13,10,-1,10,18,-14,-20,-11,-1,sil
24.77488255500793,-11,-19,-9,-9,6,13,20,1,15,19,-16,-19,-18,2,sil
24.77488255500793,-14,-20,-9,-6,-7,3,14,3,16,0,-10,-13,-11,4,sil
24.790674924850464,-9,-10,-15,-7,-11,-11,-5,-3,19,2,1,-4,13,7,sil
24.790674924850464,0,-8,-8,-14,0,-13,-18,0,20,13,9,6,29,10,sil
24.80587577819824,-2,-19,-8,-21,-2,-6,-16,7,16,3,8,8,25,6,sil
24.80587577819824,-1,-17,-5,-21,-13,-10,-16,-4,0,-11,10,10,16,-4,sil
24.82140326499939,4,1,9,-8,-12,-20,-14,-14,-24,-14,17,16,5,-12,sil
24.82140326499939,5,14,12,5,-6,-18,-5,-11,-37,-22,12,11,-5,-12,sil
24.837201833724976,4,15,18,14,1,-5,-1,-8,-33,-26,6,1,-11,-7,sil
24.837201833724976,1,16,21,22,12,7,0,-6,-23,-4,7,-1,-6,-1,sil
24.85290098190308,-6,10,12,22,11,17,2,-4,-19,2,0,-3,-8,-2,sil
24.85290098190308,-7,0,6,22,5,23,13,0,-14,-3,-13,-12,-20,-9,sil
24.868112802505493,0,-8,2,20,5,24,26,13,6,11,-9,-12,-13,-1,sil
24.868112802505493,0,-9,-3,0,1,16,24,20,25,27,-4,-2,1,10,sil
24.8841233253479,4,-5,-9,-4,-4,3,21,13,22,24,-9,0,9,17,sil
24.8841233253479,17,-7,-2,2,-7,-3,18,11,14,20,-3,8,19,24,sil
24.89944863319397,12,-9,0,-9,-13,-9,-3,7,12,15,11,14,24,22,sil
24.89944863319397,-3,-5,-15,-22,-19,-21,-31,-7,6,1,5,6,11,3,sil
24.91528296470642,1,-1,-12,-19,-10,-22,-33,-1,7,-4,-5,17,7,0,sil
24.91528296470642,20,5,5,-11,3,-8,-9,9,15,-5,6,30,18,6,sil
24.93075466156006,10,14,1,-10,1,-7,-4,-5,-3,-27,5,5,0,-8,sil
24.93075466156006,-14,9,-14,-14,-7,-12,-18,-19,-37,-49,-16,-19,-31,-34,sil
24.946160554885864,-9,5,-4,-3,1,0,-10,-7,-31,-29,-1,-5,-21,-20,sil
24.946160554885864,7,23,23,24,25,15,7,-1,-6,5,27,11,3,6,sil
24.96130514144897,4,30,27,40,29,16,13,-9,-3,7,13,-2,0,0,sil
24.96130514144897,-8,4,5,22,10,14,18,-7,1,0,-14,-24,-20,-13,sil
24.97670602798462,-6,-12,-3,5,-3,19,20,5,22,10,-23,-24,-24,1,sil
24.97670602798462,0,-5,0,12,0,20,18,14,33,18,-16,-13,-9,15,sil
24.99213433265686,-3,-3,1,9,6,10,13,9,29,17,-3,-3,1,13,sil
25.00727939605713,-7,-19,-15,-18,-7,-3,-3,-3,9,17,-1,-4,3,10,sil
25.00727939605713,-9,-30,-27,-29,-21,-18,-27,-10,-20,3,-7,-8,2,0,sil
25.00727939605713,-9,-20,-14,-14,-12,-18,-23,0,-16,-7,1,-1,12,-3,sil
25.02282881736756,6,-9,-7,-20,-2,-11,-1,9,15,3,20,17,26,6,sil
25.02282881736756,16,-5,-3,-37,-6,-16,2,3,5,0,15,23,15,1,sil
25.03792381286621,5,6,13,-4,-4,-14,1,-8,-25,-24,-2,5,-6,-15,sil
25.05478310585022,4,19,23,34,3,-1,3,-5,-23,-16,3,4,0,-7,sil
25.05478310585022,15,23,21,22,7,1,0,2,-11,3,29,26,13,4,sil
25.0701117515564,1,17,7,2,10,6,0,-3,-19,-5,20,11,0,-3,sil
25.0701117515564,-24,0,-3,1,7,19,4,-7,-19,-12,-15,-26,-22,-12,sil
25.0701117515564,-22,-7,0,6,4,23,6,6,3,14,-17,-22,-14,-5,sil
25.0858633518219,-5,0,5,14,7,18,11,11,26,37,0,0,7,3,sil
25.0858633518219,-6,-3,0,10,3,13,15,5,34,30,-3,-3,10,3,sil
25.10096025466919,-7,-14,-7,0,0,4,6,7,32,24,-8,-7,5,8,sil
25.11608600616455,4,-6,-3,0,0,-7,-7,9,23,17,-2,2,7,16,sil
25.11608600616455,7,0,-8,-5,-8,-19,-13,1,11,-2,-4,3,4,6,sil
25.13171696662903,-2,-11,-18,-22,-17,-22,-11,-6,2,-14,-11,-8,-4,-10,sil
25.13171696662903,0,-13,-12,-26,-10,-17,-19,-9,-14,-27,-15,-8,-10,-16,sil
25.146921634674072,11,0,-6,-12,-3,-16,-27,-10,-31,-49,-11,0,-14,-16,sil
25.146921634674072,11,7,0,-4,0,-14,-17,-10,-31,-39,3,7,-12,-11,sil
25.16259527206421,7,12,11,-1,2,-2,-5,-10,-27,-16,14,9,0,-2,sil
25.16259527206421,11,23,14,15,2,1,-1,-9,-25,-15,10,9,3,0,sil
25.17831873893737,14,29,16,29,1,0,8,-1,-10,-7,8,12,1,7,sil
25.17831873893737,3,12,13,17,4,11,19,6,5,16,12,4,9,15,sil
25.19394469261169,-16,-6,0,5,5,16,18,8,11,23,1,-10,2,6,sil
25.19394469261169,-21,-13,-13,2,2,10,15,4,9,11,-19,-19,-17,0,sil
25.20922327041626,-2,-8,-13,-6,0,9,10,3,10,10,-14,-3,-2,17,sil
25.20922327041626,15,-3,0,-7,0,9,9,6,25,27,12,18,26,33,sil
25.22481107711792,11,-7,0,0,2,2,15,5,34,31,15,16,23,20,sil
25.22481107711792,-2,-10,-12,-10,-3,-6,0,3,13,-4,0,0,2,-4,sil
25.23986291885376,-1,0,-6,-18,-5,-10,-21,0,-7,-27,7,0,-2,-25,sil
25.23986291885376,7,12,14,4,9,2,-9,-8,-10,-9,17,1,0,-22,sil
25.25508165359497,-3,14,21,26,19,23,5,-7,-7,3,2,-6,-7,-6,sil
25.25508165359497,-14,2,2,13,3,13,-2,-1,-15,-7,-19,-20,-20,-12,sil
25.27075219154358,-7,-9,-2,-3,-10,-6,-4,0,-19,-11,-28,-22,-26,-19,sil
25.27075219154358,-12,-8,2,5,-5,4,16,2,0,17,-13,-12,-8,1,sil
25.28606605529785,-21,-8,-5,-1,-4,14,19,8,20,40,0,-5,9,15,sil
25.28606605529785,-9,-17,-15,-25,-10,-8,1,11,17,21,-6,-6,3,4,sil
25.301687240600582,5,-11,-13,-20,-7,-17,-6,5,14,1,-4,-3,1,1,sil
25.301687240600582,12,4,0,0,3,-2,-1,-1,13,2,12,16,13,12,sil
25.31774592399597,18,4,7,5,6,0,0,1,8,1,20,33,18,17,sil
25.31774592399597,15,-5,1,-5,-2,-12,-3,5,5,-5,18,26,13,14,sil
25.332902908325195,4,-3,0,-17,-6,-22,-15,-6,-5,-17,7,12,1,-2,sil
25.332902908325195,0,9,0,-6,3,-15,-27,-16,-19,-24,2,8,-4,-17,sil
25.34811353683472,3,15,9,10,5,-8,-31,-10,-19,-19,10,9,0,-13,sil
25.34811353683472,3,9,9,2,0,-13,-21,-8,-21,-20,5,3,0,-10,sil
25.36432886123657,0,7,3,0,0,-18,-14,-14,-28,-31,-8,-4,-11,-11,sil
25.36432886123657,0,15,21,22,0,-5,-11,-10,-25,-30,-12,-7,-10,-10,sil
25.37987351417541,-2,8,13,25,0,10,0,0,-11,-8,-11,-17,0,-13,sil
25.37987351417541,-16,-9,-16,4,6,14,12,0,-7,1,-13,-21,-9,-10,sil
25.39512538909912,-21,-4,-12,4,9,21,17,1,-6,5,-14,-13,-20,-7,sil
25.39512538909912,-8,0,-4,13,6,24,20,2,8,23,-14,-19,-8,-4,sil
25.410732984542847,0,-9,-11,3,-1,14,15,0,7,24,-14,-20,0,6,sil
25.410732984542847,-4,-14,-22,-14,-12,4,16,13,11,16,-8,-9,-1,20,sil
25.42604970932007,-3,-21,-38,-40,-18,-2,24,29,41,20,1,-4,9,27,sil
25.44171380996704,5,-12,-14,-40,-10,0,18,19,36,12,6,3,14,16,sil
25.44171380996704,11,22,19,7,6,9,5,1,5,2,16,15,7,0,sil
25.44171380996704,15,31,22,30,10,-5,-7,-3,2,5,33,20,12,6,sil
25.45740365982056,20,15,32,15,0,-15,-14,-9,0,0,34,23,17,15,sil
25.45740365982056,14,13,31,17,5,6,0,-4,-3,0,12,15,9,9,sil
25.47305917739868,1,5,2,15,13,23,20,4,12,12,-3,3,0,5,please
25.47305917739868,0,-5,-4,3,5,16,19,2,19,25,3,3,1,7,please
25.48866868019104,2,-6,2,5,-2,5,7,0,8,23,4,4,3,8,please
25.48866868019104,0,-14,-5,1,0,2,4,-1,1,1,-17,-2,-6,4,please
25.50421571731568,-2,-32,-20,-15,0,-5,3,-1,3,-10,-25,-11,-12,-6,please
25.50421571731568,-6,-38,-26,-34,-13,-23,-11,0,2,-3,-12,-11,-5,-15,please
25.5193898677826,-14,-19,-15,-37,-20,-31,-30,-3,-13,-15,-7,-1,-5,-14,please
25.53509950637817,-16,0,-5,-24,-8,-24,-28,-8,-26,-27,-3,0,-8,-16,please
25.53509950637817,-5,7,0,-16,0,-13,-23,-8,-22,-28,3,0,-2,-23,please
25.535500526428223,2,11,3,-15,1,1,-21,-5,-6,-17,6,9,0,-18,please
25.550365924835205,0,15,7,0,5,4,-7,-2,-5,-2,7,5,-1,-11,please
25.566222190856934,0,19,24,22,9,-7,-7,-4,-22,-14,5,0,-6,-12,please
25.566222190856934,5,26,29,42,12,-3,-13,-9,-27,-29,0,4,-9,-5,please
25.58103966712952,0,24,16,39,10,9,-4,-5,-18,-11,-15,-2,-11,0,please
25.58103966712952,-11,9,6,27,0,11,4,0,-16,-2,-25,-16,-14,-6,please
25.59672904014588,-18,-8,-6,18,-9,10,4,-3,-14,-8,-22,-26,-15,-10,please
25.59672904014588,-10,-14,-13,11,-5,15,10,2,0,4,-14,-20,-9,2,please
25.612351894378666,9,-1,-1,13,4,16,24,16,26,28,4,1,10,22,please
25.612351894378666,16,2,0,13,5,7,29,19,46,41,19,15,30,34,please
25.62755942344665,5,-7,-13,-5,-4,3,11,12,34,31,3,-1,27,24,please
25.62755942344665,0,-12,-22,-23,-10,0,-4,3,13,5,-7,-8,18,10,please
25.64315700531006,8,-5,-11,-31,-10,-12,-3,2,8,-9,9,14,19,9,please
25.64315700531006,17,2,1,-22,-5,-19,-1,2,1,-8,22,22,17,9,please
25.65868067741394,19,9,3,-12,3,-13,-7,-3,-3,-7,20,7,10,1,please
25.65868067741394,4,-1,2,-39,-2,-6,-8,-4,5,-3,24,2,9,-2,please
25.67419719696045,-8,-15,0,-52,-9,-3,-3,0,2,5,25,3,-1,-5,please
25.67419719696045,-6,-3,0,-14,0,-3,-4,-5,-15,6,16,0,-17,-7,please
25.68975114822388,-5,7,6,13,12,2,-2,-9,-19,0,5,-8,-15,-6,please
25.68975114822388,-11,3,10,20,18,17,17,0,0,11,-4,-8,-8,-4,please
25.70525026321411,-6,0,4,35,17,25,36,14,18,30,-10,-1,-4,0,please
25.70525026321411,-3,-7,-4,35,1,16,25,10,13,23,-17,0,-2,4,please
25.720300912857056,-7,-14,-5,18,-3,5,8,1,0,5,-30,-1,-10,1,please
25.720300912857056,-1,-6,-1,7,0,0,10,2,8,0,-31,-1,-14,5,please
25.73565125465393,5,-1,-3,-4,-11,-8,-2,0,16,-18,-19,0,-10,-1,please
25.73565125465393,6,2,-5,-9,-15,-16,-32,-10,-2,-39,-6,8,-6,-23,please
25.75167679786682,12,16,8,4,-2,-14,-29,-10,-17,-23,14,23,2,-20,please
25.75167679786682,15,23,22,13,3,-7,-12,-9,-17,-3,25,18,11,2,please
25.76681566238404,6,19,15,12,7,1,-14,-13,-23,-8,7,-2,4,9,please
25.76681566238404,-7,11,5,17,13,13,-8,-8,-25,-10,-11,-17,-7,0,please
25.782906770706177,-15,-1,-5,7,8,17,10,3,-8,2,-12,-23,-5,-3,please
25.782906770706177,-14,-15,-20,-21,0,7,16,7,8,6,-7,-19,8,3,please
25.798726320266724,-6,-18,-19,-38,-6,-6,5,7,17,0,-3,-1,12,4,please
25.798726320266724,8,-14,-9,-27,-14,-25,-13,4,8,-12,0,11,5,-4,please
25.81386971473694,17,-1,0,-15,-15,-41,-29,-4,-17,-25,0,17,0,-10,please
25.81386971473694,4,9,7,-8,-7,-29,-23,-7,-24,-22,6,17,0,-10,please
25.829766511917114,-7,6,9,0,0,-3,-11,0,0,-3,15,0,-4,-12,please
25.829766511917114,-10,3,6,12,7,10,-1,2,16,10,5,-19,-9,-9,please
25.844762802124023,-10,7,3,18,11,20,20,4,12,16,-6,-18,-5,2,please
25.844762802124023,-4,4,7,13,7,24,30,9,8,26,1,-6,3,15,please
25.860801696777344,-6,0,0,11,2,16,14,5,4,27,1,-14,0,11,please
25.860801696777344,-15,0,-7,9,-3,9,4,-3,-5,14,-12,-21,-9,0,please
25.876070261001587,-5,-11,-3,-2,-11,13,10,-6,-13,3,-11,-9,-6,3,please
25.876070261001587,2,-24,-7,-8,-7,13,10,-2,-5,0,-7,-2,0,9,please
25.89215922355652,1,-14,-10,1,4,8,6,7,15,3,-7,1,2,9,please
25.89215922355652,8,-3,-2,2,7,8,12,20,32,15,6,15,13,14,please
25.90776419639588,14,-11,-2,-9,0,0,8,10,18,10,12,16,15,12,please
25.90776419639588,8,-11,-5,-20,-6,-13,-9,-4,-5,-8,2,11,0,0,please
25.92279481887817,14,3,1,-11,0,-15,-15,-2,0,0,14,21,10,0,please
25.92279481887817,30,19,18,6,6,-14,-15,3,18,14,39,37,30,10,please
0.6211867332458496,-14,2,2,6,10,4,-16,-6,-16,0,0,-13,-13,-24,sil
0.6211867332458496,-18,4,1,10,11,13,-3,-2,-14,7,4,-10,-5,-18,sil
0.635911226272583,-7,9,10,14,24,18,16,3,-3,4,-1,-14,-12,-9,sil
0.635911226272583,-8,0,7,10,25,14,26,1,1,10,-23,-27,-12,-4,sil
0.6515014171600342,-13,-7,-1,0,1,8,20,4,6,14,-36,-29,-5,0,sil
0.6515014171600342,-12,-10,-18,-9,-10,3,13,14,14,12,-28,-22,-2,5,sil
0.6670584678649902,-10,-14,-26,-12,0,5,10,10,14,20,-18,-17,1,7,sil
0.6670584678649902,-11,-17,-23,-14,3,5,4,0,5,15,-19,-23,2,3,sil
0.6820454597473145,-14,-17,-24,-20,-9,-2,-5,-4,-6,-7,-21,-26,-6,-6,sil
0.6820454597473145,0,0,-9,-17,-3,-7,-5,-3,-3,-13,-11,0,-1,-7,sil
0.6976621150970459,14,11,3,-7,0,-9,0,-4,6,-3,6,15,13,0,sil
0.6976621150970459,-2,-6,-8,-21,-21,-21,-14,-13,-10,-22,0,0,-1,-12,sil
0.7134678363800049,-16,-12,-4,-33,-29,-23,-22,-7,-26,-36,-15,-1,-21,-23,sil
0.7134678363800049,7,14,20,-2,-4,-6,0,15,0,-7,2,19,-1,-4,sil
0.7290871143341064,19,23,32,37,11,9,10,19,8,17,26,21,10,12,sil
0.7290871143341064,6,9,23,50,14,23,6,3,-8,10,14,10,-3,13,sil
0.7443420886993408,0,0,18,34,7,21,13,2,3,11,2,10,-2,16,sil
0.7443420886993408,3,-13,12,8,-10,-2,13,4,26,18,8,17,12,28,sil
0.7598178386688232,16,-14,1,2,-14,-21,0,-1,22,11,17,28,22,34,sil
0.7753658294677734,28,3,2,6,0,-13,-2,0,9,4,33,41,30,27,sil
0.7753658294677734,19,7,1,-2,0,-2,1,5,10,8,41,34,29,11,sil
0.7943124771118164,7,0,-3,-4,-2,-2,-7,6,12,11,28,15,13,0,sil
0.7943124771118164,12,17,8,13,8,-1,-20,8,11,4,19,8,4,-4,sil
0.8067114353179932,12,37,9,23,17,3,-19,-3,3,-12,14,3,0,-10,sil
0.8067114353179932,1,20,2,14,13,6,-17,-28,-26,-31,-4,-3,-17,-16,sil
0.8067114353179932,-8,0,-4,8,5,10,-10,-35,-55,-29,-29,-17,-35,-14,sil
0.8222494125366211,-18,-2,-12,0,0,17,7,-25,-41,-11,-43,-36,-32,-11,sil
0.838294267654419,-23,-13,-16,-11,-3,18,17,-8,-5,4,-39,-41,-20,-16,sil
0.838294267654419,-25,-26,-27,-14,-4,10,14,11,12,19,-25,-36,-14,-17,sil
0.8534798622131348,-23,-23,-29,-22,-2,-1,6,21,21,19,-22,-29,-6,-7,sil
0.8534798622131348,-14,-20,-21,-31,-6,-15,-1,12,28,0,-24,-19,0,-2,sil
0.8689849376678467,-8,-20,-20,-33,-11,-28,-10,2,11,-17,-10,-10,0,-9,sil
0.8689849376678467,-4,-3,-5,-29,-2,-25,-10,5,-11,-15,10,-5,-2,-12,sil
0.8840346336364746,3,15,10,-15,10,0,1,3,-9,-9,19,-2,8,-3,sil
0.8840346336364746,-2,12,12,0,16,20,15,-2,-4,-2,8,-5,6,-1,sil
0.900052547454834,-12,-1,2,0,13,21,28,1,1,25,2,-8,0,-3,sil
0.900052547454834,-5,-10,0,-9,2,11,31,8,21,40,3,-1,9,8,sil
0.9160912036895752,3,-17,3,-15,-12,-1,9,9,25,17,-1,6,18,25,sil
0.9160912036895752,11,-13,0,-16,-19,-18,-17,3,10,0,0,12,13,20,sil
0.9312663078308104,24,9,6,-9,-17,-26,-34,-11,-12,-4,11,27,3,0,sil
0.9312663078308104,24,25,27,14,-2,-14,-36,-21,-41,-26,8,30,-7,-7,sil
0.9471335411071776,1,13,28,38,14,4,-18,-14,-44,-34,-4,6,-18,-5,sil
0.9471335411071776,-10,2,14,36,14,21,10,-1,-15,-15,-9,-3,-17,-3,sil
0.9623470306396484,0,1,0,19,-1,21,20,8,12,6,-4,4,0,7,sil
0.9623470306396484,15,2,4,16,-8,0,4,14,20,11,8,21,23,27,sil
0.9778196811676024,20,14,17,25,0,-10,0,14,19,0,32,42,32,27,sil
0.9778196811676024,24,27,12,30,3,-10,2,11,16,-7,45,42,27,12,sil
0.9936456680297852,22,27,13,28,1,-5,2,9,10,-3,34,28,14,5,sil
0.9936456680297852,1,17,8,28,4,4,13,7,12,13,16,9,1,4,sil
1.0093035697937012,-19,2,-8,24,8,9,22,0,8,20,-6,-18,-14,-8,sil
1.0093035697937012,-19,-9,-13,15,2,6,14,-12,-1,10,-30,-36,-29,-25,sil
1.0250310897827148,-11,-11,-15,3,-2,7,0,-16,-10,0,-33,-26,-30,-21,sil
1.0250310897827148,-14,-16,-18,-19,-6,0,-17,-14,-15,1,-25,-20,-17,-2,sil
1.0401344299316406,-8,-23,-19,-31,-11,-11,-19,-9,-9,0,-23,-22,-3,0,sil
1.0401344299316406,4,-18,-12,-21,-9,-9,-13,-6,-1,-17,-12,-1,1,-9,sil
1.056110143661499,11,-2,-2,-13,0,-7,-16,-4,-2,-16,13,18,9,-3,sil
1.056110143661499,3,1,0,-19,4,-7,-18,-5,-2,0,21,5,13,-2,sil
1.0712103843688965,-14,-11,-5,-38,-1,-1,-16,-7,-13,-9,-1,-22,-8,-21,sil
1.0712103843688965,-24,-18,-18,-43,-8,0,-2,-3,-17,-15,-21,-31,-23,-27,sil
1.087113380432129,-16,-2,-16,-20,4,10,15,13,3,9,-10,-21,-4,-4,sil
1.087113380432129,-17,-5,-7,-24,13,29,22,21,15,21,-7,-23,1,8,sil
1.102203369140625,-26,-37,-30,-69,-8,25,19,10,11,19,-28,-41,-11,0,sil
1.102203369140625,-17,-36,-33,-75,-17,7,18,12,21,19,-28,-30,-8,8,sil
1.117377758026123,11,0,0,-15,13,0,21,24,39,20,9,7,19,39,sil
1.117377758026123,37,20,26,25,26,-10,13,13,36,19,39,36,44,45,sil
1.1330444812774658,39,22,25,25,2,-23,-3,-2,11,1,33,41,40,18,sil
1.1330444812774658,17,26,14,32,-7,-19,-15,-7,-11,-25,10,22,12,0,sil
1.1487162113189695,6,28,18,42,2,-13,-21,-12,-29,-30,0,13,-7,-8,sil
1.1487162113189695,12,33,29,49,8,-8,-18,-15,-31,-14,10,22,-5,-12,sil
1.1639947891235352,4,31,30,54,12,0,-11,-15,-25,-19,9,16,-6,-15,sil
1.1639947891235352,-11,7,20,45,9,3,-9,-21,-39,-37,-15,-1,-25,-25,sil
1.179206132888794,-11,-3,8,39,-4,0,-3,-18,-42,-23,-14,-2,-31,-20,sil
1.179206132888794,-6,0,13,38,-10,4,11,-2,-19,0,3,5,-21,0,sil
1.194361448287964,-5,-4,11,25,-6,14,20,7,0,2,-7,-1,-17,3,sil
1.194361448287964,0,-13,-4,4,-8,6,11,8,12,13,-19,-7,-8,-2,sil
1.2099213600158691,5,-11,-9,-10,-12,-3,-2,13,32,35,6,5,15,8,sil
1.2099213600158691,5,-13,-14,-17,-11,0,-5,13,36,31,26,16,27,21,sil
1.2255690097808838,7,-15,-17,-29,-7,-4,0,4,16,5,19,10,20,12,sil
1.2255690097808838,7,-4,-11,-36,-6,-14,-2,1,13,-2,14,10,18,1,sil
1.2413811683654783,0,6,-10,-25,-9,-13,-12,0,15,0,18,15,17,2,sil
1.2575368881225586,-8,10,-1,-10,0,0,-13,-1,0,0,13,3,4,-3,sil
1.2575368881225586,-7,6,2,-2,16,22,0,0,-5,2,-2,-19,-6,-15,sil
1.2726874351501465,-4,0,-2,-3,21,28,8,-3,1,5,-13,-24,-12,-10,sil
1.2726874351501465,-6,-1,-1,-2,16,19,16,-6,0,13,-14,-17,-10,6,sil
1.2726874351501465,-4,-6,0,0,11,11,31,1,0,17,-11,-16,-2,13,sil
1.2874093055725098,2,-11,-6,-4,3,2,32,11,6,7,-10,-11,1,12,sil
1.304506778717041,2,-12,-17,-21,-7,-8,7,9,7,0,-13,-7,6,12,sil
1.304506778717041,0,-13,-15,-34,-14,-17,-19,0,-3,-5,-10,-3,8,5,sil
1.304506778717041,5,-9,-2,-22,-12,-19,-22,-3,-6,-11,0,5,4,-2,sil
1.3184781074523926,8,3,1,0,-3,-18,-14,0,5,-17,3,12,-2,-5,sil
1.3343758583068848,2,12,3,-1,2,-11,-16,3,2,-20,-4,8,-10,-11,sil
1.3343758583068848,0,10,1,-2,4,-1,-7,3,-8,-11,-3,-2,-9,-13,sil
1.349550724029541,-5,6,2,12,7,1,0,0,-5,-11,-3,-11,-11,-12,sil
1.349550724029541,-12,10,13,27,8,0,-13,-6,-6,-21,-4,-6,-17,-18,sil
1.3652758598327637,-8,12,14,34,9,1,-15,-7,-21,-13,0,-5,-11,-13,sil
1.3652758598327637,-10,-1,4,24,7,15,0,-4,-31,0,-11,-14,-9,-3,sil
1.3813817501068115,-15,-18,-6,9,-2,23,14,-3,-24,10,-21,-15,-10,-2,sil
1.3813817501068115,-9,-12,-7,5,-11,12,20,-3,-6,21,-12,-6,-2,2,sil
1.397092342376709,0,-4,-2,3,-8,0,19,-1,10,21,-7,-5,3,13,sil
1.397092342376709,1,-10,-13,-5,-7,0,15,-1,19,6,-6,-3,3,11,sil
1.4124088287353516,3,-10,-12,-11,-13,-9,0,3,14,-4,0,8,9,9,sil
1.4124088287353516,9,1,-4,-11,-10,-18,-13,9,14,0,9,13,16,12,sil
1.42745041847229,17,10,-1,-11,1,-13,-14,2,16,2,24,17,16,6,sil
1.42745041847229,22,16,11,-6,6,-13,-10,-8,3,0,38,30,12,0,sil
1.4427692890167236,19,14,13,-18,-2,-19,-13,-9,-11,0,34,25,10,0,sil
1.4427692890167236,9,1,11,-46,-11,-9,-14,-4,-6,-2,24,12,9,-3,sil
1.4584484100341797,9,9,21,-21,0,6,-2,0,5,-8,31,19,9,-1,sil
1.4584484100341797,13,24,26,28,14,10,0,-2,0,0,36,27,5,3,sil
1.473501682281494,0,13,20,29,8,12,0,-1,-19,0,7,10,-3,2,sil
1.473501682281494,-6,7,15,24,4,19,20,2,-8,-3,-23,-11,-5,0,sil
1.4890992641448977,3,19,16,44,19,24,35,10,14,3,-23,-8,-1,3,sil
1.4890992641448977,-3,9,2,43,16,17,24,11,11,12,-15,-5,-4,1,sil
1.504711389541626,-22,-17,-21,12,0,3,14,7,3,16,-22,-21,-11,-3,sil
1.504711389541626,-18,-24,-26,-7,0,4,10,5,15,19,-21,-26,-12,-5,sil
1.520333766937256,-14,-20,-29,-10,3,4,0,5,23,16,-17,-20,-6,-2,sil
1.520333766937256,-19,-23,-29,-16,-8,-13,-18,1,7,6,-21,-22,-5,0,sil
1.5354206562042236,-11,-23,-17,-14,-11,-17,-20,0,-2,2,-15,-14,-3,5,sil
1.5354206562042236,-2,-18,-9,-12,-7,0,-3,1,1,-3,-5,0,2,6,sil
1.5515174865722656,-4,-18,-10,-20,-9,2,1,6,5,-12,-5,-2,3,1,sil
1.5515174865722656,-2,-19,-13,-19,-8,0,-1,6,8,-10,-4,-8,5,-1,sil
1.5671300888061523,0,-9,-4,-14,-6,3,-7,-2,0,-11,2,1,3,-1,sil
1.5671300888061523,0,6,6,-13,-5,0,-6,-3,-14,-18,7,6,0,-8,sil
1.582108736038208,6,9,-1,-9,0,-15,-4,0,-19,-17,1,0,0,-10,sil
1.582108736038208,5,2,-3,-9,-7,-27,-15,-9,-29,-21,-10,1,-4,-9,sil
1.5977940559387207,0,7,2,-5,-11,-24,-22,-18,-38,-22,-4,5,-6,-14,sil
1.5977940559387207,10,25,16,8,5,-8,-11,-15,-18,-2,22,13,0,-8,sil
1.6133637428283691,23,28,22,11,12,2,0,-7,4,7,28,16,3,6,sil
1.6133637428283691,13,12,10,0,0,2,1,-6,2,-4,9,10,-2,2,sil
1.6294801235198977,-2,6,6,-2,3,1,1,-7,-5,-7,3,9,-6,-4,sil
1.6294801235198977,0,15,11,14,10,1,6,-4,-1,11,9,7,-2,1,sil
1.6450934410095217,9,21,17,34,4,3,3,1,-2,9,5,2,1,6,sil
1.6450934410095217,10,25,22,35,8,16,3,0,-2,0,0,0,1,1,sil
1.6604714393615725,4,20,12,29,19,24,17,0,1,12,0,-7,-1,0,sil
1.6604714393615725,-2,2,6,25,13,21,24,9,2,20,-11,-14,-9,2,sil
1.676414966583252,-6,-15,0,10,0,16,14,12,10,15,-22,-10,-12,3,sil
1.676414966583252,-10,-20,-16,-12,-7,5,8,10,21,14,-14,-15,-6,1,sil
1.6922011375427246,-15,-15,-16,-10,0,4,17,18,23,24,-3,-11,5,10,sil
1.6926229000091553,-12,-16,-11,0,6,8,23,17,24,22,-2,2,12,18,sil
1.707322597503662,-8,-22,-15,-15,-6,-3,4,0,22,-2,-3,6,9,10,sil
1.707322597503662,-2,-20,-22,-30,-15,-13,-9,-5,22,-9,0,1,13,5,sil
1.7230620384216309,2,-18,-15,-24,-13,-14,-12,4,18,2,1,8,20,11,sil
1.7230620384216309,4,-16,-7,-30,-20,-22,-24,2,2,-10,4,18,16,2,sil
1.739133358001709,10,-13,-12,-37,-20,-22,-32,-5,-8,-29,11,14,12,-7,sil
1.739133358001709,12,-4,0,-20,-1,-7,-20,-3,-11,-19,18,11,10,-6,sil
1.7544660568237305,6,7,11,0,10,-6,-7,0,-9,-2,18,10,3,-7,sil
1.7544660568237305,2,13,9,6,6,-9,-11,-7,-6,-2,17,5,-4,-7,sil
1.7704253196716309,0,10,13,7,1,0,-16,-17,-14,-11,12,-1,-5,-7,sil
1.7704253196716309,-6,11,13,8,1,0,-5,-10,-25,-4,10,-5,-1,-8,sil
1.786067247390747,-8,14,10,1,3,-1,4,-1,-17,7,12,-6,-2,-6,sil
1.786067247390747,-5,9,8,2,3,8,8,-3,-11,4,5,-9,-11,-8,sil
1.8010787963867188,-7,4,5,12,2,8,4,-6,-21,-7,-9,-14,-16,-13,sil
1.8010787963867188,-8,4,7,14,7,4,0,-2,-20,-3,-9,-10,-10,-4,sil
1.8164730072021484,-4,4,2,11,2,9,5,0,-3,11,2,-4,-1,9,sil
1.8164730072021484,-1,3,-4,9,-6,4,4,0,-2,4,-5,-9,-8,3,sil
1.832019567489624,-4,-1,-11,12,0,7,5,-4,-8,-5,-32,-18,-21,-8,sil
1.84753942489624,-10,-7,-19,10,9,22,13,0,-1,-1,-41,-17,-20,-4,sil
1.84753942489624,-4,-1,-6,10,8,12,12,10,6,0,-26,-1,-12,3,sil
1.84753942489624,10,11,4,20,5,-4,15,10,8,1,-31,1,-8,6,sil
1.8636882305145264,8,7,-4,16,2,2,25,8,14,4,-61,-14,-13,2,sil
1.8636882305145264,4,-3,-10,4,0,12,29,17,31,2,-46,-13,-6,0,sil
1.878401041030884,13,-2,2,7,0,5,20,13,40,4,6,10,12,7,sil
1.8940253257751465,17,-2,14,6,0,-1,-1,-1,18,2,24,21,15,8,sil
1.8940253257751465,8,-9,0,-8,-6,-14,-20,-5,-2,-2,26,13,14,2,sil
1.9092087745666504,6,-11,-9,-24,-11,-25,-18,1,5,2,44,17,32,10,sil
1.9092087745666504,6,-9,-1,-27,-14,-14,-12,6,18,16,52,23,40,18,sil
1.9244637489318848,2,-6,3,-17,-11,-9,-23,0,6,10,44,16,26,6,sil
1.9244637489318848,-1,-3,0,-21,-6,-22,-31,-11,-8,-8,36,12,8,-4,sil
1.9402368068695068,-7,-7,-12,-29,-6,-20,-19,-10,-11,-15,21,1,-7,-10,sil
1.9402368068695068,-13,-5,-7,-18,-6,0,-10,-3,-16,-13,5,-3,-19,-10,sil
1.9554765224456787,-6,9,14,-3,-1,5,-12,-6,-21,-9,2,5,-11,0,sil
1.9554765224456787,2,19,15,0,3,-3,-8,-7,-15,0,2,8,0,1,sil
1.9714891910552976,2,20,9,6,14,0,-2,-7,-12,3,-4,-2,-6,-5,sil
1.9714891910552976,0,13,1,13,22,19,4,-9,-11,1,-13,-12,-10,-3,sil
1.987038850784301,-10,-1,-6,10,15,21,9,-6,-5,0,-13,-18,-5,-5,sil
1.987038850784301,-18,-6,-4,9,9,12,8,-2,-4,1,-12,-18,-4,-12,sil
2.010084629058838,-11,1,1,14,9,18,13,1,-3,10,-13,-10,-5,-1,sil
2.010084629058838,-1,2,8,14,0,24,28,14,1,11,-18,-6,-2,7,sil
2.010084629058838,3,-7,5,13,-7,11,33,16,7,6,-22,-10,1,8,sil
2.0190913677215576,7,-13,-9,-3,-8,-5,13,8,7,4,-17,-5,5,12,sil
2.0342183113098145,7,-8,-9,-21,-9,-9,-1,11,6,1,-8,8,9,10,sil
2.0342183113098145,12,-2,0,-7,-11,-12,-2,10,11,0,0,17,17,7,sil
2.049545288085937,21,2,10,11,-6,-23,-16,-1,11,-3,12,26,22,7,sil
2.049545288085937,13,9,10,10,0,-21,-20,-3,1,-9,17,16,9,-6,sil
2.064706802368164,-4,10,3,5,0,-5,-5,-1,-9,-18,-1,-12,-13,-23,sil
2.064706802368164,-12,1,-2,7,-2,6,6,-5,-12,-20,-22,-25,-26,-20,sil
2.0803158283233643,-12,-11,-11,8,-1,12,17,-4,-2,-5,-17,-18,-18,-8,sil
2.0803158283233643,-12,-16,-15,-3,0,11,20,4,15,19,4,-6,0,0,sil
2.0954952239990234,-9,-12,-17,-16,-2,0,0,9,29,24,16,0,11,7,sil
2.0954952239990234,-1,-8,-18,-21,-6,-17,-23,-3,12,-5,11,6,8,2,sil
2.1116976737976074,15,0,0,-17,-6,-22,-30,-15,-10,-18,19,21,7,-1,sil
2.1116976737976074,21,15,17,1,3,-8,-17,-6,-4,2,38,27,12,1,sil
2.126757860183716,0,18,14,16,18,0,-12,-1,0,0,12,0,-10,-4,please
2.126757860183716,-9,12,5,14,15,0,-13,-9,-17,-16,-21,-23,-33,-12,please
2.142369270324707,3,14,8,13,5,2,-2,-7,-18,-1,-3,-9,-19,1,please
2.142369270324707,0,10,13,9,3,12,6,-1,-14,3,3,0,-11,1,please
2.157821655273437,-21,-1,0,0,0,15,8,-6,-26,-15,-30,-18,-32,-17,please
2.157821655273437,-16,-8,-8,-7,-2,18,17,-5,-24,-21,-42,-14,-34,-3,please
2.173348426818848,0,-16,-5,-15,-2,19,25,5,-4,0,-18,8,-1,27,please
2.173348426818848,2,-16,-8,-14,-4,6,15,9,9,23,1,1,23,23,please
2.1888890266418457,0,0,-8,0,-1,0,3,10,14,23,7,-11,20,8,please
2.1888890266418457,2,8,-4,9,0,5,8,14,24,15,6,0,17,14,please
2.203988552093506,7,-1,5,1,-2,4,9,16,35,31,14,10,32,21,please
2.203988552093506,9,-5,7,-1,0,3,5,17,42,40,29,9,37,9,please
2.2201180458068848,8,-1,0,0,5,0,8,9,36,19,21,12,23,0,please
2.2201180458068848,5,1,0,-1,0,-10,3,0,13,5,8,17,14,-3,please
2.235302925109864,1,0,-6,-3,-3,-8,-8,-4,1,2,8,12,15,-7,please
2.235302925109864,-3,-11,-10,-12,-6,-8,-16,-4,3,-11,0,7,8,-8,please
2.251636505126953,-3,-13,-2,-10,-10,-20,-19,-7,-6,-19,-15,0,-6,-13,please
2.251636505126953,-1,-3,-3,-2,-10,-20,-22,-13,-30,-30,-22,-11,-20,-24,please
2.267289876937866,-3,2,2,-6,-5,-7,-19,-17,-40,-43,-13,-9,-20,-24,please
2.267289876937866,7,4,16,0,0,-5,-5,-10,-28,-26,-2,3,-5,-1,please
2.283010482788086,19,5,19,7,3,-9,0,-2,-23,-14,-4,8,-4,13,please
2.283010482788086,12,10,10,-1,-1,-12,0,-5,-20,-23,2,3,-8,0,please
2.2985711097717285,2,19,4,5,-5,-17,-4,-6,-8,-7,23,1,-1,-4,please
2.2985711097717285,1,18,6,11,2,-9,-8,2,-3,7,19,4,0,2,please
2.3136680126190186,-4,4,-3,1,7,7,0,4,-1,-3,-4,-4,-3,-4,please
2.3136680126190186,-10,3,-6,5,5,12,5,-2,1,-11,-8,-11,1,-10,please
2.328831434249878,-3,11,8,16,5,7,1,1,3,4,8,-1,7,5,please
2.328831434249878,0,4,5,13,12,14,4,8,9,21,13,3,4,13,please
2.3443143367767334,-10,-2,-3,10,22,26,7,1,8,22,-4,-6,-5,2,please
2.3443143367767334,-17,-5,-8,12,18,19,3,-5,2,18,-16,-19,-17,-4,please
2.359938621520996,-13,-6,-5,11,5,9,8,-2,0,17,-8,-17,-20,0,please
2.3750619888305664,-9,-1,2,10,3,23,21,5,0,20,-1,-6,-14,8,please
2.3750619888305664,-9,-6,-5,0,-2,25,17,7,5,17,-5,-5,-13,8,please
2.391121625900269,-9,-22,-12,-19,-16,8,0,2,6,5,-14,-8,-25,1,please
2.391121625900269,-6,-27,-12,-20,-17,13,-1,2,5,1,-18,-7,-25,-4,please
2.391121625900269,-3,-16,-11,-16,-19,16,6,10,11,0,-15,-9,-7,-1,please
2.4062933921813965,0,-7,-8,-25,-24,-12,11,19,28,0,-6,-3,13,8,please
2.421469211578369,12,-8,-10,-22,-11,-29,14,18,35,4,1,4,29,13,please
2.421469211578369,20,-4,-7,-8,3,-14,1,5,16,0,2,9,25,6,please
2.437251091003418,12,3,-5,-2,3,-10,-9,-8,3,-15,3,11,16,-2,please
2.437251091003418,9,4,-2,-6,0,-22,-13,-9,3,-14,2,14,14,-3,please
2.45284390449524,10,0,5,-10,0,-26,-21,-4,-7,-12,1,19,9,-9,please
2.45284390449524,4,2,0,-5,-1,-21,-22,-15,-18,-16,14,20,14,-12,please
2.467839002609253,5,17,5,2,3,-15,-12,-13,-16,-11,27,24,20,0,please
2.467839002609253,13,27,19,17,18,-5,2,3,-6,0,23,15,17,3,please
2.483167886734009,8,17,20,16,18,0,8,-1,-8,1,14,-4,11,-7,please
2.483167886734009,-2,3,14,0,1,2,-3,-19,-24,-7,1,-13,0,-13,please
2.4992926120758057,-2,4,4,5,0,0,-7,-18,-25,-10,-6,-16,-13,-12,please
2.4992926120758057,2,13,10,22,7,0,-3,-1,-15,-7,0,-6,-9,0,please
2.514488458633423,0,8,13,17,1,5,-7,3,-10,-7,1,4,6,7,please
2.514488458633423,-10,-4,-6,2,-9,5,-10,0,-9,-6,-9,-1,3,0,please
2.5300753116607666,-9,0,-3,2,-1,9,6,9,0,11,-2,0,-2,3,please
2.5300753116607666,1,6,6,14,7,13,17,11,15,35,20,8,3,16,please
2.546140193939209,-1,-1,2,7,-2,6,0,1,3,10,11,5,-4,9,please
2.546140193939209,-15,-9,-4,-2,-8,10,-8,-6,-10,-13,-12,-2,-25,-7,please
4.078441858291626,4,-22,-17,-17,0,7,18,5,27,31,-8,-5,14,14,please
4.078441858291626,11,-21,-14,-12,-11,-7,13,10,26,39,0,5,13,19,please
4.092209577560425,1,-17,-19,-22,-19,-9,2,15,23,24,-3,0,12,12,please
4.108167171478272,-3,-15,-21,-33,-17,-5,-4,12,25,23,6,1,23,9,please
4.108167171478272,-5,-17,-12,-37,-23,-19,-13,5,15,13,10,14,16,6,please
4.123424291610718,-5,-9,-13,-28,-20,-33,-23,-8,4,-11,5,8,5,-11,please
4.123424291610718,-1,2,-9,-25,-8,-32,-34,-10,-13,-32,8,1,1,-27,please
4.139023065567017,3,21,16,-15,-1,-17,-25,-1,-21,-19,30,17,8,-21,please
4.139023065567017,13,31,22,6,5,-9,-5,-13,-10,1,43,23,12,-6,please
4.154132843017578,14,25,19,2,6,-16,-18,-19,-27,-24,17,7,-12,-5,please
4.154132843017578,-2,20,13,3,3,-11,-21,-17,-43,-46,-7,-11,-32,-24,please
4.169461488723755,-3,13,1,21,13,6,0,-18,-27,-21,-11,-26,-27,-24,please
4.169461488723755,10,6,26,10,21,24,8,11,-15,-8,-15,-1,-18,4,please
4.185092687606812,2,6,26,15,14,28,16,16,8,9,0,14,10,10,please
4.185092687606812,-9,-1,-13,29,9,7,13,-9,20,20,10,-11,23,-1,please
4.201135158538818,-2,-3,4,5,9,1,-7,0,-13,-10,-14,-10,-9,3,please
4.201135158538818,2,8,25,14,6,20,12,3,-8,-5,-11,10,-10,8,please
4.216330528259277,4,2,-10,39,0,17,37,-10,32,28,13,1,20,9,please
4.216330528259277,4,-8,-7,16,-2,9,18,3,26,11,4,0,11,19,please
4.231841802597046,0,-6,11,1,0,15,2,15,4,1,0,9,-4,20,please
4.231841802597046,0,-8,10,6,-13,5,0,4,-11,9,-1,8,-9,11,please
4.2473578453063965,0,-10,12,1,-15,2,2,6,-19,-2,-15,1,-15,9,please
4.2473578453063965,-1,-11,-14,11,0,15,21,7,11,18,-5,-6,-1,12,please
4.263163328170776,2,-21,-28,-3,-2,0,5,8,29,34,1,-1,13,17,please
4.263163328170776,-1,-20,-11,-35,-12,-25,-24,13,11,-4,-11,7,10,11,please
4.278181552886963,-6,-3,-22,-29,-6,-32,-23,-4,14,-18,3,4,20,-8,please
4.278181552886963,2,1,-26,-30,-5,-30,-24,-12,6,-5,24,7,21,-15,please
4.293389797210693,4,5,-7,-38,-5,-18,-28,-3,-33,-28,6,3,-3,-21,please
4.293389797210693,-9,14,-6,-10,2,-8,-12,-12,-38,-42,-9,-17,-24,-32,please
4.30925178527832,-24,8,-2,5,9,2,3,-4,-12,-18,-17,-25,-31,-27,please
4.30925178527832,-23,-6,1,5,13,22,18,11,3,12,-26,-23,-26,-17,please
4.324384689331055,-7,-11,-2,11,9,17,29,4,13,20,-23,-26,-12,-5,please
4.324384689331055,0,-8,0,-1,-4,1,17,5,20,17,-11,-16,-3,10,please
4.340405464172363,6,-1,-2,-6,-3,8,9,3,27,28,-1,-1,10,15,please
4.340405464172363,21,8,1,10,8,8,7,0,26,27,12,19,28,15,please
4.355595588684082,27,19,15,11,6,-9,-5,-1,11,11,34,34,32,12,please
4.355595588684082,20,14,17,1,-3,-19,-19,-9,-9,2,42,23,24,0,please
4.371102571487427,12,8,22,-2,-9,-14,-15,-5,-18,-5,27,18,14,0,please
4.371102571487427,4,6,14,-7,-4,-7,-8,-1,-9,-20,5,19,2,0,please
4.3871777057647705,-3,5,-5,-8,0,-11,-15,-13,-19,-34,-11,4,-15,-13,please
4.3871777057647705,-11,9,1,6,0,-6,-14,-17,-35,-30,-9,-10,-23,-19,please
4.402483224868774,-13,14,12,25,5,15,0,-12,-26,-11,3,-8,-14,-9,please
4.402859926223755,-5,14,7,18,9,25,2,-1,-16,-6,-1,0,-14,2,please
4.417530536651611,-7,7,-1,8,9,8,-4,0,-14,-7,-13,-10,-23,0,please
4.417530536651611,-18,-6,-7,7,4,4,-1,-2,-9,-1,-20,-26,-28,-10,please
4.432987451553345,-14,-13,0,3,-1,26,14,8,0,5,-22,-18,-18,0,please
4.432987451553345,-1,-16,3,1,-2,30,31,18,21,25,-8,-3,5,20,please
4.448132753372192,2,-19,-2,4,1,13,26,21,35,36,0,-4,13,26,please
4.448132753372192,4,-16,-4,4,2,7,20,14,28,28,0,-2,13,21,please
4.463566541671753,0,-21,-11,-2,-12,-2,14,3,13,18,-6,4,17,15,please
4.463566541671753,0,-23,-12,-14,-22,-19,1,8,9,9,-4,7,16,12,please
4.479573965072632,5,-16,-11,-16,-8,-21,-2,9,25,0,12,9,19,9,please
4.479573965072632,9,-12,-14,-22,-8,-22,-7,3,30,0,15,14,22,7,please
4.495134353637695,13,-6,-9,-23,-15,-22,-17,-1,15,-5,7,19,19,2,please
4.495134353637695,24,5,6,-12,-4,-14,-18,-4,3,-18,20,21,20,-2,please
4.511199474334717,22,18,20,-1,2,-12,-14,-1,-5,-19,30,25,20,-3,please
4.511199474334717,3,17,7,0,1,-15,-14,-9,-20,-10,15,13,4,-14,please
4.526432991027832,-8,13,-4,-7,4,-11,-19,-21,-31,-27,-1,-6,-15,-25,please
4.542046070098877,2,23,11,2,14,2,-12,-11,-22,-31,4,-3,-14,-13,sil
4.542046070098877,11,33,27,35,26,9,-1,-2,-10,1,14,8,-7,-3,sil
4.542046070098877,0,26,19,37,29,4,3,-7,-16,15,0,-2,-16,-8,sil
4.558656692504883,-7,11,2,14,17,11,13,-15,-18,0,-12,-21,-21,-13,sil
4.558656692504883,-8,2,-3,3,3,25,14,-2,-11,0,-16,-24,-24,-11,sil
4.572821378707886,-15,-1,-9,1,1,19,8,10,0,7,-18,-18,-22,-5,sil
4.588066577911377,-18,-12,-20,-3,4,4,9,4,10,15,-27,-18,-18,0,sil
4.588066577911377,-18,-15,-15,-9,-4,0,0,0,0,7,-38,-27,-19,-1,sil
4.603249549865723,-27,-6,-13,-8,-13,-1,-9,1,-14,-7,-30,-37,-20,-14,sil
4.603249549865723,-33,-11,-25,-12,-8,6,1,1,-9,-12,-21,-37,-19,-20,sil
4.619297027587891,-20,-22,-17,-14,-7,18,13,5,9,5,-18,-16,-7,-9,sil
4.619297027587891,-2,-18,0,-12,-14,8,1,7,19,21,4,8,20,8,sil
4.635327100753784,-2,-11,0,-18,-16,-7,-10,5,5,9,21,16,29,18,sil
4.635327100753784,-1,-9,-4,-12,-12,-4,2,0,3,5,10,13,11,17,sil
4.651118040084839,21,0,8,4,-5,-1,17,6,23,13,10,25,15,25,sil
4.651118040084839,37,3,18,6,-5,-6,9,11,26,6,22,39,31,34,sil
4.6666576862335205,25,0,8,-2,-11,-8,-4,2,10,-2,18,29,28,23,sil
4.6666576862335205,24,7,14,6,-5,-6,-2,1,7,1,18,23,24,16,sil
4.682579517364502,32,16,19,21,11,-1,5,-3,17,5,32,29,26,14,sil
4.682579517364502,12,0,2,7,5,-9,-4,-14,0,-7,17,18,6,-4,sil
4.698117017745972,-11,-10,-8,-16,-7,-21,-23,-3,-20,-18,-6,3,-12,-21,sil
4.698117017745972,3,-2,-2,-9,3,-21,-14,6,-8,-12,12,10,3,-7,sil
4.713279962539673,24,12,15,13,17,-11,-4,2,-2,-10,30,16,11,6,sil
4.713279962539673,10,28,26,29,11,0,-5,-4,-15,-13,4,0,-10,-5,sil
4.728810548782349,-6,31,19,28,11,7,-5,-8,-23,-11,-21,-16,-33,-19,sil
4.728810548782349,-11,23,11,13,21,12,0,-12,-34,-12,-15,-22,-37,-23,sil
4.744517087936401,-25,5,-2,5,15,17,4,-15,-35,-12,-14,-34,-32,-27,sil
4.744517087936401,-28,-16,-15,5,3,22,14,0,-3,4,-32,-37,-24,-9,sil
4.759559631347656,-12,-23,-10,1,5,20,28,14,35,36,-22,-21,-3,19,sil
4.759559631347656,-8,-21,-6,-15,-4,6,25,13,39,37,-1,-9,12,23,sil
4.775428533554077,-8,-20,-12,-27,-22,-2,12,6,22,12,-6,-2,16,12,sil
4.775428533554077,3,-11,-16,-16,-14,-2,-1,-2,20,11,-3,5,25,11,sil
4.79170560836792,6,-3,-14,-11,-9,-13,-21,-2,11,5,4,9,27,7,sil
4.79170560836792,0,-4,-19,-19,-21,-23,-25,-3,-4,-17,5,5,11,-11,sil
4.807622909545898,0,0,-16,-17,-13,-12,-6,-5,-8,-25,15,6,-1,-19,sil
4.807622909545898,-1,14,5,-5,7,-3,-3,-1,-14,-22,15,10,-10,-15,sil
4.823277711868286,-8,11,10,5,6,-3,-18,-8,-31,-19,-6,-3,-21,-22,sil
4.823277711868286,-15,3,1,9,0,5,-21,-13,-40,-19,-19,-15,-30,-21,sil
4.838424444198608,-17,0,3,10,7,16,-10,-2,-23,-15,-12,-11,-26,-15,sil
4.838424444198608,-11,0,5,20,19,20,14,10,-1,5,-13,-12,-13,-7,sil
4.854377508163452,0,1,1,18,14,24,37,18,14,31,-19,-12,-1,15,sil
4.854377508163452,9,-7,-9,-11,-8,6,25,11,31,23,-9,0,10,26,sil
4.869418382644653,14,-22,-9,-30,-22,-14,0,6,30,4,0,12,20,19,sil
4.869418382644653,25,-5,6,-4,-2,-3,0,11,21,20,14,28,38,25,sil
4.885057210922241,35,17,12,7,10,0,-6,3,7,23,35,38,45,24,sil
4.885057210922241,26,14,11,-9,0,-21,-29,-5,-15,-8,36,29,20,2,sil
4.900515079498291,11,13,13,3,9,-12,-19,-8,-14,-13,25,10,-1,-11,sil
4.900515079498291,7,25,20,31,25,6,2,-4,4,1,14,1,-5,-8,sil
4.915784597396851,0,17,16,28,11,7,12,-3,3,3,6,-9,-4,-2,sil
4.915784597396851,-22,-13,-5,8,-7,9,16,-13,-8,-2,-9,-28,-16,-2,sil
4.931396722793579,-36,-33,-18,-10,-14,12,20,-8,-10,-6,-35,-30,-33,-3,sil
4.931396722793579,-24,-29,-18,-14,-17,0,25,4,2,1,-32,-16,-23,2,sil
4.946667671203613,-7,-17,-15,-10,-22,-17,16,11,13,13,-11,-9,-1,9,sil
4.946667671203613,0,-10,-10,-15,-22,-27,-5,6,10,0,-5,-1,1,3,sil
4.962001323699951,6,-4,-10,-15,-11,-26,-22,0,6,-18,2,17,6,0,sil
4.962001323699951,14,11,0,-6,0,-16,-27,4,1,-16,22,31,16,3,sil
4.978160381317139,12,27,13,7,7,-3,-20,1,-1,-8,31,23,13,-3,sil
4.978160381317139,6,29,17,13,11,0,-10,-11,-13,-18,21,8,0,-9,sil
4.993221282958984,8,28,16,18,16,12,-3,-11,-24,-22,7,-1,-9,-8,sil
4.993221282958984,0,20,11,26,17,26,2,-6,-17,-5,-1,-12,-13,-14,sil
5.008815050125122,-15,5,12,22,12,23,7,-4,-7,7,-10,-20,-19,-18,sil
5.008815050125122,-17,-5,7,11,9,16,13,0,4,11,-14,-16,-12,-6,sil
5.025513410568237,-11,-20,-10,-1,4,21,14,8,12,17,-26,-18,0,1,sil
5.025513410568237,-14,-34,-19,-20,-5,17,6,10,13,25,-31,-19,8,5,sil
5.040365219116211,-8,-32,-15,-28,-8,0,9,7,23,30,-11,-7,14,14,sil
5.040365219116211,9,-19,-7,-22,-4,-9,11,13,26,17,-1,4,17,18,sil
5.0555033683776855,12,-11,-6,-14,-9,-12,-1,9,11,7,0,6,20,11,sil
5.072026491165161,13,-3,-8,-11,-8,-16,-14,-1,-1,7,12,15,25,9,sil
5.072026491165161,23,12,0,-6,1,-15,-16,-2,-7,-9,27,31,20,7,sil
5.072026491165161,14,14,3,-8,-2,-18,-19,-13,-24,-39,16,21,0,-10,sil
5.087054491043091,-2,7,0,-19,-13,-17,-19,-19,-41,-44,-5,-4,-24,-21,sil
5.087054491043091,-1,19,7,4,0,0,0,-14,-32,-21,-6,-12,-34,-14,sil
5.102250576019287,0,23,21,42,11,12,12,-8,-19,-5,-2,-3,-27,-6,sil
5.102250576019287,-10,4,17,32,7,15,18,2,-13,1,-8,-1,-12,1,sil
5.11805272102356,-19,-6,-9,3,6,22,29,9,10,22,-8,-8,-1,10,sil
5.11805272102356,-17,-12,-18,-11,0,15,20,10,30,36,-7,-8,0,11,sil
5.13373589515686,0,-18,-5,-13,-11,-6,-5,9,35,28,0,2,14,12,sil
5.13373589515686,17,-9,-4,-9,-8,-19,-19,2,24,6,12,15,25,13,sil
5.14954686164856,5,3,-12,-9,0,-19,-26,-3,-5,-24,3,9,1,-6,sil
5.165231227874756,-7,6,-8,-7,2,-17,-26,-8,-15,-30,0,-5,-14,-31,sil
5.165231227874756,8,16,13,7,5,-14,-15,-1,-1,-9,20,3,3,-16,sil
5.181281328201294,18,28,25,22,9,-4,-6,6,6,1,32,17,11,6,sil
5.181281328201294,2,15,14,22,8,4,-4,2,0,-9,11,3,-4,0,sil
5.181281328201294,-2,0,12,19,3,16,2,0,-8,-8,-7,-7,-8,-6,sil
5.196826934814453,-5,-1,6,19,3,25,23,6,0,14,-4,-10,0,-1,sil
5.196826934814453,-17,-5,-8,5,1,22,32,8,4,16,-11,-15,-7,3,sil
5.2130186557769775,-17,-14,-15,-7,-2,18,31,8,0,4,-27,-18,-12,4,sil
5.228125810623169,-8,-24,-17,-9,-5,15,26,3,5,11,-28,-23,-9,3,sil
5.228125810623169,-10,-23,-16,-13,-12,9,15,1,17,18,-14,-18,-7,7,sil
5.244438886642456,-6,-19,-19,-20,-13,-1,4,-7,15,8,-5,-2,0,9,sil
5.244438886642456,1,-18,-15,-25,-6,-13,-8,-8,5,0,-10,0,3,8,sil
5.244438886642456,8,-5,0,-14,0,-16,-18,-2,9,1,1,0,13,8,sil
5.25862979888916,14,5,1,-2,2,-16,-19,-2,13,6,27,20,37,11,sil
5.274083852767944,15,10,5,-11,3,-19,-22,0,1,1,38,39,44,11,sil
5.274083852767944,17,24,17,-4,6,-17,-23,-1,-10,-6,33,29,24,0,sil
5.291496753692627,21,29,25,9,3,-17,-21,-12,-25,-21,18,13,1,-14,sil
5.291496753692627,11,18,23,6,-1,-14,-15,-13,-37,-25,0,10,-11,-15,sil
5.305393218994141,-2,15,16,4,2,3,-4,-8,-26,-11,0,8,-12,-13,sil
5.305393218994141,-4,17,16,17,9,17,2,0,-21,-18,-1,0,-19,-11,sil
5.320403099060059,-5,9,12,27,8,13,7,-1,-20,-21,-15,-8,-29,-9,sil
5.320403099060059,-8,-2,2,23,7,13,16,-2,-6,7,-20,-15,-24,-6,sil
5.336393356323242,-6,-10,0,12,8,22,25,9,7,21,-14,-15,-9,0,sil
5.336393356323242,-5,-15,-11,5,3,20,31,11,13,7,-10,-13,-6,7,sil
5.352283954620361,-10,-18,-25,-6,-7,9,21,9,14,7,-17,-15,-7,9,sil
5.352283954620361,-8,-17,-23,-13,-12,0,5,13,26,25,-13,-9,6,14,sil
5.367491245269775,1,-21,-17,-18,-9,-16,-9,11,34,19,-5,2,13,18,sil
5.367491245269775,2,-27,-24,-38,-14,-24,-22,6,20,-6,-10,0,4,4,sil
5.383372068405151,-5,-24,-36,-49,-21,-19,-23,-4,3,-17,-7,-7,1,-17,sil
5.383372068405151,0,5,-5,-15,-8,-11,-11,-6,-6,-8,13,3,2,-14,sil
5.398381471633911,10,32,33,27,10,0,6,-1,-7,0,29,14,5,1,sil
5.398381471633911,-2,10,17,16,10,10,11,-2,-9,-3,11,0,3,1,sil
5.413703203201294,-17,-19,-14,-11,-4,17,6,-5,-13,-7,-19,-23,-12,-7,sil
5.413703203201294,-13,-13,-12,-2,-8,12,8,-3,6,12,-20,-22,-8,-2,sil
5.429381370544434,0,4,5,9,-1,-5,3,9,28,26,5,9,21,14,sil
5.429381370544434,14,13,8,2,2,-22,-19,3,19,6,31,34,32,6,sil
5.445086479187012,16,18,8,1,2,-23,-38,-14,-9,-21,34,21,12,-18,sil
5.445086479187012,6,34,22,16,10,-9,-30,-11,-28,-29,20,10,-7,-22,sil
5.461422920227051,1,43,28,36,22,6,-7,-9,-25,-14,19,16,-11,-11,sil
5.461422920227051,1,29,24,35,15,18,8,-6,-26,-10,13,5,-17,-7,sil
5.477483034133911,0,10,14,25,9,24,18,0,-24,-6,-7,-13,-17,-2,sil
5.477483034133911,0,-5,-1,14,13,20,20,-1,-5,12,-17,-13,-6,8,sil
5.493514537811279,2,-16,-1,0,4,10,14,4,15,24,-9,0,2,20,sil
5.493514537811279,4,-16,2,-2,-6,3,11,7,23,18,-1,3,8,21,sil
5.509043455123901,-2,-19,-5,-3,-8,-5,8,0,0,1,-17,-8,-5,13,sil
5.509043455123901,-19,-25,-21,-14,-9,0,10,-4,-19,-5,-36,-24,-24,1,sil
5.525125741958618,-21,-24,-26,-17,-10,17,19,2,-2,2,-31,-23,-17,-5,sil
5.525125741958618,-6,-16,-14,-18,-8,12,14,15,20,13,-12,-4,6,1,sil
5.541223049163818,1,-16,-12,-21,-2,0,8,10,30,18,-1,5,19,17,sil
5.541223049163818,4,-11,-12,-14,2,2,5,8,31,16,-2,3,14,18,sil
5.556564092636108,8,0,-4,-12,0,-3,0,17,26,12,0,1,15,6,sil
5.556564092636108,9,0,-8,-22,-4,-24,-9,12,13,0,9,2,20,1,sil
5.572277545928955,10,0,-5,-22,-1,-26,-18,0,-6,-20,17,10,11,1,sil
5.572277545928955,13,4,6,-4,1,-15,-20,-4,-15,-20,23,14,4,-8,sil
5.587317705154419,5,-1,2,-13,-8,-20,-24,-3,-10,-10,12,5,6,-12,sil
5.587317705154419,-7,-10,-11,-40,-23,-33,-31,-10,-15,-16,-5,-4,-2,-15,sil
5.603021860122681,-8,-2,-8,-25,-22,-27,-31,-21,-27,-32,-3,-3,-15,-27,sil
5.603021860122681,2,17,18,18,-4,-7,-13,-10,-21,-34,14,12,-8,-21,sil
5.619100093841553,7,35,34,46,13,1,8,0,8,1,27,18,9,1,sil
5.619100093841553,2,34,22,38,10,2,8,-1,12,24,12,1,3,3,sil
5.634356737136841,-2,27,14,25,0,11,-1,-6,-15,-5,-9,-14,-23,-11,sil
5.634356737136841,0,25,15,33,9,18,3,-12,-19,-12,-1,-6,-22,-10,sil
5.650368928909302,3,18,17,35,25,20,12,-1,-1,26,13,5,0,5,sil
5.650368928909302,-6,-3,2,21,19,33,13,1,0,25,0,-3,-1,4,sil
5.666427135467529,-13,-22,-12,5,1,32,17,-4,-8,-11,-23,-17,-18,-4,sil
5.666427135467529,-4,-11,-5,-1,0,18,25,8,8,0,-15,-4,-4,10,sil
5.682161092758179,-2,-2,-4,-1,8,16,30,17,28,28,1,6,13,21,sil
5.682161092758179,-9,-18,-11,0,2,9,16,4,7,11,-8,-2,3,11,sil
5.697265386581421,0,-22,-10,0,-6,-4,0,-8,-2,4,-14,-4,3,7,sil
5.697265386581421,7,-12,-10,-6,-4,-6,-6,-6,11,23,-3,3,9,12,sil
5.713046312332153,-4,-13,-13,-22,-3,-4,-4,6,12,11,-3,2,1,4,sil
5.713046312332153,-10,-21,-19,-34,-10,-12,-7,2,-4,-26,-8,-3,-4,-12,sil
5.728200197219849,0,-11,-11,-34,-14,-21,-21,-1,-23,-51,-6,0,-7,-17,sil
5.728200197219849,10,10,6,-12,-5,-24,-23,-1,-20,-39,0,7,-4,-12,sil
5.7434515953063965,5,20,16,10,4,-8,-7,0,4,-3,7,0,4,-4,sil
5.7434515953063965,-8,11,9,14,8,17,10,6,11,25,5,-14,1,2,sil
5.758586406707764,-14,-4,-4,18,6,23,22,11,6,40,-1,-19,-5,4,sil
5.758586406707764,-2,-14,-9,7,0,3,14,10,11,33,-8,-11,4,9,sil
5.773558139801025,8,-12,-13,-16,-8,-12,-8,4,12,15,-2,2,19,17,sil
5.773558139801025,11,-6,-12,-15,-9,-16,-21,-4,-1,-6,6,17,20,16,sil
5.789057493209839,17,9,7,0,-1,-8,-10,0,-3,-21,13,29,13,10,sil
5.789057493209839,18,17,12,-5,1,-5,6,4,20,-10,25,24,14,5,sil
5.805152416229248,11,7,1,-21,-5,-17,0,0,16,-3,17,9,7,-1,sil
5.805152416229248,5,5,5,-9,-4,-16,-13,-4,-9,-8,1,-1,-1,-13,sil
5.821213245391846,-7,7,7,2,-2,-11,-13,-10,-17,-5,0,-8,-10,-20,sil
5.821213245391846,-17,6,4,0,-5,-18,-24,-15,-22,-7,1,-5,-18,-16,sil
5.836768388748169,-2,16,10,12,9,-4,-24,-17,-24,-8,6,0,-11,-12,sil
5.836768388748169,7,20,15,19,28,27,4,-8,-10,-1,7,-1,-3,-7,sil
5.852567195892334,-11,3,4,8,16,35,30,-1,-5,-1,-14,-15,-16,-3,sil
5.852983236312866,-22,-11,-4,7,0,21,26,-1,-9,0,-32,-25,-22,-3,sil
5.868039846420288,-8,-10,1,6,0,23,25,13,8,17,-16,-12,-3,6,sil
5.868039846420288,-2,-13,-5,-3,2,32,35,19,32,31,0,-2,7,17,sil
5.883207559585571,-9,-19,-20,-11,-5,15,21,6,24,12,-20,-20,-7,7,sil
5.883207559585571,-7,-10,-13,0,-13,-6,0,4,12,-4,-35,-28,-16,-4,sil
5.898427248001099,2,-8,-9,8,-7,-9,0,7,21,5,-11,-4,0,0,sil
5.898427248001099,14,-16,-6,-1,-4,-6,0,6,18,8,14,21,20,11,sil
5.91417932510376,15,-8,0,-7,-6,-16,-11,-2,1,-3,31,33,30,9,sil
5.91417932510376,12,8,6,0,-6,-29,-24,-9,-19,-18,43,40,27,2,sil
5.929496765136719,16,22,18,9,-3,-24,-31,-5,-29,-25,37,42,19,1,sil
5.945486068725586,21,26,24,16,0,-18,-24,-8,-20,-22,25,26,7,-2,sil
5.945486068725586,4,19,17,10,0,-19,-18,-13,-27,-30,9,5,-21,-14,sil
5.945486068725586,-8,13,13,16,0,-12,-16,-10,-38,-26,4,0,-26,-17,sil
5.961115121841431,0,18,23,34,10,2,-9,1,-25,-9,5,8,-3,-1,sil
5.977047443389893,0,10,15,25,17,14,5,-1,-13,0,-1,3,-3,3,sil
5.977047443389893,-16,-14,-11,-5,2,20,20,-10,-2,9,-17,-16,-15,-1,sil
5.977047443389893,-14,-19,-10,-11,-4,20,18,4,11,18,-19,-20,-4,6,sil
5.993219375610352,0,-3,0,9,9,21,21,18,20,20,-13,-10,3,15,sil
5.993219375610352,3,-6,-5,14,9,26,26,12,25,24,-17,-4,0,10,sil
6.008313894271851,0,-12,-8,-3,-3,27,23,8,36,32,-24,-11,2,7,please
6.008313894271851,-12,-19,-28,-32,-2,8,13,5,31,29,-35,-32,-1,0,please
6.029409646987915,-25,-29,-52,-56,-8,-14,-1,5,5,4,-42,-40,-7,-8,please
6.029409646987915,-17,-16,-40,-44,-18,-18,-16,-2,-5,-13,-21,-26,2,-11,please
6.040558099746704,-4,-6,-24,-30,-6,-16,-14,-9,5,-10,-11,-19,2,-13,please
6.040558099746704,-1,-15,-26,-51,3,-13,-1,8,20,0,-17,-17,-6,-5,please
6.054574251174927,7,-11,-21,-52,0,-6,2,17,26,8,2,-6,10,7,please
6.054574251174927,18,5,1,-25,-2,-5,-6,4,24,16,32,12,29,15,please
6.070434331893921,14,10,13,-10,1,-12,-16,-6,12,12,39,24,15,6,please
6.086076021194458,0,13,16,6,7,-10,-20,-12,-16,-14,27,11,-8,-12,please
6.086076021194458,-5,29,29,42,17,6,-10,-7,-37,-32,11,-5,-17,-17,please
6.102209568023682,0,37,35,59,23,13,0,-8,-29,-11,24,4,-8,-4,please
6.102209568023682,4,28,37,44,10,0,-3,-13,-33,-4,46,25,-3,0,please
6.118062734603882,-3,15,36,40,-3,0,0,-8,-33,-14,27,17,-10,-6,please
6.118062734603882,-8,0,27,50,-12,15,21,3,-7,-1,-6,4,-15,2,please
6.133247375488281,0,-8,23,38,-15,17,26,13,9,25,-4,19,-4,23,please
6.133247375488281,13,-11,8,13,-4,6,21,7,17,28,6,32,14,23,please
6.149320602416992,21,-10,-2,5,0,-2,9,1,19,0,-4,30,20,14,please
6.149320602416992,24,-6,6,7,-12,-14,-9,0,10,-22,0,33,20,13,please
6.165380477905273,22,-11,2,0,-14,-28,-21,-5,-2,-16,12,27,20,7,please
6.165380477905273,11,-9,-10,-17,-7,-32,-21,-6,-17,-11,-3,9,11,-4,please
6.18141508102417,-1,0,-13,-21,-5,-19,-18,-9,-23,-21,-18,-9,-3,-16,please
6.18141508102417,-6,3,-15,-17,-3,-1,-11,-4,-17,-28,-16,-21,-11,-21,please
6.18141508102417,-9,10,-16,-16,2,10,7,7,0,-12,-5,-19,-3,-11,please
6.196552753448486,-20,15,-15,-8,8,13,12,2,11,0,-1,-19,-3,-8,please
6.196552753448486,-27,7,-11,0,11,15,0,-5,-2,-11,-18,-35,-28,-19,please
6.211245059967041,-18,3,-9,7,15,19,0,-2,-9,0,-29,-39,-33,-13,please
6.2264723777771,-8,0,-1,10,11,18,9,8,6,29,-17,-22,-8,6,please
6.2264723777771,-8,-14,0,6,4,14,10,13,13,31,-15,-17,0,7,please
6.242307662963867,-12,-24,-14,-4,3,12,10,5,10,33,-16,-20,-3,4,please
6.242307662963867,-11,-26,-21,-19,0,16,12,7,18,39,-12,-12,0,15,please
6.257949352264404,-1,-22,-13,-25,-2,13,15,9,35,27,-10,-6,9,17,please
6.257949352264404,10,-14,-7,-27,-10,-7,10,10,38,11,-1,3,16,12,please
6.273194551467896,14,-2,1,-29,-16,-25,-2,6,21,2,15,19,17,11,please
6.273194551467896,15,0,0,-25,-11,-28,-20,-12,-8,-20,15,14,8,-1,please
6.288356781005859,13,-2,-7,-26,-9,-30,-44,-21,-38,-50,6,7,-3,-17,please
6.288356781005859,9,7,5,-14,-6,-22,-38,-12,-29,-35,24,25,2,-16,please
6.304203748703003,16,27,25,12,8,-5,-10,-2,-8,-4,38,33,12,-7,please
6.304203748703003,19,35,25,24,16,0,-3,-3,-22,-13,26,11,0,-9,please
6.319309234619141,2,27,15,27,9,0,0,-13,-38,-27,18,-2,-10,-17,please
6.319309234619141,-9,18,22,37,10,8,18,-2,-20,-4,11,0,-2,-10,please
6.334440231323242,-8,12,16,41,18,22,28,7,0,20,-5,-4,-6,2,please
6.334440231323242,-12,-1,-7,23,9,25,23,3,5,14,-18,-15,-17,9,please
6.350054264068604,-12,-12,-6,11,-4,19,23,6,15,12,-12,-4,-6,14,please
6.350054264068604,-4,-11,1,13,-2,13,21,6,26,29,-3,6,7,15,please
6.365302801132202,-7,-7,-6,1,0,12,10,2,17,24,-12,0,0,13,please
6.365302801132202,-11,-10,-14,-5,-5,6,9,5,15,15,-19,-11,-2,9,please
6.381520748138428,-3,-17,-8,-9,-7,-9,5,5,22,15,-13,-8,7,8,please
6.381520748138428,0,-15,-2,-28,-9,-16,-15,-1,12,-1,-11,-2,1,2,please
6.39743971824646,-6,-6,-14,-33,-13,-12,-26,-7,1,-12,-7,-3,-2,-8,please
6.39743971824646,-6,-8,-16,-21,-15,-17,-19,1,3,-5,3,0,11,-2,please
6.41355299949646,8,-8,2,-14,-6,-15,-4,15,21,6,23,15,28,15,please
6.41355299949646,29,4,14,-2,7,-5,4,15,28,18,34,29,37,20,please
6.4290525913238525,23,16,14,12,11,-5,-4,2,-4,1,14,19,17,1,please
6.4290525913238525,-4,5,1,8,0,-13,-21,-19,-40,-37,-10,-10,-22,-23,please
6.445009469985962,-6,-2,0,0,-4,-9,-22,-18,-41,-50,-11,-10,-32,-27,please
6.445009469985962,19,13,16,9,6,4,-5,1,-20,-25,10,19,0,-7,please
6.461395263671875,22,19,17,21,10,7,-2,0,-11,-18,19,18,10,0,sil
6.461395263671875,0,3,1,11,1,1,-14,-15,-27,-33,-1,-11,-18,-11,sil
6.476795196533203,-14,-4,-9,3,0,4,-6,-14,-31,-13,-18,-25,-27,-18,sil
6.476795196533203,-15,-2,-8,4,-1,8,7,2,-13,17,-17,-23,-18,-11,sil
6.492329359054565,-14,6,-1,9,-5,8,10,4,-5,11,-16,-25,-19,-2,sil
6.492329359054565,-21,0,-8,9,-3,17,17,-9,-8,0,-16,-24,-16,-3,sil
6.507721662521362,-26,-16,-20,-4,-1,24,30,5,7,13,-20,-18,-8,0,sil
6.507721662521362,-8,-16,-17,-14,-1,10,27,19,37,29,-23,-7,-2,11,sil
6.523300886154175,6,-7,-9,-24,-4,-8,2,8,38,27,-5,15,11,14,sil
6.523300886154175,10,-3,-1,-29,-3,-8,-11,3,25,20,24,36,30,10,sil
6.539325475692749,23,13,14,-4,9,0,-2,2,16,15,35,32,31,11,sil
6.539325475692749,32,34,33,25,24,2,4,0,-1,5,26,20,13,13,sil
6.55443000793457,12,23,22,29,22,6,7,0,-2,6,18,5,0,7,sil
6.55443000793457,-10,-7,1,12,2,6,7,0,8,9,-1,-19,-10,2,sil
6.570502758026123,-20,-26,-16,-6,-14,0,1,2,3,9,-25,-32,-18,-1,sil
6.570502758026123,-24,-35,-38,-28,-17,-11,0,2,9,9,-25,-25,-9,-7,sil
6.585644245147705,-14,-35,-30,-39,-16,-21,1,6,23,3,-10,-7,6,0,sil
6.585644245147705,5,-15,-4,-26,-14,-17,-4,6,21,-2,8,11,26,6,sil
6.601309061050415,12,6,2,-8,-9,-10,-15,1,0,-9,22,25,28,3,sil
6.601309061050415,10,25,13,2,-1,-12,-21,-3,-14,-20,27,30,15,2,sil
6.617225408554077,16,33,29,18,7,-20,-10,-11,-20,-25,29,28,13,4,sil
6.617225408554077,23,27,29,25,14,-12,-5,-5,-25,-18,24,24,9,3,sil
6.633367776870728,10,16,14,23,15,10,-5,-2,-27,-6,5,4,-5,-2,sil
6.633367776870728,-12,5,0,17,12,9,-8,-14,-25,-12,-16,-21,-20,-15,sil
6.648988723754883,-17,8,2,13,10,-1,-8,-9,-16,-21,-12,-15,-21,-17,sil
6.648988723754883,-1,13,12,20,8,10,3,-1,-6,-3,2,-2,-14,-7,sil
6.664448261260986,-2,-1,2,14,0,25,15,-1,-10,4,-19,-22,-20,-6,sil
6.664448261260986,-17,-23,-17,0,-8,24,15,-1,-3,1,-42,-42,-29,-10,sil
6.6799914836883545,-13,-25,-16,-3,-8,23,13,7,19,10,-26,-19,-18,0,sil
6.6799914836883545,0,-15,-2,-8,-4,19,16,13,31,23,-11,5,-2,11,sil
6.695584535598755,-2,-23,-11,-20,-5,2,5,5,31,19,-13,-2,3,1,sil
6.695584535598755,-5,-27,-19,-29,-8,-14,-13,2,15,0,-17,-10,4,-5,sil
6.711208581924439,2,-4,-8,-19,-5,-16,-11,-2,-8,-14,-2,4,10,0,sil
6.711208581924439,13,10,3,-8,-3,-15,-3,-12,-15,-12,24,18,16,1,sil
6.726412534713745,14,18,16,0,0,-12,-11,-6,-14,-6,39,20,13,-5,sil
6.726412534713745,0,33,13,20,12,2,-5,-3,-20,-6,18,8,0,-10,sil
6.742167472839356,-15,17,-3,20,8,14,9,-2,-28,-12,-21,-12,-27,-7,sil
6.742167472839356,-11,-15,-9,-8,-11,3,15,10,-2,8,-22,-14,-20,5,sil
6.757807731628418,5,-18,-3,-20,-13,-10,15,20,37,40,4,6,22,29,sil
6.757807731628418,12,-7,0,-13,-6,-10,12,21,40,32,8,24,41,35,sil
6.773595809936523,17,-6,-3,-15,-13,-17,0,10,26,15,22,33,35,21,sil
6.773595809936523,29,1,5,-11,-10,-30,-23,-4,13,6,51,38,30,9,sil
6.789254426956177,15,17,17,19,10,-12,-23,-13,-8,-13,30,12,10,-3,sil
6.789254426956177,-19,11,4,32,14,9,-6,-10,-19,-23,-14,-23,-24,-23,sil
6.804455280303955,-29,7,-2,10,0,16,-4,-3,-15,-20,-21,-27,-41,-28,sil
6.804455280303955,-17,13,0,10,7,22,0,-7,-10,-4,-13,-22,-27,-18,sil
6.820502758026123,-8,4,0,21,21,29,17,2,0,17,-13,-14,-3,5,sil
6.8364667892456055,0,-16,-6,3,8,20,21,13,16,23,-9,-1,12,24,sil
6.8364667892456055,2,-29,-21,-24,-9,-5,0,1,14,3,-7,-4,16,12,sil
6.852105379104614,0,-18,-16,-34,-11,-26,-21,-9,-4,-17,-5,-7,9,-9,sil
6.852105379104614,2,12,1,-11,3,-23,-24,-12,-14,-28,5,1,-2,-20,sil
6.852105379104614,13,31,15,13,16,-9,-10,-10,-20,-31,6,5,-15,-18,sil
6.867685794830322,10,27,22,17,14,-1,1,-3,-21,-13,8,8,-12,-11,sil
6.867685794830322,-4,13,12,19,5,3,8,-7,-16,0,12,0,-7,-9,sil
6.883853435516357,-17,3,1,20,0,15,16,0,-18,-6,-12,-18,-23,-11,sil
6.883853435516357,-9,-7,0,9,-1,24,28,9,1,4,-26,-16,-19,1,sil
6.898481369018555,5,-25,-1,-3,-7,18,29,12,27,27,-8,0,5,22,sil
6.914010047912598,9,-23,-3,-8,-6,8,23,14,32,32,4,6,19,30,sil
6.914010047912598,5,-17,-10,-17,-6,-6,5,9,27,24,0,4,20,19,sil
6.914010047912598,6,-17,-11,-36,-17,-26,-21,3,11,6,2,7,18,5,sil
6.929374933242798,5,0,-8,-29,-12,-24,-25,-1,-6,-9,17,15,14,-5,sil
6.945427417755127,0,21,2,-5,0,-7,-18,-13,-15,-19,15,12,2,-15,sil
6.945427417755127,3,18,18,10,0,1,-20,-9,-15,-20,-4,3,-12,-14,sil
6.961197376251221,0,7,18,19,1,4,-14,-5,-15,-4,-13,-8,-18,-7,sil
6.961197376251221,-15,3,7,18,10,16,0,0,-17,6,-9,-10,-17,0,sil
6.976366996765137,-14,-1,-7,13,8,29,13,5,2,10,-6,-9,-9,3,sil
6.976366996765137,-4,-12,-17,0,-6,14,23,10,25,9,-12,-11,1,10,sil
6.991471529006958,-4,-17,-12,-17,-16,-14,12,8,19,2,-14,0,9,17,sil
6.991471529006958,3,-17,-9,-21,-14,-24,0,1,16,4,5,16,25,16,sil
7.007081031799316,15,-8,-3,-17,-10,-17,-7,4,17,-1,14,20,27,9,sil
7.007081031799316,8,5,-2,-8,-4,-15,-15,0,1,-12,11,17,10,-5,sil
7.023033857345581,0,9,-4,0,1,-21,-22,-12,-15,-16,26,15,0,-16,sil
7.023033857345581,3,17,10,7,6,-9,-16,-9,-22,-11,38,16,6,-7,sil
7.038195848464966,2,25,15,22,14,7,-6,-11,-23,-5,16,3,3,-4,sil
7.038195848464966,-1,14,6,22,17,3,-9,-7,-28,-15,-11,-14,-19,-12,sil
7.053708791732788,-5,7,9,28,12,8,0,0,-14,-8,-8,-19,-25,-15,sil
7.053708791732788,-9,8,14,35,12,33,22,0,4,14,-9,-20,-15,-6,sil
7.069488525390625,-9,-5,6,5,8,38,36,8,11,18,-30,-19,-16,4,sil
7.069488525390625,-3,-22,-9,-14,-3,22,37,15,23,21,-25,-13,-11,12,sil
7.085251331329346,0,-17,-11,-3,-9,6,22,7,28,24,-11,-7,1,16,sil
7.085251331329346,0,-9,-12,-6,-5,-4,7,3,12,9,-11,-4,8,8,sil
7.101362943649292,1,-14,-22,-24,-1,-13,-1,3,1,-5,-6,0,7,-3,sil
7.101362943649292,2,-8,-8,-27,-2,-21,-23,0,-4,-16,0,4,3,-7,sil
7.116497278213501,0,5,1,-18,-2,-28,-30,-10,-12,-18,6,0,3,-8,sil
7.116497278213501,5,19,2,-5,4,-12,-13,-5,-14,-12,21,4,3,-6,sil
7.132165908813477,9,28,11,9,13,6,-5,-6,-13,-12,18,6,-6,-8,sil
7.132165908813477,-6,13,6,12,6,0,-10,-25,-22,-12,-6,-12,-23,-15,sil
7.148203134536743,-11,-2,3,10,-2,3,-4,-9,-11,5,-16,-15,-19,0,sil
7.148203134536743,6,-2,4,18,-1,18,11,16,28,38,8,6,17,26,sil
7.163438558578491,16,-8,0,0,-5,-2,7,18,38,43,23,22,38,33,sil
7.163438558578491,6,-15,-8,-27,-11,-18,0,11,16,19,10,19,26,22,sil
7.179144859313965,0,-13,-15,-25,-12,-13,1,1,4,-5,-1,6,15,-1,sil
7.179144859313965,-2,-5,-8,-27,-16,-19,-10,1,-12,-30,-6,3,1,-15,sil
7.194221496582031,-4,0,-2,-23,-9,-10,-9,0,-20,-40,-3,0,-12,-19,sil
7.194221496582031,-11,5,2,-1,4,8,5,-6,-16,-30,-6,-9,-21,-25,sil
7.20984959602356,-8,14,20,24,10,15,11,-5,-16,-8,-1,-4,-19,-17,sil
7.20984959602356,2,15,22,37,14,22,15,-6,-3,11,5,0,-9,2,sil
7.225050210952759,-3,-4,12,25,10,28,14,3,10,11,-14,-10,-11,9,sil
7.225050210952759,-14,-19,-5,11,-5,17,10,8,21,17,-26,-20,-8,-1,sil
7.241121768951416,0,-16,-9,6,-8,8,5,5,29,27,-6,-3,8,7,sil
7.241121768951416,23,-6,3,5,0,6,0,11,30,22,15,24,27,31,sil
7.256984233856201,26,0,0,11,-3,-13,-9,1,14,7,30,36,31,25,sil
7.256984233856201,18,7,1,10,-1,-29,-23,-10,-8,-10,34,34,22,9,sil
7.273030042648315,14,13,9,10,7,-19,-27,-11,-14,-15,35,26,16,2,sil
7.273030042648315,8,13,14,12,8,-10,-24,-8,-23,-17,23,11,5,-8,sil
7.288832664489746,-5,9,6,12,6,-5,-14,-10,-35,-22,-1,-7,-13,-19,sil
7.288832664489746,-16,2,1,5,4,0,-2,-7,-36,-20,-19,-17,-28,-7,sil
7.304361581802368,-14,1,7,4,3,11,9,5,-22,-3,-22,-19,-23,4,sil
7.304361581802368,-11,-5,-32,12,7,15,30,-6,14,30,-16,-37,-6,-7,sil
7.319998502731323,-11,-15,-25,-34,-6,0,10,10,8,11,-38,-26,-17,1,sil
7.319998502731323,-6,8,42,-65,-19,9,-6,50,-9,-14,-45,17,-15,20,sil
7.335699319839477,-5,14,-21,-11,0,14,15,-4,33,27,-6,-10,23,-14,sil
7.335699319839477,-9,-21,-77,-25,-1,-30,-4,-36,22,11,-17,-48,3,-35,sil
7.351506948471069,-2,-18,-8,-76,-18,-36,-25,4,-23,-47,-34,-13,-28,-19,sil
7.351506948471069,1,9,-6,-35,-2,-5,-4,-7,-5,-30,0,-1,-3,-24,sil
7.367549896240234,-2,1,-18,0,3,-10,-15,-23,-7,-16,7,-12,-7,-26,sil
7.367549896240234,-8,-3,16,0,-3,-5,-12,-3,-24,-25,0,-7,-28,-15,sil
7.383457660675049,-6,0,10,20,11,25,30,2,6,5,23,-6,-3,-4,sil
7.383457660675049,-2,0,23,31,18,38,28,20,18,28,22,11,6,20,sil
7.398391485214233,-8,-2,23,39,13,38,17,17,17,33,18,19,3,25,sil
7.398391485214233,0,-9,-17,49,11,19,24,-3,30,39,26,0,16,10,sil
7.414348363876343,22,2,54,24,-1,8,5,34,8,17,2,33,6,36,sil
7.414348363876343,19,17,42,50,2,23,25,15,30,41,22,41,29,35,sil
7.429476022720337,3,-16,-84,53,4,-15,27,-49,52,54,54,-7,53,2,sil
7.429476022720337,9,-20,35,-45,-28,-40,-43,27,-27,-30,-5,36,-6,30,sil
7.445076704025267,10,26,85,-20,-13,21,-9,41,-11,-14,-5,49,3,31,sil
7.445076704025267,9,7,-82,49,18,9,42,-55,49,46,34,-26,56,-7,sil
7.460160970687866,14,-14,-13,-33,-16,-48,-37,-7,-28,-27,-18,0,0,8,sil
7.460160970687866,0,7,46,-46,-30,-29,-55,11,-52,-49,-25,20,-22,2,sil
7.475839138031006,0,2,-44,6,0,-17,-14,-37,-10,-17,3,-13,8,-25,sil
7.475839138031006,16,3,4,-14,7,-14,-17,11,-25,-37,-15,8,-5,-6,sil
7.491414546966553,3,5,20,-26,0,-1,-7,13,-17,-24,-11,3,-7,-13,sil
7.491414546966553,-18,-13,-26,-31,-10,-18,-13,-21,-18,-19,-8,-26,-10,-37,sil
7.507274627685547,-20,-1,-3,-26,-2,-9,-16,-2,-30,-27,-26,-21,-30,-29,sil
7.507274627685547,-10,16,2,0,19,19,9,0,-3,-2,-15,-19,-20,-17,sil
7.524481058120727,-1,16,0,6,21,18,9,-1,5,0,-3,-13,-11,-6,sil
7.524481058120727,-1,13,6,14,14,8,1,0,1,-8,-7,-14,-20,-8,sil
7.5379884243011475,-10,1,-7,11,0,7,6,-5,4,-2,-15,-26,-24,-17,sil
7.5379884243011475,-9,-9,-10,0,-4,14,13,8,10,13,-6,-11,-6,0,sil
7.554031848907471,3,0,9,15,10,20,21,20,20,36,16,6,13,26,sil
7.554031848907471,10,4,13,26,13,6,15,9,22,42,17,8,12,26,sil
7.568055152893066,0,-11,0,4,-11,-7,2,-10,1,14,-4,9,-1,8,sil
7.568055152893066,-9,-12,-5,2,-12,2,9,-12,-4,-5,-10,3,-6,2,sil
7.584083557128906,-3,0,0,15,2,11,21,9,18,11,2,-3,3,10,sil
7.584083557128906,1,-5,0,0,-7,0,10,22,28,23,10,10,13,16,sil
7.599324464797974,-4,-14,-11,-20,-19,-10,-8,4,8,4,9,16,14,12,sil
7.599324464797974,-3,-14,-15,-17,-16,-15,-23,-13,-13,-13,1,5,9,-3,sil
7.616411924362183,1,-14,-6,-14,-12,-15,-28,-11,-27,-24,-5,1,3,-15,sil
7.616411924362183,1,-7,-5,-10,0,-2,-10,-1,-23,-22,7,5,3,-15,sil
7.631509065628052,5,16,14,15,15,11,12,6,-5,-8,28,12,2,-7,sil
7.631509065628052,7,24,21,37,15,8,13,0,4,0,19,3,-4,-3,sil
7.647306203842163,1,5,5,23,7,0,-4,-10,0,3,-4,-8,-6,0,sil
7.647306203842163,0,0,8,3,11,17,2,0,-5,14,-5,-4,4,12,sil
7.663262605667114,0,-8,-5,-6,5,20,20,6,2,19,0,-6,7,10,sil
7.663262605667114,-7,-20,-26,-32,-15,-5,-2,4,8,0,-12,-15,-6,-4,sil
7.678322076797485,-8,-5,-15,-33,-13,-17,-16,3,17,-3,-5,-4,2,-1,sil
7.69402289390564,11,16,7,-13,0,-15,-4,0,12,-1,20,13,18,8,sil
7.69402289390564,20,27,20,3,3,-15,-3,-3,-9,-17,12,11,0,-4,sil
7.69402289390564,2,23,10,25,8,-8,-6,-6,-14,-19,-15,-10,-24,-19,sil
7.709234476089477,-9,1,0,13,10,0,-2,-2,-2,0,-26,-15,-17,-1,sil
7.724373817443848,-4,-15,-7,-11,7,7,7,12,24,29,-11,2,8,19,sil
7.724373817443848,2,-8,0,0,3,16,16,20,46,41,2,9,19,21,sil
7.740458726882935,2,-5,5,1,-5,10,15,12,35,19,-5,1,7,14,sil
7.740458726882935,-1,-15,-16,-28,-16,-9,2,-8,0,-10,-18,-3,0,-1,sil
7.756656885147095,0,-7,-13,-30,-13,-15,-6,-20,-25,-30,-13,10,0,-9,sil
7.756656885147095,19,11,17,0,0,-12,-9,-6,-23,-34,10,33,9,0,sil
7.772854328155518,29,13,15,1,-2,-17,-16,0,-20,-26,30,30,16,3,sil
7.772854328155518,1,5,5,-10,-8,-13,-26,-9,-44,-22,13,4,2,-4,sil
7.787447214126587,-14,7,6,10,0,-3,-18,-12,-49,-12,-6,-18,-11,-11,sil
7.787447214126587,1,13,13,33,14,-1,0,2,-10,6,4,-7,-5,-5,sil
7.803003072738647,9,13,11,24,15,4,6,11,22,22,27,4,0,0,sil
7.803003072738647,-6,7,2,16,13,17,5,3,21,20,22,-12,-12,-2,sil
7.818080186843872,-18,0,0,20,7,20,13,-1,9,4,-1,-23,-23,-8,sil
7.818080186843872,-22,-11,-15,11,-4,17,22,-2,8,3,-12,-21,-15,-17,sil
7.833291053771973,-22,-16,-19,-4,-5,14,8,-2,-5,3,-15,-21,-9,-15,sil
7.833291053771973,-16,-7,-3,0,-1,13,-2,-4,-31,-12,-20,-17,-15,-8,sil
7.849386930465698,-7,0,-3,9,-4,8,8,-4,-26,-11,-11,-5,-11,0,sil
7.849386930465698,1,-5,-3,-1,-8,0,4,2,0,13,2,5,6,10,sil
7.865142583847046,5,-6,-3,-3,-6,-4,-12,4,13,27,-2,-2,10,8,sil
7.865142583847046,-1,-8,-6,0,0,2,-3,3,14,11,-22,-10,-4,0,sil
7.8802313804626465,-4,-13,-3,-8,4,8,18,10,19,0,-21,1,-3,4,sil
7.8802313804626465,0,-11,-10,-25,-3,-1,17,10,20,2,-3,7,13,9,sil
7.895345449447632,0,-8,-12,-27,-13,-18,0,3,10,-8,-4,7,10,5,sil
7.895345449447632,1,-7,-3,-11,-4,-15,-9,0,7,-16,-6,5,0,4,sil
7.91144061088562,8,-6,1,-5,2,0,-2,6,14,2,14,10,12,13,sil
7.91144061088562,13,0,5,-5,-1,0,2,10,19,17,29,23,25,16,sil
7.927269220352173,17,11,5,11,2,-13,0,0,16,9,18,25,19,10,sil
7.927269220352173,17,11,2,-3,7,-15,-10,-6,0,-9,3,15,6,1,sil
7.942525625228882,8,-3,-6,-44,-6,-12,-18,0,-5,-16,2,0,3,-3,please
7.942525625228882,3,0,-4,-25,-13,-20,-23,-1,0,-12,11,-1,2,-5,please
7.958515405654907,12,21,13,17,0,-17,-16,-4,3,-7,19,16,2,-6,please
7.958515405654907,2,20,9,17,8,5,2,0,0,-3,20,15,4,-6,please
7.973467826843262,-21,0,0,7,9,20,13,-7,-19,-5,1,-17,-10,-11,please
7.973467826843262,-13,5,6,21,18,16,13,-20,-34,0,-12,-23,-23,-16,please
7.988991498947143,11,26,21,30,24,7,1,-15,-28,10,4,8,-3,-1,please
7.988991498947143,12,29,25,23,13,8,-11,0,-18,5,16,12,12,16,please
8.005033493041992,-5,9,6,13,1,13,-4,1,-8,-1,-8,-18,0,9,please
8.005033493041992,-16,-8,-5,3,-2,4,6,1,0,5,-25,-20,-11,-11,please
8.02046275138855,-9,-7,1,3,0,-2,1,7,8,13,-11,-7,-12,-14,please
8.02046275138855,1,-3,5,3,1,0,-7,3,12,7,-5,-13,-8,0,please
8.042212724685669,1,-13,2,-6,-8,0,0,0,4,3,-13,-15,-6,4,please
8.042212724685669,-5,-18,-5,-7,-20,-4,16,2,0,11,-10,-10,-7,-2,please
8.042212724685669,-8,-11,-6,-4,-8,3,21,0,-7,0,-5,-7,-12,-6,please
8.052817583084106,-4,-7,-9,-10,0,13,21,-1,-10,-13,-10,-4,-8,0,please
8.06818962097168,-1,-15,-20,-13,-17,1,20,5,0,0,-10,0,0,5,please
8.06818962097168,-4,-19,-16,-10,-24,-10,9,8,7,6,-3,1,5,6,please
8.083360433578491,-3,-13,-12,-5,-2,0,3,6,19,-1,0,5,18,11,please
8.083360433578491,4,-3,-10,-8,11,3,-3,13,28,-6,4,15,24,13,please
8.098908424377441,8,1,-5,-6,0,-10,-22,11,17,-12,8,21,14,3,please
8.098908424377441,7,2,-2,-1,-3,-14,-30,-5,3,-17,11,19,11,-1,please
8.114370584487915,6,6,1,-2,4,-13,-21,-9,2,-5,15,20,15,0,please
8.114370584487915,3,15,2,-3,2,-20,-16,0,-3,0,12,11,4,-6,please
8.130013465881348,2,15,6,-1,0,-12,-17,-7,-18,-10,2,-7,-18,-13,please
8.130013465881348,10,11,17,9,13,5,-6,-14,-18,-14,4,-8,-24,-7,please
8.145134449005127,2,14,14,24,20,13,9,-6,-16,-11,5,-6,-19,-3,please
8.145134449005127,-16,5,5,14,11,21,12,-4,-23,-13,-13,-18,-23,-6,please
8.160273551940918,-20,-6,-3,0,5,27,9,-8,-19,0,-24,-25,-25,-10,please
8.160273551940918,-19,-3,-7,5,7,21,16,-4,-3,24,-16,-22,-19,-12,please
8.175466060638428,-17,-4,-2,14,7,17,22,0,11,36,-9,-12,-5,-6,please
8.175466060638428,0,-10,-1,8,-3,14,9,4,21,32,0,4,15,7,please
8.191509485244751,13,-1,-1,-2,-13,-2,-5,10,16,17,16,20,27,16,please
8.191509485244751,6,0,-2,-7,-8,-15,-2,11,15,12,11,12,26,20,please
8.207119226455688,4,-12,-4,-15,-8,-15,-1,5,19,10,-3,0,20,22,please
8.207119226455688,5,-12,-5,-22,-19,-19,-9,7,11,-1,-3,1,14,10,please
8.222259998321533,4,1,-2,-11,-15,-24,-7,7,10,-1,9,12,13,2,please
8.222601175308228,10,3,6,-7,0,-20,-4,0,9,4,21,22,18,10,please
8.238296031951904,15,0,4,-17,-1,-16,-9,0,0,0,24,21,20,7,please
8.239295721054077,15,6,3,-9,0,-8,-11,0,-6,-10,16,13,13,-8,please
8.25401496887207,13,21,14,9,7,-1,-7,-6,-8,-24,5,5,0,-10,please
8.25401496887207,5,18,16,17,7,0,1,-4,-4,-24,4,-1,-10,-5,please
8.269052743911743,0,11,14,15,6,8,14,3,5,-5,6,-3,-13,-8,please
8.285136461257935,0,13,4,10,8,9,11,0,1,3,1,-5,-12,-7,please
8.285136461257935,-5,3,-6,-5,1,0,-7,-7,-18,-18,-14,-14,-22,-10,please
8.301250696182251,-21,-15,-8,-18,-7,9,-1,-8,-29,-42,-41,-30,-44,-27,please
8.301250696182251,-22,-12,-12,-2,-1,24,33,-12,-28,-31,-42,-41,-39,-26,please
8.301250696182251,-5,3,0,15,16,17,29,-10,-19,0,-8,-11,-1,4,please
8.316473245620728,1,0,12,18,14,8,-6,0,0,20,8,15,20,23,please
8.332167863845825,-9,-16,-6,10,-3,0,-19,0,-1,13,-8,0,2,8,please
8.332167863845825,-9,-15,-14,8,-4,-4,-6,0,-12,7,-15,-12,-10,-3,please
8.348103046417236,10,0,2,16,6,12,11,12,7,25,0,2,1,12,please
8.348103046417236,8,0,6,14,2,22,20,16,28,35,8,11,13,24,please
8.36338758468628,-11,-14,-11,-2,-9,2,6,4,17,18,-3,0,3,7,sil
8.36338758468628,-12,-17,-19,-19,-11,-13,-10,-1,6,3,-17,-4,-6,-4,sil
8.380453824996948,-1,-12,-10,-26,-7,-17,-12,0,6,0,-11,-1,-1,-3,sil
8.380453824996948,-4,-15,-15,-22,-8,-18,-17,0,7,-1,0,1,8,-3,sil
8.380453824996948,-3,-11,-13,-20,-5,-10,-27,-2,3,-9,12,11,16,0,sil
8.395061731338501,15,8,4,-11,0,-9,-23,-1,0,-9,31,24,22,3,sil
8.410145998001099,28,27,18,8,2,-9,-8,0,-2,-4,36,27,18,0,sil
8.410145998001099,20,33,24,11,4,1,1,2,1,1,28,27,14,3,sil
8.426014423370361,6,24,15,0,4,1,0,3,8,2,26,19,13,0,sil
8.426014423370361,-1,11,10,2,1,-9,-5,-3,0,-15,13,-1,-3,-14,sil
8.441236019134521,-4,6,10,14,0,-2,1,-9,-9,-25,-2,-21,-22,-21,sil
8.441236019134521,-12,-3,-5,6,-2,3,6,-6,-7,-9,-5,-30,-22,-17,sil
8.456889152526855,-17,-10,-8,-1,-1,3,3,2,-3,3,-9,-23,-10,-9,sil
8.456889152526855,-3,2,5,14,6,15,24,10,7,11,-12,-5,0,5,sil
8.472159624099731,-1,5,2,15,10,23,34,9,19,21,-14,-4,-3,9,sil
8.472159624099731,-10,-11,-8,2,1,17,20,7,16,27,-19,-15,-11,3,sil
8.487349033355713,0,-14,-3,6,-1,8,18,5,7,18,-13,-5,-6,14,sil
8.487349033355713,3,-8,-2,-1,-3,-2,11,-5,-6,-8,-10,8,-2,13,sil
8.502542495727539,-4,-14,-20,-26,-8,-13,-8,-10,-17,-27,-22,-1,-4,1,sil
8.502542495727539,2,-15,-19,-22,-4,-11,-13,-4,-12,-15,-20,-8,0,8,sil
8.518078565597534,16,-5,-1,-2,0,-3,-3,3,-3,3,0,4,14,19,sil
8.518078565597534,11,2,0,0,-3,-2,0,12,-2,6,13,14,24,14,sil
8.533283472061157,8,13,0,-5,0,-10,-4,11,-3,0,16,15,18,3,sil
8.533283472061157,11,14,5,-5,9,-11,-12,-2,1,0,19,14,11,-4,sil
8.548874139785767,0,-1,7,-2,5,-6,-17,-16,-5,-4,12,7,6,-12,sil
8.548874139785767,-7,-4,10,0,-2,-10,-21,-17,-25,-20,-3,0,-6,-19,sil
8.564379930496216,1,7,13,-2,-2,-18,-25,-15,-33,-27,-2,0,-16,-19,sil
8.564379930496216,4,11,19,0,4,-9,-21,-9,-19,-15,14,3,-8,-14,sil
8.580474853515625,3,9,19,22,6,12,-3,5,10,5,13,3,0,-5,sil
8.580474853515625,2,10,13,31,6,26,14,14,26,13,2,-1,-5,0,sil
8.596026182174683,-11,8,9,18,10,29,20,4,13,8,5,-5,-16,0,sil
8.596026182174683,-24,2,-7,13,3,25,14,-10,0,16,0,-13,-13,0,sil
8.611127376556396,-17,-13,-19,2,-8,8,4,-9,0,22,-14,-16,-2,0,sil
8.611127376556396,-13,-30,-23,-18,-15,-4,0,0,0,12,-18,-13,0,0,sil
8.627148389816284,-15,-25,-25,-29,-18,-6,0,4,-1,4,-17,-8,-1,5,sil
8.627148389816284,0,-10,-14,-24,-18,-8,3,13,12,0,-15,-3,0,7,sil
8.642260789871216,10,0,-6,-11,-9,-8,11,21,36,0,-5,0,6,5,sil
8.642260789871216,5,3,-7,-5,0,0,11,18,35,0,0,3,8,0,sil
8.657832622528076,13,8,-3,0,3,2,9,16,32,0,11,11,10,2,sil
8.657832622528076,29,21,15,13,16,0,4,1,27,5,34,27,18,12,sil
8.673077583312988,20,26,28,20,26,0,-10,-25,-16,0,31,27,12,6,sil
8.673077583312988,1,12,14,19,22,5,-12,-25,-54,-15,1,2,-9,-5,sil
8.689101457595825,-3,0,5,23,14,15,4,-3,-29,-13,-10,-13,-16,0,sil
8.689101457595825,-11,-12,-4,11,0,16,14,0,4,2,-14,-21,-10,0,sil
8.705130815505981,-20,-30,-26,-24,-19,-9,6,0,2,4,-28,-27,-12,-12,sil
8.705130815505981,-8,-26,-21,-35,-22,-33,-10,9,0,-5,-18,-9,-1,-2,sil
8.720315933227539,7,0,-1,-12,-12,-24,-20,0,-3,-14,8,13,14,9,sil
8.720315933227539,2,8,7,-8,-10,-10,-23,-14,-28,-23,13,11,6,-7,sil
8.736335754394531,-5,5,11,-8,0,-10,-17,-5,-40,-13,6,0,-2,-15,sil
8.736335754394531,-5,13,3,11,17,2,3,3,-24,4,-2,-7,-2,0,sil
8.751957654953003,-3,9,0,22,9,20,25,10,-6,10,-13,-7,-6,6,sil
8.751957654953003,4,-10,5,9,-13,10,26,15,14,12,-7,0,3,11,sil
8.766996145248413,10,-17,0,-15,-15,-11,2,8,27,9,7,4,19,16,sil
8.766996145248413,4,0,-10,-25,-3,-12,-22,0,14,-4,11,9,8,-3,sil
8.782358884811401,5,22,9,8,2,0,-21,-8,4,-9,15,18,-3,-20,sil
8.782752513885498,22,26,43,44,7,8,0,-11,7,7,19,20,2,0,sil
8.798465251922607,23,7,23,30,11,13,15,-2,11,32,6,9,7,18,sil
8.798465251922607,-2,-5,-17,-11,10,8,10,0,15,28,-4,0,1,8,sil
8.814409494400024,-20,-7,-27,-29,6,-2,0,-2,22,6,-2,-2,3,1,sil
8.814409494400024,-11,-13,-20,-20,-6,-12,-11,1,16,-2,0,-4,9,0,sil
8.829999923706055,-3,-11,-10,-15,-12,-14,-24,0,-6,-14,1,2,1,-10,sil
8.829999923706055,-8,5,0,-10,2,-5,-17,-5,-17,-22,0,0,-9,-22,sil
8.845592498779297,-11,8,5,0,7,9,-1,-2,-17,-19,-13,-21,-19,-17,sil
8.845592498779297,-10,0,9,14,-4,20,11,3,-18,-13,-18,-26,-24,-6,sil
8.861234903335571,-4,5,9,32,4,22,29,2,-11,-1,-5,-11,-17,1,sil
8.861234903335571,1,14,14,38,21,18,32,0,-3,3,-6,-1,-10,3,sil
8.876466035842896,0,-4,-1,13,2,14,19,-2,-8,-2,-18,-10,-16,0,sil
8.876466035842896,-13,-21,-23,-14,-12,9,9,-2,-12,-3,-15,-23,-18,-3,sil
8.892050743103027,-10,-3,-14,-5,3,1,5,7,9,14,-9,-13,-1,2,sil
8.907646894454956,14,0,0,1,5,-5,0,16,40,32,0,14,25,26,sil
8.907646894454956,19,-23,-4,-26,-10,-11,-11,6,33,19,18,27,34,29,sil
8.907646894454956,-3,-19,-17,-33,-13,-22,-21,-6,7,-6,10,8,16,3,sil
8.923041582107544,-1,1,-8,-14,-12,-34,-28,-9,-7,-9,1,1,7,-1,sil
8.938405752182007,21,0,13,-18,-12,-27,-25,-2,-9,-3,31,28,21,12,sil
8.938405752182007,20,2,10,-14,-7,-11,-18,0,-3,-13,40,32,19,5,sil
8.954452276229858,9,15,5,5,-1,-10,-15,0,-9,-23,5,6,-1,-12,sil
8.954452276229858,13,19,18,12,7,-5,0,0,-14,-11,-7,0,-8,-14,sil
8.970173835754395,6,18,17,10,16,13,16,0,-5,-1,0,4,-8,-15,sil
8.970173835754395,-15,7,0,10,4,19,13,-1,-4,-8,-5,-11,-18,-19,sil
8.985232591629028,-23,-9,-9,2,-8,7,10,-5,-17,-1,-18,-25,-20,-16,sil
8.985232591629028,-22,-4,-1,6,1,10,13,-6,-20,11,-19,-15,-13,-9,sil
9.001402378082275,-16,9,7,26,14,24,15,1,0,17,-7,-8,-4,0,sil
9.001402378082275,-2,3,2,23,9,23,16,10,16,19,-3,-10,1,14,sil
9.017431259155272,3,-2,-6,5,3,13,17,10,13,16,-11,-7,1,18,sil
9.017431259155272,5,0,-12,4,3,5,14,4,16,12,-3,-4,10,15,sil
9.032070636749268,7,-3,-11,-4,-4,-10,0,0,16,3,2,-3,16,8,sil
9.032070636749268,0,-15,-9,-19,-13,-23,-19,-2,-5,-17,-10,-4,0,-5,sil
9.04806661605835,-5,-17,-12,-17,-11,-18,-24,-4,-17,-22,-5,-2,-9,-14,sil
9.04806661605835,4,-8,-5,-12,-3,-7,-16,0,-1,-4,23,16,14,-2,sil
9.063148736953735,15,-3,3,-11,0,-5,-10,0,4,-2,33,29,27,8,sil
9.063148736953735,8,-6,6,-13,-4,-14,-19,-10,-13,-23,16,15,2,-4,sil
9.078771829605104,-5,6,8,-5,-2,-16,-19,-7,-14,-16,6,0,-5,-16,sil
9.078771829605104,-3,32,19,23,10,1,0,8,9,15,13,3,7,0,sil
9.094000577926636,5,28,28,36,20,17,9,8,14,27,11,6,1,17,sil
9.094000577926636,0,1,13,17,9,14,7,-1,0,23,-6,-4,-6,10,sil
9.109447717666626,-13,-11,-2,1,-5,14,12,-4,-1,14,-21,-12,-6,0,sil
9.109447717666626,-10,-13,-9,-4,-5,15,20,-4,1,-3,-31,-14,-22,-4,sil
9.125179767608644,0,-13,-14,-14,0,6,11,-1,1,-9,-33,-15,-28,-10,sil
9.125179767608644,-3,-13,-9,-23,-2,0,0,5,9,0,-13,-1,-5,-12,sil
9.14042353630066,1,-12,-13,-18,-8,-4,0,10,21,4,5,10,9,0,sil
9.14042353630066,20,1,-10,-7,0,-5,3,8,15,-7,9,13,3,8,sil
9.156169652938845,23,25,16,7,17,5,4,2,3,-12,20,18,3,7,sil
9.156169652938845,14,31,25,28,15,5,8,-1,0,0,36,21,8,11,sil
9.171319961547852,3,15,9,25,0,-8,5,-1,-11,0,18,2,0,13,sil
9.171319961547852,-10,0,-3,7,-3,-2,1,-2,-17,-6,-22,-25,-12,4,sil
9.186906099319458,-19,-12,-10,-2,-7,3,2,-1,-8,0,-32,-33,-9,1,sil
9.186906099319458,-18,-19,-15,-15,-16,-1,7,3,3,15,-16,-21,2,4,sil
9.202439785003662,-16,-24,-27,-27,-13,-2,8,0,6,9,-17,-17,0,-4,sil
9.202439785003662,-17,-24,-28,-31,-10,-11,-12,-8,-15,-22,-26,-22,-13,-25,sil
9.21803879737854,-15,-12,-20,-25,-11,-28,-40,-9,-35,-42,-16,-13,-15,-30,sil
9.21803879737854,0,3,-2,-10,-1,-21,-39,-4,-14,-22,14,18,5,-9,sil
9.233252763748167,21,14,19,1,16,-2,-18,3,12,8,39,44,27,8,sil
9.233252763748167,20,16,20,11,25,0,-8,2,7,17,31,28,22,-2,sil
9.248420715332031,4,15,17,16,-7,0,-10,-7,-3,5,11,3,6,-17,sil
9.248420715332031,4,7,15,4,-51,3,-2,-3,0,0,13,0,10,-1,sil
9.264062881469728,12,1,13,0,-13,10,10,2,1,5,28,13,22,20,sil
9.264062881469728,7,11,22,25,52,21,17,-1,-4,10,21,17,11,19,sil
9.279777765274048,-3,11,12,38,31,25,16,-2,-7,4,0,-3,-12,-2,sil
9.279777765274048,-5,1,0,25,-3,17,11,3,-6,-6,-9,-14,-22,-10,sil
9.29546356201172,0,7,8,29,15,13,16,3,0,7,-3,0,-9,7,sil
9.29546356201172,0,8,6,32,20,11,19,4,10,25,-6,4,1,19,sil
9.311660289764404,-5,-7,-7,5,-1,6,9,11,15,10,-15,-5,0,10,sil
9.311660289764404,-3,-15,-14,-14,-7,5,11,9,24,2,-19,-8,-4,10,sil
9.327255249023438,-1,-15,-13,-26,-4,0,22,3,25,15,-21,-7,-4,10,sil
9.327255249023438,0,-16,-17,-31,-5,-10,20,6,26,14,-15,-10,0,1,sil
9.34237289428711,0,-16,-21,-31,-9,-11,3,9,27,1,-8,-9,1,0,sil
9.34237289428711,0,-12,-16,-33,-11,-7,-13,0,10,-4,-10,-2,-5,-3,sil
9.357502698898315,2,-5,-13,-26,-8,-14,-19,-6,0,-3,-4,-1,-2,-3,sil
9.357502698898315,0,-2,-14,-20,-8,-22,-18,-6,-7,-13,-4,-8,3,-3,sil
9.372863531112673,-6,-4,-10,-16,-11,-19,-20,-11,-26,-33,-15,-11,-13,-19,sil
9.38998794555664,-2,0,3,-5,-5,-18,-24,-14,-32,-33,-7,-4,-28,-29,sil
9.38998794555664,4,1,16,-2,-1,-19,-19,-2,-20,-12,9,4,-7,-12,sil
9.38998794555664,3,0,7,-5,-4,-10,-11,1,-21,-3,18,8,15,1,sil
9.404144763946531,-4,5,1,0,-2,1,-16,-9,-35,-19,18,6,7,-10,sil
9.404144763946531,-9,19,10,11,3,5,-17,-16,-33,-30,12,1,-4,-19,sil
9.420233726501465,1,26,19,29,13,7,2,-5,-16,-9,16,11,7,1,sil
9.420233726501465,19,30,36,47,24,17,20,8,0,18,33,31,24,29,sil
9.43647027015686,15,27,29,49,19,29,21,10,16,29,29,22,20,23,sil
9.43647027015686,-2,8,3,29,5,23,9,0,14,25,1,0,0,0,sil
9.45158314704895,-8,-2,1,17,1,10,0,0,0,19,-5,-3,-8,-1,sil
9.4675874710083,-1,1,10,30,0,13,6,6,7,14,2,0,0,8,sil
9.4675874710083,4,0,10,25,-3,19,13,11,21,3,-2,0,3,11,sil
9.4675874710083,8,-14,0,-4,-3,4,7,10,27,6,-4,4,1,16,sil
9.483341693878174,9,-11,-9,-18,-3,-8,9,10,30,19,9,8,6,21,sil
9.498401641845703,0,-10,-17,-19,0,0,18,7,23,18,-4,-6,0,7,sil
9.498401641845703,-17,-31,-36,-41,-8,3,13,-3,9,7,-42,-31,-20,-8,sil
9.51413607597351,-24,-38,-46,-64,-19,-9,2,-6,9,0,-38,-32,-21,-10,sil
9.51413607597351,-8,-20,-34,-48,-12,-17,0,7,17,2,-4,-12,3,-1,sil
9.529688358306885,5,-7,-12,-26,-1,-16,-9,10,4,-2,2,-2,12,1,sil
9.529688358306885,3,8,1,-16,0,-16,-16,-1,-11,-13,-3,0,5,0,sil
9.546728134155272,5,22,3,4,12,-9,-4,-2,-1,-12,3,11,11,-1,sil
9.546728134155272,5,5,4,7,11,-6,-3,-3,-4,-16,5,13,11,-7,sil
9.546728134155272,-8,-16,-6,-17,-8,-19,-14,-16,-28,-34,-11,-5,-11,-29,sil
9.56131911277771,-14,-3,-8,-16,-8,-21,-9,-23,-40,-43,-15,-14,-21,-39,sil
9.576480627059937,-7,16,15,12,10,0,-4,-11,-35,-30,-3,-1,-10,-21,sil
9.576480627059937,0,17,23,29,11,9,-11,0,-20,-5,-1,2,-3,-3,sil
9.592314958572388,4,9,19,29,4,5,-8,0,-9,5,0,0,-5,0,sil
9.592314958572388,6,8,18,24,2,12,1,-6,-14,0,4,0,-5,3,sil
9.607428789138794,0,7,12,17,-2,15,0,-5,-18,0,2,-6,-9,0,sil
9.607428789138794,1,5,15,27,0,7,4,5,0,16,10,-3,-5,0,sil
9.62246823310852,13,1,17,40,4,8,22,13,22,33,19,8,9,20,sil
9.62246823310852,8,0,5,21,4,13,11,9,19,30,9,7,11,25,sil
9.63776707649231,-2,1,-5,0,4,12,-6,7,18,23,0,1,5,9,sil
9.63776707649231,3,3,0,-1,2,10,0,8,25,23,15,16,11,13,sil
9.653814792633057,10,4,5,-4,-2,3,3,6,19,16,22,22,11,27,sil
9.653814792633057,5,-3,-4,-9,-6,-7,-5,4,13,1,10,8,3,16,sil
9.669786214828491,4,-5,-5,-14,-9,-10,-5,5,14,-5,4,11,8,2,sil
9.669786214828491,9,4,-1,-15,-11,-2,6,4,11,-4,8,20,16,6,sil
9.685291290283203,5,-3,-14,-18,-9,0,8,-2,-2,-12,-2,1,0,3,sil
9.685291290283203,-4,-20,-19,-27,-12,-6,0,-9,-18,-28,-24,-14,-19,-13,sil
9.700489521026611,-7,-9,-14,-14,-8,-11,0,-3,-11,-23,-17,-9,-7,-18,sil
9.700489521026611,-4,2,-7,0,9,-10,1,2,8,-1,6,3,12,-3,sil
9.7164146900177,-7,-6,-5,-11,8,0,-6,0,8,8,13,3,3,1,sil
9.7164146900177,-13,-4,-8,-13,0,7,-7,-5,-1,2,0,-15,-16,-14,sil
9.73172926902771,-8,16,8,12,16,7,2,-3,-3,-4,-13,-18,-18,-25,sil
9.73172926902771,0,22,21,26,27,4,6,-4,-14,-4,-9,-12,-12,-18,sil
9.747263669967651,-11,5,5,16,3,7,3,-6,-35,-6,-9,-25,-22,-14,sil
9.747263669967651,-26,-11,-10,10,-7,9,14,5,-23,-2,-23,-37,-25,-13,sil
9.76242733001709,-14,-18,-11,7,0,4,20,13,13,17,-19,-19,6,4,sil
9.76242733001709,4,-14,1,-4,-1,-2,1,3,20,22,0,4,32,20,sil
9.780396223068236,6,-12,0,-11,-12,-10,-11,-5,9,7,8,13,23,16,sil
9.780396223068236,0,-14,-10,-13,-10,-17,-11,-2,8,0,1,10,14,9,sil
9.79442811012268,3,-8,-4,-14,-1,-11,-12,0,11,1,0,16,24,14,sil
9.79442811012268,14,4,6,-4,-2,-7,-10,-1,3,-3,9,28,24,13,sil
9.810465812683104,20,14,8,0,-9,-17,-10,-1,-9,-18,13,27,11,3,sil
9.810465812683104,23,15,4,-3,-3,-17,-9,-4,-9,-18,7,17,5,0,sil
9.825997352600098,21,14,10,3,9,-2,-8,-13,-11,-12,0,3,-2,-8,please
9.825997352600098,8,15,19,17,2,2,-11,-9,-27,-15,-3,-7,-18,-20,please
9.841166019439695,0,13,12,20,-2,3,-8,0,-27,-7,0,-6,-21,-15,please
9.841166019439695,0,11,7,15,11,12,0,0,-10,3,5,2,-17,-4,please
9.856354236602783,-5,10,5,13,15,19,12,-1,-2,-3,4,0,-20,-5,please
9.856354236602783,-5,4,5,7,6,22,20,7,4,-1,-1,-1,-22,2,please
9.871902704238892,0,-8,2,-5,5,25,29,16,26,24,0,0,-10,23,please
9.871902704238892,-7,-26,-23,-23,-2,12,26,15,47,30,0,-13,0,16,please
9.887420415878296,-18,-33,-36,-39,-13,-7,2,10,39,15,-8,-21,-2,0,please
9.887420415878296,-6,-13,-15,-29,-9,-7,-10,7,21,17,2,-1,6,4,please
9.903003454208374,4,12,4,-3,-2,1,-5,1,8,8,29,12,24,7,please
9.903003454208374,-7,20,4,8,0,2,-7,-7,-10,-17,19,3,9,-11,please
9.919069766998293,-19,11,-6,11,7,4,-6,-11,-23,-16,-16,-14,-20,-18,please
9.919069766998293,-21,-5,-8,15,8,4,0,-8,-24,-3,-33,-28,-32,-18,please
9.93421745300293,-22,-19,-7,16,0,3,6,-1,-22,-3,-36,-36,-29,-18,please
9.93421745300293,-18,-19,-13,2,-4,5,18,1,-13,0,-39,-26,-16,-1,please
9.95034885406494,-6,-22,-12,-17,-11,1,10,1,0,2,-21,-2,8,12,please
9.95034885406494,5,-22,-4,-19,-18,-13,-11,3,8,0,3,10,29,10,please
9.9656240940094,19,-1,7,-7,-9,-22,-18,4,11,3,18,20,37,10,please
9.9656240940094,35,21,22,13,7,-19,-10,-2,3,2,30,34,36,12,please
9.98149347305298,40,27,35,29,13,-14,-9,-7,-5,-5,41,38,31,10,please
9.98149347305298,34,31,40,21,11,-10,-11,-1,2,1,47,43,33,17,please
9.996511220932009,24,28,19,11,7,-8,-11,-2,15,13,40,39,29,17,please
9.996511220932009,7,11,1,6,0,-11,-15,-8,0,-2,14,16,3,-3,please
10.012059450149536,-7,-2,-2,-7,-8,-9,-12,-4,-13,-19,-4,-5,-15,-22,please
10.012059450149536,-15,-3,-6,-16,-9,4,-2,0,-1,-17,-14,-18,-19,-22,please
10.02712607383728,-17,0,-6,-3,-2,14,6,-2,0,-14,-26,-26,-26,-14,please
10.048259735107422,-14,3,-2,9,4,11,15,0,-5,-4,-24,-22,-27,-5,please
10.048259735107422,-11,-2,1,8,5,14,17,5,-6,3,-11,-11,-21,0,please
10.048259735107422,-9,-5,2,10,5,26,22,4,-7,0,-9,-16,-16,-1,please
10.058807849884031,-6,-4,-1,22,10,26,30,1,-5,8,-10,-23,-16,-2,please
10.058807849884031,-5,-9,-1,10,7,12,22,6,0,16,-8,-6,-17,3,please
10.074392318725586,2,-12,-3,-5,0,3,12,15,10,16,0,16,0,18,please
10.074392318725586,14,-4,-5,-2,0,0,9,11,15,19,9,22,27,25,please
10.090490579605104,4,-4,-8,-4,0,-5,-2,-2,11,19,7,11,29,13,please
10.090490579605104,-9,-10,-28,-23,-9,-20,-19,-12,2,4,-9,-4,9,-2,please
10.104640245437622,-5,-14,-36,-37,-20,-21,-24,-2,-6,-12,-11,-10,-2,-8,please
10.12043833732605,0,-13,-24,-34,-16,-6,-14,9,0,-11,5,-5,6,-2,please
10.12043833732605,0,-10,-14,-30,-7,-8,-10,0,7,-12,8,-5,12,0,please
10.136006593704224,-3,-8,-11,-32,-5,-21,-23,-11,0,-25,-6,-12,-3,-16,please
10.136006593704224,0,3,0,-19,-2,-20,-28,-6,-6,-23,-1,-9,-9,-21,please
10.151723623275757,6,27,21,7,10,-5,-14,0,-3,-9,13,5,2,-6,please
10.151723623275757,6,25,19,17,24,9,1,-4,-1,0,0,3,-2,-2,please
10.166767835617064,0,0,8,-2,22,14,5,-5,0,7,-20,-8,-20,-2,please
10.166767835617064,0,0,15,-3,8,10,11,-4,-4,11,-10,-7,-20,2,please
10.182247638702393,-1,16,11,24,1,8,15,-5,-15,0,-5,-6,-21,-4,please
10.182247638702393,-12,13,7,32,4,9,1,-4,-17,-12,-14,-8,-25,-17,please
10.197248458862305,-11,1,15,20,0,15,0,0,0,-3,-4,-3,-15,-9,please
10.197248458862305,-3,0,20,22,0,18,21,7,4,9,8,4,-6,2,please
10.21249222755432,-5,-1,17,28,4,12,22,8,-1,12,3,6,-3,2,please
10.21249222755432,-9,-4,6,23,-3,3,8,3,10,15,12,8,13,4,please
10.228065013885498,5,-5,9,17,-12,0,8,7,28,22,31,26,37,21,please
10.228065013885498,24,2,19,21,-8,0,17,16,33,29,32,41,46,38,please
10.24417281150818,19,3,6,16,-5,-1,11,5,22,22,14,21,37,30,sil
10.24417281150818,0,-8,-12,-3,-7,-3,-8,-6,-2,-3,-3,-10,11,6,sil
10.25979495048523,-6,-17,-24,-16,-16,-11,-15,-6,-15,-11,-4,-16,0,-4,sil
10.25979495048523,1,-9,-23,-20,-16,-15,-4,-2,-8,-3,4,0,3,0,sil
10.275608777999878,9,-6,-18,-26,-2,-14,-4,-1,-7,-14,-5,2,0,4,sil
10.275608777999878,2,-12,-25,-31,-5,-23,-20,-3,-19,-30,-26,-14,-13,-6,sil
10.291197776794434,-6,-7,-24,-24,-11,-22,-21,-2,-14,-23,-15,-17,-11,-17,sil
10.291197776794434,1,3,-10,-8,6,1,-6,1,3,-10,6,0,-3,-12,sil
10.307043552398682,11,5,0,-12,15,8,-2,1,3,-6,2,9,-1,-7,sil
10.307043552398682,10,7,2,-11,12,0,-2,0,-6,2,-1,11,6,-5,sil
10.322996854782104,8,15,8,9,24,4,-4,-3,-9,7,11,14,16,-1,sil
10.322996854782104,2,18,18,8,20,8,-12,-16,-14,-4,17,10,5,-4,sil
10.338084936141968,0,16,14,-1,0,-3,-8,-18,-17,-9,7,-4,-7,-11,sil
10.338084936141968,0,11,13,10,1,-1,-3,-3,-14,-8,-6,-11,-12,-10,sil
10.354135513305664,-6,7,17,20,7,10,1,6,-9,-5,-10,-6,-10,-2,sil
10.354135513305664,-5,7,13,15,0,12,17,6,2,10,0,1,-3,7,sil
10.369407892227173,-2,4,12,13,0,12,24,11,22,25,4,7,-5,11,sil
10.369407892227173,-8,-2,1,12,3,16,21,19,31,26,-8,-2,-11,10,sil
10.385483026504517,-17,-11,-14,0,-4,15,20,11,13,10,-25,-22,-15,4,sil
10.385483026504517,-23,-22,-23,-13,-12,9,12,0,0,-8,-31,-29,-23,-10,sil
10.401508808135986,-26,-31,-27,-20,-9,3,9,-4,15,-2,-22,-27,-22,-17,sil
10.401508808135986,-20,-26,-20,-26,-6,-1,12,-1,27,13,-11,-21,-1,-2,sil
10.417083978652954,-10,-13,-15,-26,-7,-7,3,0,16,12,-4,-12,18,10,sil
10.417083978652954,1,-5,-11,-18,-7,-15,-11,1,12,0,7,1,21,4,sil
10.432412147521973,13,-1,2,-5,-2,-17,-15,1,17,-4,18,16,18,0,sil
10.432412147521973,17,2,8,0,0,-13,-17,-2,4,-1,25,24,18,8,sil
10.448378086090088,16,9,10,-3,0,-13,-22,-8,-22,-5,27,22,9,4,sil
10.448378086090088,15,15,15,5,2,-12,-20,-7,-34,-17,11,11,-7,-9,sil
10.464505672454834,13,21,20,26,6,-4,-18,-3,-30,-16,-4,7,-16,-9,sil
10.464505672454834,13,25,24,31,10,7,-7,-1,-26,-3,4,15,-6,2,sil
10.480101108551024,11,22,16,31,11,16,10,-7,-21,0,7,9,-1,7,sil
10.480101108551024,0,3,7,25,0,13,8,-10,-16,-8,-14,-8,-12,0,sil
10.495246410369871,-4,-15,-4,5,-13,3,3,0,-7,0,-22,-16,-12,0,sil
10.495246410369871,3,-16,-12,-9,-5,2,13,12,9,12,0,-1,7,17,sil
10.511229038238524,12,-12,-4,-12,1,0,13,11,26,16,10,16,25,24,sil
10.511229038238524,9,-11,-4,-11,-4,-9,-1,3,21,14,14,19,31,11,sil
10.526007652282717,1,0,-3,-12,-3,-14,-11,0,-2,-7,26,16,22,-3,sil
10.526007652282717,-1,11,2,-3,1,-10,-11,-4,-19,-30,18,9,2,-18,sil
10.54155683517456,-2,16,5,4,1,-7,-8,-6,-14,-23,0,0,-11,-27,sil
10.54155683517456,-6,20,9,15,12,9,2,1,0,-1,1,-10,-13,-16,sil
10.557109117507936,-12,11,1,24,19,22,12,4,7,7,0,-19,-15,-5,sil
10.557109117507936,-23,-7,-7,5,0,17,14,0,1,1,-27,-25,-20,-10,sil
10.572341442108154,-24,-20,-16,-25,-12,17,22,2,9,8,-33,-20,-15,-9,sil
10.572341442108154,-14,-19,-21,-21,-3,14,22,5,25,23,-21,-13,-4,2,sil
10.588092803955078,-16,-10,-14,-1,-1,-3,2,5,20,18,-25,-10,3,8,sil
10.588092803955078,-13,-15,-12,-6,-5,-7,-7,3,19,13,-14,-9,10,7,sil
10.60322618484497,10,-15,-5,-16,0,-4,-7,0,22,16,9,4,15,10,sil
10.60322618484497,31,17,12,5,0,-13,-12,3,8,2,19,27,18,18,sil
10.618999004364014,26,29,7,17,-5,-17,-18,5,2,-9,24,25,22,13,sil
10.618999004364014,16,2,-1,-5,0,-15,-18,0,6,-9,33,17,17,0,sil
10.634582996368408,17,0,3,-11,1,-20,-12,-3,-3,-8,25,18,3,0,sil
10.634582996368408,9,17,6,-2,0,-17,-6,-4,-24,-14,7,8,-7,6,sil
10.650542497634888,-4,9,8,-3,3,2,6,-9,-27,-13,4,-5,-9,0,sil
10.650542497634888,-6,-1,15,-1,4,19,17,-8,-18,-3,-2,-11,-12,-6,sil
10.666146039962769,-14,-2,3,0,7,20,8,-6,-20,0,-29,-24,-29,-15,sil
10.666146039962769,-31,-12,-25,-5,2,13,2,-11,-21,-3,-42,-42,-39,-21,sil
10.681328773498535,-22,-35,-23,-10,-22,11,14,-6,-16,-2,-33,-34,-28,-13,sil
10.681328773498535,-1,-40,0,-18,-21,13,12,6,-5,10,-20,-10,-9,3,sil
10.697441339492798,0,-9,3,-14,18,6,-5,7,7,15,-8,3,2,13,sil
10.697441339492798,-2,16,0,3,22,-6,-9,1,9,-5,0,4,4,2,sil
10.713200807571411,5,14,0,15,1,-16,-3,4,13,-13,6,6,12,-6,sil
10.713200807571411,13,12,7,8,8,-11,-8,6,17,2,27,24,27,5,sil
10.728291988372805,18,12,17,6,8,2,-9,2,10,3,32,33,19,16,sil
10.728291988372805,21,8,13,8,-13,-3,-5,0,2,-6,12,23,3,1,sil
10.743427753448486,23,23,22,14,-7,-14,-6,-3,-3,-4,17,18,6,-10,sil
10.759079694747925,11,39,29,39,10,4,1,-5,-9,1,32,7,5,-5,sil
10.759079694747925,-12,16,10,47,9,30,20,-2,-2,5,8,-8,-1,0,sil
10.77512788772583,-12,-17,-4,23,10,25,27,8,17,20,-6,-3,10,3,sil
10.77512788772583,5,-18,-11,3,2,0,14,10,18,24,2,0,16,4,sil
10.789915561676024,-1,-13,-16,-16,-25,-21,-7,0,-1,-4,-7,-4,1,0,sil
10.789915561676024,-9,-21,-17,-32,-25,-21,-12,0,2,-15,-13,5,3,3,sil
10.805267095565796,3,-13,-12,-18,-6,-14,-10,8,13,0,3,15,13,5,sil
10.805267095565796,-1,0,-11,-14,-19,-23,-28,-6,-17,-11,1,1,-1,-9,sil
10.82133960723877,-17,0,-13,-25,-19,-24,-36,-24,-43,-32,-8,-12,-20,-16,sil
10.82133960723877,-11,7,5,-1,7,0,-15,-14,-28,-31,-8,-8,-23,-8,sil
10.837234020233154,0,21,25,34,6,20,6,2,-6,-11,-2,1,-11,0,sil
10.837234020233154,5,8,20,34,0,23,23,3,1,16,7,2,6,10,sil
10.852415800094604,1,-6,2,11,21,21,31,5,11,31,-1,-10,3,15,sil
10.852415800094604,-6,-1,-16,-2,18,16,24,9,23,24,-29,-20,-12,10,sil
10.86804175376892,-7,-2,-20,-17,0,11,15,9,28,18,-18,-4,0,12,sil
10.86804175376892,-2,-17,-24,-28,7,9,15,10,34,21,4,-2,21,13,sil
10.883080959320068,-2,-29,-32,-31,12,-1,8,9,32,10,-21,-24,0,-5,sil
10.883080959320068,-3,-33,-22,-41,-8,-15,-7,0,8,-7,-38,-28,-21,-19,sil
10.8982412815094,-1,-19,-15,-46,-11,-16,-12,-5,-8,-8,-2,-10,-6,-16,sil
10.8982412815094,1,9,-7,-30,7,-12,-15,-5,-12,-7,15,0,0,-18,sil
10.913681507110596,7,20,9,-3,11,-6,-15,-10,-16,-8,7,4,-2,-15,sil
10.913681507110596,11,16,19,11,7,-1,-9,-12,-18,-5,19,10,3,1,sil
10.92970085144043,9,26,26,18,15,-4,-5,-3,-19,-11,25,10,0,4,sil
10.92970085144043,0,25,23,23,7,-2,-6,-1,-16,-11,4,0,-8,-6,sil
10.945067644119264,-8,4,12,15,-13,11,-4,-3,-10,1,0,-3,-2,-3,sil
10.945067644119264,-12,-7,7,12,-12,15,6,2,-4,10,5,2,4,2,sil
10.961102485656738,-10,-10,8,19,-2,4,18,6,3,7,3,9,3,5,sil
10.961102485656738,2,-2,19,24,-4,5,18,4,11,7,6,23,4,19,sil
10.977185249328612,14,8,15,21,-10,4,8,5,9,9,13,22,7,28,sil
10.977185249328612,8,-3,0,6,-17,-11,-2,2,0,-5,2,6,3,6,sil
10.992624044418337,8,-15,-3,-5,-20,-18,-10,-2,-4,-20,-1,14,3,-6,sil
10.992624044418337,17,3,0,2,-8,-17,-18,-6,-14,-19,10,27,9,1,sil
11.008153200149536,13,22,8,19,5,-18,-27,-8,-27,-23,6,8,-1,-4,sil
11.008153200149536,2,21,18,30,6,-4,-11,-5,-18,-20,-2,-9,-15,-12,sil
11.023465633392334,-6,13,10,28,1,16,7,0,1,4,0,-5,-6,0,sil
11.023465633392334,-13,-1,-8,8,7,22,7,8,19,27,-9,-5,5,6,sil
11.039060592651367,-10,-14,-17,-6,16,12,5,12,35,26,-20,-10,6,4,sil
11.039060592651367,-2,-9,-15,-20,12,1,5,5,28,6,-4,-1,5,2,sil
11.054054737091064,0,-2,-19,-29,3,-1,2,-2,9,-9,13,0,2,-4,sil
11.054054737091064,0,-1,-11,-20,7,2,11,-3,-8,-8,3,-11,-4,-19,sil
11.069685459136965,-3,0,0,0,11,13,22,0,-14,3,-12,-17,-7,-21,sil
11.069685459136965,-13,-6,-14,1,1,12,16,5,3,14,-16,-24,-2,-7,sil
11.085352659225464,-21,-21,-24,-22,-7,0,5,6,20,17,-18,-29,0,4,sil
11.085352659225464,-12,-25,-19,-32,-9,-2,1,2,14,17,-17,-13,5,3,sil
11.100388526916504,6,-16,-7,-27,-10,-4,-12,0,8,13,-2,12,15,5,sil
11.100388526916504,13,-9,1,-29,-10,-12,-25,0,5,1,9,22,15,14,sil
11.116060733795166,10,-1,0,-19,-8,-12,-12,-3,-2,-10,11,14,11,13,sil
11.116060733795166,9,10,6,0,-2,-9,0,-11,-13,-21,6,9,1,4,sil
11.131519794464111,7,13,12,6,0,-9,0,-11,-18,-21,8,10,-4,0,sil
11.131519794464111,10,12,13,11,0,-7,1,-3,-21,-17,21,15,0,3,sil
11.147415161132812,14,23,26,27,2,-5,-3,1,-23,-22,22,11,-2,0,sil
11.147415161132812,-1,18,21,28,6,-5,-14,-4,-18,-20,0,-12,-23,-12,sil
11.162296772003174,-23,0,1,16,5,3,-14,-7,-7,1,-11,-24,-31,-21,sil
11.162296772003174,-13,5,3,28,9,24,8,4,9,29,-1,-9,-16,-10,sil
11.178245782852173,3,18,9,37,15,31,27,11,19,39,0,0,-3,10,sil
11.178245782852173,-1,0,2,15,12,18,18,3,13,28,-10,-3,-5,17,sil
11.193029880523682,0,-14,-7,0,1,8,15,0,12,18,-10,-3,-2,9,sil
11.20904779434204,8,-10,-9,-2,-7,1,20,6,15,11,-3,0,4,6,sil
11.20904779434204,-1,-13,-16,-18,-12,-15,2,5,9,-1,-11,-1,6,7,sil
11.20904779434204,-15,-26,-28,-41,-18,-28,-25,-1,0,-17,-22,-8,1,-2,sil
11.22524356842041,-11,-27,-23,-49,-28,-24,-34,-5,-9,-22,-10,-3,5,-13,sil
11.22524356842041,0,-10,-14,-38,-19,-19,-27,-2,-13,-19,4,8,13,-11,sil
11.239730834960938,8,11,8,-12,4,-15,-25,0,-18,-19,14,13,14,-4,sil
11.254749059677124,16,26,30,11,11,-2,-11,0,-10,-13,25,15,19,2,sil
11.254749059677124,12,22,18,12,3,7,5,0,4,-4,26,15,19,3,sil
11.27032232284546,-1,10,6,0,2,2,0,0,-1,-13,13,8,0,-8,sil
11.27032232284546,-12,2,4,3,4,-2,0,-2,-14,-24,-1,-2,-12,-20,sil
11.285471677780151,-7,2,8,17,2,5,10,-6,-9,-11,-11,-4,-14,-18,sil
11.285471677780151,4,9,15,28,9,20,11,-2,-2,3,-3,-1,-15,-7,sil
11.301505327224731,12,13,12,38,22,26,18,0,1,6,0,-4,-12,2,sil
11.301505327224731,6,5,3,33,24,26,31,1,8,16,-11,-3,-6,10,sil
11.317144632339478,-9,-5,-8,17,9,20,21,3,12,32,-9,-5,-4,12,sil
11.317144632339478,-21,-12,-17,2,-5,9,5,2,9,27,-7,-17,-5,7,sil
11.332366704940796,-11,-17,-12,-3,-9,7,17,9,20,27,-9,-14,4,11,sil
11.332366704940796,10,-13,-3,-4,-5,4,23,15,41,34,6,7,23,28,sil
11.347347259521484,15,-3,0,-10,-3,-9,0,3,26,10,10,17,22,23,sil
11.347347259521484,5,-1,-8,-15,-6,-16,-7,-5,-3,-11,-2,7,7,0,sil
11.3625009059906,3,-4,-10,-20,-11,-18,-5,0,-10,0,0,1,6,0,sil
11.3625009059906,7,-5,-1,-25,-15,-28,-16,2,-3,-2,8,11,16,10,sil
11.378135919570925,11,0,1,-19,-9,-22,-21,-1,-6,-19,7,18,11,3,sil
11.378135919570925,4,7,0,-11,2,-4,-18,-4,-18,-26,6,6,-6,-11,sil
11.39332365989685,-3,6,-4,-13,0,-9,-24,-8,-19,-22,2,-5,-9,-14,sil
11.39332365989685,0,0,-7,-17,-9,-19,-25,-6,-8,-6,6,2,4,-6,sil
11.409423112869264,1,-1,-2,-19,-6,-9,-16,-5,-6,0,11,5,0,-9,sil
11.409423112869264,-10,-3,0,-3,0,-3,-10,-11,-21,-15,-4,-16,-22,-25,sil
11.42541480064392,-19,0,6,15,4,1,-5,-11,-28,-26,-18,-26,-31,-27,sil
11.42541480064392,-18,0,0,10,5,16,4,0,-11,-11,-20,-22,-31,-16,sil
11.441736936569214,-13,-5,0,7,6,16,3,3,0,5,-18,-19,-22,-10,sil
11.441736936569214,-7,7,24,34,12,8,0,3,-7,9,-3,-5,-4,-3,sil
11.457345485687256,0,23,24,49,18,19,18,8,1,14,5,1,0,6,sil
11.457345485687256,3,12,3,23,16,28,31,9,27,21,0,2,0,15,sil
11.473037242889404,8,-1,0,5,8,18,22,6,34,26,6,4,11,27,sil
11.473037242889404,5,-4,-1,2,-3,5,9,1,17,18,6,0,11,22,sil
11.48817491531372,-8,-9,-13,-6,-10,0,5,0,5,1,-16,-7,1,0,sil
11.48817491531372,-9,-20,-22,-13,-9,-4,8,2,13,2,-21,-2,8,0,sil
11.503426790237429,5,-27,-14,-24,-12,-10,4,4,14,9,-5,0,14,12,sil
11.503426790237429,13,-22,-8,-33,-11,-12,0,4,5,4,6,3,13,10,sil
11.51951813697815,15,-4,-3,-17,-2,-8,-6,0,0,-5,19,21,18,7,sil
11.51951813697815,20,10,7,-3,-3,-8,-19,-1,0,-13,26,31,23,5,sil
11.53506064414978,22,21,7,-8,-3,-19,-22,-1,-2,-15,25,22,20,3,sil
11.53506064414978,13,23,4,-8,5,-21,-17,-7,-12,-20,18,14,5,-3,sil
11.5511634349823,-1,16,7,2,6,-11,-7,-10,-23,-24,5,8,-13,-19,sil
11.5511634349823,-10,21,7,12,-1,-2,3,-5,-23,-19,5,0,-13,-22,sil
11.566143035888672,-11,23,14,13,1,8,5,-3,-20,-18,2,0,-7,-12,sil
11.566143035888672,-13,3,9,11,10,20,10,-3,-10,-12,-21,-8,-18,-15,sil
11.582334995269775,-9,0,3,19,15,21,21,4,3,7,-23,-14,-17,-10,sil
11.582334995269775,3,16,9,34,15,17,20,12,10,23,1,-4,0,8,sil
11.598366260528564,5,7,9,26,2,12,7,3,10,25,4,-3,5,9,sil
11.598366260528564,-2,-12,6,2,-6,3,-1,-3,3,32,-1,-8,0,9,sil
11.613986253738403,0,-15,-2,-1,0,0,5,-1,2,35,0,-5,0,20,sil
11.613986253738403,4,-17,-11,0,0,0,10,0,9,16,-6,-5,-1,17,sil
11.630022525787354,0,-20,-9,-2,-10,-2,4,7,15,4,-19,-7,0,5,sil
11.630022525787354,-11,-22,-18,-17,-10,-7,-3,9,11,1,-13,-7,5,0,sil
11.645330429077148,-18,-28,-25,-33,-7,-11,-14,1,0,-9,-8,-13,0,-6,sil
11.645330429077148,-14,-22,-20,-25,-14,-8,-20,-3,0,-11,-11,-20,-3,-12,sil
11.660459995269775,-5,-8,-16,-17,-16,-9,-18,-3,2,-12,-16,-16,-4,-12,sil
11.660459995269775,0,-7,-13,-27,-11,-14,-17,0,0,-19,-12,-5,-5,-14,sil
11.675981998443604,6,-2,-8,-18,-4,-11,-13,0,-4,-10,0,3,0,-1,sil
11.675981998443604,6,11,2,-6,1,-2,-10,-6,-12,-13,7,11,0,4,sil
11.691634893417358,5,15,8,-6,7,-1,-6,-7,-13,-27,18,15,0,-3,please
11.691634893417358,12,15,15,7,10,-1,-5,-4,-7,-16,25,14,0,-4,please
11.706726789474487,9,19,23,21,8,4,-2,-1,-5,-4,17,19,-4,2,please
11.706726789474487,-5,23,15,18,8,2,-2,-2,-5,-8,8,13,-10,0,please
11.722551345825195,-9,25,13,22,12,0,-6,-10,-11,-4,5,0,-14,-7,please
11.722551345825195,1,18,20,31,12,13,7,-11,-14,12,4,-4,-8,-7,please
11.737932920455933,4,0,14,20,10,26,28,0,-6,23,6,0,4,0,please
11.737932920455933,-7,-12,1,6,7,23,28,8,-4,17,-4,-8,4,8,please
11.754047393798828,-8,-11,-10,3,1,14,23,12,1,7,-20,-15,0,18,please
11.754047393798828,8,-3,-5,0,1,4,20,22,34,14,-1,6,20,27,please
11.77009654045105,19,0,0,-2,0,-5,12,26,61,39,23,22,38,21,please
11.77009654045105,10,-1,-9,-7,-5,-7,5,10,42,35,11,7,20,0,please
11.785334348678589,2,-9,-15,-17,-8,-6,2,-6,5,0,-8,-1,2,-8,please
11.785334348678589,5,-9,-9,-13,-12,-11,-2,-10,-9,-9,0,6,15,-2,please
11.801516056060793,8,-5,-1,-10,-22,-19,-7,0,-14,-7,8,13,20,0,please
11.801516056060793,6,0,0,-16,-14,-16,-5,6,-8,-16,0,10,5,0,please
11.817169427871704,1,4,2,-7,4,-6,-4,0,-4,-20,-11,-2,-11,-8,please
11.817169427871704,-9,4,3,5,6,0,-9,-11,-20,-22,-15,-13,-27,-26,please
11.83246088027954,-12,0,0,7,0,0,-15,-14,-24,-17,0,-8,-25,-19,please
11.83246088027954,-4,9,17,15,7,0,-18,-8,-9,0,13,0,-6,2,please
11.848493337631226,-2,21,26,33,17,12,-6,-16,-21,0,0,-7,-9,6,please
11.848493337631226,-8,8,7,29,10,20,5,-23,-39,-13,-21,-19,-28,0,please
11.86454176902771,-10,-8,-1,7,0,14,8,-4,-13,3,-21,-19,-21,4,please
11.86454176902771,-12,-14,-15,-7,-6,6,8,15,27,31,-10,-14,0,8,please
11.88013768196106,-15,-22,-32,-25,-15,-6,-4,13,30,11,-9,-9,2,2,please
11.88013768196106,-8,-23,-26,-36,-13,-16,-15,9,15,-14,-11,-6,-2,-3,please
11.8953275680542,-3,-19,-19,-32,-9,-11,-10,11,17,-4,-15,-9,0,-6,please
11.8953275680542,-7,-19,-15,-21,-11,-5,-4,4,20,2,-11,-1,5,-2,please
11.911682367324827,5,-2,-3,-3,-2,-5,-2,0,11,-6,8,12,13,4,please
11.911682367324827,22,20,8,8,11,-5,-3,0,-7,-11,24,20,17,3,please
11.927330255508425,15,17,8,0,10,-3,-5,1,-14,-10,22,20,10,-6,please
11.927330255508425,11,11,8,-7,6,0,0,1,4,-3,29,20,12,-3,please
11.942034244537354,26,23,32,10,11,0,7,5,15,19,46,28,30,17,please
11.958122730255129,28,28,42,35,14,0,9,3,4,33,42,28,28,22,please
11.958122730255129,12,19,19,27,13,5,2,-15,-14,-1,6,9,-6,-4,please
11.958122730255129,-7,12,0,5,5,11,-4,-27,-37,-37,-25,-16,-36,-30,please
11.97402000427246,-19,0,-6,4,-2,8,0,-17,-47,-24,-25,-25,-32,-24,please
11.97402000427246,-14,-10,-2,10,-2,13,8,0,-24,0,-12,-11,-14,0,please
11.989101648330688,-9,-11,-9,1,-2,16,14,9,10,13,-17,-7,-4,9,please
12.005241632461548,-28,-25,-23,-18,-14,0,11,14,11,22,-34,-27,-11,-2,please
12.005241632461548,-39,-38,-25,-19,-16,0,7,13,1,7,-40,-40,-20,-14,please
12.005241632461548,-17,-23,-16,0,-1,11,13,11,21,1,-18,-24,-4,-4,please
12.020296096801758,2,-8,-4,0,10,3,13,13,44,23,8,4,17,12,please
12.036336898803713,8,-3,-3,-11,6,-5,5,14,43,27,11,17,15,18,please
12.036336898803713,16,7,-3,-7,-7,-6,-1,5,26,5,3,14,9,14,please
12.036336898803713,25,14,13,1,-16,-12,-8,-4,7,1,18,24,18,13,please
12.058005809783936,22,11,14,1,-5,-14,-11,-7,0,2,33,35,25,20,please
12.058005809783936,11,1,-4,-17,-4,-11,-13,-6,-8,-12,22,30,23,16,please
12.067328214645386,6,-4,-7,-36,-17,-15,-15,-13,-18,-18,7,11,14,0,please
12.08266830444336,9,13,13,0,-6,-14,-14,-22,-29,-19,0,-1,-5,-11,please
12.08266830444336,7,31,28,42,18,0,-6,-17,-33,-26,-6,-7,-21,-12,please
12.09851884841919,0,18,15,28,18,7,1,0,-14,-13,1,-5,-6,-11,please
12.09851884841919,-2,10,12,7,9,-5,-4,7,1,3,16,-3,10,-6,please
12.114070653915403,-1,10,13,17,11,-6,-2,3,0,9,5,-13,0,0,please
12.114070653915403,-17,-12,-5,6,3,13,12,5,-5,7,-21,-28,-21,-3,please
12.130093097686768,-30,-26,-20,-12,-3,21,12,13,4,0,-35,-30,-26,-9,please
12.130093097686768,-15,-16,-26,-12,3,7,3,7,19,0,-25,-20,-9,-6,please
12.145243406295776,4,-11,-18,-17,0,-7,-7,-6,16,2,-3,1,7,-2,please
12.145243406295776,11,0,1,-12,-11,-13,-21,-19,-12,-14,14,18,3,-4,please
12.161256313323976,4,16,8,12,-2,0,-15,-26,-44,-36,6,6,-19,-11,please
12.161256313323976,-4,6,3,15,7,22,8,-10,-33,-12,-10,-2,-23,-6,please
12.176815748214722,8,-2,7,11,8,26,23,16,13,39,3,9,8,18,please
12.176815748214722,27,4,19,22,7,6,13,24,37,47,31,28,28,32,please
12.192285299301147,19,0,7,8,3,-10,-1,23,36,16,30,29,20,20,please
12.192285299301147,4,-11,-10,-23,-5,-16,-10,20,31,-2,14,16,16,6,please
13.743440628051758,0,5,1,-13,-17,-32,-23,-10,-25,-47,-9,5,-13,-15,please
13.743440628051758,6,-1,1,-12,-10,-17,-1,4,-6,-34,7,12,-4,-7,please
13.759751081466677,9,10,17,13,5,-2,-1,-1,-1,-25,16,25,-3,-7,please
13.759751081466677,0,26,24,34,17,3,-2,-7,-14,-21,4,20,-14,-17,please
13.775579929351808,0,26,20,41,20,21,17,5,0,6,9,7,-3,-7,please
13.775579929351808,8,23,36,47,15,35,24,6,10,18,20,15,9,7,please
13.7903151512146,7,13,37,46,3,20,12,-5,-8,0,11,24,0,8,please
13.7903151512146,-5,-4,11,30,-6,0,7,-6,-23,-11,5,8,-8,0,please
13.805783987045288,-3,2,9,27,-2,4,9,-3,-12,-1,20,3,0,5,please
13.805783987045288,13,23,23,41,8,9,15,-2,0,9,22,17,8,21,please
13.8213951587677,11,12,13,27,3,3,10,0,-4,10,-2,3,0,14,please
13.8213951587677,0,-7,-10,0,-2,5,0,-2,-3,2,-12,-22,-1,2,please
13.83740735054016,1,-6,-15,-5,10,8,9,0,13,9,3,-4,16,12,please
13.83740735054016,0,-3,-11,-2,13,10,21,10,18,28,4,6,26,15,please
13.85211944580078,-3,-6,-13,-4,-2,6,9,8,13,31,-5,-12,16,6,please
13.85211944580078,9,-4,-6,-9,-8,-11,-11,1,11,26,2,-15,10,10,please
13.86717677116394,12,-12,-11,-19,-6,-26,-19,1,5,27,0,-10,2,7,please
13.86717677116394,0,-27,-26,-38,-10,-20,-25,1,0,4,-24,-15,-10,-8,please
13.883404731750488,-4,-21,-19,-44,-10,-8,-21,0,5,-19,-18,0,-7,-5,please
13.883404731750488,-5,-7,-13,-27,-2,-9,-6,0,8,-11,0,2,0,0,please
13.899028539657593,-12,-14,-18,-24,0,-13,-3,0,7,-1,-8,-13,-3,-7,please
13.899028539657593,-6,-19,-22,-36,-9,-8,-6,-2,17,0,-19,-7,4,-10,please
13.914103269577026,5,0,-8,-27,-11,-1,-12,-1,11,0,-7,7,7,-5,please
13.914103269577026,2,13,12,-5,5,-3,-18,1,-14,-23,-5,-1,-15,-15,please
13.929673910140991,-11,0,1,-9,2,-9,-13,0,-23,-42,-13,-15,-26,-23,please
13.929673910140991,-19,-6,-10,-28,-13,-6,-8,-4,-16,-35,-1,-8,-16,-16,please
13.944865703582764,-14,12,-2,-9,0,0,-6,-9,-16,-25,10,4,-15,-15,please
13.944865703582764,1,26,16,26,17,7,0,-12,-27,-23,0,5,-23,-18,please
13.96125864982605,10,15,30,27,4,12,5,-4,-33,-16,-3,-1,-17,-6,please
13.96125864982605,3,1,16,13,0,11,7,-2,-22,-4,3,-3,-2,4,please
13.977341890335085,-4,6,8,24,14,15,12,-7,-12,8,4,6,0,6,please
13.977341890335085,0,10,14,45,18,27,28,8,2,34,4,8,8,12,please
13.993422508239746,0,1,3,36,6,17,30,19,23,45,8,0,16,13,please
13.993422508239746,0,-1,-1,16,-4,0,17,2,23,23,1,-2,12,6,please
14.009451627731323,4,0,5,13,-6,10,14,0,17,9,-1,-1,9,10,please
14.009451627731323,2,-5,-3,2,-3,12,12,13,18,15,1,-4,10,13,please
14.02508544921875,2,0,-8,0,0,-6,6,3,12,13,9,2,14,9,please
14.02508544921875,14,12,7,17,8,-2,9,-5,9,10,14,11,15,8,please
14.04011368751526,4,5,4,4,5,8,11,0,15,8,-1,1,3,4,please
14.04011368751526,-13,-11,-27,-30,-6,-3,0,0,12,0,-19,-9,-6,-6,please
14.062107801437378,-3,-12,-24,-27,-5,-16,-17,0,3,-7,-9,-3,-1,-4,please
14.063112735748293,6,-8,0,-3,1,-15,-18,10,11,1,8,3,2,4,please
14.063112735748293,-3,-12,-4,-9,-6,-16,-13,5,26,13,13,6,6,6,please
14.07112193107605,-7,-15,-7,-19,-16,-14,-19,-2,11,6,9,11,9,0,please
14.08603048324585,0,-10,2,-5,-13,-8,-18,-2,-19,-19,3,5,1,-3,please
14.08603048324585,4,-3,5,0,-11,-7,-8,-5,-28,-38,1,6,-5,-3,please
14.101341724395752,11,2,1,-9,-9,-6,-10,-1,-14,-19,12,17,2,0,please
14.116903305053713,16,5,5,-12,0,-5,-11,0,-9,7,14,15,9,8,please
14.116903305053713,7,11,16,-1,15,-5,-3,-10,-18,-2,0,7,-2,5,please
14.116903305053713,0,14,13,5,16,-4,-1,-12,-14,-20,0,6,-10,-8,please
14.132226467132568,4,14,5,-2,5,-1,-6,-5,-11,-23,8,6,-5,-14,please
14.148289680480955,15,21,18,0,-1,3,-5,-4,-16,-16,4,7,-1,-5,please
14.148289680480955,14,24,22,25,0,8,2,-1,-9,-2,-6,0,-2,3,please
14.148289680480955,-1,8,5,23,2,11,2,3,-6,-2,-22,-14,-10,0,please
15.75822377204895,-8,16,7,10,8,11,-10,-7,-20,-18,-9,-10,-21,-18,please
15.75822377204895,-12,12,13,34,14,31,18,-3,-2,8,-21,-20,-18,-6,please
15.773404598236084,-23,-15,-8,-1,0,10,25,0,5,10,-34,-26,-24,-1,please
15.773404598236084,-19,-25,-22,-27,-6,1,23,7,10,-2,-34,-22,-16,-6,please
15.789427995681764,-1,-15,-14,-12,-7,3,17,4,17,0,-27,-12,1,-2,please
15.789427995681764,-1,-25,-15,-24,-23,-8,-2,0,14,1,-26,-8,0,-2,please
15.80501127243042,-2,-28,-24,-40,-28,-5,-5,8,13,3,-13,-1,0,-3,please
15.80501127243042,18,0,0,-16,-10,4,1,11,10,11,12,23,17,12,please
15.821094989776611,32,15,19,5,0,-8,-8,0,4,15,28,33,20,24,please
15.821094989776611,16,8,8,2,0,-21,-22,-6,2,7,23,11,0,2,please
15.83644151687622,2,8,6,0,3,-10,-18,-4,-6,-9,11,-2,-12,-16,please
15.83644151687622,4,10,10,2,2,-5,-8,-2,-17,-16,12,4,-4,-6,please
15.85208797454834,4,8,6,0,4,-8,-3,-2,-15,-5,21,13,5,5,please
15.85208797454834,0,16,11,10,12,7,0,-3,-4,9,27,11,6,0,please
15.868035554885864,0,18,19,29,13,15,0,-5,-7,6,21,1,1,-4,please
15.868035554885864,3,10,21,36,9,6,-2,-5,-15,-2,4,1,-1,0,please
15.883187770843506,0,9,12,36,11,9,6,0,-5,2,0,7,0,6,please
15.883187770843506,-4,2,5,29,8,17,12,0,0,6,9,2,5,9,please
15.8983895778656,-5,-14,-1,12,3,13,10,-3,-5,1,2,-10,0,8,please
15.8983895778656,-12,-24,-16,-2,0,3,8,-4,-10,0,-26,-25,-20,0,please
15.914437294006348,-24,-29,-26,-16,-16,0,6,8,-2,-10,-41,-32,-23,-4,please
15.914437294006348,-24,-33,-35,-31,-25,1,9,15,17,-9,-27,-23,0,-1,please
15.930411338806152,-11,-28,-32,-38,-15,2,11,6,28,5,-11,-6,15,3,please
15.930411338806152,0,-15,-13,-29,-9,-14,-2,2,19,9,-3,0,11,5,please
15.945709943771362,8,4,0,-5,-7,-30,-20,2,5,-3,4,7,12,0,please
15.945709943771362,11,22,8,3,2,-17,-18,-4,0,-12,14,17,16,-7,please
15.961331844329834,13,26,6,-2,11,-2,-1,-4,1,-8,23,19,18,-2,please
15.976688146591188,15,27,7,-4,10,-11,-8,0,-2,-9,24,15,12,1,please
15.976688146591188,9,28,16,3,7,-17,-21,-3,-17,-14,3,5,-7,-13,please
15.976688146591188,0,19,13,13,5,3,3,0,-12,-2,-13,-11,-20,-21,please
15.99280071258545,-5,8,12,16,8,23,26,0,2,11,-9,-10,-16,-4,please
15.99280071258545,0,6,9,16,11,21,13,-4,1,12,-3,1,-12,3,please
16.008511781692505,0,0,0,13,10,18,7,-7,-13,0,-13,-8,-21,-7,please
16.008511781692505,-14,-8,-7,6,3,22,17,-4,-17,0,-22,-28,-29,-12,please
16.023361682891846,-18,-17,-14,-10,-12,12,7,0,0,8,-20,-25,-23,-3,please
16.03843855857849,-3,-22,-11,-29,-16,0,-3,7,12,9,-16,-7,-5,5,please
16.03843855857849,3,-19,-4,-21,-6,0,0,8,10,7,-11,0,4,7,please
16.054466485977173,0,-9,0,-5,-1,-1,-2,0,5,12,0,6,7,10,please
16.054466485977173,10,1,8,1,0,-10,-11,4,15,22,17,23,26,24,please
16.054466485977173,19,6,14,7,2,-14,-5,10,26,20,30,36,41,32,please
16.0754873752594,8,0,9,0,-3,-23,-8,1,11,0,19,26,27,12,please
16.0754873752594,3,-9,0,-15,-7,-27,-14,-1,-2,-8,9,12,14,-3,please
16.086029529571533,11,-10,2,-5,-4,-15,-11,0,0,-5,23,17,17,4,please
16.101097106933594,12,0,14,11,-3,-2,-8,-8,-9,-20,32,22,11,1,please
16.101097106933594,6,9,8,13,0,3,-3,-14,-22,-33,16,9,0,-7,please
16.116738319396973,2,10,1,9,4,3,-3,-4,-20,-26,0,0,-7,-3,please
16.116738319396973,0,7,0,12,9,0,-3,0,-9,-9,0,-6,-7,0,please
16.132105112075806,-3,14,0,14,9,9,1,0,-3,0,0,-16,-8,-6,please
16.132105112075806,-9,13,-2,11,5,20,7,1,-10,-8,-12,-24,-19,-17,please
16.147785186767578,-17,0,-13,11,0,21,12,-1,-7,-5,-25,-34,-26,-22,please
16.147785186767578,-22,-6,-12,6,-1,18,22,0,4,11,-26,-33,-17,-10,please
16.163824558258057,-24,-9,-11,0,-4,9,28,5,12,14,-25,-26,-12,0,please
16.163824558258057,-26,-23,-27,-17,-11,3,21,7,10,10,-26,-26,-15,-4,please
16.17953062057495,-21,-28,-32,-37,-10,7,9,11,14,17,-21,-14,-2,-2,please
16.17953062057495,-2,-12,-16,-28,-5,-4,-2,10,19,18,-8,8,14,10,please
16.195406436920166,15,5,2,-7,1,-21,-13,0,9,4,4,19,12,10,please
16.195406436920166,16,15,11,0,10,-8,-7,-1,8,10,21,22,16,2,please
16.211413621902466,15,16,11,0,14,-6,-4,-1,12,20,34,28,28,4,please
16.211413621902466,18,18,15,1,10,-24,-25,-11,-11,-5,23,24,9,-3,please
16.227384567260742,11,18,13,15,0,-22,-32,-13,-32,-29,2,0,-13,-20,please
16.227384567260742,0,12,14,18,2,-4,-13,-3,-18,-21,-1,-6,-7,-17,please
16.242531538009644,0,0,13,-2,2,2,0,-1,-10,-19,0,2,-3,0,sil
16.242531538009644,0,-5,2,-9,-7,1,-6,-10,-28,-25,-13,-7,-20,-2,sil
16.258151531219482,0,5,15,12,-5,1,-9,-11,-27,-8,-11,-10,-20,-8,sil
16.258151531219482,12,15,29,28,8,17,3,0,3,13,13,10,0,12,sil
16.274068355560303,11,1,12,17,5,23,14,2,14,9,17,14,4,31,sil
16.274068355560303,0,-13,-5,2,-7,7,14,3,3,0,-2,2,-2,18,sil
16.28945302963257,1,-15,-9,-2,-8,1,21,13,15,12,-4,2,2,9,sil
16.28945302963257,0,-13,-7,-7,-6,10,24,21,32,23,5,2,11,21,sil
16.305421590805054,-5,-17,-14,-10,-10,7,14,9,24,21,0,-3,9,19,sil
16.305421590805054,-3,-16,-15,-12,-5,1,12,0,8,10,-15,-2,6,3,sil
16.320480823516846,-2,-10,-11,-11,0,2,12,7,10,2,-15,-1,10,0,sil
16.320480823516846,-4,-1,-18,-7,0,-6,-1,8,21,0,-2,-6,17,0,sil
16.336045742034912,1,5,-15,-5,7,-11,-11,-2,18,-3,8,1,12,-7,sil
16.336045742034912,7,8,-1,-7,6,-6,-12,0,7,-4,15,9,4,-11,sil
16.351621389389038,1,5,2,-12,-3,-17,-27,-3,-10,-9,9,1,-2,-17,sil
16.351621389389038,-7,5,2,-8,-1,-25,-36,-16,-32,-19,3,-6,-12,-28,sil
16.36707830429077,-9,15,7,7,7,-5,-16,-17,-37,-18,13,0,-12,-22,sil
16.36707830429077,-8,19,21,20,9,12,0,-7,-28,-7,13,2,-7,-9,sil
16.38309383392334,-14,4,13,21,9,15,12,0,-12,7,-8,-8,-9,-6,sil
16.38309383392334,-18,-11,-6,9,4,15,24,1,2,13,-22,-18,-13,-12,sil
16.398234844207764,-10,-11,-4,0,-5,13,20,8,9,8,-15,-13,-8,-6,sil
16.398234844207764,0,-9,-3,2,-7,5,12,11,18,13,-10,-6,0,12,sil
16.41384720802307,3,-13,-12,-8,-5,-9,5,1,19,9,-6,1,10,16,sil
16.41384720802307,16,-3,-9,-24,-8,-27,-11,-7,0,-12,0,18,15,12,sil
16.429715156555176,31,17,9,-6,-8,-30,-26,-5,-18,-23,9,21,10,14,sil
16.429715156555176,23,24,24,17,0,-2,-17,-1,-18,-16,10,5,2,11,sil
16.445311546325684,-1,10,4,12,9,20,0,-3,-7,-5,-4,-10,-3,3,sil
16.445311546325684,-18,-11,-13,-7,2,12,-3,-4,-14,-3,-26,-19,-16,-5,sil
16.460466623306274,-18,-26,-12,-16,-14,0,0,-2,-12,-6,-29,-26,-21,-13,sil
16.460466623306274,-8,-24,-13,-14,-11,4,10,5,14,0,-7,-14,0,-5,sil
16.476327419281006,7,-7,-4,-4,5,6,6,13,29,12,14,12,20,8,sil
16.476327419281006,20,9,12,7,8,-4,-1,8,13,0,20,26,16,5,sil
16.492529153823853,20,16,19,5,1,-15,-7,0,-4,-21,19,28,1,-1,sil
16.492529153823853,8,14,14,4,0,-14,-10,0,-8,-12,28,24,0,-1,sil
16.507484436035156,-3,13,5,19,6,2,2,-2,-9,4,22,5,-2,-4,sil
16.507484436035156,-11,16,4,28,18,22,19,-4,-6,10,1,-8,-16,-6,sil
16.52337646484375,-13,15,-2,28,19,24,20,-3,4,25,-5,-11,-20,0,sil
16.52337646484375,-19,4,-9,14,4,14,16,-4,4,22,-10,-19,-17,-2,sil
16.5390362739563,-21,-15,-11,-6,-6,9,20,3,7,9,-24,-26,-8,0,sil
16.5390362739563,-3,-21,-11,-11,-5,4,16,20,31,28,-11,-7,12,16,sil
16.554184675216675,16,-8,-2,-7,-3,-3,5,23,43,37,14,24,33,30,sil
16.554184675216675,21,0,-1,-15,-2,-7,-5,8,32,14,22,29,30,21,sil
16.56958556175232,15,0,0,-25,0,-14,-24,-7,9,-3,18,14,14,0,sil
16.56958556175232,9,3,5,-11,1,-18,-27,-14,-12,-9,16,4,8,-9,sil
16.585418939590454,3,14,8,7,0,-3,-6,-15,-17,-17,6,1,4,-6,sil
16.585418939590454,0,6,9,1,1,11,7,-8,-16,-21,-6,-4,-11,0,sil
16.60152292251587,-2,-19,2,-13,-6,7,8,-1,-16,-9,-20,-16,-19,1,sil
16.60152292251587,-6,-30,-6,-21,-24,-9,-1,0,-18,-2,-31,-22,-13,-2,sil
16.617430925369263,-10,-21,-12,-29,-32,-22,-24,-4,-21,-21,-31,-14,-10,-18,sil
16.617430925369263,-10,-12,-16,-26,-15,-23,-32,-9,-26,-43,-14,-8,-8,-28,sil
16.632580995559692,-2,3,6,0,10,-9,-25,-9,-29,-36,4,-1,-6,-17,sil
16.632580995559692,3,21,21,31,17,9,-12,-5,-20,-17,4,3,-10,-7,sil
16.648221254348755,-2,12,5,35,11,18,9,3,0,-3,-10,-3,-9,-6,sil
16.648221254348755,-9,-8,-5,13,7,10,27,11,17,23,-9,-2,8,7,sil
16.66343855857849,-2,-11,-12,-2,0,-3,13,5,13,30,0,8,21,16,sil
16.66343855857849,0,0,-7,-6,-10,-15,-9,0,-2,-11,0,12,9,0,sil
16.679409742355347,0,13,6,4,-6,-13,1,1,0,-24,7,9,0,-13,sil
16.679409742355347,-2,24,13,16,8,5,19,2,5,5,24,6,0,-6,sil
16.69481134414673,-8,22,10,20,16,24,17,3,5,20,20,-1,2,5,sil
16.69481134414673,-5,4,1,25,13,23,14,6,21,30,8,-9,3,18,sil
16.710530757904053,8,-7,0,17,10,14,15,13,34,44,11,1,7,26,sil
16.710530757904053,15,0,0,0,6,6,10,14,36,40,20,19,16,29,sil
16.726063013076782,10,4,-11,-13,0,-11,-3,-2,26,14,12,16,15,17,sil
16.726063013076782,9,-4,-12,-16,-4,-19,-14,-13,-1,-7,0,3,0,-2,sil
16.741154432296753,18,3,3,-10,-5,-4,-6,-2,-11,-7,6,7,0,-3,sil
16.741154432296753,11,17,12,-7,-3,1,-9,-5,-11,-13,8,3,-1,-7,sil
16.756441831588745,-17,1,-4,-9,-7,0,-21,-25,-35,-33,-27,-30,-32,-34,sil
16.772051095962524,-32,-18,-16,-5,-12,6,-9,-15,-38,-19,-52,-44,-48,-34,sil
16.772051095962524,-9,-14,-2,-2,-5,16,10,13,-2,6,-23,-16,-22,0,sil
16.772051095962524,13,-12,0,-4,5,10,9,9,14,3,1,2,0,12,sil
16.78747034072876,10,-23,-3,-10,1,0,0,-2,6,0,-2,4,6,11,sil
16.803064584732056,1,-21,-4,-10,-8,-7,-4,5,9,6,-3,11,16,16,sil
16.803064584732056,1,-1,-6,-5,-1,-18,-7,6,6,0,3,14,13,7,sil
16.818268537521362,5,16,4,-3,3,-20,-8,0,-7,-10,9,17,6,-7,sil
16.818268537521362,12,19,18,3,-3,-10,-3,5,-3,-4,19,19,14,-3,sil
16.83529496192932,11,16,20,14,0,-3,0,7,0,-8,26,9,17,1,sil
16.83529496192932,-2,18,14,20,10,0,2,-2,-11,-16,18,-7,-2,-5,sil
16.83529496192932,-12,11,8,21,9,7,10,-7,-19,-12,2,-15,-16,-8,sil
16.850354433059692,-13,-9,1,12,6,16,9,-4,-18,-7,-8,-14,-8,-5,sil
16.86641240119934,-25,-22,-18,1,4,21,9,0,-4,3,-20,-22,-7,-4,sil
16.86641240119934,-30,-20,-26,-6,2,13,18,2,17,15,-26,-23,-8,1,sil
16.882383584976196,-4,-14,-13,-17,-1,-7,14,2,23,11,-14,-4,8,9,sil
16.882383584976196,12,-11,-10,-23,-15,-21,-8,0,8,0,0,11,17,8,sil
16.8970890045166,0,-8,-9,-22,-20,-16,-18,-1,0,-6,2,18,8,4,sil
16.8970890045166,7,1,0,-13,-8,-6,-8,-1,11,0,14,23,17,3,sil
16.913403034210205,27,20,19,0,4,-4,-9,0,10,8,25,22,26,1,sil
16.913403034210205,22,25,26,12,6,-3,-15,-2,0,18,16,9,11,0,sil
16.928993701934814,5,16,12,24,8,2,-8,-8,0,22,3,-4,-9,0,sil
16.928993701934814,-4,8,2,15,11,14,0,-7,-7,9,-3,-11,-25,-6,sil
16.94424080848694,-15,1,-5,0,5,21,15,3,-11,0,-15,-19,-28,-8,sil
16.94424080848694,-14,-4,-11,0,2,18,29,12,9,7,-19,-24,-16,0,sil
16.959399938583374,0,-5,-4,5,4,10,19,15,27,18,-7,-8,0,9,sil
16.959399938583374,8,-2,-3,-3,-4,-5,0,7,18,8,0,7,12,10,sil
16.974894046783447,0,-5,-12,-22,-17,-23,-16,-9,-6,-17,0,5,8,-2,sil
16.974894046783447,-9,-9,-19,-28,-14,-25,-30,-15,-23,-26,1,4,-3,-18,sil
16.991495609283447,-1,-1,-5,-17,-4,-19,-30,-8,-31,-27,5,15,-4,-15,sil
16.991495609283447,12,16,18,5,2,-6,-10,-9,-28,-34,1,14,-6,-6,sil
17.007046699523926,11,17,16,19,7,12,7,-11,-16,-27,-4,-2,-20,-10,sil
17.007046699523926,-2,0,8,18,5,16,12,0,-11,-12,-5,-8,-23,-10,sil
17.023218631744385,-4,-8,13,24,3,13,22,11,-6,3,0,-4,-8,4,sil
17.023218631744385,2,-1,8,29,1,13,26,12,4,25,0,-5,4,13,sil
17.038806915283203,-3,-8,-4,8,-4,6,11,7,7,20,-9,-8,4,11,sil
17.038806915283203,-14,-20,-15,-7,-5,0,1,5,10,3,-15,-14,1,10,sil
17.05469846725464,-3,-12,-2,5,3,0,0,10,25,14,1,-2,11,12,sil
17.05469846725464,16,4,12,22,4,-2,0,10,37,29,23,18,26,18,sil
17.072521448135376,17,8,2,3,1,-5,-5,0,27,11,26,25,30,17,sil
17.072521448135376,7,8,-2,-16,2,-7,-13,-8,1,-9,15,21,20,3,sil
17.072521448135376,11,13,8,0,1,-10,-13,-8,-12,-8,14,18,12,-2,sil
17.088242053985596,10,13,8,11,0,-7,-13,-9,-13,-10,18,12,4,-3,sil
17.088242053985596,-4,6,-3,-4,1,-4,-19,-9,-14,-17,11,1,-3,-14,sil
17.102022409439087,-10,7,-3,-5,5,-1,-13,-5,-14,-13,4,-5,-2,-17,sil
17.117265701293945,-5,10,2,0,7,5,3,-1,-12,0,0,-10,-1,-11,sil
17.117265701293945,-9,-4,-13,-17,0,10,14,2,-5,14,-19,-23,-8,-7,sil
17.133069038391113,-18,-22,-22,-35,-4,12,26,9,5,17,-36,-31,-13,-1,sil
17.133069038391113,-17,-20,-13,-27,0,12,34,11,15,12,-24,-22,-9,6,sil
17.148775100708008,-12,-17,-19,-35,0,6,22,2,10,13,-15,-16,-9,16,sil
17.148775100708008,-18,-24,-28,-56,-6,0,8,1,1,8,-29,-24,-17,5,sil
17.16364097595215,-14,-19,-19,-39,-7,-8,0,6,14,1,-21,-26,-10,-15,sil
17.16364097595215,3,-6,0,-13,-7,-20,-17,1,27,3,9,1,16,-6,sil
17.179304838180542,18,0,9,-12,-8,-15,-22,-1,7,-2,18,30,25,9,sil
17.179304838180542,16,6,8,-2,-6,-5,-16,0,-19,-25,8,20,-6,-8,sil
17.19449257850647,3,14,17,18,-4,-6,-23,-8,-30,-40,2,2,-34,-27,sil
17.19449257850647,0,19,22,32,-2,-6,-22,-12,-25,-31,0,4,-20,-17,sil
17.20946216583252,9,24,25,46,6,-2,-5,-4,-15,-17,2,9,-6,-4,sil
17.20946216583252,15,25,30,61,7,6,6,-2,-11,-8,5,12,-11,0,sil
17.224628448486328,12,20,23,71,0,17,10,-6,-13,0,-3,11,-9,10,sil
17.224628448486328,5,14,19,66,9,22,14,0,-7,11,-5,7,0,23,sil
17.240177392959595,4,4,13,46,20,23,25,7,12,28,11,2,14,23,sil
17.240177392959595,0,-8,-4,15,9,19,23,7,21,34,12,0,18,11,sil
17.255351305007935,-7,-18,-18,-8,-7,2,9,7,19,21,-6,-3,7,4,sil
17.255351305007935,-11,-22,-23,-20,-11,-16,0,5,17,8,-11,-8,3,5,sil
17.27141284942627,-2,-18,-18,-32,-11,-24,-10,0,12,4,0,0,17,2,sil
17.27141284942627,7,-7,-12,-40,-7,-17,-13,3,14,7,17,14,33,5,sil
17.287304401397705,12,0,-4,-32,1,-8,-3,3,15,3,33,22,30,12,sil
17.287304401397705,13,6,4,-16,11,-2,0,-1,1,-5,32,17,17,6,sil
17.303070783615112,10,7,-1,-12,10,-2,-8,-3,-7,-4,24,17,15,0,sil
17.303070783615112,1,1,-5,-26,-2,-11,-27,-5,-10,-3,16,18,12,-7,sil
17.318663120269775,-2,0,-1,-25,-11,-6,-28,-9,-10,-9,7,4,-3,-17,sil
17.318663120269775,-5,5,0,-8,0,7,-1,-4,-13,-14,-10,-14,-24,-21,sil
17.334460735321045,-17,4,-4,-6,7,1,8,-5,-27,-27,-32,-29,-43,-24,sil
17.334460735321045,-21,4,-6,-2,4,-8,-1,-8,-26,-30,-31,-31,-40,-18,sil
17.349497318267822,-10,5,7,15,6,5,0,6,5,-1,-10,-13,-14,0,sil
17.349497318267822,-11,1,6,18,5,19,9,16,13,22,-7,-15,-4,7,sil
17.365556955337524,-24,-6,-14,2,0,17,9,-4,-16,12,-25,-39,-16,-5,sil
17.365556955337524,-17,-11,-10,1,3,24,17,-14,-20,0,-26,-33,-12,-8,sil
17.381155014038086,-1,-12,0,13,3,22,28,4,12,9,-13,-12,2,3,sil
17.381155014038086,-4,-16,-3,2,-11,-2,16,13,25,10,-13,-7,3,8,sil
17.39650249481201,4,-11,-2,-9,-14,-15,5,8,24,5,-11,-1,8,10,sil
17.39650249481201,28,1,11,1,0,-3,12,13,32,16,3,12,22,19,sil
17.412179708480835,19,-2,10,2,-3,0,9,11,24,24,10,16,21,16,sil
17.412179708480835,0,-13,-6,-12,-16,-16,-6,-1,0,11,5,14,8,6,sil
17.427618980407715,8,-2,-3,-18,-10,-22,-20,-6,-15,-19,6,18,2,3,sil
17.427618980407715,12,10,4,-13,1,-9,-17,-6,-16,-36,10,18,0,-4,sil
17.443730115890503,6,7,-4,-2,1,-3,-9,-8,-6,-20,12,14,-1,-11,sil
17.443730115890503,17,7,2,5,-2,-14,-11,-3,4,-4,20,24,1,0,sil
17.4595844745636,19,8,12,2,-4,-13,-12,0,0,-1,27,28,5,8,sil
17.4595844745636,0,10,13,1,6,3,-7,-7,-15,0,22,18,0,0,sil
17.47523069381714,-8,15,15,24,18,2,-3,-9,-21,-4,9,4,-4,-8,sil
17.47523069381714,-9,11,11,35,10,-3,-6,-8,-13,-9,0,-12,-11,-11,sil
17.49115824699402,-14,4,6,18,1,11,-10,-5,-7,-1,-9,-19,-16,-9,sil
17.49115824699402,-10,9,3,16,9,26,0,2,0,13,-10,-15,-9,-3,sil
17.506038188934326,-7,9,0,25,13,23,14,6,2,12,-10,-15,-4,-6,sil
17.506038188934326,-13,0,-5,13,5,21,18,4,4,10,-12,-16,-6,-6,sil
17.5222327709198,-9,-10,-17,-6,0,13,17,7,12,20,-9,-5,7,11,sil
17.5222327709198,-2,-19,-19,-20,-8,-2,11,10,8,10,-7,0,15,15,sil
17.538270473480225,-5,-26,-22,-27,-15,-3,7,5,1,-8,-14,-7,0,0,sil
17.538270473480225,0,-20,-19,-29,-12,1,6,8,15,-4,-12,-2,2,1,sil
17.55398988723755,20,-2,1,-19,-7,-13,0,16,24,4,4,14,23,18,sil
17.55398988723755,33,8,11,-7,-4,-33,-13,3,10,-2,17,23,27,20,sil
17.569595336914062,22,11,10,-8,1,-19,-21,-10,0,-4,22,22,15,6,sil
17.569595336914062,5,14,4,-9,3,-2,-13,-8,-9,0,21,8,0,-10,sil
17.584644079208374,-6,16,2,-1,2,-14,-8,-14,-34,-17,4,-8,-19,-23,sil
17.584644079208374,-4,14,9,6,12,-16,-7,-14,-30,-23,-3,-4,-16,-18,sil
17.600201845169067,0,7,4,12,13,4,3,0,1,0,2,-1,0,-3,sil
17.600201845169067,-17,-3,-8,6,-2,6,2,-2,0,0,-7,-16,-10,-9,sil
17.61573553085327,-28,-14,-11,-4,-9,4,-5,-16,-20,-14,-24,-26,-33,-25,sil
17.61573553085327,-17,-21,-4,0,-1,16,2,-7,-15,0,-17,-21,-28,-15,sil
17.63141679763794,-11,-23,-3,6,-1,18,9,7,7,21,-5,-14,-9,2,sil
17.63141679763794,-10,-12,-7,2,-6,16,9,13,24,25,-4,-4,4,11,sil
17.646429300308228,0,1,1,3,0,24,22,20,26,23,-1,2,8,20,sil
17.66194176673889,11,2,6,12,4,20,34,17,23,20,1,0,10,25,sil
17.66194176673889,15,-2,2,6,5,3,20,4,22,15,0,5,16,16,sil
17.677456378936768,10,0,1,-10,1,-7,0,0,12,2,0,12,13,2,sil
17.677456378936768,1,2,-2,-13,-8,-15,-11,0,0,-10,5,4,4,-3,sil
17.69298219680786,1,-1,-3,-14,-9,-26,-24,-6,-5,-22,2,3,5,-2,sil
17.69298219680786,6,-3,0,-15,-4,-28,-35,-11,-12,-26,-1,12,9,-4,sil
17.709006786346436,4,8,8,-4,-6,-17,-25,-11,-21,-24,8,16,9,-8,sil
17.709006786346436,10,24,26,7,0,-7,-8,-13,-26,-22,20,19,7,-7,sil
17.725051164627075,14,24,20,13,13,-6,-3,-13,-27,-25,5,8,-11,-11,sil
17.725051164627075,3,15,7,17,14,1,-4,-2,-20,-26,-16,-5,-24,-10,sil
17.741076231002808,0,11,8,25,14,23,16,16,4,5,-10,-6,-9,8,please
17.741076231002808,2,1,1,24,15,23,27,24,30,43,6,-2,3,26,please
17.741076231002808,0,-13,-4,5,-4,0,0,14,27,32,9,6,9,17,please
17.756080865859985,0,-10,-9,-9,-16,-12,-13,-1,4,0,9,19,18,3,please
17.772194623947144,0,4,-10,-4,-1,-9,-7,-15,-23,-15,9,8,2,-5,please
17.772194623947144,-13,-1,-5,7,0,2,-2,-17,-37,-18,-5,-19,-28,-20,please
17.787456035614014,-20,-11,-7,12,-3,22,18,-1,-10,3,-11,-21,-21,-13,please
17.787456035614014,-3,0,-2,12,5,30,36,17,32,41,5,3,9,16,please
17.803478717803955,3,0,-2,4,0,14,19,19,52,47,8,6,20,27,please
17.803478717803955,-6,-21,-19,-19,-19,-6,-2,13,46,19,-6,-2,8,16,please
17.81899356842041,-3,-22,-20,-40,-18,-15,-3,10,24,-4,-11,7,-1,1,please
17.81899356842041,7,-5,-7,-41,-8,-12,-9,-4,-7,-20,-13,0,-6,-17,please
17.83411169052124,-3,-3,-7,-33,-10,-17,-23,-21,-35,-23,-8,-24,-6,-28,please
17.83411169052124,-15,-6,-14,-17,0,-23,-23,-20,-37,-6,2,-20,-2,-20,please
17.849647521972656,-10,0,-2,-10,15,-9,-16,-16,-32,-7,-5,-12,-10,-18,please
17.849647521972656,-5,1,0,-18,14,9,-9,-8,-23,-24,-17,-23,-19,-23,please
17.864925622940063,-5,0,-5,-11,10,10,3,6,0,-3,1,-17,-2,-8,please
17.864925622940063,-1,10,9,13,13,0,8,4,11,18,17,4,12,9,please
17.881327152252197,7,22,20,28,10,0,7,-8,-1,4,8,5,7,6,please
17.881327152252197,13,21,21,31,2,7,5,-4,-13,-7,-2,0,-3,0,please
17.89684534072876,12,15,25,33,0,12,7,3,-4,1,-4,3,-4,6,please
17.89684534072876,13,7,12,30,0,4,13,5,11,4,0,11,8,16,please
17.912089109420776,14,-4,2,14,-4,0,16,8,12,1,4,12,13,17,please
17.912089109420776,1,-15,3,3,-8,4,11,13,10,7,-4,4,0,8,please
17.928110599517822,-10,-14,1,2,-6,2,0,12,18,2,-12,6,1,9,please
17.928110599517822,0,-7,0,-1,0,-7,-5,11,21,-8,1,23,21,21,please
17.94424080848694,14,-2,0,-1,-2,-15,-9,4,15,-4,24,24,23,17,please
17.94424080848694,1,0,-2,-3,-7,-18,-21,-7,-1,-9,17,10,0,-9,please
17.958966732025146,0,3,0,-13,-5,-11,-24,-14,-17,-27,3,7,-12,-20,please
17.958966732025146,13,18,8,-4,0,0,-12,-6,-15,-17,14,11,-5,-5,please
17.97459316253662,2,24,9,18,10,7,-3,-1,-13,4,16,0,-8,-7,please
17.97459316253662,-18,9,-2,26,18,16,3,-2,-14,10,-7,-10,-16,-16,please
17.990173816680908,-15,-2,-2,15,14,26,18,4,0,8,-16,-8,-10,-4,please
17.990173816680908,-1,-2,1,6,11,28,31,12,25,21,-6,-10,2,9,please
18.006062269210815,-3,-10,-13,-11,9,18,29,2,23,30,-12,-16,5,10,please
18.006062269210815,-12,-20,-27,-33,-9,-2,10,-6,6,17,-22,-15,0,4,please
18.021281719207764,-15,-24,-27,-31,-22,-23,-8,-2,10,7,-18,-17,-7,0,please
18.021281719207764,-10,-24,-20,-31,-14,-30,-15,1,9,3,-5,-12,-6,-4,please
18.03631615638733,6,-15,-17,-31,-31,-23,-12,-2,-7,-10,3,4,9,-5,please
18.03631615638733,16,-5,-11,-23,-50,-21,-22,-12,-20,-28,2,12,12,-3,please
18.051509618759155,4,-5,5,-19,-13,-23,-40,-14,-28,-26,6,11,0,-2,please
18.051509618759155,2,3,12,-9,21,-18,-30,-7,-33,-8,22,11,1,-2,please
18.067153692245483,14,26,23,14,15,0,-10,0,-21,-1,29,12,9,-2,please
18.067153692245483,15,32,38,38,17,17,7,6,8,4,21,10,3,2,please
18.089349031448364,4,21,26,42,29,26,31,10,27,15,2,-2,-5,7,please
18.089349031448364,-7,5,6,23,19,30,39,8,16,6,-21,-18,-17,0,please
18.089349031448364,-19,0,-6,11,10,29,28,3,0,-2,-26,-26,-20,-14,please
18.098459005355835,-14,3,-5,16,12,23,18,2,-6,8,-13,-20,-12,-7,please
18.11417961120605,0,1,1,16,6,17,14,4,-4,14,-11,-9,-5,11,please
18.11417961120605,2,-10,-5,0,-3,1,10,0,5,0,-11,0,1,14,please
18.12927293777465,-4,-19,-20,-23,-15,-23,-2,-4,6,-15,-7,0,4,0,please
18.12927293777465,-7,-18,-26,-29,-23,-31,-17,0,0,-14,-12,-5,0,-7,please
18.145081043243408,1,-8,-9,-12,-16,-17,-18,5,8,-9,-6,0,7,0,please
18.145081043243408,20,2,13,2,2,-7,-8,5,18,-2,22,25,27,13,please
18.16018795967102,22,10,10,0,5,-8,-10,0,3,2,31,34,24,12,please
18.16018795967102,5,11,0,-7,-1,-12,-23,-6,-16,-9,17,19,1,-5,please
18.175482988357544,-3,13,2,-2,7,-1,-12,-6,-10,-15,13,1,-7,-19,sil
18.19150710105896,-2,22,16,18,23,17,7,-6,-4,3,9,-5,-7,-14,sil
18.19150710105896,-2,18,18,29,20,24,9,-5,-5,20,-2,-3,-7,0,sil
18.19150710105896,-13,-7,-7,4,3,15,8,5,3,24,-12,-12,-4,5,sil
18.20712399482727,-24,-21,-24,-23,-10,3,13,12,16,22,-16,-23,-5,-2,sil
18.20712399482727,-17,-12,-14,-13,-14,0,11,7,17,18,-16,-13,0,-1,sil
18.22203540802002,-4,-12,-5,-4,-10,1,3,2,10,2,-10,4,11,9,sil
18.2381329536438,-3,-20,-9,-22,-15,-2,-5,0,0,-9,-3,8,9,3,sil
18.2381329536438,3,-13,-9,-22,-20,-23,-14,-4,-7,-6,0,6,3,-2,sil
18.2381329536438,14,-2,11,-8,-9,-33,-16,-8,-12,-6,7,16,7,5,sil
18.253308534622192,16,7,20,0,0,-16,-13,-9,-5,-13,19,24,12,10,sil
18.26854968070984,19,19,19,10,-1,-1,-13,-6,0,-16,26,17,8,2,sil
18.26854968070984,18,22,26,25,0,3,-7,-5,-16,-16,16,0,-5,-3,sil
18.26854968070984,3,14,15,33,12,10,1,-8,-28,-14,0,-13,-19,-6,sil
18.28412437438965,-6,8,5,31,20,12,3,-2,-14,-10,0,-8,-21,-5,sil
18.29929661750793,-5,0,7,21,10,13,10,8,5,2,0,-7,-14,0,sil
18.29929661750793,-3,-9,-4,10,-5,22,24,12,18,22,-13,-18,-12,2,sil
18.315359354019165,-3,-16,-18,-3,0,20,28,11,23,29,-24,-18,-8,8,sil
18.315359354019165,-6,-20,-27,-19,8,2,25,8,25,21,-17,-10,1,9,sil
18.330511808395386,-7,-20,-23,-24,7,-9,13,7,22,2,-7,-4,8,4,sil
18.330511808395386,0,-10,-17,-20,8,-14,-4,5,10,-13,-6,1,5,-3,sil
18.34641981124878,-3,-8,-23,-28,-15,-27,-23,-3,-18,-30,-10,-2,-8,-22,sil
18.34641981124878,-11,-8,-12,-30,-37,-25,-31,-8,-35,-29,0,0,-12,-28,sil
18.36211609840393,5,19,17,6,5,1,-13,-2,-9,3,26,21,5,0,sil
18.36211609840393,18,37,33,32,33,17,5,-4,0,16,20,21,11,15,sil
18.37773871421814,-1,14,18,21,0,19,12,-9,-16,0,-6,-2,-2,-2,sil
18.37773871421814,-13,5,0,10,-4,24,12,-1,0,15,-5,-8,0,-1,sil
18.39328455924988,0,14,1,0,12,12,1,6,17,29,4,0,13,18,sil
18.39328455924988,6,-1,4,-5,-1,-7,-6,8,8,12,1,6,16,20,sil
18.40888810157776,10,-3,7,0,-3,-14,-7,3,5,-2,9,23,15,14,sil
18.40888810157776,10,14,7,-11,-9,-19,-18,-8,-3,-25,13,12,0,0,sil
18.42437243461609,-11,0,-7,-22,-37,-17,-25,-16,-33,-44,-6,-24,-18,-28,sil
18.42437243461609,-22,-5,-5,10,-6,10,3,0,-16,-6,-10,-14,-2,-20,sil
18.440475702285767,6,6,7,42,37,25,35,15,38,43,3,14,20,17,sil
18.440475702285767,19,-11,2,10,14,7,23,4,30,25,0,4,15,20,sil
18.45613026618957,-2,-24,-13,-19,-4,-7,-1,-2,-7,-4,-8,-11,9,4,sil
18.45613026618957,-8,-10,-19,-12,10,-11,-9,-2,-12,-1,0,0,7,4,sil
18.47162079811096,3,-12,-7,-15,2,-10,-19,-11,-16,-12,3,6,-8,-9,sil
18.47162079811096,0,-1,0,-21,-13,-6,-20,-13,-17,-28,2,-4,-19,-29,sil
18.48733115196228,-13,18,0,-6,-6,-6,-8,-2,2,-20,0,-14,-22,-21,sil
18.48733115196228,-19,3,-4,7,4,5,0,4,17,-3,-17,-18,-30,-15,sil
18.50344038009644,-19,-11,-9,10,4,23,13,9,19,9,-35,-28,-25,-14,sil
18.50344038009644,-14,-4,-1,5,-2,18,24,18,22,20,-23,-24,0,0,sil
18.519225597381592,4,-11,3,0,-6,4,23,20,22,32,-2,-3,17,21,sil
18.519225597381592,19,-18,0,-5,-3,-1,12,6,9,32,2,6,13,28,sil
18.534359216690063,11,-8,-3,-10,-3,-12,1,-12,-10,4,0,3,0,9,sil
18.534359216690063,5,0,-2,-13,-13,-18,-3,-15,-17,-20,-2,7,-1,-5,sil
18.5495343208313,18,12,13,-9,-8,-8,-4,0,-2,-17,13,28,4,7,sil
18.5495343208313,24,25,23,5,12,-3,-1,7,8,-6,39,36,9,19,sil
18.56557583808899,11,20,15,19,16,-1,-8,-5,-2,-14,34,19,0,0,sil
18.56557583808899,-1,17,20,24,4,2,-20,-14,-21,-19,13,5,-10,-15,sil
18.58118748664856,-5,17,18,26,3,-1,-19,-7,-23,-1,9,1,-7,-8,sil
18.58118748664856,-14,0,3,16,0,-7,-9,-4,-23,5,2,-3,-2,-1,sil
18.596996784210205,-10,-13,-3,12,-8,6,11,-1,-17,5,-5,-1,1,6,sil
18.596996784210205,5,-3,2,20,-6,17,20,5,0,18,2,8,17,16,sil
18.61251902580261,8,-1,1,4,0,3,-2,10,8,12,4,9,21,8,sil
18.61251902580261,5,-9,-5,-10,0,-7,-9,14,13,-4,5,10,15,5,sil
18.628350496292114,13,0,-2,-4,-2,-8,3,12,26,-8,14,23,19,10,sil
18.628350496292114,10,8,-2,-7,-4,-10,-1,-2,17,-8,11,21,17,-1,sil
18.64350199699402,-1,4,-5,-14,0,-10,-17,-13,-12,-18,6,9,2,-15,sil
18.64350199699402,-4,1,3,-2,3,-1,-12,-9,-28,-19,8,0,-9,-12,sil
18.659157037734985,-8,1,1,5,0,4,0,-7,-19,-11,-7,-15,-21,-16,sil
18.659157037734985,-14,0,-3,5,7,14,7,-1,-6,-5,-20,-26,-21,-13,sil
18.67522144317627,-16,-5,-7,0,5,23,17,0,-5,6,-25,-30,-17,0,sil
18.67522144317627,-26,-20,-32,-21,-10,15,14,-8,-9,10,-49,-52,-29,-8,sil
18.69124007225037,-27,-25,-35,-30,0,13,11,2,14,15,-52,-51,-22,-8,sil
18.69124007225037,2,-3,-15,-12,26,28,27,25,61,48,-10,-13,14,25,sil
18.70648074150085,16,10,-12,-8,19,18,25,20,56,50,1,3,24,32,sil
18.70648074150085,1,0,-20,-24,1,-10,2,5,17,10,-14,-9,3,4,sil
18.72220659255981,0,-4,-16,-27,-3,-20,-6,2,4,0,-6,-12,0,-3,sil
18.72220659255981,1,4,-6,-17,-6,-16,-13,-4,-9,-3,-2,-9,-8,-19,sil
18.73732852935791,-12,0,-8,-5,-18,-20,-24,-19,-35,-36,-21,-20,-29,-41,sil
18.73732852935791,-18,-9,-2,-3,-18,-15,-19,-19,-37,-43,-23,-22,-36,-32,sil
18.75374484062195,-7,-5,16,6,5,3,-1,-2,-14,-7,-10,-5,-21,-5,sil
18.75374484062195,4,2,26,27,16,5,4,9,13,16,12,21,11,13,sil
18.769115209579468,22,10,35,26,-1,-9,0,9,30,20,45,49,43,28,sil
18.769115209579468,31,10,35,11,-11,-22,-8,0,13,14,53,51,41,25,sil
18.784321546554565,21,0,25,4,-25,-29,-24,-7,-18,-12,40,39,17,3,sil
18.784321546554565,19,4,29,7,-33,-18,-22,-1,-19,-30,43,43,10,0,sil
18.7993323802948,26,24,42,28,0,0,0,0,-9,-22,48,47,12,7,sil
18.7993323802948,10,21,38,42,21,-1,-1,-9,-33,-28,25,26,1,0,sil
18.815283060073853,-16,-3,4,23,0,-1,-8,-6,-35,-27,0,0,-6,-11,sil
18.815283060073853,-19,-10,-14,1,1,21,18,11,2,6,-2,-11,0,3,sil
18.831326007843018,-8,0,-8,8,21,41,44,15,18,30,-7,-12,3,21,sil
18.831326007843018,-5,2,-20,9,8,32,27,1,11,21,-24,-18,2,12,sil
18.84706115722656,-1,-5,-31,-13,-4,11,5,-2,17,9,-19,-9,4,4,sil
18.84706115722656,6,0,-19,-19,5,-1,2,1,22,10,3,1,12,8,sil
18.86219358444214,-1,10,-9,-6,10,-7,-6,-1,0,0,2,-7,2,-2,sil
18.86219358444214,-17,1,-12,0,3,0,-15,-10,-20,-12,-19,-25,-24,-21,sil
18.87731981277465,-15,-12,-17,-3,2,17,3,-5,-8,4,-30,-28,-28,-8,sil
18.87731981277465,-4,-15,-11,-15,0,20,19,5,13,26,-25,-12,-3,16,sil
18.89306950569153,1,-15,-13,-22,-11,0,0,6,24,17,-11,-1,8,12,sil
18.89306950569153,4,-10,-21,-23,-17,-21,-27,1,16,0,0,0,1,-5,sil
18.908137321472168,7,5,0,-16,-5,-17,-24,4,-4,-8,3,3,-1,-7,sil
18.908137321472168,12,15,19,10,11,-6,-5,0,-10,-11,0,-2,-8,-11,sil
18.92326521873474,0,2,6,15,14,-6,3,-10,-8,-5,-16,-24,-28,-25,sil
18.92326521873474,-23,-16,-14,-8,4,3,19,-6,-2,11,-28,-32,-27,-19,sil
18.938708543777462,-27,-26,-23,-17,-4,12,26,8,13,17,-22,-23,-1,-2,sil
18.938708543777462,-14,-19,-14,-13,-10,-5,-5,9,13,0,-8,-10,7,-1,sil
18.953933477401733,2,0,0,-8,-10,-22,-28,-3,-5,-10,3,7,4,-8,sil
18.97001886367798,18,15,15,0,-4,-17,-16,-7,-15,-20,13,23,6,-8,sil
18.97001886367798,20,14,16,4,2,-14,-9,0,-7,-20,21,21,8,0,sil
18.985997200012207,18,19,19,6,11,-11,-14,0,0,0,39,26,16,13,sil
18.985997200012207,25,33,41,22,15,0,-7,-5,-1,4,45,35,22,16,sil
18.985997200012207,15,24,33,29,5,4,7,-1,-6,-7,18,12,5,6,sil
19.001403331756592,-11,-5,1,7,-2,8,17,1,-8,-5,-11,-11,-13,7,sil
19.01832914352417,-21,-14,-5,-3,0,18,16,0,-9,-3,-19,-8,-6,9,sil
19.01832914352417,-13,-4,-1,5,0,23,17,0,-11,-8,-16,-8,0,1,sil
19.01832914352417,-10,-8,-6,3,2,19,23,4,-1,5,-11,-7,-1,1,sil
19.032336950302124,-12,-18,-16,-9,0,14,22,5,17,21,-6,-1,0,12,sil
19.047511339187626,-14,-17,-14,-13,-11,5,4,0,17,4,-7,-5,-2,6,sil
19.047511339187626,-10,-12,-11,-10,-17,-1,-2,-1,7,0,-10,-11,-9,0,sil
19.06356930732727,-1,-2,-15,-5,-9,-2,0,2,12,11,-4,-2,0,3,sil
19.06356930732727,10,6,-1,-2,-1,-6,-9,5,11,12,10,15,19,5,sil
19.07918810844421,24,8,11,6,3,-14,-16,-4,4,11,28,25,26,5,sil
19.07918810844421,22,12,2,6,3,-19,-14,-9,-1,3,23,16,12,9,sil
19.09439444541931,7,14,-6,-9,-5,-15,-12,0,-6,-15,0,1,1,-3,sil
19.09439444541931,3,9,-2,-9,-11,-7,-4,8,1,-9,-1,0,8,-18,sil
19.109936714172363,5,13,7,2,0,-3,0,5,4,3,17,9,5,-14,sil
19.109936714172363,2,19,6,6,12,-6,-7,0,-5,0,18,6,-10,-17,sil
19.125375270843502,0,8,10,9,10,-3,-7,-3,-11,-9,0,-7,-15,-28,sil
19.125375270843502,0,-3,20,15,4,3,0,-10,-11,-15,-9,-16,-20,-18,sil
19.141156911849976,-1,-4,9,17,7,6,-1,-13,-17,-16,-11,-16,-28,-1,sil
19.141156911849976,-7,-3,1,19,16,11,0,-4,-19,-2,-14,-11,-19,1,sil
19.156399488449097,-14,-12,0,14,10,20,10,0,-3,13,-21,-11,-5,3,sil
19.156399488449097,-18,-22,-8,-7,-9,19,4,-5,7,8,-28,-16,-8,8,sil
19.17159080505371,-10,-23,-14,-18,-18,9,-6,0,10,5,-21,-11,-4,12,sil
19.17159080505371,2,-23,-16,-18,-6,-4,3,13,13,15,-5,-1,13,18,sil
19.187100172042847,0,-27,-15,-31,-3,-16,3,4,10,0,-3,4,14,18,sil
19.187100172042847,0,-18,-16,-32,-10,-18,-9,-6,0,-26,-2,8,2,4,sil
19.203224897384644,8,2,-12,-9,-5,-17,-10,-1,-11,-21,9,15,5,-7,sil
19.203224897384644,5,18,4,3,7,-8,-2,1,-15,-10,24,19,16,-9,sil
19.21935248374939,0,26,10,13,13,9,8,0,-2,-5,25,6,14,-9,sil
19.21935248374939,1,33,15,25,11,18,19,4,0,6,14,-2,1,-2,sil
19.23501229286194,0,30,24,32,11,19,24,12,2,19,0,-1,-1,12,sil
19.23501229286194,-4,13,9,21,9,19,26,12,16,21,-2,-2,0,18,sil
19.250205993652344,-8,0,-7,0,5,12,25,6,19,23,0,-5,-4,9,sil
19.250205993652344,-10,-3,-10,-3,0,3,17,2,13,28,-3,-11,-3,3,sil
19.265952110290527,-3,-8,-5,-5,-7,-3,-4,0,11,21,-3,-15,3,4,sil
19.265952110290527,12,-11,-6,-17,-14,-17,-24,-6,4,5,3,-1,7,4,sil
19.28156971931457,19,-4,-1,-20,-20,-29,-30,-10,-2,-6,3,18,9,9,sil
19.28156971931457,18,-2,2,-16,-16,-28,-31,-2,-6,-19,0,25,9,4,sil
19.29673671722412,15,-5,-7,-14,-4,-15,-21,0,-7,-22,3,18,4,-14,sil
19.29673671722412,4,0,0,-9,3,-2,-9,-8,-10,-19,5,7,-3,-27,sil
19.312270879745483,-8,5,13,0,1,-1,-5,-10,-16,-23,0,-3,-14,-27,sil
19.312270879745483,-15,1,4,1,-2,-2,-5,-7,-21,-24,-6,-13,-23,-26,sil
19.32758617401123,-16,0,7,2,1,8,-1,-4,-16,-8,-9,-12,-22,-18,sil
19.32758617401123,-10,2,16,15,13,22,8,0,-2,10,-7,-7,-4,2,sil
19.34311032295227,-6,0,9,22,14,17,15,6,7,6,-5,-9,-1,9,sil
19.34311032295227,-9,-9,-1,16,0,13,16,12,15,4,-9,-15,-11,1,sil
19.35922169685364,-7,-15,-12,4,-8,9,16,12,19,17,-12,-16,0,7,sil
19.35922169685364,-3,-15,-15,-10,-3,-1,10,8,10,14,-13,-8,8,13,sil
19.37456178665161,0,-8,-11,-11,2,-7,3,0,3,8,-6,0,0,9,sil
19.37456178665161,17,2,-2,3,5,-3,-1,-6,3,9,10,15,7,9,sil
19.390066146850582,36,12,10,12,4,-4,-1,-2,0,-2,21,25,25,13,sil
19.390066146850582,30,16,10,4,-2,-8,-1,-3,-6,-22,22,27,24,13,sil
19.40571403503418,10,11,4,-5,-7,-13,-20,-13,-18,-26,23,26,16,3,sil
19.40571403503418,1,4,-2,-4,-1,-16,-29,-12,-23,-16,14,11,7,-11,sil
19.421406030654907,-3,0,-4,-1,5,-3,-11,0,-14,-7,-4,-13,-11,-17,sil
19.421406030654907,-17,0,0,0,4,10,6,4,-2,1,-10,-21,-17,-7,sil
19.43731379508972,-25,0,0,4,3,18,12,1,-4,8,-12,-24,-15,-1,sil
19.43731379508972,-24,5,-2,4,7,23,16,2,-6,8,-13,-29,-23,-3,sil
19.452455282211304,-20,1,-5,10,9,15,22,9,12,20,-1,-20,-15,0,sil
19.452455282211304,-15,-7,-8,18,5,5,20,10,27,29,0,-6,3,5,sil
19.46806573867798,-9,-15,-13,0,-5,14,14,6,16,16,-15,-7,0,3,sil
19.46806573867798,-4,-19,-21,-32,-16,10,5,5,9,6,-18,-7,-6,2,sil
19.48337292671204,6,-13,-6,-29,-10,-11,-11,2,14,3,-4,11,7,2,sil
19.48337292671204,24,0,10,-4,0,-18,-14,-2,15,4,2,24,18,7,sil
19.49941873550415,26,6,10,-3,-1,-15,-10,0,13,4,11,28,15,12,sil
19.49941873550415,12,5,4,-18,-11,-17,-21,0,3,-14,16,30,13,0,sil
19.51551032066345,5,7,1,-14,-10,-18,-23,-7,-4,-26,11,24,12,-12,sil
19.51551032066345,15,15,9,0,1,-14,-9,-3,-6,-12,21,16,8,-1,sil
19.53158140182495,20,21,22,20,11,0,0,2,-6,-7,29,8,1,3,sil
19.53158140182495,8,16,21,28,9,3,-1,-2,-11,-6,11,1,-3,-3,sil
19.547054052352905,0,6,14,12,4,-1,0,0,-4,13,7,-3,0,1,sil
19.547054052352905,-2,0,4,9,6,5,11,6,6,20,12,-14,0,1,sil
19.563109636306763,-13,-1,0,18,10,15,13,-2,-5,-6,-16,-31,-11,-17,sil
19.563109636306763,-19,-6,-2,10,6,9,11,-8,-21,-11,-33,-29,-14,-18,sil
19.578628301620483,-8,-11,-7,-1,-4,0,13,-4,-14,2,-10,-11,-1,2,sil
19.578628301620483,-6,-16,-3,-1,-8,0,11,-3,-7,0,-9,0,0,7,sil
19.59402322769165,-17,-13,-8,3,-5,5,9,-2,-13,0,-31,-11,-12,-3,sil
19.59402322769165,-26,-11,-20,-3,-7,14,5,-5,-18,-3,-35,-23,-23,-12,sil
19.609097957611084,-27,-24,-23,-23,-13,11,0,-8,-6,-16,-27,-16,-27,-10,sil
19.609097957611084,-10,-28,-20,-38,-12,-4,-6,3,10,-12,-16,-5,-10,0,sil
19.624351739883423,9,-7,-6,-33,-7,-15,-9,9,7,-3,-3,2,11,10,sil
19.624351739883423,19,7,0,-3,-5,-15,-5,0,1,-6,4,12,13,17,sil
19.640050888061523,25,7,4,16,3,-11,-4,2,14,1,19,26,14,20,sil
19.640050888061523,24,14,11,9,8,-10,-8,9,17,22,40,30,30,15,sil
19.65623903274536,16,21,12,3,1,-16,-20,-2,-3,8,37,20,25,3,sil
19.65623903274536,15,28,14,16,5,-10,-32,-7,-18,-21,23,14,2,-2,sil
19.67131185531616,17,35,15,31,17,11,-18,2,-3,-7,30,11,0,3,sil
19.67244863510132,11,25,17,24,18,25,8,5,5,13,26,2,7,6,sil
20.12197613716125,2,-3,-16,-17,-6,-22,0,1,18,5,0,13,8,0,sil
20.12197613716125,0,-11,-16,-20,-16,-32,-15,5,9,-4,6,13,15,0,sil
20.1375105381012,-12,-17,-20,-26,-17,-32,-26,-5,1,-9,-2,2,6,-8,sil
20.1375105381012,-16,-13,-17,-29,-17,-30,-28,-15,-18,-17,-5,-2,-1,-22,sil
20.15316605567932,-6,0,-5,-17,-7,-19,-19,-5,-25,-20,8,0,3,-11,sil
20.15316605567932,3,7,7,-2,8,-3,-13,0,-11,-9,24,10,13,6,sil
20.16888689994812,0,8,9,12,11,3,-14,-12,-9,-4,14,-3,4,-5,sil
20.16888689994812,-13,12,2,28,5,9,-7,-12,-14,2,-12,-34,-16,-18,sil
20.18399238586425,-13,4,3,22,6,18,8,4,-2,27,-19,-27,-13,-1,sil
20.18499326705933,-5,-13,-6,2,2,17,20,10,13,35,-4,0,9,15,sil
20.19938588142395,0,-10,-13,0,-3,8,17,5,16,18,0,3,17,16,sil
20.19938588142395,3,0,-6,2,-4,1,7,7,13,7,-5,-4,9,10,sil
20.21484088897705,3,-10,-12,-15,-9,-4,-4,4,0,-7,-15,-5,-2,-1,sil
20.23051285743713,6,-14,-10,-24,-8,-7,-13,-3,-10,-19,-11,5,-2,-11,sil
20.23051285743713,19,3,11,-2,1,0,-8,-1,0,-8,16,19,14,0,sil
20.24610590934753,25,21,29,7,5,2,-3,0,6,-5,34,29,20,13,sil
20.24610590934753,24,30,31,12,7,-3,2,2,0,-6,29,28,12,11,sil
20.262436389923096,23,32,24,27,18,-2,13,1,2,3,25,18,9,13,sil
20.262436389923096,12,19,22,24,21,5,17,-4,-2,0,16,3,0,12,sil
20.27792596817017,-6,-5,7,0,6,4,9,-12,-20,-12,-3,-12,-11,-6,sil
20.27792596817017,-28,-22,-10,-8,-7,0,0,-14,-32,-12,-23,-27,-31,-24,sil
20.293056964874268,-35,-19,-13,1,-6,1,3,-4,-24,-10,-29,-32,-46,-20,sil
20.293056964874268,-23,-17,-16,1,0,8,11,5,1,0,-18,-19,-28,-4,sil
20.308568000793457,-16,-20,-24,-12,-5,13,-1,4,14,15,-11,-12,-5,0,sil
20.308568000793457,-17,-18,-29,-15,-10,9,-9,1,16,21,-15,-19,-4,-1,sil
20.324503183364868,-13,-12,-22,-14,-8,-4,-4,7,17,6,-12,-3,0,0,sil
20.324503183364868,0,-5,-10,-20,-9,-12,-6,15,20,0,1,20,12,4,sil
20.340017795562744,15,7,-7,-19,-10,-13,-12,14,24,7,10,19,14,3,sil
20.340017795562744,21,18,4,-7,-4,-18,-15,2,9,0,10,15,6,0,sil
20.35606098175049,20,20,19,4,-3,-20,-17,-14,-16,-15,15,25,8,-1,sil
20.35606098175049,21,23,24,12,-2,-4,-14,-18,-19,-6,21,23,12,0,sil
20.37122654914856,12,24,26,14,7,11,0,-6,-3,1,13,9,8,-2,sil
20.37122654914856,0,16,20,17,18,18,9,0,0,-2,0,-5,3,-2,sil
20.38640522956848,0,5,13,18,17,19,9,0,-6,0,-8,-11,3,3,sil
20.38640522956848,2,-3,7,21,7,15,18,1,3,12,-7,-8,5,10,sil
20.40169477462769,-2,-13,2,12,0,8,28,10,12,11,-11,-6,3,14,sil
20.40169477462769,-4,-23,-7,-15,0,-1,19,13,9,12,-19,-9,6,14,sil
20.417256116867065,0,-28,-22,-25,-2,-17,1,1,5,11,-8,-4,16,7,sil
20.417256116867065,-2,-16,-15,-14,-9,-20,-12,-11,-10,-15,8,5,11,-5,sil
20.433377504348755,-5,0,-5,-8,-3,-6,-15,-5,-22,-31,5,1,-9,-17,sil
20.433377504348755,-4,4,-2,0,10,0,-2,2,-8,-12,1,-9,-16,-16,sil
20.44919514656067,-6,7,4,18,10,2,8,0,0,-2,8,-15,-9,-13,sil
20.44919514656067,-18,3,-3,17,1,18,11,-1,0,0,2,-20,-13,-9,sil
20.46433162689209,-20,-8,-16,-3,-4,22,6,0,8,17,-11,-17,-15,0,sil
20.46433162689209,-5,-15,-15,-12,-12,0,0,0,10,22,-7,-2,-3,11,sil
20.47964668273925,4,-7,-5,-12,-13,-23,-11,0,4,6,7,16,9,19,sil
20.47964668273925,5,1,3,-14,-4,-23,-22,-3,4,-9,12,24,9,14,sil
20.49490857124329,10,9,0,-7,0,-11,-18,-6,0,-19,1,10,0,-5,sil
20.49490857124329,13,20,4,1,1,-9,-16,-5,-24,-29,-1,2,-8,-19,sil
20.51111340522766,8,28,21,13,6,-11,-16,-5,-31,-26,9,9,-7,-16,sil
20.51111340522766,2,22,15,24,4,4,-7,-4,-13,0,9,2,-5,-7,sil
20.52628254890442,0,3,5,20,0,29,5,4,0,29,-1,-2,-5,3,sil
20.52628254890442,1,-9,2,14,0,33,25,14,13,33,-5,1,0,13,sil
20.542378664016724,1,-10,0,0,-1,14,32,12,23,13,-11,-2,3,12,sil
20.542378664016724,-6,-12,-10,-23,-7,-4,17,5,20,0,-23,-10,0,8,sil
20.557776927948,-5,-15,-17,-28,-7,-15,1,0,15,0,-14,-3,0,4,sil
20.557776927948,10,-5,0,-14,0,-13,-1,3,14,0,14,14,10,2,sil
20.573100566864014,19,11,14,-4,5,-5,-7,1,3,1,30,19,24,2,sil
20.573100566864014,7,12,9,-1,7,-4,-15,-10,-19,-5,17,8,9,-5,sil
20.588260412216187,-5,5,2,0,1,-6,-10,-15,-30,-17,1,0,-16,-17,sil
20.588260412216187,-7,4,4,6,-1,0,1,-8,-20,-15,-3,-7,-16,-14,sil
20.603432416915894,-7,0,7,11,4,9,8,3,-8,-11,-17,-17,-10,-3,sil
20.603432416915894,-9,-12,-1,13,7,18,17,9,11,2,-25,-17,-9,4,sil
20.61912775039673,-8,-16,-5,11,5,17,20,1,22,26,-9,-11,0,11,sil
20.61912775039673,-4,-10,0,12,1,12,9,0,16,30,-2,-10,10,13,sil
20.634089946746823,1,-4,-5,5,-2,3,4,9,18,18,-13,-3,9,13,sil
20.634089946746823,11,-6,-8,-15,-5,-10,-1,13,21,7,0,11,18,12,sil
20.64952516555786,16,-7,-3,-20,-7,-17,-13,9,13,1,29,19,29,11,sil
20.665658473968502,11,0,-3,-11,-6,-14,-24,0,0,-12,25,21,18,0,sil
20.665658473968502,1,7,-6,-14,-6,-14,-26,-11,-12,-27,0,14,0,-18,sil
20.68120694160461,-5,8,-4,-14,-8,-17,-21,-15,-23,-24,4,-1,-5,-22,sil
20.68120694160461,-11,11,4,0,-1,-13,-14,-12,-26,-16,9,-7,-8,-17,sil
20.68120694160461,-14,12,0,6,11,0,-2,-8,-24,-14,-10,-10,-20,-18,sil
20.69704031944275,-18,8,-4,0,9,14,7,-5,-26,-9,-13,-20,-30,-17,sil
20.69704031944275,-20,0,1,3,1,24,16,-5,-17,8,2,-20,-23,-5,sil
20.712334871292114,-9,-5,-2,17,4,23,21,2,11,27,-1,-11,-8,8,sil
20.712334871292114,5,-6,-4,14,1,15,15,14,22,25,-11,-3,0,14,sil
20.727866888046265,7,-5,-1,3,-6,3,9,8,12,13,-4,0,4,12,sil
20.74385523796081,3,-10,-5,-6,-6,-7,5,0,12,3,1,6,8,11,sil
20.74385523796081,13,-6,0,-13,-3,-16,-3,3,13,-6,5,22,6,6,sil
20.759153127670288,23,12,16,1,1,-12,-10,0,-1,-15,12,21,2,-4,sil
20.759153127670288,4,24,29,26,14,2,-6,-10,-18,-22,7,6,-3,-10,sil
20.77574324607849,-5,20,25,42,16,8,3,-1,-13,-6,0,0,-1,4,sil
20.77574324607849,13,6,10,28,1,0,9,12,10,28,7,9,13,20,sil
20.77574324607849,10,-7,-4,-7,-8,-6,5,9,25,32,14,10,17,14,sil
20.7914617061615,-11,-13,-20,-17,-3,0,0,0,24,5,-1,-1,6,2,sil
20.80600523948669,0,-8,-13,-6,1,3,0,-2,13,-12,-13,-1,4,0,sil
20.80600523948669,15,-4,-2,-16,-2,-4,-3,-4,-4,-20,-3,6,6,-1,sil
20.8220055103302,4,-1,-8,-26,-7,-13,-13,-7,-28,-31,-1,1,-3,-11,sil
20.8220055103302,-6,1,0,-15,-3,-7,-11,-2,-31,-29,-7,-6,-16,-13,sil
20.83750343322754,-5,0,9,0,0,0,-4,-2,-12,-12,-5,-9,-18,-10,sil
20.83750343322754,-14,-7,2,2,-2,4,-7,-5,-8,-1,-16,-16,-19,-12,sil
20.85340642929077,-15,-10,-2,3,-2,14,3,5,-1,13,-26,-16,-11,0,sil
20.85340642929077,-1,-9,-5,3,-3,16,20,14,20,32,-12,-6,1,21,sil
20.85340642929077,0,-14,-14,-8,-7,5,4,8,25,29,-7,-7,1,13,sil
20.86861205101013,-7,-20,-22,-28,-4,0,-3,4,16,20,-4,-11,8,-6,sil
20.88403415679932,3,0,-8,-20,7,-3,7,3,9,13,20,4,28,0,sil
20.88403415679932,18,20,8,4,12,-10,0,-5,-6,-6,28,19,21,6,sil
20.89962363243103,6,7,2,-18,0,-9,-13,-11,-15,-16,13,9,0,-10,sil
20.89962363243103,-5,0,2,-48,-7,-3,-2,0,-3,5,24,7,14,-11,sil
20.914809465408325,-4,19,12,1,7,2,10,6,6,19,32,8,24,1,sil
20.914809465408325,-10,24,10,51,17,8,7,-3,-1,-7,0,-11,-10,-4,sil
20.93121981620789,-17,10,4,34,3,11,6,-6,-14,-21,-26,-21,-33,-10,sil
20.93121981620789,-5,0,2,24,-1,11,9,-1,-9,-1,-15,-3,-15,2,sil
20.94681739807129,1,-11,3,32,2,7,3,-2,4,5,-3,6,-8,9,sil
20.94681739807129,2,-11,-4,18,-3,-3,0,0,21,7,-2,1,-5,7,sil
20.96249222755432,7,-1,-4,0,-8,-19,-6,5,24,11,1,5,8,5,sil
20.96249222755432,5,-4,0,-5,-10,-32,-24,0,9,-5,1,10,4,0,sil
20.977992296218872,-2,-10,-14,-12,-19,-37,-33,-7,-16,-30,-4,5,-10,-8,sil
20.977992296218872,0,6,-9,-13,-11,-20,-25,-6,-34,-37,-1,4,-11,-13,sil
20.994060277938843,15,27,16,5,11,1,-9,-4,-27,-28,14,13,2,-6,sil
20.994060277938843,18,24,26,21,13,7,0,-2,-16,-8,18,14,7,4,sil
21.01008176803589,8,8,17,16,3,15,10,-2,-10,3,2,3,-4,3,sil
21.01008176803589,6,0,5,13,8,33,26,0,5,6,-8,-5,-6,2,sil
21.02578711509705,4,-2,6,12,16,41,32,10,20,18,-4,-3,8,14,sil
21.02578711509705,-5,-9,1,2,12,37,28,18,22,42,-3,-4,14,14,sil
21.04122495651245,-10,-16,-13,-14,5,25,18,11,23,41,-8,-12,9,5,sil
21.04122495651245,-4,-15,-14,-27,0,1,4,8,19,13,-9,-4,7,7,sil
21.057153701782227,-2,-17,-15,-29,-6,-17,-2,4,5,-3,-10,1,4,7,sil
21.057153701782227,-2,-22,-15,-33,-14,-22,-4,-3,-2,-7,-10,-2,1,2,sil
21.073017120361328,0,-13,-10,-33,-15,-22,-4,-3,0,-9,2,0,5,1,sil
21.073017120361328,-3,0,-9,-24,-6,-19,-9,-8,-10,-10,10,1,-4,-12,sil
21.088042497634888,-12,6,-4,-9,4,-9,-19,-20,-30,-19,-2,-15,-28,-32,sil
21.088042497634888,-11,13,4,14,11,0,-13,-15,-26,-23,-11,-28,-29,-28,sil
21.103410482406616,-7,7,6,24,5,5,0,0,-3,-12,-8,-13,-17,-10,sil
21.103410482406616,-13,-13,-8,4,-9,6,0,2,11,4,-10,-6,-12,2,sil
21.11948180198669,-14,-18,-20,-17,-17,-4,-5,3,16,8,-12,-10,-3,5,sil
21.11948180198669,0,0,-7,-16,-7,-15,-6,12,12,4,-2,2,12,1,sil
21.1350691318512,11,15,8,4,-2,-15,-4,9,2,9,15,19,24,0,sil
21.1350691318512,9,24,22,19,-5,-11,-10,-2,-12,0,20,16,17,2,sil
21.150288820266724,2,20,23,24,2,0,-2,-5,-19,-22,-2,-1,-7,-7,sil
21.150288820266724,-3,2,5,23,14,24,18,3,0,-8,-19,-13,-15,-11,sil
21.165460348129272,-5,-8,0,15,4,29,27,10,21,23,-1,-3,8,9,sil
21.165460348129272,5,-7,1,5,-7,4,18,8,28,22,18,13,28,26,sil
21.18130207061768,16,-4,1,-8,-8,-14,-2,0,19,7,20,25,24,16,sil
21.18130207061768,20,0,9,-7,-6,-11,-22,-6,2,10,22,34,19,8,sil
21.196446180343628,21,13,11,11,0,-7,-23,-7,-10,2,29,34,18,15,sil
21.196446180343628,17,22,14,20,15,-4,-13,-5,-15,-13,33,29,6,9,sil
21.21209621429444,13,23,18,26,22,6,-1,-5,-14,-4,26,15,-10,-6,sil
21.21209621429444,12,22,26,42,20,16,7,-2,-10,10,7,1,-14,-2,sil
21.228111267089844,14,16,26,49,15,18,19,8,6,17,2,3,-3,20,sil
21.228111267089844,8,-2,2,21,2,12,26,6,16,29,3,3,6,24,sil
21.243359565734863,-15,-28,-27,-29,-15,-3,2,-8,-12,8,-16,-13,0,-1,sil
21.243359565734863,-30,-37,-47,-47,-22,-11,-22,-12,-31,-32,-36,-28,-14,-23,sil
21.259447813034058,-26,-26,-46,-40,-14,-6,-11,-4,-7,-39,-36,-30,-15,-24,sil
21.259447813034058,-20,-18,-29,-46,-2,-7,4,1,12,-21,-31,-26,-8,-23,sil
21.27524042129517,-5,-7,-10,-35,5,-10,-1,5,6,-18,-16,-18,-3,-16,sil
21.27524042129517,5,9,7,-10,7,-6,-8,1,-2,-15,-1,-14,-8,-6,sil
21.29041814804077,-10,7,-1,-12,1,-5,0,-3,-3,0,-11,-29,-16,-11,sil
21.29041814804077,-29,-3,-16,-27,1,0,4,0,-10,-2,-26,-42,-25,-22,sil
21.3060998916626,-27,-9,-16,-29,8,19,10,4,-13,-10,-26,-35,-27,-20,sil
21.3060998916626,-23,-15,-18,-29,3,24,19,6,3,11,-23,-24,-17,-7,sil
21.32223081588745,-17,-18,-12,-17,-2,15,15,7,17,23,-20,-15,-13,2,sil
21.32223081588745,-8,-14,-1,7,-5,10,8,8,11,12,-14,-6,-11,3,sil
21.338186502456665,2,-8,4,18,-14,0,6,6,5,14,-8,6,4,6,sil
21.338186502456665,21,0,18,20,-23,-11,0,4,14,18,4,30,23,24,sil
21.353119373321533,26,2,21,22,-25,-17,-14,1,23,5,21,40,24,28,sil
21.353119373321533,24,1,21,21,-14,-25,-21,-3,8,-7,27,40,18,14,sil
21.368914127349854,35,15,28,31,5,-18,-19,-6,-8,-9,37,47,21,12,sil
21.368914127349854,36,32,30,40,13,1,-18,-5,-7,0,60,54,32,15,sil
21.3844006061554,21,40,31,37,13,3,-14,-2,-1,8,71,49,44,15,sil
21.3844006061554,23,43,29,35,14,-10,-6,-4,-1,5,56,35,41,18,sil
21.40009331703186,21,33,22,24,7,-14,-6,-7,-7,-7,28,17,15,7,sil
21.40009331703186,2,11,12,8,2,-5,0,-5,-10,-15,5,-1,-7,-13,sil
21.4156231880188,-10,-2,-1,-4,7,5,9,-5,-13,-16,-15,-18,-18,-15,sil
21.4156231880188,-15,-8,-13,-11,8,18,8,-5,-13,-7,-26,-23,-22,-8,sil
21.431358337402344,-13,-8,-20,-4,13,27,19,0,1,14,-19,-19,-14,-9,sil
21.431358337402344,-9,-6,-15,-4,14,24,31,6,7,20,-14,-20,-7,-9,sil
21.446255207061768,-10,-11,-13,-13,4,16,20,1,-2,0,-23,-24,-11,-6,sil
21.446255207061768,-16,-16,-20,-7,-1,13,1,0,-3,-13,-29,-16,-7,-3,sil
21.46229243278504,-18,-17,-20,-7,-2,4,0,8,13,2,-22,-8,1,3,sil
21.46229243278504,-16,-21,-27,-23,-6,-8,2,7,26,25,-22,-20,-4,4,sil
21.477540254592896,-21,-30,-30,-29,-7,-11,-5,-3,10,13,-30,-33,-21,-4,sil
21.477540254592896,-25,-27,-19,-24,-10,-3,-7,-10,-6,6,-31,-30,-23,-11,sil
21.49308609962464,-9,-16,-15,-25,-19,-9,0,-1,0,16,-18,-21,-7,-7,sil
21.49308609962464,9,-8,-10,-33,-22,-24,-8,9,1,-11,-4,-4,0,-3,sil
21.50812554359436,16,0,0,-24,-15,-25,-16,7,-8,-49,3,9,-1,-4,sil
21.50812554359436,16,13,13,-4,-3,-18,-15,1,-15,-38,18,16,3,0,sil
21.5232834815979,16,14,18,0,5,-10,-15,1,-10,-18,26,16,4,2,sil
21.538463592529297,13,12,13,4,7,0,-12,-1,-6,-15,12,12,-7,-1,sil
21.538463592529297,9,26,23,24,9,0,-3,1,-3,3,14,15,-5,-1,sil
21.554016828536987,2,24,21,30,10,-2,2,8,0,33,39,15,12,2,sil
21.554016828536987,-11,0,2,11,3,0,5,-3,-6,21,21,1,8,-1,sil
21.569625854492188,-17,0,8,12,4,14,20,-10,-9,-2,-12,-1,-5,-1,sil
21.569625854492188,-3,13,21,30,11,24,30,2,12,6,0,10,1,9,sil
21.585404634475708,3,2,13,23,9,22,13,0,20,10,6,10,4,6,sil
21.585404634475708,-3,-2,1,16,8,18,-1,-12,6,-7,-17,-8,-1,-3,sil
21.6010959148407,-1,8,2,19,7,20,1,0,1,-1,-19,-14,0,2,sil
21.6010959148407,6,4,-5,6,-8,16,3,0,1,15,-9,-4,-1,8,sil
21.61638593673706,4,-9,-17,-8,-17,4,-2,-10,-3,10,-12,0,0,4,sil
21.61638593673706,8,-10,-6,-9,0,8,-1,0,0,2,0,5,16,6,sil
21.63213038444519,18,-5,0,-2,9,7,8,17,13,9,9,12,23,13,please
21.63213038444519,11,-7,-3,-7,-3,-17,0,6,16,1,2,12,10,14,please
21.64742875099182,0,-11,-2,-18,-7,-24,-17,-2,6,-6,6,13,6,6,please
21.64742875099182,0,-6,-9,-17,-1,-13,-16,-2,-4,-9,9,3,5,-5,please
21.66256165504456,-8,-3,-15,-22,-7,-29,-11,-8,-16,-20,2,-7,-2,-8,please
21.66256165504456,-11,-11,-13,-29,-14,-42,-12,-3,-11,-16,11,-4,4,-2,please
21.67815351486206,-2,-7,-6,-16,-8,-22,-8,4,-3,-14,13,1,9,-4,please
21.67815351486206,-2,5,6,-1,-1,-5,-3,-1,-17,-27,-6,-2,-6,-15,please
21.694204568862915,-5,10,8,0,0,0,-3,-7,-16,1,-4,-4,-7,-17,please
21.694204568862915,0,13,9,10,3,8,0,1,7,40,13,0,0,-3,please
21.70975542068481,3,17,12,26,12,9,2,4,15,28,2,-6,-5,3,please
21.70975542068481,1,12,4,23,14,8,1,0,2,16,-17,-13,-20,-5,please
21.72524404525757,0,2,-2,7,9,25,10,4,0,-2,-15,-15,-24,-10,please
21.72524404525757,-6,-3,-3,7,4,35,26,8,0,-43,-10,-21,-15,-5,please
21.74043655395508,-16,-5,0,8,3,23,23,1,-11,-13,-14,-20,-11,-2,please
21.74043655395508,-11,-7,2,0,-1,19,18,1,-5,53,-15,-9,-16,2,please
21.756427526474,-2,-9,-6,-4,-8,15,25,12,30,46,-10,1,-5,17,please
21.756427526474,-6,-12,-15,-15,-6,0,14,12,49,9,0,10,13,13,please
21.77160930633545,-12,-13,-19,-28,-5,-15,-15,0,20,-4,1,9,7,-6,please
21.77160930633545,-1,-7,-4,-24,-3,-24,-34,-9,-16,-27,0,8,-1,-8,please
21.787022829055783,12,0,8,-7,0,-24,-29,-7,-16,-30,10,21,7,4,please
21.787022829055783,21,8,8,6,-3,-15,-19,-10,-6,-16,23,28,13,5,please
21.802526712417603,27,15,19,16,-3,-14,-12,-9,-16,-23,24,27,14,2,please
21.802526712417603,29,15,19,16,0,-15,0,0,-19,-16,25,21,24,9,please
21.818060874938965,17,14,8,10,2,0,4,1,-6,3,24,12,21,13,please
21.818060874938965,3,17,10,20,6,9,3,0,-1,2,11,3,6,11,please
21.834167003631592,1,13,9,29,12,6,6,-8,-10,-1,-2,-2,0,10,please
21.834167003631592,3,8,8,21,14,4,0,-6,-17,6,-6,-3,3,7,please
21.850279092788696,0,9,6,19,3,1,-6,1,-2,14,-3,-4,3,3,please
21.850279092788696,-14,1,-4,7,-5,0,-1,0,0,8,-13,-14,-12,-8,please
21.86547040939331,-25,-11,-19,-7,0,5,8,-4,-14,-5,-34,-34,-36,-23,please
21.86547040939331,-26,-20,-26,-8,4,12,14,-1,-13,-7,-36,-45,-35,-22,please
21.881292819976807,-29,-32,-28,-25,-6,4,3,0,0,-2,-22,-37,-19,-20,please
21.881292819976807,-28,-35,-33,-46,-20,-8,-14,0,6,2,-17,-25,-12,-24,please
21.89644145965576,-11,-17,-19,-31,-17,-6,-10,9,13,8,-16,-15,-8,-12,please
21.89644145965576,6,-5,4,-11,0,6,7,12,24,10,-3,0,5,9,please
21.91236710548401,11,-12,2,-15,7,16,13,14,30,12,12,17,20,17,please
21.91236710548401,10,-8,0,-19,0,11,5,16,21,14,23,32,28,10,please
21.92734670639038,15,9,14,-1,-2,-1,5,6,15,12,32,36,30,8,please
21.92734670639038,21,20,24,9,5,-7,10,0,12,0,26,29,18,11,please
21.942944288253784,17,11,17,3,3,-5,4,-3,-2,-11,4,18,-2,5,please
21.942944288253784,10,3,5,-1,-9,-10,-7,-12,-13,-11,0,14,-12,-5,please
21.95799851417541,14,17,13,4,-6,-8,-7,-11,-1,-10,16,17,-3,-6,please
21.95799851417541,12,31,19,23,8,10,5,1,12,-7,17,11,9,2,please
21.974013566970825,-4,21,11,33,13,23,3,0,0,0,6,-1,9,8,please
21.974013566970825,-15,6,4,22,5,16,-7,-9,-21,-5,-3,-14,-6,-3,please
21.988402605056763,-14,-1,-11,11,-1,0,-11,-6,-25,-15,-20,-31,-20,-18,please
22.00359606742859,-20,-10,-14,5,-2,-6,-7,-4,-21,-2,-31,-33,-19,-12,please
22.00359606742859,-17,-13,-8,0,3,-5,7,0,-8,15,-25,-23,-10,1,please
22.00359606742859,-5,-10,-15,-2,2,-11,14,5,9,12,-17,-16,-4,5,please
22.019173860549927,1,-7,-13,-3,-3,-14,3,5,18,12,-2,-3,4,11,please
22.034337759017944,16,-5,-4,-6,0,-7,0,2,21,20,15,15,22,24,please
22.034337759017944,26,-5,-4,-13,0,-11,-5,2,13,2,12,19,23,24,please
22.05040645599365,9,-10,-11,-17,-12,-24,-22,0,-7,-16,-3,10,0,4,please
22.05040645599365,-8,-14,-14,-21,-11,-28,-29,-4,-25,-19,-3,9,-13,-13,please
22.06557011604309,-2,-1,-1,-17,-2,-12,-19,-2,-21,-31,13,12,-6,-13,please
22.06557011604309,0,14,10,0,0,12,-2,-3,-7,-31,17,3,-5,-4,please
22.081576585769653,-10,13,12,9,10,14,2,-3,-11,-5,11,-6,-11,-10,please
22.081576585769653,-8,13,19,16,20,7,6,0,-11,17,16,-5,1,-14,please
22.10321402549744,2,25,24,31,10,19,17,0,0,26,12,-3,9,-3,please
22.10321402549744,-1,14,13,25,2,29,16,-1,0,18,-17,-7,-10,-3,please
22.10321402549744,-6,-6,0,11,8,28,14,2,0,9,-16,-4,-16,-8,please
22.115264177322388,3,-5,7,12,7,22,23,7,10,11,10,9,-1,3,please
23.63638687133789,14,15,28,26,1,17,16,17,6,6,1,11,11,30,please
23.63638687133789,25,3,18,24,0,20,9,22,20,35,2,12,13,36,please
23.651578664779663,29,7,9,26,9,14,1,5,25,45,1,10,10,35,please
23.651578664779663,13,10,0,19,10,2,-6,-4,9,29,-1,5,11,19,please
23.66676163673401,-10,-10,-21,0,0,-12,-16,-2,-2,-1,-18,-14,-5,-2,please
23.682293176651,-16,-26,-33,-27,-9,-24,-18,-7,-5,-28,-23,-28,-28,-17,please
23.682293176651,-6,-18,-28,-44,-8,-13,-5,-10,-10,-27,-10,-22,-16,-24,please
23.69835877418518,-7,-9,-19,-36,-4,0,3,-4,-7,-15,0,-7,0,-22,please
23.69835877418518,-21,-7,-16,-28,-9,-10,0,-1,0,-11,0,-3,-12,-20,please
23.71377658843994,-28,-4,-14,-30,-18,-20,-2,-7,-3,-11,0,-11,-19,-26,please
23.71377658843994,-16,3,0,-15,-11,-7,-2,-9,-16,-15,1,-9,-7,-21,please
23.729471921920776,-2,8,9,7,2,4,0,-5,-15,-19,-1,-7,-4,-8,please
23.729471921920776,0,6,7,8,8,12,5,0,-3,-5,-3,-5,-5,0,please
23.729471921920776,11,5,18,9,9,22,14,6,10,24,4,9,14,18,please
23.745364904403687,28,1,17,17,6,17,24,11,23,36,10,16,28,41,please
23.745364904403687,28,-2,8,3,0,-3,10,17,26,21,5,13,24,34,please
23.76044511795044,24,9,10,0,9,-8,-17,9,15,14,18,25,32,15,please
23.7761390209198,19,27,23,24,21,-1,-26,-9,-10,2,30,31,25,5,please
23.7761390209198,1,21,22,31,14,-1,-16,-16,-27,-18,16,9,-5,-13,please
23.79124426841736,-14,0,2,20,1,2,0,-6,-15,-17,-3,-12,-16,-27,please
23.79124426841736,-18,0,0,22,9,18,19,6,2,1,-11,-12,-12,-16,please
23.8070924282074,-16,1,0,28,16,25,32,14,9,20,-4,-7,-7,-1,please
23.8070924282074,-16,-12,-9,9,0,17,25,7,10,24,0,-8,0,0,please
23.82223391532898,-17,-24,-12,-4,-10,10,15,0,9,15,-14,-12,-1,-1,please
23.82223391532898,-14,-19,-17,-3,-4,3,8,3,14,7,-27,-12,-9,0,please
23.83832955360413,0,-16,-19,-21,-7,-11,-7,2,15,0,-6,6,-1,10,please
23.83832955360413,14,-11,-7,-30,-19,-23,-15,-1,6,-5,14,29,12,30,please
23.854309558868408,28,0,2,-17,-20,-32,-18,0,0,-10,8,31,21,33,please
23.854309558868408,31,3,3,-23,-16,-34,-31,-3,-7,-23,6,17,18,17,please
23.869598388671875,27,13,7,-22,-9,-23,-33,-13,-18,-25,27,15,4,5,please
23.869598388671875,22,28,22,7,6,-13,-26,-14,-21,-9,31,17,-3,2,please
23.885180234909058,8,20,15,21,16,-8,-25,-8,-16,-3,8,-4,-4,-8,please
23.885180234909058,-17,2,-8,3,9,0,-18,-15,-20,-11,-12,-34,-17,-32,please
23.900383234024048,-29,0,-12,-1,3,13,6,-12,-15,-2,-27,-38,-35,-43,please
23.900383234024048,-24,0,-11,9,4,27,40,10,14,13,-41,-32,-34,-27,please
23.91617131233216,-31,-9,-17,3,1,35,49,18,19,6,-41,-32,-25,-12,please
23.91617131233216,-39,-23,-26,-12,-5,22,31,5,7,4,-26,-25,-11,-11,please
23.9312710762024,-26,-29,-30,-19,-15,1,16,10,19,17,-10,-8,6,-5,please
23.9312710762024,-7,-22,-17,-24,-18,-5,7,18,25,8,1,0,16,-1,please
23.94701552391052,0,-6,-2,-19,-8,-9,0,1,5,-9,9,1,10,-5,please
23.94701552391052,9,11,14,0,2,-17,-13,-8,-12,-18,17,16,4,-1,please
23.96205997467041,26,28,34,20,5,-13,-22,-3,-21,-22,30,35,9,7,please
23.96205997467041,32,30,45,33,13,5,-16,-2,-20,-10,29,27,9,14,please
23.97811269760132,26,21,47,44,25,25,2,0,-7,7,6,11,6,21,please
23.97811269760132,19,7,21,33,15,23,16,4,1,14,-2,5,8,30,please
23.99375534057617,8,-12,-8,-7,-3,6,9,1,0,15,4,0,7,31,please
23.99375534057617,2,-23,-20,-33,-10,-6,-2,0,6,13,-6,-9,3,18,please
24.00946283340454,3,-15,-29,-27,-9,-14,-10,0,12,2,-15,-9,10,2,please
24.00946283340454,1,-3,-20,-21,-5,-15,-14,-8,-3,-6,9,6,10,-5,please
24.02527117729187,0,4,-2,-10,5,-3,-9,-11,-18,-11,25,8,0,-12,please
24.02527117729187,-9,7,2,1,11,7,2,-2,-8,-6,4,-7,-12,-20,please
24.04128384590149,-28,0,-1,6,4,11,17,7,11,21,-13,-13,-11,-14,please
24.04128384590149,-21,-5,-1,8,0,4,14,10,24,37,-4,-1,1,3,please
24.05640172958374,3,-6,1,-1,-3,-12,-8,5,27,15,2,8,8,10,please
24.05640172958374,10,-1,0,-8,-7,-23,-17,0,24,-4,4,12,9,3,please
24.07201790809632,0,6,7,2,-3,-19,-9,-5,0,-15,13,20,8,-4,please
24.07201790809632,0,15,17,17,7,-4,-7,-8,-28,-18,11,15,0,-13,please
24.08717465400696,7,15,15,33,12,12,0,-9,-24,-1,-7,-5,-12,-8,sil
24.08717465400696,0,7,7,33,9,22,13,-5,-10,-1,-21,-18,-23,0,sil
24.108335971832275,-19,-11,-20,-1,-2,10,13,0,-8,-20,-29,-24,-28,-8,sil
24.109336137771606,-13,-21,-33,-32,-14,-6,-4,4,-2,-12,-23,-17,-10,-10,sil
24.109336137771606,14,-1,-2,-14,-8,-8,-15,6,5,3,6,11,16,2,sil
24.117860317230225,17,10,5,0,-3,-8,-11,0,0,-8,13,16,14,1,sil
24.133041381835938,0,0,-2,-15,-6,-15,-8,0,-11,-23,-6,-4,-3,-8,sil
24.133041381835938,-6,0,2,-10,-3,0,4,9,0,-7,-6,-14,-4,-2,sil
24.149069786071777,-10,0,0,5,4,21,21,10,22,15,-2,-14,-4,6,sil
24.149069786071777,-13,-10,-9,-3,5,20,25,7,29,25,-10,-17,-6,10,sil
24.16437840461731,0,-12,-11,-12,0,4,21,5,23,30,-3,-11,4,12,sil
24.16437840461731,2,-13,-11,-16,-7,-8,5,-4,8,17,0,0,7,7,sil
24.179431200027462,4,-18,-3,-17,-8,-9,-11,-8,-3,-3,-1,10,3,7,sil
24.179431200027462,19,0,9,-2,-1,0,-9,-2,-3,-9,15,22,7,7,sil
24.195579767227173,22,23,18,14,3,1,-4,-1,-10,-9,22,20,0,-4,sil
24.195579767227173,8,23,21,25,12,5,-2,-5,-15,-11,14,7,-1,-3,sil
24.20975923538208,-1,16,23,27,19,15,4,-3,-13,-5,14,5,9,8,sil
24.22587776184082,-9,7,7,18,9,15,8,0,-14,-1,0,-3,0,-3,sil
24.22587776184082,-12,-2,-4,10,-4,3,1,-4,-15,-4,-20,-14,-15,-16,sil
24.241245985031128,-5,-9,0,0,-6,-1,-4,-3,-4,0,-5,2,2,0,sil
24.241245985031128,-6,-16,-11,-14,-8,-10,-17,0,1,3,11,19,16,8,sil
24.25608396530152,-7,-11,-13,-19,-18,-32,-34,-7,-16,-15,16,9,0,-11,sil
24.25608396530152,0,6,8,-2,-12,-28,-25,-9,-23,-22,25,4,-2,-20,sil
24.272221088409424,0,12,12,14,5,3,0,1,-7,0,16,6,6,0,sil
24.272221088409424,-4,7,8,24,20,21,16,10,4,22,-4,0,3,13,sil
24.28809261322021,0,5,2,25,16,15,24,10,13,26,-3,-4,0,14,sil
24.28809261322021,6,2,-3,6,0,8,18,11,28,13,0,1,4,14,sil
24.30317783355713,13,-5,-6,-10,-8,0,6,9,36,8,0,8,12,12,sil
24.30317783355713,12,-14,-13,-20,-5,-13,0,1,28,11,4,7,18,6,sil
24.319298267364506,2,-15,-14,-32,-3,-13,-8,-1,7,0,0,1,3,-3,sil
24.319298267364506,3,3,-6,-19,4,-2,-12,-2,0,-12,-10,-6,-14,-11,sil
24.33480715751648,2,19,2,3,13,3,-7,-4,2,-1,-7,-11,-14,-16,sil
24.33480715751648,-13,11,-1,-2,8,8,-6,-3,-4,0,-17,-20,-18,-18,sil
24.351359367370605,-24,-1,-21,-20,1,4,4,-4,-12,-11,-38,-37,-30,-12,sil
24.351359367370605,-20,-15,-24,-23,-3,-1,16,-4,-10,-14,-47,-45,-35,-9,sil
24.367007970809937,-18,-26,-16,-19,-16,2,11,1,-4,0,-49,-41,-32,-11,sil
24.367007970809937,-8,-22,-10,-19,-17,2,3,4,0,3,-38,-20,-19,-1,sil
24.38238477706909,12,-10,0,-10,-4,-4,5,4,9,-3,-4,11,5,15,sil
24.38238477706909,24,0,11,4,1,-4,4,5,12,-1,30,32,32,20,sil
24.397984504699707,19,11,20,6,3,-1,-9,0,-5,-2,48,33,37,10,sil
24.397984504699707,14,21,23,14,9,0,-14,-4,-17,-12,42,25,21,-1,sil
24.41345453262329,8,25,23,31,7,0,-12,-7,-17,-12,23,11,4,-8,sil
24.41345453262329,-12,15,16,29,0,-3,-14,-13,-30,-11,13,0,-5,-10,sil
24.429463624954224,-17,2,6,29,-1,-2,-1,-9,-27,-5,19,3,-6,-2,sil
24.429463624954224,8,7,19,39,3,12,24,7,5,15,25,23,9,12,sil
24.444988012313843,16,9,19,25,0,15,25,12,22,28,13,26,21,21,sil
24.444988012313843,0,-7,-4,-2,-5,3,0,2,12,6,-3,8,7,14,sil
24.46151089668274,1,-8,-8,-9,-1,-7,-11,2,7,-7,0,4,1,4,sil
24.46151089668274,5,10,0,0,5,-9,-6,1,3,1,15,4,6,-3,sil
24.477214097976685,-13,11,4,5,3,0,-8,-6,-10,-2,3,-9,-7,-12,sil
24.477214097976685,-27,-11,-15,-1,-4,11,-4,-4,-3,-2,-25,-28,-21,-14,sil
24.49301815032959,-13,-32,-35,-18,-6,2,3,2,18,17,-26,-25,-5,-3,sil
24.49301815032959,11,-21,-13,-23,0,-8,1,5,30,18,1,8,19,11,sil
24.50816893577576,22,11,12,-1,6,-5,0,2,14,0,25,33,23,17,sil
24.50816893577576,6,20,9,14,6,3,1,-3,-11,-3,16,16,2,5,sil
24.52388620376587,-6,1,-2,7,4,13,16,-1,0,12,-8,-10,-7,-2,sil
24.52388620376587,-3,-11,-9,-14,0,4,20,5,25,17,-22,-11,2,1,sil
24.539489269256592,-2,-9,-12,-34,-6,-15,0,1,9,-6,-16,-2,2,-2,sil
24.539489269256592,-2,2,-11,-23,-5,-20,-20,-5,-18,-21,-6,-8,-7,-17,sil
24.55508708953857,-7,9,2,0,0,-9,-20,-6,-26,-14,-11,-18,-18,-26,sil
24.55508708953857,-12,-3,8,0,0,0,-4,-2,-21,-9,-20,-23,-25,-15,sil
24.57183003425598,2,-14,0,-6,-1,6,11,2,-3,0,-14,-14,-12,10,sil
24.57183003425598,18,-5,4,-5,-1,2,3,7,6,11,-7,2,0,18,sil
24.58683133125305,5,-7,0,-11,-11,-4,-13,0,-2,3,-11,0,-6,1,sil
24.58683133125305,0,-15,-9,-22,-18,-10,-15,-8,-5,-12,-4,0,-6,0,sil
24.60212135314941,16,0,4,-9,-8,-11,-6,-1,2,-8,22,21,16,17,sil
24.60212135314941,16,13,13,6,0,-3,-5,6,4,0,33,25,24,16,sil
24.61758136749268,-7,13,0,2,4,2,-6,1,1,-12,16,3,6,-9,sil
24.61758136749268,-16,18,-4,9,14,2,0,-4,0,-21,6,-10,-5,-23,sil
24.63342022895813,-15,17,5,22,15,0,5,-6,-7,-9,7,-9,-7,-16,sil
24.63342022895813,-19,4,5,16,4,4,3,-4,-11,-2,0,-8,-8,-9,sil
24.649067401885983,-7,6,-2,19,7,16,13,0,-10,-5,-7,-14,-9,-13,sil
24.649067401885983,1,12,2,28,19,32,23,3,-6,-1,-7,-17,-15,-19,sil
24.664166927337646,-8,0,0,24,14,30,20,1,9,13,-10,-11,-13,-15,sil
24.664166927337646,-11,-16,-8,6,0,11,14,2,19,14,-21,-5,-4,2,sil
24.68014693260193,3,-20,-7,-9,-12,1,16,8,13,4,-22,-5,1,18,sil
24.68014693260193,9,-17,-7,-12,-14,3,17,13,15,16,-9,-3,9,20,sil
24.695321321487427,6,-10,3,0,-3,5,13,16,23,35,0,13,20,23,sil
24.695321321487427,17,0,10,5,1,-7,0,10,18,32,7,28,30,32,sil
24.71052384376526,26,6,7,-9,-7,-36,-33,-7,-2,0,22,31,25,29,sil
24.71052384376526,20,11,12,-12,-9,-35,-53,-20,-23,-20,33,32,8,7,sil
24.726475715637207,10,15,10,8,2,-8,-28,-18,-23,-9,25,23,-2,-5,sil
24.726475715637207,7,12,3,10,8,-7,-14,-12,-13,-5,14,9,-3,-6,sil
24.74254941940308,5,12,5,2,7,-16,-18,-10,-13,-11,15,7,0,-5,sil
24.74254941940308,-5,10,7,12,4,-3,0,-3,-16,-5,7,0,-3,-8,sil
24.75806212425232,-22,-8,-6,5,-3,17,27,10,-2,6,-16,-24,-10,-9,sil
24.75806212425232,-29,-29,-26,-25,-11,21,34,23,29,19,-28,-37,-4,0,sil
24.77327299118042,-24,-29,-24,-38,-12,5,14,16,40,13,-16,-23,8,2,sil
24.77327299118042,-14,-20,-19,-26,-14,-7,-8,-4,10,-12,-1,-8,7,-10,sil
24.78930687904358,0,-12,-14,-24,-13,-10,-12,-14,-12,-29,0,0,-2,-15,sil
24.78930687904358,6,-6,0,-32,-13,-17,-13,-8,-17,-27,-3,10,-11,-12,sil
24.804471254348755,0,3,2,-19,-8,-23,-19,-3,-23,-19,0,3,-14,-15,sil
24.804471254348755,0,20,13,6,10,-6,-8,-4,-20,-12,5,-2,-11,-15,sil
24.820008039474487,8,26,29,28,22,16,9,1,0,0,6,3,-4,-7,sil
24.820008039474487,8,20,21,38,19,23,3,3,2,10,8,4,-3,2,sil
24.83516573905945,4,18,12,40,16,19,0,-3,-4,11,0,-8,-8,11,sil
24.83516573905945,2,9,0,28,12,18,17,-1,10,18,-15,-20,-7,9,sil
24.851227283477783,1,-3,-6,8,6,23,32,19,31,35,-6,-10,3,11,sil
24.851227283477783,2,-6,-3,4,9,21,34,25,38,39,3,3,12,24,sil
24.86705112457276,0,-11,-10,-2,3,4,24,6,27,15,-5,0,6,21,sil
24.86705112457276,-5,-18,-18,-22,-12,-7,0,-3,7,-8,-9,-1,4,4,sil
24.882553815841675,0,-15,-16,-25,-17,-13,-14,-4,-3,-17,-7,10,10,-1,sil
24.882553815841675,1,-13,-12,-22,-16,-19,-23,-10,-15,-29,-7,10,6,-8,sil
24.8981990814209,1,-4,-4,-11,-13,-17,-22,-7,-23,-28,4,4,0,-13,sil
24.8981990814209,8,17,5,10,0,-13,-12,-7,-28,-19,7,5,-2,-8,sil
24.91332316398621,12,22,18,12,11,-12,-8,-14,-35,-24,-4,7,-10,-6,sil
24.91332316398621,18,14,26,11,13,0,-2,-12,-27,-17,6,12,0,4,sil
24.929428815841675,23,19,35,35,18,13,2,-4,-12,4,18,17,12,15,sil
24.929428815841675,5,19,26,42,11,10,-7,-1,-8,8,-6,1,-2,0,sil
24.945051193237305,-27,-7,-8,8,-10,1,-14,1,-1,7,-21,-17,-15,-20,sil
24.945051193237305,-37,-34,-28,-24,-20,-1,-6,8,10,18,-4,-17,-12,-10,sil
24.96008801460266,-22,-28,-24,-20,-6,2,12,17,20,31,4,-17,-6,2,sil
24.96008801460266,-13,-10,-15,-8,4,13,28,22,32,30,-1,-15,1,2,sil
24.975308656692505,-15,-9,-14,-19,0,6,21,13,31,14,1,-5,8,0,sil
24.975308656692505,-6,-7,-16,-27,-7,-13,0,2,20,0,19,1,10,-3,sil
24.99039006233216,8,8,0,-14,-5,-21,-10,0,16,-3,29,11,17,0,sil
25.00502824783325,13,14,5,-6,-7,-25,-18,-4,13,-5,13,17,16,2,sil
25.00502824783325,8,2,0,-20,-14,-27,-31,-16,-15,-28,-9,9,-4,-9,sil
25.021114349365234,5,0,3,-23,-12,-13,-32,-21,-40,-43,-11,-2,-24,-22,sil
25.021114349365234,4,6,10,2,0,7,-3,-13,-29,-27,-9,-9,-25,-10,sil
25.035818099975582,0,2,9,21,6,24,23,-3,-18,-8,-19,-9,-20,7,sil
25.035818099975582,1,-2,3,20,6,33,32,0,-13,7,-14,-1,-8,14,sil
25.051571130752563,7,6,6,26,8,29,24,0,3,27,8,13,10,26,sil
25.051571130752563,8,10,16,33,13,19,11,3,23,39,19,20,23,36,sil
25.06711745262146,8,-1,2,19,8,9,0,5,28,41,15,4,27,25,sil
25.06711745262146,9,-3,-5,-2,3,-9,-9,5,20,26,20,6,31,12,sil
25.08310604095459,16,7,3,-9,9,-16,-1,12,17,6,29,25,35,12,sil
25.08310604095459,18,8,6,-7,11,-3,7,18,18,1,25,18,22,0,sil
25.09920811653137,3,7,2,-1,8,0,2,9,4,-5,9,-3,0,-23,sil
25.09920811653137,-18,5,-6,7,10,-8,0,-4,-15,-23,-7,-15,-18,-29,sil
25.114373445510864,-38,-8,-13,0,9,-1,2,-11,-20,-28,-27,-26,-30,-24,sil
25.114373445510864,-38,-23,-18,-11,-4,14,11,-6,-17,-16,-41,-39,-39,-20,sil
25.12999033927917,-25,-28,-25,-15,-16,8,19,0,-13,-14,-58,-46,-40,-16,sil
25.12999033927917,-19,-30,-28,-29,-20,-3,13,6,-6,-15,-67,-43,-34,-13,sil
25.14511227607727,-2,-14,-17,-20,-17,-3,2,3,3,1,-25,-9,-6,1,sil
25.14511227607727,31,13,18,2,-8,-3,-7,-2,7,11,36,33,24,18,sil
25.161165475845337,44,21,37,3,-5,-9,-23,-9,5,-3,39,44,27,13,sil
25.161165475845337,28,16,23,4,-8,-19,-45,-16,-9,-22,12,34,8,2,sil
25.176315546035767,17,23,31,24,-2,-24,-51,-17,-26,-19,18,35,5,5,sil
25.176315546035767,14,28,36,31,3,-20,-30,-12,-26,0,28,32,15,8,sil
25.19256162643433,2,20,16,27,5,-6,-12,-8,-23,-2,9,14,1,2,sil
25.19256162643433,-5,18,6,31,14,11,3,0,-10,-7,-3,-1,-12,-5,sil
25.20815348625183,-9,5,0,23,13,28,29,10,17,17,-2,-14,0,-2,sil
25.20815348625183,-18,-20,-20,0,0,28,43,16,31,35,-8,-22,4,3,sil
25.223615646362305,-20,-29,-37,-17,-2,16,36,13,31,29,-10,-22,-6,0,sil
25.223615646362305,-11,-18,-33,-26,-1,6,15,9,29,22,-1,-14,5,0,sil
25.238765478134155,-10,-20,-31,-33,-6,-1,-2,11,22,8,1,-11,16,4,sil
25.238765478134155,-13,-23,-30,-36,-1,-13,-8,8,4,-12,1,-12,-1,-6,sil
25.25481367111206,-6,2,-3,-19,6,-20,-16,-5,-22,-29,6,-8,-20,-21,sil
25.25481367111206,-1,20,10,0,3,-14,-23,-14,-38,-33,1,-9,-20,-20,sil
25.27149677276612,-6,-3,2,-20,-2,3,-4,-4,-18,-15,-7,-14,-14,-4,sil
25.27149677276612,-3,-21,1,-36,1,20,28,10,13,20,0,-8,2,16,sil
25.287051677703857,3,-4,3,-1,9,19,34,10,25,41,10,2,18,21,sil
25.287051677703857,0,1,2,18,2,10,19,1,11,28,-1,0,4,6,sil
25.30212163925171,0,-5,1,4,-11,3,12,0,0,8,-21,-5,-7,2,sil
25.30212163925171,12,0,4,4,-15,-14,-1,2,0,-4,-13,8,8,11,sil
25.31754469871521,26,7,12,15,-7,-29,-23,0,0,-13,11,33,24,10,sil
25.31754469871521,24,10,16,19,0,-18,-21,-5,1,-10,23,36,22,6,sil
25.3335919380188,19,20,26,15,7,0,-10,0,6,-3,22,32,15,1,sil
25.3335919380188,15,23,23,15,8,0,-11,0,1,0,21,26,5,-7,sil
25.34932947158813,1,16,7,18,1,-1,-18,-12,-18,-11,11,5,-6,-12,sil
25.34932947158813,-8,10,6,20,0,4,-6,-14,-24,-19,-7,-10,-11,-5,sil
25.365020990371704,-3,6,12,24,4,17,15,-1,-4,-4,-13,-8,-7,8,sil
25.365020990371704,-3,0,13,25,11,25,20,4,10,10,-5,-5,-5,12,sil
25.380513191223145,-14,-11,-6,8,9,21,11,3,7,10,-11,-18,-7,0,sil
25.380513191223145,-15,-24,-28,-17,-3,1,0,-2,2,9,-28,-24,-7,-7,sil
25.396318674087524,-2,-18,-19,-16,-9,-12,-11,-3,7,10,-13,-4,6,0,sil
25.396318674087524,4,-5,-12,-9,-3,-13,-11,0,15,1,19,12,17,7,sil
25.41246342658997,-4,-8,-21,-32,-9,-16,-15,0,0,-14,15,7,-4,-12,sil
25.41246342658997,-10,-9,-21,-40,-14,-16,-18,-4,-20,-21,-4,-6,-28,-36,sil
25.42800664901733,-3,7,-5,-5,0,-9,-3,-3,-15,-19,-1,-9,-22,-26,sil
25.42800664901733,-4,16,9,10,11,-7,7,0,-14,-15,-1,-13,-17,-9,sil
25.44407677650452,-9,3,4,-1,5,5,13,0,-21,-1,-18,-20,-21,-5,sil
25.44407677650452,-5,-5,3,3,7,28,26,1,-11,12,-19,-14,-10,2,sil
25.46017169952393,-4,-7,1,9,6,18,22,4,10,14,-9,-8,4,10,sil
25.46017169952393,-15,-12,-14,-17,-12,-7,0,1,16,14,-8,-11,9,8,sil
25.47601819038391,-5,-8,-9,-25,-18,-5,-7,6,14,14,0,1,22,16,sil
25.47601819038391,23,5,11,6,0,0,0,15,18,2,15,25,32,29,sil
25.49167847633361,26,12,12,6,4,-15,-8,10,10,-13,24,25,18,20,sil
25.49167847633361,7,10,1,-13,-1,-20,-14,0,-5,-14,11,12,0,0,sil
25.50720286369324,13,19,5,5,10,0,-5,-5,-10,-12,-4,6,-4,-10,please
25.50720286369324,18,24,17,27,22,19,1,-4,-8,-8,2,2,0,-4,please
25.52254557609558,-5,3,2,10,4,18,5,-4,-4,8,12,-11,0,0,please
25.52254557609558,-23,-22,-12,-6,-8,7,8,-4,2,15,-10,-16,-5,-2,please
25.538269519805908,-9,-26,-4,-2,-2,6,17,6,17,22,-15,-3,4,5,please
25.538269519805908,1,-11,0,3,0,7,21,17,37,43,17,5,29,20,please
25.55334520339965,2,-5,-1,-2,-6,-1,5,11,36,39,19,7,25,15,please
25.55334520339965,8,-9,0,-14,-10,-13,-10,0,13,3,-2,9,3,1,please
25.568865299224854,6,-2,2,-17,-6,-20,-14,-14,-9,-27,0,6,-9,-12,please
25.568865299224854,-9,9,5,-4,-2,-16,-20,-23,-29,-45,0,-4,-25,-35,please
25.584275245666504,-22,13,0,14,0,3,-18,-15,-35,-39,-17,-13,-37,-36,please
25.584275245666504,-14,5,-1,22,3,17,0,-2,-22,-1,-16,-8,-26,-6,please
25.600295066833496,6,0,-2,12,-3,4,8,0,0,15,0,2,0,13,please
25.600295066833496,10,0,0,0,-12,-14,-9,0,1,-12,13,13,14,4,please
25.61641526222229,6,12,11,2,-2,-14,-25,-1,-14,-26,20,16,8,-4,please
25.61641526222229,10,22,20,33,12,6,0,-5,-22,-2,14,8,0,0,please
25.63211226463318,0,9,12,43,11,25,31,4,-14,9,-9,-5,-8,1,please
25.63211226463318,-8,-12,-4,9,0,14,26,17,5,6,-11,-8,-7,5,please
25.647101163864136,15,-6,-2,-11,-4,-13,0,11,19,8,24,13,15,15,please
25.647101163864136,31,24,21,14,11,-11,-10,1,11,7,45,36,33,17,please
25.662226915359497,10,28,21,32,28,6,-2,0,-9,6,21,16,11,5,please
25.662226915359497,-12,-8,-2,4,9,4,2,-5,-8,10,-14,-14,-18,-4,please
25.677271604537964,-5,-27,-14,-21,-14,-1,7,0,18,17,-23,-12,-6,5,please
25.6930148601532,11,-11,-12,-31,-10,0,0,9,30,18,-7,7,21,22,please
25.6930148601532,-4,-18,-25,-50,-9,-14,-15,1,12,-5,-15,-1,10,7,please
25.6930148601532,-32,-32,-49,-65,-25,-30,-19,-10,-5,-32,-40,-27,-21,-19,please
25.708208799362183,-19,-9,-37,-50,-13,-14,-12,-4,-5,-19,-29,-29,-21,-16,please
25.724018573760983,-5,8,-4,-30,12,8,-4,4,3,-1,-14,-24,-7,-12,please
25.724018573760983,-19,-3,-5,-16,12,17,8,2,4,-1,-25,-33,-18,-22,please
25.724018573760983,-16,-3,-8,5,13,31,26,6,9,13,-21,-35,-23,-14,please
25.73911499977112,-1,8,1,17,24,45,40,13,30,36,-6,-24,-2,7,please
25.75428891181945,0,0,0,1,3,17,25,6,25,23,-10,-12,8,15,please
25.75428891181945,9,-7,-2,0,-23,-21,-8,-10,-11,-11,-5,4,7,2,please
25.77013349533081,22,6,13,9,-13,-26,-25,-18,-32,-30,25,25,13,-12,please
25.77013349533081,8,15,26,13,3,-13,-22,-10,-32,-22,39,35,6,-13,please
25.78547978401184,0,17,36,33,4,-5,-16,-4,-29,-13,24,28,-7,0,please
25.78547978401184,14,23,45,63,10,5,-1,-2,-13,-5,18,21,3,8,please
25.801612615585327,13,11,27,51,5,9,19,4,8,14,25,23,24,14,please
25.801612615585327,-5,-15,-2,11,-15,-3,10,6,12,22,15,17,16,17,please
25.81719923019409,-6,-19,-13,-8,-25,-16,-14,0,1,1,1,9,2,9,please
25.81719923019409,1,-11,-12,-13,-18,-14,-17,2,0,-12,10,10,15,-2,please
25.832423210144043,5,-10,-10,-13,-10,-11,-8,4,1,-6,19,18,20,-5,please
25.832423210144043,16,6,7,1,-1,-11,-11,-4,-6,-5,11,15,-1,-5,please
25.84809422492981,16,20,16,8,8,-7,-16,-7,-21,-14,3,1,-17,-7,please
25.84809422492981,-3,10,5,5,11,5,-1,0,-19,-14,1,-9,-15,-11,please
25.8632493019104,-12,9,0,7,8,22,21,2,-6,3,-5,-16,-13,-5,please
25.8632493019104,-8,9,0,11,11,26,26,1,6,18,-16,-21,-10,8,please
25.878660917282104,-4,-5,-2,7,16,19,23,6,21,17,-22,-20,-2,13,please
25.878660917282104,0,-13,-6,-6,10,9,23,7,31,18,-22,-13,3,14,please
25.89446330070496,0,-12,-22,-28,0,-1,13,3,27,19,-21,-11,1,12,please
25.89446330070496,-1,-11,-28,-33,-1,-10,0,3,26,15,-7,-6,8,10,please
25.91006135940552,9,2,-10,-21,0,-11,-5,0,22,9,13,16,20,7,please
25.91006135940552,8,10,0,-11,0,-8,-13,-6,0,-3,14,23,8,-3,please
25.92518281936645,-4,3,-5,-11,-4,-8,-31,-13,-27,-26,0,-1,-17,-17,please
25.92518281936645,-15,11,-1,-2,0,-4,-25,-12,-25,-27,-2,-8,-21,-14,please
25.94127440452576,-12,17,9,15,6,11,6,1,0,1,2,-1,-2,-3,please
25.94127440452576,-6,0,1,18,7,23,18,12,13,24,-10,-14,1,0,please
25.9570255279541,-14,-15,-15,4,0,14,7,2,1,11,-34,-35,-16,-2,please
25.9570255279541,-21,-22,-10,-5,-9,0,4,-9,-19,-15,-34,-29,-27,-2,please
25.972331047058105,-8,-28,-8,-16,-11,-5,10,-3,-19,-22,-13,-10,-10,-2,please
25.972331047058105,9,-19,-6,-17,-7,-9,3,8,0,-4,13,6,15,0,please
25.988287448883057,19,0,8,-3,0,-15,-11,10,23,8,28,26,25,6,please
25.988287448883057,16,6,12,2,-2,-17,-20,0,16,-3,19,28,9,-3,please
26.004403352737427,9,0,5,-4,-9,-19,-24,-10,-15,-16,10,14,-7,-21,please
26.004403352737427,10,9,11,6,-2,-14,-22,-8,-33,-11,12,13,-1,-11,please
26.020450115203857,3,15,19,23,7,8,-1,-4,-20,-10,4,8,1,0,sil
26.020450115203857,-10,-3,12,5,-1,21,14,0,-7,-9,-8,-4,-11,0,sil
26.036049365997314,-12,-19,-7,-13,-9,8,9,10,11,16,-4,-5,-4,4,sil
26.036049365997314,-6,-15,-13,-7,-8,-3,2,8,21,20,-2,-2,15,1,sil
26.051573753356934,1,0,3,-1,-5,-5,-3,0,6,-6,7,8,21,-4,sil
26.051573753356934,17,25,17,2,9,-5,-14,-4,-5,-2,36,22,25,7,sil
26.06727170944214,20,30,21,20,19,0,-9,-7,-7,15,30,16,14,19,sil
26.06727170944214,5,22,19,26,8,17,18,0,-2,17,6,0,8,17,sil
26.08246660232544,-2,15,0,14,0,20,41,11,12,18,0,-15,9,13,sil
26.08246660232544,-5,0,-18,-6,0,6,28,9,12,11,-13,-20,-5,6,sil
26.098077297210693,0,-6,-17,-23,-2,-9,1,4,11,6,-14,-16,2,6,sil
26.098077297210693,4,3,-17,-11,2,-11,-4,-3,9,-7,-14,-22,0,-1,sil
0.0403945446014404,-7,5,-5,16,12,5,0,-10,-22,-41,-47,-26,-51,-24,sorry
0.0403945446014404,-15,0,-1,27,13,14,0,-1,-33,-35,-42,-16,-52,-25,sorry
0.0593891143798828,-12,-10,-9,22,3,8,3,4,-2,-3,-11,-8,-14,-14,sorry
0.0593891143798828,-13,-18,1,9,-4,8,12,0,16,1,-11,-1,-11,-11,sorry
0.071995735168457,-5,-9,4,-1,0,3,12,3,21,11,0,14,2,4,sorry
0.071995735168457,6,-8,0,-10,2,-8,3,1,19,22,20,28,26,24,sorry
0.0875360965728759,7,-16,0,-16,-4,-7,-11,-1,11,12,19,30,26,24,sorry
0.0875360965728759,5,-12,-8,-17,-11,-12,-21,-3,9,8,20,22,22,9,sorry
0.1030964851379394,7,-6,1,-25,-14,-27,-20,-6,6,3,19,13,12,-4,sorry
0.1030964851379394,9,-2,4,-28,-12,-20,-20,-3,-2,-9,13,12,6,-3,sorry
0.1189908981323242,11,9,-1,-1,0,-4,-23,0,-8,-6,25,13,11,2,sorry
0.1189908981323242,14,21,8,8,6,-5,-21,-2,-9,9,35,17,9,0,sorry
0.13458251953125,5,14,1,-7,2,-5,-13,-6,-12,13,23,6,-3,-8,sorry
0.13458251953125,-17,3,0,0,1,9,-11,-4,-31,-12,-8,-21,-27,-15,sorry
0.1506507396697998,-24,2,6,32,10,25,-1,0,-37,-20,-29,-34,-30,-9,sorry
0.1506507396697998,-8,-1,0,19,9,25,26,3,-5,14,-20,-24,0,9,sorry
0.1661815643310547,-9,-17,-8,-30,-7,12,38,3,13,19,-25,-24,0,7,sorry
0.1661815643310547,-24,-21,-16,-38,-15,1,25,3,15,-8,-38,-25,-16,-6,sorry
0.1822855472564697,-5,0,1,0,-9,0,18,7,29,3,-6,1,4,2,sorry
0.1822855472564697,22,15,11,13,-3,-3,14,5,33,21,26,23,24,12,sorry
0.1974961757659912,18,9,0,0,1,-16,-8,0,6,-12,6,9,5,-6,sorry
0.1974961757659912,7,0,9,0,0,-16,-25,0,-10,-34,-8,3,-3,-16,sorry
0.2133431434631347,11,0,2,0,-8,-7,-16,3,-7,-18,9,10,4,-2,sorry
0.2133431434631347,10,11,2,0,2,0,-4,0,-15,-15,10,5,0,-4,sorry
0.228757619857788,0,18,12,21,20,8,0,0,-27,-18,-9,-8,-13,-10,sorry
0.228757619857788,-7,0,-4,43,16,20,10,0,-18,-1,-14,-16,-8,4,sorry
0.244429349899292,-8,-12,-3,26,8,26,23,-3,-1,8,-15,-19,-6,12,sorry
0.244429349899292,-5,-7,-2,4,10,20,24,-5,7,14,-14,-18,-6,4,sorry
0.2598087787628174,-6,-6,-5,2,11,5,14,1,9,22,-4,-7,3,7,sorry
0.2598087787628174,-8,-10,-2,0,3,-4,4,5,11,14,3,6,9,12,sorry
0.2756333351135254,-6,-11,-14,-13,-11,-12,-4,-2,20,7,4,6,5,7,sorry
0.2756333351135254,-2,-10,-10,-23,-25,-18,-17,-7,17,15,0,4,10,0,sorry
0.2911968231201172,6,-4,-2,-23,-20,-21,-16,-1,5,10,7,19,21,0,sorry
0.2911968231201172,13,4,2,-22,-11,-23,-13,0,1,-4,24,29,17,4,sorry
0.3074586391448974,8,10,8,-22,-10,-21,-29,-3,-1,-7,23,25,7,-1,sorry
0.3074586391448974,3,13,3,-6,-2,-15,-35,0,-9,-7,15,17,8,-11,sorry
0.3230280876159668,4,15,8,7,8,-3,-10,0,-13,-13,14,7,3,-6,sorry
0.3230280876159668,3,8,3,0,12,4,8,0,-10,-14,3,-4,-15,-4,sorry
0.3382842540740967,4,7,0,2,9,2,0,1,-5,-8,-5,-5,-19,-7,sorry
0.3382842540740967,3,13,4,19,4,7,-9,9,-4,-9,0,0,-7,0,sorry
0.353412389755249,0,5,1,13,8,18,2,4,-1,-5,0,-4,-2,8,sorry
0.353412389755249,4,-4,0,-2,10,12,17,-4,7,11,-10,-11,0,2,sorry
0.3690083026885986,2,-8,-2,0,0,2,17,-1,6,15,-3,-6,7,0,sorry
0.3690083026885986,-8,-7,1,7,-4,3,6,3,-6,1,5,1,4,1,sorry
0.3851041793823242,-11,-5,3,2,4,11,0,-2,-9,1,0,-3,-8,-2,sorry
0.3851041793823242,-10,-15,-3,-11,0,12,9,-5,0,10,-8,-16,-13,-9,sorry
0.4002354145050049,-14,-16,1,-11,-8,12,18,0,3,5,-11,-18,-14,-11,sorry
0.4002354145050049,-13,-3,-2,8,2,15,18,2,-2,-4,-17,-17,-20,-7,sorry
0.415424108505249,-9,-5,-5,5,9,10,12,0,-6,-4,-23,-20,-19,-4,sorry
0.415424108505249,-6,-14,0,-15,-9,0,6,0,0,-5,-15,-13,-5,-7,sorry
0.4311530590057373,-1,0,-5,-2,-15,-8,12,3,8,-2,0,-2,3,0,sorry
0.4311530590057373,2,15,0,21,5,0,18,6,9,5,-4,0,-1,11,sorry
0.4472565650939941,0,5,2,13,11,4,12,1,8,10,-12,1,0,8,sorry
0.4472565650939941,-2,-1,-2,4,-1,-4,-1,-5,13,12,6,10,19,7,sorry
0.4630618095397949,6,8,14,21,-2,-5,-14,0,10,10,23,19,25,16,sorry
0.4630618095397949,15,5,12,17,2,-3,-19,0,-5,-2,6,7,6,7,sorry
0.4780426025390625,0,-8,-8,-21,-4,-13,-19,-5,-14,-13,0,-3,3,-6,sorry
0.4780426025390625,-11,-8,-15,-31,-14,-21,-16,-1,-5,-3,14,5,17,3,sorry
0.4936017990112304,12,3,2,-2,-15,-20,-18,0,0,0,11,16,13,17,sorry
0.4936017990112304,32,13,14,10,-7,-12,-21,-4,-4,-9,-5,19,-1,10,sorry
0.5083510875701904,20,8,2,-5,-2,-2,-16,0,-4,-11,-1,23,0,3,sorry
0.5083510875701904,5,-1,-3,-18,-3,0,-6,0,0,2,13,23,12,4,sorry
0.5249595642089844,1,-4,-11,-16,0,1,-2,-2,1,3,7,5,10,-2,sorry
0.5249595642089844,-3,-1,-14,-12,9,0,-6,1,-3,-10,-12,-10,-2,-12,sorry
0.538992166519165,0,8,0,-2,11,-1,-7,3,1,-4,-1,-1,0,-5,sorry
0.538992166519165,16,13,6,7,9,-5,0,1,17,21,32,15,15,9,sorry
0.5551354885101318,8,6,6,0,11,0,6,0,15,17,22,0,3,0,sorry
0.570242166519165,-16,1,-6,-6,9,13,8,0,4,-9,-13,-30,-20,-25,sorry
0.570242166519165,-21,3,-8,5,3,3,5,0,1,-17,-8,-22,-21,-19,sorry
0.5863766670227051,-11,0,7,4,0,-7,4,3,-2,-9,10,0,-12,-8,sorry
0.5863766670227051,-14,-11,-8,-5,-7,0,8,-2,-15,-7,-3,-6,-12,-11,sorry
0.5863766670227051,-13,-11,-3,7,-8,6,2,-4,-22,-6,-12,-13,-11,-9,sorry
0.6020405292510986,-5,0,18,27,0,8,4,3,-11,4,0,-4,-1,-2,sil
0.6020405292510986,-8,0,5,16,6,13,12,0,-3,7,-5,-7,-3,-4,sil
0.617133617401123,-10,-7,2,4,3,12,7,0,-15,-13,-23,-16,-20,-9,sil
0.617133617401123,0,-2,4,16,0,2,6,0,-22,-23,-14,-13,-19,-2,sil
0.6335251331329346,13,4,8,22,-2,5,12,-1,-14,-2,-5,0,-3,7,sil
0.6335251331329346,15,4,14,13,2,16,8,0,-7,14,-9,9,3,9,sil
0.6481418609619141,7,1,2,7,16,16,11,2,8,27,3,3,11,13,sil
0.6631748676300049,0,0,1,-4,15,12,17,4,27,33,15,0,23,17,sil
0.6631748676300049,-2,-5,1,-19,3,7,7,4,26,22,1,2,20,6,sil
0.6783392429351807,-7,-6,-10,-23,-5,-3,-6,1,12,5,-7,4,6,5,sil
0.678743839263916,-7,-5,-11,-22,-13,-9,-10,0,3,-3,-2,8,0,18,sil
0.6943771839141846,-3,-13,-15,-20,-19,-16,-12,-2,1,-7,-6,3,-5,7,sil
0.6943771839141846,-8,-16,-11,-24,-20,-22,-16,-3,-2,-10,-19,-14,-12,-13,sil
0.7100887298583984,-18,-12,-9,-27,-19,-18,-9,0,-1,-9,-17,-18,-11,-10,sil
0.7100887298583984,-6,-7,-4,-16,-13,-9,-2,0,2,-7,0,1,0,0,sil
0.725717306137085,11,3,-4,-2,-2,0,0,-2,13,3,10,13,13,3,sil
0.725717306137085,10,7,-5,3,6,0,0,0,21,13,14,12,23,8,sil
0.7413208484649658,10,5,7,6,9,-4,-2,2,19,6,22,21,27,12,sil
0.7413208484649658,22,13,5,10,0,-9,-7,1,11,-1,23,24,22,13,sil
0.7573225498199463,25,19,5,14,-9,-8,-4,-4,2,-4,12,10,5,6,sil
0.7573225498199463,20,19,17,21,7,1,5,-3,1,0,16,8,0,-4,sil
0.7733776569366455,15,20,13,24,19,6,11,2,5,8,24,18,12,-3,sil
0.7733776569366455,10,14,12,15,10,0,-3,1,-5,-5,10,12,3,0,sil
0.7894110679626465,8,3,0,6,3,-7,-19,-1,-24,-28,-6,-8,-19,-11,sil
0.7894110679626465,0,0,-6,0,5,-7,-14,0,-22,-22,-2,-14,-23,-18,sil
0.805138349533081,-13,0,0,-6,3,0,-4,2,-7,-5,1,-7,-13,-13,sil
0.805138349533081,-13,0,-2,-3,0,3,-5,0,-13,-10,-8,-10,-15,-12,sil
0.821136474609375,-12,0,1,6,4,2,-9,-4,-32,-20,-19,-18,-26,-19,sil
0.821136474609375,-24,-7,-7,8,6,12,-6,-3,-24,-4,-14,-22,-24,-19,sil
0.8372399806976318,-25,-20,-12,-6,0,14,0,0,-5,10,-13,-23,-12,-9,sil
0.8372399806976318,-17,-18,3,-11,-4,4,3,-1,-6,3,-17,-14,-7,0,sil
0.852306604385376,-14,-12,-7,0,-3,2,8,-8,-9,5,-13,-8,-7,0,sil
0.852306604385376,-9,-11,-2,-4,-3,7,7,-2,-7,12,-6,-8,0,1,sil
0.867462158203125,-5,-10,6,-11,0,9,15,8,0,14,0,-1,14,7,sil
0.867462158203125,-5,-6,-7,-3,0,7,22,6,19,16,6,3,15,14,sil
0.883378267288208,2,7,6,1,0,9,15,2,22,9,0,1,9,13,sil
0.883378267288208,14,15,13,9,5,10,17,1,13,7,0,9,14,12,sil
0.8983280658721924,15,11,0,12,9,0,15,3,16,10,6,20,21,18,sil
0.8983280658721924,12,8,-1,-1,-5,-12,-4,4,9,0,2,16,10,15,sil
0.9142963886260986,14,3,-2,-3,-18,-13,-12,-3,0,-6,0,8,0,2,sil
0.9142963886260986,12,4,2,9,-5,0,-1,-3,2,0,1,6,0,-2,sil
0.9290220737457277,-1,3,-2,3,2,4,4,1,7,-1,-10,-3,-8,-3,sil
0.9290220737457277,-16,-10,-14,-17,-7,0,4,-3,2,-11,-22,-17,-18,-7,sil
0.9442152976989746,-6,-12,-6,-11,-6,-2,3,-3,7,-2,-8,-8,-6,-2,sil
0.9442152976989746,11,0,0,5,6,-2,1,2,20,12,6,3,11,7,sil
0.9597101211547852,9,0,1,-8,6,-8,-9,0,19,6,12,8,15,5,sil
0.9597101211547852,0,-5,-3,-17,2,-11,-12,3,13,1,24,14,11,2,sil
0.9756505489349364,3,-1,1,-5,3,-9,-5,3,11,5,23,15,16,4,sil
0.9756505489349364,7,-2,6,-8,-5,-11,-15,0,6,0,10,8,18,1,sil
0.9903936386108398,8,0,5,-9,-14,-16,-27,-1,-4,-9,16,11,7,3,sil
0.9903936386108398,15,14,16,6,-7,-8,-18,-1,-16,-9,25,17,-1,6,sil
1.0065476894378662,10,14,10,14,0,1,0,2,-20,-5,15,6,-5,-4,sil
1.0065476894378662,-2,6,1,9,2,6,10,3,-18,-8,4,-6,-9,-14,sil
1.021235704421997,-6,7,3,9,9,11,16,-2,-20,-10,-1,-12,-15,-12,sil
1.021235704421997,-10,2,-4,13,11,11,9,-9,-35,-9,-18,-24,-25,-13,sil
1.0363662242889404,-20,-5,-7,14,11,13,0,-7,-40,-10,-32,-35,-33,-16,sil
1.0363662242889404,-14,-5,-4,14,9,21,10,-1,-4,7,-30,-21,-23,-10,sil
1.0523796081542969,-5,-7,-2,6,2,11,16,1,25,25,-19,-1,-5,-2,sil
1.0523796081542969,-19,-23,-7,-14,-9,-7,3,0,12,7,-22,-10,-6,-7,sil
1.067915439605713,-27,-30,-22,-28,-16,-11,-8,-4,0,-7,-29,-25,-7,-6,sil
1.0834617614746094,-4,-8,-11,-17,-5,-3,-16,-3,10,3,-12,-2,12,6,sil
1.0834617614746094,9,7,-2,-7,0,-5,-21,-1,7,-2,2,13,15,0,sil
1.0834617614746094,2,5,1,-9,-10,-9,-18,-2,-7,-24,2,4,0,-11,sil
1.099989652633667,12,16,12,-2,-4,-2,-6,1,-7,-18,20,16,11,3,sil
1.099989652633667,31,30,17,15,14,2,4,6,2,0,41,36,30,23,sil
1.1154627799987793,22,27,19,29,22,0,4,4,0,0,32,29,17,15,sil
1.1305761337280271,6,15,8,29,16,2,2,0,-9,0,8,10,0,2,sil
1.1305761337280271,-1,0,0,13,3,10,8,0,-1,8,-3,-4,-2,4,sil
1.1305761337280271,-3,-9,4,6,1,17,24,4,20,23,-2,-12,2,15,sil
1.1462290287017822,1,-8,-4,8,6,14,34,7,28,32,-4,-11,9,22,sil
1.1462290287017822,-2,-8,-5,-14,-3,0,15,5,21,16,-11,-2,6,14,sil
1.1612462997436523,-3,-9,-11,-26,-12,-9,0,7,27,8,0,5,10,5,sil
1.1612462997436523,8,-6,-9,-17,-5,-11,-2,1,20,9,19,6,16,0,sil
1.1785013675689695,0,0,5,-24,-8,-19,-19,-10,-13,-12,6,-1,-5,-18,sil
1.1785013675689695,-19,1,-6,-21,-15,-25,-33,-12,-32,-37,-9,-11,-28,-30,sil
1.1935040950775146,-17,-3,-4,-1,-7,-5,-19,-1,-37,-34,-8,-16,-28,-20,sil
1.1935040950775146,-17,-13,-1,0,1,20,8,-1,-44,-18,-14,-24,-31,-18,sil
1.2100698947906494,-20,-14,-11,0,4,21,29,-2,-20,2,-15,-24,-23,-13,sil
1.2100698947906494,0,-3,13,9,2,13,25,5,19,22,0,-1,4,7,sil
1.2255306243896484,6,0,9,7,-5,8,5,0,32,27,3,8,12,12,sil
1.2407162189483645,0,-4,-4,-4,-7,0,-5,-9,22,15,-4,2,1,3,sil
1.2407162189483645,1,-6,4,-6,-1,-4,0,3,18,4,-2,5,9,8,sil
1.256246566772461,12,-1,-5,4,0,-8,0,4,20,4,5,20,21,15,sil
1.256246566772461,20,7,0,4,1,-12,-8,-2,12,5,4,31,17,14,sil
1.256246566772461,16,5,1,2,0,-11,-13,-1,0,-1,6,23,14,6,sil
1.2721741199493408,5,0,-4,1,-2,-9,-21,0,-3,-13,14,6,7,-5,sil
1.2873311042785645,12,18,11,6,0,-5,-21,1,-3,-14,15,10,-2,-9,sil
1.2873311042785645,23,33,13,22,11,-5,-5,1,0,-4,15,19,3,-1,sil
1.2873311042785645,18,27,16,30,15,-3,-2,0,-5,-6,17,16,14,3,sil
1.3016228675842283,10,16,17,23,7,0,-6,2,-16,-13,9,6,4,4,sil
1.3171508312225342,4,6,2,14,0,2,0,0,-24,-9,-5,-9,-16,0,sil
1.3171508312225342,-8,-1,-4,10,4,12,7,0,-27,-8,-10,-19,-24,-8,sil
1.3331899642944336,-21,-9,-9,9,4,20,7,1,-23,-12,-16,-22,-19,-10,sil
1.3331899642944336,-27,-14,-11,0,-1,14,0,-1,-20,-11,-29,-30,-18,-7,sil
1.3491318225860596,-24,-16,-14,-9,0,11,5,-2,-11,7,-30,-35,-15,-8,sil
1.3491318225860596,-17,-25,-19,-21,0,9,22,2,12,26,-20,-25,-2,-2,sil
1.3644907474517822,-14,-27,-13,-36,-11,0,22,6,29,24,-13,-13,6,5,sil
1.3644907474517822,-14,-18,-15,-40,-10,-2,6,1,28,20,-4,-14,12,5,sil
1.380022048950195,-11,-12,-15,-45,-1,-1,-2,0,27,19,0,-10,13,6,sil
1.380022048950195,-2,-8,-11,-53,-3,-6,0,3,23,7,7,6,8,10,sil
1.396042823791504,2,1,0,-39,-5,-16,-3,0,-1,-11,17,15,3,0,sil
1.396042823791504,2,13,7,-10,-2,-17,-25,-8,-32,-29,13,8,-6,-17,sil
1.4114620685577393,0,14,5,9,-2,-9,-23,-6,-28,-25,1,1,-16,-17,sil
1.4114620685577393,0,9,11,26,5,5,6,-1,-9,-4,-3,0,-12,-9,sil
1.4271025657653809,-1,7,13,36,13,17,26,4,6,13,-5,-3,-2,-3,sil
1.4271025657653809,1,3,9,33,5,15,22,6,21,21,0,0,0,4,sil
1.4430890083312988,6,0,8,24,-1,4,6,-1,27,15,5,8,2,8,sil
1.4430890083312988,16,0,0,18,-3,-17,-8,-5,20,0,7,20,11,7,sil
1.4583957195281982,30,11,13,10,-7,-28,-18,1,7,-11,21,39,20,13,sil
1.4583957195281982,33,13,18,14,-11,-14,-19,4,0,-10,36,46,24,13,sil
1.473379135131836,17,14,6,25,-4,-4,-11,-3,-12,-12,26,29,13,4,sil
1.473379135131836,0,17,13,27,12,4,2,-1,-20,-11,10,11,0,2,sil
1.4887290000915527,-3,1,6,29,17,25,17,2,-13,1,0,1,-2,10,sil
1.4887290000915527,0,-13,1,19,5,27,12,1,-6,14,-12,-6,0,13,sil
1.504307746887207,-3,-13,-9,-8,-5,5,0,-4,-3,16,-22,-16,-2,7,sil
1.504307746887207,-12,-20,-26,-39,-12,-11,-11,-4,-1,1,-23,-22,-10,-1,sil
1.5203461647033691,-8,-14,-7,-46,-11,-15,-18,4,-4,-17,-16,-11,-6,-9,sil
1.5203461647033691,4,7,2,-23,0,-13,-10,8,2,-10,6,4,8,-7,sil
1.5364675521850586,7,15,0,-8,6,-6,-3,1,12,5,27,7,14,3,sil
1.5364675521850586,-4,10,0,-8,9,5,0,3,4,6,14,-5,3,-2,sil
1.5522005558013916,-16,5,-9,1,15,16,8,2,-4,5,-13,-25,-11,-19,sil
1.5522005558013916,-20,0,-4,7,13,14,11,-5,-2,1,-22,-36,-26,-23,sil
1.5672383308410645,-15,-5,-3,3,6,3,10,-4,1,3,-14,-29,-21,-16,sil
1.5672383308410645,-6,-6,-3,9,0,3,12,1,-4,8,-14,-11,-9,-4,sil
1.5833446979522705,0,-7,1,10,-8,12,8,2,-9,6,-17,-4,-8,7,sil
1.5833446979522705,0,-15,-4,-2,-11,12,5,-2,3,8,-9,-11,-2,12,sil
1.5985970497131348,2,-15,2,-13,-10,3,9,-2,11,7,-8,-7,5,11,sil
1.5985970497131348,14,-5,1,-7,-13,-3,9,0,6,0,-7,11,7,17,sil
1.6140096187591553,20,-3,-1,0,-10,-2,3,-1,5,-4,2,23,18,23,sil
1.6140096187591553,10,-1,0,-7,0,-1,5,0,12,-4,4,21,23,13,sil
1.6300554275512695,-2,2,-10,-22,0,-18,0,0,12,-12,0,11,3,-4,sil
1.6300554275512695,-8,0,-6,-28,-4,-31,-23,-3,0,-21,3,6,-6,-19,sil
1.6456375122070312,-11,-5,-5,-13,-2,-19,-23,0,-9,-15,8,7,0,-22,sil
1.6456375122070312,-10,3,-7,2,5,-8,-14,0,-16,-13,10,3,-2,-21,sil
1.6612811088562012,-4,17,6,7,8,-5,-20,0,-20,-16,20,2,-6,-22,sil
1.6612811088562012,0,17,6,10,5,0,-20,3,-9,-3,24,7,1,-9,sil
1.677316188812256,0,7,6,6,2,-1,-11,1,-4,0,7,3,-4,0,sil
1.677316188812256,-7,0,4,4,-3,-5,-8,-1,-12,-11,-3,-10,-14,-6,sil
1.693164587020874,-1,2,7,13,-1,5,0,0,-8,-4,2,-3,-2,-1,sil
1.693164587020874,10,10,17,19,12,17,13,3,5,12,8,10,0,13,sil
1.7087669372558594,10,7,6,19,13,9,13,0,8,16,7,1,-5,13,sil
1.7087669372558594,1,0,4,17,1,6,9,-2,2,16,2,-6,0,12,sil
1.724315881729126,0,2,6,10,0,14,11,0,2,15,-8,-3,1,16,sil
1.724315881729126,5,3,2,12,4,9,9,3,5,11,-10,-1,0,12,sil
1.7394442558288574,16,11,6,25,4,7,9,3,9,20,8,8,14,18,sil
1.7394442558288574,17,8,0,13,1,11,17,-2,16,30,15,12,24,27,sil
1.755390167236328,9,-7,0,-9,0,6,15,-2,9,9,-4,0,9,9,sil
1.755390167236328,0,-18,-5,-9,-7,1,6,2,0,-2,-18,-10,-2,-12,sil
1.771141529083252,-18,-24,-21,-16,-14,2,-1,-3,-2,1,-20,-17,-5,-13,sil
1.771141529083252,-24,-25,-7,-29,-9,0,-5,-7,-2,-2,-22,-19,-8,-9,sil
1.786264181137085,-3,-10,0,-12,0,-2,0,1,7,-1,-13,-5,-2,-4,sil
1.786264181137085,8,1,2,-3,-1,-7,4,2,13,0,0,4,2,1,sil
1.8014864921569824,-7,-7,-6,-16,-5,-6,4,-1,3,-9,-5,0,0,0,sil
1.8014864921569824,-15,-14,-20,-19,-1,-3,-1,-2,-3,-12,-6,-2,0,-4,sil
1.817553997039795,0,-4,1,-19,-7,-4,-11,3,-2,-8,7,7,5,-5,sil
1.817553997039795,14,3,2,-13,-4,-13,-9,3,3,-8,10,16,9,-2,sil
1.8331429958343504,14,11,-2,2,8,-20,-4,0,8,-10,5,16,10,3,sil
1.8331429958343504,16,16,7,5,0,-12,-13,0,3,-6,17,17,13,6,sil
1.8482599258422847,18,18,3,7,-5,-1,-9,1,-3,-2,31,14,9,4,sil
1.8482599258422847,7,19,4,15,8,0,-2,-1,-10,-15,17,0,-10,-9,sil
1.8638348579406736,-11,9,0,3,11,-4,-16,0,-22,-28,-1,-14,-31,-29,sil
1.8638348579406736,-18,0,-1,-2,3,-5,-20,-2,-35,-26,-6,-9,-32,-31,sil
2.396447896957397,2,0,0,9,-1,16,19,7,11,15,-15,-11,9,15,sil
2.396447896957397,22,17,8,19,10,18,31,11,38,40,9,10,24,32,sil
2.412294149398804,16,7,4,11,5,4,25,0,44,41,9,9,23,29,sil
2.412294149398804,7,0,9,-4,-5,-8,4,-5,25,13,-6,0,1,15,sil
2.4279584884643555,17,7,2,-4,-7,-11,1,-1,12,0,0,7,4,7,sil
2.4279584884643555,28,10,11,-2,-3,-15,0,3,10,6,20,29,22,14,sil
2.4429826736450195,16,0,11,-13,-9,-22,-11,-4,2,0,18,25,13,15,sil
2.4429826736450195,0,1,-8,-18,-13,-23,-16,-11,-10,-21,0,6,-7,0,sil
2.458305597305298,0,14,5,-13,-3,-15,-18,-3,-23,-27,-1,10,-16,-13,sil
2.458305597305298,0,8,0,-10,-1,-17,-26,-1,-30,-17,13,17,-19,-14,sil
2.473695993423462,-6,1,-8,-14,-5,-17,-27,-4,-28,-17,11,10,-20,-8,sil
2.473695993423462,-3,9,4,-8,0,-2,-9,1,-6,-8,5,12,-14,-6,sil
2.4893314838409424,1,5,1,5,9,2,1,7,7,13,17,11,-13,-8,sil
2.4893314838409424,-8,-7,-1,0,4,-3,-10,0,-10,0,18,2,-31,-12,sil
2.50481915473938,-14,-6,-5,-4,0,1,-18,-6,-22,-20,6,-1,-45,-12,sil
2.50481915473938,2,3,5,9,5,17,-1,5,-8,-5,11,7,-32,2,sil
2.520413398742676,14,8,18,26,16,19,17,14,7,11,17,10,-31,16,sil
2.520413398742676,1,3,0,28,18,10,19,-1,10,9,9,-6,-27,6,sil
2.5364444255828857,-12,0,3,19,15,16,11,-4,2,4,-2,-16,37,-4,sil
2.5364444255828857,-7,-1,-2,13,16,25,17,1,7,8,-16,-20,103,-1,sil
2.55242657661438,2,-6,-9,8,11,19,26,0,15,10,-27,-28,86,3,sil
2.55242657661438,-7,-11,0,-7,-2,8,18,0,8,12,-30,-28,48,1,sil
2.5673317909240723,-21,-19,-16,-23,-14,-1,4,0,10,9,-34,-27,39,-1,sil
2.5673317909240723,-4,-12,-2,-19,-11,-6,-1,2,22,5,-25,-14,38,2,sil
2.583390474319458,13,0,1,-8,-7,-6,-3,1,13,4,2,8,27,4,sil
2.583390474319458,3,-4,-17,-22,-14,-24,-19,-9,-14,-18,4,12,-11,-9,sil
2.5993897914886475,-1,-2,8,-29,-21,-37,-33,0,-24,-41,-8,6,-46,-20,sil
2.5993897914886475,12,11,2,-1,-8,-22,-17,2,-13,-16,9,9,-37,-15,sil
2.614988088607788,17,16,0,15,1,-8,-6,-5,-21,-4,18,12,-34,-4,sil
2.614988088607788,4,11,21,21,-2,-2,-5,-1,-23,-16,3,11,-45,5,sil
2.630054473876953,-1,1,-14,33,-3,6,10,-3,2,7,4,1,-32,12,sil
2.630054473876953,0,-1,4,12,-7,16,8,2,0,19,-3,-3,-24,12,sil
2.6455109119415283,-10,1,2,0,-5,18,0,1,-9,6,-15,-5,-26,3,sil
2.6455109119415283,-18,-13,-49,5,9,3,2,-12,12,14,-1,-12,-9,0,sil
2.6606593132019043,0,-8,35,-13,7,7,-8,15,19,11,14,8,5,17,sil
2.6606593132019043,5,2,-16,0,10,8,10,-7,33,16,34,22,22,17,sil
2.676536321640014,0,-6,-52,2,8,-17,10,-22,22,1,19,5,10,-8,sil
2.676536321640014,3,15,119,-39,-7,0,-22,46,-28,-46,-17,21,-19,-13,sil
2.6916520595550537,-5,11,-83,21,19,11,18,-27,6,2,18,2,10,-16,sil
2.6916520595550537,5,-9,-67,43,32,-8,26,-27,19,26,16,-17,19,2,sil
2.707317352294922,10,24,224,-21,-1,39,-3,86,-21,-10,-36,18,-13,26,sil
2.707317352294922,-33,-26,-205,25,0,16,55,-64,47,58,7,-42,25,-16,sil
2.7220263481140137,-6,-49,-36,-16,-16,-47,-4,-17,7,10,-8,-40,13,1,sil
2.7220263481140137,42,77,553,-98,-39,46,-84,190,-90,-93,-51,95,-29,59,sil
2.7390778064727783,-11,27,-231,47,19,30,44,-85,38,42,51,4,48,-20,sil
2.7390778064727783,-17,-87,-422,48,13,-98,40,-154,52,58,45,-90,49,-46,sil
2.7536184787750244,30,13,373,-93,-45,-14,-69,137,-69,-73,-50,49,-27,40,sil
2.7692928314208984,-4,23,-85,4,0,30,11,-23,17,12,15,26,21,-1,sil
2.770291566848755,-10,-56,-356,47,15,-63,18,-136,32,33,33,-64,32,-53,sil
2.770291566848755,36,27,293,-50,-19,-9,-68,96,-83,-79,-35,33,-36,7,sil
2.7863800525665283,10,54,91,11,16,52,-2,31,-24,-17,-2,32,-19,6,sil
2.7863800525665283,-22,-18,-171,56,29,3,31,-68,15,29,-1,-51,-7,-25,sil
2.802011251449585,-10,-13,95,-8,-9,10,-7,34,-26,-19,-45,-20,-30,0,sil
2.802011251449585,-5,-9,-12,-6,-9,10,12,2,20,9,-12,-6,0,6,sil
2.8151769638061523,1,-11,-52,-6,-4,-21,0,-15,31,15,4,-4,11,4,sil
2.8315415382385254,1,12,72,-22,-5,-5,-32,26,-10,-20,-5,26,-10,1,sil
2.8315415382385254,-11,3,-22,0,6,-1,-18,-10,-9,-16,3,7,-16,-19,sil
2.8315415382385254,-7,2,-12,10,4,-8,-9,-3,-9,-13,7,-9,-16,-12,sil
2.845532178878784,-3,14,27,24,7,13,12,16,-4,0,10,-5,-7,1,sil
2.8606810569763184,-9,-3,-8,28,13,25,39,2,7,19,0,-13,-4,1,sil
2.8606810569763184,-3,-12,5,8,2,21,36,7,12,24,-11,-2,-1,14,sil
2.8762247562408447,9,-8,1,2,-5,7,27,2,36,33,1,9,20,26,sil
2.8762247562408447,7,-11,-6,-5,-3,-1,12,3,46,29,7,5,27,24,sil
2.8914172649383545,0,-9,-4,-24,-4,-4,-8,3,23,12,0,1,13,14,sil
2.8914172649383545,5,3,-1,-21,-10,-11,-20,-7,4,-6,0,15,4,2,sil
2.906463384628296,16,21,-1,0,-3,-14,-15,-8,5,-15,19,27,8,-1,sil
2.906463384628296,17,25,1,5,10,-12,-11,-4,2,-4,35,26,14,2,sil
2.922389507293701,15,19,20,0,4,-7,-13,1,-20,1,25,19,8,0,sil
2.922389507293701,5,12,2,8,-3,-2,-4,-2,-33,-2,9,3,0,-11,sil
2.9380831718444824,-7,0,-8,8,0,0,0,-4,-28,-11,0,-11,-10,-14,sil
2.9380831718444824,-19,-13,-2,0,3,7,0,5,-18,-11,-15,-19,-21,-15,sil
2.953192710876465,-25,-16,-10,4,0,13,7,2,-11,-3,-25,-27,-23,-15,sil
2.953192710876465,-23,-12,-3,8,4,13,14,0,-10,-2,-23,-25,-9,-3,sil
2.9684462547302246,-20,-18,-8,-5,0,6,15,-3,-3,0,-17,-17,0,0,sil
2.9684462547302246,-10,-20,-3,-16,-15,0,7,-2,4,3,-18,-12,-4,-1,sil
2.9840476512908936,5,-11,0,-5,-14,-5,-2,0,12,7,-8,-2,4,12,sil
2.9840476512908936,19,-4,-1,-6,-6,-18,-14,-8,11,5,11,9,24,19,sil
2.9992809295654297,21,4,11,-22,-6,-23,-25,-3,-5,-11,14,13,18,3,sil
3.014798641204834,15,14,3,-8,2,-14,-25,0,-18,-23,11,11,1,-8,sil
3.014798641204834,18,19,3,13,13,-4,-12,-1,-12,-14,20,23,2,0,sil
3.0157973766326904,20,23,12,11,10,1,-3,0,-4,-3,22,24,4,2,sil
3.030677318572998,2,14,6,10,5,0,-11,0,-6,-8,4,1,-8,-16,sil
3.030677318572998,-13,3,2,12,2,5,-11,2,-8,-15,-16,-15,-21,-24,sil
3.0462357997894287,-17,-5,-12,1,0,22,14,5,0,-4,-26,-20,-20,-14,sil
3.0462357997894287,-12,-9,-9,-5,4,26,37,3,19,18,-20,-22,-9,0,sil
3.06290054321289,-3,-1,0,8,12,24,44,8,40,37,0,-7,5,18,sil
3.06290054321289,-1,-5,-7,11,10,21,42,10,42,35,1,3,5,21,sil
3.077310085296631,-7,-19,-8,-6,0,10,25,1,26,19,-22,-1,-4,12,sil
3.077310085296631,1,-16,0,-15,-8,-3,1,-5,21,16,-12,-2,6,15,sil
3.0930449962615967,10,-2,4,-17,-12,-14,-14,-3,15,6,16,5,14,11,sil
3.0930449962615967,-5,0,-11,-29,-18,-21,-27,-1,-9,-22,5,2,-6,-12,sil
3.108725547790528,-14,0,-11,-24,-20,-25,-36,-5,-27,-36,-8,1,-13,-18,sil
3.108725547790528,2,12,13,3,-6,-22,-36,-3,-30,-24,10,15,5,-3,sil
3.124422550201416,9,14,11,20,8,-19,-23,-2,-28,-11,19,17,8,0,sil
3.124422550201416,0,9,10,19,10,-8,-11,-3,-16,-1,7,7,0,0,sil
3.139552116394043,3,10,10,23,10,7,3,2,2,14,15,9,7,5,sil
3.155150890350342,12,7,7,27,12,17,23,5,1,22,30,10,16,9,sil
3.155150890350342,1,0,6,19,9,24,35,6,-5,18,14,-3,9,6,sil
3.155150890350342,-10,-8,-13,8,7,20,29,1,5,18,-13,-19,5,1,sil
3.170349359512329,-5,-10,-8,-4,2,0,5,-3,8,8,-22,-16,0,0,sil
3.185037612915039,-2,-11,-8,-18,-11,-17,-13,-6,-1,-11,-12,-5,-4,-1,sil
3.185037612915039,-2,-6,-15,-22,-17,-19,-18,-9,-4,-22,-2,0,-2,-9,sil
3.200623750686645,10,6,2,-17,-7,-7,-19,-5,-7,-17,4,13,0,-6,sil
3.200623750686645,18,8,5,-13,-1,-3,-15,0,-9,-15,4,14,-4,0,sil
3.216402292251587,1,3,6,-8,-1,-4,-8,3,-12,-27,-12,0,-16,-12,sil
3.216402292251587,-12,3,1,5,5,13,4,4,-10,-20,-26,-19,-28,-23,sil
3.232062816619873,-7,0,-6,23,14,33,25,6,7,8,-24,-26,-21,-5,sil
3.232062816619873,-2,0,6,24,10,26,31,7,24,24,-10,-5,0,16,sil
3.2471909523010254,0,0,1,15,-5,6,20,0,24,28,13,13,18,21,sil
3.2471909523010254,8,-11,0,-1,-16,-4,5,-1,14,27,22,10,22,21,sil
3.263261079788208,2,-16,0,-17,-14,-13,-7,0,9,11,11,-1,20,17,sil
3.263261079788208,-10,-11,-10,-24,-14,-29,-22,-5,2,-6,1,-4,9,0,sil
3.279392719268799,-10,-7,-5,-31,-15,-32,-37,-9,-10,-22,-2,4,-5,-20,sil
3.279392719268799,1,1,-3,-21,0,-19,-29,-5,-14,-27,2,11,-10,-22,sil
3.295259475708008,7,16,3,-1,12,-9,-14,-1,-8,-15,22,16,0,-5,sil
3.295259475708008,11,18,16,13,14,-1,-10,2,-7,-3,28,16,7,1,sil
3.310898303985596,16,15,7,25,17,8,-9,0,-14,-3,10,4,0,-8,sil
3.310898303985596,0,13,6,17,19,16,-1,-1,-22,-4,-7,-10,-10,-8,sil
3.32652235031128,-20,2,0,0,10,16,11,0,-17,1,-15,-19,-9,-4,sil
3.32652235031128,-14,-1,-4,3,6,17,21,1,-7,10,-14,-16,-5,-2,sil
3.3419766426086426,0,1,-2,14,13,22,26,3,0,14,-12,-7,-9,4,sil
3.3419766426086426,-4,-7,-5,0,3,16,26,3,5,12,-18,-10,-15,9,sil
3.357466459274292,-12,-12,-4,-11,-13,7,24,0,4,5,-24,-17,-12,0,sil
3.357466459274292,-5,0,-6,5,-11,6,27,0,12,7,-15,-9,0,1,sil
3.373401403427124,6,0,5,16,-2,6,30,3,30,16,-2,8,11,21,sil
3.373401403427124,4,-13,10,0,-8,2,26,7,34,20,4,11,15,19,sil
3.389281272888184,0,-15,-6,-9,-13,-7,10,1,30,16,3,-5,11,6,sil
3.389281272888184,5,-2,0,1,0,-11,-6,-2,28,9,4,-5,8,4,sil
3.404332160949707,10,3,-1,2,8,-3,-8,0,29,12,19,8,16,7,sil
3.404332160949707,4,-3,-6,-12,0,-7,-14,0,20,5,25,11,24,7,sil
3.419729709625244,0,-8,1,-15,-16,-21,-30,-7,-7,-22,8,7,10,0,sil
3.419729709625244,-1,-3,-7,-7,-22,-23,-33,-9,-33,-34,-2,8,-11,-16,sil
3.435635566711426,-2,2,-2,-15,-14,-18,-33,-3,-38,-30,0,12,-14,-18,sil
3.435635566711426,1,6,-2,-13,-7,-17,-35,-1,-26,-24,1,14,0,-5,sil
3.4514482021331787,9,10,-6,0,-2,-14,-28,-2,-18,-18,7,18,1,-1,sil
3.4514482021331787,12,18,13,0,9,-4,-20,4,-24,-12,8,17,-10,-5,sil
3.4665281772613525,13,15,11,5,22,3,-6,4,-15,-2,3,6,-3,-3,sil
3.4665281772613525,13,11,6,14,19,6,3,-2,0,5,8,3,13,4,sil
3.482400894165039,8,12,12,11,7,3,0,-3,1,8,14,3,10,6,sil
3.482400894165039,-1,3,1,5,0,-3,-6,-4,-9,6,3,-4,-1,-1,sil
3.4974331855773926,-13,-5,-6,6,2,0,-2,-2,-13,0,-11,-16,-7,-12,sil
3.4974331855773926,-16,-2,-3,9,10,11,8,5,-6,1,-13,-20,-11,-11,sil
3.513425827026367,-8,4,8,12,15,21,22,5,0,11,-4,-8,-7,-1,sil
3.513425827026367,-4,0,1,14,10,24,34,2,6,12,-3,-3,-3,0,sil
3.5290236473083496,-14,-13,-14,11,1,23,35,1,3,1,-17,-21,-10,-8,sil
3.5290236473083496,-20,-19,-9,0,0,21,32,7,-2,-1,-24,-30,-14,-8,sil
3.5441761016845703,-20,-13,-9,-6,-2,13,28,7,4,7,-15,-18,-12,-1,sil
3.5441761016845703,-19,-16,-3,-2,-6,5,13,0,4,4,-11,-17,-15,-4,sil
3.559390068054199,-17,-19,-2,-1,-8,4,3,-4,-1,-4,-19,-22,-21,-8,sil
3.559390068054199,-8,-8,-8,-10,-13,-1,4,-1,6,0,-21,-12,-17,2,sil
3.574690818786621,5,0,-1,-19,-14,-10,4,-1,21,9,-7,4,6,14,sil
3.574690818786621,20,-4,-1,-18,-9,-5,1,-5,28,11,8,19,28,23,sil
3.5905075073242188,28,0,6,-11,-7,-4,-1,-2,27,10,20,28,26,33,sil
3.5905075073242188,28,11,14,0,-7,-15,-8,2,19,14,22,28,23,30,sil
3.606070280075073,23,9,7,0,-5,-19,-15,1,13,9,13,25,28,18,sil
3.606070280075073,15,8,8,-13,-3,-11,-18,0,2,-5,9,23,19,10,sil
3.621445417404175,14,16,-1,0,2,-8,-15,0,0,-5,19,18,12,4,sil
3.621445417404175,11,14,0,5,6,-12,-20,1,5,-2,26,20,14,-3,sil
3.637390375137329,-1,0,9,-13,1,-13,-25,1,0,-17,14,17,0,-18,sil
3.637390375137329,-9,0,-5,-8,0,-17,-22,-7,-20,-27,0,-4,-25,-31,sil
3.6523828506469727,-3,9,0,9,9,-10,-21,-8,-29,-19,0,-10,-18,-27,sil
3.6523828506469727,-2,8,0,8,9,3,-10,2,-17,-7,8,0,4,-13,sil
3.66838002204895,-14,0,-1,3,0,0,-6,3,-16,-12,1,-6,-1,-11,sil
3.66838002204895,-19,-2,2,7,-2,0,-11,2,-24,-19,-12,-17,-17,-13,sil
3.6834113597869873,-10,1,-6,15,1,17,2,2,-16,0,-7,-11,0,0,sil
3.6834113597869873,-4,2,-2,17,16,26,21,1,-3,18,5,0,17,14,sil
3.6993465423583984,-4,-2,3,17,24,15,20,3,-1,25,0,-1,7,14,sil
3.6993465423583984,3,-3,5,18,10,8,17,2,-3,19,-11,-11,-5,5,sil
3.7147839069366455,6,0,5,13,-5,11,15,-4,-6,2,-13,-14,-14,0,sil
3.7157835960388175,-5,-9,-8,0,-4,10,8,-8,-3,0,-19,-16,-25,-6,sil
3.7318274974823,-12,-18,-2,-11,0,10,10,1,5,7,-31,-25,-24,-12,sil
3.7318274974823,-12,-16,-12,-12,-6,10,24,6,22,7,-25,-28,-10,-5,sil
3.7463667392730713,-5,-18,-21,-24,-14,-4,18,0,33,6,-3,-4,4,10,sil
3.7625300884246826,15,-4,9,-28,-14,-23,-2,0,23,2,9,19,10,14,sorry
3.7625300884246826,23,14,11,-4,-5,-24,-7,1,9,-4,13,16,9,7,sorry
3.7625300884246826,11,14,1,4,-1,-11,-7,-2,9,-3,18,19,11,7,sorry
3.778701543807984,4,8,1,-2,-3,-8,-9,-1,14,3,22,29,14,9,sorry
3.778701543807984,6,11,0,4,2,-13,-8,1,1,-3,21,16,6,-1,sorry
3.791449069976807,3,17,14,24,12,-1,-12,3,-22,-18,15,7,-3,-8,sorry
3.807495594024658,-4,12,9,28,5,9,-7,-1,-32,-18,1,5,-10,-5,sorry
3.807495594024658,-20,-2,-9,8,-3,13,3,-8,-30,-14,-25,-21,-27,-12,sorry
3.824380159378052,-28,-9,-16,-2,0,22,12,-5,-25,-10,-37,-40,-29,-22,sorry
3.824380159378052,-11,-7,-7,9,5,24,24,2,-6,9,-8,-20,0,-3,sorry
3.839056253433228,4,-6,4,8,0,14,26,9,20,32,8,0,25,20,sorry
3.839056253433228,2,-11,-4,-15,-9,3,5,4,32,31,-9,-2,23,20,sorry
3.85507607460022,0,-19,-5,-32,-13,-9,-11,0,28,13,-18,-3,16,11,sorry
3.85507607460022,4,-17,-2,-32,-9,-16,-11,-1,26,12,0,8,18,8,sorry
3.870347499847412,7,-6,-3,-28,-6,-19,-15,-4,16,5,14,20,13,4,sorry
3.870347499847412,11,8,4,-20,-8,-27,-28,-6,-7,-21,15,28,4,-2,sorry
3.885897636413574,17,13,2,-10,0,-24,-26,0,-18,-24,21,25,8,-7,sorry
3.885897636413574,16,10,9,-3,8,-6,-15,3,-11,-5,19,19,7,0,sorry
3.901909828186035,10,9,18,4,11,3,-8,0,-9,-7,10,10,-1,5,sorry
3.901909828186035,2,7,3,10,11,5,-9,-2,-12,-19,7,-3,-5,-7,sorry
3.9173200130462646,-4,8,4,4,8,7,-8,0,-9,-15,3,-10,-10,-17,sorry
3.9173200130462646,-5,4,-3,8,6,3,7,2,2,1,0,-7,-12,-3,sorry
3.9333112239837646,-3,-2,-2,20,7,-3,14,1,4,5,2,-4,-6,4,sorry
3.9333112239837646,-3,0,6,18,3,0,8,2,-4,-3,3,0,-5,-2,sorry
3.948469638824463,-4,5,-3,16,0,4,7,0,-12,-10,-8,-4,-11,-4,sorry
3.948880672454834,-9,2,0,15,0,3,0,-1,-25,-18,-23,-16,-20,-7,sorry
3.9645261764526367,-9,4,0,21,1,9,2,2,-25,-6,-15,-16,-23,-14,sorry
3.9645261764526367,-1,12,-3,31,9,16,25,5,-1,17,9,-6,-4,-2,sorry
3.97918701171875,0,8,4,27,11,12,24,0,9,18,13,-1,9,7,sorry
3.97918701171875,-4,-2,0,12,0,8,12,-5,6,12,0,-8,4,3,sorry
3.9946906566619873,0,0,-3,5,0,11,14,0,10,16,-7,-13,2,1,sorry
3.9946906566619873,0,0,-2,0,4,9,14,3,18,13,-14,-11,3,5,sorry
4.019399166107178,-1,-12,-3,-19,-5,0,5,0,17,12,-19,-5,0,7,sorry
4.019399166107178,0,-18,-10,-31,-14,-2,-4,0,4,10,-14,-1,-1,5,sorry
4.019399166107178,-7,-13,-21,-29,-17,-11,-14,-3,-2,-9,-14,-7,-7,-6,sorry
4.025399684906006,-20,-19,-9,-39,-20,-14,-9,-6,11,-14,-18,-6,-12,-14,sorry
4.04097056388855,-7,-21,-6,-38,-18,-8,0,0,30,13,-5,0,3,-2,sorry
4.04097056388855,6,-8,-6,-11,-10,-7,-11,0,8,14,6,7,22,10,sorry
4.056256294250488,7,-7,5,-14,-6,-5,-15,-6,-12,-16,7,19,23,10,sorry
4.056256294250488,16,-11,5,-28,-4,-1,0,2,10,-4,21,33,21,14,sorry
4.071980714797974,28,7,21,0,7,-1,-2,7,24,27,32,33,21,22,sorry
4.071980714797974,17,20,23,25,15,0,-8,-1,6,16,20,17,13,11,sorry
4.087503910064697,0,7,4,6,9,-8,-3,-3,0,-11,19,8,4,-7,sorry
4.087503910064697,-1,5,2,-1,3,-14,-7,4,-4,-14,23,11,0,-12,sorry
4.102653503417969,0,12,-4,4,-1,-9,-6,1,-25,-22,0,2,-12,-9,sorry
4.102653503417969,-1,15,0,1,-3,-7,-1,-6,-42,-43,-9,-6,-14,-4,sorry
4.118746042251587,-3,18,9,20,6,0,1,-1,-33,-23,3,-5,-7,-1,sorry
4.118746042251587,-4,14,1,36,14,16,6,2,-26,3,-6,-10,-13,-5,sorry
4.134459495544434,0,16,2,20,15,14,0,2,-27,-6,-19,-14,-18,-12,sorry
4.134459495544434,0,17,4,21,24,3,-5,4,-10,-6,-3,-8,-7,-6,sorry
4.150000810623169,-15,-6,-4,25,15,12,0,3,9,9,-7,-15,-11,0,sorry
4.150000810623169,-27,-25,-15,3,-8,21,10,0,12,5,-33,-35,-21,-5,sorry
4.165606260299683,-14,-15,-10,-5,0,23,21,0,21,14,-22,-29,-1,0,sorry
4.165606260299683,0,-5,3,4,17,24,28,2,36,35,0,-6,15,7,sorry
4.181226491928101,0,-8,-5,6,1,5,15,0,30,25,-3,-5,4,7,sorry
4.181226491928101,6,-13,-2,-3,-18,-16,-1,-7,17,10,-1,-1,7,8,sorry
4.197309970855713,11,-19,-4,-29,-25,-20,-4,-2,20,15,12,16,24,9,sorry
4.197309970855713,3,-17,-11,-50,-30,-19,-16,1,6,0,8,13,13,0,sorry
4.213404893875122,1,0,0,-36,-22,-24,-34,-5,-24,-33,0,5,-10,-14,sorry
4.213404893875122,5,6,3,-12,-9,-28,-29,-10,-29,-32,1,12,-15,-14,sorry
4.229449272155762,9,8,8,-5,-7,-18,-16,-4,-13,-10,9,17,0,0,sorry
4.229449272155762,23,18,12,3,-3,0,-8,6,-4,1,26,28,22,12,sorry
4.245084524154663,31,22,7,17,10,-1,0,10,-1,8,38,38,24,16,sorry
4.245084524154663,12,16,13,13,21,0,1,4,0,1,16,24,4,8,sorry
4.260282039642334,-9,3,-1,3,14,12,10,-1,4,-6,-14,-4,-10,-9,sorry
4.260282039642334,-17,-8,-17,-5,-2,10,15,3,-3,-15,-24,-20,-24,-21,sorry
4.2753005027771,-21,-8,-7,-10,-6,7,8,8,-12,-16,-16,-18,-24,-12,sorry
4.290717840194702,-16,0,-1,2,7,17,13,3,0,2,-4,-5,3,6,sil
4.290717840194702,0,9,11,28,20,19,16,0,10,19,3,2,12,12,sil
4.306585311889648,5,14,3,44,26,10,11,1,9,15,5,0,-1,8,sil
4.306585311889648,-3,2,-2,32,13,5,10,2,5,11,0,-9,-1,8,sil
4.306585311889648,-17,-11,0,5,-6,5,9,1,-10,4,-9,-20,-5,2,sil
4.321976184844971,-14,-13,-14,-5,-5,4,2,-2,-13,0,-14,-21,-18,-4,sil
4.321976184844971,-4,-12,0,-2,0,4,1,-5,7,10,-12,-7,-6,-2,sil
4.339091539382935,-5,-14,0,-1,-1,6,4,-8,8,20,-7,-7,4,0,sil
4.339091539382935,-8,-13,-18,-7,-5,0,-2,-12,-3,1,-2,-14,0,0,sil
4.353569269180298,0,-11,-2,-18,-11,-7,-10,0,4,-14,-3,-5,4,4,sil
4.354568004608154,14,-5,8,-12,-9,-5,-3,5,16,4,-1,4,15,12,sil
4.369761943817139,23,6,8,-4,2,-7,1,0,13,18,7,8,21,15,sil
4.369761943817139,8,3,2,-15,-9,-15,-1,-3,4,1,9,3,17,1,sil
4.385625839233398,-11,-5,-5,-24,-22,-14,-7,-5,-7,-14,-1,-10,0,-14,sil
4.400461196899414,-2,5,2,-19,-1,0,-3,3,-2,-1,1,-4,-1,-5,sil
4.400461196899414,13,13,1,-15,4,-1,-2,10,12,10,14,8,10,3,sil
4.415968894958496,8,3,0,-18,-15,-16,-22,-3,-7,-17,2,5,-4,-15,sil
4.415968894958496,2,3,4,-9,-12,-12,-29,-7,-30,-43,-13,2,-29,-24,sil
4.415968894958496,1,4,1,1,0,-2,-8,1,-15,-26,-3,4,-18,-8,sil
4.431045293807983,-2,4,0,7,1,-1,-1,2,0,-7,7,7,-4,-1,sil
4.446183681488037,0,7,-3,15,10,1,-9,0,0,-9,0,10,-6,-3,sil
4.446183681488037,4,5,0,16,24,8,-6,4,4,-1,8,14,0,2,sil
4.462234258651733,8,6,5,16,21,1,3,9,9,18,31,23,17,15,sil
4.462234258651733,14,13,8,29,5,-9,9,0,6,19,25,26,16,19,sil
4.480090379714966,6,11,11,29,-1,-2,10,-4,-4,1,0,10,3,8,sil
4.480090379714966,-8,-2,-5,15,6,9,9,5,-3,1,-5,-3,-2,-3,sil
4.480090379714966,-15,-14,-12,0,5,7,7,6,0,10,-7,-9,-5,-4,sil
4.493202686309815,-13,-9,-6,-6,-8,4,11,-7,-3,6,-27,-12,-7,-2,sil
4.5090296268463135,-3,-1,-1,-2,-4,12,20,-5,0,3,-26,-4,-1,0,sil
4.5090296268463135,0,-4,0,-1,4,15,13,0,6,1,-4,-2,1,-1,sil
4.524085760116577,-6,-11,-11,-11,-2,5,0,-6,-1,-2,-3,-19,-9,-9,sil
4.524085760116577,-5,0,1,-8,-4,1,0,1,-5,0,-5,-11,-5,-3,sil
4.540220260620117,6,12,16,12,6,6,9,13,12,17,16,14,22,17,sil
4.540220260620117,10,2,4,16,7,7,10,1,18,20,22,10,24,22,sil
4.556309461593628,3,-4,7,3,-3,2,0,-4,-6,0,1,-4,-3,8,sil
4.556309461593628,-8,-6,-2,-3,-13,-4,-14,-1,-22,-14,-10,-9,-18,-7,sil
4.571243762969971,-15,-13,-15,-14,-12,-6,-21,-4,-17,-13,-2,-9,-10,-16,sil
4.571243762969971,-9,-6,-4,-14,-1,1,-10,0,-6,-5,9,-9,-1,-7,sil
4.587337255477905,-4,4,-5,-1,7,0,0,0,0,2,3,-13,-2,0,sil
4.587337255477905,-6,0,-1,-7,2,-8,-11,-8,-6,-3,-15,-20,-10,-9,sil
4.603113651275635,-5,-5,3,-17,-4,-7,-15,-7,-3,-4,-16,-18,-10,-16,sil
4.603113651275635,-7,-3,-1,-11,-3,-8,-1,0,10,0,-4,-9,-5,-11,sil
4.619243144989014,-5,0,0,-9,-3,-6,9,3,9,-7,-6,-3,-6,-8,sil
4.619243144989014,8,2,0,-2,0,0,16,8,9,-7,-6,2,0,4,sil
4.634373188018799,24,6,8,5,5,1,16,7,20,8,7,16,17,24,sil
4.634373188018799,21,0,11,4,7,0,13,2,23,13,17,23,22,27,sil
4.650041818618774,7,-5,-2,2,1,0,11,0,15,7,12,14,14,15,sil
4.650041818618774,3,2,-8,1,-4,-4,2,-1,3,0,0,0,4,2,sil
4.665346145629883,6,3,-4,-3,-9,-3,-9,-1,-2,-6,-3,-1,0,-3,sil
4.665346145629883,3,-1,2,-7,-6,0,-14,1,-1,-6,-2,9,1,-1,sil
4.681044816970825,1,0,-2,0,0,-3,-4,-5,0,-1,-1,11,0,-4,sil
4.681044816970825,11,7,6,10,7,-2,2,-8,-1,4,6,11,4,0,sil
4.696197271347046,20,13,22,16,11,6,1,5,3,9,16,24,18,15,sil
4.696197271347046,8,11,0,20,3,3,2,10,0,4,5,20,10,10,sil
4.712310314178467,-9,4,-6,11,2,-3,-4,-1,-11,-7,-7,0,-9,-8,sil
4.712310314178467,-15,-3,-1,-10,0,-3,-15,-4,-11,-7,-2,-1,-11,-10,sil
4.727483034133911,-15,-10,-9,-18,-8,-6,-17,-1,-16,-6,3,2,-10,-8,sil
4.727483034133911,-14,0,-3,-2,4,-2,-16,-4,-27,-9,2,-2,-14,-12,sil
4.743401765823364,-3,10,-1,11,18,3,-12,-4,-13,1,6,-6,-4,-9,sil
4.743401765823364,-4,0,0,2,-1,-2,-11,-1,-5,0,8,-5,0,-8,sil
4.75914478302002,-20,-10,0,-11,-18,-8,-15,-1,-15,-19,0,-8,-16,-15,sil
4.75914478302002,-23,-8,-5,-14,-8,0,-10,-2,-10,-16,-6,-17,-24,-17,sil
4.774104356765747,-9,-2,3,-1,0,7,3,4,-2,1,-7,-25,-14,-12,sil
4.774104356765747,1,8,2,21,6,11,15,6,-3,4,-7,-20,-1,-4,sil
4.789419412612915,1,10,0,21,11,15,20,1,0,-2,-12,-8,1,0,sil
4.789419412612915,0,-1,5,0,4,22,28,6,6,3,-15,-3,-1,4,sil
4.804625749588013,0,-9,-3,0,-1,24,38,9,18,21,-13,-10,1,12,sil
4.804625749588013,-2,-4,-2,9,0,16,35,1,27,21,-12,-11,16,16,sil
4.820659637451172,3,-3,0,11,0,6,29,-2,26,17,-1,0,25,21,sil
4.820659637451172,14,-12,-7,3,0,0,21,0,24,22,10,11,22,29,sil
4.836199522018433,13,-17,-8,-16,-9,-9,-1,1,27,15,6,7,12,19,sil
4.836199522018433,11,-13,-3,-32,-17,-19,-23,0,21,-3,-3,3,7,9,sil
4.852010250091553,12,-3,4,-28,-11,-22,-28,-2,2,-17,0,8,5,2,sil
4.852010250091553,8,4,2,-12,-4,-20,-27,-1,-11,-18,8,12,0,-8,sil
4.867544889450073,11,18,10,0,3,-17,-23,-5,-13,-15,21,22,1,-10,sil
4.867544889450073,18,26,18,12,13,-10,-14,-7,-17,-9,27,24,2,-9,sil
4.883439064025879,4,21,7,17,12,0,-9,-2,-25,-4,17,6,-7,-12,sil
4.883439064025879,-8,15,12,16,10,14,-7,0,-25,2,4,-6,-16,-6,sil
4.899275064468384,0,8,3,22,17,18,7,0,-7,12,0,-4,-5,2,sil
4.899275064468384,3,-1,-8,19,10,1,25,3,5,14,-8,-5,0,1,sil
4.9146575927734375,-11,-12,-9,-7,-7,-4,22,2,3,8,-18,-12,-6,2,sil
4.9146575927734375,-18,-19,-17,-30,-15,-4,0,-2,0,0,-18,-11,-5,1,sil
4.929790019989014,-12,-14,-7,-30,-13,-15,-21,-4,0,-7,-10,0,5,-5,sil
4.929790019989014,-7,-6,-3,-23,-11,-19,-24,-2,0,-15,-2,8,3,-7,sil
4.94538140296936,-5,-4,-5,-16,-7,-14,-17,0,-5,-17,9,9,-1,-4,sil
4.94538140296936,-6,5,5,0,0,-4,-8,5,-7,-13,12,1,-1,-3,sil
4.9609198570251465,-12,4,-6,17,4,12,0,2,-1,-6,-7,-16,-11,-2,sil
4.9609198570251465,-16,-12,-8,10,1,27,8,1,-3,-5,-31,-26,-21,-5,sil
4.978003740310669,-14,-12,-4,0,-2,23,18,0,3,0,-26,-19,-15,-7,sil
4.978003740310669,-3,-2,-4,0,-7,7,11,-2,24,6,-4,-4,-1,-1,sil
4.9916672706604,16,4,9,-7,-8,-6,-11,4,19,0,15,20,10,3,sil
5.008327484130859,29,14,10,5,1,-12,-12,8,-1,-1,29,33,17,3,sil
5.008327484130859,17,18,12,28,9,0,0,-2,-12,3,27,13,6,-2,sil
5.0086829662323,0,5,9,28,7,23,14,-6,-11,10,7,-4,-3,-3,sil
5.023317575454712,-4,-4,-2,16,9,24,31,0,-2,21,-5,-3,1,10,sil
5.024317502975464,0,-8,0,0,5,5,28,1,8,18,-3,-2,8,21,sil
5.040409088134766,0,-13,-11,-20,-8,-10,3,-1,8,1,0,-8,7,8,sil
5.040409088134766,5,0,-9,-15,-2,-18,-17,-2,-6,-9,4,0,4,-6,sil
5.055044174194336,18,30,16,19,18,-16,-20,1,-13,-10,23,18,8,-5,sil
5.055044174194336,11,31,15,34,23,0,-12,0,-5,-6,22,11,8,-9,sil
5.070985794067383,-14,2,3,11,5,12,0,-4,0,-3,-10,-14,-11,-16,sil
5.070985794067383,-20,-17,-4,-3,-10,5,11,1,4,6,-30,-23,-22,-3,sil
5.086400508880615,-13,-20,-10,-10,-8,-2,6,2,13,14,-26,-15,-8,6,sil
5.086400508880615,-15,-17,-11,-27,-7,1,-3,-1,10,4,-27,-17,-3,0,sil
5.103520393371582,-12,-20,-14,-33,-17,0,0,-2,7,3,-22,-18,-4,3,sil
5.103520393371582,2,-13,-3,-24,-18,-7,0,3,10,11,-2,-2,7,15,sil
5.118964195251465,17,3,4,-14,-10,-11,-3,6,15,8,12,17,21,16,sil
5.118964195251465,28,15,12,-3,-1,-13,-3,0,11,2,32,33,31,20,sil
5.134094953536987,29,17,15,4,5,-13,-4,1,-1,0,45,39,32,21,sil
5.134094953536987,20,14,6,10,12,-4,-4,3,-13,-12,34,26,13,6,sil
5.149319410324097,9,12,6,13,13,5,-1,0,-21,-21,14,9,-2,-7,sil
5.149319410324097,-5,8,0,12,13,5,0,0,-24,-17,-4,-6,-14,-11,sil
5.164999961853027,-20,0,-8,10,9,2,5,0,-18,-14,-26,-18,-29,-14,sil
5.164999961853027,-17,-6,-6,13,6,11,15,2,-1,-6,-29,-19,-25,-9,sil
5.179187059402466,-15,-14,-10,-2,0,12,15,0,9,6,-23,-22,-13,-4,sil
5.19434380531311,-27,-24,-14,-29,-14,0,3,-5,7,8,-31,-32,-19,-10,sil
5.19434380531311,-25,-25,-21,-27,-21,0,7,-6,8,5,-29,-27,-15,-12,sil
5.209986209869385,-3,-14,-5,-14,-11,1,1,-4,7,-1,-4,0,0,-5,sil
5.209986209869385,11,3,13,-9,-3,-3,-29,-6,-4,-17,5,20,0,-7,sil
5.225078582763672,6,18,3,1,0,-14,-43,-7,-14,-24,4,12,-8,-16,sil
5.225078582763672,0,18,5,7,2,-19,-34,0,-14,-13,16,1,-6,-17,sil
5.240221977233887,1,15,9,9,0,-13,-24,1,-12,-1,24,4,0,-13,sil
5.240221977233887,7,18,11,29,1,2,-11,2,-14,1,18,9,2,-6,sil
5.255431890487671,7,18,17,46,12,20,11,6,-9,9,20,11,7,7,sil
5.255431890487671,5,2,1,30,12,23,29,3,8,26,13,7,15,23,sil
5.271336078643799,2,-9,0,5,3,15,20,1,14,27,-7,-2,17,23,sil
5.271336078643799,0,-8,2,3,0,5,11,1,13,16,-13,-7,11,16,sil
5.28643012046814,6,-5,4,9,0,4,27,3,25,20,-2,0,12,24,sil
5.28643012046814,14,-4,11,1,0,12,33,9,32,26,3,9,22,31,sil
5.302155494689941,12,-10,-12,-11,0,1,13,2,25,14,8,9,22,18,sil
5.302155494689941,11,-13,-10,-29,-4,-15,-1,-1,17,0,9,7,16,3,sil
5.317312955856323,5,-8,2,-38,-7,-9,6,2,21,0,0,5,9,0,sil
5.317312955856323,-8,-3,-16,-28,-1,-7,1,-3,10,-9,-9,0,-3,-5,sil
5.332873106002808,-12,1,-10,-21,0,-15,-18,-5,-21,-34,-3,0,-15,-15,sil
5.332873106002808,-8,5,-7,-13,2,-10,-13,-3,-27,-27,0,0,-14,-22,sil
5.348100900650024,-12,0,-11,-4,1,-9,-7,-5,-18,-10,-5,-8,-15,-21,sil
5.348100900650024,-14,0,-5,-4,-4,-12,-19,-1,-31,-18,-6,-10,-23,-20,sil
5.364070177078247,-7,9,-2,4,-1,0,-16,0,-37,-19,-1,-13,-26,-20,sil
5.364070177078247,-4,12,12,21,7,11,0,-2,-25,-4,-8,-16,-23,-16,sil
5.379589796066284,-4,3,14,31,5,16,3,0,-16,-1,-16,-12,-18,-7,sil
5.379589796066284,0,-1,3,29,0,15,9,1,-6,-1,-11,-5,-8,4,sil
5.395262241363525,-1,-3,0,12,-2,11,19,0,3,7,-9,-7,-4,9,sil
5.395262241363525,-8,-11,-1,0,-7,5,21,0,15,19,-12,-12,0,7,sil
5.4102866649627686,0,-7,-1,1,-2,4,10,0,26,20,-7,-8,8,11,sil
5.4102866649627686,15,2,0,-1,1,0,0,0,27,22,5,4,22,23,sil
5.426337957382202,16,0,6,-8,0,-6,-11,-1,19,22,17,21,34,26,sil
5.426337957382202,12,-1,6,-2,-2,-7,-21,0,12,7,20,30,33,16,sil
5.442461967468262,12,0,-2,-7,-3,-16,-25,-1,3,-9,16,21,15,3,sil
5.442461967468262,11,0,4,-21,-4,-19,-18,-5,-1,-11,16,15,5,-3,sil
5.458128929138184,13,8,2,-10,0,-6,-4,0,6,-2,26,22,12,-1,sil
5.458128929138184,10,14,0,0,3,-1,-3,5,4,-2,30,21,12,0,sil
5.473175287246704,0,7,0,-14,0,-9,-8,1,-6,-11,15,9,0,-5,sil
5.473175287246704,-3,0,-1,-14,-2,-5,-3,0,-9,-17,-4,5,-13,-10,sil
5.489249706268311,-4,5,11,3,0,4,0,1,-9,-11,-3,2,-15,-7,sil
5.489249706268311,-16,6,2,12,5,4,-2,-2,-13,-9,-3,-15,-16,-7,sil
5.504747152328491,-30,-2,-12,17,3,3,1,-1,-20,-18,-29,-35,-24,-21,sil
5.504747152328491,-25,-2,0,23,0,12,15,4,-15,-14,-36,-30,-23,-27,sil
5.520003318786621,-5,-5,-1,12,-1,14,25,4,0,3,-12,-19,-8,-5,sil
5.520003318786621,2,-14,-4,0,0,14,19,0,2,5,-11,-22,-6,8,sil
5.535026788711548,-5,-13,-5,2,6,19,14,-2,-4,4,-27,-31,-16,-4,sil
5.535026788711548,-12,-9,-8,2,5,12,14,-7,-2,9,-25,-26,-17,-14,sil
5.55058479309082,-3,-6,0,2,1,4,12,1,8,14,-8,-6,-3,2,sil
5.5671546459198,16,1,2,17,9,6,11,10,20,27,11,19,20,27,sil
5.5671546459198,19,5,8,14,11,2,0,2,16,26,14,28,21,25,sil
5.5671546459198,1,-2,-1,-7,-3,-4,-4,-3,10,16,4,14,6,6,sil
5.582018136978149,-8,-7,-11,-12,-6,-8,3,-4,14,20,11,9,12,7,sil
5.582018136978149,-7,-6,-4,-11,-3,-8,-6,-6,2,12,12,8,13,7,sil
5.597165584564209,-7,-9,-9,-20,-13,-10,-20,-2,-13,-8,-1,-3,-9,-1,sil
5.613600730895996,0,-2,-3,-24,-13,-8,-10,2,-8,-10,0,0,-2,3,sil
5.613600730895996,17,11,5,-11,-2,-5,1,1,1,-2,13,20,26,13,sil
5.613600730895996,22,14,4,-1,-4,-9,-4,-2,0,-13,10,19,24,2,sil
5.628415107727051,14,8,6,-7,-9,-14,-14,-2,-5,-27,7,11,7,-1,sil
5.644336938858032,13,3,-1,-13,0,-13,-10,-1,0,-15,13,10,6,5,sil
5.644336938858032,20,5,3,-9,0,-13,-6,3,12,2,23,19,12,7,sil
5.659411430358887,19,9,10,3,0,-13,-10,7,12,0,20,23,13,0,sorry
5.660758018493652,10,12,6,15,8,-5,-15,3,1,-7,1,3,2,-6,sorry
5.660758018493652,0,19,14,16,14,9,-8,2,0,-5,-1,-9,-9,-6,sorry
5.674565553665161,-15,16,1,10,8,13,4,4,1,-5,4,-12,-13,-8,sorry
5.690169334411621,-20,4,-6,6,7,2,2,1,-7,-12,-3,-19,-18,-18,sorry
5.690169334411621,-12,0,5,10,9,-1,-3,0,-13,-12,-17,-23,-24,-22,sorry
5.705702781677246,-12,-8,0,13,0,7,3,-4,-10,-9,-17,-17,-19,-15,sorry
5.705702781677246,-16,-13,-2,7,-4,16,15,-10,-17,-9,-20,-16,-17,-12,sorry
5.720808744430542,-16,-10,-7,4,-1,13,17,-11,-18,-5,-24,-20,-24,-10,sorry
5.720808744430542,-17,-15,-6,6,0,14,8,-2,-17,0,-15,-19,-22,-6,sorry
5.736350059509277,-18,-17,-6,0,-2,22,4,6,-16,8,-5,-7,-10,-2,sorry
5.736350059509277,-13,-12,-10,-9,-3,15,13,2,-2,18,-7,0,-1,3,sorry
5.75202202796936,-10,-13,-1,-13,1,4,11,-2,4,10,-13,-6,-4,8,sorry
5.75202202796936,-6,-14,-6,-13,5,0,0,-1,4,0,-13,-9,-4,5,sorry
5.767533779144287,0,-8,-10,-20,-1,-5,0,1,13,10,-9,-5,1,7,sorry
5.767533779144287,5,-4,0,-16,-8,-4,3,3,18,24,-3,-2,11,13,sorry
5.782716035842896,14,-5,-2,0,-6,-1,7,3,19,26,6,2,24,16,sorry
5.782716035842896,25,5,8,5,-7,-9,4,3,30,29,21,20,35,22,sorry
5.798461437225342,24,14,10,3,-11,-11,0,1,28,25,22,29,28,23,sorry
5.798914909362793,18,10,6,8,-5,-9,-6,1,0,-1,13,26,14,13,sorry
5.813425302505493,19,16,15,16,3,-12,-9,3,-11,-14,17,29,15,7,sorry
5.813425302505493,20,20,3,13,5,-11,-10,0,4,-3,27,30,19,5,sorry
5.829172611236572,14,12,2,0,0,-9,-15,0,8,-10,20,27,18,0,sorry
5.829172611236572,3,1,7,-7,-5,-17,-19,2,5,-25,12,21,12,-4,sorry
5.844726085662842,-10,0,0,-1,0,-20,-19,-5,-3,-26,11,2,-6,-12,sorry
5.844726085662842,-12,10,4,6,7,-6,-13,-4,-22,-20,5,-9,-16,-19,sorry
5.860571622848511,0,20,4,19,9,7,2,8,-13,-10,6,0,0,-8,sorry
5.860571622848511,4,15,-1,22,8,10,4,2,-6,-5,10,2,0,0,sorry
5.875549077987671,-2,5,0,6,7,6,-10,-8,-21,-11,0,-15,-21,-6,sorry
5.875549077987671,-4,0,1,-1,12,9,-9,-4,-13,-7,-11,-22,-20,-11,sorry
5.891575574874878,-2,-4,-5,1,14,20,12,-3,0,6,-16,-21,-12,-6,sorry
5.891575574874878,-12,-13,-12,0,1,18,23,-3,-19,4,-33,-33,-24,-7,sorry
5.9071149826049805,-25,-21,-10,-11,-9,9,17,0,-16,0,-44,-40,-29,-15,sorry
5.9071149826049805,-25,-25,-15,-17,-3,13,19,3,16,10,-32,-35,-14,-11,sorry
5.922852277755737,-12,-19,-12,-18,0,18,25,4,16,17,-27,-27,-10,1,sorry
5.922852277755737,-2,-13,-5,-14,-4,13,21,0,8,12,-30,-14,-10,11,sorry
5.938258409500122,0,-16,-13,-15,-9,-1,8,-1,24,12,-10,2,9,11,sorry
5.938258409500122,4,-16,1,-28,-10,-19,-9,4,20,9,12,13,22,6,sorry
5.953603506088257,6,-5,-2,-33,-8,-20,-12,0,12,5,19,19,18,0,sorry
5.953603506088257,5,0,-5,-25,-11,-19,-13,-6,8,-1,26,24,15,0,sorry
5.969558238983154,0,2,20,-15,-13,-23,-29,2,-16,-13,24,19,1,-8,sorry
5.969558238983154,-2,9,2,4,-2,-16,-29,1,-29,-9,12,7,-9,-16,sorry
5.985066890716553,7,21,6,21,10,-2,-11,-2,-16,-4,19,21,4,-4,sorry
5.985066890716553,15,27,33,28,10,3,-3,2,-9,-16,27,32,15,9,sorry
6.000960350036621,0,8,4,25,3,1,-4,0,-6,-12,5,5,0,4,sorry
6.000960350036621,-12,-5,0,10,0,9,3,-1,-1,6,-11,-9,-4,3,sorry
6.025397300720215,-4,2,4,14,5,19,20,3,0,10,-5,-6,1,9,sorry
6.025397300720215,5,11,-1,39,12,12,17,3,0,6,-1,-5,4,10,sorry
6.025397300720215,14,12,16,37,10,13,12,6,12,14,1,6,10,17,sorry
6.034548282623291,13,3,3,17,0,13,27,0,32,26,4,6,12,21,sorry
6.048089504241943,-2,-12,-15,-1,-9,0,18,-6,22,13,-11,-14,0,6,sorry
6.048089504241943,-7,-12,-5,-14,-13,-4,-5,-1,-2,-10,-20,-15,-9,-3,sorry
6.063791990280151,5,1,-6,-9,-2,-4,-2,-1,-1,-19,-5,3,-2,1,sorry
6.063791990280151,13,4,-8,0,11,-10,0,0,10,-5,7,14,6,8,sorry
6.080235481262207,17,4,5,-1,12,-7,-10,0,8,4,19,19,14,7,sorry
6.080235481262207,19,10,6,-7,2,-5,-17,-6,-3,-7,21,15,12,-5,sorry
6.095285654067993,3,9,-5,-9,-4,-19,-21,-5,-16,-25,4,0,-7,-21,sorry
6.095285654067993,-11,4,0,-7,0,-19,-29,1,-31,-31,-6,-13,-26,-22,sorry
6.11139702796936,-11,0,-2,0,5,1,-25,0,-39,-22,-11,-20,-27,-20,sorry
6.11139702796936,-15,-6,-13,0,2,17,0,0,-16,6,-19,-21,-17,-21,sorry
6.127287864685059,-24,-16,-2,-8,0,18,23,3,18,32,-17,-17,-3,-9,sorry
6.127287864685059,-19,-18,-6,-11,-3,10,26,4,32,29,-9,-14,5,5,sorry
6.142718076705933,-2,-9,-7,-6,-9,0,18,0,33,27,0,-1,19,18,sorry
6.142718076705933,7,-1,4,-13,-10,-2,8,-1,23,23,11,14,32,21,sorry
6.158446311950684,5,-4,-1,-28,-13,-11,-11,0,-1,-7,14,13,17,2,sorry
6.158446311950684,1,0,0,-22,-5,-17,-25,0,-22,-27,18,10,-2,-15,sorry
7.495177030563354,7,0,-1,-13,-6,-4,-7,3,5,1,-5,2,0,0,sorry
7.495177030563354,21,0,1,-14,-12,-11,-15,0,6,1,0,15,10,10,sorry
7.510380268096924,10,0,9,-17,-7,-15,-15,-3,0,-14,1,13,3,-3,sorry
7.510380268096924,5,7,4,-12,0,-10,-8,-2,-8,-22,6,12,-1,-19,sorry
7.526264667510986,19,13,2,-7,-3,-5,-9,-1,-12,-16,15,25,6,-8,sorry
7.526264667510986,19,16,3,-1,-2,-5,-11,0,-19,-23,8,21,-1,0,sorry
7.541358947753906,1,19,0,11,3,-13,-5,0,-24,-28,1,0,-14,-8,sorry
7.541358947753906,-10,10,3,6,-1,-14,-8,-1,-31,-22,-2,-14,-18,-22,sorry
7.557419061660767,-13,-8,-3,-3,-2,0,-9,0,-33,-15,-15,-22,-23,-22,sorry
7.557419061660767,-8,-6,2,16,6,19,7,5,-12,2,-7,-9,-5,4,sorry
7.573401689529419,0,8,13,35,14,25,22,0,13,26,15,6,16,22,sorry
7.573401689529419,-4,1,-2,14,16,20,15,-3,13,26,3,-7,0,8,sorry
7.589034795761108,-10,-10,-2,3,9,17,8,1,0,14,-20,-21,-11,3,sorry
7.589034795761108,-5,-10,-4,19,0,11,20,0,3,21,-11,-10,2,18,sorry
7.60411524772644,-5,-14,-11,8,-2,5,25,-4,11,22,-7,-8,1,14,sorry
7.60411524772644,-17,-19,-8,-9,-4,7,15,1,17,17,-16,-14,-1,1,sorry
7.620215177536011,-14,-15,-14,-6,-4,2,8,3,35,25,1,-1,20,12,sorry
7.620215177536011,3,0,1,-18,-4,-12,-2,-1,33,20,17,9,28,17,sorry
7.636300086975098,7,4,6,-26,-8,-20,-15,-1,8,-2,5,6,12,0,sorry
7.636300086975098,3,0,-3,-1,-3,-22,-18,0,1,-11,3,6,10,-5,sorry
7.652392625808716,10,4,0,3,0,-17,-14,0,12,-6,19,15,19,3,sorry
7.652392625808716,15,12,-3,-9,-1,-11,-10,0,9,-10,26,16,14,-3,sorry
7.667634963989258,6,17,0,0,0,-14,-18,-4,-15,-22,17,13,-3,-20,sorry
7.667634963989258,3,15,6,8,4,-17,-29,-5,-36,-25,7,8,-21,-20,sorry
7.683658361434936,8,9,7,3,0,-7,-22,-3,-34,-31,-1,2,-26,-15,sorry
7.683658361434936,6,15,15,10,1,4,-5,3,-21,-36,-3,3,-21,-13,sorry
7.699355125427246,0,17,6,26,8,9,2,3,-9,-16,-3,1,-19,-5,sorry
7.699355125427246,-3,6,8,17,6,9,2,0,-11,0,-4,-5,-18,-1,sorry
7.71444296836853,-6,3,10,8,0,18,6,6,-10,0,-6,-6,-7,-4,sorry
7.71444296836853,-12,3,-5,15,5,24,14,8,0,15,-12,-4,3,2,sorry
7.729982137680054,-11,-10,-6,3,10,21,17,2,13,33,-13,-5,8,12,sorry
7.729982137680054,-9,-26,-6,-21,-2,15,17,-2,16,33,-15,-11,8,6,sorry
7.745522260665893,-11,-27,-13,-29,-16,7,12,-6,-5,12,-28,-20,-3,-3,sorry
7.745522260665893,-12,-21,-11,-21,-11,-4,14,0,-21,-9,-33,-23,-15,0,sorry
7.761418342590332,-6,-16,-6,-20,-10,-9,12,6,7,-8,-22,-21,-10,5,sorry
7.761418342590332,-1,-14,-11,-22,-11,0,2,2,37,7,-12,-13,0,5,sorry
7.777622222900391,0,-13,-11,-19,-4,0,1,-3,27,13,0,0,13,5,sorry
7.777622222900391,0,-7,7,-15,-4,-9,2,0,13,3,10,10,19,5,sorry
7.793391466140747,4,0,-3,-1,-10,-10,-3,1,15,0,12,7,13,3,sorry
7.793391466140747,20,2,-9,4,-3,-8,-7,0,16,6,24,22,17,13,sorry
7.8094727993011475,29,6,26,-8,5,-8,-10,1,10,12,38,45,29,20,sorry
7.8094727993011475,17,5,10,-8,6,-9,-9,-5,1,4,27,32,12,4,sorry
7.825011968612671,8,11,-2,3,5,-10,-11,-6,-16,-17,15,5,-13,-14,sorry
7.825011968612671,8,25,14,8,5,-6,-17,3,-31,-23,20,3,-11,-13,sorry
7.840967178344727,2,23,3,10,5,-9,-15,0,-28,-9,21,6,-1,-4,sorry
7.840967178344727,1,22,9,18,8,-8,-8,-5,-20,-7,14,1,-1,-3,sorry
7.856458425521851,4,23,13,29,11,6,2,2,-7,-6,9,-2,-4,-6,sorry
7.856458425521851,-7,5,0,28,4,12,9,2,-5,-2,-1,-12,-10,-9,sorry
7.872334241867065,-21,-9,-3,21,3,7,4,-2,-14,-7,-19,-27,-16,-11,sorry
7.872334241867065,-12,-3,-4,28,17,13,6,-2,-9,-6,-25,-23,-14,-2,sorry
7.888090372085571,6,4,10,32,19,23,21,1,7,7,-12,2,-3,12,sorry
7.888090372085571,3,-1,5,14,1,19,24,0,11,15,-3,1,2,11,sorry
7.903117895126343,-22,-15,-20,-2,-5,6,6,-3,-3,0,-29,-29,-17,-7,sorry
7.903117895126343,-36,-16,-18,-8,-6,3,-4,0,-8,-10,-48,-34,-31,-16,sorry
7.9183290004730225,-13,-8,-4,-5,-7,3,0,4,11,5,-13,-3,4,3,sorry
7.9183290004730225,10,0,4,0,0,2,0,7,25,27,14,17,38,24,sorry
7.933386087417602,11,0,0,-2,-1,0,-3,2,15,18,-1,10,21,16,sorry
7.933386087417602,0,-14,-9,-19,-21,-12,-1,-3,9,2,-8,4,1,4,sorry
7.949134111404419,0,-19,-7,-30,-22,-14,0,4,22,7,8,20,13,9,sorry
7.949134111404419,14,0,-6,-18,-3,-5,1,8,31,15,17,25,25,16,sorry
7.964717626571655,18,6,-3,-17,0,-8,-9,-5,11,1,14,8,11,0,sorry
7.964717626571655,0,-6,-3,-42,-14,-19,-27,-7,-13,-19,5,-3,-5,-23,sorry
7.980370998382568,-11,-6,-5,-44,-9,-17,-26,-3,-22,-27,-2,-5,-13,-33,sorry
7.980370998382568,-4,4,0,-17,4,-9,-9,-7,-22,-24,-2,-8,-21,-26,sorry
7.99540114402771,0,3,1,-7,-2,-12,-5,-3,-17,-10,6,-5,-16,-8,sorry
7.99540114402771,0,3,7,-11,-10,-10,-10,4,-8,-2,18,4,4,2,sorry
9.324298858642578,-16,-22,-16,-30,-12,7,4,-2,12,5,-21,-24,-5,0,sorry
9.324298858642578,-13,-10,-1,-10,-2,12,0,1,18,17,-17,-15,-6,6,sorry
9.338969230651855,-18,-13,-11,-4,-6,-4,2,3,14,14,-15,-7,-2,3,sorry
9.338969230651855,-9,-15,-7,-21,-13,-11,1,0,-2,-6,-13,-4,-6,-3,sorry
9.35505747795105,1,-6,-2,-20,-7,-3,1,-7,-2,-9,-10,-6,-6,-4,sorry
9.35505747795105,0,-3,-4,-9,-5,-11,0,-5,7,-1,-10,0,-6,0,sorry
9.37026834487915,4,-1,-1,-10,-12,-15,-6,4,0,-9,-4,10,-14,1,sorry
9.37026834487915,12,-2,-7,-16,-16,-15,-11,-2,-10,-13,2,8,-10,-4,sorry
9.3854718208313,9,-2,1,-17,-14,-29,-16,-10,-12,-13,8,10,3,-8,sorry
9.3854718208313,11,5,4,-8,-12,-26,-13,0,-3,-14,14,21,14,0,sorry
9.40099811553955,20,11,2,-4,-3,-2,-7,5,6,-4,20,21,21,8,sorry
9.40099811553955,15,13,10,-4,8,6,0,1,12,1,23,16,22,6,sorry
9.4163920879364,6,11,6,4,10,-1,8,2,10,-2,20,10,10,2,sorry
9.4163920879364,7,16,7,16,11,-1,1,4,-7,-9,11,4,-1,1,sorry
9.432092189788818,11,22,2,26,19,4,-9,0,-26,-12,10,5,0,1,sorry
9.432092189788818,5,12,2,21,13,-1,-13,-5,-29,-16,14,9,4,0,sorry
9.447124719619753,-11,0,8,4,0,-4,-17,-7,-32,-25,-2,-3,-8,-10,sorry
9.447124719619753,-23,0,-6,9,7,7,-18,-8,-29,-24,-22,-28,-24,-21,sorry
9.463113069534302,-11,0,-1,25,17,14,-10,0,-8,-1,-10,-24,-10,-13,sorry
9.463113069534302,7,0,6,18,13,10,10,8,10,30,7,2,16,5,sorry
9.477964878082275,13,6,1,18,10,13,29,2,8,30,15,16,22,21,sorry
9.477964878082275,4,8,15,23,11,16,22,1,0,16,15,8,10,18,sorry
9.494060754776,-11,-4,4,10,4,10,5,0,0,20,-6,-6,-5,-2,sorry
9.494060754776,-19,-14,-9,-1,-1,7,0,-6,0,12,-26,-15,-17,-16,sorry
9.50922179222107,-15,-13,-9,-4,-10,3,0,1,0,-10,-21,-13,-17,-7,sorry
9.50922179222107,-12,-15,-13,-15,-19,-2,7,5,3,-12,-23,-16,-18,-3,sorry
9.525229692459106,-3,-9,1,-16,-16,4,13,2,10,0,-28,-14,-17,-2,sorry
9.525229692459106,7,0,7,0,-5,13,14,5,17,10,-10,0,0,15,sorry
9.541258573532104,6,-1,1,-6,-5,2,7,3,24,16,7,9,13,26,sorry
9.541258573532104,8,-5,-2,-31,-13,-12,0,2,34,19,8,4,11,15,sorry
9.557283401489258,8,-9,-6,-30,-12,-14,0,0,27,13,2,1,0,2,sorry
9.557283401489258,1,-6,-5,-8,0,-10,0,-3,0,-3,4,6,-6,1,sorry
9.572420120239258,6,2,0,-4,0,-11,-6,-2,-4,-10,13,10,7,7,sorry
9.572420120239258,3,-4,-2,-25,-13,-15,-21,-2,0,-8,5,7,-3,-4,sorry
9.587979316711426,-10,-13,-16,-22,-9,-10,-19,-6,-2,-12,-6,3,-38,-24,sorry
9.587979316711426,2,8,-4,7,8,-1,-5,1,2,-12,9,15,16,-7,sorry
9.604009628295898,13,25,14,10,9,-7,-7,4,0,-8,21,15,101,1,sorry
9.604009628295898,-9,7,-7,-5,2,-13,-15,-5,-13,-10,0,-14,51,-26,sorry
9.620049238204956,-12,3,-5,1,9,0,-4,-1,-5,-10,0,-20,-31,-26,sorry
9.620049238204956,8,18,15,23,19,10,10,5,5,0,22,1,-14,2,sorry
9.636058807373049,2,10,5,28,16,4,5,-4,-7,3,11,0,0,0,sorry
9.636058807373049,-12,-1,6,18,9,9,-5,-3,-23,3,-11,-16,-29,-10,sorry
9.651352643966677,-10,-9,0,13,1,23,8,2,-17,12,-13,-17,-28,-2,sorry
9.651352643966677,-7,-23,-6,4,-9,22,24,-5,-14,12,-15,-13,-17,5,sorry
9.66741132736206,-3,-25,2,-8,-15,10,23,-4,-7,4,-19,-1,-14,13,sorry
9.66741132736206,12,-10,2,-14,-5,0,23,4,11,6,-3,20,4,24,sorry
9.682255506515505,23,7,9,-15,0,-8,8,9,15,5,17,37,17,27,sorry
9.682255506515505,18,19,6,0,3,-16,-15,5,2,-4,25,34,12,17,sorry
9.697275638580322,7,18,-5,12,6,-25,-23,-3,-13,-25,11,14,0,-2,sorry
9.697275638580322,-5,10,0,-1,0,-20,-21,0,-24,-34,-9,-3,-13,-20,sorry
9.712995052337646,-18,-1,-9,-8,-11,-7,-14,0,-21,-17,-17,-16,-23,-20,sorry
9.712995052337646,-18,-2,-9,11,2,8,0,-2,-15,-2,-13,-23,-18,-11,sorry
9.728293895721436,-7,4,2,23,13,23,11,0,-3,5,-10,-24,-5,-2,sorry
9.728293895721436,-8,-5,0,6,-2,21,9,0,16,22,-12,-20,5,1,sorry
9.744298219680786,-10,-14,-4,0,-12,8,0,-6,21,19,-24,-16,0,-3,sorry
9.744298219680786,0,-5,-1,8,-8,-1,-1,-6,14,2,-23,-8,-1,-1,sorry
9.760161638259888,10,-1,7,-4,-11,-4,-3,-1,20,1,-3,2,16,13,sorry
9.760161638259888,14,-4,1,-21,-4,-3,-9,7,31,9,15,15,32,20,sorry
9.77646803855896,19,2,-2,-13,6,-11,-15,7,23,4,31,21,25,10,sorry
9.77646803855896,16,11,13,-9,0,-11,-12,0,1,-3,35,15,11,1,sorry
9.791069746017456,8,10,11,-5,0,-4,-1,1,-4,0,23,12,9,5,sorry
9.791069746017456,0,9,-1,3,13,-2,4,0,0,1,15,16,5,1,sorry
9.80632996559143,-7,6,-5,2,10,3,5,-3,-8,-8,10,7,-10,-12,sorry
9.80632996559143,-5,5,-2,0,6,6,8,0,-12,-6,3,-2,-10,-11,sorry
9.823467016220093,-2,9,0,10,10,0,9,3,0,3,2,-1,0,-7,sorry
9.823467016220093,-12,1,0,14,4,5,7,1,-2,0,-6,-6,-7,-15,sorry
9.837542533874512,-13,-7,6,4,3,14,8,-1,-20,-6,-13,-9,-13,-7,sorry
9.854145526885986,-1,-6,-2,3,9,5,14,0,-15,0,0,-2,-1,9,sorry
9.854145526885986,2,-9,-2,1,1,2,13,0,-4,6,0,0,1,8,sorry
9.86909031867981,4,-10,11,-2,-6,7,4,1,0,15,-18,0,0,5,sorry
9.86909031867981,2,-9,-10,1,-2,-1,4,0,18,24,-11,-1,9,12,sorry
9.86909031867981,-7,-16,-7,-9,-5,-3,5,-1,18,10,-7,-9,1,7,sorry
9.88611364364624,-14,-17,-5,-26,-16,3,0,-3,-2,-2,-23,-19,-15,-11,sil
9.88611364364624,-6,-11,-24,-14,-20,-4,-6,-10,-6,-4,-22,-17,-12,-11,sil
9.900722742080688,8,-5,4,-2,-13,-11,-7,4,8,-5,-8,4,2,9,sil
9.900722742080688,10,-5,2,-16,-9,-7,-4,13,19,1,0,13,9,10,sil
9.917367219924929,-2,-6,-19,-30,-16,-12,-12,-1,6,-2,0,0,-2,-15,sil
9.917367219924929,-9,3,1,-15,-9,-13,-17,-7,-18,-31,1,-1,-15,-24,sil
9.93125605583191,0,14,0,6,6,-17,-13,-4,-26,-38,8,9,-11,-11,sil
9.949363946914673,8,17,0,7,6,-22,-23,0,-25,-26,12,11,-4,-7,sil
9.949363946914673,12,22,11,10,6,-10,-25,1,-21,-18,15,5,-2,-10,sil
9.949363946914673,11,24,15,28,18,6,-4,1,-2,-7,15,2,0,0,sil
9.96436071395874,6,15,18,26,16,13,4,3,4,1,7,0,-1,11,sil
9.980956315994264,0,4,4,17,8,16,8,1,-4,8,6,0,0,12,sil
9.980956315994264,-5,8,3,29,19,23,14,1,-4,17,14,2,4,6,sil
9.980956315994264,-10,10,10,38,23,23,12,4,0,15,6,-2,1,3,sil
9.994977235794067,-9,1,0,28,13,21,14,-1,2,14,-6,-14,1,8,sil
9.994977235794067,-1,-3,0,10,3,22,31,-3,18,32,-4,-6,12,21,sil
10.011488914489746,0,-17,0,-16,-8,9,26,3,33,36,-2,4,18,20,sil
10.011488914489746,-2,-25,-9,-34,-19,-9,-2,1,23,11,-7,-5,11,2,sil
10.036027908325195,-2,-14,-14,-23,-13,-9,-3,0,10,4,-8,-11,8,-1,sil
10.036027908325195,-5,-15,-6,-21,-9,-1,7,3,12,16,-11,0,10,6,sil
10.036027908325195,-13,-25,-5,-41,-16,-8,-6,-1,6,1,-19,-1,2,0,sil
10.04310154914856,0,-8,-6,-28,-7,-13,-12,-8,-7,-19,-11,0,-5,-7,sil
10.06022834777832,24,18,16,6,9,-8,-5,-1,-4,-10,6,21,-2,-1,sil
10.07541847229004,25,17,13,13,1,-8,-9,6,9,1,16,23,6,4,sil
10.07541847229004,5,1,-1,-3,-17,-13,-14,3,6,-4,11,6,7,3,sil
10.07541847229004,0,0,1,-10,-13,-5,-7,1,-3,-12,8,7,0,-4,sil
10.088597774505615,12,8,-7,0,0,-3,0,0,-2,-11,10,11,0,-10,sil
10.104011058807371,8,8,-3,0,1,-10,-5,-3,-13,-19,9,3,-7,-12,sil
10.104011058807371,-14,0,-6,0,3,-7,-11,-5,-29,-26,4,-5,-19,-21,sil
10.121010541915894,-23,0,-18,3,6,0,-5,-6,-30,-21,-6,-16,-22,-29,sil
10.121010541915894,-11,3,1,11,2,0,-4,0,-23,-15,-15,-16,-18,-19,sil
10.121010541915894,-7,1,5,23,9,5,-4,0,-10,-4,-3,-6,-12,-2,sil
10.135410070419312,-4,0,6,24,18,14,5,-5,0,5,3,-1,-6,4,sil
10.151089429855348,2,5,7,16,13,13,17,0,4,9,-5,-6,-2,3,sil
10.151089429855348,0,0,-2,17,7,3,15,3,8,12,-8,-6,1,4,sil
10.167105913162231,-2,-2,4,12,0,6,8,1,4,14,0,5,9,9,sil
10.167105913162231,0,-4,-1,-6,-8,12,11,0,4,11,-1,4,15,13,sil
10.182746648788452,1,-12,-6,-18,-8,3,7,5,18,14,-7,-5,10,13,sil
10.182746648788452,3,-11,1,-13,-4,-1,0,7,23,23,-7,2,2,11,sil
10.198115348815918,7,-2,-1,-6,-3,0,1,0,13,21,-3,12,4,11,sil
10.198115348815918,4,2,4,-3,1,4,6,0,4,8,-4,1,6,10,sil
10.214141845703123,-5,-3,0,-3,5,9,8,2,3,3,-3,-13,0,2,sil
10.214141845703123,-8,-9,-6,-11,0,-3,2,-6,10,5,-1,-12,1,0,sil
10.229430913925173,3,-3,0,-28,-14,-19,-10,-4,15,0,3,1,16,4,sil
10.229430913925173,15,2,0,-28,-21,-21,-19,5,0,-19,14,14,13,1,sil
10.24459195137024,6,13,4,-7,-5,-16,-22,1,-24,-33,19,9,-5,-9,sil
10.24459195137024,-6,21,5,11,7,-7,-17,-3,-29,-28,11,-3,-13,-12,sil
10.26069688796997,-7,14,5,15,4,4,-7,-2,-28,-19,6,-5,-11,-9,sil
10.26069688796997,0,11,10,20,8,11,-1,1,-21,-12,9,0,-11,-9,sil
10.276352882385254,2,13,9,33,19,17,10,0,4,8,6,1,-2,-1,sil
10.276352882385254,-6,-5,1,20,8,19,16,0,12,24,-5,0,0,7,sil
10.29234743118286,-17,-26,-14,-4,-8,4,5,0,-9,4,-19,-8,-11,-2,sil
10.29234743118286,-13,-19,-13,-10,-9,-3,0,-2,-8,-7,-28,-22,-14,-9,sil
10.307518720626833,0,-8,0,-4,0,3,7,0,21,16,-17,-8,6,8,sil
10.307518720626833,13,-7,-2,-8,0,-1,2,2,34,29,5,14,22,18,sil
10.32262659072876,17,0,0,-11,-3,-10,-11,0,23,12,15,15,18,3,sil
10.32262659072876,10,3,-3,-6,0,-4,-5,-2,19,5,7,5,8,-8,sil
10.338411569595335,3,0,-6,-16,2,-12,-2,-4,4,-6,4,9,0,-11,sil
10.338411569595335,1,3,-1,-19,-7,-24,-11,-5,-27,-31,8,12,-7,-19,sil
10.353518724441528,1,7,0,7,-9,-4,-2,0,-27,-23,8,3,-9,-13,sil
10.353518724441528,6,13,16,30,7,16,9,9,-5,0,5,1,-5,6,sil
10.369643688201904,5,19,13,26,13,9,6,4,-4,0,0,0,-7,7,sil
10.369643688201904,-5,6,-1,15,3,1,0,-6,-14,-6,-12,-9,-13,0,sil
10.385555028915403,-12,-11,2,5,-1,3,6,0,-7,6,-13,-8,-3,13,sil
10.385555028915403,-10,-17,-9,-3,-2,3,18,7,11,29,-4,-2,14,25,sil
10.400269746780396,-3,-14,-11,-18,-5,3,13,0,20,26,-4,-1,13,14,sil
10.400269746780396,4,-8,-5,-26,-6,0,1,-2,17,-2,0,-1,6,0,sil
10.415814876556396,6,0,-3,-16,-3,-13,-4,0,9,-17,17,10,10,-3,sil
10.415814876556396,4,10,9,-5,2,-11,-11,3,-2,-10,28,20,11,-3,sil
10.43113899230957,6,11,1,0,5,0,-10,3,-9,-4,18,14,1,-4,sil
10.43113899230957,1,13,-2,10,6,3,-3,-2,-13,-10,0,0,-6,-11,sil
10.446322441101074,-12,14,6,19,5,4,-2,-2,-15,-14,-11,-11,-15,-19,sil
10.446322441101074,-17,2,1,21,4,7,-4,-3,-15,-12,-18,-23,-24,-14,sil
10.461998462677002,-13,-4,0,18,3,15,0,-3,-17,-9,-34,-32,-27,-9,sil
10.461998462677002,-15,-8,-9,5,4,15,3,0,-8,-2,-36,-32,-22,-5,sil
10.477410793304443,-13,-17,-8,-11,0,4,1,2,7,13,-14,-12,-6,5,sil
10.49310827255249,0,-18,2,-9,-8,6,6,3,17,27,4,5,11,14,sil
10.49310827255249,10,-6,4,1,-5,12,17,0,28,30,13,5,21,18,sil
10.49310827255249,15,6,15,0,6,4,18,1,34,28,17,11,21,21,sil
10.509152889251707,10,-2,0,-12,2,-11,6,2,24,20,10,15,21,12,sil
10.509152889251707,4,-15,-14,-26,-18,-23,-12,0,7,2,7,8,18,3,sil
10.52525544166565,11,-3,0,-24,-20,-19,-19,1,6,0,16,16,15,6,sil
10.52525544166565,16,2,2,-16,-3,-15,-11,0,0,-4,10,25,6,2,sil
10.540533065795898,6,-1,0,-20,-2,-18,-15,-5,-25,-31,0,14,-6,-11,sil
10.55618381500244,2,12,2,-9,-5,-17,-21,-8,-35,-39,8,9,-11,-16,sil
10.55618381500244,7,28,13,19,7,-8,-14,-1,-21,-16,23,11,-2,-10,sil
10.55618381500244,6,22,13,26,17,-1,-4,6,-17,-11,15,6,0,-6,sil
10.571430683135986,-3,4,-6,15,6,0,-1,0,-25,-23,-6,-4,-14,-7,sil
10.587484121322632,-9,1,1,16,0,9,-2,-1,-22,-15,-17,-16,-26,-7,sil
10.587484121322632,-1,7,5,28,9,23,15,4,2,8,-5,-20,-7,0,sil
10.587484121322632,-2,0,-7,23,13,26,32,0,16,15,-5,-21,7,6,sil
10.60317349433899,-18,-16,-11,1,0,14,19,-5,0,3,-30,-27,-9,-5,sil
10.60317349433899,-15,-20,-12,-1,-10,8,6,-2,0,1,-35,-24,-15,-7,sil
10.618394374847412,0,-10,0,4,-3,14,14,3,28,16,-14,-2,2,8,sil
10.618394374847412,-5,-10,-7,-9,0,9,16,3,32,21,-7,7,6,8,sil
10.633535861968994,-15,-18,-21,-30,-3,-5,0,-2,14,11,-7,0,0,-3,sil
10.65038800239563,0,-6,-1,-24,-6,-8,-15,0,9,1,9,7,9,-1,sil
10.65038800239563,14,12,7,-6,-4,-14,-15,2,13,0,32,30,19,8,sil
10.65038800239563,9,17,14,-2,1,-21,-12,-3,-2,-3,36,28,9,1,sil
10.668396472930908,2,13,9,0,5,-13,-12,0,-16,-2,23,2,0,-10,sil
10.668396472930908,2,9,-3,12,1,-5,-15,3,-16,0,9,-11,0,-9,sil
10.682012796401978,-1,9,5,18,2,0,-11,2,-16,-7,2,-5,-6,-4,sil
10.682012796401978,-7,4,5,18,15,14,10,0,-12,-3,-6,-3,-14,0,sil
10.697436571121216,-2,0,0,16,15,21,24,0,-2,14,-20,-8,-8,6,sil
10.713409423828123,3,-2,1,9,0,10,22,3,9,19,-15,-9,2,10,sil
10.713409423828123,6,-13,1,-3,-13,-1,22,0,20,11,-2,1,9,20,sil
10.713409423828123,14,-16,8,-17,-9,-3,19,0,25,12,-2,18,19,31,sil
10.72805666923523,13,-8,1,-20,-3,-6,2,6,22,14,-1,17,23,17,sil
10.72805666923523,0,-8,-13,-25,-16,-20,-19,1,9,-3,2,5,9,-6,sil
10.744010925292969,1,-5,-11,-30,-23,-16,-25,-10,-1,-21,8,7,3,-2,sil
10.744010925292969,18,15,7,-8,2,3,-14,-8,-3,-16,21,17,12,7,sil
10.759963274002075,8,26,17,12,14,5,-13,0,-21,-20,11,7,-3,-11,sil
10.759963274002075,-14,9,-6,6,-1,-9,-23,0,-45,-36,-18,-18,-36,-36,sil
10.776384592056274,-17,-2,-10,0,0,-3,-15,-2,-40,-34,-22,-28,-34,-31,sil
10.776384592056274,-18,-8,-2,2,8,15,2,0,-19,-9,-16,-27,-16,-16,sil
10.791424989700316,-28,-15,-10,3,0,16,13,0,-6,9,-25,-32,-14,-5,sil
10.808046102523804,-21,-13,-6,0,0,11,16,5,9,16,-18,-18,-5,4,sil
10.808046102523804,0,-8,-6,-4,0,1,12,7,30,17,1,5,11,12,sil
10.808046102523804,12,0,-2,-4,-8,-16,-5,-3,15,0,12,16,12,5,sil
10.822389602661133,11,15,10,8,0,-15,-12,-4,-13,-10,22,17,4,-2,sil
10.838021755218506,9,19,9,24,17,1,-5,1,-10,0,22,12,0,-3,sil
10.838021755218506,7,13,20,34,18,12,0,1,6,13,9,6,-1,-2,sil
10.854462623596191,8,6,15,36,15,18,18,1,14,22,6,5,5,6,sil
10.854462623596191,8,-4,0,15,8,17,29,4,22,30,5,7,14,23,sil
10.871033191680908,7,-9,-3,-11,-4,0,10,4,30,25,0,9,15,23,sil
10.871033191680908,3,-6,-8,-23,-12,-23,-9,0,23,6,3,5,9,4,sil
10.871033191680908,-5,0,-3,-26,-11,-22,-17,-6,-4,-15,7,2,-4,-11,sil
10.88555669784546,-12,3,-9,-21,-8,-7,-16,-7,-27,-28,-5,0,-17,-15,sil
10.89975643157959,-7,2,-8,-3,0,3,-3,-4,-27,-22,-14,-8,-13,-8,sil
10.89975643157959,0,0,9,8,2,11,15,4,-11,-2,-9,-13,0,3,sil
10.915542602539062,-5,-7,0,0,-6,13,19,3,4,12,-11,-14,4,8,sil
10.915542602539062,-3,-12,-4,-12,-7,14,13,0,15,17,-17,-9,8,8,sil
10.931112051010132,6,-9,-2,-5,-1,11,14,0,22,18,-7,0,14,11,sil
10.931112051010132,3,-11,-10,-17,-13,-11,-1,-4,9,0,0,0,6,5,sil
10.947334051132202,-8,-16,-11,-47,-27,-33,-28,-2,-13,-30,-11,-9,-6,-16,sil
10.947334051132202,-6,-2,-11,-37,-11,-27,-25,1,-8,-26,0,1,4,-21,sil
10.96262526512146,6,21,6,1,12,-9,-5,0,4,-6,28,25,17,-5,sil
10.96262526512146,17,25,17,30,22,1,3,4,-1,-1,34,24,8,3,sil
10.977980375289915,15,17,9,42,20,3,0,3,-13,-3,19,10,-1,4,sil
10.977980375289915,2,23,12,32,15,3,-19,-1,-22,-8,9,0,-12,-7,sil
10.99344515800476,-5,21,6,26,20,12,-16,-4,-17,0,4,-5,-23,-17,sil
10.99344515800476,0,9,8,43,27,26,13,0,1,20,1,-5,-13,-1,sil
11.009474277496338,-3,-2,2,28,9,26,24,3,6,19,-4,-11,-3,5,sil
11.009474277496338,-19,-22,-16,-13,-10,8,11,2,-4,1,-23,-32,-21,-6,sil
11.02499532699585,-17,-28,-9,-19,-7,1,11,3,-5,-3,-26,-27,-27,0,sil
11.02499532699585,-8,-18,-7,-11,-9,0,10,0,3,0,-8,-5,0,14,sil
11.041016340255736,-12,-12,0,-26,-22,-8,0,1,10,1,-7,-2,17,9,sil
11.041016340255736,-6,-7,6,-19,-17,-1,7,3,27,16,-10,-1,15,16,sil
11.05720329284668,17,0,3,4,0,9,16,-5,32,31,6,16,20,28,sil
11.05720329284668,28,8,12,4,0,0,-1,-11,4,6,18,34,18,15,sil
11.072461128234863,17,7,5,1,-12,-17,-21,-6,-17,-27,5,28,1,-3,sil
11.072461128234863,6,-2,-5,-5,-13,-20,-20,-2,-14,-29,-6,11,-4,-8,sil
11.0879864692688,7,-5,0,-16,0,-9,-8,1,0,-5,-2,7,7,0,sil
11.0879864692688,12,1,3,-5,3,-6,-8,1,5,3,5,12,14,3,sil
11.103435039520264,6,7,2,4,-1,-6,-19,-2,-6,-8,0,7,0,-7,sil
11.103435039520264,-1,3,-12,0,2,-2,-8,0,-6,-7,-4,-2,-9,-17,sil
11.119017839431764,-8,-1,-9,-3,11,-4,5,3,0,-1,0,-10,-4,-16,sil
11.119017839431764,-14,0,1,-3,9,-5,-1,5,-1,-5,1,-14,-2,-15,sil
11.134175777435305,-12,7,-6,0,4,-1,-4,5,4,1,3,-9,-4,-6,sil
11.134175777435305,-6,9,-1,0,0,-3,-4,1,0,3,0,-13,-5,-8,sil
11.15026354789734,-8,4,0,-2,-2,0,-4,-1,-19,-8,-5,-24,-11,-18,sil
11.15026354789734,-8,0,-1,4,1,12,11,-2,-16,-11,-2,-13,-13,-5,sil
11.165807008743286,-11,-9,1,1,8,16,20,-2,-5,-1,-6,-3,-11,2,sil
11.165807008743286,-20,-21,-15,-16,3,13,12,-4,-12,3,-18,-22,-10,-6,sil
11.18140697479248,-10,-7,-3,-9,0,21,10,2,-5,10,-5,-11,3,9,sil
11.18140697479248,9,6,10,15,5,23,19,5,18,23,14,16,17,31,sil
11.197001218795776,12,-4,1,11,13,16,21,2,31,26,9,4,13,21,sorry
11.197001218795776,3,-8,-1,-4,5,5,16,8,44,26,5,-7,18,13,sorry
11.212167024612429,6,0,-3,-8,-15,-19,2,6,46,24,16,15,30,14,sorry
11.212167024612429,16,3,5,-14,-19,-37,-19,-8,6,-6,15,25,12,-4,sorry
11.227049350738524,19,16,8,-4,0,-28,-28,-11,-33,-42,7,12,-13,-20,sorry
11.227049350738524,14,26,7,20,1,-16,-25,-1,-33,-38,14,17,-18,-12,sorry
11.242281198501589,9,21,18,27,-4,-4,-17,0,-15,-13,15,24,-14,0,sorry
11.242281198501589,6,11,7,26,10,11,-1,-7,-11,0,1,12,-6,6,sorry
11.258170366287231,0,6,2,26,18,16,4,-3,-16,0,-7,0,-1,6,sorry
11.258170366287231,-12,-4,0,11,0,6,0,2,-11,3,-6,-8,-8,0,sorry
11.273175716400146,-23,-17,-10,-7,-8,2,1,-1,-10,3,-18,-20,-15,-6,sorry
11.273175716400146,-13,-15,-10,-9,-5,10,9,-1,-9,0,-30,-24,-10,-6,sorry
11.28956699371338,-4,-14,-11,-2,-4,12,23,10,18,17,-20,-17,1,2,sorry
11.28956699371338,-9,-15,0,-9,-7,6,23,10,33,22,-15,-10,4,8,sorry
11.30531096458435,-5,-8,0,-10,-9,0,5,-2,0,-1,-18,-5,0,2,sorry
11.30531096458435,5,-2,-7,-1,-1,-2,-7,-7,-16,-11,-7,-1,2,0,sorry
11.32042145729065,1,-3,3,-1,9,1,-4,0,4,0,-5,0,8,-1,sorry
11.32042145729065,0,-7,-2,-8,2,0,-2,0,16,9,-12,0,10,0,sorry
11.336307525634766,15,-2,2,-9,-7,-10,-16,-1,1,9,6,12,13,9,sorry
11.336307525634766,14,1,5,-8,-1,-12,-21,0,-3,1,28,20,14,10,sorry
11.352394819259644,0,-4,-10,-10,1,-9,-12,-6,3,-11,21,10,8,-1,sorry
11.352394819259644,4,2,1,-6,0,-2,-2,0,11,-9,19,10,5,0,sorry
11.367308378219604,13,17,8,2,2,-3,4,10,12,2,25,16,9,8,sorry
11.367308378219604,3,8,3,-3,-6,-20,2,2,2,-1,20,13,6,2,sorry
11.38301420211792,-3,0,3,-13,-14,-20,-2,-5,-9,-13,14,5,1,-10,sorry
11.38301420211792,2,8,-5,-1,1,-4,-1,-2,-18,-16,14,0,2,-13,sorry
11.399125576019289,5,20,0,5,14,0,-4,0,-19,-15,8,-1,0,-11,sorry
11.399125576019289,-5,7,0,-5,5,0,-10,2,-4,-7,-2,-6,-12,-15,sorry
11.415178298950195,-20,-6,-3,-4,0,1,-14,0,0,1,-13,-21,-24,-21,sorry
11.415178298950195,-17,0,3,14,5,6,-11,0,-14,2,-14,-20,-17,-10,sorry
11.43120789527893,0,16,5,29,8,16,4,2,-9,-2,-4,-7,-6,3,sorry
11.43120789527893,8,16,5,25,8,25,17,3,7,-4,-4,-2,-7,7,sorry
11.447240591049194,-2,0,-6,9,5,18,15,2,10,7,-16,-9,-15,2,sorry
11.447240591049194,-18,-13,-16,-6,-2,10,12,4,0,1,-24,-20,-20,-3,sorry
11.463029384613035,-21,-13,-11,-5,-5,13,17,5,0,-11,-21,-19,-13,-3,sorry
11.463029384613035,-10,-11,-8,0,2,12,18,-4,6,11,-17,-13,-2,5,sorry
11.478553295135498,-6,-14,0,-2,8,5,13,-4,0,34,-23,-14,-9,1,sorry
11.478553295135498,-6,-13,-3,0,4,7,19,2,0,23,-24,-12,-10,0,sorry
11.494264364242554,7,-3,2,6,3,14,19,0,22,17,-1,8,12,21,sorry
11.494264364242554,15,0,15,3,0,4,9,-1,35,19,16,22,26,27,sorry
11.509418249130247,3,-14,-1,-5,-7,-12,4,0,23,15,5,9,17,12,sorry
11.509418249130247,4,-15,0,-13,-13,-15,-6,-5,4,9,-6,3,12,7,sorry
11.524993658065796,16,-6,1,-21,-18,-17,-23,-11,-1,0,7,21,19,8,sorry
11.524993658065796,16,-8,-5,-29,-25,-29,-27,-6,-3,-13,18,27,19,1,sorry
11.540608167648315,16,0,9,-27,-17,-23,-13,2,-7,-18,16,23,13,3,sorry
11.540608167648315,27,18,10,-10,-4,-13,-1,3,-6,-20,30,30,17,9,sorry
11.5571448802948,21,21,13,0,0,-19,-13,-2,-10,-18,38,31,18,0,sorry
11.5571448802948,3,19,15,8,8,-18,-30,0,-22,-8,25,16,7,-8,sorry
11.571186304092407,-1,23,2,14,12,-10,-24,3,-23,-5,21,10,3,-8,sorry
11.571186304092407,-4,21,0,15,2,-5,-12,3,-17,-17,22,5,1,-16,sorry
11.587465286254885,-12,9,-4,18,5,2,-8,3,-12,-19,4,-16,-14,-25,sorry
11.587465286254885,-19,-1,-8,19,15,18,-3,3,-7,-11,-13,-32,-29,-24,sorry
11.602601051330566,-18,-2,-5,14,13,25,3,3,-1,-7,-14,-30,-20,-19,sorry
11.602601051330566,-8,1,1,23,7,14,6,0,-2,-5,-12,-22,-10,-4,sorry
11.61720609664917,-7,5,0,36,11,10,7,-2,-12,-7,-24,-19,-24,0,sorry
11.633562803268433,-18,-4,-14,23,13,19,16,-3,-14,-8,-40,-23,-38,-13,sorry
11.633562803268433,-20,-21,-7,-1,7,20,21,-1,2,6,-31,-22,-22,-11,sorry
11.649308919906616,-14,-20,-5,-9,0,13,18,0,25,25,-11,-15,0,4,sorry
11.649308919906616,-5,-8,-7,-2,-4,10,17,0,26,20,-14,-8,-5,13,sorry
11.663981914520264,11,-3,7,2,-2,9,19,3,23,18,-11,8,-2,20,sorry
11.663981914520264,22,-5,-1,-3,-2,3,17,2,35,41,13,20,23,29,sorry
11.680095195770264,9,-7,-3,-30,-8,-1,5,1,23,32,11,6,27,19,sorry
11.680095195770264,-4,-10,0,-43,-14,-6,0,1,0,-1,-12,-9,8,1,sorry
11.695850372314451,7,-9,-11,-24,-7,-13,7,-3,7,4,-2,5,17,9,sorry
11.695850372314451,18,0,7,-18,-6,-19,-9,-5,5,11,13,28,29,17,sorry
11.710930585861206,-5,-4,0,-40,-36,-32,-39,-6,-30,-31,0,10,5,-4,sorry
11.710930585861206,-13,-8,-12,-39,-41,-35,-37,-4,-34,-44,-4,-6,-7,-23,sorry
11.727627754211426,15,16,9,-5,0,-10,-8,7,2,3,26,17,14,-1,sorry
11.727627754211426,21,28,7,6,10,-1,-1,7,16,15,39,28,26,12,sorry
11.743011951446531,1,11,5,0,-6,-7,-17,0,-6,-16,24,13,4,-3,sorry
11.743011951446531,3,6,10,16,21,8,-11,0,-16,-13,16,10,-7,-8,sorry
11.75808572769165,12,20,5,39,46,21,7,-4,-8,1,9,7,-8,0,sorry
11.75808572769165,1,17,5,35,20,9,9,0,-3,-12,-7,-8,-14,-3,sorry
11.77433180809021,-9,-2,0,26,4,8,4,6,-4,-14,-14,-19,-20,-9,sil
11.77433180809021,-11,-4,5,28,15,17,11,5,-9,-1,-10,-16,-17,-6,sil
11.789433479309082,-8,2,6,30,12,13,27,4,-7,1,-15,-18,-15,0,sil
11.789433479309082,-6,-6,0,20,0,13,34,1,1,9,-18,-17,-11,2,sil
11.805057287216188,-7,-18,-5,1,0,24,23,-3,6,21,-11,-8,-6,4,sil
11.805057287216188,-9,-16,-15,-8,0,15,9,-8,6,15,-6,-8,-3,5,sil
11.820558547973633,-10,-10,-7,-9,-7,-6,3,-6,16,8,-7,-7,4,0,sil
11.820558547973633,-7,-9,-3,-13,-16,-13,0,0,27,10,-7,-2,8,-8,sil
11.838451862335203,-4,-14,-8,-18,-19,-18,-16,-4,10,-3,-11,0,0,-6,sil
11.838451862335203,1,-5,-2,-15,-15,-23,-34,-6,-13,-12,-8,7,4,-2,sil
11.851962804794312,11,7,-1,-12,-3,-18,-31,0,-9,0,10,21,20,2,sil
11.851962804794312,10,4,0,-15,-2,-12,-27,1,-3,-9,14,16,8,1,sil
11.867387294769289,2,-3,0,-14,-11,-14,-21,0,-7,-21,7,9,2,-3,sil
11.867387294769289,7,0,5,-10,-5,-10,-2,3,-2,-4,19,16,18,0,sil
11.883431911468506,15,15,13,-1,9,2,3,6,1,3,26,16,15,7,sil
11.883431911468506,13,24,6,16,7,4,0,4,-2,-5,13,1,-1,3,sil
11.899012088775637,0,17,4,14,0,-3,-9,0,-14,-13,2,-8,-15,-10,sil
11.899012088775637,-15,3,-4,-6,0,-3,-16,-2,-25,-20,-5,-15,-28,-21,sil
11.915038108825684,-19,0,-10,-8,0,4,4,0,-9,-5,-11,-17,-23,-10,sil
11.915038108825684,-8,-1,1,6,2,17,36,7,19,24,-7,-13,-1,2,sil
11.930331230163574,-3,-12,-5,12,9,22,34,3,15,25,-3,-16,2,3,sil
11.930331230163574,-2,-10,0,11,9,25,18,-2,0,12,-5,-10,0,10,sil
11.94633936882019,0,-1,3,11,6,25,18,0,8,20,-4,1,9,19,sil
11.94633936882019,-2,-11,-10,4,5,7,15,1,17,13,-11,0,10,15,sil
11.96240520477295,-3,-13,3,-2,0,-5,5,0,15,-4,-16,0,3,13,sil
11.96240520477295,12,0,5,2,-3,-6,2,-3,20,7,1,16,14,18,sil
11.97827696800232,26,5,0,-1,-4,-8,-1,-4,12,16,19,24,25,13,sil
11.97827696800232,20,6,3,-18,-5,-11,-11,0,-2,-4,16,22,7,0,sil
11.99365258216858,8,8,-1,-15,-3,-15,-22,-4,-10,-22,7,13,-11,-13,sil
11.99365258216858,-1,9,7,0,-2,-11,-29,-6,-27,-27,-2,-5,-13,-23,sil
12.00884747505188,-9,8,4,6,1,2,-14,-1,-37,-22,-18,-22,-18,-22,sil
12.00884747505188,-14,0,-4,7,6,7,2,-1,-31,-11,-26,-22,-26,-13,sil
12.023991107940674,-13,-8,-1,2,0,2,7,0,-17,-2,-19,-12,-17,-3,sil
12.023991107940674,-5,-13,-4,-4,-10,0,16,4,15,14,-2,-1,6,6,sil
12.045961141586304,2,-7,0,-14,-6,-7,15,4,44,26,19,16,27,15,sil
12.045961141586304,5,2,1,-16,-1,-15,-4,2,32,9,34,27,26,14,sil
12.045961141586304,9,7,4,0,-3,-20,-27,0,4,-10,29,24,9,1,sil
12.055056810379028,5,5,11,9,-2,-12,-29,0,-12,-16,13,11,0,-10,sil
12.070437908172607,-8,4,0,6,3,5,-12,-6,-20,-14,5,-8,-7,-10,sil
12.070437908172607,-11,3,-3,11,15,19,4,-4,-14,-6,-1,-17,-12,-6,sil
12.085970163345335,-6,-5,-1,23,16,16,18,3,2,5,-20,-18,-9,-10,sil
12.085970163345335,-14,-17,-11,7,0,9,22,6,15,12,-31,-27,-10,-11,sil
12.101407051086426,-19,-17,-16,-19,-10,9,15,5,22,16,-20,-25,-7,-1,sil
12.101407051086426,-1,-8,-17,-22,-8,0,3,1,17,12,-1,-4,8,5,sil
12.117016315460203,16,4,3,-11,-10,-12,-10,0,0,-5,10,16,13,3,sil
12.117016315460203,19,14,13,0,-3,-8,-10,4,-5,-5,20,24,5,3,sil
12.132439851760864,11,13,11,10,13,1,-1,0,-4,6,14,15,0,6,sil
12.132439851760864,10,14,18,17,10,0,-3,-5,-19,-7,-1,0,-6,3,sil
12.148391962051392,8,9,5,24,2,4,1,-2,-27,-15,-5,-5,-9,0,sil
12.148391962051392,-7,0,-5,17,13,22,17,0,-17,0,-7,-10,-8,-3,sil
12.164328813552856,-22,-7,-8,0,10,20,17,0,-7,4,-19,-21,-19,-9,sil
12.164328813552856,-15,-14,-10,-10,-8,0,9,0,2,1,-26,-22,-23,-3,sil
12.179097414016724,1,-11,0,-7,-9,-1,12,3,18,12,-12,-6,0,7,sil
12.179097414016724,13,0,2,0,0,0,9,0,25,17,5,12,26,14,sil
12.195224285125732,8,1,1,-9,1,-10,-8,-5,15,3,15,24,27,10,sil
12.195224285125732,1,0,-2,-14,-1,-13,-15,-6,5,-3,13,21,17,3,sil
12.210363626480104,8,5,-4,-1,-9,-16,-12,-6,2,-1,12,12,17,6,sil
12.210363626480104,13,8,8,-2,-14,-24,-21,-3,-1,-5,16,17,20,7,sil
12.225786209106444,3,1,4,-15,-10,-18,-22,0,-7,-12,18,16,7,-2,sil
12.225786209106444,-7,7,1,-8,-1,-2,-13,0,-16,-21,9,4,-11,-13,sil
12.240656852722168,-6,15,1,8,5,0,-7,2,-21,-21,-3,-6,-18,-15,sil
12.240656852722168,-5,0,-3,8,5,4,-1,0,-18,-10,-10,-14,-17,-9,sil
12.258309602737429,-10,-12,-2,1,0,21,8,0,-6,0,-11,-20,-17,1,sil
12.258309602737429,-15,-16,-12,1,-2,23,21,2,8,13,-15,-23,-10,4,sil
12.273013353347778,-13,-21,-9,-5,-6,7,22,3,18,31,-22,-16,0,0,sil
12.274013757705688,-5,-16,0,-14,-6,1,14,1,28,31,-13,-5,10,7,sil
12.287840127944946,8,0,-2,-10,0,0,5,2,32,10,10,7,13,11,sil
12.30302357673645,22,12,15,-1,4,-6,-11,5,15,-11,22,19,5,0,sil
12.30302357673645,21,19,18,11,7,-7,-20,3,-6,-17,19,22,-1,-7,sil
12.320181131362917,7,14,5,15,9,-10,-15,0,-14,-12,22,20,-3,-2,sil
12.320181131362917,0,9,1,8,6,-9,-12,3,-14,-6,22,13,-3,-5,sil
12.320181131362917,0,10,-3,12,8,0,-6,0,-11,0,3,-3,-3,-6,sil
12.33564805984497,-2,7,7,20,15,9,6,0,-10,4,-12,-10,-3,-1,sil
12.33564805984497,-5,-3,2,19,12,14,20,0,-12,11,-13,-9,-4,0,sil
12.35079026222229,-6,-13,-4,8,4,18,24,-7,-4,14,-19,-13,-3,2,sil
12.35079026222229,-9,-17,2,-4,0,21,21,-3,11,13,-26,-17,0,5,sil
12.36558198928833,-8,-16,-11,-11,-4,9,18,0,20,15,-17,-15,2,8,sil
12.36558198928833,1,-8,-10,-16,-5,-2,10,-1,19,15,-1,-1,14,14,sil
12.38131022453308,1,-3,-4,-18,-7,-9,0,0,19,8,2,7,19,8,sil
12.397443771362305,-9,-5,-11,-22,-20,-19,-15,0,2,-15,-2,-3,1,-13,sil
12.397443771362305,-9,6,-8,-26,-22,-21,-27,0,-27,-44,-4,-10,-17,-22,sil
12.413035869598389,2,17,-7,-10,-4,-11,-17,0,-33,-45,0,4,-18,-13,sil
12.413035869598389,5,14,3,9,3,-4,-2,-1,-19,-26,3,12,-12,-9,sil
12.430195569992064,-3,10,5,15,0,-2,-2,-1,-18,-11,6,0,-7,-10,sil
12.430195569992064,-2,6,1,15,0,-3,-8,-2,-24,-6,11,-6,-1,-3,sil
12.430195569992064,11,5,16,25,9,8,0,-2,-9,0,10,5,0,9,sil
12.446276903152466,14,6,12,34,13,19,11,-2,14,13,6,16,9,20,sil
12.446276903152466,0,-7,2,12,1,7,2,0,14,18,-3,2,12,15,sil
12.46138596534729,-8,-27,-5,-14,-11,-1,-1,6,7,16,-17,-15,1,5,sil
12.46138596534729,-2,-22,-3,-14,-6,1,6,6,22,20,-11,-10,3,8,sil
12.477113246917725,3,-8,4,-11,-4,0,2,4,27,16,-1,1,9,3,sil
12.478236675262451,-1,-11,-10,-23,-16,-11,-8,0,14,9,-10,-4,0,-9,sil
12.49245262145996,-7,-10,-8,-27,-11,-22,-13,-4,8,2,-6,-5,0,-8,sil
12.50739359855652,2,5,6,-15,6,-16,-9,-3,5,-7,20,12,12,-2,sil
12.50739359855652,14,20,6,-3,11,-1,0,-1,0,-5,35,26,9,0,sil
12.523202657699583,18,30,12,10,9,7,1,4,0,9,32,31,4,6,sil
12.523202657699583,16,34,12,25,20,5,5,5,0,10,30,26,9,11,sil
12.538433313369753,10,21,8,14,22,3,4,0,-8,-3,16,13,0,1,sil
12.538433313369753,-4,0,-1,-1,5,0,-3,0,-13,-13,-7,-1,-16,-13,sil
12.55351710319519,-16,-8,-11,5,2,3,-2,0,-10,-5,-15,-13,-12,-8,sil
12.55351710319519,-10,-1,3,20,15,23,12,2,-5,8,-10,-17,-1,9,sil
12.569034814834597,-4,-3,1,18,10,31,27,1,-4,11,-18,-20,-4,5,sil
12.569034814834597,-19,-23,-12,0,-7,10,18,-1,-11,-6,-33,-28,-18,-12,sil
12.58513617515564,-33,-31,-19,-16,-17,1,4,-2,-10,-14,-32,-33,-22,-10,sil
12.58513617515564,-16,-18,-18,-14,-14,6,8,0,12,4,-11,-20,0,6,sil
12.601238250732422,2,-2,2,-4,-9,-1,8,2,32,15,0,-3,18,15,sil
12.601238250732422,-2,-11,-2,-10,-15,-18,-10,1,21,2,-8,-3,10,4,sil
12.616321563720703,-3,-23,-11,-25,-22,-24,-24,-2,-1,-14,-11,-2,-5,-10,sil
12.616321563720703,12,-3,7,-14,-12,-16,-21,-2,-7,-17,2,10,-2,-8,sil
12.632054567337036,21,19,10,5,-5,-10,-14,-1,-13,-21,10,19,4,-1,sil
12.632054567337036,20,19,8,0,-11,-13,-16,-4,-25,-27,10,24,0,-5,sil
12.647044897079468,19,12,5,-1,-4,-12,-18,-6,-20,-13,20,26,0,-4,sil
12.647044897079468,16,20,10,14,9,-4,-14,-4,-11,0,23,16,1,0,sil
12.663040399551392,13,26,15,21,14,1,-1,4,-14,1,12,11,-3,1,sil
12.663040399551392,7,17,-2,24,18,6,12,6,-2,9,12,12,-3,6,sil
12.678267478942873,-1,10,-2,24,24,18,18,6,11,21,15,6,0,7,sil
12.678267478942873,-13,3,3,16,22,21,20,2,1,15,-1,-13,-1,-4,sil
12.693463563919067,-22,-13,-4,5,8,13,20,-1,-6,7,-24,-34,-7,-10,sil
12.693463563919067,-20,-18,-5,-1,-2,14,16,1,6,11,-25,-36,-7,-7,sil
12.709464073181152,-9,-11,-6,-3,1,10,13,4,21,23,-9,-17,6,3,sil
12.709464073181152,-6,-11,-2,-4,5,0,10,2,24,19,-10,-4,13,15,sil
12.724987983703612,-15,-15,-10,-11,-7,0,9,3,27,3,-25,-13,5,8,sil
12.724987983703612,-14,-17,-15,-20,-19,-3,1,-1,24,0,-19,-16,2,-2,sil
12.740131855010986,-1,-10,-1,-26,-13,-18,-11,-7,15,5,7,4,14,3,sil
12.740131855010986,9,-2,-1,-21,-9,-19,-13,-2,29,8,21,20,19,14,sil
12.756184101104736,19,1,3,-17,-11,-11,-9,-1,31,-5,24,23,13,17,sil
12.756184101104736,23,3,9,-15,-9,-14,-13,-3,-12,-24,27,29,10,11,sil
12.771447658538818,19,4,5,-8,0,-15,-16,0,-40,-22,23,32,11,0,sil
12.771447658538818,13,16,12,-1,6,-5,-13,3,-24,-6,17,26,2,-4,sil
12.78738522529602,3,19,5,3,1,-5,-14,-1,-21,-6,11,9,-17,-8,sil
12.78738522529602,-10,7,0,0,-4,-9,-17,-4,-39,-27,-1,-10,-28,-26,sil
12.802616596221924,-14,3,-5,0,0,2,-13,-1,-39,-34,-15,-17,-26,-33,sil
12.802616596221924,-5,9,-3,18,6,8,-3,-1,-23,-15,-12,-8,-21,-11,sil
12.818376064300535,1,9,14,30,7,9,0,3,-4,8,2,0,-8,4,sil
12.818766117095947,0,5,7,23,13,16,2,4,8,15,5,-3,0,2,sil
12.834389925003052,-6,6,0,19,13,19,4,-4,-2,1,-12,-16,-8,-7,sil
12.834389925003052,-8,4,0,26,9,17,20,-2,-13,0,-23,-25,-14,-12,sil
12.849425792694092,-4,-7,-8,15,9,16,36,6,2,15,-12,-17,-2,3,sil
12.849425792694092,-9,-19,-7,-8,-3,11,27,3,14,18,-9,-9,0,14,sil
12.864990949630736,-12,-19,-11,-11,-20,0,14,-1,15,13,-16,-16,0,2,sil
12.864990949630736,0,-13,-2,-1,-10,0,12,1,25,18,-10,-10,9,2,sil
12.881014108657835,8,-7,2,0,7,7,6,5,29,16,0,4,14,16,sil
12.881014108657835,8,-1,-1,1,6,2,-3,0,21,8,-4,8,12,19,sil
12.896039485931396,7,-1,15,1,0,-1,-6,0,22,7,-14,10,10,17,sil
12.896039485931396,4,-8,2,-5,-1,0,0,-1,17,6,-5,9,8,10,sil
12.911569595336914,0,-3,-10,-20,-3,-10,-1,-1,0,-5,5,2,0,-2,sil
12.911569595336914,-3,0,-6,-22,-9,-19,-10,-3,-3,-11,4,0,-3,-7,sil
12.928637504577637,-10,-12,-17,-15,-14,-20,-14,-5,-5,-11,1,-2,-1,-4,sil
12.928637504577637,0,-3,0,-13,-9,-15,-14,0,-14,-9,10,5,3,-4,sil
12.942285060882568,10,15,11,-5,3,-2,-5,8,4,6,23,20,19,3,sil
12.942285060882568,5,9,-1,1,4,4,0,3,14,9,23,17,24,7,sil
12.958319187164308,2,7,7,6,0,0,1,0,-7,-12,15,9,7,-1,sil
12.958319187164308,11,16,9,5,1,-6,0,-1,-8,-10,19,11,5,0,sil
12.97442865371704,12,9,2,-9,-1,-10,-2,-1,-5,0,17,11,9,0,sil
12.97442865371704,-3,0,-3,-14,-4,-8,-13,0,-22,-15,0,0,-6,-13,sil
12.991027116775513,-12,0,-4,3,1,-2,-13,0,-18,-18,0,-9,-20,-14,sil
12.991027116775513,-4,1,2,1,5,0,-3,0,-4,-5,6,-10,-19,-10,sil
13.009487867355348,-1,0,-3,-5,4,-1,0,-3,-13,-2,-11,-16,-22,-8,sil
13.009487867355348,-6,0,3,10,9,7,-5,-2,-20,-7,-20,-16,-18,-1,sil
13.020997524261476,-4,5,5,12,6,8,-7,4,-14,-9,-5,-4,-9,-4,sil
13.020997524261476,-7,0,-2,-3,-6,-4,-7,0,-11,-6,-5,-3,-12,-17,sil
13.037389039993286,-7,1,8,8,-1,3,-4,-6,0,9,-9,-5,-9,-7,sil
13.037389039993286,11,9,12,32,13,20,8,-1,20,24,8,8,9,17,sil
13.052448511123655,19,12,12,26,12,12,10,0,13,14,15,24,18,23,sil
13.068969249725342,7,9,4,20,3,4,5,2,0,5,3,15,15,13,sil
13.068969249725342,3,1,-4,20,0,8,6,3,13,13,-6,0,10,7,sil
13.084380149841309,2,-10,-4,0,-1,10,11,0,20,12,-14,-8,5,4,sil
13.084380149841309,-5,-21,-14,-15,0,5,22,0,6,1,-14,-15,0,2,sil
13.084380149841309,-13,-18,-12,-9,-3,4,25,4,-1,-4,-24,-20,-11,0,sil
13.100492000579834,-14,-12,-7,-8,-6,6,17,2,-2,-2,-41,-22,-20,-4,sorry
13.100492000579834,-6,-9,-10,-14,-4,5,15,-4,2,3,-23,-13,-3,-5,sorry
13.116000890731812,-2,-7,0,-17,-1,0,11,0,9,2,7,1,15,0,sorry
13.13242244720459,-7,-9,-4,-16,-1,-11,0,1,11,0,1,-1,8,3,sorry
13.13242244720459,0,-6,-3,-13,-6,-19,-6,-4,11,1,-7,-8,0,1,sorry
13.13242244720459,13,0,0,-16,-12,-19,-12,0,17,2,12,10,11,3,sorry
13.14595627784729,7,3,-6,-24,-9,-13,-20,3,10,-9,30,29,11,6,sorry
13.14595627784729,3,11,6,-20,-9,-8,-26,-1,-12,-20,23,20,-4,-3,sorry
13.163415670394896,0,11,7,2,-8,-8,-27,-6,-25,-16,7,1,-15,-20,sorry
13.163415670394896,-11,5,4,20,9,3,-19,0,-26,-6,8,-1,-9,-20,sorry
13.17749309539795,-10,8,6,24,24,22,2,12,-15,6,24,6,6,-1,sorry
13.193025827407835,1,0,-3,24,11,17,17,5,2,12,15,1,9,11,sorry
13.193025827407835,-4,-16,1,14,-1,3,7,-5,5,6,-16,-15,-6,1,sorry
13.209238052368164,-9,-18,-2,-1,-3,1,0,-6,6,8,-20,-20,-9,-1,sorry
13.209238052368164,3,-3,-4,-8,-3,-7,0,-2,12,14,1,0,5,8,sorry
13.224331855773926,10,8,5,-2,0,-20,-9,0,6,6,12,15,10,6,sorry
13.224331855773926,10,11,4,-4,2,-21,-19,0,-7,-9,11,8,0,-4,sorry
13.239450454711914,13,15,7,-17,0,-10,-18,0,-18,-23,11,6,-6,-4,sorry
13.239450454711914,12,16,2,-4,0,0,-4,1,-17,-20,9,14,-2,2,sorry
13.25497579574585,2,5,2,27,5,6,2,1,-13,-6,0,7,-2,0,sorry
13.25497579574585,-8,-3,5,29,4,16,9,1,-5,2,-14,-8,-7,-2,sorry
13.271069288253784,-11,-7,-8,0,-7,12,20,-3,6,7,-24,-13,-7,0,sorry
13.271069288253784,0,-8,-1,-18,-11,-1,12,-1,12,7,-18,0,7,5,sorry
13.2870934009552,8,-2,5,-9,-5,-3,0,2,16,3,0,15,25,9,sorry
13.2870934009552,14,13,2,2,4,-2,0,0,17,-1,18,21,25,10,sorry
13.303035736083984,21,27,11,10,16,0,0,-2,0,0,23,21,13,4,sorry
13.303035736083984,14,23,10,24,19,7,7,0,-12,10,17,14,8,2,sorry
13.31823205947876,5,23,13,31,20,10,14,2,-6,4,9,9,3,6,sorry
13.31823205947876,6,27,10,21,19,5,6,5,-4,-16,3,-1,-5,0,sorry
13.334299564361572,-4,2,-4,5,4,8,0,1,-9,-14,-11,-27,-17,-14,sorry
13.334299564361572,-22,-23,-13,-7,-9,13,2,-2,-10,-7,-35,-44,-34,-23,sorry
13.350036382675173,-26,-25,-25,-13,-10,5,10,-2,0,-5,-37,-42,-34,-17,sorry
13.350036382675173,-26,-27,-20,-18,-9,0,14,0,7,14,-22,-36,-15,-4,sorry
13.36510968208313,-32,-40,-22,-27,-11,1,2,2,4,27,-25,-33,-12,-8,sorry
13.36510968208313,-28,-40,-22,-31,-11,0,-1,2,7,10,-33,-30,-19,-17,sorry
13.380248308181764,-13,-27,-2,-23,-9,7,20,2,32,18,-9,-12,0,4,sorry
13.380248308181764,-1,-23,-4,-13,-11,8,25,0,37,39,16,9,21,29,sorry
13.396344900131226,7,-19,0,-18,-15,-11,-5,0,13,15,12,15,15,21,sorry
13.396344900131226,15,-3,11,-17,-12,-18,-12,5,17,1,14,17,14,11,sorry
13.412256240844728,16,7,7,-2,-5,-10,-2,1,24,13,24,25,20,9,sorry
13.412256240844728,10,10,11,0,-4,-12,-14,-3,-2,-7,14,26,9,0,sorry
13.427355289459229,8,11,5,-4,-4,-17,-25,-5,-16,-29,10,21,0,-7,sorry
13.427355289459229,2,10,0,-6,0,-13,-27,-3,-18,-26,17,20,0,-4,sorry
13.443166494369509,-4,10,0,-5,1,-8,-32,0,-35,-34,8,17,-6,-14,sorry
13.443166494369509,0,18,-5,2,5,-11,-32,-5,-34,-35,6,14,-3,-19,sorry
13.458388805389404,5,28,7,12,8,-14,-29,-9,-17,-18,14,16,10,-9,sorry
13.458388805389404,8,28,12,20,11,-7,-23,0,-15,-14,5,9,8,-4,sorry
13.473717212677002,15,22,9,28,13,0,-9,1,-20,-22,0,-1,-1,-4,sorry
13.473717212677002,17,18,12,29,6,3,6,-2,-18,-15,6,-2,-1,0,sorry
13.489344835281372,11,13,5,27,5,14,21,0,-8,5,7,2,0,6,sorry
13.489344835281372,12,11,9,28,18,22,24,10,-3,15,6,7,0,11,sorry
13.50538444519043,14,11,18,31,20,16,18,13,0,12,9,3,3,12,sorry
13.50538444519043,5,6,7,26,5,10,15,2,6,14,2,-6,4,10,sorry
13.521180391311646,0,-2,-1,16,2,16,20,0,11,24,-5,-11,0,15,sorry
13.521180391311646,7,-4,10,12,12,23,29,3,11,28,-1,-4,4,23,sorry
13.536391973495483,1,-4,10,0,6,18,28,5,16,22,1,-1,6,14,sorry
13.536391973495483,-11,-14,-20,-16,-11,7,20,4,26,24,-8,-11,-3,0,sorry
13.552085399627686,-19,-21,-18,-26,-15,7,11,-1,20,18,-24,-23,-12,-8,sorry
13.552085399627686,-23,-20,-8,-26,-7,2,3,-9,6,2,-30,-24,-14,-14,sorry
13.567123413085938,-16,-20,-20,-25,-5,-14,0,-6,6,0,-23,-15,-12,-6,sorry
13.567123413085938,-4,-11,-8,-20,-3,-11,3,5,6,1,-12,-3,-3,4,sorry
13.58232355117798,-19,-10,-18,-21,-1,0,3,7,4,-6,-7,-10,1,-5,sorry
13.58232355117798,-32,-27,-24,-34,-9,-8,-9,0,8,-14,-17,-24,-5,-17,sorry
13.598029851913452,-14,-23,-5,-28,-13,-9,-16,0,9,-11,-27,-20,-11,-17,sorry
13.598029851913452,-5,-6,-13,-5,-6,-1,-8,-8,6,0,-11,-8,-2,-12,sorry
13.613395929336548,-6,0,-3,-3,-1,-6,-10,-9,4,0,7,1,4,-1,sil
13.613395929336548,5,0,5,-8,-1,-8,-18,0,2,-4,8,12,2,2,sil
13.629524230957031,8,0,1,-9,-8,-11,-22,0,-11,-11,4,13,0,-3,sil
13.629524230957031,-1,0,12,-16,-18,-20,-25,-8,-32,-26,2,2,-2,-10,sil
13.645283699035645,1,4,3,-9,-14,-21,-16,-7,-25,-28,0,3,-4,-4,sil
13.645283699035645,14,12,4,6,-4,-5,0,4,-5,-12,8,23,2,3,sil
13.66051959991455,19,16,15,15,-2,0,0,5,-4,-2,26,30,10,4,sil
13.66051959991455,23,19,11,25,9,-4,0,0,-2,3,39,28,14,9,sil
13.676159620285034,31,24,26,32,24,2,5,4,10,12,38,37,21,21,sil
13.676159620285034,24,18,14,23,12,8,2,0,8,14,25,24,15,13,sil
13.691373825073242,2,5,-4,13,4,1,-7,-7,-7,4,13,0,0,-1,sil
13.691373825073242,-7,4,1,12,14,4,0,2,-10,-1,8,-1,-2,2,sil
13.707483768463137,2,8,3,15,18,9,9,3,-13,-5,6,2,-2,2,sil
13.707483768463137,12,10,9,20,11,6,4,0,-12,-1,2,0,-2,-2,sil
13.724557399749756,3,6,10,21,6,6,3,4,2,9,-5,-1,2,1,sil
13.724557399749756,-9,2,-2,9,2,6,6,1,0,3,-17,-13,-3,0,sil
13.739530086517334,-1,8,-6,6,4,7,7,0,-10,0,-9,-19,-7,-3,sil
13.739530086517334,1,4,-3,8,3,16,8,6,0,8,0,-13,0,5,sil
13.756038665771484,-23,-16,-9,-12,-6,20,3,0,7,1,-20,-22,-9,0,sil
13.756038665771484,-37,-25,-22,-28,-8,14,5,-4,0,-3,-39,-35,-24,-13,sil
13.770130157470703,-18,-12,-9,-5,0,14,21,0,10,13,-22,-23,-16,-1,sil
13.770130157470703,-9,-7,0,2,-4,16,24,2,19,18,-7,-9,-4,5,sil
13.785680532455444,-16,-21,-13,-23,-13,2,10,-1,14,6,-19,-13,-5,-4,sil
13.785680532455444,-4,-19,-4,-27,-8,-12,4,0,16,3,-20,-6,0,-2,sil
13.801791906356812,13,0,7,-2,0,-14,8,1,29,11,5,15,18,12,sil
13.801791906356812,14,0,1,-7,-6,-17,-3,-1,15,1,14,18,22,9,sil
13.817401885986328,6,-14,-10,-29,-16,-22,-22,-5,-11,-20,-5,2,5,-6,sil
13.817401885986328,5,-9,-13,-22,-13,-21,-22,-6,-9,-24,-12,0,2,-10,sil
13.833439826965332,1,1,3,-8,-4,-16,-22,0,0,-12,3,12,13,-5,sil
13.833439826965332,0,-2,4,-12,-4,-16,-23,1,-1,0,16,14,13,2,sil
13.848980903625488,1,-4,3,-16,-7,-14,-17,-2,-8,0,10,5,0,1,sil
13.848980903625488,1,10,6,-7,-1,-5,-16,-5,-19,-14,5,1,-5,-14,sil
13.864059925079346,5,20,6,11,6,-3,-18,-2,-26,-17,19,7,-2,-12,sil
13.864059925079346,12,24,18,24,15,-6,-6,3,-16,-7,28,18,0,6,sil
13.8813157081604,7,23,6,26,17,1,4,7,-6,-4,13,12,-3,7,sil
13.8957417011261,3,14,-4,32,17,14,3,1,-9,3,6,2,-3,0,sil
13.8957417011261,9,14,14,43,23,28,18,0,1,28,10,3,0,2,sil
13.8957417011261,0,9,6,37,20,36,41,1,20,29,-4,-8,-7,0,sil
13.911815166473389,-18,-11,-11,3,0,25,34,0,6,1,-29,-29,-23,-12,sil
13.928475618362429,-22,-30,-15,-22,-15,2,16,0,-10,-2,-31,-30,-24,-7,sil
13.928475618362429,-7,-23,-8,-16,-14,0,11,0,5,14,-6,-7,-1,15,sil
13.943410873413086,4,-5,11,-2,-7,4,1,1,21,18,12,14,19,25,sil
13.943410873413086,5,0,3,-2,-4,-8,-9,-1,15,7,12,18,18,14,sil
13.943410873413086,11,5,-3,-5,-12,-26,-21,-4,5,-3,12,14,7,7,sil
13.95802354812622,17,14,0,-6,-16,-22,-26,0,0,-13,18,14,-7,5,sil
13.974145650863647,5,7,-2,-11,-2,-12,-16,0,-7,-19,10,5,-17,-5,sil
13.974145650863647,-2,5,3,-3,14,-1,-4,0,-15,-18,0,-1,-21,-16,sil
13.99099612236023,-3,7,2,13,16,4,-3,2,-15,-18,-5,-11,-46,-18,sil
13.991994380950928,-15,-1,-1,6,6,7,-3,0,-20,-23,-17,-27,-25,-17,sil
13.991994380950928,-17,-5,-4,-7,4,14,5,0,-16,-13,-16,-18,76,-8,sil
14.005132675170898,0,-2,-4,0,1,17,12,4,3,6,-1,3,104,5,sil
14.02134108543396,2,-5,5,5,-8,14,17,8,19,16,-10,-3,8,3,sil
14.02134108543396,-11,-16,-7,-10,-9,11,27,4,21,20,-27,-24,-37,-2,sil
14.03644323348999,-20,-27,-14,-27,-2,2,16,-5,19,24,-25,-19,-12,-3,sil
14.03644323348999,-15,-20,-3,-21,-5,-6,-5,-9,20,20,-10,0,-4,-5,sil
14.063633918762209,3,-2,0,-13,-9,-11,-9,-5,18,14,6,16,0,1,sil
14.063633918762209,23,6,6,-15,-8,-17,-12,-1,7,4,18,26,10,18,sil
14.063633918762209,29,11,5,-8,-4,-21,-18,-3,1,0,24,33,10,24,sil
14.063633918762209,22,17,11,0,-1,-17,-16,-2,0,-3,28,35,10,10,sil
14.070298671722412,14,20,11,6,0,-10,-11,2,-6,-16,26,23,6,0,sil
14.083666801452637,13,20,0,27,4,-7,-2,3,-15,-21,14,6,-3,1,sil
14.099209547042848,5,20,10,37,14,0,-3,2,-24,-12,0,0,-12,0,sil
14.099209547042848,-6,12,7,23,20,10,-10,4,-28,-8,-3,-4,-18,-11,sil
14.11625361442566,-4,8,0,24,21,16,0,1,-18,-3,0,-7,-13,-10,sil
14.11625361442566,-5,1,4,28,15,16,16,0,-10,2,-6,-14,-10,-5,sil
14.131431579589844,-18,-18,-11,7,0,7,15,-3,-13,-3,-20,-32,-18,-9,sil
14.131431579589844,-17,-22,-12,-6,-5,6,10,0,-7,-6,-15,-31,-15,-5,sil
14.145596981048584,-7,-10,-4,1,0,14,17,7,12,13,-1,-15,-2,5,sil
14.145596981048584,-8,-9,-5,0,1,10,11,0,22,28,-4,-12,0,4,sil
14.161205768585203,-11,-12,-6,-15,-5,-1,0,-9,10,11,-14,-14,-3,-4,sil
14.161205768585203,-9,-13,-11,-26,-13,-11,0,-10,0,-4,-13,-7,-4,-1,sil
14.176332712173462,-4,-9,-4,-27,-17,-8,0,4,4,0,-1,6,-1,9,sil
14.176332712173462,5,0,0,-17,-14,0,3,12,19,10,10,17,3,10,sil
14.192376375198364,9,6,0,-12,-8,-2,5,0,23,-1,9,12,6,0,sil
14.192376375198364,0,-3,2,-24,-10,-10,-6,-4,12,-16,-1,3,8,-8,sil
14.207891702651978,-3,-9,-4,-28,-13,-17,-18,-2,2,-16,-3,0,12,-9,sil
14.207891702651978,4,8,5,-7,-6,-14,-17,-1,-8,-15,5,7,15,-10,sil
14.223307847976685,14,24,11,16,6,0,-8,3,-20,-12,12,18,15,-7,sil
14.223307847976685,8,13,5,22,10,3,-7,0,-24,-4,11,14,7,-3,sil
14.2393958568573,2,7,15,24,12,3,-5,-6,-12,2,4,4,-1,3,sil
14.2393958568573,6,7,8,38,18,16,6,0,7,19,0,1,4,17,sil
14.254577398300173,6,0,0,29,16,21,14,1,14,34,-2,-1,17,19,sil
14.254577398300173,2,-5,0,1,8,14,18,0,21,32,0,2,22,19,sil
14.269843578338625,8,0,0,-4,4,2,14,1,30,20,13,20,22,28,sil
14.269843578338625,12,0,-1,-5,-2,-16,-6,0,9,-6,11,16,2,7,sil
14.28537368774414,-2,-2,-9,-22,-10,-26,-20,-3,-20,-38,-9,-11,-31,-32,sil
14.28537368774414,-17,-5,-7,-28,-5,-11,-14,0,-22,-40,-21,-17,-44,-36,sil
14.300579071044922,-13,-2,-3,-8,1,6,-2,3,-11,-21,-14,-10,-30,-13,sil
14.300579071044922,-6,4,-2,8,3,8,1,1,-12,-10,-9,-17,-23,-8,sil
14.316421270370483,-13,1,4,4,2,9,0,5,-19,-6,-11,-18,-20,-6,sil
14.316421270370483,-15,-12,-8,-5,-4,11,8,4,-13,8,-8,-15,-1,6,sil
14.332054376602173,0,-10,-5,-3,-11,4,14,-1,9,26,0,-10,15,18,sil
14.332054376602173,15,2,7,4,-8,-3,7,0,28,23,6,3,19,15,sil
14.34810733795166,24,5,5,1,0,-11,-3,-2,19,6,16,24,22,8,sil
14.34810733795166,28,15,15,0,4,-20,-14,-4,0,1,36,39,18,3,sil
14.36419916152954,11,18,9,7,4,-21,-17,-3,-15,-4,29,24,-1,-1,sil
14.36419916152954,-11,2,0,12,5,0,-6,-1,-34,-21,-3,-8,-18,-9,sil
14.379424333572388,-14,-2,3,19,8,22,14,0,-30,-7,-14,-20,-14,-8,sil
14.379424333572388,-10,-3,-8,18,4,22,34,0,6,19,-2,-10,2,4,sil
14.395085096359251,-11,-14,-6,0,-6,10,25,0,28,18,-7,-5,14,11,sil
14.395085096359251,-11,-19,-4,-10,-12,0,-4,0,20,9,-20,-6,11,2,sil
14.410310745239258,-10,-12,-11,-13,-13,-14,-22,-4,16,1,-15,-4,3,-8,sil
14.410310745239258,-3,-2,-7,-20,-8,-19,-18,0,11,-14,0,-3,0,-16,sil
14.425805807113647,4,4,0,-16,0,-7,-7,4,-3,-18,3,-4,-5,-16,sil
14.425805807113647,0,7,4,-1,3,7,-1,5,-18,-17,-8,-9,-19,-10,sil
14.441075563430786,-13,0,-8,8,4,16,0,4,-19,-16,-18,-20,-22,-9,sil
14.441075563430786,-8,-7,-9,11,12,24,10,0,-3,4,-18,-22,-10,-5,sil
14.45626664161682,2,-2,4,7,11,29,27,0,20,28,-8,-4,4,9,sil
14.45626664161682,6,0,3,3,1,10,21,1,31,27,4,15,15,23,sil
14.47302532196045,19,6,14,2,4,-10,-1,1,25,12,15,30,19,29,sil
14.47302532196045,27,16,12,0,6,-13,0,0,15,2,20,34,23,26,sil
14.487561464309692,13,5,0,-9,-6,-16,-1,-3,3,-3,15,19,19,8,sil
14.487561464309692,11,0,6,-16,-10,-17,-19,0,3,2,15,11,11,0,sil
14.503278732299805,20,9,4,-5,-3,-15,-22,0,10,13,29,21,15,3,sil
14.503278732299805,1,2,-3,-3,-7,-18,-21,-3,-8,-1,20,11,9,-3,sil
14.518372774124146,-17,-7,-12,-13,-6,-15,-21,-1,-30,-21,-4,-11,-11,-17,sil
14.518372774124146,-10,0,-9,-11,4,-5,-11,0,-21,-15,-1,-7,-16,-12,sil
14.53427004814148,-6,6,7,-3,1,-2,-6,-1,-12,-7,10,1,-12,-11,sil
14.53427004814148,-15,2,0,0,-2,-1,-5,-2,-20,-13,0,-7,-16,-16,sil
14.549863576889038,-16,1,-2,2,5,2,3,0,-25,-17,-10,-12,-18,-15,sil
14.56600546836853,-3,3,5,10,6,8,13,1,-21,-14,-2,-8,-15,-6,sil
14.56600546836853,2,1,5,15,2,14,15,-1,-15,-9,0,-5,-10,6,sil
14.58114218711853,-4,0,11,16,3,19,3,0,-17,-10,-17,-8,-7,5,sil
14.58114218711853,-11,-10,1,11,-1,10,-3,-1,-24,-14,-35,-21,-18,-8,sil
14.58114218711853,-1,-12,-4,4,-6,3,2,-2,-14,-10,-26,-17,-23,-6,sil
14.597521305084229,2,-1,-3,9,-1,13,18,4,14,11,-11,-2,-1,8,sil
14.597521305084229,-6,-3,-6,13,0,11,22,0,31,26,-19,-10,5,3,sil
14.61241579055786,-6,-10,1,0,-4,0,14,-4,28,18,-25,-13,-8,-3,sil
14.61241579055786,6,-5,-1,-3,-2,0,12,5,35,17,-2,3,1,6,sil
14.62752389907837,10,-1,-2,0,5,7,17,11,46,33,14,10,29,18,sil
14.643420934677124,0,0,0,2,8,11,21,4,35,38,8,0,31,11,sil
14.643420934677124,3,4,-3,4,1,6,12,-1,20,27,12,0,26,5,sil
14.659600496292114,19,5,2,-1,0,-5,-2,0,20,12,27,13,32,13,sil
14.659600496292114,13,-3,-7,-16,0,-18,-12,0,15,3,20,16,25,13,sil
14.659600496292114,-5,-9,-13,-22,-8,-19,-21,-3,-10,-9,1,3,1,-2,sil
14.674213886260986,-6,-4,1,-15,-8,-8,-22,-2,-28,-22,2,1,-8,-12,sil
14.690205097198486,4,3,2,-8,1,-2,-15,-2,-17,-16,13,13,0,-6,sil
14.690205097198486,4,9,3,-8,3,-4,-19,-2,-15,-17,10,18,-3,-1,sil
14.705658435821531,1,9,1,-2,0,-7,-19,-1,-24,-28,6,16,-11,2,sil
14.705658435821531,8,10,5,2,0,-12,-7,0,-19,-20,8,17,-3,5,sil
14.720855712890623,12,10,11,-3,4,-8,-7,5,-9,-5,6,12,3,3,sil
14.720855712890623,0,3,-1,-8,5,0,-9,0,-6,-5,5,0,0,0,sil
14.736407041549684,-7,5,3,3,4,-2,0,0,0,-7,10,0,-4,-5,sil
14.736407041549684,0,15,5,18,4,-7,4,8,4,0,9,2,-1,-12,sil
14.75243592262268,0,8,-1,12,0,-1,0,4,-3,-4,-4,-12,-6,-10,sil
14.75243592262268,-11,-6,2,1,-3,8,-1,-8,-12,-10,-15,-23,-20,-8,sil
14.76818037033081,-12,-5,4,9,1,11,5,-5,-12,-2,-14,-17,-24,-9,sil
14.768686294555664,-7,4,3,22,9,6,5,0,-12,2,-10,-12,-17,-9,sil
14.783229112625122,-8,-2,-5,11,3,4,0,-5,-12,-1,-12,-18,-13,-11,sil
14.783229112625122,-12,-23,-12,-9,-7,8,-1,-7,-16,-3,-22,-25,-16,-13,sil
14.798460483551024,-22,-24,-8,-11,-13,11,1,1,-11,6,-31,-31,-15,-15,sil
14.798460483551024,-18,-8,-6,3,-11,9,17,3,14,22,-17,-19,0,0,sil
14.8144633769989,6,0,7,4,-2,14,25,3,30,28,0,10,18,27,sil
14.8144633769989,17,0,4,-6,0,17,16,8,22,24,1,16,21,29,sil
14.830007791519163,7,0,1,-3,0,7,12,7,20,18,-1,0,10,10,sil
14.830007791519163,4,0,8,8,1,3,16,2,29,20,2,-1,11,14,sil
14.846049547195436,8,-9,-7,3,0,3,16,0,36,24,8,8,22,22,sil
14.846049547195436,6,-11,-7,-14,-5,-4,8,-3,27,6,3,5,15,5,sil
14.86210036277771,3,-6,-5,-21,-10,-10,3,-5,13,-14,-8,1,0,-4,sil
14.86210036277771,2,-1,-12,-16,-7,-20,-9,-6,-1,-17,-3,11,0,0,sil
14.877233743667604,4,8,2,-9,-2,-32,-30,-1,-11,-22,16,23,7,-4,sil
14.877233743667604,9,11,3,-2,-3,-31,-30,0,-17,-30,18,19,6,-6,sil
14.893231391906738,16,11,4,-4,0,-13,-19,-1,-24,-26,14,19,3,0,sil
14.893231391906738,13,17,11,-8,11,0,-16,-2,-28,-20,23,25,1,-3,sil
14.908517360687256,0,12,1,2,12,-1,-18,-6,-29,-20,19,10,-6,-11,sil
14.908908367156982,-3,11,10,18,4,-1,-14,0,-24,-12,4,0,-7,-6,sil
14.924062728881836,7,20,15,26,11,3,0,7,-7,8,14,9,6,1,sil
14.924062728881836,11,17,12,21,16,4,0,3,0,11,19,11,6,4,sil
14.940115213394163,5,6,4,13,8,12,0,2,-6,1,-1,-5,-5,3,sil
14.940115213394163,-1,-3,-8,11,8,22,9,5,1,9,-11,-17,-4,0,sil
15.48849105834961,-16,-13,-11,3,0,11,13,0,8,11,-20,-21,-6,4,sil
15.48849105834961,-18,-25,-13,-14,-13,5,21,-3,14,6,-32,-31,-15,-7,sil
15.48849105834961,-18,-29,-7,-20,-12,0,20,-1,19,-4,-41,-25,-24,-13,sil
15.5050048828125,-18,-29,-28,-28,-14,-21,1,-1,11,-12,-33,-15,-14,-6,sil
15.5050048828125,-5,-16,-10,-32,-23,-25,-15,1,0,-18,-11,-5,-2,0,sil
15.520056247711182,17,2,11,-7,-14,-5,-9,5,11,-13,12,14,7,6,sil
15.520056247711182,27,9,10,3,-1,-8,-9,0,18,-11,21,30,17,7,sil
15.53607439994812,15,7,7,-9,-4,-23,-27,-1,-4,-21,18,22,10,0,sil
15.53607439994812,9,11,4,3,-3,-14,-22,0,-20,-19,18,12,0,0,sil
15.552164793014526,10,21,12,25,6,2,-3,-1,-22,-8,9,8,-1,7,sil
15.552164793014526,0,13,1,19,10,10,2,0,-23,-2,-8,-6,-5,-1,sil
15.568312406539915,-12,-6,-8,8,10,18,8,1,-9,13,-9,-20,-9,-6,sil
15.58298373222351,-11,-10,0,2,8,25,18,2,10,29,-2,-15,-2,5,sil
15.58298373222351,-10,-11,-7,-10,-1,12,19,3,15,28,-7,-10,5,3,sil
15.58298373222351,-10,-18,-12,-26,-14,-3,11,4,9,14,-9,-9,7,-4,sil
15.599178791046144,-2,-7,-5,-23,-9,-8,3,0,8,2,6,0,13,0,sil
15.599178791046144,13,16,5,-12,2,-13,-6,-5,1,-8,18,19,16,0,sil
15.615443229675291,22,24,17,-2,4,-14,-13,0,-8,-12,21,27,5,-4,sil
15.615443229675291,7,17,13,16,6,-5,-6,-1,-8,-5,18,16,-4,-3,sil
15.629065036773682,-11,7,9,24,9,3,-2,-4,-10,-7,0,-5,-10,-8,sil
15.629065036773682,-5,-2,0,12,4,13,4,0,-18,-11,-18,-16,-19,-12,sil
15.645493745803831,9,-2,0,19,7,26,19,-2,-9,1,-19,-10,-11,4,sil
15.645493745803831,3,0,3,34,11,21,15,-2,9,9,-13,-6,3,19,sil
15.661600828170776,-7,-8,-7,14,-4,-3,0,2,14,2,-7,-9,3,9,sil
15.661600828170776,0,-6,-5,-6,-10,-11,-3,2,8,1,6,2,4,2,sil
15.678434133529665,11,4,-6,0,0,-5,0,1,14,8,16,13,16,8,sil
15.678434133529665,6,-2,-8,-15,-4,-16,-9,6,15,2,10,11,11,3,sil
15.69051742553711,0,-9,0,-35,-12,-24,-17,8,5,-5,4,9,-1,-9,sil
15.706243753433228,-5,2,-2,-12,-1,-11,-11,3,3,-5,3,4,-5,-11,sil
15.706243753433228,-16,8,-1,3,3,2,-6,0,-1,-8,-3,-7,-8,-12,sil
15.72177028656006,-20,0,-4,0,0,11,0,-1,-16,-4,-9,-13,-11,-12,sil
15.72177028656006,-12,-9,-4,5,2,18,6,-6,-20,7,-9,-12,-6,-1,sil
15.737487316131592,-8,-10,4,5,-1,11,5,-7,-11,11,-16,-9,-4,5,sil
15.737487316131592,-9,-16,-7,-13,-12,-6,0,-4,0,9,-22,-7,-2,6,sil
15.753097534179688,0,-22,-6,-27,-13,-5,-7,0,3,2,-18,-2,3,5,sil
15.753097534179688,9,-13,-3,-24,-3,8,0,0,6,-6,-4,2,6,6,sil
15.76828145980835,17,6,-3,-8,0,-3,6,-2,11,-9,15,12,6,6,sil
15.76828145980835,24,25,16,8,1,-20,-2,3,7,-7,28,25,8,2,sil
15.784312963485718,20,25,14,16,6,-11,-9,3,-2,-9,22,20,4,-3,sil
15.784312963485718,4,21,2,9,14,-4,-6,-5,-13,-16,13,1,-4,-8,sil
15.799644231796265,-6,19,2,5,12,-4,0,-1,-14,-10,9,-11,-11,-12,sil
15.799644231796265,-7,8,1,16,6,9,4,2,-7,3,2,-16,-11,-10,sil
15.81570839881897,-1,0,4,27,10,25,7,4,0,14,2,-11,-3,-4,sil
15.81570839881897,0,3,0,23,14,20,14,3,11,14,8,-5,4,0,sil
15.830851316452026,-10,-1,0,11,0,4,14,0,10,9,0,-4,0,4,sil
15.830851316452026,-11,-13,7,8,-7,0,11,0,-1,8,-9,0,-4,7,sil
15.84640097618103,7,-14,3,7,0,3,15,0,-1,12,-5,5,8,10,sil
15.84640097618103,13,-7,1,-2,0,7,13,-3,10,9,-2,3,13,19,sil
15.862504005432127,0,-9,-5,-10,-8,5,13,3,18,8,-7,1,8,24,sil
15.862504005432127,0,-15,-4,-13,-11,1,11,11,19,13,-11,5,14,20,sil
15.87804913520813,2,-14,-5,-25,-18,-5,-11,1,9,4,-13,5,12,8,sil
15.87804913520813,-7,-14,-14,-34,-20,-19,-31,-10,-5,-13,-17,0,-4,-3,sil
15.893531322479248,-12,-8,-1,-29,-12,-17,-24,-4,-10,-23,-17,-1,-12,-8,sil
15.893531322479248,0,2,0,-18,-6,-9,-14,2,0,-19,-7,3,-1,-8,sil
15.909469604492188,9,6,-6,-14,-3,-20,-17,-1,-3,-17,5,7,0,-16,sil
15.909469604492188,7,9,3,-6,4,-17,-14,0,-17,-13,12,0,-2,-22,sil
15.92422866821289,0,15,1,11,11,2,-3,0,-17,-7,10,-6,-2,-16,sil
15.92422866821289,-7,16,-2,17,11,4,-7,-5,-18,-12,6,-9,-8,-17,sil
15.93941068649292,-12,12,-8,10,8,0,-15,-3,-28,-12,6,-12,-16,-26,sil
15.93941068649292,-11,9,-2,15,9,4,-10,-1,-24,0,7,-10,-11,-19,sil
15.95504903793335,-2,9,14,29,18,11,1,1,-6,2,7,-2,-4,-5,sil
15.95504903793335,1,4,8,29,23,17,21,5,5,7,7,-5,-2,6,sil
15.971083164215088,2,-4,11,16,11,25,31,5,8,26,2,-5,0,20,sil
15.971083164215088,2,-15,3,1,-7,13,18,-5,11,23,-11,-3,0,20,sil
15.987473487854004,0,-15,-10,-7,-13,-5,7,-10,13,9,-17,-12,-3,10,sil
15.987473487854004,0,-6,0,-2,-6,0,21,2,21,16,-5,-4,4,18,sil
16.002623796463013,7,-7,-3,0,-7,6,28,7,30,18,0,13,12,27,sil
16.002623796463013,10,-10,-3,-17,-14,-5,6,0,24,0,-3,14,5,14,sil
16.01833486557007,4,-2,0,-26,-6,-10,0,-1,17,-3,2,18,9,4,sil
16.018836498260498,7,6,3,-8,4,-9,-4,0,11,-3,16,31,19,4,sil
16.034053802490234,15,12,10,1,0,-8,-22,5,1,-19,16,29,7,0,sil
16.034053802490234,1,6,-1,-4,-3,-7,-20,8,0,-17,12,14,0,-6,sil
16.049216270446777,-15,0,-6,-9,-1,-10,-11,1,-1,-4,9,3,3,-14,sil
16.049216270446777,-6,9,-1,4,4,-6,-21,-5,-12,-4,11,0,0,-14,sil
16.07243275642395,17,27,7,29,14,4,-20,-3,-7,3,23,9,0,2,sil
16.07243275642395,22,25,21,30,12,8,-3,3,-5,7,21,11,8,9,sil
16.07243275642395,1,3,3,14,0,1,3,1,-21,-8,-8,-16,-2,-2,sil
16.081401824951172,-17,-11,-8,4,-3,1,0,-7,-32,-15,-37,-38,-24,-14,sil
16.09622311592102,-23,-15,-6,-3,-2,11,3,-4,-29,2,-38,-38,-25,-20,sil
16.09622311592102,-19,-19,-18,-11,-6,14,21,2,-14,17,-25,-35,-12,-19,sil
16.111801862716675,-9,-15,-7,-15,-3,9,28,4,5,14,-17,-21,-2,-3,sil
16.111801862716675,-7,-13,-6,-20,-2,1,17,0,19,9,-13,-6,4,10,sil
16.12742257118225,-12,-20,-11,-30,-9,0,2,-4,20,10,-12,-5,8,9,sil
16.12742257118225,-4,-19,-5,-24,-10,-1,0,-3,15,9,-11,-2,8,3,sil
16.143083333969116,4,-6,-4,-11,-2,-13,0,-4,4,-2,-5,1,3,1,sil
16.143083333969116,2,6,0,-8,1,-21,-9,-2,-7,-22,0,1,-5,-2,sil
16.159164428710938,3,10,1,-3,-2,-16,-18,1,-6,-26,6,7,-6,-2,sil
16.159164428710938,15,10,13,0,-7,-11,-13,0,-5,-23,20,23,-1,4,sil
16.175235748291016,20,13,20,1,0,-6,-2,-4,-14,-24,24,25,0,0,sil
16.175235748291016,10,10,4,7,7,1,-2,0,-15,-21,8,8,-6,-7,sil
16.19135332107544,-2,6,6,16,4,10,-9,5,-11,-11,-2,-5,-16,-10,sil
16.19135332107544,-8,8,5,24,8,16,-2,5,-3,3,4,-2,-11,-5,sil
16.206505060195923,-3,9,1,33,20,20,5,8,15,23,16,4,9,6,sil
16.206505060195923,2,3,7,34,20,26,14,16,38,42,17,9,26,24,sil
16.222044944763184,7,-2,0,24,6,18,29,7,48,51,13,13,29,33,sil
16.222044944763184,3,-4,0,4,-4,1,19,-3,37,41,7,14,20,25,sil
16.23807454109192,-3,-16,-9,-17,-14,-14,-3,-5,13,16,0,4,5,1,sil
16.23807454109192,1,-21,-14,-27,-18,-22,-10,-7,0,-3,1,2,0,-8,sil
16.253215551376343,17,1,4,-18,-8,-16,-9,-1,6,-1,22,20,15,3,sil
16.253215551376343,18,23,10,0,4,-11,-7,5,7,1,34,29,22,6,sil
16.268346548080444,9,21,10,6,9,-10,-4,0,-13,-15,20,14,0,-9,sil
16.268346548080444,0,13,0,1,2,-9,-9,-7,-36,-36,-1,-4,-25,-23,sil
16.28362512588501,-9,6,-7,-2,-2,-13,-26,-6,-50,-42,-16,-12,-26,-27,sil
16.28362512588501,-12,4,0,3,-1,-6,-27,0,-51,-33,-24,-14,-17,-25,sil
16.299296617507935,-12,0,-1,13,0,11,-4,0,-35,-18,-30,-21,-17,-15,sil
16.299296617507935,-14,-3,-1,13,0,15,11,-6,-21,-10,-31,-25,-16,-5,sil
16.314504861831665,-11,-7,-5,5,1,12,9,-6,-17,-11,-29,-24,-13,-6,sil
16.330994129180908,-14,-15,-14,-7,2,12,3,-4,-9,-5,-30,-29,-18,-7,sil
16.330994129180908,-19,-15,-3,-15,1,8,11,2,5,12,-25,-25,-12,4,sil
16.345555543899536,-4,-7,-1,-12,0,10,23,5,22,29,-12,-7,7,19,sil
16.345555543899536,1,-9,-6,-13,0,18,23,-1,31,31,-10,-7,6,15,sil
16.36156702041626,-12,-20,-14,-18,-3,8,22,1,33,24,-12,-20,-5,5,sil
16.36156702041626,-13,-19,-14,-22,-13,-2,19,10,30,16,-5,-14,0,6,sil
16.37937021255493,0,-6,2,-23,-16,0,1,4,22,7,4,1,9,7,sil
16.37937021255493,7,0,4,-11,-2,-1,-5,0,23,11,20,11,17,8,sil
16.394044160842896,10,-1,5,0,6,-5,-5,3,23,16,30,15,22,10,sil
16.394044160842896,6,-6,3,-8,1,-1,-10,-2,6,2,20,11,12,0,sil
16.394044160842896,5,0,1,-1,0,-7,-10,-2,-6,-14,11,5,0,-6,sil
16.40807843208313,13,17,15,21,4,-8,-5,11,-6,-18,10,11,3,-1,sil
16.42599058151245,8,14,7,18,4,-5,-7,4,-2,-11,11,15,10,0,sil
16.42599058151245,7,6,7,4,2,-14,-3,-8,3,-2,26,26,15,4,sil
16.42599058151245,26,17,17,19,5,-18,0,0,8,6,38,38,22,14,sil
16.43912935256958,28,24,8,29,2,-18,-16,4,-1,0,20,29,16,12,sil
16.454676389694214,12,17,11,16,-1,-18,-25,0,-6,-4,9,22,4,3,sil
16.454676389694214,15,14,5,19,3,-2,0,0,3,1,24,27,5,6,sil
16.4703152179718,21,14,4,20,9,8,7,-3,-1,-3,16,14,0,1,sil
16.4703152179718,5,8,1,1,2,-2,-5,-6,-20,-16,-10,-2,-16,-13,sil
16.48740291595459,-3,0,-11,-4,0,-2,1,-6,-26,-11,-16,-6,-22,-14,sil
16.48740291595459,-7,-1,-5,-3,-1,14,7,-2,-31,-15,-18,-15,-25,-11,sil
16.48740291595459,-23,-7,-11,-11,-10,8,-8,0,-31,-25,-26,-24,-24,-16,sil
16.50197720527649,-28,-13,-14,-16,-14,-1,-17,0,-15,-12,-22,-16,-15,-11,sil
16.5171320438385,-22,-14,-3,-15,-8,15,-7,2,-6,2,-20,-19,-11,-7,sil
16.5171320438385,-24,-14,-12,-6,-1,25,4,-2,-10,7,-23,-35,-12,-9,sil
16.535022258758545,-22,-7,-6,10,9,15,6,-2,-14,7,-16,-24,-12,-5,sil
16.535022258758545,-16,-6,-1,11,15,16,10,0,-9,6,-15,-17,-15,-5,sil
16.5480477809906,-22,-21,-10,-11,5,21,16,-1,9,7,-24,-34,-11,-11,sil
16.5480477809906,-26,-22,-8,-26,-2,11,15,3,25,12,-21,-29,0,-6,sil
16.564116716384888,-13,-8,-10,-20,-1,-8,7,1,16,10,-6,-3,2,1,sil
16.564116716384888,0,-3,-1,-10,-7,-14,0,-3,-1,0,1,6,4,3,sil
16.580175638198853,0,-2,-3,-3,-11,-7,4,4,1,-1,-1,-3,12,7,sil
16.580175638198853,3,0,-4,0,-3,-4,17,10,21,8,-2,-4,18,10,sil
16.596261262893677,25,9,15,8,3,3,22,4,38,18,13,21,26,17,sil
16.596261262893677,37,12,16,14,3,7,14,-1,35,16,35,41,33,26,sil
16.612085342407227,28,10,15,8,1,-7,0,-1,16,5,34,28,23,21,sil
16.612085342407227,23,9,9,5,0,-20,-4,-1,8,2,19,11,11,11,sil
16.627094745635986,28,3,5,7,1,-14,-5,-4,12,5,13,15,11,15,sil
16.627094745635986,24,4,16,6,0,-5,-10,0,10,5,18,24,12,19,sil
16.642414093017578,15,9,6,3,-7,-13,-19,4,7,9,16,19,12,11,sil
16.642414093017578,7,7,-1,-5,-6,-19,-25,1,6,8,6,10,12,2,sil
16.657952070236206,0,3,-4,-13,4,-8,-23,0,0,-3,3,5,2,-3,sil
16.657952070236206,-10,3,-10,-13,4,-4,-23,0,-18,-20,8,-1,-13,-15,sil
16.673972845077515,-14,7,0,-12,-1,-6,-14,0,-25,-25,5,-3,-21,-26,sil
16.673972845077515,-18,5,-2,-3,4,1,2,-3,-23,-25,-8,-10,-30,-33,sil
16.69001531600952,-30,-1,-8,8,12,13,3,-4,-38,-31,-27,-26,-45,-39,sil
16.69001531600952,-23,-2,-5,22,15,22,10,0,-32,-15,-26,-24,-32,-22,sil
16.70610213279724,-5,0,0,27,11,22,29,2,0,15,-10,-6,-2,5,sil
16.70610213279724,-12,-9,0,3,-3,7,20,2,0,12,-15,-9,-9,0,sil
16.721272468566895,-15,-22,-12,-16,-17,-2,6,0,-9,-7,-28,-21,-23,-10,sil
16.721272468566895,5,-15,2,-10,-13,1,11,-5,16,0,-11,-4,0,14,sil
16.737287521362305,14,0,9,-5,-6,0,-1,-5,21,6,16,14,24,25,sil
16.737287521362305,14,5,-8,-7,-6,-16,-20,-1,0,0,24,20,26,8,sil
16.75311541557312,26,6,9,-4,-8,-19,-23,2,-3,-3,24,27,24,9,sil
16.75311541557312,18,10,8,-3,-4,-9,-20,0,-4,-3,20,18,17,9,sil
16.7685124874115,-3,11,-5,1,3,-1,-15,-2,-25,-11,5,0,2,-7,sil
16.768888235092163,-4,11,6,17,7,9,0,4,-25,-3,-4,-5,-2,-9,sil
16.784008741378784,-1,5,3,24,9,20,15,4,-6,14,-8,-11,-5,0,sil
16.784008741378784,-17,-3,-6,12,10,22,16,-3,0,13,-19,-26,-14,-4,sil
16.80013155937195,-23,-7,-7,6,10,22,18,0,8,7,-18,-23,-11,-3,sil
16.80013155937195,-10,-8,0,10,9,19,23,5,27,18,-6,-5,0,7,sil
16.8162202835083,-10,-15,-2,0,-1,6,16,0,27,19,-12,-6,-1,1,sil
16.8162202835083,-9,-19,-14,-19,-14,-6,1,-2,16,5,-17,-13,-9,-2,sil
16.831345796585083,11,-3,0,-14,-5,-5,0,1,13,-1,0,2,0,7,sil
16.831345796585083,15,0,2,5,0,-3,4,0,16,6,3,14,8,10,sil
16.84738850593567,0,-13,-1,-1,-7,-5,1,-4,9,5,-9,1,0,4,sil
16.84738850593567,1,-10,8,-12,-6,-3,2,0,1,0,-4,-1,0,6,sil
16.863356590270996,7,7,2,-2,0,-10,0,2,2,0,8,9,13,8,sil
16.863356590270996,4,13,1,-1,0,-16,-13,2,0,-1,12,15,16,2,sil
16.87899899482727,3,7,0,-7,0,-9,-10,2,0,-2,16,6,11,0,sil
16.87899899482727,-1,0,-7,-11,0,-8,-7,-1,1,-2,14,0,4,-3,sil
16.895082235336304,-4,0,-4,-21,-1,-11,-15,0,-4,-11,5,2,0,-13,sil
16.895082235336304,2,4,-1,-17,0,-9,-13,0,2,-8,15,11,9,-10,sil
16.91115403175354,8,7,6,-3,-1,-8,-15,0,9,-1,32,16,20,0,sorry
16.91115403175354,12,6,3,1,-4,-9,-26,0,-3,-2,26,14,11,0,sorry
16.92724633216858,12,6,5,5,-3,-9,-17,0,-15,-4,11,11,-1,2,sorry
16.92724633216858,6,15,15,11,1,-2,1,-1,-11,-5,4,11,-4,2,sorry
16.94308829307556,5,13,3,9,2,1,5,-3,-17,-14,0,1,-13,-7,sorry
16.94308829307556,3,4,3,5,0,-3,0,-3,-32,-23,-13,-11,-27,-12,sorry
16.95840549468994,-2,6,3,9,8,0,7,-2,-20,-12,-24,-14,-25,-5,sorry
16.95840549468994,-4,4,-6,10,13,17,18,0,-3,0,-21,-13,-17,0,sorry
16.97409200668335,-9,-6,-2,3,3,26,18,3,-16,-6,-22,-17,-27,-8,sorry
16.97409200668335,-25,-11,-8,5,0,19,11,0,-15,-6,-26,-22,-27,-15,sorry
16.989290237426758,-22,-9,-8,11,0,15,5,0,6,9,-15,-14,-6,-4,sorry
16.989290237426758,-9,-10,-5,15,0,20,5,3,11,19,-4,-10,0,3,sorry
17.004629850387573,-7,-14,-8,17,6,22,12,-1,7,20,-11,-18,-4,0,sorry
17.004629850387573,-4,-11,6,11,12,19,19,-2,20,22,-7,-10,9,4,sorry
17.02065682411194,0,-7,1,0,0,5,17,5,31,23,3,6,24,13,sorry
17.02065682411194,1,-9,-3,-7,-7,-8,12,3,16,11,-2,5,16,11,sorry
17.03639030456543,-2,-11,1,-12,-3,-5,13,-1,7,8,-10,-2,4,6,sorry
17.03639030456543,-1,-10,-8,-16,-8,-3,8,-1,18,20,-1,1,8,9,sorry
17.05219316482544,11,1,3,-9,-9,-14,-9,2,19,14,9,19,22,22,sorry
17.05219316482544,20,11,9,0,-1,-22,-22,0,4,-6,20,26,23,22,sorry
17.068150281906128,14,4,2,-8,-4,-18,-24,-1,-6,-21,18,15,11,2,sorry
17.068590879440308,15,3,1,-11,-9,-15,-20,3,-3,-20,13,13,9,0,sorry
17.083380222320557,22,16,2,0,-2,-20,-16,2,0,-3,25,24,18,13,sorry
17.083380222320557,14,17,8,0,-1,-20,-28,-3,-13,-5,26,21,8,1,sorry
17.09930181503296,-2,2,-3,-13,-5,-13,-32,-3,-31,-34,5,2,-11,-23,sorry
17.09930181503296,-10,-4,-12,-22,-6,-10,-21,-4,-34,-44,0,-7,-16,-27,sorry
17.114778995513916,-10,2,2,-10,-5,-9,-14,-5,-28,-25,5,-2,-11,-19,sorry
17.114778995513916,-9,9,7,11,7,-3,-6,0,-20,-9,0,-5,-13,-19,sorry
17.13048243522644,-10,13,5,21,17,12,11,2,-14,-4,-9,-16,-17,-17,sorry
17.13048243522644,-12,9,-3,18,11,27,26,1,0,9,-7,-18,-10,-7,sorry
17.146020889282227,-8,2,0,22,8,25,23,1,13,22,-10,-15,-2,3,sorry
17.146020889282227,-6,2,0,21,12,21,21,4,14,25,-14,-15,-4,6,sorry
17.161174297332764,-12,0,-14,0,4,21,27,1,25,27,-9,-14,0,5,sorry
17.161174297332764,-11,-12,-3,-17,0,14,20,1,49,36,0,-7,9,1,sorry
17.17725944519043,-2,-17,0,-15,6,13,9,2,52,42,0,-6,4,0,sorry
17.17725944519043,-4,-19,-13,-19,0,18,13,0,15,16,-17,-12,-13,-1,sorry
17.192882776260376,-7,-23,-8,-30,-15,1,17,-2,-9,-10,-22,-11,-9,0,sorry
17.192882776260376,14,-15,2,-11,-16,-31,3,0,3,-6,1,5,11,8,sorry
17.208346605300903,33,7,23,4,-8,-33,-15,4,2,-15,13,28,7,13,sorry
17.208346605300903,23,14,17,2,0,-15,-23,3,-24,-31,8,27,-7,3,sorry
17.224364757537842,9,9,8,15,7,-7,-21,-4,-31,-19,11,16,-7,-1,sorry
17.224364757537842,5,16,23,30,10,0,-11,0,-22,-5,9,17,-3,4,sorry
17.24009680747986,1,8,7,17,3,4,0,2,-18,-6,2,9,0,10,sorry
17.24009680747986,-2,-4,-3,1,2,4,4,-6,-16,-6,0,-5,0,7,sorry
17.255131721496582,-9,-4,-4,7,3,11,11,-7,-5,0,-11,-14,-4,1,sorry
17.255131721496582,-21,-12,-20,4,-2,11,10,-2,1,1,-18,-23,-7,0,sorry
17.27028226852417,-24,-18,-19,-20,-13,6,-2,1,0,0,-16,-24,-1,-3,sorry
17.27028226852417,-14,-5,-14,-23,-17,0,0,2,8,7,-15,-13,4,-4,sorry
17.285326957702637,-4,-1,-7,-6,-13,-9,9,-1,21,19,-9,-4,10,5,sorry
17.285326957702637,4,-6,-3,-4,0,-8,0,0,31,17,7,4,21,12,sorry
17.30109930038452,16,4,-7,-6,11,-5,-12,0,27,7,24,21,23,7,sorry
17.30109930038452,18,16,1,2,4,-12,-24,0,0,-13,22,24,9,-3,sorry
17.316362857818604,14,14,8,6,0,-12,-25,0,-20,-34,11,13,0,-14,sorry
17.316362857818604,16,19,16,4,8,-9,-12,0,-10,-23,23,17,9,-11,sorry
17.332420349121094,8,20,14,14,8,-7,-8,3,-3,0,30,21,11,-7,sorry
17.332420349121094,-3,10,1,23,0,0,-11,0,-19,-8,0,3,-8,-17,sorry
17.34843373298645,-1,13,5,17,9,11,1,0,-25,-25,-10,-3,-18,-19,sorry
17.34843373298645,4,17,6,12,18,9,18,5,-2,3,17,6,0,1,sorry
17.36401343345642,0,1,8,9,5,4,7,0,5,37,14,2,9,13,sorry
17.36401343345642,-8,-12,4,0,-13,7,-7,-9,-12,19,-24,-19,-12,-2,sorry
17.379315614700317,-11,-14,-9,-3,-11,12,3,-3,-14,0,-24,-24,-18,-4,sorry
17.379315614700317,0,-4,3,3,2,16,21,8,6,19,3,-5,5,20,sorry
17.39474129676819,0,-9,-1,0,1,13,23,8,19,38,0,-7,5,24,sorry
17.39474129676819,-25,-32,-20,-26,-9,2,9,2,13,17,-30,-34,-20,-4,sorry
17.41007161140442,-32,-30,-17,-41,-9,2,7,-3,5,-2,-40,-34,-26,-16,sorry
17.41007161140442,-16,-16,-14,-27,-5,3,16,-9,14,-1,-28,-13,-12,-3,sorry
17.426190614700317,-7,-14,-4,-19,-8,-5,3,0,16,-3,-16,-5,-1,1,sil
17.426190614700317,-6,-12,-4,-26,-14,-16,-8,10,7,-14,-7,-4,0,-4,sil
17.442325830459595,-1,-6,-6,-28,-13,-22,-7,0,7,-19,0,5,0,-5,sil
17.442325830459595,12,4,7,-12,-1,-17,-6,-5,13,-12,16,21,6,0,sil
17.45898962020874,26,23,11,16,13,-6,-6,4,3,-7,34,30,16,7,sil
17.45898962020874,24,33,16,31,15,-2,-7,5,-17,-20,41,30,11,4,sil
17.47350263595581,17,22,9,22,10,-6,-17,-3,-27,-24,30,19,3,2,sil
17.47350263595581,16,12,5,22,10,-1,-15,-6,-21,-5,10,6,-1,4,sil
17.48917555809021,9,15,13,40,17,20,10,0,-3,8,-3,3,-4,6,sil
17.503318071365356,0,10,4,35,20,32,25,2,10,15,-4,0,6,12,sil
17.503318071365356,-6,-4,0,10,7,18,15,0,12,21,-2,-9,14,14,sil
17.521334886550903,-2,-15,-4,1,-9,1,6,0,13,18,-7,-7,7,9,sil
17.521334886550903,1,-17,-7,-2,-15,-3,4,0,13,9,-22,0,0,6,sil
17.521334886550903,-2,-9,-2,-19,-18,-5,0,-1,8,3,-26,-2,0,-2,sil
17.53606081008911,-8,-4,-15,-26,-18,-11,-5,-7,5,0,-4,-3,4,-14,sil
17.53606081008911,-5,0,-7,-17,-11,-17,-11,-8,-8,-10,9,8,2,-18,sil
17.549986839294434,-7,9,1,-11,-2,-13,-11,0,-28,-20,6,11,-5,-24,sil
17.56563115119934,-17,12,-11,-12,1,-10,-16,0,-33,-22,0,-2,-13,-29,sil
17.56563115119934,-11,6,-2,-4,0,-10,-33,-3,-32,-23,3,-8,-15,-24,sil
17.581557035446167,3,5,15,21,6,0,-27,0,-20,-7,20,0,0,-8,sil
17.581557035446167,10,10,20,33,19,13,0,4,-8,13,22,2,12,8,sil
17.596431732177734,2,3,4,20,17,11,10,2,-9,17,-3,-8,2,10,sil
17.596431732177734,-3,-8,-4,12,0,14,17,0,-1,18,-20,-20,-5,5,sil
17.61247944831848,0,-12,9,4,0,24,29,7,26,22,-14,-14,0,13,sil
17.61247944831848,4,-16,-4,-10,1,12,29,9,41,16,-10,-9,1,20,sil
17.62807536125183,0,-23,-12,-28,-9,-6,11,4,34,7,-9,-8,1,13,sil
17.62807536125183,0,-18,-3,-33,-12,-5,6,8,33,17,-3,0,12,11,sil
17.643445253372192,12,-1,-4,-16,-1,-6,7,4,39,20,13,22,23,16,sil
17.643445253372192,16,11,1,-4,-3,-20,-8,-5,16,-13,24,27,6,4,sil
17.65945792198181,0,10,-6,-8,-8,-18,-21,-5,-20,-39,9,5,-18,-12,sil
17.65945792198181,-1,12,-2,7,2,1,-8,0,-26,-18,0,1,-15,-6,sil
17.67499804496765,4,19,11,33,13,12,5,0,-12,0,8,8,-4,1,sil
17.67499804496765,-10,4,-3,26,8,7,10,-5,-12,-9,0,-13,-15,-8,sil
17.690129280090332,-21,-4,-6,5,4,13,12,-1,-12,-7,-21,-28,-18,-10,sil
17.690129280090332,-12,-4,-6,-2,0,8,5,1,-6,9,-22,-13,-5,2,sil
17.706141471862793,-8,-17,-7,-22,-20,-18,-17,-9,-13,1,-14,-4,0,1,sil
17.706141471862793,-4,-13,2,-31,-29,-25,-29,-13,-15,-9,-4,2,5,-4,sil
17.721343755722046,11,12,5,-11,-7,-13,-22,0,-6,-7,12,18,14,-1,sil
17.721343755722046,17,24,10,6,10,-8,-23,7,-13,-12,20,21,7,-2,sil
17.737300872802734,5,16,7,13,13,0,-17,4,-22,-16,12,11,-2,-8,sil
17.737300872802734,-1,4,5,14,17,15,6,0,-14,-5,-1,2,-4,-5,sil
17.752482175827026,-1,-5,11,18,16,20,29,3,1,10,-10,-4,-2,-2,sil
17.752482175827026,0,-12,2,18,6,20,32,2,20,28,-5,-9,4,0,sil
17.767521619796753,0,-15,-3,-1,0,15,23,2,35,31,-5,-5,12,10,sil
17.767521619796753,-1,-16,-11,-21,-7,0,19,2,34,17,-10,-1,15,18,sil
17.783017873764038,-2,-9,-11,-17,-13,-15,5,-1,20,0,0,0,13,7,sil
17.783017873764038,0,4,2,-12,-9,-10,-14,-1,5,-16,2,6,2,-2,sil
17.79907250404358,0,6,1,-7,-4,-5,-19,0,0,-18,-2,10,-3,-2,sil
17.79907250404358,5,6,7,6,0,-3,-12,0,0,-8,10,11,0,-5,sil
17.81447196006775,17,14,7,16,9,2,-7,0,0,5,30,12,2,-3,sil
17.81447196006775,8,10,-2,14,14,6,-4,-2,-1,9,11,-3,-9,3,sil
17.830384492874146,-14,-6,-2,7,5,7,1,0,-12,1,-21,-29,-26,-5,sil
17.830384492874146,-17,-18,-12,-1,-2,5,14,0,-7,5,-20,-31,-21,-11,sil
17.84542155265808,0,-12,-6,-10,-7,-2,16,-1,7,18,-3,-8,1,8,sil
17.84542155265808,8,3,3,-7,-6,-7,2,0,6,11,7,10,18,17,sil
17.861380577087402,9,13,-1,0,0,-10,-9,2,-11,-12,17,16,11,-1,sil
17.861380577087402,2,13,2,1,0,-13,-19,0,-27,-25,11,3,-8,-14,sil
17.876399993896484,-12,5,-1,7,-3,-5,-14,1,-31,-19,-11,-19,-19,-14,sil
17.876399993896484,-18,0,-1,17,3,13,11,4,-21,-5,-18,-18,-10,-12,sil
17.892036199569702,-11,-3,-3,14,7,21,37,2,0,12,-6,-1,1,0,sil
17.892036199569702,-1,-7,-7,-9,-1,2,23,-6,18,22,3,3,13,16,sil
17.908045053482056,4,-4,4,-22,-2,-11,-8,-3,21,14,14,12,24,13,sil
17.923712730407715,14,9,9,1,1,-7,-16,2,19,8,25,32,29,8,sil
17.923712730407715,17,14,12,16,-2,-7,-19,-2,5,0,22,32,18,9,sil
17.923712730407715,0,0,5,-2,-5,-6,-27,-4,-16,-19,2,1,-5,-5,sil
17.938392400741577,-16,-14,-13,-7,-2,9,-11,0,-17,-19,-18,-21,-26,-13,sil
17.938392400741577,-11,-14,-5,0,-3,24,8,3,2,4,-26,-13,-19,9,sil
17.952459573745728,3,-11,0,-11,-7,8,9,0,12,11,-23,-1,-2,20,sil
17.968130826950073,10,-6,4,-26,-2,-13,1,-3,11,-9,-10,8,0,3,sil
17.968130826950073,12,4,7,-17,2,-14,-4,-2,9,-20,8,18,-3,-4,sil
17.984139680862427,9,13,1,6,3,-7,-3,0,0,-7,21,15,0,-3,sil
17.984139680862427,11,25,16,27,14,1,4,6,0,7,21,6,7,0,sil
18.001617431640625,8,20,13,34,23,14,13,7,6,11,4,-6,0,0,sil
18.001617431640625,-16,-11,-7,13,8,10,9,0,-5,-4,-27,-34,-24,-12,sil
18.001617431640625,-36,-32,-17,-15,-9,5,3,-9,-18,-13,-38,-47,-27,-24,sil
18.01530814170837,-20,-22,-22,-18,-11,2,6,-5,0,3,-21,-27,-7,-6,sil
18.0303852558136,0,-9,-8,-13,-15,-1,1,5,16,14,-7,-3,3,7,sil
18.0303852558136,1,-9,-7,-21,-16,-7,-6,6,8,1,0,0,10,-4,sil
18.04600739479065,5,-4,-9,-29,-7,-14,-8,-4,0,-7,5,5,16,-11,sil
18.04600739479065,11,10,2,-18,-6,-21,-10,-2,-3,-8,4,14,11,-3,sil
18.06113719940185,10,18,5,2,-5,-16,-13,2,-11,-7,14,16,1,0,sil
18.06113719940185,11,21,18,18,13,1,1,3,-13,-2,33,23,4,0,sil
18.08417534828186,13,24,15,27,23,15,20,2,-8,8,31,22,14,5,sil
18.08417534828186,4,14,2,29,11,12,10,-1,-12,8,14,8,8,11,sil
18.08417534828186,-4,2,10,31,8,14,4,0,-5,8,7,5,1,12,sil
18.092076778411865,-4,-1,2,28,15,21,19,2,15,25,7,7,12,17,sil
18.10734391212464,-6,-5,-5,7,9,15,11,0,12,28,-2,-6,8,16,sil
18.10734391212464,-9,-11,-7,-5,-6,0,-13,-1,-7,4,-19,-17,-12,4,sil
18.12299370765686,0,-8,-4,-1,-12,-12,-17,-2,-4,1,-14,-10,-6,7,sil
18.12299370765686,10,0,8,-4,-9,-15,-10,-1,12,10,4,3,15,14,sil
18.139013528823853,0,-9,-1,-23,-13,-18,-14,-2,16,-4,1,4,6,-2,sil
18.139013528823853,-8,-17,-7,-36,-17,-20,-19,-2,10,-23,-12,0,-16,-22,sil
18.15460133552552,-5,-1,0,-22,-3,-5,-7,3,2,-19,-1,2,-18,-23,sil
18.15460133552552,-10,6,0,-1,11,8,4,0,-8,-20,0,-4,-15,-22,sil
18.17026209831237,-18,1,-3,6,9,8,4,-3,-14,-23,-17,-20,-24,-22,sil
18.17026209831237,-4,1,0,15,7,12,14,0,-3,-2,-10,-15,-14,-9,sil
18.186343908309937,2,2,9,23,7,20,19,5,0,8,0,-4,-1,1,sil
18.186343908309937,-9,-6,0,9,0,13,12,1,-4,0,-21,-13,-10,0,sil
18.20179653167725,-5,-11,-13,-3,-10,2,11,-3,5,5,-23,-15,-3,3,sil
18.20179653167725,11,0,3,-7,-8,3,8,0,18,16,8,8,23,15,sil
18.21743035316468,10,-3,-2,-18,-4,-8,-6,0,9,3,19,21,27,19,sil
18.21743035316468,7,-8,-1,-26,-1,-22,-18,0,0,-12,3,16,10,14,sil
18.232456922531128,22,15,3,-1,7,-13,-14,0,-1,-6,12,20,10,12,sil
18.232456922531128,26,27,-2,17,13,-9,-13,0,-6,1,36,30,18,12,sil
18.24807977676392,9,13,11,5,1,-12,-15,3,-17,-7,22,19,8,1,sil
18.24807977676392,-2,4,4,8,-7,-2,0,0,-12,-7,-11,-7,-6,-10,sil
18.26316857337952,-3,5,1,20,-1,8,16,-3,-3,5,-17,-18,-8,-3,sil
18.26316857337952,-6,0,10,9,0,12,13,2,-4,13,-10,-12,-6,2,sil
18.27836465835572,-12,-10,-10,-5,-4,8,7,0,-5,13,-12,-16,-8,-5,sil
18.27836465835572,-11,-14,-15,-12,-1,6,12,-1,3,14,-15,-20,-10,-7,sil
18.294484853744507,-5,-16,-2,-19,-2,10,22,1,18,17,-12,-9,-3,2,sil
18.294484853744507,-1,-18,2,-21,-11,0,12,0,18,8,2,7,8,4,sil
18.31007194519043,3,-5,1,-16,-11,-10,-7,0,12,-2,24,22,17,0,sil
18.31007194519043,12,14,-4,-1,2,-6,-12,0,8,-5,26,24,13,2,sil
18.32520127296448,4,15,4,3,9,-6,-23,-5,-11,-19,11,9,-2,-10,sil
18.32520127296448,-14,-1,-1,-7,1,-20,-38,-3,-34,-32,7,-8,-12,-34,sil
18.341386318206787,-14,0,-2,-1,5,-16,-28,-1,-25,-20,11,-6,-7,-24,sil
18.341386318206787,0,15,9,22,19,3,-6,0,-8,-7,0,-1,-4,-1,sil
18.35743761062622,-6,8,-1,24,14,5,4,2,0,-4,-16,-18,-11,-4,sil
18.35743761062622,-18,-4,-1,12,4,9,12,10,9,4,-13,-22,-14,-5,sil
18.37264895439148,-8,1,3,19,3,21,14,11,17,12,-5,-7,-10,5,sil
18.37264895439148,0,1,-1,20,-3,13,4,-1,5,6,-19,-7,-13,5,sil
18.38726782798767,-3,-8,0,4,-4,10,15,-3,2,5,-24,-8,-10,3,sil
18.40299224853516,1,-6,-1,4,2,22,39,2,19,22,-4,0,8,19,sil
18.40299224853516,15,0,10,12,-3,19,30,0,15,27,0,-1,12,26,sil
18.403992414474487,14,-2,10,7,-10,5,10,-2,0,15,-3,0,6,12,sil
18.41815710067749,10,0,-5,-6,-2,-1,6,-2,8,12,7,17,18,12,sil
18.41815710067749,17,7,1,-11,0,-12,-8,0,13,9,17,21,30,20,sil
18.434507608413696,16,1,1,-6,-1,-24,-25,-3,0,-4,7,9,17,15,sil
18.434507608413696,3,-8,-9,-16,-6,-23,-23,-5,-6,-10,-6,8,4,2,sil
18.449113845825195,0,-9,-9,-32,-9,-17,-15,0,1,-5,-1,18,11,-1,sil
18.46424984931945,-1,-8,-8,-24,-9,-18,-13,1,0,-9,19,20,16,-2,sil
18.46424984931945,-4,-1,-2,-17,-8,-15,-13,0,-10,-13,19,10,-1,-10,sil
18.479453563690186,-2,2,-1,-21,-6,-10,-8,-2,-14,-13,-1,0,-18,-17,sil
18.479453563690186,-2,-1,0,-16,-3,-7,-8,-6,-20,-24,-1,-1,-15,-20,sil
18.49498200416565,-14,0,-2,-1,0,-1,-10,-1,-29,-29,8,-1,-15,-23,sil
18.49498200416565,-14,10,-2,4,11,7,-7,7,-22,-12,7,-3,-20,-20,sil
18.51097869873047,2,18,13,15,18,9,0,6,-8,-2,9,-1,-7,-12,sil
18.51097869873047,4,13,8,29,13,7,11,1,-1,-1,6,-10,0,-1,sil
18.526435375213623,-8,8,5,28,13,17,17,0,-3,2,-11,-20,-14,0,sil
18.526435375213623,-15,0,1,18,14,26,13,-4,-5,4,-27,-24,-26,-7,sil
18.54220962524414,-13,-16,-7,5,1,17,19,0,1,7,-26,-27,-17,-5,sil
18.54220962524414,-3,-15,2,1,-6,14,31,10,17,18,-12,-14,2,12,sil
18.55847406387329,3,0,0,13,0,13,24,2,26,18,-8,-3,11,18,sil
18.55847406387329,5,0,2,13,0,1,6,-6,19,7,-18,-8,3,12,sil
18.574024438858032,11,-1,2,0,-7,0,3,1,17,16,-11,-6,7,15,sil
18.574024438858032,11,0,-7,-5,-7,0,-1,1,19,20,4,3,16,13,sil
18.58909058570861,0,-1,2,-8,-8,-7,-17,-3,11,0,2,5,10,0,sil
18.58909058570861,-2,-7,0,-15,-12,-11,-15,-2,11,0,1,9,12,0,sil
18.60471105575561,6,-3,-2,-19,-8,-11,-4,0,16,18,11,19,20,9,sil
18.60471105575561,10,2,3,-12,-3,-11,0,1,11,14,22,21,19,7,sil
18.61973643302917,7,3,-3,-5,1,-11,-3,2,5,0,29,23,16,5,sil
18.61973643302917,5,0,-2,-13,0,-11,-17,-3,-2,-7,18,26,5,-1,sil
18.635413885116577,0,-2,-6,-18,-3,-16,-25,-6,-15,-15,3,17,-5,-16,sil
18.635413885116577,1,3,2,-2,2,-16,-14,-1,-23,-18,9,9,-5,-12,sil
18.651090383529663,10,20,16,15,11,-6,-12,4,-23,-15,20,12,-5,1,sil
18.651090383529663,9,17,0,20,7,-1,-18,0,-25,-16,13,4,-8,0,sil
18.66719365119934,-3,5,2,15,4,2,-12,0,-34,-24,-1,-8,-7,-6,sil
18.66719365119934,-13,0,0,11,6,12,4,4,-31,-18,-11,-13,-9,-1,sil
18.68234610557556,-10,-4,-11,8,3,14,13,1,-9,-2,-14,-14,-16,1,sil
18.68234610557556,-6,-3,1,8,2,16,17,0,6,1,-19,-16,-17,0,sil
18.69823837280273,-7,-6,0,12,5,22,24,-3,5,4,-23,-16,-13,-2,sil
18.69823837280273,-10,-12,-3,6,0,17,19,-5,-4,8,-21,-17,-14,-3,sil
18.71435022354126,-14,-14,-5,-6,-4,4,10,1,-4,5,-22,-22,-16,-7,sil
18.71435022354126,-14,-17,-16,-21,-10,-4,11,1,6,0,-25,-28,-15,-10,sil
18.730186939239506,-10,-17,-8,-24,-17,0,14,0,18,3,-22,-21,-6,-4,sil
18.730186939239506,-7,-10,-4,-6,-12,4,17,-3,29,16,-6,-9,13,6,sil
18.74628043174744,0,-1,0,4,-1,0,11,-1,35,23,7,-2,23,11,sil
18.74628043174744,7,2,0,-1,-1,0,-1,7,31,15,10,0,14,6,sil
18.76196265220642,12,5,-3,-5,-1,2,-7,5,19,9,15,12,18,2,sil
18.76196265220642,17,13,16,1,5,-1,-7,0,9,16,31,28,31,9,sil
18.7775354385376,23,19,20,9,11,-11,-4,0,10,14,38,33,32,15,sil
18.7775354385376,20,16,9,10,8,-17,-4,0,10,0,27,30,21,12,sil
18.7931764125824,14,9,0,-7,0,-20,-16,2,1,-9,20,25,11,2,sil
18.7931764125824,7,6,-4,-22,0,-17,-26,0,-16,-15,12,13,0,-6,sil
18.808424949646,0,11,7,-9,2,-3,-18,-4,-34,-26,0,3,-11,-12,sil
18.808424949646,-1,8,2,2,2,-3,-12,-5,-37,-25,-1,5,-16,-13,sil
18.8235867023468,-6,-4,-1,-6,0,-12,-26,-1,-33,-20,-4,3,-19,-15,sil
18.8235867023468,-12,-4,-1,-7,0,-5,-25,0,-22,-22,-13,-10,-22,-17,sil
18.839519739151,-1,0,0,11,-3,9,0,0,-5,-8,-11,-11,-18,-4,sil
18.839519739151,6,0,13,26,0,19,16,1,-4,4,-7,0,-14,7,sil
18.85531520843506,-1,1,5,25,12,22,20,-1,-12,-1,-14,-13,-15,6,sil
18.85531520843506,-5,0,-1,15,8,18,21,-4,-7,-3,-23,-27,-13,0,sil
18.87043023109436,2,-3,3,15,0,17,28,0,12,9,-20,-12,0,5,sorry
18.87043023109436,0,-7,-7,19,3,20,36,0,20,17,-9,-2,8,12,sorry
18.88644766807556,-13,-14,-11,7,1,11,25,1,8,14,-8,-14,-2,1,sorry
18.88644766807556,-17,-23,-19,-11,-7,-6,7,1,8,20,-15,-15,-6,-3,sorry
18.90197515487671,-15,-21,-18,-17,-8,-11,-1,-1,22,21,-9,-2,6,5,sorry
18.90197515487671,-13,-14,-8,-18,-6,-4,-6,1,22,11,1,0,13,2,sorry
18.91749691963196,-11,-17,-16,-31,-16,-15,-10,2,11,4,8,-1,7,-7,sorry
18.91749691963196,-9,-13,-8,-40,-26,-22,-19,-3,3,0,12,7,7,-3,sorry
18.93304204940796,0,2,-1,-22,-13,-12,-26,-4,1,-3,14,14,14,2,sorry
18.93304204940796,17,20,6,-1,2,-13,-21,1,4,0,17,12,18,6,sorry
18.94836449623108,29,30,25,1,6,-11,-9,6,9,7,28,26,24,12,sorry
18.94836449623108,27,27,21,10,7,3,-4,0,4,4,33,35,26,17,sorry
18.964385747909542,17,16,13,14,11,9,-6,-1,-9,-2,18,14,5,7,sorry
18.964385747909542,3,8,5,7,14,8,7,10,-10,-9,-1,-7,-16,-14,sorry
18.98012566566468,-2,5,7,11,14,9,16,6,0,-12,-5,-6,-16,-19,sorry
18.98012566566468,-3,1,11,16,6,6,2,-4,-5,-8,0,-7,-10,-9,sorry
18.9951560497284,-14,-5,-8,7,5,4,1,-4,-19,-7,-12,-26,-23,-15,sorry
18.9951560497284,-26,-8,-7,3,8,13,12,0,-23,-17,-29,-38,-35,-21,sorry
19.011260986328125,-15,-5,-3,10,-2,11,16,-2,-14,-16,-29,-30,-21,-6,sorry
19.011260986328125,5,-4,-5,7,-15,-1,16,-3,0,-10,-16,-7,5,15,sorry
19.027292490005493,10,-7,-1,-4,-10,-5,2,-1,4,-7,-5,9,12,23,sorry
19.027292490005493,5,-12,-10,-13,-4,-12,-19,-4,1,2,0,9,4,12,sorry
19.04301786422729,14,4,0,-9,-7,-26,-27,-2,0,4,7,15,7,0,sorry
19.04301786422729,28,24,12,5,-7,-22,-19,3,-5,-10,21,30,16,0,sorry
19.058434009552,14,9,0,8,3,-5,-15,0,-15,-17,24,22,10,1,sorry
19.058434009552,-13,-3,-3,1,9,6,-9,-3,-21,-6,1,0,-6,-9,sorry
19.07456874847412,-20,0,-3,9,7,18,9,-3,-9,7,-17,-18,-16,-16,sorry
19.07456874847412,-7,-3,0,22,12,25,26,0,12,24,-8,-22,-2,-6,sorry
19.091190814971924,0,-12,-2,7,15,19,30,9,38,44,9,-14,17,7,sorry
19.091190814971924,0,-12,-6,-15,2,2,16,7,42,41,4,0,18,16,sorry
19.105228662490845,0,-9,0,-24,-5,-5,-4,-3,22,12,-6,10,7,8,sorry
19.105228662490845,-3,-2,-8,-24,-2,-12,-14,-2,7,-3,7,13,4,-8,sorry
19.11957740783692,0,12,-1,-19,0,-14,-15,5,-2,1,19,13,0,-9,sorry
19.120577335357662,1,16,8,-1,0,0,-3,7,-16,0,6,10,-10,-1,sorry
19.13541841506958,-9,0,-2,11,-2,9,6,0,-18,-17,-14,-6,-27,-7,sorry
19.15127992630005,-19,-4,4,7,-2,14,7,0,-4,-19,-25,-17,-27,-10,sorry
19.15228009223938,-10,-4,3,3,-4,13,15,-1,15,12,-16,-6,-4,10,sorry
19.15228009223938,0,-15,2,0,-17,0,17,-2,20,22,-6,5,8,24,sorry
19.169574737548828,1,-25,-1,-10,-24,-12,5,-1,10,-4,-7,4,9,17,sorry
19.169574737548828,10,-14,-5,-9,-12,-13,-1,-2,6,-10,0,14,19,20,sorry
19.18418550491333,27,9,18,0,0,-9,-9,1,4,0,24,37,25,24,sorry
19.18418550491333,23,14,12,1,-2,-11,-20,0,-5,-8,26,31,17,1,sorry
19.20040202140808,-2,0,-10,-13,-5,-16,-26,-8,-19,-32,1,0,0,-25,sorry
19.20040202140808,-8,5,-6,-16,0,-8,-24,-1,-17,-36,-2,-3,-11,-27,sorry
19.21502661705017,8,22,0,9,10,0,-9,6,-6,-11,21,7,-2,-8,sorry
19.2292058467865,7,21,8,27,18,3,0,0,-16,0,16,-4,-6,-4,sorry
19.2292058467865,-6,11,0,27,23,14,6,-6,-31,-12,-11,-31,-20,-15,sorry
19.244683027267456,-11,5,-6,25,23,24,15,-2,-15,-3,-7,-39,-12,-11,sorry
19.244683027267456,-16,0,-6,12,11,22,16,0,4,21,-4,-36,-4,-1,sorry
19.259862184524536,-25,-14,-21,-11,-4,7,4,-3,-1,18,-32,-44,-16,-11,sorry
19.259862184524536,-17,-18,-15,-15,-4,0,1,0,-7,3,-31,-37,-13,-17,sorry
19.27590131759644,4,-6,0,7,3,6,16,10,9,8,0,-8,5,1,sorry
19.27590131759644,14,-4,2,3,1,2,16,2,20,13,2,6,12,14,sorry
19.29136848449707,6,-13,1,-32,-9,-12,0,-3,13,11,0,3,10,4,sorry
19.29136848449707,3,-7,-6,-33,-10,-17,-4,1,5,1,6,9,11,3,sorry
19.307494640350345,10,6,4,-2,-4,-17,-11,5,-4,-23,0,18,5,4,sorry
19.307494640350345,12,8,12,4,-2,-17,-23,2,-13,-30,0,19,-3,-6,sorry
19.32306718826294,9,9,11,1,0,-7,-19,0,-9,-3,20,27,2,-1,sorry
19.32306718826294,8,22,18,18,4,9,-3,-1,-1,13,32,32,12,14,sorry
19.339199781417847,4,18,7,36,12,17,7,-9,3,17,20,16,1,14,sorry
19.339199781417847,-1,0,7,26,12,17,15,-3,9,22,0,5,-14,10,sorry
19.3543348312378,-9,-12,1,0,0,10,16,6,12,20,-16,4,-9,5,sorry
19.3543348312378,-11,-17,-8,-13,-18,-3,4,-1,6,11,-18,4,6,0,sorry
19.369893074035645,0,-8,4,-11,-21,-4,-4,-5,11,10,-2,12,16,6,sorry
19.369893074035645,7,0,2,-6,-9,2,0,4,29,18,13,14,18,17,sorry
19.385218620300293,6,-3,-4,-8,-2,0,4,5,29,9,7,7,14,14,sorry
19.385218620300293,3,-7,-5,-10,-7,-2,1,0,19,-10,-6,6,10,6,sorry
19.4003975391388,0,-6,-10,-17,-9,-5,-9,-3,12,-20,-4,4,5,0,sil
19.4003975391388,-5,0,-1,-19,0,-11,-13,-2,-5,-20,0,0,-2,-9,sil
19.41638255119324,-2,9,-3,-2,6,-16,-3,-2,-29,-22,-3,-5,-10,-13,sil
19.41638255119324,3,11,0,10,9,-10,-5,-1,-35,-30,-5,-10,-19,-14,sil
19.43108701705933,-1,8,0,7,12,1,-6,2,-22,-24,0,-18,-24,-18,sil
19.43108701705933,-10,8,-8,8,19,7,4,3,-9,-9,2,-19,-13,-17,sil
19.446234703063965,-5,16,8,19,22,9,1,2,-12,-10,-1,-16,-4,-11,sil
19.446234703063965,-7,6,5,19,10,10,-1,0,-20,-11,-15,-25,-18,-9,sil
19.461820602416992,-15,-17,-13,-1,-3,11,14,0,-9,11,-19,-25,-22,-4,sil
19.461820602416992,-6,-18,-9,-11,-4,19,34,3,13,35,-3,-4,1,7,sil
19.477378129959103,-1,-11,-4,-1,-8,11,25,2,15,31,0,-4,9,7,sil
19.477378129959103,-12,-24,-6,-7,-22,-8,0,-1,-4,10,-13,-23,-6,-4,sil
19.492521286010746,-5,-27,-12,-24,-19,-13,-1,-3,-2,8,-8,-12,1,0,sil
19.492521286010746,14,-3,1,-21,-2,-6,2,-4,12,8,12,10,16,13,sil
19.50727128982544,15,10,11,-7,0,-5,-12,0,6,-10,11,10,5,2,sil
19.50727128982544,8,8,4,-3,-2,-9,-21,3,6,-17,14,13,7,-5,sil
19.522425651550293,10,16,11,-5,3,-9,-15,3,14,-2,33,27,24,-2,sil
19.522425651550293,0,18,10,-3,5,-10,-20,1,-2,-2,21,17,9,-5,sil
19.54009413719177,-11,5,3,6,-2,-9,-30,-4,-29,-22,-10,-3,-17,-11,sil
19.54009413719177,0,6,6,25,0,2,-11,-3,-22,-14,-10,0,-12,0,sil
19.55430269241333,13,12,5,34,9,18,20,2,0,13,2,12,6,17,sil
19.55430269241333,5,7,9,26,9,19,25,3,5,19,-3,7,10,21,sil
19.56996440887451,7,0,1,19,4,3,11,-3,4,11,-8,1,5,15,sil
19.56996440887451,19,0,0,16,4,0,2,-7,10,14,-9,1,1,19,sil
19.585394859313965,4,-4,4,2,1,3,0,-2,14,14,-10,-2,4,16,sil
19.585394859313965,-12,-9,-13,-16,-2,-6,-3,-2,14,0,4,0,15,0,sil
19.601762056350708,0,-5,-10,-27,-2,-9,-8,0,10,-9,17,14,16,-6,sil
19.61642026901245,9,5,-2,-13,4,2,-1,6,0,-4,13,12,3,-2,sil
19.61642026901245,0,12,1,2,8,0,6,3,-8,-6,10,2,-11,-8,sil
19.61642026901245,-12,5,5,3,0,-3,0,0,-12,-23,-4,-7,-21,-21,sil
19.63041520118713,-20,-12,-8,1,-4,11,10,0,-1,-8,-23,-21,-17,-17,sil
19.6474666595459,-18,-13,1,1,1,21,28,3,15,26,-16,-15,-5,3,sil
19.6474666595459,-7,-6,7,-2,-1,5,18,6,17,26,-7,-2,-3,10,sil
19.66206789016724,5,-12,-8,-9,-11,-14,-2,0,11,2,-7,0,0,1,sil
19.66206789016724,7,-11,-2,-20,-8,-18,-12,-1,5,-4,3,6,10,0,sil
19.67720913887024,0,-2,-8,-25,-7,-19,-25,-3,-4,-10,11,8,3,-5,sil
19.67720913887024,7,6,-4,-7,-14,-22,-40,-6,-19,-22,14,7,-2,-13,sil
19.69241714477539,23,21,11,16,-1,-5,-21,0,-18,-9,29,22,14,0,sil
19.69241714477539,7,21,3,15,17,8,3,0,-19,-5,19,8,9,3,sil
19.70751690864563,-9,7,1,6,17,11,8,0,-25,-15,-12,-23,-12,-10,sil
19.70751690864563,2,5,2,19,10,18,20,2,-7,11,-3,-18,0,0,sil
19.722968101501465,8,2,4,28,8,22,31,3,11,36,10,0,9,20,sil
19.722968101501465,-7,-12,3,6,2,17,24,3,13,18,-15,-12,-11,7,sil
19.73820185661316,-26,-24,-12,-20,-7,8,22,3,21,5,-39,-33,-26,-7,sil
19.73820185661316,-32,-28,-14,-33,-20,-2,18,3,29,6,-32,-32,-20,-8,sil
19.75356769561768,-19,-26,-13,-35,-25,-14,-1,1,25,0,-17,-12,-8,-9,sil
19.75356769561768,-1,-7,-3,-27,-14,-20,-22,-4,11,-12,-10,8,-4,-9,sil
19.76924085617065,4,7,3,-5,-5,-19,-28,-9,-17,-36,-12,10,-9,-8,sil
19.76924085617065,10,7,-2,4,-2,-15,-29,-8,-43,-50,-1,9,-20,-3,sil
19.78448486328125,19,15,11,2,5,-7,-24,-2,-43,-33,22,23,-23,2,sil
19.78448486328125,16,24,14,19,15,0,-16,0,-31,-5,29,27,19,1,sil
19.800025463104248,8,21,11,37,18,0,-17,0,-26,0,17,9,65,-2,sil
19.800025463104248,4,15,11,29,15,4,-9,1,-16,0,8,-3,32,-3,sil
19.81519842147827,0,0,-3,17,7,17,16,0,4,20,7,-5,-9,7,sil
19.81519842147827,-5,-13,0,12,4,28,34,2,28,48,6,0,11,25,sil
19.83033227920532,-3,-8,1,2,5,21,29,7,43,50,1,4,26,26,sil
19.83033227920532,4,-2,-2,-2,-3,7,18,3,42,34,0,1,11,15,sil
19.845848083496094,10,0,1,-6,-8,0,8,0,32,26,11,6,18,17,sil
19.861019372940063,9,1,-6,-15,-4,-15,-4,-2,30,17,16,18,23,18,sil
19.861019372940063,9,4,-3,-19,-5,-28,-16,0,16,-9,10,24,5,-1,sil
19.861019372940063,12,10,2,-9,-6,-15,-11,0,-9,-27,11,15,-12,-15,sil
19.876149892807007,6,13,8,-2,-4,-3,-5,-8,-22,-27,8,2,-23,-19,sil
19.87715005874633,-5,13,11,1,-3,-9,-11,-6,-23,-30,-2,-5,-27,-23,sil
19.89142107963562,-9,8,-2,10,5,-3,-8,5,-20,-19,-7,-13,-26,-17,sil
19.908077478408813,-8,-4,-2,10,10,16,7,6,-14,0,-18,-26,-21,-9,sil
19.908077478408813,-13,-18,-6,3,0,22,21,0,-3,9,-33,-29,-10,-4,sil
19.92452335357666,-16,-23,-11,0,1,17,22,0,3,11,-31,-20,-3,11,sil
19.92452335357666,-15,-25,-3,-7,4,9,10,2,6,14,-25,-18,-4,15,sil
19.92452335357666,-7,-25,-16,-12,-5,-4,0,-1,7,8,-20,-19,-1,5,sil
19.93920850753784,5,-10,-6,-11,-6,-5,0,0,8,-7,-5,0,2,4,sil
19.954306602478027,6,0,1,-13,-2,-2,-6,3,3,-16,5,13,0,-6,sil
19.954306602478027,0,0,-8,-18,-9,-19,-21,-5,-9,-24,9,5,-1,-28,sil
19.9698965549469,1,7,1,-7,-7,-20,-21,-8,-20,-29,18,12,2,-17,sil
19.9698965549469,3,13,4,5,0,-3,-8,-4,-16,-19,22,18,2,-2,sil
19.98504376411438,-1,12,2,4,1,-1,-7,0,-13,-10,13,5,-2,-10,sil
19.98504376411438,-3,15,6,7,3,-1,-8,10,-14,-8,8,0,-3,-7,sil
20.00026559829712,-3,11,6,23,6,9,6,5,-7,5,9,8,5,10,sil
20.00026559829712,-3,4,10,27,7,23,23,0,3,25,4,3,11,18,sil
20.01591920852661,1,1,5,17,13,21,29,1,12,32,-5,-8,4,19,sil
20.01591920852661,11,0,5,7,9,6,20,0,18,28,-10,-4,2,20,sil
20.03139615058899,12,0,5,0,0,-1,9,0,28,29,-2,5,15,18,sil
20.03139615058899,6,-4,-3,-7,0,-11,3,1,39,30,6,5,23,18,sil
20.04742980003357,4,-8,0,-19,-6,-18,-9,1,29,15,5,9,14,11,sil
20.04742980003357,5,-5,-10,-23,-17,-18,-25,-4,2,-5,-1,11,3,-4,sil
20.063048362731934,2,0,-7,-19,-7,-20,-27,-5,-16,-23,0,8,0,-16,sil
20.063048362731934,0,5,3,-11,1,-12,-18,0,-22,-27,7,7,-6,-17,sil
20.0860493183136,-3,4,-9,-1,-5,5,-14,-2,-27,-21,3,-8,-16,-22,sil
20.0860493183136,-11,5,-3,10,0,10,-7,-5,-28,-21,-11,-25,-20,-26,sil
20.0860493183136,-7,9,6,22,14,10,5,2,-15,-15,-12,-14,-15,-10,sil
20.09507727622986,-2,3,6,22,9,19,12,6,-2,2,0,-3,-8,7,sil
20.111063957214355,-4,-4,2,14,1,25,15,2,2,11,2,-11,-3,9,sil
20.111063957214355,-4,-7,-5,12,4,18,22,1,6,8,-2,-14,5,8,sil
20.12642359733581,-2,-12,3,-2,-4,7,14,1,3,3,-8,-3,5,10,sil
20.12642359733581,0,-15,2,-24,-17,-3,1,-3,7,0,-11,0,0,11,sil
20.14197587966919,10,-6,-2,-25,-12,-12,5,-4,19,-1,-9,0,5,10,sil
20.14197587966919,13,-3,-2,-13,-2,-12,5,0,19,1,-3,5,10,0,sil
20.15749955177307,0,-6,-11,-10,0,-16,-13,0,4,1,4,14,1,-5,sil
20.15749955177307,0,5,-3,-11,-2,-21,-30,0,-6,-10,13,16,0,-7,sil
20.173518896102905,6,20,1,0,0,-17,-24,2,-16,-19,15,6,-2,-18,sil
20.173518896102905,0,17,5,20,10,1,-8,-1,-25,-15,3,-4,-20,-19,sil
20.18940734863281,-10,9,10,30,22,22,8,0,-18,0,-3,-10,-22,-5,sil
20.18940734863281,-7,0,-2,16,16,23,26,4,2,17,3,-11,1,5,sil
20.20443105697632,-3,-8,0,1,5,12,28,5,20,28,6,-3,18,16,sil
20.20443105697632,1,-6,0,3,0,1,14,1,28,29,0,4,18,22,sil
20.220372438430783,9,-2,0,-2,-8,-12,-6,-6,18,12,0,10,10,11,sil
20.220372438430783,13,5,10,-18,-13,-19,-24,0,-3,-13,10,21,-1,-5,sil
20.23605060577393,11,14,5,-2,1,-10,-16,4,-12,-14,23,22,-2,-3,sil
20.23605060577393,0,13,6,23,10,1,8,2,-9,3,14,9,0,4,sil
20.251550436019897,-12,0,0,18,3,9,19,4,1,12,-9,-4,-1,2,sil
20.251550436019897,-6,-15,-12,-5,-4,1,11,1,16,16,-19,-10,6,5,sil
20.267374515533447,0,-20,-3,-27,-13,-4,0,-4,17,10,-14,-3,15,13,sil
20.267374515533447,-2,-15,-8,-35,-20,-8,-2,-5,4,-9,-6,5,6,3,sil
20.28296995162964,1,1,-4,-23,-12,-13,-12,-3,-2,-23,1,8,0,-11,sil
20.28296995162964,2,12,2,0,1,-6,-18,-1,-3,-17,1,0,-4,-15,sil
20.29825139045716,-13,0,-11,10,8,11,-12,0,-15,-14,-8,-20,-18,-19,sil
20.29825139045716,-17,-1,-5,13,8,27,0,1,-26,-13,-13,-27,-26,-22,sil
20.313790321350098,-9,-2,0,18,6,28,15,-3,-17,0,-22,-27,-18,-14,sil
20.313790321350098,-14,-16,-4,3,4,16,21,-4,-3,6,-29,-33,-12,-2,sil
20.32979130744934,-7,-12,-4,-7,3,0,8,1,6,5,-11,-20,0,4,sil
20.32979130744934,14,4,0,0,-1,-14,-7,0,10,2,13,10,20,10,sil
20.345431089401245,15,3,9,-4,-8,-23,-15,-1,1,-2,23,21,24,7,sil
20.345431089401245,4,1,0,-15,-5,-23,-13,-1,0,0,27,16,15,2,sil
20.36123752593994,13,14,2,0,0,-17,-17,-1,1,0,24,23,9,3,sil
20.36123752593994,20,21,14,18,1,-4,-14,4,-6,-11,10,26,6,3,sil
20.37744164466858,7,13,7,16,2,1,0,2,-14,-19,3,11,0,0,sil
20.37744164466858,-2,10,12,4,5,1,4,0,-15,-10,0,1,-15,-8,sil
20.393006324768063,-2,7,7,6,4,9,0,0,-14,0,-2,-3,-23,-7,sil
20.393006324768063,0,3,5,16,3,20,4,2,-6,8,1,-4,-12,7,sil
20.40821957588196,4,0,11,16,5,22,14,0,1,18,2,0,-1,14,sil
20.40821957588196,0,-8,0,7,8,18,21,-1,10,26,-9,-2,-4,8,sil
20.42375087738037,-12,-19,-3,-10,0,10,21,4,24,26,-17,-10,-2,17,sil
20.42375087738037,-12,-21,-13,-23,-12,-3,14,4,30,24,-10,-7,11,20,sil
20.43976879119873,0,-16,-18,-22,-15,-12,6,-1,25,20,-3,0,20,8,sil
20.43976879119873,2,-12,-8,-18,-9,-10,3,4,27,9,-1,0,15,10,sil
20.455522775650024,-2,-13,-17,-23,-8,-19,-2,5,18,-11,-4,-2,0,5,sil
20.455522775650024,0,-2,-8,-22,0,-18,-10,-1,0,-27,-2,0,-3,-21,sil
20.47068500518799,9,12,2,-3,12,-1,-1,-1,8,-14,11,5,12,-22,sil
20.47068500518799,10,9,6,1,5,-3,-5,-2,13,0,21,16,20,-2,sil
20.4872522354126,2,6,11,-3,-6,-10,-18,-2,-6,-7,15,24,7,-1,sil
20.4872522354126,2,12,1,4,-3,-4,-13,0,-21,-16,8,16,0,-9,sil
20.50236439704895,0,10,2,9,0,-4,-14,-2,-28,-22,0,0,-9,-13,sil
20.50236439704895,-10,5,4,5,-2,-9,-20,-6,-35,-28,-7,-9,-21,-14,sil
20.518009185791016,-5,10,2,21,1,-2,-6,-2,-30,-17,-4,-10,-17,-4,sil
20.518009185791016,6,16,8,36,11,9,0,2,-24,-6,0,-5,-9,0,sil
20.534059524536133,0,9,-3,23,10,13,0,-3,-16,-8,-7,-10,-14,-11,sil
20.534059524536133,-20,-2,-8,2,6,16,1,-7,-11,-5,-16,-23,-20,-21,sil
20.549296140670776,-24,-9,-5,0,10,21,6,2,-10,6,-14,-29,-14,-20,sil
20.549296140670776,-10,-13,-6,9,10,16,9,3,0,18,-6,-18,-3,-6,sil
20.56539511680603,1,-3,7,12,2,8,15,0,19,27,-2,0,4,12,sil
20.56539511680603,8,0,4,11,1,9,19,3,28,33,0,5,14,26,sil
20.581292152404785,7,-12,-3,0,0,14,25,6,27,32,2,3,19,30,sil
20.581292152404785,-1,-21,-5,-18,-5,9,28,12,26,27,-2,0,15,25,sil
20.59746766090393,-5,-11,-3,-22,-7,-8,10,4,18,15,-11,-8,7,17,sil
20.59746766090393,7,0,4,-14,-13,-18,-12,-9,4,0,-3,-3,4,9,sil
20.612520456314087,18,0,3,-11,-16,-14,-8,-10,0,-8,10,15,3,9,sil
20.612520456314087,16,-3,4,-12,-9,-8,-1,0,7,-10,7,17,5,8,sil
20.62826657295227,11,0,3,-6,-7,-9,-8,0,8,-7,4,3,7,1,sil
20.62826657295227,10,2,0,-6,-6,-12,-14,-4,3,-2,15,12,7,4,sil
20.644059658050537,8,1,5,-22,-2,-12,-15,-3,-4,-10,16,25,6,3,sil
20.644059658050537,3,1,-4,-26,-4,-12,-12,-3,-12,-21,5,17,3,-5,sil
20.659128665924072,-2,8,-2,-9,-1,-11,-11,-1,-17,-20,13,16,2,-2,sil
20.659128665924072,-7,12,1,2,10,-4,-11,3,-14,-12,19,15,0,-4,sil
20.67464756965637,-12,7,-8,-1,7,-3,-9,4,-14,-9,3,-3,-11,-26,sil
20.67464756965637,-14,8,1,-3,-3,-6,-10,4,-19,-16,-10,-10,-25,-36,sil
20.69059491157532,-12,9,-2,7,4,-2,-9,1,-20,-22,-12,-4,-30,-30,sil
20.69059491157532,-9,6,-3,14,11,3,-10,-1,-15,-20,-11,-10,-23,-25,sil
20.70635032653809,-1,8,9,20,6,12,-7,1,-2,-7,-8,-11,-6,-11,sil
20.70635032653809,2,5,4,27,11,18,11,3,7,7,-7,-6,3,4,sil
20.722126960754395,1,0,6,22,17,20,26,4,13,20,-10,-7,1,11,sil
20.722126960754395,7,-1,8,24,10,19,27,5,20,27,-1,-2,7,16,sil
20.738327026367188,18,1,6,33,5,17,27,0,16,21,4,5,18,27,sil
20.738327026367188,11,-1,4,22,10,17,28,0,6,18,-3,0,18,26,sil
20.75332856178284,-4,-12,-9,6,6,10,20,0,7,24,-7,-12,11,13,sil
20.75332856178284,-7,-11,0,3,-4,0,2,-9,0,14,-5,-10,0,6,sil
20.769010305404663,-5,-10,-2,-4,-10,-7,-9,-12,-11,-1,-8,-6,-4,3,sil
20.769010305404663,-15,-24,-19,-29,-16,-9,-14,-3,-6,1,-9,-15,-5,0,sil
20.78444981575012,-22,-27,-17,-49,-24,-12,-12,0,2,5,-5,-19,-8,-2,sil
20.78444981575012,-14,-16,-18,-43,-23,-14,-8,0,10,0,-5,-12,-4,-2,sil
20.799652814865112,-3,-7,-6,-27,-15,-10,-6,8,19,3,-4,-2,6,-4,sil
20.799652814865112,5,0,2,-21,-4,-6,4,8,30,9,9,8,11,-6,sil
20.815245628356934,14,12,5,-7,8,-2,7,0,25,-1,22,17,6,-3,sil
20.815245628356934,19,23,16,8,10,0,-1,4,5,-13,26,25,11,2,sil
20.830974340438843,26,18,9,8,1,-7,-1,1,-6,-14,33,32,18,5,sil
20.830974340438843,22,17,9,4,-1,-21,-5,-7,-15,-19,25,26,4,-4,sil
20.846380472183228,4,23,9,12,0,-17,-17,-1,-27,-28,1,7,-13,-13,sil
20.846380472183228,0,20,5,15,4,-2,-16,2,-25,-24,1,1,-8,-5,sil
20.86239194869995,3,16,16,15,10,6,-14,-4,-25,-17,13,9,-4,1,sorry
20.86239194869995,-4,7,1,23,11,4,-23,-7,-42,-21,-8,-4,-17,-3,sorry
20.877997636795044,-17,-7,-8,18,5,0,-24,-11,-50,-20,-29,-27,-24,-7,sorry
20.894042015075684,-12,-8,6,15,7,13,-5,-5,-31,1,-13,-17,-10,0,sorry
20.894042015075684,-3,-1,5,23,15,29,18,3,0,25,-3,-3,0,9,sorry
20.894042015075684,-7,-6,-4,9,9,24,28,5,23,29,-18,-12,-3,4,sorry
20.909353494644165,-11,-16,-11,-9,-5,8,25,1,33,26,-23,-19,-7,0,sorry
20.909353494644165,-4,-17,-5,-13,-8,5,14,4,36,23,-13,-6,2,3,sorry
20.92538452148437,-8,-16,-12,-16,-3,8,11,6,34,20,-15,-5,4,0,sorry
20.92538452148437,-18,-15,-18,-22,-10,3,17,3,23,21,-20,-14,-2,-1,sorry
20.941368103027344,-7,-10,-3,-25,-14,-1,15,1,17,15,-13,-2,-1,0,sorry
20.941368103027344,-1,-16,-11,-31,-10,-9,9,-2,16,0,-1,10,8,2,sorry
20.957250595092773,-3,-18,-7,-32,-11,-17,4,0,5,-10,6,10,12,2,sorry
20.957250595092773,10,0,8,-15,-11,-18,0,8,3,-10,12,10,11,4,sorry
20.972413539886475,22,11,1,0,-3,-18,-11,2,15,-7,19,19,17,7,sorry
20.972413539886475,18,14,15,5,0,-14,-15,-7,5,-8,31,29,26,10,sorry
20.98900532722473,24,18,16,15,0,-2,-11,-4,-15,-10,34,28,19,7,sorry
20.98900532722473,28,16,4,20,5,0,-20,-1,-23,-16,19,13,-2,2,sorry
21.004039764404297,8,14,7,13,11,-5,-27,-3,-23,-18,2,-1,-12,-7,sorry
21.004039764404297,-14,10,-3,13,7,-1,-12,-3,-26,-8,-1,-12,-8,-20,sorry
21.01928114891052,-16,7,-4,11,7,11,0,3,-18,-4,-4,-16,-13,-21,sorry
21.035316944122314,-3,9,2,10,17,17,8,8,7,1,1,-7,-11,-6,sorry
21.035316944122314,5,14,8,17,15,8,21,2,25,16,16,6,5,1,sorry
21.035316944122314,5,12,10,24,4,4,17,0,19,17,18,8,13,1,sorry
21.049134969711304,-6,-4,-4,12,3,2,-1,-2,2,2,-1,-12,-1,0,sorry
21.065213441848755,-18,-15,-3,-6,0,-2,-12,-7,-15,-11,-21,-28,-19,-8,sorry
21.065213441848755,-8,-6,-1,2,-7,-6,-4,-2,-23,-10,-17,-17,-15,-8,sorry
21.08130383491516,6,-3,-1,18,-7,-1,5,2,-23,-1,-3,0,0,9,sorry
21.08130383491516,0,-15,0,-1,-4,2,1,0,-26,-6,-11,-5,-4,12,sorry
21.09880566596985,-7,-17,-5,-19,-5,4,0,-4,-18,-10,-23,-5,-11,5,sorry
21.099411964416504,2,-2,6,-3,-2,10,0,1,0,5,-13,9,3,13,sorry
21.099411964416504,0,-5,-3,0,-2,3,-2,0,0,14,-12,-1,5,9,sorry
21.11403465270996,-17,-17,-23,-27,-9,-9,-13,-8,-7,0,-23,-23,-12,-12,sorry
21.11403465270996,-19,-6,-9,-33,-11,-3,-11,-3,0,-4,-20,-16,-10,-13,sorry
21.128506183624268,-8,0,-9,-17,-4,8,4,6,24,14,-9,-3,2,0,sorry
21.146368265151978,0,-6,-5,-18,0,4,14,9,44,25,0,3,5,0,sorry
21.146368265151978,7,0,2,-14,-1,-1,12,4,43,15,21,16,10,0,sorry
21.146368265151978,9,10,3,0,0,0,4,0,28,3,31,19,16,5,sorry
21.16200375556945,5,10,7,1,0,1,-1,2,15,2,26,16,15,2,sorry
21.16200375556945,5,5,-1,-2,0,-10,-5,4,2,0,23,15,12,0,sorry
21.17708110809326,4,5,1,0,0,-22,-3,0,-8,-15,10,15,0,0,sorry
21.191155672073364,2,2,4,-9,-1,-10,8,2,-3,-16,0,12,-6,-1,sorry
21.191155672073364,3,1,-5,-12,3,0,13,5,-1,-5,2,8,-1,-6,sorry
21.206392288208008,4,18,10,16,14,3,2,1,-13,-8,0,4,-7,-6,sorry
21.206392288208008,4,25,18,48,17,21,7,0,-19,-4,-5,-4,-14,3,sorry
21.22443151473999,7,0,15,43,14,25,21,-5,-21,5,-9,-14,-9,12,sorry
21.22443151473999,5,-14,5,17,9,6,9,-10,-19,3,-17,-16,-8,8,sorry
21.237944841384888,7,-2,1,12,1,-7,-5,-10,3,5,-8,-9,1,8,sorry
21.237944841384888,11,0,10,14,-4,-3,-3,-4,17,15,9,-2,17,13,sorry
21.25395774841309,1,-18,-7,-2,-9,-2,-2,-6,0,6,0,-9,11,4,sorry
21.25395774841309,-9,-16,-17,-23,-10,-8,-10,-4,-7,-9,-11,-5,5,-11,sorry
21.272510766983032,-3,-1,-4,-21,-2,-9,-11,5,5,0,13,14,23,-6,sorry
21.272510766983032,1,-2,-3,-6,0,-7,-13,2,6,4,30,19,21,0,sorry
21.272510766983032,-3,4,0,2,-7,-1,-18,-2,-7,-13,5,5,-8,-10,sorry
21.28601908683777,-8,15,-5,5,-5,0,-17,0,-9,-17,-5,0,-14,-17,sorry
21.30344581604004,-9,5,-5,-6,0,-11,-22,4,-13,-6,3,1,-4,-15,sorry
21.30344581604004,-11,-4,0,-16,-6,-13,-18,6,-16,-2,5,0,-7,-14,sorry
21.30344581604004,-14,1,-8,-4,-9,1,0,4,-4,-1,-2,-8,-6,-4,sorry
21.31726908683777,-10,9,1,5,0,12,4,2,-3,-11,-17,-15,-9,0,sorry
21.3324077129364,-4,1,0,7,8,13,3,3,-11,-17,-23,-12,-18,-8,sorry
21.3324077129364,-1,-6,-6,9,11,19,19,3,-2,3,-9,-5,-9,0,sorry
21.34792542457581,4,-2,3,3,5,26,27,4,14,23,-4,-2,5,25,sorry
21.34792542457581,12,-1,1,-6,0,14,26,3,25,23,-12,-3,3,29,sorry
21.362967252731323,10,-7,0,-12,-2,0,24,0,24,20,-10,0,0,14,sorry
21.362967252731323,5,-10,-2,-9,-10,-5,14,-3,17,14,-6,-3,1,1,sorry
21.37848448753357,8,-4,0,-3,-12,-15,-7,-4,7,-6,-5,0,-1,-4,sorry
21.37848448753357,6,0,9,-9,-5,-22,-16,0,1,-22,9,11,-6,-7,sorry
21.39410781860352,0,-3,-2,-18,-1,-22,-18,-2,0,-14,28,12,0,-10,sil
21.39410781860352,-3,9,2,-7,1,-11,-23,-6,-4,-9,21,2,1,-16,sil
21.40927028656006,-6,22,4,20,21,7,-10,-2,-11,-9,1,-5,-6,-14,sil
21.40927028656006,-3,4,-1,30,26,15,8,5,-7,5,0,-8,-2,2,sil
21.424800395965576,6,-4,7,21,8,12,15,8,4,27,7,2,15,16,sil
21.424800395965576,1,0,0,13,-1,8,20,1,4,32,4,9,18,16,sil
21.44072437286377,-13,-11,-5,2,0,5,18,-4,1,24,-7,-1,8,12,sil
21.44072437286377,-7,-18,1,-13,-4,1,6,-4,4,13,-5,-1,8,11,sil
21.456424951553345,5,-3,0,-19,-12,-5,-5,-7,-4,-13,-2,12,4,3,sil
21.456424951553345,1,4,-4,-16,-13,-10,-19,-8,-21,-39,-6,17,-7,-10,sil
21.4715793132782,0,1,0,-10,-3,-11,-24,-3,-16,-26,6,15,-4,-7,sil
21.4715793132782,10,4,12,-6,1,-9,-12,0,-4,-8,22,15,3,0,sil
21.487085819244385,8,7,0,-2,-5,-6,-1,1,-3,-16,8,1,0,-9,sil
21.487085819244385,-1,7,-8,5,-8,-1,-1,5,0,-17,-8,-13,-10,-21,sil
21.50239324569702,-3,7,2,13,6,7,3,8,4,0,-11,-17,-10,-6,sil
21.50239324569702,0,1,-9,13,16,17,13,4,8,13,-13,-20,0,7,sil
21.51795244216919,0,0,-4,10,9,16,13,4,7,13,-12,-15,4,1,sil
21.51795244216919,-10,2,4,9,-1,8,3,4,-2,1,-7,-11,-2,-11,sil
21.53310990333557,-12,-5,-6,0,0,2,-1,-3,-4,-5,-2,-8,-9,-12,sil
21.53310990333557,1,-3,6,-1,5,0,1,-1,8,5,6,6,1,2,sil
21.548568725585938,13,10,10,11,5,-5,1,0,14,16,14,23,15,19,sil
21.548568725585938,14,9,6,13,-4,-9,-9,-4,5,10,16,23,16,21,sil
21.56427955627441,8,-1,3,0,-9,0,-6,-5,3,10,15,12,10,17,sil
21.56427955627441,0,-12,-7,-11,-1,5,3,0,0,10,0,-7,0,8,sil
21.58009147644043,-4,-7,-3,-9,0,0,0,3,-7,-1,-16,-10,-5,-1,sil
21.595127820968628,-6,1,-4,-4,-2,-2,1,2,3,-1,-6,-3,0,-3,sil
21.596129655838013,-11,-5,-7,-10,-5,-4,10,1,6,0,-2,-9,-6,-5,sil
21.596129655838013,-8,-14,-3,-16,-5,-7,7,4,-3,-7,-9,-9,-12,-13,sil
21.610246419906616,-3,-8,-6,-5,0,-7,-1,0,2,-3,-3,0,0,-8,sil
21.610246419906616,-4,-3,0,-3,0,-8,-8,-6,7,0,0,-5,-2,-2,sil
21.626287937164307,-2,-9,-6,-13,-5,-7,-11,-1,0,-2,0,-7,-8,-2,sil
21.626287937164307,4,-1,-7,-9,-5,-6,-8,2,-1,0,10,8,1,0,sil
21.642396211624146,7,11,10,2,-2,-9,-12,-1,-12,-2,6,11,3,-4,sil
21.642396211624146,5,8,3,7,-1,-5,-14,-7,-25,-18,-10,0,-6,-6,sil
21.65909004211425,0,4,1,2,0,8,-9,-1,-26,-22,-11,-3,-6,-4,sil
21.674357175827023,-2,5,2,0,5,7,-2,0,-23,-16,-2,-4,-2,-8,sil
21.674357175827023,2,5,2,8,9,-1,-2,-4,-18,-13,0,-2,-4,-6,sil
21.674357175827023,4,12,11,16,15,11,0,3,0,-1,1,2,-3,2,sil
21.68998980522156,-6,8,0,12,11,21,13,7,16,7,0,-2,0,0,sil
21.68998980522156,-13,-6,-3,1,1,11,17,3,17,0,-6,-7,-2,-9,sil
21.706139087677,-5,-1,0,4,3,5,14,8,25,8,-1,1,0,0,sil
21.706139087677,10,10,2,12,11,10,18,10,36,23,13,10,18,23,sil
21.720937490463257,16,1,3,6,5,18,23,2,21,21,20,14,26,27,sil
21.720937490463257,0,-12,-5,-4,-8,8,13,-8,-5,6,5,1,4,7,sil
21.73596334457397,-18,-11,-2,-4,-13,-10,-7,-9,-20,-8,-9,-13,-18,-9,sil
21.73596334457397,-6,0,2,1,-7,-8,-14,-3,-12,-7,-3,0,-9,-7,sil
21.75206184387207,16,6,5,5,0,0,0,0,6,15,7,12,14,9,sil
21.75206184387207,14,10,10,8,0,-1,12,2,11,18,8,6,16,19,sil
21.76830506324768,3,7,-2,4,1,-8,2,1,3,3,7,5,6,10,sil
21.78354811668396,3,-1,0,-8,0,-9,-11,-5,-2,4,4,13,7,2,sil
21.78354811668396,0,-12,-3,-17,-5,-7,-6,0,4,12,-2,3,8,5,sil
21.79972529411316,-2,-14,-14,-22,-10,-13,-2,4,12,5,-7,-5,2,4,sil
21.79972529411316,8,0,0,-24,-6,-20,-19,-2,1,-10,-4,4,0,-4,sil
21.79972529411316,7,3,3,-12,-5,-21,-26,-8,-17,-22,2,7,-4,-14,sil
21.813272953033447,-4,0,0,0,-6,-16,-17,0,-23,-25,7,0,-7,-23,sil
21.82898092269897,-4,0,-1,-2,-1,-6,-7,4,-12,-19,7,3,-8,-25,sil
21.82898092269897,-3,2,0,0,6,1,0,1,-5,-13,1,2,-14,-14,sil
21.84506154060364,-8,5,8,13,10,14,8,7,-7,-8,-10,-14,-19,0,sil
21.84506154060364,-8,0,-2,25,9,26,22,7,0,1,-17,-32,-13,3,sil
21.86019992828369,-11,-6,-6,26,10,30,26,0,0,12,-16,-27,-8,-1,sil
21.86019992828369,-16,-10,-4,16,9,26,18,-1,-3,19,-23,-19,-2,-1,sil
21.87623763084412,-12,-11,-12,4,0,17,14,-3,9,22,-22,-20,7,12,sil
21.87623763084412,-9,-8,-3,-4,-6,6,6,-6,16,11,-6,-8,7,15,sil
21.89188361167908,-6,-3,-4,-9,-6,-7,-8,-1,6,0,0,3,2,1,sil
21.89188361167908,4,-2,-5,-15,-8,-14,-14,3,4,-1,0,7,9,-1,sil
21.90748882293701,9,-1,0,-18,-10,-11,-10,2,6,-1,9,10,10,1,sil
21.90748882293701,8,1,-1,-10,-5,-13,-10,-1,7,-5,17,19,5,0,sil
21.92311191558838,17,8,9,-2,-3,-13,-15,0,8,-3,21,25,9,4,sil
21.92311191558838,12,5,4,-6,-4,-9,-14,0,0,-7,16,14,4,3,sil
21.93844413757324,3,2,1,-9,-1,-14,-10,0,-16,-16,5,0,-7,-7,sil
21.93844413757324,10,17,15,5,3,-12,0,3,-8,-11,5,5,-4,-4,sil
21.95405411720276,6,19,7,6,1,-8,4,1,-3,-6,5,4,-4,-3,sil
21.95405411720276,-1,1,7,-8,0,-5,-7,-6,-22,-20,-4,-2,-17,-18,sil
21.96917748451233,12,7,12,7,6,3,-4,-6,-21,-13,8,11,-5,-7,sil
21.96917748451233,16,18,13,20,12,10,13,-2,0,11,31,23,13,14,sil
21.98431086540222,3,4,13,-2,11,13,7,3,2,13,15,10,10,7,sil
21.98431086540222,3,-1,0,0,16,20,2,6,1,8,-8,-1,4,3,sil
22.00031161308289,-5,0,-3,26,13,20,8,3,5,12,-12,-5,1,6,sil
22.00031161308289,-29,-11,-15,14,4,12,6,-1,0,9,-19,-19,-11,-2,sil
22.01547408103943,-23,-16,-18,2,5,16,13,0,0,4,-25,-23,-15,-1,sil
22.01547408103943,-3,-1,3,14,1,22,26,7,13,14,-10,-7,0,7,sil
22.031174421310425,-9,-6,-5,10,-9,2,12,3,12,16,-2,-6,3,3,sil
22.031174421310425,-18,-17,-13,-8,-13,-12,-9,-4,-8,0,-15,-21,-14,-4,sil
22.047260522842407,-4,-10,-7,-8,-9,0,0,-2,-5,0,-18,-17,-8,-2,sil
22.047260522842407,7,-1,-8,-2,-3,0,16,0,23,18,0,2,22,12,sil
22.062599182128903,5,-4,-1,-8,-1,-17,4,2,34,18,9,12,29,25,sil
22.062599182128903,3,-14,-4,-16,-10,-19,-13,-2,19,3,4,4,15,13,sil
22.078481197357178,5,-12,-4,-18,-15,-13,-21,-11,4,-6,-1,-3,7,-4,sil
22.078481197357178,0,0,-3,-14,-14,-16,-20,-6,0,-14,-8,-1,0,-9,sil
22.101378202438354,-3,-4,-9,-16,-20,-18,-18,0,-5,-22,-8,2,-5,-12,sil
22.10237956047058,6,0,2,-18,-8,-9,-10,1,-16,-21,9,14,-3,-11,sil
22.10237956047058,22,22,11,0,11,-4,7,5,-13,-8,28,25,-2,-2,sil
22.109442234039307,22,26,21,16,8,-10,2,3,-12,-6,23,21,-10,-5,sil
22.12553572654724,7,10,15,5,3,-6,-9,0,-21,-15,8,10,-12,-12,sil
22.12553572654724,-2,5,-5,-2,13,2,-5,-6,-18,-17,6,1,-8,-10,sil
22.14151215553284,-7,7,-1,1,9,4,-4,-1,-9,-14,2,-9,-12,-9,sil
22.14151215553284,-14,2,2,9,4,6,-5,2,-5,-8,-2,-14,-12,-11,sil
22.157149076461792,-17,-1,-1,13,16,15,5,2,-1,5,2,-11,-3,-9,sil
22.157149076461792,-16,1,0,12,15,21,10,1,-4,16,0,-16,-6,-8,sil
22.17304563522339,-13,1,1,8,0,17,7,0,-8,18,-13,-20,-10,-1,sil
22.17304563522339,-3,-1,7,9,0,16,13,5,0,19,-13,-5,3,13,sil
22.18851613998413,6,-4,0,10,5,20,22,9,16,21,-4,5,14,23,sil
22.18851613998413,2,-7,-2,2,-1,13,15,2,21,19,-10,-3,8,15,sil
22.204171180725098,0,-11,-2,-8,-10,0,5,-3,22,15,-22,-12,7,7,sil
22.204171180725098,12,-10,-6,-18,-12,-9,5,-4,27,9,-16,0,22,20,sil
22.22018027305603,19,-3,4,-21,-12,-12,-2,-1,27,0,4,19,30,28,sil
22.22018027305603,12,0,-3,-12,-8,-23,-18,0,10,-4,19,19,18,9,sil
22.23544669151306,1,2,-6,-3,-9,-27,-24,-1,-9,-17,15,9,0,-10,sil
22.23544669151306,-2,6,6,-4,-8,-5,-16,-2,-20,-31,0,2,-14,-18,sil
22.251460790634155,-3,5,0,-2,1,1,-13,-4,-33,-38,-1,-1,-33,-26,sil
22.251460790634155,0,11,3,10,15,-6,-14,-6,-39,-38,3,2,-34,-23,sil
22.267531394958496,0,17,5,25,17,2,-2,-4,-20,-18,3,4,-12,-5,sil
22.267531394958496,-3,2,1,23,7,19,8,1,-4,5,-4,-6,0,1,sil
22.283112049102783,-2,-7,6,17,0,20,9,5,0,19,1,-3,2,4,sil
22.283112049102783,0,-2,-3,19,3,11,18,5,15,28,15,1,11,19,sil
22.2982439994812,-7,-4,-4,1,3,6,15,4,14,22,-4,-5,5,15,sil
22.2982439994812,-14,-15,-11,-20,-6,0,3,1,3,15,-25,-8,0,0,sil
22.31375217437744,1,-17,-12,-18,-12,-6,5,1,19,27,-4,2,11,8,sil
22.31375217437744,13,-6,6,-15,-5,-10,9,6,34,27,15,13,21,21,sil
22.328974962234497,10,2,3,-17,0,-14,0,3,19,8,12,18,16,7,sil
22.328974962234497,12,10,2,-12,-3,-14,-11,-1,3,-3,16,22,8,-7,sil
22.3445851802826,7,10,0,-11,-3,-10,-16,-1,-3,-15,21,12,0,-16,sil
22.3445851802826,-3,3,-2,-7,5,-8,-14,0,-11,-20,14,1,-4,-21,sil
22.35999035835266,0,9,10,5,14,1,7,5,-7,-6,4,0,0,-9,sil
22.35999035835266,-3,8,1,8,8,7,21,1,0,2,-8,-12,-2,-2,sil
22.37520861625672,-19,-3,-6,-2,-2,-5,-2,-10,-18,-16,-23,-30,-23,-19,sil
22.39123225212097,-17,-3,-2,5,-4,-5,-21,-11,-38,-25,-25,-29,-32,-26,sil
22.39123225212097,-9,0,-2,24,3,9,-5,-6,-27,-12,-25,-22,-20,-6,sil
22.39123225212097,-13,-5,7,21,5,16,12,0,-8,-3,-22,-18,-10,3,sil
22.40714454650879,-6,-9,0,9,0,10,17,2,1,4,-10,-16,-3,0,sil
22.40714454650879,3,0,-6,8,0,10,13,2,12,11,-4,-8,2,10,sil
22.42312073707581,0,-3,-6,1,-3,14,7,1,23,5,-8,-2,5,12,sil
22.42312073707581,-11,-17,-15,-16,-12,5,0,-2,17,-1,-9,-8,0,-1,sil
22.43720269203186,-7,-9,-3,-17,-6,0,-6,-4,1,0,-4,-2,-1,1,sil
22.43720269203186,9,3,6,0,2,0,-4,4,11,12,15,22,18,23,sil
22.45277309417725,22,0,9,-1,-2,-4,-1,6,25,21,33,37,35,29,sil
22.469437837600708,18,1,7,-13,-6,-5,-8,-3,15,7,19,23,17,12,sil
22.469437837600708,7,8,0,-15,-1,-12,-14,-6,0,-6,0,11,0,-1,sil
22.469437837600708,3,9,4,-15,-3,-18,-10,5,-2,-6,13,16,4,-3,sil
22.4844012260437,8,10,2,-7,0,-12,-4,7,-6,-3,29,21,9,-2,sil
22.499020099639893,16,15,7,0,4,-14,-11,0,-20,-11,19,20,4,-4,sil
22.499020099639893,14,15,15,2,4,-14,-20,-3,-31,-16,6,17,0,-6,sil
22.51437902450561,9,13,8,12,8,3,-12,0,-24,-7,11,12,-1,-2,sil
22.51437902450561,10,17,14,25,16,19,3,4,-9,5,14,4,3,9,sil
22.52981734275818,4,5,0,22,13,14,11,6,1,13,2,-9,0,13,sil
22.52981734275818,-14,-19,-15,7,0,11,9,2,4,6,-20,-31,-22,-4,sil
22.545368432998657,-20,-22,-8,5,-11,18,16,1,3,0,-35,-40,-31,-20,sil
22.545368432998657,-10,-14,-12,9,-8,15,31,-1,12,6,-26,-24,-9,-6,sil
22.561310052871704,-15,-26,-16,-12,-7,0,22,-7,12,5,-23,-16,-1,0,sil
22.561310052871704,-30,-34,-24,-35,-14,-13,-1,-3,5,-4,-28,-27,-13,-18,sil
22.57752156257629,-15,-9,-13,-18,-8,-21,-4,3,14,-2,-6,-10,-2,-15,sil
22.57752156257629,15,13,13,4,4,-14,0,5,24,4,23,31,21,7,sil
22.593058586120605,15,10,7,2,3,-4,-10,-3,8,-3,21,29,15,8,sil
22.593058586120605,-3,11,4,-3,3,-3,-18,-6,-17,-17,3,7,-5,-5,sil
22.608363389968872,-6,17,4,0,7,-1,-11,0,-27,-18,0,0,-9,-14,sil
22.608363389968872,-4,5,-2,5,3,6,-7,0,-28,-14,-3,-10,-11,-16,sil
22.624073028564453,-6,1,6,9,5,13,-3,-2,-22,-6,-13,-18,-14,-5,sil
22.624073028564453,-3,8,7,16,14,15,13,1,-3,6,-11,-4,0,11,sil
22.639198541641235,5,4,8,20,15,21,28,7,6,17,-6,0,8,16,sil
22.639198541641235,12,0,2,24,9,23,25,5,8,25,-13,-9,1,18,sil
22.655293703079224,10,-2,-2,17,0,10,19,0,20,33,-11,-1,4,23,sil
22.655293703079224,3,-4,4,-2,-10,-2,16,0,31,29,6,8,15,16,sil
22.67084908485413,3,-8,-2,-13,-11,-14,12,0,29,17,15,6,20,7,sil
22.67084908485413,-1,-11,-4,-19,-11,-19,1,-5,23,10,6,3,12,9,sil
22.686492681503296,-16,-15,-5,-25,-12,-17,-12,-1,15,6,9,0,4,4,sil
22.686492681503296,-11,-10,-9,-23,-7,-19,-23,0,-1,-4,19,3,8,-6,sil
22.70247387886048,5,2,-1,-15,-8,-15,-33,-3,-12,-17,16,16,10,-13,sil
22.70247387886048,0,0,-6,-16,-13,-12,-35,-8,-17,-24,7,11,-3,-18,sil
22.71815037727356,-1,-3,-1,-23,-8,-11,-32,-7,-28,-34,9,2,-14,-19,sil
22.71815037727356,21,19,14,-6,3,-2,-14,0,-19,-24,27,19,0,-4,sil
22.734026670455933,34,34,14,17,9,-1,-3,6,0,-7,30,31,11,15,sil
22.734026670455933,13,14,7,7,1,-6,-13,8,-4,-19,3,10,-7,6,sil
22.74998593330384,-6,-3,-12,-13,-3,0,-13,2,-15,-29,-15,-17,-21,-16,sil
22.74998593330384,-3,2,-2,-1,5,10,5,0,-8,-7,-1,-18,-5,-11,sil
22.76550054550171,3,11,10,18,13,15,16,4,2,8,2,-6,4,1,sil
22.76550054550171,-4,0,-5,15,7,18,17,1,0,2,-10,-11,-7,0,sil
22.781413793563843,-16,-8,0,10,3,20,18,0,-8,-2,-10,-17,-16,-6,sil
22.781413793563843,-12,-5,1,21,7,16,14,0,-6,1,-10,-11,-6,-4,sil
22.79701375961304,-5,-4,0,22,10,5,5,0,0,6,-38,-6,0,0,sil
22.79701375961304,-5,-4,4,14,9,5,7,-1,-2,10,-51,-3,-5,7,sil
22.812451362609863,-2,-1,3,13,6,7,17,-3,0,21,-22,2,-3,12,sil
22.812451362609863,0,0,4,7,2,-1,13,0,4,24,-6,-3,-3,7,sil
22.828125,-11,-10,-11,-8,-8,-13,0,1,-4,3,-13,-16,-12,0,sil
22.828125,-13,-20,-15,-14,-12,-6,3,-4,-8,-3,-4,-14,-13,1,sil
22.8434841632843,3,-4,2,0,0,10,16,-1,3,15,11,-1,-2,4,sil
22.8434841632843,8,5,0,6,-2,5,7,-2,9,15,13,3,0,6,sil
22.85900115966797,-4,-6,-3,-6,-14,-4,-13,-4,6,-2,10,8,0,5,sil
22.85900115966797,-13,-19,-7,-21,-10,-3,-9,0,11,0,6,1,-4,-2,sil
22.87506532669068,-13,-17,-11,-23,-9,-7,-1,-1,21,5,-1,-12,-26,-16,sil
22.87506532669068,0,0,3,-10,-12,-5,1,2,34,10,8,0,17,-7,sil
22.89076328277588,20,16,7,9,4,1,15,15,45,29,34,26,112,14,sorry
22.89076328277588,26,18,15,15,15,1,14,10,32,22,34,30,90,16,sorry
22.90641713142395,16,18,8,9,5,0,0,-2,9,0,19,21,0,6,sorry
22.90641713142395,11,19,4,11,1,-2,-6,0,0,0,21,20,-5,10,sorry
22.92198085784912,12,11,7,5,4,-10,-10,3,-5,-1,22,17,10,9,sorry
22.92198085784912,4,0,-9,-10,0,-13,-15,-6,-16,-24,1,0,-15,-1,sorry
22.937371253967285,-3,2,-4,-17,-6,-11,-21,-13,-34,-43,-18,-7,-29,-12,sorry
22.937371253967285,1,5,2,-11,-5,-13,-31,-8,-50,-45,-16,-2,-22,-19,sorry
22.95315814018249,7,-5,-8,-19,-2,-17,-34,-1,-45,-31,-8,1,-20,-15,sorry
22.95315814018249,-1,-6,-1,-27,-2,-9,-20,4,-26,-16,-4,0,-9,-3,sorry
22.96925139427185,-7,0,0,-5,4,1,-2,2,-12,-9,-3,-2,-6,3,sorry
22.96925139427185,-6,0,-1,6,10,0,-1,-2,-5,-4,-11,-16,-19,-1,sorry
22.98475551605225,-11,-3,-6,-3,3,7,1,1,8,5,-16,-26,-23,-12,sorry
22.98475551605225,-18,-4,-12,-4,2,22,16,2,21,10,-16,-27,-19,-14,sorry
23.00069689750672,-20,-1,-2,-2,8,17,13,0,10,7,-20,-31,-25,-14,sorry
23.00069689750672,-16,-6,-1,-7,2,0,1,0,-5,5,-16,-29,-27,-15,sorry
23.016307592391968,-7,-7,4,1,0,8,8,-1,-7,6,-6,-9,-13,-7,sorry
23.016307592391968,-3,-1,7,15,1,26,26,-2,-4,8,-3,2,-2,0,sorry
23.032134532928467,-6,-4,3,15,-7,14,20,0,0,8,0,4,0,2,sorry
23.032134532928467,-2,-6,13,22,-13,0,0,3,5,5,2,15,13,6,sorry
23.048369884490967,7,2,11,44,-2,4,6,1,13,6,1,17,23,18,sorry
23.048369884490967,17,12,13,50,14,15,28,2,21,14,11,19,26,27,sorry
23.06434154510498,20,4,10,32,15,5,23,4,15,20,21,22,28,27,sorry
23.06434154510498,15,-7,-2,13,-3,-11,0,-4,-3,9,9,14,20,22,sorry
23.07940125465393,14,0,8,4,-9,-11,-10,-6,-8,-3,0,11,10,19,sorry
23.07940125465393,10,4,0,-5,2,-9,0,5,1,1,4,11,16,10,sorry
23.09515595436096,-2,-5,-19,-20,-3,-16,1,8,7,3,3,-2,12,-3,sorry
23.09515595436096,-5,-6,-12,-26,-20,-19,-10,3,12,1,0,-7,0,-7,sorry
23.11006021499633,6,2,-4,-20,-9,-13,-13,0,24,16,8,2,5,0,sorry
23.11006021499633,8,7,0,-19,5,-5,-3,1,21,15,14,7,10,2,sorry
23.125452041625977,-4,3,-16,-29,-6,-5,-7,2,0,-10,10,1,3,-7,sorry
23.125452041625977,-10,0,-17,-36,-18,-10,-25,-2,-15,-19,9,0,1,-23,sorry
23.141197681427,0,1,3,-23,-3,0,-15,-2,-9,-7,11,1,-1,-21,sorry
23.141197681427,10,7,0,-11,10,6,7,-3,-5,-4,5,3,-6,-6,sorry
23.15729141235352,4,6,0,-15,8,-4,-7,-8,-12,-19,0,5,-7,-5,sorry
23.15729141235352,-10,3,0,-5,8,-3,-22,-5,-11,-24,-5,0,-15,-11,sorry
23.17276883125305,-13,5,0,12,14,7,-5,4,0,-3,-9,-14,-19,-3,sorry
23.17276883125305,-4,8,11,12,12,11,6,7,2,11,-8,-13,-11,1,sorry
23.18807482719421,-8,0,6,10,6,12,9,-3,-9,-10,-16,-16,-16,-6,sorry
23.18807482719421,-23,-9,1,8,3,20,13,-7,-29,-31,-32,-33,-28,-13,sorry
23.20405578613281,-23,-14,-5,7,5,20,19,2,-23,-3,-31,-35,-25,-11,sorry
23.20405578613281,-6,-15,-4,19,2,13,20,6,5,28,-24,-17,-18,0,sorry
23.22010827064514,4,-15,5,18,-6,12,20,1,28,30,-15,-1,0,18,sorry
23.22010827064514,3,-23,-7,-3,-11,-3,10,-6,31,17,2,8,22,20,sorry
23.236215829849243,2,-21,-6,-23,-16,-25,-9,-3,14,-2,3,13,17,2,sorry
23.236215829849243,7,0,2,-19,-18,-22,-17,4,-1,-14,3,17,4,-5,sorry
23.252010345458984,14,16,1,0,-5,-12,-13,0,-7,-4,30,22,12,1,sorry
23.252010345458984,14,17,12,16,0,-13,-18,1,-20,-7,31,19,13,-1,sorry
23.26703143119812,12,15,14,17,0,-10,-21,5,-24,-18,10,12,2,-6,sorry
23.26703143119812,21,25,14,23,10,-4,-11,-1,-7,-6,21,23,11,7,sorry
23.28241777420044,27,30,13,37,24,0,-1,-3,1,5,30,27,20,19,sorry
23.28241777420044,8,14,2,27,16,0,-1,0,-6,-3,10,6,5,7,sorry
23.29712963104248,-10,-1,-1,0,0,4,-2,0,-8,-3,0,-8,-8,-2,sorry
23.29712963104248,-12,-7,-3,-4,-1,12,12,-1,0,10,-3,-16,-7,0,sorry
23.312999963760376,-12,-7,1,9,11,17,29,6,12,13,-5,-16,-3,3,sorry
23.312999963760376,-15,-4,-5,11,12,18,29,11,21,15,-2,-8,1,0,sorry
23.32810664176941,-14,-5,-15,-1,-3,15,15,3,21,19,-11,-9,2,0,sorry
23.32810664176941,-21,-18,-12,-21,-14,7,4,0,12,12,-26,-18,-4,-5,sorry
23.34422516822815,-18,-21,-16,-27,-13,1,9,0,6,13,-19,-15,-6,-5,sorry
23.361088275909424,0,-7,-8,-17,-13,6,12,0,6,19,-11,-6,2,8,sorry
23.361088275909424,3,-6,-5,-23,-13,3,4,-3,12,13,-16,-5,9,11,sorry
23.361088275909424,0,-15,-12,-35,-12,-19,-8,-9,12,3,-15,0,6,4,sorry
23.37563133239746,9,-2,3,-23,-9,-27,-24,-4,0,-5,0,16,5,5,sorry
23.37563133239746,20,2,1,-17,-8,-17,-28,-3,-4,-18,18,20,7,0,sorry
23.391351222991943,20,-6,1,-33,-8,-15,-20,-9,-11,-33,12,13,-3,-12,sorry
23.391351222991943,16,3,9,-19,0,-18,-16,-5,-24,-41,0,13,-19,-20,sorry
23.40739107131958,7,14,3,8,4,-15,-20,0,-27,-31,8,16,-11,-17,sorry
23.40739107131958,1,14,14,12,1,-8,-15,5,-18,-19,26,18,-1,-7,sorry
24.90365219116211,-8,1,-5,-1,1,0,-7,-5,-31,-24,-1,-1,-18,-14,sorry
24.920655965805054,-21,0,-1,20,22,28,11,5,-24,-7,-9,-15,-18,-10,sorry
24.920655965805054,-29,-10,-11,4,5,21,12,0,-18,6,-17,-30,-12,-8,sorry
24.920655965805054,-9,-12,-5,0,-9,5,14,-5,0,24,-4,-14,3,6,sorry
24.93733072280884,6,-7,7,9,-3,14,16,2,26,33,4,9,14,22,sorry
24.93733072280884,4,-9,-3,0,-2,6,8,5,40,20,-1,11,13,17,sorry
24.950464725494385,10,0,7,-13,-9,-16,-8,2,22,-7,0,11,7,0,sorry
24.965980052948,10,13,7,-4,-6,-16,-22,0,-9,-27,8,10,-7,-18,sorry
24.965980052948,-4,11,-5,8,2,-4,-24,-2,-26,-21,7,-5,-21,-29,sorry
24.983437538146973,-10,11,7,15,6,0,-10,0,-22,-9,0,-17,-20,-17,sorry
24.983437538146973,0,11,7,17,1,8,6,0,-11,-9,-13,-18,-16,-3,sorry
24.99837899208069,10,6,5,13,5,20,13,0,-5,0,-18,-14,-11,2,sorry
24.99837899208069,17,5,2,19,16,25,22,2,4,24,-10,-2,0,20,sorry
24.99837899208069,9,-2,-2,11,9,13,26,2,19,29,-4,10,10,27,sorry
25.013117790222168,7,-12,0,-15,-2,-4,13,4,30,17,10,14,20,16,sorry
25.02935266494751,17,-6,-6,-24,-1,-16,4,2,36,22,25,13,28,11,sorry
25.030352115631104,8,0,-3,-22,-5,-26,-5,-2,22,11,10,13,15,6,sorry
25.0473792552948,-8,-4,-5,-28,-15,-31,-23,-3,-6,-19,5,8,-1,-11,sorry
25.0473792552948,-7,0,-4,-21,-6,-20,-24,-4,-20,-31,18,4,-3,-17,sorry
25.0473792552948,-6,6,8,-7,1,-7,-12,-5,-18,-27,3,5,-4,-11,sorry
25.06202220916748,-11,2,4,7,4,-1,-6,-5,-14,-21,-8,3,-4,-7,sorry
25.079365253448486,-2,6,8,26,17,13,2,0,-2,-1,7,3,0,-1,sorry
25.079365253448486,8,15,8,33,22,19,13,2,0,9,11,5,-1,1,sorry
25.079365253448486,5,8,2,22,8,3,1,-3,-14,1,1,0,-2,3,sorry
25.09373140335083,0,0,12,12,3,4,-7,0,-14,1,0,-3,2,7,sorry
25.09373140335083,-1,-2,0,10,1,14,3,5,-1,11,-3,-1,0,7,sorry
25.10958361625672,-4,-1,-7,4,-7,11,11,4,2,21,-2,4,1,7,sorry
25.125253677368164,-6,1,-2,0,-5,9,12,5,7,28,6,2,13,7,sorry
25.125253677368164,-15,-4,-15,-2,-1,7,12,2,2,15,-5,-18,2,-2,sorry
25.125253677368164,-30,-14,-19,-16,-12,1,0,-5,-15,-15,-39,-38,-26,-19,sorry
25.13897490501404,-27,-19,-13,-31,-24,-3,-6,-4,-2,-22,-46,-35,-25,-19,sorry
25.1560480594635,0,-9,1,-19,-13,0,3,1,30,-2,-19,-9,5,-1,sorry
25.1560480594635,17,9,4,7,4,9,4,0,24,7,8,11,19,11,sorry
25.1560480594635,9,2,-11,-1,0,-3,-7,-4,-2,-1,8,3,4,4,sorry
25.17158889770508,-1,-16,-8,-25,-12,-21,-12,3,-4,-19,-7,-4,-9,-11,sorry
25.17158889770508,5,-11,-1,-11,-9,-20,-5,7,6,-21,0,5,0,-8,sorry
25.187382459640503,19,6,11,3,-3,-16,-9,0,1,-9,24,16,13,8,sorry
25.2041928768158,20,7,11,-4,-4,-13,-18,-1,-11,-7,25,18,7,7,sorry
25.2041928768158,14,1,-1,-4,2,-14,-19,-1,-24,-17,10,12,-6,-7,sorry
25.2041928768158,8,10,16,9,11,-10,-12,-3,-25,-14,7,5,-13,-7,sorry
25.219350337982178,0,11,17,22,14,9,2,-3,-11,7,15,2,-11,0,sorry
25.23607850074768,-7,1,6,30,19,28,15,-3,0,22,5,0,-6,2,sorry
25.23607850074768,0,0,7,27,23,28,22,-1,9,31,-9,-3,-2,8,sorry
25.25026774406433,5,0,-4,14,12,18,26,2,29,40,-1,0,7,20,sorry
25.25026774406433,0,-3,-3,-1,0,13,19,8,27,26,9,8,14,22,sorry
25.264435052871704,-3,-3,-4,-12,0,5,13,5,12,6,-6,0,11,11,sorry
25.264435052871704,-8,-13,-16,-24,0,-7,13,-2,11,10,-21,-11,7,1,sorry
25.27963399887085,-15,-16,-10,-33,-10,-14,2,-4,6,5,-11,-3,4,-12,sorry
25.27963399887085,-22,-8,-6,-26,-18,-9,-13,-3,-11,-15,-6,-4,-8,-29,sorry
25.29525852203369,-15,0,-2,-8,-14,0,-15,0,-15,-16,-5,-8,-13,-24,sorry
25.29525852203369,2,14,-1,0,4,0,-4,5,-2,-13,7,8,4,-1,sorry
25.31096863746643,6,23,1,-9,1,-12,-13,1,-8,-31,2,7,5,0,sorry
25.31096863746643,1,14,8,-3,-21,-20,-25,-7,-23,-30,-6,-12,-17,-12,sorry
25.32639765739441,9,9,5,34,2,-6,-9,-1,-11,-3,12,-2,-16,-2,sorry
25.32639765739441,10,19,13,47,28,5,0,6,-2,-8,11,11,-8,12,sorry
25.342511415481567,3,15,11,20,-12,5,-8,0,-14,-31,-24,-5,-21,9,sorry
25.342511415481567,11,2,6,18,-25,11,0,-1,-8,-13,-17,-7,-11,7,sorry
25.358279705047607,17,5,7,37,28,18,21,10,19,30,29,8,26,16,sorry
25.358279705047607,4,-4,-7,17,24,11,26,7,34,47,27,3,36,22,sorry
25.37450671195984,-6,-31,-6,-23,-20,1,16,-2,24,26,-15,-11,12,10,sorry
25.37450671195984,-13,-36,-10,-28,-11,-5,6,0,11,9,-20,-15,4,-6,sorry
25.389679431915283,-6,-19,-14,-22,9,-13,0,0,8,10,4,-1,16,-2,sorry
25.389679431915283,2,-9,3,-41,-5,-12,-4,-3,11,6,8,21,17,4,sorry
25.40536594390869,0,-2,-1,-37,-10,-8,-15,-8,3,-5,11,30,12,-3,sorry
25.40536594390869,9,18,6,3,8,-6,-24,-6,-15,-9,32,31,10,-5,sorry
25.42103266716004,11,17,10,15,8,-7,-22,1,-22,-8,26,18,0,-10,sorry
25.42103266716004,-12,-8,-15,-9,-8,-14,-28,0,-22,-20,-13,-12,-19,-31,sorry
25.43647599220276,-19,-4,-7,-11,-3,-7,-33,-6,-34,-34,-24,-25,-30,-32,sorry
25.43647599220276,-1,16,4,14,14,7,-4,-4,-33,-15,1,-12,-17,-5,sorry
0.369020938873291,-4,-11,-1,-28,-12,-23,-24,-4,-1,-4,-1,8,-2,-14,sorry
0.369020938873291,4,10,4,-1,0,-6,-15,0,-14,0,20,10,5,-3,sorry
0.3850548267364502,4,17,9,12,2,12,-1,3,-19,0,19,2,6,6,sorry
0.3850548267364502,-3,0,-3,11,-2,19,1,0,-19,-2,-4,-7,-1,3,sorry
0.4005298614501953,-10,-10,0,2,-2,13,3,-1,-11,0,-16,-9,-5,2,sorry
0.4005298614501953,-5,-7,-3,-6,0,0,2,-4,0,0,-12,-5,-1,3,sorry
0.4160561561584472,10,1,-4,-8,-3,-11,0,0,2,0,-5,-3,0,0,sorry
0.4160561561584472,23,21,5,-5,2,-6,1,6,3,-1,10,8,2,0,sorry
0.4317712783813476,19,30,2,7,15,0,3,5,5,-2,22,20,6,0,sorry
0.4317712783813476,6,21,11,21,16,2,6,1,5,3,17,17,3,0,sorry
0.4469423294067383,-2,8,4,25,9,9,15,2,10,20,11,3,6,2,sorry
0.4469423294067383,-10,-2,-7,9,0,10,20,2,9,23,1,-7,9,-1,sorry
0.4629976749420166,-20,-17,-11,-13,-10,2,12,-1,0,0,-21,-12,-4,-12,sorry
0.4629976749420166,-13,-21,-20,-21,-14,-9,-3,-4,-5,-17,-25,-10,-11,-8,sorry
0.4783053398132324,12,-1,6,-5,-8,-13,-16,1,-2,-6,5,10,9,4,sorry
0.4783053398132324,24,15,22,11,4,-8,-21,3,-1,7,32,26,21,9,sorry
0.4932746887207031,9,5,7,10,10,0,-17,-2,-9,-12,14,12,-1,0,sorry
0.4932746887207031,-3,-6,4,8,1,9,1,-3,-13,-30,-19,-12,-24,-10,sorry
0.5091578960418701,-7,-12,-5,5,-3,7,21,0,-2,-9,-28,-26,-17,-5,sorry
0.5091578960418701,-12,-17,-4,-7,-5,0,19,0,10,10,-22,-20,-9,4,sorry
0.5247128009796143,-1,-11,-2,-5,-6,4,9,0,20,12,-11,-1,-4,8,sorry
0.5247128009796143,19,-3,2,3,-3,8,3,-1,26,13,0,7,3,22,sorry
0.5398218631744385,12,-5,7,-8,-5,-5,-3,0,20,4,-2,1,2,23,sorry
0.5398218631744385,-8,-5,-11,-22,-11,-10,-7,-3,1,-10,-8,-1,-1,0,sorry
0.5551669597625732,-10,0,-8,-22,-1,-3,-6,-8,-14,-20,-5,0,0,-19,sorry
0.5551669597625732,0,7,-4,-18,8,-9,-10,-2,-14,-19,1,-1,0,-17,sorry
0.5725855827331543,3,13,-5,-4,7,-14,-16,0,-13,-12,6,2,0,-7,sorry
0.5725855827331543,-1,11,5,8,15,-2,-15,0,-31,-12,5,0,-6,-11,sorry
0.5861682891845703,-19,2,-9,2,16,-3,-8,3,-36,-11,4,-15,-19,-27,sorry
0.6017460823059082,-24,5,-9,0,0,-5,0,8,-5,2,13,-14,-7,-26,sorry
0.6017460823059082,-9,13,8,18,5,14,12,9,25,24,19,0,13,0,sorry
0.6017460823059082,-3,2,2,19,15,31,25,6,27,37,10,-4,9,15,sorry
0.6197237968444824,-7,-13,0,-1,-4,16,20,0,14,34,-2,-12,2,12,sorry
0.6197237968444824,-3,-14,-1,-2,-11,-2,10,-3,3,16,-9,-5,12,9,sorry
0.6341218948364258,7,-5,4,8,-3,1,12,-2,0,8,-5,8,18,14,sorry
0.651193380355835,13,-1,7,5,-14,9,11,0,7,15,6,18,18,16,sorry
0.651193380355835,8,-6,-1,-8,-25,-9,-6,-3,4,4,0,9,10,9,sorry
0.651193380355835,8,-4,10,-17,-20,-27,-26,-5,-4,-17,-8,6,-2,4,sorry
0.664710521697998,25,5,8,-8,-9,-14,-21,-2,2,-15,10,26,3,15,sorry
0.664710521697998,37,14,9,10,8,2,-13,5,7,-1,25,41,16,20,sorry
0.6809389591217041,26,17,17,15,16,-1,-18,4,-5,-9,11,33,8,7,sorry
0.6809389591217041,7,10,6,5,5,-15,-22,-7,-14,-23,0,9,-10,-10,sorry
0.6960234642028809,-1,2,1,0,2,-8,-13,-5,-13,-19,0,-7,-17,-19,sorry
0.7121739387512207,-6,0,-10,4,5,6,1,4,-8,-7,-6,-11,-15,-17,sorry
0.7121739387512207,-12,4,-6,15,7,10,12,1,0,-6,-4,-13,-10,-6,sorry
0.7277288436889648,-14,6,3,18,10,17,23,1,11,-4,0,-16,-6,-1,sorry
0.7277288436889648,-20,-3,-13,8,9,24,26,1,13,5,-8,-25,-11,-4,sorry
0.7418174743652344,-27,-8,-9,-2,8,12,14,0,0,11,-21,-31,-22,-9,sorry
0.7418174743652344,-22,-8,-8,-2,1,-2,8,-2,-17,4,-21,-32,-22,-11,sorry
0.7571160793304443,-17,-18,-17,-15,-12,-1,5,-4,-24,-12,-26,-30,-18,-11,sorry
0.757488489151001,-14,-19,-12,-28,-16,1,-4,0,-15,-12,-25,-19,-12,-9,sorry
0.7730438709259033,0,-5,-8,-13,-1,-2,1,2,6,15,-2,-1,11,7,sorry
0.7730438709259033,18,-2,6,-5,4,-1,10,2,21,28,11,15,27,23,sorry
0.7885339260101318,13,-8,0,-15,-1,-2,-1,-1,15,11,9,19,19,13,sorry
0.7885339260101318,7,-4,-4,-15,-9,-15,-16,-7,5,-1,8,18,13,-2,sorry
0.8042864799499512,9,6,8,-8,-12,-19,-10,-3,8,0,14,20,17,-5,sorry
0.8042864799499512,8,10,0,-6,-2,-13,-4,2,13,-3,26,21,17,-5,sorry
0.8202502727508545,6,16,7,3,7,-7,-10,4,0,-19,22,18,5,-7,sorry
0.8202502727508545,0,17,10,16,9,0,-5,3,-6,-19,6,9,-1,-5,sorry
0.8364050388336182,-4,14,2,15,2,6,2,6,-2,-1,3,0,0,0,sorry
0.8364050388336182,0,11,12,17,0,8,0,5,-10,1,-1,-5,-3,0,sorry
0.8539223670959473,0,1,7,31,7,10,0,-3,-21,-5,-10,-7,-14,1,sorry
0.8539223670959473,-5,-11,5,19,4,16,5,-3,-12,4,-5,-7,-10,5,sorry
0.8671417236328125,-7,-17,0,-5,-1,21,7,1,7,21,-5,-10,0,10,sil
0.8674888610839844,1,-11,-4,1,7,16,11,0,23,32,-4,-5,6,16,sil
0.883098840713501,16,2,9,15,13,3,16,3,28,35,15,13,20,21,sil
0.883098840713501,18,4,0,0,-1,-12,10,-1,25,23,19,17,24,20,sil
0.8987338542938232,2,-6,-3,-22,-13,-20,-10,-7,10,0,-13,0,2,3,sil
0.8987338542938232,-8,-13,-7,-33,-16,-18,-25,-2,-10,-16,-21,-10,-14,-18,sil
0.9143166542053224,-4,-9,-16,-34,-19,-20,-26,-1,-26,-26,2,-1,-9,-21,sil
0.9143166542053224,3,8,6,-8,-9,-12,-17,-3,-22,-32,2,9,-8,-12,sil
0.9302864074707032,3,21,7,15,3,0,0,-1,-8,-28,-10,0,-17,-9,sil
0.9302864074707032,0,10,0,8,6,4,5,2,-6,-15,2,-4,-16,-8,sil
0.9458901882171632,-7,1,1,5,11,3,6,1,-13,-6,17,3,-5,-8,sil
0.9458901882171632,-10,7,-5,17,13,5,6,-4,-21,-14,-2,-7,-7,-16,sil
0.9609856605529784,-8,7,0,15,4,11,1,-1,-22,-14,-19,-21,-15,-10,sil
0.9609856605529784,0,-4,-1,10,3,16,6,6,0,16,-3,-8,-2,14,sil
0.9771153926849364,5,-10,0,12,7,13,20,8,20,34,1,1,5,23,sil
0.9771153926849364,3,-8,-1,1,0,0,16,1,22,17,-5,-1,3,11,sil
0.9924747943878174,-5,-13,-14,-15,-16,-8,3,-3,24,8,-5,-4,9,5,sil
0.9924747943878174,-14,-24,-9,-32,-24,-3,-2,-1,21,6,-19,-16,6,0,sil
1.0080797672271729,-16,-20,-11,-35,-14,-1,-7,-3,3,0,-27,-21,0,-15,sil
1.0080797672271729,-2,0,-1,-26,-1,-10,-12,-5,-2,-1,0,6,13,-13,sil
1.0232388973236084,14,13,14,-8,1,-9,-8,0,-4,-4,26,27,21,1,sil
1.0232388973236084,15,18,5,11,11,-4,-2,0,-14,-10,26,16,12,4,sil
1.0392704010009766,8,20,9,22,18,-2,-5,0,-11,-3,29,17,11,-2,sil
1.0392704010009766,4,12,1,24,14,5,0,4,8,11,32,17,9,0,sil
1.0547819137573242,0,6,-6,24,12,15,8,9,12,12,9,-3,-8,9,sil
1.0547819137573242,-9,3,6,20,11,15,11,9,0,1,-13,-11,-23,7,sil
1.070859670639038,-15,-10,3,15,1,4,7,2,-8,-4,-15,-10,-21,0,sil
1.070859670639038,-9,-18,4,1,-4,1,4,0,0,-1,-14,-7,-16,0,sil
1.0869255065917969,5,-3,-5,-14,-5,4,4,-5,18,6,-10,6,0,10,sil
1.0869255065917969,16,4,-7,-13,-14,-5,-3,-8,20,5,0,17,13,15,sil
1.1027989387512207,15,1,16,1,-18,-14,-14,-3,-1,-4,0,10,10,4,sil
1.1027989387512207,12,0,7,0,-9,-13,-8,-1,-10,-8,1,4,7,-5,sil
1.118483066558838,12,4,0,-12,-4,-12,-2,-2,-8,-10,8,4,7,-8,sil
1.118483066558838,14,11,5,0,3,-11,-7,-1,-17,-13,11,2,5,-8,sil
1.1341450214385986,7,12,6,17,16,0,-7,0,-24,-9,7,1,1,-6,sil
1.1341450214385986,-8,6,2,11,11,14,1,4,-13,0,0,-7,-5,-7,sil
1.149152755737305,-19,-3,-12,-4,2,16,11,3,0,8,-11,-20,-7,-4,sil
1.149152755737305,-21,-15,-4,-6,5,12,15,-1,3,9,-22,-22,-7,0,sil
1.1644532680511477,-25,-23,-5,-11,-4,7,3,-3,3,0,-31,-23,-16,-5,sil
1.1644532680511477,-25,-18,-18,-27,-18,-3,-10,-3,2,-5,-32,-18,-15,-5,sil
1.180004358291626,0,0,1,-19,-8,-6,-6,2,7,-4,-6,8,2,7,sil
1.180004358291626,21,11,6,2,-1,-6,0,3,19,0,23,26,15,13,sil
1.1951100826263428,21,12,5,1,-3,-11,-10,0,13,3,25,22,11,7,sil
1.1951100826263428,19,11,8,2,8,-9,-6,0,-4,2,17,18,8,1,sil
1.210438251495361,12,4,1,15,16,-4,5,0,-9,-4,18,6,1,0,sil
1.210438251495361,-11,-4,-5,6,3,0,3,0,-5,-7,7,-14,-7,-6,sil
1.226107120513916,-21,-14,-19,-2,-4,6,9,1,1,8,-5,-24,-7,-9,sil
1.226107120513916,-10,-16,-9,-2,-4,11,22,7,8,17,-12,-20,-9,-1,sil
1.2417469024658203,-7,-9,-2,-5,-2,6,10,4,11,11,-13,-13,-6,4,sil
1.2417469024658203,-2,1,-6,0,2,1,-6,-6,14,13,0,0,11,8,sil
1.2577168941497805,13,11,10,10,7,2,-6,-2,11,8,11,18,17,9,sil
1.2587172985076904,7,7,0,2,5,-5,-11,2,0,-9,7,21,0,-5,sil
1.2737998962402344,-12,1,-2,-6,-2,-11,-26,0,-15,-22,1,2,-16,-24,sil
1.2737998962402344,-17,3,9,7,-3,0,-14,0,-26,-23,-6,-14,-23,-25,sil
1.288990497589111,-9,0,0,18,0,6,9,0,-21,-14,-20,-15,-15,-12,sil
1.288990497589111,0,-1,3,7,-2,5,13,-3,0,7,-10,1,5,6,sil
1.3041248321533203,9,0,2,-2,-2,7,15,0,16,24,9,11,20,26,sil
1.3041248321533203,13,-1,2,-8,-7,0,16,0,12,13,7,5,17,25,sil
1.3209195137023926,17,1,11,-8,-12,-7,3,-2,5,-3,5,14,13,13,sil
1.3209195137023926,24,18,8,4,6,0,0,0,-2,-4,19,28,11,7,sil
1.336026668548584,17,13,7,7,19,0,1,3,-18,-9,13,13,-1,-1,sil
1.336026668548584,-1,-10,-3,0,1,-3,-3,-2,-23,-19,-9,-10,-16,-9,sil
1.3522419929504397,-3,-12,0,7,-7,6,0,-7,-12,-3,-13,-7,-10,1,sil
1.3522419929504397,5,-1,11,10,2,15,11,6,8,22,3,6,10,15,sil
1.3668544292449951,-1,-5,-6,-5,0,0,-1,8,19,12,7,0,13,11,sil
1.3668544292449951,-6,-4,-4,-18,-13,-16,-21,-2,2,-17,-4,-1,-1,-3,sil
1.3823659420013428,4,6,-1,-11,-8,-9,-19,-5,-2,-14,4,6,0,-9,sil
1.3833653926849363,4,8,-3,0,2,-5,-12,3,5,-9,16,6,4,-6,sil
1.3986306190490725,-12,3,-3,4,4,-9,-16,6,-3,-18,-1,-7,-8,-12,sil
1.3986306190490725,-25,-5,-18,4,0,-2,-10,0,-14,-3,-17,-23,-9,-15,sil
1.4133756160736084,-17,-4,-2,11,7,13,4,-2,-1,20,-9,-21,0,-6,sil
1.4330182075500488,-4,2,9,22,21,18,12,0,12,22,-7,-11,-5,1,sil
1.4340181350708008,-2,-4,-2,10,12,12,11,0,17,21,-13,-6,-2,7,sil
1.4340181350708008,-6,-16,-5,-16,-7,7,10,0,17,24,-16,-11,4,2,sil
1.4460813999176023,-2,-13,-7,-30,-8,-2,12,2,17,16,-19,-16,0,-6,sil
1.4607391357421875,8,-6,0,-26,-1,-8,6,3,17,7,-11,-3,-1,-4,sil
1.4607391357421875,13,-1,1,-20,-5,-4,-2,0,10,0,9,16,9,-2,sil
1.4607391357421875,1,2,-7,-24,-4,-8,-4,-2,-6,-14,16,14,2,-13,sil
1.476266384124756,-8,9,1,-23,3,-12,0,3,-16,-18,15,5,-6,-13,sil
1.4918503761291504,-1,14,2,1,5,-10,0,1,-14,-4,24,3,0,0,sil
1.4918503761291504,1,11,6,21,4,0,-1,-2,-17,-11,12,-3,-11,1,sil
1.5089097023010254,-7,0,3,16,-3,8,0,0,-21,-25,-14,-12,-29,-6,sil
1.5089097023010254,-10,-4,-5,14,-15,10,6,-2,-14,-15,-19,-7,-24,0,sil
1.5089097023010254,0,-1,3,18,-14,7,11,-3,0,1,-7,1,-10,12,sil
1.5239408016204834,8,-2,-4,15,-2,0,12,-4,12,5,6,7,8,19,sil
1.5239408016204834,12,0,2,6,0,-5,-1,-2,16,3,19,19,7,19,sil
1.5400257110595703,11,9,12,7,2,-6,-17,4,4,-4,21,25,-7,8,sil
1.5556416511535645,7,13,0,19,4,-7,-17,2,-10,-6,17,18,28,0,sil
1.5556416511535645,7,8,9,28,5,2,-4,-1,-14,5,11,11,72,7,sil
1.5556416511535645,2,1,2,23,8,21,12,1,-2,12,-6,-3,31,11,sil
1.5707223415374756,-4,-8,-7,0,1,14,12,4,4,4,-29,-16,-15,-1,sil
1.5871014595031738,1,-9,0,-18,-5,-7,-3,0,12,4,-20,-3,0,-8,sil
1.5871014595031738,15,1,5,-10,0,-12,-8,-3,16,11,9,16,13,1,sil
1.5871014595031738,11,11,12,-8,5,-9,-9,2,-4,-2,11,13,-5,0,sil
1.6028072834014893,-8,2,-2,-15,0,-13,-13,0,-34,-24,-15,-10,-24,-17,sil
1.6028072834014893,-18,-10,-10,-10,0,0,-4,-2,-25,-19,-29,-24,-29,-14,sil
1.6178793907165527,-10,-15,0,-1,2,20,12,5,12,12,-17,-15,-12,5,sil
1.6178793907165527,0,-11,-4,-8,0,10,12,0,30,32,0,-7,4,15,sil
1.632038116455078,1,-7,0,-23,-10,-12,-5,-7,13,20,7,-2,1,6,sil
1.648040533065796,1,-3,-1,-28,-11,-11,-18,0,0,2,12,8,2,0,sil
1.648040533065796,6,8,2,-11,4,0,-16,4,-2,-6,21,15,1,-1,sil
1.6635005474090576,6,19,11,11,17,8,-6,3,-9,-7,20,5,-10,-9,sil
1.6635005474090576,-3,4,-7,20,13,14,11,0,-6,1,1,-14,-14,-16,sil
1.6792922019958496,-12,-10,-7,6,0,17,25,-2,0,2,-15,-22,-11,-10,sil
1.6792922019958496,-19,-16,-14,-11,-16,6,23,-4,2,-6,-12,-18,-8,-6,sil
1.694826364517212,-11,-16,-18,-18,-18,-11,9,0,5,-5,-1,-7,4,-4,sil
1.694826364517212,7,3,3,-3,-4,-18,-3,6,15,0,9,14,22,10,sil
1.7100143432617188,8,18,6,12,3,-21,-21,0,19,0,20,26,24,15,sil
1.7100143432617188,-3,12,7,14,4,-11,-22,-1,8,-2,15,10,8,-5,sil
1.7259879112243652,-5,10,0,14,18,12,6,6,-2,-3,-4,-9,-3,-17,sil
1.7259879112243652,-3,9,-4,16,23,25,24,4,-9,-6,-21,-13,-14,-8,sil
1.7407464981079102,-5,-3,9,10,5,21,17,-2,-7,-4,-19,-12,-18,-6,sil
1.7407464981079102,-1,-10,0,7,-5,11,20,-1,5,6,-7,-13,-5,0,sil
1.755995273590088,0,-7,-4,1,-6,-2,18,3,12,9,-12,-4,1,13,sil
1.755995273590088,0,-4,-1,-2,-8,-10,0,0,5,2,-18,6,0,17,sil
1.7720248699188232,15,1,2,0,-7,-13,-12,-4,2,1,2,16,10,16,sil
1.7720248699188232,25,2,11,-1,-7,-18,-22,0,-4,1,23,25,22,16,sil
1.7877788543701172,11,-8,-1,-19,-14,-21,-31,-2,-22,-9,10,20,7,4,sil
1.7877788543701172,2,-4,-2,-28,-14,-20,-29,-7,-34,-30,-8,6,-11,-10,sil
1.803258895874024,10,14,1,-6,-6,-11,-20,-1,-33,-27,1,5,-13,-9,sil
1.803258895874024,16,24,5,25,6,6,-4,1,-20,-2,20,12,0,3,sil
1.818886041641236,8,8,19,20,18,23,9,2,-5,9,13,6,1,3,sil
1.818886041641236,-13,-10,-3,-3,11,17,12,0,-1,12,1,-15,-1,0,sil
1.8339838981628416,-22,-9,-9,0,6,16,18,4,0,22,-2,-23,-1,0,sil
1.8339838981628416,-12,-2,-1,16,14,26,27,5,16,25,-10,-12,0,-1,sil
1.849132776260376,-11,-10,-9,8,9,12,16,-1,24,15,-10,-10,0,0,sil
1.849132776260376,-10,-8,2,0,-6,-7,2,1,27,13,3,-8,10,14,sil
1.865177869796753,-1,-2,1,0,-7,-8,4,4,36,20,6,-3,19,12,sil
1.865177869796753,-2,-6,-8,-15,-2,-7,0,-7,26,6,-8,-7,8,-9,sil
1.8807704448699951,-7,-9,-4,-27,-8,-11,-12,-11,2,-13,-7,-3,0,-15,sil
1.8807704448699951,2,-2,0,-16,-9,-9,-12,0,0,-14,11,13,5,0,sil
1.8961710929870603,13,9,10,-3,2,-5,-10,2,1,-9,11,17,3,-1,sil
1.8961710929870603,8,12,0,-10,6,-10,-15,-8,-16,-18,-2,7,-6,-17,sil
1.9114189147949217,9,5,-2,-16,-5,-11,-16,-5,-28,-24,1,8,-7,-11,sil
1.9114189147949217,20,9,8,2,-2,2,-4,4,-17,-12,17,14,-1,1,sil
1.927408218383789,7,17,-1,21,13,5,-2,0,-8,-2,11,4,-10,-5,sil
1.927408218383789,-11,10,2,12,12,-2,-12,0,-16,-11,-6,-7,-24,-19,sil
1.943025827407837,-10,1,0,7,2,1,-3,7,-10,-8,-5,-10,-13,-10,sil
1.943025827407837,-11,-4,-8,11,-4,6,11,9,1,3,0,-14,0,0,sil
1.9582154750823968,-19,-11,-2,8,-6,9,11,8,4,3,-15,-23,-10,-3,sil
1.9582154750823968,-12,-13,-5,4,-1,14,17,3,6,8,-27,-24,-14,0,sil
1.9747345447540283,-5,-11,0,-1,-4,15,26,1,2,16,-23,-9,-4,9,sil
1.9747345447540283,-7,-12,-5,1,-7,9,22,0,-4,7,-16,1,0,10,sil
1.9893286228179927,0,-4,-6,6,0,0,14,-6,-2,-4,-9,0,3,12,sil
1.9893286228179927,8,0,2,0,0,0,13,-5,8,1,-8,0,5,12,sil
2.014995574951172,3,-8,-6,-7,-5,-2,11,-1,22,12,-9,2,6,14,sil
2.014995574951172,5,-1,4,-12,-4,-9,0,0,24,14,2,8,13,19,sil
2.014995574951172,16,13,6,-7,-3,-18,-7,1,18,15,30,23,30,23,sil
2.0230095386505127,26,12,0,5,-3,-15,-5,1,22,24,50,37,41,26,sil
2.036123514175415,25,7,14,-1,0,-7,-8,0,14,17,38,28,32,18,sil
2.036123514175415,7,4,1,-20,0,-11,-26,-7,-18,-11,7,0,9,-10,sil
2.05200743675232,-4,3,-2,-11,0,-9,-35,-9,-28,-22,1,0,-4,-27,sil
2.06960678100586,0,6,6,6,5,1,-20,-1,-4,-7,17,16,-4,-12,sil
2.06960678100586,5,7,5,10,8,5,-8,2,-5,-9,15,7,-7,-7,sil
2.06960678100586,0,9,10,15,13,5,-12,2,-23,-22,2,-4,-16,-17,sil
2.0836315155029297,-11,8,5,27,21,8,-8,0,-14,-13,-1,-5,-16,-13,sil
2.099475145339966,-17,-3,2,21,11,11,0,0,-13,-8,-13,-17,-19,-14,sil
2.099475145339966,-15,-13,-8,7,-1,15,6,1,-32,-9,-28,-31,-26,-17,sil
2.099475145339966,-14,-9,-15,-1,2,11,11,-4,-29,-4,-33,-33,-25,-6,sil
2.11518669128418,-19,-5,0,-7,4,3,8,-1,-6,-5,-36,-29,-25,-8,sil
2.116185188293457,-17,-11,-12,-9,-5,4,11,6,16,4,-22,-23,-8,-12,sil
2.13107967376709,-3,-12,-7,-12,-8,4,22,5,31,28,4,-5,19,6,sil
2.13107967376709,5,-1,4,-23,-3,-1,16,0,27,19,11,12,19,16,sil
2.147014141082764,2,4,-4,-27,-6,-13,0,-2,12,-11,0,10,0,2,sil
2.147338628768921,0,0,1,-13,-10,-10,3,5,13,-8,-4,5,0,0,sil
2.163028717041016,2,-6,0,-1,-9,0,22,4,29,21,2,9,11,10,sorry
2.163028717041016,12,-3,0,-9,-12,-1,18,0,31,22,3,14,11,15,sorry
2.176185846328736,11,1,3,-16,-15,-12,-7,-1,11,-2,2,13,9,12,sorry
2.1919100284576416,5,0,2,-6,-10,-19,-21,-3,-8,-16,7,16,7,1,sorry
2.1919100284576416,10,4,12,5,-4,-12,-15,0,-18,-17,14,21,-3,-5,sorry
2.2073779106140137,8,11,1,13,3,-7,-12,4,-21,-11,21,9,-8,-3,sorry
2.2073779106140137,-2,13,1,21,15,-4,-19,0,-26,-8,12,-6,-3,0,sorry
2.2230820655822754,-3,2,8,24,16,7,-12,-2,-25,-5,-7,-10,0,-1,sorry
2.2230820655822754,0,-9,-7,18,5,17,5,-1,-11,10,-10,-9,2,2,sorry
2.238159656524658,3,0,-1,19,4,23,15,-2,1,22,2,-4,3,13,sorry
2.238159656524658,2,8,0,25,9,22,15,-1,10,18,6,-1,4,14,sorry
2.253915548324585,-10,-6,-8,7,5,9,11,0,12,11,-4,-10,2,2,sorry
2.253915548324585,-12,-10,0,-12,-2,0,4,0,7,4,-5,-14,0,-4,sorry
2.27003812789917,3,5,-3,-7,-4,0,-1,-3,4,-3,6,1,5,-4,sorry
2.27003812789917,14,15,5,1,0,-3,-7,0,6,0,13,22,9,0,sorry
2.286079406738281,11,5,4,0,2,-16,-18,1,2,2,0,15,7,-1,sorry
2.286079406738281,4,-5,-5,-14,-5,-27,-27,-1,-10,-17,-11,1,-1,-9,sorry
2.30132269859314,0,2,5,-17,-6,-16,-20,0,-10,-22,7,17,0,-5,sorry
2.30132269859314,0,10,8,-1,5,2,-2,-2,-3,-4,19,17,4,3,sorry
2.31714129447937,-8,-1,5,8,0,8,1,-4,-15,-10,-14,-12,-19,-4,sorry
2.317544937133789,-12,-13,-4,4,-7,12,6,2,-20,-18,-30,-24,-28,-8,sorry
2.3331193923950195,-8,-11,-5,-1,5,25,22,5,1,0,-9,-18,-9,3,sorry
2.3331193923950195,-13,-13,0,-13,7,27,33,2,17,12,-10,-22,-8,0,sorry
2.34843111038208,-9,-14,-13,-21,-3,6,27,0,17,11,-19,-19,-9,-5,sorry
2.34843111038208,11,1,-2,-11,0,-1,11,6,27,14,-2,0,10,7,sorry
2.3644251823425293,15,6,-3,-3,4,0,11,6,42,27,16,12,20,12,sorry
2.3644251823425293,0,-3,-13,-14,0,-11,11,-1,28,24,12,6,10,-3,sorry
2.379212141036988,-7,-1,1,-21,-7,-25,-12,-4,-11,-9,0,0,-1,-13,sorry
2.379212141036988,-6,3,0,-10,-12,-27,-35,-6,-34,-34,0,3,-11,-9,sorry
2.3947410583496094,0,4,7,0,-8,-24,-34,-5,-31,-28,3,5,-12,-8,sorry
2.3947410583496094,1,9,10,3,1,-13,-23,4,-15,-12,8,5,0,-13,sorry
2.4107346534729004,-1,11,-2,14,9,1,-9,8,0,2,16,4,7,-7,sorry
2.4107346534729004,-3,6,4,16,9,10,0,2,-7,6,7,0,0,0,sorry
2.4264707565307617,0,1,3,15,2,8,0,-3,-23,0,-4,-5,-2,2,sorry
2.4264707565307617,10,6,11,32,3,11,6,0,-11,5,2,4,5,13,sorry
2.44171404838562,13,12,16,48,10,18,16,1,5,17,2,5,8,18,sorry
2.44171404838562,-4,-1,-5,28,6,14,15,-7,-1,5,-18,-13,-3,7,sorry
2.4568896293640137,-17,-15,-2,3,0,7,14,-4,0,-5,-23,-13,-5,4,sorry
2.4568896293640137,0,-9,-1,0,-2,5,13,0,18,9,-6,2,11,19,sorry
2.472797155380249,24,0,0,-4,-9,-3,4,-1,24,21,7,18,21,28,sorry
2.472797155380249,26,-1,2,-12,-15,-9,0,0,19,13,15,21,21,12,sorry
2.488217353820801,9,0,-6,-7,-4,-6,-1,0,12,-1,11,6,10,-7,sorry
2.488217353820801,-4,0,-4,-9,5,-1,-3,0,10,-3,5,-1,-2,-9,sorry
2.503747940063477,-8,-7,-7,-26,1,-1,3,2,23,8,14,5,0,0,sorry
2.503747940063477,-5,-14,-7,-42,-14,-7,-4,5,16,0,12,4,1,-2,sorry
2.5191798210144043,-8,-10,-9,-40,-22,-14,-21,1,-17,-32,-11,-5,-20,-15,sorry
2.5191798210144043,-12,-3,-12,-21,-8,-9,-18,-3,-25,-40,-29,-12,-31,-22,sorry
2.5345945358276367,0,9,9,-1,9,0,-10,0,-13,-13,-12,-5,-12,-17,sorry
2.5345945358276367,0,21,6,5,13,0,-9,0,-17,1,9,2,2,-11,sorry
2.5497400760650635,-19,7,-9,-6,8,0,-8,-5,-27,-17,-6,-11,-10,-12,sorry
2.5497400760650635,-24,-8,-3,-12,8,9,0,-2,-21,-25,-28,-27,-22,-19,sorry
2.56490445137024,5,1,2,18,8,14,20,3,-2,1,-6,-11,-5,-4,sorry
2.580047369003296,24,13,17,43,2,6,25,1,-1,17,12,5,7,13,sorry
2.580047369003296,7,-5,6,32,1,5,3,-1,-11,15,8,0,10,10,sorry
2.580047369003296,-7,-12,-6,21,5,13,-5,1,-3,20,10,2,11,11,sorry
2.596181631088257,-2,7,5,29,4,17,5,0,7,18,7,13,2,21,sorry
2.610788583755493,0,8,-2,26,7,9,16,-6,9,13,-6,3,0,15,sorry
2.610788583755493,0,-8,1,-2,7,2,19,-1,14,20,-10,-8,7,2,sorry
2.610788583755493,8,-9,2,-24,-7,-1,10,6,26,18,3,-1,13,6,sorry
2.625972986221313,14,-1,0,-19,-21,-12,-4,2,24,1,19,17,16,14,sorry
2.64270567893982,10,2,11,-10,-17,-15,-9,-2,15,-1,15,21,14,6,sorry
2.64270567893982,4,4,0,-9,-5,-12,-14,-2,11,0,-1,2,0,-12,sorry
2.6567623615264893,0,5,-3,-11,4,-12,-28,0,6,-9,-2,0,-8,-22,sorry
2.6571295261383057,-6,10,-3,-9,10,-12,-28,0,-1,-19,9,9,-5,-16,sorry
4.024049282073975,10,6,8,-7,3,0,-6,3,0,-17,12,15,-4,1,sorry
4.024049282073975,1,6,-2,-4,12,9,4,-1,1,-15,5,2,0,2,sorry
4.024049282073975,-6,3,7,7,15,13,8,3,-4,-9,-3,-9,-1,-2,sorry
4.031155824661255,-3,2,7,19,15,24,18,8,3,7,-5,-9,-3,0,sorry
4.047178268432617,-4,-4,-10,2,8,21,32,3,14,14,-14,-12,0,3,sorry
4.047178268432617,-13,-11,-17,-20,-6,-8,18,0,3,3,-29,-16,1,0,sorry
4.062738418579102,-6,-5,-14,-23,-15,-31,-10,-2,-7,-4,-14,-6,6,-1,sorry
4.063738822937012,9,6,7,-13,-11,-25,-16,-3,-3,-13,13,14,11,-1,sorry
4.07879114151001,10,14,6,2,1,-8,0,3,0,-15,21,22,7,-5,sorry
4.07879114151001,6,16,5,14,8,1,7,6,-6,-13,8,11,0,-5,sorry
4.09429407119751,8,13,13,16,8,10,1,-1,-7,-8,1,3,-2,-3,sorry
4.09429407119751,3,5,-3,16,6,10,0,-5,0,1,3,4,0,-1,sorry
4.110381364822388,-9,-6,-1,10,0,5,0,1,0,12,-1,0,-3,0,sorry
4.110381364822388,-6,-10,3,6,-1,6,0,1,7,21,-4,-1,-1,2,sorry
4.12608528137207,6,-5,2,3,-4,1,1,-8,22,26,-4,4,3,9,sorry
4.141364574432373,3,-9,5,-9,-11,-9,-5,-8,14,19,-6,4,2,1,sorry
4.141364574432373,0,-11,-10,-15,-8,-17,-15,0,2,8,4,3,6,-6,sorry
4.141364574432373,3,0,-2,-10,-1,-15,-23,5,0,-5,20,17,3,-6,sorry
4.157191753387451,2,6,15,-6,-2,-8,-21,3,-8,-14,24,26,-7,-4,sorry
4.157191753387451,3,6,12,4,9,5,-2,2,-15,-6,21,19,-4,4,sorry
4.172147512435913,-4,9,4,15,15,17,8,0,-19,-5,2,1,-7,2,sorry
4.172147512435913,-29,-1,-18,7,0,11,-3,-6,-23,-20,-23,-23,-28,-17,sorry
4.1880199909210205,-30,-3,-8,1,-3,8,-2,0,-14,-20,-25,-34,-28,-14,sorry
4.1880199909210205,-7,7,5,12,12,19,24,8,8,8,-10,-28,0,12,sorry
4.204113483428955,1,1,-7,10,15,21,30,8,24,33,-5,-26,19,23,sorry
4.204113483428955,0,-8,-6,-5,4,8,17,7,25,26,-6,-30,20,13,sorry
4.219129323959351,0,-13,-13,-16,-9,-7,10,0,14,3,-16,-53,3,-4,sorry
4.219129323959351,1,-14,-11,-20,-19,-13,0,-9,0,-9,-26,-54,-7,-13,sorry
4.236754655838013,12,-5,0,-19,-10,-8,-8,-3,0,-6,-7,-4,5,0,sorry
4.236754655838013,20,0,0,-13,-5,-14,-6,4,9,-6,19,40,22,14,sorry
4.252120733261108,21,2,11,-5,-10,-20,-3,-2,8,-13,21,44,15,2,sorry
4.252120733261108,16,11,4,0,-1,-13,0,-10,-4,-12,14,34,1,-12,sorry
4.267347097396851,5,7,3,-7,9,-6,-2,-1,-14,-6,12,29,-1,-7,sorry
4.267347097396851,-2,-5,6,-2,0,-8,-15,1,-8,1,13,25,3,0,sorry
4.282407522201538,-5,-2,-1,12,-8,-8,-20,-5,-18,-2,5,11,-3,-9,sorry
4.282407522201538,-2,10,8,20,0,0,-16,-2,-37,-17,-8,0,-25,-17,sorry
4.298151969909668,2,15,9,26,17,10,-3,4,-18,-13,-2,6,-17,1,sorry
4.298151969909668,-2,8,4,26,14,16,10,1,6,3,5,12,3,14,sorry
4.313826084136963,-11,0,0,17,5,19,17,-1,1,7,-3,1,0,4,sorry
4.33005428314209,-9,0,-10,12,4,18,14,0,1,6,-16,-6,-11,1,sorry
4.33005428314209,-7,-1,-1,2,-3,14,13,3,13,11,-22,-11,-10,7,sorry
4.33005428314209,-6,-7,-2,-4,-10,7,19,7,20,23,-12,-14,-3,9,sorry
4.34438681602478,-2,-9,-4,-10,-4,1,15,2,27,25,1,-6,6,13,sorry
4.359556674957275,-8,-7,-4,-23,-5,-1,1,-1,26,12,-1,-2,10,3,sorry
4.359556674957275,-9,-3,-10,-17,-11,-7,-7,0,9,-1,-2,-6,6,-9,sorry
4.377925157546997,10,2,7,-2,-5,-11,-10,1,-5,-9,9,5,9,0,sorry
4.377925157546997,13,-1,1,-12,0,-8,-10,-1,0,-6,10,9,13,2,sorry
4.377925157546997,0,-7,-10,-29,0,-8,-14,-2,7,0,6,0,7,-10,sorry
4.393390893936157,4,4,4,-15,0,-14,-20,0,-3,-7,17,3,3,-13,sorry
4.393390893936157,13,11,0,1,4,-18,-17,-3,-17,-13,23,9,6,-3,sorry
4.407081842422485,5,8,6,-1,6,-8,-6,-2,-14,-2,15,4,9,1,sorry
4.407081842422485,5,10,13,3,7,4,-1,2,-7,1,12,3,14,3,sorry
4.423125743865967,12,8,8,21,7,2,-10,2,-12,-7,6,3,5,0,sorry
4.439325094223023,0,1,4,15,9,3,-11,-2,-11,-9,-2,-5,-9,-6,sorry
4.439325094223023,-18,0,-12,5,9,11,8,-5,-1,-3,-8,-20,-16,-7,sorry
4.454224586486816,-20,0,-7,17,2,12,15,1,-7,-6,-19,-25,-23,-10,sorry
4.454224586486816,-2,0,-1,31,0,5,15,9,-8,1,-16,-11,-14,-3,sorry
4.469847202301025,13,0,2,24,0,7,27,6,16,30,6,6,8,21,sorry
4.469847202301025,3,-3,6,3,0,14,27,0,20,34,1,2,0,15,sorry
4.485957145690918,-18,-19,-19,-14,-6,7,10,-6,-1,0,-34,-21,-27,-9,sorry
4.4871156215667725,-16,-18,-13,-16,-11,0,8,-2,-3,-12,-41,-23,-25,-4,sorry
4.4871156215667725,4,-1,6,-4,-5,4,7,2,12,12,-6,7,1,9,sorry
4.501717805862427,10,0,0,-9,-2,-2,-8,2,8,5,6,17,11,0,sorry
4.518192529678345,0,-9,-3,-24,-9,-11,-17,0,1,-22,-15,1,0,-3,sorry
4.518192529678345,-3,-11,-3,-21,-11,-5,-10,-2,11,-12,-14,0,0,6,sorry
4.518192529678345,7,-4,8,-18,-5,-4,-1,0,17,1,15,20,16,10,sorry
5.829163551330566,1,4,-1,-9,8,11,13,4,36,29,1,-7,16,9,sorry
5.829163551330566,3,0,-5,-17,9,-5,0,2,21,-2,4,-6,11,3,sorry
5.844173431396484,-7,-11,-9,-25,-6,-16,-1,-1,9,-10,-1,-11,6,5,sorry
5.844173431396484,1,-8,0,-23,-12,0,13,0,25,13,10,1,17,15,sorry
5.859767198562622,13,0,-6,-21,0,3,10,1,33,27,31,13,28,18,sorry
5.859767198562622,8,1,3,-20,-1,-14,-12,1,21,12,29,12,16,10,sorry
5.875790357589722,5,4,5,-9,-7,-17,-14,2,9,-2,9,5,-3,0,sorry
5.875790357589722,1,3,0,-9,3,-1,-7,-1,0,-17,-7,-2,-18,-11,sorry
5.890950679779053,0,1,1,-17,10,0,-14,-8,-2,-26,-2,0,-21,-18,sorry
5.890950679779053,1,2,-3,-4,-1,-18,-27,-8,-5,-17,6,6,-15,-12,sorry
5.9068989753723145,-1,3,6,7,-9,-18,-34,0,-31,-6,0,2,-14,-10,sorry
5.9068989753723145,-5,3,8,18,0,5,-10,0,-42,-2,-1,-1,-10,-11,sorry
5.922364950180054,-1,6,2,38,14,18,18,-2,-19,5,3,1,-2,4,sorry
5.922364950180054,-1,7,12,40,12,15,15,2,-12,14,-4,0,0,10,sorry
5.938087463378906,-2,1,7,24,6,16,13,-3,-14,15,-3,0,10,9,sorry
5.953133821487427,0,-4,4,16,4,20,23,-6,2,14,-2,0,13,13,sorry
5.953133821487427,-7,-4,-4,10,0,13,17,2,11,11,-21,-16,4,6,sorry
5.953133821487427,-8,-2,-7,3,-10,5,10,3,7,7,-18,-18,5,0,sorry
5.9687180519104,10,1,1,1,-9,0,17,0,20,10,10,4,17,12,sorry
5.96971869468689,18,2,-9,-7,-5,-7,16,3,28,3,17,20,15,15,sorry
5.984736680984497,12,0,0,-22,-8,-14,0,5,8,-29,3,18,6,2,sorry
5.984736680984497,9,-5,1,-22,-11,-13,-13,1,-2,-35,3,14,1,-3,sorry
6.0007805824279785,1,-4,-13,-18,-6,-14,-14,-1,0,-6,8,6,-1,-7,sorry
6.0007805824279785,-10,-2,-4,-25,-5,-14,-9,2,-12,-11,-10,-3,-15,-21,sorry
6.015967845916748,-22,-13,-9,-30,-10,-7,-10,0,-32,-36,-31,-20,-31,-36,sorry
6.036644697189331,-21,-13,-3,-20,-7,-1,-11,-1,-23,-29,-18,-22,-27,-31,sorry
6.038153171539307,-2,6,8,3,10,0,-1,4,5,0,2,-7,-9,-9,sorry
6.038153171539307,5,16,2,22,20,3,2,4,13,10,4,-1,0,0,sorry
6.038153171539307,0,7,8,15,13,8,-3,0,7,8,10,2,0,0,sorry
6.047709703445435,6,0,3,14,17,10,0,-1,10,15,22,14,7,16,sorry
6.062734127044678,14,9,3,30,22,11,7,1,4,29,18,22,14,28,sorry
6.062734127044678,8,15,7,26,13,16,10,0,4,33,7,15,11,15,sorry
6.07813286781311,3,0,-6,3,6,10,8,-5,16,26,0,4,3,8,sorry
6.09373140335083,8,-10,1,3,0,0,7,0,16,23,0,1,9,14,sorry
6.09373140335083,7,-5,1,9,-13,-4,6,0,14,20,4,-2,20,14,sorry
6.110783815383911,0,-6,-4,-8,-20,-12,0,-2,11,8,-7,-18,3,5,sorry
6.110783815383911,-7,-12,-4,-20,-18,-21,-11,-2,-6,-9,-19,-25,-13,-2,sorry
6.110783815383911,-1,-7,-5,-12,-18,-20,-16,0,-10,-19,-4,-10,3,2,sorry
6.127994060516357,10,5,16,-3,-8,-4,-14,2,-2,-12,17,16,24,9,sorry
6.127994060516357,8,17,11,5,8,1,-10,-5,-16,-11,21,22,12,0,sorry
6.139550924301148,-4,17,0,5,9,-10,-19,-14,-45,-27,7,8,-14,-16,sorry
6.15514874458313,-10,10,8,0,2,-11,-23,-5,-54,-31,-3,4,-21,-17,sorry
6.15514874458313,-20,0,3,3,1,11,-3,1,-32,-19,-7,-4,-13,-11,sorry
6.17023515701294,-39,-11,-1,3,0,27,17,0,-2,-14,-28,-29,-18,-17,sorry
6.17023515701294,-29,-13,-14,-4,-4,20,27,4,19,1,-33,-33,-15,-13,sorry
6.186183929443359,2,-11,-14,-7,-4,16,34,9,38,26,-8,-13,3,11,sorry
6.186183929443359,12,-9,-2,-12,0,17,29,4,43,25,0,-1,12,19,sorry
6.201088905334473,10,-4,-10,-15,0,7,11,-2,33,11,-2,5,10,7,sorry
6.201088905334473,17,-2,-4,-20,-3,-6,0,0,23,6,10,22,12,3,sorry
6.216609477996826,14,-6,-5,-22,-6,-13,-5,1,15,0,7,16,7,0,sorry
6.216609477996826,5,0,-5,-10,-2,-18,-15,-8,-2,-15,-12,1,-4,-10,sorry
6.232270479202271,4,9,6,3,2,-16,-22,-7,-19,-23,-3,3,-10,-17,sorry
6.232270479202271,0,4,-3,3,4,-12,-18,3,-19,-12,16,6,-6,-11,sorry
6.247796058654785,0,3,2,0,0,-13,-14,8,-10,0,17,3,0,0,sorry
6.247796058654785,1,8,11,7,-2,-9,-8,5,-5,2,16,6,-1,0,sorry
6.263147592544556,5,7,9,26,10,1,2,5,-9,3,17,11,-5,0,sorry
6.263147592544556,10,12,17,41,23,15,11,8,-10,13,12,12,2,12,sorry
6.278814792633057,4,10,3,35,12,14,7,0,-10,15,1,0,1,19,sorry
6.278814792633057,-6,-5,0,14,0,10,1,-7,-12,8,-9,-14,-16,7,sorry
6.293836832046509,-5,-8,1,3,11,17,9,-4,4,11,-10,-14,-12,2,sorry
6.293836832046509,0,-2,-7,0,12,13,13,0,23,17,-11,-12,-13,2,sorry
6.309221506118774,-2,-10,-5,-10,-8,0,5,-3,12,11,-20,-17,-22,-6,sorry
6.309221506118774,-3,-16,-12,-19,-18,-7,0,-5,4,0,-11,-9,42,-10,sorry
6.3247270584106445,2,-2,-2,-21,-14,-19,-12,-6,-1,-20,10,12,93,-5,sorry
6.3247270584106445,3,12,7,-15,-10,-26,-22,-3,-20,-29,14,20,25,-4,sorry
6.340764045715332,3,15,4,0,0,-12,-4,8,-18,-11,8,10,-24,0,sorry
6.340764045715332,2,13,13,15,10,5,7,14,-2,1,8,4,0,0,sorry
6.356797933578491,-12,0,-4,5,3,13,7,-1,2,0,2,-6,0,-1,sorry
6.356797933578491,-22,-14,-13,-12,-3,16,22,-6,18,5,-11,-16,-24,6,sorry
6.372811317443848,-7,-8,-1,-6,0,14,32,7,35,15,-12,-8,-12,19,sil
6.372811317443848,1,0,-6,-2,0,6,10,6,27,11,-3,2,-1,15,sil
6.387939214706421,-3,-1,-3,-19,-9,-7,-14,-3,15,0,-2,3,-4,3,sil
6.387939214706421,-1,-4,-4,-16,-16,-19,-21,-8,11,-3,-2,5,-1,-4,sil
6.404026985168457,10,3,4,1,-4,-14,-18,-7,-8,-7,4,10,-3,-12,sil
6.404026985168457,10,10,14,5,7,-1,-17,-4,-34,-22,7,4,-14,-16,sil
6.420053720474243,-1,3,0,9,6,6,-8,0,-34,-20,-1,-10,-20,-11,sil
6.420053720474243,-9,-9,2,16,0,11,5,2,-23,0,-16,-18,-16,-3,sil
6.436025619506836,-11,-16,-5,11,-1,10,11,0,-16,9,-21,-22,-10,0,sil
6.436025619506836,-8,-15,-9,0,-3,7,4,-2,-7,0,-18,-17,-7,3,sil
6.451784133911133,-2,-10,0,-9,-7,2,-2,0,1,-1,-8,5,0,0,sil
6.451784133911133,6,-3,-2,-7,-9,-17,-13,1,6,2,11,23,16,6,sil
6.466860294342041,20,15,7,3,-2,-22,-22,0,14,14,33,25,31,12,sil
6.482030868530273,28,26,9,11,5,-2,-9,3,29,26,42,26,37,6,sil
6.482030868530273,30,24,10,12,11,5,7,7,26,19,42,33,33,11,sil
6.482030868530273,23,24,14,14,18,2,14,4,11,3,36,26,22,20,sil
6.498178243637085,4,10,-4,3,16,0,12,0,0,-6,7,-1,0,1,sil
6.498178243637085,-14,-13,-7,-19,0,2,8,2,-11,-24,-30,-24,-24,-22,sil
6.51278018951416,-23,-18,-8,-18,-5,4,11,-1,-16,-25,-36,-29,-31,-23,sil
6.51278018951416,-24,-11,-9,-2,0,1,0,-7,-26,-11,-28,-31,-27,-20,sil
6.528886079788208,-21,-9,0,1,1,0,-18,-1,-37,-19,-30,-28,-30,-24,sil
6.528886079788208,-11,-7,-7,7,4,10,-5,0,-17,-21,-22,-21,-24,-15,sil
6.545196771621704,-6,-4,0,7,2,15,13,0,10,12,-6,-11,-1,1,sil
6.545196771621704,-6,-3,0,0,-5,6,8,4,19,33,0,0,14,11,sil
6.559331178665161,0,-2,-5,0,-4,1,10,0,22,22,2,10,8,12,sil
6.573900461196899,5,-2,3,0,-2,0,19,-2,19,20,-1,7,3,12,sil
6.573900461196899,0,-8,-10,-13,-12,-15,7,0,16,16,-5,2,13,15,sil
6.590169668197632,2,-9,-5,-15,-14,-19,-14,1,18,-1,0,13,20,15,sil
6.590169668197632,12,1,8,-1,-3,-6,-10,0,20,0,19,29,23,14,sil
6.590169668197632,14,15,7,1,3,-1,2,0,8,4,32,29,19,12,sil
6.6047728061676025,14,19,10,0,3,-7,-8,0,-17,-18,17,18,-2,-2,sil
6.62083911895752,7,14,0,4,2,-9,-21,-3,-35,-30,3,3,-20,-17,sil
6.62083911895752,-9,9,2,9,7,1,-12,-3,-20,-7,11,-5,-14,-12,sil
6.639931917190552,-17,7,6,13,16,9,-1,1,-1,5,12,-14,-2,-8,sil
6.639931917190552,-13,4,-1,16,11,10,2,-2,-9,-3,-5,-26,-5,-8,sil
6.639931917190552,-9,-2,3,10,0,18,15,-3,-8,1,-16,-20,-5,1,sil
6.653086185455322,-3,-15,-6,-5,-1,13,15,4,8,19,-12,-5,5,9,sil
6.667346239089966,3,-15,-3,-20,-8,-5,-2,4,6,7,-11,1,9,4,sil
6.667346239089966,12,0,9,-8,-8,-12,-5,1,14,-6,2,13,15,9,sil
6.682911396026611,20,4,2,3,-3,-12,-4,1,27,5,22,23,17,10,sil
6.682911396026611,8,-1,2,-14,-16,-18,-27,0,-10,-10,5,7,-9,-14,sil
6.701019525527954,-4,-1,-4,-14,-17,-5,-27,-7,-52,-42,-20,-10,-34,-28,sil
6.701019525527954,2,2,2,20,4,18,5,-2,-31,-14,-9,-6,-16,-4,sil
6.701019525527954,4,-1,5,26,11,27,21,4,7,28,2,-7,9,10,sil
6.714504241943359,-8,-11,-17,-1,2,18,21,1,24,24,-9,-16,6,9,sil
6.730500221252441,-8,-11,-7,-12,-2,3,22,0,28,8,-15,-9,-1,9,sil
6.730500221252441,6,-3,0,-7,-1,-9,15,0,26,12,0,2,5,13,sil
6.746172428131104,12,4,0,-7,0,-14,0,0,13,6,6,7,15,14,sil
6.746172428131104,2,5,0,-9,-1,-8,-7,0,0,-10,2,7,9,3,sil
6.761272192001343,-5,-1,-9,-8,0,-8,-9,-2,-5,-13,3,10,0,-11,sil
6.761272192001343,-4,2,3,-1,8,-12,-10,1,-7,-13,7,12,-4,-19,sil
6.777149438858032,-3,13,5,8,8,-9,-11,3,-7,-16,9,1,-16,-19,sil
6.777149438858032,-2,8,4,8,5,1,-9,-3,-8,-6,7,-7,-16,-12,sil
6.792737483978272,0,2,11,9,16,11,5,0,-4,11,3,4,-2,-2,sil
6.792737483978272,-4,5,0,19,18,16,18,5,-3,10,-5,-3,-2,0,sil
6.808717727661133,-14,0,-1,15,1,15,9,0,-15,-5,-21,-26,-17,-7,sil
6.808717727661133,-17,-16,-9,0,-11,4,6,-7,-15,0,-20,-22,-11,-2,sil
6.824233770370483,-11,-20,-12,-14,-14,0,12,-4,0,13,-9,-5,2,11,sil
6.824233770370483,0,-7,3,-18,-10,5,4,2,5,10,-13,-2,6,12,sil
6.840230941772461,4,0,-5,-9,-3,0,-13,0,3,1,-10,1,8,7,sil
6.840230941772461,9,5,-1,-4,-3,-13,-22,0,10,-3,11,22,13,9,sil
6.855761528015137,15,7,6,-6,-4,-10,-16,0,12,-7,24,32,15,8,sil
6.855761528015137,15,13,4,0,2,-6,-12,-1,4,-6,17,20,6,0,sil
6.871156692504883,12,22,9,10,6,-6,-10,2,1,1,18,12,2,0,sil
6.871156692504883,5,14,0,13,4,-2,-5,3,0,0,21,6,9,0,sil
6.887125015258789,-5,0,6,13,6,0,1,1,-5,-7,5,-6,5,0,sil
6.887125015258789,-12,-3,2,16,4,1,10,2,-5,0,-3,-18,0,0,sil
6.902517080307007,-14,-15,-15,4,-3,6,12,0,0,14,-3,-19,0,0,sil
6.902517080307007,-15,-24,-3,-14,-5,11,9,0,11,15,-10,-16,0,-1,sil
6.918093919754028,-3,-12,0,-13,0,2,8,0,26,20,-9,-10,0,2,sil
6.918093919754028,15,0,0,-7,-4,-10,2,-2,20,13,2,0,7,3,sil
6.934136152267456,17,1,1,-17,-12,-11,-5,-6,0,-9,7,13,3,0,sil
6.934136152267456,9,0,1,-22,-10,-5,-6,-4,-14,-22,1,13,-4,0,sil
6.949885606765747,12,6,10,-9,-6,-2,-4,2,-18,-23,-4,2,-12,-10,sil
6.949885606765747,14,11,1,9,-2,0,4,2,-14,-16,-4,-7,-16,-14,sil
6.966018199920654,6,9,2,19,6,9,10,2,-14,-4,-7,-6,-13,-2,sil
6.966018199920654,-3,-1,7,15,7,14,4,2,-20,-5,-15,-3,-4,1,sil
6.98114824295044,-9,-8,-6,12,1,8,3,-1,-11,0,-9,-1,0,1,sil
6.98114824295044,-4,-6,-1,12,7,7,9,0,7,20,2,1,3,13,sil
6.9962897300720215,-3,-8,-8,4,9,7,10,0,15,24,-1,1,7,11,sil
6.9962897300720215,-6,-14,-11,-14,-7,0,0,-6,15,3,-7,2,6,0,sil
7.012295961380005,-6,-10,0,-24,-10,-5,-5,-3,18,-5,8,11,6,0,sil
7.012295961380005,-12,0,-6,-19,2,-11,-7,2,5,-10,9,2,0,-7,sil
7.028265476226807,-23,7,-2,-13,5,-15,-17,0,-19,-24,-12,-13,-19,-30,sil
7.028265476226807,-16,15,0,0,8,-7,-19,-1,-22,-17,-2,-6,-14,-17,sil
7.0438501834869385,-4,22,10,22,16,4,-2,2,-11,0,17,6,0,7,sil
7.0438501834869385,-1,16,14,26,15,11,4,2,-8,1,2,1,-2,0,sil
7.059338331222534,4,2,-2,18,8,11,4,1,3,8,-6,-9,1,1,sil
7.059338331222534,16,0,8,16,2,8,13,7,22,23,8,-5,19,22,sil
7.076033592224121,15,-4,1,10,-2,2,12,0,22,20,7,0,15,25,sil
7.076033592224121,15,-11,-9,0,-8,-2,-1,-10,12,9,-6,2,2,13,sil
7.091081380844116,16,-7,1,-8,-12,-4,-5,-5,14,12,0,8,9,12,sil
7.091081380844116,6,-5,-5,-21,-9,-15,-9,1,11,-1,16,12,11,7,sil
7.107003211975098,-2,-7,-4,-28,-7,-22,-21,0,-7,-22,9,13,-2,-10,sil
7.107003211975098,-6,-1,0,-13,-9,-12,-17,0,-17,-13,-1,5,-10,-24,sil
7.122262001037598,-4,1,-3,-4,-8,0,-9,4,-14,-1,0,-3,-9,-20,sil
7.122262001037598,-3,0,-3,-4,0,8,-4,3,-17,-8,-1,-10,-12,-9,sil
7.138243198394775,-7,0,-7,6,7,15,18,0,-10,-6,-14,-18,-12,0,sil
7.138243198394775,-6,-1,9,7,4,15,39,2,14,13,-24,-16,-4,5,sil
7.153743505477905,3,-6,6,-5,-6,4,23,3,24,19,-17,-1,4,9,sil
7.153743505477905,7,-1,-4,-10,-13,-12,-6,-4,4,-4,-4,6,3,2,sil
7.169026136398315,5,9,9,-3,-8,-19,-19,-4,-13,-23,8,9,-2,-9,sil
7.169026136398315,7,13,4,10,5,-5,-5,1,-9,-10,20,7,0,-7,sil
7.184616565704346,4,15,12,25,22,17,13,3,-3,3,16,0,8,3,sil
7.184616565704346,-4,10,13,29,22,22,26,0,-3,6,0,-1,9,5,sil
7.200146675109863,-16,-12,-13,9,0,8,16,-6,-5,8,-12,-11,-3,-5,sil
7.200146675109863,-21,-24,-19,-15,-15,0,-10,-3,-4,1,-14,-21,-12,-13,sil
7.216185808181763,-7,-13,-15,-21,-11,-4,-20,0,9,0,-3,-7,6,1,sil
7.216185808181763,11,-1,-1,-16,-7,-13,-11,0,15,4,9,18,21,16,sil
7.23180627822876,18,5,6,-6,-5,-8,-7,2,5,1,23,27,17,8,sil
7.23180627822876,15,15,4,3,7,-2,-9,5,-5,2,28,22,8,7,sil
7.247931718826294,1,9,7,-3,11,-3,-8,2,-12,-2,13,8,-3,3,sil
7.247931718826294,-10,0,-5,-1,6,0,-2,1,-5,-7,-1,-10,-10,-8,sil
7.263526678085327,0,11,4,27,18,15,8,3,11,11,-3,-4,2,-1,sil
7.263526678085327,6,16,13,34,20,17,16,-1,13,24,-2,3,7,12,sil
7.279000520706177,-10,-6,-4,8,0,0,11,-4,0,6,-7,-8,-3,7,sil
7.279000520706177,-16,-21,-1,-1,-13,0,10,1,1,-8,-17,-20,-12,0,sil
7.294608116149902,-9,-17,-10,-5,-8,6,13,0,7,-10,-29,-23,-16,0,sil
7.294608116149902,-6,-13,-8,-17,-9,-3,5,-5,2,-12,-28,-17,-16,0,sil
7.309732913970947,8,-4,11,-12,-5,-15,-3,-2,1,-4,-6,7,-3,3,sil
7.309732913970947,31,5,5,-2,-2,-18,-16,-1,-1,-4,15,27,7,4,sil
7.325815200805664,21,10,2,-12,-10,-20,-39,-6,-20,-21,13,19,-2,-5,sil
7.325815200805664,-3,9,-4,-17,-6,-20,-43,-6,-27,-21,2,3,-17,-24,sil
7.341046333312988,-4,5,-3,-8,3,-10,-24,1,-15,-8,11,0,-8,-29,sil
7.341046333312988,1,6,5,0,5,5,-3,6,0,-3,24,5,7,-7,sil
7.356241464614868,-7,6,-1,12,6,13,10,6,11,3,7,0,3,5,sil
7.356241464614868,-16,0,-1,14,5,16,19,5,5,7,-22,-16,-14,-9,sil
7.372245788574219,-20,-7,-11,1,0,23,19,3,-4,7,-27,-25,-17,-18,sil
7.372245788574219,-22,-8,-12,0,0,20,24,2,-2,12,-14,-17,-1,-3,sil
7.38811993598938,-5,-3,8,13,2,16,33,3,9,21,0,1,21,12,sil
7.38811993598938,15,1,5,18,7,12,26,0,22,30,7,8,27,25,sil
7.403132915496826,11,0,8,8,4,2,5,0,15,24,3,9,12,28,sil
7.420171499252319,5,-2,9,-2,-7,-7,0,-2,4,5,4,10,14,15,sil
7.420171499252319,10,-5,-1,-15,-9,-13,-2,-6,6,-7,5,3,19,0,sil
7.420171499252319,0,-9,-8,-28,-6,-18,-20,-3,0,-9,-7,-5,0,-8,sil
7.435202598571777,-11,-11,-12,-27,-13,-24,-28,-2,-12,-12,-8,-1,-8,-5,sil
7.435202598571777,0,-3,9,-17,-15,-14,-13,-1,-7,-15,15,10,4,0,sil
7.451732397079468,10,7,5,-6,-1,2,0,7,7,-9,30,12,7,1,sil
7.451732397079468,5,10,-10,2,7,4,-1,6,8,-1,17,2,-1,-1,sil
7.466124773025513,2,12,4,16,8,0,-4,-3,-2,-1,2,-1,-5,-8,sil
7.466124773025513,5,14,5,27,11,2,7,-2,-11,0,5,2,-3,-4,sil
7.483085155487059,7,11,10,28,16,8,16,2,-13,0,5,5,-9,7,sil
7.483085155487059,12,2,4,27,14,12,14,0,0,8,-1,5,-9,9,sil
7.497479915618896,10,-4,-6,21,5,12,17,0,18,22,-1,1,5,10,sil
7.497479915618896,3,0,5,5,2,8,17,4,28,24,-1,-3,11,20,sil
7.513017654418945,-2,-3,-7,-10,-2,-8,0,-1,18,7,-12,-8,-1,11,sil
7.514019012451172,-9,-18,-19,-33,-22,-23,-25,-9,-6,-17,-21,-5,-13,-16,sil
7.530085325241089,-18,-17,-8,-46,-20,-13,-30,-6,-24,-36,-15,-8,-14,-27,sil
7.530085325241089,-18,2,-1,-18,4,-1,-19,-1,-31,-37,-8,-14,-14,-22,sil
7.545957326889038,-13,13,8,8,9,-4,-16,-1,-38,-28,-7,-3,-13,-17,sil
7.545957326889038,-15,2,0,10,0,0,-14,0,-34,-12,-3,3,-7,-8,sil
7.5603461265563965,-10,-6,4,14,0,14,2,7,-10,2,-2,-5,-7,0,sil
7.561344623565674,-5,-5,8,16,2,15,20,8,8,13,-6,-16,-6,0,sil
7.576092481613159,-5,-4,-8,0,1,0,17,3,19,18,-5,-13,10,2,sil
7.576092481613159,3,-1,-1,-8,-2,-2,11,9,38,26,3,2,25,11,sil
7.590226888656616,10,0,-4,-9,-8,0,8,7,47,27,13,13,23,13,sil
7.605816602706909,8,3,-2,-14,-8,-9,-8,-4,19,8,14,17,15,7,sil
7.605816602706909,16,18,12,-3,2,-14,-15,-6,-8,-12,19,24,9,0,sil
7.622132778167725,22,21,10,14,14,0,1,0,-4,-8,25,23,2,0,sil
7.622132778167725,14,12,13,14,13,12,11,2,0,10,17,10,2,6,sil
7.638332366943359,9,7,3,14,2,12,8,-1,-8,12,1,-2,-1,6,sil
7.638332366943359,4,-2,1,17,-3,10,1,-13,-25,-14,-19,-16,-23,-3,sil
7.652183294296265,-7,-14,-2,3,-3,14,-7,-14,-37,-36,-38,-24,-38,-17,sil
7.652183294296265,-12,-12,-14,-6,0,11,0,-3,-25,-13,-30,-23,-22,-12,sil
7.6681318283081055,-5,-6,0,0,0,3,16,4,0,18,-7,-10,1,4,sil
7.6681318283081055,-3,-16,-1,-2,-4,-3,12,5,18,22,4,0,17,11,sil
7.682892560958862,-6,-21,-14,-20,-14,-12,3,6,21,8,2,1,21,9,sil
7.682892560958862,-6,-11,-4,-26,-15,-10,8,6,28,8,0,3,15,12,sil
7.698795318603516,-4,-6,-12,-16,-2,-3,11,3,42,24,2,2,14,14,sil
7.698795318603516,-4,-7,-6,-17,0,-3,-3,1,34,19,4,0,14,3,sil
8.246728420257568,10,4,11,-10,-5,-11,-16,-4,-2,-10,13,21,11,0,sil
8.247057914733887,9,0,-3,-7,0,-10,-15,-2,-1,-7,16,18,12,-1,sil
8.262186765670776,9,1,2,0,-2,-8,0,2,-1,2,15,17,7,-5,sil
8.262186765670776,3,7,4,0,0,-4,0,2,-12,-1,9,10,1,-10,sil
8.278096437454224,0,6,-1,1,1,-6,-10,-5,-17,-18,0,-6,-3,-16,sil
8.278096437454224,-7,1,3,-1,-5,-4,-14,-4,-18,-29,-6,-15,-14,-21,sil
8.293241500854492,-17,3,-6,-5,-6,1,-11,0,-29,-25,-10,-19,-22,-21,sil
8.308959484100342,-23,0,-4,0,3,6,-5,0,-41,-19,-28,-31,-27,-16,sil
8.308959484100342,-24,-9,-10,6,1,12,5,-1,-36,-18,-38,-38,-29,-9,sil
8.308959484100342,-13,-13,-14,3,-5,19,18,3,-16,-14,-23,-21,-16,6,sil
8.32400107383728,-1,-9,0,-4,0,19,19,7,1,10,-10,-7,4,22,sil
8.33902883529663,-3,-11,-8,-13,0,6,10,1,17,30,-11,-14,8,17,sil
8.33902883529663,-7,-7,-7,-17,-3,0,3,-1,27,19,-16,-10,-1,9,sil
8.35470962524414,0,0,-3,-10,3,-1,7,-1,32,8,-10,1,-1,8,sil
8.35470962524414,2,1,-8,-10,0,-16,0,0,23,5,0,0,-1,-6,sil
8.369758367538452,-2,0,0,-16,-12,-27,-19,3,6,-10,1,-2,-9,-27,sil
8.369758367538452,2,6,7,-4,0,-11,-21,3,1,-17,5,7,-8,-22,sil
8.385823965072632,18,14,15,4,14,0,-13,3,0,-9,8,12,-5,-11,sil
8.385823965072632,13,17,10,0,2,-5,-12,0,-4,-7,10,7,-4,-17,sil
8.402252912521362,-6,9,5,9,-2,-11,-14,-7,-11,-7,16,2,0,-16,sil
8.402252912521362,-11,2,16,27,4,-1,-14,-1,-14,-1,15,1,1,-3,sil
8.417881488800049,-2,0,1,21,5,11,-5,5,-9,1,0,-5,0,7,sil
8.417881488800049,0,-5,-1,10,0,21,6,0,0,7,-10,-8,-1,9,sil
8.432106256484985,2,-5,6,18,2,22,14,-2,17,27,7,5,11,13,sil
8.432106256484985,10,2,0,25,8,14,18,1,31,41,26,20,27,29,sil
8.4482421875,9,3,1,11,9,7,23,5,29,33,19,23,26,36,sil
8.4482421875,1,-11,-12,-13,2,3,25,0,22,22,8,17,22,28,sil
8.463531494140625,4,-18,-8,-33,-10,-8,9,-3,10,11,2,17,25,16,sil
8.463531494140625,12,-5,2,-21,-12,-16,-8,-3,-7,-3,4,25,22,7,sil
8.479080438613892,14,6,-4,0,-2,-16,-12,-2,-17,-20,10,21,12,0,sil
8.479080438613892,6,8,3,-7,-1,-9,-5,-5,-20,-29,7,3,-3,-8,sil
8.495110511779785,-4,0,-2,-15,-6,-2,2,-3,-22,-21,-3,-10,-13,-16,sil
8.495110511779785,-5,1,-3,3,0,4,10,5,-14,-3,-8,-14,-10,-4,sil
8.509746074676514,-4,4,8,15,12,14,11,9,-1,5,-6,-14,-7,9,sil
8.509746074676514,-12,-4,0,0,4,10,5,1,0,10,-14,-23,-15,5,sil
8.525915145874023,-8,-9,0,-3,-12,-4,-2,0,3,3,-26,-21,-13,-3,sil
8.525915145874023,7,3,-1,2,-6,-14,-6,-2,8,-9,-10,0,0,-4,sil
8.541115760803223,7,8,-1,-5,3,-8,-16,-6,2,-19,8,12,-3,-13,sil
8.541115760803223,0,0,3,-9,0,-3,-28,-1,-4,-20,0,0,-24,-27,sil
8.55681037902832,-4,1,-1,6,3,-8,-23,4,-9,-16,-8,-16,-26,-28,sil
8.55681037902832,-16,7,4,12,7,-4,-8,3,-26,-15,0,-16,-15,-24,sil
8.572291135787964,-20,2,-3,12,6,10,6,0,-29,-7,0,-16,-6,-17,sil
8.572291135787964,-9,-4,-10,15,5,20,18,0,-9,0,-11,-22,-6,-3,sil
8.587913036346436,-12,-6,-6,1,-3,16,19,-1,5,0,-23,-24,-11,1,sil
8.587913036346436,-16,-12,-18,-14,-18,1,17,-1,14,8,-18,-16,0,7,sil
8.602951765060425,4,-10,0,-10,-13,0,19,0,30,22,0,4,21,21,sil
8.602951765060425,18,0,8,-2,1,2,12,1,37,17,9,16,24,21,sil
8.618739604949951,9,0,-2,-11,0,-11,-8,-3,20,6,9,15,14,6,sil
8.618739604949951,8,-3,7,-20,-11,-20,-17,0,-1,2,20,24,12,5,sil
8.633759260177612,14,0,5,-16,-8,-7,-18,4,-13,-7,21,30,4,4,sil
8.633759260177612,11,9,10,-3,3,3,-25,-2,-20,-19,2,20,-10,-10,sil
8.649128198623657,7,11,11,14,15,4,-14,-6,-11,-1,2,12,-1,-6,sil
8.649128198623657,9,8,6,27,19,7,8,4,11,22,18,17,14,17,sil
8.664716958999634,1,3,12,22,12,13,14,7,12,24,11,9,6,15,sil
8.664716958999634,-9,-5,0,6,0,8,12,-4,0,18,-14,-12,-7,0,sil
8.68076491355896,-7,-13,-8,-13,-3,-1,11,-4,3,14,-28,-18,-7,2,sil
8.68076491355896,-1,-9,-11,-25,-1,-7,0,1,6,1,-14,-5,1,0,sil
8.697259902954102,0,3,-8,-9,0,-13,-17,1,-10,-13,7,4,8,-9,sil
8.697259902954102,11,25,14,17,0,-16,-24,2,-21,-11,21,16,8,-1,sil
8.712850093841553,15,29,8,30,4,-11,-13,1,-8,-2,23,15,7,12,sil
8.712850093841553,-8,0,0,15,1,-1,-2,-4,-8,-8,2,-11,-2,-2,sil
8.728920698165894,-24,-23,-8,-2,0,15,9,-3,-19,-13,-19,-32,-16,-19,sil
8.728920698165894,-8,-13,-12,-2,5,25,30,3,-1,-1,-16,-23,-8,0,sil
8.743949890136719,0,-4,-2,0,0,13,33,10,29,7,-7,-10,8,14,sil
8.743949890136719,-10,-17,-20,-16,-12,-5,3,2,29,6,-2,-17,7,-9,sil
8.759457349777222,-6,-8,-10,-24,-9,-11,-16,-2,15,0,15,-2,3,-22,sil
8.760457754135132,9,19,15,-3,0,-8,-6,4,10,-4,28,26,10,0,sil
8.77511477470398,2,16,9,9,0,-8,0,4,-6,-9,11,17,1,2,sil
8.77511477470398,-10,-1,8,6,3,0,2,0,-23,-11,-5,-5,-14,-6,sil
8.790778160095215,-3,-5,-1,7,6,11,16,1,-8,-1,-6,-8,-9,7,sil
8.790778160095215,0,-9,-2,0,-5,6,17,0,1,2,-20,-14,-12,15,sil
8.806960105895996,-6,-16,5,-12,-18,-4,0,-10,-2,-4,-33,-21,-21,-1,sil
8.806960105895996,-1,-7,-2,-10,-13,-9,-15,-12,4,-12,-14,0,-6,-7,sil
8.822615623474121,17,7,2,-10,-7,-11,-25,-1,2,-14,8,24,5,-3,sil
8.822615623474121,22,13,2,-7,2,-8,-20,0,-13,-7,14,24,0,-3,sil
8.838065385818481,13,13,5,12,13,3,-6,-2,-6,5,11,16,0,0,sil
8.838065385818481,2,12,12,33,13,12,0,0,6,13,0,5,2,3,sil
8.854220867156982,-4,3,-3,28,7,11,5,0,-9,13,-18,-7,-1,0,sil
8.854220867156982,-8,-8,-6,-3,0,13,13,0,-24,10,-27,-11,-5,0,sil
8.869338989257812,-8,-14,-13,-27,-8,12,13,0,0,14,-14,-11,-2,2,sil
8.869338989257812,-7,-9,-13,-19,-7,4,8,1,22,14,1,-10,5,3,sil
8.88487982749939,-5,-5,-1,-7,0,-2,3,1,11,4,7,0,12,1,sil
8.88487982749939,3,-3,-5,-11,0,-11,-8,-1,0,-4,15,7,14,4,sil
8.899988174438477,18,7,12,-8,3,-14,-17,2,5,-1,28,20,18,8,sil
8.899988174438477,18,17,15,10,13,-4,-2,5,10,1,34,30,19,3,sil
8.91595458984375,3,15,2,11,16,-6,3,0,8,-5,22,12,1,-9,sil
8.91595458984375,-2,7,8,-1,9,-12,-8,0,6,-13,7,-9,-12,-15,sil
8.93065595626831,-4,0,2,2,3,-3,-10,3,2,-11,4,-9,-7,-2,sil
8.93065595626831,-8,2,5,13,4,4,0,2,-5,-3,1,-2,-3,7,sil
8.947026252746582,-5,1,1,17,2,0,3,0,-8,9,-1,-6,-2,1,sil
8.947026252746582,-8,-10,-11,13,-6,0,2,4,-11,7,-9,-16,-4,-3,sil
8.960625886917114,-18,-14,-7,2,-10,12,1,4,-13,-6,-21,-19,-10,-1,sil
8.97623872756958,-16,-11,-8,0,-5,15,4,-4,-5,2,-22,-13,-6,4,sil
8.97623872756958,-6,-12,1,2,-2,11,11,-6,-3,13,-18,-13,-3,4,sil
8.991301774978638,-1,-9,0,1,0,8,14,0,0,3,-17,-12,-10,0,sil
8.991301774978638,8,2,-9,-1,-2,0,14,0,18,10,-6,1,3,3,sil
9.007227659225464,17,6,2,-9,-11,-7,7,-1,31,28,2,17,23,12,sil
9.007227659225464,9,-6,-3,-29,-13,-9,-1,0,24,8,0,14,14,5,sil
9.022526979446411,4,-9,-2,-36,-7,-9,-5,0,0,-26,3,11,0,-3,sil
9.022526979446411,6,9,4,-10,-4,-11,-3,0,-16,-23,14,17,3,-2,sil
9.038193941116331,5,17,4,10,-11,-17,-14,-3,-11,-11,16,15,1,-6,sil
9.038193941116331,2,10,11,5,-6,-17,-32,-6,-17,-25,9,9,-10,-12,sil
9.053792476654053,0,11,-1,5,11,-6,-21,-5,-34,-24,8,3,-7,-9,sil
9.053792476654053,2,13,1,13,18,6,1,0,-24,-1,10,5,-3,-1,sil
9.069903135299684,1,4,8,12,10,12,3,2,-4,0,2,2,-8,0,sil
9.069903135299684,-12,-6,-4,8,8,12,0,0,-4,-12,-17,-19,-17,-9,sil
9.085936546325684,-21,-8,-1,7,7,11,8,2,-3,-8,-30,-29,-18,-17,sil
9.085936546325684,-10,-9,-5,6,7,11,13,1,11,5,-14,-12,-2,0,sil
9.10128664970398,1,-8,-1,2,4,13,10,1,21,20,2,0,9,16,sil
9.10128664970398,2,-6,2,-2,-3,11,11,4,18,28,0,-6,7,9,sil
9.11645245552063,0,-8,-10,-6,-1,2,13,2,15,18,-11,-11,4,3,sil
9.11645245552063,0,-7,-5,-8,1,-3,7,1,17,7,-9,-7,8,5,sil
9.132114887237549,-1,-2,-3,-9,-7,-6,5,2,21,13,5,-3,9,3,sil
9.132114887237549,3,-1,0,-9,-12,-7,7,1,12,14,12,1,6,2,sil
9.14811873435974,15,-1,8,-5,-3,-4,1,-1,4,5,10,11,7,7,sil
9.14811873435974,15,6,2,0,0,-10,-19,-5,0,-1,20,22,12,5,sil
9.163970947265623,10,18,13,1,3,-12,-30,-3,-11,-7,28,26,4,-5,sil
9.163970947265623,6,16,9,1,10,-3,-15,1,-22,-15,15,14,-8,-8,sil
9.179191589355469,0,3,0,6,3,1,-2,0,-24,-14,-3,1,-12,1,sil
9.179191589355469,-8,2,5,11,-3,0,-1,0,-21,-1,-13,-1,-5,6,sil
9.19480323791504,-11,-3,-9,2,0,5,3,0,-11,1,-13,-9,-5,1,sil
9.19480323791504,-16,-19,-8,-12,-4,7,4,1,-6,-6,-17,-17,-14,-5,sil
9.209938764572144,-14,-18,-8,-6,-15,2,3,0,0,1,-16,-15,-7,-3,sil
9.209938764572144,0,1,-2,4,-8,1,5,0,14,15,0,-1,12,5,sil
9.225077629089355,6,9,11,1,3,3,7,0,22,9,16,14,23,7,sil
9.225077629089355,0,0,-3,0,0,-1,9,-3,15,0,9,9,23,5,sil
9.240155220031738,-1,-1,-2,1,-7,-5,3,-6,4,-9,-6,-5,8,1,sil
9.240155220031738,4,10,3,0,1,-6,-3,-1,1,-12,-1,2,-2,-4,sil
9.256075382232666,13,16,1,0,8,-12,-5,1,0,-5,13,18,0,-7,sil
9.256075382232666,14,13,11,1,2,-12,-4,2,0,-4,18,14,0,0,sil
9.27113127708435,7,13,6,7,5,-1,-5,0,0,-4,15,7,-1,3,sil
9.27113127708435,0,10,1,4,10,5,-10,0,-8,-7,3,2,-6,-2,sil
9.28707766532898,-5,1,-4,3,5,7,-13,1,-18,-17,-9,-7,-18,-14,sil
9.28707766532898,-11,-6,-7,14,9,3,-3,1,-18,-13,-16,-16,-24,-12,sil
9.302751779556274,-10,-11,1,11,12,0,3,0,-16,-5,-25,-22,-23,-9,sil
9.302751779556274,-8,-19,-14,-7,3,7,6,-1,-12,0,-25,-27,-19,-10,sil
9.31811785697937,-5,-22,-8,-13,-4,17,13,0,-2,12,-12,-18,-7,-3,sil
9.31811785697937,-6,-17,1,-7,-9,15,15,0,2,22,-6,-8,1,5,sil
9.333250761032104,-11,-12,-11,-6,-8,3,10,1,7,11,-10,-10,0,8,sil
9.333250761032104,-3,0,2,-1,0,1,7,5,20,15,-2,5,8,8,sil
9.348752975463867,10,2,5,0,-1,3,6,4,30,35,11,22,31,13,sil
9.348752975463867,10,-5,2,-16,-11,-2,2,0,24,21,7,18,35,13,sil
9.365886688232422,0,-5,0,-21,-7,-9,-3,-1,13,0,0,5,19,2,sil
9.365886688232422,0,3,-5,-5,-7,-7,-3,-4,3,-7,2,0,0,-7,sil
9.380069255828856,10,12,4,0,-9,-2,5,-1,-1,-6,9,5,-8,-1,sil
9.395243167877195,18,18,6,1,0,-6,9,1,3,-3,22,12,4,11,sil
9.395243167877195,14,22,9,3,-2,-15,-8,0,2,-12,18,11,3,9,sil
9.395243167877195,1,11,4,-4,-15,-14,-24,-1,-10,-27,0,2,-13,-3,sil
9.413848876953123,-9,-2,-10,-5,-5,-10,-22,0,-12,-17,6,-2,-13,-8,sil
9.413848876953123,-15,0,2,7,8,-5,-19,0,-14,-10,13,-4,-10,-9,sil
9.426960706710815,-14,2,1,12,6,-2,-21,-3,-23,-21,-5,-8,-15,-14,sil
9.44406533241272,-5,0,0,11,3,1,-15,-6,-19,-13,-3,-5,-7,-11,sil
9.44406533241272,13,7,11,21,13,6,1,0,-1,11,21,9,9,3,sil
9.44406533241272,17,15,6,27,22,9,13,2,0,15,13,10,13,9,sil
9.460352420806885,0,0,9,12,11,14,12,0,-7,4,-16,-7,6,2,sil
9.47196364402771,-8,-13,-4,0,-2,17,19,0,0,10,-20,-11,3,8,sil
9.47196364402771,5,-8,-10,5,0,11,28,3,9,15,-7,5,3,18,sil
9.48811960220337,5,-6,3,7,10,12,24,3,8,10,-8,3,2,8,sil
9.48811960220337,-15,-21,-12,-8,2,13,22,-2,7,10,-25,-22,-1,1,sil
9.50384783744812,-19,-22,-11,-25,-9,0,13,-4,8,6,-33,-17,-7,3,sorry
9.50384783744812,-8,-10,-4,-26,-11,-9,-3,0,12,2,-11,3,0,0,sorry
9.518919706344604,0,-8,-4,-27,-10,-10,-11,1,13,4,8,4,7,-5,sorry
9.518919706344604,6,0,3,-24,-2,-15,-11,0,2,-5,0,0,0,-9,sorry
9.534423112869264,13,13,1,-8,5,-20,-20,-2,-10,-23,-4,8,0,-10,sorry
9.534423112869264,8,6,4,-7,-2,-15,-26,0,-4,-9,15,17,4,-4,sorry
9.550360441207886,1,0,-2,-15,-8,-8,-17,0,7,13,25,13,2,-3,sorry
9.550360441207886,3,13,0,2,5,-5,-10,-2,-3,0,9,4,-6,-13,sorry
9.56613063812256,3,24,15,28,8,0,-14,2,-21,-25,3,-1,-15,-15,sorry
9.56613063812256,-2,15,4,31,2,8,-4,6,-16,-9,17,-2,-11,-7,sorry
9.581924438476562,2,8,5,23,10,16,15,2,0,14,21,0,2,0,sorry
9.581924438476562,8,5,4,23,6,10,14,0,4,14,15,-1,5,9,sorry
9.598050832748411,-6,0,-7,19,-12,5,0,0,-3,2,2,-13,-10,7,sorry
9.598050832748411,-22,-8,-4,4,-11,16,7,2,-7,-7,-21,-20,-21,-10,sorry
9.614070177078249,-17,-16,-18,-5,0,16,20,0,10,-7,-29,-21,-11,-9,sorry
9.614070177078249,-3,-10,-5,-1,-5,1,13,0,20,6,-12,-10,5,18,sorry
9.630138874053957,7,-1,12,11,-4,-1,11,-1,7,20,2,11,15,29,sorry
9.630138874053957,12,-5,-2,11,3,0,16,-2,0,9,-1,12,11,15,sorry
9.64641261100769,5,-8,-1,-9,0,-3,10,0,1,-1,-9,0,7,10,sorry
9.64641261100769,-3,-5,-4,-23,-12,-11,-1,0,0,0,0,3,18,13,sorry
9.661464214324951,-1,-7,-2,-20,-17,-15,-11,-3,-10,-8,4,16,20,4,sorry
9.661464214324951,11,-5,6,-16,-8,-11,-14,-1,-1,-13,6,20,13,0,sorry
9.676783561706545,16,4,2,-14,6,-9,-12,2,14,0,14,13,13,5,sorry
9.676783561706545,5,13,4,-13,8,-14,-18,4,14,1,9,3,5,-4,sorry
9.69272232055664,-2,8,-6,-14,4,-14,-26,3,4,-12,0,1,-7,-20,sorry
9.69272232055664,-7,-3,-5,-21,7,-1,-12,0,-4,-18,-6,0,-17,-23,sorry
9.707728624343872,-16,-7,-1,-20,8,5,8,-5,-14,-20,-23,-14,-25,-26,sorry
9.707728624343872,-10,0,-4,-3,10,0,7,-10,-14,-8,-21,-14,-17,-22,sorry
9.723369121551514,8,14,13,15,19,1,0,0,-10,12,6,1,0,-6,sorry
9.723369121551514,9,9,7,17,15,13,2,5,-14,9,9,-4,-3,1,sorry
9.738494634628296,-4,-5,-1,6,-3,11,-3,1,-14,-6,-12,-19,-17,0,sorry
9.738494634628296,-4,-6,9,4,-9,1,-7,0,-6,3,-14,-12,-11,2,sorry
9.754311084747314,-1,-5,3,14,0,3,17,4,0,26,-2,-11,1,8,sorry
9.754311084747314,-5,-5,0,17,4,22,31,2,9,25,-1,-15,1,8,sorry
9.771800994873049,-3,4,-4,23,7,28,21,-1,23,22,5,-2,1,11,sorry
9.771800994873049,0,4,-1,24,-2,9,12,1,26,25,14,6,5,13,sorry
9.785192251205444,-3,-6,2,5,-17,-3,7,4,23,17,11,3,9,10,sorry
9.785192251205444,3,-2,-7,1,-9,-1,5,0,23,9,13,15,18,16,sorry
9.801072120666504,20,12,7,15,2,-1,0,-1,10,4,26,38,22,21,sorry
9.801072120666504,14,8,2,9,-2,-8,-14,-3,-11,-13,21,27,11,7,sorry
9.816638946533203,4,0,-8,-6,-9,-19,-25,-8,-23,-31,0,8,0,-9,sorry
9.816638946533203,4,0,3,-10,-10,-22,-24,-5,-18,-30,0,9,1,-10,sorry
9.832525253295898,-6,-1,-1,-16,-13,-15,-22,-1,-14,-33,6,-1,-2,-10,sorry
9.832525253295898,-19,-3,-7,-28,-16,-8,-26,-1,-25,-44,-10,-18,-22,-24,sorry
9.848447799682615,-11,0,-11,-18,-1,-3,-14,1,-30,-32,-16,-11,-24,-26,sorry
9.848447799682615,0,6,-6,1,17,1,2,3,-11,-7,-1,-5,-5,-10,sorry
9.86348557472229,3,8,12,15,15,3,5,7,6,5,-3,-12,0,-4,sorry
9.86348557472229,1,0,3,15,5,6,14,12,18,23,-10,-8,0,6,sorry
9.878938674926758,0,-6,3,3,9,17,35,5,34,40,-10,0,8,23,sorry
9.878938674926758,-1,-9,-1,-5,11,18,33,-2,34,38,-14,-8,10,15,sorry
9.894973754882812,2,-7,-11,-5,2,0,10,-2,14,21,-14,-13,6,3,sorry
9.894973754882812,6,0,2,-8,0,-4,2,0,4,3,-4,0,11,9,sorry
9.91036081314087,3,1,-1,-14,2,0,0,-3,0,-2,0,10,10,4,sorry
9.91036081314087,0,-5,2,-20,-5,-9,-14,-4,-17,-9,-1,7,-5,-13,sorry
9.926209926605225,1,-3,7,-18,-11,-18,-15,0,-23,-17,3,4,-10,-8,sorry
9.926209926605225,0,4,0,-2,-2,-7,-1,0,-9,-11,9,2,-1,4,sorry
9.942091464996338,-4,6,3,11,3,4,0,4,-10,-3,4,1,-7,-6,sorry
9.942091464996338,-13,0,-7,16,2,5,-1,-2,-19,-7,-2,-4,-18,-17,sorry
9.95695662498474,-13,-9,-4,8,2,10,8,-8,-9,-3,-9,-12,-12,0,sorry
9.95695662498474,0,-9,5,6,2,19,29,0,13,16,-1,-5,0,14,sorry
9.973153591156006,7,-4,0,9,0,11,27,4,26,27,12,5,7,9,sorry
9.973153591156006,-4,-5,3,-5,-9,-7,-5,2,21,14,10,1,8,0,sorry
9.988988399505615,-6,-5,-5,-24,-18,-21,-31,0,6,-6,0,-1,3,0,sorry
9.988988399505615,14,10,1,-11,-14,-19,-31,0,-5,-22,7,10,-1,-5,sorry
10.003604888916016,22,24,15,9,0,-10,-24,-3,-10,-20,23,18,0,-9,sorry
10.003604888916016,5,16,3,12,8,-6,-22,-5,-15,-16,17,9,0,-7,sorry
10.01915168762207,-2,14,5,23,14,3,-8,0,-18,-11,0,2,0,0,sorry
10.01915168762207,4,18,2,41,19,20,17,3,0,12,0,0,6,11,sorry
10.036266088485718,9,7,1,33,14,23,25,4,17,29,6,0,7,22,sil
10.036266088485718,0,-10,0,11,8,19,17,4,14,12,-4,-2,1,12,sil
10.059765338897703,-12,-20,-12,-2,4,11,15,0,10,7,-12,-9,2,0,sil
10.059765338897703,-12,-16,-5,-17,-7,-1,7,0,8,18,-14,-17,5,0,sil
10.059765338897703,-11,-14,-10,-28,-19,-12,-8,0,5,6,-19,-21,0,-2,sil
10.066966533660889,-15,-17,-15,-37,-20,-14,-15,-3,1,-15,-12,-15,-5,-13,sil
10.08400273323059,-6,-7,0,-36,-12,-15,-14,-2,-4,-15,0,0,-1,-13,sil
10.08400273323059,10,8,2,-12,-2,-17,-13,-3,-11,-12,2,8,-3,-9,sil
10.099611520767212,11,12,11,3,-1,-12,-6,0,-10,-22,4,14,-13,-16,sil
10.099611520767212,-3,8,4,4,0,-2,3,2,-6,-13,14,13,-8,-13,sil
10.114150762557983,-1,7,-1,15,10,7,9,-2,-6,4,0,1,0,1,sil
10.114150762557983,7,4,9,29,21,18,15,-2,-3,9,-18,-5,-2,6,sil
10.131103515625,-3,-8,-2,15,11,16,20,0,4,6,-16,-5,-3,5,sil
10.131103515625,-10,-19,-6,-10,-9,4,12,0,4,8,-9,0,0,12,sil
10.14616632461548,4,-15,-5,-19,-16,-1,2,1,0,9,-7,3,7,15,sil
10.14616632461548,3,-4,-10,-20,-9,0,-2,0,-1,-1,-2,1,11,7,sil
10.161159753799438,-2,7,0,-14,0,-2,-10,1,1,-8,8,9,10,4,sil
10.161159753799438,19,21,6,3,1,-9,-11,5,7,0,30,28,21,14,sil
10.177705526351929,25,21,17,10,2,-9,-2,4,0,0,36,20,23,13,sil
10.177705526351929,0,9,5,7,12,0,5,0,-16,-14,12,-6,-1,-2,sil
10.192309856414797,-6,4,-5,21,17,10,5,0,-12,-10,-9,-17,-26,-8,sil
10.20938229560852,2,9,10,29,4,8,1,1,1,3,-8,-8,-25,-9,sil
10.20938229560852,-4,0,1,14,0,2,4,0,5,14,0,-7,-13,-11,sil
10.20938229560852,-10,-16,-5,0,0,6,11,0,12,13,-6,-19,-10,0,sil
10.22397255897522,-1,-15,-3,0,-1,8,3,2,25,15,-9,-17,-4,12,sil
10.240075588226318,3,-3,-2,-3,-2,-7,-13,-6,19,15,-1,0,11,2,sil
10.240075588226318,3,-1,5,-18,-4,-15,-22,-8,-2,-1,0,8,19,-13,sil
10.240075588226318,0,-5,-8,-24,-8,-7,-17,-4,-13,-12,7,1,15,-10,sil
10.256047248840332,-1,0,0,-15,-4,-8,-15,-2,-14,-6,17,8,10,-7,sil
10.256047248840332,0,6,12,-2,1,-11,-11,-1,-14,-9,10,14,0,-15,sil
10.272231578826904,0,3,0,9,1,-1,0,0,-13,-17,-5,0,-9,-10,sil
10.272231578826904,-11,0,0,12,0,6,9,3,-14,-8,-11,-12,-10,4,sil
10.287923574447632,-24,-7,-6,0,-4,6,10,0,-8,0,-15,-14,-11,2,sil
10.287923574447632,-20,-11,-11,-11,-6,8,12,2,9,2,-25,-16,-14,-5,sil
10.30351185798645,-11,-6,-9,-10,0,7,11,7,25,7,-24,-12,-11,-2,sil
10.30351185798645,-5,-2,-14,-12,-1,-4,-2,0,25,5,-10,-1,-3,0,sil
10.318143606185911,8,4,7,-13,-11,-11,-16,-5,11,-1,5,16,4,2,sil
10.319144010543823,22,20,11,5,-1,-5,-10,1,3,0,22,30,12,9,sil
10.334468841552734,16,20,6,28,11,3,-1,4,-3,1,16,20,5,5,sil
10.349384784698486,8,3,12,27,9,13,4,1,-14,2,0,4,0,4,sil
10.349384784698486,12,-2,6,19,8,15,23,0,-4,13,8,6,10,17,sil
10.364609956741331,13,-1,6,10,5,12,33,0,16,17,12,8,15,20,sil
10.364609956741331,4,-13,-9,-2,-3,8,17,-1,16,10,-4,-8,4,9,sil
10.364609956741331,0,-20,-15,-13,-10,-6,3,-2,4,5,-6,-14,4,5,sil
10.381235361099243,7,-2,4,-10,-8,-18,0,1,4,2,11,8,17,9,sil
10.382235288619995,10,7,0,-10,-1,-14,-9,-1,-2,-12,12,11,13,5,sil
10.396278858184814,-3,1,0,-18,3,-5,-13,-2,-20,-27,4,-2,-6,-10,sil
10.41283369064331,-10,0,1,-14,4,-1,-1,0,-22,-21,8,0,-12,-19,sil
10.41283369064331,-10,2,-2,-6,4,1,-7,0,-23,-14,3,0,-12,-16,sil
10.41283369064331,-17,10,5,7,11,3,-20,0,-23,-11,-10,-19,-21,-21,sil
10.428033590316772,-13,17,1,31,21,0,-7,-1,-9,2,-10,-21,-13,-18,sil
10.428033590316772,1,6,2,29,10,7,-1,0,0,10,-5,-4,0,-1,sil
10.44219136238098,5,-6,-1,9,-5,10,-9,1,0,5,-10,-6,-3,6,sil
10.460429906845093,2,-5,-3,4,-5,3,-2,0,4,4,-22,-14,-8,6,sil
10.460429906845093,0,-4,1,-9,-10,0,2,0,4,0,-21,-8,-1,4,sil
10.460429906845093,-7,-16,-12,-31,-27,-8,-4,0,5,-5,-7,-3,4,0,sil
10.473324537277222,-7,-18,-8,-25,-24,-16,-8,1,14,2,0,0,2,-2,sil
10.489301919937134,0,-6,-3,-9,-6,-6,0,0,21,10,8,12,9,6,sil
10.489301919937134,11,3,-1,-12,0,0,0,1,19,1,23,26,20,13,sil
10.507914543151855,8,6,10,-17,-4,-11,-11,1,5,-9,21,22,6,0,sil
10.507914543151855,-10,2,-3,-2,-4,-8,-15,-3,-13,-10,2,-3,-15,-23,sil
10.507914543151855,-11,6,2,16,11,16,2,-4,-17,-1,0,-10,-12,-15,sil
10.520045280456545,10,12,14,27,29,28,27,3,-2,11,13,7,4,12,sil
10.536150693893433,8,4,0,21,21,18,35,0,9,17,0,1,5,14,sil
10.536150693893433,-7,-4,-2,7,4,11,30,-1,8,14,-23,-16,-5,0,sil
10.551301956176758,-3,-5,-3,1,1,5,24,0,14,18,-11,-9,0,8,sil
10.551301956176758,10,0,5,0,-2,-4,14,5,31,18,15,10,21,24,sil
10.567036151885986,17,11,9,-2,-4,-13,5,2,36,10,19,21,33,21,sil
10.567036151885986,16,15,0,-3,2,-20,-7,0,12,-1,10,18,17,7,sil
10.58228039741516,9,8,7,-2,0,-22,-29,1,-19,-10,6,9,-2,-9,sil
10.58228039741516,2,2,1,0,-6,-16,-32,-3,-28,-13,6,7,-8,-15,sil
10.597724676132202,2,4,2,8,3,-1,-12,-5,-21,-9,3,7,-10,-9,sil
10.597724676132202,-5,-1,7,8,8,9,-2,1,-22,-16,-9,-10,-19,-12,sil
10.612852096557615,-27,-21,-13,-1,-4,7,-9,-1,-32,-27,-29,-33,-30,-22,sil
10.612852096557615,-28,-16,-11,0,-5,7,-5,-4,-27,-16,-26,-27,-27,-14,sil
10.62813949584961,-6,-1,-9,8,3,13,14,3,-5,10,-5,-10,-6,4,sil
10.62813949584961,-4,-12,-7,-6,-3,10,18,3,6,10,-4,-8,4,11,sil
10.64368772506714,-13,-19,0,-21,-15,1,0,-4,9,0,-9,-2,5,5,sil
10.64368772506714,1,0,-3,-8,-6,-5,-12,-7,12,2,0,8,13,3,sil
10.659740209579468,24,11,3,-4,2,-10,-11,-2,7,-4,5,13,14,7,sil
10.659740209579468,14,0,-7,-19,-3,-5,-7,-1,7,-17,3,3,3,0,sil
10.67488980293274,-10,-6,-17,-29,-14,-4,-12,0,2,-19,0,-12,-9,-20,sil
10.67488980293274,-16,0,-1,-16,-7,-12,-21,3,-16,-15,-3,-11,-17,-24,sil
10.691200017929075,0,9,9,16,9,-4,-10,3,-18,0,1,4,-10,-5,sil
10.691200017929075,9,9,22,36,12,19,14,3,0,14,11,12,1,4,sil
10.706151485443115,-1,-1,2,24,3,28,30,4,10,14,7,0,3,10,sil
10.706151485443115,0,-2,-7,10,0,16,29,1,12,14,-3,-4,4,23,sil
10.721566677093506,10,3,8,6,1,1,21,0,15,14,-4,3,11,17,sil
10.721566677093506,5,0,1,-3,3,-9,11,-1,14,15,1,1,12,2,sil
10.737067461013794,3,-1,2,-14,0,-16,2,-1,10,15,5,3,6,2,sil
10.737067461013794,8,7,5,-10,-1,-19,-7,0,8,8,13,19,8,6,sil
10.753112316131592,7,11,2,-5,1,-17,-20,3,0,-1,23,26,11,1,sil
10.753112316131592,5,16,15,0,12,-6,-21,2,-2,-2,20,14,8,-4,sil
10.769710302352903,3,13,7,12,10,0,-13,0,0,-3,3,0,2,-3,sil
10.769710302352903,0,0,3,16,0,5,-4,1,-7,-5,-2,-6,-1,0,sil
10.783860683441162,2,-2,-5,14,4,17,8,6,-12,5,-2,-8,0,2,sil
10.784862279891968,0,-3,-15,8,8,19,17,0,0,15,-17,-12,0,5,sil
10.799028396606444,-5,-11,-3,-6,-6,8,13,-1,14,10,-29,-11,0,7,sil
10.813435077667236,0,-14,-8,-15,-15,0,11,0,22,6,-15,-4,3,9,sil
10.813435077667236,-1,-9,-8,-14,-11,-1,3,-1,17,1,-7,-5,0,2,sil
10.830258131027222,-13,-10,-7,-14,-11,-6,-10,-7,-4,-17,-13,-14,-11,-17,sil
10.830258131027222,-16,-8,-13,-16,-7,-16,-18,-5,-23,-35,-1,-8,-17,-31,sil
10.830258131027222,-2,3,3,-11,0,-12,-15,0,-18,-21,23,13,-8,-18,sil
10.844767808914185,9,16,10,10,8,1,-9,-1,-7,0,38,24,6,2,sil
10.844767808914185,8,19,17,33,16,5,-5,0,-12,-2,29,18,5,4,sil
10.860881805419922,-2,8,6,25,15,4,0,3,-20,-10,2,-1,-16,-7,sil
10.875957012176514,-9,-9,-12,3,0,5,6,-4,-18,-3,-20,-24,-33,-6,sil
10.875957012176514,-10,-17,0,-2,-12,6,10,-2,-10,-1,-22,-17,-22,8,sil
10.89244556427002,-7,-14,-3,0,-5,0,15,4,2,6,-12,-2,0,14,sil
10.89244556427002,-7,-12,-11,-9,-1,-1,15,-1,7,9,-20,-16,-1,0,sil
10.89244556427002,-15,-13,-6,-16,-8,6,1,0,0,-5,-33,-34,-15,-15,sil
10.908173322677612,-15,-10,-11,-14,-9,6,-6,9,8,-6,-17,-20,-3,-9,sil
10.922735452651978,0,0,0,-15,0,-2,0,5,26,12,4,4,19,3,sil
10.922735452651978,9,2,4,-14,4,-7,2,-3,31,13,12,22,31,12,sil
10.938379049301147,15,10,7,-1,3,-9,-2,0,24,4,23,30,32,14,sil
10.938379049301147,27,24,13,8,0,-11,-5,0,7,2,25,27,21,3,sil
10.958470821380615,19,18,3,2,-2,-10,-15,-10,-19,-10,7,13,0,-11,sil
10.958470821380615,1,4,6,-12,-1,-12,-26,-5,-36,-27,0,12,-10,-11,sil
10.958470821380615,4,8,1,-2,0,-9,-8,4,-27,-13,7,15,0,0,sil
10.971193552017212,17,17,5,20,-1,5,12,2,-10,8,5,6,6,6,sil
10.987751483917236,12,11,13,25,4,22,8,-1,2,12,2,0,4,6,sil
10.987751483917236,-4,0,-3,13,13,14,2,0,13,15,7,-1,2,9,sil
10.987751483917236,-7,-6,1,8,7,7,8,7,14,23,2,-4,0,11,sil
11.003072023391724,2,-5,3,16,3,16,13,9,12,21,-2,-2,2,12,sil
11.003072023391724,0,-8,-5,15,5,14,14,2,6,9,-1,-2,1,15,sil
11.016951084136965,-9,-14,-3,-1,-2,-1,13,-1,5,4,0,-8,-1,8,sil
11.033923864364624,-7,-12,-10,-13,-12,-10,0,-2,15,11,-2,-13,0,-1,sil
11.033923864364624,-3,-3,-5,-14,-12,-5,-11,-2,14,5,-9,-11,2,-3,sil
11.033923864364624,-10,-6,-10,-11,-10,-2,-6,-4,1,-14,-11,-10,-4,-2,sil
11.047791004180908,-10,-8,-14,-17,-9,-7,-6,-6,-4,-24,-9,-2,-11,-5,sil
11.062842607498167,-2,0,1,-25,-6,-16,-21,-7,-18,-26,-8,7,-9,-18,sil
11.062842607498167,-8,5,-5,-8,0,-20,-31,-10,-41,-30,-5,-1,-11,-28,sil
11.07819676399231,-14,7,0,14,12,-3,-18,-4,-37,-22,2,-13,-18,-24,sil
11.07819676399231,-10,10,8,15,20,12,2,6,-6,0,14,-7,-15,-16,sil
11.093704223632812,-12,-3,4,12,12,10,12,10,5,6,9,-9,-8,-15,sil
11.093704223632812,-17,-15,7,16,2,12,18,9,8,1,-11,-18,-9,-8,sil
11.109748363494871,-2,-12,-3,7,4,18,36,6,28,14,-13,-11,0,10,sil
11.109748363494871,18,-4,0,-9,7,11,36,4,38,32,3,5,15,25,sil
11.124780178070068,19,-1,5,-12,1,3,7,0,21,23,7,16,23,19,sil
11.124780178070068,19,1,-1,-9,-6,-7,-15,-6,0,0,0,17,18,8,sil
11.13972544670105,31,10,8,-13,-10,-23,-15,-1,-9,-9,2,19,7,5,sil
11.13972544670105,27,22,12,0,0,-23,-6,4,-4,-4,5,15,0,6,sil
11.155236959457396,8,22,16,22,3,-6,-4,3,-11,-17,-8,5,-8,2,sil
11.155236959457396,-2,7,-1,21,-1,8,1,3,-18,-17,-12,-1,-9,2,sil
11.171335697174072,-7,-7,-21,0,-4,9,16,-2,-1,19,7,4,8,14,sil
11.171335697174072,-7,-6,-1,-8,-4,3,14,-7,13,30,20,19,25,20,sil
11.186996936798096,-2,-1,-1,-8,-8,-5,-8,-4,2,0,17,17,19,6,sil
11.18735408782959,-6,0,-6,-20,-13,-20,-32,0,-10,-14,20,8,6,-13,sil
11.202961683273315,-7,0,5,-16,-6,-16,-26,-2,-2,-5,23,8,4,-15,sil
11.202961683273315,3,7,5,16,8,5,-2,-2,7,-1,13,4,1,0,sil
11.218217611312866,-1,9,8,28,15,15,-1,2,-5,-6,-5,-10,-18,0,sil
11.218217611312866,-26,-8,-7,9,3,9,-5,3,-25,-12,-25,-28,-34,-13,sil
11.23411226272583,-25,-23,-14,-8,-8,15,9,-4,-11,-12,-42,-31,-25,-12,sil
11.23411226272583,-3,-16,-5,-14,-12,17,10,-7,6,-8,-45,-23,-20,-6,sil
11.25001072883606,-1,-13,-10,-15,-14,-4,-10,-6,0,-10,-36,-20,-23,-6,sil
11.25001072883606,-4,-15,-5,-18,-12,-14,-11,-3,-4,-7,-28,-18,-11,-5,sil
11.265073537826538,5,-5,-5,-14,0,-4,3,1,9,7,-9,-5,6,-4,sil
11.265073537826538,17,10,0,1,13,-2,5,5,10,17,21,13,16,-2,sil
11.281208515167236,16,21,18,16,19,-3,-3,7,3,8,39,27,19,-1,sil
11.281208515167236,7,22,7,17,20,0,-4,4,0,-1,35,12,14,0,sil
11.295905351638794,0,16,8,20,15,5,11,5,-4,5,29,0,6,3,sil
11.295905351638794,1,13,9,33,13,13,26,2,0,22,28,5,12,10,sil
11.311187028884888,5,14,6,34,16,17,20,0,10,20,15,5,12,15,sil
11.311187028884888,2,2,8,11,9,19,7,5,5,12,-3,-6,0,12,sil
11.3279926776886,-5,-20,-8,-14,-12,8,6,2,5,18,-14,-6,2,3,sil
11.3279926776886,-11,-25,-11,-29,-25,-9,4,-6,12,12,-22,-1,6,5,sil
11.872042655944824,-3,-10,-1,-1,0,16,11,3,6,12,-13,-10,0,6,sil
11.887135982513428,-7,0,8,13,1,13,9,-1,3,17,-20,-13,-2,5,sil
11.887135982513428,-9,0,-4,24,0,12,16,-5,10,7,-22,-14,-8,4,sil
11.887135982513428,-4,-4,-1,6,-1,21,20,0,25,11,-9,-5,1,11,sil
11.902738332748411,-5,-7,-6,-7,0,18,22,6,25,23,1,-3,9,13,sil
11.902738332748411,-4,-8,-12,0,1,3,15,5,18,14,-1,-1,8,11,sil
11.91879153251648,5,-3,3,3,1,-2,4,3,24,9,-3,10,10,16,sil
11.934901475906372,12,-6,-4,-9,0,-10,3,3,29,23,9,18,13,18,sil
11.934901475906372,8,-10,-6,-20,-7,-18,0,0,17,16,10,12,12,8,sil
11.934901475906372,5,-7,-3,-12,-9,-15,-12,-4,5,-8,0,3,8,0,sil
11.949965715408323,10,0,0,-1,0,-10,-10,-4,5,-16,1,9,6,3,sil
11.949965715408323,18,11,13,0,5,-12,-7,0,5,-10,19,25,10,6,sil
11.965868949890137,16,17,6,-1,0,-15,-18,-1,-3,-6,18,20,10,0,sil
11.965868949890137,0,8,2,-5,-6,-12,-29,-1,-18,-14,1,1,-3,-16,sil
11.981568574905396,-9,1,-1,-9,-2,-7,-19,5,-23,-22,0,-1,-11,-18,sil
11.981568574905396,-3,9,-3,-3,7,-3,-2,6,-14,-11,11,2,-4,-11,sil
11.997777462005615,-1,15,9,6,14,1,-1,1,-11,1,8,1,-2,-10,sil
12.014869451522827,-15,0,0,7,1,1,-8,-2,-17,0,-6,-15,-7,-10,sil
12.014869451522827,-20,-7,-6,5,-8,0,-1,-4,-22,-1,-16,-27,-11,-5,sil
12.014869451522827,-15,-5,-8,8,4,15,12,-2,-18,0,-15,-23,-13,-9,sil
12.02893853187561,-19,-18,-14,1,11,22,14,-5,-7,-1,-20,-23,-15,-13,sil
12.04358696937561,-16,-27,-2,-9,-3,13,9,-5,5,7,-20,-18,-7,-4,sil
12.04358696937561,-2,-15,-7,-13,-16,0,11,1,16,19,-3,-4,17,10,sil
12.070722103118896,1,-7,-3,-18,-17,-11,4,0,10,2,0,1,21,13,sil
12.070722103118896,2,-2,4,-12,-10,-12,-3,-5,4,-7,-1,3,4,7,sil
12.070722103118896,14,6,2,-2,-1,-4,-6,5,9,7,15,17,8,8,sil
12.070722103118896,17,11,7,-11,-2,0,-11,6,6,7,27,24,16,6,sil
12.092366218566896,11,11,1,-9,1,-8,-10,-5,-2,-12,17,12,3,-6,sil
12.092366218566896,8,18,6,10,16,-5,-6,0,-13,-23,2,0,-19,-16,sil
12.092366218566896,1,14,11,19,15,9,-5,3,-27,-29,-12,-12,-28,-15,sil
12.106916189193726,-3,-1,-2,18,3,15,5,-4,-22,-19,-17,-15,-19,-2,sil
12.121837377548218,-2,-3,8,17,2,13,19,0,-3,2,-13,-13,-11,8,sil
12.121837377548218,-7,0,0,9,1,10,18,6,6,12,-9,-14,-7,7,sil
12.138365745544434,0,0,0,8,0,5,11,5,24,19,5,3,15,14,sil
12.138365745544434,21,5,21,19,8,5,18,7,41,36,24,29,34,30,sil
12.157978057861328,15,0,1,11,5,0,16,1,24,27,8,8,14,24,sil
12.157978057861328,-5,-15,-14,-13,-10,-8,-1,-4,3,-1,-19,-14,-11,0,sil
12.157978057861328,-5,-10,-9,-16,-12,-10,-18,-4,11,-1,-8,4,-2,-7,sil
12.169490814208984,3,4,0,-4,-1,-10,-21,0,15,6,22,26,13,-3,sil
12.169490814208984,7,7,4,-5,0,-10,-18,2,2,-1,24,19,7,-6,sil
12.187420845031738,3,7,-6,-6,0,-13,-16,3,-10,-7,6,6,-3,-10,sil
12.187420845031738,-5,13,4,4,6,-7,-9,1,-24,-7,4,3,-6,-9,sil
12.201959371566772,-6,11,4,25,15,7,9,0,-20,0,10,5,3,-3,sil
12.21762990951538,1,1,0,26,9,15,21,-1,-8,2,-2,4,7,6,sil
12.21762990951538,-3,-7,1,-4,-7,11,18,-4,0,0,-18,-4,0,8,sil
12.218634605407717,-14,-11,-12,-24,-12,1,13,-6,7,6,-11,-4,2,4,sil
12.233160972595217,-8,-12,-9,-14,-9,0,-2,0,18,18,-4,7,12,2,sil
12.233160972595217,-2,-17,-11,-15,-16,-7,-22,6,20,5,-9,1,8,-7,sil
12.24683165550232,0,-14,-13,-33,-27,-22,-27,1,0,-22,-11,-17,-8,-22,sil
12.262070417404177,1,0,6,-27,-14,-15,-18,-6,-22,-33,-5,-16,-18,-21,sil
12.262070417404177,3,7,7,-2,10,3,0,-4,-22,-21,1,-6,-14,-4,sil
12.27720069885254,5,5,13,11,18,11,16,0,-18,-12,4,-5,-13,4,sil
12.27720069885254,-3,3,4,17,11,16,15,0,-26,-10,-5,-11,-18,0,sil
12.29271364212036,-20,-3,-10,18,10,16,10,1,-13,4,-18,-21,-16,-1,sil
12.29271364212036,-17,-11,0,7,5,12,15,3,8,24,-16,-24,-3,0,sil
12.307863712310793,-8,-9,-5,0,-3,4,12,-5,15,17,-8,-19,3,1,sil
12.307863712310793,-1,2,-3,-4,-5,-9,-6,-7,6,-7,-7,-4,1,0,sil
12.323254585266112,14,15,6,-5,4,-12,-16,4,0,-14,4,12,3,-2,sil
12.323254585266112,26,21,3,7,17,-1,-6,4,-2,-2,30,23,11,4,sil
12.339112043380736,18,23,15,21,23,2,1,-3,4,4,35,24,16,15,sil
12.339112043380736,7,13,14,20,14,1,7,0,10,12,21,13,20,17,sil
12.354127883911133,5,-2,11,13,1,5,11,5,7,24,11,2,13,13,sil
12.354127883911133,-1,-11,-4,6,-5,2,7,0,11,22,0,-2,3,4,sil
12.369749307632446,-7,-17,-21,-16,-17,-13,-8,-5,14,4,-10,-1,1,-5,sil
12.369749307632446,-3,-16,-3,-40,-27,-19,-26,2,2,-9,-4,11,0,-9,sil
12.384844541549684,0,-3,2,-25,-15,-18,-28,7,-7,-12,10,22,2,-5,sil
12.384844541549684,2,3,3,2,0,-6,-14,1,-12,-11,14,15,1,0,sil
12.400042295455933,-1,-1,5,7,0,14,3,0,-7,0,0,0,-8,3,sil
12.400042295455933,-13,-9,-12,-3,-2,13,14,-1,7,9,-23,-17,-16,0,sil
12.416015148162842,-19,-8,-7,-13,-12,-1,4,-3,10,1,-30,-26,-14,-5,sil
12.416015148162842,-5,0,0,-11,-15,-2,-3,0,2,-11,-14,-11,-8,-4,sil
12.431626081466677,10,11,4,0,-1,-1,0,1,-2,-23,-4,3,-5,-7,sil
12.431626081466677,11,17,10,15,9,-1,4,2,-9,-25,0,4,-5,-9,sil
12.447227716445925,12,17,8,35,18,6,7,2,-7,1,16,7,2,0,sil
12.447227716445925,20,17,17,40,29,22,18,2,2,22,18,15,11,6,sil
12.462323427200316,17,10,0,28,21,15,20,0,3,10,1,6,10,8,sil
12.462323427200316,3,-4,-12,9,0,1,12,-5,-1,1,-11,-5,3,16,sil
12.477749109268188,-9,-14,-6,-6,-2,4,11,-5,2,9,-15,-5,0,9,sil
12.477749109268188,-19,-19,-19,-21,0,5,2,-7,5,9,-11,-10,-2,-5,sil
12.494832754135132,-15,-18,-13,-30,-7,-5,-10,-3,2,6,-11,-14,0,0,sil
12.494832754135132,-5,-12,-8,-24,-11,-11,-8,0,6,6,-9,-8,4,6,sil
12.510507583618164,-5,-1,-7,-15,-5,-15,-10,0,1,-6,0,0,5,-6,sil
12.510507583618164,-6,4,5,-12,-1,-14,-20,0,-11,-20,9,7,1,-20,sil
12.52511978149414,0,3,6,-7,-3,-8,-20,-1,-15,-13,21,11,0,-13,sil
12.541674852371216,3,9,13,5,-6,-9,-18,0,-14,-3,26,10,1,-8,sil
12.541674852371216,3,17,7,11,-2,-12,-14,4,-17,-7,18,7,2,-8,sil
12.541674852371216,1,5,5,7,0,-3,0,3,-19,-11,10,4,-3,3,sil
12.555825471878052,0,-6,18,7,1,16,7,2,-10,0,7,0,-7,10,sil
12.555825471878052,0,-5,3,11,9,24,14,0,6,18,0,-10,-3,6,sil
12.572379112243652,2,-5,-1,12,10,23,23,2,14,16,-12,-14,-2,8,sil
12.572379112243652,-6,-11,-5,5,0,18,28,3,15,11,-19,-17,-10,8,sil
12.5881028175354,-17,-13,-14,-5,-6,4,20,-1,25,20,-22,-24,-11,1,sil
12.5881028175354,-11,-5,-2,-9,-5,-4,8,1,31,21,-15,-12,0,5,sil
12.60225749015808,0,0,-3,0,0,-3,1,0,33,13,-7,5,13,15,sil
12.618948698043823,8,0,0,-3,0,-4,-5,-5,22,1,-5,8,7,7,sil
12.618948698043823,7,0,2,-13,-6,-7,-13,-6,-4,-15,-3,4,0,-5,sil
12.618948698043823,10,9,-5,-7,-3,-10,-11,-4,-18,-22,-4,5,0,-8,sil
12.635096311569214,19,20,7,2,4,-9,-7,0,-3,-10,2,15,5,-2,sil
12.635096311569214,23,18,3,2,5,-7,-3,6,2,-6,26,26,15,4,sil
12.64828896522522,17,10,1,-1,0,-12,-7,6,-12,-20,27,27,13,1,sil
12.663879632949827,3,5,2,-4,-3,-18,-20,-2,-23,-22,8,9,-3,-15,sil
12.663879632949827,-6,0,0,-5,-7,-18,-27,-4,-22,-15,0,-7,-12,-19,sil
12.679364204406738,-5,-3,5,-6,-6,-8,-17,6,-25,-17,-1,-7,-9,-7,sil
12.679364204406738,-6,-5,-6,-2,0,0,-1,2,-22,-10,-2,-5,-7,-4,sil
12.695013284683228,-11,-10,-5,4,2,7,1,-6,-15,4,1,-9,-3,-8,sil
12.695013284683228,-12,-6,7,14,2,14,0,0,-14,2,1,-6,-2,-3,sil
12.71055006980896,-5,1,0,13,8,17,8,5,-10,1,-3,0,-6,4,sil
12.71055006980896,-5,0,3,-1,11,17,17,4,0,10,-6,-2,-11,-1,sil
12.726295948028564,-15,-10,-7,-5,4,12,12,-1,4,11,-10,-16,-8,-6,sil
12.726295948028564,-16,-4,-8,11,0,12,11,-3,6,15,-11,-13,-1,3,sil
12.741255760192873,-1,7,8,22,6,19,23,1,20,29,-1,3,8,8,sil
12.741255760192873,7,4,2,15,9,11,24,0,31,24,7,6,14,9,sil
12.756781339645386,9,1,2,9,7,2,13,0,23,14,5,0,14,18,sil
12.756781339645386,7,2,-1,13,4,5,11,0,15,19,5,1,15,21,sil
12.771889209747314,2,-4,-5,4,-3,-1,4,-5,12,7,2,1,8,9,sil
12.771889209747314,0,-13,1,-15,-12,-9,-5,-3,12,-6,-12,-2,-4,0,sil
12.787331104278564,2,-11,-3,-22,-14,-8,-10,0,14,1,-18,-3,-6,3,sil
12.787331104278564,8,-4,3,-19,-15,-13,-17,-2,6,-5,-10,0,-4,1,sil
12.80313205718994,6,0,-2,-8,-8,-17,-16,-1,0,-16,0,0,1,0,sil
12.80313205718994,7,2,-5,-6,-1,-10,-4,1,7,0,14,9,18,10,sil
12.818735361099243,10,4,4,-15,-9,-3,0,5,7,1,19,19,21,11,sil
12.818735361099243,6,3,-3,-10,-8,-4,0,1,-8,-11,9,7,4,-4,sil
12.833780527114868,2,3,0,-1,1,-2,2,1,-20,-7,6,-2,-8,-13,sil
12.833780527114868,-2,0,-3,-11,-4,-3,-5,1,-20,-11,4,0,-11,-10,sil
12.84891390800476,-10,0,-7,-10,-8,-9,-16,-2,-22,-28,-10,-2,-17,-13,sil
12.84891390800476,-10,2,6,4,7,-4,-10,0,-16,-18,-17,-6,-16,-21,sil
12.864986658096312,-15,0,-4,1,14,2,0,3,-4,0,-9,-10,-9,-21,sil
12.864986658096312,-21,-3,-4,-8,9,4,0,-1,-4,-1,-2,-11,-11,-17,sil
12.881121158599854,-8,4,3,0,15,8,-2,-6,-3,-1,2,-3,-12,-8,sil
12.881121158599854,5,10,7,14,15,5,3,0,0,2,7,1,0,1,sil
12.896726846694946,7,11,16,22,3,0,4,6,-2,0,12,8,13,3,sil
12.896726846694946,10,6,5,20,2,0,-3,0,1,0,14,9,10,1,sil
12.912882566452026,6,0,0,4,3,2,-16,-5,2,-6,0,-3,-9,-2,sil
12.912882566452026,-5,-7,-1,-7,-2,-1,-15,0,-5,-9,-7,-10,-15,-10,sil
12.928029775619509,0,-3,-4,0,0,1,0,6,-1,6,4,0,0,-2,sil
12.928029775619509,15,9,14,15,5,6,5,8,1,10,4,9,4,11,sil
12.943111896514893,13,7,10,20,0,0,5,3,-8,0,-3,10,3,14,sil
12.943111896514893,5,-8,6,7,-11,-1,10,-3,-11,2,-3,14,11,17,sil
12.958908796310425,8,-10,4,2,-13,1,11,-9,-4,8,0,16,12,23,sil
12.958908796310425,11,0,-8,8,-4,5,9,-8,-3,6,-4,1,1,22,sil
12.974066257476808,0,3,-3,1,0,13,13,3,2,5,-8,-11,0,13,sil
12.974066257476808,-11,0,-10,-6,0,15,16,1,20,17,-6,-10,5,7,sil
12.991166830062866,-11,-5,-14,0,6,6,15,-3,33,27,-4,-10,8,1,sil
12.991166830062866,-18,-8,-12,-2,10,6,17,3,41,21,-16,-26,1,-5,sil
13.006704330444336,-30,-14,-25,-23,-2,2,13,5,34,8,-26,-34,-9,-11,sil
13.021858215332031,-22,-14,-10,-34,-15,-11,0,0,3,-4,-13,-17,-7,-13,sil
13.021858215332031,-4,-6,0,-19,-6,-16,-4,0,-12,-8,13,1,8,-5,sil
13.021858215332031,0,1,3,-5,1,-9,-7,1,3,4,24,13,17,2,sil
13.037014484405518,0,1,5,-5,-2,-8,-13,0,6,13,19,19,14,-3,sil
13.037014484405518,6,3,-1,-1,-1,-11,-10,-4,-11,-4,19,17,16,-8,sil
13.05252981185913,21,14,13,3,3,-6,-9,-5,-14,-23,29,24,17,-1,sil
13.05252981185913,25,13,12,0,0,-7,-15,-5,-10,-22,22,25,3,-3,sil
13.070230722427368,11,1,3,-8,-5,-17,-20,-8,-24,-29,-10,2,-24,-15,sil
13.070230722427368,9,3,10,1,0,-9,-15,0,-26,-37,-17,0,-31,-4,sil
13.08474063873291,24,10,9,19,5,2,-7,2,-7,-14,10,20,-8,12,sil
13.086246252059937,18,2,12,14,-3,-1,-11,0,-14,-2,6,14,-1,5,sil
13.100172758102415,-1,-2,3,11,-7,0,-12,0,-23,-9,-11,-9,-12,-5,sil
13.100172758102415,-3,1,-1,21,4,17,1,0,-3,2,-4,-12,-12,3,sil
13.11614155769348,-8,0,3,13,8,18,10,4,4,16,-8,-10,-10,4,sil
13.130306959152222,-22,-9,-8,-4,0,9,10,3,-1,11,-28,-22,-18,-9,sil
13.130306959152222,-15,-6,-3,2,7,14,25,6,16,17,-15,-15,-11,-5,sil
13.130306959152222,-7,3,-7,12,13,21,38,8,26,31,2,-7,5,12,sil
13.14608883857727,-22,-6,-20,-8,-4,9,17,0,5,12,-16,-24,0,8,sil
13.161121368408203,-29,-19,-11,-37,-21,-8,-9,-6,0,-18,-31,-27,-11,-12,sil
13.161121368408203,-4,-6,-7,-31,-12,-16,-14,0,18,-8,4,4,17,-6,sil
13.177788496017456,17,13,8,-7,2,-10,-13,4,17,8,34,25,39,9,sil
13.177788496017456,14,16,8,5,10,-3,-9,0,0,-3,20,16,19,-2,sil
13.177788496017456,10,13,4,12,14,-7,-4,0,0,-9,13,13,6,-9,sil
13.191890954971312,11,14,18,15,13,-12,-2,2,1,6,24,20,13,2,sorry
13.210978031158447,2,2,2,10,11,-5,4,-2,-7,1,4,2,0,2,sorry
13.210978031158447,-5,-5,-3,8,10,7,9,-6,-18,-13,-24,-20,-18,-6,sorry
13.210978031158447,0,0,4,15,6,14,9,0,-4,6,-11,-10,-10,0,sorry
13.224074363708496,5,0,0,15,0,10,16,3,13,28,4,3,6,10,sorry
13.239148616790771,0,-5,3,5,-3,7,18,0,2,16,-10,0,4,7,sorry
13.239148616790771,-8,-12,-7,-2,-11,3,4,-7,-13,5,-19,-7,-6,7,sorry
13.25480604171753,-9,-16,-7,-9,-14,-1,0,-5,-10,3,-7,-3,-8,12,sorry
13.25480604171753,0,-8,-1,-11,-9,-2,3,1,3,-2,0,0,5,7,sorry
13.270798921585085,6,-1,-5,-10,-11,-8,-9,-1,1,-10,-1,2,8,-1,sorry
13.270798921585085,8,-3,2,-15,-19,-16,-27,-1,-9,-14,2,11,0,-2,sorry
13.285939693450928,2,-10,-4,-24,-18,-20,-24,0,-4,-10,14,9,1,-3,sorry
13.285939693450928,0,-9,-7,-31,-15,-16,-22,0,3,-8,14,0,5,-10,sorry
13.30132508277893,7,2,3,-15,-6,-4,-21,0,5,-12,11,4,1,-9,sorry
13.30132508277893,15,14,0,3,5,0,-11,0,8,-9,18,17,3,-2,sorry
13.317035436630247,6,18,8,4,10,0,-7,2,0,-5,20,14,3,-2,sorry
13.317035436630247,0,17,8,14,16,10,0,6,0,-1,14,1,-3,-3,sorry
13.33221673965454,0,11,7,34,21,22,20,8,15,8,4,-7,-8,1,sorry
13.33221673965454,-13,0,0,27,11,16,23,2,5,8,-13,-14,-10,0,sorry
13.34813952445984,-20,-3,-14,13,5,12,16,-3,-16,-3,-26,-22,-13,-10,sorry
13.34813952445984,-5,-2,-1,13,10,15,20,3,-12,-6,-23,-22,-17,-4,sorry
13.364259481430054,0,-4,-1,4,3,3,21,1,1,6,-12,-10,-8,11,sorry
13.364259481430054,0,0,0,2,-4,-6,9,-7,9,15,-2,3,8,19,sorry
13.37977933883667,8,3,13,16,0,0,7,0,14,13,-1,7,11,11,sorry
13.37977933883667,0,-6,-5,0,-1,0,10,1,4,12,-6,-5,1,-1,sorry
13.396302461624146,-13,-14,-11,-31,-7,-3,2,-4,-4,13,-15,-10,-5,-10,sorry
13.396302461624146,-8,-2,-9,-23,1,-1,0,-7,3,7,-15,-1,-2,-2,sorry
13.4118754863739,1,4,-1,-7,4,-6,0,0,2,-7,1,8,7,8,sorry
13.4118754863739,0,0,8,-15,-7,-12,-8,2,-5,-14,21,13,15,-1,sorry
13.427253007888794,-3,-4,-5,-20,-10,-16,-22,-4,-9,-11,14,9,7,-16,sorry
13.427253007888794,0,0,-2,-16,-7,-20,-35,-5,-20,-22,-7,3,-8,-15,sorry
13.442921876907349,9,1,2,-11,-9,-13,-28,4,-22,-22,-1,10,-6,-7,sorry
13.442921876907349,11,2,4,1,0,-1,-7,10,-7,-4,17,21,4,0,sorry
13.45801305770874,1,9,15,14,15,2,-2,3,-5,-1,11,11,1,-1,sorry
13.45801305770874,0,7,4,18,11,3,-6,0,-5,-1,0,-8,-5,0,sorry
13.47304916381836,2,1,6,19,0,11,2,4,0,11,4,-11,-5,8,sorry
13.47304916381836,0,0,4,22,0,21,17,3,1,13,4,-8,0,17,sorry
13.4882071018219,6,0,-3,25,8,25,25,-1,12,11,0,-11,10,21,sorry
13.4882071018219,16,-1,7,14,3,19,21,-1,31,22,0,-1,17,19,sorry
13.503715991973875,4,-11,-2,-7,-12,-2,2,-3,26,21,-2,7,8,6,sorry
13.503715991973875,-5,-15,-10,-24,-19,-23,-12,-6,5,0,-9,3,0,-4,sorry
13.519757986068726,1,0,-4,-20,-10,-16,-6,-3,0,-15,-5,-1,1,-4,sorry
13.519757986068726,1,12,-2,-5,1,-1,-1,-3,2,-17,0,-2,-2,-8,sorry
13.536282777786257,-4,7,7,4,7,-1,-3,-1,-2,-13,3,0,-16,-17,sorry
13.536282777786257,-6,0,-1,10,11,1,0,5,-3,0,5,-2,-17,-16,sorry
13.551933765411375,-9,6,1,10,13,15,7,10,1,7,0,-6,-7,-4,sorry
13.551933765411375,-9,12,1,14,14,18,13,8,-2,9,-2,-6,0,0,sorry
13.567742109298706,-11,0,-12,15,5,8,17,3,-14,6,-9,-8,-6,-1,sorry
13.567742109298706,-19,-18,-8,-2,-9,4,13,0,-2,13,-20,-14,-3,0,sorry
13.583770275115969,-18,-25,-14,-25,-13,0,6,-6,22,24,-13,-17,13,6,sorry
13.583770275115969,-5,-24,-16,-36,-10,-10,-1,-6,16,4,-5,-9,9,4,sorry
13.5998113155365,3,-16,-4,-33,-20,-17,-12,-3,-8,-19,-8,3,0,-3,sorry
13.5998113155365,14,0,0,-18,-26,-26,-19,-7,-13,-15,4,19,13,1,sorry
13.61585259437561,24,16,9,-4,-9,-23,-19,-3,-5,-12,23,29,19,8,sorry
13.61585259437561,19,19,3,0,5,-10,-10,5,-2,-19,18,23,4,3,sorry
13.631205797195436,8,11,11,3,4,-5,-8,3,-9,-16,3,14,-6,-3,sorry
13.631205797195436,5,10,17,13,10,0,-6,-1,-17,-16,2,8,-9,-7,sorry
13.646790266036987,7,15,0,16,22,11,1,-1,-13,-14,5,2,-7,-3,sorry
13.646790266036987,2,12,10,13,17,9,2,0,-7,0,5,0,-11,-2,sorry
13.661967754364014,-9,0,6,14,7,3,0,3,-6,6,4,-2,-13,-4,sil
13.661967754364014,-7,0,2,12,4,9,8,1,1,7,7,-5,-2,3,sil
13.677923917770386,8,8,14,12,7,14,10,-1,13,14,8,0,4,9,sil
13.677923917770386,0,0,0,9,6,8,-3,-3,7,17,1,-6,-1,0,sil
13.69301414489746,-14,-13,-3,1,-1,1,-12,0,-8,9,-8,-14,-10,-3,sil
13.69301414489746,-4,-6,-3,6,-6,3,-2,2,-11,6,-6,-2,-2,8,sil
13.709120035171509,4,4,-6,15,1,8,4,1,-3,2,-6,3,6,9,sil
13.709120035171509,-5,3,-2,8,9,12,5,2,7,6,-15,-9,6,-1,sil
13.724154233932495,-11,-3,-11,0,5,4,11,0,16,19,-7,-13,5,-3,sil
13.724154233932495,-1,-5,-3,-3,-5,3,18,-2,13,16,3,-4,10,0,sil
13.739714860916138,0,-6,-1,-9,-10,4,17,0,15,7,0,-1,18,6,sil
13.739714860916138,0,-12,-4,-8,-8,-3,7,4,18,11,-2,-2,16,10,sil
13.755799770355225,0,-11,3,-7,-9,-7,2,3,7,6,-4,-1,6,4,sil
13.755799770355225,0,-5,-9,-21,-15,-8,1,0,0,-9,-10,-2,-2,1,sil
13.77147388458252,-5,-7,-10,-33,-15,-16,-7,-3,3,-19,-18,-3,-11,-2,sil
13.787103176116943,-10,-11,-8,-21,-8,-17,-9,-4,1,-22,-18,-3,-17,-13,sil
13.787103176116943,-4,-8,-10,-9,-2,-3,0,0,-1,-19,-9,1,-15,-10,sil
13.787103176116943,3,-1,1,-14,-3,5,-1,2,0,-10,0,11,-6,-2,sil
13.802130699157717,5,1,-1,-8,-3,-5,-16,-1,-5,-10,5,7,0,-10,sil
13.802130699157717,5,11,7,8,1,-17,-24,-3,-15,-21,11,3,0,-12,sil
13.817753314971924,9,21,14,12,7,-10,-22,-1,-17,-14,24,14,1,-4,sil
13.817753314971924,16,22,10,11,7,2,-11,-1,-9,8,33,16,9,0,sil
13.8338303565979,20,21,23,22,13,7,1,1,-3,13,27,13,12,12,sil
13.8338303565979,11,12,11,26,18,3,4,5,0,1,13,9,2,15,sil
13.848113536834717,0,3,2,9,11,3,5,5,0,0,3,3,-7,-3,sil
13.849112749099731,0,0,2,3,4,12,13,3,4,7,7,-1,-4,-7,sil
13.864195346832275,-8,-8,-10,6,2,11,14,-4,3,5,0,-7,-3,0,sil
13.880749940872192,-26,-17,-6,-2,0,5,4,-6,-8,-1,-18,-18,-15,-8,sil
13.880749940872192,-22,-10,-6,0,4,10,6,0,-8,0,-15,-22,-14,-10,sil
13.880749940872192,-5,0,0,11,6,11,8,0,-2,3,0,-11,-1,2,sil
13.898077249526978,-5,2,0,8,0,3,3,1,-1,7,-8,-7,0,2,sil
13.898077249526978,-6,0,-11,1,-2,-1,7,3,8,12,-23,-18,-3,6,sil
13.912213325500488,0,-10,-4,-7,-7,-2,8,0,14,4,-25,-18,0,14,sil
13.928128480911257,-3,-15,-10,-20,-15,-5,-3,-5,6,3,-16,-3,7,7,sil
13.928128480911257,-1,-8,-7,-24,-16,-9,-10,0,-1,7,-4,7,12,3,sil
13.928128480911257,3,-4,3,-20,-15,-12,-10,5,-5,-1,0,13,15,9,sil
13.943536281585692,7,-3,-2,-15,-11,-14,-9,-1,-5,0,9,18,15,13,sil
13.943536281585692,23,10,14,-4,-1,-6,-3,-1,-1,14,23,28,14,7,sil
13.961092472076416,30,17,15,3,3,-1,4,4,4,5,23,28,13,-2,sil
13.961092472076416,9,6,4,5,4,-2,0,4,10,-9,8,16,4,-5,sil
13.974750518798828,-5,3,6,6,11,5,-5,1,15,-3,6,8,-2,-2,sil
13.974750518798828,-2,5,1,10,15,11,0,-1,14,-1,11,0,-1,-3,sil
13.989801168441772,0,9,6,19,15,8,8,0,1,-7,0,-8,-5,-5,sil
13.989801168441772,-11,5,-1,25,6,8,12,-2,-14,-6,-16,-13,-13,-6,sil
14.006000518798828,-18,-7,-11,11,-5,11,12,-7,-19,-6,-20,-21,-15,-13,sil
14.006000518798828,-11,-12,-3,-2,-4,10,5,-3,-8,-3,-15,-24,-14,-14,sil
14.0197331905365,-5,-14,-14,-9,0,-2,-3,-1,3,0,-15,-21,-11,-10,sil
14.034807682037354,-8,-13,-11,-24,-10,-11,-11,-2,5,-4,-12,-13,-5,-9,sil
14.034807682037354,3,2,-3,-15,-8,-7,-11,1,4,-8,6,1,4,1,sil
14.050544261932371,25,14,2,6,6,-4,-7,5,1,-4,22,15,9,14,sil
14.050544261932371,23,11,11,5,2,-3,-4,2,0,-8,19,15,6,7,sil
14.072211980819702,5,10,4,3,-5,-5,-6,-1,0,-13,15,11,6,4,sil
14.072211980819702,-2,10,9,11,7,-2,-6,2,-7,-5,10,11,0,11,sil
14.072211980819702,-5,0,3,8,14,11,7,7,-7,11,1,0,-13,3,sil
14.081719160079956,-14,-13,-11,1,-3,10,14,0,-4,11,-9,-17,-16,-9,sil
14.096714735031128,-25,-21,-8,-6,-20,-6,-3,-6,-17,-9,-29,-27,-19,-19,sil
14.096714735031128,-26,-20,-16,-15,-12,-9,-13,-8,-17,-4,-28,-19,-17,-17,sil
14.11280608177185,-7,-4,-1,-9,-1,-1,-1,0,8,18,0,1,3,2,sil
14.11280608177185,8,7,11,0,-6,-6,1,5,19,22,16,18,25,19,sil
14.12820053100586,18,10,7,0,0,-9,-1,0,10,15,20,28,23,22,sil
14.12820053100586,29,20,23,1,16,3,4,2,12,11,38,40,21,17,sil
14.144273042678831,22,18,13,0,12,6,4,4,7,0,28,20,20,1,sil
14.144273042678831,0,0,-1,-4,1,0,-3,0,-19,-17,-11,-12,-1,-11,sil
14.15985655784607,-8,-5,-4,6,12,10,9,0,-19,-13,-19,-15,-12,-4,sil
14.15985655784607,-2,-7,-7,11,15,16,22,2,6,4,-11,-9,0,10,sil
14.175034999847412,1,-8,-1,0,-1,7,12,1,19,16,-18,-10,8,15,sil
14.175034999847412,11,0,-6,0,-7,0,12,0,30,15,-11,-5,11,15,sil
14.191096305847168,4,-3,-9,-9,-5,-4,9,0,38,8,-3,0,3,4,sil
14.191096305847168,-17,-16,-9,-31,-9,-9,-9,-1,22,-3,-9,-1,-4,-12,sil
14.207122325897217,-8,-3,-11,-21,-6,-14,-12,-1,6,-13,2,1,0,-13,sil
14.207122325897217,12,20,13,6,3,-8,-5,2,-4,-14,18,9,0,-9,sil
14.222253561019896,-2,11,5,7,3,0,-15,0,-27,-13,3,0,-21,-19,sil
14.222253561019896,-25,-6,-8,-1,-1,4,-13,-8,-40,-20,-17,-20,-30,-24,sil
14.238293409347534,-17,-1,-2,10,0,14,4,-9,-29,-16,-18,-27,-21,-15,sil
14.238293409347534,-7,0,-3,25,0,10,5,-7,-21,-1,-11,-18,-14,-7,sil
14.253839492797852,-8,-6,1,16,-9,0,-4,-2,-25,0,-11,-8,-9,-7,sil
14.253839492797852,-2,-6,-3,8,-4,-1,0,1,-10,2,-8,0,1,-1,sil
14.269131183624268,11,-1,0,8,2,-4,1,1,5,8,2,12,10,17,sil
14.269131183624268,22,4,16,7,0,-8,-13,1,6,4,15,22,15,25,sil
14.28516435623169,23,11,9,9,-2,-9,-22,0,6,6,22,24,23,17,sil
14.28516435623169,16,10,6,3,-2,-11,-14,7,9,11,25,25,23,14,sil
14.300731897354126,7,5,2,-7,0,-5,-5,10,12,5,32,26,20,11,sil
14.300731897354126,2,8,6,3,5,4,-6,3,11,1,32,19,15,0,sil
14.31683588027954,0,13,13,18,10,7,-3,-1,-3,1,21,8,2,-4,sil
14.31683588027954,-3,2,-1,16,10,5,14,-2,-11,-1,6,-4,-7,1,sil
14.332403659820557,-8,-10,0,9,6,14,27,2,4,0,-6,-17,-15,-3,sil
14.332403659820557,-21,-19,-8,-6,-2,18,30,2,19,9,-18,-27,-18,-14,sil
14.34839940071106,-15,-22,-19,-32,-8,10,32,-3,18,14,-20,-19,-7,0,sil
14.34839940071106,0,-16,-1,-36,-6,4,24,0,18,5,-22,-8,-2,11,sil
14.363690614700316,-4,-14,-11,-29,-8,-9,0,0,16,-3,-30,-15,-11,-1,sil
14.363690614700316,-4,-10,-9,-31,-10,-22,-14,-1,10,-4,-20,-6,-6,-4,sil
14.378904342651367,18,4,2,-19,-4,-17,-10,1,2,-9,4,17,5,7,sil
14.378904342651367,16,12,-3,-10,2,-12,-16,-3,-18,-21,0,8,-6,-4,sil
14.394415616989136,-5,12,-5,-19,3,-11,-29,-8,-36,-23,-19,-9,-24,-26,sil
14.394415616989136,-10,14,-7,-9,8,0,-19,-4,-22,-8,-15,-10,-16,-20,sil
14.410058736801147,-9,6,0,15,15,15,-1,3,-7,0,-3,-11,-4,-7,sil
14.410058736801147,-13,-1,0,21,12,20,7,5,-8,4,0,-14,0,-3,sil
14.426156044006348,-9,2,-3,21,9,13,12,0,-5,12,0,-15,7,0,sil
14.426156044006348,0,4,11,29,11,7,15,0,7,17,0,-10,17,7,sil
14.442165613174438,6,-5,5,25,2,2,14,4,23,20,6,3,25,15,sil
14.442165613174438,7,-6,1,4,-11,-3,3,2,27,23,15,18,25,18,sil
14.458027601242064,12,3,10,2,-9,-6,-7,0,20,16,18,21,23,15,sil
14.458027601242064,18,10,10,16,-3,-9,-10,0,14,0,22,24,23,16,sil
14.473305463790894,12,10,15,4,-8,-13,-13,1,1,-12,22,29,11,7,sil
14.473305463790894,5,7,5,-12,-7,-18,-17,-1,-14,-16,17,23,-3,-9,sil
14.488986492156982,8,7,10,0,1,-8,-10,0,-15,-19,19,16,-8,-7,sil
14.488986492156982,7,4,14,16,5,6,5,0,-11,-14,17,8,-10,3,sil
14.504380226135254,-2,-6,-6,9,0,8,9,-1,-26,-11,0,-5,-21,-1,sil
14.504380226135254,-9,-11,-4,1,-6,5,0,0,-34,-19,-18,-19,-29,-12,sil
14.52008605003357,-8,-7,-5,10,-2,14,5,0,-12,-10,-18,-21,-17,-7,sil
14.52008605003357,-6,-5,-6,10,4,23,21,-2,9,12,-15,-14,0,4,sil
14.535171747207642,-11,-13,-10,-10,-4,14,16,-1,5,16,-20,-14,0,5,sil
14.535171747207642,-14,-18,-25,-19,-18,-6,3,-4,1,8,-19,-20,-6,1,sil
14.550145149230955,-11,-10,-10,-19,-12,-12,-1,-4,9,7,-15,-14,-4,0,sil
14.565895080566406,-10,-3,-8,-26,0,-6,-9,-3,18,5,-11,-2,0,-5,sil
14.565895080566406,-4,-3,-8,-18,3,-9,-16,0,21,2,2,4,2,-8,sil
14.565895080566406,8,6,6,-3,5,-6,-5,5,23,8,18,11,9,-1,sil
14.581326961517334,14,13,3,-5,7,0,1,3,17,10,16,9,13,0,sil
14.581326961517334,12,11,12,-7,7,-5,-8,0,0,-4,10,14,3,-5,sil
14.597739934921265,5,11,10,0,6,-18,-9,0,-14,-15,9,16,-3,-6,sil
14.597739934921265,-4,6,0,-4,5,-15,-6,2,-20,-11,-1,0,-4,-4,sil
14.612763166427612,-3,6,9,4,9,4,-9,4,-22,-4,-11,-5,-1,-3,sil
14.612763166427612,6,11,9,35,17,21,-1,0,-7,4,-3,3,4,6,sil
14.628798007965088,5,5,2,35,12,20,10,0,0,6,-3,-1,4,13,sil
14.628798007965088,-6,-10,-13,10,1,13,13,3,-12,-4,-15,-19,-5,1,sil
14.64483094215393,-7,-12,-10,1,0,12,16,0,-16,-9,-19,-18,-14,-5,sil
14.64483094215393,1,-7,8,0,-6,13,20,0,6,3,-8,-6,-3,4,sil
14.66035509109497,1,-15,-7,-15,-21,0,13,0,21,14,0,-4,13,10,sil
14.675900936126707,-2,-14,-7,-29,-18,-15,-1,-1,14,3,0,0,11,0,sil
14.675900936126707,3,0,2,-23,-5,-14,-4,0,9,-2,14,14,7,4,sil
14.675900936126707,7,6,2,-8,-7,-14,-12,2,8,3,27,16,16,13,sil
14.692026615142822,4,4,6,-1,-7,-20,-23,3,1,2,22,9,8,-1,sil
14.692026615142822,2,7,-4,-5,0,-15,-12,0,-4,-14,13,4,-10,-15,sil
14.707545518875122,-3,7,2,-11,-5,-5,-5,-2,-13,-24,0,0,-18,-9,sil
14.707545518875122,-10,1,9,6,-4,0,-11,1,-14,-4,-7,-2,-10,-2,sil
14.723076820373535,-1,3,2,38,20,14,4,1,4,23,5,0,0,4,sil
14.723076820373535,7,12,12,38,26,31,30,0,15,28,10,0,5,9,sil
14.73778200149536,3,7,5,17,9,25,33,0,9,18,-4,-7,3,4,sil
14.755924463272097,4,-2,1,8,0,6,21,0,12,12,-8,-3,3,6,sil
14.755924463272097,11,-3,2,4,-3,0,11,-2,19,12,0,7,6,13,sil
14.755924463272097,4,-3,-12,-11,-6,-10,-2,-6,8,5,0,4,7,7,sil
14.770206689834597,-10,-9,-11,-33,-7,-22,-23,-4,-10,-20,-7,0,0,-10,sil
14.770206689834597,-15,-12,-11,-35,-12,-21,-38,-5,-22,-38,-7,0,-13,-23,sil
14.783896684646606,-3,1,2,-14,-9,-16,-35,0,-25,-32,-2,3,-15,-22,sil
14.79902458190918,6,22,11,10,8,-8,-20,0,-21,-23,2,3,-4,-16,sil
14.79902458190918,0,13,-4,15,15,0,-13,-3,-19,-11,0,0,0,-10,sil
14.814205646514893,-7,0,5,16,6,10,0,4,-12,7,0,0,-3,-2,sil
14.814205646514893,-1,5,7,30,13,24,25,12,9,20,6,0,0,8,sil
14.82976007461548,1,1,-1,23,13,26,31,1,13,14,3,-3,0,11,sil
14.82976007461548,-9,-18,-8,-2,-4,15,16,-4,-9,1,-13,-15,-8,2,sil
14.844834327697754,-20,-21,-19,-13,-10,6,12,0,-11,-4,-30,-23,-16,0,sil
14.844834327697754,-12,-14,-6,-18,-6,7,14,0,7,0,-29,-18,-11,0,sil
14.859918594360352,-3,-14,-4,-25,-10,3,11,-2,15,11,-10,-8,7,0,sil
14.859918594360352,0,-10,-2,-18,-12,-9,5,2,14,17,7,1,20,9,sil
14.875242710113524,11,-1,3,-8,-7,-13,1,8,20,13,11,15,18,22,sil
14.875242710113524,20,0,0,-8,-6,-15,-3,-2,24,5,9,19,15,18,sil
14.89087986946106,18,6,11,-3,-8,-17,-11,-6,20,2,15,15,20,6,sil
14.89087986946106,19,15,8,7,-2,-12,-14,5,16,10,28,17,22,2,sil
14.906139850616457,15,7,0,3,0,-11,-16,4,-4,0,15,11,3,-5,sil
14.906139850616457,-1,-2,6,-7,-7,-16,-24,-9,-30,-30,-8,-4,-21,-20,sil
14.921318769454956,-7,2,0,-4,-6,-14,-22,-8,-27,-35,-2,-6,-20,-22,sil
14.921318769454956,4,19,6,6,12,2,-11,4,-15,-18,7,3,-9,-13,sil
14.93695616722107,4,24,8,18,25,7,-6,2,-14,-2,5,2,-3,-2,sil
14.93695616722107,-2,13,2,22,17,0,-3,-3,-5,5,12,1,4,5,sil
14.952502489089966,-5,0,8,11,1,4,6,-2,1,6,11,5,2,4,sil
14.952502489089966,-5,0,-5,9,0,17,25,-2,0,12,-2,-2,-7,3,sil
14.968189001083374,-4,3,-1,14,12,26,36,0,-1,15,-8,-13,-10,6,sil
14.98382043838501,-10,-5,0,4,13,24,26,6,0,5,-8,-11,-10,0,sil
14.98382043838501,-18,-13,-11,-4,-5,17,15,6,5,3,-10,-13,-5,-3,sil
14.98382043838501,-12,-7,-4,-4,-8,17,20,7,19,17,-12,-15,1,5,sil
14.999118328094482,-3,-9,-4,-8,7,8,18,5,27,25,-12,-12,1,9,sorry
14.999118328094482,-2,-12,0,-9,3,-4,0,-2,18,19,-8,0,7,8,sorry
15.01454782485962,3,-3,-1,-2,-7,-3,-7,-6,10,6,-2,8,19,13,sorry
15.030945539474487,8,-5,-9,-14,-10,-10,-16,-6,5,-17,-5,8,11,3,sorry
15.031943798065186,2,-11,1,-26,-17,-29,-27,-4,-9,-36,-6,7,-7,-15,sorry
15.031943798065186,5,3,2,-7,-13,-28,-25,-4,-21,-26,8,12,0,-14,sorry
15.04707646369934,14,10,7,2,0,-13,-21,-1,-17,-10,24,21,9,0,sorry
15.04707646369934,5,-3,1,-6,0,-9,-19,0,-9,-12,18,15,-1,-5,sorry
15.061745405197144,-5,-4,-13,-5,0,-11,-10,3,-13,-18,-2,-3,-20,-19,sorry
15.061745405197144,0,7,9,8,9,0,1,9,-10,0,-8,-7,-14,-11,sorry
15.077892303466797,3,8,15,22,12,9,7,6,5,8,4,3,6,9,sorry
15.077892303466797,2,6,3,27,7,7,9,-3,-1,-9,2,4,7,13,sorry
15.093047380447388,0,9,0,24,8,14,11,-5,-21,0,-6,-4,-2,4,sorry
15.093047380447388,0,1,-6,15,7,21,17,-2,-4,33,0,-4,1,6,sorry
15.110130786895752,4,-2,4,8,0,15,13,0,20,30,-1,-2,8,11,sorry
15.110130786895752,1,-4,-5,-1,-10,2,2,0,12,9,-19,-12,1,1,sorry
15.124555826187134,-16,-17,-16,-27,-25,-11,-5,-2,-2,0,-23,-22,-10,-12,sorry
15.124555826187134,-18,-22,-11,-44,-34,-21,-5,-4,3,-15,-13,-17,-14,-12,sorry
15.138753175735474,1,-3,-6,-27,-21,-21,-5,-3,14,-17,0,-1,-1,-1,sorry
15.154793977737429,15,14,17,-6,0,-10,-17,1,5,-8,19,19,20,2,sorry
15.154793977737429,10,18,12,1,11,-2,-19,2,-6,-6,35,24,23,3,sorry
15.172200202941896,0,18,4,15,16,0,-4,1,-9,0,21,6,0,5,sorry
15.172200202941896,-6,14,10,22,19,7,2,6,-8,4,2,-1,-14,0,sorry
15.172200202941896,-7,0,-5,14,16,9,0,4,-12,3,0,-2,-8,-3,sorry
15.186723709106444,-7,-4,-7,12,13,14,8,1,-8,5,-7,-9,-6,-4,sorry
15.186723709106444,-12,-4,-3,12,12,26,26,4,16,15,-13,-15,-9,-1,sorry
15.202126502990724,-10,-12,-1,-1,1,20,30,3,34,21,-3,-12,-3,4,sorry
15.217260122299194,1,-20,0,-15,-1,6,27,0,25,21,-3,-6,3,11,sorry
15.217260122299194,1,-20,-18,-21,-1,0,21,0,15,13,-16,-12,2,5,sorry
15.232778072357178,-9,-13,-13,-31,-10,-3,0,-1,9,-3,-18,-10,-4,-8,sorry
15.232778072357178,-3,1,-1,-20,-7,-8,-12,-2,1,-12,0,9,-1,-8,sorry
15.248776197433472,22,18,8,7,6,-7,-6,0,4,-6,21,28,12,5,sorry
15.248776197433472,26,16,17,11,0,-10,-12,-3,0,-4,21,23,14,0,sorry
15.264842987060549,8,4,4,0,-15,-21,-28,-10,-22,-9,11,12,3,-12,sorry
15.264842987060549,11,14,14,12,0,-14,-27,-1,-30,-12,13,19,6,0,sorry
15.28076696395874,21,16,17,24,9,-3,-16,4,-18,-13,16,21,16,11,sorry
15.28076696395874,5,0,0,10,-1,-6,-16,-2,-25,-26,0,2,0,0,sorry
15.298100233078005,-9,3,5,8,-1,0,-13,-4,-33,-32,-16,-7,-24,-8,sorry
15.298100233078005,-9,9,1,18,10,12,3,-1,-13,-2,-17,-9,-20,-4,sorry
15.298100233078005,-5,-3,-1,14,9,11,18,0,6,22,-12,-13,4,4,sorry
15.315203189849854,0,-11,0,7,-1,6,16,3,11,19,-1,-1,15,17,sorry
15.315203189849854,2,-9,-4,2,-9,4,7,0,10,14,0,4,5,19,sorry
15.327893495559692,0,-6,0,-7,-6,10,10,0,12,15,-12,-2,0,6,sorry
15.3431875705719,0,-3,-8,-8,2,6,17,0,21,11,-12,-8,0,2,sorry
15.3431875705719,-6,-10,-13,-16,-2,-5,7,3,27,0,-9,-6,-5,5,sorry
15.358804702758787,-14,-22,-16,-38,-18,-7,-1,5,25,-1,-8,-9,-6,-3,sorry
15.358804702758787,-11,-15,-18,-39,-16,-10,-1,1,15,-4,3,-7,-1,-14,sorry
15.374120473861694,-7,6,3,-16,-2,-8,-4,0,-3,-14,16,-2,-8,-22,sorry
15.374120473861694,-9,14,2,4,6,2,-6,1,-12,-12,17,-6,-8,-21,sorry
15.389733791351318,-4,11,2,6,12,0,-8,0,-15,-3,14,-3,2,-11,sorry
15.389733791351318,0,14,10,5,10,-13,-15,-2,-25,-11,5,-1,-4,-11,sorry
15.404797315597534,-6,5,3,12,3,-5,-11,-4,-28,-17,-9,-16,-23,-18,sorry
15.404797315597534,-15,-10,6,10,1,8,-1,-1,-16,0,-15,-20,-18,-10,sorry
15.420886754989624,-3,-6,-2,10,4,8,9,0,0,14,-5,0,3,6,sorry
15.420886754989624,10,2,-1,16,2,13,17,4,12,18,0,11,13,17,sorry
15.4364812374115,5,-1,6,12,-2,19,12,2,11,21,-4,0,7,11,sorry
15.4364812374115,0,-7,-6,2,-1,6,1,-5,4,18,-2,-3,7,9,sorry
15.452078342437744,13,-1,3,0,0,-2,1,-3,11,14,6,10,18,19,sorry
15.452078342437744,26,2,3,-4,-2,-2,8,1,25,16,13,27,24,23,sorry
15.467772245407104,22,1,-3,-12,-5,-3,7,0,23,7,15,26,20,14,sorry
15.467772245407104,12,4,2,-12,-1,-4,-1,0,10,-4,18,16,13,6,sorry
15.48326015472412,7,11,4,-3,4,-13,-10,-1,6,-3,22,16,10,0,sorry
15.48326015472412,6,16,16,0,3,-18,-12,1,2,0,16,25,8,-4,sorry
15.499232769012451,0,8,6,0,-1,-7,-12,3,-11,-2,3,12,1,-6,sil
15.499232769012451,-8,0,-1,3,0,0,-13,-2,-26,-16,-2,-5,-10,-6,sil
15.514748573303224,-9,0,10,7,7,1,-12,-2,-25,-28,-4,-2,-17,-10,sil
15.514748573303224,-10,0,-4,7,6,5,-9,-1,-23,-27,-20,-15,-22,-14,sil
15.529995203018188,-17,-12,-6,1,-1,9,-1,0,-24,-24,-42,-41,-37,-13,sil
15.529995203018188,-20,-18,-8,-2,-4,12,14,2,-6,-14,-38,-43,-33,-7,sil
15.546201467514038,-12,-13,-13,-4,-1,11,21,2,9,6,-16,-26,-9,1,sil
15.546201467514038,-3,-5,1,-2,0,14,13,0,5,17,-9,-8,-2,12,sil
15.561771154403688,4,0,-3,6,0,11,14,-1,10,11,-8,3,0,17,sil
15.561771154403688,15,5,-1,6,-1,0,18,-1,20,4,3,8,16,12,sil
15.577088832855225,12,0,-1,-8,-3,-6,11,0,16,6,13,10,23,2,sil
15.577088832855225,2,-12,-5,-20,-8,-10,-2,0,13,4,12,12,11,-1,sil
15.593196153640749,4,-2,6,-15,-13,-18,-14,2,11,-8,12,19,4,-2,sil
15.593196153640749,11,12,3,0,-11,-19,-16,0,0,-12,14,17,4,-8,sil
15.608745336532593,3,11,0,1,-6,-6,-20,0,-13,-3,5,4,-2,-18,sil
15.608745336532593,-1,7,0,-6,0,-3,-19,5,-6,5,13,4,2,-9,sil
15.623817443847656,2,9,4,0,6,-11,-8,3,-1,11,27,10,15,5,sil
15.623817443847656,-1,9,13,24,11,-2,-2,-4,-19,1,0,-3,0,-5,sil
15.63971209526062,-21,5,-5,30,14,11,0,-7,-25,-7,-29,-30,-23,-24,sil
15.63971209526062,-30,-1,-11,8,10,13,2,0,-11,2,-13,-29,-15,-14,sil
15.655876874923706,-18,-10,-3,-1,8,17,14,6,1,18,7,-3,0,6,sil
15.655876874923706,0,-10,-8,3,9,20,23,0,11,14,-4,2,5,16,sil
15.670468091964722,6,-5,2,-2,1,9,14,-2,13,8,-12,-4,9,17,sil
15.670468091964722,8,-6,3,-6,-7,-1,-1,-4,13,18,2,0,13,16,sil
15.686129570007324,14,-4,5,0,-4,-6,-3,0,21,23,17,18,13,18,sil
15.686129570007324,17,2,3,-1,-2,-9,-2,6,26,8,24,27,17,16,sil
15.702124118804932,11,3,-7,-13,-4,-12,-9,4,16,-14,17,21,12,3,sil
15.702124118804932,8,2,11,-18,-6,-10,-9,0,1,-23,0,11,-3,-7,sil
15.718043088912964,6,3,9,-9,-4,-13,1,-2,-8,-9,-1,2,-8,-6,sil
15.718043088912964,0,4,0,3,5,-7,2,-3,-20,-10,6,0,-8,-2,sil
15.735135316848757,0,7,8,17,14,13,0,-1,-27,-26,-1,-2,-17,-4,sil
15.735135316848757,0,0,-3,16,4,18,3,-4,-19,-13,-17,-14,-18,-5,sil
15.750184059143066,-11,-15,-10,-8,-6,9,7,-4,-10,0,-25,-22,-13,-6,sil
15.750184059143066,-16,-15,-13,-17,-10,11,14,1,0,-6,-21,-18,-13,-7,sil
15.76521372795105,0,-1,-4,-5,-11,8,21,5,19,0,-14,-7,-7,0,sil
15.76521372795105,0,0,0,-13,-9,-5,7,5,23,15,-5,2,9,2,sil
15.781164169311523,-9,0,-8,-13,-7,-19,-18,-4,0,2,1,0,12,-4,sil
15.781164169311523,2,16,9,7,-3,-17,-31,-5,-15,-8,4,0,2,-9,sil
15.796720504760742,8,21,12,10,7,-3,-27,2,-7,0,9,3,8,-4,sil
15.796720504760742,-2,7,4,7,18,6,-17,3,-11,0,8,-2,8,0,sil
15.812753915786743,-3,2,3,26,14,11,-1,-4,-21,-8,-8,-15,-17,-3,sil
15.812753915786743,-6,-8,-19,14,0,5,5,-9,-11,-1,-21,-25,-22,-11,sil
15.82883596420288,-21,-23,-13,-27,-14,-6,1,0,4,6,-11,-15,2,-9,sil
15.82883596420288,-7,-11,0,-19,-8,-7,5,2,16,7,7,12,19,6,sil
15.84417724609375,21,8,4,5,0,0,7,1,19,4,24,36,15,13,sil
15.84417724609375,18,8,16,0,-4,-2,-6,5,1,-8,20,30,0,0,sil
15.86022138595581,2,2,10,6,1,-2,-5,7,-10,-9,0,12,-6,0,sil
15.86022138595581,8,4,8,24,17,17,18,6,11,15,2,10,5,22,sil
15.876256942749023,8,0,1,15,10,21,32,8,31,31,12,8,18,28,sil
15.876256942749023,-3,-10,-7,3,-8,-1,12,1,12,14,-7,-7,0,8,sil
15.891844749450684,1,-7,1,0,-6,-11,-2,-6,-2,-1,-12,-4,-5,2,sil
15.891844749450684,9,0,-4,-13,4,-7,10,-3,12,1,26,15,17,11,sil
15.907064437866213,-2,3,-2,-16,0,-5,12,5,11,-2,32,10,15,-2,sil
15.907064437866213,-13,2,-3,4,1,0,-6,3,-15,-18,-1,-12,-9,-24,sil
15.922202348709106,-6,3,-12,17,14,11,-5,-5,-23,-7,-13,-18,-8,-9,sil
15.922202348709106,-4,0,-4,2,10,14,9,-7,-9,18,-10,-12,0,6,sil
15.938762664794922,-10,-7,-8,-10,0,2,10,-7,0,18,-18,-20,-5,1,sil
15.938762664794922,-4,-4,-1,-10,-4,-10,-6,-6,9,-1,-18,-17,-7,0,sil
15.952942848205566,9,0,7,-10,-8,-15,-23,-1,14,0,4,8,3,0,sil
15.952942848205566,14,0,3,-11,-12,-18,-29,0,-4,9,23,23,5,-3,sil
15.969157934188845,12,11,14,0,-6,-17,-25,0,-23,-10,13,16,-5,-5,sil
15.969157934188845,1,14,3,8,4,0,-9,1,-14,-22,0,-1,-9,-7,sil
15.98424744606018,-11,0,-4,4,8,18,9,5,-13,-5,-4,-16,-5,-14,sil
15.98424744606018,-15,-9,-5,4,2,17,12,2,-18,0,-23,-25,-16,-13,sil
15.999827861785889,-13,-16,-14,-3,-4,0,1,-3,-1,-14,-45,-30,-30,-5,sil
15.999827861785889,-17,-19,-4,-31,-13,-11,-1,0,12,-15,-38,-24,-13,-5,sil
16.015860319137573,-13,-10,-2,-43,-23,-7,-6,0,10,-7,-8,-6,6,-8,sil
16.03142786026001,0,-3,0,-25,-17,-1,-15,-2,5,-13,9,10,1,-3,sil
16.03142786026001,12,6,11,2,1,-2,-10,0,-3,-18,10,21,-1,-1,sil
16.03142786026001,14,20,6,21,7,-5,0,3,-6,-7,16,24,7,2,sil
16.047096967697144,9,21,19,25,0,0,0,4,-2,2,28,23,10,9,sil
16.047096967697144,4,9,12,34,4,9,7,1,-2,4,22,14,2,8,sil
16.06528115272522,0,1,0,45,13,16,16,-3,-3,3,0,-2,-4,6,sil
16.06528115272522,-5,-7,0,30,5,17,18,0,6,12,-4,-6,2,10,sil
16.083168983459473,-1,-11,-11,4,-6,10,20,0,18,22,3,3,18,9,sil
16.083168983459473,10,0,-2,-4,0,5,15,1,13,16,3,14,24,16,sil
16.095199823379517,19,2,5,1,8,-1,0,0,5,11,9,14,21,22,sil
16.095199823379517,16,1,1,0,6,-12,-15,-4,-1,0,11,14,9,2,sil
16.11215567588806,11,14,4,-5,11,-7,-13,0,0,-7,12,18,2,-7,sil
16.11215567588806,13,21,0,6,18,4,6,7,10,16,28,16,16,8,sil
16.127752780914307,8,11,12,24,14,6,8,8,18,32,29,9,18,11,sil
16.127752780914307,-3,0,5,18,13,5,0,2,7,15,0,-8,-3,-6,sil
16.141271352767944,-12,-11,-14,-4,14,10,14,-2,-1,10,-26,-31,-14,-6,sil
16.15831971168518,-14,-18,-13,-19,4,7,28,0,9,22,-25,-32,-3,4,sil
16.15831971168518,-21,-26,-29,-34,-12,-11,4,-1,12,8,-19,-22,0,0,sil
16.15831971168518,-19,-24,-23,-50,-29,-28,-29,-9,-10,-24,-25,-21,-11,-15,sil
16.1729896068573,1,0,1,-39,-19,-19,-21,-8,-17,-30,-12,-7,-12,-18,sil
16.1729896068573,15,13,6,-16,0,0,3,0,-4,-7,14,13,-3,-1,sil
16.186801433563232,0,2,0,-10,-5,1,0,4,-10,-5,9,2,-9,3,sil
16.202228784561157,-19,-4,-11,-2,-8,-3,-6,0,-15,-17,-12,-17,-16,-6,sil
16.202228784561157,-17,-3,0,6,0,5,1,0,-14,-16,-21,-17,-19,-13,sil
16.217833042144775,-12,-8,-1,8,0,11,1,2,-18,-9,-20,-9,-26,-8,sil
16.217833042144775,-11,-9,-2,3,-11,-2,-7,0,-7,-8,-18,-7,-16,3,sil
16.232792615890503,-2,-1,17,-7,-27,-12,-13,-5,8,-18,-16,-3,-3,-1,sil
16.232792615890503,3,0,2,-16,-32,-12,-21,-7,0,-31,-12,0,-9,-19,sil
16.248494863510132,-8,-4,-9,-21,-25,-23,-40,-2,-28,-43,-7,-2,-21,-32,sil
16.248494863510132,-23,-10,1,-22,-22,-29,-56,-3,-39,-45,-5,-5,-29,-37,sil
16.264166116714478,0,6,15,8,-1,0,-32,-3,-17,-21,15,15,-7,-13,sil
16.264166116714478,41,36,41,53,39,39,25,8,12,19,45,50,32,22,sil
16.27930212020874,37,38,25,67,54,38,56,10,15,37,34,30,37,27,sil
16.27930212020874,18,24,5,60,42,18,43,4,18,41,17,1,22,20,sil
16.2951443195343,23,20,6,50,34,19,35,8,43,54,32,17,36,39,sil
16.2951443195343,13,1,-4,23,20,19,32,6,43,46,19,15,35,40,sil
16.310738801956177,-8,-17,-11,-8,3,8,18,0,20,30,-14,-11,12,15,sil
16.310738801956177,-3,-16,-17,-22,-2,-4,14,0,19,32,0,-4,19,9,sil
16.32581067085266,11,-5,-3,-13,-2,-12,10,-2,15,14,15,12,26,14,sil
16.32581067085266,8,3,6,0,1,-8,-4,-3,1,-5,4,10,16,4,sil
16.341172218322754,4,1,-9,-11,-2,-8,-16,-4,2,2,13,13,15,2,sil
16.341172218322754,0,-11,-5,-37,-18,-23,-23,-4,-15,-14,13,14,1,-4,sil
16.35711693763733,-13,-11,-8,-37,-21,-22,-21,-3,-36,-41,-13,-4,-21,-25,sil
16.35711693763733,-15,-1,-9,-22,-9,-3,-8,1,-11,-17,-16,-18,-21,-22,sil
16.372074365615845,-6,-3,1,-14,-3,3,1,8,12,3,-3,-10,-14,-7,sil
16.372074365615845,-21,-8,-10,-2,-8,0,0,3,-3,-16,-19,-18,-28,-13,sil
16.387751817703247,-30,-4,-8,4,-3,2,-3,-2,-20,-24,-41,-30,-38,-16,sil
16.387751817703247,-7,-3,-5,14,10,10,1,-1,-10,0,-26,-23,-23,-3,sil
16.403773307800293,0,-3,-1,19,9,16,11,-2,-8,10,-2,-14,-7,0,sil
16.403773307800293,-14,-3,7,6,-3,18,11,-8,-8,4,-4,-20,-9,-2,sil
16.41926074028015,-8,-9,-9,-6,-6,9,5,-5,3,4,-15,-18,-10,0,sil
16.41926074028015,0,-9,-7,-10,-9,0,1,4,12,0,-12,-2,-3,0,sil
16.43481683731079,-13,-12,-5,-24,-19,-9,0,4,9,-7,-9,-4,-1,-5,sil
16.43481683731079,-16,-19,-9,-32,-25,-15,-11,-4,1,-12,-13,-12,-8,-11,sil
16.450778245925903,4,-7,3,-18,-19,-16,-29,0,-6,-11,-5,0,-12,-6,sil
16.450778245925903,24,8,5,-9,-10,-22,-32,1,-12,-12,9,19,0,2,sil
16.46578097343445,32,16,19,-2,0,-23,-21,0,-7,-9,22,28,22,8,sil
16.46578097343445,34,25,28,22,12,-5,-4,1,6,5,43,34,34,15,sil
16.481396675109863,33,30,19,38,22,4,7,6,7,15,51,37,33,17,sil
16.481396675109863,27,28,21,29,24,7,8,5,1,5,39,38,28,12,sil
16.4973726272583,15,23,12,24,25,14,7,-2,0,0,27,29,20,12,sil
16.4973726272583,0,14,12,24,20,9,2,-6,-16,-10,4,8,-2,2,sil
16.5129976272583,-10,4,0,18,9,-1,-1,0,-36,-23,-19,-11,-23,-16,sil
16.5129976272583,-19,-5,-17,4,3,4,-1,0,-19,-15,-24,-22,-20,-11,sil
16.528416633605957,-23,-14,-9,-8,1,14,5,0,3,4,-22,-22,-10,-7,sil
16.528416633605957,-29,-20,-19,-7,0,12,14,-1,4,18,-22,-25,-4,-10,sil
16.543959617614746,-27,-20,-19,-8,-4,13,20,3,16,21,-17,-22,-3,3,sil
16.543959617614746,-11,-7,-2,-8,0,18,30,11,45,24,-13,-12,2,13,sil
16.560198545455933,0,0,-3,0,9,13,35,11,48,32,-12,-8,9,6,sil
16.560198545455933,-6,-10,-5,1,2,2,20,4,27,25,-10,-13,4,4,sil
16.57478952407837,-11,-21,-17,-14,-17,-8,0,-5,15,2,-4,-13,0,0,sil
16.57478952407837,-3,-8,-12,-23,-23,-14,-8,-4,5,-7,-2,-2,0,-7,sil
16.590418338775635,3,-1,-4,-20,-10,-14,-13,-3,-7,-5,-3,3,0,-7,sil
16.60706877708435,9,-4,-9,-10,-3,-14,-19,-6,-5,-11,7,7,2,-2,sil
16.60706877708435,17,6,11,2,-1,-10,-18,0,2,-9,29,23,12,1,sil
16.60706877708435,16,13,15,3,0,-9,-13,0,-7,-2,26,26,8,0,sil
16.622844457626343,3,1,4,-10,-6,-13,-18,-7,-31,-14,4,2,-13,-8,sil
16.622844457626343,3,0,11,-10,-11,-11,-21,-5,-35,-26,7,0,-16,-10,sil
16.63818645477295,17,8,11,3,-8,-9,-13,0,-27,-14,17,13,0,0,sil
16.63818645477295,13,6,13,2,-6,-8,-11,0,-29,-2,1,4,-5,4,sil
16.653708696365356,1,6,9,4,1,3,-4,0,-23,-1,-4,0,-14,4,sil
16.653708696365356,4,10,13,21,18,19,12,2,-9,-6,-3,5,-9,9,sil
16.670273065567017,-1,5,0,27,22,24,21,1,-1,-7,-22,-10,-9,3,sil
16.670273065567017,-13,0,-20,24,13,22,20,0,11,9,-25,-25,-6,1,sil
16.684862852096558,-6,-3,0,16,10,21,22,4,23,22,-3,-7,4,12,sil
16.684862852096558,-4,-12,-1,0,8,15,19,3,23,19,3,-3,8,10,sil
16.699421405792236,-14,-14,-12,-7,-3,0,6,0,24,17,-2,-19,2,1,sil
16.716190576553345,-15,-5,-4,-6,-14,-7,-8,0,21,13,-8,-13,0,0,sil
16.716190576553345,-5,-7,-17,-11,-3,-7,-19,-4,1,-4,-12,-1,0,-3,sil
16.730826139450073,7,-3,-2,-18,5,-8,-12,-3,-8,-18,-6,2,0,-9,sil
16.730826139450073,11,5,10,-12,-2,-12,0,1,-2,-7,9,8,13,-9,sil
16.747037649154663,-1,1,0,-10,-10,-15,-6,2,1,-1,10,11,15,-7,sil
16.747037649154663,-4,-1,0,-12,-6,-12,-10,4,6,-4,4,10,7,-6,sil
16.747037649154663,9,9,-1,-6,-3,-10,6,7,20,9,20,20,16,1,sil
16.76124095916748,13,21,8,0,0,-12,12,4,17,24,35,33,27,9,sil
16.77712082862854,1,14,10,1,4,-4,0,-1,-4,4,18,18,13,1,sil
16.77745509147644,-4,1,0,3,4,8,-8,-2,-17,-23,-6,-6,-11,-14,sil
16.792206287384033,-7,4,7,9,4,11,-10,0,-13,-27,-7,-5,-18,-18,sil
16.792206287384033,-1,12,5,24,10,6,-1,-2,0,-10,9,8,-3,-2,sil
16.808183193206787,6,3,4,19,9,9,8,-3,4,1,9,4,2,6,sil
16.808183193206787,1,-5,-3,1,0,11,8,0,-5,3,-10,-9,-4,4,sil
16.82328176498413,-3,-5,-9,2,-5,1,0,-4,-23,-2,-24,-20,-16,2,sil
16.82328176498413,0,-8,0,4,-4,1,-5,-5,-29,-9,-25,-22,-22,0,sil
16.83841586112976,-3,-14,-11,-5,-2,2,0,-5,-17,-3,-24,-26,-15,2,sil
16.83841586112976,-7,-15,-10,-11,-4,-1,5,-1,0,9,-18,-20,-5,13,sil
16.85407280921936,-5,-15,-5,-10,-3,0,8,5,12,15,-12,-14,-3,11,sil
16.85407280921936,-6,-17,-14,-15,-6,3,6,2,17,10,-14,-16,-5,5,sil
16.869215965270996,-8,-15,-3,-22,-16,-1,-1,-4,15,1,-14,-12,-7,-1,sorry
16.869215965270996,-8,-12,-4,-23,-9,0,-3,-4,8,-5,-12,-11,-10,-14,sorry
16.884847164154053,-5,0,-1,-13,0,1,2,0,0,-7,-7,-4,-7,-13,sorry
16.884847164154053,7,17,12,5,0,-8,0,4,1,2,19,22,8,4,sorry
16.900310039520264,21,21,13,21,9,-12,-5,7,16,16,49,43,26,15,sorry
16.900310039520264,23,26,27,31,19,0,-3,9,22,24,57,47,31,16,sorry
16.91619563102722,22,25,15,29,5,-6,-6,3,5,18,44,36,21,6,sorry
16.91619563102722,15,10,0,6,-4,-21,-22,-4,-22,-11,11,10,-10,-10,sorry
16.93232488632202,2,1,-1,-1,2,-5,-14,-1,-34,-35,-4,-1,-26,-12,sorry
16.93232488632202,-7,-1,-8,2,3,12,11,2,-22,-27,-1,0,-16,-4,sorry
16.94827127456665,-20,-11,0,0,0,15,20,2,-20,-19,-18,-10,-35,-14,sorry
16.94827127456665,-19,-9,0,4,7,18,25,0,-4,0,-18,-16,-21,-8,sorry
16.964279651641846,-4,0,-2,15,3,15,34,0,29,35,6,-3,74,18,sorry
16.964279651641846,0,-3,-6,1,-11,5,20,0,28,39,-4,-7,96,16,sorry
16.979779481887817,-2,-8,-17,-12,-7,2,-4,-6,4,10,-25,-19,11,3,sorry
16.979779481887817,10,0,2,-11,1,-2,-12,0,18,3,0,2,-11,10,sorry
16.99583601951599,12,4,2,-9,-3,-13,-14,3,35,10,10,14,10,1,sorry
16.99583601951599,-2,-1,-5,-14,-7,-12,-28,-5,1,-12,-13,0,-22,-19,sorry
17.011027097702026,-2,1,9,-12,0,-4,-38,-5,-24,-34,-4,4,-36,-14,sorry
17.011027097702026,4,9,3,0,3,-5,-25,0,-10,-19,19,13,-6,-2,sorry
17.02620244026184,-1,3,3,7,5,1,-9,0,-10,-9,0,-11,-12,-10,sorry
17.02620244026184,-11,-5,-2,0,10,17,0,0,-23,-12,-22,-30,-26,-10,sorry
17.04208779335022,-9,-7,-8,-2,5,14,15,0,-11,0,-10,-19,-4,4,sorry
17.04208779335022,-2,-5,0,-4,-2,2,23,0,7,18,-5,-15,6,11,sorry
17.05717635154724,-1,-7,-12,-11,-1,-5,14,-2,11,15,-14,-15,-1,11,sorry
17.05717635154724,2,-2,-8,-14,0,-16,0,4,8,1,-5,5,2,10,sorry
17.072893857955933,16,4,5,-7,-4,-20,0,9,10,-2,11,24,14,5,sorry
17.072893857955933,18,5,5,-1,-6,-12,4,0,1,-5,11,20,4,4,sorry
17.087843656539917,2,5,8,8,0,0,0,-5,-22,-17,2,9,-13,-5,sorry
17.087843656539917,-9,2,-1,22,4,6,5,-1,-29,-14,2,0,-14,-22,sorry
17.103262662887573,-15,-8,0,18,0,16,15,0,-15,0,-2,-6,-15,-19,sorry
17.103262662887573,-19,-19,-2,3,-8,16,4,0,-6,0,-17,-12,-23,-4,sorry
17.1203932762146,-8,-16,-7,-2,-9,0,-12,-1,4,0,-15,-17,-12,0,sorry
17.13404655456543,10,-2,7,0,-8,-4,0,6,29,16,12,3,16,12,sorry
17.13404655456543,13,5,2,0,-5,0,18,5,32,31,37,31,33,25,sorry
17.13404655456543,5,11,3,-3,0,-7,0,-3,-1,10,25,25,19,4,sorry
17.151265144348145,0,18,8,7,10,-4,-12,0,-23,-14,0,-3,-5,-24,sorry
17.151265144348145,-9,8,-9,13,16,9,2,5,-9,-6,-8,-20,-17,-16,sorry
17.164759635925293,-15,-3,-5,-1,10,15,9,2,10,11,-13,-15,-9,0,sorry
17.181915521621704,0,0,6,2,2,10,5,-3,21,15,-7,-4,8,11,sorry
17.181915521621704,22,10,10,17,-3,-2,1,-3,21,13,1,10,20,27,sorry
17.198187112808228,12,5,-4,-4,-14,-19,-14,-4,4,3,3,15,17,17,sorry
17.198187112808228,-2,0,-15,-24,-11,-24,-26,-6,-3,-11,10,10,17,-2,sorry
17.198187112808228,12,11,13,0,10,-4,-17,0,4,-8,24,21,23,4,sorry
17.212056636810303,23,17,15,15,19,3,-7,1,4,0,23,28,16,12,sorry
17.228179693222046,5,6,3,-3,3,-4,-11,3,-11,-13,10,8,-2,-6,sorry
17.228179693222046,-7,-2,1,-8,-5,0,-9,7,-23,-32,-5,-13,-14,-18,sorry
17.242732524871826,-11,-9,-10,3,-4,12,3,1,-27,-21,-21,-26,-16,-10,sorry
17.242732524871826,-16,-15,-7,-2,-1,12,15,-2,-23,-3,-31,-33,-17,-10,sorry
17.258724212646484,-10,-14,-8,-9,0,9,23,-2,3,8,-23,-28,-12,-5,sorry
17.258724212646484,-2,-7,-7,0,0,16,24,0,23,19,-9,-13,-5,7,sorry
17.276190042495728,-6,-7,-5,-1,2,13,18,1,15,21,-8,-6,-1,5,sorry
17.276190042495728,-7,-15,-9,-14,0,-6,2,-1,12,14,-13,-8,0,2,sorry
17.276190042495728,3,-6,2,-17,0,-13,-10,1,22,8,0,0,0,3,sorry
17.290241956710815,11,10,0,0,2,-12,-11,1,16,4,18,14,6,-4,sorry
17.305774688720703,8,11,2,5,1,-20,-8,-6,-8,-4,6,16,5,-9,sorry
17.305774688720703,4,5,15,-4,0,-17,-6,-2,-25,-16,0,13,-6,-6,sorry
17.32097291946411,0,6,2,1,3,0,-1,0,-21,-25,12,9,-9,-6,sorry
17.32097291946411,-1,4,8,20,0,6,-4,-2,-16,-20,12,6,-5,-1,sorry
17.33638095855713,-9,-1,4,20,-7,8,-10,0,-19,0,0,1,-11,0,sorry
17.33638095855713,-16,-5,-12,8,-1,14,-6,0,-23,1,-10,-5,-18,-5,sorry
17.351989030838013,-9,-1,-2,14,9,23,8,-1,-10,-2,-10,-5,-7,0,sorry
17.351989030838013,4,1,2,23,4,19,26,2,16,10,0,2,9,17,sorry
17.367109775543213,5,-3,1,0,-12,0,20,8,28,21,0,0,11,12,sorry
17.367109775543213,-10,-17,-9,-30,-20,-13,2,4,18,9,-21,-15,-1,-6,sorry
17.382816553115845,-22,-19,-19,-39,-17,-7,0,-2,9,-7,-17,-16,-6,-11,sil
17.382816553115845,-8,-4,-5,-25,-11,0,5,-1,19,0,4,0,10,3,sil
17.39830708503723,15,5,0,-1,-1,-8,0,2,36,24,17,13,35,18,sil
17.39830708503723,21,7,13,1,5,-18,-16,5,30,18,20,16,26,8,sil
17.41397523880005,14,10,9,-7,4,-13,-22,0,7,0,20,7,0,-7,sil
17.41397523880005,14,13,-2,-1,1,-10,-18,-3,-14,-2,12,0,0,-6,sil
17.429189443588257,11,11,7,7,2,-9,-16,-2,-30,-12,1,1,2,-9,sil
17.429189443588257,2,8,-1,6,8,0,-7,-1,-27,-24,3,3,-8,-12,sil
17.44478678703308,5,19,2,21,21,9,11,4,-9,-7,16,8,-1,6,sil
17.44478678703308,8,22,15,31,25,9,15,8,0,10,19,10,10,17,sil
17.45991277694702,-4,0,0,12,13,6,1,-3,-10,-3,-5,-8,-7,0,sil
17.45991277694702,-7,-11,0,2,-1,5,-5,-8,-25,-23,-28,-21,-26,-10,sil
17.475058555603027,2,0,-1,12,-6,2,0,-3,-17,-9,-21,-10,-16,0,sil
17.475058555603027,7,0,3,2,0,4,7,0,1,14,-5,4,-2,13,sil
17.490193367004395,1,-12,8,-7,0,15,18,3,13,17,7,6,11,19,sil
17.490193367004395,-7,-9,-3,0,-7,9,17,0,14,9,12,3,18,12,sil
17.50690984725952,-18,-5,-5,-4,-11,-3,2,-3,0,1,-6,0,0,-1,sil
17.50690984725952,-18,-16,-14,-22,-7,-3,-4,-3,-9,-3,-24,-9,-10,-6,sil
17.522079467773438,-10,-21,-13,-25,-10,-3,-4,0,0,0,-11,-14,0,0,sil
17.522079467773438,-9,-13,-1,-17,-13,-7,-5,0,11,5,0,-5,4,-4,sil
17.536792278289795,-7,-7,-3,-15,-4,-7,-6,0,0,-2,-3,-3,-1,-20,sil
17.536792278289795,2,4,6,-11,2,-4,-7,0,-7,-23,0,0,-6,-25,sil
17.55230736732483,12,22,6,16,4,0,-6,0,6,-16,13,17,-4,-7,sil
17.55230736732483,16,25,8,41,13,10,0,3,12,9,10,15,0,1,sil
17.568367958068848,12,13,9,27,22,15,4,9,-1,14,2,-1,-2,-5,sil
17.568367958068848,1,0,-6,9,14,10,5,3,-7,3,3,-10,-10,-3,sil
17.584022521972656,-10,-9,-1,5,2,10,12,0,0,9,-5,-8,-6,8,sil
17.584022521972656,-13,-13,-8,-8,-3,7,21,0,9,12,-19,-10,-1,8,sil
17.59908127784729,-7,-11,-16,-24,-9,-2,18,-2,14,0,-12,-5,-2,5,sil
17.59908127784729,-5,-9,-6,-18,-14,-10,6,-4,15,0,0,3,5,9,sil
17.61356019973755,-9,-12,-10,-9,-13,-19,-4,-4,12,4,-1,0,12,7,sil
17.628602027893066,-1,-6,0,-17,-14,-24,-18,0,0,-7,-5,0,4,0,sil
17.628602027893066,7,2,2,-23,-16,-20,-24,0,-11,-19,-5,7,0,-5,sil
17.644254684448242,6,5,-3,-21,-15,-18,-25,-4,-17,-22,0,9,0,-7,sil
17.644254684448242,9,9,8,-13,-7,-15,-27,-1,-16,-16,18,12,8,-5,sil
17.659409761428833,11,12,4,3,5,-4,-19,5,-12,-1,23,10,13,0,sil
17.659409761428833,2,15,10,26,16,8,-4,5,0,8,8,1,-1,1,sil
17.675223112106323,5,21,17,38,21,22,4,2,9,6,12,2,-9,1,sil
17.675223112106323,13,14,8,31,22,24,6,1,-1,3,14,3,1,3,sil
17.69081735610962,6,3,12,23,20,17,14,0,-14,10,0,0,5,7,sil
17.69081735610962,3,5,7,28,16,14,24,1,0,23,-1,2,6,9,sil
17.706005573272705,6,4,9,28,7,13,17,4,3,15,0,0,1,5,sil
17.706005573272705,-2,-6,0,12,0,9,8,4,-10,4,-4,-9,-5,0,sil
17.721389055252075,-7,-10,-11,-4,-3,7,15,-2,-8,14,-1,-10,-1,4,sil
17.721389055252075,0,-7,-2,-7,-2,8,15,-4,8,13,-5,-3,1,16,sil
17.73719048500061,0,-11,-10,-5,-2,0,11,-1,25,-3,-17,-7,0,14,sil
17.73719048500061,-9,-19,-11,-24,-17,-16,6,-3,25,-13,-16,-9,-2,0,sil
17.752734184265137,-8,-19,-9,-38,-29,-22,-8,-8,9,-13,-2,-4,-3,-7,sil
17.752734184265137,-6,-10,-20,-30,-21,-17,-20,-5,0,-15,0,-4,-2,-13,sil
17.768003940582275,-8,-5,-9,-39,-13,-11,-15,2,2,-24,-4,-4,-9,-20,sil
17.768003940582275,-2,-3,-4,-38,-11,-12,-9,0,-2,-21,10,5,-10,-9,sil
17.783647298812866,12,8,6,-4,-2,-11,-12,0,-13,-4,35,20,3,2,sil
17.783647298812866,5,12,12,9,4,-9,-14,3,-19,-6,25,13,4,-9,sil
17.79933786392212,-13,-2,-3,0,7,-9,-18,-1,-25,-16,3,-6,-11,-23,sil
17.79933786392212,-12,1,7,8,8,2,-13,0,-16,-3,11,-5,-7,-16,sil
17.815016508102417,-4,14,7,27,17,18,2,7,6,13,15,-1,4,-4,sil
17.815016508102417,-4,11,4,39,30,19,8,4,9,10,-10,-7,-5,1,sil
17.830530881881714,0,7,10,38,25,16,6,-1,0,11,-22,-1,-7,6,sil
17.830530881881714,1,2,0,18,3,19,14,0,2,25,-13,6,12,11,sil
17.846141576766968,-5,-8,-1,4,-2,16,16,-2,-3,14,-35,-7,4,4,sil
17.846141576766968,-7,-10,-10,2,0,6,13,-4,-12,-3,-66,-18,-15,-4,sil
17.86204481124878,0,-6,-11,-12,-6,5,22,1,13,12,-58,-2,3,9,sil
17.86204481124878,7,-3,-3,-15,-7,9,26,3,39,30,-29,10,28,24,sil
17.87810730934143,6,0,-8,-1,-6,-5,3,-1,25,5,-4,0,11,13,sil
17.87810730934143,4,1,1,-13,-14,-21,-10,2,10,-10,27,3,4,3,sil
17.893633127212524,11,1,5,-12,-14,-15,-2,6,13,8,52,18,19,10,sil
17.893633127212524,13,3,7,1,-4,-11,-9,0,2,3,36,10,12,7,sil
17.909722566604614,1,0,8,-13,-6,-17,-27,-1,-8,-20,22,0,-1,-6,sil
17.909722566604614,4,1,-7,-24,-11,-17,-29,-1,-10,-17,37,7,1,-6,sil
17.924867153167725,20,15,3,-5,-1,-9,-24,-3,-21,-22,29,11,-7,-3,sil
17.924867153167725,14,17,10,1,7,-4,-13,-1,-24,-29,12,1,-20,-6,sil
17.9400155544281,2,5,5,2,0,-4,-2,-1,-10,-12,18,1,-13,-2,sil
17.9400155544281,2,7,9,18,0,0,-2,0,-10,-11,11,4,-12,-2,sil
17.95598077774048,0,6,0,29,17,9,5,3,-13,-14,-8,-5,-18,-7,sil
17.95598077774048,-3,-2,8,23,21,16,23,3,-6,9,-2,-8,-1,0,sil
17.97079634666443,-6,-8,2,6,9,13,25,0,-1,22,3,-6,11,3,sil
17.97079634666443,-20,-11,-13,-8,2,11,15,-2,3,5,-18,-16,-3,-3,sil
17.98706030845642,-24,-13,-4,-4,5,13,14,0,11,3,-27,-18,-12,-8,sil
17.98706030845642,-17,-15,-8,-1,0,4,11,-1,4,9,-19,-15,0,-11,sil
18.001363039016724,-22,-12,-5,-12,-10,0,-2,-5,-12,2,-27,-19,-6,-13,sil
18.017260313034058,-16,-10,-3,-10,-11,4,-3,0,-4,7,-24,-6,-8,0,sil
18.017260313034058,3,-11,-10,0,-7,3,5,2,15,18,-2,7,13,16,sil
18.017260313034058,6,-6,0,1,-9,1,2,4,13,12,-2,1,12,9,sil
18.033830404281616,-1,0,-5,-2,-9,-1,-4,-1,6,1,-13,-4,-3,-4,sil
18.033830404281616,0,-5,-8,-16,-6,-9,-9,-4,11,-3,-5,5,0,0,sil
18.051235914230347,8,-4,-1,-21,-2,-10,-9,1,15,0,12,17,15,9,sil
18.051235914230347,14,10,0,-6,4,-9,-5,5,16,8,20,20,22,11,sil
18.063747882843018,14,18,5,0,8,-9,-4,3,12,3,11,22,16,10,sil
18.089192867279053,15,16,-1,2,4,-9,-5,0,8,-5,11,21,10,5,sil
18.089192867279053,26,22,11,10,0,-7,-5,3,5,-4,23,22,11,2,sil
18.09019160270691,19,23,16,9,0,-5,-9,1,-4,-1,13,9,1,0,sil
18.09019160270691,-1,10,-2,6,3,-5,-12,-5,-21,-10,-1,-8,-12,-6,sil
18.09430456161499,-7,3,7,10,2,-1,-7,-2,-27,-19,9,-7,-10,-12,sil
18.1109561920166,-4,6,7,17,4,7,3,2,-17,-14,9,0,-4,-6,sil
18.130120754241943,-1,7,6,21,12,22,16,3,0,6,-5,1,1,9,sil
18.130120754241943,2,-1,12,15,12,27,22,2,10,22,0,1,6,18,sil
18.130120754241943,-2,-13,-2,6,2,9,11,-6,-5,0,-5,-15,-14,3,sil
18.14014577865601,-18,-15,-7,2,-3,-4,0,-8,-35,-25,-32,-35,-34,-18,sil
18.1560287475586,-21,-19,-18,-6,-9,0,9,-1,-23,-6,-31,-34,-20,-18,sil
18.1560287475586,-9,-18,-12,-12,-12,7,15,0,16,16,-8,-20,-3,0,sil
18.17154622077942,0,0,4,-1,-4,6,4,0,29,1,-5,-2,-2,4,sil
18.17154622077942,-4,-3,-5,-11,0,-4,-8,0,10,-10,-15,1,-3,-4,sil
18.18708276748657,-11,-24,-7,-41,-10,-14,-16,0,-1,1,-1,-8,3,-14,sil
18.18708276748657,-4,-11,-7,-28,-8,-9,-12,-3,3,10,18,-2,14,-7,sil
18.20297479629517,11,10,0,1,1,-8,-9,0,4,0,6,28,10,11,sil
18.20297479629517,20,7,9,1,2,-11,-7,6,2,-6,4,40,5,12,sil
18.218377590179443,9,0,-6,-10,0,-11,-5,1,1,3,23,4,9,-6,sil
18.218377590179443,-11,1,-4,-14,-2,-14,-10,-1,-17,-4,2,-9,-9,-19,sil
18.23392367362976,-10,5,1,-5,-5,-19,-15,0,-31,-23,-14,8,-26,-14,sil
18.23392367362976,3,7,1,16,-1,-3,-6,3,-17,-17,6,2,-14,-3,sil
18.2487268447876,-2,11,10,30,8,25,7,3,-1,2,10,-17,0,0,sil
18.2487268447876,-11,10,4,29,15,29,26,0,9,24,3,-2,12,15,sil
18.264747381210327,5,11,12,29,17,25,39,0,27,40,14,14,26,32,sil
18.264747381210327,21,6,7,17,11,22,27,3,36,34,10,3,27,24,sil
18.27989149093628,9,-9,-8,-12,-11,0,2,-1,24,15,-8,-3,15,9,sil
18.27989149093628,-2,-20,-2,-32,-28,-18,-8,-4,6,1,-19,-1,0,6,sil
18.29594111442566,0,-13,-7,-27,-17,-11,-8,-1,2,-9,-10,0,-1,1,sil
18.29594111442566,7,0,0,-18,0,-8,-16,0,3,-19,9,10,4,-5,sil
18.31205463409424,8,10,12,-1,1,-10,-19,-4,-2,-22,21,17,5,-9,sil
18.31205463409424,6,14,7,15,5,-2,-14,-9,-13,-21,9,4,-4,-8,sil
18.32815098762512,4,15,8,14,14,6,-8,0,-17,-17,-1,-2,-12,-5,sil
18.32815098762512,7,12,3,20,16,6,0,7,-13,-2,3,0,-2,2,sil
18.344171047210693,11,11,12,39,13,6,12,7,-9,11,3,3,3,7,sil
18.344171047210693,0,3,6,31,8,7,18,2,-6,15,-15,-3,-7,0,sil
18.36015772819519,-22,-14,-20,-1,-3,2,12,-1,-1,12,-27,-21,-16,-8,sil
18.36015772819519,-24,-20,-16,-21,-14,-2,3,0,5,9,-19,-20,-7,-4,sil
18.376017808914185,-14,-17,-17,-26,-10,-9,0,-1,11,1,-11,-9,-1,0,sil
18.376017808914185,-13,-24,-14,-40,-9,-14,-7,-2,4,-13,-12,-7,-3,-13,sil
18.391157150268555,-9,-19,-8,-41,-16,-13,-11,3,-5,-18,-1,-1,1,-19,sil
18.391157150268555,4,1,-8,-18,-3,-8,-1,0,-9,-13,13,11,-1,-10,sil
18.4063880443573,5,12,6,0,13,0,2,-4,-15,-14,10,7,-14,-9,sil
18.4063880443573,-3,10,3,9,3,3,-8,-1,-14,-11,3,0,-7,-9,sil
18.42240333557129,-3,12,7,19,1,5,-14,3,-6,1,14,5,5,6,sil
18.42240333557129,0,11,13,24,19,15,1,5,-1,12,22,8,9,14,sil
18.437744855880737,0,2,2,22,15,13,10,0,0,14,9,-1,5,10,sil
18.437744855880737,0,2,7,22,0,1,-3,0,0,12,-5,-6,-2,10,sil
18.45382857322693,1,0,-1,18,3,3,-8,1,4,19,-8,-7,-5,11,sil
18.45382857322693,3,-4,-4,1,0,8,4,-2,16,20,-12,-8,2,10,sil
18.469009160995483,7,-6,8,-9,-14,6,8,-2,20,2,-14,-3,5,10,sil
18.469009160995483,5,-6,0,-7,-12,1,8,-2,16,-1,-6,0,3,8,sil
18.4850435256958,4,-5,0,-13,-9,-5,11,-2,14,9,-2,1,4,2,sil
18.4850435256958,4,-4,0,-24,-16,-15,7,-3,3,-4,-5,-1,2,0,sil
18.50021314620972,2,-2,-5,-23,-14,-13,-2,-7,-5,-25,-4,3,-2,-2,sil
18.50021314620972,2,0,2,-16,-6,-4,-2,-2,2,-9,4,15,2,-2,sil
18.516328811645508,7,0,-2,-10,-2,-3,2,5,2,7,10,15,12,1,sil
18.516328811645508,12,0,5,-5,0,-4,-4,7,-8,-2,12,17,9,2,sil
18.53194546699524,11,7,6,3,7,-3,-9,0,0,-5,21,18,7,0,sil
18.53194546699524,1,10,0,7,7,-9,-14,0,0,-3,18,2,3,-4,sil
18.54710102081299,-10,9,3,6,3,-8,-23,2,-18,-14,0,-10,-8,-17,sil
18.54710102081299,-6,8,2,11,8,0,-20,0,-19,-16,-2,-4,-12,-19,sil
18.562231063842773,8,12,13,22,18,3,-4,-2,-6,-4,9,6,-3,-10,sil
18.562231063842773,5,9,-1,23,17,9,10,0,-1,3,8,3,2,-5,sil
18.57787275314331,-14,-3,-15,9,9,14,16,6,-5,1,-9,-12,0,-4,sil
18.57787275314331,-22,-8,3,8,8,12,13,11,-11,-5,-19,-22,-12,-5,sil
18.59340047836304,-15,-2,-7,18,8,9,14,3,-4,-4,-10,-21,-17,-6,sil
18.59340047836304,-12,-4,-12,8,5,15,18,-1,4,10,-6,-15,-4,0,sil
18.609111785888672,-10,-10,-2,-3,6,15,19,0,7,21,-7,-8,6,12,sil
18.609111785888672,-2,-3,-2,3,0,1,12,-1,9,15,-5,-2,-2,14,sil
18.62514352798462,0,0,1,3,-16,-3,1,0,11,7,-9,0,-6,10,sil
18.62514352798462,-4,-12,-8,-11,-20,-3,0,-1,9,12,-12,-6,1,10,sil
18.640772104263306,0,-18,-6,-25,-16,-10,-3,-7,1,10,-9,-8,-1,13,sil
18.640772104263306,7,-5,0,-22,-15,-9,-13,-6,0,0,-8,2,1,12,sil
18.656301975250244,10,2,-1,-10,-10,-3,-14,-4,0,-6,-5,11,17,9,sil
18.656301975250244,11,0,4,-14,-6,-11,-18,-5,-16,-15,3,10,10,0,sil
18.67236876487732,5,-11,-10,-29,-12,-23,-27,-5,-26,-20,7,7,-1,-13,sil
18.67236876487732,0,-7,-7,-27,-14,-23,-26,-2,-7,-11,0,9,0,-16,sil
18.687039375305176,1,8,13,-6,-3,-11,-8,2,16,1,3,11,4,-3,sil
18.687039375305176,12,18,14,4,8,1,3,10,31,16,21,18,14,7,sil
18.70393300056457,15,16,19,1,13,12,6,16,40,21,32,23,13,0,sil
18.70393300056457,10,12,7,7,18,13,17,11,38,12,32,17,2,0,sil
18.717715740203857,12,18,11,29,20,11,23,4,15,3,28,16,4,11,sil
18.717715740203857,9,21,14,34,17,11,15,1,-10,-2,12,10,0,1,sil
18.73373770713806,-9,0,-10,8,12,6,3,-6,-28,-21,-12,-16,-20,-17,sorry
18.74984097480774,-17,-12,-8,-6,4,5,1,-7,-28,-31,-20,-26,-15,-15,sorry
18.74984097480774,-8,0,-1,14,2,8,10,0,-15,-15,-12,-15,-4,-7,sorry
18.74984097480774,-6,0,-4,25,0,5,10,0,-9,-2,-19,-19,-16,-9,sorry
18.766854524612427,-4,-10,-4,4,-6,1,0,-1,-9,2,-20,-17,-10,-1,sorry
18.766854524612427,0,-4,-10,-1,-4,0,-6,-3,-10,8,-1,-5,6,7,sorry
18.78193688392639,-2,0,0,11,4,0,-13,-9,-23,3,-3,-10,-6,0,sorry
18.78193688392639,0,-2,0,11,6,5,-7,-6,-14,7,-12,-11,-12,0,sorry
18.79707145690918,2,-2,-4,-3,-1,4,6,1,14,15,-9,1,7,10,sorry
18.79707145690918,-11,-8,-3,-20,-7,-1,3,0,12,2,-11,-2,7,5,sorry
18.8131206035614,-23,-20,-13,-28,-11,-10,-1,-4,-2,-6,-11,-16,-4,-1,sorry
18.8131206035614,-15,-14,-3,-25,-16,-10,0,-1,1,-1,-6,-7,0,-2,sorry
18.82927680015564,-7,-6,-2,-12,-14,-7,0,0,5,-4,-10,2,6,-1,sorry
18.82927680015564,0,-5,-3,-4,-4,-9,-8,1,0,-5,-3,5,11,7,sorry
18.84585189819336,12,3,8,0,0,-7,-11,0,-1,11,20,16,18,19,sorry
18.84585189819336,15,7,2,6,-7,-5,-13,-3,1,17,26,26,16,11,sorry
18.85909104347229,13,2,8,2,-10,-6,-18,2,12,2,18,24,8,-5,sorry
18.875266313552856,10,0,4,-8,-1,-5,-12,7,25,0,18,12,10,-7,sorry
18.875266313552856,4,4,-2,-9,0,-6,-4,6,15,0,14,5,4,-4,sorry
18.891308546066284,6,12,10,-2,-5,-5,-2,10,-6,-12,7,13,-6,-5,sorry
18.891308546066284,17,20,7,8,8,3,5,8,-7,-19,13,20,0,4,sorry
18.908333778381348,18,23,10,18,23,14,8,0,-3,-12,13,8,0,6,sorry
18.908333778381348,0,15,4,16,14,10,2,-2,-9,-7,0,-13,-13,-14,sorry
18.908333778381348,-15,4,-7,13,8,8,7,0,-4,3,-5,-21,-16,-18,sorry
18.923024654388428,-14,0,0,14,17,17,19,2,3,14,-10,-10,-9,-2,sorry
18.93620252609253,-17,-8,-9,10,11,16,22,0,0,3,-17,-14,-17,-6,sorry
18.93620252609253,-21,-17,-8,0,0,6,20,-8,-4,-6,-28,-29,-25,-14,sorry
18.951810836791992,-14,-12,-4,-4,2,5,18,-5,2,5,-27,-25,-14,0,sorry
18.951810836791992,-1,-5,-11,-7,0,4,14,-1,9,19,-11,-8,4,13,sorry
18.96735715866089,6,-1,6,-1,-4,4,9,-2,6,14,0,5,11,15,sorry
18.96735715866089,6,-4,5,8,-3,0,7,-1,7,12,-2,11,10,21,sorry
18.983178853988647,7,-14,-2,-4,-5,-3,1,1,12,16,2,6,9,19,sorry
18.983178853988647,8,-13,-3,-19,-7,-1,-7,0,14,7,12,0,13,3,sorry
18.99929022789001,6,0,-2,-11,-3,-7,-11,-2,10,0,9,7,18,2,sorry
18.99929022789001,9,4,11,-4,-4,-19,-15,0,4,1,7,18,15,7,sorry
19.01809859275818,9,-2,0,-7,-8,-20,-25,-2,-8,-9,8,8,4,-3,sorry
19.01809859275818,0,-3,-6,-15,-8,-20,-31,-10,-27,-26,3,3,-5,-12,sorry
19.031139373779297,-5,0,1,-20,-9,-18,-26,-6,-31,-21,0,12,-2,-6,sorry
19.031139373779297,-6,-1,0,-20,-12,-14,-20,4,-26,-17,0,1,0,-10,sorry
19.047735452651978,-8,0,5,-7,-10,-11,-18,4,-31,-34,-1,-13,-12,-22,sorry
19.047735452651978,-3,5,1,11,-5,0,-7,0,-21,-27,0,-5,-17,-14,sorry
19.048735857009888,2,11,3,14,-2,11,3,3,1,5,6,-1,-1,0,sorry
19.062764167785645,2,19,8,12,1,6,8,9,8,5,6,-4,5,-1,sorry
19.078248023986816,1,21,-3,30,20,7,13,0,4,-8,0,1,-2,0,sorry
19.078248023986816,-4,11,6,30,30,27,10,-2,5,2,-7,0,-8,0,sorry
19.093846559524536,-11,0,3,14,20,23,9,7,7,15,-5,-9,-4,-5,sorry
19.093846559524536,-2,-1,-7,15,15,3,16,11,4,6,1,-5,0,0,sorry
19.10935926437378,7,1,-2,16,11,7,19,4,10,9,2,3,2,11,sorry
19.10935926437378,2,-8,-7,0,-7,12,15,0,23,26,-2,-5,5,11,sorry
19.12497639656067,-2,-18,-2,-6,-18,6,11,0,28,28,-12,-11,2,9,sorry
19.12497639656067,-4,-16,-6,-8,-4,6,13,-6,24,29,-16,-9,3,13,sorry
19.139968395233154,-4,-12,-7,-13,0,9,18,-7,20,29,-9,-11,7,13,sorry
19.139968395233154,0,-7,4,-12,-9,8,16,0,22,24,-1,-4,8,12,sorry
19.156014680862427,3,-6,-7,-11,-7,-5,6,0,17,8,-2,4,6,4,sorry
19.156014680862427,7,0,-1,-13,0,-21,-2,-3,-1,-13,-4,8,0,-8,sorry
19.17184567451477,6,9,5,-5,0,-16,-5,-4,-15,-19,10,13,0,-7,sorry
19.17184567451477,0,4,-4,-11,-4,-11,-11,-6,-19,-19,19,17,-2,-3,sorry
19.18697428703308,0,0,0,-18,-4,-13,-19,0,-25,-32,8,16,-10,-10,sorry
19.18697428703308,8,10,1,-1,-3,-11,-19,2,-25,-27,7,22,-1,-4,sorry
19.203040599823,6,13,6,4,-2,-13,-22,1,-21,-9,15,29,6,2,sorry
19.203040599823,-3,4,3,-2,-4,-15,-27,5,-21,-14,10,13,-1,-9,sorry
19.218729734420776,0,4,2,7,-4,-6,-22,5,-21,-25,3,-9,-12,-13,sorry
19.218729734420776,8,10,15,14,2,1,-12,0,-21,-20,3,-10,-12,-5,sorry
19.234251737594604,2,3,5,6,8,0,-6,-1,-8,-7,8,-2,-3,-2,sorry
19.234251737594604,-2,-1,6,6,4,0,-5,0,5,1,5,-3,0,1,sorry
19.249854564666748,0,3,7,15,8,8,0,0,0,9,-2,-8,-3,1,sil
19.249854564666748,-4,0,-6,15,18,17,11,1,-8,11,-16,-15,-8,-5,sil
19.265233278274536,-12,-9,0,8,12,23,18,0,-6,2,-30,-26,-11,-5,sil
19.265233278274536,-13,-11,-6,3,0,16,21,-3,8,6,-24,-32,0,2,sil
19.280919313430783,-8,-6,-1,-6,-2,9,23,3,36,29,-4,-17,15,10,sil
19.280919313430783,-2,-7,3,-12,-2,10,25,9,47,40,-2,-4,17,13,sil
19.296173810958862,0,-13,-10,-8,-4,6,23,-2,30,26,-12,-5,7,14,sil
19.296173810958862,-6,-11,-12,-9,-9,0,12,-6,15,15,-11,-4,0,7,sil
19.31416606903076,-14,-15,-21,-27,-21,-8,-3,-2,13,7,-12,-7,-2,-8,sil
19.31416606903076,-5,-17,-11,-34,-25,-17,-14,-5,5,-9,-14,-1,0,-13,sil
19.32710218429565,18,0,7,-14,-4,-8,-6,-2,5,-12,10,26,14,6,sil
19.32710218429565,30,17,3,0,13,0,1,3,9,0,35,38,25,20,sil
19.343536615371704,15,13,10,0,7,-3,-6,2,0,-3,25,24,16,9,sil
19.343536615371704,4,9,4,8,1,-8,-11,-3,-18,-16,12,11,1,-3,sil
19.35829186439514,4,14,0,13,9,-5,-9,-2,-27,-20,12,1,-13,-10,sil
19.35829186439514,-2,14,7,6,10,-5,-14,0,-25,-23,7,-2,-21,-14,sil
19.373835563659668,0,14,7,25,8,-8,-13,-2,-18,-17,6,11,-6,-5,sil
19.373835563659668,10,19,21,43,9,-3,-5,2,-15,-2,12,18,1,5,sil
19.389816284179688,-2,3,3,17,1,3,-6,3,-15,2,-2,-4,-12,-3,sil
19.389816284179688,-27,-20,-18,-10,-8,9,-5,-2,-16,-7,-32,-30,-30,-21,sil
19.40622568130493,-19,-15,-6,1,-4,13,10,2,-6,0,-29,-28,-21,-16,sil
19.40622568130493,7,0,2,18,5,16,21,8,19,33,3,-5,9,12,sil
19.420770406723022,9,-3,3,4,1,13,15,3,29,35,5,9,16,26,sil
19.420770406723022,-12,-16,-13,-15,-9,0,4,-3,8,-3,-15,0,-1,2,sil
19.43673086166382,-13,-16,-13,-21,-17,-18,-5,0,-5,-18,-5,-5,0,-9,sil
19.43673086166382,8,-2,9,-13,-12,-19,-7,5,4,1,25,13,22,6,sil
19.45212435722351,12,12,0,-1,0,-2,1,0,12,4,28,17,24,10,sil
19.45212435722351,3,16,1,-3,2,2,-1,-3,-5,-16,7,5,1,-6,sil
19.4671049118042,0,5,5,-10,1,-5,-9,0,-20,-20,0,2,-10,-14,sil
19.4671049118042,0,0,1,1,6,3,-1,-4,-15,-2,4,1,-9,-5,sil
19.483134984970093,4,4,12,23,11,19,13,-6,-7,6,-1,-7,-8,1,sil
19.483134984970093,4,0,5,22,14,9,13,2,2,8,-15,-13,-4,4,sil
19.498755931854248,-1,-7,-1,5,7,1,4,6,13,16,-19,-9,2,10,sil
19.498755931854248,4,-2,-5,2,-3,9,-1,-3,17,23,-8,2,10,19,sil
19.514780282974243,12,1,-7,-1,-5,-3,-11,-10,16,12,3,15,14,18,sil
19.514780282974243,0,-1,2,-24,-4,-20,-19,0,6,-3,-1,13,9,-3,sil
19.531272172927856,-12,-5,-7,-38,-10,-14,-14,2,-6,-11,-13,-4,-8,-21,sil
19.531272172927856,-5,-6,-4,-27,-10,-10,-13,-4,-14,-25,-12,-13,-21,-18,sil
19.54382085800171,1,0,1,-8,0,-11,-8,1,-2,-23,1,-4,-8,-11,sil
19.558985233306885,0,6,-3,3,10,1,6,13,15,0,13,-3,6,-1,sil
19.558985233306885,-8,0,6,5,9,17,9,7,7,4,0,-14,-4,4,sil
19.57454824447632,-12,-9,0,10,8,17,12,-6,-8,1,-13,-21,-16,0,sil
19.57454824447632,-4,-8,0,12,6,16,28,-3,-1,20,-6,-16,-6,1,sil
19.58993077278137,-2,-5,-4,1,1,18,34,4,20,25,-1,-11,4,12,sil
19.58993077278137,-10,-8,-19,-9,0,9,22,1,29,9,-9,-9,6,12,sil
19.606011152267456,-4,-9,-4,-11,-8,0,4,1,20,0,-4,0,9,0,sil
19.606011152267456,5,-7,0,-12,-22,-11,-15,-3,0,-9,6,11,12,-5,sil
19.621134996414185,4,2,1,-8,-24,-24,-31,-12,-27,-23,10,24,6,-6,sil
19.621134996414185,5,16,11,6,-11,-19,-24,-4,-29,-10,23,34,5,-4,sil
19.63681983947754,13,19,9,18,0,-9,-11,7,-10,0,36,32,13,0,sil
19.63681983947754,15,18,19,20,2,-8,-9,2,-5,-11,26,26,7,0,sil
19.65197324752808,8,17,9,20,7,-5,-8,-5,-15,-14,8,14,-8,-4,sil
19.65197324752808,-2,3,0,8,9,-2,-4,-1,-16,-6,0,0,-10,-7,sil
19.667065143585205,-10,-5,0,-3,5,-5,-7,4,-5,0,0,-4,0,-4,sil
19.667065143585205,-2,3,-2,12,4,-3,-6,0,6,9,0,-1,5,1,sil
19.682344436645508,9,16,12,30,11,5,3,0,3,15,0,-2,0,8,sil
19.682344436645508,5,8,6,11,10,4,4,0,-6,5,-3,-9,-5,1,sil
19.69843697547913,-4,-8,-6,-8,0,1,-7,-2,-15,-12,-18,-12,-11,-7,sil
19.69843697547913,2,-4,3,6,3,14,-2,2,-6,-11,-17,-9,-9,1,sil
19.7141695022583,11,0,-1,19,9,24,20,3,10,11,-6,-9,-3,12,sil
19.7141695022583,2,-7,-7,-1,2,13,22,-1,8,16,-13,-6,-9,6,sil
19.7298104763031,-10,-14,-15,-16,0,9,9,0,-2,8,-19,-10,-12,-1,sil
19.7298104763031,-15,-9,-11,-5,0,18,14,1,0,11,-16,-21,-11,-3,sil
19.74591708183289,-8,-8,4,5,0,13,24,1,9,10,-11,-15,-6,0,sil
19.74591708183289,-1,-9,-5,-2,0,-4,17,-1,19,2,0,-1,11,13,sil
19.761759281158447,-3,-10,-6,-26,0,-3,5,0,27,5,-1,-3,17,12,sil
19.761759281158447,-8,-14,-11,-31,-3,7,4,0,22,4,-13,-8,4,-3,sil
19.77685642242432,-9,-15,-9,-21,-8,2,-1,-1,13,-7,-5,0,5,-4,sil
19.77685642242432,-8,-5,7,-23,-10,-7,-5,4,16,-3,6,5,12,-1,sil
19.79228186607361,-6,-2,-5,-27,-6,-15,0,2,14,5,6,0,3,-13,sil
19.79228186607361,-4,-10,-6,-32,-13,-24,-7,-4,-3,-8,7,1,0,-16,sil
19.808264017105103,2,-1,1,-27,-24,-31,-25,-4,-9,-19,17,15,10,-1,sil
19.808264017105103,21,21,10,3,-12,-26,-20,0,-2,-8,26,26,15,13,sil
19.823989868164062,29,25,23,23,7,-8,-13,0,-4,-2,26,31,11,11,sil
19.823989868164062,21,14,11,15,11,-3,-22,-3,-10,-3,20,24,16,2,sil
19.83916020393372,18,21,13,20,5,-13,-32,0,-13,-6,15,14,10,1,sil
19.83916020393372,17,30,15,36,2,-10,-26,3,-18,-8,10,7,-7,-1,sil
19.854390144348145,-1,11,0,25,-3,0,-12,-4,-30,-11,0,-3,-19,-9,sil
19.854390144348145,-23,-8,-1,2,-3,6,-10,-5,-41,-23,-14,-16,-29,-14,sil
19.87087845802307,-24,-6,-8,6,6,15,-8,0,-29,-24,-20,-19,-34,-14,sil
19.87087845802307,-14,2,-1,16,10,24,9,4,-10,0,-18,-15,-21,-7,sil
19.88513803482056,-9,-2,0,10,6,23,25,3,-4,15,-10,-15,-7,0,sil
19.88513803482056,-10,-8,-13,8,14,19,24,1,2,11,0,-13,-1,3,sil
19.901103734970093,-7,0,1,19,19,16,27,3,17,16,-3,-3,4,0,sil
19.901103734970093,0,0,0,13,2,8,30,0,18,22,-15,-7,1,0,sil
19.917242527008057,0,-11,-5,-7,-7,7,22,-2,10,7,-14,-11,-9,0,sil
19.917242527008057,-3,-11,1,-7,1,14,20,-1,14,3,0,0,0,7,sil
19.93196988105774,7,-4,-6,7,8,10,22,2,26,23,6,8,21,20,sil
19.93196988105774,18,0,2,6,5,0,17,5,25,29,2,9,21,19,sil
19.94816875457764,7,0,1,-5,0,-7,5,1,16,14,0,5,11,10,sil
19.94816875457764,-4,-14,-8,-18,-7,-11,-12,-4,12,1,-1,-3,10,8,sil
19.964126586914062,-8,-21,-10,-27,-10,-9,-19,-2,8,0,-10,-9,5,-2,sil
19.964126586914062,-6,-9,-17,-25,-7,-7,-14,-2,-5,-6,-15,-11,-5,-17,sil
19.97930860519409,0,0,-2,-21,-11,-11,-14,0,-12,-15,-4,-1,-9,-9,sil
19.97930860519409,6,0,3,-14,-12,-14,-9,0,1,-10,13,12,0,0,sil
19.995899200439453,1,2,6,-7,-4,-14,-5,-6,5,-6,14,13,4,-8,sil
19.99692153930664,0,12,14,-5,-2,-8,-10,-5,-3,-11,7,10,3,-4,sil
20.01114654541016,6,15,6,1,-3,0,-5,1,2,-4,19,11,10,9,sil
20.01114654541016,10,11,10,6,2,4,3,4,6,4,26,12,15,10,sil
20.0267653465271,9,6,2,0,8,-5,0,4,-1,2,14,8,12,5,sil
20.04095482826233,10,2,3,-2,-3,-14,-8,1,-6,-4,7,9,7,5,sil
20.04095482826233,10,2,19,2,-12,-7,-14,1,-8,-8,8,14,5,3,sil
20.04095482826233,4,5,8,7,0,-1,-14,0,-6,-8,6,7,2,2,sil
20.058086395263672,0,9,1,9,7,-1,-10,0,-3,-10,0,-6,-7,-1,sil
20.058086395263672,-5,8,-4,12,1,3,-10,-7,-17,-15,-12,-20,-26,-18,sil
20.07413673400879,-18,2,-9,13,0,3,-17,-9,-35,-19,-26,-26,-38,-26,sil
20.07413673400879,-15,-1,0,12,4,4,-13,0,-30,-18,-24,-15,-29,-14,sil
20.0987389087677,-8,-7,-13,6,7,8,3,3,-12,-7,-19,-8,-14,-2,sil
20.0987389087677,-15,-11,-9,0,5,12,11,1,-10,4,-20,-15,-11,-1,sil
20.0987389087677,-13,-7,-5,4,6,19,17,2,-6,16,-8,-12,-4,0,sil
20.10581612586975,-6,-6,-9,8,7,22,25,6,12,24,4,-2,10,9,sil
20.1198627948761,-13,-11,-2,3,3,19,24,2,16,15,-3,-6,5,1,sil
20.1198627948761,-14,-14,-7,-1,1,13,21,-6,1,5,-21,-19,-9,-6,sil
20.13701367378235,3,-9,0,-4,1,7,22,-1,10,12,-13,-9,-1,0,sil
20.13701367378235,20,1,6,-2,3,-1,19,7,39,28,15,19,24,12,sil
20.15306925773621,20,4,-5,-4,0,-15,6,1,39,24,21,29,31,14,sil
20.154067754745483,10,1,2,-19,-11,-23,-6,-4,17,3,5,18,12,5,sil
20.169336318969727,10,0,2,-19,-14,-20,-9,1,15,0,18,20,10,4,sil
20.169336318969727,20,1,5,-7,-10,-21,-9,6,15,1,35,34,27,13,sil
20.18287968635559,18,0,7,-3,-12,-24,-15,-1,-1,-8,27,24,21,10,sil
20.18287968635559,0,0,0,-1,-10,-14,-22,-4,-11,-20,10,1,-7,1,sil
20.20103359222412,-11,7,10,2,0,0,-18,0,-7,-17,-7,-4,-21,-6,sil
20.20103359222412,-5,11,3,0,3,0,-7,0,-12,-16,-16,-8,-14,-17,sil
20.213236331939697,-1,10,1,-5,5,0,0,-4,-28,-21,-6,-9,-14,-18,sil
20.22880268096924,-9,10,0,0,14,13,6,1,-22,-12,1,-11,-12,-6,sil
20.22880268096924,-10,6,-10,10,12,10,4,1,-7,0,-5,-17,-4,-8,sil
20.24685835838318,0,6,8,18,2,-2,-11,-3,-16,-5,-8,-14,-6,-15,sil
20.24685835838318,4,11,11,27,3,3,-12,-3,-20,-6,6,-4,-3,-1,sil
20.24685835838318,0,3,3,28,14,24,5,1,0,13,14,-5,11,13,sil
20.259899139404297,-5,-11,-2,9,13,32,15,3,10,28,3,-7,14,11,sil
20.275910139083862,-12,-21,-14,-8,-2,9,7,-3,2,17,-11,-11,0,7,sil
20.275910139083862,-12,-17,-2,-9,-16,-6,-3,-5,1,-1,-29,-16,-13,6,sil
20.29186201095581,-2,-12,0,-5,-10,2,5,1,10,-1,-28,-9,-10,2,sil
20.29186201095581,-1,-8,-11,-16,-3,5,19,2,15,4,-13,0,0,0,sil
20.30713105201721,-4,-8,-11,-22,-3,0,14,0,16,6,-7,0,2,3,sil
20.30713105201721,1,-7,-8,-7,0,-2,8,0,16,11,0,4,6,4,sil
20.32306146621704,11,0,8,0,2,-12,1,3,14,13,10,18,10,0,sil
20.32306146621704,13,3,2,0,-5,-20,-10,0,9,1,9,17,10,0,sil
20.338674068450928,14,5,2,-1,-13,-10,-12,-1,2,-8,3,14,6,3,sil
20.338674068450928,16,10,16,-2,-9,0,-3,0,-2,-4,12,24,13,4,sil
20.35475492477417,9,9,-3,-4,0,-6,-9,-2,-3,-1,18,15,13,7,sil
20.35475492477417,3,4,-6,-7,0,-9,-15,0,-8,-12,1,-7,-11,0,sil
20.37072253227234,0,8,0,-2,0,-3,-5,2,-10,-15,-7,-12,-21,-16,sil
20.37072253227234,1,14,3,6,9,-3,-3,0,-6,-3,3,0,-2,-16,sil
20.390921354293823,5,12,10,7,7,-5,-12,0,-4,-3,12,3,0,-3,sil
20.390921354293823,0,3,2,5,-4,0,-4,1,-1,-8,9,5,-7,-1,sil
20.390921354293823,-9,0,2,3,-2,6,2,0,-4,0,15,10,5,-3,sil
20.403999090194706,-12,0,-2,0,6,4,0,-1,-9,8,21,8,13,1,sil
20.418195724487305,-8,0,-2,6,9,0,0,0,-6,0,5,-1,-6,4,sil
20.418195724487305,-8,-6,9,11,3,1,6,4,-5,-9,-12,-11,-17,-4,sil
20.433751106262207,-15,-16,-8,-2,-6,3,11,0,-12,-10,-15,-23,-13,-15,sil
20.433751106262207,-10,-14,-5,-10,-8,4,10,-4,-20,-13,-19,-21,-20,-13,sil
20.44920873641968,5,-3,4,0,1,6,7,0,-18,-9,-22,-9,-18,-5,sil
20.44920873641968,0,-9,-10,-1,6,11,2,0,-7,0,-20,-14,-2,-2,sil
20.46473002433777,-16,-10,-6,0,8,17,4,0,8,4,-15,-14,1,0,sil
20.46473002433777,-2,5,1,15,15,7,14,0,27,12,1,2,11,9,sil
20.48013949394226,13,11,4,12,6,-5,11,5,32,25,12,11,22,17,sil
20.48013949394226,3,0,-1,-3,-11,-3,0,2,15,15,4,4,14,17,sil
20.496089220047,-10,-3,-11,-8,-13,1,-1,0,2,2,0,-2,7,11,sil
20.496089220047,-1,2,2,-2,-3,1,-5,2,1,6,3,-1,11,1,sil
20.51148724555969,9,6,0,7,2,-2,-17,-5,-3,4,6,2,6,0,sil
20.51148724555969,3,5,-2,8,5,-8,-17,-11,-8,-8,6,7,-3,2,sil
20.52682328224182,0,9,7,9,11,-1,-2,0,1,0,11,12,0,6,sil
20.52682328224182,14,11,7,17,13,7,12,5,16,14,13,17,14,13,sil
20.542335987091064,23,0,11,0,4,2,11,0,9,2,-1,11,9,8,sil
20.542335987091064,4,-16,0,-32,-15,-11,0,0,-5,-13,-19,-3,-6,-3,sil
20.55818343162537,-7,-19,-1,-32,-26,-16,-8,3,0,-1,-13,-9,-7,-2,sil
20.55818343162537,-4,-6,2,-12,-13,-10,-4,2,19,15,0,-1,0,-3,sil
20.57372570037841,-9,0,-12,-5,-1,-4,-1,0,10,8,1,-2,-3,-13,sil
20.57372570037841,-8,2,1,-4,-7,0,-6,1,-14,-10,0,-7,-12,-15,sil
20.5891547203064,6,6,8,5,-7,2,-3,0,-10,-14,0,-3,-14,-8,sil
20.5891547203064,13,9,4,13,3,1,4,-4,5,-14,4,5,-4,2,sil
20.60513663291931,13,6,8,11,4,5,10,0,5,-6,14,15,10,14,sil
20.60513663291931,11,0,-2,6,0,6,11,-1,-3,9,12,10,12,9,sil
20.62105965614319,1,-2,-5,-4,-1,-2,0,-5,-15,3,-1,1,-1,-5,sil
20.62105965614319,-8,-4,-11,-12,-3,-14,-14,-5,-18,-9,-7,-2,-5,-10,sil
20.636115074157715,-6,-5,-9,-11,-2,-15,-18,-2,-17,-8,0,-2,-3,-7,sil
20.636115074157715,-2,0,3,-14,1,-5,-11,0,-21,-13,2,-1,-8,-10,sil
20.65178108215332,-6,3,-8,-10,4,4,-3,0,-20,-30,-7,-4,-14,-8,sil
20.65178108215332,-4,7,-1,11,9,7,-3,2,-11,-32,-13,-2,-12,0,sil
20.667194604873657,0,15,8,33,19,5,-2,11,1,-1,2,4,2,4,sil
20.667194604873657,-8,7,1,26,18,11,1,6,10,29,11,0,12,0,sil
20.682400226593018,-26,-7,-1,11,11,17,12,-4,8,35,-3,-21,1,-13,sorry
20.682400226593018,-26,-7,-12,14,13,16,25,-4,13,29,-13,-26,-9,-14,sorry
20.697813034057617,-9,-3,-5,11,7,12,27,2,21,22,-12,-14,-7,0,sorry
20.697813034057617,-5,-15,-5,-9,-11,3,10,0,12,4,-15,-8,0,7,sorry
20.71321153640747,1,-20,-4,-19,-14,-6,4,0,9,0,-3,1,12,14,sorry
20.71321153640747,25,-1,18,-8,0,-2,13,6,28,18,27,26,31,34,sorry
20.72922992706299,30,9,9,-6,0,-8,-1,2,29,20,33,31,33,32,sorry
20.72922992706299,12,2,4,-19,-18,-29,-36,-7,-7,-7,0,12,9,0,sorry
20.744856357574463,5,-2,5,-22,-20,-27,-32,-5,-27,-25,-5,6,-7,-15,sorry
20.744856357574463,8,0,-5,-19,-10,-10,-10,0,-11,-28,9,9,-6,-8,sorry
20.760192155838013,7,10,2,-7,-6,-7,-20,1,-9,-30,6,8,-9,-5,sorry
20.760192155838013,5,18,7,19,-4,-5,-24,-1,-24,-19,4,5,-11,-5,sorry
20.776100397109985,7,12,17,33,7,8,-2,0,-18,-7,6,3,-7,0,sorry
20.776100397109985,3,3,11,28,16,21,14,4,4,1,-2,0,0,3,sorry
20.791295528411865,-2,0,-5,27,10,23,22,4,9,23,-1,-6,7,7,sorry
20.791295528411865,-6,0,5,22,3,19,22,3,0,25,3,-10,3,5,sorry
20.80729579925537,-9,-8,-2,7,4,11,10,1,-1,4,-9,-16,-6,-2,sorry
20.82299494743347,-11,-19,-13,-7,0,7,4,-5,0,-3,-30,-22,-17,-5,sorry
20.82299494743347,-15,-23,-14,-23,-8,3,13,-9,-7,-7,-33,-23,-24,-7,sorry
20.82299494743347,-13,-13,-17,-27,-8,-7,18,-3,-3,-18,-27,-13,-12,-4,sorry
20.83719801902771,2,0,0,-10,-5,-11,15,6,15,-9,-15,0,7,1,sorry
20.83719801902771,9,3,-3,0,0,0,13,5,29,22,5,2,14,7,sorry
20.853805780410767,1,1,-6,-7,9,5,4,-3,22,33,13,5,9,8,sorry
20.86800122261048,1,8,5,-7,13,3,-8,-4,11,13,4,8,3,-1,sorry
20.86800122261048,1,8,-6,-8,2,-8,-17,-2,2,-7,0,-1,-1,-15,sorry
20.883379697799683,-6,3,-6,-19,-7,-18,-24,-1,-8,-2,3,0,-6,-15,sorry
20.883379697799683,-4,3,3,-13,-2,-13,-20,-1,-5,15,11,16,0,0,sorry
20.900081872940063,-3,-1,1,-10,0,-4,-8,-3,-1,2,12,8,0,0,sorry
20.900081872940063,-18,-12,-15,-27,-9,-2,-7,-1,-18,-29,1,-13,-10,-20,sorry
20.91479444503784,-14,-4,-18,-16,-6,-2,-14,0,-20,-23,10,-7,-2,-18,sorry
20.91479444503784,15,16,18,19,9,0,-10,5,3,0,28,16,21,10,sorry
20.92996478080749,26,16,21,35,12,1,4,7,12,11,23,18,28,24,sorry
20.92996478080749,14,3,9,22,3,-2,8,3,0,10,14,10,17,20,sorry
20.9487144947052,3,3,15,4,-1,-5,-6,0,-4,-5,13,9,3,6,sorry
20.9487144947052,-7,-2,-2,-1,-10,-8,-18,-4,-7,-25,-5,-1,-8,-12,sorry
20.9487144947052,-9,-9,4,7,-10,-4,-9,-3,-15,-21,-14,-1,-10,-10,sorry
20.964161157608032,9,-2,14,22,2,9,7,3,-1,-3,0,9,0,12,sorry
20.964161157608032,16,1,3,18,-1,11,13,8,9,2,-4,0,0,10,sorry
20.97740912437439,2,0,5,10,-16,0,14,2,1,1,-18,-9,-9,-6,sorry
20.993101596832275,4,7,1,17,1,-2,16,-3,-3,6,-6,4,-2,3,sorry
20.993101596832275,14,12,4,20,22,4,10,0,1,8,0,14,3,15,sorry
21.00820231437683,0,1,-1,11,9,10,2,2,0,0,-9,-1,-5,-2,sorry
21.00820231437683,-15,-2,-14,6,5,18,9,0,3,-2,-8,-12,-9,-13,sorry
21.02374124526977,-5,2,-7,1,18,19,16,1,12,9,-2,-9,-1,-1,sorry
21.02374124526977,-1,0,-10,-9,2,1,1,-3,-3,13,-5,-17,-7,-2,sorry
21.03883481025696,-6,-6,-2,-13,-13,-4,-11,-11,-20,3,-7,-12,-14,-6,sorry
21.03883481025696,-1,-6,-1,-12,2,7,5,-1,0,13,0,5,3,10,sorry
21.05489611625672,0,-11,-12,-18,8,6,17,2,7,12,-10,-8,0,11,sorry
21.05489611625672,-13,-15,-5,-18,-7,-2,4,-2,-11,-12,-29,-29,-28,-15,sorry
21.06995439529419,-16,-13,-8,-11,-7,-5,3,-3,2,0,-2,-11,-4,-10,sorry
21.06995439529419,-7,-9,-5,-27,-2,-2,9,4,20,23,6,0,28,14,sorry
21.08596134185791,-6,-11,-6,-44,-11,-2,1,4,3,0,-29,-20,3,2,sorry
21.08596134185791,-4,-6,-9,-21,-12,-3,-7,0,5,-12,-18,-16,-9,-7,sorry
21.10118556022644,5,11,15,10,0,-4,-13,1,20,10,24,11,13,1,sorry
21.10118556022644,1,11,9,7,0,-12,-22,0,0,0,10,12,7,-1,sorry
21.11696124076844,-6,-4,-7,-9,-9,-16,-25,-6,-17,-28,0,4,-4,-9,sorry
21.11696124076844,1,3,0,1,-5,-5,-15,-1,8,-2,40,17,22,2,sorry
21.132380723953247,16,21,9,25,6,0,-6,4,30,28,53,32,37,11,sorry
21.132380723953247,20,14,17,17,2,-4,-4,4,16,8,18,31,16,5,sorry
21.14785504341125,19,3,4,0,-4,-11,-2,0,2,-10,3,20,6,0,sorry
21.14785504341125,17,11,5,2,-1,-11,-5,-2,2,-9,10,15,3,0,sorry
21.16396856307984,10,12,10,11,0,-7,-13,0,-11,-18,5,11,-12,-7,sorry
21.16396856307984,-5,-3,-10,5,-2,-3,-12,-1,-30,-26,-10,-5,-23,-13,sorry
21.18004536628723,-10,-4,0,9,1,2,0,0,-24,-21,-14,-15,-14,-8,sorry
21.18004536628723,5,8,9,23,11,7,13,3,-6,-4,4,0,2,4,sorry
21.19608473777771,12,8,6,17,15,3,14,0,-9,2,13,12,4,6,sil
21.19608473777771,0,-5,1,-2,10,2,6,0,-27,-7,-6,0,-10,-1,sil
21.211772441864014,-11,-14,-11,-1,6,5,7,1,-23,-4,-20,-16,-21,-6,sil
21.211772441864014,-11,-9,3,6,0,8,6,6,-4,13,-14,-14,-17,-6,sil
21.226837158203125,-16,-8,0,0,-4,15,10,4,10,12,-7,-11,-7,-3,sil
21.226837158203125,-15,-9,-10,-3,5,21,22,0,11,3,-7,-10,-2,5,sil
21.24211478233337,-11,-3,-2,5,10,22,23,0,7,17,-8,-8,-2,6,sil
21.24211478233337,-13,-7,-16,-3,-4,17,11,-1,13,32,-11,-19,-3,0,sil
21.25774312019348,-9,-8,-10,-23,-7,7,9,-1,16,21,-12,-19,0,4,sil
21.25774312019348,4,5,0,-4,8,3,13,0,14,11,-6,-1,4,17,sil
21.272889137268063,11,10,-1,18,10,3,8,-6,7,12,-3,0,1,18,sil
21.272889137268063,3,0,4,7,-4,0,-1,-11,-1,0,-15,-14,-3,0,sil
21.28871846199036,-6,-5,-7,-10,-13,-14,-15,-11,-14,-24,-24,-15,-3,-17,sil
21.28871846199036,-1,0,-4,-15,-5,-22,-28,-2,-17,-29,-6,-5,1,-17,sil
21.30408000946045,11,2,1,-13,-3,-20,-25,2,-2,-7,18,4,14,0,sil
21.30408000946045,11,0,0,-15,-17,-17,-18,-1,12,0,13,10,21,7,sil
21.31934261322021,8,-4,5,-17,-13,-10,-14,0,11,-10,0,18,9,2,sil
21.31934261322021,10,-4,2,-6,0,-2,-9,0,6,-8,11,24,5,0,sil
21.335028648376465,2,1,9,1,-5,-2,-5,2,5,-1,21,19,12,2,sil
21.335028648376465,2,11,10,3,-7,-5,1,10,7,2,18,13,15,1,sil
21.35050392150879,16,12,4,12,2,-6,6,9,12,8,21,13,12,3,sil
21.35050392150879,10,4,9,11,0,-1,3,3,10,2,18,12,3,0,sil
21.3660740852356,-8,-1,-2,-2,0,6,10,0,4,0,5,4,-4,-6,sil
21.3660740852356,-10,-1,-4,-9,8,8,24,8,3,14,0,1,-5,-1,sil
21.3812062740326,-2,5,0,0,12,6,27,11,11,20,13,9,0,7,sil
21.397722721099854,2,8,-4,9,10,2,13,0,3,10,20,13,-5,7,sil
21.397722721099854,3,5,5,7,5,-1,-6,-5,-22,-2,0,0,-17,-3,sil
21.413076162338257,-3,0,0,3,1,-5,-17,-6,-28,-15,-19,-15,-16,-10,sil
21.413076162338257,-4,-2,-2,5,4,-3,-15,-8,-16,-17,-10,-12,0,-9,sil
21.413076162338257,0,0,3,6,5,-1,-14,-6,-14,-10,3,-5,0,-10,sil
21.42751717567444,-5,2,0,6,0,0,-17,-3,-19,-10,-5,-11,-7,-6,sil
21.44578528404236,-9,0,4,3,-2,0,-19,-2,-17,-17,-22,-17,-10,-2,sil
21.44578528404236,-14,-10,-3,-5,-3,0,-13,-3,-8,-15,-27,-24,-17,-12,sil
21.44578528404236,-20,-13,-3,-5,-1,9,0,-1,-1,0,-23,-27,-23,-14,sil
21.45883321762085,-15,-6,-3,9,7,23,12,2,6,16,-18,-17,-11,0,sil
21.47436261177063,-5,-9,-13,11,8,20,20,4,12,17,-18,-11,0,8,sil
21.47436261177063,0,-16,-2,-10,-7,8,21,4,8,0,-17,-8,0,3,sil
21.475866079330444,5,-9,-7,-15,-14,1,22,0,8,0,0,6,10,12,sil
21.489176988601685,17,5,-3,7,-3,0,17,0,18,11,9,16,20,26,sil
21.50593972206116,18,9,7,12,-4,-3,10,2,19,9,2,11,13,13,sil
21.50593972206116,11,0,-9,-10,-12,-10,6,-2,6,2,10,9,13,0,sil
21.520997762680054,11,2,1,-23,-6,-10,-1,-5,-1,0,33,23,23,6,sil
21.520997762680054,10,14,14,-5,2,-9,-17,-2,-2,-4,30,24,19,5,sil
21.53905296325684,9,18,7,8,5,-19,-28,0,-11,-15,6,12,-1,-7,sil
21.53905296325684,5,13,4,2,4,-15,-27,0,-23,-20,5,10,-13,-8,sil
21.53905296325684,-10,7,-5,1,4,0,-18,0,-18,-9,11,0,-10,-8,sil
21.5561637878418,-18,3,3,14,10,12,-2,0,-5,5,-5,-16,-16,-17,sil
21.5561637878418,-8,-1,1,16,12,21,19,3,8,16,-14,-16,-17,-9,sil
21.56826686859131,-2,-10,-6,0,5,16,28,6,22,24,-5,-3,0,15,sil
21.58425045013428,-3,-12,3,-6,0,6,24,4,25,25,-8,-1,13,16,sil
21.58425045013428,0,-10,-5,-4,-3,3,16,-2,18,14,-15,-7,2,0,sil
21.59925651550293,6,-7,-2,-14,-15,-5,2,0,12,3,-3,0,2,1,sil
21.59925651550293,13,-1,7,-18,-14,-17,-10,0,11,1,12,12,20,14,sil
21.614839553833008,15,2,5,-5,-1,-18,-17,-2,3,0,19,16,25,6,sil
21.614839553833008,11,1,7,-3,2,-11,-17,0,-1,-3,21,17,15,-4,sil
21.630053758621216,6,6,-2,0,4,-6,-7,2,3,-2,28,17,16,3,sil
21.630053758621216,4,10,2,13,3,-7,-3,0,2,-4,25,10,10,4,sil
21.646061658859253,-2,-1,4,4,-4,-12,-13,0,-8,-18,8,0,-8,-15,sil
21.646061658859253,-6,-6,-4,-9,-8,-5,-10,1,-13,-31,-9,-10,-19,-22,sil
21.661723375320435,-6,9,4,8,0,11,9,2,-13,-28,-18,-18,-21,-9,sil
21.661723375320435,-7,12,0,25,12,14,12,0,-13,-12,-20,-21,-24,-3,sil
21.677765607833862,-12,-3,-6,1,10,10,0,-1,-18,-7,-23,-19,-22,-10,sil
21.677765607833862,-22,-14,-11,-15,-3,6,-4,-2,-21,-12,-26,-23,-22,-14,sil
21.69331645965576,-30,-18,-20,-4,-8,0,-3,-5,-23,-8,-28,-29,-29,-9,sil
21.69331645965576,-23,-17,-4,4,0,8,-4,1,-23,1,-24,-19,-20,-6,sil
21.70924949645996,-5,-7,-3,6,5,20,4,2,-8,12,-12,-3,3,0,sil
21.70924949645996,2,4,-2,5,2,14,12,-1,14,24,-2,2,10,15,sil
21.72476577758789,0,11,3,1,0,5,6,1,14,25,-3,-1,2,17,sil
21.72476577758789,0,0,-3,-4,-3,-3,2,4,1,12,-8,-4,0,8,sil
21.739808082580566,11,-9,5,-9,-11,-9,5,0,10,7,-1,10,11,12,sil
21.739808082580566,23,1,6,-3,-3,-3,6,-3,22,12,14,27,22,21,sil
21.755170106887817,17,11,5,2,4,-1,0,-4,8,3,18,19,18,8,sil
21.755170106887817,5,1,5,-2,-2,-11,-4,-3,1,-8,9,12,6,-8,sil
21.771228551864624,13,0,0,-7,-3,-16,-2,0,17,-3,16,25,10,-6,sil
21.771228551864624,25,18,15,-2,5,-7,-4,6,18,2,31,30,18,3,sil
21.78675103187561,15,19,9,1,3,-3,-8,0,1,-3,24,14,11,1,sil
21.78675103187561,5,4,0,0,2,-5,-5,-8,-3,-12,12,7,1,-3,sil
21.80217432975769,11,8,7,1,11,-4,1,0,-3,-3,19,13,7,1,sil
21.80217432975769,9,12,3,14,9,-2,4,4,-7,6,19,3,6,7,sil
21.81810021400452,-7,1,1,19,0,0,0,-3,-14,-4,0,-11,-14,-1,sil
21.81810021400452,-16,-6,-7,13,3,13,6,-3,-8,0,-11,-15,-14,-9,sil
21.83319330215454,-11,-8,-6,5,5,22,17,6,4,19,-11,-18,-2,-2,sil
21.83319330215454,-15,-11,0,1,0,17,14,9,11,10,-20,-28,-10,-3,sil
21.84912061691284,-25,-21,-20,-5,-2,10,8,0,13,0,-30,-36,-14,-9,sil
21.84912061691284,-21,-25,-17,-18,-5,4,4,-1,15,5,-27,-25,-7,-5,sil
21.864490032196045,-8,-16,-9,-22,-12,-6,-2,3,15,0,-11,-4,-2,0,sil
21.864490032196045,2,1,-1,-10,-11,-14,-11,2,3,-8,7,16,10,5,sil
21.88036179542541,12,7,17,-4,-7,-10,-19,0,-11,-3,19,25,19,4,sil
21.88036179542541,11,1,2,-9,-10,-12,-23,0,-14,-4,19,17,7,0,sil
21.89609146118164,4,5,1,-7,-4,-12,-22,-5,-22,-20,9,8,0,0,sil
21.89609146118164,1,12,13,2,9,0,-14,-10,-34,-31,-1,0,-5,-7,sil
21.9120934009552,-3,5,4,9,6,5,-5,-4,-27,-21,-9,-11,-16,-15,sil
21.9120934009552,-7,3,3,20,2,5,10,3,-8,2,-8,-11,-12,-3,sil
21.92813277244568,3,8,1,31,13,12,27,1,6,19,-5,-2,3,15,sil
21.92813277244568,7,0,3,21,10,10,22,3,15,15,-10,-3,4,15,sil
21.943536281585693,-2,-13,-4,-2,-8,0,14,8,24,20,-10,-5,0,11,sil
21.943536281585693,-3,-12,-12,-18,-10,-3,14,2,29,35,-1,0,10,16,sil
21.95909523963928,4,-3,0,-18,-2,-3,1,0,20,20,-1,4,12,8,sil
21.95909523963928,5,2,-1,-11,-2,-12,-12,-3,4,-14,-1,9,-6,-7,sil
21.974745988845825,4,5,0,-19,-2,-20,-13,-6,-6,-33,0,10,-20,-14,sil
21.974745988845825,0,3,-2,-27,-5,-16,-20,-2,-7,-28,0,3,-15,-18,sil
21.98892903327942,-2,8,-4,-10,-7,-7,-23,0,-6,-13,13,3,-2,-15,sil
21.98892903327942,5,22,13,15,1,0,-4,0,-11,-5,23,14,1,-6,sil
22.004958152771,4,12,4,21,10,2,4,-2,-24,-11,6,3,-1,-13,sil
22.004958152771,-10,-12,-8,3,1,3,-8,0,-28,-16,-6,-12,-10,-16,sil
22.02116227149964,-8,-9,-3,2,1,11,-3,3,-6,5,11,-4,0,1,sil
22.02116227149964,4,5,0,23,12,18,13,3,16,30,22,5,16,18,sil
22.036741256713867,1,1,9,25,9,19,12,4,8,18,0,-1,11,13,sil
22.036741256713867,-6,-9,-2,7,4,14,8,0,0,3,-12,-11,0,7,sil
22.05323171615601,-6,-7,-4,1,5,10,10,-6,2,12,-4,-8,5,12,sil
22.05323171615601,-6,-3,3,1,0,10,3,-1,-1,13,-10,-2,7,7,sil
22.06764531135559,-6,-4,-7,-3,-5,1,0,1,-4,-1,-22,-4,0,-2,sil
22.06764531135559,0,-1,2,0,0,-4,10,2,7,0,-14,-6,1,3,sil
22.08419108390808,3,-4,1,-1,10,0,21,2,19,8,-3,0,8,10,sil
22.08419108390808,2,-11,-8,-18,6,0,12,0,13,7,-9,0,4,0,sil
22.10820436477661,2,-1,-5,-14,-3,-10,1,1,2,1,-12,-6,2,-9,sil
22.10820436477661,9,11,0,4,-3,-10,4,0,3,0,7,1,9,-3,sil
22.10820436477661,16,6,17,-1,-3,-5,3,1,9,1,24,22,12,5,sil
22.1152617931366,13,-2,9,-15,-12,-9,-8,2,15,3,24,22,13,9,sil
22.13090968132019,5,-4,0,-17,-16,-13,-17,-2,7,0,14,4,7,3,sil
22.13090968132019,2,-2,0,-13,-19,-8,-23,-5,-8,-16,-2,-1,-12,-7,sil
22.14604139328003,1,4,-9,-4,-21,-8,-26,-1,-5,-23,-7,-2,-19,-10,sil
22.14604139328003,8,12,6,-4,-5,-9,-13,1,14,-2,12,12,1,1,sil
22.162273645401,8,7,9,-14,11,-5,0,-2,8,13,28,24,14,10,sil
22.162273645401,-8,6,-6,0,10,-2,-13,-5,-22,-14,7,8,-10,0,sil
22.17844843864441,-18,13,0,30,8,-1,-24,1,-35,-40,-13,-7,-36,-18,sil
22.17844843864441,-7,7,0,38,14,0,-10,0,-24,-20,-7,-12,-29,-15,sil
22.19207787513733,0,0,3,22,15,3,-1,-1,-23,0,-3,-17,-25,-2,sil
22.20688104629517,-5,0,3,12,12,16,6,5,-17,1,-7,-16,-32,-2,sil
22.20688104629517,-10,-6,-5,12,8,27,26,6,1,12,-4,-9,-16,1,sil
22.222184658050537,-11,-10,-3,8,4,22,30,1,6,23,-5,-8,-9,8,sil
22.222184658050537,-9,-10,-11,-1,-1,7,19,0,3,16,-14,-9,-23,4,sil
22.23817348480225,-11,-15,-3,-10,-9,6,10,1,9,3,-18,-6,26,0,sil
22.23817348480225,-13,-16,-3,-11,-9,13,7,0,15,6,-13,-7,101,-3,sil
22.253814220428467,-3,-9,-12,-9,-4,5,9,-3,15,13,-14,-16,63,-5,sil
22.253814220428467,4,-2,0,-9,-7,-2,10,-3,14,8,-19,-10,-15,0,sil
22.269314765930176,4,-1,-4,-8,-6,-6,5,-2,11,1,-8,1,-8,2,sil
22.269314765930176,2,-6,-7,-13,-2,-8,5,2,9,0,0,0,5,-2,sil
22.28484439849853,2,-5,-1,-17,-5,-9,8,3,10,1,1,2,-8,1,sil
22.28484439849853,10,5,3,-7,-3,-15,1,-4,10,4,22,24,7,16,sil
22.30002737045288,27,14,18,1,4,-18,-4,-2,10,8,40,39,25,15,sil
22.30002737045288,25,11,4,-1,2,-17,-11,0,5,2,32,25,11,1,sil
22.316243886947632,8,9,-3,-12,0,-13,-34,-7,-13,-21,17,10,-4,-8,sil
22.316243886947632,-1,11,7,-8,2,-8,-41,-4,-23,-31,13,5,-8,-14,sil
22.33225584030152,-1,14,8,9,7,-4,-20,5,-14,-10,10,5,-9,-6,sil
22.33225584030152,5,23,14,23,12,0,-1,6,-10,1,4,3,-9,2,sil
22.348143815994263,5,17,2,23,11,4,2,-1,-7,0,1,-3,-6,2,sil
22.348143815994263,-3,-1,0,11,0,5,0,-3,-7,-2,-5,-2,-10,1,sil
22.36372923851013,-6,-9,5,1,-6,6,-7,0,-23,-19,-15,-2,-21,-1,sil
22.36372923851013,-6,-11,-6,-1,-4,12,-2,0,-28,-31,-26,-17,-22,-9,sil
22.379780292510983,-6,-11,-1,-2,-5,16,11,4,-3,-11,-25,-20,-10,-6,sil
22.379780292510983,-2,-4,0,4,0,17,20,8,14,23,-2,-6,0,12,sil
22.3968768119812,-6,-5,-2,9,7,17,16,2,8,31,4,-7,-1,15,sil
22.3968768119812,-11,-11,0,1,2,14,12,0,4,16,-12,-13,-9,0,sil
22.3968768119812,-8,-8,-11,-1,-1,4,9,0,11,6,-12,-6,-3,1,sil
22.41149640083313,-9,-4,-2,2,-1,1,6,-1,12,8,0,-1,0,7,sil
22.427303314208984,-11,-5,-1,0,0,3,6,-3,10,14,-2,-8,0,-4,sil
22.427303314208984,-3,-6,-7,-4,0,-3,3,-1,9,8,-7,-10,4,-8,sil
22.44283771514893,1,-3,1,0,-7,-8,2,-2,12,-1,0,0,7,0,sil
22.44283771514893,6,1,0,0,-6,-2,11,-4,18,3,6,6,10,3,sil
22.458393096923828,10,1,1,-12,3,-5,7,2,10,10,7,3,15,1,sil
22.458393096923828,3,-2,-4,-18,-1,-17,-8,1,0,6,11,2,15,-2,sil
22.47363233566284,5,4,-2,1,-4,-19,-12,-6,1,3,16,16,16,-2,sil
22.47363233566284,14,18,13,11,9,-8,-11,0,1,0,13,25,17,6,sil
22.4893491268158,6,5,-5,-7,5,-4,-10,1,-7,-18,1,4,4,0,sil
22.4893491268158,-4,-12,-7,-27,-12,-6,-6,-3,-7,-26,-3,-8,-9,-18,sil
22.50495409965515,0,-10,3,-19,-9,-8,-5,1,0,-10,0,5,-3,-17,sil
22.50495409965515,0,0,2,-2,-5,-6,-7,7,-10,-8,-4,7,2,0,sil
22.52015709877014,-8,5,2,6,-9,4,1,2,-13,-13,-10,-5,-3,3,sil
22.52015709877014,-3,6,-8,11,1,9,8,0,5,4,-4,-4,-2,0,sil
22.536208629608154,7,8,0,8,10,0,-5,2,2,4,-1,5,0,0,sil
22.536208629608154,2,9,7,4,1,-8,-16,0,-18,-16,0,7,-7,-2,sil
22.551766633987427,-1,7,-1,8,-3,-1,-5,-7,-9,-7,8,6,-5,3,sil
22.551766633987427,5,9,5,12,0,10,3,0,4,13,7,3,1,9,sil
22.56778168678284,0,3,0,7,13,11,0,0,-6,6,0,-4,-3,3,sil
22.56778168678284,-8,0,2,4,12,2,-4,-2,-15,-6,7,-3,-7,-1,sil
22.583675384521484,-2,3,7,10,6,-1,-4,0,-3,0,5,-1,-4,0,sorry
22.583675384521484,1,0,-2,7,11,2,-3,0,3,4,-1,-6,-4,0,sorry
22.599122762680054,5,-1,6,1,8,10,6,2,2,1,12,4,0,8,sorry
22.599122762680054,13,6,5,9,0,9,16,0,0,6,16,11,5,17,sorry
22.614786863327023,4,0,4,4,1,4,0,-1,-7,1,-11,-8,-8,0,sorry
22.614786863327023,-6,-15,0,-13,-2,3,-12,0,-9,-8,-21,-26,-16,-19,sorry
22.630890607833862,-2,-10,-8,-9,-9,4,12,1,7,5,-6,-13,-6,-8,sorry
22.630890607833862,-5,-2,4,1,0,9,26,4,11,10,-9,-4,-4,0,sorry
22.647122144699097,-19,-16,-8,-9,-2,5,6,0,-8,-11,-26,-18,-17,-9,sorry
22.647122144699097,-12,-18,-13,-14,-16,-2,2,-1,-5,-2,-19,-11,-13,-7,sorry
22.6622097492218,5,0,9,1,-9,6,20,1,23,19,5,14,15,10,sorry
22.6622097492218,0,-2,1,4,-4,2,12,0,21,2,6,6,22,13,sorry
22.678219318389893,-16,-14,-6,-8,-12,-16,-7,-2,0,0,-13,-16,2,-2,sorry
22.678219318389893,-9,-1,-9,-6,0,-12,0,0,11,29,-6,-5,10,-6,sorry
22.69372701644897,7,11,0,2,12,0,9,1,32,28,15,18,26,10,sorry
22.69372701644897,11,9,5,6,1,0,0,2,25,9,17,21,18,16,sorry
22.70977735519409,10,3,-7,10,-1,-5,-6,-1,10,0,7,11,9,5,sorry
22.70977735519409,5,-1,-3,-6,-7,-13,-13,-1,-1,-15,-4,2,0,-6,sorry
22.72579026222229,-1,-7,-5,-24,-19,-20,-23,1,-8,-14,-4,-2,-4,-5,sorry
22.72579026222229,6,1,-4,-13,-14,-15,-20,0,-5,-5,11,6,8,4,sorry
22.740923643112183,15,13,9,2,3,-5,-11,-4,-6,-25,18,24,16,3,sorry
22.740923643112183,6,13,0,0,11,-6,-13,-2,-18,-29,6,18,1,-5,sorry
22.75690245628357,2,8,6,-5,6,-2,-12,0,-25,-8,4,1,-11,-10,sorry
22.75690245628357,3,6,10,-3,7,7,1,-2,-16,-9,9,-1,-13,-11,sorry
22.771715879440308,-1,7,4,6,17,8,3,0,-8,-22,4,1,-11,-11,sorry
22.771715879440308,-1,11,6,13,17,1,-5,6,-5,-2,8,0,-5,-3,sorry
22.787760257720947,0,7,-1,10,6,-2,-6,2,-3,19,13,-4,-3,0,sorry
22.787760257720947,-5,4,4,7,4,1,-5,-6,-12,3,-2,-8,-11,-7,sorry
22.803307056427,-7,4,4,15,9,8,0,-1,-21,-10,-14,-14,-17,-9,sorry
22.803307056427,-6,-3,-6,7,5,10,4,0,-21,-9,-14,-18,-22,-1,sorry
22.819254398345947,-10,-8,-3,-7,0,9,5,0,-24,-13,-18,-14,-20,0,sorry
22.819254398345947,-6,-2,-4,5,0,7,17,0,-5,6,-5,-3,3,7,sorry
22.83478212356568,5,0,8,23,-3,14,30,6,22,39,8,0,17,19,sorry
22.83478212356568,9,-9,6,6,-6,21,28,3,21,33,-4,-6,4,11,sorry
22.850109577178955,1,-15,-4,-8,0,14,24,0,13,13,-19,-10,0,4,sorry
22.850109577178955,-6,-9,0,2,0,4,16,3,20,11,-16,-3,5,11,sorry
22.86619210243225,-9,-12,-13,3,-14,-3,3,0,18,2,-13,-5,0,5,sorry
22.86619210243225,-5,-18,-6,-16,-17,-7,-2,-4,10,-4,-13,-7,0,-3,sorry
22.8808331489563,-3,-7,3,-20,-4,-1,-2,2,16,7,-7,-1,5,0,sorry
22.8808331489563,-6,1,-14,-9,-6,-6,-5,0,14,7,1,1,4,-4,sorry
22.895994901657104,-1,2,-6,-6,-12,-16,-2,-4,9,-1,12,9,7,-10,sorry
22.895994901657104,6,6,5,0,1,-7,3,0,15,2,26,22,19,2,sorry
22.912009954452515,12,10,6,5,7,-1,-1,6,13,0,24,23,16,12,sorry
22.912009954452515,10,7,5,-2,0,-4,-12,2,0,-12,9,10,3,3,sorry
22.929487228393555,3,2,-1,-5,5,-8,-19,-3,-6,-12,8,1,0,-4,sorry
22.929487228393555,2,0,4,-1,8,-9,-21,-3,0,-5,11,11,4,-3,sorry
22.94201707839965,6,0,-1,-6,-2,-12,-13,-3,-1,-7,0,14,6,1,sorry
22.94201707839965,3,1,0,-15,-4,-13,-13,-2,-14,-15,-7,1,-2,0,sorry
22.95789122581482,0,3,3,-9,1,-9,-16,1,-17,-11,1,-1,-7,-3,sorry
22.95789122581482,2,0,-1,-1,-1,-5,-8,0,-10,0,3,-1,-5,-1,sorry
22.972739934921265,2,1,11,1,-5,-1,-3,-3,-13,-1,-6,-11,-10,-2,sorry
22.98913621902465,4,8,3,12,2,2,-3,-1,-18,-7,-4,-9,-7,-3,sorry
22.98913621902465,5,12,0,14,0,0,-5,0,-20,-12,5,2,0,1,sorry
22.98913621902465,-4,4,4,2,-7,-2,-8,2,-20,-20,5,-4,-7,-8,sorry
23.00618004798889,-10,-1,-6,4,3,5,-1,0,-14,-11,-2,-15,-13,-19,sorry
23.00618004798889,-3,4,2,13,17,25,15,3,-11,2,-4,-1,-11,-10,sorry
23.02212119102478,-3,1,0,13,11,26,21,4,-4,10,0,3,-5,0,sorry
23.02212119102478,-10,-10,-7,9,3,14,25,0,9,15,-4,-9,0,3,sorry
23.036131381988525,-9,-4,-2,13,8,16,24,0,16,19,-4,-8,1,9,sorry
23.036131381988525,-6,0,-9,13,10,17,15,-3,15,29,0,-1,0,10,sorry
23.05157327651977,-7,-8,-3,0,1,12,15,-3,17,33,-9,-8,-1,5,sorry
23.05157327651977,-4,-7,-5,-4,0,9,24,1,24,19,-15,-14,5,5,sorry
23.06770801544189,4,-3,-8,-5,-1,-2,12,2,28,5,-7,-2,12,10,sorry
23.06770801544189,4,-6,8,-17,-8,-19,-2,0,15,-5,-13,6,0,6,sorry
23.08173108100891,0,-8,-7,-25,-16,-29,-10,-4,0,-20,-22,-1,-9,-6,sorry
23.096770763397217,0,-6,-11,-21,-16,-23,-19,-2,-5,-16,-10,-2,2,-12,sorry
23.096770763397217,5,-1,2,-20,-11,-10,-21,2,-2,-1,11,10,14,0,sorry
23.11280298233032,5,1,7,-15,-9,-9,-16,4,-6,-15,23,11,5,1,sil
23.11280298233032,0,3,7,-1,-9,-13,-21,2,-17,-28,18,0,-3,-11,sil
23.128729820251465,0,9,1,12,3,-10,-22,0,-20,-6,13,3,1,-5,sil
23.128729820251465,13,22,13,21,18,0,-10,0,-9,8,16,15,7,10,sil
23.143842458724976,9,17,13,21,17,17,7,-1,0,2,10,6,0,6,sil
23.143842458724976,-5,-2,-3,15,12,26,18,-3,-3,2,-10,-13,-12,-1,sil
23.159332513809204,-6,-9,2,8,6,20,13,4,1,9,-19,-12,-13,-2,sil
23.159332513809204,-3,-10,0,-1,-2,7,11,6,23,19,-4,-5,4,4,sil
23.17494893074036,0,-12,2,-11,-4,-1,12,0,37,22,9,3,19,19,sil
23.17494893074036,12,-3,7,-5,0,-1,9,0,31,14,15,23,23,24,sil
23.190184593200684,13,5,0,-1,-5,-6,-1,2,14,-1,15,25,17,13,sil
23.190184593200684,0,5,3,-4,-13,-15,-12,-5,-5,-14,8,12,1,-4,sil
23.20633840560913,-1,8,-5,7,-5,-18,-15,-11,-15,-10,10,12,-4,-15,sil
23.20633840560913,4,13,0,20,3,-12,-11,-3,-22,-10,13,15,-2,-9,sil
23.22193646430969,2,5,4,3,-1,-5,-12,-1,-39,-27,0,0,-14,-8,sil
23.22193646430969,-6,-2,-11,-10,-9,-7,-18,-6,-45,-34,-11,-8,-26,-19,sil
23.23689365386963,-4,5,0,1,-4,-1,-18,0,-31,-19,-3,2,-13,-15,sil
23.23689365386963,-2,4,0,7,1,6,-6,7,-10,-2,-4,-1,-1,-4,sil
23.25204825401306,-13,-9,-11,-5,0,9,2,5,0,0,-20,-25,-14,-13,sil
23.25204825401306,-16,-12,-4,-1,3,10,6,5,-1,1,-21,-30,-16,-17,sil
23.26810598373413,-5,-2,-3,14,12,12,19,5,2,14,-12,-17,1,0,sil
23.26810598373413,-4,-2,-3,1,12,18,28,4,18,22,-13,-19,9,11,sil
23.283501625061035,-6,-11,-10,-15,5,18,22,0,23,25,-19,-26,5,11,sil
23.283501625061035,3,-10,-5,-11,5,9,16,-1,20,34,-21,-17,8,15,sil
23.29891538619995,5,-1,-2,-12,7,7,21,2,31,32,-17,-9,8,14,sil
23.29891538619995,-3,-9,-19,-33,0,1,14,-1,38,16,-4,-11,3,15,sil
23.314350605010983,-1,-18,-6,-44,-10,-11,0,-2,25,9,4,-5,3,12,sil
23.314350605010983,3,-10,0,-31,-2,-15,0,0,15,3,9,7,6,-3,sil
23.330427646636963,0,1,1,-16,3,-13,-6,0,5,-17,17,16,0,-11,sil
23.330427646636963,0,11,14,0,-4,-13,-25,-2,-14,-30,31,27,-6,-4,sil
23.345956802368164,10,20,14,28,0,-12,-25,-5,-23,-24,35,29,-4,-3,sil
23.345956802368164,18,24,24,47,11,-10,-16,-5,-24,-21,26,29,0,-4,sil
23.36205673217773,10,22,20,42,4,-5,-15,-3,-28,-19,19,24,0,-3,sil
23.36205673217773,-6,9,3,30,-7,0,-14,-3,-33,-19,2,1,-10,-10,sil
23.377870321273804,-16,0,0,21,-12,3,-10,0,-30,-16,-17,-10,-13,-15,sil
23.377870321273804,-1,0,-3,22,-9,9,3,4,-9,0,-12,2,5,0,sil
23.3923773765564,15,7,14,27,-2,20,23,5,12,16,-1,8,14,21,sil
23.3923773765564,8,0,7,15,0,17,24,5,17,13,-9,-5,3,19,sil
23.408939123153687,0,-14,-13,-11,-4,5,9,2,14,9,-16,-9,4,8,sil
23.408939123153687,8,-11,-2,-24,-3,1,1,1,18,12,-7,1,12,8,sil
23.425148248672485,9,-6,-7,-21,-3,-8,-4,2,23,14,0,3,8,7,sil
23.425148248672485,-4,-12,-12,-27,-12,-18,-16,0,14,2,2,0,1,-6,sil
23.43876481056213,-5,-8,-2,-28,-10,-11,-10,-3,3,-1,8,5,8,-14,sil
23.45479202270508,4,7,3,-12,1,-8,-4,0,1,3,22,11,11,-3,sil
23.45479202270508,6,17,4,6,9,-6,-10,3,-2,-3,20,6,-2,-2,sil
23.45479202270508,-3,12,-8,20,16,4,-1,-1,-10,-3,0,-9,-16,-11,sil
23.471297025680546,-14,0,0,16,15,13,10,-5,-16,7,-23,-22,-21,-8,sil
23.471297025680546,-22,-11,-1,0,9,12,8,-1,-19,1,-26,-28,-15,-5,sil
23.486758708953857,-22,-20,-18,-14,6,10,13,-3,-12,-6,-18,-30,-4,-4,sil
23.486758708953857,-8,-12,-4,-18,1,6,20,-6,0,-1,-11,-12,0,1,sil
23.501349210739136,10,0,0,-9,-4,-4,5,-5,0,-3,0,6,6,11,sil
23.517730951309204,23,2,2,-5,-4,-11,-9,0,-5,-9,12,15,14,16,sil
23.517730951309204,20,1,8,-13,-2,-9,-7,8,0,-5,22,22,13,8,sil
23.517730951309204,0,4,-4,-12,-3,-11,-10,8,-1,-4,18,15,-1,-8,sil
23.53281211853028,-14,7,1,3,1,-6,-10,5,-7,-3,0,-2,-20,-17,sil
23.53281211853028,-7,1,2,15,12,12,11,5,10,7,-13,-9,-14,-2,sil
23.5500271320343,-4,-4,0,13,11,23,28,1,17,13,-16,-8,-2,12,sil
23.5500271320343,-11,-5,-3,4,3,18,20,-5,4,6,-19,-15,-9,2,sil
23.56317019462585,-7,-5,-8,0,-3,5,4,-8,8,5,-17,-17,-11,-7,sil
23.58074188232422,1,-6,4,-6,-11,-5,-11,-3,16,3,-7,-5,0,0,sil
23.58074188232422,5,-1,0,-4,-19,-15,-18,-2,8,-7,0,4,6,6,sil
23.58074188232422,12,3,0,3,-16,-19,-17,-2,1,-16,8,13,4,0,sil
23.593955755233765,9,5,9,0,-4,-13,-11,1,1,-5,15,14,8,-11,sil
23.60953187942505,-1,8,1,-1,4,-7,-9,0,0,3,18,5,11,-13,sil
23.60953187942505,4,18,12,14,0,-9,-12,0,-3,-5,21,12,10,-4,sil
23.625160932540894,13,17,9,24,0,-6,-10,2,-6,-2,28,21,13,7,sil
23.625160932540894,5,6,0,15,7,2,-3,1,-9,6,18,6,8,11,sil
23.640337228775024,4,4,8,15,8,9,1,0,-12,-1,1,-1,-1,4,sil
23.640337228775024,6,2,2,16,5,10,4,-2,-10,-1,0,1,-4,1,sil
23.655919075012207,-10,-12,-1,-4,0,13,4,-3,-19,6,-13,-8,-12,0,sil
23.655919075012207,-22,-24,-7,-18,-8,20,8,0,-27,-1,-36,-22,-21,-7,sil
23.671284437179565,-12,-18,-12,-13,-3,20,23,3,-4,0,-31,-19,-8,-7,sil
23.671284437179565,-3,-5,-1,-8,8,14,30,2,24,23,-5,-4,13,11,sil
23.686861276626587,1,0,-1,-1,6,6,24,0,33,28,9,7,18,23,sil
23.686861276626587,11,2,5,-3,-1,-2,9,0,28,8,9,14,12,14,sil
23.70299005508423,9,-3,1,-18,-3,-14,-6,0,24,2,4,8,11,6,sil
23.70299005508423,8,-3,-2,-16,-4,-20,-14,0,20,7,4,11,13,10,sil
23.71898937225341,17,11,8,0,1,-15,-6,6,12,-1,13,19,11,5,sil
23.71898937225341,4,9,-5,0,9,-17,-7,2,-11,-25,11,1,-4,-15,sil
23.73408532142639,-16,-3,-8,-15,-5,-21,-26,-10,-43,-48,-6,-16,-28,-36,sil
23.73408532142639,-16,0,-5,-6,-13,-13,-26,-8,-42,-40,-16,-15,-36,-35,sil
23.749995946884155,-8,6,-9,12,4,0,-7,0,-19,-11,-8,-14,-28,-19,sil
23.749995946884155,-10,5,6,15,10,13,1,7,-7,1,0,-8,-12,-6,sil
23.76598620414734,-5,3,2,17,1,15,6,6,-2,9,1,1,3,3,sil
23.76598620414734,0,3,0,20,2,9,10,1,-1,14,-1,-1,6,13,sil
23.78152060508728,-5,-1,1,9,7,11,9,-2,0,19,-2,-2,8,13,sil
23.78152060508728,-4,-5,0,2,1,9,8,-1,15,31,0,-1,15,14,sil
23.797249794006348,10,-7,3,2,-8,-4,6,4,28,28,0,-1,9,20,sil
23.797626733779907,16,-10,-8,-8,-11,-8,0,-2,20,5,0,3,3,14,sil
23.81273078918457,12,-7,-1,-25,-6,-5,-6,-8,5,-14,1,12,0,0,sil
23.81273078918457,10,-1,8,-24,-5,-9,-10,-1,0,-19,-1,5,-3,-7,sil
23.82793426513672,7,3,-1,-14,-3,-9,-5,0,7,-8,0,2,0,-3,sil
23.82793426513672,4,10,8,-3,3,1,-3,0,9,5,11,15,9,-2,sil
23.843496799469,-2,8,3,7,2,1,-8,1,-12,-7,5,3,-3,-14,sil
23.843496799469,-17,-2,-4,4,-4,-1,-10,1,-38,-29,-17,-26,-24,-22,sil
23.85944366455078,-23,-5,-2,1,-3,7,0,-1,-26,-16,-16,-25,-18,-15,sil
23.85944366455078,-12,-2,-5,15,5,13,11,-2,-2,5,2,-6,2,0,sil
23.87515449523925,0,0,5,25,8,17,14,0,1,6,5,-1,7,8,sil
23.87515449523925,-1,0,0,16,10,21,18,1,4,15,2,-2,7,11,sil
23.890806674957275,-5,-3,-9,0,6,12,17,4,12,29,0,1,15,16,sil
23.890806674957275,0,-7,0,-13,-5,-2,5,5,15,23,2,4,17,16,sil
23.905977487564087,10,-6,0,-16,-12,-11,-1,0,26,13,8,2,9,8,sil
23.905977487564087,12,1,3,-11,-4,-13,0,1,23,1,5,11,7,3,sil
23.921201705932617,13,8,3,-2,3,-18,-4,-2,6,-11,6,22,14,5,sil
23.921201705932617,14,9,9,1,3,-17,-11,-5,0,-9,22,25,13,2,sil
23.937225341796875,15,16,16,6,4,-5,-9,2,1,1,26,26,4,-1,sil
23.937225341796875,17,26,5,17,12,-2,-1,1,-1,-4,14,20,-2,-2,sil
23.952234745025635,9,24,10,21,12,-3,0,-5,-17,-21,0,7,-17,-7,sil
23.952234745025635,-8,2,-4,11,7,4,-5,-4,-30,-20,-15,-9,-29,-18,sil
23.968159437179565,-23,-20,-20,2,2,9,-2,0,-24,-8,-29,-25,-23,-19,sil
23.968159437179565,-20,-19,-2,1,-1,9,8,0,-4,-2,-26,-28,-13,-7,sil
23.98376059532165,-9,-9,-8,-3,-7,13,13,0,8,8,-17,-18,-8,8,sil
23.98376059532165,-9,-14,-11,-20,-14,10,7,0,8,21,-15,-12,-4,11,sil
23.999711275100708,-14,-16,-5,-23,-14,0,3,0,7,20,-11,-14,3,8,sil
23.999711275100708,0,-5,-1,-13,-8,-2,0,-1,14,7,-6,-12,7,10,sil
24.015116453170776,7,-2,3,-10,-10,-7,-16,0,10,-9,-7,-6,0,-1,sil
24.015116453170776,-2,-7,-9,-17,-14,-23,-31,-1,-11,-25,-3,-7,-8,-23,sil
24.031118392944336,-1,4,0,-18,-6,-26,-29,-4,-27,-28,12,0,-1,-22,sil
24.031118392944336,11,16,9,-4,0,-10,-13,0,-18,-14,22,13,7,-5,sil
24.04673409461975,11,9,3,12,1,1,-3,4,-3,-4,13,13,8,4,sil
24.04673409461975,10,8,12,18,6,5,2,9,2,-4,4,17,8,9,sil
24.06231713294983,10,7,3,18,14,9,13,3,7,4,10,15,8,10,sil
24.06231713294983,-4,-3,0,16,14,14,10,0,1,10,1,-4,-4,1,sil
24.07889151573181,-18,-8,0,13,13,17,12,5,0,12,-9,-13,-6,-1,sil
24.07889151573181,-9,-8,-7,12,11,16,30,0,12,21,3,0,7,10,sil
24.09394073486328,-4,-15,0,2,0,10,29,-7,7,20,4,0,2,10,sil
24.09394073486328,-13,-19,-12,-12,-11,-2,7,-7,-5,8,-17,-16,-6,-5,sil
24.1187481880188,-6,-8,-8,-22,-13,-13,-1,0,0,5,-13,-4,2,-4,sil
24.1187481880188,11,8,10,-15,-5,-15,0,3,13,5,18,20,12,2,sil
24.1187481880188,16,19,8,1,2,-12,-2,0,12,-1,36,26,12,0,sil
24.12624931335449,12,24,11,12,10,-2,-6,-1,4,-7,21,14,7,-1,sil
24.14179253578186,1,13,-2,17,14,10,-7,-3,-5,-2,-5,-8,-7,-2,sil
24.14179253578186,-9,-4,-8,12,1,9,-11,-5,-6,5,-20,-20,-14,-1,sil
24.15692043304444,0,-4,2,-3,-9,0,-9,0,14,12,-1,2,3,11,sil
24.15692043304444,10,6,6,-11,-6,-2,-4,2,19,0,18,21,14,13,sil
24.172451734542847,6,15,11,0,1,-3,-10,2,-3,-18,8,10,-1,-4,sil
24.172451734542847,5,15,0,13,12,0,0,5,-10,-15,-6,0,-5,-5,sil
24.18815350532532,13,3,2,18,10,10,25,3,0,2,-9,0,6,11,sil
24.18815350532532,7,-11,6,1,-7,11,19,-2,1,9,-13,-2,4,10,sil
24.20417857170105,-3,-11,-13,-24,-17,-9,-11,-6,0,0,-12,-4,-4,-3,sil
24.20417857170105,-4,-1,-3,-27,-11,-19,-23,-1,-9,-19,-6,-1,-10,-16,sil
24.22085785865784,-13,-6,0,-1,-3,-3,-12,0,-24,-24,-12,-13,-18,-20,sil
24.22085785865784,-24,-18,-10,3,-2,11,0,0,-12,-1,-25,-27,-20,-5,sil
24.23491215705872,-9,-13,-6,-15,-4,4,9,1,14,17,-13,-11,0,10,sil
24.23491215705872,6,-4,0,-18,-1,-11,4,1,11,0,16,7,14,0,sil
24.252184867858887,-2,0,8,5,3,-7,-7,0,-22,-23,15,0,-7,-20,sil
24.252184867858887,-6,3,-2,32,12,12,7,-3,-27,-5,-3,-16,-14,-11,sil
24.26621389389038,9,3,-7,19,14,10,23,0,1,16,-2,-3,9,15,sil
24.26621389389038,15,-1,7,-12,0,-9,0,2,14,1,12,22,19,13,sil
24.281763792037964,2,0,0,-9,-13,-13,-21,0,-2,-13,18,19,10,-2,sil
24.282764673233032,-3,3,2,15,-5,5,-6,0,-6,4,7,0,3,0,sil
24.297879457473755,-5,-6,-2,10,6,16,12,2,14,26,-5,-4,0,11,sil
24.297879457473755,0,-5,-10,-10,2,0,0,-2,15,9,0,5,0,11,sil
24.313019275665283,10,17,8,-7,-4,-13,-16,0,-2,-11,15,15,3,-1,sil
24.32777309417725,0,15,5,9,0,-3,-1,3,-4,0,3,1,-3,-11,sil
24.32777309417725,-19,-15,-5,1,0,8,10,0,0,8,-29,-24,-18,-7,sil
24.32777309417725,-15,-20,-10,-26,-17,1,-4,-5,-1,-2,-27,-20,-9,-2,sil
24.34485554695129,-3,2,-10,-26,-12,-14,-17,-5,-8,-11,6,6,1,-8,sil
24.34485554695129,-8,12,3,5,12,-5,-3,1,-12,-6,11,6,-12,-11,sil
24.35974812507629,-3,3,1,25,15,16,17,3,11,19,0,-7,-6,8,sil
24.35974812507629,14,-1,7,5,-3,7,12,3,40,39,8,5,23,25,sil
24.37387490272522,15,0,10,-14,-11,-17,-12,0,11,9,17,16,14,2,sil
24.389100551605225,6,11,2,2,4,-10,-13,-6,-24,-25,7,0,-16,-20,sil
24.389100551605225,9,21,11,31,24,14,10,0,-5,-16,3,0,-6,-6,sil
24.404661655426025,3,3,-1,25,16,16,24,5,16,6,0,4,7,13,sil
24.404661655426025,-6,-15,-3,-5,-3,11,22,0,8,8,-14,-6,-2,11,sil
24.42020368576049,1,-6,11,-11,0,9,22,0,14,7,-3,-2,8,10,sil
24.42020368576049,17,5,8,-1,5,-4,11,0,24,6,22,22,36,14,sil
24.435858011245728,18,6,7,-4,0,-15,-10,1,5,-6,25,30,28,5,sil
24.435858011245728,12,10,-3,-7,0,-6,-13,1,-12,-14,12,12,6,-5,sil
24.45115900039673,0,7,-3,4,2,2,-5,1,-14,-13,-3,-3,-4,-10,sil
24.45115900039673,-18,-6,0,10,3,6,-3,2,-13,-6,-22,-20,-18,-13,sil
24.466242790222168,-21,-20,-13,-2,1,8,2,0,-11,1,-31,-34,-25,-7,sil
24.466242790222168,-18,-18,-12,-21,-10,6,8,-2,-5,-3,-31,-31,-17,-7,sil
24.48195195198059,-23,-11,-16,-21,-22,-9,-2,-4,-2,-12,-28,-22,-14,-10,sorry
24.48195195198059,-14,-10,-10,-18,-23,-28,-27,-3,-6,-12,-15,-11,-14,-11,sorry
24.497281312942505,2,-3,4,-24,-18,-26,-36,0,-12,-13,5,7,-5,-13,sorry
24.497281312942505,2,6,2,-8,-6,-7,-22,0,-12,-7,19,17,1,-8,sorry
24.51296806335449,4,10,11,23,5,5,-5,4,-8,12,23,15,6,7,sorry
24.51296806335449,12,6,7,33,8,12,6,3,0,23,22,12,15,15,sorry
24.52812910079956,2,-3,-3,17,2,12,13,-8,-10,12,2,-3,0,3,sorry
24.52812910079956,-3,-10,0,0,-1,4,6,-10,-24,0,-17,-14,-13,0,sorry
24.5437970161438,13,0,0,-5,1,-2,-1,-2,-4,-5,-1,5,4,14,sorry
24.5437970161438,27,15,12,0,3,-1,0,0,20,-10,16,32,16,24,sorry
24.55988597869873,20,10,4,0,0,-3,0,-1,20,-2,14,24,11,14,sorry
24.55988597869873,8,7,0,4,8,-6,1,2,11,0,11,12,11,4,sorry
24.576374292373657,-3,18,12,20,19,9,10,8,10,-2,8,12,0,2,sorry
24.576374292373657,-15,5,-1,17,15,23,11,2,11,12,0,-5,-9,0,sorry
24.59150075912476,-21,-17,-2,-1,6,16,2,0,11,26,-12,-27,-2,-5,sorry
24.59150075912476,-18,-13,-6,5,2,12,14,1,6,15,-18,-25,-5,-1,sorry
24.607277870178223,-5,0,-14,18,0,13,27,1,3,6,-10,-11,-6,8,sorry
24.60762357711792,0,-6,-1,-4,-1,1,11,3,12,9,3,-5,7,0,sorry
24.622840881347656,-2,-13,-10,-28,0,-14,-4,3,26,9,4,-3,11,-16,sorry
24.622840881347656,0,-3,-5,-28,1,-20,-9,1,15,0,-1,1,2,-15,sorry
24.63825798034668,0,4,4,-25,-5,-20,-12,0,-14,-15,-2,2,-1,-15,sorry
24.63825798034668,-3,2,-2,-18,-19,-22,-14,1,-29,-26,3,0,0,-22,sorry
24.65435242652893,4,10,4,2,-15,-14,-10,1,-17,-15,12,12,1,-9,sorry
24.65435242652893,10,10,4,16,1,0,-4,0,-7,-3,7,11,-2,5,sorry
24.66974306106568,-2,-5,7,4,0,6,1,-2,-12,-10,-9,-14,-16,0,sorry
24.66974306106568,-6,-9,3,1,-10,5,3,0,-8,-14,-19,-20,-17,-3,sorry
24.686457633972168,1,2,-8,15,-5,6,-1,-5,0,-9,-17,-7,-10,4,sorry
24.686457633972168,5,2,0,11,1,12,0,-6,0,-2,-9,-4,-8,8,sorry
24.702064037323,4,-5,-3,-5,0,8,7,-3,6,14,3,-2,2,11,sorry
24.702064037323,2,-4,-1,-16,-6,-3,0,0,10,18,6,4,11,10,sorry
24.717503547668457,0,0,8,-17,0,-2,-11,0,5,8,7,8,7,2,sorry
24.717503547668457,9,4,8,-5,15,2,-4,0,3,11,22,19,9,9,sorry
24.73320269584656,21,14,18,14,18,0,1,3,7,13,29,33,15,12,sorry
24.73320269584656,6,11,3,18,14,-3,-4,4,4,0,13,15,6,-2,sorry
24.74883770942688,-17,0,-7,9,11,1,-9,0,-10,-15,-2,-13,-10,-7,sorry
24.74883770942688,-18,-2,-1,11,5,12,0,-4,-24,-20,-8,-17,-15,0,sorry
24.76437449455261,-10,-7,-4,7,-1,14,14,-5,-15,-2,-18,-10,-7,-1,sorry
24.76437449455261,-7,-12,-1,-5,-3,6,16,0,4,18,-21,-4,2,-2,sorry
24.780191898345947,1,-5,-5,0,-2,-1,20,3,16,14,-3,4,15,13,sorry
24.780191898345947,13,-1,-6,4,-8,-7,20,6,15,1,3,11,18,19,sorry
24.796334505081177,8,-4,-2,-12,-15,-13,1,7,7,0,0,14,16,2,sorry
24.796334505081177,3,0,-8,-18,-12,-19,-18,0,-4,-6,2,11,12,-7,sorry
24.81172633171081,6,9,3,-7,-5,-13,-22,0,-18,-18,4,2,-1,-6,sorry
24.81172633171081,4,10,2,6,0,-6,-21,0,-18,-16,7,0,-8,-6,sorry
24.82781863212585,0,10,2,18,9,3,-11,-1,-4,0,10,-2,-1,-3,sorry
24.82781863212585,-4,2,9,13,16,21,8,0,1,13,0,-11,-4,-1,sorry
24.843555688858032,-16,-16,-7,-5,6,21,12,0,0,6,-14,-26,-19,-8,sorry
24.843555688858032,-26,-20,-9,-13,-9,4,0,-2,0,-6,-23,-31,-27,-18,sorry
24.8587429523468,-18,-9,-10,-1,-7,-2,0,-4,1,-4,-30,-28,-24,-14,sorry
24.8587429523468,-5,-4,-7,-1,-9,-5,3,-3,0,-6,-25,-16,-10,-5,sorry
24.87416315078736,1,-5,6,-14,-18,-12,2,3,8,-4,-3,1,5,0,sorry
24.87416315078736,9,0,-1,-16,-9,-12,0,6,27,13,13,14,16,5,sorry
24.8901584148407,16,11,4,-4,3,-6,-15,0,19,7,21,21,13,2,sorry
24.8901584148407,11,18,7,9,1,-7,-25,-5,-2,-12,28,22,7,-2,sorry
24.90621328353882,8,18,3,13,3,-11,-14,-3,-9,-9,27,18,3,-4,sorry
24.90621328353882,13,18,10,9,12,0,-2,6,-8,-2,19,17,0,0,sorry
24.922136783599854,13,9,9,20,19,19,12,8,-1,7,16,12,5,15,sorry
24.922136783599854,6,-1,17,30,21,29,30,1,16,28,7,4,8,24,sorry
24.937007665634155,0,-6,8,15,14,17,29,-3,14,26,-6,-3,0,9,sorry
24.937007665634155,-6,-9,-7,0,5,8,18,-4,-3,12,-9,-12,-1,3,sorry
24.953101873397827,-3,-8,1,0,4,18,19,1,2,17,-1,-6,9,16,sil
24.953101873397827,1,-7,-6,-2,3,14,21,4,22,20,1,0,11,16,sil
24.969379663467407,-1,-13,-10,-22,-13,-8,7,0,11,-1,-8,-4,1,0,sil
24.969379663467407,-9,-17,-10,-41,-23,-17,-5,-3,-5,-19,-20,-6,-2,-6,sil
24.984855890274048,-7,-6,-18,-39,-15,-21,-13,-1,-12,-22,-13,2,-3,-6,sil
24.984855890274048,-1,4,-3,-21,-13,-29,-23,0,-23,-24,1,6,-2,-12,sil
25.00019574165344,-2,2,-4,-6,-11,-22,-29,-5,-29,-23,4,0,0,-14,sil
25.00019574165344,2,5,-1,-4,-1,-13,-28,-6,-26,-25,-6,1,-7,-11,sil
25.01577043533325,8,16,13,3,4,-5,-19,0,-21,-26,-4,8,-6,-4,sil
25.01577043533325,0,15,11,19,9,6,-6,-1,-15,-14,9,4,0,0,sil
25.030834674835205,-7,6,8,23,12,14,-8,1,-9,-3,5,-1,-1,-7,sil
25.030834674835205,-10,-2,-5,18,8,7,-15,4,-5,0,-12,-11,-12,-14,sil
25.046006441116333,-15,-9,-3,15,0,8,-5,3,-6,8,-18,-21,-15,-8,sil
25.046006441116333,-15,-6,1,16,0,16,9,5,-3,13,-8,-20,-8,-3,sil
25.062621593475345,-1,-3,-6,16,3,11,16,0,8,12,-6,-11,-2,2,sil
25.062621593475345,1,-11,0,4,0,6,19,-7,13,1,-26,-13,-12,8,sil
25.078256845474243,-9,-16,-11,-16,-13,0,18,0,16,-5,-37,-21,-16,-3,sil
25.078256845474243,-2,-4,-7,-21,-21,-8,10,6,33,7,-11,-1,5,-6,sil
25.093764305114743,19,7,12,-6,-14,-2,14,3,48,28,26,26,33,18,sil
25.093764305114743,21,6,4,-1,0,4,17,-3,39,27,45,25,36,24,sil
25.108766794204712,19,14,11,-3,13,-1,1,0,19,12,42,19,22,7,sil
25.109767198562626,26,24,14,11,18,-9,-9,1,3,8,34,22,13,7,sil
25.12426781654358,17,16,5,23,10,-5,-4,0,-10,3,28,18,7,8,sil
25.14141082763672,-2,2,3,10,11,3,1,0,-15,0,25,12,0,0,sil
25.14141082763672,-8,-2,-5,0,13,4,1,-1,-12,3,8,1,-3,-4,sil
25.14141082763672,-9,-11,-6,0,-1,2,2,3,-14,0,-18,-10,-10,-4,sil
25.15608501434326,-10,-19,-14,-1,-12,7,10,4,-7,1,-25,-8,-13,3,sil
25.15712571144104,1,-14,-10,-10,-4,4,8,-2,10,14,-12,6,-2,17,sil
25.17107367515564,12,-4,7,-19,-3,-7,-10,-4,10,4,-4,11,5,7,sil
25.18601775169373,8,-4,2,-22,-9,-11,-18,-3,-7,-17,2,7,4,-3,sil
25.18601775169373,0,4,12,-7,0,-2,-10,0,-14,-21,9,8,0,-4,sil
25.201707124710083,-13,14,7,12,10,-5,-17,0,-20,-27,-5,-7,-12,-22,sil
25.201707124710083,-32,0,-15,0,0,-13,-30,-5,-41,-45,-33,-42,-38,-45,sil
25.218886613845825,-28,-14,-6,-6,-8,5,-13,0,-39,-34,-34,-42,-37,-31,sil
25.218886613845825,-12,-3,0,8,1,21,12,7,-6,-1,-15,-16,-2,2,sil
25.23228168487549,-11,2,0,-3,2,5,9,0,5,10,-17,-15,3,10,sil
25.23228168487549,-10,0,-2,-19,-2,0,8,-6,8,12,-21,-18,-3,1,sil
25.24804663658142,9,5,-4,4,-1,8,24,0,30,20,0,2,18,15,sil
25.24804663658142,23,9,5,8,-6,-2,15,7,35,9,14,24,26,30,sil
25.264063119888306,19,6,-1,-13,-12,-20,-10,0,8,-8,9,24,5,16,sil
25.264063119888306,15,14,5,-5,-7,-15,-15,-3,-12,-12,12,18,0,-3,sil
25.278985738754272,10,16,10,12,7,-5,-6,0,-15,-4,26,12,7,-7,sil
25.278985738754272,3,4,-1,11,25,3,0,0,-10,6,25,4,4,-2,sil
25.2969777584076,0,-3,2,9,18,13,9,0,-4,15,4,-3,0,-1,sil
25.2969777584076,-9,-8,-8,11,-3,11,16,5,10,22,-7,-13,1,0,sil
25.31042075157165,-6,-10,-11,9,-2,10,20,9,31,29,0,-9,9,6,sil
25.31042075157165,0,-8,-3,6,5,9,12,2,34,24,7,2,14,8,sil
25.325942754745483,-3,-10,-6,-2,-6,-6,-7,-8,13,3,6,11,5,-1,sil
25.325942754745483,-3,-5,2,-12,-14,-16,-22,-5,-10,-14,5,17,-5,-15,sil
25.341326236724854,4,5,4,-5,-6,-11,-19,1,-20,-13,6,10,-7,-10,sil
25.341326236724854,3,5,6,8,-3,-4,-12,0,-18,-8,-4,1,-5,3,sil
25.356889247894287,0,-3,7,11,0,7,0,0,-7,-7,-8,0,-4,1,sil
25.356889247894287,-4,-12,-3,1,6,16,17,0,4,-2,-8,-10,-4,-5,sil
25.37296414375305,-11,-16,0,-14,-4,10,13,-1,12,6,-16,-20,-3,0,sil
25.37296414375305,0,-10,-5,-14,-8,-3,-1,0,21,11,-2,0,3,8,sil
25.38896012306213,24,8,4,-2,7,-19,-13,0,11,1,24,27,11,12,sil
25.38896012306213,16,22,17,3,10,-17,-19,0,-19,-18,17,22,1,3,sil
25.40429377555847,-7,13,2,9,6,3,-6,-3,-30,-16,-4,-3,-9,-1,sil
25.40429377555847,-7,4,1,13,9,22,20,1,-4,12,-8,-17,-3,5,sil
25.41991806030273,-4,0,-8,0,0,12,27,1,14,23,-8,-19,0,9,sil
25.41991806030273,-5,-3,-13,-21,-13,-10,5,-4,0,-10,-12,-12,-13,-3,sil
25.43598771095276,4,0,8,-16,-11,-16,-10,-1,-23,-41,-2,3,-17,-15,sil
25.43598771095276,4,6,5,7,-4,-3,-5,3,-21,-25,4,5,-5,-8,sil
25.451043605804443,-4,0,2,12,2,9,3,3,-2,0,-9,-12,0,2,sil
25.451043605804443,-7,-8,-6,-3,3,11,6,1,13,10,-23,-23,0,1,sil
25.46597695350647,-9,-12,-18,-25,-10,1,-8,-1,11,-4,-18,-14,-1,-6,sil
25.46597695350647,0,-3,-4,-25,-8,-8,-23,-1,1,-18,0,5,1,-3,sil
25.48149895668029,12,13,4,0,13,-4,-12,0,-4,0,13,12,11,1,sil
25.48149895668029,2,12,8,20,11,4,5,3,-8,23,9,0,7,-5,sil
25.49707317352295,-17,-6,-4,16,0,7,13,4,0,21,-3,-9,1,-6,sil
25.49707317352295,-17,-14,-16,-3,-3,2,5,0,18,12,-7,-2,4,0,sil
25.51237893104553,-4,-5,-2,-16,-10,-6,-8,-2,12,4,0,7,5,-4,sil
25.51237893104553,13,6,3,-3,-5,-11,-9,-1,-1,-1,22,18,10,-8,sil
25.529167652130127,26,20,17,27,17,0,1,0,0,2,39,28,14,6,sil
25.529167652130127,12,19,18,42,28,18,8,0,10,15,26,21,7,19,sil
25.543201684951782,0,0,1,26,10,11,10,2,16,24,1,2,6,21,sil
25.543201684951782,10,-9,5,0,-9,-11,9,3,12,13,-3,0,11,18,sil
25.55875539779663,12,-3,0,-10,-8,-19,0,-3,2,-3,5,6,6,10,sil
25.55875539779663,0,2,0,-9,1,-10,-9,-3,-17,-19,5,7,-8,0,sil
25.57416939735413,-12,-1,0,-3,0,-1,-6,1,-32,-25,-6,-4,-19,-15,sil
25.57416939735413,-20,-16,-10,-6,-9,4,0,-2,-22,-15,-24,-23,-21,-19,sil
25.590261459350582,-17,-20,-10,-25,-15,13,10,-2,4,0,-33,-23,-21,-10,sil
25.60608458518982,-4,-9,-9,-31,-12,8,12,2,18,2,-22,-6,-12,0,sil
25.60608458518982,3,0,-2,-14,-5,-10,-7,1,7,-5,-3,5,-1,-1,sil
25.60608458518982,-1,7,-1,0,-3,-18,-28,-2,-7,-17,4,6,-1,-7,sil
25.6221444606781,-8,10,-4,-1,-3,-7,-22,-3,-15,-22,7,0,-11,-8,sil
25.6221444606781,-5,8,11,6,7,7,-2,0,-8,-6,10,-4,-10,-7,sil
25.638253211975098,2,7,5,26,20,16,15,2,7,15,4,-9,4,0,sil
25.638253211975098,4,3,-1,27,13,17,27,1,14,17,-11,-16,9,11,sil
25.65497756004333,0,-5,1,9,2,10,24,1,11,15,-12,-15,8,10,sil
25.65497756004333,-1,-12,-6,-7,-2,-1,11,1,14,21,0,-3,16,4,sil
25.669362545013428,8,-8,-6,-19,-10,-9,-5,1,11,4,0,8,15,0,sil
25.669362545013428,17,0,-2,-15,-10,-14,-22,-2,-1,-15,5,16,9,-1,sil
25.68526577949524,17,7,10,5,0,-13,-25,-5,-16,-13,24,21,9,0,sil
25.68526577949524,9,12,19,17,9,1,-13,-1,-20,-6,23,20,5,2,sil
25.701360940933228,1,7,4,19,15,17,3,0,-12,-5,9,6,0,2,sil
25.701360940933228,1,-1,0,17,12,16,17,0,-6,6,0,-5,-2,0,sil
25.71748232841492,0,-5,0,5,0,6,20,6,0,25,-10,-8,-2,5,sil
25.71748232841492,-4,-6,-4,-10,-11,-6,12,5,17,21,-12,-5,0,10,sil
25.732198238372803,-4,-5,0,-16,-8,-9,4,-1,31,8,3,4,9,5,sil
25.732198238372803,0,0,0,-15,0,1,2,0,28,5,18,12,13,0,sil
25.747862577438354,-1,8,4,-17,0,-5,-7,0,5,-3,10,10,0,-6,sil
25.747862577438354,-9,3,-4,-18,-8,-29,-25,-6,-24,-29,-9,-3,-21,-17,sil
25.76189041137696,-11,1,-3,-7,-10,-19,-28,-4,-38,-41,-22,-15,-34,-18,sil
25.77738785743713,-13,7,6,13,-1,8,-3,1,-29,-20,-22,-20,-27,-11,sil
25.77738785743713,-15,2,-8,18,4,13,16,0,-8,7,-27,-27,-14,1,sil
25.796053647994995,-11,-10,-14,3,0,9,9,-1,10,15,-31,-25,-7,6,sil
25.796053647994995,-7,-14,-15,-10,-8,8,0,2,15,8,-10,-11,0,0,sil
25.796053647994995,-6,-10,-12,-15,-7,1,2,0,7,2,15,0,11,0,sil
25.807876586914062,2,-1,4,-10,-1,-8,0,-1,1,0,27,16,19,4,sil
25.82306146621704,14,10,11,1,2,-7,-10,1,0,-4,31,28,17,4,sil
25.82306146621704,16,14,13,12,9,1,-12,2,-3,-2,21,20,7,-3,sil
25.839168548583984,11,3,1,12,16,7,-6,-3,-6,2,0,2,0,-8,sil
25.839168548583984,4,-8,-3,10,8,5,-1,-1,-11,-1,-14,-8,-6,0,sil
25.854346990585327,6,-5,3,12,-4,5,7,5,0,0,-12,-1,-5,12,sil
25.854346990585327,8,0,4,13,-2,5,14,0,26,12,2,10,9,15,sil
25.870259761810303,2,-1,7,0,1,1,7,-4,33,15,13,16,21,11,sil
25.870259761810303,11,-1,9,-6,0,-1,3,1,22,11,22,21,24,14,sil
25.88511300086975,28,16,12,6,1,-6,1,3,3,1,29,28,19,8,sil
25.88511300086975,11,19,6,13,12,-6,-4,-1,-21,-9,20,19,3,-8,sil
25.90083885192871,-16,0,-8,5,10,0,-4,-1,-26,-5,1,-7,-11,-15,sil
25.90083885192871,-10,0,0,11,7,9,14,5,-6,7,-11,-17,-18,-9,sil
25.916184425354004,1,9,1,29,13,16,34,7,8,13,-14,-11,-12,0,sil
25.916184425354004,-10,-8,-11,6,1,4,22,1,4,7,-21,-17,-8,5,sil
25.93137693405152,-25,-31,-18,-36,-23,-11,0,-7,-5,-4,-31,-27,-10,-1,sil
25.93137693405152,-21,-21,-16,-37,-28,-13,-6,-5,0,-9,-22,-20,-6,-4,sil
25.94700074195861,-8,-5,-2,-28,-23,-12,-11,0,6,-6,-6,-5,-2,0,sil
25.94700074195861,0,-6,-5,-35,-24,-16,-25,-2,0,-8,-4,0,-5,-5,sil
25.96313714981079,0,-1,2,-25,-10,-14,-29,-1,-14,-15,1,0,-7,-10,sil
25.96313714981079,0,17,16,0,9,-3,-20,3,-16,-17,8,0,-5,-7,sil
25.97875928878784,0,16,1,12,17,3,-9,1,-8,-10,6,-1,-5,-7,sil
25.97875928878784,-4,2,3,13,13,6,-4,0,-5,-6,2,-5,-7,-9,sil
25.99486541748047,-6,0,1,12,11,12,1,0,-3,-3,1,-15,-7,-4,sil
25.99486541748047,-7,3,0,11,13,23,18,1,-5,0,-5,-19,-1,1,sil
26.01083517074585,-8,0,5,12,10,26,32,7,0,14,-13,-8,6,1,sil
26.01083517074585,-4,-9,-13,1,0,11,17,3,19,26,-6,-4,11,8,sil
26.025967359542847,5,-6,-1,-11,-9,-2,-2,-2,28,21,2,0,13,12,sil
26.025967359542847,17,3,14,1,-8,-2,1,-1,16,12,7,12,18,8,sil
26.04105257987976,25,4,6,10,-4,-5,4,0,10,9,13,24,16,12,sil
26.04105257987976,24,0,5,-17,-11,-17,-11,-1,7,0,17,26,8,12,sil
26.05735945701599,9,-2,-14,-29,-13,-25,-17,-4,0,-10,12,24,4,0,sil
26.05770254135132,3,4,-8,-10,-6,-23,-22,-6,-12,-15,9,23,0,-13,sil
26.0732421875,12,19,10,11,5,-11,-19,0,-15,-9,12,20,0,-3,sil
26.0732421875,14,15,0,30,15,0,3,0,-8,-3,8,18,3,14,sil
26.088170528411865,-3,0,11,29,2,6,1,-1,-19,-19,-5,10,-10,3,sil
26.088170528411865,-9,-3,-5,33,1,11,-8,-3,-22,-21,-11,0,-16,-8,sil
26.103595495224,18,-1,-17,52,23,22,18,1,17,3,-9,19,3,16,sil
26.103595495224,21,0,30,23,14,17,23,6,27,7,-2,26,8,21,sil
0.0104243755340576,-20,0,7,-23,-4,-7,-5,3,-7,0,6,-21,-7,-16,sorry
0.0271918773651123,-37,-3,-23,-17,3,-6,-11,-2,-13,3,6,-50,-9,-33,sorry
0.0271918773651123,-27,0,14,-5,7,9,1,-1,-11,3,-2,-37,-13,-23,sorry
0.0413095951080322,-21,0,2,-5,1,8,14,0,-11,13,-13,-34,-17,-13,sorry
0.0584895610809326,-12,-4,-10,0,3,10,26,1,15,21,-9,-21,3,1,sorry
0.0584895610809326,-10,-12,2,-12,0,13,21,4,28,13,0,-8,20,9,sorry
0.0584895610809326,-17,-18,-21,-33,-11,-1,6,3,15,9,-12,-19,7,1,sorry
0.0725224018096923,-6,-14,-11,-30,-17,-10,3,1,12,8,-18,-13,1,0,sorry
0.0725224018096923,20,-2,9,-16,-13,-8,0,0,15,1,8,19,19,17,sorry
0.0887434482574462,33,5,3,-10,-5,-14,-19,-1,-3,-11,18,35,18,23,sorry
0.0887434482574462,16,10,5,-13,-10,-17,-32,1,-21,-18,0,19,-11,1,sorry
0.1043713092803955,-5,2,-6,-12,-14,-9,-16,2,-9,-4,-2,-3,-20,-15,sorry
0.1043713092803955,-10,-2,0,-8,-7,-3,1,5,1,0,0,-8,-10,-9,sorry
0.1214239597320556,-5,-2,7,-6,0,5,13,4,-1,-4,-4,-6,-7,-8,sorry
0.1214239597320556,-5,-4,-15,-4,3,11,22,0,0,0,-10,-13,-12,-11,sorry
0.1347918510437011,-4,-3,-9,7,9,9,15,-2,11,1,-15,-8,-6,1,sorry
0.1347918510437011,5,6,0,23,10,1,-2,-4,10,-5,-2,12,12,14,sorry
0.1507091522216797,17,12,8,15,4,-12,-22,-7,-11,-16,11,23,7,0,sorry
0.1517088413238525,8,10,12,2,0,-18,-35,-6,-34,-35,4,11,-20,-16,sorry
0.1672146320343017,-3,8,4,23,3,0,-20,-3,-32,-26,0,0,-24,-13,sorry
0.1672146320343017,5,7,13,43,15,21,3,-1,-23,5,2,0,-4,4,sorry
0.1812589168548584,18,2,9,29,13,13,7,-2,-13,12,5,6,7,19,sorry
0.1972694396972656,22,-1,1,5,-2,-4,1,0,7,11,19,20,22,26,sorry
0.1972694396972656,22,3,6,0,-5,-6,0,10,28,31,38,31,36,25,sorry
0.2147088050842285,17,12,6,2,0,-4,-7,5,23,23,27,19,24,10,sorry
0.2147088050842285,-4,10,1,-1,-4,-3,-11,-3,-2,-10,0,1,1,-7,sorry
0.2147088050842285,-28,-5,-19,-10,-7,5,0,-3,-9,-12,-13,-17,-5,-15,sorry
0.2296016216278076,-22,-11,-17,-6,2,14,15,0,14,12,-13,-25,0,-6,sorry
0.2466373443603515,-12,-8,-2,0,13,16,27,0,36,34,-13,-13,7,5,sorry
0.2466373443603515,-22,-14,-7,-11,8,7,26,1,29,27,-20,-14,2,2,sorry
0.2599580287933349,-19,-13,-8,-32,-4,0,13,3,18,1,-15,-18,2,-10,sorry
0.2599580287933349,0,0,-4,-30,-8,-6,2,0,17,-1,10,-2,14,-11,sorry
0.2757081985473633,1,5,4,-10,-2,-15,-4,2,0,3,15,3,0,-10,sorry
0.2757081985473633,-10,0,7,0,0,-11,-12,11,-20,-19,-11,-15,-31,-22,sorry
0.2915496826171875,-21,-10,-11,-7,0,7,-2,1,-21,-35,-30,-33,-40,-31,sorry
0.2915496826171875,-14,-16,-6,-7,0,20,18,-8,-13,-11,-25,-23,-27,-8,sorry
0.3066551685333252,3,-10,6,10,0,14,20,-1,-3,8,-7,4,-6,22,sorry
0.3066551685333252,16,-2,2,10,-1,0,-2,0,2,3,2,21,5,22,sorry
0.3227307796478271,18,1,0,0,-6,-17,-21,-7,0,-1,7,23,11,10,sorry
0.3227307796478271,22,9,5,0,-10,-26,-20,-3,-9,-14,16,32,15,14,sorry
0.3382375240325928,22,11,12,-7,-11,-27,-22,0,-23,-34,13,32,3,4,sorry
0.3382375240325928,12,5,4,-5,-5,-20,-28,-2,-33,-32,3,7,-10,-11,sorry
0.3536195755004883,8,12,5,21,2,-3,-23,0,-32,-16,9,0,-2,-7,sorry
0.3536195755004883,11,23,14,34,8,12,-7,5,-18,0,18,12,8,6,sorry
0.3696358203887939,8,14,5,23,10,7,2,2,-6,17,12,4,4,7,sorry
0.3696358203887939,3,8,5,17,12,7,11,1,5,25,0,-10,-4,1,sorry
0.3855252265930176,1,7,0,18,12,28,27,1,24,24,-1,-11,-1,7,sorry
0.3855252265930176,-9,-4,-12,4,8,30,33,0,26,27,-2,-13,3,10,sorry
0.4016175270080566,-30,-19,-22,-12,-2,5,15,-1,14,22,-15,-27,0,-5,sorry
0.4016175270080566,-30,-17,-19,-16,-12,-2,5,-1,20,11,-23,-27,-6,-10,sorry
0.417137861251831,-12,-7,1,-11,-8,2,15,1,33,8,-9,-7,0,2,sorry
0.417137861251831,-6,-6,-3,-19,-5,-6,6,1,27,4,4,4,18,2,sorry
0.4332072734832763,-6,-14,-9,-32,-10,-16,-17,-2,19,0,3,6,22,-7,sorry
0.4332072734832763,3,-11,0,-26,-7,-10,-19,-3,6,-3,0,8,12,-8,sorry
0.4495046138763428,8,2,0,-10,-2,-7,-9,-2,-23,-17,0,3,0,-10,sorry
0.4495046138763428,5,5,6,-7,-5,-13,-16,-1,-31,-25,6,3,-6,-14,sorry
0.4645729064941406,5,0,4,-5,0,-13,-17,0,-3,-8,22,20,3,-3,sorry
0.4645729064941406,9,9,10,9,11,0,-5,4,4,2,20,25,5,10,sorry
0.4802851676940918,15,18,21,22,13,16,4,6,-13,-4,5,12,-6,12,sorry
0.4802851676940918,16,9,8,22,14,18,7,0,-12,-6,0,2,-11,11,sorry
0.4963166713714599,5,1,4,19,12,11,8,-1,-2,0,-5,-1,-9,7,sorry
0.4963166713714599,-10,0,-1,14,4,8,17,3,0,13,-9,-15,-8,4,sorry
0.5134093761444092,-13,-4,-5,6,2,5,23,2,0,13,-14,-23,-7,12,sorry
0.5134093761444092,-9,-13,-5,1,0,2,14,-3,1,0,-23,-20,-9,4,sorry
0.5134093761444092,-9,-14,-20,-7,-10,-1,1,-4,5,-5,-20,-16,-9,-11,sorry
0.5306804180145264,-5,-5,-6,-21,-10,-8,-2,0,13,3,-4,-7,2,-2,sorry
0.5452151298522949,5,0,2,-14,-3,-8,-4,0,13,13,3,-1,12,8,sorry
0.5452151298522949,8,2,-1,-1,-8,-8,-12,-2,-2,-1,-2,3,6,-8,sorry
0.5452151298522949,3,14,8,1,-11,-12,-15,-3,-10,-22,2,16,3,-16,sorry
0.5595507621765137,2,12,0,2,-4,-16,-17,-3,-8,-22,16,16,2,-10,sorry
0.5753710269927979,0,-2,0,1,-2,-7,-27,-1,-22,-23,11,1,-8,-19,sorry
0.5753710269927979,0,4,5,6,2,5,-19,3,-31,-21,5,2,-9,-17,sorry
0.5905494689941406,5,19,9,19,16,9,7,2,-10,3,9,6,0,6,sil
0.5905494689941406,1,6,11,19,11,12,17,-1,2,13,3,0,-1,10,sil
0.6075754165649414,-5,-7,0,11,3,13,15,2,4,10,-1,-3,0,4,sil
0.6075754165649414,-1,-5,1,9,12,10,22,10,15,24,0,2,11,18,sil
0.6246516704559326,0,-6,-2,-4,8,7,22,1,24,36,-1,4,15,22,sil
0.6246516704559326,-11,-17,-15,-29,-12,1,8,-9,17,17,-5,-5,7,6,sil
0.6423072814941406,-14,-22,-6,-33,-16,-5,1,-2,16,0,-8,-12,0,-2,sil
0.6423072814941406,-3,-17,-11,-21,-6,-8,2,3,18,2,0,-3,5,-2,sil
0.6423072814941406,2,-4,-6,-19,-13,-13,-9,-2,-8,0,9,9,5,-2,sil
0.6543416976928711,4,10,5,-13,-15,-18,-24,-3,-30,-18,12,11,-3,-9,sil
0.6715271472930908,14,16,4,-1,-3,-15,-24,0,-18,-27,8,7,-10,-9,sil
0.6715271472930908,13,8,5,0,4,-9,-18,4,-9,-24,1,2,-13,-3,sil
0.6715271472930908,0,6,-1,16,14,0,-10,2,-9,-14,-4,-7,-13,-6,sil
0.6865613460540771,1,16,7,42,24,13,0,1,0,0,0,0,-5,-8,sil
0.7046647071838379,4,18,10,41,20,19,10,8,10,12,8,9,4,6,sil
0.7046647071838379,-5,0,-6,23,8,22,21,6,12,21,-1,0,3,13,sil
0.7046647071838379,-8,-12,1,12,0,22,23,-1,8,12,-26,-16,-5,0,sil
0.7175297737121582,-4,-11,-3,-4,-4,8,16,-3,9,0,-27,-20,-4,0,sil
0.7329962253570557,0,-6,-8,-20,-7,-2,8,0,21,11,-7,-12,7,17,sil
0.7329962253570557,6,-1,-5,-20,-10,-3,1,-3,26,15,-1,0,11,9,sil
0.7486026287078857,0,-6,-12,-23,-16,-14,-10,-9,2,-4,-7,1,5,-4,sil
0.7486026287078857,-8,-10,0,-36,-19,-25,-23,-8,-15,-14,-1,0,2,-5,sil
0.7676453590393066,-1,-1,6,-27,-9,-16,-16,-3,-3,0,9,10,4,-4,sil
0.7676453590393066,4,7,7,-5,0,-7,-1,0,0,0,16,19,3,-4,sil
0.7676453590393066,3,9,15,7,6,-4,1,4,-18,-10,20,17,1,-1,sil
0.7802603244781494,0,10,10,21,12,0,-1,3,-17,-5,19,4,1,-2,sil
0.7962734699249268,0,13,13,29,15,9,0,2,-6,2,9,-3,-2,-2,sil
0.7962734699249268,0,8,2,27,11,12,4,1,-13,1,0,-6,-7,0,sil
0.8143289089202881,-5,-3,-5,20,3,11,8,-1,-24,-4,-7,-12,-12,-1,sil
0.8143289089202881,-8,-10,-4,7,1,17,13,-1,-8,-1,-10,-14,-12,0,sil
0.8143289089202881,0,-7,-13,2,2,15,18,0,19,13,-3,-7,0,10,sil
0.8306031227111816,2,-3,0,1,0,0,11,2,21,19,-4,0,8,13,sil
0.8306031227111816,0,-9,0,-5,-2,-8,-2,0,4,3,-9,1,5,1,sil
0.8452107906341553,7,-9,-8,-13,-7,-7,-7,0,0,-11,-5,5,0,0,sil
0.8593237400054932,11,-2,-2,-24,-15,-10,-4,8,7,-7,5,13,3,8,sil
0.8593237400054932,0,-4,-11,-35,-14,-19,-8,5,4,-3,12,11,7,3,sil
0.8757288455963135,-5,0,-5,-20,-2,-18,-18,-1,-6,-16,4,8,-3,-15,sil
0.8757288455963135,-1,12,2,6,3,-6,-18,-3,-15,-21,-9,2,-13,-23,sil
0.8757288455963135,1,11,4,10,4,2,-13,-4,-16,-15,-6,-6,-6,-9,sil
0.8903810977935791,5,10,11,8,7,3,-14,-2,-9,-14,4,0,0,-4,sil
0.9058692455291748,2,12,-1,13,4,3,-4,-4,-2,-5,3,1,-2,-10,sil
0.9058692455291748,-7,0,0,11,0,8,0,-4,-8,5,-9,-16,-6,-3,sil
0.921872615814209,-14,-9,1,9,0,8,0,1,-10,5,-13,-23,-8,0,sil
0.921872615814209,-15,-10,-6,7,0,0,5,1,3,5,-14,-19,-8,-3,sil
0.938701629638672,-8,-11,4,-1,-2,3,16,0,23,21,-11,-11,0,1,sil
0.938701629638672,4,-6,3,4,2,10,17,0,34,39,2,0,19,17,sil
0.9533531665802002,12,0,2,7,2,9,14,4,27,35,9,9,20,19,sil
0.9533531665802002,3,-1,-1,-9,-2,7,14,7,17,12,3,4,11,16,sil
0.9719104766845704,0,-2,-10,-20,0,4,9,4,12,-5,2,1,10,14,sil
0.9719104766845704,11,5,3,-11,1,-3,3,3,7,-6,8,10,9,5,sil
0.984710693359375,11,10,1,-8,-1,-4,3,0,5,-5,19,23,7,-1,sil
0.984710693359375,3,9,3,-11,0,0,1,-1,6,-7,25,27,2,0,sil
1.0008366107940674,5,12,10,3,10,-3,0,-1,3,-3,15,17,-1,-2,sil
1.0008366107940674,2,10,0,15,13,-9,-1,-1,-9,-10,0,4,-9,-9,sil
1.018362522125244,-6,0,4,5,0,-7,-3,0,-32,-23,-5,-2,-16,-7,sil
1.018362522125244,-3,-3,1,9,-5,-1,2,0,-39,-13,-2,-6,-10,0,sil
1.0314781665802002,1,5,0,25,4,2,7,-3,-29,4,-1,-4,-1,7,sil
1.0314781665802002,-8,-7,0,13,0,2,-5,-7,-21,7,-10,-14,-6,0,sil
1.046605348587036,-18,-33,-19,-11,-18,-3,-17,-5,-4,7,-22,-32,-10,-11,sil
1.046605348587036,-7,-19,-6,-15,-13,-8,-5,0,24,12,-14,-17,1,-5,sil
1.0617337226867676,5,2,0,-9,0,-12,2,0,26,13,6,9,13,1,sil
1.0617337226867676,2,-6,-4,-26,-12,-17,-17,0,-4,-13,-1,1,-1,-15,sil
1.0776212215423584,-10,-8,0,-29,-16,-7,-24,0,-18,-40,-21,-14,-22,-29,sil
1.0776212215423584,-4,12,-1,10,6,10,-4,0,-1,-17,0,-3,-5,-6,sil
1.0932204723358154,12,22,9,36,17,18,1,5,-2,10,24,12,12,15,sil
1.0932204723358154,10,10,10,26,15,17,3,8,-10,9,12,8,6,14,sil
1.1088619232177734,0,0,7,19,16,14,9,0,5,11,-3,5,4,14,sil
1.1088619232177734,5,-2,7,9,6,3,1,-6,19,17,-3,9,14,12,sil
1.1246354579925537,9,-3,-10,-10,-9,-13,-11,-4,9,8,-3,7,11,8,sil
1.1246354579925537,3,0,-2,-15,-11,-12,-9,0,4,0,-2,9,3,5,sil
1.1408138275146484,-1,9,2,-10,-6,-1,-4,-1,2,-14,1,9,0,-7,sil
1.1408138275146484,-6,6,-8,-16,-7,1,-2,-2,-14,-32,-2,-11,-10,-25,sil
1.1568365097045898,-12,2,-4,-8,0,8,1,2,-18,-28,-10,-26,-25,-24,sil
1.1568365097045898,-13,-3,-7,9,9,18,8,4,-1,-7,-11,-20,-23,-7,sil
1.1724810600280762,-8,-16,-4,1,0,9,19,3,10,4,-12,-12,-12,1,sil
1.1724810600280762,0,-13,-7,-11,-5,2,32,4,24,23,-5,-3,0,9,sil
1.1875066757202148,9,1,-4,-3,1,2,31,6,39,43,5,10,14,25,sil
1.1875066757202148,14,1,11,0,-1,-4,12,2,29,34,9,20,24,28,sil
1.2026386260986328,11,-1,0,-7,-7,-15,-1,-5,10,10,14,16,28,15,sil
1.2026386260986328,8,3,4,-11,-3,-17,-5,-3,0,-6,26,16,22,0,sil
1.2183372974395752,0,5,9,-8,0,-14,-9,-1,-15,-18,22,16,1,-14,sil
1.2183372974395752,-10,1,-2,-1,4,-10,-17,-4,-35,-24,1,-3,-20,-24,sil
1.2335596084594729,-11,7,7,16,13,0,-13,0,-32,-10,-2,-14,-22,-11,sil
1.2335596084594729,-5,6,0,24,14,13,0,0,-7,11,9,-4,-1,2,sil
1.249504566192627,-5,-4,-5,10,8,20,-2,-6,-5,7,0,-9,0,-4,sil
1.249504566192627,-6,-3,2,5,4,14,-8,0,-11,5,-18,-22,-7,-8,sil
1.2650930881500244,0,1,1,13,0,0,7,7,9,29,-10,-7,0,5,sil
1.2650930881500244,0,-5,0,0,-4,-8,15,2,23,25,-3,0,10,7,sil
1.2806081771850586,-8,-17,-10,-20,-8,-12,-1,0,6,-12,-13,-12,0,-3,sil
1.2806081771850586,2,-6,1,-15,-11,-15,-12,0,-3,-28,-3,4,-3,-4,sil
1.2966184616088867,25,16,14,0,-9,-14,-8,-2,0,-18,19,32,9,2,sil
1.2966184616088867,24,22,5,4,0,-6,-9,-5,-8,-19,15,21,5,2,sil
1.3126723766326904,3,11,11,8,5,2,-13,-1,-21,-23,-1,2,-13,0,sil
1.3126723766326904,-4,1,1,23,8,5,-5,0,-15,-18,-7,0,-13,0,sil
1.3286960124969482,0,1,-1,25,7,13,10,2,-3,-4,-11,-1,-7,4,sil
1.3286960124969482,0,-5,1,12,0,23,21,6,3,19,-8,0,0,11,sil
1.3446266651153564,-3,-17,-12,0,-11,10,18,1,10,26,0,0,13,18,sil
1.3446266651153564,0,-13,0,-7,-14,-8,5,-1,17,6,1,0,17,12,sil
1.3602023124694824,10,0,3,-6,-6,-9,-4,3,19,0,6,7,11,3,sil
1.3602023124694824,11,6,-2,0,2,-5,-16,2,8,-3,16,13,7,-3,sil
1.3758220672607422,0,7,1,-2,4,-2,-22,-1,-8,-17,7,3,-2,-13,sil
1.3758220672607422,-10,2,-6,-1,11,5,-1,-3,-7,-4,-6,-13,-13,-16,sil
1.3908114433288574,-18,-7,-8,-4,14,13,21,-3,1,22,-16,-24,-18,-18,sil
1.3908114433288574,-30,-20,-23,-26,-3,5,14,-5,0,18,-30,-39,-21,-21,sil
1.4064314365386963,-31,-22,-23,-41,-21,-7,-7,-5,1,-2,-35,-34,-18,-14,sil
1.4064314365386963,-7,-5,0,-33,-15,-8,-13,-2,14,-2,-7,0,1,-1,sil
1.422398805618286,12,10,0,-23,0,-4,-5,0,13,6,22,17,19,6,sil
1.422398805618286,8,14,11,-11,6,-3,-6,3,-7,2,17,10,12,8,sil
1.4382896423339844,1,9,16,9,11,2,-4,1,-20,-3,7,5,2,4,sil
1.4382896423339844,9,3,8,22,14,9,7,1,-20,0,9,4,4,5,sil
1.4539637565612793,18,-1,8,22,8,8,16,6,-9,8,3,3,6,15,sil
1.4695892333984375,12,0,-4,15,-4,-1,12,2,7,4,-4,0,3,17,sil
1.4695892333984375,0,-2,0,-4,-15,-13,3,-2,8,-8,0,0,-2,2,sil
1.4695892333984375,-7,-1,4,-14,-13,-14,-5,0,-3,-19,13,5,-5,-5,sil
1.485520839691162,0,11,1,4,1,-9,-9,2,-4,-21,20,12,-2,-5,sil
1.485520839691162,7,23,12,23,11,-3,-2,3,-5,-10,11,11,-2,-11,sil
1.500826358795166,-8,4,-1,14,4,6,8,0,-3,9,-1,-2,-6,-11,sil
1.500826358795166,-23,-16,-6,6,-1,19,13,-1,5,14,-13,-14,-5,1,sil
1.5168795585632324,-10,-11,-2,17,0,17,15,0,16,8,-20,-10,0,6,sil
1.5168795585632324,13,1,-1,18,1,4,8,2,21,7,-12,2,8,3,sil
1.5322012901306152,25,7,9,2,6,2,-5,3,18,5,3,14,11,8,sil
1.5322012901306152,23,9,4,1,10,-3,-7,1,6,4,17,19,11,13,sil
1.548734188079834,19,10,4,1,0,-23,-11,-2,-4,0,18,18,6,5,sil
1.548734188079834,6,3,2,-5,-10,-25,-22,-7,-11,-16,8,7,-1,-9,sil
1.5644080638885498,-10,-5,-6,-2,-6,0,-12,-7,-22,-23,-4,-6,-11,-19,sil
1.579955816268921,-15,-3,6,7,2,16,5,0,-31,-9,-7,-5,-11,-12,sil
1.579955816268921,-10,0,-1,13,11,12,11,2,-19,3,-2,-6,-5,7,sil
1.579955816268921,-5,-10,-6,4,7,12,12,-1,0,10,-9,-14,-5,15,sil
1.5956180095672607,-9,-15,-1,-10,-5,16,8,-1,16,21,-13,-10,0,8,sil
1.5956180095672607,-13,-5,-10,-21,-6,0,-11,5,30,27,0,1,15,6,sil
1.611314296722412,2,3,0,-16,0,-16,-25,2,30,18,20,7,20,10,sil
1.611314296722412,29,8,5,0,1,-12,-11,-8,9,6,25,16,20,14,sil
1.626842737197876,25,11,3,-1,-4,-9,0,-4,-17,-10,8,17,9,5,sil
1.626842737197876,-7,0,0,-16,-11,-5,0,6,-21,-26,-10,-3,-13,-14,sil
1.6427552700042725,-31,-20,-15,-18,-9,5,12,4,-6,-20,-22,-34,-25,-26,sil
1.6427552700042725,-30,-21,-11,-11,-4,20,27,0,-8,-5,-39,-44,-26,-20,sil
1.658311367034912,-16,-7,-14,-3,-3,17,19,0,-7,5,-39,-30,-15,-3,sil
1.658311367034912,-1,-5,-6,0,-1,1,-3,-2,6,10,-8,-6,6,6,sil
1.674431324005127,5,-1,5,-15,0,-11,-14,0,14,5,14,13,19,4,sil
1.674431324005127,7,4,-5,-21,-8,-20,-12,1,15,-1,18,25,13,0,sil
1.689958572387695,7,5,6,-12,-19,-23,-17,1,3,-15,14,21,0,-2,sil
1.689958572387695,4,7,8,-3,-8,-16,-14,0,-18,-30,4,6,-15,-12,sil
1.7051475048065186,5,16,2,5,13,-2,6,-1,-28,-24,0,5,-16,-16,sil
1.7051475048065186,7,19,11,21,20,9,14,-1,-26,-8,10,15,-6,-8,sil
1.7216570377349854,7,13,6,33,16,13,1,0,-19,-2,11,4,-7,-1,sil
1.7216570377349854,6,9,13,36,17,11,0,1,0,1,0,-4,-9,3,sil
1.736274480819702,4,5,16,40,21,13,9,1,21,19,6,4,7,8,sil
1.736274480819702,8,7,6,39,24,19,9,6,30,32,20,10,21,16,sil
1.7515008449554443,7,4,0,19,18,15,7,8,28,26,4,-1,12,21,sil
1.768547296524048,-11,-20,-17,-12,-7,2,9,-3,12,12,-23,-24,-7,9,sil
1.768547296524048,-22,-30,-5,-22,-24,0,10,-7,-3,7,-23,-24,-10,-5,sil
1.768547296524048,-6,-8,-3,-15,-11,-1,9,0,3,8,-4,-5,6,0,sil
1.783294677734375,2,-4,-14,-28,-5,-12,-1,-2,9,-1,-4,0,12,5,sil
1.8004355430603027,-1,-13,0,-38,-14,-13,-14,-4,1,-12,-7,-5,2,-4,sil
1.8004355430603027,-1,-5,-1,-21,-20,-12,-15,-1,4,0,10,3,11,-1,sil
1.8004355430603027,3,1,0,-14,-24,-26,-15,0,8,3,20,14,21,5,sil
1.8149535655975344,10,5,4,-11,-17,-23,-15,5,4,-4,18,21,11,-1,sil
1.8149535655975344,15,18,7,15,9,0,-1,8,0,-1,25,26,6,4,sil
1.830552339553833,14,28,16,35,26,11,6,1,-7,1,22,22,6,11,sil
1.830552339553833,2,13,0,25,15,5,-1,-6,-21,-11,-4,0,-5,-2,sil
1.84658432006836,-13,-10,-2,4,3,3,-14,-2,-32,-29,-27,-18,-28,-16,sil
1.84658432006836,-21,-14,1,4,10,13,-7,1,-25,-17,-21,-18,-26,-9,sil
1.8628532886505127,-11,-7,-5,15,12,20,13,0,-1,12,-9,-11,-2,4,sorry
1.8628532886505127,-4,-9,-1,4,0,22,23,0,14,26,-10,-13,3,8,sorry
1.8776731491088867,-13,-14,-10,-14,-9,9,18,0,9,19,-15,-26,-7,-2,sorry
1.8776731491088867,-15,-17,-14,-19,-8,-3,9,-3,-1,2,-24,-25,-12,-8,sorry
1.8943586349487305,-1,-14,-11,-17,-10,-2,6,0,1,0,-17,-7,-1,-1,sorry
1.8943586349487305,13,4,-13,-14,-9,-7,5,0,12,6,7,14,9,4,sorry
1.910442590713501,15,18,6,-7,0,-16,-5,-5,3,-5,15,20,6,0,sorry
1.910442590713501,7,7,6,-5,4,-15,-14,0,-13,-25,2,8,-1,-11,sorry
1.926462173461914,10,6,5,-4,-2,-9,-12,7,-14,-21,6,9,-1,-14,sorry
1.926462173461914,18,14,13,0,-6,-6,-12,4,-1,-5,21,24,6,0,sorry
1.9406826496124268,15,10,7,7,0,-5,-14,0,7,-3,23,26,13,12,sorry
1.9406826496124268,9,11,18,8,9,-4,-9,7,6,-5,19,22,13,5,sorry
1.956200361251831,-1,8,5,0,9,-4,-3,4,-1,-4,11,9,4,-5,sorry
1.9732048511505127,-18,-7,-10,-3,2,-1,-8,-5,-8,-6,-6,-14,-12,-9,sorry
1.9732048511505127,-18,-8,-2,6,0,6,-13,-2,-9,-4,-14,-18,-17,-6,sorry
1.9732048511505127,-10,-3,-8,15,0,11,-7,-1,-3,6,-8,-15,-5,-3,sorry
1.988734245300293,-10,-7,-4,11,0,11,4,-2,0,11,-4,-19,-8,-3,sorry
1.988734245300293,-5,-2,5,17,0,17,24,0,0,12,1,-19,-7,2,sorry
2.013202667236328,5,7,11,25,3,28,44,0,4,20,2,-9,6,16,sorry
2.013202667236328,10,4,5,15,7,27,47,0,17,23,-10,-1,6,17,sorry
2.013202667236328,14,-3,-13,-1,6,5,27,4,26,17,-4,4,7,15,sorry
2.0202319622039795,13,-2,5,-12,-3,-9,2,5,22,8,8,6,20,18,sorry
2.036261558532715,-2,-5,3,-14,-10,-10,-10,0,18,4,-5,-1,11,13,sorry
2.036261558532715,-13,-10,-18,-15,-6,-11,-16,-6,10,1,-27,-10,-9,0,sorry
2.052330493927002,-6,-6,-10,-15,-1,-13,-17,-4,0,0,-10,-6,-5,-6,sorry
2.052330493927002,-3,-5,-10,-16,-5,-17,-18,-1,-2,0,17,7,5,-7,sorry
2.067466735839844,-10,-7,-3,-22,-14,-16,-30,0,-12,-9,8,11,-5,-17,sorry
2.067466735839844,-12,-2,5,-20,-6,-4,-29,1,-26,-26,-12,0,-19,-29,sorry
2.0825953483581543,-6,1,0,-13,11,0,-7,0,-19,-26,-7,-5,-16,-23,sorry
2.0825953483581543,-1,8,0,-10,10,-6,2,-1,-11,-10,4,1,-8,-14,sorry
2.0992276668548584,-1,11,1,5,-2,-8,0,-1,-19,-7,5,5,-4,-7,sorry
2.0992276668548584,3,5,14,26,0,1,-1,3,-24,-12,4,3,0,5,sorry
2.1147336959838867,7,-1,8,25,10,14,4,3,-8,0,7,3,11,12,sorry
2.115731716156006,4,-2,-3,12,5,15,9,0,9,13,3,1,18,13,sorry
2.1292879581451416,8,2,4,12,-2,6,17,3,20,9,-6,1,17,22,sorry
2.1462931632995605,20,7,-2,20,0,-2,32,2,29,14,1,8,23,26,sorry
2.1462931632995605,21,10,4,8,3,-6,32,0,24,18,21,22,25,15,sorry
2.1462931632995605,8,6,8,-12,-5,-4,6,-1,8,5,18,23,12,2,sorry
2.1625568866729736,3,1,-4,-19,-11,-4,-15,0,-2,-4,3,10,-5,0,sorry
2.1625568866729736,2,4,4,-2,-3,-9,-17,1,-13,-8,0,2,-16,-6,sorry
2.177640914916992,-2,9,0,16,1,-11,-21,0,-17,-10,5,-2,-16,-17,sorry
2.177640914916992,-1,11,4,16,0,0,-31,0,-12,-4,6,-7,-14,-16,sorry
2.193286418914795,3,2,12,12,7,11,-19,0,-13,0,5,-6,-11,-3,sorry
2.2073352336883545,-4,-6,-5,13,11,14,4,-1,-12,1,-5,-7,-7,2,sorry
2.2073352336883545,-13,-7,-1,11,6,18,14,0,-3,7,-17,-13,-5,0,sorry
2.2073352336883545,-8,-8,-2,5,8,21,16,2,-1,0,-15,-17,-6,0,sorry
2.223876714706421,-8,-13,-12,-6,8,11,24,0,-5,-14,-20,-22,-11,1,sorry
2.241537094116211,-18,-17,-11,-23,-6,2,22,0,4,-7,-23,-18,-10,-2,sorry
2.241537094116211,-23,-24,-17,-29,-17,-2,-1,-2,13,5,-12,-11,-3,-1,sorry
2.241537094116211,-15,-19,-9,-27,-13,-4,-8,-7,13,4,-15,-17,0,3,sorry
2.2536191940307617,-2,-5,-7,-21,-3,0,10,0,25,9,-18,-19,4,2,sorry
2.2691760063171387,1,-7,-2,-21,-4,0,6,2,33,16,-4,0,8,-1,sorry
2.2691760063171387,-1,-16,-2,-32,-15,-17,-20,-3,16,2,1,6,0,-4,sorry
2.2845911979675293,0,-6,-13,-35,-22,-33,-26,-6,2,-15,2,0,-1,-9,sorry
2.2845911979675293,0,14,6,-20,-12,-23,-18,1,-6,-12,13,14,4,-15,sorry
2.3005759716033936,3,25,16,8,7,-4,-9,0,-15,5,24,32,9,-9,sorry
2.3005759716033936,18,25,19,27,17,-4,-6,-4,-19,-2,23,26,6,2,sorry
2.316343307495117,22,23,24,20,13,-8,-12,1,-14,-16,23,20,9,0,sorry
2.316343307495117,10,21,5,16,9,0,-14,6,-9,-5,24,18,15,0,sorry
2.331620454788208,7,20,11,32,8,10,-6,6,-17,-2,10,10,5,10,sorry
2.331620454788208,12,14,13,42,10,11,8,1,-14,-4,0,8,0,13,sorry
2.3472132682800293,9,7,1,38,14,13,25,-1,1,14,4,5,4,6,sorry
2.3472132682800293,0,5,2,32,13,17,31,0,1,17,6,-7,0,0,sorry
2.3628573417663574,-3,0,-4,26,10,17,33,0,-4,1,-7,-17,-11,1,sorry
2.3628573417663574,7,-5,2,22,13,19,38,4,12,12,-10,-7,-3,18,sorry
2.3787319660186768,13,-5,2,18,14,20,36,9,34,39,2,-1,10,29,sil
2.3787319660186768,3,-12,-11,-1,0,7,18,4,33,37,-2,-1,8,20,sil
2.3937642574310303,-4,-22,-11,-22,-20,-6,-6,0,17,10,-19,-1,-4,7,sil
2.3937642574310303,-9,-26,-21,-35,-28,-18,-30,-2,-5,-13,-22,-9,-9,0,sil
2.409499168395996,-16,-24,-13,-48,-23,-19,-33,-7,-16,-27,-22,-16,-7,-9,sil
2.409499168395996,-20,-18,-10,-46,-22,-12,-15,-5,-6,-18,-17,-10,-4,-21,sil
2.424556970596313,-16,-5,-14,-30,-18,-13,-14,-2,-5,-10,0,-6,-1,-22,sil
2.424556970596313,-3,8,2,-18,-4,-12,-22,0,-16,-23,9,2,0,-16,sil
2.439211130142212,11,13,2,-8,5,-1,-12,-3,-13,-29,14,14,1,-7,sil
2.439211130142212,8,6,5,-8,3,-7,-17,-5,-10,-17,15,15,1,-5,sil
2.454737901687622,-6,1,7,-7,3,-15,-28,-1,-9,-6,15,7,0,-13,sil
2.454737901687622,-12,5,2,7,4,-4,-9,-4,-10,-8,8,0,-4,-18,sil
2.4706287384033203,-9,7,12,12,-1,3,6,-3,-14,-13,-8,-10,-13,-13,sil
2.4706287384033203,-10,2,0,12,-2,2,0,3,-5,-4,-12,-17,-8,-2,sil
2.4854893684387207,-3,8,0,23,12,9,6,5,1,8,0,-8,5,4,sil
2.4854893684387207,4,12,13,26,18,14,19,0,-4,6,1,2,6,10,sil
2.5010244846343994,4,-7,-1,11,3,8,13,-1,-6,6,-4,-3,-5,14,sil
2.5010244846343994,0,-16,-5,1,0,12,6,2,2,15,-7,-13,-10,5,sil
2.517643451690674,0,-2,-6,2,12,21,19,5,15,20,-6,-8,0,-2,sil
2.517643451690674,5,1,0,0,6,14,20,6,33,22,-1,5,7,11,sil
2.5326457023620605,14,-2,8,-1,-10,3,9,4,37,25,4,10,6,22,sil
2.5326457023620605,11,0,-3,-7,-13,-1,7,0,26,21,0,3,4,9,sil
2.548524141311645,3,-1,0,-23,-13,-10,0,0,17,5,-1,8,3,-4,sil
2.548524141311645,5,-5,-2,-24,-13,-21,-15,-2,1,-14,6,17,0,-4,sil
2.5639781951904297,13,5,2,-5,0,-16,-10,-4,-17,-21,6,11,-6,-1,sil
2.5639781951904297,9,15,11,4,13,-3,0,0,-20,-8,0,1,-5,-1,sil
2.579688549041748,0,8,2,13,13,-2,-2,0,-12,1,9,0,8,1,sil
2.579688549041748,0,7,11,28,12,5,-3,0,-10,0,14,5,9,7,sil
2.5951993465423584,0,11,5,28,12,17,6,2,-5,9,2,0,0,4,sil
2.5951993465423584,-5,1,-4,18,12,16,12,0,10,19,-8,-8,4,0,sil
2.6126723289489746,0,-8,2,16,8,11,14,1,27,18,-2,2,19,15,sil
2.6126723289489746,7,-8,-1,4,-6,0,8,-1,19,9,6,9,14,24,sil
2.62662410736084,-4,-9,-4,-21,-24,-17,-12,-5,-6,-10,-3,-1,-3,0,sil
2.62662410736084,-22,-16,-14,-32,-22,-26,-27,-6,-22,-28,-18,-17,-8,-27,sil
2.6422598361968994,-19,-9,-15,-24,-10,-22,-23,-5,-32,-33,-6,-11,-7,-30,sil
2.6422598361968994,-7,9,2,-4,-4,-10,-16,0,-32,-29,11,5,-5,-20,sil
2.658418893814087,-1,11,-6,14,0,0,-10,2,-22,-16,3,1,-5,-8,sil
2.658418893814087,-4,0,0,8,8,12,0,1,-13,-3,-17,-22,-16,-5,sil
2.6741244792938232,-12,-9,0,-7,8,26,16,0,5,5,-16,-23,-14,-6,sil
2.6741244792938232,-7,-9,-13,-12,0,20,12,0,31,15,-2,-1,3,2,sil
2.689671039581299,12,-3,0,-18,-6,-2,-4,0,27,15,3,13,10,10,sil
2.704363822937012,18,4,0,-24,-5,-15,-2,-4,8,0,10,20,7,9,sil
2.704363822937012,12,16,3,-14,-4,-21,3,0,0,-13,21,28,8,5,sil
2.7204182147979736,16,18,9,4,-1,-21,0,9,-5,-9,23,24,4,1,sil
2.7214195728302,18,7,10,10,4,-2,-3,4,-14,-2,9,5,0,4,sil
2.7214195728302,5,1,10,15,5,18,0,0,-11,0,-7,-6,-1,7,sil
2.736846923828125,-6,0,-7,26,5,13,1,-2,0,4,-12,-13,-8,4,sil
2.752617120742798,-9,-8,0,15,5,5,-1,-1,-7,3,-16,-20,-18,-4,sil
2.752617120742798,-13,-11,6,4,1,12,-4,2,-14,0,-17,-19,-18,-12,sil
2.752617120742798,-11,-6,-7,18,0,16,6,1,4,11,-7,-7,-9,-1,sil
2.767230987548828,1,0,1,26,5,15,23,0,25,28,0,0,0,9,sil
2.7842257022857666,1,-4,-1,8,10,10,27,0,26,30,0,-6,4,3,sil
2.7842257022857666,-12,-17,-7,-17,2,0,12,2,18,13,-9,-17,0,-5,sil
2.7842257022857666,-14,-17,-1,-29,-6,-6,0,1,17,1,-6,-13,0,0,sil
2.799564838409424,-5,-8,-3,-25,-3,-4,0,-2,20,10,10,3,15,8,sil
2.813659906387329,-3,-3,5,-18,-3,-7,0,0,12,14,12,17,24,7,sil
2.813659906387329,0,6,3,-11,-10,-13,-10,1,-2,2,10,15,22,1,sil
2.829290866851806,13,19,7,-4,-7,-12,-20,-2,-11,-18,19,15,17,0,sil
2.829290866851806,15,16,8,-5,2,-14,-22,0,-12,-32,12,20,4,-5,sil
2.847238302230835,11,10,-1,-1,4,-22,-22,0,-16,-28,0,11,-5,-9,sil
2.847238302230835,13,20,16,18,4,-13,-22,-3,-22,-23,5,7,-5,-3,sil
2.847238302230835,11,18,12,31,8,2,-5,-1,-25,-18,13,15,-2,0,sil
2.861436605453491,0,1,-4,25,6,10,12,0,-25,-6,0,3,-5,0,sil
2.8756465911865234,-13,-3,-11,11,0,21,20,-1,-16,1,-15,-20,-11,1,sil
2.8756465911865234,-14,-8,-21,-1,0,22,21,-6,3,3,-18,-25,-11,-1,sil
2.8912949562072754,2,-12,0,-1,-1,4,18,0,15,11,-16,-9,-6,-1,sil
2.8912949562072754,12,-6,-1,3,-7,0,12,8,17,20,-10,0,0,11,sil
2.9068427085876465,0,-7,-20,-18,-17,-4,0,0,16,6,-7,-1,0,11,sil
2.9068427085876465,-5,-11,-10,-39,-20,-11,-15,-1,14,-9,-2,-1,0,-2,sil
2.9219439029693604,3,-2,-1,-18,-8,-11,-19,0,6,-1,6,2,2,-6,sil
2.9219439029693604,0,4,8,3,5,-3,-17,0,-6,4,10,4,0,-11,sil
2.937702417373657,-4,6,8,13,16,7,-6,-3,-8,-5,5,0,-5,-17,sil
2.937702417373657,0,8,1,23,18,15,16,0,-1,0,-4,-11,-5,-2,sil
2.953214168548584,-10,0,-3,12,8,17,28,3,-1,10,-16,-17,-8,5,sil
2.953214168548584,-20,-20,-14,-9,-1,12,21,-2,-2,6,-15,-15,-10,0,sil
2.968757152557373,0,-14,7,-10,-4,4,4,-3,5,2,-1,0,0,11,sil
2.968757152557373,10,2,12,-5,-3,-14,-13,0,10,7,8,15,12,21,sil
2.9846556186676025,-2,4,-5,-14,-4,-26,-24,-2,-4,-2,9,14,7,3,sil
2.9846556186676025,-2,4,3,-11,-4,-14,-19,-1,-15,-15,13,6,0,-12,sil
3.0003087520599365,6,9,7,4,0,1,-8,5,-7,-6,23,5,7,-4,sil
3.0003087520599365,0,5,13,9,0,7,-6,6,-7,1,20,3,5,0,sil
3.0158355236053467,-4,0,11,10,1,6,-6,3,-12,0,7,0,-3,-9,sil
3.0158355236053467,4,4,4,24,6,9,7,6,4,5,-4,-2,0,0,sil
3.0315983295440674,5,6,5,19,8,19,21,7,18,16,-11,-3,4,13,sil
3.0315983295440674,3,-4,-12,-1,3,11,20,0,19,14,-2,-2,10,10,sil
3.046661138534546,15,-2,-2,-6,1,-6,12,0,29,6,8,10,23,7,sil
3.046661138534546,18,8,7,-7,0,-15,2,4,25,0,7,19,20,4,sil
3.063039541244507,4,5,-8,-17,-2,-15,-14,-2,-1,-9,3,8,-2,-6,sil
3.063039541244507,0,0,-1,-7,0,-15,-17,-5,-15,-23,0,-1,-17,-13,sil
3.07877516746521,-4,0,-4,11,5,-6,-3,-4,-15,-20,-17,-15,-18,-12,sil
3.07877516746521,-18,-7,-14,0,-2,7,2,-8,-24,-12,-29,-23,-25,-14,sil
3.093881368637085,-25,-14,-11,-11,-9,11,10,-3,-20,0,-21,-16,-21,-11,sil
3.093881368637085,-19,-14,-10,-2,-5,1,15,0,0,13,-16,-12,-5,0,sil
3.109618902206421,-8,-8,6,-1,-6,0,6,0,9,15,-15,-2,4,12,sil
3.109618902206421,11,2,4,-3,-6,-2,0,0,9,8,10,21,17,18,sil
3.124643325805664,30,14,8,3,-4,-15,-5,0,0,0,33,32,23,16,sil
3.124643325805664,22,21,20,13,2,-9,-13,0,-12,-9,29,22,10,9,sil
3.140630960464477,0,13,8,19,18,8,-5,0,-6,-4,15,4,0,1,sil
3.140630960464477,-8,1,0,17,16,15,8,1,0,7,-1,-17,-6,-10,sil
3.156226634979248,-14,-8,-15,0,-2,12,9,-5,-12,2,-26,-36,-17,-15,sil
3.156226634979248,-17,-17,-16,-23,-12,1,-3,-12,-21,-16,-32,-27,-14,-10,sil
3.171419620513916,-1,-11,0,-21,-5,-7,-9,-2,1,-10,-2,2,8,-4,sil
3.171419620513916,13,3,3,-1,0,-7,-3,6,26,10,23,18,23,3,sil
3.1868317127227783,8,6,9,-3,0,-9,-11,7,10,1,11,9,4,1,sil
3.1868317127227783,0,1,0,-8,-1,-7,-23,4,-7,-12,3,0,-8,-9,sil
3.2020061016082764,-1,0,-1,-3,0,7,-9,4,0,-1,10,0,-5,-4,sil
3.2020061016082764,-8,-9,3,-3,3,15,5,3,6,7,-1,-9,-11,6,sil
3.2183587551116943,-11,-16,-9,0,0,8,4,-1,1,4,-18,-21,-15,4,sil
3.2183587551116943,-1,-6,0,8,-3,11,10,0,11,10,-12,-4,-2,6,sil
3.23438048362732,3,-4,-2,4,0,16,23,0,29,20,0,11,9,17,sil
3.23438048362732,5,-5,-11,-3,1,1,13,0,23,17,0,9,9,14,sil
3.249531507492065,12,14,8,-1,1,-12,1,1,6,4,8,15,10,4,sil
3.249531507492065,19,27,6,10,6,-12,3,0,-1,-5,28,30,13,7,sil
3.265209197998047,14,14,7,9,8,-11,-6,0,-14,-14,30,27,-3,4,sil
3.265209197998047,1,4,8,4,8,-5,-15,2,-29,-13,8,1,-19,-13,sil
3.2806215286254883,-2,9,0,20,11,6,4,0,-21,-1,-10,-17,-10,-15,sil
3.2816219329833984,0,10,5,32,5,8,15,-1,-3,4,-13,-16,-20,-3,sil
3.2965352535247803,-6,-5,-4,6,-6,0,3,-1,3,6,-11,-14,-24,-1,sil
3.2965352535247803,-19,-18,-5,-20,-11,0,2,-2,4,1,-18,-17,39,-5,sil
3.311851024627685,-10,-10,-4,-18,-13,-5,7,-3,7,-8,-21,-13,82,-10,sil
3.311851024627685,-1,-1,-6,-20,-17,-22,-13,-4,-3,-17,-11,-2,18,-14,sil
3.3285038471221924,-6,0,5,-26,-14,-19,-30,-1,-23,-20,-1,12,-27,-10,sil
3.3285038471221924,0,6,3,-7,-3,1,-7,5,-13,-13,7,19,-1,3,sil
3.343689441680908,4,11,3,8,3,8,7,9,0,-1,12,10,-1,10,sil
3.343689441680908,-11,1,1,5,5,2,-5,1,-10,3,5,-1,-25,3,sil
3.359262466430664,-12,-5,-2,12,7,9,-6,-6,-12,8,-2,-10,-16,4,sil
3.359262466430664,2,-5,4,19,7,17,13,0,9,14,-11,-9,-10,13,sil
3.375384330749512,-4,-19,-15,-1,0,8,22,2,27,14,-10,-7,-18,10,sil
3.375384330749512,-4,-27,-11,-29,-7,-1,12,0,30,14,7,0,-4,7,sil
3.392052173614502,20,-5,9,-20,-2,-2,-4,0,22,14,25,12,22,13,sil
3.392052173614502,29,18,2,11,10,-4,-15,0,2,-1,26,19,27,6,sil
3.4058730602264404,13,19,5,17,11,-4,-12,-3,-10,-21,13,11,8,-10,sil
3.4224965572357178,-3,-1,-3,-11,0,-5,-10,-3,-12,-23,-5,-10,-11,-23,sil
3.4224965572357178,-11,-6,-3,-15,0,-3,-8,2,-16,-8,-14,-17,-21,-20,sil
3.4224965572357178,-4,10,9,21,9,10,2,6,-8,10,0,-1,-16,0,sil
3.436877012252808,0,9,-1,34,10,13,11,2,8,23,0,-5,-7,7,sil
3.436877012252808,-6,-8,-5,5,1,0,12,0,10,15,-23,-25,-10,-5,sil
3.453627824783325,-12,-13,-10,-13,-12,-1,13,-4,5,7,-16,-22,-1,-5,sil
3.453627824783325,-5,-4,-8,-18,-20,-4,3,-10,0,-1,0,-3,12,0,sil
3.4672584533691406,2,2,0,-15,-10,-11,-8,-4,-8,-26,-8,1,1,-11,sil
3.48262906074524,0,3,-6,-15,0,-10,-10,0,-12,-33,-17,0,-11,-17,sil
3.48262906074524,-3,6,4,-11,0,-10,-13,0,-9,-10,2,15,2,-6,sil
3.500339269638061,12,21,15,23,4,-9,-7,5,-3,0,29,36,20,11,sil
3.500339269638061,27,26,19,47,16,4,4,7,0,0,23,33,15,28,sil
3.500339269638061,11,3,13,18,13,21,12,3,-1,22,1,12,7,27,sil
3.5143685340881348,-2,-9,-6,1,0,20,16,0,1,27,1,0,11,22,sil
3.529392719268799,4,-4,3,12,-8,12,14,2,13,7,1,0,10,22,sil
3.529392719268799,2,-13,-3,-2,-8,5,7,0,23,14,-6,-10,1,12,sil
3.5445632934570312,-11,-24,-16,-27,-14,3,5,1,20,20,-8,-17,-2,-1,sil
3.5445632934570312,-14,-12,-3,-28,-17,1,4,2,6,-5,-12,-10,-4,-10,sil
3.5607004165649414,-9,-7,-8,-24,-9,-10,-1,-7,1,-19,-13,-6,-2,-13,sil
3.5607004165649414,-6,-6,-1,-20,-6,-22,-10,-7,2,-8,7,2,4,-8,sil
3.576298713684082,6,10,8,0,-2,-17,-19,1,0,-1,28,16,11,-5,sil
3.576298713684082,18,20,9,22,16,-8,-22,1,-8,-5,24,12,4,-3,sil
3.5922675132751465,4,13,12,21,25,-4,-17,0,-16,-13,7,-1,-6,-8,sil
3.5922675132751465,-17,2,-10,2,11,-3,-6,-5,-24,-20,-3,-8,-9,-18,sil
3.608346462249756,-14,-2,-6,-6,-2,-1,-6,-7,-31,-21,-4,-4,-14,-18,sil
3.608346462249756,0,1,9,8,-2,2,-6,0,-30,-9,-1,-1,-18,-8,sil
3.623666524887085,0,5,-2,23,6,10,10,1,-15,5,-10,-14,-14,-4,sil
3.623666524887085,-12,-3,-10,12,13,15,18,1,6,16,-24,-23,-11,-11,sil
3.6392548084259033,-19,-17,-15,-6,10,11,5,2,25,25,-16,-14,-4,-8,sil
3.6392548084259033,-11,-18,-4,-17,1,7,2,0,27,23,-5,-6,0,5,sil
3.65431809425354,1,-11,-2,-14,-4,7,11,1,21,6,-15,-16,-9,5,sil
3.65431809425354,4,-2,-7,-7,-7,0,8,3,15,-6,-23,-15,-12,1,sil
3.669719219207764,13,10,7,-11,-11,-10,2,4,4,-6,0,18,10,12,sorry
3.669719219207764,29,13,4,-13,-12,-15,2,0,-10,-4,28,35,29,23,sorry
3.685403823852539,24,3,7,-7,-9,-14,-3,0,-21,-12,20,19,12,16,sorry
3.685403823852539,5,3,9,-4,-7,-9,-2,5,-5,-15,4,6,-5,0,sorry
3.701211452484131,4,13,5,2,0,0,5,5,12,-5,5,3,0,0,sorry
3.701211452484131,7,16,17,18,11,11,1,0,6,4,5,5,6,3,sorry
3.717231035232544,-5,4,-1,28,11,11,0,-3,1,14,9,5,6,0,sorry
3.717231035232544,-14,-5,-10,27,0,10,9,1,8,21,9,-2,10,1,sorry
3.732287168502808,-7,-10,-1,15,0,17,14,1,5,14,-6,-10,9,7,sorry
3.732287168502808,-7,-17,-9,-5,0,9,2,-6,2,4,-13,-8,2,6,sorry
3.7473511695861816,-10,-15,-1,-19,-10,-7,-6,-4,6,0,3,2,5,5,sorry
3.7473511695861816,-1,-7,-1,-16,-12,-13,-5,0,7,0,14,14,12,3,sorry
3.76257586479187,5,-3,-1,-12,-2,-15,-10,0,5,-5,11,16,5,-7,sorry
3.76257586479187,5,9,12,0,6,-13,-17,0,-4,-10,11,11,-4,-14,sorry
3.7786152362823486,6,25,8,25,18,-2,-11,-3,-20,-8,11,4,-5,-6,sorry
3.7786152362823486,4,21,8,32,22,8,-7,-3,-25,-8,0,-3,-10,-5,sorry
3.794335126876831,-4,3,1,19,13,6,-8,-3,-16,-7,-14,-16,-18,-10,sorry
3.794335126876831,-10,-6,-7,2,-1,4,-2,-2,-5,0,-22,-22,-21,-4,sorry
3.809561252593994,-6,-11,-3,-13,-10,8,4,1,4,6,-22,-20,-12,1,sorry
3.809561252593994,-2,-13,-9,-25,-14,-1,6,-1,7,2,-21,-15,2,1,sorry
3.825302600860596,0,-10,-3,-29,-19,-14,0,-1,0,-5,-13,-2,6,0,sorry
3.825302600860596,5,-3,-3,-24,-16,-9,0,2,-8,-9,4,10,4,0,sorry
3.8414809703826895,8,2,0,-17,-6,-2,0,0,-14,-19,9,12,2,-5,sorry
3.8414809703826895,4,2,11,-18,-3,-5,-7,0,-18,-27,-6,2,-5,-13,sorry
3.856532573699951,-2,0,-6,-11,2,-1,-6,0,-18,-20,-15,-13,-17,-14,sorry
3.856532573699951,-8,0,-5,6,15,14,14,3,-2,0,-11,-17,-18,-10,sorry
3.872610569000244,-8,0,-5,18,17,29,40,10,33,31,0,-7,0,1,sorry
3.872610569000244,0,-6,-14,12,6,18,38,12,59,51,9,-1,14,20,sorry
3.888649940490722,-2,-10,-1,-3,-3,-5,5,5,45,34,1,-1,7,21,sorry
3.888649940490722,-8,-4,-4,-5,-2,-15,-19,-4,21,14,1,6,8,8,sorry
3.904553651809693,1,10,4,5,8,-8,-11,-2,12,7,23,22,20,5,sorry
3.904553651809693,12,16,19,12,12,-7,1,1,4,-3,33,28,17,10,sorry
3.9202139377594,12,12,14,20,0,-12,-9,-2,-15,-17,24,21,6,2,sorry
3.9202139377594,15,17,14,32,-3,-4,-17,-2,-27,-18,27,22,7,-3,sorry
3.935795307159424,15,13,6,29,11,5,-2,-1,-11,2,30,19,13,4,sorry
3.935795307159424,10,0,7,19,13,3,1,-3,-5,18,11,4,11,10,sorry
3.950937986373901,1,-4,2,22,-4,0,-11,-3,-29,0,-10,-7,-1,4,sorry
3.950937986373901,-13,-8,-11,12,-12,5,-8,-8,-36,-23,-24,-17,-15,-2,sorry
3.966540098190308,-18,-15,-8,-12,-4,15,9,-6,-9,-4,-33,-25,-15,-9,sorry
3.966540098190308,-6,-10,-16,-19,-3,9,15,0,11,20,-27,-21,-1,0,sorry
3.983018159866333,0,-1,-3,-18,-15,-6,2,4,2,2,-19,-8,2,6,sorry
3.983018159866333,-7,-6,-1,-33,-20,-14,-11,0,-10,-26,-16,-9,-8,-12,sorry
3.998447179794312,-18,-13,-24,-46,-13,-14,-17,-4,-7,-29,-10,-14,-19,-28,sorry
3.998447179794312,-13,-2,-8,-36,-5,-11,-15,0,1,-15,-5,-5,-18,-17,sorry
4.023477554321289,4,11,7,-12,4,-8,-4,3,10,-5,3,6,-7,-6,sorry
4.023477554321289,14,12,11,0,10,-5,3,5,13,-4,17,11,0,-3,sorry
4.023477554321289,5,7,13,6,8,0,0,5,6,0,14,9,-2,-1,sorry
4.030533790588379,-4,4,3,15,8,9,-1,0,-4,3,0,1,-5,0,sorry
4.045568943023682,-2,2,9,15,8,17,5,-1,-7,-1,-8,-6,-3,6,sorry
4.045568943023682,0,-2,0,11,2,16,18,0,0,-5,-9,-11,-2,9,sorry
4.061213731765747,-10,-12,-9,6,2,15,19,4,0,0,-18,-17,-13,-3,sorry
4.061213731765747,-14,-16,-1,1,3,14,18,6,-2,10,-23,-24,-15,-9,sorry
4.076876163482666,0,-12,-3,-3,-7,0,18,-1,11,19,-7,-17,7,2,sorry
4.093252897262573,16,-1,0,-8,-15,-7,6,-6,23,18,16,9,26,14,sorry
4.093252897262573,21,7,0,2,0,-3,-4,-2,21,22,37,34,31,17,sorry
4.093252897262573,24,14,7,18,10,-5,-2,0,16,23,34,34,33,18,sorry
4.107591867446899,17,19,16,13,0,-12,-9,3,8,4,21,27,23,10,sorry
4.107591867446899,4,15,1,6,-2,-11,-23,0,-5,-9,19,21,3,-1,sorry
4.124764680862427,2,7,4,9,8,0,-18,-3,-18,-6,12,13,-9,-9,sorry
4.124764680862427,0,1,-1,17,19,14,5,0,-17,2,0,0,-5,-2,sorry
4.138295412063599,-4,-3,-5,19,15,13,18,3,-1,15,-1,-4,7,10,sorry
4.15427303314209,-2,-6,4,6,-1,4,13,4,13,23,-10,-6,7,14,sorry
4.15427303314209,0,-8,-8,-14,-16,-3,-1,0,11,3,-22,-11,-4,8,sorry
4.15427303314209,-7,-11,-9,-25,-20,-18,-23,-2,-4,-27,-12,-1,-6,-4,sorry
4.1712846755981445,-12,-10,-7,-21,-16,-25,-32,-7,-20,-33,0,4,-7,-16,sorry
4.1712846755981445,-7,0,-6,-13,-3,-10,-14,-4,-23,-25,0,-4,-15,-14,sorry
5.432596683502197,2,-7,-3,-16,-12,3,27,-1,26,29,0,10,11,14,sorry
5.432596683502197,13,-5,0,-20,-15,-10,0,-2,19,17,11,16,24,11,sorry
5.447641134262085,10,-1,1,-10,-17,-18,-19,0,4,-2,5,14,16,4,sorry
5.447641134262085,7,7,-3,0,-7,-11,-13,-1,1,-11,4,13,2,-4,sorry
5.462622404098511,3,11,4,1,0,-7,-16,-2,-13,-21,7,9,-7,-12,sorry
5.462622404098511,0,3,-1,2,-2,-9,-25,-2,-35,-29,2,-4,-17,-15,sorry
5.477668762207031,-2,1,4,13,0,-1,-17,0,-30,-27,-7,-13,-25,-16,sorry
5.477668762207031,-8,5,6,16,5,2,-7,2,-16,-10,-15,-16,-18,-14,sorry
5.494341611862183,-12,-2,-8,11,3,1,0,2,-13,12,-16,-15,0,-5,sorry
5.494341611862183,-8,-8,2,16,7,14,15,2,-9,14,-7,-8,5,5,sorry
5.509246826171875,0,-3,1,18,15,18,27,-2,0,5,0,-3,5,14,sorry
5.509246826171875,10,-7,-1,-2,5,2,24,0,12,8,0,4,15,18,sorry
5.525272846221924,12,-11,0,-23,-5,-1,12,3,21,14,0,13,21,15,sorry
5.525272846221924,2,-1,-10,-21,-5,-7,-1,-5,13,8,0,10,11,8,sorry
5.542386770248413,7,14,2,-8,-1,-16,-10,-7,5,2,8,13,9,8,sorry
5.542386770248413,19,17,5,0,1,-9,-7,1,9,1,33,28,20,8,sorry
5.55748176574707,10,14,7,1,0,0,-8,1,2,-2,41,26,15,0,sorry
5.55748176574707,0,17,12,8,3,0,-6,0,-4,-7,15,6,2,-6,sorry
5.570903778076172,-2,12,0,16,9,0,0,1,4,0,-10,-11,-3,-3,sorry
5.586477994918823,-2,0,2,11,2,4,0,2,3,0,-17,-14,-20,-9,sorry
5.586477994918823,-9,-6,-3,6,0,13,-2,0,-6,-7,-15,-15,-36,-11,sorry
5.601541996002197,-14,-10,-9,9,7,16,-3,-3,-6,-8,-20,-25,-33,-1,sorry
5.601541996002197,-11,-15,-3,4,1,12,0,-1,9,7,-20,-24,-15,0,sorry
5.6170759201049805,-4,-17,-10,-6,-1,12,15,1,30,27,-3,-9,3,3,sorry
5.6170759201049805,0,-10,-3,-15,0,14,23,4,26,21,2,1,14,15,sorry
5.632564067840576,0,-1,-2,-17,-1,-1,11,1,10,2,0,7,19,15,sorry
5.632564067840576,0,0,-2,-17,-13,-20,-5,-2,4,-5,2,10,17,0,sorry
5.648637056350708,0,-2,5,-20,-16,-20,-21,-1,-7,-11,4,4,4,-13,sorry
5.648637056350708,1,3,-5,-20,-5,-17,-26,0,-32,-21,8,2,-3,-15,sorry
5.66397762298584,4,14,0,-4,0,-13,-18,0,-39,-23,14,12,0,-16,sorry
5.66397762298584,1,5,3,12,-2,-9,-16,0,-26,-16,4,5,-5,-16,sorry
5.679705858230591,-1,-6,0,4,0,-6,-11,5,-10,-4,-7,-12,-12,-9,sorry
5.679705858230591,-1,-5,7,-4,5,2,10,8,1,10,-1,-10,-1,0,sorry
5.695698022842407,-7,-5,-7,8,3,12,23,0,9,11,-7,-5,1,0,sorry
5.695698022842407,-16,-11,-5,18,1,13,15,-1,7,2,-25,-15,-12,0,sorry
5.710607528686523,-11,-9,1,7,-1,8,12,0,-3,5,-19,-17,-16,5,sorry
5.710607528686523,-1,-8,-3,-6,-10,2,13,-2,-8,6,-6,-2,-3,12,sorry
5.726681470870972,5,-2,4,-14,-9,6,11,-5,1,-1,0,16,11,15,sorry
5.726681470870972,14,7,7,0,3,3,7,-6,10,-2,15,26,17,12,sorry
5.742416858673096,13,16,10,12,7,-9,-11,-3,-6,-10,17,19,5,0,sorry
5.742416858673096,10,21,3,12,3,-11,-25,2,-13,-20,9,11,0,-5,sorry
5.757581949234009,18,21,0,13,7,-8,-14,1,3,-9,22,16,11,4,sorry
5.757581949234009,14,19,19,20,12,-7,-5,1,9,5,31,24,16,6,sorry
5.773619890213013,0,8,4,25,11,3,-3,4,3,11,9,3,4,0,sorry
5.773619890213013,-3,-3,-6,15,9,18,1,1,0,12,-13,-19,-10,-4,sorry
5.789435625076294,-8,-9,-7,0,7,19,10,-2,-2,9,-17,-21,-6,-1,sorry
5.789435625076294,-14,-13,-18,-5,-3,6,15,-1,3,12,-7,-18,9,10,sorry
5.804830312728882,-4,-12,-8,-9,-13,0,12,0,16,19,-2,-10,10,15,sorry
5.804830312728882,0,-10,-4,-15,-8,-2,13,-6,27,16,-5,-3,0,3,sorry
5.82075572013855,-7,-14,-4,-23,-7,-11,13,-5,29,-1,-18,-12,-9,-11,sorry
5.82075572013855,-1,-11,-2,-27,-8,-14,4,6,20,-10,-12,-12,-7,-12,sorry
5.836334705352783,17,10,0,-11,1,-3,-2,4,11,0,17,18,9,6,sorry
5.836334705352783,18,21,17,0,1,-3,-15,-6,0,1,26,34,14,6,sorry
5.851718425750732,-4,4,2,-11,-10,-13,-33,-9,-19,-19,2,8,-8,-19,sorry
5.851718425750732,-16,-4,-8,-21,-2,-5,-34,-1,-32,-27,-14,-11,-25,-25,sorry
5.867744207382202,-13,-2,0,-6,10,8,-16,7,-23,-7,-8,-6,-16,-5,sorry
5.867744207382202,-11,-3,0,8,7,7,-4,9,-11,0,0,-1,-5,0,sorry
5.883299350738525,-4,1,8,12,2,3,0,9,-12,-3,5,0,-3,-2,sorry
5.883299350738525,0,0,0,12,0,5,11,12,-12,3,2,-3,0,2,sorry
5.898458957672119,-10,-15,-6,10,0,11,19,17,-9,14,-9,-14,-2,0,sorry
5.898458957672119,-10,-14,1,7,0,19,25,20,0,12,-12,-15,-2,1,sorry
5.913939952850342,6,0,-6,8,0,7,26,6,9,8,-4,-6,6,14,sorry
5.913939952850342,11,3,0,5,-8,-9,13,-14,6,0,-3,4,11,11,sorry
5.92966628074646,-2,-2,-3,-1,-11,-7,-4,-21,0,-12,-5,7,7,-6,sorry
5.92966628074646,0,-4,-6,-11,-4,-2,-11,-15,4,-9,-2,3,5,-5,sorry
5.94528079032898,25,7,10,-8,4,-11,-9,-14,12,2,9,10,9,8,sorry
5.94528079032898,32,21,9,4,2,-17,-16,-15,5,0,22,22,14,11,sorry
5.960384607315064,16,25,16,17,1,-5,-20,-7,-5,-8,21,25,13,8,sorry
5.960384607315064,5,14,10,22,10,5,-2,1,-1,2,19,11,4,5,sorry
5.975445508956909,-5,-5,-9,5,6,1,4,1,-3,2,11,-7,-11,-11,sil
5.990655183792114,-19,-11,-2,-9,-3,5,-3,-2,-19,-17,-12,-12,-23,-24,sil
5.990655183792114,-17,-1,-2,1,0,15,7,-1,-13,-11,-27,-17,-20,-9,sil
5.990655183792114,-15,-3,-6,4,6,17,26,4,0,2,-31,-30,-15,0,sil
6.006684541702271,-21,-16,-14,-10,9,12,27,7,7,6,-28,-25,-7,0,sil
6.006684541702271,-11,-13,-11,-13,9,5,19,8,35,28,-6,-2,7,16,sil
6.032602787017822,11,-1,6,-18,-4,-4,7,12,57,37,11,10,18,21,sil
6.032602787017822,14,-1,0,-21,-17,-25,-15,5,30,3,11,9,17,3,sil
6.032602787017822,8,0,0,-8,-12,-41,-40,-5,-6,-19,18,16,5,-4,sil
6.056645154953003,13,15,9,5,-1,-28,-37,-7,-18,-11,29,28,0,0,sil
6.056645154953003,23,21,10,9,1,-3,-11,-2,-24,-11,19,25,0,1,sil
6.056645154953003,17,14,17,15,3,6,2,4,-19,-18,6,15,0,-3,sil
6.070211172103882,-1,0,3,16,7,11,4,8,-6,0,6,0,-1,-8,sil
6.070211172103882,-14,-10,-3,5,5,15,6,3,-16,4,-5,-18,-10,-11,sil
6.084229707717896,-15,-12,-8,0,0,13,4,-1,-25,-8,-23,-24,-18,-10,sil
6.09977388381958,-16,-8,-17,5,-1,4,-1,-4,-11,-5,-22,-20,-12,-6,sil
6.09977388381958,-23,-10,-4,-4,-7,8,3,-1,-1,8,-19,-17,-2,-5,sil
6.115288257598877,-28,-22,-13,-26,-15,14,15,3,5,8,-19,-19,0,-8,sil
6.115288257598877,-18,-21,-16,-31,-6,11,12,0,16,2,-12,-13,3,-10,sil
6.1313393115997314,2,0,2,-9,5,2,-3,-7,15,4,6,6,10,-4,sil
6.1313393115997314,21,21,11,7,6,-5,-9,1,3,3,32,28,20,11,sil
6.1313393115997314,20,25,22,15,6,-5,-5,14,-1,2,33,29,16,23,sil
6.149595499038696,9,15,8,25,9,0,5,7,4,11,6,4,3,14,sil
6.149595499038696,8,0,0,15,3,3,20,-3,12,19,-14,-9,0,3,sil
6.16412091255188,11,-7,3,-8,-3,0,20,-3,13,6,-16,-4,0,5,sil
6.16412091255188,4,-3,-7,-11,-2,-13,2,-2,8,-10,-13,0,-2,3,sil
6.180563449859619,-2,1,-2,-6,0,-16,-14,-3,-4,-17,-5,3,-11,-9,sil
6.193631410598755,-2,1,0,-1,0,-8,-19,-9,-18,-18,9,4,-11,-8,sil
6.193631410598755,8,7,8,20,-1,-1,-14,-8,-21,-7,20,6,-6,7,sil
6.209193229675293,25,18,20,42,1,11,0,-1,-11,12,18,11,-1,19,sil
6.209193229675293,22,7,2,33,7,9,9,-4,0,17,7,6,8,21,sil
6.2252161502838135,5,-7,0,0,0,-3,6,-1,18,13,2,5,22,16,sil
6.2252161502838135,-3,-7,-6,-18,-7,0,1,7,35,11,7,4,21,1,sil
6.240326404571533,-12,-6,-10,-27,-6,0,-7,7,14,-15,0,-5,-3,-19,sil
6.240326404571533,-21,-7,-1,-31,-3,-10,-14,4,-15,-36,-7,-11,-17,-27,sil
6.256358861923218,-19,-10,-10,-23,0,-3,-4,5,-11,-19,-7,-15,-7,-16,sil
6.256358861923218,-17,-10,-6,-6,3,17,3,0,-6,-8,-25,-29,-12,-12,sil
6.2722344398498535,-16,-6,-7,8,4,17,8,-7,-14,-2,-30,-27,-16,-11,sil
6.2722344398498535,-6,-5,-7,4,0,-2,7,-5,-6,8,-9,-1,-3,2,sil
6.287330865859985,-2,-8,2,-19,-7,-12,-7,1,2,-3,0,14,2,1,sil
6.287330865859985,-5,0,-11,-22,-12,-16,-19,2,-5,-18,0,6,-2,-15,sil
6.30245304107666,-1,12,-3,3,-5,-16,-11,2,-21,-14,5,0,-13,-18,sil
6.30245304107666,-2,10,6,18,2,-1,2,3,-18,0,6,-2,-15,-7,sil
6.318576335906982,-12,0,-2,9,6,16,14,-1,0,20,-3,-13,-3,0,sil
6.318576335906982,-11,-4,-1,0,2,15,18,-3,10,30,-14,-16,1,2,sil
6.334211349487305,0,-6,-4,-9,-3,0,3,0,12,24,-2,1,3,7,sil
6.334211349487305,15,-3,8,-12,-4,-5,-5,1,18,22,23,29,23,21,sil
6.349374771118164,30,13,18,6,3,0,1,4,22,21,36,43,41,29,sil
6.349374771118164,28,23,10,18,8,-3,-2,6,9,0,27,31,21,15,sil
6.3644304275512695,11,14,15,6,3,-2,-9,3,-7,-21,6,11,-8,-7,sil
6.3644304275512695,10,10,12,13,8,12,14,-1,-2,-13,-1,0,-12,-3,sil
6.379777908325195,20,14,15,27,19,26,28,0,11,6,0,0,0,15,sil
6.379777908325195,5,-1,4,11,11,16,14,0,6,11,-9,-9,4,14,sil
6.395298004150391,-11,-26,-15,-7,-8,-5,1,-6,-10,-1,-29,-26,-1,3,sil
6.395298004150391,-2,-14,-2,-1,-13,-12,-1,-2,-4,-12,-19,-13,-1,4,sil
6.411395311355591,7,7,0,5,-7,-16,-10,0,16,-8,8,10,13,8,sil
6.411395311355591,6,3,-4,-3,-4,-20,-22,0,8,-10,10,11,14,-2,sil
6.426597356796265,-2,-4,-7,-5,2,-2,-20,-1,-15,-21,-4,-6,-4,-20,sil
6.426597356796265,-19,-6,-13,6,8,9,-4,0,-14,-9,-9,-17,-18,-22,sil
6.442645072937012,-22,-10,-2,5,0,4,7,0,-1,14,-5,-13,-24,-11,sil
6.442645072937012,-15,-11,-8,-4,-2,0,7,0,7,19,0,-11,-16,-8,sil
6.458686828613281,-12,-4,-15,-13,-5,0,-5,-1,8,1,0,-13,0,-9,sil
6.458686828613281,-8,-1,-8,-23,-16,-8,-17,-2,-5,-13,-1,-1,6,-5,sil
6.474637269973755,0,5,-7,-14,-13,-15,-15,-4,-15,-12,1,10,1,-2,sil
6.474637269973755,2,15,8,12,2,-2,-6,-3,-12,-5,11,3,0,-7,sil
6.490635395050049,-4,8,7,21,12,12,7,3,-15,0,9,-5,-3,-7,sil
6.490635395050049,-4,-4,2,6,6,21,23,4,-14,12,-3,0,-6,5,sil
6.506242752075195,0,-7,5,-7,-1,18,21,1,1,17,-11,9,-1,17,sil
6.506242752075195,0,-12,-5,-19,-3,0,8,0,7,-1,-13,1,-2,10,sil
6.5214667320251465,0,-13,-1,-31,-4,-15,0,0,4,-17,-13,0,-3,-3,sil
6.5214667320251465,5,-4,1,-21,-8,-12,-6,-4,6,-4,2,10,10,-4,sil
6.537062406539917,12,8,4,-4,-2,-8,-12,-2,2,-1,24,17,15,0,sil
6.537062406539917,10,15,8,-2,11,-12,-8,2,-7,-10,25,9,3,-1,sil
6.55226731300354,3,10,-3,0,11,-12,-6,2,-4,-2,18,2,0,-1,sil
6.55226731300354,2,9,10,20,7,6,0,8,9,14,16,7,9,9,sil
6.567792177200317,8,10,13,31,14,27,17,11,24,25,15,2,15,21,sil
6.567792177200317,1,-1,-2,13,11,16,15,1,14,21,2,-11,8,16,sil
6.583410024642944,-11,-15,-4,-3,-3,8,6,-2,1,12,-14,-16,-1,1,sil
6.583410024642944,-3,-10,-9,-2,-7,12,12,-2,18,14,-12,-4,4,8,sil
6.598582983016968,9,-2,0,-4,-11,-1,3,-2,23,6,0,5,14,14,sil
6.598582983016968,0,-7,-3,-17,-23,-22,-20,0,-4,-19,-15,-3,-4,-6,sil
6.614417791366577,-7,-5,-12,-20,-18,-19,-22,-2,-20,-32,-39,-11,-30,-23,sil
6.614417791366577,0,13,7,1,5,0,-7,-4,-24,-28,-27,3,-27,-17,sil
6.630738973617554,8,24,6,29,16,3,-1,-2,-33,-20,-4,8,-18,-13,sil
6.630738973617554,5,15,6,29,12,-3,-2,0,-33,-20,-13,-6,-25,-16,sil
6.646333932876587,-1,5,7,22,14,2,3,2,-14,-16,-17,-9,-19,-8,sil
6.646333932876587,-6,0,-2,28,9,14,14,2,9,15,2,-3,6,4,sil
6.661853551864624,-6,-7,1,20,-3,13,14,4,28,48,15,2,22,13,sil
6.661853551864624,-4,-12,-6,1,-3,3,1,0,30,38,12,1,19,12,sil
6.676594972610474,-5,-13,-8,-13,-5,-2,-11,-5,15,3,6,-2,9,5,sil
6.677594184875488,-11,-17,-10,-33,-18,-12,-18,-6,4,-11,5,-2,7,-4,sil
6.693678379058838,-9,-12,-13,-41,-15,-24,-19,-3,-1,-12,13,1,12,-11,sil
6.693678379058838,9,11,9,-16,0,-10,-10,2,-3,-11,21,12,11,-3,sil
6.708637714385986,24,25,10,10,5,3,2,0,-3,-2,28,18,7,1,sil
6.708637714385986,11,15,8,10,9,-3,3,-2,-15,0,24,9,8,0,sil
6.724030256271362,-4,6,7,10,14,3,5,2,-21,-1,12,-2,6,4,sil
6.724030256271362,-3,0,-3,17,13,22,14,5,0,0,-6,-9,-4,10,sil
6.739360094070435,-1,-11,0,0,2,18,15,4,17,5,-23,-11,-11,5,sil
6.75526237487793,-8,-15,-11,-25,-9,0,16,2,13,7,-22,-11,-9,1,sil
6.756262302398682,-9,-13,-12,-31,-13,-7,14,-1,0,0,-17,-8,-13,1,sil
6.756262302398682,2,-9,3,-24,-10,-9,3,-2,6,-4,-6,7,0,0,sil
6.772616624832153,12,-2,2,-14,-5,-7,-1,0,24,5,20,26,25,7,sil
6.772616624832153,3,4,8,0,-2,0,-3,1,8,5,26,20,12,2,sil
6.787051677703857,-9,2,0,10,1,-1,-16,-2,-20,-8,4,-2,-16,-12,sil
6.787051677703857,-6,2,-1,14,6,-3,-23,-4,-23,-13,-2,-4,-13,-9,sil
6.802387952804565,6,13,10,23,13,4,-9,0,-18,0,0,0,0,2,sil
6.802387952804565,6,9,0,31,10,6,7,0,-14,14,-9,-8,0,7,sil
6.819437026977539,-3,-12,-5,10,-1,6,11,4,0,16,-20,-8,-1,7,sil
6.819437026977539,-10,-22,-13,-16,-9,11,11,3,10,2,-26,-13,-5,0,sil
6.833846092224121,-4,-8,-15,-20,-10,0,0,-4,8,-9,-28,-24,-10,-9,sil
6.848604679107666,6,5,5,-6,-7,-10,-15,-4,1,-10,-9,-6,-7,-10,sil
6.848604679107666,13,14,6,5,1,-4,-14,0,-6,-9,17,17,1,-2,sil
6.863223075866699,11,24,10,9,7,-4,-9,0,-11,-19,21,18,5,-1,sil
6.863223075866699,0,20,7,6,6,-6,-8,0,-8,-18,6,2,-3,-11,sil
6.878669738769531,-13,0,-1,4,5,4,0,0,-13,-5,-11,-13,-16,-12,sil
6.878669738769531,-13,-11,1,1,4,16,10,0,-13,0,-19,-20,-15,-2,sil
6.89459490776062,-3,-7,-3,0,-3,6,12,-3,8,13,-10,-12,0,10,sil
6.89459490776062,2,-5,3,0,-4,-2,7,3,28,35,1,0,14,16,sil
6.911617040634155,-2,-10,-2,-4,0,-1,4,3,29,23,5,0,19,5,sil
6.911617040634155,-5,-8,-10,-20,-9,-4,1,-5,30,-6,6,0,12,0,sil
6.911617040634155,3,2,7,-25,-12,-5,0,0,29,-4,12,14,11,6,sil
6.927654266357422,9,4,2,-9,3,-5,0,7,14,11,26,27,19,5,sil
6.944772720336914,8,6,6,6,11,-4,1,3,0,7,36,21,14,1,sil
6.944772720336914,13,16,13,19,13,2,9,3,2,4,31,16,9,10,sil
6.944772720336914,11,10,4,26,21,14,19,3,2,10,17,16,12,12,sil
6.95873236656189,-6,-7,0,19,11,20,19,0,-14,5,0,1,0,0,sil
6.975266933441162,-19,-16,-16,8,-5,13,11,-2,-20,0,-14,-16,-10,-5,sil
6.975266933441162,-5,-11,-13,0,-10,0,-2,-5,-13,0,-15,-12,-9,-1,sil
6.975266933441162,7,-8,-1,-9,-13,-13,-15,-7,-10,3,-4,2,-1,2,sil
6.991376876831055,0,-9,-4,-17,-16,-25,-19,-2,-13,-8,-1,2,-1,-2,sil
6.991376876831055,-3,0,3,-14,-13,-22,-24,1,-19,-31,-10,0,-11,-16,sil
7.006455421447754,6,8,-1,-3,-15,-14,-32,-6,-20,-34,-7,0,-11,-21,sil
7.021032810211182,10,9,4,-1,-13,-13,-31,-6,-12,-22,7,10,-2,-8,sil
7.021032810211182,4,13,17,3,0,-7,-22,4,-11,-14,10,15,-1,-5,sil
7.039723873138428,0,12,3,26,12,4,-10,2,-16,-6,-11,-5,-15,-11,sil
7.039723873138428,-7,6,5,38,20,14,6,-3,-16,-2,-31,-25,-28,-10,sil
7.039723873138428,-7,7,0,32,19,16,16,-1,-12,-8,-29,-25,-25,-3,sil
7.053236246109009,-4,8,-3,30,16,17,15,3,0,-4,-24,-15,-14,1,sil
7.053236246109009,0,-1,0,18,11,18,28,3,21,15,-19,-6,-4,14,sil
7.06842827796936,1,-11,-11,-14,-1,10,41,2,33,27,-12,-6,5,24,sil
7.083914279937744,-2,-10,-7,-39,-8,3,23,5,29,24,-14,-14,9,13,sil
7.083914279937744,-7,-7,-10,-32,4,9,13,3,31,23,-12,-11,9,8,sil
7.099446773529053,5,-7,-6,-20,3,5,18,0,33,18,3,4,13,19,sil
7.099446773529053,14,-7,1,-27,-12,-11,4,0,21,3,12,10,16,12,sil
7.117445707321167,2,-12,-6,-41,-16,-20,-15,-1,12,-4,14,4,16,-2,sil
7.117445707321167,0,-5,8,-41,-12,-11,-17,0,1,-4,27,15,15,-5,sil
7.117445707321167,-1,1,4,-20,-6,-5,-17,1,-16,-7,29,15,5,-14,sil
7.13070011138916,-28,-11,-12,-8,0,0,-17,-4,-32,-12,10,-14,-12,-29,sil
7.146264314651489,-40,-20,-8,-16,0,13,-4,-3,-24,0,8,-23,-8,-23,sil
7.146264314651489,-11,-5,-9,-11,0,11,6,0,2,25,24,0,14,0,sil
7.161240339279175,7,0,2,0,-1,-5,1,0,19,33,22,12,24,13,sil
7.161240339279175,4,0,6,4,0,-9,-1,-3,18,13,16,14,21,11,sil
7.17673659324646,16,8,8,9,2,-12,-11,-4,0,-12,18,26,15,8,sil
7.17673659324646,29,21,19,19,0,-20,-21,0,-18,-21,18,33,4,4,sil
7.1926586627960205,23,28,8,32,4,-8,-7,1,-16,-11,25,23,0,3,sil
7.1926586627960205,25,37,21,55,27,13,9,4,0,-5,28,20,0,10,sil
7.207695007324219,27,36,27,71,33,13,4,3,-2,-7,9,14,0,14,sil
7.207695007324219,10,14,6,54,10,1,-7,-5,-22,-7,-12,-1,-7,3,sil
7.223649263381958,-7,-7,-2,27,-4,1,-6,-5,-30,-8,-24,-16,-20,-9,sil
7.223649263381958,-21,-21,-15,9,-6,6,5,0,-10,-7,-39,-29,-27,-11,sil
7.238539695739746,-28,-23,-15,-11,-15,10,10,0,6,-8,-62,-43,-34,-14,sil
7.238539695739746,-22,-19,-14,-25,-23,7,9,0,11,-6,-69,-41,-40,-15,sil
7.254634618759155,-5,-16,-12,-18,-16,-2,10,1,16,1,-48,-16,-21,0,sil
7.254634618759155,13,-1,6,-7,-6,-7,6,0,14,2,-15,15,9,14,sil
7.270524740219116,19,8,-3,-4,-3,-5,0,-2,4,-4,4,23,14,7,sorry
7.270524740219116,8,3,-4,-16,-2,-6,-4,2,-3,-14,5,11,0,-8,sorry
7.286658763885498,-2,0,2,-25,0,-8,-11,10,-4,-18,3,5,-1,-13,sorry
7.286658763885498,-5,3,-6,-13,3,-7,-2,3,-5,-10,9,4,0,-5,sorry
7.302563190460205,-10,0,-2,-5,5,2,12,0,-10,5,10,-1,0,-1,sorry
7.302563190460205,-20,-14,-6,-9,5,8,7,-1,-12,11,1,-12,3,0,sorry
7.318573474884033,-20,-21,-6,-16,0,6,0,0,-8,10,-8,-21,3,-1,sorry
7.318573474884033,-17,-17,-8,-18,-2,7,11,0,8,23,0,-21,5,-2,sorry
7.334536790847778,-10,-8,-14,-18,-1,4,6,-1,26,28,25,-4,18,4,sorry
7.334536790847778,9,2,14,-12,3,-3,-14,0,27,13,42,19,28,10,sorry
7.350733280181885,23,10,16,0,6,-11,-17,0,16,4,43,26,26,3,sorry
7.350733280181885,8,19,2,7,4,-13,-17,-3,0,2,34,11,14,-5,sorry
7.366082429885864,-1,23,9,11,8,0,-15,-3,-11,1,23,1,0,-6,sorry
7.366082429885864,6,14,13,24,18,16,9,1,-6,2,13,2,0,0,sorry
7.381608486175537,8,0,15,25,9,15,28,2,0,5,-1,-1,11,11,sorry
7.381608486175537,6,-6,-4,8,-6,2,17,-1,8,18,-8,-6,13,21,sorry
7.397225379943848,13,0,-5,0,-5,1,0,-4,26,29,-1,2,0,24,sorry
7.397225379943848,16,2,7,0,-3,-3,-4,0,19,4,0,13,-9,19,sorry
7.412653207778931,5,-3,-6,-10,-10,-17,-7,0,-13,-32,-10,10,-9,2,sorry
7.412653207778931,0,-4,-2,-17,-8,-15,-11,0,-35,-46,-19,1,-13,-13,sorry
7.428812503814697,-2,1,-1,-1,-1,-1,-18,-1,-33,-35,-23,-6,-20,-19,sorry
7.428812503814697,-8,1,-5,8,-1,2,-17,0,-25,-22,-30,-18,-29,-20,sorry
7.444674968719482,-15,-5,-1,6,-4,7,-2,2,-19,-15,-36,-24,-33,-20,sorry
7.444674968719482,-13,-7,-12,12,-1,15,9,0,-4,-4,-32,-24,-23,-12,sorry
7.460268020629883,-1,0,-3,12,2,16,14,0,24,13,-18,-6,-4,3,sorry
7.460268020629883,4,0,0,-3,-1,4,17,3,43,24,1,10,18,13,sorry
7.4754040241241455,4,-6,-8,-25,-10,-12,5,0,21,9,14,13,23,4,sorry
7.4754040241241455,3,0,0,-24,-1,-16,-8,0,-4,-13,20,14,9,-1,sorry
7.491249084472656,3,10,1,-1,12,-11,-6,0,-1,-9,27,15,9,2,sorry
7.491249084472656,0,8,12,16,8,-6,-6,0,0,11,25,13,13,-2,sorry
7.506321430206299,-8,-2,7,15,0,1,-1,2,-5,17,14,6,3,-12,sorry
7.506321430206299,-14,-6,-4,11,0,9,11,0,-11,2,2,0,-4,-11,sorry
7.522430419921875,-14,-1,5,13,-7,8,7,-3,-21,-6,-6,-9,-9,-6,sorry
7.522430419921875,-10,-4,-3,10,-8,0,3,0,-20,0,-10,-12,-11,1,sorry
7.538466930389404,-2,-9,1,3,2,1,17,3,3,11,-5,-4,1,10,sorry
7.538466930389404,6,-2,7,6,8,11,21,2,22,22,6,2,16,15,sorry
7.554369211196899,5,0,-3,4,4,6,3,-3,16,14,2,-3,8,11,sorry
7.554369211196899,-2,-5,-3,-18,0,-5,-13,-3,0,-9,-14,-8,-9,-1,sorry
7.569514036178589,0,-4,-14,-30,-7,-8,-20,0,-2,-15,-5,-5,-4,-5,sorry
7.569514036178589,17,7,-1,-21,-9,-9,-12,2,9,-1,13,9,16,7,sorry
7.584875822067261,24,14,17,-5,0,-9,-6,0,11,1,12,23,22,11,sorry
7.584875822067261,13,11,9,4,7,-7,-17,-4,-5,-9,7,12,3,-2,sorry
7.600641965866089,3,13,5,4,8,-1,-18,-1,-17,-14,13,0,-11,-11,sorry
7.600641965866089,0,9,0,2,8,2,-6,2,-15,-6,9,0,-7,-2,sorry
7.616260528564453,-1,-4,1,2,2,3,-13,3,-18,-6,-6,-5,-9,0,sorry
7.616260528564453,-5,-4,0,7,2,4,-7,0,-10,-8,-9,-8,-10,-1,sorry
7.631669998168945,0,7,-3,18,14,12,21,0,15,11,0,0,5,15,sorry
7.631669998168945,6,3,9,18,14,15,29,6,26,28,1,0,10,25,sorry
7.647197008132935,-8,-14,-9,1,1,9,15,-1,13,17,-12,-17,-5,5,sorry
7.647197008132935,-19,-15,-17,-5,-5,7,11,-8,8,12,-19,-23,-3,-6,sorry
7.662695407867432,-8,-7,-2,-1,-7,8,10,-1,12,19,-7,-11,10,0,sorry
7.662695407867432,-4,-8,-11,-9,-13,-1,8,2,8,3,-3,-4,2,-3,sorry
7.678734302520752,-7,-6,-6,-22,-12,-7,6,-1,6,-12,-10,0,-2,-12,sorry
7.678734302520752,3,0,-1,-17,-7,-3,7,-2,13,0,0,9,10,-10,sorry
7.694257020950317,5,-1,-1,-18,-15,-12,0,-2,1,-8,3,8,3,-9,sorry
7.694257020950317,-5,-5,-1,-26,-26,-24,-16,-3,-18,-31,-4,0,-14,-16,sorry
7.709648370742798,-1,0,-2,-7,-10,-20,-19,-2,-14,-17,2,4,-12,-11,sorry
7.709648370742798,8,9,13,12,8,-12,-20,2,-15,-9,15,17,-9,0,sorry
7.725266695022583,6,14,9,15,10,-4,-24,4,-28,-23,13,15,-8,-3,sorry
7.725266695022583,8,18,11,29,13,7,-11,3,-22,-9,10,7,0,0,sorry
7.740649700164795,8,16,22,38,19,15,5,1,-4,8,9,5,-2,9,sorry
7.740649700164795,-4,-2,-4,14,10,12,3,0,-1,2,0,-1,-11,4,sorry
7.7562737464904785,-8,-12,-2,1,2,16,8,1,-6,0,-17,-9,-12,-3,sorry
7.7562737464904785,-4,-2,4,13,5,17,23,0,-2,11,-21,-13,-8,4,sorry
7.771827459335327,-4,0,-7,6,4,9,21,-3,9,21,-6,-7,2,16,sorry
7.771827459335327,-1,-7,-8,-7,-2,9,13,0,22,24,0,0,13,11,sorry
7.788357734680176,-7,-14,-21,-9,-8,1,6,3,19,10,-8,-10,7,-4,sil
7.788357734680176,-13,-16,-12,-23,-7,-12,-10,0,6,-4,-12,-15,0,-7,sil
7.804260730743408,4,-4,0,-26,0,-8,-10,1,8,6,4,3,20,10,sil
7.804260730743408,21,11,0,-4,3,0,5,1,18,14,24,17,36,22,sil
7.820566654205322,9,6,4,1,-9,-13,-5,-1,8,-3,24,11,16,10,sil
7.820566654205322,-5,0,-4,-9,-16,-25,-30,-4,-10,-18,9,1,-1,-8,sil
7.834994792938232,-3,9,2,-8,-6,-16,-22,0,-16,-19,6,0,0,-17,sil
7.834994792938232,8,18,14,4,0,-2,-1,1,-3,-9,19,11,6,-4,sil
7.850566148757935,12,10,10,9,1,0,-3,1,0,1,15,14,0,5,sil
7.866173505783081,-2,0,5,2,8,1,0,2,-11,-5,-8,-3,-14,-7,sil
7.867171287536621,-16,-4,-8,-1,15,8,14,-2,-15,-8,-16,-22,-23,-20,sil
7.867171287536621,-8,-4,0,0,8,8,8,-5,-12,0,-14,-19,-19,-11,sil
7.882327556610107,0,-7,6,5,0,9,7,0,-9,4,-25,-9,-13,-1,sil
7.882327556610107,0,-8,1,9,1,18,31,1,6,11,-27,-4,-9,8,sil
7.896931648254394,8,1,15,8,3,26,34,0,22,25,-11,2,0,22,sil
7.913950443267822,8,2,4,7,2,12,14,3,19,20,-2,2,10,22,sil
7.913950443267822,0,-6,-6,4,-3,-4,0,3,12,1,0,0,8,4,sil
7.913950443267822,4,0,0,0,-8,-4,-12,-2,12,-2,13,11,7,-2,sil
7.9292073249816895,10,7,-2,1,-6,-8,-18,-3,3,-1,23,17,16,1,sil
7.9292073249816895,6,4,2,-1,-4,-20,-20,1,-6,-11,16,10,14,-2,sil
7.945749044418335,1,1,-10,-6,0,-19,-22,-3,-5,-12,18,10,3,-6,sil
7.945749044418335,0,5,-5,-2,10,-7,-26,-5,-4,-1,24,16,0,-3,sil
7.960790634155273,-10,0,3,-1,5,-3,-17,4,-9,-2,5,-1,0,-12,sil
7.9617908000946045,-21,-13,-12,-10,-14,-2,3,2,-10,-4,-19,-22,-13,-13,sil
7.977363586425781,-18,-17,-8,-11,-12,11,17,-1,-9,0,-25,-19,-19,-2,sil
7.977363586425781,-13,-11,-12,-1,5,20,13,0,-7,2,-20,-18,-7,0,sil
7.991654396057129,-4,-3,-11,0,5,3,3,-1,2,0,-14,-14,0,4,sil
7.991654396057129,7,1,6,0,-6,-9,4,-1,14,7,-3,7,2,11,sil
8.00728440284729,0,-1,0,-8,-7,-8,-1,0,9,1,-1,5,-3,0,sil
8.00728440284729,-14,-4,-2,-18,-4,-4,-8,-4,-9,-21,-13,-15,-19,-23,sil
8.034430742263794,-4,6,-1,-6,-1,0,4,0,-7,-20,-2,-6,-13,-23,sil
8.034430742263794,12,19,5,10,-1,-3,10,10,-1,-3,18,16,4,-5,sil
8.034430742263794,10,15,21,9,0,-8,-9,7,-13,-2,18,15,2,0,sil
8.056504487991333,5,8,13,13,12,7,-9,0,-15,-5,9,5,-2,3,sil
8.056504487991333,11,14,9,28,23,25,16,1,0,3,5,2,2,18,sil
8.056504487991333,14,14,3,35,16,21,27,0,11,20,1,-3,11,20,sil
8.072508573532104,9,-2,3,21,2,11,15,-6,13,27,-3,-4,9,15,sil
8.072508573532104,5,-10,3,-6,-7,6,2,-4,5,11,-8,1,7,18,sil
8.086594581604004,4,-9,-13,-22,-9,-6,3,0,6,-2,-8,2,12,15,sil
8.102627038955688,6,-6,2,-8,0,-11,8,0,18,5,2,5,11,4,sil
8.102627038955688,6,-3,7,0,8,-6,1,0,10,10,12,9,5,4,sil
8.102627038955688,-1,-5,-8,-18,-4,-9,-16,-3,-11,-13,-1,2,-1,0,sil
8.118273735046387,-6,-9,-6,-32,-20,-15,-24,0,-16,-31,-15,-4,-12,-16,sil
8.118273735046387,-2,-6,-7,-16,-9,-15,-20,0,-7,-17,0,-1,-6,-17,sil
8.133908987045288,-3,3,3,-7,3,-7,-20,-2,-6,-3,17,1,11,-7,sil
8.133908987045288,-10,6,1,-5,-1,-4,-19,0,-8,-2,11,2,6,-12,sil
8.148438453674316,-15,1,-12,8,-4,-8,-13,6,-10,-1,0,-4,-13,-16,sil
8.164527177810669,-19,-3,-6,21,3,7,-4,7,-9,3,-12,-16,-21,-11,sil
8.164527177810669,-22,-13,-14,11,6,24,9,-1,10,16,-12,-18,-6,-1,sil
8.182480573654175,-10,-8,-3,0,1,11,21,0,35,28,0,0,13,11,sil
8.182480573654175,7,4,9,1,0,-2,19,5,37,27,14,21,22,17,sil
8.18347954750061,15,5,0,-2,-1,-4,6,3,16,12,18,20,18,10,sil
8.196978330612183,8,9,11,-9,-6,-12,-10,0,-4,-11,15,15,7,2,sil
8.21270489692688,4,22,8,8,0,-12,-12,-3,-15,-18,6,8,-4,0,sil
8.21270489692688,14,23,8,24,9,7,4,-5,-22,-5,5,4,-10,5,sil
8.227276802062988,8,6,11,16,10,17,17,-1,-21,-4,4,-3,-8,0,sil
8.227276802062988,-13,-14,-5,4,4,10,18,0,-5,-5,-14,-25,-12,-7,sil
8.245551347732544,-10,-20,-5,0,4,16,23,2,14,14,-24,-25,-10,2,sil
8.245551347732544,9,-10,-4,0,3,19,24,6,21,26,-9,-8,1,15,sil
8.245551347732544,4,-6,-6,-4,-2,2,13,0,13,9,-12,-16,-2,0,sil
8.257686614990234,-4,-8,-8,-24,-6,-6,2,-9,8,-8,-27,-20,-11,-13,sil
8.273285627365112,8,-4,-8,-31,-9,-12,-9,-9,-2,-22,-21,1,-8,-7,sil
8.273285627365112,19,4,9,-11,-10,-20,-26,-1,-26,-33,-6,20,-11,-6,sil
8.28857707977295,10,8,1,0,-3,-16,-26,0,-29,-28,6,18,-9,-14,sil
8.28857707977295,-5,4,-4,-6,3,-8,-21,-3,-20,-24,10,7,0,-14,sil
8.304359197616577,-11,4,8,1,3,-9,-26,-3,-21,-25,1,0,-1,-11,sil
8.304359197616577,-1,5,5,21,5,-3,-15,0,-15,-5,3,4,3,-1,sil
8.319464206695557,4,8,8,32,10,11,6,5,0,12,14,9,14,8,sil
8.319464206695557,0,7,0,27,10,18,18,7,12,16,16,0,16,13,sil
8.335530042648315,0,1,-6,12,2,11,18,6,27,28,10,-3,18,21,sil
8.335530042648315,1,-5,1,5,0,7,18,4,33,50,6,5,21,24,sil
8.350382566452026,-9,-7,-10,7,-1,3,12,-4,16,39,2,-1,9,10,sil
8.350382566452026,-18,-14,-8,-15,-12,-2,-7,-9,-2,-2,-9,-17,-9,-6,sil
8.36594033241272,-20,-21,-11,-41,-20,-11,-17,-4,0,-19,-11,-14,-9,-10,sil
8.36594033241272,-7,-7,-6,-28,-14,-16,-6,1,9,-2,6,8,9,-3,sil
8.381272077560425,11,7,17,-7,-10,-12,-1,4,12,1,24,26,21,0,sil
8.381272077560425,9,2,9,-14,-9,-6,-10,5,6,-12,20,19,6,0,sil
8.396339654922485,0,4,8,-16,2,-4,-11,3,-10,-19,0,8,-13,-4,sil
8.396339654922485,5,20,10,10,16,1,4,0,-25,-17,-13,0,-17,-10,sil
8.412058115005493,3,14,1,22,15,10,11,0,-25,-13,-13,-12,-20,-10,sil
8.412058115005493,-7,-3,2,9,12,18,6,0,-14,-5,-9,-17,-21,-4,sil
8.42774248123169,-1,-2,-6,12,14,20,11,0,2,13,-11,-12,-8,3,sil
8.42774248123169,9,3,0,21,11,14,14,0,9,21,-15,-13,0,9,sil
8.44327712059021,0,-6,-2,3,0,5,4,-3,4,11,-8,-17,-2,0,sil
8.44327712059021,-18,-22,-22,-25,-14,-2,-5,-7,4,5,0,-14,0,-12,sil
8.459337949752808,-10,-18,-10,-29,-13,-7,-3,0,15,11,1,2,4,0,sil
8.459337949752808,12,0,0,-1,-1,-17,0,3,19,8,15,20,17,17,sil
8.475461483001709,19,10,7,5,-2,-26,-7,0,0,-11,25,21,21,8,sil
8.475461483001709,11,14,8,1,-4,-13,-10,0,-15,-20,18,14,10,0,sil
8.490666627883911,14,19,4,23,13,4,5,4,-6,-7,3,7,1,16,sil
8.490666627883911,9,12,9,28,12,8,7,2,-8,-7,-9,0,-5,7,sil
8.506683826446533,-9,-10,-8,1,-5,9,0,-3,-19,-15,-17,-14,-12,-13,sil
8.506683826446533,-6,-10,-3,2,-1,15,14,1,-2,1,-17,-12,-6,-1,sil
8.52220368385315,8,7,11,17,9,14,26,8,24,29,-8,0,5,16,sil
8.52220368385315,7,2,-1,0,1,2,1,1,23,26,3,7,10,2,sil
8.538734436035156,1,-6,1,-21,-6,-7,-25,-2,11,1,13,15,11,-15,sil
8.538734436035156,-1,0,1,-16,-5,-16,-28,-3,4,-8,17,13,9,-14,sil
8.554298400878906,-9,4,2,-5,-3,-17,-22,-6,-10,-10,7,0,-7,-10,sil
8.554298400878906,-12,-1,7,1,0,-4,-6,-4,-19,-17,-2,-7,-22,-12,sil
8.56936240196228,-11,-4,-1,5,4,4,17,0,-3,-5,-5,-5,-11,-5,sil
8.56936240196228,-11,-5,0,4,1,8,23,0,10,20,-8,-7,6,8,sil
8.584253549575806,-5,-11,-10,-2,-7,3,6,-1,5,17,-12,-8,5,14,sil
8.584253549575806,2,-8,-12,-12,-15,-12,-17,-3,-6,-12,-12,-2,-8,0,sil
8.60030484199524,7,7,0,-14,-14,-18,-21,0,-7,-25,-3,6,-5,-14,sil
8.60030484199524,8,11,-1,-6,-7,-4,-13,2,-4,-16,6,7,3,-8,sil
8.615386962890625,0,3,3,-2,3,8,-11,3,-15,-18,-2,-4,-8,0,sil
8.615386962890625,-12,0,-7,3,15,15,4,0,-14,-16,-19,-20,-19,-7,sil
8.631201267242432,-10,-2,-5,12,11,20,23,-1,0,6,-15,-20,-7,-11,sil
8.631201267242432,-2,-8,8,8,0,16,17,2,-1,24,2,-3,9,7,sil
8.647279977798462,-1,-11,-9,-6,0,1,5,-2,-7,17,13,3,20,24,sil
8.647279977798462,3,-4,-3,-18,-2,-4,0,0,1,0,7,3,15,15,sil
8.663414001464844,7,0,4,-17,-7,-13,-11,5,8,-6,4,5,4,0,sil
8.678702592849731,1,4,0,-9,-1,-22,-21,3,0,-3,16,13,-2,2,sil
8.678702592849731,2,12,11,8,7,-5,-10,0,0,4,21,16,-2,1,sil
8.678702592849731,4,10,10,23,13,16,8,-2,-1,5,4,2,-4,-4,sil
8.693230867385864,-2,2,12,22,15,23,23,0,-9,3,-2,-3,-12,-3,sil
8.694231033325195,-1,1,1,20,7,20,36,5,4,22,11,2,-7,9,sil
8.710341215133667,6,0,-3,14,-6,7,34,6,35,36,11,8,4,17,sil
8.710341215133667,9,-3,8,-1,-7,-6,7,4,34,21,0,8,0,12,sil
8.725377321243286,10,0,-4,-4,2,-12,-12,0,23,9,1,7,2,5,sil
8.740549087524414,13,0,-6,0,0,-16,-8,0,28,10,6,4,9,1,sil
8.740549087524414,10,0,-2,-2,-4,-11,0,0,23,4,4,0,-9,-4,sil
8.740549087524414,0,1,-6,-11,-1,-4,-14,-6,-7,-16,-4,-4,2,-14,sil
8.756581544876099,-9,0,-1,-19,-10,-14,-32,-7,-36,-42,-22,-6,60,-28,sil
8.756581544876099,-9,-2,-4,-12,-18,-24,-28,-3,-31,-47,-21,-1,53,-28,sil
8.77026891708374,-1,3,4,0,-4,-7,-8,0,-21,-31,-4,1,-11,-10,sil
8.785497188568115,-5,3,5,5,12,13,6,0,-18,-12,-3,-5,-23,3,sil
8.785497188568115,-13,-3,-6,10,12,13,5,-3,-7,0,-15,-15,-4,2,sil
8.801574230194092,-9,0,1,13,7,9,0,0,-1,6,-9,-8,-10,0,sil
8.801574230194092,-5,0,-4,7,8,15,3,2,-11,4,-1,-10,-25,0,sil
8.817199230194092,-3,-2,2,-1,7,16,7,0,-10,3,-7,-12,-37,3,sil
8.817199230194092,2,0,7,1,0,8,9,-3,5,14,-2,2,-31,15,sil
8.832658767700195,0,-5,-13,0,-10,-3,5,-6,1,6,0,1,-14,14,sil
8.832658767700195,-12,-18,-11,-19,-23,-8,-4,0,-9,-11,-13,-21,-11,-5,sil
8.848840713500977,-13,-11,-5,-19,-18,-5,1,6,3,0,-4,-12,0,-6,sil
8.848840713500977,0,2,4,0,0,-4,12,3,22,18,14,11,19,9,sil
8.864388942718506,10,3,8,-5,5,-6,3,-1,15,8,14,13,23,3,sil
8.864388942718506,12,0,-4,-19,0,-4,-8,0,3,1,18,15,20,0,sil
8.879579544067383,12,7,7,-7,-3,-2,-12,5,2,7,25,23,15,7,sil
8.879579544067383,9,9,6,7,0,-8,-16,1,0,5,16,16,5,-2,sil
8.894631385803223,7,9,3,10,3,-9,-22,-1,-5,-5,9,7,0,-14,sil
8.894631385803223,13,14,14,18,2,2,-11,0,0,-3,18,19,10,1,sil
8.910249710083008,15,10,13,24,2,12,12,0,3,10,18,20,19,18,sil
8.910249710083008,4,1,12,18,10,14,18,0,-14,2,-3,2,-3,6,sil
8.92538571357727,-6,-1,-2,16,12,14,12,0,-19,-8,-17,-13,-19,-7,sil
8.92538571357727,-8,-4,-6,12,2,16,20,1,-1,1,-12,-14,-6,-1,sil
8.940872430801392,-8,-8,0,4,2,19,24,4,4,12,-11,-8,0,10,sil
8.940872430801392,-4,-10,-10,1,7,9,12,-5,5,4,-18,-10,-5,12,sil
8.956486940383911,0,-11,-3,-8,0,-6,3,-6,15,-4,-20,-18,-10,4,sil
8.956486940383911,-8,-12,-13,-24,-7,-11,2,4,18,-6,-17,-24,-10,-4,sil
8.972414016723633,-17,-15,-23,-34,-10,-13,-10,1,8,-10,-16,-18,-4,-15,sil
8.972414016723633,-13,-15,-10,-36,-11,-20,-21,-11,1,-17,-14,-9,0,-23,sil
8.988433599472046,-12,-8,-10,-31,-6,-23,-20,-8,-6,-20,-9,-9,-7,-21,sil
8.988433599472046,-10,4,-1,-21,-7,-15,-22,0,-12,-12,5,1,-5,-14,sil
9.003898859024048,6,10,5,-9,-7,-5,-15,3,1,9,23,17,16,-7,sil
9.003898859024048,19,18,5,12,9,1,0,7,18,19,23,16,23,1,sil
9.019611120224,9,30,16,28,21,3,5,13,12,10,15,10,9,5,sil
9.019611120224,-1,21,5,20,13,0,2,5,-1,7,10,5,4,2,sil
9.55287265777588,-10,1,2,15,2,4,-8,-8,-29,-17,-12,-5,-20,-15,sil
9.55287265777588,-17,0,-1,8,0,2,-26,0,-33,-27,-10,-9,-23,-11,sil
9.5687415599823,-16,-2,-1,12,7,5,-27,7,-21,-17,-10,-11,-8,-5,sil
9.569254398345947,-3,-4,7,8,4,15,-3,3,-6,7,-5,-5,2,2,sil
9.58385682106018,3,-3,0,3,3,15,14,-3,-2,16,0,-1,0,12,sil
9.58385682106018,0,3,0,9,13,13,27,0,0,15,-1,-7,-3,13,sil
9.599651336669922,3,4,-4,7,6,16,38,8,10,25,1,-10,5,13,sil
9.599651336669922,14,-3,-4,-4,-10,8,32,5,12,29,6,0,15,18,sil
9.614633798599243,9,-8,8,-5,-9,0,15,0,13,11,-7,0,7,15,sil
9.633256196975708,0,-6,-4,-5,-1,0,1,0,23,-2,-19,-9,-1,1,sil
9.633256196975708,1,-3,1,-20,-5,-7,-11,2,16,-9,-11,-5,0,-9,sil
9.633256196975708,8,-4,3,-24,-3,-14,-9,0,-2,-15,-1,3,4,-6,sil
9.64528203010559,6,-8,-13,-19,-6,-12,1,-2,-1,-8,-4,3,0,-1,sil
9.66068172454834,-3,-8,-2,-25,-21,-13,-3,0,8,-2,-4,0,-3,-11,sil
9.66068172454834,-2,-2,0,-17,-11,-15,-16,0,11,-7,11,3,1,-13,sil
9.676210403442385,9,9,0,3,9,-9,-22,0,6,-7,24,10,7,0,sil
9.676210403442385,10,17,4,12,13,-1,-13,0,1,1,29,18,7,3,sil
9.691652059555054,5,21,0,17,16,4,6,0,-1,9,30,19,10,3,sil
9.691652059555054,3,21,7,23,21,9,17,4,0,9,17,11,7,13,sil
9.706665992736816,-5,3,0,21,11,11,15,0,-1,5,-3,-6,-3,8,sil
9.706665992736816,-8,-5,-3,18,2,13,15,-7,-14,1,-16,-16,-9,-4,sil
9.72256851196289,-6,-1,-5,12,0,11,18,-5,-16,5,-16,-12,-3,-2,sil
9.72256851196289,-17,-13,-12,-12,-13,0,6,-2,-7,4,-19,-17,-4,-3,sil
9.738511562347412,-21,-25,-1,-29,-22,-8,-7,-1,-7,-7,-24,-19,-10,-13,sil
9.738511562347412,-8,-12,-3,-13,-11,-11,-17,-1,0,-4,-15,-7,-1,-8,sil
9.753969430923462,2,2,3,-4,-5,-14,-29,0,10,4,5,12,11,6,sil
9.753969430923462,12,7,12,-7,-4,-10,-26,1,13,6,27,27,20,12,sil
9.769273281097412,10,9,6,8,8,5,-2,1,9,5,29,20,15,3,sil
9.769273281097412,-4,7,11,21,15,18,4,1,-7,-3,1,-3,-12,-15,sil
9.78529930114746,-9,2,-1,11,4,11,5,0,-17,-9,-21,-17,-30,-17,sil
9.78529930114746,1,1,-5,7,3,8,23,0,5,6,-12,-6,-11,7,sil
9.80049180984497,5,-1,5,15,14,16,29,1,25,19,2,3,7,19,sil
9.80049180984497,3,-5,-2,4,7,0,6,-3,12,6,4,3,5,11,sil
9.815872430801392,14,-5,3,-20,-14,-24,-15,-2,-2,-13,1,10,0,10,sil
9.815872430801392,19,-2,-1,-16,-21,-22,-21,1,-9,-17,2,17,3,9,sil
9.83056926727295,7,2,-2,0,-13,-16,-21,0,-20,-20,4,5,-1,-5,sil
9.83056926727295,-1,5,7,-5,-7,-13,-12,1,-19,-26,5,-3,-12,-9,sil
9.846659660339355,-4,-2,-7,-9,0,2,9,2,0,-13,0,-7,-8,-3,sil
9.846659660339355,-12,-7,-5,3,6,18,24,6,9,3,-21,-19,-7,-9,sil
9.862777471542358,-26,-7,-10,4,4,18,18,3,0,3,-29,-34,-19,-16,sil
9.862777471542358,-20,-8,-16,-8,4,13,3,-4,-4,0,-18,-27,-14,-9,sil
9.878315210342407,0,-3,0,-8,5,10,-3,-2,12,22,-4,-4,12,0,sil
9.878315210342407,5,0,-1,-12,-5,-1,-3,0,26,33,7,4,25,5,sil
9.89347791671753,2,0,-2,-22,-17,-17,-13,0,5,-2,10,3,8,-5,sil
9.89347791671753,9,8,1,-7,-4,-13,-19,-2,-14,-27,7,10,0,-12,sil
9.90948247909546,12,15,9,11,12,0,-9,-3,-7,-4,17,21,11,3,sil
9.90948247909546,5,12,21,15,10,1,-1,0,-5,8,24,21,16,11,sil
9.925053358078005,3,10,7,24,8,0,-1,0,-24,-1,12,13,6,5,sil
9.925053358078005,6,11,7,32,20,13,3,-4,-24,4,2,10,1,14,sil
9.940585374832152,0,2,2,18,21,17,15,0,0,21,2,2,5,18,sil
9.940585374832152,-7,-8,-10,2,3,4,14,4,5,25,-3,-8,0,5,sil
9.956631898880005,0,-6,2,0,-10,0,5,3,6,14,-5,-3,-3,3,sil
9.956631898880005,3,-5,-1,-2,-9,-5,8,0,27,-1,1,2,5,12,sil
9.972574234008787,-5,-14,-6,-20,-14,-15,5,0,30,-10,-7,-6,0,5,sil
9.972574234008787,-7,-11,-6,-28,-21,-14,0,0,9,-9,-16,-9,-12,-12,sil
9.987743854522703,9,3,-1,-14,-12,-10,-1,0,1,-14,4,6,-2,-15,sil
9.987743854522703,15,11,11,0,0,-3,0,4,-6,-19,19,19,4,-5,sil
10.003338098526,-2,5,0,6,5,0,0,1,-21,-11,1,1,-9,-8,sil
10.003338098526,-14,-2,1,10,8,5,4,-2,-18,-5,-14,-12,-21,-12,sil
10.019442081451416,-12,-6,2,9,6,16,10,-1,0,3,-8,-7,-7,1,sil
10.019442081451416,-10,-3,-14,6,0,12,9,0,7,11,-3,-10,4,10,sil
10.04276156425476,-5,2,-1,6,2,-1,-2,2,7,8,-6,-8,1,4,sil
10.04276156425476,4,0,3,4,7,-4,-14,0,16,8,-3,6,4,3,sil
10.04276156425476,13,-6,-2,-10,-7,-7,-20,-5,10,0,0,11,8,0,sil
10.051268815994264,12,0,-2,-14,-10,-16,-18,-1,-3,-19,4,0,3,-9,sil
10.065405368804932,6,4,-3,0,6,-14,-12,1,-1,-11,10,0,1,-8,sil
10.065405368804932,3,5,4,-2,5,-1,-9,1,2,6,10,0,0,-7,sil
10.081870555877686,0,2,-4,-7,-1,7,-3,0,-6,5,4,-12,-3,-6,sil
10.081870555877686,-7,0,-1,3,5,14,0,0,-13,-3,-3,-20,-9,-3,sil
10.097534894943236,-14,-2,5,10,6,16,0,-3,-18,-9,-12,-12,-17,-12,sil
10.097534894943236,-16,-5,-8,5,-1,9,2,-5,-17,-2,-17,-11,-16,-9,sil
10.111733675003052,-11,-16,-6,-6,-11,6,10,0,-6,12,-20,-9,-6,7,sil
10.126383066177368,-5,-23,-10,-26,-16,3,11,3,8,16,-7,4,7,13,sil
10.126383066177368,4,-8,-3,-29,-11,-9,3,0,16,12,14,20,21,16,sil
10.14430046081543,14,16,13,-6,0,-15,-5,-1,6,8,17,25,21,13,sil
10.14430046081543,7,22,4,14,5,-8,-5,0,-10,-6,6,9,3,1,sil
10.145299196243286,0,18,12,20,4,0,0,8,-13,-26,8,3,-6,0,sil
10.158497095108032,7,12,10,17,5,3,5,9,-7,-15,10,7,0,7,sil
10.158497095108032,6,-1,-3,6,4,10,12,0,-3,2,-6,-5,-5,3,sil
10.17548155784607,-5,-8,1,0,0,16,23,-3,12,7,-16,-17,-10,5,sil
10.19188642501831,0,-1,-3,4,0,5,24,-3,25,10,-7,-4,1,10,sil
10.19188642501831,13,0,2,3,1,-8,2,0,14,14,0,8,12,6,sil
10.19188642501831,15,4,7,0,4,-8,-11,0,11,12,16,16,20,5,sil
10.205729484558104,12,17,8,2,5,-6,-10,-2,14,3,30,27,21,2,sil
10.205729484558104,12,19,12,3,2,-11,-12,-1,-2,-10,18,19,6,-13,sil
10.220776796340942,2,0,-7,3,0,-6,-12,0,-15,-17,3,-3,-5,-24,sil
10.23767375946045,-11,-10,-5,2,4,9,-3,-3,-13,-11,-7,-16,-13,-19,sil
10.23767375946045,-20,-7,-2,3,6,9,0,0,-15,-5,-17,-22,-21,-14,sil
10.23767375946045,-20,-9,-12,7,0,0,3,1,-8,-1,-15,-24,-15,-11,sil
10.253653049468994,-18,-14,-4,2,-7,6,8,2,8,6,-15,-14,-3,-2,sil
10.253653049468994,-16,-17,-6,-14,-6,4,5,0,11,11,-17,-7,0,5,sil
10.26960802078247,-1,-15,-4,-29,-11,-10,-6,0,5,7,-2,1,4,12,sil
10.26960802078247,10,-9,-4,-19,-9,-10,-5,0,7,6,17,16,17,19,sil
10.282625198364258,5,-2,-6,-9,-2,-8,-4,0,2,-1,13,14,12,12,sil
10.298336744308472,-6,1,0,-22,-7,-15,-16,0,-14,-22,-4,0,-11,-16,sil
10.298336744308472,-5,5,-1,-20,-7,-8,-19,0,-17,-19,-5,-10,-20,-27,sil
10.31322956085205,11,14,14,16,13,7,-2,8,-6,0,8,-1,-2,0,sil
10.31322956085205,15,20,19,41,22,16,9,6,2,6,12,5,6,13,sil
10.328880071640016,-2,7,-8,25,7,14,11,-7,-1,4,-4,-8,-2,2,sil
10.328880071640016,-8,0,-5,13,0,17,13,-7,-4,12,-13,-11,-4,5,sil
10.344477891921995,0,3,0,23,1,15,16,4,7,25,-6,5,8,20,sil
10.344477891921995,3,0,3,15,-1,4,13,6,19,22,-6,10,14,20,sil
10.360547304153442,8,-1,0,-4,-8,1,11,-1,20,9,-4,1,10,14,sil
10.360547304153442,9,2,-10,-12,-8,-5,5,-6,12,-1,4,4,2,4,sil
10.37626600265503,4,-5,3,-23,-8,-23,-11,0,-1,-12,5,12,-8,-8,sil
10.37626600265503,6,-9,2,-28,-12,-28,-20,0,-9,-21,4,14,-9,-11,sil
10.39172649383545,16,6,3,-9,-4,-11,-15,-4,-10,-22,16,18,0,-8,sil
10.39172649383545,15,18,10,9,13,2,-5,-2,-10,-15,23,12,5,-10,sil
10.407323122024536,-2,6,-9,7,11,1,-1,-1,-10,-9,6,-9,0,-7,sil
10.407323122024536,-22,-7,-6,-4,-1,2,-7,-2,-19,-17,-14,-24,-16,-11,sil
10.422452449798584,-27,-13,0,-8,2,7,-8,0,-17,-12,-10,-23,-15,-20,sil
10.422452449798584,-17,-14,2,-3,6,6,4,2,-5,6,-2,-17,0,-14,sil
10.438305377960203,-9,-11,4,2,1,12,13,0,0,13,-11,-12,0,-3,sil
10.438305377960203,-11,-7,-3,4,3,19,14,-1,7,15,-14,-9,-2,2,sil
10.453946352005005,-9,-2,1,-7,0,12,11,0,19,26,-10,-4,3,8,sil
10.453946352005005,5,0,-1,-14,-6,-1,9,1,25,26,-5,0,10,12,sil
10.469759941101074,23,3,1,0,-2,-11,5,2,24,18,3,7,17,18,sil
10.469759941101074,20,9,11,3,2,-9,-8,-1,11,6,5,15,17,13,sil
10.4852774143219,0,4,-10,-15,0,-9,-21,-8,-12,-18,-6,6,-1,-6,sil
10.4852774143219,-2,0,-5,-15,-5,-18,-20,-4,-20,-34,-10,0,-16,-12,sil
10.500783681869509,10,6,13,11,-5,-20,-12,6,-5,-18,6,11,-3,0,sil
10.500783681869509,15,20,14,31,2,-4,-6,10,-1,-1,24,20,3,7,sil
10.51636290550232,0,17,2,28,10,12,4,0,-8,-5,19,4,-10,0,sil
10.51636290550232,-22,-3,-18,11,5,12,20,-7,-13,-5,-2,-20,-22,-9,sil
10.5314359664917,-21,-13,-7,11,0,15,25,1,-8,5,-15,-19,-14,-7,sil
10.5314359664917,-2,-3,1,25,4,19,14,8,-1,11,-2,0,2,6,sil
10.54681158065796,-2,-4,-4,8,0,6,0,1,7,9,4,3,5,14,sil
10.54681158065796,-8,-11,2,-13,-10,-1,-2,-2,20,11,-2,4,4,13,sil
10.562530279159546,7,-7,-2,-4,-5,-2,2,0,34,25,4,18,22,16,sil
10.562530279159546,26,0,6,-2,-2,-5,2,3,30,27,22,29,40,25,sil
10.578624963760376,19,-5,6,-19,-9,-8,-3,2,13,10,21,23,35,17,sil
10.578624963760376,3,-9,-7,-21,-8,-16,-16,-3,-8,-9,3,7,14,-3,sil
10.594370126724243,1,3,6,-8,0,-15,-20,-3,-22,-15,-1,0,-4,-17,sil
10.594370126724243,3,11,1,-1,0,-2,-9,-4,-12,-13,9,-2,-10,-22,sil
10.610413074493408,-2,2,-5,-15,-10,-8,-16,-9,-15,-30,6,-8,-14,-30,sil
10.610413074493408,-9,2,-3,-20,-13,-17,-21,-9,-40,-45,-3,-10,-18,-23,sil
10.6265127658844,-4,10,-3,2,2,3,1,-1,-36,-24,-1,-11,-19,-6,sil
10.6265127658844,-5,10,8,13,21,22,15,6,-10,0,-6,-19,-24,-7,sil
10.64165186882019,-14,0,0,6,21,12,8,3,-2,0,-22,-31,-24,-17,sil
10.64165186882019,-8,1,-4,8,13,12,15,-2,4,9,-22,-26,-7,-3,sil
10.657678604125977,3,8,-1,12,12,27,30,4,23,35,-10,-10,5,13,sil
10.657678604125977,0,0,-6,7,12,20,27,11,27,33,-13,-8,0,11,sil
10.673294305801392,-9,-16,3,-1,5,6,12,6,15,17,-30,-21,-9,2,sil
10.673294305801392,-6,-12,0,-8,0,2,6,0,10,11,-26,-16,-2,4,sil
10.688503503799438,2,-4,-8,-14,-1,1,8,-2,9,3,-5,6,5,14,sil
10.688503503799438,0,-11,-6,-18,-7,-3,1,-1,6,0,-1,9,4,15,sil
10.704282522201538,-3,-12,-6,-8,-12,-13,-13,0,6,5,-4,1,2,9,sil
10.704282522201538,1,1,10,4,-12,-20,-21,-3,15,1,10,14,12,3,sil
10.719454288482666,4,4,7,3,-16,-22,-16,-2,16,-10,28,31,20,3,sil
10.719454288482666,9,1,5,-1,-15,-21,-16,-1,-2,-15,26,32,13,6,sil
10.735854387283323,13,5,14,0,-5,-16,-22,-2,-21,-21,17,27,3,-2,sil
10.735854387283323,-3,1,-4,-3,-7,-16,-26,-11,-31,-28,14,15,0,-17,sil
10.749992370605469,-7,5,0,0,-11,-13,-30,-7,-37,-25,16,16,0,-14,sil
10.765669107437134,11,18,14,21,0,-2,-21,4,-22,-2,20,20,2,0,sil
10.765669107437134,12,15,7,29,5,2,0,8,-8,5,11,3,-7,0,sil
10.765669107437134,0,5,0,17,3,11,11,3,-5,0,5,-9,-13,-5,sil
10.781493425369264,4,3,-5,11,10,22,16,2,7,9,13,-5,6,6,sil
10.796937227249146,7,3,7,16,11,25,27,3,16,20,4,-1,13,18,sil
10.796937227249146,0,-2,3,18,14,24,39,3,11,18,-9,-10,0,10,sil
10.796937227249146,-5,-10,-8,-1,13,23,38,5,13,21,-14,-22,-3,2,sil
10.811326265335085,-8,-17,-9,-19,-6,11,26,3,17,18,-24,-23,-3,1,sorry
10.826811075210571,-7,-15,-16,-18,-11,-6,10,-5,14,9,-27,-14,-2,0,sorry
10.826811075210571,0,-4,-8,-19,3,-9,-2,-3,16,10,-13,-5,0,0,sorry
10.842632055282593,1,-2,-6,-27,0,-2,-8,3,21,7,-4,-5,1,0,sorry
10.842632055282593,-9,-12,-11,-27,-11,-10,-20,-1,8,-7,-8,-7,-3,-11,sorry
10.859601974487305,-15,-13,0,-25,-9,-18,-30,-9,-12,-23,-10,-6,-12,-26,sorry
10.859601974487305,-4,-1,-2,-11,0,-11,-16,-7,-12,-22,0,-2,-5,-16,sorry
10.877679109573364,6,8,4,1,3,-11,-3,1,-3,-8,11,8,9,-2,sorry
10.877679109573364,0,10,4,6,2,-9,-9,6,-5,-2,12,10,6,-3,sorry
10.877679109573364,-6,14,0,19,8,7,0,1,-9,-6,7,0,-4,-1,sorry
10.890603065490724,0,16,14,25,17,16,19,1,-12,-8,0,0,-4,-2,sorry
10.907138347625732,-3,2,1,18,12,4,12,1,-23,-12,-9,0,-8,-6,sorry
10.907138347625732,-1,5,2,27,7,6,1,0,-20,-15,-10,3,-18,8,sorry
10.907138347625732,14,17,16,36,10,17,10,1,2,6,5,8,0,26,sorry
10.923258066177368,12,0,0,7,-2,9,9,3,6,32,8,-1,16,16,sorry
10.924257516860962,-2,-18,-2,-22,-21,-4,-9,1,-1,20,-6,-10,0,4,sorry
10.937278985977173,5,-1,3,-13,-17,-7,-13,-2,4,-2,-1,4,2,12,sorry
10.9533212184906,23,8,8,-7,-10,-9,-14,-3,8,-3,15,24,24,17,sorry
10.9533212184906,14,-4,3,-24,-15,-21,-26,-1,-3,2,19,17,22,1,sorry
10.970699548721312,1,-5,-6,-26,-11,-24,-25,-5,-11,-11,13,6,8,-7,sorry
10.970699548721312,6,11,12,-6,2,-7,-7,-4,-7,-18,13,14,2,-2,sorry
10.987208604812622,7,14,11,14,10,2,5,0,4,0,12,11,-2,0,sorry
10.987208604812622,-3,1,-4,22,7,2,11,0,4,4,-2,-14,-15,-1,sorry
10.987208604812622,-17,-7,-13,6,0,13,22,-4,-7,-8,-23,-28,-29,-8,sorry
11.000608921051024,-27,-20,-24,-16,-4,20,31,1,5,7,-28,-29,-31,-15,sorry
11.017616033554075,-29,-28,-11,-19,-8,12,23,9,39,23,-29,-30,-19,-12,sorry
11.017616033554075,-24,-26,-13,-16,-7,0,6,3,44,11,-22,-19,-4,-9,sorry
11.034665584564207,-8,-14,-12,-21,-5,-13,-5,-3,16,1,-3,0,3,-10,sorry
11.034665584564207,4,2,3,-11,-4,-15,-9,-1,-2,-2,10,10,8,-8,sorry
11.034665584564207,3,15,2,6,3,2,-7,0,-8,-10,13,12,10,-4,sorry
11.051283121109009,3,15,11,19,17,13,-9,-2,-19,-9,15,16,8,-4,sorry
11.051283121109009,4,5,6,28,20,6,-9,-4,-28,-6,5,6,1,0,sorry
11.06548547744751,-4,-1,0,22,8,7,-5,1,-24,-8,-14,-8,-2,8,sorry
11.06548547744751,0,0,8,9,4,18,7,8,-2,14,-2,2,13,18,sorry
11.083553552627563,23,7,-1,12,7,7,24,6,26,39,24,18,32,29,sorry
11.097161769866943,34,20,7,16,4,-11,19,0,25,19,19,19,23,21,sorry
11.097161769866943,17,19,8,0,1,-14,-5,-4,-3,-3,7,15,8,-6,sorry
11.097161769866943,1,3,0,-23,-1,-17,-29,-5,-29,-17,8,9,-2,-22,sorry
11.11192536354065,3,1,7,-16,-6,-18,-32,0,-34,-35,3,3,-15,-18,sorry
11.112924575805664,10,14,2,21,0,2,-4,3,-15,-15,7,2,-10,-2,sorry
11.129516124725342,4,8,2,24,0,18,21,7,8,20,11,-2,0,14,sorry
11.13051986694336,-15,-12,-2,-9,-7,4,17,3,19,-4,-22,-21,-14,15,sorry
11.143636226654053,-26,-21,-16,-23,-14,-6,3,-5,13,-41,-45,-32,-26,1,sorry
11.143636226654053,-10,-15,-5,-19,-19,-1,0,-5,2,-13,-11,-16,-2,0,sorry
11.158742904663086,12,-1,1,-13,-19,-2,-5,-3,0,25,17,9,22,11,sorry
11.175357103347778,16,11,8,-2,-5,-11,-17,-5,0,18,11,19,14,5,sorry
11.175357103347778,3,6,5,7,6,-7,-13,1,-7,0,11,8,0,-5,sorry
11.175357103347778,-10,-9,-4,6,8,8,2,1,-6,1,7,-7,-2,0,sorry
11.191904544830322,-20,-13,-2,1,9,21,13,-6,-2,5,-21,-17,-10,-4,sorry
11.191904544830322,-19,-14,-12,0,8,16,17,-2,11,11,-27,-19,-8,-6,sorry
11.20478367805481,0,-12,-1,-14,0,4,17,10,34,22,1,-3,9,5,sorry
11.22040319442749,8,-3,3,-27,-1,-3,3,7,25,14,13,11,11,0,sorry
11.22040319442749,-9,1,-11,-15,2,-12,-16,-2,-14,-20,0,2,-9,-23,sorry
11.235612869262695,-15,3,2,5,5,-13,-19,0,-29,-33,-7,-5,-23,-26,sorry
11.235612869262695,0,10,6,15,6,-2,-4,3,-14,-4,0,-2,-14,-11,sorry
11.25125217437744,10,13,4,19,11,10,3,2,-4,8,3,1,-1,2,sorry
11.25125217437744,7,11,1,20,15,13,6,2,1,6,4,1,3,11,sorry
11.26734209060669,-4,0,-7,9,4,5,12,-1,5,8,-2,-5,0,6,sorry
11.26734209060669,-10,-6,2,-4,-9,0,16,-3,13,8,-9,-6,2,0,sorry
11.283206224441528,2,-4,-4,-6,-11,-6,6,-5,20,8,0,4,11,3,sorry
11.283206224441528,10,2,-3,-7,-10,-22,-19,-8,-3,-4,4,16,5,5,sorry
11.298846244812012,12,6,10,-5,-10,-25,-31,-4,-35,-35,0,19,-2,-2,sorry
11.298846244812012,24,8,4,9,0,-6,-18,0,-26,-29,13,17,5,0,sorry
11.31438446044922,17,10,12,20,2,8,-9,2,-4,5,21,13,11,11,sorry
11.31438446044922,-7,3,6,10,-8,12,2,3,11,16,5,2,2,10,sorry
11.32990574836731,-9,-10,-4,-1,-9,15,25,1,23,2,-12,-9,-6,2,sil
11.32990574836731,-2,-10,-3,-2,0,16,27,-1,18,3,-15,-12,-6,-1,sil
11.345545530319214,-12,-3,-11,-1,0,6,10,-2,9,20,-6,-10,4,0,sil
11.345545530319214,-14,-9,-7,-15,0,-3,2,2,12,22,0,-7,13,4,sil
11.36162805557251,-7,-15,-11,-24,-4,-10,2,1,13,5,7,-2,17,0,sil
11.36162805557251,0,0,-4,-13,-2,-9,-2,-2,5,-3,16,5,14,-4,sil
11.377740383148192,14,15,11,0,7,-1,-6,2,1,-1,17,12,5,-1,sil
11.377740383148192,11,1,0,-1,8,-3,-9,6,-1,-10,5,6,-5,1,sil
11.393297910690308,0,-6,5,-1,0,-8,-13,4,-21,-24,-2,0,-14,-4,sil
11.393297910690308,0,6,8,6,5,-1,-3,-2,-38,-20,-1,-7,-17,-10,sil
11.408376932144163,-1,8,-1,11,16,9,2,-5,-36,-9,-10,-15,-16,-6,sil
11.408376932144163,-5,0,8,19,16,13,-3,0,-23,-5,-16,-11,-8,0,sil
11.423571109771729,1,0,8,29,10,14,4,2,-1,6,-6,-3,3,8,sil
11.423571109771729,1,0,2,11,1,14,17,4,19,23,-4,-6,3,10,sil
11.439770936965942,-12,-12,-8,-7,-1,13,14,7,26,24,-18,-16,-10,0,sil
11.439770936965942,-8,-9,-11,-5,-4,5,7,1,19,15,-22,-13,-10,-2,sil
11.45523762702942,7,5,4,-4,-17,-3,4,-7,11,8,-11,2,0,1,sil
11.45523762702942,7,5,-6,-15,-22,-18,-7,-6,6,2,0,13,1,0,sil
11.471006393432615,4,0,0,-23,-11,-23,-15,0,7,0,15,22,9,-1,sil
11.471006393432615,14,9,12,-11,-2,-10,-3,0,15,4,36,33,27,7,sil
11.486944675445557,21,13,3,0,1,-7,0,-1,12,-2,43,26,20,11,sil
11.486944675445557,10,5,2,-1,3,-16,-12,0,-2,-17,21,8,-3,-1,sil
11.50170350074768,-8,0,-6,-1,3,-11,-19,-5,-11,-22,1,-2,-9,-11,sil
11.50170350074768,-14,2,-4,10,4,0,-13,-6,-19,-27,-9,-10,-9,-11,sil
11.51729941368103,-17,-3,-6,11,2,-1,-9,1,-30,-24,-22,-23,-17,-17,sil
11.51729941368103,-28,-16,-17,-3,-6,0,-7,1,-30,-14,-30,-30,-21,-22,sil
11.532482385635376,-26,-17,-4,-5,-6,15,4,0,-14,-7,-26,-19,-11,-8,sil
11.532482385635376,-7,-9,-5,6,2,16,25,0,5,6,-14,-9,4,9,sil
11.54924464225769,0,-11,-2,0,0,12,26,1,14,21,-10,-7,6,8,sil
11.54924464225769,-2,-16,4,-13,-5,15,13,1,20,16,-7,-4,1,1,sil
11.5647451877594,3,-5,-1,-10,-1,10,7,3,31,9,0,4,5,9,sil
11.5647451877594,18,14,12,0,2,0,-4,3,25,18,11,19,11,13,sil
11.580770254135132,23,17,14,4,5,-3,-16,1,9,17,24,27,16,6,sil
11.580770254135132,18,9,12,8,5,-12,-11,3,0,0,32,21,15,2,sil
11.596299648284912,14,15,13,12,3,-15,0,3,-11,-7,31,15,7,2,sil
11.596299648284912,10,19,1,21,8,-3,9,0,-23,1,19,8,0,5,sil
11.611697435379028,-3,7,4,22,12,9,15,1,-26,0,-6,-6,-6,5,sil
11.611697435379028,-14,-7,-9,9,7,9,11,-2,-14,-1,-20,-17,-11,0,sil
11.62731909751892,-7,-11,-17,-4,1,4,0,-9,2,13,-12,-17,-5,0,sil
11.62731909751892,-2,-4,-5,-8,1,1,-1,-6,13,21,-6,-11,5,7,sil
11.642669916152954,-3,0,-8,-4,0,-6,2,2,21,10,-4,0,8,3,sil
11.642669916152954,-1,-1,-1,-14,-10,-22,-8,4,17,-10,0,10,5,-8,sil
11.658883571624756,4,-1,4,-23,-10,-22,-21,-2,3,-23,7,11,4,-9,sil
11.658883571624756,15,9,12,1,1,-1,-10,-4,-6,-16,12,9,0,0,sil
11.673963069915771,21,14,17,35,8,15,4,0,-13,-5,8,13,-5,6,sil
11.673963069915771,4,-2,-6,22,0,11,2,-2,-18,-1,-6,-1,-8,2,sil
11.689625978469849,-15,-13,-4,-12,-7,5,1,-5,-8,3,-16,-17,-6,-2,sil
11.689625978469849,-16,-10,-5,-19,-11,4,8,0,10,8,-14,-18,2,-2,sil
11.704821825027466,-9,-11,-15,-19,-16,-3,0,1,8,-4,-13,-13,1,-2,sil
11.704821825027466,-9,-12,-7,-39,-15,-12,-16,2,-2,-18,-6,-6,-11,-16,sil
11.721449851989746,-6,-3,-8,-35,-6,-13,-11,4,-1,-15,3,1,-12,-23,sil
11.721449851989746,0,6,5,0,0,-1,-2,5,0,-8,4,4,-6,-10,sil
11.73649835586548,-1,4,10,19,0,8,0,4,-9,-2,-1,-2,-12,-4,sil
11.751681327819824,-12,-4,-5,9,4,11,2,2,-15,-3,-15,-10,-18,-6,sil
11.751681327819824,-11,-1,-1,7,9,17,8,1,-6,1,-21,-8,-10,2,sil
11.767759561538696,-2,2,-4,12,8,12,9,-5,8,16,-11,-7,0,12,sil
11.767759561538696,3,-1,0,6,0,-1,3,-8,11,15,-6,-4,3,8,sil
11.767759561538696,15,-1,6,4,0,-1,8,3,16,7,7,16,15,14,sil
11.78311538696289,24,9,9,8,5,-1,9,5,18,8,33,32,34,23,sil
11.78311538696289,20,22,16,10,8,-13,-6,0,0,6,34,27,29,9,sil
11.798759937286375,11,19,3,19,10,-13,-10,0,-9,5,27,19,13,0,sil
11.798759937286375,0,2,3,16,7,-5,-7,1,-2,1,26,11,4,1,sil
11.814522743225098,-16,-2,5,3,5,0,-10,-1,-9,-7,11,-7,-5,-6,sil
11.814522743225098,-20,-2,-7,5,12,10,3,0,-7,6,-7,-21,-11,-7,sil
11.829634666442873,-13,-15,-6,-3,2,11,21,2,11,25,-16,-19,-5,0,sil
11.845674753189089,-9,-24,-16,-29,-19,-2,16,-6,14,7,-22,-22,-6,0,sil
11.845674753189089,2,-6,-5,-27,-12,-9,7,-4,7,-13,-13,-8,-5,0,sil
11.845674753189089,21,10,8,-9,0,-6,2,3,12,-2,7,16,9,4,sil
11.862293004989624,22,7,0,-8,-7,-10,-11,-1,2,-1,10,18,11,1,sil
11.862293004989624,5,2,4,-9,-6,-12,-22,-3,-17,-22,-4,5,-5,-6,sil
11.878490209579468,-10,0,-2,0,2,-3,-15,0,-19,-24,-8,-4,-17,-17,sil
11.878490209579468,-12,-1,-7,10,3,7,0,0,-14,-9,-4,-11,-12,-16,sil
11.891969442367554,-4,6,4,25,10,19,12,3,-12,1,-5,-6,0,1,sil
11.908459186553957,1,5,-1,27,14,19,18,4,-7,8,-12,-1,4,16,sil
11.908459186553957,3,-3,-3,11,0,11,15,1,1,12,-18,-3,0,9,sil
11.92538046836853,-1,-7,-5,-1,-12,1,5,-1,10,8,-12,-2,0,2,sil
11.92538046836853,-2,-4,0,-11,-11,-8,-8,-3,10,-1,-3,2,0,4,sil
11.92538046836853,9,0,6,-14,-6,-11,-17,-2,6,-11,3,10,0,1,sil
11.941568613052368,15,3,-1,-4,0,-8,-17,-1,9,-12,12,14,-1,-6,sil
11.941568613052368,3,3,11,-8,-7,-12,-21,1,-9,-15,8,7,-13,-13,sil
11.9559485912323,-10,0,5,-14,-14,-14,-23,1,-28,-12,4,-2,-17,-12,sil
11.9559485912323,-11,0,-7,0,0,4,-8,-2,-14,0,7,-4,-3,-6,sil
11.971740007400513,-12,-3,1,14,12,20,13,-4,0,10,3,-9,0,0,sil
11.971740007400513,-14,-8,-5,7,3,11,22,-2,5,22,-3,-16,0,10,sil
11.987473487854004,0,-3,0,-3,3,12,16,2,25,32,4,-1,20,20,sil
11.987473487854004,9,0,5,-4,11,16,13,5,37,32,15,13,39,20,sil
12.003604173660278,2,-2,0,-10,1,-6,10,6,17,18,9,6,27,10,sil
12.003604173660278,2,-1,1,-14,-7,-18,0,5,0,-4,4,1,1,-2,sil
12.01870322227478,6,4,-7,-9,-1,-8,-7,-3,-4,-20,5,1,-6,-12,sil
12.01870322227478,1,9,4,-5,0,-7,-5,-3,-6,-23,0,0,-6,-14,sil
12.04427695274353,0,12,13,6,2,-4,4,8,-5,-16,-4,-4,-15,-10,sil
12.04427695274353,1,5,1,26,9,5,8,4,-10,-11,-14,-10,-22,-5,sil
12.04427695274353,-6,-1,0,26,9,8,1,-7,-19,-9,-25,-14,-21,-6,sil
12.066342115402222,-7,-1,-5,9,5,7,2,-1,-1,3,-14,-6,-14,0,sil
12.066342115402222,1,-7,-1,2,0,7,8,8,19,17,-3,0,0,9,sil
12.066342115402222,5,-14,-2,0,-7,-3,-1,0,10,11,-4,6,12,11,sil
12.080265045166016,10,-6,-3,-3,-6,-19,-13,-7,1,1,13,23,20,15,sil
12.09628438949585,14,2,4,-9,-2,-19,-12,0,3,0,34,33,25,9,sil
12.09628438949585,2,2,-6,-9,0,-9,-11,0,-5,-9,21,13,14,-10,sil
12.113319158554075,-3,9,-4,-1,5,0,-11,-2,-20,-17,0,0,-6,-13,sil
12.113319158554075,0,9,6,11,6,4,-7,-1,-21,-6,-5,-2,-14,-7,sil
12.113319158554075,-10,-7,-3,5,-3,5,-4,-2,-20,-1,-18,-19,-16,-15,sil
12.131343126296995,-22,-13,-8,-6,-6,17,10,-4,-7,-1,-29,-30,-15,-13,sil
12.131343126296995,-13,-7,-9,-7,-4,23,32,-1,16,13,-19,-17,0,4,sil
12.14575982093811,-4,-7,-4,-17,-9,1,10,0,14,13,-7,-7,0,5,sil
12.160675764083862,6,5,4,-13,-3,-14,-19,0,4,0,7,3,0,-1,sil
12.160675764083862,30,27,17,20,14,-1,-7,4,12,5,31,25,22,13,sil
12.17721176147461,27,25,26,31,16,11,8,6,8,15,31,22,22,23,sil
12.17721176147461,-2,0,0,8,-1,9,2,0,-4,4,5,-3,-3,10,sil
12.17721176147461,-12,-17,-10,-13,-15,0,5,-3,0,-4,-13,-12,-10,0,sil
12.19059944152832,-6,-18,-3,-27,-18,-11,2,0,3,-1,-8,-5,0,0,sil
12.208516597747805,-7,-3,-6,-23,-11,-18,-14,0,-5,-10,7,1,0,-5,sil
12.208516597747805,-7,11,3,-2,3,-4,-9,0,-20,-27,2,1,-14,-13,sil
12.208516597747805,-4,7,2,15,17,15,14,1,-11,-14,-11,-6,-19,-10,sil
12.223568201065063,-1,-7,-4,13,10,20,22,1,12,8,-12,-11,-4,3,sil
12.239367961883543,-2,-14,-6,-5,-4,0,6,-1,26,8,-7,-1,8,5,sil
12.239367961883543,-4,-8,-5,-13,-8,-17,-8,-3,20,-1,-1,7,10,0,sil
12.255852460861206,0,3,8,0,0,-14,-13,0,8,-1,8,19,7,-2,sil
12.255852460861206,10,10,6,12,11,-2,-10,5,-1,1,15,19,4,-1,sil
12.255852460861206,15,13,6,18,16,3,-4,7,-10,6,14,6,2,2,sil
12.269413948059082,8,2,5,20,2,10,2,-3,-12,10,1,-2,1,7,sil
12.287331104278564,-5,-15,-15,2,-11,2,-3,-12,-12,-1,-24,-13,-6,-2,sil
12.287331104278564,-6,-15,-10,-16,-8,-8,-10,-5,-6,-6,-31,-15,-5,-3,sil
12.287331104278564,5,-1,-1,-14,0,-6,2,0,0,9,1,-3,12,5,sil
12.30153226852417,10,1,0,-13,-4,-5,5,2,-1,8,21,1,12,0,sil
12.315884828567505,5,9,0,-9,-7,-13,-9,6,-7,-10,12,5,-1,-8,sil
12.315884828567505,1,15,1,3,6,-2,-11,6,-10,-13,10,7,-4,-3,sil
12.331600666046144,-9,5,6,5,11,12,-2,0,-16,-12,6,-5,-11,-8,sil
12.331600666046144,-21,-4,-3,1,1,4,1,-3,-16,-13,-5,-19,-20,-15,sil
12.347697496414185,-10,0,0,16,1,4,7,1,1,1,-11,-10,-11,-2,sil
12.347697496414185,2,3,8,23,14,23,21,9,27,24,-10,0,-2,10,sil
12.365628242492676,0,-6,0,7,12,24,31,5,42,32,-8,0,2,14,sil
12.365628242492676,0,-12,-1,-6,-7,8,20,2,31,21,-9,1,8,15,sil
12.365628242492676,8,-6,-6,-2,-14,-6,2,1,15,11,-8,2,8,8,sil
12.378335952758787,11,0,-1,-6,-9,-16,-6,-9,6,3,3,6,5,2,sil
12.393904209136965,5,1,5,-13,-11,-9,-6,-15,0,-7,17,16,12,2,sil
12.393904209136965,-1,0,-7,-9,-11,-2,-10,-7,-16,-24,13,9,7,0,sil
12.409689664840698,-6,0,0,-17,-6,-13,-25,-4,-31,-36,-2,-7,-14,-4,sil
12.409689664840698,-3,8,0,-14,2,-19,-23,-5,-26,-29,3,-3,-8,-8,sil
12.425642251968384,2,19,7,15,16,-6,-7,2,-17,-13,21,11,10,-2,sil
12.425642251968384,0,11,6,28,16,3,-4,8,-18,-2,13,6,1,2,sil
12.440658807754517,-3,-1,-10,13,7,5,-2,7,-7,9,0,-9,-8,-4,sil
12.440658807754517,-1,-3,5,5,6,18,12,8,11,23,0,-5,0,-5,sil
12.456262111663818,-7,-10,2,5,4,24,22,3,15,24,-7,-3,0,0,sil
12.456262111663818,-12,-23,-3,-7,-6,7,17,-1,10,10,-24,-12,-1,-1,sil
12.471252679824827,0,-15,4,-19,-14,-7,10,0,9,4,-18,-8,8,-1,sil
12.471252679824827,10,-2,-5,-16,-15,-11,1,-3,7,5,-1,2,13,7,sil
12.487273693084717,19,5,11,-8,-8,-11,-14,-6,3,1,3,17,8,12,sil
12.487273693084717,25,10,11,1,0,-13,-27,-1,7,1,13,25,14,7,sil
12.502439975738524,16,10,1,-3,-6,-23,-38,-3,-1,-6,24,24,8,1,sil
12.502439975738524,6,12,5,-15,-8,-19,-29,-8,-15,-25,10,14,-9,-2,sil
12.51848530769348,0,11,-7,0,9,2,3,0,-14,-20,-6,-7,-15,-12,sil
12.51848530769348,-12,5,4,16,18,23,26,12,-6,-3,-5,-19,-12,-15,sil
12.534246921539308,-31,-5,-10,8,12,26,30,6,2,3,-4,-21,-15,-13,sil
12.534246921539308,-40,-14,-23,-1,12,19,22,0,1,0,-19,-38,-25,-19,sil
12.54960870742798,-32,-4,0,5,14,10,11,6,-5,0,-29,-35,-25,-14,sil
12.54960870742798,-8,6,-9,26,6,2,14,0,12,18,-9,-7,-3,7,sil
14.434688568115234,8,-9,4,-19,-18,-23,1,1,15,-11,6,12,5,-3,sorry
14.434688568115234,-3,-8,-3,-24,-26,-25,-17,3,2,-24,5,3,-5,-20,sorry
14.450348138809204,1,5,-5,-5,-2,-13,-14,3,0,-14,6,6,0,-15,sorry
14.450348138809204,4,15,11,13,11,-4,-9,0,-11,-18,7,7,-5,-7,sorry
14.465775966644289,-2,8,1,12,4,-1,-12,0,-16,-21,8,-1,-11,-12,sorry
14.465775966644289,-1,8,5,12,8,2,-13,4,-14,-8,8,0,0,-7,sorry
14.481305360794067,4,9,13,21,11,3,-4,0,-16,6,13,12,13,11,sorry
14.481305360794067,-1,0,-2,18,0,3,4,-5,-12,14,8,1,5,12,sorry
14.49732542037964,-14,-3,-6,10,0,14,7,-1,-5,9,-10,-14,-8,0,sorry
14.49732542037964,-10,0,-5,13,8,19,11,0,5,15,-10,-11,0,9,sorry
14.512774229049684,0,-4,1,9,2,11,19,-2,14,29,0,-5,11,19,sorry
14.512774229049684,-2,-5,-5,-2,-2,3,15,0,10,21,-1,-4,1,7,sorry
14.528783559799194,1,-1,-5,-4,0,-1,-1,-5,0,-4,-1,6,-4,3,sorry
14.528783559799194,16,3,19,0,0,-6,-12,-6,1,-4,7,27,-1,9,sorry
14.544204711914062,16,8,7,-1,0,-10,-11,3,12,13,12,25,-1,7,sorry
14.544204711914062,13,14,0,-6,0,-12,-11,8,11,4,15,19,2,2,sorry
14.560250520706177,22,19,11,1,3,-7,-12,0,-2,-11,20,24,4,0,sorry
14.560250520706177,15,19,8,17,13,2,-1,0,-12,-3,16,13,-16,-1,sorry
14.575613737106323,-4,6,7,15,8,15,9,7,-7,2,0,-6,-3,-7,sorry
14.575613737106323,-14,-13,-5,5,-5,18,11,6,5,-1,-12,-14,58,-10,sorry
14.591572999954224,-8,-16,-2,2,0,15,16,3,17,5,-16,-14,57,0,sorry
14.591572999954224,-1,-8,0,0,15,15,27,1,17,19,-20,-15,-7,13,sorry
14.607583045959473,-7,-21,-25,-20,0,-2,9,-8,4,-2,-26,-15,-31,2,sorry
14.607583045959473,-17,-32,-19,-45,-24,-28,-19,-9,-3,-39,-25,-12,-20,-17,sorry
14.62358832359314,-13,-14,-7,-41,-16,-25,-15,-2,-3,-27,-6,-3,-14,-11,sorry
14.62358832359314,4,4,0,-17,0,-7,-9,-6,-16,-9,9,1,-9,0,sorry
14.63952922821045,0,6,0,-7,-5,-4,-21,-10,-31,-38,0,-8,-14,-12,sorry
14.63952922821045,-23,3,-14,-4,-10,-2,-12,-4,-23,-34,-17,-26,-25,-23,sorry
14.65449595451355,-25,5,-4,5,2,13,9,5,-1,25,-9,-24,-16,-11,sorry
14.65449595451355,-3,4,0,18,4,16,15,9,17,52,5,-12,1,1,sorry
14.670605659484863,1,-2,1,11,-8,1,14,6,21,30,2,-11,6,0,sorry
14.670605659484863,-3,-7,4,-5,-11,-6,13,3,17,15,-5,-8,0,-4,sorry
14.686133861541748,2,-1,-3,-3,-4,-5,6,0,16,6,1,2,0,-3,sorry
14.686133861541748,13,5,12,2,-1,-11,-6,-2,2,-7,22,20,6,-1,sorry
14.70222282409668,14,7,14,0,0,-11,-17,-1,-12,-14,30,27,7,-3,sorry
14.70222282409668,16,16,8,3,5,-5,-21,1,-14,-14,18,27,4,-2,sorry
14.7173969745636,23,29,20,26,12,0,-19,3,-15,-7,16,28,13,5,sorry
14.7173969745636,17,20,12,37,18,4,-11,-1,-22,-1,23,24,20,19,sorry
14.733509063720703,2,0,4,22,10,11,-2,0,-19,-1,12,18,9,24,sorry
14.733509063720703,-3,-11,-2,9,3,10,4,4,-2,3,-1,9,6,20,sorry
14.749730587005615,0,-7,5,12,12,9,16,1,2,9,-9,-5,5,14,sorry
14.749730587005615,0,3,13,13,13,15,24,3,-2,3,-19,-11,-10,6,sorry
14.765252351760864,-4,-6,-12,1,-7,9,17,0,-1,5,-21,-9,-13,2,sorry
14.765252351760864,-6,-21,-11,-13,-17,1,9,-3,7,10,-18,-9,-2,5,sorry
14.781293630599976,-2,-11,-1,-12,2,9,15,1,17,6,-14,-11,-1,12,sorry
14.781293630599976,1,-1,-9,-9,6,4,12,-1,28,2,-4,-10,-1,9,sorry
14.797312021255491,-4,-9,-5,-22,-12,-12,-2,-8,30,5,-1,-5,2,-6,sorry
14.797312021255491,-3,-7,-6,-23,-9,-12,-2,-5,31,11,-2,0,0,-13,sorry
14.812454462051392,5,8,-4,-8,9,-3,4,0,31,5,3,2,1,-9,sorry
14.812454462051392,0,8,-10,-11,1,-7,-3,0,14,-11,6,-2,6,-13,sorry
14.828290224075316,-11,-1,-15,-27,-16,-16,-21,0,-8,-17,2,-6,-2,-22,sorry
14.828290224075316,-1,3,7,-17,-10,-11,-23,0,-16,-7,8,7,-8,-15,sorry
14.843268156051636,6,8,4,5,3,-3,-14,-1,-24,-10,8,4,0,-1,sorry
14.843268156051636,-2,6,1,9,2,-4,-15,-1,-41,-20,0,-8,-5,-6,sorry
14.858634233474731,-9,8,5,13,-1,-1,-14,1,-32,-11,0,-4,-11,-12,sorry
14.858634233474731,-6,3,1,15,4,9,0,6,-12,2,-2,-2,-3,1,sorry
14.87384033203125,-7,-4,8,7,5,19,15,12,-13,5,-14,-14,-5,9,sorry
14.87384033203125,-13,-8,-3,9,-3,16,26,1,-8,8,-10,-18,-9,1,sorry
14.889572620391846,-13,-14,-8,1,-8,2,12,-10,0,5,-10,-14,-2,-5,sorry
14.889572620391846,0,-13,-3,-14,-8,-6,-13,-5,-7,-4,-9,0,5,-1,sorry
14.904632568359377,16,3,-1,-1,-4,-3,-9,-1,1,0,13,22,15,13,sorry
14.904632568359377,19,12,16,19,3,0,5,-3,18,11,23,26,19,18,sorry
14.920615434646606,9,0,9,9,3,-8,1,-1,14,9,12,12,14,1,sorry
14.920615434646606,6,0,0,-3,-2,-13,-5,3,0,-3,10,13,5,-11,sorry
14.935653686523438,8,13,2,0,1,-3,0,4,1,-16,9,16,-5,-7,sorry
14.935653686523438,2,5,-4,-2,4,-1,1,0,5,-17,-3,2,-13,-4,sorry
14.951281785964966,-2,-1,4,-9,4,-2,-1,0,0,-5,-10,-9,-17,-6,sil
14.951281785964966,-3,1,0,2,13,2,0,4,-7,1,-4,-14,-13,0,sil
14.966326475143433,-7,0,-3,13,11,9,4,4,-1,0,-3,-14,-5,5,sil
14.981533288955688,-9,-5,7,10,2,18,16,2,15,14,-2,-7,7,9,sil
14.981533288955688,-2,-9,-10,3,5,16,21,-2,27,33,0,-6,17,21,sil
14.997585773468018,3,-10,-10,-6,1,-3,3,-2,18,20,-6,-4,11,18,sil
14.997585773468018,0,-9,-7,-17,-11,-10,-8,-1,5,0,-14,0,0,-2,sil
14.997585773468018,-3,-13,-8,-23,-16,2,0,-4,5,5,-7,0,-2,-6,sil
15.01421308517456,5,-5,4,-15,-11,2,3,-3,14,14,6,8,11,5,sil
15.01421308517456,24,15,8,4,-1,-9,-3,-2,15,3,22,27,17,8,sil
15.029283285140991,21,19,18,14,4,-5,-9,3,-1,-15,20,25,0,0,sil
15.029283285140991,0,7,12,11,4,-1,-12,2,-22,-22,3,0,-16,-8,sil
15.046320676803589,0,13,4,11,6,-7,-14,-4,-33,-19,0,-7,-5,-7,sil
15.046320676803589,8,16,6,10,8,-4,-9,0,-25,-10,8,6,5,0,sil
15.060655117034912,-7,0,-8,2,7,6,0,5,-11,-2,3,1,-1,-1,sil
15.060655117034912,-22,-2,-4,0,9,11,8,2,-9,0,-8,-11,-8,-4,sil
15.075764179229736,-13,6,0,7,10,10,15,2,-5,7,-8,-10,0,2,sil
15.09437370300293,-7,1,-5,6,2,3,17,3,9,14,-5,-6,-4,8,sil
15.09437370300293,-9,-7,0,-5,-9,-2,12,0,8,-1,-9,-9,-14,-2,sil
15.09437370300293,-11,-15,-15,-15,-17,0,4,-8,-6,-12,-20,-19,-13,-14,sil
15.107533931732178,-14,-20,-12,-19,-19,3,0,-6,-5,-2,-31,-24,-9,-13,sil
15.12326455116272,-7,-13,-3,-18,-14,-3,0,0,12,3,-14,-6,0,-1,sil
15.12326455116272,8,-2,-1,-11,-11,-17,-18,-2,12,-4,10,11,19,6,sil
15.12326455116272,9,0,6,-13,-16,-21,-45,-3,-11,-11,7,10,17,-2,sil
15.14034938812256,0,1,-4,-15,-11,-13,-34,-2,-15,-12,4,8,1,-14,sil
15.14034938812256,0,8,0,-5,4,-2,-4,0,-7,-15,11,11,-1,-12,sil
15.155380249023438,0,5,4,4,13,3,5,6,-8,-10,6,-3,-6,-12,sil
15.155380249023438,-4,-5,-5,12,13,7,7,8,-5,2,-2,-18,-13,-10,sil
15.17210054397583,1,-1,12,29,19,20,23,4,14,19,6,1,0,8,sil
15.17210054397583,17,8,9,38,23,21,39,0,34,36,19,19,17,23,sil
15.18469738960266,17,4,1,19,14,6,29,4,40,38,15,14,17,22,sil
15.200451374053957,6,-1,0,0,2,-1,7,9,33,26,11,11,17,22,sil
15.200451374053957,5,-1,-4,-9,-5,-11,-2,-4,11,3,13,14,13,15,sil
15.215718269348145,10,5,8,-10,-11,-21,-12,-8,-17,-26,8,13,-3,-4,sil
15.215718269348145,7,10,10,1,-3,-9,-19,0,-29,-33,0,3,-15,-7,sil
15.231252908706663,-1,9,1,9,4,5,-15,0,-24,-16,-8,-3,-15,2,sil
15.231252908706663,-4,3,1,7,4,12,0,-4,-19,-4,-12,-5,-11,2,sil
15.246387243270874,-5,-1,-3,8,2,19,12,1,-6,7,-13,-11,-5,-1,sil
15.246387243270874,-11,-9,0,0,-2,20,12,3,1,14,-16,-21,-7,-2,sil
15.26244854927063,-7,-16,-9,-20,-11,1,2,-4,1,5,-20,-21,-8,-2,sil
15.26244854927063,-3,-16,-8,-32,-15,-15,-3,-4,3,-3,-16,-16,0,0,sil
15.278584003448486,-6,-4,0,-23,-12,-16,-8,-2,5,-6,-5,-6,5,0,sil
15.278584003448486,2,8,-7,-1,-1,-9,-8,-4,2,-5,12,8,8,-2,sil
15.294212579727173,13,14,9,6,5,-7,-5,1,0,-1,22,19,9,-2,sil
15.294212579727173,0,5,6,3,5,-5,-6,2,-4,-4,11,9,0,-2,sil
15.309334993362429,-9,3,-5,14,7,6,-4,-3,-8,-6,-1,-2,-8,-1,sil
15.309334993362429,-1,8,5,27,12,19,8,-1,0,4,-4,0,-2,0,sil
15.324928522109984,0,-3,-4,10,2,14,14,2,1,5,-11,-5,-1,-2,sil
15.324928522109984,-5,-17,-10,-14,-9,3,2,4,0,-5,-21,-10,-4,-3,sil
15.34049916267395,0,-10,-8,-16,-6,-5,-1,1,9,-5,-11,-1,6,-3,sil
15.34049916267395,3,-3,-1,-16,-4,-15,-5,-4,10,-3,5,5,12,-1,sil
15.35661506652832,-4,0,5,-19,-5,-13,-17,1,3,1,19,9,8,-2,sil
15.35661506652832,-7,12,-3,-7,5,-2,-17,10,8,12,29,17,13,-2,sil
15.372450351715088,1,17,7,5,17,2,-4,2,2,7,24,18,5,-5,sil
15.372450351715088,6,9,12,15,11,-1,0,0,-16,-5,10,4,-13,-9,sil
15.38855791091919,0,0,0,18,0,-6,1,1,-18,-5,-2,-12,-19,-6,sil
15.38855791091919,-9,-5,2,11,-3,1,12,-4,-9,-4,-16,-20,-18,-1,sil
15.404584646224976,-10,-9,-3,5,-2,12,23,-10,-3,-2,-23,-16,-15,5,sil
15.404584646224976,0,-8,6,9,-2,11,21,-1,2,6,-17,-9,0,15,sil
15.42067003250122,10,-4,9,11,-7,3,15,2,15,17,-3,-1,13,20,sil
15.42067003250122,8,-4,-5,-1,-8,-5,7,0,26,27,7,8,22,23,sil
15.436256170272827,8,-4,-2,-23,-7,-4,-1,4,25,26,8,12,21,17,sil
15.436256170272827,12,0,-7,-18,-5,0,-5,7,10,4,10,8,13,0,sil
15.45182490348816,16,12,0,0,1,-5,-10,0,-9,-21,17,15,7,-4,sil
15.45182490348816,14,14,3,1,7,-3,-14,-4,-17,-26,15,23,6,-1,sil
15.46738338470459,0,2,-8,-4,0,-1,-13,0,-26,-26,0,4,-7,-13,sil
15.46738338470459,-16,-4,2,1,-4,-5,-14,0,-36,-27,-15,-15,-30,-28,sil
15.4826180934906,-16,-5,-1,16,3,0,-5,-4,-19,-6,-20,-22,-28,-18,sil
15.4826180934906,-6,0,-4,18,12,17,14,0,5,10,-18,-18,-12,0,sil
15.498811960220335,-10,1,-1,10,9,18,24,0,14,11,-12,-13,-6,4,sil
15.498811960220335,-12,-7,-3,0,4,6,19,-1,18,19,-5,-14,-2,9,sil
15.514396905899048,-2,-11,3,-13,-1,0,4,0,13,14,-10,-13,4,14,sil
15.514396905899048,0,-8,-7,-22,-10,-10,-16,-2,0,-14,-15,-9,0,0,sil
15.529451847076416,-3,-3,-6,-13,-11,-14,-25,-1,3,-18,0,1,-4,-12,sil
15.529451847076416,8,7,11,-2,-2,-4,-12,7,15,7,27,23,15,1,sil
15.545501947402954,16,10,4,-2,0,-5,-4,7,10,7,34,29,27,9,sil
15.545501947402954,9,10,11,0,-2,-11,-21,0,-6,-12,21,18,11,-3,sil
15.56158995628357,7,16,10,11,0,-4,-20,0,-12,-4,13,11,0,-6,sil
15.56158995628357,8,15,0,22,6,5,8,0,-8,11,7,4,0,3,sil
15.577655792236328,0,3,1,22,16,11,27,2,-3,10,-1,-3,0,2,sil
15.577655792236328,-14,-6,-3,6,14,12,21,0,2,9,-7,-10,0,0,sil
15.593715906143188,-15,-12,-1,-15,0,11,14,-5,2,9,-14,-11,-2,0,sil
15.593715906143188,0,-10,-2,-12,-4,9,14,-3,9,16,-15,-3,2,2,sil
15.609470129013062,13,0,1,0,-4,0,4,-1,14,14,-10,8,10,10,sil
15.609470129013062,9,1,3,-8,-11,-11,-13,0,3,-11,-1,15,2,7,sil
15.62434148788452,2,-3,-13,-20,-11,-11,-21,-2,-13,-32,5,12,-2,-1,sil
15.62434148788452,0,-3,0,-18,-6,-11,-14,-4,-19,-29,-1,0,-10,-10,sil
15.64181637763977,-6,-1,0,-6,-6,-8,-1,-3,-15,-22,-15,-19,-21,-21,sil
15.64181637763977,-10,0,-11,5,0,5,5,1,-12,-12,-5,-20,-19,-18,sil
15.6554217338562,-8,3,0,14,8,12,9,8,-12,0,4,-7,-7,-3,sil
15.6554217338562,-13,-1,-5,13,7,4,11,7,-7,3,-5,-12,-4,3,sil
15.670918226242064,-19,-13,-6,10,4,13,16,5,6,13,-7,-19,-4,5,sil
15.670918226242064,-8,-8,1,12,8,26,22,3,28,31,7,-5,5,10,sil
15.686532020568848,5,0,2,7,5,6,19,1,37,31,7,7,18,13,sil
15.686532020568848,4,0,6,-6,-4,-15,3,0,23,14,-1,4,15,10,sil
15.701948165893556,7,0,-1,-5,-12,-16,-13,-3,7,4,0,0,9,2,sil
15.701948165893556,24,11,12,2,-11,-15,-21,-1,-2,0,12,14,14,0,sil
15.717488765716553,25,15,15,-2,-9,-20,-24,-1,-17,-13,23,25,8,-2,sil
15.717488765716553,5,8,1,-11,-9,-21,-28,-9,-31,-23,15,11,-10,-6,sil
15.732504606246948,0,15,12,3,0,-4,-18,-4,-22,-9,3,8,-8,-2,sil
15.732504606246948,4,17,4,29,18,15,10,8,3,14,11,10,7,11,sil
15.748401641845703,-8,-5,-7,17,18,20,19,7,8,13,4,-7,-1,9,sil
15.748401641845703,-18,-21,-7,-16,-1,10,4,0,0,1,-18,-21,-16,-6,sil
15.764447927474976,-9,-16,-13,-27,-14,0,-2,-4,3,-3,-21,-6,-7,-8,sil
15.764447927474976,1,-3,-8,-19,-8,-6,-6,-4,6,-9,-6,12,11,0,sil
15.78062129020691,9,9,-1,-2,5,-11,-13,-1,-1,-6,9,18,12,3,sil
15.78062129020691,11,13,12,13,7,-3,-15,0,-14,-11,4,4,-10,-7,sil
15.795874118804932,-2,2,7,14,5,15,0,0,-14,-21,-21,-20,-25,-16,sil
15.795874118804932,-12,-7,-14,2,9,18,23,0,1,-8,-25,-28,-11,-2,sil
15.811943769454956,-7,-13,-4,-11,1,0,21,2,13,5,-8,-14,8,9,sil
15.811943769454956,-1,-15,-6,-20,-6,-6,2,-2,11,0,0,-2,13,0,sil
15.827478170394896,7,2,-3,-10,0,-2,-8,0,12,-4,8,9,8,-5,sil
15.827478170394896,11,18,10,6,6,-5,-12,11,11,0,18,12,5,1,sil
15.843567132949827,-2,4,0,9,6,-5,-6,5,-3,-2,4,-2,-2,2,sil
15.843567132949827,-11,-8,2,1,3,10,11,0,-15,0,-19,-11,-15,-5,sil
15.85955262184143,-13,-9,-2,3,0,18,25,0,-6,12,-24,-12,-10,-6,sil
15.85955262184143,-18,-13,-8,0,-4,5,18,-5,1,21,-10,-14,0,4,sil
15.874965190887451,-8,-10,0,-10,-6,-4,8,-8,1,14,5,0,6,10,sil
15.874965190887451,14,0,2,-5,-11,-11,2,-2,11,7,20,19,16,10,sil
15.890612125396729,22,14,16,1,-10,-15,-9,3,11,5,33,29,22,7,sil
15.890612125396729,12,21,11,9,0,-11,-17,-1,-7,2,36,28,12,0,sil
15.905676364898682,11,19,7,23,9,0,-7,-4,-12,2,24,23,0,3,sil
15.905676364898682,16,13,14,33,13,8,7,2,-6,8,12,13,0,10,sil
15.921494483947754,0,0,-4,28,8,8,9,2,-11,7,0,-7,-2,1,sil
15.921494483947754,-22,-14,-8,10,-3,7,-2,0,-10,-1,-22,-27,-17,-12,sil
15.93654751777649,-21,-15,-10,-5,-9,3,-13,0,5,0,-29,-26,-18,-6,sil
15.93654751777649,-5,-6,-12,-10,-8,-1,-18,-2,8,0,-15,-10,-3,4,sil
15.952215909957886,1,0,-1,-8,-7,0,-13,-3,8,-2,-9,-5,0,0,sil
15.952215909957886,2,-2,-11,-15,-3,3,2,-1,22,-1,-8,-4,0,0,sil
15.96832013130188,0,-5,-5,-28,0,1,9,3,26,-3,-9,0,2,0,sil
15.96832013130188,-5,-3,0,-27,-4,-6,0,2,7,-16,-12,-1,-5,-16,sil
15.98402452468872,1,-1,-3,-20,-9,-15,-7,-1,-9,-25,-9,-2,-10,-21,sil
15.98402452468872,10,1,5,-21,-9,-14,-1,0,-14,-20,2,8,1,-7,sil
15.999641180038452,0,1,-2,-20,-4,-12,2,0,-13,-15,15,8,5,-8,sil
15.999641180038452,-8,0,0,-14,-2,-12,-6,0,-24,-24,13,1,-5,-17,sil
16.0153751373291,0,0,5,-4,-1,-6,-12,2,-29,-23,5,4,-5,-2,sil
16.0153751373291,9,4,7,15,8,5,0,2,-8,1,7,9,3,16,sil
16.032368659973145,12,9,15,35,22,18,14,2,14,26,12,12,8,22,sil
16.032368659973145,5,5,0,37,23,21,16,4,15,29,6,4,9,21,sil
16.055214405059814,-2,0,1,32,13,17,10,8,2,16,-5,-6,4,18,sil
16.055214405059814,-4,1,6,31,12,21,14,3,1,16,-10,-9,0,9,sil
16.055214405059814,-6,2,-5,19,14,22,21,-7,7,23,-10,-15,0,1,sil
16.062807083129883,-12,-6,0,-2,0,8,9,-6,7,19,-9,-20,-1,-4,sil
16.07852816581726,-9,-13,-5,-8,-8,-7,-2,-3,11,15,0,-9,0,-3,sil
16.07852816581726,6,-3,-3,-6,-4,-16,-11,-2,8,9,1,3,7,3,sil
16.09403705596924,12,7,0,-9,-2,-18,-20,-1,0,-7,0,7,7,0,sil
16.09403705596924,0,0,-7,-19,-13,-17,-25,-6,-8,-17,5,7,1,-7,sil
16.110013723373413,-2,-3,1,-26,-21,-12,-20,-8,-10,-9,11,10,0,-10,sil
16.110013723373413,9,1,1,-21,-11,-11,-12,0,-5,-6,15,14,6,-5,sil
16.124703645706177,10,9,4,-1,2,-9,-6,7,0,-10,19,18,0,-2,sil
16.124703645706177,1,15,15,19,7,2,5,7,0,-10,10,9,-11,-3,sil
16.141281366348267,-2,7,-1,25,5,15,21,5,1,-3,-8,-9,-10,0,sil
16.141281366348267,-6,-7,0,11,6,19,24,4,3,6,-15,-16,-8,0,sil
16.15730118751526,-12,-16,-7,-2,4,12,17,0,0,12,-15,-17,-12,-4,sil
16.15730118751526,-8,-15,-14,-13,-7,4,9,-6,0,-1,-21,-20,-9,0,sil
16.171942234039307,0,-10,-5,-9,-16,0,2,-4,3,-9,-15,-8,1,8,sil
16.171942234039307,4,-4,-3,4,-7,-9,-6,-2,7,0,0,3,9,13,sil
16.18747305870056,7,0,7,-3,-5,-17,-19,-3,-1,-11,2,12,4,2,sil
16.18747305870056,5,2,2,-17,-9,-12,-20,-2,-2,-23,3,14,1,-12,sil
16.20565176010132,0,4,-4,-18,-2,-4,-7,1,-4,-12,6,12,1,-10,sil
16.20565176010132,-2,12,5,-8,8,0,1,7,-13,-7,4,15,-2,-6,sil
16.21941375732422,-3,11,4,9,11,5,6,5,-6,-3,10,12,-1,-4,sil
16.21941375732422,-5,0,7,17,8,13,11,0,4,7,3,-8,-2,0,sil
16.234851598739624,-11,0,-2,11,8,19,16,-1,0,15,-11,-19,-4,1,sil
16.234851598739624,-8,0,-10,14,7,15,14,-1,1,23,-8,-8,0,4,sil
16.251637935638428,-6,-11,0,11,-3,0,0,0,12,19,-8,-10,0,5,sil
16.251637935638428,-12,-14,-10,-10,-11,-10,-7,0,19,10,-13,-19,-1,6,sil
16.26667046546936,-7,-7,-7,-26,-8,-9,1,4,21,20,2,-4,16,8,sil
16.26667046546936,5,-8,-1,-25,-4,-13,-2,1,8,17,13,4,19,4,sil
16.281657218933105,11,0,3,-9,0,-23,-27,-5,-15,-16,3,1,-2,-7,sorry
16.297690629959106,17,20,18,8,6,-12,-29,-5,-24,-28,10,13,-6,-11,sorry
16.297690629959106,21,21,7,9,8,0,-10,0,-16,-10,28,22,7,0,sorry
16.297690629959106,19,21,11,5,8,-2,-5,6,-7,-4,29,14,9,4,sorry
16.31360387802124,14,21,14,23,12,0,-8,6,-12,-7,16,6,0,0,sorry
16.31360387802124,4,5,1,35,11,14,1,0,-19,-2,-7,1,-13,2,sorry
16.32951331138611,3,0,7,24,8,25,23,0,-2,5,-17,0,-11,14,sorry
16.34493327140808,6,2,1,15,10,20,30,2,21,11,-3,-2,5,13,sorry
16.34493327140808,0,-12,-3,8,-4,7,13,-1,12,3,-9,-10,3,0,sorry
16.34493327140808,-14,-21,-7,-1,-17,4,2,-1,0,-1,-28,-11,-6,0,sorry
16.359591722488403,-15,-14,-14,-13,-7,3,11,-2,0,-7,-29,-11,-8,2,sorry
16.359591722488403,-12,-17,-9,-25,-3,-3,16,-6,0,-12,-24,-19,-13,-7,sorry
16.376655101776123,-13,-21,-18,-27,-10,-6,13,-5,12,4,-9,-18,-4,-7,sorry
16.376655101776123,-11,-9,-12,-23,-11,0,3,2,21,17,9,1,9,0,sorry
16.39021110534668,-5,-1,-1,-16,-6,0,-1,5,8,1,15,12,8,-2,sorry
16.40624761581421,-1,0,-6,-6,-4,-9,-1,0,0,-1,16,12,7,-4,sorry
16.40624761581421,1,9,9,-3,-5,-15,-6,0,3,9,18,19,16,2,sorry
16.422385454177856,7,12,8,-4,-4,-11,-14,0,6,1,22,23,22,3,sorry
16.422385454177856,2,1,0,-6,-2,-11,-26,0,-1,-13,20,12,11,-7,sorry
16.422385454177856,-13,-3,-2,-7,-3,-15,-36,-3,-16,-11,2,0,-9,-23,sorry
16.440524339675903,-10,5,0,5,4,-12,-29,-5,-16,-4,-1,1,-13,-21,sorry
16.440524339675903,7,19,21,24,15,0,-11,2,-11,-6,10,7,-3,-1,sorry
16.452579736709595,4,16,8,24,16,10,-4,4,-13,-8,3,0,-5,5,sorry
16.46882939338684,-6,1,-6,11,9,8,-5,0,-16,-6,-19,-18,-16,-6,sorry
16.46882939338684,-2,-1,1,7,7,11,4,0,-13,-6,-24,-21,-18,-4,sorry
16.484272718429565,0,1,0,5,8,23,23,0,-3,-1,-22,-25,-16,10,sorry
16.484272718429565,7,2,7,0,7,24,29,1,8,7,-26,-26,-15,11,sorry
16.500356197357178,16,-1,-3,-3,0,7,26,4,13,16,-20,-14,-7,6,sorry
16.500356197357178,0,-12,-18,-7,-8,1,26,2,11,18,-10,-8,2,11,sorry
16.515688180923462,-15,-18,-4,-8,-13,9,22,-1,16,19,-5,-8,3,13,sorry
16.515688180923462,0,-8,-3,0,-14,-4,6,-4,19,12,0,5,7,9,sorry
16.531249046325684,19,0,3,0,-13,-20,-8,-2,9,-8,3,26,16,4,sorry
16.531249046325684,14,-3,2,-13,-5,-8,-1,0,10,-5,11,27,22,6,sorry
16.547317266464233,7,-6,-1,-17,-4,-3,3,0,15,11,16,20,18,9,sorry
16.547317266464233,7,3,4,-12,-9,-14,-14,-3,1,0,14,15,8,-2,sorry
16.56267285346985,5,9,-2,0,0,-15,-22,-2,-12,-15,18,15,4,-9,sorry
16.56267285346985,8,15,13,17,22,-2,-6,3,-2,-5,30,21,9,3,sorry
16.578500509262085,6,18,18,25,26,1,-3,3,4,4,34,13,13,5,sorry
16.578500509262085,-12,5,-3,7,8,-5,-22,-3,-19,-7,10,-8,0,-14,sorry
16.59380841255188,-22,0,-1,0,-2,-5,-26,-4,-40,-22,-10,-15,-17,-20,sorry
16.59380841255188,-6,3,1,16,6,8,-6,-2,-24,-12,0,-8,-12,-8,sorry
16.60930037498474,-1,-2,4,16,6,20,4,-1,-9,0,3,-10,-5,-2,sorry
16.60930037498474,-17,-12,-3,1,-4,16,0,0,-12,-4,-15,-18,-12,-8,sorry
16.624338626861572,-16,-7,-8,2,-1,8,2,1,-4,-2,-20,-18,-11,-3,sorry
16.624338626861572,-2,-4,4,2,0,9,14,1,16,12,-8,-6,-2,6,sorry
16.639389038085938,-2,-10,-7,-6,-11,7,23,2,26,21,0,-2,2,5,sorry
16.639389038085938,0,-10,-13,-14,-14,-2,23,7,23,21,1,-5,9,5,sorry
16.655494451522827,5,-8,-8,-14,-5,-8,16,8,22,19,-4,-1,13,9,sorry
16.655494451522827,2,-3,-4,-13,-2,-7,7,0,17,3,-17,3,0,4,sorry
16.670748949050903,0,3,7,-15,-3,-4,1,-1,6,-11,-15,1,-7,-2,sorry
16.670748949050903,4,3,-7,-13,0,-3,-2,5,6,-8,0,2,5,1,sorry
16.68627643585205,8,9,-2,-7,0,-5,-10,2,0,-13,0,12,1,4,sorry
16.68627643585205,10,18,15,-4,0,-12,-17,-6,-18,-22,-7,11,-12,-5,sorry
16.701499223709106,5,9,3,-1,0,-18,-15,-6,-25,-18,0,1,-8,-13,sorry
16.701499223709106,-4,1,1,2,2,-14,-9,0,-15,-8,3,3,-3,-8,sorry
16.717541694641113,0,6,-1,7,8,-3,-6,0,-5,-2,3,6,-7,-4,sorry
16.717541694641113,8,6,4,16,12,8,-5,-3,-4,7,10,2,-3,-3,sorry
16.73307204246521,0,0,10,25,12,16,3,1,0,16,15,0,5,0,sorry
16.73307204246521,-5,-6,-2,13,6,15,15,4,8,15,6,-2,10,8,sorry
16.748366594314575,-3,-13,0,-5,-4,15,11,0,3,7,-8,-14,-1,6,sorry
16.748366594314575,-7,-10,-7,3,-6,10,5,-9,-10,2,-14,-15,-13,4,sorry
16.764227867126465,-7,-2,-6,11,-3,1,5,-5,-9,0,-11,-7,-3,14,sorry
16.764227867126465,-3,-9,0,-11,-12,1,0,-1,0,7,-12,-4,9,8,sorry
16.779223680496216,-3,-16,-9,-30,-19,-6,-8,-1,2,9,-11,-7,7,-5,sorry
16.779223680496216,4,0,3,-14,-11,-14,-9,0,10,-5,-1,4,4,2,sorry
16.79475712776184,13,10,1,3,-7,-5,-9,1,20,-11,5,17,12,10,sorry
16.79475712776184,7,1,-6,-3,-5,-5,-16,-3,6,-9,8,14,10,-5,sorry
16.810325860977173,0,4,7,-7,5,-13,-16,-1,-8,-15,15,11,-2,-18,sil
16.826428651809692,5,14,6,11,13,-6,-9,2,-7,-12,24,11,-5,-10,sil
16.826428651809692,4,10,9,16,9,-1,-5,1,-9,0,23,8,1,-6,sil
16.826428651809692,-4,1,2,5,7,-2,6,2,-6,7,17,-4,4,-12,sil
16.844576120376587,-6,0,-4,6,8,14,21,1,2,10,5,-15,-4,-5,sil
16.844576120376587,-2,7,9,20,14,33,23,4,1,13,-3,-12,-7,6,sil
16.85843515396118,-1,10,3,26,24,26,26,4,8,15,-4,-10,0,13,sil
16.85843515396118,7,1,4,15,19,18,36,2,27,20,-2,-6,9,22,sil
16.874328136444092,5,-11,0,-8,0,14,32,5,25,15,-4,0,9,16,sil
16.874328136444092,-16,-21,-20,-33,-19,-9,10,2,9,-3,-21,-11,-6,-5,sil
16.890370845794678,-22,-20,-19,-40,-29,-31,-5,0,7,-12,-30,-14,-18,-9,sil
16.890370845794678,0,-8,-8,-26,-22,-27,-10,0,10,-1,-1,15,0,7,sil
16.90540075302124,17,3,14,-14,-11,-21,-22,0,-5,-7,15,37,15,10,sil
16.90540075302124,14,9,8,-6,-6,-23,-37,-6,-25,-34,0,20,-1,-4,sil
16.919656991958618,3,8,-9,0,0,-13,-31,-2,-27,-33,-1,2,-17,-10,sil
16.935603380203247,0,4,0,6,6,5,-14,1,-25,-3,5,1,-9,-1,sil
16.935603380203247,-4,0,1,18,3,9,-10,-5,-28,0,-7,-7,-2,-2,sil
16.9515483379364,-12,3,4,23,5,8,-8,-7,-29,-15,-15,-17,-9,-12,sil
16.9515483379364,-12,1,2,16,9,15,9,-1,-13,0,-1,-13,-8,-12,sil
16.968610048294067,-6,-7,-7,10,1,11,14,-4,6,23,0,-7,0,-2,sil
16.968610048294067,2,-2,4,8,-4,4,2,-4,20,16,-5,0,3,5,sil
16.968610048294067,16,7,-3,3,5,4,3,2,24,12,3,0,13,5,sil
16.98369026184082,15,1,-1,-10,1,-4,-4,7,9,4,5,0,19,-5,sil
17.000222206115723,0,-1,7,-15,-9,-13,-19,6,1,-7,5,-1,9,-13,sil
17.000222206115723,0,11,2,4,3,0,-1,1,12,4,20,3,2,0,sil
17.015249252319336,4,10,7,18,15,14,15,1,15,14,9,0,-3,1,sil
17.015249252319336,-10,-14,-9,1,3,7,5,2,0,1,-31,-19,-19,-11,sil
17.015249252319336,-17,-28,-13,-19,-8,1,7,-1,0,0,-36,-24,-17,0,sil
17.03169322013855,-4,-15,2,-26,-10,2,21,-4,13,2,0,1,8,17,sil
17.03169322013855,0,-2,-2,-22,-13,-6,10,-3,1,-4,23,22,19,10,sil
17.04719829559326,5,9,8,-11,-8,-13,-8,0,-25,-19,18,19,0,0,sil
17.04719829559326,16,14,13,8,6,0,-8,2,-16,-13,10,12,-6,0,sil
17.06229877471924,13,7,5,18,15,9,0,3,13,12,10,12,5,13,sil
17.06229877471924,2,0,2,17,6,6,7,5,22,29,9,8,11,25,sil
17.077765464782715,1,-3,-3,11,-5,0,13,0,28,20,-3,-2,5,16,sil
17.09342312812805,5,0,3,-2,-2,0,7,-3,32,6,-8,1,5,0,sil
17.09342312812805,10,12,-1,-5,7,-4,-2,-6,7,-4,15,17,15,3,sil
17.09342312812805,6,16,-4,2,5,-10,-13,-9,-29,-21,22,10,5,3,sil
17.10753107070923,-5,10,6,5,2,0,-11,-2,-35,-19,0,-3,-9,-10,sil
17.12438154220581,-6,3,-1,16,10,14,8,5,-15,1,0,-4,-4,-10,sil
17.12438154220581,-8,-7,-4,18,6,12,14,2,-10,4,-1,-11,-12,-9,sil
17.12438154220581,-21,-21,-15,-11,-5,-2,0,-2,-13,-3,-25,-25,-28,-21,sil
17.138520002365112,-10,-16,-12,-36,-11,-14,-11,2,-6,-6,-22,-15,-11,-14,sil
17.153818607330322,3,-1,5,-23,-12,-15,-22,3,-11,-18,-7,0,0,-7,sil
17.153818607330322,-7,2,-3,-2,-7,-6,-25,-4,-30,-29,-13,-6,-14,-17,sil
17.16959810256958,-8,7,9,12,6,2,-12,-1,-23,-15,-5,-2,-11,-7,sil
17.16959810256958,0,4,8,20,9,6,0,0,0,5,4,-1,1,3,sil
17.184597969055176,-10,-12,-15,11,-1,9,9,1,8,8,-17,-24,-8,-7,sil
17.184597969055176,-7,-16,-7,1,-3,15,23,8,26,19,-22,-18,-2,2,sil
17.200766563415527,10,-2,0,-1,0,5,28,8,52,39,9,11,25,28,sil
17.200766563415527,7,4,4,-13,-7,-9,8,0,46,23,16,13,23,14,sil
17.216493844985962,0,0,-1,-17,-12,-7,-2,0,29,0,8,4,8,-5,sil
17.216493844985962,12,4,-5,-4,-3,-5,0,4,22,3,23,17,17,0,sil
17.23231601715088,19,20,18,3,0,-8,-7,0,-1,-3,24,23,12,4,sil
17.23231601715088,9,13,12,9,4,-4,-18,-6,-28,-21,2,2,-6,0,sil
17.247742176055908,-4,-11,0,8,5,5,-7,-5,-35,-15,-15,-15,-13,1,sil
17.247742176055908,-13,-17,-3,-4,-2,8,4,-7,-26,-3,-16,-17,-11,-6,sil
17.263368606567383,-5,-5,-10,-13,-6,-1,-1,-9,-8,-2,-8,-6,-3,-2,sil
17.263368606567383,11,4,5,-6,0,-10,-12,0,2,3,5,21,15,16,sil
17.278436183929443,15,13,5,7,3,-7,-7,6,0,4,21,35,20,16,sil
17.278436183929443,11,20,6,12,8,1,0,4,-3,-3,24,23,0,2,sil
17.293634176254272,2,15,6,14,18,10,0,1,1,0,8,5,-15,0,sil
17.293634176254272,-11,0,-7,13,12,14,4,0,-1,7,-16,-12,-16,-3,sil
17.309505701065063,-16,-13,-4,3,2,12,17,3,-6,9,-23,-22,-14,-7,sil
17.309505701065063,-7,-15,-12,-5,3,5,26,3,1,13,-9,-17,-2,0,sil
17.325032949447632,-1,-6,-9,-12,-3,-2,11,-3,10,7,-2,-6,6,0,sil
17.325032949447632,3,0,4,-13,-18,-13,-11,-2,10,1,2,3,7,-7,sil
17.340688467025757,15,2,5,0,-13,-16,-16,2,9,4,18,13,12,-3,sil
17.340688467025757,23,13,13,12,4,-1,-8,2,0,-6,22,16,12,12,sil
17.35623264312744,6,10,3,11,15,7,0,0,-19,-26,9,3,0,7,sil
17.35623264312744,-21,-5,-5,4,9,9,4,0,-27,-27,-5,-17,-18,-13,sil
17.37230157852173,-17,-8,-3,7,1,13,14,3,-6,-6,-13,-20,-15,-14,sil
17.37230157852173,-1,-11,-8,5,-1,3,19,1,19,17,-14,-10,4,6,sil
17.388361930847168,-14,-24,-6,-21,-12,-8,3,0,17,15,-24,-12,3,3,sil
17.388361930847168,-28,-22,-19,-37,-22,-4,-9,-4,10,0,-26,-23,-9,-15,sil
17.40379571914673,-15,-9,-14,-26,-15,-5,-11,-7,9,-5,-12,-16,-3,-15,sil
17.40379571914673,0,-4,8,-22,-8,-18,-16,-3,3,-6,0,7,9,-3,sil
17.419659852981567,7,4,6,-13,-11,-21,-23,-1,-5,-9,13,23,8,2,sil
17.419659852981567,16,29,17,17,-3,-6,-13,-1,-9,-10,23,26,1,8,sil
17.435136556625366,16,33,15,31,14,8,3,1,-5,-5,16,14,0,9,sil
17.435136556625366,5,12,4,16,13,14,1,4,-10,-5,-5,-3,-12,-5,sil
17.450637340545654,-7,0,4,12,3,18,0,0,-24,-4,-17,-10,-27,-16,sil
17.450637340545654,-5,0,-6,20,7,18,18,-1,-11,12,-5,-6,-7,2,sil
17.46621561050415,12,0,3,10,11,7,28,2,21,33,9,5,19,25,sil
17.46621561050415,20,-1,0,0,3,-3,14,3,33,30,11,12,18,23,sil
17.481303453445435,12,-2,-11,-4,0,-12,-1,1,24,14,17,12,13,10,sil
17.481303453445435,10,2,7,-6,4,-15,-13,3,8,5,29,16,19,2,sil
17.496692180633545,5,5,3,-3,7,-4,-15,0,-7,-3,18,8,10,-6,sil
17.496692180633545,-11,-2,-3,-1,4,4,-9,-3,-20,-27,-10,-14,-15,-20,sil
17.512286901474,-21,-10,-5,0,2,-1,-3,-1,-27,-33,-23,-23,-30,-27,sil
17.512286901474,-12,-7,-6,9,1,0,3,1,-20,-5,-17,-13,-20,-16,sil
17.528371810913086,-6,0,1,14,3,18,15,4,1,11,-15,-10,-1,2,sil
17.528371810913086,-9,-4,-6,0,3,18,15,0,15,9,-14,-16,9,12,sil
17.543562173843384,1,-10,0,-11,-8,-1,0,-2,12,8,-6,0,15,16,sil
17.54456114768982,22,-1,9,-7,-22,-11,-5,0,14,9,11,22,24,24,sil
17.558778047561646,20,1,-2,-9,-15,-11,-3,1,14,1,20,20,26,16,sil
17.558778047561646,1,0,-1,-22,-4,-12,-9,-1,2,-5,10,13,10,-5,sil
17.574782848358154,-3,9,-2,-16,0,-6,-6,0,0,-4,9,14,0,-4,sil
17.574782848358154,5,14,7,5,4,1,0,1,-1,0,21,11,0,10,sil
17.590598821640015,0,6,9,21,8,0,-2,0,-12,-2,11,-2,-7,1,sil
17.60600757598877,-15,-8,-7,17,0,6,2,0,-12,-10,-19,-22,-28,-15,sil
17.60600757598877,-13,-14,-4,4,0,19,21,0,4,-2,-29,-23,-29,-6,sil
17.622971773147583,-3,-7,-12,-6,6,7,21,-3,15,13,-14,-11,-7,4,sil
17.622971773147583,-5,-6,-10,-21,-2,-16,-3,-8,2,0,-12,-8,-3,-7,sil
17.622971773147583,-6,-13,2,-25,-16,-19,-17,-5,-10,-22,-13,-5,-3,-17,sil
17.6385018825531,1,-1,0,-10,-9,-13,-15,-2,-10,-11,4,13,9,-5,sil
17.6385018825531,4,15,10,2,3,-7,-19,-1,-13,-1,16,22,8,-6,sil
17.653506755828857,0,13,7,4,5,-1,-23,0,-24,-12,10,2,-5,-20,sil
17.653506755828857,-5,12,4,9,6,3,-18,6,-29,-18,0,-10,-9,-19,sil
17.66931653022766,-5,16,7,23,14,12,-4,10,-18,-8,0,-2,-5,-4,sil
17.66931653022766,-1,2,-2,28,15,19,14,2,3,12,0,-5,1,9,sil
17.685392379760742,-2,-7,1,12,2,20,29,0,12,23,-12,-15,2,18,sil
17.685392379760742,-4,-4,-5,0,-3,19,31,5,10,12,-20,-11,-2,17,sil
17.69965362548828,4,-2,-9,0,1,13,28,4,17,6,-10,-1,1,15,sil
17.69965362548828,12,-3,5,1,0,7,28,-1,34,25,5,4,10,14,sil
17.716795921325684,10,-5,-1,-1,-7,0,13,-6,36,30,10,3,7,8,sil
17.716795921325684,11,-6,2,-10,-6,-12,-12,-2,16,2,4,6,1,5,sil
17.730544090270996,11,-5,1,-13,-1,-16,-20,0,8,-10,8,14,8,12,sil
17.74661636352539,6,-4,-3,-12,-6,-14,-13,1,15,-2,13,16,16,6,sil
17.74661636352539,2,0,3,-12,-9,-15,-13,1,16,1,9,13,18,-4,sil
17.74661636352539,4,6,-3,-8,0,-16,-12,0,2,0,13,12,13,-6,sil
17.760276794433594,8,7,0,-2,2,-17,-13,-4,-15,4,18,12,1,-10,sil
17.776318073272705,-3,-1,-2,-3,-1,-15,-19,-4,-22,7,17,0,-4,-17,sil
17.776318073272705,-15,-4,-5,-3,1,-3,-14,-1,-21,-6,10,-12,-8,-12,sil
17.792386770248413,-7,4,9,5,11,8,-5,3,-29,-28,-4,-12,-16,-6,sil
17.792386770248413,-4,4,1,12,8,6,-5,2,-28,-29,-12,-3,-16,-3,sil
17.80956482887268,-12,1,0,9,3,6,-6,-1,-17,-22,-11,-6,-10,-7,sil
17.80956482887268,-12,7,-1,6,3,8,2,0,-17,-21,-16,-16,-10,-14,sil
17.80956482887268,-3,6,-3,8,0,5,11,2,-17,-3,-17,-9,-8,-2,sil
17.82429003715515,4,4,11,13,-5,10,14,2,1,24,-3,12,3,14,sil
17.840349435806274,2,0,-2,9,-4,16,17,-1,13,22,2,6,11,14,sil
17.840349435806274,-10,-12,-10,-6,-8,7,16,-3,0,-1,-10,-10,0,4,sil
17.85563325881958,-7,-10,0,-8,-8,5,20,0,4,-4,-13,-3,-9,6,sil
17.85563325881958,16,3,3,10,9,9,22,5,26,6,-3,5,-1,16,sil
17.872347116470337,20,2,9,10,12,6,13,6,25,10,-1,7,7,19,sil
17.872347116470337,4,-7,-5,-2,0,-5,6,5,19,16,4,5,12,14,sil
17.88700556755066,0,-3,-4,-7,-3,-11,0,0,19,21,6,-4,11,0,sil
17.88700556755066,0,-4,-1,-13,-2,-8,-10,-7,9,12,-4,-16,3,-14,sil
17.902886867523193,-9,-11,-12,-20,-7,-7,-13,-9,-1,-3,-6,-16,-3,-12,sil
17.902886867523193,-13,-1,-2,-19,-6,-6,-12,-5,0,-12,0,-6,-5,-15,sil
17.91849374771118,-2,5,0,-11,-2,-6,-18,-6,4,-11,3,1,0,-18,sil
17.91849374771118,7,0,4,-11,-1,-11,-24,-1,-3,-16,3,10,2,-6,sil
17.93420171737671,3,0,9,-13,0,-14,-26,1,-24,-31,2,10,0,-4,sil
17.93420171737671,-4,8,-1,-2,2,-9,-22,-3,-34,-29,0,1,-8,-11,sil
17.950252532958984,4,11,10,15,9,0,-4,0,-17,-3,8,6,-7,2,sil
17.950252532958984,15,10,4,19,15,7,9,9,-4,15,16,20,0,17,sil
17.965698719024658,5,5,-3,5,6,9,6,8,-18,5,10,10,-1,0,sil
17.965698719024658,-11,1,3,0,-2,14,10,2,-12,0,1,-8,-7,-9,sil
17.981308460235596,-13,-1,0,11,1,19,29,0,20,25,-3,-14,0,2,sil
17.981308460235596,-5,-2,4,25,2,19,32,2,32,39,-7,-11,2,6,sil
17.99647855758667,-1,-6,-5,23,-2,8,16,5,20,22,-4,-8,1,7,sil
17.99647855758667,0,-11,-9,2,-4,0,3,1,10,3,-7,-5,2,14,sil
18.01199436187744,5,-9,5,-7,-5,0,5,-3,11,6,-14,-2,4,6,sil
18.01199436187744,5,-1,0,6,-3,-2,11,-3,16,15,-2,5,8,2,sil
18.02751660346985,1,1,-2,1,0,-3,0,0,14,6,10,15,14,9,sil
18.02751660346985,-2,0,-12,-21,-5,-5,-13,0,0,-12,7,6,11,0,sil
18.043282508850098,-2,-4,-8,-26,-17,-16,-13,-7,-10,-25,0,0,-1,-12,sil
18.043282508850098,0,-3,7,-21,-13,-17,-12,-4,-10,-17,6,11,-2,-5,sil
18.06643533706665,-1,0,-8,-18,4,-10,-13,0,-9,-9,10,8,3,-2,sil
18.06643533706665,0,7,-3,-4,8,-13,-18,0,-21,-21,2,0,-6,-13,sil
18.06643533706665,5,15,8,16,1,-12,-16,-1,-25,-28,7,7,-13,-6,sil
18.074185848236084,9,14,7,22,6,5,-4,0,-18,-14,10,7,-3,5,sil
18.08955812454224,0,8,13,16,10,16,1,3,-14,-7,-11,-9,-5,-5,sil
18.08955812454224,-3,3,4,17,4,8,0,0,-7,-6,-20,-15,-13,-7,sil
18.10524725914001,6,3,6,21,5,10,2,-2,1,1,-1,-4,-4,13,sil
18.10524725914001,8,1,3,21,9,21,13,0,5,15,0,-2,5,15,sil
18.12064790725708,-1,-7,-8,13,5,14,16,0,13,27,-10,-8,5,7,sil
18.12064790725708,2,-7,1,-4,0,0,8,0,20,25,-3,0,9,15,sil
18.136001110076904,12,-5,0,-23,-7,-10,0,3,14,10,0,5,14,13,sil
18.136001110076904,1,-11,-4,-29,-18,-16,-8,0,1,-3,-8,0,6,-4,sil
18.15167188644409,-17,-14,-12,-27,-20,-21,-15,-3,-1,-12,-10,-2,-3,-17,sil
18.15167188644409,-20,-7,-15,-28,-17,-20,-20,-1,-2,-19,-3,-5,-9,-26,sil
18.167205095291138,-15,0,5,-24,-7,-7,-12,5,-4,-14,6,-6,-10,-27,sil
18.167205095291138,-13,5,0,-4,15,6,6,6,-4,4,10,-6,-5,-10,sil
18.18424391746521,-12,7,-5,2,24,16,12,2,-10,9,-11,-12,-10,-2,sil
18.18424391746521,-7,3,0,5,19,27,20,1,0,7,-17,-15,-12,-3,sil
18.199718952178955,5,1,0,17,22,31,45,7,36,30,11,-1,7,17,sorry
18.199718952178955,12,-2,4,8,15,14,40,9,49,43,18,8,23,27,sorry
18.21532201766968,7,-8,-5,-13,-6,-10,2,-3,25,24,4,6,16,10,sorry
18.21532201766968,14,1,1,-12,-14,-16,-16,-9,4,5,16,17,12,7,sorry
18.23127508163452,27,15,10,5,-3,-7,-12,-5,-7,-7,24,26,6,14,sorry
18.23127508163452,12,3,-3,11,0,-6,-14,-8,-28,-33,6,11,-17,-6,sorry
18.2466208934784,-6,0,8,15,-4,-5,-10,-5,-37,-39,-4,-1,-27,-22,sorry
18.2466208934784,-3,12,11,30,0,5,6,4,-17,-11,0,-1,-7,-2,sorry
18.26195740699768,-1,6,2,31,0,6,8,4,3,4,-5,-7,0,9,sorry
18.26195740699768,-15,-19,-1,1,-17,-7,-1,-1,2,0,-16,-9,-4,1,sorry
18.27736568450928,-15,-25,-9,-20,-31,-15,-14,-6,0,-1,-9,-1,5,0,sorry
18.27736568450928,0,-2,4,-13,-21,-11,-27,-4,2,-3,2,10,13,-1,sorry
18.29262471199036,10,13,3,0,-8,-9,-28,-3,-7,-12,12,23,10,-6,sorry
18.29262471199036,10,14,0,10,-3,-10,-21,-4,-25,-20,14,19,6,0,sorry
18.30856990814209,5,10,11,17,5,0,-12,0,-26,-19,-1,-4,-5,0,sorry
18.30856990814209,-6,-1,-5,10,18,13,0,3,-18,0,-22,-29,-14,-3,sorry
18.32369494438172,-15,-9,-9,4,18,19,11,-2,-14,14,-28,-28,-11,-4,sorry
18.32369494438172,-7,-2,-6,11,12,18,21,0,0,8,-22,-13,-1,0,sorry
18.33961248397827,6,0,-2,0,6,8,25,10,26,13,-5,2,14,13,sorry
18.33961248397827,11,-1,6,-19,2,1,20,11,46,27,16,17,30,20,sorry
18.35523724555969,5,0,-5,-23,0,-2,9,3,47,16,18,10,17,7,sorry
18.35523724555969,3,0,-7,-28,-1,-10,-5,1,22,-3,1,-1,-5,-8,sorry
18.37225699424744,9,5,-4,-24,0,-14,-8,-2,-2,-6,3,6,1,-4,sorry
18.37225699424744,11,16,1,-10,5,-15,-6,-8,-11,-10,9,16,9,0,sorry
18.38727688789368,0,13,10,-8,0,-15,-12,-2,-21,-17,1,-1,-12,-9,sorry
18.38727688789368,-9,-2,-3,-8,-4,-6,-8,0,-22,-8,0,-22,-28,-19,sorry
18.4014253616333,-6,-3,2,-3,5,8,0,-2,-8,0,3,-13,-18,-15,sorry
18.41746711730957,-3,3,0,-1,10,10,-3,0,1,2,4,0,-7,-4,sorry
18.41746711730957,-6,-2,-8,8,1,4,-1,3,0,4,7,2,-1,0,sorry
18.43458604812622,-10,-10,7,16,-1,8,6,6,0,1,5,3,1,2,sorry
18.43458604812622,-16,-13,-3,6,0,11,10,4,6,2,-10,-7,-7,2,sorry
18.43458604812622,-17,-11,-8,1,0,13,14,4,12,7,-23,-21,-16,1,sorry
18.450342655181885,-5,0,3,16,3,15,19,1,6,11,-5,-5,-1,1,sorry
18.450342655181885,3,1,7,26,4,11,17,-1,-3,12,6,7,6,7,sorry
18.46546721458435,4,-7,12,20,0,4,15,0,-11,2,-8,1,-4,12,sorry
18.46546721458435,9,-7,3,8,-8,-4,8,-3,-11,-3,-7,1,3,10,sorry
18.48224520683289,13,0,5,-7,-17,-11,-6,-11,-3,0,9,10,21,6,sorry
18.48224520683289,2,1,2,-9,-15,-6,-6,-1,10,7,8,5,18,3,sorry
18.497360229492188,-2,0,-6,3,-6,-7,-1,5,10,7,0,1,10,2,sorry
18.497360229492188,1,0,4,0,-7,-12,-7,0,2,2,0,5,6,-4,sorry
18.513286113739014,-1,-5,-11,-19,-10,-8,-15,-5,2,-6,-4,-2,0,-7,sorry
18.513286113739014,-7,-5,-18,-22,-4,-6,-18,-3,-2,-17,-5,-6,0,-5,sorry
18.52760601043701,0,4,0,-6,0,-11,-20,-4,-9,-15,2,6,4,-6,sorry
18.542247533798218,16,20,2,11,6,-5,-10,-2,6,-1,18,19,12,0,sorry
18.542247533798218,30,29,16,17,14,8,1,5,26,13,28,27,19,15,sorry
18.557326316833496,21,12,8,4,9,4,6,3,21,8,11,21,10,13,sorry
18.557326316833496,0,-4,-3,-10,0,-9,0,-1,-1,-16,-16,0,-10,-7,sorry
18.57284116744995,-8,-2,0,-16,0,-11,-12,0,-13,-19,-14,-5,-16,-15,sorry
18.57284116744995,-8,-6,-5,-15,0,-5,-19,2,-8,-5,0,-6,-16,-11,sorry
18.58839607238769,-10,-3,-4,-6,0,4,-7,0,-13,-16,-9,-16,-21,-12,sorry
18.58839607238769,-6,7,-6,9,6,10,5,-1,-23,-20,-12,-18,-16,-7,sorry
18.60354709625244,-4,0,-2,7,5,6,6,-2,-27,-6,-3,-12,-10,-2,sorry
18.60354709625244,-5,-10,6,1,5,8,3,0,-25,0,-7,-16,-12,-6,sorry
18.618617296218872,-2,2,-1,16,16,11,0,-2,-19,4,-7,-17,-3,1,sorry
18.618617296218872,-1,11,6,28,13,8,-5,0,-23,2,1,-1,0,10,sorry
18.634506940841675,0,4,3,26,3,9,0,2,-22,0,6,3,0,8,sorry
18.634506940841675,6,1,-2,17,5,9,19,0,6,19,4,1,8,12,sorry
18.64970326423645,-3,-7,0,-5,2,3,27,0,36,35,-3,-2,6,11,sorry
18.64970326423645,-21,-26,-15,-29,-15,0,13,3,36,22,-11,-17,-4,0,sorry
18.664625883102417,-12,-29,-8,-26,-30,-2,5,6,38,21,-1,-11,2,3,sorry
18.664625883102417,5,-10,1,-6,-18,0,24,7,54,32,14,17,20,19,sorry
18.68059515953064,7,6,1,-7,0,1,31,11,49,18,12,27,20,13,sorry
18.68059515953064,5,7,6,-20,-2,-5,8,6,22,-1,6,17,4,-5,sorry
18.695513248443604,5,-2,-3,-19,-10,-14,-8,-6,0,-10,7,10,0,-9,sorry
18.695513248443604,5,0,5,-12,-4,-10,-12,-9,-9,-18,2,11,6,-2,sorry
20.53468585014344,0,-4,-1,10,1,14,8,-3,-1,6,-1,0,-4,12,sil
20.53468585014344,0,-4,4,16,-2,12,15,2,14,22,14,6,10,24,sil
20.5502405166626,0,-4,3,14,-2,8,21,5,26,34,15,6,12,23,sil
20.5502405166626,-12,-13,-17,-2,0,1,9,1,11,22,-10,-20,0,0,sil
20.56626415252685,-18,-14,-7,-17,-9,-3,-2,-3,0,0,-24,-28,-7,-15,sil
20.56626415252685,0,-2,-5,-20,-9,-11,-6,-8,9,-4,-6,-7,-1,-6,sil
20.58133029937744,17,9,-1,-17,-1,-16,-14,-5,13,-3,9,7,8,0,sil
20.58133029937744,11,16,5,-7,4,-8,-12,1,3,-11,14,13,11,-12,sil
20.59733963012696,6,15,1,3,12,-4,-1,3,-6,-13,17,16,4,-13,sil
20.59733963012696,0,7,9,4,10,-10,-5,1,-25,-15,7,1,-13,-4,sil
20.61338496208191,-19,-8,-1,0,-4,-4,-11,-2,-37,-24,-19,-26,-31,-18,sil
20.61338496208191,-21,-14,-11,-4,-9,12,4,-4,-18,-16,-37,-30,-28,-21,sil
20.62890124320984,0,-3,-6,1,2,20,25,5,9,9,-28,-13,-6,2,sil
20.62890124320984,3,-1,-5,-1,4,10,25,8,23,19,-12,-6,8,14,sil
20.644457578659058,0,-6,4,-11,-7,0,10,0,25,15,-2,0,11,15,sil
20.644457578659058,13,0,1,-3,-13,-5,-2,-1,27,14,4,16,14,26,sil
20.659698247909542,21,7,0,2,-9,-9,-9,-3,8,0,10,23,14,17,sil
20.659698247909542,8,4,0,-10,-5,-3,-8,-9,-18,-19,13,11,5,-8,sil
20.67541265487671,-6,1,-7,-15,-1,-2,-14,-8,-29,-22,8,0,-11,-16,sil
20.67541265487671,-4,5,7,1,2,-9,-24,0,-26,-19,3,0,-18,-11,sil
20.690593481063843,0,6,5,19,9,-2,-12,2,-15,-7,7,2,-3,-7,sil
20.690593481063843,-11,0,-4,21,10,11,5,3,-6,11,0,-4,2,0,sil
20.70662498474121,-19,-14,0,5,0,5,5,1,0,24,-15,-13,-6,3,sil
20.70662498474121,-7,-18,-9,-10,-10,-4,-5,-3,12,26,-7,-9,-1,0,sil
20.72266221046448,2,-6,-1,-19,-4,-5,-12,1,20,12,7,7,12,1,sil
20.72266221046448,8,3,6,-11,4,-5,-8,5,15,-1,14,17,11,1,sil
20.738821744918823,14,5,6,-1,2,-4,-5,2,4,-13,13,15,2,-3,sil
20.738821744918823,7,10,6,2,2,-2,-7,2,-2,-12,18,18,9,-4,sil
20.754408359527588,4,21,1,16,15,-1,5,0,-1,8,31,17,21,5,sil
20.754408359527588,16,27,21,31,24,8,20,4,4,17,23,10,14,16,sil
20.77047324180603,8,8,12,24,11,17,18,8,6,1,-8,-6,-5,10,sil
20.77047324180603,-13,-15,-11,-1,-8,10,14,1,0,-5,-30,-29,-19,-7,sil
20.78634476661682,-19,-15,-5,-12,-8,8,18,-4,1,6,-26,-33,-18,-14,sil
20.78634476661682,-8,-8,-5,-1,6,14,23,-5,15,15,-8,-12,-2,3,sil
20.8018445968628,4,-7,0,11,7,10,21,-7,23,8,0,3,11,23,sil
20.8018445968628,5,-4,0,6,-1,0,13,-5,19,4,-2,2,15,15,sil
20.8176794052124,-2,-6,-8,-13,-12,-12,-4,0,7,1,-5,0,11,0,sil
20.8176794052124,0,-7,-4,-26,-21,-20,-19,-3,-21,-24,-9,4,0,-5,sil
20.83345866203308,3,0,-10,-24,-19,-21,-21,-8,-42,-45,-12,0,-15,-13,sil
20.83345866203308,0,6,0,-17,-11,-20,-20,0,-31,-38,-8,-7,-15,-22,sil
20.84965968132019,0,9,4,2,-1,-13,-20,10,-20,-25,0,0,-9,-20,sil
20.84965968132019,0,7,-7,23,13,6,-9,3,-21,-11,6,9,-7,-2,sil
20.86495685577393,-7,0,0,15,17,20,3,0,-9,11,6,6,-1,8,sil
20.86495685577393,-8,-3,-1,5,1,10,8,2,8,21,-2,-4,3,8,sil
20.88022422790528,2,0,0,6,-8,1,7,2,15,21,-7,-3,0,13,sil
20.88022422790528,9,-1,0,-5,-3,2,3,1,25,30,6,8,5,19,sil
20.89630508422852,3,-3,-4,-20,-1,-7,-6,0,21,17,18,16,19,11,sil
20.89630508422852,5,0,11,-13,-10,-14,-17,0,0,-10,15,17,11,-1,sil
20.911794185638428,9,4,4,4,-3,-2,-11,-4,-6,-2,14,2,0,-7,sil
20.911794185638428,-7,1,0,13,13,11,-2,0,-8,11,7,-18,-8,-14,sil
20.92768716812133,-27,-8,-3,7,9,14,0,4,-22,-3,-10,-31,-23,-23,sil
20.92768716812133,-22,-20,-10,-6,-2,7,3,-2,-10,-8,-23,-32,-27,-15,sil
20.94323754310608,-6,-8,4,-10,2,0,8,-4,19,9,-16,-13,-9,2,sil
20.94323754310608,6,9,8,0,7,-6,7,2,25,16,0,10,8,4,sil
20.95864963531494,12,4,4,0,-4,-14,-4,0,10,0,6,17,6,-5,sil
20.95864963531494,4,0,5,-5,-4,-10,-12,-4,0,-12,4,10,-1,-6,sil
20.974555730819706,0,14,-4,5,8,-3,0,0,-2,-9,6,7,0,1,sil
20.974555730819706,8,21,6,21,11,6,18,5,-3,5,6,7,4,8,sil
20.989722728729248,13,5,6,21,3,23,24,0,3,13,2,8,11,17,sil
20.989722728729248,14,0,2,13,-4,20,20,0,11,3,1,12,19,23,sil
21.005243062973022,13,2,1,2,-9,0,12,2,18,1,1,11,24,13,sil
21.005243062973022,7,-8,-13,-11,0,-5,2,-2,24,10,2,3,23,2,sil
21.021231651306152,4,-12,-5,-29,3,-7,-11,-1,8,-4,6,5,10,0,sil
21.021231651306152,1,3,1,-22,-9,-22,-25,0,-13,-27,7,8,0,-6,sil
21.036739587783813,-5,9,1,0,-11,-16,-24,-2,-25,-26,0,-1,-7,-11,sil
21.036739587783813,-15,0,-1,7,3,7,-13,0,-36,-17,-12,-15,-21,-11,sil
21.05228304862976,-25,-11,-19,0,8,15,0,1,-30,-7,-25,-25,-25,-4,sil
21.05228304862976,-26,-16,-7,-4,10,13,17,2,-2,10,-22,-24,-10,3,sil
21.06731963157653,-12,-16,-1,-7,10,9,22,0,13,19,-14,-25,-8,3,sil
21.06731963157653,1,-11,-4,-12,-13,0,8,-4,8,7,-15,-20,-14,0,sil
21.08288860321045,3,-2,4,-5,-13,-6,0,1,7,-3,-4,2,-1,-7,sil
21.08288860321045,0,-4,-4,-2,18,-13,-1,7,8,-3,14,17,7,-7,sil
21.09846043586731,11,2,3,0,18,-10,-5,0,2,4,17,16,2,1,sil
21.09846043586731,20,31,19,25,0,2,-6,-6,-7,9,22,21,3,8,sil
21.11379075050354,11,31,17,47,4,2,-3,-4,-18,0,29,26,6,9,sil
21.11379075050354,3,-1,17,29,0,4,-4,0,-20,-2,11,13,1,11,sil
21.1294162273407,0,-18,-4,0,-16,5,0,-1,-2,11,-4,-6,2,13,sil
21.1294162273407,-7,-10,-9,-16,-24,-2,0,-2,13,10,-3,-15,6,5,sil
21.145634412765503,-3,-2,-4,-18,-26,-13,-9,0,13,-5,-7,-5,6,-4,sil
21.145634412765503,9,4,-6,-13,-16,-14,-11,2,8,-9,-3,11,6,-8,sil
21.16132402420044,15,14,6,-11,8,-5,-2,4,9,-3,14,20,4,-6,sil
21.16132402420044,3,10,0,-7,15,1,0,0,5,-1,6,0,0,-9,sil
21.17594861984253,-8,0,-6,3,3,-1,-7,-2,-11,-6,-18,-20,-8,-16,sil
21.17694997787476,-5,4,-2,17,9,7,0,2,-6,0,-10,-12,-5,-10,sil
21.194637298583984,-4,8,-5,21,20,23,14,4,15,17,-2,-10,-1,0,sil
21.194637298583984,-26,-15,-9,-6,3,17,12,0,12,12,-29,-30,-16,-7,sil
21.20839262008667,-34,-35,-24,-37,-15,3,7,-7,-5,-8,-38,-34,-24,-15,sil
21.20839262008667,-5,-11,-6,-22,-6,0,7,-3,-4,-12,-11,-2,-9,-3,sil
21.222264528274536,18,12,13,7,6,-6,0,1,9,0,16,21,9,8,sil
21.222264528274536,15,6,4,4,0,-11,-11,0,10,0,33,25,21,6,sil
21.239364862442017,7,5,13,-3,0,-2,-15,-1,-6,-7,26,23,15,0,sil
21.239364862442017,1,12,13,8,15,0,-4,2,-19,-11,7,10,0,0,sil
21.255098342895508,-1,1,5,12,17,1,1,4,-16,-5,1,-1,-3,8,sil
21.255098342895508,0,-4,1,10,3,7,5,0,-9,5,10,5,2,16,sil
21.27057719230652,5,0,-4,14,4,11,14,-3,2,17,10,9,9,19,sil
21.28570890426636,0,-3,4,0,0,3,15,0,15,18,-8,-1,8,14,sil
21.28570890426636,-2,-12,-1,-18,-17,-10,0,0,16,6,-17,-2,1,3,sil
21.28570890426636,13,2,0,-15,-16,-20,-13,-1,9,0,6,12,0,4,sil
21.30226254463196,29,30,15,2,1,-9,-7,3,1,2,29,24,7,8,sil
21.30226254463196,19,24,3,19,11,1,10,1,-3,2,13,6,2,0,sil
21.317306518554688,0,-6,1,16,6,4,12,-3,-11,-15,-15,-19,-21,-10,sil
21.33388638496399,-16,-23,-10,0,-3,11,4,0,-8,-14,-23,-31,-23,-12,sil
21.33388638496399,-22,-19,-23,-12,-11,11,9,1,5,8,-20,-27,-6,-9,sil
21.33388638496399,-14,-19,-11,-28,-18,-1,5,0,13,12,-19,-17,-1,-2,sil
21.34825325012207,-10,-19,-12,-36,-20,-15,-16,0,3,-10,-10,-7,0,0,sil
21.34825325012207,-4,3,1,-15,-8,-16,-29,0,-9,-21,5,4,7,-8,sil
21.365229845047,13,25,13,21,7,-7,-17,0,-6,-4,16,19,8,-6,sil
21.365229845047,14,20,16,36,12,5,-3,-5,-2,8,13,19,3,3,sil
21.380916833877563,-3,5,16,24,10,12,1,-8,-12,0,0,0,-5,-4,sil
21.380916833877563,-11,-6,-5,14,9,7,3,-4,-21,-7,-16,-14,-9,-11,sil
21.396535396575928,-10,-14,-6,8,5,9,9,1,-10,0,-18,-9,-1,-3,sil
21.396535396575928,-11,-12,-3,-6,-1,16,17,4,8,15,-5,-5,4,0,sil
21.41174793243408,-13,-11,-12,-24,-4,6,8,4,18,16,1,-8,1,0,sil
21.426586866378784,-12,-5,-7,-23,-2,-6,-10,2,19,5,2,-1,7,-5,sil
21.426586866378784,0,7,-6,-11,-3,-10,-17,-2,19,0,13,18,17,-4,sil
21.442662954330444,17,15,7,-8,-1,-10,-16,-1,5,-3,27,38,10,5,sil
21.442662954330444,15,14,16,0,8,-15,-15,3,-12,-15,23,28,-1,2,sil
21.45730996131897,0,15,2,13,10,-9,-7,1,-14,-17,7,-2,-7,-9,sil
21.45730996131897,2,17,3,15,4,6,9,1,-12,-8,0,-5,-11,-3,sil
21.472400903701782,13,12,4,19,13,13,24,1,-8,-1,0,-1,-12,12,sil
21.472400903701782,16,7,12,31,18,13,24,2,-1,9,-3,-10,-4,17,sil
21.489513635635376,9,0,6,25,5,14,15,2,7,26,-9,-11,6,18,sil
21.489513635635376,2,-14,-14,-3,-6,0,6,-4,18,24,-8,-3,11,21,sil
21.50557923316956,-1,-20,-8,-25,-13,-11,0,-4,20,11,-8,-4,6,14,sil
21.50557923316956,-2,-18,-10,-23,-18,-1,-1,-2,8,3,-12,-11,0,2,sil
21.520219564437863,0,-10,-5,-25,-15,-7,-5,-1,-3,-12,-14,-6,-4,-7,sil
21.520219564437863,4,-1,1,-24,-8,-22,-7,0,-5,-27,-3,4,-5,-15,sil
21.53559136390686,2,4,0,-4,-8,-17,-5,0,-12,-24,9,11,-3,-9,sil
21.53559136390686,-5,7,13,6,-4,-1,-6,0,-16,-13,15,8,-4,-2,sil
21.55368137359619,-11,3,3,4,4,2,-4,2,-4,-4,12,0,-4,-10,sil
21.55368137359619,-15,0,-9,4,5,1,-6,3,-2,-4,0,-5,-8,-23,sil
21.55368137359619,-21,-5,-7,2,1,7,-13,-1,-12,-10,-13,-9,-17,-20,sil
21.56728148460388,-19,-5,-5,5,5,18,-1,-6,-7,4,-7,-14,-9,-4,sil
21.5826313495636,-7,0,12,18,11,25,17,1,0,19,-1,-9,4,3,sil
21.5826313495636,0,0,0,13,9,15,14,5,3,16,-12,-3,7,0,sil
21.59765911102295,0,-7,-8,-3,1,1,12,-1,7,14,-14,-4,6,-2,sil
21.59765911102295,6,-3,6,-1,0,2,18,-3,13,18,4,3,17,6,sil
21.61363983154297,15,0,0,0,4,8,8,0,20,16,20,13,31,21,sil
21.61363983154297,21,2,3,-10,1,0,-4,4,23,10,14,18,28,25,sil
21.62951707839965,18,6,4,-3,-5,-15,-9,3,15,1,8,16,12,15,sil
21.62951707839965,12,8,2,5,-7,-19,-15,-2,0,-11,11,15,1,3,sil
21.644662380218502,4,8,5,-9,-10,-9,-17,-3,-7,-17,8,10,0,-5,sil
21.644662380218502,-5,0,-7,-24,-15,-11,-15,-2,-13,-24,-8,-4,-15,-17,sil
21.660672426223755,-2,0,0,-6,-9,-13,-16,1,-19,-29,-18,-9,-33,-18,sil
21.660672426223755,12,17,8,23,6,0,-4,3,-10,-6,1,5,-18,0,sil
21.676576614379883,11,19,1,23,12,6,4,0,2,14,13,8,1,10,sil
21.676576614379883,-6,0,0,9,7,0,1,1,4,9,0,-4,-3,4,sil
21.691615343093872,-13,-9,-9,7,8,5,7,5,0,4,0,-11,-8,2,sil
21.691615343093872,-14,-12,-2,0,5,12,13,5,-5,5,0,-15,-2,0,sil
21.7076382637024,-17,-14,-4,-5,0,6,7,2,-2,11,-15,-23,-3,-6,sil
21.7076382637024,-5,-8,-9,0,0,1,8,0,12,19,-13,-13,0,3,sil
21.72368288040161,2,-6,3,-1,2,3,13,-3,9,1,0,5,8,13,sil
21.72368288040161,-5,-4,-4,-4,1,-2,4,-8,-4,-16,2,4,5,1,sil
21.739251136779785,-5,0,-2,-9,-7,-11,-12,-10,-12,-6,-1,0,-5,-11,sil
21.739623546600345,2,-3,2,-24,-17,-16,-17,-6,-13,-1,0,9,-6,-15,sil
21.75438928604126,4,0,0,-16,-5,-17,-9,-1,-21,-15,3,11,0,-12,sil
21.75438928604126,3,17,13,13,7,-5,-9,4,-27,-20,0,2,0,-5,sil
21.770442962646484,-5,10,1,25,3,9,-4,7,-18,-8,0,-10,-5,0,sil
21.770442962646484,-13,-7,-3,17,3,23,10,4,-6,0,-9,-17,-7,-1,sil
21.785930156707764,-6,-4,-1,4,11,25,22,1,2,9,-18,-15,1,2,sil
21.785930156707764,-4,-2,-9,-12,1,8,15,0,18,13,-12,-11,7,10,sil
21.80188131332397,0,-3,5,-14,-3,0,9,2,37,11,4,2,5,8,sil
21.80188131332397,21,5,8,0,4,1,13,0,42,17,17,20,14,8,sil
21.817426681518555,27,12,5,-7,0,-11,0,-2,26,10,14,26,22,6,sil
21.817426681518555,6,5,1,-20,-11,-20,-20,1,7,-7,20,21,14,-2,sil
21.83325171470642,0,4,2,-4,-7,-12,-17,4,0,-6,31,19,10,0,sil
21.83325171470642,4,8,14,13,-5,-7,-14,0,-10,-2,12,7,4,-1,sil
21.849470615386963,-4,-1,-4,14,-11,0,-16,-7,-19,-8,-19,-14,-6,-10,sil
21.849470615386963,-4,-9,-14,12,-1,19,6,-3,-4,0,-18,-19,-4,2,sil
21.864750623703003,5,-5,2,11,9,24,30,5,14,16,0,-6,4,21,sil
21.864750623703003,0,-9,-8,0,0,2,18,1,16,14,-7,-2,-1,11,sil
21.88071227073669,-1,-8,-7,-7,-2,-6,0,-2,8,2,-17,0,-9,-1,sorry
21.88071227073669,10,5,2,-1,7,-6,-6,-1,3,-2,-1,7,-6,-2,sorry
21.89573335647583,5,2,3,-4,2,-15,-18,-3,-13,-10,14,6,-10,-10,sorry
21.89573335647583,-6,-1,-2,-8,-3,-12,-22,-3,-29,-17,11,5,-22,-15,sorry
21.911260843276978,3,10,-1,8,4,4,-6,1,-21,-18,5,3,-20,-7,sorry
21.911260843276978,3,9,19,17,8,9,1,6,-8,-15,0,-2,-12,-4,sorry
21.927345752716064,-19,-8,1,9,7,3,1,3,-8,-7,-6,-14,-9,-7,sorry
21.927345752716064,-26,-9,-17,1,7,0,4,0,-11,2,-17,-26,-11,-3,sorry
21.942610263824463,-18,-5,-7,-3,0,0,4,-2,-9,6,-29,-29,-8,-2,sorry
21.942610263824463,-20,-15,-16,-12,-9,0,0,-4,-9,2,-26,-22,2,-5,sorry
21.958731174469,-12,-12,-6,-16,-10,1,5,-1,0,9,-8,-2,14,0,sorry
21.958731174469,2,-5,1,-11,-3,2,17,2,18,28,2,6,22,12,sorry
21.97449278831482,4,-10,-4,-12,0,0,14,0,16,18,-2,-1,19,11,sorry
21.97449278831482,6,-4,1,-15,-6,-2,1,-3,4,-6,-1,1,9,0,sorry
21.98965549468994,24,15,5,-5,-8,-7,-1,0,15,-5,26,28,15,10,sorry
21.98965549468994,36,26,17,0,-3,-18,-4,7,17,1,45,43,25,21,sorry
22.004689693450928,23,19,17,0,0,-19,-9,3,-9,-5,27,25,13,5,sorry
22.004689693450928,7,12,5,11,4,2,-4,-2,-24,-8,7,6,-4,-5,sorry
22.020597457885746,4,18,10,22,8,21,-4,0,-7,-8,10,5,-8,-1,sorry
22.020597457885746,-2,15,3,22,7,3,-14,0,-3,-13,5,0,-8,-3,sorry
22.03662109375,-12,-2,5,21,6,-1,-12,0,-13,-11,-10,-7,-12,-9,sorry
22.03662109375,-9,-4,5,19,5,24,10,5,0,3,-4,-2,-3,-4,sorry
22.051661252975464,1,-1,-2,15,2,32,26,1,18,16,7,1,3,7,sorry
22.051661252975464,1,-11,3,12,3,10,18,-1,23,17,-1,-5,0,13,sorry
22.06710195541382,-6,-17,-13,2,3,-3,7,0,22,19,-16,-15,0,4,sorry
22.06710195541382,-5,-8,-10,-11,-6,-5,-1,0,16,10,-15,-11,3,-1,sorry
22.09026885032653,0,-4,-1,-17,-11,-8,-8,-1,17,1,-4,0,5,2,sorry
22.09026885032653,-9,-9,-14,-20,-6,-15,-14,-2,15,0,-4,-1,0,-6,sorry
22.09026885032653,-14,-4,-11,-20,-1,-20,-15,-3,-13,-14,-15,-7,-14,-26,sorry
22.09832739830017,-2,4,-13,-15,0,-18,-13,-4,-31,-30,-8,-1,-17,-21,sorry
22.11323571205139,2,7,0,-15,4,-9,-13,-4,-21,-17,6,5,-6,-6,sorry
22.11323571205139,3,5,11,-11,7,1,-10,0,-15,0,10,7,0,-12,sorry
22.12934851646424,3,0,0,0,2,9,0,1,-11,-9,2,-2,-4,-12,sorry
22.12934851646424,-8,-9,0,3,-1,15,11,0,-10,-17,-12,-21,-19,-5,sorry
22.145150184631348,-20,-17,-5,0,1,16,24,2,-11,4,-18,-29,-15,0,sorry
22.145150184631348,-11,-17,-6,0,3,12,35,5,10,36,-12,-15,5,15,sorry
22.1614727973938,0,-14,-4,-1,0,12,28,1,35,37,-8,-6,9,21,sorry
22.174949645996094,0,-8,-6,-4,-6,3,3,0,20,13,-1,-2,3,10,sorry
22.174949645996094,8,2,10,-6,-10,-13,-16,2,0,1,13,11,13,11,sorry
22.19008994102478,22,9,10,0,-11,-22,-18,-2,7,0,19,19,20,16,sorry
22.19008994102478,22,13,7,0,-10,-20,-19,-6,-2,-21,8,15,7,2,sorry
22.206732511520386,10,16,16,-2,-7,-13,-24,0,-28,-33,10,21,0,-3,sorry
22.206732511520386,8,14,5,7,0,-4,-16,0,-22,-7,22,25,5,0,sorry
22.22121024131775,9,17,13,21,11,1,-8,2,-9,0,9,18,8,-3,sorry
22.22121024131775,0,17,11,29,16,4,-2,4,-14,-15,-8,3,-2,-6,sorry
22.236765146255493,-11,3,-1,26,9,8,6,1,-8,-6,-5,-10,-11,0,sorry
22.236765146255493,-10,-4,-2,14,1,10,15,0,1,8,0,-11,-1,1,sorry
22.25306940078736,-2,0,-9,12,4,10,23,0,1,10,0,-3,9,3,sorry
22.25306940078736,1,3,4,11,7,16,29,0,11,25,5,7,9,14,sorry
22.26845598220825,1,0,2,-1,1,11,21,-2,26,33,11,4,7,17,sorry
22.26845598220825,2,-5,-15,-10,-4,-6,0,-4,17,4,-10,-13,-5,0,sorry
22.28433847427368,0,-8,-15,-17,-8,-7,-8,-1,9,-14,-27,-16,-13,-15,sorry
22.28433847427368,-9,-9,-17,-27,-7,-4,-13,0,14,-1,0,1,-1,-14,sorry
22.300270318984985,-14,-6,-1,-22,-4,-11,-24,0,-3,-7,17,11,-10,-20,sorry
22.300270318984985,-4,0,8,-5,0,-4,-21,-4,-25,-27,0,0,-18,-24,sorry
22.315298318862915,5,7,9,1,4,7,-7,-2,-13,-13,2,-3,6,0,sorry
22.315298318862915,4,7,16,6,3,6,-2,4,1,5,18,0,14,13,sorry
22.3333797454834,-6,0,0,14,7,7,4,2,4,8,0,-9,-6,1,sorry
22.3333797454834,-13,-6,-7,9,10,17,17,1,10,7,-27,-25,-15,-5,sorry
22.346799850463867,-12,-15,-11,-5,0,16,19,5,15,11,-30,-25,-8,0,sorry
22.346799850463867,-4,-19,-14,-19,-11,0,9,0,17,12,-14,-11,1,7,sorry
22.362037420272827,8,-8,2,-18,-9,-11,4,0,18,13,3,8,13,12,sorry
22.362037420272827,17,0,-4,0,-3,-10,4,1,8,8,10,16,15,9,sorry
22.378592491149902,11,0,0,-3,-8,-15,-4,-2,-8,-9,4,13,9,0,sorry
22.378592491149902,0,-4,3,-24,-11,-21,-16,-1,-20,-22,6,13,3,-5,sorry
22.39363574981689,3,-1,-5,-17,-4,-18,-15,0,-22,-21,9,11,0,-3,sorry
22.39363574981689,18,13,16,13,4,-8,-8,0,-9,-9,10,18,8,6,sorry
22.40920090675354,20,24,13,25,12,-5,-2,1,0,0,17,21,14,8,sorry
22.40920090675354,1,13,0,9,8,-3,-2,3,-19,-15,0,0,-6,-8,sorry
22.42473530769348,-16,0,1,2,1,10,1,2,-23,-26,-22,-17,-24,-19,sorry
22.42473530769348,-15,-1,2,13,6,17,10,-1,-3,-3,-8,-14,-13,-7,sorry
22.440826654434204,-8,1,10,17,10,8,5,-4,-8,13,-3,-13,-8,-2,sil
22.440826654434204,-14,-4,-5,6,0,1,-7,-7,-21,5,-23,-18,-20,-8,sil
22.456446409225464,-17,-13,-14,0,-5,4,-3,0,-9,2,-21,-18,-18,-5,sil
22.456446409225464,-6,-5,-6,3,2,11,12,5,9,15,0,-16,-4,6,sil
22.47163414955139,1,3,-8,3,3,12,15,0,24,27,6,-9,0,15,sil
22.47163414955139,2,2,5,1,-1,10,6,1,29,26,6,5,6,12,sil
22.487563133239743,6,3,5,3,-3,1,10,6,35,27,21,17,24,17,sil
22.487563133239743,11,6,0,-2,-7,-7,8,0,41,27,28,23,31,24,sil
22.503230810165405,10,3,7,-11,-9,-7,-5,-2,30,16,18,26,22,10,sil
22.503230810165405,1,-1,0,-12,-6,-10,-19,0,4,-6,10,18,9,-7,sil
22.518841981887817,-2,0,-2,-21,-12,-17,-33,-1,-21,-35,1,8,-6,-16,sil
22.518841981887817,2,2,0,-17,-16,-11,-31,-4,-28,-39,0,8,-8,-17,sil
22.53466320037841,8,6,9,8,4,4,-4,-2,-19,-20,8,10,2,-10,sil
22.53466320037841,3,10,8,21,24,13,11,-1,-17,-19,6,1,-2,-5,sil
22.55025029182434,-1,1,-9,10,15,7,5,-4,-23,-26,-8,-15,-17,-11,sil
22.55025029182434,-3,-9,0,0,1,6,5,-2,-19,-10,-18,-16,-12,-9,sil
22.565322160720825,-11,-14,-2,0,4,10,13,0,-8,0,-23,-19,-4,0,sil
22.565322160720825,-10,-9,-9,8,9,10,12,2,2,4,-22,-24,-1,6,sil
22.58131170272827,2,-6,0,7,4,7,20,8,25,30,-3,-7,11,17,sil
22.58131170272827,6,-8,-8,-3,-3,2,27,7,37,44,6,4,19,22,sil
22.596776485443115,-1,-3,0,-7,-5,-1,12,3,20,14,-10,-4,3,6,sil
22.596776485443115,-3,4,0,-9,0,-6,2,-2,0,-5,-17,-7,-4,-8,sil
22.61229109764099,6,1,-10,-20,-5,-15,-1,-7,-3,1,-1,2,2,-8,sil
22.61229109764099,11,0,3,-16,-11,-20,-17,-3,-10,1,7,12,0,-3,sil
22.62763977050781,8,5,6,-7,-5,-18,-29,-1,-21,-13,8,12,-9,-4,sil
22.643678665161133,11,11,9,-6,-2,-16,-21,0,-21,-24,10,14,-11,-7,sil
22.643678665161133,11,12,7,2,-3,-8,-13,1,-16,-18,16,18,-7,-4,sil
22.643678665161133,-1,7,0,12,3,1,-13,0,-16,-5,8,5,-12,-3,sil
22.65925931930542,-9,0,5,4,3,5,-6,3,-5,-1,-4,-7,-15,-3,sil
22.65925931930542,-10,-5,-5,10,0,5,13,3,18,5,1,-5,-1,6,sil
22.674824714660645,-13,0,-1,20,0,16,21,1,26,16,2,-8,0,11,sil
22.674824714660645,-11,2,1,18,8,23,8,8,20,22,-5,-15,0,3,sil
22.690223932266235,-7,-2,-8,9,12,16,1,6,13,13,-2,-12,9,0,sil
22.690223932266235,-10,-7,-1,0,3,9,4,-7,1,-4,-8,-7,4,-3,sil
22.706255674362183,-9,-10,-10,0,-3,4,7,-10,3,-8,-21,-8,0,0,sil
22.706255674362183,-2,-14,-11,-7,-4,-5,3,0,11,0,-6,4,14,9,sil
22.72279953956604,-2,-12,0,-25,-6,-6,-3,1,1,0,15,11,17,2,sil
22.72279953956604,1,-3,2,-20,-8,-7,-10,-4,-6,-5,13,7,5,-3,sil
22.73743057250977,21,10,21,4,-2,-12,-15,-3,-6,-1,16,21,11,-1,sil
22.73743057250977,26,23,14,14,8,-5,-12,2,-7,6,36,28,18,2,sil
22.7533974647522,9,18,6,11,15,3,-3,5,-7,4,28,9,1,4,sil
22.7533974647522,-6,1,6,14,6,4,-1,3,-6,-5,-6,-12,-17,-4,sil
22.76876401901245,-10,-4,-12,13,-3,4,0,-1,-12,-2,-24,-22,-18,-15,sil
22.76876401901245,-1,-3,-7,0,-4,9,11,0,-14,8,-19,-15,-11,-7,sil
22.78472113609314,0,-8,-6,-12,-10,5,18,-1,-8,6,-17,-5,-8,5,sil
22.78472113609314,-3,-11,-10,-19,-18,-4,6,-8,-1,-7,-21,-6,-6,0,sil
22.79961419105529,0,-1,-3,-18,-5,-8,0,-9,5,-10,-14,-2,-1,-4,sil
22.79961419105529,6,5,0,-10,5,-17,-1,-4,5,-3,0,5,4,-1,sil
22.81522822380066,1,2,9,-12,-2,-25,-13,-1,-8,-12,6,9,2,-5,sil
22.81522822380066,-2,3,1,-4,0,-13,-18,0,-12,-20,6,4,0,-6,sil
22.83064579963684,0,12,0,18,11,13,0,5,1,-4,2,-1,-1,8,sil
22.83064579963684,0,8,9,25,4,23,17,15,19,18,-7,-7,-4,19,sil
22.847687482833862,-8,-14,-10,2,-2,11,18,8,22,18,-21,-17,-4,8,sil
22.847687482833862,0,-14,-4,-8,5,5,11,-1,17,1,-14,-7,6,5,sil
22.86259388923645,23,10,9,2,10,3,13,1,25,5,20,23,25,16,sil
22.86259388923645,21,11,5,-1,1,-4,9,5,20,11,33,26,21,5,sil
22.87838864326477,-8,-4,0,-13,0,-2,-5,0,-9,-11,6,-1,-6,-15,sil
22.87838864326477,-22,-4,-10,-7,3,-2,-15,-4,-24,-25,-7,-14,-22,-17,sil
22.89485573768616,-10,1,3,8,0,-4,-13,0,-18,0,2,-3,-13,-8,sil
22.89485573768616,0,-3,6,17,1,10,-2,3,-10,27,8,-1,2,1,sil
22.910606861114506,0,-9,-7,8,5,15,5,0,2,24,-3,-7,2,4,sil
22.910606861114506,-8,-10,-7,-11,-8,-4,-3,-4,8,0,-18,-8,-8,-7,sil
22.925673961639404,-5,-9,-13,-21,-20,-15,-18,-8,-1,-12,-1,4,0,-9,sil
22.940656185150143,13,1,3,-8,-11,-4,-19,-4,-11,-10,26,25,14,-2,sil
22.940656185150143,13,15,11,11,0,-1,-12,0,-11,-10,19,24,1,-4,sil
22.940656185150143,-1,8,0,18,6,-3,-3,3,-11,-9,-2,1,-14,0,sil
22.95668578147888,0,0,7,13,8,7,12,6,-9,1,-2,-6,-9,14,sil
22.95668578147888,-1,-3,0,11,6,18,28,1,9,18,-2,-12,1,14,sil
22.97280645370484,-14,-6,-8,-3,-2,3,16,-5,19,10,-15,-18,4,1,sil
22.97280645370484,-11,-3,-2,-13,-10,-15,-4,-5,12,-2,-5,-3,13,0,sil
22.988726139068604,13,13,7,4,-3,-8,-10,0,8,3,20,17,25,4,sil
22.988726139068604,18,26,18,18,6,0,-15,2,1,1,16,15,13,-2,sil
23.003262996673584,-5,10,-2,10,6,-10,-17,2,-18,-14,-4,-5,-13,-14,sil
23.020315647125244,-11,-3,-5,6,6,-3,4,2,-18,-5,-11,-10,-15,-1,sil
23.020315647125244,3,-1,5,8,9,16,23,5,6,16,-3,-3,2,17,sil
23.020315647125244,-2,-7,-8,-9,-3,0,7,0,12,7,-4,-4,4,8,sil
23.03634524345398,-15,-16,-3,-38,-22,-23,-13,-3,-8,-18,-7,-5,-3,-6,sil
23.03634524345398,0,-3,-2,-33,-13,-4,-5,0,-14,-26,-2,0,-4,-7,sil
23.051493406295776,11,9,0,1,9,17,7,0,-4,-16,-5,0,-9,-5,sil
23.051493406295776,0,1,4,13,11,11,11,-5,4,0,-20,-8,-17,-1,sil
23.06651759147644,-7,-13,-7,-9,-6,-1,10,-4,16,12,-26,-15,-11,6,sil
23.08303284645081,6,-12,-2,-19,-11,-1,7,5,23,17,-10,-2,5,6,sil
23.08303284645081,21,3,-1,-2,3,2,6,2,16,12,14,16,17,0,sil
23.08303284645081,7,4,-3,-7,4,-4,-5,-7,-12,-12,8,8,-2,-15,sil
23.097734928131104,-14,-9,-2,-23,-5,-7,-18,-3,-36,-30,-15,-13,-28,-27,sil
23.1146981716156,-5,-5,2,5,6,8,-2,5,-14,-1,-1,-10,-8,-2,sil
23.1146981716156,16,14,22,42,27,24,21,3,17,31,22,10,19,27,sil
23.1146981716156,10,12,7,36,20,15,22,-1,17,25,14,9,17,21,sil
23.12871551513672,-2,-4,-11,9,0,3,9,0,12,12,5,5,15,10,sil
23.146275281906128,4,-6,-1,-6,-6,-2,-3,3,21,11,21,18,27,12,sil
23.146275281906128,8,4,-4,-10,-5,-17,-17,4,5,-1,25,20,15,1,sil
23.146275281906128,-1,11,4,-4,-8,-23,-26,2,-27,-18,10,7,-14,-16,sil
23.16075134277344,-16,0,3,5,-2,-6,-16,0,-31,-13,1,-6,-19,-21,sil
23.178380012512207,-23,-10,-6,6,0,12,0,0,-8,-3,-2,-16,-8,-13,sil
23.178380012512207,-26,-9,-3,-2,-8,20,6,3,3,0,-15,-18,-10,-4,sil
23.17940998077393,-24,-14,-16,-16,-23,5,1,0,0,-2,-27,-20,-17,-4,sil
23.194904804229736,-8,-14,-6,-14,-26,-17,-7,-5,-4,-8,-26,-16,-11,-4,sil
23.194904804229736,12,5,6,5,-10,-19,-10,-1,9,1,0,10,13,8,sil
23.208536386489868,26,22,6,14,7,-10,-6,0,24,14,31,37,32,24,sil
23.225249528884888,31,24,13,8,9,-12,-7,0,11,6,31,32,20,13,sil
23.225249528884888,28,18,10,11,4,-12,-9,-1,-6,0,16,12,0,-1,sil
23.225249528884888,16,7,13,13,6,4,0,0,-14,-7,8,2,-3,4,sil
23.23919129371643,0,0,0,9,12,19,9,0,-12,-9,-6,-9,-2,8,sil
23.25528073310852,-11,-6,-14,11,15,17,19,1,-3,5,-25,-24,-10,0,sil
23.25528073310852,-11,-13,0,4,11,19,27,3,3,16,-19,-17,-13,0,sil
23.27092933654785,-3,-8,-6,-6,5,14,26,1,10,9,-2,-5,-2,7,sil
23.27092933654785,-2,-3,-9,-14,0,-9,4,-2,14,-1,-13,-7,2,-2,sil
23.27092933654785,-6,-10,-7,-21,-5,-19,-17,-1,11,-7,-25,-9,3,-13,sil
23.28555059432984,-8,-10,-12,-29,-5,-9,-25,-2,-2,-9,-2,1,7,-12,sil
23.30070972442627,-3,4,5,-20,0,-3,-23,-7,-27,-19,9,7,-5,-15,sil
23.30070972442627,-3,9,8,7,5,2,-3,-7,-41,-30,-6,-4,-24,-16,sil
23.31626987457276,-12,-2,2,9,0,14,22,0,-22,-16,-19,-12,-17,-5,sil
23.31626987457276,-20,-15,-2,-14,-7,13,31,9,11,5,-13,-7,-1,0,sil
23.332309246063232,-7,-13,-5,-19,-8,2,20,7,21,6,-4,-1,2,0,sil
23.332309246063232,12,1,13,-3,0,-3,3,1,10,3,11,10,14,5,sil
23.347736835479736,14,9,7,-4,0,-12,-16,-1,6,6,31,18,20,10,sil
23.347736835479736,7,11,5,0,0,-16,-33,1,4,2,26,11,5,6,sil
23.36368465423584,8,17,13,31,2,-2,-25,5,0,8,11,1,1,4,sil
23.36368465423584,6,6,-2,39,6,10,-3,0,0,21,8,-7,5,8,sil
23.37873125076294,-4,-11,-7,10,0,12,5,-6,0,9,-2,-17,-7,5,sil
23.37873125076294,-15,-15,-19,-7,-7,7,13,-4,7,0,-18,-20,-14,-2,sil
23.394659280776978,-8,-12,-17,-8,-12,3,20,1,14,11,-16,-9,-1,-6,sil
23.394659280776978,8,-9,-1,-10,-8,5,11,1,12,12,0,5,6,0,sil
23.41023325920105,15,0,-2,-8,0,-5,-1,-1,11,2,8,16,10,4,sil
23.41023325920105,10,8,5,-9,-5,-24,-7,0,4,-2,11,24,9,-1,sil
23.42631959915161,5,7,1,-4,-8,-21,-14,-1,-9,-9,19,25,5,-6,sil
23.42631959915161,9,15,6,14,7,-4,-16,-3,-10,-8,27,20,2,2,sil
23.44146418571472,9,20,22,27,17,7,-7,2,-3,0,21,11,0,9,sil
23.44146418571472,-2,1,6,15,6,10,3,6,-9,-3,2,0,-5,2,sil
23.457508087158203,-9,-6,0,1,1,10,5,2,-11,-3,-13,-7,-7,-2,sil
23.457508087158203,-2,0,-2,9,8,12,8,-1,0,6,-22,-14,-7,1,sil
23.47362327575684,1,0,-4,13,9,13,19,-4,1,8,-24,-14,-7,10,sil
23.47362327575684,-2,-6,8,0,0,5,24,0,4,8,-11,-2,4,13,sil
23.488874673843384,-3,-8,-4,-12,-6,-9,7,0,4,7,-1,0,14,11,sil
23.488874673843384,0,-4,-5,-11,0,-8,-9,0,-4,-7,-15,-11,1,3,sil
23.504663467407227,0,0,-1,-8,5,2,-6,2,1,-15,-16,-9,-8,-2,sil
23.504663467407227,-6,-2,-7,-17,-6,-7,-10,1,6,-14,3,-1,-4,-8,sil
23.52022123336792,-10,-3,-2,-29,-15,-19,-23,0,-14,-24,9,0,-2,-19,sil
23.52022123336792,-2,2,-5,-19,-4,-9,-14,0,-16,-18,5,-1,0,-20,sil
23.53538990020752,9,8,7,1,1,-6,-8,0,-3,-7,9,1,1,-6,sil
23.53538990020752,10,13,15,10,0,-12,-17,1,-9,-10,14,5,0,-5,sil
23.55079364776612,-3,10,1,14,11,4,-6,2,-9,-2,9,4,0,-10,sil
23.55079364776612,-12,-2,-5,14,16,24,10,2,2,16,0,-2,-4,-10,sil
23.566585540771484,-17,-15,-10,0,-2,16,8,-1,1,15,-14,-17,-13,-12,sil
23.566585540771484,-25,-17,-3,-5,-15,8,5,-3,-6,-3,-26,-21,-20,-13,sil
23.58223295211792,-22,-11,-6,5,-5,10,11,1,-1,-4,-25,-7,-21,-7,sil
23.58223295211792,-1,-4,-8,11,4,5,12,3,9,11,-12,0,-11,3,sil
23.59762406349182,11,-4,6,1,0,2,11,0,15,21,0,2,6,16,sil
23.59762406349182,7,-10,-5,-1,-4,0,15,-6,13,20,7,7,18,24,sil
23.61326813697815,7,-3,-2,-1,-3,0,15,0,12,17,2,3,16,20,sil
23.61326813697815,10,4,7,0,-4,-1,13,2,17,12,0,-1,16,13,sil
23.62829160690308,10,-2,-1,-6,-5,-11,7,-2,13,7,11,8,24,12,sil
23.62829160690308,17,0,10,-12,0,-13,-4,-1,6,6,20,27,26,16,sil
23.64389681816101,26,16,3,-5,1,-5,-9,1,11,7,25,29,18,16,sil
23.64389681816101,27,18,1,4,2,-6,-4,1,9,7,30,25,16,11,sil
23.65961194038391,18,15,12,7,10,-9,-6,0,2,3,27,17,14,5,sil
23.66001343727112,-1,10,0,0,11,-10,-17,-2,-1,-12,8,-2,-3,-6,sil
23.67487072944641,-14,0,0,-10,-2,-11,-19,-4,-15,-37,-9,-18,-26,-21,sil
23.67487072944641,-11,-4,-4,-10,-5,-4,-8,-2,-26,-35,-12,-19,-31,-19,sil
23.690401554107662,-13,-1,-8,-2,0,1,-10,0,-29,-23,-9,-17,-26,-15,sil
23.690401554107662,-17,-1,4,0,-3,1,-23,3,-31,-21,-6,-12,-15,-22,sil
23.70683240890503,-9,1,6,12,0,4,-16,2,-21,-17,-5,-10,-2,-16,sil
23.70683240890503,-1,8,7,17,14,16,5,0,-6,-6,-9,-9,-6,0,sil
23.72104549407959,-5,4,-1,9,13,21,13,0,-1,4,-12,-11,-16,1,sil
23.72104549407959,-9,-6,-6,6,0,12,5,1,0,6,-17,-12,-12,-5,sil
23.73756670951844,-2,-7,1,11,-2,6,2,1,4,8,-19,-2,0,-4,sil
23.73756670951844,12,4,-2,20,0,2,8,0,7,19,0,16,12,11,sil
23.75268650054932,17,9,9,21,-1,-1,9,0,8,23,14,22,19,20,sil
23.75268650054932,1,-4,-2,3,-9,-2,7,3,7,7,-1,0,11,8,sil
23.769667863845825,-13,-18,-20,-14,-12,-1,5,4,1,-5,-21,-12,-7,-3,sil
23.769667863845825,-11,-16,-2,-13,-8,0,7,2,4,-2,-15,0,-11,-1,sil
24.38930916786194,0,12,8,36,14,6,-6,-5,6,29,25,9,18,0,sil
24.38930916786194,0,2,1,31,9,15,-3,-9,-11,-1,2,-4,0,0,sil
24.404560327529907,4,-1,-4,15,-3,18,0,-4,-30,-34,-15,-14,-14,-3,sil
24.404560327529907,10,0,-1,12,2,13,12,-1,-24,-29,-16,-1,-5,11,sil
24.42255473136902,2,-6,4,1,5,11,21,-1,-10,-15,-20,3,0,20,sil
24.42255473136902,-7,-13,-13,-16,-9,6,19,1,-4,-3,-20,-3,1,16,sil
24.42255473136902,-2,-13,-7,-19,-18,-5,16,8,14,23,-4,-2,10,17,sil
24.4370186328888,5,-7,0,-16,-9,-5,18,9,40,54,5,-1,20,10,sil
24.452703952789307,-1,-1,-9,-18,-2,-2,6,3,29,39,0,-3,14,-3,sil
24.452703952789307,-5,-2,-2,-18,-9,-13,-13,1,-5,-10,-4,0,-2,-9,sil
24.452703952789307,0,-2,-6,-17,-13,-22,-19,-2,-7,-28,1,4,-7,-14,sil
24.467240571975708,4,11,-1,-12,0,-17,-15,-5,10,-12,15,14,1,-11,sil
24.482776641845703,12,24,12,8,13,-11,-13,0,13,0,27,30,10,4,sil
24.482776641845703,13,21,13,25,13,-9,-19,0,-3,0,15,20,1,5,sil
24.499279260635376,0,11,12,16,6,-4,-25,-3,-25,-8,-12,-5,-18,-7,sil
24.499279260635376,-9,0,-2,5,3,0,-15,-4,-30,-13,-17,-18,-21,-10,sil
24.51431179046631,-6,-10,-2,3,3,5,-4,-2,-25,-11,-9,-22,-14,-10,sil
24.51431179046631,-6,-11,0,5,2,14,0,0,-19,-13,-21,-25,-16,-11,sil
24.529913902282715,-11,-7,-4,5,2,18,15,1,-3,-4,-20,-18,-8,3,sil
24.529913902282715,-15,-10,1,2,0,15,32,1,13,12,3,-5,7,13,sil
24.54485559463501,-12,-20,-13,-4,-1,12,31,0,18,17,8,-7,9,12,sil
24.54485559463501,2,-16,-5,-11,-2,10,19,1,22,14,1,-4,9,18,sil
24.560566902160645,14,-1,9,-8,2,6,11,3,30,20,13,11,21,15,sil
24.560566902160645,16,4,-4,-1,4,0,9,0,26,19,18,15,22,0,sil
24.576164722442627,12,5,1,-4,-1,-3,0,0,7,3,4,9,7,-6,sil
24.576164722442627,0,2,-3,-12,-3,-8,-15,0,-6,-9,5,13,0,-3,sil
24.591232299804688,-2,3,-6,-8,0,-17,-24,-3,-6,-9,20,22,0,-4,sil
24.591232299804688,14,13,15,4,0,-17,-19,0,1,-2,22,26,8,-8,sil
24.60730695724488,11,11,12,8,-3,-12,-18,0,2,-7,5,10,0,-12,sil
24.60730695724488,-9,0,4,0,-9,-7,-20,-3,-10,-21,-7,-6,-20,-18,sil
24.6224467754364,-4,4,0,2,-6,-2,-12,-2,-18,-18,-3,-14,-21,-14,sil
24.6224467754364,6,12,3,13,3,6,-2,0,-20,-6,-7,-17,-14,-2,sil
24.638526678085327,-6,3,7,14,9,17,1,0,-21,2,-16,-12,-14,2,sil
24.638526678085327,-14,-9,-9,13,8,19,15,1,-12,18,-4,-4,1,9,sil
24.65450048446656,-2,-5,0,11,7,15,27,2,0,24,4,1,17,17,sil
24.65450048446656,-3,0,0,9,0,13,28,0,5,17,-5,0,9,14,sil
24.66950297355652,-14,-6,-12,0,-3,2,21,-1,1,0,-25,-3,-8,0,sil
24.66950297355652,-13,-12,-7,-11,-4,-9,9,0,1,-15,-35,-15,-17,-7,sil
24.686506271362305,-6,-13,-10,-24,-14,-12,-2,-3,8,-11,-25,-21,-7,-5,sil
24.686506271362305,-1,-9,-2,-30,-16,-8,-12,0,11,4,-8,-4,8,-2,sil
24.70068049430847,7,-2,-4,-22,0,-5,-6,8,13,6,5,17,17,2,sil
24.70068049430847,17,6,-5,-10,0,-8,-2,6,18,-6,21,19,16,11,sil
24.71627950668335,14,16,10,-4,-7,-14,-16,0,9,-15,25,8,13,7,sil
24.71627950668335,10,20,4,8,5,-14,-21,0,0,-7,14,3,6,-1,sil
24.73179078102112,16,17,11,26,20,0,-7,7,1,-1,10,9,-2,1,sil
24.73179078102112,19,12,17,34,13,12,4,1,-2,-1,25,16,0,14,sil
24.74730920791626,4,0,-1,24,4,11,5,-8,-11,3,21,1,4,12,sil
24.74730920791626,-18,-20,-8,-1,-5,8,0,-6,-14,1,-15,-24,-14,-12,sil
24.762468576431274,-26,-28,-15,-19,-18,2,-4,-7,-13,-4,-37,-36,-34,-27,sil
24.762468576431274,-10,-15,-5,-13,-9,-1,3,-6,-2,4,-19,-23,-24,-10,sil
24.7776312828064,5,-7,0,-1,2,1,12,1,20,17,0,0,0,7,sil
24.7776312828064,12,-2,-1,-2,-2,-3,5,0,15,14,6,12,16,8,sil
24.79379296302796,2,12,9,-16,-9,-16,-11,-3,-17,2,12,17,18,-2,sil
24.79379296302796,-22,11,-7,-23,-3,-9,-20,1,-28,-16,9,8,2,-16,sil
24.808385610580444,-20,1,-4,-7,3,7,-9,4,-22,-32,0,1,-11,-18,sil
24.808385610580444,7,11,24,25,17,16,17,7,-11,-11,5,8,-5,-1,sil
24.823265314102173,16,17,19,39,27,21,31,11,13,22,10,13,6,15,sil
24.839471101760864,8,5,5,19,11,20,23,7,35,31,-1,4,16,20,sil
24.839471101760864,2,-7,-12,-6,-5,1,7,-3,26,16,-7,-5,20,13,sil
24.854957818984985,-7,-15,-14,-23,-12,-16,-16,-11,5,-5,-10,-8,7,-3,sil
24.854957818984985,-3,-7,-2,-17,-12,-19,-28,-9,-1,-12,-6,1,-2,-10,sil
24.86921167373657,12,7,4,-1,-2,-13,-17,-1,0,-1,18,15,6,0,sil
24.86921167373657,5,11,13,8,9,0,-2,4,-2,0,26,13,7,3,sil
24.885273933410645,-7,6,0,19,15,10,7,1,-2,-1,7,0,-5,-7,sil
24.885273933410645,-4,1,-2,23,8,7,5,-4,-9,0,-13,-13,-17,-11,sil
24.90292191505432,-10,-7,2,4,-4,3,0,-6,-28,-7,-24,-20,-23,-5,sil
24.90292191505432,-17,-18,-15,-9,-8,4,10,-2,-15,-3,-15,-17,-9,2,sil
24.90292191505432,0,-18,-6,-14,-5,4,21,5,20,14,-1,-1,9,12,sil
24.91853976249695,8,-10,-6,-19,-9,-4,10,6,31,18,-3,2,7,15,sil
24.91853976249695,3,-2,-14,-19,-17,-18,-2,4,23,6,-8,-1,-3,3,sil
24.932073831558228,4,-1,-4,-13,-15,-18,-7,7,20,-5,-4,1,-4,-12,sil
24.948596954345703,4,1,-6,-11,-2,-10,-16,3,5,-15,-5,1,-9,-20,sil
24.948596954345703,2,17,7,0,7,-7,-25,-3,-20,-21,-2,0,-18,-16,sil
24.96401262283325,7,24,12,25,11,-2,-18,-4,-30,-18,7,0,-7,0,sil
24.96401262283325,4,11,7,30,9,9,3,0,-24,-8,7,1,6,13,sil
24.979299306869507,-1,-1,14,8,3,18,16,3,-13,0,0,2,7,16,sil
24.979299306869507,-5,-8,0,-5,-2,11,14,0,-4,3,-2,0,7,15,sil
24.995280504226685,-7,-12,-4,-6,-8,4,16,-4,1,5,0,-6,4,11,sil
24.995280504226685,-2,-11,-4,-9,-1,6,14,-1,16,7,2,-8,4,1,sil
25.01024317741394,8,1,0,-11,4,-3,-9,0,16,-1,1,3,11,-1,sil
25.01024317741394,14,18,13,-2,-2,-14,-28,-1,0,-12,5,20,12,0,sil
25.026251554489136,9,16,4,8,-4,-8,-16,0,-4,-1,22,22,9,0,sil
25.026251554489136,0,4,0,14,8,0,0,1,-5,12,32,11,6,-3,sil
25.043354034423828,-5,1,-2,14,14,6,6,-2,-14,13,17,-3,-1,-5,sil
25.043354034423828,-10,-1,-12,6,3,12,9,-4,-14,8,-11,-25,-18,-9,sil
25.043354034423828,-13,-9,-4,-3,-3,12,9,0,-6,1,-27,-24,-23,-15,sil
25.05847334861756,-4,-11,-6,-1,-3,0,7,0,8,0,-16,-6,-5,-10,sil
25.073506116867065,6,-10,-1,-7,0,-7,5,0,29,4,-3,6,11,6,sil
25.073506116867065,1,-4,0,-19,3,-1,10,6,43,9,4,12,17,13,sil
25.08959984779358,-4,2,-5,-10,1,0,13,8,31,10,15,15,19,5,sil
25.08959984779358,-1,6,13,10,0,0,-2,4,4,6,19,12,10,-3,sil
25.1076729297638,4,7,17,19,10,0,-17,0,-9,8,13,9,-2,-1,sil
25.1076729297638,11,11,15,19,17,0,-15,0,-17,5,1,8,-8,8,sil
25.1076729297638,5,3,3,14,4,0,-7,-2,-23,-2,-13,-3,-8,6,sil
25.12140727043152,-14,-14,-18,-3,-11,0,-1,-7,-17,-7,-26,-20,-12,-1,sil
25.136966705322266,-20,-20,-12,-22,-16,-3,0,-4,-8,-10,-27,-18,-12,-1,sil
25.136966705322266,-6,-12,-15,-29,-15,-12,-4,-2,-1,-15,-14,-8,0,-1,sil
25.152979373931885,7,-1,-6,-28,-19,-19,-9,-2,0,-15,-1,0,5,-7,sil
25.152979373931885,14,11,9,-9,-17,-13,-7,1,-7,-14,8,1,-1,-6,sil
25.169600009918213,7,9,2,7,-1,0,-1,1,-18,-21,3,-10,-15,-7,sil
25.169600009918213,-3,1,4,8,12,11,8,1,-20,-26,-21,-18,-30,-9,sil
25.169600009918213,-9,3,-2,14,11,14,21,2,-11,-13,-29,-12,-23,-1,sil
25.184277057647705,-15,0,-10,12,1,8,20,2,2,5,-15,-14,-2,-2,sil
25.19937920570373,-26,-21,-10,-16,-3,6,7,-1,13,10,-15,-19,0,-16,sil
25.19937920570373,-19,-23,-15,-23,0,3,-2,-4,19,12,-7,-1,2,-4,sil
25.214619398117065,11,4,9,0,4,0,-7,1,28,25,37,36,31,27,sil
25.214619398117065,39,24,19,10,6,-2,-1,7,37,34,74,60,53,34,sil
25.22953629493713,46,26,16,13,6,-4,0,3,27,18,52,46,33,19,sil
25.22953629493713,32,27,23,22,4,-3,-10,-1,1,-6,12,16,-5,2,sil
25.24494481086731,12,18,10,27,4,9,-4,-3,-14,-9,-4,-7,-17,-5,sil
25.24494481086731,0,-1,3,21,9,22,8,-4,-18,0,-21,-13,-8,-2,sil
25.26088523864746,-13,-15,-9,11,8,11,6,-3,-15,0,-26,-10,-5,0,sil
25.26088523864746,-23,-15,-21,0,0,-4,2,-1,-7,1,-12,-13,-3,-2,sil
25.27692437171936,-15,-6,-6,-1,-6,-1,7,0,11,15,-2,-12,12,2,sil
25.27692437171936,0,1,-4,4,-9,-3,4,2,24,21,10,3,25,11,sil
25.292308807373047,4,1,2,-9,-14,-16,-8,5,8,3,18,13,14,1,sil
25.292308807373047,-6,-7,-2,-29,-16,-16,-16,2,-17,-15,1,-1,-2,-13,sil
25.30773138999939,-17,-13,-10,-27,-7,-8,-20,-6,-29,-22,-9,-8,-14,-12,sil
25.30773138999939,-18,-3,4,-11,7,-6,-22,-3,-34,-23,-1,-7,-21,-12,sil
25.323612689971924,-25,-3,-4,-1,12,-3,-10,0,-29,-18,-8,-21,-24,-21,sil
25.323612689971924,-29,-12,-13,-8,1,4,0,-3,-11,-7,-22,-30,-18,-18,sil
25.338664531707764,-4,-4,-7,-18,2,7,4,-2,10,5,-5,-9,0,0,sil
25.338664531707764,34,14,10,-1,15,3,20,8,34,20,28,27,22,20,sil
25.35438370704651,47,24,35,23,11,1,30,12,37,20,38,46,21,24,sil
25.35438370704651,29,14,19,24,-2,2,20,0,15,5,15,19,4,16,sil
25.369444608688354,10,-3,2,10,-3,11,20,-3,0,0,-18,-11,-4,9,sil
25.369444608688354,-4,-14,-8,0,0,26,36,3,6,13,-30,-12,-6,2,sil
25.384329319000244,-23,-22,-24,-16,-7,11,18,0,0,6,-28,-20,-15,-10,sil
25.384329319000244,-25,-18,-18,-32,-16,-23,-30,-13,-24,-29,-32,-30,-27,-23,sil
25.40022444725037,-3,0,-14,-14,-13,-33,-45,-14,-29,-37,-24,-18,-20,-25,sil
25.40022444725037,8,10,0,0,-5,-18,-30,-3,-13,-21,-2,0,-6,-25,sil
25.415581703186035,0,6,5,-7,-4,-9,-24,0,-8,-22,9,7,0,-17,sil
25.416582107543945,0,8,3,4,-1,0,-14,5,-5,-12,12,14,7,10,sil
25.432610034942627,12,16,22,36,9,23,15,11,15,20,13,19,18,30,sil
25.432610034942627,6,11,6,38,12,29,31,8,34,41,9,10,22,23,sil
25.44764709472656,-11,-2,-11,7,3,13,14,0,22,29,-4,-7,14,7,sil
25.44764709472656,-21,-10,-4,-15,0,-3,-9,-3,-1,1,-17,-19,0,-5,sil
25.463218927383423,-9,-5,-4,-12,-1,-17,-20,-6,-16,-12,-9,-9,-7,-8,sil
25.463218927383423,10,2,5,-2,-4,-16,-19,-2,-18,-8,13,15,-2,-3,sil
25.48037004470825,11,2,3,-2,3,-7,-11,0,-9,-7,26,26,0,-1,sil
25.48037004470825,3,8,8,3,12,-7,-3,2,-5,-9,21,17,0,0,sil
25.494474172592163,15,23,23,25,10,3,10,6,0,7,30,20,12,12,sil
25.494474172592163,16,9,9,30,7,19,27,7,10,26,35,21,21,21,sil
25.509949207305908,-8,-16,0,7,1,15,22,3,7,19,6,1,5,16,sil
25.510613918304443,-11,-16,-9,-3,-3,5,12,-1,11,15,-11,-14,-1,11,sil
25.52562975883484,0,-11,-15,-11,-6,3,10,-8,21,15,-10,-17,0,3,sil
25.52562975883484,-14,-19,-12,-33,-10,0,1,-6,10,-2,-30,-24,-14,-12,sil
25.542555570602417,-21,-12,-20,-29,-10,-3,-2,0,0,-16,-36,-29,-20,-16,sil
25.542555570602417,13,8,0,-4,0,0,8,4,12,-3,-2,-6,1,0,sil
25.556655168533325,29,12,12,3,3,-2,14,1,23,14,19,13,22,12,sil
25.556655168533325,9,-1,1,-9,-1,-7,2,-2,14,8,8,10,12,4,sil
25.57239985466004,-4,-7,0,-21,-3,-2,-8,-4,-1,-10,-2,1,-6,-6,sil
25.57239985466004,-8,0,-4,-16,2,-2,-9,-3,-15,-21,-3,0,-4,-11,sil
25.588656902313232,-2,12,6,-1,7,-9,-13,0,-25,-21,0,2,1,-15,sil
25.588656902313232,5,13,4,8,3,-7,-22,0,-34,-18,8,3,-3,-17,sil
25.605753660202023,0,7,0,12,-5,-8,-23,-2,-37,-20,7,0,-14,-14,sil
25.605753660202023,-10,6,10,17,-7,-8,-17,0,-32,-24,-6,-3,-20,-15,sil
25.62066078186035,-9,5,0,25,1,7,-6,5,-21,-14,-12,-6,-20,-14,sil
25.62066078186035,-4,0,2,32,8,22,1,3,-13,-3,-13,-6,-17,-8,sil
25.63626813888549,-7,-8,2,23,2,14,2,0,-3,2,-19,-11,-12,-2,sil
25.63626813888549,-11,-12,-6,4,0,1,4,1,11,13,-19,-16,-4,8,sil
25.65244221687317,-1,-6,5,-2,3,6,18,3,29,31,-6,-1,10,26,sil
25.65244221687317,16,-3,0,-1,6,9,20,0,35,41,11,11,30,34,sil
25.668359994888306,16,-2,-5,-9,-2,-3,3,-1,27,25,11,8,28,21,sil
25.668359994888306,0,-2,-5,-19,-13,-17,-7,-1,20,0,0,7,12,2,sil
25.68331027030945,-3,-6,-12,-28,-13,-14,-8,-3,12,-8,2,14,1,-4,sil
25.68331027030945,6,-3,-4,-36,-9,-3,-7,0,1,-11,11,18,0,-1,sil
25.698367834091187,4,3,-4,-24,-8,-6,0,1,0,-15,7,11,0,-3,sil
25.71456265449524,0,7,5,-6,-4,-9,3,0,1,-13,7,3,3,-8,sil
25.71456265449524,5,15,16,13,13,0,0,2,0,-2,21,1,6,-1,sil
25.72992467880249,0,13,1,27,26,5,-2,0,-9,-1,15,-1,0,3,sil
25.72992467880249,-10,0,0,19,15,6,0,-2,-19,1,-6,-9,-8,-2,sil
25.730318307876587,-10,-1,-3,19,5,12,16,0,-9,12,-6,-12,-6,-3,sil
25.746309280395508,-5,1,0,25,7,16,26,0,2,12,-1,-8,-4,1,sil
25.76130032539368,-6,-7,3,6,2,10,14,-1,-1,2,-13,-11,-15,-4,sil
25.76130032539368,-5,-15,-8,-9,-7,1,4,-1,-8,3,-17,-18,-16,-7,sil
25.77683448791504,0,-16,-1,-6,-12,0,3,0,-2,1,-8,-11,-3,0,sil
25.77683448791504,1,-13,-2,-7,-8,-4,-1,2,9,0,-3,4,3,6,sil
25.77683448791504,4,0,0,-10,-4,-9,-9,5,19,4,2,11,9,7,sil
25.793965816497803,5,4,7,-9,-7,-5,-5,3,21,13,12,9,19,8,sil
25.793965816497803,4,0,-4,-10,-10,-8,-4,-2,12,10,14,9,22,12,sil
25.80958747863769,5,5,3,-14,-8,-16,-21,-3,-8,-9,5,11,11,8,sil
25.80958747863769,2,12,4,-8,-2,-11,-31,-2,-18,-22,0,5,-1,-10,sil
25.824697256088257,3,11,3,3,0,-3,-20,-2,-13,-12,5,2,-7,-24,sil
25.84221911430359,14,19,13,13,2,0,-10,0,-11,-3,18,13,-1,-17,sil
25.84221911430359,16,20,8,15,8,11,-1,0,-12,-7,15,10,0,-2,sil
25.84221911430359,3,3,7,11,12,14,2,-1,-18,-14,-12,-2,-19,0,sil
25.85531044006348,-4,-5,-3,14,12,10,11,1,-16,-5,-18,-9,-19,0,sil
25.85531044006348,-2,1,-6,20,16,19,34,5,7,14,0,-11,3,10,sil
25.872586250305176,-9,-1,4,12,12,22,43,2,21,15,-12,-15,2,8,sil
25.872586250305176,-18,-17,-13,-9,-2,0,19,0,4,-1,-35,-22,-12,-6,sil
25.88699626922608,-10,-16,-14,-18,-10,-10,1,-4,-1,-5,-29,-18,-5,-4,sil
25.88699626922608,0,-11,-9,-12,-5,-1,2,-6,12,5,-8,-5,5,5,sil
25.903773307800293,0,-12,-12,-15,-12,-8,-6,-7,20,2,0,2,2,2,sil
25.903773307800293,0,-7,0,-18,-22,-22,-23,-4,5,-12,1,6,0,-6,sil
25.916852474212646,-6,-2,0,-10,-16,-19,-28,-2,-11,-17,2,6,2,-9,sil
25.9322612285614,-3,0,-1,-9,-6,-9,-26,2,-14,-5,13,8,4,-5,sil
25.9322612285614,3,2,-2,-10,0,-3,-17,4,-4,0,26,14,3,0,sil
25.9477596282959,2,8,1,0,7,-2,-10,3,-3,-6,21,12,0,4,sil
25.9477596282959,1,21,19,18,10,-2,-10,7,-12,-7,13,13,0,6,sil
25.963294506073,7,24,12,33,14,1,1,11,-1,14,18,13,5,8,sil
25.963294506073,7,6,4,29,21,14,23,7,15,37,19,9,6,8,sil
25.979376077651978,0,-8,0,12,21,17,24,-3,8,24,3,-3,-1,1,sil
25.979376077651978,-14,-12,-5,-1,4,8,12,-12,-8,-3,-20,-18,-14,-6,sil
25.99549412727356,-17,-17,2,-12,-9,7,15,-2,-1,1,-27,-20,-11,0,sil
25.99549412727356,-5,-18,-8,-16,-8,6,25,10,24,25,-13,-15,6,10,sil
26.011080980300903,1,-11,-6,-20,-9,-1,11,4,30,19,-8,-8,11,4,sil
26.011080980300903,1,-4,3,-19,-10,-1,-1,-4,20,6,0,8,14,0,sil
26.02685022354126,11,2,0,-8,-4,-2,-7,-1,6,3,20,22,18,6,sil
26.02685022354126,14,11,5,0,-1,-12,-15,0,-11,-9,14,19,3,0,sil
26.042489051818848,5,14,0,0,-3,-13,-16,-8,-22,-25,0,6,-6,-12,sil
26.042489051818848,5,14,0,1,-3,-1,-9,-5,-15,-23,0,0,-3,-13,sil
26.05866813659668,7,15,4,12,0,1,-5,2,-7,-12,5,0,-6,-10,sil
26.05866813659668,7,15,6,25,6,0,-4,3,-14,-10,-1,-9,-6,-6,sil
26.07553434371948,1,11,14,22,8,8,1,4,-22,-13,-16,-23,-7,-3,sil
26.07553434371948,-13,-10,-10,2,-2,17,8,2,-18,-14,-36,-36,-19,-11,sil
26.089778184890747,-14,-26,-17,-12,-22,12,10,-3,-16,-19,-44,-38,-21,-11,sil
26.089778184890747,4,-7,4,5,-8,10,17,-2,-3,0,-17,-10,-1,6,sil
0.0184071063995361,12,8,-2,29,25,2,19,-1,23,32,23,26,20,21,sil
0.0184071063995361,8,1,2,11,20,-14,-2,-2,25,22,32,33,22,24,sil
0.0346980094909668,3,-1,1,-7,0,-17,-17,0,13,-2,11,21,9,21,sil
0.0346980094909668,-6,-1,-7,-10,-8,-13,-17,-1,0,-10,1,9,-5,4,sil
0.049556016921997,-13,-10,-1,-19,-12,-16,-19,-7,-10,-13,5,1,-9,-9,sil
0.0650019645690918,-13,-4,-5,-15,-2,-12,-16,-3,0,-8,7,1,-2,-12,sil
0.0650019645690918,-6,10,0,-3,6,0,-14,6,8,0,7,10,0,-11,sil
0.0650019645690918,6,13,3,0,0,-1,-12,7,4,7,15,12,2,-2,sil
0.0810558795928955,8,2,-4,-3,0,-4,-5,1,-3,5,13,2,0,2,sil
0.0810558795928955,-3,-5,1,-9,5,4,3,4,-11,1,2,0,-6,-3,sil
0.0959913730621337,-3,-10,-4,-16,1,11,13,5,-1,10,0,1,0,-3,sil
0.0969908237457275,0,-14,-4,-17,-6,11,17,0,10,6,-10,-11,-1,0,sil
0.1113679409027099,-11,-12,-8,-8,-4,16,11,-4,6,-4,-24,-23,-8,-9,sil
0.1123678684234619,-11,-6,-7,0,4,17,19,0,10,15,-6,-6,4,-1,sil
0.126896858215332,6,2,19,6,7,15,35,7,18,32,9,11,16,17,sil
0.126896858215332,10,9,15,22,7,12,28,4,13,19,0,1,9,19,sil
0.1432805061340332,0,9,0,27,8,3,6,-2,3,6,-7,-4,3,10,sorry
0.1432805061340332,-4,1,-8,7,2,-4,0,-2,3,9,-3,-1,6,5,sorry
0.1591603755950927,-3,-6,-12,-14,-12,-15,-7,0,-1,3,-5,-1,4,-1,sorry
0.1591603755950927,4,-2,7,-8,-16,-27,-27,-2,-11,-14,-5,1,-2,-11,sorry
0.1745805740356445,10,3,4,0,-5,-28,-41,-8,-22,-35,1,2,-6,-16,sorry
0.1911237239837646,6,10,5,-5,-1,-23,-36,-7,-32,-43,6,5,-6,-15,sorry
0.1911237239837646,0,13,8,0,-4,-20,-17,-2,-30,-29,3,0,-6,-14,sorry
0.1911237239837646,-10,1,-8,10,0,-1,0,-2,-21,-17,-5,-22,-14,-14,sorry
0.2060878276824951,-16,-12,-5,9,7,31,14,0,-3,-5,-17,-30,-19,-11,sorry
0.2060878276824951,-2,-7,0,8,8,34,25,9,24,24,-8,-11,0,1,sorry
0.2211039066314697,20,8,5,8,2,8,18,7,32,34,5,9,16,19,sorry
0.2211039066314697,16,11,3,3,-4,-7,-8,-1,12,2,6,21,11,14,sorry
0.2366330623626709,0,-2,-7,-4,-11,-13,-24,-5,0,-16,10,21,0,1,sorry
0.2376332283020019,4,0,11,-7,-6,-6,-12,0,-1,-10,21,17,-6,0,sorry
0.2523396015167236,10,9,9,9,14,11,8,6,-7,-10,14,8,-5,0,sorry
0.2689979076385498,3,6,2,29,20,21,19,4,-12,-7,-2,1,-2,2,sorry
0.2689979076385498,0,2,3,24,7,18,20,-1,-11,11,-2,0,1,11,sorry
0.2689979076385498,-1,1,-8,10,4,15,25,0,1,24,5,0,7,21,sorry
0.2847065925598144,0,-5,-3,-2,1,8,26,5,18,29,0,-2,13,25,sorry
0.2847065925598144,-3,-14,-6,-13,-8,-7,10,0,21,31,-1,-2,15,16,sorry
0.3011243343353271,-7,-12,-9,-17,-6,-10,-11,-6,14,13,0,-2,10,4,sorry
0.3011243343353271,-9,-5,-2,-17,0,-2,-17,-2,12,-1,-1,-1,6,0,sorry
0.3162765502929687,-9,-5,-10,-20,-8,-14,-13,-2,8,0,-1,-2,8,-7,sorry
0.3312838077545166,-8,-6,-5,-25,-16,-27,-14,-3,0,-6,-1,-4,3,-18,sorry
0.3312838077545166,-7,-1,-7,-23,-10,-12,-7,0,-4,-14,-4,-9,-1,-19,sorry
0.3312838077545166,-4,1,-11,-21,-12,2,-3,0,-7,-14,-10,-12,-13,-14,sorry
0.3468294143676758,-1,-1,7,-17,-15,-1,-9,0,-17,-24,-8,-5,-25,-15,sorry
0.3468294143676758,3,0,9,-7,-2,-9,-14,-1,-24,-28,-7,0,-20,-15,sorry
0.364307165145874,12,9,9,0,10,-5,-14,-1,-21,-15,-16,0,-14,-10,sorry
0.364307165145874,13,8,6,7,14,0,-4,1,3,-3,-6,6,-6,-2,sorry
0.378814697265625,7,7,3,14,16,1,3,7,28,4,12,11,4,3,sorry
0.378814697265625,5,6,10,16,14,3,0,2,11,9,6,6,4,4,sorry
0.3953781127929687,-1,-5,-5,14,3,4,0,-5,-11,0,-9,-5,-8,-1,sorry
0.4082729816436767,-14,-12,-7,6,-1,8,14,3,-5,-3,-7,-10,-9,-10,sorry
0.4082729816436767,-5,1,0,8,5,5,14,10,6,9,8,-1,7,-4,sorry
0.4234266281127929,5,13,7,21,9,-5,-4,-2,-1,13,17,6,15,11,sorry
0.4234266281127929,0,8,13,9,3,-3,-5,-2,-6,5,17,10,11,18,sorry
0.4390835762023926,2,4,-1,0,1,4,16,8,15,21,24,17,26,21,sorry
0.4390835762023926,19,7,4,20,1,4,16,0,11,25,25,24,27,19,sorry
0.4542067050933838,12,3,6,27,0,9,0,-7,-18,0,7,9,-2,5,sorry
0.4542067050933838,-2,-4,-3,4,1,17,2,0,-22,-10,-9,-9,-13,1,sorry
0.4702250957489013,-8,-8,0,-3,-1,5,9,2,-8,-6,-15,-12,-2,0,sorry
0.4702250957489013,-12,-13,-11,-4,-12,0,3,-10,-12,-15,-19,-20,-16,-12,sorry
0.4858663082122803,-9,-2,-2,-1,-3,13,9,-4,-7,-12,-19,-21,-23,-9,sorry
0.4858663082122803,-6,10,4,11,11,8,19,7,15,3,-7,-9,0,2,sorry
0.5013747215270996,-10,-1,-17,0,2,-7,3,0,19,7,1,-2,5,2,sorry
0.5013747215270996,-5,-12,-9,-23,-10,-2,-14,-3,11,3,-5,-3,-7,0,sorry
0.5169448852539062,-9,-11,-6,-27,-21,-3,-19,-1,8,-6,-24,-16,-17,-9,sorry
0.5169448852539062,-22,-18,-14,-36,-30,-20,-30,-7,0,-19,-27,-30,-19,-18,sorry
0.5329360961914062,-6,-9,-6,-35,-12,-15,-18,-3,9,-1,0,-11,2,-3,sorry
0.5329360961914062,18,12,2,-6,12,0,9,7,31,26,23,14,30,14,sorry
0.5482151508331299,12,10,9,2,5,-3,5,5,23,18,15,16,23,2,sorry
0.5482151508331299,3,-3,0,-7,-7,-9,-7,-2,2,0,4,11,10,-4,sorry
0.5643045902252197,11,0,3,-6,0,-8,0,0,-1,-2,6,16,10,8,sorry
0.5643045902252197,15,11,15,6,10,-3,5,2,-11,-6,3,18,2,3,sorry
0.5791826248168945,16,17,7,16,7,0,0,-1,-19,-10,11,22,3,-4,sorry
0.5791826248168945,21,17,16,12,2,2,-4,0,-18,-10,31,28,15,5,sorry
0.5949540138244629,18,10,11,6,9,0,-4,0,-15,-13,24,23,9,7,sorry
0.5949540138244629,8,8,5,8,12,-2,-2,0,-16,-17,0,12,-4,-1,sorry
0.6110692024230957,2,11,5,13,3,0,-2,2,-10,-7,0,4,-6,0,sorry
0.6110692024230957,0,5,-8,14,2,6,-2,2,-12,0,5,-6,-6,1,sorry
0.6271908283233643,-4,-1,0,14,8,11,0,1,-17,-4,0,-8,-11,0,sorry
0.6271908283233643,-11,-5,4,17,5,11,4,2,-8,5,-6,-10,-12,2,sorry
0.6429133415222168,-19,-14,-4,9,0,9,7,1,-4,18,-20,-24,-15,-3,sorry
0.6429133415222168,-21,-21,-6,-3,0,10,9,-4,-8,9,-25,-28,-20,-16,sorry
0.6578593254089355,-16,-18,-13,-5,-2,11,9,-9,3,8,-14,-19,-14,-12,sorry
0.6578593254089355,-18,-15,-7,-7,-7,7,9,0,18,24,-22,-20,-5,-1,sorry
0.672900915145874,-27,-20,-15,-16,-12,0,12,4,22,20,-34,-26,-7,-6,sorry
0.672900915145874,-17,-17,-21,-20,-10,-5,6,1,27,2,-19,-19,-12,-9,sorry
0.6884846687316895,8,5,2,-7,0,0,3,0,28,6,1,-1,3,2,sorry
0.6884846687316895,16,19,4,4,6,0,7,-1,21,16,17,14,31,16,sorry
0.7038164138793945,9,10,3,-3,0,-13,-3,-1,13,2,20,21,28,15,sorry
0.7038164138793945,8,0,1,-13,-8,-15,-17,0,11,-14,12,18,9,5,sorry
0.7189555168151855,10,1,3,-4,-5,-8,-12,0,11,-19,9,13,5,0,sorry
0.7342422008514404,9,9,14,-6,0,-12,-6,0,8,-22,14,14,2,-3,sil
0.7342422008514404,9,10,-1,-13,-2,-18,-13,0,-1,-25,9,10,-5,-7,sil
0.7342422008514404,9,8,2,-3,-2,-11,-20,-4,-27,-26,2,3,-7,-6,sil
0.7498073577880859,9,10,10,11,1,-1,-15,-1,-36,-15,13,7,5,3,sil
0.7498073577880859,4,8,0,11,7,2,-1,4,-25,-3,19,5,10,4,sil
0.7659893035888672,-5,1,3,6,5,14,6,0,-26,-8,-4,-9,-8,-7,sil
0.7659893035888672,-9,0,0,12,6,22,7,-4,-25,-7,-15,-13,-18,-7,sil
0.7830467224121094,-2,0,4,18,8,11,7,5,-7,7,0,2,-4,3,sil
0.7830467224121094,0,1,4,21,4,4,7,9,0,15,6,2,6,4,sil
0.7981436252593994,-3,-1,-6,18,0,10,13,0,-1,19,0,-9,4,4,sil
0.813521146774292,-5,-9,0,4,1,18,22,1,6,27,-2,-9,3,7,sil
0.813521146774292,-8,-15,-7,-3,2,8,20,6,13,29,-12,-14,4,3,sil
0.813521146774292,-1,-10,-4,-2,0,-5,7,0,14,29,-17,-12,3,5,sil
0.8298678398132324,6,-6,5,-10,-4,-5,3,-4,19,22,-9,3,4,11,sil
0.8298678398132324,2,-4,-8,-16,-9,-6,-1,-5,19,-1,-5,7,3,7,sil
0.8461039066314697,2,3,-1,-11,-10,-8,-12,-4,12,-18,-8,2,2,0,sil
0.8461039066314697,5,0,0,-17,-5,-6,-14,0,8,-14,-5,8,2,-2,sil
0.8597452640533447,2,-4,-2,-26,-1,-10,-10,-1,3,-9,2,13,0,-5,sil
0.8607428073883057,3,5,4,-15,-2,-15,-12,-5,0,-8,10,13,-2,-5,sil
0.8758525848388672,0,0,-3,-7,-7,-12,-18,-1,0,-13,6,5,-3,-8,sil
0.8758525848388672,0,0,6,-3,-1,-2,-14,9,-3,-19,4,1,-10,-11,sil
0.8919351100921631,3,17,8,15,13,2,1,6,-4,-4,15,4,-6,-3,sil
0.8919351100921631,-2,11,3,12,7,0,2,-4,-9,0,10,1,-1,-1,sil
0.9061932563781738,-11,-7,3,-7,-3,1,-8,-1,-12,-14,1,-2,-3,-7,sil
0.9061932563781738,-1,-3,-6,4,6,4,-4,2,-7,-7,10,-5,-4,-1,sil
0.9212164878845216,0,3,-1,22,8,3,-3,-2,-18,0,0,-15,-12,-3,sil
0.9373211860656738,-10,0,-2,20,0,9,-3,-2,-25,-12,-17,-21,-13,-13,sil
0.9373211860656738,-8,-3,-6,10,0,18,13,4,-1,-6,-12,-16,-2,-2,sil
0.9530596733093262,-7,-5,-3,2,1,16,26,0,10,16,-7,-10,0,5,sil
0.9530596733093262,-2,-7,-10,5,1,5,25,-4,7,26,-9,-5,2,6,sil
0.9530596733093262,10,0,3,7,0,6,22,1,21,21,-8,1,12,15,sil
0.9696922302246094,5,0,0,-4,-4,5,17,0,31,13,-5,3,10,15,sil
0.9696922302246094,0,-6,-11,-16,-6,-6,7,0,20,12,1,7,11,9,sil
0.9852144718170166,5,0,6,-10,-9,-14,-3,3,2,6,11,15,18,7,sil
0.9852144718170166,10,12,3,-1,-9,-17,-11,0,-9,-8,18,15,11,0,sil
1.0038106441497805,17,16,6,1,7,-12,-10,0,-5,-8,24,24,4,0,sil
1.0038106441497805,16,10,12,0,21,-5,-10,7,2,6,24,29,9,6,sil
1.0168321132659912,-2,1,3,-1,6,-13,-24,3,-12,-1,8,4,0,-6,sil
1.0168321132659912,-15,2,3,0,-8,-14,-26,-3,-26,-23,-10,-17,-18,-23,sil
1.031196355819702,-17,2,-3,2,3,7,-2,-5,-16,-18,-20,-22,-18,-17,sil
1.0485098361968994,-14,-5,-3,7,15,30,19,-3,-7,-3,-21,-22,-9,-3,sil
1.0485098361968994,-7,-12,-9,0,0,23,18,0,-1,2,-20,-21,-5,3,sil
1.0485098361968994,-5,-13,-12,-15,-17,-4,-1,1,0,-1,-21,-17,-5,3,sil
1.061146259307861,2,-4,9,-11,-14,-19,-15,0,0,-8,-12,-2,0,0,sil
1.0763328075408936,13,1,1,0,-2,-15,-13,-1,1,-7,7,9,6,0,sil
1.0763328075408936,11,0,-1,-10,0,-14,-20,-3,0,-4,12,12,4,0,sil
1.0923590660095217,6,0,12,-12,-4,-6,-21,-1,0,1,11,12,0,-1,sil
1.0923590660095217,4,4,10,7,-1,7,0,2,-1,6,9,5,-4,0,sil
1.108006477355957,-4,0,1,12,7,20,18,5,-4,1,-3,-3,-12,3,sil
1.108006477355957,-9,-4,-12,9,13,25,26,5,9,4,-7,-6,-2,10,sil
1.1240413188934326,-1,-3,-4,6,2,15,26,3,28,16,-4,-8,8,8,sil
1.1240413188934326,1,-1,0,3,-8,-2,13,-1,23,19,-1,-4,2,0,sil
1.1395049095153809,4,0,-5,3,-5,-11,-1,0,17,22,19,22,13,5,sil
1.1395049095153809,15,8,10,-2,1,-4,-4,4,17,15,35,40,28,11,sil
1.1555688381195068,15,12,8,-4,5,-1,0,2,7,-5,20,17,9,0,sil
1.1555688381195068,2,8,5,9,7,1,0,-3,-6,-8,0,-2,-9,-5,sil
1.1721789836883545,-6,2,3,17,6,6,0,-5,-11,8,-6,-2,-7,1,sil
1.1721789836883545,-8,-2,-15,11,4,6,6,-2,-3,10,-8,-9,-6,5,sil
1.1878058910369873,-2,-3,-3,3,2,7,21,3,4,3,-5,-11,0,12,sil
1.1878058910369873,-1,-7,0,-9,-1,2,21,0,8,5,-1,0,17,8,sil
1.2029426097869873,-4,-14,-9,-23,-7,-17,0,-9,0,-9,0,1,13,-11,sil
1.2029426097869873,-1,-3,2,-18,-4,-25,-14,-4,-9,-28,6,3,-2,-17,sil
1.218942165374756,3,10,0,-2,1,-14,-14,-3,-14,-20,12,12,-3,-8,sil
1.218942165374756,-3,5,-2,-7,-3,-8,-19,-4,-28,-23,1,4,-8,-15,sil
1.2336626052856443,-17,-10,-7,-15,-12,-10,-26,-1,-41,-40,-15,-20,-25,-26,sil
1.2336626052856443,-17,-10,-1,-6,-4,-3,-20,0,-30,-25,-21,-25,-30,-15,sil
1.2488584518432615,-4,3,9,5,9,19,-6,1,-9,0,-16,-16,-17,-1,sil
1.2488584518432615,-2,4,-6,12,10,24,4,6,-7,0,-15,-19,-6,0,sil
1.264796257019043,-8,-3,-3,14,-2,8,8,5,-11,4,-14,-17,-4,0,sil
1.264796257019043,-7,-6,-4,5,-9,4,6,0,0,19,-21,-15,-8,0,sil
1.2808141708374023,-7,-9,-15,-11,-8,7,-1,-1,8,7,-49,-26,-15,-3,sil
1.2808141708374023,-6,-5,0,-9,-9,-2,-9,0,8,0,-36,-16,-7,-2,sil
1.2968566417694092,7,10,1,6,-3,-10,-3,0,21,18,19,13,17,8,sil
1.2968566417694092,17,16,1,0,1,0,2,4,39,23,34,21,30,14,sil
1.3129727840423584,17,2,3,-12,-1,-1,4,10,43,15,26,23,29,16,sil
1.3129727840423584,28,3,14,3,0,-7,4,6,32,21,51,43,35,26,sil
1.3282420635223389,42,22,34,28,15,0,4,2,18,20,61,50,31,25,sil
1.3282420635223389,27,18,16,32,24,6,6,0,11,12,29,24,9,11,sil
1.343949317932129,0,-2,2,16,17,8,13,-1,-6,4,-2,0,-12,4,sil
1.343949317932129,-15,-7,-2,0,3,8,23,-1,-24,-4,-12,-6,-21,0,sil
1.3589918613433838,-13,-7,-8,-3,-7,0,20,-2,-14,-6,-10,-9,-13,0,sil
1.3589918613433838,-8,-8,2,-4,-12,-7,-1,-5,0,-2,-10,-8,2,-1,sil
1.37506103515625,-3,-2,-5,-8,-7,-8,-24,-10,-3,-10,-3,0,9,-6,sil
1.37506103515625,0,4,0,-14,-2,-12,-24,-5,-8,-18,9,10,6,-5,sil
1.3904457092285156,7,12,8,-7,0,-7,-3,6,1,-6,18,15,13,0,sil
1.3904457092285156,2,10,-4,5,1,2,1,7,-3,0,7,2,7,-4,sil
1.4063537120819092,-13,-5,-4,3,6,5,-5,-1,-28,-17,-11,-13,-16,-18,sil
1.4063537120819092,-21,-16,-10,-3,8,12,10,-4,-29,-19,-19,-24,-21,-16,sil
1.4219446182250977,-23,-18,-14,-7,2,18,29,0,-9,-3,-25,-33,-18,-6,sil
1.4219446182250977,-28,-23,-18,-17,-9,4,15,2,0,-2,-38,-36,-26,-4,sil
1.4374637603759766,-19,-21,-24,-26,-17,-8,0,2,3,-3,-26,-18,-15,0,sil
1.4374637603759766,0,-7,-2,-23,-12,-2,-1,1,9,2,-2,4,6,4,sil
1.4531993865966797,3,3,1,-12,-3,-7,-10,-1,7,-5,-5,8,5,-6,sil
1.4531993865966797,1,6,0,-2,-3,-20,-22,-2,-1,-12,-4,5,-7,-15,sil
1.4682061672210691,10,7,7,8,-1,-5,-14,0,0,1,16,13,-4,-4,sil
1.4682061672210691,15,12,8,25,10,9,-4,0,12,11,14,12,8,9,sil
1.4844040870666504,11,17,17,34,12,10,-3,3,14,9,-4,3,7,8,sil
1.4844040870666504,0,5,1,23,1,12,1,0,4,13,-7,-3,-3,2,sil
1.5004172325134275,-5,-9,-11,3,-3,9,8,-6,3,16,-12,-12,-11,2,sil
1.5004172325134275,3,-4,4,-3,-3,1,4,-2,13,14,-17,-11,-2,0,sil
1.5164546966552734,12,2,2,0,-4,-5,-3,0,8,10,5,2,17,1,sil
1.5164546966552734,14,6,6,0,-4,-15,-13,0,-11,-6,30,20,20,10,sil
1.5319855213165283,18,8,8,3,-2,-19,-15,2,-12,-5,34,24,16,11,sil
1.5319855213165283,24,11,11,0,0,-13,-8,1,4,11,38,26,24,4,sil
1.5480725765228271,16,16,17,-1,2,-6,-5,1,7,5,40,29,22,4,sil
1.5480725765228271,1,13,1,7,7,0,-9,1,-9,-13,27,14,4,4,sil
1.564300298690796,-2,3,3,6,9,4,-2,0,-18,-11,11,-2,-2,0,sil
1.564300298690796,-2,0,3,-4,12,5,10,-1,-9,-5,-1,-9,-6,0,sil
1.5792324542999268,-11,2,-7,1,12,6,15,1,-10,-15,-18,-18,-20,-3,sil
1.5792324542999268,-16,-1,-6,5,5,12,16,1,-14,-13,-27,-23,-24,-9,sil
1.594853162765503,-14,-18,-16,-16,-3,12,16,-4,-1,0,-29,-17,-17,-2,sil
1.594853162765503,-20,-26,-14,-30,-10,8,12,0,7,-1,-31,-15,-15,1,sil
1.610412836074829,-18,-16,-9,-12,-6,6,14,7,3,-5,-22,-17,-8,-4,sil
1.610412836074829,-4,-9,-5,-3,0,1,12,2,12,5,-14,-9,0,-5,sil
1.6262314319610596,-4,-10,3,-13,-4,0,2,-2,18,12,-16,0,-2,-4,sil
1.6262314319610596,-9,-6,-7,-6,-4,-1,0,0,15,10,-5,1,3,-3,sil
1.6422905921936035,0,2,-1,4,5,-2,0,0,10,6,4,0,13,0,sil
1.6422905921936035,-2,1,0,-2,2,5,-3,-2,0,0,-3,-4,2,-4,sil
1.6578853130340576,-7,-7,-7,-10,-8,7,-6,-2,-10,-1,-13,-9,-10,-8,sil
1.6578853130340576,4,-3,11,3,-5,0,-12,0,-7,2,-5,0,-5,-1,sil
1.6738507747650146,5,3,7,21,4,-7,-7,0,0,7,6,3,6,3,sil
1.6738507747650146,-2,5,0,18,6,-4,1,0,3,6,6,2,11,2,sil
1.6885337829589844,4,10,-4,8,1,0,1,2,6,5,7,6,6,2,sil
1.6885337829589844,10,11,-6,10,-3,0,-1,0,6,2,12,8,0,1,sil
1.7038497924804688,7,5,10,9,-7,-2,-2,-3,-1,-4,7,7,-2,0,sil
1.7038497924804688,7,6,7,6,0,-6,-4,-4,-9,-8,11,11,2,5,sil
1.719961643218994,14,14,10,14,1,-6,-8,-2,-4,-1,25,23,10,14,sil
1.719961643218994,24,14,16,17,0,-6,-4,2,5,6,33,30,20,18,sil
1.7362143993377686,19,0,-1,2,-3,-14,-9,3,-3,-2,25,18,13,8,sil
1.7362143993377686,4,-8,4,-6,-8,-14,-12,3,-17,-19,3,3,-4,-4,sil
1.750812530517578,3,0,5,-1,-1,-4,5,1,2,-11,-4,2,-1,-3,sil
1.750812530517578,3,4,0,-6,5,-4,8,0,11,0,2,6,5,0,sil
1.766216278076172,-2,1,0,-11,-4,-11,-14,-1,-14,-11,0,1,-3,-7,sil
1.767218828201294,2,3,-5,1,-8,-3,-11,-2,-13,-17,-8,-3,-7,-8,sil
1.782301902770996,2,9,2,14,9,18,11,3,3,-5,-8,-5,-4,-6,sil
1.7828059196472168,-14,1,-4,2,17,21,8,2,-7,0,-8,-12,-3,-6,sil
1.7983593940734863,-13,-12,-12,-27,2,0,-8,-5,-26,-5,-10,-19,-6,-5,sil
1.7983593940734863,-4,-14,-2,-41,-11,-9,-7,-4,-20,-8,-10,-14,-10,-8,sil
1.814159154891968,-17,-9,-14,-18,-6,5,13,1,0,7,-13,-19,-10,-8,sil
1.814159154891968,-23,-7,-10,1,7,22,23,4,9,24,-16,-26,-15,-8,sil
1.8293190002441408,-16,-10,-3,2,16,19,14,3,11,22,-14,-20,-14,-7,sil
1.8293190002441408,-8,-9,0,0,20,15,9,2,18,17,-6,-11,0,4,sil
1.8448431491851809,-7,-7,-1,1,13,13,6,-3,18,14,-3,-13,4,11,sil
1.8448431491851809,-16,-16,-17,-4,-3,4,-1,-10,-1,3,-18,-23,-7,0,sil
1.861221075057984,-13,-13,-5,-15,-11,2,4,-3,-4,-2,-26,-18,-11,-3,sil
1.861221075057984,5,1,4,-4,-2,10,17,5,22,13,0,-1,7,16,sil
1.875725269317627,13,8,8,7,-8,1,7,2,33,24,17,14,23,25,sil
1.892993927001953,6,12,14,-1,-14,-12,-9,-3,12,10,1,16,18,13,sorry
1.892993927001953,7,12,-4,-3,-2,-14,-10,-3,3,0,0,11,9,6,sorry
1.892993927001953,12,5,0,3,-1,-18,-9,1,9,0,14,20,10,4,sorry
1.9078013896942136,17,8,10,2,-14,-21,-12,3,10,-2,26,36,16,0,sorry
1.9238932132720947,23,15,8,6,-11,-16,-17,2,8,-10,29,37,13,4,sorry
1.9238932132720947,18,8,14,12,0,-9,-20,-2,1,-15,20,26,0,0,sorry
1.9238932132720947,3,1,0,10,2,-10,-13,-6,-15,-17,7,11,-5,-18,sorry
1.938953161239624,-5,8,0,13,-1,-10,-1,1,-31,-17,6,2,-8,-18,sorry
1.938953161239624,-1,5,9,18,0,-4,5,7,-26,-16,12,9,-3,-5,sorry
1.956308364868164,11,-1,7,11,5,-4,-3,0,-25,-29,4,12,-3,-9,sorry
1.956308364868164,14,6,15,9,3,-2,-11,1,-32,-34,-5,4,-11,-11,sorry
1.9711825847625728,3,7,5,23,4,9,5,10,-13,-1,-4,-7,-4,3,sorry
1.9711825847625728,2,-4,1,28,14,18,18,3,0,14,-2,-12,1,4,sorry
1.9855709075927728,3,0,1,14,15,12,15,-4,-3,0,-1,-10,-1,-5,sorry
1.9855709075927728,-12,1,-10,-1,6,6,10,-1,-6,0,-6,-14,-6,-3,sorry
2.0121219158172607,-27,-15,-11,-7,-2,11,3,0,-3,10,-20,-26,-16,-4,sorry
2.0121219158172607,-29,-19,-19,-5,-3,17,4,-6,-1,7,-18,-31,-17,-13,sorry
2.0121219158172607,-24,-11,-11,-15,-1,13,9,-6,-2,4,-16,-20,-4,-6,sorry
2.033602714538574,-19,-19,-8,-32,-6,3,0,-2,-8,3,-26,-18,-4,4,sorry
2.033602714538574,-12,-21,-18,-35,-11,-2,-3,-2,4,8,-17,-18,-4,8,sorry
2.03460693359375,-2,0,-2,-24,-6,-2,7,0,33,13,-1,-6,7,16,sorry
2.048537492752075,5,2,-1,-16,-3,-3,1,3,35,12,-1,-3,16,22,sorry
2.06646728515625,15,-2,0,-12,-2,0,-7,3,23,16,2,1,18,22,sorry
2.06646728515625,22,12,6,-1,2,3,0,1,21,27,13,18,21,20,sorry
2.06646728515625,12,18,-5,0,-1,-12,-1,-3,14,15,10,17,12,5,sorry
2.0829336643218994,8,11,7,-1,-4,-18,-15,-3,0,-7,13,17,5,-6,sorry
2.0829336643218994,23,15,18,9,12,2,-5,0,-7,-9,25,33,9,1,sorry
2.096633195877075,24,13,12,4,15,1,1,1,-2,-2,19,25,6,8,sorry
2.112252712249756,7,0,9,-10,0,-17,-9,-1,9,-1,14,8,0,-1,sorry
2.112252712249756,-1,-1,0,3,0,-13,-12,-2,8,0,23,8,-2,-11,sorry
2.112252712249756,-7,0,6,11,5,4,0,3,-12,-3,7,1,-16,-16,sorry
2.1272735595703125,-15,-9,-3,0,2,11,13,9,-11,-2,-20,-18,-20,-19,sorry
2.1272735595703125,-10,-13,-8,7,0,9,16,5,0,2,-22,-17,-23,-5,sorry
2.141874313354492,-5,-6,2,27,-2,10,12,0,1,4,-12,-4,-24,3,sorry
2.1569573879241943,-13,-9,-11,15,-3,7,9,0,12,10,-9,-9,-8,-5,sorry
2.1569573879241943,-14,-9,-5,-7,-1,0,0,3,18,12,-4,-8,-10,-6,sorry
2.174550771713257,-3,0,0,-5,-6,-8,-12,-1,0,-4,0,2,-4,0,sorry
2.174550771713257,2,8,-4,-3,-14,-12,-24,-7,-19,-32,0,4,55,-11,sorry
2.1901230812072754,3,11,6,-6,-9,-12,-30,-5,-32,-39,0,1,74,-22,sorry
2.1901230812072754,3,10,4,6,4,-12,-22,-8,-33,-24,5,3,3,-9,sorry
2.2060964107513428,-2,9,4,19,6,-13,-16,-6,-36,-22,3,0,-41,-3,sorry
2.2060964107513428,-9,3,0,10,0,-5,-14,0,-38,-28,-7,-9,-29,-12,sorry
2.2060964107513428,-4,-3,-2,2,0,14,1,0,-19,-14,-13,-15,-27,-7,sorry
2.220533847808838,8,2,8,7,7,26,29,0,2,8,-3,-5,-21,10,sorry
2.236226797103882,18,7,0,13,10,17,42,3,5,20,6,5,0,25,sorry
2.236226797103882,7,-2,-1,7,6,14,34,5,1,15,0,0,3,27,sorry
2.2523341178894043,-7,-13,-5,-6,0,18,27,4,10,11,-10,-7,0,14,sorry
2.2523341178894043,-9,-14,-11,-14,-7,8,22,3,26,23,-8,-3,6,10,sorry
2.267708301544189,-1,-11,0,-15,-7,-1,10,4,37,33,-4,7,7,15,sorry
2.267708301544189,0,-13,-11,-22,-6,-8,0,0,38,29,-3,0,10,13,sorry
2.283030271530152,2,-10,-6,-31,-9,-19,-9,0,20,6,-4,-5,5,0,sorry
2.2834692001342773,5,1,7,-18,-4,-21,-15,1,6,-15,2,10,2,-6,sorry
2.2988293170928955,10,9,2,-2,4,-11,-17,0,10,-13,18,19,12,0,sorry
2.2988293170928955,16,11,8,-3,2,-9,-15,-1,13,-1,22,16,17,2,sorry
2.314260959625244,12,14,6,4,-1,-14,-11,-1,0,-3,18,12,10,0,sorry
2.314260959625244,6,18,6,17,3,-6,-13,-1,-12,-8,17,4,5,0,sorry
2.330263376235962,0,17,6,17,18,12,-12,1,-14,1,14,-7,4,-7,sorry
2.330263376235962,-9,7,0,18,22,19,-1,2,-5,13,3,-15,2,-9,sorry
2.345308542251587,-12,-2,7,21,10,16,2,0,0,16,-7,-12,0,-1,sorry
2.345308542251587,-14,-5,-1,15,2,16,0,0,-7,10,-13,-9,-4,-5,sorry
2.3609938621521,-13,-6,-3,8,5,11,9,0,-9,5,-15,-4,-3,-8,sorry
2.3609938621521,-7,-13,0,0,-3,-1,17,-3,5,9,-8,3,6,3,sorry
2.376192569732666,-7,-17,-12,-18,-21,-11,1,-4,0,4,-6,0,4,0,sorry
2.376192569732666,-9,-18,-7,-35,-24,-13,-13,-4,-24,-17,-15,-4,-11,-17,sorry
2.392230033874512,-1,-11,-7,-30,-10,-13,-7,-6,-14,-17,0,6,-4,-13,sorry
2.392230033874512,14,6,0,-2,0,-7,-10,1,15,0,23,20,14,5,sorry
2.407876491546631,24,21,12,15,2,-4,-23,5,11,-4,17,19,0,12,sorry
2.407876491546631,19,12,0,7,0,-11,-17,-2,-8,-17,2,7,-26,3,sorry
2.42301344871521,8,6,7,-2,-2,-10,0,-1,-14,-19,0,3,-40,-7,sorry
2.42301344871521,-1,10,5,8,0,5,5,0,-13,-21,-5,-6,-55,-11,sorry
2.438035488128662,-14,2,-7,9,4,14,2,-5,-22,-23,-19,-20,-56,-11,sorry
2.438035488128662,-23,-8,-6,-5,3,13,3,-1,-23,-17,-24,-28,-17,-14,sorry
2.453452587127685,-16,-7,-10,1,3,11,19,6,-3,-7,-20,-29,18,-7,sil
2.453452587127685,-5,-3,2,15,2,10,35,6,12,5,-18,-22,21,6,sil
2.469146013259888,-8,-9,0,3,-2,11,35,1,21,21,-12,-11,23,12,sil
2.469146013259888,-1,-8,-6,-5,0,14,26,0,28,27,1,1,36,18,sil
2.484186887741089,21,0,11,6,9,11,19,5,31,36,20,18,43,28,sil
2.484186887741089,22,-2,1,6,4,-5,3,8,26,33,24,21,40,24,sil
2.500220775604248,2,-10,-8,-21,-13,-20,-24,0,9,-1,4,9,20,2,sil
2.500220775604248,-2,-6,-3,-34,-20,-25,-33,-2,-7,-28,0,11,2,-8,sil
2.516270399093628,7,5,5,-14,-9,-26,-20,-1,-14,-16,19,23,1,-4,sil
2.516270399093628,16,22,17,13,5,-16,-17,-4,-16,0,27,22,3,0,sil
2.53230094909668,11,19,5,24,13,-1,-24,-4,-18,3,21,10,0,0,sil
2.53230094909668,-3,5,0,16,9,4,-13,3,-14,1,6,-1,-9,-4,sil
2.547848463058472,-16,-3,0,4,3,15,11,7,0,3,-16,-17,-19,-13,sil
2.547848463058472,-22,-11,-7,-2,0,22,17,1,14,18,-28,-29,-22,-11,sil
2.5632073879241943,-23,-9,-6,-9,0,16,11,-5,10,14,-22,-20,-17,0,sil
2.5632073879241943,-11,0,-14,-5,13,11,15,-9,4,-2,-8,-4,0,5,sil
2.5789427757263184,8,1,1,0,11,2,10,-5,7,0,2,9,18,6,sil
2.5789427757263184,21,6,14,0,-4,-14,-7,-1,12,9,13,22,25,6,sil
2.594797372817993,22,14,6,-1,-3,-20,-17,0,1,-1,23,25,14,3,sil
2.594797372817993,14,8,10,4,6,-10,-22,3,-18,-20,20,18,-4,-3,sil
2.609816312789917,0,-2,-1,13,3,-1,-22,4,-19,-23,4,0,-17,-12,sil
2.625892639160156,-3,-3,-5,12,-5,6,-6,0,-5,-12,-10,-9,-18,-14,sil
2.625892639160156,-10,-7,-1,2,-3,14,13,0,0,3,-13,-12,-18,-5,sil
2.625892639160156,-21,-16,-8,-6,0,11,23,-1,-1,12,-14,-20,-18,4,sil
2.641951560974121,-12,-10,-4,-11,-6,1,16,-3,0,6,-20,-24,-10,4,sil
2.641951560974121,3,0,-12,-7,-9,-6,1,-2,2,0,-15,-13,3,2,sil
2.657303094863892,8,-2,-3,-3,-6,-8,-4,3,12,0,1,1,15,10,sil
2.657303094863892,7,-1,13,-7,-10,-13,-4,5,16,1,15,9,12,5,sil
2.672886610031128,4,6,0,-12,-16,-17,-13,-2,-2,-9,10,8,0,-11,sil
2.672886610031128,5,14,3,-1,-3,0,-10,-2,-20,-22,0,8,-9,-10,sil
2.688185453414917,7,13,9,20,11,22,12,5,-11,-15,0,4,-9,0,sil
2.688185453414917,-2,3,3,25,7,18,19,2,-9,0,-8,-11,-10,0,sil
2.705294132232666,-9,-1,0,12,3,11,20,0,-11,15,-15,-15,-3,1,sil
2.720809936523437,2,-2,-3,10,14,14,27,5,10,21,-3,0,11,17,sil
2.720809936523437,7,-5,10,2,11,1,13,2,24,16,1,8,11,22,sil
2.720809936523437,-1,-6,-3,-12,1,-18,-8,-4,17,12,-1,5,7,5,sil
2.734565258026123,-5,-2,-16,-22,0,-18,-16,-3,5,0,0,2,8,-8,sil
2.7510931491851807,-9,-4,-5,-30,-8,-11,-29,-4,-7,-22,4,3,3,-17,sil
2.7510931491851807,-12,-6,-8,-26,-14,-16,-35,-7,-13,-17,11,6,3,-16,sil
2.7510931491851807,-4,0,0,-10,-4,-14,-20,3,0,3,17,17,10,-9,sil
2.767345428466797,-3,0,2,-3,1,-3,-8,8,6,0,10,7,3,-9,sil
2.767345428466797,-5,-2,-2,0,0,2,-8,-1,-2,-15,-3,-11,-13,-7,sil
2.78137469291687,0,6,4,18,4,14,4,0,-10,-6,-7,-5,-9,0,sil
2.7984426021575928,-1,4,-3,27,12,21,27,3,-2,13,0,1,6,11,sil
2.7984426021575928,0,-6,4,14,5,15,29,1,8,20,-1,-3,1,17,sil
2.7984426021575928,6,-6,6,6,-10,7,15,0,7,11,-10,-11,-8,11,sil
2.8122286796569824,1,-1,-5,-1,-13,3,8,-4,1,2,-16,-17,-9,-1,sil
2.829343795776367,4,4,3,-6,0,2,8,-2,7,1,-3,-3,0,-1,sil
2.829343795776367,24,12,7,1,7,0,2,0,9,1,24,21,17,7,sil
2.845027446746826,29,17,15,14,3,-4,-13,0,-8,-6,36,26,14,6,sil
2.845027446746826,12,15,17,21,10,-7,-11,-1,-11,-4,26,14,4,5,sil
2.861046552658081,-2,5,4,21,17,2,8,3,2,5,7,-1,6,7,sil
2.861046552658081,-11,-8,0,5,7,11,14,5,6,11,-13,-15,-1,-1,sil
2.8751344680786133,-11,-15,-18,-5,-2,0,1,0,10,13,-21,-12,-9,1,sil
2.8751344680786133,-4,-15,-14,-17,-11,-19,-11,-2,6,0,-15,-3,-2,10,sil
2.890642166137696,-1,-12,-2,-30,-20,-27,-21,-1,-15,-17,-11,-5,-2,0,sil
2.890642166137696,1,1,-6,-23,-15,-24,-22,0,-25,-22,-5,0,-9,-17,sil
2.907485246658325,1,12,1,-9,-3,-11,-16,0,-23,-28,-2,11,-13,-24,sil
2.907485246658325,-10,3,0,-6,1,3,-9,-3,-28,-27,-8,0,-15,-22,sil
2.907485246658325,-14,0,3,-1,7,14,1,0,-19,-3,-13,-11,-11,-8,sil
2.9232356548309326,-6,-1,-1,5,15,23,17,4,7,17,-8,-5,0,3,sil
2.9232356548309326,-8,-11,-14,2,8,21,19,2,24,19,-7,-7,4,2,sil
2.937835454940796,-10,-16,1,-4,-9,6,9,0,23,16,-9,-7,4,4,sil
2.955024480819702,0,-7,0,-6,-12,-3,8,1,34,17,-2,1,10,15,sil
2.955024480819702,8,8,-3,-6,-4,-6,3,0,43,17,16,13,18,15,sil
2.955024480819702,9,22,10,4,1,-6,-9,0,23,7,35,17,18,0,sil
2.9706480503082275,15,19,10,23,11,-1,-11,0,-7,-9,25,8,6,-10,sil
2.9706480503082275,21,18,19,32,18,6,-2,0,-19,-20,5,3,-9,-4,sil
2.9861879348754883,12,17,8,28,10,5,3,0,-17,-11,9,9,-9,4,sil
3.000291585922241,-4,-4,-8,9,-3,1,7,-2,-22,0,3,-4,-3,0,sil
3.000291585922241,-18,-24,-9,-7,-9,6,13,-4,-24,-1,-24,-24,-10,-5,sil
3.015830516815185,-20,-21,-14,-10,-6,10,17,-2,-9,1,-26,-18,-12,0,sil
3.015830516815185,-14,-16,-5,-17,-8,3,8,4,6,10,-13,-6,-4,4,sil
3.031906843185425,-12,-21,-14,-32,-16,-9,-8,1,11,8,-16,-15,0,1,sil
3.031906843185425,-6,-15,-16,-27,-16,-16,-15,-6,7,0,-12,-11,-1,2,sil
3.047060012817383,11,4,5,-4,-6,-9,-8,0,10,0,17,17,9,7,sil
3.047060012817383,17,13,6,-1,1,-8,-7,3,10,2,38,26,22,0,sil
3.062110185623169,8,8,13,-8,2,-8,-16,-5,-7,-7,26,22,10,-12,sil
3.062110185623169,5,10,16,5,8,-1,-14,-5,-25,-17,12,20,0,-5,sil
3.078080892562866,7,13,8,25,16,4,0,4,-21,-14,5,4,-3,4,sil
3.078080892562866,0,12,7,27,18,12,13,8,1,0,-3,-8,-6,-2,sil
3.093195676803589,-5,4,-4,18,12,16,21,3,22,17,-9,-5,0,2,sil
3.093195676803589,-1,0,0,6,1,8,11,0,21,19,-11,-5,3,15,sil
3.1088204383850098,2,-4,1,-1,-3,-4,-3,0,5,8,-17,-16,-7,5,sil
3.1088204383850098,5,-6,-5,-12,-11,-12,-12,-4,-3,-5,-25,-13,-11,-2,sil
3.1248257160186768,16,1,2,-21,-17,-11,-8,0,-2,-8,-13,7,5,6,sil
3.1248257160186768,19,11,0,-6,-4,-6,-2,6,2,0,18,21,19,9,sil
3.1403491497039795,0,9,5,16,9,-4,-6,7,-7,-4,25,13,3,-2,sil
3.1403491497039795,-11,0,1,23,10,4,0,0,-17,-6,1,-2,-10,-10,sil
3.1559436321258545,-6,-4,-8,12,8,14,18,-3,-1,5,-18,-19,-7,-4,sil
3.1559436321258545,-12,-11,-2,-10,0,9,11,0,14,4,-24,-23,-6,0,sil
3.1710915565490723,-26,-20,-20,-24,-7,-2,-3,-5,10,-1,-15,-16,-4,-5,sil
3.1710915565490723,-16,-16,-17,-29,-7,-9,-2,-7,7,4,0,-7,6,-11,sil
3.1871554851531982,0,-1,0,-23,-6,-7,-7,-1,6,6,9,0,8,-12,sil
3.1871554851531982,2,11,2,-3,-2,-7,-20,0,-5,-1,16,9,-4,-8,sil
3.20223331451416,3,15,13,9,8,-4,-9,-4,-18,-10,19,17,-7,-4,sil
3.20223331451416,4,11,6,15,10,2,7,-2,-17,-13,18,14,2,-2,sil
3.2179267406463623,-3,3,4,19,2,12,2,0,-18,-13,5,0,-1,-1,sil
3.2179267406463623,-7,-4,10,15,3,14,3,2,-14,-7,-7,-11,-10,3,sil
3.234041213989258,7,-7,3,13,4,7,24,4,8,9,-4,-4,2,13,sil
3.234041213989258,15,-2,5,14,1,7,26,6,24,28,1,7,17,20,sil
3.24966812133789,3,-2,-5,1,-1,2,5,2,15,21,0,4,9,19,sil
3.24966812133789,0,-6,-8,-10,-9,-8,-6,0,3,4,4,4,5,11,sil
3.265169143676758,4,-3,0,-11,-13,-5,-3,4,10,1,7,12,12,0,sil
3.265169143676758,0,-2,-5,-20,-12,0,-3,2,15,-6,-1,5,0,-10,sil
3.28031587600708,-4,-3,-2,-30,-15,-10,-12,0,-7,-29,-9,-1,-20,-16,sil
3.28031587600708,-2,5,-7,-14,-5,-11,-15,-2,-28,-27,-3,0,-19,-13,sil
3.295969724655152,0,17,1,12,11,7,-9,0,-15,-4,0,1,-6,-3,sil
3.295969724655152,1,13,19,24,11,13,1,0,3,10,0,-8,0,0,sil
3.3120179176330566,0,0,1,21,6,3,13,-4,8,17,-5,-16,-1,5,sil
3.3120179176330566,0,-5,-3,13,9,12,18,-3,13,18,-14,-6,0,13,sil
3.3273510932922363,1,-8,-6,11,6,16,11,1,22,22,-10,-1,10,11,sil
3.3273510932922363,0,-10,-10,1,-5,-2,5,0,10,16,-15,-17,7,0,sil
3.3430309295654297,-7,-6,-8,-18,-11,-9,6,-6,-4,-3,-29,-20,-9,-2,sil
3.3430309295654297,-10,-8,-23,-27,-4,-9,-1,-5,-1,-13,-16,-6,-7,-2,sil
3.3586153984069824,-5,-9,-7,-27,-3,-19,-17,0,0,-10,5,5,6,-12,sil
3.3586153984069824,0,0,7,-19,-3,-22,-21,0,-5,-12,14,11,8,-13,sil
3.374279737472534,10,14,9,0,3,-14,-17,0,-2,-11,29,21,4,1,sil
3.374279737472534,23,18,21,14,9,-6,-16,4,8,-5,44,27,10,9,sil
3.389821529388428,15,8,11,6,2,0,-9,2,6,-2,36,21,13,6,sil
3.389821529388428,5,1,11,0,0,4,-4,-1,-5,0,19,12,3,8,sil
3.4052560329437256,4,9,11,13,7,4,-7,2,-15,3,11,6,-3,3,sil
3.4052560329437256,-5,10,3,19,7,1,-6,1,-21,-6,-1,-1,-4,-7,sil
3.421165704727173,-13,2,5,6,0,8,0,-2,-26,-16,-15,-7,-9,-10,sil
3.421165704727173,-5,1,-4,2,2,13,8,0,-21,-10,-13,-10,-11,-6,sil
3.436828136444092,-5,1,0,4,0,1,7,0,-15,-2,-14,-7,-7,-4,sil
3.436828136444092,-12,-5,-1,1,-6,0,6,-2,-6,0,-22,-6,-9,-3,sil
3.4520204067230225,-8,-11,-12,0,-1,11,12,2,1,1,-21,-12,-11,-3,sil
3.4672584533691406,-4,-10,-5,1,3,15,18,9,0,5,-11,-13,-4,0,sil
3.4672584533691406,-14,-13,-14,1,-1,12,18,0,-2,9,-12,-16,0,0,sil
3.4840433597564697,-16,-13,-9,0,-4,12,12,-6,2,0,-23,-20,-7,-9,sil
3.4840433597564697,0,-1,2,1,0,7,9,0,17,2,-15,-12,-4,-1,sil
3.4840433597564697,10,1,-2,-2,-1,-4,11,2,24,18,6,-2,13,9,sil
3.499565839767456,2,-4,1,-3,-4,-5,11,-1,18,15,8,3,19,4,sil
3.499565839767456,4,-3,-2,7,-2,0,13,-1,22,7,6,10,17,6,sil
3.5142085552215576,20,0,-1,3,0,-2,8,1,31,10,13,11,9,17,sil
3.5142085552215576,16,-1,1,-14,3,-6,-3,1,24,13,16,10,4,14,sil
3.5302116870880127,2,0,0,-13,4,-8,-7,0,14,17,16,13,10,9,sil
3.5302116870880127,0,5,9,-1,3,-6,-5,1,11,15,13,14,6,5,sil
3.546303033828736,-3,5,-9,-4,0,-2,-8,0,0,-1,6,8,-7,-3,sil
3.5631511211395264,-3,3,-7,-15,-4,-9,-19,-2,-13,-13,4,7,-6,-7,sil
3.5631511211395264,7,3,12,-18,-9,-18,-26,0,-13,-11,7,6,0,-2,sil
3.5631511211395264,6,0,0,-13,-8,-18,-25,-1,-5,-8,10,5,0,0,sil
3.5778820514678955,0,3,2,-5,0,-9,-23,0,-13,-12,3,5,-2,-2,sil
3.5778820514678955,3,12,5,4,2,-6,-21,3,-20,-23,-7,0,-13,-3,sil
3.594942808151245,6,7,6,5,-2,-6,-16,0,-14,-25,-5,0,-15,2,sil
3.594942808151245,0,2,8,1,-3,0,-3,-1,-9,-8,10,5,2,0,sil
3.609263181686402,-2,4,0,8,0,3,4,1,-9,1,7,-3,12,-6,sil
3.6248779296875,-3,2,5,13,1,11,4,-1,-13,-8,-11,-15,-3,-7,sil
3.6248779296875,-8,-3,0,8,0,12,16,-2,-12,-6,-16,-16,-10,-15,sil
3.6248779296875,-8,1,-8,10,0,8,24,2,-10,0,-10,-15,-6,-19,sil
3.640906572341919,-7,0,-1,10,6,11,10,-3,-9,-12,-12,-12,-9,-9,sil
3.640906572341919,-13,-13,-6,-2,10,11,0,-10,-5,-13,-17,-13,-10,-4,sil
3.656838417053223,-12,-10,0,-2,3,12,7,2,0,2,-14,-14,-9,-4,sil
3.671872138977051,0,3,0,16,1,15,12,4,4,13,-2,-3,-3,0,sil
3.671872138977051,4,-2,0,18,3,4,7,-7,0,7,-8,3,1,7,sil
3.689215898513794,-2,-11,6,7,0,0,2,-2,-9,-1,-25,-2,-6,5,sil
3.689215898513794,-5,-1,-7,5,3,7,5,9,0,7,-11,0,-2,4,sil
3.689215898513794,5,0,5,0,5,3,13,8,24,33,18,18,23,17,sil
3.705264091491699,9,-8,11,-5,0,-1,11,0,26,35,21,15,27,24,sil
3.705264091491699,2,-9,-7,-8,-5,0,-2,-2,10,6,0,1,4,11,sil
3.721153736114502,5,0,-5,-6,-3,-8,-10,3,12,1,0,6,4,3,sil
3.721153736114502,15,8,-3,0,0,-21,-2,3,28,22,27,24,29,14,sil
3.7364351749420166,19,15,5,-2,4,-11,1,1,26,21,43,29,33,15,sil
3.7364351749420166,12,12,0,-19,3,-5,-6,0,6,-2,23,15,8,-5,sil
3.7530088424682617,0,1,-12,-20,-3,-17,-22,-4,-12,-17,6,0,-12,-13,sil
3.7530088424682617,0,6,4,-5,-2,-12,-15,0,-12,-14,18,5,-4,0,sil
3.7674601078033447,2,11,6,0,5,2,7,3,0,-3,17,-1,5,3,sil
3.7674601078033447,-16,0,0,-7,0,6,5,-4,-13,-11,-19,-28,-16,-15,sil
3.783403158187866,-25,-12,-9,-9,-7,9,-2,-10,-21,-19,-39,-37,-32,-25,sil
3.7983241081237793,-9,-11,-12,-2,-4,14,11,0,-1,-7,-25,-24,-20,-8,sorry
3.7983241081237793,0,-5,5,2,1,13,22,10,10,3,-18,-12,-11,5,sorry
3.814145803451538,0,-3,-5,10,1,4,18,4,8,3,-13,-8,-7,4,sorry
3.814145803451538,-1,-10,-12,-2,-11,-6,6,0,2,-3,-12,-5,-7,-2,sorry
3.828296661376953,-14,-17,-1,-24,-27,-15,-11,-1,-6,-17,-17,-1,-12,-11,sorry
3.828296661376953,-10,-7,1,-17,-19,-16,-26,0,-5,-18,-4,4,-1,-7,sorry
3.8434481620788574,9,11,12,-3,0,-12,-29,0,-5,-16,12,12,10,-1,sorry
3.8434481620788574,6,13,1,-2,2,-13,-28,-4,-23,-27,8,8,-6,-12,sorry
3.85921049118042,-5,9,2,2,1,-12,-30,-7,-33,-26,0,2,-24,-19,sorry
3.85921049118042,2,13,16,19,9,3,-19,2,-11,3,18,11,2,2,sorry
3.8749258518218994,14,15,10,37,17,16,7,8,5,28,37,23,36,22,sorry
3.8749258518218994,4,8,13,41,15,18,20,0,-5,23,14,9,16,10,sorry
3.890536785125733,-10,-4,0,22,13,20,16,-7,-15,12,-17,-13,-9,0,sorry
3.890536785125733,-6,-14,-9,0,11,17,18,-2,0,21,-10,-11,2,10,sorry
3.90557312965393,3,-5,2,1,4,6,19,-1,19,29,0,0,16,10,sorry
3.90557312965393,6,0,-2,10,0,4,16,-7,20,17,-10,-2,10,3,sorry
3.92130446434021,10,0,0,3,4,11,14,0,13,7,-11,0,8,7,sorry
3.92130446434021,11,2,-4,1,8,8,12,5,12,10,0,4,7,4,sorry
3.936869382858277,7,1,-2,2,-3,-1,2,0,12,0,0,5,3,1,sorry
3.936869382858277,8,0,10,0,-14,-4,-1,2,16,1,6,20,11,9,sorry
3.953056573867798,11,0,-1,-1,-5,-9,4,9,23,15,23,26,19,14,sorry
3.953056573867798,8,0,3,-4,-2,-14,2,2,16,0,15,13,8,10,sorry
3.968780755996704,1,-4,3,-13,-8,-14,-12,-7,1,-25,7,2,0,4,sorry
3.968780755996704,-6,-6,-11,-27,-10,-11,-22,-3,-5,-20,9,0,-2,-6,sorry
3.9838387966156006,-6,-6,-8,-31,-2,-7,-9,6,-4,-15,-1,-5,-11,-12,sorry
3.9838387966156006,0,-2,-9,-13,9,-6,-1,4,-1,-19,-10,-11,-17,-11,sorry
3.999000310897827,-2,0,0,-8,5,-5,-9,0,-7,-17,-5,-9,-25,-14,sorry
3.999000310897827,-17,-7,-4,-28,-8,-2,-13,0,-17,-16,-13,-16,-32,-18,sorry
4.020979404449463,-28,-11,-17,-24,-9,-1,-2,-3,-22,-14,-25,-31,-23,-15,sorry
4.020979404449463,-20,0,-3,-1,1,4,0,-3,-24,1,-11,-27,-5,-12,sorry
4.020979404449463,-9,4,0,2,6,11,0,1,-21,8,0,-13,-3,-7,sorry
4.030990839004517,-13,-3,2,-5,0,6,8,4,-9,0,-13,-18,-12,-6,sorry
4.04707407951355,-16,-6,-6,-6,-7,1,18,4,7,6,-21,-23,-6,-3,sorry
4.04707407951355,-4,4,-6,7,0,5,14,4,19,25,-2,-7,10,9,sorry
4.062239646911621,8,17,15,36,8,8,4,0,13,24,12,12,16,9,sorry
4.062239646911621,5,5,4,41,6,6,3,-7,1,10,3,6,5,-2,sorry
4.077586174011231,2,-12,0,11,-3,5,1,-1,-2,0,-9,2,0,3,sorry
4.077586174011231,11,-1,10,4,-6,4,1,4,4,3,6,20,12,15,sorry
4.093292474746704,21,19,9,22,-2,-5,2,-2,12,10,28,31,26,16,sorry
4.093292474746704,26,15,14,15,0,-14,-6,-5,9,2,25,31,22,15,sorry
4.108750104904175,28,2,3,-2,-3,-17,-21,-1,2,-9,24,34,18,12,sorry
4.108750104904175,17,6,4,-6,-3,-12,-29,-3,-12,-18,22,31,10,0,sorry
4.124240159988403,2,13,11,4,7,-1,-23,-6,-26,-19,8,13,-4,-10,sorry
4.124240159988403,1,3,3,18,12,0,-11,-1,-19,-8,-1,0,-12,-5,sorry
4.140248537063599,-4,-10,4,9,4,2,-1,4,-13,-3,-17,-12,-17,-7,sorry
4.140248537063599,-20,-17,-13,-8,0,12,12,1,-17,-9,-30,-32,-19,-11,sorry
4.155949354171753,-18,-18,-13,-8,2,19,23,0,-3,-7,-23,-33,-8,0,sorry
4.155949354171753,-15,-14,-1,-9,-1,10,15,0,21,3,-21,-20,-3,0,sorry
4.172210693359375,-13,-9,-10,-17,-8,2,9,-1,26,14,-23,-15,-2,0,sorry
4.172210693359375,7,-1,-1,-9,-2,6,16,2,24,22,0,0,12,21,sorry
4.187809944152832,20,0,-3,-6,2,5,17,4,30,21,18,21,24,28,sorry
4.187809944152832,9,-3,-5,-21,-6,-8,3,-2,24,8,10,14,15,8,sorry
4.203028202056885,11,6,8,-16,-5,-15,-3,-1,10,5,14,9,11,-2,sorry
4.203028202056885,11,12,1,-4,7,-18,-3,4,2,8,27,11,10,-7,sorry
4.218153238296509,-4,5,0,-16,0,-18,-6,5,1,-3,19,7,0,-13,sorry
4.218153238296509,-5,6,-1,-8,-2,-8,-8,6,1,-9,7,4,-6,-9,sorry
4.233828544616699,4,15,0,20,16,5,-7,2,-9,-5,0,-2,-11,-7,sorry
4.249345541000366,-11,5,3,17,13,5,-11,-1,-23,-9,-6,-20,-25,-16,sorry
4.249345541000366,-33,-11,-6,-1,-7,-3,-15,-4,-25,-14,-10,-28,-27,-15,sorry
4.249345541000366,-20,-5,4,2,-7,-1,-13,-2,-24,-17,-15,-13,-18,-7,sorry
4.264300584793091,0,9,7,25,4,11,0,-4,-21,-10,-4,1,-5,-1,sorry
4.264300584793091,0,6,1,24,1,14,10,-3,-23,5,4,0,0,7,sorry
4.279830455780029,-3,-10,1,1,-5,13,10,0,-17,12,-10,-13,-6,10,sorry
4.279830455780029,0,-18,-14,-8,-1,13,16,0,13,12,-23,-12,-6,5,sorry
4.295815467834473,1,-9,-4,-3,0,9,20,4,34,14,-10,1,1,6,sorry
4.295815467834473,0,-3,0,-8,-6,0,18,2,22,8,-5,-5,4,9,sorry
4.3108460903167725,3,-1,-8,-16,-5,-9,11,-7,13,-1,-14,-5,10,10,sorry
4.3108460903167725,9,5,0,-5,-1,-12,-5,-6,10,-8,-6,14,22,3,sorry
4.325990200042725,5,6,-3,0,-9,-11,-21,-2,-3,-13,9,11,15,-10,sorry
4.341170310974121,8,3,5,-8,-8,-11,-21,-3,-13,-15,16,6,6,-15,sorry
4.341170310974121,16,10,11,0,5,-8,-14,0,-2,-5,24,30,17,0,sorry
4.35924243927002,12,12,1,13,6,-7,-9,3,5,0,30,32,18,4,sil
4.35924243927002,2,5,11,6,0,-8,-10,4,-7,-6,15,9,0,-7,sil
4.35924243927002,0,-1,6,2,5,0,-9,2,-14,-5,0,-1,-1,-8,sil
4.373060941696167,5,0,7,15,11,10,0,2,0,13,3,2,1,6,sil
4.388283729553223,3,2,5,20,5,9,7,1,5,16,-1,-1,-8,9,sil
4.388283729553223,-7,-5,-12,5,-3,2,4,-2,-9,-6,-24,-21,-22,0,sil
4.405946969985962,-13,-16,-9,-10,-5,10,7,0,-13,-9,-25,-24,-15,0,sil
4.405946969985962,-5,-10,-5,0,4,20,20,2,7,18,-6,-3,3,11,sil
4.405946969985962,0,-3,1,2,10,12,14,0,10,18,-8,3,0,8,sil
4.420176982879639,-9,-11,-3,-29,0,-1,-4,-1,0,-2,-12,-6,-15,-5,sil
4.43725323677063,-10,-10,-11,-37,-8,-4,-5,0,5,-3,0,-6,0,0,sil
4.43725323677063,2,6,9,-5,0,-4,3,0,16,3,6,5,13,5,sil
4.43725323677063,1,2,0,0,0,-11,-4,0,9,-1,0,3,0,-10,sil
4.450936317443848,-7,-6,-9,-21,-13,-15,-18,1,-4,-12,4,-1,-8,-21,sil
4.46792459487915,1,10,10,-9,-10,-9,-8,3,-1,-10,16,8,2,-3,sil
4.46792459487915,14,25,11,18,2,-5,8,1,11,-1,20,15,6,7,sil
4.46792459487915,9,18,5,22,3,-6,1,1,5,-3,13,7,0,-2,sil
4.485687494277954,0,4,-7,18,6,-4,-12,0,-20,-8,6,-4,-11,-8,sil
4.485687494277954,-8,-3,-5,21,12,8,-1,-5,-28,-3,0,-18,-16,-1,sil
4.497331380844116,-14,-1,2,18,7,19,20,0,-2,9,-9,-26,-6,2,sil
4.512916088104248,-6,-1,-9,9,1,14,23,4,19,24,-13,-19,7,5,sil
4.512916088104248,2,-8,-2,0,0,12,15,2,14,24,-19,-6,4,10,sil
4.528207540512085,0,-11,-7,0,-1,19,20,0,13,12,-18,-6,4,11,sil
4.528207540512085,-3,-12,-12,-8,-5,4,12,-5,16,2,-7,-4,11,10,sil
4.543521404266357,2,-11,2,-25,-10,-16,-13,-8,0,-4,2,13,8,2,sil
4.543521404266357,5,-4,3,-20,-10,-15,-19,-7,-13,-8,14,25,9,0,sil
4.559176445007324,12,3,12,-5,-6,-7,-11,0,-3,-8,22,27,20,8,sil
4.559176445007324,17,7,7,-2,3,-9,-11,0,-1,-7,15,22,16,3,sil
4.574810981750488,10,14,3,-1,6,-14,-13,0,-17,-11,8,14,-2,-6,sil
4.574810981750488,3,16,15,4,-1,-9,-11,7,-14,-10,14,11,-4,-9,sil
4.590206623077393,4,6,4,11,0,-2,-5,5,0,-1,13,10,1,-8,sil
4.590206623077393,0,3,4,14,14,1,0,0,-9,-1,-3,0,-6,-8,sil
4.606309413909912,-8,3,0,11,13,2,0,1,-14,-8,-14,-17,-16,-12,sil
4.606309413909912,-10,1,-11,5,6,5,2,5,-1,-7,-15,-17,-15,-13,sil
4.622336387634277,-6,0,5,10,11,17,11,4,2,3,-10,-14,-10,-3,sil
4.622336387634277,-6,-8,1,8,8,21,16,1,10,16,-6,-18,-5,5,sil
4.638262033462524,-9,-17,-10,-13,-8,6,8,0,16,17,-19,-17,-8,2,sil
4.638262033462524,-14,-17,-22,-25,-18,-8,-1,-6,4,7,-32,-19,-10,0,sil
4.6531291007995605,-9,-14,-18,-18,-18,-8,-5,-5,4,3,-17,-17,3,6,sil
4.6531291007995605,5,-7,12,-18,-18,-3,-5,2,17,1,8,9,15,5,sil
4.668633937835693,13,0,7,-19,-16,-13,-14,-2,3,-10,16,22,9,0,sil
4.668633937835693,11,4,0,-12,-15,-23,-29,-7,-22,-30,8,13,1,-3,sil
4.684241056442261,11,9,4,0,-7,-8,-22,4,-26,-32,4,12,-4,-4,sil
4.684241056442261,2,6,3,9,4,9,0,7,-19,-23,0,1,-17,-5,sil
4.699355840682983,-17,2,2,10,10,11,9,0,-12,-12,-11,-16,-18,-10,sil
4.699355840682983,-19,4,-7,21,13,12,19,0,4,11,-6,-13,-2,-5,sil
4.714823961257935,-2,5,4,26,17,23,32,2,19,34,3,0,3,10,sil
4.714823961257935,3,2,8,19,18,23,31,-1,22,34,5,1,8,22,sil
4.730931997299194,3,-1,-11,7,13,6,13,-3,25,24,10,3,21,24,sil
4.730931997299194,7,-1,2,-4,0,-11,-6,1,22,16,20,17,23,12,sil
4.74695611000061,9,0,5,-12,-9,-23,-15,1,16,7,25,21,15,-3,sil
4.74695611000061,6,6,2,-6,-2,-22,-19,-2,4,-2,18,10,1,-9,sil
4.763242721557617,6,14,6,6,8,-8,-11,-3,-12,-11,11,6,-7,-9,sil
4.763242721557617,8,12,3,15,10,3,4,-1,-25,-7,9,4,-1,0,sil
4.7787065505981445,1,0,6,12,3,10,10,2,-25,0,-2,-4,0,10,sil
4.7787065505981445,-10,-14,-11,-5,-2,12,10,3,-5,6,-19,-13,-6,2,sil
4.7943150997161865,-7,-14,-13,-21,-2,5,13,3,23,15,-16,-10,0,-1,sil
4.7943150997161865,5,-5,3,-24,-4,0,5,1,28,12,-3,0,18,8,sil
4.809882879257202,6,-4,-6,-20,-12,-7,-9,-2,0,-6,1,7,19,10,sil
4.809882879257202,1,-1,0,-14,-11,-9,-17,-1,-19,-17,3,6,2,-6,sil
4.825931549072266,-2,2,0,-9,0,-5,-11,-2,-19,-15,0,-3,-9,-24,sil
4.825931549072266,-16,-3,-7,-7,0,-1,-6,-4,-29,-26,-17,-20,-23,-32,sil
4.841981410980225,-20,-5,-3,8,0,5,-5,0,-24,-20,-24,-25,-32,-24,sil
4.841981410980225,-7,0,-4,26,11,14,5,5,8,11,-11,-16,-15,-2,sil
4.857186794281006,-4,-1,2,10,5,11,12,4,18,14,-6,-5,-2,8,sil
4.857186794281006,-3,-8,-2,-5,-6,-1,4,2,11,-1,-9,-7,-4,6,sil
4.873259544372559,7,0,-2,2,-4,-6,-3,1,19,-1,-2,-2,0,8,sil
4.873259544372559,7,2,6,0,-11,-4,-7,1,24,3,8,11,9,8,sil
4.889238595962524,-1,-4,-3,-12,-19,-10,-11,-5,7,-1,9,13,10,1,sil
4.889238595962524,7,2,10,-5,-6,-12,-12,-12,-12,-6,12,19,6,2,sil
4.904177904129028,22,21,18,20,4,-4,-8,-5,-17,-10,25,31,5,8,sil
4.904177904129028,18,22,8,35,7,0,-6,2,-16,-12,20,23,0,7,sil
4.919983625411987,1,12,11,31,16,6,4,2,-17,-3,-4,0,-6,-3,sil
4.919983625411987,-5,5,1,26,18,15,25,-2,-6,19,-9,-9,0,-2,sil
4.93504524230957,5,0,3,18,4,12,31,-1,7,25,1,0,11,12,sil
4.93504524230957,12,-2,6,0,-3,0,16,4,14,9,5,13,14,17,sil
4.951106309890747,5,-3,0,-9,0,-12,-5,4,10,-1,8,7,9,0,sil
4.951106309890747,0,2,0,-8,-2,-15,-23,1,-7,-10,2,-5,-5,-19,sil
4.966784715652466,-4,0,-14,-5,-2,-5,-17,1,-20,-21,-12,-13,-18,-19,sil
4.966784715652466,-5,-5,-1,0,8,12,6,2,-9,-17,-18,-13,-15,-4,sil
4.982171297073364,-12,-10,-3,-2,12,16,18,1,4,0,-22,-19,-8,0,sil
4.982171297073364,-29,-22,-31,-27,-8,0,6,1,7,11,-35,-29,-9,-1,sil
4.998183250427246,-20,-23,-14,-44,-26,-11,-12,1,7,6,-29,-16,-3,1,sil
4.998183250427246,6,-8,-1,-40,-15,-11,-21,-4,9,1,7,5,16,7,sil
5.013077974319458,12,0,-1,-38,0,-9,-19,-1,8,3,37,17,26,11,sil
5.030100584030151,0,0,-1,-31,2,-4,-9,4,4,5,35,13,13,7,sil
5.030100584030151,-9,0,-9,-14,4,1,-2,-2,-2,2,8,-4,-6,-6,sil
5.030100584030151,-14,-4,-5,-7,4,11,3,-4,-5,5,-9,-21,-12,-11,sil
5.045287132263184,-8,-8,-6,0,5,20,23,0,7,19,-5,-18,0,3,sil
5.045287132263184,0,-1,3,8,5,17,33,1,25,29,1,-5,5,12,sil
5.059860467910767,3,7,12,11,6,4,23,0,30,32,11,6,10,4,sil
5.059860467910767,10,12,3,13,7,-1,8,0,20,15,26,19,19,-1,sil
5.07614016532898,16,19,14,21,6,-3,-6,-2,-4,-23,22,22,10,-5,sil
5.0911641120910645,7,20,12,38,7,-8,-19,-3,-24,-35,8,9,-9,-8,sil
5.0911641120910645,0,12,7,49,7,-1,-14,-3,-14,-7,1,0,-8,0,sil
5.106398105621338,-3,2,8,40,4,11,4,-1,1,3,-8,-4,0,3,sil
5.106398105621338,-10,-8,-2,21,-6,0,7,-4,-1,-5,-20,-10,-5,-4,sil
5.106398105621338,-4,-7,5,3,-21,-20,-9,-3,-7,-11,-14,7,-7,-7,sil
5.123490333557129,8,2,6,0,-21,-20,-14,1,-13,-15,-1,30,1,-3,sil
5.123490333557129,10,8,6,9,-7,-11,-10,4,-33,-31,-6,20,-3,-3,sil
5.138145685195923,7,7,6,11,1,-4,-13,0,-43,-37,-16,2,-19,-10,sil
5.1391441822052,8,7,-4,11,7,5,-3,0,-23,-13,-11,0,-16,-6,sil
5.152897596359253,6,6,6,18,10,13,18,3,-1,7,-7,-2,-6,7,sil
5.153901815414429,0,-9,-5,0,-1,5,17,3,10,9,-11,-14,-6,12,sil
5.168057203292847,0,-25,-22,-37,-19,-9,-6,1,17,6,-6,-19,-5,4,sil
5.183412075042725,6,-15,-2,-45,-13,-9,-13,2,25,10,6,-7,6,0,sil
5.183785676956177,7,0,-1,-22,6,0,4,4,27,8,15,4,18,4,sil
5.199934244155884,8,6,2,-13,11,6,12,5,12,0,17,13,14,5,sil
5.199934244155884,3,9,3,-9,7,10,0,3,1,7,22,7,8,3,sil
5.21483302116394,-12,0,-6,-9,2,8,-7,0,-5,14,7,-15,-4,-1,sil
5.21483302116394,-23,-16,-9,-14,0,9,2,-3,-15,1,-28,-35,-24,-9,sil
5.229995250701904,-14,-11,-12,-3,6,15,20,-5,-2,1,-33,-25,-15,-3,sil
5.229995250701904,-6,0,0,2,4,11,10,-3,9,16,-13,-4,8,5,sil
5.246966600418091,-11,-9,-5,-10,-7,-1,-8,-1,2,13,-1,0,14,4,sil
5.246966600418091,-5,-10,-12,-19,-6,-12,-7,-1,12,11,14,5,16,9,sil
5.263242244720459,9,10,7,-14,6,-9,-5,1,25,14,26,20,19,11,sil
5.263242244720459,6,10,2,-5,2,-12,-21,-4,3,-4,17,18,13,0,sil
5.263242244720459,1,5,2,1,-9,-20,-30,-8,-25,-18,13,12,8,-5,sil
5.277692794799805,6,19,13,11,-1,-13,-13,0,-19,-3,21,17,11,-2,sil
5.2929089069366455,4,20,11,26,17,6,11,8,0,-2,12,8,1,-3,sil
5.2929089069366455,-5,9,16,35,20,22,23,6,3,-10,-8,-3,-15,-8,sil
5.3079493045806885,-12,-2,-2,22,6,18,20,2,1,1,-21,-11,-20,-7,sil
5.3079493045806885,-15,-19,-10,-5,-11,4,11,2,5,5,-23,-18,-16,-4,sil
5.323873281478882,-14,-23,-9,-1,-15,-1,10,4,15,1,-12,-15,-4,-5,sil
5.323873281478882,-8,-12,-20,12,-8,-2,10,1,18,6,-9,-9,0,-5,sil
5.339352607727051,0,-6,0,-1,-10,-3,2,-1,10,4,-18,-6,-6,1,sil
5.339352607727051,11,-4,8,-8,-7,-1,-4,-5,2,-3,-8,1,-4,10,sil
5.355385065078735,20,3,9,1,2,0,0,-5,-2,-3,14,13,9,12,sil
5.355385065078735,21,7,4,0,3,-1,14,0,-3,1,26,20,15,8,sil
5.370555877685547,16,5,-5,-2,0,-6,9,0,-11,-2,20,21,11,0,sil
5.370555877685547,13,8,10,1,0,-12,-13,-1,-28,-20,13,11,0,-6,sil
5.386174201965332,12,9,3,0,3,-10,-18,-1,-27,-25,20,3,-5,-4,sil
5.386174201965332,4,10,-3,-4,6,-5,-16,-3,-11,-15,18,8,-2,-5,sil
5.402071475982666,-9,9,4,-3,3,-3,-26,-1,-7,-15,0,3,-6,-11,sil
5.402071475982666,-7,4,-1,8,2,0,-21,1,-9,-10,-10,-11,-13,-5,sil
5.41710638999939,0,8,6,14,11,10,-8,0,-10,0,-15,-15,-14,1,sil
5.41710638999939,-9,3,2,2,3,5,-8,0,-7,0,-20,-17,-13,-4,sil
5.432637929916382,-19,-11,-8,-5,-15,3,-3,1,0,0,-37,-28,-16,-11,sil
5.432637929916382,-12,-11,-6,2,-2,20,13,2,10,13,-44,-24,-6,-5,sil
5.44873571395874,-8,-4,-10,2,13,22,22,3,19,26,-22,-14,6,0,sil
5.44873571395874,-11,-6,4,-10,-2,6,21,1,16,19,-3,-9,2,3,sil
5.46418046951294,-5,-6,5,-6,-10,8,25,0,15,19,7,0,6,18,sil
5.46418046951294,12,0,1,0,0,7,26,2,28,23,22,17,23,31,sil
5.48023796081543,19,1,5,0,-3,-7,18,7,27,17,21,25,22,21,sil
5.48023796081543,10,0,-4,0,-1,-14,7,0,14,13,16,16,14,9,sil
5.496333599090576,4,-4,0,-3,3,-13,-7,-4,5,5,19,14,14,8,sil
5.496333599090576,4,-5,-4,-9,-4,-19,-20,-5,-4,-13,3,15,8,0,sil
5.512158155441284,1,-5,-11,-8,-9,-16,-23,-7,-12,-22,-10,11,0,-10,sil
5.512158155441284,-1,-5,0,-15,-4,-10,-25,-4,-8,-13,5,8,0,-13,sil
5.527908563613892,-2,-4,-10,-23,-4,-11,-25,-5,-11,-11,17,7,3,-10,sil
5.527908563613892,0,0,0,-14,-7,-8,-19,-1,-22,-17,8,2,-1,-10,sil
5.543129920959473,0,1,8,0,-2,-4,-9,5,-16,-16,12,-2,-8,-13,sil
5.543129920959473,2,12,2,11,9,3,0,4,-1,-5,21,1,-7,-6,sil
5.559154033660889,8,27,13,22,23,19,15,0,0,3,8,3,-5,0,sil
5.559154033660889,-5,12,-2,16,17,14,23,2,-13,2,-17,-18,-15,-8,sil
5.574835777282715,-19,-1,-7,10,2,5,20,1,-20,-13,-24,-33,-21,-6,sil
5.574835777282715,-5,11,7,33,11,19,24,1,3,-3,-6,-9,-6,8,sil
5.589931488037109,-2,5,2,30,11,23,17,5,18,16,-7,-4,0,5,sil
5.589931488037109,-21,-18,-6,-11,-14,1,-5,3,2,7,-31,-25,-16,-7,sil
5.605133295059204,-14,-14,-14,-16,-15,-5,-7,-3,3,0,-25,-24,-12,-3,sil
5.605133295059204,0,-2,0,2,3,7,6,-3,17,14,-6,-4,6,7,sil
5.621177434921265,-9,-13,-1,-8,2,5,3,3,15,21,0,2,14,9,sil
5.621177434921265,2,-9,-7,-17,-9,-14,-8,2,8,16,10,13,16,10,sil
5.636397838592529,38,14,20,4,-7,-20,-8,0,11,10,26,30,22,12,sil
5.636397838592529,35,13,10,15,1,-9,-5,-3,14,-5,24,26,22,9,sil
5.652199506759644,4,-3,-3,-7,0,-6,-14,-3,-1,-22,12,17,6,-1,sil
5.652199506759644,0,0,5,-21,-11,-10,-18,-2,-21,-23,8,16,-3,-14,sil
5.667752742767334,14,8,4,-10,-9,-12,-13,-1,-24,-20,5,9,0,-7,sil
5.667752742767334,14,7,8,0,2,-6,-13,1,-22,-23,0,0,0,5,sil
5.683130741119385,0,0,2,5,5,6,0,1,-18,-13,-1,0,-10,2,sil
5.683130741119385,-8,-8,0,3,-2,15,16,-1,-4,1,-8,-7,-14,-5,sil
5.698535680770874,-12,-7,0,1,-1,14,12,0,0,13,-17,-22,-11,-7,sil
5.698535680770874,-14,0,-6,8,10,12,13,3,6,19,-11,-21,-4,0,sil
5.714659929275513,-11,0,2,12,9,13,20,0,19,20,-8,-8,-2,8,sil
5.714659929275513,-9,-5,-10,0,-1,6,11,-4,19,20,-15,-8,0,4,sil
5.730392217636108,-9,-5,-13,-11,-5,-3,0,-3,6,11,-12,-13,0,-7,sil
5.730392217636108,-4,-1,-1,-8,0,-5,0,-3,7,1,-1,-4,0,-10,sil
5.746444940567017,0,-6,-15,-5,2,-9,-3,-5,15,1,2,3,4,-1,sil
5.762038230895996,0,-10,-7,-21,-6,-11,-7,0,4,0,6,7,7,3,sil
5.762038230895996,-2,-2,-1,-22,-10,-10,-14,3,-9,-7,19,11,0,0,sil
5.762038230895996,4,13,6,0,0,-14,-19,3,-13,-12,24,19,-1,-1,sil
5.777220249176025,7,18,16,16,10,-9,-12,5,-17,-20,14,20,-1,-5,sorry
5.777220249176025,-2,6,0,11,4,3,-4,0,-17,-22,5,0,-6,-4,sorry
5.792277574539185,-4,-1,-1,8,0,9,0,-2,-8,-5,0,-7,-7,5,sorry
5.792277574539185,-2,-5,0,7,3,11,10,0,-7,1,-11,-4,-8,5,sorry
5.807933330535889,-7,-9,0,0,3,15,14,3,-11,-11,-29,-14,-17,-5,sorry
5.823155403137207,0,-3,10,1,-4,15,18,7,7,1,-22,-11,-2,4,sorry
5.823155403137207,13,-1,-3,1,-12,5,24,6,36,38,2,2,22,24,sorry
5.823155403137207,8,-4,-4,-5,-6,2,15,1,33,37,0,-1,14,17,sorry
5.838924646377564,7,0,0,3,6,5,6,0,21,10,-10,-9,6,2,sorry
5.857201099395752,13,8,2,12,12,-3,4,-3,16,2,1,1,17,0,sorry
5.857201099395752,8,13,8,3,4,-15,-8,-6,2,-2,18,19,15,-4,sorry
5.857201099395752,3,14,-5,2,0,-13,-23,-6,-9,-9,19,18,7,-10,sorry
5.8707921504974365,2,10,0,3,0,-8,-27,-6,-11,-12,13,7,5,-11,sorry
5.8707921504974365,0,8,13,-2,0,-12,-25,-3,-12,-13,14,7,2,-13,sorry
5.884938478469849,0,7,10,-1,4,-11,-20,1,-15,-9,26,11,3,-5,sorry
5.900034189224243,-4,1,9,4,8,0,-15,5,-15,0,24,5,1,0,sorry
5.900034189224243,-10,-4,-8,7,6,0,-8,4,-16,-5,-2,-16,-11,-7,sorry
5.915170907974243,-3,-1,-1,13,2,0,-1,1,-27,-13,-23,-20,-23,-5,sorry
5.915170907974243,1,-5,4,12,0,9,11,-2,-23,-2,-16,-2,-17,6,sorry
5.931258201599121,-10,-22,-11,-3,-9,11,20,-4,-10,2,-14,-6,-11,3,sorry
5.931258201599121,-23,-22,-6,-18,-19,8,16,0,-10,-3,-27,-24,-19,-7,sorry
5.946866273880005,-18,-9,-13,-15,-10,16,19,0,-4,8,-22,-21,-15,-1,sorry
5.946866273880005,-6,-13,-15,-15,-1,13,22,0,11,18,-16,-9,-4,9,sorry
5.962517499923706,0,-17,-6,-18,-7,-2,12,2,23,8,-14,-5,3,11,sorry
5.962517499923706,7,1,-4,-9,-10,-3,1,0,31,0,0,5,9,17,sorry
5.978132486343384,20,17,9,-3,0,1,1,0,29,-5,10,19,8,19,sorry
5.978132486343384,19,13,4,-3,9,-9,1,1,25,0,17,23,13,11,sorry
5.993667125701904,9,9,4,-8,2,-15,-7,2,24,5,15,21,18,0,sorry
5.993667125701904,0,7,6,-20,-12,-5,-18,2,8,-15,-3,6,0,-17,sorry
6.009146928787232,-8,0,-9,-19,-6,-4,-13,0,-6,-20,-8,-6,-10,-25,sorry
6.009146928787232,-2,6,0,4,15,-2,0,0,-4,2,7,1,0,-14,sorry
6.038012742996216,7,16,6,24,18,0,0,3,-1,7,14,8,4,-6,sorry
6.038012742996216,4,11,10,21,5,0,-5,3,-2,-1,12,2,1,-1,sorry
6.038012742996216,-4,0,14,15,4,3,4,0,1,8,14,3,10,6,sorry
6.038012742996216,-7,-10,-6,13,6,6,9,0,-1,20,5,-4,10,4,sorry
6.056196212768555,-10,-17,-6,5,-4,1,-6,-2,-15,16,-10,-18,-7,-2,sorry
6.056196212768555,-11,-17,-8,2,-9,0,-5,-7,-12,10,-8,-13,-4,0,sorry
6.072278499603272,4,-7,-1,8,2,11,16,-2,0,5,5,5,13,14,sorry
6.072278499603272,15,0,13,8,8,12,16,0,-8,0,0,3,5,14,sorry
6.08821177482605,-3,-3,-3,-1,-3,-9,-5,-8,-18,-2,-12,-12,-8,-1,sorry
6.08821177482605,-5,0,-1,-7,-8,-20,-13,-3,0,0,1,1,2,-3,sorry
6.103624582290649,13,12,8,0,6,-2,-6,4,12,0,26,20,13,4,sorry
6.103624582290649,7,14,0,8,12,1,-11,0,-13,-18,10,4,-12,-5,sorry
6.1187896728515625,-7,11,0,16,0,0,-12,-1,-32,-31,-17,-8,-30,-15,sorry
6.1187896728515625,-2,4,-5,15,-4,12,2,0,-10,-10,-15,-9,-14,-1,sorry
6.13484001159668,-3,-7,0,-3,-2,19,7,1,8,9,-14,-14,-3,7,sorry
6.13484001159668,-6,-7,-4,-13,0,6,5,3,15,7,-11,-8,3,1,sorry
6.149869441986084,12,3,-5,-5,-1,-5,5,1,19,0,7,12,18,2,sorry
6.149869441986084,19,10,9,-9,-3,-7,0,1,10,-5,8,20,14,8,sorry
6.165921926498413,2,4,0,-13,-2,-7,-5,3,-7,-11,-3,6,0,0,sorry
6.165921926498413,-4,-2,2,-7,0,-6,-3,1,-17,-19,0,-1,-6,-13,sorry
6.181952953338623,-6,-1,0,-1,0,0,0,2,-10,-15,0,-4,-13,-14,sorry
6.181952953338623,-14,-1,-10,1,-2,5,8,2,5,2,-21,-14,-17,-5,sorry
6.197997808456421,-16,-15,3,-8,-7,-1,16,0,15,13,-28,-19,-8,0,sorry
6.197997808456421,-14,-28,-10,-28,-13,-14,2,-7,7,0,-17,-12,0,-2,sorry
6.21407151222229,-11,-15,-13,-28,-16,-14,-18,-6,-6,-13,-13,-3,-2,-3,sorry
6.21407151222229,5,3,1,-7,-2,-5,-12,0,6,4,11,9,7,1,sorry
6.230082273483276,22,9,4,1,12,-5,-5,6,21,28,42,21,20,8,sorry
6.230082273483276,16,13,10,2,4,-5,-13,4,3,10,29,17,4,0,sorry
6.245216131210327,1,14,2,21,2,7,1,0,-6,0,12,0,-2,-4,sorry
6.245216131210327,0,4,4,29,16,24,28,0,8,26,17,-5,10,11,sorry
6.261218309402466,1,-2,4,13,17,25,29,1,19,39,10,-1,13,19,sorry
6.261218309402466,3,0,-3,5,1,7,13,0,19,21,0,3,14,18,sorry
6.276593923568726,13,7,8,10,-4,-4,1,0,14,2,4,13,21,14,sorry
6.276593923568726,18,7,0,5,0,-6,-5,-1,7,-4,11,15,16,7,sorry
6.292181015014648,8,9,4,-1,0,-10,-14,-2,-2,-2,17,11,4,-1,sorry
6.292181015014648,0,13,17,10,0,-10,-17,-1,-19,-5,15,7,0,-10,sorry
6.30810284614563,-6,1,0,20,5,-1,-5,-2,-28,-23,-7,-1,-15,-13,sorry
6.30810284614563,-19,-20,-8,1,-2,7,2,-2,-29,-33,-35,-21,-35,-14,sorry
6.323341608047485,-33,-28,-19,-20,-17,8,2,-3,-27,-18,-47,-40,-31,-16,sorry
6.323341608047485,-19,-14,-12,-16,-11,6,8,0,-5,-1,-37,-27,-8,-6,sorry
6.339288711547852,5,-2,4,-4,0,0,7,0,18,0,-17,-1,1,2,sil
6.339288711547852,4,-3,-6,-8,-5,-12,-15,-6,2,-9,-6,1,-7,-7,sil
6.354947566986084,-1,2,-2,-19,-8,-13,-26,-2,-20,-22,2,4,-13,-11,sil
6.354947566986084,6,13,-2,-8,5,-6,-9,6,-9,-16,18,16,0,0,sil
6.370998859405518,3,9,0,10,13,-1,1,4,-9,-8,9,6,-2,-6,sil
6.370998859405518,-8,4,10,15,12,9,3,0,-22,-13,-10,-6,-19,-17,sil
6.3862245082855225,-5,1,-3,14,13,13,11,0,-8,-1,-5,-3,-10,0,sil
6.3862245082855225,5,1,1,17,11,9,15,1,11,26,2,7,12,25,sil
6.40227198600769,10,5,8,20,7,15,18,8,23,40,3,10,25,30,sil
6.40227198600769,3,0,-2,-1,-2,9,13,3,31,25,0,0,17,15,sil
6.418234586715698,-10,-16,-7,-28,-18,-6,-2,-6,27,8,-2,-12,4,0,sil
6.418234586715698,-6,-12,-9,-20,-19,-5,-10,-2,20,9,7,-5,11,-1,sil
6.4345691204071045,14,6,6,-4,-7,-5,-11,5,17,10,16,10,22,4,sil
6.4345691204071045,17,9,6,-16,-5,-22,-16,0,7,0,10,13,15,0,sil
6.450746774673462,14,3,3,-17,-14,-26,-17,-7,-2,-7,11,10,2,-4,sil
6.450746774673462,25,8,15,0,-14,-9,-9,1,-7,-5,17,12,2,-7,sil
6.466185092926025,16,8,3,-4,2,-3,-1,2,-7,-8,13,7,4,-4,sil
6.466185092926025,0,1,10,-14,10,-9,0,0,-6,-11,10,2,0,4,sil
6.482401371002197,3,6,11,6,6,-4,0,0,-8,-7,12,4,-2,9,sil
6.482401371002197,-1,10,-5,26,7,9,2,1,-13,-8,1,-1,-4,0,sil
6.497856140136719,-26,0,-1,18,13,18,8,-1,-16,-14,-12,-16,-18,-14,sil
6.497856140136719,-34,-14,-13,10,13,17,11,-5,-16,-7,-18,-24,-25,-13,sil
6.51391339302063,-19,-14,-9,13,9,24,14,0,-8,2,-11,-15,-17,-1,sil
6.51391339302063,-13,-7,-5,18,5,29,25,7,8,12,-4,-6,-8,0,sil
6.529440402984619,-18,-11,-19,10,-3,14,22,6,9,14,-19,-14,-12,-2,sil
6.529440402984619,-14,-15,-10,-6,-5,0,2,0,0,4,-34,-17,-17,-4,sil
6.545016288757324,-2,-8,-7,-9,2,0,1,-1,15,11,-12,-9,0,-1,sil
6.545016288757324,0,-8,-8,-13,-3,0,11,-1,27,22,-1,-3,12,-1,sil
6.560562372207642,2,-8,-4,-15,-16,-11,1,-1,8,8,-16,5,6,-2,sil
6.560562372207642,13,3,0,-3,-7,-19,-15,-5,-4,-11,-6,18,8,5,sil
6.5762038230896,18,8,11,-6,-1,-18,-18,-1,0,-16,10,16,18,9,sil
6.5762038230896,13,0,5,-19,-14,-20,-19,1,-1,-8,10,7,11,3,sil
6.592274904251099,18,7,12,-6,-13,-19,-24,0,-6,0,13,16,0,1,sil
6.592274904251099,23,16,19,10,2,-6,-17,3,-3,-4,20,24,9,5,sil
6.608002185821533,11,8,5,2,7,0,-7,5,-3,-9,25,19,19,10,sil
6.608002185821533,5,14,15,2,1,-8,-11,0,-8,0,31,19,18,11,sil
6.623912334442139,10,27,12,22,2,-6,-11,-5,-11,3,23,13,11,7,sil
6.623912334442139,3,21,4,26,14,10,-5,-7,-15,-8,3,-2,-5,-4,sil
6.639474868774414,-11,8,0,13,19,20,-2,-7,-15,-9,-3,-3,-16,-12,sil
6.639474868774414,-8,1,-7,9,11,12,3,-4,-10,4,-6,-5,-7,-2,sil
6.655145168304443,0,0,3,10,8,10,14,2,-11,5,-15,-21,-8,2,sil
6.655145168304443,-15,-12,-7,2,10,15,18,0,-5,0,-21,-32,-21,-8,sil
6.671204566955566,-18,-26,-16,-10,0,14,22,-2,14,4,-22,-26,-19,-13,sil
6.671204566955566,-4,-21,-5,-16,-16,9,31,6,23,9,-17,-17,-6,0,sil
6.686816692352295,-11,-21,-21,-23,-19,3,27,7,18,6,-11,-17,1,3,sil
6.686816692352295,-19,-27,-15,-37,-16,0,8,1,21,0,-10,-6,9,-1,sil
6.702298164367676,-4,-15,-3,-28,-14,-9,0,1,32,4,1,8,14,0,sil
6.702298164367676,7,-1,-2,-18,-14,-19,-4,4,22,-1,12,6,6,2,sil
6.717896699905396,8,3,3,-16,-11,-14,-15,2,3,-13,5,4,0,-2,sil
6.717896699905396,7,13,0,3,-2,-9,-18,-2,-8,-13,6,12,-1,-3,sil
6.7330968379974365,7,23,12,20,5,-13,-15,0,-24,-12,13,17,-8,-1,sil
6.7330968379974365,7,20,14,16,15,-1,-13,2,-29,-10,8,12,-8,3,sil
6.748252630233765,5,14,7,23,19,16,-3,0,-15,0,0,7,-2,5,sil
6.748252630233765,-1,4,5,34,15,15,6,-1,-8,7,0,-1,-10,-3,sil
6.764181613922119,-11,-9,-11,17,10,3,9,-3,-12,8,-5,-9,-13,-5,sil
6.764181613922119,-6,-11,0,-2,3,4,8,-3,-4,9,-16,-6,-1,0,sil
6.780307292938232,2,-4,6,0,0,3,10,0,17,12,-16,-5,7,1,sil
6.780307292938232,3,0,-7,-5,0,-12,-1,0,24,14,0,-4,11,0,sil
6.796224594116211,0,1,-1,-18,-3,-20,-21,-2,0,6,15,9,18,-1,sil
6.796224594116211,8,5,1,-8,-3,-15,-23,-1,-17,-5,18,18,17,-2,sil
6.811927795410156,10,9,8,7,-2,-10,-11,-1,-12,-13,5,8,2,-4,sil
6.811927795410156,-1,9,3,11,-2,6,3,0,0,-5,0,0,-1,-1,sil
6.827626466751099,-11,2,-9,10,0,26,17,6,13,8,3,-3,2,6,sil
6.827626466751099,-7,-7,1,4,2,22,16,7,14,10,2,-8,0,10,sil
6.842897176742554,1,-11,-4,0,0,3,12,0,13,14,0,-8,3,16,sil
6.842897176742554,6,-4,0,-2,-8,0,10,-2,17,16,3,0,15,21,sil
6.857965469360352,-1,-5,0,-15,-9,0,0,1,12,5,7,3,12,6,sil
6.857965469360352,-1,-11,-9,-26,-5,-11,-16,-1,-6,-13,3,0,0,-8,sil
6.873323678970337,15,1,9,-15,-2,-16,-19,0,-18,-30,-1,6,-6,-5,sil
6.873323678970337,13,14,4,1,0,-10,-13,-1,-14,-31,1,8,-7,-5,sil
6.888868808746338,-7,6,-2,0,0,-8,-8,-2,-14,-18,3,-6,-13,-19,sil
6.888868808746338,-18,0,-1,0,-1,-5,-1,1,-23,-11,-12,-22,-23,-26,sil
6.904954195022583,-18,-3,-12,2,-2,4,6,3,-24,-16,-31,-24,-28,-18,sil
6.904954195022583,-16,-4,0,5,7,19,15,1,-14,-6,-24,-10,-19,-2,sil
6.920044422149658,-6,-2,2,11,15,23,20,-1,-1,11,-9,-2,-9,7,sil
6.921046733856201,2,0,4,14,8,18,14,0,10,16,-15,-6,-4,5,sil
6.936178207397461,12,6,11,15,4,12,16,4,32,26,-3,8,13,15,sil
6.936178207397461,23,10,4,13,3,0,19,3,43,32,22,27,30,27,sil
6.952265024185181,19,0,8,-4,-8,-14,1,-2,20,6,16,25,18,14,sil
6.952265024185181,9,-9,-2,-23,-12,-12,-10,-5,4,0,9,20,12,7,sil
6.9662415981292725,6,-4,-6,-24,-2,-5,-8,0,10,10,23,23,20,8,sil
6.9662415981292725,1,1,1,-15,0,-6,-16,0,1,0,20,11,9,-9,sil
6.982859611511231,-3,4,-5,-1,0,-10,-18,-7,-16,-10,12,-1,0,-15,sil
6.982859611511231,0,8,8,10,9,-10,-7,-3,-16,0,17,4,2,-2,sil
6.997537851333618,0,5,6,19,11,-4,-6,3,-8,0,8,-2,-4,-5,sil
7.013725757598877,-8,0,-4,18,2,2,-13,2,-19,-15,-12,-28,-18,-16,sil
7.013725757598877,-11,-4,-2,10,0,7,-3,-3,-25,-16,-20,-29,-11,-10,sil
7.013725757598877,-9,-7,-8,9,3,6,13,-5,-4,2,-14,-15,0,4,sil
7.029355049133301,-5,-6,-1,5,0,9,17,4,16,17,-13,-11,1,9,sil
7.029355049133301,-6,-10,-11,-7,-8,3,13,8,21,16,-16,-14,1,0,sil
7.044472694396973,-4,-11,-17,-18,-15,-11,1,-1,10,0,-8,-6,0,-7,sil
7.060036659240723,0,1,3,-18,-20,-13,-12,-5,-1,-15,0,7,-4,-1,sil
7.060036659240723,-2,6,-6,-16,-15,-7,-14,0,-10,-21,0,5,-10,-9,sil
7.076173543930054,-9,2,-3,-15,-2,-4,-13,2,-13,-21,-1,2,-14,-15,sil
7.076173543930054,-7,9,9,-3,9,4,-14,4,-4,-14,2,6,-10,0,sil
7.093221187591553,4,13,6,15,13,14,-5,1,2,-2,0,1,-6,8,sil
7.093221187591553,7,8,8,20,13,16,8,1,-5,1,-6,-4,-4,3,sil
7.093221187591553,-4,0,0,11,12,17,20,4,-5,11,-3,-3,1,6,sil
7.108799457550049,-6,-9,3,0,6,18,21,1,12,26,-5,-7,3,9,sil
7.108799457550049,5,-14,1,-13,0,8,13,-2,26,26,-4,-5,6,7,sil
7.121933937072754,8,-6,-5,-20,0,-13,6,0,21,9,6,6,16,7,sil
7.137174129486084,7,0,6,-16,-4,-19,1,1,3,-4,15,13,11,0,sil
7.137174129486084,8,-2,-4,-9,-14,-12,-2,-4,-1,-9,17,12,2,-5,sil
7.154497385025024,15,8,6,5,-4,-10,-4,-6,-1,-10,25,21,12,5,sil
7.154497385025024,25,28,26,34,15,-1,0,0,-6,-1,34,32,24,16,sil
7.168529033660889,16,16,11,40,13,9,6,1,-15,5,17,18,9,6,sil
7.168529033660889,-7,-6,2,17,-6,10,7,0,-18,0,-8,-2,-11,-4,sil
7.18381929397583,-11,-15,-11,4,-7,7,3,2,-6,0,-11,-14,-10,0,sil
7.18381929397583,0,-14,-8,-3,-1,3,-5,2,11,4,-11,-11,-1,3,sil
7.199322462081909,0,-10,-2,-13,-8,-8,-11,-2,19,7,-17,-7,-3,-3,sil
7.199322462081909,0,-1,-10,-13,-9,-20,-9,-3,10,7,-12,-9,0,0,sil
7.215231418609619,0,0,-2,-18,-1,-17,-10,1,-4,-2,-5,-8,3,0,sil
7.215231418609619,-4,-1,-7,-15,0,-8,-16,0,-14,-18,-4,0,-2,-14,sil
7.231241226196289,-4,5,-1,1,0,-2,-18,-4,-14,-19,0,2,-9,-19,sil
7.231241226196289,-6,12,10,11,9,5,-10,0,-17,-16,1,-3,-9,-11,sil
7.246832609176636,-15,1,0,5,11,10,1,2,-24,-15,-5,-14,-13,-12,sil
7.246832609176636,-17,-5,0,5,12,14,12,-2,-15,-1,-18,-21,-15,-12,sil
7.262259721755981,-16,-3,-8,7,11,17,22,-1,7,16,-17,-19,-7,2,sil
7.262259721755981,-15,-6,-11,-4,0,8,15,1,21,18,-2,-7,3,15,sil
7.277846574783325,-6,-8,-5,-16,-8,-1,3,-5,23,15,1,3,7,8,sil
7.277846574783325,2,-5,-11,-15,-12,-6,1,-10,21,11,-4,0,0,0,sil
7.293201446533203,9,0,4,-10,-12,0,-2,2,8,-1,0,9,-3,-1,sil
7.293201446533203,13,9,6,0,0,0,-9,8,1,-1,20,24,6,3,sil
7.309218645095825,11,19,5,7,4,-12,-10,4,3,-1,27,25,12,9,sil
7.309218645095825,6,16,16,2,0,-14,-4,5,0,-9,14,14,6,6,sil
7.325207710266113,6,1,9,4,1,1,5,6,0,-2,5,0,1,0,sil
7.325207710266113,8,-7,13,14,3,16,18,8,9,9,0,-3,-2,0,sil
7.340592622756958,4,-4,0,13,-4,14,20,4,10,13,-6,-1,0,11,sil
7.340592622756958,2,-6,-13,-8,-9,1,7,-6,8,8,-13,-8,7,10,sil
7.355859994888306,9,-11,0,-18,-6,-4,-3,-4,14,2,-5,-5,9,0,sil
7.355859994888306,18,-3,-3,-1,0,-5,-5,0,11,2,13,14,13,6,sil
7.371247053146362,13,10,-1,-1,1,-15,-12,-6,-17,-10,11,17,3,5,sil
7.371247053146362,0,4,-2,-17,-9,-24,-21,-13,-45,-35,-2,-3,-14,-15,sil
7.387360334396362,-4,-3,-5,-1,-6,-6,-15,-3,-48,-30,-2,-11,-18,-15,sil
7.387360334396362,-3,8,11,29,16,14,-2,5,-35,-10,-1,-5,-11,0,sil
7.403007984161377,-11,5,3,27,17,14,5,-2,-13,1,-3,-11,-3,-3,sil
7.403007984161377,-25,-12,-1,6,0,12,10,-6,3,14,0,-16,0,-7,sil
7.418436765670776,-21,-6,-5,7,7,20,14,0,11,23,-4,-10,1,0,sil
7.418436765670776,0,5,-14,15,15,7,14,2,22,20,-6,0,6,5,sil
7.43380856513977,5,-1,1,-5,-4,-13,3,5,31,18,5,11,11,8,sil
7.43380856513977,-8,-6,0,-24,-12,-20,-10,5,21,7,13,8,5,-1,sil
7.448983669281006,-9,3,2,-12,0,-15,-22,0,-7,-17,0,6,-4,-14,sil
7.448983669281006,0,7,5,0,0,-3,-20,0,-21,-25,-10,8,-5,-12,sil
7.464118242263794,-4,1,-2,-7,-1,12,-1,0,-8,-9,-8,-3,-4,-7,sil
7.465118646621704,-7,-3,3,-8,5,23,18,2,4,4,-3,-12,-7,0,sil
7.480278253555298,2,-4,0,8,6,14,25,2,8,10,-6,-5,-3,9,sil
7.480278253555298,7,-7,0,1,-8,0,18,-1,8,8,-19,-6,-3,6,sil
7.494848012924194,0,-13,-5,-22,-17,-7,5,-5,17,8,-21,-14,-4,4,sil
7.495848655700684,4,-7,-14,-18,-5,-8,-1,-1,28,8,-5,-4,6,16,sil
7.510936737060547,20,7,6,-1,2,-5,2,6,25,0,12,17,17,16,sil
7.510936737060547,16,3,1,-10,-6,-5,0,3,7,-8,20,18,9,1,sil
7.527159452438354,-2,-2,-5,-25,-11,-11,-17,0,-11,-10,6,3,-5,-7,sil
7.527159452438354,-2,7,7,-7,0,-8,-21,1,-12,-6,5,5,-1,-6,sil
7.541288137435913,12,14,8,22,3,-2,-7,0,-7,-4,26,16,7,0,sil
7.556822776794434,11,14,13,27,0,-8,-13,-5,-20,-17,16,8,-5,-7,sil
7.55782413482666,3,14,0,22,8,-8,-20,-4,-27,-19,-3,0,-15,-14,sil
7.55782413482666,10,13,2,29,20,5,-2,0,-6,4,11,6,3,1,sil
7.573356866836548,8,8,17,32,18,20,12,1,1,19,22,9,14,10,sil
7.588941812515259,-6,-2,0,20,4,13,4,-1,-11,9,2,-2,0,1,sil
7.588941812515259,-10,-11,-7,7,-3,1,0,0,-11,3,-5,-7,-4,3,sil
7.588941812515259,-10,-15,-12,-3,-3,1,14,0,4,17,-2,-7,4,8,sil
7.604119777679443,-14,-19,-6,-16,-4,8,20,0,6,24,-8,-12,6,3,sil
7.604119777679443,-12,-14,2,-12,-9,11,16,2,-1,10,-11,-10,0,2,sil
7.621163606643677,-15,-10,-17,-5,-9,3,11,-5,0,-6,-21,-18,-11,-4,sil
7.621163606643677,-24,-10,-7,-20,-8,0,3,-8,6,-15,-44,-30,-22,-15,sil
7.637287378311157,-14,-4,0,-22,-4,0,-2,0,11,-10,-38,-21,-13,-6,sil
7.649918794631958,3,0,-8,-12,-4,-7,-9,0,7,-4,-9,0,2,3,sil
7.649918794631958,6,1,-2,-17,-11,-14,-12,-2,2,-2,9,13,7,0,sil
7.665863513946533,8,5,1,-22,-13,-10,-7,0,7,-4,16,17,11,-2,sil
7.665863513946533,15,12,15,-12,0,-4,-11,5,4,-13,17,18,6,-5,sil
7.681891202926636,13,14,9,-1,17,-4,-19,3,-6,-14,16,14,0,-11,sil
7.681891202926636,9,13,0,10,16,0,-11,1,-7,-5,15,11,1,-2,sil
7.696111679077148,13,20,16,25,15,8,5,5,-2,1,14,13,7,10,sil
7.696111679077148,8,17,10,30,22,10,13,4,-6,4,14,4,4,7,sil
7.712211847305298,-5,0,4,17,12,3,11,0,-16,-1,4,-8,-5,-4,sorry
7.712211847305298,-11,-8,-7,8,2,5,10,-1,-10,-3,-10,-13,-12,-3,sorry
7.728044748306274,-8,-6,-13,9,9,12,17,0,12,14,-12,-13,-4,10,sorry
7.728044748306274,-7,-13,1,1,0,11,16,4,25,30,-4,-10,5,14,sorry
7.742927074432373,-3,-22,-8,-13,-18,0,7,2,23,28,0,-8,9,10,sorry
7.742927074432373,0,-19,-11,-17,-18,-11,-6,-3,14,12,-3,-3,6,8,sorry
7.758957386016846,3,-10,-6,-7,-13,-17,-13,-2,7,0,-4,4,4,3,sorry
7.758957386016846,7,0,0,-4,-18,-16,-8,1,5,-1,-5,6,3,0,sorry
7.774287223815918,7,0,10,-22,-22,-10,-8,1,-1,-7,-11,5,0,-7,sorry
7.774287223815918,0,-6,-4,-25,-14,-9,-18,-3,-10,-15,0,6,-9,-18,sorry
7.790186643600464,2,9,1,-4,0,-12,-16,-2,-11,-15,16,17,-8,-13,sorry
7.790186643600464,6,33,13,16,11,-6,-4,2,-13,-14,18,18,0,-6,sorry
7.80622124671936,1,21,0,19,10,3,-6,0,-18,-14,14,8,1,-7,sorry
7.80622124671936,0,0,8,8,5,4,-9,-1,-12,-3,19,9,2,-2,sorry
7.821935176849365,-3,-1,4,4,6,-1,1,-1,-12,0,8,4,1,3,sorry
7.821935176849365,-9,7,1,10,9,8,2,-2,-27,-17,-14,-9,-14,-2,sorry
7.837230205535889,-4,10,4,23,13,30,9,0,-13,-11,-11,-7,-11,1,sorry
7.837230205535889,7,8,0,33,18,31,29,1,16,24,5,3,15,24,sorry
7.853044986724853,13,4,14,31,17,17,28,1,14,21,0,0,20,26,sorry
7.853044986724853,0,-13,-4,6,0,12,15,-2,7,-8,-21,-26,2,2,sorry
7.868096590042114,-26,-31,-25,-23,-14,8,13,-5,15,-2,-40,-46,-16,-10,sorry
7.868096590042114,-24,-20,-13,-21,-10,-3,7,-1,8,15,-35,-30,-22,-6,sorry
7.88423228263855,-2,-5,-10,-10,-5,-19,-10,0,-1,3,-12,-7,-12,-7,sorry
7.88423228263855,1,-6,-3,-25,-16,-23,-27,0,2,-4,0,0,0,-12,sorry
7.899715185165405,2,-5,-4,-31,-20,-20,-23,0,7,1,16,14,10,2,sorry
7.899715185165405,9,-1,-5,-18,-11,-20,-13,0,4,-2,24,23,10,14,sorry
7.915205955505371,9,1,5,-16,0,-11,-9,0,10,-8,10,12,0,-3,sorry
7.915205955505371,10,17,3,-4,15,0,0,0,21,-1,11,8,4,-6,sorry
7.931268215179443,9,24,13,4,18,3,6,6,12,4,24,20,11,4,sorry
7.931268215179443,-5,2,5,-4,6,1,-6,4,-3,10,17,13,5,-6,sorry
7.946954488754272,-12,-6,-3,-4,0,4,-18,-1,-9,1,3,-2,-2,-21,sorry
7.946954488754272,0,7,4,10,4,8,-2,1,-12,-5,4,-3,-5,-8,sorry
7.961982250213623,1,3,4,20,9,9,11,1,-15,8,7,0,-6,2,sorry
7.961982250213623,-3,-2,14,24,8,11,12,-2,-19,12,0,0,0,0,sorry
7.976876735687256,-8,-1,2,20,4,8,17,0,-16,0,-10,-9,4,0,sorry
7.976876735687256,-9,-8,-9,0,-1,0,18,3,-2,2,-22,-15,-3,5,sorry
7.992954969406128,0,-9,1,-8,-10,-2,8,0,6,3,-21,-7,-6,8,sorry
7.992954969406128,13,-4,-8,-5,-18,-4,7,-5,9,-3,-7,0,6,12,sorry
8.008970499038696,10,-6,0,-10,-20,-2,12,-2,11,-5,-5,3,10,16,sorry
8.008970499038696,4,-2,2,-11,-11,5,7,5,8,-4,-12,1,0,11,sorry
8.024240970611572,8,8,-3,-1,-6,-1,-6,2,-2,-9,0,7,1,0,sorry
8.024240970611572,13,14,11,7,0,-13,-12,-1,-8,-5,21,23,9,-1,sorry
8.047275066375732,10,13,6,11,15,-6,-6,-1,2,0,25,19,5,0,sorry
8.048277139663696,10,11,6,9,12,1,-9,0,7,-9,17,7,2,-2,sorry
8.048277139663696,9,12,9,13,5,-5,-17,0,0,-2,20,14,7,2,sorry
8.05512523651123,0,6,-4,26,17,-3,-13,-1,-7,9,14,3,0,5,sorry
8.070646047592163,-15,-6,-8,15,18,12,-3,-1,-5,-11,-15,-20,-18,-5,sorry
8.070646047592163,-23,-12,-20,-3,2,15,2,-2,0,-17,-31,-23,-23,-7,sorry
8.08582353591919,-25,-9,-11,-8,0,7,5,-5,0,14,-19,-19,-23,0,sorry
8.08582353591919,-20,-12,-5,-8,0,2,5,-2,3,23,-13,-26,-12,-7,sorry
8.101913452148438,-3,-17,-13,-17,-12,-7,1,1,14,5,-13,-15,6,-12,sorry
8.101913452148438,8,-13,4,-30,-21,-18,-11,-1,6,-5,0,3,11,-7,sorry
8.11711859703064,0,-8,2,-28,-16,-12,-16,-4,-10,-13,5,2,2,-8,sorry
8.11711859703064,1,3,0,-7,0,1,0,2,-10,-14,4,1,0,-11,sorry
8.134197235107422,12,16,7,9,12,4,9,5,-6,-4,6,8,0,0,sorry
8.134197235107422,-1,2,-1,3,-1,0,-2,0,-24,-4,-6,-5,-9,0,sorry
8.149978876113892,-20,-12,0,-4,-15,5,-1,0,-27,-1,-25,-18,-9,-5,sorry
8.149978876113892,-11,-7,-5,-3,0,12,14,0,1,12,-11,-6,2,2,sorry
8.164149522781372,5,3,-3,-8,6,4,13,0,23,11,10,7,11,14,sorry
8.164149522781372,11,8,5,-12,-3,-2,4,6,21,1,18,18,16,8,sorry
8.182024717330933,10,9,5,-4,-4,-6,1,3,11,2,22,28,20,5,sorry
8.182024717330933,16,18,19,8,8,-7,-9,-1,3,10,24,30,18,7,sorry
8.196321487426758,18,25,10,25,15,0,-11,0,2,11,26,19,11,5,sorry
8.196321487426758,3,9,0,26,8,7,0,2,-2,-5,13,-3,-4,0,sorry
8.210901975631714,-10,-8,5,16,2,5,5,0,-14,-13,-7,-20,-18,-4,sorry
8.210901975631714,-6,-5,-2,22,6,2,10,0,0,11,-2,-15,-5,2,sorry
8.227918148040771,-1,1,1,18,6,12,19,2,24,28,2,-3,3,12,sorry
8.227918148040771,-6,-6,-5,1,2,13,18,0,24,15,-16,-11,-5,5,sorry
8.242886543273926,0,-11,-5,-2,0,0,9,-6,11,0,-18,-11,-7,0,sil
8.242886543273926,16,-2,7,-3,-2,-6,8,-2,14,3,2,12,8,11,sil
8.258983373641968,10,-4,-5,-20,-10,-10,3,0,15,7,0,17,10,9,sil
8.275633811950684,-6,-14,-3,-40,-21,-19,-20,-2,-11,-16,-18,0,-10,-10,sil
8.275633811950684,-2,-6,-3,-28,-15,-22,-31,-4,-28,-29,-5,3,-9,-12,sil
8.275633811950684,18,16,0,4,3,-14,-18,0,-19,-10,17,26,9,4,sil
8.290324449539185,15,19,13,20,16,0,-11,1,-12,-4,16,19,2,3,sil
8.290324449539185,-10,0,-5,19,12,6,-13,-1,-16,-13,0,-12,-16,-10,sil
8.303846836090088,-19,-7,0,17,4,13,-12,0,-23,-20,-13,-24,-22,-20,sil
8.31987738609314,-16,-2,2,11,3,18,-1,0,-24,-17,-18,-23,-22,-22,sil
8.31987738609314,-21,-6,-16,-6,1,14,12,0,-8,0,-21,-27,-12,-15,sil
8.334893941879272,-24,-12,-12,-21,-7,8,11,4,9,10,-31,-27,0,-10,sil
8.334893941879272,-15,-15,-16,-22,-12,4,7,0,15,7,-27,-22,0,-11,sil
8.350054502487183,0,-10,-3,-13,-9,-2,12,-1,14,12,1,-5,6,0,sil
8.350054502487183,11,0,8,-8,-8,-6,14,1,11,16,26,21,21,24,sil
8.36560869216919,15,8,5,-10,-6,-3,2,0,7,0,18,25,23,30,sil
8.36560869216919,14,8,8,-5,-1,-4,-2,-2,8,-9,9,18,19,4,sil
8.38125491142273,4,3,-2,3,1,-12,-4,1,11,0,21,18,16,-8,sil
8.38125491142273,5,5,4,4,2,-9,-14,4,-1,0,23,18,8,9,sil
8.397047996520996,17,18,17,17,5,-1,-18,4,-15,-2,17,10,6,19,sil
8.397047996520996,10,15,7,34,10,0,-10,-1,-16,2,16,-4,1,4,sil
8.41210412979126,-12,-4,0,15,9,11,2,-3,-15,1,-2,-17,-18,-6,sil
8.41210412979126,-22,-12,-15,-6,4,16,15,-2,-9,-2,-33,-25,-27,-5,sil
8.427402973175049,-12,-2,-3,0,-1,1,9,-1,0,2,-33,-18,-15,-1,sil
8.427402973175049,0,1,12,10,-2,-4,4,0,20,19,0,2,2,3,sil
8.442960500717163,6,-6,0,-3,-2,0,12,2,35,26,16,11,15,8,sil
8.443321466445923,5,-7,1,-20,-6,-1,8,0,29,9,0,6,8,6,sil
8.458837985992432,10,0,-3,-13,-8,-9,0,-2,15,1,0,11,4,5,sil
8.458837985992432,18,11,3,0,-4,-15,-1,0,2,5,19,24,8,4,sil
8.473974466323853,16,17,12,5,6,-4,-9,2,-5,-4,18,18,1,-6,sil
8.473974466323853,2,8,-5,2,13,5,-12,-2,-6,-18,5,0,-14,-18,sil
8.489206075668335,-6,-1,0,0,5,0,-2,-3,-11,-15,2,-2,-27,-18,sil
8.489206075668335,-3,0,1,3,4,0,3,0,-17,-10,4,3,-18,-7,sil
8.505089521408081,6,7,3,18,16,16,5,4,-11,-7,-2,1,-11,6,sil
8.505089521408081,0,1,6,23,13,18,11,2,-8,3,-13,-8,-33,11,sil
8.520938634872437,-18,-14,-11,5,1,11,17,-2,-4,15,-17,-18,-17,5,sil
8.520938634872437,-24,-20,-10,-21,-5,5,7,-2,8,10,-18,-20,59,-2,sil
8.536491394042969,-17,-20,-18,-30,-15,-13,-10,-1,9,-4,-22,-20,73,-11,sil
8.536491394042969,-10,-20,-15,-24,-24,-22,-24,-3,-8,-23,-22,-15,-1,-14,sil
8.55201768875122,-4,-7,4,-17,-12,-7,-19,1,-11,-30,-9,-1,-30,-8,sil
8.55201768875122,4,7,0,-3,2,-1,0,1,-2,-11,5,0,-4,-4,sil
8.567801475524902,6,13,10,9,4,4,8,0,-10,4,8,-5,-6,-3,sil
8.567801475524902,0,14,12,21,8,19,9,0,-12,8,4,0,-11,4,sil
8.582934856414795,2,0,-1,18,4,11,10,0,4,9,0,6,1,18,sil
8.598979949951172,6,-13,2,1,-12,-1,6,0,23,16,2,10,10,24,sil
8.598979949951172,8,-6,1,-6,-15,-1,-5,3,26,19,16,16,18,14,sil
8.598979949951172,13,8,5,-4,-3,-7,-14,1,12,3,18,21,13,0,sil
8.615027904510498,12,8,-2,-3,1,-19,-13,-6,-4,-15,9,16,-1,-3,sil
8.615027904510498,5,9,-8,0,1,-19,-16,-7,-20,-19,5,9,-7,-1,sil
8.63109827041626,4,16,6,8,4,-7,-12,1,-32,-15,2,5,-12,-5,sil
8.63109827041626,-1,9,1,10,6,6,0,2,-21,-7,-6,-8,-16,-5,sil
8.646798133850098,-14,-1,0,8,6,14,7,0,0,9,-17,-24,-8,-1,sil
8.646798133850098,-17,-6,-6,1,3,15,12,0,11,23,-12,-20,3,0,sil
8.661877632141113,-5,-7,-10,-8,0,2,16,1,21,24,5,3,12,9,sil
8.661877632141113,3,0,7,-11,-4,-12,5,2,20,17,15,17,15,6,sil
8.677979230880737,2,2,-3,-4,-4,-14,-5,-2,0,3,13,5,8,-12,sil
8.677979230880737,0,6,0,1,6,1,-1,-4,-12,-8,9,0,-3,-17,sil
8.693255424499512,-1,9,6,7,18,15,9,4,-3,-3,9,3,-4,-5,sil
8.693255424499512,-11,-2,-7,7,11,16,15,3,3,6,-1,-12,-6,0,sil
8.70931077003479,-14,-13,0,0,-4,9,13,0,6,6,-18,-24,-9,0,sil
8.70931077003479,0,-11,0,-5,-11,-1,5,1,22,5,-9,-5,3,8,sil
8.724863052368164,16,-6,7,-15,-7,-13,-8,0,22,-7,3,18,14,10,sil
8.724863052368164,21,0,12,-17,0,-11,-18,-2,5,-21,1,20,4,1,sil
8.740580320358276,16,8,4,-2,5,-4,-18,2,-3,-25,-4,5,-7,-1,sil
8.740580320358276,7,8,13,11,2,3,-13,6,-12,-24,-5,0,-12,-1,sil
8.756797790527344,0,2,2,16,4,12,1,0,-17,-8,-5,0,-9,-2,sil
8.756797790527344,-9,-2,-6,13,2,18,15,-2,-12,4,-13,-10,-12,-2,sil
8.770921468734741,-19,-8,-9,2,-3,13,18,0,-3,5,-15,-20,-15,0,sil
8.78615689277649,-6,-7,-18,1,-1,1,22,3,5,18,-3,-14,-1,8,sil
8.78615689277649,7,0,2,6,0,-8,15,0,10,25,0,-4,7,9,sil
8.802911520004272,0,-4,-1,-6,-9,-18,-8,-7,5,7,-2,0,7,1,sil
8.802911520004272,-7,-11,-9,-27,-14,-21,-26,-8,-9,-11,3,8,1,-6,sil
8.802911520004272,-2,-1,1,-19,-12,-14,-25,-1,-21,-19,7,11,-1,-12,sil
8.818480491638184,0,14,0,8,-4,-10,-20,-2,-17,-10,14,8,7,-10,sil
8.818480491638184,9,23,14,17,10,-3,-9,0,-9,5,32,23,21,0,sil
8.834100008010864,9,11,9,10,14,3,5,2,-5,5,28,23,14,3,sil
8.849228858947754,-4,-6,-1,8,6,7,7,3,-7,-6,0,-6,-2,-3,sil
8.849228858947754,-4,-1,8,16,12,14,8,3,-1,1,-12,-11,0,-3,sil
8.849228858947754,7,6,0,15,21,16,17,0,7,19,-4,-1,8,13,sil
8.864869832992554,3,-4,-8,-3,1,8,12,-2,9,14,-10,-9,4,22,sil
8.879998922348022,-3,-11,-12,-12,-14,4,2,0,19,10,-17,-17,0,12,sil
8.879998922348022,-8,-10,-11,-14,-11,2,2,3,28,11,-15,-11,-1,0,sil
8.879998922348022,-21,-19,-10,-26,-13,-5,0,0,18,1,-16,-9,-8,-8,sil
8.89449167251587,-19,-18,-18,-29,-18,-14,-13,-5,3,-9,-14,-11,-12,-16,sil
8.91011357307434,4,0,4,-21,-11,-11,-20,-3,-2,-12,0,0,-6,-14,sil
8.91011357307434,9,6,9,-15,-3,-5,-13,0,-10,-18,11,11,0,-7,sil
8.92526626586914,-3,4,2,-2,3,0,-8,0,-17,-21,9,10,-5,-10,sil
8.92526626586914,0,15,16,16,17,2,-5,5,-15,-12,9,5,-11,-12,sil
8.940451383590698,9,16,7,23,17,1,4,2,-9,-4,12,2,-3,0,sil
8.940451383590698,1,7,7,19,2,3,5,-1,-12,-2,1,0,-1,6,sil
8.956082105636597,1,6,9,21,0,15,8,4,-7,5,-2,-4,-7,7,sil
8.956082105636597,15,2,3,25,6,18,24,7,12,22,6,0,1,15,sil
8.972056865692139,16,-2,9,14,5,12,31,1,22,29,8,9,13,16,sil
8.972056865692139,9,-6,-1,1,0,3,22,-3,13,22,1,7,10,16,sil
8.98685884475708,10,-5,1,-4,-1,-7,10,0,6,5,-7,3,10,19,sil
8.98685884475708,5,-3,0,-12,-3,-16,-1,0,11,-5,-7,7,14,5,sil
9.001939296722412,-3,-1,-13,-17,-3,-18,-13,-3,6,-8,9,7,7,-8,sil
9.001939296722412,0,2,3,-10,-5,-15,-21,-3,0,-9,20,10,3,-5,sil
9.017324447631836,2,10,4,4,0,-7,-23,-1,7,-10,9,12,5,-3,sil
9.017324447631836,-4,16,1,7,10,0,-19,1,8,-9,8,9,-1,-7,sil
9.032852411270142,-7,10,0,7,11,4,-5,3,-10,-7,20,4,-4,-8,sil
9.032852411270142,-11,-5,-8,12,1,7,-1,-2,-21,-10,2,-4,-3,-11,sil
9.048497915267944,-17,-10,3,12,1,9,-2,-3,-19,-8,-27,-16,-14,-9,sil
9.048497915267944,-16,-8,-9,9,7,5,4,-1,-21,2,-32,-27,-21,-3,sil
9.06462264060974,-15,-16,-15,-5,-7,0,11,-2,-21,1,-29,-32,-17,-8,sil
9.06462264060974,-13,-18,-5,-20,-19,0,11,2,-1,3,-15,-22,-2,-1,sil
9.080250263214111,1,-7,-9,-19,-8,1,12,3,18,18,2,1,14,17,sil
9.080250263214111,10,-1,-1,-17,-7,0,0,-4,15,15,-7,4,10,12,sil
9.095850706100464,0,-8,-9,-22,-18,-8,-16,-6,5,-2,-15,-10,-1,-5,sil
9.095850706100464,-4,-9,-12,-32,-14,-17,-14,0,1,-10,1,-9,0,-9,sil
9.111921548843384,3,1,1,-28,-1,-9,-7,0,1,-11,5,5,1,-9,sil
9.111921548843384,9,11,5,-1,5,1,-4,0,-1,-9,1,9,-2,-7,sil
9.127211570739746,8,10,14,13,11,7,0,3,-12,-4,7,3,-5,-1,sil
9.127211570739746,-2,1,2,6,11,12,6,0,-18,1,2,-1,-9,-2,sil
9.143166065216064,-10,-3,1,6,7,16,5,-1,-7,8,-4,-2,-8,0,sil
9.143166065216064,3,6,14,26,11,16,14,5,10,19,10,11,5,17,sil
9.158449172973633,13,10,1,29,11,6,22,5,24,25,19,14,15,23,sil
9.158449172973633,2,-2,0,3,-9,-6,8,-1,17,4,0,3,4,2,sil
9.1744065284729,0,-8,-1,-7,-18,-11,-9,-3,3,-16,-3,3,-2,-10,sil
9.1744065284729,14,11,8,2,-1,-11,-11,0,-3,-18,19,18,8,0,sil
9.190101146697998,22,29,23,14,10,-11,-8,2,-3,-14,27,25,18,5,sil
9.190101146697998,12,22,8,28,14,-8,-12,1,-1,-10,21,12,9,0,sil
9.205049753189089,1,9,9,30,16,0,-10,3,0,2,19,8,-3,4,sil
9.205049753189089,0,1,2,17,17,7,8,1,9,19,11,6,1,11,sil
9.22025990486145,-4,-3,-9,7,15,14,15,0,13,16,-10,-8,1,2,sil
9.23585033416748,-13,-11,-4,3,4,12,2,0,-1,2,-24,-22,-15,-12,sil
9.23585033416748,-15,-24,-20,-12,-13,0,3,-4,-6,2,-24,-19,-12,-10,sil
9.23585033416748,-3,-22,-12,-23,-21,2,9,-3,6,11,-19,-9,6,10,sil
9.25217580795288,1,-9,0,-15,-15,11,3,3,12,9,-9,-7,6,19,sil
9.25217580795288,1,-5,-6,-15,-9,-1,1,-1,3,1,-7,-6,0,3,sil
9.267867803573608,2,-2,-3,-23,-12,-18,-2,-10,-2,0,-9,0,6,-4,sil
9.267867803573608,0,2,-7,-17,-12,-18,-8,-9,0,-2,6,9,13,1,sil
9.283243417739868,-3,4,3,-14,-7,-17,-11,-3,0,-11,16,10,5,-3,sil
9.283243417739868,-7,-1,3,-27,-13,-18,-16,0,-24,-25,-3,-2,-13,-25,sil
9.297258377075195,-15,-7,-8,-30,-14,-13,-19,1,-44,-34,-15,-11,-27,-34,sil
9.312944889068604,-7,6,6,-6,6,0,-7,4,-31,-28,0,2,-20,-21,sil
9.312944889068604,0,14,2,21,18,6,4,8,-12,-7,9,4,-9,-7,sil
9.328991174697876,-4,4,2,31,12,11,5,7,-12,0,-1,-7,-11,-1,sil
9.328991174697876,-5,4,8,33,19,26,9,4,1,5,0,-2,-1,8,sil
9.34337282180786,0,4,-3,29,23,30,20,2,23,18,2,-3,9,16,sil
9.34337282180786,-4,-11,-6,2,1,17,22,0,17,21,-19,-20,-1,6,sil
9.359074831008911,-12,-21,-15,-14,-6,7,17,-4,8,11,-21,-23,-7,-1,sil
9.359074831008911,0,-10,-1,-8,3,9,10,-5,18,5,0,-5,3,6,sil
9.375040769577026,17,6,15,4,3,8,11,0,28,15,4,8,15,18,sil
9.375040769577026,16,9,1,3,-3,-7,3,0,26,23,4,11,20,20,sil
9.390126943588257,7,0,0,-11,-6,-23,-14,0,17,11,18,11,18,9,sil
9.390126943588257,4,0,-5,-14,-7,-21,-21,0,6,-5,19,7,15,0,sil
9.40521502494812,6,8,0,-2,-7,-14,-25,-2,-4,-18,0,4,6,-3,sil
9.40521502494812,4,3,7,-5,-9,-20,-29,-4,-17,-25,0,6,-4,-13,sil
9.420963764190674,3,-2,0,-10,-14,-17,-16,1,-16,-16,15,14,-1,-9,sil
9.420963764190674,12,12,15,7,-3,0,-3,5,-8,-3,21,22,5,3,sil
9.437067747116089,15,15,13,23,13,8,-7,-2,-6,0,11,13,-2,2,sil
9.437067747116089,2,0,5,15,14,7,-5,-4,-6,4,0,0,-9,-1,sil
9.453262329101562,0,4,6,12,13,18,10,3,-1,12,-1,1,0,3,sil
9.453262329101562,4,8,-3,22,20,21,18,0,-7,11,-5,0,0,8,sil
9.469234228134155,-6,-9,1,14,11,5,11,0,-13,0,-21,-13,-14,1,sil
9.469234228134155,-20,-21,-8,-1,-6,-1,15,1,1,6,-17,-17,-15,-7,sil
9.484877824783323,-11,-12,-14,-7,-8,2,25,0,15,17,0,-8,0,0,sil
9.484877824783323,0,-5,0,-6,-5,8,26,-2,11,12,-1,-1,6,17,sil
9.500561952590942,-7,-11,-9,-12,-9,0,17,-3,7,-1,-14,-9,-2,7,sil
9.500561952590942,-16,-17,-8,-31,-17,-10,2,0,0,-14,-24,-16,-17,-15,sil
9.51618719100952,-16,-12,-14,-31,-17,-12,-9,2,0,-18,-20,-10,-15,-15,sil
9.51618719100952,-4,4,-13,-13,-8,-11,-15,2,0,-14,0,0,0,-7,sil
9.532294750213625,10,21,12,-1,1,-7,-16,3,1,-4,21,16,13,-4,sil
9.532294750213625,14,20,10,4,5,-5,-11,5,7,4,29,29,20,7,sil
9.547845363616943,12,14,10,8,8,-14,-10,0,-5,-2,26,21,9,6,sil
9.547845363616943,4,12,5,7,8,-11,-14,-6,-24,-14,18,3,0,-13,sil
9.56389307975769,0,9,-1,11,1,5,-14,-8,-21,-11,4,-4,1,-12,sil
9.56389307975769,-5,6,6,21,2,16,-7,-3,-15,-13,-11,-9,-7,-5,sil
9.580921173095703,-9,1,-3,23,9,13,-4,-1,-8,-9,-14,-16,-11,-6,sil
9.580921173095703,-3,-5,1,13,3,13,0,2,5,13,-1,-15,4,-2,sil
9.595126867294312,0,-9,4,0,0,14,11,1,2,20,1,-9,9,6,sil
9.595126867294312,-5,-13,-8,-8,9,13,15,-2,-7,1,-9,-9,0,8,sil
9.610668420791626,-2,-15,-3,-13,7,6,7,3,6,5,-15,-6,0,9,sil
9.610668420791626,0,-19,-10,-17,-7,-4,3,5,26,24,-15,-8,0,6,sil
9.626281499862673,-3,-20,-5,-25,-16,-8,0,-2,16,8,-24,-9,-6,-1,sorry
9.626281499862673,-2,-16,0,-26,-16,-5,-2,-1,5,-6,-19,-1,-7,0,sorry
9.64243197441101,5,-3,-7,-13,-12,-6,-4,1,16,5,6,12,3,9,sorry
9.64243197441101,8,12,6,-5,-6,-13,-9,0,15,8,23,25,7,8,sorry
9.658002138137816,7,14,4,0,0,-16,-3,0,0,-1,26,21,5,-1,sorry
9.658002138137816,7,8,2,0,0,-8,0,0,-6,-8,19,12,1,-3,sorry
9.67306923866272,10,14,11,8,1,-4,-1,-1,-2,-15,16,18,4,2,sorry
9.67306923866272,14,21,10,23,14,-7,5,1,-1,-11,20,20,8,3,sorry
9.688300371170044,13,18,15,33,23,6,12,4,0,2,10,4,1,0,sorry
9.688300371170044,4,7,-1,35,17,17,6,-1,-3,0,-13,-16,-13,-2,sorry
9.703827381134031,-6,1,-1,25,8,6,-2,-4,-15,-9,-22,-21,-22,-5,sorry
9.703827381134031,-10,-1,4,6,3,10,1,3,-12,3,-13,-16,-17,-7,sorry
9.719856977462769,-6,-4,-12,-1,3,23,17,5,7,20,-8,-15,-1,1,sorry
9.719856977462769,-4,-8,-4,0,0,12,23,1,24,21,0,-4,10,10,sorry
9.735898971557615,-3,-9,-3,-7,-9,-3,11,0,18,14,4,3,11,9,sorry
9.735898971557615,-3,-11,-7,-24,-18,-8,3,0,1,0,-3,-1,2,4,sorry
9.75191617012024,-2,-9,-1,-25,-16,-10,0,0,-3,-8,-4,-1,5,1,sorry
9.75191617012024,3,0,0,-11,-9,-13,-17,-1,-7,-3,9,13,16,2,sorry
9.76722264289856,11,15,16,1,-1,-10,-26,-2,-24,-15,15,23,14,0,sorry
9.76722264289856,4,16,5,10,5,-5,-17,-5,-28,-27,10,13,6,-8,sorry
9.783093452453612,-13,1,-6,2,4,3,-14,-9,-27,-14,0,-4,-5,-15,sorry
9.783093452453612,-23,-7,0,-3,-2,13,-7,-4,-33,1,-12,-16,-21,-13,sorry
9.79815673828125,-13,-13,-9,4,-2,9,6,0,-13,3,-14,-17,-19,-2,sorry
9.79815673828125,-3,-14,-5,0,-4,-1,0,0,16,7,-13,-9,-2,4,sorry
9.813551902770996,0,-11,-9,-7,-6,-3,-5,0,27,10,-9,-2,14,4,sorry
9.813551902770996,10,0,-8,-3,-3,-5,-9,3,21,-5,-2,0,8,1,sorry
9.828906774520874,16,6,8,-13,-2,-12,-19,0,4,-18,0,2,-13,-7,sorry
9.828906774520874,0,0,-6,-26,-1,-10,-11,0,-3,-4,6,0,-14,-13,sorry
9.84501028060913,-11,-5,-5,-11,7,5,9,9,5,7,3,-1,-1,-7,sorry
9.84501028060913,-12,2,-4,6,16,13,14,4,13,3,-15,-9,-10,-8,sorry
9.861050844192505,-16,1,-5,5,8,5,15,-4,6,0,-22,-19,-21,-13,sorry
9.861050844192505,-11,-6,12,6,1,8,21,3,4,6,-1,-9,-2,0,sorry
9.876261949539185,0,-9,4,7,4,10,23,5,17,20,17,3,19,18,sorry
9.876261949539185,3,-4,1,-5,-1,1,16,0,28,21,12,6,20,21,sorry
9.892277240753174,13,9,4,2,-4,-5,6,1,30,8,12,14,22,17,sorry
9.892277240753174,36,23,7,22,4,-8,-4,1,19,2,28,33,28,17,sorry
9.907119035720823,37,19,22,1,2,-11,-11,0,-3,2,32,39,23,11,sorry
9.907119035720823,11,6,7,-12,-2,-10,-11,0,-19,0,21,20,9,2,sorry
9.92229962348938,4,10,5,18,3,0,-7,0,-26,-11,1,2,-6,-2,sorry
9.92229962348938,11,17,6,43,9,7,0,0,-32,-22,-13,-1,-17,-7,sorry
9.93788456916809,1,5,-5,24,6,7,3,0,-30,-21,-9,-9,-20,-5,sorry
9.93788456916809,-4,-5,1,1,-2,7,3,-1,-19,-8,-2,-14,-16,-1,sorry
9.95400357246399,-5,-9,-4,5,-5,9,0,-3,-9,0,-12,-15,-10,-2,sorry
9.95400357246399,-17,-9,-13,2,1,8,-3,-3,-7,0,-29,-23,-16,-6,sorry
9.969050884246826,-24,-9,-15,-8,5,7,5,0,1,3,-27,-24,-19,-5,sorry
9.969050884246826,-16,-14,-14,-13,-5,0,11,-1,10,16,-15,-11,-4,0,sorry
9.985222339630129,-13,-21,0,-20,-19,-7,-5,-6,5,13,-10,1,8,6,sorry
9.985222339630129,-13,-17,-10,-32,-17,-15,-22,-4,2,1,-4,0,10,5,sorry
10.000319719314575,-5,-2,-3,-28,-9,-18,-18,0,0,-6,0,-3,5,-4,sorry
10.000319719314575,0,-1,6,-17,-7,-13,-12,-1,-5,-14,-4,-5,-2,-13,sorry
10.016854524612429,-4,-10,-6,-22,-10,-8,-11,-2,-4,-8,0,1,-1,-10,sorry
10.016854524612429,0,1,6,-21,-3,-4,-5,3,5,5,15,15,9,-6,sorry
10.031940698623655,12,21,6,1,12,6,8,1,12,5,22,15,11,0,sorry
10.031940698623655,15,19,6,20,15,11,13,-2,11,-4,19,10,9,9,sorry
10.052182912826538,15,16,16,18,8,3,9,4,15,2,21,17,14,13,sorry
10.052182912826538,12,10,-2,7,6,-3,7,8,20,11,19,11,10,8,sorry
10.061956882476808,-1,-2,-2,3,4,2,8,7,14,4,8,-3,0,1,sorry
10.077667713165283,-6,0,4,21,8,13,7,2,5,2,0,-3,0,-2,sorry
10.077667713165283,-5,4,2,30,9,11,0,-2,-7,-1,-9,-8,-7,-6,sorry
10.077667713165283,-11,-7,-5,11,-1,8,-2,-2,-22,-12,-17,-23,-24,-9,sorry
10.096261262893677,-9,-15,-13,0,-3,12,8,-2,-15,-8,-18,-24,-23,-5,sorry
10.096261262893677,0,-4,3,2,4,11,14,-2,-1,4,-23,-8,-10,2,sorry
10.108820676803589,-2,-2,-1,1,0,0,5,0,5,8,-18,-1,1,5,sorry
10.108820676803589,5,-1,-4,-1,-11,-14,-7,1,5,-5,-1,8,9,1,sorry
10.1259183883667,19,0,9,-1,-10,-14,-9,3,1,-7,13,29,16,-1,sorry
10.1259183883667,13,-4,-1,-9,-6,-12,-3,1,0,8,24,28,21,0,sorry
11.498382568359377,0,4,0,24,20,19,14,6,13,35,7,4,0,11,sorry
11.498382568359377,-3,0,-5,10,10,13,17,5,19,36,0,-9,-1,13,sorry
11.498382568359377,-16,-12,-9,-8,-7,15,5,-1,-3,1,-20,-21,-8,-2,sorry
11.514273881912231,-12,-6,-9,2,-2,12,15,-7,1,3,-11,-8,2,-2,sorry
11.514273881912231,0,-2,8,6,0,3,23,-4,22,23,0,1,13,9,sorry
11.529207944869995,2,-15,0,-13,-1,1,13,0,20,17,2,-2,14,13,sorry
11.529207944869995,1,-15,-1,-21,0,-5,3,0,15,12,3,0,14,6,sorry
11.546836376190186,0,-8,3,-9,-2,-17,2,-5,14,15,2,4,15,3,sorry
11.546836376190186,3,-9,-7,-9,-3,-15,0,-5,7,3,2,2,15,5,sorry
11.559930086135864,10,-12,0,-26,-9,-7,-14,0,-5,-10,3,6,9,3,sorry
11.560929775238035,5,-14,-10,-30,-21,-16,-25,-3,-17,-18,-2,4,-2,-4,sorry
11.576183080673218,0,-10,-14,-19,-15,-21,-16,-3,-18,-20,0,1,-8,-10,sorry
11.576183080673218,2,-1,-1,-17,-3,-8,-3,6,0,-16,12,11,-2,-9,sorry
11.591350317001345,2,2,-4,-10,-2,-7,-8,5,3,-22,3,13,-5,-6,sorry
11.608375310897827,0,14,13,16,1,-11,-14,-4,-10,-24,-9,3,-16,0,sorry
11.608375310897827,4,22,11,27,2,-4,-1,-4,-13,-4,2,3,-14,1,sorry
11.6252179145813,3,12,-2,10,-2,0,2,2,-10,4,11,8,-9,-4,sorry
11.6252179145813,1,15,5,9,1,0,-1,3,-9,-8,4,5,-3,-7,sorry
11.6252179145813,7,22,10,28,7,3,0,1,0,-5,1,-3,6,0,sorry
11.638811349868774,8,13,17,24,5,8,0,3,3,6,0,-5,6,2,sorry
11.65288233757019,2,2,4,16,12,11,-1,4,0,12,5,2,6,4,sorry
11.65288233757019,0,2,-2,16,15,16,3,3,8,13,10,5,13,4,sorry
11.667928457260132,-2,3,4,14,9,16,7,2,19,11,5,-4,9,0,sorry
11.667928457260132,0,2,0,16,15,10,6,0,7,2,6,-11,0,0,sorry
11.683815002441406,4,0,11,11,13,11,6,0,-13,-6,1,-5,-3,0,sorry
11.683815002441406,-4,-4,-1,-4,-1,9,7,0,-11,0,-15,-11,-5,-6,sorry
11.699846506118774,-19,-10,-18,-13,-8,4,6,-2,-7,10,-20,-23,-12,-7,sorry
11.699846506118774,-20,-10,-9,-15,-5,10,9,-2,-9,9,-15,-16,-14,0,sorry
11.714906215667725,-11,-11,-20,-26,-4,10,16,-2,-1,-1,-19,-10,-11,0,sorry
11.714906215667725,-10,-16,-18,-33,-10,0,8,-1,-3,-11,-26,-12,-10,-5,sorry
11.730098009109495,-17,-15,-8,-19,-13,-3,-2,0,-8,-9,-17,-10,-4,-4,sorry
11.730098009109495,-9,-2,-3,-7,-7,-5,-1,1,12,6,-2,-2,5,5,sorry
11.745279788970947,4,6,6,-15,-1,-11,-1,0,22,14,4,4,8,9,sorry
11.745279788970947,0,0,-7,-23,-3,-13,-9,-3,8,13,8,6,9,6,sorry
11.760862350463867,-3,-3,1,-12,-2,-7,-7,0,11,11,8,6,8,5,sorry
11.760862350463867,5,3,9,3,0,-1,0,2,26,8,5,6,3,4,sorry
11.776163816452026,7,0,-2,3,-5,-3,-1,-3,20,5,5,8,0,1,sorry
11.776163816452026,14,-2,8,-1,-6,-9,-7,-3,4,-4,13,21,4,4,sorry
11.792254209518433,27,1,9,7,2,-11,-2,3,0,-18,18,26,9,4,sorry
11.792254209518433,14,0,11,7,-2,-10,-3,4,-9,-21,13,16,5,-4,sorry
11.807396173477173,4,-1,15,7,-7,-11,-14,-1,-12,-1,17,15,8,-5,sorry
11.807396173477173,22,5,11,18,1,-12,-17,0,-1,12,30,23,20,8,sorry
11.823123216629028,27,3,15,19,2,-8,-18,4,-7,-4,20,21,8,5,sorry
11.823123216629028,7,-8,-3,14,-1,-5,-17,-1,-28,-27,-6,7,-13,-11,sorry
11.8392493724823,2,-15,0,20,10,1,-6,-5,-29,-17,-13,1,-13,-10,sorry
11.8392493724823,5,-2,8,25,22,15,7,0,-11,2,0,-1,-2,0,sorry
11.854837656021118,-9,21,-9,15,16,15,10,0,-9,-6,-7,-16,-9,-1,sorry
11.854837656021118,-19,32,-4,9,10,9,9,1,-15,-18,-29,-29,-20,-8,sorry
11.870857954025269,-10,22,-2,15,14,15,17,7,-3,5,-15,-27,-4,-1,sorry
11.870857954025269,-11,14,-5,8,11,19,20,6,5,27,1,-20,7,9,sorry
11.886573553085327,-27,4,-6,-6,-1,12,16,-1,0,12,-12,-22,-3,-1,sorry
11.886573553085327,-27,-10,-16,-11,-8,4,13,-4,7,-3,-25,-28,-13,-12,sorry
11.902211666107178,-8,-9,-7,-18,-5,5,13,2,25,9,-15,-15,-1,5,sorry
11.902211666107178,-1,-1,-7,-21,-6,4,14,3,25,29,-1,1,11,18,sorry
11.917827844619753,-6,-9,-7,-14,-14,0,5,-5,12,14,-5,1,2,3,sorry
11.917827844619753,-8,-22,-2,-22,-15,-1,-6,-5,7,-8,-12,0,-6,-4,sorry
11.93285632133484,-3,-21,-13,-35,-14,-9,-9,-2,9,-7,-4,5,1,0,sorry
11.93285632133484,1,-9,-2,-28,-19,-17,-13,-6,1,-9,2,7,5,-5,sorry
11.94895839691162,5,-8,-2,-14,-19,-15,-15,-7,-1,-8,10,6,0,-8,sorry
11.94895839691162,5,-11,-2,-14,-5,-12,-10,-1,3,1,22,11,1,-1,sorry
11.9648015499115,12,5,12,-2,9,-5,-5,5,10,2,28,22,10,4,sorry
11.9648015499115,24,22,11,17,11,2,-6,6,10,0,30,30,19,9,sorry
11.98024845123291,21,15,20,10,1,0,-14,3,-3,0,24,21,8,0,sorry
11.98024845123291,2,0,5,2,2,-10,-15,-1,-13,-1,9,-3,-10,-16,sorry
11.996225833892822,-9,0,-8,14,8,-3,-10,0,-16,-7,-9,-21,-19,-12,sorry
11.996225833892822,-10,8,10,16,5,7,-11,0,-25,-19,-21,-19,-22,-10,sorry
12.011252164840698,1,8,9,15,7,8,-1,-2,-27,-18,-12,-9,-14,-7,sil
12.011252164840698,17,6,11,30,19,11,24,2,-20,1,-2,4,0,11,sil
12.02723479270935,3,5,1,31,17,14,34,3,-14,11,-11,0,1,16,sil
12.02723479270935,-13,-3,-11,5,5,10,18,1,-1,9,-19,-11,0,6,sil
12.042186975479126,0,-2,1,0,3,11,11,7,22,22,-4,0,18,13,sil
12.042186975479126,10,0,1,9,5,4,11,8,39,33,11,12,25,25,sil
12.066949367523192,-2,-11,-3,-5,-1,-9,0,1,35,22,5,5,13,17,sil
12.066949367523192,-3,-13,-8,-20,-9,-7,-5,-3,25,3,-2,2,13,3,sil
12.066949367523192,10,1,-4,-10,-10,-4,-4,-6,14,-8,7,8,16,-2,sil
12.074357509613035,9,3,7,-4,-10,-14,-9,-1,-2,-21,22,15,2,-5,sil
12.088865518569946,-4,-5,-13,-11,-12,-20,-14,0,-18,-28,13,7,-11,-14,sil
12.103950023651125,-9,1,-8,-12,-8,-15,-20,-4,-32,-30,-2,0,-21,-25,sil
12.103950023651125,-3,10,7,4,2,-5,-18,-2,-31,-18,0,2,-16,-19,sil
12.103950023651125,-1,5,-1,21,8,9,2,3,-1,4,4,-1,-1,1,sil
12.121032953262327,-8,-5,0,10,-2,17,19,8,23,16,-6,-8,-4,10,sil
12.121032953262327,-16,-22,-11,-10,-13,12,17,2,10,9,-18,-16,-14,1,sil
12.136885643005373,-15,-20,-6,-22,-10,6,13,-4,-10,-2,-24,-25,-13,-2,sil
12.136885643005373,-4,-1,4,-21,-4,0,6,-2,-5,-4,-16,-16,-3,0,sil
12.151020288467407,2,2,-4,-22,-6,-12,-11,0,-4,-7,0,1,0,-8,sil
12.151020288467407,6,9,9,-10,-2,-11,-21,0,-18,-11,10,5,-4,-12,sil
12.168116092681885,6,21,14,17,15,5,-11,0,-15,-2,12,1,1,-1,sil
12.168116092681885,4,10,11,27,19,14,-3,-1,-2,9,3,3,10,3,sil
12.184225797653198,2,-1,5,11,10,15,10,1,9,21,-3,0,8,7,sil
12.184225797653198,5,3,-8,1,9,10,28,5,27,30,1,0,8,15,sil
12.199268341064451,4,0,-3,-3,3,-1,16,0,27,19,-5,-1,7,9,sil
12.199268341064451,0,-9,-12,-5,-7,-12,-6,-11,10,5,-19,-7,4,0,sil
12.214857578277588,-2,-9,-8,-12,-11,-18,-14,-7,0,0,-8,-1,3,-3,sil
12.214857578277588,0,-4,8,-16,-11,-17,-17,1,-8,-15,9,10,2,-16,sil
12.229875087738035,2,5,0,0,-5,-11,-18,-1,-19,-24,10,8,1,-16,sil
12.245407581329346,-1,14,3,19,7,-1,-9,-3,-25,-20,4,0,-6,0,sil
12.245407581329346,-8,6,0,21,15,10,4,3,-18,-10,4,-7,-15,-2,sil
12.2611985206604,-5,3,-1,19,15,22,13,10,0,0,7,-8,-12,0,sil
12.2611985206604,0,7,4,17,11,26,17,6,17,10,4,0,-1,15,sil
12.2611985206604,0,-5,-4,1,2,14,17,-2,19,18,-1,-2,1,19,sil
12.27718949317932,3,-16,3,-15,-9,0,10,0,16,15,-1,0,3,12,sil
12.27718949317932,11,-9,0,-19,-14,-8,2,5,24,8,5,18,12,11,sil
12.29381227493286,11,0,-3,-15,-11,-19,-10,0,14,-4,10,26,13,10,sil
12.29381227493286,14,10,15,-2,-1,-18,-19,-1,-2,-13,18,23,10,5,sil
12.308971405029297,15,9,8,7,5,-4,-11,3,-7,-10,18,13,6,-2,sil
12.32456374168396,-1,-6,-2,-2,0,0,-8,2,-16,-12,0,-2,-5,-14,sil
12.32456374168396,-20,-10,-11,-6,-8,-1,-4,-2,-22,-10,-7,-16,-13,-15,sil
12.340546131134031,-12,0,-11,9,-2,5,11,-3,-5,5,-9,-17,-5,-8,sil
12.340546131134031,2,0,4,12,2,15,20,1,4,15,-18,-9,3,-3,sil
12.340546131134031,5,-2,-3,6,0,9,15,0,7,23,-9,0,11,7,sil
12.354475021362305,2,-6,0,-1,-6,-4,9,-3,14,25,-3,1,11,14,sil
12.373522996902466,1,-11,1,-14,-7,-11,-5,-3,12,4,-15,-4,2,0,sil
12.373522996902466,1,1,-4,-13,0,-11,-23,-2,-4,-15,-10,0,-2,-11,sil
12.373522996902466,-5,18,9,-2,4,-10,-22,0,-17,-15,4,5,-9,-16,sil
12.385107040405272,-14,7,2,-7,2,-11,-13,-2,-18,-19,3,-4,-15,-18,sil
12.401227474212646,-8,2,5,0,0,-3,-10,0,-20,-25,5,-4,-13,-7,sil
12.401227474212646,-3,17,6,22,9,7,0,0,-14,-15,5,0,-11,0,sil
12.416731119155884,-17,4,-11,11,9,11,10,-2,-10,-2,-11,-16,-14,-3,sil
12.416731119155884,-21,-20,-10,-11,-2,16,14,0,-7,4,-18,-25,-14,-2,sil
12.432313919067385,-10,-20,-9,-3,0,20,23,3,9,14,-7,-18,-8,2,sil
12.432313919067385,0,-4,2,4,9,11,25,2,26,19,-5,-9,0,5,sil
12.447963953018188,17,6,7,5,2,0,14,2,31,26,8,9,25,22,sil
12.447963953018188,28,1,-6,3,-6,-6,5,2,26,23,27,25,33,32,sil
12.463924884796144,18,-5,3,-13,-8,-12,-3,0,7,1,11,18,10,6,sil
12.463924884796144,3,0,0,-16,-8,-19,-19,-1,-7,-16,-2,8,0,-16,sil
12.479058265686035,4,10,2,0,-5,-18,-27,1,-7,-17,10,12,5,-5,sil
12.479058265686035,11,16,13,11,5,-7,-15,3,-6,-12,17,14,2,3,sil
12.4944429397583,3,13,-1,17,12,2,-4,1,-8,-7,1,1,-7,-3,sil
12.4944429397583,-19,0,-7,11,0,9,-4,0,-15,-13,-18,-15,-21,-16,sil
12.510384321212769,-29,-14,-10,0,-6,16,0,-2,-15,-12,-20,-24,-19,-15,sil
12.510384321212769,-6,-8,-2,2,1,18,13,-3,4,11,-1,-9,8,5,sil
12.525349378585815,13,0,4,0,0,10,18,-2,17,19,9,8,27,20,sil
12.525349378585815,8,-7,-8,-25,-12,-7,0,-2,-1,-2,2,6,15,10,sil
12.541231632232666,7,-4,6,-29,-9,-16,-18,0,-10,-14,4,8,0,0,sil
12.541231632232666,10,10,14,-4,3,-13,-19,0,-5,-2,15,16,-4,-4,sil
12.556826829910278,3,9,9,10,5,-3,-9,0,-18,0,6,5,-6,-8,sil
12.556826829910278,1,2,6,15,8,11,7,4,-14,9,-5,-2,-2,0,sil
12.572356462478638,4,-3,-1,17,17,19,28,0,21,35,5,-2,7,8,sil
12.572356462478638,0,-7,9,7,6,9,20,-1,23,29,2,-3,1,1,sil
12.587542295455933,-5,-8,-2,-1,-15,-5,-3,1,3,4,-17,-7,-8,0,sil
12.587542295455933,-5,-9,-14,-8,-23,-8,-6,1,15,-1,-15,-4,0,8,sil
12.603355646133425,3,-4,3,-12,-8,0,3,1,30,1,4,4,10,7,sil
12.603355646133425,7,6,-5,-4,3,-3,2,2,16,-8,9,10,4,-1,sil
12.61902642250061,0,16,-5,4,0,-16,-7,0,0,-16,7,13,0,1,sil
12.61902642250061,-6,15,-2,10,1,-18,-8,-2,-4,-12,9,5,3,0,sil
12.634165048599243,-10,4,0,7,10,-1,-4,-1,-17,-19,-6,-10,-13,-21,sil
12.634165048599243,-20,-2,5,0,11,17,2,0,-27,-26,-26,-19,-35,-30,sil
12.649295568466188,-18,-1,-12,3,6,15,14,-4,-17,-8,-18,-19,-23,-12,sil
12.649295568466188,-7,0,-2,16,3,5,14,-4,-6,5,-7,-13,-2,3,sil
12.665802001953123,-4,-5,5,10,0,7,6,1,-1,4,-12,-7,1,6,sil
12.680842638015749,1,-13,-6,-7,-3,5,8,3,5,9,-8,-4,5,10,sil
12.680842638015749,11,-13,5,-16,-10,0,8,0,8,12,2,-1,7,12,sil
12.680842638015749,6,-12,0,-19,-12,-3,-4,-3,5,8,4,0,3,4,sil
12.696530818939207,1,-8,-6,-22,-13,-11,-19,0,-1,2,-3,-1,0,-5,sil
12.696530818939207,5,2,-3,-14,-10,-17,-24,3,-7,-4,1,5,0,-5,sil
12.712136507034302,10,13,0,-1,0,-15,-25,-4,-9,-13,25,18,2,2,sil
12.712136507034302,16,20,14,1,6,-13,-24,-7,-14,-15,35,26,10,4,sil
12.728341102600098,11,19,5,11,6,-3,-18,-2,-22,-12,13,15,13,-3,sil
12.728341102600098,2,12,3,20,9,12,-4,3,-17,-7,-3,2,5,-8,sil
12.742790937423706,7,9,8,22,20,18,15,10,8,13,18,7,15,9,sil
12.759911298751833,11,4,6,22,24,15,31,5,23,30,30,16,27,32,sil
12.759911298751833,-4,-6,6,12,11,18,28,-1,10,16,-2,-1,2,18,sil
12.759911298751833,-21,-21,-14,0,0,14,16,-2,7,3,-31,-30,-15,-5,sil
12.77523708343506,-20,-26,-12,-11,-7,7,10,-1,20,12,-26,-24,-1,0,sil
12.77523708343506,-21,-28,-7,-32,-20,0,8,-5,21,14,-16,-10,1,-2,sil
12.789861917495728,-22,-21,-24,-35,-23,-11,-3,-7,8,-3,-17,-18,-14,-22,sil
12.789861917495728,-2,2,2,-12,-8,-15,-12,0,2,-11,-11,-6,-15,-14,sil
12.805488348007202,16,17,15,-2,-2,-9,-3,5,5,-2,8,19,0,6,sil
12.80649209022522,17,13,4,-7,-13,-16,-9,2,0,-9,15,19,0,2,sil
12.822086095809937,7,13,2,1,-11,-19,-25,-1,-17,-28,1,7,-14,-13,sil
12.822086095809937,4,14,0,14,5,-2,-15,0,-21,-21,-1,6,-17,-13,sil
12.836274147033691,9,15,15,21,16,10,1,6,-10,-1,4,7,-7,0,sil
12.85390591621399,11,16,14,27,18,8,6,0,1,8,6,0,3,5,sil
12.85390591621399,0,0,0,21,11,5,9,-5,3,9,-2,-11,0,0,sil
12.85390591621399,-10,-13,-6,7,1,10,10,0,0,7,-8,-13,-7,-3,sil
12.868297338485718,-3,-5,-12,8,3,13,12,0,6,12,4,-4,7,6,sil
12.868297338485718,3,0,3,7,1,13,18,0,18,22,9,1,19,19,sil
12.885390043258669,0,-8,-1,-10,-3,1,13,1,13,17,-7,-3,9,11,sil
12.885390043258669,-6,-14,-10,-29,-8,-15,-3,-1,-6,-6,-14,-9,0,-5,sil
12.900995254516602,-4,-2,0,-26,-11,-17,-8,-4,-16,-17,3,6,6,-6,sil
12.900995254516602,11,10,-2,-2,-4,-12,-1,0,-5,-8,20,21,13,5,sil
12.916117906570436,22,11,12,7,8,-6,-2,3,-2,-4,10,19,5,2,sil
12.916117906570436,6,2,13,4,9,0,-7,0,-12,-9,0,5,0,-4,sil
12.932021379470823,-6,0,1,6,1,1,-11,-1,-23,-12,1,0,3,0,sil
12.932021379470823,-10,-6,-1,4,-3,1,-14,-1,-25,-12,-4,-4,-8,-1,sil
12.946192502975464,-26,-14,-21,-6,-5,11,-3,-2,-9,0,-22,-23,-21,-12,sil
12.964336395263672,-27,-11,-13,-10,0,20,15,-1,21,17,-21,-22,-10,-5,sil
12.964336395263672,-8,-9,-1,-8,0,9,18,0,35,17,-5,-2,2,9,sil
12.964336395263672,4,-12,-4,-13,-13,-5,-1,0,18,5,-3,1,0,10,sil
12.980232238769531,11,-2,2,-10,-9,-1,-13,0,8,1,0,0,3,1,sil
12.980232238769531,8,3,-3,-1,9,-2,-8,0,17,7,21,4,20,-5,sil
12.995816230773926,2,3,1,-2,1,-19,-11,0,7,0,23,8,12,-7,sil
13.009845495224,5,14,5,1,-9,-18,-18,0,-8,-12,18,16,-1,-3,sil
13.009845495224,7,20,3,15,4,-2,-10,3,-9,-11,22,15,-3,0,sil
13.010843992233276,1,14,12,15,19,2,3,8,-20,-11,9,0,-12,-3,sil
13.026978969573976,0,10,0,21,14,8,10,0,-30,-12,-14,-9,-19,-3,sil
13.026978969573976,2,6,2,29,0,19,10,0,-17,-3,-24,-9,-13,4,sil
13.040473699569702,0,-4,4,18,-1,17,12,4,1,7,-22,-12,-8,5,sil
13.040473699569702,-7,-14,-13,-4,1,1,10,-1,6,13,-22,-20,-5,1,sil
13.05562710762024,-4,-12,-4,-16,-5,-1,7,-1,6,19,-15,-12,3,2,sil
13.074883937835692,5,-6,-2,-14,-13,0,7,0,17,17,-1,0,9,5,sil
13.074883937835692,2,-8,-3,-21,-7,-9,-1,-2,22,4,0,2,2,0,sil
13.087896585464478,0,-9,2,-30,-4,-15,-7,0,15,3,1,4,4,-4,sil
13.087896585464478,13,9,7,-17,-2,-9,0,1,10,7,18,21,18,4,sil
13.10481595993042,17,26,24,4,4,-2,-3,0,0,-13,23,28,12,1,sil
13.10481595993042,0,11,8,9,6,-1,-17,0,-16,-31,10,6,-8,-16,sil
13.122463941574097,0,3,3,16,6,5,-2,-1,-17,-14,5,2,-2,-10,sil
13.122463941574097,13,16,14,36,18,14,21,-1,-2,7,10,16,18,14,sil
13.122463941574097,0,0,-3,26,17,10,18,2,1,8,5,1,9,20,sil
13.136072635650637,-19,-24,-7,-3,-2,3,6,2,-2,6,-5,-16,-7,10,sil
13.152997255325316,-19,-21,-10,-11,-8,4,7,0,2,12,-11,-9,-3,4,sil
13.152997255325316,-15,-13,-18,-8,0,4,6,-1,2,0,-16,-9,-5,0,sil
13.152997255325316,-12,-13,-14,-14,-4,0,1,-2,-4,-10,-13,-15,-10,0,sil
13.165176630020142,-2,-9,-14,-12,-12,-6,-1,-6,0,-2,2,-5,1,0,sil
13.18083930015564,3,-1,0,-15,-14,-12,-12,-4,6,-4,9,5,3,-9,sil
13.18083930015564,1,0,-6,-26,-14,-16,-26,0,0,-12,0,0,-4,-14,sil
13.195982217788696,2,1,-6,-20,-15,-18,-30,2,-6,-13,0,0,0,-11,sil
13.195982217788696,10,16,11,0,-6,-9,-21,1,-8,-7,21,13,6,-9,sil
13.212183952331545,13,24,2,13,10,3,-10,0,-2,4,32,12,4,-3,sil
13.212183952331545,0,13,8,15,10,6,-11,5,-4,9,1,-2,-5,0,sil
13.227274894714355,-14,3,12,18,-2,2,-1,7,-10,0,-22,-20,-14,-9,sil
13.227274894714355,-9,3,1,20,2,7,19,3,-5,-5,-21,-23,-16,-10,sil
13.242964267730711,0,-1,3,20,14,18,21,0,-2,-1,-32,-9,-17,0,sil
13.242964267730711,0,-4,-2,17,10,18,13,-5,-1,14,-42,0,-8,7,sil
13.2588849067688,7,3,7,14,8,11,22,-5,14,33,-14,0,12,18,sil
13.2588849067688,11,1,10,14,14,5,32,0,31,35,17,5,20,25,sil
13.274285316467283,5,-5,0,5,3,0,19,-1,26,16,16,8,8,16,sil
13.274285316467283,4,-1,0,-12,-10,-6,0,-1,12,-1,8,9,4,4,sil
13.28978943824768,5,-7,-17,-21,-7,-13,-12,1,10,-8,13,9,12,1,sil
13.28978943824768,6,-15,-8,-23,-6,-14,-15,-1,11,-6,16,12,15,0,sil
13.305835247039797,3,-7,1,-26,-10,-5,-5,-4,1,-4,17,12,9,-1,sil
13.305835247039797,-8,-7,-2,-23,-10,-7,-11,-3,-28,-27,6,1,-8,-11,sil
13.321852684020996,-12,-6,4,-15,-5,-16,-32,-2,-47,-50,-4,-2,-22,-22,sil
13.321852684020996,0,9,-2,-3,6,-11,-24,1,-26,-23,8,0,-6,-11,sil
13.33710241317749,7,17,7,8,12,5,-4,5,-10,4,16,-1,0,0,sil
13.33710241317749,-1,6,15,17,13,17,0,4,-13,-4,0,-2,-8,-7,sil
13.352647304534912,-8,0,-2,18,15,15,12,2,-4,-1,-12,0,-1,0,sil
13.352647304534912,-13,-3,-7,3,3,12,21,3,9,18,-16,-5,3,12,sil
13.368162870407104,-15,-13,-16,-11,-18,3,7,0,7,11,-25,-17,-3,1,sil
13.368162870407104,-5,-10,-6,-14,-23,-9,-3,-4,5,-4,-19,-7,0,0,sil
13.383941650390623,12,6,10,0,-13,-14,0,-5,14,2,9,12,16,17,sil
13.383941650390623,16,14,4,8,-3,-13,-2,-1,6,5,24,12,13,8,sil
13.39895224571228,1,11,7,5,7,-9,-10,0,-11,-6,14,0,-3,-13,sil
13.39895224571228,-6,10,1,16,18,3,4,-2,0,4,9,-1,-4,-7,sil
13.414182901382446,2,13,3,36,14,20,24,0,23,34,4,-1,1,7,sorry
13.414182901382446,3,8,5,30,10,30,28,10,18,31,-8,-9,0,6,sorry
13.43019437789917,-8,-8,-8,0,8,21,20,5,15,10,-11,-15,-2,2,sorry
13.43019437789917,-8,-18,-6,-22,-7,0,1,-4,19,0,-13,-8,-3,-3,sorry
13.446200847625732,-1,-13,-15,-23,-18,-13,-14,-7,12,0,-11,1,-1,-11,sorry
13.446200847625732,5,-6,-6,-22,-8,-17,-16,0,0,-9,8,12,5,-4,sorry
13.46225881576538,17,3,15,-20,0,-15,-10,5,-4,-20,18,20,5,1,sorry
13.46225881576538,20,13,5,4,0,-10,-9,0,-12,-14,3,14,-5,0,sorry
13.478220224380491,2,12,8,23,4,2,-5,-2,-17,-4,-6,0,-14,0,sorry
13.478220224380491,-9,-5,0,12,7,14,7,1,-11,0,-6,-14,-12,1,sorry
13.493252992630005,-2,-19,-11,-4,0,9,12,1,-6,0,-11,-10,-2,1,sorry
13.493252992630005,0,-13,-2,-7,-7,-4,1,-1,-2,2,-18,1,6,4,sorry
13.509379386901855,-4,-7,-8,-9,-8,-14,-12,0,5,4,-11,-3,9,-1,sorry
13.509379386901855,0,-4,-2,-18,-4,-16,-22,0,4,1,7,-2,3,-9,sorry
13.52539849281311,-5,-4,-4,-22,-9,-18,-25,-3,-7,-6,14,6,2,-10,sorry
13.52539849281311,-12,-5,-9,-16,-14,-16,-28,-7,-31,-27,-4,-4,-4,-15,sorry
13.540992736816406,-4,5,5,-3,-1,-2,-30,-6,-43,-36,-9,-10,-15,-20,sorry
13.540992736816406,0,15,8,11,8,10,-15,-2,-24,-12,12,0,-8,-5,sorry
13.556260347366331,-1,8,13,26,6,19,9,4,4,12,20,6,5,16,sorry
13.556260347366331,2,6,8,40,19,27,31,5,14,20,15,8,10,23,sorry
13.57184386253357,6,16,0,39,32,30,37,0,3,17,11,7,6,14,sorry
13.57184386253357,-2,10,5,15,18,23,33,4,1,9,-4,-3,1,6,sorry
13.586952447891235,-3,-8,-6,0,0,8,31,10,21,12,-16,-9,0,13,sorry
13.586952447891235,11,-8,2,0,-1,-4,21,4,30,15,-2,3,6,23,sorry
13.603010416030884,15,3,7,-1,0,-9,5,-2,22,9,13,13,22,18,sorry
13.603010416030884,0,-2,-9,-16,-13,-6,2,-2,26,6,-1,-3,11,3,sorry
13.619116306304932,-10,-14,-6,-29,-27,-12,-1,-4,18,0,-26,-18,-15,-11,sorry
13.619116306304932,-2,-3,-7,-28,-21,-24,-15,-7,-4,-15,-9,-7,-10,-22,sorry
13.634682655334473,4,12,0,-20,-3,-15,-13,1,-10,-18,14,7,3,-19,sorry
13.634682655334473,-3,5,0,-16,2,-1,-4,6,-1,-10,6,2,-2,-13,sorry
13.650213956832886,-10,-6,-9,-19,2,-8,-15,-2,-2,-7,-5,-5,-6,-13,sorry
13.650213956832886,2,3,7,-13,5,-14,-25,0,-9,-6,2,5,-2,-12,sorry
13.66599988937378,11,14,11,12,8,-4,-8,4,-5,0,13,17,1,0,sorry
13.66599988937378,10,7,10,30,9,8,5,-1,-6,1,8,12,6,11,sorry
13.68130087852478,3,-6,3,19,4,13,3,-3,-14,6,-1,-3,0,5,sorry
13.68130087852478,-7,-15,-11,5,-6,8,-3,1,-17,2,-10,-17,-15,0,sorry
13.697372436523438,-12,-7,-3,11,-2,7,-7,0,-15,-6,-15,-14,-20,-3,sorry
13.697372436523438,-6,0,-5,21,8,11,0,-1,-7,1,-13,-3,-11,0,sorry
13.713330268859863,0,-4,0,16,6,14,11,2,5,21,-1,3,0,10,sorry
13.713330268859863,2,-8,4,8,1,14,16,6,21,32,12,7,11,15,sorry
13.72907257080078,-1,-8,-11,-1,0,5,9,0,29,27,15,2,14,9,sorry
13.72907257080078,-2,-3,-1,-8,-7,-4,5,0,22,9,2,-4,11,9,sorry
13.74403476715088,7,3,-2,0,-3,-2,14,2,9,-7,-7,-3,14,11,sorry
13.74403476715088,9,0,-8,-1,-2,0,12,-2,2,-14,-6,3,9,0,sorry
13.760060548782349,-2,-9,0,-25,-14,-8,-6,-10,-4,-18,-4,5,-9,-19,sorry
13.760060548782349,-8,-8,-7,-28,-16,-17,-20,-13,-22,-28,-15,-7,-22,-29,sorry
13.7765154838562,0,6,5,-16,-7,-16,-22,-2,-32,-34,-16,-1,-15,-20,sorry
13.7911114692688,8,16,11,-6,1,-14,-12,3,-12,-12,9,17,6,0,sorry
13.7911114692688,5,14,6,2,7,-12,-10,0,-3,-1,20,11,11,4,sorry
13.7911114692688,0,15,7,10,1,-8,-21,0,-12,-12,1,-2,-7,-6,sorry
13.807740926742554,6,19,5,15,0,-2,-20,6,-7,-7,3,2,-1,0,sorry
13.807740926742554,8,15,14,17,15,9,-1,6,3,6,19,9,17,9,sorry
13.823349237442017,-3,1,2,17,20,22,15,0,5,12,16,-6,8,5,sorry
13.82435393333435,-8,-1,-8,13,9,19,16,0,-1,14,4,-17,-7,3,sorry
13.838876008987429,-5,0,2,10,4,15,10,0,-13,6,-2,-10,-5,2,sorry
13.838876008987429,-13,-15,-9,-2,0,14,14,-3,-8,-1,-12,-11,0,1,sorry
13.853819608688354,-19,-24,-9,-16,-7,8,20,-1,13,10,-20,-21,-5,2,sorry
13.853819608688354,-12,-13,-7,-2,0,4,21,3,32,34,-11,-13,0,5,sorry
13.869216442108154,-5,-14,-7,-1,1,6,19,5,35,35,-2,2,4,14,sorry
13.869216442108154,-7,-19,0,-28,-12,0,10,4,19,5,-9,0,-1,11,sorry
13.884448528289797,-1,-3,-9,-21,-7,-11,-1,0,9,-9,-5,-3,-5,-4,sorry
13.90257740020752,14,9,5,3,5,-12,-5,-1,17,5,12,9,3,0,sorry
13.903080940246582,10,0,8,-3,-7,-8,-4,0,12,7,12,17,9,6,sorry
13.903080940246582,5,-1,-5,-14,-17,-16,-11,-4,-8,-19,-2,14,2,-4,sorry
13.916305541992188,22,15,13,0,0,-22,-15,-6,-18,-26,2,21,1,-6,sorry
13.916305541992188,29,19,8,10,6,-18,-12,-1,-14,-7,16,24,11,8,sorry
13.930816411972046,21,9,1,1,-4,-5,-15,2,-13,-9,8,21,7,4,sorry
13.947914123535156,19,9,5,2,-1,1,-15,0,-10,-16,5,19,2,-5,sorry
13.947914123535156,18,18,5,22,14,0,-4,-2,-12,-5,17,10,5,-1,sorry
13.947914123535156,5,14,11,23,11,0,0,0,-16,-2,10,-1,-1,0,sorry
13.964234352111816,-13,-11,-6,2,-2,4,-3,0,-10,-6,-5,-13,-13,-11,sil
13.97930121421814,-29,-22,-10,0,0,11,-2,0,-12,0,-12,-18,-17,-20,sil
13.97930121421814,-30,-5,-1,17,7,17,4,1,-11,7,-8,-19,-13,-21,sil
13.97930121421814,-28,-2,-10,10,0,13,4,2,-2,3,-18,-26,-13,-18,sil
13.996421098709106,-27,-17,-8,-14,-6,12,8,1,-2,-5,-35,-31,-20,-13,sil
13.996421098709106,-18,-15,-12,-13,2,17,23,0,0,-3,-28,-25,-20,0,sil
14.011001825332642,-9,0,-6,-6,3,14,22,-1,14,10,-13,-14,-8,10,sil
14.02815866470337,-11,-1,0,-15,-7,3,11,2,19,16,-12,-8,3,7,sil
14.02815866470337,-7,-7,-6,-17,-14,-8,4,1,13,10,-3,-6,9,10,sil
14.02815866470337,9,0,8,-2,-11,-16,-7,0,10,5,12,3,13,17,sil
14.044217109680176,19,5,2,5,-1,-16,-15,0,11,5,20,16,19,14,sil
14.044217109680176,18,2,-2,0,6,-6,-3,0,11,1,24,21,26,13,sil
14.06814670562744,22,5,12,-4,5,0,4,-2,11,2,25,24,30,21,sil
14.06814670562744,25,7,8,-1,0,-9,-1,-2,8,4,18,23,24,12,sil
14.06814670562744,17,10,9,6,0,-12,-10,1,-1,-1,18,23,8,-2,sil
14.076290845870972,5,13,2,6,10,-5,-13,3,-9,-9,18,17,0,-3,sil
14.091138124465942,2,11,1,0,7,-8,-18,1,-18,-21,2,0,-8,-6,sil
14.091138124465942,0,6,10,10,0,-3,-18,0,-25,-20,-5,-12,-20,-17,sil
14.106626749038696,-7,-1,-2,22,11,15,2,0,-12,-1,-5,-16,-14,-14,sil
14.106626749038696,-13,-10,-5,1,13,19,19,0,-3,5,-23,-14,-4,-7,sil
14.1222186088562,-8,-10,-6,-14,-6,9,13,0,-1,7,-23,-11,0,-2,sil
14.1222186088562,-2,-6,-4,-8,-18,5,1,1,10,23,1,-1,6,8,sil
14.136876583099363,-2,-3,3,-10,-12,1,0,-3,18,19,2,0,8,5,sil
14.136876583099363,-4,-9,-7,-14,-8,-9,-1,-9,7,0,-13,-1,-4,-8,sil
14.15241551399231,3,-3,2,-3,-10,-14,0,0,8,0,-1,15,-7,1,sil
14.15241551399231,13,11,6,7,0,-4,5,6,12,1,18,26,-1,14,sil
14.169301748275757,8,10,-1,2,7,1,0,-1,-9,-16,3,3,-16,-4,sil
14.184919834136965,-4,4,7,0,6,0,-9,-2,-29,-26,-11,-5,-34,-18,sil
14.184919834136965,-3,12,0,11,11,0,0,0,-17,-9,5,5,-24,-4,sil
14.184919834136965,-5,4,-1,10,12,4,5,0,-10,0,8,-1,-11,0,sil
14.199928045272827,-20,-12,-9,-1,4,6,0,0,-19,-8,-13,-20,-28,-10,sil
14.199928045272827,-13,-2,-10,12,11,11,4,2,-10,-3,-14,-22,-42,-2,sil
14.21694016456604,1,4,11,25,13,17,19,5,9,8,-5,-18,18,11,sil
14.21694016456604,-8,-18,-4,0,-7,5,23,4,15,8,-12,-20,99,9,sil
14.23121690750122,-12,-22,-11,-19,-15,1,18,0,13,5,-13,-10,70,8,sil
14.246347665786743,6,-1,-2,-4,-5,2,10,-1,24,14,0,4,0,17,sil
14.246347665786743,11,0,-5,-6,-11,-10,-4,-3,29,20,10,13,6,18,sil
14.246347665786743,5,-5,0,-28,-22,-23,-20,-3,13,12,13,19,25,6,sil
14.260937452316284,8,-4,-4,-26,-20,-19,-24,-4,1,0,5,9,1,-5,sil
14.27601408958435,10,-4,2,-14,-15,-16,-25,-3,-1,-18,-3,1,-20,-13,sil
14.27601408958435,3,1,8,-7,-6,-8,-23,1,-6,-21,0,6,-21,-16,sil
14.291202068328856,0,13,0,1,6,5,-11,7,-6,-6,12,7,-14,-17,sil
14.291202068328856,6,22,8,8,17,10,0,5,-1,3,16,7,-6,-8,sil
14.30723476409912,9,17,4,15,23,0,5,0,-4,0,16,11,-2,1,sil
14.30723476409912,-1,7,4,19,15,0,7,-3,-9,-4,9,7,-1,2,sil
14.323052406311035,-6,5,5,17,10,7,6,-3,-11,1,1,0,-4,0,sil
14.323052406311035,-2,2,-3,18,10,1,0,-4,-19,4,0,-4,-14,-1,sil
14.33849811553955,-7,1,8,16,4,2,-5,1,-19,-5,-3,-7,-18,-5,sil
14.33849811553955,-11,0,0,6,0,17,0,7,-5,-2,-9,-9,-7,-3,sil
14.35427474975586,-8,-9,-6,-2,-1,12,6,2,0,11,-13,-12,-1,4,sil
14.35427474975586,0,-12,4,0,0,1,16,-1,5,17,-6,-9,7,9,sil
14.36986756324768,14,0,0,4,4,8,30,1,24,22,8,0,28,17,sil
14.36986756324768,19,3,5,-2,-3,7,26,1,23,16,3,0,22,22,sil
14.384965896606444,4,-9,-4,-17,-11,-10,8,-3,4,-4,-14,-12,-3,5,sil
14.384965896606444,0,-13,-8,-27,-7,-18,-8,-4,-1,-17,-17,-9,-11,-8,sil
14.400001525878906,6,-5,-1,-25,-8,-16,-14,-1,1,-13,-3,13,3,-3,sil
14.401000261306764,3,-2,-12,-14,-11,-18,-16,-3,-2,-18,1,16,2,-4,sil
14.415991067886353,-7,0,-2,-8,-3,-13,-28,0,-18,-30,-7,1,-21,-17,sil
14.415991067886353,-15,1,1,-1,0,-3,-29,2,-19,-22,-5,-4,-25,-17,sil
14.43216037750244,-11,1,-1,13,0,6,-4,0,-8,-2,4,0,-2,-4,sil
14.43216037750244,-3,2,8,25,6,20,13,0,0,8,4,1,7,0,sil
14.447158098220823,-9,-6,-5,18,6,23,8,0,2,6,-3,-5,3,0,sil
14.447158098220823,-18,-12,-7,1,0,15,8,-1,10,7,-4,-11,5,2,sil
14.462695837020874,-11,-2,-2,0,6,7,20,0,22,25,3,-1,10,2,sil
14.462695837020874,1,1,-3,-1,8,-2,13,1,24,31,9,12,14,8,sil
14.478168725967407,8,-2,0,-8,-6,-11,-8,5,15,14,9,12,19,13,sil
14.478168725967407,10,0,-6,-14,-10,-10,-12,1,6,0,13,4,16,2,sil
14.49426555633545,12,11,7,-11,-2,-10,-5,-2,-1,-6,14,10,3,-8,sil
14.49426555633545,17,23,16,6,0,-14,-5,0,-9,-9,13,22,-1,0,sil
14.509872674942017,22,23,14,24,6,-11,-7,2,-9,-3,15,13,2,11,sil
14.509872674942017,15,14,21,16,10,3,0,0,-13,-4,5,-5,-6,0,sil
14.525914907455444,2,2,0,6,5,15,17,0,-17,-9,-19,-17,-24,-14,sil
14.525914907455444,-8,-9,-10,3,0,12,21,6,-13,-7,-34,-23,-26,-12,sil
14.541950225830078,-20,-15,-6,-2,0,4,16,3,-9,-5,-26,-22,-12,-1,sil
14.541950225830078,-17,-11,-11,-2,-6,0,7,0,-5,-1,-10,-13,0,9,sil
14.558065176010132,-1,-7,-3,-6,-17,-2,-7,0,8,4,-7,-5,3,11,sil
14.558065176010132,4,-9,-8,-19,-15,-14,-21,-7,21,7,0,-4,8,1,sil
14.573208570480348,16,2,4,-18,-2,-16,-22,-10,5,1,24,13,14,6,sil
14.573208570480348,20,20,12,6,10,0,-13,-3,-12,-1,36,31,14,13,sil
14.58924436569214,-5,12,-7,21,16,10,-1,0,-19,-5,12,8,0,-2,sil
14.58924436569214,-28,-3,-5,9,11,10,6,0,-19,-9,-19,-22,-16,-19,sil
14.60523796081543,-17,-10,-7,0,5,12,11,0,1,2,-20,-20,-7,-7,sil
14.60523796081543,0,-12,-4,-6,0,7,13,1,26,16,-4,6,10,8,sil
14.6207594871521,0,-13,-5,-15,-3,-7,0,2,15,0,2,11,8,-3,sil
14.6207594871521,-8,-6,-13,-19,-8,-16,-21,-1,-7,-24,0,-2,-5,-22,sil
14.63657021522522,0,6,13,-3,-2,-5,-13,-2,-2,-11,7,3,-4,-12,sil
14.63657021522522,8,4,18,15,9,6,9,5,18,16,14,11,4,4,sil
14.652358770370483,-3,-7,0,11,5,6,13,12,26,23,-1,-4,0,2,sil
14.652358770370483,-10,-7,-5,-4,-11,3,12,8,21,13,-16,-13,-5,0,sil
14.668064832687378,2,-6,-5,-18,-15,-5,7,0,17,7,-5,1,5,11,sil
14.668064832687378,12,-7,8,-24,-14,-11,-9,-6,5,1,7,14,7,12,sil
14.683190822601318,12,2,5,-7,-12,-7,-12,-3,-13,-6,5,15,-1,-3,sil
14.683190822601318,15,18,6,18,5,1,-1,0,-27,-21,0,10,-6,-6,sil
14.698330402374268,8,20,14,27,19,8,-3,-4,-31,-28,-4,0,-8,-1,sil
14.698330402374268,-8,9,-5,25,12,11,-4,-12,-29,-10,-11,-21,-15,-6,sil
14.71392059326172,-12,1,-5,18,7,15,8,-5,-15,7,-19,-23,-17,-5,sil
14.71392059326172,-2,0,-5,11,4,9,18,3,5,16,-8,-4,-1,10,sil
14.729498386383057,2,-1,-5,1,-6,-2,7,1,10,15,8,4,17,20,sil
14.729498386383057,-1,-5,1,-13,-9,-7,-6,0,6,9,13,8,22,12,sil
14.746530532836914,0,-6,-11,-21,-7,-8,-6,4,9,4,13,13,18,7,sil
14.746530532836914,11,4,0,-12,-6,-14,-8,8,11,2,17,17,19,10,sil
14.761271953582764,16,16,12,2,4,-14,-10,3,9,1,24,20,18,6,sil
14.761271953582764,9,11,8,6,9,-7,-4,-4,-1,-5,20,15,3,-4,sil
14.77696180343628,1,7,5,3,4,0,2,-3,-18,-15,4,-2,-13,-14,sil
14.77696180343628,-10,7,-9,5,9,3,4,1,-13,-12,-2,-20,-15,-19,sil
14.792921543121338,-22,-2,-4,5,9,9,5,3,-3,-4,-11,-25,-16,-19,sil
14.792921543121338,-21,-18,-5,0,1,13,7,0,-5,-1,-27,-24,-20,-16,sil
14.808404684066772,-11,-19,-10,-5,0,7,7,-1,0,-1,-30,-16,-16,-6,sil
14.808404684066772,-5,-9,3,1,-5,3,1,2,8,0,-17,-2,-1,4,sil
14.824596166610718,-1,-9,-2,5,-13,6,0,2,15,8,-9,1,6,13,sil
14.824596166610718,2,-20,-4,-12,-9,5,7,0,14,14,-12,1,1,16,sil
14.839258193969728,2,-19,-3,-33,-2,-2,4,-1,9,6,-7,2,4,8,sil
14.839258193969728,3,-1,-5,-21,-4,-11,-10,-3,2,-1,6,6,14,2,sil
14.855875968933104,11,12,13,-1,-5,-12,-17,0,1,0,21,17,13,5,sil
14.855875968933104,16,11,8,3,0,-6,-2,1,3,0,30,14,9,2,sil
14.871033906936646,4,10,3,0,2,-3,-1,0,-3,-11,18,0,1,-10,sil
14.871033906936646,-10,12,-1,3,1,-6,-13,0,-15,-19,0,-10,-11,-20,sil
14.888221979141235,-9,6,-8,14,3,0,-8,-1,-21,-13,-5,-10,-23,-11,sil
14.888221979141235,0,3,8,21,8,21,8,-1,-14,7,-6,-6,-16,0,sil
14.900694131851196,2,2,3,21,11,25,17,2,6,31,0,-3,5,8,sil
14.900694131851196,0,-2,-5,1,0,1,7,1,14,18,-2,-2,6,11,sil
14.9172465801239,-1,-8,-5,-15,-11,-14,-5,-3,0,-12,-22,-5,-12,1,sil
14.933893203735352,0,-8,-8,-12,-9,-10,-12,-6,-1,-9,-19,-4,-8,-2,sil
14.933893203735352,2,-1,6,-10,-7,-8,-13,-1,11,2,5,8,6,0,sil
14.934893608093262,7,6,4,-13,-9,-11,-6,0,12,-2,16,18,9,-2,sil
14.95003581047058,19,13,10,0,1,-1,5,1,7,-2,20,27,14,1,sil
14.95003581047058,24,18,19,13,10,4,11,4,4,1,27,34,18,8,sil
14.963126420974731,6,13,0,14,7,0,6,0,-9,-1,17,13,7,-1,sil
14.964232206344604,-11,3,-1,10,5,5,3,-2,-16,-3,0,-6,0,-3,sil
14.981181621551514,-8,1,2,18,10,15,13,0,1,6,2,1,5,14,sil
14.981181621551514,2,6,4,29,14,11,16,7,8,14,9,5,10,24,sil
14.99432611465454,0,-2,1,22,10,8,9,4,-4,13,-1,-9,5,13,sil
15.00983500480652,-13,-25,-19,-8,-2,3,2,-5,-7,4,-17,-20,-3,-2,sil
15.00983500480652,-23,-26,-13,-28,-14,-6,-3,-5,-1,-6,-30,-23,-16,-15,sil
15.025941848754885,-15,-13,-9,-14,-11,-9,-6,0,1,-7,-26,-25,-15,-12,sil
15.025941848754885,0,-8,-6,-9,-2,-5,-3,0,5,-3,-6,-11,0,-3,sil
15.043420791625977,2,-1,-2,-17,2,-4,-5,0,7,-8,0,2,7,-10,sil
15.043420791625977,0,8,-13,-16,1,-10,-14,1,0,-17,-6,-7,-6,-16,sil
15.043420791625977,-2,2,0,-20,-9,-19,-22,0,-14,-20,-9,-13,-23,-16,sil
15.05817985534668,-11,-8,0,-25,-16,-21,-20,-1,-20,-19,-4,-6,-19,-22,sil
15.07279372215271,-13,-3,-3,-13,-8,-7,-12,0,-18,-18,-2,-3,-10,-19,sil
15.07279372215271,3,8,17,9,0,11,-1,2,-8,-7,2,1,-1,0,sil
15.088192701339722,15,11,11,30,8,23,13,0,2,6,8,7,4,14,sil
15.088192701339722,8,7,11,38,11,29,22,0,4,15,2,4,0,17,sil
15.104289293289185,0,-1,7,20,7,26,19,1,10,28,4,3,3,20,sil
15.104289293289185,3,-8,-4,-1,0,12,16,1,21,38,11,10,21,28,sil
15.119802951812744,13,0,0,-2,0,4,19,0,22,28,6,14,18,25,sil
15.119802951812744,13,2,-8,5,0,-3,16,0,20,14,1,8,3,14,sil
15.135851621627808,9,0,0,0,0,-14,0,2,15,6,12,12,12,13,sil
15.135851621627808,15,3,8,-2,-2,-14,-6,3,7,1,18,19,20,13,sil
15.151288270950316,13,7,-6,1,-5,-15,-4,0,3,-7,0,7,0,-3,sil
15.151288270950316,0,4,-4,-4,-6,-17,-16,-7,0,-18,-4,1,-10,-20,sil
15.16691827774048,0,3,-6,-11,1,-6,-15,-6,0,-9,19,8,8,-15,sil
15.16691827774048,-1,8,2,-11,6,0,-6,0,-14,-11,15,6,3,-14,sil
15.181991815567017,-16,2,5,-17,0,-13,-21,1,-35,-27,-12,-6,-21,-27,sil
15.181991815567017,-20,-8,-3,-17,-6,-17,-32,-1,-30,-15,-7,-10,-18,-24,sil
15.197494745254517,-6,0,9,-1,-2,2,-10,0,-14,2,7,-4,-3,-13,sil
15.197494745254517,-5,13,3,13,7,11,7,1,-12,-7,-1,-5,-6,-10,sil
15.21340012550354,-11,3,0,16,13,2,2,3,-12,-16,-14,-12,-14,-5,sil
15.21340012550354,-13,-8,0,11,6,4,0,3,-9,-9,-18,-19,-15,0,sil
15.229028701782228,-8,-10,-4,6,0,15,13,-1,-3,-1,-22,-18,-4,6,sil
15.229028701782228,1,-7,4,7,0,23,32,1,14,14,-13,-8,9,19,sil
15.24434518814087,7,-10,-7,3,0,19,32,3,31,27,0,-3,13,26,sil
15.24434518814087,3,-14,-9,-5,-6,3,16,-2,25,18,1,0,11,19,sil
15.260252952575684,3,-9,5,1,-3,3,11,0,23,20,0,6,17,13,sil
15.260252952575684,1,-3,-4,9,4,9,15,3,29,27,3,4,12,12,sil
15.275812864303589,-2,-4,-2,-5,0,0,3,-3,10,4,2,0,-3,0,sil
15.275812864303589,1,-4,-1,-5,-11,-12,-9,-2,-8,-15,3,3,-1,-10,sil
15.292433500289915,11,3,-3,2,-7,-9,-14,1,-2,-2,5,7,9,-1,sil
15.292433500289915,0,4,2,-11,0,-8,-15,-6,-1,2,-1,5,4,0,sil
15.307978630065918,-9,-1,0,-11,-2,-16,-18,-11,-17,-14,-5,0,-7,-10,sil
15.307978630065918,-1,2,5,2,-1,-11,-22,0,-20,-23,0,1,-7,-12,sil
15.32331395149231,2,8,-1,0,2,0,-17,5,-4,-1,6,4,0,-7,sil
15.32331395149231,9,10,0,0,0,-5,-12,1,-3,0,4,5,-3,-4,sil
15.339265823364258,26,18,15,8,4,-4,-8,5,-9,-18,0,8,-9,0,sil
15.339265823364258,19,18,-2,-1,11,3,1,5,-1,-12,3,6,-6,2,sil
15.354889154434204,1,9,-1,-14,3,6,6,-1,2,1,8,5,-4,3,sil
15.354889154434204,6,7,10,-2,1,0,4,0,1,0,16,11,0,3,sil
15.370558261871338,1,4,0,5,3,-3,1,3,-3,0,12,10,2,1,sorry
15.370558261871338,-17,0,-9,1,0,-2,2,1,-6,3,0,-6,-3,-3,sorry
15.386245250701904,-13,0,2,5,9,0,6,-1,-3,3,1,-10,-3,-3,sorry
15.386245250701904,0,1,17,14,11,10,7,1,-4,7,3,1,0,4,sorry
15.40251398086548,-2,-9,-8,14,0,11,10,2,-2,12,-8,-4,0,9,sorry
15.40251398086548,-17,-19,-18,2,-3,5,7,-2,1,10,-19,-23,-1,-3,sorry
15.417859315872192,-24,-18,4,-2,-2,11,9,-3,-3,2,-21,-23,-8,-18,sorry
15.417859315872192,-16,-15,-10,-1,-4,18,20,-2,-3,-2,-19,-19,-8,-10,sorry
15.433913230895996,-1,-14,-3,-4,-10,7,16,0,15,4,-13,-14,0,8,sorry
15.433913230895996,2,-11,4,-9,-15,-7,0,-1,24,16,-8,1,11,8,sorry
15.449254035949709,2,-12,-10,-13,-13,-10,-4,1,13,13,-3,10,15,5,sorry
15.449254035949709,1,-13,-5,-19,-6,-5,-5,3,6,1,1,2,7,10,sorry
15.464436054229736,0,-7,-3,-10,-2,-7,-6,0,6,-4,4,-2,0,7,sorry
15.464436054229736,8,6,5,-1,-4,-10,-3,0,3,-6,3,6,4,0,sorry
15.480180263519289,9,8,7,-9,-9,-10,-11,4,0,-8,8,15,7,0,sorry
15.480180263519289,1,0,-5,-14,-13,-18,-24,-2,-6,-13,9,10,-5,0,sorry
15.495062589645386,5,8,5,-3,0,-12,-16,-5,-8,-14,9,5,-6,-11,sorry
15.495062589645386,15,24,5,12,17,2,3,2,1,-4,24,13,13,-3,sorry
15.51023817062378,15,23,10,16,14,-2,-3,4,-5,-10,27,21,15,6,sorry
15.51023817062378,10,13,14,15,5,-16,-28,-1,-23,-22,16,17,4,-3,sorry
15.525103569030762,4,14,1,17,12,-7,-27,-1,-17,-9,17,8,6,-1,sorry
15.525103569030762,1,21,9,22,18,15,-4,2,-3,8,19,7,6,10,sorry
15.540537357330322,6,18,7,32,19,21,4,1,0,10,12,8,-1,3,sorry
15.540537357330322,11,14,7,34,20,18,7,0,0,3,1,5,-12,0,sorry
15.5561842918396,2,7,8,15,11,21,22,1,4,3,-12,-3,-17,6,sorry
15.5561842918396,-12,-10,-13,-6,-3,17,34,1,5,10,-27,-20,-12,0,sorry
15.572216987609863,-17,-20,-15,-14,-6,12,33,4,0,11,-39,-30,-14,-14,sorry
15.572822332382202,-20,-19,-20,-18,-5,9,29,0,-1,9,-42,-38,-23,-14,sorry
15.58799648284912,-29,-28,-18,-31,-13,-2,18,-6,-1,0,-38,-46,-22,-9,sorry
15.58799648284912,-27,-27,-10,-35,-16,-9,9,-6,1,-5,-28,-29,-9,-6,sorry
15.604061841964722,-11,-13,-16,-21,-8,0,12,-5,15,9,-11,-5,5,1,sorry
15.604061841964722,-4,-11,-3,-20,-12,-2,-1,-4,20,17,0,0,10,1,sorry
15.620092630386353,-8,-17,-2,-17,-18,-18,-22,0,4,4,-5,-1,3,-6,sorry
15.620092630386353,0,-5,0,0,-8,-15,-18,-3,0,5,0,7,3,2,sorry
15.634252786636353,18,6,12,2,1,0,-8,-1,13,14,23,25,18,16,sorry
15.635254859924316,16,1,3,-5,0,-6,-13,5,9,1,28,26,22,8,sorry
15.651279926300049,12,5,11,4,-1,-13,-17,4,-11,-20,9,14,8,3,sorry
15.651279926300049,21,16,11,23,1,-4,-15,0,-6,-23,7,9,6,13,sorry
15.665622472763062,22,9,0,14,0,-2,-19,6,0,-12,19,17,7,7,sorry
15.66662335395813,8,-1,9,-1,-3,-7,-20,8,-8,-5,23,18,3,-5,sorry
15.682149648666382,5,4,7,6,0,-4,-8,0,-15,-9,19,11,3,-1,sorry
15.6972074508667,10,16,12,15,6,0,-3,0,-14,-11,13,12,-2,0,sorry
15.6972074508667,10,14,10,5,9,0,-5,4,-13,-3,6,11,-8,-5,sorry
15.714284420013428,3,7,1,2,7,7,3,0,-11,0,3,1,-7,-7,sorry
15.714284420013428,-8,9,5,8,4,16,10,-4,-6,0,6,-1,-6,-5,sorry
15.714284420013428,-9,11,0,12,4,12,7,-3,4,1,7,0,1,0,sorry
15.72982692718506,1,11,7,22,9,7,7,-1,5,-1,-4,-8,0,3,sorry
15.72982692718506,-5,3,3,24,10,10,14,-1,-8,-5,-18,-20,-17,-1,sorry
15.744224071502686,-23,-9,-17,3,3,12,19,1,-7,3,-18,-22,-16,0,sorry
15.759804248809814,-17,-10,-10,-7,0,9,25,5,12,17,-11,-15,5,6,sorry
15.759804248809814,-8,-15,-15,-6,0,1,19,-2,22,28,-12,-18,11,4,sorry
15.759804248809814,-15,-27,-15,-24,-2,-5,1,-8,18,20,-23,-20,1,-1,sorry
15.776152849197388,-16,-18,-8,-34,-6,-9,0,-1,17,1,-20,-8,4,-8,sorry
15.776152849197388,-1,0,-7,-22,-13,-16,-3,1,13,-7,-1,1,4,-11,sorry
15.792251348495483,6,0,5,-18,-16,-17,-21,0,0,-7,5,5,-4,-9,sorry
15.792251348495483,4,1,0,-11,-3,-8,-14,4,0,-2,12,8,1,0,sorry
15.808294534683228,8,8,1,2,9,-2,3,4,1,2,19,12,10,2,sorry
15.808294534683228,8,9,11,6,6,0,-1,-1,-7,-3,7,10,-2,0,sorry
15.8229660987854,2,4,6,7,3,5,-3,1,-9,-6,-2,5,-12,3,sorry
15.823970794677734,7,0,9,15,6,16,12,5,1,6,5,3,0,16,sorry
15.838483095169067,7,-4,-5,17,4,17,18,-3,1,13,0,-6,0,11,sorry
15.838483095169067,-4,-11,-6,0,0,7,8,-8,-5,1,-22,-17,-10,-1,sorry
15.854476928710938,-9,-6,3,-10,-4,-1,3,-1,-1,-4,-15,-6,-2,-1,sorry
15.87116551399231,0,1,-6,-8,-11,-11,-2,-1,7,-1,2,8,12,4,sorry
15.87116551399231,9,0,0,-13,-17,-22,-16,-4,2,-9,0,13,8,-1,sorry
15.886181354522703,9,-3,1,-15,-10,-19,-26,-2,-9,-20,0,15,3,-7,sil
15.886181354522703,11,14,5,3,0,-12,-29,2,-11,-13,20,19,5,-4,sil
15.886181354522703,20,32,18,20,4,-4,-25,4,-4,4,36,22,10,1,sil
15.90120530128479,16,15,7,20,7,4,-14,0,-4,2,24,11,7,3,sil
15.917670011520386,-5,-2,5,19,5,17,-6,1,-17,-16,-4,-4,-13,-7,sil
15.918668746948242,-10,4,2,26,11,22,7,4,-12,-5,-9,-10,-20,-11,sil
15.918668746948242,0,14,4,25,21,18,23,5,5,15,3,-4,0,4,sil
15.933839559555054,-5,-2,1,8,14,12,25,5,5,12,-2,-4,0,9,sil
15.948878526687622,-19,-30,-18,-14,-6,1,17,0,-1,1,-23,-25,-20,-2,sil
15.948878526687622,-23,-28,-11,-27,-17,-6,5,-3,-5,-3,-33,-36,-19,-10,sil
15.948878526687622,-20,-10,-14,-20,-12,-4,4,0,-3,-1,-27,-28,-5,-5,sil
15.964465856552124,-12,-14,-16,-20,-2,5,15,0,8,8,-17,-12,-1,3,sil
15.964465856552124,-3,-19,1,-21,1,7,19,-2,26,13,0,0,10,10,sil
15.978216409683228,3,5,0,-1,-1,-4,9,-2,34,10,19,12,29,9,sil
15.994060039520264,15,25,6,8,0,-11,0,0,29,10,19,19,22,5,sil
15.994060039520264,11,10,5,-5,6,-6,-3,-2,14,4,2,18,4,3,sil
16.00952649116516,2,0,-2,-12,0,-10,-10,-2,-8,-8,8,22,3,1,sil
16.00952649116516,12,10,12,-2,-6,-15,-17,3,-21,-12,28,28,10,0,sil
16.02516007423401,14,13,3,2,-7,-17,-18,3,-17,-11,19,12,3,-3,sil
16.02516007423401,2,0,-2,-2,-8,-20,-22,-4,-20,-17,-3,-11,-13,-15,sil
16.040188550949097,1,0,3,-5,-2,-11,-25,-6,-27,-14,0,-8,-15,-20,sil
16.040188550949097,0,1,3,6,8,5,-12,0,-19,-3,7,-2,-4,-7,sil
16.055172443389893,-5,2,6,20,14,16,3,3,-11,-4,-5,-8,-5,1,sil
16.055172443389893,0,2,0,27,16,20,11,0,-5,0,-4,-6,-5,5,sil
16.0775089263916,3,3,8,31,12,26,15,0,7,13,0,0,0,13,sil
16.0775089263916,-6,-1,5,18,5,24,25,6,20,17,-12,-5,-2,15,sil
16.0775089263916,-17,-13,-14,-4,-2,14,29,2,20,6,-22,-16,-8,1,sil
16.0864315032959,-13,-11,-10,-14,-10,8,17,0,15,4,-18,-13,0,-2,sil
16.102128267288208,1,-6,-12,-5,-8,0,9,3,22,22,-7,-4,12,8,sil
16.102128267288208,5,-11,-4,-13,-10,-15,0,0,12,9,-4,0,6,8,sil
16.11782431602478,-3,-10,1,-25,-15,-17,-18,-5,-10,-22,-7,5,-2,-3,sil
16.11782431602478,5,5,-4,-15,-7,-6,-18,-3,-7,-11,7,14,5,1,sil
16.13285756111145,15,13,5,-3,-3,-6,-9,3,9,9,28,21,13,4,sil
16.13285756111145,-5,3,-4,-7,-7,-14,-11,2,2,-1,22,2,2,-17,sil
16.148962259292603,-13,2,-1,-11,-2,-14,-11,0,-9,-10,0,-7,-10,-24,sil
16.148962259292603,3,6,15,0,3,-9,-6,0,-1,-2,0,5,-8,-5,sil
16.16446542739868,10,5,4,13,7,-7,-7,0,7,3,15,12,2,5,sil
16.16446542739868,12,11,12,24,15,3,-2,3,4,7,24,11,5,7,sil
16.180235862731934,9,7,5,20,13,13,3,1,0,6,9,6,0,7,sil
16.180235862731934,-7,-12,-9,4,3,9,0,-3,-11,-5,-17,-11,-7,-2,sil
16.19604730606079,-9,-7,2,1,4,10,5,-5,-18,-10,-25,-15,-8,-4,sil
16.19604730606079,6,8,8,14,10,19,24,-2,-9,-1,-12,-1,-2,7,sil
16.21122145652771,5,2,5,14,5,20,28,3,-5,3,-8,-1,-1,9,sil
16.21122145652771,-4,-10,-9,1,-5,7,18,-1,-10,3,-17,-19,-5,5,sil
16.228273391723633,-6,-13,-7,-17,-11,-6,0,-10,-10,-5,-20,-18,0,7,sil
16.228273391723633,0,-8,0,-27,-8,-6,-7,0,4,-7,-3,1,13,0,sil
16.243221282958984,6,2,-9,-14,0,-3,-7,6,22,1,9,11,19,0,sil
16.243221282958984,5,9,-2,-13,-2,-13,-19,-2,10,-4,1,4,4,-6,sil
16.258869886398315,-4,4,-5,-22,-10,-20,-25,-1,-9,-17,1,0,-6,-22,sil
16.258869886398315,-8,1,-5,-12,-10,-11,-14,2,-11,-10,14,1,-4,-17,sil
16.275049448013306,-8,0,5,1,-3,-1,-10,-1,-11,-6,7,3,-4,-5,sil
16.29008674621582,-15,-7,-8,1,-1,-5,-10,-1,-17,-9,-8,-12,-17,-18,sil
16.29008674621582,-18,-5,-2,4,2,-1,0,5,-5,-4,-5,-20,-25,-19,sil
16.29008674621582,-10,-2,1,11,10,11,14,3,17,11,8,-6,-7,5,sil
16.30531358718872,0,-9,-3,12,9,18,21,4,27,32,6,4,9,25,sil
16.30531358718872,0,-6,12,13,9,20,21,9,26,39,-3,7,3,25,sil
16.320875883102417,4,6,8,10,6,6,18,0,24,20,1,10,3,19,sil
16.320875883102417,15,10,5,5,-5,-14,12,-3,22,9,11,13,20,16,sil
16.337899923324585,23,4,2,6,-1,-6,9,2,21,12,8,18,30,21,sil
16.337899923324585,17,4,-3,3,6,5,0,0,2,-6,10,21,22,14,sil
16.35298442840576,9,10,7,-6,-5,-9,-17,-1,-27,-27,18,18,4,-5,sil
16.35298442840576,3,10,2,0,-13,-22,-24,-3,-29,-25,11,3,-4,-16,sil
16.368197441101074,-2,5,6,11,-2,-2,-17,-6,-21,-19,0,-10,-10,-14,sil
16.368197441101074,-11,0,-1,10,3,10,-8,-1,-20,-7,-5,-20,-18,-16,sil
16.383389949798584,-10,-3,-16,4,0,8,-1,3,-13,10,-13,-21,-18,-11,sil
16.383389949798584,5,-2,1,3,0,14,6,0,1,13,-19,-3,-4,5,sil
16.400975942611694,10,-2,4,2,0,11,15,0,10,16,-7,2,9,13,sil
16.400975942611694,0,-6,-2,-10,-3,-7,7,-1,10,11,-3,-4,10,0,sil
16.41503643989563,0,-5,-5,-16,-3,-11,-7,-2,1,-6,-7,0,3,-5,sil
16.41503643989563,9,1,-2,-7,2,-4,-14,-2,-7,-17,2,11,-1,-4,sil
16.430513858795166,7,10,17,0,1,-8,-16,0,-12,-20,7,8,-9,-12,sil
16.430513858795166,0,7,5,1,0,-4,-11,1,-7,-22,0,-3,-13,-16,sil
16.446305513381958,-6,-5,-6,0,6,12,2,6,-1,-7,-10,-10,-9,-2,sil
16.44682478904724,-22,-15,-7,-5,4,13,14,2,-3,8,-17,-16,-5,-1,sil
16.46196985244751,-28,-13,-18,-7,0,3,22,0,0,9,-20,-19,-5,-7,sil
16.46196985244751,-12,-4,-6,-4,4,12,28,3,14,10,-16,-11,0,5,sil
16.47732901573181,0,-4,-2,-5,6,15,23,2,19,20,0,1,9,18,sil
16.47732901573181,-1,-10,-6,-13,0,-4,1,-1,15,14,7,5,5,6,sil
16.493206024169922,-4,-11,0,-20,-5,-14,-14,-2,17,2,2,2,2,-2,sil
16.493206024169922,4,-1,0,-12,-1,-14,-12,-4,21,6,7,3,12,5,sil
16.5090172290802,17,15,15,1,-1,-15,-12,0,14,4,21,13,13,11,sil
16.523124933242798,16,17,10,3,-9,-13,-14,0,0,-7,19,16,1,0,sil
16.523124933242798,4,4,-1,-7,-15,-11,-14,-6,-18,-17,8,6,-5,-7,sil
16.53793215751648,-3,0,0,-13,-8,-6,-12,-1,-25,-17,11,0,-2,-9,sil
16.53793215751648,-4,0,-3,2,3,2,-7,7,-14,-7,14,-2,-1,-3,sil
16.553399801254272,0,5,8,25,8,7,1,4,-12,0,4,0,-4,2,sil
16.553399801254272,5,17,5,36,9,6,8,-1,-12,2,8,6,4,3,sil
16.568876028060913,5,14,1,22,6,9,7,0,-4,3,12,1,8,5,sil
16.568876028060913,0,-1,7,10,0,11,1,-2,-6,1,-7,-11,-7,3,sil
16.584073543548584,-5,-3,-4,16,1,11,1,-6,-12,3,-19,-10,-14,0,sil
16.584073543548584,0,0,-1,15,3,15,11,2,-2,10,-11,2,-1,3,sil
16.599563360214233,-2,-9,-3,0,0,11,15,4,7,8,-16,1,0,6,sil
16.599563360214233,-6,-14,-11,-12,-5,1,12,-2,5,-3,-27,-6,-4,0,sil
16.61547565460205,-2,-10,0,-16,-3,-1,6,0,12,-3,-14,-2,3,-5,sil
16.61547565460205,0,-11,-6,-11,-3,-5,-6,0,17,6,2,2,9,-3,sil
16.63102889060974,4,-3,2,-2,-6,-14,-16,-2,7,3,6,11,7,4,sil
16.63102889060974,20,9,11,2,0,-11,-6,1,5,-4,15,17,10,6,sil
16.64619207382202,18,9,0,2,9,-7,-1,2,4,-8,22,7,3,-5,sil
16.64619207382202,-1,7,4,1,4,-8,-12,0,-5,-13,11,2,-8,-18,sil
16.66227674484253,-1,12,6,13,3,-8,-7,0,1,-4,10,14,0,-6,sil
16.66227674484253,7,14,11,22,9,-2,4,0,4,4,11,16,5,5,sil
16.678337335586548,-6,8,-1,13,8,5,-2,0,-16,-6,-9,-7,-9,-4,sil
16.678337335586548,-17,-2,-13,6,3,11,-1,0,-16,-13,-28,-27,-17,-6,sil
16.694016456604004,-1,-5,9,10,6,18,21,4,12,14,-13,-14,2,15,sil
16.694016456604004,3,-7,3,3,1,15,26,3,20,38,0,-6,17,26,sil
16.709110021591187,-8,-18,-11,-30,-14,1,2,-4,0,14,-22,-17,0,9,sil
16.709110021591187,-11,-20,-15,-54,-17,-4,-4,-5,-2,-7,-30,-22,-10,-6,sil
16.72523522377014,0,-7,-23,-42,-12,-1,-1,0,1,-6,-6,-15,-1,-5,sil
16.72523522377014,2,0,-8,-28,-15,-11,-12,1,-5,-14,1,-8,-9,-10,sil
16.74128794670105,1,-2,-2,-38,-14,-22,-20,-1,-12,-20,3,0,-8,-19,sil
16.74128794670105,5,0,1,-38,-3,-17,-21,-1,-10,-9,17,7,6,-7,sil
16.757006645202637,4,8,9,-9,5,-4,-18,0,-8,-3,17,8,4,0,sil
16.757006645202637,0,8,7,12,13,4,-7,0,-6,-1,13,4,0,-7,sil
16.773067712783813,-3,5,13,16,16,8,-1,0,-9,-2,19,5,0,-7,sil
16.773067712783813,-9,2,1,27,14,5,3,0,-6,-3,17,4,-2,3,sil
16.78833293914795,-10,-1,3,37,8,7,16,-3,5,8,11,1,-3,8,sil
16.78833293914795,0,-4,13,32,4,18,21,0,14,22,14,5,3,3,sil
16.80386972427368,0,-4,-3,25,3,15,15,3,18,24,7,7,8,6,sil
16.80386972427368,0,-3,1,17,-1,8,14,6,23,20,-7,10,8,20,sil
16.821223735809326,2,-4,-2,9,-8,8,16,0,26,18,-9,12,10,19,sil
16.821223735809326,0,-8,-11,-2,-8,0,16,-4,17,6,-17,2,6,-1,sil
16.83415460586548,0,1,-3,-7,-5,-10,9,0,2,-8,-24,0,2,-9,sil
16.83415460586548,11,13,-1,3,-9,-17,-4,-3,-10,-15,-8,10,4,0,sil
16.85004234313965,13,13,7,8,-8,-19,-21,-5,-19,-21,4,20,2,0,sil
16.85004234313965,10,11,8,3,2,-12,-19,0,-14,-18,6,16,4,-3,sil
16.86495876312256,9,14,8,4,6,-4,-14,2,-17,-15,7,2,0,-6,sil
16.86495876312256,2,10,10,6,0,0,-16,0,-27,-15,0,-13,-16,-12,sil
16.88049554824829,-8,0,-9,8,0,0,-6,-2,-14,-6,-6,-24,-18,-11,sil
16.88049554824829,-7,2,0,13,6,5,0,0,1,7,-7,-18,-8,0,sil
16.896400213241577,0,4,9,18,8,11,3,5,-3,16,-4,-4,-2,10,sil
16.896400213241577,1,-5,0,4,6,15,15,5,-4,16,-2,-1,0,18,sil
16.91190791130066,-7,-18,-4,-18,-3,11,19,0,3,7,-9,-10,-4,8,sil
16.91190791130066,-8,-18,-16,-28,-10,-1,1,-9,0,-6,-22,-16,-15,-6,sil
16.92884612083435,-2,-13,-11,-32,-5,-12,-13,-8,-3,-21,-23,-7,-15,-11,sil
16.92884612083435,-5,-10,-9,-38,-2,-15,-16,0,5,-19,0,1,0,-11,sil
16.943889617919922,-5,-1,-11,-28,-1,-11,-13,4,9,-2,21,2,13,-10,sil
16.943889617919922,3,12,3,-17,5,-2,-7,4,3,-3,17,4,11,-11,sil
16.959944248199463,7,10,5,-8,8,0,-4,0,5,-10,17,4,8,-5,sil
16.959944248199463,9,8,15,14,6,5,-1,0,5,-1,25,7,9,9,sil
16.975319623947144,11,9,14,29,8,14,8,10,8,16,23,11,14,15,sil
16.975319623947144,6,-4,-2,12,9,10,14,14,25,32,10,2,16,13,sil
16.991187572479248,0,-12,10,4,3,7,14,2,27,33,-3,-5,4,15,sil
16.991187572479248,0,-4,8,21,1,17,23,-10,12,20,-9,-2,-1,12,sil
17.006592750549316,5,0,-1,15,1,16,29,-7,9,13,-9,4,0,7,sil
17.006592750549316,0,-8,-11,-9,-7,0,13,0,12,18,-8,0,2,8,sil
17.022117614746094,-15,-14,-17,-20,-20,-19,-12,-2,0,5,-10,-3,0,2,sil
17.022117614746094,-17,-4,0,-19,-20,-22,-25,-5,-16,-18,-6,6,-3,-9,sil
17.0382297039032,-7,6,-4,-11,-9,-18,-23,-7,-29,-26,4,8,-5,-17,sil
17.0382297039032,-4,11,-5,1,-2,-19,-24,-7,-38,-24,6,3,-6,-20,sil
17.053906440734863,-10,11,0,17,5,-8,-19,-2,-33,-21,-2,0,-14,-20,sil
17.053906440734863,-11,10,-7,23,13,7,-4,1,-16,-14,-9,-9,-19,-16,sil
17.069261074066162,-2,4,7,17,7,11,11,6,0,0,-7,-13,-11,-8,sil
17.069261074066162,-1,-4,1,4,-6,9,19,2,6,7,-11,-14,-1,1,sil
17.085150241851807,-8,-10,-8,-10,-16,7,6,-6,1,1,-24,-18,-3,0,sil
17.085150241851807,-2,-9,-1,-22,-13,-3,-8,-5,-3,-8,-19,-6,0,-4,sil
17.10019874572754,12,-3,-1,-21,-1,-16,-2,0,-2,-14,6,10,5,0,sil
17.10019874572754,20,8,13,-4,3,-7,4,4,-4,-20,20,15,0,5,sil
17.11726665496826,20,17,16,7,5,7,5,6,0,-11,18,17,6,9,sil
17.11726665496826,17,10,8,-5,14,12,12,7,14,12,18,21,20,23,sil
17.131895303726196,14,5,10,-2,20,10,11,11,19,24,25,16,19,21,sil
17.14798927307129,9,5,0,33,13,8,-1,4,11,16,20,3,5,11,sil
17.14798927307129,-1,-1,1,35,3,12,0,-5,-2,4,-4,-4,-1,8,sil
17.14798927307129,-10,-12,-7,3,0,11,9,-5,0,9,-19,-16,-3,3,sil
17.16411566734314,-8,-10,-9,0,0,4,7,0,7,12,-17,-22,-7,-3,sil
17.16411566734314,-3,0,2,16,3,6,4,0,9,9,-13,-13,-5,-1,sil
17.17754054069519,-8,-1,-14,10,7,4,5,-5,10,6,-8,-5,1,0,sil
17.1932430267334,-11,-10,-7,-17,-1,-14,-12,-1,9,-5,-4,0,-1,-8,sil
17.1932430267334,2,-5,1,-22,-9,-22,-24,3,7,-9,11,12,6,-11,sil
17.210827589035034,18,4,1,-5,-5,-14,-13,1,5,5,26,28,21,1,sil
17.210827589035034,4,0,6,-8,-6,-15,-11,-3,-4,0,11,18,3,3,sil
17.210827589035034,-15,-5,-7,-19,-12,-24,-26,-8,-14,-20,0,-3,-19,-16,sil
17.226014852523804,-8,5,-5,-13,-13,-18,-29,-5,-17,-15,6,-4,-14,-24,sil
17.226014852523804,1,13,1,2,0,0,-6,-1,-21,-1,0,0,-9,-12,sil
17.239551544189453,0,5,6,16,14,21,18,1,-10,3,-17,-10,-17,-1,sil
17.254669427871704,-1,0,13,20,9,28,24,5,9,10,-17,-11,-9,5,sil
17.254669427871704,-1,0,-4,15,0,18,19,6,11,16,-5,-2,6,13,sil
17.270243644714355,-3,-2,-1,2,-2,17,25,5,4,14,-6,-7,8,13,sil
17.270243644714355,2,-3,4,-4,-2,23,37,1,15,15,-7,-11,11,11,sil
17.286231517791748,10,0,-5,0,-2,10,35,-2,28,17,3,-1,24,17,sil
17.286231517791748,12,2,5,-1,0,-5,12,5,20,6,11,6,24,17,sil
17.302489280700684,4,-5,-2,-17,0,-13,-14,4,0,-17,1,0,4,0,sil
17.302489280700684,-8,-10,-10,-30,-3,-22,-30,-10,-23,-32,-9,-1,-13,-18,sil
17.31815266609192,-10,-1,-7,-22,-6,-26,-32,-9,-26,-25,-5,4,-10,-19,sorry
17.31815266609192,-2,5,-6,-11,-4,-21,-30,0,-24,-21,4,5,-6,-13,sorry
17.333253145217896,-1,3,4,-11,3,-11,-22,2,-28,-26,7,1,-12,-12,sorry
17.333253145217896,-6,0,-3,-9,7,0,-8,0,-20,-13,8,-3,-11,-9,sorry
17.348867177963257,-9,-1,-1,0,1,6,-4,0,-13,-3,1,-4,-10,-8,sorry
17.348867177963257,-9,1,6,13,0,7,1,0,-15,-8,-10,-5,-17,-10,sorry
17.36395573616028,-3,-1,0,17,4,9,11,0,-7,3,-6,-5,-9,0,sorry
17.36395573616028,0,-2,7,15,10,16,11,7,4,29,2,0,7,15,sorry
17.379618406295776,-1,1,2,20,12,16,14,6,11,30,-3,0,5,11,sorry
17.379618406295776,8,4,3,25,2,11,25,-3,20,15,-7,0,-3,8,sorry
17.394860982894897,22,4,10,21,-7,11,23,-1,27,17,6,10,7,14,sorry
17.394860982894897,8,0,-5,10,-11,1,8,3,24,12,-6,1,10,6,sorry
17.41045355796814,-10,-8,-3,-3,-12,-11,-2,2,18,-4,-33,-15,-4,-6,sorry
17.41045355796814,-2,-8,0,-2,-7,-8,-4,-1,24,6,0,0,15,3,sorry
17.425867557525635,15,1,1,0,0,-6,-8,0,33,29,42,24,37,19,sorry
17.425867557525635,16,8,6,-4,-1,-17,-14,1,22,15,35,24,19,7,sorry
17.441308975219727,8,3,0,-4,-4,-21,-16,0,-2,-15,18,14,7,-1,sorry
17.441308975219727,4,5,8,-5,-1,-10,-21,-2,-24,-30,17,17,6,0,sorry
17.457365036010742,0,10,4,-4,2,-4,-17,-3,-18,-15,22,17,2,-1,sorry
17.457365036010742,5,12,4,9,8,1,-9,-3,-14,-2,17,8,1,0,sorry
17.473052263259888,8,12,12,19,18,17,-4,-2,-25,-10,-6,-2,-9,0,sorry
17.473052263259888,0,5,-6,9,22,23,7,-2,-14,-9,-20,-13,-21,-5,sorry
17.488197565078735,-7,-3,-4,0,10,17,23,3,3,2,-19,-16,-14,0,sorry
17.488197565078735,-5,-8,-3,0,0,9,23,4,0,0,-31,-21,-12,0,sorry
17.503936052322388,-9,-12,-15,-10,0,6,17,-2,-4,-1,-36,-30,-21,-6,sorry
17.503936052322388,-20,-18,-15,-27,-8,6,19,0,1,4,-26,-33,-17,0,sorry
17.52041792869568,-24,-24,-24,-33,-18,-1,15,0,4,0,-33,-34,-12,-2,sorry
17.52041792869568,-16,-17,-6,-30,-13,-13,6,0,8,-4,-29,-22,-9,-16,sorry
17.5353045463562,-7,-3,2,-22,-4,-11,0,1,7,1,10,1,2,-15,sorry
17.5353045463562,-10,-2,-10,-23,-10,-14,-18,0,-9,-2,18,5,5,-15,sorry
17.55081033706665,-13,-10,-5,-27,-19,-22,-32,-2,-17,-15,-4,-2,-3,-20,sorry
17.55081033706665,-1,-6,1,-15,-12,-13,-15,1,-7,0,16,13,5,-8,sorry
17.566812753677368,13,12,14,0,0,0,-6,4,-3,11,46,38,19,3,sorry
17.566812753677368,17,25,18,16,9,-1,-14,1,-9,-2,27,31,8,1,sorry
17.5822172164917,18,22,13,37,20,2,-5,1,-10,-3,10,15,0,8,sorry
17.5822172164917,20,21,23,48,22,13,12,3,0,12,26,24,16,21,sorry
17.59801483154297,16,18,6,45,12,11,10,1,10,13,26,20,19,20,sorry
17.59801483154297,7,6,5,33,9,7,-5,0,0,-3,-2,-3,0,10,sorry
17.612895488739014,-2,-5,5,18,6,10,-7,2,-6,-9,-16,-17,-10,0,sorry
17.612895488739014,-7,-10,-11,8,-4,11,7,1,3,-1,-19,-18,-8,2,sorry
17.62918257713318,-1,-5,0,7,-7,14,18,0,11,8,-23,-10,-3,7,sorry
17.62918257713318,2,-3,2,0,0,10,13,-1,16,19,-12,-2,5,9,sorry
17.643823862075806,2,-7,0,-8,-3,0,9,0,24,18,-4,0,11,14,sorry
17.643823862075806,5,-6,-1,0,-8,-5,13,2,21,7,-12,1,9,10,sorry
17.659921884536743,3,-2,-12,-1,-5,-7,9,1,13,-5,-13,2,3,0,sorry
17.659921884536743,0,-2,-8,-28,-7,-16,-5,-5,6,-11,-3,6,0,0,sorry
17.675588607788086,1,-3,-12,-28,-8,-20,-17,-5,-5,-5,7,6,4,0,sorry
17.675588607788086,0,1,-9,-5,-1,-15,-17,0,-9,-3,17,1,3,-4,sorry
17.6918842792511,-7,2,-2,-10,1,-8,-12,-2,-6,-14,16,1,-4,-13,sorry
17.6918842792511,-9,-2,-10,-27,-3,-12,-10,-6,-15,-22,6,1,-2,-19,sorry
17.708069324493408,-3,-1,4,-24,-4,-13,-12,0,-23,-19,2,-5,-2,-19,sorry
17.708069324493408,-6,3,6,-9,2,-1,-8,2,-13,-10,3,-11,-13,-12,sorry
17.723692655563354,-16,0,0,0,6,10,0,3,-2,0,0,-12,-12,-10,sorry
17.723692655563354,-17,-8,3,-8,2,14,11,9,2,15,2,-6,-1,-11,sorry
17.738888025283813,-9,-9,-2,-13,-2,13,15,4,5,21,6,-4,-2,-3,sorry
17.738888025283813,0,1,11,14,-1,14,1,0,-4,4,-10,-10,-18,0,sorry
17.754379510879517,5,7,10,34,4,17,0,2,-11,-6,-28,-14,-20,0,sorry
17.754379510879517,9,4,3,13,7,18,14,-1,-6,1,-18,-5,-7,8,sorry
17.769931077957153,4,0,4,2,4,13,14,-4,4,19,0,4,2,15,sorry
17.769931077957153,4,0,-4,20,3,0,4,0,17,18,0,7,7,13,sorry
17.786139011383057,18,11,9,27,5,-3,4,1,20,5,0,18,17,20,sorry
17.786139011383057,21,15,5,20,10,2,7,0,18,13,16,21,28,24,sorry
17.8011736869812,5,-1,-11,-2,5,-1,-2,0,14,17,9,3,13,5,sorry
17.8168466091156,-5,-7,-7,-18,-6,-17,-16,-3,1,-12,-18,-5,-8,-11,sorry
17.8168466091156,0,0,-11,-11,-9,-21,-16,-9,-7,-32,-14,3,-2,-6,sorry
17.8168466091156,6,1,2,-10,-3,-15,-11,0,-8,-21,9,11,7,-1,sorry
17.83397889137268,-2,-2,5,-12,-1,-13,-5,6,-10,-11,15,5,0,-8,sil
17.83397889137268,-13,1,-4,-2,-7,-6,1,0,-10,-5,16,2,-1,-6,sil
17.850162982940674,-6,7,8,-2,-10,0,-1,-2,-11,-7,21,5,3,-2,sil
17.850162982940674,-1,0,4,-2,-5,-5,-9,2,-14,-9,14,0,4,-8,sil
17.86525321006775,-9,-8,0,6,-3,-1,-7,6,-16,0,0,-8,0,-12,sil
17.86525321006775,-11,-6,-3,6,-2,13,0,1,-11,3,-4,-6,-8,-7,sil
17.880661010742188,0,-1,-6,2,8,10,6,-3,-6,0,-9,-7,-8,0,sil
17.880661010742188,13,0,6,7,11,6,17,0,-4,5,-10,-7,-3,4,sil
17.897359132766724,8,-7,-1,8,0,14,21,1,0,12,-10,-11,-3,4,sil
17.897359132766724,-6,-14,-4,-2,0,14,18,0,13,12,-15,-13,-4,9,sil
17.91201090812683,-8,-11,-3,-7,7,4,20,4,33,23,-5,-4,10,14,sil
17.913038730621338,-2,-5,-12,-11,1,0,12,3,37,25,2,0,13,9,sil
17.92885708808899,-3,-3,-5,-22,-4,-5,-5,-3,23,6,-10,-2,-4,0,sil
17.92885708808899,0,1,-8,-20,-2,-16,-15,-1,8,-7,-6,4,-5,-6,sil
17.9440279006958,4,9,-3,-10,-6,-21,-25,1,-7,-14,12,17,1,-9,sil
17.9440279006958,0,11,6,-5,-10,-15,-31,-3,-16,-20,13,12,0,-11,sil
17.95705485343933,5,16,9,6,-1,-6,-17,-4,-13,-21,4,8,0,-3,sil
17.973236083984375,15,21,23,22,8,4,-2,2,-15,-16,0,13,0,5,sil
17.973236083984375,3,11,6,21,13,13,3,3,-16,-3,0,2,0,7,sil
17.990795612335205,-4,4,4,17,11,15,12,-1,-6,7,2,-9,0,6,sil
17.990795612335205,0,0,8,17,2,10,12,0,-4,3,-2,-10,-5,2,sil
17.990795612335205,-8,-17,-11,2,-5,2,0,3,-9,0,-20,-17,-11,-3,sil
18.010862588882446,-15,-18,-2,-5,-7,4,2,0,0,4,-19,-11,-3,-3,sil
18.010862588882446,2,0,4,7,0,10,21,-1,21,16,2,7,8,6,sil
18.020931482315063,11,0,0,2,-3,2,16,0,26,18,9,6,6,10,sil
18.03712654113769,5,-8,-2,-14,-7,-14,-10,-3,22,13,1,2,1,6,sil
18.03712654113769,9,0,-9,-9,-4,-15,-19,-5,26,9,7,10,9,2,sil
18.05423712730408,15,8,7,-4,-5,-4,-13,0,16,1,21,15,12,0,sil
18.05423712730408,6,3,6,-1,0,-4,-3,4,1,0,24,12,8,-4,sil
18.05423712730408,-5,0,-7,0,11,-10,1,4,-10,-5,14,3,0,-10,sil
18.06728196144104,-7,3,0,-1,12,-1,-2,1,-27,-21,9,-3,-8,-12,sil
18.095863819122314,-1,8,0,5,11,11,-1,-3,-33,-23,3,-8,-11,-9,sil
18.095863819122314,-3,1,4,14,5,15,4,-3,-30,-16,-20,-14,-16,-8,sil
18.095863819122314,-16,-11,-9,2,-4,8,7,-4,-35,-18,-33,-21,-22,-15,sil
18.095863819122314,-16,-11,-17,-9,-2,1,9,-4,-20,-3,-15,-14,-11,-3,sil
18.11333632469177,-4,-5,-2,-6,-1,-1,8,1,9,24,1,-1,7,20,sil
18.11333632469177,-3,-11,-13,-16,-15,-10,-1,2,17,18,0,-1,9,12,sil
18.12904167175293,-6,-8,-6,-32,-16,-18,-12,1,12,-7,-2,2,5,-9,sil
18.12904167175293,0,8,7,-10,4,-3,-5,3,18,-2,9,15,17,-1,sil
18.143975496292114,1,7,7,15,9,8,4,0,7,7,5,5,12,6,sil
18.143975496292114,-9,-7,4,2,-3,4,3,-3,-14,-6,-20,-15,-16,-13,sil
18.159343957901,-9,-10,-6,0,-4,2,5,0,-10,-10,-31,-16,-21,-12,sil
18.159343957901,7,0,7,18,1,11,13,2,17,7,-14,-1,1,18,sil
18.1747624874115,12,2,11,10,0,7,12,3,31,14,8,7,18,20,sil
18.1747624874115,7,2,-3,-12,-5,-15,-6,3,11,0,15,16,14,5,sil
18.19067931175232,17,13,7,-12,-7,-24,-25,1,-11,-13,8,25,7,9,sil
18.19067931175232,23,15,7,0,-3,-11,-19,0,-7,-8,21,23,12,12,sil
18.206071376800537,11,8,7,0,4,2,-10,1,0,0,24,10,5,0,sil
18.206071376800537,0,6,5,11,14,8,0,0,2,0,-5,-6,-11,-11,sil
18.22130060195923,0,8,0,34,21,14,14,-1,6,9,-16,-12,-11,0,sil
18.22130060195923,2,4,8,35,12,17,19,-1,6,22,1,-2,0,13,sil
18.236879587173465,-4,-8,-10,2,-4,4,8,-3,7,20,8,-6,1,4,sil
18.236879587173465,-5,-13,-10,-20,-10,-7,-1,-4,5,6,7,-8,2,-8,sil
18.25226330757141,3,4,8,-7,3,-1,-6,-1,1,2,19,8,7,-3,sil
18.25226330757141,4,18,3,14,16,5,-9,0,-1,3,21,13,2,-3,sil
18.268357515335083,-7,3,0,11,11,3,-9,0,-9,-4,2,-5,-10,-14,sil
18.268357515335083,-27,-21,-16,-11,-1,4,0,-1,-14,-8,-14,-24,-13,-14,sil
18.28419303894043,-29,-28,-16,-31,-12,2,2,-2,-3,-5,-18,-24,-7,-4,sil
18.28419303894043,-3,-10,0,-24,-14,-9,-5,-3,3,-8,-11,-6,-6,-4,sil
18.299339532852173,13,3,0,-11,-16,-22,-13,-8,-6,-20,-5,2,-7,-7,sil
18.299339532852173,2,6,2,-11,-14,-11,-8,-1,-22,-33,-7,0,-10,-11,sil
18.31503176689148,-10,0,-4,-1,1,7,7,6,-22,-28,-11,-7,-14,-14,sil
18.31503176689148,-7,-1,1,12,12,15,23,1,-11,0,-18,-13,-9,0,sil
18.33061480522156,0,0,14,11,0,10,26,-1,1,21,-16,-1,8,19,sil
18.33061480522156,3,-5,-7,0,-12,-3,12,6,19,16,0,12,20,21,sil
18.346202611923218,5,-10,-6,-13,-9,-12,0,7,28,8,5,12,17,14,sil
18.346202611923218,12,-4,0,-15,-4,-2,0,0,25,16,15,13,22,15,sil
18.361852884292603,16,8,2,-2,0,1,0,1,15,15,30,22,23,11,sil
18.361852884292603,9,16,9,6,3,-10,-9,4,3,2,23,22,8,-2,sil
18.37932109832764,2,11,4,6,7,-11,-9,0,-6,-2,8,13,1,-3,sil
18.37932109832764,0,6,11,3,7,5,-8,0,-15,-7,4,6,-2,0,sil
18.394116163253784,-8,0,0,11,8,17,-1,1,-19,-4,-5,-8,-15,-8,sil
18.394116163253784,-12,-5,-13,21,8,16,12,0,-12,8,-22,-20,-18,-2,sil
18.40916538238525,-2,-9,0,12,1,8,12,0,6,12,-19,-12,-3,12,sil
18.40916538238525,2,-7,-2,-2,-4,-1,0,-3,13,4,-9,-3,3,5,sil
18.42525339126587,1,0,0,-6,-5,-13,-13,-9,0,-5,-6,-5,-4,-11,sil
18.44187903404236,4,6,-1,-3,-4,-20,-22,-7,-14,-20,0,-7,-10,-15,sil
18.44187903404236,7,11,-1,5,1,-10,-23,0,-16,-26,4,1,-9,-11,sil
18.44187903404236,7,19,16,23,14,2,-14,1,-12,-16,11,11,-7,-8,sil
18.45645570755005,5,15,8,28,15,1,-5,0,-8,-2,17,5,-3,-2,sil
18.45645570755005,0,0,3,17,7,7,3,0,-5,4,2,-12,-5,-2,sil
18.47206330299377,-7,-5,-3,9,5,19,22,2,1,16,-17,-19,-5,0,sil
18.47206330299377,-6,-6,-13,0,0,12,31,1,15,17,-15,-8,4,9,sil
18.487292528152462,-7,-10,-5,-21,-10,0,18,3,22,4,1,6,17,12,sil
18.487292528152462,-10,-17,-7,-34,-14,-4,0,1,28,10,12,8,22,5,sil
18.50387287139893,-1,-15,0,-36,-13,-12,-6,-1,26,13,3,0,15,0,sil
18.50387287139893,0,-10,-4,-40,-16,-12,-3,-4,7,-12,-10,-12,-3,-12,sil
18.519041299819943,-9,-5,-14,-38,-13,-12,-9,-2,-13,-31,-4,-12,-12,-19,sil
18.519041299819943,0,8,6,-17,2,-9,-12,7,-13,-4,20,8,0,-5,sil
18.534475564956665,9,14,6,8,15,3,0,6,0,22,30,15,5,8,sil
18.534475564956665,-2,5,2,14,7,14,7,-1,-5,7,7,0,-5,6,sil
18.55015516281128,-9,1,3,17,7,16,4,2,-8,-1,-9,-6,-8,4,sil
18.55015516281128,-1,0,-2,23,15,21,10,6,4,14,-3,1,-1,12,sil
18.56430387496948,-8,-14,0,4,-1,18,13,1,4,16,-9,10,5,15,sil
18.56430387496948,-14,-19,-11,-14,-23,-4,4,-1,-2,2,-24,3,9,10,sil
18.579941987991333,2,-4,-2,-2,-15,-17,-2,0,8,0,-16,1,6,5,sil
18.596958875656128,21,11,18,17,1,-9,-3,-2,6,0,5,13,0,0,sil
18.596958875656128,27,17,8,16,5,-11,-7,-9,-16,-5,16,24,2,-3,sil
18.596958875656128,25,21,8,12,9,-13,-11,-7,-18,-15,15,20,5,-4,sil
18.61363697052002,10,18,1,16,14,-5,-8,0,-2,-23,11,1,0,-11,sil
18.630624532699585,-5,8,-4,12,3,-9,-15,-3,-9,-22,2,-18,-13,-22,sil
18.630624532699585,-3,0,6,6,-11,-11,-18,-5,-25,-10,-3,-12,-20,-13,sil
18.64425826072693,-1,-5,3,9,-6,3,7,5,-16,1,-7,0,-9,4,sil
18.64425826072693,-8,-7,4,4,3,20,32,13,3,7,-14,-7,-1,8,sil
18.64425826072693,-12,-10,-7,0,0,18,24,2,14,16,-14,-22,-1,6,sil
18.65928077697754,-10,-15,-12,-1,-5,7,0,-6,7,14,-18,-27,-7,-1,sil
18.676254749298096,-14,-17,-3,-16,-4,1,-9,-3,0,-3,-25,-22,-13,-14,sil
18.676254749298096,-12,-11,-13,-28,0,-3,-7,-2,8,-10,-10,-9,-1,-7,sil
18.676254749298096,6,1,-2,-16,-4,-10,-9,0,25,3,16,15,24,17,sil
18.689353466033936,24,11,4,-1,-6,-11,-11,1,27,15,27,33,30,23,sil
18.70694255828857,15,11,-2,-8,-5,-13,-14,-1,0,-2,15,20,7,0,sil
18.70694255828857,-3,7,-1,-14,-1,-15,-24,-1,-24,-21,6,-1,-7,-18,sil
18.70694255828857,-3,5,-1,3,11,-3,-17,2,-12,-4,19,1,6,-7,sil
18.720441102981567,4,14,19,25,24,14,9,3,11,16,23,16,19,11,sil
18.73642635345459,3,22,14,31,28,19,26,3,9,6,3,8,4,12,sil
18.73642635345459,-2,8,-6,21,24,20,28,0,-2,-1,-10,-7,-14,4,sil
18.75204372406006,-6,-3,3,14,13,26,30,0,7,8,-7,-9,-10,-1,sil
18.75204372406006,-10,-4,-1,4,-1,15,25,1,32,21,-5,-12,0,-4,sil
18.76784014701844,-16,-18,-7,-19,-17,-3,9,4,24,16,-15,-22,-7,-6,sil
18.76784014701844,-16,-30,-9,-33,-24,-7,1,0,-9,5,-18,-17,-16,-11,sil
18.783823251724243,-4,-18,-10,-24,-12,-1,-2,-3,-21,0,-7,1,-3,-3,sil
18.783823251724243,0,-7,1,-21,-1,-5,-17,0,-21,-5,1,13,3,2,sil
18.79884672164917,-4,-13,-7,-15,-9,-18,-26,-3,-24,-16,0,3,-3,-5,sil
18.79884672164917,1,-4,0,-5,-16,-17,-17,-1,-14,-18,-5,0,-7,-7,sil
18.814343690872192,17,8,11,-5,-9,-4,-7,1,4,-6,2,12,3,2,sil
18.814343690872192,20,6,0,-1,-8,-5,-8,-5,6,0,22,18,17,8,sil
18.829933166503903,14,11,6,12,-11,-13,-8,-5,-4,-3,21,14,15,4,sil
18.829933166503903,12,18,3,10,-4,-14,-2,4,-14,-12,1,5,0,0,sil
18.84507155418396,11,11,5,-2,2,-7,0,2,-24,-25,-4,1,-9,1,sil
18.84507155418396,6,7,6,4,7,-3,0,-1,-17,-18,7,4,-3,4,sil
18.860697269439697,0,9,-5,22,11,0,3,0,2,3,11,1,0,2,sil
18.860697269439697,-10,0,0,15,8,8,3,1,5,8,-6,-13,-5,-3,sil
18.87636685371399,-24,-10,-8,0,1,13,0,0,-8,-1,-27,-25,-10,-7,sil
18.87636685371399,-19,-5,-4,5,3,12,0,0,-7,0,-26,-22,-6,-3,sil
18.8922131061554,-6,1,9,17,14,16,11,2,11,15,-13,-12,0,0,sil
18.8922131061554,-2,-4,-5,10,13,16,15,0,22,29,-10,-9,0,5,sil
18.90743899345398,1,-5,-5,2,0,11,8,0,16,26,-10,-5,0,11,sil
18.90743899345398,5,-1,-3,0,-2,8,10,3,21,17,0,3,7,13,sil
18.923161268234253,2,-4,-4,-9,7,3,14,1,34,13,7,4,12,9,sil
18.923161268234253,0,-3,-1,-8,9,1,6,-1,36,9,6,1,9,0,sil
18.93914365768433,-1,1,-5,0,0,-4,-5,0,26,4,12,6,9,-3,sil
18.93914365768433,4,6,9,1,-3,-15,-12,0,11,-4,24,20,10,0,sil
18.95410919189453,10,9,5,2,2,-13,-9,-1,2,-2,30,26,9,0,sil
18.95410919189453,6,9,2,-6,0,-8,-13,-2,-9,-6,16,16,0,-7,sil
18.969741344451904,3,5,8,-19,-8,-14,-21,-2,-22,-23,2,8,-8,-12,sil
18.969741344451904,8,0,0,-6,-6,-15,-10,-8,-22,-26,2,6,-5,-10,sil
18.98481059074402,-1,-1,3,0,-4,-5,-2,-5,-25,-18,-2,0,-7,-16,sil
18.98481059074402,-18,-5,-5,-10,-9,-1,-9,3,-36,-21,-7,-13,-14,-27,sil
19.00083351135254,-13,-5,-10,-3,-10,3,-2,1,-32,-18,-7,-20,-13,-16,sil
19.00083351135254,3,0,11,15,-1,16,21,0,-12,3,-9,-7,-5,9,sil
19.01625967025757,9,0,6,17,5,17,24,3,-1,16,-4,5,6,27,sil
19.01625967025757,3,-4,4,4,0,12,5,5,-6,10,2,6,7,28,sil
19.032283782958984,0,-8,1,1,0,11,2,3,-6,5,2,3,0,20,sil
19.032283782958984,4,-1,-1,8,3,2,9,4,3,7,-2,1,0,6,sil
19.047892570495605,3,4,6,4,0,-7,0,1,5,4,-14,-6,-3,-1,sil
19.047892570495605,-6,-8,-9,-18,-10,-11,-12,-9,1,-3,-19,-10,-6,-2,sil
19.06323528289795,-11,-20,-12,-34,-13,-8,-12,-7,7,-2,-10,-6,1,-3,sil
19.06323528289795,-4,-11,-7,-26,-8,-4,-7,2,19,9,0,-5,10,-4,sil
19.0792977809906,0,1,-8,-11,-2,-9,-5,4,20,10,8,-4,4,-2,sil
19.0792977809906,0,9,6,-5,0,-10,-9,3,14,0,17,4,1,-10,sil
19.094950437545776,6,15,3,2,7,-3,-9,1,12,0,18,6,7,-9,sil
19.094950437545776,8,17,6,14,12,-2,-5,-1,-6,-3,10,4,2,0,sil
19.110971450805664,1,8,1,15,14,-1,0,-1,-18,-14,-3,-1,-10,-2,sil
19.110971450805664,-5,1,-11,13,16,13,13,5,-1,-2,-24,-23,-13,-3,sil
19.12511968612671,-5,5,-1,21,13,20,20,7,5,13,-27,-32,-8,0,sil
19.12511968612671,-13,-2,-8,18,2,10,15,-2,-3,7,-18,-22,-9,-6,sil
19.142159461975098,-23,-17,-9,-11,-4,2,5,-8,-5,-7,-23,-17,-15,-13,sil
19.142159461975098,-15,-13,-4,-22,-5,5,10,-2,3,-3,-19,-8,-8,0,sil
19.157809495925903,3,-1,-6,0,0,6,21,4,17,13,5,13,11,18,sil
19.172338485717773,15,4,13,20,5,6,19,6,33,21,21,32,24,24,sil
19.172338485717773,23,10,14,23,2,0,4,1,33,12,30,38,26,13,sil
19.172338485717773,29,14,14,10,-6,-9,-8,0,15,1,38,46,33,12,sil
19.187805652618408,22,8,17,-2,-6,-11,-12,-3,-1,1,42,47,32,22,sil
19.204375743865967,6,-2,0,-7,-6,-19,-17,-10,-12,-6,27,27,7,7,sil
19.204375743865967,-3,-7,-1,-15,-17,-24,-30,-5,-22,-29,4,3,-10,-18,sil
19.204375743865967,-5,-2,0,-18,-15,-15,-27,1,-28,-32,0,-7,-9,-19,sil
19.21923470497132,0,8,5,-1,-2,-5,-13,-2,-30,-14,6,-5,-18,-10,sil
19.21923470497132,1,13,8,15,5,5,-8,-5,-28,-8,1,-7,-24,-9,sil
19.23479914665222,-10,-1,-6,13,14,19,-3,0,-14,-7,-16,-29,-15,-10,sorry
19.23479914665222,-20,-16,0,2,16,23,8,6,-3,5,-30,-40,-17,-11,sorry
19.25229454040528,-17,-14,-5,0,5,16,10,4,-7,17,-26,-30,-20,-8,sorry
19.26482105255127,-17,-11,-19,-6,-1,12,0,-4,-15,11,-30,-29,-16,-4,sorry
19.26482105255127,-17,-17,-14,-21,-4,9,4,0,2,13,-36,-26,-7,-5,sorry
19.280348539352417,0,-13,-6,-20,-11,-2,15,9,31,34,-10,-2,6,5,sorry
19.280348539352417,16,5,6,-7,-7,-10,4,2,23,24,10,14,6,11,sorry
19.295923709869385,8,7,-7,-5,1,-9,-4,-3,2,0,0,4,-1,-1,sorry
19.295923709869385,4,-1,-6,-20,-5,-12,3,0,1,6,0,9,4,-3,sorry
19.311269521713257,15,8,25,-18,-9,-12,8,0,4,-17,11,29,16,12,sorry
19.311269521713257,17,19,16,10,9,-4,0,0,0,-80,18,23,24,19,sorry
19.327189445495605,15,13,8,23,20,3,-2,0,5,-46,31,18,29,14,sorry
19.327189445495605,10,7,2,11,11,3,3,1,14,48,32,21,16,6,sorry
19.342702865600582,-5,3,-10,6,4,0,3,1,7,44,0,-1,-11,0,sorry
19.342702865600582,-13,-4,-8,14,5,6,3,2,-9,-18,-19,-21,-23,-4,sorry
19.35860657691956,-13,-14,-11,14,0,7,5,-6,-25,-20,-19,-19,-21,-12,sorry
19.35860657691956,-18,-13,-3,8,-10,0,-1,-5,-24,12,-26,-23,-22,-17,sorry
19.374468088150024,-14,-6,-6,1,-13,-1,0,2,4,14,-18,-20,-7,-5,sorry
19.374468088150024,3,-2,-10,-10,-12,-2,6,0,26,-10,3,4,21,8,sorry
19.390225410461422,10,1,6,-14,-15,-9,-7,-5,7,-16,10,19,23,2,sorry
19.390225410461422,0,7,0,-1,-10,-9,-21,-2,-3,6,13,11,8,-9,sorry
19.40613079071045,-1,16,5,13,1,0,-16,2,0,9,23,12,5,-7,sorry
19.40613079071045,10,22,17,28,10,10,-3,7,0,9,25,20,11,1,sorry
19.42210078239441,12,18,11,38,14,12,9,3,0,17,13,8,5,9,sorry
19.42210078239441,0,0,8,15,13,8,15,0,3,3,-7,-8,-5,10,sorry
19.43755316734314,-5,-16,-8,-17,3,5,14,0,11,4,-16,-13,-8,7,sorry
19.43755316734314,0,-14,-9,-28,-3,3,12,3,16,6,-14,-6,-5,7,sorry
19.45294427871704,2,-6,-7,-26,5,-1,10,1,9,-22,-12,-4,0,4,sorry
19.45294427871704,2,-6,-12,-28,8,-7,2,1,0,-15,-2,-2,1,0,sorry
19.46806573867798,-3,-8,1,-32,-7,-8,-7,2,-7,19,9,3,-6,-10,sorry
19.46806573867798,-16,-13,0,-28,-10,-8,-16,-1,-19,6,9,-1,-16,-22,sorry
19.484193325042725,-14,-13,0,-9,5,-4,-17,-7,-21,-21,-3,-10,-14,-22,sorry
19.484193325042725,4,-1,9,24,14,4,-3,-5,-5,-1,-9,-3,-10,-2,sorry
19.49960565567017,10,0,0,29,6,8,10,0,5,28,-3,2,-1,18,sorry
19.49960565567017,0,-7,0,-1,-3,4,6,1,8,14,-2,0,6,13,sorry
19.514933824539185,-5,-10,-7,-13,-9,-2,-5,-1,8,-9,-10,-5,2,0,sorry
19.514933824539185,-2,-5,-10,-8,-11,-10,-12,-3,1,-5,-10,-1,2,0,sorry
19.530083656311035,0,4,0,-13,-12,-15,-17,-2,-8,-2,2,6,9,-1,sorry
19.530083656311035,3,17,-1,0,-7,-10,-15,-4,-14,-19,11,2,2,-11,sorry
19.5462064743042,12,30,9,25,3,1,-1,-2,-12,-19,12,-1,-2,-8,sorry
19.5462064743042,21,30,13,33,12,6,13,3,0,-4,17,12,6,6,sorry
19.56227207183838,18,19,19,29,11,2,6,3,-2,-9,16,21,6,12,sorry
19.56227207183838,8,11,18,20,0,0,-9,0,-20,-16,2,4,-2,4,sorry
19.577635288238525,-3,4,-3,15,-8,0,-1,0,-18,-9,-11,-13,-5,-2,sorry
19.577635288238525,-9,-2,0,13,-6,10,14,1,-8,-4,-26,-14,-11,-2,sorry
19.593331336975098,-17,-15,-9,2,-9,13,14,2,-1,6,-26,-11,-10,3,sorry
19.593331336975098,-20,-22,-18,-17,-17,4,6,4,10,18,-8,-2,1,11,sorry
19.609243631362915,-8,-13,1,-14,-8,6,7,0,24,19,0,8,10,13,sorry
19.609243631362915,2,-10,-4,-5,4,2,6,-5,27,16,-1,6,15,12,sorry
19.624862909317017,0,-18,-7,-17,0,-8,1,0,20,17,2,4,15,1,sorry
19.624862909317017,0,-12,-5,-19,-1,-5,4,5,21,21,18,7,12,-3,sorry
19.63993501663208,13,2,-4,-8,13,-3,0,1,20,13,21,7,15,3,sorry
19.63993501663208,6,3,1,-18,16,-8,-13,1,3,0,11,0,8,-3,sorry
19.65506911277771,-13,-7,-13,-32,2,-4,-13,-1,-8,-6,4,-8,-10,-21,sorry
19.65506911277771,-8,-1,-5,-18,4,4,0,-2,-2,-8,10,0,-10,-15,sorry
19.671170234680176,8,20,8,12,23,6,2,1,4,-3,18,16,5,-2,sorry
19.671170234680176,7,22,9,24,21,1,-3,0,-6,0,13,3,-1,-10,sorry
19.68689012527465,-7,2,10,9,3,0,-4,-4,-23,-14,0,-12,-18,-12,sorry
19.68689012527465,-11,-4,-4,6,0,2,7,-3,-12,-24,-7,-13,-15,0,sorry
19.7023344039917,0,7,4,24,7,10,18,0,7,-3,-16,-13,-14,3,sorry
19.7023344039917,3,5,5,29,3,9,16,2,-2,12,-27,-17,-21,0,sorry
19.718413829803467,-10,-15,-11,2,-14,-3,4,0,-30,-10,-32,-21,-19,-1,sorry
19.718413829803467,-16,-22,-5,-22,-31,-9,-6,-1,-20,-31,-30,-15,-11,-1,sorry
19.734228372573853,0,-9,-3,-11,-20,-4,0,0,15,0,-16,-1,2,2,sil
19.734228372573853,16,3,5,2,-1,1,10,0,28,30,0,13,17,13,sil
19.74885892868042,17,6,9,-1,-7,-2,-3,0,22,15,10,16,21,15,sil
19.74885892868042,8,1,-2,-9,-20,-16,-33,-4,4,-4,11,10,13,5,sil
19.76485514640808,7,5,7,-9,-11,-23,-42,-8,-19,-3,13,11,4,-2,sil
19.76485514640808,9,14,6,-5,3,-19,-29,-3,-19,0,29,22,5,0,sil
19.77985191345215,6,9,6,-5,1,-9,-19,6,-9,-4,31,26,13,1,sil
19.77985191345215,4,3,7,0,3,5,-6,9,-13,-5,15,13,10,4,sil
19.795040130615234,4,7,-1,12,17,17,8,6,-9,-1,7,2,2,7,sil
19.795040130615234,0,4,6,20,20,24,17,3,0,0,4,1,4,8,sil
19.81216549873352,-12,-8,-6,8,10,19,26,0,-1,4,-4,-10,0,2,sil
19.81216549873352,-26,-16,-15,-1,0,4,21,-3,-5,-2,-26,-30,-17,-10,sil
19.827266931533813,-18,-10,-4,5,-3,5,12,-3,1,-5,-38,-30,-21,-16,sil
19.827266931533813,0,-4,-6,8,-5,11,17,-6,15,11,-17,-16,-4,1,sil
19.84325861930847,4,-7,-1,-14,-11,0,18,-2,19,15,3,-3,1,8,sil
19.84325861930847,0,-8,-6,-18,-9,-7,9,2,18,3,3,4,1,-6,sil
19.85880136489868,6,3,-3,0,0,0,4,4,24,5,0,11,8,-8,sil
19.85880136489868,17,16,12,4,6,0,-1,1,28,8,13,18,15,2,sil
19.87591314315796,19,20,7,8,18,0,-3,0,16,2,33,24,18,7,sil
19.87591314315796,12,20,11,24,29,5,1,2,-1,-2,26,19,9,8,sil
19.89100170135498,-2,5,1,18,17,2,0,0,-20,-8,0,-6,-11,0,sil
19.89100170135498,-15,-11,-6,0,-3,-3,-7,-5,-35,-16,-15,-25,-23,-12,sil
19.90607571601868,-16,-16,-3,-4,-9,4,0,-1,-30,-14,-23,-18,-21,-10,sil
19.90607571601868,-16,-20,-21,-7,-10,4,10,0,-10,0,-27,-12,-15,0,sil
19.92209768295288,-15,-20,-11,-18,-15,-6,0,0,1,12,-17,-9,-2,8,sil
19.92209768295288,-10,-15,0,-21,-11,-13,-17,3,14,15,-1,1,10,7,sil
19.93785548210144,-6,-11,-9,-22,-6,-13,-31,0,12,0,-2,7,5,-2,sil
19.93785548210144,-6,-2,-6,-20,-9,-12,-33,-5,-7,-11,-3,-2,-5,-18,sil
19.95298290252685,-1,5,-2,-12,-14,-12,-20,-3,-10,-10,6,-6,0,-17,sil
19.95298290252685,8,6,13,-10,-12,-13,-7,-1,0,-12,13,5,0,-6,sil
19.96846079826355,13,9,11,-5,-6,-10,0,-2,-9,-16,13,14,-4,-3,sil
19.986263751983643,9,16,0,3,-4,-7,0,0,-21,-16,11,4,-4,-5,sil
19.986263751983643,8,22,18,14,2,1,1,6,-2,-4,9,3,0,-3,sil
19.986263751983643,17,19,15,31,20,18,12,9,23,24,15,13,11,12,sil
20.0003023147583,19,15,10,38,26,21,17,7,22,33,19,15,21,25,sil
20.0003023147583,8,10,7,26,15,11,10,2,11,15,11,6,17,22,sil
20.017221927642822,0,0,-1,10,8,12,13,1,14,9,-1,-7,0,16,sil
20.017221927642822,-1,-8,0,0,4,18,22,4,10,14,-12,-16,-14,9,sil
20.032273769378666,-9,-14,-9,0,0,5,17,0,-3,3,-18,-12,-13,0,sil
20.04794645309448,-4,-12,-3,1,-4,-2,6,-8,-10,-8,-20,-1,-7,-7,sil
20.04794645309448,0,-6,-4,-2,-1,5,0,-7,-3,-5,-18,-3,-1,-3,sil
20.04794645309448,-2,-6,-16,-11,2,5,1,-1,2,-1,-14,-10,7,3,sil
20.06306314468384,-3,-2,1,-16,-3,-3,1,0,2,-7,-9,1,11,4,sil
20.06306314468384,0,0,0,-13,-10,-16,-5,-2,0,-11,-1,10,5,-6,sil
20.07620000839233,1,-1,-2,-7,-5,-23,-11,0,-3,-12,11,10,3,-11,sil
20.101065158844,2,6,2,1,2,-10,-4,6,2,-5,28,14,11,-6,sil
20.101065158844,-6,5,-5,5,1,3,-1,1,-2,0,20,3,6,-5,sil
20.101065158844,-12,-7,-2,4,-2,6,-3,-1,-20,-1,-5,-12,-8,-5,sil
20.11008906364441,0,-8,-2,5,0,11,1,0,-17,6,-5,-7,0,8,sil
20.11008906364441,6,-1,1,-2,0,4,1,-5,-6,15,0,0,11,13,sil
20.12539339065552,0,-3,3,-13,-6,-11,-11,-7,-8,-1,-6,0,-3,-2,sil
20.12539339065552,-6,-2,-12,-10,-9,-18,-21,-1,-1,-19,2,2,-12,-12,sil
20.140279054641724,-4,6,0,-4,-3,-11,-26,4,7,-14,22,6,-2,-11,sil
20.15893602371216,0,8,7,0,4,-4,-19,4,2,-1,10,1,-6,-9,sil
20.15893602371216,0,4,5,4,9,5,0,1,0,-1,-20,-8,-25,-2,sil
20.15893602371216,-1,1,6,8,8,23,22,0,1,-2,-27,-10,-26,7,sil
20.171025037765503,0,-2,-6,9,9,27,40,-2,4,9,-10,-4,-1,10,sil
20.186240673065186,-2,-8,0,1,4,11,36,-2,5,18,-9,-4,6,2,sil
20.186240673065186,-12,-15,-5,-12,-11,-7,2,-2,2,9,-17,-19,-10,-11,sil
20.20215129852295,-18,-13,-15,-24,-21,-15,-24,-3,0,-4,-11,-20,-10,-19,sil
20.20215129852295,-4,0,-1,-16,-8,-13,-21,3,16,0,9,9,14,-12,sil
20.21692419052124,16,12,7,8,4,-12,-14,8,32,10,30,28,23,5,sil
20.21692419052124,18,19,16,15,4,-10,-16,4,11,0,24,15,5,13,sil
20.232914924621586,0,14,7,12,4,-3,-3,0,-8,-4,3,-6,0,1,sil
20.232914924621586,0,3,0,18,6,7,12,3,1,9,0,-12,3,-1,sil
20.24850606918335,8,2,4,19,6,17,18,7,9,15,4,0,8,9,sil
20.24850606918335,9,0,-9,7,2,11,24,0,3,12,0,7,11,22,sil
20.26459312438965,3,-15,-7,-13,-13,-5,14,-7,-2,2,-12,0,0,19,sil
20.26459312438965,1,-16,-2,-29,-22,-15,-10,-2,-14,-15,-12,0,-12,0,sil
20.28006148338318,17,6,4,-7,0,-15,-23,0,-22,-20,6,15,-2,-4,sil
20.28006148338318,32,24,21,25,19,-4,-20,-3,-17,-8,25,27,16,5,sil
20.29597496986389,9,12,5,14,10,10,-9,-6,-17,-9,14,10,14,0,sil
20.29597496986389,-15,0,1,-6,4,18,4,0,-26,-20,-3,-8,-5,-10,sil
20.31091284751892,-7,5,7,9,15,22,17,4,-16,-8,0,-1,-6,3,sil
20.31091284751892,-1,2,-4,22,19,20,23,7,6,15,2,6,8,14,sil
20.326263904571533,-10,-8,-2,5,6,11,22,7,17,19,-6,0,7,3,sil
20.326263904571533,-10,-13,-8,-6,-2,-1,12,-1,20,13,-6,-10,0,0,sil
20.34236168861389,-8,-9,-6,-13,-7,-8,0,-7,20,8,-5,-9,1,0,sil
20.34236168861389,-15,-13,-11,-19,-10,-10,-4,-3,17,1,-14,-10,-1,-13,sil
20.35843253135681,-19,-18,-23,-23,-13,-12,-15,-5,4,-13,-17,-16,-10,-23,sil
20.35843253135681,-8,-5,0,-19,-14,-15,-26,-5,-5,-22,-2,-4,-8,-21,sil
20.37332797050476,0,3,4,-13,-10,-22,-21,0,3,-6,12,7,1,-14,sil
20.37332797050476,0,-2,0,-22,-9,-25,-15,2,1,0,7,1,0,-6,sil
20.388861894607544,-7,1,5,-8,-8,-14,-12,1,-30,-17,-6,-7,-13,-8,sil
20.388861894607544,-9,12,0,34,0,5,0,0,-45,-20,-10,-8,-20,-8,sil
20.40402317047119,-4,7,6,36,13,24,20,2,-13,2,-5,-8,-13,0,sil
20.40402317047119,0,-2,0,5,13,30,30,3,18,17,-3,-11,-1,8,sil
20.420046091079712,7,-2,-1,5,5,22,23,3,22,22,-7,-5,0,17,sil
20.420046091079712,16,4,5,16,3,11,8,0,19,29,-3,5,4,26,sil
20.4352605342865,14,6,-2,7,4,0,0,-5,24,25,4,3,15,15,sil
20.4352605342865,3,-2,4,-6,-3,-11,-10,-7,20,3,0,0,7,-3,sil
20.45318579673767,7,-5,0,-11,-8,-14,-16,-2,11,-1,5,13,0,0,sil
20.45318579673767,19,8,1,-3,-3,-19,-19,2,1,4,28,31,9,10,sil
20.46684145927429,16,15,13,5,2,-18,-22,2,-4,0,28,22,8,0,sil
20.46684145927429,2,0,-1,-4,1,-8,-17,0,-7,-7,10,2,-14,-7,sil
20.48237442970276,-6,-5,-1,-17,-1,1,-5,0,-21,-19,6,0,-23,-5,sil
20.48237442970276,-7,1,0,-4,0,4,7,3,-31,-28,0,0,-10,-8,sil
20.49789452552796,-3,8,3,11,6,15,24,6,-23,-12,-11,-6,-24,-2,sil
20.49789452552796,-3,3,4,10,8,23,27,1,-11,5,-7,-3,-23,9,sil
20.51396656036377,-7,-8,-14,0,-1,12,14,-5,1,4,-4,-4,50,10,sil
20.51396656036377,-8,-11,-4,-8,-9,1,5,0,16,3,-22,-12,84,2,sil
20.5300030708313,-7,-7,-2,-9,0,2,10,3,21,12,-20,-12,23,3,sil
20.5300030708313,-4,-4,-11,-10,4,0,12,-3,21,11,0,-4,-10,6,sil
20.54516863822937,-1,-1,-3,-7,-5,-1,3,-2,22,0,6,0,5,0,sil
20.54516863822937,0,2,-4,-5,-7,-6,-11,0,15,-2,7,-1,0,-15,sil
20.56119537353516,3,6,7,-3,3,-14,-21,-4,-1,-5,11,0,-17,-18,sil
20.56119537353516,0,10,12,9,8,-10,-17,-3,-21,-20,2,-1,-18,-14,sil
20.577348232269287,-5,1,3,22,2,1,-4,0,-31,-18,-4,-6,-18,-7,sil
20.577348232269287,0,-5,10,20,0,10,4,2,-22,6,-5,-5,-12,6,sil
20.5918550491333,0,-6,-3,10,5,7,5,0,0,17,-13,-5,-3,13,sil
20.59292674064636,-4,-12,-11,-4,0,-3,1,0,4,0,-15,-2,-2,7,sil
20.607943773269653,8,-11,0,-10,-16,-13,0,2,3,-9,0,14,0,9,sil
20.607943773269653,20,1,5,-2,-14,-12,-12,1,0,-13,14,27,1,9,sil
20.62321615219116,12,11,8,-2,0,-3,-25,-2,-14,-17,17,23,-1,-6,sil
20.62321615219116,0,9,-2,1,5,-1,-15,-1,-14,-9,23,11,0,-14,sil
20.639153718948364,0,12,5,15,4,0,0,3,-2,0,20,9,-1,-3,sil
20.639153718948364,1,13,10,19,11,10,2,4,0,15,9,10,0,4,sil
20.65458106994629,-2,0,-3,8,10,12,7,2,0,28,-5,-9,2,4,sil
20.671231508255005,-16,-15,-5,-11,-3,6,11,3,12,20,-22,-27,-2,-1,sil
20.671231508255005,-17,-19,-18,-24,-11,0,9,0,29,11,-19,-21,0,-3,sil
20.671231508255005,3,-5,-6,-16,-8,-5,4,-2,27,9,0,-1,14,6,sil
20.68624448776245,20,13,8,1,0,-2,5,1,14,2,12,9,16,10,sil
20.68624448776245,14,17,-2,3,8,1,6,0,2,-1,2,5,0,0,sil
20.70233964920044,-2,7,9,0,7,0,3,-6,-11,0,-10,-5,-10,-9,sil
20.70233964920044,-15,0,4,7,10,3,11,-8,-15,-4,-10,-14,-10,-4,sil
20.71766757965088,-20,-9,-14,4,15,15,16,-5,-10,-10,-22,-24,-20,0,sil
20.71766757965088,-26,-21,-18,-19,0,13,8,0,-8,-7,-44,-38,-29,-6,sil
20.73280882835388,-24,-25,-14,-32,-11,0,6,3,3,5,-31,-30,-6,-2,sil
20.733196020126343,-3,-13,2,-25,-7,-4,9,3,20,14,0,0,21,10,sil
20.748900651931763,10,1,0,-10,-5,-2,6,0,21,9,17,16,21,11,sil
20.748900651931763,11,6,4,0,-8,-6,-1,6,11,0,24,19,16,4,sil
20.763999700546265,14,3,12,-1,-10,-13,-14,5,1,-9,26,24,20,0,sil
20.78109169006348,14,3,-1,1,-11,-16,-26,-3,-2,-14,21,20,14,-6,sil
20.78109169006348,17,18,13,16,-6,-13,-26,-2,-1,-9,17,24,0,-8,sil
20.78109169006348,23,23,15,24,-2,-7,-20,-1,-4,4,26,32,2,0,sil
20.795888662338257,16,11,3,16,-4,-2,-19,-4,-15,2,28,22,4,6,sil
20.795888662338257,7,12,12,14,1,-4,-12,-1,-22,-17,15,7,-4,0,sil
20.81206679344177,4,12,7,15,7,-4,-5,-2,-22,-26,0,0,-13,-11,sil
20.81206679344177,-4,-2,7,3,3,5,-3,-2,-19,-18,-5,-5,-14,-7,sil
20.826586484909058,-7,-4,5,7,10,10,4,2,-12,-6,-4,-4,-9,4,sil
20.826586484909058,0,5,2,23,12,2,0,2,-14,-6,-6,0,-6,8,sil
20.84294867515564,-9,-3,0,16,3,7,-6,1,-17,-10,-16,-7,-7,0,sil
20.84294867515564,-19,-16,-18,-1,7,17,9,1,-8,-2,-26,-21,-5,-4,sil
20.86084532737732,-10,-8,-7,0,11,18,29,1,0,7,-24,-27,-7,-4,sil
20.86084532737732,-9,-7,-2,5,6,18,33,1,15,18,-21,-25,-9,-3,sil
20.875359058380127,-11,-11,-11,-5,3,14,35,0,32,28,-19,-18,-4,3,sil
20.875359058380127,-6,-1,-5,-15,0,2,22,0,29,21,-6,-9,3,6,sil
20.890260934829712,-8,-4,-14,-18,-8,-8,-2,-4,14,6,3,-11,6,0,sil
20.890260934829712,-6,-16,-10,-21,-7,-11,-10,-4,10,6,-2,-6,5,1,sil
20.903435468673703,10,-6,-3,-12,-5,-1,0,3,22,20,0,8,9,12,sil
20.919007301330566,8,0,-7,-7,-5,0,-3,4,24,21,6,8,13,11,sil
20.919007301330566,-7,-10,-1,-23,-7,-8,-12,0,4,1,-1,4,7,-1,sil
20.935954332351685,-2,-11,-7,-24,-11,-15,-5,-1,0,-7,3,16,7,0,sil
20.935954332351685,10,7,6,-5,-7,-12,-2,2,9,0,16,22,13,6,sil
20.952061414718628,15,20,22,5,2,-11,-10,3,-2,0,15,20,9,0,sil
20.952061414718628,19,13,11,8,5,-9,-13,0,-16,-7,13,20,0,-7,sil
20.966209173202515,15,10,10,6,3,0,-5,0,-10,-2,17,15,0,-10,sil
20.966209173202515,0,13,-1,5,5,0,0,0,-7,2,13,-1,0,-12,sil
20.98130249977112,0,9,2,4,0,-5,-7,0,-18,-12,4,-3,-8,-5,sil
20.98130249977112,6,3,12,4,-7,-7,-19,-1,-18,-23,5,1,-9,0,sil
20.99688458442688,-1,10,0,10,0,-2,-14,-2,-15,-15,3,-4,-4,-1,sil
20.99688458442688,-4,13,5,19,10,4,-1,-1,-24,-16,-10,-9,-14,-3,sil
21.012422800064087,-6,-2,-2,7,-2,10,5,1,-25,-20,-21,-14,-22,-5,sil
21.012422800064087,-14,-15,-8,-5,-8,11,6,2,-7,-2,-10,-18,-13,-1,sil
21.02808451652527,-15,-11,-4,1,2,6,4,-1,4,9,1,-11,-5,0,sil
21.02808451652527,-16,-14,-11,1,-1,4,1,-4,3,-1,-7,-8,-10,-2,sil
21.04385280609131,-18,-17,-4,-4,-6,15,9,-3,7,-3,-20,-11,-6,0,sil
21.04385280609131,-4,-7,-3,5,12,18,27,0,20,13,-7,-7,13,10,sil
21.0599262714386,4,-2,0,7,12,13,30,0,23,17,1,-2,19,13,sil
21.0599262714386,5,-3,7,-3,-2,14,18,1,22,13,-2,1,12,9,sil
21.075692892074585,13,-1,-1,-2,-1,0,7,0,23,17,2,8,19,12,sil
21.075692892074585,11,0,1,-14,-2,-18,-3,-1,10,6,0,11,15,11,sil
21.09129929542541,1,0,-5,-24,-10,-12,-12,-2,0,-9,-6,6,0,-1,sil
21.09129929542541,18,10,0,0,-1,-13,-25,2,0,0,12,19,7,0,sil
21.10686016082764,39,26,25,22,7,-31,-39,5,0,13,42,40,28,6,sil
21.10686016082764,21,20,11,12,1,-25,-31,-6,-17,-1,33,24,13,-1,sil
21.12187695503235,-8,4,0,-2,0,-1,-4,-6,-23,-21,1,-5,-18,-13,sil
21.12187695503235,-17,0,-6,1,7,5,13,6,-8,-14,-10,-14,-26,-15,sil
21.13717699050904,-12,2,-4,9,5,8,13,5,-7,-8,-10,-11,-21,-13,sil
21.13717699050904,-11,2,5,13,0,14,5,0,-19,-13,-15,-13,-16,-7,sil
21.152908325195312,-14,-2,-6,11,1,8,0,0,-11,-3,-19,-12,-7,-1,sil
21.152908325195312,-11,-8,-2,3,1,4,2,4,4,11,-18,-9,-7,-1,sil
21.1683156490326,-6,-7,-4,1,4,18,19,6,13,18,-15,-12,-3,4,sil
21.1683156490326,-3,-8,-9,0,8,23,25,1,23,25,-6,-10,11,11,sil
21.18398141860962,0,-13,2,-11,0,6,9,-2,22,26,3,1,15,8,sil
21.18398141860962,1,-20,-11,-20,-17,-11,-5,-2,7,10,0,0,2,0,sil
21.20007371902465,-3,-19,-10,-26,-21,-15,-9,-2,-1,-11,-11,-9,-1,-1,sil
21.20007371902465,0,-10,-2,-23,-8,-12,-2,-6,-4,-14,-1,-1,4,-2,sil
21.2158477306366,8,0,-1,-11,-2,-15,5,-4,-5,-10,13,10,4,0,sil
21.2158477306366,0,1,5,-13,-19,-16,-2,1,-3,-19,6,9,-5,-2,sil
21.23085570335388,-6,0,-4,-17,-23,-9,-17,0,-2,-18,8,5,-5,-7,sil
21.23085570335388,4,13,9,1,0,-2,-14,0,-5,-5,24,14,4,0,sil
21.246474981307983,13,30,26,35,18,0,-6,1,-9,-2,26,20,6,3,sil
21.246474981307983,10,28,10,46,19,0,-7,0,-18,-8,13,5,-6,0,sil
21.26207399368286,4,14,6,28,20,8,-6,0,-21,-7,4,-2,-14,-5,sil
21.26207399368286,-10,0,-7,9,17,14,4,0,-5,4,-2,-8,-4,-3,sil
21.277772665023804,-21,-9,-10,0,9,13,11,-2,0,13,-23,-26,-1,0,sil
21.277772665023804,-13,-12,-2,-11,6,11,8,-1,3,19,-31,-30,-3,1,sil
21.292946100234985,2,-12,-4,-16,-1,7,11,1,20,24,-9,-3,13,14,sil
21.292946100234985,13,-5,1,-11,-14,-1,13,5,28,14,3,13,27,22,sil
21.3089861869812,6,0,-6,-9,-13,-13,-1,4,23,1,-1,4,19,14,sil
21.3089861869812,7,3,1,-11,-2,-9,-15,3,24,11,6,10,14,6,sil
21.32418656349182,24,14,17,-1,3,4,0,3,24,18,26,30,15,8,sil
21.32418656349182,13,12,3,0,0,0,8,-2,3,-8,16,16,0,-2,sil
23.76114058494568,1,1,0,-17,-2,-1,6,-6,-3,-5,-10,-2,0,-3,sil
23.76114058494568,6,4,0,-2,4,-11,-2,-8,-14,-13,0,5,9,-3,sil
23.77681851387024,7,3,10,2,0,-15,-4,0,4,2,14,20,20,8,sil
23.77681851387024,10,0,5,1,0,-18,-14,1,17,15,21,28,21,17,sil
23.79246091842652,11,2,3,5,2,-19,-28,-3,0,-6,16,17,11,1,sil
23.79246091842652,4,12,10,4,3,-11,-30,-3,-13,-20,9,12,1,-15,sil
23.808090686798096,0,10,1,-1,4,-11,-30,-4,-18,-9,13,13,4,-15,sil
23.808090686798096,-2,2,8,-2,0,-15,-34,-5,-38,-16,16,6,4,-17,sil
23.82322144508361,-6,7,4,2,0,-4,-21,0,-42,-20,22,0,-1,-22,sil
23.82322144508361,-2,16,-2,5,7,6,-6,3,-24,-6,27,1,0,-14,sil
23.839239835739136,4,13,5,8,4,3,-4,5,-13,-1,16,0,0,-2,sil
23.839239835739136,4,8,5,22,6,3,0,11,-2,1,3,0,-5,4,sil
23.85503911972046,6,4,10,27,14,10,12,11,9,12,1,0,-6,6,sil
23.85503911972046,0,-1,0,14,6,12,15,0,9,3,-4,-13,-13,2,sil
23.871082544326782,-4,0,-4,10,1,16,18,-5,11,-5,-18,-20,-24,5,sil
23.871082544326782,4,7,11,19,13,24,24,1,16,4,-15,-8,-13,15,sil
23.88686513900757,7,3,0,24,9,12,15,0,7,15,0,-3,5,20,sil
23.88686513900757,3,0,4,19,0,0,1,-3,0,12,0,0,9,19,sil
23.901883363723755,1,-12,2,0,0,6,1,-3,0,0,-13,1,-1,5,sil
23.901883363723755,-7,-29,-18,-23,-9,7,0,-5,-13,-12,-24,-11,-15,-8,sil
23.9177143573761,-19,-24,-11,-20,-18,0,-3,-4,-19,-11,-23,-16,-13,-7,sil
23.9177143573761,-17,-10,-16,-9,-10,-2,8,-4,-1,0,-17,-10,-3,-3,sil
23.933329343795776,-8,-9,-15,-20,-5,0,19,-3,15,1,-16,-10,-2,-7,sil
23.948856592178345,-3,-8,-7,-24,-5,-4,14,3,23,11,-3,-3,6,-3,sil
23.948856592178345,0,-3,-6,-14,-5,-7,8,8,31,25,14,8,25,6,sil
23.948856592178345,4,0,4,-20,-6,-3,8,6,32,14,9,11,21,4,sil
23.963975191116333,0,0,-4,-22,-5,-5,1,3,26,-1,0,4,6,-8,sil
23.963975191116333,2,0,1,-16,-4,-15,-8,1,15,0,7,5,7,-8,sil
23.980020999908447,10,7,13,-10,-4,-12,-12,1,5,2,16,16,12,2,sil
23.980020999908447,13,14,11,2,1,-6,-15,1,-2,-4,15,22,10,7,sil
23.997020483016968,14,20,16,22,8,-9,-23,-2,-19,-9,10,17,5,1,sil
23.997020483016968,13,17,4,25,13,-9,-24,-9,-37,-10,4,3,-2,-7,sil
24.011931657791138,1,9,2,7,11,0,-20,-11,-52,-26,-2,-5,-19,-14,sil
24.011931657791138,-13,4,7,-1,4,-1,-13,-8,-56,-43,-8,-7,-27,-18,sil
24.028045654296875,-12,1,-2,0,-2,-7,-5,-2,-45,-32,-7,-12,-20,-15,sil
24.028045654296875,-2,2,1,7,0,5,0,3,-19,0,0,-8,-9,-3,sil
24.043656587600708,0,2,-3,19,10,24,14,7,18,29,14,2,5,14,sil
24.043656587600708,-3,-4,0,24,8,21,24,10,49,40,13,5,17,24,sil
24.0591881275177,-4,-12,2,11,-6,12,13,9,46,32,-2,-1,11,15,sil
24.0591881275177,-10,-19,-11,-1,-10,6,9,1,28,23,-9,-10,0,6,sil
24.075231790542603,-5,-16,3,-5,-5,5,20,0,25,19,0,-3,2,12,sil
24.075231790542603,4,-1,2,-9,-6,6,15,0,19,11,3,6,14,15,sil
24.091200590133667,2,4,-7,-15,-8,-1,-4,-8,-1,-4,-4,-1,9,8,sil
24.091200590133667,8,1,0,-10,-3,-11,-9,-6,-8,-12,-3,-2,0,0,sil
24.11494994163513,18,0,-1,-3,3,-12,-7,-3,-2,-9,8,9,1,-5,sil
24.11494994163513,1,3,2,-10,1,-12,-18,-5,-19,-21,5,2,-6,-20,sil
24.11494994163513,-8,9,-1,1,4,-8,-12,-1,-27,-28,0,-10,-18,-26,sil
24.12194871902465,4,16,2,27,13,3,4,6,-13,-12,-3,-2,-14,-7,sil
24.13784170150757,2,3,10,22,14,10,4,7,-5,1,-8,-1,-5,4,sil
24.13784170150757,-11,-14,-10,0,8,8,3,5,3,6,-10,-13,-2,-3,sil
24.153217792510983,-11,-10,-6,-9,0,5,11,4,18,15,-17,-9,-6,-3,sil
24.153217792510983,-3,-3,-2,-9,-8,0,12,-2,22,15,-20,-1,-1,6,sil
24.169936895370483,9,-2,-3,-6,-2,-5,5,-4,17,6,2,5,12,11,sil
24.169936895370483,18,3,10,-7,3,-7,0,2,10,1,26,23,20,5,sil
24.185852766036987,12,11,5,-4,-2,-15,-10,1,-4,-3,28,24,14,0,sil
24.185852766036987,8,14,9,8,-4,-14,-18,-3,-22,-12,22,11,5,-3,sil
24.20121121406555,4,8,9,14,4,4,-10,-2,-23,-9,11,5,-2,-3,sil
24.20121121406555,-5,-1,-3,9,4,18,5,0,-15,-4,-11,-6,-12,0,sil
24.216174125671387,-17,-4,-3,8,1,20,10,0,-13,-8,-27,-21,-16,-2,sil
24.23126220703125,-24,-12,-14,-2,-3,7,1,-6,-15,-7,-25,-22,-17,-8,sil
24.23126220703125,-15,-18,-5,-24,-12,-5,-3,-9,-4,1,-17,-12,-8,0,sil
24.23126220703125,-2,-15,-4,-29,-14,-7,0,-1,10,8,-8,-4,8,7,sil
24.24688744544983,-7,-17,-17,-30,-18,-14,-6,2,12,-1,-4,-7,10,-2,sil
24.24688744544983,-10,-11,-4,-36,-22,-18,-17,1,6,-16,6,0,1,-14,sil
24.26295828819275,0,4,-4,-18,-9,-7,-11,3,5,-14,19,6,0,-9,sil
24.27922511100769,2,12,2,7,0,0,-5,5,-5,-9,4,0,-5,-6,sil
24.27922511100769,-5,10,13,22,3,2,0,4,-7,0,-3,-6,-9,-4,sil
24.294225692749023,-2,7,7,28,13,11,21,3,2,17,6,-5,0,6,sil
24.294225692749023,3,2,9,31,19,21,37,2,2,25,-4,-4,1,17,sil
24.294225692749023,5,-2,0,27,12,17,27,0,11,29,-13,-2,4,21,sil
24.30926632881165,13,0,1,8,5,3,4,-1,31,30,7,14,15,24,sil
24.326454162597656,26,7,6,0,7,-3,-5,-3,31,19,21,27,21,18,sil
24.326454162597656,30,13,1,11,10,-6,-7,0,16,4,18,24,18,13,sil
24.326454162597656,22,15,12,9,3,-6,-13,5,4,-7,16,17,9,3,sil
24.341017961502075,10,11,3,0,1,-8,-10,4,-1,-8,17,10,6,-6,sil
24.341017961502075,6,10,1,3,7,-8,-5,0,-5,1,17,14,8,-1,sil
24.358068466186523,3,5,6,-4,0,-10,-10,-1,-10,-2,10,11,0,-5,sil
24.358068466186523,-2,-4,-6,-20,-6,-14,-9,-4,-19,-22,-4,-8,-16,-19,sil
24.37410998344421,-5,0,4,-6,-1,-7,-3,0,-27,-23,-16,-12,-19,-13,sil
24.37410998344421,-6,1,3,6,0,0,-4,-1,-29,-16,-20,-2,-14,-4,sil
24.38750624656677,-15,-13,-10,-6,-6,7,-5,-7,-28,-23,-24,-14,-16,-11,sil
24.38750624656677,-24,-18,-11,-12,-3,13,-5,-6,-20,-16,-19,-25,-19,-15,sil
24.40299105644226,-22,-8,-10,3,0,16,-4,-3,-5,1,-8,-18,-14,-11,sil
24.41899538040161,-16,-4,2,13,4,19,10,-1,3,6,-8,-13,-9,-2,sil
24.41899538040161,-21,-7,-10,6,7,21,27,-3,2,5,-20,-20,-12,0,sil
24.43513870239257,-22,-13,-20,-7,-1,13,14,-2,0,0,-28,-22,-15,-13,sil
24.43513870239257,-8,-17,-4,-19,-13,1,1,4,12,4,-6,-8,0,-8,sil
24.45122742652893,0,-12,-4,-17,-9,-8,9,8,36,25,18,0,26,14,sil
24.45122742652893,3,0,4,-10,-10,-13,11,5,40,23,11,5,31,17,sil
24.45122742652893,10,3,0,-7,-14,-13,3,4,27,4,6,10,23,13,sil
24.46787142753601,17,1,-2,-11,-10,-14,-4,3,14,0,18,18,21,20,sil
24.46787142753601,18,8,15,-7,-5,-10,-7,3,6,2,18,24,17,10,sil
24.483927011489868,16,17,9,6,0,-8,-5,-1,-3,-4,12,22,5,-3,sil
24.483927011489868,19,22,16,15,10,-8,-6,-4,-17,-12,17,19,-2,5,sil
24.498342275619507,24,23,22,24,15,-2,-5,0,-10,-5,22,21,1,10,sil
24.498342275619507,15,13,9,27,15,2,-5,3,-2,4,14,16,0,-1,sil
24.512466430664062,0,5,5,15,14,1,-9,0,-17,1,0,3,-13,-10,sil
24.52794361114502,-4,0,-8,5,6,0,-8,-6,-21,-5,-8,-14,-18,-6,sil
24.52794361114502,-8,-8,-6,1,-5,5,-4,0,-7,-5,-17,-23,-15,-2,sil
24.54331970214844,-22,-16,-9,-3,-5,12,-2,4,-11,-1,-25,-22,-15,-6,sil
24.54331970214844,-19,-17,-21,-5,0,11,6,-4,-16,0,-26,-26,-14,-4,sil
24.559230089187626,0,-15,-7,-7,0,8,16,-5,1,0,-18,-22,-4,0,sil
24.559230089187626,-3,-11,-7,-13,0,4,16,3,20,6,0,-9,9,6,sil
24.574292421340942,-17,-7,-6,-21,-2,-1,4,0,19,10,7,-2,11,2,sil
24.574292421340942,-8,-3,-2,-20,-9,-9,-7,-3,8,1,3,2,4,-13,sil
24.58988881111145,8,4,2,-4,-10,-15,-10,0,-4,-7,6,16,1,-11,sil
24.58988881111145,8,17,14,2,-5,-15,-11,3,-10,-10,11,26,-1,2,sil
24.6050124168396,2,14,2,1,0,-12,-13,-2,-1,-12,3,13,-2,-4,sil
24.6050124168396,9,7,5,1,2,-4,-9,-3,0,-8,3,5,0,-11,sil
24.620463848114014,9,6,13,5,8,4,-3,1,-8,-2,7,5,-4,2,sil
24.620463848114014,0,3,1,10,9,7,0,0,-18,-8,-3,-5,-9,6,sil
24.635810136795044,0,3,11,22,7,10,11,0,-9,-5,-8,-9,1,6,sil
24.635810136795044,6,1,3,25,7,16,24,4,7,18,7,0,11,16,sil
24.65288662910461,-3,-9,-5,8,1,18,18,11,7,20,1,0,0,10,sil
24.65288662910461,-11,-15,-5,-5,-3,16,15,3,5,3,-19,-12,-2,0,sil
24.66790509223938,-8,-15,-18,-8,0,7,22,-8,25,13,-15,-15,9,3,sil
24.66790509223938,-9,-13,-10,-17,0,-4,8,-2,25,19,-3,-6,8,0,sil
24.68296241760254,-3,-3,-7,-21,-17,-17,-15,3,6,0,-2,6,0,-5,sil
24.68296241760254,13,5,-2,-15,-21,-26,-22,-1,2,-10,4,19,5,0,sil
24.69809508323669,13,3,7,-12,-7,-18,-18,-5,3,-4,19,21,12,-5,sil
24.69809508323669,-5,5,0,-6,-1,-4,-20,-4,-7,-5,20,10,3,-13,sil
24.713826417922974,2,21,11,6,2,0,-15,0,-16,-11,12,7,-4,-7,sil
24.713826417922974,24,26,14,32,18,3,0,3,-10,-3,14,10,6,3,sil
24.72885823249817,15,11,8,38,26,10,9,1,-6,5,13,1,12,10,sil
24.72885823249817,-7,-1,6,14,10,13,9,-3,-3,6,-4,-7,0,7,sil
24.745806217193604,-11,-10,-8,-3,-4,6,9,-4,0,3,-17,-15,-12,1,sil
24.745806217193604,-6,-14,-2,-2,-6,1,0,0,-5,-1,-13,-20,-18,0,sil
24.7609441280365,-5,-9,-2,0,-7,0,-3,-1,-9,-5,-11,-19,-17,0,sil
24.7609441280365,-2,-4,-10,-11,-11,-1,7,0,-1,-5,-15,-12,-8,-4,sil
24.776086807250977,-2,-13,-4,-31,-10,-5,17,6,16,3,-12,-10,0,-2,sil
24.776086807250977,-2,-16,-7,-33,-7,-12,5,6,22,2,0,-6,2,3,sil
24.79124116897583,0,0,6,-12,-3,-15,-14,0,0,-17,10,12,7,0,sil
24.807859897613525,1,11,5,2,6,-7,-21,-3,-26,-20,17,18,5,-5,sil
24.807859897613525,-2,9,-4,3,14,1,-12,-7,-23,-6,7,2,-5,-3,sil
24.807859897613525,-6,7,4,13,10,10,0,-2,-10,-5,-8,-6,-11,-3,sil
24.82207441329956,-5,5,-2,28,3,12,4,3,-4,0,-10,-4,-4,0,sil
24.83761978149414,-3,2,0,26,4,8,4,0,-8,7,-11,-2,-5,0,sil
24.83761978149414,-6,-3,-3,13,6,11,1,-2,-5,3,-19,-2,-13,-5,sil
24.83761978149414,-6,-13,-15,-1,0,10,5,3,15,12,-16,0,-5,0,sil
24.853004217147827,0,-11,-1,-17,-11,4,11,7,32,25,-5,8,9,5,sil
24.853004217147827,2,-5,-2,-16,-9,-1,11,0,26,17,4,10,15,3,sil
24.86713004112244,5,-2,3,-13,-4,-7,0,0,11,1,14,6,16,3,sil
24.882513999938965,7,1,4,-22,-6,-16,-15,0,4,-1,19,7,14,0,sil
24.882513999938965,5,5,-3,-20,-8,-21,-20,-4,-2,-7,20,12,8,0,sil
24.89821171760559,15,20,17,0,0,-8,-10,0,-3,-5,25,23,15,12,sil
24.89821171760559,27,32,19,18,10,10,10,8,9,12,33,27,26,21,sil
24.912917137146,14,18,11,17,10,11,10,2,4,10,20,8,4,6,sil
24.913313388824463,-6,-1,4,15,4,1,1,-1,-17,-12,-3,-14,-26,-15,sil
24.92809152603149,-1,-2,-4,19,9,7,15,1,-19,-12,-11,-15,-19,-12,sil
24.92809152603149,5,-2,4,21,16,20,26,0,-11,5,-6,-4,2,4,sil
24.944146156311035,-13,-21,-9,2,2,11,10,-5,-18,1,-15,-18,1,2,sil
24.944146156311035,-32,-34,-21,-27,-14,-3,-6,-6,-10,-13,-36,-37,-12,-12,sil
24.960235834121704,-26,-26,-19,-30,-15,-9,-13,-2,7,-13,-43,-35,-17,-19,sil
24.960235834121704,-16,-20,-22,-13,-17,-19,-18,-5,1,-13,-29,-25,-14,-19,sil
24.975886583328247,-5,-7,0,-10,-21,-19,-15,-3,2,-10,-7,-3,0,0,sil
24.975886583328247,13,16,6,-5,-7,-8,0,6,24,3,12,24,17,19,sil
24.99204635620117,16,24,9,4,3,-8,1,9,22,9,21,27,16,8,sil
24.99204635620117,6,17,14,4,3,-6,-3,2,3,6,27,14,8,-6,sil
25.00767922401428,12,20,5,9,10,0,-8,-3,-4,3,27,11,2,-1,sil
25.00767922401428,24,22,19,20,14,1,-13,-5,-26,-12,12,13,-15,2,sil
25.02281904220581,15,8,13,24,10,8,-8,-5,-30,-14,0,2,-19,1,sil
25.02281904220581,-5,-2,-2,24,10,18,0,1,-9,2,-5,-8,-8,-3,sil
25.03785800933838,-9,2,1,27,18,22,5,7,2,20,-8,0,0,-1,sil
25.03785800933838,1,5,0,24,16,24,23,1,16,38,6,10,13,22,sil
25.053865909576416,0,-9,-3,-8,-4,11,27,0,29,36,10,1,17,29,sil
25.053865909576416,-23,-34,-24,-43,-20,-10,16,3,14,7,-12,-16,0,1,sil
25.06938004493713,-26,-35,-24,-41,-17,-14,9,0,-7,-13,-20,-17,-6,-10,sil
25.06938004493713,-4,-7,4,-26,-7,-5,5,-2,0,-6,2,0,4,-2,sil
25.08541774749756,4,6,-1,-26,0,-7,-3,2,17,3,18,11,11,-1,sil
25.08541774749756,1,3,0,-20,0,-10,-16,0,3,-10,5,10,3,-11,sil
25.102097034454346,4,2,4,-1,-4,-12,-24,-7,-29,-34,-10,2,-11,-21,sil
25.102097034454346,4,5,-3,1,-8,-12,-21,-3,-41,-37,-16,-6,-25,-17,sil
25.117624521255493,-5,1,3,2,-9,0,-9,4,-24,-23,-17,-13,-22,-7,sil
25.117624521255493,-8,0,2,16,1,11,6,0,0,-1,-12,-13,-3,0,sil
25.13343644142151,7,0,5,21,11,13,16,1,18,21,1,0,12,14,sil
25.13343644142151,11,0,-3,13,4,6,12,7,29,28,7,9,20,28,sil
25.14883518218994,3,1,-8,10,1,0,6,1,26,11,2,5,21,16,sil
25.14883518218994,9,8,14,1,5,0,6,-1,19,1,7,6,15,0,sil
25.16422128677368,17,7,13,-6,-2,-4,0,0,13,3,20,11,8,-3,sil
25.16422128677368,11,10,6,5,-1,-13,-13,0,-3,-6,19,8,-1,-6,sil
25.180284023284912,0,16,0,17,9,-10,-12,-1,-18,-19,8,2,-12,-16,sil
25.180284023284912,-1,8,-1,9,9,4,-4,0,-12,-13,0,-3,-13,-14,sil
25.19607448577881,5,5,16,9,7,15,0,0,-1,1,-3,-3,-8,4,sil
25.19607448577881,0,0,0,19,6,11,9,-2,-6,10,-2,-9,-3,11,sil
25.21209979057312,-25,-22,-14,0,-10,3,4,-7,-23,3,-20,-24,-13,-8,sil
25.21209979057312,-31,-29,-16,-22,-16,4,-4,-6,-16,1,-33,-28,-16,-14,sil
25.228190660476685,-7,-12,-16,-18,-4,0,-1,1,13,13,-13,-3,7,13,sil
25.228190660476685,4,-2,8,-12,-3,-5,2,5,32,24,10,19,28,23,sil
25.244415044784542,0,0,3,-18,-6,-3,0,0,23,16,17,15,19,5,sil
25.244415044784542,6,6,-4,-20,0,-3,0,0,0,-5,15,11,2,-5,sil
25.26004123687744,18,12,8,-7,6,-4,0,2,-12,-15,15,19,-1,-5,sil
25.26004123687744,7,8,5,-1,6,-3,0,3,-4,-4,16,10,-3,-5,sil
25.27512097358704,-8,3,4,-1,0,-7,-7,2,-13,0,4,-5,-4,-11,sil
25.291178703308105,-4,5,0,20,3,-8,-10,2,-26,-5,-6,-3,-3,-9,sil
25.291178703308105,8,10,8,39,12,3,3,1,-13,0,-8,3,-3,7,sil
25.291178703308105,5,1,5,22,6,17,21,-1,1,6,-6,-4,0,14,sil
25.30658221244812,-9,-18,-23,-3,-5,12,18,-4,8,10,-7,-16,0,4,sil
25.30658221244812,-16,-22,-12,-25,-15,0,2,-2,19,1,-18,-10,-9,0,sil
25.32210659980774,-16,-15,-10,-36,-20,-11,-8,-2,19,-14,-22,-1,-12,-2,sil
25.32210659980774,-6,-7,-11,-28,-19,-20,-19,-6,-1,-23,-5,1,-6,-9,sil
25.33818864822388,8,5,6,-9,-4,-13,-25,-2,-19,-21,9,7,-8,-12,sil
25.33818864822388,16,15,9,18,12,1,-13,1,-19,-16,10,4,-2,-5,sil
25.35418152809143,14,21,18,37,19,12,2,4,-9,-2,17,3,12,9,sil
25.35418152809143,5,13,7,28,18,17,13,4,0,9,14,-2,10,10,sil
25.36954116821289,-8,-3,-6,10,14,19,18,1,-3,4,-13,-20,-11,-5,sil
25.36954116821289,-14,-6,3,9,9,19,23,2,4,10,-18,-15,-10,-4,sil
25.38516521453857,2,4,0,11,3,7,26,4,30,31,6,9,19,20,sil
25.38516521453857,18,6,9,1,3,-4,15,7,39,28,17,20,36,30,sil
25.40017795562744,18,0,7,-1,3,-11,0,3,27,12,13,15,24,15,sil
25.40017795562744,10,-4,-5,-11,-6,-19,-16,-8,4,-5,8,7,2,-2,sil
25.416265964508057,0,-4,-1,-29,-17,-20,-35,-10,-20,-27,1,1,-10,-16,sil
25.416265964508057,0,5,-2,-16,-12,-7,-33,-3,-19,-25,2,7,-13,-14,sil
25.432313919067383,5,9,4,6,-4,-1,-17,1,-4,-5,6,6,-14,-8,sorry
25.432313919067383,-9,-2,-1,0,-2,-4,-10,4,-8,0,-3,-15,-10,-15,sorry
25.44827675819397,-24,-14,-12,-11,-4,3,-2,2,-14,3,-17,-23,-6,-6,sorry
25.44827675819397,-12,-14,-3,-10,-8,16,20,3,6,18,-11,-5,-5,12,sorry
25.463314533233643,-10,-15,-10,-14,-6,13,34,0,28,28,-1,-4,0,10,sorry
25.463314533233643,-19,-15,-8,-19,-2,0,16,-6,10,7,-14,-19,0,-5,sorry
25.479302406311035,-7,-4,-4,-9,-5,-11,-9,-9,-11,-17,-24,-6,-6,-12,sorry
25.479302406311035,12,9,0,2,-1,-14,-13,0,-7,-21,0,19,2,-5,sorry
25.49484610557556,19,16,21,5,7,-1,-4,5,-4,-11,25,31,12,3,sorry
25.49484610557556,14,8,8,13,12,3,-3,0,-11,-5,22,12,5,0,sorry
25.510040521621704,0,3,-1,15,10,0,-13,-2,-23,-16,-3,-8,-11,-13,sorry
25.510040521621704,-4,9,0,18,13,4,-9,2,-26,-19,-19,-14,-19,-19,sorry
25.52580428123474,1,7,-5,22,13,14,15,6,-11,1,-9,-12,-6,-2,sorry
25.52580428123474,1,-2,5,10,2,14,31,3,5,24,1,-9,9,14,sorry
25.54249739646912,-3,-9,-1,0,-1,4,25,0,11,28,6,0,13,18,sorry
25.54249739646912,-2,-5,-3,6,-2,0,12,2,11,21,6,2,13,16,sorry
25.55811548233032,-2,0,-1,14,-8,0,6,0,6,9,3,-1,14,14,sorry
25.55811548233032,0,3,-4,6,-11,-5,4,-5,1,1,1,4,7,11,sorry
25.573298692703247,0,0,10,-13,-10,-17,-9,-4,2,0,2,16,0,1,sorry
25.573298692703247,-5,-6,0,-24,-6,-20,-32,-5,0,-7,6,7,-4,-8,sorry
25.589293718338013,-1,1,-1,-7,7,-9,-36,-6,-10,-13,14,1,-10,-10,sorry
25.589293718338013,10,14,15,9,13,0,-15,0,-6,-15,17,14,-5,-6,sorry
25.604902744293213,6,10,-2,2,0,-1,-8,2,3,-13,8,9,0,-5,sorry
25.604902744293213,0,6,-1,4,-3,0,-15,2,2,-7,0,-2,-7,-3,sorry
25.620970010757446,-2,2,5,14,9,10,-2,4,5,-4,-6,-6,-10,0,sorry
25.620970010757446,-4,-10,0,0,11,17,16,1,11,-5,-13,-9,-7,5,sorry
25.636255264282227,-1,-12,-1,-15,0,20,21,0,11,8,-15,-8,-9,12,sorry
25.636255264282227,3,-6,-10,-14,-6,15,25,1,17,26,-13,-6,-1,15,sorry
25.652425289154053,8,-5,-5,-22,-11,3,27,0,24,21,-14,-4,12,8,sorry
25.652425289154053,12,-1,-3,-19,-5,-1,18,0,24,14,-4,-1,18,0,sorry
25.66800355911255,8,2,-3,-12,0,-4,3,6,14,1,-2,1,13,-2,sorry
25.66800355911255,-1,-1,-1,-19,-6,-8,-3,0,-2,-17,-10,0,3,-9,sorry
25.683218002319336,-1,-1,-8,-15,-9,-11,-10,-8,-13,-13,6,5,4,-10,sorry
25.683659553527832,5,7,9,1,-4,-11,-19,-2,-9,-1,30,16,15,0,sorry
25.69816756248474,2,10,7,11,0,-9,-17,3,-4,-9,16,9,7,-2,sorry
25.69816756248474,-5,0,-1,14,1,-4,-15,-2,-15,-12,-2,-5,-17,-20,sorry
25.714284896850582,-10,-5,12,19,2,3,-17,-5,-29,-4,-1,-7,-20,-26,sorry
25.714284896850582,-14,0,1,25,13,7,-9,-6,-33,-11,-13,-10,-15,-16,sorry
25.72981548309326,-9,6,2,31,21,9,2,0,-28,-15,-22,-15,-21,-6,sorry
25.72981548309326,0,4,4,29,16,9,12,8,-11,6,3,-8,-7,3,sorry
25.74587202072144,-6,-10,-9,6,-1,0,14,4,-1,13,7,-8,4,9,sorry
25.74587202072144,-20,-18,-9,-18,-20,-8,4,-3,-6,0,-22,-19,-9,0,sorry
25.76250004768372,-13,-17,-16,-19,-15,0,8,-3,-2,3,-17,-16,-11,0,sorry
25.76250004768372,2,-11,-5,-14,1,12,24,1,12,19,5,6,8,19,sorry
25.77810049057007,6,0,7,-7,2,8,22,3,25,31,12,22,27,28,sorry
25.77810049057007,9,11,4,8,-2,-6,4,1,29,29,12,18,27,27,sorry
25.793232440948486,19,15,11,11,0,-17,-9,0,21,1,9,20,7,19,sorry
25.79362940788269,21,14,6,1,0,-16,-11,-2,19,-10,19,30,5,11,sorry
25.808841943740845,15,14,7,-5,-6,-5,-10,-1,15,0,27,28,16,1,sorry
25.808841943740845,2,12,1,-5,-5,-7,-24,0,-5,-6,8,7,3,-14,sorry
25.824001789093018,1,10,-4,0,0,-18,-35,-1,-23,-15,3,-2,-6,-18,sorry
25.824001789093018,8,5,13,1,3,-6,-19,0,-16,-12,17,2,-1,-11,sorry
25.840033054351807,-6,-7,0,-13,2,13,0,0,-8,-20,-4,-12,-13,-18,sorry
25.85615110397339,-23,-10,-6,-18,1,17,2,0,-3,-25,-30,-30,-27,-25,sorry
25.85615110397339,-12,1,2,4,9,13,5,6,3,-9,-16,-20,-15,-11,sorry
25.87220788002014,-1,3,-9,14,11,8,9,5,-1,0,-7,-12,0,0,sorry
25.87220788002014,-3,0,-3,2,2,6,12,0,-12,-2,-13,-11,0,3,sorry
25.87220788002014,-2,-1,2,7,0,14,24,0,-4,0,-5,-4,5,11,sorry
25.8878436088562,0,-4,0,12,4,17,30,0,5,12,-4,-5,3,11,sorry
25.8878436088562,-2,-14,-9,-4,1,9,20,0,7,20,-17,-11,-7,4,sorry
25.90283489227295,-9,-25,-20,-16,-10,3,8,2,15,12,-16,-10,-5,6,sorry
25.90283489227295,-7,-18,-3,-8,-14,10,8,3,27,12,0,-3,9,9,sorry
25.918904304504395,8,-3,0,-1,0,4,11,-1,30,30,8,3,18,13,sorry
25.918904304504395,17,0,-1,-9,1,-16,-3,-5,9,15,0,15,12,14,sorry
25.93502521514893,8,0,2,-11,-8,-20,-23,-5,-12,-19,2,23,5,3,sil
25.93502521514893,4,5,-8,-1,-7,-12,-21,-6,-13,-13,17,18,4,-8,sil
25.951131105422974,6,13,8,-1,-1,-19,-18,-2,-16,-2,13,11,-1,-18,sil
25.951131105422974,7,13,14,0,0,-25,-29,0,-23,-15,3,7,-7,-21,sil
25.96654963493347,17,14,16,16,1,-17,-33,-3,-17,-17,9,14,-1,-6,sil
25.96654963493347,22,20,25,17,0,-10,-20,-1,-16,-12,16,23,1,8,sil
25.982211589813232,-2,11,0,0,0,-5,-9,-2,-23,-17,9,4,-8,-3,sil
25.982211589813232,-28,-5,-4,-7,0,7,-8,-2,-22,-15,-8,-21,-22,-23,sil
25.997870445251465,-20,-8,4,3,2,17,7,1,-6,4,-10,-19,-15,-12,sil
25.997870445251465,-4,-1,1,15,11,14,26,7,11,22,2,-9,0,7,sil
26.012905597686768,-6,2,-1,17,13,20,25,8,16,22,6,-12,1,8,sil
26.012905597686768,-6,1,-14,21,9,26,29,4,17,17,5,-10,1,7,sil
26.02893352508545,1,-5,-4,15,5,16,38,2,27,19,1,0,12,17,sil
26.02893352508545,-4,-17,-5,-11,-4,4,25,4,33,16,-11,-4,16,16,sil
26.04520368576049,-14,-17,-13,-31,-14,-2,2,1,12,-1,-25,-15,0,1,sil
26.04520368576049,-3,-2,2,-17,-8,-7,0,-2,-2,-16,-21,-6,-10,-1,sil
26.059805393219,12,5,2,1,0,-8,7,-1,14,-6,2,6,2,6,sil
26.059805393219,14,4,1,-7,-5,-10,0,2,23,4,17,12,15,4,sil
26.07533168792725,1,1,-2,-21,-12,-14,-17,1,-3,-5,8,10,4,-10,sil
26.07533168792725,-9,0,-11,-16,-5,-16,-24,-2,-34,-22,-5,-2,-11,-17,sil
26.092362642288208,-1,5,3,-5,0,-10,-22,-2,-38,-25,-1,-1,-15,-13,sil
26.092362642288208,8,8,4,9,3,-2,-17,-6,-25,-12,6,6,-2,-8,sil
26.114834547042847,0,0,1,21,7,9,-13,-5,-16,1,-1,0,4,0,sil
26.114834547042847,-9,-5,-2,24,11,20,-3,3,-2,14,-14,-10,2,10,sil
26.11583375930786,0,0,-4,19,8,16,11,4,23,18,-12,-1,1,17,sil
26.12389159202576,8,-1,10,4,2,6,22,2,32,14,-2,6,9,16,sil
26.138672590255737,0,-10,-2,-14,-1,-1,13,3,18,17,1,-1,11,5,sil
26.138672590255737,-5,-11,-12,-22,-6,-7,-2,-1,5,8,-6,-5,-1,-10,sil
26.154805183410645,-3,-10,-6,-24,-11,-7,-8,-10,-1,-13,-11,-1,-5,-15,sil
26.167956829071045,-3,-12,-7,-31,-13,-7,-14,-8,-12,-20,2,1,3,-9,sil
26.167956829071045,-1,2,6,-19,-7,-9,-23,0,-22,-15,14,1,2,-13,sil
26.18715524673462,2,21,3,11,0,-10,-17,3,-23,-16,13,4,-7,-18,sil
26.18715524673462,8,25,7,26,5,-2,-4,0,-14,-12,16,8,-8,-4,sil
26.18715524673462,18,23,21,25,9,6,0,4,1,1,31,17,1,10,sil
26.202791929244995,19,16,15,23,8,2,3,5,7,5,31,18,2,15,sil
26.202791929244995,13,7,22,24,8,0,17,3,4,3,11,12,-9,14,sil
26.21688961982727,8,3,10,25,12,12,31,1,12,14,-2,0,-9,12,sil
26.21688961982727,0,-2,-1,13,8,19,28,0,15,22,-10,-13,-8,8,sil
26.23101496696472,-10,-10,-6,0,1,18,19,-1,5,13,-20,-14,-18,5,sil
26.247068405151367,-7,-9,-18,-1,2,10,16,-4,13,7,-17,-9,-4,4,sil
26.247068405151367,-1,-5,-7,-1,-1,-1,7,-1,19,9,-10,-4,2,5,sil
26.26312136650085,-4,-7,-10,-6,-12,-9,-5,-1,10,15,-5,0,-12,9,sil
26.26312136650085,-1,-8,-12,-13,-11,-10,-8,-1,11,13,1,11,25,12,sil
26.28213119506836,-1,-8,0,-26,-12,-15,-9,-2,13,-1,2,13,91,2,sil
26.28213119506836,-13,-10,-9,-35,-22,-22,-18,-6,-4,-22,-7,-1,49,-18,sil
26.28213119506836,-18,-6,-4,-32,-23,-20,-30,-1,-31,-33,-17,-13,-38,-37,sil
26.294219970703125,-16,-1,-4,-12,-6,-10,-25,3,-42,-26,-9,-14,-37,-34,sil
26.30936908721924,-7,7,-1,13,14,1,-3,1,-33,-9,3,-1,-3,-12,sil
26.30936908721924,4,10,14,20,21,15,7,4,-17,-1,4,7,-12,0,sil
26.325359582901,-1,-9,-9,0,6,19,7,5,-13,-6,-7,-17,-26,-3,sil
26.325359582901,-12,-21,-16,-17,-1,14,10,0,-5,-5,-20,-39,-23,0,sil
26.340888261795044,-3,-9,-2,-15,7,12,16,0,20,7,-15,-18,-11,7,sil
26.340888261795044,0,-4,-1,-14,1,3,5,2,29,11,2,7,4,6,sil
26.356157541275024,4,5,7,-7,-6,-12,-15,1,10,3,20,16,8,0,sil
26.356157541275024,20,20,8,16,8,-14,-17,-2,-2,-1,19,17,2,0,sil
26.372124433517456,14,14,14,22,13,0,-7,0,-7,-5,6,8,-2,-2,sil
26.372124433517456,-8,8,7,17,5,3,-5,2,-7,-10,5,-2,0,-6,sil
26.386810779571533,-6,16,-1,30,12,2,0,-1,3,-6,2,-5,0,-2,sil
26.386810779571533,4,9,8,27,12,13,14,0,13,8,-3,0,4,13,sil
26.40235710144043,0,-11,-1,5,-6,8,19,1,17,33,2,0,15,25,sil
26.40235710144043,9,-12,-1,-9,-17,-12,12,-2,14,30,6,5,18,22,sil
26.417495012283325,27,3,4,-6,-11,-15,11,0,16,11,11,25,22,22,sil
26.417495012283325,24,9,0,0,-2,-8,4,5,17,0,23,36,27,19,sil
26.43285369873047,7,7,6,1,0,-8,-9,0,1,-12,12,18,4,-3,sil
26.433289527893063,0,10,0,8,4,2,-5,-4,-7,-10,-5,-1,-16,-12,sil
26.447881937026978,2,7,9,16,8,15,2,1,-4,2,-8,-7,-13,0,sil
26.447881937026978,-3,-7,11,8,5,13,1,3,-9,6,-18,-15,-14,-6,sil
26.463951110839844,-18,-17,-14,0,-2,7,7,-2,-8,12,-26,-21,-13,-5,sil
26.463951110839844,-16,-17,-9,-12,-12,3,10,-3,8,20,-4,-6,7,8,sil
26.4793062210083,1,-16,-7,-23,-18,-5,-1,-2,14,5,24,10,21,7,sil
26.4793062210083,17,0,-1,-12,-13,-9,-10,0,-2,-18,31,25,9,2,sil
26.495343685150143,9,16,9,-6,-3,-8,-15,-2,-26,-35,14,15,-10,-2,sil
26.495343685150143,-17,4,-5,-21,-2,-11,-27,-7,-38,-40,-12,-16,-29,-33,sil
26.5109806060791,-28,-5,-3,-13,-2,-8,-30,-3,-38,-30,-28,-22,-36,-48,sil
26.5109806060791,-15,0,0,12,7,0,-7,2,-25,-10,-23,-6,-23,-17,sil
26.526858806610107,-10,-3,0,5,10,10,18,1,1,13,-11,-11,2,7,sil
26.526858806610107,-8,-12,-4,-10,0,9,23,3,28,33,-1,-10,25,4,sil
26.54233455657959,4,-11,-15,-9,-1,-6,7,3,22,19,4,4,22,3,sil
26.54233455657959,11,0,1,-12,3,-15,-5,0,-3,-18,4,12,0,0,sil
26.55786323547364,0,7,1,-9,5,-8,-3,-2,-8,-30,0,1,-8,-6,sil
26.55786323547364,-7,7,-5,8,5,1,-3,3,0,-20,-11,-16,-13,-6,sil
26.57280445098877,-8,4,0,8,8,19,1,7,3,-8,-22,-24,-17,-1,sil
26.588250875473022,-9,-4,-8,-4,11,26,20,1,15,15,-18,-24,-4,6,sil
26.588250875473022,-2,-6,-4,-5,8,16,20,2,26,38,-9,-16,8,14,sil
26.588250875473022,9,3,-2,6,0,3,7,4,29,37,-1,-3,17,17,sil
26.604284524917603,22,13,6,8,-1,-7,3,0,23,22,12,16,27,18,sil
26.604284524917603,25,12,22,6,1,-9,-3,-1,5,9,25,31,21,12,sil
26.618812084198,9,3,5,13,3,-3,-17,-3,-17,-4,21,15,0,-3,sil
26.618812084198,-3,0,4,19,2,0,-13,-5,-25,-15,8,-4,-10,-7,sil
26.63581609725952,-1,4,7,22,5,0,10,1,0,1,10,-1,0,8,sil
26.63581609725952,0,2,-6,8,-2,-2,19,4,17,15,7,4,1,13,sil
26.65045571327209,-1,-7,-4,-12,-20,-15,-3,-2,1,0,-3,4,0,-1,sil
26.65045571327209,12,-1,-2,-4,-19,-20,-18,-9,-6,-8,8,20,11,0,sil
26.66669869422913,28,14,14,12,-3,-11,-5,-3,0,-2,39,37,17,10,sil
26.66669869422913,13,13,12,7,4,-1,0,1,-6,0,35,23,5,1,sil
26.682276487350464,-14,-2,-5,5,9,6,-7,0,-14,-3,-4,-5,-9,-14,sil
26.69792222976685,-16,-5,5,13,11,20,3,0,-8,-4,-28,-14,-17,-12,sil
26.69892311096192,-4,-10,-3,0,3,24,20,4,5,9,-20,-11,-8,1,sil
26.69892311096192,-13,-26,-14,-34,-17,4,6,1,9,10,-20,-13,-4,4,sil
26.71446919441223,-21,-26,-10,-46,-29,-17,-13,-3,0,-16,-28,-15,-12,-9,sil
26.71446919441223,-7,-7,-6,-33,-22,-21,-19,-1,-12,-36,-18,-11,-16,-17,sil
26.73007559776306,2,4,3,-19,-11,-14,-21,0,-19,-28,0,1,-12,-15,sil
26.73007559776306,-4,6,-3,-1,0,-6,-16,-4,-22,-19,5,7,-8,-13,sil
26.746070861816406,-5,11,2,12,11,4,-6,-2,-18,-17,5,-3,-6,-7,sil
26.746070861816406,0,12,6,15,20,13,1,5,0,-6,2,-13,-3,0,sil
26.76118564605713,0,5,-3,14,19,12,13,6,14,13,-2,-8,1,5,sil
26.777613639831543,-1,1,4,19,17,15,25,5,22,29,-5,-2,9,9,sil
26.777613639831543,-1,-1,-7,21,11,15,26,1,26,32,-4,-7,13,12,sil
26.777613639831543,-5,-10,-15,3,0,5,16,-4,17,22,-8,-8,10,8,sil
26.793357610702515,-5,-9,-2,-13,-5,-4,5,-2,3,10,-2,3,8,7,sil
26.793357610702515,8,0,5,-5,-4,-13,-4,-1,-3,-1,12,14,12,5,sil
26.8070867061615,21,9,18,1,-4,-15,-14,-3,-10,-14,15,20,14,-2,sil
26.824503183364868,18,18,7,0,0,-6,-16,-1,-12,-13,18,21,8,-4,sil
26.825504064559937,14,21,4,9,10,1,-8,3,-3,0,27,12,2,3,sil
26.825504064559937,15,17,16,24,15,6,3,3,10,8,21,4,6,12,sil
26.84086847305298,7,1,1,19,9,4,8,-2,14,13,4,0,5,10,sil
26.84086847305298,-11,-15,-6,0,-5,0,0,-2,-7,7,-14,-16,-15,-5,sil
26.85741925239563,-22,-22,-15,-12,-13,2,2,2,-14,3,-30,-33,-23,-13,sil
26.85741925239563,-11,-18,-16,-15,-12,10,14,1,3,5,-28,-25,-9,0,sil
26.87207555770874,1,-9,-2,-17,-7,8,9,-1,16,3,-13,-1,0,8,sil
26.87207555770874,1,-3,-7,-15,-3,-5,-4,0,12,-3,-6,0,0,7,sil
26.886394500732425,1,1,2,-13,-8,-21,-17,0,6,-12,-5,3,-3,0,sil
26.886394500732425,2,3,-2,-16,-11,-23,-23,-2,1,-14,3,15,-1,-13,sil
26.903541803359985,0,5,-8,-15,0,-8,-15,1,-2,-13,14,18,3,-15,sil
26.903541803359985,-1,12,13,-3,10,0,-1,6,-4,-14,15,14,-1,-5,sil
26.918119192123413,-3,13,9,9,0,-4,0,0,-8,-15,11,9,-8,-6,sil
26.918119192123413,-6,5,6,13,-5,0,2,0,-13,-9,1,3,-6,-8,sil
26.93220067024231,-10,-1,2,14,5,14,12,2,-15,0,-7,-9,-8,-3,sil
26.94692659378052,-12,-6,-4,12,9,16,11,0,-19,7,-7,-17,-9,0,sil
26.94692659378052,-1,-4,7,11,5,13,4,1,-17,12,-1,-7,4,7,sil
26.963123559951782,15,2,5,23,12,13,10,7,8,22,6,3,19,21,sil
26.963123559951782,18,7,4,24,13,13,18,4,32,32,18,9,20,29,sil
26.97826457023621,1,-1,-4,3,0,7,11,-3,19,22,13,1,16,11,sil
26.97826457023621,-12,-17,-19,-11,-12,-10,-3,-10,-7,-5,-14,-19,0,-16,sil
26.993886709213257,-8,-13,-7,-14,-20,-18,-12,-8,-10,-15,-25,-17,-18,-16,sil
26.993886709213257,1,-6,-9,-14,-11,-4,-6,-3,4,-1,-5,0,-6,-1,sil
27.009938955307007,2,-3,-3,-11,0,3,-2,0,11,0,0,1,7,-1,sil
27.009938955307007,0,0,1,-6,-2,-4,-12,-2,8,-2,0,0,5,-4,sil
27.02599692344665,-4,-3,-8,-22,-9,-13,-22,-7,-1,-3,6,4,5,-4,sil
27.02599692344665,-6,-3,3,-33,-6,-12,-19,-1,-15,-16,8,8,4,-8,sil
27.04280471801757,4,10,8,0,0,-9,-6,2,-12,-25,3,8,-4,-5,sil
27.04280471801757,17,15,13,12,5,-2,2,3,0,-14,5,16,-5,0,sil
27.057265043258667,15,4,11,-16,5,2,12,7,4,-1,8,17,4,1,sil
27.057265043258667,2,5,3,-5,6,1,8,3,-5,-3,1,3,4,-1,sil
27.07325935363769,0,15,17,37,12,4,0,0,-12,-10,-9,-1,-3,-4,sil
27.07325935363769,1,12,6,41,17,10,14,3,0,-4,-7,-2,-8,3,sil
27.08927726745605,-2,7,-1,28,15,14,22,6,7,4,-2,-9,-12,11,sil
27.08927726745605,-10,4,1,25,11,21,5,1,3,17,-2,-14,-5,6,sil
27.10528588294983,-8,-7,-9,14,8,20,4,0,8,33,-2,-16,3,6,sil
27.10528588294983,-3,-16,-8,-1,0,9,14,0,13,24,-8,-16,-3,10,sil
27.12081742286682,-6,-15,-19,-13,-9,-3,3,-3,8,1,-13,-8,-1,3,sil
27.12081742286682,-2,-11,-16,-22,-16,-17,-12,0,3,1,-3,6,14,1,sil
27.136070013046265,5,-3,3,-24,-14,-25,-17,0,6,8,14,19,12,6,sil
27.136070013046265,6,-2,-2,-22,-13,-21,-21,-4,7,1,17,17,0,5,sil
27.152169942855835,7,-1,0,-21,-19,-15,-22,-1,0,-10,11,14,-1,2,sil
27.152169942855835,4,6,-1,-12,-16,-12,-15,0,-5,-14,13,13,0,-3,sil
27.16782784461975,0,11,-2,-2,-1,-7,-11,-1,-12,-10,10,2,-3,-11,sil
27.16782784461975,3,5,10,0,7,0,-3,2,-23,-6,0,-8,-8,-13,sil
27.183232069015503,3,-2,1,5,6,9,11,3,-21,-11,-11,-17,-15,-14,sil
27.183232069015503,-9,-2,5,11,9,17,24,3,-6,-12,-21,-14,-15,-17,sil
27.19929885864257,-10,3,8,19,15,21,32,4,4,5,-13,-5,6,-7,sil
27.19929885864257,-1,1,3,19,3,20,21,1,6,19,0,-4,12,5,sil
27.21483898162841,-8,-9,1,4,-3,17,7,-2,1,13,0,-10,-6,0,sil
27.21483898162841,-16,-8,-10,-3,7,12,16,-3,8,12,-1,-9,0,0,sil
27.230403184890747,-8,-2,1,0,5,3,19,-4,20,17,4,-1,22,13,sil
27.230403184890747,0,-6,0,3,-7,-5,0,-7,18,13,6,0,13,12,sil
27.24573540687561,1,-3,-7,-9,-5,-12,-21,-7,-1,-3,0,3,-2,-4,sil
27.24573540687561,8,9,7,-19,0,-14,-28,-2,-16,-21,-7,9,-3,-8,sil
27.26080727577209,23,8,4,-7,-1,-18,-22,0,-10,-19,2,12,4,6,sil
27.26080727577209,26,1,3,-3,-3,-18,-16,2,0,-10,19,20,6,12,sil
27.27582240104676,2,4,-1,-14,-6,-9,-19,5,-1,-13,9,15,0,-1,sil
27.27582240104676,-10,8,-6,-2,0,-3,-15,1,-5,-16,-2,-2,-7,-10,sil
27.291306018829346,0,7,4,15,10,0,-1,0,-5,-15,0,-8,-6,-6,sil
27.291306018829346,-6,-1,-7,7,4,0,2,3,-6,-9,-7,-7,-10,-8,sil
27.307345151901245,-17,-6,-7,0,2,6,1,0,-3,0,-20,-13,-15,-9,sil
27.307345151901245,-5,-1,2,14,13,13,9,0,10,6,-17,-12,-7,0,sil
27.32308506965637,0,2,0,26,9,13,19,5,15,9,-8,-3,2,6,sil
27.32308506965637,-5,-1,6,21,-3,15,21,7,6,17,-1,1,0,8,sil
27.338184595108032,-9,-12,-4,9,-3,12,19,0,11,26,1,-6,2,9,sil
27.338184595108032,-2,-12,-3,-17,-5,-6,6,-4,18,20,1,-4,17,11,sil
27.354227781295776,15,4,7,-24,-10,-19,0,-5,17,15,18,20,33,19,sil
27.354227781295776,28,13,2,-7,-5,-17,-6,-2,4,7,34,37,23,20,sil
27.37024474143982,14,3,7,-7,-7,-16,-23,0,-23,-12,16,25,-7,0,sil
27.37024474143982,-5,-2,-4,-16,-10,-11,-27,-2,-38,-29,-9,-2,-21,-18,sil
27.386032581329346,-7,0,-3,-10,-4,3,-15,-6,-27,-25,-9,-16,-15,-17,sil
27.386032581329346,3,5,10,3,3,15,-4,0,-9,-6,10,-1,-7,-5,sil
27.402113914489743,9,9,7,19,14,12,6,5,1,12,18,8,0,3,sil
27.402113914489743,-2,5,8,24,17,8,9,1,-4,8,-3,-10,-8,-5,sil
27.41708207130432,-13,0,-2,19,6,14,14,-1,-6,3,-18,-21,-15,-12,sil
27.41708207130432,0,1,-5,16,0,18,34,1,10,15,-12,-8,-1,10,sil
27.433533668518063,1,-3,0,2,0,7,30,-1,19,9,-19,-8,4,17,sil
27.433533668518063,-16,-19,-16,-23,-7,-4,6,-2,12,-2,-22,-17,0,-2,sil
27.448250770568848,-11,-13,-11,-29,-13,-3,2,3,20,4,-1,-2,4,-3,sil
27.448250770568848,4,-1,-5,-12,-3,-3,4,2,29,13,11,10,13,7,sil
27.46382021903992,0,-3,-4,-11,0,-14,-11,-2,8,-1,7,5,10,-1,sil
27.46382021903992,-7,-7,1,-32,-12,-14,-26,-3,-17,-18,8,3,5,-15,sil
27.479374647140503,0,-6,-4,-26,-9,-10,-25,-6,-23,-22,10,0,0,-15,sil
27.479374647140503,6,5,5,6,7,-14,-19,-1,-15,-23,6,0,-11,-13,sil
27.4945547580719,0,17,7,27,17,-6,-6,5,-1,-12,15,5,-1,-10,sil
27.4945547580719,1,14,7,24,14,11,0,2,6,1,15,7,10,1,sil
27.510375022888184,7,10,15,28,12,15,0,2,7,14,-1,0,5,12,sil
27.510375022888184,-1,6,0,25,8,8,6,9,-1,19,-11,-7,-1,7,sil
27.525918006896973,-11,-6,-5,4,3,10,13,2,-8,12,-15,-12,-5,0,sil
27.525918006896973,-9,-13,-9,0,-1,13,16,-9,-2,8,-19,-10,-9,3,sil
27.541953086853027,-7,-12,-12,-2,-12,6,18,-8,0,3,-22,-8,-8,7,sil
27.541953086853027,-1,-7,1,-13,-18,-2,7,0,1,-9,-19,-4,-2,0,sil
27.5571563243866,8,-3,0,-9,-14,-11,-9,-2,6,-14,-7,6,1,1,sil
27.5571563243866,12,0,6,-3,-10,-13,-14,-3,0,-11,0,16,-2,3,sil
27.573809385299683,18,6,9,-4,-5,-14,-17,1,-7,-5,7,19,2,2,sil
27.573809385299683,19,10,4,-1,-4,-19,-32,1,2,0,23,20,15,6,sil
27.588307857513428,0,2,6,-10,-13,-12,-29,0,2,0,21,15,8,0,sil
27.605214834213257,-12,-2,0,-16,-7,4,-3,4,-3,-2,11,1,0,-12,sil
27.605214834213257,3,11,6,0,8,8,4,2,-5,-4,13,0,0,-7,sil
27.605214834213257,10,17,3,14,14,1,2,-1,-5,-9,15,6,1,5,sil
27.62025475502014,-4,3,-8,12,12,7,10,1,-8,-4,4,-3,0,6,sil
27.62025475502014,-9,0,2,12,13,18,16,6,-3,13,-7,-15,-5,0,sil
27.635831356048584,-1,2,0,17,22,19,22,2,8,27,-6,-15,0,6,sil
27.635831356048584,3,-1,-1,10,24,18,31,0,11,21,-6,-10,4,11,sil
27.650858640670776,-2,-6,-6,7,12,16,30,0,3,13,-6,-8,-3,4,sil
27.66689085960388,-7,-7,-10,0,1,3,19,0,9,17,1,-2,0,3,sil
27.66689085960388,-1,-12,-1,-23,-1,-5,14,0,21,18,0,1,8,7,sil
27.66689085960388,4,-18,-8,-34,-9,-10,7,-4,9,2,-14,-5,-1,2,sil
27.682927131652832,0,-10,-4,-16,-21,-14,-16,-8,-8,-16,-10,-7,-11,-8,sil
27.682927131652832,-15,-7,-5,-10,-29,-20,-37,-6,-13,-26,-10,-7,-14,-18,sil
27.697995901107788,-21,-10,-15,-18,-23,-21,-31,0,-12,-28,-19,-11,-17,-20,sil
27.714093446731567,0,7,3,-2,-3,-6,-12,3,-10,-18,0,6,-5,-5,sil
27.714093446731567,20,25,14,16,8,5,-2,0,-1,-3,26,29,7,4,sil
27.73113918304444,11,17,10,12,0,-3,-4,0,0,-9,14,18,0,-8,sil
27.73113918304444,-1,10,4,14,0,-6,-4,3,0,-17,8,5,-7,-16,sil
27.73113918304444,-2,8,2,30,12,8,0,6,-1,1,15,3,-2,-2,sil
27.747227430343628,-3,-1,7,26,10,18,4,5,0,21,1,-4,3,4,sil
27.747227430343628,-11,-13,-5,5,0,14,12,-3,4,19,-11,-17,13,0,sil
27.761179447174072,-12,-16,-9,-16,-7,2,5,-9,3,6,-12,-15,13,0,sil
27.77680945396424,-4,-15,-5,-24,-15,-11,-13,-1,1,3,-8,-3,9,4,sil
27.77680945396424,0,-4,-2,-19,-15,-20,-29,0,0,-1,0,3,12,2,sil
27.77680945396424,1,8,7,-11,0,-9,-24,-5,-7,-13,2,6,4,-4,sil
27.792327404022217,9,10,2,4,16,11,6,-4,-5,-7,4,5,-3,0,sil
27.807903051376343,16,10,13,20,20,23,28,3,-2,0,3,9,0,12,sil
27.807903051376343,13,12,16,22,17,15,20,6,-6,0,-2,5,3,19,sil
27.82615208625793,6,-1,-5,5,7,0,9,4,2,12,-8,-7,0,18,sil
27.82615208625793,2,-19,-4,-16,-9,-6,8,4,20,24,-4,-8,1,8,sil
27.82615208625793,8,-10,-9,-18,-13,-10,6,1,29,15,6,6,13,4,sil
27.84025239944458,16,8,0,-7,-4,-8,0,1,17,0,14,23,15,9,sil
27.84025239944458,7,11,9,-5,-1,-10,-14,0,-2,-12,10,21,0,-3,sil
27.85510969161988,-1,4,-4,0,0,-10,-15,-5,-10,-17,1,1,-15,-16,sil
27.869524002075195,1,11,1,12,9,6,3,-2,-8,-9,-4,-5,-20,-6,sil
27.869524002075195,-8,7,-10,17,16,15,15,2,-9,0,-8,-9,-24,-1,sil
27.88524460792541,-26,-7,-8,10,6,7,6,1,-12,0,-11,-23,-27,-12,sil
27.88524460792541,-15,-9,0,6,-5,10,9,-1,-2,9,-6,-17,-16,-4,sil
27.900847673416138,-3,-9,-10,0,-6,5,13,-6,3,12,0,-5,0,7,sil
27.900847673416138,-13,-14,-2,-21,-9,-8,-3,-2,-7,-7,-8,-5,3,0,sil
27.91590476036072,-15,-16,-14,-33,-15,-12,-11,0,-13,-20,-12,-9,5,-11,sil
27.91590476036072,1,-1,-3,-20,-13,-9,-10,-1,-13,-14,0,-1,8,-12,sil
27.931098222732544,12,20,21,3,-1,-4,-18,1,-4,-3,15,12,12,-9,sil
27.931098222732544,12,22,9,19,9,-1,-16,4,17,10,31,21,22,4,sil
27.9472873210907,11,9,18,16,12,5,-2,2,14,6,23,14,14,13,sil
27.9472873210907,-2,-1,0,11,14,13,5,-1,-11,-5,0,-7,-11,-1,sil
27.96229767799377,-15,-3,-4,9,11,11,-1,-1,-20,-7,-15,-19,-17,-12,sil
27.96229767799377,-8,-1,14,15,8,11,4,0,-6,5,-11,-9,-1,-5,sil
27.977943181991577,-1,-9,-3,21,6,15,20,-4,6,15,-6,-7,0,0,sil
27.977943181991577,-1,-13,5,4,-7,2,13,-6,10,10,-16,-6,-4,5,sil
27.993292093276978,0,-10,-12,-14,-19,-14,10,1,19,11,-15,2,7,20,sil
27.993292093276978,0,-11,-24,-21,-17,-15,12,9,27,10,-3,4,13,17,sil
28.00916314125061,1,-14,4,-27,-16,-11,-3,7,22,0,-1,2,5,-3,sil
28.00916314125061,4,-1,-9,-24,-17,-23,-17,-1,21,1,4,10,13,-2,sil
28.025216102600098,13,15,7,-8,-10,-19,-15,-3,9,1,16,26,18,12,sil
28.025216102600098,13,13,10,1,0,-2,-11,-5,-4,-6,17,22,5,1,sil
28.0404064655304,0,0,-14,-7,6,-2,-18,-8,-13,-16,11,1,-11,-17,sil
28.0404064655304,-6,6,3,-12,4,-4,-22,1,-26,-25,0,-9,-25,-24,sil
28.056161642074585,-5,9,-12,1,7,-1,-12,0,-31,-22,-13,-16,-28,-25,sil
28.056161642074585,-11,0,0,0,6,3,-12,-3,-33,-21,-18,-20,-23,-22,sil
28.07218742370605,-15,2,11,7,5,8,-8,1,-24,-13,-1,-15,-11,-4,sil
28.07218742370605,10,19,-12,35,18,11,16,6,9,16,16,0,13,19,sil
28.087833404541016,29,19,23,35,25,21,31,6,21,30,14,16,23,23,sil
28.087833404541016,16,7,11,20,21,25,31,3,21,30,16,20,29,29,sil
28.103152990341187,35,12,-25,15,22,7,29,-2,39,38,37,38,46,49,sil
28.103152990341187,38,12,41,0,8,1,7,0,16,15,21,34,21,34,sil
0.0370690822601318,-17,-20,37,-13,-20,7,-5,3,-32,-17,-21,-12,-26,-9,sil
0.0370690822601318,-33,-33,-36,-5,-24,0,6,0,-22,-9,-28,-25,-27,-19,sil
0.0519831180572509,-5,-13,-3,-2,-12,-4,13,-3,-3,0,-21,-2,-16,-4,sil
0.0519831180572509,-10,-8,7,-7,-8,5,9,-3,-10,-9,-27,-16,-20,-3,sil
0.0680480003356933,-22,-14,-29,-10,-5,1,1,0,-2,-12,-20,-30,-8,-14,sil
0.0839242935180664,-18,-7,0,-9,1,-11,0,4,10,3,-8,-13,0,-17,sil
0.0839242935180664,-14,1,-5,0,1,-11,2,0,17,22,1,-8,1,-8,sil
0.0839242935180664,-3,1,-10,6,-6,-5,-10,-7,8,4,3,-9,5,-3,sil
0.0999808311462402,0,1,10,1,-4,-2,-23,-1,-8,-23,3,2,2,-8,sil
0.0999808311462402,-4,1,-21,1,-1,-9,-18,2,-12,-20,13,7,0,-8,sil
0.1151483058929443,-1,7,1,-3,-5,-10,-19,2,-16,-17,1,-2,-3,-7,sil
0.1151483058929443,-4,6,12,-8,0,2,-8,0,-8,-17,-20,-10,-7,-10,sil
0.1308858394622802,-19,-10,-21,-18,2,2,0,-1,10,-6,-16,-14,-6,-12,sil
0.1308858394622802,-23,-18,-4,-21,-7,-1,-6,-1,1,-3,-6,-12,-5,-9,sil
0.1469092369079589,-2,-5,-4,-3,-6,1,0,0,3,4,-3,-5,4,0,sil
0.1469092369079589,21,9,16,2,-3,0,13,5,28,19,17,19,18,18,sil
0.1629974842071533,27,15,27,-1,-5,-9,0,3,30,21,38,40,22,23,sil
0.1629974842071533,22,10,0,6,4,-16,-12,-8,5,9,28,31,10,6,sil
0.1780400276184082,18,13,15,11,12,-4,-16,-8,-12,-3,10,15,-4,-5,sil
0.1780400276184082,7,12,3,7,4,5,-9,-2,-17,-1,6,1,-12,-4,sil
0.721930980682373,0,-2,0,-5,7,12,0,-7,-22,-14,-12,-6,-8,-7,sil
0.721930980682373,-2,0,-3,4,12,10,7,7,6,3,-11,-8,0,0,sil
0.7375266551971436,-7,0,0,16,1,6,5,10,18,12,-6,-2,2,0,sil
0.7375266551971436,-2,0,-7,14,-5,5,0,4,15,3,-9,-3,-2,0,sil
0.7531692981719971,4,0,6,18,-1,5,3,3,3,0,-6,0,-1,5,sil
0.7531692981719971,-2,0,0,27,2,0,7,-1,1,6,0,3,2,2,sil
0.7687475681304932,-11,-5,-7,14,0,-6,0,-5,3,3,0,1,-2,-2,sil
0.7687475681304932,-4,-7,3,-5,-2,0,0,-4,-1,-5,2,1,-4,2,sil
0.7842435836791992,0,0,-4,0,-4,10,4,-6,0,-1,0,1,0,5,sil
0.8003051280975342,-6,1,-3,7,-3,7,0,-5,3,4,-14,-7,-4,-7,sil
0.8003051280975342,-5,-8,-5,0,-1,0,-6,0,0,4,-13,-6,-9,-10,sil
0.8003051280975342,6,-9,0,-2,-1,0,0,7,5,11,6,5,4,12,sil
0.815892219543457,12,4,12,0,-2,2,4,13,23,26,14,12,16,29,sil
0.815892219543457,11,7,2,1,0,-5,0,1,27,27,8,6,11,18,sil
0.8320107460021973,16,4,5,2,9,-3,-3,-5,11,6,9,10,7,7,sil
0.8320107460021973,4,2,-1,-2,8,4,-4,0,-6,-9,6,7,7,2,sil
0.8480415344238281,-9,0,-9,-16,0,-2,-2,0,-16,-12,-3,-5,0,-5,sil
0.8480415344238281,1,2,3,-11,0,-12,3,-3,-12,-6,-3,-5,0,-4,sil
0.8632392883300781,9,1,0,0,0,-7,9,-3,-3,2,-4,-6,4,0,sil
0.8632392883300781,-1,0,0,-2,-4,3,10,0,0,0,-11,-10,-6,-3,sil
0.8793108463287354,-6,2,-2,-4,-2,5,12,3,2,-5,-2,0,-11,-7,sil
0.8793108463287354,-6,-2,-8,-12,0,-3,6,5,4,-6,-1,1,-3,-7,sil
0.8950271606445312,-5,-10,-1,-19,-3,-5,-5,0,1,-3,-11,-9,-1,-12,sil
0.8950271606445312,5,-2,-5,-1,2,6,-3,-4,2,-2,3,0,1,-2,sil
0.9110832214355468,4,0,3,2,6,8,0,0,0,-4,16,6,3,4,sil
0.9110832214355468,-12,-7,0,-16,-5,-1,-3,2,0,-5,9,-3,2,-8,sil
0.9272329807281494,-6,-2,-10,-9,-8,-7,0,0,8,-1,15,0,5,-11,sil
0.9272329807281494,10,10,5,5,0,-3,5,1,15,2,15,11,4,2,sil
0.9433867931365968,5,7,4,0,4,-1,0,2,10,1,2,8,3,7,sil
0.9433867931365968,5,6,4,2,5,-1,-4,1,-3,0,2,8,7,3,sil
0.9579577445983888,14,13,7,15,3,-4,-2,2,-9,-1,1,10,7,2,sil
0.9579577445983888,3,7,1,12,0,-7,-9,-2,-7,-7,-6,0,0,3,sil
0.9731073379516602,-6,3,12,5,0,-1,-18,-4,-13,-9,-1,1,-3,0,sil
0.9731073379516602,-7,3,-2,8,-1,0,-11,0,-27,-9,0,1,-5,-9,sil
0.989143133163452,-11,-6,-4,6,-8,-1,-6,0,-30,-13,-10,-11,-15,-13,sil
1.0062038898468018,-7,-10,7,11,-1,8,-4,-1,-9,2,-2,-5,-7,2,sil
1.0062038898468018,0,-4,2,16,9,11,0,1,3,19,0,2,0,10,sil
1.0062038898468018,-4,-6,0,6,2,2,0,0,-6,8,-16,-10,-15,-2,sil
1.0202856063842771,-9,-11,-12,2,-6,1,-7,-5,-6,3,-20,-21,-22,-4,sil
1.0348825454711914,-2,-13,-6,1,-4,6,-2,-4,4,10,-13,-12,-5,5,sil
1.0348825454711914,0,-13,1,-10,-2,0,6,1,6,6,-8,-1,0,10,sil
1.051269769668579,2,-4,-10,-17,-1,-4,7,0,15,6,1,1,-1,10,sil
1.051269769668579,7,3,0,-13,0,0,7,-2,28,7,1,0,6,3,sil
1.051269769668579,2,0,-3,-8,0,2,9,0,21,-4,-3,0,14,-1,sil
1.0664324760437012,0,7,-1,-5,-2,-5,1,2,1,-12,5,15,10,0,sil
1.0842297077178955,11,19,10,-6,1,-6,-1,0,0,-7,15,25,6,-5,sil
1.0842297077178955,10,7,-2,-14,6,-5,6,-1,5,-7,9,13,8,-14,sil
1.0842297077178955,0,0,1,-15,1,-3,9,8,-5,-18,4,0,0,-13,sil
1.0982792377471924,-2,11,3,2,0,6,9,8,-15,-11,12,0,-5,-2,sil
1.0992779731750488,3,17,7,23,9,17,16,-1,-6,4,14,1,3,3,sil
1.1124510765075684,1,9,10,23,16,16,13,0,-4,4,-1,-3,5,-3,sil
1.1292355060577393,-6,-4,-9,14,18,11,10,3,-8,2,-10,-18,-5,-4,sil
1.1292355060577393,-4,-6,1,15,12,10,16,0,3,20,-1,-15,0,14,sil
1.1456990242004397,3,-5,4,21,0,3,11,-1,22,33,3,-2,13,22,sil
1.1456990242004397,4,-13,-10,4,-13,-7,-8,1,21,15,-4,-8,7,8,sil
1.1614253520965576,-6,-15,-5,-18,-17,-7,-20,-1,14,1,-7,-13,0,0,sil
1.1614253520965576,-17,-9,-10,-16,-10,-6,-15,-9,6,1,-4,-2,3,3,sil
1.1614253520965576,-5,-8,-4,-4,-10,-15,-14,-5,-1,-3,-10,6,-3,5,sil
1.1762237548828125,9,-5,-2,-3,-15,-19,-18,-3,0,-4,-5,7,-4,0,sil
1.1762237548828125,9,2,0,-13,-10,-11,-17,-3,2,1,7,9,9,-2,sil
1.1903293132781982,13,11,18,-15,1,0,-6,2,1,2,19,18,18,8,sil
1.206310510635376,16,9,6,-5,5,-3,-2,0,-4,0,29,22,12,8,sil
1.206310510635376,0,0,-1,-6,-3,-16,-18,-8,-25,-11,12,11,-3,-10,sil
1.2217323780059814,-16,-5,-2,-17,-8,-14,-24,1,-35,-25,-7,-1,-14,-16,sil
1.2217323780059814,-7,-1,-2,-11,0,-4,-6,9,-9,-15,0,0,-8,-9,sil
1.2373924255371094,1,6,8,0,4,0,0,3,3,-3,5,6,-5,-10,sil
1.2373924255371094,0,7,0,6,6,0,-1,0,-4,-2,-2,0,-10,-8,sil
1.252922534942627,2,9,3,9,6,6,11,6,-2,-4,-8,-3,-9,-1,sil
1.252922534942627,0,6,1,7,6,14,23,2,8,-8,-11,-3,-8,-3,sil
1.2682924270629885,-12,-7,-12,0,3,11,15,-8,0,-18,-13,-15,-20,-10,sil
1.2682924270629885,-11,-6,2,2,0,5,6,-3,-15,-17,-12,-22,-23,-12,sil
1.28403902053833,-3,4,1,18,5,10,9,7,-10,-3,-13,-19,-10,-6,sil
1.28403902053833,0,3,-2,23,10,21,11,5,-4,0,-16,-13,-8,1,sil
1.2989792823791504,-2,-5,-3,13,4,22,14,-3,-1,1,-11,-11,-4,0,sil
1.2989792823791504,-4,-4,-6,9,0,16,17,-3,8,14,-7,-10,8,2,sil
1.3144583702087402,-2,0,4,13,4,13,12,0,10,24,-9,-5,8,14,sil
1.3144583702087402,0,0,-6,14,1,4,13,-6,7,22,-2,-1,7,20,sil
1.3299813270568848,9,-1,-3,5,-8,-5,8,-3,11,18,4,5,19,18,sil
1.3303747177124023,18,-2,13,-1,-8,-8,-5,6,14,17,10,15,23,12,sil
1.3460042476654053,13,-6,2,-17,-1,-16,-12,5,14,13,19,18,21,9,sil
1.3460042476654053,5,-10,2,-44,-7,-27,-14,0,14,3,18,19,20,8,sil
1.361900806427002,2,-4,-4,-46,-13,-27,-23,3,8,-7,14,17,11,3,sil
1.361900806427002,4,8,0,-19,-10,-18,-25,1,3,-8,24,20,7,-1,sil
1.3772644996643066,7,15,15,1,-1,-5,-17,-1,1,-3,24,22,10,-1,sil
1.3772644996643066,1,7,2,12,8,0,-8,-3,-8,-9,1,1,-4,-5,sil
1.3927295207977295,-8,6,1,21,14,2,0,-2,-19,-17,-7,-15,-24,-13,sil
1.3927295207977295,-10,10,-3,26,12,6,15,0,-10,-1,0,-4,-15,-9,sil
1.4092507362365725,-9,1,-4,20,4,10,16,0,0,15,-2,-3,0,-2,sil
1.4092507362365725,-12,-13,0,3,0,12,6,-1,1,9,-11,-20,0,-9,sil
1.4251489639282229,-5,-16,-11,-6,0,8,7,-2,4,3,-8,-18,-4,-6,sil
1.4251489639282229,3,-5,-3,-13,-5,0,1,-2,4,1,-9,0,0,5,sil
1.4400482177734375,1,-4,-7,-19,-16,-8,-15,-2,5,-2,-8,-3,5,5,sil
1.4400482177734375,7,-3,-5,-12,-12,-9,-17,1,6,-6,0,0,2,1,sil
1.455146551132202,21,11,16,1,7,0,-2,1,1,-6,9,19,0,0,sil
1.455146551132202,12,16,-1,-1,10,-3,-4,-1,-15,-14,7,13,-5,-9,sil
1.470198631286621,-10,3,-3,-11,-8,-11,-18,0,-35,-28,-4,-9,-21,-17,sil
1.470198631286621,-18,1,4,3,-6,-1,-8,0,-34,-29,-11,-10,-29,-11,sil
1.485811471939087,-7,6,4,26,10,17,17,1,-15,-16,-9,0,-18,0,sil
1.485811471939087,-3,1,10,23,12,22,27,6,0,1,-8,0,-8,5,sil
1.5009722709655762,-8,-9,-4,6,1,15,21,5,14,23,-2,-1,0,14,sil
1.5009722709655762,-8,-14,-5,-2,-8,7,16,1,25,31,0,-2,5,15,sil
1.5169939994812012,-9,-13,-9,-10,-8,2,12,0,21,21,-7,-11,3,-1,sil
1.5169939994812012,-7,-17,-19,-26,-3,-1,1,-3,11,9,-12,-13,7,-6,sil
1.532182693481445,1,-13,2,-27,-8,-7,-12,-5,3,1,-3,0,18,3,sil
1.5482122898101809,5,1,9,-5,-8,-16,-15,-2,0,-2,6,9,16,-1,sil
1.5482122898101809,13,18,13,11,7,-13,-10,0,-6,-4,13,12,9,-4,sil
1.5633325576782229,27,23,17,20,14,-3,-9,2,-3,0,25,21,18,12,sil
1.5633325576782229,21,17,10,26,8,-1,-5,1,7,2,25,14,22,13,sil
1.5633325576782229,6,11,10,16,10,0,3,3,3,0,11,5,13,0,sil
1.5798563957214355,4,2,-4,2,15,-3,6,5,-6,-1,7,0,5,0,sil
1.5956506729125977,-1,2,-1,0,3,0,0,0,-10,-4,-4,-16,-8,0,sil
1.5956506729125977,-15,-1,-8,6,-3,15,1,-6,-7,-6,-20,-28,-19,-12,sil
1.6103596687316897,-21,-17,-23,0,0,20,11,-4,-4,-5,-23,-23,-22,-14,sil
1.6103596687316897,-22,-22,-7,-18,-7,9,15,2,-2,-4,-35,-20,-30,-7,sil
1.6107308864593506,-9,-8,-9,-12,-9,6,19,1,8,8,-38,-17,-19,1,sil
1.626344919204712,9,0,-7,5,0,9,15,-1,25,23,-6,2,3,17,sil
1.626344919204712,5,-5,2,0,0,1,1,-1,24,14,12,16,5,20,sil
1.6419086456298828,-1,-11,-8,-19,-10,-13,-11,1,10,1,10,20,4,10,sil
1.6583492755889893,10,0,3,-22,-11,-17,-20,1,10,1,20,25,14,2,sil
1.6583492755889893,16,11,4,-9,-2,-17,-21,-7,8,-7,24,19,10,-5,sil
1.6583492755889893,11,12,7,-2,-5,-20,-20,-8,-8,-19,15,18,9,-11,sil
1.6741993427276611,18,13,15,1,-6,-15,-22,0,-10,-5,30,36,24,0,sil
1.6741993427276611,14,14,3,6,0,-10,-24,5,-1,9,39,26,16,5,sil
1.6893277168273926,-11,4,6,4,2,-9,-19,1,-13,-2,11,-6,-10,-9,sil
1.6893277168273926,-19,-1,3,9,8,1,0,-1,-24,-10,-2,-15,-9,-14,sil
1.706265211105347,-2,3,2,24,17,15,9,-3,-25,-6,0,-11,0,-4,sil
1.706265211105347,0,4,4,22,8,12,-1,-3,-26,-11,-7,-13,-13,-9,sil
1.7199537754058838,-10,-7,-6,3,-1,7,0,-1,-16,-7,-14,-18,-17,-14,sil
1.7199537754058838,-10,-11,3,-4,3,14,12,1,-8,0,-15,-17,-7,-5,sil
1.7363653182983398,-5,-3,1,1,7,12,13,0,-5,-2,-16,-12,-3,-1,sil
1.7363653182983398,-3,-2,-4,-4,0,1,19,0,6,4,-12,-6,-5,0,sil
1.7501945495605469,-7,-9,-3,-13,-3,9,34,10,15,18,-13,-9,-4,5,sil
1.7671771049499512,-15,-9,-19,-9,-3,14,29,11,15,11,-20,-22,-3,6,sil
1.7671771049499512,-11,-3,-4,-7,1,3,12,1,17,-2,-19,-15,-5,2,sil
1.7671771049499512,1,-4,4,-6,5,1,8,0,17,-2,-12,-1,-4,3,sil
1.7817373275756836,3,-4,-8,-1,-3,3,1,0,5,-2,-15,-3,-5,8,sil
1.7972824573516846,-3,-3,-2,-7,-16,-2,-8,-3,-2,-8,-18,-8,-7,1,sil
1.7972824573516846,6,-2,-5,-7,-11,-6,-6,-7,3,-3,-5,0,6,4,sil
1.8123912811279297,31,11,9,10,0,-4,-3,0,11,8,13,19,25,23,sil
1.8123912811279297,21,14,12,14,-4,-10,-8,7,11,16,20,18,25,16,sil
1.828467845916748,-2,-5,-5,-2,-13,-12,-11,2,7,8,9,2,11,-8,sil
1.828467845916748,6,-2,0,1,0,0,-10,0,5,0,5,5,4,-7,sil
1.844401836395264,17,15,2,19,19,6,-3,0,0,5,20,19,2,6,sil
1.844401836395264,9,15,9,16,14,-1,-5,-1,-5,10,25,25,0,3,sil
1.860081911087036,5,4,6,2,0,-4,-10,-2,-2,4,19,19,10,0,sil
1.860081911087036,3,0,-5,-3,1,-3,-7,-2,-1,-1,15,5,10,0,sil
1.875105619430542,-4,0,7,-4,3,-3,-1,-1,-12,-14,3,0,-11,-11,sil
1.875105619430542,-10,3,0,0,1,-5,1,-1,-6,-13,-4,-1,-17,-14,sil
1.890342235565185,-11,0,-4,-3,3,-5,0,0,2,0,1,0,-3,-8,sil
1.8908476829528809,-15,-9,-4,-10,3,-1,0,1,2,6,6,-3,4,-12,sil
1.9062292575836184,-15,-8,-10,-7,0,2,5,2,3,5,2,-4,1,-4,sil
1.9062292575836184,0,0,4,0,-5,4,7,0,1,2,0,2,-2,13,sil
1.922300100326538,8,-4,2,0,-6,-3,-4,-3,-8,-1,-1,0,-5,11,sil
1.922300100326538,-12,-15,-5,-9,-9,-12,-18,-4,-16,-10,-12,-17,-12,-5,sil
1.938374757766724,-26,-13,-10,-17,-15,-4,-15,0,-13,-14,-16,-21,-12,-13,sil
1.938374757766724,-6,-9,-9,-8,-15,5,0,2,-7,-11,-8,-10,-3,-2,sil
1.9539494514465328,11,-1,12,-1,0,12,14,2,0,-4,-7,-3,0,8,sil
1.9539494514465328,11,8,3,4,11,13,16,0,2,1,-8,-4,0,6,sil
1.9694886207580569,11,14,-2,9,2,4,4,-1,-2,-3,-6,-5,2,-2,sil
1.9694886207580569,5,4,1,0,-2,-5,-3,0,-9,-14,-10,-4,-4,-8,sil
1.985013008117676,-4,-5,-9,-13,4,-4,0,0,-3,-7,-12,-5,-7,-7,sil
1.985013008117676,0,3,6,0,9,8,7,4,5,9,1,4,4,1,sil
2.007066488265991,15,16,14,22,12,13,7,5,11,19,19,21,16,16,sil
2.007066488265991,18,16,14,25,15,1,0,-1,11,8,15,21,17,12,sil
2.007066488265991,5,7,7,8,4,-6,-10,-4,5,-1,3,8,14,-6,sil
2.0171265602111816,-9,-3,-12,-1,-6,-7,-10,-1,-3,1,-5,-7,1,-12,sil
2.033186674118042,-17,-4,-1,-1,-1,-1,-4,-1,-14,-3,-19,-18,-25,-17,sil
2.033186674118042,-20,-3,-4,-2,0,0,-3,-5,-8,-10,-16,-22,-30,-25,sil
2.0495381355285645,-15,-8,-11,-2,-6,1,-1,0,0,-1,0,-8,-14,-14,sorry
2.0495381355285645,0,0,8,15,3,4,7,8,5,10,7,12,-2,10,sorry
2.0682268142700195,10,9,4,27,11,7,13,4,17,14,9,15,4,24,sorry
2.0682268142700195,1,-1,-1,0,-2,3,9,0,13,14,0,5,4,19,sorry
2.0682268142700195,-1,-7,-3,-6,0,2,13,0,1,16,-2,-1,5,17,sorry
2.08029580116272,8,1,0,13,10,6,15,0,8,13,8,1,15,22,sorry
2.0959911346435547,8,-3,5,-2,-3,4,8,-1,10,8,10,1,14,16,sorry
2.0959911346435547,-3,-19,-13,-34,-22,-3,5,0,-1,10,0,-5,8,9,sorry
2.1113977432250977,5,-13,-1,-23,-14,0,4,0,11,11,3,2,17,14,sorry
2.1113977432250977,18,1,6,4,-2,5,2,0,33,0,6,14,19,12,sorry
2.1275150775909424,7,-1,-7,-1,-6,-7,-6,-4,17,-10,-4,1,4,-6,sorry
2.1275150775909424,-5,-9,-5,-21,-15,-20,-19,-2,-4,-17,-6,-7,0,-21,sorry
2.1434459686279297,-8,-3,-9,-18,-8,-12,-14,0,-7,-23,1,3,2,-17,sorry
2.1434459686279297,-10,0,-1,-14,-1,-8,-6,0,-17,-25,1,6,-8,-17,sorry
2.1595728397369385,-16,-11,-1,-22,-13,-16,-15,0,-31,-18,2,2,-14,-21,sorry
2.1595728397369385,-8,-5,0,-10,-16,-16,-22,0,-29,-20,3,5,-10,-16,sorry
2.1749532222747803,4,15,19,11,6,-5,-10,3,-20,-25,0,10,-11,-12,sorry
2.1749532222747803,6,19,5,16,20,0,1,3,-4,-1,12,3,-2,-7,sorry
2.1909329891204834,9,20,5,20,16,0,-5,2,-3,16,25,4,7,3,sorry
2.1909329891204834,18,32,22,37,18,0,-15,-1,-15,2,14,11,3,8,sorry
2.2069666385650635,17,23,10,34,27,4,-3,-1,-4,0,-2,3,0,6,sorry
2.2069666385650635,4,7,-2,12,23,17,11,2,13,18,-7,-8,-1,7,sorry
2.2240114212036133,0,3,-13,10,14,20,13,1,10,15,-7,-15,-6,2,sorry
2.2240114212036133,-2,0,-3,9,11,16,3,0,0,3,-18,-18,-8,-6,sorry
2.238167524337769,-8,-9,-4,-10,1,12,-1,-1,-8,1,-31,-24,-15,-11,sorry
2.238167524337769,-16,-19,-18,-31,-16,1,-4,-6,-17,-11,-32,-27,-26,-11,sorry
2.2533295154571533,-12,-15,4,-25,-15,-2,1,-2,-4,-11,-16,-9,-15,0,sorry
2.2533295154571533,-3,-7,5,-1,-1,2,11,4,15,11,-6,2,0,8,sorry
2.268364191055298,-8,-7,-5,0,-7,2,6,0,1,6,-16,-10,-10,1,sorry
2.268364191055298,-17,-10,-4,-10,-18,4,6,-1,-6,-7,-12,-15,-13,-4,sorry
2.284000873565674,-4,-8,-5,2,-7,9,22,4,20,13,9,2,13,7,sorry
2.284000873565674,3,-6,4,12,-1,8,23,4,32,23,15,14,25,23,sorry
2.299348831176758,0,-10,-7,3,-6,2,10,-2,15,8,9,5,11,20,sorry
2.299348831176758,2,-6,-7,1,0,0,10,-2,16,5,9,3,7,8,sorry
2.3144876956939697,3,0,6,-1,3,-1,12,1,26,8,6,10,16,8,sorry
2.3144876956939697,-3,-1,-6,-12,-1,-11,5,-1,17,9,9,13,21,7,sorry
2.329613208770752,1,-2,-1,-4,0,-20,-4,-4,1,11,24,21,19,-1,sorry
2.329613208770752,11,1,0,6,-1,-16,-13,-3,-5,1,21,19,16,-2,sorry
2.3452401161193848,13,1,2,-5,-12,-12,-15,1,-11,-16,4,9,6,0,sorry
2.3452401161193848,17,5,14,-10,-10,-15,-13,4,-9,-12,6,16,3,0,sorry
2.3611764907836914,17,13,5,7,6,-11,-13,0,-3,0,18,21,9,4,sorry
2.3611764907836914,12,16,9,10,12,-2,-9,0,-12,-7,10,11,4,1,sorry
2.3767523765563965,7,9,2,0,4,-1,-2,1,-12,-14,1,2,-1,-8,sorry
2.3767523765563965,0,1,-4,-9,-3,-2,-14,-1,-8,-13,0,0,-6,-12,sorry
2.392338991165161,-7,4,10,-8,-1,0,-25,-2,-23,-19,-11,-10,-15,-13,sorry
2.392338991165161,-10,4,-3,0,5,2,-14,0,-27,-22,-24,-28,-25,-18,sorry
2.407967090606689,-9,0,-4,7,2,4,-7,2,-8,-16,-22,-30,-31,-21,sorry
2.407967090606689,-3,5,1,11,0,4,-8,0,0,-5,-2,-12,-21,-14,sorry
2.423100233078003,-6,2,-4,5,1,1,-4,-1,-11,0,0,-6,-7,-7,sorry
2.423100233078003,-14,-7,-2,-3,2,6,1,0,-14,1,-7,-13,-12,-7,sorry
2.4391465187072754,-6,-7,-2,4,5,18,12,0,3,13,3,-5,-8,2,sorry
2.4391465187072754,6,0,6,15,9,22,23,1,19,27,9,9,11,16,sorry
2.453139305114746,2,-1,1,10,8,15,21,0,11,19,-15,1,10,13,sorry
2.46971082687378,-6,-3,-5,2,0,2,11,-2,2,5,-24,-14,-2,10,sorry
2.46971082687378,-7,-4,0,-6,-7,2,1,0,3,1,-8,-12,-1,8,sorry
2.4702236652374268,-9,-10,-17,-14,-3,6,5,1,6,4,-6,-5,2,3,sorry
2.48567008972168,-5,-7,-6,-7,12,7,20,1,12,10,-9,0,5,9,sorry
2.5013017654418945,7,3,11,4,15,11,27,4,24,16,8,11,18,20,sorry
2.5013017654418945,8,1,-1,0,-3,3,17,4,27,17,16,11,23,15,sorry
2.5163261890411377,-2,-5,-4,-12,-15,-12,1,4,16,7,0,2,5,0,sorry
2.5163261890411377,-4,-5,-10,-14,-14,-22,-13,-2,0,-5,-6,-2,-3,-12,sorry
2.5163261890411377,3,-7,-1,-16,-19,-24,-26,-8,-15,-15,0,2,1,-11,sorry
2.533245086669922,7,-4,7,-8,-12,-18,-18,-4,-4,-10,6,12,7,-2,sil
2.547426223754883,13,6,3,6,4,-14,-7,-3,-1,-10,13,17,5,0,sil
2.547426223754883,11,9,11,-2,-5,-16,-21,-4,-27,-26,10,12,-5,-10,sil
2.547426223754883,-4,-2,-2,-16,-20,-14,-27,0,-27,-23,0,-4,-10,-20,sil
2.561962604522705,-6,1,0,-3,-1,0,-9,5,-2,0,5,-3,-4,-14,sil
2.577366828918457,2,17,16,15,22,10,10,7,3,7,25,15,3,0,sil
2.577366828918457,5,17,4,23,23,9,15,3,9,0,21,14,4,10,sil
2.592912435531616,11,11,10,26,17,6,7,1,10,0,3,4,-2,7,sil
2.592912435531616,11,10,4,28,19,10,3,1,-3,7,5,5,-3,7,sil
2.609435796737671,-2,1,0,22,12,16,7,0,-8,10,2,1,-1,14,sil
2.609435796737671,-8,-3,6,11,0,17,16,-3,3,10,-12,-7,-3,10,sil
2.609435796737671,-5,-10,-8,-1,-3,15,17,-1,13,19,-14,-12,-2,4,sil
2.626023292541504,-9,-15,-7,-15,-4,11,4,0,10,13,-20,-21,-5,0,sil
2.640968084335327,-5,-16,-13,-23,-10,0,-3,-2,4,-3,-26,-25,-7,-4,sil
2.640968084335327,2,-12,-17,-36,-15,-12,-3,-5,1,-11,-10,-6,1,-6,sil
2.640968084335327,0,-4,-5,-36,-16,-19,-8,-1,-7,-14,2,7,3,-11,sil
2.656300067901612,-3,5,-2,-3,-6,-19,-12,0,-23,-20,2,0,-9,-12,sil
2.6714389324188232,1,14,10,18,1,-8,-11,0,-27,-22,3,4,-4,-2,sil
2.6714389324188232,0,3,0,14,0,2,-8,0,-13,-13,3,5,6,0,sil
2.687232494354248,-9,-6,-7,15,0,8,-2,0,-7,1,-5,-9,0,-5,sil
2.687232494354248,-6,-1,7,19,5,17,6,-2,0,21,-6,-7,2,2,sil
2.7022900581359863,-1,-3,-9,4,-1,9,8,-7,14,20,-4,-3,16,11,sil
2.7022900581359863,-7,-17,-11,-12,-11,-4,0,-2,18,2,-12,-16,4,0,sil
2.7183187007904053,-5,-7,-4,-14,-3,-1,6,6,24,16,-1,-13,4,2,sil
2.7183187007904053,6,7,0,-6,2,0,8,6,27,26,15,7,19,14,sil
2.734159708023072,7,4,13,-4,1,-11,-8,3,3,-8,1,11,6,2,sil
2.734159708023072,2,1,5,-10,4,-12,-18,2,-2,-13,-2,7,-5,-7,sil
2.7491331100463867,5,9,11,-9,7,-2,-4,3,12,17,11,12,2,3,sil
2.7491331100463867,3,7,11,-1,3,1,1,3,0,4,7,12,-4,1,sil
2.76427960395813,0,0,0,-5,2,-1,-5,0,-20,-28,0,10,-20,-15,sil
2.76427960395813,8,3,11,-10,6,-3,-5,0,-12,-20,8,12,-12,-13,sil
2.7794628143310547,13,11,7,2,9,-3,3,0,-1,-4,9,6,0,0,sil
2.7794628143310547,8,16,5,16,4,-4,3,0,-13,-15,4,6,0,0,sil
2.795198678970337,10,10,2,22,0,-1,1,-1,-18,-16,12,13,-5,0,sil
2.795198678970337,4,0,-3,20,5,9,8,-1,-9,1,9,1,-7,10,sil
2.810302734375,-10,-5,5,11,9,19,13,2,0,6,2,-9,-3,10,sil
2.810302734375,-17,-9,-9,10,0,17,12,0,0,6,1,-16,1,1,sil
2.825812578201294,-13,-10,-14,6,-6,8,6,-4,-7,7,-12,-21,-7,0,sil
2.825812578201294,-12,-10,-10,-2,-6,4,3,-2,-4,6,-23,-16,-13,-2,sil
2.8413190841674805,-9,-9,-17,-3,-11,0,3,-2,6,7,-12,-6,0,-1,sil
2.8413190841674805,-3,-3,-1,-1,-17,-1,-2,0,9,9,-7,-2,8,0,sil
2.85636830329895,-3,-8,-1,-8,-12,-8,-7,1,15,8,-11,-6,9,-8,sil
2.85636830329895,-2,-12,-3,-12,-7,-12,-5,1,25,4,-11,-4,10,-8,sil
2.872980833053589,5,0,0,-9,-9,-10,-4,1,23,7,0,5,12,8,sil
2.872980833053589,13,7,-4,-9,-8,-11,-7,-2,16,9,13,15,20,14,sil
2.888096332550049,17,8,11,-11,2,-8,-8,0,14,5,23,23,25,6,sil
2.888096332550049,15,19,11,0,20,0,-1,3,8,0,23,20,11,1,sil
2.904507637023926,8,17,7,15,21,5,0,-1,-13,-10,0,3,-10,-4,sil
2.904507637023926,-2,2,6,17,13,10,5,-6,-28,-22,-19,-8,-16,-10,sil
2.919352054595948,-11,-4,-12,11,14,14,13,-4,-27,-14,-15,-15,-16,-8,sil
2.919352054595948,-14,-8,-4,0,8,12,5,0,-26,-7,-20,-28,-25,-6,sil
2.9353933334350586,-9,-12,0,-9,-2,4,-3,0,-7,0,-22,-22,-12,3,sil
2.9353933334350586,10,0,6,-2,2,-2,0,3,30,21,10,11,24,22,sil
2.951447010040283,26,8,12,4,5,-4,-1,2,35,28,38,32,35,22,sil
2.951447010040283,10,0,-2,-1,-10,-14,-12,-1,1,0,29,17,10,8,sil
2.9670114517211914,-3,-1,6,-13,-20,-27,-15,-1,-19,-19,12,11,-7,-1,sil
2.9832980632781982,0,4,3,-11,-11,-22,-13,0,-20,-10,9,8,-9,-8,sil
2.9832980632781982,0,2,-4,-5,-4,-6,-14,1,-31,-15,0,-5,-14,-15,sil
2.9832980632781982,-12,0,0,2,-1,10,-7,2,-31,-21,-7,-13,-14,-17,sil
2.99777626991272,-20,-4,-11,5,5,22,8,-1,-9,-10,-9,-17,-9,-16,sil
2.99777626991272,-23,-13,-7,-6,3,20,13,0,0,-5,-22,-22,-19,-11,sil
3.01472806930542,-19,-15,-6,-11,-5,13,13,5,15,9,-26,-21,-16,1,sil
3.01472806930542,-4,-7,-11,-4,-2,9,12,1,32,28,-11,-12,1,10,sil
3.0300958156585693,0,-3,-3,-3,3,3,11,-3,21,13,-8,-2,2,5,sil
3.044349908828736,-6,-7,-13,-15,-6,-6,15,0,6,-1,-12,0,-2,1,sil
3.044349908828736,-8,-9,-5,-30,-25,-15,5,2,9,0,-6,0,3,-2,sil
3.060043334960937,-4,-6,0,-27,-23,-20,-19,0,8,-3,0,-1,6,-14,sil
3.060043334960937,7,3,4,0,-5,-17,-26,-2,3,-7,1,7,5,-16,sil
3.060043334960937,25,21,24,21,4,-1,-13,0,2,-4,10,23,5,-8,sil
3.0761072635650635,27,30,14,28,14,4,-4,0,0,2,26,31,9,2,sil
3.0761072635650635,16,25,12,33,25,5,-2,0,-5,4,27,23,11,9,sil
3.0933682918548584,3,12,13,33,16,3,-3,-1,-21,-4,6,4,-1,0,sil
3.0933682918548584,-3,1,1,25,3,0,-9,-7,-34,-19,-10,-10,-16,-5,sil
3.105897188186645,2,6,6,31,11,3,-1,-5,-24,-8,-4,-1,-4,8,sil
3.121570348739624,7,11,-3,40,20,19,20,0,1,19,11,6,16,21,sil
3.121570348739624,2,0,0,25,14,24,31,4,17,29,14,5,16,21,sil
3.138308525085449,1,-9,5,7,3,15,31,5,22,23,12,4,12,23,sil
3.138308525085449,8,-10,-6,-1,-4,3,24,2,22,12,4,1,13,25,sil
3.138308525085449,13,-5,4,-8,-7,-1,9,3,16,2,-1,0,7,20,sil
3.152395486831665,14,0,3,-6,-1,-7,5,3,20,8,7,5,9,13,sil
3.168400764465332,11,-3,-1,-14,-1,-11,6,0,23,10,13,17,21,8,sil
3.168400764465332,8,-8,-4,-30,-6,-13,-3,-1,16,-3,4,16,19,4,sil
3.185137987136841,5,-3,-8,-23,-6,-15,-11,2,9,-13,0,4,4,0,sil
3.185137987136841,-3,1,2,-26,2,-4,-2,3,4,-12,-2,-3,-5,-7,sil
3.185137987136841,-12,0,-9,-41,9,3,0,-3,-3,-12,-15,-15,-10,-13,sil
3.199292182922364,-10,0,-14,-28,3,-8,-16,-3,-16,-8,-16,-26,-20,-20,sil
3.2153027057647705,-12,3,-5,-7,1,-8,-19,2,-22,1,-3,-24,-23,-28,sil
3.2153027057647705,-24,-1,-15,-6,8,9,-2,1,-17,3,-3,-20,-15,-29,sil
3.231358528137207,-31,-4,-7,-10,4,11,-4,-1,-21,0,-16,-21,-12,-24,sil
3.231358528137207,-26,-8,-7,-11,-5,0,-14,-3,-29,-4,-22,-23,-18,-16,sil
3.247441291809082,-27,-22,-13,-13,-18,0,-13,-9,-34,-18,-33,-38,-37,-23,sil
3.247441291809082,-40,-31,-16,-14,-34,-3,-20,-11,-41,-35,-54,-47,-53,-39,sil
3.2630302906036377,-39,-27,-22,-20,-33,-11,-25,-5,-28,-26,-43,-26,-32,-25,sil
3.2630302906036377,-24,-23,-3,-29,-35,-14,-26,-2,-7,-12,-14,-2,-8,-6,sil
3.2801051139831543,-34,-40,-7,-32,-61,-29,-45,-9,-23,-27,-23,-20,-19,-24,sil
3.2801051139831543,-20,-25,-2,-12,-52,-25,-43,-5,-30,-30,-23,-14,-17,-21,sil
3.2946696281433105,49,40,41,38,15,22,17,13,30,18,33,52,31,34,sil
3.2946696281433105,83,64,42,69,54,37,58,17,71,54,71,87,62,65,sil
3.310023069381714,51,36,29,47,33,7,36,6,36,25,52,63,45,42,sil
3.31044602394104,41,40,26,43,27,3,28,4,25,9,51,49,40,30,sil
3.326058387756348,59,50,26,56,37,10,38,4,43,26,58,51,49,38,sil
3.326058387756348,48,29,20,38,30,-2,22,3,28,21,46,42,38,34,sil
3.3431267738342285,23,15,2,21,26,-2,9,2,18,14,41,27,26,25,sil
3.3431267738342285,10,14,10,28,31,15,15,3,24,25,27,7,16,18,sil
3.3431267738342285,-3,2,0,29,24,12,13,2,10,17,1,-9,-1,3,sil
3.357639789581299,-11,-3,-13,19,9,0,4,0,-10,-3,-10,-15,-17,-2,sil
3.3727598190307617,-6,-3,0,4,0,5,1,-1,-17,-7,-20,-17,-17,-4,sil
3.3727598190307617,-13,-15,-17,-16,-1,11,2,-3,-17,-7,-36,-30,-13,-15,sil
3.3877384662628174,-28,-27,-24,-29,-3,5,0,-1,-18,-17,-43,-44,-26,-20,sil
3.3877384662628174,-31,-27,-18,-27,-5,3,3,-1,-19,-12,-39,-44,-32,-14,sil
3.403265476226806,-31,-33,-24,-35,-11,0,1,-3,-21,-3,-39,-40,-19,-18,sil
3.403265476226806,-31,-34,-19,-49,-27,-6,-6,-1,-19,-10,-37,-34,-14,-20,sil
3.419361352920532,-21,-23,-25,-43,-29,-8,-7,-3,-2,-6,-21,-26,-11,-6,sil
3.419361352920532,-13,-14,-15,-35,-16,-13,-14,-5,0,0,-16,-16,-8,-3,sil
3.435177087783813,-17,-12,0,-32,-16,-16,-25,-3,-2,-7,-17,-9,-9,-14,sil
3.435177087783813,-6,0,0,-16,-20,-4,-17,-2,6,-6,0,0,0,-10,sil
3.4504897594451904,12,12,9,-2,-9,0,-8,-1,13,7,11,13,11,0,sil
3.4504897594451904,6,-1,0,-5,-2,-13,-20,0,3,6,11,16,8,0,sil
3.4664628505706787,0,-7,0,-10,-8,-16,-22,2,4,0,24,28,11,1,sil
3.4664628505706787,13,10,11,-1,-5,-4,-4,3,14,3,34,38,20,4,sil
3.481341600418091,17,20,11,6,-2,-11,-3,0,1,2,18,21,5,-4,sil
3.481341600418091,10,15,19,7,-4,-20,-16,0,-18,-13,7,5,-8,-16,sil
3.497377157211304,1,9,3,5,0,-9,-11,0,-19,-20,14,5,-2,-12,sil
3.497377157211304,-5,8,2,5,5,5,0,0,-14,-13,7,1,-3,-4,sil
3.513211250305176,-2,14,18,16,11,8,4,1,-9,-4,-1,0,-4,-2,sil
3.513211250305176,6,12,11,30,20,4,15,0,-3,3,7,9,7,8,sil
3.529294490814209,11,12,15,34,22,10,17,0,1,7,15,10,8,17,sil
3.529294490814209,11,17,4,33,21,25,15,3,11,10,10,1,4,15,sil
3.544973134994507,8,8,-3,23,22,29,17,2,16,7,0,1,5,18,sil
3.544973134994507,5,-5,0,7,14,17,18,1,2,0,-7,-1,-3,11,sil
3.5600802898406982,1,-7,-8,4,1,3,12,0,-6,-6,-17,-19,-19,-2,sil
3.5600802898406982,0,0,-2,4,-1,6,8,0,0,-4,-20,-18,-14,0,sil
3.575207471847534,-1,-3,-4,7,-2,9,9,0,10,8,-8,-2,4,13,sil
3.575207471847534,-1,-12,-9,5,-5,1,6,0,5,13,-4,-3,3,5,sil
3.590935707092285,-8,-16,-1,-10,-6,-2,0,-1,-8,4,-17,-13,-9,-10,sil
3.590935707092285,-15,-19,-14,-27,-9,-11,-5,-2,-7,-3,-23,-14,-6,-6,sil
3.607003688812256,-10,-17,-10,-31,-17,-19,-5,-3,4,-3,-18,-5,1,7,sil
3.607003688812256,-10,-14,-13,-21,-17,-9,-1,-6,4,0,-5,-1,4,5,sil
3.6222853660583496,-18,-13,-14,-14,-16,-2,-6,-5,-6,3,0,-8,3,-6,sil
3.6222853660583496,-13,-11,0,-12,-14,-2,-11,2,0,6,-6,-10,0,-6,sil
3.637263059616089,4,-1,-4,-5,-3,1,-7,5,22,11,0,2,6,2,sil
3.637263059616089,14,10,12,-2,4,6,-2,2,24,6,21,18,16,6,sil
3.654263973236084,15,16,18,0,5,0,2,0,16,1,35,22,16,7,sil
3.654263973236084,14,14,5,1,4,-6,3,0,17,9,34,16,9,2,sil
3.6682848930358887,3,10,7,0,0,-10,-9,2,6,5,15,5,2,-11,sil
3.6682848930358887,0,6,-1,2,4,-9,-14,-1,-9,-8,2,0,4,-13,sil
3.684400796890259,14,15,8,18,17,-1,-9,-2,-14,-11,15,17,14,0,sil
3.684400796890259,17,21,12,23,13,0,-6,1,-14,-5,19,25,9,0,sil
3.700282573699951,0,7,-4,4,-4,-7,-9,-1,-19,-10,-7,1,-12,-16,sil
3.700282573699951,0,3,3,0,-5,-7,-2,1,-15,-14,-13,-7,-16,-9,sil
3.715296983718872,13,10,5,16,7,0,9,10,-3,-3,10,8,0,12,sil
3.715296983718872,7,6,5,16,12,5,16,10,-5,-3,10,7,-8,8,sil
3.7313191890716553,-6,-4,1,2,5,8,14,1,-15,-10,-11,-13,-28,-11,sil
3.7313191890716553,-16,-13,-12,-3,0,0,0,-5,-21,-12,-25,-28,-25,-20,sil
3.745721101760864,-24,-15,-8,-10,0,0,-9,-4,-23,-13,-28,-23,-15,-14,sil
3.746720552444458,-21,-10,-16,-5,5,11,3,-5,-8,-3,-19,-12,-6,3,sil
3.761340379714966,-11,-1,-4,9,4,19,11,-2,10,17,-9,-7,3,18,sil
3.7773802280426025,-5,-6,5,7,0,16,7,0,17,25,-13,-11,3,9,sil
3.7773802280426025,-9,-24,-15,-15,-4,4,8,-5,18,15,-17,-18,-2,2,sil
3.7773802280426025,-11,-22,-8,-32,-15,-1,4,-4,19,11,-10,-16,1,11,sil
3.793921709060669,0,-7,2,-26,-18,-2,-1,1,13,15,-1,-2,13,12,sil
3.793921709060669,17,-5,4,-12,-14,-8,-4,2,12,8,1,12,10,1,sil
3.8103299140930176,12,-4,6,-12,-14,-17,-11,-1,18,-4,4,11,8,-3,sil
3.8103299140930176,1,4,-3,-12,-8,-15,-15,-3,11,-4,7,1,12,-1,sil
3.8257150650024414,7,14,4,0,-1,-8,-12,1,-6,-6,12,9,8,-1,sil
3.8257150650024414,17,15,8,12,-4,-7,-3,2,-15,-18,16,24,7,1,sil
3.840247392654419,15,10,10,7,-3,0,5,0,-7,-14,13,21,10,7,sil
3.856342315673828,8,9,8,12,10,10,10,1,9,-4,16,14,8,3,sorry
3.856342315673828,3,15,0,25,20,5,9,5,15,-19,22,12,6,0,sorry
3.856342315673828,-2,13,8,14,14,1,5,0,-4,-19,-2,4,-7,0,sorry
3.8700146675109854,-9,0,-6,2,3,4,0,-9,-18,19,-25,-10,-27,-10,sorry
3.885136604309082,-6,0,-9,5,0,1,-5,-2,-8,32,-2,-9,-22,-14,sorry
3.885136604309082,0,4,4,7,7,2,0,9,7,17,22,4,0,0,sorry
3.9004876613616943,1,0,-2,13,16,12,11,0,13,22,12,3,11,9,sorry
3.9004876613616943,0,-1,4,17,6,5,8,-2,-1,15,0,-1,6,3,sorry
3.91648006439209,-2,-3,-5,0,-4,-9,-8,4,-21,-12,0,-4,1,-3,sorry
3.91648006439209,-7,-11,-12,-17,-7,-9,-20,0,-21,-19,-5,-6,-2,1,sorry
3.932422876358032,-4,-6,6,-6,-6,1,-15,-4,-2,0,-3,-1,0,0,sorry
3.932422876358032,-3,-1,-5,0,-3,3,-8,0,5,1,3,-1,3,-9,sorry
3.947962760925293,-12,-8,-5,-15,0,1,-11,1,-8,-18,-5,-10,-13,-14,sorry
3.947962760925293,-17,-10,-2,-11,-1,-1,-3,-3,-18,-26,-12,-17,-21,-11,sorry
3.9630093574523926,-1,0,-6,2,-6,-8,13,0,-8,-7,-3,-9,-2,0,sorry
3.9630093574523926,14,2,6,-6,-5,-2,18,4,1,0,-5,1,6,10,sorry
3.9796669483184814,12,0,4,-7,2,5,13,0,2,-3,-11,2,2,10,sorry
3.9796669483184814,10,9,10,16,2,-2,3,0,0,-1,0,6,7,6,sorry
3.995657444000244,8,13,3,22,-1,-6,0,6,6,7,11,11,11,2,sorry
3.995657444000244,-3,-2,-13,-2,3,4,3,0,20,11,0,-3,5,-3,sorry
4.016337394714356,-3,-3,2,-10,10,10,6,-2,23,11,-11,-7,4,0,sorry
4.016337394714356,14,8,8,13,4,0,5,1,17,15,6,14,17,20,sorry
4.016337394714356,14,2,8,8,-7,-3,-3,-1,7,8,15,20,13,20,sorry
4.025514841079712,-11,-13,-4,-24,-5,0,-13,-2,3,0,-7,-4,-9,-8,sorry
4.041515827178955,-21,-12,-13,-29,0,2,-8,1,0,0,-22,-21,-22,-22,sorry
4.041515827178955,-6,1,4,-4,0,2,1,-1,-4,-3,-18,-13,-20,-14,sorry
4.05726432800293,2,6,-4,3,0,0,1,-6,0,-5,-10,-9,-13,-2,sorry
4.05726432800293,3,-2,-4,-9,-3,-5,0,1,4,2,2,-1,-1,4,sorry
4.072768688201904,1,-12,6,-13,-15,-7,-5,7,-4,-1,13,7,7,6,sorry
4.072768688201904,-2,-6,-2,-4,-14,-6,-7,0,-14,-12,3,0,0,0,sorry
4.088425636291504,-2,7,7,1,0,-1,-7,-4,-16,-7,-7,-4,-4,-8,sorry
4.088425636291504,0,6,5,8,7,0,-4,0,-9,4,3,3,8,-3,sorry
4.103968620300293,2,1,3,9,9,1,3,5,7,13,24,20,20,12,sorry
4.103968620300293,-1,3,-3,2,10,5,13,5,13,14,27,23,11,13,sorry
4.1195969581604,-10,0,-17,1,5,1,7,-2,-4,-1,9,4,-8,-7,sorry
4.1195969581604,-7,-1,0,7,-1,-5,0,-3,-15,-17,0,-5,-12,-15,sorry
4.135433435440064,4,3,-1,7,0,0,2,-1,-8,-13,2,0,0,-3,sorry
4.135433435440064,11,5,0,8,3,7,3,0,-1,0,3,3,5,7,sorry
4.150962591171265,8,7,15,15,1,4,9,2,8,12,8,4,5,10,sorry
4.150962591171265,0,5,0,16,7,0,22,1,14,6,0,0,2,3,sorry
4.167032480239868,-5,0,-2,6,9,2,21,0,7,-12,-23,-10,-9,-1,sorry
4.167032480239868,7,0,2,8,6,4,13,5,17,0,-11,-6,-2,6,sorry
4.182930946350098,21,7,3,10,4,1,2,4,24,17,12,2,13,12,sorry
4.182930946350098,7,4,2,-2,1,0,-13,-4,-1,-1,-8,-3,0,-3,sorry
4.198033571243286,-3,-3,-7,-2,-2,0,-16,-6,-19,-15,-26,-15,-10,-7,sorry
4.198033571243286,9,0,4,7,-4,0,-9,0,-10,-1,-6,-1,4,9,sorry
4.213306188583374,5,-1,0,-2,-8,-1,-17,0,-4,6,10,14,15,11,sorry
4.213306188583374,-19,-18,-9,-26,-22,-17,-33,-4,-14,-1,0,0,-3,-9,sorry
4.229344844818115,-26,-19,-8,-37,-35,-27,-37,-4,-27,-16,-17,-21,-25,-30,sorry
4.229344844818115,-17,-13,-19,-36,-28,-21,-32,-6,-29,-21,-11,-19,-21,-32,sorry
4.245130777359009,-8,-10,-3,-30,-6,-1,-21,-3,-11,-4,4,0,1,-13,sorry
4.245130777359009,2,-1,7,-7,9,10,0,2,6,6,8,9,16,5,sorry
4.259984254837036,9,9,4,9,15,8,10,1,4,-1,3,15,8,8,sorry
4.259984254837036,11,12,17,12,17,11,7,0,5,-1,8,21,5,9,sorry
4.275919675827026,14,12,9,16,18,17,18,4,23,12,14,15,11,16,sorry
4.275919675827026,5,6,5,12,15,11,24,4,20,10,7,-1,-2,6,sorry
4.2921693325042725,-10,-3,-3,0,7,5,15,0,1,2,1,-10,-16,-9,sorry
4.2921693325042725,-11,0,-4,0,0,5,18,1,2,6,6,-3,-4,-1,sorry
4.3072123527526855,-3,5,10,2,2,3,25,4,8,9,10,2,5,7,sorry
4.3072123527526855,-6,3,-6,1,8,-2,15,0,4,8,2,-1,1,0,sorry
4.322325706481934,-6,3,-4,8,1,-1,6,0,2,7,-7,-6,-3,-2,sil
4.322325706481934,-1,3,5,20,-5,2,10,4,12,9,-1,-1,1,3,sil
4.337889671325684,3,1,1,24,-2,4,15,1,15,8,5,0,4,10,sil
4.337889671325684,10,6,10,20,0,9,16,-1,5,2,-1,-3,-1,11,sil
4.3549416065216064,11,2,-4,14,0,6,15,-1,-1,1,-12,-6,-2,8,sil
4.3549416065216064,8,-7,-8,0,-2,-8,-1,-2,-5,-6,-14,0,-1,4,sil
4.370010137557983,6,-6,0,-7,-3,-12,-19,-1,-8,-19,-7,4,-3,1,sil
4.370010137557983,3,-3,-7,-6,-1,0,-18,-2,-4,-14,-4,-1,0,0,sil
4.385454416275024,0,-5,0,-8,-4,0,-11,0,1,0,-13,0,4,0,sil
4.385454416275024,-8,-9,-6,-12,-8,-10,-11,0,1,1,-15,-1,0,-3,sil
4.401393890380859,-16,-13,-12,-27,-14,-10,-22,0,-11,-6,-13,-17,-13,-18,sil
4.401393890380859,-15,-14,-9,-35,-15,-1,-26,-3,-22,-10,-12,-20,-12,-23,sil
4.416979789733887,-3,-4,-10,-21,-1,3,-11,-2,-8,-5,1,2,3,-2,sil
4.416979789733887,1,3,5,-8,8,4,0,0,5,-3,15,18,11,4,sil
4.432131052017212,0,-1,0,-8,2,-7,-3,-2,2,-2,14,8,6,-9,sil
4.432131052017212,4,2,5,5,-2,-18,-6,-4,0,0,15,8,5,-8,sil
4.448162317276001,20,24,21,27,5,-2,4,2,3,9,29,26,13,9,sil
4.448162317276001,17,17,7,18,6,6,5,2,-1,9,28,18,13,6,sil
4.463898420333862,-1,-2,2,-11,-2,-6,-9,0,-16,-6,1,-6,-5,-11,sil
4.463898420333862,-9,0,0,-4,1,-4,-9,0,-18,-10,-7,-10,-18,-12,sil
4.480009078979492,-6,7,1,16,15,7,1,-1,0,0,8,1,-3,0,sil
4.480009078979492,-6,1,4,7,14,2,3,0,15,9,14,9,14,7,sil
4.495043754577637,0,5,-6,11,3,-5,5,6,14,16,6,4,13,13,sil
4.495043754577637,14,15,7,28,0,1,9,1,0,12,1,0,4,12,sil
4.510291576385498,19,4,9,11,-3,7,5,-4,-2,0,-3,-1,3,5,sil
4.510640859603882,8,-7,5,-11,-11,5,2,0,2,-4,-13,1,-2,10,sil
4.526066780090332,0,-3,6,-5,-11,8,9,7,10,-1,-13,1,-9,8,sil
4.526066780090332,-4,0,-11,-1,-1,7,18,3,12,2,-6,-5,-2,-6,sil
4.542067527770996,-17,-9,-5,-11,3,3,16,-1,-1,-8,-16,-11,-7,-8,sil
4.558095932006836,-28,-14,-7,-5,4,7,8,0,-4,-17,-21,-13,-18,-1,sil
4.558095932006836,-4,-1,-7,7,8,8,7,2,8,0,0,-3,-3,3,sil
4.558095932006836,21,10,16,13,13,0,5,0,3,15,15,5,12,9,sil
4.574221611022949,8,0,1,8,2,-6,-4,-7,-14,0,0,-6,-5,0,sil
4.574221611022949,-12,-11,-9,-4,-8,-2,-11,-4,-15,-17,-17,-15,-25,-13,sil
4.588347673416138,-14,-13,-6,-18,-2,4,-4,2,-1,-4,-8,-7,-11,-5,sil
4.588347673416138,-14,-13,-9,-24,0,0,-4,2,9,9,-4,-9,2,-1,sil
4.606390953063965,-11,-6,-4,-11,-10,-7,-9,0,6,3,-16,-12,-4,-11,sil
4.606390953063965,-4,0,-8,4,-9,-6,-6,-2,-2,-4,-15,-7,-6,-11,sil
4.62095308303833,2,-2,3,2,-1,4,0,0,0,0,-4,-6,1,-4,sil
4.62095308303833,8,-2,4,0,0,7,7,4,13,14,6,0,12,1,sil
4.634977579116821,10,1,-5,4,-1,-1,7,0,16,20,12,11,21,11,sil
4.65011477470398,7,1,3,-2,-9,-3,-1,-3,3,12,7,13,18,12,sil
4.65011477470398,3,0,-7,-8,-5,-4,-8,-3,-2,0,10,10,10,3,sil
4.665563344955444,1,5,-5,-8,9,-6,-8,-2,-4,-9,18,16,9,-1,sil
4.665563344955444,3,18,5,-3,14,-2,-4,0,-2,-5,20,18,10,0,sil
4.681682825088501,13,21,4,6,6,-5,-2,1,2,4,19,15,8,3,sil
4.681682825088501,19,16,16,11,0,-12,-9,-2,-1,-2,19,23,4,0,sil
4.699344635009766,14,9,4,9,-3,-13,-15,-5,-16,-21,9,12,-5,-9,sil
4.699344635009766,0,1,-2,1,-2,-12,-14,-2,-26,-29,-8,-8,-22,-11,sil
4.699344635009766,-12,-6,2,-1,1,-7,-8,0,-19,-18,-10,-7,-20,-8,sil
4.716285467147827,-15,-2,1,6,6,4,3,1,-11,-2,2,-1,-7,-6,sil
4.716285467147827,-2,3,11,16,8,16,19,7,-7,-1,1,-11,-6,2,sil
4.728335618972778,0,-6,0,8,-1,18,25,9,7,-1,-13,-19,-5,12,sil
4.74389123916626,-13,-20,-7,0,-9,14,12,2,15,6,-20,-13,-3,8,sil
4.74389123916626,-13,-15,5,4,2,10,5,0,4,17,-8,-8,-2,7,sil
4.761601686477661,0,-8,1,5,7,2,14,0,3,24,-4,-10,3,17,sil
4.761601686477661,-5,-10,2,-9,-8,0,15,1,16,23,-18,-11,8,16,sil
4.761601686477661,-6,-6,-9,-15,-10,0,8,0,23,17,-9,-6,11,8,sil
4.775278329849243,17,8,-10,-10,-1,-3,0,-4,19,7,13,6,14,7,sil
4.791278123855591,26,15,4,-11,-1,-5,-10,-4,12,-3,11,19,9,0,sil
4.791278123855591,8,10,-1,-5,2,0,-12,-4,5,-5,0,17,1,-10,sil
4.807358741760254,6,13,4,-2,9,-1,-10,0,0,-5,6,14,0,-15,sil
4.807358741760254,6,13,-1,-3,5,-10,-10,0,0,-8,16,15,1,-14,sil
4.824153900146484,-6,4,0,-3,0,-10,-11,0,0,-11,8,6,-4,-13,sil
4.824153900146484,-8,1,8,0,-3,-3,-14,1,-14,-12,0,-3,-6,-13,sil
4.824153900146484,-5,-2,-6,8,1,0,-14,0,-20,-7,0,-12,1,-8,sil
4.840168476104736,-8,-8,-3,18,8,8,-6,0,-19,-5,-6,-14,-1,-3,sil
4.840168476104736,-7,-4,-3,15,1,11,4,0,-18,-6,-16,-15,-14,-4,sil
4.854303598403931,-7,-8,-8,-1,-3,7,12,-2,-12,-3,-11,-12,-12,0,sil
4.869912385940552,-7,-12,4,-1,6,13,19,0,2,8,2,-1,2,12,sil
4.869912385940552,1,-4,-2,15,9,15,23,3,14,19,6,6,8,16,sil
4.885361671447754,0,0,-2,11,-6,6,14,0,7,11,-5,-1,-3,3,sil
4.885361671447754,-14,-12,-4,-8,-12,0,4,-2,-5,-4,-18,-14,-14,-9,sil
4.900307655334473,-9,-11,-7,-8,-6,-2,7,1,0,-4,-12,-12,-9,0,sil
4.900307655334473,2,0,8,0,-9,-6,3,3,14,3,1,0,0,9,sil
4.916321516036987,0,-1,2,-6,-12,-13,-10,0,6,1,4,8,5,1,sil
4.916321516036987,0,0,1,-18,-9,-22,-21,-3,-12,-7,-1,8,1,-3,sil
4.9322731494903564,6,6,2,-19,-4,-25,-20,-2,-8,-8,0,7,2,0,sil
4.9322731494903564,17,8,-1,-8,1,-19,-16,1,7,-1,12,14,17,0,sil
4.9472832679748535,26,17,11,4,9,-8,-12,7,5,-1,21,26,20,0,sil
4.9472832679748535,19,22,3,13,11,-1,-8,1,0,-4,17,19,4,0,sil
4.962915182113648,9,15,8,11,13,6,5,0,4,0,7,5,-1,1,sil
4.962915182113648,2,7,14,13,19,16,25,6,10,9,5,2,0,9,sil
4.978448390960693,-9,0,-5,15,11,15,24,-1,-1,3,-1,-10,-13,4,sil
4.978448390960693,-20,-12,-10,1,-4,13,12,-9,-14,-4,-20,-23,-25,-9,sil
4.994350910186768,-12,-15,-17,-10,-7,12,11,0,-2,9,-14,-21,-4,-2,sil
4.994350910186768,-1,-12,-6,-17,-9,3,3,2,3,12,-1,-9,9,6,sil
5.009254217147827,-3,-11,0,-20,-15,-5,-8,-5,2,0,-9,-4,2,-2,sil
5.009254217147827,-1,0,-4,-14,-9,-8,-13,-6,3,-3,-8,0,0,-2,sil
5.024976491928101,12,16,12,1,1,-8,-17,0,5,-4,19,13,11,7,sil
5.024976491928101,12,10,7,8,3,-4,-15,2,7,-7,36,18,22,3,sil
5.040220975875855,-7,-1,3,3,2,0,-12,0,-1,-11,13,1,1,-13,sil
5.040220975875855,-14,3,6,8,8,1,-4,2,-15,-9,-9,-9,-17,-19,sil
5.056253910064697,-5,1,-4,26,15,12,14,3,-6,1,-11,-8,-6,-8,sil
5.056253910064697,-3,-6,4,21,9,20,23,2,2,6,-12,-10,-1,2,sil
5.072368860244751,-9,-15,-1,-1,-3,10,21,0,0,7,-14,-12,-10,7,sil
5.072368860244751,-9,-20,-10,-14,-11,1,18,3,7,16,-12,-4,-5,11,sil
5.088311195373535,-4,-9,0,-6,-10,0,7,5,21,23,-11,5,5,14,sil
5.088311195373535,4,5,-2,0,-4,-6,-3,-4,23,21,5,12,16,17,sil
5.103412628173828,20,7,7,-1,0,-8,-16,-7,12,10,28,23,22,17,sil
5.103412628173828,22,12,2,3,-2,-6,-28,0,1,-3,24,25,13,7,sil
5.1190831661224365,13,20,-3,11,-2,-10,-25,0,-14,-23,2,11,-5,-9,sil
5.1190831661224365,4,12,6,4,0,-6,-13,-4,-35,-34,-2,0,-18,-22,sil
5.13432765007019,-3,-2,0,-1,5,0,-2,-2,-41,-31,-4,-7,-21,-19,sil
5.13432765007019,-8,0,-1,5,9,4,8,1,-37,-17,-21,-15,-19,-11,sil
5.150378465652466,-8,1,-11,13,12,9,23,2,-21,4,-28,-23,-12,-8,sil
5.150378465652466,-9,-12,-16,2,3,9,30,4,11,20,-20,-18,-2,2,sil
5.1660239696502686,-8,-19,0,-19,-9,3,20,3,38,19,-13,-9,4,12,sil
5.1660239696502686,-5,-13,-4,-30,-8,-4,-1,-1,36,12,-1,-8,7,3,sil
5.180249214172363,0,-3,0,-26,-2,-13,-17,2,25,2,7,0,8,-9,sil
5.180249214172363,0,0,-2,-19,-9,-16,-21,0,11,-11,5,11,9,-9,sil
5.196613788604736,-1,-1,-4,-18,-14,-17,-28,-12,-10,-23,8,7,6,-7,sil
5.196613788604736,6,3,15,-10,-2,-15,-27,-5,-16,-17,20,11,5,-7,sil
5.213520526885986,20,18,12,14,10,-6,-1,5,-3,-1,24,22,11,1,sil
5.213520526885986,19,19,14,31,10,4,18,3,-2,7,20,15,8,9,sil
5.228136301040649,6,5,7,25,5,9,11,1,-6,7,17,6,-3,7,sil
5.228136301040649,-3,2,-5,15,5,13,3,3,-4,8,11,2,-7,10,sil
5.242684841156006,-11,4,3,2,8,17,9,1,-1,7,0,-4,-4,9,sil
5.258340358734131,-18,-10,-9,-3,3,9,12,2,5,8,-8,-14,-11,0,sil
5.258340358734131,-9,-15,-5,6,-4,8,4,4,3,6,-13,-12,-20,3,sil
5.273752927780151,2,1,6,20,-1,14,7,-1,-3,2,-13,-3,-8,10,sil
5.273752927780151,0,1,-1,12,3,7,16,-2,-1,3,-13,-8,-9,2,sil
5.29007887840271,-6,-7,0,-4,0,2,9,3,3,6,-14,-15,-20,0,sil
5.29007887840271,-1,-5,-6,-3,-6,4,-4,-1,1,4,-8,-10,25,4,sil
5.306176424026489,1,0,0,-1,-9,-3,-10,-8,-3,-1,-2,1,64,0,sil
5.306176424026489,0,3,6,-2,-5,-6,-4,-4,-4,-1,2,0,17,-4,sil
5.321395397186279,4,0,-5,-4,4,0,6,1,5,1,4,-1,-19,0,sil
5.321395397186279,6,-1,4,-6,5,-2,6,2,18,3,0,6,-3,0,sil
5.321395397186279,0,0,-1,-8,-1,-11,0,-3,18,3,-3,4,-1,-1,sil
5.335967540740967,1,1,-5,-9,-6,-5,-6,-4,9,1,0,1,-8,-4,sil
5.352030754089356,7,-1,1,-8,-5,-2,-9,2,0,-4,5,10,0,-5,sil
5.352030754089356,0,-3,-6,-11,-6,-16,-14,1,-3,-14,3,10,0,-4,sil
5.366310358047485,-5,-1,0,-17,-8,-17,-13,-1,0,-11,-1,3,-2,-9,sil
5.366310358047485,0,1,-4,-3,5,-3,-4,-1,0,0,-1,-2,2,-11,sil
5.381946563720703,-2,5,0,12,16,-5,-3,0,-12,-3,3,-1,-2,0,sil
5.381946563720703,0,10,12,8,7,-4,-2,1,-9,-11,14,14,2,8,sil
5.397980690002441,11,6,-2,2,3,11,6,3,8,2,14,16,15,8,sil
5.397980690002441,10,-1,0,-1,4,16,9,5,5,2,-3,1,0,8,sil
5.413292646408081,-1,-6,-2,-11,-5,0,4,2,-10,-7,-11,-2,-13,0,sil
5.413292646408081,-3,-6,-3,-12,-12,-8,-10,-1,-20,-8,-8,-2,-13,-12,sil
5.4293906688690186,0,-1,1,3,-1,-1,-17,-4,-26,-13,-13,-10,-13,-16,sil
5.4293906688690186,-3,2,-7,12,5,3,-1,-3,-18,-10,-6,-12,-12,-8,sil
5.444936752319336,-4,0,3,2,-1,3,5,2,-4,5,4,-5,-5,-1,sil
5.444936752319336,-3,0,2,5,-4,0,-3,1,-2,1,3,-8,0,0,sil
5.461030006408691,0,8,3,20,2,1,0,-4,-11,-13,-3,-10,-4,1,sil
5.461030006408691,4,9,19,21,4,8,10,-2,-8,-3,-2,-1,-3,5,sil
5.47623872756958,3,3,5,13,3,5,9,3,11,21,13,3,11,14,sil
5.47623872756958,4,4,1,13,10,6,13,3,20,28,25,10,16,15,sil
5.492316484451294,0,-2,-2,9,11,12,12,0,8,14,16,7,2,5,sil
5.492316484451294,-8,-13,-9,-2,0,1,0,0,1,-1,-1,-3,-1,0,sil
5.507978916168213,-4,-2,8,-2,0,0,0,3,12,3,-6,-2,4,2,sil
5.507978916168213,-5,1,2,3,2,6,8,-2,19,15,-5,0,0,0,sil
5.523295879364014,-9,-6,-4,0,0,0,5,-4,12,5,-9,-6,-6,-2,sil
5.523295879364014,-2,0,-6,-6,-1,-3,9,0,13,5,-7,-6,5,0,sil
5.539398193359375,0,3,-8,-10,-3,0,9,1,18,23,-2,-3,17,5,sil
5.539398193359375,-7,-11,-3,-20,-10,-2,-2,1,12,16,-6,-3,7,0,sil
5.555330038070679,-2,-18,-13,-21,-7,-6,-2,4,10,-3,-10,-3,1,-5,sil
5.555330038070679,-1,-11,-8,-25,-6,-7,-5,0,2,-18,-17,-7,-3,-7,sil
5.571374893188477,-14,-10,-9,-31,-14,-10,-18,-4,-4,-23,-22,-9,-14,-13,sil
5.571374893188477,-8,-9,-14,-20,-15,-5,-15,-3,3,-11,-9,4,-5,-7,sil
5.587262630462647,18,5,13,-1,-5,1,-8,0,9,5,14,25,17,5,sil
5.587262630462647,27,16,11,8,7,-5,-7,-2,0,2,26,21,22,10,sil
5.6033103466033936,21,11,4,5,7,-14,-9,-4,-11,-9,19,13,11,4,sil
5.6033103466033936,21,9,10,3,0,-11,-3,0,-11,-7,21,18,6,3,sil
5.620237112045288,25,20,12,15,5,-2,8,6,-5,-2,32,18,7,13,sorry
5.620237112045288,27,29,25,28,16,0,8,8,-8,-11,24,18,2,16,sorry
5.620237112045288,22,18,11,20,14,-10,-10,0,-24,-23,4,16,-6,3,sorry
5.636925458908081,0,6,2,6,4,-6,-19,-7,-36,-27,-7,0,-22,-15,sorry
5.636925458908081,-28,0,-2,9,0,12,-5,-6,-36,-16,-12,-22,-30,-24,sorry
5.652079343795776,-43,-12,-18,6,-1,18,6,-2,-31,-5,-17,-33,-30,-22,sorry
5.666314125061035,-38,-25,-8,-6,-3,18,9,0,-17,-5,-30,-35,-27,-21,sorry
5.666314125061035,-29,-25,-11,-12,0,19,14,2,3,0,-36,-32,-17,-19,sorry
5.681909084320068,-22,-21,-9,-10,0,7,10,0,5,10,-22,-19,-6,-8,sorry
5.681909084320068,-12,-8,1,0,-4,1,6,-1,0,13,-3,-1,2,6,sorry
5.697097539901733,0,2,-9,13,0,6,12,0,15,23,4,5,11,15,sorry
5.697097539901733,4,1,-1,7,1,4,3,3,24,24,0,0,4,8,sorry
5.713163614273071,4,0,0,4,4,0,-8,0,12,14,-3,0,-2,1,sorry
5.713163614273071,8,7,2,18,9,3,2,0,15,17,6,10,15,14,sorry
5.729024171829224,15,10,11,17,8,5,17,3,28,24,15,17,29,29,sorry
5.729024171829224,12,0,-5,2,3,-3,10,0,26,11,10,0,16,16,sorry
5.744304656982422,6,0,1,1,0,-7,-2,0,17,1,6,0,11,0,sorry
5.744304656982422,6,1,5,0,-9,-5,-9,3,13,9,7,9,21,1,sorry
5.759454727172852,4,-8,-4,-16,-17,-11,-11,1,5,1,0,1,12,2,sorry
5.759454727172852,0,-12,-6,-29,-22,-16,-5,-4,2,-14,-2,-4,-3,-1,sorry
5.774607181549072,-1,-3,-9,-20,-20,-14,0,-7,1,-14,6,5,-3,-3,sorry
5.774607181549072,6,1,6,-15,-8,-6,-4,-5,-8,-9,8,11,-2,-9,sorry
5.790018796920776,9,0,4,-17,-1,-4,-10,-3,-7,-5,13,11,1,-6,sorry
5.79041051864624,12,4,1,-14,-1,-7,-12,-1,-1,-5,20,14,5,3,sorry
5.805171966552734,15,14,19,-5,8,-6,-14,1,-15,-17,10,9,-6,-1,sorry
5.805171966552734,11,19,7,5,15,-2,-8,4,-17,-21,1,3,-17,-4,sorry
5.821238040924072,8,19,5,13,10,0,1,8,2,-6,0,10,-10,6,sorry
5.821238040924072,4,14,3,11,11,2,1,5,2,4,0,7,0,4,sorry
5.836325168609619,-9,5,-8,6,12,0,-5,-2,-20,-1,-5,-12,-9,-9,sorry
5.836325168609619,-20,0,-1,7,6,3,-1,-1,-24,-13,-17,-18,-28,-16,sorry
5.852319002151489,-22,-6,-5,8,5,13,8,0,-11,-5,-15,-12,-17,-14,sorry
5.852319002151489,-12,-4,0,8,11,21,15,2,-7,6,0,-8,6,-5,sorry
5.868387222290039,0,1,5,16,16,20,24,5,-1,5,3,-3,11,5,sorry
5.868387222290039,0,-9,-4,16,8,13,24,3,11,-1,-16,-8,0,5,sorry
5.884372711181641,-11,-25,0,1,-8,10,11,0,9,5,-25,-15,-3,0,sorry
5.884372711181641,-10,-19,-7,-2,-12,6,5,-1,1,21,-8,-11,3,4,sorry
5.899244546890259,-10,-10,-3,0,-8,1,1,-3,-1,11,-8,-6,1,5,sorry
5.899244546890259,-9,-14,-2,-2,-9,0,-1,-3,5,0,-17,-7,3,0,sorry
5.915255546569824,0,-16,-9,-8,-14,-4,0,-1,16,14,-8,-3,12,9,sorry
5.915255546569824,-2,-9,2,-11,-20,-10,-7,0,15,22,-2,0,6,8,sorry
5.930890321731567,-11,0,-4,-7,-9,-9,-14,-4,5,-1,0,-2,-3,-6,sorry
5.930890321731567,0,2,-4,-10,2,-10,-10,-8,-4,-17,2,2,-4,-11,sorry
5.9464991092681885,4,0,0,-19,-6,-18,-8,-4,-13,-8,5,6,-5,-8,sorry
5.9464991092681885,1,1,-11,-17,-12,-18,-11,0,-13,-4,12,6,0,-8,sorry
5.962493419647217,13,11,6,-10,0,-11,-11,1,-3,-13,16,15,8,-1,sorry
5.962493419647217,21,15,10,-6,4,-7,-6,0,2,-16,15,18,4,8,sorry
5.97763991355896,20,18,6,3,0,-1,-10,-2,4,-4,26,19,5,15,sorry
5.97763991355896,26,28,12,18,8,6,-11,0,11,14,43,30,23,18,sorry
5.993300437927246,18,24,4,25,18,6,-1,4,11,19,35,21,25,13,sorry
5.993300437927246,0,10,6,21,9,-1,-3,1,-7,-3,4,-1,-1,-6,sorry
6.00934910774231,0,5,6,18,3,-3,-7,0,-12,-12,-7,-8,-16,-19,sorry
6.00934910774231,4,6,4,13,11,1,7,5,2,2,0,-5,-8,-5,sorry
6.0331871509552,-11,-4,-5,2,12,6,16,2,0,-3,-6,-14,-15,1,sorry
6.0331871509552,-21,-18,-16,-3,0,2,6,-5,-11,-20,-32,-26,-30,-14,sorry
6.0331871509552,-3,-5,8,0,0,5,6,3,3,-1,-26,-10,-16,-10,sorry
6.041352272033691,4,7,11,16,9,16,14,10,15,14,-1,8,7,18,sorry
6.057936429977417,-4,0,-2,16,3,18,11,1,-9,-7,-11,-4,0,14,sorry
6.057936429977417,-10,-8,-3,-7,-7,12,10,-5,-23,-14,-29,-23,-11,-12,sorry
6.071264266967773,-11,-11,-12,-20,-4,11,20,0,0,13,-17,-17,0,-10,sorry
6.071264266967773,-12,-16,-6,-17,-5,10,19,3,12,17,-8,-5,4,1,sorry
6.086793184280396,-9,-17,-8,-21,-14,0,9,0,9,5,-8,-6,0,0,sorry
6.086793184280396,0,-13,-8,-17,-10,-9,6,-2,13,7,-4,-1,2,3,sorry
7.458179712295532,0,7,-1,12,3,0,-9,1,-10,-3,12,-4,-5,-8,sorry
7.458179712295532,-13,4,2,10,4,5,-9,0,-17,-13,-5,-18,-24,-19,sorry
7.458179712295532,-9,10,0,17,13,5,-3,0,-15,-7,0,-16,-15,-14,sorry
7.473814487457275,-1,8,3,17,16,13,10,2,-9,16,12,-9,8,0,sorry
7.473814487457275,-13,-1,1,5,7,22,19,-1,-11,13,-4,-18,4,-5,sorry
7.4902966022491455,-19,-8,-12,7,3,19,21,-5,-9,0,-27,-28,-12,-11,sorry
7.4902966022491455,-3,-8,3,22,11,17,23,3,1,6,-19,-15,-11,7,sorry
7.505050182342529,2,-7,3,17,13,21,32,12,22,26,2,2,11,29,sorry
7.505050182342529,-6,-12,-3,-1,4,20,35,6,39,35,0,0,16,27,sorry
7.520191192626953,-7,-15,-5,-10,0,9,21,-2,32,27,-15,-15,-1,11,sorry
7.520191192626953,0,-15,-14,-8,-1,-3,4,-3,17,15,-15,-6,-2,11,sorry
7.5379698276519775,6,-8,2,-9,-6,0,6,3,12,13,-3,16,6,20,sorry
7.5379698276519775,1,2,3,-2,0,2,6,0,6,8,-2,10,2,10,sorry
7.554004192352295,0,9,-2,5,4,-12,-9,-10,-8,-11,-7,-4,-4,-7,sorry
7.554004192352295,6,2,4,2,-8,-18,-20,-8,-11,-16,-1,5,0,-5,sorry
7.569544553756714,5,-8,-4,-5,-16,-10,-20,-2,-7,-10,7,13,2,0,sorry
7.569544553756714,0,-4,-3,-14,-13,-10,-25,-2,-17,-27,-3,2,-7,-12,sorry
7.583445310592651,0,3,-4,-10,-6,-9,-17,0,-10,-25,-5,-5,-6,-16,sorry
7.583445310592651,4,4,-2,-1,0,-2,-7,4,1,2,14,-1,8,-2,sorry
7.599034786224365,1,4,7,1,-2,-8,-11,0,-5,3,21,7,14,-1,sorry
7.599034786224365,-1,3,-4,-5,-7,-18,-10,0,-4,-14,12,9,8,-6,sorry
7.61516547203064,-1,6,2,-11,-7,-16,-10,2,8,-13,11,7,6,-3,sorry
7.616163969039917,2,13,2,-1,-7,-11,-15,0,4,-2,13,5,5,-5,sorry
7.631338834762573,10,15,0,5,-8,-4,-9,-5,-6,1,15,13,5,-9,sorry
7.646913528442383,18,13,19,1,-2,0,-3,-2,-10,-2,24,26,9,-1,sorry
7.646913528442383,16,8,3,3,3,4,-5,-1,-9,-10,20,18,7,6,sorry
7.646913528442383,0,-4,-6,-2,-1,11,9,0,-5,-2,-7,-5,-6,4,sorry
7.662169456481934,-18,-16,-5,-15,-15,7,19,5,-2,7,-29,-16,-14,-5,sorry
7.676722049713135,-15,-10,-5,-9,-11,0,4,6,-6,-1,-29,-20,-14,-9,sorry
7.676722049713135,-4,1,3,2,7,11,3,2,-1,-4,-24,-19,-17,-4,sorry
7.692356824874878,-9,-3,-6,0,11,21,17,-1,9,6,-23,-15,-22,-4,sorry
7.692356824874878,-10,-12,-2,-5,0,10,6,0,0,0,-26,-16,-25,-11,sorry
7.707965135574341,-1,-5,0,0,4,2,-3,1,-5,-5,-20,-18,-15,-8,sorry
7.707965135574341,0,1,-4,14,16,0,11,1,7,4,-1,-6,0,4,sorry
7.707965135574341,3,2,13,16,17,2,16,7,16,10,15,13,11,17,sorry
7.724023342132568,5,0,7,15,18,5,11,4,12,14,19,20,22,18,sorry
7.724023342132568,-3,-2,0,16,20,6,6,-5,0,14,8,9,9,8,sorry
7.739933013916016,-6,-1,-1,12,16,2,1,-3,-4,4,5,0,-1,1,sorry
7.754968881607056,2,-2,-8,-2,10,-4,-1,7,10,5,15,0,11,7,sorry
7.754968881607056,8,1,0,-4,17,-6,0,8,22,24,25,3,22,12,sorry
7.770244121551514,6,6,1,8,26,-6,-1,-4,15,25,28,5,19,12,sorry
7.770244121551514,8,8,7,7,12,-8,-3,-10,1,4,13,7,13,8,sorry
7.785368919372559,10,5,8,4,6,0,1,-2,0,3,1,11,5,9,sorry
7.785368919372559,0,-10,-9,-5,10,1,0,0,-3,8,2,3,-1,6,sorry
7.801464796066284,-20,-19,-4,-33,-12,-10,-13,-5,-21,-18,-13,-16,-13,-12,sorry
7.801464796066284,-17,0,-3,-29,-36,-8,-16,-10,-26,-31,-30,-20,-14,-20,sorry
7.8164331912994385,-2,2,-1,-10,-58,6,-6,-1,-6,-18,-18,-2,-4,-11,sorry
7.8164331912994385,1,-17,-1,-15,-39,7,1,7,11,-21,0,4,0,-7,sorry
7.832440853118896,3,0,-12,3,45,-3,6,3,9,-15,4,-1,-2,-3,sorry
7.832440853118896,-3,20,-4,13,9,-8,-5,-3,-21,-5,-14,-12,-9,-14,sorry
7.848006248474121,-13,-1,-8,-16,-134,0,-17,-3,-38,-19,-34,-20,-16,-25,sorry
7.848006248474121,10,-1,3,0,-82,10,0,4,0,-11,-10,0,-5,5,sorry
7.863641262054443,30,27,24,52,60,7,14,7,31,17,23,27,7,27,sorry
7.863641262054443,2,13,-2,24,19,-6,-2,-1,8,10,9,8,0,-1,sorry
7.879413366317749,-14,-9,-6,-26,-47,-6,-12,-3,-8,0,-7,-9,-9,-19,sorry
7.879413366317749,3,0,2,-8,-5,0,-3,-2,2,11,2,-1,0,-4,sorry
7.89429235458374,13,8,5,20,22,2,0,-3,4,-1,3,7,6,3,sorry
7.89429235458374,0,-1,6,0,17,-2,2,0,-3,-15,-11,3,1,2,sorry
7.909974098205566,-5,-15,-8,-26,21,-11,4,4,-1,10,-8,-2,2,2,sorry
7.909974098205566,6,-5,2,-4,31,-3,0,5,9,25,16,6,16,11,sorry
7.924996852874756,14,9,6,23,43,7,1,3,12,7,30,21,16,21,sorry
7.924996852874756,4,1,0,0,24,0,8,0,0,2,17,12,1,15,sorry
7.9403605461120605,-2,-6,5,-24,10,0,10,0,-1,10,3,0,0,0,sorry
7.9403605461120605,-8,-6,-10,-6,33,12,3,3,1,1,1,-3,0,-6,sorry
7.956180334091186,-14,-3,-2,8,32,5,-3,4,-1,-4,5,-5,-7,-6,sorry
7.956180334091186,-10,5,8,6,12,-5,-4,3,6,10,17,1,2,0,sorry
7.971359968185425,-6,8,0,2,4,-11,-9,-1,7,6,11,3,9,0,sorry
7.971359968185425,-6,0,1,-1,-8,-7,-14,-4,-13,-19,-13,-8,-11,-12,sorry
7.987471580505371,-5,-1,-3,6,-12,5,0,-1,-7,-19,-19,-17,-21,-15,sil
7.987471580505371,-1,6,1,19,0,17,13,-1,9,0,-7,-8,-5,-2,sil
8.00302267074585,2,4,6,14,-1,13,10,-2,3,9,4,4,8,1,sil
8.00302267074585,5,0,0,0,-16,2,1,0,-3,1,4,2,4,0,sil
8.019059419631958,2,-1,0,-6,-20,1,3,3,-7,-13,-14,-10,-8,-2,sil
8.019059419631958,-2,-9,-18,-9,-14,3,9,-2,-14,-16,-21,-15,-9,-2,sil
8.042343378067017,-2,-18,-12,-22,-14,-3,6,-7,-18,-16,-15,-13,-4,0,sil
8.042343378067017,-3,-15,-3,-27,-20,-8,0,-1,-10,-10,-14,-12,-3,2,sil
8.042343378067017,0,-7,-2,-11,-19,-2,4,2,0,6,-7,-3,2,8,sil
8.049344539642334,9,1,17,11,-7,0,2,2,7,21,5,11,14,15,sil
8.06535267829895,11,8,7,24,3,-6,-1,0,17,27,9,11,12,14,sil
8.06535267829895,6,8,-2,11,-2,-3,0,0,16,22,0,8,0,3,sil
8.081118106842041,0,0,1,-2,-12,1,-2,-1,8,10,-5,1,-3,-2,sil
8.081118106842041,-7,-9,-7,-3,-11,-7,-14,-1,3,0,-4,-9,-2,-7,sil
8.096856832504272,-12,-8,-4,-10,-7,-7,-16,0,-2,-8,-1,-2,-1,-13,sil
8.096856832504272,-13,0,-11,-16,-2,0,-2,-1,-2,-9,0,6,-1,-9,sil
8.111957550048828,-2,5,-4,-2,0,-2,2,0,8,4,6,5,0,4,sil
8.111957550048828,15,7,10,6,4,-2,0,8,18,16,17,18,14,11,sil
8.128080606460571,19,10,3,0,15,0,-2,4,19,3,28,30,32,9,sil
8.128080606460571,12,15,13,-1,18,-1,-4,-2,1,-12,21,22,17,3,sil
8.144276857376099,11,14,10,2,12,-2,-3,-5,-15,-11,4,9,-7,-5,sil
8.144276857376099,3,8,1,0,7,-1,-2,-2,-15,-16,-1,0,-17,-10,sil
8.160002708435059,-5,7,3,1,3,0,-1,1,-17,-29,-2,-6,-20,-13,sil
8.175052404403687,-3,8,-3,15,8,3,-1,-1,-29,-22,0,-10,-18,-12,sil
8.175052404403687,-3,5,7,17,17,6,-6,-3,-31,-10,6,-8,-9,-7,sil
8.175052404403687,-11,-3,4,11,16,11,-8,0,-12,-2,0,-11,-6,-3,sil
8.191342830657959,-11,-10,-4,11,7,14,0,3,-5,2,-17,-18,-14,0,sil
8.191342830657959,-6,-8,-3,13,0,10,11,3,-4,11,-18,-20,-14,6,sil
8.206374168395996,1,-8,-10,10,2,10,22,0,15,22,-5,-12,3,13,sil
8.206374168395996,10,-8,4,8,5,11,21,0,29,22,-9,-1,12,20,sil
8.223111391067505,0,-9,-2,2,-7,-2,7,0,15,9,-17,-4,3,12,sil
8.223111391067505,-15,-20,-22,-25,-30,-15,-1,0,2,0,-21,-14,0,-3,sil
8.238373756408691,-17,-24,-12,-47,-29,-10,-7,-2,13,-1,-17,-11,7,-8,sil
8.238373756408691,-3,-6,-11,-30,-16,-8,-10,-2,26,0,7,3,21,0,sil
8.2549409866333,10,10,2,-8,-12,-13,-5,4,17,6,24,19,22,4,sil
8.2549409866333,9,5,9,-7,-7,-11,0,4,0,3,11,14,8,0,sil
8.271328926086426,0,0,1,-10,1,-8,-1,-5,-13,-8,1,1,0,-9,sil
8.271328926086426,3,7,6,-8,6,-3,1,0,-18,-12,12,14,1,-13,sil
8.285251379013062,2,13,3,0,10,0,10,7,-4,0,20,23,6,-4,sil
8.300278186798096,-4,15,12,13,11,0,6,0,2,2,9,0,0,0,sil
8.300278186798096,0,14,15,25,9,0,0,-5,-8,0,0,-13,-7,-8,sil
8.316100120544434,9,3,6,22,9,4,4,1,-10,6,5,-1,-2,0,sil
8.316100120544434,9,0,12,13,12,11,10,9,-2,4,6,2,-4,13,sil
8.33121109008789,-1,0,-4,17,12,18,4,2,0,1,-13,-12,-15,2,sil
8.33121109008789,-4,-4,-11,11,4,16,0,-2,1,10,-26,-15,-17,-4,sil
8.346252918243408,2,-9,-6,-4,0,7,-2,1,11,6,-12,0,-2,8,sil
8.346252918243408,6,-4,-7,-8,2,-4,-8,0,11,-3,0,15,5,13,sil
8.364212036132812,0,-3,-1,-11,-6,-10,-16,-5,7,0,0,17,2,8,sil
8.364212036132812,-1,-4,-10,-15,-16,-15,-16,-3,10,0,5,12,4,8,sil
8.364212036132812,12,9,1,-9,-5,-16,-15,0,9,-10,11,22,10,12,sil
8.3799409866333,19,15,11,-2,6,-10,-9,-1,0,-12,23,34,14,7,sil
8.3799409866333,0,2,-2,-4,4,-5,-5,-5,-23,-25,20,11,4,-7,sil
8.394125938415527,-18,0,3,-3,1,-3,-10,-5,-46,-34,-9,-21,-17,-22,sil
8.408263206481934,-15,0,-2,3,4,5,-8,-1,-40,-14,-21,-25,-21,-19,sil
8.408263206481934,-9,-8,-6,13,1,14,-3,0,-25,1,-9,-16,-9,-9,sil
8.424284219741821,-14,-5,-2,13,-3,11,3,-1,-18,1,-9,-21,-7,-9,sil
8.424284219741821,-19,-6,-8,4,-8,5,22,0,2,9,-12,-30,-12,-8,sil
8.440003871917725,-7,-7,5,3,-6,16,32,8,35,24,0,-22,-5,3,sil
8.440003871917725,9,1,2,10,-2,21,24,9,46,33,7,-5,11,9,sil
8.455068588256836,8,0,-6,0,-10,8,14,3,35,29,0,-5,14,2,sil
8.455068588256836,-2,-6,-1,-11,-16,0,13,0,18,12,-12,-10,5,-2,sil
8.470179080963135,0,-1,-5,-9,-11,-4,6,0,10,-2,-10,-6,2,-2,sil
8.470179080963135,11,0,5,-7,-14,-13,-8,2,5,-10,-8,4,0,0,sil
8.486231803894043,10,-5,5,-5,-17,-14,-8,0,2,-4,-6,11,4,5,sil
8.486231803894043,4,0,2,-6,-8,-8,0,-2,-2,0,4,15,7,11,sil
8.502298355102539,1,7,4,-7,-6,-10,-3,1,-6,-3,12,16,1,3,sil
8.502298355102539,5,7,-5,2,-7,-11,-9,-2,-6,-10,9,15,1,0,sil
8.518316268920898,15,7,8,5,0,-6,-8,-7,-1,-9,14,23,9,5,sil
8.518316268920898,8,4,9,-8,3,-7,-8,0,5,1,31,22,17,2,sil
8.534108877182007,-4,3,0,-9,7,-12,-11,7,-1,0,24,9,9,-4,sil
8.534108877182007,-2,12,10,7,17,-4,-12,0,-18,-17,3,6,-4,-2,sil
8.549123048782349,-3,12,1,11,22,1,-12,-4,-19,-11,0,2,-6,0,sil
8.549123048782349,-15,0,-1,1,19,6,-6,-1,-19,2,-3,-11,-8,-3,sil
8.564241886138916,-17,-11,-5,2,21,18,7,-2,-18,2,-16,-21,-13,-8,sil
8.564241886138916,-9,-17,-13,12,24,24,19,-1,-3,8,-19,-22,-7,0,sil
8.57985806465149,0,-7,0,18,31,18,19,3,11,17,-16,-16,-3,13,sil
8.57985806465149,4,-4,-6,0,32,5,6,-2,14,11,-13,-5,-5,10,sil
8.595380783081055,4,-12,-8,-24,5,-8,-9,-9,8,0,-6,4,0,0,sil
8.595380783081055,14,4,2,-5,1,-9,-10,-1,4,-2,4,14,12,5,sil
8.610911846160889,26,20,10,22,29,-2,-6,3,4,-1,17,21,11,12,sil
8.610911846160889,11,3,12,-6,21,-8,-19,-1,-5,-5,18,21,-2,0,sil
8.626938819885254,-3,4,-8,-23,6,-17,-23,-3,-12,-8,12,7,-3,-11,sil
8.626938819885254,0,22,0,8,16,0,1,7,-1,-4,8,-4,2,-6,sil
8.642999172210693,-7,-1,7,15,14,20,26,10,16,3,0,-14,-6,-5,sil
8.642999172210693,-24,-27,-10,-10,0,20,30,3,15,8,-15,-25,-12,-8,sil
8.659088611602783,-14,-11,-4,-7,-7,15,26,5,5,8,-19,-18,-1,0,sil
8.659088611602783,0,-1,-5,13,-33,6,23,2,10,6,-4,-4,-1,8,sil
8.67437219619751,-2,-11,-4,0,-66,-11,8,-8,11,-1,-8,0,-9,0,sil
8.67437219619751,-2,-15,-1,-22,-79,-24,0,-6,1,-1,-14,0,0,-12,sil
8.690109729766846,8,-3,-6,-6,-78,-25,-4,0,-6,4,5,6,12,0,sil
8.690109729766846,11,10,7,-3,-94,-18,-23,-5,-22,-13,13,8,2,4,sil
8.705167770385742,-3,7,-1,-21,-112,-8,-35,-8,-37,-34,-2,-2,-10,-16,sil
8.705167770385742,-2,13,1,4,-60,-1,-18,0,-18,-17,-2,-2,-8,-19,sil
8.721585273742676,11,26,18,41,10,7,-5,5,2,4,11,4,4,3,sil
8.721585273742676,-2,1,0,14,5,9,-7,1,-2,0,6,-3,7,7,sil
8.737645864486694,-22,-15,-5,-6,1,11,1,4,-1,0,-11,-9,-2,-4,sil
8.737645864486694,-12,5,-3,20,56,23,16,6,10,12,-21,-7,-8,0,sil
8.753341674804688,1,5,0,17,77,24,15,-1,11,14,-15,-9,-7,11,sil
8.753341674804688,0,-9,4,-11,60,6,6,-2,7,10,-2,-2,0,8,sil
8.768375873565674,-2,-7,-5,-14,66,-4,0,0,4,4,-2,0,6,0,sil
8.768375873565674,1,-7,2,-17,74,3,-1,-1,2,2,-8,0,10,6,sil
8.783902406692505,9,-9,3,-15,67,4,1,0,21,18,7,9,23,22,sil
8.783902406692505,14,3,1,0,59,-9,5,2,30,25,25,20,28,27,sil
8.799011945724487,16,12,8,0,50,-11,5,5,17,13,26,24,16,17,sil
8.799011945724487,13,7,0,-4,42,-6,6,0,10,1,22,20,7,1,sil
8.814295530319214,6,9,2,0,29,-10,0,-5,1,-10,16,13,-3,-11,sil
8.814295530319214,0,8,-4,0,1,-14,-11,-8,-10,-15,12,9,-9,-15,sil
8.829882621765137,0,0,-5,0,-26,-17,-19,-4,-20,-15,10,8,-5,-7,sil
8.829882621765137,3,-4,4,-6,-37,-20,-24,-1,-31,-27,1,2,-11,-7,sil
8.845020055770874,-2,-5,-12,-15,-37,-16,-17,-2,-27,-28,-6,-9,-19,-13,sil
8.845020055770874,-15,-7,-3,-8,-42,0,-7,2,-9,-12,-5,-17,-14,-17,sil
8.86026120185852,-20,-3,5,11,-41,10,0,11,-3,-5,-4,-22,-10,-19,sil
8.86026120185852,-6,4,0,23,-30,14,7,7,-4,0,-4,-16,-9,-6,sil
8.876361608505249,9,12,8,23,-25,19,14,-1,-4,5,-9,-3,-6,4,sil
8.876361608505249,0,0,0,12,-29,15,10,-4,-14,-4,-23,-6,-12,-5,sil
8.892952919006348,-13,-13,-5,0,-28,11,3,-6,-25,-9,-32,-15,-19,-16,sil
8.892952919006348,-8,-2,-3,8,-16,16,13,-6,-8,12,-17,-12,-8,-6,sil
8.908050060272217,1,1,-4,14,-11,15,22,3,16,25,-2,-2,8,11,sil
8.908050060272217,3,-9,7,-1,-16,8,14,12,22,22,0,8,20,22,sil
8.924610137939453,5,-10,-1,-9,-14,3,12,2,29,29,7,11,28,33,sil
8.924610137939453,10,2,2,-4,-7,1,11,-1,36,28,12,13,25,33,sil
8.940597534179688,9,8,10,1,3,0,0,2,26,13,13,12,16,19,sil
8.940597534179688,1,1,-3,2,14,-6,-5,0,11,5,4,-2,10,8,sil
8.954298496246338,-10,-12,-8,-13,1,-20,-1,-2,2,-2,-14,-12,-1,-1,sil
8.971914052963257,-15,-13,-15,-24,-10,-20,0,1,-1,-14,-16,-9,-14,-14,sil
8.971914052963257,-3,1,-2,-14,4,-5,-5,1,0,-17,-6,-3,-13,-15,sil
8.984936714172363,2,11,4,-4,18,-2,-14,-3,8,-8,2,1,2,-8,sil
8.984936714172363,-2,6,-2,-4,12,-13,-21,-6,0,-5,19,6,11,-5,sil
9.000954151153564,-4,1,4,-7,17,-12,-22,-6,-16,-15,21,0,0,-10,sil
9.000954151153564,-2,0,-7,-8,27,-6,-17,-7,-22,-24,4,-8,-8,-17,sil
9.018431663513184,-1,2,-3,-9,12,-11,-17,-6,-26,-28,-2,-4,-8,-18,sil
9.018431663513184,3,7,13,-10,-3,-11,-18,-1,-31,-23,0,8,-8,-15,sil
9.018431663513184,8,8,4,-2,6,-2,-6,1,-20,-3,1,9,-9,-13,sil
9.032448291778564,9,12,12,16,22,9,9,8,-9,0,-2,1,-10,-8,sil
9.049036264419556,10,16,13,29,26,20,19,9,-4,-6,-1,4,-6,4,sil
9.049036264419556,10,9,6,29,23,23,25,6,5,3,4,13,0,14,sil
9.049036264419556,2,-2,6,20,10,17,24,6,15,17,6,10,2,12,sil
9.064203023910522,-9,-17,-14,2,-7,9,11,1,11,19,-2,-5,2,10,sil
9.0802583694458,-11,-17,-14,-12,-13,7,3,-4,4,20,-7,-11,2,9,sil
9.0802583694458,-5,-8,-6,-2,-5,2,5,-1,16,30,0,-6,8,11,sil
9.0802583694458,0,-7,0,8,-3,0,0,1,23,29,1,-1,9,17,sil
9.095387697219849,9,-5,8,1,-8,2,-7,-1,6,6,-6,2,6,18,sil
9.095387697219849,12,2,0,0,-5,0,-1,-3,-2,-9,-5,6,5,15,sil
9.109934091567991,12,10,9,9,-2,-2,7,-1,10,1,8,15,8,12,sil
9.125099420547484,12,4,1,8,-9,0,11,-3,22,17,23,17,22,11,sil
9.125099420547484,6,-3,-8,-4,-11,-5,-1,0,10,8,20,8,23,0,sil
9.140719175338743,-2,0,2,-10,-8,-18,-17,2,-2,-5,8,3,2,-16,sil
9.140719175338743,-10,3,-6,-13,-14,-21,-13,0,-9,-20,0,0,-7,-17,sil
9.15640139579773,-17,-5,-9,-31,-20,-19,-14,0,-22,-40,-14,-8,-16,-22,sil
9.15640139579773,-23,-18,-12,-41,-12,-22,-28,3,-35,-43,-28,-26,-32,-39,sil
9.172366857528688,-19,-10,-13,-25,-2,-12,-24,0,-38,-28,-35,-37,-38,-36,sil
9.172366857528688,-8,9,5,4,7,16,0,-3,-23,-12,-27,-27,-26,-16,sil
9.18740463256836,0,16,8,35,17,29,20,4,6,12,3,-2,-2,4,sil
9.18740463256836,3,10,17,38,12,22,25,7,17,29,28,15,16,19,sil
9.203303813934326,0,1,9,20,2,20,21,-1,6,13,16,8,14,21,sil
9.203303813934326,-7,-4,-7,11,-1,11,12,-7,3,-1,-11,-10,0,7,sil
9.21834683418274,-3,-7,1,2,-4,0,5,-2,5,11,-17,-10,-6,2,sil
9.21834683418274,8,-5,-6,-6,0,4,12,0,15,33,3,2,9,19,sil
9.233930349349976,19,1,0,2,12,12,21,0,31,35,12,9,24,29,sil
9.233930349349976,14,0,6,10,11,5,14,0,27,25,0,7,18,14,sil
9.735602855682371,4,4,18,21,8,-2,-2,1,-28,-14,-2,5,-6,-8,sil
9.735602855682371,-13,0,0,14,7,5,1,0,-27,-19,-15,-7,-13,-12,sil
9.751488208770752,-10,-4,3,12,7,16,20,6,7,10,-14,-13,-11,-2,sil
9.751488208770752,0,-1,-1,18,10,20,37,8,16,24,-5,-6,-4,6,sil
9.767090797424316,0,0,-7,22,7,8,23,1,0,17,-8,-7,0,9,sil
9.767090797424316,0,-2,12,14,-1,2,3,-3,9,22,-9,-6,4,14,sil
9.78348684310913,3,-8,3,-1,-4,4,5,-6,26,20,0,3,11,14,sil
9.78348684310913,8,-9,-4,-18,-1,0,6,0,22,6,11,14,20,11,sil
9.799007177352903,13,-1,-2,-18,-3,-9,2,5,21,8,23,18,32,15,sil
9.799007177352903,15,8,0,-2,-3,-14,2,1,19,7,29,15,26,16,sil
9.814125537872314,15,14,9,4,1,-10,-4,0,-1,-9,21,17,7,8,sil
9.814125537872314,8,14,0,3,5,-3,-17,0,-17,-21,17,17,1,0,sil
9.829925775527954,-6,7,0,2,3,0,-26,-2,-26,-29,9,3,-4,-11,sil
9.829925775527954,-16,0,-2,2,3,5,-21,-1,-28,-26,-9,-19,-16,-17,sil
9.845380783081056,-18,-9,-17,0,1,10,1,0,-22,-12,-23,-33,-21,-10,sil
9.860517501831056,-24,-20,-12,-3,-4,14,20,0,-17,-5,-28,-34,-22,-10,sil
9.860517501831056,-20,-18,-18,0,-3,16,24,4,0,6,-24,-28,-12,-13,sil
9.876566648483276,-6,-2,-6,-2,2,10,16,-1,18,21,-21,-18,-3,-7,sil
9.876566648483276,-9,-2,-1,-9,-2,-3,6,-7,15,15,-25,-14,-9,-3,sil
9.893233060836792,-11,-17,-18,-13,-14,-11,1,2,16,13,-20,-12,-5,0,sil
9.893233060836792,6,-14,-1,-10,-13,-7,0,10,28,18,-3,2,10,4,sil
9.893233060836792,11,0,7,-1,-7,-4,-9,0,17,5,1,14,3,0,sil
9.907777070999146,5,7,6,-2,-5,-3,-8,-3,5,0,0,17,-4,0,sil
9.907777070999146,24,8,11,-6,-2,-1,0,1,11,12,17,27,15,12,sil
9.92295527458191,36,13,9,5,5,-2,-1,-7,-2,7,34,31,21,16,sil
9.940251350402832,14,14,15,14,12,-2,-11,-10,-25,-15,22,17,0,2,sil
9.940251350402832,-7,0,3,1,5,-5,-7,0,-13,-13,8,7,0,-1,sil
9.940251350402832,-3,-3,5,-10,-8,-12,-4,1,0,-2,8,10,5,6,sil
9.956621408462524,6,11,15,-6,-9,-12,-4,-1,-3,-3,12,14,0,8,sil
9.956621408462524,3,4,-2,-1,-4,-9,-4,0,-4,-2,13,5,2,2,sil
9.972233772277832,-1,-2,-1,-4,0,-8,-14,5,-8,-7,3,-4,-4,-2,sil
9.972233772277832,-1,10,0,3,9,0,-15,3,-14,-19,-2,-8,-22,-6,sil
9.985292196273804,-3,10,-2,7,11,6,-1,0,-6,-13,0,-6,-14,-8,sil
10.003384828567505,-6,-1,0,3,0,9,1,3,5,0,-7,-9,-16,-9,sil
10.003384828567505,-5,0,-6,12,3,8,0,0,3,-4,-15,-15,-24,-6,sil
10.003384828567505,-1,8,4,25,14,12,5,-3,-6,-5,-1,-4,33,-3,sil
10.018364667892456,0,7,1,24,15,14,14,1,0,12,13,2,82,0,sil
10.018364667892456,0,-1,-5,9,10,9,14,1,6,14,3,-6,23,0,sil
10.031490087509155,-2,-6,3,0,0,6,8,-3,-3,1,-10,-8,-34,-2,sil
10.052151441574097,-9,-5,-5,-2,-7,7,3,-1,-12,0,-13,-3,-24,0,sil
10.053150415420532,-13,-7,-4,-7,-6,8,8,3,-9,-5,-21,-6,-23,5,sil
10.053150415420532,-10,-17,-6,-12,-3,6,21,0,-3,-7,-21,-9,-30,0,sil
10.06217885017395,-4,-20,-9,-13,-2,1,25,1,12,9,-4,-8,-15,0,sil
10.078065156936646,-5,-15,3,-8,0,1,20,6,33,24,4,-5,4,8,sil
10.078065156936646,-7,-8,-5,0,0,2,14,1,33,31,1,-3,22,9,sil
10.093191146850586,-4,-2,-4,-7,-1,-1,2,-3,14,21,-6,-2,19,3,sil
10.093191146850586,0,-4,-8,-30,-8,-12,-16,-4,3,-6,-12,-6,0,0,sil
10.109123229980469,1,-7,-14,-28,-18,-23,-33,-3,-2,-18,-6,-4,-3,-7,sil
10.109123229980469,10,5,8,-1,-17,-23,-35,0,-8,-1,10,12,14,-9,sil
10.12458848953247,16,18,9,7,-4,-17,-23,0,-1,6,32,27,22,6,sil
10.12458848953247,16,16,10,-4,0,-12,-20,-2,-2,-8,30,27,9,10,sil
10.140249967575071,16,16,10,-3,3,-4,-21,0,-12,-20,6,17,-4,-10,sil
10.140249967575071,15,20,3,13,13,0,-7,2,-11,-18,0,7,-7,-13,sil
10.15623426437378,15,22,13,28,11,4,6,5,-10,-8,12,8,-7,2,sil
10.15623426437378,9,10,7,34,8,17,15,0,-16,5,8,6,-3,8,sil
10.172109603881836,-6,-6,1,24,10,24,24,-3,-22,5,-13,-5,-3,1,sil
10.172109603881836,-23,-15,-10,4,3,14,24,0,-18,-2,-21,-24,-15,-5,sil
10.187779188156128,-26,-14,-24,-5,-4,3,9,0,-2,-3,-20,-38,-20,-6,sil
10.187779188156128,-5,-6,4,0,2,7,3,1,21,9,-8,-13,2,5,sil
10.20334243774414,14,0,10,0,7,-3,3,1,30,17,18,20,24,17,sil
10.20334243774414,8,0,-2,-15,-12,-26,-18,-2,4,-5,15,13,8,2,sil
10.21943473815918,-6,-3,-4,-22,-28,-18,-31,-3,-17,-34,-10,-1,-13,-19,sil
10.21943473815918,-4,1,-1,-7,-12,0,-10,0,-11,-29,-4,7,-10,-13,sil
10.235116958618164,5,12,17,10,13,3,0,1,0,-7,18,13,3,7,sil
10.235116958618164,10,13,10,22,26,11,0,2,4,10,18,6,11,12,sil
10.25034499168396,0,1,0,20,18,19,5,0,0,14,-1,-2,0,2,sil
10.25034499168396,-13,-10,0,12,8,12,15,-4,-3,11,-14,-17,-11,-1,sil
10.26547646522522,-9,-15,-8,7,11,10,27,-1,14,30,-9,-17,3,5,sil
10.26547646522522,-3,-22,-8,-24,-2,10,30,2,28,37,-12,-10,12,3,sil
10.281091451644896,-19,-28,-18,-48,-25,-1,12,-1,10,7,-23,-21,-2,-12,sil
10.281091451644896,-14,-16,-7,-28,-16,-7,1,-2,7,-6,-16,-21,-3,-4,sil
10.296800136566162,5,1,9,-14,-3,-8,-3,7,22,9,2,2,10,13,sil
10.296800136566162,0,-2,-12,-34,-22,-19,-19,3,13,2,5,7,7,-1,sil
10.3123939037323,0,1,-5,-31,-27,-16,-22,-4,-1,-15,3,12,0,-17,sil
10.3123939037323,18,26,9,7,2,-6,-6,3,-1,-7,18,27,9,0,sil
10.327975034713743,20,30,10,21,15,-12,-8,4,-10,-8,24,22,7,5,sil
10.327975034713743,6,19,17,15,8,-9,-13,-5,-20,-22,5,7,-13,-6,sil
10.343914270401,5,15,1,27,13,3,-1,-5,-11,-15,-4,0,-17,0,sil
10.343914270401,1,6,-2,27,13,4,0,5,-13,-7,2,-5,-7,4,sil
10.35926079750061,-8,-6,-2,9,5,4,-4,0,-26,-15,4,-11,-6,-3,sil
10.35926079750061,-1,0,-1,22,9,17,8,-3,-20,-6,-7,-5,-7,0,sil
10.374653816223145,7,5,5,41,12,18,15,0,-7,11,-12,0,-4,4,sil
10.374653816223145,-2,-4,-8,16,1,4,4,-2,-10,12,-4,0,0,0,sil
10.390904664993286,-10,-9,-4,-7,-4,3,1,-4,-9,8,0,3,5,2,sil
10.390904664993286,-6,-6,0,3,0,12,8,0,8,13,0,3,6,3,sil
10.405951976776125,-6,-10,-3,4,0,2,0,0,12,6,-4,-9,0,-3,sil
10.405951976776125,0,-6,7,-10,-6,-6,-9,0,1,-5,-10,-10,-1,-5,sil
10.421146869659424,12,0,5,-1,-8,1,0,0,13,7,1,4,9,6,sil
10.421146869659424,14,-1,5,3,-6,3,2,0,33,19,17,15,19,17,sil
10.43628454208374,2,-6,0,-12,-9,-11,-6,3,24,6,14,11,19,6,sil
10.43628454208374,2,-5,-6,-20,-11,-22,-10,2,9,-1,11,9,14,0,sil
10.453320026397703,10,-3,10,-20,-6,-18,-5,1,13,5,13,16,10,10,sil
10.453320026397703,3,-3,-4,-29,-6,-15,-6,0,11,0,8,4,7,4,sil
10.467769861221312,0,2,-7,-28,-9,-10,-5,-1,-9,-18,0,-7,-4,-13,sil
10.467769861221312,0,8,6,-7,0,2,0,-1,-20,-24,0,-3,-16,-12,sil
10.483299493789673,-12,0,-6,-6,2,4,-1,0,-23,-24,-6,-12,-22,-12,sil
10.483299493789673,-22,0,-4,-18,0,1,-1,3,-27,-23,-19,-26,-25,-23,sil
10.50029993057251,-11,5,-2,-4,6,3,9,4,-14,-7,-18,-21,-21,-19,sil
10.50029993057251,-10,-1,-5,2,12,9,11,-1,-7,4,-26,-24,-20,-6,sil
10.514908075332642,-17,-2,-6,0,15,21,15,-1,-3,6,-26,-28,-19,0,sil
10.514908075332642,0,11,-3,19,24,26,29,5,20,18,-1,-4,0,12,sil
10.529958963394163,4,5,9,24,18,12,18,6,23,21,2,5,8,13,sil
10.548379182815552,-8,-11,-4,9,-1,1,-3,-3,0,4,-14,-11,0,-1,sil
10.548379182815552,0,-3,0,16,-5,4,-1,-5,4,2,-8,-1,1,5,sil
10.548379182815552,18,7,14,26,2,5,10,0,22,20,16,24,19,18,sil
10.56291389465332,9,0,0,10,0,-1,3,0,19,22,24,25,24,12,sil
10.577528715133669,5,0,4,-2,-12,-8,-17,-2,6,5,11,24,13,9,sil
10.577528715133669,13,1,3,2,-12,-15,-25,-4,-3,-1,6,28,10,8,sil
10.577528715133669,11,-3,-4,3,-1,-15,-16,-4,-15,-6,12,16,12,-1,sil
10.594693660736084,5,-3,3,-6,-4,-9,-11,-3,-19,-11,11,8,7,-4,sil
10.594693660736084,4,0,-3,-10,-19,-12,-12,-5,-16,-8,4,9,5,-2,sil
10.61065411567688,8,3,4,-8,-18,-12,-8,-2,-16,-13,8,18,6,-4,sil
10.61065411567688,11,5,8,-2,-3,-6,-2,3,-8,-14,21,21,7,0,sil
10.624895811080933,9,4,6,-1,0,-8,-5,2,2,-13,17,6,1,0,sil
10.639900207519531,1,5,5,-9,-3,-6,-8,2,4,-13,1,-10,-6,-13,sil
10.639900207519531,-7,1,-8,-10,3,2,-5,8,1,-4,1,-13,-9,-15,sil
10.639900207519531,-13,0,1,5,11,3,0,10,-5,0,4,-10,-10,-3,sil
10.657047510147097,-13,1,1,22,13,3,10,0,-3,-5,-9,-25,-15,0,sil
10.657047510147097,-7,1,-5,19,16,17,22,-3,3,5,-25,-35,-20,0,sil
10.671229600906372,-5,-1,3,15,16,25,26,1,1,20,-25,-23,-17,2,sil
10.671229600906372,-11,-8,-10,8,6,14,21,0,-3,12,-19,-14,-8,0,sil
10.689316511154177,-14,-7,-9,-1,0,8,12,-2,-1,3,-17,-14,-4,0,sil
10.689316511154177,-12,-3,-5,-1,1,12,4,0,7,9,-12,-4,0,5,sil
10.703384637832642,-10,-7,-10,-7,0,5,-2,-1,8,7,-8,0,5,9,sil
10.72117280960083,-1,-8,-1,-23,-8,0,-4,0,7,1,-9,-2,5,2,sil
10.72117280960083,2,-10,-6,-26,-8,-5,0,1,12,1,-5,-3,2,-5,sil
10.72117280960083,-9,-13,-4,-26,-7,-14,-8,-1,9,-2,0,-4,0,-6,sil
10.734265327453612,-6,-3,-2,-17,-8,-12,-11,-1,9,4,8,1,6,0,sil
10.734265327453612,15,9,0,0,-4,-5,2,0,16,21,17,13,14,6,sil
10.751728534698486,14,5,14,-1,-5,-4,1,0,2,7,11,19,5,4,sil
10.76472806930542,6,0,2,-7,-10,-9,-8,-3,-16,-18,6,12,-4,-6,sil
10.76472806930542,19,12,3,0,-6,-7,-5,-1,-16,-20,14,15,0,-3,sil
10.78010630607605,23,20,13,10,3,-1,-2,0,-8,-7,22,26,5,6,sil
10.78010630607605,9,11,3,14,5,-5,-6,0,-4,-3,17,23,4,6,sil
10.795225381851196,11,5,10,7,5,-11,-3,0,1,-1,11,11,8,8,sil
10.795225381851196,13,6,9,5,12,-2,0,0,8,1,11,2,19,10,sil
10.810193061828612,-4,0,6,7,5,0,-11,-4,-7,-7,1,0,5,-3,sil
10.810193061828612,-14,-8,-6,1,-5,-5,-23,-1,-27,-22,-14,-6,-19,-14,sil
10.825560092926024,0,-2,-17,1,1,0,-6,10,-13,-12,-17,-5,-12,-4,sil
10.825560092926024,5,4,11,9,12,20,14,10,9,5,-8,0,5,0,sil
10.841466426849363,-8,-2,9,9,11,13,11,-1,11,6,-4,-5,0,-6,sil
10.841466426849363,-19,-7,-8,6,2,1,3,-2,2,-1,-9,-18,-11,-7,sil
10.856966733932495,-17,-5,-10,2,-5,6,12,2,1,1,-14,-20,-8,-4,sil
10.856966733932495,-19,-7,-16,-1,-4,3,9,-1,1,11,-11,-20,-4,-7,sil
10.872339725494385,-15,-3,-1,3,2,-3,-6,0,-1,10,-4,-12,-8,-8,sil
10.872339725494385,1,1,5,10,1,5,-1,0,-1,6,0,0,-4,0,sil
10.888382196426392,9,-1,4,1,-3,14,10,-4,0,11,-1,3,1,9,sil
10.888382196426392,-1,-2,1,-2,-5,11,9,-5,0,18,0,5,0,4,sil
10.90430998802185,0,0,-9,1,-3,1,9,-3,0,13,10,3,0,7,sil
10.90430998802185,15,0,5,-4,-3,-1,15,-2,3,3,12,2,5,19,sil
10.919301509857178,13,2,3,-1,0,3,12,1,9,9,8,2,13,17,sil
10.919301509857178,2,6,-1,10,-1,3,0,2,15,18,8,5,16,9,sil
10.93466567993164,2,3,2,6,0,-5,-5,-1,11,7,0,5,4,7,sil
10.93466567993164,-1,-5,-15,-8,6,-10,-3,-3,1,-18,-13,-5,-10,-1,sil
10.949894905090332,-11,-7,-8,-19,0,-11,-4,0,-2,-30,-21,-13,-10,-13,sil
10.950292587280272,-13,-10,-3,-30,-14,-20,-16,0,-5,-19,-13,-9,-1,-22,sil
10.965402603149414,-7,-12,-10,-37,-21,-22,-26,0,-8,-13,-3,-1,-4,-23,sil
10.965402603149414,4,0,3,-24,-16,-6,-21,1,-2,-19,0,7,-3,-10,sil
10.981350898742676,11,10,3,-8,0,-2,-9,1,-1,-20,13,16,4,-2,sil
10.981350898742676,13,7,15,-5,11,-10,-7,2,-13,-16,25,19,2,-4,sil
10.998292684555054,21,11,22,2,9,0,-4,4,-6,-2,28,24,4,6,sil
10.998292684555054,22,17,9,16,9,7,-1,0,-1,0,23,23,7,14,sil
11.012327194213867,11,13,6,20,16,-4,-11,0,-18,-8,7,12,0,0,sil
11.012327194213867,0,9,3,27,15,-2,-10,1,-11,5,-1,1,-1,-1,sil
11.02836298942566,-5,8,5,31,8,14,11,0,4,27,0,-4,0,8,sil
11.02836298942566,-11,-1,-3,21,2,17,24,0,-10,15,-3,-16,-5,-1,sil
11.043994188308716,-12,-13,-12,14,0,14,20,2,-14,-1,-18,-25,-9,-3,sil
11.043994188308716,-17,-14,-3,8,-1,23,18,4,9,5,-27,-23,-9,0,sil
11.059192180633543,-21,-13,-16,0,0,20,18,2,22,20,-25,-26,-8,0,sil
11.059192180633543,-9,-10,-7,-1,-2,10,22,2,33,30,-13,-16,7,12,sil
11.076319217681885,2,0,7,5,0,7,29,-1,46,26,-2,-1,22,26,sil
11.076319217681885,0,1,-3,-1,1,1,13,-4,25,7,-6,-1,7,10,sil
11.090049028396606,-6,-7,-4,-17,-5,-7,-6,0,-10,-1,-2,-1,-3,-5,sil
11.090049028396606,-4,-9,-12,-20,-8,-9,-8,-3,-7,2,11,5,8,-2,sil
11.10713815689087,0,-1,-5,-18,-4,-9,-15,-7,1,-7,4,4,4,-1,sorry
11.10713815689087,3,4,6,-18,-5,-18,-27,-2,-10,-21,0,6,-5,-5,sorry
11.120734214782717,3,2,-1,-12,-7,-23,-19,-4,-24,-19,9,10,1,-7,sorry
11.120734214782717,2,-3,4,-7,-2,-9,-10,-6,-21,-17,-2,5,0,-7,sorry
11.136325597763062,2,-5,0,-8,0,1,-4,-1,-4,-11,-11,1,-8,-1,sorry
11.153920650482178,7,1,7,-5,-8,-6,0,0,2,-2,7,12,-3,0,sorry
11.153920650482178,15,8,15,0,-7,-10,-5,3,2,-1,24,21,2,-3,sorry
11.153920650482178,15,6,-2,5,3,-4,-10,8,0,-6,13,8,1,-2,sorry
11.16902780532837,4,4,2,4,-2,-6,-10,3,-9,-12,-3,-5,-10,-6,sorry
11.16902780532837,-5,4,1,1,-6,-5,-3,-2,-9,-6,-1,-2,-11,-12,sorry
11.182616472244264,-7,4,0,4,11,10,5,1,3,3,7,0,1,-9,sorry
11.198326110839844,-8,3,2,9,19,20,7,0,1,1,-2,-12,-2,-10,sorry
11.198326110839844,-8,-3,-9,12,4,7,2,-2,-6,0,-15,-17,-14,-6,sorry
11.198326110839844,6,1,5,23,4,2,0,1,-8,9,-2,3,-1,12,sorry
11.215230703353882,15,15,11,30,14,8,0,2,-1,13,12,15,13,16,sorry
11.229344844818115,2,9,-1,13,6,6,-1,-2,9,15,7,8,8,6,sorry
11.229344844818115,-1,-3,-2,0,4,2,2,0,11,15,-3,3,2,10,sorry
11.245102167129517,3,-4,-6,6,8,1,8,1,-2,6,0,-2,2,11,sorry
11.245102167129517,-3,-2,2,-2,-8,0,1,2,-8,-4,5,-10,1,-1,sorry
11.260308742523192,-11,-6,-2,-15,-16,-2,-1,0,-2,-25,2,-10,7,0,sorry
11.260308742523192,-2,-2,-4,-9,-2,-3,2,-1,-3,-35,-4,-4,12,10,sorry
11.275710105895996,5,7,9,3,-2,0,8,3,0,1,-1,1,8,9,sorry
11.275710105895996,1,1,-2,5,-7,5,12,4,12,30,7,5,5,5,sorry
11.291074991226196,-2,-7,-2,-5,0,6,14,2,19,13,0,3,4,11,sorry
11.291074991226196,0,-3,0,-15,7,4,18,1,35,18,-13,-1,1,9,sorry
11.306133031845093,-3,-3,-7,-23,0,-1,11,-2,32,30,-15,-13,-8,-7,sorry
11.306133031845093,-16,-10,-7,-33,-18,-8,-8,-6,-5,-5,-16,-21,-19,-23,sorry
11.321896314620972,-17,-11,-18,-25,-18,-8,-16,-7,-19,-29,-20,-18,-18,-23,sorry
11.321896314620972,-8,-8,-8,-12,0,-1,-7,-6,-8,-17,-19,-9,-15,-19,sorry
11.337955474853516,0,-6,0,-12,2,0,-3,-1,-13,-10,-12,0,-13,-15,sorry
11.337955474853516,10,0,0,-1,-5,-7,-11,1,-17,-5,10,14,1,0,sorry
11.354023694992064,23,11,15,20,7,-3,-9,1,-2,7,34,30,22,18,sorry
11.354023694992064,15,10,5,25,18,4,1,2,8,13,24,24,19,13,sorry
11.37031364440918,-1,-1,2,6,4,0,-3,3,0,3,4,8,0,0,sorry
11.37031364440918,-4,-6,5,0,5,-1,-5,1,-4,1,12,11,0,1,sorry
11.386057615280151,1,-1,-1,8,11,0,3,0,-5,-1,14,11,5,9,sorry
11.386057615280151,3,3,8,8,-7,-7,-3,0,-15,-18,-1,0,-9,0,sorry
11.401454210281372,0,4,4,8,-8,-8,-6,0,-17,-15,0,-4,-14,-8,sorry
11.401454210281372,0,8,3,16,11,1,1,0,-1,2,1,-2,-1,-5,sorry
11.41726279258728,0,15,6,18,4,8,1,1,9,4,-6,-10,0,-2,sorry
11.41726279258728,2,14,-3,16,-1,10,0,0,14,5,-7,-14,1,3,sorry
11.432418584823608,8,12,8,26,13,16,6,3,15,13,4,0,12,5,sorry
11.432418584823608,5,8,4,29,4,9,2,0,9,10,14,3,17,2,sorry
11.44839882850647,0,0,-7,6,-14,-8,-5,-7,-3,0,3,-2,8,1,sorry
11.44839882850647,-10,-11,-9,-16,-2,-7,-9,-8,-15,-6,-11,-7,-2,-3,sorry
11.463258028030396,-19,-16,-14,-21,2,0,-11,-3,-21,-15,-14,-13,-12,-7,sorry
11.463258028030396,-13,-13,-3,-18,-14,-5,-10,0,-22,-21,-17,-15,-19,-6,sorry
11.478427171707152,0,-12,-2,-21,-16,-6,0,-1,-5,-13,-18,-8,-9,2,sorry
11.478427171707152,0,-12,-2,-24,-4,9,16,-1,17,7,-8,-5,0,5,sorry
11.49454641342163,-6,-4,3,-15,1,16,19,3,19,19,-7,-10,-3,-5,sorry
11.49454641342163,-4,3,-5,-5,1,2,15,0,13,8,-8,-10,-4,-6,sorry
11.510039806365969,10,8,5,-11,0,0,18,-2,20,0,5,11,6,10,sorry
11.510039806365969,15,1,1,-17,1,1,14,0,16,7,14,22,9,14,sorry
11.525962352752686,1,-9,-8,-19,-6,-9,-8,0,-8,-1,-1,6,-7,-5,sorry
11.525962352752686,-6,-3,-5,-14,-18,-14,-15,0,-10,-12,-9,-2,-14,-12,sorry
11.541293859481812,-3,4,-7,0,-4,0,-1,4,7,4,10,3,9,0,sorry
11.556737899780272,0,3,8,8,9,1,-6,6,3,8,23,12,23,6,sorry
11.556737899780272,5,7,10,12,9,-7,-14,2,0,0,18,14,15,7,sorry
11.556737899780272,16,13,7,22,12,-9,-2,2,13,16,14,17,15,18,sorry
11.572613954544067,19,8,10,22,12,-3,8,3,17,26,15,19,19,15,sorry
11.572613954544067,6,0,-10,10,4,-1,8,-1,2,1,7,7,1,-4,sorry
11.58827781677246,-5,-1,-2,0,0,0,4,0,-9,-18,-6,-5,-15,-13,sorry
11.58827781677246,0,0,8,3,-2,-1,0,0,-12,-9,-7,-1,-6,-2,sorry
11.603931427001951,9,7,4,17,0,-3,-7,-2,-13,0,4,6,4,3,sil
11.603931427001951,4,11,8,16,6,4,-11,0,-17,-5,8,8,0,2,sil
11.619308710098268,-8,3,-3,10,8,11,-11,0,-17,-6,0,1,-6,0,sil
11.619308710098268,-4,2,4,14,6,9,-12,-2,-16,-3,-4,-6,-12,0,sil
11.634482383728027,-1,1,8,8,3,7,-7,0,-13,-10,-9,-15,-16,-2,sil
11.634482383728027,-16,-12,-9,-9,-3,4,3,1,-6,-14,-18,-26,-19,-12,sil
11.650063514709473,-20,-18,-6,-12,-7,8,13,0,0,-5,-21,-25,-18,-20,sil
11.665204048156738,-10,-15,-11,-11,-4,12,12,-4,1,-1,-15,-16,-7,-10,sil
11.665204048156738,-7,-15,-9,-24,-7,1,-1,-4,-4,-13,-13,-9,-1,-1,sil
11.665204048156738,-1,-8,-2,-13,-6,-5,-4,3,0,-8,-8,-5,2,0,sil
11.682308435440063,9,2,-3,11,6,2,10,4,22,17,5,2,14,6,sil
11.682308435440063,7,2,5,3,6,1,13,-1,30,25,7,6,12,3,sil
11.697332382202148,-5,-3,-7,-11,-7,-10,-1,-6,8,10,0,-3,-1,-10,sil
11.697332382202148,-12,-2,-10,-12,-9,-12,-4,-3,-4,-6,-3,-10,-6,-11,sil
11.712937831878662,-13,-2,-1,-9,-5,-1,7,2,7,-5,-6,-11,-4,-3,sil
11.712937831878662,-11,-4,-5,-9,-11,-2,13,5,15,6,-6,-8,0,-1,sil
11.729474067687988,0,12,6,-2,-4,-2,9,4,16,13,8,10,8,8,sil
11.729474067687988,16,23,6,9,9,0,5,0,15,10,17,25,11,14,sil
11.745054483413696,22,11,6,11,3,-4,-5,-2,0,3,7,17,7,6,sil
11.745054483413696,19,4,11,6,-4,-9,-16,-1,-14,1,11,19,15,10,sil
11.76024341583252,8,3,0,1,-3,-4,-21,-6,-21,-4,12,20,12,12,sil
11.760702848434448,0,-6,3,-9,-7,-3,-25,-8,-33,-21,-7,1,-12,0,sil
11.777154922485352,1,-6,2,-11,-3,-6,-18,0,-21,-16,-4,-3,-11,0,sil
11.777154922485352,9,2,4,0,4,1,-3,3,0,0,9,5,5,9,sil
11.79218316078186,4,4,7,9,5,8,4,3,0,5,4,3,5,4,sil
11.79218316078186,2,1,-1,11,9,4,14,4,12,15,13,1,13,9,sil
11.807238817214966,11,1,11,9,14,6,17,8,30,23,24,14,25,20,sil
11.807238817214966,11,0,5,12,9,9,11,4,22,14,8,12,12,10,sil
11.824386596679688,1,2,-5,10,2,5,3,-1,5,2,-6,-2,-4,-4,sil
11.824386596679688,-11,-4,-3,-7,0,1,1,-2,-4,-6,-14,-10,-12,-11,sil
11.840981006622314,-22,-19,-15,-15,-1,0,2,0,-8,-15,-25,-16,-22,-18,sil
11.840981006622314,-14,-6,-5,-4,-1,0,4,0,3,-14,-20,-14,-20,-18,sil
11.854433059692385,-1,9,-2,-1,3,6,10,0,18,-3,0,-7,-1,-5,sil
11.854433059692385,0,2,-4,-2,5,4,11,1,12,6,8,-1,3,5,sil
11.873012065887451,-3,0,5,2,1,-2,1,1,-7,1,3,-1,-4,0,sil
11.873012065887451,-3,4,-9,0,-2,-9,-6,-5,-21,-12,-2,-11,-7,-13,sil
11.886372804641724,-1,2,-6,-6,-7,-11,-12,-4,-24,-18,-4,-13,-7,-17,sil
11.901952743530272,-3,1,1,-3,-8,-9,-17,1,-17,-11,1,-5,-5,-14,sil
11.901952743530272,-3,1,2,6,-2,-1,-11,-1,-11,-2,2,1,-4,-6,sil
11.901952743530272,2,3,9,14,2,2,-2,-2,-10,4,-2,7,-2,1,sil
11.917340755462646,-1,5,-2,7,0,-4,-5,0,-12,1,-5,3,-3,-2,sil
11.917340755462646,-13,0,0,-2,-4,-5,-12,0,-14,-15,-11,-8,-10,-12,sil
11.933388233184814,-9,-4,7,1,-4,4,-3,0,-7,-13,-9,-3,-10,-5,sil
11.933388233184814,-6,-10,-2,0,-5,7,7,3,-1,4,0,1,0,3,sil
11.947956562042236,-10,-23,-7,-14,-4,12,14,4,1,10,-3,-7,2,7,sil
11.964920282363892,1,-16,-13,-7,0,16,22,1,13,16,-5,-7,5,18,sil
11.964920282363892,12,3,2,5,-4,10,21,0,20,18,-2,2,6,25,sil
11.964920282363892,2,-1,7,1,-5,6,12,-2,13,8,-10,-2,1,11,sil
11.981003522872925,3,-8,-6,-2,3,6,4,-8,16,10,-7,-6,7,5,sil
11.981003522872925,22,7,4,0,12,-4,-1,-1,29,27,15,19,28,14,sil
11.995056867599487,23,12,2,0,5,-18,-10,3,32,24,30,37,37,18,sil
12.01317262649536,18,5,7,-4,-2,-17,-23,0,20,5,27,29,30,14,sil
12.01317262649536,19,10,17,1,2,-9,-22,0,13,0,27,19,23,9,sil
12.027249574661257,10,12,2,1,6,-12,-7,7,8,-6,20,14,10,1,sil
12.027249574661257,-3,6,1,-11,-1,-15,0,5,-4,-18,3,0,-7,-8,sil
12.042720317840576,-11,0,-6,-12,0,-7,-2,-5,-17,-22,-6,-15,-20,-20,sil
12.042720317840576,-14,0,-3,0,6,-2,-5,-6,-26,-25,-16,-19,-29,-24,sil
12.042720317840576,-5,7,11,4,4,0,-3,1,-31,-27,-13,-7,-28,-14,sil
12.063708782196043,4,11,6,8,1,5,4,2,-27,-19,0,0,-16,-6,sil
12.063708782196043,-5,1,2,7,-2,9,1,2,-16,-15,-7,-4,-16,-11,sil
12.077239274978638,-19,-5,-10,4,-1,9,-1,0,-2,0,-14,-12,-13,-10,sil
12.077239274978638,-9,-5,-9,7,5,16,11,1,3,18,-5,-12,-1,0,sil
12.090299129486084,-8,-7,-3,5,3,17,18,3,2,16,-5,-14,0,-8,sil
12.090299129486084,-20,-6,-12,1,-7,3,0,-2,-1,9,-12,-20,0,-10,sil
12.106952428817747,-2,2,2,4,-6,2,-6,-11,-11,15,-7,-6,6,11,sil
12.107952117919922,13,0,0,9,0,9,6,-3,-8,16,5,7,11,22,sil
12.122344970703123,1,-12,-10,1,0,1,12,4,6,13,9,3,6,12,sil
12.122344970703123,-3,-9,-1,-2,0,-3,8,0,7,10,0,3,-2,5,sil
12.137951850891112,0,-5,-4,-2,5,0,8,-4,5,4,0,6,-5,3,sil
12.137951850891112,-4,-7,2,-17,-2,-10,4,1,17,0,5,6,0,-5,sil
12.1529438495636,-8,-6,-3,-23,-12,-18,0,3,23,-3,5,3,3,-10,sil
12.168962001800535,2,0,-7,-14,-10,-8,-11,0,3,-18,-1,4,0,-1,sil
12.168962001800535,13,3,14,-10,-3,-5,-24,0,-15,-24,0,9,-3,0,sil
12.168962001800535,12,7,8,-1,2,-9,-16,0,-9,-10,6,9,0,-2,sil
12.185029029846191,6,12,4,13,13,3,0,2,-2,-4,0,0,1,-1,sil
12.185029029846191,2,9,7,22,13,12,0,0,-14,-11,-16,-9,-2,1,sil
12.20094084739685,4,3,6,25,1,4,-2,-4,-14,-9,-14,-4,-3,6,sil
12.20094084739685,12,5,9,21,-3,9,4,-2,4,1,2,8,0,14,sil
12.21735429763794,13,0,-6,10,-1,16,10,0,11,4,1,1,3,14,sil
12.23052191734314,1,-11,-5,-1,-1,4,7,4,14,11,-11,-13,4,5,sil
12.23052191734314,-13,-13,-2,-10,2,0,13,4,33,31,-6,-14,13,-3,sil
12.248147010803224,-19,-6,-11,-12,0,0,13,0,39,37,1,-13,22,-10,sil
12.248147010803224,-16,-2,-5,-18,-12,-14,1,-1,24,25,8,-6,19,-12,sil
12.26223850250244,-8,-2,-10,-22,-14,-23,-4,0,21,20,27,7,16,-2,sil
12.26223850250244,5,3,1,-18,-4,-14,-7,0,6,3,34,19,13,8,sil
12.27760648727417,12,14,14,-11,0,-4,-12,-1,-22,-24,22,22,2,8,sil
12.27760648727417,5,14,4,-7,2,-5,-16,0,-39,-37,8,13,-12,0,sil
12.293336391448976,-1,6,7,0,3,-1,-18,0,-41,-37,-1,0,-26,-13,sil
12.293336391448976,0,5,1,10,7,5,-10,-2,-39,-26,-5,-3,-30,-25,sil
12.310382843017578,7,13,6,14,9,7,-2,-4,-34,-10,-3,1,-20,-19,sil
12.310976028442385,12,9,15,18,8,4,-10,0,-22,-2,0,3,-3,-1,sil
12.326094388961792,10,-1,8,17,4,5,-11,3,-1,9,5,9,5,20,sil
12.326094388961792,5,0,9,12,0,9,3,2,8,16,0,16,6,30,sil
12.34051251411438,0,-1,-7,10,2,5,8,3,5,0,-20,-1,-3,11,sil
12.34051251411438,-11,-17,-16,-1,4,-2,5,1,-2,-22,-44,-30,-24,-15,sil
12.35611343383789,-25,-22,-13,-15,0,4,17,-1,-4,-18,-42,-32,-29,-18,sil
12.35611343383789,-19,-6,-19,-2,1,13,33,0,8,7,-13,-14,-5,-4,sil
12.371231079101562,1,5,0,16,7,5,29,3,24,28,11,2,20,11,sil
12.371231079101562,4,0,1,8,0,-3,7,-5,18,27,16,9,29,19,sil
12.38686728477478,-3,-7,-4,-6,-15,-2,-5,-10,3,9,3,1,11,5,sil
12.38686728477478,-1,-2,1,1,-11,4,1,-2,4,-5,-7,-10,-10,-13,sil
12.402090787887571,-4,-9,-11,6,-3,4,1,-3,8,-9,-15,-29,-19,-20,sil
12.402090787887571,-19,-18,-9,-16,-7,0,-11,-5,2,-11,-20,-38,-11,-25,sil
12.41809892654419,-11,-8,-5,-21,-1,-5,-4,1,14,0,-2,-14,11,-14,sil
12.41809892654419,11,6,5,0,4,0,13,7,36,23,25,23,34,21,sil
12.433250665664673,10,6,14,2,-6,3,8,4,34,38,29,32,33,36,sil
12.433250665664673,-1,0,-1,-17,-15,-9,-6,-1,10,27,16,18,17,15,sil
12.449254035949709,4,4,4,-15,-6,-14,-13,-1,-7,1,6,17,5,-1,sil
12.449254035949709,13,15,7,10,9,1,-5,3,0,-4,9,19,0,0,sil
12.464505910873411,16,16,5,13,14,1,1,3,3,0,18,16,-5,3,sil
12.464505910873411,28,13,20,-1,4,-6,0,0,-8,-10,19,22,-5,3,sil
12.480165719985962,30,11,12,0,1,0,-2,2,-14,-21,12,24,-1,13,sil
12.480165719985962,11,9,8,3,7,0,-8,6,-13,-22,1,12,-6,10,sil
12.4955415725708,0,5,-1,0,6,-12,-15,2,-18,-18,0,0,-7,-8,sil
12.4955415725708,-4,1,-8,-2,0,-10,-18,-2,-20,-8,0,-2,0,-16,sil
12.510785102844238,-18,-9,0,-8,-3,-3,-18,-2,-24,-6,-9,-12,-6,-18,sil
12.510785102844238,-27,-20,-16,-14,-6,-5,-12,-5,-26,-14,-25,-32,-26,-24,sil
12.52600908279419,-23,-10,-10,-5,0,1,0,-3,-20,-13,-22,-35,-25,-19,sil
12.52600908279419,-15,5,2,6,4,11,6,-2,-12,-7,-11,-15,-4,-3,sil
12.54128098487854,-7,-1,-4,8,-2,0,-2,-6,-16,-18,-14,-4,0,3,sil
12.54128098487854,0,-6,0,11,-5,0,-10,0,-16,-21,-9,1,-3,0,sil
12.55732274055481,7,5,2,17,6,11,0,6,6,9,12,14,6,3,sil
12.55732274055481,7,6,5,10,3,11,12,2,23,29,14,9,14,12,sil
12.572713375091553,-3,-4,-3,2,-6,4,12,-1,14,20,-1,-14,2,0,sil
12.572713375091553,-10,-2,-11,8,0,2,7,-1,4,11,-3,-24,-8,-14,sil
12.588396310806274,-1,5,9,7,6,0,10,2,12,11,0,-8,-4,-5,sil
12.588396310806274,7,1,3,-4,-2,2,23,5,26,18,0,0,12,10,sil
12.603935480117798,7,0,1,-10,-4,9,27,0,23,16,-3,3,18,23,sil
12.603935480117798,6,1,6,0,5,9,23,0,17,9,0,8,9,29,sil
12.620365858078005,7,2,-4,4,12,4,20,4,19,17,4,10,10,19,sil
12.621371984481812,8,3,2,1,7,2,11,2,13,17,4,14,10,3,sil
12.635374546051024,2,-7,-5,0,0,-2,-1,-7,-7,-8,-2,8,-7,-3,sil
12.635374546051024,0,-20,-8,-8,-4,-7,-6,-8,-19,-21,-5,0,-16,-9,sil
12.651072025299072,-2,-9,-1,-15,-6,-7,-5,3,-3,-4,0,-1,-3,-9,sil
12.651072025299072,-5,1,-6,-8,-4,-7,-7,6,9,-2,1,-1,-1,-5,sil
12.666459560394289,-5,0,4,0,-3,-6,-11,1,4,-12,-2,0,-4,-8,sil
12.666459560394289,-3,-3,-1,1,-8,-5,-14,-1,-5,-4,4,4,5,-9,sil
12.683222770690918,-4,-4,-11,-7,-13,-10,-21,-2,-15,-4,4,3,2,-1,sil
12.683222770690918,-1,0,1,-9,-4,-2,-20,-1,-13,-11,-5,0,-3,5,sil
12.69730544090271,1,10,2,11,10,10,-8,0,5,2,0,-2,8,5,sil
12.69730544090271,0,9,5,13,3,7,-9,-1,0,0,5,-8,4,-8,sil
12.71395707130432,-6,0,-7,-7,-11,-7,-19,-3,-24,-25,-5,-11,-20,-18,sil
12.71395707130432,-1,0,-8,-14,-9,-12,-15,-2,-22,-26,-17,-7,-27,-11,sil
12.729427576065063,2,0,8,-7,0,-7,-8,-1,-6,-3,-16,-6,-17,-10,sil
12.729427576065063,0,-4,4,-1,1,-2,-6,-2,0,4,-2,-7,-3,-5,sil
12.74699068069458,5,5,9,8,4,1,3,2,16,15,20,12,16,14,sil
12.74699068069458,14,13,8,12,9,5,18,8,35,35,39,27,34,24,sil
12.760725498199465,11,5,7,5,6,2,12,4,31,29,34,18,32,16,sil
12.760725498199465,9,4,15,3,3,0,1,2,14,10,19,15,21,16,sil
12.776374816894531,10,9,1,4,7,-3,7,3,4,8,15,19,16,16,sil
12.776374816894531,4,3,6,0,7,0,16,0,-9,0,6,12,0,1,sil
12.789554595947266,0,0,6,0,3,6,15,-5,-29,-24,-14,-2,-20,-11,sil
12.80512309074402,-2,1,-9,5,-1,5,8,-6,-39,-29,-32,-11,-29,-19,sil
12.80512309074402,-8,0,-7,0,-5,2,3,-1,-30,-21,-29,-16,-24,-21,sil
12.820419311523438,-15,-9,-12,-6,-3,5,6,0,-7,-13,-14,-23,-11,-7,sil
12.820419311523438,-9,-2,-1,-1,5,11,13,4,12,4,0,-12,6,8,sil
12.836336135864258,7,6,4,10,12,8,14,4,23,27,14,5,20,13,sil
12.836336135864258,10,-5,-7,6,3,-1,-2,1,12,18,9,1,11,14,sil
12.851458549499512,-9,-16,-3,-11,-8,0,-20,0,-6,-5,-17,-13,-8,2,sil
12.851458549499512,-25,-12,-10,-7,-2,4,-12,-3,-5,-4,-21,-19,-12,-13,sil
12.867039918899536,-17,-5,-6,5,2,1,3,-5,-2,0,-9,-15,-10,-14,sil
12.867039918899536,-5,-5,-3,7,-3,-5,0,0,-13,-14,-15,-9,-20,-15,sil
12.882294654846191,-2,-6,-10,0,-7,-8,-8,0,-18,-20,-16,-5,-23,-21,sil
12.882294654846191,-3,0,3,-5,-2,-5,-6,-1,-7,-7,0,1,-13,-8,sil
12.897819757461548,0,3,2,0,-1,-4,0,0,9,4,6,4,-2,7,sil
12.897819757461548,3,0,0,-3,-14,-8,-5,-1,13,2,-1,5,1,9,sil
12.913238048553469,1,-1,0,-6,-14,-1,0,-1,15,11,0,7,10,11,sil
12.913238048553469,3,4,-2,1,5,6,11,2,26,28,9,5,20,18,sil
12.92926812171936,7,0,9,0,6,2,2,5,28,21,12,3,22,18,sil
12.92926812171936,7,-3,1,-11,-7,0,-4,5,20,8,12,7,22,12,sil
12.944459438323976,10,6,3,0,-2,3,3,3,13,7,1,9,10,0,sil
12.944459438323976,13,12,12,12,5,0,0,-3,0,-1,-6,3,-5,-7,sil
13.400046110153198,-6,-9,-16,-31,-13,-28,-28,0,8,-9,-3,-6,0,-12,sil
13.400046110153198,7,0,8,-15,-9,-17,-34,0,-13,-16,-2,-2,-11,-13,sil
13.416067600250244,10,11,12,1,2,-10,-33,-4,-31,-28,6,5,-11,-8,sil
13.416067600250244,5,19,18,13,10,0,-20,-1,-33,-19,15,9,-3,-2,sil
13.432152032852173,7,19,14,30,19,8,0,6,-24,2,15,7,0,1,sil
13.432152032852173,8,10,2,40,13,10,9,4,-12,6,3,1,-5,7,sil
13.446186065673828,1,0,6,26,1,23,14,0,1,12,-6,0,-1,11,sil
13.446186065673828,-7,-11,-3,4,4,26,23,-4,7,20,-10,-1,5,6,sil
13.462905883789062,-10,-16,-4,-10,0,3,16,-1,0,0,-17,-10,-2,0,sil
13.47637939453125,-1,-13,-7,-16,-16,-7,1,0,1,-10,-14,-7,-9,-2,sil
13.47637939453125,2,-12,-15,-20,-17,-6,-1,-5,9,0,-3,-1,-1,0,sil
13.491928100585938,-6,-15,-3,-28,-13,-11,-9,-5,2,-5,-2,-1,1,-3,sil
13.491928100585938,-12,-12,-6,-26,-14,-13,-18,0,2,-13,4,3,3,-7,sil
13.491928100585938,6,7,1,-12,-5,-12,-21,0,5,-3,19,17,11,-4,sil
13.506968021392822,15,26,10,5,8,-14,-15,-3,-4,3,20,19,12,-1,sil
13.524052381515505,-4,20,-4,7,10,-10,-5,-5,-16,-3,6,3,0,-10,sil
13.524052381515505,-17,6,4,-1,6,4,0,-2,-13,-8,3,-7,-8,-14,sil
13.524052381515505,-5,4,7,7,13,13,4,1,0,0,5,-7,-4,0,sil
13.538215637207031,4,6,5,21,18,19,9,1,8,9,-6,-1,-2,11,sil
13.554138898849487,1,2,3,17,11,25,16,0,6,14,-13,-2,-1,13,sil
13.554138898849487,0,-4,-6,11,3,21,27,5,7,11,-7,-9,-2,15,sil
13.574238777160645,0,-7,1,4,0,5,23,8,14,7,-14,-14,-10,9,sil
13.574238777160645,-2,-12,-5,-7,-6,-4,8,1,19,9,-25,-20,-14,-1,sil
13.574238777160645,-4,-17,-9,-11,-13,0,3,-2,11,3,-23,-19,-11,-3,sil
13.58532977104187,-1,-7,-4,0,-8,4,8,0,5,-5,-13,-1,-4,-2,sil
13.60154390335083,1,0,-9,-1,0,-6,1,0,7,-3,1,7,5,-3,sil
13.60154390335083,3,-1,3,-15,-4,-17,-13,0,-4,-10,7,0,5,-4,sil
13.618163108825684,0,-3,0,-19,-12,-19,-20,0,-16,-18,8,2,4,-7,sil
13.618163108825684,1,1,-1,-9,-12,-17,-21,1,-11,-14,17,16,14,-3,sil
13.618163108825684,12,14,11,1,-6,-13,-18,3,-3,-4,25,27,21,0,sil
13.632389783859251,20,22,4,4,-1,-12,-11,2,-2,4,31,28,18,5,sil
13.647408485412598,12,15,9,0,2,-11,-14,0,-15,0,33,24,11,1,sil
13.647408485412598,3,7,9,11,12,0,-15,1,-23,-13,22,10,3,-8,sil
13.662941455841064,2,5,6,25,18,14,2,1,-9,-3,3,1,-5,-1,sil
13.662941455841064,-7,-2,1,15,5,13,20,-3,1,11,-6,-5,-11,8,sil
13.679017305374146,-22,-13,-21,-1,-5,8,13,-7,-9,-1,-19,-24,-14,-6,sil
13.679017305374146,-14,-7,-6,-1,0,15,11,0,-10,-7,-28,-32,-16,-12,sil
13.694342136383057,1,-1,5,5,9,17,22,3,9,13,-12,-13,-3,10,sil
13.694342136383057,5,-2,1,10,5,10,19,0,25,24,0,5,14,24,sil
13.71005153656006,5,3,7,14,2,13,14,0,25,20,-11,6,13,17,sil
13.71005153656006,0,0,-6,8,4,16,14,0,21,17,-14,-4,0,3,sil
13.725088357925417,-10,-16,-9,-7,-4,0,-1,-3,15,2,-10,-8,-6,-5,sil
13.725088357925417,-9,-13,-7,-15,-13,-17,-18,-2,8,-4,-11,-5,-7,-4,sil
13.740614175796509,1,1,-6,-5,-5,-13,-14,-5,-1,2,-7,-4,-6,0,sil
13.740614175796509,5,4,9,-3,0,-7,-7,-3,-5,1,3,1,0,-4,sil
13.756016731262209,0,-9,-2,-18,-11,-16,-10,0,-4,-6,6,2,1,-7,sil
13.756016731262209,-8,-14,-9,-31,-16,-18,-17,0,-10,-11,0,-2,-7,-10,sil
13.771532773971558,-4,-1,-3,-19,-5,-2,-12,-1,-10,-12,0,-1,-9,-9,sil
13.771532773971558,7,9,1,-3,6,2,-3,1,-1,-7,13,5,4,2,sil
13.78757381439209,9,13,16,-5,11,-4,-5,6,1,0,23,18,13,7,sil
13.78757381439209,0,13,9,-1,10,-3,-6,6,-4,0,19,18,8,0,sil
13.803097248077393,-3,10,6,11,5,2,-4,0,-13,-10,6,5,-4,-11,sil
13.803097248077393,-2,7,2,15,4,0,-1,-1,-16,-18,-2,0,-11,-18,sil
13.8191659450531,-4,7,-3,10,2,0,7,5,-10,-10,-5,-1,-9,-7,sil
13.8191659450531,-7,2,10,8,2,13,14,6,-1,0,-12,-13,-8,5,sil
13.83446478843689,-3,-5,2,17,11,18,14,-1,10,5,-7,-12,-2,9,sil
13.83446478843689,10,-3,2,25,13,15,23,0,20,23,6,6,12,21,sil
13.85027027130127,14,-1,1,20,2,12,29,5,15,33,7,7,16,31,sil
13.85027027130127,2,-10,-18,0,-8,0,12,-1,6,18,0,-8,6,18,sil
13.866255521774292,-1,-16,-7,-25,-20,-17,-10,-7,1,-4,-6,-5,2,-2,sil
13.866255521774292,-3,-13,-9,-34,-27,-27,-19,-5,-3,-21,-9,-4,0,-15,sil
13.88079595565796,-1,-2,-12,-20,-15,-19,-22,-4,-18,-31,-5,-7,-9,-22,sil
13.88079595565796,9,11,6,-4,1,-3,-13,-4,-22,-22,7,6,-6,-22,sil
13.89687728881836,4,9,4,7,6,0,3,0,-10,-6,5,3,0,-14,sil
13.89687728881836,-11,3,4,19,6,6,10,7,-2,1,-6,-9,0,-1,sil
13.91227126121521,-2,5,5,22,9,21,10,9,9,21,-2,0,5,13,sil
13.91227126121521,9,2,5,7,4,14,13,0,26,37,1,2,13,22,sil
13.928321599960327,0,-8,0,-2,-1,6,3,-10,23,28,-5,-9,11,16,sil
13.928321599960327,-6,-11,-14,-3,0,10,-11,-8,9,13,-6,-2,5,9,sil
13.944397211074827,3,-1,0,-14,0,-5,-12,0,0,-1,1,16,0,6,sil
13.944397211074827,2,3,0,-17,-4,-24,-11,2,-8,-19,3,11,-3,-4,sil
13.959935188293455,-1,2,-5,-5,-4,-17,-19,1,-18,-30,-1,1,-12,-20,sil
13.960327625274658,4,4,7,-3,-4,-11,-15,2,-16,-29,5,10,-19,-22,sil
13.975218534469604,4,6,0,-2,-3,-16,-5,1,-9,-15,18,16,-8,-14,sil
13.975218534469604,0,11,10,13,2,-4,-8,2,-11,-6,7,2,-5,-6,sil
13.990912199020386,0,11,16,27,8,10,-5,3,-6,0,-2,-6,-7,5,sil
14.006465196609495,-2,1,2,14,11,16,10,3,2,12,0,-4,0,12,sil
14.006465196609495,-13,-4,1,3,17,27,26,5,9,24,-7,-7,3,7,sil
14.006465196609495,-17,-6,-8,6,13,29,31,2,18,21,-15,-16,-1,6,sil
14.021587371826172,-9,-13,-4,-4,0,14,17,0,25,16,-7,-14,4,10,sil
14.021587371826172,2,-6,-1,-12,2,3,9,0,23,19,3,-4,15,11,sil
14.037148475646973,11,6,-2,4,9,2,19,-3,14,12,0,4,9,11,sil
14.037148475646973,10,-1,0,3,-6,-1,14,-9,5,-4,-7,4,0,0,sil
14.054250240325928,0,-21,-14,-24,-21,-14,-6,-7,1,-7,-3,-6,0,-11,sil
14.054250240325928,-5,-13,-8,-33,-16,-19,-17,0,-3,-3,1,-6,5,-7,sil
14.078355073928831,3,2,0,-12,-7,-10,-12,6,-5,-3,7,10,7,5,sil
14.078355073928831,15,3,-3,0,-4,-8,-8,3,-2,-1,19,19,10,12,sil
14.078355073928831,10,5,8,0,0,-15,-13,0,-8,0,20,19,14,7,sil
14.09936547279358,0,10,2,3,1,-17,-16,-3,-16,-4,15,8,10,-2,sil
14.09936547279358,-2,9,3,2,-4,-12,-20,-3,-25,-17,4,-2,-7,-16,sil
14.116355895996094,-6,4,0,-8,-6,-12,-23,-1,-31,-33,-13,-8,-25,-25,sil
14.116355895996094,-9,4,-11,-5,3,-11,-18,0,-27,-38,-20,-12,-30,-23,sil
14.116355895996094,-6,6,6,10,5,0,-9,0,-22,-29,-19,-15,-27,-17,sil
14.131277561187744,-7,0,5,13,0,12,0,-3,-20,-9,-23,-15,-19,-14,sil
14.145399570465088,-8,-7,1,9,4,17,12,0,-2,9,-16,-5,-6,-3,sil
14.145399570465088,-1,-1,7,21,11,23,31,5,24,23,9,5,12,10,sil
14.164387941360474,0,0,5,25,7,21,34,4,32,37,18,3,22,18,sil
14.164387941360474,-1,0,10,11,4,15,18,2,23,40,4,-3,10,21,sil
14.180888652801514,-1,0,-3,1,2,14,13,0,23,23,-3,-5,3,16,sil
14.180888652801514,4,-6,-8,-7,-4,8,17,2,33,12,-5,-2,9,7,sil
14.180888652801514,11,-9,-2,-17,-3,-4,3,4,32,11,-1,6,7,6,sil
14.19251823425293,15,0,-7,-13,0,-13,-13,-3,10,-4,5,15,3,6,sil
14.209155321121216,14,6,5,-11,-7,-13,-19,-5,-8,-23,10,19,8,-2,sil
14.209155321121216,8,2,3,-13,-9,-13,-23,-2,-10,-13,13,15,10,-5,sil
14.209155321121216,1,1,-1,-4,-3,-15,-29,-7,-20,-13,11,1,-5,-6,sil
14.223407506942747,0,8,3,11,0,-7,-17,-8,-33,-31,1,-8,-17,-12,sil
14.23947048187256,-1,8,-4,17,2,5,5,0,-15,-10,1,-5,-2,-1,sil
14.23947048187256,-7,1,6,9,11,16,23,7,2,25,4,3,10,14,sil
14.255040645599363,-14,-6,0,8,15,21,29,7,0,25,-2,-5,4,9,sil
14.255040645599363,-15,-12,-15,7,4,19,22,3,-2,4,-17,-20,-11,-2,sil
14.270260334014893,-5,-7,-5,0,-5,9,15,1,0,0,-22,-13,-15,-2,sil
14.270260334014893,5,0,-5,2,-4,0,9,0,0,-2,-8,0,0,0,sil
14.28580403327942,1,-2,-1,0,-5,-6,-6,0,2,-1,1,7,6,-2,sil
14.28580403327942,-2,-6,0,-15,-4,-16,-7,0,15,12,8,11,9,0,sil
14.301857709884644,8,1,7,-15,0,-23,0,0,21,16,14,16,14,8,sil
14.301857709884644,15,6,14,-7,-4,-20,-10,0,6,-1,14,19,11,14,sil
14.317888498306274,8,3,-4,-12,-7,-14,-22,0,0,-3,13,16,4,12,sil
14.317888498306274,2,6,2,-16,4,-9,-17,1,4,0,11,7,-2,2,sil
14.333054780960085,0,6,8,-3,11,-1,-14,4,1,-8,2,-2,-9,-9,sil
14.333054780960085,-3,-2,1,1,7,1,-13,-2,-7,-9,-2,-10,-11,-12,sil
14.348439455032349,-9,-3,5,-7,0,0,-12,-8,-21,-12,-9,-19,-17,-16,sil
14.348439455032349,-20,-6,-11,-9,-6,0,-11,-5,-27,-24,-27,-35,-28,-30,sil
14.364344835281372,-19,-7,-13,0,-1,8,-2,1,-20,-25,-34,-37,-25,-37,sil
14.364344835281372,-10,2,-4,9,6,20,14,6,-2,-5,-13,-19,-3,-19,sil
14.380254745483398,-3,8,-2,20,9,22,26,4,10,14,2,-3,13,3,sil
14.380254745483398,2,4,6,22,6,12,17,2,10,15,-3,4,17,14,sil
14.395410537719728,-1,-3,-6,10,-6,-2,0,-3,-5,-2,-15,0,7,9,sil
14.395410537719728,-9,-9,-7,-2,-18,-3,-5,-9,-16,-8,-17,-5,-8,3,sil
14.411456823349,-2,-4,3,-1,-17,6,2,-4,-3,6,0,4,-6,5,sil
14.411456823349,8,2,4,3,-9,1,4,2,11,11,17,17,12,17,sil
14.426981449127195,13,2,10,4,0,-1,2,0,19,8,21,20,18,26,sil
14.426981449127195,16,-1,-4,1,8,0,6,0,29,18,19,18,17,19,sil
14.442040920257568,21,-1,-2,-9,0,-8,4,2,25,16,20,20,19,5,sil
14.442040920257568,19,1,8,-13,-10,-16,1,0,7,1,23,20,11,0,sil
14.457443952560425,9,2,0,-4,0,-6,2,-4,-9,-2,16,12,-4,0,sil
14.457443952560425,4,5,8,0,5,0,-4,0,-22,-8,0,8,-12,-6,sil
14.473297357559204,11,10,7,2,7,-2,-10,3,-15,-11,9,15,0,0,sil
14.473297357559204,16,13,11,12,16,-2,-3,2,0,0,26,22,13,15,sil
14.48934555053711,6,8,11,18,19,0,7,6,2,7,14,12,16,9,sil
14.48934555053711,-9,-2,-5,14,15,-1,10,4,-2,1,-7,-12,3,-8,sil
14.504280805587769,-13,0,5,10,12,0,0,0,-5,-4,-13,-26,-14,-13,sil
14.504280805587769,-12,3,0,13,4,4,-1,-1,-8,0,-18,-25,-16,-11,sil
14.520180225372314,-17,-5,-16,6,-4,12,2,0,-6,5,-26,-24,-11,-8,sil
14.520180225372314,-20,-12,-10,-3,-6,19,0,-2,-1,1,-23,-25,-15,-3,sil
14.535565853118896,-14,-10,-11,-1,-3,12,0,-4,2,-4,-20,-24,-17,-2,sil
14.535565853118896,-7,-9,-3,-7,-8,3,8,-1,8,-2,-24,-13,-13,-3,sil
14.551140308380129,-11,-10,-11,-29,-11,-3,1,0,10,-4,-13,-6,-8,-3,sil
14.551140308380129,-12,-12,-11,-43,-9,-12,-20,-3,3,-16,1,-3,-1,-2,sil
14.567177772521973,3,-9,6,-31,-9,-10,-22,-1,7,-10,11,13,15,2,sil
14.567177772521973,13,0,-2,-14,-12,-11,-10,-1,16,9,19,23,22,5,sil
14.582751274108888,0,6,-1,-14,-15,-17,-14,0,-1,0,10,6,0,-7,sil
14.582751274108888,-10,3,-1,-7,-7,-8,-11,3,-19,-15,1,-8,-12,-22,sil
14.59828281402588,0,4,0,12,7,6,2,3,-11,-1,6,0,-2,-13,sil
14.59828281402588,8,18,14,26,19,8,7,3,-4,9,6,7,0,4,sil
14.614306688308716,8,17,4,30,21,11,16,0,0,9,0,3,-1,13,sil
14.614306688308716,3,-3,0,15,7,15,20,0,1,7,-13,-6,0,10,sil
14.629896402359009,-8,-18,-3,-2,-8,9,14,0,-2,3,-28,-16,-4,1,sil
14.629896402359009,-7,-13,-5,0,-8,3,17,-2,0,4,-22,-13,-9,4,sil
14.645082235336304,11,0,9,7,-3,4,19,-3,15,13,0,7,7,18,sil
14.645082235336304,21,7,4,5,-7,-4,2,-1,17,14,13,22,27,22,sil
14.660587310791016,17,9,7,2,-10,-18,-15,5,3,0,20,28,23,14,sil
14.661263465881348,16,4,8,-2,-7,-19,-20,7,-4,-5,27,33,12,5,sil
14.675942659378052,12,0,-2,-14,-1,-13,-20,-2,-7,-4,21,23,9,-2,sil
14.675942659378052,2,4,1,-13,7,-10,-18,-4,-8,-8,9,3,6,-12,sil
14.691998720169067,2,7,0,1,13,-8,-7,3,-2,-9,15,-1,4,-10,sil
14.691998720169067,7,9,12,15,15,0,6,3,0,-5,20,6,0,0,sil
14.707136631011965,0,9,13,20,13,3,9,0,-1,-4,7,3,-4,-4,sil
14.708138704299929,-9,-1,-5,12,7,4,3,-1,-5,-7,-7,-12,-7,-15,sil
14.723274230957031,-13,-9,-2,-1,3,13,3,0,-7,-12,-9,-17,-11,-15,sil
14.723274230957031,-22,-5,-13,0,8,15,1,0,-3,-10,-2,-18,-15,-12,sil
14.7383553981781,-21,1,-10,8,2,8,-8,0,-5,-8,-15,-26,-26,-11,sil
14.7383553981781,-7,2,2,4,-5,12,-5,-3,-11,-9,-31,-26,-29,-9,sil
14.754475593566896,-1,1,-5,2,0,11,2,-2,-6,-2,-17,-16,-11,0,sil
14.770738124847412,-5,-2,-1,1,0,2,1,3,2,12,-1,-4,4,11,sil
14.771404504776,-6,-8,-2,-4,-2,3,6,1,9,23,-1,2,5,18,sil
14.78607940673828,2,-5,-3,-4,0,4,19,-1,9,17,-3,6,1,17,sil
14.78607940673828,4,-3,-4,-3,-5,0,13,-2,-1,0,-10,-2,0,11,sil
14.78607940673828,-9,-13,-13,-20,-21,-7,-1,-3,-1,3,-12,-8,5,5,sil
14.802339553833008,-10,-14,0,-26,-18,-4,-1,1,17,21,-2,0,7,1,sil
14.802339553833008,2,-7,0,-8,0,-2,6,3,23,20,-3,0,2,0,sil
15.300297498703005,3,0,1,-9,-8,3,-7,3,-7,-12,4,6,-12,-8,sil
15.300667762756348,11,10,7,-3,-10,-8,-6,1,0,-6,15,15,7,-1,sil
15.315293312072754,2,6,0,-1,-10,-13,-12,-2,1,-15,0,2,1,-6,sil
15.315293312072754,-10,0,-1,-8,-13,-4,-15,-2,-11,-25,-17,-11,-18,-15,sil
15.331275224685667,-3,1,-8,-4,-7,-5,-16,1,-16,-13,-10,-5,-10,-6,sil
15.331275224685667,12,9,10,7,1,-4,-20,0,-10,-4,-6,3,2,7,sil
15.34657907485962,11,11,19,23,8,2,-16,-3,-13,-9,-10,2,0,8,sil
15.34657907485962,4,2,0,27,5,0,-7,-5,-13,-6,-4,3,0,7,sil
15.362292289733888,0,-6,4,12,0,0,-1,0,-4,1,-2,0,2,4,sil
15.362292289733888,-5,-3,-4,12,6,11,10,6,4,7,-4,-8,0,0,sil
15.377213716506958,-3,7,-2,29,15,19,21,3,10,7,-1,-7,-1,-2,sil
15.377213716506958,-3,3,7,23,8,19,15,-1,3,0,-5,-10,-6,-8,sil
15.392341136932371,-8,-10,-10,3,5,13,13,-2,-4,0,-9,-18,-14,-8,sil
15.392341136932371,-3,-6,-7,0,9,9,23,0,0,11,-2,-7,-12,-1,sil
15.409053802490234,0,3,-5,0,4,4,16,-1,1,7,1,0,0,0,sil
15.409053802490234,-7,-2,-5,-1,0,0,-4,-3,-14,0,-3,-11,1,-2,sil
15.424214601516724,-11,-8,1,0,0,2,-7,-1,-14,4,-3,-14,-1,-5,sil
15.424214601516724,-7,-7,-5,-1,-1,4,5,-2,0,5,1,-7,0,-5,sil
15.439249992370604,-3,-4,1,-7,-5,2,2,0,0,1,0,0,6,0,sil
15.439249992370604,6,5,1,1,-4,1,0,3,6,14,4,10,14,6,sil
15.455710887908936,13,15,0,11,2,1,8,1,20,23,14,12,16,15,sil
15.455710887908936,6,5,4,0,7,0,8,-1,19,15,6,9,8,21,sil
15.470668077468872,-3,-10,-9,-16,5,-3,0,-1,13,7,-7,6,1,11,sil
15.470668077468872,-1,-3,-1,-10,1,-9,0,0,12,2,-2,3,0,1,sil
15.48791480064392,7,4,0,-2,0,-12,3,6,4,1,6,0,0,5,sil
15.501907110214232,13,-3,-5,-13,-1,-8,0,3,1,0,0,6,2,4,sil
15.501907110214232,11,-5,10,-18,-3,0,0,0,11,-4,-1,12,3,1,sil
15.517331600189207,5,0,6,-8,-5,-5,-6,0,10,-8,9,3,1,2,sil
15.517331600189207,-2,-2,0,-12,-12,-13,-19,0,0,-11,7,0,1,-6,sil
15.534953832626345,-11,-11,-8,-23,-15,-12,-25,-6,-4,-7,0,-1,1,-16,sil
15.534953832626345,-9,-7,-9,-18,-14,-14,-21,-1,-5,-4,2,0,2,-8,sil
15.534953832626345,-1,1,5,-7,-13,-9,-11,5,-6,-8,13,10,3,0,sil
15.54798984527588,1,6,-3,-5,-5,3,-2,2,2,-11,14,9,0,-4,sil
15.563469648361206,3,10,0,-1,6,6,-3,0,-1,-17,0,0,-7,-8,sil
15.563469648361206,1,12,5,12,8,0,0,0,-17,-19,-5,-1,-6,-7,sil
15.579071760177612,-1,10,1,23,6,0,2,-1,-23,-14,-2,-5,-11,-6,sil
15.579071760177612,1,13,14,22,6,3,1,0,-15,-9,-2,-3,-15,-4,sil
15.596128940582275,4,6,9,22,3,0,4,0,-2,3,0,4,0,4,sil
15.596128940582275,2,-3,8,19,0,0,7,0,-4,12,4,4,7,11,sil
15.596128940582275,0,0,5,15,5,9,3,0,-13,0,-6,-4,-7,3,sil
15.61325192451477,-4,1,-5,13,8,10,0,-1,-10,-5,-15,-13,-15,-5,sil
15.61325192451477,-8,-9,-1,3,1,6,0,0,-7,-3,-11,-13,-12,-4,sil
15.632314205169678,-6,-9,-7,5,5,13,5,-1,-5,2,-5,-4,-6,1,sil
15.632314205169678,2,-1,4,19,17,21,20,-4,10,27,-4,1,6,7,sil
15.642707586288452,0,-7,3,9,9,18,29,-1,31,45,-9,-9,14,10,sil
15.658255338668823,-18,-21,-26,-20,-11,3,19,-1,23,21,-21,-29,0,2,sil
15.658255338668823,-15,-14,-14,-25,-10,-2,5,0,5,0,-16,-21,-3,-5,sil
15.67334771156311,6,3,-5,-3,3,-2,0,0,8,8,8,2,13,2,sil
15.67334771156311,13,4,-1,0,1,-7,-6,-2,12,5,17,12,18,11,sil
15.689371109008787,6,-4,8,-10,-8,-14,-16,0,1,-8,7,11,11,0,sil
15.689371109008787,2,0,-2,-13,-10,-14,-14,1,-4,-9,1,13,7,-8,sil
15.704932451248167,0,9,-4,-12,-4,-5,-5,0,0,-10,3,13,0,-8,sil
15.704932451248167,2,9,-4,-12,0,-4,-4,1,0,-15,7,4,0,-6,sil
15.720345973968506,9,5,6,-4,3,-10,-15,3,-9,-17,14,9,7,1,sil
15.720345973968506,13,11,20,2,2,-8,-14,1,-7,-9,23,28,5,9,sil
15.735703468322754,3,6,0,-5,-2,-6,-5,0,0,-4,18,14,-4,2,sil
15.735703468322754,-8,-2,-1,-17,-9,-4,-6,0,-11,-16,-8,-14,-19,-10,sil
15.751612663269045,-7,0,-2,2,0,10,4,2,-9,-11,-11,-14,-15,-6,sil
15.751612663269045,6,8,2,24,16,21,24,5,10,21,13,6,7,13,sil
15.7666277885437,5,4,6,8,8,9,20,4,11,30,5,4,12,18,sil
15.7666277885437,-10,-14,-9,-9,-10,-7,6,0,0,7,-29,-19,-8,2,sil
15.782742500305176,-14,-20,-2,-12,-18,-4,0,-1,0,-2,-30,-23,-16,-8,sil
15.782742500305176,-5,-8,-2,-6,-7,4,0,-4,6,8,-1,0,4,-1,sil
15.797688961029053,4,5,-3,0,4,1,0,-7,5,9,15,15,12,4,sil
15.797688961029053,5,9,14,3,3,-11,-10,-1,0,-12,10,8,-5,-9,sil
15.813249111175535,-5,8,7,5,-3,-14,-22,2,-9,-29,-1,-2,-27,-25,sil
15.813249111175535,-8,8,6,21,1,4,-12,1,-14,-22,-3,-3,-32,-14,sil
15.829329013824465,2,1,0,30,15,20,4,0,-17,0,0,-6,-13,6,sil
15.829329013824465,4,-4,-9,18,13,10,8,-2,-4,15,-10,-13,-5,8,sil
15.84510612487793,0,-1,1,6,4,4,9,0,15,13,-19,-6,-21,6,sil
15.84510612487793,4,-3,-1,-2,-1,5,9,0,16,7,-2,2,16,12,sil
15.860215663909912,13,-6,1,-12,-13,-8,-9,-4,7,8,4,3,87,10,sil
15.860215663909912,12,0,0,-6,-13,-17,-23,-6,8,9,8,10,69,4,sil
15.87650442123413,6,2,-7,-6,1,-9,-14,-1,6,0,26,25,3,8,sil
15.87650442123413,6,1,5,-19,4,-4,-5,7,-8,-10,26,25,-4,2,sil
15.892035484313965,0,3,1,-10,0,-7,-5,4,-25,-21,1,3,-7,-10,sil
15.892035484313965,-15,0,-3,1,0,-1,-3,0,-36,-28,-15,-21,-35,-18,sil
15.907533645629885,-20,-6,-7,-1,0,10,4,5,-20,-12,-15,-26,-34,-18,sil
15.907533645629885,-17,-2,-10,1,3,18,19,4,-2,9,-8,-19,-13,-9,sil
15.923290729522703,-16,0,1,8,8,23,31,1,-4,9,-12,-15,-12,0,sil
15.923290729522703,-10,-7,-6,0,7,17,30,1,3,8,-19,-16,-10,6,sil
15.938313007354736,-1,-10,-1,-5,0,5,19,0,25,19,-14,-7,0,11,sil
15.938313007354736,0,-2,3,1,-7,3,14,-2,37,28,0,4,11,11,sil
15.953946113586426,4,4,-9,4,0,1,8,0,36,22,6,9,14,9,sil
15.953946113586426,11,7,6,-2,2,-7,-1,2,24,7,10,17,10,7,sil
15.969389200210571,16,0,10,-8,-8,-16,-3,-1,11,-1,16,17,13,4,sil
15.969389200210571,17,-3,8,-11,-19,-19,-9,-2,3,-7,10,6,6,-3,sil
15.9850115776062,9,2,3,-9,-9,-18,-20,-1,-4,-13,0,0,-4,-15,sil
15.9850115776062,3,8,-7,3,4,-18,-19,-2,-3,-10,7,6,0,-11,sil
16.000890493392944,9,10,17,12,4,-11,-14,2,0,-3,21,20,6,1,sil
16.000890493392944,11,13,13,8,0,-1,-11,4,-5,0,20,19,1,5,sil
16.01602053642273,2,9,-8,0,0,0,-14,-5,-18,-2,6,5,-4,-2,sil
16.01602053642273,-5,0,-4,-6,0,-4,-22,-9,-31,-18,0,-2,-7,-8,sil
16.032620906829834,-9,-8,-6,-1,0,-3,-20,-5,-34,-26,-1,-6,-3,-5,sil
16.032620906829834,-5,-6,3,7,6,2,0,0,-24,-6,-7,-3,0,2,sil
16.047344207763672,0,2,4,15,12,9,13,1,-10,10,-4,2,0,8,sil
16.063288688659668,0,2,0,9,10,14,6,-1,-5,-1,-2,0,-3,6,sil
16.063288688659668,-8,-7,-2,1,5,16,3,0,0,-11,-11,-7,-11,4,sil
16.063288688659668,-13,-12,-8,2,1,15,12,0,8,2,-16,-15,-13,1,sil
16.087779760360718,-11,-5,-1,3,-2,12,11,5,2,1,-16,-18,-11,-11,sil
16.087779760360718,-8,-1,-7,-2,-3,13,5,6,6,-5,-15,-20,-6,-16,sil
16.087779760360718,0,1,-4,-1,5,18,15,7,28,14,-7,-10,5,3,sil
16.09472393989563,6,7,10,10,11,18,26,8,41,38,4,0,18,20,sil
16.11145544052124,-7,-2,-11,0,-2,-1,14,-1,30,26,2,-7,14,3,sil
16.11145544052124,-19,-16,-15,-26,-15,-16,-1,-10,11,4,-10,-14,-1,-15,sil
16.125998497009277,-8,-16,-6,-27,-7,-14,-6,-8,-1,3,-8,0,-4,-6,sil
16.125998497009277,2,-8,-3,-12,-9,-23,-13,-6,-11,0,2,7,0,1,sil
16.141331911087036,10,0,11,-12,-20,-29,-17,-2,-21,-19,2,9,0,-5,sil
16.141331911087036,14,3,8,-9,-12,-15,-9,0,-26,-29,4,13,-1,-6,sil
16.158374309539795,4,1,5,0,-2,-5,-11,0,-27,-29,4,7,-10,-8,sil
16.158374309539795,0,10,2,7,3,-8,-11,4,-23,-25,0,-1,-16,-13,sil
16.174031734466553,7,19,6,20,12,-4,-2,7,-11,-7,10,3,-5,2,sil
16.174031734466553,10,17,19,27,12,10,0,5,-3,10,19,10,6,17,sil
16.189101457595825,10,11,6,33,13,24,13,0,1,21,9,0,10,17,sil
16.189101457595825,15,8,11,33,19,30,35,0,12,27,0,-1,12,22,sil
16.203292846679688,13,0,4,17,12,22,32,4,33,34,0,11,26,28,sil
16.219019889831543,4,-10,-19,-8,0,3,17,1,46,30,1,11,35,20,sil
16.219019889831543,-1,-13,-9,-26,-7,-5,9,0,33,10,-3,4,21,6,sil
16.237033367156982,-5,-12,-9,-23,-12,-4,0,-1,19,1,-1,3,5,0,sil
16.237033367156982,-9,-10,-11,-22,-15,-9,-18,0,13,1,2,3,-4,-11,sil
16.237033367156982,-10,-7,-8,-27,-13,-19,-30,0,-1,-6,0,-4,-11,-19,sil
16.25019907951355,0,2,-10,-14,-4,-20,-25,-1,-18,-15,4,2,-7,-10,sil
16.26731300354004,3,11,5,-3,-1,-14,-18,-3,-25,-21,11,18,-10,-9,sil
16.26731300354004,-12,-1,2,-11,-8,-11,-21,-10,-37,-31,0,-2,-29,-29,sil
16.28410315513611,-12,-3,4,-9,-3,-6,-20,-4,-42,-32,-10,-21,-32,-33,sil
16.28410315513611,4,14,11,8,10,0,-9,3,-22,-20,1,-1,-11,-12,sil
16.28410315513611,-3,9,-4,16,8,4,-1,-2,-3,-13,5,1,-3,-3,sil
16.29837417602539,-13,-8,3,14,0,10,0,-1,0,-3,-5,-14,-6,-2,sil
16.29837417602539,-2,-6,4,9,1,8,8,9,2,11,2,-10,1,4,sil
16.315381050109863,-2,0,2,0,0,5,13,3,2,11,5,-5,4,3,sil
16.315381050109863,-9,-1,4,6,5,14,11,-7,1,7,-6,-10,5,1,sil
16.330325603485107,0,0,-3,16,15,16,11,1,16,21,-3,-2,15,17,sil
16.330954551696777,9,6,6,11,6,7,14,14,30,29,4,10,14,28,sil
16.345094203948975,5,7,2,14,0,4,14,4,22,20,-2,6,1,14,sil
16.345094203948975,-5,-1,-7,9,1,2,3,-6,1,3,-19,-7,-6,-1,sil
16.361281156539917,-10,-6,-8,-11,-3,0,0,-3,-8,-6,-31,-12,-7,-2,sil
16.37735104560852,2,0,-11,-10,-2,2,5,0,-9,-6,-24,-12,-4,2,sil
16.37735104560852,11,3,-1,1,0,1,7,0,-11,-10,-13,-10,-7,-4,sil
16.37735104560852,3,-1,-1,-4,-1,-3,7,-1,-2,-11,-10,-7,-6,-2,sil
16.39048480987549,5,-2,3,-7,1,-7,8,-4,5,-1,0,6,11,13,sil
16.4062397480011,12,5,14,3,5,-4,2,0,-3,-1,9,12,14,12,sil
16.4062397480011,6,0,0,5,-4,-1,-4,0,-4,-8,1,0,-5,0,sil
16.421387434005737,7,-6,2,-5,-14,0,0,-2,12,2,7,3,-3,3,sil
16.421387434005737,12,0,5,0,0,1,4,0,21,20,27,19,17,6,sil
16.437392234802246,2,4,0,5,10,-1,0,1,5,15,18,18,14,0,sil
16.437392234802246,-4,-9,0,-14,-3,-8,-5,0,-7,-3,3,5,-4,-8,sil
16.453274726867676,-5,-15,-14,-27,-19,-14,-11,-3,-4,-7,14,0,-8,-9,sil
16.453274726867676,-4,0,2,-8,-14,-6,-19,-3,0,3,20,6,3,-3,sil
16.468318462371826,-3,1,3,8,0,4,-11,2,5,14,14,13,19,0,sil
16.468318462371826,-4,-5,-14,1,4,3,0,8,11,12,11,6,16,-1,sil
16.4841411113739,-3,4,2,0,3,5,1,5,3,1,4,0,-2,-7,sil
16.4841411113739,-2,10,6,8,8,6,1,-2,-2,-3,-4,-3,-7,-7,sil
16.499202013015747,-3,1,0,2,11,-2,0,-1,-1,-8,-6,0,-1,-1,sil
16.499202013015747,-3,-1,-3,-6,2,-11,-10,2,-2,-9,1,5,1,1,sil
16.514398336410522,-4,-1,-6,-3,-11,-14,-16,0,-11,-12,0,-1,0,-3,sil
16.514398336410522,-7,-1,1,-4,-14,-16,-18,-6,-24,-21,-9,-15,-12,-14,sil
16.530031204223633,0,3,-1,-4,3,-8,-10,-3,-19,-18,-11,-14,-17,-14,sil
16.530031204223633,8,12,7,5,14,2,8,4,0,-2,-9,-2,-5,-2,sil
16.54537534713745,2,12,8,7,2,2,17,8,14,7,-4,-1,4,8,sil
16.54537534713745,-7,1,-10,-7,-10,-5,-1,1,4,0,-2,-11,-1,3,sil
16.561227560043335,-2,1,2,-6,-5,-4,-16,-3,-13,-16,-15,-10,-14,-9,sil
16.561227560043335,6,12,8,14,5,7,0,0,-11,-14,-17,0,-10,-1,sil
16.576269149780273,3,2,7,6,2,17,14,0,-4,-1,-9,-1,-8,5,sil
16.576269149780273,-11,-16,1,-13,-7,18,5,-3,-14,-8,-18,-19,-19,-11,sil
16.592188358306885,-15,-16,-8,-2,-6,12,-5,-5,-13,-13,-21,-17,-16,-10,sil
16.592188358306885,-1,-1,10,14,3,12,0,2,1,7,0,0,2,9,sil
16.607869148254395,4,0,2,12,13,16,14,7,16,31,12,5,13,18,sil
16.607869148254395,9,0,-3,13,15,17,28,3,27,33,15,6,14,18,sil
16.623629093170166,22,6,8,27,15,17,39,0,32,32,26,16,22,28,sil
16.623629093170166,20,8,0,34,17,16,39,0,23,37,29,20,25,32,sil
16.639175415039062,6,0,-2,18,11,5,22,3,7,26,11,7,10,17,sil
16.639175415039062,-4,-11,-9,-6,-4,-14,0,-1,-3,6,-5,-6,2,0,sil
16.6553053855896,-11,-17,-10,-21,-15,-20,-13,-9,-3,-7,-2,0,5,-3,sil
16.6553053855896,-3,-8,0,-15,-9,-13,-16,-7,6,-5,5,9,6,-2,sil
16.670902252197266,6,-3,-9,-12,-2,-20,-16,-3,10,-2,1,0,7,0,sil
16.670902252197266,4,-3,-4,-20,-8,-18,-16,0,-1,-12,-5,3,4,-2,sil
16.68712615966797,-1,2,-2,-13,-11,-2,-11,1,-2,-13,2,13,0,-11,sil
16.68712615966797,-2,6,-2,-5,-6,-6,-14,1,-1,-6,0,6,-4,-20,sil
16.701351642608643,-6,2,7,-13,-1,-15,-22,0,-13,-17,-17,-2,-11,-23,sil
16.701351642608643,-9,-1,-3,-16,-4,-7,-13,0,-13,-31,-18,-1,-16,-19,sil
16.716856002807617,-1,0,0,-16,-8,-3,-2,1,0,-19,-3,0,-10,-12,sil
16.716856002807617,0,4,0,-20,-7,-9,-8,1,-6,-6,-1,-2,-9,-8,sil
16.73201012611389,-9,2,0,-19,-6,-15,-20,-1,-25,-18,-11,-11,-22,-15,sorry
16.73201012611389,-6,1,11,-7,-5,-5,-13,1,-14,-16,-3,-9,-12,-7,sorry
16.748056411743164,7,4,2,12,0,9,7,5,16,8,14,0,13,10,sorry
16.749057054519653,2,4,1,17,3,13,8,1,10,7,9,-7,5,2,sorry
16.76338815689087,-11,-1,-1,4,4,5,0,-2,-18,-12,-3,-14,-9,-10,sorry
16.780329704284668,-6,0,-5,6,6,4,8,0,-14,-4,2,-6,3,4,sorry
16.780329704284668,4,11,9,20,13,13,11,4,2,13,11,0,11,12,sorry
16.780329704284668,5,17,1,30,19,17,5,0,2,16,12,0,7,7,sorry
16.795830726623535,6,8,1,28,8,7,2,-4,-4,14,10,3,7,11,sorry
16.795830726623535,4,-4,9,15,-5,-4,0,-2,-9,7,3,5,0,11,sorry
16.81100821495056,0,-12,1,8,-3,-3,-2,0,-8,0,-2,1,-2,6,sorry
16.8263943195343,6,-4,6,13,1,9,9,1,1,7,-6,3,0,5,sorry
16.8263943195343,6,-4,-1,7,0,15,22,-2,6,18,-3,0,-4,1,sorry
16.84093976020813,-1,-10,-3,-8,-4,12,14,-4,1,2,-4,-3,-10,-2,sorry
16.84093976020813,-11,-10,-9,-8,-3,4,0,1,1,-9,-10,-1,-3,-2,sorry
16.857966661453247,-13,-10,-20,-10,0,-8,-7,1,8,7,-8,0,1,0,sorry
16.857966661453247,-4,-10,0,-19,0,-6,-6,0,14,16,0,3,4,4,sorry
16.872109174728394,2,-4,3,-8,0,1,2,4,16,7,0,5,9,8,sorry
16.872109174728394,0,1,2,-3,0,0,10,1,14,10,-6,4,9,6,sorry
16.887636184692383,1,8,3,-9,4,0,11,2,20,20,6,10,13,11,sorry
16.887636184692383,22,20,2,4,13,5,14,6,31,12,28,22,23,24,sorry
16.902915239334106,30,19,20,17,11,0,18,5,22,1,21,23,19,16,sorry
16.902915239334106,5,-1,1,-5,-6,-11,7,-2,-3,-5,-5,0,0,-8,sorry
16.921969175338745,-15,-10,-22,-27,-16,-17,-13,-7,-17,-21,-16,-18,-13,-19,sorry
16.921969175338745,-10,2,-9,-15,-5,-14,-18,-5,-8,-30,-6,-10,-12,-16,sorry
16.921969175338745,-2,6,-2,-1,0,-10,-17,-2,-4,-24,-3,-6,-9,-18,sorry
16.93498945236206,-3,0,1,-8,-3,-7,-27,0,-19,-23,-9,-8,-14,-16,sorry
16.953031539916992,0,3,-2,-4,3,-7,-24,-2,-19,-12,0,0,-9,-5,sorry
16.953031539916992,7,9,5,8,9,-2,-8,0,0,3,7,5,1,0,sorry
16.953031539916992,5,5,12,0,-1,2,-4,1,3,0,3,2,-2,-6,sorry
16.96616506576538,-6,-5,-8,-12,-12,-6,-6,-4,-11,-10,-3,-3,-15,-14,sorry
16.982720851898193,-5,-1,4,3,-8,-7,-3,-4,-22,-7,-6,2,-13,-9,sorry
16.982720851898193,2,0,14,20,3,6,1,2,-12,-2,0,8,0,-1,sorry
16.999256372451782,-6,-12,0,8,0,14,0,2,-9,-7,-2,-5,-7,-12,sorry
16.999256372451782,-25,-21,-9,-1,-15,12,-7,-1,-21,-9,-23,-30,-26,-22,sorry
16.999256372451782,-23,-11,-11,11,-8,12,0,0,-16,4,-24,-31,-18,-7,sorry
17.015302181243896,-6,1,6,26,9,17,15,3,0,17,-2,-12,0,9,sorry
17.02981662750244,-2,-2,0,18,3,20,22,0,-1,19,7,-4,8,12,sorry
17.02981662750244,-7,-14,-13,-1,-6,11,21,-1,-6,20,3,-7,10,18,sorry
17.04736065864563,0,-8,-1,-1,2,5,19,3,4,22,2,-1,15,23,sorry
17.04736065864563,8,0,-10,5,4,0,10,2,24,19,8,4,21,15,sorry
17.04736065864563,7,-3,-3,-8,-5,-10,0,0,33,11,3,3,20,12,sorry
17.061031341552734,3,-1,3,-9,-2,-9,2,0,29,0,-4,4,10,16,sorry
17.07634401321411,6,6,-4,-2,6,0,-1,1,18,-4,0,13,6,6,sorry
17.07634401321411,14,14,9,-11,5,-5,-6,3,16,6,19,29,18,2,sorry
17.091943740844727,27,25,12,2,10,-14,0,2,28,21,39,36,28,15,sorry
17.091943740844727,32,22,9,5,14,-11,0,-3,22,13,32,32,20,17,sorry
17.107030391693115,17,4,6,-30,0,-10,-11,-2,-4,-11,14,21,8,4,sorry
17.107030391693115,13,4,4,-26,-5,-17,-6,5,-18,-26,15,17,3,0,sorry
17.12297224998474,17,18,15,5,4,-10,-1,5,-14,-23,13,18,-3,-2,sorry
17.12297224998474,-4,3,0,-4,6,0,-14,-3,-19,-26,-7,0,-19,-16,sorry
17.13805913925171,-22,-12,-2,-15,-1,0,-21,-6,-25,-26,-17,-18,-25,-22,sorry
17.13805913925171,-10,-5,0,-1,-3,0,-7,0,-14,-7,-4,-18,-15,-14,sorry
17.153414726257324,-4,-2,-7,2,3,5,2,1,-9,-1,-12,-20,-17,-11,sorry
17.153414726257324,-14,-7,0,13,6,10,2,-2,-16,-14,-33,-26,-31,-16,sorry
17.169363021850586,-23,-7,-7,21,-1,5,0,-5,-7,1,-21,-22,-20,-18,sorry
17.169363021850586,-27,-9,-16,1,-11,1,0,-3,3,25,-8,-20,-4,-15,sorry
17.18533682823181,-22,-11,-8,4,-4,10,0,0,2,19,-14,-19,-6,-13,sorry
17.18533682823181,-6,-1,1,29,4,15,6,1,3,9,-8,-6,-7,-3,sorry
17.20092749595642,-1,5,11,27,1,7,2,0,1,5,-1,-1,-4,-1,sorry
17.20092749595642,-6,-1,-9,11,-1,8,0,-1,-7,-1,-12,-12,-3,0,sorry
17.217005014419556,-2,-10,-10,2,-1,20,15,1,-2,-2,-19,-11,0,11,sorry
17.217005014419556,5,-6,4,-3,0,19,31,6,13,2,-9,0,5,14,sorry
17.23222589492798,9,4,-4,0,3,0,30,0,22,4,0,1,12,12,sil
17.23222589492798,13,11,7,5,0,-8,19,0,21,7,5,11,19,24,sil
17.248307704925537,14,0,8,0,-6,-9,11,5,23,20,18,21,27,29,sil
17.248307704925537,6,-11,0,-11,-8,-15,-9,1,8,13,19,14,23,17,sil
17.263939380645752,3,-4,-2,-21,-12,-19,-36,-3,-20,-13,2,6,3,2,sil
17.263939380645752,6,-1,-11,-20,-13,-17,-39,-4,-20,-23,-4,2,-9,-5,sil
17.279566287994385,6,-5,2,-15,-5,-13,-27,-4,2,-9,0,5,-3,-5,sil
17.279566287994385,5,-1,0,-16,2,-8,-9,2,10,4,14,13,15,1,sil
17.29532027244568,8,3,-3,-17,1,-4,5,6,-2,0,24,14,18,0,sil
17.29532027244568,2,5,8,-15,1,0,11,-1,-5,-7,13,5,2,-12,sil
17.310076236724854,-7,-1,-5,-21,2,0,6,-7,0,-3,7,-1,-1,-16,sil
17.310076236724854,-5,-2,-4,-28,-4,-6,-5,2,-7,0,19,2,4,-9,sil
17.326185703277588,2,9,6,-4,-3,-6,-17,6,-21,-10,20,5,2,-6,sil
17.326185703277588,5,20,14,23,12,2,-17,0,-11,-4,10,5,-4,-2,sil
17.341350317001343,6,20,19,26,24,11,-2,-2,6,15,11,10,0,2,sil
17.341350317001343,7,14,-1,31,20,13,5,1,12,15,5,8,3,4,sil
17.35735249519348,2,8,8,39,10,8,0,1,9,-1,-13,0,-9,6,sil
17.35735249519348,-8,-1,15,22,3,0,-3,-2,-5,-11,-25,-7,-22,0,sil
17.372998237609863,-23,-16,-8,-11,-10,0,-4,-6,-32,-25,-36,-27,-32,-22,sil
17.372998237609863,-29,-16,-15,-16,-20,9,2,-1,-32,-31,-41,-38,-37,-26,sil
17.38922119140625,-13,0,-11,10,-3,18,19,0,2,1,-19,-21,-18,2,sil
17.38922119140625,4,3,3,19,5,14,15,1,17,26,1,-1,0,14,sil
17.404284954071045,6,-4,-1,6,0,6,5,0,9,12,0,5,2,5,sil
17.404284954071045,1,-1,-12,12,7,4,21,2,11,5,0,5,5,9,sil
17.420190811157227,4,7,4,21,8,7,26,7,14,17,-1,3,10,9,sil
17.420190811157227,11,3,1,14,0,0,4,0,18,21,4,0,14,8,sil
17.435810565948486,20,-1,1,2,1,-8,-3,0,25,19,15,6,20,18,sil
17.435810565948486,5,-7,-4,-11,2,-2,2,10,22,14,14,6,20,14,sil
17.45092248916626,-22,-21,-22,-32,-8,-5,3,-1,-1,-7,-6,-11,2,-3,sil
17.45092248916626,-23,-21,-5,-39,-13,-13,4,-16,-21,-22,-18,-16,-14,-15,sil
17.466516971588135,-1,-10,-1,-22,-13,-10,13,-3,-10,-5,-5,-1,-4,-8,sil
17.466516971588135,10,-1,0,-9,-14,-10,6,7,0,0,2,10,11,1,sil
17.481730699539185,10,2,9,-8,-3,-16,-14,2,-1,-13,0,6,8,-2,sil
17.481730699539185,6,1,0,-7,4,-13,-21,4,7,-10,2,3,4,-8,sil
17.497121810913086,2,0,2,-10,-4,-3,-10,6,24,6,14,14,11,-1,sil
17.497121810913086,5,6,2,-11,-6,-5,-14,-6,11,5,22,21,14,0,sil
17.512439727783203,9,18,10,0,4,-11,-43,-10,-16,-10,19,17,9,-6,sil
17.512439727783203,4,18,11,12,12,-2,-52,1,-20,-14,16,12,7,-2,sil
17.52903461456299,-5,6,-7,7,5,8,-23,0,-9,-3,13,1,0,-1,sil
17.5447735786438,-4,2,1,0,-2,7,5,-8,-15,-1,0,-7,-12,-7,sil
17.5447735786438,-1,3,1,8,0,8,16,-6,-32,-11,-9,-7,-21,-5,sil
17.561302423477173,-11,1,-1,12,3,15,21,0,-42,-22,-15,-10,-29,-1,sil
17.561302423477173,-15,0,5,4,-3,16,22,3,-29,-16,-19,-21,-26,-6,sil
17.561302423477173,-11,-5,-3,4,-6,9,17,6,0,1,-16,-29,-19,-5,sil
17.576390743255615,-7,-7,-2,11,2,16,11,8,22,11,-14,-21,-21,4,sil
17.576390743255615,1,-1,-1,19,15,26,20,9,34,28,-3,-7,0,16,sil
17.59202218055725,10,1,2,13,9,9,17,3,35,37,6,2,22,22,sil
17.59202218055725,13,0,7,-1,-2,-14,-13,-8,11,15,0,13,13,18,sil
17.60712742805481,18,4,-7,-1,1,-11,-20,-10,-1,2,0,15,8,13,sil
17.60712742805481,21,7,4,8,10,0,6,2,10,11,16,18,25,9,sil
17.62327527999878,7,3,7,4,1,-15,15,0,6,3,11,16,19,0,sil
17.62327527999878,-6,-7,-8,-19,-8,-34,2,-10,-22,-18,-6,6,-4,-14,sil
17.639402389526367,-7,-11,-9,-35,-9,-14,5,-1,-23,-23,-2,0,-5,-17,sil
17.639402389526367,-4,-3,-5,-15,-3,10,11,11,1,-10,4,0,1,-11,sil
17.653485536575317,-10,0,8,12,0,10,3,6,8,0,-8,-6,-7,-9,sil
17.653485536575317,-18,-9,-1,9,0,6,1,-2,1,4,-20,-16,-9,-1,sil
17.67018485069275,-5,-10,-5,0,-2,8,3,0,9,18,-3,-8,7,19,sil
17.67056655883789,17,5,15,10,2,5,-2,7,26,30,20,13,27,28,sil
17.685880422592163,19,7,-1,8,5,-7,-17,0,31,22,21,21,27,15,sil
17.702163696289062,5,2,-6,-5,2,-15,-32,-7,9,1,8,17,10,0,sil
17.702163696289062,0,10,3,0,0,-9,-23,-6,-14,-11,6,13,-5,-10,sil
17.702163696289062,-7,9,-2,-1,0,0,-1,-8,-25,-24,-6,-3,-14,-27,sil
17.716182470321655,-17,-2,-3,-19,1,0,4,-5,-28,-35,-22,-20,-22,-37,sil
17.7305109500885,-16,-9,-15,-18,0,0,7,7,-14,-28,-13,-22,-27,-29,sil
17.7305109500885,-3,-1,-3,0,-4,1,7,11,4,-19,-10,-17,-26,-14,sil
17.746152877807617,0,8,14,13,0,0,-2,2,11,-15,-18,-16,-17,0,sil
17.746152877807617,-3,4,5,18,6,6,-7,1,16,-1,-5,-16,-4,8,sil
17.761338472366333,0,0,2,15,0,15,-5,5,24,11,4,-10,0,10,sil
17.761338472366333,2,-2,-8,10,-1,6,-9,2,21,12,-1,-6,2,12,sil
17.776955127716064,0,-7,-2,-1,-3,-6,-11,-5,3,10,0,-3,2,16,sil
17.776955127716064,-6,-16,6,-14,-11,-2,3,-10,-7,11,0,-1,0,10,sil
17.79237389564514,-6,-18,-9,-13,-13,2,19,-9,-11,1,-11,-1,-2,0,sil
17.79237389564514,-4,-10,-8,-10,-6,5,18,-5,-15,-10,-12,-3,0,-4,sil
17.808448314666748,-6,-6,-8,-11,-1,8,18,-1,-6,0,5,-2,4,-2,sil
17.808448314666748,2,-3,0,-10,0,4,22,4,19,24,29,15,18,6,sil
17.824401140213013,14,2,6,-9,3,0,14,12,30,31,39,34,31,14,sil
17.824401140213013,11,10,2,-5,4,-5,-1,10,16,15,28,31,27,13,sil
17.84001898765564,14,15,19,0,1,-10,-11,5,3,4,24,29,22,11,sil
17.84001898765564,27,15,12,0,0,-10,-16,0,-7,7,37,37,27,13,sil
17.856008052825928,30,18,8,4,0,-17,-22,-4,-38,4,38,38,21,16,sil
17.856008052825928,31,29,25,22,3,-18,-19,-4,-60,0,23,33,13,20,sil
17.87196445465088,31,26,16,32,12,0,-2,-4,-54,-1,5,17,4,10,sil
17.87196445465088,3,10,3,12,12,13,8,-4,-57,-11,-16,-5,-17,-16,sil
17.88688611984253,-32,-7,-16,-3,4,4,8,-3,-62,-20,-39,-35,-37,-37,sil
17.88688611984253,-35,-16,-25,-2,0,2,5,-2,-45,-24,-56,-50,-40,-35,sil
17.902392387390137,-18,-7,-10,10,3,10,6,6,-24,-19,-51,-36,-34,-19,sil
17.902392387390137,-16,0,-10,23,10,5,0,12,-8,0,-30,-23,-16,-1,sil
17.917936086654663,-24,-6,-5,16,8,0,-12,3,0,7,-30,-30,-11,-3,sil
17.917936086654663,-29,-14,-12,5,0,9,-7,-6,-3,-8,-39,-39,-21,-18,sil
17.933364391326904,-24,-13,-14,0,-5,11,8,-4,-7,-19,-36,-34,-25,-13,sil
17.933364391326904,-13,-12,-2,-7,-11,0,7,0,14,-12,-25,-16,-18,0,sil
17.94940447807312,-9,-18,-10,-15,-13,1,2,0,51,6,-4,-3,-4,0,sil
17.94940447807312,-9,-20,-3,-17,-4,17,9,-2,68,23,5,-9,7,-7,sil
17.965508460998535,-2,-16,0,-15,0,11,13,-6,75,23,9,-11,14,-4,sil
17.965508460998535,8,-4,-2,-16,-4,-11,2,-3,86,13,30,6,21,9,sil
17.98009467124939,20,6,10,-17,-5,-15,-3,2,94,4,43,27,30,20,sil
17.98009467124939,22,2,2,-14,-4,-9,1,1,96,2,39,36,32,20,sil
17.995944023132324,17,0,9,-20,-10,-15,-5,4,99,6,40,47,25,21,sil
17.995944023132324,23,14,17,-20,-12,-20,-17,4,101,1,36,48,23,23,sil
18.011006832122803,28,24,10,-2,-3,-19,-20,-3,76,-14,23,32,19,17,sil
18.011006832122803,15,18,15,5,-3,-16,-20,-3,36,-23,14,16,0,0,sil
18.027122974395752,4,8,0,4,-4,-6,-13,0,24,-17,7,0,-17,-15,sil
18.027122974395752,1,7,0,7,7,7,0,-1,30,-15,-2,-14,-19,-22,sil
18.043240070343018,-7,3,7,9,11,15,6,0,26,-7,-8,-15,-14,-18,sil
18.043240070343018,-22,-11,-5,-1,0,10,5,2,3,0,-10,-19,-13,-16,sil
18.061341524124146,-20,-12,-5,0,0,10,5,3,-29,-3,-15,-23,-17,-17,sil
18.061341524124146,-2,3,-5,21,10,17,5,7,-48,5,-7,-10,-7,0,sil
18.074710845947266,10,9,2,29,13,14,0,9,-63,29,0,6,7,21,sil
18.074710845947266,2,-1,2,19,11,8,0,6,-90,29,-6,4,14,22,sil
18.09764814376831,3,1,-3,19,13,5,14,3,-108,22,-8,3,20,23,sil
18.09764814376831,20,17,14,28,16,11,33,1,-130,36,4,20,28,32,sil
18.09764814376831,12,11,0,19,15,9,30,-5,-185,26,-3,12,10,17,sil
18.105510234832764,-6,-9,-13,-3,0,-7,8,-16,-250,-23,-30,-13,-21,-9,sil
18.121439456939697,0,-10,0,-10,-10,-13,1,-13,-262,-38,-20,-5,-20,-10,sil
18.121439456939697,9,-2,-1,-6,-6,-9,0,-2,-229,-3,4,10,5,0,sil
18.13694787025452,-1,-9,-2,-24,-14,-16,-17,3,-206,3,0,0,8,-5,sil
18.13694787025452,-17,-10,-8,-33,-22,-19,-19,1,-188,-7,0,-5,-2,-18,sil
18.15237212181092,-14,4,-2,-9,-7,-7,-13,-1,-169,-6,11,1,-7,-20,sil
18.15237212181092,-7,10,6,4,2,-3,-30,-2,-147,-10,7,-7,-15,-25,sil
18.167396068573,-20,-1,-7,-1,0,-3,-30,-6,-111,-16,-7,-27,-23,-24,sil
18.167396068573,-32,-11,-6,0,2,13,4,-7,-60,-6,-15,-26,-18,-11,sil
18.18393111228943,-16,-12,-11,2,8,23,26,-3,23,4,-6,-12,-1,4,sil
18.18393111228943,1,-10,-12,-2,1,7,10,-1,121,0,-2,-5,3,12,sil
18.19940733909607,0,-5,0,-9,-13,-10,-10,-1,200,-12,-14,-1,-2,4,sil
18.19940733909607,4,-4,-2,-15,-21,-15,-18,1,278,-18,-10,1,-1,-1,sil
18.215291261672974,12,0,10,-22,-16,-9,-18,4,355,-24,2,6,-1,-1,sil
18.215291261672974,6,0,3,-20,-5,0,-10,2,425,-25,0,2,-7,-7,sil
18.230175733566284,3,1,-4,-7,5,5,0,5,508,-3,5,3,-1,-11,sil
18.230175733566284,12,13,17,9,14,3,6,12,569,14,24,12,7,0,sil
18.245908737182617,8,17,13,23,15,4,6,9,595,12,17,3,6,11,sil
18.245908737182617,4,7,10,32,15,17,18,6,612,22,1,0,14,20,sil
18.260886192321777,11,0,4,34,18,25,36,9,611,41,7,7,23,27,sil
18.260886192321777,8,-2,-6,19,10,15,30,6,574,32,5,1,11,20,sil
18.27805495262146,-3,-3,-3,1,0,6,20,2,495,22,-5,-5,3,12,sil
18.27805495262146,-3,-1,-6,-3,-3,2,22,1,394,25,-6,2,7,13,sil
18.292627334594727,4,-2,-1,-7,-7,-7,10,2,236,10,-10,9,0,6,sil
18.292627334594727,8,0,-7,-8,-9,-15,-7,0,4,-6,-3,12,2,-8,sil
18.308348417282104,2,0,-10,-10,-5,-15,-16,-3,-219,-8,14,10,10,-9,sil
18.322508096694943,-4,-6,10,-20,-9,-15,-30,-4,-494,-12,12,1,0,-6,sil
18.322508096694943,-1,-2,0,-12,-8,-20,-31,-5,-827,-12,5,0,0,-10,sil
18.322508096694943,7,13,2,4,0,-18,-17,-5,-1174,-13,8,10,8,-8,sil
18.340038061141968,11,15,14,5,3,-7,-14,-7,-1740,-12,9,12,7,-2,sil
18.340038061141968,2,0,5,0,0,1,-17,-17,-2136,-10,4,0,-1,-5,sil
18.35469055175781,-13,-4,4,0,-5,0,-16,-19,-2279,-17,0,-9,-16,-15,sil
18.35469055175781,-21,-1,-9,1,-1,-2,-13,-15,-3082,-16,-5,-9,-23,-14,sil
18.3719449043274,-9,2,-3,0,5,5,-9,-18,-3020,-6,-8,-5,-19,-4,sil
18.38506865501404,1,6,11,3,11,10,-1,-12,-63,-6,-1,0,-13,1,sil
18.38506865501404,4,3,0,5,13,5,10,3,2803,-4,2,3,-1,10,sil
18.40328550338745,4,-1,-2,0,6,9,17,7,2714,1,-6,0,2,10,sil
18.40328550338745,-4,-8,-13,-4,-7,9,10,6,1869,3,-15,-6,-5,0,sil
18.40328550338745,-6,-5,-12,0,-10,1,7,27,1827,6,-10,-2,-1,0,sil
18.41835832595825,5,1,0,9,4,4,21,37,1587,10,-1,5,10,8,sil
18.432929277420044,7,0,-1,14,9,6,30,11,1129,9,2,1,5,12,sil
18.432929277420044,-1,-3,3,11,-1,4,21,-2,926,5,-3,-9,-4,7,sil
18.44901251792908,-11,-3,-6,1,-3,4,9,1,850,0,-16,-22,-8,-8,sil
18.44901251792908,-20,-9,-11,-15,-1,2,1,1,768,-5,-22,-27,-14,-20,sil
18.463459491729736,-13,-10,3,-13,-3,4,0,-1,633,2,-14,-12,-10,-10,sil
18.463459491729736,8,-2,2,4,-1,7,3,0,473,19,4,0,4,6,sil
18.48035407066345,13,5,10,2,0,5,3,0,174,23,15,8,13,14,sil
18.48035407066345,8,10,4,0,5,-1,2,1,-270,11,12,13,18,12,sil
18.49424815177917,6,4,-2,6,7,-11,-3,-2,-568,-6,-1,4,10,0,sil
18.49424815177917,-6,-6,-3,-4,-2,-10,-14,-6,-726,-13,-8,-3,0,-11,sil
18.509359121322632,-15,-11,-8,-15,-14,-6,-15,-5,-859,-6,1,-3,1,-7,sil
18.509359121322632,-3,-3,5,-11,-12,-6,-15,-2,-886,-2,6,0,7,-1,sil
18.524704933166504,0,-1,-2,-13,-8,-9,-21,-4,-863,-3,2,0,1,-2,sil
18.524704933166504,-7,-9,-11,-22,-11,-6,-22,-6,-808,-10,0,2,-3,0,sil
18.53993558883667,2,-4,6,-11,-5,0,-13,0,-694,-9,3,8,1,2,sil
18.54033851623535,21,11,2,14,8,0,0,5,-591,5,15,14,11,9,sil
18.55596876144409,26,20,11,23,11,-2,9,0,-477,13,25,21,16,15,sil
18.55596876144409,20,16,14,15,9,0,11,-2,-345,12,27,21,19,15,sil
18.57187461853028,10,9,0,7,9,0,6,-5,-250,2,16,16,5,9,sorry
18.57187461853028,1,4,4,2,2,-8,-2,-4,-149,-18,0,8,-15,-2,sorry
18.58706283569336,0,2,3,-1,0,-8,0,0,6,-15,1,0,-9,-5,sorry
18.58706283569336,0,5,2,-4,3,0,3,3,159,1,3,-2,-2,-6,sorry
18.60220956802368,-7,1,-5,-8,-1,0,1,-3,244,-8,-14,-7,-22,-25,sorry
18.60220956802368,-8,-6,-8,-7,-7,-4,-3,-3,284,-22,-14,-9,-30,-24,sorry
18.617807149887085,-4,-1,11,4,0,0,0,9,312,-5,2,-5,-11,-4,sorry
18.617807149887085,-11,1,-2,15,5,8,1,8,324,8,-8,-16,-2,-7,sorry
18.63326644897461,-20,-5,-7,11,1,12,0,0,318,1,-23,-27,-9,-13,sorry
18.63326644897461,-15,-7,0,11,0,14,1,0,310,6,-8,-17,-1,5,sorry
18.649327754974365,-4,-4,-3,17,8,19,9,2,288,16,-8,-12,9,16,sorry
18.649327754974365,-2,-8,0,9,9,18,12,0,261,12,-24,-13,5,11,sorry
18.665362119674683,-4,-13,-7,0,0,6,4,-4,252,15,-8,-4,5,14,sorry
18.665362119674683,0,-8,-4,-6,-4,1,0,-2,229,17,7,3,12,16,sorry
18.68094301223755,0,-6,-1,-10,2,6,12,-1,184,8,0,1,12,11,sorry
18.68094301223755,-3,-14,-13,-18,-3,-2,15,0,137,2,-3,0,8,9,sorry
18.69621181488037,0,-8,-1,-17,-17,-18,-5,3,83,0,2,8,4,4,sorry
18.69621181488037,11,8,2,-1,-6,-16,-10,2,38,-1,6,14,2,-1,sorry
18.7122905254364,9,7,0,-1,2,-9,-3,-3,2,-7,3,11,0,-6,sorry
18.7122905254364,1,-2,-2,-18,-4,-7,-5,-1,-40,-14,1,10,-3,-14,sorry
18.727941751480103,7,2,-3,-18,-5,-5,3,4,-70,-7,10,20,0,-8,sorry
18.727941751480103,21,18,20,-1,0,-5,14,3,-87,0,21,31,8,4,sorry
18.74300503730774,18,20,11,10,0,-8,2,-1,-111,-4,23,21,7,0,sorry
18.74300503730774,7,14,3,15,5,-3,-10,0,-137,-14,13,2,-5,-5,sorry
18.75905466079712,10,19,16,13,7,3,-8,3,-141,-17,8,1,-7,0,sorry
18.75905466079712,10,13,5,10,0,-2,-11,-2,-143,-17,6,0,0,1,sorry
18.77444005012512,-5,-1,0,5,-5,-8,-22,-4,-157,-24,-11,-15,-13,-9,sorry
18.77444005012512,-22,-9,-9,-1,-3,-5,-22,-3,-147,-20,-27,-26,-26,-21,sorry
18.7903060913086,-24,-10,-12,-5,-4,1,-8,-4,-117,5,-16,-28,-13,-18,sorry
18.7903060913086,-16,-11,-4,-4,0,12,5,0,-87,27,-5,-27,0,-6,sorry
18.80538296699524,-15,-8,-11,-3,2,13,7,3,-67,14,-12,-23,-3,-1,sorry
18.80538296699524,-14,-5,-2,-1,0,5,0,-1,-61,-5,-15,-12,-11,1,sorry
18.82094502449036,-3,-6,-3,9,7,10,11,-1,-37,10,2,-2,1,14,sorry
18.82094502449036,0,-9,-9,8,16,24,21,1,-10,37,9,-3,17,23,sorry
18.83716583251953,-9,-8,1,-7,11,18,10,-4,-14,32,-7,-9,11,13,sorry
18.83716583251953,-1,-1,-1,-2,0,-2,5,-5,-15,19,-5,1,4,6,sorry
18.8533148765564,24,4,11,14,-7,-10,10,5,0,23,16,28,20,17,sorry
18.8533148765564,18,0,8,8,-7,-3,6,5,2,10,19,27,26,17,sorry
18.866641521453857,-7,-10,-11,-17,0,-1,0,1,-15,-14,0,7,4,0,sorry
18.866641521453857,-6,-15,0,-25,-6,-2,0,2,1,-10,-3,7,-1,-6,sorry
18.88229513168335,5,-5,7,-9,-17,-8,-6,0,85,-1,3,15,5,-2,sorry
18.88229513168335,11,14,10,7,-6,-10,-6,0,168,-8,11,17,4,0,sorry
18.89934492111206,18,20,2,8,11,-1,4,9,189,-8,17,20,6,6,sorry
18.91402292251587,19,7,-10,2,9,-3,1,2,158,-9,6,10,2,0,sorry
18.91402292251587,8,5,2,-1,-4,-12,-10,-2,106,-25,-8,-4,-15,-18,sorry
18.91402292251587,0,11,2,-3,-5,-9,-10,-2,67,-24,-6,-9,-14,-16,sorry
18.92811369895935,-2,10,4,-1,0,-10,-17,-4,33,-17,-4,-5,-7,-3,sorry
18.943357229232788,-3,7,2,6,2,-13,-23,-5,-1,-16,-3,-1,-12,-5,sorry
18.943357229232788,0,5,-4,9,6,0,-3,0,-13,-6,4,0,-5,-2,sorry
18.959444522857662,-4,2,4,1,5,8,10,0,-18,-3,-1,-3,-1,-4,sorry
18.959444522857662,-19,-1,-5,-2,0,0,1,-4,-46,-7,-13,-16,-17,-17,sorry
18.97531628608704,-18,0,-4,-2,-5,0,-4,-3,-64,-2,-12,-16,-21,-13,sorry
18.97531628608704,-8,-1,-2,1,-4,9,0,0,-58,4,-10,-6,-10,-4,sorry
18.991252183914185,-8,-11,-11,3,-2,11,-1,0,-68,-3,-12,-8,-10,-6,sorry
18.991252183914185,-8,-13,6,1,0,16,0,3,-69,-2,-2,-12,-11,0,sorry
19.006404876708984,-2,-8,6,5,4,16,10,9,-42,16,7,-9,2,12,sorry
19.006404876708984,0,-4,3,16,10,14,23,1,-20,25,5,-2,18,20,sorry
19.02197933197021,10,4,8,27,22,22,30,-2,-1,32,9,5,29,23,sorry
19.02197933197021,18,1,5,22,12,11,21,1,5,42,17,9,27,24,sorry
19.03808856010437,7,-13,4,-5,-11,-9,4,2,-8,31,11,3,14,16,sorry
19.03808856010437,-3,-15,-14,-22,-7,-10,2,-6,-14,12,1,-4,8,3,sorry
19.053326845169067,0,-6,-12,-19,0,-4,0,-8,-11,-1,-4,-7,6,0,sorry
19.053326845169067,5,-6,-1,-20,-20,-8,-6,1,-11,-10,-5,0,3,2,sorry
19.06911563873291,0,-7,-16,-25,-28,-13,-7,4,4,-7,-5,0,6,-1,sorry
19.06911563873291,-6,-2,-8,-22,-7,-11,-7,1,26,-5,-14,-2,1,-15,sorry
19.084174394607544,0,4,0,-12,1,-10,-6,3,32,-10,-12,2,-4,-19,sil
19.084174394607544,8,12,1,-11,-8,-17,-9,5,23,-9,1,17,0,-5,sil
19.10021448135376,1,12,7,-17,-15,-21,-17,-1,3,-14,9,22,0,0,sil
19.100732803344727,-1,7,3,-5,0,-7,-16,-9,-7,-27,8,11,-7,-6,sil
19.11533641815185,8,20,20,16,18,4,-10,-2,-9,-27,10,11,-13,-3,sil
19.11533641815185,10,27,15,24,19,2,-6,0,-3,-8,17,19,-5,1,sil
19.131391286849976,-1,13,-2,11,14,2,-3,-1,3,-2,17,13,-2,0,sil
19.131391286849976,-5,6,5,10,18,9,-4,4,4,-13,0,-1,-17,-3,sil
19.14697813987732,0,2,5,23,9,5,-9,4,0,-19,-14,-7,-24,-6,sil
19.14697813987732,-4,-8,4,16,-6,0,-4,-1,3,-6,-14,-9,-15,-1,sil
19.16304445266724,-12,-12,-7,3,0,5,4,2,9,6,-4,-16,-1,1,sil
19.16304445266724,-8,-6,-8,16,6,12,2,3,5,4,0,-11,1,0,sil
19.17914581298828,0,-2,10,28,1,16,2,-2,0,8,0,-1,6,0,sil
19.17914581298828,3,-1,-2,16,8,18,19,-4,1,26,0,-6,15,10,sil
19.194340467453003,3,-3,-2,2,13,13,24,0,4,30,0,-17,11,9,sil
19.194340467453003,-12,-15,-5,-5,-2,0,15,0,2,18,-2,-23,0,-4,sil
19.20995736122132,-25,-28,-20,-21,-19,-1,12,0,0,10,-14,-30,-1,-10,sil
19.20995736122132,-15,-26,-11,-34,-21,7,10,0,6,10,-27,-20,0,-5,sil
19.22592163085937,-1,-16,-12,-31,-15,-2,0,-6,19,12,-14,0,0,0,sil
19.22592163085937,10,0,-2,-19,-10,-18,-2,-1,21,6,11,13,8,3,sil
19.241370916366577,20,14,9,-2,-7,-13,1,6,17,3,21,23,23,13,sil
19.241370916366577,17,13,4,2,-5,-13,-4,4,5,2,16,22,13,19,sil
19.25690793991089,11,10,7,-4,-2,-13,-8,2,-20,-12,9,15,-4,4,sil
19.25690793991089,15,10,3,-4,0,-2,0,3,-27,-23,0,6,0,-8,sil
19.27295184135437,11,7,8,2,1,-3,-2,1,-17,-20,-9,5,3,0,sil
19.27295184135437,4,5,8,4,3,-10,-8,0,-8,-11,0,12,-2,5,sil
19.28847980499268,3,7,-6,0,8,0,1,-1,1,-2,19,11,-1,0,sil
19.28847980499268,0,13,5,1,9,3,1,0,6,-3,14,3,-1,0,sil
19.3040075302124,-4,14,8,13,7,-7,-10,0,0,-8,2,0,-5,0,sil
19.3040075302124,6,12,8,21,9,-3,-9,0,-5,0,5,6,-2,-1,sil
19.320268630981445,9,10,4,13,8,7,-1,-1,-15,0,7,5,3,0,sil
19.320268630981445,-9,4,-12,7,5,6,-2,1,-27,-14,-4,-11,-3,-5,sil
19.335304737091064,-17,-2,0,8,8,9,-2,3,-22,-8,-14,-19,-17,-14,sil
19.335304737091064,-14,-10,1,2,7,20,3,-1,-6,12,-11,-8,-10,-9,sil
19.350889205932617,-23,-22,-9,-11,-4,14,8,-4,-5,11,-19,-14,-7,-2,sil
19.350889205932617,-33,-28,-17,-16,-11,5,6,2,-7,3,-38,-36,-20,-13,sil
19.36690878868103,-21,-22,-20,-12,-9,5,-1,1,6,10,-27,-24,-7,-11,sil
19.36690878868103,0,-11,5,-16,-13,0,-9,-2,22,13,10,16,20,11,sil
19.38295292854309,9,-7,3,-22,-14,-11,-13,-5,22,4,25,27,22,13,sil
19.38295292854309,9,0,-4,-16,-8,-19,-17,-6,11,-9,9,6,3,0,sil
19.39947366714477,13,16,13,9,0,-9,-16,-1,2,-16,14,10,0,1,sil
19.39947366714477,20,22,14,35,12,0,1,6,5,-5,30,18,5,9,sil
19.415255546569824,13,9,10,23,20,9,21,7,16,6,10,5,2,5,sil
19.415255546569824,-2,-3,-5,4,11,13,29,0,24,12,-12,-14,-2,4,sil
19.43032431602478,-4,-8,-8,2,-3,4,20,-3,16,10,-9,-15,0,12,sil
19.43032431602478,8,-4,7,-2,-8,-8,7,-4,5,5,-3,0,6,5,sil
19.44633841514588,17,5,-4,-9,-4,-13,0,-4,4,3,-1,9,6,-2,sil
19.44633841514588,13,15,-1,-3,-6,-12,-11,-1,-7,-6,4,10,1,-8,sil
19.462208032608032,2,6,2,-3,-10,-17,-21,0,-35,-25,4,4,-6,-18,sil
19.462208032608032,-2,0,-3,-4,-4,-10,-12,0,-44,-30,-1,-1,-14,-17,sil
19.4782874584198,-5,2,6,9,1,10,-1,3,-21,-15,-4,-4,-13,-7,sil
19.4782874584198,-18,-1,-3,10,1,15,-2,4,-1,2,-14,-12,-9,-7,sil
19.493953704833984,-27,-13,-6,-1,4,13,7,4,1,14,-25,-18,-6,1,sil
19.493953704833984,-7,-8,-2,0,11,13,30,3,18,27,-5,-2,8,25,sil
19.50946807861328,15,8,3,4,7,0,23,1,38,37,26,24,33,34,sil
19.50946807861328,16,16,14,1,2,-4,1,3,32,30,32,37,38,19,sil
19.52501535415649,11,10,3,1,10,0,2,8,15,5,18,18,15,2,sil
19.52501535415649,6,1,0,0,11,-1,0,5,0,-15,4,-7,-13,-5,sil
19.541269540786743,-11,-5,-6,0,0,0,-9,-6,-17,-12,-6,-18,-17,-8,sil
19.541269540786743,-24,-15,-18,2,-10,11,-2,-7,-16,4,-12,-22,-7,-6,sil
19.556687355041504,-9,-13,3,0,-9,11,1,0,-2,9,-9,-18,-9,0,sil
19.556687355041504,3,-7,1,-1,-3,-1,-8,-3,9,5,-8,-11,-9,1,sil
19.572574377059937,-1,-10,-9,-13,-9,-10,-18,-11,3,-11,-18,-9,-5,-8,sil
19.572574377059937,-7,-13,-10,-30,-19,-8,-19,-7,-15,-25,-17,-6,-6,-17,sil
19.58795595169068,0,-3,-5,-26,-11,-6,-17,-3,-29,-22,3,4,-3,-14,sil
19.58795595169068,9,12,17,-12,0,-8,-12,1,-26,-21,18,19,2,-8,sil
19.603395700454712,12,16,10,-6,1,-10,-1,2,-12,-23,12,17,1,-1,sil
19.603395700454712,1,9,4,0,0,-7,-1,0,-10,-17,-7,-1,-10,-3,sil
19.6180272102356,-13,4,0,18,6,0,-3,4,-10,-6,-19,-19,-19,-19,sil
19.6180272102356,-17,-6,-12,19,11,6,13,5,-1,0,-18,-21,-17,-17,sil
19.63414168357849,-14,-14,1,1,5,12,25,0,6,4,-14,-12,-9,0,sil
19.63414168357849,-6,-6,0,0,0,4,9,-5,17,17,0,1,9,13,sil
19.650264024734497,16,7,1,9,-1,-8,-1,-3,25,28,16,21,32,21,sil
19.650264024734497,34,15,13,3,3,-7,0,3,14,16,26,36,33,25,sil
19.6643750667572,25,21,9,9,10,-1,-6,0,-1,-1,32,36,22,18,sil
19.6643750667572,19,27,16,34,14,2,-6,0,0,4,28,27,15,7,sil
19.680083513259888,23,23,12,45,20,12,10,6,15,21,20,15,13,12,sil
19.680083513259888,6,7,-1,25,18,16,12,7,11,13,8,1,1,17,sil
19.696221828460693,-16,-10,-10,3,1,10,1,-2,-8,0,-9,-11,-15,-1,sil
19.696221828460693,-14,-19,-18,1,-10,7,4,-3,-3,9,-15,-24,-15,-6,sil
19.71240878105164,-9,-19,-3,-4,-14,7,12,2,13,15,-13,-27,-6,5,sil
19.72837924957276,-16,-22,-6,-25,-18,0,17,2,11,4,-23,-24,-7,2,sil
19.72837924957276,-17,-28,-13,-42,-21,-2,17,0,3,0,-31,-21,-11,-7,sil
19.72837924957276,-13,-20,-5,-37,-16,0,6,-4,4,-4,-16,-14,-7,-7,sil
19.743005514144897,-3,-3,-10,-18,-8,-7,-8,-6,6,-13,2,-3,2,-4,sil
19.7580828666687,9,9,4,-13,-9,-20,-13,1,6,-10,8,12,4,-4,sil
19.7580828666687,1,6,4,-20,-7,-19,-10,3,1,-12,8,13,-4,-11,sil
19.772163152694706,-10,1,-9,-17,0,-12,-24,-6,-21,-35,3,3,-12,-24,sil
19.772163152694706,-1,7,0,-2,5,-8,-41,-8,-39,-42,0,6,-11,-23,sil
19.787837505340576,1,7,-2,9,9,-3,-27,0,-26,-15,1,8,-5,-12,sil
19.787837505340576,-3,3,4,18,15,8,-1,6,-8,7,5,0,0,-9,sil
19.787837505340576,-7,6,6,19,12,13,6,6,-6,11,2,-12,4,-10,sil
19.80263924598694,-9,0,0,14,2,9,10,1,-6,8,-11,-21,-3,-2,sil
19.818225622177124,-4,-6,14,17,1,19,23,0,1,12,-16,-14,-7,9,sil
19.818225622177124,4,-4,3,13,6,19,27,1,12,24,0,0,12,19,sil
19.83428382873535,7,-1,-8,-4,0,1,13,2,13,23,10,8,21,18,sil
19.83428382873535,11,5,-2,-5,-3,-7,1,1,13,7,1,8,12,17,sil
19.85000443458557,19,14,4,2,1,-9,-3,-2,13,-5,-1,6,3,16,sil
19.85000443458557,20,10,14,-7,0,-12,-8,-3,2,-5,9,17,3,8,sil
19.864957094192505,12,1,2,-9,-6,-8,-5,0,-2,4,23,30,14,7,sil
19.864957094192505,14,6,8,0,1,-1,-3,4,0,0,19,24,13,7,sil
19.88090443611145,12,15,13,11,11,0,-8,5,0,-11,2,4,-2,0,sil
19.88090443611145,-4,5,-3,14,6,-3,-7,-1,-6,-7,-6,-11,-13,-9,sil
19.896015644073486,-23,-12,-7,4,-4,0,0,-3,-9,-5,-17,-25,-19,-19,sil
19.896015644073486,-23,-17,-16,1,-2,9,11,-1,-2,-2,-21,-29,-18,-15,sil
19.91149067878723,-11,-9,-6,11,3,16,22,1,6,13,-6,-9,-3,7,sil
19.91149067878723,-9,-13,-5,5,0,10,18,-1,8,18,-1,0,3,14,sil
19.92750835418701,-8,-15,-18,-11,-8,-2,4,-6,7,3,-9,-2,0,1,sil
19.92750835418701,3,1,7,-6,-7,-4,2,0,18,4,1,10,9,6,sil
19.94289541244507,8,5,8,0,-4,-4,1,5,26,14,6,13,16,9,sil
19.94289541244507,-4,-10,-8,-21,-12,-11,-14,0,6,0,-7,-1,0,-7,sil
19.959121465682983,0,-2,-1,-28,-10,-12,-14,-2,-5,-11,5,5,-1,-9,sil
19.959121465682983,19,14,5,-6,0,-9,-1,0,3,-5,28,20,15,4,sil
19.97511482238769,15,14,15,0,0,-12,-12,0,-12,-14,15,11,3,-2,sil
19.97511482238769,0,7,7,0,-3,-15,-27,-5,-37,-28,-3,0,-17,-19,sil
19.990158081054688,0,8,0,7,0,-6,-19,-5,-26,-25,-1,-4,-14,-18,sil
19.99052262306213,0,10,0,6,13,12,-1,3,-10,-13,5,-1,-7,-9,sil
20.005977869033813,-3,6,-5,12,25,21,7,2,-16,-4,2,-7,-16,-5,sil
20.005977869033813,-4,2,6,23,20,15,7,-2,-20,-3,-11,-13,-18,-6,sil
20.021358489990234,-6,-1,-2,19,4,11,10,0,-2,6,-11,-12,1,-1,sil
20.021358489990234,-12,-9,-13,2,-6,9,13,0,5,25,0,-13,10,5,sil
20.03696322441101,-12,-11,-4,-3,-8,6,3,-2,1,25,-2,-18,0,3,sil
20.03696322441101,-5,-13,-13,1,0,6,0,0,11,15,-5,-11,3,7,sil
20.052079677581787,5,-13,0,0,2,11,15,10,34,24,3,3,22,23,sil
20.052079677581787,3,-11,4,-9,-5,7,18,6,29,22,0,3,18,21,sil
20.067583799362183,-1,-8,-5,-17,-12,-7,2,-1,6,-5,-12,-1,1,6,sil
20.067583799362183,5,-5,2,-15,-7,-12,1,0,5,-14,-10,6,1,3,sil
20.083628177642822,2,-6,-2,-14,-11,-7,5,-2,11,-10,-12,3,0,0,sil
20.083628177642822,-7,-1,0,-17,-14,-1,-4,-4,2,-18,-19,-7,-10,-9,sil
20.107022762298584,10,11,4,-11,0,-1,-3,2,10,-2,4,5,4,-3,sil
20.107022762298584,21,17,4,-2,7,-10,0,8,27,26,29,24,19,4,sil
20.107022762298584,-2,12,7,1,0,-8,-13,1,12,13,14,17,2,-8,sil
20.11512279510498,-5,13,2,13,7,-1,-17,-5,-6,-11,4,10,-9,-12,sil
20.13024091720581,15,18,17,20,13,-9,-9,0,-16,-17,16,22,-3,2,sil
20.13024091720581,6,11,12,8,0,-16,-8,1,-28,-14,14,18,-3,3,sil
20.145809173583984,-15,0,-12,-1,-2,-1,-6,-5,-33,-12,2,-5,-9,-8,sil
20.145809173583984,-17,-2,-6,1,9,7,-3,-4,-28,-20,-6,-15,-17,-20,sil
20.161911725997925,-11,-8,-10,5,10,0,-3,0,-24,-17,-11,-16,-17,-18,sil
20.161911725997925,-1,-5,-3,7,1,0,-1,0,-20,0,-10,-12,-7,0,sil
20.17730665206909,7,3,6,16,0,6,1,0,-10,3,-3,-2,0,13,sil
20.17730665206909,8,0,4,18,0,3,5,2,0,4,0,-2,4,10,sil
20.19292497634888,5,-5,11,11,0,8,14,3,14,24,1,-6,13,11,sil
20.19292497634888,8,-3,-1,7,3,20,27,4,29,39,4,-4,15,23,sil
20.20958924293518,8,-3,0,4,6,17,25,4,26,23,-1,-1,5,18,sil
20.20958924293518,0,-9,2,-5,-5,5,13,0,16,4,-13,-7,3,3,sil
20.22522282600403,-8,-15,-13,-28,-16,0,5,1,14,0,-9,-5,10,2,sil
20.22522282600403,-8,-20,-8,-48,-16,-4,-3,2,11,1,0,4,9,3,sil
20.24031972885132,-12,-17,-16,-39,-17,-21,-23,-9,0,-8,-4,-3,-2,-9,sil
20.24031972885132,-4,-3,-13,-14,-18,-30,-36,-18,-12,-33,-9,-9,-10,-21,sil
20.256409168243408,6,7,9,1,-7,-11,-22,-1,-7,-33,6,9,-3,-16,sil
20.256409168243408,0,7,0,1,2,-3,-6,6,2,-12,16,14,-1,-14,sil
20.272342443466187,4,16,7,0,6,-14,-5,-1,-5,-10,13,9,-3,-12,sil
20.272342443466187,25,34,22,21,16,-1,0,0,-7,-5,28,24,10,6,sil
20.2879056930542,15,26,15,41,21,17,8,8,0,12,25,21,15,13,sil
20.2879056930542,-15,-1,-6,20,14,16,3,6,1,19,-2,-4,0,-7,sil
20.30328798294068,-11,-5,-15,7,15,10,6,2,1,22,-2,-9,0,-7,sil
20.30328798294068,2,5,6,15,17,11,10,5,0,17,4,-2,-2,4,sil
20.319324254989624,-10,-3,-2,4,1,9,0,0,-8,4,-17,-13,-19,0,sil
20.319324254989624,-11,-8,-8,-5,-9,14,-3,-7,-2,1,-23,-9,-16,4,sil
20.33510160446167,12,9,9,8,0,16,9,-3,2,2,-2,2,-2,17,sil
20.33510160446167,3,2,-6,4,1,1,14,-3,-6,-4,-5,-6,-8,6,sil
20.35031485557556,-16,-15,-5,-19,-8,-2,13,-2,0,0,-19,-7,-10,0,sorry
20.35031485557556,-5,-7,4,-16,-5,4,23,3,23,13,-4,-2,8,6,sorry
20.366405248641968,0,-2,2,-6,-2,-2,15,3,16,8,0,-16,6,2,sorry
20.366405248641968,-9,-14,0,-9,-10,-11,-1,0,-3,-5,-21,-19,-12,-1,sorry
20.38244390487671,0,-11,-12,-6,-4,-5,-1,0,-2,-6,-18,-1,-1,0,sorry
20.38244390487671,5,-1,-2,-4,6,-3,0,-1,0,-3,4,3,10,-6,sorry
20.39803981781006,-9,-6,-2,-8,1,-13,-9,0,-2,-9,5,-4,-1,-16,sorry
20.39803981781006,-9,-7,-9,-4,-8,-19,-23,-2,0,-15,-9,-5,-6,-10,sorry
20.413328647613525,2,0,2,-5,-16,-15,-33,-3,-6,-21,-10,3,0,-1,sorry
20.413328647613525,2,-1,1,-7,-20,-5,-25,-1,-13,-22,2,6,1,2,sorry
20.428322076797485,7,-1,9,-4,-9,2,-4,1,0,-5,13,12,7,5,sorry
20.428322076797485,12,1,9,-4,2,1,0,0,7,7,13,18,16,0,sorry
20.44541454315185,0,0,-5,-7,-8,-5,-7,-5,-7,4,9,9,9,-8,sorry
20.44541454315185,3,4,2,-6,-13,0,2,0,0,12,13,8,7,0,sorry
20.460013151168823,16,10,2,-2,7,0,15,6,16,17,23,16,15,10,sorry
20.460013151168823,8,12,12,1,13,-7,-1,3,-11,-12,18,12,2,0,sorry
20.477006912231445,-1,16,15,17,2,-8,-16,0,-31,-19,14,5,-6,-7,sorry
20.477006912231445,6,18,1,29,10,0,-5,1,-9,5,19,9,4,6,sorry
20.49252414703369,18,17,10,31,20,8,1,0,-3,6,15,14,9,18,sorry
20.507145643234253,18,13,8,39,17,15,3,0,-9,-1,13,9,10,18,sorry
20.507145643234253,11,9,5,43,20,16,13,6,0,6,8,4,6,14,sorry
20.507145643234253,0,2,-1,23,24,15,17,6,8,16,-4,-3,-6,4,sorry
20.5231192111969,-6,-3,-16,2,16,13,16,0,10,17,-14,-21,-13,-3,sorry
20.5231192111969,-10,-7,-5,0,6,12,17,0,10,7,-21,-28,-18,-10,sorry
20.540017127990723,-19,-13,-13,-11,-4,7,12,0,12,1,-27,-23,-21,-10,sorry
20.540017127990723,-24,-20,-18,-31,-17,1,1,0,14,4,-29,-20,-17,-5,sorry
20.556527137756348,-22,-17,-10,-32,-15,-1,3,2,11,0,-30,-21,-17,-8,sorry
20.556527137756348,-20,-13,-17,-30,-10,-2,12,0,16,1,-23,-16,-11,-6,sorry
20.57046723365784,-16,-10,-5,-38,-12,-2,7,0,21,14,-4,-5,1,0,sorry
20.57046723365784,-9,-10,-2,-32,-11,0,-2,-2,13,10,-1,0,3,-2,sorry
20.5861713886261,0,-11,-1,-11,-13,-2,-6,-9,-1,-10,-12,-5,0,-10,sorry
20.5861713886261,5,-8,3,-8,-20,-11,-9,-13,-10,-15,-7,-1,8,-3,sorry
20.602261781692505,1,-7,-5,-18,-12,-19,-16,-7,-3,-5,10,5,17,1,sorry
20.618295192718502,0,1,8,-11,1,-11,-17,1,4,-2,15,9,10,-5,sorry
20.618295192718502,8,15,12,12,5,-5,-8,1,0,-5,11,11,3,-8,sorry
20.618295192718502,13,17,7,18,1,-14,-14,-1,-21,-14,17,16,4,-3,sorry
20.63370060920716,5,11,14,8,-2,-15,-24,0,-34,-24,15,18,0,-6,sorry
20.63370060920716,3,8,7,21,6,-1,-8,0,-31,-21,-1,5,-9,-3,sorry
20.65010666847229,8,10,14,39,20,16,7,0,-27,-11,-9,0,-12,6,sorry
20.65010666847229,9,3,6,34,19,25,12,6,-9,1,10,6,0,15,sorry
20.66446590423584,12,0,-6,17,8,20,22,6,18,17,17,13,6,21,sorry
20.66446590423584,10,0,3,5,0,9,24,2,24,24,0,0,6,16,sorry
20.67998743057251,-1,-8,-6,-5,-11,-7,6,1,11,15,-4,-10,7,8,sorry
20.69618821144104,0,-11,-4,-11,-14,-17,-7,1,11,5,4,3,8,11,sorry
20.69718766212464,15,5,1,-5,-1,-9,-8,-3,17,2,13,23,12,13,sorry
20.69718766212464,11,14,0,-9,0,-6,-12,-6,9,0,11,21,12,0,sorry
20.71154379844665,-1,7,0,-19,-8,-12,-19,2,0,-6,4,8,3,-14,sorry
20.71154379844665,-6,1,-10,-16,0,-5,-16,6,-12,-10,1,-5,-6,-19,sorry
20.72708225250244,-6,1,-1,-6,11,6,-9,1,-27,-20,0,-11,-12,-16,sorry
20.72708225250244,0,8,9,9,9,7,-4,0,-17,-16,3,-1,-7,-4,sorry
20.74269819259644,7,14,6,28,6,4,2,3,0,4,-2,0,-5,1,sorry
20.75829577445984,-6,7,3,20,8,11,12,1,-5,2,-24,-13,-16,-7,sorry
20.75829577445984,-28,-9,-15,4,3,14,18,0,-7,-5,-18,-24,-14,-9,sorry
20.75829577445984,-21,-15,-8,0,-4,11,19,0,4,13,0,-21,2,5,sorry
20.773940324783325,-4,-10,-1,1,0,8,20,-1,12,27,-10,-18,0,8,sorry
20.773940324783325,0,-6,-5,1,3,2,20,-1,18,15,-15,-12,-2,3,sorry
20.789061069488525,0,-10,3,-6,-6,-3,13,1,19,14,9,-1,10,8,sorry
20.80521774291992,-10,-21,-12,-21,-15,-5,5,-3,5,12,4,-11,7,3,sorry
20.80521774291992,-10,-18,-9,-22,-9,0,5,-6,0,-2,-16,-15,-8,-6,sorry
20.82032608985901,1,-2,7,-5,-4,3,7,0,15,5,0,2,1,0,sorry
20.82032608985901,1,-4,-2,-3,-6,-3,-6,-1,20,13,6,5,8,1,sorry
20.836237907409668,-6,-9,-1,-16,-2,-8,-16,-8,1,-10,-22,-1,-7,-8,sorry
20.836237907409668,0,0,-5,-17,3,-3,-3,-4,0,-17,-18,6,-3,-5,sorry
20.836237907409668,7,8,-2,-10,2,-2,-6,0,5,-2,3,15,6,-1,sorry
20.853020191192627,5,14,12,-3,0,-3,-27,-1,-5,-4,3,17,-1,-7,sorry
20.853020191192627,12,23,11,5,7,0,-22,-3,-10,-11,11,28,0,0,sorry
20.8681321144104,23,24,16,12,11,-1,-10,0,-5,-11,25,33,5,14,sil
20.884190797805783,19,16,6,18,8,-9,-12,0,-10,-8,23,20,3,8,sil
20.884190797805783,10,11,7,16,3,-12,-11,3,-9,0,21,13,6,2,sil
20.884190797805783,9,7,14,4,0,-10,-6,7,0,0,20,13,10,4,sil
20.90124797821045,2,1,-6,5,-4,-12,-13,1,-14,-14,3,-1,2,-2,sil
20.90124797821045,-4,0,-2,13,-7,-6,-8,0,-32,-17,-11,-9,-2,-13,sil
20.917768478393555,-6,-3,0,7,-3,13,13,4,-10,-4,-5,-7,0,-6,sil
20.92999267578125,-8,-8,-8,0,1,22,22,3,2,-2,-3,-18,-3,0,sil
20.92999267578125,-11,-9,-4,1,1,10,13,2,-10,-5,-17,-24,-12,-7,sil
20.945125579833984,-5,-7,-7,2,0,2,12,0,-5,1,-19,-19,-11,-2,sil
20.945125579833984,-2,-3,0,0,0,11,13,0,2,2,-8,-14,-6,8,sil
20.960073709487915,-9,-3,-5,4,1,11,10,2,0,2,3,-10,-1,5,sil
20.960073709487915,-11,-11,-12,1,1,7,14,0,10,8,5,-6,1,1,sil
20.975122928619385,-3,-13,2,-5,0,12,14,-4,22,18,0,-5,1,4,sil
20.975122928619385,1,-5,0,1,0,0,1,-1,14,27,0,0,1,11,sil
20.99143385887146,1,-1,4,7,-2,-12,-5,0,7,23,3,5,2,10,sil
20.99143385887146,0,-7,-2,1,-2,-4,-1,-3,14,12,-1,1,0,1,sil
21.006441354751587,3,-7,-9,-3,-3,3,-1,0,17,12,-9,1,-4,-2,sil
21.006441354751587,7,2,5,-7,-6,-2,-3,5,5,8,-9,5,-7,0,sil
21.022322416305546,2,3,1,-10,-3,-9,0,-6,-3,-4,-5,3,-1,0,sil
21.022322416305546,0,3,0,-12,-1,-4,2,-14,-1,-13,-3,3,5,0,sil
21.03835701942444,1,8,-1,-13,-3,-1,2,-1,2,-10,-1,6,7,-3,sil
21.03835701942444,0,4,-9,-15,-4,-11,-3,4,3,-6,1,3,4,-7,sil
21.053601264953613,0,4,2,-12,0,-15,-11,0,-2,-6,9,7,7,-5,sil
21.053601264953613,0,9,-2,-8,2,-6,-12,-1,-9,-4,17,9,14,-4,sil
21.069215774536133,-2,4,-1,-13,-1,-6,-20,1,-12,-14,9,0,0,-12,sil
21.069215774536133,-3,1,3,-7,0,-7,-24,4,-15,-26,-2,-1,-16,-16,sil
21.08506870269776,0,11,3,9,9,5,-7,6,-13,-19,0,2,-10,-10,sil
21.08506870269776,4,17,16,20,15,16,3,6,-1,-1,5,4,0,3,sil
21.10050392150879,9,9,8,27,12,10,0,1,6,7,7,-2,1,15,sil
21.10050392150879,1,0,6,25,5,2,-1,-1,-6,0,0,-8,0,9,sil
21.11606192588806,-14,-7,1,14,1,7,5,0,-11,-3,-10,-9,-3,-2,sil
21.11606192588806,-10,-10,-12,14,4,12,12,-1,5,6,-11,-10,0,1,sil
21.131908178329468,0,-10,0,10,0,11,14,-1,5,17,-8,-10,0,5,sil
21.131908178329468,-6,-10,-4,-5,-7,7,23,-1,-1,19,-7,-7,0,6,sil
21.14794445037841,0,-6,-2,-7,-1,4,26,-1,8,15,0,10,10,16,sil
21.14794445037841,17,-3,10,0,2,-2,7,-1,10,2,8,20,15,12,sil
21.163992881774902,11,-4,-3,-11,-13,-17,-15,-3,-2,-8,3,5,0,-5,sil
21.163992881774902,1,0,-2,-29,-22,-21,-19,-1,3,-7,5,3,-4,-8,sil
21.179441690444943,3,4,-3,-17,-3,-12,-9,0,17,3,19,13,3,-4,sil
21.179441690444943,4,6,0,9,10,-6,-6,0,4,0,13,9,-2,-7,sil
21.195172548294067,6,9,12,21,10,1,-5,1,-11,-2,2,4,-7,-2,sil
21.195172548294067,7,5,0,12,9,12,5,4,-12,5,4,1,1,8,sil
21.211267232894897,-3,-7,-5,-5,-2,10,13,0,-16,2,-10,-10,0,6,sil
21.211267232894897,-18,-16,-12,-16,-17,0,6,-4,-13,-6,-26,-21,-9,1,sil
21.22705101966858,-10,-16,-7,-11,-10,1,-5,0,6,0,-17,-15,-5,0,sil
21.22705101966858,5,-5,5,-1,2,2,0,2,25,11,-4,0,6,2,sil
21.242184162139893,9,3,-4,-1,4,-3,6,2,28,2,0,7,7,6,sil
21.242184162139893,2,13,-1,-6,3,-8,-7,1,12,-14,3,4,-4,-4,sil
21.25773358345032,-4,16,-4,3,3,-9,-21,-2,-7,-21,2,-4,-11,-23,sil
21.25773358345032,-3,13,-4,9,0,-13,-16,-1,-21,-21,5,-5,-10,-17,sil
21.27379488945008,3,11,12,7,2,-2,-2,6,-16,-8,11,1,-7,-2,sil
21.27379488945008,-3,4,1,12,8,14,4,1,-5,6,1,-1,-6,-5,sil
21.289427757263184,-20,-5,-2,5,2,11,-1,-5,-12,2,-16,-18,-12,-13,sil
21.289427757263184,-17,-7,0,-1,0,1,-1,0,-13,0,-11,-21,-4,-6,sil
21.304523944854736,0,-3,3,8,10,11,17,3,8,17,6,0,20,12,sil
21.304523944854736,8,0,14,15,11,25,31,5,26,31,13,18,28,26,sil
21.320142030715942,1,-5,-1,-1,-9,9,20,0,18,17,0,6,10,15,sil
21.320142030715942,-15,-17,-12,-27,-23,-14,-1,-10,-2,-12,-27,-17,-9,-8,sil
21.335171461105347,-14,-18,-13,-36,-19,-16,-12,-7,-17,-19,-26,-12,-11,-10,sil
21.335171461105347,8,-4,-6,-21,-17,-12,-10,1,-6,0,4,14,3,8,sil
21.35221004486084,18,3,11,-8,-10,-7,-3,3,10,10,20,25,19,15,sil
21.35221004486084,11,3,4,-2,6,1,6,0,12,6,17,14,18,6,sil
21.366702795028687,11,8,7,2,10,-2,0,-1,-2,-1,13,10,2,0,sil
21.366702795028687,14,11,7,2,5,-16,-23,-1,-14,-13,13,16,-7,-4,sil
21.38227844238281,15,8,3,6,7,-13,-22,1,-11,-13,18,14,-1,1,sil
21.38227844238281,12,10,19,20,7,0,-4,5,-8,-2,20,7,4,10,sil
21.39838147163391,0,7,5,25,9,6,0,2,-5,-1,8,0,0,5,sil
21.39838147163391,-1,6,-1,28,19,13,0,0,4,-6,-1,2,-7,-3,sil
21.4143660068512,1,10,2,36,23,22,17,0,17,3,-5,4,-5,0,sil
21.42991614341736,-13,-2,-13,22,12,23,25,1,11,14,-18,-16,-3,-2,sil
21.42991614341736,-24,-18,-11,-6,0,17,16,4,2,9,-29,-30,-13,-15,sil
21.42991614341736,-13,-14,-11,-15,-7,1,14,1,14,2,-23,-24,-16,-14,sil
21.44399666786194,-7,-8,-8,-18,-15,-12,5,-7,13,-1,-20,-19,-8,-4,sil
21.461185693740845,-8,-12,-7,-23,-24,-14,-10,-7,-1,-4,-19,-10,-1,-2,sil
21.461185693740845,2,-9,-11,-20,-21,-16,-10,0,-1,4,-2,4,6,0,sil
21.461185693740845,10,-1,2,-20,-10,-19,-8,1,0,3,8,7,10,0,sil
21.47672390937805,0,-4,-3,-25,-5,-17,-14,-3,-11,-13,8,1,0,-6,sil
21.47672390937805,-1,0,-2,-18,-4,-9,-16,-2,-9,-15,14,7,-4,-6,sil
21.49039483070373,12,19,20,6,7,5,-7,3,1,4,25,20,4,0,sil
21.5059654712677,14,27,15,27,19,9,0,-2,-3,10,29,13,7,8,sil
21.5059654712677,-2,12,10,18,12,3,-5,-6,-22,-4,8,-1,-3,2,sil
21.5059654712677,-14,0,-1,6,1,8,-6,2,-22,-9,-6,-6,-6,-4,sil
21.52403569221497,-9,3,0,14,1,17,6,5,-5,0,0,-5,0,6,sil
21.52403569221497,0,8,8,18,6,13,19,1,7,9,-1,-4,1,14,sil
21.540093421936035,1,-4,-6,10,0,2,19,2,4,7,-21,-5,1,8,sil
21.540093421936035,0,-13,-6,2,-13,1,14,4,-7,-2,-23,-4,0,10,sil
21.55458116531372,2,-11,-9,-4,-11,2,15,-2,1,0,-6,-1,2,14,sil
21.570236444473267,7,-11,-7,-14,-1,-4,9,-1,18,7,0,6,8,7,sil
21.570236444473267,5,-10,7,-21,-3,-8,0,8,22,10,0,7,13,5,sil
21.587645530700684,0,-4,-5,-21,-5,-8,-5,3,21,11,3,0,13,4,sil
21.587645530700684,1,0,-1,-17,-2,-6,-13,-3,17,1,1,3,5,-6,sil
21.587645530700684,5,0,1,-10,-1,-9,-22,0,3,-13,0,8,-2,-17,sil
21.601411819458008,-3,0,-2,-7,0,-12,-26,0,-12,-20,0,0,-10,-25,sil
21.601411819458008,-11,1,10,-1,0,-4,-23,-6,-26,-23,-1,-6,-19,-28,sil
21.615976333618164,-4,4,4,13,2,9,-5,-5,-25,-16,-2,-6,-16,-15,sil
21.630913734436035,-3,4,1,20,13,17,9,-3,-14,-6,-3,-5,-8,-8,sil
21.630913734436035,-12,3,-1,17,19,17,12,-2,-1,9,1,-5,-2,-2,sil
21.64701795578003,-5,1,0,20,13,14,22,6,23,41,21,0,19,23,sil
21.64701795578003,9,0,9,18,3,9,28,11,38,48,24,9,33,30,sil
21.662452936172485,6,-8,-12,-7,-4,-8,2,-2,15,10,-5,0,8,4,sil
21.662452936172485,0,-10,-10,-31,-15,-27,-25,-9,-8,-16,-21,-7,-12,-1,sil
21.67803955078125,13,3,6,-17,-9,-20,-22,1,0,-6,7,18,1,7,sil
21.67803955078125,25,21,6,13,5,-6,-15,9,-2,-2,32,35,6,4,sil
21.69399189949036,14,24,11,19,6,-4,-13,4,-26,-18,19,15,-18,0,sil
21.69399189949036,-5,12,2,4,1,-2,1,-2,-31,-23,0,-9,-32,-1,sil
21.711317777633667,-8,7,1,0,2,1,12,-1,-19,-17,-5,-6,-34,-8,sil
21.711317777633667,-3,7,5,13,3,9,13,5,-3,-7,-5,0,-48,-10,sil
21.711317777633667,-9,-3,-11,12,0,18,15,3,7,1,-9,-9,-19,-1,sil
21.72828364372253,-13,-15,-5,-4,1,19,17,0,16,6,-13,-17,65,3,sil
21.72828364372253,-8,-12,-2,-2,3,5,18,0,24,13,-12,-16,87,0,sil
21.741570472717285,-8,-11,-3,0,-9,-8,7,-2,9,5,-25,-20,5,-9,sil
21.75814390182495,-16,-16,-8,-12,-21,-7,-4,-6,-16,-10,-38,-22,-37,-14,sil
21.75814390182495,-14,-17,-15,-15,-12,0,-1,-7,-11,-1,-17,-10,-3,-2,sil
21.77257776260376,0,-8,2,-6,-2,5,4,-1,-2,9,0,0,5,8,sil
21.77257776260376,9,-1,2,0,-1,7,1,0,0,0,-4,0,-6,8,sil
21.79049754142761,16,1,7,-1,-3,4,1,0,22,8,4,12,8,15,sil
21.79049754142761,21,5,13,-3,0,-3,3,4,40,32,27,30,26,27,sil
21.79049754142761,11,-3,-7,-9,4,-10,-4,1,19,19,25,17,14,18,sil
21.807180166244507,0,-7,-4,-21,2,-11,-19,0,0,-5,13,2,-2,-1,sil
21.807180166244507,4,7,0,-18,0,-13,-22,0,4,-5,16,12,0,-7,sil
21.823156118392944,3,14,-1,-1,0,-11,-20,1,-11,-12,16,14,-2,-8,sil
21.823156118392944,-4,7,4,3,4,0,-18,0,-36,-26,9,0,-11,-20,sil
21.836504220962524,-2,8,-1,4,7,2,-8,-2,-32,-16,7,-2,-11,-19,sil
21.85305428504944,0,9,8,5,6,1,-6,-6,-27,-10,-2,0,-17,-11,sil
21.85305428504944,-9,1,2,12,7,6,-7,-1,-26,-13,-11,-14,-18,-12,sil
21.869080543518063,-7,7,2,28,9,12,11,8,-8,0,-6,-12,-3,0,sil
21.869080543518063,4,12,18,35,9,19,32,9,10,22,0,6,3,17,sil
21.869080543518063,6,-5,0,21,7,18,30,0,19,27,-3,-1,3,21,sil
21.8839750289917,0,-14,-4,1,0,6,16,-2,27,17,-16,-18,7,16,sil
21.902076482772827,-5,-8,-4,-7,-6,-5,10,1,30,12,-12,-8,14,5,sil
21.902076482772827,0,-8,-9,-15,-13,-11,4,-1,25,14,3,7,13,2,sil
21.90307712554932,7,-8,1,-16,-17,-16,-8,-3,20,8,11,12,11,9,sil
21.9171199798584,4,-1,-3,-11,-13,-22,-22,-2,9,-10,0,8,1,-1,sil
21.93040704727173,-4,3,-3,-20,-6,-21,-25,-1,-11,-32,-14,0,-15,-28,sil
21.93040704727173,-6,3,-5,-29,-4,-12,-17,-3,-21,-35,0,0,-12,-24,sil
21.9457426071167,3,7,-2,-8,0,-8,-13,-2,-16,-21,22,11,2,-4,sil
21.9457426071167,8,16,17,17,7,-5,-11,2,-16,-18,6,8,-3,-9,sil
21.96172022819519,-3,11,5,21,8,0,-2,2,-15,-14,-6,-8,-13,-14,sil
21.96172022819519,-12,-2,-2,14,4,10,7,0,-9,0,1,-9,-4,0,sil
21.97728133201599,-12,-6,-5,10,3,21,11,0,-7,8,-2,-7,-2,3,sil
21.97728133201599,-15,-5,-11,2,5,24,10,2,-6,4,-22,-21,-13,-3,sil
21.993241548538208,-11,-3,0,0,6,20,14,3,1,7,-22,-15,-12,1,sil
21.993241548538208,1,-1,-2,6,2,13,22,0,11,18,-7,2,1,17,sil
22.009515047073364,10,-3,2,9,1,8,21,0,19,23,0,5,8,22,sil
22.009515047073364,13,-2,8,11,8,8,15,2,22,20,7,3,16,16,sil
22.02605438232422,16,0,-2,11,4,5,11,7,12,17,8,7,19,16,sil
22.02605438232422,12,-1,7,0,-6,6,6,2,9,17,1,7,7,17,sil
22.02605438232422,3,-7,2,-9,-4,1,5,-5,13,9,0,-1,4,5,sil
22.040207147598267,0,0,0,-7,0,-14,-3,-3,-8,-7,0,1,6,-5,sil
22.056480169296265,1,5,0,-3,-9,-16,-17,1,-27,-12,3,7,4,-6,sil
22.056480169296265,-2,-4,-13,-18,-12,-8,-15,0,-9,-12,2,0,2,-6,sil
22.07219934463501,-6,-10,-1,-34,-5,-12,-6,0,-8,-12,0,-5,1,-8,sil
22.07219934463501,-2,0,3,-18,0,-12,-4,1,-27,-2,3,1,5,-3,sil
22.087795972824097,-3,5,2,2,0,-4,-8,-2,-22,-6,5,1,1,-4,sil
22.087795972824097,-11,-3,-2,-5,-1,-7,-13,-2,2,-18,0,-8,-17,-16,sil
22.109352111816406,-10,-7,-16,-10,-4,-11,-16,-1,24,-1,1,-9,-22,-16,sil
22.109352111816406,-2,1,-2,2,-3,0,-13,-2,25,13,2,0,-8,-5,sil
22.109352111816406,1,5,2,3,0,0,-10,-3,9,2,0,3,0,0,sil
22.11818218231201,8,1,2,-4,0,-7,-10,2,3,-6,10,8,3,5,sil
22.133696794509888,15,8,9,4,-1,-3,-2,5,19,2,20,17,11,14,sil
22.133696794509888,4,10,0,12,0,0,5,-3,13,8,5,5,8,7,sil
22.149221658706665,-6,3,5,0,-2,0,-2,-6,-14,-7,-11,-7,-5,-9,sil
22.149221658706665,2,3,5,6,4,0,-6,0,-12,-10,0,0,-4,-8,sil
22.16491198539734,10,8,6,20,16,3,-2,3,-3,0,6,11,2,3,sorry
22.16491198539734,1,7,7,8,10,5,-4,1,-15,-4,-8,6,-1,0,sorry
22.180169343948364,0,1,-6,3,3,4,1,-1,-15,-11,-12,-2,-2,0,sorry
22.180169343948364,9,7,10,17,10,7,25,0,1,4,-2,6,6,11,sorry
22.19518780708313,10,11,14,20,10,10,39,8,12,18,3,18,11,15,sorry
22.19518780708313,2,0,0,6,0,12,34,6,6,2,-4,0,2,5,sorry
22.210685968399048,-8,-9,-2,-1,-1,18,28,0,-3,-13,-21,-25,-7,-5,sorry
22.210685968399048,-19,-19,-18,-19,-4,12,14,0,1,-4,-24,-23,-8,-7,sorry
22.22636651992798,-20,-27,-16,-29,-12,-1,-5,1,6,5,-11,-13,-11,-7,sorry
22.22636651992798,-13,-16,-8,-3,-7,0,-3,0,2,8,3,-19,-10,-10,sorry
22.24100685119629,-8,0,-7,10,2,10,0,-1,10,18,10,-15,0,-7,sorry
22.25614356994629,-4,0,0,0,-1,1,-18,-1,6,4,0,-6,-8,-10,sorry
22.25614356994629,0,0,-4,7,-2,-11,-28,-7,-21,-26,-9,-6,-17,-10,sorry
22.25614356994629,3,7,6,13,3,-8,-17,-5,-31,-23,1,3,2,6,sorry
22.27225422859192,0,6,4,-1,1,-1,-7,0,-9,7,18,15,20,14,sorry
22.27225422859192,-2,1,-11,-7,-1,-7,-6,1,7,20,8,4,10,0,sorry
22.287341833114624,1,2,2,-2,0,-11,-7,0,11,11,-6,1,0,0,sorry
22.287341833114624,11,0,2,2,-5,-4,0,1,9,1,-1,8,5,11,sorry
22.30306839942932,10,-6,4,0,-10,1,7,3,-5,-7,1,8,7,7,sorry
22.31919550895691,-2,-9,2,-14,-8,-2,0,0,-17,-9,0,4,0,-3,sorry
22.31919550895691,-6,-6,-6,-20,-5,-14,-6,-5,-8,-8,6,4,0,-1,sorry
22.3352370262146,8,6,11,-1,0,-11,-2,-2,9,4,15,6,11,8,sorry
22.3352370262146,16,14,6,8,9,-1,2,4,21,27,14,7,19,11,sorry
22.3352370262146,9,6,-2,-5,10,0,0,1,12,25,10,11,7,5,sorry
22.350345373153687,4,1,3,-13,1,0,-1,-3,0,-2,3,6,-6,-1,sorry
22.350345373153687,7,8,0,-3,0,8,4,1,0,-16,-4,0,-7,-1,sorry
22.36739206314087,11,11,11,0,6,9,14,8,6,-8,0,6,0,5,sorry
22.36739206314087,3,4,3,-4,9,1,8,1,5,-2,0,5,-2,5,sorry
22.38201069831848,-3,3,-2,-3,0,-2,0,-3,14,-3,-12,-8,-7,-2,sorry
22.38201069831848,0,7,0,3,0,-1,10,3,31,4,-9,-2,1,0,sorry
22.397028923034668,-3,-7,-9,4,0,-2,16,2,22,13,3,0,3,1,sorry
22.41319489479065,-18,-17,-3,-3,-7,0,-2,-5,-5,-2,-7,-17,-12,-10,sorry
22.41319489479065,-13,-4,-4,1,-2,4,-18,-5,-16,-17,-13,-15,-10,-14,sorry
22.430683135986328,0,0,-1,11,3,-1,-25,-3,-22,-17,7,2,3,-4,sorry
22.430683135986328,-5,-10,1,4,-7,-5,-23,-3,-31,-18,6,-1,0,-12,sorry
22.430683135986328,-26,-18,-16,-6,-12,0,-5,-3,-23,-18,-21,-23,-17,-29,sorry
22.4443588256836,-26,-11,-4,-3,-3,2,0,0,-14,-7,-18,-21,-20,-27,sorry
22.459991455078125,-5,4,4,16,0,4,0,6,-4,14,17,5,3,0,sorry
22.459991455078125,7,11,1,22,2,5,13,5,1,28,23,20,18,18,sorry
22.47807550430298,4,3,5,8,6,4,9,-1,-6,12,-1,3,0,5,sorry
22.47807550430298,3,0,-2,7,6,0,-3,0,-15,-9,-2,-6,-5,2,sorry
22.47807550430298,21,17,10,20,7,3,3,6,-2,-6,12,18,11,22,sorry
22.49151539802552,32,19,14,19,8,6,13,3,17,7,14,32,17,23,sorry
22.507054328918457,19,1,3,1,0,3,0,0,17,5,2,13,9,8,sorry
22.507054328918457,6,-7,1,-9,-4,1,0,3,2,0,-5,-3,2,5,sorry
22.521043062210083,3,-4,-8,-9,0,0,12,0,4,8,0,-7,0,10,sorry
22.521043062210083,-2,1,1,-1,1,1,4,-4,15,15,0,-4,0,9,sorry
22.536556720733643,-8,5,4,4,7,4,-4,-1,7,9,-5,-4,0,3,sorry
22.536556720733643,-2,0,-1,-2,9,1,3,-1,-2,0,-9,-7,0,0,sorry
22.552107572555546,-6,-8,1,-14,-5,-3,7,0,-7,-15,-10,-7,-12,-11,sorry
22.552107572555546,-25,-16,-18,-16,-17,-9,-6,-3,-18,-34,-24,-17,-29,-29,sorry
22.5681266784668,-25,-15,-16,-19,-10,-11,-13,-2,-19,-30,-36,-31,-35,-33,sorry
22.5681266784668,-13,-6,-5,-21,-3,-3,0,2,6,4,-18,-21,-12,-14,sorry
22.583919763565063,-10,-5,-11,-16,-6,1,11,4,23,28,6,-3,14,5,sorry
22.583919763565063,-4,-5,-6,-15,-9,0,1,1,14,20,8,6,16,10,sorry
22.599605321884155,0,1,-4,-9,-1,-4,-4,-4,6,10,3,7,7,4,sorry
22.599605321884155,3,7,10,2,8,0,-2,-4,11,7,7,8,4,1,sorry
22.615244150161743,15,8,15,7,9,-1,0,1,22,13,19,16,15,8,sorry
22.615244150161743,21,2,4,-1,0,-13,-4,2,16,16,22,19,21,11,sorry
22.63136124610901,13,-1,15,-6,-6,-13,-11,1,4,3,12,15,12,6,sorry
22.63136124610901,17,4,7,7,0,0,-3,6,13,0,18,15,12,12,sorry
22.646515607833862,24,15,2,15,1,1,2,5,11,4,31,17,21,14,sorry
22.646515607833862,12,12,7,7,-3,-4,-3,-2,-17,-2,20,8,15,0,sorry
22.661747694015503,5,4,3,8,0,1,-7,-4,-36,-19,3,4,0,0,sorry
22.661747694015503,7,7,11,17,8,13,3,0,-32,-25,0,11,-5,9,sorry
22.677430152893063,0,11,-4,17,11,12,9,-4,-24,-19,-5,2,-8,0,sorry
22.677430152893063,-13,5,-10,14,11,4,-4,-3,-21,-19,-16,-12,-19,-22,sorry
22.692991495132446,-14,-5,1,11,7,2,-15,5,-16,-21,-14,-15,-29,-30,sorry
22.692991495132446,-12,-11,-8,1,0,1,-3,0,-1,-16,-13,-15,-24,-13,sorry
22.7092080116272,-12,-9,-6,-7,-1,2,0,-6,-1,-12,-20,-13,-16,-4,sorry
22.7092080116272,-10,-10,-8,-4,-1,6,0,-1,-7,-3,-12,-7,-10,-6,sorry
22.72493577003479,-6,-8,-2,0,-4,5,12,4,4,15,1,-1,0,3,sil
22.72493577003479,-5,2,3,-1,-2,1,20,2,17,26,4,3,10,14,sil
22.74099588394165,-3,1,-6,-4,-2,-1,4,0,15,18,0,0,8,5,sil
22.74099588394165,-3,-4,1,-5,-7,-4,-13,0,8,1,-11,-9,-4,-9,sil
22.757100105285645,-12,-3,-5,-1,-3,-5,-11,1,7,0,-19,-19,-11,-11,sil
22.757100105285645,-10,0,-11,-3,3,-2,0,2,11,9,-13,-13,-6,-4,sil
22.77230429649353,0,-2,4,-9,0,0,4,0,6,9,-5,0,1,-1,sil
22.77230429649353,-1,-8,-4,-6,-4,-2,-1,-6,-5,1,2,0,8,0,sil
22.78790855407715,0,0,2,0,-5,-4,-2,0,-3,5,10,4,9,7,sil
22.78790855407715,17,12,11,12,3,5,1,5,10,16,15,17,11,12,sil
22.804007291793823,16,5,2,13,10,15,6,0,1,9,8,3,4,6,sil
22.804007291793823,0,-7,-1,-8,0,4,10,-4,-15,-9,-11,-21,-13,-5,sil
22.820300579071045,-2,-3,-8,-12,-11,-8,17,0,2,-10,-17,-15,-10,-1,sil
22.820300579071045,13,6,8,6,0,0,21,9,27,8,8,9,17,18,sil
22.835769653320312,18,3,11,7,12,8,20,6,15,18,25,17,34,24,sil
22.835769653320312,5,-2,0,-7,4,-4,4,-7,-7,1,8,11,22,10,sil
22.85137438774109,0,-1,5,-12,-6,-10,-15,-8,-4,-9,1,13,6,4,sil
22.85137438774109,-1,0,-3,-12,-5,-5,-20,-2,3,-3,7,10,2,0,sil
22.8672137260437,-7,-1,-1,-14,-4,-7,-15,0,-3,-5,-3,0,-3,-12,sil
22.8672137260437,-4,-2,-1,-14,-8,-9,-11,-1,-3,-8,-2,0,-4,-8,sil
22.88294076919556,4,-4,-7,-11,-7,-10,-17,0,-1,-3,13,3,0,0,sil
22.88294076919556,2,0,1,0,-4,-4,-24,0,-10,-9,9,3,-1,-5,sil
22.89903330802917,0,5,-4,14,1,3,-13,0,-11,-11,5,3,-4,-5,sil
22.89903330802917,1,7,4,9,8,5,2,5,-5,-10,15,9,-1,0,sil
22.91439437866211,2,8,9,5,11,4,8,9,0,-3,9,7,-4,-5,sil
22.91439437866211,0,9,-2,20,15,6,9,8,15,9,-1,-1,-13,-8,sil
22.929919719696045,-2,11,6,30,17,3,9,4,17,7,-5,-3,-16,-4,sil
22.929919719696045,-4,1,-3,17,5,-1,3,-7,-8,-11,-11,-6,-14,-11,sil
22.94594359397888,-9,-8,-6,-1,-8,1,-7,-11,-30,-18,-20,-13,-19,-15,sil
22.94594359397888,-13,-5,3,4,-6,4,-4,-2,-23,-10,-28,-18,-21,-1,sil
22.96134996414185,-8,-3,-5,10,-1,2,12,0,-11,-9,-31,-18,-13,6,sil
22.96134996414185,-2,-8,-4,-9,-9,6,22,-1,-1,0,-22,-11,-2,2,sil
22.97731852531433,-4,-4,-9,-17,-9,8,17,1,16,22,-3,-7,10,4,sil
22.97731852531433,-2,1,-4,-6,-1,0,4,1,22,25,3,-6,18,8,sil
22.992263555526733,10,1,11,-6,0,-5,-3,-1,12,7,11,7,16,4,sil
22.992263555526733,19,5,7,-8,2,-6,-6,0,1,-1,21,21,15,5,sil
23.00766158103943,13,10,6,-1,3,-9,-15,1,-7,-1,19,14,15,5,sil
23.00766158103943,0,4,0,10,7,-5,-16,0,-8,1,17,0,8,-5,sil
23.023701906204224,-4,0,5,16,6,5,-8,1,-10,7,15,-1,0,-7,sil
23.023701906204224,-10,-2,4,1,-1,11,-2,1,-14,5,4,0,-1,5,sil
23.03930974006653,-17,-20,-16,-10,-4,5,4,-3,-1,5,-6,-9,0,8,sil
23.03930974006653,-9,-27,-3,-6,-2,6,15,-3,16,13,-13,-11,0,0,sil
23.05457639694214,2,-13,-3,-8,-8,3,16,-2,18,17,-12,-3,5,2,sil
23.05457639694214,11,0,-12,-20,-14,-5,6,1,18,4,-1,7,10,10,sil
23.07025599479676,19,6,7,-13,-4,-6,-2,7,23,-3,13,24,12,8,sil
23.07025599479676,14,9,4,-4,3,-9,-10,0,15,-4,18,26,8,2,sil
23.08593201637268,4,10,1,-8,-2,-17,-18,-1,-2,-13,8,12,-3,-3,sil
23.08593201637268,5,15,1,0,2,-6,-6,5,-2,-18,4,0,-12,-11,sil
23.1019504070282,6,19,5,22,19,15,11,4,1,-10,-3,-5,-13,-8,sil
23.1019504070282,-5,9,9,23,15,17,12,-2,-12,-4,-19,-15,-19,-3,sil
23.11755990982056,-18,-6,-11,5,0,0,6,-1,-25,-5,-24,-25,-21,-4,sil
23.11755990982056,-16,-13,-6,-3,-6,1,9,2,-12,-1,-19,-18,-9,-2,sil
23.133384466171265,-9,-11,2,0,-3,9,12,0,6,10,-8,-3,4,1,sil
23.133384466171265,-11,-6,-1,-5,-4,-3,0,-6,2,8,-6,-4,0,0,sil
23.14945077896118,-8,-2,1,-13,-1,-14,-18,-6,-15,-13,-11,-5,-8,-7,sil
23.14945077896118,8,4,1,-2,0,-12,-23,-3,-14,-16,4,6,3,-6,sil
23.16492795944214,20,16,16,8,0,-11,-16,-1,-1,-1,29,24,17,4,sil
23.16492795944214,18,19,14,7,4,-8,-16,-4,1,-1,34,30,16,8,sil
23.1809766292572,10,7,-4,3,5,-3,-20,-3,-2,-5,28,19,10,0,sil
23.1809766292572,0,0,0,1,-4,1,-10,5,-6,6,16,3,4,-3,sil
23.196518421173096,-3,-2,-6,9,0,13,14,11,0,15,0,-7,3,6,sil
23.196518421173096,-3,-4,-2,19,13,19,27,5,7,6,-10,-13,2,9,sil
23.21208429336548,-16,-13,-6,6,4,10,23,1,11,0,-18,-19,-7,-6,sil
23.21208429336548,-23,-24,-21,-15,-9,6,19,2,12,5,-30,-30,-22,-14,sil
23.22758841514588,-8,-17,-3,-13,-8,10,17,1,9,11,-27,-24,-19,0,sil
23.22758841514588,0,-6,0,2,-8,0,8,-5,7,9,-6,-3,-4,12,sil
23.242905139923096,1,-3,0,-10,-12,-11,-4,-7,0,-5,0,10,0,6,sil
23.242905139923096,5,-2,0,-28,-8,-11,-4,-5,-5,-11,-2,7,7,-7,sil
23.25803565979004,5,1,-9,-19,-5,-10,-5,-6,-12,-11,5,7,14,-8,sil
23.25803565979004,3,11,5,0,-3,-10,-22,-2,-19,-19,17,19,7,-5,sil
23.273486137390137,11,25,11,16,10,0,-19,3,-5,-6,24,24,9,0,sil
23.273486137390137,18,27,16,25,20,4,-4,4,5,13,22,21,15,10,sil
23.2891685962677,2,14,14,21,14,4,-7,1,-11,2,4,4,-2,8,sil
23.290173530578613,-16,0,-8,11,12,13,-1,1,-18,-7,-15,-23,-24,-6,sil
23.304431438446045,-15,-9,-4,3,13,21,15,3,0,3,-18,-29,-20,-12,sil
23.304431438446045,-10,-15,-8,-3,0,7,17,3,14,22,-6,-10,0,0,sil
23.320480346679688,0,-11,-9,-7,-13,-3,14,5,27,35,5,0,17,18,sil
23.320480346679688,17,-2,7,-5,-2,6,23,6,46,36,9,1,25,28,sil
23.33530211448669,19,-2,-4,-4,5,0,18,-1,46,26,4,1,20,25,sil
23.33530211448669,11,1,-4,-12,-6,-17,-2,-8,19,6,-4,6,10,9,sil
23.35213589668274,8,2,4,-18,-16,-20,-9,-5,-2,-16,-10,9,-2,-3,sil
23.35213589668274,2,-1,4,-17,-12,-16,-11,-1,-12,-30,-3,6,-11,-7,sil
23.3682701587677,-5,0,0,-19,-7,-13,-23,-3,-20,-33,6,3,-11,-15,sil
23.3682701587677,-13,0,-6,-17,-7,-14,-33,-6,-34,-34,2,-5,-15,-31,sil
23.382301330566406,-10,-1,5,0,-4,-13,-31,0,-43,-31,-8,-1,-19,-26,sil
23.382301330566406,5,11,4,21,7,-1,-16,5,-29,-16,5,14,-3,0,sil
23.399295330047607,9,18,3,23,10,7,-7,2,-24,-13,19,10,1,4,sil
23.4124436378479,-5,6,10,21,5,7,-4,-3,-28,-15,0,-5,-15,-10,sil
23.4124436378479,-11,-1,-2,35,13,17,14,0,-5,0,-14,-6,-14,-5,sil
23.42921137809753,-5,0,4,37,19,27,32,4,19,15,0,-2,1,11,sil
23.42921137809753,-7,-4,0,20,7,20,24,0,14,20,6,-8,3,7,sil
23.443310737609863,-9,-10,-13,3,-5,9,15,0,9,24,-13,-14,-2,-2,sil
23.443310737609863,-10,-10,-4,-8,-7,5,15,5,10,16,-22,-15,-4,-2,sil
23.459118843078613,-8,-12,-10,-14,-9,2,7,0,11,5,-10,-13,0,0,sil
23.459118843078613,0,-10,-4,-14,-10,4,2,-2,23,15,-2,-3,11,5,sil
23.47429728507996,1,-7,1,-15,-9,1,8,2,29,27,-1,2,16,14,sil
23.47429728507996,1,-6,-4,-12,-11,-9,9,1,19,15,0,2,10,12,sil
23.49035882949829,6,0,4,-9,-8,-7,9,0,13,1,7,11,13,6,sil
23.49035882949829,1,-1,-8,-19,-5,-5,-1,-4,7,-6,13,12,14,0,sil
23.50629162788391,-7,-7,-10,-34,-5,-19,-26,-7,-18,-25,0,-2,-4,-15,sil
23.50629162788391,0,3,-1,-25,1,-21,-27,-1,-25,-28,-4,-4,-9,-17,sil
23.52141094207764,19,20,2,3,10,-10,-11,1,-6,-6,16,14,12,4,sil
23.52141094207764,19,16,14,7,6,-3,-14,0,0,-3,23,25,13,11,sil
23.536940574646,4,2,3,-10,4,-6,-14,0,-3,-4,11,9,-2,-2,sil
23.536940574646,2,4,6,-6,9,-1,-2,0,-8,1,6,-2,-5,0,sil
23.55298614501953,9,7,12,12,10,12,2,0,-7,4,4,-1,0,5,sil
23.55298614501953,4,1,-3,9,6,10,4,2,-3,4,0,0,0,0,sil
23.5684027671814,1,8,6,1,4,-3,4,1,-8,6,3,7,0,1,sil
23.5684027671814,5,17,9,16,4,-3,3,0,-3,7,6,5,2,9,sil
23.584438800811768,5,10,6,21,3,9,3,3,13,5,2,-1,0,7,sil
23.584438800811768,1,2,3,11,3,13,4,1,9,1,-3,1,-3,5,sil
23.60023093223572,2,0,-8,12,6,5,1,-4,-3,-2,-11,-1,-8,0,sil
23.60023093223572,0,0,1,18,5,5,3,1,0,-3,-11,-18,-14,-8,sil
23.61521577835083,-10,-1,-2,19,3,7,15,7,5,-3,-8,-20,-13,-8,sil
23.61521577835083,-12,-7,-5,12,-3,1,11,0,-2,-1,-19,-14,-12,-3,sil
23.631184101104736,-17,-13,2,8,-8,0,-2,-6,-9,0,-24,-17,-14,-3,sil
23.631184101104736,-27,-18,-8,6,-3,3,3,-6,-6,0,-17,-17,-12,-6,sil
23.64674949645996,-20,-13,-4,1,-3,5,13,-2,2,4,-16,-5,-6,-7,sil
23.64674949645996,-5,-3,-6,1,-4,5,6,0,17,16,-4,2,7,-3,sil
23.66264915466309,-6,-6,-9,-7,-4,4,-4,-1,9,10,9,4,14,0,sil
23.66264915466309,-6,-15,-4,-32,-12,0,-13,-4,-5,-8,1,9,1,-2,sil
23.67826700210572,9,-8,-8,-27,-21,-8,-8,0,0,-7,0,14,6,0,sil
23.67826700210572,17,1,2,-13,-18,-10,-1,5,3,-5,7,19,26,4,sil
23.69399642944336,8,-2,-2,-20,-9,-12,-8,1,-5,-11,9,16,20,4,sil
23.69399642944336,11,-1,-2,-23,-7,-18,-17,-3,-6,-8,13,12,3,9,sil
23.71025586128235,17,5,12,-9,-3,-14,-12,-1,-5,-3,17,8,4,3,sil
23.71057677268982,5,5,-5,-1,9,0,-3,0,-6,-5,10,-4,1,-7,sil
23.72526454925537,-3,6,-3,-4,12,7,1,4,3,0,6,-5,-4,-4,sil
23.72526454925537,2,8,5,-7,3,1,8,2,21,9,8,7,2,2,sil
23.74131941795349,7,6,6,-2,0,-10,1,-2,15,3,2,4,3,2,sil
23.74131941795349,2,4,13,3,0,-5,-8,0,-4,0,-2,-5,-5,-2,sil
23.75743079185486,-1,3,-3,4,7,6,-1,-3,-4,2,0,-9,-5,-7,sil
23.75743079185486,-1,5,0,1,14,0,4,-4,-4,-6,0,-10,-10,-10,sil
23.7730519771576,0,11,9,7,9,-7,0,2,-24,-21,0,-8,-13,-7,sil
23.7730519771576,4,12,4,20,11,0,-3,3,-28,-14,5,0,-1,0,sil
23.78806972503662,11,12,15,25,16,6,0,3,-3,3,5,9,8,8,sil
23.78806972503662,3,4,5,19,5,4,0,6,14,18,3,8,6,8,sil
23.80333971977234,-15,-6,-1,11,0,11,2,5,5,9,-1,-2,-6,1,sil
23.80333971977234,-21,-4,-8,11,12,22,5,2,-5,-8,-18,-15,-21,-9,sil
23.819411039352417,-12,-1,-15,11,11,19,5,0,-3,-5,-24,-16,-19,-10,sil
23.819411039352417,0,-2,3,7,1,15,11,-2,3,13,-6,3,-2,7,sil
23.83499264717102,3,-4,0,5,2,10,21,-2,5,19,3,8,7,22,sil
23.83499264717102,-1,-6,0,-3,-2,1,19,-2,3,9,-10,-6,0,12,sil
23.8501844406128,-7,-12,-5,-9,-13,-3,6,-1,2,7,-10,-12,-4,0,sil
23.8501844406128,-9,-13,-17,-6,-16,-4,-3,0,1,5,0,-8,3,0,sil
23.86568021774292,-1,-3,3,-7,-15,-1,-6,-2,4,2,0,-3,11,1,sil
23.86568021774292,10,3,3,-6,-12,-7,-2,-4,18,14,1,5,18,8,sil
23.881223440170288,15,1,-1,-4,-11,-12,-8,0,22,19,6,13,18,13,sil
23.881223440170288,12,-3,0,-5,-9,-3,-5,2,16,9,7,10,13,6,sil
23.896350860595703,13,-3,-8,-6,-7,-3,4,-6,8,-4,5,4,9,-1,sil
23.896350860595703,10,-1,4,-7,-7,-16,-1,-3,-7,-22,-8,2,2,-5,sil
23.912182569503784,0,-3,1,-9,0,-18,-8,2,-11,-22,-6,1,-1,-5,sil
23.912182569503784,-2,-3,-3,-16,0,-12,-4,0,-5,-9,9,0,0,-5,sil
23.927571773529053,-4,-2,0,-21,-6,-7,-5,0,-4,-11,6,-1,1,-10,sil
23.927571773529053,-1,0,-1,-7,4,0,0,4,0,-1,11,11,6,-4,sil
23.943279266357425,4,10,16,6,19,6,10,1,7,11,27,29,10,10,sorry
23.943279266357425,0,10,9,1,7,-3,-1,-1,-1,-5,8,13,-6,0,sorry
23.959959030151367,-8,0,-8,-10,-3,-16,-23,-6,-17,-27,-16,-8,-25,-20,sorry
23.959959030151367,-2,7,0,-6,8,-3,-17,-9,-15,-12,0,1,-11,-15,sorry
23.97504115104676,0,17,2,11,16,14,-3,-3,-3,2,12,2,-2,-2,sorry
23.97504115104676,-9,3,3,12,0,6,-12,4,-12,-16,-14,-18,-24,-13,sorry
23.99010443687439,-17,-10,-11,-3,-8,-7,-19,2,-27,-30,-25,-29,-32,-24,sorry
23.99010443687439,-17,-7,-13,-5,-4,1,-11,0,-24,-14,-21,-21,-20,-12,sorry
24.006189107894897,-11,-1,4,13,-5,14,0,4,-12,1,-27,-15,-18,-3,sorry
24.006189107894897,-3,1,-5,19,-5,16,7,4,-1,5,-16,-10,-10,-1,sorry
24.02231192588806,7,9,7,21,9,21,17,4,18,24,17,5,13,18,sorry
24.02231192588806,20,16,16,38,22,23,22,6,35,39,31,21,28,31,sorry
24.03741788864136,12,8,0,27,17,13,18,5,19,18,6,8,14,10,sorry
24.03741788864136,-6,-2,-1,-1,4,3,11,-2,-2,4,-9,-9,0,-2,sorry
24.054426670074463,-2,-7,-2,0,-1,0,11,-6,2,22,-1,-7,6,6,sorry
24.054426670074463,10,-4,5,13,0,-4,10,1,0,14,-2,0,7,10,sorry
24.069047451019287,3,-2,0,2,0,-5,4,2,-13,-10,0,2,8,9,sorry
24.069047451019287,0,-6,-5,-17,-3,-7,3,-6,3,1,18,1,19,19,sorry
24.085289239883423,7,-6,6,-20,-2,-3,11,-2,30,19,14,-3,20,18,sorry
24.085289239883423,0,-13,-8,-17,-9,-3,13,2,23,7,0,-8,8,4,sorry
24.10135316848755,-12,-23,-14,-42,-21,-8,6,0,7,-1,1,0,2,0,sorry
24.10135316848755,-8,-16,-7,-55,-13,-8,4,0,14,11,10,8,7,0,sorry
24.124908447265625,4,0,-2,-19,0,-7,-1,1,18,10,13,12,12,0,sorry
24.124908447265625,12,3,12,11,0,-13,-15,-1,0,-11,3,19,3,-2,sorry
24.124908447265625,12,11,4,17,2,-9,-19,-4,-13,-21,-4,17,-5,-5,sorry
24.131930589675903,9,19,3,18,0,0,-22,-7,-21,-21,-8,8,-8,-10,sorry
24.147950410842896,-6,-1,0,2,-16,-9,-33,-8,-29,-33,-10,0,-12,-20,sorry
24.147950410842896,-10,-13,-11,-16,-16,-18,-28,-2,-21,-36,-9,0,-16,-18,sorry
24.163992166519165,7,12,12,-2,0,-2,-10,7,-10,-14,0,8,-10,-8,sorry
24.163992166519165,11,20,10,13,5,8,0,5,-12,3,3,6,-4,-4,sorry
24.180643796920776,1,9,4,15,7,4,6,1,-11,3,1,2,-7,0,sorry
24.181164026260376,3,20,9,30,20,8,15,6,0,4,5,9,-7,5,sorry
24.1951916217804,0,21,0,37,22,16,9,3,0,6,0,0,-8,5,sorry
24.1951916217804,-7,6,5,20,9,16,-3,-1,-6,6,-11,-20,-11,1,sorry
24.21124243736267,-13,-5,-4,3,0,13,0,-2,-2,10,-20,-26,-10,-4,sorry
24.21124243736267,-26,-22,-17,-10,-5,3,4,0,2,9,-30,-35,-13,-11,sorry
24.22728180885315,-23,-28,-16,-22,-9,0,9,1,17,12,-20,-32,-5,0,sorry
24.22728180885315,0,-15,-16,-20,-2,4,20,3,41,22,1,-6,15,13,sorry
24.24333596229553,6,-7,4,-23,1,0,18,2,33,13,4,7,17,5,sorry
24.24333596229553,-2,-3,1,-16,0,-12,0,-2,6,-3,6,6,11,-3,sorry
24.25836586952209,1,1,0,0,1,-13,-10,-4,0,-7,24,16,15,0,sorry
24.25836586952209,6,4,13,-1,-1,-9,-3,1,0,-2,30,21,10,-3,sorry
24.273910522460938,0,4,2,2,-2,0,-2,4,-9,-2,18,2,0,-6,sorry
24.273910522460938,-2,2,5,15,0,13,-12,-2,-15,-12,-1,-11,-7,-2,sorry
24.2899649143219,-9,-9,-3,7,3,11,-1,-8,-5,-9,-9,-20,-7,-2,sorry
24.2899649143219,-8,-15,-12,-3,0,5,21,-3,0,5,-7,-17,-7,5,sorry
24.30600357055664,12,-1,3,5,-6,11,22,3,-1,10,-9,3,-1,20,sorry
24.30600357055664,21,7,0,8,-2,4,11,1,2,3,-7,17,12,22,sorry
24.322094440460205,11,1,-1,-10,0,-7,3,0,7,0,2,14,17,11,sorry
24.322094440460205,10,-1,0,-23,-11,-14,-6,-1,0,-5,6,15,10,2,sorry
24.336568355560303,17,13,8,-9,-13,-23,-20,-1,-15,-15,12,26,7,0,sorry
24.336568355560303,17,28,22,13,5,-19,-24,2,-18,-7,29,36,15,3,sorry
24.351963758468628,8,18,5,16,15,-3,-20,4,-6,6,30,25,17,1,sorry
24.351963758468628,-4,4,3,4,3,0,-21,2,-15,-3,2,0,-7,-11,sorry
24.36899042129517,-13,3,2,9,-2,4,-14,0,-30,-18,-11,-12,-26,-21,sorry
24.36899042129517,-6,4,-4,20,2,11,3,-1,-18,0,-3,-9,-12,-10,sorry
24.38396692276001,-2,4,4,15,5,10,11,4,1,18,-6,-8,-3,0,sorry
24.38396692276001,-15,-8,-9,6,1,3,9,1,16,13,-20,-20,-9,-1,sorry
24.40014147758484,-17,-22,-10,-1,-4,5,14,-4,24,5,-24,-28,-6,0,sorry
24.40014147758484,-2,-14,0,-4,-3,12,20,-1,24,9,-14,-17,0,4,sorry
24.41434621810913,0,-4,0,-6,0,8,16,1,27,14,-5,-6,-1,3,sorry
24.430958032608032,-9,-12,-2,-16,0,0,8,-1,25,7,-9,-10,-5,0,sorry
24.430958032608032,-16,-21,-18,-20,-4,-7,0,-3,10,-4,-27,-24,-15,-6,sorry
24.430958032608032,-12,-14,-11,-22,-5,-7,-4,-2,-7,-14,-26,-18,-21,-10,sorry
24.445980548858643,-3,-7,-5,-18,-1,-1,-1,0,0,-8,0,-5,-6,-4,sorry
24.445980548858643,3,-3,-12,-11,-1,0,-2,1,13,-7,2,-2,5,-3,sorry
24.463287830352783,5,5,3,-4,-4,-4,-12,1,2,-13,-9,0,4,-5,sorry
24.463287830352783,7,13,3,6,0,-5,-5,0,-7,0,14,16,13,4,sorry
24.47776699066162,18,14,5,10,1,-1,1,0,0,12,36,29,24,14,sorry
24.47776699066162,20,7,13,-4,0,-3,-4,0,-1,-4,19,28,17,2,sorry
24.49210000038147,5,1,1,-12,0,-10,-12,-2,-17,-15,10,17,3,-6,sorry
24.50762176513672,0,8,8,4,3,-11,-9,2,-16,-3,23,16,5,0,sorry
24.50762176513672,9,15,6,25,8,-4,-4,5,-12,0,26,20,11,6,sorry
24.52565598487854,15,12,11,22,8,1,-4,0,-19,-3,13,13,1,6,sil
24.52565598487854,15,19,20,22,14,7,0,-1,-12,1,12,11,1,4,sil
24.52565598487854,11,20,9,36,21,8,5,4,0,9,19,13,11,8,sil
24.54144287109375,-1,3,7,25,10,9,5,1,-9,5,5,4,0,4,sil
24.54144287109375,-14,-10,-6,0,3,14,9,-4,-13,4,-12,-12,-14,-4,sil
24.55494999885559,-17,-14,-15,-6,3,15,16,0,1,4,-20,-25,-15,-3,sil
24.57008171081543,-27,-18,-14,-10,-8,8,11,0,3,-6,-35,-39,-25,-8,sil
24.57008171081543,-35,-20,-23,-16,-15,0,6,-9,-1,-9,-39,-42,-29,-15,sil
24.58537197113037,-19,-12,-5,-15,-7,0,14,-5,3,6,-18,-17,-4,-1,sil
24.58537197113037,-7,-12,-2,-16,-7,8,18,3,26,21,-6,-4,15,14,sil
24.60148048400879,-1,-14,-10,-21,-15,2,3,3,36,16,-11,-12,10,11,sil
24.60148048400879,6,-3,2,-14,-16,-10,-14,0,18,2,-11,-5,7,0,sil
24.61702132225037,7,0,-1,-11,-12,-13,-18,-1,5,1,6,7,14,0,sil
24.61702132225037,14,0,6,-13,-8,-8,-8,1,17,9,19,12,10,7,sil
24.632959127426147,27,6,11,-2,-6,-9,0,2,25,9,11,15,9,4,sil
24.632959127426147,18,4,3,-1,-11,-14,-10,-5,7,-5,2,15,7,-3,sil
24.650537490844727,11,6,7,-5,-8,-11,-22,-5,-14,-13,16,18,0,0,sil
24.650537490844727,15,15,0,6,5,-4,-10,0,-24,-15,19,22,-2,3,sil
24.66806697845459,-3,10,1,10,7,-3,-3,-1,-30,-34,-6,7,-12,-13,sil
24.66806697845459,-20,-1,-2,-4,4,-7,-9,-3,-27,-37,-12,-11,-25,-23,sil
24.66806697845459,-2,3,-1,-1,10,-4,-6,2,-14,-10,6,-2,-14,-12,sil
24.684144973754883,4,9,13,18,10,0,-3,9,-12,-5,6,8,-1,-6,sil
24.696330547332764,-7,1,-3,27,12,5,0,2,-10,-6,0,-8,-3,-6,sil
24.696330547332764,-7,3,-1,25,27,22,13,0,0,15,2,-17,-1,3,sil
24.712093830108643,0,7,5,27,27,33,22,4,6,25,3,-2,8,10,sil
24.712093830108643,1,-4,0,27,11,18,11,2,2,13,-1,-2,12,14,sil
24.72718024253845,0,-7,6,13,4,8,8,-4,0,21,-3,-1,8,20,sil
24.72718024253845,1,-7,-3,-6,-1,5,18,0,13,36,0,7,9,15,sil
24.742281675338745,-2,-18,-9,-26,-16,-4,17,5,23,18,-9,-1,0,0,sil
24.742281675338745,-14,-22,-12,-37,-16,-10,8,0,19,-4,-20,-16,-11,-8,sil
24.75814151763916,-12,-9,-10,-26,-6,-11,10,0,18,-2,-14,-2,-4,-1,sil
24.75814151763916,1,0,7,-9,-7,-8,4,1,19,-1,-3,12,3,0,sil
24.773205041885376,-4,-4,-15,-16,-12,-10,-19,-8,0,-17,-1,-1,-4,-8,sil
24.773205041885376,-8,-1,-15,-29,-8,-16,-34,-10,-19,-23,3,-1,-5,-13,sil
24.78924250602722,12,17,21,-6,0,-8,-27,0,-18,-11,18,14,8,-7,sil
24.78924250602722,21,26,18,18,0,-1,-27,-2,-23,-10,22,9,9,-4,sil
24.80388593673706,8,17,5,9,0,-5,-22,-3,-29,-14,18,3,2,-3,sil
24.80388593673706,0,7,-1,9,7,-1,0,1,-12,-1,15,5,6,-1,sil
24.81902885437012,-3,5,2,26,7,8,12,1,0,1,4,-4,0,0,sil
24.81902885437012,-4,8,2,28,6,18,25,7,7,1,-2,-10,-7,3,sil
24.83428955078125,-2,-2,-8,13,8,26,43,10,27,19,-6,-6,0,12,sil
24.83428955078125,-7,-22,0,-8,-4,16,30,3,20,24,-21,-12,-2,7,sil
24.85026955604553,-8,-16,-6,-21,-15,-5,4,-1,3,9,-21,-9,-8,6,sil
24.85026955604553,0,-4,-5,-19,-6,-7,0,0,5,2,-7,3,3,15,sil
24.865329027175903,1,-14,3,-21,-12,-3,-4,-3,1,-2,-10,0,8,2,sil
24.865329027175903,5,-8,-2,-18,-18,-14,-15,-5,-7,-10,-3,-1,0,-5,sil
24.881115198135376,21,19,14,0,0,-11,-18,0,0,-10,22,22,6,4,sil
24.881115198135376,24,21,18,13,8,0,-14,1,1,-4,31,29,10,9,sil
24.896175384521484,11,8,13,11,2,2,-10,-4,-12,0,17,6,-5,5,sil
24.896175384521484,2,8,13,20,8,6,-1,-1,-16,4,0,-2,-15,-1,sil
24.9119131565094,-8,-3,-11,29,5,4,3,0,-12,5,-12,-10,-11,-9,sil
24.9119131565094,-21,-12,-10,11,-6,0,0,-4,-16,-2,-20,-19,-13,-6,sil
24.927993774414062,-22,-11,-16,-2,-3,8,2,-3,1,0,-21,-19,-7,-4,sil
24.927993774414062,-14,-19,-28,-4,0,6,2,1,26,0,-25,-20,-4,-13,sil
24.943188428878784,-5,-13,-9,-6,-3,-2,-4,3,21,-2,-19,-14,-5,-7,sil
24.943188428878784,1,3,-5,-3,0,-6,0,3,18,0,5,6,14,5,sil
24.958266496658325,2,0,-1,-8,0,-11,7,2,25,2,19,19,28,1,sil
24.958266496658325,5,-3,6,-8,0,-14,0,-1,12,2,14,15,16,-2,sil
24.973971605300903,11,8,10,2,8,-5,-5,-2,-2,6,16,14,8,1,sil
24.973971605300903,10,14,14,-7,11,-4,-7,2,-8,-6,16,14,1,-4,sil
24.991182804107662,8,8,3,-20,13,-8,-7,1,-15,-16,14,6,-7,-8,sil
24.991182804107662,11,8,12,0,22,0,0,0,-18,-1,18,6,-1,1,sil
25.00534987449646,2,7,7,11,21,8,14,-2,-21,0,8,7,-1,5,sil
25.020026683807373,-13,-1,-10,-3,11,5,16,0,-35,-17,-21,-6,-25,-6,sil
25.020026683807373,-20,-4,-5,-3,9,9,4,3,-34,-18,-31,-15,-33,-16,sil
25.035462617874146,-20,-6,-9,10,12,18,3,1,-5,0,-16,-17,-14,-11,sil
25.035462617874146,-9,-6,0,10,8,23,15,0,13,16,-5,-16,0,8,sil
25.0525860786438,0,0,7,9,1,18,17,2,20,26,7,-3,13,23,sil
25.0525860786438,-2,3,-7,5,-5,2,0,0,20,25,11,-1,21,18,sil
25.0525860786438,-1,0,0,-6,-11,-6,-5,0,13,8,-6,-14,5,5,sil
25.069204568862915,0,-2,-4,-7,-13,-7,-1,0,11,0,-11,-16,-3,0,sil
25.069204568862915,-3,-9,-6,-11,-23,-10,-16,-2,10,2,-3,-5,0,-3,sil
25.08290314674377,-1,-11,0,-19,-31,-15,-27,-4,5,7,-2,-4,0,-4,sil
25.10008835792541,10,2,-3,-10,-27,-20,-17,-2,0,-5,-3,1,4,0,sil
25.10008835792541,18,16,8,2,-22,-12,-12,-1,2,-18,4,25,18,3,sil
25.115960359573364,26,18,12,9,-13,2,-9,-3,11,0,28,35,31,8,sil
25.115960359573364,35,23,19,14,-5,0,2,0,8,15,40,36,30,16,sil
25.115960359573364,26,20,19,16,-11,-10,4,8,-2,-7,22,32,11,13,sil
25.13211297988892,2,4,-4,7,-16,-5,0,2,-5,-26,-1,7,-10,-1,sil
25.13211297988892,-11,-2,-2,1,-14,6,2,-1,-9,-18,-14,-12,-19,-13,sil
25.145160675048828,-14,-5,-3,3,-18,7,6,2,-14,-9,-13,-12,-18,-12,sil
25.160876512527462,-17,-16,-6,4,-18,4,2,1,-16,-10,-12,-14,-22,-11,sil
25.160876512527462,-16,-18,0,8,-8,14,4,-2,-17,-7,-14,-15,-22,-13,sil
25.175966262817383,-11,-15,-8,14,-1,23,13,0,-9,6,-20,-13,-15,-3,sil
25.175966262817383,-13,-19,-5,0,-2,11,12,3,-3,13,-30,-18,-17,0,sil
25.19138979911804,-16,-26,-14,-12,-1,-4,9,-2,2,15,-19,-14,-9,-8,sil
25.19138979911804,-4,-17,-13,-6,9,0,16,-3,16,19,2,3,7,7,sil
25.20726490020752,4,-7,3,-4,17,5,14,3,21,17,2,7,14,19,sil
25.20726490020752,-5,-14,-9,-15,19,-6,0,1,11,7,-4,-6,9,0,sil
25.2223756313324,-4,-13,-5,-21,26,-15,-9,0,5,2,2,0,6,-3,sil
25.2223756313324,13,-5,-1,-15,32,-13,-11,0,7,2,9,12,10,13,sil
25.237908601760864,10,4,-6,-9,41,-15,-16,-1,0,-3,20,5,8,5,sil
25.237908601760864,-4,17,4,-11,58,-12,-19,-1,-4,-9,25,0,-2,-13,sil
25.25393581390381,6,6,9,-9,67,-6,-7,0,-3,-7,7,0,-4,-13,sil
25.25393581390381,14,1,14,7,64,-1,-4,1,-7,-16,3,-3,-1,-10,sil
25.269466876983643,-7,30,0,17,75,7,-7,0,-10,-19,27,-6,0,-9,sil
25.269466876983643,-3,42,5,20,95,17,5,1,-3,0,35,4,10,2,sil
25.285085678100582,26,31,34,39,77,16,9,0,-6,7,21,7,11,6,sil
25.285085678100582,10,33,6,28,24,8,-4,-1,-15,-6,3,-24,0,-17,sil
25.30116105079651,-28,37,-16,-1,15,12,3,0,0,2,-5,-28,3,-22,sil
25.30116105079651,-21,26,-4,11,44,15,26,0,23,24,-4,7,9,13,sil
25.3166561126709,0,30,-1,9,-10,0,8,-7,13,14,-13,5,0,22,sil
25.3166561126709,-5,31,-8,-48,-118,-14,-18,-9,-17,-8,-36,-3,-16,0,sil
25.33178329467773,-8,-30,-16,-56,-140,-16,-18,-4,-21,-22,-51,33,-31,16,sil
25.33178329467773,18,-70,11,11,-129,-7,-1,0,2,-19,-39,64,-19,53,sil
25.34731912612915,34,-24,21,42,-193,7,8,1,24,3,-4,30,-1,43,sil
25.34731912612915,8,-35,-14,-20,-285,-2,-2,-2,9,4,1,-21,-16,1,sil
25.363201379776,-14,-92,-13,-68,-296,-24,-18,0,-9,-14,-13,-30,11,-37,sil
25.363201379776,-6,-30,0,-2,-202,-10,0,7,7,6,9,-3,67,-42,sil
25.379112720489506,-1,45,3,46,-92,7,9,8,15,23,25,-3,35,-23,sil
25.379112720489506,-12,-1,-2,2,11,2,2,6,-1,4,5,-31,-17,-21,sil
25.39466118812561,0,-37,-1,-16,145,1,10,2,-10,0,7,-23,-8,-15,sil
25.39466118812561,19,-3,17,9,233,13,13,1,-16,1,14,4,-9,9,sil
25.41023349761963,12,6,3,24,229,18,6,5,-11,-2,0,-2,-18,14,sil
25.41023349761963,-4,2,-4,29,209,12,5,5,0,8,-12,-17,-4,0,sil
25.426186084747314,-7,0,0,18,178,3,2,-2,-2,13,-17,-8,-8,3,sil
25.426186084747314,-1,-1,-4,4,118,0,4,-6,11,9,-10,1,-9,20,sil
25.44223141670227,1,3,0,3,76,2,12,0,38,19,18,11,16,20,sil
25.44223141670227,0,5,-12,-5,49,-6,0,-1,31,16,37,19,24,9,sil
25.458240270614624,0,9,-8,-16,24,-14,-17,-7,6,-3,20,10,5,1,sil
25.458240270614624,4,32,9,-6,32,-10,-14,-4,-8,-18,4,18,2,-2,sil
25.47331190109253,4,34,-3,-6,40,-12,-14,-5,-20,-25,12,26,3,-8,sil
25.47331190109253,-6,20,-1,-22,20,-11,-18,-7,-22,-26,20,8,-8,-13,sil
25.489351987838745,-7,20,6,-15,6,-5,-9,0,-12,-20,9,6,-1,-4,sil
25.489351987838745,0,24,7,10,-5,1,0,6,-10,-13,-4,28,2,3,sil
25.50533127784729,1,19,11,24,-36,14,8,6,-10,1,-2,7,-19,-1,sil
25.50533127784729,-3,6,4,14,-61,20,17,1,-5,18,-3,-40,-24,-13,sil
25.52125072479248,-12,-9,-2,-5,-85,8,17,0,-10,2,-28,-44,-11,-15,sil
25.52125072479248,-16,-22,-16,-13,-109,-1,11,0,-13,-9,-37,-27,-13,-6,sil
25.53734517097473,-10,-26,-13,-17,-114,0,1,-1,-5,2,-28,-23,-15,3,sil
25.53734517097473,-1,-25,5,-20,-94,-4,-5,-2,11,9,-19,-15,5,2,sil
25.55311870574951,0,-27,-4,-18,-65,-12,-3,0,27,9,-2,-1,23,4,sil
25.55311870574951,2,-25,-9,-22,-47,-12,-6,0,22,3,2,6,12,5,sil
25.568464279174805,6,-13,-10,-19,-34,-8,-14,-1,5,-7,-2,8,0,-5,sil
25.568464279174805,13,5,0,3,-19,-2,-14,1,-1,-7,11,16,9,-4,sil
25.58449864387512,23,17,25,23,-2,6,-5,4,2,5,29,26,17,10,sil
25.58449864387512,22,15,14,27,16,8,0,0,5,11,23,18,3,14,sil
25.60002422332764,12,13,9,27,31,12,3,0,0,2,12,8,-3,8,sil
25.60002422332764,3,13,7,28,32,17,5,4,-8,0,9,7,4,3,sil
25.615811347961422,0,1,0,22,30,9,7,1,-5,8,3,0,3,0,sil
25.615811347961422,-8,-9,-1,10,32,3,10,0,0,7,-1,-4,0,1,sil
25.63091468811035,-17,-9,-4,6,31,10,16,5,-1,0,-8,-7,0,4,sil
25.63091468811035,-15,-4,1,10,25,10,13,1,-3,3,-19,-12,-9,2,sil
25.64694809913636,-8,-2,0,12,29,6,9,-6,9,13,-15,-14,-12,0,sil
25.64694809913636,-2,-3,-7,0,28,2,8,-3,17,12,-3,-7,5,1,sil
25.662107229232788,1,-1,0,-17,10,-12,0,0,7,1,-6,-1,12,0,sil
25.662107229232788,0,-3,-9,-25,0,-26,-8,-3,1,-8,-12,-4,6,-6,sil
25.67760825157165,-4,-1,-7,-26,0,-17,-8,0,2,-12,-9,1,4,-10,sil
25.67760825157165,-1,-1,-6,-27,3,-9,-10,1,-3,-9,0,9,0,-5,sil
25.69282031059265,2,-3,-9,-22,1,-20,-17,-7,-10,-13,11,6,-3,0,sil
25.708426237106323,8,8,9,-8,3,-21,-20,-3,-9,-13,13,10,0,-4,sil
25.708426237106323,16,20,7,-1,5,-12,-14,3,-5,-2,15,22,3,-3,sil
25.708426237106323,14,9,3,-12,-5,-13,-12,1,-1,-7,17,20,-2,4,sil
25.72401666641236,5,0,0,-11,-5,-5,-5,0,0,-16,16,10,-1,0,sil
25.72401666641236,1,3,0,4,15,14,4,0,-9,-10,11,1,3,-7,sil
25.73995041847229,-9,1,6,12,14,19,3,0,-22,-10,-1,-10,-10,-10,sil
25.75551080703736,-22,-10,-11,10,-5,15,-2,0,-19,-5,-13,-24,-23,-16,sil
25.75551080703736,-17,-6,-10,9,-5,22,1,0,-8,7,-18,-25,-17,-16,sil
25.75551080703736,-9,8,1,7,4,20,5,0,-5,6,-9,-17,-14,-7,sil
25.77118682861328,-9,0,1,13,-1,8,6,0,-1,-1,-2,-14,-14,2,sil
25.77118682861328,-1,-3,13,19,-8,8,19,3,3,11,-5,-5,0,10,sil
25.786718606948853,5,9,5,26,-1,12,33,2,20,37,1,0,17,23,sil
25.803544282913208,5,7,3,24,-1,13,30,3,33,38,6,6,18,32,sil
25.803544282913208,2,-13,0,13,-5,13,25,3,30,25,-12,3,7,22,sil
25.803544282913208,-1,-15,-10,-3,-9,0,13,-2,15,10,-19,-8,0,0,sil
25.818241357803345,3,0,-1,-10,-14,-11,-8,-1,0,-7,0,-3,3,-6,sil
25.818241357803345,15,1,-4,0,-12,-10,-16,-1,0,-11,6,14,12,2,sil
25.834132194519043,13,-5,1,-9,-14,-12,-15,-4,0,-2,-6,17,8,2,sil
25.834132194519043,3,-9,0,-29,-18,-18,-18,-5,-5,-4,-4,4,1,-10,sil
25.849047899246216,9,0,-3,-7,-5,-14,-18,0,-1,-8,16,5,6,-6,sil
25.849047899246216,11,10,12,10,7,-4,-14,2,6,-9,14,14,5,5,sil
25.864548444747925,-2,-2,-4,-18,0,-7,-13,-1,5,-9,-3,5,1,0,sil
25.881293535232544,0,-6,-1,-29,-6,-11,-7,2,4,-4,5,4,8,-1,sil
25.881293535232544,13,12,15,3,-2,-3,3,7,3,2,25,17,7,10,sil
25.881293535232544,0,9,0,11,-2,0,0,-2,-7,-7,10,2,-3,5,sil
25.895878314971924,-13,1,-2,-15,-3,0,-10,-4,-14,-18,-2,-9,-5,-4,sil
25.895878314971924,-11,-1,-18,-23,1,1,-3,0,-12,-9,7,-4,0,-12,sil
25.913903951644897,-16,-5,-11,-18,2,0,0,0,-24,-10,-4,-16,-13,-24,sil
25.913903951644897,-28,-1,3,-6,3,0,0,-1,-23,-12,-18,-29,-25,-22,sil
25.92793011665344,-14,10,-4,17,17,4,5,0,2,7,3,-9,-7,-4,sil
25.92793011665344,11,13,17,28,24,10,5,1,8,16,16,12,8,2,sil
25.942943811416622,13,4,7,25,19,7,1,-1,-3,5,3,8,3,7,sil
25.96005415916443,3,0,0,18,6,2,2,1,-4,-2,-9,-2,-8,8,sil
25.96005415916443,0,0,8,13,2,6,2,3,0,-2,-17,-7,-14,-7,sil
25.96005415916443,-2,-5,-6,11,8,10,1,-6,0,4,-18,-13,-7,-11,sil
25.97527003288269,1,-5,11,9,8,9,7,0,-4,2,-18,-1,-2,9,sil
25.97527003288269,7,0,-3,5,3,4,10,7,-7,-1,-20,3,0,10,sil
25.99087691307068,5,-2,-16,-1,0,0,1,0,-9,0,-12,-3,5,2,sil
25.99087691307068,1,-12,7,-8,0,9,6,0,0,7,0,8,7,6,sil
26.00490069389344,-5,-20,-15,-14,-2,3,14,-2,14,8,-1,14,0,2,sil
26.02092838287353,-8,-11,-7,-25,-7,-8,-4,-7,11,2,-7,1,0,0,sil
26.02092838287353,-2,0,-3,-20,-3,-14,-12,0,11,2,7,3,11,0,sil
26.03902053833008,-4,0,-8,-7,-2,-21,-6,5,11,-5,20,18,9,-5,sil
26.03902053833008,-10,6,9,-12,-8,-19,-16,1,0,-15,12,17,-5,-6,sil
26.03902053833008,-6,3,-8,-19,-6,-11,-21,-6,-8,-10,11,0,-4,-9,sil
26.054128885269165,6,4,12,-6,-7,-3,-12,-6,-6,-9,19,0,4,-11,sil
26.054128885269165,15,13,15,11,-4,12,6,0,6,4,25,7,8,2,sil
26.07128119468689,16,11,-12,15,5,15,26,3,23,29,22,0,12,15,sil
26.07128119468689,15,7,23,20,-3,7,22,3,25,22,9,-12,7,14,sil
26.08534526824951,10,5,9,34,-17,6,11,0,15,3,-1,-25,-4,11,sil
26.102139949798584,0,-1,-11,27,-23,6,3,0,7,0,-13,-36,-13,4,sil
26.102139949798584,-2,5,20,31,-35,16,7,7,20,19,-12,-43,-1,15,sil
26.102139949798584,0,5,-19,31,-16,20,21,6,22,27,-6,-31,11,18,sil
0.038682222366333,-7,-12,-43,-9,27,-2,6,-2,-16,-4,-17,4,0,-4,sorry
0.0390970706939697,-8,-10,16,-35,23,-18,-13,-4,-30,-14,-18,26,-2,-8,sorry
0.0546402931213378,3,-1,10,-23,9,-5,-5,1,-13,0,-3,27,15,5,sorry
0.0546402931213378,9,-5,-12,-22,12,-6,-10,0,-17,-12,0,24,14,1,sorry
0.0695569515228271,5,-1,19,-22,2,-14,-31,-2,-26,-31,3,28,-1,0,sorry
0.0695569515228271,0,6,1,-11,1,-10,-23,-5,-15,-16,12,29,-2,-1,sorry
0.0849785804748535,-1,4,-2,-12,13,-5,-16,0,-8,-6,17,23,2,-11,sorry
0.0859785079956054,0,9,23,-4,12,-7,-16,7,-11,-9,13,17,-3,-15,sorry
0.1020436286926269,-4,5,-4,8,8,-13,-4,0,-18,-14,-3,4,-16,-17,sorry
0.1020436286926269,-17,-5,3,2,1,-4,-1,-2,-23,-22,-20,-9,-22,-21,sorry
0.1183247566223144,-25,-14,0,-3,1,17,8,3,-15,-9,-20,-19,-20,-12,sorry
0.1183247566223144,-20,-17,-21,-2,3,23,30,-2,1,5,-23,-31,-21,-3,sorry
0.1327450275421142,-18,-16,-5,-10,-6,11,21,-4,21,5,-26,-40,-16,-11,sorry
0.1327450275421142,-12,-10,-21,-6,-7,-4,-3,1,39,13,-6,-33,0,-13,sorry
0.148402452468872,11,6,0,-1,1,-11,-15,0,29,13,13,-2,9,1,sorry
0.148402452468872,21,14,10,-6,0,-12,-13,-6,9,0,23,13,10,2,sorry
0.1644318103790283,11,1,-12,0,-7,-7,-6,-3,-1,-4,21,5,8,-8,sorry
0.1644318103790283,6,5,16,18,-3,12,3,2,-14,-6,6,4,0,0,sorry
0.1786494255065918,6,9,7,23,1,22,15,0,-5,1,-4,1,-2,16,sorry
0.1977019309997558,8,1,5,19,3,11,21,3,13,22,-3,0,6,28,sorry
0.1977019309997558,7,0,12,23,2,13,27,8,19,37,-2,5,13,27,sorry
0.1977019309997558,-1,-1,-11,13,0,10,26,0,19,34,-7,-4,12,15,sorry
0.2107391357421875,0,2,3,0,0,2,13,-1,21,22,-2,-2,16,14,sorry
0.2262778282165527,11,5,1,7,-1,-3,3,2,9,4,8,15,17,22,sorry
0.2262778282165527,8,-3,-3,-4,-10,-9,-11,-5,-16,-17,4,12,1,7,sorry
0.2262778282165527,0,-1,4,-19,-16,-10,-23,-10,-25,-26,2,1,-5,-13,sorry
0.2433199882507324,3,11,-6,0,-7,-11,-22,0,-12,-22,14,9,0,-16,sorry
0.2433199882507324,9,10,7,6,-4,-13,-21,9,-10,-27,14,12,-2,-9,sorry
0.2567403316497803,3,-3,-5,-8,-1,-7,-14,5,-13,-28,2,0,-4,-7,sorry
0.27266526222229,2,-1,-8,-10,5,-4,-2,-1,-11,-19,-2,3,-5,-3,sorry
0.27266526222229,0,4,10,-7,6,-5,0,3,-1,-2,8,10,-2,5,sorry
0.2911250591278076,-7,2,-4,0,3,-6,3,3,11,17,19,-2,10,7,sorry
0.2911250591278076,-7,13,6,16,14,2,2,0,1,21,11,2,14,0,sorry
0.2911250591278076,-3,14,12,30,23,15,7,-1,-7,20,4,8,7,-3,sorry
0.3066701889038086,-6,-8,1,13,7,16,11,0,0,21,-3,-11,0,0,sorry
0.3217053413391113,-7,-21,-3,-13,-10,8,7,2,2,12,-27,-27,-11,0,sorry
0.3217053413391113,-13,-22,-18,-25,-11,0,-2,-4,0,-7,-52,-31,-32,-14,sorry
0.3217053413391113,-24,-30,-11,-34,-14,-5,-14,-9,1,-20,-54,-33,-36,-26,sorry
0.3376007080078125,-18,-25,-11,-43,-18,-5,-16,0,17,-3,-23,-14,-7,-11,sorry
0.3376007080078125,-3,-2,-9,-35,-11,-4,-8,3,24,15,6,11,12,5,sorry
0.3526463508605957,5,12,9,-14,0,-5,-5,-1,5,0,12,16,4,-2,sorry
0.3695321083068847,6,10,8,5,8,-5,-1,0,-9,-10,19,13,1,-8,sorry
0.3695321083068847,7,10,7,18,11,0,4,5,-6,0,33,18,5,-3,sorry
0.3695321083068847,7,15,1,24,10,6,11,2,-2,1,20,3,0,0,sorry
0.3845522403717041,2,12,0,25,6,9,16,-5,-4,-8,-4,-14,-12,4,sorry
0.3845522403717041,1,7,13,24,12,14,15,-5,0,-2,-1,0,-3,12,sorry
0.399698257446289,13,7,7,32,16,9,16,1,6,12,15,17,14,22,sorry
0.399698257446289,14,4,5,24,3,0,20,4,6,8,6,12,19,26,sorry
0.4163746833801269,0,-7,-8,-7,-9,-4,14,-3,2,-3,-10,-4,15,14,sorry
0.4163746833801269,0,-15,-12,-29,-14,-13,-7,-6,-7,-11,-11,-1,6,0,sorry
0.4314155578613281,9,-7,6,-18,-12,-17,-21,0,-15,-14,-1,13,-1,-1,sorry
0.4314155578613281,11,5,1,-3,-4,-13,-18,1,-8,-9,13,12,2,-6,sorry
0.4460930824279785,12,16,1,-5,0,-10,-19,1,-2,0,22,8,10,-15,sil
0.4620904922485351,6,9,1,-2,-4,-6,-22,4,0,-1,12,6,0,-12,sil
0.4620904922485351,-11,-4,-5,-1,-5,3,-13,2,-2,-15,-3,-5,-10,-8,sil
0.4620904922485351,-17,-2,0,-5,-3,10,2,0,-9,-21,-3,-12,-8,-13,sil
0.4797115325927734,-11,-2,-5,4,0,10,9,1,-7,1,-2,-11,-4,-8,sil
0.4797115325927734,-8,-3,2,21,6,16,7,2,-1,26,-8,-9,-7,6,sil
0.4937732219696045,-10,-1,-1,15,5,15,7,1,2,25,-8,-6,-7,4,sil
0.5099480152130127,-12,-8,-9,-3,-6,1,7,1,4,10,-17,-15,-8,-8,sil
0.5099480152130127,-12,-11,2,1,-4,2,2,2,0,1,-25,-24,-12,-6,sil
0.5255906581878662,-4,-1,-2,24,14,9,6,-2,0,7,-3,-13,-2,9,sil
0.5255906581878662,6,6,2,14,17,4,10,-7,13,14,8,5,11,17,sil
0.5255906581878662,7,7,3,-3,1,-1,10,0,23,6,-4,2,5,15,sil
0.5427064895629883,7,2,-4,1,0,-1,5,1,13,-1,-9,-3,0,13,sil
0.557758092880249,10,-2,1,1,7,0,1,-6,8,11,3,4,11,8,sil
0.557758092880249,10,-2,-1,-13,5,-3,0,-8,13,19,10,16,17,7,sil
0.557758092880249,7,0,2,-21,-6,-15,-2,3,4,-5,2,19,3,5,sil
0.5738162994384766,9,-2,1,-27,-13,-22,-10,4,-6,-22,7,13,3,-3,sil
0.5894699096679688,16,0,-2,-27,-14,-16,-11,-1,-4,-11,24,15,10,-5,sil
0.5894699096679688,10,7,8,-14,-9,-8,-12,-1,-5,-7,22,22,0,1,sil
0.6045706272125244,-7,4,5,-7,0,-7,-17,0,-9,-14,11,12,-7,-8,sil
0.6045706272125244,-13,4,5,-6,6,-5,-16,0,-14,-17,7,0,-12,-25,sil
0.6045706272125244,-8,8,1,3,3,-3,-5,1,-24,-17,1,-3,-15,-27,sil
0.6206974983215332,-11,0,-5,12,1,4,1,2,-21,-12,-10,-11,-11,-19,sil
0.6206974983215332,-7,-1,11,15,5,18,7,3,1,-5,-14,-12,-4,-5,sil
0.6382691860198975,-4,5,2,21,10,18,17,3,12,5,-12,-16,-1,2,sil
0.6382691860198975,-15,-6,-11,13,-3,11,16,1,0,8,-19,-28,-5,0,sil
0.6516706943511963,-16,-19,-10,0,-18,12,7,1,-6,1,-24,-18,-5,4,sil
0.6516706943511963,0,-5,-7,2,-10,10,4,0,0,0,-17,-4,0,10,sil
0.6682393550872803,6,5,0,9,3,2,3,0,1,8,-9,-6,4,8,sil
0.6687428951263428,3,-11,-11,0,0,-1,0,0,6,12,-3,-4,8,7,sil
0.6837000846862793,3,-21,-7,-21,-12,-6,0,-2,8,6,0,9,7,6,sil
0.6837000846862793,11,3,8,-11,0,-4,-1,-1,9,6,11,18,5,2,sil
0.699723482131958,19,29,7,17,21,-2,-1,1,19,7,25,18,14,10,sil
0.699723482131958,13,18,12,13,14,-8,-3,1,20,0,30,16,15,9,sil
0.7143340110778809,0,1,3,-6,-1,-6,-3,0,4,-1,21,5,0,-7,sil
0.7143340110778809,0,8,4,3,7,9,1,2,-2,4,7,-3,-6,-3,sil
0.7303884029388428,1,6,5,22,17,14,5,-1,-5,4,0,-8,-3,3,sil
0.7303884029388428,-6,-14,-11,9,2,4,6,-5,-8,6,-4,-12,-5,-4,sil
0.7464077472686768,-12,-20,-6,-15,-11,0,8,0,1,15,-13,-10,-3,0,sil
0.7630646228790283,0,-8,-7,-18,-10,-7,3,0,17,15,-8,3,7,16,sil
0.7630646228790283,4,-3,-4,-13,-9,-20,-12,-5,3,-3,0,13,3,4,sil
0.7630646228790283,-7,-1,5,-20,-14,-21,-22,-4,-24,-25,0,5,-10,-23,sil
0.7785968780517578,-13,1,-2,-15,-8,-8,-17,-2,-27,-26,4,-5,-11,-21,sil
0.7946393489837646,0,10,4,5,5,1,-10,0,-17,-11,4,-2,-8,1,sil
0.7946393489837646,6,17,5,17,8,0,-3,2,-18,0,-6,1,-12,0,sil
0.7946393489837646,-1,9,1,15,5,7,3,2,-17,-2,-8,-6,-8,-4,sil
0.8096873760223389,-10,-2,0,11,11,24,13,5,-5,1,-14,-22,-2,0,sil
0.8096873760223389,-10,-8,-7,9,10,15,14,4,1,5,-32,-30,-4,-2,sil
0.8263709545135498,2,-5,3,0,-4,-1,7,3,7,2,-18,-3,3,0,sil
0.8263709545135498,15,-4,1,-7,-8,-1,5,3,25,3,18,27,26,18,sil
0.8423080444335938,13,-3,1,-9,-7,-5,1,-1,25,0,20,25,24,23,sil
0.8423080444335938,7,1,10,-6,-9,-12,-8,-2,9,-12,4,16,3,0,sil
0.8566534519195557,7,8,-5,1,-2,-7,-11,0,5,-11,12,20,0,-12,sil
0.8566534519195557,12,14,3,13,3,-5,-6,0,9,-2,19,26,5,-3,sil
0.8719470500946045,18,15,10,17,0,-6,-3,-2,9,0,19,26,7,3,sil
0.8897922039031982,9,7,2,8,-6,-2,-6,1,2,4,18,13,3,1,sil
0.8897922039031982,-3,-2,7,4,-6,1,-5,1,-10,-1,5,-3,-9,-4,sil
0.8897922039031982,-7,-7,0,10,4,7,7,-3,-12,-6,-10,-15,-17,-4,sil
0.9053001403808594,-12,-8,1,1,9,16,15,-2,-8,1,-18,-24,-12,0,sil
0.9053001403808594,-17,-10,-5,-9,2,18,16,0,-11,7,-18,-30,-6,-3,sil
0.9186718463897704,-16,-17,-23,-10,1,15,15,-3,-8,8,-20,-30,-5,-8,sil
0.9186718463897704,-21,-22,-15,-29,-2,6,1,-3,-2,11,-27,-31,-8,-7,sil
0.9361002445220948,-26,-20,-21,-49,-9,-5,-9,1,3,8,-22,-27,-6,-6,sil
0.9361002445220948,-11,-6,-11,-38,0,-7,-4,3,16,6,1,-5,5,-6,sil
0.9493467807769777,6,8,0,-14,11,-9,-5,3,22,17,24,15,17,2,sil
0.9653816223144532,18,17,2,0,7,-22,-12,6,12,11,26,15,14,9,sil
0.9653816223144532,21,15,16,5,5,-13,-2,9,0,-7,13,4,1,4,sil
0.9823219776153564,1,1,6,7,9,7,6,4,-3,-8,0,-9,-4,-1,sil
0.9823219776153564,-13,0,1,13,8,3,-3,-2,-13,-4,-9,-7,-6,1,sil
0.998948335647583,-4,9,0,30,4,-1,-5,-2,-20,-3,-1,5,-4,2,sil
0.998948335647583,0,6,0,38,0,11,7,-3,-11,4,3,4,-1,3,sil
0.998948335647583,0,3,15,26,-2,17,11,-1,3,5,-4,1,-5,8,sil
1.013550043106079,7,1,1,12,-3,6,15,0,16,8,4,16,0,14,sil
1.013550043106079,18,-3,3,2,-8,0,18,0,20,15,18,30,16,21,sil
1.029728651046753,17,-3,17,0,-16,-8,0,-3,13,3,4,20,13,14,sil
1.029728651046753,8,-2,-4,-9,-18,-23,-19,-8,-5,-23,-8,4,-3,-5,sil
1.0478737354278564,2,-4,-4,-13,-17,-21,-22,-2,-17,-36,-4,4,-6,-17,sil
1.060910701751709,0,0,0,0,-8,-10,-13,2,-9,-24,-3,8,1,-14,sil
1.060910701751709,0,10,4,2,0,-5,-14,0,-10,-19,-3,5,0,-13,sil
1.0764751434326172,3,14,8,0,1,-1,-16,-3,-18,-21,6,6,-4,-10,sil
1.0764751434326172,7,8,3,8,7,6,-8,-1,-14,-9,5,-3,-3,-5,sil
1.091388463973999,-1,0,9,2,15,12,0,2,-20,-5,-10,-20,-13,-5,sil
1.091388463973999,-17,-2,-1,-11,15,15,7,0,-21,-10,-12,-22,-17,-9,sil
1.107541799545288,-19,-5,-11,-7,9,14,16,0,2,4,-5,-15,-5,-9,sil
1.107541799545288,-13,-8,-8,0,6,15,13,6,19,29,-4,-9,3,-1,sil
1.1230552196502686,-11,-12,-14,-1,5,12,7,7,22,40,-2,-5,11,9,sil
1.1230552196502686,-6,-11,-3,-8,0,3,7,-1,23,35,-1,-1,19,10,sil
1.13846755027771,0,-13,-4,-14,-10,-1,9,-6,20,21,-4,-2,13,8,sil
1.13846755027771,14,-3,-4,-7,-8,-5,6,1,12,9,4,7,6,16,sil
1.1564018726348877,23,15,7,1,2,-12,3,3,11,10,25,23,18,17,sil
1.1564018726348877,10,14,-7,-3,2,-18,-1,-1,8,4,34,20,19,5,sil
1.1564018726348877,0,3,1,-7,-7,-16,-10,0,2,-10,22,15,0,0,sil
1.1700632572174072,5,7,9,14,0,-3,-3,6,2,-14,8,13,-11,0,sil
1.1877052783966064,3,11,1,26,13,4,3,0,-4,-11,1,-2,-11,-3,sil
1.1877052783966064,-12,-5,-2,6,6,4,-1,-3,-20,-13,-12,-21,-23,-15,sil
1.1877052783966064,-25,-23,-14,-13,-7,7,1,0,-19,-13,-32,-34,-32,-16,sil
1.2013237476348877,-16,-12,0,-1,-3,18,11,2,-8,-8,-32,-32,-20,0,sil
1.2194328308105469,4,3,13,18,5,12,5,-1,-1,7,-15,-10,4,7,sil
1.2194328308105469,11,0,5,12,1,-3,-5,-4,-1,17,-10,3,12,3,sil
1.220433473587036,4,-4,5,-4,-6,0,-8,-1,1,5,-12,1,2,6,sil
1.2325999736785889,-3,-8,-12,-15,-8,1,-10,-3,17,3,-3,-1,7,5,sil
1.2477643489837646,-9,-14,-11,-25,-13,-8,-16,-1,19,5,0,-1,11,-4,sil
1.2477643489837646,-9,-7,-4,-23,-13,-9,-4,1,7,-4,0,-2,1,-9,sil
1.263660192489624,-1,1,-9,-12,-4,-5,11,0,2,-13,4,0,-4,-5,sil
1.263660192489624,0,2,6,-22,-3,-11,7,0,-9,-16,9,10,-1,-7,sil
1.279314041137695,0,5,2,-21,-4,-12,-3,0,-23,-19,12,12,1,-7,sil
1.279314041137695,7,17,1,2,2,-10,-9,-1,-22,-12,20,11,0,-4,sil
1.2944605350494385,16,27,14,21,13,-10,-9,4,-6,2,28,21,6,0,sil
1.2944605350494385,22,23,13,28,18,0,0,4,1,7,30,30,17,5,sil
1.310549020767212,15,12,14,28,12,15,5,1,-1,1,17,20,7,0,sil
1.310549020767212,-5,1,-3,18,7,12,-6,0,-13,-6,-7,-7,-17,-14,sil
1.3260807991027832,-12,-3,-1,13,6,8,-14,-1,-20,-13,-22,-24,-21,-11,sil
1.3260807991027832,-1,0,7,22,9,14,2,-1,-11,-3,-10,-9,-3,6,sil
1.3421361446380615,0,4,-1,22,6,9,17,0,7,13,0,6,4,18,sil
1.3421361446380615,-7,-3,5,3,-1,2,10,0,17,13,-10,0,1,14,sil
1.3577451705932615,-7,-15,-3,-5,-7,3,7,0,11,8,-16,-13,0,5,sil
1.3577451705932615,-2,-14,-9,-1,-8,6,17,-1,11,17,-12,-11,0,4,sil
1.3732798099517822,0,-9,-1,-3,-10,3,17,-1,20,18,-13,-5,2,13,sil
1.3732798099517822,-1,-9,-10,-14,-10,-2,2,-3,11,4,-14,-8,2,11,sil
1.3887250423431396,-2,-9,-5,-17,-3,-5,-2,0,0,-1,-7,-11,0,-1,sil
1.3887250423431396,1,-10,-2,-8,3,-1,8,1,15,6,0,-3,5,0,sil
1.4040238857269287,7,-8,-1,-6,0,-1,6,0,25,6,2,12,10,15,sil
1.4040238857269287,5,-4,-4,-17,-9,-8,-14,0,1,-4,11,20,3,5,sil
1.4200108051300049,-3,-7,-17,-22,-13,-19,-29,-3,-12,-7,15,2,0,-12,sil
1.4200108051300049,-6,-4,0,-17,-7,-18,-24,-2,-6,1,13,-1,2,-8,sil
1.4350290298461914,-2,8,2,-6,0,-4,-14,3,4,12,20,10,12,0,sil
1.4350290298461914,1,13,0,-1,4,0,-10,6,6,1,21,11,8,-8,sil
1.450387716293335,6,12,9,1,3,-5,-4,0,-2,-18,7,4,-1,-17,sil
1.450387716293335,8,10,-1,5,1,-4,3,-6,-13,-22,0,-1,-7,-8,sil
1.466418743133545,1,7,2,3,3,3,4,-2,-18,-22,-7,-6,-18,-10,sil
1.466418743133545,-1,4,6,3,13,12,11,5,-10,-12,-10,-7,-19,-19,sil
1.4823122024536133,7,9,10,16,13,13,19,2,-2,7,0,0,0,-7,sil
1.4823122024536133,6,15,19,30,5,9,7,-5,-18,12,3,-1,2,5,sil
1.4978418350219729,-8,4,-7,23,5,11,0,-9,-27,2,-12,-13,-6,5,sil
1.4978418350219729,-15,-13,-9,3,0,12,7,-1,-7,0,-22,-13,-4,3,sil
1.5138041973114014,-12,-20,-1,-6,-14,1,8,8,10,2,-22,-9,0,10,sil
1.5138041973114014,-9,-16,-7,-15,-16,-5,5,9,9,-4,-25,-8,-5,16,sil
1.529334545135498,-10,-12,-6,-27,-5,1,4,1,4,-16,-20,-3,-9,4,sil
1.529334545135498,-11,-8,-16,-19,-2,-1,-8,-7,4,-10,-5,-2,-6,-15,sil
1.5453526973724363,0,2,-1,-2,0,-11,-22,-2,4,7,10,0,3,-14,sil
1.5453526973724363,16,14,12,4,6,-8,-13,5,9,19,26,12,14,0,sil
1.56126070022583,16,13,4,10,4,-6,-6,-1,11,15,30,18,12,-1,sil
1.56126070022583,11,11,11,9,0,-10,-10,-5,1,0,22,16,5,-1,sil
1.5778944492340088,16,14,7,15,5,-7,-2,0,-7,-13,16,13,6,11,sil
1.5778944492340088,9,13,10,18,11,1,-1,0,-15,-16,4,6,0,13,sil
1.5929486751556396,-9,-2,6,8,4,12,-8,0,-11,-13,-7,-7,-11,1,sil
1.5929486751556396,-11,-16,-9,8,1,19,13,9,5,0,-5,-17,-8,1,sil
1.6084823608398438,-1,-4,-3,17,7,21,37,14,23,30,0,-8,6,12,sil
1.6084823608398438,-6,-1,-10,5,5,12,31,1,31,52,3,0,21,20,sil
1.6245603561401367,-10,-18,-10,-20,-10,0,16,-4,23,40,0,0,18,19,sil
1.6245603561401367,-1,-18,-5,-24,-15,-11,2,-1,9,12,-7,0,7,9,sil
1.6401865482330322,1,-2,-7,-18,-10,-23,-18,-5,-7,-13,0,6,3,-3,sil
1.6401865482330322,0,2,6,-20,-10,-21,-25,-8,-22,-26,6,13,-1,-16,sil
1.6561954021453855,10,3,2,-13,-4,-9,-10,0,-7,-20,4,15,0,-10,sil
1.6561954021453855,24,13,5,0,0,-4,-4,2,8,-17,5,11,2,0,sil
1.671834945678711,14,17,13,9,0,-3,-7,-5,-7,-30,0,4,-11,-11,sil
1.671834945678711,-5,7,2,11,0,-2,-4,-7,-27,-30,-15,-7,-19,-18,sil
1.6873981952667236,-9,0,5,8,1,1,-3,4,-21,-10,-17,-14,-8,-11,sil
1.6873981952667236,-6,-3,-9,6,7,9,0,4,0,10,-3,-8,-5,-7,sil
2.188613176345825,0,-12,-4,-12,-17,-10,0,-10,-17,-26,-38,-12,-23,-2,sil
2.188613176345825,4,-6,-10,-17,-13,-18,-11,-2,-15,-15,-18,-3,-11,-5,sil
2.2056596279144287,17,4,5,-13,-5,-18,-3,1,3,7,8,10,9,4,sil
2.2056596279144287,11,3,0,-2,4,-9,-3,0,15,18,16,9,15,5,sil
2.22029447555542,-1,2,0,1,9,-4,-20,0,16,12,18,12,10,-5,sil
2.236711502075196,2,8,5,0,6,-3,-18,2,16,10,32,23,11,-6,sil
2.236711502075196,11,16,0,0,11,-5,-6,0,13,13,38,24,20,1,sil
2.236711502075196,7,16,16,1,14,-5,-7,0,1,7,27,20,17,0,sil
2.2517518997192383,2,5,6,-4,3,-4,-8,0,-13,0,19,12,1,-8,sil
2.2517518997192383,1,2,-4,-1,0,-4,-8,-4,-24,-3,13,0,-8,-17,sil
2.268331527709961,-7,9,2,10,8,0,-4,-1,-22,-11,0,-12,-6,-15,sil
2.268331527709961,-12,3,-2,8,3,7,0,4,-12,-16,-9,-12,-7,-4,sil
2.283883571624756,0,0,2,3,-2,8,-1,7,-5,0,0,-5,-4,6,sil
2.2976274490356445,6,0,-1,13,0,7,5,5,6,19,8,-1,7,14,sil
2.2976274490356445,1,-6,3,15,-2,9,25,5,15,12,0,1,6,17,sil
2.3127453327178955,2,-9,12,5,-13,13,24,2,4,0,-4,5,1,15,sil
2.3127453327178955,-1,-8,-8,2,-10,9,8,-3,-3,-1,-1,0,2,9,sil
2.328373432159424,-12,-12,-6,-2,0,3,9,-5,-2,0,-18,-15,-5,0,sil
2.328373432159424,-9,-10,-2,-7,0,2,16,-2,-4,0,-25,-20,-10,0,sil
2.345374822616577,-5,-3,-6,-7,-6,6,7,0,-8,1,-17,-18,-5,0,sil
2.345374822616577,-13,-6,-8,-14,-5,11,-3,0,-9,-7,-24,-16,-5,-7,sil
2.360520124435425,-7,-12,-11,-19,-1,1,-6,-3,-7,-13,-31,-16,-8,-4,sil
2.360520124435425,8,-2,7,-16,-4,-8,-11,-6,0,-13,-19,-1,-7,0,sil
2.377619981765747,7,3,1,-11,-3,-10,-15,-4,15,-11,-3,10,0,-9,sil
2.377619981765747,3,0,-7,-10,-1,-16,-16,-1,20,-13,0,8,2,-14,sil
2.377619981765747,2,-2,4,-10,-5,-19,-12,1,10,-12,1,8,1,-3,sil
2.3926963806152344,-1,-1,0,-8,-1,-11,-5,4,6,0,18,15,9,0,sil
2.407357692718506,4,6,9,-1,10,-5,-2,4,11,11,40,24,21,1,sil
2.407357692718506,6,15,8,9,9,-8,-7,3,7,12,35,23,14,0,sil
2.424615859985352,-5,11,-4,12,2,-7,-14,2,-4,9,12,8,-3,-6,sil
2.424615859985352,0,13,7,21,12,1,-12,2,-9,5,12,2,-5,0,sil
2.424615859985352,12,18,6,37,20,6,2,0,-11,3,18,3,-5,4,sil
2.437433242797852,2,8,4,28,4,9,12,-5,-20,4,0,-3,-16,0,sil
2.4534854888916016,0,-3,-2,12,-1,20,23,-3,-11,11,-4,-7,-6,6,sil
2.4534854888916016,5,-3,-7,16,7,21,35,2,5,15,4,-7,11,15,sil
2.46882438659668,-4,-3,2,12,3,13,32,2,1,7,-8,-12,3,6,sil
2.46882438659668,-14,-11,-9,-10,-9,5,23,-3,5,3,-27,-18,-6,3,sil
2.4842844009399414,0,-11,-5,-25,-13,-1,13,-2,22,1,-25,-8,0,11,sil
2.4842844009399414,10,-5,0,-21,-12,-12,-3,0,16,-3,-13,0,5,0,sil
2.500362634658813,2,-7,-9,-22,-11,-18,-21,-7,-3,-12,-6,-1,0,-14,sil
2.500362634658813,-1,-6,-2,-28,-12,-11,-26,-7,-10,-20,-1,0,-2,-12,sil
2.515406847000122,0,0,0,-16,-11,-5,-19,0,-11,-19,8,9,2,-3,sil
2.515406847000122,4,2,7,-6,0,-5,-18,5,-19,-16,12,12,0,-7,sil
2.53096079826355,2,4,2,2,13,-1,-21,8,-13,-11,8,2,-5,-12,sil
2.53096079826355,-4,7,-6,20,14,8,-13,5,-3,-1,4,-6,-5,-3,sil
2.546624660491944,-15,1,10,21,6,12,-2,2,-8,2,-7,-10,-11,-1,sil
2.546624660491944,-21,-10,-7,0,4,6,0,0,-9,0,-25,-21,-20,-13,sil
2.5618374347686768,-15,-5,-11,-4,3,5,5,1,8,12,-21,-18,-9,-3,sil
2.5618374347686768,-1,6,8,8,-1,11,17,1,29,31,1,-1,12,13,sil
2.579333066940308,5,4,0,8,-2,5,12,0,25,21,17,1,15,6,sil
2.580331563949585,10,6,5,-2,4,-4,-4,0,6,-1,19,11,8,1,sil
2.593360185623169,12,10,10,0,8,-8,-2,-2,4,1,21,25,17,17,sil
2.593360185623169,4,0,6,3,0,-8,10,-7,14,13,11,15,22,25,sil
2.608290672302246,-7,-11,-2,-6,-11,-5,17,-5,9,3,-8,0,6,12,sil
2.608290672302246,-4,-10,-10,-13,-11,-7,11,0,-3,-9,-11,0,-1,0,sil
2.623668909072876,18,-1,10,-14,-9,-16,-4,0,-11,-17,4,12,7,-4,sil
2.623668909072876,31,8,10,-7,-6,-14,-15,0,-15,-23,14,21,5,-1,sil
2.6390721797943115,22,13,4,5,0,-1,-20,0,-24,-30,9,18,-11,0,sil
2.6390721797943115,5,10,9,10,1,5,-15,0,-21,-16,4,4,-14,-4,sil
2.6546316146850586,-5,4,-4,17,4,9,4,0,-2,14,-1,-14,-5,-5,sil
2.6546316146850586,-5,6,1,30,20,19,18,3,3,24,-11,-14,-6,1,sil
2.670929431915283,-4,2,-1,30,28,25,20,1,4,15,-7,-4,-5,2,sil
2.670929431915283,-12,-11,-15,4,5,16,18,-2,4,9,-11,-14,-7,-4,sil
2.685854196548462,-17,-17,-11,-18,-12,3,11,-1,0,3,-26,-29,-11,-1,sil
2.685854196548462,-13,-16,-17,-27,-13,-8,-3,-1,1,0,-23,-21,-4,0,sil
2.7017509937286377,-14,-14,-12,-34,-19,-17,-17,0,15,1,-10,-4,0,-10,sil
2.7017509937286377,-16,-7,-7,-22,-19,-19,-19,3,20,2,5,1,5,-15,sil
2.716272354125977,-7,4,0,-2,-8,-17,-17,0,0,-4,21,4,1,-9,sil
2.716272354125977,-2,9,10,2,-1,-7,-16,-1,-22,-18,16,5,-17,-12,sil
2.7333014011383057,-4,1,-1,3,4,4,-7,0,-17,-17,5,-1,-22,-18,sil
2.7333014011383057,0,-1,9,14,12,15,4,3,-3,-3,9,-1,0,0,sil
2.74782657623291,7,7,13,24,15,22,21,1,4,18,11,10,22,22,sil
2.74782657623291,10,7,-2,12,13,15,33,1,21,36,0,11,24,23,sil
2.763453483581543,3,-6,-3,-15,0,-2,17,0,21,20,-15,-4,9,7,sil
2.763453483581543,2,-8,-6,-17,-12,-13,-7,-8,1,-11,-10,-3,1,0,sil
2.7797281742095947,24,12,9,1,-4,-11,-11,-6,0,-16,14,21,15,6,sil
2.7797281742095947,34,18,22,1,3,-6,-7,6,0,-4,27,31,24,13,sil
2.795326471328736,17,7,8,-1,4,-6,-9,6,-12,-7,11,15,4,10,sil
2.795326471328736,4,12,7,15,8,-1,-4,0,-15,-18,-5,0,-15,-3,sil
2.810511827468872,-7,7,-7,18,5,5,2,1,-3,-10,-12,-20,-12,-18,sil
2.8275351524353027,-18,-9,-3,2,-1,13,4,3,1,8,-17,-23,-5,-10,sil
2.8275351524353027,-12,-10,1,4,0,18,7,2,10,16,-13,-10,-2,3,sil
2.8275351524353027,-10,-10,-14,0,-1,3,0,-4,8,1,-7,-8,-4,0,sil
2.843334436416626,-18,-16,-10,-27,-14,-10,-11,-8,-2,-10,-8,-6,-4,-2,sil
2.843334436416626,-5,-5,-9,-26,-12,-6,-7,-6,0,-5,0,3,0,2,sil
2.860589027404785,9,6,-1,-8,-4,-5,-10,-4,-3,-7,4,2,-4,-5,sil
2.860589027404785,-2,4,1,-5,0,-15,-19,-3,-18,-15,1,-5,-20,-23,sil
2.873656272888184,-15,2,-4,1,11,-5,-10,0,-17,-11,3,-7,-20,-18,sil
2.873656272888184,-2,8,14,24,17,13,5,6,-1,6,9,4,-1,7,sil
2.8892831802368164,9,5,11,34,8,12,19,0,9,27,6,13,11,23,sil
2.8892831802368164,0,-5,0,23,3,2,23,-1,5,21,-9,0,1,18,sil
2.906371116638184,-10,-11,-1,5,0,4,20,4,1,12,-16,-13,-5,4,sil
2.906371116638184,-1,-13,-8,-8,-11,2,14,5,10,17,-2,-5,10,1,sil
2.920487642288208,11,-7,0,-16,-14,-3,2,1,10,2,3,10,17,5,sil
2.9346728324890137,11,0,-3,-17,-6,-8,-6,0,-1,-14,2,14,7,0,sil
2.9346728324890137,9,-1,-2,-27,-11,-15,-8,0,-5,-11,9,15,7,-2,sil
2.95029091835022,14,-1,8,-31,-14,-17,-12,0,-2,-8,22,22,13,0,sil
2.95029091835022,18,17,3,0,11,-5,-10,0,-1,-7,39,23,12,2,sil
2.965381145477295,11,27,17,24,29,8,0,2,-4,-4,26,12,7,2,sil
2.965381145477295,-6,3,3,11,8,9,1,2,-8,-9,-17,-14,-3,-5,sil
2.9810690879821777,-19,-20,-18,-7,-12,12,2,-2,-9,-10,-39,-31,-17,-9,sil
2.9810690879821777,-13,-12,-8,3,-8,19,5,-3,-1,3,-25,-22,-18,-4,sil
2.9967808723449707,-6,0,-7,23,-2,7,0,-4,7,13,-20,-18,-12,0,sil
2.9967808723449707,-6,-2,-1,11,-8,0,-4,-4,14,12,-19,-14,-2,-3,sil
3.012382984161377,-7,-6,-2,-1,-5,6,2,1,30,17,0,-3,13,0,sil
3.012382984161377,-1,1,-5,-1,0,4,9,5,34,16,9,0,12,6,sil
3.0275180339813232,5,13,0,1,4,-2,4,0,15,0,12,4,2,0,sil
3.0275180339813232,4,11,-8,0,8,-8,-5,-6,-3,-9,26,16,7,-8,sil
3.042909383773804,-4,6,6,-7,3,-21,-17,-2,-14,-13,23,17,3,-8,sil
3.042909383773804,-7,9,9,-13,2,-22,-13,5,-16,-19,4,5,-13,-12,sil
3.0584864616394043,0,13,-2,1,14,-5,0,2,-14,-13,0,1,-15,-11,sil
3.0584864616394043,2,6,9,10,14,5,-2,0,-23,-8,-4,-1,-12,-4,sil
3.0746891498565674,-6,-10,3,0,0,4,-9,0,-32,-15,-18,-11,-13,-2,sil
3.0746891498565674,-12,-20,-1,-2,-6,5,-5,-3,-29,-6,-20,-20,-12,-1,sil
3.089696884155273,-4,-9,-1,6,0,9,5,-1,-13,15,-15,-14,-4,8,sil
3.089696884155273,5,-7,-2,4,1,8,15,2,6,21,-9,-3,5,22,sil
3.1052803993225098,6,-16,6,-11,-6,3,17,1,20,18,0,8,13,22,sil
3.1052803993225098,5,-10,0,-16,-11,-7,11,-5,28,22,10,14,20,20,sil
3.120322227478028,16,1,3,-11,-6,-9,2,0,29,15,14,19,25,18,sil
3.120322227478028,13,3,6,-6,-4,-1,-5,7,15,-1,16,17,17,3,sil
3.135746717453003,0,1,-2,-10,-9,-9,-15,0,-4,-17,11,7,-1,-11,sil
3.135746717453003,-1,5,4,-16,-7,-16,-18,0,-11,-26,5,5,-9,-14,sil
3.1518259048461914,-1,1,-4,-8,1,0,-5,0,-9,-18,11,0,-4,-14,sil
3.1518259048461914,-2,9,-1,18,5,13,4,0,-16,-10,7,-6,-10,-11,sil
3.1675961017608643,6,23,10,42,11,17,19,4,-12,-3,-3,-5,-10,2,sil
3.1675961017608643,2,11,0,34,13,20,27,4,0,8,-13,-9,-4,9,sil
3.18265962600708,-10,-9,-5,9,2,12,11,0,5,12,-19,-15,-5,0,sil
3.18265962600708,0,-5,-12,6,0,0,7,0,14,14,-10,-4,5,5,sil
3.1986172199249268,14,4,-1,16,5,0,17,4,29,21,-1,9,19,19,sil
3.1986172199249268,2,-2,0,7,0,4,5,-2,25,13,-10,3,10,7,sil
3.2135651111602783,-9,-15,-19,-16,-10,-2,-8,-12,15,4,-13,-7,3,-3,sil
3.2135651111602783,-9,-11,-4,-30,-8,-10,-19,-8,9,5,-3,-5,4,-4,sil
3.229664325714112,-8,-2,-4,-22,-5,-18,-40,-5,0,-5,-2,-6,-5,-19,sil
3.229664325714112,-1,2,-2,-9,-7,-18,-41,-4,-13,-27,-4,-7,-13,-29,sil
3.245708465576172,8,6,17,-6,-5,-12,-15,0,-15,-25,4,4,-2,-12,sil
3.245708465576172,8,4,7,-6,0,-13,-4,0,-16,-11,7,9,0,-2,sil
3.261313438415528,1,5,6,-9,1,-5,0,0,-30,-12,6,5,-8,-10,sil
3.261313438415528,-5,1,3,-10,2,3,13,1,-33,-18,12,0,-8,-8,sil
3.277346611022949,-11,0,-2,-4,4,-3,2,0,-29,-23,4,-5,-12,-5,sil
3.277346611022949,-8,6,6,6,5,-2,-6,5,-25,-14,-4,-8,-16,-4,sil
3.2924866676330566,-1,5,0,15,6,15,13,9,-5,10,8,-4,-2,10,sil
3.2924866676330566,-1,-2,3,17,9,23,26,7,12,23,15,3,8,17,sil
3.3075883388519287,-1,0,1,20,13,24,25,3,15,27,9,11,12,16,sil
3.3075883388519287,0,0,-5,10,6,21,20,0,21,33,10,10,16,21,sil
3.32475209236145,-3,-10,-1,-6,0,14,8,0,26,22,1,0,5,12,sil
3.32475209236145,-5,-6,-4,-1,3,6,7,-2,22,17,-4,-3,0,3,sil
3.340801477432251,5,0,4,6,-1,1,11,-4,23,29,7,4,14,14,sil
3.340801477432251,9,-7,-3,-3,-13,-9,0,-4,23,20,9,2,15,14,sil
3.355510711669922,-2,-14,-13,-18,-10,-15,-16,-3,8,-8,-13,-7,-13,0,sil
3.355510711669922,-7,-13,0,-22,-11,-10,-12,0,2,-14,-22,-5,-16,-8,sil
3.37185001373291,7,-3,-5,-14,-17,-9,-5,0,10,-7,0,9,9,-4,sil
3.37185001373291,17,10,3,0,-8,-14,-11,0,0,-19,3,12,-9,-1,sil
3.386472463607788,8,13,8,4,0,-15,-22,0,-16,-28,-15,-1,-28,-8,sil
3.401555061340332,4,8,-1,3,0,-16,-17,2,-6,-14,-3,-1,34,-12,sil
3.401555061340332,10,10,10,1,0,-14,-7,8,1,-6,8,9,63,-3,sil
3.417584180831909,1,7,0,0,0,-14,-14,0,-25,-27,-32,-8,-17,-8,sil
3.417584180831909,-7,6,-3,3,3,-9,-21,-5,-49,-44,-47,-22,-65,-23,sil
3.434473991394043,0,16,5,21,12,4,0,0,-26,-14,11,0,-17,-12,sil
3.434473991394043,6,13,5,29,16,17,17,3,2,18,37,6,11,4,sil
3.434473991394043,0,3,8,22,7,23,18,3,1,14,11,-4,-2,6,sil
3.449631929397583,-3,0,-2,18,5,22,20,1,0,12,12,-3,1,10,sorry
3.449631929397583,0,-3,2,6,8,21,19,0,3,21,18,0,9,14,sorry
3.4628031253814697,0,-10,6,-11,5,23,15,0,9,22,1,-1,1,5,sorry
3.479363441467285,-6,-13,-10,-22,-1,13,20,0,19,17,-4,-4,2,0,sorry
3.479363441467285,-6,-13,-3,-18,-6,-5,18,0,19,11,-2,0,11,5,sorry
3.495459079742432,-7,-15,-8,-6,-9,-15,0,-1,3,0,-9,1,2,6,sorry
3.495459079742432,-14,-15,-13,-7,-8,-7,-14,-6,-8,-8,-24,-6,-13,-5,sorry
3.5100855827331543,-13,-9,-2,-13,-3,1,-10,-7,-3,-1,-20,-9,-5,-8,sorry
3.5100855827331543,-2,-2,-2,-9,0,-1,-2,-4,12,11,3,2,13,1,sorry
3.5256495475769043,-1,-1,0,-9,2,-8,-5,0,17,9,13,9,10,0,sorry
3.5256495475769043,-6,-1,-11,-11,1,-9,-8,0,7,0,8,0,1,-8,sorry
3.5427026748657227,4,2,-2,-5,-3,-8,-8,-1,-3,-3,7,1,1,-3,sorry
3.5427026748657227,19,7,18,-1,-5,-2,-6,0,-3,-3,7,9,3,2,sorry
3.556785821914673,9,8,1,-2,-6,-3,-3,0,7,-5,11,5,4,1,sorry
3.556785821914673,0,10,1,-5,-16,-17,-8,1,7,-10,17,4,1,-3,sorry
3.572437763214112,10,10,4,0,-9,-19,-9,3,0,-6,17,18,1,-3,sorry
3.572437763214112,17,9,4,10,11,-3,-6,0,-8,0,13,20,0,4,sorry
3.587520837783813,0,7,8,11,13,2,-14,-2,-20,-12,0,-1,-9,0,sorry
3.587520837783813,-13,-1,-1,9,-2,-3,-21,-3,-31,-29,-18,-16,-22,-9,sorry
3.6034979820251465,-6,1,7,11,-3,1,-9,-1,-26,-20,-18,0,-19,-4,sorry
3.6034979820251465,5,11,8,19,10,16,11,5,-6,4,1,6,-3,8,sorry
3.61901330947876,7,4,1,22,12,18,20,12,-1,7,0,-7,-1,13,sorry
3.61901330947876,-2,-3,5,14,6,17,18,7,-8,-2,-9,-8,-10,3,sorry
3.634716749191284,-13,-2,-7,2,6,17,19,-4,-1,3,-6,-8,-8,-5,sorry
3.634716749191284,-8,-10,-6,-7,0,11,18,-2,18,15,-12,-17,-1,-3,sorry
3.650265455245972,-3,-14,-9,-3,0,5,11,4,21,16,-19,-15,1,2,sorry
3.650265455245972,-6,-7,-13,1,4,6,11,1,18,15,-11,-5,4,2,sorry
3.665766954421997,-6,-6,-2,-4,4,11,20,-1,24,19,-8,-6,7,1,sorry
3.665766954421997,3,-4,-8,-8,2,0,20,1,31,28,-5,-3,12,5,sorry
3.681774854660034,11,5,3,-7,-1,-12,5,1,25,21,4,5,17,6,sorry
3.681774854660034,4,-1,3,-16,-15,-10,-6,-7,12,0,5,2,16,2,sorry
3.6973717212677,-4,-17,-10,-20,-19,-10,-10,-11,-2,-14,0,-4,9,-1,sorry
3.6973717212677,1,-2,2,-9,-9,-16,-14,-4,-15,-18,1,6,5,-2,sorry
3.713013172149658,14,6,0,-6,-9,-21,-20,-6,-13,-10,8,15,9,0,sorry
3.713013172149658,15,0,4,-14,-14,-22,-24,-6,-10,-4,16,17,12,1,sorry
3.728538751602173,13,6,12,-4,-2,-14,-19,1,-10,-2,24,22,12,4,sorry
3.728538751602173,10,11,2,5,8,-6,-16,1,-12,-4,19,16,7,5,sorry
3.744596481323242,-1,5,7,-3,0,-8,-26,0,-21,-19,8,4,-10,-13,sorry
3.744596481323242,-15,4,0,0,1,-3,-26,0,-31,-32,3,-6,-28,-30,sorry
3.759753227233887,-15,9,-4,16,15,16,-6,2,-31,-28,-5,-15,-28,-24,sorry
3.759753227233887,-11,6,1,25,20,24,15,7,-12,-11,-10,-12,-18,-10,sorry
3.775337457656861,-4,2,0,24,16,14,26,6,7,4,-4,0,-7,4,sorry
3.775337457656861,8,3,13,18,12,14,24,1,15,17,2,9,1,16,sorry
3.790812730789185,8,0,9,13,3,13,11,2,15,27,1,7,7,13,sorry
3.790812730789185,-3,-6,-2,7,-4,1,0,-1,12,17,-6,-7,0,4,sorry
3.806318759918213,-6,-9,-7,1,-2,1,4,-4,6,1,-11,-16,-9,0,sorry
3.806318759918213,-2,-7,-8,-1,1,9,13,1,-2,0,-11,-10,-6,2,sorry
3.8222849369049072,-3,-4,3,-3,-4,3,8,5,-11,0,-12,-3,0,6,sorry
3.8222849369049072,-8,-7,-8,-17,-13,-5,0,0,0,-4,-11,-5,0,1,sorry
3.837810039520264,-9,-7,-10,-26,-11,-2,0,-3,22,5,-5,-7,2,-1,sorry
3.837810039520264,-1,0,1,-6,-2,5,2,-3,23,14,0,-5,6,2,sorry
3.853363513946533,0,0,-10,0,-1,-1,5,-1,7,0,-8,-11,0,0,sorry
3.853363513946533,-6,-5,-5,-22,-8,-6,4,4,2,-6,-13,-7,-6,-5,sorry
3.868476629257202,1,-6,-1,-17,-12,-4,3,0,12,9,12,8,5,10,sorry
3.868476629257202,14,0,0,7,-5,-10,1,-4,13,18,26,11,19,15,sorry
3.884492874145508,9,1,2,0,6,-7,1,0,6,7,9,5,12,-1,sorry
3.884492874145508,4,-2,-6,-13,7,1,-1,1,5,-1,12,14,8,-5,sorry
3.900538444519043,12,1,8,-7,-4,-3,-16,-1,0,-5,23,24,10,0,sorry
3.900538444519043,17,12,5,0,-1,-12,-24,-2,-12,-13,9,9,3,-3,sorry
3.9165773391723633,10,13,2,0,4,-11,-22,-3,-24,-20,-1,2,-8,-9,sorry
3.9165773391723633,5,12,21,11,1,-6,-18,-2,-20,-13,10,15,-3,-9,sorry
3.931754112243652,4,17,14,32,5,5,-3,1,-8,7,9,9,5,0,sorry
3.931754112243652,-4,12,8,32,12,17,8,2,-20,0,-16,-8,-9,3,sorry
3.9477908611297607,-18,-4,-1,13,10,15,4,-4,-35,-19,-27,-9,-21,-8,sil
3.9477908611297607,-13,-10,-6,12,11,20,9,0,-9,-1,-13,-7,-5,0,sil
3.963650703430176,-7,-4,5,20,12,30,30,12,34,27,-8,-12,4,25,sil
3.963650703430176,-16,-16,-15,0,0,7,29,6,37,16,-11,-17,-2,14,sil
3.979114532470703,-17,-27,-18,-28,-12,-16,6,-5,9,1,-11,-15,-6,-8,sil
3.979114532470703,-5,-17,-10,-26,-18,-13,-4,-2,0,9,-10,-14,3,-2,sil
3.993917465209961,-5,-6,-11,-17,-19,-15,-6,0,8,0,0,-12,8,2,sil
3.993917465209961,-7,-3,0,-24,-15,-16,-12,-3,-1,-21,7,-1,0,-11,sil
4.0185205936431885,0,3,-4,-19,-3,-4,-9,-4,-9,-13,2,6,-2,-14,sil
4.0185205936431885,22,19,6,0,4,-7,-5,1,0,0,11,17,7,0,sil
4.0185205936431885,34,29,14,13,4,-18,-7,4,10,-1,35,28,14,3,sil
4.041379451751709,21,23,4,19,1,-9,-5,0,-1,-5,26,18,0,-3,sil
4.041379451751709,10,15,10,17,8,2,-2,-2,-18,-13,0,4,-19,-11,sil
4.041379451751709,12,8,6,15,14,0,-7,0,-16,-12,0,0,-16,-7,sil
4.056429862976074,5,0,7,13,8,3,-10,0,-8,2,5,1,-3,3,sil
4.056429862976074,-12,-5,0,0,3,13,-3,1,-11,8,-2,5,5,7,sil
4.0723395347595215,-18,-9,-15,-14,0,14,2,4,-13,-2,-11,-3,7,4,sil
4.08985710144043,-13,-14,-2,-12,-3,12,4,4,-2,0,-13,-16,2,3,sil
4.08985710144043,-8,-13,-7,1,2,11,9,4,9,16,-12,-16,3,7,sil
4.08985710144043,-5,-5,-5,0,3,13,13,3,6,14,-13,-13,0,4,sil
4.102713584899902,-10,-1,0,-2,0,13,14,-3,-1,4,-14,-14,-7,-2,sil
4.102713584899902,-15,-5,-10,-1,2,-2,7,-11,-1,8,-12,-14,-6,-2,sil
4.120275974273682,-7,-10,2,-9,-5,-9,1,-8,6,10,-8,-5,-1,0,sil
4.120275974273682,1,-10,5,-12,-12,3,9,-2,19,10,0,3,3,1,sil
4.134753704071045,4,-3,5,0,0,0,12,0,22,9,3,2,4,5,sil
4.134753704071045,4,0,8,3,-1,-14,-1,1,15,0,0,3,1,9,sil
4.150447607040405,10,0,-2,-1,-12,-8,-4,3,21,-1,11,15,9,10,sil
4.166558265686035,20,9,7,-1,-2,0,0,2,23,5,32,26,14,6,sil
4.166558265686035,12,16,0,0,6,-11,-9,-2,5,-10,22,13,0,-4,sil
4.181577920913696,-6,5,-8,-1,-3,-19,-19,-2,-9,-32,-3,0,-10,-13,sil
4.181577920913696,-6,1,6,-2,-14,-5,-17,4,-14,-20,-5,7,-2,-15,sil
4.197610855102539,0,1,0,0,-8,0,-12,1,-21,-1,6,8,0,-15,sil
4.197610855102539,-8,0,0,0,3,4,-5,0,-26,-7,0,0,-11,-12,sil
4.197610855102539,-7,3,2,14,15,13,9,6,-11,-4,-1,0,-7,-4,sil
4.213863372802734,5,7,1,27,14,13,22,9,1,10,4,4,7,1,sil
4.227375745773315,2,-1,1,15,4,6,14,-2,-8,9,-5,-7,3,4,sil
4.227375745773315,-1,-7,-8,2,0,1,2,-8,-16,3,-14,-14,-2,9,sil
4.242816209793091,11,4,2,5,4,-3,5,-2,0,4,0,0,8,17,sil
4.242816209793091,18,10,2,6,6,-5,11,0,18,6,13,9,23,20,sil
4.258530378341675,10,2,-6,-7,0,-6,-2,-2,12,9,15,4,21,14,sil
4.258530378341675,4,1,2,-18,-4,-11,-25,0,0,0,12,5,3,1,sil
4.273722410202026,-1,5,-1,-10,-1,-13,-24,-1,-15,-22,0,-1,-17,-9,sil
4.273722410202026,-10,0,0,4,3,-1,-6,0,-30,-28,-17,-15,-29,-12,sil
4.289747714996338,-12,-7,1,8,2,9,2,2,-22,-9,-23,-18,-22,-9,sil
4.289747714996338,-10,-15,-5,-2,0,9,2,1,-1,3,-23,-20,-11,-7,sil
4.304893732070923,-13,-21,-2,-13,-3,9,9,0,5,11,-19,-23,-7,-8,sil
4.304893732070923,-19,-21,-11,-14,-13,6,8,-1,8,16,-17,-21,-12,-8,sil
4.3208723068237305,-22,-16,-9,-21,-14,3,-4,-4,8,6,-23,-15,-18,-10,sil
4.3208723068237305,-10,-9,-6,-24,-4,7,1,0,17,4,-9,0,2,-4,sil
4.3355488777160645,10,1,0,-12,0,1,15,5,35,21,22,21,35,17,sil
4.3355488777160645,16,11,16,-2,-4,-10,3,3,32,17,33,31,36,19,sil
4.3508594036102295,14,13,5,3,-7,-12,-6,0,11,-3,24,25,16,0,sil
4.3508594036102295,23,19,10,8,-2,-8,0,5,2,-10,16,19,7,0,sil
4.366447925567627,22,22,9,2,5,-7,2,6,7,-1,21,17,10,11,sil
4.366447925567627,0,10,-7,0,3,-5,-7,-3,0,-1,21,7,1,0,sil
4.382535219192505,-2,10,8,20,6,0,-15,-5,-23,-15,-1,-1,-20,-17,sil
4.382535219192505,3,16,9,36,24,9,-8,-1,-28,-16,-16,-6,-21,-11,sil
4.398808002471924,-4,3,3,28,20,13,1,-5,-22,-5,-6,-11,-7,-1,sil
4.398808002471924,-18,-8,-2,14,1,11,4,-5,-22,-1,-4,-15,-10,-10,sil
4.414296388626099,-15,-8,-10,4,3,5,8,0,-15,-1,-14,-12,-15,-5,sil
4.414296388626099,-10,-12,0,-1,6,0,7,0,-4,1,-16,-7,-7,12,sil
4.42985200881958,-6,-19,-2,1,-6,-2,1,-2,1,4,-11,-6,1,12,sil
4.42985200881958,4,-10,0,1,-8,2,5,3,17,11,0,3,14,9,sil
4.445637941360474,11,-4,4,-6,-3,7,12,6,29,20,16,9,25,21,sil
4.445637941360474,4,-16,-14,-17,-10,0,3,-2,14,11,12,-4,12,14,sil
4.461276292800903,0,-10,-5,-24,-12,-8,-3,-1,1,-4,-7,-4,0,-1,sil
4.461276292800903,12,6,3,-21,-8,-11,9,6,21,3,0,19,18,7,sil
4.476758003234863,22,7,2,-13,-14,-18,7,3,27,9,19,24,24,14,sil
4.476758003234863,6,7,5,-10,-14,-16,-10,0,0,-14,10,7,-2,-6,sil
4.492833614349365,-6,15,-1,-4,3,-8,-13,1,-7,-19,1,0,-13,-16,sil
4.492833614349365,5,18,9,8,10,-2,-6,1,2,-2,10,6,-2,-12,sil
4.508503675460815,6,11,1,14,11,4,-3,0,-4,-3,9,0,-2,-12,sil
4.508503675460815,-12,1,-6,6,17,11,-11,-1,-26,-18,-7,-8,-18,-12,sil
4.524011135101318,-20,-8,1,6,10,7,-17,-8,-39,-22,-23,-14,-28,-18,sil
4.524011135101318,-13,-8,-9,19,0,7,-2,-10,-33,-11,-22,-17,-18,-16,sil
4.539288520812988,-6,-2,-5,16,4,16,13,0,-11,3,-16,-9,-6,1,sil
4.539288520812988,-4,-3,0,6,8,15,10,1,-1,11,-21,-8,-11,6,sil
4.554709434509277,-6,-7,-2,1,-1,9,5,-2,-3,13,-26,-19,-8,0,sil
4.554709434509277,-9,-9,-7,-8,-11,6,1,0,8,16,-8,-14,4,6,sil
4.570273399353027,-12,-12,-20,-20,-13,-4,-10,-1,18,11,5,-4,6,5,sil
4.570273399353027,0,-3,1,-14,-8,-9,-12,-1,13,7,9,3,11,3,sil
4.585693359375,18,7,17,-1,-1,-3,0,3,22,21,26,20,31,15,sil
4.585693359375,8,1,1,-14,-7,-11,-5,0,20,14,30,17,24,3,sil
4.601763963699341,-8,-1,-4,-34,-13,-21,-21,-1,-11,-24,7,0,-7,-21,sil
4.601763963699341,-2,10,0,-19,-4,-14,-6,3,-26,-36,0,1,-14,-11,sil
4.617790937423706,10,18,17,3,6,-5,11,6,-8,-14,14,14,0,9,sil
4.617790937423706,10,15,18,11,12,-2,7,7,7,0,19,12,3,7,sil
4.633300542831421,7,8,7,23,15,3,10,5,12,5,4,3,-5,4,sil
4.633300542831421,8,0,12,28,15,20,27,2,17,17,-9,1,-6,6,sil
4.648680925369263,7,-7,-8,14,12,26,27,1,19,21,-6,-9,0,7,sil
4.648680925369263,5,-7,-3,7,2,14,19,0,11,9,-11,-13,1,16,sil
4.664295196533203,11,1,13,16,-2,6,19,0,11,4,-15,4,7,24,sil
4.664295196533203,22,1,-2,14,2,1,5,-2,14,14,3,17,19,18,sil
4.680473804473877,15,-6,-4,1,0,-3,-11,-7,11,18,24,14,24,12,sil
4.680473804473877,-4,-9,-7,-5,-8,-7,-5,-8,0,4,16,5,18,6,sil
4.69493579864502,-13,-5,-11,-15,-12,-14,-13,-5,-18,-19,-7,-3,0,-16,sil
4.69493579864502,-14,-4,-9,-22,-6,-20,-29,-4,-22,-26,-8,-3,-11,-30,sil
4.710536003112793,-16,-2,-10,-13,0,-10,-17,-2,-12,-16,5,2,-3,-19,sil
4.710536003112793,-12,7,1,-1,0,0,-4,2,-23,-22,-1,0,-5,-18,sil
4.726645469665527,-10,8,-4,0,-4,-4,-15,0,-31,-29,-9,-8,-19,-28,sil
4.726645469665527,-13,3,-4,0,0,-6,-15,0,-13,-11,-1,-10,-19,-20,sil
4.741808652877808,-14,2,5,7,9,5,0,1,-15,2,-14,-10,-21,-15,sil
4.758361577987671,-16,-6,-4,8,4,13,6,-2,-24,-5,-37,-23,-31,-14,sil
4.758361577987671,-16,-17,-2,2,-6,15,4,-3,-10,-15,-35,-32,-28,-2,sil
4.758361577987671,-9,-14,-8,1,-8,13,8,0,0,-9,-25,-29,-19,7,sil
4.774988651275635,2,-7,-7,0,0,9,14,2,4,10,-17,-15,-5,16,sil
4.774988651275635,15,-2,11,-7,2,12,17,4,27,38,0,5,24,30,sil
4.788293838500977,18,0,5,-1,-7,2,10,4,47,49,17,17,40,25,sil
4.8043906688690186,7,0,6,-2,-14,-18,-8,0,34,28,17,17,25,8,sil
4.8043906688690186,2,3,1,-13,-6,-18,-12,-2,21,12,23,13,16,6,sil
4.8043906688690186,12,16,1,-8,1,-3,-2,1,16,9,30,13,13,9,sil
4.820793867111206,17,17,10,2,3,-1,-3,5,8,-3,26,17,6,2,sil
4.820793867111206,3,0,0,-3,0,-4,-7,1,1,-14,19,15,5,-2,sil
4.83536171913147,0,-4,0,-7,-4,-4,-6,0,-3,-11,17,12,3,-5,sil
4.850327730178833,8,9,6,2,1,-5,0,0,-6,-7,21,11,1,-1,sil
4.850327730178833,11,16,9,5,11,-4,8,3,-3,-5,17,14,3,2,sil
4.867387771606445,9,10,13,10,11,0,8,2,-10,-3,9,16,-3,-2,sil
4.867387771606445,15,10,2,23,13,4,3,-3,-19,-9,7,12,-7,-2,sil
4.868420839309692,17,15,10,21,10,6,0,-7,-17,-12,2,10,1,11,sil
4.885457992553711,6,7,1,11,0,0,-1,-2,-9,0,-1,7,8,16,sil
4.885457992553711,-1,-2,-12,10,0,-6,-9,4,-3,6,-4,-6,3,3,sil
4.898666620254517,-4,0,2,11,2,0,-6,3,0,1,-15,-16,-1,-8,sil
4.916708469390869,-4,-2,-2,8,0,5,4,-7,-9,0,-20,-12,-1,-5,sil
4.916708469390869,-11,-14,-6,-6,-1,0,6,-8,-19,-5,-22,-10,-9,-3,sil
4.916708469390869,-27,-23,-11,-21,-5,3,4,-2,-13,-12,-33,-22,-18,-18,sil
4.931275129318237,-32,-24,-19,-23,-8,10,7,-2,-3,-8,-37,-37,-16,-22,sil
4.931275129318237,-24,-19,-8,-25,-3,0,1,0,-6,-9,-26,-34,-14,-18,sil
4.946305990219116,-27,-19,-20,-29,-1,-3,-2,3,-2,-8,-22,-30,-16,-19,sil
4.946305990219116,-26,-16,-15,-27,-3,13,1,4,12,0,-21,-22,-11,-10,sil
4.962407112121582,-7,-5,1,-17,-5,13,1,3,20,6,-9,-6,-5,3,sil
4.962407112121582,4,-1,-1,-1,-4,0,0,2,17,11,2,3,0,4,sil
4.981537103652954,3,0,9,9,0,2,0,5,16,17,5,6,7,6,sil
4.981537103652954,2,5,6,8,2,0,-7,0,12,8,2,3,4,8,sil
4.994551420211792,11,8,7,12,-1,-14,-12,-6,0,0,3,6,-5,3,sil
4.994551420211792,22,13,11,24,-3,-4,1,0,6,10,18,21,3,7,sil
5.00968599319458,24,21,5,23,1,1,8,5,17,12,30,28,16,15,sil
5.00968599319458,19,24,11,16,5,-2,0,0,6,0,28,26,13,12,sil
5.024748086929321,15,14,0,19,2,-3,1,0,0,0,27,24,14,12,sil
5.042269706726074,13,5,0,13,-3,-8,6,0,7,8,26,23,17,14,sil
5.043270349502564,13,6,13,2,-5,-7,5,0,13,8,23,22,17,7,sil
5.043270349502564,13,9,3,3,-2,-5,0,0,6,8,21,15,19,7,sil
5.056294918060303,7,5,8,0,0,-7,-7,-2,-9,-4,16,7,13,5,sil
5.056294918060303,0,-4,3,-12,0,-6,-9,-8,-16,-24,7,3,3,-9,sil
5.074338436126709,3,-3,0,-13,0,-8,-10,-4,-17,-28,3,4,0,-11,sil
5.074338436126709,1,5,5,-6,-1,-10,-13,1,-27,-13,0,2,-3,-1,sil
5.088459253311157,-10,-4,-3,-1,-4,-1,-14,-5,-28,0,-11,-11,-16,-7,sil
5.1044909954071045,-21,-16,-1,-9,-4,5,-15,-11,-26,-9,-30,-28,-33,-23,sil
5.1044909954071045,-25,-12,-10,-14,7,11,-7,-3,-24,-19,-33,-37,-27,-24,sil
5.1044909954071045,-21,-9,-10,-5,13,22,8,8,-11,0,-22,-31,-9,-9,sil
5.120560884475708,-9,-7,0,6,6,25,16,7,4,20,-16,-19,-2,4,sil
5.120560884475708,0,-6,-14,7,5,18,22,0,11,17,-16,-14,-1,7,sil
5.136588335037232,0,-8,-2,0,8,18,34,2,18,9,-18,-6,0,10,sil
5.136588335037232,0,-6,0,0,9,13,34,5,34,17,-16,-1,3,17,sil
5.153637886047363,1,1,-9,2,6,6,20,3,40,21,-14,-3,6,13,sil
5.153637886047363,0,0,-2,-4,-2,2,4,3,31,10,-7,0,4,0,sil
5.167648077011108,1,-4,-11,-10,-10,-18,-13,0,19,3,10,13,7,-4,sorry
5.18271541595459,11,6,1,-7,-11,-33,-25,0,12,1,30,25,16,1,sorry
5.18271541595459,21,16,12,0,-10,-23,-19,2,6,0,34,28,13,0,sorry
5.18271541595459,8,11,0,-1,-5,-17,-19,-2,-5,-11,19,18,-4,-10,sorry
5.198843002319336,-16,3,0,-10,-3,-22,-33,-7,-29,-33,-4,-3,-23,-27,sorry
5.198843002319336,-21,-1,-1,-5,-6,-18,-30,-8,-48,-43,-14,-19,-29,-29,sorry
5.215441942214966,0,0,9,7,-1,0,-12,-5,-49,-31,-3,-8,-19,-9,sorry
5.215441942214966,4,2,5,9,6,9,0,0,-33,-15,10,6,-4,3,sorry
5.230652809143066,-6,4,-7,10,5,9,12,3,-12,-5,9,-2,-2,2,sorry
5.230652809143066,-3,2,8,22,1,22,23,5,1,8,-4,-12,0,2,sorry
5.244081258773804,8,-2,7,23,4,29,31,8,15,33,-3,0,20,11,sorry
5.261147975921631,10,-1,5,8,9,10,29,7,26,37,18,18,34,26,sorry
5.261147975921631,7,4,4,2,9,0,15,0,21,14,19,11,24,31,sorry
5.277796983718872,0,2,-8,3,0,4,0,-5,6,0,-5,-3,5,16,sorry
5.277796983718872,-8,-5,-3,-5,-10,4,-2,-4,3,5,-17,-5,-3,-4,sorry
5.277796983718872,-9,-10,-4,-11,-7,-2,0,-4,5,3,-8,-4,-4,-9,sorry
5.292740106582642,0,-6,2,-6,-1,-2,-10,0,0,-4,-9,-5,0,-1,sorry
5.308710336685181,5,1,2,1,-2,0,-11,4,2,0,-10,-3,0,2,sorry
5.308710336685181,5,2,-4,3,-3,-1,0,0,15,6,0,0,0,8,sorry
5.308710336685181,0,0,5,-2,0,-6,0,-4,14,2,-2,1,0,3,sorry
5.324759244918823,-7,-7,-9,-11,-1,-10,-13,-1,8,-2,-13,-6,-4,-8,sorry
5.340270519256592,-2,-10,-8,-14,-8,-9,-6,0,9,6,-3,-2,-6,-7,sorry
5.340270519256592,6,-3,4,-14,-7,0,10,-1,11,16,14,8,0,-3,sorry
5.340270519256592,1,-1,-6,-15,-2,2,8,-3,3,4,11,0,0,-6,sorry
5.35630464553833,0,-3,0,-17,-5,-5,-7,0,-3,-6,6,0,0,-4,sorry
5.35630464553833,9,1,3,-5,-2,-5,-1,6,3,2,14,13,12,1,sorry
5.3726983070373535,10,10,3,1,10,3,13,4,7,0,8,7,10,-3,sorry
5.3726983070373535,5,14,7,4,14,5,13,2,-4,-12,0,3,-4,-10,sorry
5.387739181518555,5,11,-4,12,5,-4,-1,-2,-13,-13,0,3,-9,-7,sorry
5.4026501178741455,4,4,1,14,2,-7,-15,-6,-20,-14,0,-3,-7,0,sorry
5.4026501178741455,1,3,0,7,12,-1,-12,-1,-28,-6,9,-1,-2,5,sorry
5.4026501178741455,0,9,0,6,15,1,-11,1,-33,-7,11,8,-3,5,sorry
5.419859409332275,-1,8,10,9,6,0,-28,-5,-30,-22,-2,4,-8,-3,sorry
5.419859409332275,-2,0,0,6,2,-5,-32,-9,-16,-16,-4,-2,-2,-5,sorry
5.435743808746338,-3,-2,5,5,3,0,-9,0,-5,0,-2,-1,-3,0,sorry
5.435743808746338,-6,-5,0,7,4,12,16,8,6,1,-2,0,-6,4,sorry
5.450338363647461,-13,-15,-8,0,0,19,27,9,14,6,-5,-8,-1,2,sorry
5.4653730392456055,-23,-15,-5,-9,-8,12,21,9,13,16,-14,-18,-2,-6,sorry
5.4653730392456055,-27,-9,-9,-1,-9,1,13,3,16,8,-14,-14,-6,-8,sorry
5.479948043823242,-21,-9,-1,0,-12,0,10,-1,16,-3,-6,-5,-3,-4,sorry
5.479948043823242,-16,-12,-4,-6,-18,0,10,-6,1,-2,-15,-14,0,-6,sorry
5.495699644088745,-2,-7,-6,-1,-15,3,13,-3,0,3,-20,-18,0,0,sorry
5.495699644088745,16,4,17,9,-6,9,17,8,13,11,0,-3,6,15,sorry
5.5116002559661865,25,9,7,9,-4,0,10,3,15,17,9,4,11,19,sorry
5.5116002559661865,26,9,4,7,-3,-9,-1,-9,-4,6,0,13,8,17,sorry
5.5297040939331055,22,8,6,5,1,-3,-6,-4,-14,0,1,25,13,14,sorry
5.5297040939331055,12,1,-2,-6,3,-5,-15,2,2,8,18,22,16,6,sorry
5.544732093811035,5,-1,1,-14,0,-9,-19,-1,17,4,10,6,5,-3,sorry
5.544732093811035,0,0,-8,-10,5,-1,-6,-6,15,-5,-5,-7,0,-5,sorry
5.561794757843018,-5,0,-8,-15,5,-4,-5,-3,15,5,-1,-5,6,-4,sorry
5.561794757843018,-6,-1,-3,-21,0,-13,-10,3,20,13,6,5,4,-3,sorry
5.561794757843018,2,9,-5,-9,6,-4,1,8,10,1,8,6,1,-2,sorry
5.576306104660034,9,17,4,-2,12,3,6,2,-5,-4,11,7,1,-5,sorry
5.591660737991333,0,2,0,-11,-1,-8,-7,-6,-14,-13,6,1,-6,-14,sorry
5.591660737991333,-5,-6,0,-12,-6,-15,-15,0,-18,-24,0,-5,-14,-19,sorry
5.591660737991333,7,8,4,5,4,-5,-5,6,-12,-10,15,7,-6,-8,sorry
5.606159925460815,10,9,0,15,6,-3,-2,3,-7,1,24,15,-1,4,sorry
5.622270345687866,-4,-6,9,9,0,1,-9,0,-23,-15,2,-1,-12,3,sorry
5.622270345687866,-10,-9,8,15,1,12,-6,-3,-34,-21,-16,-13,-17,-2,sorry
5.637868404388428,-2,-4,9,27,2,17,2,-10,-29,-9,-19,-8,-14,-3,sorry
5.637868404388428,-2,-5,3,27,2,14,1,-4,-20,-3,-13,-8,-5,1,sorry
5.654445171356201,-3,0,-10,23,8,14,8,3,-5,10,-3,-5,7,10,sorry
5.654445171356201,4,7,6,23,11,22,27,4,12,29,5,2,15,17,sorry
6.917442083358765,-33,-11,-29,-7,3,6,8,-6,-36,-27,-39,-40,-31,-33,sorry
6.917442083358765,-32,-7,-4,-17,5,18,20,5,-8,-14,-39,-27,-26,-25,sorry
6.932615041732788,-16,-1,-14,1,11,27,47,9,31,29,-5,-15,-1,1,sorry
6.932615041732788,0,-4,-11,2,5,20,59,7,46,49,4,-12,16,17,sorry
6.948691368103027,5,-7,5,-11,-3,11,43,9,48,41,-8,-4,16,18,sorry
6.948691368103027,3,-13,-10,-17,-9,1,16,3,49,24,-15,-7,7,17,sorry
6.964769124984741,7,-12,5,-29,-12,-3,3,2,42,13,-9,-6,1,19,sorry
6.964769124984741,18,-6,2,-26,-8,-5,4,7,35,19,8,13,12,30,sorry
6.980311632156372,32,1,8,-8,-5,-17,-10,3,18,5,16,29,17,34,sorry
6.980311632156372,32,15,18,2,0,-19,-34,-7,-4,-20,14,30,10,24,sorry
6.996328830718994,29,20,-2,15,7,-16,-44,-7,-11,-18,28,29,16,15,sorry
6.996328830718994,30,17,17,22,8,-13,-38,-2,-9,-6,48,38,28,6,sorry
7.012442588806152,12,12,10,14,5,-10,-19,-7,-8,-11,41,30,23,-7,sorry
7.013442993164063,-7,12,-5,13,6,-8,-10,-9,-17,-25,21,14,9,-23,sorry
7.026603698730469,-5,17,16,28,8,-3,-6,0,-26,-23,22,17,7,-24,sorry
7.026603698730469,-7,7,0,26,2,0,1,2,-17,-8,25,10,9,-15,sorry
7.042821645736694,-26,-4,-9,3,-7,1,0,6,-14,-7,2,-7,-6,-26,sorry
7.05849289894104,-36,-5,-6,5,0,11,0,7,-16,-5,-14,-19,-21,-31,sorry
7.05849289894104,-22,1,2,17,18,19,14,2,-15,6,-15,-22,-16,-4,sorry
7.05974555015564,-7,0,12,9,9,14,11,-1,-16,4,-22,-23,-15,6,sorry
7.076277017593384,-2,-11,-4,2,-3,3,2,-2,-17,-7,-33,-24,-30,-2,sorry
7.076277017593384,3,-12,8,4,0,3,11,-1,-10,-3,-34,-16,-32,4,sorry
7.090339660644531,6,-5,10,-3,-7,2,14,0,-3,4,-27,-11,-19,16,sorry
7.090339660644531,4,-5,-4,-14,-22,1,0,-3,-1,2,-23,-11,-12,12,sorry
7.105386257171631,12,-1,1,-7,-12,5,0,-1,6,9,-15,-2,-1,13,sorry
7.105386257171631,14,0,-8,-4,-7,1,5,0,17,20,-1,6,13,22,sorry
7.120975732803345,-1,-8,-9,-21,-16,-6,-5,-1,11,7,0,0,12,16,sorry
7.121976375579834,-12,-12,-10,-23,-6,-1,-5,1,10,0,-7,-14,2,-1,sorry
7.137588739395142,-16,-12,-21,-16,0,3,12,0,24,14,-14,-20,-1,-18,sorry
7.137588739395142,-18,-8,-14,-20,0,5,13,0,31,19,-7,-17,1,-23,sorry
7.152806282043457,-12,-5,-19,-18,11,4,5,1,28,8,1,-14,9,-20,sorry
7.152806282043457,-13,-5,-12,-19,8,-7,1,4,14,-7,4,-2,5,-15,sorry
7.1673903465271,-11,-5,-3,-16,-1,-12,-2,0,-2,-16,14,11,2,-9,sorry
7.184549331665039,12,1,2,-2,2,-7,-3,-5,-1,-10,24,20,12,-2,sorry
7.184549331665039,23,4,11,-1,1,-12,-6,0,4,-3,23,23,18,0,sorry
7.184549331665039,14,7,9,-4,-6,-22,-9,4,-7,-8,22,24,11,7,sorry
7.197733402252197,28,23,22,15,0,-10,-5,0,-18,-11,23,27,8,22,sorry
7.2135913372039795,39,27,24,26,11,3,0,5,-10,0,23,29,14,22,sorry
7.2135913372039795,27,13,13,20,5,-1,-12,7,-11,2,18,25,10,11,sorry
7.228423833847046,18,12,16,23,-2,-3,-23,-7,-27,-7,8,19,-1,9,sorry
7.228423833847046,10,16,8,26,1,4,-13,-12,-26,-10,4,9,-5,7,sorry
7.24451208114624,-2,10,12,22,8,7,0,0,-12,-6,3,2,-4,2,sorry
7.24451208114624,-9,6,6,25,7,4,6,3,1,0,-1,0,-3,3,sorry
7.259828329086304,-23,-5,-16,10,2,5,12,-4,8,8,-16,-14,-11,-4,sorry
7.259828329086304,-43,-18,-16,-15,0,10,6,2,4,7,-27,-29,-19,-24,sorry
7.275846004486084,-43,-14,-12,-8,6,17,7,8,5,2,-19,-31,-10,-21,sorry
7.275846004486084,-21,-5,-7,4,9,17,13,3,10,8,-5,-26,-5,-8,sorry
7.29150915145874,-14,-11,-10,-2,-2,10,3,-3,1,10,-13,-26,-14,-15,sorry
7.29150915145874,-20,-17,-12,-18,-16,1,-10,-4,-10,-3,-29,-30,-22,-18,sorry
7.307560205459595,-6,-7,0,-13,-12,0,-4,-1,-2,-6,-16,-21,-13,-2,sorry
7.307560205459595,19,2,2,5,2,6,12,0,14,11,11,3,5,16,sorry
7.322692632675171,23,3,5,5,4,5,15,0,14,15,3,12,10,21,sorry
7.322692632675171,4,-9,-1,-11,-4,-3,5,4,2,-2,-17,-8,0,10,sorry
7.33864951133728,0,-16,-8,-15,-9,-10,2,2,3,-9,-12,-11,0,7,sorry
7.33864951133728,16,-3,5,-9,-4,-8,3,0,10,0,0,12,12,11,sorry
7.354256868362427,25,7,4,-4,-1,-10,-1,0,6,3,1,20,17,15,sorry
7.354256868362427,19,8,8,3,0,-9,3,-3,4,0,4,16,15,14,sorry
7.369721412658691,13,4,7,6,0,-5,10,-3,10,0,16,18,18,5,sorry
7.369721412658691,8,0,-4,-7,-6,-5,-4,0,14,2,21,19,23,0,sorry
7.385315895080566,1,-1,3,-17,-9,-5,-16,0,14,0,15,17,17,0,sorry
7.385315895080566,-8,0,-1,-8,0,-2,-7,-2,5,0,7,6,1,-14,sorry
7.400700807571411,-14,4,-6,-1,3,-6,-11,0,-21,-6,1,-2,-11,-31,sorry
7.400700807571411,-13,9,-5,-6,-2,-12,-21,3,-36,-16,-1,1,-12,-20,sorry
9.24360203742981,-5,-13,-7,0,-5,4,12,-4,11,3,-5,-4,0,1,sil
9.24360203742981,3,-1,-1,8,9,10,6,-6,2,8,1,2,4,7,sil
9.258795499801636,6,-1,12,6,12,7,9,-1,-4,14,0,6,-2,9,sil
9.258795499801636,-3,-9,-4,-8,0,-1,2,-1,-7,6,-5,1,0,4,sil
9.274332523345947,-7,-2,-2,-13,-10,-9,-7,-2,-4,2,-5,0,11,1,sil
9.274332523345947,2,2,10,-1,-3,-4,0,-3,4,14,2,3,11,7,sil
9.289456367492676,5,0,0,-1,5,1,4,-5,5,20,8,7,3,4,sil
9.289456367492676,-4,0,0,-14,0,-2,-6,-2,-5,2,1,-3,-1,-10,sil
9.306097984313965,-16,-5,-14,-19,-13,-9,-14,-3,-9,-12,-12,-24,-11,-15,sil
9.306097984313965,-19,-10,-15,-17,-13,-3,-12,-6,-4,-5,-20,-32,-18,-10,sil
9.320742845535278,-9,-1,0,-17,-3,1,-9,0,0,6,-10,-17,-5,-11,sil
9.336277723312378,0,1,-6,-10,-5,-1,-8,8,0,-1,0,-3,1,-5,sil
9.336277723312378,-3,3,-2,-2,-4,-2,-10,5,-4,-13,1,-5,-4,1,sil
9.336277723312378,0,7,1,6,9,0,-2,1,-3,-5,6,-3,0,1,sil
9.353180408477783,10,2,5,9,6,1,4,1,4,0,3,8,9,0,sil
9.353180408477783,2,-2,7,-1,-6,0,-4,-1,2,-12,-6,8,0,-3,sil
9.368305921554564,-2,0,-6,-6,0,0,-4,-5,-5,-23,-6,-6,-11,-3,sil
9.368305921554564,11,5,4,5,8,2,11,0,0,-22,0,2,-7,5,sil
9.3837308883667,17,7,5,18,3,6,13,4,15,-3,10,23,7,11,sil
9.398297548294067,10,3,5,15,1,0,0,2,17,14,14,16,12,4,sil
9.398685932159424,11,0,11,5,3,-11,-4,-1,11,11,8,6,7,5,sil
9.398685932159424,13,2,0,1,-1,-7,1,-3,7,6,7,13,9,12,sil
9.413732528686523,6,1,0,-3,-4,4,6,3,5,9,9,17,12,6,sil
9.43028163909912,-2,-4,-3,-11,0,2,9,6,7,8,4,6,9,0,sil
9.43028163909912,-1,-3,0,-5,-3,-8,0,1,3,1,4,4,6,2,sil
9.446303367614746,0,2,11,2,-6,-2,-8,0,-6,0,9,12,2,0,sil
9.446303367614746,-9,-3,-4,-3,0,4,-5,-2,-15,-1,5,2,-5,-14,sil
9.461367845535278,-14,-7,-3,-4,-2,-3,-8,-4,-24,-7,-3,-9,-11,-20,sil
9.461367845535278,-2,0,2,9,-6,-9,-13,0,-26,-11,-2,-3,-11,-4,sil
9.461367845535278,4,2,0,14,6,-2,-6,1,-18,-7,1,1,-8,5,sil
9.47755765914917,3,4,11,14,14,8,1,0,-8,2,5,3,0,2,sil
9.49374008178711,6,11,3,22,11,16,5,-1,-1,14,6,4,5,6,sil
9.49374008178711,5,9,3,21,17,21,13,0,-3,14,-7,-5,-5,13,sil
9.510375499725342,-6,1,0,7,18,17,19,0,2,8,-22,-23,-7,7,sil
9.510375499725342,-15,-5,-14,-8,-2,7,23,1,15,10,-24,-26,3,3,sil
9.510375499725342,-17,-18,-13,-25,-23,5,23,7,15,11,-33,-25,0,1,sil
9.525489091873167,-27,-31,-25,-35,-20,0,10,2,11,-2,-40,-33,-12,-10,sil
9.525489091873167,-27,-25,-15,-40,-17,-20,-10,-8,6,-19,-27,-28,-14,-19,sil
9.539896965026855,-4,-5,-4,-35,-19,-26,-20,-6,0,-15,1,-1,0,-15,sil
9.553947687149048,11,10,-3,-13,-8,-16,-19,0,2,-2,22,18,16,-3,sil
9.553947687149048,6,15,10,1,4,-8,-19,3,13,-3,24,19,7,1,sil
9.56914734840393,6,15,9,7,5,-7,-10,4,13,-2,27,11,1,0,sil
9.56914734840393,14,20,12,10,6,-8,-2,0,2,2,27,12,9,0,sil
9.58377981185913,10,18,10,17,10,-6,-6,-2,-3,0,19,12,2,0,sil
9.58377981185913,11,7,-1,26,12,3,-3,0,-1,-5,17,13,-5,4,sil
9.599467754364014,18,4,14,27,15,13,1,3,0,1,16,23,3,11,sil
9.599467754364014,12,2,9,19,13,4,-4,-1,-4,4,3,15,2,4,sil
9.615643501281738,1,3,-1,10,2,4,-10,-3,-5,-5,-11,-5,-12,-2,sil
9.615643501281738,0,4,-2,10,1,19,0,0,0,-5,-14,-5,-8,2,sil
9.631287813186646,1,-2,-3,9,11,16,15,1,8,10,-5,3,4,8,sil
9.631287813186646,8,-8,11,3,5,1,17,3,9,15,4,3,5,6,sil
9.64664912223816,6,-12,2,-8,-8,0,15,0,0,9,0,-2,2,8,sil
9.64664912223816,-4,-19,-9,-21,-8,7,13,-2,-8,7,-6,-8,0,7,sil
9.662752151489258,-10,-14,-5,-22,-4,6,13,-2,-11,2,-4,-6,0,-1,sil
9.662752151489258,-11,-9,-8,-12,-13,-2,5,-2,-15,-3,-14,-9,1,-3,sil
9.678356170654297,-8,-6,0,-8,-17,-5,-3,0,-16,-4,-24,-6,-1,3,sil
9.678356170654297,-5,0,-4,-9,-11,-2,-1,-3,-12,-2,-7,1,-2,1,sil
9.693382501602173,-6,-1,-6,-10,-15,-10,-2,-8,-13,-7,-2,-1,0,-8,sil
9.693382501602173,-8,-4,2,-6,-14,-13,-8,-2,-7,-8,-12,-12,-3,-13,sil
9.709498643875122,-5,2,-3,-1,0,-5,-8,0,7,1,-5,-8,-5,-9,sil
9.709498643875122,-3,5,2,-4,3,-4,-9,2,10,1,0,2,2,-3,sil
9.72559928894043,-1,0,-3,-6,0,-10,-13,4,11,-7,4,6,14,0,sil
9.72559928894043,6,8,-3,-2,5,-15,-16,3,14,-16,19,10,11,0,sil
9.741530895233154,15,20,14,2,10,-16,-19,1,8,-16,27,19,1,0,sil
9.741530895233154,10,14,3,12,8,-8,-20,-1,-3,-9,21,18,0,-2,sil
9.757798433303831,-2,5,2,21,10,4,-10,0,-17,-5,10,5,-9,-6,sil
9.757798433303831,-2,5,5,29,16,14,9,4,-12,-2,1,-7,-12,-4,sil
9.77375626564026,6,1,0,23,13,24,26,0,5,4,-2,-9,-5,2,sil
9.77375626564026,-4,-6,0,4,4,26,29,-1,16,17,-8,-12,-11,0,sil
9.789782524108888,-22,-12,-15,-5,0,13,28,5,11,24,-13,-22,-18,-5,sil
9.789782524108888,-13,-8,-9,-2,-2,11,24,6,6,20,-11,-15,-9,2,sil
9.805291652679443,5,0,1,2,0,19,18,0,22,18,-4,2,7,18,sil
9.805291652679443,8,2,-1,5,4,8,13,0,38,27,-2,5,21,22,sil
9.820341110229492,0,0,2,0,0,-4,3,1,26,27,-5,0,20,11,sil
9.820341110229492,0,-3,-3,-10,-5,-8,-9,-6,7,7,-4,-2,9,0,sil
9.835728406906128,7,-5,2,-15,-6,-15,-22,-12,-6,-16,-5,0,1,-3,sil
9.835728406906128,9,-4,1,-13,-10,-21,-25,-4,-24,-24,-3,2,2,-6,sil
9.851308822631836,4,-1,-8,-18,-15,-20,-26,-1,-33,-28,2,3,-1,-8,sil
9.851308822631836,1,0,7,-26,-13,-13,-29,-4,-29,-36,5,8,-11,-15,sil
9.866652727127075,4,0,4,-11,-4,-6,-19,0,-21,-21,6,14,-5,-10,sil
9.866652727127075,15,8,6,7,5,-4,-3,5,-15,-3,16,19,5,9,sil
9.881586074829102,13,16,12,7,9,-3,1,6,-14,-5,24,20,9,17,sil
9.881586074829102,-2,10,1,5,5,0,6,2,-10,-4,11,9,4,5,sil
9.896618366241457,-13,5,4,15,7,4,15,2,-3,5,-8,-9,-6,-5,sil
9.896618366241457,-10,2,0,25,12,9,21,0,0,11,-14,-20,-11,-5,sil
9.91267442703247,-4,-3,0,15,1,15,21,0,3,20,-12,-13,-2,6,sil
9.91267442703247,-4,-13,0,1,-12,15,20,2,13,23,-6,-8,5,14,sil
9.928739309310911,-7,-19,-12,-9,-9,7,16,0,19,10,-7,-12,0,3,sil
9.928739309310911,-7,-13,0,-13,0,2,9,-1,11,0,-18,-13,-8,-11,sil
9.943329811096191,-3,-5,-1,-7,1,0,0,0,9,1,-10,-7,-1,-8,sil
9.96042013168335,0,-4,-3,0,-1,-4,-11,0,17,4,16,4,13,-1,sil
9.96042013168335,4,1,4,-2,0,-8,-17,-3,14,-7,23,19,10,-4,sil
9.96042013168335,3,11,-2,-5,1,-14,-21,-5,0,-18,10,18,-1,-7,sil
9.975450992584229,5,16,1,-2,5,-10,-23,0,-3,-9,10,13,-1,-7,sil
9.975450992584229,4,11,-3,0,4,-3,-16,1,-1,0,13,11,0,-7,sil
9.990348815917969,-2,4,0,5,-1,-5,-12,0,-14,-13,1,2,-11,-8,sil
9.990348815917969,-2,5,12,13,-1,-3,-16,1,-21,-19,-4,-4,-16,-7,sil
10.00581693649292,-2,2,-3,15,1,3,-9,0,-13,0,-4,-12,-13,-1,sil
10.00581693649292,-11,-7,-2,7,1,10,4,-1,-21,0,-16,-19,-16,0,sil
10.021098136901855,-14,-6,-2,12,1,18,16,-2,-23,-5,-18,-17,-7,-2,sil
10.021098136901855,-8,-4,-9,8,1,21,23,0,2,11,-8,-12,8,6,sil
10.046393632888794,-6,-17,-7,-18,-1,14,29,3,20,27,-12,-15,6,15,sil
10.046393632888794,-8,-24,-15,-29,-1,9,35,1,17,17,-22,-12,-1,13,sil
10.046393632888794,1,-5,0,-4,2,13,34,1,22,9,-15,1,6,12,sil
10.053569555282593,18,4,9,5,4,9,22,5,31,16,0,6,21,18,sil
10.068288564682009,23,3,4,-8,-1,-10,3,2,25,16,11,7,23,18,sil
10.068288564682009,25,14,8,-5,-6,-21,-7,-2,15,4,19,23,16,13,sil
10.084630727767944,29,23,1,10,-1,-17,-14,-6,10,-1,27,28,11,3,sil
10.10128927230835,13,10,7,2,-2,-22,-27,-5,-5,-13,18,11,0,-8,sil
10.10128927230835,-9,-3,3,-12,-7,-24,-25,0,-14,-15,4,0,-7,-7,sil
10.10128927230835,-10,-5,-7,-9,0,-10,-8,0,-7,-2,4,3,0,-2,sil
10.117393016815186,-7,2,3,-4,0,-2,-13,0,-15,-11,6,6,0,-16,sil
10.11789846420288,-8,9,4,3,-3,-5,-23,4,-23,-19,3,3,-12,-20,sil
10.13245964050293,3,8,13,11,5,2,-11,4,-8,0,5,4,-7,0,sil
10.13245964050293,0,-2,7,-4,5,6,0,0,-3,0,0,-2,0,-1,sil
10.146355867385864,-19,-15,-17,-18,-8,0,-2,0,-16,-19,-13,-19,-12,-18,sil
10.164457321166992,-20,-5,-3,-4,-8,2,-2,3,-13,-15,-10,-13,-13,-18,sil
10.164457321166992,-8,4,1,8,-2,1,0,-1,-6,-3,-6,-4,-3,-8,sil
10.164457321166992,-2,0,1,5,0,4,-3,-7,-11,-2,-9,-5,-4,-2,sil
10.180622577667236,8,3,7,17,16,17,6,0,0,15,10,5,9,11,sil
10.180622577667236,18,10,7,27,23,11,15,0,13,22,27,14,25,24,sil
10.19416856765747,9,0,4,5,2,0,1,-3,1,-2,-1,0,3,9,sil
10.19416856765747,-7,-13,-13,-6,-9,0,-3,-2,-11,-11,-23,-15,-14,-7,sil
10.210961103439333,-13,-7,-5,8,0,6,9,2,-5,3,-4,-5,-8,1,sil
10.227558851242064,-6,-5,1,12,6,6,17,3,12,10,7,-1,0,11,sil
10.227558851242064,-4,-17,-16,-6,-1,3,8,3,17,9,-9,-15,0,1,sil
10.227558851242064,-8,-15,-7,-14,-11,1,2,3,5,11,-17,-17,-3,0,sil
10.241628408432009,-4,-1,-1,1,-1,5,6,0,15,10,1,0,0,3,sil
10.241628408432009,6,8,1,9,6,2,5,0,28,0,1,9,0,-2,sil
10.257643938064575,4,9,6,-1,0,-2,1,3,12,-4,-16,1,-8,-8,sil
10.257643938064575,-2,0,-9,-16,-6,-1,4,0,6,2,-11,-4,-6,0,sil
10.273577451705933,7,-3,0,-18,0,0,8,-1,13,2,4,4,10,8,sil
10.273577451705933,20,11,12,3,9,0,4,-4,5,0,10,19,19,6,sil
10.28871774673462,8,18,7,13,5,-3,-3,-7,-8,0,4,10,4,-3,sil
10.303889513015749,-9,1,2,-9,-6,-6,-9,0,-14,-4,-3,-4,-11,-9,sil
10.303889513015749,0,-8,-5,-13,-6,-4,-6,6,-14,0,2,2,0,0,sil
10.303889513015749,16,5,8,5,0,-6,-9,-1,-15,1,16,17,10,9,sil
10.320579528808594,4,7,2,6,-7,-17,-22,-7,-23,-14,10,3,-2,4,sil
10.320579528808594,-6,-6,-7,-11,-10,-15,-18,0,-21,-19,1,-8,-6,-2,sil
10.335674285888672,0,-8,-5,-14,-3,0,0,1,-2,-3,10,6,8,0,sil
10.335674285888672,0,-4,-11,0,0,0,-1,-1,4,0,11,7,10,1,sil
10.3528151512146,-10,-3,2,2,2,1,-5,3,1,-9,-3,-7,-5,-8,sil
10.3528151512146,-11,0,2,-4,6,12,8,7,11,1,-6,-10,-7,-10,sil
10.36874771118164,-5,1,-7,-1,1,3,11,1,15,21,0,-5,2,-2,sil
10.384283065795898,0,4,6,8,0,-4,1,-1,4,20,0,-1,6,0,sil
10.384283065795898,2,11,6,11,5,4,5,-2,3,10,1,5,8,7,sil
10.384283065795898,3,10,9,6,0,5,4,-2,1,0,-3,2,4,11,sil
10.399666547775269,0,-1,4,0,-4,-1,-2,-1,-9,-13,-17,-11,-9,-3,sil
10.399666547775269,0,-8,-6,-4,4,5,1,1,-7,-14,-14,-14,-11,-11,sil
10.415695667266846,2,0,1,1,11,14,8,5,5,1,0,-2,0,-3,sil
10.415695667266846,0,4,-4,7,11,2,1,0,8,1,0,-2,-3,-1,sil
10.430277824401855,-1,1,0,5,8,-2,-2,0,10,-5,-1,-3,-9,2,sil
10.430277824401855,4,1,4,5,-2,1,7,7,19,9,7,9,11,16,sil
10.44629430770874,7,1,-5,3,-11,0,13,0,11,15,11,13,17,19,sil
10.44629430770874,1,-1,2,-3,-3,-1,0,-5,-10,-8,3,5,-4,6,sil
10.463733673095703,0,-5,-2,-2,1,-5,-6,1,-13,-19,2,0,-7,-2,sil
10.463733673095703,-1,-5,1,-2,-10,-11,-8,0,-10,-13,-2,0,-5,-9,sil
10.479503393173218,-5,-4,3,-11,-18,-5,-20,-8,-19,-13,-5,-3,-15,-17,sil
10.479503393173218,-2,-4,-6,-9,-2,4,-17,0,-18,-5,6,1,-7,-7,sil
10.493538856506348,4,-1,2,3,10,4,4,12,2,10,15,10,10,6,sil
10.510284185409546,4,0,1,9,9,-1,9,1,16,18,6,9,9,1,sil
10.510284185409546,-3,0,5,4,0,0,-6,-7,0,7,-12,-2,-10,-11,sil
10.527399063110352,-14,-2,3,0,0,-1,-8,-1,-15,-4,-21,-17,-20,-17,sorry
10.527399063110352,-14,-2,-9,-1,3,-4,0,-3,-12,-8,-8,-14,-4,-6,sorry
10.527399063110352,1,7,8,4,5,0,0,-7,-8,-7,3,4,8,1,sorry
10.538507223129272,5,13,2,10,4,4,0,0,-8,0,-3,4,1,0,sorry
10.554095268249512,-7,3,-12,-2,-3,0,0,5,-6,6,-11,-11,-3,-4,sorry
10.554095268249512,-2,0,-2,-4,-6,4,2,4,4,6,2,-4,11,0,sorry
10.570232629776,12,6,5,19,8,14,12,1,27,15,20,15,25,13,sorry
10.570232629776,6,2,6,18,11,7,17,3,30,20,14,11,15,16,sorry
10.58635425567627,-7,-6,-9,-6,-7,0,13,2,11,8,0,-4,3,5,sorry
10.58635425567627,-2,-9,-7,-13,-12,6,12,0,7,2,2,0,3,4,sorry
10.60187315940857,4,-10,3,-11,-3,9,15,0,13,7,3,6,0,10,sorry
10.60187315940857,0,-10,-9,-13,-6,-1,7,-1,5,-1,-11,-9,-6,6,sorry
10.617714405059814,0,-2,5,-6,-7,-3,-2,-2,0,-6,-19,-14,-6,4,sorry
10.617714405059814,6,1,3,2,0,-2,0,-1,4,3,-13,-3,-6,5,sorry
10.632694721221924,3,-3,-10,-5,0,-12,-5,-1,-3,-4,-16,-5,-12,0,sorry
10.632694721221924,4,-3,-3,-17,-1,-8,-14,0,-9,-14,-14,-1,-5,5,sorry
10.648597955703735,11,0,-4,-10,5,0,-7,0,3,0,2,11,6,14,sorry
10.648597955703735,6,1,3,-3,5,-8,-3,0,1,-1,1,10,1,2,sorry
10.664196968078612,0,0,0,-7,0,-11,-6,-4,-13,-18,-6,-2,-4,-12,sorry
10.664196968078612,-1,3,-7,-13,0,-1,-8,-5,-16,-15,0,-6,-6,-14,sorry
10.679648637771606,-5,10,10,-8,2,-1,-9,0,-8,-13,10,4,-5,-12,sorry
10.679648637771606,-5,7,7,0,-1,-13,-8,0,-8,-15,18,6,4,-11,sorry
10.6957528591156,0,1,7,0,-6,-14,-16,0,-11,-6,19,-3,9,-17,sorry
10.6957528591156,0,6,11,6,-2,-4,-26,6,0,6,21,5,4,-16,sorry
10.71140956878662,11,16,17,27,3,0,-18,6,10,14,36,33,11,4,sorry
10.71140956878662,17,16,25,33,5,1,-1,2,5,14,37,32,19,12,sorry
10.7264986038208,0,6,0,22,3,7,1,4,0,5,8,4,6,-4,sorry
10.7264986038208,-12,-3,-6,9,1,11,0,4,-9,-2,-10,-7,-14,-14,sorry
10.741629123687744,-12,-5,-3,6,1,11,8,-4,-23,-5,-10,-9,-18,-10,sorry
10.741629123687744,-15,-5,-13,10,0,13,19,-5,-18,-11,-21,-22,-15,-5,sorry
10.75777268409729,-12,-4,-10,7,0,21,21,4,0,-14,-32,-23,-16,-2,sorry
10.75777268409729,-2,-5,-11,6,7,18,19,2,12,5,-11,-6,-5,7,sorry
10.773348808288574,0,-8,-1,4,10,5,14,-4,15,22,0,0,8,20,sorry
10.773348808288574,-7,-12,-4,-6,2,0,11,-1,12,14,-9,-11,3,16,sorry
10.788731098175049,-10,-15,-15,-14,1,0,13,0,0,6,-12,-21,-6,1,sorry
10.788731098175049,-5,-4,0,-7,0,0,16,0,1,15,-4,-11,0,0,sorry
10.804361581802368,5,0,-1,-3,-4,0,19,0,21,25,0,1,12,12,sorry
10.804361581802368,11,-3,0,-9,-4,-2,15,0,23,16,-2,7,14,15,sorry
10.819523096084597,0,-6,3,-14,-2,-4,0,-1,2,1,-16,-1,1,4,sorry
10.819523096084597,0,-3,-7,-11,-4,-3,-9,-1,-1,-6,-17,-4,-5,-3,sorry
10.835057735443115,24,6,11,3,-2,-1,-12,0,2,-8,5,15,6,6,sorry
10.835057735443115,28,15,8,11,-2,-9,-15,-4,-11,-13,13,22,13,13,sorry
10.85099458694458,7,7,-9,-4,-11,-16,-21,-5,-24,-20,-5,4,-3,0,sorry
10.85099458694458,-4,-2,-4,-17,-12,-9,-23,-2,-14,-22,-10,0,-15,-15,sorry
10.866692781448364,-13,-5,-7,-14,-8,-3,-17,-1,-3,-19,0,0,-10,-13,sorry
10.866692781448364,-15,0,0,-10,0,0,-8,2,0,-7,8,-1,-1,-4,sorry
10.882373332977297,-1,5,5,0,10,3,-4,9,17,15,19,9,14,3,sorry
10.882373332977297,0,2,6,3,6,1,-3,6,31,26,21,10,21,0,sorry
10.898570775985718,-6,-4,1,-9,-7,-5,-3,0,16,10,7,-1,4,-10,sorry
10.898570775985718,-2,-4,-2,-15,-4,-9,-12,-4,-9,-6,0,-3,-8,-11,sorry
10.913599014282228,0,0,13,-6,5,-3,-18,-6,-17,-10,-1,0,-9,-12,sorry
10.913599014282228,-6,1,2,2,3,0,0,-5,-10,-8,-2,-9,-8,-20,sorry
10.929693222045898,-3,6,-5,4,4,-6,11,1,-10,-16,1,-12,-13,-12,sorry
10.929693222045898,9,8,6,8,6,-3,4,5,-14,-16,1,-2,-12,4,sorry
10.945184707641602,13,5,3,15,4,9,7,1,-5,1,0,3,0,12,sorry
10.945184707641602,9,8,7,12,2,10,11,1,-4,6,7,8,9,11,sorry
10.96044898033142,11,8,0,11,6,4,11,3,-4,4,15,12,14,13,sorry
10.96044898033142,12,5,-3,14,3,3,12,3,10,17,17,11,20,17,sorry
10.97654676437378,1,2,9,10,-5,8,11,4,16,20,11,3,16,11,sorry
10.97654676437378,-11,-6,-5,2,-5,4,9,3,0,3,3,-5,3,1,sorry
10.992674350738524,-18,-12,-9,-1,2,-1,6,0,-9,-5,-5,-13,-10,-10,sorry
10.992674350738524,-16,-6,-8,3,2,0,0,-3,-2,-3,-15,-16,-19,-12,sorry
11.008266687393188,-6,1,-1,17,0,10,0,-2,1,-3,-16,-4,-16,0,sorry
11.008266687393188,2,2,14,15,1,16,2,0,-1,0,-11,7,-6,6,sorry
11.024287462234495,1,-1,-1,7,3,3,0,-2,-1,0,-15,0,-4,0,sil
11.024287462234495,-4,-4,-1,6,0,-1,-4,-5,-1,-11,-24,-10,-13,-3,sil
11.040332794189451,-7,-2,1,0,-2,3,0,-5,-1,-3,-20,-5,-8,0,sil
11.040332794189451,3,0,-6,-7,-2,3,-1,-3,6,13,-2,2,10,4,sil
11.055859565734863,11,0,2,-3,0,0,-6,0,11,13,7,11,15,6,sil
11.055859565734863,5,-8,-1,0,9,-4,-1,0,10,18,5,7,6,9,sil
11.07155442237854,7,-11,0,-12,7,-4,2,2,9,19,0,1,8,11,sil
11.07155442237854,4,-7,-1,-26,-3,1,5,5,14,2,0,-1,11,4,sil
11.086610794067385,-11,-7,-18,-33,-8,-4,9,0,14,-5,-3,-9,3,-8,sil
11.086610794067385,-14,-11,-11,-30,-11,-18,0,-1,5,-6,-12,-15,-1,-19,sil
11.10262894630432,-5,-10,-15,-26,-16,-18,-14,0,0,-16,-10,-14,-2,-20,sil
11.10262894630432,0,2,-7,-26,-17,-15,-17,0,-4,-21,7,0,-4,-12,sil
11.118315696716309,0,16,9,-11,-11,-18,-21,1,-7,-14,23,15,0,-5,sil
11.118315696716309,1,14,5,6,-7,-19,-24,0,-19,-16,21,12,0,-9,sil
11.134342908859251,11,15,16,18,3,-2,-15,0,-26,-16,21,13,-5,-7,sil
11.134342908859251,19,25,15,36,22,16,3,0,-7,0,29,24,1,12,sil
11.150410413742064,12,21,14,43,23,18,15,0,1,12,22,15,9,21,sil
11.150410413742064,0,8,16,31,9,13,12,-1,-15,8,6,-1,0,12,sil
11.164448976516724,-11,-5,0,18,3,5,5,-6,-24,0,-8,-11,-11,2,sil
11.164448976516724,-18,-15,-2,1,0,3,0,-5,-19,-7,-28,-17,-20,-3,sil
11.17956256866455,-12,-18,-8,-4,-4,13,5,0,-6,0,-27,-18,-15,4,sil
11.17956256866455,0,-10,-6,0,-4,17,14,2,13,21,-9,-5,2,18,sil
11.195600509643556,3,-4,0,-5,-5,3,13,1,22,24,-8,4,10,11,sil
11.195600509643556,2,-9,-7,-18,-4,-10,5,2,23,11,-9,3,9,2,sil
11.209766864776611,8,-12,3,-24,-1,-1,9,6,33,12,0,4,16,6,sil
11.228358268737791,6,-8,-3,-22,0,3,15,3,40,16,6,4,18,-3,sil
11.228358268737791,-2,1,-10,-17,2,-10,1,-4,24,0,6,0,6,-20,sil
11.228358268737791,-1,12,6,-10,4,-22,-16,-5,-3,-20,11,3,4,-19,sil
11.241463422775269,2,14,0,3,0,-16,-20,-3,-24,-23,8,1,-2,-14,sil
11.256104230880736,-3,11,0,22,-2,-3,-19,-1,-28,-19,0,-9,-19,-17,sil
11.256104230880736,-5,12,0,32,11,4,-15,0,-18,-7,1,-11,-16,-16,sil
11.271292448043823,0,11,0,29,14,7,-9,1,-17,-5,3,-1,-4,-5,sil
11.271292448043823,8,12,13,29,7,18,-5,1,-12,-2,0,8,0,9,sil
11.28839874267578,16,13,7,33,14,24,5,0,5,17,12,14,13,30,sil
11.28839874267578,8,0,5,17,15,15,15,-2,8,22,8,4,12,31,sil
11.28839874267578,-12,-17,-7,-13,-1,7,16,0,-7,0,-17,-12,-6,5,sil
11.302765130996704,-21,-25,-21,-35,-16,3,19,2,-7,-7,-29,-18,-15,-6,sil
11.31829833984375,-22,-29,-10,-46,-26,-7,12,4,1,-6,-31,-26,-20,-1,sil
11.31867527961731,-21,-25,-10,-37,-32,-17,0,0,5,-3,-28,-21,-16,0,sil
11.333520889282228,1,-6,0,-12,-18,-2,5,1,10,8,-1,13,8,7,sil
11.333520889282228,13,0,1,-3,-5,3,13,3,15,10,13,26,18,8,sil
11.349734544754028,0,-7,-7,-12,-9,-12,-5,0,6,-6,-3,0,0,-9,sil
11.349734544754028,0,1,7,-8,-2,-12,-12,3,1,-11,-7,1,-4,-14,sil
11.36532735824585,13,10,2,6,10,0,2,5,13,2,9,13,10,0,sil
11.36532735824585,12,8,2,7,11,-5,-5,-2,7,0,13,7,12,0,sil
11.380441904067991,8,13,9,1,7,-16,-22,-9,-11,-7,18,8,6,-10,sil
11.380441904067991,4,11,-3,-1,3,-19,-21,-7,-14,-5,20,8,0,-7,sil
11.396456718444824,4,8,4,2,1,-11,-13,0,-7,0,16,7,0,0,sil
11.396456718444824,17,20,15,19,12,0,-5,-3,-8,2,26,18,12,5,sil
11.4120614528656,16,22,20,24,19,4,-9,-6,-13,5,29,16,13,5,sil
11.4120614528656,-2,8,5,21,16,5,-13,2,-6,8,15,-2,2,0,sil
11.427586555480955,-11,1,-13,20,8,7,0,6,2,3,5,-8,3,0,sil
11.427586555480955,-12,-2,-1,10,-2,10,11,2,-2,-9,-5,-5,2,2,sil
11.443531513214111,-16,-15,-9,-2,-5,18,21,1,0,-5,-18,-16,-9,-3,sil
11.443531513214111,-17,-18,-10,-7,-3,20,29,2,13,6,-29,-30,-27,-15,sil
11.458694696426392,-19,-16,-4,-11,-6,12,18,0,13,1,-40,-35,-37,-18,sil
11.458694696426392,-10,-16,-13,-13,-6,6,5,-2,5,-2,-33,-22,-23,-5,sil
11.47394585609436,1,-12,-1,-12,-7,9,13,2,12,6,-14,-2,-3,12,sil
11.47394585609436,-2,-12,0,-13,-11,2,21,2,18,6,-10,-3,0,15,sil
11.489630222320557,-1,-8,0,-12,-8,-14,5,-1,4,0,-8,-2,0,12,sil
11.489630222320557,16,1,9,-9,-5,-21,-15,-2,-7,2,2,19,14,13,sil
11.50564169883728,22,7,4,-2,-3,-11,-21,-3,0,10,18,29,27,16,sil
11.50564169883728,23,22,13,8,8,0,-17,-2,6,8,33,31,35,14,sil
11.520930767059326,24,32,8,16,18,-1,-20,0,-1,0,37,33,34,11,sil
11.520930767059326,13,18,0,6,10,-17,-30,0,-18,-12,22,23,12,0,sil
11.53657603263855,0,4,6,1,0,-19,-21,-4,-37,-21,10,9,-11,-15,sil
11.53657603263855,-10,0,0,9,0,0,4,-4,-38,-17,5,-1,-18,-18,sil
11.551759243011476,-25,-10,0,9,2,20,18,5,-16,-8,-9,-17,-15,-21,sil
11.551759243011476,-31,-20,-12,3,0,15,20,9,1,1,-29,-31,-19,-26,sil
11.567416429519652,-22,-19,-17,5,-8,4,14,1,4,8,-36,-33,-24,-13,sil
11.567416429519652,-11,-5,4,12,-10,12,12,2,15,17,-15,-18,-8,4,sil
11.58267092704773,1,0,-1,8,0,12,22,6,27,21,3,-2,9,12,sil
11.58267092704773,4,-10,-10,-16,-1,0,18,0,18,2,-16,-10,-3,5,sil
11.598880290985107,-5,-18,-16,-39,-17,-1,2,-4,7,-19,-36,-23,-23,-5,sil
11.598880290985107,0,-8,-9,-33,-13,0,0,0,9,-19,-19,-10,-14,-5,sil
11.614490032196043,13,4,8,-17,-1,-10,-6,-1,15,-8,0,11,3,1,sil
11.614490032196043,8,8,0,-10,0,-15,-23,-7,18,2,12,17,15,3,sil
11.629652500152588,9,16,10,0,7,-7,-29,-1,12,3,27,21,18,6,sil
11.629652500152588,21,27,18,16,21,-4,-22,2,0,0,41,27,20,12,sil
11.645140409469604,18,23,2,14,9,-9,-15,-4,-5,5,42,20,22,16,sil
11.661049365997314,7,10,8,1,-4,-5,-7,-3,-12,7,24,16,11,8,sil
11.661049365997314,2,3,6,14,4,-3,1,0,-21,0,8,7,2,-5,sil
11.661049365997314,-5,7,4,28,11,-5,3,-1,-25,-2,9,-3,0,-4,sil
11.676774978637695,0,8,3,23,11,3,5,2,-19,3,14,-2,0,8,sil
11.676774978637695,11,1,0,22,16,14,15,7,-3,7,8,1,2,4,sil
11.692426204681396,0,-6,6,18,7,17,17,6,3,6,-8,-4,0,-11,sil
11.70862603187561,-22,-14,-10,1,-6,15,12,1,3,7,-21,-15,-14,-12,sil
11.70862603187561,-22,-16,-11,-6,-9,11,17,2,0,7,-26,-17,-11,-2,sil
11.70862603187561,-11,-15,0,-6,-7,8,22,4,3,5,-23,-11,0,0,sil
11.723709106445312,-3,-13,-6,-19,-6,4,15,0,11,8,-18,-5,-1,5,sil
11.723709106445312,1,-7,1,-28,-7,-6,2,0,17,5,-16,-1,0,13,sil
11.739281177520752,-1,-9,-3,-27,-14,-25,-22,-1,7,-13,-15,-2,3,7,sil
11.75530219078064,-3,-11,-3,-30,-20,-32,-49,-5,-7,-27,-2,5,-3,-8,sil
11.75530219078064,8,0,7,-21,-10,-18,-40,-6,-1,-12,21,22,-3,-8,sil
11.771896839141846,11,10,2,2,3,-3,-12,-5,4,-4,19,16,0,-2,sil
11.771896839141846,0,11,5,12,6,3,-3,-1,-12,-18,-7,-7,-11,-12,sil
11.771896839141846,-1,9,0,16,6,10,10,1,-11,-13,-8,-10,-11,-11,sil
11.78648805618286,1,4,1,20,7,18,31,2,8,2,6,0,0,2,sil
11.78648805618286,-10,0,-1,13,5,19,29,0,4,0,-5,-11,-5,-4,sil
11.800731897354126,-19,-6,-24,2,6,11,18,-2,-4,-1,-22,-23,-12,-10,sil
11.817628622055054,-9,-10,-10,0,7,10,17,-1,-1,4,-16,-16,-6,0,sil
11.817628622055054,-6,-11,-6,-1,0,8,17,0,2,10,-4,-11,0,0,sil
11.817628622055054,-3,-2,-5,0,-3,0,9,0,9,17,1,-8,8,6,sil
11.832768440246582,11,9,13,1,-1,-4,-2,-1,11,18,10,11,16,25,sil
11.848726272583008,21,5,7,-2,-10,-8,-21,-2,-1,2,14,20,13,17,sil
11.848726272583008,24,6,6,-3,-15,-17,-31,1,-12,-3,19,19,9,0,sil
11.86335062980652,30,23,12,15,5,-14,-14,2,0,7,27,25,20,9,sil
11.86335062980652,22,21,10,12,17,-3,-10,-1,1,1,15,21,14,3,sil
11.878515720367432,0,1,8,-17,0,-2,-33,-2,-12,-12,1,2,-8,-22,sil
11.878515720367432,-9,0,-8,-15,-2,-11,-29,0,-12,-2,15,0,-2,-14,sil
11.895544290542604,-10,6,-5,8,9,-8,-2,7,0,0,12,9,3,2,sil
11.895544290542604,-14,-2,-4,2,6,4,5,8,-3,-18,-16,-7,-22,-12,sil
11.91051983833313,-21,-9,-5,-7,0,13,6,0,-19,-29,-27,-29,-38,-24,sil
11.91051983833313,-15,0,10,13,6,14,23,0,-9,-12,-14,-16,-15,-5,sil
11.926045656204224,2,3,4,30,9,15,41,7,23,20,0,0,7,13,sil
11.926045656204224,11,-5,1,14,1,13,36,4,30,35,0,-2,9,18,sil
11.943057775497437,4,-16,-2,-3,-6,2,16,-3,15,25,-8,-7,8,16,sil
11.943057775497437,4,-15,-6,-8,-9,-2,4,-2,16,23,-3,0,17,18,sil
11.957858562469482,9,-3,5,-9,-8,0,-1,0,23,27,11,12,28,26,sil
11.957858562469482,0,-6,-5,-10,-6,-8,-13,-6,14,9,6,11,27,21,sil
11.973451852798462,-7,-13,-6,-21,-11,-15,-18,-7,2,-14,-11,0,12,0,sil
11.973451852798462,-5,-4,-7,-27,-9,-5,-10,1,1,-21,-9,0,0,-8,sil
11.988784790039062,-7,1,-10,-19,-8,-9,-11,3,-4,-23,-1,1,-7,-11,sil
11.988784790039062,-8,0,6,-15,-8,-20,-13,-3,-21,-25,2,0,-16,-23,sil
12.00472378730774,-6,4,2,-13,1,-10,-2,-8,-22,-20,15,1,-18,-26,sil
12.00472378730774,-5,9,2,-1,4,-1,-11,-4,-27,-25,15,0,-21,-17,sil
12.019785404205322,-10,8,2,6,-3,-5,-22,0,-42,-27,-6,-10,-31,-25,sil
12.019785404205322,-13,5,-10,11,5,2,-7,1,-35,-16,-17,-18,-29,-30,sil
12.035312414169312,-4,11,4,25,18,23,11,4,-12,-9,-8,-10,-15,-14,sil
12.035312414169312,8,14,5,35,13,26,21,5,0,0,3,0,-1,6,sil
12.056289196014404,14,10,3,26,10,17,24,4,13,25,9,4,13,22,sil
12.056289196014404,15,6,11,19,12,8,18,7,26,33,11,6,24,27,sil
12.056289196014404,15,1,3,20,5,4,9,6,20,22,0,-1,16,20,sil
12.066373109817505,8,-6,4,10,-3,6,1,0,8,19,-20,-5,1,9,sil
12.081446409225464,-6,-13,-5,0,-3,7,-3,-9,8,22,-17,-3,1,7,sil
12.081446409225464,-6,-11,-3,-5,0,3,0,-4,13,18,1,0,11,13,sil
12.09757947921753,11,-7,3,-9,0,0,11,3,23,17,9,9,19,17,sil
12.09757947921753,12,-8,-14,-8,-6,-10,12,0,26,11,6,8,14,12,sil
12.11297369003296,-8,-12,-11,-20,-18,-20,-4,-5,4,-5,-1,-1,0,0,sil
12.11297369003296,-12,-13,-8,-34,-16,-15,-12,0,-5,-9,-3,0,0,-8,sil
12.128556728363035,0,-6,-1,-30,-7,-10,-8,1,0,-9,1,9,-2,-13,sil
12.128947734832764,-5,2,2,-18,-4,-11,-16,-1,-4,-16,2,6,-9,-21,sil
12.144598484039308,-3,10,-5,-4,2,-8,-14,-2,-9,-14,5,0,-2,-16,sil
12.144598484039308,19,23,17,13,12,-4,0,1,-6,-7,13,11,2,-4,sil
12.160691022872925,26,26,22,21,12,-7,-5,2,0,-6,21,20,0,3,sil
12.160691022872925,13,16,7,14,8,-8,-22,0,0,-12,16,15,0,12,sil
12.17627763748169,5,8,6,10,0,-5,-24,-1,-13,-19,0,0,-1,5,sil
12.17627763748169,-2,0,-5,12,-9,-3,-19,-1,-28,-15,-4,-10,-9,-6,sil
12.191449165344238,-10,-7,0,4,-4,5,-9,0,-23,-4,0,-9,-7,0,sil
12.191449165344238,-16,-10,-3,-7,1,17,5,0,-14,-1,-6,-13,-3,1,sil
12.207378149032593,-20,-11,-14,-7,0,18,12,-1,-14,0,-19,-21,-10,-7,sil
12.207378149032593,-14,-10,1,4,2,20,23,2,-5,6,-19,-17,-15,-3,sil
12.22257685661316,-12,-15,-6,0,2,21,31,3,7,5,-18,-18,-7,-2,sil
12.22257685661316,-18,-18,-11,-14,-1,14,20,1,9,1,-18,-17,1,-6,sil
12.238115787506104,-13,-4,-5,-11,1,9,19,0,18,16,-3,0,9,6,sil
12.238115787506104,-2,1,-4,-1,2,5,33,1,38,33,3,2,12,14,sil
12.25418996810913,0,0,2,-1,-4,1,31,6,36,27,-3,-3,8,3,sil
12.25418996810913,1,0,-3,-9,-2,-2,9,3,19,8,-4,0,7,-1,sil
12.269747734069824,7,2,0,-12,4,-13,-8,-1,11,-2,-1,2,3,-3,sil
12.269747734069824,14,6,3,3,6,-20,-13,2,11,2,9,9,2,-1,sil
12.285757541656494,16,10,5,16,0,-14,-17,3,11,9,28,21,12,5,sil
12.285757541656494,10,2,15,-6,-13,-12,-30,-7,2,0,27,22,13,2,sil
12.768523931503296,-2,1,-6,-16,-3,-11,1,3,7,-6,0,1,-1,2,sil
12.768523931503296,-6,7,6,0,0,0,0,-1,-2,-10,-7,2,-13,-3,sil
12.783665895462036,-18,-6,-7,-11,-7,-1,-2,-6,-13,-19,-12,1,-20,-14,sil
12.783665895462036,-20,-12,-5,-21,-19,-14,-5,0,-4,-20,-8,0,-12,-11,sil
12.799293518066406,-6,1,-1,0,-12,-5,1,5,9,-3,2,1,4,0,sil
12.799293518066406,2,5,2,12,0,9,3,1,3,5,2,6,9,0,sil
12.81480360031128,0,0,5,6,3,7,-7,-2,-3,0,-2,5,0,-7,sil
12.81480360031128,2,8,-10,17,6,2,-13,1,2,3,3,4,0,0,sil
12.830431938171388,12,15,2,28,8,4,-19,3,-4,10,11,8,13,10,sil
12.830431938171388,8,2,9,13,0,-1,-26,-3,-20,2,5,5,7,6,sil
12.845947265625,0,-5,-8,0,0,-5,-19,-7,-15,-5,-5,-3,-6,2,sil
12.845947265625,-4,0,-6,-1,3,0,-7,0,-13,-17,-17,-10,-13,-3,sil
12.861908912658691,-11,-5,-10,-6,-2,-3,-3,-3,-20,-23,-21,-17,-15,-19,sil
12.861908912658691,-3,-9,-2,-9,-6,-3,10,-1,0,-1,-6,-10,-7,-18,sil
12.877758264541626,8,0,7,-1,4,11,33,7,31,25,10,2,10,2,sil
12.877758264541626,0,-1,-6,-1,9,10,28,4,24,23,0,-4,11,8,sil
12.89269757270813,-12,-7,-4,-8,1,-2,6,0,0,10,-21,-19,-4,-7,sil
12.89269757270813,-8,-4,-5,-3,-1,0,6,1,1,6,-11,-16,-2,-8,sil
12.908435106277466,1,-1,-2,-4,0,3,12,3,10,5,7,0,10,10,sil
12.908435106277466,5,-1,0,-12,4,-3,6,8,9,7,8,7,12,20,sil
12.923912048339844,2,0,4,-7,4,-6,0,6,7,5,0,0,5,11,sil
12.923912048339844,-2,-2,14,-6,0,1,-6,-1,1,-7,-2,-7,0,0,sil
12.93983244895935,-2,-1,0,-9,-5,3,-8,-5,-2,-11,3,-4,-4,-3,sil
12.93983244895935,7,3,4,5,-2,-1,-3,-4,-5,-4,7,6,-1,0,sil
12.95535135269165,18,11,16,23,5,2,0,-2,-8,5,8,15,6,7,sil
12.95535135269165,16,8,5,14,5,3,-3,-4,-7,8,13,14,10,11,sil
12.971468687057495,7,2,8,-3,-7,-6,-4,-3,0,-1,13,8,4,5,sil
12.971468687057495,6,0,-1,-2,-14,-12,-4,0,3,-7,7,2,0,0,sil
12.987558603286743,0,1,-11,1,-11,-6,-6,0,2,-1,3,0,-5,-1,sil
12.987558603286743,-15,-1,-5,-6,-7,2,0,-1,12,1,3,0,-6,-8,sil
13.003294706344604,-15,-4,-9,-10,-4,4,9,0,20,0,2,-1,-4,-8,sil
13.003294706344604,-5,-1,-2,-5,-2,0,6,3,4,0,-1,-1,-8,-10,sil
13.0183002948761,-4,-2,-7,-5,-5,-5,0,2,-7,-6,-9,-2,-14,-14,sil
13.0183002948761,-2,-6,-9,-9,-4,-8,-7,-2,-12,-18,-15,-3,-12,-8,sil
13.033666610717772,3,0,3,-6,4,-5,-11,-2,-21,-21,-8,8,-6,0,sil
13.033666610717772,8,4,0,0,15,-1,-1,-2,-17,-9,2,15,-2,4,sil
13.049763441085815,15,6,8,11,15,6,3,-1,-4,5,3,15,2,11,sil
13.049763441085815,13,10,10,27,13,12,-1,3,0,11,6,13,14,17,sil
13.064294576644896,2,14,10,29,12,11,-2,2,-4,5,5,5,18,7,sil
13.064294576644896,-2,6,8,12,10,10,-1,-3,-16,-1,-5,-3,9,-6,sil
13.08071517944336,-9,-9,-13,0,6,3,-6,-2,-21,1,-8,-14,0,-9,sil
13.095359802246094,-21,-14,-8,0,0,-5,-11,0,-13,-1,-7,-23,-7,-8,sil
13.096359014511108,-19,-5,-3,1,-5,-2,-4,0,-2,0,-10,-18,-4,-7,sil
13.096359014511108,-4,3,0,10,-2,7,14,1,10,21,-4,-5,6,2,sil
13.111007452011108,-2,0,4,8,0,13,26,7,29,28,4,-5,10,10,sil
13.127534627914429,-15,-10,-12,-7,2,5,19,3,34,11,0,-15,4,0,sil
13.127534627914429,-19,-16,-6,-17,0,0,7,3,27,8,-7,-19,2,-5,sil
13.127534627914429,-4,-11,0,-16,-10,2,12,6,31,17,-4,-9,5,5,sil
13.14271593093872,9,-9,-9,-29,-13,1,18,3,41,8,-1,2,4,12,sil
13.14271593093872,8,-10,-6,-45,-14,-10,6,-2,22,-7,-10,3,-7,1,sil
13.157586336135864,7,-6,-8,-29,-16,-20,-10,-7,-11,-19,-13,0,-17,-9,sil
13.157586336135864,21,10,8,-1,-12,-19,-23,-6,-28,-28,3,13,-9,-6,sil
13.17532444000244,29,22,22,7,-8,-18,-26,-3,-23,-23,26,30,3,4,sil
13.17532444000244,20,16,11,3,-12,-20,-21,-4,-19,-11,32,27,4,4,sil
13.18938660621643,17,14,15,4,-2,-7,-17,-2,-27,-13,26,26,0,-3,sil
13.18938660621643,18,16,5,18,17,3,-20,0,-33,-17,10,18,-2,-3,sil
13.204525709152222,0,14,4,34,22,4,-19,0,-35,-15,-4,-1,-6,0,sil
13.204525709152222,-12,9,6,41,22,12,0,1,-28,-4,-1,-9,-4,3,sil
13.221717834472656,-11,-4,-5,25,22,19,16,4,-12,7,0,-10,-1,1,sil
13.234322547912598,-17,-12,-4,5,9,16,22,8,6,15,-15,-19,-9,-5,sil
13.234322547912598,-27,-12,-18,2,-2,13,26,4,29,24,-19,-27,-5,-5,sil
13.25029993057251,-23,-19,-18,-8,-5,8,18,-3,28,23,-14,-25,0,-1,sil
13.25029993057251,-19,-22,-5,-18,-5,8,11,-4,5,6,-21,-19,-6,-8,sil
13.266575813293455,-19,-12,-8,-13,-9,11,15,-2,3,-1,-19,-14,-7,-6,sil
13.266575813293455,-10,-7,-3,-21,-15,-1,11,0,22,2,-3,-10,5,-2,sil
13.266575813293455,4,-2,-1,-19,-10,-15,2,5,30,14,8,5,20,1,sil
13.283791780471802,25,11,13,7,0,-6,-1,4,25,24,13,30,25,19,sil
13.283791780471802,39,17,26,13,0,-3,-9,-3,16,12,16,35,17,27,sil
13.298355340957642,35,14,9,2,4,-9,-16,-6,0,-6,18,25,9,16,sil
13.314727067947388,19,12,5,4,12,0,-18,-1,-10,-12,12,23,10,7,sil
13.314727067947388,4,5,-3,1,11,5,-17,0,-7,-12,5,17,3,0,sil
13.314727067947388,-2,1,-4,-4,5,-6,-8,0,-7,-14,5,3,-12,-6,sil
13.33086895942688,-4,3,0,-3,0,-11,0,1,-13,-13,6,-4,-13,-8,sil
13.346730947494509,-11,0,-15,0,-5,-7,1,0,-13,-11,-1,-15,-4,-10,sil
13.346730947494509,-17,0,-3,0,-1,-1,4,5,-3,-3,-6,-14,-2,-9,sil
13.360602140426636,-19,-5,-2,-4,2,3,10,11,15,15,2,-10,3,2,sil
13.360602140426636,-23,-17,-15,-15,-3,1,1,0,7,10,-3,-19,-1,-5,sil
13.376693725585938,-23,-15,-6,-13,-9,-1,-9,-11,-26,-21,-29,-31,-29,-31,sil
13.376693725585938,-10,0,-5,-3,-4,-1,-1,-2,-30,-27,-29,-26,-30,-24,sil
13.392802476882936,7,5,5,0,-1,0,12,5,-1,0,0,0,3,6,sil
13.392802476882936,16,2,12,7,-2,1,13,1,10,15,15,18,19,20,sil
13.392802476882936,16,1,9,16,-1,1,0,0,4,8,6,14,5,15,sil
13.408408641815186,17,7,11,14,0,0,-9,3,4,1,0,10,2,13,sil
13.408408641815186,16,8,1,6,-2,-4,-7,-1,10,13,7,14,15,12,sil
13.423445463180542,13,2,5,1,-2,-3,-13,-6,5,22,13,18,18,10,sil
13.438234090805054,7,-1,3,5,9,5,-17,-3,-4,7,8,11,9,3,sil
13.438234090805054,0,0,-5,6,13,8,-12,-1,-13,-16,-1,-6,-7,-8,sil
13.45428466796875,-10,0,3,0,0,5,-5,-6,-29,-25,-12,-14,-23,-24,sil
13.45428466796875,-23,-9,-4,-9,-8,4,0,-6,-34,-22,-16,-12,-21,-22,sil
13.47339677810669,-24,-16,-7,-12,-10,3,10,3,-13,-17,-11,-13,-11,-12,sil
13.47339677810669,-12,-7,-5,-7,-4,5,21,6,10,0,-2,-9,-3,-7,sil
13.47339677810669,-8,1,-5,-1,4,10,23,2,17,14,0,-7,-3,-6,sil
13.48579454421997,-11,0,-3,-8,2,7,15,6,14,9,-3,-10,-6,-7,sil
13.50172233581543,-5,-2,-11,-9,-4,-3,15,4,18,1,0,-8,3,1,sil
13.50172233581543,6,-3,0,-1,-2,-3,17,0,23,7,2,0,12,21,sil
13.517732858657835,10,-2,10,3,3,4,8,4,27,21,-2,3,10,26,sil
13.517732858657835,16,7,4,10,9,5,4,5,32,27,0,5,12,25,sil
13.535704851150513,32,22,15,18,17,0,5,0,29,21,10,21,18,26,sil
13.535704851150513,34,22,6,19,13,-7,-7,-3,12,11,19,31,21,20,sil
13.535704851150513,22,13,6,8,0,-18,-25,-1,-2,2,19,26,20,12,sil
13.54873538017273,16,6,12,-1,-1,-16,-22,-1,-2,0,15,17,12,7,sil
13.5642671585083,7,1,-7,-6,0,-14,-17,-8,-14,-5,8,15,0,-5,sil
13.5642671585083,-9,0,-5,-10,-5,-18,-25,-6,-35,-17,4,14,-3,-19,sil
13.579669952392578,-19,-4,-3,-13,-4,-13,-24,0,-34,-26,1,1,-9,-22,sil
13.579669952392578,-21,-8,-10,-11,-1,-3,-14,0,-21,-22,-6,-14,-25,-26,sil
13.594686269760132,-33,-7,-10,-9,-6,0,-6,0,-21,-17,-12,-22,-34,-28,sil
13.594686269760132,-42,-14,-16,-12,-8,9,8,0,-26,-19,-21,-35,-33,-31,sil
13.610271215438845,-26,-20,-5,-5,-4,22,26,0,-14,-14,-30,-39,-25,-27,sil
13.610271215438845,-2,-7,-1,18,-5,19,26,6,14,13,-5,-17,0,0,sil
13.626363277435305,4,2,3,22,-1,12,20,10,28,37,18,1,19,26,sil
13.626363277435305,3,1,12,5,6,18,18,0,17,25,6,0,15,20,sil
13.64145278930664,11,-1,4,0,0,5,0,-11,7,0,-7,0,8,12,sil
13.64145278930664,11,-6,0,-12,-20,-21,-25,-10,-3,-18,-12,0,2,6,sil
13.65635895729065,8,-2,-5,-21,-12,-19,-26,-3,-8,-19,-10,0,6,-3,sil
13.65635895729065,19,14,8,2,7,0,-13,3,0,-5,13,17,20,2,sil
13.67153549194336,25,20,16,17,8,-1,-7,8,7,1,30,31,21,12,sil
13.67153549194336,13,11,-4,-1,9,-7,-3,4,-1,-7,10,9,0,0,sil
13.68756365776062,0,7,0,-4,15,0,2,1,-10,-15,-11,-11,-19,-15,sil
13.68756365776062,-15,0,-2,16,14,14,18,4,-6,-5,-7,-12,-16,-10,sil
13.703347444534302,-17,-5,-7,22,14,25,32,5,0,15,-4,-11,-4,1,sil
13.703347444534302,-4,-7,6,12,18,26,35,3,9,32,-8,-9,0,10,sil
13.718376636505129,2,-5,6,6,10,11,33,1,23,33,-5,-2,0,21,sil
13.718376636505129,3,-2,3,3,-4,-1,28,1,29,21,-7,0,3,23,sil
13.734034299850464,-3,-11,-10,-7,-17,-4,10,0,16,9,-17,-6,4,7,sil
13.734034299850464,-7,-23,-17,-29,-24,-9,-13,-3,8,2,-13,-3,5,-1,sil
13.749654531478882,7,-7,6,-25,-15,-18,-26,-3,10,2,14,22,12,8,sil
13.749654531478882,22,14,11,6,0,-21,-32,-3,5,3,37,39,12,9,sil
13.76534938812256,14,12,7,7,-3,-15,-45,-6,-15,-10,27,26,-4,-9,sil
13.76534938812256,-1,2,-4,-22,-20,-16,-51,-10,-37,-27,6,8,-20,-20,sil
13.781402111053469,-2,3,-5,-22,-16,-21,-33,-8,-36,-27,0,2,-13,-16,sil
13.781402111053469,8,12,9,-2,4,-6,-7,1,-13,-18,3,5,1,-9,sil
13.796441078186035,1,9,2,1,9,7,7,1,-4,-11,5,0,5,-5,sil
13.796441078186035,-18,0,-3,-7,0,1,6,-2,-17,-14,-6,-17,-1,-12,sil
13.811636686325071,-26,-9,-10,-8,0,-5,4,2,-15,-13,-17,-32,-7,-24,sil
13.811636686325071,-22,-6,-13,-1,12,4,13,10,6,-1,-17,-30,-7,-20,sil
13.827664852142334,-20,1,-2,5,12,17,19,10,18,7,-9,-17,-7,-8,sil
13.827664852142334,-11,1,-5,6,2,11,13,2,13,5,-2,-12,-1,-3,sil
13.843897342681885,5,3,4,18,1,4,18,0,7,3,0,-5,5,8,sil
13.843897342681885,19,11,14,35,16,13,34,2,12,9,5,9,12,20,sil
13.858866214752195,15,7,10,27,18,16,22,1,6,5,6,6,2,12,sil
13.875696182250977,3,1,1,9,5,8,-5,0,-7,-6,-9,-6,-14,0,sil
13.875696182250977,6,2,0,11,2,5,-12,0,-6,1,-5,3,-1,10,sil
13.875696182250977,13,-1,11,13,0,7,-11,0,-2,15,14,21,16,26,sil
13.891380071640016,6,-8,1,8,-14,1,-16,-5,-9,8,6,14,9,19,sil
13.891380071640016,2,-10,-6,4,-15,-3,-6,-6,-1,7,-5,2,6,13,sil
13.9074125289917,8,-10,7,-9,-3,0,13,0,12,25,3,9,14,21,sil
13.9074125289917,4,-13,-4,-16,-2,4,29,2,19,30,6,1,8,14,sil
13.920955657958984,-9,-11,-9,-12,-7,-1,21,0,19,10,-9,-15,-7,-8,sil
13.920955657958984,-17,-6,-7,-11,0,-6,5,-2,25,0,-14,-16,-8,-16,sil
13.937804460525513,-9,0,-5,-17,3,-5,-4,0,20,0,-8,-6,0,-9,sil
13.9544095993042,-3,0,0,-21,-5,-11,-9,1,0,-6,-4,0,-3,-9,sil
13.9544095993042,-11,-9,-14,-26,-18,-20,-16,-2,-14,-17,0,1,-12,-16,sil
13.9544095993042,-13,-12,-12,-36,-15,-12,-16,-1,-15,-24,-2,0,-13,-22,sil
13.969151020050049,0,-1,-8,-28,-4,-2,-2,-1,-13,-25,0,0,-8,-20,sil
13.969151020050049,20,15,6,0,0,-6,2,1,-3,-7,23,22,6,4,sil
13.984269380569458,42,32,32,24,7,-6,-8,6,8,15,46,47,26,30,sil
13.984269380569458,33,29,13,28,23,-1,-28,0,-1,9,32,33,22,21,sil
14.001440525054932,4,10,8,20,21,2,-33,-5,-21,-14,8,3,0,-1,sil
14.001440525054932,-7,4,5,9,2,-3,-25,-4,-21,-14,0,-5,-7,-11,sil
14.015466451644896,-5,2,-2,3,-8,-13,-17,-2,-16,-9,-8,-14,-9,-11,sil
14.015466451644896,-4,1,9,0,-3,-4,-5,1,-17,-19,-19,-19,-15,-7,sil
14.029613256454468,-13,-3,-14,0,6,7,14,5,-5,-14,-16,-22,-12,-6,sil
14.046643733978271,-18,-5,-10,-3,5,5,20,6,-3,-1,-18,-27,-13,-12,sil
14.046643733978271,-15,-4,6,1,-2,6,23,5,-5,7,-20,-27,-12,-12,sil
14.046643733978271,-17,-9,-4,6,-1,12,24,0,4,12,-12,-19,-2,-5,sil
14.066766023635864,-17,-11,7,2,4,19,18,1,1,3,-7,-10,0,-6,sorry
14.066766023635864,-12,-2,-9,14,10,21,17,0,-7,0,-7,-7,-1,-9,sorry
14.07628321647644,-3,0,-10,24,8,17,11,-1,-1,6,-1,1,3,2,sorry
14.092431783676147,11,1,8,14,0,9,7,0,22,17,15,19,12,22,sorry
14.092431783676147,20,2,-1,5,0,-2,8,0,37,25,18,17,16,25,sorry
14.107562780380247,12,2,12,0,0,-6,-5,-4,10,6,-9,4,2,11,sorry
14.107562780380247,-2,-8,-5,1,-5,-3,-9,-7,-11,-6,-18,-2,0,3,sorry
14.123274564743042,0,-8,-8,1,-7,0,2,-4,3,7,0,0,11,15,sorry
14.123274564743042,10,2,8,-2,0,5,6,1,23,13,5,11,13,24,sorry
14.138941049575806,9,-2,-17,-7,0,-1,4,-1,19,1,0,6,6,7,sorry
14.138941049575806,-1,-12,-3,-20,-11,-8,5,-3,13,-1,0,-2,0,-2,sorry
14.153679370880129,-7,-18,-7,-28,-12,-7,11,0,22,7,0,-1,-2,0,sorry
14.153679370880129,-11,-24,-34,-31,-5,-8,5,1,18,2,-2,-1,-1,-8,sorry
14.169760704040527,-12,-9,6,-31,-12,-13,-25,0,-10,-12,1,1,-10,-17,sorry
14.169760704040527,-3,6,1,-9,-10,-18,-33,-2,-18,-6,11,7,-16,-9,sorry
14.185769319534302,8,10,-13,5,3,-13,-11,-1,-7,-2,12,8,-14,-5,sorry
14.185769319534302,15,21,47,1,8,1,1,13,-8,-12,8,13,-10,-8,sorry
14.201385259628296,11,19,26,-1,6,4,0,12,-8,-13,11,9,-8,-10,sorry
14.201385259628296,0,2,-24,-3,1,-2,-7,-2,-9,-7,12,-4,-25,-12,sorry
14.21750259399414,6,14,17,4,0,-5,-18,-2,-15,1,18,9,-3,-1,sorry
14.21750259399414,25,27,22,24,7,-8,-12,0,-7,13,27,25,86,18,sorry
14.232803344726562,20,10,1,19,0,-14,-16,-7,-17,2,9,7,96,16,sorry
14.232803344726562,7,4,16,13,-3,-5,-24,-8,-39,-12,-13,-3,-5,5,sorry
14.248182535171509,5,12,-6,32,11,9,-7,0,-27,-7,-4,1,-36,7,sorry
14.248182535171509,0,3,0,23,11,15,9,2,-7,-9,-3,0,-3,2,sorry
14.263747692108154,-12,-9,4,4,1,14,17,3,0,-8,-16,-8,-14,-4,sorry
14.263747692108154,-19,-14,-23,10,7,16,22,1,14,2,-17,-21,-34,-9,sorry
14.279708862304688,-20,-9,-7,2,12,17,22,2,17,7,-21,-22,-20,-13,sorry
14.279708862304688,-15,-10,-9,-8,3,12,26,2,11,11,-13,-14,-2,-4,sorry
14.295347929000854,-8,-14,-7,-11,-6,6,18,0,9,6,-3,-12,-7,0,sorry
14.295347929000854,-20,-17,-2,-25,-7,2,0,0,4,-12,-21,-29,-25,-18,sorry
14.310529708862305,-28,-20,-26,-37,-9,-2,1,-2,0,-19,-32,-37,-27,-25,sorry
14.310529708862305,-12,-9,0,-20,-11,0,11,-1,7,-4,-12,-18,-11,-7,sorry
14.325690507888794,0,7,6,3,-1,2,6,0,19,11,-1,-2,0,5,sorry
14.325690507888794,11,16,1,8,8,-2,-7,-1,10,13,2,9,14,12,sorry
14.341715574264526,17,8,11,2,2,-6,-17,-3,0,10,12,22,25,21,sorry
14.341715574264526,3,-6,-11,0,-7,-12,-23,-5,-2,4,14,14,15,14,sorry
14.357770442962646,1,-3,4,4,-6,-11,-18,2,-4,-6,11,15,0,7,sorry
14.357770442962646,16,7,14,18,7,-1,9,6,4,1,15,27,5,11,sorry
14.373360872268677,10,0,-4,5,7,2,23,3,21,17,11,19,15,5,sorry
14.373360872268677,-7,-9,-7,-15,-8,5,13,6,26,20,9,3,14,-3,sorry
14.388408184051514,-6,-7,-11,-7,-13,1,9,3,14,10,12,1,10,-3,sorry
14.388408184051514,0,0,8,0,-2,-4,6,-4,-7,-3,3,4,1,-12,sorry
14.404502391815186,4,0,9,-5,-1,-8,-9,-7,-16,-6,-4,2,-2,-12,sorry
14.404502391815186,15,0,-1,-3,-10,-19,-23,-2,-14,-2,0,7,0,7,sorry
14.420610189437866,22,10,16,8,-8,-15,-22,-1,-17,-9,8,16,2,16,sorry
14.420610189437866,17,18,9,14,4,1,-12,-5,-18,-14,6,10,-3,10,sorry
14.436659574508669,14,10,7,6,10,6,-4,-2,-15,-8,0,1,-5,14,sorry
14.436659574508669,11,4,9,7,14,9,0,4,-2,1,0,1,3,15,sorry
14.452280521392822,-1,3,-4,10,15,19,7,0,11,9,5,-6,4,0,sorry
14.452280521392822,-14,-1,-7,-4,4,13,3,-2,6,0,-3,-22,-4,-14,sorry
14.467894315719604,-12,-4,-13,-11,-2,-5,-1,3,-3,-15,-10,-22,-9,-20,sorry
14.467894315719604,1,9,-1,2,3,-9,0,4,0,-10,0,0,-4,-10,sorry
14.483641147613524,2,11,5,9,9,-2,6,0,6,5,4,4,0,0,sorry
14.483641147613524,-17,-8,-9,-3,-4,-5,2,-1,0,-4,-15,-14,-7,-11,sorry
14.499667882919312,-33,-20,-12,-25,-15,-6,2,1,-4,-13,-25,-22,-14,-23,sorry
14.499667882919312,-24,-16,-13,-29,-7,0,10,1,2,10,-1,-8,0,-5,sorry
14.515284776687622,-10,-7,1,-8,-3,4,8,0,3,13,12,1,8,4,sorry
14.515284776687622,-9,0,6,6,-6,6,-3,0,-5,-12,0,-4,-2,-5,sorry
14.531346797943115,-2,4,0,5,0,1,-16,0,-7,-12,-3,-2,-7,-8,sorry
14.531346797943115,15,11,11,11,7,-3,-18,0,4,8,13,20,7,7,sorry
14.54738450050354,16,12,12,19,3,0,-7,0,9,14,14,21,9,16,sorry
14.54738450050354,0,3,2,10,-1,5,-1,-4,-12,0,-9,-1,-11,1,sorry
14.562751293182371,3,0,-4,2,1,4,-1,-1,-20,-4,-14,-1,-8,-2,sorry
14.562751293182371,21,1,4,8,6,3,6,1,5,5,3,13,11,14,sorry
15.8890700340271,-8,-15,-8,-11,0,0,6,0,-12,-4,-11,-8,-15,-10,sorry
15.8890700340271,-1,-11,4,-13,-3,-1,1,-2,-10,-11,-8,-9,-6,-6,sorry
15.904605627059937,0,3,0,4,-2,0,5,0,0,-1,-3,-8,0,-1,sorry
15.904605627059937,0,9,8,18,4,3,11,0,1,11,0,0,0,0,sorry
15.920646667480469,3,4,13,19,12,9,11,-5,4,15,1,1,5,2,sorry
15.920646667480469,12,9,5,19,14,5,4,1,19,24,12,6,22,12,sorry
15.935929775238035,19,15,12,17,14,0,0,8,16,30,25,24,29,20,sorry
15.935929775238035,10,3,-2,9,7,0,-3,-1,-6,14,13,16,13,14,sorry
15.951846361160278,-1,0,-7,5,-3,1,-5,-4,-13,-3,-2,-4,0,3,sorry
15.951846361160278,-3,1,-1,-1,-7,-1,-4,3,0,2,0,-1,5,0,sorry
15.96738052368164,-7,-12,-5,-21,-8,-7,-6,4,1,8,5,10,4,3,sorry
15.96738052368164,-9,-14,0,-22,-11,-3,0,3,0,3,1,4,-1,11,sorry
15.982698917388916,1,-1,-9,-7,-6,4,14,0,6,0,-9,-9,0,6,sorry
15.982698917388916,8,-2,-8,-11,-7,0,9,-7,2,-16,-22,-9,-4,-11,sorry
15.99864387512207,0,-4,0,-14,-18,-18,-14,-5,-7,-24,-11,3,-6,-19,sorry
15.99864387512207,-2,-3,-4,-12,-17,-18,-21,-3,-9,-13,6,6,0,-14,sorry
16.013695001602173,0,-2,6,-20,-4,-2,-10,-1,-7,-20,-3,0,-7,-13,sorry
16.013695001602173,5,3,1,-12,0,-1,-4,1,-7,-28,-10,1,-12,-6,sorry
16.029752016067505,11,6,1,1,-7,-13,-12,0,-8,-14,9,10,1,5,sorry
16.029752016067505,12,5,14,0,-3,-13,-24,-3,0,-10,25,14,7,8,sorry
16.04488754272461,20,17,17,18,15,0,-22,0,12,-4,23,17,1,11,sorry
16.04488754272461,30,27,25,46,28,9,-7,4,11,18,21,22,6,22,sorry
16.060282945632935,16,11,2,34,21,6,3,0,2,22,22,14,13,22,sorry
16.060282945632935,-6,1,-4,14,11,4,-1,-5,-4,0,8,-6,-2,0,sorry
16.082761526107788,-13,6,4,11,7,9,-4,0,-12,-9,-11,-18,-19,-20,sorry
16.082761526107788,-17,0,-14,2,0,5,3,0,-12,0,-14,-15,-10,-14,sorry
16.082761526107788,-25,-12,-16,-9,-8,8,8,0,-14,-3,-14,-13,-7,-11,sorry
16.091338396072388,-31,-20,-12,-15,-6,14,11,0,-10,-11,-23,-23,-17,-20,sorry
16.106695890426636,-29,-22,-13,-23,-4,10,22,2,3,0,-21,-25,-11,-11,sorry
16.106695890426636,-16,-13,-5,-21,-1,12,32,7,15,24,-6,-10,5,4,sorry
16.12249445915222,-4,-7,-4,-7,0,18,35,6,20,34,2,0,9,4,sorry
16.12249445915222,0,-2,9,-2,0,10,29,2,16,26,9,4,10,0,sorry
16.138645887374878,4,2,1,2,3,-1,18,0,8,19,15,6,16,6,sorry
16.138645887374878,1,-1,-9,7,2,-9,4,2,6,15,-4,-5,3,6,sorry
16.15379786491394,1,-4,5,-2,-4,-11,-6,0,8,1,-22,-14,-8,2,sorry
16.15379786491394,17,4,3,0,0,-8,-9,-1,8,-7,-6,0,5,11,sorry
16.16927695274353,14,4,5,8,6,-5,-11,0,0,-10,-4,10,5,11,sorry
16.16927695274353,-4,-5,-4,0,2,-7,-14,0,-12,-11,-23,-2,-13,-1,sorry
16.185892343521118,3,0,-8,0,-3,-10,-13,-3,-13,-1,-10,-3,-2,0,sorry
16.185892343521118,20,12,13,15,-9,-9,-17,-4,-4,2,10,14,5,5,sorry
16.20045804977417,1,3,0,6,-12,-7,-22,-10,-9,-17,-2,1,-14,-13,sorry
16.20045804977417,-18,-9,-11,-19,-5,-1,-22,-11,-21,-28,-14,-23,-14,-29,sorry
16.215927600860596,-12,-2,-2,-12,-3,1,-11,-2,-18,-12,3,-7,6,-17,sorry
16.215927600860596,4,9,2,9,-5,0,-1,4,-11,-11,19,19,3,2,sorry
16.231664180755615,12,10,11,9,1,1,5,6,0,-17,17,20,-1,14,sorry
16.231664180755615,7,0,1,-2,9,3,13,5,15,-3,17,10,14,12,sorry
16.248695850372314,10,-1,0,-2,4,-1,13,3,24,7,13,14,16,14,sorry
16.248695850372314,16,13,5,6,1,-4,4,6,26,15,13,19,8,20,sorry
16.263418912887573,8,10,4,3,-1,-3,-4,3,9,13,18,12,8,12,sorry
16.263418912887573,2,-2,14,-7,-4,-2,-4,-4,-10,-1,13,9,7,0,sorry
16.278706073760986,8,0,4,-8,4,0,0,-6,3,4,8,10,7,2,sorry
16.278706073760986,3,4,1,-10,7,0,-2,-1,15,18,10,9,9,5,sorry
16.294803619384766,-2,0,5,0,3,2,-1,0,3,14,12,5,3,1,sorry
16.294803619384766,0,0,3,23,13,5,11,-1,3,9,4,-2,-4,0,sorry
16.310688018798828,-4,1,6,18,16,12,12,0,2,4,-13,-14,-8,-5,sorry
16.310688018798828,-19,-5,-12,-6,2,7,5,0,-1,0,-17,-19,-9,-13,sorry
16.326337337493896,-24,-9,-15,-13,-4,-3,4,3,0,-5,-17,-23,-16,-18,sorry
16.326337337493896,-22,-8,-8,-8,-9,-1,1,4,-10,-15,-30,-31,-23,-26,sorry
16.34164810180664,-18,-10,-17,-9,-16,0,-1,-2,-21,-19,-34,-27,-18,-23,sorry
16.34164810180664,-9,-6,-4,-13,-9,0,-1,-4,-21,-20,-23,-14,-15,-16,sorry
16.357723712921143,-3,0,-5,-6,-8,-7,-3,0,-25,-24,-15,-7,-13,-11,sorry
16.357723712921143,0,1,-3,6,-18,-10,-9,2,-23,-17,-6,-5,-9,-1,sorry
16.373297929763794,10,5,10,15,-7,3,-15,2,-6,-1,5,4,0,6,sil
16.373297929763794,18,5,2,16,12,8,-18,-2,-1,4,13,16,13,10,sil
16.388450860977173,16,1,13,13,9,0,-17,-2,-2,9,20,25,17,22,sil
16.40385389328003,11,3,12,17,6,3,-8,0,6,24,25,18,17,28,sil
16.40385389328003,4,4,-6,14,14,4,0,-2,8,26,13,1,17,15,sil
16.40385389328003,-5,-6,-3,0,12,1,5,0,4,12,3,-5,6,2,sil
16.41984534263611,-7,-11,-3,-5,3,7,18,4,11,7,1,-8,-3,3,sil
16.41984534263611,-2,0,3,-4,3,14,27,3,13,11,-4,-4,0,5,sil
16.436450242996216,-7,2,-7,-6,5,5,24,0,7,9,-9,0,3,-4,sil
16.436450242996216,-10,-6,-17,-9,-2,-5,17,-1,4,0,-7,-6,-1,-9,sil
16.450701236724854,0,-1,6,-12,-12,-3,16,4,12,1,-6,-6,-4,0,sil
16.450701236724854,10,6,8,-7,-12,-5,10,6,24,9,-1,4,0,4,sil
16.466066598892212,18,8,10,3,-3,-7,0,4,28,4,4,16,4,6,sil
16.48204493522644,22,7,0,2,3,1,6,6,33,4,12,22,16,20,sil
16.48204493522644,9,0,-12,-11,1,0,13,1,30,12,12,16,19,16,sil
16.500266551971436,-1,-7,1,-14,-4,-12,-8,-8,-4,-4,-4,1,-2,-11,sil
16.500266551971436,1,-1,6,-6,-1,-13,-21,-10,-30,-29,-11,-1,-12,-14,sil
16.500266551971436,8,9,9,-2,0,-4,-11,-3,-15,-21,5,11,7,3,sil
16.513657093048096,3,5,0,-3,-6,-8,-19,-4,-12,-13,11,12,8,-4,sil
16.531113386154175,-12,-6,-17,-11,-10,-18,-43,-11,-36,-32,-6,-12,-18,-24,sil
16.531113386154175,-22,-5,-1,-23,-3,-8,-43,-2,-27,-33,-9,-19,-20,-17,sil
16.546701431274414,-8,3,6,-6,1,5,-16,6,2,0,10,0,5,-2,sil
16.547702312469482,-2,4,5,18,2,4,0,3,0,15,11,3,4,-6,sil
16.547702312469482,-15,0,-2,18,4,-2,0,1,-20,1,-3,-18,-14,-17,sil
16.562821626663208,-11,1,-1,13,7,1,5,2,-18,-2,0,-19,-16,-11,sil
16.562821626663208,0,5,13,23,6,12,16,0,-4,4,4,-3,-10,-3,sil
16.576730728149414,-6,0,-2,20,4,13,20,-3,-2,3,-5,-10,-10,-5,sil
16.592732667922974,-12,-6,-5,7,2,16,14,0,-14,-1,-17,-18,-13,-3,sil
16.592732667922974,-1,-1,0,8,3,19,10,1,-11,2,-15,-8,-7,5,sil
16.592732667922974,6,1,-5,10,3,12,13,2,7,10,-8,-2,2,15,sil
16.60912823677063,4,-3,4,2,1,8,15,5,13,14,-1,0,10,19,sil
16.60912823677063,5,-11,-2,5,0,6,17,2,6,21,1,5,15,20,sil
16.62432336807251,16,-7,-1,2,-9,-2,6,0,7,19,0,9,15,24,sil
16.62432336807251,20,0,4,-13,-14,-9,-4,-1,18,7,0,15,16,23,sil
16.639427185058594,15,0,-6,-22,-6,-10,-1,-1,24,9,1,19,21,15,sil
16.65637516975403,14,2,2,-14,-1,-14,0,3,22,12,9,22,19,9,sil
16.65637516975403,8,6,-2,-15,-8,-19,-8,2,20,-2,13,17,7,0,sil
16.65637516975403,-5,1,-11,-26,-6,-19,-12,-5,16,-17,13,7,2,-14,sil
16.67041850090027,-6,3,4,-21,5,-14,-11,-2,15,-9,18,11,9,-17,sil
16.68597722053528,1,14,7,5,14,-5,-12,0,13,-1,17,10,2,-10,sil
16.68597722053528,0,14,9,19,12,1,-13,-3,-14,-13,0,-4,-15,-13,sil
16.704082489013672,-10,3,-1,15,1,0,-7,-3,-39,-23,-6,-14,-19,-21,sil
16.704082489013672,-16,0,-3,8,0,2,0,1,-30,-19,-5,-13,-20,-19,sil
16.704082489013672,-8,1,6,6,9,17,14,4,-11,-9,-8,-8,-24,-13,sil
16.719375133514404,0,0,0,15,7,21,20,0,-8,1,-9,-11,-14,1,sil
16.73348331451416,-6,-9,1,14,-5,14,5,-3,-13,0,-13,-18,-11,10,sil
16.73348331451416,-18,-18,-11,0,-5,8,-5,-4,-17,-9,-21,-24,-21,0,sil
16.73348331451416,-15,-17,-13,-5,0,8,0,-1,-17,-5,-22,-17,-14,-3,sil
16.749645233154297,-5,-11,5,-1,-2,8,3,0,0,11,-14,-9,9,12,sil
16.749645233154297,-3,-11,-5,-8,-12,-1,0,0,27,25,-7,-10,24,18,sil
16.763291358947754,0,-7,1,-15,-12,-8,0,1,37,26,0,-1,24,13,sil
16.778552293777466,13,6,9,-4,0,0,6,3,28,23,16,19,28,18,sil
16.778552293777466,19,11,1,1,4,-2,2,0,13,17,25,30,28,17,sil
16.79380202293396,11,6,5,-7,0,-11,-5,0,-4,4,14,19,10,0,sil
16.79380202293396,6,3,-4,-11,0,-6,-2,1,-1,-2,1,2,-4,-12,sil
16.809293270111084,8,2,0,-4,-1,-4,-2,0,8,-3,4,1,-5,-13,sil
16.809293270111084,6,5,2,3,1,-7,-5,0,2,-8,8,6,-5,-13,sil
16.82539463043213,3,5,-7,2,6,-3,2,0,-8,-17,-4,1,-12,-8,sil
16.82539463043213,0,3,3,-6,-2,-2,3,1,-11,-19,-11,-1,-14,-5,sil
16.840645790100098,-8,0,0,-9,-10,-12,-7,3,-3,-6,8,0,-7,-6,sil
16.840645790100098,-9,-1,-2,-10,-6,-14,-12,0,-6,-4,8,-4,-11,-3,sil
16.85673689842224,0,0,-2,-3,-5,-6,-8,0,-22,-19,-10,-4,-16,-7,sil
16.85673689842224,10,9,-2,15,0,-1,-8,0,-21,-20,0,5,-1,-6,sil
16.872313499450684,12,18,16,26,9,0,-11,-4,-8,-5,18,16,12,5,sil
16.872313499450684,4,10,9,23,12,3,-9,-7,-13,-1,8,7,8,8,sil
16.887978315353394,2,8,3,19,11,6,-9,0,-17,-2,3,3,8,4,sil
16.887978315353394,5,14,6,22,15,8,-4,5,1,12,18,11,19,12,sil
16.903640270233154,0,5,-1,20,20,9,9,-3,14,23,16,7,21,19,sil
16.903640270233154,-6,-5,5,6,12,10,15,-2,11,13,-3,-5,8,9,sil
16.919299602508545,-8,-11,0,-4,-6,4,6,5,4,2,-16,-15,-6,-1,sil
16.919299602508545,-17,-20,-7,-13,-12,3,8,2,0,0,-20,-21,-16,-6,sil
16.934685468673706,-22,-23,-11,-21,-4,14,26,0,5,0,-22,-28,-21,-15,sil
16.934685468673706,-15,-17,-22,-15,-5,15,33,2,16,1,-21,-30,-19,-13,sil
16.95073413848877,-8,-17,-5,-10,-15,4,23,3,17,5,-20,-16,-13,0,sil
16.95073413848877,-14,-22,-7,-17,-15,0,17,0,14,5,-22,-9,-17,-2,sil
16.96634817123413,-15,-15,-10,-18,-9,4,12,-1,9,-2,-24,-16,-23,-10,sil
16.96634817123413,1,0,7,-7,-4,4,-1,-3,5,-1,-14,-3,-5,1,sil
16.981433868408203,20,3,6,0,0,-1,-11,-7,11,16,10,22,23,21,sil
16.981433868408203,26,7,12,5,7,-4,-18,-4,9,17,27,35,32,24,sil
16.997519731521606,23,15,10,9,11,-5,-23,1,0,3,21,27,25,12,sil
16.997519731521606,17,11,4,3,2,-11,-23,2,-5,0,15,18,22,6,sil
17.012706518173218,8,4,3,-4,-2,-15,-20,-1,-9,1,20,14,18,6,sil
17.012706518173218,-2,6,-6,-6,1,-12,-21,-3,-11,-7,15,2,4,-7,sil
17.02783989906311,-7,9,-1,-6,0,-12,-23,-1,-10,-12,2,-4,-7,-22,sil
17.02783989906311,1,9,-2,-2,-4,-13,-8,0,-5,-3,7,-1,-5,-15,sil
17.04349660873413,7,10,0,-2,-3,-7,6,2,-3,-3,12,6,0,-3,sil
17.0444974899292,0,9,9,-7,-7,0,9,8,-2,-8,3,5,-2,-6,sil
17.05873131752014,-7,1,-3,-1,-5,0,4,4,-2,-6,0,-5,-6,-8,sil
17.07526683807373,-10,0,0,3,3,0,0,0,-3,-9,-4,-15,-11,-9,sil
17.07526683807373,-9,1,1,1,4,3,4,2,-3,-14,-11,-11,-12,-11,sil
17.07526683807373,0,2,0,4,0,-4,7,0,-5,-9,-5,-3,-10,2,sil
17.090309619903564,4,-1,8,6,0,-4,2,-3,-8,-5,1,1,-8,12,sil
17.10633397102356,0,0,-2,12,4,6,-1,-5,-12,-5,-4,1,-5,6,sil
17.10633397102356,5,4,0,18,4,9,0,-5,-25,-12,-13,-3,-9,0,sil
17.10633397102356,7,2,6,14,5,6,1,0,-26,-11,-6,-2,-8,1,sil
17.122409105300903,6,-3,1,15,11,12,11,4,-4,7,7,5,7,12,sil
17.122409105300903,8,2,8,27,15,18,8,3,7,19,8,8,14,18,sil
17.137630939483643,1,3,0,29,14,14,0,-3,12,19,0,0,7,7,sil
17.137630939483643,-5,-5,3,10,10,14,12,-2,23,22,0,-2,7,0,sil
17.152695655822754,-7,-14,-4,-12,0,11,22,2,30,22,-3,-5,7,1,sil
17.168655157089233,-20,-24,-26,-32,-15,-5,6,1,19,7,-20,-21,-5,-5,sil
17.168655157089233,-28,-20,-10,-30,-19,-7,-1,0,7,-1,-31,-24,-15,-18,sil
17.184314727783203,-15,-9,-3,-8,-8,2,8,0,12,3,-17,-9,-2,-10,sil
17.184314727783203,0,-9,-5,-11,-8,-3,4,0,18,7,6,2,9,1,sil
17.184314727783203,4,-5,-4,-25,-10,-13,-10,-1,14,5,15,10,12,-5,sil
17.20037055015564,7,7,-1,-19,-4,-9,-11,0,2,-1,16,20,10,-4,sil
17.20037055015564,11,14,14,-9,-4,-5,-6,2,-1,-11,20,21,11,7,sil
17.21645164489746,17,14,4,-9,-2,-12,-6,1,0,-11,23,13,9,6,sil
17.21645164489746,20,15,5,-2,7,-16,-12,0,-8,-9,14,12,0,-1,sil
17.23180055618286,10,10,13,9,14,-6,-14,3,-26,-12,6,5,-6,0,sil
17.232800722122192,-6,-4,-5,10,5,0,-17,1,-29,-12,-5,-16,-12,-1,sil
17.247811555862427,-14,-9,1,6,-4,3,-17,-2,-20,-4,-19,-21,-18,-4,sil
17.26370644569397,-5,0,5,18,-1,14,0,0,-7,11,-5,-6,-3,8,sil
17.26370644569397,0,4,0,26,7,20,14,1,2,18,0,-1,8,14,sil
17.26370644569397,-12,-3,-5,7,1,13,16,-1,4,8,-22,-12,-5,0,sil
17.27983045578003,-20,-16,-21,-18,-8,3,14,-5,2,1,-30,-19,-15,-8,sil
17.27983045578003,-12,-12,-6,-21,-7,2,10,-4,6,0,-11,-7,-3,0,sil
17.295820951461792,4,2,4,0,-6,0,7,-1,23,7,6,13,10,9,sil
17.295820951461792,20,10,8,2,-6,-15,-2,1,29,14,12,20,15,10,sil
17.31240224838257,16,9,4,-14,-3,-24,-19,1,7,1,13,15,10,-1,sil
17.31240224838257,11,13,-8,-7,0,-20,-19,-1,-12,-17,21,18,9,0,sil
17.32653021812439,21,18,11,12,0,-11,-10,0,-20,-23,22,25,4,0,sil
17.32653021812439,16,9,14,10,3,-5,-6,3,-27,-26,7,8,-10,-12,sil
17.34213662147522,3,5,0,11,11,5,3,2,-19,-18,0,-5,-13,-12,sil
17.34213662147522,13,12,9,30,19,19,21,3,7,0,7,8,4,4,sil
17.35855722427368,11,5,5,29,17,15,17,0,6,-1,3,8,4,3,sil
17.35855722427368,-12,-9,0,2,4,6,-6,0,-18,-17,-12,-13,-17,-16,sil
17.373600721359253,-17,-7,-3,0,2,11,-11,3,-17,-5,-12,-18,-16,-14,sil
17.373600721359253,-3,0,-3,9,3,15,6,4,6,19,1,-5,6,12,sil
17.38973832130432,-7,-9,0,-10,-4,5,14,-2,13,22,2,-6,5,14,sil
17.38973832130432,-27,-26,-19,-27,-10,-3,2,-10,2,13,-10,-25,-13,-6,sil
17.40462350845337,-27,-20,-13,-15,-8,-2,-3,-5,-8,1,-15,-26,-14,-10,sil
17.40462350845337,-13,-5,-3,-6,-3,0,7,0,-2,0,-8,-8,0,-2,sil
17.421799659729004,-10,0,-4,-5,2,-2,12,0,13,8,0,-3,3,-5,sil
17.421799659729004,-7,2,7,6,1,-3,6,1,16,14,0,-5,4,1,sil
17.436790466308594,0,-1,-1,8,-2,-3,1,1,8,8,-5,-2,6,13,sil
17.436790466308594,0,-8,-3,-10,-2,-1,0,0,1,1,-10,0,3,5,sil
17.452314615249634,0,-3,0,-12,-1,-1,0,4,9,4,0,5,6,4,sil
17.467349529266357,9,0,-3,-1,-2,-11,2,2,20,14,6,13,17,17,sil
17.467349529266357,18,2,7,0,-9,-11,-1,0,14,21,4,19,21,15,sil
17.467349529266357,15,1,0,1,-11,2,-5,0,2,14,10,21,21,8,sil
17.482553720474243,4,-1,1,-1,-4,5,-4,-2,-3,-7,11,15,8,4,sil
17.482553720474243,0,1,1,-7,5,-1,-8,-1,-3,-15,1,4,-5,-2,sil
17.499770641326904,16,12,-5,2,4,-8,-19,3,-1,-8,1,2,-7,-4,sil
17.51427698135376,20,11,10,7,-1,-6,-19,0,-5,-13,9,4,-10,-1,sil
17.51427698135376,0,5,2,-1,0,6,1,-2,-8,-15,4,-2,-15,0,sil
17.529524326324463,-4,9,-2,-3,6,16,15,3,-4,-4,-11,-8,-12,-4,sil
17.529524326324463,-1,6,2,-7,4,6,2,1,-11,-8,-20,-11,-13,-21,sil
17.54555106163025,-7,-4,-5,-13,0,-2,-6,-3,-20,-21,-15,-11,-16,-27,sil
17.54555106163025,-4,0,4,-2,0,9,0,0,-8,-13,-3,-4,-7,-9,sil
17.54555106163025,-4,0,0,0,0,11,3,-3,4,0,0,-4,1,-4,sil
17.559686422348022,-12,-6,-2,-11,-3,-2,-8,-8,-2,-8,-8,-13,-5,-16,sil
17.575377225875854,-3,0,4,-6,-8,-8,-8,0,-4,-21,-9,-6,-6,-6,sil
17.575377225875854,4,3,-1,14,-6,-13,6,5,9,-5,9,8,9,14,sil
17.590479373931885,0,0,8,21,1,-16,12,0,9,11,20,13,13,12,sil
17.590479373931885,3,5,8,20,9,-11,5,0,0,12,13,8,4,3,sil
17.6065776348114,12,6,5,11,5,-4,0,2,0,12,16,13,11,13,sil
17.6065776348114,9,2,8,6,4,2,1,2,5,21,27,22,23,28,sil
17.62172222137451,5,0,-4,17,9,0,-4,0,1,21,25,12,13,15,sil
17.62172222137451,2,2,2,19,6,-5,-19,0,-12,10,5,0,-1,-5,sil
18.10777735710144,-3,2,-1,16,5,14,6,3,0,0,-10,-14,-11,-7,sil
18.12176394462585,1,5,8,13,7,6,2,2,-2,8,3,2,4,4,sil
18.12176394462585,-16,-11,7,-8,-9,-3,-7,-1,-19,-11,-8,-1,0,-5,sil
18.139277696609497,-20,-20,-9,-13,-14,4,2,-3,-12,-3,-12,-8,-1,-6,sil
18.139277696609497,0,-4,6,1,0,15,16,-1,1,14,-1,5,7,12,sil
18.15475177764893,4,1,1,2,8,10,7,-1,-2,3,-10,2,6,10,sil
18.15475177764893,0,-1,-2,-2,9,8,-1,0,0,-5,-17,-11,0,0,sil
18.169689655303955,2,-1,1,-2,5,12,0,-1,7,-2,-2,-3,0,4,sil
18.18675374984741,1,-5,-14,-8,-8,0,-9,-8,-2,-12,-1,-3,0,2,sil
18.18675374984741,4,2,0,-12,-13,-8,-11,-1,0,-8,-12,-4,-2,0,sil
18.18675374984741,17,20,4,7,8,1,10,5,22,19,0,12,6,11,sil
18.201308727264404,21,15,-6,17,12,4,13,2,28,26,10,18,14,14,sil
18.201308727264404,10,0,1,1,-9,-6,3,4,19,15,7,8,10,9,sil
18.216715812683105,-1,-1,-1,-2,-8,-10,9,2,21,12,4,-2,0,2,sil
18.216715812683105,-4,0,1,-4,7,-2,7,-1,18,0,-3,-4,-10,-9,sil
18.229676723480225,-1,-1,-1,-6,4,-3,6,1,13,-7,-4,2,-6,-6,sil
18.24529600143433,0,0,-5,-5,-4,-9,9,1,7,-9,4,2,2,2,sil
18.24529600143433,-5,0,-1,-9,-3,-9,-2,-5,-3,-14,12,2,2,-9,sil
18.261345386505127,-8,0,-6,-12,0,-7,-13,-1,-8,-5,18,11,4,-17,sil
18.261345386505127,-4,3,8,-4,-1,-8,-12,4,-13,0,14,10,2,-11,sil
18.280189990997314,1,6,12,4,0,-8,-11,0,-20,-5,9,0,0,-7,sil
18.280189990997314,6,4,8,4,3,-8,-12,-6,-18,-2,17,7,0,0,sil
18.29295301437378,7,2,13,4,11,-2,-14,0,-12,0,18,15,3,3,sil
18.29295301437378,3,1,-2,6,14,0,-14,2,-17,-10,6,1,0,4,sil
18.308326721191406,-3,3,0,5,3,0,-10,0,-22,-15,-3,-12,-11,0,sil
18.308326721191406,-13,2,3,10,-3,6,-1,-2,-18,-5,-9,-18,-12,-7,sil
18.32368898391724,-14,-5,-6,15,-1,18,6,0,-7,8,-12,-20,-7,-7,sil
18.32368898391724,-8,-11,-7,4,-1,23,20,2,1,14,-20,-21,-9,-3,sil
18.33907890319824,-5,-9,-15,3,-1,20,30,1,7,8,-29,-23,-7,0,sil
18.33907890319824,1,-7,0,6,-4,19,22,1,11,7,-18,-10,5,13,sil
18.354636907577515,10,-10,4,-12,-11,11,11,6,27,18,2,10,18,22,sil
18.354636907577515,12,-4,-6,-24,-10,-8,6,4,34,12,0,11,15,9,sil
18.37063384056092,14,8,5,-6,-4,-18,-5,0,16,-6,-7,11,6,-1,sil
18.37063384056092,8,1,-3,-2,-4,-17,-18,0,2,-9,1,8,0,-4,sil
18.38573527336121,-1,-6,-6,-18,-8,-22,-23,-2,-9,-13,2,2,-8,-11,sil
18.38573527336121,0,8,5,-4,-2,-19,-22,-5,-23,-24,2,14,-9,-7,sil
18.401631355285645,9,21,11,25,9,0,-8,-4,-15,-19,10,21,1,8,sil
18.401631355285645,4,12,20,29,19,12,7,0,-1,0,3,6,2,16,sil
18.417800664901733,-2,-6,0,20,17,10,15,-3,-3,16,0,-4,0,13,sil
18.417800664901733,-7,-15,-6,8,4,9,13,0,4,30,4,-1,4,14,sil
18.433356761932373,-10,-4,-2,-2,0,12,12,4,23,32,9,-1,16,15,sil
18.433356761932373,-5,0,-13,-14,3,0,10,0,18,15,10,0,19,6,sil
18.44870495796204,1,-4,-4,-20,-2,-11,0,-2,6,4,12,9,11,-6,sil
18.44870495796204,8,0,-2,-10,-7,-13,-16,0,6,2,13,9,3,-10,sil
18.46376848220825,5,12,-5,-9,-6,-15,-27,0,-11,-18,6,-1,-4,-16,sil
18.46376848220825,-10,2,-2,-24,-4,-14,-27,2,-33,-41,-3,-10,-18,-32,sil
18.47937321662903,-21,-7,-3,-18,-6,-5,-15,2,-26,-34,-7,-13,-27,-31,sil
18.47937321662903,-14,2,6,1,-6,4,-6,0,-18,-24,-9,-15,-27,-18,sil
18.49483847618103,-8,7,0,10,0,9,1,-2,-18,-19,-14,-14,-17,-15,sil
18.49483847618103,1,-2,4,15,5,8,16,-2,-7,-9,-16,-7,-7,-9,sil
18.51029157638549,13,-1,13,21,5,13,30,1,5,1,-12,-3,-3,5,sil
18.51029157638549,9,5,-1,19,8,17,26,2,10,14,-11,-9,0,14,sil
18.52637243270874,0,0,1,8,8,13,13,0,8,19,-19,-14,0,12,sil
18.52637243270874,-8,-14,-8,-2,-1,5,5,1,8,13,-24,-17,-4,7,sil
18.54167127609253,-3,-13,-10,-6,-4,6,5,4,17,18,-8,-7,0,13,sil
18.54167127609253,15,3,10,3,3,9,14,3,28,31,12,13,13,24,sil
18.557618856430054,10,1,-2,5,3,1,15,-1,30,25,17,14,22,19,sil
18.557618856430054,-12,-9,-9,-6,-4,-5,0,-3,21,5,9,7,14,1,sil
18.57321619987488,-8,-6,-4,-9,-4,-4,-7,0,16,0,7,9,10,0,sil
18.57321619987488,6,-2,1,-7,-7,-11,-12,3,9,5,14,13,12,6,sil
18.588563680648804,7,1,10,-7,-13,-16,-23,-1,-1,9,19,19,14,6,sil
18.588563680648804,7,6,0,-2,-3,-9,-23,-5,-9,5,16,24,15,1,sil
18.60376214981079,9,7,8,0,7,-3,-14,1,-8,-1,17,20,15,0,sil
18.60376214981079,7,8,10,1,5,-4,-8,0,-7,0,27,15,14,2,sil
18.619672536849976,9,12,1,-2,-2,-10,-12,-7,-21,-7,15,10,4,5,sil
18.619672536849976,9,12,4,-8,-4,-14,-15,-1,-32,-27,-1,6,-4,0,sil
18.634800672531128,9,11,-4,1,3,-7,-2,2,-13,-18,5,0,-1,-3,sil
18.634800672531128,4,13,0,10,7,1,6,0,1,-5,4,-9,-6,-6,sil
18.651339530944824,-10,0,-2,-6,-1,-2,1,-7,-12,-20,-18,-18,-23,-14,sil
18.651339530944824,-18,-13,-15,-15,-7,-5,0,-8,-31,-33,-30,-24,-29,-23,sil
18.66738867759705,-7,-4,3,3,0,2,5,0,-26,-26,-27,-21,-23,-21,sil
18.66738867759705,-3,0,6,21,7,1,6,8,-5,-13,-18,-15,-14,-6,sil
18.6824758052826,-8,0,6,16,4,5,5,5,0,-3,-7,-2,-10,5,sil
18.6824758052826,-8,3,1,15,6,20,2,2,-1,3,2,3,-4,0,sil
18.6977961063385,-6,-2,-12,19,9,20,-1,4,2,9,-1,-4,-1,-8,sil
18.71346974372864,-10,-14,-3,5,0,11,4,5,10,9,-13,-10,-6,-4,sil
18.71346974372864,-12,-9,-9,-6,-4,14,15,2,17,11,-13,-11,-7,0,sil
18.71346974372864,-5,-8,-6,-3,1,19,19,2,15,16,-8,-12,0,0,sil
18.729660272598267,-4,-19,-1,-5,3,15,23,4,11,22,-10,-11,1,0,sil
18.729660272598267,-11,-19,-11,-16,-1,3,26,0,17,20,-5,-8,0,4,sil
18.74628043174744,-6,-7,2,-19,-5,-1,17,-2,28,14,-1,-7,1,4,sil
18.74628043174744,7,-5,1,-18,-4,-4,1,-3,22,12,-3,-1,5,6,sil
18.761287212371823,20,0,-2,-23,-3,-15,-6,-4,14,16,11,21,14,18,sil
18.77603554725647,26,14,9,-13,0,-17,-5,-1,24,20,36,39,33,27,sil
18.77603554725647,21,15,10,-1,0,-14,-12,-1,16,7,30,29,31,15,sil
18.79233169555664,14,8,12,-11,-7,-22,-29,-5,-16,-13,9,17,5,1,sil
18.79233169555664,13,9,0,-15,-12,-22,-34,-3,-23,-14,19,18,0,0,sil
18.79233169555664,1,8,0,0,-4,-11,-29,-4,-15,-9,24,7,7,-5,sil
18.808902502059937,-13,4,8,8,2,-1,-22,-2,-22,-14,0,-4,3,-16,sil
18.808902502059937,-8,6,-1,17,5,2,-5,1,-15,-9,-7,-8,0,-9,sil
18.824654817581177,-1,8,3,28,1,4,1,0,-4,-12,-1,-7,-2,2,sil
18.824654817581177,-9,2,-1,28,-1,4,2,-3,-14,-24,-8,-11,-6,-6,sil
18.838278770446777,-5,4,-1,25,4,11,5,2,-11,-12,-12,-3,-8,-12,sil
18.853657960891724,4,8,11,22,6,11,-5,7,5,3,-5,5,-4,0,sil
18.853657960891724,-1,-1,-4,7,0,-2,-17,2,2,-3,-11,-5,-7,2,sil
18.86889266967773,-4,-1,-1,2,2,-3,0,2,-7,-4,-17,-11,-16,-2,sil
18.86889266967773,8,7,1,18,14,8,27,4,3,19,2,0,-9,4,sil
18.885513067245483,9,-1,-5,9,10,8,30,0,5,21,8,0,4,9,sil
18.885513067245483,-3,-15,-1,-16,-1,2,21,0,-7,-2,-8,-7,0,-1,sil
18.90065574645996,-10,-15,-8,-17,-5,2,16,2,-5,-8,-6,-2,-7,-3,sil
18.90065574645996,-3,-14,-4,-18,-5,8,8,4,3,0,1,0,0,0,sil
18.91674327850341,-2,-16,-8,-30,-6,8,4,0,0,-1,-7,-5,0,-1,sil
18.91674327850341,-6,-10,-7,-22,-7,1,1,-6,-5,-6,-14,-11,-9,-3,sil
18.93134069442749,-4,0,5,-7,-7,-1,-2,0,-2,-6,-6,-4,-12,-5,sil
18.93134069442749,0,0,-5,-10,-4,-4,-2,0,8,-3,0,1,-4,-3,sil
18.94751882553101,0,2,2,-14,0,-10,-2,-6,11,0,4,4,5,0,sil
18.94751882553101,-4,7,11,-5,0,-7,-11,-8,0,3,7,3,4,0,sil
18.965086936950684,-4,5,0,1,-2,0,-20,-1,-2,5,11,3,1,3,sil
18.965086936950684,5,8,6,9,8,2,-9,5,12,14,15,9,17,16,sil
18.965086936950684,13,7,0,14,24,7,11,6,20,22,13,11,29,16,sil
18.978880405426025,5,0,0,4,14,5,15,3,7,14,8,7,15,0,sil
18.993403911590576,0,-2,-2,0,-3,-2,5,1,1,6,6,1,0,-6,sil
18.993403911590576,3,0,-8,7,-2,-10,-1,1,0,0,1,-4,-4,-5,sil
19.009509325027462,0,0,5,2,-1,-10,-6,2,-4,-10,-7,-4,-5,-8,sil
19.009509325027462,-9,0,0,-6,-11,-5,-8,0,0,-9,-8,-13,-3,-12,sil
19.02490878105164,-12,-3,-3,0,-13,-1,-10,0,0,-6,-13,-17,-7,-11,sil
19.02490878105164,-4,-1,0,9,-5,-4,-10,-2,-6,-9,-13,-1,-3,-8,sil
19.040875673294067,8,5,-2,11,-2,0,0,-5,0,-1,2,14,11,3,sil
19.040875673294067,14,10,12,5,1,10,8,0,8,3,12,12,12,19,sil
19.05650329589844,6,3,6,6,7,4,-1,5,0,-5,3,4,0,14,sil
19.05650329589844,2,0,1,6,0,-5,-14,-2,-4,-12,-4,2,-7,-1,sil
19.07171201705933,4,0,5,-6,-5,4,-6,-4,-8,-7,-4,-1,-11,-1,sil
19.07171201705933,-5,-4,-6,-15,-3,6,3,-1,-17,-3,-9,-10,-11,2,sil
19.08780574798584,-10,-3,-5,-4,-6,-10,2,0,-18,-4,-11,-5,-9,-4,sil
19.08780574798584,1,2,-2,7,-3,-6,5,2,-10,-3,-1,9,-6,-2,sil
19.10335683822632,13,5,3,9,6,9,8,4,0,3,6,12,5,12,sil
19.10335683822632,10,2,7,11,8,6,3,-1,13,15,13,6,16,15,sil
19.119335174560547,3,-5,-3,7,4,-1,-4,-8,13,17,14,3,11,9,sil
19.119335174560547,-8,-9,4,-5,3,3,-11,-4,-6,0,0,-2,-4,0,sil
19.1353976726532,-15,0,-5,0,10,7,-3,1,-9,-4,-5,-11,-10,-8,sil
19.1353976726532,-8,9,-6,8,14,5,9,1,1,6,4,-8,-3,-11,sil
19.15079355239868,-8,0,6,-2,4,7,10,-3,1,3,-3,-7,-3,-12,sil
19.15079355239868,-13,-10,-6,-14,-4,4,14,-2,-1,-9,-20,-20,-13,-16,sil
19.16644716262817,-6,-10,-5,-15,-5,0,21,5,0,-9,-17,-17,-11,-16,sil
19.16644716262817,-5,-10,-9,-14,-4,-3,16,3,0,0,-11,-10,5,-10,sil
19.18200731277465,-2,-7,-8,-10,-3,-8,2,-1,-1,-1,-6,-5,4,0,sil
19.18200731277465,7,1,10,-2,-2,-4,-3,1,4,-3,8,9,-2,7,sil
19.19747829437256,4,0,-1,-2,-5,0,-2,1,14,1,17,13,7,10,sil
19.19747829437256,1,-1,-2,-7,-10,0,-2,1,8,4,6,5,11,9,sil
19.21271538734436,16,11,1,1,-7,-4,-4,6,1,8,7,14,6,11,sil
19.21271538734436,24,17,0,14,-6,-2,-15,3,7,7,18,24,9,11,sil
19.22830080986023,14,6,12,9,-4,-2,-20,0,15,1,14,12,11,6,sil
19.22830080986023,5,0,3,4,8,-7,-8,0,17,11,14,4,9,5,sil
19.24352550506592,1,5,4,2,12,-12,-3,-2,0,9,13,6,4,3,sil
19.24352550506592,0,6,7,-3,1,-7,-12,-5,-18,-13,-4,-1,-3,-5,sil
19.258979082107544,1,-4,0,2,2,2,-5,0,-7,-7,-11,-5,-1,-1,sil
19.258979082107544,4,0,10,16,11,11,9,5,11,17,2,5,11,11,sil
19.274827241897583,-1,4,-1,12,8,6,10,0,13,13,-2,3,10,9,sil
19.274827241897583,-9,-2,-9,-6,-1,-1,0,-8,-4,-5,-18,-8,-4,0,sil
19.29040002822876,-12,-7,-6,-15,-6,-3,-7,-12,-25,-11,-12,-6,-13,-9,sil
19.29040002822876,-20,-6,-7,-10,-8,-4,-15,-8,-34,-19,-12,-8,-19,-21,sil
19.30592942237854,-23,0,1,0,-5,0,-18,2,-24,-26,-20,-18,-26,-23,sil
19.30592942237854,-5,6,3,9,2,9,-1,8,-7,-6,-1,-10,-14,-5,sil
19.321085214614868,10,3,9,6,3,13,12,3,0,1,9,4,0,3,sil
19.321085214614868,2,-4,1,1,1,9,11,3,2,-5,0,3,2,0,sil
19.336634874343872,-6,-7,-17,6,4,0,12,6,15,0,0,-6,3,2,sil
19.336634874343872,-9,-5,0,3,0,0,19,1,19,9,0,-9,5,-2,sil
19.351843118667603,-8,-6,0,-12,-7,5,18,-4,6,0,-11,-9,-2,-11,sil
19.351843118667603,0,-1,-4,-14,-6,1,12,-1,0,-8,-9,-1,-9,0,sil
19.36767768859864,15,9,1,4,4,-2,10,-1,1,0,5,3,-2,6,sil
19.36767768859864,15,7,-5,9,11,1,0,-10,-3,7,8,0,1,0,sil
19.38246846199036,9,-5,0,-10,1,4,-11,-6,-1,1,2,2,0,1,sorry
19.38246846199036,7,-3,-3,-11,-5,-2,-7,4,13,3,6,11,5,8,sorry
19.39843773841858,9,10,-3,8,-2,-11,-1,7,16,17,14,11,12,8,sorry
19.39843773841858,12,9,8,12,-3,-13,-10,4,5,18,17,11,10,3,sorry
19.41418218612671,6,-1,2,4,-7,-8,-14,1,0,4,11,6,11,3,sorry
19.429458618164062,-5,-3,10,2,-4,2,-5,0,-1,-3,-2,3,8,4,sorry
19.429458618164062,-9,-2,3,1,0,5,0,-5,-8,0,-10,2,3,1,sorry
19.429458618164062,-11,-9,-5,-9,-4,-8,-8,-4,-20,-6,-10,-9,-2,-9,sorry
19.44456505775452,-15,-7,3,-9,-5,-12,-13,1,-23,-13,-13,-14,-14,-16,sorry
19.458630800247192,-5,2,5,6,3,3,3,0,-4,0,-2,-2,-8,-3,sorry
19.458630800247192,6,7,4,1,7,11,13,-1,12,8,4,-1,2,5,sorry
19.47455763816833,-2,2,-9,-9,4,0,0,0,11,0,-3,-12,-5,-2,sorry
19.47455763816833,-8,1,-9,-2,4,1,-7,0,-3,-8,-5,0,-10,0,sorry
19.49064826965332,4,5,7,4,4,14,2,2,-4,2,11,20,5,16,sorry
19.49064826965332,11,3,0,4,4,7,10,6,9,16,17,13,16,16,sorry
19.507657289505005,3,2,3,7,7,-5,4,3,14,6,4,-2,6,3,sorry
19.507657289505005,0,1,-3,6,9,-1,1,0,6,-5,-6,-3,0,0,sorry
19.52171301841736,2,-2,-11,1,5,5,8,1,7,0,-6,0,0,3,sorry
19.52171301841736,4,-6,3,-2,-1,2,8,2,7,1,-4,-3,0,0,sorry
19.537721633911133,0,-10,-5,-11,-11,-4,0,-4,-1,-7,-12,-11,-8,-8,sorry
19.537721633911133,-4,-12,-1,-12,-17,1,-1,-2,-2,-1,-16,-9,-11,-10,sorry
19.552383184432983,0,-6,4,0,-9,11,5,2,4,5,4,3,4,1,sorry
19.552383184432983,2,0,0,5,0,0,1,-2,1,-1,23,14,14,9,sorry
19.567898988723755,3,8,10,2,0,-10,-10,-2,-8,-4,12,14,8,0,sorry
19.567898988723755,4,11,0,1,5,-4,-11,2,-4,0,0,3,6,-5,sorry
19.58354663848877,8,13,9,5,10,0,-3,0,2,0,4,5,12,0,sorry
19.58354663848877,8,13,9,10,3,-7,0,-2,3,0,15,18,14,0,sorry
19.598637580871586,0,4,-13,-1,-4,-14,-7,0,-4,-4,14,12,6,-5,sorry
19.598637580871586,-8,0,0,-17,-3,-11,-13,2,-15,-14,0,1,-10,-8,sorry
19.61467456817627,-11,1,3,-12,-4,-10,-11,0,-20,-17,-4,-7,-19,-14,sorry
19.61467456817627,-7,-2,-2,0,-1,-7,-10,-4,-28,-22,-3,-14,-20,-13,sorry
19.63072156906128,-9,-4,-2,1,0,0,-7,-1,-28,-22,-11,-15,-21,-7,sorry
19.63072156906128,-17,-6,-10,-6,-20,1,-8,0,-17,-15,-28,-24,-30,-15,sorry
19.6467547416687,-14,-7,0,-7,-18,4,-1,0,-3,1,-26,-30,-24,-15,sorry
19.6467547416687,-1,-7,3,15,27,22,26,5,23,29,-1,-12,2,9,sorry
19.662291765213013,0,-8,0,25,33,28,35,5,31,33,0,2,4,16,sorry
19.662291765213013,-3,-8,-3,9,-4,17,13,-3,8,13,-18,-5,-10,1,sorry
19.67781662940979,6,-2,-8,-1,-9,8,5,-6,3,10,-14,-4,0,8,sorry
19.67781662940979,11,-2,3,0,7,6,10,0,15,18,3,9,15,22,sorry
19.69363188743592,1,-9,-3,5,3,5,9,0,20,18,12,8,15,16,sorry
19.69363188743592,0,-8,-11,1,-11,1,3,-1,18,12,3,0,16,10,sorry
19.70974564552307,5,-3,-4,-19,-16,-4,0,0,10,5,-3,-4,16,10,sorry
19.70974564552307,9,0,-2,-21,-5,-10,0,2,8,8,13,2,20,10,sorry
19.7253634929657,14,8,12,-4,3,-13,2,5,15,12,32,27,26,11,sorry
19.7253634929657,11,8,3,0,1,-16,-8,0,6,-2,19,32,14,5,sorry
19.741305589675903,7,9,1,-2,1,-14,-17,-4,-16,-23,2,10,-2,-5,sorry
19.741305589675903,20,26,21,5,9,-7,-5,1,-16,-18,15,16,1,-5,sorry
19.75601100921631,23,29,9,14,12,-4,0,3,-6,-5,22,25,10,2,sorry
19.75601100921631,1,8,3,4,7,-5,-12,0,-15,-22,-6,0,-9,-5,sorry
19.77197790145874,-17,-6,0,-7,3,0,-16,0,-19,-28,-28,-25,-26,-18,sorry
19.77197790145874,-17,-7,-4,-7,0,3,-2,-1,-12,-4,-16,-21,-16,-13,sorry
19.78758263587952,-14,-2,0,1,-5,9,2,-1,-8,4,0,-7,-3,-8,sorry
19.78758263587952,-14,0,-7,4,-5,7,-3,1,-4,-3,1,-1,-3,-6,sorry
19.80339908599853,-13,0,0,7,1,4,-7,4,-1,0,-3,-3,-5,-6,sorry
19.80339908599853,-7,-1,1,13,1,5,0,0,0,8,-1,-6,0,-5,sorry
19.8184552192688,-1,-5,2,10,-2,5,5,-3,0,1,3,-1,1,-2,sorry
19.8184552192688,-8,-9,1,-1,-4,2,-6,-4,-11,-11,-5,-8,-12,-11,sorry
19.83401584625244,-11,-8,-14,-4,-5,-1,-10,-4,-7,-11,-13,-15,-16,-17,sorry
19.83401584625244,3,-3,-2,0,-3,0,3,1,19,7,1,2,1,4,sorry
19.84996724128723,8,-4,-2,-3,-2,1,8,3,28,15,7,14,8,15,sorry
19.84996724128723,-4,-10,-5,-19,-9,-6,-2,-3,1,-8,-11,-4,-9,-8,sorry
19.865530490875244,-5,-8,4,-20,-10,-5,1,-2,-6,-16,-14,-12,-11,-15,sil
19.865530490875244,7,0,-9,-2,2,0,15,0,11,6,4,2,8,11,sil
19.88070034980774,18,10,5,9,15,2,12,0,11,15,17,16,17,24,sil
19.895740270614624,23,12,19,15,15,4,10,2,3,15,23,20,19,16,sil
19.895740270614624,19,0,0,8,8,3,18,2,11,20,15,16,18,16,sil
19.895740270614624,3,-5,-2,-6,-1,-2,9,2,14,14,-3,3,3,15,sil
19.91128396987915,-2,0,-6,-2,-6,-8,0,0,6,12,-5,-8,-4,9,sil
19.91128396987915,6,3,4,8,0,-3,-1,-3,-5,12,1,-1,0,10,sil
19.9283549785614,0,-1,7,0,0,-3,-6,-4,-17,-3,-3,1,0,2,sil
19.9283549785614,-20,-11,-17,-15,-12,-11,-17,0,-20,-15,-10,-16,-6,-15,sil
19.9438898563385,-18,-10,-8,-12,-9,-2,-15,3,-12,-3,-8,-20,-6,-14,sil
19.9438898563385,-3,-2,-1,4,0,9,-3,0,-9,2,-11,-7,-4,-3,sil
19.959805965423584,-2,1,-2,3,-2,4,-3,-3,-9,-14,-20,-8,-11,-9,sil
19.959805965423584,-4,3,2,-1,2,3,0,4,-3,-19,-8,-7,-8,-14,sil
19.97560954093933,-1,8,0,5,6,5,4,3,0,-7,9,2,0,-4,sil
19.97560954093933,0,8,6,4,1,1,-2,0,0,-8,3,3,-3,0,sil
19.99067711830139,0,7,6,0,9,2,-5,4,14,-3,0,0,0,1,sil
19.99067711830139,1,15,6,13,8,0,-1,1,14,5,9,7,6,2,sil
20.006272077560425,0,18,2,17,-7,-6,-10,-8,-8,-7,8,9,-2,-4,sil
20.006272077560425,-5,1,-6,-4,-1,-4,-12,-5,-11,-15,1,0,-3,-9,sil
20.02138948440552,-5,0,4,-13,12,2,4,6,2,0,-4,-6,3,-13,sil
20.02138948440552,-3,4,-1,0,10,1,12,2,5,3,-5,-2,2,-11,sil
20.03744125366211,0,4,-4,3,7,1,7,-4,0,-1,0,2,-1,2,sil
20.03744125366211,8,7,10,3,0,4,10,-1,1,3,2,8,0,12,sil
20.05256676673889,15,2,4,8,-3,0,12,-1,4,15,4,17,7,18,sil
20.05256676673889,16,-5,7,-1,-2,0,3,-3,3,16,10,24,16,25,sil
20.06930160522461,6,-4,-4,-17,-11,0,-1,0,0,5,6,0,12,12,sil
20.06930160522461,-2,-5,-7,-16,-10,-5,1,0,0,0,1,-18,1,-5,sil
20.084322214126587,-1,-12,7,-10,1,0,6,-3,1,5,12,1,6,-2,sil
20.084322214126587,-5,-18,-7,-15,-17,5,2,-1,-1,4,7,1,5,0,sil
20.10954189300537,-12,-24,-8,-15,-28,-1,-13,2,-6,-3,-13,-22,-17,-13,sil
20.10954189300537,-5,-20,-3,3,13,-1,-14,0,1,0,-9,-13,-15,-12,sil
20.10954189300537,6,-8,4,20,25,2,3,1,12,8,6,13,9,4,sil
20.131038665771484,15,-2,19,22,0,4,16,11,19,19,14,19,22,14,sil
20.131038665771484,17,0,3,26,15,4,17,5,21,30,19,16,14,15,sil
20.14583396911621,5,0,-2,25,20,-1,0,-5,0,5,2,7,-6,7,sil
20.14583396911621,-10,-11,-2,6,-22,-12,-19,-3,-18,-29,-22,-10,-23,-5,sil
20.162750720977783,-8,-13,-6,-7,-20,-6,-13,1,-7,-23,-12,-14,-14,-8,sil
20.162750720977783,-1,4,0,-5,14,3,0,0,0,-9,-5,-8,-10,-7,sil
20.179888248443604,-7,11,-6,-8,0,-7,-9,-6,-13,-22,-29,-19,-22,-17,sil
20.179888248443604,-10,2,-7,-18,-27,-12,-18,-3,-20,-24,-26,-19,-13,-20,sil
20.179888248443604,-4,6,-8,-21,-11,-2,-11,0,-12,-6,2,2,3,-6,sil
20.195475339889526,0,25,-10,-17,6,-2,-10,0,-7,-2,3,7,0,0,sil
20.207871913909912,0,30,5,-2,0,-3,-9,3,-8,-9,-7,0,-4,-2,sil
20.207871913909912,-4,16,0,8,0,0,3,4,-6,-7,2,-4,3,0,sil
20.22584319114685,-6,19,0,-1,2,0,6,-3,-4,-4,9,-5,0,0,sil
20.22584319114685,-6,33,2,-6,2,5,4,-1,-4,1,3,-2,-4,1,sil
20.22584319114685,-8,26,0,10,7,13,13,6,1,8,1,3,2,4,sil
20.24045968055725,-2,30,18,20,23,16,21,5,10,13,7,11,9,7,sil
20.25453305244445,11,44,11,21,27,18,27,1,15,23,17,12,11,12,sil
20.25453305244445,9,1,3,18,12,18,25,1,15,26,11,1,8,13,sil
20.27047824859619,-5,-68,1,6,1,14,10,-3,11,22,-2,-11,4,4,sil
20.27047824859619,-5,-80,-7,-7,-1,4,1,-9,6,23,-2,-6,11,3,sil
20.28606128692627,2,-50,0,-18,-13,-4,2,-2,9,13,0,2,16,8,sil
20.28606128692627,3,-37,-7,-21,-19,-11,-3,2,15,0,-5,4,12,5,sil
20.301920890808105,7,-28,-10,-17,-8,-10,-8,0,23,3,-1,11,13,9,sil
20.301920890808105,19,-8,3,-7,0,-6,0,-3,32,13,13,22,19,17,sil
20.31753444671631,19,1,6,0,-4,-16,-3,-5,19,0,15,19,13,8,sil
20.31753444671631,7,7,8,-5,-9,-24,-21,0,-16,-24,9,14,-1,-8,sil
20.33362054824829,2,10,-2,-10,-3,-20,-26,3,-27,-26,13,7,-6,-16,sil
20.33362054824829,9,12,1,1,0,-15,-19,0,-21,-16,10,0,-8,-13,sil
20.34877157211304,13,27,16,19,0,-4,-13,0,-22,-14,2,1,-9,-10,sil
20.34877157211304,0,29,0,15,1,2,-12,0,-28,-18,-1,-3,-9,-9,sil
20.3643445968628,-18,3,-7,-1,-5,0,-16,-4,-36,-26,-18,-23,-23,-17,sil
20.3643445968628,-26,-10,-10,0,-5,0,-10,-4,-28,-22,-26,-32,-30,-24,sil
20.38051152229309,-17,3,-4,9,2,11,-1,3,-5,-7,-15,-21,-17,-20,sil
20.38051152229309,-4,10,6,9,6,17,2,8,1,0,-11,-6,-12,-7,sil
20.395721197128296,-2,1,-7,11,15,23,18,2,1,8,-7,0,-13,11,sil
20.395721197128296,-8,4,-3,8,16,21,30,0,12,16,-4,-2,-8,14,sil
20.410695552825928,-14,3,-6,-6,0,8,21,0,13,2,-19,-18,-10,-6,sil
20.410695552825928,-15,-7,-12,-15,-8,1,6,-1,3,-15,-29,-24,-20,-9,sil
20.42630124092102,-8,-3,7,-6,-3,5,5,0,5,2,-12,-7,-9,10,sil
20.42630124092102,7,7,2,8,1,0,14,4,19,33,5,8,15,19,sil
20.44241166114807,14,8,3,9,0,-5,11,4,23,27,10,10,14,11,sil
20.44241166114807,1,0,8,-5,-7,0,6,3,17,5,10,8,4,10,sil
20.45782399177552,1,-7,-3,-13,-7,0,12,0,10,9,10,12,13,16,sil
20.45782399177552,19,0,8,1,2,-3,15,-2,3,22,14,17,15,17,sil
20.473438262939453,18,6,7,14,6,0,1,-6,0,13,19,17,17,15,sil
20.473438262939453,3,-1,-3,1,0,-3,-10,-4,3,0,12,16,49,14,sil
20.48876452445984,0,-8,-6,-7,-2,-9,-8,0,9,6,7,16,60,8,sil
20.48876452445984,3,-4,2,-4,-2,-8,-7,-1,7,9,13,12,18,-1,sil
20.504399061203003,4,-4,6,-12,-7,-6,-15,-4,-1,-4,16,16,-8,-11,sil
20.504399061203003,0,-7,-15,-17,-6,-8,-18,0,-4,-5,16,16,0,-12,sil
20.519571781158447,-2,-1,-7,-12,0,-11,-18,4,-4,-1,11,5,0,-13,sil
20.519571781158447,2,2,6,-7,0,-12,-21,2,-12,-11,1,-6,-10,-16,sil
20.53475856781006,5,4,3,0,0,-10,-18,-1,-16,-18,-2,-17,-7,-7,sil
20.53475856781006,2,10,9,8,6,-4,-5,0,-12,-19,-4,-18,-13,-1,sil
20.550350666046143,-2,5,-2,4,7,-3,-3,0,-11,-24,-10,-18,-29,-16,sil
20.550350666046143,-7,-5,-4,-2,1,-2,-8,0,-9,-25,-14,-21,-30,-21,sil
20.56583309173584,-8,-7,4,-1,0,7,2,4,-3,-13,-10,-20,-17,-11,sil
20.56583309173584,-6,-1,0,3,2,14,16,1,-5,-5,-9,-11,-13,-3,sil
20.58190441131592,-1,8,8,13,8,14,16,-3,-12,-3,-5,3,-13,1,sil
20.58190441131592,2,8,1,22,7,8,8,-3,-12,1,-1,7,-3,3,sil
20.597574472427368,-1,-3,-4,13,-2,5,-3,0,-12,1,-12,-6,-3,3,sil
20.597574472427368,-6,-1,2,4,-6,14,-1,0,-3,5,-14,-7,-6,10,sil
20.61257290840149,-4,1,0,7,-1,18,15,0,15,19,-3,2,1,12,sil
20.61257290840149,-4,-8,6,4,0,11,16,4,21,22,-7,1,5,4,sil
20.62981486320496,3,-1,0,5,1,10,17,1,18,23,-5,2,9,15,sil
20.62981486320496,14,15,-3,12,4,8,27,0,19,24,8,12,16,30,sil
20.6441171169281,1,0,-2,2,0,0,18,3,11,10,-1,3,5,10,sil
20.66129875183105,-10,-17,-11,-10,0,-2,1,0,5,4,-13,-11,-2,-11,sil
20.66129875183105,-1,-10,2,-16,1,-5,0,-6,10,10,0,-1,7,0,sil
20.66129875183105,-3,-14,-6,-26,-11,-18,-1,-3,11,-3,6,3,6,4,sil
20.67869663238525,-15,-21,-16,-34,-21,-18,-13,0,-1,-27,-8,-4,-9,-13,sil
20.67869663238525,-7,0,-7,-18,-7,-9,-17,-5,-14,-26,-9,-4,-3,-17,sil
20.69271230697632,3,10,-15,0,0,-16,-19,-9,-16,-15,6,0,5,-4,sil
20.69271230697632,7,6,10,1,-4,-15,-21,1,-17,-11,16,9,0,-2,sil
20.70754790306092,18,15,23,7,5,1,-7,8,-6,0,18,17,5,-3,sil
20.70754790306092,25,17,6,12,11,0,0,1,3,4,14,13,14,0,sil
20.722466230392456,12,9,5,4,1,-9,-16,1,-3,0,12,14,8,0,sil
20.722466230392456,2,11,-2,2,0,-6,-18,3,-2,5,18,18,7,0,sil
20.73835611343384,4,11,2,3,3,-6,-8,0,8,5,21,10,6,0,sil
20.754746913909912,-2,4,7,-1,4,-5,-1,0,3,-2,13,1,1,0,sil
20.754746913909912,-12,1,2,0,6,2,2,1,-15,-7,0,-1,-1,0,sil
20.754746913909912,-9,0,8,10,4,15,8,0,-23,-6,-10,-8,-12,-1,sil
20.769596815109253,-6,-5,-2,14,2,21,13,0,-12,0,-16,-21,-17,-1,sil
20.769596815109253,-10,-15,-2,7,2,20,20,4,6,10,-21,-24,-10,1,sil
20.7856183052063,-7,-15,3,6,2,21,34,5,21,23,-17,-12,3,5,sil
20.80129909515381,1,-6,-1,13,7,24,39,1,27,33,-10,-2,10,12,sil
20.80129909515381,1,-7,-5,-1,1,12,21,0,25,28,-13,-6,1,10,sil
20.80129909515381,-9,-24,-21,-25,-12,-12,0,0,24,12,-5,-12,0,0,sil
20.81782269477844,-7,-20,-10,-26,-13,-16,-6,-3,18,0,5,-3,13,-4,sil
20.81782269477844,7,2,4,-13,-5,-8,-12,-7,3,-10,6,13,16,1,sil
20.83338189125061,17,13,1,-10,-6,-15,-25,-4,-8,-16,12,21,1,7,sil
20.83338189125061,14,16,9,-6,-3,-17,-32,0,-10,-17,19,18,-3,0,sil
20.849321126937863,0,15,-3,0,2,-9,-26,-1,-14,-19,7,3,-5,-14,sil
20.849321126937863,0,11,-4,0,0,-11,-17,0,-24,-29,-3,0,-12,-11,sil
20.86571907997132,10,9,10,7,-3,-6,-3,4,-19,-24,3,7,-14,-5,sil
20.86571907997132,0,3,2,13,0,5,3,0,-8,-10,0,-3,-18,-12,sil
20.8806266784668,-22,0,0,1,4,6,0,0,-14,-15,-20,-24,-26,-19,sil
20.8806266784668,-17,5,-2,2,9,1,3,3,-16,-15,-23,-18,-15,-8,sil
20.896667957305908,3,12,6,30,15,6,18,2,-1,5,0,2,4,11,sil
20.896667957305908,6,8,14,36,15,13,18,-3,6,16,10,10,10,19,sil
20.912283897399902,0,-4,-2,8,4,9,2,-5,-3,5,0,2,0,9,sil
20.912283897399902,-3,-10,-2,-7,-6,4,-7,-1,-17,-5,-14,-3,-8,-5,sil
20.928733110427856,-4,-9,-4,-2,-6,-1,-4,0,-9,4,-10,-6,-4,-5,sil
20.928733110427856,-1,-8,-5,-2,-4,-5,0,1,9,26,0,-3,8,8,sil
20.943748474121094,0,-10,-1,-15,-8,0,0,2,16,24,4,4,18,13,sil
20.943748474121094,-4,-13,-10,-19,-10,0,-1,0,18,12,4,3,16,2,sil
20.958298683166504,4,-3,3,-7,-2,3,11,1,28,23,9,4,13,9,sil
20.975501537323,18,4,3,6,11,11,33,7,38,37,22,14,23,23,sil
20.975501537323,12,-3,-5,0,10,3,25,4,26,22,17,15,25,15,sil
20.975501537323,0,-7,1,-12,-8,-10,2,-1,4,0,0,10,6,1,sil
20.991305112838745,4,0,0,-5,-12,-9,0,0,-4,-16,0,4,-7,-5,sil
20.991305112838745,5,0,3,0,-2,-6,-6,0,-10,-21,0,-2,-12,-21,sil
21.00537776947021,-8,-1,-5,-4,0,-6,-20,-4,-15,-17,-10,-15,-14,-26,sil
21.00537776947021,-11,-1,-12,-14,-5,-3,-22,-8,-20,-25,-15,-19,-15,-14,sil
21.020496129989624,-6,-2,0,-15,-6,-1,-21,-3,-29,-35,-6,-10,-9,-13,sil
21.035024166107178,-9,2,-3,-4,-3,-6,-20,0,-26,-22,4,-5,0,-11,sil
21.035024166107178,0,12,7,4,2,-5,-14,0,-9,-7,0,-6,0,2,sil
21.050673961639404,12,14,9,7,9,4,-3,3,4,1,-3,0,1,12,sil
21.050673961639404,4,12,1,9,12,5,1,3,3,8,3,8,2,11,sil
21.065799951553345,-6,9,8,7,5,0,-5,0,-7,-2,0,0,-6,-1,sil
21.065799951553345,-3,2,0,7,-3,2,-2,0,-4,-4,-8,-2,-10,-9,sil
21.08164954185486,1,2,1,8,-5,7,11,0,5,13,3,8,0,0,sil
21.08164954185486,-6,0,1,3,0,1,11,-1,3,13,8,2,-1,2,sil
21.0977110862732,-11,-4,-8,-1,2,3,7,0,10,1,-1,-8,-8,-1,sil
21.0977110862732,4,5,7,2,8,12,18,7,34,8,0,3,5,8,sil
21.11364912986756,10,3,4,7,7,6,22,4,31,24,5,7,13,11,sil
21.11364912986756,0,-14,-1,-2,-6,-4,3,-3,4,23,3,0,2,2,sil
21.12886571884156,1,-10,0,0,-4,-3,-3,-1,3,15,12,3,5,7,sorry
21.12886571884156,1,1,-1,9,9,0,2,0,5,0,12,1,3,10,sorry
21.14429235458374,-9,-2,1,0,3,-2,2,-2,-17,-18,-5,-6,-17,-5,sorry
21.14429235458374,-3,-3,-9,-5,0,-2,2,-2,-27,-15,-12,0,-14,-9,sorry
21.16033148765564,10,5,1,7,3,1,0,2,-11,-8,-4,10,4,3,sorry
21.16033148765564,8,9,12,11,2,5,-5,3,3,-5,2,8,10,5,sorry
21.176411390304565,13,6,2,9,9,3,1,0,11,4,6,6,14,6,sorry
21.176411390304565,17,0,6,5,10,4,8,0,8,4,-1,4,12,4,sorry
21.19160914421081,0,-11,-9,-5,-10,0,0,1,-4,-7,-14,-6,1,-7,sorry
21.19160914421081,-10,-13,-14,-14,-18,-6,-3,-2,-7,-9,-11,-6,0,-5,sorry
21.207683563232425,0,-5,1,-12,-5,-6,1,-1,6,1,1,5,6,9,sorry
21.207683563232425,0,-11,-1,-14,-6,-7,0,1,12,8,2,1,0,0,sorry
21.223485231399536,-4,-15,0,-16,-14,-8,-8,-1,-1,7,0,-11,-14,-17,sorry
21.223485231399536,-8,-8,-13,-11,-12,-4,-12,-10,-15,-1,3,-11,-15,-16,sorry
21.23838424682617,-12,-2,-11,-7,-8,0,-13,-9,-19,-15,0,-6,-6,-7,sorry
21.23838424682617,-15,0,6,-8,-1,-1,-9,-2,-19,-20,-8,-5,-5,-10,sorry
21.25434279441833,-12,4,-3,-1,5,-4,-4,-3,-13,-10,-4,-10,-4,-10,sorry
21.25434279441833,-1,9,5,10,5,-2,-6,-1,-3,2,5,-8,0,0,sorry
21.269760847091675,7,11,9,14,9,5,-5,4,9,11,6,0,5,9,sorry
21.269760847091675,9,8,5,10,10,6,-3,2,10,8,0,3,8,10,sorry
21.285808563232425,6,5,10,11,0,0,-8,3,0,1,1,7,12,5,sorry
21.285808563232425,0,2,2,8,-6,-7,-7,8,-3,0,8,10,4,5,sorry
21.301411390304565,-3,0,3,-6,0,-2,2,9,-2,-4,-7,6,-13,4,sorry
21.301411390304565,-1,1,-2,-6,2,5,13,1,0,-13,-20,-2,-13,-1,sorry
21.317503690719604,2,11,-2,6,0,6,14,1,2,-3,0,-3,0,-1,sorry
21.317503690719604,0,16,10,10,3,11,12,4,4,8,13,0,0,0,sorry
21.33266377449036,0,10,-5,7,11,16,11,-5,10,5,-2,-4,-2,-5,sorry
21.33266377449036,-1,3,-4,6,7,9,5,-5,5,1,-12,-12,-8,-6,sorry
21.34835314750672,-9,0,-4,2,0,4,3,2,-5,8,-3,-7,-11,-5,sorry
21.34835314750672,-3,0,-5,-4,5,8,7,-2,-1,6,3,5,0,0,sorry
21.364328145980835,16,4,11,-2,9,8,4,-6,10,2,11,22,13,13,sorry
21.364328145980835,19,5,9,6,4,-2,0,0,17,11,18,27,18,23,sorry
21.37938165664673,15,0,8,4,0,-11,0,3,21,14,15,17,15,18,sorry
21.37938165664673,9,-8,-2,-8,-2,-10,1,0,10,0,2,-1,4,4,sorry
21.395487785339355,-7,-13,-18,-16,-1,-4,4,-1,-1,-9,-7,-14,-1,-2,sorry
21.395487785339355,-16,-12,-8,-14,-2,-1,3,1,9,-3,-1,0,2,-7,sorry
21.411361694335938,-7,-16,-10,-10,-12,-11,-5,1,8,0,3,3,4,-18,sorry
21.411361694335938,-3,-21,-8,-15,-20,-21,-15,0,-21,-12,-8,-11,-6,-18,sorry
21.42641472816468,-4,-11,0,-4,-9,-8,-2,0,-16,0,-4,-8,1,0,sorry
21.42641472816468,7,2,2,23,10,8,15,3,15,29,17,13,24,17,sorry
21.44166326522827,15,-5,14,23,10,4,9,3,11,25,15,14,20,9,sorry
21.44166326522827,0,-25,-1,-2,-9,-5,-1,-2,-7,0,0,-6,0,-6,sorry
21.457693576812744,-13,-23,-2,-15,-16,2,-6,-1,-8,-7,-2,-13,-11,-9,sorry
21.457693576812744,-3,-22,13,-5,0,5,-12,0,-10,-2,-1,-3,-11,-3,sorry
21.47373938560486,3,-20,3,5,9,-9,-17,-7,-27,-13,-7,-1,-12,-3,sorry
21.47373938560486,0,18,2,3,-1,-10,-12,-8,-41,-34,-22,-10,-20,-8,sorry
21.489409923553467,-7,52,-4,-7,-9,0,-9,0,-27,-32,-23,-12,-19,-6,sorry
21.489409923553467,-12,37,-7,-12,-6,-1,-20,-1,-5,-14,-11,-8,-12,-2,sorry
21.504575967788696,-13,21,-5,-2,-2,-1,-21,-1,-2,-11,-8,-7,-13,-3,sorry
21.504575967788696,-13,19,-6,3,-1,7,-4,1,0,-6,-10,-8,-12,-4,sorry
21.520670175552368,-6,15,7,0,2,13,6,3,12,2,-5,0,-3,-2,sorry
21.520670175552368,9,15,2,10,14,16,15,0,18,7,6,13,6,5,sorry
21.5367283821106,18,14,3,26,20,15,23,0,14,11,16,16,13,16,sorry
21.5367283821106,11,3,12,18,13,8,16,3,9,13,11,9,8,13,sorry
21.55241131782532,7,-1,1,5,7,1,7,2,12,5,2,0,2,4,sorry
21.55241131782532,6,-3,2,7,2,-3,8,0,8,0,1,-1,0,-2,sorry
21.567615270614624,4,-9,-1,4,0,-9,4,0,-2,7,4,-6,4,-3,sorry
21.567615270614624,8,-10,-5,-7,-2,-3,2,0,-4,14,5,-4,6,5,sorry
21.58288311958313,1,-11,1,-13,-4,3,7,0,2,10,4,-1,2,4,sorry
21.58288311958313,-10,-16,-10,-10,-3,-3,2,0,2,0,0,-5,-2,-8,sorry
21.59853982925415,-3,-12,-4,-6,-2,-6,-4,3,3,4,0,3,0,-4,sorry
21.59853982925415,9,-3,2,-1,0,0,-3,0,11,15,9,18,15,13,sorry
21.61454939842224,8,-4,1,-2,0,0,-5,-2,8,2,6,11,9,12,sorry
21.61454939842224,9,-1,7,1,5,0,0,3,12,0,0,3,0,0,sorry
21.63061475753784,7,-1,2,5,5,0,14,2,21,15,9,12,11,5,sorry
21.63061475753784,-9,-11,2,-10,-6,-4,11,-2,5,4,6,10,12,4,sorry
21.64665460586548,-19,-10,-10,-16,-13,-3,-1,0,-5,-15,-6,-3,0,-6,sorry
21.64665460586548,-6,0,-12,-1,-6,-2,-8,0,0,-4,0,-1,5,-4,sorry
21.66259407997132,0,3,10,0,-1,-2,-10,-1,-4,1,4,4,9,-4,sil
21.66259407997132,-5,-1,0,-3,-2,-6,-7,0,-8,-13,-11,-8,-5,-16,sil
21.67851567268372,-9,-3,0,0,-4,-11,-8,-1,-15,-24,-17,-18,-15,-21,sil
21.67851567268372,-8,0,1,-6,-2,-5,-9,-10,-32,-16,0,-10,-8,-17,sil
21.69387149810791,-4,9,-7,-11,0,2,-3,-6,-24,-5,3,-4,-1,-2,sil
21.69387149810791,7,18,10,-1,1,3,1,6,1,-5,-4,0,-1,10,sil
21.70909667015076,5,7,2,3,0,-1,-5,2,6,-7,-4,-6,-3,4,sil
21.70909667015076,-15,-1,-7,0,0,-2,-13,-5,-8,-8,-4,-14,-5,-2,sil
21.72574615478516,-20,0,-6,5,0,3,-6,-1,-13,-5,-10,-11,-3,0,sil
21.72574615478516,-4,-2,-9,12,0,12,3,2,-6,6,-9,-7,-5,5,sil
21.74033761024475,7,-1,5,15,6,21,9,5,-1,18,0,0,0,9,sil
21.74033761024475,9,4,4,24,12,20,17,4,4,21,11,5,10,10,sil
21.755448579788208,9,0,-1,18,5,10,15,-1,7,20,4,-3,-16,2,sil
21.755448579788208,5,-2,0,7,0,5,7,-1,8,15,-5,-6,-46,0,sil
21.77161431312561,4,4,-4,8,0,0,10,2,17,6,3,13,-19,13,sil
21.77161431312561,10,3,4,0,-6,-9,7,1,20,1,16,25,14,11,sil
21.787659883499146,2,-10,0,-24,-15,-18,-5,-1,9,0,6,7,8,-2,sil
21.787659883499146,-4,-9,-2,-26,-8,-13,-11,-3,3,-5,-9,-6,0,-9,sil
21.80177497863769,4,6,5,-7,5,-6,-11,-1,7,-12,-12,3,9,-5,sil
21.80177497863769,10,5,5,-3,5,-8,-10,2,6,-13,0,14,22,-1,sil
21.81956911087036,0,0,13,-18,0,-7,-2,0,9,-6,11,12,24,-1,sil
21.81956911087036,7,4,1,-16,6,0,6,0,11,1,9,11,17,-5,sil
21.832640171051025,24,17,4,4,14,-1,0,8,-3,0,10,17,8,-1,sil
21.84839701652527,13,14,18,16,7,-5,-1,10,-13,-2,21,15,6,5,sil
21.84839701652527,-5,0,0,13,1,-1,4,-3,-5,1,13,-2,6,3,sil
21.868288278579712,-11,-1,0,13,6,4,-1,-6,-15,-6,-5,-13,-2,-6,sil
21.868288278579712,-18,0,-2,19,6,9,-7,0,-31,-21,-12,-18,-10,-13,sil
21.868288278579712,-27,-13,-16,8,-2,11,-3,-1,-26,-16,-21,-27,-17,-10,sil
21.88131427764893,-18,-21,-13,-8,-9,12,-2,-1,-17,-3,-28,-32,-21,-5,sil
21.88131427764893,-6,-15,-14,-1,-8,9,9,-4,-5,3,-16,-25,-11,-1,sil
21.896339178085327,-7,-10,-3,5,-5,11,25,-7,9,10,-10,-11,-4,1,sil
21.896339178085327,-9,-7,-6,-7,-5,4,13,-2,11,14,-6,-1,-6,6,sil
21.914729833602905,0,0,-9,-16,-11,-3,-7,2,5,12,4,5,3,9,sil
21.914729833602905,9,3,5,-9,-10,0,-2,5,19,19,4,10,23,10,sil
21.927565336227417,13,2,4,-1,-1,-7,3,2,33,29,13,16,31,15,sil
21.943827390670776,19,5,10,-5,0,-17,-3,2,21,18,33,27,27,21,sil
21.943827390670776,14,3,3,-12,0,-7,-8,1,8,0,24,24,13,12,sil
21.943827390670776,0,0,-7,-11,1,-4,-12,-1,3,-9,-5,2,-8,-5,sil
21.961270809173584,-6,4,7,-7,-1,-19,-18,0,0,-18,-8,-6,-19,-20,sil
21.961270809173584,-2,6,0,-9,-3,-15,-14,0,-1,-15,6,-1,-11,-18,sil
21.973291635513306,-4,3,0,-7,3,0,-15,-2,-17,-20,0,-2,-16,-14,sil
21.98832869529724,-6,10,3,9,9,0,-17,-4,-39,-33,-13,-4,-27,-18,sil
21.988719940185547,0,14,1,31,6,4,-3,1,-30,-17,-3,1,-15,-5,sil
22.00326991081237,5,4,11,30,3,17,10,5,-7,11,2,2,0,10,sil
22.00326991081237,-8,-14,-2,13,0,15,19,1,-2,15,-14,-14,-6,3,sil
22.01864504814148,-18,-20,-6,0,-2,14,26,1,-2,11,-24,-24,-15,-3,sil
22.01864504814148,-8,-9,-1,0,0,21,26,1,9,19,-11,-15,-3,5,sil
22.03466105461121,9,1,-4,3,5,11,17,0,20,16,1,-3,14,18,sil
22.03466105461121,22,8,8,11,5,0,13,4,25,9,8,11,25,21,sil
22.050095796585083,14,6,2,6,0,-6,10,2,23,5,11,14,22,7,sil
22.050095796585083,0,-1,-3,-14,-7,-19,-7,-8,0,-13,4,6,0,-11,sil
22.066113471984863,7,0,0,-16,-6,-22,-19,-9,-12,-24,4,10,-8,-13,sil
22.066113471984863,11,4,-3,-11,-1,-12,-16,0,-8,-15,11,12,0,-6,sil
22.081511735916138,2,4,4,-17,1,-4,-12,4,-4,-11,11,3,0,-3,sil
22.081511735916138,11,8,5,-3,10,0,-3,2,3,0,23,15,10,6,sil
22.09779357910156,18,16,11,15,11,2,5,2,12,15,30,33,23,16,sil
22.09779357910156,0,8,8,7,0,1,-1,4,4,8,7,13,8,8,sil
22.11878490447998,-24,-8,-13,0,-4,0,-9,-1,-13,-6,-16,-18,-12,-5,sil
22.11978912353516,-33,-14,-7,3,-2,7,-5,-8,-31,-15,-28,-29,-18,-18,sil
22.11978912353516,-26,-8,-5,12,3,16,1,0,-26,-7,-25,-25,-13,-18,sil
22.12930679321289,-2,0,-1,21,14,17,9,5,3,18,-8,-15,-1,1,sil
22.145101070404053,1,-4,0,13,10,11,16,-3,22,35,-8,-11,7,10,sil
22.145101070404053,-19,-23,-20,-14,-6,0,5,-12,14,17,-30,-27,0,1,sil
22.16088819503784,-21,-26,-7,-38,-18,-5,-6,-1,4,-3,-26,-20,-6,0,sil
22.16088819503784,2,-8,-2,-28,-13,-1,4,7,12,3,2,5,7,3,sil
22.17663288116455,22,4,-2,-4,-5,-1,10,2,19,16,15,16,18,11,sil
22.17663288116455,22,11,15,3,-5,-8,1,0,9,6,16,21,14,20,sil
22.191617488861084,13,9,8,-1,-5,-18,-7,0,-1,-12,17,25,3,12,sil
22.191617488861084,12,10,7,3,0,-13,-14,2,-9,-21,12,21,-6,-6,sil
22.20772647857666,19,21,9,20,3,0,-10,4,-12,-11,15,17,-5,-5,sil
22.20772647857666,6,16,3,9,-2,-1,-3,0,-9,-11,12,5,-5,0,sil
22.222535133361816,-8,-3,-5,-25,-7,-12,-5,-1,-4,-23,-6,-10,-13,-20,sil
22.222535133361816,0,-1,-11,-23,1,-5,-4,0,0,-11,-1,-5,-9,-23,sil
22.237574338912964,6,9,7,6,8,5,-9,1,1,7,21,7,2,-3,sil
22.237574338912964,-8,0,3,5,4,-4,-21,0,-5,0,21,-1,5,0,sil
22.25354766845703,-15,-8,-11,-7,0,-10,-17,-2,-14,-10,0,-17,-3,-15,sil
22.25354766845703,-15,-2,3,3,-3,5,-5,0,-14,-4,-15,-19,-16,-16,sil
22.268654823303223,-18,-1,0,15,0,15,5,1,-9,-4,-17,-15,-15,-5,sil
22.268654823303223,-9,-7,0,11,10,10,14,2,-13,-15,-17,-9,-11,0,sil
22.283982753753666,-1,-8,2,12,10,9,17,-2,-20,-12,-22,-4,-14,0,sil
22.283982753753666,-4,-3,-7,16,4,11,21,-4,-13,-1,-28,-9,-14,-2,sil
22.29952812194824,1,2,1,14,8,10,27,4,5,7,-22,-10,-2,0,sil
22.29952812194824,10,0,1,14,13,8,22,4,26,30,-2,0,10,20,sil
22.31495952606201,14,0,12,6,3,5,12,0,32,42,11,11,23,36,sil
22.31495952606201,11,1,9,-3,-5,-1,7,3,30,27,14,15,33,31,sil
22.33071732521057,8,-3,-6,-9,-6,-4,3,6,30,20,9,10,28,24,sil
22.33071732521057,7,-6,5,-9,-6,2,2,0,30,28,4,13,21,18,sil
22.346339225769043,7,1,1,-3,-5,0,4,-2,25,23,13,15,23,10,sil
22.346339225769043,5,9,-3,-1,-3,-11,-7,-1,4,4,21,11,10,0,sil
22.36162376403809,-3,4,-8,-15,-4,-6,-16,-4,-21,-13,11,2,-13,-17,sil
22.36162376403809,-15,-5,-20,-28,-8,-2,-19,-5,-26,-29,-1,-3,-17,-29,sil
22.377541065216064,-14,-6,-1,-19,-10,-7,-23,0,-12,-25,-1,-1,-8,-23,sil
22.377541065216064,-3,0,3,-3,0,-4,-17,-3,-10,-9,5,0,-7,-12,sil
22.39318990707397,0,3,0,-6,7,1,-6,-4,-17,-8,9,1,-4,-8,sil
22.40865683555603,2,9,0,-6,5,-3,2,1,-8,-10,9,5,3,0,sil
22.40865683555603,6,9,-2,9,4,-8,11,2,-1,-10,6,4,0,6,sil
22.4243221282959,3,7,11,15,5,0,5,1,-8,-18,4,0,-9,0,sil
22.4243221282959,0,4,6,13,0,5,0,0,-6,-12,2,0,-12,0,sil
22.439505338668823,5,0,2,15,1,3,0,-4,-2,-3,-5,0,-11,2,sil
22.439505338668823,4,-4,6,12,3,1,-2,-4,-16,-21,-19,-4,-15,-6,sil
22.439505338668823,-12,-9,-10,0,-4,-4,-6,-2,-19,-21,-26,-14,-17,-18,sil
22.45570397377014,-11,-4,-5,-4,-6,-4,-1,1,-2,6,-18,-12,-5,-12,sil
22.45570397377014,6,4,6,2,-2,0,2,6,13,16,0,0,14,1,sil
22.47141122817993,7,3,7,3,-10,-3,-5,2,12,8,3,0,13,4,sil
22.47141122817993,-8,-5,0,-11,-18,-8,-11,0,0,9,-10,-11,0,0,sil
22.485843420028687,-11,-15,-10,-11,-6,0,-1,4,1,13,-16,-16,0,3,sil
22.50188088417053,0,-8,6,0,5,10,14,9,18,17,-4,-5,12,12,sil
22.50188088417053,2,2,0,0,13,10,17,2,23,21,4,2,13,17,sil
22.518606662750244,-1,5,-9,0,15,3,5,-3,4,5,0,0,0,10,sil
22.51895451545716,1,2,6,4,14,6,0,-2,-5,-3,-3,-2,-11,-4,sil
22.51895451545716,1,0,-6,-2,7,8,3,-4,7,8,5,-1,-2,-3,sil
22.534543991088867,-8,-5,-13,-22,-4,0,7,-1,12,9,6,3,2,2,sil
22.551367044448853,-7,-6,-4,-13,-3,-1,6,8,5,0,5,11,0,2,sil
22.551367044448853,8,1,2,8,4,5,4,6,6,5,14,16,7,7,sil
22.551367044448853,8,9,6,7,7,4,4,-3,11,14,12,12,11,13,sil
22.56641125679016,0,5,-7,-1,5,-1,4,-5,0,4,4,0,0,4,sil
22.56641125679016,0,-4,0,0,-2,-4,-5,0,-16,-15,0,-6,0,-7,sil
22.583534479141235,-2,-2,3,5,-11,-4,-19,-7,-25,-25,-1,-2,2,-15,sil
22.583534479141235,-5,8,-4,1,-9,-5,-20,-11,-25,-21,-6,1,-8,-18,sil
22.59762954711914,6,12,8,0,-4,-2,-12,0,-23,-22,-9,4,-20,-12,sil
22.59762954711914,8,3,5,8,-4,-6,-3,1,-13,-15,-3,0,-14,-5,sil
22.61528754234314,2,0,7,15,0,0,0,-2,-5,-2,4,-1,-5,-4,sil
22.61528754234314,5,1,0,10,2,8,2,4,0,5,7,2,0,-2,sil
22.63068580627441,2,-1,-8,4,0,0,2,7,2,-1,3,-4,3,0,sil
22.63068580627441,-3,0,11,1,-1,-3,1,2,3,-8,0,-6,4,2,sil
22.645726919174194,2,2,11,5,4,9,10,1,12,7,12,9,19,16,sil
22.645726919174194,7,2,7,2,3,3,11,1,15,20,18,12,26,18,sil
22.661275386810303,-4,-1,-1,-6,-2,-12,-1,-1,9,5,-1,-7,0,-3,sil
22.661275386810303,-8,0,-15,-5,0,-9,-5,1,10,0,-16,-11,-19,-15,sil
22.67673420906067,6,5,6,0,1,-1,2,3,6,15,0,12,-2,0,sil
22.67673420906067,8,0,5,-8,-9,-8,-3,0,0,10,9,16,13,12,sil
22.693336486816406,-6,-11,-7,-21,-14,-9,-11,-4,2,-6,-4,0,5,8,sil
22.693336486816406,-9,-5,-7,-6,0,2,0,0,4,-5,-1,-1,0,8,sil
22.708880186080933,-1,0,-6,8,12,8,9,0,-3,6,5,1,1,7,sil
22.708880186080933,2,-3,6,0,10,6,5,0,3,10,-9,-5,1,1,sil
22.72275948524475,6,0,0,-5,7,9,14,2,21,11,-10,-5,3,9,sil
22.72275948524475,0,-4,-6,-1,2,10,15,1,14,12,-2,-1,0,14,sil
22.73833012580872,-14,-17,-5,-10,-1,6,0,-3,-1,6,-13,-7,-5,-3,sil
22.7563591003418,-10,-16,-16,-18,-2,0,-5,-5,-3,-9,-12,-13,-7,-10,sil
22.7563591003418,0,-1,-5,-13,-6,-1,-6,-1,-12,-26,-5,-12,-15,-6,sil
22.7563591003418,-4,4,-6,2,-7,0,-6,1,-17,-22,-14,-17,-22,-24,sil
22.772465467453003,-3,8,-4,19,6,1,0,6,-6,-11,-12,-15,-15,-31,sil
22.772465467453003,8,16,6,19,15,5,6,3,4,1,11,4,3,-2,sil
22.785876512527462,10,10,0,8,7,3,1,-7,3,15,23,11,17,17,sil
22.785876512527462,4,3,12,4,-4,-4,-7,-5,-10,7,11,4,11,5,sil
22.80198216438293,7,5,13,14,-5,-5,-7,3,-13,-7,10,8,5,0,sil
22.818931818008423,10,5,4,16,0,1,1,3,-1,-2,16,15,3,8,sil
22.818931818008423,-3,-2,3,0,-1,0,-2,0,0,3,2,6,-9,-2,sil
22.818931818008423,-17,-5,-8,-9,-8,-10,-18,-4,-13,-6,-14,-6,-20,-23,sil
22.831663131713867,-5,1,3,-2,-11,-10,-19,-2,-15,-13,-8,3,-12,-17,sil
22.849672555923465,6,5,11,3,-3,-5,-10,0,-6,-7,-1,14,-1,2,sil
22.849672555923465,0,0,1,0,-1,-2,-9,-4,-5,-7,-11,0,-3,3,sil
22.865238189697266,-8,-3,0,-9,-2,3,-3,-1,-6,-4,-9,-10,0,-2,sil
22.865238189697266,-4,-4,-8,-11,4,6,11,6,5,12,7,3,14,5,sil
22.865238189697266,6,1,6,0,10,7,17,5,20,24,16,15,24,18,sil
22.878411293029785,10,2,8,3,7,4,9,-1,17,16,13,7,17,14,sil
22.89346981048584,-1,-10,-10,-16,-1,-6,1,-1,-1,-5,0,-9,0,-3,sil
22.89346981048584,-4,-10,-1,-16,-7,-7,7,3,-6,-16,-3,-5,-10,-9,sil
22.90874481201172,10,5,3,11,3,1,18,2,14,6,15,12,5,15,sil
22.90874481201172,15,16,10,22,13,3,6,2,21,18,15,14,18,30,sil
22.92375540733337,3,11,4,13,6,4,-5,1,5,-1,-1,0,5,10,sil
22.92375540733337,-5,1,-12,6,0,7,1,-2,0,-5,-1,-8,-1,-5,sil
22.939441442489624,-10,-5,-9,-4,6,5,7,0,6,12,1,-10,6,-3,sil
22.939441442489624,-16,-8,-16,-14,1,-1,0,2,4,3,-8,-19,1,-6,sil
22.954930543899536,-10,-7,-8,-13,-12,-7,-9,-3,-7,-19,-27,-21,-19,-12,sil
22.954930543899536,0,-5,2,-6,-12,-5,0,-2,-8,-8,-23,-9,-18,-8,sil
22.971022605896,4,-5,-5,-3,-2,0,15,1,5,11,0,-1,0,0,sil
22.971022605896,6,-1,7,-7,0,3,8,0,7,5,1,2,-1,-1,sil
22.986573457717896,5,-1,3,-1,-1,2,-5,-2,-6,1,-3,4,-8,-7,sil
22.986573457717896,-2,-4,-6,0,-2,0,-3,1,-9,5,4,4,1,-2,sil
23.54844093322754,-2,-9,-8,-9,-1,-2,2,0,16,0,-11,-8,-13,-16,sil
23.54844093322754,-14,-15,-10,-16,-8,-4,-3,-3,2,-9,-17,-20,-19,-16,sil
23.56352567672729,-9,0,-3,-5,-7,-1,-8,-1,-11,-13,-14,-12,-13,-4,sil
23.56352567672729,-3,8,-5,-4,-3,1,-4,0,-13,-7,-8,-6,-7,0,sil
23.57961821556092,0,-2,3,-15,-4,0,-2,-2,-15,-4,-11,-8,-11,0,sil
23.57961821556092,3,-7,-2,-12,-6,-3,-4,0,-14,-3,-5,-5,-7,7,sil
23.595722198486328,4,0,0,-3,-7,0,-4,1,0,6,8,2,10,15,sil
23.595722198486328,8,3,7,-3,-7,5,-4,0,10,16,14,10,22,15,sil
23.61134362220764,11,1,4,0,-1,1,-8,0,3,6,10,12,15,14,sil
23.61134362220764,9,6,12,14,7,-2,-1,3,7,-1,7,14,12,14,sil
23.62646722793579,9,13,7,16,4,0,16,3,27,10,11,14,16,15,sil
23.62646722793579,9,1,0,-5,-5,1,15,-2,20,11,3,1,2,13,sil
23.641563415527344,3,-11,0,-14,-3,-1,0,-1,-5,-5,-9,-7,-10,1,sil
23.641563415527344,0,-2,-2,0,3,0,0,2,-6,-4,0,1,0,-4,sil
23.657586097717285,0,7,-1,4,0,-8,3,0,1,1,5,5,4,-7,sil
23.657586097717285,-13,-7,-12,-9,-5,-14,-4,-4,0,-5,-11,-12,-8,-17,sil
23.67336487770081,-14,-19,-11,-16,-3,-4,-12,1,0,-7,-17,-14,-13,-18,sil
23.67336487770081,3,-2,-1,-3,2,5,-6,8,6,3,4,6,-2,-8,sil
23.68852996826172,3,6,-2,7,10,1,0,1,1,1,13,6,2,-5,sil
23.68852996826172,-7,0,2,-3,6,-2,0,-2,-12,-15,-5,-6,-7,-11,sil
23.7044529914856,0,-1,-2,-11,-1,-1,-1,0,-16,-17,-7,-2,-10,-11,sil
23.7044529914856,5,6,1,-7,-4,0,-4,0,-21,-9,7,5,-4,-7,sil
23.71953129768372,-7,4,5,-3,-2,-7,-9,-6,-26,-12,7,-4,-6,-8,sil
23.71953129768372,-9,7,-2,8,0,-12,-8,-4,-22,-13,-1,-17,-9,-6,sil
23.735573053359985,6,21,14,27,10,0,-5,3,-13,0,1,2,0,2,sil
23.735573053359985,15,19,18,25,18,5,-2,1,1,15,15,23,12,12,sil
23.751322984695435,5,4,4,13,9,6,-1,-3,6,13,14,7,15,14,sil
23.751322984695435,0,1,0,17,0,17,2,-1,0,5,5,-6,8,5,sil
23.767491102218628,3,0,-2,17,4,20,17,-1,-1,5,-2,3,3,3,sil
23.767491102218628,0,-13,0,0,5,12,24,0,2,5,-13,2,-2,8,sil
23.783275365829468,-13,-21,-10,-6,-6,11,11,2,8,7,-18,-13,-10,1,sil
23.783275365829468,-18,-19,-11,-5,-21,9,3,2,15,11,-15,-16,-6,-5,sil
23.798439741134644,-22,-20,-11,-15,-15,2,12,2,16,10,-14,-14,0,0,sil
23.798439741134644,-21,-21,-19,-18,-1,4,15,2,17,8,-12,-14,-3,8,sil
23.813395261764526,4,-3,3,-6,-3,4,6,3,24,7,0,3,0,11,sil
23.813395261764526,21,10,12,7,-8,-5,0,1,30,11,13,15,14,10,sil
23.82947969436645,15,6,2,0,-2,-14,-3,-1,23,4,9,6,16,10,sil
23.82947969436645,11,1,-2,-19,0,-8,-3,0,8,-9,-3,0,6,5,sil
23.845362663269043,10,5,-8,-17,0,-7,-4,0,-7,-16,-3,0,0,-5,sil
23.845362663269043,4,15,7,4,2,-15,-14,0,-18,-14,5,7,0,-5,sil
23.86095070838928,5,13,8,5,4,-15,-14,0,-7,-7,13,18,13,2,sil
23.87755870819092,9,0,2,-15,3,-6,-9,2,2,0,14,11,18,-2,sil
23.87755870819092,8,6,8,-7,5,-7,-9,3,-8,0,8,4,-2,-14,sil
23.87755870819092,0,16,2,14,9,-9,-7,-1,-18,-12,1,4,-18,-15,sil
23.89332318305969,-15,2,4,0,3,-2,-6,-3,-21,-24,-5,-5,-22,-17,sil
23.89332318305969,-28,-10,-8,-15,-2,-3,-7,-1,-24,-19,-11,-16,-23,-24,sil
23.908414602279663,-14,-1,0,6,5,-1,-5,-2,-22,-8,-5,-5,-15,-15,sil
23.908414602279663,0,5,15,24,13,12,4,-1,-10,0,1,4,-6,0,sil
23.923593521118164,-3,-4,-7,16,4,13,14,0,0,13,0,-6,0,7,sil
23.923593521118164,-3,-10,-1,1,-6,10,7,1,0,17,-4,-10,6,13,sil
23.93932557106018,-1,-15,-4,-1,-6,14,2,-1,3,12,-4,-7,4,15,sil
23.93932557106018,-2,-16,-9,-6,-6,7,8,-3,9,11,-14,-11,-4,10,sil
23.95474553108216,10,-7,9,-11,-8,1,18,0,18,18,-5,0,3,10,sil
23.95474553108216,18,-6,-6,-10,-11,-2,10,-2,20,17,16,7,18,11,sil
23.97036099433899,5,-7,-5,-19,-20,-11,-14,-4,4,-8,7,2,4,0,sil
23.97036099433899,0,3,-6,-21,-17,-13,-25,1,-1,-18,1,8,0,-8,sil
23.985509157180783,13,12,-2,-1,-5,-9,-17,6,2,0,21,24,20,2,sil
23.985509157180783,17,21,21,18,0,-3,-8,2,-1,1,25,28,20,14,sil
24.001413822174072,8,24,-1,27,11,3,0,-1,-1,-6,14,15,6,6,sil
24.001413822174072,0,22,1,23,19,12,3,6,3,-1,11,5,7,0,sil
24.01848292350769,-12,7,3,19,14,14,8,6,3,3,0,-10,0,0,sil
24.01848292350769,-22,-10,-21,12,3,3,6,-4,0,-4,-29,-31,-21,-13,sil
24.03264951705933,-25,-7,-2,0,-1,3,-1,-1,-9,-10,-41,-32,-29,-26,sil
24.03264951705933,-24,-5,-10,-3,1,8,4,1,-14,-1,-31,-27,-19,-25,sil
24.04736852645874,-10,-14,-3,-3,6,6,13,0,-8,7,-19,-18,-10,-10,sil
24.04736852645874,12,-8,15,0,7,6,12,2,11,15,2,5,4,11,sil
24.063466787338257,22,0,0,4,8,3,15,2,31,23,23,18,20,23,sil
24.063466787338257,8,0,13,-11,2,-3,8,0,19,5,7,9,7,11,sil
24.077678203582764,-9,-6,0,-21,1,-10,0,-3,-3,-23,-8,-1,-13,-1,sil
24.09574580192566,0,-7,-9,-6,5,-13,0,-1,-3,-18,5,1,-3,4,sil
24.09574580192566,20,5,25,7,15,-5,2,5,-1,-4,20,12,11,11,sil
24.109755754470825,24,13,4,14,27,-2,2,0,-28,-26,20,1,-4,0,sil
24.109755754470825,13,2,-9,7,12,-5,3,-5,-32,-21,9,-10,-11,0,sil
0.0392217636108398,1,-2,22,-10,-18,3,2,-1,1,22,-5,5,8,9,sorry
0.0555393695831298,-8,-7,-1,-15,-22,6,-5,-3,4,24,-10,15,9,7,sorry
0.0555393695831298,-15,-15,-26,-15,-24,-7,-21,-5,-11,3,-11,0,0,-1,sorry
0.0555393695831298,-13,-9,2,-15,-31,-8,-19,0,-2,2,-10,-5,2,-2,sorry
0.0710468292236328,-3,1,-7,-2,-16,0,-3,1,19,10,0,5,10,-4,sorry
0.0710468292236328,0,4,-9,2,-7,0,-3,-1,27,19,5,12,14,-1,sorry
0.086066722869873,-6,4,3,-3,-14,-6,-12,0,14,7,-5,0,0,-1,sorry
0.086066722869873,-12,-5,-20,-7,-13,-2,-7,-2,0,-22,-11,-12,-14,-14,sorry
0.1027188301086425,-1,-4,0,-12,-3,2,-7,0,0,-21,-1,0,-2,-11,sorry
0.1027188301086425,6,4,5,-6,4,-4,-11,7,8,8,12,7,9,4,sorry
0.1175475120544433,3,5,-10,0,0,-15,-14,4,4,10,8,-2,0,-4,sorry
0.1175475120544433,3,8,16,3,0,-8,-13,0,-12,-11,2,0,-9,-16,sorry
0.1333260536193847,4,15,7,15,12,0,-2,-1,-22,-17,20,8,-2,0,sorry
0.1333260536193847,1,16,7,26,17,10,4,0,-20,-12,16,4,-4,5,sorry
0.1488468647003173,-4,8,11,25,19,23,14,4,-12,-7,-12,-8,-16,-3,sorry
0.1488468647003173,-8,-5,-7,19,25,23,33,1,4,10,-17,-23,-11,-1,sorry
0.164604902267456,-8,-5,4,5,13,18,34,0,12,20,-12,-19,-3,3,sorry
0.1812415122985839,-11,-5,-11,-2,0,7,13,-3,1,6,-19,-15,-8,-4,sorry
0.1812415122985839,-9,-10,-12,-7,-5,-4,0,-4,-11,-12,-14,-10,-10,-8,sorry
0.1812415122985839,1,-6,6,-6,-5,-1,6,0,-2,-6,6,-1,1,4,sorry
0.1964132785797119,13,0,-2,-4,3,-1,2,0,4,11,11,2,10,12,sorry
0.1964132785797119,14,1,11,-1,13,-6,-11,0,-2,11,4,7,12,4,sorry
0.2120294570922851,12,0,1,1,6,-5,-1,-3,6,2,10,12,18,6,sorry
0.2120294570922851,14,0,-7,0,0,-2,9,0,24,4,18,18,21,17,sorry
0.2276830673217773,9,3,5,-6,0,-5,0,7,16,15,17,25,17,19,sorry
0.2276830673217773,-1,0,-2,-9,-6,-13,-7,0,-3,-1,5,14,5,6,sorry
0.2433946132659912,0,1,4,0,-11,-10,-10,-7,-19,-46,-7,2,-4,-6,sorry
0.2433946132659912,11,9,3,14,-1,4,-2,2,-8,-27,-1,5,0,0,sorry
0.2574303150177002,15,8,5,0,0,11,14,9,9,28,3,8,1,8,sorry
0.2733874320983886,0,0,6,-14,-3,6,12,2,4,22,-3,0,-6,-2,sorry
0.2733874320983886,-15,-5,-11,0,-2,0,-4,-1,-4,-13,-8,-13,-8,-12,sorry
0.2885534763336181,-8,-3,3,10,-5,1,-10,0,1,-6,-10,-11,-5,-5,sorry
0.2885534763336181,-2,-3,2,4,-8,3,-4,-1,8,17,-12,-5,-6,0,sorry
0.305150032043457,-22,-15,-13,-8,-7,-7,-13,-7,0,8,-13,-12,-13,-7,sorry
0.305150032043457,-31,-18,-7,-22,-15,-16,-21,0,-9,-9,-13,-19,-8,-16,sorry
0.305150032043457,-12,-6,-9,-11,-10,-8,-11,2,-3,-6,-10,-14,0,-9,sorry
0.3202381134033203,-5,-1,1,1,9,7,-2,0,1,4,-6,-5,-8,-2,sorry
0.3363075256347656,-10,0,1,-1,13,9,0,-3,6,12,3,0,-1,0,sorry
0.3363075256347656,0,5,-3,9,7,6,9,0,9,16,16,3,15,1,sorry
0.3504927158355713,13,10,4,16,10,7,12,2,0,6,13,2,7,2,sorry
0.3504927158355713,10,1,-3,-1,6,4,2,-1,-14,-6,3,2,-5,1,sorry
0.3662257194519043,7,0,5,-9,-6,0,0,-2,-17,-12,2,3,-2,0,sorry
0.3662257194519043,12,2,7,0,-8,0,2,0,-4,-12,3,3,0,-2,sorry
0.3813197612762451,12,3,-1,-1,-7,-6,-4,0,-4,-11,3,5,-1,-6,sorry
0.3813197612762451,9,6,3,-7,-8,-5,-5,1,-3,-9,5,13,7,1,sorry
0.3973925113677978,11,9,2,0,-1,0,7,5,13,-2,12,9,19,10,sorry
0.3973925113677978,12,9,2,8,8,-4,6,0,18,5,16,2,11,8,sorry
0.4132003784179687,4,6,5,13,17,0,3,0,4,17,9,3,0,9,sorry
0.4132003784179687,0,1,3,15,15,9,10,3,4,16,-8,7,0,6,sorry
0.4285650253295898,-2,-5,-3,6,4,3,6,2,7,1,-15,-2,-1,-11,sorry
0.4285650253295898,-15,-8,-15,-8,0,-11,-1,-2,-1,-6,-7,-19,-9,-13,sorry
0.4436984062194824,-17,-6,-2,-13,0,-5,8,0,0,1,-2,-10,-6,1,sorry
0.4436984062194824,-7,-2,2,-4,-3,2,12,1,6,1,-8,0,-1,6,sorry
0.4592342376708984,-2,0,-3,0,-4,1,-10,-5,-7,-8,-11,-6,-6,-3,sorry
0.4592342376708984,-1,5,1,0,-2,-2,-20,-7,-23,-6,5,0,0,-3,sorry
0.4753158092498779,3,8,1,6,-1,-1,-1,1,-9,-1,9,13,5,5,sorry
0.4753158092498779,8,1,2,6,0,1,3,6,3,-15,-22,0,-7,0,sorry
0.4911372661590576,4,-6,0,-8,-1,1,-6,0,6,-13,-23,-5,-8,-5,sorry
0.4911372661590576,-5,-10,-2,-23,-9,-8,-11,-2,1,2,16,2,4,0,sorry
0.5065021514892578,-12,-4,-2,-11,-10,-12,-18,-1,-9,-3,21,0,1,-8,sorry
0.5065021514892578,-1,7,0,19,0,0,-15,-1,-10,-6,0,2,-1,-7,sorry
0.5220327377319336,16,7,14,22,7,7,0,0,0,3,0,17,1,12,sorry
0.5220327377319336,4,-6,4,-1,0,1,0,0,0,0,10,6,-1,12,sorry
0.5380580425262451,-18,-8,-6,-8,-8,1,-5,1,-8,-7,3,-11,-3,-4,sorry
0.5380580425262451,-9,1,8,6,-1,11,12,3,-2,7,-1,-5,1,-6,sorry
0.5541026592254639,5,0,-1,10,15,13,20,-3,2,21,-5,-5,-3,-1,sorry
0.5541026592254639,-2,0,-3,1,14,7,4,-8,-1,13,-15,-18,-13,-6,sorry
0.5701136589050293,-5,-3,0,1,1,8,7,0,0,8,-14,-17,-5,-4,sorry
0.5701136589050293,3,-7,-1,5,0,14,23,4,18,21,3,0,12,8,sorry
0.5852537155151367,7,2,6,5,9,10,16,-1,30,30,23,9,28,22,sil
0.5852537155151367,6,8,-2,2,11,-3,-1,-2,18,13,20,1,24,19,sil
0.6005501747131348,4,-1,-1,-3,-7,-10,-1,0,0,0,-1,-3,0,6,sil
0.6005501747131348,6,-4,0,-10,-21,-6,9,2,2,4,-5,9,-3,5,sil
0.61570143699646,7,-1,-8,-15,-14,-9,8,4,8,-7,0,12,2,4,sil
0.61570143699646,0,-2,-6,-24,-5,-15,-2,0,-1,-32,-10,0,-9,-10,sil
0.6312236785888672,-1,0,-8,-16,-2,-10,-8,-4,-2,-18,-11,0,-9,-13,sil
0.6312236785888672,10,6,0,2,0,-3,-10,0,4,4,7,14,6,1,sil
0.6462044715881348,10,6,1,4,-1,-6,-13,6,2,0,11,12,2,0,sil
0.6462044715881348,-4,-1,-7,-8,-4,-10,-17,2,-8,-11,0,-3,-10,-10,sil
0.6611661911010742,-8,2,5,-4,-1,-7,-16,1,-18,-16,-1,-5,-10,-15,sil
0.6611661911010742,-5,5,5,5,2,0,-10,1,-19,-19,0,-1,-8,-18,sil
0.6763038635253906,-3,2,2,4,2,1,-6,-3,-19,-18,0,-4,-10,-19,sil
0.6763038635253906,-3,6,6,14,7,-1,-2,-2,-12,-9,1,-6,-6,-5,sil
0.6934013366699219,-6,9,3,25,15,3,2,0,9,1,-3,-4,0,7,sil
0.6934013366699219,-7,0,6,15,10,12,6,0,18,13,-13,-5,7,4,sil
0.7090311050415039,-9,-8,-4,1,0,7,3,-1,-3,12,-13,-11,2,-2,sil
0.7090311050415039,-17,-9,-9,-6,-3,2,-1,-5,-28,-12,-16,-16,-12,-6,sil
0.7252001762390137,-15,-8,-5,-13,-2,2,-1,-9,-21,-25,-15,-10,-12,-7,sil
0.7252001762390137,-1,-3,-3,-6,1,-2,3,-3,0,8,4,3,6,5,sil
0.7402915954589844,11,0,10,3,3,2,6,4,9,34,16,12,14,17,sil
0.7554435729980469,17,0,7,4,0,13,8,1,8,19,7,13,10,11,sil
0.7554435729980469,16,1,2,-3,-4,6,10,-3,14,14,14,16,12,12,sil
0.7554435729980469,11,0,5,-10,-3,0,8,-1,17,19,27,15,11,17,sil
0.7700128555297852,11,1,-2,-1,0,0,7,5,9,6,13,6,5,10,sil
0.7856135368347168,10,6,7,9,1,3,11,8,5,1,1,7,7,10,sil
0.7856135368347168,1,3,3,6,2,-2,10,4,12,7,10,11,18,18,sil
0.8013060092926025,-1,-5,0,0,-2,-11,-3,2,13,0,6,1,8,6,sil
0.8013060092926025,-2,-4,-2,-11,-9,-9,-12,1,9,-5,-9,-9,-10,-10,sil
0.8013060092926025,-8,-2,-23,-15,-10,-4,-9,-7,-1,-13,-13,-16,-12,-13,sil
0.8164057731628418,-9,-1,-8,0,-1,-5,-11,-11,-20,-27,-15,-10,-12,-11,sil
0.8331813812255859,-1,2,5,7,1,-3,-13,0,-24,-21,-13,-1,-18,-15,sil
0.8331813812255859,0,4,-1,-1,0,1,-10,3,-18,-13,-6,-4,-19,-18,sil
0.8331813812255859,0,5,5,1,6,0,-7,1,-13,-13,-7,-7,-10,-12,sil
0.8482632637023926,0,6,3,11,6,-1,-1,2,-3,2,-3,0,0,0,sil
0.8627965450286865,0,-2,0,-4,-7,0,0,0,-3,7,1,1,0,0,sil
0.8627965450286865,-4,-17,-4,-12,-8,0,-2,-2,-9,-8,-4,-9,-7,-9,sil
0.8783440589904785,-4,-10,0,4,4,3,2,1,2,-4,-4,-9,-3,-3,sil
0.8783440589904785,1,11,10,20,12,7,9,6,19,21,7,3,4,6,sil
0.893801212310791,1,5,-7,16,5,2,10,-1,19,31,8,4,7,8,sil
0.893801212310791,-5,-11,-5,2,-4,0,7,0,11,18,0,-8,5,3,sil
0.9095311164855956,-7,-1,0,-1,0,10,6,9,1,6,0,-10,2,-1,sil
0.9095311164855956,0,7,-2,1,11,12,7,2,-7,1,0,-3,0,0,sil
0.9251174926757812,4,0,7,1,8,8,11,-3,-3,-2,-6,1,1,7,sil
0.9251174926757812,1,-2,0,-1,3,7,16,0,8,0,-4,0,3,3,sil
0.941338062286377,0,4,-2,-7,1,2,9,-3,9,4,-5,0,-5,-2,sil
0.941338062286377,4,9,4,0,0,-4,0,-7,3,0,-1,5,0,6,sil
0.9568514823913574,11,7,4,10,-1,-5,3,-2,0,-1,13,11,20,16,sil
0.9568514823913574,-2,-7,2,-9,-8,-8,5,1,-3,1,10,8,14,7,sil
0.9721195697784424,-11,-16,-7,-24,-11,-11,-6,0,0,-4,-4,1,-3,2,sil
0.9721195697784424,10,3,7,0,-1,-5,-6,-1,21,0,6,18,9,17,sil
0.9881556034088136,24,12,9,10,9,-2,1,1,33,15,22,30,29,21,sil
0.9881556034088136,5,-6,-11,-16,4,-15,-10,2,13,7,11,9,11,-3,sil
1.0032687187194824,-12,-14,-4,-35,-12,-25,-30,-2,-12,-13,-1,-8,-10,-29,sil
1.0032687187194824,-15,-5,-6,-15,-17,-14,-26,-6,-20,-21,-7,-7,-10,-29,sil
1.0187673568725586,-7,6,-5,6,-4,-4,-15,-3,-26,-25,-7,-3,-11,-14,sil
1.0187673568725586,1,11,3,2,-2,-7,-15,2,-24,-23,3,-1,-12,-11,sil
1.034214973449707,0,0,0,-1,-10,-5,-13,3,-12,-14,7,-4,-10,-12,sil
1.034214973449707,-8,-6,6,2,-6,5,-10,1,-16,-12,-6,-10,-12,-6,sil
1.050241470336914,-11,-8,0,-1,-6,5,-9,-2,-24,-6,-9,-10,-13,-6,sil
1.050241470336914,-3,-5,-2,0,-6,6,-5,-2,-20,0,-2,-6,-9,-4,sil
1.0654313564300537,9,9,6,21,9,21,9,-1,-14,1,-1,1,-4,4,sil
1.0654313564300537,14,17,3,28,18,18,13,-3,-14,4,-1,7,-4,11,sil
1.081526279449463,12,9,12,16,11,8,8,3,-9,10,-5,4,-4,9,sil
1.081526279449463,15,9,8,23,14,13,23,11,9,17,-1,-1,12,14,sil
1.0971896648406982,7,11,0,22,16,17,29,5,25,16,3,-2,18,15,sil
1.0971896648406982,-9,-1,-3,1,5,10,8,1,23,5,-2,-5,0,1,sil
1.1131792068481443,-6,-5,-13,0,9,5,10,3,24,8,0,-7,0,4,sil
1.1131792068481443,8,4,3,14,19,8,33,3,26,28,9,4,18,25,sil
1.1278448104858398,0,-2,-2,4,9,10,34,0,13,27,-7,-1,2,13,sil
1.1278448104858398,-24,-28,-21,-26,-10,1,10,-4,0,-2,-38,-37,-25,-18,sil
1.1433720588684082,-27,-27,-11,-42,-17,-12,-4,-1,1,-17,-35,-43,-23,-24,sil
1.1433720588684082,-3,-3,-6,-16,-8,-14,-6,0,14,-2,0,-4,2,-2,sil
1.1584854125976562,15,7,12,5,-2,-7,-6,0,22,8,24,25,20,12,sil
1.1584854125976562,9,0,12,-4,-10,-13,-11,0,24,4,18,18,14,3,sil
1.1750645637512207,-5,-7,-9,-19,-19,-22,-18,-3,9,-3,-3,2,0,-8,sil
1.1750645637512207,-7,-7,-5,-11,-12,-11,-24,-3,-5,-9,-6,8,-5,-10,sil
1.1895735263824463,1,0,2,7,-3,0,-16,-2,-1,-3,13,16,5,-7,sil
1.1895735263824463,7,9,11,10,-1,-2,-5,0,0,1,22,12,11,-3,sil
1.2053685188293457,0,5,8,-8,0,-2,-7,1,-12,-3,7,4,1,-5,sil
1.2053685188293457,-8,-3,-7,-14,0,0,-14,-2,-26,-13,-5,-2,-7,-9,sil
1.2212417125701904,0,2,-1,6,1,2,-6,0,-21,-10,3,0,-1,0,sil
1.2212417125701904,8,8,2,15,9,10,9,1,-5,6,18,10,10,13,sil
1.2369108200073242,0,2,1,1,16,10,12,0,-3,12,11,5,8,7,sil
1.2369108200073242,-6,2,1,0,9,-6,1,-1,-23,0,0,-1,0,-6,sil
1.2524378299713137,0,3,4,2,-2,-11,-5,-1,-32,-12,-2,7,-1,-1,sil
1.2524378299713137,5,-1,2,-7,-7,0,-4,0,-14,-14,-4,9,0,7,sil
1.268108367919922,6,2,-8,-3,-1,1,0,3,8,-2,0,2,2,8,sil
1.268108367919922,8,12,7,16,2,1,6,6,16,9,11,11,6,9,sil
1.283257007598877,14,5,14,18,-5,5,7,3,13,1,13,18,10,14,sil
1.2996690273284912,14,-1,1,2,-8,-4,-3,-2,5,-10,0,4,0,9,sil
1.2996690273284912,11,1,11,1,0,-10,-10,-4,2,-4,-7,-4,-11,1,sil
1.2996690273284912,14,4,3,11,6,-1,-2,-3,6,3,-1,-2,-6,1,sil
1.315368890762329,8,3,0,5,0,0,-1,-1,0,-3,-1,-4,0,-2,sil
1.315368890762329,-7,0,0,-5,-3,-4,-6,0,-6,-10,-14,-14,-12,-15,sil
1.3314650058746338,-18,-8,-13,-6,0,-8,-2,0,0,-11,-19,-26,-26,-18,sil
1.3314650058746338,-18,-3,0,-1,0,0,8,2,2,-8,-16,-24,-21,-14,sil
1.3470592498779297,-11,5,-2,6,4,16,21,3,10,6,-8,-11,-2,-8,sil
1.3470592498779297,-7,1,-12,7,5,14,15,3,16,11,-3,-8,1,0,sil
1.3621056079864502,-16,-10,-13,-5,0,0,0,2,-5,-1,-14,-17,-7,-3,sil
1.3621056079864502,-21,-17,-18,-20,0,3,0,0,-21,-1,-19,-22,-8,-6,sil
1.3773553371429443,-9,-10,-2,-19,7,20,11,1,-5,10,-5,-11,1,2,sil
1.3934247493743896,-4,-5,-4,-3,11,16,5,0,0,8,5,-4,5,4,sil
1.3934247493743896,-10,-12,-9,-3,0,1,-4,-6,-8,10,4,-2,2,0,sil
1.4104506969451904,-4,-13,3,-21,-12,0,-6,-6,-2,19,6,0,5,0,sil
1.4104506969451904,5,0,0,-16,-5,2,-4,-3,5,12,8,4,12,0,sil
1.4104506969451904,3,4,6,-1,0,0,0,0,5,0,5,11,8,-1,sil
1.424449443817139,-3,-2,5,-6,-4,0,4,2,11,3,9,15,5,0,sil
1.440208911895752,8,2,9,0,0,-2,5,3,20,12,17,24,13,8,sil
1.440208911895752,26,23,19,22,12,-7,2,3,19,13,18,32,17,17,sil
1.440208911895752,17,20,1,24,3,-9,-6,0,7,1,11,15,8,11,sil
1.4555983543395996,3,3,6,12,-10,-8,-17,0,-3,-11,5,0,0,1,sil
1.4555983543395996,12,4,15,15,-6,-7,-5,2,-1,-10,7,15,3,10,sil
1.471221923828125,18,11,2,19,5,-4,12,1,2,-2,5,19,5,13,sil
1.471221923828125,6,9,-1,17,7,0,11,3,0,-3,-2,3,0,0,sil
1.485743522644043,1,0,-3,14,-1,-2,5,0,-2,-8,-5,0,0,0,sil
1.5013511180877686,7,-3,5,6,-12,-10,2,-4,-2,-17,-1,5,0,10,sil
1.5013511180877686,-1,-4,2,-8,-9,-9,-4,0,-8,-19,-1,0,-6,0,sil
1.518195390701294,-12,-9,-10,-22,-5,-8,-13,1,-14,-10,-7,-11,-4,-8,sil
1.518195390701294,-7,-7,-4,-19,-3,-2,-14,-4,-17,-8,-8,-12,-5,-7,sil
1.5323994159698486,-2,1,-6,-1,2,4,-9,-4,-9,-8,0,-6,-12,-9,sil
1.5323994159698486,-1,4,1,0,3,1,-12,1,0,-3,10,-1,-4,-11,sil
1.547477960586548,0,0,1,-8,2,-3,-15,4,3,6,12,-1,5,-9,sil
1.547477960586548,-2,-1,-13,-1,8,1,-2,-1,-1,10,4,-6,0,-7,sil
1.5634267330169678,-3,-3,-1,-1,5,11,9,-3,-4,3,-8,-7,-7,-5,sil
1.5634267330169678,-6,-7,-3,-11,-2,9,8,0,0,-3,-19,-13,-4,-4,sil
1.5794284343719482,-14,-8,-6,-10,-8,1,3,0,-3,-6,-26,-23,-12,-10,sil
1.5794284343719482,-13,-8,-7,-8,-10,2,7,-3,-5,4,-16,-18,-15,-9,sil
1.5954773426055908,-4,-7,-9,-10,-3,5,11,-5,1,19,-1,-4,0,5,sil
1.5954773426055908,0,0,3,-1,8,5,13,0,3,12,-5,-1,4,10,sil
1.6114962100982666,0,6,-1,9,9,5,7,5,6,5,-10,-3,-1,0,sil
1.6114962100982666,-3,1,-1,2,6,4,-9,3,7,4,-8,-7,-8,-5,sil
1.6270599365234375,-6,-2,6,-4,5,0,-14,-2,-2,-8,-14,-11,-9,-6,sil
1.6270599365234375,1,0,2,-1,-2,-7,0,-2,-3,-13,-5,0,-1,3,sil
1.644108533859253,6,4,9,-3,-6,-8,4,2,4,-3,12,17,5,14,sil
1.644108533859253,-1,-3,-3,-7,0,-1,0,4,6,1,7,11,7,5,sil
1.644108533859253,-1,-7,-4,-4,-3,1,5,3,10,4,0,4,6,-2,sil
1.6584506034851074,11,7,14,2,-8,-2,11,6,11,6,16,16,11,4,sil
1.6740045547485352,15,15,9,12,0,-4,0,0,-1,3,35,25,20,12,sil
1.6740045547485352,8,10,7,14,9,3,-13,-7,-10,1,32,28,20,10,sil
1.6900289058685305,9,10,2,15,15,9,-8,-1,0,1,21,21,11,7,sil
1.6900289058685305,15,16,5,26,19,7,3,3,4,0,15,7,4,4,sil
1.7070705890655518,13,14,16,36,10,4,1,2,1,6,24,10,12,5,sil
1.7070705890655518,5,4,1,30,0,0,-2,0,0,17,29,19,16,10,sil
1.7215924263000488,0,-2,0,11,0,-2,1,4,0,6,0,6,0,4,sil
1.7215924263000488,-4,-7,-6,-2,1,-2,3,1,-1,-5,-22,-15,-9,-6,sil
1.737126350402832,-10,-11,-14,-11,-5,-3,2,-2,-2,0,-14,-19,0,-6,sil
1.737126350402832,-17,-16,-9,-22,-15,1,2,0,0,2,-18,-22,-7,-11,sil
1.753199815750122,-23,-23,-19,-29,-15,0,0,-2,3,-12,-41,-35,-25,-21,sil
1.753199815750122,-19,-15,-8,-28,0,0,0,-3,2,-16,-36,-31,-21,-19,sil
1.773244857788086,-7,-4,-1,-19,2,2,7,-5,-2,-7,-14,-18,-8,-6,sil
1.773244857788086,-1,-7,-8,-15,-16,-5,4,-7,-5,-6,-12,-17,-10,1,sil
1.773244857788086,1,-1,3,-5,-20,-5,-2,0,-3,-7,-11,-4,-8,6,sil
1.7862820625305176,9,13,5,12,-2,3,0,1,0,-5,-1,9,0,7,sil
1.7862820625305176,10,10,5,14,6,-3,1,-1,4,-2,-2,6,-1,0,sil
1.800363063812256,0,3,1,-1,3,-13,-6,-1,5,7,-2,2,-4,-2,sil
1.8164653778076167,0,1,0,-12,-3,-7,-9,6,-1,10,8,6,7,2,sil
1.8164653778076167,7,-2,5,-16,-8,0,-2,6,-8,-1,9,8,11,4,sil
1.8325119018554688,6,-5,0,-12,0,0,0,-2,0,-6,0,6,0,0,sil
1.8325119018554688,-1,2,6,-5,5,-1,-9,-8,-6,-17,-6,1,-12,-5,sil
1.847182035446167,-7,0,0,-6,0,-2,-9,-1,-21,-25,-9,-4,-14,-14,sorry
1.847182035446167,-7,-3,-10,-3,2,0,-1,3,-9,-6,-3,-1,-5,-10,sorry
1.8624510765075684,-9,0,5,7,12,5,-10,1,3,11,3,4,4,-1,sorry
1.8624510765075684,-12,-1,-10,4,1,0,-21,-2,-9,2,5,0,4,-7,sorry
1.8784165382385247,-2,-5,-9,-2,-1,0,-10,0,-15,-3,7,0,1,-9,sorry
1.8784165382385247,7,3,11,12,16,13,10,2,9,11,16,14,11,10,sorry
1.89451003074646,0,3,3,19,12,12,16,2,21,25,20,13,17,18,sorry
1.89451003074646,1,-1,4,5,-4,4,12,4,12,25,19,9,12,9,sorry
1.910092830657959,23,9,5,18,8,8,22,5,27,26,28,23,18,16,sorry
1.910092830657959,32,24,12,37,20,14,26,2,41,26,34,28,25,31,sorry
1.9255249500274656,19,17,18,21,5,9,11,3,18,10,15,8,12,20,sorry
1.9255249500274656,5,0,-3,2,-2,-1,5,-2,-5,-4,0,-5,0,0,sorry
1.941656351089477,2,1,0,2,0,-5,3,-1,-10,-4,3,0,1,-3,sorry
1.941656351089477,4,6,4,9,0,-7,-3,2,-7,-1,7,0,2,4,sorry
1.9572176933288568,0,1,2,11,1,-8,-7,-1,-2,-9,1,-5,-4,4,sorry
1.9572176933288568,-8,-4,0,0,-6,-5,-5,-7,0,-12,-6,-4,-7,-2,sorry
1.972282886505127,-16,-6,-7,-14,-17,-9,-11,-5,-8,-5,-20,-14,-7,-8,sorry
1.972282886505127,-16,-7,-5,-12,-17,-15,-18,-1,-16,-12,-32,-27,-17,-13,sorry
1.98812198638916,-13,-7,-11,-8,-12,-8,-11,-2,-15,-20,-27,-27,-22,-19,sorry
1.98812198638916,-12,-7,-12,-16,-8,0,-5,-2,-13,-14,-24,-21,-18,-19,sorry
2.010171175003052,-11,-5,-9,-23,-5,1,-5,0,-18,-12,-31,-15,-16,-12,sorry
2.010171175003052,-6,-7,-13,-19,-6,-1,-1,0,-21,-15,-20,-5,-9,-3,sorry
2.010171175003052,-1,-8,1,-14,-7,0,1,0,-9,-12,-3,0,-1,0,sorry
2.0192320346832275,0,-4,1,-12,4,7,5,1,6,-5,-3,2,-3,0,sorry
2.0352816581726074,-1,0,-6,-12,16,7,1,-2,10,4,-6,2,-7,1,sorry
2.0352816581726074,-5,-4,-1,-12,6,4,-5,-2,7,13,0,0,-3,-1,sorry
2.051401138305664,-10,-14,-7,-11,-2,0,0,-2,4,9,0,-11,0,-10,sorry
2.051401138305664,-12,-13,-1,-7,0,4,13,0,6,5,-6,-11,2,-10,sorry
2.0668272972106934,-1,-6,-1,-3,2,4,10,5,14,8,-3,-1,4,-1,sorry
2.0668272972106934,13,-4,1,-1,2,-2,0,6,16,7,5,10,5,3,sorry
2.0821070671081543,10,0,14,5,5,2,2,9,12,6,12,15,11,1,sorry
2.0821070671081543,2,5,3,11,1,3,2,7,10,8,14,13,14,0,sorry
2.0980610847473145,6,6,7,10,-3,-4,-4,-1,0,1,13,14,10,2,sorry
2.0980610847473145,4,3,7,15,-1,-2,-5,-5,-5,2,14,16,10,9,sorry
2.113250732421875,0,13,1,24,0,0,-2,-1,0,14,20,14,15,16,sorry
2.113250732421875,15,23,14,21,0,0,1,0,9,15,22,18,14,18,sorry
2.128798246383667,23,17,4,16,2,3,5,-1,9,7,19,17,13,20,sorry
2.128798246383667,16,14,6,16,4,0,2,0,-3,2,19,10,9,20,sorry
2.144441604614258,15,21,13,19,8,-1,3,0,-14,3,21,4,1,7,sorry
2.144441604614258,9,14,-1,14,11,0,6,-1,-9,-1,10,1,-3,-5,sorry
2.159576416015625,3,9,4,8,9,1,1,1,-2,-11,2,2,-2,3,sorry
2.159576416015625,6,10,4,10,4,2,0,0,-4,-6,5,0,-6,13,sorry
2.1755616664886475,-2,-2,-2,0,0,0,0,-6,-11,-8,-9,-13,-22,-2,sorry
2.1755616664886475,-20,-15,-7,-14,0,-1,-8,-4,-8,-16,-24,-20,-24,-22,sorry
2.1911439895629883,-15,-12,-14,-12,-3,0,-9,0,-1,-13,-14,-13,-5,-15,sorry
2.1911439895629883,-8,-11,-9,-13,-9,-3,-8,2,-7,-14,-16,-11,-2,-10,sorry
2.206406116485596,-13,-19,-17,-21,-11,-9,-5,0,-10,-18,-32,-17,-8,-17,sorry
2.206406116485596,-12,-18,-10,-22,-12,-6,0,0,-1,-5,-26,-18,-1,-12,sorry
2.2223961353302,-9,-7,0,-14,-6,-5,-5,3,2,9,-5,-9,7,-2,sorry
2.2223961353302,-8,-3,-6,-2,1,-11,-11,-1,2,13,0,0,3,-1,sorry
2.2379956245422363,-13,-10,-2,-5,-4,-4,-7,-7,-1,8,-10,-1,-9,-10,sorry
2.2379956245422363,-19,-18,-9,-20,-16,3,-2,0,-5,-1,-16,-15,-15,-17,sorry
2.2537741661071777,-8,-9,-4,-16,-7,6,0,4,5,-7,-3,-7,-2,-8,sorry
2.2537741661071777,2,0,7,-1,0,4,3,0,10,-4,0,3,7,0,sorry
2.26944351196289,-4,0,1,-7,-4,0,7,-1,-2,-6,-6,-5,-2,-2,sorry
2.26944351196289,2,5,12,-6,1,5,12,3,1,-4,0,2,-3,2,sorry
2.2852020263671875,23,12,4,14,8,13,16,1,16,9,16,20,12,19,sorry
2.2852020263671875,18,4,1,10,0,7,9,-1,6,18,15,17,15,26,sorry
2.3012945652008057,5,0,11,0,1,8,3,4,1,19,17,15,9,17,sorry
2.3012945652008057,10,6,1,15,15,12,2,2,13,19,21,17,9,6,sorry
2.316051483154297,14,10,11,27,17,9,4,1,9,9,7,5,2,1,sorry
2.316051483154297,14,12,9,18,15,5,13,2,2,8,2,-2,0,3,sorry
2.3321218490600586,13,8,5,5,4,-6,4,1,-7,1,5,1,-2,5,sorry
2.3321218490600586,0,2,11,1,-7,-16,-15,0,-19,-20,-4,0,-12,-2,sorry
2.348578691482544,-3,4,-6,13,0,-7,-11,-2,-6,-16,-5,-7,-7,-6,sorry
2.348578691482544,12,17,4,21,7,0,2,0,11,5,5,2,5,3,sorry
2.362426996231079,3,9,4,1,-2,-9,-2,0,2,-5,4,13,2,1,sil
2.3802881240844727,-15,-8,-19,-16,-9,-17,-17,-8,-11,-23,-4,3,2,-6,sil
2.3802881240844727,0,0,-2,-7,-4,0,-12,-5,-2,2,2,3,17,8,sil
2.3802881240844727,7,6,0,6,4,17,14,1,19,29,15,7,25,18,sil
2.395346164703369,-13,-9,-11,-3,6,8,19,-1,16,9,1,-5,8,0,sil
2.395346164703369,-20,-16,-10,-16,-2,-6,2,-2,-7,-9,-16,-18,-8,-13,sil
2.4104490280151367,-14,-12,-11,-15,-7,-1,3,0,-9,1,-7,-16,-7,-9,sil
2.425433874130249,-17,-12,-7,-12,-1,7,1,7,0,0,-7,-18,-8,-10,sil
2.425433874130249,-14,-8,-4,-4,0,-2,-16,0,-13,-20,-23,-22,-22,-15,sil
2.441168546676636,-4,-5,0,-1,-6,-10,-12,-7,-22,-11,-15,-10,-24,-11,sil
2.441168546676636,-3,-9,-2,-13,-7,-1,3,2,-5,5,4,0,-9,-5,sil
2.441168546676636,-4,-10,0,-17,-6,2,-1,8,0,-7,-3,-3,-8,-4,sil
2.458247661590576,0,0,12,-1,-2,0,-13,2,-13,-19,-15,0,-13,-6,sil
2.458247661590576,6,9,2,14,1,-1,-10,0,-15,0,1,12,0,0,sil
2.4753670692443848,12,17,7,21,2,-3,-6,0,-3,8,19,19,15,7,sil
2.4753670692443848,16,17,17,23,5,-1,0,0,2,10,26,21,19,9,sil
2.4865264892578125,15,9,7,17,10,0,0,-2,5,15,24,17,14,6,sil
2.503143787384033,5,4,1,0,4,-3,-6,-3,4,0,5,4,2,3,sil
2.503143787384033,0,0,-10,-11,-3,0,-5,0,10,-13,-5,-2,-1,1,sil
2.517496109008789,7,-1,3,-2,-2,4,6,4,18,0,0,2,2,5,sil
2.517496109008789,13,0,9,10,0,3,17,3,15,7,4,4,6,8,sil
2.533520698547364,3,0,-6,1,1,2,17,0,5,-1,-3,-6,2,4,sil
2.533520698547364,-9,-2,-1,-13,-1,10,9,-2,-1,-6,-20,-15,-4,-3,sil
2.551161050796509,-12,-5,-5,-12,-10,6,5,-4,-3,-6,-23,-14,-5,-7,sil
2.551161050796509,-8,-11,-10,-17,-11,-8,3,0,1,-4,-8,-6,-1,-6,sil
2.551161050796509,-4,-3,-4,-19,-5,-7,4,1,18,6,5,-1,0,0,sil
2.5642688274383545,1,10,-1,1,1,8,14,1,28,22,10,2,11,14,sil
2.579658269882202,14,14,15,19,13,17,17,5,21,24,9,13,16,19,sil
2.579658269882202,14,5,8,13,14,1,0,0,0,3,5,11,-2,4,sil
2.595317840576172,-1,-1,-1,0,-2,-18,-20,-9,-28,-20,-3,-2,-24,-4,sil
2.595317840576172,-7,-4,0,-6,-11,-12,-17,-5,-31,-18,-8,-5,-15,-4,sil
2.611349582672119,0,-5,-11,-2,0,1,-3,0,-12,3,-3,-2,-2,-5,sil
2.611349582672119,-1,-4,-5,-3,8,0,-8,0,-11,2,0,0,-7,-6,sil
2.626448154449463,-13,-8,-1,-3,3,-2,-20,-2,-19,-5,0,0,-5,-6,sil
2.626448154449463,-11,-3,0,7,1,1,-16,0,-7,4,5,0,6,-3,sil
2.642107009887696,1,6,5,18,5,6,-1,8,9,17,14,9,14,0,sil
2.642107009887696,10,4,-5,16,6,1,8,7,10,11,17,17,20,4,sil
2.6572585105896,5,-1,5,6,3,-1,8,0,0,-2,7,2,15,6,sil
2.6572585105896,-7,-3,5,-1,0,3,6,-2,-1,-6,-9,-15,-3,0,sil
2.6732096672058105,-14,-11,-10,-6,-2,5,5,1,0,-1,-17,-15,-14,-8,sil
2.6732096672058105,-5,-7,0,-8,-4,0,5,6,0,-5,-7,-5,-5,-4,sil
2.688401699066162,1,4,0,-4,-9,0,4,1,5,-9,-5,-4,0,0,sil
2.688401699066162,-6,0,-2,-5,-12,8,5,-3,3,-2,-19,-14,-9,-7,sil
2.7040488719940186,-9,-5,-7,-6,-10,6,9,2,-8,0,-17,-15,-11,-10,sil
2.7040488719940186,10,7,2,1,-2,-6,3,4,-9,-8,8,1,5,1,sil
2.719067573547364,20,15,17,5,0,-6,-8,-3,-2,-10,12,12,11,7,sil
2.719067573547364,1,0,-4,-1,0,-2,-9,-5,5,-3,-3,4,-1,0,sil
2.735074520111084,-7,-6,-4,-2,2,-7,0,2,15,2,0,2,0,-1,sil
2.735074520111084,0,0,5,5,5,-3,3,2,16,8,12,6,8,6,sil
2.750495672225952,4,2,-3,7,5,7,1,-4,6,8,3,1,4,9,sil
2.750495672225952,0,3,0,1,3,6,-3,-1,-3,0,-1,4,-3,5,sil
2.7665255069732666,-3,0,-6,-3,0,-5,-4,0,-9,-4,2,7,-4,0,sil
2.7665255069732666,0,-5,-2,-10,-3,-6,-2,-4,-4,1,2,2,-3,0,sil
2.7811532020568848,5,1,9,-8,2,0,0,1,16,16,6,4,2,4,sil
2.7811532020568848,4,8,4,3,8,-3,4,5,27,21,18,10,12,2,sil
2.797402620315552,6,9,2,6,-1,-10,-1,0,9,8,17,12,6,-1,sil
2.797402620315552,16,10,-5,-1,-10,-11,-14,-1,0,-3,8,11,-4,1,sil
2.812448740005493,13,4,3,-12,-2,-13,-21,-1,-4,-7,0,1,-9,0,sil
2.8129100799560547,-1,-3,8,-13,0,-9,-16,-1,-21,-6,-2,-6,-6,-12,sil
2.829465627670288,-7,-3,-2,-2,-3,1,-2,-2,-28,-10,-2,-5,-3,-10,sil
2.829465627670288,-1,1,9,8,3,11,7,0,-10,-12,1,2,1,3,sil
2.844503164291382,-1,0,7,15,13,12,14,2,-1,-4,0,0,5,7,sil
2.844503164291382,-4,0,1,15,6,11,11,0,-7,-2,-15,-11,-6,1,sil
2.860368728637696,0,3,8,13,0,10,9,0,-9,-13,-21,-16,-15,-3,sil
2.860368728637696,-2,-4,0,10,3,6,12,0,-7,-14,-10,-15,-3,-2,sil
2.875730037689209,-11,-14,-9,3,0,7,9,0,-2,-2,-14,-13,0,0,sil
2.875730037689209,-15,-11,-18,2,-5,8,4,-3,3,5,-16,-12,-5,-1,sil
2.891357898712158,-12,-7,-7,6,-4,7,6,0,-2,2,-4,-12,-3,-3,sil
2.891357898712158,-8,-12,1,0,-1,5,13,3,-2,5,-2,-6,1,0,sil
2.9073472023010254,0,-12,-13,-7,-2,1,12,3,17,26,-1,2,10,6,sil
2.9073472023010254,6,-4,-3,-9,-8,0,3,2,15,23,-2,3,6,8,sil
2.923360109329224,0,-2,-2,-13,-9,0,1,-3,0,-3,-13,-2,-2,0,sil
2.923360109329224,-6,-9,-10,-26,-11,-7,0,-5,7,-6,-18,0,0,-3,sil
2.939789056777954,3,-3,3,-29,-9,-6,-9,6,24,11,0,7,17,1,sil
2.939789056777954,16,12,6,-8,0,-3,-8,9,31,19,26,19,27,8,sil
2.9544694423675537,14,19,10,4,1,-8,-7,0,26,12,39,32,26,4,sil
2.9544694423675537,2,9,1,-2,0,-15,-24,-5,4,-2,30,26,13,-4,sil
2.97048020362854,-1,11,-2,-1,9,-17,-34,-1,-20,-17,16,13,-2,-5,sil
2.97048020362854,6,27,16,15,16,-11,-21,6,-22,-12,16,14,-6,0,sil
2.986033201217652,12,26,9,20,11,-10,-16,1,-13,-5,19,8,-7,-4,sil
2.986033201217652,1,6,0,7,6,-10,-26,-5,-19,-15,6,-6,-17,-11,sil
3.00264310836792,-6,-3,0,3,5,2,-13,0,-19,-14,-1,-9,-16,-8,sil
3.00264310836792,0,-2,1,13,8,13,13,1,-10,0,0,-6,-5,0,sil
3.0184903144836426,1,0,11,19,5,14,22,0,-23,0,-3,-11,-6,2,sil
3.0184903144836426,-5,-3,-1,13,0,11,21,-1,-27,-3,-11,-18,-13,5,sil
3.032102346420288,-4,-12,-4,3,-2,10,22,0,0,7,-10,-17,-9,10,sil
3.047585248947144,-6,-20,-6,-3,-5,10,20,-1,19,10,-18,-17,-3,7,sil
3.047585248947144,-16,-22,-15,-12,-12,9,19,0,9,-5,-31,-25,-11,-1,sil
3.064229965209961,-11,-10,-3,-10,-9,10,21,0,11,-4,-24,-19,-17,-4,sil
3.064229965209961,0,4,4,8,1,9,23,-2,21,13,-5,-2,0,3,sil
3.079312324523926,4,4,8,4,0,3,13,0,11,12,-5,4,14,6,sil
3.079312324523926,0,-7,-1,-11,-8,-4,-2,5,11,0,-7,7,6,-1,sil
3.095526218414306,0,-9,-12,-8,-4,-12,-9,0,21,0,-1,10,0,-4,sil
3.095526218414306,4,0,3,-3,-2,-12,-8,-6,12,0,1,12,8,-3,sil
3.095526218414306,5,2,-4,-14,-10,-16,-15,0,-2,-9,2,8,9,-5,sil
3.1114256381988525,-4,-3,-12,-18,-14,-15,-24,3,-13,-17,-5,2,-5,-6,sil
3.1114256381988525,-7,-2,0,-18,-2,0,-12,0,-23,-21,-19,0,-14,-11,sil
3.1279971599578857,3,2,5,-13,8,6,0,-6,-18,-14,-6,2,0,-3,sil
3.1279971599578857,15,14,17,10,13,1,-1,0,-5,-2,19,13,17,15,sil
3.1421213150024414,14,19,5,30,15,0,-5,5,1,8,27,18,19,17,sil
3.1421213150024414,6,5,0,10,5,1,-11,1,1,16,20,8,10,1,sil
3.1575725078582764,2,-3,7,-10,-3,-1,-13,1,0,15,19,0,8,0,sil
3.1575725078582764,4,1,-1,7,5,-3,-1,4,0,11,22,5,15,10,sil
3.173652172088623,5,11,1,21,11,2,10,4,0,14,18,8,14,12,sil
3.173652172088623,5,8,-1,8,4,7,12,0,7,17,8,1,2,9,sil
3.1873087882995605,3,2,-2,0,0,0,3,-3,10,7,6,4,-1,2,sil
3.2033910751342773,-2,5,4,8,2,-1,-6,-3,1,0,12,5,5,-2,sil
3.2033910751342773,-10,0,-1,7,0,6,-5,-3,-4,0,2,-10,0,-4,sil
3.2194740772247314,-18,-15,-2,-6,-4,7,-6,0,-1,-7,-23,-22,-20,-15,sil
3.2194740772247314,-21,-19,-14,-12,-12,0,-12,-1,-5,-18,-30,-23,-28,-30,sil
3.2341132164001465,-8,-6,-10,-5,-11,1,-4,-1,-10,-9,-17,-17,-18,-16,sil
3.2341132164001465,5,0,6,-2,0,7,15,5,3,6,-8,-7,-12,4,sil
3.2492618560791016,0,-6,-5,-7,1,7,26,2,10,4,-10,-7,-12,0,sil
3.2492618560791016,-10,-5,-1,-9,-3,1,19,0,-4,-15,-17,-11,-12,-11,sil
3.265033483505249,-7,-1,-4,-2,-1,-4,8,0,-9,-23,-16,-10,-6,-9,sil
3.265033483505249,-3,-3,-10,-4,-1,-8,0,1,1,-11,-9,-8,0,1,sil
3.280510902404785,0,-2,11,-13,-6,-4,0,5,13,4,0,3,5,9,sil
3.280510902404785,9,3,7,-4,-2,-5,5,3,19,16,6,17,16,12,sil
3.296107769012451,13,4,6,9,0,-11,-3,-5,2,9,5,17,17,9,sil
3.296107769012451,2,-1,5,6,-3,-10,-17,-6,-15,-1,8,7,7,2,sil
3.311519145965576,0,0,-3,-3,2,-6,-14,-1,-5,2,17,7,10,5,sil
3.311519145965576,4,6,7,-1,6,-8,-9,0,0,2,7,13,9,8,sil
3.3275387287139893,0,3,1,5,0,-11,-11,-3,-12,-10,-3,9,-7,-2,sil
3.3275387287139893,2,2,2,4,1,2,-5,-4,-9,-12,5,4,-10,-9,sil
3.3430659770965576,15,8,5,5,7,22,4,0,7,-2,15,8,2,3,sil
3.3430659770965576,13,5,-1,10,4,14,5,0,3,0,8,6,5,8,sil
3.358711004257202,1,4,6,8,4,5,1,0,-6,2,3,1,5,0,sil
3.358711004257202,0,5,-1,4,11,14,8,3,6,10,5,0,13,4,sil
3.374171257019043,4,0,-5,5,12,14,17,5,15,14,-2,-3,6,13,sil
3.374171257019043,0,-1,-3,9,6,3,10,1,0,4,-10,-9,-2,2,sil
3.3895578384399414,-6,2,-11,9,0,2,0,-3,-11,-6,-5,-7,-1,0,sil
3.3895578384399414,-11,0,-4,6,-3,8,2,0,-6,0,-4,-7,-9,3,sil
3.4053330421447754,-12,-8,-3,0,-3,2,9,0,5,16,-6,-15,-12,-2,sil
3.4053330421447754,-9,-6,1,-8,-7,-7,1,-1,8,16,-4,-10,-3,-8,sil
3.42049241065979,-2,0,1,-7,-11,-8,-8,0,3,-1,-3,2,-4,-6,sil
3.42049241065979,2,0,-3,-4,-10,-8,-7,1,2,-11,0,3,-7,-9,sil
3.436056137084961,3,-4,11,-11,-4,-11,-3,3,4,1,3,0,0,-7,sil
3.436056137084961,-3,-9,-1,-18,0,-7,-6,1,1,11,0,-2,5,-5,sil
3.4522175788879395,-11,-10,-10,-20,-5,-5,-17,-4,-8,-8,-8,-10,0,-16,sil
3.4522175788879395,-6,-5,0,-19,-16,-12,-21,-3,-12,-25,-8,-7,-4,-17,sil
3.467440366744995,1,1,-2,-7,-6,-10,-6,0,-1,-10,-4,0,-3,-3,sil
3.467440366744995,6,2,4,3,12,4,7,0,3,-5,2,6,1,5,sil
3.483397483825684,9,0,5,8,13,4,11,0,0,-15,17,15,7,13,sil
3.483397483825684,14,6,4,11,1,-4,6,0,-5,-11,16,18,6,16,sil
3.499478340148926,14,17,10,12,0,0,6,2,0,7,2,12,8,12,sil
3.499478340148926,11,12,3,12,5,2,12,1,7,22,5,4,16,14,sil
3.5151870250701904,3,2,3,7,4,0,6,0,6,10,6,-1,7,9,sil
3.5151870250701904,-7,-4,-9,-2,0,2,-3,0,-1,-8,-6,-11,-5,-8,sil
3.5303101539611816,-15,-8,-16,-5,-4,3,-4,-1,-4,-4,-11,-18,-12,-11,sil
3.5303101539611816,-16,-5,-5,0,-2,8,-2,-3,0,5,-7,-19,-18,-3,sil
3.5463523864746094,-11,-2,-7,-3,1,15,-2,-6,2,-1,-7,-13,-17,-7,sil
3.5463523864746094,-4,0,2,-3,3,13,-3,0,0,-1,-4,0,-9,-6,sil
3.5623438358306885,-2,0,-2,4,3,6,1,5,0,6,0,3,-2,0,sil
3.5623438358306885,0,0,-4,6,7,5,13,3,4,9,4,4,5,7,sil
3.5776290893554688,1,1,15,1,6,2,11,2,12,15,2,11,13,9,sil
3.592482805252075,-2,-1,2,-2,-6,-14,-6,0,8,10,-1,6,7,2,sil
3.592482805252075,-2,-4,-3,-5,-11,-13,-16,-5,-13,-20,-2,-3,-4,-9,sil
3.5928609371185303,3,1,0,0,0,0,-10,-5,-25,-30,0,0,-4,-10,sil
3.6078925132751465,5,7,4,11,5,-4,-5,0,-11,-4,1,12,1,0,sil
3.6078925132751465,8,2,11,5,0,-10,-3,8,1,4,4,9,1,0,sil
3.623475790023804,10,0,-1,0,-3,-3,-2,2,1,0,9,2,3,-3,sil
3.623475790023804,10,5,4,4,0,0,0,-1,4,10,12,7,12,12,sil
3.6400108337402335,15,10,12,8,7,2,11,6,8,19,11,13,14,21,sil
3.6400108337402335,14,0,-2,-1,5,1,12,5,2,12,8,4,10,11,sil
3.6550192832946777,1,-4,-1,-6,0,0,3,0,1,10,8,-1,13,9,sil
3.671330213546753,0,5,3,8,7,4,8,0,10,9,5,0,11,12,sil
3.671330213546753,1,6,5,12,11,3,7,0,6,0,-7,-1,-3,0,sil
3.671330213546753,-8,-6,-5,-8,-4,-5,-4,-1,4,0,-15,-10,-10,-14,sil
3.68804669380188,-16,-9,-17,-14,-11,-6,-7,-3,14,-10,-24,-15,-9,-14,sil
3.68804669380188,-13,-1,-4,-1,-4,0,-6,-1,3,-30,-37,-16,-22,-16,sil
3.702614068984986,-12,-5,-7,-4,-5,-3,-4,0,-9,-23,-23,-20,-21,-18,sil
3.702614068984986,-10,-11,-1,-16,-8,-3,2,-1,0,-17,4,-9,3,-5,sil
3.71819806098938,-1,0,6,0,0,6,6,-5,0,-28,14,10,12,0,sil
3.71819806098938,1,5,-6,10,0,4,0,-2,-11,-6,9,11,-7,0,sil
3.735318899154663,-1,-7,-2,-10,-9,0,-1,2,-7,17,3,0,-11,2,sil
3.735318899154663,0,-11,-3,-15,-8,4,2,-2,0,13,2,-2,7,7,sil
3.750354766845703,4,0,0,1,0,7,2,-5,-10,12,3,1,6,2,sil
3.750354766845703,-2,4,-1,2,0,1,-8,0,-13,11,-1,-6,-8,-5,sil
3.766004085540772,-7,0,-13,-1,-6,-4,-14,-1,-6,2,-2,-12,-6,-4,sil
3.766004085540772,-1,1,3,3,0,0,-10,-2,-8,3,3,0,0,0,sil
3.780102491378784,-2,0,2,-1,6,0,-10,2,-6,4,1,0,-4,-6,sil
3.796442985534668,-8,-1,-6,-7,7,-2,-10,0,2,-4,0,-9,-8,-14,sil
3.796442985534668,0,5,7,3,9,8,2,-2,5,-1,4,0,-5,-7,sil
4.325906038284302,-11,0,0,-4,1,-5,-4,3,-1,-4,-3,-1,-12,-11,sil
4.325906038284302,-5,2,7,-1,2,-3,-11,-1,-16,-7,-3,-3,-12,-9,sil
4.341463327407837,-2,0,1,10,-1,-4,-16,-6,-17,-13,0,-2,-7,0,sil
4.341463327407837,-6,-7,-3,1,-9,-5,-18,-6,-6,-9,-6,0,-5,4,sil
4.356583595275879,-7,-8,0,-14,-10,-4,-20,-4,-11,-14,-20,-3,-11,-5,sil
4.356583595275879,-5,-3,-4,-2,-1,0,-13,-3,-26,-25,-17,-8,-10,-12,sil
4.372092962265015,0,2,9,17,8,12,-1,3,-28,-25,-8,-3,-1,-5,sil
4.372092962265015,3,6,8,19,12,15,8,7,-6,-8,4,5,5,6,sil
4.387787818908691,7,11,0,17,14,8,11,4,11,15,19,9,7,11,sil
4.387787818908691,8,15,0,18,11,5,15,6,7,19,14,3,5,5,sil
4.404137372970581,4,8,-10,12,6,5,21,5,3,3,-2,-5,2,2,sil
4.404137372970581,2,0,-5,7,8,7,22,1,14,1,-4,-8,4,5,sil
4.418499708175659,0,-6,-6,-4,6,5,16,0,26,22,2,-8,5,5,sil
4.435430526733398,-2,-14,-10,-28,-7,0,9,-2,17,22,-5,-9,0,1,sil
4.435430526733398,1,-8,-2,-22,-9,1,4,-1,5,0,-14,-6,-5,-2,sil
4.450460910797119,11,0,-5,5,4,4,8,0,19,1,0,0,0,1,sil
4.450460910797119,5,-2,0,1,5,0,9,1,28,17,2,1,6,8,sil
4.4665138721466064,-15,-16,-4,-23,-7,-5,-4,0,2,-1,-16,-9,-6,-6,sil
4.4665138721466064,-20,-18,-12,-27,-13,-5,-17,-4,-24,-24,-24,-16,-23,-22,sil
4.482095003128052,-11,-4,-4,-10,-12,-5,-6,-6,-21,-12,-13,-8,-14,-11,sil
4.482095003128052,-13,0,-8,-7,-11,-9,-2,-5,-13,-3,-10,-7,-5,-2,sil
4.482095003128052,-15,-6,-1,-15,-8,-9,-20,-3,-22,-19,-11,-9,-13,-15,sil
4.4974894523620605,-8,-4,1,-8,0,-6,-24,-1,-23,-19,1,-1,-12,-15,sil
4.514576196670532,-5,6,3,6,0,-3,-15,0,-3,0,8,4,0,0,sil
4.514576196670532,-2,13,15,14,0,2,-11,6,5,13,10,8,10,6,sil
4.514576196670532,12,15,10,26,8,8,3,7,8,17,25,18,18,6,sil
4.531385183334351,30,19,17,31,17,11,24,5,20,22,29,27,24,19,sil
4.531385183334351,21,14,14,17,6,8,21,0,19,25,19,23,28,25,sil
4.544862985610962,-2,1,-3,-2,-12,-5,0,-3,-4,3,14,8,17,8,sil
4.544862985610962,0,0,3,-13,-10,-10,0,3,-8,-20,13,4,0,0,sil
4.559761047363281,18,2,3,-3,4,0,8,0,9,-9,11,9,1,10,sil
4.577418804168701,4,0,0,2,0,0,-6,-4,0,-2,-3,0,-2,3,sil
4.577418804168701,-13,-4,-6,-2,-9,-8,-20,0,-11,-17,-20,-13,-20,-11,sil
4.593028783798218,2,1,-5,2,4,0,0,0,1,-9,-11,-3,-13,-3,sil
4.593028783798218,15,6,11,12,16,9,8,-3,7,3,-1,5,-1,-1,sil
4.593028783798218,-3,-4,-5,3,6,4,-3,-4,-3,-8,-19,-14,-12,-15,sil
4.608553647994995,-11,-11,-12,-5,3,5,-3,-1,-8,-12,-24,-25,-16,-11,sil
4.623637437820435,3,0,0,5,11,11,9,2,3,8,-1,-1,9,7,sil
4.623637437820435,10,4,-1,12,10,4,17,3,18,24,15,17,30,20,sil
4.623637437820435,-3,-4,2,-2,0,-3,11,0,8,20,11,2,12,9,sil
4.640234470367432,-18,-13,-12,-17,-4,-6,0,-4,-12,7,-6,-18,-9,-9,sil
4.640234470367432,-13,-9,-12,-14,-8,-3,-3,-2,-7,4,-7,-10,-2,-9,sil
4.656976938247681,-2,-3,-1,-10,-8,-1,4,1,8,4,7,4,3,-2,sil
4.657975196838379,-11,-9,-10,-15,-4,-9,1,-1,-5,-6,-3,-9,-9,-10,sil
4.673030376434326,-17,-7,-1,-11,-4,-9,-12,-1,-23,-22,-19,-15,-16,-15,sil
4.673030376434326,0,6,3,3,-6,-1,-14,2,-8,-14,0,6,-4,-7,sil
4.685472726821899,15,9,4,6,-7,-5,-5,3,8,2,15,15,5,2,sil
4.701111555099487,15,0,6,-1,-8,-1,0,4,12,7,2,5,6,9,sil
4.701111555099487,6,-6,-4,-5,-8,8,0,3,9,0,-7,0,-2,3,sil
4.716288328170776,-2,-4,0,-8,-2,5,0,2,-1,-12,-15,-2,-16,-9,sil
4.716288328170776,-6,1,-1,0,4,0,3,0,-4,-9,-11,-11,-17,-11,sil
4.734848499298096,0,7,3,12,9,-1,0,0,1,1,3,-1,-2,0,sil
4.7358481884002686,11,13,18,17,12,2,-3,0,3,4,22,25,13,13,sil
4.7358481884002686,12,11,8,8,12,6,-1,-3,-1,9,31,30,19,20,sil
4.752608299255371,-2,2,9,-1,0,3,-6,-3,-12,5,9,2,4,9,sil
4.752608299255371,-13,0,0,3,-3,0,-9,-1,-13,-9,-9,-14,-3,-3,sil
4.765486717224121,0,6,-3,21,6,3,2,0,1,-6,0,0,7,4,sil
4.780397176742554,7,5,5,12,6,12,8,1,7,10,6,3,13,9,sil
4.780397176742554,-8,-7,-13,-9,-7,0,0,-6,-1,7,-5,-15,-1,-6,sil
4.796127080917358,-11,-9,-8,-12,-7,-14,-12,-7,-7,-10,-9,-15,-8,-13,sil
4.796127080917358,0,-3,0,-2,2,-10,-12,0,-8,-9,-8,-9,-5,-8,sil
4.810210943222046,-3,-3,-3,-6,0,0,-9,-3,-10,-1,-14,-16,-13,-11,sil
4.810210943222046,-3,2,4,0,-5,0,0,0,-5,-6,-12,-4,-10,-5,sil
4.826159715652466,9,9,0,13,-2,-3,12,9,5,-5,1,10,10,12,sil
4.826159715652466,11,1,-2,5,0,3,10,5,10,5,7,9,11,17,sil
4.843259572982788,6,0,0,0,2,10,5,0,8,10,10,12,6,9,sil
4.843259572982788,12,12,4,12,12,4,9,0,7,13,18,15,18,13,sil
4.843259572982788,10,7,10,7,9,1,14,2,11,11,14,10,12,7,sil
4.857732772827148,-5,-13,-7,-12,-1,0,16,0,14,1,-2,2,-5,-12,sil
4.873640298843384,-13,-14,-4,-9,-4,-2,16,4,10,1,-7,0,-4,-7,sil
4.873640298843384,-8,-1,2,7,0,0,16,5,12,15,2,-1,3,9,sil
4.888382196426392,-4,-3,-10,0,0,-1,5,-1,9,4,-1,-8,-9,0,sil
4.888382196426392,-6,-14,0,-17,-5,-1,-8,0,-2,-13,-14,-11,-20,-18,sil
4.904309034347534,-8,-10,-2,-11,-8,5,-4,0,-5,-4,-9,-8,-10,-8,sil
4.904309034347534,-8,-5,-4,-1,-3,2,0,-7,-8,-6,-11,-13,-9,-3,sil
4.919414758682251,1,-4,2,-4,1,0,-7,-6,-7,-14,-19,-9,-14,-12,sil
4.919414758682251,16,3,1,1,3,3,-8,-2,10,4,-2,8,3,0,sil
4.93501353263855,11,10,8,8,0,0,-4,1,13,14,14,14,18,13,sil
4.93501353263855,0,-3,0,-3,-5,-8,-6,0,-9,0,2,-4,7,-1,sil
4.950542211532593,-1,-13,-9,-20,-6,-10,-12,-4,-17,-8,-11,-13,-2,-12,sil
4.950542211532593,-1,-5,-1,-17,-4,-8,-16,-2,-12,-2,0,-1,0,-3,sil
4.966078758239746,-1,1,2,-5,-8,-8,-16,-3,-17,0,16,7,4,0,sil
4.966078758239746,0,6,4,-12,-12,-7,-15,-4,-17,-3,13,5,2,0,sil
4.981184482574463,1,7,0,-18,-8,-13,-18,-1,-10,-14,1,5,0,0,sil
4.981184482574463,1,7,6,0,-2,-18,-20,-1,-16,-15,0,10,-2,0,sil
4.99631142616272,0,13,9,20,2,-9,-12,2,-18,-2,7,11,0,0,sil
4.99631142616272,-6,15,-4,25,9,2,-1,7,2,1,17,6,10,5,sil
5.012392044067383,2,11,4,24,13,10,2,5,15,-4,19,6,11,9,sil
5.012392044067383,15,7,4,19,12,14,11,0,16,2,10,4,5,7,sil
5.027536153793335,8,6,0,12,9,19,25,5,23,16,0,-4,1,4,sil
5.027536153793335,-10,3,0,16,8,24,29,6,19,11,-3,-13,-5,-2,sil
5.044164180755615,-16,-6,-12,14,11,19,24,-2,0,0,0,-9,-10,-3,sil
5.044164180755615,-7,-10,-1,-1,16,10,20,0,0,0,-3,-2,-5,0,sil
5.058818101882935,-1,0,0,0,15,6,17,3,7,3,-10,-4,-2,-1,sil
5.058818101882935,-5,-1,-5,6,0,1,2,-2,-1,-1,-15,-10,-11,-2,sil
5.074207544326782,-5,-7,0,-9,-10,-2,-8,-5,-13,-8,-20,-10,-17,-6,sil
5.074207544326782,0,-7,-3,-17,-9,-6,0,-4,-12,-7,-23,-7,-10,-3,sil
5.090244054794312,3,-4,6,-8,-6,-5,2,-2,-12,-6,-18,0,-2,5,sil
5.106376886367798,2,-6,5,-10,-10,-1,-2,0,-7,-3,-9,0,-2,5,sil
5.106376886367798,10,-1,-1,-9,-12,0,2,0,5,0,-7,-1,-5,1,sil
5.106376886367798,17,2,7,1,-8,-4,7,0,7,9,-3,5,3,9,sil
5.121428966522217,3,-4,-4,-3,-7,-6,-4,0,0,21,7,6,17,10,sil
5.121428966522217,-5,-8,1,-9,-5,1,-9,-1,2,22,12,2,14,5,sil
5.137609243392944,0,0,8,11,4,9,3,7,20,19,13,8,10,10,sil
5.137609243392944,3,3,-6,16,7,-2,3,8,22,17,15,11,19,9,sil
5.15323805809021,1,0,-2,-2,-1,-10,-8,0,11,9,19,10,19,0,sil
5.15323805809021,0,-3,-7,-3,-3,-7,-12,-6,8,2,17,5,12,-4,sil
5.168460845947266,-10,-7,-4,-3,-4,-9,-16,-1,4,-4,6,-2,3,-11,sil
5.184021234512329,-12,-5,-1,-16,-5,-10,-21,-3,0,-12,3,-4,-4,-23,sil
5.184021234512329,1,3,-10,-14,-4,-13,-19,-10,-1,-18,6,1,-12,-23,sil
5.184021234512329,6,11,3,1,0,-13,-14,0,-11,-24,0,2,-12,-12,sil
5.199400424957275,4,11,6,11,8,1,-3,3,-7,-20,-7,0,-4,0,sil
5.199400424957275,7,11,5,6,14,13,5,0,-2,-9,-5,-2,-2,2,sil
5.215449571609497,3,5,-1,-6,0,2,3,1,-11,-8,-6,-4,-6,-2,sil
5.215449571609497,-3,-6,-11,-12,-5,-5,0,5,-17,-13,-7,-5,-6,-1,sil
5.232423067092896,2,-3,4,-9,5,7,11,3,-6,-6,0,5,1,12,sil
5.232423067092896,0,0,3,-6,8,11,21,0,2,3,5,4,3,14,sil
5.246825218200684,-16,-6,-2,-4,-2,0,12,0,-2,0,-2,-11,-7,-4,sil
5.246825218200684,-15,-5,1,1,-2,-2,2,7,-5,3,-6,-9,-9,-6,sil
5.26276969909668,-2,0,-6,-1,0,0,1,5,4,16,0,0,1,5,sil
5.26276969909668,-9,0,-2,-9,-3,0,-9,-3,1,4,-6,-11,-4,-1,sil
5.277362585067749,-15,2,-2,0,-9,-5,-21,-9,-19,-18,-19,-17,-17,-15,sil
5.295346260070801,-1,6,0,17,-7,-2,-10,-8,-25,-19,-9,-2,-12,-7,sil
5.295346260070801,12,6,10,25,6,9,9,-3,-9,-3,2,9,0,9,sil
5.295346260070801,16,11,10,32,21,13,20,0,-1,3,1,13,1,16,sil
5.3077123165130615,14,16,18,30,15,7,11,1,-2,2,3,9,-4,12,sil
5.323413610458374,9,5,9,21,2,6,-3,1,1,13,10,0,-4,7,sil
5.323413610458374,5,-8,0,16,0,8,-2,0,5,23,4,-1,2,5,sil
5.34247350692749,1,-11,4,10,-1,10,4,0,3,12,-10,1,5,-1,sil
5.34247350692749,-4,-14,-5,-6,-8,12,7,2,4,3,-10,-4,5,-4,sil
5.342841625213623,-5,-16,-1,-19,-5,7,17,5,17,20,7,-2,14,8,sil
5.354951620101929,4,-11,-1,-12,2,3,29,5,40,38,21,11,32,18,sil
5.37055253982544,13,-6,-4,-8,0,-3,17,0,44,25,8,11,27,11,sil
5.37055253982544,3,-6,-7,-23,-4,-10,-1,-2,21,0,-6,-2,7,0,sil
5.388443470001221,-15,-12,-24,-35,-6,-12,-6,1,10,2,-2,-6,6,-5,sil
5.388443470001221,-16,-11,-10,-28,-13,-13,-10,3,18,9,0,1,10,-7,sil
5.40143609046936,0,6,0,-10,-10,-15,-17,0,15,-5,0,8,7,-1,sil
5.40143609046936,11,20,3,-2,2,-15,-18,0,-6,-19,4,9,1,0,sil
5.4170801639556885,1,14,6,-3,0,-14,-22,0,-22,-22,0,0,-18,-17,sil
5.4170801639556885,-10,6,-13,0,-5,-14,-23,-10,-25,-29,-8,-14,-34,-30,sil
5.432249307632446,-3,16,4,9,2,1,-21,-9,-30,-37,-2,-6,-23,-13,sil
5.432249307632446,8,16,20,14,8,13,-11,2,-30,-26,10,8,-10,0,sil
5.447555065155029,3,4,0,13,7,5,0,0,-19,-11,7,1,-11,-7,sil
5.447555065155029,-3,4,5,13,10,2,0,-6,-14,-8,3,-3,-4,-4,sil
5.463539361953735,-2,-3,0,11,5,5,-3,-3,-13,-5,1,-1,1,6,sil
5.463539361953735,-2,-14,-6,0,0,2,1,1,-11,-4,-11,-5,-7,3,sil
5.479443550109863,-4,-5,0,-1,2,1,9,6,-2,0,-13,-7,-6,-4,sil
5.479443550109863,-4,-1,-2,4,0,3,11,3,8,14,-1,-6,6,0,sil
5.494201421737671,-6,-11,1,0,-7,2,11,0,-2,12,-13,-9,0,0,sil
5.494201421737671,-5,-6,-3,-3,0,0,13,1,-14,-2,-23,-9,-6,-5,sil
5.509331226348877,3,3,-2,1,5,1,12,7,6,10,0,0,8,5,sil
5.509331226348877,7,-1,0,-2,0,6,14,9,34,40,22,10,24,24,sil
5.525282859802246,3,-3,-4,-5,-3,1,15,0,31,37,26,14,22,30,sil
5.525282859802246,3,5,10,-1,-4,-2,6,-6,16,12,18,14,15,19,sil
5.541393756866455,2,1,4,0,-5,0,0,-3,6,-4,5,5,3,6,sil
5.541393756866455,0,-6,1,-5,0,3,2,0,2,-5,1,3,-1,5,sil
5.557097673416138,1,-3,3,-8,-2,-2,0,0,6,4,5,12,2,6,sil
5.557097673416138,2,-1,-7,-2,-10,-11,-10,-5,5,2,2,8,0,-1,sil
5.572257041931152,8,7,5,9,-2,-4,-13,-3,-5,-7,0,0,-7,-5,sil
5.572257041931152,8,10,3,14,4,9,-7,0,-17,-7,-4,-3,-6,-4,sil
5.587838172912598,-4,-5,-7,0,0,6,-10,0,-25,-14,-15,-11,-11,-15,sil
5.587838172912598,-12,-12,-4,-8,-3,1,-11,1,-14,-16,-12,-13,-14,-24,sil
5.603430271148682,-8,-2,0,-7,-1,1,-4,2,10,-7,-10,-10,-8,-19,sil
5.603430271148682,-6,3,7,-2,6,4,0,0,13,-11,-22,-8,-7,-8,sil
5.619016170501709,0,8,0,10,13,6,9,0,0,-10,-16,-5,-4,2,sil
5.619016170501709,6,10,-1,17,7,1,15,-1,0,0,-8,-6,-2,0,sil
5.634248495101929,1,0,4,5,5,0,12,0,10,1,-17,-12,-5,-3,sil
5.650346994400024,0,-1,-5,0,11,5,10,2,20,8,-3,-2,4,10,sil
5.650346994400024,7,8,5,0,2,1,2,2,9,15,21,14,14,20,sil
5.650346994400024,9,3,4,3,-2,-6,-5,0,-1,9,22,10,9,3,sil
5.666048288345337,4,-1,-3,8,6,-6,-5,0,-2,8,9,0,5,-1,sil
5.666048288345337,4,5,2,1,3,-4,-6,0,-6,9,7,4,7,6,sil
5.681131362915039,6,6,-6,-2,-5,-4,-8,-2,-9,0,12,12,8,7,sil
5.681131362915039,3,0,1,-1,-9,-7,-14,-4,-11,-8,12,13,6,-1,sil
5.696409702301025,-7,-9,-3,-19,-15,-12,-22,-5,-17,-14,10,6,2,-7,sil
5.696409702301025,-10,-16,-13,-24,-9,-3,-19,-6,-17,-6,11,1,-2,-5,sil
5.711584806442261,-4,-4,0,-2,6,11,1,0,-8,4,5,0,-5,-5,sil
5.711584806442261,-13,-2,-9,-1,4,1,12,2,0,0,-10,-12,-10,-9,sil
5.727220773696899,-29,-16,-7,-28,-12,-10,0,0,0,-8,-19,-18,-16,-12,sil
5.7443578243255615,-19,-11,1,-20,-14,-6,-4,6,-2,-3,-6,-6,-12,-9,sil
5.7443578243255615,1,5,2,9,-4,-3,6,10,0,-5,6,-2,-1,-2,sil
5.7443578243255615,2,4,5,8,-5,-1,10,7,8,-8,2,-3,3,0,sil
5.758921384811401,-2,-3,-6,-5,-7,0,4,0,14,0,-6,0,1,-1,sorry
5.758921384811401,0,-1,0,0,-1,3,0,0,10,-1,-13,-1,-2,2,sorry
5.775089740753174,5,8,6,15,6,12,7,2,5,-3,-13,-1,-1,5,sorry
5.775089740753174,17,17,4,23,17,19,21,-1,8,15,4,11,11,13,sorry
5.790179967880249,30,16,19,22,25,17,26,-1,13,32,20,22,21,28,sorry
5.790179967880249,22,4,7,20,15,11,17,-1,10,25,7,8,14,19,sorry
5.807328939437866,8,0,1,14,0,3,4,-5,0,3,-4,1,2,0,sorry
5.807328939437866,10,7,8,11,3,-2,3,-4,-2,-1,8,10,2,4,sorry
5.819880962371826,8,1,-2,10,7,-4,0,0,0,3,11,5,7,10,sorry
5.835012912750244,-4,-8,0,1,-3,-6,-11,2,1,2,-5,-6,2,0,sorry
5.835012912750244,-4,0,0,0,-8,-5,-11,1,4,0,-6,0,0,-4,sorry
5.850127935409546,2,5,1,-3,-2,-2,-8,0,-1,-8,-1,4,-3,-4,sorry
5.850127935409546,-7,-6,-2,-18,-8,-4,-15,-1,-18,-24,-12,-12,-13,-6,sorry
5.8656182289123535,-21,-13,-13,-24,-14,-7,-18,-2,-23,-18,-15,-21,-21,-12,sorry
5.8656182289123535,-13,-1,3,-10,-4,0,-17,-2,-15,-5,-3,-8,-12,-13,sorry
5.881317853927612,0,3,6,3,3,2,-17,-6,-6,-7,2,6,1,-2,sorry
5.881317853927612,1,3,5,7,0,0,-10,-3,0,-9,4,13,4,2,sorry
5.897037029266357,-2,-1,-3,-5,-7,-3,-3,2,1,-7,6,6,-2,-6,sorry
5.897037029266357,-13,-15,-21,-30,-8,-6,-1,-2,3,-8,-4,-12,-13,-11,sorry
5.912073135375977,-13,-13,-8,-34,0,-4,7,-1,5,-7,-20,-13,-18,-8,sorry
5.912073135375977,-3,0,-5,-10,7,0,17,4,7,-1,-6,0,-3,-3,sorry
5.927603721618652,0,0,-4,0,0,2,8,3,6,13,11,0,13,3,sorry
5.927603721618652,1,0,6,1,-3,6,4,3,8,27,10,-3,14,7,sorry
5.94352650642395,10,9,0,23,8,6,13,1,10,19,10,-1,9,2,sorry
5.94352650642395,12,11,6,27,14,0,7,0,0,0,10,1,3,-2,sorry
5.959084272384644,0,0,0,3,3,-4,-6,0,-9,2,7,-1,2,-3,sorry
5.959084272384644,-8,-12,-8,-11,-9,-7,-4,0,-9,1,1,-6,0,-1,sorry
5.974288702011108,-4,-8,7,-2,-10,-8,1,0,-6,-11,-4,1,-4,-1,sorry
5.974288702011108,0,4,-1,8,0,-2,4,0,-2,-6,-5,10,-2,0,sorry
5.989845514297485,2,2,-4,2,4,5,2,0,0,-3,-4,2,2,5,sorry
5.989845514297485,0,-4,2,-1,-2,9,-2,2,11,-7,-6,-6,0,8,sorry
6.012814044952393,0,0,4,3,-6,8,-4,0,14,11,-9,-4,-5,4,sorry
6.012814044952393,7,10,6,9,4,7,-1,0,3,24,-9,0,-3,-5,sorry
6.012814044952393,12,12,1,17,17,6,2,-1,0,8,2,2,6,-2,sorry
6.021321058273315,13,14,13,23,13,4,10,0,4,3,19,15,14,17,sorry
6.036301612854004,9,5,11,10,4,2,11,4,-1,9,10,18,9,22,sorry
6.036301612854004,-3,-8,-4,-11,0,-1,-3,0,-16,-6,-10,0,-3,0,sorry
6.052361965179443,-11,-3,1,-8,-2,-2,-9,-6,-19,-19,-8,-7,-7,-11,sorry
6.052738428115845,-2,7,-1,10,-1,0,0,0,-3,-2,9,4,4,1,sorry
6.067533254623413,0,1,0,4,-4,0,2,4,8,8,7,10,10,11,sorry
6.067533254623413,-5,-4,-3,-11,-9,0,1,0,9,-2,0,4,4,4,sorry
6.083060026168823,-5,-4,-6,-10,-9,-7,2,-4,11,-7,5,0,7,0,sorry
6.099190711975098,-8,-9,0,-10,-10,-12,-7,0,9,1,5,-3,4,-2,sorry
6.099190711975098,-15,-15,-14,-16,-8,-5,-12,0,0,6,-3,-7,-14,-17,sorry
6.099190711975098,-7,-4,-5,-11,4,8,0,-1,-7,0,0,0,-17,-17,sorry
6.113366365432739,7,8,8,-1,11,9,11,0,1,-6,8,0,2,0,sorry
6.129462480545044,9,1,-6,-8,0,-7,4,1,0,-11,2,-11,2,-1,sorry
6.129462480545044,3,-8,0,-17,-7,-12,-9,1,-8,-5,-4,-5,-10,-9,sorry
6.129462480545044,8,0,1,0,0,-3,-7,0,-4,4,-2,3,-1,3,sorry
6.146075248718262,10,5,0,8,-1,-11,-8,0,-5,-7,-11,-5,0,4,sorry
6.146075248718262,0,0,2,-4,-12,-19,-19,1,-23,-23,-19,-13,-13,-14,sorry
6.161458015441895,0,2,0,-1,-4,-3,-7,-5,-16,-14,-5,0,-4,-9,sorry
6.17707896232605,12,12,10,14,10,9,8,-4,6,-1,8,9,6,11,sorry
6.17707896232605,6,4,0,4,5,2,0,3,7,3,7,7,0,4,sorry
6.17707896232605,-3,-1,-1,-2,-2,1,-13,1,1,7,4,3,-5,-5,sorry
6.192178010940552,4,7,10,10,3,7,0,-1,10,9,6,7,2,6,sorry
6.2076075077056885,9,3,0,15,8,11,14,-1,20,12,3,7,11,19,sorry
6.2076075077056885,-1,-5,1,8,8,16,14,-1,15,6,-2,0,8,10,sorry
6.224394083023071,-14,-6,-6,0,9,8,10,-2,0,-2,-8,-11,0,-3,sorry
6.224394083023071,-25,-9,-17,-11,0,-1,6,0,-5,0,-13,-22,-7,-10,sorry
6.224394083023071,-26,-8,-5,-12,-2,9,8,3,6,14,-6,-11,-8,-5,sorry
6.238280534744263,-12,-3,3,-3,4,11,11,0,15,18,4,4,-2,5,sorry
6.256363391876221,-5,-10,6,0,0,-1,4,2,3,7,-9,-1,-5,1,sorry
6.256363391876221,-13,-8,-8,5,-6,-2,-4,3,-3,7,-21,-19,-6,-14,sorry
6.256363391876221,-4,7,-1,14,0,1,-7,-1,-3,13,0,-8,7,-4,sorry
6.269442558288574,18,11,20,16,2,0,-4,0,-3,1,22,18,16,9,sorry
6.287403583526611,15,3,0,15,0,-2,-1,1,-10,-16,11,16,7,0,sorry
6.287403583526611,1,4,-3,0,-2,0,-2,0,-24,-22,-2,3,0,-8,sorry
6.287403583526611,8,9,3,-5,-6,2,0,1,-23,-16,0,0,2,-3,sorry
6.302769660949707,21,8,1,9,-1,2,5,1,-7,-2,10,2,2,3,sorry
6.302769660949707,19,7,7,15,6,0,4,2,1,4,14,4,0,7,sorry
7.593399286270142,-4,-6,1,-3,0,-2,4,0,-2,-9,-12,0,-12,-9,sorry
7.611437797546387,-7,-3,1,-5,0,-1,0,-4,-13,-19,-28,-15,-24,-11,sorry
7.611437797546387,0,-3,0,-7,0,2,5,-3,-4,-6,-17,-8,-15,-1,sorry
7.611437797546387,10,0,0,0,0,1,2,-1,4,1,7,8,-1,7,sorry
7.627006769180298,11,8,14,9,2,0,-6,3,1,-7,12,14,2,7,sorry
7.627006769180298,6,6,1,13,8,1,-3,4,5,-7,4,11,7,4,sorry
7.6405274868011475,0,-1,-4,2,5,4,-5,2,3,4,-1,-1,0,0,sorry
7.656054496765137,0,0,1,-1,-2,6,-13,1,-10,2,1,-9,-8,-4,sorry
7.656054496765137,-6,2,-6,2,-8,0,-14,-2,-15,-11,7,0,-4,-8,sorry
7.672738313674927,-16,-1,-3,-2,-7,-2,-8,-3,-11,-16,1,3,-4,-9,sorry
7.672738313674927,-14,-3,-7,-6,0,4,6,-1,-7,-7,-3,-5,-6,-5,sorry
7.686399698257446,-4,1,-3,0,4,1,12,1,-3,-5,-4,-5,-1,0,sorry
7.686399698257446,-3,0,4,0,0,-6,2,-1,1,3,-3,5,2,0,sorry
7.702223300933838,-3,-5,-2,-3,-3,-2,-1,-6,5,23,4,7,9,3,sorry
7.702223300933838,5,4,9,4,0,0,0,0,1,19,10,7,12,13,sorry
7.717465877532959,7,10,5,17,7,-6,-7,7,-2,5,8,10,9,11,sorry
7.717465877532959,7,1,1,17,7,-2,-16,0,-2,0,2,8,8,4,sorry
7.733334302902222,16,3,9,13,3,7,-12,-3,-3,0,4,5,9,4,sorry
7.733334302902222,20,13,2,16,5,5,0,1,-1,6,11,10,11,9,sorry
7.748340606689453,15,12,9,21,9,11,9,1,4,17,8,13,12,8,sorry
7.748340606689453,5,4,0,11,0,12,12,-5,5,0,0,0,5,3,sorry
7.764261960983276,-8,-5,-14,-12,-17,-2,6,-2,0,-22,-10,-13,-5,-4,sorry
7.764261960983276,-17,-15,-5,-24,-16,-5,3,7,5,-16,-20,-13,-6,-10,sorry
7.7793474197387695,-11,-11,-7,-16,-2,-3,7,4,15,2,-16,-14,0,-8,sorry
7.7793474197387695,-8,0,-4,-12,0,-8,0,-5,9,5,-2,-12,0,-3,sorry
7.795221567153931,-16,-5,-9,-19,-6,-8,-8,-4,-1,-4,-6,-15,-10,-11,sorry
7.795221567153931,-15,-14,-11,-17,-4,-3,0,1,-2,-8,-11,-19,-16,-14,sorry
7.811143636703491,3,-1,4,-6,3,0,12,4,8,7,9,1,0,5,sorry
7.811143636703491,18,1,0,-9,7,0,19,0,19,22,19,15,12,20,sorry
7.826755046844482,0,-10,0,-27,0,0,9,0,9,10,0,-1,0,2,sorry
7.826755046844482,-16,-7,-4,-18,-4,3,-1,4,-4,-5,0,-10,-9,-12,sorry
7.84213662147522,-9,1,-7,6,0,1,-4,1,-8,-11,11,1,-7,-7,sorry
7.84213662147522,4,2,11,11,5,0,-8,-3,-14,-14,0,4,-13,-6,sorry
7.857222557067871,7,0,8,12,0,3,-12,-3,-16,-3,-8,-1,-12,-7,sorry
7.857222557067871,2,-6,7,11,-3,1,-11,-7,-12,4,-6,-3,-6,-1,sorry
7.873340606689453,-7,-10,0,0,0,-2,-13,-6,-16,-15,-14,-3,-10,-5,sorry
7.873340606689453,-1,6,0,16,6,-1,-12,3,-18,-28,-11,0,-7,-4,sorry
7.888944387435913,21,32,19,44,9,0,-2,7,-2,-3,9,18,6,8,sorry
7.888944387435913,24,25,11,29,8,-4,0,2,6,18,20,25,16,15,sorry
7.904540538787842,8,8,5,4,2,-1,-5,2,0,10,16,18,11,11,sorry
7.904540538787842,3,12,9,13,1,3,0,3,2,6,14,14,7,9,sorry
7.920198440551758,1,13,1,16,6,-1,6,1,5,9,11,8,6,2,sorry
7.920198440551758,-8,0,-4,-9,0,-1,1,0,0,2,0,0,0,-5,sorry
7.93525767326355,-12,-6,-13,-21,-7,4,5,-2,2,3,-1,-2,-4,-2,sorry
7.93525767326355,-7,1,-6,-15,-1,0,13,0,10,11,-1,-4,0,4,sorry
7.951314926147461,-4,-6,-4,-22,0,1,17,5,15,12,-11,-12,7,6,sorry
7.951314926147461,-4,-22,-20,-31,-6,8,22,3,22,10,-14,-14,10,8,sorry
7.9670729637146,-4,-21,-9,-23,-7,6,17,0,16,0,-3,-6,8,3,sorry
7.9670729637146,-3,-12,-6,-11,-14,-6,0,-5,-3,-15,0,-3,4,-3,sorry
7.982140064239502,5,-8,0,-3,-18,-6,-7,-5,-5,-10,-5,1,4,6,sorry
7.982140064239502,16,-2,11,6,-3,4,0,-1,5,3,-2,7,14,8,sorry
7.997658967971802,4,-6,-3,4,0,2,-1,-2,0,-2,-3,0,9,-10,sorry
7.997658967971802,-10,-3,-3,2,-5,-8,-22,-1,-16,-20,-13,-8,-9,-14,sorry
8.022076606750488,-6,9,3,17,0,-9,-27,1,-13,-14,-3,-1,-11,-6,sorry
8.022076606750488,0,1,5,15,1,0,-7,-3,-3,5,4,-3,-3,-4,sorry
8.022076606750488,0,-7,5,2,4,7,7,-6,0,15,-1,-10,-2,3,sorry
8.029685258865356,2,9,1,15,25,9,0,1,5,12,5,-2,0,13,sorry
8.044244050979614,0,16,5,16,30,1,-12,1,4,3,12,0,-6,1,sorry
8.044244050979614,-11,1,-9,1,13,-4,-6,-1,-2,0,-6,-15,-17,-10,sorry
8.060155153274536,-6,3,-5,5,4,5,7,6,3,2,-11,-16,-9,-8,sorry
8.060155153274536,0,10,13,7,7,17,13,10,13,4,13,5,1,-4,sorry
8.077638387680054,0,3,0,-1,3,2,10,-3,-2,-1,11,11,-3,-2,sorry
8.077638387680054,4,5,0,2,-5,-10,2,-7,-25,-4,-10,3,-15,-4,sorry
8.092368841171265,11,9,0,5,-7,-4,-4,0,-19,-5,-2,6,-10,-5,sorry
8.092368841171265,15,2,2,-8,-7,-6,-9,2,-8,-11,7,12,-4,-2,sorry
8.108890533447266,6,-1,5,-15,-12,-13,-11,0,-10,-8,-1,10,-7,-7,sorry
8.108890533447266,-10,-5,-11,-14,-14,-9,-5,0,-10,-6,0,0,-3,-9,sorry
8.12402629852295,-11,-7,1,-16,-8,-2,3,3,-6,-19,6,3,2,2,sorry
8.12402629852295,0,-6,7,-12,-4,3,8,3,-1,-23,2,7,2,6,sorry
8.138206481933594,-13,-8,-11,-16,-10,5,2,1,6,-3,2,-3,2,-2,sil
8.138206481933594,-22,-6,-3,-19,-10,2,-2,1,16,13,0,-4,10,-2,sil
8.155208349227905,0,0,3,0,1,1,6,0,28,19,1,10,18,12,sil
8.155208349227905,14,0,5,2,1,1,12,1,21,9,5,10,15,18,sil
8.168522357940674,4,-3,0,-7,-4,-2,6,3,0,0,0,-4,6,4,sil
8.185161828994751,6,0,-1,11,4,-2,1,0,-1,12,-8,-5,7,2,sil
8.185161828994751,14,3,13,28,10,3,-2,0,8,15,-5,0,6,11,sil
8.2003173828125,7,-4,4,14,1,0,-5,0,5,6,0,-2,0,8,sil
8.2003173828125,6,-3,3,7,0,1,-1,-5,6,15,6,0,6,8,sil
8.2003173828125,7,4,3,12,7,11,2,-7,15,25,6,2,16,15,sil
8.217392206192017,-2,-1,-13,6,8,9,0,-3,8,6,-3,-6,5,1,sil
8.232990026473999,-7,-2,-6,1,10,2,1,0,-4,-10,-4,-5,-3,-15,sil
8.232990026473999,0,8,0,4,7,-2,2,0,-7,-3,6,1,0,-6,sil
8.232990026473999,3,9,2,7,2,-5,-1,0,-5,5,0,0,0,2,sil
8.247150182723999,0,-1,-1,4,2,-2,-3,1,-3,2,-13,-4,-1,-6,sil
8.26230001449585,-12,-4,-18,-4,-2,-3,-7,-5,-11,-11,-10,-8,-13,-18,sil
8.26230001449585,-20,0,-8,-10,-9,-2,-15,-3,-21,-19,-6,-11,-21,-17,sil
8.277953147888184,-10,0,-4,-7,-6,5,0,6,-6,-8,-4,-7,-6,0,sil
8.277953147888184,3,1,-1,-7,0,5,17,6,8,2,0,0,5,8,sil
8.293056726455688,3,1,4,-10,0,1,17,0,1,-3,1,3,-2,-3,sil
8.293056726455688,-2,-1,2,-5,1,4,9,-2,-5,-14,5,4,-7,-11,sil
8.309087991714478,0,4,15,3,7,1,-1,0,-8,-18,10,11,-5,0,sil
8.309087991714478,6,11,7,5,0,-11,-11,2,-15,-14,6,11,-4,5,sil
8.325184345245361,4,2,1,-4,-9,-17,-16,1,-12,-11,0,4,-4,1,sil
8.325184345245361,3,-3,9,-6,-3,-8,-10,-3,1,-7,4,7,0,0,sil
8.343112230300903,10,5,0,8,6,-2,-2,-1,2,0,15,10,4,5,sil
8.343112230300903,5,5,3,5,0,-2,-7,5,0,1,12,3,0,1,sil
8.35656189918518,-4,-4,0,-5,-7,-3,-10,0,9,9,9,0,-5,-3,sil
8.35656189918518,0,-5,-5,0,-1,-2,0,-2,16,16,0,-2,-5,0,sil
8.372239112854004,0,-4,-1,1,-1,-2,0,5,8,7,-18,-13,-12,-2,sil
8.372239112854004,-11,-12,-11,-7,-6,-1,0,1,4,1,-20,-21,-8,-3,sil
8.387338399887085,-16,-14,-5,-7,-7,10,9,-3,0,-1,-15,-15,4,1,sil
8.387338399887085,-18,-16,-7,-9,-9,15,6,0,-14,-11,-30,-20,-3,-7,sil
8.403368711471558,-15,-15,-11,-17,-9,2,-7,1,-19,-5,-37,-30,-14,-13,sil
8.403368711471558,7,5,6,0,1,1,-2,0,-7,11,-8,-8,3,2,sil
8.419416427612305,28,27,11,28,14,9,13,0,10,17,25,27,23,15,sil
8.419416427612305,26,20,16,21,11,7,11,3,18,16,33,40,25,12,sil
8.43544864654541,10,1,6,3,8,7,9,5,19,13,19,24,20,10,sil
8.43544864654541,0,1,-3,8,17,9,8,1,14,9,5,7,13,7,sil
8.451488018035889,-2,8,6,9,13,2,1,-1,0,8,1,5,6,0,sil
8.451488018035889,-4,-1,-4,-4,0,-5,0,-4,-6,0,0,-2,1,-2,sil
8.469075202941895,-4,-6,-4,-2,0,-2,8,-3,2,-6,1,-4,2,4,sil
8.469075202941895,0,1,-3,12,7,4,15,3,16,7,17,7,14,10,sil
8.469075202941895,0,0,-10,9,4,0,5,1,13,13,16,3,15,6,sil
8.482333421707153,-7,-2,5,-4,-1,-4,-4,-4,1,-1,-2,-7,-4,0,sil
8.49734878540039,-4,-1,0,-5,-4,-2,1,0,6,0,0,-1,-8,-1,sil
8.49734878540039,0,-5,-10,-10,-9,1,9,0,21,6,7,3,-1,-2,sil
8.513487577438354,0,-2,-5,-13,-8,0,5,0,14,-2,3,1,0,1,sil
8.513487577438354,3,0,-4,-7,-10,-17,-7,-1,-10,-9,1,4,0,4,sil
8.529015302658081,0,-3,4,-14,-19,-26,-26,0,-26,-14,-2,0,-8,-2,sil
8.529015302658081,0,0,4,-17,-14,-13,-20,0,-21,-19,-11,-8,-13,-4,sil
8.544438600540161,5,4,0,-5,-4,-4,-10,-2,-21,-22,-11,-10,-13,-7,sil
8.544438600540161,-2,-1,-4,-7,-7,-17,-24,-3,-37,-28,-13,-16,-21,-28,sil
8.559610366821289,-15,-6,-1,-12,-6,-21,-33,-5,-42,-32,-17,-24,-24,-34,sil
8.559610366821289,-15,0,4,-2,2,0,-20,-6,-28,-25,-13,-18,-17,-20,sil
8.57479453086853,-2,5,-1,12,10,12,-3,-4,-8,-10,-9,-1,-12,-10,sil
8.57479453086853,14,9,12,20,16,19,9,0,5,6,-2,11,-3,1,sil
8.590435266494751,11,8,15,14,14,22,20,5,13,16,2,9,1,13,sil
8.590435266494751,-4,-1,-9,4,2,11,16,2,5,7,-4,1,-2,8,sil
8.605470657348633,0,-2,2,9,1,6,3,5,0,3,-8,1,2,7,sil
8.605470657348633,13,1,6,16,8,15,8,6,13,16,2,6,15,18,sil
8.621439218521118,7,0,-1,11,8,17,21,3,22,18,12,10,15,22,sil
8.621439218521118,2,-2,3,10,8,14,20,2,15,15,13,14,10,16,sil
8.636336326599121,4,-5,-2,4,6,5,9,0,16,18,9,7,12,11,sil
8.636336326599121,0,-6,0,-12,-1,-4,-1,0,22,14,8,1,13,8,sil
8.652415037155151,0,1,-4,-7,0,-5,6,4,23,16,19,8,21,11,sil
8.652415037155151,4,5,0,2,4,-3,22,7,23,24,20,13,24,8,sil
8.667090654373169,4,0,6,-4,-2,-6,18,3,17,11,2,5,9,-2,sil
8.68315839767456,-4,-3,-10,-9,-10,-4,5,-1,4,-2,-4,-3,-3,-8,sil
8.68315839767456,-13,-5,-8,-9,-11,0,-2,0,0,0,-1,-4,-4,-9,sil
8.68315839767456,-15,-9,-9,-16,-13,-8,-12,0,2,2,-5,-8,-8,-14,sil
8.699650287628174,-10,0,-8,-9,-13,-19,-23,-5,-2,-6,-7,-11,-12,-11,sil
8.699650287628174,0,7,4,2,-8,-11,-24,-3,-17,-16,-3,-5,-9,-12,sil
8.71431589126587,0,-5,-5,0,-5,-6,-20,-4,-33,-25,-10,-12,-13,-15,sil
8.7294180393219,-9,-6,0,-9,-1,-6,-20,-9,-39,-26,-19,-15,-14,-8,sil
8.730417251586914,-5,9,4,0,9,5,-4,-2,-20,-5,-3,-4,0,-2,sil
8.730417251586914,4,12,0,11,14,11,5,4,-2,3,4,-3,1,-2,sil
8.745498418807983,5,7,13,12,7,1,1,0,-7,-8,-8,-4,-8,0,sil
8.745498418807983,3,7,5,13,4,-5,0,-7,-5,-12,-4,2,-6,1,sil
8.762375116348267,3,3,0,5,0,-1,0,-1,0,-5,10,6,0,0,sil
8.762375116348267,-2,-2,3,0,0,2,-3,3,-4,-4,9,3,1,3,sil
8.77848505973816,-1,-2,1,2,4,0,-2,-1,-1,-2,6,4,2,10,sil
8.793044567108154,6,-1,10,1,1,4,4,0,10,4,7,7,4,11,sil
8.793044567108154,4,-9,-1,-8,-8,7,10,7,10,7,0,0,3,3,sil
8.794044494628906,-2,-14,-8,-19,-9,0,0,3,0,-2,-19,-8,-8,-5,sil
8.808539867401123,-1,-5,-6,-13,-1,2,-1,0,0,-6,-21,-2,-9,-2,sil
8.809539079666138,8,3,-4,7,1,9,14,3,5,7,1,8,6,9,sil
8.82463812828064,14,6,10,14,2,4,19,4,1,13,14,9,9,9,sil
8.82463812828064,11,3,2,3,7,2,12,0,7,15,10,8,2,8,sil
8.843615293502808,10,3,-2,2,12,9,13,-3,23,20,8,10,12,15,sil
8.843615293502808,12,7,2,10,7,3,11,-2,23,19,13,9,21,12,sil
8.85514497756958,7,2,-4,3,0,-10,0,0,14,11,15,7,14,2,sil
8.85514497756958,-1,-6,0,-11,-4,-11,-5,1,1,0,1,1,1,-4,sil
8.870551109313965,-11,-7,-6,-9,-6,-10,-2,0,-14,-15,-16,-10,-7,-9,sil
8.870551109313965,-17,-2,-8,0,-4,-2,0,-6,-15,-12,-17,-14,-11,-7,sil
8.88808012008667,-18,-6,-4,-6,-1,4,-7,-1,-3,-3,-6,-11,-10,-8,sil
8.88808012008667,-16,-13,-7,-17,-11,-12,-27,0,-4,-8,-5,-9,-11,-18,sil
8.902116060256958,-12,0,2,-7,-10,-19,-30,0,-3,-4,-6,-1,-9,-16,sil
8.917517900466919,-4,11,-1,7,3,0,-7,0,9,13,2,5,-2,-2,sil
8.917517900466919,4,6,0,2,1,5,0,2,7,3,13,9,5,2,sil
8.934044122695923,9,8,11,-5,-5,0,-7,2,-4,-12,11,10,8,-2,sil
8.934044122695923,4,14,2,3,2,0,-1,-2,-2,2,3,0,4,-5,sil
8.934044122695923,0,7,8,7,0,-4,1,0,-4,0,0,-9,-6,-3,sil
8.95006251335144,0,0,7,-3,-6,-10,-8,4,-17,-37,-2,-14,-12,-3,sil
8.95006251335144,-1,4,3,-8,0,-5,-8,2,-22,-41,-5,-11,-10,-3,sil
8.967122554779053,0,0,6,2,9,13,6,0,-13,-15,1,2,0,2,sil
8.967122554779053,4,-5,-1,20,20,28,20,0,0,9,10,9,10,11,sil
8.983206510543823,5,0,7,30,25,25,20,1,5,29,9,2,8,16,sil
8.983206510543823,2,0,3,22,12,13,11,2,0,31,0,3,0,16,sil
8.997600317001343,-2,-14,-9,0,0,8,11,-4,3,17,-14,2,-3,12,sil
8.997600317001343,-2,-14,1,1,3,11,15,-6,14,17,-18,-4,0,3,sil
9.013559818267822,5,-1,-3,10,2,2,9,-4,17,16,-7,-8,3,0,sil
9.013559818267822,3,-2,-6,-7,-13,-8,0,-3,0,0,-13,-6,0,0,sil
9.030102014541626,-4,-7,-3,-22,-18,-14,-1,2,-11,-2,-17,-5,-3,-3,sil
9.030102014541626,1,2,0,-5,-10,-13,-1,3,2,0,7,3,4,0,sil
9.046193599700928,9,6,0,-4,-11,-2,0,2,16,-11,14,9,10,0,sil
9.046193599700928,0,-5,-12,-22,-13,-1,-3,0,-3,-17,-7,-2,-3,-7,sil
9.059780359268188,-4,-9,-1,-20,-5,-10,-12,0,-19,-7,-9,-6,-14,-8,sil
9.059780359268188,0,-2,3,-8,0,-9,-9,0,4,8,11,4,-1,-2,sil
9.076642751693726,-1,-2,-9,-6,-1,-11,-1,1,24,15,23,11,14,-1,sil
9.076642751693726,1,5,6,-2,-3,-13,-6,4,8,4,19,17,13,0,sil
9.093184232711792,9,10,6,4,-2,-6,-11,-2,-4,-6,8,10,2,0,sil
9.093184232711792,-3,4,-3,-2,-1,-5,-11,-5,-9,-11,0,-4,0,-6,sil
9.10757613182068,-13,5,-6,-2,3,-4,-8,1,-8,-7,-1,-3,0,-7,sil
9.122120380401611,-6,5,-8,6,7,3,2,1,-1,-3,-2,0,-1,0,sil
9.122120380401611,-11,-7,0,-8,5,8,2,-3,-4,-10,-11,-16,-10,-5,sil
9.122120380401611,-19,-7,-3,-16,8,4,-9,-5,-14,-18,-18,-25,-17,-16,sil
9.139163970947266,1,12,11,16,15,5,-3,0,-5,-10,-11,-2,-8,-4,sil
9.154335021972656,26,20,22,33,15,16,19,6,19,13,14,22,11,24,sil
9.154335021972656,23,7,6,7,2,14,25,7,30,31,27,19,21,31,sil
9.154335021972656,2,-3,4,-5,-1,8,16,0,12,21,6,1,8,10,sil
9.168723106384276,-7,-7,-2,12,7,5,10,-4,-4,2,-11,-5,-5,-4,sil
9.185625076293944,-3,-5,-2,14,7,-1,0,-4,-8,-9,-12,-5,-13,-7,sil
9.185625076293944,0,-6,-2,-3,-7,-8,-13,-1,-15,-11,-8,-2,-9,-8,sil
9.1993567943573,1,-7,-5,-8,-12,-7,-11,0,-19,-4,0,0,2,0,sil
9.1993567943573,1,0,14,0,-9,-2,-11,0,-9,-2,4,3,3,5,sil
9.2153480052948,0,5,4,7,-11,-5,-14,0,0,0,1,5,0,-5,sil
9.2153480052948,-1,6,-5,4,-7,0,-8,-3,0,6,6,7,4,-6,sil
9.230386734008787,1,6,4,4,2,6,4,0,-1,2,13,10,7,0,sil
9.230386734008787,5,2,-1,12,7,0,10,0,4,0,10,13,2,4,sil
9.2463276386261,11,5,0,14,6,0,3,4,11,4,8,8,3,6,sil
9.2463276386261,11,7,-6,9,7,1,0,2,9,8,9,0,9,8,sil
9.2614905834198,4,-2,-2,4,4,-2,3,1,-2,4,0,-1,5,10,sil
9.2614905834198,-11,-16,6,-10,-2,0,5,4,-11,-4,-20,-16,-10,-1,sil
9.277109622955322,-33,-26,-25,-34,-12,-4,-7,0,-11,-15,-33,-41,-22,-22,sil
9.277109622955322,-29,-17,-18,-36,-14,-5,-16,-4,-8,-13,-24,-33,-10,-20,sil
9.292431831359863,-3,2,3,-10,2,9,0,0,1,0,0,-6,9,0,sil
9.292431831359863,3,2,0,-5,5,9,9,0,7,3,4,-1,5,3,sil
9.30840539932251,0,-8,-1,-18,-11,-2,4,-4,4,-3,-12,-4,-12,-5,sil
9.30840539932251,0,-3,-8,-11,-9,-2,5,-5,6,-5,-23,-5,-15,-7,sil
9.32402801513672,0,2,-2,-3,-1,2,9,0,8,-1,-16,-3,-8,-6,sil
9.32402801513672,-1,-2,-1,-11,-9,1,10,3,7,3,0,2,-2,-3,sil
9.339533567428589,0,-2,0,-8,-4,1,14,2,8,1,8,12,2,4,sil
9.339533567428589,0,8,13,6,11,7,11,1,5,3,12,17,9,10,sil
9.355387687683104,5,11,4,15,16,5,5,1,4,12,20,15,12,11,sil
9.355387687683104,22,12,11,22,13,-4,0,3,0,7,27,20,7,11,sil
9.37144899368286,23,18,19,27,14,-9,-2,4,-5,2,27,28,6,9,sil
9.37144899368286,9,14,5,20,12,-6,-6,0,-6,7,22,19,9,3,sil
9.386751651763916,7,7,8,14,5,-9,-10,-1,-7,-4,18,9,3,-2,sil
9.386751651763916,9,8,6,18,-1,-18,-18,-4,-5,-12,10,7,-1,0,sil
9.40243411064148,0,7,0,6,-1,-10,-25,-2,-2,2,-2,3,-3,4,sil
9.402815580368042,-8,-2,-3,-3,1,1,-18,0,0,10,-7,-5,0,0,sil
9.417474031448364,-4,-11,-5,3,-1,0,-5,-2,-1,-1,-2,-14,8,-6,sorry
9.417474031448364,-8,-9,-1,-2,-5,0,-2,-5,-8,-14,-21,-21,-4,-9,sorry
9.433046579360962,-18,-5,-12,-10,-5,8,-5,0,-12,-16,-35,-26,-21,-12,sorry
9.433046579360962,-10,-7,-2,-4,-7,11,0,4,0,2,-3,-14,1,-3,sorry
9.448596000671388,0,-9,5,-6,-5,6,5,7,15,22,25,4,27,8,sorry
9.448596000671388,-2,-12,-9,-16,-4,0,5,1,7,9,1,1,6,2,sorry
9.464686870574951,-4,-7,-3,-14,-5,2,1,-3,-5,-9,-24,-8,-12,-9,sorry
9.464686870574951,2,1,0,-6,-1,10,2,0,0,0,-7,-2,0,0,sorry
9.480286359786987,1,4,-2,-2,0,11,7,4,5,9,9,6,9,12,sorry
9.480286359786987,0,2,-5,0,-1,6,13,-3,2,0,3,8,1,8,sorry
9.495914936065674,5,6,-5,4,1,0,17,-11,-1,-9,-6,4,0,3,sorry
9.495914936065674,4,5,8,3,-1,0,9,-1,-4,-12,-13,-2,-3,1,sorry
9.51144003868103,-6,-7,-7,-1,-12,-7,1,5,-3,-5,-16,-9,-13,-1,sorry
9.51144003868103,-8,-10,-9,-9,-9,-14,0,-2,-1,-2,-15,-7,-21,-7,sorry
9.527238607406616,0,-4,8,-9,0,-6,0,-3,-2,-12,-11,-3,-17,-10,sorry
9.527238607406616,4,-3,0,0,0,-1,3,0,-2,-13,1,0,-9,-4,sorry
9.543294668197632,0,-3,4,3,-1,-5,9,0,-4,-1,11,3,-7,0,sorry
9.543294668197632,-3,-2,0,-1,2,-5,10,-1,0,8,10,0,-3,-3,sorry
9.558801174163818,0,1,-6,0,12,1,6,4,8,5,3,-2,0,-6,sorry
9.558801174163818,1,4,2,4,15,5,1,10,10,0,4,0,-1,-1,sorry
9.574711084365845,0,0,-8,0,3,-1,-10,0,8,11,15,5,8,5,sorry
9.574711084365845,5,3,1,0,0,-5,-21,-4,6,21,20,11,22,7,sorry
9.590309858322144,1,15,11,15,13,3,-14,0,-1,7,16,10,13,5,sorry
9.590309858322144,-7,12,8,15,12,11,-8,0,-3,-2,6,0,0,3,sorry
9.606426477432253,-7,7,4,-1,3,10,-8,0,7,6,-1,-4,1,-1,sorry
9.606426477432253,0,8,-3,-1,8,2,-2,0,6,10,0,0,11,-2,sorry
9.62232542037964,12,12,13,11,9,-3,-1,0,-1,2,9,9,15,6,sorry
9.62232542037964,20,12,16,17,-2,-4,0,3,8,0,10,15,13,11,sorry
9.637732982635498,13,3,-1,7,-9,-7,0,0,3,-4,-6,3,4,4,sorry
9.637732982635498,0,-7,-4,-7,-12,-9,-12,-3,-23,-15,-24,-15,-5,-5,sorry
9.653361558914185,-4,-12,-14,-14,-18,-4,-19,-3,-30,-15,-18,-15,-7,-7,sorry
9.653361558914185,0,-10,-4,-14,-18,0,-7,0,-22,-14,-4,0,-1,-5,sorry
9.668553829193115,-1,-10,0,-8,-12,0,5,1,-15,-11,-2,0,-1,-3,sorry
9.668553829193115,-9,-10,-10,-1,-7,1,15,-1,-1,1,-5,-8,-11,0,sorry
9.68404483795166,-8,-6,-4,1,0,13,22,2,13,12,-1,-1,-12,3,sorry
9.68404483795166,-2,-6,-4,1,7,17,24,5,17,12,5,5,0,0,sorry
9.699189186096191,-3,-2,0,0,4,2,12,1,14,5,7,2,3,-4,sorry
9.699189186096191,-4,1,1,-1,1,-7,0,-3,10,-1,3,-1,-3,-5,sorry
9.71446418762207,-1,0,-5,-6,8,-6,0,-5,8,0,-1,-4,-5,-1,sorry
9.71546506881714,-1,-1,4,-8,13,-4,0,-2,6,4,-1,0,-2,4,sorry
9.730043649673462,0,6,-2,6,12,-1,0,-3,4,2,0,2,-1,1,sorry
9.730043649673462,5,2,0,8,6,0,3,0,0,-2,-3,6,-1,0,sorry
9.746656894683838,2,-8,3,-16,0,1,6,3,1,2,3,10,1,4,sorry
9.761383771896362,-4,-5,-3,-17,-3,1,0,1,5,5,11,4,3,0,sorry
9.761383771896362,-4,4,4,5,-1,0,-7,0,-3,-10,-1,-2,-6,-11,sorry
9.761383771896362,0,2,-1,9,-4,-2,-7,-1,-14,-15,-11,-3,-6,-8,sorry
9.77836537361145,3,0,3,0,-9,1,-3,-2,-8,0,-3,-1,5,2,sorry
9.77836537361145,2,5,11,1,-9,4,-3,0,2,8,4,-1,5,4,sorry
9.79400086402893,0,5,-3,7,-9,-6,-9,0,3,4,9,-1,0,7,sorry
9.79400086402893,1,1,-1,5,-9,-12,-13,-1,0,0,4,-2,4,11,sorry
9.808385610580444,1,1,-1,7,0,-5,-9,-2,-7,-4,-8,-4,3,1,sorry
9.824536323547363,-4,1,-2,4,7,0,-6,-1,-17,-12,-16,-9,-5,-11,sorry
9.824536323547363,-7,-4,-2,-8,3,2,1,4,-9,-3,-9,-10,-3,-8,sorry
9.824536323547363,-3,-6,-11,-11,1,6,7,6,12,9,0,-5,6,0,sorry
9.84109616279602,0,2,3,0,0,7,-4,0,8,2,-3,2,7,1,sorry
9.84109616279602,3,6,5,3,1,4,-6,-3,-2,-4,-4,4,3,0,sorry
9.854702949523926,2,-2,3,5,5,5,11,0,0,0,-1,-3,-6,1,sorry
9.869768142700195,1,-1,6,9,4,12,18,3,0,0,-1,-3,-15,1,sorry
9.869768142700195,10,5,-4,10,2,6,19,0,-1,-2,3,6,-5,9,sorry
9.88529348373413,20,11,10,13,3,-2,18,1,10,11,15,14,11,21,sorry
9.88529348373413,17,9,12,12,3,-2,8,2,24,31,23,16,19,14,sorry
9.90147876739502,4,1,-6,-7,4,-5,-11,0,17,21,23,14,12,0,sorry
9.90147876739502,-5,1,-8,-18,2,-11,-20,-3,-9,-17,8,5,-7,-8,sorry
11.271322011947632,-9,-11,-3,11,-4,1,-1,0,-8,-8,-15,-16,-14,-6,sorry
11.271322011947632,-9,-12,-11,-5,-5,-4,-4,-9,-11,-14,-18,-14,-13,-5,sorry
11.286476135253906,8,3,1,-4,0,5,7,-4,9,7,0,11,5,16,sorry
11.286476135253906,16,7,3,9,2,9,11,3,14,21,18,22,11,21,sorry
11.302024364471436,1,-2,6,0,0,0,-3,0,-6,6,6,8,1,0,sorry
11.302024364471436,-7,-11,-4,-16,-10,-10,-10,-5,-12,-4,-10,-3,0,-4,sorry
11.318047046661375,0,-9,-2,-13,-12,-4,-3,-3,2,-1,-1,1,2,7,sorry
11.318047046661375,3,-7,4,-11,-7,0,-7,0,5,-1,1,4,0,3,sorry
11.334119081497192,-7,-9,-4,-15,-9,-10,-20,-4,-4,0,-11,-4,-2,-7,sorry
11.334119081497192,-6,2,5,1,-10,-9,-19,-3,-5,3,-8,3,-1,-1,sorry
11.349441528320312,6,14,4,20,7,7,-5,2,2,1,10,18,4,8,sorry
11.349441528320312,3,5,2,9,25,10,-3,1,-3,-3,15,12,3,4,sorry
11.365175247192385,-4,1,3,0,16,2,-5,-2,-17,-7,12,2,-1,-6,sorry
11.365175247192385,2,9,-7,13,8,1,0,-1,-11,-10,9,2,0,-4,sorry
11.381203651428224,6,11,2,20,17,7,7,1,-3,-9,-2,0,-1,0,sorry
11.381203651428224,-1,1,0,4,17,8,11,4,-5,-7,-9,-6,-8,-11,sorry
11.397301197052002,-2,-3,-3,-3,0,0,9,5,-1,-9,-4,-8,-7,-22,sorry
11.397301197052002,5,6,4,13,-1,-4,1,1,8,5,2,-1,4,-6,sorry
11.413206577301024,12,19,0,27,13,0,2,-3,13,28,15,4,17,11,sorry
11.413206577301024,10,9,4,8,2,-1,4,0,9,16,26,7,17,7,sorry
11.42857813835144,-2,-9,-4,-14,-19,-8,0,5,6,-8,13,-6,5,1,sorry
11.42857813835144,-8,-9,-15,-9,-16,-8,-3,4,0,-14,-11,-18,-5,0,sorry
11.444160223007202,-4,-5,2,-4,-10,0,-1,2,0,-6,-13,-10,-6,-1,sorry
11.444160223007202,-9,-12,-2,-22,-19,-1,4,-1,6,5,-1,-4,0,0,sorry
11.459550142288208,-13,-10,-7,-35,-14,2,9,-2,7,8,-7,-12,-9,0,sorry
11.459550142288208,-9,-3,-8,-15,2,10,13,1,4,3,-18,-19,-14,-5,sorry
11.475107669830322,-4,-1,-1,2,0,6,11,2,12,5,-14,-9,0,0,sorry
11.475107669830322,7,6,13,1,-5,2,8,0,15,10,-4,10,5,13,sorry
11.491145849227903,7,3,1,0,3,2,6,-3,4,9,0,11,-4,6,sorry
11.491145849227903,-4,-8,1,0,6,0,-1,-2,-2,3,0,0,-2,0,sorry
11.506905555725098,2,-1,10,1,1,-2,-4,1,0,0,7,10,12,11,sorry
11.506905555725098,16,7,3,15,3,-2,1,0,2,4,14,27,15,14,sorry
11.522273778915403,4,-1,5,9,5,1,-3,-3,-7,4,-6,13,-1,-1,sorry
11.522273778915403,-2,-9,0,-2,1,0,-15,-2,-17,-10,-25,-3,-11,-9,sorry
11.53777003288269,8,0,9,4,0,-1,-11,0,-13,-16,-8,0,-2,0,sorry
11.53777003288269,4,5,2,9,3,0,-3,-1,-4,-3,4,1,2,5,sorry
11.5536687374115,-7,-3,-18,-3,3,0,-10,-4,-8,-1,-3,-7,-7,-4,sorry
11.5536687374115,-6,-9,-8,-10,0,-2,-18,-2,-12,-3,0,-7,-14,-16,sorry
11.569642782211304,-1,0,-1,1,1,0,-11,1,-4,1,13,0,-3,-11,sorry
11.569642782211304,0,10,1,9,6,-1,-2,0,-8,-12,8,1,1,-3,sorry
11.584372997283936,-3,7,0,5,2,-2,0,-1,-19,-25,4,-2,-2,-6,sorry
11.584372997283936,-2,2,-7,2,0,-3,-4,-3,-20,-10,14,-4,-4,-16,sorry
11.599720001220703,1,7,6,1,3,-6,-4,-1,-9,-2,17,4,3,-14,sorry
11.599720001220703,2,9,4,0,0,-6,7,4,11,-1,13,14,16,2,sorry
11.615275382995604,-2,5,6,-5,-5,-3,14,5,14,11,6,8,9,12,sorry
11.615275382995604,-6,2,0,-8,-1,-3,9,-1,0,6,-7,-3,-1,0,sorry
11.631324768066406,-4,-2,-18,-17,0,-4,8,-3,3,-6,-9,-6,6,0,sorry
11.631324768066406,3,-3,1,-20,-7,-4,8,6,18,2,0,3,10,13,sorry
11.646631240844728,9,0,8,2,-8,-2,6,8,20,12,1,7,0,17,sorry
11.646631240844728,14,4,2,26,-3,3,5,-1,20,10,-1,4,4,16,sorry
11.66260576248169,20,4,10,17,0,12,2,0,21,16,0,7,13,19,sorry
11.66260576248169,6,-6,-2,-1,0,8,-1,0,13,19,-4,0,1,13,sorry
11.678080320358276,-12,-14,-8,-2,0,4,-3,-4,-3,9,-12,-13,-12,-2,sorry
11.678080320358276,-12,-4,-5,8,0,10,-4,0,-4,6,0,-9,-7,-10,sorry
11.694030046463013,-5,0,-3,3,0,12,0,5,6,8,5,-2,0,-5,sorry
11.694030046463013,-9,-7,-2,-7,0,8,2,1,1,3,-12,-5,-3,-4,sorry
11.70847201347351,-7,-5,-4,0,0,5,-1,-7,-16,-8,-18,-9,-10,-11,sorry
11.70847201347351,0,4,9,4,0,4,-2,-3,-14,-18,2,-2,-6,-8,sorry
11.7240731716156,0,0,0,-7,1,-1,4,4,1,-11,10,0,3,-2,sorry
11.7240731716156,-7,-8,-10,-12,0,-9,0,1,0,-3,-8,-11,-1,-8,sorry
11.740113735198976,-9,-1,0,-2,0,-6,-9,-2,-13,-12,-14,-12,-12,-14,sorry
11.740113735198976,-1,1,0,0,4,1,0,-3,-9,-19,1,0,-7,-1,sorry
11.756282806396484,3,-3,4,-7,7,2,4,0,-1,-7,3,6,-5,3,sorry
11.756282806396484,0,-3,0,-6,4,-6,0,0,0,4,-8,-1,-10,-5,sorry
11.77212929725647,-2,0,-2,0,0,-12,-1,4,0,-1,-10,-5,-7,-5,sorry
11.77212929725647,-1,0,5,-7,-4,-10,0,3,-6,-10,-7,-2,-5,-4,sorry
11.786208629608154,0,-3,-7,-10,0,-3,5,0,-7,-4,-3,0,-4,-4,sorry
11.803794622421265,2,9,8,9,8,6,9,3,2,6,10,9,11,11,sorry
11.803794622421265,10,25,14,33,13,12,1,5,9,18,25,21,20,20,sorry
11.803794622421265,10,16,-5,25,7,0,-8,-5,-1,14,22,14,8,4,sorry
11.816817283630373,0,1,7,0,-3,-9,-13,-4,-10,-6,6,4,0,-4,sil
11.833049535751345,2,0,8,-4,-11,-9,-10,1,0,-3,4,4,13,7,sil
11.833049535751345,18,4,5,1,-14,-13,-8,-1,7,16,20,19,25,19,sil
11.85007119178772,17,-2,9,-3,-14,-11,-10,-5,-1,8,18,22,15,8,sil
11.85007119178772,-1,-9,-4,-13,-10,0,-5,-5,-2,-11,-3,3,-1,-3,sil
11.85007119178772,-6,-5,-2,-9,-3,10,8,-1,13,-5,-8,-1,0,4,sil
11.864027976989746,-3,-1,-4,2,5,13,12,3,14,15,6,3,13,12,sil
11.881537199020386,-6,1,-3,10,11,8,2,3,9,18,8,-1,9,7,sil
11.881537199020386,1,7,-1,10,11,1,0,4,20,6,3,-1,3,4,sil
11.881537199020386,5,-3,-12,-2,2,3,0,3,-1,-7,-4,-1,-5,-4,sil
11.894671440124512,-17,-20,-12,-29,-13,8,1,-1,-37,-20,-27,-25,-28,-27,sil
11.910282850265505,-26,-15,-14,-30,-14,0,17,-3,-8,-13,-30,-37,-28,-26,sil
11.910282850265505,-2,2,-3,-7,-3,-7,25,3,21,2,-12,-16,-10,-9,sil
11.926384210586548,6,4,0,-1,-5,-5,1,3,-3,-2,-8,-3,-10,-10,sil
11.926384210586548,-2,-4,-9,-7,-4,-2,-16,-3,-13,-11,-7,-8,-8,-5,sil
11.942135572433472,-3,-4,6,8,10,5,-4,-1,9,0,2,-8,2,9,sil
11.942135572433472,-4,0,10,23,14,14,10,3,19,6,0,-10,-1,1,sil
11.957048416137695,-7,-3,5,11,9,13,8,2,12,0,-15,-6,-14,-10,sil
11.957048416137695,0,-1,-3,4,11,5,3,0,4,1,-3,7,-3,0,sil
11.972347259521484,8,8,-6,19,10,-5,2,-2,0,11,17,9,11,13,sil
11.972347259521484,12,19,22,24,5,-6,0,0,-6,8,14,8,9,8,sil
11.988438844680786,10,11,10,10,1,-3,-7,0,-11,0,4,11,0,3,sil
11.988438844680786,0,-3,-9,-6,-7,-8,-12,-5,-14,-5,-1,3,-1,1,sil
12.004482746124268,-3,0,2,-9,-7,-8,-12,-6,-10,-7,0,0,2,-2,sil
12.004482746124268,0,6,0,-1,1,-1,-9,-3,-7,-2,5,8,3,-3,sil
12.020016431808472,0,0,7,-8,-3,-4,-15,0,-14,-7,0,9,-1,-1,sil
12.020016431808472,0,-5,2,-14,-9,-9,-15,2,-16,-19,1,6,5,-2,sil
12.04106616973877,7,2,-3,-6,-3,-2,-8,2,-8,-11,17,14,17,2,sil
12.04106616973877,9,5,5,-3,-2,4,-5,1,-10,4,16,17,11,6,sil
12.04106616973877,0,-3,-5,-6,-2,0,-3,0,-17,-2,0,3,-3,-1,sil
12.051093816757202,-2,-4,0,-7,0,0,0,0,-10,-10,-8,-3,-10,-7,sil
12.06706714630127,0,2,3,-4,4,10,9,2,10,9,-6,-4,-6,-1,sil
12.06706714630127,2,1,-4,2,1,9,17,4,29,22,0,-8,-1,5,sil
12.082194328308104,3,0,7,11,-2,4,18,8,35,18,8,-4,3,11,sil
12.082194328308104,4,3,1,17,0,6,19,3,36,24,19,10,15,18,sil
12.098037004470823,0,3,-2,8,1,4,14,0,26,20,15,9,13,17,sil
12.098037004470823,-6,-2,-4,-1,-6,-1,0,-1,2,0,-6,-11,-3,0,sil
12.11416220664978,-9,-8,-8,-1,-10,-4,-2,-9,-14,-14,-25,-26,-12,-9,sil
12.11416220664978,-13,-9,-4,-3,-7,0,2,-7,-8,-18,-26,-24,-11,-16,sil
12.13019609451294,-14,-9,-11,-8,-2,6,8,-1,6,-2,-17,-16,-4,-14,sil
12.13019609451294,-4,0,0,-3,3,9,15,-2,6,12,-7,-1,6,3,sil
12.145365238189695,1,3,5,3,8,3,10,0,4,10,-2,2,10,10,sil
12.145365238189695,-2,-3,-8,1,8,-9,-6,5,7,4,-6,-7,2,0,sil
12.160429239273071,0,-1,1,-6,8,-10,-9,2,4,4,-3,0,2,4,sil
12.160429239273071,9,2,3,-4,8,-3,1,0,7,6,14,17,16,14,sil
12.176453828811646,14,2,0,0,-1,-8,-7,0,5,0,17,16,10,5,sil
12.176453828811646,8,0,0,-6,-7,-14,-20,-1,-19,-19,2,5,-11,-15,sil
12.192233800888062,-1,-2,-5,-17,0,-9,-6,-4,-33,-32,-1,5,-20,-25,sil
12.192233800888062,-5,0,0,-17,1,1,2,0,-20,-28,1,10,-15,-21,sil
12.20726990699768,0,9,-2,-4,-3,-3,-12,0,-16,-18,6,6,-13,-16,sil
12.20726990699768,4,12,8,10,0,-8,-24,0,-20,-4,14,4,-9,-11,sil
12.223183870315552,9,13,17,19,7,-1,-11,3,-4,4,22,16,6,5,sil
12.223183870315552,12,14,5,16,5,-3,-5,2,3,-1,15,13,18,15,sil
12.238879919052124,8,14,10,20,0,-2,-8,-1,-8,-4,0,-2,8,4,sil
12.238879919052124,0,2,5,26,1,13,2,-5,-9,7,0,-5,-1,1,sil
12.254594564437866,-12,-14,0,6,0,17,6,-1,-9,7,-5,-8,-7,5,sil
12.254594564437866,-25,-24,-5,-15,-10,5,-6,2,-19,-6,-21,-26,-15,-3,sil
12.270322561264038,-19,-21,-14,-13,-18,1,-2,-1,-2,0,-22,-29,-11,-4,sil
12.270322561264038,-6,-13,3,-6,-9,8,8,1,24,14,-11,-14,-2,8,sil
12.28622341156006,-7,-8,-4,-5,-2,10,8,3,23,9,-10,-10,-3,10,sil
12.28622341156006,-3,-5,-10,-6,0,10,15,0,11,6,-13,-9,-2,5,sil
12.301266431808472,6,-1,2,-5,8,15,26,0,11,13,-7,-1,0,6,sil
12.301266431808472,2,0,-13,-1,16,13,17,2,7,8,-7,-4,-1,5,sil
12.317058563232422,0,1,-7,2,7,6,6,4,12,0,-4,0,2,3,sil
12.317058563232422,10,10,8,2,3,4,16,3,27,7,10,14,15,9,sil
12.33344864845276,18,17,8,4,11,4,19,0,18,13,20,18,14,13,sil
12.33344864845276,18,19,13,15,12,-6,7,0,10,14,21,18,13,11,sil
12.34840989112854,16,9,5,19,1,-18,-1,-1,14,9,17,18,20,2,sil
12.34840989112854,2,-5,3,-1,-11,-17,-11,-7,-5,-13,-3,3,7,-8,sil
12.364386558532717,-11,-11,-5,-20,-16,-10,-20,-4,-24,-19,-13,-8,-5,-13,sil
12.364386558532717,-9,-6,-8,-13,-7,-14,-16,-1,-6,-1,0,-1,3,-5,sil
12.379058361053469,0,0,0,-11,-7,-16,-13,0,2,0,4,9,11,0,sil
12.379058361053469,-2,-2,-12,-13,-15,-7,-15,-2,-7,-6,1,8,4,-1,sil
12.39507222175598,0,2,0,-5,-9,0,-11,1,-5,2,14,11,2,-2,sil
12.39507222175598,7,10,11,2,4,-3,1,5,2,11,22,18,5,0,sil
12.411174058914185,4,8,4,7,9,-2,5,0,-4,3,12,8,0,-2,sil
12.411174058914185,-2,1,2,5,4,4,1,0,-14,-13,-2,-7,-13,-10,sil
12.426455736160278,-10,-5,-15,-9,-2,-3,-5,4,-14,-23,-17,-23,-25,-21,sil
12.426455736160278,-18,-10,-10,-19,-5,-10,-10,1,-17,-21,-25,-25,-27,-23,sil
12.442403078079224,-14,-8,2,-3,-1,0,-8,0,-14,-15,-13,-14,-16,-14,sil
12.442403078079224,0,0,0,7,3,6,-4,0,0,-11,-2,-6,-6,-3,sil
12.458747386932371,6,7,10,7,8,9,-1,1,5,-4,0,0,-5,5,sil
12.458747386932371,7,6,5,12,15,10,4,0,5,3,5,0,0,9,sil
12.473435163497925,5,0,1,13,12,9,9,0,5,2,6,0,7,6,sil
12.489070653915403,0,0,2,5,1,3,5,0,1,-3,-2,2,0,0,sil
12.489070653915403,-7,-4,-7,-1,-6,-4,0,-6,-1,-1,-2,-1,-11,-1,sil
12.489070653915403,-4,-2,0,2,1,2,6,-2,0,12,7,-7,0,5,sil
12.504092454910278,3,10,3,21,15,18,18,8,7,25,10,1,17,17,sil
12.504092454910278,5,8,8,21,2,11,10,3,4,18,-4,6,7,17,sil
12.521138191223145,0,-8,5,8,-6,8,1,-5,-1,10,-8,0,0,8,sil
12.522176027297974,-1,-11,-9,4,5,17,12,-1,0,17,4,1,10,6,sil
12.536561727523804,0,-2,2,-2,1,9,15,4,-1,8,-5,0,4,11,sil
12.536561727523804,0,0,0,-5,-10,-1,5,-2,-2,-3,-22,-9,-3,11,sil
12.551095724105837,0,-3,-5,0,-9,-3,1,-6,5,5,-10,-8,5,5,sil
12.566402435302734,-4,-7,-1,-9,-8,-7,1,3,8,8,-1,-4,6,0,sil
12.566402435302734,-4,-9,-4,-19,-9,-15,-5,2,0,-4,-6,-3,-3,-2,sil
12.58348274230957,0,-6,2,-12,-11,-15,-17,-3,-1,-6,-2,0,-5,-5,sil
12.58348274230957,-2,-5,-9,-13,-14,-12,-15,-2,0,-6,-6,-5,-5,-12,sil
12.598991632461548,-2,-4,-10,-21,-8,-7,-3,0,3,-13,-7,1,-1,-8,sil
12.598991632461548,8,1,7,-16,1,0,-2,-1,17,-7,7,20,8,0,sil
12.614343643188477,6,2,-1,-10,0,-2,-9,-3,22,2,13,14,11,-2,sil
12.614343643188477,2,4,5,-10,0,-10,-14,2,9,-6,11,12,9,-8,sil
12.614343643188477,21,13,13,2,4,-14,-15,0,-5,-18,24,27,8,-3,sil
12.629729509353638,30,23,7,12,3,-11,-15,-3,-20,-18,30,26,1,4,sil
12.631232738494871,16,22,8,7,2,-2,-14,2,-26,-14,27,18,3,7,sil
12.646613359451294,4,11,-1,6,9,0,-6,2,-16,-5,25,14,9,0,sil
12.646613359451294,2,7,7,18,16,6,8,0,-3,2,11,0,0,-4,sil
12.65990424156189,-1,10,3,27,21,17,22,5,9,8,1,-11,-2,-5,sil
12.677263259887695,-15,3,-9,17,19,13,20,7,14,10,-3,-14,0,-10,sil
12.677263259887695,-31,-9,-4,1,9,1,6,2,1,0,-21,-24,-18,-16,sil
12.693329334259031,-26,-17,-11,1,0,-2,8,0,-10,-3,-23,-27,-26,-12,sil
12.693329334259031,-11,-14,-1,8,-3,6,16,0,-14,7,-15,-17,-17,0,sil
12.693329334259031,-13,-7,0,8,-3,14,7,0,-12,14,-23,-14,-11,0,sil
12.70650601387024,-17,-9,-12,1,-2,9,0,-8,-1,10,-21,-16,-3,0,sil
12.72218418121338,-8,-14,-4,-9,-7,6,7,-5,6,11,-12,-15,1,6,sil
12.72218418121338,-5,-13,-6,-13,-12,7,11,2,9,16,-22,-22,-6,2,sil
12.73753571510315,-3,-10,0,-9,-10,5,6,5,12,14,-25,-17,-10,0,sil
12.73753571510315,6,-3,5,-9,-3,0,2,0,11,10,-4,4,3,10,sil
12.753578424453735,15,1,1,-13,-3,-8,-5,-5,7,1,9,12,15,17,sil
12.753578424453735,14,2,7,-18,-12,-14,-9,0,1,-10,7,11,14,9,sil
12.769209146499634,9,-3,-4,-14,-13,-13,-10,-1,-2,-11,0,12,6,3,sil
12.769209146499634,11,0,0,-1,-2,-11,-17,-6,-3,-13,0,15,0,8,sil
12.785285711288452,11,11,10,4,0,0,-16,-1,1,-18,14,17,2,5,sil
12.785285711288452,0,7,-1,-3,-5,5,-7,0,4,-11,20,9,5,-2,sil
12.80134415626526,-5,0,0,-7,0,0,-2,0,-3,-4,14,1,0,-2,sil
12.80134415626526,0,4,-1,3,8,-4,3,2,-11,-6,13,3,3,0,sil
12.818048238754272,3,11,6,9,6,-6,2,3,-5,-7,13,5,9,-3,sil
12.818048238754272,4,10,11,13,7,-2,-2,-1,0,1,12,4,3,-6,sil
12.818048238754272,3,6,-3,17,11,0,-1,-2,-3,11,10,5,0,-2,sil
12.832274675369264,0,5,0,12,7,1,-5,2,-3,6,-1,7,0,-1,sil
12.848302125930786,3,4,-2,10,1,0,-9,1,-1,-2,-1,7,1,0,sil
12.848302125930786,5,5,0,13,3,1,1,-1,0,2,10,11,4,3,sil
12.865259885787964,2,5,13,12,7,6,9,2,11,17,7,11,8,3,sil
12.865259885787964,6,2,5,7,0,2,6,2,14,15,-1,4,11,6,sil
12.865259885787964,8,0,4,-1,-5,0,8,0,4,0,0,3,8,5,sil
12.879351377487184,0,-2,-8,-6,3,0,17,2,8,0,1,-2,4,-2,sil
12.894413471221924,-5,-4,-7,1,4,-1,17,1,10,3,-8,-12,0,-4,sil
12.894413471221924,-8,-5,4,1,-8,0,8,-1,-6,-9,-12,-9,-10,-5,sil
12.909442663192747,-11,-14,-10,-17,-11,-2,-3,-5,-16,-22,-10,-12,-18,-17,sil
12.909442663192747,-9,-12,-3,-23,-3,-1,-13,-3,-14,-17,-14,-17,-14,-20,sil
12.925363779067991,-2,0,0,-8,2,8,-8,0,-9,0,-8,-7,-5,-2,sil
12.925363779067991,0,0,-8,-6,0,4,-5,0,-5,1,-5,-3,-9,5,sil
12.940401315689089,-10,-11,-1,-18,-7,-3,-11,0,-2,-14,-17,-16,-20,-6,sil
12.940401315689089,-19,-14,-5,-16,-2,5,-3,1,-1,-5,-18,-23,-17,-8,sil
12.956496238708496,-11,0,0,0,8,13,3,2,0,14,-9,-10,-12,4,sil
12.956496238708496,0,11,1,16,10,1,0,2,6,14,-4,0,-5,8,sil
12.972376346588137,5,5,0,12,6,-4,0,1,15,11,4,3,4,6,sil
12.972376346588137,4,0,4,2,0,2,2,1,5,9,14,4,2,3,sil
12.9880633354187,-8,-1,-9,2,-2,-3,0,-1,-9,-1,8,0,-5,-5,sil
12.9880633354187,-7,0,-3,1,0,-8,0,-1,-5,-4,4,0,4,-7,sil
13.003591775894163,5,6,0,0,-1,0,8,1,11,6,11,3,18,3,sil
13.003591775894163,2,5,-7,1,-6,2,6,0,7,2,2,-3,9,6,sil
13.0191912651062,1,-4,2,-2,-7,-2,-5,0,-5,-1,-5,0,1,1,sil
13.0191912651062,15,-5,4,1,-3,-8,-7,0,0,8,9,14,17,12,sil
13.034453630447388,18,1,13,7,-1,-9,-3,-1,1,6,14,14,22,22,sil
13.034453630447388,11,0,8,0,-2,-2,0,-2,-9,-7,1,8,9,10,sil
13.049591779708862,12,1,-3,0,-6,2,3,1,-10,-4,4,11,3,0,sil
13.049591779708862,9,4,6,3,-2,0,5,6,0,-1,5,9,1,5,sil
13.065009355545044,-2,-2,0,-13,2,0,3,0,8,-3,-1,3,0,2,sil
13.065009355545044,-7,-3,2,-24,-2,2,-3,-5,6,1,-3,5,2,-5,sil
13.081638097763062,-1,7,4,-3,0,6,-8,-1,-1,0,0,6,-2,-2,sil
13.081638097763062,-4,4,-7,13,8,2,-3,0,-1,-6,1,0,-10,1,sil
13.096750497817991,-10,-6,6,7,3,0,2,0,5,-5,0,-3,-8,-10,sil
13.096750497817991,-5,0,4,4,3,0,3,0,4,-3,-5,-8,-3,-20,sil
13.11244511604309,6,15,1,11,17,4,5,0,9,-1,-1,0,0,-7,sil
13.11244511604309,5,16,6,16,18,3,9,-2,13,4,8,12,4,2,sil
13.12803339958191,-3,5,-4,16,7,-3,4,-7,-3,-1,0,3,-3,-4,sil
13.12803339958191,-8,0,-1,7,1,-5,-5,-2,-20,-17,-13,-12,-12,-14,sil
13.14311408996582,-3,0,-6,1,-1,-3,-5,5,-8,-9,-6,-10,-4,-6,sil
13.14311408996582,6,1,0,4,-7,-3,-1,7,7,7,3,6,3,7,sil
13.15969944000244,5,-2,9,0,-16,-5,-6,5,1,6,3,6,0,3,sil
13.15969944000244,-8,-14,-11,-22,-15,-9,-11,-1,-13,-3,-5,-13,-9,-11,sil
13.176077604293823,-8,-15,-11,-31,-6,-4,-5,-2,-17,-8,-8,-12,-10,-10,sil
13.176077604293823,3,-1,-6,-9,-4,2,3,6,-1,0,5,5,5,8,sil
13.190220355987549,6,8,0,9,-2,5,4,5,7,8,17,3,12,12,sil
13.190220355987549,5,6,5,6,8,11,6,-5,1,16,13,-2,4,6,sil
13.205357313156128,5,-7,-3,-4,10,6,12,-4,6,20,8,-1,4,12,sil
13.22107982635498,-4,-19,-1,-17,-6,-6,2,5,18,5,-3,-8,0,8,sorry
13.22222638130188,-18,-15,-6,-18,-11,0,-11,1,15,-6,-20,-22,-14,-12,sorry
13.22222638130188,-10,-2,-8,-2,-1,12,-5,-3,-1,-4,-25,-18,-19,-15,sorry
13.236327171325684,1,2,1,2,0,7,9,-1,-16,-5,-16,-1,-9,0,sorry
13.252387762069702,-1,-3,-3,-4,-4,1,8,-5,-11,-6,-9,0,-2,5,sorry
13.252387762069702,-4,0,7,0,6,4,-3,-6,-3,2,-7,-2,0,1,sorry
13.253666400909424,0,11,6,13,16,0,-10,0,-7,11,6,8,9,4,sorry
13.269498348236084,7,15,-1,14,10,-3,-7,0,-2,9,15,17,11,11,sorry
13.270498752593994,11,7,7,12,5,5,4,-2,9,1,0,9,2,7,sorry
13.284026861190796,1,-5,-2,7,0,3,9,0,0,-5,-11,0,-1,0,sorry
13.301178216934204,-6,-6,2,-2,-7,-9,-5,1,-23,-11,-2,0,-2,-2,sorry
13.301178216934204,2,7,7,2,0,-5,-12,4,-16,-8,9,4,0,0,sorry
13.301178216934204,14,13,6,14,11,2,-2,7,15,4,16,10,14,9,sorry
13.317145586013794,11,10,15,10,1,-2,8,9,37,13,17,17,20,11,sorry
13.332025289535522,0,0,1,1,-7,-9,16,2,37,12,10,6,12,0,sorry
13.332025289535522,-6,-8,-1,-1,-4,-1,10,0,18,2,0,-8,2,-12,sorry
13.332025289535522,-3,-2,-1,2,-2,4,0,2,-3,-10,1,-2,0,-9,sorry
13.347113370895386,1,3,-7,1,-1,-3,0,-2,-20,-12,11,5,1,-5,sorry
13.347113370895386,3,0,3,-9,0,-9,-7,-5,-30,-7,10,2,2,-6,sorry
13.362318754196169,1,0,-1,-8,0,-10,-14,-2,-23,-9,4,3,0,-5,sorry
13.362318754196169,-4,0,-3,-6,-10,-9,-7,0,-7,-17,-5,5,-8,-4,sorry
13.3764967918396,-9,-8,-6,-23,-14,-1,-1,-1,5,-9,-14,-4,-12,-6,sorry
13.393157958984377,-5,-7,-10,-28,-5,3,-3,0,12,2,-3,-6,-8,0,sorry
13.393157958984377,0,3,6,-8,1,2,0,0,1,1,5,2,0,5,sorry
13.407294750213625,-1,4,0,6,4,0,0,-4,-14,0,-4,-2,0,0,sorry
13.407294750213625,0,4,-2,6,4,3,1,-2,-8,0,-13,-6,-2,3,sorry
13.42342233657837,6,5,2,9,1,3,6,0,14,7,-1,2,1,11,sorry
13.42342233657837,2,2,-5,14,1,3,5,-2,18,14,3,0,0,2,sorry
13.438839197158812,-9,0,-2,6,4,11,1,0,5,8,-11,-14,-13,-10,sorry
13.438839197158812,-7,-9,-10,-6,2,19,8,6,13,3,-20,-14,-12,-3,sorry
13.454506397247314,0,-15,-1,-7,-1,11,14,4,24,9,-4,-5,-5,3,sorry
13.454506397247314,-6,-6,6,2,-2,-4,1,-2,2,6,1,-5,-8,-4,sorry
13.470168113708496,-12,-4,-10,3,-3,-12,-17,-6,-24,-2,-8,-9,-9,-7,sorry
13.470168113708496,0,-7,1,-6,-1,-6,-14,1,-25,-8,-7,-3,-5,3,sorry
13.486217975616457,10,0,11,1,0,-2,4,3,-7,-3,3,4,6,6,sorry
13.486217975616457,7,9,7,20,6,-4,8,1,11,12,13,12,23,5,sorry
13.502432584762571,9,6,9,20,15,0,-1,2,12,18,23,19,24,10,sorry
13.502432584762571,14,2,2,12,9,1,-2,-2,-5,-1,16,12,11,9,sorry
13.517388343811035,8,4,6,6,-1,0,5,-3,-15,-12,2,5,10,2,sorry
13.517388343811035,-3,0,-5,-3,2,5,9,0,-8,-1,3,0,12,-1,sorry
13.533041000366213,-5,-3,-12,-9,0,1,-4,0,-14,-13,-5,-9,-7,-7,sorry
13.533041000366213,1,3,5,-1,-9,-4,-15,1,-15,-25,-17,-1,-16,-5,sorry
13.549078464508057,3,4,1,-5,-2,0,-3,4,7,-2,1,10,2,2,sorry
13.549078464508057,-2,0,0,-17,6,0,-1,-1,17,11,5,3,2,0,sorry
13.564496994018556,-5,-1,-1,-7,1,-9,-7,-3,8,5,-8,-6,-10,-6,sorry
13.564496994018556,-2,0,3,0,-7,-8,-1,3,6,5,1,-1,-2,-2,sorry
13.58009910583496,0,0,12,-9,0,0,1,6,10,10,12,2,0,2,sorry
13.58009910583496,-7,0,-7,-11,9,0,-3,-1,-1,6,-4,-2,-12,-3,sorry
13.595390558242798,-12,-4,-7,-8,-23,-4,-9,-8,-20,-9,-19,-9,-13,-10,sorry
13.595390558242798,-4,-4,-4,-6,-47,-4,-7,-5,-22,-27,-7,-6,-3,-10,sorry
13.611496686935425,2,5,-3,0,0,0,0,0,-6,-12,10,4,2,0,sorry
13.611496686935425,-1,5,3,-1,23,2,4,3,2,12,5,9,7,9,sorry
13.627372980117798,-1,-5,-6,-4,-20,2,6,-1,7,11,-8,0,4,10,sorry
13.627372980117798,11,1,4,16,-10,12,19,0,22,4,6,1,4,11,sorry
13.642834663391112,20,15,9,35,43,17,28,8,31,16,39,13,19,16,sorry
13.642834663391112,4,1,-9,15,27,1,5,0,8,7,21,4,14,1,sorry
13.65841031074524,-13,-10,-5,-8,-5,-8,-14,-6,-18,-25,-25,-14,-14,-22,sorry
13.65841031074524,-8,-1,-4,0,3,-3,-3,0,-5,-21,-23,-13,-15,-18,sorry
13.674420356750488,2,3,0,3,2,-4,7,7,10,1,0,2,1,0,sorry
13.674420356750488,-3,-2,0,-5,-8,-5,1,4,1,5,-3,3,0,4,sorry
13.690000295639038,-9,-1,-2,-1,3,3,1,-5,-4,9,-4,-3,-3,3,sorry
13.690000295639038,0,3,13,7,7,12,5,-1,1,19,5,2,0,5,sorry
13.705228090286257,0,-2,4,3,-2,4,0,1,0,7,-1,2,0,0,sorry
13.705228090286257,-4,-11,-1,-3,-2,-3,-6,0,-3,-5,-8,-6,-4,-3,sorry
13.72115421295166,1,-4,3,-1,0,-1,0,0,0,2,0,-8,-2,2,sorry
13.72115421295166,12,1,-1,1,2,0,5,0,2,11,-1,-1,-1,9,sorry
13.736593008041382,11,1,5,0,6,3,0,0,2,9,-3,1,0,6,sorry
13.736593008041382,6,1,-1,-1,2,2,-8,0,0,4,1,-1,4,-1,sorry
13.752136468887327,3,1,-1,-2,-7,-5,-13,-3,-11,-6,-4,-7,0,-6,sorry
13.752136468887327,-2,-3,0,-10,-7,-12,-13,-6,-14,-12,-10,-9,-7,-7,sorry
15.2162983417511,0,0,-3,0,1,-12,-17,0,-24,-15,-10,-2,-23,-16,sorry
15.2162983417511,11,4,-1,-1,1,-3,-1,0,-18,-11,-6,2,-13,-4,sorry
15.23131775856018,19,4,13,-9,-7,0,4,3,9,11,19,28,12,18,sorry
15.23131775856018,16,2,4,-10,0,4,14,2,25,26,25,26,19,22,sorry
15.247543096542358,8,0,2,-6,0,2,14,1,12,14,9,2,2,5,sorry
15.247543096542358,2,-4,4,-10,-11,3,1,3,-5,1,4,-1,-4,-2,sorry
15.263227462768556,0,-3,-9,-10,-5,4,-1,-4,-6,0,5,2,1,4,sorry
15.263227462768556,-6,-4,-2,-6,0,-3,0,-9,-10,-13,-8,-7,-2,1,sorry
15.27824592590332,-14,-8,-5,-6,-14,-14,-16,-3,-20,-30,-23,-16,-17,-16,sorry
15.27824592590332,-12,-3,-1,-3,-12,-5,-23,0,-19,-21,-17,-6,-14,-15,sorry
15.293863296508787,-3,3,7,7,14,7,1,0,-1,-6,-4,0,0,0,sorry
15.293863296508787,0,3,-2,9,13,1,18,0,4,-3,0,-7,3,1,sorry
15.309582948684692,0,7,4,13,-1,-1,8,4,-4,3,3,-6,0,0,sorry
15.309582948684692,0,7,-1,21,6,1,-1,4,-1,2,3,0,0,0,sorry
15.324179410934448,-4,0,-5,7,10,1,-8,0,6,-12,1,3,0,-8,sorry
15.324179410934448,0,4,7,-5,2,1,-6,0,5,-7,6,11,2,-6,sorry
15.33877730369568,4,13,-1,2,6,10,7,3,11,13,4,5,3,5,sorry
15.354467391967772,0,8,-5,6,9,13,11,7,18,13,-4,-9,-6,0,sorry
15.354467391967772,0,3,0,4,5,6,6,6,13,7,5,-4,-2,-1,sorry
15.370052576065063,8,7,11,6,6,2,0,-1,3,0,18,9,10,9,sorry
15.370052576065063,1,4,9,1,1,0,-13,-7,-8,-9,0,-1,2,0,sorry
15.385193347930908,-12,-7,-12,-5,-8,-6,-23,-9,-25,-12,-21,-24,-15,-20,sorry
15.385193347930908,-18,-15,-3,-10,-4,-4,-16,-5,-30,-17,-20,-25,-18,-22,sorry
15.401304244995115,-15,-14,-2,-6,4,8,5,-2,-9,-10,-8,-13,-2,-12,sorry
15.401304244995115,-2,-11,-9,-3,-1,7,21,2,10,13,-7,-4,6,3,sorry
15.41941499710083,4,-7,-1,-8,-10,0,21,8,17,27,-8,0,3,18,sorry
15.41941499710083,1,-12,-8,-12,-6,-4,21,1,17,22,-1,3,5,17,sorry
15.41941499710083,0,-19,0,-15,-9,-5,12,0,9,9,0,3,5,3,sorry
15.432136058807371,-2,-13,-2,-14,-9,-2,1,0,0,2,-7,0,-5,0,sorry
15.448097467422484,0,1,-6,-3,4,3,2,0,0,0,-3,1,-8,1,sorry
15.448097467422484,4,1,8,0,2,5,0,-1,0,1,7,5,0,-2,sorry
15.463163137435911,-2,-3,0,-3,-9,-4,-15,-6,-12,2,12,7,1,-3,sorry
15.463163137435911,1,3,2,4,-8,-7,-14,-8,-25,0,6,13,1,8,sorry
15.479249477386476,14,10,5,6,-3,-1,2,0,-12,-10,0,11,8,9,sorry
15.479249477386476,5,12,-3,-5,-3,-3,0,2,13,-14,-2,-2,6,0,sorry
15.4946551322937,-4,16,10,0,3,0,-2,8,22,-4,0,0,3,-2,sorry
15.4946551322937,4,10,6,14,10,4,7,8,19,4,11,14,13,1,sorry
15.509734630584717,10,11,3,16,3,-3,3,0,14,5,19,13,12,4,sorry
15.509734630584717,9,20,7,15,0,-11,-10,0,2,4,22,7,8,9,sorry
15.525007009506226,14,10,1,16,3,-7,-9,7,-1,3,16,8,14,13,sorry
15.525007009506226,16,3,8,20,8,-1,-2,6,2,0,0,7,7,7,sorry
15.541540384292604,6,7,4,24,6,0,0,-3,0,-2,-9,0,-12,0,sorry
15.541540384292604,-7,-6,0,8,4,0,0,-8,-18,-13,-15,-13,-25,-5,sorry
15.55710744857788,-10,-14,-7,-4,4,4,-1,-5,-26,-22,-18,-21,-24,-8,sorry
15.55710744857788,-7,-4,-19,2,1,7,0,-2,-18,-12,-7,-20,-15,-11,sorry
15.573161602020264,-14,-5,-3,-3,0,5,-6,-1,-11,-5,0,-11,-10,-13,sorry
15.573161602020264,-21,-13,0,-17,0,-1,-13,0,0,0,-2,-10,-4,-10,sorry
15.589213609695436,-11,-2,-1,-9,-2,-7,-10,-2,11,13,6,-3,6,-4,sorry
15.589213609695436,5,5,5,-2,-1,-1,-1,-1,9,9,16,15,8,-1,sorry
15.604363679885864,7,0,-5,-13,2,6,6,0,1,-1,5,15,3,-1,sorry
15.604363679885864,-2,-6,-8,-29,0,3,7,0,-1,0,-2,0,7,-2,sorry
15.620384693145752,-9,-9,1,-30,-9,-1,2,0,-5,-9,-3,-2,9,-1,sorry
15.620384693145752,-6,-7,10,-17,-10,3,3,1,-4,-16,-5,3,2,1,sorry
15.635811805725098,0,-1,-4,-6,-7,6,5,1,7,5,0,1,3,1,sorry
15.635811805725098,5,0,-12,-6,-5,0,2,0,12,24,7,0,9,4,sorry
15.651402950286863,10,3,8,0,4,6,2,0,8,19,0,1,8,7,sorry
15.651402950286863,6,6,0,13,13,11,7,0,8,13,-12,-6,1,1,sorry
15.667316198349,0,1,-1,5,4,1,5,1,0,3,-22,-7,-10,0,sorry
15.667316198349,3,-3,5,4,-2,0,6,3,0,0,-12,2,-10,3,sorry
15.682184219360352,12,-1,-7,25,3,5,11,0,15,14,7,5,3,15,sorry
15.682184219360352,7,2,13,22,0,3,6,2,16,13,4,0,0,17,sorry
15.698060750961304,-6,0,8,2,-4,-3,3,5,5,1,-4,-5,-15,0,sorry
15.698060750961304,-7,-4,-8,2,0,-9,1,-5,9,0,1,-3,-10,-8,sorry
15.714115142822266,2,2,8,7,1,-3,-2,-3,3,-7,1,-1,0,-1,sil
15.714115142822266,2,6,-2,9,1,1,-6,2,-20,-28,-8,-7,-8,-7,sil
15.73015308380127,-1,0,-2,6,0,-3,-10,0,-24,-34,-7,-5,-12,-13,sil
15.73015308380127,-4,-9,0,-12,-5,-11,-8,-3,-5,-10,1,3,6,-1,sil
15.745288372039797,-8,-3,-9,-22,-5,-5,-8,-3,-8,2,-2,0,4,0,sil
15.745288372039797,-4,13,2,1,4,6,-11,-2,-24,-11,-9,-4,-13,-12,sil
15.761313199996948,0,11,0,16,0,0,-8,-2,-15,-14,0,3,-2,-7,sil
15.761313199996948,-5,-4,-4,-5,-17,-15,-11,-1,-8,0,14,13,12,3,sil
15.777108430862429,-5,-2,-3,-17,-8,-8,-10,6,-11,7,20,11,15,4,sil
15.777108430862429,3,4,-2,-1,8,4,5,9,0,11,18,2,27,5,sil
15.792167901992798,8,4,9,1,5,0,10,4,13,18,14,6,29,9,sil
15.792167901992798,7,3,4,0,3,-4,4,-1,13,18,18,12,13,8,sil
15.80822205543518,3,5,0,2,8,-2,3,0,3,0,11,2,3,0,sil
15.80822205543518,-2,-1,-3,-3,0,0,1,-1,0,-12,-9,-11,-4,-11,sil
15.823989152908323,0,-7,-4,-8,-6,0,-1,-4,7,-6,-13,-7,-12,-6,sil
15.823989152908323,9,2,11,2,5,4,-1,-2,10,-1,-2,0,-7,4,sil
15.840023756027222,4,3,0,6,6,3,-1,0,0,-7,-4,-4,-8,0,sil
15.840023756027222,1,-3,-3,-3,0,2,0,0,-3,-6,-4,0,-16,-6,sil
15.855993509292604,4,0,2,2,2,10,5,0,4,2,0,6,-14,0,sil
15.855993509292604,-4,0,-2,8,1,9,12,-2,10,5,-10,-4,-8,3,sil
15.872061491012571,-12,-11,2,-8,-1,7,8,0,13,4,-19,-10,-9,2,sil
15.872061491012571,-8,-10,-7,-11,0,4,3,3,17,9,-8,-2,-13,1,sil
15.887603521347046,-2,1,-1,6,2,0,0,1,11,14,1,0,-16,2,sil
15.887603521347046,0,2,7,14,0,-1,-7,-1,-2,12,3,0,-13,9,sil
15.903246879577637,-1,-1,-5,7,0,-2,-13,0,-11,0,1,-2,-5,1,sil
15.903246879577637,-3,0,4,2,0,-1,-3,5,-8,-3,1,0,-14,-11,sil
15.91828727722168,0,4,7,3,0,0,12,2,-2,5,2,5,-17,-3,sil
15.919286727905272,1,1,3,4,0,0,9,-4,-7,3,-2,0,41,7,sil
15.933430910110474,0,-3,1,-1,0,2,-2,-1,-9,-4,-2,-5,100,6,sil
15.933430910110474,0,-6,-13,-10,0,1,-1,0,-2,2,0,-4,52,3,sil
15.94948434829712,-2,-4,-5,-10,-4,0,2,-5,-9,1,-12,-3,-22,-2,sil
15.94948434829712,-1,0,1,5,-4,3,10,-4,-13,-8,-11,0,-12,-1,sil
15.965143203735352,8,4,0,8,-4,0,14,1,2,-6,6,4,13,7,sil
15.965143203735352,9,-2,1,-6,-9,-8,9,3,15,4,8,0,2,7,sil
15.981315612792969,5,-6,-1,-8,-12,-8,8,7,18,9,5,4,-2,9,sil
15.981315612792969,10,1,11,-4,-6,-3,3,10,17,0,12,18,-4,10,sil
15.996620655059814,0,-2,-2,-20,-3,-9,-12,0,3,-20,7,9,-17,-10,sil
15.996620655059814,-10,-11,-16,-30,-5,-16,-25,-8,-9,-28,-1,-3,-19,-23,sil
16.012181043624878,0,0,0,-16,-6,-8,-26,-1,-9,-21,4,5,-11,-14,sil
16.012181043624878,4,10,-3,-2,3,-2,-23,0,-11,-10,14,9,-12,-14,sil
16.0282723903656,-5,11,1,6,15,0,-18,-6,-19,-6,8,-2,-17,-16,sil
16.0282723903656,-3,16,11,21,13,5,-1,-3,-6,-2,1,-9,-12,-1,sil
16.044243812561035,3,12,2,30,11,5,6,1,3,4,0,-5,-9,4,sil
16.067243337631226,-3,2,2,24,15,5,1,4,-10,2,-3,-5,-14,-4,sil
16.067243337631226,-11,5,0,18,4,1,-2,0,-19,-3,-12,-13,-13,-7,sil
16.067243337631226,-9,6,-3,10,-5,-2,-2,-8,-7,0,-15,-13,-7,0,sil
16.068243980407715,-3,-2,-5,2,0,2,0,-1,4,13,-12,-1,0,1,sil
16.074659824371338,-3,-7,2,0,0,8,3,12,10,18,-9,1,10,0,sil
16.09048867225647,-6,-4,1,0,-5,8,9,8,14,13,-2,-3,16,4,sil
16.09048867225647,-3,-1,-11,1,6,4,18,0,18,16,5,-1,20,14,sil
16.10613751411438,11,2,11,5,15,12,24,3,20,34,12,8,29,24,sil
16.10613751411438,20,0,15,3,5,15,20,0,9,32,16,13,27,18,sil
16.121388912200928,7,-9,-5,-10,-4,1,5,-6,-8,-3,10,5,9,3,sil
16.121388912200928,-2,-13,0,-24,-8,-4,0,-3,-2,-20,-1,2,1,1,sil
16.138190507888794,-2,-15,-5,-26,-9,0,6,0,14,0,-6,0,8,6,sil
16.138190507888794,-10,-20,-6,-31,-12,-2,3,0,0,0,-11,-12,0,0,sil
16.154248237609863,-17,-13,-6,-24,-11,-1,0,0,-13,-18,-18,-14,-15,-9,sil
16.154248237609863,1,-1,-6,2,-2,2,10,-2,-1,-11,-16,1,-16,0,sil
16.168269157409668,14,7,12,18,5,-1,11,0,8,-4,-13,7,-11,6,sil
16.184319972991943,3,6,0,11,4,-10,-3,1,2,-10,-4,-2,-5,0,sil
16.184319972991943,2,4,-3,4,0,-13,-14,3,0,-6,12,0,4,-3,sil
16.184319972991943,9,8,12,10,-2,-12,-11,1,-2,-5,17,16,0,-3,sil
16.20035147666931,2,11,3,16,-2,-8,-3,-3,-2,-15,3,16,-9,-11,sil
16.20035147666931,0,7,2,0,-3,-1,-3,-2,4,-8,5,10,0,-9,sil
16.21703338623047,5,1,-2,-11,-9,-8,-11,3,14,11,29,11,18,2,sil
16.21703338623047,8,6,-1,0,-12,-15,-20,1,1,8,31,10,14,1,sil
16.231571674346924,9,13,8,9,-3,-4,-21,-1,-14,0,15,9,0,-4,sil
16.231571674346924,11,11,0,5,8,1,-16,0,-6,10,14,9,4,1,sil
16.24818205833435,14,16,7,13,14,3,-10,1,-2,14,7,3,8,7,sil
16.24818205833435,7,16,3,23,14,9,-1,-6,-18,-3,-10,-8,-8,-1,sil
16.26303482055664,-8,-3,-4,15,12,9,1,-12,-31,-23,-21,-19,-29,-10,sil
16.26303482055664,-19,-13,-1,5,9,9,4,-3,-25,-18,-24,-24,-29,-14,sil
16.28006410598755,-24,-9,-15,-2,7,15,10,2,-11,-1,-25,-29,-22,-13,sil
16.28006410598755,-35,-17,-13,-15,2,16,7,-1,-6,-3,-24,-30,-22,-12,sil
16.294190406799316,-39,-25,-10,-16,0,15,4,-2,-2,-6,-29,-29,-15,-12,sil
16.312259912490845,-25,-18,-10,-17,-1,15,11,4,10,4,-33,-23,-1,-3,sil
16.312259912490845,-3,-11,-4,-22,-4,10,26,12,25,20,-12,-7,13,13,sil
16.312259912490845,6,-9,-9,-18,-10,-3,29,11,40,32,15,13,31,25,sil
16.326292037963867,7,-6,0,-26,-14,-17,9,5,42,28,20,22,33,24,sil
16.326292037963867,14,-1,1,-34,-13,-18,-2,1,33,14,17,21,25,16,sil
16.342036724090576,25,10,1,-9,-8,-16,3,1,22,10,24,26,24,13,sil
16.357543230056763,24,18,16,3,-7,-18,-6,0,9,-3,25,29,18,4,sil
16.357543230056763,20,11,10,-2,-3,-14,-16,-6,-5,-22,17,17,5,-2,sil
16.357543230056763,17,13,17,12,14,2,-1,-10,-17,-21,13,7,-4,-6,sil
16.374088764190674,6,18,14,32,23,10,0,-4,-25,-12,5,5,-11,-13,sil
16.374088764190674,0,9,0,23,6,-2,-18,2,-32,-14,-4,0,-14,-9,sil
16.390315055847168,0,1,9,13,-1,-7,-21,0,-35,-23,-6,-7,-17,-2,sil
16.390315055847168,-9,-2,-3,17,6,3,-6,-7,-28,-21,-8,-13,-23,-14,sil
16.405999422073364,-18,0,-15,22,6,15,5,-5,-12,-7,-15,-12,-21,-15,sil
16.405999422073364,-13,0,-4,20,0,11,7,3,0,3,-17,-8,-12,0,sil
16.421076774597168,-3,-5,2,9,-5,1,0,1,5,5,-10,-3,-4,5,sil
16.421076774597168,3,-3,7,4,-5,2,0,3,12,20,3,7,8,6,sil
16.437341928482056,12,7,0,12,3,0,11,6,17,36,21,18,26,20,sil
16.437341928482056,16,8,3,5,6,-7,15,1,15,26,24,16,29,25,sil
16.44949245452881,7,0,8,-5,-2,-6,5,0,13,12,11,9,19,12,sil
16.465541124343872,-4,-3,-5,0,-3,-2,-3,0,9,6,-1,1,5,-2,sil
16.465541124343872,-9,-7,-5,-10,0,-2,-12,-9,-2,-2,-8,-5,-4,-8,sil
16.48155951499939,-10,-16,-12,-33,-10,-1,-19,-5,-7,-6,-8,-14,-2,-5,sil
16.48155951499939,-13,-18,-12,-25,-14,3,-15,4,-5,-9,-12,-17,-5,-8,sil
16.49715256690979,-9,-8,-1,-8,0,11,0,2,-3,-15,-18,-14,-18,-12,sil
16.49715256690979,-2,-6,-4,-16,0,10,6,-3,0,-17,-16,-15,-20,-11,sil
16.512423038482666,0,-3,-2,-19,-3,2,0,0,0,-15,-11,-19,-12,-11,sil
16.512423038482666,4,8,-4,1,12,0,2,2,0,-6,-2,-9,-10,-5,sil
16.52777862548828,7,10,4,4,14,0,6,1,3,4,7,6,0,6,sil
16.52777862548828,2,3,6,-5,-3,-3,2,0,4,5,7,6,12,5,sil
16.543455600738525,0,-1,-6,-8,-3,-4,5,0,0,0,5,-1,6,0,sil
16.543455600738525,0,-3,2,-6,0,2,12,3,2,0,6,2,0,0,sil
16.559489727020264,0,-2,0,5,-5,0,11,6,9,6,2,9,3,0,sil
16.559489727020264,-3,4,0,11,-6,-12,0,1,-1,2,-1,4,0,0,sil
16.57532286643982,-2,11,5,1,0,-10,-5,0,-13,-3,4,7,-1,-6,sil
16.57532286643982,0,8,-4,2,0,-1,-3,-2,2,0,13,11,1,-7,sil
16.591434955596924,-1,3,1,5,0,-3,-8,-3,6,0,5,6,2,0,sil
16.591434955596924,-6,0,1,3,3,-5,-15,-1,-11,-4,-2,0,5,3,sil
16.60935139656067,5,4,5,15,12,0,-6,1,-12,-1,0,4,8,8,sil
16.60935139656067,14,10,16,24,17,9,9,5,3,5,6,12,7,14,sil
16.60935139656067,3,-2,-1,6,4,8,8,1,6,7,8,10,10,14,sil
16.62239718437195,2,-8,4,-11,-6,4,-1,-2,-2,3,1,1,7,6,sil
16.638365268707275,11,1,8,3,1,4,1,-1,-3,5,-7,-3,0,-5,sil
16.638365268707275,0,-1,-7,10,5,0,8,2,0,4,-12,-7,-6,-11,sil
16.653711557388306,-10,-15,-5,-12,-10,0,-1,0,0,-5,-13,-9,-9,-8,sil
16.653711557388306,-5,-14,-4,-20,-16,0,-7,-6,-9,-5,-10,-8,-14,-7,sil
16.66950297355652,-4,-2,0,-7,-7,1,-5,-7,-16,-2,-9,-9,-16,-8,sil
16.66950297355652,-5,3,-3,-1,-4,1,-3,-2,-12,-11,-5,-6,-13,-2,sil
16.685027599334717,7,5,-6,2,-6,-1,0,0,4,-4,5,3,-1,8,sil
16.685027599334717,11,8,2,1,0,0,1,8,24,15,13,10,8,18,sil
16.70111083984375,-1,6,-7,-2,10,2,1,9,25,11,7,0,4,12,sil
16.70111083984375,-2,2,2,9,10,5,1,0,4,-4,1,-10,-2,-3,sil
16.71624755859375,0,0,8,20,6,3,-2,-7,-5,-5,1,-4,0,-9,sil
16.71624755859375,-6,1,-5,6,0,-4,-10,-2,-2,-9,-3,-5,-4,-6,sil
16.732494354248047,-6,2,0,0,-8,-5,-6,0,-9,-23,-12,-9,-13,-11,sil
16.732494354248047,-2,0,-3,0,-7,0,3,0,-5,-9,-2,-1,0,-11,sil
16.748015880584717,0,0,2,0,3,0,8,2,14,20,17,16,24,7,sil
16.748015880584717,3,3,11,0,6,-7,3,0,15,23,25,23,28,23,sil
16.763627767562866,2,-2,-6,0,0,-11,-3,-3,-1,6,13,8,13,11,sil
16.763627767562866,-2,-2,-2,-4,-4,-4,0,2,-5,2,0,-1,6,-6,sil
16.77920126914978,0,-1,0,-4,-8,0,11,4,6,15,3,2,8,-1,sil
16.77920126914978,3,-9,0,-12,-5,0,10,-1,4,14,5,5,2,4,sil
16.79445791244507,0,-9,-3,-16,1,6,-1,-1,-10,-1,-7,-3,-6,-3,sil
16.79445791244507,-5,-3,-6,-2,3,8,-3,-1,-18,-13,-16,-13,-13,-12,sil
16.81007719039917,4,-1,6,5,0,4,0,-3,-16,-14,-12,-6,-17,-9,sil
16.81007719039917,12,3,0,0,0,0,6,1,-9,-6,-7,3,-9,0,sil
16.825178384780884,3,3,-2,-4,3,-1,0,3,-3,-8,-11,1,-2,0,sil
16.825178384780884,0,-1,7,-2,0,0,-5,-3,0,-13,-14,-1,-5,-3,sil
16.841203451156616,2,0,2,8,0,0,0,-3,7,0,-3,2,1,6,sil
16.841203451156616,0,5,5,8,1,-3,0,3,4,3,1,0,3,12,sil
16.856460332870483,-8,-1,-6,-9,0,-7,-10,0,-4,-12,-13,-17,-16,-7,sil
16.856460332870483,-8,-5,-13,-12,0,-2,-11,-4,-2,-9,-21,-17,-22,-18,sil
16.872110843658447,0,-1,2,2,2,8,-3,0,8,9,-4,0,-3,-7,sil
16.872110843658447,5,2,1,7,1,5,-1,0,15,9,12,0,8,5,sil
16.88807487487793,3,7,6,2,0,2,1,4,16,6,16,0,10,13,sil
16.88807487487793,-1,4,2,6,0,12,13,6,12,9,15,9,10,8,sil
16.90329623222351,0,-1,0,5,0,11,11,-1,4,5,13,12,5,5,sil
16.90329623222351,6,1,10,-2,0,0,0,-2,5,7,16,12,11,12,sil
16.918445110321045,0,0,-2,-4,2,-5,-1,-2,4,15,17,6,18,3,sil
16.918445110321045,-18,-3,-6,-6,0,-7,-5,-5,-9,2,0,-11,0,-15,sil
16.93349266052246,-19,-2,-6,-7,-3,-11,-13,1,-12,-15,-13,-17,-15,-17,sil
16.93349266052246,-1,1,-5,0,-4,-11,-3,6,-1,-14,-3,-2,-2,-7,sil
16.94905424118042,5,7,6,10,-1,-1,10,1,-1,0,11,8,7,4,sil
16.94905424118042,5,2,-1,11,1,0,9,0,-6,4,6,4,2,11,sil
16.964608669281006,6,-2,3,4,0,-5,-2,1,-10,-5,-2,6,0,5,sil
16.982012510299683,5,5,7,11,-4,-7,-10,0,-11,-8,8,16,5,2,sil
16.982012510299683,6,8,3,17,-3,-1,-9,-3,-12,-6,11,14,2,8,sil
16.982012510299683,6,-4,8,1,5,5,1,-1,-13,-6,-9,0,-12,5,sil
16.9970805644989,-1,-13,-4,-12,11,10,11,1,2,7,-13,-5,-6,1,sil
17.01258158683777,-7,-11,-5,-6,1,6,7,2,22,16,-4,-6,2,-1,sil
17.01258158683777,-3,-7,-2,-2,-9,-1,1,0,19,2,-10,-3,-3,-9,sil
17.01258158683777,3,-1,-3,0,-4,-1,5,0,4,0,-9,3,0,0,sil
17.02831482887268,9,4,6,4,0,3,5,5,-4,10,0,4,12,9,sil
17.02831482887268,3,0,-4,-1,-9,-2,-6,0,-9,0,-3,-13,1,-6,sil
17.044004917144775,-6,-4,-6,-14,-16,-6,-18,-11,-15,-23,-16,-21,-20,-20,sil
17.044004917144775,-5,-2,-4,-12,-3,0,-16,-2,-14,-19,-15,-14,-20,-13,sil
17.0571231842041,-3,-2,-9,-7,1,0,-7,2,-1,-1,-7,-13,-8,-10,sil
17.07545495033264,-9,-3,2,-11,-5,-2,-3,-2,8,4,0,-8,0,-9,sil
17.07545495033264,-3,0,-3,-7,0,3,0,-4,10,2,3,0,2,1,sil
17.07545495033264,7,8,1,6,13,7,5,0,4,2,6,6,1,5,sil
17.08800506591797,3,14,11,13,14,6,7,0,1,1,11,12,7,3,sil
17.103118181228638,0,11,-2,7,12,4,8,-3,-1,-4,9,8,5,5,sil
17.103118181228638,0,3,1,-1,17,2,11,5,-5,-6,-2,0,-4,0,sil
17.118287086486816,0,0,4,0,15,0,18,10,0,3,4,6,2,1,sil
17.118287086486816,2,0,7,5,4,1,19,2,9,13,18,13,15,13,sil
17.13438081741333,3,-1,8,2,-3,1,12,0,7,12,7,1,10,9,sil
17.13438081741333,2,-2,-2,1,-4,0,6,1,7,15,2,-1,7,2,sil
17.1499240398407,5,0,7,2,0,1,3,4,13,14,10,10,10,8,sil
17.1499240398407,0,0,1,2,1,1,-3,0,13,0,6,8,8,9,sil
17.165510177612305,0,1,-1,6,-6,-6,-13,-2,7,-6,0,6,5,4,sorry
17.165510177612305,11,6,8,14,-9,-7,-13,0,6,9,10,17,13,13,sorry
17.18108296394348,10,-1,-3,5,-3,0,-9,-1,9,19,12,8,14,17,sorry
17.18108296394348,-5,-11,-5,-11,-5,0,-14,-3,2,1,-1,-11,-5,-2,sorry
17.196484327316284,-11,-6,-10,-8,-10,-9,-17,0,-7,-12,-15,-19,-23,-21,sorry
17.196484327316284,-11,-5,-11,-6,-13,-17,-13,0,-18,-15,-18,-19,-23,-18,sorry
17.21220326423645,-17,-10,-4,-15,-14,-9,-9,-3,-22,-19,-18,-20,-28,-21,sorry
17.21220326423645,-15,-8,-8,-12,-6,-4,-4,-4,-21,-19,-22,-19,-27,-23,sorry
17.227296352386475,-7,-6,0,-10,0,-4,-4,0,-18,-16,-21,-7,-9,-12,sorry
17.227296352386475,-7,-6,-3,-13,-1,0,-3,2,-9,-12,-9,0,1,-4,sorry
17.243680238723755,3,6,0,7,7,14,7,0,-1,2,2,3,7,4,sorry
17.243680238723755,24,16,20,23,17,21,15,1,1,10,6,10,10,9,sorry
17.2593412399292,7,1,0,4,0,3,4,-1,-9,-5,0,6,-7,-6,sorry
17.2593412399292,-15,-8,-7,-9,-17,-6,-5,-4,-18,-17,-6,-1,-17,-12,sorry
17.274420261383057,-3,0,0,0,-3,8,5,0,-1,-2,0,5,3,8,sorry
17.274420261383057,13,6,-2,7,9,10,12,0,11,11,9,16,14,14,sorry
17.29047966003418,10,4,3,2,2,-3,4,-1,0,9,16,16,11,6,sorry
17.29047966003418,5,1,4,3,2,-4,6,4,0,1,17,9,17,5,sorry
17.306031703948975,5,0,8,4,16,1,10,6,12,0,9,0,13,4,sorry
17.306031703948975,5,5,1,4,18,5,7,2,19,15,8,-3,7,8,sorry
17.32147216796875,4,5,-7,6,5,3,7,0,22,23,9,-3,9,11,sorry
17.32147216796875,0,2,10,6,-1,-2,6,0,19,15,4,0,5,3,sorry
17.337594985961914,3,1,8,6,1,-6,4,0,11,18,14,8,8,6,sorry
17.337594985961914,9,6,5,7,6,-2,0,0,0,8,10,5,9,10,sorry
17.353527069091797,-1,7,0,5,4,-4,-7,1,-12,-20,-11,-6,-6,-5,sorry
17.353527069091797,-8,1,-7,-3,-7,-12,-16,-1,-14,-19,-12,-7,-13,-6,sorry
17.368549823760986,-5,-2,1,-15,-12,-8,-20,0,-4,-8,-2,-2,-8,0,sorry
17.368549823760986,-5,1,-3,-16,1,2,-14,0,1,-16,-2,-7,-8,-9,sorry
17.38447666168213,-1,8,0,-7,6,5,-3,1,-1,-8,-1,-3,-4,-11,sorry
17.38447666168213,-1,1,-3,-3,-6,0,3,4,-3,6,-7,-2,-5,-6,sorry
17.399983882904053,-14,-12,-17,-7,-12,-2,0,-2,0,-2,-25,-17,-17,-13,sorry
17.399983882904053,-13,-9,0,-8,-5,1,-1,-4,4,-9,-25,-16,-12,-7,sorry
17.415421962738037,0,-4,-3,-8,-6,3,7,0,0,3,-8,-1,3,8,sorry
17.415421962738037,0,-16,-8,-13,-12,0,4,-5,-6,8,-5,2,4,4,sorry
17.431299686431885,0,-18,2,-4,-4,0,-4,-4,-1,6,0,5,0,0,sorry
17.431299686431885,8,-1,3,18,5,3,0,2,4,10,14,8,2,8,sorry
17.446649074554443,11,5,8,20,0,4,10,2,-1,11,15,12,13,7,sorry
17.446649074554443,0,-3,0,6,0,5,8,0,-2,6,8,11,11,0,sorry
17.462242126464844,-4,-5,-2,6,13,4,-2,1,-1,4,10,6,0,0,sorry
17.462242126464844,1,4,5,19,9,0,-10,5,-5,7,15,10,3,0,sorry
17.477791786193848,5,1,0,18,-4,-4,0,0,0,7,15,14,15,5,sorry
17.477791786193848,-4,-1,5,5,-2,0,5,-1,5,-3,0,1,2,6,sorry
17.493362426757812,-10,9,-5,0,0,0,1,1,2,-10,-8,-9,-6,-1,sorry
17.493362426757812,0,2,-10,-8,-6,-3,0,3,5,-2,0,-3,0,-3,sorry
17.508734703063965,3,-14,3,-19,-10,0,3,0,6,-9,-1,-7,-5,-3,sorry
17.508734703063965,-9,-6,-6,-12,-6,0,4,-11,-1,-30,-24,-26,-20,-16,sorry
17.524341344833374,-12,5,-4,-14,-2,-3,-1,-5,-10,-26,-27,-21,-13,-19,sorry
17.524341344833374,15,0,10,-28,1,0,0,8,-6,0,-2,0,0,0,sorry
17.53990936279297,31,16,14,-13,10,2,0,7,-1,10,8,3,-1,8,sorry
17.53990936279297,5,39,9,22,24,0,-6,1,-9,3,0,-2,-12,0,sorry
17.55565619468689,-15,18,-9,24,18,-3,-6,-3,-17,-5,-1,0,-13,-5,sorry
17.55565619468689,-4,-7,-2,-1,0,1,0,-3,-10,-15,2,5,-9,1,sorry
17.57260489463806,1,-4,1,0,1,8,3,3,-4,-9,1,2,-1,4,sorry
17.573608875274658,-3,2,0,14,9,0,1,0,-11,-1,1,1,3,0,sorry
17.586307048797607,0,1,7,-4,-4,-8,-5,-5,-4,-3,2,7,3,0,sorry
17.586307048797607,4,-2,0,-7,-11,-7,-10,0,16,5,5,9,14,3,sorry
17.60235857963562,0,-5,2,15,-3,-5,-9,6,25,23,15,10,32,7,sorry
17.60235857963562,1,0,1,8,0,0,-1,1,23,30,29,17,34,15,sorry
17.619969367980957,7,1,-11,-13,-2,3,0,-2,12,23,18,10,17,14,sorry
17.619969367980957,2,-5,-2,-8,-11,-5,-5,0,-5,1,-11,-9,-5,-4,sorry
17.633623838424683,-4,-9,0,0,-11,-10,-1,0,-4,-10,-15,-12,-8,-11,sorry
17.633623838424683,0,-6,7,-5,-2,0,8,1,8,6,5,6,7,3,sorry
17.64925742149353,7,-6,0,-5,-1,1,11,2,15,21,9,12,14,10,sorry
17.665708303451538,3,-3,-11,1,-6,-4,9,0,19,15,-1,0,4,5,sorry
17.6667058467865,0,1,7,7,5,7,5,3,14,13,0,0,0,1,sorry
17.68155813217163,0,-5,1,11,21,17,0,3,1,10,1,0,0,-4,sorry
17.68155813217163,0,-12,-1,5,9,5,1,-3,-3,-7,-5,0,-5,-6,sorry
17.68155813217163,-7,-3,-3,-2,-7,-1,8,-6,-1,-12,-10,-3,-6,0,sorry
17.697164058685303,-14,-4,-17,-4,-8,1,5,-4,-5,-12,-19,-17,-18,-5,sorry
17.712185382843018,-18,-12,-5,-7,-4,1,-4,-2,-18,-32,-35,-30,-40,-14,sorry
17.712185382843018,-22,-12,-8,-16,-8,0,-3,-4,-24,-35,-34,-30,-37,-13,sorry
17.728416204452515,-14,-2,-10,-14,-7,6,0,-6,-20,-19,-18,-17,-15,-8,sorry
17.729416370391846,6,13,8,4,-1,8,0,-1,-14,-13,0,2,-4,-6,sorry
17.729416370391846,9,16,9,13,1,-4,-4,2,-10,-6,15,7,0,0,sorry
17.743947982788086,0,9,9,5,6,-7,-12,2,-9,7,16,3,7,3,sil
17.743947982788086,5,13,6,17,11,1,-5,1,0,13,16,7,11,3,sil
17.75850200653076,19,17,5,27,9,0,4,1,9,6,14,11,5,2,sil
17.776475429534912,13,8,6,4,7,-3,1,5,5,3,8,12,5,1,sil
17.776475429534912,-2,-7,-6,-21,5,-3,-1,0,-2,9,7,9,12,1,sil
17.776475429534912,-4,-8,0,-19,-3,-6,0,-4,-8,3,2,5,2,0,sil
17.79003930091858,7,0,3,-2,-7,-10,0,0,-11,-10,2,5,-4,0,sil
17.79003930091858,11,3,0,1,-1,-7,-3,4,-1,-4,11,11,9,7,sil
17.807106971740723,3,3,6,-3,1,0,-2,3,16,16,13,14,15,13,sil
17.823244333267212,8,9,4,1,3,5,3,1,23,20,12,15,11,16,sil
17.823244333267212,13,10,5,0,0,6,7,0,16,3,9,8,18,7,sil
17.823244333267212,-5,-6,-7,-12,-5,4,9,2,11,-4,-3,-8,16,-14,sil
17.83928418159485,-16,-10,-10,-10,0,3,11,3,10,2,-9,-11,0,-14,sil
17.83928418159485,0,3,3,4,8,5,9,0,12,11,-2,1,1,8,sil
17.85442304611206,7,2,-4,4,3,0,0,-4,10,8,0,4,7,12,sil
17.86904287338257,1,0,0,4,-2,-6,-11,-2,-1,-2,-6,-2,-2,-2,sil
17.86904287338257,4,3,3,16,-1,-7,-13,2,-4,-1,-5,-5,-6,0,sil
17.88603949546814,2,-2,-5,7,-1,-8,-6,1,5,10,2,-6,0,8,sil
17.88603949546814,-5,-13,-1,-10,-2,-7,-7,0,2,4,-8,-9,-7,0,sil
17.88603949546814,-4,-10,-4,-7,-8,-4,-9,-3,-11,-19,-29,-10,-20,-13,sil
17.900125741958618,-7,-6,1,-4,-11,0,-7,-5,-22,-26,-18,-5,-20,-11,sil
17.900125741958618,-14,-6,-3,-3,0,6,-4,-6,-16,-9,7,-1,-7,-6,sil
17.91818928718567,-9,-2,-9,2,4,3,-7,-4,-6,0,7,-2,0,-3,sil
17.91818928718567,-15,-6,4,-4,-12,-4,-18,0,-19,-11,-10,-10,-15,-12,sil
17.934010982513428,-31,-17,-11,-16,-18,-6,-17,-4,-33,-21,-15,-25,-30,-24,sil
17.94703769683838,-12,0,-3,-2,2,2,4,-2,-14,-4,-2,-15,-9,-7,sil
17.94703769683838,8,17,13,16,17,13,17,7,3,16,11,7,12,11,sil
17.964309453964233,-1,1,0,12,6,10,4,4,-6,4,6,5,2,2,sil
17.964309453964233,1,0,3,11,0,9,2,-1,-8,-7,0,0,-1,0,sil
17.964309453964233,23,15,6,23,16,16,19,0,15,10,10,14,18,16,sil
17.979407787322998,19,9,5,16,16,13,20,5,24,24,11,16,17,24,sil
17.979407787322998,15,5,7,5,5,3,13,5,20,25,7,8,12,24,sil
17.995463848114014,18,12,3,9,11,1,17,1,27,27,6,5,22,20,sil
18.011501789093018,4,3,4,1,7,6,20,0,33,12,-3,0,14,7,sil
18.011501789093018,0,-9,-8,-14,-7,3,23,1,27,3,-8,-1,0,3,sil
18.01205563545227,5,-5,-8,-22,-2,-7,21,2,16,7,-7,1,0,2,sil
18.027091026306152,0,1,4,-23,0,-13,8,3,6,-6,-9,3,-4,-5,sil
18.04125714302063,-1,-2,-4,-24,-14,-15,-5,-1,-4,-26,-3,5,-5,-13,sil
18.04125714302063,0,-6,-7,-28,-22,-19,-17,-8,-16,-24,0,5,-4,-16,sil
18.057349920272827,-6,-7,-7,-25,-13,-22,-22,-5,-17,-15,2,5,-4,-13,sil
18.057349920272827,-5,0,0,-4,-9,-17,-25,-2,-16,-12,15,7,-3,-7,sil
18.08535528182984,0,9,3,14,-4,-6,-27,-1,-19,-10,19,1,-3,-9,sil
18.08535528182984,0,8,-1,21,7,2,-19,0,-13,-3,10,-3,-2,-5,sil
18.08535528182984,-6,0,11,13,4,5,-21,0,-10,-1,4,0,0,0,sil
18.08535528182984,-13,-8,0,1,-8,-4,-31,-2,-19,-7,1,-2,-1,-11,sil
18.090410232543945,-3,-5,-1,0,-2,-8,-17,-1,-19,-9,0,-9,-4,-11,sil
18.105056285858154,12,5,12,11,9,5,8,4,-1,0,3,-2,2,5,sil
18.122626304626465,5,3,1,14,8,14,13,4,11,11,5,0,11,8,sil
18.122626304626465,-1,-3,3,8,3,7,8,0,5,12,-9,-1,6,4,sil
18.122626304626465,4,-5,2,9,0,1,7,0,-1,5,-17,-4,0,9,sil
18.1367871761322,0,-1,-2,6,0,4,3,0,3,4,-5,-8,0,8,sil
18.155545473098755,-8,4,0,1,5,9,1,3,7,10,5,-3,5,2,sil
18.155545473098755,-1,4,-12,7,10,4,5,3,4,10,0,0,0,4,sil
18.155545473098755,0,2,-3,11,11,8,15,0,8,2,-6,-2,-8,3,sil
18.1711974143982,-1,8,6,-2,16,19,20,-1,13,4,-3,0,-6,-3,sil
18.1711974143982,3,4,0,-14,13,16,13,-3,9,10,-1,3,-7,0,sil
18.185173988342285,0,-7,-3,-10,3,6,8,0,6,2,-12,-4,-12,0,sil
18.185173988342285,-22,-13,-16,-7,-5,0,7,0,-1,-10,-26,-21,-19,-15,sil
18.2012107372284,-19,-10,-6,-8,-12,-8,-3,-1,-17,-14,-20,-20,-20,-19,sil
18.2012107372284,6,-3,8,-2,-10,-11,-4,-2,-8,-2,5,4,-2,3,sil
18.214868307113647,11,1,2,0,-7,-10,0,-1,3,0,11,14,10,14,sil
18.23047780990601,-2,0,-1,0,-15,-8,-8,0,-4,-11,-2,-1,-1,3,sil
18.23047780990601,1,0,-3,4,-17,-5,-12,0,-6,-9,0,-6,0,2,sil
18.248125314712524,16,6,7,2,-4,-4,1,1,7,9,15,11,20,16,sil
18.248125314712524,11,1,2,-3,0,-3,13,5,9,11,12,13,16,9,sil
18.248125314712524,-3,-8,-9,-5,-5,0,9,0,-2,-6,-1,1,2,-8,sil
18.261563301086422,2,0,9,-1,-2,4,6,-6,0,-3,1,8,12,-1,sil
18.27719521522522,16,7,6,8,6,5,11,-2,16,22,19,24,28,17,sil
18.27719521522522,13,2,3,11,9,1,9,6,19,31,18,20,27,21,sil
18.292211294174194,4,0,6,2,6,-2,1,5,19,23,6,7,15,9,sil
18.292211294174194,-1,-5,-7,-4,0,-11,-6,-2,21,11,0,0,2,-1,sil
18.308210849761963,-5,-13,-3,-15,-6,-11,-14,-1,0,-9,-9,-7,-9,-9,sil
18.308210849761963,-9,-8,-8,-19,-4,-1,-16,0,-19,-17,-16,-15,-15,-18,sil
18.32324981689453,-16,2,-10,-13,0,0,-20,-3,-13,-17,-8,-14,-14,-29,sil
18.32324981689453,-18,3,-1,-6,0,-9,-26,-1,-16,-27,0,-6,-15,-31,sil
18.339346885681152,-10,2,0,0,0,-12,-23,-1,-24,-28,1,-4,-20,-20,sil
18.339346885681152,-1,11,10,0,4,-2,-13,0,-9,-14,7,0,-12,-4,sil
18.35528969764709,5,14,1,0,7,2,-4,2,2,-7,10,4,1,5,sil
18.35528969764709,8,11,1,8,2,0,-4,0,-11,-14,0,2,-5,2,sil
18.371260404586792,6,9,15,18,0,0,0,0,-24,-19,-7,-1,-18,-2,sil
18.371260404586792,12,7,8,24,8,7,12,4,-9,-4,5,1,0,7,sil
18.386176586151123,18,10,9,24,12,14,13,0,0,9,18,12,9,16,sil
18.386176586151123,5,3,2,13,7,13,4,-6,-8,6,10,8,-5,2,sil
18.402366876602173,-9,-11,-6,0,4,12,10,1,-7,9,-1,-8,-10,-1,sil
18.402366876602173,-9,-14,-4,0,1,16,20,8,6,24,-2,-11,4,8,sil
18.41845750808716,-8,-11,-6,2,0,10,20,0,19,24,-7,-6,4,15,sil
18.41845750808716,-4,-6,0,3,6,8,24,-1,27,21,-14,-5,-2,12,sil
18.43400979042053,0,-1,-5,4,10,15,30,3,33,33,-11,-6,9,6,sil
18.43400979042053,-3,-6,-7,0,-1,4,13,0,23,28,-10,-8,13,4,sil
18.449544429779053,0,-8,3,-8,-15,-12,-10,-1,4,1,-16,-4,1,5,sil
18.449544429779053,7,-4,-6,-11,-15,-12,-16,-1,-1,-13,-14,1,3,3,sil
18.464526653289795,0,-8,-3,-15,-13,-4,-8,-5,-3,-16,-9,0,8,-3,sil
18.464526653289795,-7,-10,-4,-17,-14,-4,-3,-1,-10,-14,-7,-4,1,-6,sil
18.480045080184937,-1,-5,-10,-16,-14,-11,-3,4,-12,-8,-1,1,0,-5,sil
18.480045080184937,-3,-2,1,-15,-11,-12,-6,3,-11,-11,1,6,0,-8,sil
18.49553942680359,-9,1,-5,-8,-4,-6,-4,-1,-7,-8,5,1,0,-6,sil
18.49553942680359,-1,7,1,0,2,-4,-4,0,3,7,17,4,5,3,sil
18.51018762588501,8,4,8,1,8,-5,-3,2,7,10,20,9,9,6,sil
18.51018762588501,10,4,2,4,8,-4,-3,-3,0,-3,11,6,5,0,sil
18.5254819393158,5,13,9,7,2,-1,-8,-3,0,-8,5,8,1,-2,sil
18.5254819393158,-4,4,-2,-3,-6,-5,-14,0,0,-5,0,2,-6,-6,sil
18.54149436950684,-7,-6,-1,-19,-8,-7,-13,-1,0,-9,-1,-4,-10,-11,sil
18.54149436950684,7,4,12,-8,4,0,-1,-1,12,0,5,9,6,-3,sil
18.55738520622253,18,17,4,12,12,5,7,-1,15,4,8,18,8,3,sil
18.55738520622253,2,11,0,10,5,4,1,0,-6,-11,-2,0,-15,-8,sil
18.5727117061615,-10,2,-5,5,7,0,-2,3,-20,-22,-3,-8,-15,-15,sil
18.5727117061615,4,6,3,11,8,0,0,0,-15,-8,5,5,3,0,sil
18.58773136138916,16,4,8,9,0,0,-4,-1,-2,7,7,6,1,10,sil
18.58773136138916,2,-1,-2,10,2,0,-8,2,8,10,4,-6,-4,13,sil
18.604283809661865,1,6,4,20,15,10,0,6,5,10,12,-1,1,16,sil
18.604283809661865,7,4,-3,18,9,10,9,3,-2,11,12,2,2,9,sil
18.61962628364563,-13,-17,-11,-4,-7,-6,0,-4,-8,0,-12,-19,-7,-7,sil
18.61962628364563,-30,-22,-4,-13,-7,-2,-2,-4,-10,-11,-23,-28,-10,-15,sil
18.63421511650085,-10,-2,0,6,4,12,14,1,-7,3,-3,-7,-2,-4,sil
18.651243209838867,3,10,12,20,10,12,21,3,-11,10,0,2,-2,4,sil
18.651243209838867,-6,3,-1,6,6,9,8,0,-16,-3,-16,-10,-8,0,sil
18.651243209838867,-9,-9,-8,-9,0,11,3,0,-11,-2,-14,-6,-5,-6,sil
18.667078495025635,-5,-11,4,-5,-4,14,9,-2,-2,10,0,3,3,-2,sil
18.667078495025635,-6,-8,1,0,-4,5,10,-5,6,15,-4,-4,5,4,sil
18.682119846344,0,-10,0,-12,-10,-5,5,4,14,14,-17,-9,0,5,sil
18.69902396202088,2,-12,-10,-24,-13,-7,7,9,21,15,-12,0,-3,4,sil
18.69902396202088,3,-9,-6,-19,-6,-3,4,-1,19,5,-1,2,0,8,sil
18.69902396202088,10,-4,8,-14,-4,-1,-6,-7,9,-10,0,4,6,11,sil
18.71344017982483,8,0,-5,-15,-9,-10,-12,-3,11,-11,2,8,14,4,sil
18.73002314567566,4,4,-4,-19,-9,-12,-9,1,26,-4,0,11,18,-1,sil
18.73002314567566,11,3,0,-17,-7,-7,-7,1,20,-2,3,14,18,2,sil
18.73002314567566,15,2,2,-10,-5,-14,-8,1,0,2,24,19,13,2,sil
18.746129989624023,8,12,9,2,-2,-18,-8,4,3,4,29,21,9,-1,sil
18.746129989624023,0,17,-3,8,2,-12,-13,0,6,-7,12,11,2,-4,sil
18.760354042053223,-2,14,-2,6,8,-5,-19,-4,-12,-12,8,4,-3,-8,sil
18.760354042053223,4,18,3,23,13,-2,-14,-1,-18,-1,20,6,-1,-7,sil
18.778297901153564,8,22,8,44,14,-2,-11,0,-13,-9,13,3,-1,-3,sil
18.778297901153564,1,11,17,32,10,3,-11,0,-22,-19,-1,-4,-10,-6,sil
18.79202699661255,-7,-6,0,9,7,11,4,0,-21,-4,-7,-14,-10,-5,sil
18.79202699661255,-11,-12,-4,6,4,15,23,4,-11,0,-15,-17,-13,0,sil
18.80817055702209,-11,-10,-10,7,2,17,21,6,-6,-6,-15,-10,-17,-1,sil
18.80817055702209,-12,-11,-16,-1,3,18,12,2,0,0,-5,-9,-6,-4,sil
18.823299646377563,-14,-1,-2,-7,5,17,14,-3,4,9,-10,-19,-4,-7,sil
18.823299646377563,-8,3,-4,-2,2,9,17,-4,-3,5,-18,-19,-13,-6,sil
18.83851838111877,-1,-7,0,-8,-3,-3,-1,-2,-17,-5,-12,-6,-14,0,sil
18.852612257003784,-6,-14,4,-16,-8,-12,-19,-1,-18,-11,-8,-2,-9,-4,sil
18.852612257003784,-6,0,-1,-8,-8,-10,-9,-3,1,4,-3,-4,-3,-2,sil
18.868709564208984,11,9,11,3,0,0,1,0,17,27,9,5,5,15,sil
18.868709564208984,19,0,5,1,1,2,0,2,12,18,9,7,9,16,sil
18.884291410446167,4,-12,0,-12,-6,0,0,0,5,-6,-3,0,1,4,sil
18.884291410446167,-2,-9,0,-14,-5,0,6,-2,4,-5,-2,-2,1,3,sil
18.89984583854676,5,1,-1,-1,-2,-7,3,-1,0,4,7,3,10,5,sil
18.89984583854676,8,5,7,-1,-11,-8,-6,2,2,1,14,17,16,8,sil
18.9157497882843,0,-2,-4,-11,-12,-4,-6,5,15,3,14,21,16,9,sil
18.9157497882843,4,1,-2,1,2,-1,3,5,24,13,7,16,16,9,sil
18.93136668205261,17,15,7,24,15,8,20,4,31,23,9,15,24,17,sil
18.93136668205261,7,5,-3,10,9,6,21,0,28,20,13,8,23,12,sil
18.947416305541992,-10,-11,1,-15,0,-3,0,-3,2,-2,-1,-1,1,-10,sil
18.947416305541992,-8,-5,-2,-5,0,-6,-2,-3,-14,-21,-12,-6,-12,-14,sil
18.962430000305176,-3,1,-5,5,1,-1,6,0,-14,-18,-14,-9,-12,-7,sil
18.962430000305176,-10,-5,-2,-5,0,1,-4,-2,-12,-6,-14,-13,-12,-15,sil
18.97845435142517,-9,-3,-7,-3,-1,0,-17,-4,-8,-3,-8,-11,-9,-15,sil
18.97845435142517,-3,7,5,7,0,0,-15,-1,-9,-20,-11,-8,-10,-10,sil
18.99416160583496,-9,7,-3,5,-6,-3,-17,-3,-24,-27,-19,-13,-18,-19,sil
18.99416160583496,-6,-2,-7,-7,-11,-3,-18,-5,-28,-10,-9,-10,-15,-17,sil
19.00966501235962,9,-3,11,-15,-3,8,-3,2,-8,5,7,3,0,4,sil
19.00966501235962,15,4,1,1,12,10,4,2,1,6,13,12,7,13,sil
19.025338411331177,7,10,0,15,10,-2,-8,0,-10,-5,9,9,-1,5,sil
19.025338411331177,5,4,-1,0,0,-8,-9,3,-6,-5,6,5,-6,3,sil
19.040420293807983,9,2,0,-6,4,-4,1,1,13,9,18,8,3,11,sil
19.040420293807983,2,5,10,3,3,-2,-1,-2,8,4,24,9,7,6,sil
19.056286811828613,-10,0,0,4,-4,0,-2,-1,-3,-8,1,-3,-2,-5,sil
19.056286811828613,-7,-5,0,5,-4,7,14,1,9,9,-11,-9,-1,-1,sil
19.071457862854004,2,-1,1,15,-1,8,22,2,22,31,4,1,11,12,sil
19.071457862854004,1,1,4,8,0,0,6,1,8,15,6,8,7,13,sil
19.08664059638977,-6,1,7,0,5,5,1,1,-3,-2,-8,-1,-5,0,sil
19.08664059638977,-12,0,-13,5,3,10,12,-1,-1,0,-11,-17,-5,-6,sil
19.10214638710022,-4,-6,-5,4,-2,2,10,-2,-2,0,-9,-13,-4,-3,sorry
19.10214638710022,2,-11,2,-3,-1,0,0,3,0,2,0,4,0,-3,sorry
19.11803388595581,2,-6,-3,-3,0,0,0,4,6,4,6,8,10,0,sorry
19.11803388595581,6,7,5,1,3,-3,8,1,9,4,4,4,5,6,sorry
19.13342261314392,11,7,-2,-3,10,-6,16,1,17,10,2,6,4,10,sorry
19.13342261314392,1,-4,-4,-17,5,-5,9,4,14,5,0,0,11,8,sorry
19.14900803565979,-13,-9,-6,-16,-4,-8,-5,0,-5,-13,-14,-16,-2,-4,sorry
19.14900803565979,-18,-7,-14,-11,-5,-14,-13,-8,-18,-25,-24,-24,-26,-21,sorry
19.164119720458984,-8,0,-2,-10,-3,-5,-12,-5,-12,-20,-17,-14,-15,-18,sorry
19.164119720458984,5,1,0,2,-4,1,-8,1,1,-7,0,0,14,-1,sorry
19.179668426513672,6,0,5,5,-9,-5,-16,-2,0,-1,6,6,12,4,sorry
19.179668426513672,3,2,7,-5,-7,-6,-22,-6,-16,-4,5,9,-1,0,sorry
19.196413278579712,15,9,3,-1,0,0,-14,0,-5,3,13,18,10,8,sorry
19.196413278579712,18,6,15,0,-1,-1,-5,1,10,16,17,21,17,15,sorry
19.21120047569275,2,-1,0,-7,-5,-4,-2,-1,-2,8,4,7,-2,2,sorry
19.21120047569275,0,1,0,1,0,2,-1,0,-10,-1,-1,6,-5,-1,sorry
19.22739267349243,9,12,13,20,4,15,3,0,13,12,10,21,9,6,sorry
19.22739267349243,9,12,4,24,10,16,12,0,15,15,20,17,4,5,sorry
19.24231219291687,0,2,3,11,11,13,9,3,-17,-11,8,0,-10,-4,sorry
19.24231219291687,-5,-6,-3,0,1,9,4,-1,-23,-22,-5,-8,-10,-10,sorry
19.257816791534424,-5,-1,-6,0,1,5,8,-7,-3,-10,-7,-9,-10,-9,sorry
19.257816791534424,-5,4,-2,9,4,3,10,5,-1,-6,-7,-8,-14,-6,sorry
19.27445602416992,-6,-7,-7,6,-7,-3,6,11,-1,-1,-9,-12,-7,0,sorry
19.27445602416992,-8,-12,-1,-5,-6,-6,6,3,7,8,-6,-16,-1,0,sorry
19.289005517959595,-9,-2,-8,-3,7,-5,8,1,9,4,0,-13,0,0,sorry
19.289005517959595,-4,0,-5,2,1,0,3,4,12,-2,0,-8,1,2,sorry
19.30453085899353,-5,-3,7,2,-6,3,0,2,11,4,-8,-7,0,0,sorry
19.30453085899353,-17,-4,-6,-1,0,-1,-2,-5,-5,7,-21,-17,-12,-8,sorry
19.32118463516236,-22,-6,-5,-12,3,-5,-5,-7,-10,-3,-28,-18,-16,-10,sorry
19.32118463516236,-9,-4,-3,-13,3,0,1,0,6,0,-10,-2,0,0,sorry
19.33636784553528,3,1,-4,-3,5,0,5,2,6,19,3,9,14,8,sorry
19.33636784553528,6,-1,-4,-9,-1,0,-3,-1,-1,8,-2,2,10,4,sorry
19.35213184356689,7,-5,-10,-21,-9,1,-6,-4,7,-10,-3,-2,5,2,sorry
19.366235494613647,19,2,11,-7,-5,-1,-2,1,13,2,16,15,16,17,sorry
19.366235494613647,27,8,14,11,1,-5,-2,5,12,26,29,31,30,25,sorry
19.38271832466125,14,5,2,3,0,-10,-10,-1,6,14,20,21,22,10,sorry
19.38271832466125,3,1,10,-10,-8,-12,-18,-3,-4,-1,12,11,5,-6,sorry
19.399340867996216,7,-4,-2,-5,-8,-10,-13,0,-4,0,17,12,0,-9,sorry
19.399340867996216,6,-1,-2,-2,0,-2,-8,2,-1,-8,15,11,0,-7,sorry
19.399340867996216,1,7,7,0,4,4,-5,-1,-12,-22,1,-1,-9,-11,sorry
19.413455486297607,1,8,6,13,3,5,0,-5,-21,-19,-7,-8,-20,-13,sorry
19.42948317527771,0,11,6,18,1,0,1,-3,-21,-26,-6,-2,-24,-9,sorry
19.42948317527771,-2,13,-1,10,2,-2,3,-1,-13,-35,-1,0,-13,-4,sorry
19.448055505752563,0,2,0,4,1,4,11,2,1,-16,-7,-8,-4,0,sorry
19.448055505752563,-8,-6,-1,1,0,9,11,4,4,4,-15,-20,-12,0,sorry
19.448055505752563,-22,-3,-11,0,-2,0,4,0,-7,2,-13,-21,-12,-3,sorry
19.46119403839112,-14,1,0,4,0,1,8,2,0,4,-3,-2,4,-2,sorry
19.47540593147278,1,4,2,10,9,11,18,5,20,23,9,11,18,10,sorry
19.47540593147278,1,1,0,6,3,5,14,0,15,24,5,2,10,18,sorry
19.492351293563843,-9,-10,-5,-1,-8,1,4,0,1,14,-10,-5,0,8,sorry
19.492351293563843,-9,-18,-9,-6,-4,2,-2,0,-1,14,-11,-1,-2,0,sorry
19.507091999053955,0,-12,0,-9,1,0,-4,-1,-2,12,0,1,-1,0,sorry
19.507091999053955,5,-3,0,-2,1,1,2,-2,0,9,4,4,0,0,sorry
19.52409267425537,3,0,4,7,10,3,3,0,5,7,0,4,0,0,sorry
19.52409267425537,5,-1,0,1,8,-1,-3,0,5,5,1,2,6,4,sorry
19.53860330581665,14,-4,-6,-5,-1,-4,-5,-1,7,9,11,4,16,12,sorry
19.53860330581665,14,7,12,4,2,0,-7,0,9,11,4,2,8,8,sorry
19.554202556610107,0,12,1,10,6,-3,-11,0,3,-6,-10,-9,-4,-5,sorry
19.554202556610107,-4,1,-4,-7,-5,-8,-9,0,-7,-32,-1,-12,-3,-10,sorry
19.56933856010437,-4,-1,0,-18,-9,-2,-5,-2,-10,-27,3,-4,3,-8,sorry
19.56933856010437,-5,0,-9,-14,-2,-2,-7,-2,-2,-12,-12,-4,1,-10,sorry
19.58447766304016,-5,-6,-4,-24,-9,-4,-3,3,7,-14,-15,-4,-6,-14,sorry
19.58447766304016,-11,-14,-11,-31,-16,-5,5,1,9,-11,0,-3,-6,-15,sorry
19.600542545318604,-8,-5,-3,-7,-4,-7,2,-5,0,-2,1,3,0,-7,sorry
19.600542545318604,11,11,17,21,6,-1,0,-1,-11,-2,4,14,0,4,sorry
19.616206884384155,13,15,1,24,2,0,-1,0,-13,-3,8,10,-7,7,sorry
19.616206884384155,0,8,8,9,-2,-3,-6,0,-16,-6,0,4,-13,0,sorry
19.6312952041626,1,1,8,2,0,0,-3,0,-15,-2,0,4,-7,-6,sorry
19.6312952041626,7,0,-5,3,0,7,3,4,-7,8,2,2,-2,0,sorry
19.64639663696289,-1,6,7,12,4,10,4,1,0,13,1,5,-2,6,sorry
19.64639663696289,-7,7,5,19,13,6,5,-5,-1,6,7,3,0,3,sorry
21.066423654556274,13,0,7,6,-4,-12,-13,0,6,7,4,24,21,16,sorry
21.066423654556274,16,9,1,10,0,-18,-17,-6,0,-1,7,17,13,13,sorry
21.08198499679565,17,19,11,8,9,-14,-20,1,-13,-13,12,15,6,4,sorry
21.08198499679565,16,17,5,8,8,-5,-19,6,-10,-3,18,17,6,0,sorry
21.097325325012207,11,12,0,4,2,-7,-22,-2,-7,-7,24,20,1,-1,sorry
21.097325325012207,7,12,7,14,2,-6,-23,-3,-21,-21,19,17,-3,-12,sorry
21.11271595954895,0,12,1,30,8,4,-11,0,-19,-4,7,3,-2,-13,sorry
21.11271595954895,-8,10,3,24,13,9,2,3,-6,12,6,-2,-1,0,sorry
21.128369331359863,-9,7,-4,12,11,10,12,4,4,11,14,1,1,4,sorry
21.128369331359863,-5,-2,-1,17,9,20,21,0,21,20,6,-1,9,1,sorry
21.1442608833313,-8,-15,4,15,2,22,28,0,23,24,-13,-17,0,3,sorry
21.1442608833313,-11,-20,-9,0,-4,15,31,0,10,16,-16,-24,-13,6,sorry
21.1597273349762,-7,-20,-3,-12,-6,12,24,1,13,19,-3,-16,-2,7,sorry
21.1597273349762,-7,-27,-6,-18,-11,0,3,-3,13,13,-6,-14,5,0,sorry
21.17546534538269,-12,-25,-14,-26,-21,-12,-14,-6,-13,-18,-25,-21,-13,-9,sorry
21.17546534538269,-8,-13,-7,-29,-19,-6,-12,-1,-25,-29,-29,-18,-27,-14,sorry
21.1916778087616,2,-3,-14,-26,-10,-9,-6,-3,-9,-12,-16,-5,-10,-13,sorry
21.1916778087616,12,10,0,-15,-7,-20,-8,-1,1,-9,-3,13,6,-4,sorry
21.207069635391235,17,22,10,0,-2,-14,-2,4,9,-6,19,30,22,10,sorry
21.207069635391235,13,16,0,0,3,-8,-1,0,8,0,27,22,23,10,sorry
21.22251963615417,0,8,3,-10,0,-11,-21,-2,-11,-12,6,3,1,-6,sorry
21.22251963615417,0,11,7,3,0,-9,-23,1,-15,-15,7,3,-6,-3,sorry
21.23806381225586,9,19,16,24,12,1,-3,7,0,1,18,12,2,11,sorry
21.23806381225586,1,10,2,13,10,3,3,4,-6,0,-3,-1,-6,0,sorry
21.2540180683136,-15,-10,-7,-8,-2,-1,0,-1,-24,-16,-22,-19,-21,-14,sorry
21.2540180683136,-5,-7,12,-4,3,7,2,0,-16,-6,-5,-4,-9,-12,sorry
21.26952195167541,6,9,4,12,21,21,11,0,-5,0,1,3,-2,-4,sorry
21.26952195167541,-6,4,-1,5,13,13,5,-1,-15,-19,-17,-14,-20,-4,sorry
21.28504753112793,-16,-9,-2,-6,0,-2,-1,-2,-9,-8,-21,-20,-18,-9,sorry
21.28504753112793,-7,-10,-9,-4,0,-2,1,-1,20,21,0,-4,6,-3,sorry
21.30108428001404,-5,-3,-2,0,0,3,4,4,27,23,9,6,15,8,sorry
21.30108428001404,-6,-2,-3,4,-4,0,0,3,13,17,0,4,6,10,sorry
21.3162169456482,3,-1,4,9,-2,3,1,0,4,12,-3,0,2,4,sorry
21.3162169456482,10,0,5,12,3,17,11,4,13,8,9,4,7,9,sorry
21.331158876419067,13,8,1,27,10,19,22,6,29,25,24,20,10,23,sorry
21.331158876419067,17,8,17,31,6,11,21,-2,24,24,13,23,3,19,sorry
21.34691452980041,6,-12,0,1,-5,0,8,-9,3,-5,-4,0,-1,-3,sorry
21.34691452980041,-3,-21,-17,-24,-13,-8,0,-5,-2,-8,0,-8,4,-6,sorry
21.362013816833496,0,-8,-8,-19,-16,-10,0,1,6,14,6,-5,11,9,sorry
21.377535820007324,0,-7,-10,-15,-19,-12,-5,0,11,10,-9,-12,3,4,sorry
21.37853527069092,-3,-12,0,-19,-11,-12,-7,0,5,0,-18,-10,0,0,sorry
21.37853527069092,2,-6,-1,-15,0,-5,2,2,9,9,2,3,16,9,sorry
21.3934588432312,2,0,-4,-18,-1,-8,-3,0,8,0,12,2,20,-2,sorry
21.3934588432312,-1,8,1,-11,-4,-14,-23,-6,-13,-21,1,1,2,-18,sorry
21.40908145904541,2,20,3,18,5,-9,-21,-9,-36,-26,2,10,-3,-4,sorry
21.40908145904541,0,17,8,21,10,0,-12,-2,-32,-24,5,3,-8,-3,sorry
21.426079750061035,-8,5,-3,-2,2,0,-10,1,-19,-27,0,-6,-19,-23,sorry
21.426079750061035,-7,5,-5,-1,0,0,-5,0,-21,-17,-4,-1,-19,-19,sorry
21.44110608100891,-5,6,1,12,0,0,-3,0,-25,-8,-8,-2,-17,-9,sorry
21.44110608100891,-5,-3,-7,5,-2,0,-9,0,-21,-11,-9,-14,-19,-2,sorry
21.456706285476685,5,-3,7,0,0,1,-6,1,-12,-7,1,-1,-7,9,sorry
21.472712755203247,9,2,15,11,5,6,4,5,4,9,11,13,10,11,sorry
21.472712755203247,-7,-3,3,0,-1,1,-1,5,7,9,-6,-5,6,-4,sorry
21.472712755203247,-18,-10,-7,-23,-4,0,-9,0,-1,-2,-25,-28,-8,-14,sorry
21.48809027671814,-3,0,-8,-7,11,3,2,-4,7,4,-9,-16,-7,-8,sorry
21.48809027671814,6,9,13,18,18,10,15,0,26,16,8,9,3,0,sorry
21.50433373451233,6,6,8,12,7,13,18,7,24,9,6,17,14,11,sorry
21.50433373451233,13,3,1,0,1,9,21,5,16,5,6,16,15,26,sorry
21.51936388015747,16,5,12,5,-1,8,17,3,12,12,15,20,13,26,sorry
21.51936388015747,8,0,1,2,-7,3,12,0,11,12,17,18,14,14,sorry
21.53549027442932,5,-4,-2,-7,-3,2,12,0,14,4,8,10,7,8,sorry
21.53549027442932,0,-11,-7,-5,4,0,9,-1,15,6,-4,-3,-6,1,sorry
21.550410509109497,-14,-13,-10,-4,2,-8,-2,0,-1,5,-19,-18,-14,-11,sorry
21.56702208518982,-10,0,4,-1,-6,-9,-7,0,-7,3,-12,-9,-5,-9,sorry
21.56702208518982,5,4,-1,10,-5,-4,-1,-3,4,6,10,7,4,3,sorry
21.56702208518982,1,-1,0,4,0,-5,-8,-6,0,1,9,6,1,1,sorry
21.58315706253052,-11,1,-5,-6,0,-3,-10,-4,-6,-1,0,-3,-2,-5,sil
21.58315706253052,-5,2,-10,-3,-8,-5,-4,-2,-1,1,4,-6,0,-5,sil
21.598249912261963,2,0,12,1,-6,-9,0,-1,-6,-2,3,-2,-1,-4,sil
21.598249912261963,1,1,-2,4,4,-1,5,-2,-7,-4,-7,-2,-1,0,sil
21.614256858825684,1,-4,-5,-1,1,6,5,0,-6,-3,-10,-7,0,-1,sil
21.614256858825684,-1,-13,0,-16,-10,-1,-8,2,-21,-9,-6,-8,-4,-17,sil
21.630353212356567,-2,-3,-11,-8,-4,-11,-16,-1,-26,-13,3,-1,-2,-17,sil
21.630353212356567,0,5,3,2,7,0,-9,1,-5,-11,10,5,2,0,sil
21.646458625793457,-11,-5,-4,-5,3,9,-5,5,11,-8,0,-2,0,-1,sil
21.646458625793457,-12,-11,-9,-13,-2,5,-7,2,8,-5,-16,-6,-4,-8,sil
21.661518096923828,1,1,12,0,0,5,-8,1,1,0,-10,0,-2,2,sil
21.661518096923828,0,4,2,7,0,0,-10,-3,-2,-3,0,-4,-3,0,sil
21.67752456665039,-5,-5,-3,-1,-6,-6,-9,-4,-6,-13,-7,-7,-9,-4,sil
21.67752456665039,2,-4,2,0,-1,1,8,3,3,0,-10,-4,-3,11,sil
21.69305682182312,5,9,0,15,12,8,23,3,14,21,0,-4,5,18,sil
21.69305682182312,5,13,-2,15,11,5,12,0,1,10,9,3,7,5,sil
21.709076642990112,13,4,1,5,0,1,2,0,1,0,14,15,6,5,sil
21.709076642990112,8,4,11,5,4,0,9,1,18,11,11,8,7,10,sil
21.724337339401245,3,11,7,9,5,-2,11,0,9,7,9,0,6,4,sil
21.724337339401245,2,4,4,1,-5,-3,0,-1,-9,-10,2,0,0,-6,sil
21.73977208137512,-8,-9,-4,-11,-10,1,-1,0,-7,-12,-10,-7,-9,-15,sil
21.73977208137512,-13,-10,-10,-11,-2,1,2,0,-5,0,-12,-7,-6,-6,sil
21.755890369415283,2,2,14,-3,1,0,-3,0,-14,10,1,9,8,9,sil
21.755890369415283,9,3,8,2,0,0,-3,0,-5,11,11,16,12,11,sil
21.77237367630005,1,0,-2,2,-5,-2,9,0,6,7,8,9,3,8,sil
21.77237367630005,6,7,6,1,-3,-2,7,4,1,0,3,6,1,8,sil
21.7874083518982,10,6,-4,0,7,-3,-5,5,-2,-8,6,10,6,3,sil
21.7874083518982,1,-3,-1,-3,9,0,-1,4,9,1,13,15,7,0,sil
21.80439162254333,0,-4,-4,-10,1,5,6,3,20,19,13,8,5,0,sil
21.80439162254333,2,-1,-13,-10,-7,0,-7,-1,8,4,-3,-6,-5,-8,sil
21.819349765777588,0,-1,2,-1,-9,-6,-17,-3,-8,-16,-8,-5,-12,-10,sil
21.819349765777588,-2,-1,-1,-2,-2,-4,-10,-4,-8,-8,1,0,-5,-10,sil
21.83526062965393,-13,-4,-10,-17,1,0,-6,-3,1,-6,-8,-12,-7,-14,sil
21.83526062965393,-15,-5,-9,-10,0,-1,-3,0,10,-17,-28,-18,-18,-19,sil
21.849140644073486,-4,0,2,12,-1,-10,-5,0,2,-14,-15,-10,-18,-14,sil
21.850138902664185,0,3,12,15,-1,-7,-10,-1,-12,0,2,-2,-7,0,sil
21.86439824104309,0,2,0,11,5,0,0,-2,-6,2,-1,-1,0,10,sil
21.86439824104309,3,2,1,7,6,0,1,0,0,-8,-8,-3,-5,2,sil
21.87958240509033,-4,-5,-1,0,0,1,-8,-1,-16,-12,-3,-10,-10,-2,sil
21.88108515739441,-5,-10,-3,-1,0,2,0,-5,-20,-1,0,-5,0,7,sil
21.89619731903076,5,3,11,11,5,10,17,1,4,15,8,10,15,11,sil
21.91033959388733,8,12,0,25,13,19,23,5,29,31,22,13,20,13,sil
21.91033959388733,3,5,2,12,13,13,19,0,17,29,19,7,15,17,sil
21.929402351379395,-5,-6,2,-12,-3,1,4,-1,-10,0,0,-1,5,3,sil
21.929402351379395,-17,-19,-20,-22,-19,-2,-7,-1,-19,-14,-19,-22,-6,-12,sil
21.929402351379395,-20,-15,-11,-18,-13,0,-4,0,-14,-5,-27,-26,-12,-12,sil
21.94505524635315,-11,0,0,-7,-3,2,5,0,-8,0,-16,-10,-4,-1,sil
21.94505524635315,6,2,8,1,0,4,8,2,1,0,0,2,7,7,sil
21.959096431732178,19,1,8,3,0,-2,4,4,7,5,2,3,13,8,sil
21.959096431732178,10,0,0,-1,-10,-16,-3,0,7,1,-4,1,9,2,sil
21.975207805633545,2,0,9,-2,-12,-5,-5,0,13,-5,1,10,9,0,sil
21.99035954475403,14,6,4,1,8,7,6,2,23,12,27,31,27,10,sil
21.99035954475403,20,22,3,8,16,-3,12,3,25,25,38,36,32,21,sil
22.00445246696472,7,18,5,0,0,-17,-1,4,17,2,17,17,11,1,sil
22.00445246696472,0,-4,-8,-12,-2,-14,-14,0,2,-16,2,6,-1,-13,sil
22.02051091194153,3,-3,0,-11,5,-2,-8,-2,-13,-12,8,14,-5,-5,sil
22.02051091194153,4,18,1,7,7,0,-2,-2,-16,-10,6,8,-18,-10,sil
22.03604531288147,0,23,4,24,7,-1,-17,-7,-19,-17,-6,-8,-29,-22,sil
22.03604531288147,-5,1,7,19,3,1,-27,-5,-26,-21,-17,-15,-31,-13,sil
22.051676988601685,-16,-22,-15,-2,-4,4,-10,0,-21,-17,-29,-29,-33,-8,sil
22.051676988601685,-22,-22,-10,-12,-4,12,9,2,-7,-3,-38,-38,-33,-11,sil
22.06711435317993,-23,-17,-8,-7,0,15,12,0,1,6,-34,-30,-29,-2,sil
22.06711435317993,-24,-23,-13,-19,-8,1,1,-1,3,1,-24,-21,-27,2,sil
22.083023071289062,-7,-16,0,-26,-11,-3,1,3,10,4,-2,-6,-8,5,sil
22.083023071289062,13,3,0,-6,-1,0,8,0,19,16,29,18,14,13,sil
22.104348182678223,19,13,8,6,3,-7,0,-2,10,9,44,38,22,15,sil
22.104348182678223,24,20,11,10,5,-15,-8,2,0,3,42,37,34,15,sil
22.104348182678223,28,23,14,13,11,-9,-1,1,-1,5,31,24,28,11,sil
22.114561796188354,16,12,13,13,16,4,-1,3,1,1,15,12,-7,2,sil
22.129249095916748,0,0,-3,14,11,10,-1,3,-1,3,7,2,16,1,sil
22.129249095916748,-4,0,7,14,0,13,0,0,-11,5,0,-2,81,3,sil
22.14518713951111,0,2,10,17,2,17,3,0,-11,0,-6,0,60,1,sil
22.14518713951111,3,0,-4,20,6,11,9,0,-1,6,-5,1,-6,6,sil
22.161142110824585,-6,-12,-5,-3,-10,1,12,-3,0,10,-12,-17,-19,2,sil
22.161142110824585,-25,-27,-16,-34,-26,-1,3,-3,-7,-6,-35,-37,-21,-14,sil
22.17632460594177,-33,-24,-16,-32,-21,1,4,0,-9,-23,-50,-40,-45,-24,sil
22.17632460594177,-29,-12,-13,-13,-9,0,18,-4,-1,-14,-39,-28,-40,-21,sil
22.191181182861328,-16,-9,-9,-8,-6,-5,10,-7,9,3,-20,-17,-15,-11,sil
22.191181182861328,-1,-1,3,-10,-8,-4,-8,8,16,6,-11,-5,-3,0,sil
22.206355571746823,7,8,-4,0,-1,-7,-5,9,24,5,0,8,1,6,sil
22.206355571746823,16,11,0,6,7,-14,0,-1,25,9,15,20,9,10,sil
22.222455263137817,15,11,6,0,9,-10,-6,0,14,6,21,18,11,9,sil
22.222455263137817,13,14,0,-1,5,-10,-9,0,5,-4,21,10,0,0,sil
22.237478017807007,17,17,10,7,2,-16,-13,0,-5,-12,26,16,-6,-5,sil
22.237478017807007,13,13,4,5,5,-5,-13,-2,-17,-9,32,20,0,0,sil
22.2534441947937,8,10,8,1,10,5,-4,0,-14,-3,32,18,5,3,sil
22.2534441947937,12,18,19,19,14,3,-4,3,-3,0,26,20,4,1,sil
22.26936507225037,10,22,7,34,19,4,-4,1,-8,-1,12,16,2,0,sil
22.26936507225037,0,8,6,23,15,15,4,0,-20,-2,-6,1,0,1,sil
22.284409046173096,-8,-13,-3,6,0,14,8,0,-15,5,-14,-9,-2,2,sil
22.284409046173096,-5,-18,-3,4,-4,11,4,-2,-4,14,-7,-6,0,3,sil
22.30045342445373,-2,-11,1,2,3,17,11,0,-2,16,-7,-6,0,8,sil
22.30045342445373,-13,-20,-13,-18,-3,11,15,0,0,10,-20,-16,-5,9,sil
22.316174030303955,-17,-28,-7,-35,-19,0,7,-2,12,2,-24,-20,-4,3,sil
22.316174030303955,-2,-11,-2,-24,-15,-5,1,0,18,1,-10,-8,7,0,sil
22.33125829696656,4,0,-2,-19,-9,-10,-1,0,7,0,-4,5,14,2,sil
22.33125829696656,0,-12,-6,-27,-14,-12,-5,0,2,-9,-5,6,10,-2,sil
22.348365783691406,0,-10,-11,-15,-13,-9,-6,2,8,-12,3,0,6,-9,sil
22.348365783691406,0,11,6,-4,-8,-10,-12,4,-4,-21,5,0,-3,-14,sil
22.36347794532776,-6,12,0,0,-4,-15,-15,-1,-25,-33,-11,-7,-22,-21,sil
22.36347794532776,-5,3,-5,18,6,-4,-3,-7,-20,-27,-16,-19,-23,-16,sil
22.37947726249695,-3,10,3,29,13,10,3,0,-6,-2,-2,-13,-8,0,sil
22.37947726249695,-10,1,-8,10,2,5,2,0,-9,10,-4,-12,-8,1,sil
22.394704580307007,-11,-14,0,-5,-3,3,8,0,0,12,-19,-17,-12,-2,sil
22.394704580307007,0,-8,4,0,1,12,9,0,30,24,-4,-1,7,9,sil
22.41144824028015,7,4,0,3,0,0,-6,0,31,26,18,20,21,18,sil
22.41144824028015,14,12,11,-3,-7,-16,-15,3,13,9,16,25,15,6,sil
22.426267623901367,23,15,5,-2,0,-13,-9,2,13,0,16,25,19,0,sil
22.426267623901367,23,14,7,1,10,-3,-11,0,3,-3,27,28,21,5,sil
22.44347882270813,13,15,7,6,19,0,-9,0,-22,-14,24,21,2,-2,sil
22.44347882270813,3,15,0,16,24,2,0,1,-32,-16,11,4,-11,-10,sil
22.45760178565979,0,10,8,30,19,7,6,4,-23,1,10,0,-5,0,sil
22.45760178565979,1,4,2,30,13,15,13,0,-8,16,9,0,0,11,sil
22.47253489494324,-7,-2,0,13,10,20,15,-4,0,13,-5,-10,-6,6,sil
22.47253489494324,-21,-14,-7,0,1,17,17,-3,3,14,-7,-16,-5,3,sil
22.488460540771484,-21,-17,-12,-4,-9,9,17,-1,15,21,-3,-14,-1,2,sil
22.503561973571777,-8,-16,-2,-16,-15,5,14,2,18,12,-19,-15,-7,-4,sil
22.503561973571777,0,-16,-10,-19,-13,-4,10,2,9,0,-29,-18,-11,-5,sil
22.503561973571777,0,-10,-5,-12,-12,-12,3,0,3,-4,-17,-11,-5,0,sil
22.5201256275177,-3,-7,-1,-14,-15,-6,1,1,9,-3,-10,-2,-1,0,sil
22.5201256275177,0,-10,-5,-23,-22,-7,1,0,7,-5,-12,-1,0,0,sil
22.53526401519776,1,-1,2,-20,-20,-17,-5,-1,-2,-16,-10,-4,2,0,sil
22.53526401519776,1,6,-3,-3,-5,-5,-3,0,-1,-18,-2,1,10,-1,sil
22.55138349533081,8,9,5,0,3,7,1,0,2,-8,8,13,14,1,sil
22.55138349533081,5,5,9,-8,0,-4,-14,-1,-3,-11,10,5,2,-3,sil
22.564945220947266,-8,-1,-7,-8,-4,-17,-36,-1,-12,-20,3,-1,-7,-12,sil
22.58047795295716,2,4,10,6,0,-8,-26,2,-4,-6,11,15,3,-3,sil
22.58047795295716,17,16,6,16,9,-3,-10,1,9,6,24,26,13,6,sil
22.58047795295716,4,8,-5,8,10,-3,-12,0,0,0,18,11,3,3,sil
22.59741997718811,-7,-1,1,1,7,-1,-16,0,-23,-5,3,-3,-7,-4,sil
22.59741997718811,-4,4,4,11,10,0,-5,-6,-25,-4,-4,-8,-9,-11,sil
22.61327028274536,0,8,10,12,12,9,8,-1,-9,2,-5,3,0,-5,sil
22.61327028274536,-3,-6,-5,-15,3,14,13,3,3,12,0,5,5,7,sil
22.6273512840271,-7,-12,-8,-24,-2,1,8,-4,8,11,2,-10,-3,5,sil
22.64447832107544,0,3,5,7,1,0,11,-4,10,10,2,-7,-3,1,sil
22.64447832107544,12,5,0,18,5,5,19,5,12,16,3,2,7,5,sil
22.64447832107544,10,-3,4,2,-1,7,15,6,6,5,-7,-2,-2,1,sil
22.662142038345337,-4,1,0,6,1,5,9,0,4,-2,-21,-12,-14,-7,sil
22.662142038345337,-14,4,-13,8,1,5,5,-3,3,-1,-24,-19,-10,-13,sil
22.67451548576355,-17,-8,-7,-10,-6,8,0,-1,-3,-8,-21,-21,-13,-12,sil
22.690021991729736,-8,-10,0,-7,0,11,5,0,0,-1,-5,-8,-6,0,sil
22.690021991729736,4,1,6,5,7,6,15,2,7,17,9,7,10,13,sil
22.706074476242065,1,-2,-9,0,-3,-3,0,0,0,15,7,6,12,14,sil
22.706074476242065,-1,-10,-9,-5,-11,-8,-20,-4,-8,2,2,8,5,10,sil
22.723224401474,12,6,15,15,2,-2,-7,0,1,3,20,25,11,12,sil
22.723224401474,20,20,10,28,15,0,11,5,13,9,26,26,16,15,sil
22.739256381988525,4,3,2,2,1,-9,-4,0,-3,-9,-3,2,0,1,sil
22.739256381988525,-11,-9,-9,-16,-18,-22,-17,-2,-25,-32,-15,-11,-10,-14,sil
22.739256381988525,-5,0,-6,-2,-12,-14,0,6,-11,-22,8,1,0,-5,sil
22.753406047821045,2,2,16,4,-1,-2,2,8,9,3,12,7,3,6,sil
22.76857256889344,-1,-3,0,-2,-8,-5,-9,-8,1,6,-2,-3,-2,0,sil
22.76857256889344,0,3,0,0,-7,-2,-8,-11,-6,-2,3,-2,-3,-4,sil
22.784109115600582,12,11,10,11,5,6,-1,0,2,2,19,8,0,-1,sil
22.784109115600582,9,6,4,9,5,3,-3,5,5,6,14,5,0,0,sil
22.79941201210022,3,1,4,1,-1,0,-4,3,0,0,0,5,3,0,sil
22.79941201210022,5,-3,-2,0,2,-1,-1,0,6,0,0,5,8,0,sil
22.8150372505188,6,-1,0,0,5,-2,-4,-2,11,9,1,0,6,0,sil
22.8150372505188,-1,2,-7,-7,1,5,-3,-1,4,6,-3,-6,1,-5,sil
22.830129861831665,-14,-8,-19,-19,-3,9,1,0,-9,-12,-24,-20,-10,-17,sil
22.830129861831665,-19,-15,-3,-31,-3,4,8,0,-7,-19,-34,-23,-18,-16,sil
22.845462322235107,-14,-8,-7,-34,0,3,15,0,3,-8,-15,-11,-10,-4,sil
22.845462322235107,-17,-7,-6,-29,1,1,6,-5,-9,-14,-11,-14,-12,-10,sil
22.86162805557251,-13,-9,0,-12,4,2,-2,-1,-16,-12,-20,-18,-13,-15,sil
22.86162805557251,1,-3,-6,-1,6,5,8,6,9,13,-1,0,6,5,sil
22.87740683555603,0,3,1,-1,2,3,8,3,14,16,10,7,11,11,sil
22.87740683555603,-8,1,-6,0,0,-2,-11,-5,-9,-4,-12,-13,-11,-6,sil
22.8930881023407,-5,-3,-5,2,0,-3,-11,-3,-10,-1,-22,-18,-17,-4,sil
22.8930881023407,3,1,8,5,3,4,12,2,14,22,7,0,10,15,sil
22.908175945281982,18,15,9,28,10,9,22,0,24,28,33,20,25,22,sil
22.908175945281982,23,18,14,41,12,3,5,1,10,9,23,27,8,15,sil
22.92367696762085,8,2,2,20,-3,-11,-8,0,-1,-1,7,18,0,6,sil
22.92367696762085,6,0,0,5,-17,-14,-11,-3,-6,2,10,13,7,8,sil
22.93947672843933,15,15,16,24,-6,-2,-4,-1,-8,1,11,22,3,9,sil
22.93947672843933,11,21,12,41,7,3,2,0,-4,0,7,20,4,6,sil
22.955007553100582,10,11,12,30,2,4,6,0,2,14,21,11,14,6,sil
22.955007553100582,6,2,-1,10,-6,2,6,0,4,14,26,6,9,9,sil
22.970547437667847,-7,-5,-11,0,-4,-7,-2,0,-7,-11,-3,-4,-4,1,sil
22.970547437667847,-15,-11,-7,-4,3,-4,-8,3,-17,-22,-24,-15,-6,-13,sil
22.986114740371704,-12,-12,-10,-16,5,3,-2,4,-7,-7,-6,-14,-2,-18,sil
22.986114740371704,-11,-12,-4,-29,-6,-5,-6,0,2,-3,3,-11,-6,-11,sil
23.002382040023804,-6,-14,-10,-28,-10,-14,-18,-1,0,-10,-5,-15,-6,-8,sil
23.002382040023804,1,-13,-6,-28,-1,-3,-9,0,2,-11,-7,-6,0,-7,sil
23.017847537994385,-2,-15,2,-36,-7,7,3,0,7,-7,-1,5,2,-7,sil
23.017847537994385,-10,-16,-10,-31,-21,-2,-1,-1,2,-6,-6,0,-1,-7,sil
23.579039096832275,7,-7,5,-14,-9,-1,12,-4,14,8,-12,1,14,9,sil
23.579039096832275,19,4,0,0,0,-10,11,-3,24,16,5,12,29,19,sil
23.59418487548828,11,6,8,-6,3,-6,-3,0,21,13,21,21,25,21,sil
23.59418487548828,0,-3,0,-21,-1,-9,-26,0,-2,1,16,17,11,4,sil
23.610225677490234,0,0,-7,-18,-1,-26,-37,-4,-19,-12,8,8,1,-13,sil
23.610225677490234,8,17,7,-5,0,-23,-28,4,-9,-16,18,15,1,-8,sil
23.626306772232056,0,17,0,4,-1,-4,-17,8,-2,-8,26,15,0,-3,sil
23.626306772232056,-12,4,0,6,-5,-2,-20,0,-17,-8,12,1,-8,-14,sil
23.642234325408936,-9,4,7,3,0,0,-12,-4,-26,-14,-1,-9,-15,-14,sil
23.642234325408936,0,8,8,16,9,10,2,-4,-16,-6,-2,-8,-15,-3,sil
23.65748691558838,2,8,12,37,14,18,11,0,1,16,0,-5,-6,-1,sil
23.65748691558838,3,7,2,35,10,16,20,7,19,33,2,-6,2,3,sil
23.67304730415344,0,0,-6,7,0,15,20,3,21,21,-5,-9,0,9,sil
23.67304730415344,-1,-6,-8,-4,-6,10,8,-1,3,0,-15,-14,-5,1,sil
23.688081741333008,0,-5,0,3,-2,10,13,-1,-6,-12,-15,-16,-10,0,sil
23.688081741333008,-8,-11,0,-4,2,19,25,1,1,-10,-20,-11,-14,4,sil
23.703460216522217,-12,-21,-19,-25,0,8,17,0,14,0,-26,-11,-8,0,sil
23.703460216522217,0,-14,-5,-23,-4,-9,0,0,12,2,-21,-14,-1,-2,sil
23.71952223777771,2,-2,6,-4,0,-4,5,-1,5,0,-8,-5,0,0,sil
23.71952223777771,2,1,-3,6,10,7,16,0,9,9,3,6,6,4,sil
23.735536098480225,8,5,4,3,8,4,8,5,11,17,10,8,18,8,sil
23.735536098480225,5,1,-1,-2,-2,-8,-1,0,0,7,12,3,16,6,sil
23.75110578536988,2,0,3,1,-5,-12,-3,-3,-7,0,17,11,7,0,sil
23.75110578536988,5,1,9,5,-3,-8,-5,0,0,2,15,17,3,0,sil
23.766286849975582,0,-1,-4,-2,-7,-10,-15,0,-2,-5,4,10,3,0,sil
23.766286849975582,-3,-1,2,-3,-5,-10,-13,-4,-4,-9,6,9,6,0,sil
23.78145480155945,8,4,2,0,-2,-7,1,-6,2,6,18,13,12,6,sil
23.78145480155945,7,0,-5,-16,-9,-14,-8,-10,-4,0,11,9,10,3,sil
23.79710078239441,-6,-5,-3,-27,-8,-19,-36,-1,-13,-20,1,5,0,-14,sil
23.81431293487549,-5,1,0,-15,1,-18,-34,5,-4,-26,-1,2,-10,-23,sil
23.81431293487549,0,10,7,-1,0,-6,-18,0,-11,-26,-12,-2,-20,-13,sil
23.81431293487549,-6,7,0,7,-5,4,-3,0,-20,-15,-9,-2,-16,-2,sil
23.828452825546265,0,4,6,10,0,5,11,7,-5,5,4,2,0,6,sil
23.84406805038452,9,4,7,6,6,3,13,9,0,7,8,2,3,11,sil
23.84406805038452,0,-3,-11,0,0,7,8,1,-7,4,1,-7,-1,5,sil
23.84406805038452,-7,-5,1,4,1,20,13,6,8,17,-3,-11,0,4,sil
23.859174489974976,-1,0,6,17,12,25,19,6,21,15,-4,-12,2,5,sil
23.87440776824951,-3,1,1,23,17,17,14,-5,6,0,-7,-16,-8,-3,sil
23.87440776824951,-6,0,-6,16,9,11,11,-9,-2,-5,-19,-18,-17,-11,sil
23.8923921585083,-8,-10,-21,7,-2,7,10,-5,-2,-5,-27,-19,-13,-8,sil
23.8923921585083,-17,-19,-6,-2,-9,3,7,-2,-4,-7,-23,-17,-10,-4,sil
23.893410205841064,-16,-13,0,-7,-5,1,7,-3,4,2,-17,-11,-8,-3,sil
23.908372163772583,0,-1,-2,-10,-4,-1,0,-6,10,17,-10,0,-2,0,sil
23.908372163772583,13,-1,6,-15,-9,-12,-15,-2,10,24,10,14,18,10,sil
23.92199945449829,21,4,5,-13,-4,-18,-15,8,28,28,32,24,45,19,sil
23.92199945449829,24,19,14,-6,0,-8,-1,11,38,21,29,25,39,13,sil
23.939477682113647,16,17,4,-1,-3,-2,0,3,16,0,15,15,7,0,sil
23.939477682113647,6,6,-3,-3,-4,-7,-11,0,-7,-22,11,8,-8,-1,sil
23.954516649246216,7,14,10,-1,8,-5,-16,4,-15,-23,21,19,1,6,sil
23.954516649246216,11,13,0,5,15,-3,-12,0,-29,-17,17,24,3,1,sil
23.969024896621704,-1,-1,-1,10,1,-4,-15,-1,-46,-26,-9,2,-20,-17,sil
23.969024896621704,-14,-6,1,10,-3,-1,-12,0,-37,-22,-12,-13,-28,-21,sil
23.98654294013977,-11,0,-3,15,10,5,4,-7,-16,0,13,-7,-3,-3,sil
23.98654294013977,-9,2,0,17,14,14,16,-5,-11,6,12,-4,4,4,sil
24.00153660774231,-16,-7,-7,12,0,12,12,0,-7,1,-9,-17,-12,-7,sil
24.017547607421875,-18,-17,-6,0,-1,5,6,2,0,3,-16,-23,-20,-14,sil
24.017547607421875,-6,-9,-2,-7,3,7,9,1,3,9,-8,-8,-3,2,sil
24.017547607421875,7,-2,1,-7,-3,5,13,1,9,14,-8,5,9,22,sil
24.03289675712585,9,-4,11,-7,-10,-2,14,1,21,22,-12,4,9,24,sil
24.03289675712585,3,-2,-3,-7,1,-4,13,-2,32,28,-3,-1,18,16,sil
24.04913902282715,-1,-1,-8,-13,2,-3,6,-1,30,18,-1,-7,19,6,sil
24.04913902282715,-11,-11,-8,-23,-14,-4,2,0,25,2,-14,-17,0,-9,sil
24.065431356430054,-12,-12,-16,-21,-15,-2,7,0,32,-5,-15,-16,-10,-10,sil
24.065431356430054,3,0,0,-8,0,-2,8,0,30,-15,-10,0,-6,-6,sil
24.07979941368103,9,1,1,-1,-4,-7,-5,2,3,-31,-15,5,-7,-12,sil
24.09537053108216,10,0,6,-4,-11,-13,-24,-2,-22,-34,-9,11,-6,-7,sil
24.09537053108216,23,11,16,2,1,-15,-20,-3,-27,-17,15,26,7,4,sil
24.09537053108216,21,23,9,15,6,-15,-12,0,-22,-1,35,32,16,3,sil
24.12142515182495,1,18,8,12,-2,-4,-17,1,-23,-3,33,22,9,-4,sil
24.12142515182495,-6,7,0,5,0,5,-12,2,-20,-4,17,1,-2,-6,sil
24.12142515182495,-4,7,3,12,8,6,-4,3,-12,1,4,-9,-6,-3,sil
24.142409324646,-5,11,10,26,11,11,-4,4,-5,5,1,-6,-7,-4,sil
24.14307284355164,-8,3,0,28,13,21,6,0,-8,4,-3,-9,-9,-2,sil
24.15811824798584,-5,0,8,18,10,24,14,-1,-15,8,-11,-15,-4,8,sil
24.15811824798584,5,-4,1,5,4,9,3,-2,-7,19,-10,-9,5,15,sil
24.15811824798584,4,-17,-10,-5,-1,0,-1,-2,3,19,-14,-5,1,15,sil
24.173128366470337,-12,-23,-11,-14,-7,4,9,-1,7,9,-19,-14,-3,14,sil
24.173128366470337,-15,-13,-19,-19,-5,4,15,-3,12,8,-7,-20,3,3,sil
24.189546823501587,-5,-7,-11,-29,-3,-7,6,-1,20,9,4,-6,4,-12,sil
24.189546823501587,-6,-15,-11,-36,-11,-13,-1,3,25,0,9,8,-1,-10,sil
24.20462751388549,0,-6,-4,-22,-12,-13,-1,1,18,-14,11,13,2,-2,sil
24.22374200820923,12,13,8,-5,-2,-13,-6,0,1,-14,13,16,8,-10,sil
24.22374200820923,4,9,-1,-9,0,-14,-18,0,-13,-10,15,13,-1,-19,sil
24.22374200820923,0,3,9,-8,0,-13,-15,3,-16,-18,14,12,-15,-13,sil
24.23651146888733,6,16,14,21,10,-1,2,6,-3,-12,11,11,-7,0,sil
24.23651146888733,2,14,5,39,17,10,7,1,4,1,4,4,2,4,sil
24.25346732139588,-3,3,3,24,6,8,-2,1,-9,-2,-6,-5,-6,0,sil
24.25346732139588,-3,0,-7,16,1,7,3,6,-13,-2,-13,-15,-14,-1,sil
24.26702570915222,-2,0,-2,18,8,20,21,4,3,12,-12,-15,-2,6,sil
24.284264087677,-1,-2,0,12,3,19,19,-1,3,14,-18,-12,6,8,sil
24.284264087677,-1,-5,1,5,-5,4,5,-4,-8,5,-25,-13,0,6,sil
24.284264087677,-4,-4,11,1,-1,2,7,-1,1,6,-18,-8,0,7,sil
24.30027961730957,-1,-9,-7,-8,0,4,13,0,16,2,-16,-5,7,3,sil
24.30027961730957,10,-6,-3,-13,-4,0,6,-1,6,-1,-19,-5,2,4,sil
24.313960313797,20,3,8,-7,-7,-1,1,-6,1,0,0,4,4,14,sil
24.33004140853882,13,0,-1,-15,-14,-9,-4,-6,9,-2,16,15,16,15,sil
24.33004140853882,0,-3,1,-22,-19,-19,-18,2,7,0,14,18,16,5,sil
24.34607434272766,3,10,2,-8,-7,-20,-23,3,8,14,21,15,15,5,sil
24.34607434272766,8,11,5,-8,0,-15,-19,-2,11,9,31,15,17,3,sil
24.363184690475464,1,1,3,-11,1,-5,-14,0,1,-5,34,24,13,-7,sil
24.363184690475464,-3,9,0,12,13,3,-3,1,-6,1,40,22,2,-4,sil
24.363184690475464,0,16,12,37,28,7,7,1,-3,7,23,0,-6,5,sil
24.37662386894226,-5,0,-6,28,19,12,12,1,-2,0,-9,-15,-14,-3,sil
24.392425060272217,-20,-19,-19,-5,-2,17,11,-3,-5,-3,-29,-23,-23,-18,sil
24.39279770851136,-26,-29,-13,-29,-13,10,11,-5,-3,-2,-37,-32,-27,-19,sil
24.40743374824524,-15,-20,-18,-25,-11,-8,1,1,-3,-10,-37,-23,-16,-17,sil
24.40743374824524,0,-3,-4,-18,-10,-13,-9,2,-6,-23,-16,3,0,-10,sil
24.423419713974,11,3,-2,-18,-8,-8,-2,-5,0,-21,0,11,6,-1,sil
24.423419713974,5,5,-3,-18,-9,-13,-8,-6,-6,-19,1,-1,0,-10,sil
24.439038515090942,-6,6,6,-4,-8,-14,-32,1,-30,-26,4,-5,-11,-21,sil
24.439038515090942,-2,7,11,17,6,-2,-24,2,-31,-16,8,7,-12,-6,sil
24.455097913742065,9,18,18,30,22,9,5,4,-7,5,10,15,-6,8,sil
24.455097913742065,7,19,4,32,14,10,12,6,6,7,9,0,-6,1,sil
24.47113871574402,-2,0,5,28,0,7,3,3,0,0,-5,-10,-10,-1,sil
24.47113871574402,-3,-8,9,10,0,13,12,2,-5,8,-16,-3,-5,1,sil
24.48638176918029,0,-6,-4,-5,5,16,25,0,3,18,-11,-7,3,2,sil
24.48638176918029,-2,-6,1,-1,4,11,20,-1,14,17,-8,-17,5,7,sil
24.50207543373108,0,-3,1,4,4,8,11,-4,15,23,-5,-9,9,19,sil
24.50207543373108,12,2,0,6,7,8,15,-2,15,27,7,4,22,28,sil
24.51700115203857,17,7,8,19,4,7,17,2,21,23,16,15,28,29,sil
24.51700115203857,13,4,0,21,-2,-2,3,0,19,19,19,17,20,28,sil
24.53203058242798,12,0,2,-2,-6,-12,-5,-2,18,16,14,14,15,21,sil
24.53203058242798,10,-2,-2,-12,-2,-10,-2,6,32,14,7,8,17,10,sil
24.547521829605103,-2,-9,-14,-8,-3,-5,-8,8,24,7,1,0,6,-1,sil
24.547521829605103,-21,-19,-13,-31,-14,-7,-21,-2,-8,-7,-8,-13,-13,-21,sil
24.56306552886963,-27,-16,-17,-45,-19,-10,-22,-9,-20,-22,-18,-16,-17,-31,sil
24.56306552886963,-9,-3,-2,-24,-12,-5,-11,-3,-15,-26,-12,-3,-9,-19,sil
24.57814931869507,0,4,-1,-7,-5,-1,-5,-2,-16,-22,0,5,-3,-7,sil
24.57814931869507,-3,7,-7,-10,0,-1,-6,-5,-17,-21,3,4,0,-3,sil
24.594183921813965,1,7,6,-4,5,-2,-5,1,-16,-24,0,6,-1,-3,sil
24.594183921813965,11,1,6,6,2,-3,-1,1,-15,-19,0,8,-6,-4,sil
24.61021661758423,9,5,13,7,0,0,-3,-1,-2,-3,11,11,3,-1,sil
24.61021661758423,4,13,6,12,5,0,4,5,12,10,16,12,14,0,sil
24.62630271911621,1,7,-6,13,3,-6,12,8,-1,5,2,3,-3,-5,sil
24.62630271911621,0,4,5,2,-2,-6,0,3,-20,-3,0,-1,-17,-9,sil
24.64239239692688,1,6,1,3,1,-2,-1,1,-3,3,12,0,0,-3,sil
24.64239239692688,1,0,4,17,6,3,6,0,4,6,4,0,0,0,sil
24.658270359039307,-11,-7,0,16,7,9,0,-4,-14,-5,-15,-16,-24,-11,sil
24.658270359039307,-26,-11,-16,-3,9,2,-11,-7,-23,-15,-20,-33,-33,-26,sil
24.673410654068,-17,-6,-2,-9,1,-5,-13,-2,-18,-16,-19,-19,-24,-20,sil
24.673410654068,0,3,4,12,-1,1,-3,0,-7,-11,-12,0,-11,-4,sil
24.68900752067566,2,6,6,24,6,16,9,0,11,0,-8,-5,-5,0,sil
24.68900752067566,0,-1,5,18,10,19,19,2,26,21,-7,-10,1,9,sil
24.704067707061768,11,-2,0,14,5,12,29,3,31,38,0,8,21,32,sil
24.704067707061768,12,-5,8,-1,1,7,30,2,30,31,0,13,27,40,sil
24.720094919204712,0,-16,-7,-22,-6,-2,10,0,23,10,-12,-4,14,25,sil
24.720094919204712,4,-8,-6,-18,-12,-5,-4,-2,13,3,-3,0,16,16,sil
24.735227584838867,14,8,10,-11,-8,1,-3,-3,14,9,17,21,30,18,sil
24.73622918128968,9,3,-3,-18,-9,-10,-16,-3,9,4,17,22,21,9,sil
24.75125789642334,7,4,-2,-15,-12,-22,-33,0,-10,-15,12,16,3,-3,sil
24.75125789642334,12,18,0,0,-6,-12,-19,2,-18,-18,27,16,4,-9,sil
24.766958236694336,10,14,-1,-4,-4,-7,-5,1,-8,-3,34,8,7,-12,sil
24.766958236694336,3,2,3,-7,0,-2,-5,0,-5,7,27,0,1,-9,sil
24.782349586486816,0,2,0,11,13,7,-1,0,-11,5,18,-4,0,-4,sil
24.782349586486816,-9,3,0,17,16,4,3,5,-15,-6,0,-12,-9,-9,sil
24.798402547836304,-25,-5,-10,5,8,1,3,6,-15,-14,-18,-23,-24,-17,sil
24.798402547836304,-28,-17,-7,0,5,14,8,0,-12,-1,-26,-29,-25,-12,sil
24.81399297714233,-16,-16,7,7,3,17,15,-1,-8,11,-27,-24,-14,-4,sil
24.81399297714233,-11,-9,-1,10,-3,3,14,-4,-10,-5,-27,-18,-14,-3,sil
24.829401969909668,-11,-9,1,-2,-7,0,6,-5,-6,-18,-27,-12,-17,-3,sil
24.829401969909668,-2,-8,-2,-13,-8,4,4,0,14,5,-16,0,-1,0,sil
24.84505319595337,7,0,-9,-13,-13,0,3,2,20,16,-8,7,8,4,sil
24.84505319595337,9,0,0,-11,-8,-6,-2,0,9,-6,-18,4,-1,-5,sil
24.86213779449463,8,-2,-2,-2,0,-13,-12,-4,1,-21,-15,5,-5,-10,sil
24.86213779449463,4,6,4,0,-5,-16,-19,-2,-7,-17,10,16,2,-2,sil
24.877282857894897,1,14,-2,-5,-4,-7,-13,0,-8,0,30,23,16,5,sil
24.877282857894897,9,9,-2,-6,9,0,-6,0,8,12,32,26,26,15,sil
24.891172409057617,17,11,18,2,8,0,-7,0,13,7,24,24,17,16,sil
24.907471418380737,16,12,8,10,6,-3,0,1,2,0,12,13,3,11,sil
24.907471418380737,14,5,9,14,13,-2,5,1,0,-2,14,13,7,16,sil
24.907471418380737,9,4,8,14,5,-2,3,3,8,0,25,18,14,15,sil
24.92327189445496,-2,7,-6,3,0,-6,4,0,12,3,3,0,0,-4,sil
24.92327189445496,-5,3,1,0,6,0,5,0,5,3,-27,-20,-20,-13,sil
24.93841457366944,5,0,1,12,1,0,2,0,-1,2,-8,-18,-17,0,sorry
24.93841457366944,5,0,0,10,-6,-2,-5,2,-11,-4,13,-10,-6,0,sorry
24.95405673980713,-10,-4,-6,-5,0,7,-8,3,-14,-6,-4,-13,-4,-11,sorry
24.95405673980713,-22,-15,-13,-10,5,13,2,-1,-10,7,-18,-21,-4,-13,sorry
24.96962261199951,-22,-16,-5,-8,-1,8,4,-2,-14,-2,-14,-27,-16,-16,sorry
24.96962261199951,-20,-8,-6,0,-2,12,0,1,-17,-23,-19,-27,-28,-24,sorry
24.98542141914368,-12,-2,2,7,2,18,8,7,0,4,-14,-7,-8,-15,sorry
25.00148844718933,-5,-8,1,0,4,8,15,2,17,32,-2,6,12,0,sorry
25.00148844718933,-2,-12,-10,-6,-3,-5,10,-6,7,12,-12,-5,3,1,sorry
25.00199174880981,1,-2,8,-2,-10,-1,10,0,-2,6,-16,-8,3,0,sorry
25.015549421310425,5,0,5,-1,-10,3,11,2,7,23,7,10,24,13,sorry
25.032878398895264,8,0,-1,-3,-5,-2,-2,-9,16,19,21,15,25,17,sorry
25.032878398895264,8,3,0,0,3,-3,-5,-10,8,8,14,9,14,7,sorry
25.032878398895264,0,1,-7,-6,0,-3,2,-2,0,-2,9,7,10,0,sorry
25.047011852264404,-4,-5,-3,-18,-19,-10,-4,0,-1,-20,5,6,4,0,sorry
25.06223130226136,7,1,2,-7,-22,-18,-15,0,-3,-18,0,12,0,9,sorry
25.06223130226136,16,17,9,3,-3,-13,-14,3,-8,-12,10,28,1,16,sorry
25.079238653182983,12,16,7,-7,10,-2,-4,3,1,-15,25,27,6,11,sorry
25.079238653182983,5,7,-6,-13,14,-7,-8,0,9,-15,17,4,-1,4,sorry
25.079238653182983,4,12,7,5,10,-15,-23,1,-14,-24,0,-2,-19,4,sorry
25.09343695640564,0,11,3,17,11,-3,-15,-1,-36,-32,1,1,-19,3,sorry
25.10909128189087,-7,-5,-3,7,19,16,5,0,-24,-15,-5,-7,-13,0,sorry
25.10909128189087,-2,-4,7,15,14,21,11,5,-5,10,-17,-15,-14,-1,sorry
25.12424159049988,11,5,8,37,6,13,11,0,8,23,-6,-7,-2,0,sorry
25.12424159049988,9,2,13,27,11,16,18,0,21,25,-3,-2,4,1,sorry
25.1394944190979,1,-8,-1,8,8,17,21,4,15,18,-17,-6,0,-1,sorry
25.1394944190979,2,-8,-11,1,-6,3,6,-1,5,0,-18,-7,0,-5,sorry
25.15501379966736,-2,-6,-1,-6,-10,-1,-4,0,19,7,-5,-7,12,-5,sorry
25.15501379966736,-11,-12,-19,-19,-9,-6,3,5,34,35,-1,-12,15,-4,sorry
25.17118763923645,-10,-16,-15,-32,-17,-18,-1,-3,20,24,-11,-12,7,-11,sorry
25.17118763923645,-16,-9,-5,-41,-23,-21,-25,-7,-4,-10,-9,-3,1,-25,sorry
25.186399936676025,-17,1,-12,-29,-21,-17,-24,0,-15,-19,8,3,0,-25,sorry
25.186399936676025,0,11,2,-6,-6,-9,-7,6,-12,-9,17,13,1,-15,sorry
25.20211887359619,14,15,15,8,9,0,-2,1,-1,-9,16,21,5,-1,sorry
25.20211887359619,9,8,19,8,3,4,0,0,2,-3,21,19,9,13,sorry
25.21727991104126,-5,-3,0,0,-7,1,6,0,-1,0,10,1,-2,9,sorry
25.21727991104126,-17,-6,-8,1,0,0,2,-2,-17,-12,-15,-15,-28,-10,sorry
25.23244023323059,-10,0,6,17,11,6,-1,-4,-29,-18,-14,-12,-29,-8,sorry
25.233067750930783,-2,0,0,19,11,13,5,-2,-20,-2,1,-7,-9,7,sorry
25.248048067092896,-10,-10,-5,-2,1,9,6,-2,-15,-6,-11,-18,-6,0,sorry
25.248048067092896,-10,-6,-8,-1,0,6,8,-4,-18,-19,-24,-19,-11,-7,sorry
25.263099193573,3,3,-5,21,7,12,18,0,-1,3,-5,0,0,16,sorry
25.263099193573,4,0,10,15,7,14,17,6,15,28,4,7,7,22,sorry
25.27932119369507,0,-7,-4,-1,5,7,9,0,16,17,-6,-8,3,2,sorry
25.27932119369507,11,-1,-4,4,11,3,14,2,20,8,-3,-6,9,5,sorry
25.29440402984619,21,10,5,12,9,3,14,10,28,13,11,12,18,17,sorry
25.29440402984619,16,9,-1,-2,0,-8,-2,0,17,5,13,17,14,9,sorry
25.31041598320008,10,0,4,-22,-2,-17,-12,-6,7,2,23,17,14,7,sorry
25.31041598320008,12,-1,2,-25,-9,-15,-8,0,15,14,42,24,28,16,sorry
25.32606267929077,13,5,0,-15,-19,-16,-16,0,3,6,26,22,21,8,sorry
25.32606267929077,14,9,6,-6,-15,-20,-24,-6,-14,-12,2,18,0,-2,sorry
25.34120178222656,15,6,7,-2,-7,-12,-19,-3,-9,-16,6,19,-4,-2,sorry
25.34120178222656,4,10,14,4,0,0,-18,2,-11,-21,0,10,-8,-4,sorry
25.355700492858887,-7,14,5,19,7,1,-18,3,-24,-24,-8,-3,-12,-11,sorry
25.3722939491272,0,17,10,35,15,3,-1,4,-14,-6,-1,-1,-6,-5,sorry
25.3722939491272,1,11,14,38,18,20,21,3,4,11,-9,-4,-6,2,sorry
25.3722939491272,-17,-9,-10,14,14,25,28,0,13,15,-22,-25,-7,0,sorry
25.38689756393433,-37,-21,-11,-6,2,13,15,-1,10,11,-14,-33,-2,-7,sorry
25.404205799102783,-36,-18,-15,-4,-4,7,2,0,0,9,-27,-35,-10,-10,sorry
25.404205799102783,-26,-28,-21,-18,-15,2,-3,-1,-7,4,-49,-42,-22,-12,sorry
25.404205799102783,-21,-36,-19,-49,-24,-9,-6,-5,2,-5,-37,-32,-11,-14,sorry
25.41930246353149,-10,-19,-20,-41,-21,-17,-5,-4,11,-12,-16,-11,0,-11,sorry
25.43438076972961,10,1,0,-11,-10,-10,-5,1,3,-5,-4,6,0,-6,sorry
25.43438076972961,14,1,-1,-5,-5,-7,-4,0,-5,0,12,15,3,-7,sorry
25.43438076972961,3,1,-5,-14,-3,-4,0,-6,-8,-12,19,18,3,-6,sorry
25.44889616966248,11,14,11,-2,10,2,0,1,-1,-8,23,25,4,0,sorry
25.46402192115784,17,16,5,14,25,-1,-5,8,3,5,27,16,5,-1,sil
25.46402192115784,5,5,6,3,8,-18,-10,0,-5,-14,15,3,-7,-11,sil
25.479584455490112,6,7,7,-4,-6,-14,-2,-4,-11,-24,12,10,-6,-3,sil
25.479584455490112,17,15,4,17,5,5,3,1,-8,8,23,16,5,9,sil
25.49516987800598,12,15,22,38,9,12,1,5,-9,20,21,13,-1,11,sil
25.49516987800598,5,8,10,26,2,9,14,0,-2,4,13,10,-6,15,sil
25.51032447814941,0,2,0,0,5,19,28,-1,1,0,4,0,2,21,sil
25.51032447814941,-8,-2,2,0,7,24,15,1,0,4,-4,-4,5,14,sil
25.526443243026733,-6,0,1,23,6,14,0,1,6,13,0,1,11,10,sil
25.526443243026733,5,9,4,30,9,15,4,0,16,19,-2,0,18,14,sil
25.542102575302124,12,12,0,24,10,20,14,-1,10,17,-15,-6,14,13,sil
25.542102575302124,10,0,5,18,6,5,15,2,15,21,-9,1,16,16,sil
25.55707740783692,0,-12,0,-2,-7,-12,9,8,23,13,0,0,20,14,sil
25.55707740783692,-17,-16,-16,-31,-21,-17,-4,0,9,-8,-12,-13,7,-1,sil
25.57251811027527,-17,-16,-7,-33,-13,-10,-12,-5,1,1,-19,-11,-8,-10,sil
25.57251811027527,-2,-14,-7,-18,0,-9,-8,0,9,20,-6,-6,-6,-4,sil
25.58833837509156,-1,-8,-9,-18,-9,-13,-16,-4,-5,-11,-11,-13,-8,-13,sil
25.58833837509156,-16,-13,-11,-32,-24,-15,-25,-8,-28,-40,-21,-15,-19,-26,sil
25.60445618629456,-17,-17,-14,-36,-23,-21,-26,-1,-23,-23,-10,-4,-19,-26,sil
25.60445618629456,-3,-5,1,-26,-17,-17,-27,0,-6,-16,-4,0,-13,-27,sil
25.62034821510315,5,6,3,-11,-5,-5,-16,-1,0,-22,-3,0,-9,-20,sil
25.62034821510315,8,10,7,0,3,-8,0,2,1,-8,14,12,-1,2,sil
25.63540935516357,7,12,7,0,4,-14,0,3,0,0,19,15,-1,4,sil
25.63540935516357,0,8,-7,-1,4,-3,1,0,-7,-17,3,-2,-13,-11,sil
25.651444673538208,0,8,3,9,8,10,11,4,-7,-14,5,-2,-11,-4,sil
25.651444673538208,6,14,6,28,12,12,16,4,5,10,16,12,6,11,sil
25.6671404838562,0,11,9,30,15,7,0,-1,2,9,7,13,7,8,sil
25.6671404838562,3,13,17,33,19,14,-7,0,-10,2,16,16,4,7,sil
25.682380199432373,21,19,10,44,24,30,8,3,-2,24,33,17,17,24,sil
25.682380199432373,10,8,12,35,18,31,19,1,-2,27,9,0,15,21,sil
25.698400735855103,-17,-9,-5,13,9,19,13,-2,-16,6,-13,-16,0,0,sil
25.698400735855103,-14,-12,-10,0,7,17,17,-3,-1,8,-9,-13,-7,0,sil
25.714444875717163,6,-6,0,-6,7,16,27,0,30,25,-10,-5,2,16,sil
25.714444875717163,5,-8,-14,-11,0,6,25,0,28,20,-21,-8,10,17,sil
25.73047947883606,-2,-9,-11,-14,-5,2,17,0,8,6,-26,-11,0,8,sil
25.73047947883606,5,-6,-1,-7,0,-2,15,5,16,9,-17,-2,1,8,sil
25.746397733688354,9,-4,-2,-9,0,-17,1,3,22,8,3,10,17,4,sil
25.746397733688354,1,-3,-1,-24,-11,-26,-12,-3,0,-12,8,4,9,-11,sil
25.76144313812256,1,1,-6,-12,-13,-25,-11,-3,-7,-23,0,-3,-2,-14,sil
25.76144313812256,7,7,7,3,-11,-20,-9,1,5,-11,12,14,9,0,sil
25.777442455291748,0,-1,5,-9,-20,-18,-19,0,0,-1,22,21,12,0,sil
25.777442455291748,-13,-11,-7,-22,-25,-15,-33,-4,-15,-14,1,-2,-13,-22,sil
25.792362451553345,-24,-10,-8,-17,-22,-12,-45,-4,-29,-36,-19,-22,-33,-38,sil
25.792362451553345,-33,-14,-19,-29,-34,-20,-52,-9,-50,-49,-25,-30,-40,-42,sil
25.808425426483154,-32,-19,-8,-41,-41,-23,-56,-8,-53,-47,-28,-30,-42,-38,sil
25.808425426483154,-20,-7,0,-14,-17,-7,-41,1,-22,-27,-24,-18,-25,-25,sil
25.82435655593872,-9,5,0,8,4,2,-11,2,-3,-7,-5,-7,-10,-8,sil
25.82435655593872,1,13,9,13,12,12,11,3,-1,8,16,0,-4,3,sil
25.84038996696472,18,20,11,29,30,35,37,10,23,37,26,13,21,27,sil
25.84038996696472,31,26,21,50,49,46,65,12,53,61,31,28,47,53,sil
25.856488943099976,37,24,24,55,49,38,75,8,53,65,42,33,44,57,sil
25.856488943099976,31,8,12,29,34,28,58,5,34,51,34,23,32,43,sil
25.87204098701477,16,-11,4,-11,11,9,35,0,17,25,4,12,24,29,sil
25.87204098701477,0,-18,-8,-17,0,-9,19,-10,13,1,-12,4,10,17,sil
25.88807320594788,1,1,0,2,2,-8,2,-8,14,-4,-6,10,4,9,sil
25.88807320594788,20,18,1,6,6,-3,-1,2,11,0,13,23,15,12,sil
25.904135704040527,21,12,-2,0,0,-14,-6,0,5,-4,22,22,13,4,sil
25.904135704040527,7,7,1,0,-5,-24,-27,-9,-8,-21,3,4,-11,-19,sil
25.919484853744507,4,8,-1,11,-2,-17,-27,-7,-30,-29,-13,-9,-30,-30,sil
25.919484853744507,-2,4,8,16,1,3,-15,2,-37,-29,-16,-14,-31,-29,sil
25.93539667129517,-19,-5,-4,6,1,13,-14,3,-26,-22,-18,-26,-30,-27,sil
25.93539667129517,-23,-17,-26,0,-3,4,-10,-5,-21,-6,-25,-38,-30,-21,sil
25.950427770614624,-20,-23,-5,-4,-8,5,-2,-5,-17,4,-28,-33,-21,-13,sil
25.950427770614624,-29,-21,-4,-18,-12,6,-1,0,-4,1,-27,-29,-9,-7,sil
25.96633124351501,-32,-21,-18,-41,-21,-8,-11,0,-4,-8,-31,-30,-8,-9,sil
25.96633124351501,-20,-20,-11,-45,-27,-23,-19,-1,-5,-10,-24,-10,-3,-13,sil
25.98135685920716,-6,-11,-6,-30,-20,-20,-20,2,-1,-11,2,15,8,-10,sil
25.98135685920716,0,1,5,-20,-11,-14,-20,10,-7,-20,19,21,5,-10,sil
25.9974365234375,-2,10,1,-5,-5,-4,-8,10,-5,-9,12,16,0,-10,sil
25.9974365234375,-6,11,0,8,0,12,6,1,0,4,3,9,2,-7,sil
26.01301860809326,-5,7,4,9,0,19,6,-5,-7,1,-4,-1,1,-4,sil
26.01301860809326,-4,0,0,7,0,11,6,-6,-2,7,-8,-2,0,7,sil
26.02852249145508,0,0,2,-1,-3,3,11,0,14,19,3,11,14,23,sil
26.02852249145508,10,6,2,-8,-2,-1,5,1,21,14,22,19,28,23,sil
26.04407477378845,20,19,13,2,8,-5,-3,1,18,5,30,15,26,14,sil
26.04407477378845,26,21,19,14,12,-7,-3,6,12,0,23,10,11,9,sil
26.06011199951172,19,12,4,24,13,-4,8,6,11,7,19,8,3,13,sil
26.06011199951172,8,2,2,32,18,9,21,0,20,31,17,4,1,22,sil
26.075284004211422,-3,-12,-10,18,10,14,25,-1,22,36,-10,-18,-4,13,sil
26.075284004211422,2,-21,-10,7,10,7,33,-6,17,17,-21,-27,-4,8,sil
26.09034252166748,31,-3,10,17,17,5,35,-3,31,16,16,8,18,28,sil
26.09034252166748,45,11,4,26,16,0,20,0,42,24,44,33,35,38,sil
26.10659527778625,43,13,6,40,31,-4,28,-1,27,17,43,15,26,38,sil
26.10659527778625,18,9,1,25,22,-1,17,-5,-2,0,18,-3,0,12,sil
0.0416624546051025,-21,0,-13,-35,-29,-12,-46,-1,-32,-36,-28,-7,-26,-46,sorry
0.0570745468139648,-35,-10,0,-52,-41,-20,-64,2,-45,-58,-42,-7,-36,-64,sorry
0.0570745468139648,-24,-5,2,-29,-13,-5,-36,0,-42,-50,-25,-8,-30,-39,sorry
0.0730137825012207,-22,4,3,-23,-9,2,-35,-2,-44,-40,-27,-7,-32,-29,sorry
0.0730137825012207,-26,2,5,-4,-12,-1,-22,-2,-46,-29,-30,-7,-37,-27,sorry
0.0886921882629394,-18,-1,-2,15,-7,4,1,0,-37,-18,-20,-11,-31,-23,sorry
0.0886921882629394,-8,3,5,8,0,16,-2,1,-34,-13,-11,-4,-17,-11,sorry
0.1038324832916259,-10,2,2,0,3,12,-4,0,-25,0,0,3,-4,7,sorry
0.1038324832916259,-9,-7,-6,3,-2,12,16,2,5,29,5,5,14,18,sorry
0.1193397045135498,-3,-7,-6,0,0,13,22,7,29,40,0,-1,32,14,sorry
0.1193397045135498,-6,-11,-15,-17,2,-3,0,0,22,18,-8,-12,23,0,sorry
0.1349854469299316,-1,-15,-10,-22,-3,-15,-9,-5,15,3,-9,-3,14,3,sorry
0.1349854469299316,14,-4,-4,-9,0,-6,4,0,28,19,10,20,31,23,sorry
0.1506364345550537,11,-3,-9,-23,-2,-14,-2,2,24,18,21,17,21,14,sorry
0.1506364345550537,-4,-14,-14,-41,-19,-32,-28,0,-6,-17,1,-7,-14,-18,sorry
0.1659057140350341,-6,0,-5,-5,-10,-14,-9,-3,-4,-20,-1,-11,-11,-15,sorry
0.1659057140350341,6,20,17,27,18,22,35,5,36,23,11,-3,7,11,sorry
0.181006908416748,0,1,0,8,20,32,40,8,42,34,-9,-24,-7,1,sorry
0.181006908416748,-21,-20,-22,-5,1,15,21,0,18,6,-29,-47,-20,-17,sorry
0.1969094276428222,-16,-11,-1,5,0,8,27,-1,25,9,-1,-23,0,2,sorry
0.1969094276428222,10,1,9,4,8,9,27,0,34,27,26,11,22,21,sorry
0.2131049633026123,23,11,12,3,6,-8,-5,-1,5,6,26,26,22,10,sorry
0.2131049633026123,27,23,13,20,2,-23,-25,-4,-14,-17,31,35,16,7,sorry
0.2290573120117187,26,24,13,20,2,-17,-25,-4,-20,-21,24,36,4,9,sorry
0.2290573120117187,13,21,21,13,1,-11,-28,0,-39,-30,6,25,-7,-2,sorry
0.2439477443695068,9,25,16,32,8,-5,-18,2,-37,-32,14,14,-7,-5,sorry
0.2439477443695068,12,20,8,33,8,3,-10,0,-19,-15,16,8,-7,0,sorry
0.2592706680297851,-1,0,-4,8,-5,-2,-15,-1,-28,-10,-12,0,-18,-3,sorry
0.2592706680297851,-7,-8,-3,11,-7,-5,-1,2,-32,-11,-25,-3,-15,1,sorry
0.275193452835083,0,-9,4,17,-1,14,23,6,-13,-3,-14,-5,-3,8,sorry
0.275193452835083,-10,-16,-8,-2,-3,22,24,0,-3,3,-13,-13,-9,0,sorry
0.2908730506896972,-22,-15,-7,-11,-1,7,10,-1,-2,1,-20,-16,-14,-7,sorry
0.2908730506896972,-7,-7,2,0,1,2,3,-2,10,0,-19,-11,-3,0,sorry
0.3066389560699463,1,-10,-7,-8,-2,9,1,-2,22,11,-14,-7,0,12,sorry
0.3066389560699463,-3,-18,-12,-31,-7,4,-3,0,17,20,-15,-5,0,5,sorry
0.3225955963134765,-3,-13,-9,-26,-11,-12,-10,-3,0,11,-4,0,10,-7,sorry
0.3225955963134765,3,-2,4,-5,-10,-15,-14,-7,0,5,18,8,25,0,sorry
0.3380794525146484,5,-1,0,-13,-5,-3,-3,0,18,16,19,10,26,7,sorry
0.3380794525146484,3,-8,-13,-32,-4,-1,11,5,23,16,1,-3,12,-3,sorry
0.3541278839111328,0,2,-4,-23,-8,0,10,5,19,1,0,-4,0,-12,sorry
0.3541278839111328,-9,6,-9,-13,-3,1,0,4,37,3,13,4,2,-6,sorry
0.3696262836456299,-15,-4,-8,-24,4,-9,-14,1,36,10,26,5,7,-3,sorry
0.3696262836456299,-2,10,7,-9,12,-13,-23,0,2,5,23,4,2,-6,sorry
0.3856699466705322,5,26,9,22,16,0,-3,-3,-23,-12,-3,1,-14,-9,sorry
0.3856699466705322,-3,15,9,20,15,5,16,-2,-36,-33,-22,-10,-33,-11,sorry
0.4008903503417969,-5,6,2,11,17,10,20,0,-33,-27,-3,-15,-20,-4,sorry
0.4008903503417969,-1,-1,4,18,10,17,18,3,-13,-4,4,-8,-2,-1,sorry
0.4162933826446533,-13,-19,4,14,-2,17,3,2,-9,-2,-18,-14,-17,-16,sorry
0.4162933826446533,-19,-18,-9,9,-3,9,-9,-6,-16,-10,-34,-24,-24,-14,sorry
0.4318466186523437,-2,0,-2,11,0,3,-8,-9,-15,-11,-25,-17,-1,3,sorry
0.4318466186523437,13,0,-2,7,-9,-1,-2,-1,-10,6,-10,0,8,14,sorry
0.4478664398193359,17,0,-6,6,-10,-1,4,0,2,30,-1,14,11,21,sorry
0.4478664398193359,12,1,3,5,3,0,12,1,26,26,12,22,23,25,sorry
0.4630465507507324,8,-1,0,-3,5,-13,2,3,32,-1,26,16,25,15,sorry
0.4785561561584472,6,-1,-3,-9,-14,-25,-14,1,8,-16,12,5,8,0,sorry
0.4785561561584472,7,6,-2,-7,-15,-19,-16,-4,-6,-8,6,11,6,0,sorry
0.4939537048339844,15,21,10,5,1,-11,-11,0,-3,5,28,26,15,7,sorry
0.4939537048339844,17,26,23,21,2,-1,-5,10,-2,6,30,28,6,9,sorry
0.4939537048339844,0,4,5,13,-2,6,0,4,-6,0,0,3,-12,0,sorry
0.5099904537200928,-21,-17,-6,-6,-3,6,1,-7,-13,0,-23,-17,-17,-8,sorry
0.5099904537200928,-15,-19,-8,-11,-10,1,0,-6,-6,9,-15,-14,-3,-2,sorry
0.5253489017486572,11,-8,2,-10,-9,-2,0,1,17,18,13,8,20,18,sorry
0.5420322418212891,21,5,10,-14,1,-4,-5,3,26,12,25,23,27,15,sorry
0.5420322418212891,4,10,-4,-10,10,0,-6,0,6,-10,5,10,0,-8,sorry
0.5420322418212891,-8,11,1,2,23,8,0,-2,-10,-20,-7,-4,-18,-22,sorry
0.557096004486084,-17,2,-4,9,24,13,4,0,-17,-16,-19,-23,-26,-29,sorry
0.557096004486084,-29,-24,-22,-5,-3,18,6,0,-22,-22,-49,-43,-44,-37,sorry
0.5726509094238281,-24,-29,-10,-17,-16,25,26,4,0,-7,-39,-33,-33,-14,sorry
0.5726509094238281,-12,-10,-4,-7,-2,12,31,2,28,22,3,-8,3,14,sorry
0.5880990028381348,-10,-1,0,-6,0,-6,3,2,23,8,7,-5,6,5,sorry
0.5880990028381348,0,4,0,-11,-2,-7,-12,4,12,-10,2,0,2,-2,sorry
0.6049585342407227,29,22,10,7,9,-9,-2,1,14,5,29,27,25,19,sorry
0.6049585342407227,35,28,29,26,17,-8,1,0,0,3,27,29,24,23,sorry
0.6195602416992188,8,6,4,18,6,0,-2,-1,-23,-12,-8,-4,-2,2,sorry
0.6195602416992188,-11,-16,-10,3,-8,1,-3,-5,-21,0,-19,-23,-8,0,sorry
0.634148120880127,-5,-17,1,0,-10,-3,-3,-6,-5,17,-4,-7,5,8,sil
0.634148120880127,9,-5,3,0,-6,-7,-6,-7,4,15,0,8,12,8,sil
0.6507778167724609,17,7,2,3,-6,-12,-17,-2,5,9,7,17,15,4,sil
0.6507778167724609,19,13,-5,6,0,-16,-20,1,0,9,24,21,23,5,sil
0.6676294803619385,9,6,-1,-9,-1,-15,-6,-4,-8,1,25,20,18,2,sil
0.6686298847198486,-7,-2,0,-27,-12,-11,-4,-4,-12,-11,7,9,-1,-12,sil
0.6820542812347412,-19,-4,-12,-16,-6,-7,-12,2,-12,-18,-4,-6,-17,-27,sil
0.6969728469848633,-17,4,0,7,9,7,1,9,-9,-13,-2,-12,-14,-17,sil
0.6969728469848633,-11,11,0,13,12,19,19,8,0,-5,1,-10,-8,-4,sil
0.6969728469848633,-6,4,-4,5,7,15,13,6,4,-3,-1,-10,-13,-8,sil
0.7116422653198242,-9,-1,6,11,7,17,14,3,4,0,-10,-10,-18,-5,sil
0.727571964263916,-9,-8,5,18,7,21,25,-2,10,6,-17,-13,-12,7,sil
0.727571964263916,-8,-19,-5,-3,0,10,17,1,13,6,-25,-19,-10,0,sil
0.7440354824066162,-14,-26,-18,-23,-12,0,0,5,10,3,-32,-20,-8,-3,sil
0.7440354824066162,-4,-7,-1,-6,-13,0,-2,-5,7,10,-15,-6,3,14,sil
0.7440354824066162,22,13,21,11,-3,4,1,-6,1,11,7,18,16,25,sil
0.7577860355377197,27,3,6,7,-2,-2,-7,0,-1,1,9,22,18,15,sil
0.7729904651641846,8,-9,-4,-4,-11,-20,-27,-8,-5,-5,2,6,9,3,sil
0.7729904651641846,3,-1,-4,-10,-11,-29,-31,-13,-20,-11,6,6,0,-3,sil
0.7890217304229736,11,8,1,-9,0,-14,-13,-4,-17,-18,17,22,1,-8,sil
0.7890217304229736,17,16,13,0,8,1,2,6,5,-13,28,26,9,-8,sil
0.8051261901855469,9,16,4,0,8,0,6,10,11,-5,23,8,8,-7,sil
0.8051261901855469,-8,10,3,-5,4,0,8,10,-4,-5,5,-6,-4,-9,sil
0.8208591938018799,-11,7,1,5,8,11,11,4,-2,2,0,-10,-11,-3,sil
0.8208591938018799,-6,4,0,19,10,10,5,0,1,12,0,-14,-6,2,sil
0.835900068283081,-16,-3,-1,7,0,5,1,1,-5,7,-8,-19,-6,-2,sil
0.835900068283081,-20,-12,-12,-9,-4,3,18,5,-1,9,-16,-14,-7,0,sil
0.852424144744873,-4,-10,-4,-12,3,8,26,4,18,20,-19,-7,-3,17,sil
0.852424144744873,8,-9,0,-3,6,10,8,0,28,23,-17,-2,0,18,sil
0.8672916889190674,22,-2,8,12,1,-2,-9,-4,20,12,-3,12,3,14,sil
0.8672916889190674,30,14,22,18,0,-13,-17,-3,11,1,8,26,10,18,sil
0.8829290866851807,14,5,0,8,-4,-17,-26,-10,6,-1,15,16,16,11,sil
0.8829290866851807,1,-10,-9,-7,-12,-21,-37,-12,-11,-13,15,10,13,-8,sil
0.8986258506774902,1,0,-6,-12,-2,-15,-30,-2,-26,-28,8,11,6,-20,sil
0.8986258506774902,-14,4,-17,-11,3,-7,-8,-1,-24,-26,-2,-4,-4,-26,sil
0.9135971069335938,-28,-6,-9,-14,-1,-5,3,-1,-24,-21,-8,-20,-16,-36,sil
0.9135971069335938,-18,-3,-2,-1,2,8,14,3,-21,-19,-4,-18,-13,-32,sil
0.9287335872650146,-11,5,1,18,11,35,38,8,-2,-8,-5,-20,-9,-15,sil
0.9287335872650146,-16,2,0,20,7,41,50,6,3,2,-13,-24,-14,-7,sil
0.9439136981964112,-12,-4,-2,6,0,19,42,4,1,10,-14,-14,-8,2,sil
0.9439136981964112,-2,-9,7,-1,-6,6,33,8,15,25,-5,-1,7,21,sil
0.9593875408172609,3,-12,-2,-4,-15,0,19,7,27,33,0,0,15,28,sil
0.9593875408172609,8,-3,-4,-16,-18,-14,-12,0,16,20,-1,5,10,25,sil
0.9750492572784424,8,-1,2,-23,-19,-17,-40,-8,5,5,0,12,7,17,sil
0.9750492572784424,12,-4,3,-12,-12,-16,-51,-13,-5,-2,8,17,12,14,sil
0.9906179904937744,29,18,22,11,6,-16,-45,-5,-10,-3,24,33,19,21,sil
0.9906179904937744,37,33,22,26,20,-7,-25,2,0,2,37,42,19,25,sil
1.0069797039031982,22,12,8,17,10,0,-13,0,-1,0,34,27,6,7,sil
1.0069797039031982,1,0,0,9,0,-5,-8,-4,-13,-10,11,1,-9,-16,sil
1.0216028690338137,-10,-1,-12,8,2,-6,0,-1,-10,-13,-13,-17,-22,-28,sil
1.0216028690338137,-21,-13,-12,-8,3,3,6,0,-13,-13,-30,-32,-32,-34,sil
1.0389854907989502,-39,-20,-25,-23,0,12,17,-1,-17,-13,-40,-48,-39,-39,sil
1.0389854907989502,-48,-19,-26,-16,0,14,26,3,-6,-8,-41,-48,-32,-33,sil
1.0529699325561523,-26,-12,-3,0,5,19,28,9,13,6,-31,-21,-7,-8,sil
1.0529699325561523,2,-1,5,4,5,13,24,3,36,23,-13,0,14,18,sil
1.069019079208374,14,11,14,-3,3,-5,12,5,50,24,9,11,21,27,sil
1.069019079208374,29,18,15,1,4,-15,4,8,41,17,33,29,29,26,sil
1.0848870277404783,41,14,13,8,0,-11,-4,-1,14,7,40,43,31,19,sil
1.0848870277404783,22,3,11,-12,-8,-15,-21,-8,-15,-12,29,33,14,1,sil
1.101008415222168,-1,0,-3,-20,-3,-21,-26,-5,-37,-28,7,5,-3,-6,sil
1.101008415222168,0,7,5,2,4,-6,-18,-4,-47,-30,-9,-5,-12,-9,sil
1.1166129112243652,6,8,9,16,6,15,-9,-1,-39,-23,-8,-2,-12,-10,sil
1.1166129112243652,-1,0,0,13,5,20,7,1,-13,-2,-3,-5,-8,3,sil
1.1328799724578855,-17,-5,-5,11,0,12,21,2,2,12,-14,-14,-7,6,sil
1.1473257541656494,-23,-11,-15,7,-14,4,20,2,11,13,-13,-16,0,-4,sil
1.1473257541656494,-10,-18,-4,-5,-19,6,16,5,30,16,1,-2,15,3,sil
1.1473257541656494,0,-18,-6,-20,-20,0,5,0,30,14,5,7,10,14,sil
1.1639773845672607,-3,-11,-16,-28,-21,-18,-16,-9,-6,-8,3,9,-2,-3,sil
1.1639773845672607,-2,3,0,-18,-4,-21,-22,0,-24,-23,9,10,-4,-23,sil
1.178131341934204,0,15,0,4,17,-6,-9,4,-10,-8,6,1,-6,-14,sil
1.179130792617798,0,22,11,28,23,9,-4,1,-4,4,7,-1,-3,7,sil
1.195040941238403,12,22,25,44,23,22,0,0,2,16,20,10,15,19,sil
1.195040941238403,18,12,6,42,24,22,15,0,21,32,18,7,21,19,sil
1.210885763168335,5,0,-3,26,10,18,17,1,22,37,0,-8,8,17,sil
1.210885763168335,0,-17,-10,0,-10,5,9,0,15,25,-6,-13,4,10,sil
1.226395606994629,0,-22,-11,-27,-18,-11,1,-3,6,1,-20,-15,-3,-1,sil
1.2426574230194092,-8,-16,-9,-34,-12,-14,0,-4,-7,-19,-40,-23,-20,-16,sil
1.2426574230194092,-13,-10,-14,-28,-9,-13,-8,-7,-12,-22,-31,-16,-19,-23,sil
1.2426574230194092,0,1,-4,-28,-11,-14,-15,-3,-5,-19,-4,0,-3,-14,sil
1.258216142654419,8,9,3,-17,-2,-11,-12,1,-5,-24,3,2,3,-9,sil
1.2715446949005127,7,11,14,0,9,-10,-12,4,-12,-24,3,7,0,-14,sil
1.2715446949005127,6,17,14,5,8,-7,-13,7,-10,-12,14,18,-1,-3,sil
1.2865703105926514,0,10,0,9,1,-1,-4,2,-8,-5,17,8,-1,10,sil
1.2865703105926514,-16,-3,1,5,0,3,3,0,-10,-9,-1,-11,-12,0,sil
1.3026800155639648,-30,-8,-10,4,1,12,9,4,-8,-6,-21,-21,-25,-15,sil
1.3026800155639648,-19,-10,-5,8,0,14,19,0,-3,4,-18,-14,-19,-3,sil
1.3178839683532717,5,-8,15,6,1,11,22,-3,8,22,0,2,5,18,sil
1.3178839683532717,18,-3,8,5,4,6,8,0,23,26,11,16,19,27,sil
1.3330862522125244,11,-1,1,5,0,2,-2,1,22,9,0,12,8,17,sil
1.3330862522125244,0,-7,-8,-5,-7,-3,0,0,18,4,-3,5,8,6,sil
1.348703384399414,0,-8,-11,-14,-14,-10,-1,0,19,12,12,7,17,1,sil
1.348703384399414,8,0,0,-11,-9,-10,-7,-1,8,0,19,15,11,-3,sil
1.3638029098510742,13,9,4,-2,1,-9,-10,-3,-13,-16,11,17,5,-5,sil
1.3638029098510742,13,23,11,8,7,-3,-16,0,-25,-14,18,19,5,-5,sil
1.379478931427002,16,31,6,21,8,7,-12,-1,-21,-5,22,15,-2,-6,sil
1.379478931427002,12,19,7,24,12,8,0,-2,-16,-2,5,2,-8,-6,sil
1.394611358642578,0,4,15,23,20,4,8,1,-15,2,-2,-8,0,-6,sil
1.394611358642578,-15,-6,-3,12,19,10,9,1,-5,13,-2,-16,1,0,sil
1.4106659889221191,-22,-17,-11,-7,-1,14,10,-1,6,18,-14,-19,-2,3,sil
1.4106659889221191,-8,-20,-11,-13,-14,10,19,0,19,21,-12,-15,8,5,sil
1.425947666168213,6,-17,-9,-13,-6,5,23,4,29,18,0,-3,19,22,sil
1.425947666168213,-3,-17,-7,-28,-11,-4,7,10,21,3,-3,-2,8,22,sil
1.4416215419769287,-14,-14,-16,-33,-20,-17,-3,6,9,-5,-7,-10,2,2,sil
1.4416215419769287,0,4,1,-20,-9,-16,-4,0,2,-6,5,-2,1,-7,sil
1.456827163696289,5,16,5,-7,-6,-16,-14,-6,-12,-19,5,6,-11,-16,sil
1.456827163696289,0,10,-6,5,-7,-15,-17,-10,-25,-33,-8,1,-21,-26,sil
1.4729828834533691,0,10,8,16,9,0,-6,-1,-16,-29,-8,-3,-15,-14,sil
1.4729828834533691,-6,5,5,13,18,9,-5,0,-9,-19,-3,-7,-15,-6,sil
1.4883503913879397,-8,-1,-1,11,8,9,-11,-1,-15,-13,-10,-16,-23,-14,sil
1.4883503913879397,0,-2,0,20,9,18,0,0,-2,6,-14,-13,-13,-3,sil
1.5039393901824951,0,-4,0,19,8,16,10,0,16,25,-7,-1,0,14,sil
1.5039393901824951,-5,-7,2,8,-8,0,0,0,14,15,-9,-5,-3,8,sil
1.5200424194335938,-8,-12,-10,0,-22,-12,-9,0,6,5,-21,-13,-9,0,sil
1.5200424194335938,-6,-13,-10,-14,-17,-10,-8,-3,0,8,-17,-5,0,1,sil
1.536034345626831,0,-3,-2,-22,-5,-6,-4,-4,0,6,1,9,8,0,sil
1.536034345626831,8,5,-1,-7,1,-10,-2,0,7,0,18,18,13,1,sil
1.5509483814239502,18,10,13,4,1,-10,-8,6,5,0,22,25,20,4,sil
1.5509483814239502,21,13,14,5,5,-9,-5,6,-7,4,27,29,21,7,sil
1.5666136741638184,24,21,16,1,9,-6,2,0,-7,8,35,35,24,14,sil
1.5666136741638184,20,24,14,4,11,4,9,3,0,8,32,33,29,16,sil
1.5818252563476562,9,14,4,14,15,16,18,9,1,4,13,15,15,8,sil
1.5818252563476562,0,1,3,12,14,20,23,3,-4,-5,-3,-3,-3,-2,sil
1.5979535579681396,-18,-12,-9,0,5,18,22,-3,-12,-13,-6,-23,-11,-13,sil
1.5979535579681396,-34,-21,-10,-5,4,17,20,0,-10,-5,-8,-31,-18,-13,sil
1.6129944324493408,-29,-21,-3,-8,2,18,18,0,3,7,-23,-29,-20,-3,sil
1.6129944324493408,-13,-23,-16,-17,-13,1,1,-7,12,3,-29,-26,-11,-2,sil
1.629012107849121,0,-12,-6,-16,-18,-11,-15,-4,14,-3,-5,-8,0,-4,sil
1.629012107849121,16,6,0,1,-2,-8,-2,6,27,7,18,16,11,7,sil
1.643913984298706,19,10,0,7,0,-15,0,4,18,4,10,14,11,12,sil
1.65930438041687,6,4,1,-8,-14,-26,-24,-8,-16,-24,-1,0,-1,-3,sil
1.65930438041687,3,4,0,-20,-13,-24,-32,-13,-24,-28,3,1,-7,-8,sil
1.65930438041687,7,13,10,-5,1,-6,-11,0,-9,-10,7,11,-9,-1,sil
1.675196409225464,-3,16,0,16,11,11,0,5,-11,-2,-5,0,-17,-11,sil
1.675196409225464,-15,4,-8,22,7,13,-4,-3,-20,-2,-26,-24,-21,-16,sil
1.6927616596221924,-8,-4,5,22,2,11,0,-2,-8,9,-24,-18,-9,0,sil
1.6927616596221924,-2,-9,-1,13,0,16,9,6,11,28,-4,-7,2,13,sil
1.7067880630493164,-5,-15,-9,-6,0,10,6,3,20,27,-8,-12,3,7,sil
1.7067880630493164,1,-11,-12,-7,-2,-8,-2,-4,19,9,-14,0,5,3,sil
1.722551345825195,5,-3,-5,-8,-6,-13,-12,-6,0,-14,0,15,2,-1,sil
1.722551345825195,-5,-2,3,-32,-16,-5,-19,0,-22,-28,6,3,-8,-17,sil
1.7376887798309326,-5,0,-1,-23,-10,-6,-5,6,-9,-10,13,0,1,-9,sil
1.753899335861206,3,10,10,14,5,-1,12,7,1,5,26,14,15,3,sil
1.753899335861206,-1,8,12,16,14,12,15,3,-7,1,14,8,7,0,sil
1.753899335861206,-5,1,0,4,14,12,13,2,1,15,6,0,9,9,sil
1.7692818641662598,2,-2,6,2,6,1,15,7,26,34,7,6,22,25,sil
1.7692818641662598,2,-12,-4,-12,-4,-1,16,0,33,27,-10,0,11,18,sil
1.7835817337036133,-3,-9,-9,-25,-3,-5,11,-5,23,5,-23,-12,0,3,sil
1.800654649734497,-1,0,-6,-15,0,-13,-1,0,8,-11,-6,-4,0,-6,sil
1.800654649734497,5,1,-9,-8,-8,-21,-17,0,-12,-27,8,10,-4,-12,sil
1.816750288009644,13,17,8,4,-9,-14,-21,-6,-27,-29,16,22,-5,-9,sil
1.816750288009644,15,28,14,32,4,-6,-14,-8,-29,-25,18,21,-6,-7,sil
1.816750288009644,10,17,15,35,9,-2,-11,-5,-33,-30,7,10,-14,-12,sil
1.83194899559021,7,12,13,29,11,11,4,0,-18,-10,3,5,-6,-5,sil
1.8461639881134035,10,13,9,36,19,28,26,2,6,19,4,6,5,9,sil
1.8461639881134035,4,5,11,30,11,28,14,3,0,8,-3,-2,-4,5,sil
1.8618619441986084,-5,-6,-4,11,-5,10,-9,2,-16,-7,-9,-16,-12,-6,sil
1.862234354019165,-3,-15,-11,0,-6,-1,-7,0,0,12,-10,-16,-2,-1,sil
1.877023458480835,0,-13,-2,0,1,4,6,1,26,28,-6,-7,4,15,sil
1.877023458480835,0,-10,-3,-5,-1,8,11,0,29,24,0,-6,6,19,sil
1.893026113510132,-2,-18,-6,-22,-13,3,10,0,15,18,-6,-10,5,4,sil
1.893026113510132,-10,-26,-12,-32,-8,4,10,1,7,8,-18,-17,4,3,sil
1.908681869506836,-14,-19,-5,-32,0,3,7,2,13,6,-4,-8,12,17,sil
1.908681869506836,-13,-10,-2,-39,-5,-4,6,1,21,17,6,2,17,6,sil
1.923902988433838,-20,-14,-17,-40,-5,-10,0,-4,11,5,-9,-6,0,-13,sorry
1.923902988433838,-21,-10,-8,-29,0,-11,-14,-2,0,-21,-19,-12,-9,-6,sorry
1.939995527267456,-4,0,-4,-22,-4,-14,-17,-1,2,-16,1,2,7,1,sorry
1.939995527267456,9,8,0,-13,-8,-17,-13,-2,-1,-1,20,16,17,-8,sorry
1.955896615982056,8,13,8,-2,-4,-14,-17,2,-12,-10,13,15,0,-13,sorry
1.955896615982056,-2,13,-2,-2,-3,-12,-19,0,-19,-28,0,0,-16,-16,sorry
1.9710092544555664,-4,16,4,7,-3,-12,-13,-6,-28,-36,0,-6,-19,-29,sorry
1.9710092544555664,8,22,8,32,2,-10,-5,-1,-26,-21,11,5,-14,-29,sorry
1.9860594272613523,11,19,6,31,5,-10,-7,0,-18,-8,10,7,-16,-16,sorry
1.9860594272613523,2,12,7,18,4,-4,-13,-3,-17,-10,1,-1,-17,-3,sorry
2.00760817527771,10,10,1,30,12,6,-2,0,-11,0,7,3,-6,11,sorry
2.008609771728516,22,12,14,42,22,26,13,6,-3,13,6,13,-1,17,sorry
2.008609771728516,12,8,10,34,18,33,23,2,0,11,-8,5,-5,14,sorry
2.01770544052124,2,0,-3,20,11,20,28,0,4,10,-12,-3,-9,19,sorry
2.033306837081909,6,-4,8,11,9,18,30,6,12,18,-7,-2,-3,18,sorry
2.033306837081909,3,-14,5,7,0,18,27,4,21,25,-7,-4,10,13,sorry
2.048983335494995,-10,-23,-7,-7,-14,4,16,-1,25,23,-8,-4,14,10,sorry
2.048983335494995,-16,-16,-13,-23,-4,6,11,0,27,18,0,-1,15,4,sorry
2.0649099349975586,-2,-2,-5,-10,6,9,11,8,32,18,8,-1,29,11,sorry
2.0649099349975586,3,-7,6,-2,-7,-7,2,8,20,16,0,-3,25,12,sorry
2.0800697803497314,-12,-25,-8,-24,-24,-21,-15,-4,-9,0,-19,-6,2,-3,sorry
2.0800697803497314,-23,-21,-11,-37,-19,-20,-27,-11,-20,-24,-21,-2,-1,-11,sorry
2.095560073852539,-10,-3,-2,-21,-15,-23,-31,-6,-10,-23,-1,8,5,-5,sorry
2.095560073852539,8,4,4,-6,-12,-23,-26,-5,-6,0,15,21,11,0,sorry
2.1109657287597656,22,13,17,1,2,-2,-13,-2,1,9,20,30,18,11,sorry
2.1109657287597656,21,15,4,6,7,1,-8,0,9,-5,21,27,14,12,sorry
2.126310110092163,17,10,2,3,0,-13,-15,0,-6,-18,29,25,6,-1,sorry
2.126310110092163,18,15,8,3,5,-13,-11,0,-16,-19,30,21,2,-7,sorry
2.141615867614746,5,14,-4,2,9,-2,-2,0,-10,-21,8,-11,-12,-15,sorry
2.141615867614746,-14,5,-4,-5,4,3,-6,0,-18,-24,-4,-32,-24,-27,sorry
2.1577043533325195,-19,5,-4,-3,8,4,-7,1,-19,-18,2,-25,-23,-23,sorry
2.1577043533325195,-17,5,-5,9,11,8,8,0,-1,-8,-5,-34,-27,-16,sorry
2.1728391647338867,-23,-2,-7,4,10,18,29,0,3,8,-24,-50,-27,-19,sorry
2.1728391647338867,-24,-14,-18,-12,10,19,33,4,-1,17,-27,-40,-17,-10,sorry
2.1881749629974365,-18,-15,-13,-14,2,14,29,7,5,5,-28,-21,-18,-3,sorry
2.1881749629974365,-6,-3,-7,3,1,14,33,0,14,6,-26,-12,-18,-2,sorry
2.203951358795166,6,0,8,8,6,14,27,-3,16,24,-14,-1,-3,7,sorry
2.203951358795166,3,-7,11,0,1,13,11,0,16,27,-11,0,1,14,sorry
2.2199394702911377,-6,-22,-9,-7,-9,8,-1,-2,-2,14,-21,-8,-5,4,sorry
2.2199394702911377,-3,-21,0,-12,-19,-3,-14,-6,-24,-2,-16,-2,-1,3,sorry
2.2360916137695312,10,0,10,0,-18,-13,-22,-1,-11,-2,2,23,18,20,sorry
2.2360916137695312,22,14,9,14,-5,-11,-17,3,17,13,20,43,33,30,sorry
2.2516512870788574,21,5,12,13,-2,-8,-9,6,20,19,29,46,33,26,sorry
2.2516512870788574,17,4,5,14,-4,-12,-4,1,9,6,27,38,28,24,sorry
2.266751289367676,20,22,15,20,3,-8,-1,-2,6,1,18,31,20,20,sorry
2.266751289367676,17,9,5,1,-6,-6,-11,-3,7,0,17,24,18,7,sorry
2.28190016746521,3,-11,-8,-13,-18,-20,-25,-4,-2,-15,17,16,13,-7,sorry
2.28190016746521,0,0,3,5,4,-21,-19,-1,-7,-26,15,12,2,-15,sorry
2.297549247741699,5,10,3,15,14,-14,-6,-1,0,-14,15,4,-1,-14,sorry
2.297549247741699,3,8,-1,-4,-5,-11,-16,0,0,-8,10,0,-8,-15,sorry
2.31373929977417,0,14,-4,-11,-1,2,-14,5,-7,-11,8,0,-11,-10,sorry
2.31373929977417,0,10,-2,-1,15,13,7,4,-3,-13,8,-6,-4,-3,sorry
2.328775405883789,-13,-2,0,-3,10,9,4,-3,-13,-17,-9,-23,-12,-15,sorry
2.328775405883789,-25,0,-11,0,9,7,1,-6,-20,-15,-23,-30,-24,-27,sorry
2.345576763153076,-15,4,-5,7,17,14,17,1,-6,-4,-14,-24,-12,-15,sorry
2.345576763153076,-5,-1,-3,9,13,14,19,5,-2,0,-10,-25,-4,-3,sorry
2.359648466110229,-8,-9,-8,4,1,6,7,0,-6,6,-15,-26,-9,-2,sorry
2.3747477531433105,-11,-7,1,-2,-8,3,11,3,7,21,-12,-22,-5,-1,sorry
2.3747477531433105,-12,-12,-5,-7,-5,5,17,2,8,20,-17,-26,-8,2,sorry
2.3915934562683105,-11,-8,-5,2,9,10,15,-1,-14,4,-27,-23,-19,0,sorry
2.3915934562683105,-5,0,-1,16,12,14,16,0,-19,2,-22,-12,-12,0,sorry
2.407968044281006,-5,-13,-5,2,-4,8,9,0,-5,11,-17,-10,-2,6,sorry
2.407968044281006,-6,-21,1,-15,-14,6,2,0,1,20,-8,-1,0,14,sorry
2.407968044281006,4,-2,4,-6,-10,3,6,0,19,27,14,20,15,26,sorry
2.421663522720337,23,8,13,0,-11,-6,4,0,39,25,28,34,38,36,sorry
2.437732458114624,22,0,4,-11,-21,-10,-5,2,32,9,23,35,34,27,sorry
2.437732458114624,6,-11,-14,-29,-29,-10,-14,0,10,-12,10,22,7,5,sorry
2.454824924468994,1,-10,-2,-50,-21,-9,-19,-5,3,-23,-7,11,-11,-6,sil
2.454824924468994,7,-3,3,-41,-8,-15,-18,-4,6,-19,-4,13,-2,-9,sil
2.454824924468994,10,6,3,-4,0,-20,-21,2,0,-18,17,19,7,-12,sil
2.470914363861084,7,14,0,7,10,-8,-17,0,-9,-17,15,10,-1,-16,sil
2.486970901489258,3,16,-6,5,21,0,-3,-5,-5,-6,1,-2,-5,-18,sil
2.486970901489258,0,19,11,15,18,-5,0,1,-6,-1,10,-1,0,-13,sil
2.486970901489258,-3,11,6,20,6,-14,-6,0,-16,-6,14,-2,-4,-7,sil
2.50277042388916,-4,0,-4,13,1,-8,-7,-4,-26,-12,-3,-9,-11,-11,sil
2.50277042388916,-9,9,5,24,11,3,0,0,-19,-5,-7,-9,-3,-11,sil
2.518875360488892,-11,17,4,41,21,6,-1,1,-3,5,8,1,3,-3,sil
2.518875360488892,2,12,9,42,18,12,-4,-2,-4,3,15,7,0,5,sil
2.534238815307617,13,5,11,39,10,19,11,1,-7,8,10,7,1,18,sil
2.534238815307617,6,-5,7,27,5,13,22,4,2,20,0,1,0,19,sil
2.547861099243164,0,-19,-2,2,-4,10,8,0,4,9,-16,-10,-8,1,sil
2.564951181411743,4,-17,-16,-8,-6,17,12,-1,2,0,-21,-17,-3,1,sil
2.564951181411743,2,-5,-2,-3,0,18,31,4,13,13,-7,-4,14,19,sil
2.5800933837890625,-3,-8,-1,-8,-3,1,23,1,19,15,-2,-3,16,15,sil
2.5800933837890625,-4,-12,-11,-24,-10,-15,1,-1,14,0,-15,-14,0,-1,sil
2.5943198204040527,-1,-2,-5,-32,-7,-12,0,4,24,-1,-13,-1,0,1,sil
2.5943198204040527,-5,-5,-10,-35,-13,-9,-5,1,26,-1,1,5,7,3,sil
2.609959125518799,-17,-11,-9,-42,-25,-21,-26,-3,0,-19,-10,-7,-6,-19,sil
2.609959125518799,-20,0,-11,-38,-15,-19,-27,0,-18,-34,-21,-7,-20,-35,sil
2.6255929470062256,-5,9,-5,-16,3,0,-10,-2,-26,-31,0,1,-20,-24,sil
2.6255929470062256,4,9,11,12,8,9,-5,-5,-33,-11,14,1,-15,-4,sil
2.6410813331604004,2,4,11,26,7,3,-14,0,-23,13,9,2,-3,12,sil
2.6410813331604004,-5,1,14,20,4,5,-17,1,-8,18,6,4,2,11,sil
2.656989812850952,-4,0,7,18,-3,14,4,1,0,14,3,-3,0,1,sil
2.656989812850952,7,-4,-1,14,-3,15,26,5,16,23,-5,-8,3,9,sil
2.672415018081665,3,-7,0,-7,0,11,22,0,21,23,-15,-7,4,11,sil
2.672415018081665,-8,-8,-10,-23,-3,1,14,-6,10,12,-8,-5,0,3,sil
2.6875808238983154,4,0,-1,-16,-1,-8,8,0,5,8,18,10,12,5,sil
2.6875808238983154,21,10,6,0,3,-14,-4,3,0,2,31,24,24,9,sil
2.702946186065674,15,10,-1,6,1,-17,-17,-6,-19,-17,18,20,10,0,sil
2.702946186065674,14,6,4,-3,0,-15,-23,-3,-17,-28,11,15,-2,-6,sil
2.718540668487549,18,10,2,-7,7,-8,-15,4,8,-14,15,11,0,-6,sil
2.718540668487549,5,15,3,15,11,1,0,5,16,-6,6,0,-1,-4,sil
2.7339906692504883,-11,6,4,34,11,12,12,2,6,-5,-7,-12,-11,-9,sil
2.7339906692504883,-15,-8,-3,22,14,13,23,0,1,0,-13,-20,-11,-14,sil
2.7493464946746826,-12,-9,-2,6,11,14,30,0,0,0,-15,-13,-4,-3,sil
2.7493464946746826,-13,-8,-11,2,-2,10,23,-1,-2,0,-21,-12,-5,7,sil
2.765043258666992,-12,-8,-7,-1,-5,5,8,-3,8,14,-20,-10,-2,4,sil
2.765043258666992,-1,-1,0,-5,1,0,1,2,25,31,1,5,14,5,sil
2.781057119369507,5,-1,-2,-8,-4,-15,-11,0,18,19,15,16,19,9,sil
2.781057119369507,0,-1,4,-12,-17,-27,-28,-4,-5,-10,5,14,3,2,sil
2.7969679832458496,0,6,5,-4,-12,-17,-30,0,-19,-21,6,13,0,-2,sil
2.7969679832458496,5,14,12,14,4,0,-23,0,-22,-12,12,7,0,0,sil
2.812963485717773,5,10,15,25,15,13,-10,-2,-16,-1,-5,-6,-11,0,sil
2.812963485717773,-1,-8,-3,14,-1,14,1,-2,-4,4,-22,-14,-13,0,sil
2.827967405319214,-1,-12,-6,-7,-23,6,1,1,0,0,-12,-6,-2,6,sil
2.827967405319214,5,-8,-9,-12,-11,2,0,3,1,-4,2,5,8,13,sil
2.84413743019104,8,-6,-5,-12,4,-2,0,4,0,-6,7,12,13,3,sil
2.84413743019104,11,8,9,-15,0,-7,-2,3,1,-7,9,13,7,-8,sil
2.860025882720948,10,18,2,-5,3,-3,0,0,-1,-11,11,5,-4,-10,sil
2.860025882720948,-1,2,0,3,10,1,0,-2,-20,-21,1,-10,-14,-15,sil
2.8749446868896484,-12,-8,-2,4,2,7,4,-1,-30,-14,-10,-22,-13,-17,sil
2.8749446868896484,-18,-8,-6,0,-3,15,21,1,-5,7,-16,-22,-9,-7,sil
2.89154314994812,-18,-12,-6,-14,-1,13,23,4,17,17,-19,-19,-5,-1,sil
2.89154314994812,-6,-18,-16,-24,-9,-6,9,-1,19,14,-12,-12,4,3,sil
2.907029628753662,1,-9,-7,-19,-15,-21,-5,-4,12,4,5,2,12,5,sil
2.907029628753662,0,5,0,-5,-4,-18,-17,1,3,-4,24,9,2,-6,sil
2.922633647918701,3,15,5,14,8,-6,-12,1,-4,-4,19,6,-8,-9,sil
2.922633647918701,9,12,9,26,14,11,11,-1,1,8,4,1,-6,4,sil
2.938038825988769,0,2,-3,15,16,18,22,0,24,28,2,-5,0,15,sil
2.938038825988769,-6,0,-4,-3,8,12,11,1,39,39,3,-1,10,20,sil
2.953975200653076,8,2,-1,-1,3,5,12,0,39,37,8,14,26,23,sil
2.953975200653076,27,8,10,9,9,-1,16,1,24,21,22,27,35,20,sil
2.970062255859375,24,19,25,3,7,-9,-3,8,0,-3,21,26,18,3,sil
2.970062255859375,2,11,6,0,-1,-12,-20,3,-21,-24,-3,2,-9,-16,sil
2.985621929168701,-14,-9,-3,3,-3,-4,-17,-1,-30,-28,-29,-24,-31,-22,sil
2.985621929168701,-25,-20,-9,-2,-7,4,-6,-3,-32,-21,-37,-31,-33,-15,sil
3.000972509384156,-33,-23,-21,-19,-17,0,-6,-13,-28,-23,-45,-27,-29,-13,sil
3.000972509384156,-30,-21,-8,-23,-20,-5,-15,-11,-22,-29,-52,-21,-26,-13,sil
3.0167269706726074,-6,-7,0,-9,-10,-6,-13,0,-9,-19,-15,1,-1,0,sil
3.0167269706726074,23,14,13,3,1,-6,-5,0,4,-5,38,34,29,14,sil
3.031733274459839,34,26,19,12,2,-6,-5,-5,4,-2,45,44,29,15,sil
3.0475449562072754,25,21,9,15,1,-6,-10,0,-4,-1,31,33,17,8,sil
3.0475449562072754,15,15,17,14,12,0,-10,9,-9,1,33,24,15,2,sil
3.0475449562072754,8,4,8,17,13,2,-1,8,-6,2,24,11,5,0,sil
3.062603712081909,2,1,0,29,7,6,1,0,-6,1,5,-3,-9,-1,sil
3.062603712081909,-8,3,0,28,11,21,11,1,-5,1,-8,-14,-13,-5,sil
3.078680992126465,-18,-12,-12,11,5,24,27,2,0,8,-19,-25,-11,-1,sil
3.078680992126465,-13,-23,-11,0,-8,14,28,3,11,19,-12,-19,1,16,sil
3.094191312789917,-4,-13,-9,-7,-11,3,18,2,26,26,-1,-4,14,20,sil
3.094191312789917,-3,-10,-8,-24,-12,-11,3,-2,24,18,-8,-3,1,2,sil
3.11009168624878,-1,-11,-6,-26,-17,-14,-6,-5,9,4,-8,-2,-5,-7,sil
3.11009168624878,12,0,-3,-3,-7,-6,-7,-3,6,-2,12,10,10,0,sil
3.1257359981536865,22,16,7,4,3,-12,-6,0,0,-10,21,19,14,-1,sil
3.1257359981536865,8,14,0,-10,3,-18,-4,-4,-17,-18,4,1,-6,-16,sil
3.1409013271331787,-9,0,-4,-9,5,-4,0,-2,-18,-20,-14,-22,-24,-22,sil
3.1409013271331787,-10,-1,0,4,10,6,0,6,-4,-15,-23,-31,-26,-18,sil
3.157019853591919,-21,-9,-19,-12,4,6,2,3,1,1,-33,-38,-22,-14,sil
3.157019853591919,-38,-20,-20,-37,-1,20,12,0,17,27,-37,-38,-11,-5,sil
3.1735966205596924,-17,-14,-7,-23,0,23,18,6,43,40,-15,-16,11,11,sil
3.1735966205596924,8,-5,0,-15,0,-3,0,1,34,20,1,3,21,15,sil
3.187767505645752,2,0,0,-30,-3,-17,-23,-4,1,-6,4,11,11,0,sil
3.188767671585083,-1,8,-1,-21,1,-8,-23,-4,-8,-7,21,20,11,-3,sil
3.202446460723877,7,15,12,-3,4,-11,-17,-3,-10,-4,35,28,9,0,sil
3.2034528255462646,9,15,13,12,-1,-18,-16,0,-21,-16,24,25,-5,0,sil
3.2174313068389893,16,22,14,40,0,-5,-11,3,-24,-22,23,23,-5,0,sil
3.232638597488404,22,21,23,48,10,12,-2,1,-26,-12,22,17,2,4,sil
3.232638597488404,6,1,13,34,8,10,1,-2,-31,-4,-2,1,-3,9,sil
3.248752355575561,-1,-2,12,35,1,10,8,2,-27,-8,-17,0,-5,17,sil
3.248752355575561,4,1,9,38,0,18,22,5,-8,-6,-6,2,2,14,sil
3.264702320098877,3,-9,0,16,0,11,21,-3,12,6,-10,0,0,4,sil
3.264702320098877,-1,-15,1,-6,-4,0,13,-2,28,17,-21,1,0,9,sil
3.2798640727996826,1,-12,-7,-9,-12,0,19,2,28,17,-3,8,9,17,sil
3.2798640727996826,6,-10,-5,-9,-14,-3,10,1,18,4,7,3,13,6,sil
3.294996976852417,1,-6,-8,-16,-11,-15,-10,1,19,0,0,-1,9,-4,sil
3.294996976852417,1,0,-16,-23,-7,-14,-10,1,26,8,8,3,11,-5,sil
3.3106677532196045,4,6,-2,-25,0,-2,-1,-3,9,1,21,6,5,-11,sil
3.3106677532196045,-4,7,-1,-18,7,-6,-5,-8,-18,-22,1,0,-11,-18,sil
3.325890302658081,-9,13,1,-3,9,-10,-8,0,-29,-25,-10,-5,-16,-18,sil
3.325890302658081,0,18,3,11,4,-3,-4,3,-23,-12,7,-6,-7,-15,sil
3.341554641723633,0,7,-5,8,0,-7,-10,0,-21,-14,11,-12,-10,-10,sil
3.3419463634490967,-14,-5,0,0,0,0,-17,-2,-21,-12,-10,-17,-18,-15,sil
3.356679916381836,-18,-9,-1,5,4,17,-5,-4,-12,5,-19,-16,-11,-11,sil
3.356679916381836,-8,-4,2,16,9,18,8,-1,1,19,-5,-11,0,8,sil
3.371945381164551,-1,0,1,19,8,15,17,7,18,25,6,-2,10,19,sil
3.371945381164551,-3,-7,-14,3,0,16,20,6,23,32,0,-4,8,9,sil
3.3874194622039795,-9,-23,-10,-25,-9,11,9,0,13,20,-19,-20,-6,-1,sil
3.3874194622039795,-9,-27,-12,-29,-5,5,0,-3,13,4,-22,-27,-8,-2,sil
3.4033396244049072,0,-10,-7,-10,0,0,3,0,22,4,-9,-7,4,6,sil
3.4033396244049072,9,3,1,-4,0,-12,2,4,19,8,-4,13,9,13,sil
3.419013738632202,5,0,-5,-12,-4,-26,-15,2,6,-2,0,15,8,4,sil
3.419013738632202,0,4,7,-16,-6,-21,-25,-2,-8,-21,14,20,9,-5,sil
3.4345896244049072,11,15,10,-3,-2,-12,-16,-7,-17,-19,19,28,7,0,sil
3.4345896244049072,23,17,4,5,1,-19,-14,-5,-20,-13,13,20,1,2,sil
3.4512178897857666,16,17,10,-1,0,-17,-18,4,-25,-25,10,9,-5,-10,sil
3.4512178897857666,5,14,10,3,6,0,-9,6,-18,-17,10,6,-6,-8,sil
3.4668538570404053,9,13,20,30,16,15,6,4,-2,7,12,13,3,13,sil
3.4668538570404053,12,15,21,43,17,21,24,6,3,12,12,13,9,18,sil
3.4827218055725098,1,5,3,25,13,23,32,3,5,8,2,-3,5,3,sil
3.4827218055725098,-13,-13,-9,0,1,21,24,-5,8,11,-11,-24,-2,-3,sil
3.4981417655944824,-23,-22,-12,-5,-9,12,17,-5,5,7,-21,-28,-11,0,sil
3.4981417655944824,-15,-14,-3,0,-7,7,17,1,10,8,-19,-12,-8,4,sil
3.5137407779693604,-1,-10,-8,-6,-6,3,9,0,24,20,-1,0,7,4,sil
3.5137407779693604,0,-5,-1,-14,-8,0,-1,-4,27,18,9,3,16,4,sil
3.528942823410034,3,3,10,-8,-1,-1,-2,-1,14,7,6,11,13,6,sil
3.528942823410034,7,0,-6,-11,-6,-13,-10,-2,-3,-7,-1,8,0,0,sil
3.544609308242798,-2,-12,-9,-30,-27,-25,-26,-4,-18,-32,-14,-7,-18,-18,sil
3.544609308242798,-14,-10,-9,-26,-27,-16,-22,0,-18,-39,-14,-11,-20,-31,sil
3.560029983520508,-6,2,-6,-5,-3,-10,-4,0,-22,-28,-1,2,-9,-23,sil
3.560029983520508,3,11,8,4,8,-12,-4,0,-28,-24,0,7,-9,-14,sil
3.57561469078064,0,7,3,15,8,-4,-13,0,-17,-11,0,-5,-13,-9,sil
3.57561469078064,-6,10,4,28,13,8,-6,1,-7,6,13,-8,-7,0,sil
3.591694593429565,0,22,4,33,24,13,7,3,-6,11,23,4,0,10,sil
3.591694593429565,7,11,-4,26,22,14,3,0,-5,8,5,1,0,12,sil
3.607812166213989,-4,-10,1,10,8,17,0,0,-6,8,-21,-21,-12,5,sil
3.607812166213989,-17,-17,-10,-2,0,14,15,1,8,20,-20,-24,-3,5,sil
3.6239190101623535,-6,-13,-13,-13,-6,6,20,0,31,36,-4,-1,15,13,sil
3.6239190101623535,3,-13,-7,-22,-10,-1,4,2,33,29,-5,8,19,14,sil
3.639942407608032,3,-8,-7,-22,-10,-13,-2,1,24,6,-6,3,13,8,sil
3.639942407608032,6,0,5,-13,-8,-11,-4,-2,15,1,6,11,13,5,sil
3.655844211578369,15,0,8,-7,-4,-6,-6,-4,7,2,17,19,15,6,sil
3.655844211578369,28,5,13,-4,0,-8,-4,0,5,-5,27,26,22,11,sil
3.67087459564209,34,23,17,7,4,-6,-1,0,4,-3,38,31,20,9,sil
3.67087459564209,18,22,7,15,10,-4,-6,-4,-10,-6,23,16,0,-2,sil
3.686723232269287,0,8,10,4,3,-5,-13,-3,-18,-21,-1,0,-8,-12,sil
3.686723232269287,0,5,7,0,-3,-3,-8,1,-6,-12,-4,-2,2,-9,sil
3.701969623565674,-4,5,1,8,3,-3,-4,-1,-14,-2,-5,-10,-6,-12,sil
3.702360391616821,-22,0,-8,4,9,-4,-6,-2,-37,-18,-16,-18,-26,-21,sil
3.718030452728272,-27,-10,-12,0,-2,0,0,1,-28,-17,-13,-9,-15,-8,sil
3.718030452728272,-9,-5,9,7,-10,14,13,6,-2,9,-7,0,2,6,sil
3.7335493564605713,-2,2,1,10,3,27,19,4,6,19,-7,-6,0,1,sil
3.7335493564605713,-14,-3,-14,6,12,22,17,1,0,1,-9,-13,-11,-7,sil
3.749579906463623,-15,-12,-4,2,0,14,20,1,0,-5,-12,-16,-13,-6,sil
3.749579906463623,-3,-13,-9,-2,-4,7,22,0,13,3,-10,-16,-8,0,sil
3.765191555023194,-5,-14,-11,-14,-4,0,7,3,22,11,-3,-12,-7,1,sil
3.765191555023194,-9,-21,-11,-22,-12,-3,0,2,21,12,-1,-10,-3,1,sil
3.780854463577272,0,-17,-7,-24,-14,-3,2,-4,22,4,-8,-10,0,5,sil
3.780854463577272,0,-8,-5,-21,-3,-5,-7,-6,14,-7,-17,-4,0,7,sil
3.7965667247772217,-3,-5,-15,-18,-1,-12,-16,-3,6,0,-11,3,7,7,sil
3.7965667247772217,9,3,-1,-17,-1,-15,-14,0,5,3,8,18,18,8,sil
3.812035083770752,17,12,10,-8,3,-15,-16,-1,-7,-16,11,23,6,2,sorry
3.812035083770752,6,14,8,7,3,-18,-21,-2,-23,-24,3,12,-6,-9,sorry
3.826848983764648,6,21,15,15,3,-15,-12,0,-9,-3,16,11,0,-11,sorry
3.826848983764648,17,22,14,8,8,-5,-3,0,1,4,26,21,10,0,sorry
3.8429770469665527,19,19,19,6,6,0,-7,3,-18,-7,16,24,11,3,sorry
3.8429770469665527,15,23,19,33,11,8,0,5,-22,0,18,17,11,4,sorry
3.859029531478882,13,22,15,51,16,18,12,2,2,21,24,9,14,14,sorry
3.859029531478882,1,5,10,35,2,21,9,6,12,26,9,0,9,18,sorry
3.8746275901794434,-17,-16,-15,12,-9,10,-3,2,0,8,-11,-16,-11,-1,sorry
3.8746275901794434,-28,-22,-18,-1,-11,5,-2,-6,-12,-8,-24,-37,-27,-16,sorry
3.889641761779785,-17,-13,-10,-10,-11,10,12,-6,-3,-1,-18,-35,-14,-6,sorry
3.889641761779785,-6,-12,-13,-10,-5,9,20,0,10,10,-10,-14,-4,0,sorry
3.905747890472412,-12,-19,-9,-15,-2,4,21,3,14,2,-22,-10,-17,-10,sorry
3.92162036895752,-8,-15,-14,-25,-5,-3,18,0,21,1,-22,-13,-13,-5,sorry
3.92162036895752,3,-5,-1,-24,-2,-15,-8,-5,12,4,-5,2,-5,7,sorry
3.92162036895752,0,-6,-4,-21,0,-23,-39,-8,-19,-11,0,11,-18,-4,sorry
3.936578750610352,-1,-7,-16,-23,-3,-26,-37,-3,-26,-17,2,7,-10,-8,sorry
3.936578750610352,19,10,6,-9,0,-14,-14,0,1,-3,21,26,6,11,sorry
3.954148054122925,20,19,9,10,5,-1,3,0,16,-2,27,29,-6,14,sorry
3.954148054122925,0,9,3,7,3,0,9,4,0,-11,15,1,25,-5,sorry
3.9666860103607178,2,8,11,5,5,-1,12,12,-7,-3,19,-1,110,-4,sorry
3.9818501472473145,15,11,14,23,13,5,17,2,0,-1,26,15,91,9,sorry
3.9818501472473145,3,9,18,33,17,21,18,0,-2,-9,5,5,-13,4,sorry
3.998900175094605,-12,1,3,25,11,21,16,4,-3,2,-18,-16,-38,-5,sorry
3.998900175094605,-11,-7,-3,6,-2,8,12,0,8,19,-14,-13,-8,1,sorry
4.017979383468628,0,-11,0,0,-6,11,9,-2,16,20,-8,-2,-13,5,sorry
4.017979383468628,-1,-12,-9,5,0,22,8,0,13,16,-21,-8,-23,0,sorry
4.017979383468628,-14,-9,-6,-8,-4,13,5,0,5,6,-29,-16,-17,-4,sorry
4.0288450717926025,-9,-3,-3,-30,-12,-7,-1,-4,0,0,-16,-7,-10,1,sorry
4.044955015182495,18,6,3,-21,-8,-21,-13,-5,-4,0,5,11,-3,13,sorry
4.044955015182495,23,13,7,-9,-6,-22,-27,-1,-19,-13,24,21,-2,7,sorry
4.062749624252319,0,9,-3,-18,-10,-23,-32,-1,-36,-35,17,12,-12,-14,sorry
4.062749624252319,-9,8,2,-14,-1,-13,-23,-1,-29,-39,-3,0,-25,-26,sorry
4.062749624252319,-9,5,0,9,13,8,-6,0,1,-7,-4,-11,-24,-18,sorry
4.076965093612671,-19,-6,-5,13,10,13,0,0,3,13,-14,-23,-24,-9,sorry
4.095031023025513,-30,-19,-10,-6,-4,4,3,0,-8,3,-36,-31,-30,-12,sorry
4.095031023025513,-21,-20,-20,-15,-9,6,11,5,19,12,-18,-25,-8,-4,sorry
4.095031023025513,0,-8,-3,-6,0,10,15,6,46,38,6,-1,23,17,sorry
4.108943939208984,11,0,-2,0,1,-2,9,-1,30,27,4,11,23,19,sorry
4.123676538467407,13,3,-10,-2,-11,-17,-1,-5,2,-7,14,15,12,3,sorry
4.123676538467407,20,11,9,0,-9,-10,-9,0,-11,-19,27,22,9,0,sorry
4.1386878490448,14,7,10,14,12,1,-6,0,-17,-8,13,12,2,1,sorry
4.1386878490448,-2,0,7,24,14,5,-1,-2,-17,-4,0,-5,0,-5,sorry
4.153913259506226,-5,0,0,28,-1,11,7,2,-4,-3,-3,-10,4,-4,sorry
4.153913259506226,2,-10,-1,18,1,16,20,3,15,12,-9,-5,14,15,sorry
4.170014381408691,11,-9,14,2,9,8,21,0,30,29,0,10,29,31,sorry
4.170014381408691,20,8,10,0,0,-15,1,-3,18,13,12,27,35,27,sorry
4.185791254043579,15,6,7,-1,0,-26,-17,-3,-3,-12,18,26,31,9,sorry
4.185791254043579,11,-1,10,-12,10,-9,-14,4,0,0,28,26,35,1,sorry
4.201111555099487,12,13,3,-9,3,-6,-8,4,-1,4,27,21,20,-1,sorry
4.201111555099487,1,20,3,-3,-11,-18,-23,-6,-35,-32,0,-4,-19,-23,sorry
4.216960668563843,-9,4,-3,-3,-7,-11,-24,-8,-44,-46,-11,-18,-31,-36,sorry
4.216960668563843,-11,0,-7,0,3,7,-3,1,-22,-22,-1,-5,-13,-18,sorry
4.233062267303467,-15,5,-8,2,2,13,13,6,-10,-5,-10,-8,-10,-5,sorry
4.233062267303467,-13,2,-6,6,2,14,22,2,-5,5,-20,-20,-13,-5,sorry
4.24864935874939,-1,4,3,17,12,28,28,1,0,19,-2,-13,-4,0,sorry
4.24864935874939,-7,2,-1,24,18,37,29,2,4,23,1,-9,-2,10,sorry
4.263839960098267,-14,-4,-1,13,12,26,24,4,12,21,-9,-13,-5,11,sorry
4.263839960098267,-5,-8,-6,-5,-1,5,17,4,23,23,-8,-12,-8,1,sorry
4.2799248695373535,-4,-17,-13,-22,-12,-8,3,-2,19,13,-17,-13,-28,-5,sorry
4.2799248695373535,-8,-20,0,-24,-12,-11,-6,-4,16,0,-29,-8,-38,0,sorry
4.29599404335022,-6,-18,-6,-20,-13,-14,-8,-2,20,-1,-20,-5,-24,7,sorry
4.29599404335022,-11,-22,-16,-31,-22,-19,-19,-5,11,-5,-24,-14,-25,-2,sorry
4.311631202697754,-8,-16,-7,-30,-22,-15,-21,-3,0,-8,-21,-10,-33,-8,sorry
4.311631202697754,3,-7,-6,-17,-11,-11,-10,-3,2,-2,9,5,-12,0,sorry
4.3275980949401855,0,-3,0,-21,-6,-9,-15,0,0,-11,17,8,12,-3,sorry
4.3275980949401855,0,7,1,-13,-2,-6,-21,2,-6,-17,11,8,27,-12,sorry
4.342995882034302,23,26,13,12,7,-4,-14,-2,-1,-4,31,30,40,1,sorry
4.342995882034302,29,30,23,21,12,-4,-15,-4,0,-3,42,42,44,13,sorry
4.359054565429688,13,17,9,14,9,-12,-19,0,-13,-14,27,25,29,3,sil
4.359054565429688,3,12,12,17,6,-11,-13,0,-33,-13,8,8,10,-8,sil
4.375000476837158,2,13,9,31,8,5,1,0,-32,-7,-1,0,5,-5,sil
4.375000476837158,11,13,8,38,16,19,20,5,-9,2,0,-2,8,10,sil
4.391103267669678,17,7,13,30,19,25,32,9,7,21,9,-1,10,20,sil
4.391103267669678,1,-3,0,23,14,20,28,7,6,25,2,-7,8,13,sil
4.40671706199646,-12,-9,0,18,6,10,14,3,0,15,-17,-13,2,9,sil
4.40671706199646,-10,-12,-3,4,-2,3,8,-4,2,18,-11,-4,4,18,sil
4.421969652175903,-4,-16,-9,-6,-9,6,9,-8,13,23,4,0,10,13,sil
4.421969652175903,-1,-12,-4,-10,-5,9,15,0,20,11,-2,-4,5,-3,sil
4.437719345092773,-1,-10,-19,-22,-4,-1,15,1,13,-1,-13,-10,-8,-12,sil
4.437719345092773,-8,-16,-16,-37,-15,-11,-3,-5,4,-15,-17,-11,-22,-16,sil
4.4528868198394775,-7,-12,-9,-28,-13,-7,-15,-1,11,-22,-18,-9,-19,-18,sil
4.4528868198394775,6,1,-7,-9,-3,-11,-15,5,12,-14,0,6,-4,-8,sil
4.468909025192261,8,18,10,-4,-5,-20,-21,5,-4,-4,26,22,0,-2,sil
4.468909025192261,-4,19,6,-1,-2,-19,-21,-4,-17,-11,21,9,-8,-9,sil
4.484553575515747,-12,11,0,0,6,-11,-13,-5,-21,-27,0,-9,-15,-16,sil
4.484553575515747,-13,2,-4,0,6,1,-3,-1,-18,-24,-8,-17,-17,-16,sil
4.499956130981445,-13,-3,-7,2,4,12,11,0,-6,-3,-11,-17,-16,-8,sil
4.499956130981445,-8,0,7,10,8,17,25,1,-4,6,-15,-10,-16,0,sil
4.51510500907898,-3,-3,0,10,2,15,24,1,-7,4,-22,-14,-19,1,sil
4.51510500907898,-8,-13,-7,-2,-3,16,14,0,3,8,-24,-22,-15,0,sil
4.530867099761963,-6,-10,-2,-6,0,12,10,1,23,22,-12,-6,5,10,sil
4.530867099761963,9,0,6,-1,-3,0,3,2,35,30,7,15,29,22,sil
4.546139240264893,20,5,12,-1,-9,-3,-5,0,29,21,22,24,35,16,sil
4.546139240264893,18,0,1,-3,-2,-8,-8,0,15,12,29,27,29,7,sil
4.561720848083496,12,3,0,-8,-3,-23,-23,-1,0,2,23,25,21,6,sil
4.561720848083496,7,10,8,-12,-10,-22,-33,1,-13,-9,17,19,8,0,sil
4.577640771865845,2,4,8,0,-1,-10,-20,2,-26,-13,14,10,-4,-9,sil
4.577640771865845,0,4,13,17,9,1,-8,-3,-39,-18,-3,-2,-18,-8,sil
4.592766761779785,-4,7,0,18,10,16,-2,-10,-42,-19,-22,-19,-27,-3,sil
4.592766761779785,-10,-11,-3,4,7,14,4,-8,-28,-5,-19,-20,-20,-2,sil
4.607903003692627,-6,-21,1,-3,1,3,6,-1,0,7,-14,-13,-10,4,sil
4.607903003692627,6,-1,-6,4,-4,0,1,0,23,6,-9,-2,-1,16,sil
4.623409271240234,16,12,5,10,-3,-6,-3,4,21,0,5,17,15,14,sil
4.623409271240234,14,5,1,2,3,-13,0,4,7,-4,17,23,27,3,sil
4.639262676239014,8,7,-5,5,13,-2,10,2,4,-5,16,12,16,0,sil
4.639262676239014,3,20,7,23,16,11,8,8,7,-4,13,3,3,-3,sil
4.6543285846710205,-7,9,0,21,9,11,5,4,0,-1,4,-6,2,-14,sil
4.6543285846710205,-20,-13,-6,-1,1,18,19,0,0,8,-10,-19,0,-9,sil
4.670884132385254,-14,-23,-13,-8,-4,23,30,3,12,21,-14,-22,0,5,sil
4.670884132385254,0,-14,-12,-4,-5,7,17,1,18,23,-9,-16,6,10,sil
4.685694694519043,-1,-5,-3,-13,-6,0,6,0,14,13,-5,-3,11,7,sil
4.685694694519043,-7,-7,-8,-28,-10,-4,1,2,16,-1,5,8,7,1,sil
4.700885772705078,5,1,0,-28,-12,-23,-12,-3,15,-8,19,17,5,0,sil
4.700885772705078,13,15,3,-13,-7,-34,-18,-8,8,-7,17,13,8,-1,sil
4.717241525650024,0,6,0,-7,-6,-24,-19,-3,-9,-16,5,1,-5,-12,sil
4.734102249145508,-12,-1,2,-6,-6,-6,-16,0,-30,-27,-2,-1,-30,-30,sil
4.734102249145508,-15,5,-1,9,0,6,0,-3,-28,-19,-18,-8,-39,-28,sil
4.734102249145508,-21,0,3,16,2,14,7,-2,-26,-11,-39,-29,-40,-20,sil
4.748980522155762,-18,-16,0,5,0,18,5,4,-22,0,-32,-31,-29,-12,sil
4.763760805130005,-6,-18,0,-3,0,19,9,0,6,24,-10,-11,-2,6,sil
4.763760805130005,0,-4,6,-1,5,9,7,-3,30,30,-8,-4,4,21,sil
4.763760805130005,11,4,-2,1,6,-3,-6,0,18,8,-5,-2,0,18,sil
4.7783026695251465,19,3,1,-5,0,-6,-17,4,0,-5,7,12,3,11,sil
4.793600797653198,11,-1,4,-17,-9,-11,-20,0,-2,-6,12,22,10,5,sil
4.793600797653198,13,5,3,-6,-3,-18,-20,-5,-7,-4,24,27,22,5,sil
4.808670997619629,28,27,20,20,12,-8,-16,-1,-21,-4,44,33,31,9,sil
4.808670997619629,23,28,10,38,14,1,-5,-2,-30,-4,35,20,14,6,sil
4.824663877487183,9,18,4,29,6,3,0,-2,-20,-2,9,8,0,1,sil
4.824663877487183,-2,5,1,10,4,8,3,0,-3,2,0,4,6,4,sil
4.839302062988281,-18,-12,-12,-1,2,9,17,1,3,6,-4,-13,3,6,sil
4.839302062988281,-14,-18,-9,1,0,13,33,6,17,12,-16,-21,0,2,sil
4.854610204696655,-4,-10,-10,0,0,13,36,4,41,21,-14,-9,7,4,sil
4.854610204696655,-12,-14,-14,-13,-10,-1,15,0,39,17,-9,-4,10,9,sil
4.8706910610198975,-14,-23,-13,-34,-15,-10,-4,3,16,0,-12,-10,4,0,sil
4.8706910610198975,-1,-13,-6,-32,-6,-7,-13,2,4,-13,-4,-2,0,-12,sil
4.885945558547974,8,9,16,-6,0,-5,-14,0,3,-9,14,18,0,-6,sil
4.885945558547974,22,23,15,16,5,-4,-3,0,3,0,24,27,9,4,sil
4.901871204376221,17,21,11,16,14,-2,2,0,-5,-8,8,11,1,-1,sil
4.901871204376221,-8,5,5,6,10,0,0,0,-20,-18,-15,-15,-25,-16,sil
4.917148590087891,-14,-14,-9,4,0,5,7,0,-22,-6,-16,-26,-28,-11,sil
4.917148590087891,-1,-11,4,9,-1,18,15,0,-9,13,-4,-19,-12,0,sil
4.932600498199463,-9,-4,0,5,0,11,6,-5,0,15,-11,-20,-12,-1,sil
4.932600498199463,-15,-13,-13,-12,-10,-7,-5,-9,-1,-6,-21,-17,-16,-8,sil
4.948263168334961,0,-7,-4,-17,-14,-8,-10,-2,-7,-18,-6,0,-5,-7,sil
4.948263168334961,9,10,2,-6,-1,-6,-4,0,-3,-5,11,13,8,1,sil
4.963285207748413,9,14,9,-7,2,-11,0,3,9,1,15,20,9,8,sil
4.963285207748413,10,10,0,-12,-1,-9,-3,3,12,-2,12,18,6,5,sil
4.978954553604126,4,7,0,-2,0,-5,-19,-1,-8,-8,3,3,2,-4,sil
4.978954553604126,-4,6,7,15,8,0,-19,0,-19,-4,-5,-3,0,-6,sil
4.994723796844482,-4,5,-6,26,10,6,1,1,-4,12,-3,-2,5,7,sil
5.010777711868286,-9,-8,-8,14,0,11,6,-5,0,15,-11,-14,3,5,sil
5.010777711868286,-22,-27,-11,-2,-10,12,0,-7,-4,4,-25,-27,-2,-10,sil
5.010777711868286,-17,-21,-12,-11,-4,2,0,0,6,7,-17,-11,2,0,sil
5.026569604873657,1,-7,-8,-20,-4,-5,0,1,16,7,-1,6,3,13,sil
5.026569604873657,9,-4,-13,-22,-13,-6,-10,-3,14,-7,0,0,-3,0,sil
5.041961431503296,8,6,9,-8,-6,-9,-21,1,1,-13,8,3,2,-3,sil
5.041961431503296,9,19,19,8,10,-13,-14,6,-11,-5,26,23,12,5,sil
5.060131549835205,9,16,9,11,13,-8,-3,0,-13,-8,26,24,3,-1,sil
5.060131549835205,8,12,16,15,8,4,4,2,-9,-13,13,7,-4,-8,sil
5.072962760925293,3,10,6,26,11,16,21,4,-2,3,14,6,0,2,sil
5.072962760925293,-5,0,0,19,13,22,30,0,4,21,14,8,3,8,sil
5.087971448898315,-9,-7,1,0,3,18,22,3,5,17,-1,-7,1,4,sil
5.087971448898315,0,-9,3,-2,-6,5,19,4,10,17,-11,-16,0,7,sil
5.103596210479736,7,-1,3,-6,-10,-4,23,0,23,28,0,1,5,12,sil
5.103596210479736,11,-2,-8,-21,-9,-6,16,-4,30,25,10,17,13,14,sil
5.118977069854736,19,0,3,-17,-4,-7,-2,0,23,8,11,19,12,11,sil
5.118977069854736,19,11,8,1,3,-13,-11,1,11,-7,9,13,1,3,sil
5.135309457778931,6,8,-6,0,7,-17,-12,-2,-5,-28,-1,-2,-10,-10,sil
5.135309457778931,-3,4,0,-4,1,-5,-15,-4,-21,-37,-14,-13,-17,-21,sil
5.149852514266968,-11,3,-3,3,-2,2,-15,-8,-36,-33,-16,-17,-21,-19,sil
5.149852514266968,-19,-7,-12,8,0,3,-8,-5,-39,-26,-28,-24,-23,-13,sil
5.16605544090271,-17,-13,-7,7,1,13,4,3,-13,-7,-37,-26,-15,-11,sil
5.16605544090271,-15,-12,-9,7,-2,11,5,0,16,11,-21,-20,0,-3,sil
5.181064367294312,-10,-14,-1,-1,-4,0,-3,-1,23,10,-3,-4,8,10,sil
5.181064367294312,4,-5,-6,-14,-1,-7,-5,5,17,5,8,11,10,11,sil
5.196965932846069,5,9,-3,-17,-2,-15,-14,1,-9,-4,13,11,-1,-9,sil
5.212671518325806,-9,11,5,-4,0,-13,-26,-7,-39,-17,0,-3,-14,-22,sil
5.212671518325806,-7,7,4,11,4,1,-8,-4,-27,-1,-3,-10,-2,-3,sil
5.212671518325806,7,3,8,11,0,13,16,4,0,23,4,-1,11,15,sil
5.228710651397705,9,-7,0,5,-5,10,20,4,13,25,3,3,11,16,sil
5.228710651397705,3,-14,-4,-5,-3,2,5,3,22,18,0,13,13,10,sil
5.244887590408325,6,-5,2,-17,-4,-5,-11,8,20,13,10,25,18,3,sil
5.244887590408325,11,3,0,-9,-3,-13,-21,1,2,-1,28,22,14,0,sil
5.260687589645386,6,14,12,2,3,-7,-17,-4,-17,-19,23,10,3,-3,sil
5.261693477630615,-7,10,6,9,9,5,0,-3,-24,-18,0,-5,-8,-6,sil
5.274842977523804,-14,-3,-2,11,2,9,16,0,-9,-3,-15,-23,-15,0,sil
5.291578054428101,-15,-11,-4,-2,-5,8,24,4,11,1,-17,-27,-12,0,sil
5.291578054428101,-13,-11,-14,-18,-3,5,21,2,17,3,-8,-13,0,-1,sil
5.306616544723511,3,0,3,-6,4,3,14,-2,19,10,13,8,14,9,sil
5.306616544723511,18,11,13,8,5,-2,0,-4,23,13,28,21,18,13,sil
5.321817636489868,14,17,5,8,4,-11,-14,-2,10,0,24,23,1,-1,sil
5.321817636489868,9,22,9,18,10,0,-9,2,-4,-1,17,16,-10,-1,sil
5.337775707244873,7,12,2,34,13,13,7,2,-10,1,-2,-3,-7,5,sil
5.337775707244873,-3,-7,-3,14,1,9,12,-1,-16,-8,-35,-22,-18,-4,sil
5.354039430618286,-17,-17,-14,-15,-6,6,12,-2,-13,-12,-38,-19,-25,-12,sil
5.354039430618286,-13,-19,-14,-19,-8,5,13,-2,5,0,-19,-5,-2,0,sil
5.368621349334717,0,-11,4,-5,-10,-4,4,0,22,10,-12,1,14,5,sil
5.368621349334717,3,-4,0,-9,-8,-15,-1,4,29,14,-5,0,12,1,sil
5.384751796722412,0,-5,-8,-29,-6,-17,-14,3,15,8,9,0,13,-2,sil
5.384751796722412,3,-1,-4,-27,-8,-20,-33,-2,-5,-11,16,5,8,-5,sil
5.400778770446777,12,8,6,-10,-8,-21,-37,-10,-24,-29,6,11,-8,-4,sil
5.400778770446777,6,11,10,0,0,-2,-21,-2,-39,-27,0,12,-14,-7,sil
5.417752981185913,2,7,-4,10,11,13,-3,4,-35,-8,7,6,-1,-7,sil
5.417752981185913,8,14,11,24,18,13,5,4,-14,3,14,5,4,1,sil
5.417752981185913,6,18,21,32,16,14,12,2,-1,7,7,2,0,6,sil
5.433019638061523,-4,4,0,31,10,15,20,1,1,14,-5,-7,-2,0,sil
5.433019638061523,-8,-3,-1,18,3,17,26,0,9,27,-6,-6,6,8,sil
5.447587728500366,-6,-7,-2,4,1,14,26,-2,21,33,2,1,21,26,sil
5.462760210037232,-2,-11,-3,2,0,0,11,-3,24,23,0,-1,14,17,sil
5.462760210037232,2,-5,-4,10,-4,-7,0,-1,23,12,-6,-8,0,-1,sil
5.47815728187561,0,-4,-10,0,-8,-3,0,3,23,5,-2,-9,-2,0,sil
5.47815728187561,-12,-17,-9,-32,-17,-14,-5,8,8,-20,-5,-13,-9,-8,sil
5.494076013565064,-16,-24,-25,-53,-27,-30,-19,0,-18,-51,-25,-21,-28,-31,sil
5.494076013565064,-9,-12,-18,-47,-22,-18,-18,-10,-31,-50,-23,-12,-27,-28,sil
5.509770154953003,-2,0,6,-26,-5,-4,-9,-2,-17,-25,14,11,0,-2,sil
5.509770154953003,0,6,6,-1,1,-9,-12,2,-6,-6,37,23,10,7,sil
5.524888753890991,4,22,11,17,7,0,-6,0,-12,-1,17,12,4,0,sil
5.524888753890991,8,29,14,32,23,19,8,-1,-11,2,5,2,7,-1,sil
5.540995359420776,11,18,17,37,25,18,1,4,-6,9,11,5,10,6,sil
5.540995359420776,1,7,12,21,9,10,-12,4,-10,7,-2,3,0,7,sil
5.557110786437988,-12,-1,-1,3,1,8,-4,-4,-8,4,-23,-11,-9,0,sil
5.557110786437988,-6,-7,4,0,0,11,11,-1,3,10,-19,-15,-8,-5,sil
5.572680234909058,7,-7,-2,7,0,16,24,6,23,22,-9,-10,-1,2,sil
5.572680234909058,7,-10,-10,0,-2,9,30,5,38,28,-5,-4,10,14,sil
5.588283538818359,-4,-20,-5,-21,-8,-1,19,3,32,24,-4,0,8,4,sil
5.588283538818359,-11,-19,-15,-30,-13,-16,-2,-1,16,10,0,2,0,-4,sil
5.603978395462036,1,0,-3,-19,-2,-25,-19,-10,10,-4,9,9,5,0,sil
5.603978395462036,19,14,8,-8,3,-16,-17,-3,10,-2,19,26,19,4,sil
5.619646310806274,21,13,5,-5,-3,-5,-9,2,2,-1,20,32,12,7,sil
5.619646310806274,10,12,8,0,0,-4,-10,-3,-14,-18,8,14,-6,3,sil
5.634768009185791,-4,8,0,9,9,-9,-9,-4,-30,-23,-5,-12,-19,-9,sil
5.634768009185791,-11,4,6,14,5,-4,-1,1,-27,-8,-6,-14,-18,-7,sil
5.650647163391113,0,3,6,19,1,6,5,0,-15,4,3,2,-4,11,sil
5.650647163391113,5,0,0,19,6,15,3,-1,-19,0,0,3,2,15,sil
5.665832996368408,-2,-3,0,13,9,19,4,4,-17,-3,-14,-13,-3,5,sil
5.665832996368408,-11,-8,-14,5,6,12,9,6,10,3,-15,-26,-4,-1,sil
5.68139123916626,-10,-15,-9,-3,-4,7,13,8,29,11,-9,-22,6,-2,sil
5.68139123916626,-5,-11,-4,-8,-9,12,22,3,27,12,-8,-13,18,0,sil
5.69701361656189,-2,-7,-12,-13,-3,5,20,-2,23,12,1,-5,20,0,sil
5.69701361656189,-1,-5,-6,-21,-11,-10,-3,5,19,8,20,7,17,-3,sil
5.712555885314941,-2,-6,-10,-16,-20,-16,-23,2,7,-6,20,16,7,-11,sil
5.712555885314941,-3,-1,-3,-10,-12,-18,-29,-10,-19,-29,0,13,-10,-24,sil
5.727633714675903,2,12,8,1,0,-18,-27,-5,-35,-36,-1,11,-22,-27,sil
5.727633714675903,10,25,12,30,6,-8,-10,1,-22,-18,12,15,-15,-11,sil
5.7427613735198975,15,24,23,36,6,4,3,0,-7,-2,13,22,-6,3,sorry
5.7427613735198975,16,13,15,22,9,8,1,-3,-16,-3,3,12,-9,9,sorry
5.757761240005493,14,13,14,24,18,7,0,-3,-26,-5,-2,0,-12,10,sorry
5.757761240005493,7,10,18,28,14,9,2,0,-12,8,1,4,1,12,sorry
5.77381157875061,-1,-10,1,6,-3,3,3,-1,3,19,-1,1,8,17,sorry
5.77381157875061,-14,-25,-7,-12,-13,4,8,-3,4,10,-29,-27,-7,10,sorry
5.789024114608765,-27,-25,-22,-23,-8,11,19,0,6,7,-42,-41,-15,-6,sorry
5.789024114608765,-24,-25,-23,-35,-5,4,20,0,19,14,-25,-25,0,-11,sorry
5.804640531539917,-9,-14,-11,-30,-3,-4,10,0,31,13,-5,-5,11,3,sorry
5.804640531539917,0,-2,-9,-23,-3,-5,0,4,34,8,0,0,11,6,sorry
5.821052551269531,0,-2,-5,-42,-9,-12,-8,4,21,5,2,-2,8,-7,sorry
5.821052551269531,0,-1,-14,-47,-11,-22,-12,0,8,-1,9,0,6,-4,sorry
5.835218191146851,2,7,-4,-20,5,-10,-14,1,3,-4,15,5,1,3,sorry
5.852315187454224,1,17,10,-4,18,0,-12,3,-3,-2,13,5,0,-6,sorry
5.852315187454224,10,19,4,-2,13,-4,-2,-2,-16,-10,11,8,8,0,sorry
5.852315187454224,16,13,12,18,16,7,4,0,-18,-19,6,14,4,16,sorry
5.867030143737793,3,-3,6,41,20,18,4,0,-11,-6,0,-1,-14,3,sorry
5.882807970046997,-6,-8,0,30,8,14,2,0,-10,11,2,-19,-11,-7,sorry
5.882807970046997,-3,0,6,21,-1,17,7,5,-4,16,6,-8,11,3,sorry
5.882807970046997,-1,-6,0,23,-9,5,6,2,5,8,0,6,12,10,sorry
5.898851633071899,2,-8,9,12,-22,-16,-5,-7,0,-2,3,16,1,4,sorry
5.898851633071899,14,5,11,14,-17,-8,-2,-5,0,3,17,24,5,1,sorry
5.913984298706055,13,7,6,18,-2,4,10,1,17,15,13,24,14,1,sorry
5.928698539733887,4,2,11,0,-1,0,11,5,15,4,12,24,16,0,sorry
5.928698539733887,3,9,2,1,-1,-7,4,1,2,-2,19,21,11,-8,sorry
5.943764925003052,4,14,-2,16,4,-5,-7,0,-4,-5,0,6,-4,-13,sorry
5.943764925003052,0,6,-3,5,1,-3,-16,-1,-21,-21,-23,-7,-19,-11,sorry
5.959506273269653,0,2,-2,-4,-1,-3,-14,-1,-38,-30,-14,-14,-19,-14,sorry
5.959506273269653,0,10,7,7,4,3,-6,2,-28,-18,-3,-15,-16,-13,sorry
5.974560260772705,-7,2,-3,18,4,12,-3,0,-5,-7,-15,-12,-13,0,sorry
5.974560260772705,-18,-16,-10,0,-2,11,-5,-9,1,-5,-25,-11,-9,4,sorry
5.990645885467529,-22,-22,-18,-26,-3,10,0,-8,-5,0,-26,-24,-15,0,sorry
5.990645885467529,-20,-19,-19,-32,-1,7,7,-4,-4,6,-25,-29,-16,0,sorry
6.00593376159668,-11,-16,-7,-30,-5,-7,0,0,13,16,-12,-20,-1,4,sorry
6.00593376159668,0,-15,-10,-36,-11,-15,-1,4,37,21,3,-13,7,12,sorry
6.026542901992798,11,-2,3,-28,-6,-3,18,13,47,15,5,-2,9,16,sorry
6.026542901992798,11,6,6,-19,1,0,25,10,41,13,7,13,16,8,sorry
6.026542901992798,2,0,-11,-25,0,-14,4,-4,15,4,18,15,12,-5,sorry
6.037651777267456,4,4,-1,-13,-9,-18,-10,-6,-13,-21,14,7,-2,-13,sorry
6.053713083267212,13,19,4,13,-2,-12,-12,2,-24,-27,6,9,0,-10,sorry
6.053713083267212,20,25,17,23,15,-10,-13,6,-20,-3,16,21,12,3,sorry
6.069583415985107,15,20,27,36,29,0,-6,2,-16,7,25,25,12,14,sorry
6.069583415985107,-3,1,8,46,25,13,4,-2,-13,3,9,5,0,5,sorry
6.0856544971466064,-15,-12,0,26,16,25,8,0,-3,12,-4,-9,-3,-4,sorry
6.0856544971466064,-8,-11,-3,17,9,23,7,1,4,22,-1,-11,5,0,sorry
6.10089373588562,-9,-13,-4,19,-4,9,0,-4,-10,9,-12,-15,0,5,sorry
6.10089373588562,-12,-17,-3,-1,-10,6,0,-7,-20,0,-23,-14,-8,4,sorry
6.116836309432983,2,-8,-5,-17,-5,4,12,-3,0,0,-5,0,2,13,sorry
6.116836309432983,10,0,4,-16,-18,-7,9,-1,11,-1,8,12,12,14,sorry
6.1319334506988525,3,2,0,-14,-24,-11,0,0,8,-1,5,7,9,-3,sorry
6.132291793823242,10,9,0,-7,-4,-9,0,4,16,5,9,4,8,-10,sorry
6.1469128131866455,11,12,4,-3,4,-10,-5,7,20,1,16,16,5,-4,sorry
6.1469128131866455,0,1,0,-9,-2,-9,-13,2,7,-5,15,23,0,-1,sorry
6.162841796875,0,6,7,-4,0,-3,-12,0,-6,-9,6,13,-5,-2,sorry
6.162841796875,0,13,2,11,6,1,-10,-1,-13,-7,-2,2,-18,-7,sorry
6.177978754043579,-13,0,-1,13,3,11,-7,-1,-12,-5,-11,-7,-25,-16,sorry
6.177978754043579,-21,-9,-1,1,3,17,4,2,-3,-5,-23,-29,-21,-20,sorry
6.193682193756104,-16,-9,-13,-6,0,6,12,-1,3,-8,-33,-41,-15,-15,sorry
6.193682193756104,-9,-12,-9,-13,-11,0,0,-5,4,-12,-36,-25,-15,-10,sorry
6.208837270736694,-2,-11,-14,-19,-15,-4,-10,0,7,-14,-23,-12,-8,-2,sorry
6.208837270736694,9,-2,-9,-23,-8,-15,-5,0,9,-8,1,-4,1,3,sorry
6.223965167999268,12,5,7,-17,-3,-17,0,-2,-2,-1,19,11,8,0,sorry
6.223965167999268,5,9,5,4,1,-12,-7,-1,-14,-4,26,16,11,0,sorry
6.240008592605591,10,19,14,27,12,0,-5,6,-10,-1,30,12,19,6,sorry
6.240008592605591,20,19,13,34,21,10,14,7,3,13,22,13,18,12,sorry
6.255788326263428,9,8,7,27,21,13,23,0,6,18,8,14,7,17,sorry
6.255788326263428,-4,0,13,21,12,16,11,0,-3,7,4,14,4,17,sorry
6.270855903625488,-7,-14,-5,8,0,14,6,0,-6,5,-4,0,2,13,sorry
6.270855903625488,-4,-20,-8,-4,-8,2,8,-3,1,14,-19,-13,-5,11,sorry
7.697249174118042,-6,2,-1,-37,-10,-9,-25,0,-16,-17,-2,-6,-15,-16,sorry
7.697249174118042,-2,5,6,-13,0,-15,-27,-3,-12,-13,3,5,-12,-7,sorry
7.7128870487213135,0,3,5,-4,-5,-12,-12,0,-17,-23,-1,6,-10,-6,sorry
7.7128870487213135,-12,1,5,1,-10,-1,0,1,-32,-30,-17,-18,-12,-19,sorry
7.729013204574585,-15,0,-3,21,-2,7,15,-1,-24,-6,-17,-28,-2,-9,sorry
7.729013204574585,-5,-2,0,25,2,21,27,0,-4,11,-12,-11,1,5,sorry
7.744557619094849,0,0,3,25,6,29,27,2,2,2,-11,-4,1,3,sorry
7.744557619094849,6,5,7,32,9,13,22,3,21,11,0,0,14,13,sorry
7.760084629058838,13,3,10,23,6,0,21,7,50,38,13,15,31,32,sorry
7.760084629058838,7,-2,-2,4,5,-3,10,0,42,28,13,17,25,20,sorry
7.776134967803955,8,2,3,-1,0,-17,-13,-3,0,-8,12,12,9,-2,sorry
7.776134967803955,18,15,-1,8,0,-25,-16,0,-8,-12,24,24,10,0,sorry
7.791881322860718,19,17,-7,15,13,-14,-6,-2,7,6,38,33,21,11,sorry
7.791881322860718,11,11,8,0,7,-18,-22,-5,3,3,35,21,9,-3,sorry
7.807804107666016,0,1,0,-10,-13,-28,-33,-2,-14,-9,18,0,-14,-18,sorry
7.807804107666016,0,6,-1,12,-8,1,-9,2,-11,-3,1,-4,-15,-8,sorry
7.823396921157837,9,11,11,34,10,30,11,2,2,15,-2,0,-1,11,sorry
7.823396921157837,14,-1,8,24,13,21,11,-2,1,22,-2,-1,-6,15,sorry
7.838936805725098,1,-16,0,1,6,16,9,0,-10,4,-14,-17,-21,0,sorry
7.838936805725098,-16,-26,-18,-13,0,18,10,0,-19,-15,-38,-32,-23,-15,sorry
7.855225086212158,-26,-25,-16,-26,-9,6,3,-5,-16,-14,-46,-32,-23,-17,sorry
7.855225086212158,-22,-16,-9,-28,-14,2,0,-1,4,-1,-31,-22,-14,-3,sorry
7.871212482452393,-13,-15,-12,-25,-12,0,5,5,30,0,-16,-10,2,6,sorry
7.871212482452393,-7,-7,1,-26,-3,-6,1,8,31,0,-2,4,13,4,sorry
7.886463165283203,-1,4,3,-21,0,-18,-11,0,8,0,14,10,13,-6,sorry
7.886463165283203,3,7,2,-15,-4,-22,-21,-7,-14,-8,12,9,6,-15,sorry
7.90168571472168,8,15,4,-6,-1,-7,-6,0,-16,-7,11,16,6,-5,sorry
7.90168571472168,13,24,6,4,7,0,5,6,-14,-5,30,22,13,10,sorry
7.917809724807739,8,20,20,12,4,-3,-4,2,-27,-20,23,19,3,0,sorry
7.917809724807739,-2,8,7,14,3,1,-5,0,-28,-21,-6,0,-13,-10,sorry
7.93390679359436,-10,1,-4,17,12,10,6,0,-5,-1,-14,-16,-13,1,sorry
7.93390679359436,-9,0,1,17,11,13,15,0,14,16,-1,-10,-1,8,sorry
7.949948310852051,-3,-5,-3,13,2,16,21,-4,28,34,0,0,5,10,sorry
7.949948310852051,0,-11,-3,-2,-5,19,21,-2,35,40,-10,-7,5,16,sorry
7.965602159500122,1,-12,-6,-15,-11,11,14,1,28,21,-12,-14,6,13,sorry
7.965602159500122,8,-11,-4,-16,-15,-7,2,0,8,-4,-5,1,13,4,sorry
7.980972528457642,9,-10,0,-14,-14,-16,-11,-4,-6,-12,-1,10,9,0,sorry
7.980972528457642,1,-9,-10,-18,-7,-10,-20,-3,-8,-13,-4,0,-5,-5,sorry
7.997069358825684,0,-3,-1,-20,-5,-16,-26,-1,-9,-24,-3,-1,-7,-12,sorry
7.997069358825684,5,3,1,-2,-2,-27,-21,1,-12,-24,14,11,1,-10,sorry
8.01459550857544,4,11,2,16,8,-16,-7,2,-6,-2,32,17,7,-3,sorry
8.01459550857544,0,12,5,15,8,3,-3,-1,-7,3,23,8,2,-6,sorry
8.035796403884888,0,9,-3,19,0,5,-3,-3,-21,-10,0,-4,-10,-11,sorry
8.035796403884888,0,13,6,30,11,7,0,4,-31,-16,-5,-7,-16,-5,sorry
8.035796403884888,-2,7,6,25,20,11,9,6,-21,-4,-2,-7,-11,1,sorry
8.043834686279297,-6,-3,-5,14,9,14,18,0,4,9,-8,-10,-7,1,sorry
8.058803081512451,-1,1,4,17,6,19,23,3,26,27,-5,-2,2,6,sorry
8.058803081512451,3,7,9,21,12,14,16,1,28,34,2,5,13,21,sorry
8.074089288711548,2,1,9,13,1,5,1,-1,19,23,-3,0,4,18,sorry
8.074089288711548,0,-6,3,-1,-11,0,-1,1,18,19,-8,0,3,3,sorry
8.089599132537842,0,-13,0,-14,-10,-9,-1,0,16,21,1,6,17,6,sorry
8.089599132537842,-1,-9,-1,-20,-6,-11,-5,-4,11,7,7,13,15,12,sorry
8.10565185546875,7,0,-8,-20,-8,-9,-1,-4,15,-3,4,13,9,3,sorry
8.10565185546875,15,2,-4,-23,-11,-15,0,2,9,-14,0,5,8,-13,sorry
8.121766805648804,0,0,-7,-28,-12,-21,-10,7,-14,-38,-6,-6,-8,-25,sorry
8.121766805648804,-16,0,-11,-20,-3,-13,-12,2,-28,-47,-9,-6,-26,-25,sorry
8.136942148208618,-4,12,7,3,15,6,6,0,-21,-21,-6,-2,-18,-7,sorry
8.136942148208618,0,11,2,18,21,19,23,-1,-15,-1,-8,-14,-10,3,sorry
8.15353798866272,-18,-10,-10,3,5,14,16,-2,-24,-8,-16,-31,-22,-8,sorry
8.15353798866272,-27,-24,-15,-17,-8,13,0,0,-17,-4,-17,-27,-18,-14,sorry
8.168055295944214,-8,-18,-13,-27,-13,5,-16,-1,3,10,-12,-11,-1,1,sorry
8.168055295944214,4,-12,0,-28,-15,-7,-30,-6,5,5,-8,-1,3,8,sorry
8.183616161346436,5,-9,-2,-17,-13,-14,-27,-8,2,5,8,7,14,12,sorry
8.183616161346436,16,1,11,-13,-3,-14,-18,-3,12,12,30,29,30,20,sorry
8.198782444000244,22,16,17,-9,7,-12,-14,4,11,2,35,36,25,12,sorry
8.215782880783081,12,26,7,21,14,0,-2,4,0,-1,28,17,7,-2,sorry
8.215782880783081,5,29,21,50,16,16,14,4,0,8,22,8,0,-3,sorry
8.215782880783081,0,18,13,47,17,17,17,4,6,7,11,2,-4,1,sorry
8.231808423995972,-12,0,0,27,10,10,13,2,0,0,-6,-10,-9,-4,sorry
8.231808423995972,-8,-7,0,17,-1,15,22,-2,0,2,-13,-14,-9,-11,sorry
9.602890491485596,-3,-3,-6,20,10,9,12,2,-3,7,-10,-15,-11,0,sorry
9.602890491485596,-4,-18,-5,4,-2,16,24,2,13,24,-13,-13,-1,13,sorry
9.619261026382446,0,-13,-1,-9,-1,19,27,6,32,38,-7,-7,7,24,sorry
9.619261026382446,10,-9,-4,-6,4,8,22,5,42,45,15,5,26,34,sorry
9.63454270362854,8,-11,0,-9,-8,-11,2,0,28,33,15,0,26,18,sorry
9.63454270362854,2,-8,-5,-12,-17,-29,-16,-5,2,2,-5,-13,0,-3,sorry
9.6495623588562,10,0,2,-6,-2,-19,-17,-1,1,-9,0,0,-7,-2,sorry
9.6495623588562,26,3,10,-7,1,0,-10,0,13,4,24,22,18,8,sorry
9.66757345199585,21,1,2,-16,-5,-1,-15,-5,0,9,21,16,16,4,sorry
9.66757345199585,-3,3,2,-16,0,-10,-20,-4,-17,0,0,3,-15,-11,sorry
9.680735349655151,-21,1,-8,-12,6,-9,-11,-1,-15,-20,-7,-6,-25,-25,sorry
9.680735349655151,-23,0,-8,-12,-1,0,-9,-3,-14,-29,-14,-17,-22,-30,sorry
9.696116924285889,-19,7,0,0,5,8,-9,0,-20,-8,-14,-17,-28,-31,sorry
9.710888147354126,-12,11,1,14,14,1,-2,5,-14,-21,2,-3,-15,-17,sorry
9.710888147354126,-2,4,12,10,4,3,7,4,0,-40,6,5,4,0,sorry
9.726545572280884,2,0,4,6,8,21,19,0,11,7,-4,6,2,14,sorry
9.726545572280884,2,5,3,16,19,20,23,0,2,18,-9,5,-1,17,sorry
9.745612144470217,0,7,1,19,5,2,19,2,-8,-28,-9,-2,1,1,sorry
9.745612144470217,-9,-6,-15,1,-9,0,15,-1,-3,1,-13,-18,2,-9,sorry
9.745612144470217,-15,-19,-8,-20,-6,12,17,-3,2,49,-16,-19,0,0,sorry
9.759170532226562,-7,-17,-4,-12,-5,8,17,-2,4,23,-19,-7,7,11,sorry
9.759170532226562,3,-7,-1,2,-14,-12,2,-2,4,0,-14,0,13,8,sorry
9.773608207702637,1,-2,0,-3,-15,-20,-13,0,6,4,1,0,12,3,sorry
9.789617538452148,0,-8,-12,-6,-6,-11,-12,1,14,1,9,0,9,4,sorry
9.789617538452148,14,-6,3,1,-2,-4,-11,1,14,-9,0,5,4,2,sorry
9.789617538452148,19,2,9,2,-10,-12,-23,0,0,-6,3,15,7,1,sorry
9.805663347244264,13,13,6,6,-5,-17,-26,-4,-10,6,29,26,10,4,sorry
9.821908473968506,17,21,13,15,10,-2,-11,1,-11,-8,42,24,7,6,sorry
9.821908473968506,13,13,2,6,6,3,1,6,-14,-37,26,7,5,3,sorry
9.839966773986816,-2,2,0,-4,-4,0,-5,1,-11,-20,4,-2,-7,-5,sorry
9.839966773986816,-6,4,5,5,5,5,-3,0,-5,22,-6,-6,-21,-8,sorry
9.839966773986816,0,7,6,13,16,15,14,0,-6,22,-15,-15,-18,-2,sorry
9.855000972747805,-9,2,1,8,12,18,21,0,0,-2,-23,-18,-14,-1,sorry
9.855000972747805,-18,-12,-12,3,0,18,15,0,19,9,-16,-13,-10,0,sorry
9.869220972061155,-8,-22,-2,-4,-6,12,16,5,36,38,-1,-5,7,14,sorry
9.869220972061155,2,-12,2,-13,2,4,18,3,42,27,4,1,26,21,sorry
9.883797883987429,4,-4,-8,-15,0,-7,-1,-7,22,0,5,6,24,7,sorry
9.898930311203005,1,-7,-6,-19,-23,-20,-27,-6,-9,-3,11,7,9,-7,sorry
9.898930311203005,0,0,-5,-17,-12,-18,-19,0,-10,12,23,13,2,-6,sorry
9.915019989013672,4,22,3,-2,17,-8,-3,1,-3,4,24,21,4,-3,sorry
9.915019989013672,3,21,3,8,9,-3,-7,-3,-29,-31,1,7,-4,-11,sorry
9.932008981704712,-10,0,-7,6,-2,0,-5,-6,-42,-47,-23,-17,-24,-17,sorry
9.932008981704712,-20,-5,-2,4,6,5,12,0,-18,-17,-29,-21,-27,-15,sorry
9.94688606262207,-15,-6,-8,13,3,4,22,0,-1,3,-28,-17,-15,-12,sorry
9.94688606262207,-12,-9,-6,6,-6,7,16,0,-1,-7,-27,-21,-8,-4,sorry
9.962056398391724,-6,-10,-1,-14,-3,6,10,7,16,0,-12,-13,3,9,sorry
9.962056398391724,10,-3,1,-17,0,-9,0,2,30,16,7,11,15,16,sorry
9.97771692276001,23,4,12,-4,0,-12,-17,-1,17,3,15,28,13,6,sorry
9.97771692276001,22,5,4,-5,0,-8,-16,0,1,-10,16,23,8,0,sorry
9.993824243545532,23,12,9,-9,-6,-15,-19,0,-16,-26,15,18,-1,0,sorry
9.993824243545532,17,21,16,8,-6,-13,-25,0,-32,-35,11,17,-13,-2,sorry
10.009864807128906,3,7,1,21,6,0,-13,3,-23,-12,9,3,-8,-3,sorry
10.009864807128906,-1,-2,8,20,18,12,0,-1,-7,12,5,-12,-3,-4,sorry
10.026957273483276,-6,0,7,22,12,18,3,-3,-2,17,0,-23,-12,-1,sorry
10.026957273483276,-16,-7,-4,12,-3,13,8,1,-1,14,-6,-21,-10,0,sorry
10.047635316848757,-12,-12,-6,-2,-7,6,11,1,0,9,-4,-4,9,0,sorry
10.047635316848757,-3,-2,0,0,0,3,4,-2,4,12,1,7,18,8,sorry
10.047635316848757,-2,0,8,7,0,6,7,0,16,23,5,1,13,21,sorry
10.056836366653442,-1,-7,-4,0,-7,5,13,0,23,25,2,-3,13,13,sorry
10.07491397857666,-5,-11,-10,-14,-9,0,0,-1,6,13,-4,-1,7,-5,sorry
10.07491397857666,-10,-1,-6,-5,-2,0,0,1,0,6,-3,-1,2,-3,sorry
10.07491397857666,1,5,-8,13,3,3,18,2,15,12,6,0,13,9,sorry
10.08882761001587,4,0,0,0,0,2,9,3,22,12,2,3,9,2,sorry
10.104384660720823,-8,-8,-9,-17,-2,0,-2,2,11,0,-10,-2,-4,-7,sorry
10.104384660720823,-4,-4,-13,-7,0,0,7,-1,7,-9,-14,-6,-4,-1,sorry
10.121037006378174,2,1,0,0,4,4,8,-4,4,-8,-8,-4,0,2,sorry
10.121037006378174,0,1,-4,-1,8,0,6,-1,0,-1,-2,0,-2,3,sorry
10.137890577316284,0,7,2,-3,12,-8,7,3,1,0,-1,4,-2,3,sorry
10.137890577316284,-2,0,-1,-14,0,-12,0,0,1,-8,-6,-3,-3,-6,sorry
10.137890577316284,-5,-12,-8,-18,-15,-13,-9,-3,-8,-20,-11,-12,-12,-18,sorry
11.449712753295898,-12,-3,1,11,5,13,7,0,-13,-12,-18,-9,-17,-9,sorry
11.449712753295898,0,-3,1,2,2,15,8,9,-8,-5,-21,-1,-10,0,sorry
11.465160369873049,-1,-13,-8,-6,1,9,5,5,0,3,-22,-12,-13,4,sorry
11.465160369873049,-1,-7,5,0,3,1,5,0,-4,2,-22,-15,-11,5,sorry
11.480693340301514,4,1,4,6,-1,2,2,0,2,15,0,2,10,9,sorry
11.480693340301514,16,3,5,6,0,7,-2,2,29,35,30,28,31,21,sorry
11.496293067932127,21,10,13,17,11,11,8,6,43,38,31,29,34,30,sorry
11.496293067932127,7,8,1,13,13,11,22,2,39,34,12,9,30,25,sorry
11.512086153030396,-6,-11,-8,-8,3,7,21,0,34,27,9,3,26,13,sorry
11.512086153030396,0,-16,-14,-13,-5,-1,19,2,35,18,12,5,15,6,sorry
11.527653932571411,11,-1,-3,-11,-10,-7,11,0,23,2,0,0,-1,0,sorry
11.527653932571411,0,0,-4,-25,-9,-4,0,-2,1,-14,-6,-3,-8,-12,sorry
11.542728900909424,-15,-12,-19,-33,-11,-9,-6,-5,-11,-24,0,0,-5,-16,sorry
11.542728900909424,-14,-11,-5,-26,-21,-22,-13,-3,-14,-26,0,0,-9,-20,sorry
11.55834460258484,-2,-1,0,-15,-16,-23,-19,0,-16,-29,-6,0,-14,-16,sorry
11.55834460258484,6,2,3,0,0,-13,-16,-3,-26,-25,-2,4,-9,-1,sorry
11.573587894439695,13,16,20,20,4,-4,-12,-6,-38,-14,3,11,-3,0,sorry
11.573587894439695,16,30,13,40,4,-4,-11,-2,-37,-8,6,10,-5,4,sorry
11.58962893486023,12,28,14,39,7,-3,-13,4,-27,-12,6,5,-7,16,sorry
11.58962893486023,4,11,11,29,7,0,-16,0,-27,-8,2,-1,-1,10,sorry
11.604769229888916,-6,-1,2,28,6,9,-16,-9,-23,10,-6,-12,0,-3,sorry
11.604769229888916,-18,-7,-5,24,9,20,-3,-1,0,28,-11,-21,-5,-6,sorry
11.620888471603394,-19,-14,-12,1,5,16,8,4,22,27,-5,-21,1,0,sorry
11.636045932769775,-9,-15,-2,-22,-2,4,16,2,27,16,-3,-7,9,4,sorry
11.636045932769775,0,-10,-5,-18,-2,-1,28,4,32,16,-7,0,9,10,sorry
11.636045932769775,1,-12,-13,-16,-5,-4,26,5,35,14,-3,0,12,6,sorry
11.651710510253906,-2,-12,-5,-30,-7,-2,7,3,25,-2,0,1,8,-6,sorry
11.651710510253906,-2,-1,-9,-25,4,2,0,0,16,-16,-3,4,-3,-11,sorry
11.666906356811523,6,8,-2,-12,7,2,0,0,2,-16,1,3,-4,-5,sorry
11.666906356811523,8,6,0,-14,-4,-8,-7,1,-15,-14,5,5,-2,-6,sorry
11.683574914932253,7,8,-3,-6,-3,-13,-19,0,-16,-17,-3,7,-9,-13,sorry
11.683574914932253,14,18,10,9,8,0,-18,3,-5,-11,-3,3,-5,-1,sorry
11.697659969329834,12,14,7,10,5,5,-4,-2,-7,4,6,-2,2,9,sorry
11.712887048721312,0,4,4,4,0,-2,-3,-6,-18,-1,3,-2,-2,-1,sorry
11.713886499404907,-4,-2,4,5,2,3,-3,5,-5,-13,3,0,-5,-5,sorry
11.72935438156128,-4,-6,0,3,4,11,5,7,9,7,12,-2,0,3,sorry
11.72935438156128,-11,-4,2,8,0,7,7,-8,-5,16,5,-9,-3,-4,sorry
11.72935438156128,-21,-9,-9,16,-4,9,4,-15,-24,-11,-11,-17,-8,-11,sorry
11.74500608444214,-22,-24,-8,4,-5,10,11,-3,-21,-16,-17,-16,-8,-4,sorry
11.761945724487305,-19,-22,0,-5,-8,2,11,0,-12,8,-13,-10,-17,-9,sorry
11.761945724487305,-14,-4,-4,-1,-6,2,8,0,1,20,-7,-6,-12,-6,sorry
11.761945724487305,0,4,4,-1,6,13,18,6,32,27,5,5,14,18,sorry
11.775787830352783,12,0,8,-3,8,2,22,8,47,38,19,22,26,30,sorry
11.790954113006592,14,1,10,5,-3,-13,7,3,27,18,17,27,16,19,sorry
11.790954113006592,12,10,5,6,-7,-12,-2,0,10,-6,1,18,12,17,sorry
11.80607008934021,13,2,-6,-16,-5,-16,-10,-2,12,-6,-6,12,15,18,sorry
11.80607008934021,23,0,5,-20,-2,-22,-20,0,7,0,4,19,19,9,sorry
11.821717023849487,30,14,5,11,0,-21,-19,-1,-9,-7,13,21,16,6,sorry
11.821717023849487,16,17,2,14,-4,-20,-21,-8,-22,-20,8,13,3,7,sorry
11.837731838226318,6,11,0,-5,-9,-12,-29,-3,-17,-17,14,8,-1,0,sorry
11.837731838226318,12,18,-7,6,1,-2,-23,-1,-13,-6,24,5,0,-11,sorry
11.853424549102783,3,18,2,21,13,1,-9,-2,-23,-13,8,-3,-8,-22,sorry
11.853424549102783,-10,0,1,6,11,11,2,1,-15,-14,-5,-13,-12,-23,sorry
11.868858337402344,-11,-7,-1,-1,5,19,9,8,7,1,-6,-17,-8,-11,sorry
11.868858337402344,-19,-4,-5,0,2,20,9,4,4,1,-20,-24,-20,-16,sorry
11.88494086265564,-32,-17,-21,-7,0,15,10,-2,-7,-9,-40,-38,-36,-32,sorry
11.88494086265564,-34,-24,-7,-15,-1,10,11,0,-7,-11,-42,-43,-31,-30,sorry
11.900673627853394,-33,-17,-1,-9,1,14,14,3,-5,0,-32,-34,-18,-17,sorry
11.900673627853394,-25,-12,-5,-6,1,21,23,0,-2,9,-21,-23,-11,-6,sorry
11.916267156600952,-6,-8,-1,-12,-3,15,20,0,10,14,-6,-11,0,5,sorry
11.916267156600952,11,0,-2,-1,0,-2,10,0,19,11,7,0,11,19,sorry
11.93196940422058,20,3,9,11,1,-9,2,-2,18,10,13,14,17,26,sorry
11.93196940422058,18,-1,11,0,-7,-4,0,0,14,18,13,28,24,30,sorry
11.947219610214232,26,0,7,0,-3,-4,-3,0,7,15,20,40,25,32,sorry
11.947219610214232,33,15,16,13,10,-13,-7,-2,-1,-1,30,42,19,23,sorry
11.962571382522585,14,12,4,2,0,-27,-17,0,-10,-15,25,25,11,4,sil
11.962571382522585,-2,0,-2,-18,-18,-22,-24,0,-19,-21,12,8,0,-8,sil
11.977649688720703,4,12,-1,-6,-12,-5,-15,0,-8,-16,15,5,0,-9,sil
11.977649688720703,3,18,-2,6,2,-9,-10,0,3,-1,22,5,6,-7,sil
11.993725299835203,-12,1,1,2,8,-4,-5,0,-6,6,9,-1,-3,-14,sil
11.993725299835203,-16,-8,-4,9,9,20,17,0,-7,10,-5,-10,-10,-5,sil
12.009179592132568,-9,0,-1,22,10,28,33,6,14,20,-8,-8,3,15,sil
12.009179592132568,-7,-5,-3,13,8,14,21,10,20,16,-21,-9,1,14,sil
12.024789810180664,-12,-21,-11,-13,-4,1,0,-1,1,-3,-41,-21,-21,-2,sil
12.024789810180664,-6,-13,-3,-24,-15,-4,-6,-11,-7,-20,-37,-23,-26,-10,sil
12.039957284927368,6,1,-6,-9,-9,-14,-6,-8,0,-14,-11,-10,-4,-11,sil
12.039957284927368,16,7,0,-3,-3,-15,-13,0,9,-1,9,11,17,-2,sil
12.063037395477297,22,15,10,-1,1,-8,-20,2,12,4,31,32,28,10,sil
12.063037395477297,21,20,9,8,13,-12,-19,-1,-1,4,39,27,22,8,sil
12.063037395477297,9,13,10,8,12,-5,-16,-1,-20,1,21,4,1,-5,sil
12.071038961410522,2,6,0,7,3,12,-2,1,-14,0,3,-1,-4,-3,sil
12.089105606079102,-5,2,0,17,6,15,14,2,0,0,-4,-1,-3,0,sil
12.089105606079102,-27,-11,-5,12,6,13,19,5,0,5,-16,-23,-19,-15,sil
12.102977275848389,-29,-20,-17,-1,1,24,24,5,4,9,-20,-37,-27,-18,sil
12.102977275848389,-6,-8,5,-1,7,29,29,0,16,15,-12,-10,-10,1,sil
12.117993354797363,-5,-12,5,-1,2,9,9,-4,12,14,-9,6,0,9,sil
12.117993354797363,-16,-29,-13,-21,-22,-19,-15,-6,0,-5,-9,-4,0,0,sil
12.133947372436523,-5,-17,-14,-34,-31,-28,-12,0,-5,-23,-6,-8,0,-5,sil
12.133947372436523,6,1,-6,-25,-21,-18,-1,-1,-7,-27,-6,0,-6,-6,sil
12.14897346496582,1,7,8,-16,-17,-14,-8,-3,-11,-29,-13,1,-18,-11,sil
12.14897346496582,-1,8,2,-8,-7,-13,-15,0,-15,-32,-12,0,-15,-12,sil
12.164956092834473,1,10,2,9,8,2,-5,3,-21,-22,-4,0,-7,0,sil
12.164956092834473,6,13,16,31,18,23,6,3,-15,1,4,6,7,19,sil
12.179993867874146,9,7,5,32,13,13,5,0,-3,18,6,8,23,27,sil
12.179993867874146,8,-3,0,8,2,-3,-7,0,1,19,1,1,15,17,sil
12.195400714874268,9,0,-3,-3,5,0,-9,3,19,30,17,7,18,11,sil
12.196399688720703,20,16,3,6,14,0,-1,4,30,34,45,27,37,8,sil
12.210737466812134,14,20,8,18,8,-5,-3,-1,6,4,39,21,23,-8,sil
12.210737466812134,-8,2,-7,8,3,-4,-3,-4,-13,-12,12,-6,-6,-19,sil
12.227639436721802,-17,-8,-4,-3,8,3,10,1,0,6,0,-16,-10,-9,sil
12.227639436721802,-11,-13,-1,0,2,12,29,3,20,24,-2,-7,0,1,sil
12.241546154022217,-7,-14,-5,0,-5,14,28,0,28,18,-10,-4,0,5,sil
12.258612632751465,2,-4,-2,-15,-4,3,7,-2,20,3,-14,2,-4,2,sil
12.258612632751465,14,8,0,-16,-5,-14,-19,-6,0,-15,-3,12,-10,-2,sil
12.259613037109377,18,15,15,0,-8,-22,-33,-2,-25,-33,9,17,-12,-2,sil
12.273810625076294,15,14,17,11,-2,-14,-18,2,-28,-20,6,12,-7,4,sil
12.273810625076294,8,8,5,15,5,4,5,0,-8,5,-7,-2,-4,11,sil
12.289690017700195,-1,0,1,5,6,22,13,1,8,12,-17,-15,-4,10,sil
12.289690017700195,-11,-15,-11,-12,0,15,8,4,18,9,-17,-15,3,9,sil
12.30530858039856,-13,-17,-10,-21,-3,-8,0,1,18,7,-13,-3,12,3,sil
12.30530858039856,-5,0,-4,-14,-5,-20,-12,0,0,-5,0,4,9,-8,sil
12.322585344314575,0,6,-5,-1,3,-7,-7,1,-12,-10,15,4,5,-7,sil
12.322585344314575,-3,3,2,8,16,11,12,2,-9,0,11,-4,-5,-9,sil
12.336681842803957,-20,-11,-10,7,6,15,22,-4,-15,-7,-19,-28,-27,-26,sil
12.353691339492798,-31,-21,-15,-2,-5,9,15,-5,-23,-17,-36,-38,-30,-28,sil
12.353691339492798,-21,-17,-11,-15,-4,1,8,2,-3,-5,-22,-18,-8,-10,sil
12.353691339492798,-7,-20,-16,-34,-21,-15,-9,0,7,-6,-14,-6,-1,-8,sil
12.369196891784668,-4,-16,-5,-39,-39,-22,-32,-5,-9,-25,-10,0,-10,-17,sil
12.369196891784668,7,9,4,-6,-14,-10,-22,-3,-15,-15,16,15,0,-5,sil
12.38495421409607,23,30,21,29,11,3,-3,0,-5,0,30,24,11,14,sil
12.38495421409607,21,24,26,43,8,10,-3,2,-4,3,18,16,9,20,sil
12.399819612503052,12,7,9,38,6,11,2,4,7,24,15,10,15,25,sil
12.399819612503052,10,0,10,20,14,14,13,3,24,43,18,7,26,30,sil
12.415821075439451,11,1,9,11,12,11,8,-1,22,30,14,5,24,23,sil
12.415821075439451,13,4,3,11,0,-2,-1,-3,13,11,9,16,17,15,sil
12.430972814559937,4,3,-5,-2,-3,-14,-5,0,8,3,4,13,8,7,sil
12.430972814559937,-4,4,-12,-15,2,-14,-1,-1,5,-6,1,0,-3,-8,sil
12.446876049041748,0,9,5,-8,5,-5,2,1,0,-15,5,7,-8,-19,sil
12.446876049041748,2,9,6,5,5,1,1,3,-8,-17,6,15,-6,-11,sil
12.463563680648804,-1,14,2,11,10,6,0,0,-14,-14,2,4,-8,-5,sil
12.463563680648804,-3,14,6,8,13,14,9,7,-4,1,-4,-5,-9,-8,sil
12.478981494903564,-9,-5,-10,-1,7,12,18,6,0,7,-20,-21,-13,-5,sil
12.478981494903564,-14,-20,-12,-10,-2,2,14,-2,-7,0,-32,-30,-20,-3,sil
12.494552850723268,-5,-15,-6,-12,-8,3,13,-4,4,7,-24,-12,-12,-1,sil
12.494552850723268,1,-16,-3,-14,-8,2,2,-3,20,19,-8,2,3,8,sil
12.509640455245972,0,-22,-7,-22,-12,-7,-17,-5,11,5,1,0,11,13,sil
12.509640455245972,2,-18,-15,-26,-15,-19,-21,-1,3,-7,1,-3,12,3,sil
12.52557611465454,9,0,0,-19,-9,-21,-19,0,0,-13,0,7,8,-3,sil
12.542866230010986,10,7,2,-9,-7,-16,-24,-4,-12,-25,10,15,6,-4,sil
12.542866230010986,0,2,-1,-5,-5,-6,-14,-4,-18,-20,18,7,3,-5,sil
12.557913541793823,-11,5,9,3,9,9,4,5,0,0,14,-1,-1,-10,sil
12.557913541793823,-11,13,6,22,18,11,15,7,7,8,6,-9,-10,-7,sil
12.557913541793823,-9,4,5,25,6,6,19,0,-9,0,-10,-20,-19,0,sil
12.573574542999268,-15,-12,-3,7,1,12,22,-3,-17,4,-24,-24,-13,-1,sil
12.573574542999268,-13,-13,-15,-2,6,17,18,-2,-2,14,-19,-16,1,-7,sil
12.58864688873291,-1,-1,-8,-3,-5,7,10,0,10,9,-6,-8,6,-5,sil
12.58864688873291,4,-5,-6,-10,-23,-11,-4,0,11,-1,7,3,15,0,sil
12.602898359298706,11,5,8,-4,2,-13,-22,3,6,-3,25,28,19,11,sil
12.618067979812622,26,34,23,28,36,2,-19,6,0,1,31,39,3,19,sil
12.618067979812622,18,22,10,23,5,2,-13,-3,-23,-4,4,10,-8,4,sil
12.635027408599854,-8,-11,0,-11,-33,-6,-16,-8,-40,-20,-26,-20,-10,-17,sil
12.635027408599854,-13,-3,-2,7,-6,3,0,-2,-7,-9,-17,-18,-6,-9,sil
12.635027408599854,-2,12,9,33,20,15,16,0,20,19,0,0,0,11,sil
12.649570226669312,-5,-3,0,-2,-1,8,10,1,13,26,-8,5,0,13,sil
12.66497015953064,-6,-20,-15,-28,-17,-1,8,6,21,9,-10,5,0,9,sil
12.66497015953064,5,-6,2,-8,-3,-10,12,9,39,-1,6,12,5,5,sil
12.681071281433104,10,7,6,0,-2,-18,1,0,26,2,14,15,6,2,sil
12.681071281433104,7,6,5,-6,-11,-9,-16,-4,0,0,14,13,2,-1,sil
12.69672918319702,2,3,-2,-4,0,0,-20,-3,-15,-20,13,6,0,-12,sil
12.69672918319702,1,5,-10,1,23,-6,-7,-3,-25,-21,13,1,-1,-15,sil
12.712779998779297,10,10,10,10,27,0,2,-2,-20,-2,13,2,-2,-11,sil
12.712779998779297,7,2,7,17,9,9,4,0,-12,-4,-4,-12,-8,-10,sil
12.728222608566284,-6,-9,-8,8,0,8,5,0,-12,-10,-25,-24,-15,0,sil
12.728222608566284,-6,-8,-8,1,3,17,16,5,-2,9,-16,-9,0,16,sil
12.743948221206663,-7,-10,-11,-1,3,18,19,3,6,20,-7,-7,9,15,sil
12.743948221206663,-12,-16,-4,-10,-7,1,12,2,7,9,-14,-16,-3,8,sil
12.759282112121582,-3,-18,-8,-17,-17,-4,9,0,15,12,-12,-8,0,11,sil
12.759282112121582,-1,-16,-14,-24,-19,-10,0,-5,19,10,-7,-3,13,2,sil
12.774972677230837,-7,-9,-4,-24,-18,-17,-6,0,10,0,0,-3,15,-4,sil
12.774972677230837,6,4,1,-10,-8,-11,-3,3,4,-1,17,8,11,1,sil
12.791066408157349,13,14,7,-12,0,-5,-11,-1,-3,-10,17,12,0,-5,sil
12.791066408157349,5,12,3,-16,-1,-12,-21,-5,-7,-21,9,7,0,-15,sil
12.807023286819458,10,18,11,5,7,-8,-13,-5,-2,-4,20,23,13,0,sil
12.807023286819458,13,28,20,25,25,8,-5,-2,0,7,29,31,9,2,sil
12.822595357894896,-1,18,6,20,20,7,-7,0,-6,0,19,9,-9,-11,sil
12.822595357894896,-10,6,8,18,7,3,-12,3,-17,-8,-1,-7,-17,-14,sil
12.837639570236206,-8,8,4,26,8,10,-2,2,-22,-3,-17,-10,-11,0,sil
12.837639570236206,-7,0,-2,20,3,16,6,0,-12,4,-18,-14,-10,6,sil
12.853325605392456,-8,-15,-3,7,-8,21,10,1,0,10,-18,-16,-21,3,sil
12.853325605392456,-11,-20,-17,5,-5,14,14,0,12,9,-23,-18,-20,3,sil
12.869160413742064,-9,-21,-11,-2,-2,-3,12,0,14,4,-24,-20,-3,5,sil
12.869160413742064,-5,-22,-5,-16,-12,-11,6,1,7,-1,-21,-17,1,2,sil
12.884609460830688,0,-11,-9,-16,-12,-10,1,-1,7,-8,-14,0,-1,2,sil
12.884609460830688,7,0,1,-10,-6,-7,-3,-2,11,-7,0,15,6,4,sil
12.89975881576538,11,-5,1,-10,-9,-8,-8,0,2,0,10,14,17,0,sil
12.89975881576538,11,4,4,-9,-9,-14,-8,0,-6,-1,12,11,14,0,sil
12.91515564918518,6,20,8,-7,-2,-20,-5,0,-8,-14,15,12,3,0,sil
12.91515564918518,1,10,3,-11,-4,-16,-8,2,-10,-13,17,9,-2,-8,sil
12.930766105651855,8,10,12,-3,-1,2,-6,5,-3,2,25,17,5,-2,sil
12.930766105651855,6,22,5,17,14,13,3,0,4,11,28,8,13,6,sil
12.9466712474823,-9,7,-4,17,17,8,0,-1,-6,0,0,-21,-3,-12,sil
12.9466712474823,-9,-3,-4,6,9,11,-3,1,-13,0,-17,-20,-12,-15,sil
12.961740493774414,6,1,0,10,13,15,14,0,-1,8,-3,5,2,12,sil
12.961740493774414,5,-2,4,12,11,15,25,-2,3,7,-1,2,4,21,sil
12.976821184158323,-5,-13,-8,4,0,10,20,-2,8,8,-16,-11,-4,7,sil
12.976821184158323,-10,-15,-10,-5,-2,2,11,1,18,15,-15,-6,0,0,sil
12.992873430252075,-12,-19,-8,-17,0,0,6,5,20,11,-3,-2,7,0,sil
12.992873430252075,-3,-12,-6,-14,-6,-3,4,1,26,8,8,5,12,7,sil
13.008467435836792,12,9,17,0,-9,-11,-5,0,27,7,20,29,16,10,sil
13.008467435836792,19,17,9,7,-1,-17,-21,-2,0,-6,17,26,7,0,sil
13.023977279663086,17,18,1,2,3,-10,-27,-7,-24,-18,13,8,-3,-6,sil
13.023977279663086,9,21,10,1,5,-4,-17,-1,-23,-13,14,6,-6,-10,sil
13.040008544921877,-5,4,0,-2,0,-10,-18,0,-20,-13,2,-2,-16,-20,sil
13.040008544921877,-17,-10,0,-6,-10,-7,-19,-1,-29,-21,-18,-20,-28,-16,sil
13.055206775665283,-16,-13,-3,0,-9,3,-1,0,-29,-18,-29,-26,-24,-6,sil
13.055206775665283,-12,-14,-5,-1,-5,8,6,2,-19,-8,-29,-26,-14,-3,sil
13.070857763290403,-7,-13,-3,-3,-5,11,7,0,0,6,-20,-21,-5,5,sil
13.070857763290403,-4,-11,-10,1,0,17,19,0,15,19,-8,-14,1,11,sil
13.08659553527832,-6,-3,-3,0,7,18,27,4,22,13,-10,-13,5,6,sil
13.08659553527832,1,2,-1,1,0,11,21,0,31,9,-13,-8,10,9,sil
13.101642608642578,13,-2,0,1,-7,-3,9,-2,31,14,0,7,14,15,sil
13.101642608642578,11,-2,5,-10,-4,-10,-4,1,21,14,17,20,19,9,sil
13.117114782333374,7,8,-3,-15,4,-11,-9,0,18,13,22,25,27,9,sil
13.117114782333374,12,13,7,0,8,-11,-10,0,4,9,20,29,22,12,sil
13.133732557296751,14,8,9,5,5,-12,-15,-1,-23,-10,22,23,0,0,sil
13.133732557296751,9,10,-1,0,-1,-14,-21,-6,-40,-34,16,12,-21,-17,sil
13.14886212348938,0,20,3,1,0,-8,-10,-1,-32,-36,2,8,-22,-21,sil
13.14886212348938,-6,16,4,19,8,1,6,4,-10,-13,4,2,-4,-11,sil
13.163033485412598,-3,7,10,31,11,4,7,3,-3,3,13,-3,2,0,sil
13.181052207946776,0,4,7,30,11,7,8,3,-4,6,9,-1,1,3,sil
13.181052207946776,-6,-5,-1,8,6,17,21,3,5,9,-7,-4,5,-1,sil
13.181052207946776,-17,-17,-5,-14,-4,18,16,-1,11,18,-23,-19,-4,-6,sil
13.19611668586731,-20,-23,-23,-14,-4,10,5,-5,4,17,-24,-28,-19,-10,sil
13.19611668586731,-20,-22,-20,-13,0,10,10,2,7,3,-22,-29,-21,-15,sil
13.21072793006897,-19,-15,-10,-18,-10,7,10,8,20,-1,-19,-26,-11,-8,sil
13.21072793006897,0,-7,-3,-8,-12,-8,-5,-2,19,5,-4,-3,7,10,sil
13.227014303207396,23,-3,10,-6,-5,-15,-19,-7,9,6,10,21,28,17,sil
13.227014303207396,17,-6,0,-23,-12,-14,-22,-2,3,3,16,19,27,16,sil
13.243643522262571,6,0,1,-21,-14,-18,-29,0,-6,-3,22,16,14,13,sil
13.243643522262571,14,9,14,1,-2,-17,-30,0,-21,-19,14,22,1,0,sil
13.256689310073853,14,16,8,9,3,-13,-24,-4,-28,-32,-6,9,-12,-13,sil
13.273114919662476,0,21,11,12,2,0,-13,-2,-27,-33,-15,-6,-25,-16,sil
13.273114919662476,-5,13,1,25,5,8,7,3,-18,-25,-11,-10,-27,-8,sil
13.289622783660889,-1,2,-3,24,8,10,24,4,-2,-5,-10,-11,-16,7,sil
13.289622783660889,-2,1,0,10,9,15,25,1,7,13,-9,-14,0,11,sil
13.289622783660889,-9,-2,-2,7,3,18,23,0,9,27,-6,-15,8,0,sil
13.30464768409729,-15,-11,-4,2,0,20,26,0,16,37,-2,-13,11,5,sil
13.32280206680298,-9,-12,-12,-12,3,14,30,-2,32,41,6,-6,12,8,sil
13.32280206680298,6,-6,3,-20,0,-3,16,0,30,26,10,10,13,2,sil
13.32280206680298,24,5,17,-12,-5,-16,-2,7,22,15,17,33,30,21,sil
13.335819482803345,33,13,6,-1,0,-14,-8,5,27,14,34,44,42,37,sil
13.35083031654358,20,10,8,-1,5,-12,-11,0,16,-6,28,33,14,8,sil
13.35083031654358,-5,0,-1,-9,3,-10,-12,-5,-13,-32,8,9,-12,-21,sil
13.365986108779907,-14,0,-9,-9,0,-6,-12,-5,-24,-27,3,-5,-14,-20,sil
13.365986108779907,-3,8,0,0,0,-3,-18,0,-19,-15,-2,-12,-18,-19,sil
13.381500720977783,-4,7,-5,9,4,1,-14,0,-25,-17,-15,-22,-25,-21,sorry
13.381500720977783,-11,3,0,14,6,13,1,1,-22,-3,-17,-22,-18,-13,sorry
13.397608995437622,-16,-3,-3,19,5,18,11,0,-13,9,-19,-20,-16,-10,sorry
13.397608995437622,-26,-16,-11,11,1,13,12,-3,-20,-6,-32,-28,-26,-13,sorry
13.412785530090332,-19,-16,-3,1,-1,12,17,3,-12,-11,-32,-24,-18,-5,sorry
13.412785530090332,1,-9,-9,-4,-9,2,10,5,14,4,-8,-3,5,10,sorry
13.428800582885742,4,-10,-6,-21,-19,-17,-17,0,14,-2,8,10,17,13,sorry
13.428800582885742,5,-6,1,-30,-20,-24,-35,-3,0,-12,7,12,13,5,sorry
13.443904876708984,17,3,5,-14,-6,-18,-32,-7,-7,-6,7,17,4,3,sorry
13.443904876708984,9,10,6,0,7,-5,-22,-4,-18,-6,18,16,-1,-3,sorry
13.45908522605896,-11,4,-2,7,8,8,-7,2,-16,0,10,0,-1,-12,sorry
13.45908522605896,-12,-3,6,21,6,21,11,2,0,16,-4,-11,2,-4,sorry
13.474612712860107,-6,-8,3,16,0,9,24,0,7,15,-6,-10,0,3,sorry
13.474612712860107,-1,-8,-9,-7,-12,-13,19,0,14,2,-12,-10,0,2,sorry
13.490641117095947,15,2,2,-7,-14,-9,13,3,32,7,-4,8,15,13,sorry
13.490641117095947,27,13,9,11,2,2,10,3,31,8,24,36,25,25,sorry
13.505967617034912,17,15,12,8,7,-6,-5,0,-1,-17,25,33,8,3,sorry
13.505967617034912,9,15,8,4,2,-10,-16,-1,-17,-21,14,9,-4,-17,sorry
13.521963834762571,6,13,4,17,9,1,-1,5,-1,10,19,2,-1,-1,sorry
13.521963834762571,-3,9,11,27,18,18,18,8,8,28,6,0,-2,11,sorry
13.537286043167114,-3,1,1,24,15,23,30,0,17,35,-8,-7,0,11,sorry
13.537286043167114,5,-3,-6,0,5,13,22,-4,33,37,-8,-11,4,15,sorry
13.553349018096924,1,-6,-14,-26,0,2,2,-1,25,13,-14,-8,1,16,sorry
13.553349018096924,2,-3,-11,-29,0,-6,-6,-3,4,-13,-9,1,2,8,sorry
13.568945169448853,11,0,6,-22,-6,-17,-11,-5,-14,-25,4,3,2,-4,sorry
13.568945169448853,3,-6,-1,-17,-12,-18,-12,-5,-32,-33,0,-7,-8,-14,sorry
13.583987712860107,-6,-9,-1,-10,-5,-10,-10,0,-37,-34,-5,-7,-13,-14,sorry
13.583987712860107,-19,-5,-2,-5,-4,-9,-15,2,-32,-30,-9,-13,-15,-19,sorry
13.599374532699583,-35,-14,-16,1,-8,-3,-12,0,-32,-27,-29,-36,-22,-29,sorry
13.599374532699583,-25,-9,0,12,0,26,12,5,-7,-2,-28,-26,-9,-15,sorry
13.6146137714386,-7,2,2,7,7,34,27,6,29,29,-1,0,11,2,sorry
13.6146137714386,-8,-9,-7,-9,0,11,11,0,25,33,7,1,10,2,sorry
13.630643844604492,-5,-12,-6,-7,-5,3,0,0,9,27,8,6,10,8,sorry
13.630643844604492,6,6,-2,3,0,2,-6,-1,10,22,19,25,22,15,sorry
13.646266222000122,8,7,5,-5,0,-13,-8,0,8,11,20,25,19,8,sorry
13.646266222000122,0,-9,-3,-21,-4,-26,-5,0,9,0,4,4,3,-2,sorry
13.662338495254517,0,-4,-3,-19,-7,-25,-14,-4,5,-12,-9,-9,-6,-13,sorry
13.662338495254517,5,14,9,0,0,-15,-26,-3,-7,-23,0,-1,-7,-16,sorry
13.678059101104736,8,12,0,8,0,-11,-28,-4,-18,-24,7,8,-8,-7,sorry
13.678059101104736,6,5,9,1,-10,-9,-28,-5,-31,-30,-5,1,-21,-3,sorry
13.693938493728638,13,13,11,14,-7,0,-14,1,-33,-23,-8,0,-26,0,sorry
13.693938493728638,16,18,5,38,8,10,12,9,-15,-1,6,8,-18,9,sorry
13.709395170211792,5,12,16,42,19,20,28,11,-1,7,7,10,-21,1,sorry
13.709395170211792,0,1,6,33,15,21,34,2,3,10,0,-1,-26,0,sorry
13.724907159805298,0,-6,0,11,4,19,26,-6,5,12,-2,-4,-13,16,sorry
13.724907159805298,0,-12,0,-1,4,16,16,-6,6,13,-3,0,-12,17,sorry
13.74098825454712,2,-7,-1,12,13,8,18,-2,18,15,0,4,-13,12,sorry
13.74098825454712,4,-3,0,7,4,3,18,1,29,17,0,0,52,19,sorry
13.7561457157135,-2,-15,-11,-24,-15,-2,7,3,32,19,-2,-4,132,15,sorry
13.7561457157135,0,-12,-6,-31,-17,-11,-3,0,29,14,-2,0,91,2,sorry
13.771926641464232,8,3,-2,-16,-8,-11,-11,1,20,0,3,3,-1,0,sorry
13.771926641464232,8,3,-7,-20,-3,-15,-19,2,4,-8,12,0,-13,-2,sorry
13.787675380706789,0,3,-3,-23,0,-21,-26,-3,-11,-6,16,5,5,-11,sorry
13.787675380706789,0,9,-2,-11,3,-13,-26,-1,-20,-13,10,8,-12,-10,sorry
13.802911520004272,-2,3,1,-7,1,-4,-25,5,-21,-23,1,-2,-35,-12,sorry
13.818478107452393,-14,0,-2,-4,3,0,-10,4,-14,-14,-2,-13,-36,-25,sorry
13.818478107452393,-21,0,-6,3,9,14,14,0,-14,-1,-4,-14,-31,-25,sorry
13.818478107452393,-20,-2,-1,1,8,22,20,0,-13,4,-8,-16,-27,-14,sorry
13.834589958190918,-16,-7,-4,-1,0,12,17,-2,2,12,-10,-13,-18,-1,sorry
13.834589958190918,-6,-1,4,8,-1,10,24,0,14,18,-7,-2,0,10,sorry
13.851126432418823,-4,-1,0,13,2,12,17,2,6,13,-9,-1,4,13,sorry
13.851126432418823,-6,-5,-6,3,0,-1,0,0,-2,5,-16,-11,-6,5,sorry
13.86567521095276,2,0,6,0,-9,-7,0,0,1,0,-15,-7,0,2,sorry
13.86567521095276,9,-1,-3,0,-16,-3,4,0,8,-6,-11,2,10,5,sorry
13.88164758682251,13,-3,1,-6,-10,-4,-6,-1,7,-14,-1,17,8,12,sil
13.88164758682251,26,10,14,0,3,-12,-4,-2,8,-5,17,32,16,18,sil
13.896867513656616,26,10,2,7,2,-27,-8,-4,1,-2,22,24,15,7,sil
13.896867513656616,0,-7,0,-14,-14,-25,-30,-3,-22,-24,4,0,-8,-20,sil
13.913069248199465,-19,-9,-4,-19,-16,-8,-28,-5,-32,-32,-3,-12,-24,-35,sil
13.913069248199465,-10,8,3,15,-2,3,-13,-2,-22,-15,1,-4,-17,-16,sil
13.929636716842651,9,22,16,37,9,19,-4,8,-8,0,8,7,-1,9,sil
13.929636716842651,15,14,4,25,19,23,10,9,6,8,8,3,5,14,sil
13.945494651794434,3,2,9,16,19,14,20,4,10,16,0,-5,0,7,sil
13.945494651794434,-2,-4,10,20,11,11,17,-3,-1,18,0,-1,0,7,sil
13.9592547416687,0,-10,-3,5,7,11,11,-8,-5,11,0,1,10,5,sil
13.9592547416687,-6,-14,-11,-16,1,4,8,0,6,10,-7,-10,9,1,sil
13.97565984725952,-17,-17,-22,-23,-8,-3,9,5,17,17,-8,-14,8,4,sil
13.99298644065857,-4,-8,-5,-19,-11,-7,2,0,26,19,4,7,17,8,sil
13.99298644065857,14,3,0,-10,-1,-7,-3,0,39,19,20,23,26,12,sil
13.99298644065857,10,5,-8,-8,1,-12,-11,2,23,6,18,10,15,5,sil
14.007498741149902,-1,1,-2,-19,-1,-15,-21,0,-16,-21,0,-1,-7,-13,sil
14.007498741149902,2,6,1,-5,1,-10,-16,-4,-21,-23,-1,2,-10,-12,sil
14.023263692855837,15,21,10,20,10,-3,-3,1,-4,-9,8,10,1,6,sil
14.023263692855837,4,18,5,16,5,0,1,5,-10,-12,4,0,-2,0,sil
14.03884243965149,-22,-7,-7,-1,-9,7,6,-7,-20,-14,-15,-21,-22,-22,sil
14.03884243965149,-25,-19,-5,0,-11,17,10,-8,-10,-2,-31,-27,-26,-20,sil
14.052672386169434,-2,-4,-5,6,3,18,13,1,4,4,-27,-16,-9,1,sil
14.067862272262571,1,-2,2,0,10,17,15,0,5,6,-17,-8,0,13,sil
14.067862272262571,-14,-20,-2,-9,-3,6,6,0,0,8,-19,-15,-7,1,sil
14.083891153335571,-13,-19,-9,-22,-17,-11,-3,2,0,0,-20,-16,-6,-12,sil
14.083891153335571,0,-2,-2,-27,-12,-16,1,0,8,-4,1,3,9,-7,sil
14.09965753555298,7,2,0,-9,-6,-14,2,-2,10,0,29,22,18,10,sil
14.09965753555298,12,13,10,0,-3,-14,-16,1,-4,-7,30,21,7,7,sil
14.115014791488647,14,26,10,0,4,-8,-20,0,-12,-16,21,15,0,-8,sil
14.115014791488647,11,21,8,11,11,-2,-6,0,-2,-1,31,21,5,-1,sil
14.130679368972778,8,18,25,29,10,0,3,5,1,13,34,24,11,9,sil
14.130679368972778,2,13,8,29,11,1,7,2,-4,13,3,5,0,0,sil
14.145951509475708,-4,-4,-4,19,8,10,2,-1,-13,0,-22,-10,-14,-4,sil
14.145951509475708,-4,-13,-3,11,6,20,7,1,-12,-3,-13,-5,-8,4,sil
14.161540031433104,-3,-12,-6,2,4,15,13,2,1,3,-8,-7,-3,5,sil
14.161540031433104,-8,-14,-4,0,-1,8,2,0,17,9,-23,-18,-10,0,sil
14.176963090896606,-3,-12,-6,4,0,13,11,0,27,24,-12,-11,0,9,sil
14.176963090896606,6,-5,-3,1,3,9,19,1,24,26,5,7,20,18,sil
14.192446947097778,3,-8,-8,-19,-11,-14,-11,-4,4,0,-2,4,13,6,sil
14.192446947097778,0,-17,-16,-31,-26,-30,-36,-8,-9,-19,-12,-4,-2,-8,sil
14.20801830291748,6,-9,5,-24,-20,-18,-24,0,-1,-5,-1,4,6,-4,sil
14.20801830291748,11,5,2,-14,-8,-13,-12,0,3,0,8,13,15,4,sil
14.223958969116213,1,13,-6,-16,0,-10,-14,-8,-14,-23,3,8,0,-1,sil
14.223958969116213,-5,18,3,-8,3,2,-6,-2,-28,-35,2,2,-12,-14,sil
14.240010738372805,0,16,5,16,5,7,1,7,-15,-15,13,-5,-12,-13,sil
14.240010738372805,-3,7,8,25,8,8,6,6,0,0,1,-17,-16,-12,sil
14.255938053131104,-19,-2,-2,15,8,18,21,-2,4,0,-21,-29,-17,-12,sil
14.255938053131104,-15,-5,-7,9,9,18,30,-1,9,7,-17,-22,-4,0,sil
14.27068853378296,6,0,2,5,10,6,22,4,18,18,5,2,10,15,sil
14.27068853378296,12,0,0,-3,3,-7,4,0,15,14,16,17,15,7,sil
14.28634762763977,0,7,3,-8,0,-13,-14,0,-2,-3,17,14,5,-8,sil
14.28634762763977,-5,12,0,4,6,-2,-12,2,-15,-8,11,6,-4,-9,sil
14.302120447158812,-1,6,5,24,13,6,3,-2,-15,2,2,0,-4,1,sil
14.302120447158812,0,0,11,21,4,7,11,0,-10,9,-3,-2,0,11,sil
14.317715406417848,0,-12,-7,-1,-11,2,8,2,-1,9,-12,-9,1,11,sil
14.317715406417848,4,-20,-4,-16,-15,0,0,3,12,11,-15,-4,3,12,sil
14.333693504333496,9,-7,5,-10,-5,0,1,7,24,18,0,11,13,14,sil
14.333693504333496,3,-1,-2,-16,-4,-1,2,2,19,3,2,10,10,2,sil
14.349390745162964,0,-8,-7,-32,-15,-11,-13,-9,-4,-22,-10,0,-6,-12,sil
14.349390745162964,1,-5,-10,-29,-15,-23,-25,-12,-26,-31,-10,1,-13,-16,sil
14.364715099334717,-1,4,3,-13,-2,-17,-24,-3,-35,-28,5,5,-12,-18,sil
14.364715099334717,-8,8,3,7,8,0,-13,0,-25,-11,6,0,-8,-17,sil
14.380871057510376,-4,7,3,26,11,14,4,0,-5,16,0,0,2,0,sil
14.380871057510376,2,5,13,26,11,21,19,3,10,26,4,0,9,13,sil
14.396427392959597,2,-3,-5,9,6,9,18,3,25,21,7,-2,14,16,sil
14.396427392959597,1,-6,-4,-8,-4,-10,0,0,33,13,8,2,22,19,sil
14.411556720733644,2,1,7,-9,-10,-17,-17,0,19,0,18,11,15,11,sil
14.411985874176024,2,8,0,8,-3,-10,-18,0,-2,-10,16,8,-6,-7,sil
14.42658233642578,1,10,3,24,6,5,4,-2,-8,-6,0,0,-14,-14,sil
14.42658233642578,0,-1,1,16,9,19,30,-2,3,1,-9,-9,-9,-3,sil
14.442567586898804,-7,-11,-4,-1,1,20,21,2,10,7,-18,-16,-9,2,sil
14.442567586898804,-8,-6,-11,-7,-6,13,4,6,16,8,-22,-14,-4,2,sil
14.458177089691162,0,0,-11,-6,-4,-1,2,0,26,1,-5,0,8,3,sil
14.458177089691162,6,2,5,-14,-2,-15,-4,0,15,-8,8,13,7,-4,sil
14.47377634048462,0,5,0,-14,-3,-13,-16,0,-13,-15,9,1,-5,-18,sil
14.47377634048462,-2,8,-2,0,3,0,-22,-3,-34,-20,7,-9,-13,-13,sil
14.48895001411438,1,10,6,16,13,8,-17,1,-33,-17,0,-4,-14,1,sil
14.48895001411438,2,2,2,19,14,7,2,4,-18,1,-6,-7,-11,4,sil
14.504566431045532,-5,-7,5,5,6,12,25,0,-4,17,-8,-18,-6,1,sil
14.504566431045532,-15,-12,-5,-2,0,10,28,-5,0,12,-21,-18,-8,0,sil
14.520936489105225,-7,-10,-7,-2,-2,-7,12,-7,-4,-1,-24,0,-4,4,sil
14.520936489105225,8,0,4,-6,-5,-19,1,0,-4,-2,0,17,17,10,sil
14.536540985107422,12,5,4,-10,-7,-20,-7,0,-5,-1,19,22,28,10,sil
14.536540985107422,9,4,11,-10,-7,-19,-15,-3,-10,-8,16,21,14,2,sil
14.552583456039429,10,1,6,-5,-4,-9,-5,2,-4,-7,11,16,8,-2,sil
14.552583456039429,1,5,0,2,2,1,-1,2,-1,0,8,4,6,-6,sil
14.566992044448853,-5,10,4,15,7,9,-8,-3,-8,5,6,-3,0,-4,sil
14.566992044448853,0,3,2,22,3,17,1,0,1,16,5,-2,0,8,sil
14.58232879638672,1,-4,4,10,0,18,13,4,21,21,-4,0,3,14,sil
14.58232879638672,0,-9,-4,-11,-2,2,0,-4,23,8,-15,-1,-5,0,sil
14.598875999450684,2,-11,-5,-22,-9,-14,-16,-1,19,0,-6,0,-6,-3,sil
14.598875999450684,0,-10,-1,-23,-10,-10,-11,9,24,2,6,10,6,-2,sil
14.614818096160889,-6,-7,-14,-19,-3,0,-4,3,13,-6,7,5,2,-10,sil
14.614818096160889,-10,1,-3,-4,1,5,-3,1,-7,-21,3,-10,-15,-14,sil
14.629924058914185,-14,3,1,11,4,14,5,2,-10,-9,0,-17,-19,-9,sil
14.646199941635132,-17,-8,-9,4,2,13,12,-3,-1,8,-14,-17,-9,-2,sil
14.646199941635132,-2,-6,-4,-5,-5,0,7,-1,6,8,-13,-5,5,9,sil
14.662956953048706,15,12,0,0,-7,-17,-5,0,8,-1,11,11,15,10,sil
14.662956953048706,15,24,7,4,-1,-20,-23,-6,-14,-18,15,9,0,-7,sil
14.662956953048706,4,17,3,11,8,-7,-20,-7,-38,-23,3,-8,-20,-17,sil
14.676989555358888,0,0,-2,22,10,16,8,0,-23,-3,-1,-16,-15,-8,sil
14.692957639694214,-6,-7,1,9,3,29,24,4,7,10,-16,-18,-5,-3,sil
14.692957639694214,-5,-7,-6,-8,0,10,17,2,18,7,-17,-12,3,4,sil
14.709022521972656,9,-4,0,-9,-2,-11,4,3,10,0,4,16,23,14,sil
14.709022521972656,10,1,7,-2,-9,-16,-9,3,-4,-8,11,24,24,2,sil
14.709022521972656,-1,5,1,1,-3,-12,-10,0,-22,-6,1,4,4,-2,sil
14.725634813308716,0,9,11,16,19,5,11,1,-7,11,3,6,1,14,sil
14.725634813308716,5,5,6,28,28,19,33,3,32,37,5,17,16,29,sil
14.740110397338867,0,-6,2,9,7,7,29,1,37,34,-7,3,9,20,sil
14.740110397338867,-5,-16,-6,-18,-10,-4,5,-1,8,2,-18,-5,-12,7,sil
14.756712198257446,-1,-13,-13,-24,-13,-13,-17,-7,-4,-13,-11,1,-19,1,sil
14.756712198257446,1,-1,7,-13,-12,-17,-24,-7,-6,-12,7,7,-8,-7,sil
14.773236274719238,5,2,5,-8,-7,-14,-15,-3,-10,-10,24,10,3,-12,sil
14.773236274719238,3,6,0,-12,0,-9,-14,0,-13,-11,23,10,2,-13,sil
14.78695797920227,-7,6,-2,-9,5,0,-22,4,-15,-12,9,-5,-8,-23,sil
14.802954912185667,-10,1,-7,9,5,9,-20,3,-18,-9,-2,-21,-11,-24,sil
14.802954912185667,3,11,10,30,6,10,-3,1,-17,-2,-1,-7,0,-8,sil
14.802954912185667,9,18,11,37,10,20,20,0,-2,7,0,-1,6,5,sil
14.817909002304075,0,0,-1,21,8,32,30,-2,8,10,-14,-16,0,11,sil
14.83460783958435,-12,-17,-7,-1,-3,16,13,0,0,0,-29,-22,-11,6,sil
14.835606813430786,-17,-21,-16,-14,-15,-7,-3,-3,-8,-10,-22,-17,-14,-6,sil
14.835606813430786,-11,-17,-7,-20,-16,-6,3,-4,10,-2,-9,-12,-7,-4,sil
14.848713874816896,-4,-15,-6,-24,-12,1,18,-2,27,11,-6,-6,1,7,sil
14.86527180671692,-1,-12,-10,-25,-8,-6,5,0,16,11,-1,6,9,4,sil
14.86527180671692,1,-1,-7,-26,-7,-18,-11,2,7,5,6,18,16,-2,sil
14.86527180671692,7,8,-2,-22,-6,-21,-10,1,10,0,14,21,20,5,sil
14.88298201560974,12,13,14,-10,-3,-15,-10,3,0,-4,21,25,19,11,sil
14.898051500320436,11,12,9,0,0,-10,-13,5,-8,-6,21,22,14,3,sil
14.898051500320436,7,16,7,7,4,-13,-6,2,-1,-6,14,11,7,0,sil
14.899050951004028,15,25,19,22,11,-5,-4,0,-2,-7,13,14,0,1,sil
14.911675691604614,22,25,11,39,19,8,-7,-1,-12,-13,7,13,-12,-1,sil
14.930019855499268,10,10,10,33,15,12,-4,1,-9,-17,-6,-2,-24,-10,sil
14.930019855499268,-9,-5,3,18,9,9,-2,3,1,0,-7,-12,-19,-11,sil
14.930019855499268,-12,-7,-4,14,6,10,-2,-3,2,19,0,-6,-2,0,sil
14.942183017730711,-8,-3,-4,8,2,11,3,-4,0,16,-2,-11,0,2,sil
14.95840573310852,-12,-12,-20,-2,1,7,10,0,0,6,-11,-26,-4,0,sil
14.95840573310852,-11,-16,-6,-4,0,12,12,6,-2,5,-11,-16,-1,4,sil
14.973024606704712,-5,-10,3,0,-3,14,14,3,0,11,-2,-1,6,8,sil
14.973024606704712,-10,-11,-10,-9,-3,2,10,-3,4,7,-11,-8,0,3,sil
14.988841533660889,-8,-7,-6,-18,-1,-2,6,-4,1,0,-23,-14,-10,2,sil
14.988841533660889,6,-1,-2,-8,-8,0,11,0,0,-1,-8,-2,-5,4,sil
15.00397562980652,1,-5,-3,-6,-12,0,7,0,0,0,1,0,-2,0,sil
15.00397562980652,-14,-10,-9,-19,-11,0,2,0,2,1,-4,-7,-4,-4,sil
15.02000117301941,-2,-5,-4,-19,-10,-1,2,-5,9,2,0,1,6,0,sil
15.02000117301941,18,4,14,-6,-6,-12,-2,-5,4,-3,18,22,20,2,sil
15.035171747207642,18,10,3,-2,0,-21,-8,-2,2,-6,27,27,25,4,sil
15.035171747207642,8,9,-1,-11,0,-21,-12,0,3,-5,21,12,19,-1,sil
15.05102252960205,0,4,2,-12,-4,-19,-25,1,-8,-14,13,2,7,-18,sil
15.05102252960205,-8,3,1,-3,-1,-18,-30,0,-26,-29,5,0,-8,-21,sil
15.06667184829712,-1,15,11,14,11,-4,-22,0,-23,-25,-7,-3,-18,-14,sil
15.06667184829712,11,24,13,34,16,14,-10,0,-12,-7,-11,-2,-13,-5,sil
15.082597255706789,3,15,11,33,8,23,1,0,-10,1,-2,0,-5,2,sil
15.082597255706789,-14,0,2,14,8,27,17,6,-1,10,0,-4,-5,3,sil
15.098697423934937,-10,-5,-9,16,13,23,25,7,11,25,-4,-5,-2,5,sil
15.098697423934937,0,-2,1,25,8,17,22,5,11,24,-7,-6,0,11,sil
15.114091396331789,-3,-11,0,4,0,10,23,0,14,18,-14,-11,0,13,sil
15.114091396331789,-3,-19,-2,-19,-6,0,24,-3,25,19,-14,-3,1,14,sil
15.12961220741272,3,-10,-3,-12,-10,-3,15,0,26,12,-7,7,6,17,sil
15.12961220741272,0,-9,-13,-9,-5,-4,-2,-2,16,-1,-7,2,1,9,sil
15.144710779190063,3,-13,-1,-21,-3,-9,-9,-7,3,-9,-7,0,-4,0,sil
15.144710779190063,12,-5,0,-16,-6,-18,-7,-5,0,-6,4,1,-1,0,sil
15.160720348358154,7,1,-6,-10,-8,-14,-15,1,-3,-4,9,2,1,-3,sil
15.160720348358154,-1,0,-6,-24,-12,-2,-21,2,-16,-11,1,2,-1,-10,sil
15.176629781723022,2,0,-4,-23,-12,-7,-14,0,-16,-12,7,8,0,-5,sil
15.176629781723022,8,7,12,-6,-8,-15,-13,2,-7,-8,23,17,9,0,sil
15.19165062904358,1,7,3,0,-4,-9,-16,1,-11,-12,16,14,11,-1,sil
15.19165062904358,-3,8,-1,1,5,-4,-9,-6,-16,-15,3,6,5,-1,sil
15.207122087478638,2,17,11,15,18,0,4,0,-2,0,10,6,7,-1,sil
15.207122087478638,4,13,2,26,14,6,10,7,5,7,16,-1,1,-4,sil
15.22305679321289,-3,0,1,18,5,5,-1,4,-8,-6,0,-16,-22,-17,sil
15.22305679321289,-10,-2,0,9,3,3,-6,-1,-17,-16,-14,-19,-26,-23,sil
15.238590478897097,-10,0,-5,17,8,8,5,-3,-8,0,-9,-13,-2,-8,sil
15.238590478897097,-8,3,3,21,15,16,13,0,3,15,-6,-11,3,4,sil
15.254626512527466,-10,-5,-2,5,8,12,8,-1,9,9,-20,-25,-10,0,sil
15.254626512527466,-13,-16,-2,-4,-3,11,8,0,8,4,-25,-23,-11,-2,sil
15.783706665039062,12,17,4,2,0,-10,-19,-5,-3,-4,26,21,11,8,sil
15.783706665039062,11,16,5,8,4,-12,-17,-4,-6,0,28,10,0,5,sil
15.798732995986938,0,3,-3,12,5,-5,-14,-4,-5,0,3,-8,-7,-5,sil
15.798732995986938,-8,1,-1,13,2,9,-10,0,-12,-7,-21,-16,-12,-14,sil
15.814815998077393,-4,-4,3,15,-1,9,5,4,-1,-3,-19,-8,-10,-1,sil
15.814815998077393,4,-12,12,5,-3,2,16,9,22,14,0,5,9,18,sil
15.830700397491457,9,-9,1,-8,0,0,9,4,22,16,8,9,23,17,sil
15.830700397491457,12,1,-1,-8,2,-6,-2,-9,-5,-6,10,6,7,0,sil
15.846360445022585,12,10,9,-2,6,-6,-5,-11,-23,-20,17,15,-2,-7,sil
15.846360445022585,2,7,-6,-6,13,-2,-5,-1,-17,-10,22,19,2,-5,sil
15.862015008926392,-7,4,-3,-13,8,-1,-10,4,-14,-9,9,3,-7,-11,sil
15.862015008926392,-9,8,3,0,3,6,-3,0,-15,-7,-9,-18,-19,-15,sil
15.877092361450195,-12,2,-2,13,10,14,9,-7,-3,7,-18,-26,-16,-1,sil
15.877092361450195,-16,-8,-4,-1,5,8,13,-1,6,16,-16,-16,-8,7,sil
15.892726182937622,-8,-15,-10,-21,-13,-1,16,8,15,16,-6,-4,7,10,sil
15.892726182937622,10,-9,-1,-18,-15,-4,10,7,24,13,2,6,23,15,sil
15.9082932472229,22,9,8,0,-2,-7,-7,2,13,-2,8,24,22,13,sil
15.9082932472229,22,22,9,8,1,-17,-22,0,-9,-13,18,32,15,1,sil
15.923951387405396,17,14,17,11,3,-12,-17,0,-13,-6,21,18,8,-6,sil
15.923951387405396,7,5,5,19,8,6,-1,1,-1,2,7,3,0,-2,sil
15.93904447555542,-1,8,3,22,12,10,3,0,1,5,0,0,-1,0,sil
15.93904447555542,-11,2,3,15,9,6,2,0,2,9,-1,-5,-2,-7,sil
15.954978704452516,-24,-14,-12,10,1,14,11,0,6,7,-22,-21,-10,-17,sil
15.954978704452516,-20,-14,-10,8,-3,18,23,3,17,9,-29,-21,-11,-9,sil
15.969980001449583,-6,-12,-11,-3,-10,0,22,2,23,13,-6,-11,0,7,sil
15.969980001449583,-1,-23,-11,-23,-24,-14,1,-4,7,0,-4,-7,0,6,sil
15.98564076423645,2,-18,-7,-28,-24,-6,-14,-10,-10,-14,-13,-1,-11,-1,sil
15.98564076423645,11,0,-6,-21,-9,-12,-17,-7,-12,-20,3,8,-3,-1,sil
16.000750064849854,5,4,4,-20,-5,-16,-20,0,-14,-24,14,11,3,-6,sil
16.000750064849854,-4,1,4,-12,-1,-5,-19,-3,-13,-21,0,0,-4,-10,sil
16.017463445663452,-2,6,6,1,8,0,-15,-5,-10,-10,0,-3,-9,0,sil
16.017463445663452,-2,16,10,5,8,1,-5,5,-12,0,5,-1,-2,6,sil
16.032543420791626,-6,11,1,7,5,10,10,8,-8,9,-6,-3,-3,1,sil
16.032543420791626,-6,0,-2,16,8,19,21,1,0,10,-18,-10,-12,0,sil
16.04856514930725,-4,-13,-6,14,4,17,26,1,5,12,-8,-15,-6,7,sil
16.04856514930725,0,-18,0,0,-2,0,19,5,8,17,-1,-12,3,7,sil
16.063905000686646,7,-2,0,-8,-4,-11,-1,2,5,0,-8,-1,-1,-7,sil
16.08901858329773,4,13,-13,-9,0,-10,-17,-6,-7,-28,0,10,-5,-14,sil
16.08901858329773,0,15,5,-4,8,-7,-17,-4,-16,-30,19,17,3,-2,sil
16.08901858329773,0,12,13,9,11,0,-13,-1,-12,-8,21,10,8,-1,sil
16.08901858329773,-2,13,4,26,12,12,-8,-3,-10,0,9,0,3,-10,sil
16.096048593521118,0,13,4,31,18,17,5,0,-6,6,4,0,2,2,sil
16.11063528060913,15,4,5,19,13,7,22,6,14,29,12,9,14,26,sil
16.11063528060913,18,-5,7,-3,-3,0,19,3,34,39,17,10,29,29,sil
16.127841234207153,1,-14,-4,-16,-12,-9,-1,0,29,18,9,5,23,14,sil
16.127841234207153,0,-7,-4,-20,-13,-22,-19,3,5,-4,4,10,4,0,sil
16.142945289611816,13,7,9,-20,-11,-15,-16,1,-4,-8,15,15,0,-8,sil
16.142945289611816,7,5,0,0,1,3,0,-3,4,2,11,2,3,-8,sil
16.15754985809326,-9,-2,-1,13,8,15,13,5,5,7,-11,-7,-5,-5,sil
16.15754985809326,-17,-14,-4,-1,-6,11,19,9,0,6,-25,-15,-12,-3,sil
16.17364764213562,-11,-26,-12,-19,-22,4,12,-1,9,12,-23,-24,-12,1,sil
16.17364764213562,-4,-17,-4,-19,-20,-1,1,-3,21,15,-21,-15,-8,1,sil
16.191617012023926,-2,-4,-7,-12,-11,-11,-6,-6,13,0,-16,0,-4,-1,sil
16.191617012023926,1,-1,-2,-8,-5,-11,-8,-14,0,-17,-3,7,0,0,sil
16.206137895584106,9,10,1,-4,-4,-8,-6,-5,-3,-25,10,13,6,-1,sil
16.219899654388428,3,18,0,0,-1,-14,-15,3,-25,-35,6,8,-3,-19,sil
16.219899654388428,-8,11,9,9,7,-5,-21,0,-49,-44,-8,-5,-22,-24,sil
16.235031604766846,-5,7,5,26,24,14,0,-3,-36,-22,-6,-7,-15,-5,sil
16.235031604766846,0,15,7,35,33,25,18,1,-14,7,3,1,-2,8,sil
16.25064492225647,-1,11,3,32,23,21,11,2,-6,21,3,-1,0,6,sil
16.25064492225647,0,-4,-7,17,8,11,7,2,7,25,0,-9,5,12,sil
16.266127824783325,3,-5,2,-2,5,8,13,5,25,27,-1,-4,12,18,sil
16.266127824783325,0,0,-3,-11,2,3,11,3,29,22,-1,0,9,9,sil
16.282182455062866,-3,-7,-7,-18,-12,-11,-3,-1,15,2,1,1,4,0,sil
16.282182455062866,-1,-10,-2,-27,-19,-18,-21,-1,-2,-19,7,4,2,-9,sil
16.29792094230652,-9,-4,-11,-26,-10,-20,-26,-1,-9,-23,7,0,-5,-22,sil
16.29792094230652,-9,0,-6,-18,-5,-17,-18,0,-11,-17,-1,-8,-14,-23,sil
16.313105821609497,0,-1,1,-4,-3,-1,-2,0,-17,-10,-3,-7,-11,-6,sil
16.313105821609497,3,-2,9,15,-1,10,4,-3,-15,0,4,-3,-5,6,sil
16.328789234161377,1,-1,5,16,-8,8,3,0,-1,16,3,-2,0,10,sil
16.328789234161377,2,-8,-10,-4,-14,1,1,1,8,14,-4,-4,13,15,sil
16.344040632247925,5,-8,1,-10,-9,0,0,0,10,3,-1,6,15,18,sil
16.344040632247925,13,1,6,0,-4,-5,2,-2,18,6,10,25,12,13,sil
16.360240936279297,21,9,4,-1,-1,-10,2,1,16,4,18,27,14,4,sil
16.360240936279297,16,14,11,5,10,-3,0,7,1,-10,14,15,6,-3,sil
16.375382661819458,1,10,2,26,17,3,5,2,-5,-14,0,0,-9,-4,sil
16.375382661819458,-16,-1,0,15,9,10,13,0,-3,-5,-17,-13,-22,-6,sil
16.39103627204895,-26,-9,-7,0,7,20,20,0,3,7,-15,-22,-18,-11,sil
16.39103627204895,-12,-5,-3,13,10,19,26,0,12,23,-3,-12,0,2,sil
16.406578063964844,6,0,5,10,1,8,21,0,14,26,0,-1,18,22,sil
16.406578063964844,7,0,-5,-14,-4,-4,2,-4,10,11,2,1,20,11,sil
16.422678232192993,4,4,-2,-20,-5,-15,-23,-5,3,-5,7,10,11,-8,sil
16.422678232192993,6,9,0,-9,-3,-16,-29,0,-2,-13,8,16,2,-9,sil
16.438189029693604,9,14,5,-2,4,-4,-15,0,-6,-12,8,12,-4,-6,sil
16.438189029693604,7,19,14,7,14,5,-8,0,-15,-12,6,5,-9,-14,sil
16.453901052474976,-6,8,-1,15,10,5,-10,4,-26,-11,-9,-11,-13,-12,sil
16.453901052474976,-23,-9,-6,3,0,5,-4,3,-22,-2,-24,-23,-17,-4,sil
16.46944236755371,-20,-21,-6,-10,-9,5,3,-2,-4,7,-21,-21,-10,-2,sil
16.46944236755371,-3,-23,-11,-8,-21,0,2,-1,2,6,-17,-13,-2,0,sil
16.484580278396606,6,-11,3,-1,-16,-4,2,3,8,1,-13,1,1,8,sil
16.484580278396606,11,-3,0,-9,0,-10,3,0,15,0,2,15,9,13,sil
16.501108407974243,14,-2,-7,-18,0,-16,-8,0,3,-6,16,15,10,3,sil
16.501108407974243,13,2,-1,-7,-2,-16,-14,2,-4,-9,26,13,4,-5,sil
16.51656222343445,10,8,8,8,5,-6,-5,0,-2,-5,29,11,3,1,sil
16.51656222343445,-1,12,4,9,5,5,-2,-4,-14,-2,7,-7,-2,1,sil
16.532644033432007,-21,1,-17,3,0,9,0,-4,-22,1,-12,-28,-13,-10,sil
16.532644033432007,-21,-11,-6,3,1,12,15,1,-7,5,-12,-19,-8,-5,sil
16.54819631576538,-6,-10,1,2,0,18,26,7,8,7,-10,-4,2,13,sil
16.54819631576538,-3,-12,-13,-5,-5,8,18,0,24,11,-14,-11,1,17,sil
16.564127683639526,-7,-15,-5,-13,-6,-3,0,-2,33,9,-13,-11,-1,4,sil
16.564127683639526,-1,0,2,-10,-6,-12,-4,0,20,6,-3,5,5,-7,sil
16.57975149154663,8,18,10,-3,-2,-13,-7,1,6,1,15,21,15,-3,sil
16.57975149154663,12,15,17,0,7,-5,-10,3,7,-2,31,28,22,6,sil
16.59486722946167,11,6,11,6,9,-2,-10,-1,-5,-5,31,24,14,0,sil
16.59486722946167,9,15,17,20,3,0,-7,-8,-30,-15,15,8,-8,-17,sil
16.61091923713684,1,19,3,35,7,14,3,-4,-33,-16,-7,-9,-23,-20,sil
16.61091923713684,-7,1,-2,30,12,22,14,0,-12,-3,-20,-16,-16,-9,sil
16.62659740447998,-3,-6,5,16,4,20,20,1,5,5,-21,-7,-5,5,sil
16.62659740447998,6,-4,1,13,-5,11,20,1,13,9,-19,2,0,17,sil
16.641735076904297,3,-9,0,0,-9,0,9,1,13,7,-8,4,1,12,sil
16.641735076904297,0,-9,-4,-16,-9,-8,0,0,13,2,8,8,6,7,sil
16.657376289367676,15,8,0,-2,-1,-13,-4,1,13,1,22,25,15,17,sil
16.657376289367676,27,16,6,7,3,-13,-11,1,3,-4,29,34,21,20,sil
16.672969102859497,19,1,-4,-8,0,-16,-17,-3,-5,-12,24,19,15,9,sil
16.672969102859497,2,0,-3,-17,0,-15,-16,0,-8,-12,7,0,0,-6,sil
16.68903374671936,-13,1,-8,-12,6,-7,-16,3,-11,-7,-4,-11,-12,-17,sil
16.68903374671936,-27,-14,-11,-22,1,-8,-22,-3,-28,-13,-21,-24,-22,-22,sil
16.70468235015869,-26,-14,-6,-20,0,-3,-17,-2,-29,-12,-36,-32,-32,-23,sil
16.70468235015869,-15,1,-12,-4,11,8,2,7,-1,9,-26,-29,-22,-11,sil
16.72087574005127,-11,-4,-4,-13,10,12,12,8,15,25,-23,-25,-4,0,sil
16.72087574005127,-17,-22,-10,-26,-3,7,9,-3,9,23,-39,-33,-7,-2,sil
16.7362859249115,-15,-12,-14,-16,-3,13,12,-6,15,19,-28,-36,-14,0,sil
16.7362859249115,-12,0,-2,-12,0,20,19,2,28,22,-2,-22,0,0,sil
16.752010822296143,-11,-8,-13,-14,-13,4,15,1,24,17,-2,-12,15,0,sil
16.752010822296143,0,-10,-2,-9,-21,-8,6,1,18,5,0,0,16,7,sil
16.767080068588257,15,1,13,3,-9,-5,6,2,11,0,25,19,22,9,sil
16.767080068588257,21,10,14,15,-3,-14,-1,-5,-10,-12,41,35,25,-2,sil
16.782671451568604,17,14,19,14,-8,-27,-20,-9,-28,-28,39,40,13,-2,sil
16.782671451568604,12,6,10,6,-5,-21,-25,-8,-32,-31,37,40,2,-3,sil
16.79976224899292,13,8,13,11,2,-5,-19,-2,-37,-29,39,37,1,-5,sil
16.79976224899292,15,24,18,42,13,5,-10,4,-29,-19,35,27,4,6,sil
16.813608169555664,11,20,13,60,20,17,4,3,-5,0,14,8,0,11,sil
16.813608169555664,10,9,13,43,16,30,22,3,6,15,-7,0,-2,9,sil
16.829008102416992,8,6,1,24,10,27,33,3,15,17,-11,1,3,22,sil
16.829008102416992,1,-2,0,15,2,14,25,0,19,14,-16,4,0,26,sil
16.845035791397095,-3,-12,-5,0,-3,8,11,0,12,16,-23,-6,-3,14,sil
16.845035791397095,-5,-12,-18,-20,-2,0,9,1,10,12,-26,-17,-1,6,sil
16.86107635498047,-9,-11,-11,-26,0,-6,6,0,16,-7,-33,-16,-11,-13,sil
16.86107635498047,-9,-13,-14,-20,-6,-14,-6,-2,15,-15,-31,-18,-16,-26,sil
16.876629114151,0,-2,-6,-15,-3,-15,-10,0,13,-1,-10,-13,-1,-8,sil
16.876629114151,3,9,-1,-15,7,-6,-4,5,15,1,8,5,3,2,sil
16.89272975921631,0,3,-12,-19,1,-11,-17,0,1,-15,11,8,-8,-9,sil
16.89272975921631,-1,1,2,-16,-10,-21,-31,-5,-15,-21,9,-3,-12,-17,sil
16.90808081626892,-4,6,6,-2,-5,-9,-18,0,-14,-4,7,-12,-11,-14,sil
16.90808081626892,-21,-6,-6,0,0,1,-5,0,-15,-2,-9,-25,-24,-16,sil
16.923607110977173,-28,-19,-10,-6,0,5,-1,-1,-24,-7,-22,-34,-28,-17,sil
16.923607110977173,-14,-13,-3,-4,0,14,14,0,-11,13,-6,-19,-4,-1,sil
16.93993043899536,0,-7,6,-10,-4,15,21,0,3,27,0,-2,14,12,sil
16.93993043899536,-1,-8,-3,-19,-15,-3,0,0,2,8,-10,-2,17,9,sil
16.95427393913269,-2,0,-1,-14,-13,-14,-22,-4,0,-5,-3,7,20,5,sil
16.955275774002075,12,15,11,-9,-3,-7,-23,-2,4,3,23,34,27,11,sil
16.969868421554565,30,20,12,-2,8,-5,-2,2,11,18,39,45,30,15,sil
16.985213041305542,28,28,28,22,22,-1,7,8,7,17,39,36,25,18,sil
16.985213041305542,14,28,17,46,23,10,6,0,-2,9,27,18,12,18,sil
17.000781059265137,7,5,0,38,16,22,18,-1,0,7,2,0,-2,10,sil
17.000781059265137,1,-12,-4,19,14,29,36,6,15,11,-14,-12,-7,0,sil
17.000781059265137,-10,-18,-19,3,2,13,31,1,11,0,-16,-20,-9,-5,sil
17.017239809036255,-20,-26,-18,-18,-20,-10,2,-8,-12,-23,-26,-25,-23,-20,sil
17.017239809036255,-21,-28,-18,-32,-27,-15,-19,-9,-17,-30,-33,-24,-27,-27,sil
17.032001972198486,-12,-17,-16,-27,-14,-13,-26,-4,-1,-18,-9,-7,-7,-16,sil
17.032001972198486,2,0,7,-14,-4,-13,-20,2,0,-14,18,13,11,0,sil
17.048540115356445,11,15,8,2,-3,-14,-13,5,-9,-14,18,14,8,5,sil
17.048540115356445,11,22,8,21,1,-7,-12,2,-14,-11,1,0,-6,3,sil
17.063657999038696,6,17,6,27,12,7,-1,0,-12,-5,-7,-5,-9,0,sil
17.079166889190674,0,7,3,21,16,22,18,0,-7,6,-8,-10,-6,0,sil
17.079166889190674,-11,-5,1,8,8,25,31,4,2,14,-15,-14,-12,0,sil
17.079166889190674,-18,-20,-12,-6,-4,11,31,2,16,8,-20,-12,-16,-1,sil
17.09568738937378,-4,-13,-5,-20,-10,-2,13,-2,28,6,-6,2,-1,0,sil
17.11078190803528,11,1,4,-20,-10,-6,-7,0,33,15,12,16,16,4,sil
17.11078190803528,9,0,0,-12,-10,-17,-15,1,21,11,16,18,20,9,sil
17.111993074417114,6,0,4,-11,-6,-21,-18,-4,3,2,15,14,12,6,sil
17.127444982528687,11,12,5,0,4,-8,-14,-5,-2,3,19,11,8,3,sil
17.127444982528687,10,16,9,17,9,-3,-6,3,-6,-1,17,13,9,3,sil
17.14177680015564,5,16,7,22,7,-5,-10,3,-17,-9,11,8,5,0,sil
17.158772468566895,1,14,6,18,9,0,-11,-4,-18,-6,6,-4,-5,-4,sorry
17.158772468566895,0,14,18,23,10,13,2,1,-11,0,4,-4,-8,-3,sorry
17.158772468566895,0,6,3,23,8,14,19,5,-8,8,-2,0,1,2,sorry
17.17388129234314,-3,-9,-5,5,2,7,17,-3,-11,9,-18,-11,1,3,sorry
17.1907799243927,-11,-19,-5,-14,-6,8,9,0,-6,8,-19,-16,-3,6,sorry
17.1907799243927,-14,-23,-17,-22,-7,9,2,1,0,9,-16,-10,0,6,sorry
17.206382989883423,-17,-22,-13,-22,-8,1,-3,-3,-2,-6,-30,-17,-7,-8,sorry
17.206382989883423,-10,-13,-12,-22,-13,-9,-4,-4,3,-14,-24,-14,-11,-8,sorry
17.206382989883423,6,-2,-1,-28,-11,-5,-3,0,20,-1,9,16,5,10,sorry
17.22078800201416,3,-1,1,-27,-4,-4,-11,1,13,-9,17,19,4,0,sorry
17.239033460617065,-11,-4,-12,-11,1,-12,-15,0,-5,-26,4,-9,-20,-27,sorry
17.239033460617065,-2,4,-4,0,12,-2,-1,3,-7,-11,10,-6,-16,-17,sorry
17.239033460617065,5,11,1,6,11,4,4,2,1,0,14,3,5,-3,sorry
17.251718044281006,0,8,5,17,1,-2,-3,-1,-5,-14,4,-6,3,-9,sorry
17.26672124862671,0,11,10,32,7,2,3,-1,-11,-9,3,-5,-2,-3,sorry
17.26672124862671,3,5,0,24,12,10,21,0,4,22,0,1,10,13,sorry
17.281938552856445,1,-3,3,2,0,6,22,4,20,36,-6,1,19,18,sorry
17.281938552856445,0,-9,0,0,-13,5,14,0,16,27,-9,0,9,10,sorry
17.297648191452026,-2,-12,-2,-2,-14,0,0,-6,2,9,-11,0,0,2,sorry
17.297648191452026,3,-5,5,-14,-12,-11,-16,0,0,0,-3,6,5,3,sorry
17.312855005264282,20,10,1,-11,-4,-20,-22,0,0,-2,15,19,11,4,sorry
17.312855005264282,26,22,12,0,4,-16,-29,-6,-16,-17,20,26,-2,-3,sorry
17.32803249359131,10,13,10,4,0,-7,-28,-7,-29,-29,11,14,-15,-10,sorry
17.32803249359131,-7,3,1,11,-1,0,-9,-2,-24,-14,5,0,-13,-5,sorry
17.34363317489624,-4,11,11,21,11,16,7,5,-6,10,6,2,-3,5,sorry
17.34363317489624,3,11,5,24,15,28,15,7,7,15,0,0,-2,11,sorry
17.35912823677063,-2,-6,-1,11,0,21,19,7,4,7,-14,-15,-8,5,sorry
17.35912823677063,-6,-12,-3,4,0,12,25,9,7,11,-6,-11,2,4,sorry
17.374794483184814,-1,-8,-2,7,9,5,23,1,22,13,2,0,15,8,sorry
17.374794483184814,-4,-12,-3,-7,-5,-7,11,-5,23,0,-16,-15,3,2,sorry
17.389838695526123,-6,-17,-19,-21,-14,-15,0,-3,17,-3,-23,-21,0,1,sorry
17.389838695526123,-8,-9,-15,-22,-4,-14,-5,0,13,-7,-4,-1,6,0,sorry
17.40569829940796,-17,-2,-7,-26,-6,-17,-5,0,7,-14,0,-1,0,-16,sorry
17.40569829940796,-13,0,-7,-26,-10,-18,-6,-1,7,-5,6,-5,0,-21,sorry
17.42071795463562,-3,2,1,-18,0,-4,-9,-2,0,-1,20,8,7,-9,sorry
17.42071795463562,-3,5,-4,-3,2,4,-5,-1,-15,-15,7,2,-5,-9,sorry
17.436615467071533,8,16,9,17,9,6,-1,2,-23,-21,-9,-3,-16,-7,sorry
17.436615467071533,19,22,21,24,19,15,3,4,-16,-3,3,7,-1,3,sorry
17.451637506484985,3,5,6,9,13,13,13,2,-6,11,11,1,0,3,sorry
17.451637506484985,-10,-3,3,11,8,14,17,1,-3,12,-10,-15,-16,-7,sorry
17.46803069114685,-3,-2,-2,23,13,22,17,0,0,14,-21,-17,-11,-3,sorry
17.46803069114685,0,-13,-6,4,5,15,12,1,0,18,-14,-11,0,7,sorry
17.48293924331665,-3,-24,-8,-14,-13,-5,-3,-6,-3,11,-14,-3,-4,6,sorry
17.48293924331665,0,-18,-10,-17,-24,-19,-16,-15,-6,-2,-9,8,1,5,sorry
17.49897074699402,8,-9,3,-23,-20,-19,-20,-4,-3,-7,1,18,16,8,sorry
17.49897074699402,4,-8,-4,-23,-10,-22,-28,-2,0,-3,3,12,11,5,sorry
17.514585494995117,3,-1,-2,-10,-14,-26,-35,-7,0,-5,6,15,7,0,sorry
17.514585494995117,9,14,9,0,-16,-21,-31,6,-1,-9,21,28,16,0,sorry
17.53069543838501,16,22,7,12,0,-11,-24,8,-11,-14,25,23,13,5,sorry
17.53069543838501,26,27,22,32,17,0,-18,0,-15,-19,22,19,1,6,sorry
17.546923398971558,17,25,14,32,10,10,-8,0,-7,-7,23,13,0,0,sorry
17.546923398971558,-12,7,-7,9,0,7,-1,2,-8,2,8,-9,-5,-7,sorry
17.56114888191223,-23,-2,-2,6,11,17,18,3,1,3,-6,-22,-8,-4,sorry
17.56114888191223,-12,0,1,21,26,34,45,7,33,19,-3,-13,0,7,sorry
17.576808214187622,-10,0,-1,10,8,32,51,8,46,39,-1,-14,8,7,sorry
17.576808214187622,-6,-4,-10,-6,-4,14,49,4,41,41,-3,-17,11,7,sorry
17.593567609786987,3,-8,-6,-10,4,0,42,0,36,22,-8,-9,5,13,sorry
17.593567609786987,0,-14,-5,-26,-4,-10,13,-2,17,-5,-17,-6,-5,-1,sorry
17.608590126037598,0,-7,-10,-33,-18,-17,-11,-2,-7,-24,-9,1,-7,-18,sorry
17.608590126037598,11,14,9,-2,-1,-15,-12,0,-19,-19,12,21,-3,-5,sorry
17.62359642982483,5,18,10,20,9,-7,-9,-2,-18,-8,10,15,-5,3,sorry
17.62359642982483,-16,1,-4,7,4,4,-15,-4,-23,-11,-16,-19,-20,-17,sorry
17.639709949493408,-27,-5,-7,-4,4,14,-11,-2,-34,-20,-36,-37,-40,-31,sorry
17.639709949493408,-16,-7,-9,-1,1,4,2,-2,-24,-14,-30,-30,-31,-13,sorry
17.655277013778687,-3,-15,5,0,-5,-1,6,0,0,1,-14,-13,-1,3,sorry
17.67097043991089,0,-19,3,-4,-6,5,1,2,11,14,-1,-3,13,8,sorry
17.67097043991089,3,-17,-5,-7,-3,3,-4,0,7,10,5,1,12,14,sorry
17.68806743621826,12,-9,-1,-8,-2,-11,-18,-7,-5,-6,7,9,9,13,sorry
17.68806743621826,11,-8,-12,-17,-12,-24,-35,-8,-22,-16,7,12,11,2,sorry
17.68806743621826,3,-10,-3,-26,-20,-20,-38,0,-20,-8,13,16,18,0,sorry
17.703940868377686,6,0,9,-10,-7,-4,-18,5,3,3,20,28,21,6,sorry
17.703940868377686,13,13,6,8,4,-1,0,4,16,4,23,39,18,8,sorry
17.718416929244995,9,13,2,1,-2,-6,-1,1,5,-4,22,26,8,-4,sil
17.718416929244995,-2,3,-9,-4,-3,-2,-1,-2,-6,-10,8,0,-7,-21,sil
17.73502206802368,-9,5,1,9,7,8,8,2,-5,-8,-7,-7,-15,-18,sil
17.73502206802368,-7,11,11,24,11,15,21,11,5,2,-5,-2,-9,-1,sil
17.74961018562317,-9,6,0,24,12,7,17,3,3,8,-5,-13,-10,-1,sil
17.74961018562317,-8,2,1,18,13,3,4,-3,-7,7,-18,-24,-18,-8,sil
17.764039278030396,0,5,-1,19,9,13,7,-1,4,20,-12,-19,-6,5,sil
17.779719591140747,0,2,1,15,10,17,19,0,23,31,3,-13,9,19,sil
17.779719591140747,0,-2,4,1,8,10,24,2,22,25,4,-4,16,18,sil
17.794819355010986,6,0,-2,-1,-4,1,19,-1,21,19,0,5,16,22,sil
17.794819355010986,9,5,7,-3,-6,-5,11,-5,25,7,-1,7,10,21,sil
17.810008764266968,5,0,0,-17,0,-15,1,0,16,-6,2,4,8,5,sil
17.810008764266968,11,4,-6,-28,-4,-17,-14,2,-3,-13,14,12,11,-3,sil
17.82563090324402,19,25,4,-13,-6,-9,-29,2,-15,-17,20,21,10,-1,sil
17.82563090324402,13,26,8,10,0,-7,-23,-2,-19,-19,15,15,2,-1,sil
17.841193199157715,0,15,11,16,-1,-3,-9,-6,-25,-12,4,1,-9,-8,sil
17.841193199157715,-6,12,-2,14,3,5,0,-2,-25,-9,-10,-9,-20,-11,sil
17.856783866882324,-8,2,-8,10,3,12,4,3,-15,-11,-22,-14,-21,-8,sil
17.856783866882324,-19,-13,-3,0,-5,22,16,6,-1,1,-22,-16,-21,-8,sil
17.872577905654907,-23,-25,-14,-12,-7,17,22,1,9,12,-19,-18,-21,-5,sil
17.872577905654907,-14,-23,-8,-27,-9,0,7,0,10,0,-22,-15,-13,-3,sil
17.88865065574646,-9,-23,-8,-37,-16,-14,-12,-2,6,-12,-16,-8,0,-4,sil
17.88865065574646,-5,-26,-9,-29,-14,-22,-26,-3,2,-8,0,-2,3,-5,sil
17.904595851898193,1,-15,-1,-7,-5,-17,-27,-1,-2,-5,15,9,3,-10,sil
17.904595851898193,7,2,1,9,5,-7,-10,0,0,0,27,24,13,-5,sil
17.920111417770386,11,-5,16,14,13,-1,-1,5,0,0,27,22,17,2,sil
17.920111417770386,2,-32,10,13,11,7,0,5,-6,-2,10,0,0,-2,sil
17.936184644699097,-5,-35,-2,20,13,15,7,-1,-3,0,-8,-10,-8,-5,sil
17.936184644699097,0,-37,7,28,18,13,13,-3,0,6,-10,-7,6,3,sil
17.95179009437561,0,-46,1,25,6,6,10,-4,-6,13,-4,-7,10,4,sil
17.95179009437561,0,-1,0,12,-3,6,12,0,-3,20,-3,-3,3,6,sil
17.96754479408264,8,59,1,3,0,4,18,1,7,19,0,1,11,19,sil
17.96754479408264,8,58,-6,-4,-1,-4,9,-3,4,0,-3,-2,10,17,sil
17.98285150527954,0,35,-9,-20,-15,-12,1,0,6,-9,-11,-3,-2,3,sil
17.98285150527954,8,38,-8,-28,-17,-13,0,2,22,3,7,9,0,6,sil
17.998237133026123,16,42,7,-21,-1,-9,-11,1,13,4,37,28,9,11,sil
17.998237133026123,5,35,11,-10,5,-7,-27,0,-11,-8,21,22,0,-2,sil
18.014230251312256,-3,22,2,0,0,-1,-20,-2,-26,-11,-10,-1,-15,-17,sil
18.014230251312256,-2,11,6,15,5,10,0,0,-31,-6,-9,-11,-22,-12,sil
18.029247999191284,-7,0,-1,20,13,16,12,2,-18,0,-4,-14,-9,0,sil
18.029247999191284,-14,-15,0,3,0,16,17,5,13,16,-12,-19,2,4,sil
18.044808626174927,-12,-28,-4,-8,-9,10,18,9,39,23,-10,-14,4,0,sil
18.044808626174927,-4,-24,-13,-3,0,-6,0,2,37,7,-3,-3,2,-4,sil
18.0603551864624,5,-8,1,-1,5,-15,-24,-4,19,-9,2,8,1,-9,sil
18.0603551864624,14,-3,4,-5,-3,-21,-21,-4,4,-16,11,14,1,-8,sil
18.076107501983643,9,-6,3,-4,-7,-21,-10,-1,-6,-26,4,6,-3,-6,sil
18.076107501983643,-1,-2,4,3,-1,1,-1,0,-15,-26,-5,0,-10,-5,sil
18.099034547805783,-2,0,3,20,10,21,18,0,-15,-4,5,1,-5,2,sil
18.099034547805783,0,-8,11,30,17,19,30,0,-6,14,10,0,4,8,sil
18.099034547805783,-6,-23,-2,13,3,13,18,-2,4,18,-6,-9,5,7,sil
18.10693597793579,-7,-28,-10,-12,-16,8,0,-1,10,15,-16,-9,0,9,sil
18.12241554260254,1,-19,-6,-19,-14,0,-3,1,9,9,-9,0,7,10,sil
18.12241554260254,8,-11,-9,-18,-3,-11,-8,0,0,-5,0,10,15,8,sil
18.137852907180783,9,-2,7,-15,-5,-18,-20,-2,-18,-20,8,17,8,3,sil
18.137852907180783,7,9,5,-1,-2,-13,-16,0,-30,-12,11,9,-1,-5,sil
18.153958082199097,-2,15,0,10,10,0,0,1,-20,-1,8,-5,-4,-12,sil
18.153958082199097,-8,12,3,15,14,12,15,4,-2,2,3,-10,-2,-2,sil
18.169405698776245,-9,1,-4,14,4,16,23,2,1,19,-5,-10,1,8,sil
18.169405698776245,-10,-2,-4,-2,-5,9,16,0,2,28,-13,-15,0,1,sil
18.18516063690185,-13,-5,-9,-21,-11,-2,1,-4,10,13,-8,-14,-6,-14,sil
18.18516063690185,-3,1,-9,-23,-7,-13,-9,-7,11,-6,2,0,-6,-18,sil
18.20070624351501,15,20,9,-8,2,-8,-13,-3,-1,-8,13,17,3,-5,sil
18.20070624351501,10,22,9,11,9,-4,-15,-3,-17,-8,13,9,2,0,sil
18.21665096282959,-8,3,6,14,6,-3,-9,0,-21,-11,-6,-7,-9,0,sil
18.21665096282959,-5,-5,-1,7,-1,5,4,5,2,-3,-24,-7,-11,4,sil
18.23230671882629,1,-5,-2,0,-9,8,0,4,25,0,-20,-1,-9,8,sil
18.23230671882629,4,-1,3,-6,-11,-5,-15,4,19,-10,-4,4,0,3,sil
18.247926712036133,18,11,0,-2,-2,-18,-15,2,7,-12,14,17,9,3,sil
18.247926712036133,19,24,13,6,7,-9,-10,0,-4,-11,19,21,-1,1,sil
18.26360774040222,-1,13,9,14,13,9,-4,-1,-13,-11,2,0,-20,-5,sil
18.26360774040222,-5,-7,-2,11,11,22,18,1,-5,0,-11,-15,-11,-1,sil
18.27912139892578,-7,-16,-4,-4,0,18,29,1,7,18,-9,-14,4,1,sil
18.27912139892578,-22,-22,-21,-15,-10,0,10,-5,18,20,0,-11,7,0,sil
18.2950177192688,-15,-17,-10,-15,-10,-6,-1,-1,25,13,2,-3,11,0,sil
18.2950177192688,0,-3,-2,-21,-6,-6,0,8,19,6,3,5,15,0,sil
18.311111211776733,11,3,-7,-17,-3,-15,-3,2,-1,0,9,13,14,-2,sil
18.311111211776733,29,17,21,10,8,-6,-8,0,-10,-1,27,30,18,9,sil
18.326955556869507,23,25,20,32,22,8,2,1,-8,2,31,25,17,18,sil
18.326955556869507,-11,3,-2,20,14,4,6,0,-18,0,1,-11,-7,0,sil
18.342989206314087,-30,-22,-13,2,0,1,6,-3,-27,-7,-23,-33,-26,-22,sil
18.342989206314087,-15,-20,-12,5,-5,13,15,-4,-16,-2,-23,-22,-17,-12,sil
18.35802721977234,0,-4,0,8,-9,13,13,0,-9,1,-16,-8,-3,7,sil
18.35802721977234,0,-6,-5,0,-9,-3,1,0,-4,2,-11,-8,2,8,sil
18.37374329566956,0,-11,-3,-12,-7,-5,-1,-2,10,10,-5,-4,10,6,sil
18.37374329566956,10,3,6,-16,-10,0,-1,0,23,12,3,9,15,12,sil
18.389891386032104,16,13,6,-11,-6,-12,-8,0,20,-3,11,16,13,11,sil
18.389891386032104,16,8,14,-1,7,-17,-11,-2,9,-14,7,17,5,0,sil
18.404571294784542,11,8,5,7,12,-1,-5,-2,7,-6,8,14,-3,-7,sil
18.404571294784542,3,13,1,9,5,0,-10,1,1,-4,20,9,-3,-3,sil
18.421103715896606,2,15,8,16,3,-1,-18,5,-13,-13,14,4,0,0,sil
18.421103715896606,0,8,5,24,8,3,-8,1,-17,-7,-5,-4,-8,-2,sil
18.43667888641357,-17,-2,0,13,8,13,8,-2,-8,5,-16,-19,-23,-10,sil
18.43667888641357,-27,-16,-17,-9,1,18,16,-2,-4,11,-19,-31,-20,-10,sil
18.451847076416016,-20,-27,-19,-29,-11,6,8,0,0,4,-23,-24,-11,-2,sil
18.46734404563904,-11,-25,-10,-34,-19,-10,0,0,7,0,-20,-5,-3,0,sil
18.46734404563904,-2,-13,-8,-23,-12,-10,-1,-1,14,4,-4,3,11,1,sil
18.482666015625,6,-4,7,-10,-6,-7,-8,-4,5,-1,6,8,15,0,sil
18.482666015625,10,-2,1,-4,-6,-17,-16,-2,-9,-15,10,17,0,-4,sil
18.482666015625,9,6,-2,-1,-3,-22,-13,2,-14,-17,13,23,-3,-3,sil
18.49967765808105,12,22,16,5,3,-9,-7,6,-8,-10,15,18,5,2,sil
18.49967765808105,15,20,15,13,9,2,0,2,-11,-6,13,12,5,4,sil
18.513861179351807,3,13,8,12,12,17,6,-1,-20,-6,4,1,-6,-5,sil
18.513861179351807,-15,7,-1,10,13,26,8,-3,-16,0,-2,-16,-12,-16,sil
18.52956366539001,-12,0,-1,10,8,16,9,1,3,15,-7,-20,-4,-4,sil
18.52956366539001,0,0,4,8,0,5,16,9,22,23,-8,-4,5,13,sil
18.545600652694706,0,0,-6,6,-5,1,15,4,22,16,-7,-4,8,14,sil
18.545600652694706,-1,-2,-2,1,0,3,5,-1,16,8,-4,-10,4,9,sil
18.56075167655945,0,-3,-4,0,5,6,11,0,22,13,0,-5,4,9,sil
18.575331449508667,3,0,-8,0,4,-1,10,0,18,12,3,3,3,8,sil
18.575331449508667,14,4,6,-1,-2,-11,-6,0,-1,-3,9,13,6,4,sil
18.59093761444092,20,0,0,-3,-7,-13,-10,-2,-4,-10,17,16,14,5,sil
18.59093761444092,17,0,3,-2,-3,-10,0,-1,2,-2,25,18,16,6,sil
18.606684923172,9,10,7,0,3,-5,1,2,-1,-1,26,21,9,0,sil
18.606684923172,-5,8,-1,10,8,-2,-7,0,-18,-18,8,8,-1,-10,sil
18.622598886489868,-18,-4,-2,19,10,4,-14,-2,-25,-20,-16,-14,-14,-13,sil
18.622598886489868,-20,-16,-13,5,5,12,-7,0,-12,-2,-30,-24,-18,-10,sil
18.637640237808228,-18,-19,-5,-11,-7,9,0,0,2,3,-30,-21,-16,-7,sil
18.637640237808228,-15,-17,-2,-9,-16,4,5,0,15,8,-26,-19,-11,-3,sil
18.653265953063965,-12,-18,-17,-13,-14,2,13,-1,25,23,-24,-17,0,0,sil
18.653265953063965,-11,-14,-8,-21,-5,4,12,0,20,22,-14,-7,5,1,sil
18.66899609565735,-4,-2,0,-5,0,1,0,0,11,12,0,1,8,11,sil
18.66899609565735,8,7,7,0,-5,-9,-12,0,6,2,6,9,8,14,sil
18.684977054595947,18,13,11,-8,-2,-17,-18,3,-6,-8,15,15,6,0,sil
18.684977054595947,16,12,3,-5,0,-16,-14,2,-20,-18,29,12,0,-5,sil
18.699897289276123,4,6,4,-6,-6,-14,-17,-1,-21,-26,22,5,-10,-5,sil
18.699897289276123,0,6,0,-10,-6,-17,-20,-8,-23,-32,5,4,-9,-16,sil
18.71590495109558,13,18,9,5,3,-12,-11,-6,-33,-24,6,10,-3,-14,sil
18.71590495109558,22,17,18,17,6,1,1,3,-30,-11,12,13,-1,1,sil
18.73191499710083,2,0,1,10,4,10,4,4,-12,-4,1,1,-5,0,sil
18.73191499710083,-11,-2,1,7,7,14,9,1,0,5,-15,-9,-10,-7,sil
18.747326135635376,0,9,4,23,13,25,30,4,5,20,-8,-6,-3,5,sil
18.747326135635376,5,7,4,28,14,29,34,3,7,18,6,1,7,14,sil
18.76324391365052,-8,-7,-5,6,6,19,16,0,5,3,-8,-9,0,4,sil
18.76324391365052,-18,-19,-20,-10,-1,14,11,0,11,9,-28,-20,-5,0,sil
18.77880024909973,-15,-13,-5,-4,1,14,19,5,30,30,-15,-9,5,9,sil
18.77880024909973,-9,-12,-5,-9,6,-1,8,2,44,29,0,-1,14,14,sil
18.79393577575684,0,-17,-11,-24,-2,-18,-8,-4,39,12,2,1,14,13,sil
18.79393577575684,10,-7,1,-13,-15,-18,-12,-4,24,3,7,12,18,7,sil
18.81003761291504,10,2,1,1,-14,-24,-19,-3,3,-5,11,12,13,-4,sil
18.81003761291504,4,6,8,-10,-4,-24,-31,-6,-19,-22,15,11,0,-16,sil
18.825564861297607,3,12,6,-9,0,-7,-20,-6,-27,-24,21,14,-2,-14,sil
18.825564861297607,8,19,2,12,5,-2,-4,1,-16,-12,15,10,0,-5,sil
18.84110307693481,7,22,12,21,12,-2,-2,7,-11,-5,9,10,0,-1,sil
18.84110307693481,4,12,6,13,8,4,0,0,-11,-4,10,7,-2,1,sil
18.85672092437744,-3,-2,0,8,0,11,4,0,-12,-2,-5,-12,-10,-1,sil
18.85672092437744,-22,-10,-13,4,-2,12,0,2,-10,3,-31,-31,-18,-11,sil
18.8719642162323,-27,-15,-19,-4,-3,8,0,0,-8,3,-34,-28,-18,-7,sil
18.8719642162323,-9,-18,-3,-8,-2,10,12,0,2,3,-18,-17,-12,4,sil
18.887704849243164,2,-16,-5,1,0,8,17,2,19,17,-7,-9,1,12,sil
18.887704849243164,1,-7,0,2,0,0,4,0,18,19,-11,0,11,10,sil
18.902807235717773,2,-2,0,-11,-4,-2,3,0,7,4,-10,6,6,3,sil
18.902807235717773,12,-4,-3,-24,-13,-5,13,-1,15,3,3,14,10,7,sil
18.917904376983643,21,1,9,-19,-16,-8,2,2,25,1,9,20,16,9,sil
18.917904376983643,12,10,1,-6,-5,-11,-12,0,5,-18,5,17,1,-4,sil
18.93354034423828,-1,10,0,-6,0,-15,-16,-2,-23,-31,9,10,-11,-16,sil
18.93354034423828,0,11,3,-9,-4,-14,-15,0,-25,-19,13,7,0,-10,sil
18.94868993759156,6,15,1,3,1,-9,-13,0,-13,-5,19,8,9,0,sil
18.94868993759156,0,14,10,18,13,0,-10,1,-20,-5,26,10,4,0,sil
18.96440076828003,-4,11,5,26,17,9,-5,0,-31,-9,13,0,-8,-3,sil
18.96440076828003,-6,9,2,26,15,8,-3,-3,-26,-12,-8,-17,-21,-7,sil
18.97995662689209,-10,0,2,19,9,9,1,0,-11,-5,-8,-22,-19,-8,sil
18.996272802352905,-7,-9,1,17,6,17,17,0,6,11,0,-14,-6,0,sorry
18.996272802352905,-1,-3,11,16,6,18,26,0,14,19,-4,-5,-1,6,sorry
18.996272802352905,-1,-5,-1,7,-3,5,14,-1,12,20,-4,-4,5,12,sorry
19.01186442375183,4,-10,-7,0,-4,3,5,0,20,23,0,-4,15,16,sorry
19.01186442375183,10,-9,2,-2,10,15,17,2,30,28,2,0,17,17,sorry
19.0274817943573,-1,-11,-7,-16,2,6,14,0,24,20,-1,1,8,6,sorry
19.0274817943573,-13,-16,-9,-34,-22,-10,-5,-2,10,6,-11,-2,0,-7,sorry
19.0437605381012,-9,-17,-14,-40,-24,-16,-8,-3,6,1,-13,0,1,-8,sorry
19.0437605381012,-2,-13,-8,-37,-10,-18,-6,3,2,-1,-4,4,5,-4,sorry
19.05802297592163,2,0,0,-28,-10,-22,-15,11,1,-11,-2,7,4,-8,sorry
19.05802297592163,9,9,-2,-10,-9,-18,-17,1,6,-8,-3,12,0,-2,sorry
19.075907468795776,11,14,6,5,2,-4,-14,-3,1,-8,5,16,-3,2,sorry
19.075907468795776,6,9,5,10,7,0,-16,1,-12,-38,11,4,0,-4,sorry
19.09101390838623,1,8,3,13,3,-1,-14,0,-25,-55,3,-5,-1,-9,sorry
19.09153699874878,-3,16,3,26,10,7,-5,-5,-23,-13,-3,-2,-15,-7,sorry
19.106614112854004,-11,9,-8,28,16,13,8,-1,-11,26,-7,-15,-23,-8,sorry
19.106614112854004,-15,-2,3,14,9,14,14,2,-5,22,-11,-29,-14,-4,sorry
19.119664669036865,-7,1,5,18,8,19,17,0,0,7,-7,-15,-6,0,sorry
19.13773226737976,0,2,-4,20,6,18,18,0,15,5,-8,-1,-5,3,sorry
19.13773226737976,0,-7,-1,-3,-4,7,12,7,27,12,-10,-1,4,11,sorry
19.13773226737976,3,-10,-5,-17,-8,-7,1,7,20,14,7,8,21,15,sorry
19.151759147644043,18,0,6,-7,-4,-19,-5,-3,3,4,23,24,27,16,sorry
19.151759147644043,28,11,14,3,-2,-19,0,-6,0,3,26,31,25,19,sorry
19.16681337356568,20,8,7,2,-1,-16,3,-2,0,5,31,28,23,10,sorry
19.182546854019165,7,6,9,-2,2,-8,1,1,-10,-10,22,13,12,-1,sorry
19.182546854019165,2,7,1,4,6,3,0,0,-19,-13,4,0,0,0,sorry
19.19956016540528,0,2,2,7,0,5,-8,0,-24,-8,1,2,-10,-4,sorry
19.19956016540528,-9,-2,0,-4,-10,-3,-20,-3,-33,-29,-4,-4,-16,-14,sorry
19.21460461616516,-16,-2,-4,-3,-3,-3,-19,-7,-32,-35,-20,-19,-18,-12,sorry
19.21460461616516,-21,-8,-3,3,0,10,-10,-1,-21,-4,-19,-22,-14,-12,sorry
19.23112869262696,-24,-19,-18,-4,-9,9,-3,1,-6,11,-11,-24,-7,-14,sorry
19.23112869262696,-15,-12,-11,-4,-4,5,10,3,20,18,-12,-21,-1,-4,sorry
19.247710466384888,-1,-2,0,2,11,17,29,8,44,47,-11,-6,1,5,sorry
19.247710466384888,-1,-11,-6,-7,5,21,25,6,36,48,-10,0,0,8,sorry
19.247710466384888,-1,-13,-2,-17,0,8,10,0,20,6,-11,0,0,9,sorry
19.263907432556152,3,-3,-4,-13,5,-7,4,-1,21,-8,-3,1,6,9,sorry
19.263907432556152,1,0,-3,-21,-1,-20,-11,-2,13,-4,1,3,5,0,sorry
19.27900767326355,0,1,-6,-25,-12,-19,-18,-2,0,-16,1,2,-6,-10,sorry
19.27900767326355,12,10,0,-11,-3,-9,-3,0,-1,-22,10,7,-11,-6,sorry
19.295028924942017,22,19,22,1,4,0,0,4,-5,-15,13,18,-10,3,sorry
19.295028924942017,12,13,6,15,4,7,2,5,-6,-9,3,6,-12,1,sorry
19.311944484710693,-10,-3,-4,22,11,13,9,1,-5,-3,-12,-19,-26,-10,sorry
19.311944484710693,-29,-18,1,6,1,6,0,0,-7,6,-20,-23,-27,-11,sorry
19.324731588363647,-13,-12,-3,1,-16,-7,-7,0,0,17,0,-3,4,1,sorry
19.342937707901,17,9,7,11,-8,-9,-1,-3,4,10,16,11,10,5,sorry
19.342937707901,20,16,5,5,1,-10,-1,-7,-8,-11,6,11,-4,0,sorry
19.342937707901,12,13,4,1,3,-12,-3,-6,-11,-18,9,19,50,-1,sorry
19.35704493522644,12,19,17,19,13,0,-1,-1,-4,-9,34,24,102,2,sorry
19.371873378753666,1,12,9,30,11,7,-5,-3,-19,-8,25,5,37,4,sorry
19.371873378753666,-10,-4,-3,19,-2,7,-5,0,-33,-4,-5,-13,-33,0,sorry
19.388941287994385,-8,-8,-10,8,0,11,6,2,-11,10,-12,-11,-17,4,sorry
19.388941287994385,-2,-8,-7,1,3,11,13,3,21,22,-3,-1,2,17,sorry
19.388941287994385,2,-8,-2,-4,-4,0,6,6,26,21,0,6,-3,18,sorry
19.404038190841675,2,-3,-8,-12,-6,-17,-9,0,10,4,3,11,-3,3,sorry
19.404038190841675,0,0,1,-23,-1,-18,-25,-7,0,-12,5,10,-3,-11,sorry
19.418679237365723,0,0,-4,-27,1,-2,-19,-4,-1,-11,0,0,-12,-15,sorry
19.4346387386322,-1,0,-8,-18,3,10,2,3,-7,-6,-17,-10,-23,-12,sorry
19.4346387386322,-3,0,6,3,7,20,23,6,-6,1,-23,-11,-22,-6,sorry
19.450679540634155,-1,-6,1,14,5,19,28,2,7,17,-13,-9,-3,8,sorry
19.450679540634155,-5,-10,-4,1,-6,7,21,2,17,23,-9,-10,3,17,sorry
19.46731925010681,-1,-6,-5,-4,-14,0,20,3,23,20,-8,-5,5,14,sorry
19.46731925010681,11,-6,-1,-2,-8,-1,6,0,23,8,-8,0,4,5,sorry
19.48186469078064,4,-7,1,-11,-8,-10,-25,-3,2,-18,-8,-1,-5,-4,sorry
19.48186469078064,-5,-3,-12,-20,-16,-22,-34,-3,-12,-26,10,4,-6,-8,sorry
19.497905254364014,8,7,2,-13,-6,-22,-18,0,-11,-10,29,18,0,-5,sorry
19.497905254364014,16,15,15,0,12,-8,-7,2,-14,-11,21,15,-4,-7,sorry
19.51304316520691,0,9,7,10,12,0,-8,-2,-18,-26,5,0,-11,-13,sorry
19.51304316520691,-15,3,8,11,4,0,-10,0,-14,-22,-2,-5,-11,-13,sorry
19.52854347229004,-15,1,-1,12,4,1,0,3,-13,-2,-1,-7,-6,-8,sorry
19.52854347229004,-15,1,-1,10,5,11,15,2,-12,3,-4,-20,0,-5,sorry
19.543986320495605,-16,-3,-2,6,6,25,22,0,1,8,-17,-26,4,-4,sil
19.543986320495605,-13,-11,-8,2,9,21,24,0,18,23,-16,-16,5,-1,sil
19.55905771255493,-8,-8,0,-2,3,7,24,3,14,25,0,-5,7,0,sil
19.55905771255493,-5,-4,-8,-8,-8,-5,6,-4,5,14,1,1,11,7,sil
19.575013875961304,11,0,0,-6,-12,-12,-12,-5,10,12,3,21,19,18,sil
19.575013875961304,31,13,15,1,0,-10,-11,3,16,12,20,38,28,22,sil
19.59105896949768,26,13,5,-1,5,-15,-13,-3,2,-5,24,26,20,9,sil
19.59105896949768,12,5,3,-5,-1,-18,-24,-8,-17,-19,17,16,0,-1,sil
19.606634378433228,13,14,6,13,3,-2,-12,2,-15,-11,20,12,-6,3,sil
19.606634378433228,8,21,11,34,17,16,6,1,-12,-13,5,-2,-7,0,sil
19.62154722213745,-7,0,0,20,6,18,10,-5,-16,-20,-28,-25,-19,-14,sil
19.62154722213745,-13,-22,-18,-5,-11,10,14,1,2,-1,-37,-27,-21,-9,sil
19.636707544326782,-8,-16,-6,-17,-10,7,12,8,24,18,-20,-11,-8,6,sil
19.636707544326782,-8,-14,-10,-19,-8,0,2,-1,15,13,-19,-9,-1,5,sil
19.65282917022705,-9,-16,-13,-20,-8,-6,0,-4,7,4,-23,-11,-1,-4,sil
19.65282917022705,-2,-5,3,-16,-1,-6,1,6,19,3,-1,6,10,-3,sil
19.66801357269287,7,0,2,-5,-1,-13,-11,2,14,-1,18,21,20,1,sil
19.66801357269287,15,3,3,1,-6,-15,-28,-5,-11,-13,18,15,9,3,sil
19.68363571166992,11,7,4,1,0,-3,-19,0,-18,-12,20,7,-4,0,sil
19.68363571166992,1,9,5,-1,9,0,-2,4,-19,-12,15,3,-11,-9,sil
19.699754238128666,0,15,8,5,9,-1,0,3,-27,-13,1,0,-14,-14,sil
19.699754238128666,-1,12,2,25,7,5,7,1,-12,0,4,-1,-9,-4,sil
19.714905261993408,-7,0,3,31,7,18,24,1,8,16,9,-4,-6,4,sil
19.714905261993408,-15,-10,-5,19,7,20,25,-1,9,22,0,-8,-3,8,sil
19.730949878692627,-11,-8,-5,5,7,12,14,-1,6,24,-8,-6,1,14,sil
19.730949878692627,0,-4,2,-3,-1,3,10,5,20,22,-12,-4,5,22,sil
19.7462637424469,3,-6,-7,-15,-14,-10,2,2,29,13,-7,-1,7,19,sil
19.7462637424469,-9,-12,-7,-38,-22,-19,-15,-7,13,-2,4,1,10,0,sil
19.76213002204895,-14,-12,-16,-45,-22,-18,-25,-11,-12,-20,5,-4,7,-19,sil
19.76213002204895,2,6,-10,-16,-9,-15,-20,-8,-23,-24,4,0,3,-15,sil
19.7775948047638,18,27,25,7,7,-9,-12,-2,-17,-16,15,21,4,-3,sil
19.7775948047638,6,21,17,10,9,-3,-10,1,-16,-17,11,7,-5,-5,sil
19.79272770881653,-5,7,1,16,8,2,-9,4,-21,-23,-10,-16,-20,-17,sil
19.79272770881653,-1,5,1,22,16,22,9,2,-8,-2,-15,-13,-12,-12,sil
19.808061361312863,1,-3,1,14,15,30,30,4,10,17,-10,-9,2,5,sil
19.824604034423828,-3,-16,-2,1,3,13,29,9,17,13,-24,-16,0,8,sil
19.824604034423828,-7,-17,-14,-7,-3,0,19,4,23,10,-31,-13,-3,1,sil
19.824604034423828,0,-9,-4,-11,-8,0,10,0,32,15,-12,2,6,8,sil
19.838993310928345,12,-2,5,-3,-10,-3,0,0,19,7,6,19,11,10,sil
19.838993310928345,13,0,1,0,-2,-17,-14,-5,-10,-11,9,17,1,-2,sil
19.85415482521057,2,8,5,0,4,-14,-27,-6,-20,-18,12,6,0,-5,sil
19.85415482521057,5,13,2,10,4,-2,-18,-1,-9,-6,28,8,9,4,sil
19.86981201171875,11,12,7,12,4,-1,-9,0,-13,-3,27,17,4,1,sil
19.86981201171875,-8,3,0,1,2,-1,-16,0,-28,-11,4,3,-9,-13,sil
19.88581156730652,-23,-5,-10,9,1,8,-6,0,-21,0,-8,-16,-9,-11,sil
19.88581156730652,-7,-7,6,15,2,18,20,5,5,25,-4,-10,-1,6,sil
19.900904417037964,5,-8,2,-3,-1,0,21,2,22,23,-4,1,1,12,sil
19.90190815925598,8,-6,-4,-24,-10,-21,-1,-7,15,3,-5,8,8,3,sil
19.916407108306885,16,3,4,-11,-9,-12,-4,-5,12,3,13,22,19,4,sil
19.916407108306885,13,7,1,4,-6,-1,-2,3,6,1,30,20,14,10,sil
19.93262529373169,0,5,1,-3,-4,-2,-10,2,-14,-15,10,-4,-7,-1,sil
19.948650121688843,-6,0,-5,-6,7,7,0,-1,-10,-9,-15,-20,-21,-12,sil
19.948650121688843,-10,-4,-2,12,16,20,17,1,18,7,-18,-17,-18,-3,sil
19.948650121688843,-14,-3,6,24,10,20,21,9,23,7,-14,-16,-9,4,sil
19.963569402694706,-16,-8,-8,0,0,5,17,2,11,6,-19,-20,-6,3,sil
19.981105089187626,-16,-15,-14,-28,-7,-5,5,-4,7,6,-20,-16,-5,0,sil
19.981105089187626,-4,-11,-9,-22,-6,-7,-7,-4,5,-1,-7,-5,0,0,sil
19.981105089187626,12,0,3,-8,-2,-9,-11,-2,-3,-11,6,7,14,7,sil
19.99577713012696,14,8,6,-10,-5,-14,-12,-2,-16,-14,16,22,22,5,sil
19.99577713012696,8,8,-4,-7,-8,-18,-18,0,-22,-14,18,23,15,0,sil
20.011780977249146,11,14,12,4,0,-11,-21,2,-21,-17,12,14,-2,-2,sil
20.026968002319336,10,17,15,21,14,4,-8,-1,-15,-10,10,5,-6,-4,sil
20.026968002319336,-3,6,1,30,13,11,5,-2,-12,3,2,-3,-6,-10,sil
20.04164147377014,-18,-5,-3,14,1,13,7,4,-11,5,-13,-15,-14,-13,sil
20.04209041595459,-12,-9,-9,0,0,15,11,5,-2,8,-14,-18,-3,-4,sil
20.05685329437256,0,-9,0,0,-2,13,21,2,12,18,-3,-9,11,4,sil
20.05685329437256,-4,-8,-4,-3,-11,10,16,0,20,16,-6,-5,0,4,sil
20.07270121574402,-1,-5,-9,-12,-12,1,0,-1,23,6,-5,-2,-3,3,sil
20.07270121574402,11,0,7,-18,-7,-15,-6,-2,25,5,4,6,10,4,sil
20.087782621383667,13,3,4,-12,-3,-20,-6,-5,15,5,9,13,14,2,sil
20.087782621383667,9,8,6,-1,8,-9,-14,-2,-2,-5,11,17,3,0,sil
20.109490156173703,7,10,5,0,11,-12,-14,1,-8,-15,10,14,-5,-3,sil
20.109490156173703,0,9,-2,-3,1,-15,-3,0,-7,-13,2,3,-9,-7,sil
20.109490156173703,0,10,6,7,6,3,-1,2,-13,-10,-2,-6,-6,-7,sil
20.118672370910645,0,3,5,28,17,12,0,1,-18,-8,-3,-11,-7,0,sil
20.133809089660645,-8,-3,4,26,9,14,5,0,-19,-7,-5,-8,-13,0,sil
20.133809089660645,-13,-11,-2,10,3,21,13,2,-15,-3,-10,-11,-12,-4,sil
20.14902210235596,-10,-23,-11,1,5,10,12,0,-1,8,-15,-20,-5,1,sil
20.14902210235596,-4,-16,0,-4,-7,-1,5,0,13,15,-5,-5,3,10,sil
20.16484951972961,0,-6,-6,-14,-20,2,4,0,22,10,10,12,13,11,sil
20.16484951972961,1,-8,-11,-20,-14,1,4,0,23,6,9,7,14,10,sil
20.18081998825073,6,0,-6,-13,-8,-7,0,2,20,8,5,8,16,6,sil
20.18081998825073,15,11,-5,-9,-7,-19,-12,4,5,-1,11,21,18,1,sil
20.19694924354553,13,14,10,-8,0,-21,-21,0,-10,-10,17,22,7,2,sil
20.19694924354553,5,27,11,10,10,-11,-9,-1,-11,-4,23,17,0,3,sil
20.213053941726685,2,30,12,24,11,0,6,-2,-15,-5,8,6,-6,-3,sil
20.213053941726685,-3,3,5,16,3,7,3,-3,-27,-16,-28,-15,-24,-10,sil
20.228582620620728,-14,-17,-14,7,0,9,3,0,-20,-3,-40,-30,-25,-9,sil
20.228582620620728,-24,-14,-7,2,0,12,20,3,0,17,-24,-26,-13,-8,sil
20.24400734901428,-17,-18,-5,-3,-6,10,18,-1,16,17,-18,-21,-4,-1,sil
20.24400734901428,2,-23,-6,-16,-13,0,-2,-6,27,12,-9,-4,12,6,sil
20.25943303108216,7,-10,1,-25,-6,-4,-6,0,35,19,11,12,28,12,sil
20.25943303108216,0,2,-1,-18,5,-6,-4,0,27,16,22,12,22,11,sil
20.275039434432983,5,6,3,-7,1,-14,-19,0,6,-5,23,12,7,-3,sil
20.275039434432983,11,6,0,-4,0,-10,-19,0,-9,-24,22,18,-1,-16,sil
20.29121470451355,12,11,5,2,11,5,-3,-5,-24,-25,13,14,-9,-7,sil
20.29121470451355,14,19,19,15,19,11,1,0,-34,-17,9,1,-11,0,sil
20.30682492256165,6,13,7,21,9,6,1,5,-26,-7,9,-3,-6,-3,sil
20.30682492256165,-3,0,2,19,0,11,14,4,-10,0,-7,-7,-4,0,sil
20.32199001312256,-9,-4,-7,12,2,13,22,3,-3,7,-20,-15,-8,2,sil
20.32199001312256,-12,-7,-14,1,0,11,14,4,0,4,-18,-22,-11,2,sil
20.337984800338745,-11,-10,-7,-1,-5,14,9,1,10,2,-22,-18,-5,5,sil
20.337984800338745,-8,-13,-9,-3,-4,2,8,-1,18,6,-23,-14,0,3,sil
20.35262703895569,-5,-10,-3,-11,-2,-15,-6,0,19,0,-10,-4,3,0,sil
20.35262703895569,5,0,0,-16,-5,-13,-14,0,16,-1,8,15,10,3,sil
20.368646144866943,13,9,4,-14,-7,-13,-13,-4,0,-2,20,30,13,0,sil
20.368646144866943,3,8,15,-9,-11,-25,-27,-6,-22,-20,18,22,0,-15,sil
20.384033203125,-2,6,5,2,-12,-18,-24,-1,-22,-21,9,3,-8,-15,sil
20.384033203125,7,12,7,14,4,0,0,4,0,0,13,3,1,0,sil
20.39953994750977,14,12,5,15,14,8,4,1,3,7,17,5,5,4,sil
20.39953994750977,0,2,-4,12,1,3,-6,-3,-4,1,6,-6,-2,-1,sil
20.41494369506836,-12,-5,-1,12,0,3,3,0,-4,7,-6,-9,0,3,sil
20.41494369506836,-10,-11,-5,6,8,8,20,2,2,24,-9,-9,7,12,sil
20.430863618850708,-3,-15,-1,-5,1,10,14,1,7,31,-11,-12,0,5,sil
20.430863618850708,-3,-16,0,-6,-9,1,0,0,10,17,-14,-2,-5,2,sil
20.44597029685974,0,-17,-8,-7,-10,-7,-2,-6,12,-2,-12,7,0,8,sil
20.44597029685974,2,-12,-4,-22,-9,0,10,0,18,-1,-8,5,3,5,sil
20.461580991744995,0,-3,-10,-24,-5,0,10,5,26,3,-1,1,6,4,sil
20.461580991744995,0,3,1,-10,-1,-12,-7,0,9,-11,0,3,9,0,sil
20.47797441482544,1,10,5,-3,0,-13,-12,-4,-22,-27,1,3,-1,-15,sil
20.47797441482544,0,15,-6,-1,8,-1,-3,0,-34,-23,9,3,-13,-14,sil
20.49293684959412,4,22,13,19,22,7,1,5,-20,-10,21,12,-5,0,sil
20.49293684959412,6,22,18,40,20,14,4,4,-6,1,10,3,-1,0,sil
20.507979154586792,-1,8,2,32,10,21,4,-2,-11,3,-17,-15,-16,-6,sil
20.507979154586792,-4,-3,-4,16,5,20,10,1,-9,2,-25,-16,-18,-5,sil
20.52359294891357,0,0,-7,10,2,11,24,5,13,12,-4,-5,1,0,sil
20.52459287643433,-3,0,-6,-7,-2,2,15,-1,23,15,7,0,16,11,sil
20.53962635993957,1,-14,-13,-29,-11,-7,0,-5,14,6,6,2,20,17,sil
20.53962635993957,17,-12,-1,-27,-11,-19,0,0,15,2,6,8,21,8,sil
20.553783178329468,12,-1,8,-15,-8,-19,-16,0,5,-2,14,10,14,-3,sil
20.56892681121826,-6,-3,-8,-22,-11,-12,-36,-6,-20,-17,17,4,-1,-12,sil
20.56892681121826,-6,0,0,-28,-5,-4,-26,0,-27,-16,12,0,-6,-15,sil
20.586955785751343,5,12,14,1,10,2,-3,2,-5,4,5,0,0,-6,sil
20.586955785751343,5,12,16,36,12,11,4,-1,0,11,0,1,-2,0,sil
20.586955785751343,-5,2,6,27,2,15,6,0,-14,0,-4,-7,-13,-2,sil
20.60099172592163,-20,-14,-12,1,-4,9,3,0,-17,-8,-12,-23,-18,-6,sil
20.61663722991944,-23,-24,-3,-6,-9,1,3,0,0,-8,-28,-22,-21,-4,sil
20.61663722991944,-6,-10,-1,0,-10,-3,13,3,19,7,-29,-7,-9,4,sil
20.631691694259644,4,-2,-2,0,-7,-13,9,1,27,16,-13,-1,5,10,sil
20.631691694259644,-6,-13,-1,-10,-11,-15,-1,0,24,2,-10,-6,2,5,sil
20.647048950195312,-9,-14,-14,-14,-9,-5,-1,1,22,-2,-9,-2,1,5,sil
20.647048950195312,13,6,0,-4,-1,0,-1,3,17,5,6,15,8,14,sil
20.66313028335572,27,18,8,6,5,-3,-11,-3,3,1,16,22,8,13,sil
20.66313028335572,14,10,-5,1,8,-10,-22,-8,-12,-12,9,17,0,0,sil
20.67888236045837,1,3,-1,-10,7,-8,-23,2,-20,-14,11,21,1,-11,sil
20.67888236045837,5,8,2,1,10,0,-1,4,-6,-2,31,25,11,-11,sil
20.69401240348816,14,18,13,19,18,7,11,-2,0,2,29,20,12,-5,sil
20.69401240348816,8,16,7,10,13,8,0,0,-12,0,3,6,1,-5,sil
20.709985733032227,-5,2,-4,0,-1,0,-2,2,-16,-2,-3,-4,-2,-4,sil
20.709985733032227,-6,5,8,8,1,-1,9,2,-8,1,6,-6,0,1,sil
20.72515892982483,0,10,5,23,16,8,19,0,-9,4,4,-7,0,4,sil
20.72515892982483,-4,3,0,26,11,17,23,0,-14,0,-1,-13,-4,1,sil
20.74108457565308,-18,-6,-4,12,0,18,21,1,-10,1,-8,-23,-7,0,sil
20.74108457565308,-25,-16,-18,-4,-6,11,15,-2,-3,7,-23,-32,-12,-4,sil
20.75665855407715,-21,-22,-11,-7,-10,8,10,0,6,10,-30,-26,-11,-11,sil
20.75665855407715,-9,-16,-8,-2,-11,6,5,3,18,9,-17,-14,-1,-4,sil
20.771917581558228,7,0,0,-4,-7,3,3,4,20,10,-4,0,9,16,sil
20.771917581558228,10,-1,3,-6,-7,0,9,0,20,16,0,9,18,25,sil
20.787199020385746,-2,-14,-2,-15,-16,-10,-1,-5,11,4,-7,3,11,13,sil
20.787199020385746,-1,-11,0,-25,-21,-17,-25,-3,-4,-17,-8,0,-4,0,sil
20.802610635757446,17,0,1,-20,-7,-15,-21,-3,0,-12,7,11,-2,0,sil
20.802610635757446,18,0,6,-17,0,-13,-14,-5,8,-2,15,17,6,0,sil
20.818685293197632,0,0,4,-19,-5,-11,-25,0,0,-17,6,7,0,-6,sil
20.818685293197632,-1,0,-7,-18,1,-12,-22,2,-1,-19,4,4,-11,-13,sil
20.83385181427002,7,3,2,-14,11,-8,-7,2,1,-3,8,10,-4,-14,sil
20.83385181427002,5,11,2,-2,5,0,-2,5,-3,-3,10,12,10,-7,sil
20.84962725639344,4,15,5,8,3,0,-2,3,-9,-10,13,11,10,0,sil
20.84962725639344,12,14,13,9,9,0,-3,0,-6,-3,13,9,0,0,sil
20.86485528945923,13,12,6,15,4,0,-6,0,-7,-1,5,4,-3,-2,sil
20.86485528945923,11,17,14,26,7,1,-4,2,-6,-2,7,4,-1,2,sil
20.88094425201416,9,15,4,32,22,8,3,0,0,12,17,5,-3,8,sil
20.88094425201416,-8,-1,-6,29,15,10,5,0,-2,15,3,-8,-10,0,sil
20.89584922790528,-26,-13,-5,12,-7,8,4,0,-8,0,-20,-26,-13,-14,sorry
20.89584922790528,-24,-12,-10,0,-7,7,10,-4,-3,-2,-23,-27,-7,-14,sorry
20.91207385063172,-18,-2,-5,8,6,13,19,0,0,10,-18,-17,-5,0,sorry
20.91207385063172,-13,0,-8,21,11,15,22,4,4,14,-15,-13,-7,9,sorry
20.927685737609863,-5,-9,-12,11,4,12,20,-2,9,11,-7,-8,1,9,sorry
20.927685737609863,-6,-15,-3,-9,-8,7,15,-6,1,6,-4,-3,10,7,sorry
20.94274044036865,-12,-11,-10,-16,-12,-2,11,-2,-1,7,-11,-5,6,3,sorry
20.94274044036865,0,-3,-2,-12,-3,-1,10,2,11,12,-8,0,8,3,sorry
20.958787202835083,10,0,2,-11,0,2,13,2,12,9,-4,5,17,10,sorry
20.958787202835083,1,-6,1,-17,-6,-2,5,0,0,-3,-13,0,7,9,sorry
20.9746778011322,0,-4,14,-15,-9,-3,1,1,4,-5,-4,4,0,0,sorry
20.9746778011322,15,4,7,-2,-7,0,4,0,17,3,24,23,10,2,sorry
20.9907488822937,17,5,0,-5,-9,-11,-9,-1,5,-1,21,20,6,7,sorry
20.9907488822937,2,-5,-9,-21,-13,-24,-34,0,-7,-14,1,3,-7,-2,sorry
21.006016731262207,1,-2,-8,-17,-7,-23,-35,0,-4,-15,9,1,-1,-10,sorry
21.006016731262207,9,6,7,-9,-2,-14,-21,0,-7,-17,16,7,1,-8,sorry
21.021766901016235,7,2,-1,-10,-7,-15,-14,-2,-16,-19,5,3,-10,-12,sorry
21.021766901016235,3,4,2,-2,0,-14,-19,0,-13,-13,8,8,-15,-16,sorry
21.037872552871704,1,9,4,9,11,0,-18,0,-14,-13,11,7,-12,-11,sorry
21.037872552871704,-3,2,-6,2,0,3,-13,-2,-19,-16,0,-7,-10,-7,sorry
21.05354166030884,0,8,7,2,-5,0,-11,4,-7,-4,0,-3,0,-1,sorry
21.05354166030884,8,19,10,26,12,2,0,6,5,5,6,7,8,8,sorry
21.069121837615967,10,15,13,33,18,8,12,0,3,3,7,6,5,14,sorry
21.069121837615967,10,12,16,19,10,14,20,3,14,21,13,8,12,18,sorry
21.085055351257324,13,9,3,17,16,21,24,7,27,37,13,9,17,23,sorry
21.085055351257324,5,0,6,18,18,23,21,0,12,19,-7,0,0,16,sorry
21.10009407997132,-6,0,4,13,10,15,14,-5,0,8,-14,-4,-4,3,sorry
21.10009407997132,-6,0,-1,9,7,9,12,0,0,13,-10,-2,5,2,sorry
21.1161584854126,-14,-16,-9,0,1,14,17,4,-3,7,-20,-22,-4,-5,sorry
21.1161584854126,-34,-27,-19,-15,-6,11,11,0,-6,-3,-30,-46,-16,-22,sorry
21.131930589675903,-33,-15,-9,-21,-4,0,0,-3,3,-10,-17,-30,-6,-19,sorry
21.131930589675903,-14,-10,-13,-15,-4,-6,4,0,15,-4,-5,-3,5,-3,sorry
21.147029161453247,-6,-22,-11,-18,-14,0,11,-1,14,9,-5,0,3,1,sorry
21.147029161453247,-9,-18,-4,-19,-12,7,12,-8,11,13,-5,-6,0,1,sorry
21.16208386421204,-5,-4,-12,-6,-4,0,10,-9,15,5,-7,-4,1,4,sorry
21.16208386421204,5,0,-5,-3,-5,-13,0,-3,3,-9,-12,3,-3,0,sorry
21.17807364463806,11,4,-5,-7,-4,-15,-17,0,-18,-24,1,13,-8,-7,sorry
21.17807364463806,10,8,-2,-1,-3,-15,-27,0,-27,-29,18,13,-1,-10,sorry
21.194138288497925,9,2,7,-5,-13,-27,-33,0,-31,-25,4,5,-4,-14,sorry
21.194138288497925,7,-2,-1,-24,-20,-31,-33,0,-32,-18,-5,6,-8,-12,sorry
21.21074366569519,10,7,7,-18,-8,-15,-25,4,-15,-11,15,16,4,1,sorry
21.21074366569519,9,11,7,3,2,-8,-14,4,0,-3,25,10,13,0,sorry
21.22483992576599,-3,2,1,4,0,-12,-10,1,-5,-4,6,0,-1,-11,sorry
21.22483992576599,-4,6,19,5,0,0,-1,5,-2,-1,3,7,-7,0,sorry
21.240864753723145,15,15,20,20,5,11,12,1,10,13,17,17,5,14,sorry
21.240864753723145,22,15,13,27,12,12,14,0,10,16,14,9,8,9,sorry
21.25707745552063,10,14,5,32,24,24,13,8,3,8,1,0,0,10,sorry
21.25707745552063,1,8,0,31,17,29,21,5,8,13,-3,-3,-1,18,sorry
21.27284383773804,0,2,3,17,3,21,27,-1,20,30,1,-2,7,18,sorry
21.27284383773804,-4,-3,0,8,12,16,23,0,26,36,4,-3,14,14,sorry
21.28828001022339,-14,-10,-4,7,5,11,7,0,17,20,-10,-9,1,6,sorry
21.28828001022339,-20,-15,-14,-6,-16,4,-3,-5,7,2,-28,-17,-13,-1,sorry
21.30404901504517,-21,-18,-21,-27,-13,-3,-1,-8,7,3,-20,-17,-8,-1,sorry
21.30404901504517,-16,-15,-9,-33,-4,-10,0,0,5,3,0,-4,5,-3,sorry
21.31767702102661,4,-4,0,-13,-6,-13,-7,3,0,-3,15,13,12,-1,sorry
21.33280873298645,25,7,13,-1,0,-12,-11,0,-5,-15,11,17,5,2,sorry
21.33280873298645,16,10,0,-14,0,-14,-9,-2,-10,-22,0,8,-6,-5,sorry
21.34884214401245,16,12,-5,-13,-2,-14,-4,0,-5,-22,7,12,-2,-7,sorry
21.34884214401245,30,19,18,8,3,-2,-2,-1,0,-16,24,23,7,3,sorry
21.36408424377441,15,15,10,19,16,1,-4,0,-6,-9,17,10,4,-2,sorry
21.36408424377441,-3,5,0,14,19,2,0,5,-10,-11,0,-6,-3,-10,sorry
21.37961339950561,-7,-7,-4,10,12,13,10,0,-1,-8,-8,-11,-7,-4,sorry
21.37961339950561,-20,-21,-12,1,0,11,10,-7,-8,-1,-22,-25,-16,-8,sorry
21.39500141143799,-31,-18,-3,-7,-4,4,3,1,-20,-1,-32,-35,-19,-20,sorry
21.39500141143799,-26,-14,-12,-7,-5,2,2,3,-8,0,-27,-30,-11,-12,sorry
21.411218881607056,-20,-19,-16,-13,-11,0,3,0,-3,9,-22,-20,-6,0,sorry
21.411218881607056,-17,-15,-7,-13,-15,0,7,1,-9,10,-21,-20,-4,-2,sorry
21.426697731018063,-13,-10,-7,-6,-17,0,4,-2,0,6,-14,-16,1,-3,sorry
21.426697731018063,-7,-11,2,-14,-22,-7,-8,-4,6,2,-5,0,7,0,sorry
21.44288730621338,1,-5,-5,-23,-16,-11,-13,-1,0,0,0,10,9,4,sorry
21.44288730621338,14,6,0,-11,-1,-13,-12,-3,0,-4,13,18,13,12,sorry
21.458955764770508,22,13,18,2,0,-17,-24,0,8,1,27,36,19,12,sil
21.458955764770508,21,18,9,8,0,-16,-32,0,3,5,29,41,15,1,sil
21.475016117095947,18,24,11,10,8,-5,-18,-1,-2,0,24,27,3,-3,sil
21.475016117095947,16,20,11,12,8,4,3,1,3,0,23,19,0,0,sil
21.4910786151886,9,14,9,15,4,6,9,4,2,0,21,17,-3,3,sil
21.4910786151886,1,12,10,24,17,11,11,5,-2,-1,12,6,-9,1,sil
21.50700616836548,0,4,0,29,17,15,20,4,6,5,1,-11,-8,0,sil
21.50700616836548,-1,2,4,29,4,19,24,2,11,10,-8,-17,-5,6,sil
21.521876335144043,-3,2,1,27,7,23,23,0,3,7,-9,-16,-4,6,sil
21.521876335144043,-8,-7,-9,9,6,17,22,0,8,8,-8,-23,-3,3,sil
21.537985801696777,-7,-9,-5,-9,-2,10,17,5,19,15,-7,-19,6,8,sil
21.537985801696777,10,2,-4,-2,9,6,14,4,26,22,5,0,25,22,sil
21.553956747055054,16,0,3,0,14,2,14,2,25,17,5,11,23,24,sil
21.553956747055054,-3,-15,-9,-24,-5,-8,2,0,8,-4,-21,-2,-1,4,sil
21.572020769119263,-17,-18,-21,-38,-14,-25,-21,-5,-16,-24,-28,-11,-14,-17,sil
21.572020769119263,-9,-12,-6,-34,-14,-29,-33,-10,-26,-28,-3,0,-8,-20,sil
21.572020769119263,-1,-10,-4,-33,-14,-21,-28,-11,-21,-23,7,7,-1,-16,sil
21.58795952796936,0,2,1,-18,0,-13,-27,-5,-23,-22,3,9,-1,-17,sil
21.58795952796936,1,17,3,8,8,-9,-21,0,-23,-18,4,5,-14,-16,sil
21.60107946395874,-2,4,3,10,-1,-1,-1,0,-17,-14,-5,-8,-25,-10,sil
21.616585969924927,-5,-3,15,6,0,15,12,1,-12,-4,-16,-15,-13,-3,sil
21.616585969924927,0,0,4,17,4,19,15,1,2,18,-4,-5,2,7,sil
21.63199257850647,-1,-12,-2,6,-10,1,10,2,20,31,0,-2,3,12,sil
21.63199257850647,-1,-20,-5,-13,-21,-6,0,3,17,15,-11,-6,2,3,sil
21.647552013397217,2,-1,-5,-8,-11,-6,-11,-2,0,-8,-3,1,6,-1,sil
21.647552013397217,4,12,7,-5,-5,-8,-13,-1,-6,-13,11,16,6,-5,sil
21.663103580474854,1,4,0,-7,-5,-12,-14,0,-11,-8,16,14,11,-8,sil
21.663103580474854,-1,7,-1,8,5,-3,-11,-2,-20,-11,11,1,5,-7,sil
21.67861795425415,-4,15,5,27,21,25,6,-2,-18,-7,0,-3,-13,-9,sil
21.67861795425415,0,2,-2,24,17,40,28,0,-2,6,-9,-4,-13,0,sil
21.693760633468628,1,-9,0,12,0,25,30,3,17,22,-2,0,5,18,sil
21.693760633468628,-1,-2,-5,6,-1,3,16,6,32,32,10,1,15,22,sil
21.70903587341309,2,7,0,-3,3,-9,-4,6,22,19,16,6,12,11,sil
21.70903587341309,7,7,4,-13,-3,-20,-20,3,-2,-10,14,7,6,1,sil
21.724576711654663,4,8,-1,0,0,-18,-8,-3,-8,-10,4,1,0,-1,sil
21.724576711654663,0,12,12,21,20,4,12,0,0,11,-3,-3,0,1,sil
21.740113258361816,-6,-1,2,13,13,11,19,6,0,13,-7,-9,0,4,sil
21.740113258361816,-9,-20,-7,-8,-13,-2,15,1,9,1,-14,-9,1,7,sil
21.754903554916385,0,-18,-5,-17,-15,-5,3,-3,26,5,-16,-1,4,7,sil
21.754903554916385,4,-8,-10,-16,1,-5,-10,-2,18,0,-4,4,0,0,sil
21.770938873291016,4,5,3,-8,4,-12,-13,1,-5,-18,14,13,-1,-5,sil
21.770938873291016,10,20,6,4,0,-9,-7,0,-7,-19,22,15,4,-2,sil
21.78657388687133,3,11,2,7,4,0,-8,-1,-3,-5,3,-5,-4,-8,sil
21.78657388687133,-12,-3,0,3,13,16,4,0,0,3,-10,-23,-16,-15,sil
21.80188775062561,-6,-7,-5,4,2,22,24,0,21,13,-2,-9,-2,0,sil
21.80188775062561,9,-5,0,-2,-11,7,11,1,33,9,0,5,6,13,sil
21.81745743751526,9,-7,-2,-17,-15,-15,-16,0,3,-10,-6,0,0,1,sil
21.81745743751526,5,-7,-9,-25,-15,-25,-25,-9,-27,-21,-1,-2,-2,-13,sil
21.832628965377808,5,4,2,-22,-11,-14,-20,-7,-38,-23,4,9,-2,-17,sil
21.832628965377808,-3,13,3,-5,0,-3,-18,-1,-48,-29,0,5,-7,-14,sil
21.848791360855103,-12,8,7,9,6,6,-10,-3,-51,-25,-8,-10,-16,-12,sil
21.848791360855103,-10,0,1,14,7,17,8,0,-25,-3,-12,-11,-10,-8,sil
21.86296248435974,-2,-1,0,19,9,18,21,6,7,15,-1,2,8,10,sil
21.87934827804565,0,0,11,27,10,16,22,4,23,26,2,8,16,26,sil
21.87934827804565,-2,-7,1,16,3,12,21,0,31,33,-7,0,5,18,sil
21.89457583427429,-5,-20,-5,-15,-6,-2,10,0,27,24,-15,-4,0,4,sil
21.89509630203247,-14,-26,-16,-30,-18,-18,-13,-2,5,3,-7,-7,2,4,sil
21.89509630203247,-15,-18,-20,-23,-22,-24,-30,-6,-13,-8,0,-3,0,1,sil
21.90928363800049,0,6,5,-11,-9,-19,-25,0,-14,-8,3,8,-4,-6,sil
21.924432516098022,20,26,12,3,9,-10,-13,0,-2,-4,15,15,3,-2,sil
21.924432516098022,26,28,13,13,10,-3,-9,1,3,-7,31,19,9,3,sil
21.94002175331116,19,20,9,16,3,-1,-3,6,4,-5,33,16,3,1,sil
21.94002175331116,7,12,8,26,13,9,8,3,8,2,17,0,-5,0,sil
21.955034494400024,-2,5,11,30,20,26,15,0,7,7,-5,-10,-17,-4,sil
21.955034494400024,-9,-4,-9,17,5,17,14,-1,3,9,-20,-14,-19,-7,sil
21.970168113708496,-8,-12,-12,1,-1,2,14,1,4,8,-18,-14,-5,-3,sil
21.970168113708496,-1,-11,-1,0,4,11,27,6,15,9,-7,-4,16,2,sil
21.985559463500977,2,-8,-6,0,-1,13,36,0,32,21,-7,3,24,12,sil
21.985559463500977,2,-3,-1,-11,-10,0,17,0,38,20,-8,3,19,14,sil
22.00112986564636,-2,-6,-5,-23,0,-13,-7,4,18,0,2,0,15,0,sil
22.00112986564636,-9,-9,-6,-28,-5,-23,-18,-4,-12,-18,11,-1,6,-13,sil
22.01664614677429,-6,0,-1,-24,-11,-16,-12,-7,-21,-26,9,0,0,-11,sil
22.01664614677429,1,14,-4,-12,4,0,-1,0,-19,-23,7,3,-1,-3,sil
22.032761573791504,1,22,6,2,11,3,-5,-1,-29,-19,4,0,-10,-3,sil
22.032761573791504,1,12,4,14,1,0,-14,-8,-33,-15,0,-3,-19,-8,sil
22.04883575439453,0,0,3,14,6,2,-8,0,-20,-9,-6,-3,-17,-7,sil
22.04883575439453,-6,0,4,9,7,10,4,6,-10,1,-14,-7,-14,-1,sil
22.06432318687439,-8,-10,-5,4,-2,10,5,-3,-9,5,-23,-17,-15,4,sil
22.06432318687439,-4,-25,-2,-5,-7,10,1,-3,2,6,-25,-16,-9,4,sil
22.080846548080444,-7,-23,-6,-12,-7,2,2,1,24,13,-15,-6,5,5,sil
22.080846548080444,-2,-13,-4,-16,-11,-10,0,-2,27,22,0,2,19,12,sil
22.096340894699097,12,-3,5,-20,-12,-12,-7,0,15,17,12,11,20,13,sil
22.096340894699097,14,3,-2,-14,-9,-17,-18,0,6,0,18,14,9,4,sil
22.11754822731018,10,13,2,-1,-6,-20,-26,0,-3,-11,14,15,0,-3,sil
22.11754822731018,10,16,3,2,0,-3,-22,-2,-10,-10,13,11,2,-12,sil
22.11754822731018,-3,6,0,0,5,0,-18,-1,-17,-16,13,1,-6,-22,sil
22.12663722038269,-15,3,8,5,6,-1,-15,2,-25,-23,0,-5,-21,-20,sil
22.14276671409607,-2,12,7,25,10,12,2,4,-16,-8,-9,-2,-10,-4,sil
22.14276671409607,5,15,14,34,12,27,20,4,-3,8,0,3,0,7,sil
22.158389568328857,0,5,7,32,12,20,26,0,-3,10,6,0,-1,10,sil
22.158389568328857,2,-6,-6,25,8,11,28,-1,-2,10,-2,-4,-3,10,sil
22.174262285232544,8,-8,2,18,2,9,27,1,15,21,-2,4,3,14,sil
22.174262285232544,9,0,3,12,-1,3,25,2,37,29,7,14,16,27,sil
22.189883708953857,8,-2,0,-3,-6,-1,16,2,33,18,0,8,18,29,sil
22.189883708953857,0,-15,-7,-17,-7,-6,7,6,22,7,-4,0,15,11,sil
22.204811573028564,3,-7,-4,-11,1,-16,4,2,21,0,15,11,19,1,sil
22.204811573028564,13,13,11,-5,0,-17,-2,0,8,-15,26,22,18,-2,sil
22.21996593475341,-1,9,0,-11,-14,-16,-13,-1,-4,-26,16,14,7,-13,sil
22.21996593475341,-15,0,-7,-18,-12,-20,-24,-1,-6,-23,10,4,-2,-23,sil
22.2357177734375,-12,0,-10,-16,-4,-16,-28,-4,-18,-26,5,-5,-13,-26,sil
22.2357177734375,-15,0,-10,1,-2,0,-22,-3,-31,-24,-12,-21,-19,-21,sil
22.25188970565796,-17,0,-2,7,6,16,-7,1,-18,-2,-27,-26,-15,-11,sil
22.25188970565796,-14,-10,-17,-7,11,16,2,0,-5,12,-27,-29,-15,-8,sil
22.26751589775085,-6,-10,-14,-12,3,11,10,-3,-12,7,-26,-32,-19,-10,sil
22.26751589775085,0,-4,0,-9,0,15,16,-1,-11,11,-25,-21,-12,3,sil
22.28299140930176,-5,-12,-11,-25,2,14,20,0,8,24,-19,-13,-7,10,sil
22.28299140930176,-17,-15,-10,-36,-3,8,16,1,21,21,-22,-18,-11,-2,sil
22.298585653305054,-10,-10,-9,-28,-8,-2,-1,-1,6,4,-27,-25,-13,-8,sil
22.298585653305054,3,-9,0,-22,-4,-15,-24,-7,-10,-7,-12,-11,-4,0,sil
22.314574003219604,17,9,11,-1,6,-15,-21,-6,-3,-5,16,20,13,8,sil
22.314574003219604,27,29,14,23,15,-7,-4,-1,0,0,33,37,22,14,sil
22.33120441436768,23,26,24,27,12,-1,-4,3,-7,-1,37,28,13,10,sil
22.33120441436768,15,20,20,36,9,0,-12,5,-4,-1,34,19,7,0,sil
22.34682941436768,15,18,23,49,8,4,-6,1,1,-3,27,22,6,2,sil
22.34682941436768,16,14,28,48,12,14,15,0,2,-3,21,25,3,18,sil
22.36212015151977,12,7,9,46,16,18,28,1,-1,-1,5,14,0,15,sil
22.36212015151977,-5,-8,-1,25,-1,6,13,0,-6,-2,-18,-5,-4,-2,sil
22.377166032791138,-25,-28,-15,-12,-29,-7,0,0,0,-1,-20,-15,-4,-4,sil
22.377166032791138,-17,-25,-12,-25,-27,-9,6,2,15,10,-6,-6,7,8,sil
22.392547607421875,-4,-9,-4,-15,-12,-2,12,7,20,17,-2,1,20,11,sil
22.392547607421875,-8,-11,-18,-24,-14,-3,1,0,9,7,0,6,20,9,sil
22.408624410629272,-3,-16,-10,-34,-16,-8,-9,-6,0,-8,0,7,8,4,sil
22.408624410629272,6,-5,-2,-22,-2,-5,-4,-2,6,-9,-1,1,1,-4,sil
22.424723625183105,6,5,-1,-15,0,-5,0,4,13,-2,5,5,0,-8,sil
22.424723625183105,0,8,4,-18,-13,-10,-13,1,1,-4,16,18,0,-12,sil
22.44070243835449,-3,5,-6,-9,-9,-14,-18,-6,-14,-9,10,6,-3,-17,sil
22.44070243835449,-4,8,-2,0,5,-5,-15,-4,-20,-16,0,-7,-15,-19,sil
22.4553964138031,0,13,-3,5,10,2,-12,1,-15,-19,-2,-4,-22,-14,sil
22.4553964138031,4,14,-3,16,13,3,-4,2,-8,-9,-2,-5,-14,-6,sil
22.47095823287964,7,13,16,24,21,5,5,2,-4,2,-1,-11,-2,-1,sil
22.47095823287964,0,3,7,21,18,9,10,-2,-5,5,-3,-13,-9,-5,sil
22.486933946609497,-9,-9,-3,8,9,15,9,-3,-12,-1,-21,-22,-24,-11,sil
22.486933946609497,-11,-13,-6,1,7,19,9,1,-13,-3,-30,-33,-25,-7,sil
22.50296211242676,-10,-15,-7,-1,3,14,12,0,-3,4,-18,-24,-9,5,sil
22.50296211242676,-7,-12,0,-4,0,12,21,0,2,13,-8,-9,6,15,sil
22.51875615119934,2,-1,-1,3,2,12,26,1,18,27,-5,-5,16,19,sil
22.51875615119934,9,6,5,8,4,2,20,4,38,37,1,0,19,21,sil
22.533886432647705,2,0,2,-8,-2,-7,7,8,34,20,7,11,18,18,sil
22.533886432647705,0,-10,-13,-20,-9,-16,-7,2,15,0,9,12,18,10,sil
22.54999613761902,9,-1,0,-15,-9,-20,-21,-6,12,0,11,15,16,2,sil
22.54999613761902,9,10,5,-7,-7,-14,-31,-11,7,1,16,19,12,0,sil
22.566066026687626,4,17,6,3,-3,-10,-30,-6,-8,-10,24,23,10,0,sil
22.566066026687626,10,19,5,8,6,-8,-9,-1,-12,-9,23,25,10,0,sil
22.582016468048096,8,7,-2,-1,7,-1,1,-2,-12,-8,11,9,1,-11,sil
22.582016468048096,-5,0,2,-3,-3,0,-14,-1,-26,-23,5,-6,-12,-20,sil
22.59767460823059,-6,6,4,12,0,-7,-21,3,-33,-23,7,-1,-18,-16,sil
22.59767460823059,-2,5,9,21,10,3,-2,2,-30,-10,-2,-1,-19,-11,sil
22.61280536651612,-19,-11,0,14,4,26,18,0,-23,-4,-27,-22,-22,-13,sil
22.61280536651612,-24,-20,-14,1,-10,21,26,0,-5,1,-38,-31,-16,-2,sil
22.628854036331177,-2,-13,3,-10,-10,3,21,1,18,15,-20,-7,0,18,sil
22.628854036331177,3,-9,2,-14,-6,-1,15,2,24,22,0,5,9,20,sil
22.64456915855408,-6,-14,-5,-16,-14,-3,4,0,13,11,-11,-4,0,4,sil
22.65960025787353,0,-11,-1,-16,-15,-2,-2,1,18,-2,-21,-6,-2,1,sil
22.65960025787353,10,-5,-3,-11,-5,-1,5,0,28,-4,-2,9,9,9,sil
22.65960025787353,6,0,0,-9,-4,-3,6,5,15,-1,12,19,10,1,sil
22.675588130950928,3,0,0,-6,-3,-7,-5,3,6,-2,13,14,4,-5,sil
22.675588130950928,16,9,8,1,6,-12,-8,-5,5,-6,22,14,12,4,sil
22.690634727478027,23,18,9,5,11,-11,-4,-2,0,1,34,18,22,8,sil
22.690634727478027,16,13,-7,-4,6,-8,-6,0,-4,8,30,16,14,4,sil
22.706785202026367,1,6,-1,-8,0,-6,-18,-4,-22,-18,7,4,-12,-1,sil
22.72167372703552,-14,8,-5,10,4,-1,-16,-6,-37,-38,-15,-15,-31,-20,sil
22.72167372703552,-9,5,-10,30,19,10,0,2,-15,-10,-11,-23,-20,-24,sil
22.738696336746216,6,6,10,27,22,19,5,8,6,16,10,-9,0,0,sil
22.738696336746216,-2,5,1,13,7,13,1,0,0,10,5,-13,0,3,sil
22.738696336746216,-17,-3,-3,12,0,8,0,-3,-3,6,-17,-20,-5,-5,sil
22.752111196517944,-7,-8,4,25,4,10,6,-1,5,13,-16,-7,0,0,sil
22.76726222038269,3,-2,7,21,4,12,10,0,5,8,-7,1,4,10,sil
22.76726222038269,0,-1,5,1,0,14,12,4,10,11,-5,-1,7,13,sil
22.78281211853028,-6,-8,-6,-10,-9,3,6,1,18,24,-1,-1,13,8,sil
22.78281211853028,-8,-8,-2,-13,-11,-9,-6,-3,10,10,-14,-3,1,-1,sil
22.798823595047,-2,-3,-2,-11,-1,-8,-2,-1,-1,-4,-24,-5,-6,-1,sil
22.798823595047,-1,-9,-9,-12,-7,-8,0,-2,-6,-5,-7,2,2,3,sil
22.81459188461304,0,-10,-2,-32,-21,-18,-12,-4,-11,-12,4,9,5,-2,sil
22.81459188461304,11,1,-2,-40,-14,-22,-20,-4,-10,-16,8,13,4,-4,sil
22.83196711540222,14,10,5,-21,0,-18,-14,0,-12,-13,14,19,1,-2,sil
22.83196711540222,5,12,4,-2,2,-5,-2,5,-10,-19,19,19,-5,-8,sil
22.83196711540222,10,20,2,10,7,0,9,8,4,-10,22,13,-1,0,sil
22.84675097465515,5,20,13,21,10,3,15,5,8,11,20,4,1,6,sorry
22.86210536956787,-16,0,-1,19,8,9,17,-1,-6,6,-3,-11,-11,0,sorry
22.86210536956787,-24,-17,-13,2,8,15,14,0,-11,-9,-31,-24,-22,-9,sorry
22.87762141227722,-18,-18,-11,-5,9,17,16,4,6,8,-23,-17,-4,-1,sorry
22.87762141227722,-8,-13,-9,-1,4,14,21,-2,27,31,2,-2,17,14,sorry
22.89357829093933,7,-5,7,-7,-8,1,7,-4,31,18,8,5,18,15,sorry
22.89357829093933,11,-2,2,-20,-19,-15,-14,0,26,0,2,2,11,4,sorry
22.90933632850647,12,2,1,-11,-8,-15,-21,2,15,0,11,3,13,0,sorry
22.90933632850647,12,11,7,0,3,-3,-18,5,0,-4,19,10,9,-6,sorry
22.9243381023407,2,9,2,0,0,-5,-19,0,-19,-19,10,6,-9,-15,sorry
22.9243381023407,0,5,11,14,-1,-3,-15,-6,-35,-22,0,0,-20,-18,sorry
22.940662145614624,4,11,8,42,7,6,-3,-2,-34,-10,-4,-5,-17,-11,sorry
22.940662145614624,-4,4,3,40,9,11,4,-2,-27,-2,-17,-15,-18,-1,sorry
22.955830335617065,-14,-11,0,17,4,12,15,-6,-18,1,-32,-23,-19,3,sorry
22.955830335617065,-4,-19,-16,2,0,12,25,-2,4,13,-23,-12,-4,11,sorry
22.97145175933838,3,-14,-7,-9,0,10,17,5,23,18,-3,5,9,18,sorry
22.97145175933838,0,-8,-2,-20,1,-1,0,1,16,8,0,3,11,10,sorry
22.986952543258667,1,-2,-2,-16,0,-11,-13,0,3,4,2,1,13,0,sorry
22.986952543258667,16,4,4,-1,-3,-7,-16,4,7,9,14,20,23,9,sorry
23.00255298614502,19,3,0,-4,-4,-11,-9,0,13,0,20,24,23,19,sorry
23.00255298614502,0,-1,-2,-30,-8,-17,-10,0,-1,-25,11,8,1,0,sorry
23.01817274093628,-6,1,-2,-30,-9,-9,-9,2,-5,-22,5,1,-10,-14,sorry
23.01817274093628,5,14,3,-1,-5,-6,-2,-2,1,-6,3,2,-1,-12,sorry
23.033220767974854,1,14,8,12,-5,-6,-6,-2,-8,-17,-1,-1,0,-13,sorry
23.033220767974854,-5,8,0,12,0,-2,-6,0,-13,-15,3,0,-3,-5,sorry
23.048866271972656,4,16,10,18,11,1,3,0,1,11,19,18,8,13,sorry
23.048866271972656,8,25,9,30,20,4,6,1,3,13,15,15,13,9,sorry
23.06443667411804,-3,16,1,29,20,12,1,0,-14,-5,-2,-5,-6,-11,sorry
23.06443667411804,-16,-5,3,5,8,18,13,0,-14,1,-9,-15,-17,-17,sorry
23.080997705459595,-27,-22,-15,-10,-2,16,23,0,4,16,-19,-24,-17,-11,sorry
23.080997705459595,-28,-18,-16,-1,4,17,18,0,15,12,-32,-39,-26,-11,sorry
23.09703826904297,-15,-15,-8,-1,11,18,15,1,14,14,-20,-34,-22,-10,sorry
23.09703826904297,-12,-26,-16,-23,-1,7,9,1,5,16,-11,-21,-10,-3,sorry
23.11300611495972,-20,-24,-13,-29,-12,-1,0,0,0,3,-25,-21,-13,-2,sorry
23.11300611495972,-8,-8,-6,-16,-7,-3,6,0,18,3,-13,-10,0,6,sorry
23.12871527671814,18,0,10,-11,-10,-6,5,2,28,14,21,22,32,26,sorry
23.12871527671814,23,-1,4,-11,-19,-16,-14,-1,4,-1,22,34,29,23,sorry
23.143733024597168,12,0,-2,-12,-19,-26,-24,-2,-13,-26,0,21,7,8,sorry
23.143733024597168,22,10,14,-6,-14,-20,-15,1,-3,-14,1,20,10,7,sorry
23.15926003456116,33,10,12,6,-6,-14,-9,-2,4,8,22,25,18,10,sorry
23.15926003456116,22,6,10,3,3,-12,-10,-2,-4,0,28,24,8,8,sorry
23.174594402313232,11,15,8,3,9,-2,-9,0,-9,-6,21,19,5,5,sorry
23.174594402313232,9,22,0,18,11,1,-10,-4,-10,-6,12,8,5,-3,sorry
23.189939498901367,6,14,16,21,12,1,-10,0,-14,-12,7,2,-2,-11,sorry
23.189939498901367,3,6,7,16,11,3,-3,5,-9,-7,11,3,-3,-7,sorry
23.205633640289307,0,6,0,19,5,2,-2,1,-9,0,11,3,0,-6,sorry
23.205633640289307,-11,5,4,18,4,9,-3,2,-13,-1,6,-4,-2,-10,sorry
23.22079634666443,-21,-2,-8,18,4,19,6,0,-7,-1,-3,-17,-8,-11,sorry
23.22079634666443,-15,-5,-7,17,5,19,17,-3,-5,0,-22,-20,-11,-8,sorry
23.23605704307556,-9,-6,-4,6,10,16,21,0,-1,1,-27,-16,-8,-3,sorry
23.23605704307556,-19,-15,-6,-5,8,16,24,0,2,7,-25,-22,-17,-2,sorry
23.25240540504456,-25,-14,-8,0,1,12,26,0,4,12,-28,-29,-21,-3,sorry
23.25240540504456,-5,-4,-8,5,0,1,23,6,17,16,-13,-14,2,9,sorry
23.266765117645264,11,-3,1,-8,-9,-6,11,4,31,18,3,4,20,21,sorry
23.266765117645264,7,-13,-8,-28,-18,-15,-1,-6,23,6,-7,1,6,13,sorry
23.28226637840271,3,-12,-10,-30,-15,-15,-10,-4,12,-4,-15,-3,-1,1,sorry
23.29799675941468,3,-3,-3,-21,-9,-7,-15,3,9,-2,0,6,9,0,sorry
23.29799675941468,-1,-4,-8,-21,-6,-11,-23,-1,-1,-7,4,9,8,-6,sorry
23.29799675941468,-1,-2,0,-27,-5,-17,-23,-2,-12,-19,2,8,-6,-13,sorry
23.31361413002014,3,4,2,-22,-3,-17,-16,0,-15,-20,17,12,-7,-11,sorry
23.31361413002014,0,4,2,-12,0,-16,-17,0,-22,-19,19,11,-3,-10,sorry
23.329695224761963,-2,8,6,0,8,0,-16,0,-24,-15,2,4,-6,-10,sorry
23.329695224761963,-4,12,0,15,12,16,-5,-1,-19,-5,0,-5,-7,-4,sorry
23.345850467681885,-10,5,8,18,3,14,-2,1,-18,-5,0,-13,-9,-8,sorry
23.345850467681885,-11,0,3,17,-7,8,3,6,-9,0,-4,-9,-7,-3,sorry
23.359342098236084,-1,0,0,25,-2,9,20,3,4,19,-1,1,3,21,sorry
23.376076221466064,5,0,13,26,5,16,23,0,13,24,0,2,10,23,sorry
23.376076221466064,2,-6,3,10,0,13,16,0,27,25,-3,-7,11,11,sorry
23.376076221466064,6,-5,0,-7,-8,-1,8,0,30,17,-5,-6,10,11,sorry
23.39085984230041,18,0,1,-8,-2,-9,0,0,19,2,-3,4,4,4,sorry
23.40762543678284,27,7,2,0,2,-4,-2,-3,11,4,13,19,7,0,sorry
23.40762543678284,29,19,16,1,3,0,1,-1,7,7,28,29,20,9,sorry
23.40762543678284,25,21,8,4,10,-2,4,0,8,-2,25,27,23,14,sorry
23.421936511993408,22,17,9,12,18,-6,2,1,11,-4,26,24,14,8,sil
23.43889856338501,11,11,4,11,9,-3,-6,3,0,-5,24,18,1,-1,sil
23.43889856338501,-15,0,-14,-1,0,-7,-23,-1,-24,-20,1,-6,-16,-16,sil
23.43889856338501,-38,-8,-9,-5,3,-8,-23,-3,-32,-19,-17,-29,-29,-31,sil
23.45277547836304,-36,-13,-3,6,10,4,2,0,-19,0,-16,-24,-19,-21,sil
23.46793365478516,-17,-9,0,14,6,14,21,0,-9,10,-14,-12,-6,2,sil
23.46793365478516,-6,0,-3,14,1,12,16,-1,-12,4,-17,-13,-8,5,sil
23.48360204696656,-13,-10,-14,4,-3,5,11,-1,-7,1,-19,-20,-9,-2,sil
23.48360204696656,-22,-27,-8,-20,-15,-1,8,0,4,1,-18,-19,-3,0,sil
23.499632835388184,-12,-22,-14,-31,-25,-11,1,-1,7,0,-11,-13,0,1,sil
23.499632835388184,0,-14,-13,-23,-20,-12,-1,-1,4,-4,-20,-7,-2,0,sil
23.515687942504883,0,-17,-5,-23,-9,0,-2,2,12,-1,-30,-9,-4,0,sil
23.515687942504883,1,-11,-7,-29,-9,1,-8,1,16,-2,-15,-5,-1,-2,sil
23.53166007995605,6,2,1,-24,-14,-5,-19,0,0,-18,1,12,1,-4,sil
23.53166007995605,7,7,4,-11,-10,-10,-19,0,-14,-23,7,20,5,-4,sil
23.547014951705933,19,15,13,3,2,-3,-6,0,-7,-6,23,22,13,-5,sil
23.547014951705933,24,24,17,17,13,3,2,0,-2,2,35,26,16,-1,sil
23.56295728683472,3,19,3,18,12,-2,-4,0,-9,-3,26,16,5,-2,sil
23.56295728683472,-4,16,10,15,6,0,-12,3,-3,0,14,1,1,-2,sil
23.57902979850769,4,13,9,27,11,14,3,5,10,15,10,1,5,10,sil
23.57902979850769,4,6,7,38,21,25,22,3,8,23,1,0,0,18,sil
23.597017526626587,-1,1,7,30,20,28,25,5,11,25,-5,-10,-3,12,sil
23.597017526626587,-6,-7,-11,9,4,14,21,0,23,28,-11,-18,0,9,sil
23.597017526626587,-10,-16,-12,-11,-8,-4,17,-5,19,20,-13,-13,-2,10,sil
23.61308765411377,-4,-13,-6,-21,-6,-10,5,-1,14,3,-10,-6,0,7,sil
23.61308765411377,9,-5,-4,-16,-1,-17,-14,-5,5,-12,-3,3,2,0,sil
23.62592124938965,14,3,4,-10,-9,-26,-26,-7,-12,-21,8,18,-2,-9,sil
23.643023252487183,5,8,2,-13,-13,-23,-28,0,-16,-17,18,16,-3,-12,sil
23.643023252487183,4,11,7,-14,-4,-9,-26,1,-11,-9,15,9,0,-4,sil
23.657661199569706,10,12,2,1,3,0,-12,0,-13,-3,18,8,6,0,sil
23.657661199569706,0,0,-3,4,1,3,-2,-2,-19,-10,13,0,0,-6,sil
23.67295932769776,-13,-5,4,-4,0,5,-6,0,-24,-19,-11,-15,-20,-16,sil
23.67295932769776,-11,0,1,6,1,5,1,0,-22,-7,-24,-22,-17,-11,sil
23.68857431411743,-6,-4,0,16,3,7,21,3,-9,4,-21,-20,-4,-1,sil
23.68857431411743,-15,-20,-6,2,0,14,29,5,3,2,-25,-17,-9,0,sil
23.70362567901612,-19,-25,-9,-5,-5,16,28,1,14,6,-23,-8,-15,7,sil
23.70362567901612,-7,-10,1,-1,-4,10,20,1,19,14,-10,-1,-1,11,sil
23.71928715705872,3,-1,-11,0,-3,-4,2,0,16,9,1,2,18,10,sil
23.71928715705872,14,6,0,0,1,-17,-8,-2,7,-1,14,17,28,11,sil
23.73493719100952,24,18,11,4,12,-13,-1,0,6,-3,27,33,23,7,sil
23.73493719100952,19,16,0,6,12,-9,-8,1,1,-7,24,26,15,-5,sil
23.75096964836121,1,10,0,0,3,-6,-27,-2,-12,-16,7,3,0,-20,sil
23.75096964836121,-10,9,3,8,6,4,-8,-2,-15,-10,-3,-11,-16,-17,sil
23.76708626747132,-8,6,4,24,15,15,22,3,-3,10,-7,-7,-16,0,sil
23.76708626747132,-3,-2,-3,16,9,17,18,7,10,27,-4,0,0,9,sil
23.782756090164185,-4,-11,-11,-9,-7,10,5,3,22,29,-1,1,14,7,sil
23.782756090164185,-8,-16,0,-28,-21,-3,0,1,22,19,-4,0,12,3,sil
23.79798793792725,-8,-20,-6,-36,-22,-16,-10,-2,18,6,-4,-5,0,0,sil
23.79798793792725,-2,-8,-8,-36,-16,-17,-23,-3,15,-6,0,-3,-7,-5,sil
23.813600778579712,3,7,2,-17,-8,-11,-24,-3,1,-16,6,3,-3,-9,sil
23.813600778579712,5,7,6,1,-2,-7,-18,-7,-21,-19,7,-3,-9,-7,sil
23.829179048538208,0,2,15,10,0,7,-7,0,-34,-23,-1,-15,-20,0,sil
23.829179048538208,-11,0,0,20,3,16,9,1,-26,-18,-12,-20,-17,-2,sil
23.84461617469788,-11,-4,-3,22,2,14,17,-2,-16,0,-18,-22,-11,-8,sil
23.84461617469788,1,-5,6,16,3,15,18,2,-1,15,-12,-14,-3,2,sil
23.860631465911865,8,-4,-6,5,0,5,13,3,11,12,-3,-1,4,18,sil
23.860631465911865,4,-3,-5,-8,-10,-12,2,0,12,4,-5,7,6,15,sil
23.87669324874878,10,0,0,-5,-10,-17,0,-1,15,7,1,17,11,15,sil
23.87669324874878,25,10,2,8,10,-8,4,0,17,8,28,34,22,21,sil
23.8926842212677,26,21,7,6,22,-2,0,2,2,1,38,43,23,14,sil
23.8926842212677,14,18,7,-1,15,-9,-5,1,-8,-5,25,28,9,3,sil
23.90804028511048,7,16,12,4,9,-10,-9,0,-7,-13,18,10,-1,-5,sil
23.90804028511048,3,21,1,16,12,4,-4,0,-9,-11,17,1,0,-9,sil
23.92393922805786,-4,10,-3,18,11,11,-5,-3,-15,-9,4,-8,-2,-10,sil
23.92393922805786,-14,-6,0,10,6,13,-6,-2,-17,-14,-14,-21,-13,-21,sil
23.93958282470703,-18,-12,-4,4,1,17,2,0,-9,-8,-24,-22,-12,-16,sil
23.93958282470703,-15,-8,3,-1,0,11,8,2,0,5,-21,-16,-2,1,sil
23.95469045639038,-15,-15,-9,-11,-12,-6,4,1,2,4,-24,-19,-6,-6,sil
23.95469045639038,-17,-28,-20,-24,-25,-11,3,0,3,1,-36,-24,-11,-19,sil
23.97072553634644,-11,-22,1,-26,-19,5,14,0,20,19,-22,-11,6,2,sil
23.97072553634644,0,-8,0,-18,-5,4,15,0,27,29,8,8,25,16,sil
23.98669743537903,6,-5,-2,-21,-8,-15,-12,0,2,-1,11,18,10,0,sil
23.98669743537903,1,0,-5,-24,-8,-17,-32,0,-17,-25,1,11,-4,-10,sil
24.00202417373657,-4,7,-5,-5,1,-7,-21,-1,-13,-9,14,3,0,-6,sil
24.00202417373657,0,9,14,17,7,-3,-5,4,-9,4,16,0,-3,-4,sil
24.017385959625244,0,0,5,21,4,6,6,3,-5,8,-2,-8,-16,0,sil
24.017385959625244,-8,-10,-10,0,-1,23,14,0,14,19,-8,-10,-6,8,sil
24.03302240371704,-6,-15,-11,-14,-6,15,16,4,35,25,0,1,6,16,sil
24.03302240371704,2,-5,-6,-7,-4,-9,6,1,26,6,0,3,0,11,sil
24.0486581325531,4,10,5,0,-3,-16,-13,-7,-1,-19,-2,0,-12,-9,sil
24.0486581325531,9,19,6,8,2,-14,-16,-7,-16,-26,3,3,-10,-20,sil
24.0642728805542,14,28,13,24,15,-11,-4,2,-13,-19,2,6,-12,-8,sil
24.0642728805542,10,29,17,37,20,3,7,5,-10,-17,-5,3,-16,4,sil
24.080850839614868,8,15,7,40,14,18,18,-1,-7,-5,-2,1,-3,15,sil
24.080850839614868,14,3,10,30,9,22,30,3,8,21,8,3,1,20,sil
24.096360445022583,10,-6,-1,3,0,15,29,8,27,30,10,6,4,24,sil
24.096360445022583,-1,-19,-10,-20,-11,2,5,-3,15,8,0,4,14,19,sil
24.1184515953064,-15,-18,-17,-27,-16,-16,-21,-9,-16,-14,-4,-7,-6,-4,sil
24.1184515953064,-10,-7,-19,-28,-14,-29,-36,-3,-26,-21,9,-7,-17,-22,sil
24.1184515953064,5,3,8,-21,-5,-11,-28,0,-13,-14,27,14,51,-10,sil
24.127208471298218,5,8,11,-1,8,17,0,0,-10,-1,25,12,93,4,sil
24.14253258705139,-2,3,2,13,18,22,18,0,-13,8,4,-7,23,3,sil
24.14253258705139,-3,-3,5,15,15,13,13,5,3,22,-10,-8,-23,2,sil
24.157670259475708,-3,-15,1,2,0,7,6,0,22,35,-12,-3,0,8,sil
24.157670259475708,0,-12,6,-11,-6,0,3,-5,23,30,-6,-1,3,10,sil
24.172749996185303,5,0,0,-9,0,-9,1,-2,17,18,1,7,-10,11,sil
24.17375087738037,6,0,-6,-9,0,-17,-6,1,9,3,-5,7,-7,1,sil
24.18937587738037,0,-7,-6,-19,-14,-17,-14,0,0,-17,-19,-3,-11,-15,sil
24.18937587738037,-9,-7,-11,-18,-18,-23,-18,-6,-9,-30,-11,-1,-22,-21,sil
24.203570127487183,-1,7,0,-8,-7,-22,-21,0,-20,-31,8,12,-18,-17,sil
24.203570127487183,9,18,7,7,0,-3,-12,6,-20,-28,17,13,-8,-12,sil
24.219598054885864,2,16,7,20,3,8,-3,5,-10,-28,10,1,-16,-14,sil
24.219598054885864,-8,16,11,19,8,12,-3,2,-13,-22,-4,-10,-25,-21,sil
24.236733198165894,-6,11,0,20,9,18,4,-2,-14,-10,-16,-17,-16,-15,sil
24.236733198165894,-8,-8,-3,18,0,18,11,-2,-7,-3,-24,-23,-14,-4,sil
24.25262665748596,-19,-23,-16,-4,-10,8,10,0,-4,-1,-32,-30,-18,-4,sil
24.25262665748596,-19,-16,-21,-13,-10,7,14,0,-1,2,-30,-21,-11,-1,sil
24.267895460128784,0,0,1,5,3,16,24,4,13,14,-10,-1,1,10,sil
24.267895460128784,14,-2,1,4,7,10,21,3,19,24,6,7,13,18,sil
24.28356504440308,9,-10,2,-11,-1,0,8,-2,15,24,9,11,18,23,sil
24.28356504440308,0,-6,0,-3,1,2,5,0,18,23,10,12,17,19,sil
24.29807162284851,-4,-7,-9,-5,4,-5,0,1,15,22,8,2,12,6,sil
24.314122915267944,-5,-6,-4,-17,-9,-14,-11,-3,3,12,8,0,11,2,sil
24.314122915267944,0,0,1,-3,-5,-5,-6,-3,10,10,22,12,24,12,sil
24.314122915267944,0,2,5,-1,8,0,-1,6,17,13,13,10,26,14,sil
24.32902336120605,-5,-2,-8,-21,-1,-12,-8,4,4,0,-6,-1,12,4,sil
24.34559392929077,3,-1,-12,-16,-9,-22,-12,-9,-10,-13,8,2,3,0,sil
24.34559392929077,21,11,19,-4,3,-17,-9,-5,-16,-19,25,15,0,-4,sil
24.34559392929077,24,21,19,0,7,-8,-2,2,-12,-15,19,18,0,-2,sil
24.361884355545044,21,25,12,10,2,-3,-1,1,-4,-5,23,15,4,3,sil
24.361884355545044,21,26,17,18,8,-1,-6,1,-7,-2,21,7,4,0,sil
24.37705111503601,11,21,8,25,14,0,-2,2,-15,-11,5,1,-2,-7,sil
24.378050804138184,-3,12,6,39,13,11,0,2,-21,-17,-5,-2,-14,-10,sil
24.392603397369385,-13,-1,0,40,10,23,4,2,-19,-10,-21,-19,-24,-13,sil
24.410651922225952,-12,-13,-3,17,3,23,19,2,0,4,-30,-29,-20,-10,sil
24.410651922225952,-12,-19,-7,-2,-1,21,24,0,22,19,-15,-13,-6,3,sil
24.410651922225952,-8,-23,-11,-8,-4,16,13,-1,27,18,-4,0,0,10,sil
24.42277884483337,-1,-17,0,-10,-13,5,1,-4,11,10,-10,4,4,4,sil
24.43823289871216,-2,-15,-9,-23,-24,-11,-5,-9,5,2,-13,3,2,2,sil
24.43823289871216,-8,-20,-16,-42,-25,-25,-18,-10,12,-4,-17,-4,-6,-4,sil
24.45292043685913,-11,-15,-10,-40,-17,-20,-21,-2,8,-13,-21,-11,-13,-17,sil
24.45292043685913,-10,-6,-12,-24,-14,-15,-20,-3,-14,-24,-17,-5,-12,-18,sil
24.4680655002594,-2,4,0,-14,-10,-13,-20,-3,-22,-20,2,7,-2,-10,sil
24.4680655002594,6,17,3,4,11,0,-5,4,-2,7,32,18,18,3,sil
24.483592748641968,9,23,8,25,27,7,6,9,3,17,33,21,24,12,sil
24.483592748641968,9,20,18,24,21,4,4,6,-7,0,16,12,10,2,sil
24.498610973358154,5,13,8,17,18,8,7,4,-4,-1,8,-1,3,2,sil
24.498610973358154,-1,13,9,22,19,12,7,2,-7,3,0,-2,0,9,sil
24.51374101638794,-8,8,2,20,10,5,6,-2,-24,-1,-10,-7,-14,-3,sil
24.51374101638794,-15,-7,-12,-3,0,7,23,0,-21,-5,-20,-28,-22,-13,sil
24.529353618621823,-20,-20,-14,-20,-8,20,32,6,1,2,-26,-31,-17,0,sil
24.529353618621823,-13,-23,-19,-16,-17,12,12,1,17,16,-12,-15,-3,6,sil
24.54455137252808,0,-17,-3,-8,-10,-2,-1,-1,26,17,0,-3,8,4,sil
24.54455137252808,10,-6,2,2,-2,-9,2,0,29,6,4,2,15,11,sil
24.559702396392822,17,-1,-1,3,-8,-13,0,0,24,4,14,14,18,16,sil
24.559702396392822,20,0,5,-8,-8,-8,-10,0,20,8,14,18,14,9,sil
24.574864625930783,14,2,-1,-5,-1,-7,-11,0,6,-3,10,11,2,-1,sil
24.574864625930783,6,3,3,-3,-4,-20,-23,-7,-23,-26,12,10,-3,-8,sil
24.59090566635132,8,7,9,-8,-10,-22,-33,-9,-36,-25,15,16,4,-2,sil
24.59090566635132,14,19,11,8,-1,-11,-26,-5,-24,-10,17,20,6,3,sil
24.60688090324402,0,21,19,16,10,-6,-21,0,-19,-17,7,9,-11,-12,sil
24.60688090324402,-19,-1,2,0,8,0,-9,0,-19,-21,-16,-13,-22,-25,sil
24.622949361801147,-7,-4,2,8,8,23,21,5,0,6,-21,-18,-8,-2,sil
24.622949361801147,10,9,6,29,17,31,39,12,24,29,-4,-2,7,20,sil
24.63810443878174,-5,-7,-10,3,12,12,22,4,17,16,-3,-11,2,9,sil
24.63810443878174,-21,-20,-12,-19,0,7,9,-3,1,14,-13,-21,-4,-4,sil
24.65369200706482,-4,0,-5,4,0,16,19,-2,19,35,-5,-8,5,9,sil
24.65369200706482,9,3,1,6,-3,5,14,0,28,30,2,0,15,17,sil
24.66933584213257,-7,-15,-9,-24,-15,-8,-5,0,4,0,-1,-6,5,-2,sil
24.66933584213257,-20,-18,-18,-32,-15,-9,-11,-5,-6,-13,-5,-8,-5,-12,sil
24.68497061729431,-8,-1,0,-13,-3,-3,-6,-2,2,-9,-3,3,-4,-2,sil
24.685972690582275,0,6,0,0,0,-8,-7,0,2,-11,0,11,0,-1,sil
24.70257568359375,0,8,4,0,-9,-14,-16,-1,-8,-19,7,15,-3,-9,sil
24.70257568359375,17,14,18,1,-5,-8,-12,-2,-7,-12,22,26,0,-6,sil
24.71704936027527,27,17,11,16,17,-3,-1,0,-2,-1,26,30,10,0,sil
24.71704936027527,16,18,13,21,15,-5,-1,0,-12,-13,9,15,1,1,sil
24.732980966568,2,6,0,11,-2,-7,-9,-1,-27,-32,-8,-6,-15,-6,sil
24.732980966568,-2,-3,-5,7,2,-4,-9,2,-21,-19,-5,-7,-16,-15,sil
24.74801778793335,-3,3,0,12,18,7,9,11,1,13,8,2,-4,-3,sil
24.74801778793335,-1,5,-8,11,18,20,25,4,13,24,3,-3,3,10,sil
24.76357769966125,-1,-3,-1,11,10,21,19,-2,3,8,-8,-15,4,5,sil
24.76357769966125,-6,-10,0,12,4,14,14,2,3,10,-9,-19,4,1,sil
24.77991485595703,-16,-16,-9,-2,0,9,16,4,17,26,-21,-23,0,8,sil
24.77991485595703,-16,-19,-10,-8,-1,9,13,0,15,23,-31,-24,0,7,sil
24.794511795043945,0,-14,-9,-2,-1,9,17,-2,8,13,-14,-19,6,8,sil
24.794511795043945,5,-10,3,-16,-8,6,18,0,12,10,0,-5,13,16,sil
24.81092977523804,-5,-16,-1,-30,-19,-7,0,-3,10,4,-3,0,14,14,sil
24.81092977523804,-3,-17,-8,-28,-26,-30,-22,-6,-4,-13,-12,-1,7,0,sil
24.82789707183838,10,-6,0,-28,-21,-27,-26,-2,-9,-20,-5,4,1,-9,sil
24.82789707183838,12,4,-2,-23,-12,-14,-26,0,-2,-6,22,26,6,-1,sil
24.84261393547058,0,9,1,-15,-14,-20,-42,0,-9,-12,25,25,-3,-3,sil
24.84261393547058,-8,2,-5,-19,-23,-27,-47,-1,-20,-36,-3,0,-25,-20,sil
24.857776641845703,-3,2,-4,-16,-19,-21,-27,-2,-20,-37,-4,-2,-22,-21,sorry
24.873011589050293,3,18,18,2,-4,-9,-13,-2,-15,-24,18,11,-12,-12,sorry
24.873011589050293,1,25,16,24,13,10,-5,-2,-4,-10,24,10,-12,-6,sorry
24.887152433395386,5,23,17,38,35,30,15,2,3,9,23,10,0,6,sorry
24.887152433395386,9,21,11,35,35,22,19,7,-3,9,20,9,6,6,sorry
24.904003858566284,4,15,-1,26,18,3,2,1,-7,0,3,1,0,-7,sorry
24.90500235557556,2,10,8,29,17,14,11,3,7,16,0,1,5,-1,sorry
24.90500235557556,-1,3,6,29,19,27,35,6,14,30,5,-1,13,7,sorry
24.91856575012207,-11,-3,0,19,13,22,37,1,0,15,-2,-12,4,-1,sorry
24.934008359909058,-12,-2,-5,16,10,17,32,0,-2,12,-9,-10,-1,-2,sorry
24.934008359909058,-8,-11,-12,3,0,8,19,-1,8,14,-18,-13,-4,0,sorry
24.94973540306092,-7,-23,-2,-7,-9,0,5,-1,14,6,-31,-22,-10,-4,sorry
24.94973540306092,0,-11,0,0,1,0,10,1,23,17,-15,-7,4,11,sorry
24.964895963668823,10,0,4,2,4,3,15,4,29,33,5,10,27,32,sorry
24.964895963668823,8,-12,-3,-6,-4,4,3,3,20,18,0,1,21,21,sorry
24.98090100288391,2,-21,-15,-14,-4,-6,-7,0,5,-4,-14,-10,0,8,sorry
24.98090100288391,0,-5,-5,-27,0,-14,-7,0,0,-3,-10,0,0,10,sorry
24.99590826034546,9,5,-5,-24,0,-9,0,1,4,7,9,13,18,13,sorry
24.99590826034546,19,2,-4,-11,-5,-15,0,0,-4,-2,8,14,10,5,sorry
25.012158393859863,5,-12,-8,-26,-18,-30,-21,-8,-21,-23,-19,-1,-11,-7,sorry
25.012158393859863,-7,-20,-14,-39,-28,-26,-41,-15,-22,-24,-13,-3,-8,-13,sorry
25.02757382392884,3,-1,4,-15,-22,-9,-34,-5,-15,-15,14,17,2,-6,sorry
25.02757382392884,0,5,0,-3,-16,-11,-21,0,-16,-22,0,7,-10,-10,sorry
25.04360842704773,-19,-6,-6,-23,-15,-16,-21,-5,-22,-35,-24,-15,-29,-28,sorry
25.04360842704773,-12,4,2,-14,-6,0,-7,0,-8,-25,-6,-4,-22,-30,sorry
25.05863094329834,0,18,0,10,2,9,9,5,9,-17,3,0,-14,-17,sorry
25.05863094329834,-9,4,5,4,-1,5,2,0,-2,-30,-3,-16,-23,-14,sorry
25.074684619903564,-8,3,12,11,0,6,0,0,-14,-16,20,-4,-6,-4,sorry
25.074684619903564,11,22,21,41,24,15,11,8,5,18,52,19,26,15,sorry
25.09071469306945,10,20,19,42,30,19,12,13,18,27,44,15,26,15,sorry
25.09071469306945,-4,4,1,24,10,13,6,1,3,17,24,-1,6,4,sorry
25.10682725906372,-7,2,3,14,5,13,8,-3,-6,14,14,-6,-1,3,sorry
25.10682725906372,0,8,0,11,19,18,14,0,0,17,3,1,1,8,sorry
25.12186360359192,2,4,-4,12,20,12,12,-1,1,18,-12,7,3,15,sorry
25.12186360359192,-2,-10,0,1,2,0,1,-6,-5,12,-29,-3,-1,6,sorry
25.13788342475891,-12,-21,-14,-19,-9,-8,0,-2,0,10,-33,-20,-1,-4,sorry
25.13788342475891,-3,-9,-4,-7,0,0,12,5,18,18,-19,-9,6,1,sorry
25.153950929641724,4,-2,0,16,6,11,22,5,24,15,-10,-4,6,4,sorry
25.153950929641724,-3,-11,-7,4,-3,8,15,-1,13,12,-12,-13,0,-1,sorry
25.169081926345825,0,-10,2,-9,-9,0,1,0,14,27,-6,1,4,5,sorry
25.169081926345825,16,-3,2,-7,-3,-10,-14,-1,16,13,-1,16,8,9,sorry
25.184611320495605,19,2,2,-19,-8,-16,-25,-8,-5,-27,-6,6,-4,-4,sorry
25.184611320495605,15,8,-1,-26,-18,-17,-22,-4,-21,-30,0,8,-6,-6,sorry
25.200640439987183,20,6,-1,-12,-17,-24,-16,2,-19,-16,18,28,6,1,sorry
25.200640439987183,12,7,12,-6,-10,-21,-19,1,-21,-30,16,20,4,-2,sorry
25.21668100357056,-6,13,3,0,0,-11,-19,-4,-23,-31,0,-6,-11,-9,sorry
25.21668100357056,-3,16,0,16,12,-6,-5,2,-15,-7,6,-6,-8,0,sorry
25.23191618919373,2,13,7,23,14,8,14,11,-5,9,20,3,7,8,sorry
25.23191618919373,-16,-2,-6,15,7,23,20,0,-3,2,-1,-13,-1,0,sorry
25.24699306488037,-31,-18,-11,3,4,16,17,-4,-6,-9,-31,-29,-22,-11,sorry
25.24699306488037,-15,-16,-10,-2,6,14,31,0,10,5,-18,-20,-10,-2,sorry
25.26298189163208,-5,-12,-5,-6,5,23,38,6,43,30,0,-7,8,12,sorry
25.26298189163208,-8,-14,-6,-14,-4,7,13,5,52,25,1,0,10,14,sorry
25.279049396514893,0,-13,-11,-18,-16,-21,-5,0,34,7,2,4,8,3,sorry
25.279049396514893,11,-9,0,-13,-21,-18,-6,-2,16,0,2,5,11,-6,sorry
25.29500222206116,11,-7,1,-10,-13,-4,-5,-3,6,1,8,10,13,-5,sorry
25.29500222206116,4,2,2,-12,-2,-5,-12,-10,-5,-1,19,19,14,2,sorry
25.311038494110107,0,11,6,-11,2,-8,-21,-9,-23,-13,19,14,6,-3,sorry
25.311038494110107,0,13,0,-1,6,-5,-27,-1,-34,-25,1,0,-9,-16,sorry
25.32701587677002,0,10,4,4,8,0,-23,1,-28,-18,-11,-4,-17,-15,sorry
25.32701587677002,0,9,4,8,10,0,-15,3,-9,4,4,5,0,0,sorry
25.342835187911987,2,12,11,14,13,-3,-11,6,-3,9,21,13,8,2,sorry
25.342835187911987,0,10,7,14,7,2,-1,3,-11,-10,0,-1,-10,-11,sorry
25.358402013778687,-6,5,-2,11,-1,9,7,-2,-18,-19,-25,-20,-26,-11,sorry
25.358402013778687,0,12,12,20,6,6,7,-1,-22,-10,-19,-16,-21,-1,sorry
25.37394118309021,1,9,4,27,21,10,6,0,-18,-5,-10,-8,-15,-2,sorry
25.37394118309021,-2,-5,-2,14,9,15,5,1,-8,-1,-7,-11,-11,0,sorry
25.389782905578613,-6,-11,0,5,-7,13,9,1,-3,6,-6,-12,-4,10,sorry
25.389782905578613,-8,-15,-11,7,0,16,19,-4,0,11,-9,-13,0,13,sorry
25.40584897994995,-1,-21,-5,2,2,20,21,-2,9,19,-12,-8,3,16,sorry
25.40584897994995,6,-16,-5,-7,-11,4,12,0,22,25,-11,2,8,17,sorry
0.5106730461120605,-11,-22,-15,-43,-13,-7,0,0,10,10,-13,-12,0,0,sorry
0.5106730461120605,-3,-14,-7,-33,-14,-16,-10,0,-1,-7,0,-4,-3,-3,sorry
0.5106730461120605,8,1,6,-13,-4,-6,-16,-5,7,-11,14,17,4,0,sorry
0.5257177352905273,15,16,1,-6,2,-5,-12,-5,19,-4,23,32,14,5,sorry
0.5257177352905273,20,27,10,-1,2,-15,-6,9,19,2,36,38,21,11,sorry
0.5418663024902344,16,28,14,6,6,-15,-13,9,4,1,32,32,16,7,sorry
0.5418663024902344,4,21,10,12,12,-5,-16,-6,-21,-12,8,18,-3,-2,sorry
0.5582058429718018,4,16,14,24,16,0,-1,-6,-27,-16,5,13,-4,0,sorry
0.5582058429718018,16,15,10,37,15,7,7,3,0,5,14,14,14,14,sorry
0.5718321800231934,16,5,12,28,3,14,3,3,10,13,-6,0,8,18,sorry
0.5878465175628662,0,-10,0,3,-8,10,1,0,-5,-7,-34,-19,-18,4,sorry
0.5889554023742676,0,-12,-5,-2,-7,1,10,2,-2,-4,-18,-15,-10,0,sorry
0.6035497188568115,7,-3,5,0,-3,5,23,5,16,20,8,0,17,8,sorry
0.6035497188568115,0,-13,-3,-9,-2,8,19,0,8,12,3,-1,10,7,sorry
0.618920087814331,-13,-20,-5,-18,-3,1,-4,-1,-14,-18,-15,-11,-10,-6,sorry
0.618920087814331,-3,-2,0,0,0,-2,-11,0,-10,-11,-8,-2,3,-1,sorry
0.6342718601226807,8,7,3,13,6,1,1,1,-1,7,4,4,10,8,sorry
0.6342718601226807,-3,-3,-2,5,6,4,0,-3,-8,1,-3,-10,-12,-11,sorry
0.6494443416595459,-21,-16,-21,-5,-4,1,-9,-8,-13,-2,-13,-29,-17,-31,sorry
0.6494443416595459,-21,-14,-11,-8,-12,0,-5,-7,-10,1,-14,-26,-10,-16,sorry
0.6649894714355469,-12,-3,-2,0,-6,0,-5,-2,-5,3,-9,-12,-10,2,sorry
0.6649894714355469,-6,2,-2,2,0,0,-10,0,0,8,1,1,0,1,sorry
0.6806180477142334,-7,-1,1,-1,-3,2,-4,0,5,4,2,8,4,-3,sorry
0.6806180477142334,-8,-3,-3,0,-6,1,8,0,12,-7,-6,0,-6,0,sorry
0.6957926750183105,0,1,-2,1,-2,2,21,4,25,-3,0,0,0,7,sorry
0.6957926750183105,4,-4,-8,-11,0,7,29,10,27,11,11,3,14,8,sorry
0.7115762233734131,-3,-17,-12,-21,-6,0,21,7,18,9,-1,0,5,7,sorry
0.7115762233734131,0,-5,4,-12,-8,-7,8,0,11,0,-9,0,-9,3,sorry
0.7266521453857422,11,15,7,2,7,-3,-1,-1,3,-2,2,9,-5,-4,sorry
0.7266521453857422,7,15,1,5,10,-3,-16,0,-7,-2,10,16,3,-3,sorry
0.7421481609344482,3,3,-4,-1,-2,-13,-16,0,-2,6,15,18,13,8,sorry
0.7421481609344482,4,1,0,-9,-4,-16,-5,2,8,6,19,13,19,6,sorry
0.7577874660491943,0,6,8,-12,3,-9,-11,0,1,-8,6,2,6,-11,sorry
0.7577874660491943,7,9,8,-2,5,-7,-16,-5,-6,-7,5,1,0,-7,sorry
0.7735791206359863,28,18,15,6,9,-12,-10,-4,0,1,19,15,9,9,sorry
0.7735791206359863,25,20,7,1,12,-11,-10,-4,-6,-11,9,18,5,3,sorry
0.7884831428527832,3,9,2,-4,5,-9,-18,-4,-33,-27,-5,0,-12,-6,sorry
0.7884831428527832,1,0,12,4,0,-8,-16,2,-38,-21,4,-2,-15,-3,sorry
0.804030179977417,3,1,7,13,1,0,-5,5,-16,-10,7,0,-2,-4,sorry
0.804030179977417,-8,-2,2,13,0,17,2,3,-2,3,-9,-10,-2,-9,sorry
0.8197681903839111,-19,-11,-9,11,-1,20,4,-1,-10,8,-20,-21,-15,-6,sorry
0.8197681903839111,-17,-12,-8,6,-3,8,-1,-6,-25,-8,-20,-19,-24,-8,sorry
0.8353283405303955,-13,-6,2,2,-2,7,1,-2,-27,-12,-11,-11,-14,-10,sorry
0.8353283405303955,-14,-7,-5,4,-1,14,14,4,-8,7,-6,-10,0,-4,sorry
0.851315975189209,-14,-8,-5,6,-4,18,20,4,8,14,-16,-11,-2,-2,sorry
0.851315975189209,-9,-6,-2,1,-5,16,15,-3,17,15,-12,-6,-1,-1,sorry
0.866980791091919,0,-5,-4,-3,0,11,16,-1,32,26,8,2,16,14,sorry
0.866980791091919,8,0,1,0,3,7,22,3,39,27,19,11,27,29,sorry
0.882549524307251,12,5,2,19,0,0,18,0,26,16,10,10,20,26,sorry
0.882549524307251,7,3,6,23,0,-3,3,-1,14,2,-17,-1,0,10,sorry
0.8979973793029785,0,0,-6,8,7,0,4,1,19,0,-24,-9,-4,-2,sorry
0.8979973793029785,-1,-1,-13,-7,5,0,3,2,18,3,2,-3,5,0,sorry
0.9141135215759276,-3,-4,-2,-19,-3,-6,-9,5,6,-1,5,0,3,3,sorry
0.9141135215759276,-5,-7,-6,-20,-5,-11,-10,5,4,-11,-4,0,-1,-3,sorry
0.9297661781311036,7,3,4,-8,0,-11,-5,0,3,-10,9,14,3,0,sorry
0.9297661781311036,15,11,1,-3,1,-8,-3,-6,-4,-7,12,17,2,3,sorry
0.944920301437378,6,0,0,-16,0,-5,-3,-4,-10,-7,-1,5,-6,-3,sorry
0.944920301437378,3,-4,12,-23,0,-5,-7,0,-11,-8,3,6,-2,-8,sorry
0.9597392082214355,2,0,-7,-9,0,-5,-11,-2,-9,-3,10,3,3,-1,sorry
0.9597392082214355,2,1,-1,-4,-8,-3,-15,-1,-13,-1,3,-1,-3,1,sorry
0.9763882160186768,11,1,3,-2,-10,-6,-17,2,-12,3,4,1,-6,-5,sorry
0.9763882160186768,8,1,-3,0,-6,-12,-11,-1,-12,0,8,0,0,-9,sorry
0.9915847778320312,-14,-5,4,-9,-12,-6,-5,-3,-22,-17,0,-6,-5,-13,sorry
0.9915847778320312,-24,-10,-20,-14,-13,0,-2,-1,-17,-22,-8,-13,-16,-24,sorry
1.0079576969146729,-7,1,-8,0,0,1,2,0,-1,-2,-4,-8,-7,-15,sorry
1.0079576969146729,1,6,16,17,11,7,14,1,7,25,6,5,10,10,sorry
1.0225811004638672,3,2,4,22,15,10,14,2,9,25,14,11,12,16,sorry
1.0366706848144531,10,15,19,21,13,6,4,6,3,1,6,7,0,6,sorry
1.0366706848144531,7,15,3,18,11,4,9,0,4,-2,0,-1,0,7,sorry
1.0516531467437744,3,5,-4,17,10,4,18,-5,14,10,7,1,9,14,sorry
1.0516531467437744,5,9,14,16,12,7,10,0,18,11,11,10,10,10,sorry
1.0678257942199707,-11,-3,-7,-1,1,0,-6,-2,6,0,-11,-10,-2,-4,sorry
1.0678257942199707,-26,-23,-2,-26,-20,-8,-25,-7,-9,-16,-33,-22,-18,-13,sorry
1.083240270614624,-17,-15,-3,-15,-20,-9,-25,-3,-14,-22,-15,-3,-9,-10,sorry
1.083240270614624,0,0,-6,-2,-2,0,-7,-1,-15,-17,4,4,1,-5,sorry
1.0987088680267334,10,3,19,-7,0,4,4,5,-4,-5,0,2,4,5,sorry
1.0990478992462158,12,1,-4,0,-1,-3,7,11,16,9,3,4,9,14,sorry
1.114657640457153,6,-1,-2,5,0,-3,5,5,11,3,0,3,0,3,sil
1.114657640457153,0,0,21,-2,3,9,1,-1,-6,-9,-10,-2,-14,-6,sil
1.1297502517700195,-5,1,-32,2,10,11,5,-7,-6,-1,-11,-12,-12,-7,sil
1.1297502517700195,-4,1,-30,6,11,4,2,-6,-8,0,-6,-11,-7,-6,sil
1.1448934078216553,1,2,27,7,8,2,0,7,-8,0,3,2,1,0,sil
1.1448934078216553,0,-2,0,9,5,2,1,5,1,2,-1,1,2,0,sil
1.1609816551208496,-9,-9,-10,-1,-2,0,0,-6,-7,-3,-22,-8,-14,-10,sil
1.1609816551208496,-3,-1,13,-6,-6,-1,0,-1,-10,4,-8,3,-4,-1,sil
1.1766161918640137,9,5,-8,0,0,6,13,5,16,25,25,19,22,21,sil
1.1766161918640137,10,2,2,-4,0,10,8,-2,24,21,22,23,19,20,sil
1.1920809745788574,2,1,7,-4,-2,0,2,-5,9,13,7,11,6,3,sil
1.1920809745788574,9,6,-2,7,2,-8,7,2,8,11,11,3,8,0,sil
1.2082247734069824,18,5,22,5,0,-9,0,5,9,1,18,6,8,5,sil
1.2082247734069824,4,-5,-5,-3,-11,-11,-8,-3,2,-1,12,-5,5,0,sil
1.2237985134124756,-7,-3,-13,-7,-12,-2,-8,-3,1,1,0,-20,0,-7,sil
1.2237985134124756,-9,3,3,-5,-1,5,-3,3,7,0,-5,-18,0,-7,sil
1.2402641773223877,-13,-10,-15,-6,-1,-7,0,1,7,-5,-10,-18,1,-8,sil
1.2402641773223877,-15,-16,-4,-12,-12,-13,-2,-2,-5,-10,-18,-20,-3,-5,sil
1.2562556266784668,-5,0,-3,-4,-10,-1,-3,-2,-9,-9,-11,-18,-8,1,sil
1.2562556266784668,5,5,-3,0,0,0,-4,-1,-8,-15,-3,-3,-8,2,sil
1.271953821182251,-1,0,4,-7,6,-2,-4,4,-17,-21,-9,3,-8,-1,sil
1.271953821182251,-7,0,-9,-7,6,0,0,5,-15,-12,-8,-1,-9,1,sil
1.2877776622772217,6,8,5,1,1,6,4,1,1,-2,4,7,-1,9,sil
1.2877776622772217,10,4,7,3,0,6,4,-2,6,5,11,17,7,5,sil
1.3036150932312012,1,-4,0,-1,2,0,0,-6,-2,6,1,10,3,-2,sil
1.3036150932312012,6,0,9,-1,2,0,-1,-2,-1,0,0,15,1,0,sil
1.318845272064209,14,5,-1,5,4,0,2,2,14,4,11,28,8,5,sil
1.318845272064209,9,5,6,2,2,-5,-4,1,14,4,16,24,6,-3,sil
1.334839105606079,-2,4,6,6,1,0,-14,-2,4,-2,7,6,-3,-14,sil
1.334839105606079,-7,2,-2,10,2,0,-11,-1,-3,-3,0,2,-9,-12,sil
1.350234031677246,0,6,8,0,1,-3,-1,4,-11,0,7,15,-2,-6,sil
1.350234031677246,0,7,0,-3,0,-3,-5,1,-20,-1,9,10,-3,-5,sil
1.3662805557250977,-12,1,1,10,3,0,-14,-4,-31,-9,-3,-6,-18,-14,sil
1.3662805557250977,-10,4,9,22,13,1,-7,0,-24,-9,-10,-9,-15,-14,sil
1.3821022510528564,0,8,6,25,16,8,3,3,-8,2,-9,-7,-2,0,sil
1.3821022510528564,-13,-4,0,22,8,14,5,0,-10,3,-10,-17,-4,6,sil
1.3976845741271973,-24,-22,-19,7,-1,12,11,-3,-8,0,-15,-32,-6,0,sil
1.3976845741271973,-12,-19,-14,-9,-7,15,18,-1,10,8,-29,-38,-3,0,sil
1.4128990173339844,-1,-8,-7,-4,-3,23,23,0,29,22,-26,-30,1,12,sil
1.4128990173339844,5,-9,-6,4,0,11,29,0,32,25,-4,-11,20,24,sil
1.4279630184173584,13,-8,1,-7,-9,-5,21,7,33,20,3,7,34,29,sil
1.4279630184173584,17,0,-4,-22,-14,-14,7,5,41,15,6,11,30,23,sil
1.443814754486084,14,0,0,-32,-13,-16,-3,-3,30,3,15,9,19,10,sil
1.443814754486084,3,-6,1,-34,-20,-19,-13,0,2,-10,15,8,13,-1,sil
1.4590754508972168,3,0,0,-21,-12,-16,-11,7,0,-11,14,11,8,-5,sil
1.4590754508972168,18,15,12,-5,8,-3,0,5,12,-1,24,14,4,0,sil
1.4739971160888672,15,13,2,-4,5,0,-3,-1,-1,-2,20,7,-3,0,sil
1.4739971160888672,1,6,-2,-2,-3,-6,-16,-3,-16,-11,6,3,-13,-8,sil
1.4892683029174805,2,10,8,4,5,-9,-14,-4,-17,-18,1,3,-16,-10,sil
1.4892683029174805,0,5,1,0,0,-7,-17,-6,-34,-29,-8,-6,-25,-17,sil
1.5049457550048828,-9,-3,-6,-1,-12,-6,-26,-7,-46,-36,-18,-9,-34,-21,sil
1.5049457550048828,-4,2,0,17,8,0,-6,-2,-19,-9,-4,8,-16,0,sil
1.5209932327270508,3,7,10,19,22,9,13,2,-1,15,9,17,0,8,sil
1.5209932327270508,-2,-1,-1,3,3,6,6,0,-9,5,1,2,-1,-3,sil
1.535411357879639,-11,-4,-9,2,-3,0,0,0,-12,-6,-10,-8,-6,-7,sil
1.535411357879639,-8,2,9,11,6,8,0,2,-9,1,-12,-1,-4,-3,sil
1.5508344173431396,-6,2,7,17,9,14,2,0,-5,7,-1,5,2,1,sil
1.5508344173431396,-11,-4,0,16,6,7,9,-5,3,7,6,-1,4,0,sil
1.5663964748382568,-13,-8,2,11,5,5,8,1,13,10,2,-3,-1,-6,sil
1.5663964748382568,-1,-1,4,15,8,11,6,4,21,16,2,6,6,2,sil
1.5829365253448486,1,6,7,13,14,15,14,2,28,28,6,8,23,13,sil
1.5829365253448486,-11,-6,-2,-7,2,9,8,1,18,22,-4,-9,16,1,sil
1.5979139804840088,-14,-21,-10,-18,-14,1,0,1,8,5,-15,-16,0,-2,sil
1.5979139804840088,-6,-16,-16,-14,-11,-3,8,1,17,13,-8,-8,5,8,sil
1.614070177078247,-4,-8,-17,-21,-9,-10,10,3,22,20,-8,-6,11,11,sil
1.614070177078247,0,-5,-4,-24,-22,-16,-5,0,3,-11,-14,-7,5,3,sil
1.6306002140045166,15,4,0,-4,-20,-19,-15,-7,-16,-36,-3,-3,0,-2,sil
1.6306002140045166,20,16,7,5,-3,-17,-12,-3,-21,-26,7,7,-2,-8,sil
1.6449923515319824,16,14,5,0,0,-12,-7,1,-14,-17,9,13,-6,-14,sil
1.6449923515319824,14,7,-6,0,-1,-11,-9,-5,-15,-23,4,5,-11,-11,sil
1.6603538990020752,12,14,8,11,5,-2,-10,-3,-17,-25,0,0,-14,-1,sil
1.6603538990020752,12,23,16,29,22,13,8,4,0,0,2,1,-4,6,sil
1.6748895645141602,12,14,15,39,26,19,20,5,15,25,10,3,5,6,sil
1.6900594234466553,3,-1,1,16,16,16,5,3,8,21,6,-1,6,8,sil
1.6900594234466553,-8,-11,-13,-14,1,9,-7,1,0,9,-5,-6,3,16,sil
1.708599328994751,-6,-16,0,-18,-9,3,0,0,1,13,-7,0,3,18,sil
1.708599328994751,-2,-15,-2,-16,-15,0,7,-2,9,15,0,1,0,11,sil
1.708599328994751,-10,-15,-11,-30,-16,-6,-3,-4,8,0,-1,-2,-8,0,sil
1.7216298580169678,-9,-16,-5,-37,-15,-14,-20,-1,-4,-7,2,4,-3,-6,sil
1.73681902885437,0,-1,-4,-25,-13,-14,-15,0,-6,0,22,21,14,-1,sil
1.73681902885437,1,9,0,-29,-8,-7,-6,2,0,-12,24,18,7,-6,sil
1.7519073486328125,2,0,4,-49,-3,-6,-11,-1,-7,-30,0,-4,-16,-20,sil
1.7519073486328125,7,0,13,-29,3,-6,-7,-5,-18,-18,0,-6,-12,-14,sil
1.767059564590454,-3,14,7,36,17,5,11,1,-10,-1,18,7,0,0,sil
1.767059564590454,-21,9,-11,60,25,17,17,1,-3,2,9,1,-4,-3,sil
1.7826151847839355,-19,0,0,34,24,24,8,0,-7,12,-10,-19,-5,-13,sil
1.7826151847839355,-11,4,0,35,20,20,5,2,-7,17,-16,-25,-8,-7,sil
1.798048496246338,-9,4,-5,48,5,5,9,0,-2,7,-23,-27,-18,-5,sil
1.798048496246338,-5,-3,3,35,-10,2,18,0,9,9,-30,-25,-6,-9,sil
1.8127095699310305,0,-5,1,17,-8,5,23,1,20,19,-17,-5,17,2,sil
1.8127095699310305,8,-1,4,0,-4,-1,15,0,18,15,0,13,22,21,sil
1.8277599811553955,8,-7,-5,-13,-8,-8,4,0,12,5,8,11,21,22,sil
1.8277599811553955,0,-13,-9,-14,-9,-8,-3,0,9,0,0,2,12,8,sil
1.843039512634277,2,-1,2,-6,-3,-5,-7,0,8,0,-7,7,-1,6,sil
1.8595197200775144,16,7,1,-3,-1,-5,-12,-3,3,-1,8,19,2,16,sil
1.8595197200775144,18,1,8,-5,-5,0,-20,-2,-11,-20,4,20,5,7,sil
1.8595197200775144,1,-7,-1,-17,-13,-2,-11,1,-19,-32,-17,2,-12,-12,sil
1.8741436004638672,-11,-15,-17,-38,-18,-11,0,0,-6,-21,-15,-10,-19,-17,sil
1.8741436004638672,-12,-10,-3,-40,-8,-6,-2,-2,0,-3,0,-1,0,-13,sil
1.890559196472168,3,11,8,-4,7,0,-6,-1,4,11,14,16,18,1,sil
1.890559196472168,26,27,14,17,10,-11,-11,-1,15,16,28,26,19,20,sil
1.904700756072998,25,24,5,7,1,-19,-24,-6,7,3,16,12,4,11,sil
1.9199426174163816,12,13,2,6,0,-8,-20,-2,-11,-4,0,-1,-8,-5,sil
1.9199426174163816,4,1,6,9,4,4,3,9,-11,0,5,-1,-5,-4,sil
1.9354009628295896,-8,-14,-12,-11,5,6,18,1,-2,0,0,-13,-6,-6,sil
1.9354009628295896,-24,-11,-10,-15,9,8,14,-6,-6,-8,-13,-25,-22,-20,sil
1.950727224349976,-27,1,-1,10,11,12,8,5,-6,-9,0,-17,-22,-19,sil
1.950727224349976,-15,0,-6,19,5,7,0,11,6,5,18,-5,1,0,sil
1.967698574066162,3,1,5,13,4,4,-12,4,16,24,21,5,17,14,sil
1.967698574066162,12,6,8,13,8,3,-9,3,11,22,19,11,15,13,sil
1.967698574066162,8,0,8,4,0,0,0,0,-7,4,0,0,1,1,sil
1.981804370880127,0,-7,0,-9,-9,1,3,-6,-23,-6,-16,-8,-12,-5,sil
1.9978981018066408,-8,-3,-9,-12,-7,0,11,-4,-13,-9,-7,-2,-9,0,sil
1.9978981018066408,-4,3,5,-4,-6,1,19,5,5,-7,2,5,4,12,sil
2.0193166732788086,7,0,4,1,-6,8,16,0,7,-3,-2,4,7,11,sil
2.0193166732788086,6,-5,1,-3,-1,5,6,-5,-5,-9,-19,-5,-5,-4,sil
2.0193166732788086,-2,-2,-4,-8,0,0,2,-1,-11,-18,-27,-14,-15,-13,sil
2.028861284255981,-3,-6,-10,-3,0,-5,0,-4,-8,-16,-12,-4,-7,-8,sil
2.0442802906036377,-2,-7,1,-5,1,-1,2,-3,-2,-7,0,9,6,0,sil
2.0442802906036377,-8,-4,-3,-1,10,5,5,0,8,9,0,3,15,5,sil
2.0599443912506104,-13,-3,-5,14,10,4,-3,-1,15,21,2,0,12,8,sil
2.0599443912506104,-8,1,4,19,-1,-2,-14,-3,6,17,-1,1,3,3,sil
2.075697898864746,0,1,-4,3,-7,-4,-9,-5,-6,6,-13,-10,-4,-4,sil
2.075697898864746,3,-5,-2,-9,-6,1,0,-1,-5,5,-12,-15,-8,-7,sil
2.090766191482544,-2,-9,-6,-5,-5,0,7,3,9,15,0,-1,-3,-1,sil
2.090766191482544,-5,-4,-7,0,-3,-1,4,7,15,14,6,3,1,0,sil
2.105923175811768,2,6,4,1,4,4,1,9,16,2,5,4,0,0,sil
2.105923175811768,12,14,9,9,11,4,7,1,18,4,9,8,3,6,sil
2.121923923492432,14,10,8,9,3,-2,8,-2,4,3,9,4,4,4,sil
2.121923923492432,4,-6,-6,-4,-6,-5,-9,-2,-15,-15,4,-1,-2,-9,sil
2.1379857063293457,2,-8,-1,-12,-5,-8,-27,-3,-20,-20,5,2,-3,-5,sil
2.1379857063293457,15,12,21,1,0,-7,-15,0,-3,-1,19,8,9,11,sil
2.153010845184326,18,18,7,12,2,-3,4,3,16,8,22,8,17,17,sil
2.153010845184326,3,5,0,-5,0,-6,0,3,10,-4,6,13,5,8,sil
2.168735980987549,-4,0,-6,-24,-9,-14,-6,0,-2,-16,-6,6,-7,-2,sil
2.168735980987549,2,1,-8,-19,-12,-10,0,-1,0,-11,-3,-4,-6,-8,sil
2.183865785598755,7,3,7,-9,-4,0,0,0,0,-4,4,5,0,-6,sil
2.183865785598755,0,0,4,-1,4,-2,-2,1,-7,-4,4,12,1,-2,sil
2.199984550476074,-8,3,5,4,9,-4,1,0,-11,-6,-5,0,0,-5,sil
2.199984550476074,-8,4,-2,5,4,8,2,0,-16,-8,-10,-6,-3,-10,sil
2.215998411178589,-8,-4,-11,2,-1,7,-2,-6,-22,-10,-12,-9,-17,-8,sil
2.215998411178589,-11,-7,2,1,0,1,-11,-4,-14,-4,-13,-16,-14,-5,sil
2.2313802242279053,-6,-2,0,11,4,11,-9,-2,3,10,0,-11,9,4,sil
2.2313802242279053,-1,0,4,25,7,17,2,-4,10,19,9,1,13,14,sil
2.246924877166748,-6,0,2,26,13,14,10,-4,-3,13,6,1,0,2,sil
2.246924877166748,-9,0,-6,17,15,14,6,0,-19,5,0,-6,-3,-7,sil
2.262063980102539,0,1,4,16,11,17,4,8,-9,10,-4,-1,-3,2,sil
2.262063980102539,1,-2,0,8,2,7,7,2,17,21,-6,1,-3,7,sil
2.2781949043273926,-10,-14,-13,-19,-13,-10,4,-1,16,5,-16,-7,-9,-9,sil
2.2781949043273926,-17,-21,-19,-35,-19,-16,3,4,0,-10,-21,-11,-14,-16,sil
2.293578624725342,-9,-21,-16,-26,-10,-10,18,4,7,-1,-13,-8,-5,-2,sil
2.293578624725342,-5,-14,2,-19,-7,-1,29,1,15,-2,-9,-3,-1,1,sil
2.309596061706543,5,2,0,-9,-7,0,21,3,12,-11,-6,6,-3,0,sil
2.309596061706543,29,24,10,10,-1,-1,4,6,18,0,12,27,11,9,sil
2.3247339725494385,29,26,23,19,5,0,-2,2,25,13,31,25,30,21,sil
2.3247339725494385,9,12,7,9,6,-5,-10,-6,8,1,24,-6,21,13,sil
2.339937210083008,2,5,1,-2,-1,-15,-26,-7,-21,-22,0,-19,-2,-8,sil
2.339937210083008,0,0,-5,-5,-5,-9,-28,-3,-30,-23,-8,-6,-16,-19,sil
2.3559792041778564,-2,-5,0,-1,2,1,-15,-2,-13,-1,6,1,-2,-4,sil
2.3559792041778564,6,6,11,9,11,7,-3,0,-1,11,20,5,15,10,sil
2.371812343597412,10,9,3,13,8,4,-2,0,-5,5,12,7,3,8,sil
2.371812343597412,0,-5,1,-5,0,0,-10,-2,-10,0,0,1,-12,0,sil
2.386845827102661,-4,-13,-7,-20,-2,0,-12,-2,-6,3,0,-1,0,0,sil
2.386845827102661,0,-5,-3,-13,-3,0,0,0,0,4,0,1,14,7,sil
2.4026944637298584,-1,0,5,-6,-7,4,2,0,0,2,-6,-2,4,2,sil
2.4026944637298584,-17,-10,-13,-12,-9,0,-3,-6,-7,0,-12,-17,-8,-10,sil
2.4177160263061523,-20,-9,-6,-14,-5,-1,1,0,-6,0,-10,-14,-10,-10,sil
2.418941020965576,0,3,3,0,-1,2,13,7,12,9,0,4,-1,3,sil
2.4330389499664307,7,5,-2,5,-2,-2,7,2,19,4,0,1,-1,0,sorry
2.4330389499664307,-8,-4,-3,0,-7,-4,0,-4,8,-11,-9,-7,-10,-16,sorry
2.448596239089966,-9,-1,-3,5,-3,0,3,0,9,-7,-8,5,-2,-3,sorry
2.448596239089966,5,9,11,14,12,6,10,10,13,3,-3,17,5,7,sorry
2.4641759395599365,8,9,2,20,18,8,10,5,7,0,-2,7,4,-1,sorry
2.4641759395599365,7,6,-3,27,9,1,5,-3,5,0,3,4,8,1,sorry
2.480820894241333,6,8,7,18,7,0,4,3,11,3,5,13,10,11,sorry
2.480820894241333,2,8,0,1,12,1,6,7,13,6,5,10,6,8,sorry
2.4958624839782715,11,7,4,3,6,3,4,1,4,4,15,17,11,11,sorry
2.4958624839782715,19,4,4,8,0,0,1,0,-10,1,13,22,11,14,sorry
2.511016368865967,0,1,-8,-3,-4,-15,-6,-2,-24,-9,-3,-3,-9,-6,sorry
2.511016368865967,-12,0,4,-11,-9,-15,-12,0,-28,-18,-5,-24,-23,-19,sorry
2.527724027633667,5,-5,8,4,-4,4,0,-1,-16,-4,9,-11,-10,-2,sorry
2.527724027633667,5,-7,4,3,3,14,5,-8,-11,4,7,-1,-3,3,sorry
2.541796922683716,-25,-9,-12,-16,-4,0,-11,-5,-23,-10,-10,-16,-14,-11,sorry
2.5589025020599365,-31,-14,-18,-16,-11,-4,-15,0,-23,-12,-13,-19,-10,-14,sorry
2.5589025020599365,-6,-6,0,-8,-2,5,0,0,-2,6,-4,-3,1,0,sorry
2.57494592666626,-6,-8,-7,-27,-3,0,6,2,13,3,-8,-9,-1,0,sorry
2.57494592666626,-21,-20,-13,-35,-14,-12,-2,5,2,-13,-15,-21,-10,-13,sorry
2.5905632972717285,-12,-9,-7,-15,-8,0,-9,-4,-12,-12,-17,-16,-12,-19,sorry
2.5905632972717285,0,0,-14,-20,-1,1,-6,-15,-9,-4,-22,-15,-12,-14,sorry
2.5905632972717285,0,-1,1,-28,-6,-3,-9,-1,10,8,-1,-8,2,-5,sorry
2.604938507080078,8,4,8,6,-3,1,-8,10,29,25,34,10,25,10,sorry
2.623999834060669,23,15,13,33,8,5,2,7,29,21,22,16,20,22,sorry
2.623999834060669,27,22,19,31,13,2,12,2,19,11,0,17,12,18,sorry
2.623999834060669,26,24,16,43,14,8,14,1,12,10,17,30,18,17,sorry
2.6370344161987305,24,17,21,48,15,11,9,3,1,3,24,33,17,22,sorry
2.65276312828064,17,3,3,27,11,-1,0,2,0,0,7,13,11,16,sorry
2.65276312828064,7,-2,-3,5,5,-1,2,1,13,3,1,1,1,2,sorry
2.65276312828064,-2,-3,3,1,5,15,16,2,17,4,3,1,-7,0,sorry
2.6727089881896973,-7,-4,-6,3,0,9,5,-4,-1,-1,-2,1,-6,0,sorry
2.6727089881896973,-3,1,0,1,-4,-11,-11,-6,-16,-4,-9,-3,-3,-3,sorry
2.6857340335845947,0,4,4,4,2,-10,5,3,-3,2,-1,0,-2,4,sorry
2.6857340335845947,-4,-4,3,4,1,1,18,4,6,8,-5,2,-1,11,sorry
2.6997547149658203,-20,-11,-9,-16,-14,-1,-2,-6,-5,-8,-33,-15,-13,-8,sorry
2.7147774696350098,-30,-16,-28,-42,-16,-14,-23,-8,-19,-24,-37,-34,-24,-30,sorry
2.7147774696350098,-25,-18,-17,-44,-6,-13,-18,4,-11,-16,-8,-24,-11,-25,sorry
2.7301933765411377,-8,-12,-16,-30,-6,-1,0,6,7,-1,9,-3,9,-7,sorry
2.7301933765411377,-1,-5,-12,-24,-12,2,9,0,8,0,5,3,8,-2,sorry
2.7459259033203125,-5,-3,4,-23,-12,-2,4,0,-6,-8,2,5,1,-11,sorry
2.7459259033203125,0,-3,2,-19,-6,-14,-5,0,-11,-13,6,3,5,-9,sorry
2.7608182430267334,14,5,13,-12,0,-19,-14,-2,-9,-7,14,13,6,1,sorry
2.7608182430267334,16,21,11,9,6,-5,-14,0,-12,2,20,21,2,2,sorry
2.7762019634246826,9,22,4,31,17,11,-5,0,-22,1,10,8,-1,0,sorry
2.7762019634246826,-2,7,13,17,14,19,3,-2,-21,0,-4,-13,-11,0,sorry
2.791774034500122,-13,-8,-2,3,5,22,13,-1,2,18,-4,-21,-10,1,sorry
2.791774034500122,-6,-6,-4,23,11,30,23,0,14,26,-1,-14,0,3,sorry
2.8069186210632324,1,0,3,37,10,24,22,-1,8,7,-8,-10,2,10,sorry
2.8069186210632324,7,1,4,20,-5,3,11,-1,15,-1,-3,0,1,18,sorry
2.822941780090332,21,5,11,14,-7,-6,1,0,24,9,10,17,11,21,sorry
2.822941780090332,21,3,2,17,0,-14,-4,-2,9,7,11,16,16,16,sorry
2.838880777359009,6,0,-1,2,-8,-22,-17,-1,-6,-11,2,9,3,3,sorry
2.838880777359009,4,6,-1,-4,-4,-16,-23,4,-5,-22,0,11,-11,-11,sorry
2.854420661926269,10,9,0,4,9,-8,-22,3,-2,-16,5,10,-11,-16,sorry
2.854420661926269,4,7,6,4,8,-9,-19,4,-5,-7,7,6,-8,-9,sorry
2.870458602905273,-6,5,0,2,4,-2,-8,1,-4,-3,0,0,-14,-5,sorry
2.870458602905273,-10,4,1,6,8,9,1,0,0,-2,-14,-12,-14,-4,sorry
2.886476993560791,-14,-7,-2,-2,3,14,3,3,-1,2,-16,-16,-21,0,sorry
2.886476993560791,-22,-24,-18,-17,-3,8,7,3,-3,10,-12,-17,-32,1,sorry
2.9019689559936523,-23,-22,-10,-20,-4,9,21,-1,3,14,-17,-17,12,0,sorry
2.9019689559936523,-11,-15,-10,-21,-7,6,29,-1,16,21,-18,-17,69,0,sorry
2.918180465698242,0,-11,0,-31,-12,0,21,2,21,24,-8,-3,37,4,sorry
2.918180465698242,6,-3,5,-30,-11,-4,10,-1,18,15,1,13,-6,7,sorry
2.933581829071045,9,-1,-6,-20,-11,-17,3,-6,6,-1,14,18,11,7,sorry
2.933581829071045,12,3,6,-12,-14,-24,0,2,0,-8,26,19,21,3,sorry
2.948732852935791,10,15,4,-5,-4,-13,-2,4,2,-6,19,16,1,-2,sorry
2.948732852935791,6,16,4,0,4,-8,-10,-1,-3,-15,6,11,-8,-9,sorry
2.96390438079834,7,13,14,17,5,-5,-21,-1,-19,-24,12,10,-5,-9,sorry
2.96390438079834,8,11,8,34,8,8,-20,-6,-16,-11,18,6,2,3,sorry
2.979578256607056,-2,1,3,14,9,14,-14,-8,-11,-5,-1,-5,-2,3,sorry
2.979578256607056,-14,-11,-10,-5,3,10,-10,-1,-19,-17,-20,-24,-21,-17,sorry
2.99562668800354,-9,-5,-7,11,7,15,-2,0,-21,-15,-16,-24,-21,-21,sorry
2.99562668800354,-1,9,5,24,19,18,6,1,-6,2,0,-4,-5,0,sorry
3.0106894969940186,-2,1,-5,14,12,3,7,4,6,12,4,-1,0,12,sorry
3.0106894969940186,1,-3,-1,5,-3,0,4,8,5,11,-1,-7,-5,0,sorry
3.02588438987732,4,3,1,3,-4,5,10,5,9,7,0,0,-2,-2,sil
3.02588438987732,1,-2,-3,0,-3,-4,12,-2,12,3,5,8,3,12,sil
3.041687488555908,5,-6,9,7,-4,-3,7,-1,10,15,12,13,11,21,sil
3.041687488555908,12,4,8,22,4,2,8,3,14,29,13,12,12,10,sil
3.058948040008545,0,0,-1,0,1,-7,0,0,6,9,-3,0,-6,-5,sil
3.058948040008545,-17,-17,-16,-32,-16,-15,-13,-5,-13,-12,-23,-13,-20,-10,sil
3.0730199813842773,-10,-11,-7,-13,-11,-1,-5,-4,-14,-6,-15,-8,-10,0,sil
3.0730199813842773,1,3,9,10,5,8,10,-1,0,0,-2,1,0,1,sil
3.08859658241272,-1,4,-6,-2,5,1,10,-1,11,0,-4,0,2,-3,sil
3.08859658241272,-2,6,-1,-9,3,0,8,1,20,6,-8,1,13,0,sil
3.103827476501465,2,2,-2,0,1,-2,4,2,9,2,-12,-1,6,0,sil
3.103827476501465,-5,-8,-13,-16,-14,-7,-12,-4,-17,-17,-19,-15,-15,-6,sil
3.118982076644897,-14,-9,0,-32,-21,0,-17,-4,-16,-22,-11,-16,-13,-14,sil
3.135655403137207,0,-4,0,-17,-7,2,-3,3,10,-1,8,4,5,-4,sil
3.135655403137207,20,1,8,0,0,-7,0,6,15,6,19,21,14,10,sil
3.135655403137207,23,14,12,6,2,-9,-9,1,-1,-4,20,18,16,10,sil
3.1508591175079346,10,14,-1,2,4,-5,-15,-4,-11,-14,21,10,13,0,sil
3.1508591175079346,4,10,3,5,4,-2,-15,0,-10,-13,19,12,1,-1,sil
3.1660397052764893,8,13,8,16,9,0,-4,2,-7,-1,17,14,1,-1,sil
3.1660397052764893,10,15,11,16,12,0,0,1,-12,6,20,10,8,-1,sil
3.183626651763916,2,7,4,17,11,0,-1,1,-13,7,15,1,3,0,sil
3.183626651763916,-9,-2,-6,20,12,5,6,2,-8,7,-3,-8,-6,-3,sil
3.1970789432525635,-19,-11,0,7,8,15,16,7,0,8,-20,-15,-10,-4,sil
3.1970789432525635,-22,-17,-6,0,0,19,23,5,12,14,-21,-21,-6,6,sil
3.2131898403167725,-18,-18,-8,2,-3,16,26,0,22,21,-19,-19,-1,13,sil
3.2289299964904785,-15,-23,-9,-14,-10,4,18,-2,20,20,-20,-16,-3,2,sil
3.2289299964904785,-10,-25,-17,-33,-17,-11,2,-4,13,8,-18,-14,-4,-2,sil
3.2441048622131348,2,-8,3,-24,-15,-6,0,-3,12,-1,-4,0,7,9,sil
3.2441048622131348,9,0,4,-16,-8,-2,0,-4,11,-10,9,13,15,13,sil
3.2441048622131348,4,1,-5,-17,-4,-16,-13,-5,0,-22,6,10,-2,-10,sil
3.2587904930114746,5,6,-2,-10,-2,-20,-22,-2,-17,-27,2,4,-15,-28,sil
3.2742319107055664,11,11,0,2,-2,-10,-14,-3,-16,-19,12,9,0,-13,sil
3.2742319107055664,16,22,14,20,8,0,-6,0,-5,-7,15,18,7,0,sil
3.2898659706115723,18,31,10,31,22,7,0,5,-5,0,8,14,1,0,sil
3.2898659706115723,6,11,3,16,13,2,-5,2,-16,-3,0,-1,-7,-4,sil
3.3053572177886963,-7,3,4,12,-1,5,-9,1,-19,-3,-4,-7,-14,-2,sil
3.3053572177886963,1,13,2,32,9,19,7,3,-3,11,-1,-2,-8,6,sil
3.321026563644409,10,5,8,28,20,23,23,0,7,17,-3,-4,0,8,sil
3.321026563644409,-9,-11,-7,3,0,11,13,-4,5,11,-10,-15,0,6,sil
3.336682081222534,-23,-11,-10,-6,-17,-1,2,0,5,13,-16,-20,-3,7,sil
3.336682081222534,-14,-11,4,-10,-11,0,6,5,6,12,-19,-13,-4,6,sil
3.351761817932129,-10,-21,-11,-15,-8,0,5,-4,-1,-3,-13,-6,-2,0,sil
3.351761817932129,-6,-16,-8,-19,-17,-8,-7,-8,-5,-14,-5,0,1,-1,sil
3.367164134979248,4,-5,-2,-18,-10,-8,-14,0,5,-5,-2,6,5,3,sil
3.367164134979248,11,-7,-6,-16,-5,-9,-14,4,19,2,4,15,11,11,sil
3.3826444149017334,8,-11,4,-18,-12,-13,-17,3,16,5,17,24,18,10,sil
3.3826444149017334,5,0,2,-16,-2,-11,-15,1,6,5,24,19,16,3,sil
3.3980047702789307,8,13,4,-5,11,-7,-6,0,-2,-5,20,12,7,0,sil
3.3980047702789307,13,14,3,6,7,-11,-3,0,-2,-13,18,14,8,-6,sil
3.4131500720977783,11,12,0,9,6,-11,-5,-1,4,0,26,13,14,-10,sil
3.4131500720977783,3,15,8,2,10,-1,2,3,1,7,22,1,6,-8,sil
3.429005146026612,-7,9,-1,0,4,1,13,0,-15,-8,2,-14,-12,-13,sil
3.429005146026612,-12,6,3,10,7,6,4,-3,-22,-17,-8,-19,-25,-19,sil
3.444055557250977,-5,12,6,20,18,19,0,1,-11,-5,-2,-13,-19,-11,sil
3.444055557250977,-3,3,-4,14,9,20,11,1,-4,5,-5,-13,-7,-3,sil
3.4596431255340576,-9,-8,2,2,0,19,22,0,-10,4,-16,-11,-6,0,sil
3.4596431255340576,-8,-7,1,5,4,20,28,2,-4,7,-18,-8,-8,6,sil
3.4750473499298096,-5,-5,0,7,2,12,23,6,8,12,-20,-12,-3,7,sil
3.490662097930908,-12,-8,-4,-4,-7,7,8,1,13,12,-21,-15,0,3,sil
3.490662097930908,-13,-8,-9,-7,-4,6,6,-3,12,9,-15,-9,4,9,sil
3.490662097930908,5,-2,3,5,0,0,12,-3,16,5,-8,4,14,18,sil
3.505749464035034,17,-4,-3,6,-7,-8,5,-3,18,2,-1,9,21,18,sil
3.505749464035034,8,-15,-8,-14,-13,-12,-7,-1,5,0,-3,1,5,7,sil
3.5219435691833496,0,-17,-4,-23,-10,-22,-16,-2,-4,0,-8,-3,-7,-6,sil
3.5219435691833496,-2,-11,-10,-20,-16,-32,-27,-8,-5,-8,-2,0,-4,-14,sil
3.537982702255249,-9,-9,-4,-27,-27,-24,-36,-5,-7,-20,1,5,-5,-10,sil
3.537982702255249,-3,-6,-3,-20,-18,-14,-28,2,-5,-19,7,11,-8,-3,sil
3.551647186279297,13,6,4,-1,-3,-12,-21,1,-5,-17,10,11,-6,-10,sil
3.567115068435669,12,11,9,0,-1,-4,-20,0,-16,-31,-6,1,-11,-14,sil
3.567115068435669,11,17,1,6,9,2,-7,0,-10,-27,0,11,-7,4,sil
3.58472752571106,29,31,23,33,29,8,5,3,8,2,44,42,17,17,sil
3.58472752571106,23,29,23,35,29,16,6,4,10,19,50,39,25,8,sil
3.58472752571106,-2,9,5,15,16,15,0,0,0,14,12,3,0,-2,sil
3.5978546142578125,-8,4,-1,11,8,8,0,-1,-8,10,0,-7,-15,-10,sil
3.6158297061920166,-6,10,-3,20,8,8,5,4,-9,13,8,0,-5,-2,sil
3.6158297061920166,-5,11,10,26,9,14,13,13,1,24,9,2,8,15,sil
3.6158297061920166,-4,3,1,24,7,12,19,6,13,31,2,-6,7,14,sil
3.631271123886109,-10,-8,-13,7,5,10,24,-4,8,24,-10,-20,-1,0,sil
3.631271123886109,-14,-10,-5,-5,9,23,31,0,5,25,-11,-22,0,3,sil
3.6458699703216553,-10,-12,-8,-7,2,17,23,0,5,21,-10,-24,5,9,sil
3.661318302154541,-6,-20,-5,-15,-15,-6,0,-6,-9,-9,-33,-31,-2,-3,sil
3.661318302154541,-8,-22,-10,-23,-15,-12,-7,-7,-14,-25,-38,-26,-9,-7,sil
3.6766257286071777,-7,-16,-15,-19,-2,-3,0,-4,-3,-11,-13,-9,0,3,sil
3.6766257286071777,0,-7,-5,-18,-3,-2,0,0,1,-7,-3,-1,4,0,sil
3.6766257286071777,0,-8,-11,-27,-16,-11,-5,0,0,-13,-10,-8,0,-11,sil
3.693585157394409,-7,-17,-7,-39,-23,-14,-3,-1,1,-15,-11,-4,-2,-12,sil
3.693585157394409,-6,-13,-4,-33,-18,-12,2,-3,7,-17,-4,2,1,-7,sil
3.7077560424804688,4,0,-3,-16,-10,-16,0,0,9,-17,2,4,4,-6,sil
3.7229971885681152,3,9,12,-8,-7,-14,-10,2,7,-8,11,8,4,-3,sil
3.7229971885681152,0,9,7,0,-3,-8,-11,-2,9,2,21,14,8,-1,sil
3.738579034805298,13,14,10,17,5,-10,-12,0,2,-1,20,19,6,-3,sil
3.738579034805298,19,19,8,23,10,-14,-17,10,-9,-10,18,21,1,0,sil
3.753967523574829,9,14,2,11,4,-10,-16,2,-9,-7,20,19,0,1,sil
3.753967523574829,0,8,12,9,1,0,-11,0,-9,-4,14,19,-6,-3,sil
3.770065069198608,0,8,6,18,8,8,-5,2,-8,-2,3,14,-7,1,sil
3.770065069198608,9,12,10,27,14,13,-2,0,-1,4,-1,6,-6,4,sil
3.785593271255493,14,14,8,33,13,17,0,-3,0,10,-1,7,-9,-1,sil
3.785593271255493,7,6,-4,24,10,17,9,0,-2,13,3,14,-9,9,sil
3.801617622375488,0,-1,8,6,5,18,12,6,1,15,0,15,-9,18,sil
3.801617622375488,-7,-6,0,4,3,14,5,0,0,10,-18,-5,-18,0,sil
3.816993951797485,-6,-5,-9,6,6,7,5,-1,0,6,-13,-28,-14,-3,sil
3.816993951797485,-2,-4,1,2,5,7,18,3,10,15,6,-28,7,13,sil
3.832739353179932,-15,-11,-2,-8,-3,2,15,-1,3,10,-3,-26,13,1,sil
3.832739353179932,-25,-18,-10,-25,-10,-3,-5,-2,-18,-16,-21,-32,-3,-16,sil
3.848946332931519,-15,-15,-17,-22,-11,-8,-11,0,-16,-17,-7,-20,-1,-5,sil
3.848946332931519,0,-4,1,0,-8,-7,0,-2,4,5,5,3,21,6,sil
3.864473581314087,8,4,9,3,2,1,7,-2,15,16,-3,8,24,5,sil
3.864473581314087,9,1,-8,-3,10,3,9,0,15,9,-7,0,10,4,sil
3.879993200302124,2,-1,-2,-3,-1,-6,9,-1,9,3,-3,-3,4,0,sil
3.879993200302124,3,0,-4,0,-9,-5,4,-6,5,0,-2,0,2,1,sil
3.8960020542144775,11,-3,-4,-6,-4,0,-3,-8,3,-5,-4,6,0,7,sil
3.8960020542144775,5,-7,4,-14,-6,-4,-4,0,2,-9,-5,8,2,0,sil
3.9115607738494873,-2,-6,-7,-11,-9,-4,-1,5,7,-4,0,4,3,-2,sil
3.9115607738494873,1,0,-2,-1,0,0,0,3,7,0,13,8,2,2,sil
3.9269495010375977,7,2,5,2,3,-4,0,2,0,-3,17,14,7,2,sil
3.9269495010375977,0,2,0,-4,-4,-18,-14,5,-12,-14,2,4,0,-9,sil
3.9423727989196777,-9,0,-3,-9,-11,-16,-28,3,-20,-21,-6,-4,-14,-19,sil
3.9423727989196777,-9,1,-5,0,0,0,-11,-3,-10,-8,9,0,-8,-13,sil
3.9578933715820312,3,16,8,8,19,9,5,-1,-4,4,25,13,0,-5,sil
3.9578933715820312,4,23,6,8,16,4,0,3,-12,-1,12,11,0,0,sil
3.973637104034424,-2,14,2,9,1,0,-2,2,-10,-6,0,0,-5,2,sil
3.973637104034424,0,7,16,12,5,8,3,-1,-2,1,6,0,-14,-1,sil
3.989557981491089,1,4,7,10,17,4,5,-2,-3,4,9,0,-15,-9,sil
3.989557981491089,-6,-1,3,2,8,1,2,6,-5,-1,-7,-8,-15,-9,sil
4.004590749740601,-11,-7,0,4,-4,10,5,7,0,4,-22,-15,-20,-1,sil
4.004590749740601,-5,-9,-4,11,-1,12,14,-1,3,20,-17,-12,-10,7,sil
4.026645421981812,-7,-14,-1,1,0,10,18,-1,12,22,-16,-12,4,11,sil
4.026645421981812,-16,-24,-14,-18,-13,7,12,-2,18,10,-25,-16,3,8,sil
4.027647256851196,-9,-18,-6,-23,-21,-5,1,-7,16,0,-20,-7,3,9,sil
4.036216020584106,9,-3,-1,-17,-14,-10,0,-3,10,0,-3,5,15,11,sil
4.051903247833252,20,-2,-8,-25,-14,-11,0,0,9,-1,0,15,19,7,sil
4.051903247833252,21,9,8,-17,-13,-13,-6,2,14,-4,16,32,21,8,sil
4.068104267120361,25,28,14,22,1,-6,-13,2,14,0,37,36,29,14,sil
4.068104267120361,27,20,9,38,11,-4,-21,1,-5,-2,22,13,18,6,sil
4.0835559368133545,8,9,-1,21,15,-3,-22,4,-16,-8,2,-7,0,-10,sil
4.0835559368133545,-15,7,-13,13,16,7,-2,-1,-7,-7,6,-15,-4,-15,sil
4.098830699920654,-15,-5,0,13,10,17,12,-9,-8,-7,-2,-14,-8,-7,sil
4.098830699920654,-4,-18,-5,2,5,9,8,-3,-9,-1,-15,-15,-11,0,sil
4.114327907562256,-7,-14,-7,-10,0,-1,2,4,5,10,-10,-11,-3,1,sil
4.114327907562256,-8,-10,-1,-17,-10,-12,0,1,13,10,-1,-1,7,4,sil
4.130241394042969,4,-3,-2,-17,-4,-24,-9,-4,3,2,12,12,11,5,sil
4.130241394042969,12,14,10,-15,6,-14,-19,0,-10,-6,22,24,2,-3,sil
4.146074533462524,1,18,6,-4,0,0,-4,3,-20,-13,14,9,-9,-16,sil
4.146074533462524,-9,7,5,10,-1,4,9,0,-24,-14,6,-9,-17,-19,sil
4.161689758300781,-13,3,5,16,6,7,0,-2,-22,-15,-2,-14,-23,-17,sil
4.161689758300781,-12,4,-9,16,5,15,0,-2,-18,-11,-17,-16,-24,-13,sil
4.177902460098267,-7,0,-2,21,1,26,19,0,-14,3,-18,-13,-17,-1,sil
4.177902460098267,-1,-6,0,15,2,23,18,0,0,14,-12,-8,-8,8,sil
4.1938557624816895,-1,-10,-3,-4,0,5,8,3,18,8,-14,-5,-2,11,sil
4.1938557624816895,-5,-11,-3,-15,-2,2,23,8,25,10,-11,-1,5,9,sil
4.2099316120147705,-7,-17,-7,-13,-5,4,25,0,18,15,-6,0,9,5,sil
4.2099316120147705,-2,-18,1,-16,-13,-2,0,-3,11,4,-6,-6,0,2,sil
4.225409030914307,0,-5,-1,-9,-8,-8,-10,5,16,3,0,-3,4,7,sil
4.225409030914307,1,3,-3,0,0,-9,-12,6,18,11,3,5,16,9,sil
4.2409868240356445,3,0,6,-2,-2,-10,-15,0,7,8,0,5,13,2,sil
4.2409868240356445,5,-6,-5,-12,-4,-10,-11,-6,4,10,6,0,11,7,sil
4.256595611572266,9,0,-2,-17,3,-5,-5,-3,10,12,8,6,15,14,sil
4.256595611572266,5,7,-2,-12,6,-2,0,1,7,-6,-3,6,3,2,sil
4.271693468093872,-2,7,-5,-9,-2,-10,-6,0,-10,-28,-9,1,-10,-15,sil
4.271693468093872,3,10,7,-9,-10,-15,-20,-5,-17,-21,3,13,-4,-11,sil
4.287074565887451,24,16,7,6,-5,-9,-15,-3,-1,-4,20,27,7,7,sil
4.287074565887451,22,13,13,11,-1,-7,-11,2,1,-10,21,25,5,5,sil
4.303159236907959,5,3,4,0,-4,-10,-14,0,-16,-23,10,9,-6,-14,sil
4.303159236907959,2,1,-7,2,-4,-7,-4,-1,-26,-20,0,-5,-11,-10,sil
4.318846940994263,0,7,3,15,0,5,5,5,-12,-10,-3,-8,-1,5,sil
4.318846940994263,-12,3,0,10,3,14,6,1,0,-1,-2,-5,4,0,sil
4.333890199661255,-8,0,2,5,7,11,7,-2,-3,7,5,-4,1,-9,sorry
4.333890199661255,2,4,6,15,8,11,8,1,0,14,19,2,6,-3,sorry
4.349029779434204,1,7,2,17,7,9,4,1,11,18,17,7,10,3,sorry
4.349029779434204,-3,0,6,13,8,3,5,4,11,24,0,0,3,4,sorry
4.364796161651611,-9,-7,-4,15,13,7,9,2,12,30,0,-10,3,3,sorry
4.364796161651611,-7,-4,0,19,20,22,16,-2,14,25,8,-7,6,1,sorry
4.380927085876465,-1,-1,5,14,19,21,22,0,6,15,4,-1,1,4,sorry
4.380927085876465,-3,-8,-9,6,4,2,20,2,-1,3,-10,-8,-8,5,sorry
4.395427227020264,-7,-4,-1,1,-5,-1,8,-2,-6,-12,-24,-19,-18,-4,sorry
4.395427227020264,-8,3,-3,-7,-1,-4,-3,-6,-15,-22,-23,-21,-20,-14,sorry
4.411077499389648,-9,-2,-9,-22,-2,-5,-7,-3,-20,-22,-16,-18,-22,-14,sorry
4.411077499389648,-9,-10,-7,-24,-7,0,-4,-2,-11,-19,-21,-13,-17,-5,sorry
4.426687479019165,-10,-9,-13,-18,-9,-6,-7,-1,-1,-20,-29,-10,-8,-1,sorry
4.426687479019165,-6,-6,-3,-20,-15,-17,-16,0,-3,-19,-23,-7,-9,-2,sorry
4.443610429763794,10,-3,0,-9,-17,-12,-12,0,-4,-6,-2,6,-2,6,sorry
4.443610429763794,22,-4,8,0,-13,-7,-3,0,5,8,9,19,14,17,sorry
4.458813428878784,7,-9,4,-4,-14,-2,0,7,17,11,2,5,9,8,sorry
4.458813428878784,-5,-11,-16,-6,-9,1,0,0,7,4,-7,-12,-9,-5,sorry
4.472991228103638,-1,-3,-1,-5,1,4,1,0,-6,1,0,-1,-4,-5,sorry
4.490593433380127,3,3,6,-4,5,8,8,5,7,13,21,18,20,5,sorry
4.490593433380127,4,3,0,1,1,6,9,4,28,29,25,22,31,17,sorry
4.490593433380127,1,-1,1,0,0,1,-1,-1,15,20,12,16,20,9,sorry
4.5058887004852295,0,0,0,-7,-2,-4,-11,-6,-4,-2,13,16,12,3,sorry
4.5058887004852295,9,15,10,-4,0,-8,-5,-3,-1,-4,24,26,19,12,sorry
4.519052505493164,17,19,7,4,10,-8,1,1,4,9,25,28,24,15,sorry
4.534574747085571,12,12,2,6,13,-8,-3,-1,-2,2,16,13,8,2,sorry
4.534574747085571,5,9,10,0,7,-5,-8,-4,-7,-14,4,-1,-10,-10,sorry
4.550666570663452,-6,0,-1,-6,5,-6,-5,0,-7,-16,-10,-18,-20,-22,sorry
4.550666570663452,-16,-5,-1,-3,0,-8,-12,0,-16,-19,-15,-17,-21,-27,sorry
4.566748142242432,-3,6,1,6,0,0,-6,0,-13,-17,0,-3,-7,-13,sorry
4.566748142242432,11,17,7,21,3,5,8,1,0,-3,5,1,0,2,sorry
4.582232713699341,6,10,11,24,0,-3,0,1,-9,-5,-5,-1,-14,-1,sorry
4.582232713699341,-2,-4,-2,10,-5,-3,-11,-1,-12,-10,-4,-5,-17,-11,sorry
4.5978617668151855,-1,-3,2,5,0,8,1,3,7,2,-1,-13,-2,-3,sorry
4.5978617668151855,2,10,-1,23,8,17,17,10,17,6,-9,-16,0,5,sorry
4.613564014434815,1,8,-8,23,9,19,17,5,11,0,-9,-11,-1,5,sorry
4.613564014434815,-3,-6,5,5,6,18,12,0,10,11,-4,-7,4,6,sorry
4.628587961196899,-6,-13,-5,-1,0,14,10,-2,3,18,-9,-8,0,6,sorry
4.628587961196899,-11,-14,-9,-7,-3,14,10,0,-9,1,-18,-12,-14,0,sorry
4.644010066986084,-21,-12,-10,-9,-2,6,5,0,-9,-1,-14,-12,-5,-3,sorry
4.644010066986084,-21,-14,-15,-9,0,-2,-3,-4,-6,10,-9,-12,2,-2,sorry
4.659586668014526,-11,-20,-7,-24,-3,0,-3,-3,-7,5,-23,-21,-10,-4,sorry
4.659586668014526,-10,-15,-12,-27,-7,-7,0,-4,-3,-8,-27,-23,-12,-6,sorry
4.6746485233306885,-5,0,-6,-15,0,-19,0,-6,-1,-5,0,3,7,0,sorry
4.6746485233306885,5,-2,1,-17,0,-8,5,2,12,11,23,22,19,10,sorry
4.690305709838867,11,-8,-2,-14,-3,-2,12,3,32,18,23,16,22,20,sorry
4.690305709838867,19,7,13,2,-3,-8,0,0,21,12,21,25,24,18,sorry
4.705993413925171,19,15,10,9,-7,-10,-17,-1,0,7,20,33,16,11,sorry
4.705993413925171,12,4,9,9,-12,-12,-20,0,1,0,15,29,7,8,sorry
4.721596956253052,16,1,19,13,-9,-16,-14,-2,2,-8,22,30,8,4,sorry
4.721596956253052,13,0,6,1,-9,-12,-8,0,-4,-7,25,23,4,-3,sorry
4.73798418045044,-2,2,0,-11,-4,1,-5,5,-9,-15,7,4,-8,-8,sorry
4.73798418045044,-7,11,0,-2,5,4,-7,3,-18,-28,-5,0,-19,-8,sorry
4.753942966461182,0,11,2,2,0,-6,-15,-1,-27,-24,-4,1,-23,-14,sorry
4.753942966461182,0,9,1,2,0,-3,-11,1,-11,-9,1,-2,-10,-16,sorry
4.76901125907898,1,15,1,18,17,12,3,1,4,4,10,-5,3,0,sorry
4.76901125907898,3,17,16,36,25,25,14,0,-6,10,0,-11,-4,6,sorry
4.784688711166382,-1,5,0,30,15,27,21,-2,-24,3,-22,-23,-17,-6,sorry
4.784688711166382,-14,-11,-16,7,10,23,25,-1,-17,1,-34,-38,-16,-12,sorry
4.8005530834198,-31,-26,-17,-15,6,15,22,1,8,13,-38,-45,-7,0,sorry
4.8005530834198,-26,-28,-26,-30,-5,0,17,2,29,17,-31,-33,8,5,sorry
4.815991401672363,-3,-14,-9,-27,-10,-5,14,3,31,6,-13,-9,17,0,sorry
4.815991401672363,0,-6,-5,-16,-8,-7,7,6,29,-1,-13,-7,5,-5,sorry
4.831686019897461,-5,-5,-7,-14,-12,-20,-8,4,16,-9,-18,-8,-2,-5,sorry
4.831686019897461,5,-3,4,-20,-15,-19,-20,-1,-4,-11,4,10,5,-6,sorry
4.847734212875366,16,1,4,-16,-7,-11,-20,-6,-8,-5,27,28,13,0,sorry
4.847734212875366,21,13,18,0,-3,-9,-21,-3,-3,-6,28,35,12,16,sorry
4.863435745239258,23,18,15,20,0,-3,-16,-2,-3,-2,31,35,13,15,sorry
4.863435745239258,19,13,5,25,4,0,-5,-4,-1,9,31,27,9,5,sorry
4.878628492355347,12,16,18,17,9,0,-7,-1,0,9,25,20,2,8,sorry
4.878628492355347,9,16,10,16,11,2,-9,-3,-8,0,21,13,0,9,sorry
4.89464807510376,0,3,1,15,7,4,-6,-4,-19,-8,8,0,-8,-3,sil
4.89464807510376,-13,-5,-4,6,0,0,-8,0,-13,-4,0,-8,-16,-9,sil
4.910760402679443,-9,0,-3,4,4,5,0,6,6,11,1,-7,-5,0,sil
4.910760402679443,2,8,9,13,12,14,12,9,14,18,0,-3,0,3,sil
4.926853895187378,-1,0,0,12,2,7,9,3,7,7,-5,-7,-1,5,sil
4.926853895187378,-10,-12,-2,-4,-8,3,4,0,4,6,-2,-13,2,7,sil
4.942308664321899,-7,-8,-5,-1,-2,9,25,1,-3,11,-8,-14,1,1,sil
4.942308664321899,-8,-6,-11,7,4,8,33,-4,-23,-5,-27,-16,-15,-2,sil
4.957961082458496,-22,-20,-10,-16,-1,3,12,-6,-25,-24,-38,-17,-23,-9,sil
4.957961082458496,-24,-27,-21,-36,-6,0,6,-1,-7,-12,-35,-19,-13,-13,sil
4.973795652389526,-14,-13,-11,-22,-4,-3,20,6,4,0,-28,-14,-9,-6,sil
4.973795652389526,-15,-10,-6,-18,-12,-5,17,9,11,-4,-23,-9,-8,-6,sil
4.989306688308716,-23,-28,-25,-36,-26,-20,-8,0,7,-11,-18,-11,-8,-16,sil
4.989306688308716,-9,-17,-7,-27,-23,-22,-23,-1,4,-9,0,1,0,-9,sil
5.00507378578186,23,23,9,9,-1,-4,-11,1,25,10,27,24,23,9,sil
5.00507378578186,40,34,15,22,9,0,-3,2,33,22,41,35,34,13,sil
5.020984649658203,32,19,16,15,6,0,-9,1,13,9,36,30,24,8,sil
5.020984649658203,22,20,9,17,11,6,-8,-2,3,-1,29,16,14,8,sil
5.036353826522827,15,19,13,13,21,8,-8,-6,7,1,19,0,6,1,sil
5.036353826522827,6,1,1,8,15,0,-15,-5,2,6,9,-3,3,0,sil
5.051958560943604,7,3,5,17,6,3,-15,0,-6,4,9,8,8,8,sil
5.051958560943604,7,13,14,16,10,7,-9,1,-19,-2,2,6,4,4,sil
5.067032337188721,-6,3,0,-2,5,-4,-11,-3,-25,-14,-12,-10,-8,-11,sil
5.067032337188721,-13,0,3,-8,-14,-15,-20,-3,-28,-25,-16,-14,-13,-17,sil
5.0825560092926025,-5,7,4,0,-12,-10,-14,2,-28,-24,-2,-1,-9,-8,sil
5.0825560092926025,-3,4,3,5,8,0,3,3,-21,-6,4,4,-7,0,sil
5.097951412200928,-9,-4,3,7,12,14,15,1,-7,12,-3,-5,-6,6,sil
5.097951412200928,-11,-9,-7,5,-1,17,22,0,3,15,-14,-17,-7,5,sil
5.113358020782471,-7,-14,-4,-8,-11,12,26,0,11,9,-20,-14,-13,2,sil
5.113358020782471,-4,-18,-9,-17,-7,9,22,0,19,10,-19,-8,-12,8,sil
5.129356861114502,-4,-20,-15,-17,-9,0,14,0,24,4,-11,-4,-3,12,sil
5.129356861114502,0,-15,-3,-14,-14,-11,9,3,23,0,1,9,0,3,sil
5.145095109939575,9,-4,-2,-6,-5,-14,-1,-1,18,3,15,21,2,1,sil
5.145095109939575,13,8,4,0,3,-8,-15,-4,6,0,15,17,6,3,sil
5.159977674484253,6,14,0,2,2,-7,-15,5,-2,-9,12,5,9,-6,sil
5.159977674484253,1,11,-2,9,5,-2,-9,9,-5,-7,11,0,2,-11,sil
5.1760218143463135,-5,5,7,15,11,11,0,0,-12,-3,0,-6,-7,-8,sil
5.1760218143463135,-20,-5,-7,17,5,15,15,-5,-12,2,-13,-23,-12,-12,sil
5.191946506500244,-13,-8,-4,8,0,10,24,2,1,19,-10,-24,0,-3,sil
5.191946506500244,3,-2,0,0,1,7,16,6,15,27,0,-6,17,16,sil
5.20782995223999,3,-2,-6,-5,3,-3,-2,-4,13,11,4,6,20,20,sil
5.20782995223999,2,-4,1,-15,-4,-19,-19,-3,1,-7,3,14,10,4,sil
5.223953485488892,8,0,0,-18,-11,-24,-21,1,-12,-17,0,14,3,-11,sil
5.223953485488892,0,11,1,-10,-7,-20,-19,-4,-27,-28,0,9,-4,-25,sil
5.240049600601196,-13,10,-1,0,-1,-7,-14,-7,-35,-33,-7,0,-21,-26,sil
5.240049600601196,-17,0,-2,7,5,10,1,-1,-23,-18,-23,-10,-24,-11,sil
5.254626274108887,-4,-2,11,16,10,22,13,2,2,8,-13,-1,-3,5,sil
5.254626274108887,7,0,2,14,2,12,12,2,29,32,10,7,14,16,sil
5.270758867263794,8,-4,-1,-4,-6,0,4,7,35,25,7,0,14,13,sil
5.270758867263794,12,-2,3,-10,4,0,0,5,24,4,5,10,12,12,sil
5.286185503005981,25,11,2,-1,7,-1,-7,-3,8,1,26,32,13,19,sil
5.302961111068726,19,19,14,2,-4,0,-12,0,-7,3,32,16,6,10,sil
5.302961111068726,0,11,9,10,2,8,-1,4,-11,0,17,-26,-1,-6,sil
5.302961111068726,-6,-1,1,18,13,10,13,0,-6,1,-1,-42,-7,-7,sil
5.3179216384887695,-5,-10,-5,5,0,10,18,-3,0,9,-17,-28,-7,0,sil
5.3179216384887695,-8,-15,-12,-9,-10,2,12,0,6,7,-17,-8,-2,4,sil
5.333080291748047,-6,-18,-6,-16,-6,-8,5,-2,5,0,-10,6,1,0,sil
5.347852468490601,0,-14,-16,-21,-8,-13,-2,-6,-3,-9,-9,6,1,-1,sil
5.347852468490601,2,0,-9,-20,-12,-16,-18,0,-11,-22,-7,5,-1,-5,sil
5.347852468490601,2,13,10,-6,-7,-18,-20,4,-4,-19,5,19,-1,-7,sil
5.365347862243652,3,12,7,2,0,-11,-8,0,1,-6,20,21,2,-2,sil
5.365347862243652,-1,3,9,-2,-2,-3,-15,0,-15,-15,5,0,-5,-5,sil
5.380226135253906,-9,0,-1,-3,-6,-3,-29,-2,-32,-28,-19,-17,-24,-20,sil
5.380226135253906,-10,4,0,8,5,0,-13,-7,-19,-13,-15,-5,-23,-18,sil
5.396132230758667,-3,12,13,24,23,19,16,0,1,7,3,7,-3,0,sil
5.396132230758667,-1,1,-2,24,19,29,27,4,3,10,-1,-2,1,3,sil
5.412222146987915,-10,-13,-7,8,6,20,27,0,0,7,-19,-17,-10,0,sil
5.412222146987915,-16,-14,-6,-2,0,7,26,-2,13,16,-18,-15,-10,5,sil
5.425870656967163,-5,-9,-1,1,0,6,25,1,29,26,-2,-2,8,18,sil
5.440930366516113,8,0,7,11,8,18,26,7,34,33,13,10,23,24,sil
5.440930366516113,12,0,-2,5,9,9,16,1,29,36,16,8,21,20,sil
5.456088304519653,13,-4,6,-4,-3,-9,-3,3,22,27,13,7,18,15,sil
5.456088304519653,20,0,8,1,-2,-14,-4,10,21,19,22,19,27,21,sil
5.471773147583008,20,5,-3,0,-2,-18,-6,4,12,6,21,24,27,15,sil
5.471773147583008,2,4,-5,-21,-22,-25,-30,-5,-9,-19,0,12,10,-9,sil
5.488082408905029,-4,4,-9,-24,-23,-23,-37,-6,-24,-30,0,1,-1,-18,sil
5.488082408905029,6,8,1,-9,-1,-18,-22,-4,-26,-22,12,4,-2,-9,sil
5.503036022186279,1,2,-1,-9,0,-15,-15,-2,-20,-19,5,0,-5,-15,sil
5.503036022186279,-15,-5,-14,-21,-5,-7,-13,-2,-11,-21,-5,-16,-13,-29,sil
5.5186920166015625,-9,0,-2,-12,0,3,-9,-1,-12,-21,-7,-19,-20,-27,sil
5.5186920166015625,1,8,4,13,5,8,-5,0,-20,-21,-10,-8,-21,-15,sil
5.533809185028076,0,8,9,17,5,9,0,2,-21,-17,-14,-3,-16,-6,sil
5.533809185028076,-7,0,1,2,5,12,4,0,-14,-8,-9,-10,-12,-4,sil
5.54904055595398,-17,-10,-7,4,0,9,2,-7,-18,-8,-13,-20,-18,-7,sil
5.54904055595398,-17,-4,5,9,-3,8,0,-6,-28,-13,-22,-19,-24,-6,sil
5.564496994018555,-8,0,0,6,4,15,7,-1,-12,0,-13,-12,-15,2,sil
5.564496994018555,-3,-5,0,9,11,20,25,4,17,23,0,-6,0,14,sil
5.580024480819702,3,2,7,24,9,22,36,8,36,38,10,3,16,23,sil
5.580024480819702,9,8,-6,22,4,11,27,7,40,37,11,10,26,27,sil
5.595658779144287,5,-5,-1,1,-1,0,12,5,33,25,4,10,19,20,sil
5.595658779144287,5,-13,-3,-8,-7,-1,6,0,25,15,0,8,10,12,sil
5.61085319519043,10,0,-2,-9,-10,-3,2,-5,17,8,-2,12,9,10,sil
5.61085319519043,0,-3,0,-20,-10,-17,-8,-4,1,-2,-1,11,7,1,sil
5.6269447803497314,-10,-11,-5,-29,-13,-27,-23,-7,-17,-14,0,1,0,-8,sil
5.6269447803497314,-1,5,3,-25,-12,-17,-28,-5,-17,-14,0,0,-1,-6,sil
5.642575979232788,12,16,0,-6,4,-5,-16,4,0,0,12,9,8,3,sil
5.642575979232788,19,11,6,13,20,3,-1,3,8,3,24,18,18,5,sil
5.658104658126831,12,5,13,12,12,6,3,0,3,-4,16,15,12,-1,sil
5.658104658126831,-4,-4,-1,-2,-2,-5,0,1,-2,-10,4,2,0,-10,sil
5.673939943313599,-7,-4,1,-2,-3,-6,-1,7,-6,-10,-2,-6,-12,-12,sil
5.673939943313599,-1,6,-4,9,2,2,0,4,-7,-9,-11,-11,-14,-8,sil
5.6896679401397705,-3,3,-6,4,6,-1,-1,0,-3,-7,-9,-8,-9,-7,sil
5.6896679401397705,3,1,9,5,9,-3,-1,1,3,1,1,0,-1,-4,sil
5.7057318687438965,20,14,9,27,13,5,5,0,8,9,6,6,3,7,sil
5.7057318687438965,10,12,4,21,4,4,-3,-1,-3,1,0,4,-1,6,sil
5.721044540405273,-12,-5,-11,-7,-4,-3,-12,-5,-22,-15,-10,-6,-11,-12,sil
5.721044540405273,-16,-13,-15,-9,-5,-2,-2,-8,-22,-19,-23,-17,-12,-17,sil
5.7369303703308105,-1,-4,2,4,1,4,9,3,0,1,-9,-4,0,0,sil
5.7369303703308105,12,9,4,17,10,10,11,8,14,21,21,11,17,16,sil
5.752055883407593,8,9,11,16,7,9,2,0,6,16,27,7,13,13,sil
5.752055883407593,-11,-14,0,-23,-15,3,1,-3,-2,5,6,-11,-3,0,sil
5.767699480056763,-15,-26,-12,-47,-29,7,11,0,-3,8,-6,-19,-7,-2,sil
5.767699480056763,-11,-12,-4,-9,-14,18,13,0,-3,6,-5,-15,-3,0,sil
5.782781839370728,-20,-9,-7,9,-1,15,9,-1,0,3,-9,-18,-7,-2,sil
5.782781839370728,-22,-15,-4,-11,-5,2,14,-1,3,11,-22,-20,-9,-4,sil
5.798903703689575,-11,-13,-9,-13,-14,-8,11,-2,7,6,-24,-12,0,-2,sil
5.798903703689575,-6,-9,-15,-17,-17,-22,-7,-2,11,-9,-14,2,6,0,sil
5.815014839172363,-1,0,3,-27,-4,-24,-21,2,16,-9,0,13,7,1,sil
5.815014839172363,6,13,6,-8,7,-16,-20,0,11,-7,13,21,11,-1,sil
5.830646991729736,12,19,6,0,7,-14,-18,-5,-8,-21,17,34,1,-3,sil
5.830646991729736,16,16,6,-2,5,-10,-21,-4,-24,-24,3,31,-18,2,sil
5.845964670181274,16,18,7,14,10,-5,-21,0,-24,-16,0,7,-13,3,sil
5.845964670181274,15,23,19,26,16,-6,-15,1,-17,-10,20,6,12,-1,sil
5.861656665802002,19,23,14,31,14,-3,-7,-3,-6,2,34,19,19,3,sil
5.861656665802002,22,18,11,37,12,6,-5,2,0,8,19,10,6,11,sil
5.876821279525757,13,6,1,26,16,14,8,9,1,0,0,-5,-3,2,sil
5.876821279525757,-1,-6,-11,15,20,15,26,5,4,8,-7,-14,-3,0,sil
5.89296555519104,-5,-4,4,16,8,15,21,6,12,17,-10,-16,0,4,sil
5.89296555519104,5,-4,2,7,-1,10,19,9,17,12,-4,-11,0,5,sil
5.907729625701904,5,-15,-1,-4,-4,10,30,4,13,10,-5,-5,-5,2,sil
5.907729625701904,-12,-16,-7,-14,-9,16,22,-4,3,12,-17,-10,-4,-4,sil
5.923373937606812,-27,-14,-24,-22,-9,10,6,-5,0,3,-17,-19,-2,-14,sil
5.923373937606812,-24,-16,-7,-16,0,2,12,3,5,0,-12,-20,-8,-9,sil
5.941652536392212,-14,-11,-1,-3,0,4,14,0,11,6,-13,-12,-9,3,sil
5.941652536392212,-10,-5,-3,-10,-8,2,-5,-13,12,5,-8,-2,2,6,sil
5.955664873123169,-8,-7,2,-15,-11,-5,-8,-9,10,4,-1,2,14,1,sil
5.955664873123169,-8,-15,-7,-14,-10,-13,-2,-3,2,4,-8,-3,8,0,sil
5.97076416015625,-14,-14,-11,-24,-17,-21,-22,-1,-9,-12,-14,-9,-6,-8,sil
5.97076416015625,-12,-5,-10,-22,-20,-23,-36,0,-14,-21,-1,0,-4,-10,sil
5.98687744140625,7,7,6,-6,-10,-12,-26,-4,-11,-10,13,13,9,0,sil
6.003960132598877,24,14,21,0,-2,0,-16,-8,-7,-2,24,22,17,1,sil
6.003960132598877,22,13,7,1,0,-3,-12,2,-4,-1,30,20,16,5,sil
6.003960132598877,19,15,10,6,4,-7,-9,13,-3,0,25,19,12,12,sil
6.018580198287964,20,20,8,8,3,-4,-3,3,0,-1,24,22,13,10,sil
6.042607307434082,18,17,3,7,4,-4,1,-4,0,-3,19,19,9,4,sil
6.0436060428619385,13,13,12,12,11,0,9,3,-3,-2,7,12,-4,0,sil
6.0436060428619385,5,7,4,19,10,3,15,2,-1,-1,3,11,-8,2,sil
6.0436060428619385,-2,1,0,8,3,2,3,-4,-11,-10,-1,5,-9,1,sil
6.049994230270386,-5,0,-3,0,8,4,-4,1,-14,-10,-11,-9,-13,-5,sil
6.066687345504761,-2,0,0,16,14,9,6,6,0,3,-12,-11,-12,-10,sil
6.066687345504761,-10,-5,1,18,5,10,10,0,1,13,-16,-13,-17,-10,sil
6.0820605754852295,-26,-12,-18,-1,-1,9,4,-4,-8,4,-23,-32,-28,-14,sil
6.0820605754852295,-21,-12,-8,-3,5,12,10,2,0,-2,-16,-28,-20,-11,sil
6.096591472625732,-7,-5,0,11,12,11,11,3,9,2,-13,-11,-8,-1,sil
6.096591472625732,-11,-5,-10,8,3,8,1,0,4,7,-20,-17,-13,0,sil
6.112740993499756,-14,-4,-2,0,0,9,5,3,1,4,-15,-19,-20,-1,sil
6.11374044418335,-8,-2,-3,-2,0,4,18,0,4,5,-5,-5,-8,0,sil
6.1289496421813965,-5,-4,-3,-17,-12,-5,10,-5,0,3,-7,-3,5,1,sil
6.144005537033081,3,-8,-5,-21,-15,-4,0,1,3,2,0,-4,-5,4,sil
6.144005537033081,14,-2,-2,0,3,1,7,1,15,11,17,4,-5,17,sil
6.15985918045044,10,0,6,4,1,0,9,-5,15,6,14,8,55,18,sil
6.15985918045044,3,-8,-8,-11,-15,-7,0,-4,8,-4,2,10,96,9,sil
6.17556095123291,12,-4,0,-13,-8,-6,-6,4,15,3,8,20,45,15,sil
6.17556095123291,22,9,13,0,4,-6,-15,1,21,15,20,25,2,22,sil
6.17556095123291,19,6,5,-3,-2,-17,-28,-3,6,0,21,25,18,8,sil
6.190608501434326,18,6,15,-6,-9,-18,-28,2,-6,-10,18,38,17,0,sil
6.205782890319824,20,17,17,4,-2,-9,-19,0,-5,-3,21,33,-3,5,sil
6.205782890319824,6,9,7,-2,-1,-13,-24,-11,-11,-8,11,6,-16,-11,sil
6.224900722503662,-19,-5,-5,-15,-7,-17,-28,-11,-26,-27,-6,-11,-30,-37,sil
6.224900722503662,-18,2,-10,0,-6,-5,-10,-4,-28,-30,-9,-15,-35,-33,sil
6.224900722503662,-4,10,2,13,0,10,9,6,-17,-19,-3,-23,-28,-20,sil
6.23792290687561,-14,-4,-8,0,5,9,23,12,-8,-5,-10,-32,-22,-14,sil
6.256040334701538,-20,-4,-4,1,11,7,26,4,-7,1,-16,-21,-15,-6,sil
6.256040334701538,-4,10,11,20,13,17,19,1,-4,9,-7,-5,-7,-4,sil
6.256040334701538,-4,1,-3,15,9,18,9,1,1,12,-3,-6,-8,-2,sil
6.270561456680298,-16,-11,-6,1,6,8,4,0,0,3,-19,-11,-12,6,sil
6.271561145782471,-14,-12,-5,5,1,5,4,0,-1,0,-22,-11,-5,7,sil
6.286585807800293,-2,-9,-5,8,0,12,11,1,10,15,-5,-6,4,2,sorry
6.302633762359619,2,0,3,12,6,20,21,4,21,23,-1,4,7,14,sorry
6.302633762359619,0,-2,-3,6,0,6,14,0,10,5,-13,4,1,18,sorry
6.302633762359619,-5,-19,-6,-23,-18,-12,-9,-4,-8,-12,-13,-4,-8,-3,sorry
6.317754507064819,-6,-17,-8,-32,-13,-8,-7,0,3,2,3,-3,3,-7,sorry
6.317754507064819,3,0,3,-8,0,0,10,0,28,26,17,10,28,18,sorry
6.334961652755737,19,6,17,-5,-3,-3,12,0,28,19,21,24,27,30,sorry
6.334961652755737,24,3,-4,-17,-7,-8,0,0,24,9,17,16,16,16,sorry
6.350554466247559,22,11,-5,-5,0,-11,-10,0,22,7,18,10,23,6,sorry
6.350554466247559,23,25,7,16,8,-10,-14,0,-1,-7,22,22,21,8,sorry
6.364080667495728,17,21,10,19,8,-8,-20,-3,-38,-27,9,19,-4,0,sorry
6.379623651504517,3,12,9,12,3,-8,-29,0,-46,-29,-3,-6,-18,-19,sorry
6.379623651504517,0,11,0,14,3,-3,-20,1,-24,-19,0,-17,-11,-18,sorry
6.379623651504517,1,4,5,17,9,7,0,0,-13,-11,-5,-5,-16,-3,sorry
6.394780158996582,-13,-15,-4,6,1,9,4,-3,-9,1,-21,-11,-24,-9,sorry
6.40995454788208,-27,-28,-20,-11,-17,1,5,-2,6,16,-13,-25,-7,-18,sorry
6.40995454788208,-19,-14,-6,-18,-17,6,11,0,15,17,5,-14,9,-5,sorry
6.426019668579102,-5,-4,-7,-13,0,5,4,-2,6,0,5,3,7,2,sorry
6.426019668579102,0,-3,-1,-16,1,-6,-12,-4,4,-16,0,11,5,-1,sorry
6.443121910095215,2,1,3,-16,-2,-19,-17,0,9,-15,6,18,13,0,sorry
6.443121910095215,2,10,2,-1,2,-23,-15,0,0,-6,15,22,11,3,sorry
6.457696914672852,0,15,15,4,8,-9,-5,4,-5,-2,10,13,0,-1,sorry
6.457696914672852,-6,8,8,1,9,5,10,5,-3,-4,0,-2,-6,-12,sorry
6.47375226020813,-11,3,3,7,8,7,12,3,-17,-13,-11,-13,-18,-18,sorry
6.47375226020813,-14,0,3,17,3,16,10,1,-26,-7,-19,-16,-28,-9,sorry
6.489896059036255,-10,-3,-3,19,0,27,24,-1,-8,11,-19,-17,-18,0,sorry
6.489896059036255,-3,-7,0,17,6,29,34,0,5,22,-19,-17,-5,1,sorry
6.507956981658936,-3,-13,-4,11,5,20,31,3,12,30,-12,-9,1,13,sorry
6.507956981658936,1,-12,2,0,-8,4,21,3,21,31,0,3,5,30,sorry
6.507956981658936,9,-4,3,0,-13,-2,7,1,18,17,0,5,4,23,sorry
6.522141695022583,8,-2,-14,-6,-8,-2,-1,-1,3,-1,-6,-5,-1,5,sorry
6.522141695022583,10,-3,-5,-18,-8,-9,-12,0,1,-8,-5,-5,5,2,sorry
6.536764860153198,15,0,0,-14,-2,-17,-22,0,17,2,9,5,19,4,sorry
6.551791191101074,7,0,-3,-7,0,-10,-23,0,23,7,19,7,12,-2,sorry
6.551791191101074,-1,0,0,-16,-8,-7,-23,-1,6,-7,6,-1,2,-11,sorry
6.56893515586853,3,-4,-3,-17,-6,-16,-22,-4,-4,-9,0,2,9,0,sorry
6.56893515586853,13,3,2,-4,6,-5,-10,-1,4,13,22,22,21,7,sorry
6.584996700286865,7,9,-3,0,7,1,0,0,9,16,31,23,21,1,sorry
6.584996700286865,-2,0,-1,-2,-1,-8,-4,-4,0,-8,5,8,6,-3,sorry
6.599620342254639,0,0,8,0,0,-5,2,-3,-5,-24,-6,8,-2,-1,sorry
6.599620342254639,5,14,2,12,9,4,9,0,-1,-14,5,7,-3,1,sorry
6.615220069885254,-1,15,4,9,0,-1,-4,0,-20,-16,0,-8,-19,-3,sorry
6.615220069885254,-14,0,-6,-4,-9,-8,-14,-6,-44,-36,-14,-21,-28,-21,sorry
6.632871627807617,-12,-6,-8,-4,0,-2,0,0,-28,-31,-15,-14,-12,-23,sorry
6.632871627807617,0,0,12,11,5,6,16,11,7,1,0,0,-4,0,sorry
6.6460371017456055,3,2,8,21,5,6,21,5,11,13,10,6,-10,11,sorry
6.6460371017456055,0,4,7,21,12,0,9,-2,-12,-3,3,3,-7,0,sorry
6.661622524261475,-4,4,3,17,10,2,0,-1,-17,-7,-5,-6,-5,-5,sorry
6.661622524261475,0,3,4,11,1,10,-3,0,-2,5,-1,-7,-5,0,sorry
6.677064895629883,0,8,13,17,6,17,0,4,2,11,0,1,2,6,sorry
6.677064895629883,-7,0,-4,13,7,9,0,3,-1,8,-14,-5,0,-1,sorry
6.693073749542236,-15,-15,-12,-15,-5,5,-4,0,-6,6,-21,-16,-8,-11,sorry
6.693073749542236,-12,-18,-8,-25,-4,8,0,5,-2,11,-5,-10,1,-6,sorry
6.708753347396851,-6,-11,-6,-10,0,1,7,5,0,11,0,-8,7,1,sorry
6.709152221679688,-3,-8,0,-13,-11,-5,1,-1,9,10,-5,-5,0,3,sorry
6.723827362060547,1,-5,-8,-20,-16,-5,0,-7,28,20,5,6,10,11,sorry
6.723827362060547,0,-3,-2,-16,-6,-2,2,-2,22,21,7,1,16,13,sorry
6.739010334014893,-6,-7,-5,-16,-2,-1,1,0,1,4,-10,-14,0,0,sorry
6.739010334014893,0,-4,-9,-11,-6,-2,-3,-5,1,-3,-11,-8,-3,-4,sorry
6.7546045780181885,13,7,7,0,-7,-5,0,-1,11,3,2,11,11,5,sorry
6.7546045780181885,18,5,2,1,-2,-2,5,3,16,6,6,17,18,10,sorry
6.770534992218018,23,8,6,0,2,-2,3,0,20,-3,10,17,11,8,sorry
6.770534992218018,31,21,14,10,13,-2,2,-2,17,-6,26,30,13,16,sorry
6.786604404449463,24,16,2,15,16,-8,2,2,9,-3,35,41,21,20,sorry
6.786604404449463,8,2,3,-2,-1,-18,-15,2,0,-18,24,31,9,0,sorry
6.802069425582886,-2,0,-3,-5,-10,-22,-30,-5,-16,-34,5,7,-12,-20,sorry
6.802069425582886,-9,1,-2,12,1,-5,-13,-2,-27,-24,-6,-4,-22,-16,sorry
6.8176329135894775,-12,-1,2,16,10,17,10,4,-11,0,-6,-13,-13,-6,sil
6.8176329135894775,-11,-3,-2,14,7,22,16,4,3,11,-1,-30,-5,-1,sil
6.833385229110718,-15,0,2,19,8,14,7,3,-13,0,-8,-37,-13,-6,sil
6.833385229110718,-25,-9,0,12,6,12,4,-1,-34,-8,-25,-33,-24,-16,sil
6.848851680755615,-21,-24,-2,-5,0,16,9,-7,-27,0,-31,-27,-24,-14,sil
6.848851680755615,-16,-18,-6,-8,-4,12,12,0,-7,7,-22,-18,-19,-6,sil
6.864486455917358,-14,-3,-13,-3,-3,-2,7,2,10,12,-7,-6,-2,0,sil
6.864486455917358,3,3,2,-6,-2,-11,0,0,19,21,0,7,17,11,sil
6.880135774612427,16,1,1,-11,-9,-15,-5,-3,13,10,1,11,14,10,sil
6.880135774612427,12,0,-1,-16,-18,-19,-13,-3,3,-10,1,13,5,3,sil
6.895951986312866,12,5,8,-15,-16,-9,-12,0,2,-9,8,24,14,6,sil
6.895951986312866,15,12,4,-6,-6,-3,-6,0,1,-1,12,21,12,7,sil
6.912053108215332,13,13,12,0,0,-9,-9,0,-5,-10,11,13,0,1,sil
6.912053108215332,6,11,6,2,7,-4,-14,3,-12,-13,5,8,0,-5,sil
6.9276087284088135,-10,6,-9,0,11,4,-12,0,-20,-10,-5,-10,-4,-17,sil
6.9276087284088135,-23,1,-6,6,12,14,-3,-4,-15,-4,-8,-21,-17,-21,sil
6.942901134490967,-11,0,-1,23,18,21,10,-1,5,9,-2,-9,-5,-3,sil
6.942901134490967,0,-1,4,21,14,21,19,12,16,16,-6,-3,2,11,sil
6.9586341381073,-2,-6,-7,6,2,9,21,12,20,22,-4,-12,3,12,sil
6.9586341381073,2,-10,-7,-4,-4,-9,11,0,31,28,13,-3,16,14,sil
6.974041700363159,11,-5,10,-16,-7,-22,-9,-3,21,9,19,18,19,10,sil
6.974041700363159,11,-1,-2,-19,-9,-22,-20,-4,-5,-20,11,22,6,0,sil
6.989644289016724,10,0,0,-9,-8,-8,-16,-5,-17,-26,16,14,0,-3,sil
6.989644289016724,3,3,6,0,-4,-1,-9,0,-12,-15,16,6,-4,-4,sil
7.0049426555633545,-5,6,-1,9,1,3,0,3,-11,-7,0,-5,-14,-2,sil
7.005446910858154,-1,2,5,22,8,23,21,5,5,10,-3,-9,-4,7,sil
7.02058744430542,8,-3,4,22,6,30,39,3,31,33,0,1,10,21,sil
7.02058744430542,1,-6,-1,0,-1,16,25,0,19,26,-17,0,4,11,sil
7.036003351211548,-12,-15,-14,-19,-8,8,3,-7,-3,0,-35,-19,-10,-11,sil
7.036003351211548,-12,-21,-20,-25,-15,-3,-2,-12,-1,-8,-22,-17,-8,-11,sil
7.052193641662598,0,-3,-1,-20,-15,-21,-7,-3,7,-3,0,8,6,2,sil
7.052193641662598,0,7,2,-7,-6,-22,-16,1,-1,-1,9,14,13,-4,sil
7.066585063934326,-2,5,5,-2,0,-18,-25,1,-20,-15,6,4,0,-22,sil
7.066585063934326,6,14,8,0,5,-17,-21,2,-20,-17,11,11,0,-14,sil
7.082150220870972,13,21,5,5,12,-12,-10,2,-6,-4,19,14,8,2,sil
7.082150220870972,0,11,14,8,9,-3,-4,1,-11,-8,4,0,-4,0,sil
7.097949028015137,-8,4,5,15,9,4,5,0,-18,-20,-10,-15,-16,-10,sil
7.114725351333618,2,12,6,31,22,15,19,0,-7,-11,-2,-11,-9,-4,sil
7.114725351333618,4,11,7,35,22,25,25,0,0,5,-3,-6,-8,4,sil
7.114725351333618,-6,-9,-9,10,6,23,28,0,1,12,-19,-13,-10,12,sil
7.130566120147705,-13,-24,-7,-15,-3,13,20,0,6,9,-20,-18,-7,6,sil
7.130566120147705,-8,-18,-12,-15,-10,0,8,3,10,6,-8,-15,-7,0,sil
7.146076679229736,-1,-16,-8,-17,-15,-2,4,0,15,10,-1,-2,1,7,sil
7.146076679229736,-6,-19,-3,-32,-18,-10,-12,-3,18,8,-2,3,11,8,sil
7.161633968353272,-5,-8,-11,-19,-17,-28,-45,-5,2,-3,-3,3,5,-2,sil
7.1626341342926025,16,18,6,9,-5,-19,-49,0,-9,-11,9,22,3,-1,sil
7.17669939994812,23,26,8,16,5,0,-22,1,-6,-4,26,33,11,2,sil
7.193802118301392,7,15,2,10,1,0,-6,3,-5,1,23,14,5,1,sil
7.193802118301392,6,12,8,10,1,2,0,4,-5,5,14,5,0,1,sil
7.193802118301392,5,5,-1,12,9,11,8,-2,-1,5,9,2,3,-2,sil
7.208889245986938,-19,-13,-5,5,1,8,9,-2,-6,0,-13,-21,-12,-17,sil
7.208889245986938,-35,-27,-13,-10,-15,9,10,3,-4,3,-25,-34,-23,-12,sil
7.223992347717285,-11,-20,-3,-20,-13,10,11,0,18,19,0,-8,0,10,sil
7.223992347717285,16,-1,18,-11,-1,0,5,-3,28,28,22,15,30,16,sil
7.240087509155273,12,5,0,-9,0,-17,-9,-3,13,7,8,8,26,7,sil
7.240087509155273,10,12,0,-16,1,-15,-13,1,0,-16,2,15,14,8,sil
7.255992650985718,26,23,10,-2,17,2,7,4,0,-10,22,31,17,10,sil
7.255992650985718,15,19,7,7,18,4,14,2,-11,-7,15,12,3,-4,sil
7.272134780883789,-15,4,5,-1,3,-4,1,2,-29,-28,-17,-21,-24,-21,sil
7.272134780883789,-22,-12,-7,0,0,0,3,-1,-26,-29,-28,-26,-28,-17,sil
7.28676962852478,-14,-17,-4,8,0,9,9,-9,-17,-10,-25,-15,-18,-7,sil
7.28676962852478,-11,-4,-2,12,1,13,13,-2,-2,1,-22,-14,-14,-3,sil
7.303054571151733,-4,2,-2,14,5,11,25,3,19,11,-12,-12,-7,6,sil
7.317639589309692,4,-1,4,12,0,5,25,1,27,17,-6,-1,0,13,sil
7.317639589309692,6,-3,-5,6,-5,0,9,-5,22,12,-8,5,3,8,sil
7.33338737487793,4,0,-1,-1,-4,-4,1,-3,20,3,-3,7,8,4,sil
7.33338737487793,5,-3,-1,-11,-6,-10,-4,5,16,0,8,10,13,4,sil
7.348745107650757,12,-3,-5,-12,-7,-16,-17,6,4,-1,16,12,10,0,sil
7.349252700805664,13,8,7,-5,-3,-11,-31,-3,-16,-12,7,9,-4,-11,sil
7.366405963897705,0,12,3,2,0,-6,-34,-6,-28,-15,4,10,-9,-17,sil
7.366405963897705,-2,4,2,15,7,2,-19,4,-15,0,25,17,5,-5,sil
7.366405963897705,6,4,9,25,16,11,-2,10,-3,13,30,13,12,9,sil
7.381010293960571,0,5,-1,19,10,7,-1,4,-12,6,3,-10,0,6,sil
7.381010293960571,-16,-1,-7,5,0,6,1,4,-14,2,-8,-23,-6,0,sil
7.395646572113037,-12,-14,-7,-3,-5,11,18,3,0,12,-4,-21,-3,6,sil
7.412689924240112,-9,-20,-3,-13,-6,6,15,-6,4,13,-16,-22,-6,4,sil
7.412689924240112,-20,-17,-9,-23,-8,2,0,-10,8,5,-30,-24,-8,-1,sil
7.412689924240112,-11,-8,-12,-22,-6,1,1,-6,16,0,-15,-9,0,5,sil
7.42880654335022,15,5,9,-11,-5,-8,6,-1,19,-1,11,16,13,10,sil
7.42880654335022,20,13,9,-3,-3,-18,-1,-1,17,-3,24,29,19,4,sil
7.44286036491394,6,7,3,-9,-1,-15,-10,0,6,-8,17,25,14,-3,sil
7.458379745483398,3,8,0,-9,-1,-11,-13,-2,-14,-15,12,18,3,-10,sil
7.458379745483398,10,21,5,7,0,-12,-10,-3,-26,-14,15,13,0,-4,sil
7.4739203453063965,8,22,18,16,3,-5,-5,5,-26,-11,12,7,-3,0,sil
7.4739203453063965,-4,0,-8,3,3,5,-1,7,-21,-11,-4,-8,-18,-16,sil
7.48882269859314,-15,-12,-18,-1,3,12,3,0,-10,-10,-24,-21,-32,-23,sil
7.48882269859314,-15,0,4,8,8,16,8,2,1,0,-33,-27,-25,-9,sil
7.504918098449707,-12,-3,-1,13,9,14,14,0,7,5,-30,-27,-8,0,sil
7.504918098449707,-3,-17,-2,2,3,14,19,-2,10,6,-18,-13,0,8,sil
7.520424127578735,6,-20,0,-7,-1,11,16,0,20,15,-6,0,13,19,sil
7.520424127578735,14,-14,2,-10,-5,-6,5,3,25,18,-1,7,23,16,sil
7.536066055297852,17,-2,11,-8,-3,-15,0,1,13,0,3,20,12,6,sil
7.536066055297852,7,3,0,-4,0,-9,-6,-5,-4,-18,12,22,1,0,sil
7.551940202713013,0,8,1,-5,-5,-7,-16,-2,-14,-14,21,14,9,-1,sil
7.551940202713013,2,15,1,0,-5,-9,-13,6,-9,3,30,12,13,0,sil
7.568089962005615,0,10,0,14,4,1,-2,5,-1,9,22,6,-1,0,sil
7.568089962005615,-10,4,4,24,10,20,4,0,1,10,-1,-8,-7,-5,sil
7.583735227584839,-17,0,-8,16,5,21,12,-4,4,13,-13,-25,-4,-5,sil
7.583735227584839,-13,-13,-14,-7,-2,3,10,-2,7,11,-17,-29,-12,-1,sil
7.598755836486816,-5,-17,-14,-20,-8,-3,2,0,15,13,-14,-8,-7,0,sil
7.598755836486816,4,0,-7,-14,-8,-5,-4,-1,15,9,5,16,11,1,sil
7.614028453826904,13,14,11,-7,-3,-12,-12,-3,-2,-8,22,20,10,0,sil
7.614028453826904,8,10,4,3,0,-12,-11,-3,-17,-17,15,12,-1,-7,sil
7.629614591598511,0,8,9,19,10,1,-3,0,-20,-13,0,6,-6,-6,sil
7.629614591598511,0,13,15,24,19,11,3,3,-19,-8,0,0,-3,2,sil
7.644731521606445,3,2,3,18,13,7,14,1,-5,4,1,-6,3,11,sil
7.644731521606445,0,-8,5,9,-1,8,15,3,16,19,-7,-6,7,12,sil
7.6599507331848145,0,-8,-3,0,-9,0,2,4,25,19,-13,-3,9,14,sil
7.6599507331848145,1,-4,-7,-19,-15,-15,-5,0,16,-1,-9,-2,8,13,sil
7.675216197967529,3,-2,-4,-31,-14,-12,-4,-4,10,-11,-3,-1,1,1,sil
7.675216197967529,10,0,-4,-25,-3,-10,-5,-2,5,-3,4,3,0,-3,sil
7.691280126571655,6,3,5,-12,-7,-22,-17,0,-8,-14,14,9,3,-6,sil
7.691280126571655,-5,2,0,-4,-12,-21,-26,-2,-18,-26,12,1,-1,-14,sil
7.706943035125732,0,3,-1,-1,2,-4,-21,-4,-21,-14,-3,-1,-16,-17,sil
7.706943035125732,-2,1,-2,1,11,4,-5,0,-27,-8,-14,-5,-20,-15,sil
7.7221057415008545,-16,-8,-8,11,4,7,1,2,-27,-15,-6,-11,-13,-12,sil
7.7221057415008545,-12,-5,3,16,8,16,0,1,-18,-10,-1,-5,-7,-9,sil
7.737621068954468,-6,0,-4,6,12,19,5,-1,-8,0,-11,-3,-11,-5,sil
7.737621068954468,-11,-4,-3,0,3,17,18,1,0,7,-14,-7,-11,-1,sil
7.752777576446533,-3,-3,7,14,7,24,35,4,18,21,0,-1,3,4,sil
7.752777576446533,4,-4,-4,21,9,22,40,-3,28,27,3,1,9,7,sil
7.768880367279053,0,-13,-2,-1,-5,5,18,0,20,19,-9,-3,1,5,sil
7.768880367279053,-1,-11,-1,-14,-8,-5,5,3,25,24,-5,-3,11,13,sil
7.78504467010498,11,4,0,-3,2,-6,4,-5,41,31,9,3,24,23,sil
7.78504467010498,15,11,5,-3,0,-9,-11,-3,27,11,11,15,15,13,sil
7.799614429473877,5,0,-7,-19,-12,-23,-31,4,-3,-12,13,16,7,-4,sil
7.815667390823364,2,0,0,-29,-13,-21,-30,2,-19,-25,10,3,0,-15,sil
7.815667390823364,5,14,7,-7,-3,-7,-15,-1,-18,-26,0,-3,-10,-14,sil
7.815667390823364,7,20,9,21,4,-10,-7,-2,-12,-16,7,6,0,-1,sil
7.831776142120361,6,17,14,25,3,-9,-7,0,-8,-4,20,19,12,9,sil
7.831776142120361,0,9,4,14,3,2,-4,-3,-16,-6,4,3,0,2,sil
7.8478734493255615,-9,0,3,2,4,8,-3,-2,-28,-19,-17,-11,-19,-13,sil
7.8478734493255615,-9,-6,-5,-3,2,7,-2,6,-17,-14,-10,-8,-16,-10,sil
7.864214897155762,-1,1,-7,9,4,14,7,11,9,12,3,0,1,11,sil
7.864214897155762,0,5,3,18,7,15,18,5,19,28,3,3,11,19,sil
7.878700017929077,-6,-9,-11,-4,1,0,18,-5,12,13,-2,-3,0,6,sil
7.878700017929077,-7,-18,-11,-15,-4,-1,17,-7,3,1,-17,-14,-13,1,sil
7.894087791442871,-2,-12,-4,0,-5,9,19,-1,-3,13,-18,-14,-2,6,sil
7.894087791442871,-1,-12,-2,-4,-1,10,13,0,-2,23,0,-7,9,2,sil
7.911314964294434,0,-7,9,-16,0,3,6,1,14,16,4,-3,3,0,sil
7.911314964294434,5,0,2,-6,0,-2,6,1,25,8,-3,0,3,1,sil
7.926119327545166,7,-3,0,-4,-2,-6,1,0,13,0,0,4,11,-3,sil
7.926119327545166,0,-8,-5,-13,-4,-6,-9,0,0,-7,4,4,8,-3,sil
7.940966129302978,-4,-6,-13,-9,-10,-14,-24,0,-4,-15,1,1,0,0,sil
7.954888343811035,-1,-1,1,-10,-14,-23,-29,-5,-9,-27,-6,7,-6,-8,sil
7.954888343811035,2,0,0,-11,-5,-18,-17,-5,-8,-28,-4,10,0,-8,sil
7.970070123672485,11,13,2,5,5,-4,-10,2,-4,-13,6,11,4,-1,sil
7.970070123672485,17,26,11,25,4,0,-13,1,-8,-9,18,17,-2,-3,sil
7.985588550567627,12,24,8,22,3,-7,-18,-6,-19,-19,19,18,-3,-2,sil
7.985588550567627,3,14,7,6,8,-3,-17,-2,-25,-17,8,6,0,-4,sil
8.001642942428589,-9,3,-10,0,8,4,-11,0,-21,-5,-7,-15,-15,-17,sil
8.001642942428589,-22,-3,-10,3,3,0,-6,0,-15,0,-13,-26,-25,-23,sil
8.016866683959961,-16,0,3,12,4,4,4,6,0,8,0,-12,-8,-6,sil
8.016866683959961,0,1,2,11,7,20,25,7,14,21,9,-1,6,10,sil
8.032579898834229,1,-4,10,0,4,27,28,5,12,25,0,-10,4,10,sil
8.032579898834229,-2,-9,4,3,2,22,27,5,13,30,-8,-12,0,6,sil
8.054030179977417,-11,-12,-1,6,0,20,33,1,18,24,-12,-5,-2,2,sil
8.055030584335327,-11,-16,-7,-9,0,17,26,-3,11,7,-15,-11,-1,0,sil
8.055030584335327,0,-12,-12,-11,-4,3,14,-4,19,10,-4,-8,7,10,sil
8.064697742462158,1,-1,6,-3,-6,-4,16,2,32,20,4,9,14,19,sil
8.07982325553894,1,0,2,-7,-5,-5,12,2,23,8,0,9,7,15,sil
8.07982325553894,16,0,-1,-5,-5,-10,-7,-1,9,-5,-4,5,1,14,sil
8.095865964889526,19,8,9,4,-1,-10,-7,0,11,-1,0,17,16,18,sil
8.095865964889526,8,1,-2,-1,1,-8,0,0,2,-1,9,13,20,8,sil
8.111930131912231,6,-5,-3,-10,0,-17,-20,-3,-18,-17,5,1,1,-6,sil
8.111930131912231,6,2,-1,-2,0,-23,-32,-6,-25,-27,0,4,-4,-7,sil
8.128015279769897,0,6,-3,-8,0,-15,-18,-7,-21,-22,0,4,-3,-6,sil
8.128015279769897,-2,0,-3,-24,-5,-6,-14,-6,-21,-13,1,0,-8,-16,sil
8.14323115348816,0,1,-6,-9,0,-10,-16,-3,-11,-9,9,5,0,-16,sil
8.14323115348816,2,10,12,11,-1,-14,-18,5,-5,-12,14,14,1,-9,sil
8.158435106277466,0,6,9,7,-9,-10,-25,6,-16,-12,9,6,-7,-6,sorry
8.158435106277466,1,2,0,0,-3,-1,-26,0,-19,-2,8,3,-1,-2,sorry
8.173878908157349,-1,5,6,8,1,10,-9,1,-14,5,5,3,0,-4,sorry
8.173878908157349,-18,-3,-6,13,4,15,7,0,-20,-2,-13,-18,-19,-14,sorry
8.189093351364136,-20,-4,-2,18,21,24,16,-3,-21,-8,-20,-27,-24,-11,sorry
8.189093351364136,-5,3,1,24,25,33,22,3,0,8,-4,-9,-5,3,sorry
8.20412564277649,-9,-8,-10,15,5,24,26,8,19,19,-6,-13,-1,6,sorry
8.20412564277649,-19,-20,-10,-7,-5,18,31,6,31,16,-28,-32,-16,1,sorry
8.21986699104309,-10,-12,-17,-21,-11,18,34,0,47,27,-28,-25,-12,3,sorry
8.21986699104309,-4,-13,-8,-26,-24,0,16,0,38,26,-13,-7,6,3,sorry
8.23536205291748,-8,-15,-5,-25,-21,-23,2,1,14,0,-6,-2,13,0,sorry
8.23536205291748,2,1,-7,-8,0,-21,2,-3,13,-7,-3,4,10,5,sorry
8.25097131729126,22,18,12,7,8,-13,-4,-2,20,9,7,22,15,10,sorry
8.25097131729126,28,14,13,3,0,-20,-12,1,10,13,29,34,31,18,sorry
8.266091346740723,32,9,16,-4,-7,-21,-10,0,-2,2,47,43,35,27,sorry
8.266091346740723,33,16,19,11,0,-5,-3,0,-4,0,44,42,23,22,sorry
8.281806230545044,23,16,9,26,10,4,4,2,-7,-7,18,20,7,5,sorry
8.281806230545044,10,11,13,10,7,1,0,0,-15,-20,-4,0,-6,-10,sorry
8.296845197677612,-5,2,1,-3,5,-2,-12,-10,-21,-22,-6,-13,-19,-22,sorry
8.296845197677612,-17,1,-5,2,10,-3,-18,-10,-29,-25,-4,-21,-23,-26,sorry
8.313039541244507,-14,4,-5,3,9,-2,-18,-1,-32,-28,-6,-18,-15,-22,sorry
8.328930377960205,-14,-3,-10,-4,-1,-3,-21,0,-26,-21,-10,-19,-11,-17,sorry
8.328930377960205,-14,-7,0,1,-10,3,-13,2,-14,-7,-10,-17,-9,-8,sorry
8.328930377960205,0,5,4,16,0,17,6,8,5,13,4,1,7,10,sorry
8.343675136566162,4,5,4,14,8,19,8,7,15,31,14,17,16,19,sorry
8.343675136566162,-11,-13,-3,3,0,19,4,4,8,26,0,3,0,14,sorry
8.359068632125854,-17,-19,-13,-2,-7,15,11,0,0,14,-17,-12,-11,5,sorry
8.359068632125854,-13,-12,-1,-15,1,1,4,0,-7,5,-27,-17,-12,-5,sorry
8.374183893203735,-18,-16,-11,-24,8,-2,-3,-1,-4,4,-22,-20,-12,-10,sorry
8.389966249465942,-11,-14,-12,-15,3,5,13,-1,13,10,-9,-11,-6,0,sorry
8.389966249465942,2,-2,5,1,0,5,30,0,23,8,-8,-3,-3,8,sorry
8.406575202941895,2,-3,-7,2,-2,-2,16,-3,18,0,-11,-8,-6,1,sorry
8.406575202941895,1,-4,-4,-8,-6,-2,-1,0,17,-7,0,4,0,-1,sorry
8.406575202941895,9,1,0,-8,-4,-7,0,1,13,-10,1,18,2,0,sorry
8.422677993774414,8,-3,-9,-9,-8,-20,-3,-6,0,-8,-17,4,-8,-4,sorry
8.422677993774414,4,-6,-4,-21,-18,-16,-8,-2,-1,-10,-7,6,-2,-6,sorry
8.437715768814087,9,4,0,-21,-12,-7,-2,2,8,-20,21,28,21,3,sorry
8.437715768814087,12,8,8,-12,-3,-15,-1,0,4,-13,25,27,25,2,sorry
8.453036785125732,10,5,3,-4,-2,-18,-5,-1,-4,12,21,5,20,0,sorry
8.46889042854309,13,16,6,11,3,-2,-6,5,0,19,30,0,24,4,sorry
8.46889042854309,9,23,14,17,8,8,-11,6,-1,3,30,-1,14,0,sorry
8.46889042854309,-3,10,2,8,7,0,-19,-2,-19,0,13,-7,-6,-10,sorry
8.48494005203247,-4,7,10,14,13,0,-15,-3,-31,3,5,-2,-11,-7,sorry
8.48494005203247,2,15,15,32,16,9,-5,1,-21,0,7,0,-5,-2,sorry
8.501756429672241,1,14,3,32,4,2,-3,2,-15,-9,-3,-11,-13,-5,sorry
8.501756429672241,1,10,8,31,3,8,1,1,-13,-10,-25,-8,-20,0,sorry
8.514790058135986,3,7,1,34,11,21,16,-1,0,0,-29,0,-11,10,sorry
8.530003786087036,-1,-3,-1,14,7,15,16,-1,8,7,-12,-4,-2,14,sorry
8.530003786087036,-7,-10,-5,0,0,10,11,0,8,10,1,-9,0,10,sorry
8.545552015304565,-6,-7,-7,1,3,14,18,-1,17,13,3,0,6,9,sorry
8.545552015304565,-7,-11,2,-5,0,5,18,2,21,13,0,2,7,8,sorry
8.561591863632202,-15,-23,-12,-23,-13,-6,8,3,12,3,-10,-10,0,0,sorry
8.561591863632202,-14,-22,-12,-25,-18,-11,0,0,8,-4,-16,-11,-9,0,sorry
8.576992273330688,-1,-12,-1,-13,-9,-17,-13,0,12,0,-6,3,-4,3,sorry
8.576992273330688,0,-12,-5,-16,-10,-14,-17,0,7,0,0,6,3,0,sorry
8.593918561935425,-3,-10,-2,-28,-15,0,0,0,3,-1,0,3,8,-5,sorry
8.593918561935425,3,-1,-10,-23,-5,0,8,-1,6,2,2,6,14,0,sorry
8.593918561935425,9,0,-8,-18,-1,-6,-8,-4,-7,-13,-1,0,4,-5,sorry
8.607926845550537,0,-3,-5,-18,-10,-5,-22,-4,-21,-29,-8,-7,-8,-20,sorry
8.623898029327393,-1,2,-7,-10,-7,-7,-19,-3,-12,-8,6,6,2,-12,sorry
8.623898029327393,11,16,11,-2,7,-6,-12,-2,-3,5,21,20,15,0,sorry
8.638870000839233,8,17,14,1,18,0,-2,-1,-3,-5,11,10,4,-4,sorry
8.638870000839233,0,6,8,3,15,3,4,1,-4,-10,0,0,-15,-14,sorry
8.654314756393433,-5,6,3,5,7,3,5,5,-11,-9,-2,-4,-18,-12,sorry
8.654314756393433,-9,9,-6,11,7,2,5,1,-21,-12,-8,-9,-13,-7,sorry
8.66955018043518,-8,3,8,15,11,6,10,2,-18,-4,-8,-6,-12,0,sorry
8.66955018043518,2,2,10,19,13,17,24,10,0,16,5,0,-1,11,sorry
8.684938669204712,5,2,3,29,13,20,23,5,11,24,9,-2,8,16,sorry
8.684938669204712,-5,-5,0,25,3,12,5,-5,6,20,-1,-9,3,12,sorry
8.700987100601196,-6,-9,-8,7,-8,1,1,-8,11,23,-4,-3,5,16,sorry
8.700987100601196,8,-5,0,0,-12,-3,5,0,23,17,-2,1,13,21,sorry
8.717005729675293,6,-6,-6,1,-11,-5,-1,0,21,3,-5,-4,8,8,sil
8.717005729675293,2,-3,-1,-7,-16,-14,-9,-2,16,-1,3,4,9,-1,sil
8.733025550842285,14,3,9,-13,-19,-21,-18,0,8,-8,21,24,13,1,sil
8.733025550842285,14,2,-6,-8,-12,-20,-29,-5,-8,-22,10,11,-3,-2,sil
8.74866771697998,6,2,0,-7,-4,-10,-21,-5,-15,-22,-5,0,-14,-15,sil
8.74866771697998,2,5,3,-9,1,-2,-5,3,-1,-4,4,3,-2,-17,sil
8.764613151550293,0,5,-1,3,10,7,0,8,0,5,6,-3,-2,-7,sil
8.764613151550293,2,13,12,31,19,24,9,5,-6,6,-7,-5,-10,0,sil
8.780518054962158,4,12,6,37,20,25,21,-1,-9,3,-12,-3,-7,6,sil
8.780518054962158,-9,-3,-2,6,9,12,18,-3,-13,1,-17,-16,-6,4,sil
8.796541452407837,-17,-13,-6,-17,-2,7,17,1,-1,6,-13,-18,-1,4,sil
8.796541452407837,-8,-9,-11,-20,-9,0,11,0,13,5,0,-3,7,4,sil
8.812647342681885,-1,-3,-2,-22,-5,-16,-6,-1,6,-10,0,6,7,-1,sil
8.812647342681885,0,0,-3,-23,0,-29,-15,-2,-1,-15,2,10,5,-5,sil
8.827780961990356,-4,0,-1,-20,-7,-31,-22,0,-4,-13,14,14,4,-7,sil
8.827780961990356,-5,4,0,-10,-5,-12,-27,0,-8,-15,17,13,2,-8,sil
8.843624591827393,0,2,3,7,11,7,-15,-2,-7,-10,4,3,-4,-5,sil
8.843624591827393,-4,-7,8,11,12,13,1,0,-9,1,-9,-13,-12,-6,sil
8.858834743499756,-16,-13,-9,0,0,11,12,-1,-9,10,-7,-20,-4,-5,sil
8.858834743499756,-17,-10,-10,-1,0,16,23,-4,0,14,-3,-11,0,1,sil
8.874456644058228,-5,-7,-2,3,3,18,26,6,10,14,-8,-4,-2,6,sil
8.874456644058228,8,-5,0,4,-2,9,23,13,15,16,-10,-2,2,10,sil
8.889932870864868,10,-6,10,-2,-11,10,14,4,20,22,-10,4,10,12,sil
8.889932870864868,3,-9,-1,-16,-19,5,2,-4,24,21,0,11,13,8,sil
8.904639720916748,14,4,1,-16,-15,-15,-7,-1,16,5,20,16,17,6,sil
8.904639720916748,30,19,9,-1,0,-25,-10,-1,0,-14,17,22,13,5,sil
8.92072081565857,24,15,2,9,0,-17,-17,-8,-11,-22,13,23,1,0,sil
8.935950517654419,9,16,10,16,-3,-7,-23,-1,-16,-18,22,16,-6,-5,sil
8.935950517654419,-1,15,4,22,8,0,-11,3,-20,-15,11,0,-11,-10,sil
8.935950517654419,-5,2,1,18,14,3,0,-3,-24,-15,-1,-5,-12,-10,sil
8.951922178268433,-8,-2,2,13,2,4,-4,-7,-25,-12,-5,-11,-16,-10,sil
8.951922178268433,-19,-3,-12,14,2,6,-7,-2,-23,-7,-22,-27,-25,-12,sil
8.968039274215698,-17,-5,-5,13,14,16,7,3,-1,2,-25,-24,-17,-2,sil
8.968039274215698,-1,-5,0,12,12,13,20,4,20,14,-6,-11,0,10,sil
8.984026908874512,0,-8,-5,0,-4,0,10,0,20,13,-11,-14,0,6,sil
8.984026908874512,-6,-12,-6,-16,-7,0,0,-1,19,13,-16,-11,3,5,sil
9.000042915344238,0,-5,-10,-18,3,-9,0,0,24,14,5,2,17,12,sil
9.000042915344238,9,4,3,-21,-4,-25,-2,1,7,-5,9,7,15,0,sil
9.015629291534424,7,5,5,-24,-17,-19,-7,2,-3,-14,3,12,11,-15,sil
9.015629291534424,2,5,4,-10,-5,-5,-9,2,-1,-5,11,18,10,-4,sil
9.030758619308472,-4,9,10,7,9,0,-8,7,-8,-3,12,14,3,0,sil
9.030758619308472,-6,6,0,15,10,10,3,2,-9,1,0,0,0,0,sil
9.046362400054932,0,-2,1,8,4,21,18,0,2,20,-8,-7,4,10,sil
9.046362400054932,0,-11,-2,-3,-5,15,14,0,10,21,-11,-9,2,14,sil
9.0615713596344,0,-9,-5,-9,-13,-5,-1,-5,9,1,-11,0,-5,8,sil
9.0615713596344,10,1,3,-9,-9,-15,-10,-14,1,-11,0,14,-2,5,sil
9.077654838562012,9,5,-8,-13,-4,-10,-10,-7,-12,-13,12,10,2,-3,sil
9.077654838562012,1,3,-3,-18,-4,-8,-13,2,-23,-23,11,0,-5,-14,sil
9.092945575714111,2,8,6,-2,3,-5,-12,2,-25,-27,9,3,-15,-8,sil
9.092945575714111,2,12,6,19,16,11,-1,4,-13,-7,10,2,-9,0,sil
9.108803033828735,-7,6,5,21,17,29,8,11,7,17,5,-12,-1,-5,sil
9.108803033828735,-12,-8,-7,12,10,23,14,4,19,24,-3,-20,-1,-7,sil
9.1243155002594,-13,-15,-2,4,6,13,15,-3,16,17,-10,-14,-5,-5,sil
9.1243155002594,-15,-11,-5,0,5,14,20,0,15,15,-10,-13,-3,-5,sil
9.139852046966553,-6,-11,-13,-2,3,4,24,3,19,19,-5,-13,6,2,sil
9.139852046966553,0,-12,2,-6,-6,-7,18,0,17,15,-1,-1,10,12,sil
9.15634536743164,-6,-13,-6,-14,-23,-13,2,-5,8,0,-6,1,3,3,sil
9.15634536743164,-6,-7,-10,-11,-24,-20,-11,0,-2,-11,-10,0,0,-3,sil
9.170675992965698,11,6,1,0,-4,-23,-12,5,0,-8,3,13,10,2,sil
9.18673825263977,24,16,9,7,4,-19,-16,0,7,-2,22,28,18,7,sil
9.18673825263977,21,20,22,6,4,-8,-21,-3,3,-2,24,35,13,2,sil
9.18673825263977,14,14,12,5,5,-6,-14,-8,-13,-9,15,27,7,0,sil
9.20285964012146,1,3,1,-3,-8,-18,-24,-9,-44,-39,-3,-1,-13,-8,sil
9.20285964012146,-8,1,0,-2,-17,-17,-39,-4,-61,-61,-16,-12,-35,-17,sil
9.21890640258789,-2,6,6,19,0,1,-16,0,-42,-33,-8,1,-24,-5,sil
9.233109951019289,0,6,15,36,7,20,11,4,-10,9,0,0,-1,7,sil
9.233109951019289,-4,-7,0,28,-1,24,16,3,9,35,0,-15,8,8,sil
9.250030040740969,2,-11,0,15,6,19,21,-1,21,44,2,-1,14,18,sil
9.250030040740969,17,4,10,16,16,15,28,0,26,31,1,11,13,30,sil
9.250030040740969,19,7,-4,11,6,10,14,5,23,5,-1,3,12,24,sil
9.266056299209597,8,-3,-7,-16,0,4,2,2,19,-2,0,3,11,5,sil
9.266056299209597,-2,-7,-12,-36,4,-3,6,0,22,6,3,2,8,-4,sil
9.282624006271362,-6,0,-16,-28,0,-9,0,1,16,3,-4,-11,0,-12,sil
9.282624006271362,-6,7,-9,-18,-3,-6,-5,6,5,-9,-14,-19,-9,-22,sil
9.297690868377686,-6,7,-9,-23,0,0,3,1,3,-9,-4,-14,-14,-18,sil
9.297690868377686,-15,0,-5,-29,0,5,0,0,-8,-9,0,-18,-15,-18,sil
9.312820196151732,-29,-9,-13,-23,3,5,-12,0,-25,-16,-20,-31,-19,-20,sil
9.312820196151732,-25,-9,-9,-9,13,5,1,-1,-17,-6,-27,-31,-23,-9,sil
9.327788829803469,-11,0,5,8,16,18,14,-3,-1,10,-11,-17,-16,-5,sil
9.327788829803469,-11,-7,-7,11,14,13,8,-3,4,18,-5,-10,0,-10,sil
9.343475341796877,-14,-23,-7,-9,0,-3,6,0,9,24,-6,-8,9,-1,sil
9.358791828155518,-13,-27,-7,-17,-22,-9,5,0,8,15,-3,-7,4,3,sil
9.358791828155518,0,-17,0,-1,-33,-15,-6,-4,3,-6,-6,1,-1,6,sil
9.375824928283691,24,0,23,8,-18,-17,0,0,18,-4,11,31,18,26,sil
9.375824928283691,28,10,13,10,-7,-12,7,4,28,10,44,47,42,35,sil
9.391052961349487,10,6,5,1,-18,-18,-21,0,7,4,42,37,32,15,sil
9.391052961349487,10,6,8,-3,-16,-23,-38,-1,-10,4,34,32,19,3,sil
9.391052961349487,29,25,16,19,16,-7,-10,1,-10,12,52,47,22,13,sil
9.407744884490969,34,40,26,40,32,4,1,3,-14,-6,50,49,10,9,sil
9.407744884490969,18,26,8,25,7,-6,-8,-4,-25,-32,15,19,-15,-8,sil
9.421300172805786,5,14,6,14,-3,-6,-8,-5,-38,-44,-16,-8,-33,-18,sil
9.436966896057127,-4,13,7,19,8,10,-4,-1,-44,-45,-31,-17,-39,-20,sil
9.436966896057127,-13,0,1,14,6,17,-6,-3,-25,-27,-35,-21,-30,-18,sil
9.453157663345335,-11,-5,6,14,2,20,1,5,3,0,-32,-21,-11,-5,sil
9.453157663345335,-8,-9,-8,18,7,22,19,6,12,14,-32,-24,0,3,sil
9.469013214111328,-13,-24,-15,-1,0,14,25,-5,5,13,-33,-32,-6,0,sil
9.469353914260864,-12,-23,-12,-13,-11,8,18,-6,10,13,-24,-23,-8,3,sil
9.469353914260864,-7,-10,-16,-3,-7,8,10,3,17,11,-12,-18,-3,8,sil
9.482987403869627,-15,-13,-14,-16,-4,9,9,8,16,8,-16,-29,-2,-1,sil
9.498000144958496,-21,-21,-24,-35,-2,6,15,3,29,21,-23,-30,3,-6,sil
9.498000144958496,-2,-8,-12,-23,2,2,11,3,48,35,-9,-7,16,4,sil
9.51381015777588,14,5,1,-7,8,-2,0,4,41,30,17,9,22,7,sil
9.51381015777588,10,2,-6,-14,5,-13,-6,-1,17,15,27,15,20,3,sil
9.5290048122406,4,4,2,-22,0,-18,-9,-4,1,4,21,23,21,6,sil
9.529419422149658,12,11,6,-10,0,-20,-11,-3,-5,1,26,24,25,6,sil
9.54465126991272,16,10,5,-4,0,-20,-9,-4,-14,-6,29,19,17,0,sil
9.54465126991272,10,8,9,-9,0,-10,-7,0,-16,-14,27,20,8,0,sil
9.560601711273192,3,13,6,-1,11,0,-12,3,-8,-5,30,24,10,5,sil
9.560601711273192,2,13,11,5,12,-1,-16,4,-7,-6,16,15,1,0,sil
9.576106786727903,-2,1,3,3,-3,-12,-16,0,-25,-29,-9,-6,-25,-12,sil
9.576106786727903,-13,0,4,7,-6,-6,-16,-6,-41,-38,-18,-19,-44,-23,sil
9.591707229614258,-19,0,5,9,-1,11,-7,-6,-38,-25,-23,-19,-42,-25,sil
9.591707229614258,-22,-12,-15,1,-11,9,8,0,-30,-20,-33,-22,-29,-16,sil
9.606784343719482,-22,-16,-7,3,-11,4,12,5,-24,-19,-24,-16,-20,-6,sil
9.606784343719482,-9,-4,2,14,3,15,10,1,-9,0,-5,-4,-11,-1,sil
9.622676849365234,7,0,6,20,9,16,16,-2,2,14,-1,0,-1,7,sil
9.622676849365234,17,8,16,32,8,13,23,0,13,20,1,8,8,23,sil
9.637800455093384,15,9,10,37,4,14,13,0,32,28,9,7,12,30,sil
9.637800455093384,3,-4,1,9,-5,6,-1,0,34,27,4,-2,9,16,sil
9.65354609489441,0,-14,-11,-16,-9,-2,0,-1,23,19,2,-2,12,2,sil
9.65354609489441,0,-14,-10,-21,-8,-1,0,-4,21,17,0,-2,15,6,sil
9.668635368347168,-9,-15,-4,-29,-13,0,-12,0,22,12,-8,-9,12,9,sil
9.668635368347168,-13,-16,-17,-35,-9,-12,-12,1,15,0,1,0,19,0,sil
9.68431830406189,7,-2,-4,-24,0,-20,-4,0,10,-5,15,22,29,0,sil
9.68431830406189,25,14,12,-1,0,-9,2,4,20,4,14,24,27,8,sil
9.69993495941162,28,20,10,5,1,-5,7,7,23,8,13,15,16,8,sil
9.69993495941162,22,14,4,-6,0,-10,-2,2,-4,-4,6,7,1,-11,sil
9.716047048568726,0,6,-12,-9,-1,-8,-11,-5,-32,-19,-8,-5,-16,-29,sil
9.716047048568726,-14,11,0,6,8,-1,-5,0,-32,-22,-9,-13,-26,-28,sil
9.731586694717407,-3,20,13,19,14,0,1,4,-21,-14,3,-4,-17,-17,sil
9.731586694717407,12,15,9,25,9,7,8,-3,-17,-10,5,5,-3,-4,sil
9.747011423110962,7,10,18,28,12,16,15,-4,-20,-18,-12,3,-8,0,sil
9.747011423110962,-15,0,0,19,12,9,7,-1,-20,-15,-30,-7,-26,-4,sil
9.763037919998167,-26,-9,-10,9,8,6,-6,0,-17,-3,-17,-10,-25,-5,sil
9.763037919998167,-12,0,-1,22,17,19,0,6,-8,1,6,-1,-1,6,sil
9.778597116470335,-4,-2,-3,18,13,16,15,5,4,10,1,-5,6,11,sil
9.778597116470335,-13,-24,-8,-14,-12,-1,4,-3,13,25,-6,-13,-2,9,sil
9.7939715385437,-5,-28,-14,-27,-20,-9,-7,-7,27,28,8,-7,7,25,sil
9.7939715385437,8,-13,-1,-25,-15,-7,-5,-2,38,16,15,7,20,32,sil
9.809933423995972,-1,-18,-4,-40,-22,-12,-9,0,25,3,0,3,12,2,sil
9.809933423995972,-12,-22,-27,-44,-22,-23,-20,-3,4,0,-4,-10,4,-17,sil
9.82597541809082,-2,1,-7,-21,-9,-15,-20,0,0,3,6,-2,7,-10,sil
9.82597541809082,3,23,9,6,0,-7,-15,1,0,0,9,10,2,-8,sil
9.84122085571289,10,19,9,12,2,-8,-16,-3,-16,-15,5,9,-8,-14,sil
9.84122085571289,13,15,9,0,4,-2,-8,0,-28,-27,8,5,-10,-6,sil
9.857100486755373,0,12,4,0,1,0,6,0,-28,-35,4,4,-7,-2,sil
9.857100486755373,-1,8,16,23,6,6,14,1,-16,-18,-1,6,-2,0,sil
9.873008966445925,10,5,9,39,22,25,23,1,0,21,6,4,13,9,sil
9.873008966445925,4,0,-3,30,16,26,26,0,2,32,5,-5,14,9,sil
9.887659788131714,-8,-3,-6,13,-2,15,23,1,8,17,-7,-12,-2,0,sil
9.887659788131714,-3,-5,-11,3,1,14,22,2,23,20,-3,-8,-1,8,sil
9.904051303863524,-2,-14,-4,-11,0,5,8,0,16,4,-14,-14,-3,5,sil
9.904051303863524,-8,-26,-6,-29,-18,-14,-13,-1,1,-20,-31,-16,-15,-11,sil
9.918610095977783,2,-16,0,-23,-11,-20,-16,0,1,-18,-11,7,-6,-8,sil
9.918610095977783,11,7,9,-5,7,-12,-10,2,-3,-13,8,23,2,-2,sil
9.933788537979126,2,14,0,0,2,-8,-12,-2,-17,-15,0,3,-5,-10,sil
9.95004391670227,3,18,11,8,1,0,-10,0,-9,0,4,1,-5,-3,sil
9.95004391670227,14,25,18,27,16,8,0,4,12,22,23,18,8,8,sil
9.95004391670227,3,16,7,22,14,9,4,0,9,18,12,8,4,1,sil
9.964560985565186,-11,0,0,2,-3,11,8,-1,-16,-3,-17,-14,-14,-8,sorry
9.981628894805908,-13,-11,-14,-4,-10,11,11,-2,-16,-7,-28,-22,-16,-6,sorry
9.982630252838137,-9,-16,-7,-12,-7,2,10,-1,7,6,-21,-10,2,4,sorry
9.982630252838137,-1,-18,-6,-25,-10,-8,5,0,24,12,-6,0,22,15,sorry
9.997730493545532,18,-12,-7,-23,-15,-17,-1,0,34,16,20,14,36,24,sorry
10.011823177337646,38,14,15,-1,-1,-16,-2,5,46,31,49,42,55,37,sorry
10.011823177337646,35,25,7,10,7,-12,-3,0,35,21,52,45,50,33,sorry
10.028728485107422,5,0,-6,-9,-8,-11,-18,-3,-3,-14,20,4,4,0,sorry
10.028728485107422,-21,-18,-10,-31,-14,-11,-19,0,-23,-32,-8,-23,-28,-20,sorry
10.028728485107422,-23,-6,-11,-21,1,-14,-6,-1,-23,-28,-15,-15,-30,-21,sorry
10.04578185081482,-21,1,-4,-1,6,-9,-10,-5,-29,-25,-20,-15,-33,-38,sorry
10.04578185081482,-28,0,-8,9,3,0,-17,-5,-32,-16,-25,-25,-36,-39,sorry
10.065491437911987,-21,6,0,21,11,8,-9,0,-24,-4,-15,-10,-25,-16,sorry
10.066495895385742,-8,6,0,29,13,18,0,2,-16,3,2,6,-8,-9,sorry
10.077030658721924,-10,-2,-8,18,9,19,4,0,-15,2,2,1,-6,-11,sorry
10.090720176696776,-10,3,8,6,6,19,12,-2,-14,-4,-5,0,-17,-2,sorry
10.090720176696776,-2,4,5,13,4,18,13,1,-6,-7,0,-1,-15,4,sorry
10.109212398529053,-3,-6,0,17,3,11,6,5,-9,-7,-4,-18,-3,0,sorry
10.109212398529053,0,-3,3,16,4,9,5,2,-15,-3,-19,-35,-3,-2,sorry
10.109212398529053,12,2,3,17,0,8,13,0,4,4,-11,-27,0,12,sorry
10.121888875961304,22,3,14,11,-5,5,16,4,32,13,10,1,21,35,sorry
10.137932300567629,24,3,7,7,0,4,18,5,33,24,9,19,27,33,sorry
10.137932300567629,22,0,0,0,-3,4,15,0,13,26,-9,21,9,16,sorry
10.153135299682615,10,-9,-1,-16,-12,0,6,-1,8,15,-11,18,5,8,sorry
10.153135299682615,0,-14,-12,-25,-12,-14,-1,-1,15,4,-4,5,7,1,sorry
10.16914701461792,-4,-10,-6,-24,-7,-13,-5,-1,10,-2,-10,-5,0,-10,sorry
10.16914701461792,-3,-7,-1,-21,-3,-6,-4,0,8,-1,-5,3,5,-10,sorry
10.183812379837036,5,-2,1,-19,0,-14,-6,3,21,6,17,19,18,1,sorry
10.183812379837036,7,-2,2,-28,-2,-21,-5,6,28,15,25,17,16,13,sorry
10.199945449829102,0,-11,-6,-30,-4,-15,0,0,20,10,24,14,18,19,sorry
10.199945449829102,0,0,4,-15,-4,-8,-3,-2,10,-14,32,19,19,7,sorry
10.216037034988403,0,16,0,-7,2,-7,-17,0,-1,-28,20,12,0,-14,sorry
10.216037034988403,-6,10,-6,-8,8,-14,-20,-6,-20,-10,-3,-3,-16,-27,sorry
10.23161005973816,-12,7,0,0,-2,-14,-18,-8,-29,-2,-2,-6,-15,-26,sorry
10.23161005973816,-7,12,-3,12,-7,-4,-19,0,-25,-17,2,-6,-13,-15,sorry
10.246809005737305,2,14,7,20,5,6,-10,5,-23,-13,-3,-9,-10,-4,sorry
10.246809005737305,3,13,9,25,10,11,5,1,-13,9,0,-9,5,0,sorry
10.262010097503662,0,11,5,24,4,14,7,-2,0,11,7,-5,9,4,sorry
10.262010097503662,6,6,8,22,5,15,2,0,-3,4,-1,-2,-1,8,sorry
10.277854681015016,5,0,-3,18,7,6,4,0,-14,4,-14,-7,-7,3,sorry
10.277854681015016,-5,0,0,18,7,6,3,-2,-21,-9,-16,-11,-12,-3,sorry
10.29256010055542,-5,3,3,22,9,15,3,-1,-19,-10,-10,-6,-12,-6,sorry
10.29256010055542,3,0,-4,17,4,17,10,1,-8,7,-3,0,0,0,sorry
10.308085918426514,0,-2,0,10,0,14,8,3,0,4,-3,0,-1,4,sorry
10.308085918426514,-5,-5,-4,4,1,3,3,-1,1,-9,-6,-3,-11,0,sorry
10.323236227035522,-3,-9,0,-7,1,-2,8,0,6,-3,-10,-7,-2,0,sorry
10.323236227035522,-11,-16,-5,-12,0,3,14,11,22,9,-12,-7,2,10,sorry
10.339035034179688,-21,-25,-16,-15,-6,3,7,9,30,6,-12,-2,-7,5,sorry
10.339035034179688,-13,-17,0,-22,-9,-1,1,-1,14,0,-13,1,-10,-1,sorry
10.354033470153809,0,-5,-2,-13,-3,1,5,-3,5,5,-4,6,2,4,sorry
10.354033470153809,5,-4,-2,-7,-1,6,1,0,18,7,7,6,4,7,sorry
10.369591236114502,-3,-10,-4,-21,-13,-7,-10,-3,14,-6,0,-8,-11,-3,sorry
10.369591236114502,-14,-9,-13,-26,-17,-23,-16,-8,-12,-19,-13,-23,-24,-20,sorry
10.385122537612917,-1,3,2,0,-2,-9,-2,-3,-13,-12,-7,-7,-25,-20,sorry
10.385122537612917,15,8,6,15,9,4,15,0,13,7,7,7,-11,0,sorry
10.40086793899536,11,0,0,-8,0,-8,9,1,13,13,10,0,9,12,sorry
10.40086793899536,3,2,-1,-21,-7,-18,-8,5,-2,7,8,-2,0,8,sorry
10.416904926300049,11,11,2,-1,-2,-11,-8,5,2,11,21,14,-6,17,sorry
10.416904926300049,22,12,18,8,1,-3,3,6,18,19,36,32,73,26,sorry
10.432563066482544,21,10,12,4,5,-4,2,0,15,14,22,25,138,13,sorry
10.432563066482544,12,12,4,3,7,-2,-8,-10,-7,-2,0,10,57,-1,sorry
10.447648525238035,8,14,4,3,2,6,-9,-9,-22,-11,3,8,-30,-4,sorry
10.447648525238035,6,9,-1,4,0,0,-3,0,-13,-7,16,11,-13,-9,sorry
10.46299433708191,-2,0,4,-1,0,-12,-11,1,-9,-3,9,4,0,-16,sorry
10.46299433708191,-7,-4,-4,-9,-7,-5,-14,-3,-18,-9,-9,-10,-26,-13,sorry
10.478748559951782,-4,-2,-4,-5,-9,2,-5,-3,-18,-12,-19,-12,-31,-6,sorry
10.49436068534851,-6,0,7,0,0,2,0,2,-4,-8,0,2,-13,-2,sorry
10.49436068534851,-7,2,-3,4,13,5,-1,4,0,-4,18,4,-5,2,sorry
10.49436068534851,-7,7,-1,12,14,13,0,4,-1,-6,-4,-8,-12,0,sorry
10.510674238204956,-7,4,4,18,14,10,8,1,5,-3,-19,-13,-18,-1,sil
10.510674238204956,-5,-2,6,13,9,5,13,-3,7,-3,-12,-10,-23,-1,sil
10.526796340942385,-10,-6,-4,5,-6,8,2,-6,-8,-9,-21,-12,-28,-12,sil
10.526796340942385,-19,-12,-21,0,-13,3,-9,-3,-15,-11,-27,-18,-26,-17,sil
10.541904926300049,-9,-9,-1,1,-6,2,-10,1,-10,-2,-10,-16,-14,-4,sil
10.541904926300049,3,0,5,14,1,11,2,5,0,16,4,-3,0,5,sil
10.557953357696531,6,4,2,29,12,13,20,6,20,33,12,9,15,13,sil
10.557953357696531,4,4,6,20,14,9,21,4,26,29,14,8,14,16,sil
10.573883295059204,3,-3,-8,3,1,0,10,-1,8,13,6,1,3,8,sil
10.573883295059204,4,-6,-2,1,0,-5,3,-2,0,0,-3,2,0,5,sil
10.590008974075316,0,-3,1,-3,0,1,2,0,4,-6,-12,-4,-3,5,sil
10.590008974075316,-6,-8,-12,-23,-6,1,0,-2,0,-10,-18,-12,-9,-1,sil
10.606042861938477,-2,-6,-5,-26,-5,-5,2,-2,-6,-6,-11,-1,-2,0,sil
10.606042861938477,0,-2,0,-12,-7,-12,2,0,0,0,-4,7,12,9,sil
10.621649503707886,0,-9,1,-18,-15,-15,-8,1,1,1,0,4,15,8,sil
10.621649503707886,3,-10,-1,-28,-11,-12,-10,0,6,3,11,4,14,1,sil
10.637709140777588,0,-5,-6,-27,-5,-9,-3,1,11,9,14,5,17,0,sil
10.637709140777588,0,0,2,-19,-7,-7,0,3,8,10,12,4,18,0,sil
10.653363943099976,7,4,0,-5,-2,-1,1,-2,9,4,15,3,17,0,sil
10.653363943099976,13,10,6,5,1,0,1,-2,8,-10,9,4,12,-1,sil
10.6686532497406,8,9,8,6,1,-5,-4,2,0,-22,6,11,3,-4,sil
10.6686532497406,3,8,-1,5,4,-10,-13,0,-5,-18,11,9,0,-9,sil
10.684874057769775,2,11,8,8,3,0,-17,-2,-10,-10,8,4,0,-16,sil
10.684874057769775,1,6,5,13,4,2,-11,-1,-11,-5,7,3,3,-14,sil
10.700554847717283,-1,1,0,6,7,-1,-9,-3,-5,0,6,1,1,-4,sil
10.700554847717283,-5,4,-4,0,0,3,-9,0,0,0,-2,-6,-2,-4,sil
10.71562957763672,-9,2,-5,3,0,6,0,2,-3,-1,-14,-15,-6,-7,sil
10.71562957763672,-13,3,5,7,10,1,6,1,-8,-2,-21,-9,-10,-1,sil
10.730619192123411,-5,8,1,14,13,2,10,-1,-3,7,-12,0,-4,10,sil
10.731621026992798,7,5,7,19,1,8,14,2,-1,9,1,4,0,14,sil
10.746769905090332,6,2,10,15,-2,10,11,2,-14,-3,-2,1,-8,3,sil
10.761935234069824,-1,0,-5,16,0,12,3,-4,-23,-8,-11,-2,-21,0,sil
10.761935234069824,-4,-5,3,16,0,16,2,-1,-16,0,-7,-7,-24,0,sil
10.776785135269163,-9,-17,0,2,1,11,8,1,-3,11,-6,-15,-24,-5,sil
10.776785135269163,-9,-22,-8,-8,0,7,14,-1,8,21,-9,-15,-23,0,sil
10.793337345123293,3,-14,-4,-6,-4,7,14,2,27,29,1,-2,-7,22,sil
10.793337345123293,11,-11,-13,-15,-6,-6,1,3,40,24,12,10,0,28,sil
10.810584783554075,8,-7,-5,-36,-9,-21,-19,2,25,0,6,18,-6,14,sil
10.810584783554075,15,4,0,-28,-9,-22,-22,0,3,-16,8,16,7,2,sil
10.810584783554075,20,19,0,1,-3,-18,-9,-4,-2,-13,18,8,34,-4,sil
10.824610710144045,5,24,5,11,4,-11,-7,-2,-7,-14,15,2,27,-14,sil
10.824610710144045,-3,18,0,7,8,-4,-11,0,-17,-23,5,3,10,-16,sil
10.840591192245483,-2,9,9,7,2,0,-8,0,-23,-25,-6,0,4,-15,sil
10.855976819992064,-13,-4,4,3,2,11,0,0,-15,-17,-18,-16,-2,-17,sil
10.855976819992064,-22,-14,-8,-4,7,17,12,3,0,-1,-22,-26,-8,-12,sil
10.87106442451477,-13,-13,-1,-5,1,9,16,1,8,10,-14,-12,-5,-6,sil
10.87106442451477,-8,-11,-5,-1,-3,0,6,-4,9,11,0,-3,0,-2,sil
10.886702299118042,-4,-7,4,6,0,3,0,0,12,13,9,0,10,6,sil
10.886702299118042,1,0,8,15,0,7,14,4,18,23,9,5,20,17,sil
10.90358829498291,0,-3,-2,7,-1,3,19,0,10,19,0,2,11,10,sil
10.90358829498291,-5,-7,-5,-3,-2,-1,2,-3,-1,3,-5,-1,0,1,sil
10.90358829498291,4,-4,-12,-1,-2,-10,-7,-3,-5,-5,0,1,1,2,sil
10.92065453529358,16,0,-1,0,-5,-16,-8,-1,-4,-6,8,16,6,7,sil
10.92065453529358,17,6,3,-10,-5,-9,-9,3,6,3,20,27,19,15,sil
10.934895277023315,14,11,-5,-14,1,-2,-11,4,19,10,25,19,22,13,sil
10.948739051818848,9,12,0,-12,6,-4,-14,0,3,-3,13,9,0,-2,sil
10.948739051818848,0,5,-1,-12,0,-9,-17,-4,-22,-18,0,2,-21,-10,sil
10.964281797409058,-3,5,2,-6,-2,-8,-13,0,-22,-17,3,-2,-23,-6,sil
10.964281797409058,1,18,9,15,7,1,0,6,-7,-6,10,-1,-14,-5,sil
10.979860305786133,0,17,6,27,12,5,12,4,-12,-1,-4,-7,-9,-4,sil
10.979860305786133,-13,-3,4,7,2,7,11,0,-28,-7,-26,-24,-18,-11,sil
10.995974063873293,-23,-22,-8,-9,-8,10,8,-4,-18,-6,-25,-29,-26,-15,sil
10.995974063873293,-14,-19,-2,-12,-13,10,12,-2,6,5,-21,-15,-17,0,sil
11.011560440063477,0,-8,4,-8,-11,8,19,4,22,17,-19,-1,2,14,sil
11.011560440063477,8,-4,0,-3,-4,5,12,0,24,19,-3,2,11,9,sil
11.026940822601318,10,-1,5,-6,0,0,-3,-3,18,4,-4,1,0,2,sil
11.026940822601318,1,0,-11,-10,0,-6,-14,-1,4,-19,-30,-5,-13,-3,sil
11.04297685623169,1,4,-8,2,5,-9,-17,-3,-7,-27,-17,1,-9,-13,sil
11.04297685623169,13,12,16,27,18,0,-8,-2,-6,-10,26,16,6,-7,sil
11.058692455291748,9,13,12,38,16,8,0,0,-5,1,27,11,8,0,sil
11.058692455291748,-5,6,7,26,2,10,3,3,-11,2,4,-1,0,-4,sil
11.07409644126892,-5,-3,-2,18,3,14,14,3,-3,15,11,0,5,1,sil
11.07409644126892,1,-11,-4,11,6,14,21,3,14,27,21,1,20,17,sil
11.089507341384888,-3,-12,-5,-6,-6,0,6,0,21,22,6,-5,22,11,sil
11.089507341384888,-14,-11,-19,-27,-16,-16,-11,-4,20,13,-3,-8,13,-1,sil
11.105571031570436,-7,-9,-4,-34,-13,-14,-16,1,22,7,4,0,12,0,sil
11.105571031570436,10,-3,1,-24,-9,-11,-20,0,16,-1,16,12,19,3,sil
11.120699882507324,11,5,0,-11,-7,-21,-29,-9,-12,-18,14,22,11,-1,sil
11.120699882507324,6,21,11,0,-1,-18,-28,-7,-30,-27,13,27,-1,-4,sil
11.136499404907228,13,29,9,11,12,0,-5,0,-13,-12,20,17,0,3,sil
11.136499404907228,2,14,5,16,21,10,9,0,-13,-4,1,-5,-7,1,sil
11.15229630470276,-22,-7,-7,6,6,4,11,-2,-36,-15,-28,-24,-27,-15,sil
11.15229630470276,-22,-16,-14,-2,-9,3,24,-4,-28,-13,-35,-26,-32,-13,sil
11.16806435585022,-13,-17,-6,-10,-7,11,33,1,-1,4,-30,-23,-17,6,sil
11.16806435585022,-15,-17,-14,-15,-5,7,23,7,12,15,-26,-17,0,13,sil
11.183636903762816,3,-7,-1,-13,-6,0,14,9,20,17,-8,3,5,14,sil
11.183636903762816,33,4,15,0,0,-4,12,10,30,16,15,28,11,20,sil
11.199647903442385,31,10,12,3,1,-13,-1,7,20,5,24,33,15,10,sil
11.199647903442385,10,12,8,-2,0,-6,-14,1,-1,-8,13,14,1,-11,sil
11.215207815170288,1,11,-1,8,4,5,-5,-4,-9,-8,4,0,-12,-16,sil
11.215207815170288,0,8,5,28,11,10,-3,0,-5,-2,6,0,-5,-8,sil
11.230584144592283,-11,1,6,22,12,13,-9,0,-5,0,1,-10,-2,-6,sil
11.230584144592283,-17,-4,-2,11,8,15,-2,-6,-5,3,-14,-22,-10,-3,sil
11.24564290046692,-11,-11,0,6,0,13,8,-1,1,6,-21,-20,-6,0,sil
11.24564290046692,-10,-24,-16,-14,-8,6,6,1,10,5,-16,-25,1,-1,sil
11.26081681251526,-11,-22,-12,-31,-16,-7,-2,-3,18,2,-12,-20,1,-4,sil
11.26081681251526,3,-1,0,-13,-17,-15,-12,-5,14,-4,0,1,3,-3,sil
11.275953769683838,18,9,3,1,-8,-16,-23,-4,-5,-16,19,15,13,-1,sil
11.275953769683838,12,9,11,-3,1,-19,-28,-1,-14,-17,26,26,21,-1,sil
11.291589260101318,2,12,0,-2,3,-22,-25,-3,-6,-8,14,20,9,-7,sil
11.291589260101318,3,18,0,4,4,-10,-17,-1,-8,-8,8,0,-11,-13,sil
11.307106256484984,4,18,13,10,12,4,1,2,-10,-3,17,3,-8,-2,sil
11.307106256484984,-4,6,6,10,15,8,16,1,-2,10,11,7,3,9,sil
11.323198318481444,-13,-5,-1,2,0,14,14,3,1,14,-11,-11,-9,5,sil
11.323198318481444,-11,-9,-9,7,-5,21,13,6,7,14,-13,-16,-15,6,sil
11.338775634765623,-3,-4,-1,15,3,19,23,0,11,23,0,1,1,20,sil
11.338775634765623,1,5,5,16,7,16,28,-6,5,27,0,9,13,22,sil
11.354655742645264,3,0,-5,11,1,12,20,-2,0,14,-8,0,9,10,sil
11.354655742645264,0,-17,-4,-9,-4,0,8,2,0,-4,-21,-5,1,0,sil
11.370131254196169,0,-17,-8,-26,-12,-18,0,3,9,-3,-22,0,8,0,sil
11.370131254196169,6,-8,-4,-24,-15,-22,-5,3,22,2,-10,10,17,9,sil
11.38575267791748,15,-5,0,-26,-7,-7,-3,3,14,-8,-1,13,10,4,sil
11.38575267791748,13,-4,-10,-24,-2,-2,-3,-2,-3,-19,4,12,0,-4,sil
11.400946617126465,3,5,11,-3,-7,-17,-17,-4,-13,-21,14,12,-8,-8,sil
11.400946617126465,-1,6,12,0,-7,-20,-28,-2,-20,-27,15,1,-12,-16,sil
11.417027711868286,2,4,-4,-8,-2,-10,-22,0,-36,-33,9,-8,-16,-28,sil
11.417027711868286,1,14,1,7,0,-4,-12,2,-35,-23,8,-4,-21,-26,sil
11.432938575744627,-9,14,1,27,7,-1,-7,0,-17,-9,2,-10,-23,-11,sil
11.432938575744627,-15,0,1,20,11,10,-2,0,-19,-9,-12,-26,-17,-8,sil
11.448602437973022,-15,0,-4,18,15,24,10,4,-14,0,-14,-22,-8,-10,sil
11.448971033096312,-6,10,-2,31,26,34,25,2,18,28,0,-3,0,5,sil
11.463752508163452,8,8,14,34,27,32,28,2,34,42,7,4,10,22,sil
11.480849266052246,6,-3,2,18,9,12,26,2,23,32,6,0,21,22,sil
11.480849266052246,-5,-7,-3,-4,-3,2,21,2,27,30,6,-1,22,22,sil
11.480849266052246,-2,-5,-1,-9,-4,5,14,0,34,32,7,-1,18,21,sil
11.495879650115969,2,-5,-2,-6,-10,-5,0,-8,13,10,1,2,9,7,sil
11.495879650115969,0,-4,2,-19,-18,-20,-16,-9,-1,-9,-4,9,0,2,sil
11.511059999465942,1,-6,-5,-24,-16,-17,-19,-1,2,-3,-2,3,0,5,sil
11.511059999465942,0,-10,-4,-18,-12,-10,-17,0,-5,-9,-7,-11,-1,-10,sil
11.526564836502075,-9,-10,-6,-22,-10,-8,-13,-1,-17,-23,-18,-12,-6,-24,sil
11.543041706085203,-2,-2,-6,-20,-1,-4,-3,-1,0,-3,-2,7,1,-5,sil
11.543041706085203,6,6,6,-4,4,0,0,0,17,13,12,17,10,11,sil
11.543041706085203,0,0,-6,-6,-1,-2,-7,-7,2,-1,-3,1,5,0,sil
11.558983087539673,-4,-5,-3,-17,-9,-8,-13,-4,-9,-12,-10,-2,-1,-12,sil
11.558983087539673,2,0,6,-5,-2,-4,-8,4,0,-12,7,11,-5,-8,sil
11.574244260787964,0,3,0,9,1,-4,-4,4,-9,-22,3,5,-13,-7,sil
11.574244260787964,-3,2,8,6,-1,-9,-6,2,-31,-30,-15,-8,-13,-12,sil
11.58983588218689,3,3,5,0,0,-9,-2,3,-18,-14,-6,-3,0,-8,sil
11.58983588218689,12,6,1,2,2,0,4,6,4,0,9,12,5,3,sil
11.605212688446043,14,17,9,18,1,10,9,6,6,1,18,23,6,12,sil
11.620290756225586,17,23,14,26,7,10,7,1,6,8,23,23,10,20,sil
11.620290756225586,15,9,14,12,13,5,8,-1,14,20,11,12,9,19,sil
11.620290756225586,1,-7,-8,7,9,6,12,-2,12,16,-1,-1,2,5,sil
11.63788604736328,-4,-2,-7,17,4,5,8,-3,-6,0,1,-3,-5,-2,sil
11.63788604736328,4,5,6,18,7,0,1,0,-20,0,6,-1,-12,-6,sil
11.65195083618164,0,-7,-6,10,6,0,2,0,-20,0,-3,-13,-12,-11,sil
11.66634964942932,-21,-14,-11,5,-1,6,1,0,-21,-6,-16,-23,-12,-17,sil
11.66634964942932,-34,-8,-16,-2,-9,9,0,0,-15,-2,-20,-22,-14,-14,sil
11.684306383132936,-24,-13,-9,-8,-7,7,2,-4,0,7,-20,-28,-12,-8,sil
11.684306383132936,-6,-8,1,0,1,11,9,-2,7,5,-14,-31,-5,0,sil
11.684306383132936,0,6,-4,8,8,13,10,0,5,5,-4,-19,3,10,sil
11.69867205619812,1,12,6,10,8,10,8,4,11,15,1,-1,18,17,sil
11.69867205619812,11,13,15,24,16,14,13,3,23,23,8,8,25,18,sil
11.71306538581848,15,6,7,11,14,7,9,-4,16,14,0,7,2,7,sil
11.728841066360474,-2,-14,-9,-36,-10,-13,-9,-8,0,-9,-10,0,-19,-7,sil
11.728841066360474,-13,-23,-22,-48,-24,-23,-13,-1,4,-13,2,5,-2,-4,sil
11.74415135383606,1,-15,-2,-40,-18,-13,-1,7,33,12,19,20,23,13,sil
11.74415135383606,7,-20,-2,-62,-23,-14,0,5,46,25,11,17,20,10,sil
11.759623765945436,-7,-21,-13,-65,-30,-27,-19,-1,17,-5,-2,4,-1,-6,sil
11.759623765945436,-9,-5,0,-30,-21,-26,-34,-4,-17,-37,-7,3,-9,-11,sil
11.775196313858032,9,6,4,-5,-7,-18,-31,0,-12,-26,5,14,5,0,sil
11.775196313858032,24,25,19,11,5,-13,-22,2,0,-8,32,34,18,0,sil
11.79083251953125,18,36,25,39,16,-11,-16,-1,-17,-18,30,29,6,-12,sil
11.79083251953125,9,24,8,52,16,-2,-11,-3,-35,-26,-1,0,-15,-20,sil
11.805928707122805,2,13,4,46,12,13,0,6,-26,-6,-13,-15,-23,-16,sil
11.805928707122805,-4,12,0,37,15,21,13,4,-12,6,-1,-9,-9,-7,sil
11.821593761444092,-3,9,5,32,18,23,21,-1,-10,0,0,-3,4,3,sil
11.821593761444092,7,7,8,35,16,23,21,2,-11,3,-2,1,5,15,sil
11.836631059646606,4,0,-1,19,5,10,17,0,-9,8,-1,-2,0,19,sil
11.836631059646606,-8,-14,-5,-8,0,3,10,-4,-3,5,-1,-14,1,14,sil
11.851773500442505,-3,-14,-11,-4,3,12,11,-2,5,12,0,-13,7,8,sil
11.851773500442505,3,-1,0,12,6,17,14,0,0,13,0,-3,0,3,sil
11.867981433868408,-4,-2,3,0,0,4,8,-2,-14,-2,-5,-2,-11,-1,sorry
11.867981433868408,-11,-11,-10,-15,-8,-4,-2,-5,-10,-4,-11,-6,-7,-2,sorry
11.883586168289185,-13,-12,-5,-15,-11,3,-1,0,8,11,-13,-5,-2,-4,sorry
11.883586168289185,-24,-16,-13,-19,-9,5,7,4,26,20,-19,-15,-8,-13,sorry
11.898640155792236,-19,-15,-9,-21,-1,-1,15,7,27,14,-20,-21,-8,-8,sorry
11.898640155792236,1,0,2,-8,3,0,19,5,20,8,-10,-2,3,7,sorry
11.914733648300173,11,7,-1,0,-1,-1,11,0,20,7,-1,7,11,13,sorry
11.914733648300173,15,2,3,-2,-8,-8,-6,0,23,13,6,6,15,12,sorry
11.93073320388794,11,0,-4,-8,-2,-8,-10,-2,17,13,17,7,16,9,sorry
11.93073320388794,-5,-5,-11,-17,-1,-10,-11,-5,-3,-10,5,2,0,-6,sorry
11.946839094161987,-11,-6,-8,-16,-8,-10,-15,-2,-13,-32,-12,-8,-17,-18,sorry
11.946839094161987,-2,-3,-10,-11,-7,-10,-10,-1,-2,-25,-4,-5,-17,-18,sorry
11.962030172348022,-8,-6,-2,-21,-4,-13,-8,0,-2,-16,4,1,-13,-20,sorry
11.962030172348022,-14,-1,1,-15,-2,-7,-6,0,-9,-8,8,6,-7,-10,sorry
11.977635145187378,4,10,9,14,1,1,-5,-2,-1,5,27,20,12,14,sorry
11.977635145187378,24,15,16,25,5,1,-16,0,1,11,33,25,24,16,sorry
11.992956638336182,30,12,9,15,9,-7,-20,4,-9,2,20,17,15,11,sorry
11.992956638336182,26,16,21,10,7,-12,-9,1,-18,-10,11,14,3,11,sorry
12.008808135986328,8,5,9,5,-6,-9,0,-5,-24,-17,-2,4,-7,0,sorry
12.008808135986328,-7,-9,-6,-7,-15,-2,0,-2,-25,-16,-21,-11,-20,-14,sorry
12.024827480316162,-11,-5,0,-11,-6,5,-5,0,-15,-16,-19,-14,-22,-14,sorry
12.024827480316162,-8,5,0,2,5,10,-4,-1,-2,-10,-9,-8,-12,-6,sorry
12.04091453552246,1,14,11,18,16,17,8,5,8,5,-5,0,-1,2,sorry
12.04091453552246,2,10,5,20,17,15,11,7,9,11,0,-5,4,4,sorry
12.05640459060669,-8,-5,-5,8,3,3,1,-2,4,6,0,-10,10,4,sorry
12.05640459060669,-5,-3,5,5,0,7,4,-2,15,17,0,7,21,11,sorry
12.081979036331177,8,7,2,20,9,14,12,0,25,30,11,17,33,19,sorry
12.081979036331177,15,6,4,27,16,13,9,0,14,21,12,10,25,19,sorry
12.081979036331177,6,3,3,17,14,13,11,4,3,11,2,3,6,4,sorry
12.087978839874268,-14,-6,-12,-2,3,6,7,2,-5,6,-1,-10,-7,-15,sorry
12.103570461273192,-22,-18,-15,-19,-13,-2,2,0,-12,-1,-4,-20,-11,-19,sorry
12.103570461273192,-4,-15,-14,-15,-17,-5,15,0,2,1,-1,-5,-2,2,sorry
12.119609117507936,-1,-2,-1,-8,-6,-5,11,1,6,3,0,0,-4,8,sorry
12.119609117507936,-15,-6,-6,-14,-4,-7,-9,0,-10,-11,-13,-16,-18,-13,sorry
12.135013580322266,-9,-14,-16,-19,-11,-13,-7,-4,-13,-17,-18,-20,-16,-14,sorry
12.135013580322266,0,-6,-4,-17,-11,-7,8,-3,-1,0,-2,-7,-4,2,sorry
12.150934934616089,-2,-2,-13,-17,-3,0,9,0,2,5,-9,-5,-7,-3,sorry
12.150934934616089,1,-1,-8,-9,0,-2,0,3,6,-12,-35,-6,-19,-14,sorry
12.165995121002195,9,4,5,4,0,-5,0,3,16,-14,-23,0,-17,1,sorry
12.165995121002195,-1,0,1,-1,-2,-1,1,-1,12,4,4,0,-4,9,sorry
12.182049989700316,-16,-10,4,-22,-7,0,-6,0,-3,6,2,-2,5,-2,sorry
12.182049989700316,-12,-7,0,-17,-10,-11,-23,-1,-9,0,-2,3,8,-9,sorry
12.198062658309937,7,3,4,6,0,-11,-21,-3,-4,-1,11,16,10,-2,sorry
12.198062658309937,21,6,15,15,10,2,-8,0,6,2,29,24,23,11,sorry
12.213929176330566,16,1,4,5,2,-4,-12,1,11,0,29,19,23,12,sorry
12.213929176330566,6,5,3,0,-9,-19,-27,0,-6,-12,12,8,0,-13,sorry
12.230040311813354,6,15,9,12,0,-4,-18,-1,-21,-18,6,9,-7,-21,sorry
12.230040311813354,9,22,16,25,16,12,0,-1,-12,-18,19,19,7,2,sorry
12.245931148529053,6,22,16,26,14,10,1,1,-10,-8,23,13,3,9,sorry
12.245931148529053,4,14,11,29,15,9,-2,0,-14,11,8,1,-11,4,sorry
12.261617422103882,8,7,20,33,20,20,12,0,-5,12,-4,1,-5,18,sorry
12.261617422103882,12,1,2,20,8,17,33,3,12,15,-1,4,6,31,sorry
12.276834964752195,8,-5,-10,0,-6,9,37,4,27,39,2,-4,10,27,sorry
12.276834964752195,-3,-9,-8,-12,-5,16,32,5,25,19,-6,-14,12,15,sorry
12.292041540145874,-13,-19,-20,-28,-3,5,21,0,3,-30,-17,-20,11,1,sorry
12.292041540145874,-20,-25,-18,-42,-14,-18,-4,-6,-5,-9,-16,-20,1,-13,sorry
12.307612895965576,-19,-16,-17,-37,-21,-22,-16,-6,10,32,-8,-10,-3,-19,sorry
12.307612895965576,-2,1,-5,-24,-10,-15,-11,0,15,3,-1,4,0,-13,sorry
12.323019742965698,7,12,6,-12,1,-14,-17,2,-3,-27,4,12,2,-10,sorry
12.323019742965698,-5,5,-10,-5,1,-10,-25,0,-21,-14,2,-1,-11,-18,sorry
12.339701652526855,-14,1,-5,-5,0,0,-14,1,-29,-16,-9,-11,-32,-27,sorry
12.339701652526855,-5,6,3,5,5,2,-3,0,-22,-23,-9,-6,-26,-18,sorry
12.354346513748167,-1,6,4,23,10,4,-2,-2,-12,-5,2,0,-6,-4,sorry
12.354346513748167,-8,2,0,26,12,11,1,1,-12,7,-1,-8,-4,-10,sorry
12.370650053024292,-10,-6,-11,21,9,12,3,0,-9,6,-18,-23,-10,-14,sorry
12.385687112808228,-5,-11,1,12,0,8,0,-3,4,11,-18,-18,-7,1,sorry
12.385687112808228,3,-7,7,4,-4,3,4,1,18,18,-5,-1,2,15,sorry
12.385687112808228,9,-6,2,4,-6,0,7,2,15,11,-4,6,8,16,sorry
12.401936531066896,1,-9,7,2,-10,7,6,1,5,4,-12,4,2,12,sorry
12.401936531066896,-2,-12,-5,-2,-7,8,11,0,11,8,-10,-1,-3,8,sorry
12.4163715839386,10,-4,0,-5,-3,0,13,5,27,11,1,1,6,10,sorry
12.43411636352539,19,6,11,-3,-2,0,13,7,31,8,11,12,20,17,sil
12.43411636352539,11,3,3,-4,-1,-2,10,0,13,-1,10,14,17,20,sil
12.43411636352539,14,2,4,-4,3,-4,-1,-3,-3,-15,14,27,11,17,sil
12.449272394180298,20,10,-2,-4,5,-1,-9,-4,-2,-13,22,37,13,9,sil
12.449272394180298,0,8,0,-15,-4,-12,-13,-7,-11,-11,9,14,4,-7,sil
12.465031147003174,-20,0,-2,-15,-10,-20,-12,-2,-25,-15,-2,-7,-4,-15,sil
12.465031147003174,-9,6,-7,1,3,-8,0,0,-18,-4,13,4,8,-6,sil
12.48074722290039,-2,13,8,12,16,4,2,0,-9,4,26,13,14,-4,sil
12.48074722290039,-12,4,4,12,10,0,-4,0,-11,0,13,-6,-1,-7,sil
12.496300220489502,-5,2,0,6,2,-4,-1,0,-2,-3,-2,-12,-8,-2,sil
12.496300220489502,5,7,3,-7,0,-1,1,2,9,2,-2,-1,0,-5,sil
12.510921716690063,0,-2,-6,-9,-2,-6,-3,1,9,5,6,-5,3,-7,sil
12.510921716690063,-2,-6,-6,1,0,-3,-2,0,3,8,9,-12,3,0,sil
12.526963233947754,1,3,-1,4,0,3,-2,-3,4,15,6,-7,0,0,sil
12.526963233947754,4,4,7,0,-9,0,-13,-6,0,11,6,-2,-8,-6,sil
12.540815114974976,8,-1,4,-6,-10,0,-14,0,-4,1,0,-3,-7,-5,sil
12.555939435958862,6,-8,-11,-16,-5,4,-3,6,-1,-6,-15,-3,-3,-3,sil
12.555939435958862,0,-4,6,-6,-3,7,0,5,0,-8,-21,1,-8,-1,sil
12.571957111358644,0,-2,10,10,2,6,2,-2,-3,-7,-15,0,-14,0,sil
12.571957111358644,0,-8,-4,0,3,2,1,-4,-4,-9,-18,-15,-16,-3,sil
12.588178873062134,-5,-10,-4,-10,-2,3,0,4,-4,-15,-24,-19,-10,-4,sil
12.588178873062134,-5,-4,0,7,2,9,0,0,-5,-16,-19,-11,-6,0,sil
12.605143547058104,-2,1,8,19,10,10,3,-2,-9,-16,-16,-5,-17,-1,sil
12.605143547058104,-5,0,-6,11,7,5,9,3,-7,-9,-16,-3,-15,-6,sil
12.618955850601196,-11,-6,-11,-2,1,1,10,2,0,3,-14,0,0,0,sil
12.618955850601196,-8,-3,-2,-8,1,0,7,-4,4,7,-7,2,0,0,sil
12.634620189666748,0,2,-9,3,5,-3,6,-3,4,7,6,4,2,0,sil
12.634620189666748,1,7,-4,14,6,0,12,3,4,16,19,9,17,6,sil
12.650035858154297,5,7,2,15,5,5,22,5,6,28,27,18,25,18,sil
12.650035858154297,15,5,7,10,5,3,22,3,6,28,28,24,22,23,sil
12.666035890579224,9,4,7,4,0,7,12,4,12,19,17,19,18,18,sil
12.666035890579224,-2,0,-6,1,-6,4,1,0,21,13,7,5,15,11,sil
12.681644201278688,0,-9,4,-9,-8,-13,-12,-5,9,0,2,0,3,0,sil
12.681644201278688,-6,-16,0,-28,-13,-21,-19,-10,-8,-11,-6,-10,-9,-16,sil
12.697724103927612,-15,-11,-14,-23,-15,-9,-14,-7,-6,-13,-9,-20,-6,-15,sil
12.697724103927612,0,0,0,-4,-13,-1,-16,3,4,-7,5,-10,6,0,sil
12.713340997695925,11,3,0,0,-10,-7,-19,3,14,1,22,4,18,9,sil
12.713340997695925,2,7,0,-2,0,-5,-13,-3,14,2,19,7,14,0,sil
12.728694438934326,-4,12,7,4,9,0,-12,0,-1,-11,1,0,-5,-13,sil
12.728694438934326,0,8,7,5,5,-8,-19,3,-15,-19,-3,-2,-16,-14,sil
12.743782997131348,4,6,6,-4,-3,-14,-14,0,-14,-14,-4,0,-11,-12,sil
12.743782997131348,5,4,-9,-9,-4,-3,0,-4,-13,-11,-7,5,-3,-11,sil
12.75972294807434,7,7,0,-5,2,4,5,0,-10,-12,0,7,0,0,sil
12.75972294807434,11,11,14,2,13,6,12,5,-2,-3,11,4,1,5,sil
12.775140285491943,13,7,5,5,13,2,17,3,-2,4,2,0,-2,5,sil
12.775140285491943,7,6,6,6,7,2,8,2,-10,2,-4,7,-4,3,sil
12.791168928146362,-7,0,0,7,7,3,2,-1,-9,0,-8,1,-12,-8,sil
12.791168928146362,-16,-9,-2,10,12,16,19,-2,-5,5,-23,-18,-23,-14,sil
12.80597734451294,-5,-5,3,21,19,30,38,4,0,20,-17,-14,-10,10,sil
12.80597734451294,1,-2,0,23,12,19,24,2,9,29,0,1,6,29,sil
12.821946144104004,-8,-17,0,1,-9,2,0,0,13,16,-9,-6,1,11,sil
12.821946144104004,-13,-28,-11,-15,-21,-3,-4,-2,13,0,-18,-19,-2,-4,sil
12.838030338287354,-10,-19,-14,-17,-18,-10,-7,-7,7,-8,-10,-11,-2,-2,sil
12.838030338287354,-11,-9,-12,-24,-19,-13,-20,-4,0,-11,-9,-5,0,0,sil
12.853744983673096,3,-8,-11,-25,-17,-7,-17,1,-1,-9,-5,0,5,4,sil
12.853744983673096,22,2,12,-11,-9,-6,-8,2,5,-4,12,15,11,5,sil
12.868842124938965,15,12,7,2,-1,-14,-15,-1,2,0,26,24,15,1,sil
12.868842124938965,7,10,0,4,2,-18,-24,-2,-5,-2,26,26,16,0,sil
12.88392949104309,15,15,11,6,6,-3,-12,2,-4,-4,28,28,13,-1,sil
12.88392949104309,3,17,3,14,9,7,4,0,-4,-5,22,11,9,-7,sil
12.899751424789429,-18,10,-4,16,12,9,7,0,-15,-11,-3,-15,-4,-18,sil
12.899751424789429,-20,1,-7,20,16,19,12,1,-13,-8,-21,-25,-23,-19,sil
12.914915800094604,-20,-9,-6,10,9,22,18,0,-2,1,-25,-32,-28,-6,sil
12.914915800094604,-25,-18,-7,-15,-8,9,10,-4,1,2,-36,-41,-20,-6,sil
12.930022716522217,-10,-14,-14,-21,-14,0,6,-3,10,3,-26,-24,-5,-3,sil
12.930022716522217,10,5,8,-2,-3,0,6,4,20,10,5,14,9,14,sil
12.945992469787598,12,16,13,2,0,-9,-2,2,14,9,20,28,16,12,sil
12.945992469787598,15,12,5,-1,-6,-22,-14,-2,2,1,20,22,12,-4,sil
12.961769342422484,24,17,12,7,1,-12,-9,1,1,2,31,31,11,6,sil
12.961769342422484,19,18,4,22,17,0,6,3,-1,7,29,27,7,20,sil
12.976692914962769,4,3,7,23,20,2,12,2,-13,5,10,5,-1,8,sil
12.976692914962769,-5,-8,8,16,12,9,14,5,-12,4,-5,-7,-3,2,sil
12.992872953414915,-13,-17,-5,-3,0,9,11,2,-3,3,-24,-19,-5,6,sil
12.992872953414915,-14,-26,-9,-26,-14,1,1,-3,0,-1,-33,-32,-12,-3,sil
13.008912324905396,-6,-23,-16,-25,-15,-2,-3,-4,9,-2,-13,-25,-6,-8,sil
13.008912324905396,0,-5,-3,-14,-6,-4,-3,0,21,5,4,-2,9,0,sil
13.024006366729736,2,0,2,-17,-11,-14,-11,0,15,5,4,3,12,1,sil
13.024006366729736,6,-4,-2,-21,-16,-17,-17,-1,-1,-5,0,0,7,-3,sil
13.040154933929443,6,6,4,-17,-4,-2,-13,1,-3,-9,1,10,11,-6,sil
13.040154933929443,6,12,1,-6,4,0,-12,0,3,-7,16,25,12,-2,sil
13.057029485702516,6,4,4,0,0,-4,-19,-10,-5,-20,16,21,-3,-3,sil
13.057029485702516,1,6,7,7,0,1,-12,-7,-21,-20,2,10,-12,-10,sil
13.071720838546751,0,20,6,18,11,5,0,5,-16,-1,2,4,-5,-7,sil
13.071720838546751,0,18,12,24,10,1,0,7,-16,-1,7,2,-5,0,sil
13.086870908737184,-12,-2,-1,16,2,4,-4,-2,-25,-13,-9,-13,-15,-4,sil
13.086870908737184,-16,-7,0,11,9,15,5,0,-14,-8,-26,-24,-18,-4,sil
13.103011846542358,-5,0,0,23,14,23,26,8,3,7,-15,-15,-9,7,sil
13.103011846542358,0,-8,-14,23,3,17,36,1,7,17,-1,-3,0,13,sil
13.118118524551392,-2,-17,-2,5,0,8,31,0,11,20,-2,0,0,11,sil
13.118118524551392,-7,-8,-5,0,4,6,29,3,19,22,-4,-4,0,10,sil
13.13567566871643,-1,0,-13,-2,4,5,24,-4,19,20,-6,0,8,5,sil
13.13567566871643,13,0,-4,-10,-1,-4,9,-5,26,15,-3,10,13,4,sil
13.15071439743042,17,-6,-4,-19,-13,-17,-6,0,24,8,6,10,13,6,sil
13.15071439743042,2,-5,-2,-26,-18,-16,-19,-1,8,-1,4,0,9,-2,sil
13.16420316696167,-8,0,-8,-27,-15,-15,-23,-2,0,-11,-4,-6,1,-14,sil
13.179328680038452,-5,0,-3,-26,-16,-23,-27,-3,-3,-17,4,-4,-3,-11,sil
13.179328680038452,4,9,8,-17,-8,-18,-29,-1,-13,-16,14,-1,0,-4,sil
13.194937944412231,14,16,5,6,6,-3,-21,0,-11,-9,14,5,3,0,sil
13.194937944412231,13,18,14,22,13,3,-9,3,-8,-4,15,12,2,0,sil
13.194937944412231,-1,9,9,20,16,3,-3,1,-14,-2,9,5,-1,-4,sil
13.210065126419067,-15,-3,0,14,14,4,-3,-3,-19,-4,-6,-8,-9,-6,sil
13.225625276565552,-17,-8,0,9,2,8,0,-3,-20,-13,-20,-16,-21,-9,sil
13.225625276565552,-14,-9,-8,2,2,11,9,0,-18,-9,-23,-21,-23,-9,sil
13.241676092147827,-6,-6,1,5,10,15,17,6,-1,11,-11,-8,-10,0,sil
13.241676092147827,0,-2,3,12,4,14,15,6,19,20,1,7,4,13,sil
13.25770664215088,4,-3,-1,1,-4,0,2,0,16,7,7,12,10,14,sil
13.25770664215088,12,-5,6,-17,-6,-10,-11,0,4,1,15,16,13,6,sil
13.272912979125977,7,-5,0,-11,-4,-1,-7,2,10,8,16,13,14,4,sil
13.272912979125977,-8,-5,2,1,-8,7,10,0,15,10,0,0,8,5,sil
13.28879690170288,-9,-5,-4,-6,-16,0,16,-6,9,4,-3,-5,6,2,sil
13.28879690170288,9,-1,-8,-20,-18,-12,4,-5,10,-3,7,8,16,8,sil
13.30367112159729,22,3,9,-11,-11,-19,-1,5,15,-4,9,20,21,11,sil
13.30367112159729,11,5,2,0,-5,-19,0,1,4,-7,5,13,9,-2,sil
13.319763422012327,-5,4,-3,-3,-4,-12,-9,-7,-21,-23,0,-1,-9,-18,sil
13.319763422012327,-6,5,1,3,1,-6,-19,-2,-37,-29,-4,-6,-16,-15,sil
13.335780382156372,0,9,5,25,14,0,-11,0,-30,-15,-7,-4,-15,-8,sil
13.335780382156372,3,18,9,35,20,18,4,0,-14,1,-7,-4,-14,-5,sil
13.350906610488892,1,10,-1,32,19,34,19,3,0,18,-1,-2,-1,8,sil
13.350906610488892,0,-6,0,19,14,24,22,3,7,23,0,-5,5,18,sil
13.36692214012146,-6,-10,-5,0,4,12,12,-2,11,14,-6,-15,-3,4,sil
13.36692214012146,-13,-6,-16,-18,-5,4,1,-2,18,11,-12,-13,-14,-5,sil
13.382008075714111,-3,-4,0,-27,-4,-2,0,5,14,11,-11,0,-5,2,sil
13.382008075714111,12,-1,0,-22,0,-12,-8,-2,0,0,-4,2,1,2,sil
13.398021221160889,12,3,-7,-21,-3,-18,-29,-8,-9,-12,3,0,-4,-11,sil
13.398021221160889,-1,5,-4,-19,0,-12,-29,0,-11,-9,10,5,-7,-17,sil
13.413606882095335,-7,1,1,-1,13,-1,-1,0,-3,-1,11,4,2,-6,sil
13.413606882095335,-9,-3,11,11,5,6,13,0,2,0,-3,-2,1,-2,sil
13.428828239440918,-18,-10,-4,1,-5,11,16,6,8,3,-25,-13,-11,-7,sil
13.429222583770752,-13,-9,-11,-6,2,16,29,8,24,15,-28,-13,-3,1,sil
13.443966627120972,3,-5,0,0,4,10,31,1,41,20,-9,-4,21,20,sil
13.443966627120972,13,-4,-2,1,-9,-11,5,-1,32,16,11,0,31,24,sil
13.459591150283812,11,0,4,-8,-15,-24,-14,0,3,0,22,2,19,3,sil
13.459591150283812,0,7,2,-6,-10,-20,-16,-3,-18,-20,20,3,2,-13,sil
13.474613189697266,-8,7,3,7,-7,-12,-19,-5,-30,-26,12,3,-11,-12,sil
13.474613189697266,-2,4,9,17,-3,0,-17,3,-28,-15,11,12,-13,-5,sil
13.490719556808472,1,0,3,25,3,12,5,2,-14,-4,12,14,-4,2,sil
13.490719556808472,-1,-5,7,26,5,20,23,0,-8,0,-4,0,-3,9,sil
13.506250143051147,-3,-10,-4,7,0,14,14,0,-5,3,-23,-12,-9,5,sil
13.506250143051147,-3,-16,-12,-10,-13,-2,-8,-5,0,-1,-17,-9,-7,3,sil
13.52198362350464,0,-11,-3,-15,-18,-11,-21,-5,4,-7,0,0,5,11,sil
13.52198362350464,6,-4,-7,-20,-11,-14,-25,-1,2,-6,9,14,15,7,sil
13.538171291351318,8,1,7,-25,-2,-17,-26,0,-4,-9,17,22,7,-8,sil
13.538171291351318,3,15,9,-11,4,-10,-8,-2,-8,-8,22,13,1,-10,sil
13.553799867630005,10,23,-2,5,7,0,11,0,-7,1,12,2,2,-3,sil
13.553799867630005,18,18,8,9,8,6,10,0,-12,4,5,6,-2,-2,sil
13.569028854370115,11,13,10,11,14,7,2,-2,-8,7,8,5,0,-3,sil
13.569028854370115,0,9,6,7,16,7,-1,0,-5,4,-2,-4,-2,-10,sil
13.584631443023682,-6,2,-3,-2,5,2,-10,6,-14,-7,-21,-13,-16,-18,sil
13.584631443023682,0,5,-2,4,5,5,-8,2,-7,-4,-14,-8,-8,-3,sil
13.599807262420654,11,20,19,33,16,17,11,1,22,20,5,11,10,16,sil
13.599807262420654,12,12,9,38,12,20,32,3,31,31,6,18,10,16,sil
13.615853309631348,-3,-14,-3,1,1,14,31,1,10,11,-13,-6,0,3,sil
13.615853309631348,-22,-25,-15,-20,0,8,14,0,1,-4,-28,-31,-10,-3,sil
13.631794929504396,-23,-18,-18,-10,1,1,5,0,12,0,-27,-25,-17,0,sil
13.631794929504396,-3,-3,0,0,1,2,19,7,30,16,-11,-5,0,7,sil
13.646945476531982,8,-4,-4,0,0,1,29,6,38,21,6,-1,22,12,sil
13.646945476531982,-10,-26,-12,-12,-14,-10,4,0,11,0,-4,-10,4,5,sil
13.662839651107788,-31,-34,-16,-30,-25,-18,-20,-4,-13,-17,-23,-18,-20,-7,sil
13.662839651107788,-17,-9,-11,-18,-17,-15,-13,-5,-6,-9,-8,-13,-7,-11,sil
13.67782497406006,7,12,12,5,-1,-9,-5,-4,0,1,17,7,11,-2,sil
13.67782497406006,5,4,3,4,0,-12,-16,-4,-3,1,16,13,11,5,sil
13.695075750350952,-2,-3,-4,-9,0,-17,-21,-3,1,1,7,5,7,4,sil
13.695075750350952,7,2,4,-8,0,-8,-18,0,0,1,15,8,12,1,sil
13.709681749343872,13,8,0,-3,-7,-5,-23,-2,-19,-10,21,15,7,0,sil
13.709681749343872,0,4,-2,-13,-11,-14,-23,-3,-38,-31,0,9,-13,-8,sil
13.725801706314089,-7,0,-7,-21,-5,-8,-14,-3,-28,-32,-12,-1,-17,-14,sil
13.725801706314089,0,5,1,-13,-2,6,-10,0,-9,-13,5,1,-2,-5,sil
13.740017175674438,5,13,8,0,0,9,-9,7,-9,-3,23,10,1,0,sil
13.756917953491213,10,10,-3,14,2,0,0,1,-9,-1,18,14,2,0,sil
13.756917953491213,12,7,4,13,-3,0,3,-2,0,-4,4,14,6,-3,sil
13.756917953491213,6,10,15,9,3,8,5,0,-1,-9,0,7,2,-8,sil
13.771061182022097,11,16,19,30,24,18,17,3,-3,-1,7,2,0,0,sil
13.788666725158691,24,18,19,45,26,18,33,5,5,10,17,11,4,8,sil
13.788666725158691,11,6,7,27,16,17,33,3,4,12,4,4,-1,6,sil
13.788666725158691,-10,0,7,18,17,29,24,3,4,19,-14,-21,-16,5,sil
13.802257537841797,-11,0,0,29,15,28,24,2,19,34,-16,-31,-9,6,sorry
13.818981647491457,-9,-13,-7,8,0,8,21,-1,19,30,-20,-21,0,2,sorry
13.818981647491457,-13,-19,-9,-25,-12,-5,6,-1,6,13,-30,-13,-2,0,sorry
13.833625316619871,-6,-9,-15,-25,-11,-16,-7,0,7,1,-19,-7,0,3,sorry
13.833625316619871,0,-8,-4,-12,-6,-14,-12,-2,8,-4,-11,-2,2,9,sorry
13.848930835723875,-8,-18,-6,-18,-5,-2,-7,-6,-2,-8,-21,-10,-4,4,sorry
13.848930835723875,-17,-19,-10,-27,-9,-3,-3,-6,-6,-5,-23,-11,-10,-10,sorry
13.864896535873411,-8,-4,-3,-16,-8,-9,-7,0,6,4,0,-1,0,-11,sorry
13.864896535873411,0,0,-14,-9,-10,-13,-20,3,17,5,13,2,11,0,sorry
13.880362272262571,-6,-9,-8,-23,-18,-22,-36,0,5,-8,2,5,6,-1,sorry
13.880362272262571,1,-8,-2,-14,-18,-21,-28,0,0,-10,5,12,7,-3,sorry
13.896232604980469,23,7,4,6,-4,-11,-4,3,7,-2,27,22,19,10,sorry
13.896232604980469,19,11,13,2,4,-5,0,1,0,-6,29,26,20,12,sorry
13.911664962768556,1,4,-4,-2,4,-7,-4,-7,-10,-8,18,18,14,1,sorry
13.911664962768556,1,10,0,2,-1,-7,0,-4,-12,-8,14,9,7,-5,sorry
13.927749872207642,1,15,6,0,0,1,8,5,-7,-8,12,2,0,-10,sorry
13.927749872207642,1,10,-3,1,12,13,21,6,7,-1,7,-1,-2,-2,sorry
13.943767309188845,9,9,11,5,11,12,18,3,9,0,5,4,-1,4,sorry
13.943767309188845,4,4,5,0,5,0,-3,-4,-13,-11,1,1,-8,-3,sorry
13.958904266357422,-3,0,2,2,11,0,-13,-5,-27,-20,-9,-10,-17,-9,sorry
13.958904266357422,0,6,10,19,14,9,-4,0,-14,-10,-7,-4,-13,1,sorry
13.974041223526,-2,3,2,27,3,5,-1,-3,-4,9,8,0,-3,4,sorry
13.974041223526,-12,-3,1,19,0,9,-3,-2,-11,14,5,-9,-5,-9,sorry
13.989994764328005,-12,-5,-5,17,1,18,0,4,-18,-2,-14,-18,-16,-12,sorry
13.989994764328005,-5,-2,-4,9,-3,11,5,3,-16,-16,-27,-15,-24,-2,sorry
14.005646228790283,-4,-4,1,-1,-3,4,12,0,-12,-7,-24,-12,-19,0,sorry
14.005646228790283,-4,-5,-1,3,1,3,8,2,-3,12,-10,-5,-1,0,sorry
14.02155375480652,5,3,8,13,0,0,0,3,13,20,3,4,15,8,sorry
14.02155375480652,7,6,2,2,-9,-2,2,0,23,14,0,1,10,12,sorry
14.037823915481567,-5,-8,-11,-17,-13,0,13,0,17,8,-14,-8,-6,3,sorry
14.037823915481567,-6,-13,-11,-22,-2,6,12,2,15,7,-9,-11,-6,-2,sorry
14.052966594696043,6,-3,-8,-10,7,3,10,0,16,7,2,-4,6,0,sorry
14.052966594696043,5,0,5,-7,4,-1,15,0,16,11,0,0,10,3,sorry
14.068512678146362,-4,-10,-1,-21,0,0,19,0,19,15,-3,0,7,0,sorry
14.068512678146362,-5,-15,-9,-26,-3,-4,2,-5,15,10,-2,-1,8,-4,sorry
14.089685201644896,-2,0,-2,-9,-1,-10,-13,-5,12,6,3,7,18,0,sorry
14.089685201644896,2,9,-3,1,5,-2,-10,-1,20,13,13,16,28,15,sorry
14.089685201644896,8,0,5,-6,0,2,-8,3,17,9,12,15,21,17,sorry
14.099792957305908,7,-5,0,-12,-11,-7,-17,3,7,0,8,10,11,3,sorry
14.115022659301758,1,0,0,-4,-12,-16,-23,-4,-1,-8,8,7,0,-4,sorry
14.115022659301758,-1,0,4,1,-7,-9,-14,-7,-17,-25,2,4,-12,-7,sorry
14.130731105804443,-4,-2,-5,0,-5,-5,1,-3,-32,-36,0,0,-16,-7,sorry
14.130731105804443,2,9,3,3,-1,-9,0,-2,-37,-32,4,3,-11,-8,sorry
14.146168947219849,17,20,10,14,1,-11,-13,0,-28,-20,11,14,-4,-2,sorry
14.146168947219849,16,15,7,22,6,-11,-16,5,-16,-13,10,14,0,2,sorry
14.162108421325684,5,7,12,19,13,-2,-11,2,-11,-8,11,8,4,1,sorry
14.162108421325684,0,0,2,13,7,0,-4,-3,-3,1,12,0,6,0,sorry
14.17812156677246,-4,-4,2,4,0,0,0,2,-5,0,-2,-6,-7,-6,sorry
14.17812156677246,-3,3,5,7,2,-1,1,7,-12,-10,-12,-3,-17,-12,sorry
14.193678855895996,9,13,6,19,7,4,0,0,-6,-6,-6,2,-5,-5,sorry
14.193678855895996,1,3,3,12,1,13,0,-2,-9,-3,-10,-6,-8,-5,sorry
14.208688497543337,-15,-9,-14,0,-2,13,2,0,-15,-1,-11,-16,-18,-8,sorry
14.208688497543337,-2,1,0,6,4,14,14,7,8,18,5,0,0,5,sorry
14.224178075790403,0,8,5,9,10,18,23,8,26,23,0,0,5,14,sorry
14.224178075790403,-26,-18,-22,-19,1,6,15,0,10,5,-28,-30,-20,-6,sorry
14.239313840866089,-30,-27,-19,-27,-6,7,10,-2,8,12,-23,-35,-22,-17,sorry
14.239313840866089,-12,-10,-11,0,1,19,20,0,20,27,-5,-16,0,0,sorry
14.254933834075928,-11,-9,-10,-16,1,13,14,0,11,16,-14,-17,0,5,sorry
14.254933834075928,-9,-15,-10,-47,-8,0,4,3,4,8,-14,-16,1,0,sorry
14.270347118377686,0,0,0,-17,-8,-4,4,1,17,12,6,2,18,4,sorry
14.270347118377686,2,14,15,9,-5,-12,1,0,23,7,12,15,19,9,sorry
14.286189556121826,2,0,0,-8,-12,-14,-5,-1,11,7,7,7,13,8,sil
14.286189556121826,12,-6,3,-6,-8,-1,-2,-6,3,9,10,10,17,16,sil
14.30178952217102,18,9,13,18,4,2,0,-4,13,12,24,25,19,23,sil
14.30178952217102,20,14,5,16,8,-3,-3,0,22,13,32,25,21,14,sil
14.317854642868042,23,10,16,11,9,-3,-12,0,11,2,22,17,20,3,sil
14.317854642868042,16,8,11,18,14,-6,-10,0,0,-8,8,10,7,0,sil
14.333235025405884,5,2,3,11,8,-15,-7,0,-5,-11,7,7,0,-3,sil
14.333235025405884,7,-1,4,0,-5,-11,-13,-2,-16,-24,0,4,0,-6,sil
14.348845958709717,14,2,-2,3,-11,-1,-12,-7,-35,-34,-18,3,-10,-5,sil
14.348845958709717,4,6,4,11,-1,1,0,-4,-36,-25,-15,6,-14,-5,sil
14.36394739151001,-5,0,0,8,2,-2,3,-3,-24,-14,-3,3,-8,-5,sil
14.380226135253906,-1,-5,-7,0,-5,-5,-14,-2,-26,-19,-17,-6,-17,-9,sil
14.380226135253906,-8,-6,-9,-5,-8,1,-19,0,-33,-22,-29,-14,-29,-16,sil
14.380226135253906,-26,-15,-19,-18,-6,0,-8,-2,-21,-15,-14,-13,-22,-15,sil
14.39627194404602,-21,-15,-4,-26,-11,-4,-2,0,-5,-7,0,-4,-8,-10,sil
14.39627194404602,-3,0,0,-12,-2,0,0,6,2,0,5,1,3,-5,sil
14.412168979644775,0,7,-2,3,12,0,0,0,3,5,4,0,4,0,sil
14.412168979644775,-1,7,3,5,9,0,2,-2,9,14,5,-4,0,0,sil
14.427924156188965,-4,3,-3,-3,0,5,17,7,24,21,6,-9,3,1,sil
14.427924156188965,-8,-3,1,-20,-3,5,18,11,25,8,-2,-10,0,1,sil
14.44366192817688,-11,-5,-3,-19,-5,2,3,6,19,0,-5,-9,-5,-4,sil
14.44366192817688,-7,-1,-6,0,2,5,0,4,25,10,2,-13,-1,-6,sil
14.458970069885254,0,1,9,6,6,7,7,6,24,12,5,-7,0,0,sil
14.459394454956056,10,5,8,14,5,0,12,1,15,13,14,7,7,10,sil
14.474989652633669,17,13,10,27,11,0,14,0,17,24,30,19,23,24,sil
14.474989652633669,8,9,2,21,11,8,8,1,8,13,15,10,14,20,sil
14.490237951278688,-5,-5,-11,3,1,8,0,2,-15,-8,-11,-4,-6,0,sil
14.490237951278688,0,-5,-2,2,1,7,1,0,-16,0,-8,-2,-3,-2,sil
14.506101846694946,7,-2,-5,9,1,6,3,-9,-5,14,0,0,5,6,sil
14.506101846694946,2,-2,0,5,-6,0,-5,-7,-11,4,-6,-1,0,6,sil
14.521633863449097,1,1,9,3,-3,0,0,0,-9,5,-6,5,2,5,sil
14.521633863449097,6,-1,7,0,3,0,9,-5,-1,10,-3,9,12,3,sil
14.536654472351074,1,-9,3,-12,-5,-5,-3,-13,-11,-6,-13,-5,4,-5,sil
14.536654472351074,-4,-7,-4,-12,-11,-4,-13,-6,-16,-11,-14,-13,-1,-4,sil
14.55370831489563,-7,0,0,-4,-4,-1,-3,0,-5,2,-5,-2,3,0,sil
14.55370831489563,-5,6,0,0,0,0,2,1,11,10,4,5,9,0,sil
14.568119287490845,4,11,-1,0,1,0,2,5,32,11,11,9,11,9,sil
14.58364486694336,7,8,8,-9,0,-7,-5,3,23,1,5,14,5,15,sil
14.58364486694336,0,-6,-5,-27,-8,-29,-19,-4,-9,-20,4,10,-4,-3,sil
14.597924709320068,5,-5,0,-18,-9,-27,-25,-1,-19,-30,13,11,-6,-18,sil
14.597924709320068,13,7,9,0,-4,-5,-18,4,-9,-33,14,16,-4,-13,sil
14.613154888153076,1,2,-6,-6,-3,-3,-15,-1,-22,-40,3,4,-16,-12,sil
14.613154888153076,-4,0,0,-4,2,0,-10,0,-35,-37,-3,-5,-28,-20,sil
14.62868595123291,-1,4,0,21,9,11,1,4,-16,-17,-13,-10,-21,-13,sil
14.62868595123291,-10,-1,-5,24,2,13,5,1,0,-4,-27,-19,-19,-6,sil
14.644737243652344,-20,-12,-6,4,-1,16,11,3,-3,4,-24,-27,-19,-8,sil
14.644737243652344,-17,-15,-17,-1,3,15,20,3,2,17,-8,-20,-4,0,sil
14.660784721374512,-15,-13,-9,-8,0,5,17,-2,12,21,-5,-16,3,11,sil
14.660784721374512,-12,-14,-6,-18,-5,0,18,-5,22,24,-9,-17,0,7,sil
14.67679738998413,5,-6,3,-2,-1,1,18,1,38,29,6,1,12,14,sil
14.67679738998413,27,17,14,21,6,0,5,7,35,25,34,26,31,23,sil
14.692205667495728,26,29,7,17,11,-6,-2,-1,6,12,36,21,27,8,sil
14.692205667495728,9,23,12,5,13,-7,-8,0,-14,-2,14,9,2,-7,sil
14.710575819015505,5,16,15,22,14,0,-12,6,-19,-3,5,14,-1,-2,sil
14.710575819015505,6,8,11,34,11,10,0,0,-16,11,4,7,7,4,sil
14.710575819015505,-9,-5,0,9,-1,17,18,-5,-5,17,-14,-12,1,3,sil
14.7236967086792,-23,-20,-23,-21,-21,3,17,-2,3,5,-27,-16,-5,0,sil
14.738629579544067,-8,-24,-7,-29,-27,-12,-2,0,8,0,-11,3,4,0,sil
14.738629579544067,5,-17,5,-16,-12,-6,-5,1,20,5,4,14,14,7,sil
14.753780603408812,4,-7,-3,-11,-2,1,1,0,22,4,2,7,8,12,sil
14.753780603408812,4,0,-3,-16,-1,-1,0,-1,8,0,4,2,3,0,sil
14.769903421401978,6,2,-4,-11,5,-14,-11,-2,0,-1,13,4,5,-7,sil
14.769903421401978,1,5,2,-7,4,-21,-29,0,-17,-18,10,1,-2,-12,sil
14.785210609436035,0,9,2,-6,0,-10,-29,0,-37,-33,2,0,-13,-18,sil
14.785210609436035,4,18,4,9,7,10,-10,-4,-27,-17,3,5,-8,-8,sil
14.800336360931396,6,20,16,20,15,12,0,0,-5,0,11,7,0,2,sil
14.800336360931396,-1,6,2,12,7,7,6,3,0,-5,10,0,-2,2,sil
14.816007614135742,-8,0,-3,11,7,20,18,5,4,-1,-5,-10,-13,4,sil
14.816007614135742,-9,-1,-8,17,13,27,25,3,17,18,-19,-17,-15,9,sil
14.831581115722656,-8,-11,-11,9,3,11,21,0,15,22,-17,-20,-10,7,sil
14.831581115722656,-3,-12,1,-2,-14,0,11,0,7,6,-19,-10,-9,5,sil
14.847832679748535,0,-10,-8,-15,-21,-12,0,-2,2,-7,-25,-5,-7,2,sil
14.847832679748535,0,-20,-13,-32,-22,-26,-15,-5,-4,-20,-25,-6,-4,-3,sil
14.86276078224182,0,-16,-6,-28,-22,-30,-21,-3,-6,-25,-12,2,2,-11,sil
14.86276078224182,8,4,3,-9,-13,-29,-22,-1,-4,-18,8,16,13,-6,sil
14.877784729003906,14,18,20,-2,-1,-18,-20,4,-9,-9,26,22,16,2,sil
14.877784729003906,6,12,8,0,4,-4,-12,3,-12,-6,22,9,8,0,sil
14.893815755844116,-3,3,2,5,8,0,-5,-1,-11,-7,4,-8,0,-13,sil
14.893815755844116,-6,8,3,18,16,12,7,1,-5,0,3,-6,0,-12,sil
14.90956449508667,-1,10,0,26,23,24,21,5,1,15,14,0,0,0,sil
14.90956449508667,0,0,10,21,17,23,22,3,3,20,6,-8,-5,3,sil
14.92562460899353,-6,-6,2,16,10,23,26,0,9,20,-7,-15,0,0,sil
14.92562460899353,-12,-11,-11,12,7,25,30,0,14,21,-15,-14,-6,-3,sil
14.940887928009031,-12,-14,-6,-2,-4,17,22,0,11,20,-14,-9,-15,-2,sil
14.940887928009031,-4,-12,-6,-16,-12,1,7,-3,11,13,0,1,-2,7,sil
14.95684003829956,0,-4,0,-16,-7,-8,-11,-3,10,4,8,8,13,11,sil
14.95684003829956,2,-1,-4,-6,-7,-16,-20,0,6,4,3,5,13,4,sil
14.972036123275757,16,6,2,-2,-11,-24,-16,-1,1,5,7,15,9,4,sil
14.972036123275757,28,15,14,-3,-6,-22,-19,-5,-6,-6,17,32,13,11,sil
14.988104343414308,17,6,-2,-4,-4,-15,-23,-4,-11,-16,12,25,16,10,sil
14.988104343414308,3,3,-5,-7,-4,-7,-20,5,-8,-14,11,13,8,2,sil
15.003850221633911,2,10,1,2,6,2,-13,5,-7,-8,23,16,1,-4,sil
15.003850221633911,5,13,8,23,16,12,-6,0,-8,-10,17,10,-3,-3,sil
15.02016282081604,0,11,10,25,16,15,-1,2,-9,-8,-12,-6,-15,0,sil
15.02016282081604,-15,0,-10,6,8,9,8,0,-6,-1,-30,-23,-22,-3,sil
15.03612184524536,-29,-20,-10,-10,-4,6,18,-3,0,2,-30,-29,-14,-8,sil
15.03612184524536,-19,-18,-7,-7,-4,11,25,4,12,8,-25,-22,-3,0,sil
15.051700115203856,4,0,0,4,9,13,27,8,28,22,-10,0,4,16,sil
15.051700115203856,8,3,10,4,5,8,20,0,37,23,5,5,16,16,sil
15.066855907440186,0,-3,-2,-10,-11,-7,7,-4,22,4,3,-14,16,6,sil
15.066855907440186,0,-4,-3,-28,-17,-21,-6,0,0,-14,-2,-21,0,-3,sil
15.082547426223757,-3,-7,-8,-39,-15,-18,-12,2,-8,-21,-1,-8,-11,-19,sil
15.082547426223757,-7,-10,-10,-31,-15,-15,-21,0,-10,-23,0,1,-8,-22,sil
15.098175764083862,4,0,13,-11,-12,-15,-23,0,-15,-19,9,11,1,-4,sil
15.098175764083862,16,7,11,0,-2,-9,-9,0,-17,-6,23,21,5,5,sil
15.113553524017334,12,11,4,9,11,4,0,0,-24,-6,20,21,-2,-3,sil
15.113553524017334,4,14,1,25,16,12,1,2,-32,-17,2,8,-15,-11,sil
15.12964391708374,0,10,-3,32,10,10,4,-1,-26,-10,-9,-4,-16,-9,sil
15.12964391708374,0,8,5,29,14,12,12,-2,-9,10,-10,-9,-7,-6,sil
15.145504236221312,-2,0,0,22,13,11,14,-3,0,14,-12,-12,-6,-2,sil
15.145504236221312,-18,-19,-6,9,-5,4,4,-3,-2,5,-24,-20,-15,-2,sil
15.161023378372192,-20,-21,-8,1,-13,5,0,0,7,12,-22,-20,-5,-3,sil
15.161023378372192,-4,-9,-10,-3,-6,1,-1,-1,25,16,-10,-12,8,3,sil
15.177053928375244,-1,-7,2,-16,-8,-9,-9,0,19,2,-13,-2,2,8,sil
15.177053928375244,-2,-5,-1,-12,-3,-10,-3,3,20,9,-2,8,7,8,sil
15.192570447921751,11,13,3,0,7,0,7,0,33,24,29,25,30,14,sil
15.192570447921751,20,25,11,5,7,0,-1,-3,14,6,38,30,26,7,sil
15.208063125610352,13,16,2,3,6,-12,-23,-1,-10,-9,30,21,4,-3,sil
15.208063125610352,10,11,13,6,12,-6,-19,7,-7,0,31,23,7,5,sil
15.22369623184204,3,8,9,11,14,10,2,5,-3,1,22,16,15,12,sil
15.22369623184204,-9,-3,-3,11,6,15,9,0,-16,-9,0,-5,-6,0,sil
15.239556074142456,-9,-10,-1,7,0,9,5,0,-19,-6,-11,-20,-20,-1,sil
15.239556074142456,-1,-13,-1,5,-1,7,16,1,-7,8,-21,-22,0,14,sil
15.25508165359497,-4,-18,-3,-7,-9,15,22,0,6,13,-30,-20,4,16,sil
15.25508165359497,-11,-23,-17,-30,-22,10,12,0,15,5,-26,-20,-5,0,sil
15.270235061645508,-8,-19,-11,-37,-23,-12,4,0,15,0,-15,-16,0,-3,sil
15.271234273910522,0,-8,1,-28,-15,-20,1,0,14,1,-6,0,6,0,sil
15.28684663772583,9,0,-8,-27,-13,-15,-9,-4,12,-4,0,16,0,-2,sil
15.28684663772583,8,9,1,-23,-8,-13,-22,-1,3,-15,8,19,0,-10,sil
15.301147937774658,3,19,4,2,3,-11,-18,2,0,-11,18,19,6,-7,sil
15.301147937774658,10,26,3,22,15,-2,-4,1,0,-5,18,20,0,-2,sil
15.318035125732422,10,26,9,15,18,5,3,0,-4,-10,5,11,-9,-4,sil
15.318035125732422,-3,10,-2,8,13,0,0,-5,-9,-5,4,-3,-5,-10,sil
15.331971645355225,-11,1,-1,12,8,0,-8,-5,-12,0,6,-6,-5,-11,sil
15.34868550300598,-4,5,-1,17,9,4,-6,0,-13,-2,0,-6,-4,-5,sil
15.34868550300598,-1,-3,1,12,1,0,0,0,-17,-7,-8,-10,-1,0,sil
15.363723754882812,-1,-12,9,4,-6,1,-1,-4,-27,-13,-15,-13,-14,-8,sil
15.363723754882812,-4,-6,0,8,0,6,1,-6,-28,-13,-21,-19,-23,-17,sil
15.378824949264526,-9,-2,2,5,0,8,8,0,-20,-7,-17,-19,-14,-16,sil
15.378824949264526,-2,-5,1,2,1,11,14,5,-6,-1,0,-3,-3,0,sil
15.394708395004272,15,0,2,13,6,9,14,7,13,7,12,13,9,25,sil
15.394708395004272,13,6,13,14,0,2,2,7,28,22,14,13,22,17,sil
15.410915613174438,-2,0,-2,5,-3,1,0,0,26,25,13,0,21,0,sil
15.410915613174438,2,-1,-5,7,10,3,7,0,19,19,16,3,12,8,sil
15.410915613174438,8,1,-1,0,6,-4,2,3,16,14,14,11,3,10,sil
15.427668571472168,-2,-4,-4,-21,-8,-10,-10,0,11,5,0,0,-9,-3,sil
15.427668571472168,-4,-8,3,-18,-8,0,-10,-7,3,1,-15,-12,-12,-1,sil
15.442275285720823,0,-7,-7,-2,-3,1,-7,-4,0,2,-16,-7,0,9,sil
15.442275285720823,-7,-3,-10,-5,-9,-10,-13,2,-7,-11,-13,0,1,5,sil
15.456873893737791,-14,0,-6,-8,-10,-14,-9,3,-12,-15,-10,-1,-2,0,sil
15.472622394561768,-9,-5,-9,-5,-5,-5,6,0,-3,5,-2,-3,0,1,sil
15.472622394561768,-7,-8,0,-12,-2,6,16,3,2,8,-5,0,5,1,sil
15.489825963974,-9,-4,-5,-14,0,3,12,2,-1,-9,-9,0,4,-5,sil
15.489825963974,2,2,2,0,5,-2,8,0,3,-3,1,1,6,-1,sil
15.489825963974,15,7,8,12,6,7,16,0,17,8,9,5,13,9,sil
15.504849910736084,1,-2,-9,-2,0,6,14,-4,5,-2,-4,-1,6,0,sil
15.520998477935793,-4,-4,0,-8,0,-4,0,0,-12,-12,-6,-4,-3,-8,sil
15.520998477935793,10,9,10,11,12,2,-2,3,-1,0,14,6,2,0,sil
15.535699367523192,7,5,3,0,4,4,-8,-2,4,2,15,9,0,1,sil
15.535699367523192,-3,-1,-2,-20,-8,-7,-23,-1,-5,-7,3,-1,-13,-8,sil
15.551334857940674,11,11,2,5,0,-6,-13,1,-4,-6,8,2,-3,1,sil
15.551334857940674,22,18,20,23,3,0,-2,0,0,0,15,18,8,8,sil
15.567960262298584,5,0,4,-7,-8,-3,-10,-2,-4,6,19,13,10,-1,sil
15.567960262298584,0,-5,-5,-23,-10,-3,-11,-4,-5,4,19,1,4,-4,sil
15.58197259902954,9,7,8,0,-3,3,-4,-3,-3,0,5,7,0,0,sil
15.58197259902954,7,9,4,13,-1,0,-4,-2,-1,5,-1,10,-1,0,sil
15.598064661026,-2,2,5,11,3,-1,-6,0,1,5,1,-3,0,-5,sil
15.598064661026,-1,0,6,15,11,5,-3,5,3,-7,0,-3,0,-1,sil
15.613597393035889,3,-1,3,15,4,6,5,6,-2,-9,-5,5,-1,7,sil
15.613597393035889,-2,0,-4,7,0,4,11,0,-6,-3,-11,-6,-12,-2,sil
15.628838777542114,-13,-1,-17,13,9,5,6,-4,-1,-1,-17,-26,-14,-12,sil
15.628838777542114,-15,-3,-4,13,12,3,0,2,-5,-5,-13,-17,-6,-4,sil
15.644886255264282,-16,-8,-8,-5,1,-5,0,0,-16,-14,-13,-6,-10,-3,sil
15.644886255264282,-20,-15,-18,-15,-5,-9,6,-3,-10,-13,-22,-15,-21,-15,sil
15.660752058029177,-19,-12,-4,-5,0,2,19,5,0,-1,-23,-21,-20,-16,sil
15.660752058029177,-15,-4,-5,3,3,1,16,1,-8,0,-22,-20,-17,-9,sil
15.67676568031311,-7,0,-2,0,-5,-9,1,-4,-7,-8,-22,-12,-7,-3,sil
15.67676568031311,0,0,0,-4,-13,-3,2,1,15,5,-3,2,13,6,sil
15.69266676902771,9,0,4,-1,0,10,8,3,24,21,14,12,24,19,sorry
15.69266676902771,16,6,19,8,8,15,2,0,8,17,10,9,14,17,sorry
15.70818543434143,13,5,6,8,0,5,5,-3,6,10,4,5,6,9,sorry
15.70818543434143,6,-2,0,-10,-9,-2,5,0,11,8,6,10,11,11,sorry
15.72375988960266,8,-6,-3,-19,-12,-7,-7,4,7,6,8,14,15,14,sorry
15.72375988960266,14,-6,-7,-7,-4,-9,-7,1,12,10,13,13,14,9,sorry
15.738918542861938,9,-2,6,-5,0,-3,3,1,23,21,22,18,22,9,sorry
15.738918542861938,1,-10,3,-31,-10,-3,0,1,23,23,27,19,29,14,sorry
15.754580974578856,11,-8,0,-40,-11,-9,-16,-1,13,10,25,12,16,5,sorry
15.754580974578856,19,16,3,-9,9,-4,-16,-1,0,-5,26,9,4,-6,sorry
15.770631313323976,6,27,2,9,15,-2,-12,0,-22,-20,23,10,1,-6,sorry
15.770631313323976,-3,13,9,5,5,-6,-13,0,-39,-30,8,6,-8,-4,sorry
15.78671908378601,-6,4,-1,16,11,4,-8,-3,-39,-20,-4,-12,-18,-7,sorry
15.78671908378601,-6,6,-2,32,16,21,4,-3,-26,-1,-17,-22,-20,-4,sorry
15.801839590072632,-3,2,-1,31,7,21,17,0,2,10,-24,-13,-16,1,sorry
15.801839590072632,-10,-12,-13,13,-7,3,11,0,18,7,-21,-13,-9,-5,sorry
15.817742347717283,-18,-15,-5,-5,-10,-9,-1,0,7,-6,-18,-13,-5,-18,sorry
15.817742347717283,-2,0,0,-8,0,-12,-2,0,5,-13,-12,0,-4,-12,sorry
15.832797288894652,3,9,3,-7,-5,-14,-12,0,9,-18,-9,2,-7,-7,sorry
15.832797288894652,-7,6,2,-10,-12,-13,-28,-1,-4,-27,-9,-8,-16,-17,sorry
15.849144697189333,-8,3,-2,1,3,-4,-10,0,-11,-20,0,-5,-15,-14,sorry
15.849144697189333,-2,10,11,19,12,8,7,6,-10,-3,7,2,-8,-2,sorry
15.864577770233154,-2,9,6,25,1,10,4,2,-13,0,0,-3,-10,-1,sorry
15.864577770233154,-5,-6,-2,19,-3,9,13,-6,-11,-1,-10,-11,-15,-1,sorry
15.879589080810549,-13,-19,-1,2,-1,16,31,-3,-3,10,-20,-12,-13,3,sorry
15.879589080810549,-6,-19,-7,-8,-4,16,27,-1,-4,17,-24,-11,-1,12,sorry
15.895702123641968,11,-8,5,-6,-3,10,9,0,-4,6,-8,4,13,21,sorry
15.895702123641968,17,0,6,-2,0,8,4,1,13,12,14,19,29,26,sorry
15.910865545272827,15,1,0,0,0,2,5,1,31,32,21,17,37,27,sorry
15.910865545272827,13,1,3,-5,-1,-3,1,7,29,31,15,10,34,19,sorry
15.926952362060549,2,-5,-10,-17,-2,-11,-7,2,20,16,11,6,19,1,sorry
15.926952362060549,-2,-10,-8,-22,0,-15,-7,-3,11,5,6,4,2,-13,sorry
15.94172477722168,-2,-6,-11,-15,3,-12,-4,0,-1,-1,4,0,1,-11,sorry
15.94172477722168,-4,-1,-14,-14,-3,-13,-10,0,-4,-3,5,0,7,-1,sorry
15.957777976989746,0,0,0,-15,-7,-12,-9,-1,4,-5,4,1,3,-4,sorry
15.957777976989746,10,3,1,-8,0,-9,2,-1,6,-9,0,2,-6,-8,sorry
15.973670721054075,11,14,3,0,8,-5,0,2,-5,-15,0,1,-10,-2,sorry
15.973670721054075,0,11,0,3,10,-6,-8,1,-7,-11,10,0,-8,-3,sorry
15.988800525665283,-9,6,-3,4,6,-5,-12,0,-2,-6,9,0,-19,-12,sorry
15.988800525665283,-6,12,8,-1,0,-2,-18,0,-8,-12,-7,-4,-26,-12,sorry
16.00387406349182,0,13,4,0,1,0,-14,-2,-14,-13,-5,-4,-17,-4,sorry
16.00387406349182,5,11,11,17,9,7,-3,-1,-12,-3,12,4,-22,0,sorry
16.020005464553833,0,14,8,31,14,12,0,0,-15,-8,10,2,-9,-1,sorry
16.020005464553833,-9,5,-3,21,9,10,3,-3,-21,-18,-5,-11,47,-5,sorry
16.036043882369995,-5,-5,11,13,-2,18,12,-3,-8,1,-5,-8,61,0,sorry
16.036043882369995,0,-6,9,17,-6,21,12,0,8,24,3,0,9,13,sorry
16.051714181900024,-8,-13,2,11,-6,6,3,0,-1,14,-1,-1,-17,16,sorry
16.051714181900024,-12,-17,-2,3,-8,1,3,-1,-13,4,-13,-2,-12,6,sorry
16.066826343536377,-1,-8,-8,8,-6,9,8,0,0,11,-18,-3,-16,3,sorry
16.066826343536377,5,0,5,4,-4,7,6,6,11,14,-13,-4,-18,6,sorry
16.08259868621826,0,-4,0,-5,-9,-6,0,3,12,5,-10,-7,-16,3,sorry
16.08259868621826,-2,-4,-6,-9,-6,-9,1,0,12,1,-11,-9,-10,1,sorry
16.105866193771362,7,-2,-5,-9,0,3,11,0,13,4,-5,-1,7,8,sorry
16.106866121292114,15,-10,-11,-10,-1,4,18,0,18,4,1,9,13,11,sorry
16.106866121292114,8,-14,-4,-19,-5,-7,14,4,17,-4,-4,10,0,4,sorry
16.129618406295776,-2,-4,-9,-26,-6,-13,8,3,7,-14,-13,2,-3,-6,sorry
16.129618406295776,-9,-1,-14,-30,-8,-12,0,-2,6,-16,-6,-2,0,-17,sorry
16.129618406295776,-4,-5,-7,-26,-1,-8,-5,0,23,0,11,2,4,-11,sorry
16.144660234451294,10,2,0,-12,3,-5,-3,0,20,12,22,15,15,0,sorry
16.144660234451294,9,14,10,-8,-4,-13,-14,-5,-11,-4,16,12,14,-11,sorry
16.160112142562866,-8,8,-3,-19,-6,-23,-31,-6,-34,-22,8,-3,0,-27,sorry
16.160112142562866,-8,8,-6,-8,7,-15,-30,-4,-31,-10,11,-3,-4,-17,sorry
16.17594861984253,10,22,13,25,19,1,-13,1,-12,5,24,8,7,-2,sorry
16.191086053848267,12,16,13,31,15,2,-5,3,0,4,24,8,14,8,sorry
16.191086053848267,0,0,10,12,3,-2,-16,0,-17,-13,7,0,1,7,sorry
16.191086053848267,-2,8,1,20,3,2,-16,-2,-30,-15,2,-2,-5,-1,sorry
16.205602407455444,5,16,8,30,10,15,1,0,-11,3,11,8,0,9,sorry
16.22201633453369,0,1,14,19,5,22,10,1,-1,6,-4,4,-3,19,sorry
16.22201633453369,-16,-8,-7,18,2,13,10,-1,-12,-6,-29,-22,-20,0,sorry
16.236634969711304,-14,0,2,24,10,14,19,0,-11,-4,-30,-24,-25,-10,sorry
16.236634969711304,-6,-4,2,11,4,17,25,5,1,3,-26,-9,-16,0,sorry
16.252213716506958,-6,-20,-12,-3,-11,6,13,0,7,2,-25,-6,-7,4,sil
16.252213716506958,-3,-16,-1,-6,-9,1,5,0,19,14,-8,-4,4,6,sil
16.266903162002563,0,-10,-1,-5,-1,5,9,1,30,32,2,-1,15,13,sil
16.266903162002563,-1,-16,-3,-10,-5,2,11,0,20,26,-3,-3,12,9,sil
16.282979726791382,-2,-14,-6,-14,-8,-2,5,0,18,15,4,1,12,7,sil
16.282979726791382,4,-1,-10,-11,-4,-8,-1,3,24,19,17,10,18,11,sil
16.29869294166565,14,6,3,-8,0,-7,0,0,18,12,12,12,8,3,sil
16.29869294166565,15,2,0,-7,1,0,7,-2,11,-1,11,11,-1,0,sil
16.314034461975098,6,0,0,-7,0,0,6,2,10,-3,14,4,2,5,sil
16.314034461975098,4,9,0,-2,-1,-6,5,5,9,-1,3,-1,2,0,sil
16.329941511154175,8,7,-3,-1,-5,-12,7,-3,9,-10,-4,-1,-8,-13,sil
16.329941511154175,4,0,2,-12,-6,-11,-3,-5,0,-16,-7,-2,-10,-13,sil
16.345050573349,0,2,-1,-18,-7,-11,-21,-2,-19,-21,-10,-5,-2,-10,sil
16.345050573349,-1,5,2,-13,-12,-18,-26,-2,-31,-33,-7,4,-1,-19,sil
16.360919952392578,-6,4,-1,-6,-7,-13,-23,-1,-26,-27,3,9,-2,-23,sil
16.360919952392578,-10,2,-8,0,6,0,-20,0,-19,-9,8,-5,0,-11,sil
16.37601113319397,-5,4,8,6,7,2,-18,2,-22,-8,0,-6,0,-4,sil
16.37601113319397,0,4,5,8,6,-3,-9,-1,-16,-8,-1,7,3,1,sil
16.39182472229004,2,3,2,6,16,-1,0,-5,0,2,8,9,9,11,sil
16.39182472229004,0,3,8,9,16,5,4,0,0,11,17,10,8,8,sil
16.407981395721436,1,7,1,13,3,0,4,4,-1,12,19,14,8,8,sil
16.407981395721436,-1,0,3,6,0,1,1,0,0,0,12,2,1,7,sil
16.423195123672485,-20,-15,-8,-5,-4,12,0,-2,-7,-11,-11,-22,-17,-6,sil
16.423195123672485,-22,-17,-9,-9,-11,13,3,-1,-12,-10,-27,-28,-25,-14,sil
16.439018726348877,-4,-6,0,1,-6,12,7,1,-4,0,-10,-13,-13,-1,sil
16.439018726348877,0,-4,-2,12,5,11,4,-4,-7,2,0,-4,-10,4,sil
16.45402216911316,-6,-4,4,9,3,8,5,-6,-18,-6,-17,-4,-19,-2,sil
16.45402216911316,-2,-1,0,6,-1,6,11,3,-4,-2,-16,-3,-17,-1,sil
16.47006106376648,1,1,0,9,2,11,12,9,19,20,0,0,-1,7,sil
16.47006106376648,2,1,6,11,7,13,13,5,33,32,5,3,9,4,sil
16.486143350601196,10,0,-3,8,3,0,18,0,37,24,-4,3,12,3,sil
16.486143350601196,16,0,2,2,-1,-6,17,4,28,19,-17,0,10,15,sil
16.501749515533447,14,3,1,8,1,3,17,4,18,18,-8,4,8,21,sil
16.501749515533447,19,8,1,18,10,8,18,2,18,14,8,9,13,19,sil
16.517727613449097,23,6,8,3,1,0,8,1,22,17,17,8,26,20,sil
16.517727613449097,6,-5,-7,-21,-16,-22,-8,-3,10,7,19,5,24,13,sil
16.533518314361572,-10,-8,-7,-27,-21,-31,-18,-5,-6,-21,3,4,3,-7,sil
16.533518314361572,-9,-2,-8,-24,-14,-11,-14,-4,0,-20,-1,-1,4,-20,sil
16.548742294311523,-2,0,-10,-28,-7,0,-16,-5,6,4,17,0,15,-12,sil
16.548742294311523,1,7,7,-19,0,-7,-25,-1,-6,-1,18,9,6,-5,sil
16.564646244049072,6,13,5,-2,6,-14,-24,0,-17,-16,9,15,0,-2,sil
16.564646244049072,0,6,3,-3,7,-9,-18,1,-22,-16,16,14,0,-5,sil
16.579877138137817,-6,0,3,-7,7,-5,-12,0,-32,-27,3,1,-11,-15,sil
16.579877138137817,0,6,4,2,6,-4,-4,-2,-30,-34,-8,0,-15,-13,sil
16.595360279083252,7,14,13,13,5,0,-4,1,-12,-13,13,16,-2,0,sil
16.595360279083252,0,8,6,16,7,2,-4,0,-4,-1,14,9,-5,-4,sil
16.611045122146606,-18,-2,0,18,6,7,3,-3,-15,-11,-18,-24,-23,-22,sil
16.611045122146606,-30,-13,-16,17,2,16,11,-2,-27,-10,-31,-36,-28,-20,sil
16.626553058624268,-29,-25,-21,2,0,19,8,-2,-25,-7,-33,-34,-31,-12,sil
16.626553058624268,-19,-23,5,-7,0,19,10,0,-9,-3,-39,-28,-28,-6,sil
16.643155336380005,0,-11,5,5,0,15,20,5,19,19,-18,-14,-3,14,sil
16.643155336380005,6,-6,-4,3,-2,12,19,6,38,38,0,-4,11,24,sil
16.65804648399353,-6,-7,-9,-13,-3,11,13,3,39,34,-2,-4,9,12,sil
16.65804648399353,-3,-5,-9,-13,-8,0,9,0,36,27,0,1,15,16,sil
16.673099756240845,19,0,5,-10,-16,-14,-3,0,25,15,15,17,22,19,sil
16.673099756240845,23,6,0,-8,-14,-24,-16,-4,7,2,25,23,19,2,sil
16.688771724700928,16,13,6,0,-7,-30,-14,-3,0,-4,30,24,16,-1,sil
16.688771724700928,16,19,21,7,0,-21,-8,0,0,-8,24,23,10,7,sil
16.704457759857178,10,16,6,13,5,-2,-3,0,-2,-11,8,10,-2,-3,sil
16.704457759857178,-6,9,0,19,8,5,-7,0,-19,-18,0,-1,-15,-22,sil
16.720149517059326,-17,0,-5,8,3,2,-14,-1,-34,-24,-6,-12,-18,-18,sil
16.720149517059326,-6,-1,2,2,3,8,-2,-2,-28,-9,-20,-17,-8,0,sil
16.73593521118164,10,3,10,19,12,18,23,1,-9,11,-22,-13,3,14,sil
16.73593521118164,9,0,-4,17,8,13,25,0,-1,7,-18,-6,7,19,sil
16.751238107681274,4,-8,-2,-3,0,9,12,1,8,2,-13,0,11,18,sil
16.767731189727783,13,-6,0,-7,7,8,13,9,34,21,3,14,21,19,sil
16.767731189727783,17,0,4,-7,10,-4,5,3,32,15,20,26,18,12,sil
16.767731189727783,8,0,3,-19,-9,-14,-14,-7,1,-19,16,25,3,-9,sil
16.7863187789917,0,-2,-10,-25,-14,-16,-23,-6,-11,-25,6,13,-8,-21,sil
16.7863187789917,0,6,-1,-13,0,-11,-15,4,-4,-5,12,13,-10,-11,sil
16.799322605133057,1,21,6,15,13,5,-1,6,0,2,27,20,-1,-4,sil
16.799322605133057,-13,4,0,17,14,19,12,2,-3,1,15,3,-2,-10,sil
16.81517267227173,-32,-22,-7,-18,0,18,16,0,-1,5,-17,-32,-13,-9,sil
16.81517267227173,-29,-21,-16,-22,-7,12,10,-4,1,7,-21,-47,-12,-2,sil
16.831322193145752,-18,-8,-3,1,-5,5,3,-8,3,7,-7,-35,-6,0,sil
16.831322193145752,-14,-12,-4,0,-10,-7,0,-2,10,14,-9,-27,0,1,sil
16.84586262702942,0,-9,-7,-1,-17,-14,0,3,17,16,-13,-18,7,7,sil
16.84586262702942,8,-1,5,2,-13,-7,-6,4,12,4,-9,0,2,0,sil
16.86191177368164,2,-4,-2,-4,-11,-13,-17,0,0,-8,-6,13,-2,-5,sil
16.86191177368164,8,8,7,-5,-4,-21,-24,0,-7,-14,6,24,4,0,sil
16.876453399658203,18,23,9,6,3,-19,-22,0,-15,-17,18,22,8,0,sil
16.876453399658203,6,12,-6,0,0,-18,-28,-5,-33,-23,7,6,-4,-9,sil
16.8934109210968,0,4,6,-1,0,-7,-28,-3,-41,-21,0,1,-11,-10,sil
16.8934109210968,10,10,12,19,18,9,-2,-3,-21,-2,4,5,-2,5,sil
16.90977120399475,13,13,15,26,22,17,14,-1,0,11,7,4,4,13,sil
16.90977120399475,3,10,7,18,17,20,12,1,4,12,5,1,3,6,sil
16.922828912734985,-14,-4,-10,9,11,24,18,2,5,8,-8,-9,-6,0,sil
16.937856197357178,-23,-24,-12,-3,0,26,35,4,13,1,-31,-20,-18,-5,sil
16.937856197357178,-11,-24,-15,-13,-9,16,39,4,24,1,-28,-18,-9,-5,sil
16.953911781311035,-8,-14,-9,-21,-20,-6,21,0,21,2,-15,-8,0,-3,sil
16.953911781311035,-9,-8,-4,-24,-24,-19,0,-1,6,-5,-5,0,0,-2,sil
16.96953773498535,11,6,0,-4,-8,-17,-6,-1,-1,-13,17,17,5,2,sil
16.96953773498535,27,24,21,16,8,-8,-3,2,0,-4,37,32,17,7,sil
16.98458194732666,12,17,12,15,13,0,-5,4,-1,0,24,14,10,0,sil
16.98458194732666,-5,0,-1,9,12,8,-7,0,-15,-6,-5,-12,-5,-7,sil
17.000295877456665,-2,-1,-5,13,8,12,1,-3,-15,1,-16,-13,-6,-4,sil
17.000295877456665,8,-2,-5,13,4,4,16,0,12,26,0,-1,9,14,sil
17.015920639038086,14,-3,8,3,3,3,14,4,36,36,14,5,28,26,sil
17.015920639038086,12,-4,0,-9,0,1,-2,0,27,20,10,12,28,20,sil
17.031548738479614,10,-8,-7,-27,-10,-12,-21,-6,2,-4,8,16,7,6,sil
17.031548738479614,6,0,0,-32,-11,-16,-25,1,-6,-16,14,14,-2,-2,sil
17.047037363052368,-1,12,3,-11,-2,-6,-18,1,-10,-11,9,5,-2,-9,sil
17.047037363052368,-8,12,10,10,5,2,-13,-2,-28,-15,-4,-11,-16,-16,sil
17.063064575195312,-13,0,0,13,7,17,0,0,-28,-9,-14,-19,-23,-8,sil
17.063064575195312,-11,-5,3,11,2,21,25,3,3,20,-17,-9,-7,12,sil
17.078749895095825,-7,-9,10,7,-6,5,26,0,23,28,-16,-5,3,10,sil
17.078749895095825,-13,-14,-12,-13,-13,-12,-2,-4,8,0,-15,-14,-4,-8,sil
17.094818115234375,-13,-12,-10,-29,-16,-19,-23,-4,-3,-16,-16,-8,-11,-10,sil
17.094818115234375,0,-5,-3,-10,-10,-15,-13,-2,1,-11,-5,6,-3,-4,sil
17.11004400253296,7,4,-7,4,0,-9,-8,0,-2,-14,7,6,-2,-9,sil
17.11004400253296,0,4,-2,-8,0,-11,-19,1,-20,-27,1,-1,-14,-13,sil
17.12519359588623,-9,-6,-5,-10,-4,-17,-19,-3,-23,-27,-2,-5,-17,-17,sil
17.12519359588623,-1,3,6,8,0,-5,-5,-4,-5,-13,9,-2,-4,-16,sil
17.140782356262207,8,26,6,28,15,7,3,3,8,6,20,4,6,2,sil
17.140782356262207,4,22,0,34,21,10,12,6,8,16,20,9,10,16,sil
17.15608787536621,0,5,11,25,18,25,27,6,6,15,14,8,12,6,sil
17.15608787536621,1,0,4,16,19,32,36,2,10,17,3,-3,14,0,sil
17.171648502349854,0,0,3,11,18,22,27,0,8,25,-2,-4,11,5,sil
17.171648502349854,-2,-4,-2,1,1,10,10,1,7,24,0,4,4,8,sil
17.18673300743103,-2,-15,-15,-11,-14,0,0,0,5,10,-6,1,0,8,sil
17.18673300743103,-3,-21,-2,-21,-18,-2,-1,0,-2,0,-23,-7,-7,3,sil
17.20189380645752,-5,-23,-6,-29,-21,-1,6,-3,-8,-1,-31,-15,-12,-1,sil
17.20189380645752,-7,-16,-13,-33,-21,-8,2,-5,-2,-4,-26,-15,-8,-1,sil
17.21795392036438,-1,-1,-3,-21,-11,-13,-10,1,4,-7,-5,-1,7,4,sil
17.21795392036438,12,7,2,-2,-6,-16,-19,1,2,-6,11,11,15,12,sil
17.23348569869995,21,14,5,0,-7,-20,-22,-4,0,-13,11,14,8,5,sil
17.23348569869995,18,19,8,-4,0,-24,-24,-2,-5,-24,18,15,5,-6,sil
17.248906135559082,7,12,9,-1,4,-22,-23,0,-11,-28,18,11,1,-10,sil
17.248906135559082,0,5,0,-3,-1,-9,-14,0,-9,-25,-4,-1,-11,-14,sil
17.264671802520752,1,11,0,2,3,3,-2,0,-4,-9,-3,-2,-14,-20,sil
17.264671802520752,10,21,18,25,18,13,3,4,-7,7,23,6,0,-5,sil
17.28041982650757,6,10,9,32,17,14,11,2,-5,12,20,4,3,16,sil
17.28041982650757,-6,-5,3,17,7,19,23,0,0,11,0,-2,-2,14,sil
17.29557228088379,-9,-5,0,12,11,23,27,0,6,15,1,-3,-3,-1,sil
17.29557228088379,-3,-5,-3,13,12,16,16,2,11,19,1,-6,0,0,sil
17.311723232269287,-6,-10,8,10,6,12,7,1,13,20,-6,-3,3,8,sil
17.311723232269287,-10,-7,-2,12,7,11,6,-2,10,15,-6,1,5,5,sil
17.32675528526306,0,-5,-7,6,0,3,0,0,7,9,-6,2,0,0,sil
17.32675528526306,1,-10,-1,-4,-11,0,0,1,15,16,-10,-1,0,3,sil
17.34247636795044,-3,-10,-12,-10,-6,0,0,-3,15,19,-6,-6,3,8,sil
17.34247636795044,0,2,-2,-6,-2,0,-12,-3,-5,0,-1,-4,0,5,sil
17.358076572418213,0,1,-3,0,-11,-4,-12,0,-12,-7,-4,0,0,0,sil
17.358076572418213,-8,-13,-7,-12,-13,-9,0,-2,2,-1,-12,0,6,0,sil
17.37464189529419,-7,-14,0,-31,-9,-9,-1,-1,2,-5,-8,0,9,-1,sil
17.37464189529419,-1,-5,-11,-26,-10,-13,-9,-3,-7,-17,0,-3,0,-9,sil
17.389549255371094,-3,0,-5,-19,-8,-16,-5,-1,-14,-24,-5,-9,-10,-10,sil
17.39055061340332,-3,0,-1,-18,-3,-5,0,0,-16,-22,-5,-6,-7,-4,sil
17.40606451034546,7,5,-6,-10,-2,-6,0,-1,-10,-17,6,3,-1,-4,sil
17.40606451034546,10,7,2,-8,-8,-22,-8,0,-7,-18,3,6,-14,-14,sil
17.42065954208374,-5,-5,-5,-17,-9,-18,-14,0,-12,-21,-14,-10,-28,-20,sil
17.42065954208374,-13,-4,-3,-11,0,5,-2,3,-7,-16,-12,-17,-17,-14,sil
17.43674111366272,-7,10,0,0,10,7,11,8,12,1,8,-2,9,-4,sil
17.43674111366272,-2,12,2,2,7,-4,1,2,21,12,19,10,20,0,sil
17.452878952026367,7,20,17,20,12,5,-8,1,12,12,20,14,9,2,sil
17.468748092651367,18,31,20,49,21,16,-1,2,2,12,23,12,0,7,sil
17.468748092651367,10,20,17,42,13,10,4,0,-5,11,21,6,3,7,sil
17.468748092651367,10,11,8,25,5,13,5,0,-6,7,14,9,7,13,sil
17.483705759048462,27,12,9,36,11,18,8,2,1,9,11,19,4,25,sil
17.483705759048462,19,0,17,29,8,10,4,1,-2,5,6,9,0,17,sil
17.497883796691895,-8,-22,-6,0,-6,2,0,-2,-18,0,-12,-14,-3,0,sil
17.5138418674469,-11,-22,-8,-3,-10,7,5,0,-12,4,-24,-17,-5,0,sil
17.5138418674469,0,-11,0,5,1,17,19,4,12,19,-10,-3,5,14,sil
17.52995753288269,-8,-19,-17,-6,4,12,22,-2,12,16,-9,-9,8,10,sil
17.52995753288269,-27,-29,-19,-31,-13,0,2,-3,-1,0,-29,-23,-8,-8,sil
17.54624319076538,-25,-24,-14,-34,-16,-5,-3,0,14,5,-21,-17,-1,-12,sorry
17.54624319076538,-5,-5,-3,-24,-3,-4,3,-3,34,21,-3,1,22,0,sorry
17.54624319076538,4,0,-2,-19,-6,-13,-9,-5,25,17,1,13,22,0,sorry
17.55986523628235,10,0,-1,-17,-13,-23,-23,-1,8,0,11,17,9,0,sorry
17.57563304901123,20,13,13,-10,-1,-15,-13,4,-1,-12,13,22,5,1,sorry
17.57563304901123,13,14,2,-8,3,-15,-8,1,-7,-19,5,19,1,-3,sorry
17.590730905532837,5,8,-1,-7,0,-23,-18,-4,-12,-26,6,17,-6,-9,sorry
17.590730905532837,11,15,9,5,4,-12,-16,-3,-24,-32,3,7,-19,-12,sorry
17.606858253479004,6,12,0,6,5,0,-12,-3,-35,-33,-2,-7,-30,-14,sorry
17.606858253479004,-7,5,-1,-1,2,0,-8,0,-24,-22,4,-11,-23,-13,sorry
17.622610807418823,-10,15,-3,7,12,2,10,3,2,-5,13,-8,-3,-6,sorry
17.622610807418823,-5,12,0,17,13,12,23,7,13,11,10,-5,4,0,sorry
17.63822913169861,-8,-6,7,6,-1,16,14,5,6,15,2,-10,-1,4,sorry
17.63822913169861,-18,-17,-9,2,-3,7,5,0,2,3,-12,-24,-8,0,sorry
17.653928756713867,-21,-14,-9,4,0,3,2,0,0,0,-20,-20,-6,-1,sorry
17.653928756713867,-11,-13,-5,1,-5,10,2,0,-1,6,-13,-8,-6,0,sorry
17.669567584991455,-6,-9,0,6,-6,13,8,-9,-10,0,-15,-13,-10,-3,sorry
17.669567584991455,-5,0,8,10,0,9,9,-9,-17,-8,-18,-10,-6,-8,sorry
17.685423374176025,3,3,2,6,0,4,5,0,-9,3,-7,3,5,2,sorry
17.685423374176025,15,2,12,12,0,2,5,6,0,9,-1,6,5,12,sorry
17.700442790985107,17,1,11,15,3,4,11,3,10,8,0,6,3,18,sorry
17.700442790985107,12,1,0,-3,0,3,12,3,27,21,12,15,20,26,sorry
17.716176986694336,5,0,0,-13,-9,-3,3,9,26,29,19,18,32,19,sorry
17.716176986694336,-1,-9,-10,-1,-14,-16,-8,3,3,14,11,2,15,-2,sorry
17.732025146484375,0,-7,-7,-3,-3,-15,-14,-3,0,0,0,-1,-1,-7,sorry
17.732025146484375,5,1,2,-3,5,-8,-9,-1,17,6,5,10,5,7,sorry
17.74807357788086,11,2,5,2,2,-5,-4,-4,15,14,26,18,16,12,sorry
17.74807357788086,9,0,4,-8,0,0,-6,-3,5,1,29,13,13,2,sorry
17.762697458267212,2,0,-6,-21,0,-3,-12,0,2,-14,9,7,5,-6,sorry
17.762697458267212,-1,0,-4,-17,-1,-13,-17,-2,-5,-22,-4,5,-1,-19,sorry
17.778841733932495,3,8,2,-15,1,-8,-15,-3,-8,-16,4,11,-1,-22,sorry
17.778841733932495,13,17,6,-11,7,-5,-12,0,-1,-5,19,18,2,-4,sorry
17.793885707855225,9,14,5,0,1,-10,-15,2,-6,-11,7,8,-8,0,sorry
17.793885707855225,-9,2,0,8,-1,-2,-15,1,-24,-25,-17,-15,-27,-16,sorry
17.809043884277344,-19,0,4,11,7,11,-4,-2,-35,-22,-27,-30,-28,-18,sorry
17.809043884277344,-14,3,-2,10,17,20,7,-3,-27,-8,-23,-28,-20,-4,sorry
17.82483172416687,-10,4,-7,6,12,21,12,2,-9,-4,-26,-18,-14,2,sorry
17.82483172416687,-7,2,0,12,4,17,18,8,-4,-2,-27,-8,-8,1,sorry
17.840943813323975,0,2,-2,23,4,9,25,2,-1,7,-11,-4,0,6,sorry
17.840943813323975,0,2,1,19,3,6,21,0,16,20,0,0,1,12,sorry
17.856966495513916,-5,-7,-3,6,-5,7,16,2,26,25,0,-1,0,7,sorry
17.856966495513916,-3,-17,-11,-4,-14,0,20,3,16,14,4,-9,1,1,sorry
17.872646808624268,4,-14,2,-12,-12,-6,19,4,19,1,4,-5,7,2,sorry
17.872646808624268,3,-8,-2,-5,-1,0,14,0,21,8,-3,0,9,6,sorry
17.887784004211426,-1,-7,-5,-2,-1,0,8,-4,-3,17,-2,0,1,1,sorry
17.887784004211426,-9,-11,1,-10,-9,-10,-3,-6,-18,0,0,-4,-8,-7,sorry
17.9036648273468,-10,-9,-2,-9,-7,-11,-14,-10,-5,-15,-3,-2,-7,-6,sorry
17.9036648273468,4,0,0,-6,-4,-6,-16,-3,0,-1,1,5,5,0,sorry
17.919726610183716,7,5,0,-7,-8,-13,-18,-1,-7,7,7,3,12,0,sorry
17.919726610183716,1,4,6,0,-4,-9,-16,-7,-4,0,9,2,10,3,sorry
17.934872150421143,10,4,14,3,0,2,-10,-2,7,0,18,19,20,16,sorry
17.934872150421143,7,-1,3,-8,-4,-3,-19,3,0,-1,16,18,20,15,sorry
17.950006008148193,-6,-1,-4,-9,0,-9,-21,1,-10,-15,0,-1,-2,-2,sorry
17.950006008148193,5,8,0,-2,13,0,5,6,7,-7,3,9,0,0,sorry
17.96563458442688,22,12,9,3,7,4,20,9,21,6,23,35,24,21,sorry
17.96563458442688,14,8,6,9,-1,-1,1,0,8,0,26,30,17,12,sorry
17.982094764709473,5,6,-2,10,1,0,-10,-1,3,-4,10,11,-4,-11,sorry
17.982094764709473,5,5,2,3,3,2,-2,3,7,2,-3,5,-8,-14,sorry
17.996601104736328,-2,-1,-3,1,4,0,-1,1,-6,0,-5,-9,-10,-11,sorry
17.996601104736328,-13,-6,-10,-5,1,1,-13,-2,-26,-16,-16,-28,-27,-23,sorry
18.012953519821167,-16,-1,-8,-5,0,0,-11,-2,-23,-15,-26,-25,-26,-26,sorry
18.012953519821167,-12,4,-5,0,8,-4,6,5,-2,0,-9,-14,-7,-9,sorry
18.028578281402588,-10,0,3,0,14,3,13,13,8,8,0,-16,-8,-4,sorry
18.028578281402588,-8,0,-4,7,10,16,6,1,5,7,-8,-19,-15,-9,sorry
18.04394507408142,1,7,0,14,6,6,8,-5,1,10,-4,-10,-4,4,sil
18.04394507408142,10,3,2,1,0,-1,16,3,-1,6,-4,-6,-1,14,sil
18.059003353118896,5,0,-6,-4,-5,9,12,1,-7,-2,-15,-7,-2,4,sil
18.059003353118896,0,7,6,14,4,22,9,-9,-5,0,-2,4,10,7,sil
18.07509708404541,3,5,10,27,7,14,12,-9,-1,11,12,10,19,16,sil
18.07509708404541,0,-11,1,10,-5,4,9,-2,-10,5,-4,-1,2,6,sil
18.09099674224853,-14,-24,-5,-19,-16,3,3,-1,-14,0,-24,-12,-6,0,sil
18.11196613311768,-15,-24,-7,-28,-19,-3,0,-3,4,9,-11,-11,8,6,sil
18.11196613311768,0,-13,5,-14,-18,-16,-6,-1,32,15,4,8,16,10,sil
18.11196613311768,9,-1,1,0,-8,-14,-6,0,45,10,9,27,11,16,sil
18.12193775177002,14,3,1,-8,-3,-8,-8,1,27,-1,13,27,11,18,sil
18.12193775177002,7,5,-1,-20,-8,-13,-17,0,0,-14,16,17,5,-2,sil
18.13858675956726,-6,0,-8,-18,-10,-21,-22,-1,-10,-20,12,9,-6,-24,sil
18.13858675956726,3,7,7,-2,2,-18,-12,3,-8,-17,12,15,-3,-17,sil
18.154115200042725,18,20,6,10,18,-10,-2,4,-11,-14,19,14,3,-3,sil
18.154115200042725,0,14,0,4,8,-6,-8,-1,-19,-16,11,-9,-10,-8,sil
18.169585466384888,-16,-1,-2,1,-4,-4,-8,2,-24,-17,-10,-23,-23,-16,sil
18.169585466384888,-5,-1,-9,16,7,5,9,7,-11,-4,-10,-13,-9,-1,sil
18.185610055923465,9,12,14,25,19,20,17,3,0,9,4,1,2,16,sil
18.185610055923465,3,6,14,22,10,21,14,-2,-6,9,-5,-1,-6,8,sil
18.201621532440186,-13,-18,-10,2,-5,8,13,-2,-15,0,-33,-19,-18,-7,sil
18.201621532440186,-17,-25,-14,-15,-9,7,9,0,-4,5,-30,-26,-9,-9,sil
18.21813488006592,-12,-11,-19,-15,-5,5,1,-1,8,14,-9,-19,5,-7,sil
18.21813488006592,-8,-6,-1,-12,-5,-1,-7,1,10,8,-10,-11,7,-7,sil
18.233296155929565,5,0,9,0,5,0,-3,2,16,9,2,5,9,3,sil
18.233296155929565,20,11,1,16,16,8,7,0,27,13,26,23,18,17,sil
18.249014854431152,17,18,15,11,5,0,-3,3,13,0,25,26,14,8,sil
18.249014854431152,8,22,6,24,8,-11,-14,3,-15,-13,19,17,-3,-12,sil
18.263685941696167,4,11,-8,22,15,-3,-4,-5,-14,-1,11,3,-8,-7,sil
18.27999997138977,-3,-9,5,-21,-8,4,-1,0,8,13,-7,0,3,7,sil
18.27999997138977,-6,-13,-2,-26,-18,2,-1,5,8,11,-7,3,6,7,sil
18.27999997138977,0,-3,-7,-5,-2,3,7,-4,4,0,2,2,3,9,sil
18.29663181304932,6,2,7,-14,0,0,6,-7,9,-1,4,2,13,19,sil
18.29663181304932,7,0,-4,-15,-6,-10,-3,-1,7,-1,3,4,16,12,sil
18.310594081878666,1,-7,-5,-7,-6,-8,-3,0,8,-1,1,4,6,0,sil
18.31159400939941,0,4,7,0,2,0,1,0,8,4,11,10,8,3,sil
18.32697319984436,5,16,-1,9,10,1,0,-2,-10,1,18,6,9,2,sil
18.327972888946533,-6,4,4,0,-2,-2,-4,0,-28,-20,1,-10,-9,-15,sil
18.34211301803589,-20,-3,1,-6,-8,0,7,2,-14,-15,-7,-17,-20,-20,sil
18.35786485671997,-6,7,2,9,4,2,14,1,0,5,0,-8,-19,-11,sil
18.35786485671997,0,10,10,20,10,0,7,2,-19,-6,-10,-9,-26,-14,sil
18.374932765960693,-17,-8,-8,18,4,-3,1,0,-37,-28,-28,-23,-34,-19,sil
18.374932765960693,-26,-24,-4,14,-3,2,4,-3,-21,-13,-36,-32,-30,-9,sil
18.374932765960693,-17,-25,-6,3,-9,11,9,3,6,4,-48,-37,-25,0,sil
18.388851165771484,-8,-26,-21,-15,-14,10,9,5,25,4,-49,-30,-14,3,sil
18.406620740890503,5,-14,-2,-19,-14,2,0,0,32,15,-9,3,15,15,sil
18.406620740890503,19,5,2,-2,-7,-8,-8,-5,28,29,28,31,39,24,sil
18.406620740890503,17,9,-2,-7,-4,-14,-16,-3,13,10,22,25,30,11,sil
18.41975212097168,12,2,-3,-22,-3,-8,-16,0,3,-7,20,16,18,-1,sil
18.435852527618408,14,3,0,-16,1,-8,-9,0,2,-4,32,22,23,0,sil
18.435852527618408,16,12,13,-6,2,-15,-17,1,-4,-5,21,26,17,4,sil
18.45196509361267,11,15,6,0,2,-16,-26,-1,-13,-10,7,21,3,-1,sil
18.45196509361267,4,8,2,5,5,-5,-14,-3,-13,-6,16,15,0,-6,sil
18.45196509361267,0,5,5,6,7,7,0,0,-4,0,15,5,0,-5,sil
18.469056129455566,1,12,3,16,10,11,0,0,-3,0,1,0,-3,-3,sil
18.48365807533264,1,17,8,26,15,9,1,0,-2,1,7,6,0,0,sil
18.48365807533264,-4,8,1,18,16,9,8,5,8,14,19,7,4,6,sil
18.50013780593872,0,3,0,16,13,15,14,0,10,19,14,0,6,2,sil
18.50013780593872,8,6,6,25,13,17,21,-1,0,6,5,-1,2,0,sil
18.51507353782653,0,5,3,20,12,10,23,2,-7,-1,-4,-3,-6,3,sil
18.51507353782653,-14,-6,0,-1,3,2,9,3,-14,-5,-16,-9,-14,0,sil
18.529994249343872,-16,-18,-7,-19,-9,-2,0,0,-13,-7,-14,-9,-14,-11,sil
18.529994249343872,-11,-15,0,-17,-17,-3,6,0,-3,-5,-14,-5,-14,-7,sil
18.54801774024964,-10,-10,0,-5,-10,3,10,-2,-1,-4,-27,-17,-18,0,sil
18.549031257629395,-16,-15,-19,-10,-4,5,7,0,-5,-1,-31,-38,-15,-6,sil
18.549031257629395,-12,-10,-13,-22,-6,-2,15,1,3,3,-18,-36,-4,-2,sil
18.561563730239868,4,0,4,-8,-9,-2,19,2,21,12,-3,-18,5,11,sil
18.57869338989257,11,0,9,2,-7,3,7,4,22,17,0,-2,8,11,sil
18.57919764518737,0,-8,-7,-9,-2,-1,-5,0,19,14,0,-1,6,7,sil
18.57919764518737,-4,-7,-11,-19,-2,-14,-17,-4,15,2,3,1,8,11,sil
18.594885110855103,4,0,3,-8,-4,-14,-26,0,4,-5,7,16,8,2,sil
18.594885110855103,4,0,-1,-1,-6,-9,-19,-1,-1,-13,0,19,4,-8,sil
18.6112539768219,0,-3,-1,-6,-11,-13,-16,-9,-1,-19,-4,8,2,-1,sil
18.6112539768219,9,0,4,-5,-13,-13,-23,-5,-8,-15,2,9,7,1,sil
18.624156951904297,11,6,-1,-1,-8,-6,-18,1,-9,-12,6,14,6,-7,sil
18.6397066116333,0,8,0,-4,-3,-4,-10,0,-9,-20,-2,9,-7,-18,sil
18.6397066116333,-1,7,1,-5,5,-3,-10,-2,-12,-15,3,7,-12,-15,sil
18.65575623512268,8,15,11,7,10,4,-6,1,-7,1,31,16,4,0,sil
18.65575623512268,15,20,14,17,7,5,1,6,-1,3,37,19,12,5,sil
18.671200275421143,3,12,-1,19,9,0,5,0,-8,-1,12,1,-5,-4,sil
18.671200275421143,-6,7,2,24,20,6,12,0,-10,8,0,-9,-8,-2,sil
18.687801837921143,6,12,12,37,25,17,27,9,5,27,12,6,14,17,sil
18.687801837921143,15,9,10,36,13,16,23,5,4,20,8,12,11,15,sil
18.70293092727661,-10,-7,-6,10,0,10,0,-10,-15,1,-21,-12,-14,-11,sil
18.70293092727661,-31,-18,-15,-5,1,8,2,-9,-12,2,-35,-27,-20,-14,sil
18.71855044364929,-11,-9,-1,6,9,12,26,8,9,17,-18,-9,-9,7,sil
18.71855044364929,2,-5,-2,8,1,13,24,10,10,17,-8,0,-1,15,sil
18.73458337783813,-2,-12,-4,-12,-4,5,6,-1,0,7,-20,-9,3,9,sil
18.73458337783813,-6,-13,-1,-20,-1,1,5,-5,7,3,-20,-17,7,12,sil
18.750844955444336,-2,-14,-11,-20,-8,-1,1,-1,18,5,-4,-13,8,16,sil
18.750844955444336,2,-11,-7,-28,-19,-12,-13,1,16,5,11,-3,10,7,sil
18.76795721054077,2,-1,-4,-26,-12,-20,-17,-2,16,-1,20,4,8,-5,sil
18.76795721054077,0,0,0,-20,-6,-20,-16,-4,8,-14,11,9,3,-12,sil
18.76795721054077,3,1,3,-24,-15,-21,-19,0,-6,-23,0,8,-2,-16,sil
18.78110790252685,7,4,-2,-21,-19,-22,-19,0,-12,-25,6,3,-7,-17,sil
18.797081232070923,5,8,10,-11,-10,-15,-14,-2,-12,-24,23,8,-7,-11,sil
18.797081232070923,8,10,9,0,1,-3,-4,0,-8,-17,23,16,0,0,sil
18.81176400184632,8,11,4,15,13,4,0,0,-1,-12,1,7,-1,2,sil
18.81176400184632,-6,3,5,17,12,7,-5,0,-3,-8,-15,-8,-9,-3,sil
18.827807664871216,-15,-5,0,14,0,8,-6,0,-4,0,-8,-9,-3,-4,sil
18.827807664871216,-5,5,3,23,2,15,4,2,1,8,0,0,4,-1,sil
18.84290885925293,-2,10,-3,23,17,19,9,3,4,9,-3,-1,0,-4,sil
18.84290885925293,-6,-1,-8,8,14,10,6,1,-2,4,-8,-10,-11,-1,sil
18.85901665687561,2,1,6,12,2,8,13,1,-4,5,-3,0,-5,4,sil
18.85901665687561,16,9,4,19,2,10,22,1,5,17,4,10,11,11,sil
18.874467611312863,7,-6,0,0,0,9,13,3,7,21,-1,0,9,9,sil
18.874467611312863,-9,-18,-12,-17,-11,4,0,3,-4,2,-22,-18,-7,-3,sil
18.889594793319706,-4,-6,-12,-6,-5,0,4,0,-10,-5,-26,-13,-9,-2,sil
18.889594793319706,5,3,3,4,4,0,13,1,-1,11,-4,4,3,6,sil
18.905641555786133,0,-2,-2,-3,-2,-7,3,0,4,20,7,11,11,11,sil
18.905641555786133,-2,-7,4,-16,-10,-14,-17,-3,1,7,1,11,8,12,sil
18.921149730682373,6,0,10,-4,3,-8,-11,-5,0,4,5,7,7,6,sil
18.921149730682373,10,6,5,15,12,-4,6,-7,5,9,17,2,14,2,sil
18.93674302101136,7,8,9,11,-2,-6,1,-3,9,0,14,9,13,10,sil
18.93674302101136,4,3,-1,0,-10,-7,-12,-2,0,-10,4,8,0,4,sil
18.951897621154785,-7,0,-4,0,0,-3,-10,-5,-8,-11,0,-12,-13,-17,sil
18.951897621154785,-21,-1,-6,-5,5,2,-2,-1,0,-7,-2,-21,-14,-19,sil
18.966951847076416,-15,-1,-11,-11,0,6,-1,5,10,-3,0,-5,-7,-8,sil
18.966951847076416,1,1,3,-2,4,12,0,7,9,-4,1,5,-4,-7,sil
18.98251795768737,7,0,2,10,12,7,0,1,11,-5,2,0,-4,-3,sil
18.98251795768737,0,0,-1,2,4,0,0,0,7,-7,0,-3,-5,-3,sil
18.997731924057007,-12,-2,-2,-9,1,0,1,1,-5,-8,-1,-1,-1,-6,sil
18.997731924057007,-8,-7,-8,-8,7,0,1,0,-6,-4,0,0,3,0,sil
19.01390790939331,5,0,0,-9,-6,-2,1,4,-4,-2,2,2,2,4,sil
19.01390790939331,0,1,-5,-17,-25,-5,-2,5,-12,-9,0,-1,0,-3,sil
19.02895164489746,-8,-8,-8,-19,-19,-12,-13,-2,-16,-15,-3,-4,-5,-12,sil
19.02895164489746,8,-4,4,-10,-7,-9,-9,-5,-4,-4,2,6,1,-2,sil
19.044166326522827,22,5,10,-1,-7,-5,1,0,2,8,11,18,15,18,sil
19.044166326522827,15,3,15,0,-7,-5,-3,0,-2,4,13,20,15,20,sil
19.06080436706543,8,0,5,2,0,2,4,-1,1,6,10,8,8,11,sil
19.06080436706543,3,0,-1,12,9,12,21,-1,3,20,0,-7,4,9,sil
19.075793743133545,-4,-2,-5,10,7,7,3,-2,-10,11,-12,-13,-6,-5,sil
19.075793743133545,-5,-2,-4,3,3,-3,-13,-2,-7,-3,-10,-7,-8,-12,sil
19.09090065956116,0,6,13,9,6,-2,-2,3,7,4,-1,0,0,2,sil
19.106932878494263,-4,4,0,20,8,1,6,0,1,9,-8,-2,-4,2,sil
19.106932878494263,-4,0,-7,21,8,1,2,-1,-4,-2,-27,-10,-18,-10,sil
19.106932878494263,1,8,5,17,9,9,3,5,5,0,-27,-9,-13,-1,sil
19.12156653404236,-3,5,-4,10,3,9,6,0,3,0,-14,-6,-6,6,sil
19.141770124435425,-12,-7,-4,0,-7,0,-2,-5,-8,-14,-17,-10,-14,-1,sil
19.141770124435425,-6,-8,-5,0,-6,0,-2,0,0,-12,-13,-6,-10,-8,sil
19.15310764312744,-1,-1,-4,-2,2,8,1,3,12,-1,7,10,2,-7,sil
19.15310764312744,1,4,5,-5,5,1,1,0,7,-4,23,23,12,-1,sil
19.170042037963867,10,5,0,-1,5,-3,0,-3,6,0,30,14,19,2,sil
19.170042037963867,4,1,6,-5,5,2,2,-2,7,7,28,3,13,0,sil
19.18557643890381,-5,-1,2,-10,0,1,3,0,5,6,14,2,3,0,sil
19.18557643890381,3,1,-2,-1,0,-3,8,1,10,14,13,6,5,6,sil
19.18557643890381,14,5,6,1,1,0,5,3,11,19,24,9,12,9,sil
19.20094466209412,1,0,-4,-8,-3,-2,-6,0,-2,6,13,0,8,4,sil
19.20094466209412,-11,-10,-8,-8,-9,-1,-11,-2,-17,-7,-13,-15,-1,0,sil
19.215357303619385,-12,-13,-6,-3,-6,3,-4,-1,-17,-10,-28,-22,-11,0,sil
19.231878995895386,-9,-16,-8,-14,-13,0,-1,-4,-9,-7,-26,-19,-10,-2,sil
19.231878995895386,-5,-11,3,-20,-14,-1,4,0,7,2,-19,-12,0,-3,sil
19.24634027481079,1,-2,2,-6,1,-8,10,6,24,10,0,1,9,9,sil
19.24634027481079,12,8,6,-6,2,-18,0,3,18,1,16,20,12,14,sil
19.26159143447876,17,18,7,-12,-8,-18,-7,0,0,-6,16,30,14,3,sil
19.26159143447876,14,16,-2,-6,-4,-19,-10,-2,-11,-9,10,21,9,-2,sil
19.27690911293029,0,6,0,-6,0,-15,-22,-2,-23,-20,5,0,-8,-17,sil
19.27690911293029,-18,1,-5,-3,0,1,-19,-3,-29,-27,-2,-17,-23,-31,sil
19.29300212860108,-9,9,1,20,11,12,-5,0,-17,-13,0,-8,-21,-19,sil
19.29300212860108,4,12,8,41,23,16,0,3,-5,1,0,-1,-14,-3,sil
19.30870461463928,-4,0,-1,27,16,18,2,0,-10,1,-13,-14,-17,-5,sil
19.30870461463928,-9,-11,0,8,3,19,10,0,-8,4,-16,-15,-13,-5,sil
19.32412457466125,0,-10,-1,13,-1,12,19,0,10,20,-1,-1,3,6,sorry
19.32412457466125,-2,-11,0,14,-7,7,16,-2,14,21,-6,0,7,11,sorry
19.34017133712769,-8,-12,-4,0,-9,12,9,-1,2,10,-11,-6,0,2,sorry
19.34017133712769,0,-9,-9,-9,-4,6,8,0,4,6,-2,0,4,8,sorry
19.355849027633667,8,-1,7,-6,-4,-3,8,0,15,-1,-5,6,11,24,sorry
19.355849027633667,13,0,0,-4,-1,-4,1,-1,14,-8,-11,3,4,18,sorry
19.370858192443848,20,2,0,-1,2,-4,-8,0,8,-2,2,16,5,6,sorry
19.370858192443848,21,7,19,5,-2,-8,-10,4,10,1,23,37,19,12,sorry
19.38665580749512,15,10,12,8,-6,-12,-2,0,11,-1,29,27,21,10,sorry
19.38665580749512,11,12,10,2,1,-8,1,0,1,5,21,6,13,0,sorry
19.401859760284424,1,6,1,-1,8,0,1,0,-3,11,12,1,6,0,sorry
19.401859760284424,-16,-4,-12,-11,3,0,0,0,-4,-2,-1,-8,-4,-10,sorry
19.41792869567871,-27,-3,-15,-16,-3,-4,0,1,-2,-11,-12,-22,-13,-18,sorry
19.41792869567871,-21,0,-17,-8,-1,0,7,0,-1,0,-15,-26,-10,-15,sorry
19.43306946754456,-12,-4,-4,-12,6,4,4,-3,-10,-3,-26,-26,-14,-21,sorry
19.43306946754456,-13,-9,-13,-23,5,1,-5,-4,-10,-14,-27,-23,-19,-21,sorry
19.44885492324829,-9,-3,-19,-10,4,0,-4,0,6,0,-3,-12,-9,0,sorry
19.44885492324829,0,1,0,-3,6,0,-2,5,11,11,10,-3,2,4,sorry
19.463932991027832,-1,-6,-3,-21,-3,-8,-7,2,-1,0,3,-3,3,4,sorry
19.463932991027832,-1,-12,2,-14,-15,-11,-7,-1,-10,-5,0,2,-2,9,sorry
19.479623556137085,7,-1,12,15,-6,-2,0,0,-1,4,5,13,0,4,sorry
19.479623556137085,10,10,14,24,5,0,-3,0,9,10,12,16,7,5,sorry
19.495017051696777,11,14,19,16,0,2,-5,2,6,4,22,17,13,13,sorry
19.495017051696777,16,9,7,13,-4,6,-2,1,0,2,29,20,17,10,sorry
19.51065492630005,16,13,11,22,1,8,0,-3,6,9,22,19,19,7,sorry
19.51065492630005,13,15,13,28,3,3,9,-6,8,6,10,16,8,11,sorry
19.52573800086975,4,-2,0,0,-6,-4,4,-6,-9,-15,-6,2,-12,-2,sorry
19.52573800086975,-10,-13,-8,-28,-15,-4,-12,0,-23,-28,-27,-16,-27,-27,sorry
19.540870666503903,-12,-6,-12,-8,-10,-2,-12,4,-13,-18,-24,-17,-15,-20,sorry
19.540870666503903,0,1,5,13,2,1,0,6,-4,-4,1,2,1,2,sorry
19.556896448135376,3,5,4,8,12,11,10,4,-4,0,6,3,2,2,sorry
19.556896448135376,-8,-3,-16,2,6,5,8,-1,-7,-3,-17,-12,-7,-10,sorry
19.57274866104126,-16,-15,-9,-2,-4,-6,0,-1,-10,-8,-21,-10,-7,-10,sorry
19.57274866104126,-3,-10,-6,-5,0,-6,0,0,-3,7,0,2,6,7,sorry
19.58783793449402,10,2,2,5,11,0,5,0,6,15,-3,1,5,18,sorry
19.58783793449402,0,0,6,8,6,5,0,1,7,4,-17,-12,-13,0,sorry
19.604039669036865,-22,-12,-8,-6,0,1,-1,-2,1,1,-13,-25,-14,-17,sorry
19.604039669036865,-24,-8,-8,-19,0,0,2,-2,-7,0,-13,-18,-4,-12,sorry
19.61976623535156,-6,1,-7,-7,1,6,11,0,-4,0,-9,-1,-4,-1,sorry
19.63399624824524,11,9,7,11,4,8,19,2,15,17,14,7,7,11,sorry
19.63399624824524,16,9,14,5,3,3,15,0,26,22,22,11,23,23,sorry
19.651602506637573,13,7,-4,-6,0,-3,0,-2,21,13,11,17,19,15,sorry
19.651602506637573,13,9,2,4,0,1,0,0,17,20,15,18,18,7,sorry
19.651602506637573,8,2,4,12,2,6,6,-1,10,18,14,0,15,8,sorry
19.66702151298523,-6,-12,-1,-10,-2,0,1,-3,-3,-10,-5,-11,-7,-3,sorry
19.66702151298523,-17,-19,-3,-29,-9,-3,-6,1,-11,-20,-13,-4,-16,-11,sorry
19.680594444274902,-13,-17,-7,-24,-11,-10,-13,0,-8,-13,-5,-2,-1,-2,sorry
19.6957950592041,0,-7,1,-13,-9,-17,-25,-5,-2,-15,0,-5,0,0,sorry
19.6957950592041,11,4,1,2,-4,-17,-22,-3,0,-10,8,4,-5,-2,sorry
19.71108841896057,17,15,4,14,2,-8,-10,5,-3,-5,16,19,3,5,sorry
19.71108841896057,16,19,9,8,10,1,-5,12,0,-11,19,20,11,5,sorry
19.726624727249146,12,13,0,4,11,-2,3,4,8,-6,21,11,8,0,sorry
19.726624727249146,15,13,6,7,2,-10,5,-1,10,-4,16,17,2,-2,sorry
19.742606163024902,11,15,1,5,0,-7,-11,0,1,-14,9,18,-3,-6,sorry
19.742606163024902,-2,2,-3,0,0,-1,-19,0,-14,-12,2,0,-11,-13,sorry
19.758712768554688,-10,-1,5,4,-1,3,2,0,-20,-2,-6,-12,-13,-13,sorry
19.758712768554688,-8,0,0,9,-4,7,18,-1,-12,-2,-13,-12,-7,-5,sorry
19.77448511123657,-10,-9,0,-9,-9,11,8,0,-12,-2,-14,-11,-5,0,sorry
19.77448511123657,-12,-18,-3,-19,-6,14,1,3,-9,12,-10,-10,0,4,sorry
19.790066957473755,-7,-5,-4,4,6,9,8,1,1,21,-6,-5,1,9,sorry
19.790066957473755,0,7,8,28,10,5,10,-1,3,18,-5,-2,2,7,sorry
19.80587816238404,-1,2,-2,23,3,8,8,-3,0,15,-6,-5,7,0,sorry
19.80587816238404,-15,-4,-9,10,1,14,3,-3,-6,3,-21,-21,-7,-9,sorry
19.82101893424988,-27,-6,-10,8,6,13,2,-3,-15,-5,-38,-37,-31,-21,sorry
19.82101893424988,-17,-11,-13,-1,7,6,5,-2,-8,2,-31,-30,-21,-13,sorry
19.836742162704468,-11,-16,-7,-18,-2,-1,0,1,2,3,-17,-12,0,0,sorry
19.836742162704468,-20,-19,-17,-19,-14,-7,-7,0,4,-6,-15,-7,-3,0,sorry
19.85187172889709,-14,-15,-6,-9,-11,-4,0,-1,8,-1,-10,-5,-7,0,sorry
19.85187172889709,0,-4,7,-9,0,0,9,0,21,8,6,2,8,6,sorry
19.867011308670044,8,0,5,-11,4,-7,5,3,22,6,24,14,23,15,sorry
19.867011308670044,21,3,13,-7,0,-11,1,6,15,5,32,32,22,16,sorry
19.882580280303955,28,7,7,-7,-5,-14,-4,0,8,3,22,29,12,8,sil
19.882580280303955,22,12,5,-5,-4,-15,-13,-1,1,-3,11,15,4,1,sil
19.89812088012696,25,18,11,5,3,0,0,3,10,3,24,27,18,10,sil
19.89812088012696,29,16,4,2,5,1,13,0,13,6,33,34,24,13,sil
19.913719177246094,13,7,2,-9,0,-5,-3,-5,-5,-8,17,9,0,-2,sil
19.913719177246094,6,7,1,5,0,-3,-11,0,-10,-6,10,0,-2,-3,sil
19.92881989479065,16,18,15,24,6,-3,-3,3,-2,-1,15,15,9,9,sil
19.92881989479065,13,14,12,11,3,-7,-10,1,-7,-14,6,11,2,1,sil
19.944923400878903,-1,-2,-8,-2,-2,-2,-15,-2,-6,-14,-11,-12,-9,-10,sil
19.944923400878903,-8,-5,1,-2,3,7,0,0,0,-4,-14,-15,-6,-10,sil
19.960936307907104,-9,3,-1,4,10,10,16,3,-1,0,0,-3,0,0,sil
19.960936307907104,-4,6,-6,11,0,9,16,0,-2,2,2,0,-2,9,sil
19.97695803642273,3,1,3,10,-2,7,2,0,-10,0,-9,-3,-10,4,sil
19.97695803642273,0,-6,-1,5,4,0,-4,-2,-16,-6,-7,-2,-13,-2,sil
19.9925856590271,-19,-12,0,1,1,0,-3,-1,-12,-6,-6,-8,-17,-6,sil
19.9925856590271,-27,-13,-8,-4,-2,3,-8,0,-5,-3,-18,-18,-17,-13,sil
20.0082426071167,-18,-9,-13,-9,0,0,-13,-2,0,0,-14,-11,-12,-17,sil
20.0082426071167,-20,-11,-9,-6,-1,2,-7,-1,3,4,0,-9,-9,-16,sil
20.02401280403137,-36,-25,-17,-10,-13,2,-5,-3,-1,0,-13,-29,-9,-20,sil
20.02401280403137,-33,-23,-7,-19,-21,-4,-14,-4,-13,-10,-36,-35,-12,-18,sil
20.040021419525143,-9,0,0,-5,-8,0,0,0,-8,-2,-28,-17,-8,-3,sil
20.040021419525143,7,7,4,12,9,14,25,3,11,19,-5,-4,7,8,sil
20.056129932403564,5,-1,4,4,6,14,26,5,24,25,2,0,19,15,sil
20.056129932403564,2,0,-8,-4,0,1,13,0,18,14,4,1,17,16,sil
20.071758031845093,13,5,3,-4,5,0,15,0,13,11,9,6,16,14,sil
20.071758031845093,19,-1,5,-7,3,1,22,0,17,21,12,11,24,15,sil
20.08764147758484,20,1,3,-6,-1,-4,14,1,15,21,17,18,27,17,sil
20.08764147758484,26,19,17,2,2,-5,1,7,11,5,27,27,20,16,sil
20.10358452796936,22,11,2,-3,-3,-12,-13,2,3,-8,26,25,10,8,sil
20.10358452796936,10,-4,-2,-19,-12,-21,-30,-6,-13,-27,5,15,-3,-6,sil
20.125564098358154,7,2,3,-7,-1,-13,-29,-4,-26,-37,-4,11,-15,-14,sil
20.125564098358154,6,12,0,9,0,-8,-19,-2,-30,-33,0,9,-17,-13,sil
20.125564098358154,1,13,5,6,-11,-18,-22,-2,-30,-28,2,3,-16,-16,sil
20.13565921783448,5,12,5,12,0,-15,-21,0,-17,-17,7,2,-13,-9,sil
20.1511812210083,10,15,6,33,17,5,-4,4,-1,0,15,11,-3,6,sil
20.1511812210083,0,8,3,33,11,15,2,6,4,8,7,3,-2,6,sil
20.16697931289673,-14,-7,-5,17,10,9,5,2,7,12,-13,-22,-14,-6,sil
20.16697931289673,-13,-10,0,14,18,21,27,4,12,25,-19,-23,-13,-1,sil
20.182697057724,-15,-4,-6,16,12,32,37,2,19,32,-12,-7,-3,4,sil
20.182697057724,-24,-9,-11,0,-1,16,12,0,14,16,-24,-16,-7,-6,sil
20.19774627685547,-23,-15,-9,-22,-9,6,2,0,7,6,-35,-24,-5,-10,sil
20.19774627685547,-10,-9,-6,-27,-5,5,16,0,15,11,-9,1,11,6,sil
20.213786125183105,6,2,7,-12,0,-4,8,0,17,10,20,29,24,16,sil
20.213786125183105,16,6,0,-7,-2,-18,-8,-1,1,0,22,23,24,6,sil
20.229037523269653,10,7,3,-20,-5,-21,-14,-7,-14,-15,15,13,12,-3,sil
20.229037523269653,0,7,13,-10,-1,-13,-17,-7,-21,-26,17,6,0,-1,sil
20.244334936141968,-2,-8,0,-1,-2,2,-3,-2,-16,-15,4,-19,-7,4,sil
20.244334936141968,-5,-21,-1,-20,-4,23,20,2,0,4,-10,-39,-9,1,sil
20.260398626327515,-4,-15,-3,-15,3,23,24,0,6,9,-1,-27,0,5,sil
20.260398626327515,0,-14,-3,0,0,8,13,-3,-4,0,3,-5,8,17,sil
20.276164293289185,2,-18,-3,-13,-16,-4,2,0,-3,-2,-2,3,7,12,sil
20.276164293289185,9,-3,-3,-13,-15,-20,-11,3,19,5,8,14,12,3,sil
20.29194164276123,18,17,13,10,-3,-29,-22,5,25,9,22,28,23,6,sil
20.29194164276123,14,14,0,10,-5,-21,-21,1,10,1,11,24,16,1,sil
20.309955596923828,0,4,-13,0,-7,-17,-26,-3,-4,-12,-4,7,-6,-19,sil
20.309955596923828,-3,14,0,10,2,-12,-25,0,-12,-17,-9,5,-19,-26,sil
20.323965549469,2,23,3,26,12,-2,-11,3,-14,-11,-1,6,-11,-12,sil
20.323965549469,0,16,5,22,11,8,-3,-2,-21,-10,-2,-3,-9,-12,sil
20.340038299560547,-13,1,-5,8,8,16,0,-7,-27,-17,-26,-17,-25,-25,sil
20.340038299560547,-17,0,-7,8,5,14,0,-1,-24,-14,-41,-21,-34,-24,sil
20.355054140090942,-9,1,3,20,1,12,4,3,-14,-1,-20,-16,-22,-13,sil
20.355054140090942,-6,-6,-4,18,3,14,13,0,2,12,0,-16,-6,3,sil
20.37058424949646,-9,-12,3,9,5,16,19,2,17,19,-10,-16,-3,17,sil
20.37058424949646,-9,-8,2,6,2,11,21,6,16,21,-17,-13,-4,13,sil
20.386611461639404,-2,-7,-10,-2,-2,3,24,0,9,18,-9,-5,0,8,sil
20.386611461639404,3,-12,-1,-19,-7,0,18,0,15,10,0,1,8,18,sil
20.401838302612305,4,-12,-1,-24,-11,-10,4,0,22,6,15,6,16,15,sil
20.401838302612305,9,0,0,-24,-10,-19,-8,-1,18,4,31,20,17,3,sil
20.417760372161865,19,10,3,-25,-2,-14,-16,-2,8,0,36,35,13,6,sil
20.417760372161865,16,12,7,-12,4,-3,-17,-3,-6,-11,30,30,8,8,sil
20.43281126022339,3,12,17,8,16,6,-6,0,-21,-17,23,17,-9,0,sil
20.43281126022339,0,6,6,7,22,11,12,4,-12,-2,23,10,-15,2,sil
20.44887924194336,4,1,7,-8,13,13,22,5,4,20,17,6,37,15,sil
20.44887924194336,0,3,4,1,7,15,19,0,9,24,0,-1,80,8,sil
20.464303255081177,-7,0,-6,21,3,4,7,-3,11,9,-8,-11,32,0,sil
20.464303255081177,-2,-4,1,8,-9,-7,-8,0,14,5,-8,-8,-18,0,sil
20.479896068573,1,-2,-7,-9,-14,-13,-20,-3,9,1,-9,-4,-6,0,sil
20.479896068573,7,0,-7,-7,-7,-20,-24,-2,0,-16,-6,-1,1,-8,sil
20.495421171188354,17,7,3,1,-6,-26,-19,2,-9,-23,1,8,-11,-10,sil
20.495421171188354,13,9,0,4,-6,-17,-14,-2,-20,-22,0,6,-19,-9,sil
20.51075124740601,-5,1,-1,3,0,4,-3,-2,-22,-25,-15,-15,-26,-12,sil
20.51075124740601,-24,-18,-17,-1,-2,9,1,5,-12,-16,-32,-38,-34,-20,sil
20.52619361877441,-34,-30,-15,-7,-15,0,-5,0,-16,-8,-41,-40,-36,-24,sil
20.52619361877441,-21,-11,4,11,-6,11,0,-1,-15,-2,-25,-18,-23,-4,sil
20.54146933555603,3,5,4,28,15,33,30,0,16,23,-4,2,0,21,sil
20.54146933555603,4,-7,-3,1,4,27,39,1,35,39,-6,0,11,23,sil
20.557074785232544,-4,-21,-14,-29,-15,0,23,0,25,23,-9,-7,10,10,sil
20.557074785232544,0,-10,-5,-23,-8,-14,0,-2,13,5,3,2,5,1,sil
20.574105262756348,5,5,4,-7,-2,-13,-21,-4,5,-1,16,19,3,-4,sil
20.574105262756348,7,9,0,-5,-4,-12,-20,-2,0,-9,17,22,8,-1,sil
20.59000396728516,13,10,8,-11,1,-15,-13,1,-12,-21,12,17,5,-4,sil
20.59000396728516,7,12,3,-12,1,-20,-21,0,-29,-24,14,14,-7,-13,sil
20.60457968711853,5,21,6,6,1,-13,-18,0,-25,-13,23,16,-4,-6,sil
20.60457968711853,16,28,21,23,15,1,-7,6,-11,1,25,18,6,0,sil
20.62079954147339,11,20,10,19,19,2,-8,0,-12,4,22,10,10,-6,sil
20.62079954147339,-5,10,10,13,7,4,-5,-6,-15,-2,13,0,7,-2,sil
20.635874032974243,-10,4,2,14,4,16,10,0,-5,-2,-1,-6,2,7,sil
20.635874032974243,-7,1,-4,15,6,20,17,3,4,4,-8,-4,-1,5,sil
20.65280103683472,-3,0,4,17,8,19,24,4,13,8,-2,-2,3,4,sil
20.65280103683472,-3,-9,-1,7,6,12,26,0,17,9,-9,-15,6,8,sil
20.666943311691284,-10,-21,-2,-7,-5,6,12,0,10,6,-25,-23,-6,0,sil
20.666943311691284,-10,-19,-11,-6,-10,9,4,-1,3,6,-21,-16,-10,-5,sil
20.682664394378666,0,-15,-17,-1,-5,3,5,-1,4,12,-6,-7,0,6,sil
20.682664394378666,0,-13,-1,-2,-2,-4,4,2,9,14,-7,0,1,16,sil
20.69892835617065,-5,-11,-6,-1,-1,-1,3,4,16,12,-12,0,4,8,sil
20.71525716781616,-4,-12,-9,-11,-2,0,0,4,20,12,-6,-1,8,3,sil
20.71525716781616,3,-8,-6,-16,-4,-3,1,1,28,21,5,0,13,8,sil
20.71525716781616,11,0,-4,-7,-1,-8,7,-5,32,22,12,9,18,11,sil
20.728674173355103,11,7,2,-12,0,-14,-5,-2,13,2,3,9,8,6,sil
20.746639251708984,1,2,-3,-19,-6,-22,-25,0,-8,-20,-1,-2,-9,-8,sil
20.746639251708984,-1,0,1,-10,-13,-17,-27,-1,-19,-26,4,-3,-14,-18,sil
20.746639251708984,0,1,2,-10,-13,-2,-15,-2,-21,-21,5,2,-8,-13,sil
20.76164746284485,-2,0,-6,-23,-9,-1,-7,-1,-22,-21,-4,-2,-8,-12,sil
20.76164746284485,-6,0,5,-19,-2,-7,-8,-1,-27,-29,-10,-6,-14,-20,sil
20.776430368423465,1,8,5,1,2,-3,-5,-2,-28,-24,-6,-1,-12,-16,sil
20.794031620025635,10,16,14,12,7,6,3,2,-18,-9,0,10,0,0,sil
20.794031620025635,8,18,20,11,10,8,5,0,-2,0,11,15,6,12,sil
20.794031620025635,3,14,7,18,11,-3,-1,-4,0,2,12,5,4,8,sil
20.808076858520508,8,14,9,36,10,-2,0,1,-4,4,10,7,5,3,sil
20.82501196861267,8,14,1,43,11,12,10,2,-2,7,16,13,11,9,sil
20.82501196861267,-3,2,-4,17,11,15,15,-4,3,3,14,3,1,8,sil
20.82501196861267,-11,-5,-3,0,9,12,10,1,2,-3,3,-6,-7,-6,sil
20.83885931968689,-6,-7,-6,8,6,10,3,5,-1,-1,-1,-4,-2,-8,sil
20.85387325286865,-5,-3,2,11,0,3,0,-1,-2,4,-7,-7,-3,-1,sil
20.85387325286865,-1,-3,-7,-3,-4,-4,4,0,5,8,-9,-8,-4,-2,sil
20.87094497680664,9,-5,-8,-5,-5,-1,6,3,17,15,3,5,7,4,sil
20.87094497680664,13,-1,5,3,-3,4,0,6,23,23,11,16,17,17,sil
20.87094497680664,7,0,1,0,-3,0,1,2,20,19,3,5,8,16,sil
20.888004064559937,-1,-11,0,-20,-11,-4,-1,-2,7,7,-5,-4,-2,4,sil
20.888004064559937,-16,-28,-8,-32,-20,-4,-12,-6,-6,-2,-18,-9,-6,-6,sil
20.90392780303955,-26,-26,-16,-34,-18,-7,-17,-7,-16,-18,-37,-22,-16,-24,sil
20.90392780303955,-25,-12,-9,-28,-6,-4,-15,-1,-17,-21,-34,-29,-24,-31,sil
20.91708827018737,-20,-7,-8,-6,0,-1,-2,0,-5,1,-9,-18,-8,-8,sil
20.9326114654541,-6,0,4,8,1,0,10,0,2,16,0,-1,6,10,sil
20.9326114654541,11,9,2,12,2,2,11,0,9,11,2,3,8,9,sil
20.94766926765442,17,11,-1,10,4,-1,0,6,9,0,4,5,4,8,sil
20.94766926765442,8,11,6,7,6,-1,-2,8,3,-6,4,7,0,8,sil
20.9631986618042,0,11,-5,3,11,4,4,-2,10,-2,9,2,0,3,sil
20.9631986618042,-2,5,-3,-4,9,9,8,-6,14,-3,0,-4,0,-3,sil
20.978341817855835,-5,0,0,-9,0,3,6,0,-3,-14,-8,-11,-6,-5,sil
20.978341817855835,0,4,2,2,-2,-3,-1,3,-17,-11,6,-1,-1,1,sil
20.993895530700684,9,14,11,14,-1,-3,-8,0,-14,-3,17,16,5,3,sil
20.993895530700684,8,5,4,6,0,-4,-1,-4,-9,-4,9,14,4,0,sil
21.00900936126709,13,0,8,0,0,-2,2,0,0,-1,14,11,12,6,sil
21.00900936126709,21,3,7,6,1,2,0,4,7,4,16,21,22,9,sil
21.024422883987427,17,0,4,8,7,4,0,1,2,3,8,25,17,8,sil
21.024422883987427,16,2,18,8,12,8,11,0,8,9,20,20,16,18,sil
21.039895057678223,12,6,6,13,10,2,9,0,16,17,19,5,11,14,sil
21.039895057678223,-7,0,-2,7,5,-3,0,1,3,8,-7,-8,-6,-6,sil
21.0559241771698,-14,0,-1,-2,1,4,1,3,-1,0,-13,-10,-11,-11,sil
21.0559241771698,-1,-2,-5,-5,-9,0,-2,-1,1,-2,-6,-8,-7,-7,sil
21.0719895362854,0,-8,-7,-11,-15,-14,-13,-2,-5,0,-7,-4,-9,-11,sil
21.0719895362854,-4,-6,-17,-14,-2,-5,-3,4,-2,10,-1,-1,-1,-4,sil
21.088061809539795,-11,-2,-6,-9,0,0,-1,2,2,6,-6,-10,-7,-6,sil
21.088061809539795,-17,-5,1,-5,-10,-14,-14,-7,-6,-14,-17,-15,-24,-25,sil
21.10369777679444,-9,-6,-5,-6,-5,-15,-4,-10,-14,-17,-10,-6,-19,-19,sil
21.10369777679444,-3,-3,5,-4,-1,6,6,-6,-19,-11,-6,-3,-7,2,sil
21.11889290809632,-13,-9,-4,-1,-10,7,-5,-2,-28,-18,-11,-12,-9,0,sil
21.11889290809632,-16,-7,-12,-6,-9,-5,-17,0,-21,-19,-3,-8,-8,-11,sil
21.134477853775024,-3,8,3,0,3,1,-7,2,1,0,5,0,3,-1,sil
21.134477853775024,6,13,8,12,8,11,5,1,17,19,6,1,12,12,sil
21.149635553359985,9,6,9,12,2,1,3,2,15,14,13,9,16,11,sil
21.149635553359985,6,2,2,12,0,-4,-1,0,3,0,16,11,12,6,sil
21.165046453475952,3,0,2,11,0,0,-6,-2,0,-8,-12,-7,-3,1,sil
21.165046453475952,2,-3,-2,-5,5,4,-4,0,8,-5,-29,-14,-8,0,sil
21.18091130256653,2,-1,-10,-5,12,7,6,2,18,6,0,4,6,7,sil
21.18091130256653,0,1,7,7,4,10,10,2,4,3,13,9,3,4,sil
21.1960666179657,-7,-4,0,0,-7,9,8,1,-10,-4,-4,-3,-11,-8,sil
21.1960666179657,-2,-4,-6,-6,0,11,22,6,8,9,0,6,1,6,sil
21.21181344985962,17,11,15,11,10,13,41,10,40,29,16,23,27,29,sil
21.21181344985962,16,6,5,9,6,0,30,0,28,15,0,0,12,8,sil
21.22685575485229,-10,-12,-9,-14,6,-5,0,-11,-10,-11,-23,-26,-18,-16,sorry
21.22785449028015,-15,-15,-11,-13,4,-6,-11,-10,-16,-9,-21,-18,-12,-5,sorry
21.243119478225708,6,-3,0,1,-10,-16,-9,0,4,2,-4,0,8,13,sorry
21.243119478225708,14,4,11,0,-11,-13,-14,4,5,3,14,9,12,15,sorry
21.25897002220153,1,4,-1,-5,-2,-8,-26,-2,-17,-1,30,12,9,2,sorry
21.274197578430176,3,12,1,6,0,-8,-30,-7,-31,-4,27,15,1,-8,sorry
21.274197578430176,16,14,3,15,5,2,-8,-2,-11,3,19,16,0,-2,sorry
21.274197578430176,7,0,-1,-3,6,6,7,1,3,5,11,11,4,0,sorry
21.29116892814636,-10,-4,-2,-20,-4,-2,-4,3,-9,-11,-7,-1,-6,-20,sorry
21.29116892814636,-14,0,-10,-5,-7,-6,-9,1,-12,-14,-16,-12,-22,-24,sorry
21.30475425720215,-13,-3,0,-1,-5,-3,0,0,-3,-1,-5,-5,-14,-8,sorry
21.30527091026306,-11,-8,0,-15,-4,0,5,4,-4,-1,0,0,0,-5,sorry
21.319838523864743,0,0,-2,-8,-3,4,8,4,5,-5,0,-2,2,-2,sorry
21.3369209766388,4,11,8,9,-2,5,1,0,20,0,0,-1,6,5,sorry
21.3369209766388,-2,6,0,8,2,-1,-5,-1,17,8,9,2,14,5,sorry
21.3369209766388,2,5,8,6,11,1,5,0,5,7,9,2,11,0,sorry
21.35105466842652,5,7,13,11,8,8,16,-5,-8,-6,-19,-10,-11,-5,sorry
21.366654872894287,-5,-5,-8,7,2,2,2,-10,-23,-19,-37,-18,-21,-5,sorry
21.366654872894287,-1,-4,0,10,6,4,-4,2,-7,-3,2,5,8,12,sorry
21.382631540298465,14,5,4,25,7,11,5,6,17,19,25,19,25,23,sorry
21.382631540298465,11,-1,3,20,0,0,5,-1,10,7,-9,-1,-1,7,sorry
21.399597644805908,0,-9,3,2,-4,-8,-4,1,3,-8,-17,-7,-10,0,sorry
21.399597644805908,0,-5,-7,-5,-2,-4,-1,8,17,8,13,4,6,10,sorry
21.41361713409424,0,-4,-8,-9,-5,0,6,2,20,16,5,1,0,6,sorry
21.41361713409424,-5,-9,-12,-9,-12,-4,4,-5,1,-3,-20,-10,-16,-6,sorry
21.42920136451721,-7,-9,-10,-18,-16,-11,-11,-7,-12,-17,-20,-13,-13,-13,sorry
21.42920136451721,-14,-11,-8,-32,-14,-12,-14,-2,-17,-14,-16,-14,-10,-18,sorry
21.444812059402462,-21,-14,-13,-30,-8,-1,-3,0,-18,-10,-14,-18,-5,-15,sorry
21.444812059402462,-11,-4,-1,-12,2,11,3,0,-10,-1,4,-4,6,-5,sorry
21.45995783805847,6,13,1,8,13,10,9,0,4,6,21,16,11,6,sorry
21.45995783805847,7,15,5,8,12,1,6,0,8,2,5,15,0,11,sorry
21.47606897354126,2,1,7,-5,3,2,-1,1,2,3,-2,0,-2,0,sorry
21.47606897354126,9,0,3,4,7,6,2,-2,11,17,21,2,8,2,sorry
21.49160385131836,14,9,13,15,10,6,12,1,20,23,31,19,13,16,sorry
21.49160385131836,8,3,0,-8,0,-1,8,2,10,18,17,16,10,7,sorry
21.507615327835083,8,-1,0,-11,-2,-7,-2,-1,0,10,13,8,9,0,sorry
21.507615327835083,17,14,21,20,9,1,-2,1,-2,1,20,18,13,10,sorry
21.523850679397583,11,16,9,26,8,-1,0,0,-13,-11,9,7,7,6,sorry
21.523850679397583,-11,0,-5,2,-8,-16,-17,-9,-42,-32,-19,-21,-17,-18,sorry
21.53892493247986,-14,-5,-2,0,-8,-7,-30,-10,-45,-38,-29,-21,-29,-23,sorry
21.53892493247986,6,10,9,15,7,7,-15,0,-12,-14,-4,6,-6,-2,sorry
21.554558992385864,12,17,10,21,11,1,-5,8,8,1,14,13,9,7,sorry
21.554558992385864,-2,1,-6,13,0,-4,-3,7,5,-1,8,0,1,-1,sorry
21.57059669494629,-7,-2,3,6,0,9,5,4,5,-3,0,1,0,-5,sorry
21.57059669494629,-3,4,0,8,6,14,16,2,17,9,0,0,0,0,sorry
21.586612701416016,-4,-2,-14,7,5,5,14,1,23,21,-2,-14,-5,0,sorry
21.586612701416016,-14,-13,-8,-2,0,7,10,0,11,13,-18,-25,-10,-5,sorry
21.60189986228943,-24,-20,-15,-18,-9,0,6,-2,-3,-3,-38,-32,-16,-8,sorry
21.60189986228943,-20,-21,-12,-22,-16,-6,6,-1,-2,0,-33,-22,-13,0,sorry
21.61790633201599,-6,-13,-7,-11,-10,8,21,0,20,23,-8,0,5,14,sorry
21.61790633201599,-2,-12,-9,-14,-3,12,27,-1,30,23,-10,2,12,12,sorry
21.63260769844055,-3,-14,0,-29,-11,-3,9,4,8,-1,-29,-7,0,-1,sorry
21.63260769844055,3,-8,-3,-25,-14,-11,-5,0,-9,-15,-14,1,4,0,sorry
21.64763069152832,13,0,0,-15,-6,-12,-9,-5,-3,-9,12,12,15,3,sorry
21.64763069152832,12,0,1,-15,-4,-14,-12,0,14,4,22,12,14,0,sorry
21.6628851890564,8,4,-1,-9,-1,-18,-23,0,18,10,26,15,11,0,sorry
21.6628851890564,10,11,8,0,1,-19,-37,-6,-2,-6,27,17,6,-3,sorry
21.677924871444706,13,11,0,0,-2,-16,-36,-6,-19,-22,20,15,0,-8,sorry
21.677924871444706,17,14,13,0,0,-3,-14,4,-10,-12,28,24,6,0,sorry
21.693055629730225,14,22,23,18,17,8,4,6,-7,0,35,27,10,8,sorry
21.693055629730225,3,21,9,34,17,7,7,-3,-24,-12,8,6,-6,6,sorry
21.70893406867981,0,15,13,26,6,10,4,-3,-30,-17,-12,-4,-20,2,sorry
21.70893406867981,1,8,4,24,12,17,7,1,-20,-1,-2,-2,-15,0,sorry
21.72404623031616,0,3,0,27,17,13,7,2,-15,2,0,-6,-17,-4,sil
21.72404623031616,-10,0,5,19,7,12,10,2,-4,7,-5,-17,-13,-8,sil
21.739834547042847,-23,-12,-6,3,-1,19,18,0,4,27,-11,-26,0,-9,sil
21.739834547042847,-24,-21,-10,-8,-1,17,17,-1,0,20,-26,-22,-3,-3,sil
21.755953073501587,-8,-10,-12,-4,2,0,11,0,9,3,-20,-7,-2,6,sil
21.755953073501587,6,3,0,6,4,-11,3,3,23,11,8,5,17,11,sil
21.771563291549683,14,14,8,8,6,-3,-3,9,17,17,17,7,23,11,sil
21.771563291549683,14,10,-4,7,6,1,1,0,13,7,5,2,10,10,sil
21.786680936813354,2,-2,0,0,-2,3,11,-4,19,-4,-1,-3,0,-2,sil
21.80180597305298,-10,-14,-8,-21,-12,0,9,1,13,-17,-12,-12,-6,-14,sil
21.80180597305298,-10,-16,-18,-33,-15,-13,0,-1,-5,-26,-21,-16,-8,-10,sil
21.80180597305298,-7,-16,-8,-29,-21,-15,-6,-6,-17,-25,-16,-14,-13,-11,sil
21.817827224731445,-12,-18,-8,-18,-25,-10,-10,-1,-15,-17,-12,-9,-15,-16,sil
21.817827224731445,-8,-10,0,-5,-10,-5,-14,1,-4,-1,-14,0,-6,-3,sil
21.83362650871277,0,-3,-1,0,3,0,-11,0,10,15,1,7,5,15,sil
21.849857568740845,8,0,-2,-7,-2,-1,-6,0,20,19,24,21,12,21,sil
21.849857568740845,14,4,10,-13,-6,-5,-4,4,16,16,16,29,14,14,sil
21.849857568740845,6,3,3,-5,0,-2,-4,-1,-1,2,-2,6,3,7,sil
21.863903999328613,0,0,8,-6,-1,0,-2,-5,-19,-15,0,-3,-6,-1,sil
21.863903999328613,5,8,11,-5,3,3,7,1,-14,-7,12,11,2,-8,sil
21.880011320114136,0,15,0,7,14,2,4,3,-6,4,5,6,4,-10,sil
21.89458203315735,-4,12,-1,12,8,-1,-12,0,-15,-8,-10,-13,-9,-9,sil
21.89458203315735,3,7,-4,7,5,0,-8,-2,-13,-9,-12,-13,-7,-3,sil
21.9105966091156,8,6,5,8,10,8,4,0,4,7,0,0,7,2,sil
21.9105966091156,0,3,8,16,8,9,4,0,14,11,7,6,11,3,sil
21.92694306373596,-1,6,4,21,6,3,4,-5,11,9,11,7,6,6,sil
21.92694306373596,-2,9,8,18,10,1,8,-1,1,7,11,6,3,5,sil
21.942946434021,-6,-2,-7,8,5,-4,0,0,-15,-7,3,1,-1,-4,sil
21.942946434021,0,-6,-1,3,-4,-6,-11,0,-16,-21,-6,0,-9,-6,sil
21.957670211791992,14,8,9,13,-2,4,-3,2,6,-3,5,12,0,6,sil
21.957670211791992,20,12,5,21,7,7,10,4,29,21,29,33,18,14,sil
21.97267866134644,10,-2,7,7,3,-2,6,3,25,15,22,28,16,5,sil
21.97267866134644,-7,-16,-6,-14,-15,-13,-10,0,4,-3,-2,-6,-2,-1,sil
21.987985849380493,-13,-16,-7,-24,-19,-13,-14,0,-12,-14,-19,-31,-16,-7,sil
21.987985849380493,-10,-9,-4,-16,-7,-5,-2,0,-17,-13,-22,-34,-17,-17,sil
22.00372576713562,-14,-6,-18,-10,-7,-2,2,-1,-14,-5,-19,-43,-16,-20,sil
22.00372576713562,-13,-4,-8,-11,-5,7,8,0,-9,3,-8,-35,-11,-9,sil
22.019736289978027,-1,-2,0,-7,9,20,22,2,-2,11,0,-7,-1,2,sil
22.019736289978027,0,-2,0,-5,9,11,19,6,-5,4,-5,2,-5,3,sil
22.035808324813843,-11,-2,-8,-9,0,0,2,5,-6,-3,-15,-4,-12,-2,sil
22.035808324813843,-11,1,-14,-6,0,2,-1,-1,1,0,-12,-4,-3,-5,sil
22.05095291137696,0,5,7,1,0,3,-3,-4,3,3,-2,4,0,1,sil
22.05095291137696,3,0,7,8,-5,0,0,-2,4,0,-3,10,0,11,sil
22.066657543182373,0,-6,-2,7,-7,0,3,-4,11,0,-8,7,6,13,sil
22.066657543182373,4,0,6,1,-3,5,2,-3,12,9,3,12,14,11,sil
22.082589626312256,18,7,17,0,5,0,5,1,15,16,26,32,28,26,sil
22.082589626312256,28,8,24,9,11,0,11,7,19,10,23,38,35,27,sil
22.098687171936035,19,8,2,13,6,0,4,0,8,-1,5,16,15,7,sil
22.099194526672363,11,4,-4,2,0,-5,-7,-7,-7,-12,-1,1,-9,-1,sil
22.11383056640625,0,-4,-4,-13,-2,-12,-10,1,-11,-18,-2,-2,-12,-10,sil
22.11383056640625,-20,-10,-20,-18,-4,-17,-13,2,-13,-15,-4,-12,-10,-27,sil
22.13606357574463,-12,-1,-3,-9,0,-13,-21,-3,-8,-1,6,-7,-5,-20,sil
22.13606357574463,7,6,7,0,2,-2,-17,-1,10,9,22,3,5,0,sil
22.13606357574463,0,2,-2,-1,-6,-2,-13,0,13,1,16,2,4,-2,sil
22.14618468284607,-12,0,-3,-7,-11,-5,-18,0,-9,-9,3,2,-6,-9,sil
22.16178321838379,-8,0,-4,-6,0,-1,-18,-4,-22,-10,2,0,-10,-6,sil
22.16178321838379,-2,0,6,0,6,7,-4,-2,-17,-8,-3,-10,-12,-4,sil
22.177824020385746,-1,0,3,12,3,14,12,1,-9,-2,-15,-19,-13,-8,sil
22.177824020385746,0,1,-3,14,15,15,17,0,-9,4,-11,-13,-6,-8,sil
22.19300627708435,-1,2,7,18,22,16,15,0,-12,2,-1,-6,-2,-1,sil
22.19300627708435,-3,0,2,23,6,9,21,0,0,7,-4,-11,3,9,sil
22.20871090888977,2,-8,0,5,-8,2,23,4,22,19,-8,-9,14,15,sil
22.20871090888977,9,-7,-3,-9,-9,0,16,6,34,21,0,5,18,17,sil
22.22400522232056,11,3,-6,-2,-5,-6,9,3,29,13,-4,12,10,16,sil
22.22400522232056,8,10,4,-4,-7,-22,-6,2,14,-1,-18,4,3,2,sil
22.239131927490234,1,0,-2,-19,-16,-29,-25,-1,-3,-17,-6,0,-1,-12,sil
22.239131927490234,0,1,-3,-18,-13,-19,-22,-4,-22,-25,14,14,-5,-10,sil
22.25509023666382,3,18,9,7,8,-2,-1,2,-27,-20,21,26,0,2,sil
22.25509023666382,0,18,12,31,15,5,4,4,-17,-8,10,11,0,6,sil
22.27008056640625,-12,1,3,18,1,9,-2,-2,-14,1,0,-9,-13,-3,sil
22.27008056640625,-23,-8,-20,-3,0,9,-2,-4,-13,5,1,-13,-17,-12,sil
22.284889459609985,-19,-10,-6,-1,7,17,9,5,-3,7,0,-13,-10,-8,sil
22.284889459609985,-12,-10,3,4,3,30,20,9,13,11,-16,-14,-4,0,sil
22.300591468811035,-8,-14,-14,-5,-6,18,18,0,26,12,-20,-15,-3,4,sil
22.300591468811035,0,-17,-4,-12,-10,-4,5,0,29,7,-12,-13,0,1,sil
22.316014528274536,9,-11,0,-5,-2,-3,-3,0,21,10,-5,-5,4,5,sil
22.316014528274536,11,-3,2,-2,3,5,-8,-5,5,7,2,7,5,13,sil
22.33129525184632,10,-5,7,0,1,1,-3,-6,-3,-3,0,9,0,7,sil
22.33129525184632,13,-6,-1,0,0,-9,0,-6,-1,-2,-6,3,0,-1,sil
22.347994804382324,8,1,6,-4,0,-11,-4,-8,-2,1,0,8,7,0,sil
22.347994804382324,1,0,1,-11,-2,-5,-3,-6,-5,-2,13,8,10,1,sil
22.36301827430725,0,-7,-9,-15,-1,-8,-3,0,-6,-5,6,-1,7,-3,sil
22.36301827430725,0,5,-1,-12,-1,-12,-7,6,-2,-1,3,-4,5,-4,sil
22.379947423934937,2,12,3,-5,-3,-6,-1,0,7,3,15,3,10,5,sil
22.379947423934937,4,4,4,-8,0,-1,3,0,2,2,21,12,14,2,sil
22.394132614135746,4,10,-1,-5,9,-1,0,1,-5,2,22,13,14,0,sil
22.394132614135746,9,24,3,12,11,0,4,3,8,10,26,18,18,14,sil
22.409955263137817,13,18,13,9,2,-1,0,4,12,4,20,24,14,10,sil
22.409955263137817,4,0,4,-10,-3,-13,-13,-1,-10,-16,3,12,-2,-10,sil
22.42600131034851,-3,3,9,-12,-2,-17,-18,-5,-22,-25,-5,-5,-18,-19,sil
22.42600131034851,-6,11,4,3,-4,-8,-15,-2,-17,-23,-10,-12,-22,-17,sil
22.44175624847412,-7,11,0,19,-5,-1,-18,1,-28,-28,-24,-14,-27,-16,sil
22.45607161521912,-2,11,1,28,1,9,-10,6,-30,-23,-32,-9,-25,-10,sil
22.45607161521912,0,6,-6,27,3,14,3,2,-13,-5,-16,-5,-8,1,sil
22.45607161521912,-11,-5,-1,15,-4,14,8,0,-6,0,-3,-7,-2,6,sil
22.47260618209839,-26,-21,-8,3,-6,13,12,1,-2,4,-8,-16,-11,0,sil
22.47260618209839,-22,-26,-13,1,0,11,18,3,7,16,-15,-14,-10,0,sil
22.488012313842773,-4,-17,2,10,6,10,15,1,13,23,-12,-6,-2,4,sil
22.50339913368225,-3,-14,-11,9,5,10,7,0,17,17,-11,-14,-6,3,sil
22.50339913368225,-11,-12,-8,-2,2,12,5,0,24,14,-12,-20,-12,0,sil
22.50339913368225,-5,-2,0,-3,4,14,15,1,24,19,-8,-9,-5,0,sil
22.51892399787903,0,-7,-10,-8,0,9,16,-4,14,9,-9,-6,2,-2,sil
22.53397536277771,-4,-13,-4,-22,-6,-3,4,-4,11,1,-8,-10,11,1,sil
22.53397536277771,5,0,0,-14,0,-12,2,3,21,16,11,2,28,13,sil
22.53397536277771,26,11,8,0,4,-9,0,4,21,18,32,23,32,15,sil
22.548678159713745,27,8,11,-3,-1,-6,-7,0,12,6,30,28,29,15,sil
22.56403541564941,13,2,0,-12,-4,-15,-5,-1,7,6,20,17,25,18,sil
22.56403541564941,6,3,3,-12,-3,-11,-4,0,1,0,16,14,8,7,sil
22.58215880393982,15,7,5,-3,0,0,0,-1,0,-6,19,23,2,0,sil
22.58215880393982,23,10,13,-1,2,-8,0,-2,0,-6,21,28,8,3,sil
22.58215880393982,13,8,7,-5,-1,-15,-10,-2,-13,-16,14,22,-1,3,sil
22.596124410629272,0,2,-7,-6,-4,-11,-16,-4,-25,-24,1,8,-12,-4,sil
22.596124410629272,-2,4,1,-3,-1,-8,-14,0,-29,-21,-8,-3,-9,-13,sil
22.61419248580933,-9,11,2,3,0,-7,-7,1,-30,-19,-7,-11,-11,-15,sil
22.61419248580933,-11,12,2,7,0,-1,0,2,-29,-17,-2,-6,-12,-8,sil
22.62785792350769,-8,-1,-2,-1,-3,0,0,2,-20,-11,0,-8,-7,-9,sil
22.64694094657898,-15,-11,-8,0,0,0,-6,0,-6,-4,-2,-22,-10,-19,sil
22.64694094657898,-24,-4,0,6,4,6,-1,-1,0,6,-9,-24,-12,-16,sil
22.64694094657898,-19,-3,-12,0,2,11,5,-3,-4,7,-21,-22,-9,-11,sil
22.663886308670044,-5,-9,-9,2,0,13,2,-3,-15,-6,-28,-22,-11,-9,sil
22.663886308670044,0,-2,11,24,6,16,5,-1,-9,-8,-20,-11,-12,0,sil
22.67477583885193,-4,6,1,23,7,12,5,-1,6,-1,-15,-4,-9,1,sil
22.690216302871704,-1,2,1,3,3,12,0,3,18,5,-15,-3,0,2,sil
22.690216302871704,4,-3,0,2,5,12,4,6,30,24,1,4,15,19,sil
22.705824375152588,2,-4,-4,6,3,2,3,2,33,28,10,11,14,24,sil
22.705824375152588,1,-2,2,4,0,1,5,2,23,13,-2,11,5,12,sil
22.721762895584103,6,-8,0,-5,-2,3,16,2,21,15,-2,5,12,11,sil
22.721762895584103,0,-20,-1,-32,-21,-9,4,2,15,9,0,-3,9,7,sil
22.7377028465271,-5,-15,-12,-31,-31,-23,-17,0,0,-14,-6,-3,-5,-5,sil
22.7377028465271,9,6,-4,-8,-12,-23,-21,-5,-4,-21,0,14,-6,-5,sil
22.75299620628357,20,17,9,-8,2,-17,-23,-4,-4,-16,19,23,-2,-7,sil
22.75299620628357,10,16,0,-3,4,-11,-15,0,-8,-13,24,9,-3,-16,sil
22.7688570022583,13,24,15,24,14,4,11,5,-5,1,25,11,0,-5,sil
22.7688570022583,22,21,19,34,26,20,28,5,2,23,32,19,12,14,sil
22.78435754776001,9,4,0,24,27,18,21,0,-1,27,22,9,14,14,sil
22.78435754776001,-6,-4,-1,17,16,13,15,-2,-11,12,4,-4,5,1,sil
22.80028915405273,-17,-11,-4,3,1,10,12,-3,-14,5,-5,-14,0,-4,sil
22.80028915405273,-23,-13,0,-2,-3,5,3,-2,-15,3,-12,-18,0,-3,sil
22.81583499908448,-18,-9,-4,0,-3,2,0,-1,-14,-2,-18,-17,-6,0,sil
22.81583499908448,-9,-16,-13,-17,-14,-2,4,-4,-7,-10,-16,-13,-12,4,sil
22.831058025360107,-3,-19,1,-33,-19,-4,9,0,0,-6,-5,-4,0,4,sil
22.831058025360107,0,-14,-3,-24,-11,0,7,4,11,0,8,6,13,6,sil
22.84675145149231,-2,-14,-7,-27,-18,-7,-9,0,16,-2,5,6,7,4,sil
22.84675145149231,-5,-11,-9,-32,-21,-18,-19,0,7,-8,-12,-1,0,0,sil
22.861818075180054,8,3,-12,-7,-1,-17,-18,1,1,-8,-6,4,11,0,sil
22.861818075180054,19,20,7,16,9,-8,-20,1,9,-2,21,16,16,-1,sil
22.877938508987427,8,19,4,15,2,-13,-22,-2,4,-7,6,0,-3,-10,sil
22.877938508987427,0,14,1,5,0,-14,-17,0,-11,-23,-36,-17,-22,-18,sil
22.89364528656006,4,17,6,12,8,1,-7,2,-7,-12,-27,-6,-11,-11,sil
22.89364528656006,6,17,3,21,14,4,0,0,2,4,2,1,-1,0,sil
22.90897035598755,0,8,4,14,6,-5,-7,-1,-8,-11,-13,-11,-20,-13,sil
22.90897035598755,-10,3,-3,15,0,0,-12,-2,-16,-20,-25,-18,-28,-30,sil
22.92423391342163,-5,8,3,31,7,18,5,0,-7,1,-4,0,-7,-11,sil
22.92423391342163,4,9,11,26,18,23,24,1,0,12,8,12,2,11,sil
22.939751625061035,2,-1,0,2,13,12,22,-2,2,10,12,4,-1,11,sil
22.939751625061035,-4,-9,6,-7,2,12,14,2,6,18,14,9,3,10,sil
22.95485186576844,-1,-9,3,-8,1,10,11,8,15,22,10,16,12,9,sil
22.95485186576844,2,-13,-1,-18,0,0,3,1,8,8,10,0,4,4,sil
22.97000789642334,-1,-16,1,-27,-9,-2,-3,-1,-9,3,13,-8,0,5,sil
22.98540663719177,-6,-14,-3,-24,-11,-5,-1,-2,-9,1,11,5,7,5,sil
22.98540663719177,-1,-8,0,-16,-11,-6,3,-2,2,-5,5,6,5,1,sil
22.98540663719177,2,-3,-1,-2,-10,0,5,-1,3,0,0,-4,-2,5,sil
23.000550508499146,0,2,4,5,-5,1,7,0,1,6,4,1,3,13,sil
23.000550508499146,4,3,6,2,1,2,7,0,6,0,12,6,13,13,sil
23.016574382781982,6,0,-7,3,-1,0,5,0,8,-2,6,-3,11,8,sil
23.016574382781982,-4,0,1,9,-6,-4,0,0,-2,-4,-10,-9,0,-2,sil
23.03282880783081,-11,0,-9,8,1,1,-4,0,-11,-6,-12,-4,-2,-12,sil
23.03282880783081,-3,-3,-19,0,3,0,-7,0,-8,-3,-6,-2,0,-7,sil
23.04786777496338,-3,-1,-2,-1,-6,-10,-7,0,3,0,-10,-4,-2,0,sil
23.04786777496338,-3,1,0,5,0,-5,-3,0,12,10,-6,1,-3,3,sil
23.06374335289001,7,9,6,6,12,9,-2,2,9,15,2,10,6,6,sil
23.06374335289001,11,9,4,2,4,4,-5,2,9,10,1,3,7,0,sil
23.078823566436768,8,0,-3,4,-3,-5,-7,0,5,6,0,0,3,-9,sorry
23.095694065094,4,0,3,1,0,0,-1,0,-4,0,0,3,3,-3,sorry
23.095694065094,0,7,-1,2,5,4,7,-1,-4,-5,-1,0,0,-2,sorry
23.095694065094,2,7,3,11,7,1,8,-1,2,0,2,-1,0,-7,sorry
23.10875248908997,0,-4,2,0,5,0,5,-1,0,0,6,3,5,0,sorry
23.125931978225708,-13,-11,-14,-32,-3,-11,-4,-6,-8,-12,-3,-5,-8,-2,sorry
23.125931978225708,-12,-2,-9,-30,-4,-15,-19,-5,-16,-27,-17,-16,-23,-22,sorry
23.139270544052124,-2,7,-5,1,0,-8,-10,0,-8,-22,-10,-9,-9,-12,sorry
23.139270544052124,3,6,3,6,0,-6,1,2,0,-8,7,4,1,7,sorry
23.15522623062133,3,1,3,-3,-2,-10,-6,-1,-11,-10,5,6,-7,-3,sorry
23.15522623062133,-4,-4,-2,-4,-9,-8,-14,-4,-20,-17,-15,-6,-18,-12,sorry
23.170658826828003,-5,-8,7,-6,-13,0,0,6,-3,-2,-14,-8,-13,2,sorry
23.170658826828003,5,-3,4,0,-3,5,17,15,17,14,9,5,4,12,sorry
23.186050176620483,12,0,8,0,4,10,17,11,19,9,17,13,10,10,sorry
23.186050176620483,6,-8,6,-19,-2,11,10,2,17,10,9,6,7,8,sorry
23.202255487442017,-1,-7,0,-10,-13,0,2,-4,12,16,5,1,9,6,sorry
23.202255487442017,1,14,16,23,-5,0,-7,-7,-5,6,4,5,6,5,sorry
23.217835903167725,14,16,8,30,7,11,-4,-5,-16,0,5,6,-2,5,sorry
23.217835903167725,9,2,2,20,9,7,3,0,-8,0,-1,1,-7,6,sorry
23.233269214630127,-5,10,14,29,11,4,0,0,-1,-2,-3,1,-3,8,sorry
23.233269214630127,-1,19,6,35,21,15,-1,-2,-6,-3,7,5,2,6,sorry
23.248679876327515,6,6,-3,19,23,27,8,1,-9,8,5,4,8,-1,sorry
23.248679876327515,-1,-6,-10,2,8,14,14,5,5,19,-3,-2,14,-2,sorry
23.263808727264404,-10,-11,-7,-10,-5,-9,1,-2,18,16,0,-4,16,0,sorry
23.263808727264404,-4,-11,-4,-13,-4,-8,0,-1,18,14,11,-2,16,2,sorry
23.279054164886475,6,-9,-12,-9,2,-1,7,0,14,19,14,0,15,6,sorry
23.279054164886475,0,-6,-7,-15,-3,-13,-9,-1,2,1,-7,0,-1,0,sorry
23.2950701713562,-11,-9,-13,-20,-15,-21,-27,-2,-3,-16,-20,-7,-17,-14,sorry
23.2950701713562,-5,-9,-2,-10,-8,-8,-1,5,7,5,0,-7,-5,-7,sorry
23.3110511302948,0,-5,6,-8,0,1,21,5,13,21,9,-2,3,1,sorry
23.3110511302948,-15,-5,-13,-22,-10,-8,3,-6,-9,-13,-14,-13,-11,-14,sorry
23.32656979560852,-16,-1,-10,-28,-11,-15,-12,-7,-34,-46,-27,-19,-24,-28,sorry
23.32656979560852,-2,2,-8,-11,0,-4,0,0,-25,-32,-9,-7,-15,-15,sorry
23.341710329055783,-1,1,-3,0,0,0,2,3,-5,-14,-2,-2,-6,-2,sorry
23.341710329055783,-7,0,6,-1,-4,-3,-14,2,-1,-11,-9,-1,-4,-6,sorry
23.35685443878174,-2,0,-4,3,-2,-2,-13,-2,0,-3,-4,0,-2,-2,sorry
23.35685443878174,9,1,7,6,0,10,-2,-5,9,1,4,6,0,7,sorry
23.37264084815979,13,5,10,3,0,10,-1,-1,6,-2,3,9,0,9,sorry
23.37264084815979,3,0,-4,3,-5,-3,-4,0,-7,-9,-3,4,0,4,sorry
23.388955116271973,-4,-3,5,2,-6,-1,1,0,-6,-9,-2,0,0,-1,sorry
23.388955116271973,0,2,12,6,6,10,11,2,12,3,8,3,6,6,sorry
23.40489149093628,13,7,18,15,14,9,13,4,23,18,12,12,14,23,sorry
23.40489149093628,17,6,6,15,7,0,17,3,19,20,11,12,18,23,sorry
23.420106649398804,14,5,-1,10,2,0,15,1,2,13,18,7,13,11,sorry
23.420106649398804,8,7,9,13,1,3,-2,2,-15,1,6,6,-3,0,sorry
23.43567681312561,0,4,0,15,0,-2,-14,-2,-16,-7,-19,1,-16,-8,sorry
23.43567681312561,1,4,0,11,2,-8,-8,0,-5,-1,-7,0,-4,-8,sorry
23.45086884498596,15,8,8,10,9,4,1,6,4,18,28,15,18,8,sorry
23.45086884498596,15,3,2,3,9,10,1,-2,9,24,26,17,18,13,sorry
23.46689510345459,1,0,0,0,0,0,-6,-6,-4,6,1,3,0,-4,sorry
23.46689510345459,-6,0,-4,0,-1,-4,-6,1,-13,2,0,-3,-1,-11,sorry
23.48270153999329,-9,-8,-3,-19,0,-3,-2,2,3,12,1,-10,6,0,sorry
23.48270153999329,-10,-12,-8,-28,-4,-3,-1,0,18,10,-1,-14,5,0,sorry
23.49774932861328,-13,-2,-12,-14,-1,1,5,0,12,1,-1,-4,-3,-5,sorry
23.49774932861328,-17,-1,0,-13,7,8,7,3,0,-6,-9,-5,-11,-9,sorry
23.51365566253662,-9,-4,-1,-10,6,0,1,-2,-4,-13,-10,-15,-11,-10,sorry
23.51365566253662,6,10,7,14,5,-3,1,-4,-1,-7,7,0,-3,-4,sorry
23.52876591682434,0,8,8,15,1,4,3,0,0,0,6,2,0,0,sorry
23.52876591682434,-20,-20,-12,-13,-10,-3,-9,-6,-12,-17,-25,-21,-10,-10,sorry
23.54480457305908,-14,-17,-7,-20,-18,-12,-19,-9,-24,-35,-34,-20,-20,-11,sorry
23.54480457305908,-2,0,-7,0,-16,-3,-5,-1,-11,-20,-9,-5,-5,-2,sorry
23.560635566711422,-1,-2,-3,11,-5,0,0,3,2,-3,0,-5,7,-1,sorry
23.560635566711422,5,0,2,16,7,0,4,4,10,2,0,4,8,5,sorry
23.57569122314453,12,2,-4,13,1,2,17,0,11,8,12,16,14,22,sorry
23.57569122314453,4,-4,2,-2,-14,5,9,1,0,0,3,2,5,11,sorry
23.59096455574036,-2,-3,-1,-4,-4,3,-3,1,1,-5,-11,-10,-11,-10,sorry
23.60702872276306,2,4,-4,6,11,3,5,0,15,7,-3,3,-5,0,sorry
23.60702872276306,6,0,8,1,7,8,13,-2,7,13,3,17,11,15,sorry
23.60702872276306,1,-7,-2,-10,0,3,4,-2,-1,7,-4,1,3,3,sorry
23.622646808624268,-3,-8,-4,-16,0,0,-2,1,0,4,-8,-7,-11,-10,sorry
23.622646808624268,-2,-8,-5,-8,-4,1,-4,4,-6,4,0,4,-2,-2,sorry
24.962788105010983,1,-5,4,10,13,19,20,-1,13,16,3,-2,17,15,sorry
24.962788105010983,-8,-9,-7,3,6,16,19,-2,12,12,-15,-8,3,9,sorry
24.97886610031128,-9,-8,-4,-2,-7,6,13,2,13,10,-15,-11,-1,10,sorry
24.97886610031128,-2,-7,1,-6,-13,-3,9,6,21,12,-6,-10,8,9,sorry
24.99304723739624,0,-6,-7,-7,-4,-5,12,4,28,16,-10,-7,8,5,sorry
25.008675813674927,2,-2,1,-4,0,-3,11,4,26,13,-2,3,0,11,sorry
25.008675813674927,0,-4,0,-3,-7,-7,1,-2,12,0,7,8,2,11,sorry
25.008675813674927,0,-5,0,-12,-12,-11,-12,-12,-8,-13,0,8,2,-2,sorry
25.02457547187805,3,0,2,-16,-8,-9,-22,-9,-24,-20,-2,15,0,-6,sorry
25.02457547187805,3,0,-5,-13,-7,-12,-13,-3,-22,-19,3,18,2,0,sorry
25.04426431655884,3,0,3,-11,-10,-9,-1,-3,-16,-16,-1,12,-1,-3,sorry
25.04426431655884,3,0,2,-6,-5,-7,-8,-3,-14,-18,-13,1,-9,-9,sorry
25.05587410926819,5,-1,0,-5,0,-13,-17,-3,-3,-16,-12,1,-9,-6,sorry
25.070812702178955,11,0,3,-7,1,-9,-10,1,20,-3,3,10,0,-2,sorry
25.070812702178955,12,10,-1,2,6,-1,-4,3,17,-1,16,13,0,-3,sorry
25.070812702178955,7,17,6,10,10,-1,-8,1,-8,-15,10,6,-6,-9,sorry
25.087700605392456,5,16,3,8,6,-4,-5,2,-7,-6,10,6,0,-10,sorry
25.087700605392456,2,14,3,5,2,-5,-5,1,-2,8,17,12,2,-5,sorry
25.102030754089355,-3,15,9,7,4,-2,-16,-3,-26,0,6,5,-5,-7,sorry
25.118051767349243,-2,7,1,13,4,0,-20,-3,-35,-4,-8,-5,-3,-9,sorry
25.118051767349243,1,5,13,22,1,6,-8,6,-15,8,0,-2,7,4,sorry
25.13595938682556,-1,7,11,25,1,17,7,7,0,17,9,1,8,16,sorry
25.13595938682556,-6,0,0,16,3,24,23,2,4,13,-2,-11,4,14,sorry
25.13595938682556,-7,-15,-4,11,5,28,35,4,12,11,-11,-22,0,12,sorry
25.15033483505249,-3,-17,-12,7,4,22,39,3,24,20,1,-18,0,14,sorry
25.15033483505249,0,-9,-1,-8,2,10,25,0,28,19,9,-7,8,16,sorry
25.165931463241577,-2,-9,-8,-20,0,0,10,-1,22,1,5,-6,9,12,sorry
25.17961406707764,-12,-23,-24,-34,-4,-10,1,-3,15,0,0,-15,0,-2,sorry
25.17961406707764,-12,-23,-14,-46,-10,-16,-4,-2,7,-1,-1,-8,-7,-19,sorry
25.195189714431763,0,-1,-10,-22,-8,-16,-7,0,0,-11,7,3,-6,-17,sorry
25.195189714431763,1,15,6,10,2,-7,-12,3,-8,-10,15,7,-5,-6,sorry
25.21116876602173,-11,8,8,11,9,0,-12,3,-7,-1,5,0,-4,-4,sorry
25.21116876602173,-8,-1,-5,6,5,0,0,-2,-9,-2,-9,-8,-10,-6,sorry
25.22707676887512,1,0,3,11,0,8,7,-1,-11,1,-16,-7,-12,-11,sorry
25.22707676887512,0,0,4,10,-2,10,13,0,2,14,-12,-1,3,0,sorry
25.242035627365112,0,0,8,11,-3,0,20,3,17,19,-11,0,17,19,sorry
25.242035627365112,5,2,4,3,-6,-4,12,2,8,12,-21,-1,9,12,sorry
25.2577440738678,0,-11,-14,-23,-16,-10,-10,-4,-7,-3,-32,0,-5,-6,sorry
25.2577440738678,0,-17,-4,-35,-24,-21,-26,-8,-12,-27,-33,3,-12,-5,sorry
25.27336359024048,18,1,5,-16,-13,-24,-31,-10,-12,-37,-20,14,-5,1,sorry
25.27336359024048,20,18,7,-3,1,-18,-32,-7,-16,-32,-2,24,-1,-2,sorry
25.28912210464477,8,19,4,3,5,-8,-21,0,-16,-19,18,19,-2,-4,sorry
25.289489030838013,6,17,5,16,5,3,-11,0,-10,-3,39,16,7,0,sorry
25.30457234382629,9,20,20,22,10,8,-10,0,-4,5,45,29,13,0,sorry
25.30457234382629,13,22,16,26,21,4,0,4,0,6,38,23,8,5,sorry
25.320183038711548,12,14,6,27,22,11,11,7,6,7,27,0,3,9,sorry
25.320183038711548,-5,-3,-8,14,9,15,6,3,10,11,16,-7,0,-3,sorry
25.33592438697815,-23,-15,-14,0,-2,3,-7,0,5,8,2,-11,-10,-16,sorry
25.33592438697815,-21,-13,1,-3,-7,2,-8,3,0,3,-12,-18,-15,-15,sorry
25.351582288742065,-15,-13,-8,-4,-7,11,6,2,4,4,-19,-14,-6,-7,sorry
25.351582288742065,-6,-10,-13,-4,-3,16,18,0,12,8,-9,0,3,2,sorry
25.36710953712464,-2,-5,-7,-3,0,15,17,0,9,7,-4,-6,2,1,sorry
25.36710953712464,-9,-10,-14,-7,0,5,21,0,-1,2,-21,-29,-7,-3,sorry
25.382669925689697,-3,-9,3,-6,3,2,31,0,0,4,-23,-29,-4,12,sorry
25.382669925689697,9,-1,11,0,10,9,31,-1,13,17,-2,-18,10,26,sorry
25.39774751663208,3,-4,4,-6,9,0,13,-2,7,17,0,-18,14,10,sorry
25.39774751663208,-3,-7,0,-13,0,-13,-4,0,-11,-1,-8,-10,5,0,sorry
25.413666486740112,0,-6,-8,-7,-13,-12,-4,0,-21,-13,-5,0,-1,4,sorry
25.413666486740112,0,-2,-2,-5,-14,-10,4,1,-15,-3,-1,2,0,0,sorry
25.428736448287964,2,6,2,-2,1,-4,7,5,0,7,6,7,13,0,sorry
25.428736448287964,10,16,7,4,8,2,0,1,10,0,11,19,10,9,sorry
25.44484233856201,9,10,7,4,-2,3,-6,-2,16,0,2,25,-2,2,sorry
25.44484233856201,2,0,-3,0,-6,-4,-20,-2,21,8,3,22,2,-3,sorry
25.460933208465576,-1,-1,3,-2,-3,-11,-28,0,7,1,9,20,7,2,sorry
25.460933208465576,-5,-3,-7,-13,-6,-12,-13,3,-1,-3,4,11,0,0,sorry
25.476566553115845,1,0,-11,-17,-8,-6,-3,-3,2,-6,0,5,-2,-9,sorry
25.476566553115845,12,10,10,5,0,0,-18,-6,-4,-21,8,13,-1,-5,sorry
25.49172520637512,6,11,5,29,4,0,-17,0,-14,-16,12,13,0,0,sorry
25.49172520637512,5,9,4,21,4,4,7,3,0,4,1,5,0,0,sorry
25.50776648521424,9,6,1,0,11,13,19,0,16,3,-4,-1,-2,-4,sil
25.50776648521424,0,0,-4,-11,9,6,6,-1,7,-8,-6,-9,-12,-10,sil
25.523597478866577,-3,0,5,-6,-2,-5,-3,4,-9,-9,-5,-11,-14,-13,sil
25.523597478866577,0,-1,1,0,-3,-9,-8,0,-14,-6,0,-7,-12,-8,sil
25.538649320602417,-6,-5,-3,-2,0,-5,-16,-4,-11,-2,0,-12,-9,-1,sil
25.538649320602417,-9,-1,-5,-2,0,-3,-17,0,-4,5,6,-9,1,0,sil
25.55425000190735,-8,-4,-5,1,-4,-9,-12,0,-5,0,9,-3,2,-5,sil
25.55425000190735,-19,-15,0,-5,-9,-3,-9,-5,-22,-17,-9,-15,-16,-18,sil
25.570311307907104,-22,-9,-9,-3,-6,7,-2,-2,-23,-16,-21,-23,-22,-17,sil
25.570311307907104,-8,0,-5,3,-1,1,2,2,-18,-10,-15,-16,-11,-6,sil
25.58610582351685,-10,-8,-2,1,-5,-8,3,-1,-26,-14,-14,-18,-5,-5,sil
25.58610582351685,-22,-12,-9,-1,-10,1,6,-4,-24,-13,-21,-21,-5,-7,sil
25.60172748565674,-16,-7,-1,-2,-2,17,13,-1,-3,1,-19,-12,-3,0,sil
25.60172748565674,2,0,3,2,11,18,23,-1,15,20,0,0,9,13,sil
25.617751836776733,17,6,11,15,17,18,24,0,20,28,12,15,22,25,sil
25.617751836776733,17,7,9,15,8,16,12,6,18,21,2,21,17,23,sil
25.63296890258789,14,4,4,5,0,8,5,7,24,19,-4,14,14,19,sil
25.63296890258789,19,8,15,0,1,2,10,7,34,28,8,16,24,21,sil
25.6487238407135,23,6,7,-2,4,3,16,5,34,31,20,22,26,24,sil
25.6487238407135,25,8,12,3,5,5,18,3,33,30,20,28,20,26,sil
25.663805961608887,28,16,12,17,15,1,19,2,38,30,27,31,26,26,sil
25.663805961608887,27,10,-5,13,16,-8,10,0,26,15,32,25,33,19,sil
25.6795916557312,21,7,3,7,7,-9,5,0,12,-1,23,14,21,8,sil
25.69469141960144,8,9,0,4,2,-2,6,0,14,0,15,10,7,2,sil
25.69469141960144,0,1,-7,-6,0,-1,-2,-1,12,-3,11,7,0,-4,sil
25.69469141960144,-6,-1,-9,-7,0,-14,-18,-3,-8,-20,6,-6,-10,-20,sil
25.711239337921143,-20,-1,-19,-20,0,-20,-21,-5,-24,-20,0,-20,-20,-30,sil
25.7268328666687,-21,-9,-13,-54,-8,-13,-21,-1,-24,-20,-1,-16,-23,-25,sil
25.7268328666687,-14,-4,-8,-34,-5,-8,-26,-3,-28,-33,-2,-12,-22,-23,sil
25.7268328666687,-21,5,-1,7,-1,-11,-35,-10,-52,-44,-10,-16,-34,-37,sil
25.743316173553467,-38,-11,-7,1,-21,-17,-41,-9,-68,-46,-35,-31,-54,-49,sil
25.743316173553467,-46,-27,-21,-3,-36,-14,-33,-3,-58,-46,-57,-49,-58,-37,sil
25.756872177124023,-38,-20,-3,11,-30,0,-22,-3,-41,-30,-52,-40,-46,-22,sil
25.773972034454346,-39,-42,-12,-18,-42,-5,-30,-10,-43,-24,-55,-39,-43,-33,sil
25.77497291564941,-46,-62,-24,-57,-56,-17,-35,-8,-47,-35,-66,-51,-44,-35,sil
25.78936028480529,-5,-11,3,-8,-7,18,11,7,8,8,-21,-11,0,13,sil
25.78936028480529,55,38,30,57,50,53,68,16,85,80,46,55,65,68,sil
25.790366411209103,57,29,35,43,42,24,57,15,85,70,54,62,74,67,sil
25.8051073551178,32,16,12,9,15,-1,24,10,47,30,35,36,50,41,sil
25.8051073551178,36,23,12,10,20,6,20,7,36,26,39,36,44,33,sil
25.82055115699768,37,22,17,12,27,2,20,3,20,18,35,36,34,22,sil
25.83583974838257,21,22,2,13,20,-7,12,-1,0,0,18,20,14,5,sil
25.83583974838257,12,26,13,13,11,4,12,0,0,1,17,13,3,2,sil
25.85095357894897,5,11,7,3,11,9,12,1,11,5,17,8,1,0,sil
25.85095357894897,-5,-6,-9,-7,16,0,0,-7,1,-4,-3,-13,-7,-16,sil
25.86892485618592,-14,0,-7,-9,10,3,-4,-8,-14,-8,-13,-23,-8,-20,sil
25.869929313659668,-15,7,-7,7,2,8,1,0,-14,0,-4,-12,-2,0,sil
25.869929313659668,-7,-1,6,27,0,11,5,2,-4,4,-10,-6,-5,7,sil
25.88317584991455,-7,-16,-10,12,-2,14,10,0,5,12,-15,-13,-4,1,sil
25.88317584991455,-15,-19,-22,-25,-19,1,0,0,0,9,-13,-19,-4,2,sil
25.897722482681274,-17,-15,-7,-35,-32,-22,-24,-3,-17,-13,-28,-22,-14,-7,sil
25.912786722183228,-10,-10,-17,-21,-29,-28,-29,-11,-19,-28,-24,-13,-10,-19,sil
25.912786722183228,-1,0,0,-17,-19,-18,-22,-8,-9,-24,3,9,0,-13,sil
25.92803144454956,1,3,4,-13,-13,-15,-18,1,0,-15,16,14,-1,-6,sil
25.92803144454956,8,8,1,0,-10,-17,-12,4,2,-8,21,10,2,-4,sil
25.943565845489506,14,18,21,20,2,0,-2,4,1,-3,28,19,11,1,sil
25.943565845489506,7,8,5,31,20,15,11,2,6,9,18,13,2,5,sil
25.958855867385864,0,-7,8,19,12,18,16,3,5,21,-1,-2,-5,6,sil
25.958855867385864,-3,-10,0,9,2,16,11,5,0,22,-6,-7,0,5,sil
25.97484803199768,-12,-15,-17,2,5,7,4,-1,-5,9,-15,-13,-8,0,sil
25.97484803199768,-17,-18,0,-15,-4,-3,-4,-1,-11,-6,-31,-21,-23,-5,sil
25.990886688232425,-12,-18,-14,-21,-10,-14,-5,0,-2,0,-23,-15,-6,0,sil
25.990886688232425,3,-13,-4,-21,0,-16,-3,-2,9,6,-1,5,10,2,sil
26.006564617156982,10,-3,2,-23,0,-8,-8,-6,1,-12,5,11,0,-8,sil
26.006564617156982,5,4,-8,-20,-2,-11,-15,-4,-7,-26,7,6,-7,-12,sil
26.02174735069275,14,18,21,-7,8,-12,-5,6,0,-13,21,20,5,0,sil
26.02174735069275,22,25,11,13,21,1,8,6,8,2,32,25,11,4,sil
26.03780746459961,4,17,2,15,16,9,0,0,-6,-13,10,2,-12,-7,sil
26.03780746459961,-10,9,0,5,12,11,-1,2,-10,-26,-10,-15,-26,-17,sil
26.052999019622803,-8,3,-18,10,19,12,14,1,3,-4,-12,-18,-21,-10,sil
26.052999019622803,-10,0,7,12,10,15,12,0,0,11,-15,-11,-21,-3,sil
26.06763219833374,-11,0,2,13,0,20,17,1,0,20,-11,-12,-4,6,sil
26.06763219833374,-1,-9,-6,9,1,17,26,-1,15,27,-5,-13,19,24,sil
26.083028554916385,0,-19,5,-4,-9,3,9,-5,14,21,-9,-7,19,22,sil
26.083028554916385,-1,-18,-10,-8,-25,-10,-8,-3,9,17,-3,3,20,14,sil
26.0985848903656,5,-7,4,-11,-13,-3,-9,4,13,14,1,16,31,19,sil
26.0985848903656,1,0,9,-9,-8,0,-7,2,5,0,-2,3,30,14,sil
26.1140365600586,4,4,-4,9,-9,-16,-10,-4,-1,-7,11,1,31,2,sil
26.11504054069519,10,9,13,6,-6,-17,-18,0,-15,-15,16,20,26,0,sil
26.13015294075012,-13,-2,2,-12,-31,-2,-20,-2,-40,-40,-18,-7,7,-15,sil
26.13015294075012,-15,-3,-28,1,-25,-6,-8,-13,-28,-25,-9,-18,2,-16,sil
0.0405025482177734,14,18,-2,15,6,-14,0,0,1,10,28,20,-2,-1,sil
0.0405025482177734,13,29,20,8,-12,-1,3,10,5,7,19,17,-21,-6,sil
0.0565202236175537,8,19,-3,18,-13,6,7,0,12,12,17,7,-15,-1,sil
0.0565202236175537,19,11,10,15,12,1,-1,-1,11,16,26,23,-6,8,sil
0.0719015598297119,9,10,13,4,5,3,0,1,-6,-4,10,10,-22,-6,sil
0.0719015598297119,0,8,-9,11,10,10,10,0,-7,-8,2,0,-29,-11,sil
0.0874466896057128,-5,-5,10,0,24,6,-4,2,-9,-11,-9,1,-30,-4,sil
0.0874466896057128,-21,-25,-10,-12,22,4,-3,0,-9,-15,-34,-25,-34,-17,sil
0.1025807857513427,-22,-26,-17,-13,23,13,20,-2,2,6,-39,-41,-24,-20,sil
0.1025807857513427,-14,-21,1,-11,19,22,28,-1,13,26,-35,-31,-7,-1,sil
0.1181185245513916,-14,-23,-22,-4,17,17,26,1,25,28,-24,-27,2,10,sil
0.1181185245513916,-6,-16,-1,-11,16,2,23,9,34,26,-9,-11,10,17,sil
0.1337862014770507,5,-9,2,-25,4,-13,10,1,29,12,-5,1,17,12,sil
0.1337862014770507,14,-2,-7,-21,-2,-21,-8,-4,12,-12,3,10,18,0,sil
0.7094125747680664,5,-5,0,14,6,9,10,-3,0,18,2,-2,9,-4,sil
0.7094125747680664,2,0,-7,18,3,6,12,2,6,18,6,0,11,5,sil
0.7254557609558105,-5,-5,-5,5,-4,4,8,3,8,7,-4,-2,0,12,sil
0.7254557609558105,0,-12,-4,-5,-8,1,20,-1,13,8,-10,-2,2,20,sil
0.7408530712127686,6,-9,0,-10,-11,-2,28,-4,24,13,-9,-3,8,21,sil
0.7408530712127686,0,-5,-3,-18,-10,0,21,-4,20,0,-13,-3,0,11,sil
0.7562093734741211,0,-6,-10,-24,-6,0,6,-6,11,-12,-13,2,-8,5,sil
0.7562093734741211,9,0,8,-20,-10,-5,-9,1,18,-3,1,16,3,9,sil
0.7717423439025879,7,2,10,-13,-11,-10,-22,7,23,4,18,23,21,14,sil
0.7717423439025879,0,5,3,-14,0,-8,-29,1,8,0,20,22,19,8,sil
0.7878153324127197,6,12,3,-14,5,-9,-25,0,-5,-7,24,15,8,-1,sil
0.7878153324127197,12,17,0,-3,2,-15,-14,0,-13,-16,27,9,0,-8,sil
0.8037312030792236,7,13,16,10,3,-9,-8,1,-20,-21,13,6,-5,-7,sil
0.8037312030792236,4,10,12,23,13,4,0,0,-19,-13,0,0,-10,-6,sil
0.8190953731536865,2,8,2,24,14,12,11,-5,-12,-3,-9,-13,-17,-9,sil
0.8190953731536865,-3,-3,-1,8,6,16,12,-5,-13,0,-17,-20,-18,-10,sil
0.83475661277771,-7,-17,-12,0,3,13,4,-5,-8,4,-8,-17,-4,0,sil
0.83475661277771,-5,-12,-4,0,0,4,1,0,8,19,0,-5,13,16,sil
0.8504798412322998,0,0,-1,-9,0,2,11,8,36,37,3,4,27,21,sil
0.8504798412322998,5,-1,-4,-20,1,-5,7,8,39,29,14,13,23,12,sil
0.865764856338501,-2,-11,-6,-25,-10,-26,-20,0,3,-6,10,12,0,-10,sil
0.865764856338501,-15,-9,-18,-23,-19,-33,-32,-3,-24,-31,-2,0,-12,-28,sil
0.8819353580474854,-4,6,3,-10,0,-11,-18,3,-19,-30,2,3,-9,-19,sil
0.8819353580474854,0,10,11,3,4,2,-7,2,-15,-17,6,6,-8,-1,sil
0.8965175151824951,-5,2,0,5,-9,-1,-3,0,-23,-15,-16,-7,-14,-5,sil
0.8965175151824951,6,10,9,20,3,5,6,4,-20,-15,-21,-4,-12,-7,sil
0.9117412567138672,18,14,6,37,25,21,13,0,-3,-3,0,4,-2,5,sil
0.9117412567138672,0,0,1,22,8,18,7,-7,0,1,1,-3,0,6,sil
0.9269320964813232,-11,-6,-7,7,-6,6,2,0,-4,0,-6,-10,-5,0,sil
0.9425537586212158,-4,-3,-10,8,0,6,11,3,-6,4,-5,-8,-12,3,sil
0.9425537586212158,-3,-2,2,6,3,16,24,4,8,16,0,-9,-6,3,sil
0.9586596488952636,-9,-2,-1,7,0,13,26,1,27,28,1,-9,8,3,sil
0.9586596488952636,-3,1,4,11,-2,5,14,0,27,35,2,-7,15,12,sil
0.9586596488952636,5,2,6,6,-3,3,12,1,15,27,0,-4,7,11,sil
0.9744541645050048,5,-7,-2,-1,-2,0,12,-2,10,11,-7,0,-3,4,sil
0.9744541645050048,0,-16,2,-13,-6,-2,1,-6,3,1,-17,-7,-4,0,sil
0.9915766716003418,-1,-12,-3,-17,-11,-2,-1,-5,-1,1,-12,-6,6,-2,sil
0.9915766716003418,4,-1,0,-11,-4,-7,-3,0,0,0,12,16,17,0,sil
1.0086824893951416,5,2,1,-15,1,-12,-15,1,3,-9,26,27,18,4,sil
1.0086824893951416,-2,-4,-9,-23,-4,-21,-28,0,-1,-15,9,11,11,-4,sil
1.0208978652954102,0,-9,-4,-20,-11,-25,-32,0,-11,-19,-5,3,0,-19,sil
1.0369443893432615,1,0,-5,-15,-2,-13,-23,0,-11,-21,2,2,-3,-14,sil
1.0369443893432615,0,15,1,-8,10,0,-7,-4,-7,-15,9,8,0,0,sil
1.0536630153656006,0,16,0,3,13,4,-5,-4,-9,-6,5,11,-4,-4,sil
1.0536630153656006,-3,6,-13,3,7,3,-8,0,-7,-3,2,-3,-15,-10,sil
1.0536630153656006,-9,5,7,1,8,0,0,5,4,1,9,-5,-6,-4,sil
1.0677709579467771,0,11,18,17,7,-2,10,6,9,10,18,6,4,5,sil
1.0840704441070557,8,7,7,20,-1,3,7,4,-1,0,0,-1,-8,7,sil
1.0840704441070557,0,-3,-2,8,1,12,6,3,-12,-15,-27,-19,-21,0,sil
1.1001603603363037,-3,-5,0,12,12,13,11,-2,-14,-6,-25,-16,-12,0,sil
1.1001603603363037,5,-1,14,22,3,18,14,-3,-2,8,-10,-5,-3,6,sil
1.1173453330993652,1,-9,-7,1,-10,19,16,-1,14,9,-14,-11,-2,9,sil
1.1173453330993652,-14,-21,-18,-29,-12,2,8,0,19,2,-22,-21,-3,0,sil
1.1173453330993652,-10,-17,-5,-26,-12,-8,0,7,15,6,-10,-10,2,1,sil
1.131929636001587,14,-2,-2,-2,-11,-10,0,1,18,16,11,21,21,19,sil
1.1465110778808594,20,9,11,-4,-4,-14,-11,-6,6,6,24,40,31,18,sil
1.1465110778808594,5,7,4,-13,-4,-19,-27,-3,-21,-13,24,27,17,-4,sil
1.1616559028625488,3,7,0,0,-9,-16,-20,0,-33,-18,21,10,0,-14,sil
1.1616559028625488,10,17,15,20,0,-4,1,1,-13,0,22,12,0,-6,sil
1.1768696308135986,3,16,6,28,14,6,10,1,9,17,20,10,8,1,sil
1.1768696308135986,-2,10,2,23,17,14,8,2,11,16,11,-1,4,3,sil
1.1926181316375732,1,10,5,27,16,12,9,0,1,6,0,-12,-5,0,sil
1.1926181316375732,-1,3,1,22,10,5,8,-2,-13,-1,-11,-19,-13,-7,sil
1.2076997756958008,-15,-8,-7,-1,-3,7,0,-5,-30,-9,-26,-22,-19,-11,sil
1.2076997756958008,-20,-19,-21,-18,-9,8,-2,-9,-26,-19,-30,-26,-25,-9,sil
1.2230606079101562,-11,-23,-7,-17,-3,7,10,-1,2,-10,-23,-21,-22,0,sil
1.2230606079101562,-5,-15,-2,-12,0,9,32,9,34,15,-14,-10,-8,7,sil
1.238633155822754,-3,-8,-8,-7,1,7,25,9,44,24,-8,-1,4,3,sil
1.238633155822754,-1,-8,-2,-4,0,0,-4,2,30,6,-5,0,4,-1,sil
1.254086971282959,0,-4,-9,-5,0,-10,-16,-3,13,0,-1,0,3,0,sil
1.254086971282959,7,7,1,-2,-1,-19,-14,-2,6,6,2,15,17,10,sil
1.2701869010925293,11,10,9,-2,-4,-18,-19,-1,3,1,9,27,31,15,sil
1.2701869010925293,3,1,-2,-18,-10,-15,-25,-7,-12,-12,6,18,15,1,sil
1.2854530811309814,-1,0,-2,-23,-8,-9,-11,-7,-30,-17,0,4,-10,-16,sil
1.2854530811309814,0,5,-9,-6,1,0,7,0,-17,-8,7,2,-7,-16,sil
1.3019957542419434,-2,7,0,-7,1,2,0,5,-1,-11,10,3,3,-12,sil
1.3019957542419434,-2,4,6,-13,-5,-2,-16,6,-10,-21,3,0,-1,-15,sil
1.317549705505371,1,3,0,2,-1,-7,-14,2,-12,-14,2,-8,-6,-12,sil
1.317549705505371,-1,5,11,7,7,0,-9,2,4,0,5,-9,-4,-7,sil
1.3336236476898191,-2,8,9,10,10,5,-11,0,2,1,8,-4,-3,-2,sil
1.3336236476898191,12,10,13,24,6,4,-8,0,-17,2,18,5,3,11,sil
1.3497023582458496,23,3,16,8,0,11,6,0,-13,14,22,13,12,29,sil
1.3497023582458496,9,-1,6,-4,0,18,25,-1,-2,19,8,2,4,28,sil
1.3647894859313965,-6,0,7,20,4,19,29,0,-3,8,-11,-9,-10,8,sil
1.3647894859313965,-14,-7,-9,21,0,13,27,3,1,2,-26,-17,-15,0,sil
1.3808817863464355,-13,-13,-14,-6,-5,5,30,2,19,10,-27,-18,-11,5,sil
1.3808817863464355,-2,-5,-5,0,-4,0,31,0,35,22,-13,-3,0,9,sil
1.396111011505127,10,-6,-10,6,-1,-8,7,-4,38,17,0,17,18,6,sil
1.396111011505127,13,-4,0,-12,-2,-17,-24,-5,21,-4,6,19,17,-1,sil
1.4117295742034912,6,10,1,-7,-1,-17,-23,0,4,-13,11,7,5,-6,sil
1.4117295742034912,3,14,3,13,3,-10,-5,0,-8,-7,14,4,1,0,sil
1.426443099975586,-1,0,0,4,5,-2,-6,-4,-27,-16,8,3,-2,-6,sil
1.426443099975586,-13,-10,-17,-12,-2,-3,-16,-8,-32,-30,-4,-7,-14,-23,sil
1.441946268081665,-9,3,-2,0,-1,-2,-16,3,-18,-18,-10,-8,-16,-17,sil
1.441946268081665,2,15,11,26,14,7,0,8,-4,6,0,1,0,6,sil
1.4570729732513428,0,0,0,14,9,10,2,-2,-8,6,0,-3,0,8,sil
1.4570729732513428,-18,-21,-10,-17,-9,8,-10,-5,-16,-1,-21,-18,-14,-10,sil
1.473257303237915,-20,-20,-15,-16,-3,9,-1,0,-4,7,-23,-18,-10,-10,sil
1.473257303237915,-4,-8,4,-3,2,7,21,3,14,15,-6,-2,4,6,sil
1.4886391162872314,6,-4,5,-3,-4,0,20,2,18,10,1,5,4,13,sil
1.4886391162872314,13,0,5,-8,-1,0,6,0,13,13,1,6,6,7,sil
1.5040884017944336,12,4,10,-15,2,3,-5,-1,14,13,3,7,10,0,sil
1.5196893215179443,-1,-2,-12,-22,-9,-12,-18,-5,15,0,5,2,4,-4,sil
1.5196893215179443,-1,0,-3,-17,-14,-17,-16,0,14,-2,14,8,9,-4,sil
1.5196893215179443,15,17,16,0,-2,-6,-2,5,8,0,26,21,21,2,sil
1.5348329544067385,14,13,7,2,-1,-12,-11,0,-4,-14,12,15,8,2,sil
1.5358326435089111,2,8,2,1,-3,-19,-22,0,-5,-23,0,3,-4,-6,sil
1.5503132343292236,9,18,0,9,5,-9,-9,3,2,-4,19,6,3,-3,sil
1.5503132343292236,7,18,4,8,4,0,0,0,-12,0,20,2,1,-1,sil
1.5658934116363523,-8,4,-1,-2,-1,6,10,-2,-34,-18,-21,-20,-23,-12,sil
1.5658934116363523,-8,0,-2,8,10,13,27,0,-28,-19,-34,-22,-29,-9,sil
1.581916332244873,-5,0,7,25,16,17,24,4,-22,-10,-11,-7,-10,0,sil
1.581916332244873,-26,-13,-12,9,0,12,4,2,-27,-11,-10,-20,-8,-11,sil
1.5984604358673096,-26,-18,-11,-3,-4,9,1,0,-10,-1,-18,-26,-18,-9,sil
1.5984604358673096,3,-6,4,16,4,11,16,5,21,27,1,-1,1,20,sil
1.6137516498565674,12,-6,3,22,-1,7,15,3,28,38,13,5,21,32,sil
1.6147491931915283,2,-10,4,1,-6,4,0,-5,16,22,0,0,7,22,sil
1.6292786598205566,7,-8,-7,-1,1,3,-5,-7,18,18,-1,11,4,20,sil
1.644870042800903,7,-6,-6,0,2,-2,-6,-1,23,20,1,15,17,13,sil
1.644870042800903,-4,-6,0,-11,0,0,-6,0,24,14,0,2,19,0,sil
1.644870042800903,-2,-5,-4,-9,2,0,-1,-2,20,5,1,2,13,0,sil
1.659451961517334,5,0,3,0,5,-8,-2,-1,12,-3,5,10,5,-2,sil
1.6758930683135986,9,7,0,0,7,-12,0,-3,6,-8,12,6,0,-11,sil
1.6758930683135986,8,10,3,-2,4,-3,4,0,0,-10,12,4,-2,-8,sil
1.6758930683135986,-1,6,4,-6,-2,-2,-4,4,-8,-16,0,3,-11,-11,sil
1.6916019916534424,-2,0,-4,-13,-6,-15,-12,0,-13,-19,-2,0,-12,-16,sil
1.7057459354400637,5,0,8,-11,-6,-13,-3,-1,-25,-14,10,4,-2,-8,sil
1.7057459354400637,-1,0,1,-7,-5,-6,2,2,-26,-12,7,10,-6,0,sil
1.724412202835083,-8,-1,-9,-16,-10,-7,-4,1,-11,-11,-9,2,-15,-1,sil
1.724412202835083,2,0,-2,-18,-12,-5,-2,1,0,0,-7,-1,-4,-3,sil
1.724412202835083,6,4,-2,-6,-6,-1,1,0,0,3,1,1,-9,0,sil
1.7371280193328855,0,8,8,-1,-2,-4,-8,0,-4,-7,-2,-4,-24,-7,sil
1.7524371147155762,0,7,4,4,-2,-2,-18,-2,-7,-10,-6,-14,19,-16,sil
1.7524371147155762,0,6,-5,11,3,4,-17,-2,-14,-7,0,-8,55,-6,sil
1.7684924602508545,-9,5,-4,6,8,11,-7,3,-14,-11,-2,-1,3,0,sil
1.7684924602508545,-13,-1,-5,12,5,12,3,0,-6,-5,-8,-12,-32,-5,sil
1.7844974994659424,-6,-4,5,19,4,12,5,-1,-4,0,-10,-17,-10,-3,sil
1.7844974994659424,-6,-2,1,17,8,7,4,2,-1,2,-5,-9,-1,1,sil
1.7996532917022705,-3,0,2,19,11,11,14,5,11,17,1,-1,0,12,sil
1.7996532917022705,1,4,10,21,12,25,21,3,16,28,5,0,10,24,sil
1.8151566982269287,-2,-4,-11,4,2,14,9,-3,8,14,-5,-8,-1,14,sil
1.8151566982269287,-2,-12,-8,-11,-9,-3,-2,-4,6,5,-12,-10,-7,0,sil
1.831681251525879,13,3,7,2,-1,7,10,1,17,27,8,9,20,17,sil
1.831681251525879,18,8,11,14,9,10,22,2,22,33,21,23,22,30,sil
1.847158908843994,1,-9,5,-2,0,-7,6,-1,8,3,0,6,-5,9,sil
1.847158908843994,-4,-16,-16,-21,-7,-12,-1,-5,0,-15,-8,-11,-13,-6,sil
1.862720489501953,5,-3,-4,-19,-7,-11,3,0,3,-7,3,-1,-3,-4,sil
1.862720489501953,7,0,3,-8,-8,-12,1,5,7,1,7,13,3,-1,sil
1.877946138381958,2,-3,-4,-4,0,-6,-3,3,8,9,11,16,11,2,sil
1.877946138381958,3,-2,0,-10,2,-5,-4,0,7,4,6,9,4,-2,sil
1.893693447113037,-5,-7,-9,-19,-11,-17,-10,-5,-1,-13,-14,-8,-10,-20,sil
1.893693447113037,-8,-4,-5,-19,-11,-12,-16,0,-3,-14,-12,-4,-3,-18,sil
1.9090983867645264,13,13,12,-1,1,-3,-6,7,9,3,16,27,20,0,sil
1.9090983867645264,19,19,13,10,5,-11,-2,0,4,-2,26,30,20,4,sil
1.924270868301392,2,11,12,0,0,-12,-11,-6,-22,-31,6,8,-3,-10,sil
1.924270868301392,1,6,0,-2,2,-6,-12,-2,-30,-38,-10,-2,-15,-20,sil
1.939842700958252,1,6,0,10,7,-1,-6,0,-23,-28,-12,-10,-18,-16,sil
1.939842700958252,-17,-1,-2,14,2,13,-1,0,-16,-16,-7,-17,-18,-3,sil
1.955230712890625,-21,-12,-9,3,1,21,7,2,-3,2,-4,-11,-8,8,sil
1.955230712890625,-11,-5,0,5,3,13,14,5,1,17,-3,-10,-3,6,sil
1.971752405166626,-14,0,-8,16,-5,5,4,-2,-2,13,-8,-27,-9,-1,sil
1.971752405166626,-16,-8,-12,7,-14,2,-8,-4,-2,5,-19,-24,-8,0,sil
1.986889362335205,-3,-10,-3,-7,-3,5,-3,2,8,12,-8,0,5,8,sil
1.986889362335205,2,-1,-3,-1,1,9,7,0,16,16,11,9,13,10,sil
2.0086727142333984,3,4,3,-1,0,0,2,-4,13,9,13,2,9,0,sil
2.009673595428467,13,8,0,-7,7,-14,-8,0,5,5,15,3,8,0,sil
2.009673595428467,20,15,5,0,5,-4,-6,3,-4,-1,20,10,8,2,sil
2.01778531074524,8,14,13,12,0,9,-1,6,-15,-12,10,8,0,0,sil
2.033782482147217,-5,0,0,8,9,6,-3,0,-24,-11,-1,-3,-10,-2,sil
2.033782482147217,-5,-1,3,4,9,6,-4,-2,-27,-6,-7,-8,-14,-1,sil
2.049889087677002,-1,0,-1,11,0,12,7,0,-11,3,-11,-7,-7,0,sil
2.049889087677002,-2,-10,-7,5,-4,7,14,1,7,18,-18,-13,-3,2,sil
2.065765380859375,-3,-7,3,0,-3,4,13,1,15,25,-11,-5,4,9,sil
2.065765380859375,0,-1,1,-1,1,7,13,0,25,18,0,10,15,12,sil
2.080849885940552,1,-10,1,-13,0,8,13,0,29,6,-12,3,8,3,sil
2.080849885940552,3,-19,-1,-23,-3,0,19,0,33,12,-15,-4,5,0,sil
2.0964949131011963,11,-7,6,-18,0,-10,17,1,41,21,6,8,19,15,sorry
2.0964949131011963,13,3,5,-17,0,-17,0,2,28,0,9,14,13,10,sorry
2.112133264541626,5,-1,-16,-20,-5,-22,-11,-1,-1,-22,0,5,-2,-8,sorry
2.112133264541626,3,0,-3,-15,-2,-17,-8,-1,-12,-14,12,12,-1,-5,sorry
2.127814292907715,3,6,3,-3,0,-8,-4,0,-10,-6,14,8,0,0,sorry
2.127814292907715,-4,3,-6,6,-4,-7,-5,-2,-19,-14,-2,-6,-10,-11,sorry
2.1428112983703613,-13,4,-2,10,0,-3,-12,-2,-22,-14,-2,-3,-11,-16,sorry
2.1428112983703613,-8,11,-6,8,2,0,-18,1,-6,-3,10,2,0,-9,sorry
2.1579885482788086,2,10,3,7,-5,0,-18,6,0,-1,15,9,0,-1,sorry
2.1579885482788086,2,5,6,11,-4,2,-14,-2,-8,-7,12,15,-2,0,sorry
2.1736412048339844,-3,2,-4,11,8,0,-10,-7,-10,-13,4,12,-4,0,sorry
2.1736412048339844,0,8,7,9,7,-3,-2,1,-6,-14,2,13,-6,0,sorry
2.189676523208618,4,10,8,17,1,2,3,4,-6,-4,7,11,0,2,sorry
2.189676523208618,0,9,6,19,7,2,0,-2,-12,1,5,-8,0,2,sorry
2.2052292823791504,-6,8,4,9,5,0,-11,-5,-18,-2,-4,-26,-12,-4,sorry
2.2052292823791504,-12,-4,-6,0,-8,4,-15,-3,-20,-7,-15,-30,-15,-10,sorry
2.2209010124206543,-13,-21,-6,-7,-12,8,-5,0,-15,-2,-18,-31,0,-7,sorry
2.2209010124206543,-8,-21,-10,-6,-3,7,5,-1,-5,1,-14,-29,4,-1,sorry
2.236449956893921,4,-4,8,8,0,10,13,1,3,-5,-17,-10,-3,0,sorry
2.236449956893921,13,4,20,19,0,17,24,9,12,-3,-6,13,1,6,sorry
2.25303053855896,12,0,4,16,5,11,28,2,14,14,12,18,18,18,sorry
2.267990827560425,11,6,9,16,10,3,16,-2,13,22,7,15,18,19,sorry
2.267990827560425,13,9,2,14,8,3,11,3,15,18,3,12,6,11,sorry
2.267990827560425,6,0,-9,-2,2,4,13,4,11,17,8,7,0,5,sorry
2.2837882041931152,-3,-6,-9,-18,0,3,6,0,5,17,-3,4,0,2,sorry
2.2837882041931152,-15,-14,-21,-29,-3,0,-2,-3,5,7,-19,-10,-5,0,sorry
2.2979061603546143,-24,-19,-19,-36,-5,0,-2,-5,10,2,-15,-27,-19,-8,sorry
2.3124256134033203,-15,-10,-11,-28,8,0,14,2,24,20,-5,-16,-7,-11,sorry
2.3124256134033203,-5,-9,-6,-33,6,-7,18,7,29,25,-5,-2,8,-5,sorry
2.327626943588257,-21,-21,-18,-54,-17,-17,-3,-1,7,-2,-17,-18,-5,-16,sorry
2.327626943588257,-21,-17,-24,-39,-15,-13,-12,-4,-6,-19,-15,-19,-8,-20,sorry
2.3428876399993896,15,8,11,-8,0,-5,-6,5,2,-6,12,16,17,3,sorry
2.3428876399993896,30,16,15,-5,-6,-13,-16,2,4,5,31,32,25,19,sorry
2.358025550842285,6,2,0,-9,-13,-21,-26,-13,-9,-4,15,16,6,1,sorry
2.358025550842285,-1,9,12,8,-2,-16,-24,-8,-20,-26,8,14,0,-5,sorry
2.3737080097198486,23,30,30,36,6,-11,-23,4,-21,-26,33,30,8,10,sorry
2.3737080097198486,37,35,40,41,9,-1,-25,1,-24,-16,40,35,8,11,sorry
2.389805793762207,17,21,9,30,12,5,-20,-9,-21,-25,17,15,-5,-5,sorry
2.389805793762207,2,14,2,37,10,7,-3,-2,-15,-33,2,-11,-21,-9,sorry
2.405571460723877,2,8,24,41,2,21,20,9,-15,-21,-5,-22,-19,-5,sorry
2.405571460723877,-4,-13,3,16,-5,25,28,3,-8,-1,-21,-14,-8,-6,sorry
2.4207146167755127,-10,-17,-8,11,0,10,15,-1,2,10,-25,2,-10,-5,sorry
2.4207146167755127,-11,2,-5,34,8,8,11,0,0,9,-19,-1,-16,0,sorry
2.4357926845550537,-18,6,-10,33,4,14,14,0,-3,3,-17,-16,-7,2,sorry
2.4357926845550537,-16,-4,-7,19,3,16,10,3,13,27,-9,-13,10,4,sorry
2.4508306980133057,-12,-11,-11,10,14,12,5,6,28,45,0,-8,20,7,sorry
2.4508306980133057,-16,-16,-9,-18,1,-1,4,1,19,22,-6,-11,9,9,sorry
2.466421365737915,-8,-18,-11,-38,-21,-18,8,0,10,1,-14,-9,0,10,sorry
2.466421365737915,8,-13,-13,-26,-19,-21,6,0,9,4,-3,-2,2,14,sorry
2.481945514678955,7,-9,-7,-24,-12,-10,3,0,8,4,6,1,5,8,sorry
2.481945514678955,-4,-12,-16,-36,-15,-4,3,0,9,2,3,1,4,0,sorry
2.497599601745605,0,-8,-4,-31,-4,-5,-5,-1,5,-2,0,2,4,-4,sorry
2.497599601745605,10,-1,5,-18,8,-4,-22,-4,-5,-6,2,6,3,-8,sorry
2.5128073692321777,9,0,-4,-23,2,-4,-23,-6,-11,-3,1,0,1,-8,sorry
2.5128073692321777,6,7,1,-28,-4,-5,-13,0,-8,-9,0,-1,2,-7,sorry
2.527967691421509,6,8,0,-13,0,-7,-5,1,-1,-13,7,9,0,-8,sorry
2.527967691421509,4,6,6,0,0,-4,-4,0,-3,-7,12,16,0,-7,sorry
2.5439798831939697,5,13,12,0,3,3,-3,0,-9,0,12,13,2,-5,sorry
2.5439798831939697,5,17,10,6,10,1,-6,0,-17,-6,15,8,2,-4,sorry
2.5600500106811523,-1,18,16,20,16,1,-13,0,-24,-14,17,9,-6,0,sorry
2.5600500106811523,3,24,7,39,23,14,-4,-1,-9,0,16,7,-4,5,sorry
2.575899362564087,17,22,13,47,26,20,12,0,9,12,4,0,0,9,sorry
2.575899362564087,1,0,10,28,14,12,18,3,6,1,-16,-12,-8,3,sorry
2.590784788131714,-27,-20,-17,0,-3,7,27,0,-2,-5,-28,-25,-22,-7,sorry
2.590784788131714,-31,-22,-12,-5,-9,15,44,0,6,0,-28,-32,-26,-14,sorry
2.606861114501953,-25,-22,-13,-2,-6,11,40,4,16,9,-27,-32,-16,-7,sorry
2.606861114501953,-22,-22,-13,-12,-10,-5,14,1,11,7,-21,-20,-3,3,sorry
2.622875690460205,-4,-12,2,-7,-16,-12,-3,0,8,5,-4,1,8,8,sorry
2.623540163040161,11,-7,3,3,-18,-19,-21,0,10,4,8,15,11,4,sorry
2.6375820636749268,14,-7,3,-11,-15,-21,-33,-4,7,0,9,17,9,8,sil
2.6375820636749268,14,2,-1,-15,-5,-5,-19,0,16,5,15,21,28,21,sil
2.653221368789673,14,8,1,0,-2,0,-11,1,25,17,18,22,39,18,sil
2.6679983139038086,15,1,8,-6,-9,-13,-26,-2,2,2,12,14,15,0,sil
2.6679983139038086,20,0,0,-17,-12,-15,-26,-5,-21,-16,10,11,1,0,sil
2.684685707092285,17,6,8,-11,-10,-5,-13,1,-27,-18,7,7,4,0,sil
2.684685707092285,2,5,0,-6,0,-2,-12,-2,-24,-19,2,-4,-4,-8,sil
2.6997721195220947,-4,11,-7,0,10,0,-11,-5,-15,-13,5,-3,-11,-5,sil
2.6997721195220947,0,21,1,9,15,8,5,5,0,1,5,2,-4,-10,sil
2.7153122425079346,0,13,-2,14,19,11,17,4,0,2,-3,-9,-10,-24,sil
2.7153122425079346,-6,5,2,22,18,12,9,-2,-10,-3,-5,-13,-25,-16,sil
2.7298905849456787,-9,6,1,27,9,18,9,0,-7,3,-3,-7,-20,0,sil
2.7298905849456787,-11,1,-2,19,12,18,21,2,-1,1,-8,-9,-10,-1,sil
2.7455971240997314,-6,1,5,23,23,16,29,4,2,0,-5,-2,-3,0,sil
2.7455971240997314,4,4,0,28,16,14,32,6,12,19,1,8,8,15,sil
2.761709928512573,-3,-7,0,3,-1,8,21,1,11,27,-4,2,10,18,sil
2.761709928512573,-21,-23,-12,-23,-12,-2,0,-4,0,12,-12,-10,-1,7,sil
2.7787892818450928,-14,-29,-20,-31,-16,-12,-9,-6,0,2,-9,-14,-2,3,sil
2.7787892818450928,-1,-18,0,-27,-16,-10,-10,-2,7,1,-11,-5,10,2,sil
2.7787892818450928,1,-3,0,-13,-9,-12,-11,0,13,-3,-9,6,18,0,sil
2.793483257293701,10,4,2,-9,-5,-19,-5,3,21,-2,9,16,17,7,sil
2.8086273670196533,9,0,0,-23,-11,-17,-1,3,20,0,16,17,12,9,sil
2.8086273670196533,-7,-4,-11,-29,-15,-14,-6,1,-5,-13,-3,0,-6,-13,sil
2.8237884044647217,-6,5,3,-13,-9,-8,-14,2,-25,-24,-10,-9,-20,-33,sil
2.8237884044647217,9,17,7,1,0,-6,-15,0,-9,-6,15,4,0,-14,sil
2.839893579483032,12,15,14,4,3,-5,-15,-4,-1,2,32,18,13,7,sil
2.839893579483032,7,7,17,5,7,4,-15,-4,-20,-13,16,5,-1,-1,sil
2.85509729385376,3,0,5,7,6,9,-17,-7,-27,-23,-5,-9,-13,-5,sil
2.85509729385376,0,0,5,8,0,9,-13,-4,-9,-7,-7,-2,-10,2,sil
2.870718002319336,0,0,-1,22,4,13,3,4,5,14,0,-1,-7,8,sil
2.870718002319336,0,-5,-4,28,8,7,14,8,1,14,-13,-13,-9,4,sil
2.886756658554077,-4,-6,-7,12,0,4,12,5,-1,5,-21,-18,-10,0,sil
2.886756658554077,-4,-6,-11,1,-1,17,25,1,9,15,-5,-13,-3,0,sil
2.902559280395508,-6,-6,-3,-1,2,23,40,0,23,20,0,-9,3,5,sil
2.902559280395508,-6,-10,-16,-9,-2,6,27,-1,24,9,-14,-12,4,5,sil
2.917642116546631,4,-8,-8,-12,-6,-10,0,-2,13,0,-8,0,8,1,sil
2.917642116546631,9,3,15,-8,0,-15,-7,-1,4,-6,11,13,17,0,sil
2.9328670501708984,9,12,9,0,3,-15,-7,0,0,-7,23,14,16,0,sil
2.9328670501708984,21,21,12,11,13,-10,-19,0,-6,1,32,21,15,7,sil
2.9489192962646484,17,22,9,18,19,-10,-29,0,-13,7,34,25,18,9,sil
2.9489192962646484,-8,11,0,16,9,-10,-23,1,-10,-1,17,6,4,0,sil
2.9644479751586914,-19,1,0,18,3,8,-4,4,0,0,-2,-6,-16,-5,sil
2.9644479751586914,-14,-7,-5,12,4,18,15,0,8,10,-17,-6,-16,0,sil
2.979968547821045,-14,-15,-3,-6,-3,7,25,0,6,1,-27,-9,-11,0,sil
2.979968547821045,-16,-16,-10,-17,-12,0,20,1,-3,-13,-29,-11,-15,-6,sil
2.995509624481201,-5,-7,-6,-13,-8,0,8,0,-4,-2,-16,0,-5,-2,sil
2.995509624481201,9,1,7,-7,-5,0,3,-2,5,14,2,17,11,7,sil
3.0115320682525635,9,-5,-4,-14,-9,-9,-6,-5,2,-1,8,12,6,1,sil
3.0115320682525635,3,-11,-3,-34,-13,-15,-29,-10,-18,-31,-2,-1,-7,-9,sil
3.0274548530578613,9,0,-1,-29,-7,-10,-31,-6,-22,-29,2,-1,0,-7,sil
3.0274548530578613,15,10,-3,-4,1,-6,-19,3,-6,-8,15,7,5,-1,sil
3.0436131954193115,5,13,8,9,3,2,-12,7,-1,-1,2,3,0,-8,sil
3.0436131954193115,-3,7,6,19,2,22,4,2,-9,0,-11,-7,-2,-7,sil
3.0591726303100586,-3,3,8,25,0,33,26,6,-3,7,-7,-14,-4,-1,sil
3.0591726303100586,-11,1,3,17,0,17,26,8,11,12,-7,-20,-14,-4,sil
3.0744311809539795,-23,-10,-12,0,0,0,16,0,13,3,-23,-27,-19,-8,sil
3.0744311809539795,-20,-17,-11,-11,-1,0,16,0,9,-2,-35,-27,-16,-6,sil
3.0904476642608643,-7,-12,-10,-11,-5,-6,14,0,14,1,-15,-10,-3,0,sil
3.0904476642608643,8,1,7,-4,-2,-19,-6,-5,10,7,25,22,19,11,sil
3.1054840087890625,20,15,11,-2,3,-17,-24,-5,1,9,47,38,32,19,sil
3.1054840087890625,13,9,0,-1,0,-16,-21,-2,-3,6,30,19,16,12,sil
3.1215033531188965,-5,-5,3,-2,-5,-12,-16,1,-12,-4,7,0,-3,-3,sil
3.1215033531188965,-14,-16,-10,-4,3,0,-12,5,-13,-5,-1,-14,-9,-9,sil
3.1368184089660645,-4,-8,-2,0,7,15,3,5,2,10,-3,-16,-6,1,sil
3.1368184089660645,13,5,12,15,5,18,22,0,19,29,0,2,5,20,sil
3.1527462005615234,25,9,7,19,14,4,27,-4,23,29,13,20,25,33,sil
3.1527462005615234,23,5,9,1,17,-4,14,0,18,13,23,28,30,22,sil
3.168869972229004,15,5,0,-1,4,-7,-1,-2,4,2,26,28,23,5,sil
3.168869972229004,6,13,2,9,1,-10,-14,-5,-17,-10,17,16,6,-3,sil
3.1845571994781494,-7,17,4,11,4,-7,-17,0,-32,-29,-6,-9,-17,-21,sil
3.1845571994781494,-21,-2,-9,2,-1,0,-13,-6,-32,-34,-37,-32,-33,-35,sil
3.1996123790740967,-26,-22,-8,-7,-8,13,-2,-4,-19,-19,-50,-32,-31,-24,sil
3.1996123790740967,-19,-16,-14,-10,-4,17,14,5,2,-1,-37,-22,-17,-4,sil
3.214895725250244,0,2,-3,-4,-4,6,20,7,22,6,-13,-1,0,7,sil
3.214895725250244,19,11,15,3,-7,-5,10,8,30,5,9,18,17,13,sil
3.230795621871948,23,9,4,0,-6,-13,-4,3,18,-6,13,14,13,1,sil
3.230795621871948,12,7,0,-10,-6,-15,-21,-5,-9,-23,1,0,-7,-17,sil
3.246918201446533,-1,3,0,-11,-4,-9,-22,-5,-29,-19,8,4,-18,-19,sil
3.246918201446533,-14,2,0,8,6,2,-8,6,-20,0,20,4,-11,-7,sil
3.2626867294311523,-15,3,8,29,16,18,2,8,4,19,18,0,3,6,sil
3.2626867294311523,-3,0,-1,25,8,21,14,-2,21,35,19,0,17,20,sil
3.2780606746673584,0,-5,-4,3,-7,13,21,-4,7,23,6,-7,7,12,sil
3.2780606746673584,-13,-21,-13,-10,-15,6,13,0,-12,-1,-22,-25,-9,-4,sil
3.2940926551818848,-15,-28,-12,-18,-13,0,2,-1,-7,-4,-29,-16,-4,-1,sil
3.2940926551818848,-3,-11,-2,-23,-8,-2,0,-2,6,4,-13,4,8,7,sil
3.309737205505371,-1,-1,-9,-23,0,-6,-10,-3,1,0,-8,0,0,3,sil
3.309737205505371,-7,-6,0,-24,0,-11,-20,-2,-7,-11,-12,-2,-11,-5,sil
3.325791597366333,0,-3,-2,-19,-2,-17,-17,-2,-1,-15,-1,11,1,-5,sil
3.325791597366333,18,7,2,-6,0,-19,-10,-1,3,-8,15,24,17,2,sil
3.341869354248047,30,19,26,5,8,-9,1,2,8,0,20,23,9,7,sil
3.341869354248047,15,19,16,14,15,1,12,7,13,4,13,11,-3,3,sil
3.357362031936645,-5,13,4,18,7,10,8,7,1,4,2,0,-7,-7,sil
3.357362031936645,-10,6,1,17,0,12,1,0,-12,0,-8,-17,-9,-7,sil
3.3725383281707764,-7,-3,-6,10,3,5,4,-5,-13,-9,-18,-31,-18,0,sil
3.3725383281707764,-12,-14,-5,2,-1,5,6,0,-9,-3,-22,-31,-22,-6,sil
3.388658285140991,-16,-18,-10,-2,-13,8,10,0,3,13,-18,-19,-7,-4,sil
3.388658285140991,-6,-18,-7,-13,-10,3,12,-3,19,12,-10,-6,9,12,sil
3.404671430587769,3,-14,-9,-19,-1,-2,6,0,17,-1,-2,2,13,15,sil
3.404671430587769,10,3,-3,0,1,-6,-3,4,13,0,8,12,18,4,sil
3.4198756217956543,23,32,25,25,7,-4,-3,8,21,13,28,32,30,8,sil
3.4198756217956543,24,30,11,21,11,-6,-1,3,17,14,43,40,30,17,sil
3.4355218410491943,8,6,-4,-6,1,-13,-17,-7,-8,-2,32,21,8,4,sil
3.4355218410491943,4,8,2,-8,-3,-11,-22,-9,-20,-10,18,11,-5,-11,sil
3.4509942531585693,17,23,8,17,11,0,-1,0,-13,-2,19,17,0,-8,sil
3.4509942531585693,11,15,8,21,20,8,8,4,-16,1,10,5,0,-3,sil
3.466904401779175,-5,0,-5,8,9,5,4,-6,-19,0,1,-13,-5,-7,sil
3.466904401779175,-7,-3,-4,9,0,2,0,-3,-11,0,1,-11,-5,-6,sil
3.482495069503784,-10,-8,-6,6,-3,8,-5,7,-7,-1,-13,-13,-6,-6,sil
3.482495069503784,-22,-19,-17,-6,-9,7,-6,2,-12,-6,-38,-31,-17,-9,sil
3.49759840965271,-16,-19,1,-8,-5,3,1,0,-8,-8,-32,-17,-14,-1,sil
3.49759840965271,-3,-16,2,-7,-2,3,8,2,2,0,-11,2,0,7,sil
3.5128307342529297,-11,-15,-5,-18,-11,0,3,-2,1,1,-14,-7,-6,0,sil
3.5128307342529297,-12,-6,0,-17,-13,-1,-1,-3,-2,-6,-14,-16,-11,-7,sil
3.5279653072357178,4,-1,-3,1,0,0,4,0,10,-1,7,6,5,0,sil
3.5279653072357178,6,-2,5,6,1,-1,6,1,23,12,14,20,16,6,sil
3.5436160564422607,-8,-2,1,-4,-7,-4,0,0,10,9,0,5,2,0,sil
3.559768915176392,-8,-1,-4,-14,-5,-2,0,0,1,-4,-9,-1,-10,-1,sil
3.559768915176392,3,0,7,-14,-1,-2,5,0,9,-11,-10,5,-5,8,sil
3.559768915176392,4,5,5,-11,-5,-9,-8,-4,2,-15,-8,1,0,5,sil
3.575891256332397,-3,3,2,-11,-7,-5,-22,-4,-12,-21,-8,-11,-5,-10,sil
3.590524673461914,-9,-7,-9,-7,-2,3,-8,0,2,-8,-3,-14,-2,-10,sil
3.590524673461914,-3,-6,-4,1,6,4,10,2,22,14,6,-5,12,2,sil
3.590524673461914,5,3,8,6,11,5,17,5,13,20,6,4,7,9,sil
3.605682849884033,7,7,-5,8,4,2,8,-2,-1,4,-4,-3,-12,1,sil
3.621782541275024,3,6,-5,2,1,0,-6,-9,-13,-11,-7,-11,-25,-14,sil
3.621782541275024,3,4,-6,0,6,2,-6,-1,-20,-9,5,0,-17,-15,sil
3.638558149337769,6,2,-4,3,0,1,1,6,-15,0,12,12,0,2,sil
3.638558149337769,11,5,13,10,-5,-3,1,5,-1,7,15,17,14,16,sil
3.638558149337769,14,9,6,17,7,0,2,1,6,19,26,15,21,16,sil
3.652667284011841,12,14,7,22,14,14,3,2,3,22,25,9,20,10,sil
3.669650077819824,8,15,9,21,4,8,1,1,0,5,13,6,14,9,sil
3.669650077819824,8,2,2,6,-5,-13,0,0,-2,-5,7,8,9,6,sil
3.669650077819824,3,-5,1,-9,-12,-15,-5,0,-11,-6,-4,4,3,-2,sil
3.684776544570923,-8,-3,-7,-8,-10,-3,-6,-3,-14,-9,-17,-3,-3,-7,sil
3.684776544570923,-15,-2,-1,-2,0,0,3,0,0,-9,-14,-2,-2,0,sil
3.698913812637329,-14,-5,-2,-8,3,3,11,4,15,2,-9,-6,3,0,sil
3.7159698009490967,-10,-5,-12,-11,-4,3,0,3,13,9,-11,-11,3,-7,sil
3.7159698009490967,-1,-3,1,2,-3,1,-5,1,6,14,0,0,6,-5,sil
3.730560779571533,1,0,0,13,9,6,5,0,14,24,9,3,9,0,sil
3.730560779571533,-2,0,0,1,10,6,6,0,16,13,0,-5,0,-2,sil
3.745683670043945,1,-1,0,-8,1,0,-6,1,6,-4,-5,-1,-7,-3,sil
3.745683670043945,7,-4,-7,-2,1,-4,-8,-3,3,-4,0,1,-4,3,sil
3.760886907577514,1,0,5,1,4,0,2,-2,7,-2,2,-2,-9,0,sil
3.760886907577514,-1,-4,3,-5,2,-2,2,-2,0,-12,5,-2,-10,-10,sil
3.776482343673706,-1,-11,-4,-12,-1,-10,-12,-5,-19,-20,1,-4,-8,-13,sil
3.776482343673706,-7,-6,-2,-6,0,-8,-16,-2,-24,-21,-9,-12,-9,-8,sil
3.7919304370880127,-3,0,1,0,5,-3,0,0,-15,-16,-8,-1,-3,3,sil
3.7919304370880127,2,0,8,0,-2,0,4,-3,-11,-11,1,12,0,9,sil
3.807485818862915,-2,-1,-7,-2,-17,-3,-8,-1,-8,-9,0,0,-7,1,sil
3.807485818862915,-7,0,-4,-6,-17,-6,-15,0,-6,-11,-6,-8,-7,-4,sil
3.822756290435791,-5,2,7,-10,-7,0,-7,1,-9,-8,-2,-1,1,0,sil
3.822756290435791,0,1,0,-8,0,4,5,2,-2,1,3,1,2,8,sil
3.838877201080322,7,9,13,4,4,6,8,5,2,7,6,10,-1,5,sil
3.838877201080322,9,10,11,13,0,8,1,0,-5,3,1,18,0,-2,sil
3.854030132293701,3,1,1,6,-4,0,0,-1,-4,2,-2,7,3,1,sil
3.854030132293701,4,3,2,1,0,1,11,5,13,14,7,11,9,12,sil
3.870006561279297,6,7,-8,13,3,11,13,3,20,17,12,17,11,5,sil
3.870006561279297,-1,0,-2,14,0,10,3,-4,5,4,-4,4,0,-12,sil
3.886054039001465,-7,0,-4,8,-4,5,3,-1,-4,0,-11,-10,-7,-10,sil
3.886054039001465,-3,-1,-12,5,-2,4,15,3,-3,4,-10,-20,-7,1,sil
3.901583671569824,0,-10,-5,0,4,5,13,2,7,10,-9,-27,-7,0,sil
3.901583671569824,0,-10,-1,3,10,2,3,0,18,22,0,-21,2,0,sil
3.9167890548706055,3,2,6,16,11,3,2,0,16,22,-2,-13,9,8,sil
3.9167890548706055,3,3,-3,11,9,0,4,-2,6,3,-11,-18,0,7,sil
3.931818246841431,1,-2,-10,-3,5,-4,-3,-7,-1,-15,-7,-16,-6,0,sil
3.931818246841431,0,-6,0,-11,1,-2,-8,-2,0,-11,0,0,0,1,sil
3.947815418243408,-8,-12,-9,-20,0,-7,-1,2,9,5,3,4,4,0,sil
3.947815418243408,-14,-7,-4,-22,-2,-12,0,3,10,9,0,4,6,0,sil
3.962804317474365,-4,4,2,-10,0,-6,0,0,6,2,6,12,14,2,sil
3.962804317474365,2,1,1,-9,0,-3,-2,-2,2,0,17,17,13,0,sil
3.978764295578003,1,-1,9,-11,-3,-4,-8,0,-5,-7,12,20,1,-6,sil
3.978764295578003,7,4,8,2,-4,-7,-5,-1,-13,-14,3,26,1,0,sil
3.993873357772827,13,5,11,5,-5,-12,-5,0,-12,-6,7,22,8,6,sil
3.993873357772827,11,0,3,0,-7,-11,-16,1,-6,0,21,18,7,0,sil
4.0174219608306885,8,2,-1,-1,-7,-9,-26,0,-1,-3,25,26,7,-1,sil
4.018421649932861,7,13,13,0,-6,-5,-22,0,1,-9,7,20,1,4,sil
4.018421649932861,1,11,1,1,-5,1,-9,0,0,-8,-9,-10,-12,0,sil
4.025506019592285,-4,0,-4,-4,-9,0,-12,-1,-19,-20,-12,-25,-23,-18,sil
4.0417773723602295,-10,-3,-6,-23,-9,-7,-19,1,-32,-32,-7,-15,-19,-24,sil
4.0417773723602295,-10,0,-8,-15,3,0,0,2,-21,-20,-3,-10,-18,-11,sil
4.056454420089722,-7,2,6,11,10,14,20,1,-14,-5,-5,-12,-20,-4,sil
4.056454420089722,-7,-1,-2,14,5,12,14,-2,-6,0,-12,-18,-4,0,sil
5.89970588684082,4,0,-1,-4,2,3,17,0,29,26,3,7,24,15,sorry
5.89970588684082,-11,-14,-15,-10,-3,0,4,-3,14,7,0,-4,8,0,sorry
5.89970588684082,-12,-12,-13,-12,-5,-5,-6,-7,3,-7,-8,-8,-5,-7,sorry
5.914773464202881,5,0,-2,0,0,-9,-8,-3,19,-5,-2,0,0,0,sorry
5.914773464202881,6,-2,-9,-1,-1,-10,-15,-2,16,-9,1,2,3,-1,sorry
5.930879592895508,-1,-6,0,-16,-8,-9,-13,0,-2,-18,5,0,0,-11,sorry
5.945441961288452,3,-1,-6,-20,-7,-16,-5,2,-1,-11,17,2,4,-13,sorry
5.945441961288452,12,1,-4,-17,-8,-20,-12,0,2,-8,17,3,11,-6,sorry
5.960594892501831,10,5,11,-17,-6,-16,-17,-1,-2,-18,0,5,3,-1,sorry
5.960594892501831,6,6,2,-13,-1,-13,-6,0,-3,-18,-9,1,-5,-7,sorry
5.976106643676758,5,7,0,0,0,-8,-7,3,-10,-9,-1,-1,-6,-7,sorry
5.976106643676758,9,18,5,16,6,-5,-8,0,-12,0,15,5,-1,4,sorry
5.991744995117188,15,27,16,27,15,-5,0,-3,-8,0,14,9,-5,3,sorry
5.991744995117188,13,24,22,33,17,1,1,0,-16,-5,3,6,-8,-1,sorry
6.007618427276611,5,13,8,30,14,3,-1,2,-22,-2,9,4,-3,3,sorry
6.007618427276611,1,7,9,17,2,-4,-4,4,-18,-3,6,1,-9,4,sorry
6.029764175415039,-5,1,0,9,-5,-1,-6,2,-18,-13,-17,-16,-20,-7,sorry
6.029764175415039,-12,-6,-8,11,3,7,4,-1,-15,-6,-18,-25,-15,-7,sorry
6.029764175415039,-6,-8,0,17,12,22,19,0,0,10,8,-3,0,2,sorry
6.0385658740997314,0,-9,-2,18,6,25,18,1,3,9,18,4,4,6,sorry
6.054446697235107,-6,-9,2,5,3,15,9,0,-3,2,-3,-8,-1,5,sorry
6.054446697235107,-3,0,0,1,5,12,9,-3,2,18,-8,-6,4,11,sorry
6.069943428039551,7,2,-6,4,-3,19,10,-3,21,35,8,8,20,25,sorry
6.069943428039551,-6,-7,-1,-11,-13,23,12,1,23,24,0,-1,15,23,sorry
6.085826873779297,-24,-18,-15,-29,-9,11,11,0,11,8,-23,-22,0,0,sorry
6.085826873779297,-9,-11,-13,-24,-5,0,0,-2,6,4,-9,-7,4,-12,sorry
6.102063417434692,-4,-14,-11,-31,-14,1,-12,-2,10,3,2,4,17,-10,sorry
6.102063417434692,-24,-29,-19,-49,-18,3,-5,0,12,-2,-17,-9,10,-10,sorry
6.11775016784668,-14,-18,-6,-37,-8,0,3,4,16,-2,-19,-6,1,-8,sorry
6.11775016784668,2,-3,-6,-21,-4,8,-2,1,16,-5,0,9,0,-3,sorry
6.132747173309326,-13,-14,-12,-37,-18,7,-19,-3,0,-21,-7,0,-14,-17,sorry
6.132747173309326,-21,-14,-10,-41,-21,-42,-21,0,-11,-27,-17,-9,-25,-31,sorry
6.148020505905151,8,10,4,-7,-4,-80,-14,0,-7,-21,0,8,-15,-14,sorry
6.148020505905151,25,25,21,17,10,-50,-9,2,-7,-14,10,21,-2,0,sorry
6.163495063781738,15,18,7,25,14,-17,-2,3,-1,2,12,11,0,1,sorry
6.163495063781738,16,20,16,32,18,-8,2,6,8,14,15,12,1,9,sorry
6.178968667984009,21,24,24,35,23,4,0,5,6,8,11,16,3,9,sorry
6.178968667984009,17,21,8,29,20,12,0,0,-4,0,8,3,1,5,sorry
6.194704294204712,24,23,17,37,19,13,2,0,-13,-7,16,4,0,11,sorry
6.194704294204712,29,27,13,58,26,22,7,-3,-13,-5,18,10,4,19,sorry
6.2108001708984375,14,17,8,51,18,22,9,-7,-7,3,3,-1,0,12,sorry
6.2108001708984375,-1,3,9,24,3,18,11,-2,-3,4,-5,-11,-6,0,sorry
6.225496768951416,-6,-7,-3,9,-1,20,12,-3,-10,0,-5,-10,-10,0,sorry
6.225496768951416,-9,-12,-1,2,-4,15,7,-5,-22,1,-9,-14,-13,-1,sorry
6.2408435344696045,-15,-15,-7,-3,-11,5,-1,-3,-17,4,-5,-12,-5,-8,sorry
6.2408435344696045,-15,-16,-14,-9,-17,2,-5,-1,-4,7,4,0,15,-2,sorry
6.256564617156982,-4,-11,-7,-15,-19,0,0,0,-3,12,7,7,22,13,sorry
6.256564617156982,0,-14,-8,-20,-19,-12,-1,1,-4,9,3,6,14,11,sorry
6.272728443145752,-15,-20,-7,-32,-18,-7,-3,4,9,4,-4,-2,6,-3,sorry
6.272728443145752,-24,-21,-18,-44,-9,9,11,5,27,6,-13,-17,2,-5,sorry
6.287756204605103,-15,-17,-15,-40,-4,6,20,8,30,2,-12,-15,5,0,sorry
6.287756204605103,-3,-13,-2,-23,-6,-7,2,7,28,-1,-7,1,13,2,sorry
6.303783416748047,0,-6,-6,-15,0,-11,-7,-2,27,-1,-1,10,7,0,sorry
6.303783416748047,0,0,-4,-24,-2,-10,-9,-5,14,-10,0,8,-3,-6,sorry
6.319838523864746,-11,-4,-13,-27,-17,-10,-17,-4,0,-19,-4,1,-10,-19,sorry
6.319838523864746,-10,1,-8,-14,-4,-8,-20,-7,-4,-19,-4,-3,-15,-21,sorry
6.335870742797852,11,21,10,7,19,-6,-14,-2,-14,-17,10,5,-7,-5,sorry
6.335870742797852,28,31,8,22,18,-8,-11,0,-20,-9,22,17,6,6,sorry
6.351905345916748,18,28,19,14,12,0,-12,-1,-21,-6,10,9,-3,0,sorry
6.351905345916748,3,17,15,17,17,4,-6,0,-22,-1,0,-5,-19,-12,sorry
6.366953372955322,4,7,7,40,15,3,6,3,-19,9,2,0,-13,-4,sorry
6.366953372955322,2,2,12,30,6,9,15,5,-10,11,0,6,-9,5,sorry
6.382685422897339,-5,-4,3,0,-1,14,13,6,-2,10,-15,-5,-11,3,sorry
6.382685422897339,0,-2,10,16,0,17,10,6,3,17,-15,-13,-5,3,sorry
6.398121118545532,3,3,8,41,7,17,18,0,8,19,-5,-9,-3,10,sorry
6.398121118545532,-1,-4,-9,15,2,4,20,-3,11,16,-2,-10,0,16,sorry
6.413697957992554,0,-13,-4,-11,-7,-6,5,0,15,16,-1,-11,13,13,sorry
6.413697957992554,0,-13,-8,-12,-9,-6,-6,-1,6,2,-6,-13,11,1,sorry
6.428846597671509,-6,-7,-4,-14,-8,-6,-9,-4,-8,-20,-14,-12,-1,-4,sorry
6.428846597671509,3,1,5,-4,-1,-6,-1,0,2,-13,3,7,13,3,sorry
6.444900989532471,9,1,-1,5,7,0,10,0,25,6,24,19,34,9,sil
6.444900989532471,0,-2,-4,-3,0,2,6,0,19,2,12,11,21,2,sil
6.459919691085815,0,1,-9,-7,-5,-8,-8,-7,2,-3,2,5,5,-2,sil
6.459919691085815,8,8,1,-5,0,-13,-10,-4,0,0,11,15,5,0,sil
6.475505352020264,6,4,1,-8,3,-1,-1,5,8,0,16,17,6,4,sil
6.475505352020264,-4,-9,-11,-17,-7,-6,-5,0,0,-14,5,1,-2,-2,sil
6.490722417831421,-13,-13,-3,-27,-14,-16,-8,-5,-19,-21,-2,-3,-15,-15,sil
6.506046772003174,-11,0,-4,-19,-4,-2,5,3,-19,-16,5,7,-15,-13,sil
6.507046699523926,-1,4,0,-6,-2,0,0,8,-9,-16,4,6,-11,-8,sil
6.507046699523926,0,0,7,-9,-9,-16,-22,1,-11,-17,-7,-7,-12,-10,sil
6.523719310760498,3,2,5,3,2,-3,-15,0,-6,0,0,0,0,-2,sil
6.523719310760498,1,6,10,20,12,21,3,2,-2,14,6,6,5,1,sil
6.536748647689819,-21,-7,-7,5,-5,12,-5,-2,-15,6,-17,-20,-12,-14,sil
6.553440809249878,-26,-9,-9,2,-10,3,-13,-4,-15,5,-30,-34,-23,-17,sil
6.553440809249878,0,9,9,28,9,16,5,2,2,20,-5,-5,-9,1,sil
6.568457126617432,8,8,0,23,10,18,23,1,9,19,-1,1,-3,11,sil
6.568457126617432,0,-6,-3,0,0,10,23,-1,1,3,-26,-14,-12,4,sil
6.58552098274231,0,-5,-2,8,1,6,14,-2,4,2,-24,-15,-10,1,sil
6.58552098274231,0,-1,-5,8,0,3,3,-1,9,2,-4,-7,0,6,sil
6.600737571716309,4,-6,-2,-10,-1,2,1,3,10,0,0,0,12,9,sil
6.600737571716309,19,-3,1,-7,3,-1,4,2,22,10,10,15,27,19,sil
6.600737571716309,25,8,15,0,9,-5,0,0,36,28,25,27,35,32,sil
6.615783452987671,21,7,5,-1,9,-3,1,2,29,22,32,29,33,21,sil
6.631796360015869,18,3,2,-6,5,-11,0,0,2,-2,32,28,19,1,sil
6.631796360015869,16,12,14,-5,-1,-17,-8,-3,-18,-22,23,20,3,-1,sil
6.6488025188446045,5,14,0,0,-5,-14,-11,-4,-22,-25,9,3,-3,-2,sil
6.6488025188446045,-11,6,-2,1,0,-2,-10,0,-21,-24,5,-6,-5,-15,sil
6.664423704147339,-25,0,-2,0,3,6,-3,-1,-21,-21,0,-14,-8,-19,sil
6.664423704147339,-23,-6,-7,5,0,7,3,-5,-20,-9,-14,-24,-14,-12,sil
6.679444313049316,-16,-9,-2,8,-5,3,3,1,-8,1,-26,-22,-16,-10,sil
6.679444313049316,-13,-12,-11,-5,-6,-4,-1,5,11,2,-24,-12,-12,-7,sil
6.679444313049316,-5,-11,-5,-23,-11,-12,-13,1,15,-1,-11,-4,-5,-2,sil
6.693632125854492,2,-5,-3,-24,-17,-13,-23,-5,-1,-4,3,0,-2,-6,sil
6.708738088607788,0,-2,-10,-15,-13,-11,-19,-9,-21,-18,-1,-1,-14,-19,sil
6.708738088607788,-7,0,1,-4,0,0,-2,0,-20,-23,-15,-5,-24,-23,sil
6.724142789840698,0,10,6,16,19,16,19,10,4,8,0,-2,-7,0,sil
6.724142789840698,8,17,12,32,25,28,32,6,26,39,11,1,12,24,sil
6.739793539047241,7,7,8,23,12,23,24,-2,27,33,-5,-2,12,24,sil
6.739793539047241,0,-6,-2,-1,-3,0,9,-2,20,19,-12,-3,7,15,sil
6.7560577392578125,2,-4,1,-16,-10,-10,1,8,17,11,3,11,10,8,sil
6.7560577392578125,15,3,-6,-12,-11,-9,-4,7,13,2,16,25,14,2,sil
6.771872043609619,14,4,-1,-7,-12,-14,-15,0,-2,-7,13,21,8,-1,sil
6.771872043609619,0,1,2,0,-4,-12,-18,0,-18,-8,8,10,-3,-7,sil
6.787442207336426,-7,0,-3,9,9,0,-7,-1,-24,-6,1,0,-16,-9,sil
6.787442207336426,-6,-4,0,14,12,10,7,-5,-29,-10,-9,-7,-14,-5,sil
6.802587032318115,-12,-15,-6,10,5,16,16,-6,-18,-4,-9,-11,0,2,sil
6.802587032318115,-11,-18,-2,3,-3,16,16,-3,7,8,-4,-11,8,14,sil
6.81808614730835,-1,-11,3,-1,-7,6,13,4,20,12,-4,-11,7,12,sil
6.81808614730835,2,-9,-8,-8,-4,-5,2,2,17,8,-3,-8,11,0,sil
6.834169149398804,-1,-11,0,-23,-6,-6,-13,-5,14,0,0,2,9,-7,sil
6.834169149398804,-3,-3,0,-22,-9,-9,-20,-4,9,-11,4,6,0,-6,sil
6.849864721298218,11,17,3,-6,0,-13,-13,2,1,-14,7,6,0,-7,sil
6.849864721298218,25,25,15,3,4,-11,-6,1,-3,-11,12,15,2,-2,sil
6.865418910980225,13,17,9,12,5,-9,-6,-5,-15,-16,14,16,-1,1,sil
6.865418910980225,2,16,11,23,11,0,-12,-5,-29,-22,6,0,-10,-5,sil
6.882091283798218,7,18,5,24,16,14,-4,0,-20,-10,3,-9,-7,-5,sil
6.882091283798218,7,14,1,21,16,11,3,3,-2,5,8,2,-1,10,sil
6.897855520248413,1,8,6,23,13,5,0,7,2,14,6,10,0,19,sil
6.897855520248413,-3,-3,-6,16,2,10,6,6,9,26,-2,-7,5,11,sil
6.913839817047119,-10,-16,-6,-3,-4,16,20,1,10,31,-12,-20,4,2,sil
6.913839817047119,-21,-21,-17,-19,-7,4,10,-6,-1,14,-24,-18,-10,-3,sil
6.929449081420898,-27,-26,-25,-29,-14,-12,0,-9,-8,-10,-38,-23,-23,-12,sil
6.929449081420898,-21,-23,-12,-38,-17,-9,13,1,7,-8,-34,-17,-12,-11,sil
6.944692373275757,0,-12,-7,-37,-12,-2,18,4,28,17,0,4,12,5,sil
6.944692373275757,11,0,4,-22,-9,-6,2,0,22,13,14,16,20,7,sil
6.959890604019165,3,4,2,-10,-3,-10,-2,0,0,-15,1,7,4,-15,sil
6.959890604019165,0,1,3,-12,-1,-15,-7,1,-8,-18,4,7,-1,-21,sil
6.974840402603149,12,10,22,-2,-6,-15,-20,4,1,-3,28,26,12,4,sil
6.974840402603149,15,23,14,18,-1,-4,-20,1,-1,-8,28,24,12,13,sil
6.990912199020386,0,12,6,13,3,-1,-20,0,-23,-30,5,0,-11,-12,sil
6.990912199020386,-10,2,0,7,1,-1,-21,1,-28,-32,-3,-14,-22,-22,sil
7.006519317626953,2,14,0,36,13,14,0,-2,-5,-4,3,0,-4,1,sil
7.006519317626953,13,17,15,51,24,28,21,-2,8,17,8,4,4,13,sil
7.0227367877960205,1,-5,0,22,7,11,12,0,2,15,0,-11,-3,7,sil
7.0227367877960205,-12,-20,-11,0,-2,0,3,3,2,12,-10,-20,-5,5,sil
7.038679838180542,-9,-15,-6,4,4,12,11,3,16,25,-3,-6,6,6,sil
7.038679838180542,0,-9,-3,6,2,16,14,-2,17,30,5,2,10,10,sil
7.054655313491821,9,-5,2,-3,-2,8,14,0,11,21,1,3,8,14,sil
7.054655313491821,6,-2,-13,-11,0,-2,10,1,18,10,-9,0,11,11,sil
7.070754528045654,0,0,-6,-13,-2,-11,0,-2,13,0,-14,0,7,5,sil
7.070754528045654,4,2,6,-11,-4,-9,-5,-5,0,-3,-2,7,0,2,sil
7.086286306381226,4,-1,-4,-23,0,-11,-9,-5,-6,-10,0,3,-5,-3,sil
7.086286306381226,-6,-9,-6,-41,-7,-14,-21,-7,-21,-30,-12,-1,-16,-18,sil
7.101990699768066,-10,-4,-7,-28,-13,-10,-15,-9,-35,-40,-11,-1,-20,-25,sil
7.101990699768066,-3,7,6,1,-11,-6,-3,-2,-31,-31,-1,2,-13,-18,sil
7.117603540420532,0,12,20,17,0,0,-1,2,-17,-10,1,2,-5,-4,sil
7.117603540420532,0,8,6,21,18,4,-1,2,-4,6,10,-1,4,4,sil
7.132959127426148,-7,2,0,15,12,6,0,7,0,8,5,-11,6,-2,sil
7.132959127426148,-16,-9,-7,8,-5,9,3,8,3,10,-8,-16,-4,-6,sil
7.148878812789917,-2,-10,0,12,0,15,11,3,14,25,-2,-4,0,11,sil
7.148878812789917,9,-2,7,6,4,10,12,0,21,27,4,6,14,22,sil
7.164027452468872,2,-5,-8,-12,-16,-8,4,-1,14,5,-1,4,10,8,sil
7.164027452468872,2,-4,-3,-20,-21,-17,0,1,9,-4,6,6,9,0,sil
7.18002200126648,9,6,0,-13,-1,-10,-1,4,13,3,25,15,21,3,sil
7.18002200126648,11,11,0,-9,2,-3,-4,0,13,5,28,20,21,10,sil
7.195103168487549,17,15,4,-1,2,-5,-5,1,3,-4,26,21,12,10,sil
7.195103168487549,16,17,4,12,12,-7,-6,3,-5,-7,21,16,3,1,sil
7.210723638534546,10,14,12,18,16,0,-10,1,-1,-1,8,13,-8,-6,sil
7.210723638534546,10,13,1,20,16,8,-3,-5,7,2,-1,1,-13,-2,sil
7.225866556167602,0,9,-6,16,12,1,0,-7,-1,-6,-16,-17,-18,-6,sil
7.225967168807983,-21,-6,-2,5,1,0,-6,1,-19,-17,-34,-28,-30,-23,sil
7.24192476272583,-26,-22,-9,-2,0,7,0,1,-19,-13,-35,-33,-32,-25,sil
7.24192476272583,-19,-14,0,-4,3,17,16,-2,-10,-7,-27,-30,-19,-10,sil
7.257499933242798,-18,-5,-3,-3,3,16,23,0,-6,-1,-22,-19,0,0,sil
7.257499933242798,-16,-12,-9,-2,-2,7,17,0,-3,4,-18,-13,4,0,sil
7.272742986679077,-9,-14,0,-3,-3,7,7,0,1,4,-14,-12,-3,-1,sil
7.272742986679077,-3,-5,-1,-3,-4,7,3,1,4,7,-8,-6,0,5,sil
7.288322925567627,2,-2,7,-3,-14,-3,4,1,8,14,7,9,14,14,sil
7.288322925567627,13,0,8,1,-19,-7,5,-2,14,18,25,26,19,23,sil
7.303913354873657,14,2,2,2,-11,0,2,-2,12,19,16,24,13,27,sil
7.303913354873657,4,-4,7,-7,-8,1,-6,-1,0,9,-5,2,-1,4,sil
7.319422960281372,0,-12,-5,-12,-10,-10,-13,-3,-2,-4,0,-3,-3,-11,sil
7.319422960281372,7,-8,-3,-12,-9,-17,-17,-1,3,-4,20,12,15,4,sil
7.33546781539917,10,-4,-1,-13,-2,-17,-20,-1,6,2,16,18,22,10,sil
7.33546781539917,7,0,-14,-10,2,-15,-17,-3,-1,-3,11,13,9,-4,sil
7.350991725921631,1,6,-7,-15,0,-10,-10,1,-11,-15,14,11,2,-10,sil
7.350991725921631,0,5,-6,-21,-5,-8,-7,5,-9,-14,12,3,0,-11,sil
7.366873025894165,8,13,1,-1,9,-12,-8,6,-5,-15,11,6,-4,-12,sil
7.366873025894165,7,27,12,19,21,-10,-6,5,-6,-12,15,21,0,-5,sil
7.382997989654541,-1,19,6,7,13,-3,-7,0,-5,-10,6,13,0,-9,sil
7.382997989654541,-2,9,10,5,8,6,-2,2,-7,-16,-6,0,-9,-16,sil
7.397799253463745,-1,13,2,33,13,17,14,2,-7,-12,-9,0,-16,-6,sil
7.397799253463745,-4,9,2,34,13,23,23,0,-4,3,-15,-6,-15,5,sil
7.413432598114014,-2,0,10,18,13,24,20,5,3,12,-12,-16,-1,7,sil
7.413432598114014,0,-2,3,20,11,16,17,4,12,17,-1,-19,10,9,sil
7.429809808731079,0,-2,6,21,0,8,12,-3,14,25,-2,-15,4,10,sil
7.429809808731079,2,-4,-3,11,-2,10,9,-3,15,25,0,-10,3,12,sil
7.44442892074585,7,-8,-7,7,1,7,10,-1,17,15,1,-18,6,14,sil
7.44442892074585,0,-11,-1,1,0,-1,7,-5,10,5,-10,-29,-6,8,sil
7.460542917251587,-18,-19,-12,-19,-14,-9,-6,-7,-1,-4,-21,-23,-13,0,sil
7.460542917251587,-23,-23,-10,-37,-30,-11,-16,-1,-13,-19,-20,-13,-12,-13,sil
7.4778406620025635,-11,-15,-6,-27,-21,-4,-6,0,-18,-18,-15,-8,-17,-19,sil
7.4778406620025635,0,0,2,-10,-3,0,0,-2,-13,0,-4,4,-10,-7,sil
7.492781400680542,5,0,7,-10,-4,-3,-5,0,-4,6,0,16,3,7,sil
7.492781400680542,0,-8,-6,-12,-8,-5,-4,-1,-1,-1,-3,10,5,7,sil
7.507554292678833,-6,-5,-2,-17,-2,3,2,-3,-6,-4,0,12,1,0,sil
7.507554292678833,-2,0,-3,-17,3,14,5,-2,-1,6,9,17,7,0,sil
7.521644115447998,6,0,-2,-4,4,4,-3,-1,3,11,10,10,9,1,sil
7.538149118423462,5,0,5,-1,0,-13,-14,-2,4,3,2,0,5,-4,sil
7.538149118423462,1,0,-6,-7,-1,-18,-7,-1,7,2,2,0,7,-2,sil
7.538149118423462,9,3,1,-1,1,-1,12,10,18,9,12,11,15,10,sil
7.552993297576904,13,10,3,1,5,5,14,15,22,4,15,13,16,7,sil
7.568414926528931,0,5,-5,-3,5,-6,-1,5,9,-13,3,3,6,-10,sil
7.568414926528931,-3,11,3,3,2,-14,-10,0,0,-19,3,4,-3,-10,sil
7.583661317825317,5,22,5,15,-2,-10,-4,0,0,-13,15,6,-4,0,sil
7.583661317825317,9,15,9,15,0,-3,0,1,-2,-7,14,6,0,0,sil
7.598882675170898,0,13,6,23,17,2,0,5,2,6,13,12,4,0,sil
7.598882675170898,3,18,9,38,21,3,-2,0,5,15,14,16,5,10,sil
7.614563226699829,11,6,14,24,1,0,-16,-7,-17,-4,0,6,-2,6,sil
7.614563226699829,0,-14,-9,0,-15,-5,-19,-10,-32,-23,-17,-8,-14,-5,sil
7.629735708236694,-12,-11,-9,-4,-8,-2,-6,-4,-17,-12,-12,-13,-13,-5,sil
7.629735708236694,-6,-1,5,7,6,5,4,2,-1,7,1,-5,0,1,sil
7.64496374130249,7,-4,3,9,3,4,8,4,2,13,5,-2,3,6,sil
7.64496374130249,3,-5,1,-7,-12,-1,3,6,-1,1,0,-3,0,0,sil
7.660515069961548,-10,-8,-14,-15,-12,0,-3,0,-15,-8,-5,-9,-2,-4,sil
7.660515069961548,-10,-9,-6,-8,0,8,0,-3,-16,-8,-11,-13,-11,-3,sil
7.675794839859009,-5,-3,2,-4,5,13,10,0,-5,-7,-21,-16,-19,-7,sil
7.675794839859009,-13,-4,-10,-2,2,7,12,-4,-2,-5,-21,-19,-11,-8,sil
7.691877841949463,-14,0,1,5,2,9,11,-5,1,8,-6,-10,-4,-3,sil
7.691877841949463,-1,5,5,13,6,15,19,0,15,21,0,-1,-7,0,sil
7.707130670547485,5,0,2,9,6,11,20,2,15,14,-8,-2,-1,0,sil
7.707130670547485,6,-2,2,-6,6,5,13,0,11,12,-7,-1,13,4,sil
7.722882986068726,4,-5,-2,-27,1,1,3,-1,16,16,1,1,17,7,sil
7.722882986068726,0,-16,0,-25,-7,0,-4,-1,10,7,0,-1,6,4,sil
7.739972352981567,1,-15,-7,-2,-5,-6,-2,0,2,0,0,1,7,2,sil
7.740971326828003,7,0,-3,5,0,-9,0,3,8,4,15,11,16,8,sil
7.753860950469971,8,13,12,1,-3,-2,-3,1,17,6,20,8,13,15,sil
7.753860950469971,3,8,6,-11,-10,-4,-12,-4,9,-1,0,-6,0,1,sil
7.769968032836914,-10,-10,-1,-29,-12,-17,-21,-3,-7,-22,-21,-15,-17,-19,sil
7.769968032836914,-16,-17,-15,-26,-11,-11,-13,4,-6,-23,-15,-10,-13,-14,sil
7.785507678985596,-1,1,-10,-2,-5,-1,0,7,7,-3,2,1,0,1,sil
7.785507678985596,2,10,2,4,1,-8,0,1,1,1,4,10,0,0,sil
7.800899028778076,-3,0,-7,0,6,-11,-4,-6,-10,0,5,15,0,0,sorry
7.800899028778076,2,3,0,0,2,0,0,-3,-3,1,11,19,7,3,sorry
7.8164222240448,9,8,2,6,0,-1,0,2,8,2,13,20,11,-2,sorry
7.8164222240448,13,12,3,11,7,-10,-5,5,10,3,18,25,14,-2,sorry
7.831950664520264,17,30,13,20,12,-7,-7,5,6,1,26,30,13,5,sorry
7.831950664520264,9,27,7,25,7,-4,-10,-1,-12,-3,20,15,-2,1,sorry
7.847874402999878,-2,5,8,15,7,0,-16,-7,-48,-16,3,-4,-19,-12,sorry
7.847874402999878,-9,0,1,15,7,7,-18,-9,-65,-45,-6,-18,-19,-18,sorry
7.862839937210083,-10,-3,-3,26,2,10,-9,-9,-48,-39,-12,-22,-15,-7,sorry
7.862839937210083,-2,-6,15,22,2,18,11,2,-10,14,-8,-14,-3,11,sorry
7.878042936325073,7,-5,8,9,3,22,28,11,26,36,-6,-8,14,22,sorry
7.878042936325073,8,-8,-4,0,0,17,28,4,34,19,-17,-13,10,14,sorry
7.893923282623291,0,-14,-13,-8,-1,11,23,0,27,24,-18,-13,0,9,sorry
7.893923282623291,-7,-16,-12,-22,-7,0,16,1,33,27,-7,-3,7,14,sorry
7.909550666809082,-10,-16,-2,-31,-15,-12,1,2,28,0,-6,-2,9,3,sorry
7.909550666809082,-8,-14,-12,-29,-17,-18,-7,-2,-2,-18,-7,-9,-3,-17,sorry
7.925915002822876,-2,0,2,-17,-8,-12,-7,0,-26,-16,2,-2,-13,-18,sorry
7.925915002822876,2,14,15,0,7,-2,-3,4,-9,-8,11,9,-9,-9,sorry
7.940482139587402,2,13,3,9,9,0,-6,-1,9,-7,7,9,-6,-15,sorry
7.940482139587402,0,10,12,11,-3,1,-13,-5,-5,-9,0,5,-6,-17,sorry
7.957397222518921,0,10,5,14,2,11,-6,0,-17,-1,0,3,-4,0,sorry
7.957397222518921,-5,0,-5,18,17,19,12,5,3,8,-1,0,-6,11,sorry
7.973440408706665,-10,-14,-10,10,6,13,20,1,27,28,-7,-11,-6,6,sorry
7.974441289901733,-6,-10,-11,-3,-10,-5,10,-3,25,37,-8,-18,0,11,sorry
7.9875712394714355,8,0,2,-6,-7,-8,6,-1,19,19,0,0,12,22,sorry
7.9875712394714355,16,-4,2,-2,3,0,13,0,19,14,9,14,22,24,sorry
8.003184795379639,2,-13,-7,-20,2,-3,7,-2,0,10,2,3,16,5,sorry
8.003184795379639,-12,-9,-15,-36,-5,-11,-7,-2,-11,-19,-6,-8,3,-17,sorry
8.018798589706421,-4,0,-15,-24,-9,-9,-14,0,0,-13,0,-5,1,-17,sorry
8.019800186157227,0,3,0,-10,-6,-3,-12,4,1,-2,8,0,2,-3,sorry
8.044817924499512,-4,-1,-6,-10,-1,-8,-10,3,-5,-41,2,0,4,0,sorry
8.045817613601685,-2,-2,-2,-12,-3,-16,-13,5,0,-33,-2,6,3,0,sorry
8.045817613601685,1,4,10,-8,-8,-11,-21,2,-2,24,-1,10,-9,-8,sorry
8.050902605056763,2,11,2,0,0,-7,-19,-8,-18,12,2,7,-16,-17,sorry
8.065086603164673,4,15,10,20,17,-2,-7,-11,-32,-23,6,6,-10,-14,sorry
8.0807204246521,6,13,13,24,12,1,-4,-8,-39,-8,4,7,-8,-4,sorry
8.0807204246521,9,10,14,10,0,0,-13,-4,-37,-15,6,15,-3,0,sorry
8.09619665145874,15,16,19,19,4,1,-4,6,-23,-39,14,24,9,5,sorry
8.09619665145874,15,18,10,41,12,7,10,9,-6,-14,11,9,9,9,sorry
8.111966848373413,10,11,17,24,1,7,0,4,-3,0,-5,-7,-6,2,sorry
8.111966848373413,-1,2,0,10,0,19,1,2,-1,-6,-14,-15,-8,-2,sorry
8.127472400665283,-14,-9,-15,29,13,33,33,5,14,17,-7,-18,1,2,sorry
8.127472400665283,-11,-14,-3,32,16,26,47,8,38,44,-4,-14,5,11,sorry
8.144649505615234,-5,-13,-12,9,6,13,31,0,43,36,-9,-13,3,13,sorry
8.144649505615234,-14,-17,-14,-9,-6,16,18,-10,30,23,-12,-22,0,8,sorry
8.159599304199219,-21,-25,-18,-24,-13,8,13,-5,26,23,-8,-21,-2,2,sorry
8.159599304199219,-11,-19,-15,-46,-16,-14,0,0,21,14,-8,-11,-1,0,sorry
8.175736427307129,0,-5,10,-51,-18,-19,-12,-1,9,0,-5,-4,-2,-3,sorry
8.175736427307129,5,-5,4,-21,-12,-17,-12,-1,1,-5,8,10,0,-2,sorry
8.175736427307129,8,-4,-7,1,-8,-22,-13,4,0,2,15,30,13,9,sorry
8.189817428588867,10,4,-1,-9,-12,-21,-15,5,-1,8,10,26,17,10,sorry
8.205877542495728,9,9,5,-12,-9,-17,-10,-1,-6,-6,5,6,4,-1,sorry
8.205877542495728,7,10,9,0,-1,-11,-16,-2,-10,-21,3,5,0,-4,sorry
8.22193193435669,2,7,1,-8,0,-6,-18,0,-4,-9,5,16,6,0,sorry
8.22193193435669,-5,1,0,-19,1,-8,-14,0,-9,-8,3,7,-1,-9,sorry
8.237486124038696,-7,5,-4,0,9,-6,-16,-4,-24,-26,-2,-8,-16,-18,sorry
8.237486124038696,1,13,0,21,14,5,-10,-6,-17,-20,0,-6,-15,-16,sorry
8.253428936004639,4,15,13,17,11,14,7,1,-1,1,8,5,-1,-7,sorry
8.253428936004639,4,12,3,18,9,11,12,4,0,6,12,4,10,4,sorry
8.268802881240845,9,8,3,24,12,12,7,2,-3,-1,8,0,6,7,sorry
8.268802881240845,0,-5,0,8,8,12,11,0,-11,-4,2,-2,-6,-1,sorry
8.284339189529419,-17,-16,-10,-7,-5,0,7,-1,-32,-17,-17,-17,-22,-14,sorry
8.284339189529419,-15,-9,-1,3,-3,3,3,0,-39,-25,-39,-27,-29,-14,sorry
8.299943447113037,-4,-2,-6,18,8,18,20,6,-3,0,-29,-21,-10,2,sorry
8.299943447113037,0,-5,-3,6,4,18,29,8,34,27,-9,-10,8,19,sorry
8.315475940704346,-1,-9,1,-13,-4,8,10,0,33,18,-11,-8,2,15,sil
8.315475940704346,-2,-11,-9,-19,-6,-4,-12,-5,15,7,-6,-5,5,8,sil
8.330909252166748,7,-9,4,-11,-9,-11,-15,2,14,15,13,10,22,10,sil
8.330909252166748,11,-5,5,-9,-10,-13,-9,2,18,9,16,16,17,9,sil
8.346601963043213,1,4,3,-12,-9,-18,-11,-6,6,-3,1,9,1,0,sil
8.346601963043213,11,18,13,1,-2,-13,-5,-7,1,2,8,17,5,-4,sil
8.361770391464233,21,18,9,13,8,-6,3,-1,7,10,27,25,10,0,sil
8.361770391464233,1,9,2,2,9,-4,0,2,-2,-2,23,13,2,0,sil
8.377629280090332,-10,6,-9,9,4,2,-5,1,-17,-10,12,0,-3,-7,sil
8.377629280090332,-3,7,-1,25,9,12,1,1,-12,-1,9,0,-3,-7,sil
8.392871618270874,-6,3,10,19,13,24,15,6,-2,10,8,1,0,5,sil
8.392871618270874,-12,-11,-6,5,1,25,22,0,6,18,-1,-6,6,10,sil
8.408478260040283,-10,-22,-5,-11,-9,4,10,-5,18,17,-15,-11,0,0,sil
8.408478260040283,-8,-16,-8,-20,-5,-11,0,-2,19,10,-13,-7,-1,-9,sil
8.423542499542236,-7,-7,-11,-12,-4,-13,-2,-3,4,-7,-8,-6,2,-13,sil
8.423542499542236,-7,-8,-5,-16,-14,-15,-14,-6,-6,-21,-11,-6,-7,-9,sil
8.43957257270813,-5,-5,-12,-26,-18,-22,-27,-9,-18,-25,-10,-2,-17,-6,sil
8.43957257270813,9,7,2,-14,-12,-22,-31,-7,-35,-34,-9,2,-14,-11,sil
8.454799175262451,16,12,10,-2,-4,-14,-24,0,-33,-32,-4,2,-9,-12,sil
8.454799175262451,12,8,2,-2,1,0,-4,5,-7,-8,8,5,-6,2,sil
8.4704749584198,14,14,12,9,5,17,14,13,14,8,12,8,4,15,sil
8.4704749584198,12,11,10,19,5,14,19,14,23,12,5,0,6,11,sil
8.485519647598267,0,0,4,9,5,8,15,11,12,10,0,-6,-6,5,sil
8.485519647598267,-1,1,-3,13,9,9,11,2,0,9,0,0,-3,9,sil
8.502480506896973,5,5,0,26,17,10,12,-1,1,15,2,4,12,19,sil
8.502480506896973,4,-2,12,19,16,11,17,1,3,17,0,0,12,14,sil
8.517238855361938,-5,-13,-5,1,4,9,16,-1,1,8,-9,-8,1,0,sil
8.517238855361938,-18,-17,-12,-11,-8,2,4,-6,2,-3,-18,-15,-3,-6,sil
8.533839225769043,-20,-15,-9,-15,-16,-6,-8,-8,6,-4,-15,-8,0,-7,sil
8.533839225769043,0,-1,-4,-6,-12,-17,-14,-9,10,5,4,9,12,-5,sil
8.54712176322937,13,13,13,0,3,-13,-15,0,1,6,20,18,13,-4,sil
8.564870595932007,1,13,3,0,10,-7,-18,1,-18,-11,11,2,-6,-15,sil
8.564870595932007,-6,9,0,0,5,-9,-23,0,-30,-21,3,-3,-15,-24,sil
8.564870595932007,-5,12,4,0,6,-1,-7,0,-24,-8,10,3,-2,-8,sil
8.579483032226562,-7,8,0,7,12,17,16,0,-10,1,6,-5,0,3,sil
8.579483032226562,-7,-4,0,4,6,27,20,1,4,4,-12,-16,-9,0,sil
8.593856573104858,0,-13,-7,-4,-1,19,18,4,18,15,-17,-12,-1,8,sil
8.593856573104858,7,-13,-5,-6,-4,3,17,3,21,19,-8,0,13,27,sil
8.610227346420288,8,-12,0,-5,-8,-1,10,0,20,10,-5,5,10,17,sil
8.624325275421143,1,-14,-4,-14,-13,-4,3,-3,11,2,-6,0,0,-2,sil
8.624325275421143,0,-11,0,-21,-13,-16,-5,-2,-9,-2,0,2,5,0,sil
8.642675876617432,4,-1,-5,-11,-11,-26,-20,-6,-19,-8,14,20,12,9,sil
8.642675876617432,15,9,1,-1,-6,-20,-23,-5,-11,-17,23,26,0,2,sil
8.656728982925415,13,11,11,1,0,-9,-13,5,-1,-22,15,9,-7,-9,sil
8.656728982925415,-3,5,-3,0,0,-4,-4,8,8,-11,5,-3,-3,-14,sil
8.671557188034058,-5,10,2,9,3,2,1,4,22,0,10,1,-3,-13,sil
8.671557188034058,5,16,5,19,8,4,10,0,27,4,13,7,-3,-4,sil
8.686846256256104,0,8,0,7,5,-1,8,0,10,-5,-4,-1,-8,-4,sil
8.686846256256104,-11,5,2,0,3,0,-4,0,-9,-10,-14,-11,-13,-16,sil
8.702585458755493,-4,5,2,17,6,4,-8,-5,-11,3,-1,-8,-5,-7,sil
8.702585458755493,0,-4,7,10,3,5,1,0,-6,12,-3,-2,0,10,sil
8.717608213424683,-5,-13,-3,-9,2,11,7,6,-11,6,-15,-9,-7,4,sil
8.717608213424683,-7,-4,-9,0,4,16,5,0,-20,1,-16,-18,-10,-4,sil
8.732770919799805,-7,0,0,16,1,15,7,-3,-19,8,-13,-11,-7,1,sil
8.732770919799805,-14,-13,-7,0,-2,11,8,0,-6,13,-13,-10,-2,6,sil
8.748760461807251,-15,-17,-6,-18,-5,10,0,-3,0,9,-11,-13,0,3,sil
8.748760461807251,0,-3,-5,-4,-3,8,0,-6,4,6,-5,-5,4,7,sil
8.76475715637207,14,1,3,15,0,0,3,0,12,13,0,11,16,15,sil
8.76475715637207,19,-1,18,11,1,-4,4,2,19,18,9,18,28,21,sil
8.779852867126465,13,-2,3,0,0,-7,-2,0,11,2,8,10,26,17,sil
8.779852867126465,6,0,-2,-8,-3,-16,-13,0,-2,-16,2,6,12,4,sil
8.795826196670532,6,-1,-3,-14,-10,-19,-14,-1,0,-9,7,8,8,-1,sil
8.795826196670532,7,-1,-1,-14,-6,-11,-10,-5,4,-1,19,8,12,4,sil
8.810721158981323,2,7,5,-9,0,-3,-5,2,-4,-14,18,8,2,0,sil
8.810721158981323,0,16,-4,-3,0,-11,0,4,-5,-18,11,8,-13,-17,sil
8.825882911682129,0,14,0,-4,0,-14,-2,3,-4,-14,8,3,-16,-25,sil
8.825882911682129,-3,4,3,-11,0,-4,-4,3,-9,-15,9,1,-6,-18,sil
8.841969966888428,0,6,-3,-5,3,0,3,-2,-9,-11,10,2,-7,-10,sil
8.841969966888428,5,19,8,10,9,2,8,1,-4,-3,3,2,-16,-10,sil
8.857621192932129,0,13,1,15,11,11,11,7,2,1,0,0,-8,-7,sil
8.857621192932129,-4,-2,0,12,10,15,11,3,3,4,-5,-3,-1,2,sil
8.872800588607788,-7,-4,3,19,6,15,5,0,-1,3,-16,-11,-7,2,sil
8.872800588607788,-10,-5,-8,19,1,16,10,3,2,4,-27,-22,-12,-3,sil
8.888260126113892,-11,-12,-3,1,1,13,13,0,5,6,-27,-19,-14,1,sil
8.888260126113892,-15,-21,-12,-15,-3,0,0,-11,-10,0,-26,-20,-17,2,sil
8.903900384902954,-27,-32,-20,-24,-15,-7,-5,-10,-16,-5,-37,-27,-17,-8,sil
8.903900384902954,-26,-31,-11,-23,-10,-3,1,-3,2,3,-33,-18,-6,-9,sil
8.919412612915039,-7,-13,-4,-15,0,-2,-5,-7,17,13,-6,0,8,3,sil
8.919412612915039,14,4,10,-7,-5,-4,-10,0,19,17,23,17,24,19,sil
8.935449123382568,26,7,7,2,-11,-8,0,10,23,23,44,31,37,29,sil
8.935449123382568,21,2,6,1,-15,-17,-4,5,10,11,36,26,29,17,sil
8.951974868774414,14,10,12,0,-10,-13,-15,0,-6,-7,12,17,9,-5,sil
8.951974868774414,21,27,9,13,6,-4,-11,0,-5,-7,18,20,8,0,sil
8.967999458312988,23,26,17,21,8,-3,-13,-1,-4,-3,30,23,11,11,sil
8.967999458312988,15,17,13,20,3,0,-14,-2,-8,-1,23,18,3,5,sil
8.98401141166687,18,28,12,32,18,12,0,2,0,8,21,17,3,3,sil
8.98401141166687,19,28,16,37,25,19,9,4,7,15,20,8,8,10,sil
8.999541521072388,-7,-5,-8,14,5,15,12,-3,-1,4,-8,-18,-4,0,sil
8.999541521072388,-34,-31,-16,-16,-7,13,11,-2,-12,-7,-43,-39,-24,-17,sil
9.015473127365112,-30,-27,-24,-28,-2,9,13,0,2,-4,-41,-36,-19,-13,sil
9.015473127365112,-17,-24,-23,-27,-1,4,22,2,25,5,-19,-17,0,3,sil
9.031496286392212,-14,-23,-8,-29,-8,4,20,5,19,4,-13,-4,3,0,sil
9.031496286392212,-9,-16,-9,-35,-10,-12,-6,-2,-4,-14,-12,0,-6,-15,sil
9.046736240386965,0,-1,-4,-29,-10,-30,-30,-7,-22,-38,0,6,-12,-16,sil
9.046736240386965,-3,8,-3,-12,-6,-17,-21,-1,-28,-43,4,-1,-15,-17,sil
9.062166690826416,-5,13,-4,5,5,-1,-3,0,-26,-31,-1,-13,-20,-21,sil
9.062166690826416,2,18,12,22,17,4,5,0,-15,-14,-3,-1,-10,-6,sil
9.077699184417725,4,11,9,27,18,6,13,3,-4,1,-8,1,0,7,sil
9.077699184417725,0,0,8,16,9,5,14,6,0,18,-12,-15,0,4,sil
9.09284281730652,0,-6,1,10,0,5,9,1,5,31,0,-15,6,7,sil
9.09284281730652,4,-8,-4,3,-9,0,2,-5,15,28,2,1,18,15,sil
9.10892391204834,11,-5,6,-6,-9,-6,-5,-2,17,13,0,20,18,12,sil
9.10892391204834,18,4,7,0,-2,-3,-10,0,8,0,22,36,19,10,sil
9.124493837356567,23,15,11,4,1,-2,-9,0,1,0,40,43,19,15,sil
9.124493837356567,19,20,9,0,1,-9,-12,3,2,7,29,37,9,6,sil
9.139938354492188,3,15,0,0,-2,-11,-20,0,-8,-2,9,21,-4,-12,sil
9.139938354492188,-9,4,5,2,-5,-1,-15,-1,-28,-21,-3,-4,-23,-21,sil
9.155629634857178,-11,-3,-1,10,0,7,7,0,-15,-1,-10,-27,-25,-7,sil
9.155629634857178,-8,-4,0,15,4,10,18,6,11,28,-7,-25,-8,7,sil
9.170863389968872,-7,-6,-2,8,0,10,12,2,21,27,0,-19,5,6,sil
9.170863389968872,-14,-17,-16,-2,-6,9,7,-2,15,14,-1,-31,1,6,sil
9.186523914337158,-25,-23,-11,-11,-8,14,8,0,12,8,-15,-35,-3,7,sil
9.186523914337158,-16,-20,-15,-15,-7,9,5,-2,14,1,-14,-24,2,0,sil
9.203165292739868,1,-11,-7,-16,-6,-3,-2,-5,8,-6,-12,-12,0,-4,sil
9.203165292739868,1,-4,1,-16,-3,-3,0,-1,0,-13,-19,1,-5,-3,sil
9.217444896697998,1,-5,-3,-17,-1,0,9,-1,2,-15,-10,17,7,3,sil
9.217444896697998,9,-2,8,-11,2,-8,3,0,3,-12,5,22,19,5,sil
9.233847856521606,6,6,3,0,9,-18,-3,1,0,-5,3,15,8,-2,sil
9.233847856521606,3,8,-2,0,6,-12,-9,1,5,-4,-1,16,5,-4,sil
9.248899221420288,12,9,7,-8,0,-1,-14,2,10,-6,10,23,18,4,sil
9.248899221420288,20,20,6,4,8,0,-8,0,-1,-1,19,21,11,6,sil
9.263458967208862,14,27,7,20,16,0,-1,-3,-21,-5,9,12,-12,-9,sil
9.278668403625488,2,15,0,16,8,2,-5,0,-27,-17,2,0,-17,-22,sil
9.278668403625488,0,3,5,12,0,1,-2,0,-23,-16,9,-1,-7,-9,sil
9.29379391670227,2,4,17,18,2,7,8,0,-18,-1,14,5,-5,3,sil
9.29379391670227,0,0,0,13,4,15,11,1,-7,3,4,0,-6,6,sil
9.3094322681427,-3,-3,-1,9,4,7,4,5,-4,0,-10,-12,-9,8,sil
9.3094322681427,-4,1,-1,17,1,-1,0,4,-9,1,-7,-13,-9,6,sil
9.324475526809692,-12,-7,-10,3,-6,1,-1,0,-3,14,0,-15,-3,-5,sil
9.324475526809692,-18,-25,-11,-19,-10,5,0,-3,10,19,-12,-20,-4,-5,sil
9.339618444442747,-14,-16,-12,-13,-5,-1,11,-5,19,19,-13,-16,-3,8,sil
9.339618444442747,-8,-1,0,0,-1,-3,15,3,20,17,0,-7,5,6,sil
9.354682683944702,-11,-16,-11,-17,-6,-4,1,3,13,7,-7,-13,2,-11,sil
9.354682683944702,-19,-25,-24,-41,-16,-11,-8,-3,6,-2,-21,-15,-7,-17,sil
9.369956254959106,-5,-4,3,-28,-17,-4,-1,0,15,7,2,9,10,-1,sil
9.369956254959106,23,12,15,2,-5,0,-7,1,24,16,36,33,35,18,sil
9.385486602783203,30,17,13,4,-1,-15,-31,-5,0,-6,31,30,18,10,sil
9.385486602783203,9,17,3,-1,-4,-21,-39,-6,-35,-36,4,11,-13,-17,sil
9.40065050125122,5,13,7,14,0,-8,-25,1,-41,-39,-7,1,-15,-15,sil
9.40065050125122,17,14,22,30,13,8,0,6,-21,-13,0,7,2,9,sil
9.415853261947632,9,15,12,32,23,23,23,2,-1,11,3,6,9,14,sil
9.415853261947632,-7,6,6,21,20,22,25,0,1,2,-20,-17,-13,-2,sil
9.431924819946287,-11,-4,-4,5,9,11,16,2,5,-8,-37,-31,-29,-8,sil
9.431924819946287,-6,-9,-15,-3,2,4,21,1,18,7,-19,-12,-9,7,sil
9.44768762588501,-4,-8,-3,-9,-1,3,23,-2,18,15,-3,0,4,16,sil
9.44768762588501,-3,-17,-9,-11,-6,2,12,-1,8,3,-7,-9,-4,6,sil
9.46275019645691,6,-19,-4,-3,-5,2,5,7,4,0,-2,0,0,4,sil
9.46275019645691,5,-7,-4,-5,-11,0,9,8,11,12,12,12,19,9,sil
9.477948188781738,-16,-4,-18,-17,-17,-7,2,-3,14,20,12,-1,16,0,sil
9.477948188781738,-7,0,0,-15,-1,-7,-4,-2,14,15,9,2,11,0,sil
9.494497776031494,24,12,12,-8,7,-3,-1,2,15,9,22,26,27,14,sil
9.494497776031494,16,5,6,-14,-1,-4,-9,0,5,2,24,21,19,8,sil
9.508658647537231,-13,-8,0,-9,-1,-4,-20,-5,-13,-12,5,1,-6,-17,sil
9.508658647537231,-10,-1,-6,2,1,-6,-15,-3,-22,-17,0,0,-9,-22,sil
9.525440216064451,2,10,-3,2,-4,-9,-10,0,-18,-9,8,5,-2,-11,sil
9.525440216064451,0,12,-1,4,-1,-9,-15,-1,-17,-11,3,0,-9,-12,sil
9.540598392486572,0,10,8,12,4,-4,-15,-3,-16,-20,0,0,-9,-15,sorry
9.540598392486572,0,8,9,10,6,5,-7,0,-5,-6,11,5,-1,-4,sorry
9.555865287780762,-4,4,-7,1,9,4,-4,0,-1,3,10,-2,-7,0,sorry
9.555865287780762,-12,0,0,1,6,0,-7,0,-10,-10,-16,-20,-22,-14,sorry
9.5715172290802,-16,-8,-1,11,2,10,0,0,-14,-14,-27,-28,-26,-13,sorry
9.572550773620604,-13,-6,-4,18,8,20,16,-1,-9,-2,-19,-22,-14,3,sorry
9.587143659591677,0,0,3,18,10,19,21,0,-1,7,-12,-8,2,9,sorry
9.587143659591677,0,-9,-6,6,0,9,17,3,5,14,-12,-12,7,7,sorry
9.601642847061155,-16,-16,-5,-7,-10,0,14,0,6,9,-22,-24,-5,9,sorry
9.61741852760315,-6,-3,-3,0,-7,-1,15,0,11,9,-22,-11,-1,13,sorry
9.61741852760315,17,1,1,5,-6,-4,13,2,22,16,-6,10,10,20,sorry
9.633902549743652,13,-5,4,-15,-13,-7,3,3,25,12,-1,14,9,20,sorry
9.633902549743652,5,-8,-4,-20,-13,-9,-2,-3,16,2,-4,12,3,11,sorry
9.65041208267212,20,-3,10,-6,-8,-12,-6,-3,3,0,4,19,2,5,sorry
9.651917695999146,24,2,11,-6,-11,-19,-16,-1,0,0,22,22,16,5,sorry
9.651917695999146,13,10,-1,-12,-8,-15,-23,1,0,-2,31,23,17,1,sorry
9.665932416915894,14,14,10,-4,4,-4,-14,5,-3,-8,28,25,-15,-6,sorry
9.680469751358032,14,15,11,7,9,-7,-7,0,-1,-7,26,22,1,-5,sorry
9.680469751358032,10,21,12,7,4,-8,-12,-5,-2,-4,25,21,70,-2,sorry
9.696996450424194,8,24,6,6,13,5,-2,0,-7,-4,21,16,49,-12,sorry
9.696996450424194,0,17,0,13,28,13,11,0,-6,-9,11,3,-28,-22,sorry
9.696996450424194,-16,1,1,4,20,7,1,0,-7,-11,0,-11,-32,-17,sorry
9.711623668670654,-27,-15,-12,-8,0,1,-3,-2,-15,-5,-10,-21,-7,-9,sorry
9.726733207702637,-18,-15,-8,-3,-2,7,2,0,-16,2,-15,-21,-21,-4,sorry
9.726733207702637,-10,-9,-3,7,0,15,5,5,-5,2,-15,-23,-24,0,sorry
9.741858959197998,-22,-21,-17,-1,-1,10,10,5,3,2,-17,-32,-13,-3,sorry
9.741858959197998,-31,-24,-16,-13,-4,9,19,3,7,8,-24,-32,-12,-4,sorry
9.757678747177124,-18,-8,-17,-7,-6,15,18,0,4,5,-27,-27,-11,0,sorry
9.757678747177124,-3,-2,-6,0,-10,15,11,2,-1,-2,-26,-21,-13,2,sorry
9.772809743881226,-2,-9,0,-4,-10,9,7,4,9,11,-17,-7,-5,7,sorry
9.772809743881226,-4,-9,-5,-5,-2,3,7,-1,24,31,-5,1,10,14,sorry
9.788854837417604,0,0,5,1,3,0,3,-3,11,21,-2,4,12,8,sorry
9.788854837417604,5,0,4,8,-3,-9,0,-2,1,1,-3,9,9,3,sorry
9.804864883422852,12,0,3,3,-10,-19,-7,-1,9,0,2,15,10,12,sorry
9.804864883422852,18,3,7,0,1,-16,-8,-2,14,6,18,20,17,18,sorry
9.819513082504272,25,7,6,5,11,-9,-6,-4,13,9,29,27,27,19,sorry
9.819513082504272,31,12,15,15,5,-8,-6,0,6,6,26,34,21,12,sorry
9.834857940673828,23,17,6,14,0,-8,-5,2,-9,-6,20,27,0,-2,sorry
9.834857940673828,8,10,3,0,-6,-18,-12,-1,-26,-31,9,11,-13,-15,sorry
9.850898027420044,-5,1,2,-13,-13,-24,-25,-4,-29,-43,-5,-1,-21,-22,sorry
9.850898027420044,-9,0,-6,-14,-10,-13,-29,-3,-21,-33,-5,-5,-20,-26,sorry
9.866464138031006,-4,0,1,-16,-5,-4,-27,-1,-17,-24,7,-4,-12,-24,sorry
9.866464138031006,-2,7,0,-11,-1,-9,-19,-3,-22,-24,10,-2,-12,-16,sorry
9.882094144821169,0,13,5,4,2,0,0,-3,-21,-19,-1,-3,-11,-2,sorry
9.882094144821169,5,9,17,12,4,14,12,1,-10,-4,-9,-3,2,5,sorry
9.8976411819458,3,1,3,3,9,12,15,5,0,8,-2,-5,15,4,sorry
9.8976411819458,-4,2,7,7,15,16,17,9,12,21,4,-2,14,8,sorry
9.912900924682615,-3,0,4,17,17,27,19,6,23,29,7,-1,12,15,sorry
9.912900924682615,-3,-6,-10,3,11,18,18,2,17,23,1,-5,8,13,sorry
9.928308010101318,-12,-9,-10,-4,3,12,21,5,14,21,-5,-3,3,5,sorry
9.928308010101318,-17,-9,-13,4,0,13,18,0,18,23,-11,-6,-3,1,sorry
9.943761825561523,-12,-8,-10,0,-4,4,8,-2,7,8,-18,-18,-21,-3,sorry
9.943761825561523,-9,-4,-12,-1,3,9,13,0,4,4,-13,-20,-17,-1,sorry
9.958890438079834,-5,-5,-8,10,14,22,22,1,18,22,-2,-10,5,8,sorry
9.958890438079834,0,-8,3,6,2,10,9,0,13,13,-7,-5,7,3,sorry
9.974477529525757,0,-9,-5,-7,-12,-14,-5,-1,1,-6,-11,-3,0,-7,sorry
9.974477529525757,0,-6,-2,-12,-6,-14,-2,-2,8,0,0,4,5,-1,sorry
9.989957332611084,6,-8,0,-8,-3,-7,-1,-2,15,5,5,3,16,10,sorry
9.989957332611084,13,-9,1,-6,-13,-15,-19,-2,0,-4,-1,0,12,11,sorry
10.005669832229614,13,0,11,-5,-12,-18,-25,0,-8,-4,2,11,5,3,sorry
10.005669832229614,4,6,-3,0,-5,-12,-14,-4,-10,-4,13,17,1,-4,sorry
10.021769046783447,-2,2,-1,-5,-7,-9,-16,-8,-22,-23,8,8,-6,-8,sorry
10.021769046783447,-4,-1,0,-20,-7,-8,-14,0,-20,-26,-1,1,-12,-11,sorry
10.046438217163086,0,2,-9,-20,-3,-9,0,4,0,-4,-1,2,-5,-8,sorry
10.046438217163086,4,10,6,-4,-5,-9,1,-1,1,0,6,12,0,0,sorry
10.046438217163086,3,9,11,0,-3,-8,-11,-4,-14,-15,11,15,-4,0,sorry
10.053887367248535,1,4,8,-5,5,-8,-14,2,-16,-18,8,12,-8,-4,sorry
11.375744104385376,-8,-6,-1,11,14,12,0,-6,-22,-9,-28,-19,-19,0,sorry
11.375744104385376,-2,-6,-4,18,8,11,18,0,-7,6,-19,-15,-5,7,sorry
11.389753580093384,-6,-15,-3,-2,-4,8,18,6,-3,11,-19,-17,-4,9,sorry
11.389753580093384,1,-13,-6,-11,-13,0,14,6,14,20,-5,-3,4,13,sorry
11.4078106880188,13,-4,0,-10,-20,-12,6,7,25,19,8,12,22,9,sorry
11.4078106880188,5,-4,-4,-22,-15,-19,-11,3,6,1,14,16,20,-1,sorry
11.4078106880188,3,4,2,-15,0,-17,-14,-1,-2,-4,29,28,15,2,sorry
11.421824216842651,15,21,18,5,6,-11,-6,0,-1,-4,33,30,13,7,sorry
11.437564134597778,7,16,2,8,0,-8,-14,-6,-16,-17,8,2,-3,-7,sorry
11.437564134597778,-13,2,-1,7,-2,-1,-20,-7,-22,-11,-5,-11,-14,-14,sorry
11.453592538833618,-11,2,1,20,4,9,-6,3,-3,14,0,-7,-1,0,sorry
11.453592538833618,1,0,-1,25,13,26,12,-3,-2,11,-7,-16,-3,5,sorry
11.470631837844849,0,-7,4,17,9,37,27,-9,-5,1,-20,-20,-12,0,sorry
11.470631837844849,-2,-10,-3,1,2,24,28,1,21,22,-8,-7,3,7,sorry
11.48671269416809,4,-10,-2,-14,1,0,15,9,31,28,0,0,16,16,sorry
11.48671269416809,3,-14,-8,-19,-8,-13,3,0,5,4,-2,-2,6,7,sorry
11.503553867340088,0,-14,-15,-22,-22,-21,0,-4,-1,-3,3,4,9,-1,sorry
11.503553867340088,10,2,3,-23,-14,-14,1,0,16,0,20,22,26,6,sorry
11.503553867340088,20,16,9,-9,3,-7,-2,2,17,-6,23,27,23,12,sorry
11.51870608329773,13,10,11,-4,1,-25,-25,0,-1,-19,10,21,0,0,sorry
11.51870608329773,9,3,9,-6,-7,-28,-34,-2,-10,-27,9,18,-4,-8,sorry
11.533431768417358,6,10,6,5,-2,-5,-11,-2,-3,-15,15,17,3,0,sorry
11.533431768417358,-3,17,10,12,4,2,1,2,1,-2,4,3,-4,-1,sorry
11.548826217651367,-8,2,-3,8,3,-6,-5,4,0,-2,-4,-13,-13,-9,sorry
11.56496286392212,-7,-4,-4,8,1,2,-7,0,-3,0,-4,-13,-7,-4,sorry
11.56496286392212,-8,3,1,10,9,20,0,0,-8,0,-13,-11,-12,-5,sorry
11.579604387283323,-7,0,-7,7,14,16,2,-5,-12,-10,-26,-18,-23,-15,sorry
11.579604387283323,-7,-6,-4,1,6,9,0,-5,-14,-9,-19,-14,-14,-15,sorry
11.594701766967772,-9,-6,-9,-5,1,10,2,-2,-14,4,-14,-10,-10,-7,sorry
11.594701766967772,-8,-8,-5,-10,2,12,9,0,-15,1,-25,-18,-24,-6,sorry
11.609865188598633,-10,-10,0,-11,0,8,14,1,-2,6,-16,-15,-16,-5,sorry
11.609865188598633,-12,-10,-10,-14,-1,-1,16,5,19,25,0,-4,9,1,sorry
11.62596321105957,-13,-10,-3,-20,-3,-6,6,9,18,20,0,0,10,3,sorry
11.62596321105957,-13,-12,-7,-13,-9,-6,-6,0,-2,3,-1,0,1,0,sorry
11.64194107055664,-5,-5,-3,-1,-6,-3,-7,-2,-14,0,0,0,0,-4,sorry
11.64194107055664,9,6,11,12,5,1,0,4,-10,-6,0,-1,0,-2,sorry
11.656787872314451,20,10,8,22,6,0,6,0,-3,-13,6,6,0,8,sorry
11.656787872314451,17,11,10,18,0,-4,4,-1,3,-7,18,16,8,18,sorry
11.672616243362429,11,16,5,12,0,0,0,2,12,4,27,18,17,14,sorry
11.672616243362429,11,18,6,21,2,0,-13,-5,4,1,29,15,13,5,sorry
11.687747955322266,7,10,10,23,-1,0,-12,-9,-11,-7,15,1,4,-3,sorry
11.687747955322266,-2,-5,-4,0,-7,0,1,-4,-7,-1,4,-9,5,-2,sorry
11.70373034477234,-2,-7,-2,-12,-4,7,10,1,9,7,2,0,8,12,sorry
11.70373034477234,10,4,2,5,0,13,19,8,19,8,0,6,8,22,sorry
11.718840837478638,21,7,3,16,1,11,22,7,25,14,0,7,15,20,sorry
11.718840837478638,10,-2,2,0,-2,0,9,0,24,16,0,10,13,13,sorry
11.734623908996582,-13,-17,-14,-17,-9,-12,-3,-3,6,1,-12,-6,-4,-1,sorry
11.734623908996582,-17,-17,-6,-15,-11,-9,-6,1,-5,-6,-18,-17,-13,-10,sorry
11.749659299850464,-5,-9,-4,-11,-5,-5,-9,0,0,0,-9,-2,-6,-4,sorry
11.749659299850464,-3,-9,-14,-17,-5,-18,-13,-6,-2,-6,-10,0,-4,-8,sorry
11.76491641998291,-3,-2,-2,-16,-3,-13,-14,-3,-11,-20,-15,-7,-7,-19,sorry
11.76491641998291,4,7,4,0,11,6,-9,0,-7,-11,-7,2,-5,-11,sorry
11.780415058135986,8,8,10,0,15,5,-7,0,-1,-3,-1,12,-5,0,sorry
11.780415058135986,4,1,-1,-8,7,-4,-6,0,-2,-11,1,8,-7,-1,sorry
11.79647946357727,0,-1,-9,-10,4,-5,-5,-3,-7,-10,5,5,-4,-6,sorry
11.79647946357727,0,6,9,-3,6,-3,-6,0,-6,1,7,2,-3,-6,sorry
11.811890125274658,-3,8,5,3,7,-4,0,4,2,10,5,-5,-2,-2,sorry
11.811890125274658,-18,-1,-4,0,0,-1,5,1,-2,2,3,-6,0,-7,sorry
11.827239751815796,-21,-3,-6,-2,-1,5,3,0,-11,0,12,-2,7,-13,sorry
11.827239751815796,-3,5,0,2,7,5,1,3,-2,7,21,1,9,-3,sorry
11.843182563781738,1,6,12,0,6,3,4,8,1,2,8,1,0,1,sorry
11.843182563781738,-6,-3,-4,-6,-8,-1,4,4,-2,3,-2,-4,0,1,sorry
11.858428001403809,-5,0,1,1,-9,-5,0,-1,-3,10,2,-2,9,4,sorry
11.858428001403809,1,2,8,11,-4,0,-1,-7,-7,0,0,-1,-1,0,sorry
11.874586820602415,0,-5,-9,8,-7,3,-1,-8,-12,-15,-17,-10,-22,-9,sorry
11.874586820602415,1,0,0,10,-1,6,0,3,-5,-11,-21,-11,-17,-4,sorry
11.88962721824646,16,11,7,29,11,14,3,4,7,-1,-7,0,-1,4,sorry
11.88962721824646,26,16,11,39,12,18,8,-3,13,1,6,10,0,16,sorry
11.905733346939089,19,11,10,25,6,11,15,0,8,6,8,12,3,23,sorry
11.905733346939089,4,-3,-4,7,6,2,17,0,-1,8,0,0,11,17,sorry
11.920805215835571,0,-11,2,-1,1,3,12,-1,-6,1,-4,-5,5,12,sorry
11.920805215835571,0,-11,-7,-7,-10,2,5,0,-6,-4,-4,0,-2,11,sorry
11.936893463134766,-7,-20,-17,-16,-19,0,-1,0,-4,-2,-6,-9,-4,0,sil
11.936893463134766,-13,-19,-3,-22,-20,0,-5,0,4,2,-10,-17,-2,-6,sil
11.953039169311523,-11,-7,-7,-21,-11,-7,-4,-1,16,4,-5,-8,1,0,sil
11.953039169311523,-3,-2,-9,-21,-2,-9,-1,0,19,6,0,1,1,0,sil
11.967675685882568,0,-4,-4,-20,-6,-3,4,3,23,12,-1,4,5,-1,sil
11.967675685882568,0,-3,1,-11,-8,-6,2,1,17,7,0,6,12,0,sil
11.983843564987184,0,0,2,-8,2,-7,-7,0,0,-2,3,5,7,-2,sil
11.983843564987184,0,0,-2,-15,5,-9,-14,-2,-8,-3,4,3,0,-10,sil
11.99978256225586,-1,4,2,-11,0,-13,-20,-3,1,0,9,11,7,-10,sil
11.99978256225586,2,9,0,5,5,-12,-16,-3,15,0,19,20,16,-1,sil
12.015161752700806,15,18,9,14,13,-9,-7,0,14,-2,16,19,10,1,sil
12.015161752700806,15,24,22,11,14,-7,-11,0,-6,-9,9,17,0,-5,sil
12.033116102218628,-3,11,-1,5,7,-6,-16,-6,-33,-18,6,6,-11,-15,sil
12.033116102218628,-14,-2,-7,0,0,0,-11,0,-45,-28,-6,-9,-21,-17,sil
12.05543303489685,-6,0,0,9,6,12,2,10,-35,-21,-14,-14,-18,-7,sil
12.05543303489685,0,7,6,22,9,16,16,7,-10,4,0,-8,-3,4,sil
12.05543303489685,-4,7,7,16,3,14,21,1,10,20,6,-9,-1,1,sil
12.061596155166626,-12,-4,-8,8,3,14,20,0,17,18,-1,-15,-10,-2,sil
12.076963663101196,-11,-12,-4,7,4,19,14,-1,13,14,-8,-11,-7,4,sil
12.09490180015564,-4,-11,-5,7,2,16,11,0,2,10,-8,-7,0,10,sil
12.09490180015564,-2,-11,-8,3,0,5,16,0,-4,4,-11,-9,-1,8,sil
12.09490180015564,0,-10,4,-6,-10,0,18,0,1,5,-15,-5,0,12,sil
12.10936427116394,15,-4,0,-14,-15,-2,7,0,13,8,-4,6,14,16,sil
12.10936427116394,24,4,3,-15,-9,-9,-10,0,7,-1,10,16,20,10,sil
12.12449860572815,10,1,0,-18,-14,-19,-23,0,-12,-20,11,7,7,-4,sil
12.12449860572815,-7,-4,-13,-24,-20,-26,-32,-5,-23,-30,0,-4,-11,-18,sil
12.141575574874878,-7,8,4,-3,0,-8,-22,-2,-15,-20,0,0,-13,-12,sil
12.141575574874878,1,17,10,25,13,12,5,1,1,1,2,1,0,3,sil
12.15585207939148,-2,0,4,21,7,12,19,3,5,14,-1,-6,4,6,sil
12.15585207939148,-5,-9,-1,6,7,11,21,3,10,22,-5,-1,4,8,sil
12.170050859451294,8,-3,-1,1,8,8,19,0,25,24,-5,5,13,16,sil
12.18603253364563,14,-2,13,-9,-9,-10,-3,0,18,6,-2,4,8,7,sil
12.18603253364563,3,-2,-1,-15,-16,-27,-28,0,3,-7,10,6,0,-9,sil
12.200677394866943,8,6,0,-3,-1,-20,-30,-4,4,-7,27,19,5,-6,sil
12.200677394866943,17,13,11,4,8,-7,-18,-6,0,-9,29,25,3,-2,sil
12.216029644012451,-1,5,-4,4,8,-5,-8,-2,-16,-12,3,0,-16,-13,sil
12.216029644012451,-21,0,-5,8,10,6,2,4,-10,-4,-19,-25,-20,-20,sil
12.231564998626707,-14,-1,-6,16,13,19,17,5,5,6,-12,-19,-2,-8,sil
12.231564998626707,-11,-7,-6,9,5,15,18,1,0,4,-4,-8,-4,1,sil
12.246893882751465,-25,-13,-4,-2,-1,18,13,4,-3,0,-15,-16,-14,-7,sil
12.246893882751465,-20,-11,-14,-3,2,24,18,1,14,9,-12,-18,-1,-5,sil
12.262049674987791,0,-7,-4,-4,0,13,22,-1,22,20,-1,-5,11,15,sil
12.262049674987791,2,-11,-3,-15,-11,0,20,-1,16,12,-5,0,8,17,sil
12.277736902236938,2,-12,-6,-20,-11,-2,11,-4,6,-3,-14,1,5,3,sil
12.277736902236938,8,-4,0,-17,-5,-8,-5,-6,-11,-15,-9,6,2,2,sil
12.292999029159546,11,2,0,-11,-10,-22,-19,-4,-24,-19,4,12,2,6,sil
12.292999029159546,15,9,9,-6,-10,-24,-23,0,-22,-15,10,23,11,3,sil
12.308452129364014,13,13,7,-1,-3,-13,-25,-1,-14,-7,8,22,17,2,sil
12.308452129364014,3,14,6,0,0,-7,-24,0,-8,0,16,11,6,3,sil
12.32442045211792,-1,16,17,7,3,-1,-20,5,-8,0,24,13,-5,-2,sil
12.32442045211792,2,14,4,17,8,0,-16,2,-19,-7,9,10,-11,-11,sil
12.340142965316772,9,12,2,11,6,4,-10,0,-19,-8,-2,-4,-15,-9,sil
12.340142965316772,8,13,3,6,7,5,5,3,5,7,4,-5,-6,-4,sil
12.355794668197632,4,12,3,19,13,0,16,7,22,20,13,3,0,0,sil
12.355794668197632,8,13,15,34,14,5,16,7,13,16,15,4,1,10,sil
12.371667623519896,0,2,7,29,13,14,19,1,7,11,7,-5,2,17,sil
12.371667623519896,-22,-17,-5,0,9,13,21,1,2,8,-15,-24,-4,4,sil
12.386823177337646,-25,-24,-17,-15,0,8,22,1,-3,8,-29,-32,-17,-11,sil
12.386823177337646,-15,-20,-12,-5,-12,1,16,-4,1,2,-23,-19,-11,-6,sil
12.401970148086548,-12,-18,1,-2,-16,0,6,-4,15,-7,-21,-11,-1,0,sil
12.401970148086548,-7,-20,-16,-16,-6,0,0,-1,14,-10,-22,-18,-8,-5,sil
12.417848110198976,-1,-15,-11,-23,-3,0,0,-7,7,-10,-14,-13,-4,-9,sil
12.417848110198976,0,-8,-4,-18,-10,-4,-5,-9,8,-7,-2,-1,11,0,sil
12.434486389160156,3,-7,-11,-16,-11,-12,-23,-5,7,1,7,5,19,2,sil
12.434486389160156,10,0,3,-13,-8,-11,-31,-1,2,8,18,17,21,0,sil
12.4495689868927,17,9,5,-3,-5,-5,-14,0,2,4,24,22,20,0,sil
12.4495689868927,15,6,0,-6,-4,-12,-3,4,0,-3,17,14,7,-3,sil
12.463828563690186,1,3,0,-11,-5,-12,-5,4,-7,-7,6,8,0,-6,sil
12.463828563690186,-1,10,1,-1,-3,-4,0,0,-6,-3,8,9,0,-4,sil
12.48041558265686,9,19,17,7,2,0,4,3,-5,-3,12,18,-2,1,sil
12.48041558265686,14,20,12,11,14,1,3,3,-8,-4,11,21,1,11,sil
12.49647331237793,8,21,9,24,18,5,-1,-1,-13,-3,4,13,2,14,sil
12.49647331237793,0,14,7,26,7,4,-11,-1,-18,-1,-3,-2,-13,2,sil
12.511996507644652,-7,0,-1,14,2,6,-7,2,-21,-3,-10,-14,-22,-1,sil
12.52847695350647,0,0,11,17,14,19,11,4,-12,-4,-9,-2,-12,4,sil
12.52847695350647,3,4,2,21,17,22,23,0,0,5,-9,1,-6,2,sil
12.52847695350647,-15,-12,-12,0,1,9,16,-8,-6,6,-18,-21,-17,-7,sil
12.544912338256836,-28,-21,-12,-10,-8,8,14,-5,-11,-5,-25,-30,-22,-13,sil
12.544912338256836,-18,-17,-13,-2,-3,12,23,2,14,2,-16,-9,-1,-2,sil
12.55841898918152,-11,-16,-5,-14,-4,1,13,8,38,26,3,3,18,13,sil
12.574653148651125,-5,-13,-10,-21,-14,-16,0,5,36,28,12,2,18,13,sil
12.574653148651125,8,-3,-2,-2,-13,-17,0,0,27,12,4,10,18,8,sil
12.574653148651125,13,-1,7,-5,-8,-11,-2,-1,21,7,5,19,25,10,sil
12.590675354003906,11,-4,-6,-30,-10,-16,-23,-1,11,1,15,6,18,6,sil
12.590675354003906,15,10,0,-23,-3,-10,-29,0,-6,-20,12,-8,0,-6,sil
12.60656189918518,11,16,9,0,4,-4,-16,-1,-19,-34,3,-13,-6,-12,sil
12.60656189918518,6,10,6,3,2,-9,-12,-3,-17,-25,4,-11,-7,-6,sil
12.621734857559204,6,9,11,6,6,0,-10,-2,-14,-11,1,-2,-10,-3,sil
12.63790798187256,-3,1,4,19,17,11,0,-4,-18,-3,-6,-1,-13,-8,sil
12.63790798187256,-16,-4,2,19,12,9,8,0,-16,1,-12,-3,-12,-11,sil
12.63790798187256,-7,0,-3,10,6,16,16,10,0,16,-1,0,-2,-5,sil
12.652796030044556,-4,-3,-9,0,2,12,12,0,4,20,1,-1,3,0,sil
12.652796030044556,-11,-11,-6,-16,-9,-11,-7,-8,-2,1,-9,-4,-3,-9,sil
12.668877840042114,-2,-5,-15,-17,-14,-19,-18,-1,-3,-10,-12,6,-6,-11,sil
12.669877767562866,7,6,-1,-10,-8,-12,-14,0,-3,-10,3,15,1,-4,sil
12.683550834655762,5,12,7,-5,-4,-14,-7,-1,-5,-7,27,14,12,-4,sil
12.683550834655762,3,13,6,0,2,-9,0,0,-5,-3,35,12,10,-2,sil
12.699946880340576,0,14,11,10,12,14,6,4,0,1,12,2,-4,1,sil
12.715662240982056,-4,7,3,25,13,20,15,1,7,5,-13,-7,-8,6,sil
12.715662240982056,5,3,12,33,11,8,23,0,5,12,-17,-3,2,19,sil
12.715662240982056,15,2,10,30,2,6,22,0,-5,13,-12,-1,6,28,sil
12.73255729675293,4,-8,-7,19,-6,9,10,-2,-10,8,-11,-5,-1,15,sil
12.73255729675293,-9,-16,-4,1,-4,12,3,0,0,10,-11,-3,-2,4,sil
12.745651006698608,-9,-17,-9,-13,-3,9,9,1,19,13,-9,-3,6,7,sil
12.762819528579712,-3,-19,-7,-19,-14,0,1,0,27,0,-11,-11,3,4,sil
12.762819528579712,-9,-18,-4,-19,-14,-1,-10,0,15,-9,-8,-14,-3,-8,sil
12.762819528579712,-9,-8,-11,-16,-3,-3,-6,0,10,4,7,-2,5,-2,sil
12.777512550354004,0,0,0,-12,-1,-2,-1,7,12,8,11,11,15,8,sil
12.794590473175049,-7,-2,-6,-10,-4,0,-8,5,0,-13,-1,1,0,-2,sil
12.794590473175049,-9,-2,-7,-11,-2,-4,-10,0,-14,-26,-4,-6,-9,-14,sil
12.810702085494995,13,8,6,-2,3,-6,0,1,-7,-5,11,8,2,-1,sil
12.810702085494995,21,14,0,2,5,-7,0,0,7,11,17,15,7,2,sil
12.826202392578123,5,8,2,-6,-2,-14,-8,-3,2,0,7,6,-2,-12,sil
12.826202392578123,5,4,1,-5,0,-14,-6,-5,-6,-7,2,4,-8,-15,sil
12.826202392578123,10,9,3,0,12,-7,0,-9,-8,-6,0,6,-8,-5,sil
12.84088683128357,3,9,5,-15,7,-9,-4,-6,-7,-10,0,2,-7,-6,sil
12.84088683128357,2,0,-1,-18,-9,-14,-8,0,-12,-15,3,0,-5,-4,sil
12.857577562332152,2,-4,9,2,-2,-1,-4,3,-15,-12,-2,0,-6,3,sil
12.857577562332152,-2,1,6,15,11,11,1,4,0,3,-4,-1,-1,2,sil
12.871638774871826,0,11,5,18,11,12,0,2,8,12,3,-7,2,0,sil
12.887710809707642,4,13,12,19,6,5,-8,0,-10,-4,1,-1,-2,2,sil
12.887710809707642,0,3,0,14,5,5,-8,-4,-20,-9,-3,6,-3,2,sil
12.902927160263062,-1,0,2,14,2,19,0,2,-6,11,1,1,0,1,sil
12.902927160263062,-4,-1,-2,15,1,19,0,0,-1,15,3,-11,2,-2,sil
12.9184250831604,-8,-4,-6,6,-1,5,0,-5,-8,0,0,-10,5,-4,sil
12.9184250831604,-1,0,3,10,0,9,14,0,0,5,3,0,9,4,sil
12.934504270553589,0,-1,-7,19,8,12,24,7,11,20,7,-1,9,12,sil
12.934504270553589,-12,-9,-5,10,2,1,20,5,4,10,-7,-7,0,6,sil
12.950594425201416,-18,-9,-5,0,-5,-1,19,1,1,-2,-19,-11,-6,5,sil
12.950594425201416,-13,-11,-9,-7,-6,-4,16,-3,11,3,-13,-12,0,8,sil
12.965786695480348,-12,-16,-5,-22,-9,-7,5,-2,20,11,-7,-9,3,0,sil
12.965786695480348,-7,-13,-15,-18,-11,-6,-1,0,24,12,-5,-1,-2,-2,sil
12.981877088546751,6,-1,1,-6,-10,-11,-5,0,22,8,3,17,1,6,sil
12.981877088546751,17,4,13,-8,-11,-16,-5,2,24,5,16,27,16,11,sil
12.997506856918337,13,-3,-3,-20,-10,-16,-3,0,20,3,8,14,16,4,sil
12.997506856918337,1,-4,-3,-23,-9,-12,-16,3,2,-5,-4,3,4,-8,sil
13.01290774345398,-1,5,0,-12,-13,-8,-23,1,-15,-20,-3,0,-6,-17,sil
13.01290774345398,2,10,0,-12,-4,-2,-17,-3,-23,-24,0,-8,-15,-19,sil
13.028035640716553,2,0,-5,-20,3,0,-14,-2,-22,-18,-1,-8,-15,-20,sil
13.028035640716553,4,-2,0,-12,0,0,-15,0,-24,-19,0,0,-13,-17,sil
13.044087886810305,7,6,15,1,0,7,-11,-2,-26,-23,-3,6,-14,-8,sil
13.044087886810305,2,8,5,7,13,7,0,-4,-12,-8,0,4,-4,0,sil
13.059318542480469,9,8,9,16,16,2,5,0,1,4,9,4,6,10,sil
13.059318542480469,23,18,15,30,14,5,2,2,0,4,16,9,6,16,sil
13.075273752212524,12,21,2,33,17,7,4,0,-10,0,8,7,3,10,sil
13.075273752212524,-7,13,4,27,19,10,12,0,-12,1,0,-2,3,2,sil
13.090904712677002,-8,0,-2,17,18,12,18,0,1,11,4,-9,4,8,sil
13.090904712677002,-8,-9,0,3,13,12,20,1,14,19,11,-2,5,12,sil
13.106451511383057,-14,-4,-2,2,7,13,15,3,6,14,4,1,9,7,sil
13.106451511383057,-9,-4,-14,10,0,6,7,0,1,8,-8,-6,5,9,sil
13.122842073440552,-7,-13,-2,-3,-5,1,8,2,7,7,-22,-14,-8,5,sil
13.122842073440552,-15,-18,-9,-21,-9,0,9,0,16,9,-19,-13,-10,-3,sil
13.138621807098389,-8,-14,-11,-17,-13,-9,1,-4,25,10,-3,-7,1,0,sil
13.138621807098389,7,-6,6,-3,-19,-16,-1,0,23,8,-1,-1,7,6,sil
13.15373682975769,8,-7,1,-4,-19,-15,-7,0,8,-6,-15,3,1,-1,sil
13.15373682975769,3,-6,-4,-19,-20,-13,-19,0,-3,-20,-13,6,-2,-8,sil
13.169218301773071,8,-4,-9,-29,-27,-14,-15,1,-6,-16,4,9,-1,-6,sorry
13.169218301773071,11,-2,0,-22,-22,-18,-12,-3,-8,-12,13,15,-1,-8,sorry
13.18530249595642,10,9,11,-8,-2,-12,-17,-2,-3,-7,23,23,3,-8,sorry
13.18530249595642,10,22,6,4,12,0,-7,2,2,10,40,17,14,0,sorry
13.20044207572937,5,23,18,16,20,7,1,4,-8,10,28,4,7,0,sorry
13.20044207572937,-7,9,9,24,20,7,-2,0,-21,-2,3,-7,-8,-9,sorry
13.21560835838318,-16,-2,-5,20,10,4,-3,-3,-16,-7,-5,-16,-13,-12,sorry
13.21560835838318,-11,0,-2,18,7,15,2,-1,-10,-2,-15,-19,-10,-9,sorry
13.230651617050173,-6,1,-8,23,17,29,12,0,-6,6,-21,-18,-8,-6,sorry
13.230651617050173,-9,0,-2,13,9,21,16,0,-2,6,-16,-12,-5,1,sorry
13.24674940109253,-4,-2,-3,-2,-2,1,6,-2,0,0,-17,-4,-3,7,sorry
13.24674940109253,5,-1,-8,-1,2,0,4,2,7,9,-14,0,0,8,sorry
13.262776851654053,1,-3,2,0,4,3,18,7,17,16,-3,2,4,5,sorry
13.262776851654053,-8,-8,-8,-12,-7,-13,8,-2,13,-4,-2,4,0,0,sorry
13.278728246688845,-5,-7,-4,-23,-8,-18,-13,-6,0,-17,-7,2,0,0,sorry
13.278728246688845,-1,-5,0,-17,-3,-3,-8,1,1,0,0,-2,10,4,sorry
13.294218063354492,-7,-12,-4,-10,-7,-3,0,0,1,1,0,-7,9,-1,sorry
13.294218063354492,-6,-11,4,-12,-9,-8,-4,-2,-3,-11,-2,-2,0,-1,sorry
13.309864282608032,10,0,2,-4,-1,-1,-4,-3,0,-6,16,8,7,11,sorry
13.309864282608032,18,9,4,11,-2,0,-9,1,-4,0,23,15,15,14,sorry
13.325782775878906,8,6,4,9,-12,-6,-14,6,-11,-11,11,14,5,6,sorry
13.325782775878906,7,0,2,-8,-13,-9,-1,3,0,-11,16,15,1,10,sorry
13.34196925163269,12,8,6,-7,-2,-1,1,1,8,0,23,16,3,9,sorry
13.34196925163269,5,13,1,14,6,-5,-6,-2,-2,-2,6,0,-1,-4,sorry
13.358194828033447,4,12,10,18,8,-7,-4,-5,-10,-10,-11,-11,-15,-16,sorry
13.358194828033447,4,8,4,4,9,4,0,0,-9,-4,-13,-4,-25,-19,sorry
13.373896598815918,-9,0,-13,-3,7,9,-1,1,-19,-5,-12,-10,-29,-20,sorry
13.373896598815918,-14,0,0,-1,8,13,9,0,-13,0,-12,-19,-26,-13,sorry
13.388899564743042,-1,3,3,10,13,31,34,2,23,35,-11,-12,-3,5,sorry
13.388899564743042,1,-2,0,8,9,34,37,5,44,57,-9,0,21,23,sorry
13.404519081115724,-2,-16,-2,-12,1,13,19,1,31,37,-6,0,25,20,sorry
13.404519081115724,-6,-18,-13,-20,0,-5,2,-2,23,20,-5,0,19,10,sorry
13.41973876953125,-3,-5,2,-1,0,-7,-5,0,23,18,3,7,22,7,sorry
13.41973876953125,11,7,9,11,5,-6,-3,0,13,9,22,19,25,9,sorry
13.435592651367188,17,5,3,3,3,-14,-5,-2,-6,-9,23,21,15,6,sorry
13.435592651367188,0,-3,-5,-8,-15,-19,-19,-4,-18,-22,10,11,4,-5,sorry
13.45064091682434,-4,-5,-13,-8,-24,-21,-22,-7,-16,-23,5,2,-1,-15,sorry
13.45064091682434,6,4,2,-9,-13,-19,-18,-2,-15,-24,2,2,-12,-17,sorry
13.466064453125,5,4,0,-2,-1,-13,-17,-2,-21,-31,-6,0,-20,-21,sorry
13.466064453125,-8,-2,-4,4,0,-7,-15,-3,-29,-38,-14,-13,-24,-24,sorry
13.481600284576416,-11,1,-1,4,1,-2,-10,7,-28,-29,-6,-13,-23,-19,sorry
13.481600284576416,-4,8,-6,10,6,-1,-2,8,-11,-12,7,-3,-9,-4,sorry
13.497517585754396,-2,12,12,24,12,3,6,1,1,-3,13,4,2,10,sorry
13.497517585754396,-4,14,19,24,8,8,8,2,0,0,3,0,2,9,sorry
13.512653589248655,0,3,2,9,-3,6,1,3,-4,7,-8,-9,1,3,sorry
13.512653589248655,-1,-10,-5,-3,-4,13,1,0,-6,8,-13,-10,0,5,sorry
13.5286967754364,-15,-14,-11,-8,0,16,4,-7,-12,-1,-19,-16,-13,1,sorry
13.5286967754364,-21,-13,-4,-6,-4,5,0,-8,-15,-8,-30,-24,-22,-1,sorry
13.544474363327026,-16,-17,-7,-2,-14,0,-4,0,-4,5,-25,-21,-10,5,sorry
13.544474363327026,-13,-14,-6,-3,-9,11,6,6,14,31,-6,-11,4,11,sorry
13.560534477233888,-2,0,10,0,4,29,30,6,34,42,6,-1,13,15,sorry
13.560534477233888,11,0,0,-10,5,15,30,-1,34,31,7,6,15,16,sorry
13.57653021812439,13,-12,-4,-34,-2,-11,5,-3,9,4,-7,6,2,4,sorry
13.57653021812439,13,-7,-3,-24,-4,-11,1,2,8,-4,-11,8,2,0,sorry
13.592747926712036,24,9,5,10,2,0,12,3,35,10,18,25,26,14,sorry
13.593124389648438,28,21,15,10,4,-8,0,0,34,19,43,36,33,15,sorry
13.608760356903076,18,20,1,-2,0,-17,-10,0,12,5,30,24,17,4,sorry
13.608760356903076,7,17,4,2,7,-6,-3,0,-3,-12,8,9,0,-4,sorry
13.624764204025269,0,7,-1,-3,12,0,-4,0,-14,-21,5,3,-5,-15,sorry
13.624764204025269,0,0,-14,-19,2,-7,-9,0,-14,-18,9,3,-2,-13,sorry
13.63993501663208,8,11,8,-1,0,-9,-1,0,-4,-3,8,13,5,0,sorry
13.63993501663208,11,15,13,19,9,-4,5,-1,1,8,13,13,10,4,sorry
13.65548849105835,-4,0,3,10,7,-2,-3,-1,0,2,14,-1,3,-10,sorry
13.65548849105835,-17,-4,-3,9,1,4,-11,0,-6,-5,3,-13,-7,-19,sorry
13.670662879943848,-8,-1,-5,20,4,6,-8,-1,-12,-3,-8,-14,-14,-13,sorry
13.670662879943848,-4,-7,1,5,2,0,-6,-1,-13,-5,-11,-10,-19,-14,sorry
13.690123558044434,-14,-16,-5,-3,-5,-5,-5,-3,-16,-10,-5,-11,-16,-14,sorry
13.690123558044434,-8,-10,1,6,-14,-2,-12,-1,-21,-14,-8,-10,-10,0,sorry
13.701656341552734,7,0,6,12,-9,1,-13,6,-18,-10,-14,-1,-7,7,sil
13.701656341552734,2,0,-6,9,0,1,-1,2,-13,-2,-15,-5,-10,5,sil
13.716799974441528,-9,-8,0,2,-5,1,-3,-7,-17,-9,-24,-16,-14,3,sil
13.716799974441528,-9,-7,-1,-1,-14,0,-15,-8,-13,-15,-28,-13,-11,1,sil
13.732837438583374,-9,-3,-7,-4,-9,0,-5,-1,-8,-8,-18,-10,-11,-5,sil
13.733840942382812,-17,-4,-7,-13,-5,10,15,3,-10,-5,-16,-16,-12,-8,sil
13.748209953308104,-14,-5,-10,-10,-3,10,18,1,1,1,-12,-6,0,0,sil
13.748209953308104,-3,0,2,4,4,8,13,0,20,15,2,4,14,9,sil
13.76388430595398,-2,0,0,2,9,12,18,0,24,20,11,0,16,12,sil
13.76388430595398,5,-4,0,-12,6,6,22,1,29,26,11,10,21,23,sil
13.781963586807253,18,0,5,-15,0,-6,16,6,42,29,16,23,27,27,sil
13.781963586807253,11,0,-4,-19,-4,-15,1,1,35,11,13,8,16,11,sil
13.79641318321228,6,2,0,-25,-4,-12,-10,-3,13,-6,8,2,8,-4,sil
13.79641318321228,13,13,-1,-9,5,-1,-9,-3,2,-3,13,14,12,-10,sil
13.810878276824951,12,19,0,10,15,-1,-5,-1,-6,-1,20,15,2,-15,sil
13.827847480773926,3,15,13,11,12,-6,-3,1,-10,-5,23,15,-6,-14,sil
13.827847480773926,0,3,0,11,4,-3,0,3,-7,-5,19,5,0,-12,sil
13.827847480773926,-5,0,0,21,5,6,4,5,-14,-10,3,-7,-8,-10,sil
13.84185791015625,-8,-2,3,22,12,9,9,3,-12,-1,-5,-6,-15,0,sil
13.84185791015625,-2,-7,2,5,9,8,10,2,6,20,-3,-1,-3,11,sil
13.85936999320984,-1,-6,4,1,-1,8,6,3,14,24,-8,-13,3,14,sil
13.85936999320984,-6,-7,-12,4,-17,-7,-5,-5,3,4,-20,-21,-1,8,sil
13.875186443328856,-6,-11,-11,-14,-28,-24,-25,-12,-15,-20,-22,-5,-4,-1,sil
13.88979434967041,0,-5,-3,-32,-25,-21,-31,-3,-28,-30,-14,6,-6,-13,sil
13.88979434967041,5,3,3,-22,-17,-9,-22,0,-19,-30,-4,5,-9,-13,sil
13.906694650650024,8,9,15,-8,-9,0,-17,-2,-12,-27,4,7,-7,-10,sil
13.906694650650024,7,10,7,7,3,3,-7,-2,-25,-13,7,5,-5,-10,sil
13.906694650650024,6,13,12,25,13,6,0,1,-26,1,6,0,-3,-1,sil
13.921862125396729,8,10,15,30,18,18,11,4,1,14,10,4,10,16,sil
13.922868013381958,6,0,4,26,23,24,23,1,21,27,7,5,19,24,sil
13.937833786010742,1,-4,2,10,14,16,23,0,22,32,-9,-3,4,17,sil
13.937833786010742,-3,-14,-15,-9,-2,3,14,-1,28,21,-15,-12,-1,12,sil
13.95396113395691,-5,-16,-14,-20,-9,-3,7,-1,32,7,-7,-7,7,5,sil
13.969631910324097,-4,-4,-4,-16,-4,-11,0,1,27,3,5,4,9,-3,sil
13.969631910324097,-7,-3,-8,-14,0,-17,-1,0,11,-4,12,4,0,-7,sil
13.969631910324097,-13,-1,-6,-14,-1,-6,-3,0,-7,-21,3,-2,-6,-14,sil
13.984886646270752,-12,10,-6,0,4,6,-3,0,-10,-15,2,0,0,-19,sil
13.984886646270752,-2,15,5,21,18,11,7,2,-7,3,10,6,0,-6,sil
14.00100803375244,0,5,5,29,20,18,22,8,-8,5,0,-5,-8,0,sil
14.00100803375244,-4,-8,-14,11,3,12,15,1,-13,-1,-19,-20,-18,-6,sil
14.016706705093384,-7,-14,-4,-8,-18,-5,-2,-6,-21,-1,-20,-11,-22,-10,sil
14.016706705093384,2,-10,0,-11,-21,-17,-10,-8,-14,-2,-10,0,-9,0,sil
14.03185486793518,13,-5,-4,-17,-14,-27,-17,-5,1,-7,-8,1,0,9,sil
14.03185486793518,9,-7,-1,-31,-19,-29,-27,0,2,-12,-5,3,-2,4,sil
14.047464609146118,1,0,0,-22,-22,-19,-29,-2,-5,-14,5,9,7,0,sil
14.047464609146118,4,15,11,-5,-6,-3,-20,-2,-2,-10,18,19,24,4,sil
14.073444843292236,11,17,10,0,9,8,-5,2,9,3,32,27,30,11,sil
14.073444843292236,5,10,9,11,17,13,0,7,12,10,29,12,21,4,sil
14.073444843292236,-7,9,4,21,15,8,-1,3,0,1,-1,-15,0,-10,sil
14.095673084259031,-14,0,-12,15,6,3,0,0,-6,-1,-16,-21,-7,-9,sil
14.095673084259031,-9,-7,0,6,3,11,9,6,3,5,-8,-12,-2,-5,sil
14.095673084259031,-13,-7,1,8,10,21,21,8,10,6,-16,-20,-6,-8,sil
14.110127210617064,-17,-7,-5,13,13,21,27,0,8,9,-21,-21,-10,-2,sil
14.110127210617064,-6,-5,0,10,7,15,24,-9,1,17,-3,-2,0,8,sil
14.126240968704224,1,-9,-7,-4,-4,1,15,-6,-6,10,-2,0,1,8,sil
14.126240968704224,6,-4,2,-8,-10,0,9,3,0,5,-6,2,1,13,sil
14.141946077346802,23,7,13,3,-1,0,6,3,14,17,17,21,16,30,sil
14.157515525817873,39,11,13,0,-2,-14,-1,-7,13,16,27,26,15,35,sil
14.157515525817873,34,13,12,-10,-9,-20,-13,-3,1,-8,10,19,-4,13,sil
14.157515525817873,14,10,-6,-6,-6,-17,-13,1,-8,-24,1,15,-25,-12,sil
14.173149347305298,-2,1,-4,-12,-5,-19,-13,0,-15,-28,-5,2,-39,-23,sil
14.190907955169678,-7,2,-1,-16,-4,-16,-15,1,-9,-22,-4,-8,-27,-20,sil
14.190907955169678,-4,5,1,1,8,-4,-12,2,-6,-4,11,0,-18,-13,sil
14.203425884246826,-6,6,9,20,15,11,-5,2,-9,6,15,7,-11,-8,sil
14.203425884246826,-13,4,-7,24,8,23,8,5,4,8,-4,-7,41,-1,sil
14.219841241836548,-22,-9,-11,10,0,20,19,5,15,8,-21,-26,71,0,sil
14.219841241836548,-32,-26,-10,-8,-8,10,7,0,3,6,-20,-27,12,-9,sil
14.219841241836548,-26,-27,-19,-14,-12,5,-5,-9,-1,4,-12,-18,-31,-15,sil
14.234421730041504,-12,-17,-11,-12,-7,7,0,-5,8,8,-14,-12,-9,-4,sil
14.249572515487673,-2,-13,-8,-9,-5,-1,0,-2,8,3,-16,-4,-1,0,sil
14.249572515487673,11,-1,4,-11,-11,-20,-18,-1,-6,-12,3,16,-1,-5,sil
14.265508651733398,21,11,8,-10,-4,-20,-25,-1,-8,-11,25,34,17,0,sil
14.265508651733398,17,15,4,2,11,-14,-15,0,0,-1,21,31,19,12,sil
14.281576871871948,16,17,15,16,13,-8,-8,3,-1,-1,14,27,10,10,sil
14.281576871871948,8,10,6,7,3,-6,-3,0,-13,-6,18,14,6,5,sil
14.297147989273071,-8,1,1,-6,3,-4,1,-5,-22,-16,0,-14,-19,-2,sil
14.297147989273071,-5,8,6,3,12,6,16,2,-15,-11,-14,-21,-30,-9,sil
14.312690496444702,5,11,1,24,16,19,29,5,0,7,-2,-12,-9,0,sil
14.312690496444702,-8,2,5,18,11,21,27,0,5,9,-9,-23,-9,3,sil
14.328261375427246,-13,-7,-3,0,1,15,25,-1,10,10,-21,-26,-12,5,sil
14.328261375427246,7,-14,-3,-11,-6,15,27,3,19,24,-4,-1,9,16,sil
14.34339165687561,15,-10,1,-3,-10,9,12,5,14,16,2,3,14,22,sil
14.34339165687561,0,-2,-8,1,-14,-13,-11,-3,6,-1,-10,-5,0,9,sil
14.35956573486328,-5,-4,-5,-17,-26,-27,-30,-4,4,-7,-2,1,0,-8,sil
14.35956573486328,-6,-8,-8,-32,-25,-18,-35,2,0,-9,14,4,-1,-17,sil
14.375620365142822,-5,5,0,-14,-7,-10,-29,0,-12,-18,7,3,-12,-18,sil
14.375620365142822,1,22,12,3,5,-6,-17,-3,-17,-23,9,14,-8,-16,sil
14.391767978668211,6,16,3,9,13,4,-1,0,-11,-15,26,14,3,-8,sil
14.391767978668211,-4,8,6,20,24,21,8,3,-5,0,8,-1,-3,-5,sil
14.407437801361084,-13,0,0,27,25,21,18,-3,-1,17,-15,-13,-6,-1,sil
14.407437801361084,0,-4,-1,21,14,11,25,0,15,31,-5,-10,14,18,sil
14.422618865966797,16,-4,3,11,6,11,26,12,35,39,3,-1,27,30,sil
14.422618865966797,10,-12,-11,-3,-7,3,14,4,29,31,-9,0,11,18,sil
14.43857479095459,4,-14,-1,-17,-18,-10,-1,-4,10,12,-15,0,1,10,sil
14.43857479095459,14,0,10,-11,-12,-10,-3,0,10,0,-4,8,13,14,sil
14.453500986099243,18,6,1,-6,-3,-5,1,0,12,-3,4,18,16,9,sil
14.453500986099243,6,1,-1,-6,-4,-7,-1,-2,1,-9,9,16,4,-4,sil
14.469073057174684,-2,-1,-8,-6,-3,-11,-12,-4,-11,-19,9,6,0,-14,sil
14.469073057174684,-5,-2,-5,-15,0,-9,-16,-5,-19,-33,0,1,-3,-21,sil
14.484654664993286,-13,-4,-8,-21,-7,-15,-17,-4,-23,-35,-6,-1,-12,-28,sil
14.484654664993286,-14,-3,-2,-9,-9,-22,-24,0,-24,-25,-3,-3,-15,-23,sil
14.500219345092772,-2,1,12,3,0,-9,-22,2,-22,-13,10,9,-5,-7,sil
14.500219345092772,-2,0,-3,7,1,4,-7,-1,-18,-6,11,12,-3,-2,sil
14.515859842300417,-16,1,0,11,1,6,-5,-4,-28,-10,-4,3,-19,-7,sil
14.515859842300417,-20,6,5,15,10,17,-7,0,-36,-14,-11,-5,-28,-9,sil
14.531905174255373,-22,-1,-11,10,12,26,5,0,-24,-11,-17,-24,-27,-13,sil
14.531905174255373,-22,-4,-4,7,9,19,22,5,0,1,-28,-35,-20,-10,sil
14.54745316505432,0,4,5,21,18,18,31,8,18,27,-7,-18,3,9,sil
14.54745316505432,9,3,7,20,19,24,31,5,31,44,18,-4,20,22,sil
14.562506437301636,7,-3,3,5,5,12,21,1,40,43,12,-8,21,23,sil
14.562506437301636,22,0,6,7,3,0,15,0,41,41,3,-3,29,31,sil
14.577842235565186,28,4,15,11,4,1,15,3,30,34,5,1,28,32,sil
14.577842235565186,8,-5,-5,-7,-8,-3,11,0,23,14,1,-4,11,16,sil
14.59355616569519,3,-7,-10,-27,-19,-21,0,-2,18,-3,0,0,6,3,sil
14.59355616569519,3,-5,-5,-29,-18,-22,-11,-1,5,-14,-1,6,2,-7,sil
14.60865306854248,-11,-10,-12,-29,-21,-24,-29,-9,-5,-22,-8,2,-11,-22,sil
14.60865306854248,-7,-3,-3,-26,-24,-27,-35,-10,-6,-24,-1,10,-13,-18,sil
14.624757051467896,10,8,-4,-14,-8,-16,-23,0,-6,-22,12,19,-2,-5,sil
14.624757051467896,16,15,3,-1,3,-7,-17,2,-15,-23,10,17,1,-6,sil
14.640830516815186,17,23,21,13,0,-9,-14,1,-18,-13,16,28,8,-1,sil
14.640830516815186,18,20,15,16,0,-10,-2,0,-14,-1,30,35,14,10,sil
14.656479597091677,10,8,11,3,6,2,-1,3,-16,-5,14,18,0,7,sil
14.656479597091677,2,2,1,8,9,13,1,4,-14,-3,-7,1,-11,0,sil
14.671993970870972,-6,-2,-1,19,7,13,10,0,-6,0,-8,-1,-11,-1,sil
14.671993970870972,-21,-11,-5,6,4,13,6,0,-8,-8,-11,-14,-17,-8,sil
14.68798017501831,-25,-11,-17,0,4,16,4,0,-14,-14,-19,-27,-19,-11,sil
14.68798017501831,-16,-5,-3,4,6,18,13,2,-5,0,-15,-21,-7,-4,sil
14.703510999679564,-13,-6,-6,-2,4,14,15,2,7,13,-10,-18,0,-2,sil
14.703510999679564,-19,-11,-15,-4,0,7,10,-2,6,12,-16,-26,0,-4,sil
14.719548225402832,-10,-5,-2,3,0,10,10,0,1,11,-12,-18,6,0,sil
14.719548225402832,5,0,0,5,5,12,19,3,11,19,0,-7,11,7,sil
14.73563265800476,3,-1,8,5,10,9,22,0,13,11,-5,-10,1,0,sil
14.73563265800476,-2,-8,3,8,7,2,10,-9,0,0,-12,-10,-9,-7,sil
14.75180435180664,3,-10,2,4,-1,-5,-4,-7,0,4,-2,3,-3,-2,sil
14.75180435180664,9,0,12,2,-7,-7,-9,0,5,9,6,13,3,1,sil
14.767749786376951,5,1,2,3,-4,-13,-13,-1,3,3,9,12,0,3,sil
14.767749786376951,4,-2,0,-4,-2,-14,-16,0,12,9,15,22,4,13,sil
14.782923460006714,5,-1,-1,-11,-5,-4,-13,7,28,21,21,28,22,13,sil
14.782923460006714,2,3,-4,-6,-5,-2,-16,0,20,8,15,13,17,4,sil
14.798421382904053,0,6,-1,-3,0,-7,-17,0,5,-8,8,3,5,7,sil
14.798421382904053,0,0,-16,-18,-3,-10,-10,3,0,-10,3,2,2,0,sil
14.813548803329468,-1,-3,-9,-34,-10,-15,-14,0,-14,-19,-8,-5,-9,-18,sil
14.813548803329468,-6,0,-1,-29,-11,-16,-18,-7,-26,-33,-14,-16,-16,-25,sil
14.829577207565308,-1,10,-1,-8,-8,-14,-6,-5,-17,-24,-1,-8,-4,-13,sil
14.829577207565308,16,23,16,12,0,-3,8,3,-5,0,19,13,5,3,sil
14.844738960266112,27,23,17,28,15,7,16,7,-1,8,28,19,13,16,sil
14.844738960266112,16,12,14,27,17,3,8,2,-7,0,13,4,7,9,sil
14.860284328460692,4,11,4,16,9,-4,1,0,-13,-9,1,-1,0,1,sil
14.860284328460692,0,9,-4,9,5,0,4,3,-9,-4,0,1,3,7,sil
14.879663467407228,-8,-5,3,1,-1,10,1,7,-7,-3,-11,-2,0,4,sil
14.879663467407228,-16,-15,-6,4,-4,11,0,-2,-9,-2,-17,-12,-13,-2,sil
14.89170503616333,-9,-8,-4,9,4,17,13,-5,-5,-1,-19,-13,-15,-3,sil
14.907789707183838,-12,-11,-4,0,9,25,15,0,-1,-5,-27,-18,-21,-18,sorry
14.907789707183838,-30,-23,-19,-15,-2,8,2,-2,-2,-4,-28,-29,-34,-25,sorry
14.907789707183838,-24,-15,-5,-12,-11,0,3,-1,2,10,-11,-17,-20,-7,sorry
14.92383909225464,-5,-1,-3,0,-3,12,19,2,18,26,0,0,5,4,sorry
14.92383909225464,0,0,-3,4,6,16,22,2,27,29,1,3,12,9,sorry
14.939858198165894,2,0,8,2,2,9,11,1,28,27,3,3,14,16,sorry
14.939858198165894,11,0,6,1,-4,0,7,0,25,21,5,4,16,20,sorry
14.95587944984436,15,-2,9,2,-4,-7,11,0,23,17,6,10,17,21,sorry
14.95587944984436,16,1,6,4,-3,-16,2,-2,26,18,16,25,27,20,sorry
14.971917152404783,19,7,5,-4,-5,-21,-26,-5,10,2,23,34,25,11,sorry
14.971917152404783,15,2,0,-18,-6,-22,-38,-2,-19,-23,13,23,9,-5,sorry
14.98744511604309,0,-6,-12,-23,-9,-21,-25,-4,-30,-31,2,1,-2,-19,sorry
14.98744511604309,-4,3,-1,-14,-4,-14,-19,-3,-29,-31,4,-7,-12,-23,sorry
15.002779722213743,3,17,1,6,13,-5,-15,1,-23,-26,13,-3,-6,-19,sorry
15.002779722213743,0,8,0,20,19,1,-4,5,-12,-12,9,-2,0,-10,sorry
15.01850152015686,-17,-10,-4,9,5,13,0,2,-11,-2,-13,-15,-13,-13,sorry
15.01850152015686,-21,-18,-18,-2,-2,17,2,-2,-8,1,-34,-29,-22,-13,sorry
15.034560918807983,-14,-12,-4,1,-3,17,10,0,7,7,-32,-27,-15,0,sorry
15.034560918807983,-2,-6,0,10,-6,10,10,0,12,6,-15,-11,-12,11,sorry
15.050598382949827,9,-3,-2,0,-2,-7,0,0,0,0,-7,1,-10,15,sorry
15.050598382949827,8,0,6,-15,-2,-12,-6,1,1,-5,0,9,0,7,sorry
15.066164255142212,2,8,2,-11,-7,-5,-8,1,0,-8,19,21,10,2,sorry
15.066164255142212,13,26,15,0,0,-11,-13,2,-8,-12,37,36,15,9,sorry
15.081758260726929,19,29,21,10,12,-13,-9,5,-3,-4,32,28,16,4,sorry
15.081758260726929,8,16,9,17,12,2,1,1,6,7,16,3,11,-7,sorry
15.097419500350952,0,15,11,17,11,12,1,1,0,5,11,0,6,0,sorry
15.097419500350952,-4,11,0,17,12,8,0,1,-9,0,8,0,0,9,sorry
15.112892627716064,-12,-6,-7,10,3,12,6,-1,-9,7,-10,-12,-11,-4,sorry
15.112892627716064,-19,-17,-12,-9,-5,13,16,0,-1,13,-28,-22,-20,-17,sorry
15.128626346588137,-21,-19,-18,-18,-9,7,21,0,8,8,-30,-24,-12,-14,sorry
15.128626346588137,-6,-11,-11,-3,-7,9,30,0,23,15,-20,-26,2,-4,sorry
15.143748760223389,7,-3,-10,2,-3,11,33,2,31,33,0,-14,15,10,sorry
15.143748760223389,-5,-9,0,-13,-6,4,15,-1,20,24,4,-1,13,17,sorry
15.15936517715454,-16,-19,-5,-21,-9,-5,2,-11,1,1,-8,-7,2,2,sorry
15.15936517715454,-3,-15,-12,-14,-4,-9,6,-5,4,1,-11,-14,-1,0,sorry
15.17499041557312,6,-1,4,-9,2,0,4,8,13,8,-3,-4,0,9,sorry
15.19049906730652,2,-3,4,-7,0,-4,-8,0,2,-1,-3,3,-3,8,sorry
15.19049906730652,2,-11,1,-9,-8,-22,-14,-6,-10,-19,-1,10,-5,1,sorry
15.19049906730652,11,-1,6,-2,-10,-19,-14,0,-6,-21,4,18,-2,-1,sorry
15.205671548843384,28,16,11,13,2,-7,-22,0,-2,-12,9,28,6,0,sorry
15.205671548843384,31,22,26,18,12,-1,-28,0,-9,-13,15,36,12,2,sorry
15.221633195877075,7,9,1,8,4,-1,-20,1,-16,-24,8,18,0,-4,sorry
15.221633195877075,-6,1,-10,-1,-8,-7,-15,0,-19,-32,0,0,-14,-17,sorry
15.237704038619995,2,3,3,-6,-10,-6,-11,2,-12,-21,10,9,-2,-13,sorry
15.237704038619995,-2,5,0,0,-3,-4,-5,0,-3,-7,15,9,5,-7,sorry
15.253484010696411,-17,9,3,9,4,-4,-7,-1,-11,-8,-2,-6,-8,-13,sorry
15.268606185913086,-5,14,8,16,12,3,-3,-1,-18,-1,0,-6,-3,-4,sorry
15.268606185913086,8,10,10,14,12,14,7,-5,-11,12,5,-4,4,10,sorry
15.283814907073976,-2,1,4,11,4,12,0,-6,-8,7,-11,-15,-8,5,sorry
15.283814907073976,-13,-2,-6,15,4,10,-8,-1,-5,5,-15,-14,-9,-1,sorry
15.299887418746948,-3,3,4,20,13,22,7,6,7,25,5,-1,9,9,sorry
15.299887418746948,5,5,0,17,14,25,31,5,19,35,18,2,19,23,sorry
15.314550638198853,0,-6,-8,2,3,8,26,1,15,24,10,0,9,23,sorry
15.314550638198853,-14,-20,-11,-13,-3,0,9,2,10,23,-1,-11,-1,6,sorry
15.329601049423218,-19,-22,-22,-22,-4,4,17,0,15,23,-11,-27,-6,-8,sorry
15.329601049423218,-10,-15,-10,-20,-5,6,31,2,23,8,-14,-28,-9,-8,sorry
15.344919919967651,0,-12,-9,-7,-4,-4,17,8,27,-2,-10,-11,-6,-8,sorry
15.344919919967651,2,-12,-10,-9,-9,-18,-10,0,16,-11,-2,9,3,-4,sorry
15.360538244247437,3,-5,0,-24,-17,-16,-14,-3,5,-18,2,20,10,6,sorry
15.360538244247437,4,-1,-1,-25,-12,-15,-4,0,2,-13,0,12,9,2,sorry
15.375690698623655,4,-1,9,-23,-11,-19,-17,-2,-8,-13,-6,6,2,-12,sorry
15.375690698623655,2,0,-2,-22,-15,-20,-23,-8,-14,-18,-5,8,0,-15,sorry
15.391834020614624,8,11,-7,-8,0,-11,-8,-3,-14,-18,2,12,0,-8,sorry
15.391834020614624,7,22,16,3,13,-1,-5,3,-23,-22,3,4,-11,-14,sorry
15.407275676727297,-4,14,6,7,8,-1,-6,0,-17,-24,-1,-10,-24,-17,sorry
15.407275676727297,0,7,8,19,6,-1,-3,0,-1,-11,-2,-4,-13,0,sorry
15.422588586807253,21,19,24,36,11,9,-7,1,-7,0,3,17,5,18,sil
15.422588586807253,25,21,19,40,10,22,-2,0,-7,12,10,20,7,22,sil
15.438504934310911,13,10,18,30,11,25,15,6,12,37,11,10,6,16,sil
15.438504934310911,-6,1,2,17,7,13,16,4,10,43,5,-8,4,0,sil
15.454092025756836,-27,-11,-14,5,-4,7,5,-7,-9,15,-4,-30,-6,-15,sil
15.454092025756836,-28,-20,-20,0,-2,14,13,-2,-7,1,-6,-28,-6,-7,sil
15.469838619232178,-10,-14,-16,-13,0,2,16,4,3,13,-3,-10,6,12,sil
15.469838619232178,1,-12,0,-27,-7,-12,1,0,4,9,-6,-1,12,21,sil
15.48465085029602,9,-12,2,-12,-4,-8,-8,-6,16,0,-1,7,18,25,sil
15.48465085029602,13,0,6,0,2,-6,-10,0,24,0,5,22,21,24,sil
15.500739574432371,3,-3,-2,-24,-9,-14,-15,0,2,-15,0,20,3,5,sil
15.500739574432371,-7,-16,-17,-35,-16,-17,-20,-4,-16,-35,-3,6,-16,-18,sil
15.516524314880373,-4,1,-4,-6,0,-11,-17,-1,-11,-36,5,0,-12,-31,sil
15.516524314880373,0,17,-2,9,1,-5,-10,0,-12,-30,7,-4,-4,-26,sil
15.531618118286133,2,9,2,5,-4,-2,-9,-1,-22,-25,2,-4,-8,-12,sil
15.531618118286133,5,11,12,17,4,0,-2,1,-7,-5,4,2,-7,-4,sil
15.546969413757324,0,9,5,20,7,4,10,2,6,16,4,2,0,2,sil
15.546969413757324,-9,0,5,9,0,13,17,1,1,17,-4,-3,-1,7,sil
15.562618970870972,-9,-1,-3,18,7,18,26,4,6,16,-10,-7,-2,4,sil
15.562618970870972,-4,1,-3,23,16,21,37,5,21,27,-7,-11,3,-1,sil
15.578070878982544,-7,1,1,13,17,27,35,2,22,35,-3,-14,5,-1,sil
15.578070878982544,-2,0,-5,3,11,11,17,0,15,23,-1,-10,1,3,sil
15.593869686126707,9,-9,2,-14,-6,-11,-6,-6,7,8,-5,0,0,4,sil
15.593869686126707,9,-16,-3,-29,-22,-19,-19,-8,9,0,-5,8,5,1,sil
15.609471797943115,0,-15,-7,-33,-20,-24,-23,0,0,-14,-1,10,0,-4,sil
15.609471797943115,3,-4,3,-29,-10,-22,-26,2,-21,-22,7,9,-5,-8,sil
15.62495255470276,10,9,0,-11,0,-11,-21,-1,-22,-16,12,7,-2,-4,sil
15.62495255470276,0,16,0,0,0,-5,-23,0,-15,-24,2,2,-5,-6,sil
15.640511751174929,-8,5,-2,0,-5,-2,-24,0,-18,-22,0,0,-8,-6,sil
15.657493591308594,0,1,3,16,2,12,0,-2,-2,7,5,0,3,7,sil
15.657493591308594,4,4,10,30,16,26,25,7,20,25,-3,-6,4,21,sil
15.657493591308594,1,-1,-5,15,11,13,20,7,17,18,-15,-9,-5,13,sil
15.671808004379272,1,-1,0,0,0,-3,6,0,13,10,0,7,1,-1,sil
15.671808004379272,5,6,4,-1,-4,-7,2,1,17,7,19,17,19,1,sil
15.68779730796814,4,4,0,-8,-2,-11,-10,0,-9,-7,15,9,10,7,sil
15.703243732452393,2,5,6,-11,0,-13,-19,-4,-40,-32,0,2,-7,-7,sil
15.703243732452393,0,12,2,6,6,0,-2,-2,-27,-27,0,-5,-7,-15,sil
15.703243732452393,-3,6,6,25,14,18,18,0,-5,-1,-1,-14,-5,0,sil
15.71883511543274,-12,-7,-1,20,9,21,23,2,-1,8,-10,-12,-2,8,sil
15.71883511543274,-15,-15,-8,0,0,12,21,6,10,16,-14,-9,7,8,sil
15.735421657562256,-6,-11,3,-5,0,9,16,2,32,29,-5,-5,8,18,sil
15.735421657562256,2,-13,-11,-5,-5,-3,1,-4,26,19,0,-2,0,13,sil
15.749857425689695,0,-14,-13,-20,-18,-20,-13,-4,0,-6,-4,0,0,-7,sil
15.749857425689695,0,-5,-2,-25,-19,-16,-12,-1,-7,-8,0,9,6,-7,sil
15.766084432601929,12,1,0,-10,-7,-10,-10,-4,1,0,14,22,18,4,sil
15.766084432601929,13,1,9,-6,-3,-13,-13,-2,0,-2,17,19,12,-3,sil
15.782631158828735,3,3,5,-7,-2,-13,-9,0,-11,-7,7,1,-8,-22,sil
15.783674955368042,4,17,4,5,6,-4,-5,1,-9,-10,2,0,-14,-21,sil
15.797214031219482,8,21,6,19,15,4,-7,1,0,-6,6,6,-7,-4,sil
15.797214031219482,1,10,1,24,10,9,-3,0,2,0,5,-4,-5,2,sil
15.81450629234314,-10,1,8,21,4,12,3,2,0,6,-1,-13,-9,-2,sil
15.81450629234314,-23,-9,-12,6,1,7,5,1,-2,8,-17,-21,-21,-11,sil
15.830589294433594,-23,-17,-21,-7,-3,5,1,-7,-10,-3,-44,-40,-33,-18,sil
15.830589294433594,-9,-10,-7,0,-6,14,8,-3,-3,-12,-44,-37,-19,-9,sil
15.84472370147705,1,-8,-4,0,-2,16,19,4,15,3,-11,-7,8,12,sil
15.84472370147705,2,-17,0,-22,-4,5,14,8,19,13,1,8,16,15,sil
15.85981798171997,0,-17,-6,-30,-8,-6,1,4,14,1,-1,3,12,3,sil
15.877827882766724,1,-4,-5,-15,-2,-11,-5,0,8,-5,6,10,10,3,sil
15.877827882766724,8,11,3,-4,6,-7,-6,0,0,0,20,28,16,9,sil
15.877827882766724,10,20,7,-1,10,-8,-2,0,-5,0,28,35,24,14,sil
15.892853260040283,13,22,23,4,5,-10,-5,2,-11,-9,33,37,18,11,sil
15.892853260040283,18,22,14,15,4,-6,-7,-1,-15,-14,28,34,2,2,sil
15.907583713531494,14,26,9,22,10,-1,-2,-3,-10,-12,17,23,-4,0,sil
15.907583713531494,6,23,15,22,12,7,-2,5,-6,-2,12,11,-2,0,sil
15.923120021820068,-1,3,0,22,9,14,-3,2,-8,9,9,-3,-3,3,sil
15.924124717712402,-5,-4,0,21,5,14,2,-6,-10,8,-5,-21,-11,4,sil
15.940013885498049,0,-4,0,17,0,0,6,-6,-7,1,-21,-33,-15,1,sil
15.940013885498049,0,-17,-5,1,-11,-9,1,-4,-1,7,-25,-30,-11,0,sil
15.953667640686035,-11,-26,-9,-17,-13,4,5,2,11,23,-14,-16,0,7,sil
15.97020411491394,-11,-19,-14,-17,-9,7,11,6,23,31,1,-9,14,13,sil
15.97020411491394,-9,-16,-4,-17,-15,-14,5,2,18,13,-3,-19,10,0,sil
15.97020411491394,-19,-26,-18,-33,-23,-22,0,0,5,-7,-17,-26,0,-15,sil
15.984445095062256,-13,-19,-24,-41,-16,-9,-7,0,5,-10,-5,-2,3,-13,sil
16.000468969345093,7,6,7,-21,0,-4,-19,-3,4,-13,8,25,9,-9,sil
16.000468969345093,10,16,9,0,2,-9,-21,-4,-3,-22,-2,19,-1,-14,sil
16.000468969345093,-1,3,0,-4,-1,-9,-14,0,-8,-21,-9,9,-10,-17,sil
16.017579317092896,-5,1,0,-8,0,0,-7,1,-7,-9,4,11,0,-11,sil
16.017579317092896,0,11,7,17,12,11,-2,0,-13,-6,2,1,-3,-5,sil
16.03469181060791,2,16,13,34,17,20,1,3,-17,-13,-9,-14,-19,-5,sil
16.03469181060791,1,12,-1,25,16,21,16,2,-9,-9,-6,-10,-14,0,sil
16.052613258361816,0,11,3,21,17,21,35,0,0,10,0,1,0,8,sil
16.052613258361816,0,5,5,20,13,20,35,0,16,32,4,-2,4,9,sil
16.074787616729736,-3,-13,-6,1,0,9,22,0,31,33,0,-10,6,8,sil
16.074787616729736,-4,-15,1,-15,-9,1,12,2,28,20,-6,0,8,14,sil
16.074787616729736,9,-2,-3,-13,-8,-8,-1,0,15,16,5,11,14,16,sil
16.080788612365723,22,0,-2,-12,-9,-26,-19,-3,2,3,16,16,19,7,sil
16.09490156173706,18,3,2,-9,-11,-28,-24,-3,-5,-15,12,19,9,0,sil
16.110409021377563,11,14,0,4,-1,-21,-27,-2,-15,-21,14,15,-9,-5,sil
16.110409021377563,0,13,9,12,6,-10,-22,2,-27,-17,14,3,-21,-10,sil
16.128455877304077,-15,0,-1,7,1,2,-2,0,-24,-11,0,-8,-20,-8,sil
16.128455877304077,-20,-4,-10,3,0,13,6,-3,-17,-8,-13,-18,-18,-5,sil
16.128455877304077,-15,-7,-5,2,4,16,5,3,-21,-9,-17,-19,-16,-5,sil
16.143614768981934,-11,-11,-7,3,5,16,15,2,-5,4,-16,-9,-4,7,sil
16.143614768981934,0,-7,1,2,0,8,13,-4,26,25,-10,0,14,19,sil
16.158011436462402,10,-1,2,-4,-7,-10,-4,0,34,23,3,8,29,10,sil
16.158011436462402,16,4,3,-8,-10,-21,-16,2,13,0,20,23,24,-1,sil
16.17356848716736,13,6,1,-13,-6,-17,-17,0,-4,-25,16,20,7,-9,sil
16.190775871276855,0,-2,-4,-24,-9,-14,-16,-4,-19,-34,-2,-4,-3,-13,sil
16.190775871276855,-8,0,8,-16,-8,0,-8,-3,-26,-24,-8,-10,-6,-7,sil
16.190775871276855,-2,9,5,13,12,15,5,0,-17,-3,-4,-1,-10,1,sil
16.20680856704712,0,3,5,23,24,18,20,5,1,16,-11,-2,-7,4,sil
16.20680856704712,-2,-4,6,10,9,16,29,10,21,28,-13,-3,4,10,sil
16.22019600868225,-4,-10,-14,-4,-5,8,23,4,30,17,-4,-8,11,11,sil
16.2354838848114,-2,-11,-6,-16,-14,-3,6,0,24,-4,0,-12,4,1,sil
16.2354838848114,1,-4,0,-12,-15,-7,-2,1,14,-5,6,1,4,-6,sil
16.251683473587036,4,1,0,-8,-8,-7,-10,0,0,1,16,16,5,-9,sil
16.251683473587036,5,8,6,-1,3,0,-15,0,-14,2,18,13,0,-9,sil
16.26716446876526,2,15,9,30,19,10,-5,0,-12,8,14,7,-1,0,sil
16.26716446876526,-5,3,10,34,21,18,9,1,0,23,6,0,2,8,sil
16.28267502784729,-20,-21,-14,-9,2,9,16,-3,4,27,-3,-17,1,0,sil
16.28267502784729,-20,-18,-20,-20,-6,-2,3,-11,-4,0,-16,-32,-13,-12,sil
16.29797101020813,-1,9,1,10,5,0,-6,-4,0,-18,-16,-24,-17,-11,sil
16.29797101020813,9,14,-6,9,4,-4,-6,0,15,-3,-4,-10,-1,0,sil
16.313464879989624,7,3,0,-13,-11,-20,-14,-1,4,-2,0,4,0,0,sil
16.313464879989624,13,7,9,-6,-12,-15,-18,-1,-18,-13,5,23,-1,1,sil
16.3289053440094,16,10,3,2,-1,-9,-15,-1,-22,-15,9,29,4,9,sil
16.3289053440094,6,4,7,-5,0,-20,-26,-5,-28,-24,1,17,0,-3,sil
16.344488859176636,0,3,1,0,0,-13,-22,-7,-32,-21,3,6,-8,-12,sil
16.344488859176636,5,13,8,18,7,13,8,5,-11,0,12,5,0,3,sil
16.360123872756958,8,12,12,25,11,21,26,14,14,12,6,3,3,14,sil
16.360123872756958,2,-5,-3,17,6,15,27,6,27,18,-4,-5,0,14,sil
16.375840425491333,0,-12,-2,9,1,22,31,1,24,21,-9,-11,2,14,sil
16.375840425491333,0,-12,-6,8,-1,21,24,1,14,11,-13,-13,0,7,sil
16.391871690750122,-9,-24,-5,-8,-11,6,3,0,7,3,-23,-8,-3,3,sil
16.391871690750122,-21,-28,-5,-30,-16,-1,2,-1,12,4,-25,-4,0,8,sil
16.407559871673584,-7,-12,-8,-30,-6,-8,12,0,19,0,-12,0,6,3,sil
16.407559871673584,2,-2,-8,-29,-2,-10,0,1,14,-9,0,9,6,-7,sil
16.423662185668945,-13,-12,-21,-36,-6,-17,-16,-1,1,-13,5,7,4,-15,sil
16.423662185668945,-15,-5,-12,-25,-4,-29,-11,0,1,-12,7,-2,0,-19,sil
16.439741134643555,3,16,3,-5,0,-18,0,4,7,-6,13,0,0,-19,sil
16.439741134643555,5,16,1,-2,1,-5,-2,-4,-5,-9,10,-1,-6,-14,sil
16.455288410186768,-4,6,11,-4,4,-8,-15,-11,-27,-18,-6,-13,-16,-11,sil
16.455288410186768,-1,11,9,4,5,-9,-23,-5,-29,-12,-8,-14,-17,-12,sil
16.470969915390015,7,19,13,16,5,0,-27,-3,-28,-2,7,-1,-8,-10,sil
16.470969915390015,11,22,19,24,11,3,-23,0,-28,-4,15,11,1,2,sil
16.486534357070923,10,13,5,27,11,3,-12,5,-15,2,16,17,13,15,sil
16.486534357070923,8,4,10,26,2,15,-2,7,0,20,23,17,19,13,sil
16.5030517578125,4,2,4,26,0,23,3,2,3,22,23,6,13,6,sil
16.5030517578125,0,-1,-1,25,2,23,10,0,0,8,7,0,3,4,sil
16.51842427253723,0,-5,4,18,6,24,22,2,-3,9,1,2,1,9,sil
16.51842427253723,0,-6,-1,8,6,14,27,1,2,20,8,1,9,15,sil
16.533494472503662,-4,-2,3,0,-3,0,15,-1,4,9,-5,0,4,12,sil
16.533494472503662,-3,-6,1,-1,-7,-3,8,-5,8,-2,-21,2,-7,8,sil
16.549572706222534,7,-7,-1,0,2,7,17,0,24,7,-8,4,0,18,sil
16.549572706222534,8,-3,-4,0,3,13,20,8,32,15,-3,-2,8,16,sil
16.56478452682495,-7,-8,-19,-6,-2,0,12,2,24,3,-24,-20,-1,-2,sil
16.56478452682495,-12,-11,-8,-15,-5,-10,0,-2,21,-1,-25,-18,-5,-10,sil
16.580804347991943,-5,-13,-7,-16,-7,-7,-1,0,21,0,-8,-8,0,-6,sil
16.580804347991943,-5,-18,-16,-24,-15,-13,-2,-1,2,-11,-20,-15,-17,-10,sil
16.596429347991943,-5,-11,-8,-27,-14,-13,-4,-3,-15,-24,-32,-18,-31,-18,sil
16.596429347991943,6,3,-11,-8,-1,-9,-2,0,-9,-15,-3,0,-6,-11,sil
16.6120662689209,7,2,-4,-12,0,-15,-11,0,-6,-8,18,7,7,-5,sil
16.6120662689209,-3,-6,-1,-31,-12,-18,-24,-4,-15,-15,4,0,-4,-15,sil
16.627695560455322,2,3,1,-11,-7,-11,-23,0,-5,-5,9,14,5,-2,sil
16.627695560455322,16,21,15,14,9,-3,-11,6,16,18,36,36,28,21,sil
16.643216848373413,7,15,6,10,2,-1,-4,2,11,13,21,21,13,10,sil
16.643216848373413,-4,1,1,-4,-2,-1,-9,-2,-21,-13,-8,0,-15,-14,sil
16.658899784088135,-4,0,0,-8,12,4,-11,0,-28,-17,0,0,-9,-14,sil
16.658899784088135,-7,6,0,0,9,8,-9,0,-11,-4,5,-2,0,-9,sil
16.67457604408264,-10,9,13,15,0,5,-3,-3,-6,-1,-2,-6,-2,-9,sil
16.67457604408264,0,8,8,20,14,2,8,-3,-10,0,10,3,3,1,sil
16.689676761627197,6,7,6,6,15,0,10,0,-11,-2,16,7,6,5,sil
16.689676761627197,0,6,4,-1,-3,-4,1,0,-11,-10,0,-4,-5,-10,sil
16.705506086349487,-10,3,-1,11,-2,0,0,-2,-10,-10,0,-13,-9,-13,sil
16.705506086349487,-2,5,8,26,8,16,12,0,1,1,5,-2,3,6,sil
16.72053813934326,7,4,2,19,10,16,19,6,17,15,6,7,17,19,sil
16.72053813934326,0,-6,1,2,4,5,7,5,9,9,0,-1,8,10,sil
16.735732555389404,-10,-7,2,5,0,5,-1,0,-8,1,-6,-12,-9,1,sil
16.735732555389404,4,0,-2,17,-2,10,6,0,1,12,-8,-6,-10,9,sil
16.751758098602295,11,-4,3,9,-1,12,7,4,21,23,-8,-5,-5,14,sorry
16.751758098602295,-4,-18,-10,-6,-6,5,1,3,18,17,-10,-16,-7,5,sorry
16.7674617767334,-1,-13,-9,-6,-9,1,10,-1,10,13,-12,-5,-1,5,sorry
16.7674617767334,10,-1,-1,0,-6,3,23,0,17,16,-14,10,7,13,sorry
16.782882928848267,0,-11,-15,-10,-4,-3,15,0,13,11,-17,1,7,14,sorry
16.782882928848267,-12,-24,-10,-34,-5,-9,-6,-6,-3,1,-13,-7,5,7,sorry
16.798484325408936,-4,-15,-6,-31,-11,-6,-15,-6,-3,-4,-5,-1,8,0,sorry
16.798484325408936,6,1,0,-6,-8,-7,-11,-1,5,-8,0,7,6,-5,sorry
16.81359076499939,2,3,4,0,0,-8,-10,1,-1,-12,6,11,0,-4,sorry
16.830624103546143,-3,-5,-11,-18,-3,-10,-18,0,-19,-23,7,2,-6,-10,sorry
16.830624103546143,1,4,2,-17,-6,-12,-18,-2,-21,-33,1,0,-8,-21,sorry
16.830624103546143,12,23,10,7,1,-7,-8,0,-1,-11,14,11,0,-14,sorry
16.84573745727539,16,18,3,12,5,-7,-11,1,5,7,26,12,4,-1,sorry
16.84573745727539,12,8,4,-2,1,-8,-16,4,-3,-4,17,9,4,-6,sorry
16.861705780029297,7,10,4,0,4,-7,-3,2,1,-11,17,14,10,-7,sorry
16.861705780029297,9,15,16,16,5,-7,2,2,5,-3,17,14,8,0,sorry
16.8763906955719,9,15,11,26,4,-1,-3,0,-2,-2,2,1,-3,-2,sorry
16.8763906955719,0,10,-4,26,5,9,1,-5,-2,0,2,-5,-9,-7,sorry
16.89168429374695,-14,0,-2,9,3,15,14,-1,-5,1,11,-3,-8,-4,sorry
16.89277172088623,-23,-14,-7,-7,-1,6,6,-1,-21,-9,-6,-14,-14,-4,sorry
16.908254861831665,-24,-12,-4,-8,-1,5,-2,-1,-19,-15,-31,-28,-24,-14,sorry
16.908254861831665,-15,-1,-1,5,7,19,13,6,1,3,-22,-20,-13,-7,sorry
16.923917293548584,-3,-1,4,17,14,22,26,6,11,26,-2,-2,10,17,sorry
16.923917293548584,1,-4,4,15,6,12,15,1,7,26,-4,1,9,19,sorry
16.939485788345337,0,-5,-12,8,1,7,16,1,14,20,-14,-4,-7,7,sorry
16.939485788345337,-9,-11,-3,-2,7,13,24,4,25,26,-14,-9,-3,12,sorry
16.9547860622406,-12,-19,-4,-17,6,12,12,2,16,23,-9,-12,7,11,sorry
16.96919822692871,-9,-9,-14,-17,-2,0,0,-3,-1,3,-11,-13,2,0,sorry
16.96919822692871,0,1,0,-5,-1,-6,5,-3,7,5,-7,-5,8,7,sorry
16.984338521957397,11,-10,-1,-17,-4,-14,3,0,24,16,10,5,24,17,sorry
16.984338521957397,6,-17,-4,-40,-28,-29,-19,-1,7,-7,8,5,8,0,sorry
16.999550819396973,-3,-1,0,-31,-25,-26,-30,-2,-6,-26,0,5,-6,-12,sorry
16.999550819396973,7,6,3,-18,2,-12,-21,-4,1,-7,17,26,14,6,sorry
17.015557289123535,24,6,11,-26,-7,-16,-23,-6,-17,-13,27,38,22,9,sorry
17.015557289123535,17,8,3,-10,-23,-25,-37,-5,-43,-38,14,21,0,-13,sorry
17.03095817565918,2,21,7,22,8,-13,-36,0,-32,-34,10,6,-12,-26,sorry
17.03095817565918,-1,29,10,27,23,-1,-24,0,-21,-24,7,0,-14,-25,sorry
17.046520948410034,12,11,8,14,0,0,-7,1,-21,-27,-4,-1,-12,-13,sorry
17.046520948410034,27,-1,24,16,0,11,6,8,-15,-19,-5,9,-5,1,sorry
17.061814785003662,5,9,3,31,2,18,13,3,-10,-13,-9,0,-16,-7,sorry
17.061814785003662,-17,16,-10,37,-2,19,18,-1,-6,-9,-16,-25,-23,-16,sorry
17.07678198814392,-4,6,3,36,6,28,29,3,12,21,0,-15,0,12,sorry
17.07678198814392,7,0,2,34,13,27,34,2,31,53,10,5,11,32,sorry
17.09182858467102,0,0,0,23,11,17,37,0,37,52,0,0,4,21,sorry
17.09182858467102,-5,-15,-10,4,9,10,36,1,33,36,-3,-12,3,11,sorry
17.107957363128662,-9,-35,-22,-15,-4,5,16,-3,14,18,-9,-18,-5,3,sorry
17.107957363128662,-16,-24,-19,-27,-11,4,5,-5,4,11,-20,-16,-10,-4,sorry
17.123493432998657,-21,-14,-20,-30,-2,-6,-1,0,2,7,-14,-15,0,-3,sorry
17.123493432998657,-17,-16,-5,-28,-6,-25,-22,2,-5,-7,-5,-7,4,-4,sorry
17.139038562774658,-3,-6,0,-16,-4,-12,-17,2,6,0,2,7,11,-1,sorry
17.139038562774658,1,0,0,-9,8,4,2,1,32,22,11,8,24,8,sorry
17.154245853424072,-5,-6,6,-16,0,-5,-3,3,18,7,8,-1,15,2,sorry
17.154245853424072,1,0,2,-14,-11,-18,-15,2,-6,-13,5,4,5,-5,sorry
17.170795917510986,22,26,14,1,5,-1,-4,0,2,-5,17,24,12,3,sorry
17.170795917510986,30,28,13,10,21,6,1,-3,10,0,29,31,18,14,sorry
17.18545413017273,13,3,2,-2,4,-8,-9,-11,-22,-24,10,12,0,0,sorry
17.18545413017273,-17,-2,-5,-20,-11,-12,-26,-8,-53,-44,-12,-6,-23,-27,sorry
17.200597286224365,-22,4,-12,-14,-1,-7,-25,-1,-40,-28,0,-4,-15,-22,sorry
17.200597286224365,0,6,7,-1,0,-12,-20,1,-19,-9,13,11,0,1,sorry
17.215742588043213,9,1,14,6,-10,-11,-14,2,-11,-8,-3,4,-7,-1,sorry
17.215742588043213,4,2,8,20,-5,2,1,7,3,-3,-16,-14,-13,-12,sorry
17.234410047531128,-1,-2,5,11,-2,14,18,8,15,0,-14,-19,-6,0,sorry
17.234410047531128,-13,-16,-13,-14,-7,8,22,-4,8,-6,-19,-16,-7,0,sorry
17.24855875968933,-15,-5,0,-3,3,7,20,-6,0,-2,-15,-9,-9,-8,sil
17.24855875968933,-2,13,8,28,16,15,12,4,1,1,4,-1,-2,-2,sil
17.26274299621582,4,11,-3,25,10,9,0,0,-6,-10,0,-4,-7,3,sil
17.26274299621582,5,8,3,13,0,1,0,-1,-17,-5,-14,-2,-11,0,sil
17.278427124023438,14,13,3,23,-1,1,12,2,-9,23,0,12,4,8,sil
17.293797969818115,14,7,0,16,-1,1,7,-2,-4,26,10,9,10,18,sil
17.293797969818115,-7,-8,-7,-9,-3,0,-8,-7,-8,2,-16,-15,-6,0,sil
17.293797969818115,-17,-10,-17,-17,-6,-1,-7,-3,-1,-3,-25,-20,-9,-3,sil
17.310862064361572,4,2,1,0,1,1,1,0,16,18,7,4,9,24,sil
17.310862064361572,19,2,0,7,4,5,4,2,34,40,29,16,24,34,sil
17.325233459472656,16,-5,2,-2,-5,-1,-4,5,38,32,23,21,24,19,sil
17.340825080871582,17,-4,10,-10,-7,-17,-9,2,30,12,21,25,19,9,sil
17.340825080871582,19,0,2,-14,-1,-16,0,-2,26,2,21,13,11,-3,sil
17.355482816696167,4,-4,2,-17,-4,0,9,4,15,-6,9,6,0,-22,sil
17.355482816696167,-16,-14,-11,-13,-1,-5,2,2,-5,-20,2,0,-2,-22,sil
17.373612642288208,-26,-21,-14,-16,0,-15,-11,-3,-21,-28,0,-12,-5,-16,sil
17.373612642288208,-18,-19,1,-8,0,8,-3,3,-11,-12,-3,-17,-10,-18,sil
17.373612642288208,-11,-12,2,13,7,24,14,6,-1,0,-19,-16,-11,-12,sil
17.38762903213501,-15,-7,0,15,8,14,15,0,-9,-6,-35,-21,-12,-1,sil
17.404594659805298,-9,-4,-5,17,10,13,13,-1,-11,-4,-24,-13,-6,4,sil
17.404594659805298,0,-1,3,19,16,15,15,0,6,14,0,5,9,11,sil
17.404594659805298,-5,-16,4,-6,-3,1,0,-1,14,16,4,6,20,11,sil
17.418669939041138,-6,-32,-10,-35,-22,-18,-24,-8,-9,-10,2,-5,6,-7,sil
17.43676233291626,4,-1,-2,-30,-11,-25,-34,-7,-36,-37,4,0,-13,-21,sil
17.43676233291626,9,43,0,-3,-2,-18,-29,-4,-35,-33,11,10,-13,-11,sil
17.43676233291626,9,43,4,21,4,-10,-24,-3,-31,-14,15,5,-4,-1,sil
17.45186448097229,12,32,22,35,23,7,-1,4,-26,0,6,7,-1,4,sil
17.452886819839478,8,44,10,39,21,25,27,8,7,21,-7,12,4,22,sil
17.467536687850952,-2,34,-1,17,-1,21,29,2,34,36,-11,-1,0,21,sil
17.481701850891113,-2,1,-11,-16,-9,0,14,-3,26,24,-3,-11,-2,2,sil
17.48220682144165,12,38,-2,-15,0,-17,0,-1,15,4,1,8,13,1,sil
17.49712896347046,22,94,14,-1,0,-22,-16,1,12,-7,2,22,9,5,sil
17.49712896347046,15,23,4,-22,-5,-17,-18,-4,-1,-17,0,10,-20,3,sil
17.515836238861084,2,-80,3,-27,-11,-7,-14,-2,-15,-24,-2,4,-28,0,sil
17.516836166381836,-9,-65,1,8,-7,3,-8,5,-16,-11,-5,0,-10,-11,sil
17.516836166381836,-17,-26,-7,19,5,16,7,1,-10,4,-1,-15,0,-14,sil
17.527878284454346,-17,-47,-2,7,9,22,24,1,1,8,0,-23,0,-1,sil
17.543017625808716,-13,-62,-10,4,-6,13,25,4,18,13,-5,-25,0,-3,sil
17.543017625808716,-10,-34,-16,-10,-14,2,13,0,29,22,-7,-18,7,-7,sil
17.558534145355225,-1,-13,-10,-20,-5,-2,8,0,26,16,6,0,14,7,sil
17.558534145355225,12,-21,1,-10,0,-9,5,0,14,-1,24,16,8,14,sil
17.57449245452881,17,-9,8,-9,-8,-15,-12,0,0,-15,21,17,2,3,sil
17.57449245452881,4,32,-4,-7,-7,-12,-18,0,-12,-10,5,10,4,-2,sil
17.590138912200928,-4,36,0,12,8,3,0,0,-11,-1,-4,0,0,-6,sil
17.590138912200928,-8,2,0,11,9,9,3,-2,-7,-6,-12,-18,-3,-19,sil
17.60581636428833,-18,2,-5,1,-1,4,0,2,-12,-1,-17,-23,-2,-13,sil
17.60581636428833,-14,16,9,22,6,13,6,7,-14,22,-6,-3,2,10,sil
17.62089729309082,1,-2,5,28,7,15,7,-3,0,24,-4,0,5,16,sil
17.62089729309082,5,-15,-1,-1,-15,2,3,-7,6,5,-19,-10,-1,4,sil
17.636494159698486,1,5,-2,-6,-4,1,4,-1,4,4,-9,-1,2,6,sil
17.636494159698486,9,26,0,0,18,-5,-6,-3,6,1,11,12,15,9,sil
17.65192699432373,20,20,13,-20,0,-15,-18,0,12,-12,10,24,9,7,sil
17.65192699432373,20,3,3,-24,-6,-10,-13,3,5,-14,9,33,5,12,sil
17.668022871017456,10,11,3,-1,11,-10,-19,0,-14,-21,12,21,8,3,sil
17.668022871017456,4,25,11,7,14,-12,-17,0,-14,-23,14,5,4,-16,sil
17.683663845062256,8,20,-1,11,8,-3,4,1,4,-1,26,15,6,-6,sil
17.683663845062256,3,9,2,11,11,0,10,0,4,9,27,19,3,3,sil
17.698827743530273,-15,-6,-1,-3,2,-1,1,-1,-15,-1,-1,-7,-18,-13,sil
17.698827743530273,-26,-19,-9,-8,-8,3,0,-5,-20,-2,-30,-21,-34,-24,sil
17.714958667755127,-12,-5,-2,17,1,18,9,-2,-7,7,-18,-6,-21,-8,sil
17.714958667755127,-1,1,-2,33,11,19,25,3,0,11,-2,-2,-8,8,sil
17.7304790019989,-12,-17,-3,0,-4,10,24,5,0,2,-19,-20,-16,8,sil
17.7304790019989,-15,-24,-13,-18,-14,1,9,2,12,0,-32,-28,-17,0,sil
17.746520280838013,-1,-11,-6,-2,-8,-3,0,0,22,6,-19,-23,-1,2,sil
17.746520280838013,5,-6,1,-10,-12,-3,-3,0,11,3,-10,-20,7,7,sil
17.762592792510986,4,-15,-8,-35,-23,-10,-17,-4,1,-6,-3,-15,2,1,sil
17.762592792510986,6,-12,3,-32,-22,-17,-29,-1,3,-12,7,-2,3,-6,sil
17.778050184249878,10,0,2,-19,-10,-13,-21,0,3,-10,18,6,19,-2,sil
17.778050184249878,8,4,-2,-12,-6,-12,-14,-2,-5,-9,23,18,20,0,sil
17.794153690338135,0,11,13,1,-8,-10,-22,-3,-15,-8,24,30,6,-5,sil
17.794153690338135,2,21,7,26,10,3,-8,0,-7,0,25,23,5,-4,sil
17.809930086135864,11,28,14,42,35,18,21,7,4,12,26,12,9,2,sil
17.809930086135864,2,17,8,41,26,16,25,4,2,13,11,0,0,2,sil
17.82570767402649,-11,-2,-8,25,9,11,15,1,-7,7,-8,-14,-7,0,sil
17.82570767402649,-10,-12,0,5,12,16,18,4,-10,6,-11,-10,0,0,sil
17.841805934906006,-6,-14,-3,-4,10,10,20,-1,-7,10,-12,-5,0,2,sil
17.841805934906006,-7,-14,-1,-2,-1,4,14,-5,-4,7,-29,-13,-10,8,sil
17.857619047164917,-3,-9,-4,0,-1,9,16,3,8,8,-30,-9,-5,6,sil
17.857619047164917,1,-8,-15,-10,0,3,13,1,18,13,-8,6,10,5,sil
17.872906923294067,6,-10,-7,-27,-12,-12,-2,-3,7,3,-3,6,7,8,sil
17.872906923294067,6,-11,-8,-29,-22,-25,-14,0,5,-3,-10,-1,-1,1,sil
17.88887047767639,1,-4,-1,-24,-21,-22,-16,0,16,-3,-3,4,-3,-10,sil
17.88887047767639,5,4,6,-17,-8,-12,-14,-8,12,-8,8,15,2,-5,sil
17.904760360717773,21,15,6,1,6,-12,-14,-6,0,-10,25,20,17,11,sil
17.904760360717773,28,26,17,16,8,-9,-17,9,7,-2,41,33,23,18,sil
17.919798135757446,10,27,14,17,9,0,-13,6,9,-3,31,29,9,9,sil
17.919798135757446,-8,16,7,12,15,0,-14,-3,-16,-20,0,-2,-9,-6,sil
17.935422658920288,-16,5,-1,15,13,0,-17,0,-35,-29,-13,-27,-20,-19,sil
17.935422658920288,-18,-1,-11,17,3,7,-6,0,-28,-16,-12,-27,-26,-21,sil
17.9509494304657,-19,-7,-1,11,1,18,13,-2,-13,3,-13,-23,-19,-16,sil
17.9509494304657,-14,-8,-9,10,5,22,22,0,3,18,-5,-21,0,-5,sil
17.966570377349854,-7,-2,-6,12,4,22,22,1,11,23,0,-11,4,6,sil
17.966570377349854,-11,-7,3,2,-3,19,20,0,6,17,-9,-5,-2,9,sil
17.981648206710815,-14,-23,-6,-16,-16,0,9,-4,4,6,-14,-8,-1,5,sil
17.981648206710815,-3,-20,-2,-31,-19,-18,0,0,8,1,-8,-6,7,3,sil
17.997461557388306,6,-4,-7,-29,-9,-13,-1,2,11,7,-5,0,10,3,sil
17.997461557388306,11,1,-6,-20,-1,-6,-11,-2,9,3,-3,11,6,1,sil
18.01323676109314,15,9,6,-10,0,-11,-18,-5,-1,-9,6,18,3,-1,sil
18.01323676109314,19,14,4,-1,-2,-12,-10,-2,-16,-14,14,20,-1,-5,sil
18.0279483795166,19,12,8,0,-2,-4,-6,1,-18,-16,13,24,-6,-9,sil
18.04362773895264,10,7,4,0,0,-5,-7,1,-7,-14,8,14,-8,-12,sil
18.04362773895264,-4,3,2,2,0,-12,-4,-2,-4,-14,-2,-11,-15,-17,sil
18.04362773895264,-12,0,0,5,2,-4,-4,-1,-14,-18,-10,-21,-21,-20,sil
18.05921030044556,-11,-3,-11,11,5,5,-4,0,-19,-16,-6,-14,-13,-9,sil
18.05921030044556,-11,-4,0,18,3,11,4,2,-8,-2,-3,-16,-2,3,sil
18.084447622299194,-9,-8,3,21,9,16,14,10,9,18,-1,-12,10,15,sil
18.084447622299194,-2,-11,0,15,16,17,15,10,17,27,-2,-2,18,22,sil
18.084447622299194,0,-7,4,10,6,18,14,2,18,22,-6,0,10,16,sil
18.090500593185425,1,-1,-2,11,-1,15,20,0,32,27,0,3,8,18,sil
18.106420516967773,8,2,4,2,0,1,19,4,40,35,14,16,17,32,sil
18.106420516967773,12,3,2,-10,-5,-14,7,0,25,24,18,16,20,23,sil
18.12177467346192,9,2,0,-8,-11,-10,-1,-5,8,6,17,15,16,5,sil
18.139138221740723,11,10,13,0,1,5,2,-3,6,0,16,24,17,9,sil
18.139138221740723,13,9,3,-3,7,-3,10,-4,0,-3,11,17,17,13,sil
18.139138221740723,7,-2,-2,-16,-5,-15,-3,-3,-14,-9,6,5,11,0,sil
18.153866052627563,0,-5,-3,-19,-11,-9,-22,-1,-13,-15,4,6,1,-10,sil
18.153866052627563,0,2,-5,-8,-2,-4,-16,-3,-8,-14,3,5,-11,-17,sil
18.168914556503296,-1,11,5,5,8,0,-5,2,-10,-6,0,-5,-17,-22,sil
18.185604095458984,-9,1,-10,0,7,3,-15,1,-14,-7,-15,-24,-18,-24,sil
18.185604095458984,-21,-11,-13,-20,-6,-8,-25,-9,-23,-20,-31,-32,-25,-24,sil
18.185604095458984,-16,-3,-4,-13,-8,-14,-11,-3,-21,-18,-12,-13,-21,-19,sil
18.19963312149048,-8,3,-7,-2,-1,-10,-4,3,-13,-19,-14,-6,-18,-15,sil
18.19963312149048,-21,-8,-10,-18,-5,-10,-19,-3,-26,-39,-61,-31,-38,-26,sil
18.215749263763428,-19,-6,-5,-4,0,-3,-16,-5,-18,-19,-39,-27,-24,-17,sil
18.215749263763428,3,14,17,31,16,13,4,5,12,19,25,7,12,9,sil
18.232409238815308,4,10,10,28,9,17,3,4,1,5,9,0,2,6,sil
18.24744868278504,-5,-3,-6,15,-1,6,-5,-1,-22,-16,-16,-10,-14,-4,sil
18.24744868278504,8,0,14,27,6,16,18,8,9,14,27,21,12,15,sil
18.26167583465576,18,-6,9,18,6,26,42,8,43,40,42,26,30,30,sil
18.26167583465576,5,-19,-2,-5,-8,14,26,-3,25,21,9,0,12,18,sil
18.27747893333435,0,-9,-2,-6,-10,2,11,0,16,14,5,-1,6,12,sil
18.27747893333435,3,-2,-4,-5,-3,2,21,2,28,22,10,5,17,16,sil
18.296437740325928,0,-2,3,-14,-5,-1,18,0,21,14,-4,0,14,9,sil
18.296437740325928,-1,1,-6,-10,-4,-11,0,-3,11,6,-7,-3,4,3,sil
18.296437740325928,3,0,-4,-11,0,-14,-17,-3,7,4,0,1,4,3,sil
18.3098258972168,6,3,3,-18,0,-15,-23,-1,-5,-2,4,14,9,-3,sil
18.3098258972168,5,15,-7,-7,0,-16,-19,0,-11,-6,13,23,5,-6,sil
18.323879957199097,14,22,6,7,3,-10,-14,2,-9,-13,17,19,-4,0,sil
18.3399465084076,18,13,10,3,0,-9,-9,0,-14,-20,11,12,-7,0,sil
18.3399465084076,13,8,5,-3,0,-7,2,-1,-16,-12,9,12,-2,-3,sil
18.35597515106201,7,18,11,7,5,4,16,5,-14,-5,9,9,0,0,sil
18.35597515106201,0,13,2,12,2,4,8,0,-22,-14,-4,-11,-9,-4,sil
18.37294030189514,-13,-2,2,3,0,1,-10,-5,-29,-15,-18,-26,-13,-13,sil
18.37294030189514,-18,-9,0,8,8,16,-4,0,-16,6,-11,-21,-1,-3,sil
18.388750553131104,-19,-9,-9,14,5,26,11,5,3,19,-13,-22,0,5,sil
18.388750553131104,-23,-15,-8,2,-3,15,11,5,18,16,-28,-25,-12,-2,sil
18.40279984474182,-14,-18,-9,-9,0,4,7,0,25,15,-18,-13,-4,0,sil
18.40279984474182,0,-14,0,-14,-3,1,1,-1,22,14,0,4,16,18,sil
18.41856861114502,0,-16,-3,-11,-15,-4,-6,-1,20,10,0,10,19,19,sil
18.41856861114502,0,-17,-8,-6,-13,-18,-12,-6,12,-1,3,8,2,0,sil
18.433584928512573,11,-12,0,-3,-3,-18,-15,-6,0,-17,11,10,-5,-12,sil
18.433584928512573,11,-14,-5,-1,-1,-6,-10,0,0,-17,8,14,0,-14,sil
18.44861674308777,9,-13,2,2,2,0,2,0,5,-9,6,16,2,-9,sil
18.44861674308777,12,-14,5,5,11,-4,4,0,3,-8,12,12,0,-8,sil
18.464699029922485,0,-15,-1,0,6,-8,-10,0,-10,-11,7,0,-2,-15,sil
18.464699029922485,-13,19,2,-1,0,0,-11,2,-18,-8,-7,-9,-11,-15,sil
18.480705738067627,-1,61,-3,14,8,9,10,0,-6,3,-7,-10,-7,-1,sil
18.480705738067627,8,52,10,24,14,4,12,1,-4,8,3,-5,0,0,sil
18.49675989151001,0,24,11,12,5,-1,-4,1,-29,-6,2,-6,-8,-1,sil
18.49675989151001,-5,16,-1,2,-1,0,-8,0,-34,-16,-7,-8,-11,6,sil
18.51235127449036,0,11,7,2,0,9,1,0,-8,0,-13,-12,-1,6,sil
18.51235127449036,-1,-5,0,5,0,13,11,-1,9,15,-18,-17,-2,2,sil
18.52752685546875,-3,-18,-6,-7,-7,8,20,1,13,16,-15,-8,-2,14,sil
18.52752685546875,0,-19,-9,-37,-11,4,20,4,21,17,3,4,9,19,sil
18.54277372360229,-4,-17,-16,-44,-9,-7,0,0,18,8,11,1,6,6,sil
18.54277372360229,-7,-11,0,-20,-9,-15,-15,-3,10,-8,1,2,-4,-2,sil
18.55848503112793,9,-4,2,-6,-6,-8,-7,-5,10,-6,12,17,5,0,sil
18.55848503112793,19,6,3,-5,0,-3,-5,-1,-3,0,22,25,8,0,sil
18.57353711128235,6,12,11,15,6,-4,-9,4,-22,-4,10,18,0,0,sil
18.57353711128235,-1,5,9,37,11,3,4,1,-7,-5,5,6,-4,2,sil
18.588558197021484,-2,-3,14,31,9,18,18,5,15,12,8,2,-20,4,sil
18.588558197021484,-7,-14,-4,14,5,16,17,7,20,31,0,-6,-2,4,sil
18.60383081436157,-8,-20,-15,-4,1,4,9,-3,11,18,-15,-19,53,3,sorry
18.60383081436157,-4,-15,-8,-18,-3,-4,-2,-4,6,-4,-20,-17,49,0,sorry
18.61992049217224,2,-8,-6,-16,-11,-12,-8,0,14,0,-5,2,0,0,sorry
18.61992049217224,12,-1,8,-10,-15,-17,-8,0,25,9,11,20,-1,7,sorry
18.63552308082581,13,6,3,-13,-11,-19,-8,-1,20,2,17,16,16,6,sorry
18.63552308082581,10,13,-2,-10,0,-15,-13,0,-1,-6,18,12,0,-6,sorry
18.65066146850586,6,14,5,9,8,-2,-13,0,-21,-19,12,17,-17,-19,sorry
18.65066146850586,-4,9,0,22,7,-1,-10,-3,-32,-36,-7,1,-28,-23,sorry
18.66667008399964,-14,4,0,10,0,-5,-11,0,-40,-37,-20,-18,-41,-24,sorry
18.66667008399964,-8,3,-3,7,0,6,-4,3,-32,-15,-10,-20,-25,-20,sorry
18.682547092437744,0,4,0,22,15,19,10,0,-15,-1,-9,-17,-9,-9,sorry
18.682547092437744,-1,3,4,23,22,22,14,0,-14,-7,-17,-15,-17,-2,sorry
18.69764256477356,-12,-5,-13,4,6,14,1,-2,-25,-11,-12,-13,-18,-4,sorry
18.69764256477356,-14,-7,0,-2,-4,7,-7,-1,-16,3,-8,-12,-2,1,sorry
18.712820529937744,0,4,14,9,7,11,6,0,8,25,-1,-6,13,14,sorry
18.712820529937744,6,7,6,12,13,13,18,0,20,31,8,2,20,21,sorry
18.728902339935303,0,-2,2,-3,-2,6,13,-2,18,28,11,4,20,20,sorry
18.728902339935303,-4,-10,-7,-15,-16,1,10,0,22,27,9,2,23,19,sorry
18.746577978134155,0,-9,-4,-17,-12,3,5,5,26,15,8,7,23,12,sorry
18.746577978134155,6,-4,-4,-13,-7,-6,0,6,24,0,3,7,13,5,sorry
18.76017141342163,5,-4,-8,-12,-11,-21,0,-1,19,1,-6,1,0,3,sorry
18.76017141342163,-3,-8,1,-22,-16,-16,0,-3,5,1,-13,0,-6,0,sorry
18.775108337402344,-8,-13,-5,-32,-18,-9,-2,0,0,-9,-4,7,-1,-2,sorry
18.791932821273804,1,-4,-5,-20,-9,-11,-1,3,10,-10,5,10,0,-1,sorry
18.791932821273804,9,7,-1,-6,4,-4,1,0,17,-7,-1,-1,-6,-2,sorry
18.791932821273804,10,3,0,-10,5,-1,-3,-2,0,-15,-6,-2,-5,-3,sorry
18.806988954544067,18,3,9,-3,-1,-11,-14,0,-12,-16,14,17,5,-2,sorry
18.82296085357666,19,15,6,16,0,-12,-14,0,-3,0,31,26,15,6,sorry
18.82365393638611,5,12,9,15,10,-3,-15,0,0,7,13,8,8,9,sorry
18.82365393638611,-3,1,0,4,10,-6,-26,3,-6,-7,-8,-9,-11,-10,sorry
18.83867573738098,-5,2,-10,4,4,-12,-26,1,-22,-20,-8,-16,-27,-27,sorry
18.83867573738098,-6,9,8,7,3,-1,-3,-1,-33,-17,1,-8,-15,-15,sorry
18.85485076904297,-4,7,9,13,7,13,12,-5,-24,-5,6,-3,1,-1,sorry
18.86989140510559,-5,3,5,19,11,15,7,-3,-15,-4,0,-4,-3,-7,sorry
18.86989140510559,-9,1,3,22,12,11,7,0,-10,-3,-6,-2,-11,-15,sorry
18.86989140510559,-14,-1,-6,20,9,11,15,0,5,13,1,1,0,-3,sorry
18.886495351791385,-13,-3,6,16,3,19,20,0,17,25,7,0,9,12,sorry
18.886495351791385,0,3,12,27,8,24,32,0,13,21,-3,3,8,16,sorry
18.900593757629395,11,5,0,28,10,22,36,2,1,17,-13,4,0,11,sorry
18.90159249305725,-5,-7,-17,-3,-3,12,14,4,-9,8,-17,-11,-13,0,sorry
18.919686317443848,-20,-18,-16,-23,-13,-6,-7,-1,-4,-1,-21,-23,-13,-6,sorry
18.919686317443848,1,-12,7,-14,-11,-18,-16,-5,15,5,-3,-2,6,6,sorry
18.935561180114743,20,-9,1,-8,-12,-17,-19,-5,19,10,15,12,19,21,sorry
18.935561180114743,3,-16,-11,-14,-14,-12,-19,-7,1,-9,-2,-3,7,10,sorry
18.94881153106689,-15,-13,-11,-24,-12,-2,-8,-2,-5,-27,-26,-21,-12,-9,sorry
18.96448826789856,-6,-6,-17,-29,-10,4,5,0,9,-13,-13,-11,-7,-5,sorry
18.96448826789856,5,-2,-1,-26,-7,0,14,6,24,8,9,8,15,8,sorry
18.982898235321045,2,-1,2,-20,-9,-5,13,7,18,11,19,13,20,5,sorry
18.982898235321045,1,2,0,-13,-9,-11,0,0,0,-2,16,6,7,-6,sorry
18.982898235321045,6,11,6,-1,0,-13,-8,0,1,-2,8,11,6,-7,sorry
18.994924068450928,11,12,0,1,5,-10,-11,5,14,8,9,15,11,-4,sorry
19.010774850845337,11,5,4,-2,0,-7,-19,1,4,1,13,13,0,-7,sorry
19.010774850845337,5,6,8,1,5,-4,-16,-2,-11,-11,8,7,-9,-8,sorry
19.027451753616333,6,14,6,7,13,1,-5,0,-19,-15,-1,4,-8,0,sorry
19.027451753616333,13,19,10,10,8,-1,-9,-2,-28,-13,-5,8,-9,2,sorry
19.027451753616333,5,11,8,13,6,-8,-13,-5,-32,-11,1,4,-8,0,sorry
19.041661500930783,-2,11,16,19,16,5,-4,3,-19,-7,4,-3,-2,1,sorry
19.05714249610901,3,17,12,32,18,15,-3,5,-5,-1,4,-2,0,3,sorry
19.05714249610901,5,8,1,34,10,1,-12,-3,-9,5,4,-1,0,2,sorry
19.072895288467407,-4,-4,1,18,10,4,0,-2,-8,13,6,-7,2,10,sorry
19.072895288467407,-14,-11,-14,5,9,19,25,1,10,21,2,-9,10,12,sorry
19.08882713317871,-19,-14,-8,0,1,25,38,0,16,19,-13,-13,0,-2,sorry
19.08882713317871,-15,-15,-2,1,4,26,38,6,8,18,-20,-19,-12,-6,sorry
19.104485034942627,-13,-16,-13,-1,-1,21,31,5,19,16,-13,-18,-7,3,sorry
19.104485034942627,-15,-19,-12,-14,-20,4,14,-4,26,-1,-12,-10,-2,-1,sorry
19.1205575466156,0,-8,-11,-7,-10,-4,5,-9,10,-12,-4,4,2,-1,sorry
19.1205575466156,15,0,-2,0,-4,-10,5,-3,-1,-6,4,14,11,14,sorry
19.13767004013061,4,-15,-2,-23,-28,-22,-9,-1,0,-11,-7,-1,3,0,sorry
19.13767004013061,-11,-25,-11,-41,-35,-29,-30,-3,1,-15,-23,-17,-10,-21,sorry
19.13767004013061,-7,-10,-5,-33,-17,-22,-32,-1,-1,-9,-17,-7,-13,-13,sorry
19.15351748466492,-3,0,-3,-24,-7,-16,-24,0,-4,-16,-11,-2,-12,-6,sil
19.15351748466492,-1,3,2,-18,-3,-20,-27,-2,-11,-28,-4,0,-8,-10,sil
19.167602062225345,7,11,7,-6,-4,-18,-32,0,-16,-14,22,18,7,0,sil
19.182812690734863,15,19,11,4,-1,-2,-16,4,-9,13,40,29,19,10,sil
19.182812690734863,16,24,21,21,16,10,8,7,-4,16,23,19,10,3,sil
19.198463201522827,10,21,8,23,17,7,13,7,-5,1,8,9,-1,-4,sil
19.198463201522827,-1,13,-3,4,3,2,2,2,-1,-1,11,8,-2,-4,sil
19.21384167671204,-9,9,1,8,13,8,2,2,3,3,5,5,-6,-6,sil
19.21384167671204,-5,5,4,32,23,16,17,3,12,12,-1,0,-12,-3,sil
19.2295503616333,0,-1,4,30,18,21,26,-1,22,29,2,-3,0,1,sil
19.2295503616333,-3,-8,-4,21,19,20,26,-6,14,35,0,-10,12,1,sil
19.24521565437317,-2,-7,0,26,15,19,30,1,0,24,-6,-13,12,12,sil
19.24521565437317,10,-1,2,13,6,19,36,5,8,17,-3,-6,18,26,sil
19.260783433914185,14,-1,-1,-16,0,6,18,-2,7,2,-5,-4,19,19,sil
19.260783433914185,2,-10,0,-26,-15,-10,-14,-9,-12,-24,-10,-1,6,6,sil
19.27687335014344,3,-7,-7,-19,-21,-17,-26,-6,-7,-29,0,5,3,4,sil
19.27687335014344,13,4,-3,-18,-12,-17,-22,0,5,-21,8,8,2,1,sil
19.29263639450073,5,5,1,-13,-10,-17,-20,4,0,-17,6,6,-9,-10,sil
19.29263639450073,-4,-2,2,-3,-11,-11,-19,1,-15,-19,-2,0,-17,-16,sil
19.307830572128296,-7,0,9,0,0,0,-13,-2,-23,-24,-18,-11,-17,-17,sil
19.307830572128296,-11,2,-2,6,10,7,2,-3,-11,-7,-16,-12,-10,-11,sil
19.32378506660461,-8,-2,-2,10,2,12,17,3,3,18,-3,-5,-4,6,sil
19.32378506660461,-4,-8,0,4,-3,11,18,5,7,23,-8,-7,-2,14,sil
19.339344263076782,-1,-12,-13,-9,-2,-1,6,0,10,10,-11,-8,3,6,sil
19.339344263076782,5,-8,-4,-20,0,-12,-10,0,15,0,0,7,5,2,sil
19.35460352897644,4,-1,-6,-22,-5,-17,-22,-1,3,-12,1,11,-3,-4,sil
19.35460352897644,-7,0,-8,-20,-11,-20,-29,-8,-20,-24,0,1,-14,-22,sil
19.370723724365234,-8,2,1,-7,-1,-11,-23,-5,-31,-19,6,3,-13,-23,sil
19.370723724365234,0,12,6,19,14,6,0,0,-8,6,16,8,-1,0,sil
19.386033058166504,0,13,14,33,10,16,14,4,8,25,14,4,7,12,sil
19.386033058166504,-6,0,5,31,0,9,5,4,1,24,9,-1,6,7,sil
19.40170764923096,-4,-6,0,18,0,4,5,2,1,17,5,-3,5,8,sil
19.40170764923096,0,-6,-2,-2,-3,5,17,0,22,19,3,-2,12,14,sil
19.41714835166931,-1,-11,-8,-16,-18,-3,5,1,26,16,10,3,18,12,sil
19.41714835166931,1,-4,4,-14,-16,-16,-10,5,14,1,9,14,7,-1,sil
19.432833671569824,1,6,-3,-12,-1,-13,0,4,8,-11,0,8,-8,-18,sil
19.432833671569824,-2,9,1,-12,5,0,-1,-1,-12,-26,-2,-1,-13,-21,sil
19.4489164352417,0,11,7,6,11,9,-8,-1,-33,-30,0,-2,-10,-11,sil
19.4489164352417,4,9,-6,24,14,17,9,1,-21,-12,-4,-12,-10,-2,sil
19.46456384658813,-3,-3,2,13,9,28,27,2,1,5,-22,-25,-8,6,sil
19.46456384658813,-6,-14,-7,-3,4,21,23,0,12,5,-31,-24,-2,5,sil
19.4798550605774,3,-9,-5,-6,0,0,16,-1,12,-1,-27,-19,0,1,sil
19.4798550605774,7,0,2,-6,0,-7,15,0,20,0,-16,-7,8,10,sil
19.49541473388672,10,2,-9,-8,1,-12,3,-2,23,7,6,9,26,14,sil
19.49541473388672,17,6,5,-14,-7,-22,-21,-1,-4,-5,20,22,20,2,sil
19.510857820510864,10,6,1,-12,-9,-19,-23,-1,-20,-7,18,19,8,-1,sil
19.510857820510864,4,9,9,1,5,-6,-9,0,-6,7,19,20,11,1,sil
19.52649736404419,3,15,22,15,11,2,-5,0,-10,6,15,15,2,-5,sil
19.52649736404419,-7,3,-9,11,5,4,-10,-3,-23,-7,1,-9,-18,-14,sil
19.54152274131775,-14,-4,3,5,0,8,-7,-1,-13,-4,-3,-15,-21,-4,sil
19.54152274131775,-4,-6,7,15,0,13,4,6,0,12,0,-1,-7,5,sil
19.557644844055176,-1,-13,-8,12,2,11,9,0,6,20,-4,0,-2,8,sil
19.557644844055176,-4,-14,5,-6,-4,8,2,-3,9,14,-9,4,-2,8,sil
19.572773218154907,-7,-10,-12,-8,-9,1,4,-4,9,6,-4,7,2,2,sil
19.57377791404724,0,-6,-5,-5,-4,-2,2,-5,9,2,2,14,4,2,sil
19.588346242904663,10,-2,7,-5,-9,-4,-8,-5,20,6,7,24,7,12,sil
19.588346242904663,8,0,-17,-5,-14,-13,-20,-2,11,-3,2,14,8,8,sil
19.60351657867432,8,15,8,-4,-3,-12,-15,2,-1,-16,1,2,6,0,sil
19.60351657867432,13,25,9,10,11,-2,7,7,15,1,23,4,11,2,sil
19.620535850524902,6,13,-18,15,11,-2,14,8,14,10,23,0,11,0,sil
19.620535850524902,0,7,28,-1,4,-3,0,12,-13,-8,3,-2,0,-5,sil
19.63595700263977,-3,8,22,-4,6,-1,-3,11,-22,-17,-2,-7,-6,-9,sil
19.63595700263977,-18,-2,-30,-1,8,-4,-6,-4,-25,-25,-15,-31,-19,-16,sil
19.650469541549683,-27,-11,-4,-5,-5,-5,-14,-11,-35,-33,-31,-41,-32,-21,sil
19.650469541549683,-24,-11,-6,-2,-13,6,-3,0,-26,-18,-26,-37,-28,-24,sil
19.66589665412903,-20,-16,-29,0,-2,16,14,5,-8,0,-22,-37,-22,-19,sil
19.68178701400757,-20,-21,-3,-17,0,13,14,-3,0,0,-29,-28,-20,-10,sil
19.68178701400757,-14,-25,-16,-26,-6,4,8,-7,7,2,-20,-11,-5,-5,sil
19.68178701400757,9,-14,0,-10,-3,3,10,2,22,17,5,18,19,12,sil
19.698213577270508,35,8,29,5,0,0,13,4,39,36,27,46,41,40,sil
19.6992130279541,31,17,1,5,-1,-13,-1,-5,27,24,31,39,38,30,sil
19.71278667449951,17,18,13,2,4,-16,-14,-3,0,-1,29,26,16,0,sil
19.71278667449951,10,21,18,16,11,-1,-1,0,-7,0,24,19,3,-2,sil
19.730690717697144,5,16,0,32,11,9,11,-4,-3,10,1,3,1,10,sil
19.730690717697144,0,2,5,28,10,14,10,0,1,11,-8,-3,1,9,sil
19.744635105133057,-5,-10,-11,5,2,6,8,0,11,15,-5,-8,-3,-1,sil
19.744635105133057,-4,-13,-4,-20,-11,-6,-5,-7,5,1,-17,-7,-12,-1,sil
19.76067447662353,-2,-10,-1,-26,-12,-22,-23,-6,-6,-20,-16,6,-5,-1,sil
19.76067447662353,-2,-4,-10,-17,-6,-31,-27,3,-23,-27,6,15,0,-17,sil
19.77506256103516,0,9,9,-5,-6,-13,-21,8,-26,-21,14,9,-10,-20,sil
19.79061079025269,0,11,4,6,-4,8,-10,6,-7,-8,8,-1,-12,-3,sil
19.79061079025269,0,0,7,16,4,18,9,5,-1,0,2,-5,-5,6,sil
19.808226585388184,4,0,9,20,18,26,31,5,1,14,0,-1,3,11,sil
19.808226585388184,5,0,-6,7,10,23,32,1,23,25,0,0,13,17,sil
19.808226585388184,-1,-7,0,-11,-6,8,9,0,25,10,-4,-1,9,12,sil
19.82296323776245,0,-4,-3,-9,-2,-3,-6,-3,7,-2,-8,0,3,1,sil
19.83772683143616,12,13,0,-5,3,-10,-10,-5,-3,-9,3,10,6,-8,sil
19.83772683143616,10,21,6,0,-1,-8,-14,-1,-14,-17,22,15,8,-8,sil
19.85299825668335,4,15,1,13,0,-6,-11,-3,-24,-16,17,0,3,-2,sil
19.85299825668335,-2,7,9,11,4,0,-6,-4,-22,-10,-3,-14,-2,-6,sil
19.868834733963013,-18,-5,-4,7,3,16,2,0,-7,0,-8,-23,-8,-10,sil
19.868834733963013,-27,-20,-11,2,-1,14,6,1,3,12,-13,-29,-17,-3,sil
19.88388061523437,-23,-22,-12,-12,-6,0,5,4,6,8,-31,-34,-21,-3,sil
19.88388061523437,-9,-18,-16,-13,0,-1,11,7,15,5,-31,-20,-14,-3,sil
19.89948272705078,2,-7,1,2,7,5,22,3,30,19,-7,4,0,8,sil
19.89948272705078,0,-5,1,-1,0,-4,18,-3,29,21,3,8,8,15,sil
19.91454076766968,0,-10,-2,-18,-10,-16,1,-6,7,7,0,5,10,8,sil
19.91454076766968,13,0,1,-8,0,-12,-4,-1,0,5,6,18,17,11,sil
19.930655479431152,14,10,0,1,6,-11,-7,2,9,3,15,22,21,13,sil
19.930655479431152,0,0,4,-13,-9,-18,-22,0,-5,-8,10,8,10,-6,sil
19.94678044319153,0,0,0,-10,-16,-15,-24,-4,-19,-10,3,2,0,-15,sil
19.94678044319153,18,11,4,4,-2,-3,-10,-4,-7,-10,4,10,-5,1,sil
19.96251893043518,14,7,5,0,3,5,-7,-1,-4,-16,4,7,-9,1,sil
19.96251893043518,-8,-1,-10,-8,-1,2,-11,-4,-15,-21,0,-3,-13,-19,sil
19.97749185562133,-13,0,-3,-7,-4,-4,-10,0,-15,-22,0,0,-12,-21,sil
19.97749185562133,-9,-2,2,-12,-3,-7,-7,5,-12,-12,5,0,-4,-8,sil
19.9930419921875,-7,0,3,-4,0,-4,-4,5,-16,0,2,-3,-1,-5,sil
19.9930419921875,2,14,8,19,3,1,5,3,-9,-3,1,4,-3,-2,sil
20.008915424346924,5,10,4,22,0,8,11,1,-3,-10,3,6,0,1,sil
20.008915424346924,0,2,9,15,4,19,10,0,0,0,2,-1,5,0,sil
20.02444553375244,3,9,8,30,15,25,18,5,17,21,8,3,8,7,sil
20.02444553375244,6,7,4,35,9,21,21,3,19,24,7,2,3,14,sil
20.04001951217652,3,-1,0,13,5,17,11,-2,-6,8,-4,-11,-1,5,sil
20.04001951217652,3,-4,-5,0,12,9,8,-3,-14,3,-8,-13,-4,3,sil
20.05585980415344,0,-4,0,4,6,2,3,0,-10,2,-10,-4,-9,2,sil
20.05585980415344,-5,-8,-2,7,0,3,-1,-1,-6,0,-11,-1,-7,1,sil
20.070940732955933,4,-6,2,0,2,6,5,1,11,10,1,2,8,13,sil
20.070940732955933,11,-1,9,-6,0,2,9,5,30,31,16,6,21,26,sil
20.09351682662964,2,0,-5,-6,-3,-2,0,0,27,31,6,0,19,19,sil
20.09351682662964,-5,-8,-10,-15,-2,-4,1,0,20,10,-14,-9,8,5,sil
20.09351682662964,-8,-16,-14,-25,-8,-8,10,0,18,-2,-15,-13,4,-3,sil
20.101646900177,-9,-11,-14,-34,-14,-14,3,-3,8,-7,-12,-11,0,-5,sil
20.11746382713318,-7,-5,-10,-38,-14,-15,-6,-5,4,-16,-17,-5,-6,-11,sil
20.11746382713318,-6,-7,-17,-27,-16,-19,-11,-1,5,-21,-15,-3,-4,-18,sil
20.132644414901733,-7,-2,-2,-10,-11,-22,-17,1,-2,-18,-3,0,-4,-18,sil
20.132644414901733,1,7,4,-5,5,-13,-16,1,-5,-12,3,5,-5,-14,sil
20.14770746231079,14,8,2,-11,10,-9,-12,0,-2,-8,5,6,-2,-14,sil
20.14770746231079,8,9,5,-9,0,-11,-14,-2,-23,-16,6,4,-3,-12,sil
20.164818286895752,0,15,8,7,0,-10,-19,-6,-38,-20,11,11,-7,-8,sil
20.164818286895752,6,18,22,23,5,-5,-22,-1,-24,-8,18,20,-4,-3,sil
20.17892050743103,6,14,14,27,9,0,-23,1,-18,0,19,11,-3,0,sil
20.17892050743103,-7,6,1,34,7,6,-18,0,-24,0,12,-4,-8,0,sil
20.19445300102234,-7,0,5,41,4,15,-2,3,-10,7,6,-2,-1,2,sil
20.19445300102234,0,-3,2,30,1,19,22,4,4,14,5,1,3,10,sil
20.20975661277771,-7,-8,-2,8,-1,22,33,-1,0,5,0,-4,-4,6,sil
20.20975661277771,-15,-12,-8,-3,-3,23,32,1,7,13,0,-7,-1,2,sil
20.224909782409668,-8,-9,-5,-2,-1,17,32,7,27,26,0,-4,9,10,sil
20.24041724205017,0,-4,0,3,2,12,22,3,29,15,-7,-3,4,10,sil
20.24041724205017,3,-9,-10,1,4,8,10,0,18,5,-11,-8,0,5,sil
20.25584840774536,7,-7,-2,-7,5,9,21,5,14,11,-10,-4,4,11,sil
20.25584840774536,11,-1,4,-7,0,7,28,0,12,6,-16,0,8,16,sil
20.27186417579651,3,-16,-6,-19,-13,-6,0,-10,-1,-11,-27,-7,0,4,sil
20.27186417579651,-6,-27,-10,-40,-24,-18,-28,-5,-15,-19,-22,-10,-3,-3,sil
20.27186417579651,6,-6,-4,-30,-14,-19,-31,0,-15,-12,1,12,13,5,sil
20.287659645080566,25,17,18,-8,0,-14,-27,-5,-9,-6,23,35,21,10,sil
20.30385661125183,19,21,11,-6,4,-11,-24,-7,-8,-5,24,28,9,1,sil
20.30385661125183,13,24,0,4,7,-16,-19,0,-1,-4,21,18,8,1,sil
20.30385661125183,18,33,15,25,13,-12,-11,2,7,-4,20,20,10,1,sil
20.31986665725708,0,22,7,15,14,0,0,0,-1,-10,8,1,-12,-18,sil
20.336358547210693,-15,8,-4,-2,11,5,12,5,-7,-15,0,-22,-34,-31,sil
20.336358547210693,-15,10,-5,9,12,6,19,11,12,-4,2,-19,-23,-22,sil
20.34950804710388,-24,4,-5,21,12,5,14,4,16,6,-7,-20,-16,-19,sil
20.34950804710388,-33,-10,-6,8,4,7,2,-4,-6,5,-24,-33,-24,-22,sil
20.36463522911072,-18,-18,-13,2,-4,5,2,-4,-7,12,-17,-25,-12,-7,sil
20.36463522911072,-7,-21,0,1,-9,3,6,0,-3,15,-10,-9,6,12,sil
20.380199432373047,-12,-26,-2,0,-8,6,7,-2,-16,4,-18,-16,5,11,sil
20.380199432373047,-8,-22,-17,0,-11,5,5,-7,-9,10,-19,-21,3,8,sil
20.39581251144409,2,-7,2,-2,-12,12,1,0,14,24,-8,-3,10,17,sil
20.39581251144409,12,-2,5,-3,-2,9,-3,2,20,15,2,11,18,22,sil
20.411799669265747,20,-2,0,-8,0,-10,-13,-3,10,0,13,26,22,16,sil
20.411799669265747,19,0,3,-17,-7,-16,-15,-1,3,0,20,37,23,6,sil
20.42752361297608,11,0,4,-11,-4,-5,-1,0,-3,-4,18,28,17,1,sorry
20.42752361297608,8,4,8,0,4,0,5,4,-4,-10,11,15,6,2,sorry
20.442725658416748,3,6,-5,-6,3,-4,-1,5,0,-9,8,5,-4,0,sorry
20.442725658416748,-6,0,-7,-16,-5,-13,-10,0,-7,-19,-2,-7,-20,-15,sorry
20.45779657363892,-11,1,3,-6,-9,-10,-9,-4,-19,-23,-11,-12,-25,-22,sorry
20.45779657363892,-9,12,0,-2,0,-1,-4,0,-7,-10,-5,-4,-13,-16,sorry
20.473908185958862,-9,3,0,-15,1,0,-4,0,3,-7,-3,-4,-12,-18,sorry
20.473908185958862,-8,-7,-2,-11,-4,0,-3,-2,0,-12,-6,-10,-13,-14,sorry
20.489450693130493,4,4,6,8,0,5,8,1,0,0,7,2,6,10,sorry
20.489450693130493,22,14,16,16,10,9,17,9,12,9,21,23,21,26,sorry
20.5054988861084,25,6,-1,19,11,4,14,7,21,4,11,20,12,21,sorry
20.5054988861084,17,6,4,24,7,4,8,4,19,9,0,10,8,17,sorry
20.52155613899231,9,7,6,17,4,0,-1,2,9,20,5,6,12,11,sorry
20.52155613899231,4,1,0,7,4,-11,-5,-1,3,10,5,-2,6,0,sorry
20.536797761917114,1,6,2,10,9,-1,1,-7,2,0,-2,-8,0,0,sorry
20.536797761917114,-5,7,-6,12,5,7,-3,-11,-8,1,-3,-5,0,1,sorry
20.552154541015625,-15,-4,-3,3,-3,0,-17,-7,-29,-8,-4,-1,-8,-3,sorry
20.552154541015625,-20,-8,-2,0,-7,-3,-12,1,-33,-18,-4,-11,-15,-14,sorry
20.567833185195923,-17,-3,-4,3,-4,5,-3,4,-21,-4,-5,-20,-14,-12,sorry
20.567833185195923,-12,-3,1,1,1,19,4,2,-10,9,-6,-10,-7,-5,sorry
20.58279824256897,-13,-5,-4,-3,6,17,15,2,-9,0,-6,-3,-4,-9,sorry
20.58279824256897,-17,-5,-1,-2,0,5,8,0,-19,-11,-13,-21,-16,-23,sorry
20.598809480667114,-10,-4,-4,0,-4,0,1,-1,-12,4,-9,-27,-17,-14,sorry
20.598809480667114,4,-2,-6,-4,2,5,10,-2,15,21,2,-3,2,10,sorry
20.61452555656433,11,-2,8,-15,4,5,7,2,29,14,-1,9,12,12,sorry
20.61452555656433,9,-6,0,-14,-5,-6,0,3,23,9,-7,1,12,8,sorry
20.63054347038269,8,-2,0,-6,-9,-8,8,1,23,8,0,3,13,18,sorry
20.63054347038269,8,-1,-3,-6,-4,-5,9,-1,25,2,0,8,9,16,sorry
20.64571976661682,6,-10,-10,-15,-7,-12,0,0,24,2,-3,7,8,6,sorry
20.64571976661682,6,-9,5,-13,-7,-8,0,4,28,7,1,12,14,8,sorry
20.660746812820435,1,-4,-2,-3,-3,-4,0,0,20,1,4,10,10,5,sorry
20.660746812820435,-14,-11,-15,-21,-10,-16,-10,-6,-12,-19,0,0,-8,-14,sorry
20.67687129974365,-20,-17,-16,-42,-13,-11,-12,1,-32,-29,-6,-2,-17,-26,sorry
20.67687129974365,0,0,-7,-15,0,3,-6,2,-18,-20,-4,1,-10,-11,sorry
20.69259738922119,13,23,19,21,10,0,-4,-1,0,-4,9,14,1,4,sorry
20.69295144081116,8,17,10,17,4,-8,-2,0,7,7,22,19,12,4,sorry
20.70751905441284,12,6,3,8,1,-2,-2,1,1,8,16,11,13,4,sorry
20.70751905441284,24,19,13,27,6,3,-2,0,-5,1,10,10,8,6,sorry
20.72264790534973,18,20,6,27,5,-3,-7,-5,-13,-3,8,7,2,2,sorry
20.72264790534973,0,4,4,3,-1,-7,-18,-7,-30,-14,0,-7,-11,-6,sorry
20.737801551818848,-7,2,0,6,0,0,-14,-1,-32,-19,-5,-19,-16,-13,sorry
20.737801551818848,-3,13,8,22,11,10,-5,3,-13,-4,1,-6,-4,-8,sorry
20.75383949279785,5,20,15,25,16,9,-7,2,-1,13,11,7,5,6,sorry
20.75383949279785,6,8,2,25,9,6,-6,-1,4,17,15,7,8,12,sorry
20.76925277709961,-8,-10,5,8,3,12,-3,2,5,4,5,-1,0,3,sorry
20.785245656967163,-27,-19,-3,-9,0,6,0,2,-6,-7,-16,-17,-16,-6,sorry
20.785245656967163,-28,-14,-12,-6,0,-2,12,0,-15,-9,-28,-29,-23,-14,sorry
20.785245656967163,-18,-11,-8,-6,0,7,29,2,-4,1,-18,-20,-15,-15,sorry
20.80527782440185,-15,-13,-16,-14,-1,15,41,1,9,15,-5,-6,-5,-8,sorry
20.80527782440185,-11,-10,-6,-6,-2,14,38,1,14,16,-2,0,0,3,sorry
20.81629133224488,1,-4,-1,5,1,10,22,3,15,8,2,5,6,11,sorry
20.83264136314392,12,-1,3,0,0,-4,2,0,10,8,0,7,9,13,sorry
20.83264136314392,12,-1,10,-10,-9,-7,-5,0,6,9,-5,11,4,19,sorry
20.84779167175293,11,-4,-2,-10,-10,3,-1,0,11,-1,-2,9,7,22,sorry
20.84779167175293,11,-2,-3,-16,-6,-1,-5,0,15,0,-1,1,20,11,sorry
20.84879231452942,4,-1,-3,-21,-4,-10,-6,-2,22,24,2,0,23,5,sorry
20.86386132240296,0,-2,-3,-16,-3,-7,-8,-5,22,20,6,1,5,4,sorry
20.87888216972351,4,0,-2,-15,-8,-10,-20,-3,1,-17,-4,-8,-7,-11,sorry
20.87888216972351,3,-1,-13,-21,-13,-18,-21,-1,-8,-24,-7,-7,-1,-19,sorry
20.895772218704224,1,-5,0,-15,-9,-12,-15,0,-2,-9,4,10,4,-7,sorry
20.895772218704224,4,0,1,-1,-6,-12,-18,0,-10,-22,2,6,-1,-14,sorry
20.895772218704224,2,10,-5,0,-5,-23,-17,-1,-24,-31,0,-2,-12,-19,sorry
20.91194558143616,4,19,16,8,5,-11,-7,1,-11,-12,11,16,-7,-6,sorry
20.91194558143616,8,17,12,28,17,6,-6,3,2,0,13,17,0,0,sorry
20.92548656463623,5,11,7,37,21,19,-1,6,0,3,3,-5,-6,-1,sil
20.94254446029663,0,8,4,32,25,25,19,7,2,22,3,-7,-7,4,sil
20.94254446029663,-4,2,1,22,17,21,25,0,-2,17,-3,-1,0,8,sil
20.94254446029663,-9,-5,5,7,1,18,25,-3,-8,1,-18,-8,-5,6,sil
20.959582090377808,-8,-15,-9,-1,-3,11,33,-3,3,10,-15,-9,-1,9,sil
20.959582090377808,-10,-15,-11,-12,-9,-8,11,-3,2,6,-5,-8,5,9,sil
20.97263646125793,-6,-4,-3,-17,-13,-17,-19,-2,-4,-7,5,-1,7,0,sil
20.989802837371823,10,4,1,-5,-3,-13,-15,-4,4,4,27,21,18,4,sil
20.989802837371823,14,10,14,3,2,-11,-7,-6,0,6,35,31,25,10,sil
20.989802837371823,-7,5,1,0,0,-12,-14,-3,-25,-20,15,1,1,-2,sil
21.00485372543335,-20,-1,-2,1,0,-1,-19,3,-37,-30,-10,-24,-28,-22,sil
21.02179503440857,-15,0,3,13,7,19,-5,7,-28,-7,-16,-20,-27,-20,sil
21.02179503440857,-8,-1,-1,14,8,28,15,6,-4,12,-7,-7,-6,0,sil
21.02179503440857,-6,-11,0,0,-2,17,23,8,12,14,-13,-4,0,8,sil
21.03544020652771,-5,-17,-11,-12,-10,0,14,1,16,11,-24,-13,-8,1,sil
21.050585746765137,0,-13,-11,-19,-10,-11,1,-4,22,4,-22,-11,-6,0,sil
21.050585746765137,4,-10,-8,-24,-11,-6,-3,1,31,-1,-15,-1,4,0,sil
21.065996408462524,7,-5,-17,-21,-6,0,-5,2,23,-4,-3,1,8,-5,sil
21.065996408462524,11,9,-3,-17,0,-9,-9,-3,3,-8,14,9,2,-6,sil
21.08212900161743,11,14,1,-18,0,-24,-11,-3,-5,-13,16,22,0,-2,sil
21.08212900161743,15,10,6,-10,-4,-18,-10,-2,-5,-12,6,15,0,-2,sil
21.09753179550171,16,14,16,3,0,1,-6,-4,-2,-5,12,6,0,-2,sil
21.09753179550171,2,12,8,13,10,6,-2,-5,-2,2,18,5,6,5,sil
21.11280536651612,-1,9,15,27,15,4,-3,3,-3,7,8,1,11,16,sil
21.11280536651612,5,10,11,39,13,12,3,8,6,23,11,0,15,19,sil
21.12788152694702,-1,0,3,23,10,19,14,0,13,38,17,2,14,12,sil
21.12788152694702,-14,-12,1,2,9,17,15,-2,10,28,1,-3,4,0,sil
21.143906831741333,-3,-8,-7,4,2,8,19,4,16,15,-12,-10,2,0,sil
21.143906831741333,9,-1,3,4,-7,6,23,7,34,23,0,4,15,12,sil
21.1594340801239,2,-8,-1,-9,-11,-1,13,5,36,17,7,15,18,14,sil
21.1594340801239,-9,-14,-13,-20,-15,-25,-6,2,3,-19,-8,4,-4,0,sil
21.1754891872406,4,2,1,-10,-13,-28,-17,-1,-30,-47,-16,1,-16,-13,sil
21.1754891872406,21,20,3,8,0,-12,-14,-9,-36,-50,-5,2,-9,-14,sil
21.191568613052368,1,11,1,5,6,-7,-16,-9,-44,-45,-10,-8,-29,-18,sil
21.191568613052368,-22,-3,-3,-4,2,-2,-17,-3,-53,-21,-22,-19,-50,-26,sil
21.20747017860413,-15,-4,-3,8,3,11,-4,-4,-34,6,-14,-18,-22,-18,sil
21.20747017860413,-8,-2,4,18,3,19,12,-4,-11,4,-10,-18,5,0,sil
21.222649812698364,-14,-10,-15,0,-5,11,11,-2,-6,-3,-19,-20,-2,8,sil
21.222649812698364,-6,-15,-17,-24,-14,0,-5,0,-1,8,-8,-7,0,7,sil
21.23793649673462,3,-5,-1,-18,-10,-7,-8,2,5,15,11,6,20,6,sil
21.23793649673462,4,2,-1,-3,1,-11,-3,4,9,-1,16,9,19,3,sil
21.25385308265686,0,0,-5,-14,2,-13,-13,7,10,-7,12,8,5,-5,sil
21.25385308265686,-10,-10,-9,-26,-5,-11,-17,3,4,1,12,4,-3,-13,sil
21.26900720596313,-10,0,6,-10,2,7,-1,0,-1,-4,11,0,-13,-11,sil
21.26900720596313,4,15,13,13,18,26,16,5,5,-5,11,-1,-10,-5,sil
21.28445553779602,7,6,9,30,15,22,21,9,21,21,7,1,1,2,sil
21.28445553779602,0,-1,14,26,3,16,25,7,39,42,0,2,11,16,sil
21.29997301101685,1,-6,-1,2,0,10,29,0,46,35,-1,0,18,23,sil
21.29997301101685,8,-10,-8,-16,-4,-1,13,-2,34,18,0,4,16,15,sil
21.315507173538208,19,3,4,-6,-1,-3,-6,0,22,5,7,23,17,19,sil
21.315507173538208,31,23,11,8,7,-7,-14,-1,9,1,21,36,31,29,sil
21.331547021865845,27,16,10,2,0,-23,-23,-9,-15,-7,28,28,25,10,sil
21.331547021865845,8,5,-2,-7,-11,-26,-27,-8,-29,-19,14,9,0,-9,sil
21.347505807876587,0,13,6,1,0,-12,-17,0,-29,-27,-4,0,-14,-7,sil
21.347505807876587,-2,14,7,16,13,-4,-14,-2,-36,-31,-13,-7,-21,-14,sil
21.36259818077088,-10,0,-13,14,8,-2,-8,-5,-33,-27,-12,-17,-23,-24,sil
21.36259818077088,-22,-1,-3,7,3,6,11,2,-11,-14,-20,-22,-23,-16,sil
21.37805199623108,-31,-8,-5,0,0,11,15,1,0,-1,-36,-30,-32,-15,sil
21.37805199623108,-32,-22,-13,-14,-6,5,2,0,0,7,-36,-35,-26,-18,sil
21.39372086524964,-20,-16,-6,-12,-5,11,10,5,5,18,-17,-21,0,-7,sil
21.39372086524964,-1,-4,-4,2,-2,19,25,3,12,20,-4,-4,7,8,sil
21.409767389297485,5,-4,5,2,-3,15,20,0,11,16,-5,-2,1,13,sil
21.409767389297485,3,-10,-3,-10,-8,2,9,1,12,15,-4,-4,4,0,sil
21.425629138946533,0,-17,-10,-25,-20,-13,0,0,9,6,-1,2,2,-6,sil
21.425629138946533,3,-12,0,-21,-21,-12,-5,0,9,0,9,17,10,6,sil
21.44071125984192,16,4,-3,-3,-1,-4,-1,0,9,0,28,27,30,18,sil
21.44071125984192,24,11,11,0,6,-6,-9,-1,-9,-16,32,30,24,10,sil
21.45675683021545,13,8,13,0,5,-13,-20,-3,-23,-27,23,21,6,-1,sil
21.45675683021545,4,12,0,7,8,-8,-17,-6,-18,-12,15,8,1,-6,sil
21.471978187561035,10,19,7,17,7,0,-10,0,-15,-3,13,4,-3,-2,sil
21.471978187561035,10,12,6,22,8,1,-6,6,-6,-1,16,0,-6,5,sil
21.48795413970948,3,9,12,26,16,5,0,5,0,6,12,-3,0,10,sil
21.48795413970948,2,13,12,32,18,14,10,3,-2,13,-4,-5,0,8,sil
21.503613233566284,-12,-2,-5,19,8,20,17,1,4,9,-27,-19,-16,-1,sil
21.51881241798401,-33,-22,-16,-11,0,20,15,0,15,-1,-41,-38,-30,-16,sil
21.519317388534542,-25,-20,-27,-20,-7,6,10,-1,12,0,-33,-33,-20,-11,sil
21.519317388534542,-1,-9,-8,-11,-9,-6,0,0,14,8,-13,-4,1,7,sil
21.534791946411133,6,-7,1,-12,-4,-6,-4,3,20,6,-4,9,11,11,sil
21.534791946411133,6,-6,-6,-15,-4,-10,-9,-2,10,0,-1,8,7,2,sil
21.55040740966797,8,0,1,-11,-9,-16,-14,-3,3,5,5,12,10,2,sil
21.55040740966797,11,0,3,-9,-5,-12,-13,-1,9,6,12,21,21,8,sil
21.567406177520752,5,0,5,-13,-5,-10,-9,0,2,-6,15,23,9,1,sil
21.567406177520752,-2,6,-1,-16,-8,-11,-5,-1,-13,-15,21,14,-4,-13,sil
21.58156728744507,-1,13,-7,-10,-2,-9,0,-3,-15,-11,20,4,2,-10,sil
21.58156728744507,-2,16,8,0,1,-4,-1,-1,-17,-9,6,2,0,-3,sil
21.596846103668213,-12,8,3,9,0,0,-4,0,-24,-10,0,-5,-18,-13,sil
21.596846103668213,-10,5,4,19,9,11,4,0,-17,-5,2,-8,-15,-16,sil
21.61347603797913,-2,8,12,23,20,24,12,0,0,5,2,-1,1,-2,sil
21.61347603797913,-1,0,3,25,11,16,8,0,2,14,0,-4,1,4,sil
21.62878489494324,4,-3,9,24,0,11,16,4,2,19,-6,-10,0,7,sil
21.62878489494324,11,-1,1,9,2,13,21,0,13,18,-11,-8,4,15,sil
21.64284038543701,0,-14,-6,-11,0,4,2,-4,16,10,-16,-13,0,15,sil
21.64284038543701,-6,-20,-4,-18,-11,-5,-6,0,9,2,-21,-17,-6,2,sil
21.65976905822754,-2,-13,-9,-14,-6,-6,4,2,5,-4,-18,-10,-1,-3,sil
21.65976905822754,0,-8,0,-15,0,-3,0,-2,1,-12,-8,0,4,-3,sil
21.67479777336121,4,-3,-3,-9,-5,-2,-12,-7,-2,-10,0,5,7,3,sil
21.67479777336121,17,6,-4,-5,-7,0,-7,-4,-7,-6,9,14,8,13,sil
21.68900465965271,21,12,1,-6,3,-4,0,4,-16,-15,14,17,4,0,sil
21.70483088493347,5,6,-6,-4,5,-16,-2,4,-23,-19,8,8,-5,-16,sil
21.70483088493347,-5,4,2,2,-1,-17,-10,0,-14,-10,5,3,-10,-10,sil
21.72046732902527,0,5,3,10,-1,-7,-8,0,2,0,14,5,-2,-2,sil
21.72046732902527,0,5,1,20,1,0,0,1,8,5,14,4,0,-7,sil
21.73587727546692,-9,6,3,27,4,9,2,7,6,7,1,0,-7,-1,sil
21.73587727546692,-16,-2,-9,19,5,18,6,1,12,9,-9,-11,-9,6,sil
21.751941204071045,-11,-13,-4,0,0,23,19,-4,18,18,-15,-17,-3,5,sil
21.751941204071045,2,-9,3,1,1,19,25,1,29,35,-6,-6,6,14,sil
21.767874002456665,10,-3,5,13,3,3,11,4,33,30,2,3,17,24,sil
21.767874002456665,-2,-7,-2,-6,-6,-7,-4,-4,13,4,-3,-3,18,5,sil
21.782938957214355,-17,-11,-18,-33,-14,-11,-8,-8,-3,-4,-7,-7,7,-9,sil
21.782938957214355,-6,-2,-3,-29,-10,-15,-23,-1,-12,-12,0,8,0,-5,sil
21.79860758781433,6,2,6,-15,-10,-19,-36,-1,-21,-27,8,18,2,-6,sil
21.79860758781433,2,0,1,-20,-10,-15,-30,-4,-17,-23,8,11,4,-14,sil
21.81379771232605,-2,5,6,-25,-1,-5,-19,-2,-12,-12,7,6,-2,-10,sil
21.81379771232605,10,16,4,-2,6,-3,-9,-2,-13,-10,17,12,-2,2,sil
21.82928919792176,24,24,15,21,11,-2,0,0,-13,-4,20,11,0,3,sil
21.82928919792176,8,17,14,20,11,3,1,3,-18,-6,-3,-5,-13,-11,sil
21.84496140480041,-10,4,-2,7,11,6,4,5,-19,-9,-10,-15,-20,-19,sil
21.84496140480041,-1,7,0,9,15,5,19,11,-4,7,3,-6,-9,-7,sil
21.86047601699829,4,8,0,19,10,6,25,7,-3,2,-7,-7,-10,0,sil
21.86047601699829,-4,-2,5,20,1,11,20,0,-15,-25,-24,-13,-20,0,sil
21.87569689750672,-3,-5,0,14,2,18,24,0,-3,-6,-4,-5,-7,5,sil
21.87569689750672,-1,-4,-11,7,2,11,24,-2,14,24,4,-5,6,14,sil
21.891736030578613,-7,-10,0,4,-4,6,19,-5,18,20,-11,-7,5,16,sil
21.891736030578613,-2,-17,-7,3,-6,6,17,0,19,21,-10,2,11,17,sil
21.90744161605835,0,-19,-9,-1,-7,0,5,4,20,21,-2,2,16,14,sil
21.90744161605835,-10,-14,-3,-7,-10,0,0,2,26,11,-7,-13,15,6,sil
21.922626972198486,-13,-14,-10,-14,-6,0,0,-2,31,13,-13,-15,10,2,sil
21.922626972198486,-4,-14,-4,-29,-4,-7,-10,-1,18,12,-12,-3,1,-2,sil
21.93809151649475,2,-7,-4,-29,-7,-9,-15,-1,11,1,4,0,7,-5,sil
21.93809151649475,15,1,4,-5,-2,-5,-7,-1,10,2,20,10,22,3,sil
21.9536817073822,20,10,11,10,3,-9,-13,0,3,4,13,23,16,7,sil
21.9536817073822,12,10,-2,-1,0,-17,-26,0,-6,-5,6,17,0,-5,sil
21.96893787384033,4,4,2,-18,-1,-11,-31,-5,-22,-20,8,8,-8,-19,sil
21.96893787384033,0,3,-1,-3,0,-4,-26,-8,-31,-22,8,10,-13,-14,sil
21.986481189727783,0,9,-4,5,-4,-11,-19,-3,-25,-17,9,8,-13,-7,sil
21.986481189727783,-1,14,4,0,-6,-14,-14,5,-19,-17,12,2,-9,-10,sil
22.0004997253418,-4,11,2,2,0,-7,-9,0,-19,-16,8,1,-10,-5,sil
22.0004997253418,-10,6,5,0,0,0,-7,-1,-17,-17,0,-2,-16,-1,sil
22.015634536743164,-14,-2,-1,-14,0,5,1,3,-7,-17,-4,-11,-15,-8,sil
22.015634536743164,-12,0,-1,0,8,19,23,4,2,-3,-8,-13,-8,-10,sil
22.031656742095947,-8,6,2,16,12,28,28,2,0,4,-13,-14,-4,-4,sil
22.031656742095947,-11,1,-7,9,6,13,13,0,-9,-4,-18,-21,-9,0,sil
22.04676032066345,0,0,10,14,5,2,12,0,-9,-2,-15,-14,-12,6,sil
22.04676032066345,16,7,20,36,13,10,26,1,1,16,0,0,2,17,sil
22.06244707107544,14,4,6,36,12,17,30,0,10,22,4,4,11,13,sil
22.06244707107544,6,-1,3,25,5,17,28,2,22,27,5,8,11,12,sil
22.07785534858704,18,-1,0,24,1,8,24,6,46,44,17,21,31,30,sil
22.07785534858704,25,-4,4,12,-6,-4,2,1,50,41,19,28,41,36,sil
22.101624011993408,10,-13,-3,-9,-13,-12,-11,-3,32,17,6,17,23,17,sil
22.101624011993408,1,-14,-10,-22,-10,-17,-15,-1,16,-1,3,8,11,5,sil
22.101624011993408,-1,-6,-4,-23,-15,-21,-24,1,0,-11,8,11,7,0,sil
22.12469053268433,-8,-3,-11,-26,-18,-19,-27,0,-22,-22,3,5,-5,-19,sil
22.12469053268433,-6,0,0,-26,-5,-5,-19,-1,-27,-28,-1,0,-15,-27,sil
22.14073252677917,0,8,6,-8,5,-6,-17,-3,-28,-25,-1,-1,-12,-17,sil
22.14073252677917,-9,2,-4,0,0,-15,-19,-7,-40,-23,-10,-14,-14,-16,sil
22.14073252677917,-27,-8,-7,-13,-3,0,-9,-4,-38,-27,-29,-36,-28,-28,sil
22.156852960586548,-29,-13,-21,-21,1,17,5,-2,-21,-18,-38,-48,-31,-24,sil
22.156852960586548,-14,-7,-14,-20,5,17,21,3,-3,9,-26,-37,-15,-1,sil
22.17277336120605,0,-1,2,-21,5,20,35,13,23,33,-11,-13,4,12,sil
22.17277336120605,2,-2,-5,-24,8,12,24,6,41,31,-8,0,13,12,sil
22.18860173225403,3,0,-4,-18,8,-8,-5,0,27,12,0,5,12,11,sil
22.18860173225403,9,6,0,-5,-4,-23,-23,-3,7,-5,23,15,8,5,sil
22.204556703567505,11,13,11,0,-11,-21,-27,-5,-6,-18,32,25,2,-6,sil
22.204556703567505,5,14,11,11,3,-7,-23,-5,-10,-16,25,23,1,-9,sil
22.21891975402832,-4,7,1,24,11,0,-11,-3,-6,-13,15,6,0,-8,sil
22.21891975402832,-2,5,20,33,2,3,3,0,-8,-10,6,0,-6,-3,sil
22.23446583747864,11,16,23,53,9,15,21,3,0,12,12,11,0,13,sil
22.23446583747864,16,18,15,57,21,25,26,1,11,26,18,19,5,18,sil
22.250559091568,5,0,7,32,11,19,15,3,5,11,8,11,0,8,sil
22.250559091568,-2,-10,-6,17,0,9,17,4,-2,7,-4,0,1,7,sil
22.266032457351685,-6,-8,-6,8,-5,8,25,0,0,7,-19,-13,1,7,sorry
22.266032457351685,-6,-13,-14,-8,-13,2,11,-4,4,-2,-22,-11,-4,0,sorry
22.283604860305783,-4,-17,-11,-20,-19,-8,-6,-1,3,-3,-8,0,0,0,sorry
22.283604860305783,-8,-15,-3,-26,-15,-13,-10,0,1,1,-4,-2,7,1,sorry
22.299148082733154,0,-13,-10,-22,-13,-16,-15,-4,-3,-7,-12,-12,6,0,sorry
22.299148082733154,13,-3,-1,-18,-14,-18,-26,-1,-1,-9,-5,0,3,0,sorry
22.313785314559937,5,2,-2,-24,-11,-17,-19,3,14,5,6,10,6,-2,sorry
22.313785314559937,1,4,0,-21,-1,-10,-10,0,11,5,8,9,7,0,sorry
22.330798625946045,8,7,4,-8,1,0,-16,-5,-17,-11,2,5,1,-3,sorry
22.330798625946045,-2,4,-9,-1,0,-1,-15,-4,-33,-18,-4,-6,-7,-14,sorry
22.344810724258423,-9,4,4,4,6,0,0,4,-19,-11,-2,-8,-16,-12,sorry
22.344810724258423,2,14,9,15,16,12,15,6,1,0,7,1,-9,3,sorry
22.36044764518737,4,16,2,17,19,15,27,3,14,10,9,0,3,10,sorry
22.36044764518737,-1,3,9,16,16,19,29,7,11,14,0,-8,4,7,sorry
22.376511335372925,-3,-8,-1,12,10,18,18,2,8,13,-8,-10,0,5,sorry
22.392710208892822,-4,-12,-5,0,2,3,12,-4,15,17,-10,-4,7,8,sorry
22.392710208892822,0,-11,-6,-12,-3,-8,6,-3,24,22,1,2,15,11,sorry
22.392710208892822,9,-6,-6,-18,-6,-11,-16,-3,20,8,16,9,7,5,sorry
22.409289121627808,8,5,7,-14,-1,-9,-26,0,3,-16,16,15,-2,-8,sorry
22.409289121627808,-2,8,2,-8,0,-15,-16,0,-16,-30,6,10,-13,-17,sorry
22.42375349998474,-4,1,0,-10,-7,-21,-19,-3,-30,-29,2,0,-22,-16,sorry
22.43984889984131,0,10,3,-3,-6,-10,-22,-4,-30,-18,5,-1,-12,-15,sorry
22.43984889984131,-1,15,5,9,1,0,-8,-3,-24,-14,0,0,-6,-14,sorry
22.43984889984131,-8,2,3,4,0,4,0,1,-15,-17,-9,-4,-10,-10,sorry
22.4536361694336,-6,-3,-9,3,-1,10,3,8,2,2,-4,-7,2,-1,sorry
22.46970057487488,-1,0,3,16,6,17,6,8,10,27,-1,-6,12,0,sorry
22.46970057487488,-2,-2,11,16,11,18,6,0,2,20,-7,-7,1,1,sorry
22.48574185371399,-11,-9,-9,3,9,19,14,-5,0,9,-8,-11,0,7,sorry
22.48574185371399,-16,-11,-12,-5,-2,16,22,1,5,14,-14,-14,1,2,sorry
22.501883506774902,-10,-16,-8,-7,-14,4,19,0,5,10,-22,-14,-5,-4,sorry
22.501883506774902,-1,-8,1,4,-3,-1,23,0,9,6,-12,-5,-1,10,sorry
22.51777386665344,2,1,1,13,1,0,23,3,18,15,1,0,7,24,sorry
22.51777386665344,1,-7,-5,-4,-10,-10,0,-3,9,4,-2,0,5,13,sorry
22.531944036483765,2,-10,0,-12,-13,-12,-11,-6,0,-6,-2,2,9,6,sorry
22.531944036483765,2,-1,-11,0,-4,0,2,3,17,10,0,1,15,9,sorry
22.54757404327393,0,-6,-4,-13,-10,-2,-1,4,25,13,-8,-1,0,6,sorry
22.54757404327393,8,-10,9,-17,-12,-19,-20,-2,13,-5,1,14,-2,6,sorry
22.562874794006348,27,2,8,7,1,-20,-16,-2,10,-3,22,27,8,7,sorry
22.562874794006348,26,16,15,10,12,-2,-8,0,5,0,23,22,7,-1,sorry
22.57828664779663,8,15,1,-4,13,0,-12,-4,-15,-19,23,15,0,-10,sorry
22.57828664779663,2,14,0,-6,8,-11,-15,-5,-26,-36,21,12,0,-9,sorry
22.594072818756104,6,16,15,0,0,-10,-7,4,-10,-20,13,12,1,-7,sorry
22.594072818756104,8,16,6,11,2,-4,-5,4,-5,0,16,15,7,-4,sorry
22.609641313552856,4,18,6,13,8,-4,-15,0,-26,-12,10,8,0,-4,sorry
22.609641313552856,-4,15,-3,2,5,-2,-15,0,-35,-23,-3,-11,-15,-13,sorry
22.625423192977905,-12,2,-11,2,0,4,-3,1,-24,-8,-10,-19,-21,-16,sorry
22.625423192977905,-5,0,5,12,0,11,3,3,-16,2,-5,-4,-14,-3,sorry
22.64048409461975,5,0,4,11,5,13,10,0,-7,4,4,4,0,7,sorry
22.64048409461975,0,-2,0,0,5,17,13,0,3,10,0,-8,0,0,sorry
22.656559944152832,-17,-6,-6,0,-1,17,12,0,4,8,-19,-27,-11,-10,sorry
22.656559944152832,-21,-7,-6,4,0,9,14,-3,0,6,-24,-21,-12,-3,sorry
22.671730279922485,-10,-11,0,-1,12,14,18,1,6,17,-13,-9,0,1,sorry
22.671730279922485,-17,-19,-10,-10,6,18,12,5,13,13,-13,-21,-1,0,sorry
22.686912059783936,-23,-18,-4,-6,-6,8,9,5,15,4,-20,-24,-9,0,sorry
22.686912059783936,-10,-10,-6,0,-3,0,18,2,30,22,-12,-4,2,7,sorry
22.702959299087524,0,-5,-9,-3,-1,-1,14,0,31,30,-3,1,14,7,sorry
22.702959299087524,0,-8,4,-9,-6,-4,-1,-1,8,4,-12,-7,0,4,sorry
22.71855092048645,3,-17,-5,-12,-9,-9,-3,-4,-1,-5,-22,-8,-9,3,sorry
22.71855092048645,0,-12,-5,-16,-16,-11,-9,-4,4,1,-8,2,1,0,sorry
22.733673572540283,2,5,-1,-6,-14,-9,-15,1,13,4,13,13,21,0,sorry
22.733673572540283,19,5,1,0,-7,-11,-3,0,19,3,23,19,28,13,sorry
22.748836755752563,21,1,10,-6,-9,-9,2,-1,15,-1,23,20,20,22,sorry
22.748836755752563,13,9,2,-2,-6,-7,-7,1,5,-7,25,21,16,10,sorry
22.764641284942627,19,14,7,6,2,-4,-6,4,0,-8,26,22,12,0,sorry
22.764641284942627,12,5,7,0,0,0,2,0,-9,-10,18,11,0,-3,sorry
22.78044033050537,-5,4,-8,-5,1,-3,-3,-7,-21,-18,3,-2,-10,-8,sorry
22.78044033050537,-2,17,5,2,8,-8,-14,-5,-23,-21,0,2,-11,-10,sorry
22.795572996139526,4,15,5,9,3,-11,-13,0,-21,-14,5,9,-9,-7,sil
22.795572996139526,-1,3,1,9,1,-11,-12,0,-25,-7,5,4,-11,-5,sil
22.81161522865296,-6,5,-1,7,14,-4,-15,-1,-22,-6,-3,1,-11,-5,sil
22.81161522865296,-3,7,-3,7,16,-2,-19,-2,-14,-10,-13,-1,-8,-7,sil
22.82681488990784,2,4,12,11,5,-3,-15,0,-11,-8,-6,0,-2,-10,sil
22.82681488990784,5,6,10,18,7,4,0,2,-9,4,8,4,-1,-4,sil
22.84254288673401,0,8,1,10,10,14,7,8,-4,9,2,0,-9,1,sil
22.84254288673401,-2,0,3,-2,0,18,11,10,4,4,0,-5,-5,2,sil
22.85868453979492,1,-14,-2,-1,0,18,24,0,10,5,3,-6,2,5,sil
22.85868453979492,-4,-13,-2,3,2,15,21,-4,0,6,-17,-15,-8,1,sil
22.875284433364868,-15,-7,-13,-1,-5,12,14,0,-8,2,-29,-24,-16,-5,sil
22.875284433364868,-11,-2,-11,-4,-5,8,21,-2,5,6,-6,-16,2,0,sil
22.88882184028625,-5,-1,0,3,1,14,20,0,22,17,4,-6,15,12,sil
22.88882184028625,-13,-12,-4,2,1,19,7,3,20,22,-5,-14,5,5,sil
22.90515208244324,-19,-17,-3,-2,3,8,0,2,9,7,-17,-25,-4,-8,sil
22.90515208244324,-12,-13,-6,-5,0,-5,3,0,10,-3,-19,-21,-5,-5,sil
22.92161130905152,0,-14,-3,-20,-13,-2,10,4,20,4,-4,-5,4,9,sil
22.92161130905152,7,-8,2,-25,-15,0,8,5,22,13,5,5,15,11,sil
22.93578624725341,11,2,-5,-4,-4,-19,-2,0,20,8,1,9,15,4,sil
22.951708793640137,10,5,2,-3,-6,-26,-11,0,20,5,5,18,18,6,sil
22.951708793640137,9,-2,-1,-18,-14,-16,-16,-2,9,-4,15,24,21,5,sil
22.951708793640137,16,0,-4,-11,-10,-18,-22,-8,-7,-21,7,21,8,0,sil
22.967917442321777,25,14,12,0,-5,-18,-20,-2,-13,-17,4,20,-3,-6,sil
22.98563981056213,22,19,8,0,-1,-10,-10,0,-13,-7,20,22,0,-3,sil
22.98563981056213,12,19,12,9,6,-2,-14,-2,-15,-10,29,28,5,6,sil
22.98563981056213,5,17,8,21,10,-4,-19,-2,-14,-8,19,20,0,5,sil
23.00067114830017,1,9,-2,11,4,-7,-19,-1,-17,-8,6,1,-15,-8,sil
23.00067114830017,-5,7,0,1,5,2,-15,0,-25,-17,0,-6,-25,-15,sil
23.014816284179688,-14,4,-4,10,12,12,-3,0,-22,-5,1,-10,-24,-11,sil
23.03085994720459,-22,-2,-2,14,7,14,3,-1,-15,5,0,-23,-25,-15,sil
23.03085994720459,-26,-6,-6,9,6,13,4,-2,-16,0,-11,-28,-25,-22,sil
23.04796242713928,-17,-3,-5,18,13,16,14,0,-16,7,-19,-16,-21,-8,sil
23.04796242713928,-10,-5,7,16,5,19,32,8,5,22,-15,-10,-24,8,sil
23.04796242713928,-16,-19,-11,-12,-9,12,34,6,29,17,-22,-21,5,6,sil
23.061622858047485,-12,-21,-10,-26,-6,4,27,0,26,8,-34,-25,62,2,sil
23.076760292053223,6,-5,5,0,3,5,33,0,19,15,-18,-3,63,15,sil
23.076760292053223,15,1,4,9,0,-1,24,1,28,14,2,14,15,23,sil
23.077751636505127,10,-3,0,-14,-17,-15,-6,2,21,-1,3,18,0,15,sil
23.094159603118896,12,-7,-4,-23,-14,-14,-16,1,0,-13,5,19,7,5,sil
23.094159603118896,15,1,4,-9,0,-8,-17,2,-15,-20,10,16,3,-2,sil
23.10910487174988,10,7,5,-12,-4,-12,-28,0,-20,-22,18,11,1,-5,sil
23.123677253723145,1,4,-5,-18,-11,-16,-25,-6,-17,-14,25,12,-3,0,sil
23.123677253723145,0,10,7,0,8,-2,-12,0,-13,-10,12,7,-19,-4,sil
23.13931345939636,5,15,2,24,18,6,-9,5,-14,-6,-3,-7,-21,-10,sil
23.13931345939636,6,11,-3,25,3,3,-15,2,-11,0,0,-5,-13,-4,sil
23.154902696609497,2,9,5,17,3,6,-12,0,-2,0,4,3,-4,0,sil
23.154902696609497,-1,5,4,18,16,15,11,0,6,4,-4,-3,1,3,sil
23.17394518852234,-6,-2,7,16,12,17,33,5,19,24,-7,-11,0,13,sil
23.17394518852234,-11,-8,-4,10,3,12,27,2,27,33,-3,-10,0,10,sil
23.17394518852234,-10,-14,-5,-2,0,10,10,-8,19,20,-1,-10,2,0,sil
23.18645405769348,-8,-15,2,-15,0,10,12,-7,12,15,0,-10,5,0,sil
23.20198082923889,-7,-9,-1,-16,-6,0,12,0,16,14,1,-2,8,1,sil
23.20198082923889,0,-5,5,-10,-17,-15,-4,0,9,0,0,4,6,-7,sil
23.220951557159424,8,-9,-10,-19,-24,-29,-17,-7,0,-14,3,0,0,-10,sil
23.220951557159424,6,-8,-12,-32,-23,-31,-23,-4,-2,-19,7,-2,-3,-5,sil
23.220951557159424,1,6,9,-16,-13,-12,-15,2,-4,-18,2,8,0,-3,sil
23.23385715484619,8,18,3,14,4,-3,-6,-2,-11,-13,0,9,6,-4,sil
23.25301241874695,20,15,6,12,8,-11,-16,-5,-23,-19,4,9,0,-5,sil
23.25301241874695,6,3,2,-6,0,-9,-15,1,-26,-27,6,6,-10,-7,sil
23.25301241874695,-20,-1,-14,-4,3,5,3,4,-19,-15,-5,-9,-13,-4,sil
23.265154361724854,-18,2,-3,14,16,19,10,8,-9,0,-13,-12,-13,0,sil
23.28292942047119,0,4,3,28,19,26,12,6,3,8,-7,3,-5,6,sil
23.28292942047119,-1,0,2,21,9,27,21,0,10,18,-8,1,1,11,sil
23.29860043525696,-18,-8,-12,0,-1,14,20,0,7,20,-19,-18,-1,3,sil
23.29860043525696,-19,-15,-20,-18,-8,-4,1,0,1,7,-20,-12,-1,-3,sil
23.29860043525696,-1,-6,0,-17,-11,-11,-17,0,2,-1,-5,16,5,-4,sil
23.313592433929443,14,2,7,-8,-7,-10,-20,-1,5,2,11,23,6,-2,sil
23.330766677856445,20,13,13,2,3,-9,-12,-3,1,5,18,20,1,3,sil
23.330766677856445,16,23,11,20,15,1,-1,-2,-7,4,10,26,1,5,sil
23.330766677856445,2,8,2,26,15,11,12,0,-12,2,-10,10,-1,-1,sil
23.34478497505188,-2,-10,7,13,5,12,26,4,-5,5,-17,-10,-3,0,sil
23.36288905143737,3,-13,3,3,-2,14,31,3,17,21,-1,-5,14,13,sil
23.36288905143737,1,-12,0,-5,-6,4,15,2,29,26,0,0,24,18,sil
23.36329197883606,-5,-12,-7,-14,-10,-12,-5,5,18,9,-8,-14,16,9,sil
23.3775475025177,2,-3,-7,-15,-14,-20,-14,2,8,-5,0,-15,13,3,sil
23.3775475025177,13,5,5,-17,-9,-15,-11,-2,2,-11,10,0,6,0,sil
23.39171385765076,4,2,-3,-19,-1,-16,-15,-6,-14,-26,5,0,-9,-10,sil
23.406784772872925,-9,3,-5,-15,-7,-20,-29,-9,-35,-47,0,-14,-17,-24,sil
23.406784772872925,-11,12,0,-3,-6,-10,-34,-6,-28,-37,8,-18,-15,-27,sil
23.42257285118103,-2,16,-2,13,10,2,-17,0,-5,-8,24,-11,-12,-9,sil
23.42257285118103,0,15,13,28,22,15,4,4,-2,0,27,1,-6,4,sil
23.43856644630432,-6,2,5,28,16,21,15,0,-3,3,16,5,-1,8,sil
23.43856644630432,-7,-9,0,16,6,20,18,0,11,20,7,0,-4,14,sil
23.454206943511963,-4,-11,0,4,4,24,30,2,18,22,4,-9,-5,14,sil
23.454206943511963,-4,-15,-7,-9,4,18,36,-3,13,13,5,-7,-2,4,sil
23.469347953796387,0,-12,-1,-19,-4,0,20,0,15,9,7,3,-1,2,sil
23.469347953796387,9,0,-3,-9,-11,-9,2,5,18,7,12,8,0,8,sil
23.48477053642273,8,-1,-2,-9,-8,-9,-1,0,13,3,16,14,0,7,sil
23.48477053642273,3,-10,2,-25,-11,-13,-3,-4,8,2,21,24,1,0,sil
23.500384092330933,9,0,0,-14,-11,-18,-8,0,0,8,23,26,16,-3,sil
23.500384092330933,14,17,11,8,0,-8,-16,8,-9,13,16,21,26,-7,sil
23.515434980392456,7,11,-1,0,0,-7,-19,4,-8,3,0,12,15,-9,sil
23.515434980392456,0,0,-8,-9,-3,-18,-20,-2,-12,-13,-28,0,-6,-9,sil
23.53156304359436,-5,3,4,2,-4,-12,-25,0,-27,-22,-56,-11,-17,-17,sil
23.53156304359436,-9,0,0,11,-4,3,-22,0,-30,-21,-74,-20,-13,-21,sil
23.545893907547,-13,-4,0,11,2,9,-9,-4,-24,-16,-91,-21,-14,-9,sil
23.545893907547,-17,0,-9,19,12,9,-1,-9,-25,-8,-98,-21,-18,-4,sil
23.561771392822266,-11,0,-8,21,12,9,2,-3,-19,-5,-113,-20,-13,-3,sil
23.561771392822266,-1,0,7,13,10,22,21,5,9,7,-130,-10,0,10,sil
23.576660871505737,-5,0,-7,3,5,25,36,3,30,24,-70,-10,8,20,sil
23.576660871505737,-11,-9,-3,-7,-1,11,28,2,23,15,71,-13,4,9,sil
23.591757774353027,0,-9,-2,-2,2,7,21,4,27,9,170,1,5,8,sil
23.591757774353027,13,-7,-9,-1,0,7,18,0,33,14,166,17,16,18,sil
23.606995344161987,4,-10,-1,-17,-14,-4,5,0,19,6,113,9,12,6,sil
23.606995344161987,-1,-8,0,-17,-13,-16,-5,-1,11,-3,70,1,1,-5,sil
23.62290573120117,11,3,9,-6,-1,-12,-7,-5,11,-3,50,15,8,0,sil
23.62290573120117,24,15,10,0,6,-9,-2,0,4,0,48,30,23,7,sil
23.63844609260559,20,21,6,11,8,-16,-4,2,1,1,32,24,15,8,sil
23.63844609260559,12,21,18,8,-3,-15,-14,1,-3,-8,2,11,1,0,sil
23.654510498046875,10,15,9,-4,-7,-11,-16,-3,-14,-16,-7,11,5,-5,sil
23.654510498046875,8,15,9,0,2,-7,-17,-4,-21,-15,-4,14,6,-3,sil
23.670615434646606,-2,10,3,5,5,-2,-24,-2,-27,-19,-23,0,-11,-9,sil
23.670615434646606,-10,-1,-11,1,1,-3,-21,-2,-32,-21,-45,-13,-25,-11,sil
23.68583106994629,-2,1,0,3,5,-2,-7,2,-26,-10,-36,-9,-20,-1,sil
23.68583106994629,-2,0,0,0,5,0,0,6,-11,0,-28,-11,-10,-1,sil
23.701857566833496,-15,-11,-5,-6,1,7,0,2,-6,5,-35,-19,-6,-6,sil
23.701857566833496,-16,-13,-7,-4,0,15,2,0,-3,11,-27,-16,-1,-2,sil
23.717570781707764,-15,-18,-14,-17,0,14,10,-2,3,15,-25,-18,-2,-4,sil
23.717570781707764,-22,-26,-8,-29,0,14,19,-2,4,14,-39,-26,-11,-11,sil
23.73268699645996,-23,-17,-10,-4,1,17,19,0,5,8,-32,-24,-12,-9,sil
23.73268699645996,-9,-5,1,17,0,12,20,4,13,4,-18,-11,-5,-1,sil
23.748189210891724,5,-3,7,15,-1,5,24,3,22,15,-17,1,0,10,sil
23.748189210891724,11,0,-5,13,-3,0,17,0,27,21,-7,6,5,16,sil
23.764519929885864,9,6,6,19,-7,2,6,2,27,11,7,10,11,11,sil
23.764519929885864,3,-2,0,14,-4,0,0,1,15,6,9,10,10,6,sil
23.780599355697632,0,-13,-5,-2,-4,-7,-5,-5,2,1,4,7,1,3,sil
23.780599355697632,5,0,2,-7,-4,-6,-2,0,7,0,9,12,4,2,sil
23.79673838615417,17,9,-5,-3,0,-8,4,2,13,0,21,21,15,9,sil
23.79673838615417,13,3,-2,-12,-6,-21,-9,-2,0,-13,22,13,6,2,sil
23.8118703365326,1,0,0,-17,-10,-24,-28,0,-9,-20,16,2,0,-12,sil
23.8118703365326,1,4,0,-15,-3,-11,-27,0,-4,-8,20,7,6,-8,sil
23.82647061347961,10,17,5,-12,0,-2,-18,-6,-6,-2,27,14,7,0,sil
23.841550588607788,17,22,5,8,7,-1,-11,-4,-15,-10,27,11,0,0,sil
23.841550588607788,13,23,17,21,15,5,-7,4,-22,-16,20,11,-1,-2,sil
23.841550588607788,3,16,10,10,13,11,-2,0,-20,-10,14,10,2,-3,sil
23.8578143119812,0,10,1,5,3,2,0,-5,-16,-4,6,1,4,-3,sil
23.874499320983887,-6,6,5,1,-2,-3,0,0,-16,-13,0,-6,0,-4,sil
23.874499320983887,-14,-2,-5,-2,-1,0,3,1,-15,-18,-6,-14,-7,-6,sil
23.874499320983887,-9,-7,0,8,4,11,15,0,-12,-10,-13,-18,-10,-5,sil
23.887528657913208,-12,-8,-3,10,8,9,22,2,-4,3,-14,-19,-7,0,sil
23.905652284622192,-25,-12,-11,-4,5,4,14,6,3,14,-12,-23,-11,0,sil
23.905652284622192,-27,-13,0,-1,0,10,1,1,3,13,-20,-27,-20,-8,sil
23.91945195198059,-15,-13,-4,6,-3,12,3,-2,13,15,-20,-22,-11,-5,sil
23.91945195198059,1,-10,0,0,3,7,17,0,34,31,-4,0,8,17,sil
23.934632778167725,11,-3,-1,0,8,5,22,4,34,36,0,7,10,22,sil
23.934632778167725,0,-6,-10,1,-3,-1,4,0,11,11,-19,-6,-1,0,sil
23.95174050331116,0,-11,0,-8,-11,-9,-10,-1,7,-6,-21,-3,-3,-3,sil
23.95174050331116,18,-4,-1,-11,-6,-7,-1,0,17,-1,-3,17,3,11,sil
23.95174050331116,16,0,0,-11,-7,-4,-1,0,8,0,-4,19,5,12,sil
23.96789693832397,2,-3,-4,-15,-13,-6,-18,-2,-4,-8,-8,5,3,-1,sil
23.96789693832397,6,1,0,-8,-7,-12,-19,0,-5,-12,14,8,3,-5,sil
23.98298954963684,21,20,20,8,1,-14,-3,4,1,-2,40,30,15,5,sil
23.99948787689209,21,22,9,14,5,-9,0,0,5,1,37,30,26,7,sil
23.99948787689209,0,9,1,-4,1,-10,-16,-3,-8,-12,11,5,4,-10,sil
23.99948787689209,-13,6,2,-13,-2,-11,-22,1,-23,-21,0,0,-17,-20,sil
24.01469993591309,-8,8,-6,-2,-1,-8,-17,-1,-28,-16,3,1,-14,-18,sil
24.02852177619934,-17,-1,-5,-2,0,4,-14,-4,-32,-19,-7,-14,-18,-25,sil
24.02852177619934,-22,-12,-10,0,1,13,0,0,-22,-9,-17,-29,-18,-19,sil
24.04378128051757,0,0,2,20,7,15,21,5,-2,11,-7,-11,0,5,sil
24.04378128051757,9,11,8,27,12,22,29,4,0,12,-3,-1,8,11,sil
24.059545516967773,0,2,-2,20,10,28,24,0,0,12,-7,-11,4,15,sil
24.059545516967773,5,-5,11,19,3,23,19,0,10,25,0,-3,13,30,sil
24.07520341873169,6,-7,5,9,-2,11,20,0,21,27,3,9,21,28,sil
24.07520341873169,2,-10,-3,-16,-4,2,21,0,36,19,3,7,17,19,sil
24.09086775779724,2,-11,-4,-25,-8,-5,14,2,41,10,0,0,7,11,sil
24.09086775779724,-4,-12,-18,-21,-15,-18,0,-2,18,-4,-9,-3,-2,-6,sil
24.112410068511963,0,-9,-4,-19,-9,-18,-6,-4,4,-6,0,1,0,-11,sorry
24.112410068511963,6,-5,0,-14,0,-12,-11,-2,5,-4,14,3,2,-8,sorry
24.112790822982788,-8,-8,-10,-13,-3,-19,-29,-9,-18,-29,-6,-8,-24,-21,sorry
24.121864318847656,-13,7,-1,-7,-6,-23,-36,-6,-35,-40,-11,-1,-31,-24,sorry
24.13730883598328,7,25,8,4,4,-16,-24,0,-16,-13,25,20,3,-6,sorry
24.13730883598328,7,19,14,7,11,-8,-18,0,-11,-6,30,13,9,-1,sorry
24.152527809143063,-7,11,5,15,11,2,-17,-4,-18,-14,5,-5,-14,-7,sorry
24.152527809143063,-11,10,-1,21,6,7,-12,-1,-21,-8,-8,-15,-24,-9,sorry
24.16796922683716,-19,-4,-3,0,-2,5,-4,4,-26,-9,-28,-30,-25,-17,sorry
24.16796922683716,-24,-14,-10,-13,-2,8,9,7,-14,-5,-37,-31,-15,-18,sorry
24.18390202522278,-4,1,5,11,10,28,23,10,10,15,-12,-3,3,3,sorry
24.18390202522278,13,10,6,36,15,37,31,7,22,29,6,6,12,22,sorry
24.19990873336792,17,2,2,24,7,24,32,4,26,26,0,0,13,24,sorry
24.19990873336792,14,-3,5,-2,0,8,24,6,31,27,-1,12,22,23,sorry
24.216010093688965,10,-10,-9,-18,-5,-3,13,0,30,26,6,26,27,22,sorry
24.216010093688965,11,-9,3,-14,-11,-7,4,-1,26,17,6,19,22,15,sorry
24.231569528579712,14,-1,7,-8,-5,-4,1,2,19,10,8,7,18,7,sorry
24.231569528579712,12,0,-5,-11,0,-6,0,-6,5,2,14,10,15,11,sorry
24.24705672264099,13,4,6,-6,-3,-11,-7,-8,0,-3,19,24,12,11,sorry
24.24705672264099,9,7,2,0,-6,-21,-13,-2,-5,-8,17,21,6,0,sorry
24.26291799545288,-6,-3,-4,-11,-12,-28,-29,-7,-33,-23,3,-3,-7,-18,sorry
24.26291799545288,-15,-9,-6,-13,-16,-16,-38,-7,-46,-31,-5,-17,-22,-22,sorry
24.27846670150757,-12,-4,-6,1,-1,-3,-20,3,-21,-19,4,-4,-18,-13,sorry
24.27846670150757,-10,0,4,4,6,-3,-3,2,-6,-15,7,3,-11,-17,sorry
24.29442429542541,-6,0,2,13,1,-3,4,-8,-14,-16,-9,-9,-19,-24,sorry
24.29442429542541,-2,9,6,24,6,8,18,-2,-9,-4,-17,-17,-22,-5,sorry
24.309799909591675,-2,8,3,13,13,20,23,7,4,6,-4,-9,-10,6,sorry
24.309799909591675,-3,0,-4,7,4,15,8,1,0,0,-6,-15,-8,0,sorry
24.325872898101807,-9,-3,4,12,0,10,5,0,-7,-3,-28,-26,-21,0,sorry
24.325872898101807,-13,-7,-8,-3,3,10,23,7,7,13,-29,-22,-11,13,sorry
24.34188222885132,-6,-12,-13,-29,-3,6,17,6,27,23,-8,-8,11,16,sorry
24.34188222885132,-6,-15,-9,-40,-8,-6,-5,0,12,4,0,-2,13,0,sorry
24.359018564224243,-3,-12,-14,-39,-7,-20,-12,0,-9,-8,0,0,9,-8,sorry
24.359018564224243,12,5,4,-17,-4,-9,-9,4,-2,-1,12,14,18,0,sorry
24.372892141342163,15,18,7,7,7,2,-10,-3,7,0,24,19,16,1,sorry
24.372892141342163,6,18,8,15,15,0,-18,-7,-4,-7,21,12,2,-8,sorry
24.38778328895569,5,16,11,27,9,4,-14,0,-9,-2,5,7,0,-2,sorry
24.38778328895569,-3,6,-7,34,4,15,3,0,1,17,-7,-2,2,6,sorry
24.403829336166385,-13,-7,0,13,0,12,13,0,17,25,-5,-4,7,9,sorry
24.403829336166385,2,-9,9,2,-11,3,11,2,35,19,5,10,24,14,sorry
24.419846296310425,14,-1,4,4,-14,-2,3,-1,38,23,9,16,28,18,sorry
24.419846296310425,4,1,-4,-2,-3,-8,-1,-2,20,14,9,9,10,8,sorry
24.43591594696045,2,3,-7,-4,2,-13,-5,-1,-7,-21,9,7,-7,-9,sorry
24.43591594696045,13,4,9,0,0,-13,-16,-1,-29,-41,7,13,-13,-19,sorry
24.451924562454224,13,7,10,-2,-5,-15,-20,0,-19,-24,16,20,-5,-7,sorry
24.451924562454224,7,13,9,0,0,-10,-13,0,-12,-11,12,13,-6,1,sorry
24.4679274559021,3,12,14,16,13,11,-2,0,-27,-17,-7,-6,-26,-11,sorry
24.4679274559021,-2,-3,0,18,13,23,15,0,-23,-13,-11,-17,-29,-8,sorry
24.48345685005188,-9,-16,-4,-1,0,17,26,0,0,1,-11,-16,-13,9,sorry
24.48345685005188,-12,-13,-9,-11,0,15,23,0,8,11,-21,-23,-4,5,sorry
24.49947476387024,-11,-11,-8,-3,2,8,16,1,2,16,-22,-23,-4,0,sorry
24.49947476387024,-5,-18,0,-10,-5,-8,12,1,6,20,-8,-7,2,9,sorry
24.51485300064087,-2,-17,-16,-24,-11,-17,5,-1,10,8,-2,-2,8,6,sorry
24.51485300064087,2,2,-7,-18,-2,-9,-7,-1,-3,-13,-3,1,3,-4,sorry
24.530694484710693,9,19,7,1,0,-10,-10,1,-20,-9,7,15,3,-2,sorry
24.530694484710693,7,17,5,7,-1,-14,-8,0,-14,9,29,20,9,0,sorry
24.545838832855225,-4,9,5,2,2,0,-14,0,-2,6,17,0,0,-9,sorry
24.545838832855225,-15,0,-5,3,7,9,-11,0,0,-4,-25,-24,-8,-11,sorry
24.56187748908997,-20,-8,-9,7,4,13,0,2,0,0,-42,-33,-6,-5,sorry
24.56187748908997,-23,-13,-16,1,0,15,9,0,0,5,-29,-34,-6,-6,sorry
24.577858924865723,-22,-25,-19,-14,-6,1,4,-6,2,0,-27,-30,-7,-8,sorry
24.577858924865723,-10,-29,1,-20,-16,-3,1,-3,15,2,-19,-5,5,3,sorry
24.59265184402465,4,-14,0,-10,-13,0,5,1,33,14,13,21,23,15,sorry
24.59265184402465,11,0,0,-14,-11,-8,0,4,33,9,31,26,19,8,sorry
24.608219861984253,13,5,6,-20,-13,-14,-12,5,24,0,30,30,15,0,sorry
24.608219861984253,23,19,11,-1,-3,-7,-8,2,13,-5,35,46,18,5,sorry
24.62377095222473,28,34,22,19,8,-7,-5,2,-4,-14,30,44,9,5,sorry
24.62377095222473,19,28,12,20,10,-10,-7,3,-11,-10,17,19,-2,1,sorry
24.639837980270386,17,20,13,21,15,-2,-9,0,-4,-1,18,10,-1,3,sorry
24.639837980270386,21,25,14,33,23,8,-3,-3,-5,1,25,16,2,4,sorry
24.655476808547974,10,18,-2,32,17,6,2,-8,-13,0,18,3,-2,4,sorry
24.655476808547974,-4,4,1,10,6,5,2,-8,-21,-12,0,-11,-14,-3,sorry
0.0263729095458984,-11,-2,-13,-2,-3,11,-3,0,-24,-10,2,-12,-17,-15,sorry
0.0423953533172607,-4,-4,-9,-9,-4,6,-1,1,-18,-5,8,0,-7,-7,sorry
0.0423953533172607,1,-4,2,-5,-1,6,19,1,4,8,6,5,9,12,sorry
0.0423953533172607,0,-11,-13,-14,-5,7,12,0,5,0,-8,-1,-4,4,sorry
0.0577538013458251,5,-16,-2,-10,-3,6,0,1,11,5,-14,0,-7,0,sorry
0.0741584300994873,8,-9,7,-5,-4,1,0,1,23,19,-5,10,4,13,sorry
0.0741584300994873,2,-2,-13,-15,-10,-5,-10,-5,6,3,1,10,4,10,sorry
0.0901992321014404,1,2,-2,-20,-9,-16,-25,-9,-12,-17,4,11,0,-3,sorry
0.0901992321014404,0,1,-6,-21,-13,-29,-27,-8,-10,-24,13,15,3,-10,sorry
0.1047461032867431,0,2,-4,-12,-11,-27,-24,-4,-16,-27,26,18,6,-7,sorry
0.1047461032867431,5,18,13,17,7,-4,-15,0,-33,-28,18,13,-6,-2,sorry
0.1209268569946289,-3,13,-3,34,14,10,6,1,-24,-12,-8,-8,-19,-5,sorry
0.1209268569946289,-14,-12,0,12,0,15,25,5,15,12,-18,-16,-6,-3,sorry
0.1209268569946289,-10,-25,-7,-15,-11,12,25,8,41,22,-11,-12,3,5,sorry
0.13798189163208,-2,-17,-19,-28,-14,-1,8,1,30,9,-11,-13,0,4,sorry
0.13798189163208,4,4,9,-17,-5,-5,-2,0,15,3,-5,4,7,1,sorry
0.1530275344848632,13,18,5,3,7,-2,-9,3,8,1,10,19,13,0,sorry
0.1674897670745849,15,19,7,14,8,-3,-20,0,-11,-12,14,12,0,-6,sorry
0.1674897670745849,8,21,13,26,13,0,-15,-3,-26,-8,5,1,-1,-3,sorry
0.1674897670745849,-5,8,-2,26,13,8,1,0,-14,7,-6,-16,-5,-3,sorry
0.1823165416717529,-19,-11,-4,0,0,13,12,6,-2,7,-17,-31,-10,-7,sorry
0.1972641944885254,-22,-16,-9,-8,-4,9,17,1,2,10,-16,-28,0,-2,sorry
0.1972641944885254,-19,-16,-1,-6,0,0,17,-7,6,14,-17,-23,0,0,sorry
0.212770938873291,-8,-19,-5,-12,-3,-5,14,-4,12,12,-14,-17,-1,0,sorry
0.212770938873291,9,-5,-12,-14,-5,-8,8,0,13,3,1,3,9,5,sorry
0.2280449867248535,17,11,12,-10,0,-9,-5,0,6,-9,11,23,13,6,sorry
0.2280449867248535,13,2,6,-8,1,-2,-5,0,8,-1,20,20,8,6,sorry
0.2439131736755371,14,1,6,-9,4,6,4,2,-2,12,29,18,6,5,sorry
0.2439131736755371,8,14,12,0,10,5,2,0,-23,6,16,18,1,3,sorry
0.2590579986572265,-7,0,2,2,5,4,0,-3,-19,-6,-7,4,-3,4,sorry
0.2590579986572265,-13,-21,9,-16,-2,12,13,3,-2,0,-21,-7,-4,4,sorry
0.2748074531555176,-9,-22,-10,-19,-4,8,22,4,12,17,-18,-11,-2,2,sorry
0.2748074531555176,0,-7,-13,-9,-10,-5,0,0,20,11,3,-1,5,1,sorry
0.2899210453033447,9,4,6,0,-16,-16,-21,0,13,-5,22,12,11,1,sorry
0.2899210453033447,13,12,0,22,-4,-25,-21,-3,-5,-16,17,18,2,-3,sorry
0.3060061931610107,12,26,5,33,9,-16,-23,-3,-20,-26,11,18,-9,-12,sorry
0.3060061931610107,8,25,3,27,12,3,-17,1,-16,-23,10,4,-13,-7,sorry
0.3213279247283935,2,8,0,32,15,16,0,1,-7,-10,-6,-8,-14,-1,sorry
0.3213279247283935,-4,1,2,38,18,20,9,0,-7,-4,-19,-10,-14,-2,sorry
0.3373692035675049,-14,-3,-13,15,5,11,-1,-1,-6,-1,-13,-18,-13,-6,sorry
0.3373692035675049,-16,-15,-8,-16,-15,-4,-11,1,0,3,-15,-19,-9,-3,sorry
0.3529653549194336,-7,-15,-8,-18,-22,-10,-4,0,14,3,-21,-5,-1,2,sorry
0.3529653549194336,0,0,-6,-9,-13,-4,-4,-7,14,-2,-11,2,5,3,sorry
0.3686988353729248,5,6,4,-17,-9,0,-16,-4,3,-3,3,7,12,1,sorry
0.3686988353729248,9,2,4,-19,-5,-11,-13,0,0,-1,21,18,16,0,sorry
0.3843441009521484,10,11,13,-6,0,-12,-3,2,-1,-5,32,24,12,-3,sorry
0.3843441009521484,7,14,6,0,-5,-1,0,3,-5,-3,19,7,1,-2,sorry
0.4001016616821289,-2,0,-1,-6,-8,-8,-2,-1,-12,-2,-1,-15,-9,-1,sorry
0.4001016616821289,-8,-4,7,-3,8,-5,5,0,-16,-3,-7,-16,-9,-6,sorry
0.4161453247070312,-9,-4,-5,5,20,15,27,9,-3,15,-4,-4,1,-2,sorry
0.4161453247070312,-14,-12,-5,1,9,19,29,1,1,19,-13,-10,0,1,sorry
0.4321908950805664,-14,-17,-5,0,6,16,19,-9,-3,2,-20,-20,-9,-2,sorry
0.4321908950805664,-5,-12,-5,3,11,22,30,0,5,19,-10,-9,0,8,sorry
0.4481663703918457,0,-6,5,-2,4,19,36,13,21,39,1,2,14,21,sorry
0.4481663703918457,-1,-8,-6,-8,-6,0,17,3,22,17,0,-4,14,8,sorry
0.4642214775085449,0,-5,-5,-15,-9,-7,1,-4,23,7,-4,-4,9,2,sorry
0.4642214775085449,7,0,0,-13,-4,0,0,0,36,32,13,12,17,17,sorry
0.4799189567565918,16,3,-1,0,2,0,-7,0,26,20,24,19,18,10,sorry
0.4799189567565918,16,9,6,2,2,-11,-21,-4,-4,-19,11,11,4,-6,sorry
0.4949996471405029,11,13,4,1,1,-17,-24,-7,-15,-29,6,4,0,-2,sorry
0.4949996471405029,16,10,6,1,3,-10,-19,-3,-11,-25,6,10,-1,0,sorry
0.5106971263885498,17,10,3,-1,0,-10,-12,0,-20,-28,-1,14,-6,-7,sorry
0.5106971263885498,6,9,-2,0,-4,-22,-18,-1,-28,-38,5,8,-8,-7,sorry
0.5258364677429199,-2,6,10,5,-4,-17,-27,3,-25,-38,9,2,-16,-10,sorry
0.5258364677429199,-6,1,3,8,0,3,-12,4,-19,-14,-11,-9,-26,-17,sorry
0.5413615703582764,-8,2,3,11,4,13,3,2,-16,-1,-19,-19,-20,-15,sorry
0.5413615703582764,-14,0,1,16,1,5,-1,0,-19,-13,-14,-20,-14,-14,sorry
0.557344913482666,-27,-9,-14,11,-2,1,-4,-7,-18,-12,-32,-27,-29,-15,sil
0.557344913482666,-32,-14,-5,0,-3,14,7,-2,-7,7,-40,-29,-27,-8,sil
0.5728912353515625,-21,-19,-7,-7,-7,15,14,1,8,25,-12,-16,2,0,sil
0.5728912353515625,-3,-20,-5,-4,-10,2,7,0,16,29,4,0,16,7,sil
0.5889089107513428,8,-4,9,5,-5,5,6,1,25,32,12,15,18,26,sil
0.5889089107513428,12,2,3,4,-1,6,9,3,39,38,28,28,31,34,sil
0.6039588451385498,9,-2,1,-10,0,-5,2,1,37,27,24,25,30,23,sil
0.6039588451385498,9,3,-3,-11,7,-10,-6,0,20,10,17,19,19,16,sil
0.6194772720336914,18,17,0,0,7,-5,-7,-1,8,4,28,24,18,9,sil
0.6194772720336914,18,8,4,-1,2,-2,-4,-3,0,-8,24,20,6,-6,sil
0.635108232498169,6,-5,-9,-14,1,-8,-6,-6,-16,-27,5,3,-10,-18,sil
0.635108232498169,2,4,0,-10,1,-12,-14,-4,-29,-27,1,1,-11,-18,sil
0.6506960391998291,10,16,7,8,0,-4,-6,0,-18,-17,0,4,-4,-7,sil
0.6506960391998291,11,10,7,8,3,5,15,5,1,-8,-10,-5,-4,0,sil
0.6658535003662109,1,10,10,5,11,16,25,8,10,0,-13,-10,-5,3,sil
0.6658535003662109,-9,13,0,23,13,19,19,2,5,-1,-14,-12,-4,0,sil
0.6818809509277344,-15,4,-1,25,6,16,18,0,-3,-8,-19,-20,-5,-3,sil
0.6818809509277344,-19,-9,-6,2,0,8,23,3,1,1,-9,-21,1,-3,sil
0.6979169845581055,-20,-13,-8,-11,-11,-1,11,1,-2,6,-4,-17,0,-1,sil
0.6979169845581055,-14,-10,-5,-11,-19,-2,0,-4,-22,-3,-17,-18,-12,-4,sil
0.7113649845123291,-2,-16,-14,-11,-9,0,5,-3,-13,5,-11,-13,-2,0,sil
0.7113649845123291,3,-18,0,-9,-1,1,6,4,9,19,4,-3,14,5,sil
0.7275025844573975,-5,-6,-2,-6,-6,-2,-6,1,5,9,0,-4,1,-1,sil
0.7431049346923828,-3,1,-11,-7,-6,-13,-19,-9,-3,0,-2,0,-8,-2,sil
0.7431049346923828,17,7,12,-3,2,-18,-23,-3,6,6,9,15,5,10,sil
0.7431049346923828,20,14,3,1,5,-16,-22,5,16,11,11,19,7,11,sil
0.7567925453186035,6,9,-3,-10,1,-12,-19,2,10,4,7,16,-3,0,sil
0.7724514007568359,10,10,6,-6,2,-4,-11,0,-1,-4,11,18,5,-3,sil
0.7724514007568359,18,16,7,7,0,-2,-11,-1,-12,-16,10,18,12,0,sil
0.787578821182251,4,3,6,-9,-6,-5,-21,1,-20,-20,2,8,-6,-7,sil
0.787578821182251,-14,-21,-2,-20,-6,-6,-18,0,-27,-15,-7,-4,-22,-22,sil
0.8039834499359131,-21,-12,3,-1,0,2,-6,-5,-33,-20,-19,-12,-20,-22,sil
0.8039834499359131,-8,8,11,9,8,17,2,0,-18,-16,-6,-3,-8,-1,sil
0.8191144466400146,0,-3,5,17,16,24,18,6,0,2,11,1,-2,9,sil
0.8191144466400146,-6,-21,0,33,12,24,26,0,1,7,-4,-5,-3,1,sil
0.834827184677124,-7,-8,-5,39,10,21,17,-6,10,8,-13,-9,3,4,sil
0.834827184677124,-4,3,0,14,3,16,11,0,29,16,3,-6,9,18,sil
0.8508622646331787,-11,-12,-8,-15,-13,5,19,0,32,18,7,-4,12,14,sil
0.8508622646331787,2,-25,-12,-14,-9,-12,23,-8,31,15,7,4,20,12,sil
0.8669154644012451,30,-15,10,1,3,-16,9,-2,31,8,10,15,20,12,sil
0.8669154644012451,25,-8,5,-5,-1,-13,0,5,25,0,6,10,18,5,sil
0.8823070526123047,13,1,2,-17,-2,-16,1,4,21,3,16,12,17,6,sil
0.8823070526123047,11,27,2,-9,0,-18,-2,1,12,3,24,14,0,0,sil
0.8983757495880127,-1,33,-8,-15,-4,-15,-11,0,-2,-8,3,-3,-12,-20,sil
0.8983757495880127,-9,17,-1,-7,0,-1,-17,0,-11,-14,-7,-12,-19,-12,sil
0.913114070892334,-11,16,-5,28,0,9,-15,0,-12,-11,-9,-10,-32,1,sil
0.913114070892334,-20,16,-5,22,-11,9,-6,1,-13,-7,-27,-24,-28,-13,sil
0.9291365146636964,-25,0,-4,-19,-7,10,4,1,-2,5,-35,-39,-9,-24,sil
0.9291365146636964,-21,-2,-22,-23,-3,11,0,-5,4,6,-33,-29,-7,-12,sil
0.9447333812713624,-7,30,-9,-3,-12,0,-3,-1,0,-2,-19,1,1,0,sil
0.9447333812713624,13,56,11,0,-6,-8,6,5,6,5,18,29,29,10,sil
0.9603655338287354,20,39,18,-2,2,-8,3,1,6,7,33,32,27,14,sil
0.9603655338287354,12,-11,10,-1,2,-7,-16,-2,-19,-12,18,20,4,4,sil
0.976426362991333,14,-51,0,1,7,-10,-19,-2,-41,-16,20,11,1,0,sil
0.976426362991333,11,-38,14,19,20,-1,-5,0,-39,-4,20,9,1,0,sil
0.9920482635498048,-7,-21,7,27,19,14,5,2,-35,0,-3,0,-7,-5,sil
0.9920482635498048,-21,-40,-8,5,9,20,8,0,-49,-4,-22,-18,-19,-3,sil
1.0070538520812988,-18,-45,-6,-3,6,22,12,-1,-56,-6,-23,-24,-24,-3,sil
1.0070538520812988,-5,-19,-4,7,1,16,15,1,-33,6,-16,-10,-9,0,sil
1.0229151248931885,4,-4,3,-2,-8,4,7,3,-2,26,-2,7,16,17,sil
1.0229151248931885,13,-4,-2,-18,-3,-4,3,0,6,23,6,9,28,22,sil
1.038111448287964,20,1,0,-12,0,-12,0,0,-2,2,8,5,17,7,sil
1.038111448287964,12,7,10,-8,-14,-17,-14,1,-10,-8,10,8,8,-2,sil
1.0540711879730225,0,7,-5,-10,-15,-20,-21,-2,-3,-11,15,6,8,-5,sil
1.0540711879730225,0,11,-1,-3,5,-13,-12,-4,2,-16,14,4,0,-9,sil
1.0692477226257324,0,15,6,14,10,-1,0,-1,6,-13,2,3,-13,-7,sil
1.0692477226257324,-5,16,0,21,-1,6,13,0,18,-4,-13,-8,-19,0,sil
1.085071325302124,-6,13,5,7,-2,14,22,0,45,4,-16,-19,-12,3,sil
1.085071325302124,0,1,-9,-6,0,11,19,-7,78,21,-11,-17,-1,4,sil
1.1001694202423096,0,0,-11,-11,-9,0,4,-5,101,25,-8,0,1,5,sil
1.1001694202423096,5,13,-3,-9,-4,-2,-6,4,138,8,3,17,8,5,sil
1.1160988807678225,17,19,1,0,5,-7,-8,0,150,-9,18,20,11,0,sil
1.1160988807678225,7,19,10,6,0,-14,-15,-2,116,-25,12,8,-7,-18,sil
1.1322503089904783,-19,7,-3,4,-2,-5,-21,2,160,-30,0,-7,-22,-24,sil
1.1322503089904783,-23,-11,-5,2,3,11,-3,5,169,-14,-4,-17,-13,-5,sil
1.1475791931152344,-5,-11,1,10,12,18,24,4,-78,9,0,-16,1,7,sil
1.148096799850464,-7,-4,-3,16,11,11,26,1,-318,24,3,-8,11,10,sil
1.1625032424926758,-14,-11,1,6,-1,4,3,1,-260,28,-1,-1,14,13,sil
1.1625032424926758,-8,-19,-3,-14,-14,-9,-6,-2,-137,23,-3,0,10,7,sil
1.17822265625,-2,-16,-4,-28,-13,-20,-5,-6,-126,7,-3,9,8,-2,sil
1.17822265625,10,0,1,-18,-7,-11,-8,1,-98,-1,0,21,12,-1,sil
1.1947712898254397,26,14,2,-2,-2,-6,-15,2,-58,-7,11,21,10,1,sil
1.1947712898254397,18,12,9,-6,-5,-16,-19,-3,-52,-22,7,12,-2,-9,sil
1.2097902297973633,3,7,1,0,-7,-15,-14,-3,-24,-28,-3,4,-14,-13,sil
1.2097902297973633,0,8,2,14,0,0,-10,-1,0,-25,-6,-6,-17,-7,sil
1.2258622646331787,-7,4,2,9,4,11,-5,0,-2,-17,-16,-21,-17,-9,sil
1.2258622646331787,-6,0,-7,10,8,19,13,3,23,5,-20,-22,-9,2,sil
1.2412779331207275,2,5,7,23,16,34,31,10,71,27,-3,-9,6,22,sil
1.2412779331207275,-3,-7,-3,4,12,25,27,3,82,17,0,-11,4,10,sil
1.2580947875976562,-7,-26,-19,-22,0,-2,11,-5,72,1,-9,-10,-5,-1,sil
1.2580947875976562,6,-15,0,-17,-2,-6,0,0,84,11,9,12,16,12,sil
1.2727744579315186,8,-1,6,-4,1,-1,-9,1,81,11,30,21,30,7,sil
1.2727744579315186,-4,-2,1,-3,3,-11,-19,-3,34,-21,10,0,-8,-22,sil
1.2878789901733398,-8,-4,0,6,4,-6,-12,-5,13,-28,-2,-7,-23,-22,sil
1.2878789901733398,0,-1,8,22,9,9,8,0,21,0,2,4,0,0,sil
1.3071439266204834,1,0,15,22,9,13,19,2,4,7,0,4,-3,2,sil
1.3071439266204834,-3,-7,0,4,0,3,16,0,-8,7,-4,-6,-12,2,sil
1.3191540241241455,0,-2,-2,-13,-7,3,15,1,11,22,1,-1,4,19,sil
1.3191540241241455,7,13,-3,-15,-4,3,16,2,28,30,4,7,17,24,sil
1.3356921672821045,7,15,-1,-11,-3,-8,0,0,15,18,4,5,9,15,sil
1.3356921672821045,3,6,2,-13,-9,-19,-17,-1,-1,1,3,4,1,3,sil
1.3510675430297852,8,5,-7,-7,-15,-23,-24,-3,-14,-14,-2,5,2,-8,sil
1.366471290588379,14,14,7,4,-13,-25,-31,-2,-29,-26,0,12,4,-11,sil
1.366471290588379,8,15,6,7,-3,-19,-29,0,-37,-25,6,13,3,-4,sil
1.366471290588379,-2,5,-5,5,0,-1,-9,-3,-30,-15,0,1,-1,-3,sil
1.383014678955078,-7,0,3,16,0,16,1,0,-22,-5,-8,-11,-7,-12,sil
1.383014678955078,-13,-6,-10,20,7,21,12,5,-14,4,-14,-21,-14,-13,sil
1.3974342346191406,-24,-17,-12,-1,12,18,19,1,-4,10,-27,-28,-15,-7,sil
1.3974342346191406,-19,-21,-6,-18,1,3,4,0,-2,5,-17,-16,0,-7,sil
1.4130096435546875,0,-12,-10,-17,-9,-14,-14,1,-10,0,15,14,14,-6,sil
1.4130096435546875,6,2,5,-12,-4,-8,-15,0,-13,-5,27,31,7,2,sil
1.4290850162506104,-5,6,5,0,7,5,-1,-1,-18,-6,13,10,-8,2,sil
1.4290850162506104,-6,0,-1,11,9,8,15,7,-17,0,-5,-17,-16,-6,sil
1.445488691329956,2,-5,-2,7,1,14,30,11,4,20,-13,-16,-7,4,sil
1.445488691329956,5,-9,-4,-4,-7,11,26,-1,18,23,-5,-2,9,21,sil
1.46004319190979,5,0,3,-15,-9,-3,6,-6,1,2,4,0,16,10,sil
1.46004319190979,13,12,5,-7,3,-12,-8,-3,-12,-9,11,2,9,0,sil
1.47444748878479,17,19,16,10,13,-3,-13,-3,-12,-7,18,16,1,4,sil
1.492238998413086,11,17,13,18,13,9,-5,-2,-4,0,19,15,1,5,sil
1.492238998413086,-2,4,-5,23,11,7,6,0,9,5,6,-3,0,0,sil
1.492238998413086,-11,-3,0,19,2,6,10,5,15,7,-15,-15,-5,-1,sil
1.5059773921966553,-11,-10,-4,-3,-10,10,3,0,14,6,-27,-19,-8,-2,sil
1.5215060710906982,-9,-13,-10,-26,-12,-3,-5,-10,17,-2,-24,-14,0,0,sil
1.5215060710906982,-6,-2,-3,-26,-12,-24,-11,-6,12,-17,-8,6,6,0,sil
1.5371391773223877,2,11,0,-10,-11,-26,-17,-1,0,-20,13,23,9,-2,sil
1.5371391773223877,9,19,10,4,0,-11,-23,-2,-9,-14,21,17,7,-6,sil
1.552804470062256,0,16,3,12,9,-1,-16,0,-14,-15,2,0,-10,-13,sil
1.552804470062256,-5,4,1,12,4,8,1,3,-9,-15,-13,-5,-30,-8,sil
1.5681123733520508,0,-5,3,16,0,22,17,8,2,1,-9,-1,-16,2,sil
1.5681123733520508,-11,-21,-10,5,-3,20,21,3,11,17,-11,-10,5,4,sil
1.5841076374053955,-19,-27,-5,-14,-5,6,18,0,10,19,-22,-16,4,0,sil
1.5841076374053955,6,-23,-2,-8,1,5,18,0,22,26,-7,0,12,9,sil
1.5997271537780762,20,-30,-3,0,0,8,11,5,33,28,9,6,25,17,sil
1.5997271537780762,2,-32,1,-13,-7,2,0,4,28,15,7,-1,14,5,sil
1.6150732040405271,3,-25,-3,-16,1,-13,-7,-3,14,2,13,8,10,5,sil
1.6150732040405271,22,-17,6,-5,0,-23,-16,-3,-4,-10,23,24,12,13,sil
1.6307997703552246,13,9,0,-4,-5,-22,-20,0,-21,-19,22,12,0,2,sil
1.6307997703552246,-2,50,-5,-7,4,-13,-13,0,-17,-11,16,1,-5,-13,sil
1.6459336280822754,0,58,10,0,14,-5,-10,0,-11,0,12,6,-3,-14,sil
1.6459336280822754,4,37,2,12,7,-4,-9,0,-21,-1,9,4,-16,-8,sil
1.662020921707153,3,36,5,19,3,0,-4,0,-26,-10,6,0,-26,-3,sil
1.662020921707153,0,27,8,14,4,3,-8,0,-19,-14,1,4,-26,-4,sil
1.6778523921966553,-8,0,-2,9,0,-2,-13,0,-19,-10,-5,0,-28,-10,sil
1.6778523921966553,-8,0,5,18,-1,7,1,0,-18,-4,-11,-14,-25,-11,sil
1.6939921379089355,-1,8,2,26,3,19,18,-3,1,6,-5,-16,-23,0,sil
1.6939921379089355,-9,-8,-5,4,2,8,17,-2,13,12,-3,-10,-5,8,sil
1.709348201751709,-17,-29,-14,-18,-2,12,17,0,0,2,-18,-17,56,-1,sil
1.709348201751709,-15,-30,-18,-14,-3,22,20,-2,-7,-1,-33,-29,78,-9,sil
1.7251200675964355,-20,-22,-6,-10,-11,8,9,-3,2,1,-30,-30,8,-8,sil
1.7255680561065674,-14,-16,-7,-10,-16,-5,2,-2,12,3,-23,-21,-31,-5,sil
1.7407104969024658,11,-4,2,0,-3,0,10,1,16,7,-16,2,0,7,sil
1.7407104969024658,16,4,8,3,4,7,9,5,23,16,5,26,21,25,sil
1.7568180561065674,2,-1,0,-5,0,2,2,3,23,7,18,21,12,26,sil
1.7568180561065674,1,-12,3,-12,3,-2,5,2,17,-1,1,5,-1,12,sil
1.771989107131958,1,-15,-2,-8,0,-7,9,0,18,8,-1,6,-4,2,sorry
1.771989107131958,7,-4,2,-3,-6,-11,-4,0,15,15,22,22,13,7,sorry
1.7878077030181885,13,4,3,-5,-6,-17,-16,3,7,3,30,28,23,13,sorry
1.7878077030181885,0,-2,-10,-20,-3,-22,-17,1,-2,-7,13,14,0,0,sorry
1.8028409481048584,-8,-2,2,-26,2,-10,-16,0,-12,-8,10,9,-11,-18,sorry
1.8028409481048584,3,10,5,-3,8,-2,-19,0,-17,-7,23,13,-1,-16,sorry
1.8179728984832764,8,16,6,10,-1,-10,-28,-2,-27,-22,11,1,-15,-12,sorry
1.8179728984832764,5,18,10,6,-2,-7,-22,-4,-29,-33,-10,-10,-35,-18,sorry
1.83401107788086,13,24,6,17,14,5,-1,-4,-11,-15,1,0,-19,-8,sorry
1.83401107788086,14,21,16,26,15,11,0,0,-8,1,15,4,-2,2,sorry
1.8499984741210933,0,9,9,22,9,12,-7,1,-19,0,-5,-8,-11,-3,sorry
1.8499984741210933,-1,8,5,26,13,11,4,0,-11,4,-19,-16,-15,-8,sorry
1.8652551174163816,-5,3,1,27,2,9,15,0,0,12,-7,-15,-1,-3,sorry
1.8652551174163816,-18,-18,-19,4,-12,7,13,-4,-4,6,-17,-25,1,-3,sorry
1.880183458328247,-19,-23,-9,-14,-12,9,17,-4,-6,-2,-41,-30,-12,0,sorry
1.880183458328247,-10,-12,-5,-7,-10,10,26,1,7,0,-30,-19,-8,5,sorry
1.8960304260253904,-10,-11,-9,-4,-12,3,23,3,21,5,-1,-5,10,9,sorry
1.8960304260253904,-7,-11,-5,-19,-10,-1,13,2,20,3,3,1,14,11,sorry
1.91206955909729,5,-7,-11,-17,-8,-9,8,0,15,0,-5,4,4,12,sorry
1.91206955909729,17,-2,0,0,-5,-12,1,1,20,0,-1,17,12,12,sorry
1.9279625415802,17,0,1,0,0,-10,-9,4,25,10,23,32,32,15,sorry
1.9279625415802,10,1,0,-11,0,-9,-19,-1,16,15,31,28,29,15,sorry
1.9438602924346924,11,11,17,-8,3,-3,-16,-3,7,1,16,21,12,6,sorry
1.9438602924346924,15,15,7,2,14,-1,-8,0,2,-3,16,16,9,-1,sorry
1.959953546524048,5,8,-1,5,15,0,-7,-2,-4,3,22,2,10,-5,sorry
1.959953546524048,-7,9,0,8,12,5,-5,0,-4,11,13,-6,3,-10,sorry
1.975980520248413,-13,9,-6,6,13,4,-3,6,-10,7,7,-7,-2,-15,sorry
1.975980520248413,-18,0,-9,-6,7,4,-6,4,-21,-4,4,-15,-10,-21,sorry
1.991075038909912,-19,-10,-9,-3,6,15,3,2,-11,-4,-8,-22,-15,-16,sorry
1.991075038909912,-12,-9,6,10,12,18,20,4,-2,0,-21,-12,-17,-4,sorry
2.0140163898468018,-7,-9,3,9,5,7,21,0,-11,-3,-18,-6,-17,0,sorry
2.015022754669189,-6,-11,-6,1,-9,-3,13,-6,-15,-6,-12,-10,-14,7,sorry
2.015022754669189,-3,-13,1,-5,-17,-7,3,-1,-8,0,-19,-14,-15,9,sorry
2.022046566009521,-10,-18,-10,-18,-21,-8,-1,-6,-3,-6,-31,-20,-22,-5,sorry
2.038116455078125,-17,-9,-10,-24,-25,-7,-6,-11,-1,-16,-30,-18,-22,-15,sorry
2.038116455078125,1,7,4,-6,-19,-5,-16,-2,2,-11,-8,3,-4,-4,sorry
2.0531795024871826,29,12,10,8,-5,-9,-20,4,12,-1,15,27,17,11,sorry
2.0531795024871826,32,14,18,3,5,-8,-8,4,20,3,23,39,29,17,sorry
2.069210767745972,21,21,11,1,4,-10,-5,0,15,9,19,36,28,14,sorry
2.069210767745972,14,10,8,2,-2,-15,-16,0,-2,0,15,26,12,6,sorry
2.0848724842071533,10,0,3,-3,0,-12,-12,0,-16,-20,10,13,-1,-5,sorry
2.0848724842071533,3,9,-4,-1,6,-4,-1,0,-19,-23,8,0,-4,-12,sorry
2.0999910831451416,-4,18,7,12,13,6,1,3,-15,-8,6,-6,-6,-11,sorry
2.0999910831451416,-6,7,1,20,17,21,18,4,0,9,3,-7,-2,0,sorry
2.114675998687744,0,-7,-5,17,11,26,33,0,13,21,-3,-16,0,15,sorry
2.130745649337769,-8,-18,-5,9,1,20,17,2,7,23,-17,-23,-8,8,sorry
2.130745649337769,-19,-21,-12,0,0,13,2,0,0,16,-26,-20,-12,-4,sorry
2.130745649337769,-9,-6,-1,4,4,11,14,0,13,15,-16,-7,4,8,sorry
2.146683931350708,3,5,3,21,8,2,19,1,25,30,7,1,20,26,sorry
2.146683931350708,3,1,-1,7,0,-12,-1,-1,15,23,18,8,19,9,sorry
2.1623759269714355,1,-1,-3,-19,-14,-15,-23,-5,-1,-10,11,7,9,-11,sorry
2.1778552532196045,0,0,-5,-19,-11,-11,-19,0,-7,-21,8,0,0,-10,sorry
2.1778552532196045,-1,-4,-2,-20,0,-8,-6,1,0,-7,12,0,-2,-7,sorry
2.1788530349731445,0,-7,-10,-27,-3,-7,-5,-3,2,-8,15,7,5,-10,sorry
2.1950719356536865,0,4,1,-12,-4,-9,-14,-3,-12,-21,8,4,-1,-12,sorry
2.2081148624420166,-3,10,10,-1,0,-7,-12,-3,-26,-26,-4,-6,-19,-22,sorry
2.2081148624420166,-9,0,-13,-3,-1,-4,-11,-9,-22,-25,-11,-15,-23,-26,sorry
2.2081148624420166,-13,-5,-10,-1,-7,1,-21,0,-17,-21,-13,-15,-19,-11,sorry
2.224831342697144,-10,-4,-1,1,0,16,-6,3,-6,-4,-12,-14,-12,5,sorry
2.224831342697144,0,-4,4,5,9,27,28,1,14,18,-11,-7,1,13,sorry
2.24078369140625,5,1,14,21,16,28,40,8,25,31,-14,2,8,12,sorry
2.24078369140625,4,0,-1,24,12,14,24,8,16,28,-14,0,8,17,sorry
2.254991292953491,5,-11,1,0,-3,0,18,3,14,18,-10,-5,14,26,sorry
2.270319938659668,12,-6,8,-7,-9,0,28,5,28,16,-1,4,21,26,sorry
2.270319938659668,18,7,2,1,-1,-8,19,1,30,13,12,19,17,15,sorry
2.285500288009644,20,12,7,4,2,-19,-5,-2,10,0,21,28,8,1,sorry
2.285500288009644,10,8,-2,0,4,-19,-11,-2,-2,-6,20,20,4,-4,sorry
2.3011715412139893,-1,2,0,-5,1,-17,-17,-5,-16,-11,16,10,0,-8,sorry
2.3011715412139893,0,3,4,-3,-7,-17,-34,-2,-30,-23,17,17,-3,-12,sorry
2.316816091537476,2,15,1,3,-2,-12,-33,1,-30,-23,19,22,-10,-13,sorry
2.316816091537476,-3,16,11,10,7,-4,-23,0,-26,-12,9,10,-14,-12,sorry
2.332920789718628,-10,0,1,5,0,-6,-20,-5,-25,-8,-4,0,-8,-13,sorry
2.332920789718628,-10,-8,-4,-4,-10,-5,-20,1,-20,-12,-9,-1,-6,-9,sorry
2.348052263259888,-9,-2,-3,-3,-9,5,-12,9,-3,0,-7,-3,-11,-4,sil
2.348052263259888,-10,-8,-8,0,-4,12,8,4,-1,9,-15,-17,-13,-5,sil
2.3643085956573486,-14,-13,-1,-9,-1,21,26,-2,-13,-1,-28,-30,-16,-7,sil
2.3643085956573486,-14,-8,-6,-10,0,23,24,-7,-4,-7,-26,-34,-17,-3,sil
2.3798954486846924,-4,-11,-4,-2,-3,17,17,-3,17,7,-23,-32,-9,1,sil
2.3798954486846924,0,-7,-1,0,0,18,18,2,25,19,-22,-28,2,4,sil
2.394822120666504,-4,3,-9,-1,8,16,18,-3,25,16,-19,-21,13,6,sil
2.394822120666504,-11,-4,-2,-12,0,1,16,-7,25,8,-14,-18,13,5,sil
2.410924434661865,-6,-22,-3,-20,-8,-11,13,1,30,13,0,-17,13,9,sil
2.410924434661865,10,-9,-3,-9,0,-9,4,1,35,20,19,3,19,18,sil
2.427036762237549,22,10,1,0,4,-3,0,0,24,10,26,30,26,16,sil
2.427036762237549,17,10,-2,4,0,-9,-3,0,2,-8,26,35,21,7,sil
2.442622900009156,10,6,9,6,4,-11,-15,0,-16,-18,24,25,4,1,sil
2.442622900009156,10,11,6,8,8,-8,-14,-1,-23,-16,20,17,-3,-1,sil
2.458537340164185,21,15,7,8,0,-11,-6,3,-15,-11,23,25,4,1,sil
2.458537340164185,27,20,11,8,-3,-16,-14,3,-11,-11,35,40,16,2,sil
2.474093675613404,17,19,1,10,2,-15,-21,-2,-17,-5,32,25,8,-4,sil
2.474093675613404,0,12,10,20,7,-3,-16,0,-18,0,9,3,-14,-8,sil
2.4917399883270264,-10,6,8,26,9,3,-13,3,-20,-11,-8,0,-28,-12,sil
2.4917399883270264,-17,1,-1,15,9,4,-11,0,-23,-20,-17,-6,-31,-16,sil
2.504613161087036,-17,-2,2,9,7,15,10,0,-3,4,-16,-14,-16,-8,sil
2.504613161087036,-13,-10,-3,14,3,21,25,4,18,32,-10,-7,2,7,sil
2.520685911178589,-14,-19,-5,3,-5,13,17,3,14,22,-23,-12,-3,7,sil
2.520685911178589,-18,-21,-10,-13,-10,11,15,0,9,8,-39,-23,-16,0,sil
2.5361647605896,-8,-17,-8,-21,-5,10,21,-1,24,16,-28,-13,0,8,sil
2.5361647605896,1,-11,0,-28,-4,0,11,-3,26,13,-14,-8,14,11,sil
2.5516724586486816,0,-8,-13,-36,-13,-10,-9,-5,3,-4,-8,-16,12,-6,sil
2.5516724586486816,-1,0,-7,-30,-12,-13,-21,-1,-13,-14,3,-3,8,-16,sil
2.5677154064178467,5,11,0,-7,1,-9,-15,2,-9,-13,13,10,6,-9,sil
2.5677154064178467,4,6,0,-2,7,-3,-5,4,-10,-16,9,-1,1,-9,sil
2.5831096172332764,-6,-4,0,-12,3,2,-1,4,-22,-21,4,-14,-3,-12,sil
2.5831096172332764,-11,0,-9,4,3,4,7,0,-16,-9,0,-14,-7,-4,sil
2.5987205505371094,-10,0,-1,22,0,5,15,0,2,8,-11,-13,-9,2,sil
2.5987205505371094,-11,-12,0,0,-13,2,8,0,12,15,-21,-9,-7,3,sil
2.614132881164551,0,-12,-5,-15,-16,-6,-1,-6,10,4,-11,5,0,8,sil
2.614132881164551,24,5,13,-1,-5,-10,-5,-7,10,-1,13,27,10,16,sil
2.6292834281921387,28,15,14,7,1,-11,-8,-4,10,-1,28,29,15,12,sil
2.6292834281921387,13,19,14,13,8,-5,-8,0,0,-5,23,15,7,2,sil
2.644864082336426,6,19,14,27,21,11,1,4,-4,-2,13,7,0,2,sil
2.644864082336426,0,4,1,28,22,17,14,4,6,13,4,0,-3,8,sil
2.66051721572876,-7,-5,-1,15,3,6,10,1,13,24,0,-3,0,7,sil
2.66051721572876,-1,-5,-8,-1,-13,-9,-5,-2,9,12,6,0,5,0,sil
2.676011085510254,11,1,-2,-15,-7,-18,-20,-3,-3,-15,1,6,-2,-3,sil
2.676011085510254,13,17,6,3,4,-14,-18,2,-19,-25,4,12,-11,-3,sil
2.6913599967956543,2,15,-2,25,1,-1,-5,1,-21,-1,17,12,-2,-2,sil
2.6913599967956543,-10,-6,-1,2,-4,14,4,0,-7,16,-1,-1,1,0,sil
2.708392143249512,-8,-13,-6,-17,-2,16,8,0,4,14,-28,-12,0,2,sil
2.708392143249512,4,-3,-3,-8,-3,-2,0,0,0,1,-9,-2,2,0,sil
2.7230474948883057,5,-2,1,-12,-8,-10,-7,-1,-3,-7,23,4,10,-11,sil
2.7230474948883057,-5,-8,-5,-18,-5,1,-1,0,-4,-8,21,-1,8,-11,sil
2.73844575881958,-11,-5,1,1,3,9,1,3,-18,-16,-13,-11,-10,-8,sil
2.73844575881958,-16,-11,-6,9,5,7,3,2,-17,-20,-41,-27,-26,-16,sil
2.754000186920166,-17,-22,-11,-22,-7,8,17,-2,19,4,-31,-25,-4,-4,sil
2.754000186920166,-4,-9,0,-34,-12,8,21,0,39,24,7,7,28,12,sil
2.7693428993225098,10,16,0,0,9,-3,4,3,18,2,23,27,22,8,sil
2.7693428993225098,9,27,8,24,23,-12,-8,5,1,-16,10,15,0,2,sil
2.7846672534942627,-4,16,4,19,13,0,-3,3,1,-1,0,-2,-8,4,sil
2.8006937503814697,-11,-1,-3,12,5,12,5,-4,-7,1,-13,-19,-24,-3,sil
2.8016953468322754,-10,-18,0,5,0,8,9,-3,-17,-4,-27,-26,-30,-9,sil
2.8016953468322754,-7,-21,-6,-2,-6,-1,11,0,-2,17,-10,-17,-1,5,sil
2.8171193599700928,-1,-7,0,-7,-4,0,5,0,14,31,0,-7,10,15,sil
2.8171193599700928,0,-4,-7,-17,-3,-2,-5,0,17,5,-17,-5,1,6,sil
2.8327057361602783,2,-8,-9,-24,-8,-26,-16,0,7,-9,-8,6,10,2,sil
2.8327057361602783,14,3,7,-18,-13,-32,-18,0,-6,-7,19,24,17,1,sil
2.8488898277282715,19,14,5,-8,-9,-8,-7,1,-8,-13,16,19,6,-3,sil
2.8488898277282715,15,16,10,11,6,9,-1,1,-2,-15,8,8,0,-5,sil
2.862592935562134,14,18,13,31,18,8,-9,-1,-6,-4,16,9,-2,-1,sil
2.87874436378479,14,18,8,35,13,6,-3,0,-9,3,20,13,-6,3,sil
2.87874436378479,7,13,14,37,6,16,13,4,1,20,22,12,3,7,sil
2.8959927558898926,-3,-3,-1,25,-3,10,6,-2,7,31,15,3,9,2,sil
2.8959927558898926,-5,-17,-3,-6,-12,-1,-3,-10,0,14,-4,-3,0,3,sil
2.8959927558898926,3,-10,1,-14,-5,3,11,-4,3,0,-4,4,3,14,sil
2.9100210666656494,0,0,-4,-6,-6,2,5,-1,5,-6,2,9,1,4,sil
2.9100210666656494,-8,0,0,-16,-15,-8,-21,-2,-11,-25,-1,6,-9,-17,sil
2.925049304962158,3,4,-1,-13,0,-11,-18,-3,-11,-23,5,7,1,-12,sil
2.9400925636291504,6,11,1,0,8,-12,-14,0,-5,-18,6,0,3,-5,sil
2.9410834312438965,-13,10,-3,2,1,-9,-25,3,-15,-31,-11,-19,-16,-20,sil
2.9557642936706543,-21,2,-11,0,9,5,-8,0,-16,-16,-10,-23,-14,-17,sil
2.9557642936706543,-21,-8,-4,-7,16,16,17,3,-4,8,-4,-19,-5,-7,sil
2.971447467803955,-32,-16,-19,-8,0,7,24,6,0,7,-25,-29,-15,-11,sil
2.971447467803955,-30,-18,-16,-4,-9,6,29,4,6,10,-44,-30,-12,-2,sil
2.987079620361328,-10,-22,-5,-19,-4,14,35,2,16,21,-28,-16,2,18,sil
2.987079620361328,2,-24,-12,-29,-9,1,24,1,17,12,-6,-4,5,20,sil
3.002697467803955,8,-13,1,-13,-13,-6,11,0,20,2,-9,6,3,12,sil
3.002697467803955,16,-2,6,-4,-3,-3,5,-3,24,8,-9,15,9,14,sil
3.017958641052246,24,6,7,-7,1,-10,-6,-2,9,7,19,22,20,14,sil
3.017958641052246,25,18,15,5,0,-16,-16,4,-4,1,40,31,23,3,sil
3.0331180095672607,22,24,10,29,11,-7,-19,3,-6,0,30,29,14,0,sil
3.0331180095672607,24,25,17,36,23,7,-18,1,-11,1,30,20,6,1,sil
3.0484981536865234,21,21,17,27,14,10,-11,2,-7,6,41,15,7,2,sil
3.0484981536865234,3,8,9,21,5,2,-5,-2,-2,6,20,5,0,-1,sil
3.063927412033081,-13,-4,-2,19,3,1,-7,-4,-12,-2,-14,-14,-18,-4,sil
3.063927412033081,-17,-12,-16,-1,-5,3,-4,-2,-10,-4,-22,-25,-20,-4,sil
3.079695463180542,-15,-10,-5,-21,-11,4,3,0,7,6,-13,-20,-5,-2,sil
3.079695463180542,-13,-8,-6,-9,-3,6,9,-3,11,7,-19,-22,-10,-8,sil
3.09494948387146,-3,-6,-8,-1,0,-2,2,-10,0,-14,-31,-21,-25,-16,sil
3.09494948387146,5,0,-2,-13,-9,-13,-10,-6,0,-21,-21,0,-6,-6,sil
3.110948085784912,1,1,-9,-19,-16,-15,-12,2,8,-1,2,14,18,3,sil
3.110948085784912,-4,-4,0,-25,-15,-10,-2,6,4,2,18,18,13,-3,sil
3.126669883728028,6,7,6,-7,5,0,7,1,0,-12,23,22,5,-1,sil
3.126669883728028,9,22,7,27,23,10,4,1,-9,-16,10,11,-1,9,sil
3.1422104835510254,-13,8,5,23,7,8,1,2,-25,-7,-12,-12,-17,-4,sil
3.1422104835510254,-26,-17,-16,0,-6,5,18,-2,-18,4,-22,-24,-13,-9,sil
3.158132791519165,-8,-17,-4,-3,0,13,30,-2,2,12,-15,-16,5,9,sil
3.158132791519165,3,-4,4,-1,-4,12,12,0,6,12,-1,-5,10,11,sil
3.1731631755828857,8,0,1,-1,-7,-2,-4,-3,6,11,6,4,8,4,sil
3.1731631755828857,15,0,9,-1,1,-11,-7,-2,15,10,7,15,11,7,sil
3.189042329788208,10,-3,-1,-13,-3,-20,-17,0,7,-4,12,18,10,0,sil
3.189042329788208,5,5,3,-6,-8,-18,-26,0,-14,-23,21,17,2,-5,sil
3.205275774002075,10,20,13,20,12,-3,-10,7,-9,-13,19,13,1,3,sil
3.205275774002075,2,11,0,12,17,-3,-1,10,2,0,8,4,2,1,sil
3.221040964126587,-8,-3,0,-9,-3,-6,-9,1,-7,-10,-2,1,-4,-7,sil
3.221040964126587,-5,-5,0,0,-7,3,-7,-6,-21,-18,-14,-3,-16,-3,sil
3.2367067337036133,-3,0,-3,12,0,11,2,-3,-18,-10,-26,-16,-24,-4,sil
3.2367067337036133,-7,1,-4,11,6,18,10,2,-1,2,-19,-17,-14,-8,sil
3.251944303512573,-12,-5,-8,-1,5,19,16,6,18,16,-5,-12,2,0,sil
3.251944303512573,-16,-17,-8,-15,-1,13,21,8,27,21,-12,-19,1,1,sil
3.267683744430542,-9,-21,-13,-11,-3,11,28,1,39,27,-13,-17,7,2,sil
3.267683744430542,8,-11,1,-5,1,6,23,0,57,37,4,3,29,19,sil
3.284334182739258,15,0,4,-18,2,-7,1,3,44,30,22,13,34,21,sil
3.284334182739258,8,2,-8,-21,0,-19,-19,-2,-1,0,26,11,13,-3,sil
3.2998900413513184,5,9,7,-7,-3,-15,-25,-10,-24,-16,20,16,-2,-17,sil
3.2998900413513184,10,19,10,9,0,-8,-15,-8,-13,-4,18,16,0,0,sil
3.316048622131348,6,18,4,14,2,-5,-9,-3,-14,-1,16,4,-4,5,sil
3.316048622131348,-2,11,1,12,-4,-4,-14,-3,-31,-22,3,-1,-21,-10,sil
3.332124710083008,-2,8,-3,21,-4,-5,-12,-4,-36,-30,-9,-2,-25,-16,sil
3.332124710083008,-6,2,6,22,6,0,-2,2,-32,-17,-20,-10,-17,-11,sil
3.348064422607422,-13,-7,1,8,3,10,14,4,-23,-5,-25,-16,-9,-5,sil
3.348064422607422,0,-5,0,8,4,13,26,0,-8,4,-11,-6,0,6,sil
3.3640856742858887,7,-3,1,14,10,15,21,1,0,10,-3,-3,0,13,sil
3.3640856742858887,-3,-12,-5,1,-2,7,14,0,4,6,-12,-10,1,11,sil
3.379122972488404,0,-7,5,-6,-16,-4,8,0,22,6,-7,0,19,12,sil
3.379122972488404,7,-5,-1,-15,-12,-13,-8,2,32,7,3,8,20,8,sil
3.3946995735168457,-3,-15,-10,-38,-12,-19,-25,0,12,-11,-4,-3,-8,-12,sil
3.3946995735168457,-8,-5,0,-35,-16,-17,-29,-1,-10,-31,-9,-2,-21,-25,sil
3.4098031520843506,5,6,-2,-12,-9,-17,-28,-1,-11,-23,4,11,-5,-17,sil
3.4098031520843506,12,5,6,-5,1,-12,-25,2,-3,-9,16,20,0,-4,sil
3.425698757171631,10,16,12,8,11,2,-8,4,0,0,26,20,2,3,sil
3.425698757171631,11,25,10,24,15,10,1,0,1,5,27,13,8,9,sil
3.4418249130249023,9,18,11,21,20,14,5,0,1,7,14,9,8,9,sil
3.4418249130249023,2,9,-1,22,23,22,18,1,0,8,1,0,6,12,sil
3.457005739212036,-8,2,0,27,15,25,31,4,0,14,-2,-10,4,16,sil
3.457005739212036,-17,-12,-7,13,7,18,36,5,11,24,-7,-20,0,5,sil
3.473027467727661,-15,-22,-22,-1,4,12,30,-1,20,27,-20,-28,-4,-3,sil
3.473027467727661,-10,-20,-7,-11,-4,11,11,-5,5,8,-35,-28,-10,0,sil
3.488767147064209,-14,-22,-11,-26,-17,-4,-6,-5,-11,-13,-26,-17,-10,-6,sil
3.488767147064209,-8,-14,-7,-29,-21,-20,-13,-3,-5,-15,-5,-2,0,-8,sil
3.5038137435913086,5,-1,0,-15,-16,-9,-3,2,13,0,0,7,8,8,sil
3.5038137435913086,3,-9,-8,-14,-10,-2,1,1,24,9,-3,7,10,11,sil
3.5190508365631104,2,-7,-5,-20,-9,-13,-4,-2,11,6,-2,5,7,-2,sil
3.5190508365631104,16,17,1,-1,-2,-14,-3,0,-2,4,14,16,12,0,sil
3.534945011138916,25,29,16,11,2,-10,0,6,1,1,39,36,20,12,sil
3.534945011138916,14,17,18,7,2,-14,-15,2,4,1,48,38,22,5,sil
3.550827741622925,-2,8,4,7,4,-15,-26,-3,-15,0,29,18,3,-13,sil
3.550827741622925,-17,9,2,3,4,-2,-19,1,-31,-15,4,0,-26,-28,sil
3.566343069076538,-19,2,-4,4,0,6,-9,1,-23,-25,-9,-10,-35,-28,sil
3.566343069076538,-7,0,2,21,10,12,-4,-3,-17,-16,-18,-16,-23,-16,sil
3.58196759223938,0,3,7,28,17,17,6,0,-8,0,-13,-16,-10,-5,sil
3.58196759223938,-4,-5,-1,11,1,9,9,0,7,13,-4,-13,-1,8,sil
3.5971364974975586,-15,-16,5,-6,-10,6,1,-1,5,12,-17,-14,-3,11,sorry
3.5971364974975586,-13,-17,-5,-9,-3,7,8,-4,0,1,-27,-26,-10,0,sorry
3.6130199432373047,6,-9,-6,-3,-2,0,21,0,12,7,-10,-26,-1,9,sorry
3.6130199432373047,17,0,3,-3,-5,2,21,4,20,19,1,-10,19,28,sorry
3.628161430358887,14,0,-4,-15,3,3,6,-1,3,-1,-8,-1,17,18,sorry
3.628161430358887,16,4,2,-20,6,-8,-11,-5,-13,-34,-5,4,1,-3,sorry
3.6441731452941895,21,15,9,-1,-1,-17,-17,1,-13,-32,16,19,1,-4,sorry
3.659947156906128,12,21,11,11,5,-7,-8,0,-16,-21,17,20,0,-3,sorry
3.659947156906128,-5,8,0,5,15,4,0,-3,-23,-18,0,0,-13,-11,sorry
3.659947156906128,-17,-13,-17,3,3,8,4,0,-11,-2,-6,-9,-9,-8,sorry
3.676100015640259,-13,-14,3,12,-5,12,8,6,9,17,-7,1,0,1,sorry
3.676100015640259,-5,-8,-1,4,-3,9,13,0,16,20,-13,3,-2,1,sorry
3.692151069641113,-10,-14,-20,-13,-9,-1,9,-3,12,15,-15,-8,-4,-1,sorry
3.692151069641113,-10,-14,-8,-13,-9,0,3,3,19,19,-3,-1,4,2,sorry
3.7101259231567374,0,-9,-8,-6,-5,0,-2,5,31,25,14,14,17,11,sorry
3.7101259231567374,8,-6,0,-8,-15,-16,-19,0,25,17,23,24,20,9,sorry
3.722670555114746,16,6,11,0,-13,-21,-19,-3,8,8,25,30,23,9,sorry
3.722670555114746,20,24,8,13,3,-11,-2,-3,0,-3,16,27,17,11,sorry
3.737707138061523,15,24,11,10,8,-1,-3,-1,-4,-12,9,14,1,0,sorry
3.737707138061523,9,12,8,4,6,0,-6,0,-9,0,23,10,6,-1,sorry
3.754244565963745,1,11,7,0,7,0,-1,2,-16,0,25,6,11,3,sorry
3.754244565963745,-3,15,-1,4,8,4,-3,3,-15,-24,0,-9,-10,-9,sorry
3.769881248474121,2,13,2,18,15,12,2,1,-1,-18,-13,-11,-19,-12,sorry
3.769881248474121,0,10,9,19,16,16,12,1,1,6,-14,-14,-11,-2,sorry
3.785933494567871,-19,-2,-9,1,6,10,3,4,-7,1,-26,-35,-22,-14,sorry
3.785933494567871,-29,-17,-10,-8,0,11,2,4,-11,-2,-27,-39,-26,-21,sorry
3.8009560108184814,-24,-22,-5,-3,3,15,21,0,-6,11,-21,-24,-8,-1,sorry
3.8154354095458975,-19,-27,-13,-15,-2,6,20,-4,0,11,-25,-22,-8,5,sorry
3.8154354095458975,-17,-31,-13,-44,-16,-8,2,0,9,-8,-30,-24,-20,-10,sorry
3.8321051597595215,-12,-29,-17,-42,-19,-22,-5,-5,9,-19,-26,-20,-11,-14,sorry
3.8321051597595215,4,-13,0,-18,-17,-28,-14,-8,1,-9,2,3,12,2,sorry
3.846697807312012,19,7,9,-9,-18,-19,-15,0,3,9,49,38,32,13,sorry
3.846697807312012,20,18,4,0,-6,-6,-3,1,3,6,52,38,24,7,sorry
3.8627562522888175,8,18,12,19,9,0,0,-5,-14,-11,11,9,0,-1,sorry
3.8627562522888175,-5,11,2,26,8,2,-3,-4,-23,-7,-2,-4,-2,-4,sorry
3.879056215286255,-2,10,8,27,6,6,3,6,-6,13,7,3,10,3,sorry
3.879056215286255,10,11,14,27,16,17,15,6,5,20,3,5,11,13,sorry
3.8932173252105713,6,-6,-7,9,3,9,11,-3,0,1,-11,-3,0,7,sorry
3.8932173252105713,0,-15,0,-11,-18,-5,-3,-5,1,-11,-14,0,-2,0,sorry
3.909128665924072,10,1,7,-13,-13,-4,-3,-4,15,3,1,16,9,11,sorry
3.909128665924072,21,10,6,-5,-2,-5,0,0,20,11,18,32,24,18,sorry
3.924856424331665,18,8,9,-5,-1,-11,-13,7,4,-11,17,35,12,4,sorry
3.924856424331665,11,16,3,-2,7,-11,-31,0,-16,-34,2,14,-17,-12,sorry
3.940744400024414,3,21,4,8,12,0,-31,-4,-25,-33,-10,-9,-37,-21,sorry
3.940744400024414,-5,6,-2,20,8,11,-8,0,-17,-11,-12,-19,-32,-16,sorry
3.956804037094116,-7,-5,-1,20,15,25,16,4,-3,10,-8,-20,-20,0,sorry
3.956804037094116,-2,-1,2,22,23,32,29,11,16,27,-4,-16,-6,11,sorry
3.971959352493286,-9,-3,-17,24,16,16,28,7,27,32,-9,-16,2,11,sorry
3.971959352493286,-22,-10,-16,6,-2,-2,17,-2,9,20,-19,-21,0,5,sorry
3.9876770973205566,-17,-17,-8,-18,-15,-2,10,1,6,15,-6,-16,8,3,sorry
3.9876770973205566,-1,-13,-1,-27,-8,1,13,4,22,23,10,0,27,7,sorry
4.002722501754761,5,-3,-1,-20,2,-8,7,0,12,11,1,7,25,2,sorry
4.002722501754761,5,0,-10,-9,-4,-17,-3,-4,-6,-14,-3,5,11,0,sorry
4.024713754653931,6,0,4,-11,-9,-11,0,-2,-6,-21,5,8,8,0,sorry
4.024713754653931,2,-2,3,-14,-6,-8,2,-2,0,-13,10,15,10,-5,sorry
4.024713754653931,-5,-7,-4,-16,-18,-13,-14,-4,-1,-9,15,15,7,-12,sorry
4.034362316131592,-3,0,7,-16,-21,-15,-28,-2,-2,-8,23,11,4,-8,sorry
4.050075531005859,4,8,1,-2,1,-9,-21,-1,-6,-5,17,4,-3,-7,sorry
4.050075531005859,1,4,2,0,8,-1,-16,0,-6,-5,6,-3,-15,-16,sorry
4.065819501876831,-13,-1,0,-13,-1,-1,-14,0,-4,-2,3,-8,-18,-17,sorry
4.065819501876831,-12,8,0,0,4,2,-3,-2,-10,-2,-2,-6,-16,-2,sorry
4.080964803695679,1,19,10,24,13,18,0,-1,-18,-8,-14,-7,-21,4,sorry
4.080964803695679,0,3,0,17,1,15,-2,0,-24,-12,-23,-17,-24,-2,sorry
4.096525430679321,-9,-8,-3,5,-4,0,0,-2,-27,-6,-23,-12,-17,2,sorry
4.096525430679321,0,0,6,21,5,11,15,2,-7,8,-9,0,-4,14,sorry
4.112210512161255,4,-4,4,25,6,21,25,7,15,20,-4,-8,-1,7,sorry
4.112210512161255,-7,-19,0,7,0,11,29,1,16,21,-13,-15,0,6,sorry
4.127169609069824,0,-13,-8,-4,1,7,29,-5,18,20,-7,-1,20,21,sorry
4.127169609069824,14,-1,0,-12,-3,0,10,0,28,13,3,10,27,19,sorry
4.142703294754028,5,-1,-1,-19,-17,-23,-14,6,21,4,3,11,19,3,sorry
4.142703294754028,0,0,-6,-16,-15,-30,-21,2,7,-2,7,17,21,1,sorry
5.452016830444336,-20,-1,-2,21,24,20,17,-4,-15,-11,-19,-12,-23,-1,sorry
5.452016830444336,-11,4,5,24,14,19,20,0,-9,2,-21,0,-19,-1,sorry
5.468017578125,7,0,0,17,11,14,30,3,6,27,-6,10,4,12,sorry
5.468017578125,12,-6,7,16,8,10,34,6,23,37,1,1,17,31,sorry
5.484126091003418,4,-12,-1,10,-3,6,23,1,31,32,3,-13,16,30,sorry
5.484126091003418,4,-17,-8,-16,-14,-6,2,-2,34,25,13,-6,24,23,sorry
5.500122547149658,6,-10,-3,-28,-17,-16,-12,0,27,10,11,6,21,18,sorry
5.500122547149658,5,-7,-12,-14,-20,-17,-12,-3,9,-9,-1,-2,3,6,sorry
5.5150134563446045,12,-6,0,-11,-19,-16,-7,-2,0,-22,0,-3,2,2,sorry
5.5150134563446045,10,2,3,-13,-8,-19,-12,0,0,-14,13,4,7,4,sorry
5.530494928359985,1,9,-7,-5,-1,-21,-19,-5,-5,0,19,0,-1,-6,sorry
5.530494928359985,5,12,0,-4,0,-16,-19,-3,-13,-5,21,1,-14,-18,sorry
5.546273469924927,4,11,-2,-11,1,-9,-20,0,-10,-20,10,10,-19,-14,sorry
5.546273469924927,1,13,7,-5,5,0,-21,2,-5,-17,-5,13,-20,-6,sorry
5.5619072914123535,9,22,16,14,10,-2,-14,1,-5,-9,-2,18,-31,-10,sorry
5.5619072914123535,4,10,4,12,5,-12,-11,-3,-18,-15,0,10,-27,-21,sorry
5.576999664306641,-12,-8,0,-1,-1,0,-15,0,-26,-15,-8,-7,39,-19,sorry
5.576999664306641,-10,-7,-2,8,3,15,-10,4,-14,-4,-1,-10,85,-4,sorry
5.592498540878296,-2,0,7,19,10,15,3,1,-10,0,2,0,22,5,sorry
5.592498540878296,-2,-1,5,14,10,21,22,0,-12,4,-1,2,-24,10,sorry
5.608084440231323,-2,-8,-2,8,9,26,28,0,-2,14,0,0,-5,12,sorry
5.608084440231323,-6,-9,0,-2,0,16,16,0,-7,6,-10,-16,-12,0,sorry
5.624106407165527,-7,-10,-10,-4,-9,8,14,-1,-11,-6,-22,-24,-27,-4,sorry
5.624106407165527,-4,-2,0,6,-7,2,15,1,3,0,-8,-8,-11,5,sorry
5.64000391960144,-8,1,2,0,-7,-8,0,1,1,4,-6,-6,-10,-3,sorry
5.64000391960144,-10,-2,-12,-15,-14,-10,-4,-2,-6,-3,-23,-20,-18,-17,sorry
5.65609884262085,-3,-3,-5,-17,-10,4,19,2,18,7,-15,-18,-7,-3,sorry
5.65609884262085,-8,-4,-7,-10,3,11,29,5,37,23,0,-14,-4,1,sorry
5.671760559082031,-12,-2,-5,-4,15,2,10,0,23,6,-2,-6,-7,-6,sorry
5.671760559082031,3,5,6,7,17,0,8,2,28,7,-3,12,9,9,sorry
5.686888217926025,14,5,0,-1,4,1,14,2,41,29,1,14,20,24,sorry
5.686888217926025,1,-3,-5,-17,-6,0,-1,-4,17,13,0,3,2,4,sorry
5.702884197235107,-1,-4,-3,-1,-2,-7,-13,-7,-5,-3,9,7,-1,-2,sorry
5.702884197235107,13,0,8,12,2,-8,-10,0,0,9,13,14,8,10,sorry
5.718721866607666,11,-1,7,0,-1,-6,-13,0,3,5,0,10,11,3,sorry
5.718721866607666,-1,-4,-3,-6,-5,-11,-13,-3,-8,-16,0,9,11,2,sorry
5.734329700469971,3,-2,5,-4,-2,-13,-14,1,-18,-17,20,17,10,10,sorry
5.734329700469971,8,-8,-5,-19,-11,-13,-23,0,-13,-8,23,13,8,0,sorry
5.74995756149292,0,-2,-3,-16,-15,-10,-20,-7,-11,-10,9,5,8,-8,sorry
5.74995756149292,6,18,11,15,4,-2,-4,-1,-14,-11,11,14,7,0,sorry
5.765996932983398,9,17,2,21,11,-3,-4,3,-17,-6,22,21,1,0,sorry
5.765996932983398,4,8,6,0,-3,-5,-13,0,-20,-5,21,13,0,-3,sorry
5.781515598297119,16,22,12,14,4,0,-6,0,-14,-4,12,6,1,0,sorry
5.781515598297119,20,18,9,32,19,0,-2,0,-5,-8,-2,1,-1,0,sorry
5.796846389770508,0,-1,5,6,3,-1,-4,0,-3,-16,-10,-4,-7,-2,sorry
5.796846389770508,-7,-6,-6,-7,-6,4,1,3,-1,-5,1,-9,-2,1,sorry
5.812396287918091,-4,-5,-1,1,-1,11,0,3,1,3,0,-13,-3,-3,sorry
5.812396287918091,-12,-7,-7,1,-2,12,-1,-4,2,-1,-19,-21,-12,-9,sorry
5.82810640335083,-11,0,-6,3,0,9,10,-1,6,-1,-13,-17,-7,0,sorry
5.82810640335083,-1,0,0,8,6,14,16,8,9,11,0,-10,3,0,sorry
5.844383001327515,-10,-15,-15,-7,-1,11,9,0,5,12,-18,-18,-9,-9,sorry
5.844383001327515,-22,-13,-9,-16,-2,3,10,-2,-4,1,-37,-26,-26,-13,sorry
5.860122203826904,-20,-5,-4,-1,6,7,19,4,-16,-4,-24,-26,-18,-13,sorry
5.860122203826904,-18,-8,-9,0,5,13,19,0,-19,-5,-19,-19,-12,-12,sorry
5.875077962875366,-17,-4,3,-5,0,11,21,0,0,0,-22,-2,-12,-3,sorry
5.875077962875366,-2,0,1,-1,-2,2,25,4,22,9,-8,5,1,7,sorry
5.890848636627197,9,0,3,-2,-3,-4,10,3,28,19,0,2,12,9,sorry
5.890848636627197,1,1,2,-7,-2,-6,-3,-1,22,23,-2,0,9,5,sorry
5.906519889831543,-1,0,-5,0,-1,-3,0,-3,12,19,1,0,8,10,sorry
5.906519889831543,12,0,2,3,-2,0,4,-3,12,10,7,0,11,19,sorry
5.922266006469727,19,-2,0,-4,-3,-7,-6,-2,24,8,10,6,14,21,sorry
5.922266006469727,13,0,6,-11,-2,-13,-21,2,15,2,16,14,8,10,sorry
5.937853574752808,10,4,4,-10,-3,-6,-22,1,-6,-9,17,14,1,-5,sorry
5.937853574752808,1,-4,-9,-16,-10,-13,-19,-10,-16,-21,13,6,2,-14,sorry
5.953886270523071,0,-6,4,-21,-10,-22,-25,-6,-17,-27,15,11,4,-9,sorry
5.953886270523071,15,8,12,0,4,-9,-17,1,-10,-6,21,32,11,5,sorry
7.247111558914185,1,12,3,12,-6,-2,-2,1,-15,6,23,14,11,0,sorry
7.247111558914185,5,3,14,17,1,-5,-4,5,-14,-2,16,8,7,1,sorry
7.262657165527344,1,-12,5,9,6,-4,-12,0,-15,-16,3,1,-4,0,sorry
7.262657165527344,-6,-4,7,16,13,10,0,0,-19,-11,-4,0,-9,6,sorry
7.278066158294678,-7,0,-3,23,14,24,22,3,-8,5,-7,-9,-4,8,sorry
7.278066158294678,-8,-11,-13,2,1,19,19,-2,2,11,-9,-18,-7,-4,sorry
7.293983221054077,-5,-4,-2,-3,2,10,8,-5,-5,4,-5,-6,-3,-2,sorry
7.293983221054077,10,11,3,10,13,1,11,0,-4,8,1,8,11,15,sorry
7.308964014053345,17,1,15,0,10,-2,12,2,18,15,3,10,16,20,sorry
7.308964014053345,3,-11,3,-5,7,-3,1,0,28,11,3,1,8,10,sorry
7.324840068817139,4,-6,-6,-1,4,-15,-16,0,17,2,4,0,3,2,sorry
7.324840068817139,17,-1,6,-13,0,-24,-27,8,10,-3,3,11,3,-2,sorry
7.3396971225738525,15,-8,0,-17,5,-20,-19,0,-2,-17,0,12,-3,-4,sorry
7.3396971225738525,5,-8,1,0,16,-6,-8,-8,-23,-29,-4,0,-15,-11,sorry
7.35504412651062,-1,-5,3,14,13,5,1,0,-20,-13,-4,-11,-12,-19,sorry
7.35504412651062,-13,-24,-5,15,8,9,13,6,-6,4,-8,-18,-6,-14,sorry
7.371153593063354,-18,-34,-3,11,6,14,16,-1,-9,0,-17,-19,-12,-3,sorry
7.3721559047698975,-7,2,-4,12,3,20,14,-3,-9,0,-17,-11,-10,2,sorry
7.38867449760437,4,39,4,12,5,20,17,5,6,12,-10,-3,0,9,sorry
7.38867449760437,0,26,0,-1,0,10,16,5,22,21,-5,-2,2,13,sorry
7.402698278427124,-7,7,-11,-15,-11,-4,3,-2,26,16,5,5,13,11,sorry
7.402698278427124,4,22,10,-5,-5,-6,-7,-1,26,13,29,27,31,14,sorry
7.418108224868774,21,29,16,8,9,-2,-8,-4,23,11,43,39,28,14,sorry
7.418108224868774,14,18,5,0,0,-6,-17,-1,6,1,28,26,5,0,sorry
7.433092594146728,2,12,-5,-4,-1,-6,-22,4,-14,-12,7,8,-5,-6,sorry
7.449104070663452,-1,4,-3,3,11,1,-7,0,-29,-24,-5,-2,-14,-5,sorry
7.449104070663452,-12,-8,5,1,1,5,1,-2,-36,-25,-14,-11,-23,-12,sorry
7.465296268463135,-22,-17,-9,-5,-13,3,2,1,-23,-3,-14,-23,-13,-12,sorry
7.465864658355713,-25,-25,-12,-12,-11,5,7,1,-2,10,-29,-36,-7,-5,sorry
7.465864658355713,-28,-32,-15,-24,-12,11,18,-1,7,7,-46,-39,-10,-7,sorry
7.480975151062012,-11,-23,-17,-21,-14,8,24,-3,28,23,-13,-20,6,6,sorry
7.480975151062012,8,-11,1,-8,-9,0,17,-1,45,33,19,2,22,17,sorry
7.497193336486816,0,-12,-7,-11,-13,-16,0,-1,28,6,3,0,5,-1,sorry
7.497193336486816,0,-1,-5,-12,-15,-21,-10,0,0,-17,-5,5,-7,-14,sorry
7.512752056121826,13,11,10,-2,-4,-12,-10,2,-4,-11,13,24,1,-6,sorry
7.527865171432495,10,1,-3,-5,0,-15,-16,0,-2,-8,18,21,10,-9,sorry
7.527865171432495,12,2,3,0,1,-18,-22,-2,-8,-10,17,11,10,-4,sorry
7.543982267379761,20,19,13,23,5,-11,-18,-3,-13,-1,21,11,7,11,sorry
7.543982267379761,15,15,13,28,5,-8,-19,-5,-22,-4,13,10,3,6,sorry
7.543982267379761,11,7,15,14,3,-4,-19,1,-31,-17,11,15,4,0,sorry
7.560937881469727,12,10,6,14,8,4,-3,8,-23,-16,15,16,0,3,sorry
7.560937881469727,0,11,5,18,7,16,8,9,-15,-13,-10,-4,-16,-5,sorry
7.576781988143921,-15,0,0,8,0,19,8,1,-16,-19,-36,-26,-29,-21,sorry
7.576781988143921,-19,-10,-4,0,1,15,9,-5,-16,-18,-30,-26,-28,-14,sorry
7.59188175201416,-14,-5,0,5,13,17,19,-2,-10,-7,-12,-16,-18,-4,sorry
7.59188175201416,-4,3,-4,17,19,19,26,-1,-1,4,-5,-9,-3,4,sorry
7.606683254241943,1,4,6,16,9,13,22,-3,4,17,-3,0,6,19,sorry
7.606683254241943,6,0,8,15,0,9,8,-1,12,28,-1,4,8,22,sorry
7.62406849861145,5,-1,0,13,0,4,0,2,28,32,0,4,9,22,sorry
7.62406849861145,-3,-8,-4,0,1,0,6,7,46,39,5,13,22,29,sorry
7.63819432258606,-3,-14,-14,-28,-9,-2,11,7,42,35,12,15,28,22,sorry
7.63819432258606,0,-14,-7,-43,-21,-8,-2,0,12,5,0,0,7,2,sorry
7.652770757675171,-5,-9,-10,-31,-12,-10,-2,-5,0,-8,-9,-13,-1,-1,sorry
7.66912055015564,-6,-7,-15,-21,-2,0,12,-2,16,2,0,-12,6,-4,sorry
7.66912055015564,-1,-4,-7,-28,-3,0,5,3,25,0,0,-7,0,-15,sorry
7.685761213302612,0,1,-7,-23,0,-16,-11,-2,13,-10,-3,-4,-10,-15,sorry
7.685761213302612,2,5,2,-11,3,-22,-17,-3,1,-15,1,4,-5,-10,sorry
7.685761213302612,4,0,1,-12,0,-11,-18,2,-4,-20,7,7,0,-15,sorry
7.701248407363892,0,0,0,-10,-4,-9,-19,0,-14,-21,9,3,0,-16,sorry
7.701248407363892,6,15,13,1,-3,-10,-20,-4,-29,-23,10,5,-6,-16,sorry
7.715911149978638,17,22,7,19,6,-5,-20,-8,-33,-22,15,16,-7,-10,sorry
7.731389284133911,14,20,13,28,11,-5,-17,0,-19,-5,25,27,4,5,sorry
7.731389284133911,0,18,15,22,10,-6,-12,8,-6,13,25,19,9,4,sorry
7.731389284133911,-8,8,1,21,5,-2,-8,3,-5,10,12,-1,1,-3,sorry
7.749090194702148,-1,5,10,31,1,9,4,1,-8,2,1,-7,-1,3,sorry
7.749090194702148,1,2,2,24,1,17,21,5,-7,11,-2,-5,-1,7,sorry
7.762845516204834,-11,-9,-4,3,0,15,18,0,-10,13,-10,-14,-6,0,sorry
9.133834600448608,0,-2,4,-9,-11,0,3,1,22,3,0,-1,7,4,sorry
9.133834600448608,5,0,3,-13,-11,-7,-1,-4,22,13,22,11,23,0,sorry
9.14905595779419,15,5,5,-5,0,-6,-5,-7,21,5,26,20,22,6,sorry
9.14905595779419,11,7,0,0,3,-8,-20,-5,5,-7,13,13,7,2,sorry
9.165010929107666,8,1,-3,-5,-1,-15,-24,-2,-9,-5,17,13,9,-7,sorry
9.165010929107666,-1,0,5,-13,-7,-16,-28,-2,-26,-21,5,7,-2,-20,sorry
9.18041205406189,-21,-6,-4,-12,-5,-14,-29,-1,-39,-37,-17,-15,-28,-27,sorry
9.18041205406189,-16,-8,2,4,0,-1,-5,1,-30,-20,-12,-19,-23,-16,sorry
9.19646453857422,3,8,5,34,16,19,23,4,-11,-1,-6,-4,-7,0,sorry
9.19646453857422,2,12,-4,38,23,19,20,0,-9,-2,-17,-9,-9,6,sorry
9.212105751037598,-17,-8,-5,2,2,8,1,0,-21,-9,-30,-30,-20,-5,sorry
9.212105751037598,-25,-20,-18,-21,-10,8,5,-1,-9,-2,-31,-31,-18,-14,sorry
9.22778296470642,-1,-6,-5,-2,1,14,31,1,30,27,-8,-3,3,6,sorry
9.22778296470642,15,2,7,13,5,9,36,7,45,46,6,12,22,24,sorry
9.243172407150269,0,-7,-12,-9,-10,-9,3,3,17,17,-7,0,11,8,sorry
9.243172407150269,-9,-12,-10,-34,-20,-19,-22,-1,2,-10,-4,-3,1,0,sorry
9.259366512298584,0,-3,2,-25,-19,-17,-17,-1,16,-4,19,12,11,9,sorry
9.259366512298584,10,3,4,-15,-17,-17,-16,-2,2,-9,19,22,15,3,sorry
9.274461030960085,11,6,0,-18,-11,-17,-26,-7,-28,-17,13,22,3,-11,sorry
9.274461030960085,10,10,5,-6,1,-8,-19,-7,-26,-12,23,21,-4,-6,sorry
9.289879083633425,16,20,26,16,12,3,-1,1,-9,-10,29,25,3,8,sorry
9.289879083633425,20,23,16,25,16,2,-1,4,-14,0,21,21,8,7,sorry
9.306066751480104,4,18,5,17,18,-1,-8,-2,-28,-6,-1,3,-13,-6,sorry
9.306066751480104,-3,14,6,17,22,11,5,-1,-14,-44,-4,-1,-13,-2,sorry
9.321382284164429,7,9,7,26,18,23,23,2,10,-10,19,5,18,17,sorry
9.321382284164429,-2,1,9,25,13,17,13,3,11,65,9,-2,11,5,sorry
9.33706760406494,-31,-10,-15,8,12,11,2,2,-1,26,-20,-25,-23,-20,sorry
9.33706760406494,-27,-18,-19,-5,6,16,13,4,1,-39,-22,-31,-22,-10,sorry
9.352712631225586,-2,-13,-2,-5,0,17,30,11,18,6,-18,-23,0,3,sorry
9.352712631225586,-3,-14,-9,-2,-6,6,27,5,29,57,-25,-20,-3,-1,sorry
9.36784839630127,-13,-20,-8,-7,-16,3,14,0,35,42,-20,-16,-13,-1,sorry
9.36784839630127,-10,-17,-11,-13,-11,7,11,0,33,21,-11,-7,-2,3,sorry
9.38390827178955,-16,-18,-13,-18,-7,-1,0,-7,3,0,-21,-11,-2,-8,sorry
9.38390827178955,-22,-19,-9,-21,-18,-14,-19,-15,-18,-17,-31,-18,-15,-18,sorry
9.399991512298584,7,-13,-2,-14,-20,-18,-21,-8,-2,-2,-6,0,5,4,sorry
9.399991512298584,23,-3,15,-10,-18,-22,-29,-1,2,-9,14,19,24,16,sorry
9.415015459060667,-1,-2,-3,-14,-19,-31,-47,-11,-22,-36,0,7,2,-9,sorry
9.415015459060667,0,5,-9,-10,-5,-25,-34,-5,-27,-37,-1,7,0,-9,sorry
9.430967092514038,32,21,22,10,10,-3,0,9,2,-15,33,33,32,24,sorry
9.430967092514038,39,30,18,29,10,0,9,3,23,6,45,33,37,25,sorry
9.446478366851808,29,32,12,22,12,0,7,4,14,9,29,20,17,0,sorry
9.446478366851808,17,19,4,3,16,7,14,16,0,-3,22,16,3,-3,sorry
9.462124109268188,0,0,-6,-2,2,1,5,6,-13,-13,4,4,-13,1,sorry
9.462124109268188,-6,-4,-3,-3,-8,-8,-9,-4,-27,-17,-12,-12,-20,-7,sorry
9.47769021987915,-6,-1,-5,-7,-4,-4,-3,-2,-24,-13,-3,-17,-8,-13,sorry
9.47769021987915,-12,-1,-1,-11,-1,8,7,0,-7,0,3,-12,-7,-7,sorry
9.492780208587646,-9,1,3,-3,0,15,7,0,-4,2,0,-2,-15,3,sorry
9.492780208587646,-2,10,7,9,10,11,3,3,-10,-2,-1,4,-17,10,sorry
9.508187294006348,-5,13,13,12,21,10,4,3,-4,15,-2,5,-14,2,sorry
9.508187294006348,-8,6,-1,17,18,14,11,0,4,26,0,0,0,-3,sorry
9.524085998535156,-6,1,1,23,14,12,11,-2,3,8,7,-5,14,-1,sorry
9.524085998535156,-5,-4,1,7,12,5,5,-2,0,7,7,-8,9,-2,sorry
9.539601802825928,-2,-15,-11,-7,2,-3,2,-1,-4,15,-6,-10,-3,-1,sorry
9.539601802825928,-3,-9,-5,8,-6,-1,1,-1,-11,-3,-24,-14,-9,0,sorry
9.555052280426024,-12,-1,-8,16,-1,6,4,-1,-8,-10,-30,-21,-12,-5,sorry
9.555052280426024,-14,-11,-7,-13,0,4,11,1,3,5,-23,-22,-12,-9,sorry
9.570634841918944,-5,-15,-7,-26,-9,0,8,0,17,12,-10,-10,0,0,sorry
9.570634841918944,3,-3,-4,-6,-13,-4,-2,-5,21,5,-4,7,12,12,sorry
9.585739850997925,3,0,11,1,-11,0,0,0,22,5,-3,18,13,9,sorry
9.585739850997925,0,-3,1,-2,-4,6,6,4,38,17,8,14,20,6,sorry
9.601773977279665,0,-2,-4,-6,0,0,0,5,42,22,15,16,21,14,sorry
9.601773977279665,0,-6,0,-6,-6,-9,-9,4,24,11,3,22,5,7,sorry
9.617311477661133,2,-15,-9,-12,-17,-15,-9,0,10,-2,-2,10,-3,-7,sorry
9.617311477661133,2,-7,-3,-14,-18,-15,-13,-4,-1,-13,3,-1,0,-4,sorry
9.632855415344238,3,5,0,-4,-7,-14,-13,-4,-21,-23,7,0,1,-2,sorry
9.632855415344238,7,1,1,-1,4,-9,-9,-2,-21,-31,3,1,-5,-12,sorry
9.648882150650024,8,-7,5,-9,3,-2,-8,-1,-10,-27,5,-2,-4,-13,sorry
9.648882150650024,5,-1,-3,-11,0,-3,-7,-1,-15,-12,11,-5,0,-8,sorry
10.960638523101808,15,26,0,23,23,16,17,1,8,13,34,7,10,10,sorry
10.960638523101808,9,11,27,29,14,11,22,1,-15,-16,4,9,-14,16,sorry
10.975709676742554,-7,-9,-2,12,0,3,15,-1,-33,-34,-25,-9,-35,0,sorry
10.975709676742554,-21,-29,-24,-27,-19,-1,6,-6,-22,-17,-34,-28,-27,-10,sorry
10.991739273071287,-22,-29,-16,-42,-22,-1,5,-2,-5,-7,-33,-38,-25,-18,sorry
10.991739273071287,-15,-18,-24,-28,-14,-11,9,-2,7,-8,-32,-33,-23,-16,sorry
11.006816864013672,-3,0,-1,-19,-13,-17,0,1,27,2,-13,0,-3,0,sorry
11.006816864013672,11,11,1,-3,-7,-11,-11,0,33,17,20,24,14,5,sorry
11.02196741104126,26,20,9,12,7,-9,-14,1,1,-3,38,38,15,1,sorry
11.02196741104126,32,23,19,12,11,-8,-13,7,-23,-26,39,47,11,6,sorry
11.038086891174316,17,10,6,6,2,-8,-19,1,-23,-17,23,21,-2,-3,sorry
11.038086891174316,-6,3,7,5,2,-6,-26,-3,-36,-16,-8,-14,-26,-25,sorry
11.05413055419922,-15,8,-2,22,10,4,-8,-3,-32,-10,-21,-18,-24,-22,sorry
11.05413055419922,-8,5,3,28,13,18,13,4,1,22,-6,-2,-2,0,sorry
11.069718837738035,-9,-5,5,8,6,18,10,4,11,38,0,1,8,5,sorry
11.069718837738035,-10,-12,-10,-1,-3,6,-1,-3,-4,15,-7,-3,4,0,sorry
11.084733724594116,0,-5,11,1,-5,8,3,1,-5,0,-15,-5,0,5,sorry
11.084733724594116,1,-3,11,8,0,18,17,0,7,4,-13,-6,1,12,sorry
11.10082221031189,-3,-8,-5,1,0,12,15,-4,9,2,-9,-13,0,8,sorry
11.10082221031189,-6,-6,-5,-6,-5,4,12,0,14,3,-6,-19,0,4,sorry
11.11598539352417,0,-3,-9,-1,0,8,20,0,30,21,4,-10,9,13,sorry
11.11598539352417,14,-4,3,0,7,11,17,1,34,26,17,7,23,25,sorry
11.131198167800903,14,-5,-5,-8,-2,-1,7,3,33,13,16,7,24,22,sorry
11.131198167800903,3,-7,-13,-14,-13,-19,1,-2,21,0,5,1,15,9,sorry
11.146806240081789,2,-1,0,-13,-1,-17,0,-2,3,-8,3,8,6,-2,sorry
11.146806240081789,-1,6,-7,-9,3,-10,0,3,5,-13,5,6,0,-18,sorry
11.16201877593994,-6,9,-1,-13,-10,-17,-7,3,8,-15,7,4,-5,-22,sorry
11.16201877593994,8,10,6,-10,-6,-21,-18,-1,-3,-10,15,13,1,-7,sorry
11.1790452003479,23,17,11,4,12,-12,-28,-6,-22,-9,31,25,13,7,sorry
11.1790452003479,16,25,17,18,11,-5,-37,0,-41,-15,25,27,6,5,sorry
11.194055318832396,0,16,0,21,6,0,-30,5,-43,-15,-9,2,-15,-7,sorry
11.194055318832396,-22,-3,-9,13,10,15,-7,1,-19,-5,-28,-19,-24,-19,sorry
11.210011959075928,-32,-20,-11,0,0,14,4,-2,0,4,-22,-21,-19,-17,sorry
11.210011959075928,-21,-23,-4,-8,-12,9,9,-1,0,1,-24,-29,-18,-7,sorry
11.224859237670898,-4,-8,3,3,-3,26,33,0,-2,-1,-33,-35,-22,0,sorry
11.224859237670898,2,-1,-3,9,0,23,45,-1,0,8,-22,-14,-12,10,sorry
11.241005420684814,5,-9,4,-7,-1,-1,21,-2,-1,16,-2,11,6,16,sorry
11.241005420684814,1,-14,-9,-11,0,-4,5,-3,7,11,0,9,11,9,sorry
11.25627303123474,-7,-9,-15,-12,-5,-6,0,-2,16,3,-7,-4,5,0,sorry
11.25627303123474,-9,-5,4,-31,-16,-26,-22,0,10,-2,-3,-3,5,-12,sorry
11.271852016448976,-3,0,-7,-30,-10,-31,-37,-4,0,-12,10,3,4,-20,sorry
11.271852016448976,4,18,0,0,0,-14,-28,0,-8,-23,19,15,2,-5,sorry
11.287430763244627,12,27,18,21,4,1,-8,9,-12,-14,24,15,7,5,sorry
11.287430763244627,11,10,8,19,5,0,-1,0,-16,-2,20,-1,0,-3,sorry
11.302973747253418,-3,-1,4,8,9,-3,-8,-4,-24,-10,0,-10,-17,-13,sorry
11.302973747253418,-15,-4,-6,16,8,11,0,0,-12,1,-12,-9,-12,-8,sorry
11.318994998931885,-3,-3,0,26,6,28,19,6,0,20,-3,-9,1,1,sorry
11.318994998931885,12,-1,12,20,6,24,21,5,4,11,1,-2,1,11,sorry
11.33676266670227,13,-1,6,18,7,13,20,1,25,10,1,9,4,20,sorry
11.33676266670227,13,3,15,24,5,15,26,3,51,31,7,18,20,27,sorry
11.350672960281372,10,5,7,13,5,11,28,0,51,33,5,16,21,24,sorry
11.350672960281372,4,0,-3,-18,-2,-5,10,-2,32,8,-5,15,8,18,sorry
11.366175413131714,9,-2,-3,-27,-11,-11,-2,1,21,3,0,24,13,19,sorry
11.366175413131714,19,-2,2,-12,-9,-10,0,0,12,10,18,32,23,15,sorry
11.380686283111572,13,0,6,-11,-4,-12,-5,-2,-4,-6,18,31,10,-1,sorry
11.3963463306427,-2,2,-17,-23,-5,-15,-16,-5,-15,-23,6,13,-1,-12,sorry
11.3963463306427,-13,0,-18,-33,-7,-20,-31,-5,-29,-24,-1,-10,-6,-18,sorry
11.412938833236694,-17,-2,-7,-31,-12,-22,-42,-3,-47,-34,-2,-23,-17,-32,sorry
11.412938833236694,-12,2,-12,-7,-4,-18,-31,-5,-38,-35,-1,-24,-21,-28,sorry
11.412938833236694,-2,15,10,12,12,-3,-6,3,-12,-14,-4,-22,-10,-9,sorry
11.4280846118927,-3,12,7,17,15,7,11,9,-3,4,0,-28,-2,-4,sorry
11.445762872695925,-11,-5,-10,11,1,6,14,0,-18,-2,0,-34,-12,-9,sorry
11.445762872695925,-11,-9,-4,4,-6,5,0,-5,-27,-12,-13,-25,-23,-10,sorry
11.445762872695925,-8,-4,-4,6,-1,9,-12,-4,-15,0,-20,-18,-18,-5,sorry
11.461359024047852,-17,-8,0,12,0,17,0,0,-4,12,-23,-22,-14,-5,sorry
11.475526094436646,-19,-13,-3,11,-1,16,19,3,0,18,-18,-16,-10,-6,sorry
11.475526094436646,6,-8,0,8,1,14,22,3,18,28,1,8,10,12,sorry
11.492071151733398,25,0,14,11,12,25,25,5,32,29,8,21,22,29,sorry
11.492071151733398,7,-1,6,8,11,20,29,6,26,15,-13,6,6,16,sorry
11.493072509765623,-2,-4,6,0,2,4,23,4,24,10,-21,3,0,4,sorry
11.505761623382568,8,-3,-1,-1,0,3,19,2,30,16,-2,14,13,8,sorry
11.520921230316162,6,-7,-8,-11,-3,-6,0,-3,14,-1,2,11,10,2,sorry
11.520921230316162,-13,-14,0,-27,-20,-31,-30,-7,-8,-29,-4,7,-1,-7,sorry
11.536439180374146,-12,-7,-9,-25,-29,-36,-30,-5,-5,-22,5,14,0,-3,sil
11.536439180374146,9,16,-3,-10,-10,-14,-12,5,4,-2,23,23,11,5,sil
11.552195072174072,20,26,11,3,15,0,-6,10,11,6,31,28,19,6,sil
11.552195072174072,12,14,8,10,17,-8,-11,-1,9,3,30,25,15,-2,sil
11.567791938781738,6,14,8,7,4,-9,-16,-6,-11,-16,20,14,-4,-12,sil
11.567791938781738,6,20,1,9,4,-4,-15,0,-30,-24,13,2,-14,-8,sil
11.58295226097107,7,18,6,9,9,-8,-19,0,-28,-19,13,2,-4,1,sil
11.58295226097107,7,14,9,8,5,-6,-17,0,-21,-11,11,5,0,5,sil
11.598994255065918,0,3,0,17,4,10,0,-3,-11,6,0,-6,0,1,sil
11.598994255065918,-15,-12,-2,10,3,22,15,-6,-6,17,-22,-25,-7,-5,sil
11.615084409713743,-27,-28,-12,-10,-6,19,20,-2,-16,0,-41,-38,-22,-11,sil
11.615084409713743,-24,-29,-11,-14,-10,13,16,0,-13,-6,-35,-38,-22,-6,sil
11.630759477615356,-9,-14,-8,-3,-3,10,14,0,9,15,-14,-26,0,6,sil
11.630759477615356,5,-2,-1,0,0,7,17,0,24,27,1,-6,21,19,sil
11.64681077003479,8,0,15,-1,0,7,14,4,29,23,10,4,21,20,sil
11.64681077003479,4,-5,-1,-5,-3,-1,8,3,35,16,6,0,10,8,sil
11.662501335144045,6,-1,-10,-14,-8,-9,0,0,22,0,0,0,0,-3,sil
11.662501335144045,7,4,-2,-11,-1,-2,0,5,7,-6,6,12,0,-6,sil
11.678024291992188,7,4,0,-5,4,-6,1,8,13,1,12,17,6,-4,sil
11.678024291992188,12,8,6,-1,0,-18,-6,4,9,-2,12,19,7,-3,sil
11.694116353988647,9,9,-3,3,0,-15,-19,-5,-12,-14,9,15,1,-9,sil
11.694116353988647,-4,1,0,8,4,-4,-23,-8,-28,-17,1,2,-14,-15,sil
11.710097074508669,-4,0,12,15,4,-1,-13,-1,-24,-13,0,2,-16,-11,sil
11.710097074508669,4,0,4,8,4,-2,0,-2,-16,-13,-1,8,-7,-1,sil
11.725989818572998,-1,0,2,-11,3,5,7,0,-19,-15,-14,-7,-16,-1,sil
11.725989818572998,-13,-2,-9,-1,0,16,13,5,-22,-10,-31,-32,-25,-7,sil
11.740161657333374,-14,-7,-10,16,-6,12,9,0,-22,-10,-38,-29,-21,-6,sil
11.740161657333374,-10,-6,0,8,-5,8,4,-5,-13,-7,-27,-10,-13,1,sil
11.755752325057983,-4,2,-1,6,4,11,9,-3,17,21,0,1,8,18,sil
11.755752325057983,6,9,10,9,11,10,14,4,44,41,21,16,33,29,sil
11.770943641662598,9,5,9,0,1,-1,11,5,40,29,23,25,33,21,sil
11.770943641662598,4,1,0,-4,-10,-17,-5,-2,19,12,16,16,18,6,sil
11.786853313446043,2,2,-1,-6,-10,-19,-27,-2,5,0,9,7,9,-2,sil
11.786853313446043,0,0,-9,-13,-3,-14,-29,3,-2,-9,11,4,3,-7,sil
11.802362442016602,-5,-4,-4,-14,1,-8,-22,4,-11,-8,18,5,1,-12,sil
11.802362442016602,-1,0,-1,0,6,-5,-13,0,-9,-3,22,5,7,-15,sil
11.81825590133667,0,11,6,11,10,-1,-5,-5,-8,-5,17,1,-1,-9,sil
11.81825590133667,-7,10,12,12,8,10,0,-2,-16,-4,2,-6,-15,-2,sil
11.83381724357605,-13,-9,-7,2,2,15,10,0,-10,3,-8,-14,-7,-1,sil
11.83381724357605,-15,-25,-15,-16,-3,8,18,2,2,0,-26,-26,-8,-8,sil
11.84907293319702,-10,-19,-10,-26,-14,3,21,7,2,-4,-37,-26,-21,-8,sil
11.84907293319702,8,-12,2,-19,-19,-2,16,3,9,3,-17,0,0,10,sil
11.864778518676758,21,-5,13,-12,-13,-10,4,1,25,5,11,23,26,20,sil
11.864778518676758,19,8,-2,-4,-1,-16,-5,0,10,-10,21,18,12,6,sil
11.880788803100586,20,21,7,7,5,-11,-14,-6,-23,-26,13,8,-10,-4,sil
11.880788803100586,12,18,16,19,4,2,-12,-10,-31,-24,0,0,-12,-4,sil
11.896908521652222,-2,8,1,26,5,14,3,-6,-14,-7,-6,-8,-7,-1,sil
11.896908521652222,-7,5,-1,22,12,28,13,3,-3,5,-9,-13,-9,0,sil
11.91242742538452,-9,-3,-12,9,8,25,13,2,1,9,-19,-14,-14,0,sil
11.91242742538452,-7,-9,-5,-2,0,2,11,0,14,19,-14,-2,0,7,sil
11.927731990814207,4,-1,8,-7,-1,-6,3,5,30,33,4,13,29,20,sil
11.927731990814207,14,0,4,-10,0,-7,-7,4,27,26,8,13,32,12,sil
11.944244146347046,16,4,3,-7,2,-11,-7,0,15,10,14,17,14,-2,sil
11.944244146347046,15,16,0,7,10,-16,-5,-2,1,5,32,22,9,0,sil
11.959585189819336,0,18,2,15,12,-17,-16,0,-18,-10,21,9,0,-4,sil
11.959585189819336,-20,5,1,6,5,-5,-13,4,-21,-23,-6,-11,-17,-19,sil
11.974838972091677,-22,-5,-8,3,0,9,6,0,-10,-14,-20,-27,-21,-22,sil
11.974838972091677,-17,-12,-2,10,0,13,14,-9,-18,-9,-21,-24,-19,-13,sil
11.990694284439089,-18,-21,-11,7,1,8,12,-5,-17,-6,-13,-13,-16,-6,sil
11.990694284439089,-18,-22,-15,-5,-3,10,13,0,1,9,-8,-21,-5,0,sil
12.005736112594604,-10,-14,-4,-11,-16,9,14,0,11,17,-9,-18,2,4,sil
12.021756887435911,4,-8,-3,-16,-16,-4,0,0,16,7,2,9,8,5,sil
12.021756887435911,14,-1,3,-25,-8,-9,-16,4,19,-2,14,24,12,6,sil
12.021756887435911,8,0,1,-23,-13,-10,-15,2,5,-14,6,18,7,6,sil
12.037196159362791,2,0,5,-21,-16,-20,-16,2,-6,-23,0,20,-1,-2,sil
12.037196159362791,4,10,7,-15,-3,-13,-20,3,-8,-19,3,15,-4,-9,sil
12.052703857421877,0,12,0,0,4,2,-9,0,-12,-9,4,0,-1,-2,sil
12.052703857421877,2,8,10,16,10,9,2,2,-13,-6,-2,-2,-3,3,sil
12.076733827590942,7,9,7,29,19,14,9,4,-5,4,-7,-4,-5,5,sil
12.077733039855955,1,4,1,33,13,17,11,0,1,22,-1,-7,0,14,sil
12.077733039855955,-4,-8,0,9,-4,5,6,0,11,23,2,-6,9,13,sil
12.084765672683716,-2,-17,-11,-16,-10,-10,1,-2,18,11,-5,-9,8,3,sil
12.099780559539797,5,-1,1,-10,-4,-10,-4,-3,11,2,-2,0,3,5,sil
12.099780559539797,18,14,7,6,0,-6,-5,0,3,0,22,18,7,6,sil
12.11615753173828,14,14,0,1,8,-5,-7,-2,-3,-3,29,11,4,-5,sil
12.11615753173828,0,12,6,1,19,2,-6,-1,-10,-5,10,0,-5,-9,sil
12.131816387176514,-4,9,2,21,16,11,12,0,-7,6,0,-6,-4,-2,sil
12.131816387176514,-4,0,-1,19,0,12,20,-2,-2,12,-9,-17,-1,-3,sil
12.146686553955078,-10,-11,-5,-4,-6,9,8,0,0,5,-27,-21,-3,-6,sil
12.146686553955078,-8,-14,-5,-17,-9,1,1,2,9,3,-20,0,5,-2,sil
12.162221431732178,0,-6,0,-20,-13,-9,-1,0,11,0,6,18,14,-1,sil
12.178481101989746,11,6,-5,-12,-7,-19,-12,-1,0,-11,18,18,9,-3,sil
12.178481101989746,10,12,7,4,2,-11,-12,2,-10,-20,8,11,0,-1,sil
12.178481101989746,-3,0,5,14,8,8,1,1,-13,-10,-2,0,-3,0,sil
12.194778203964232,-10,-8,-7,15,12,13,19,-1,-8,8,-3,-10,-4,1,sil
12.194778203964232,-7,-7,0,9,8,11,22,4,3,13,-9,-11,-6,3,sil
12.209487199783323,-8,-9,-5,-4,-3,4,11,1,17,6,-14,-8,-12,1,sil
12.209487199783323,-6,-8,-4,-18,-11,-13,-4,-5,15,-1,-6,1,-9,0,sil
12.226114988327026,4,2,0,-18,-9,-16,-11,-3,3,-3,12,16,4,0,sil
12.24268126487732,14,12,1,-1,0,-1,-7,1,-6,-5,23,19,3,2,sil
12.24268126487732,4,13,6,13,2,4,-6,1,-17,-15,10,1,-14,0,sil
12.24268126487732,-14,0,-6,11,0,3,-6,-3,-23,-19,-19,-25,-24,-11,sil
12.256913185119627,-11,-7,0,6,5,16,8,-1,-13,-1,-29,-26,-16,-5,sil
12.256913185119627,0,-4,7,8,8,21,23,3,9,21,-15,-5,1,13,sil
12.271625757217407,-7,-16,-13,-8,-9,-3,1,-1,18,12,-12,-5,11,10,sil
12.28807020187378,-14,-23,-13,-36,-26,-20,-32,-4,2,-11,-15,-13,2,-7,sil
12.28807020187378,0,-7,-4,-31,-18,-16,-29,0,-7,-10,-1,0,0,-14,sil
12.28907036781311,13,4,6,-11,-4,-12,-10,0,-2,-2,7,17,7,-6,sil
12.305124521255491,9,8,7,-10,-1,-7,-3,-1,1,-8,9,15,10,1,sil
12.305124521255491,3,13,0,-4,-1,-9,-6,1,0,-3,27,9,15,2,sil
12.318837881088257,11,21,17,19,9,-10,-5,2,0,12,41,22,27,5,sil
12.318837881088257,8,18,15,29,20,1,4,2,0,13,25,22,14,5,sil
12.333947896957396,-6,3,-1,17,15,14,2,3,-5,0,0,-6,-11,-3,sil
12.350085735321043,0,1,0,26,12,15,2,3,-2,0,-2,-14,-9,-1,sil
12.350085735321043,13,9,4,40,20,19,22,1,9,18,4,0,5,17,sil
12.36483383178711,4,7,5,24,16,29,34,2,17,23,-1,-4,1,15,sil
12.36483383178711,-3,-9,-9,7,4,22,27,2,17,22,-12,-17,-4,2,sil
12.37988781929016,-2,-19,-7,-2,-2,3,20,0,13,13,-21,-15,-5,4,sil
12.37988781929016,-4,-11,0,-18,-8,-4,8,-2,6,-2,-21,-11,-7,0,sil
12.39522123336792,-4,-9,-12,-23,-10,-15,-9,-6,0,-8,-9,-6,-1,-2,sil
12.39522123336792,-4,-10,-4,-22,-14,-24,-24,-7,0,-9,0,5,2,0,sil
12.410844326019289,0,0,0,-24,-14,-18,-15,-7,2,-14,1,14,5,-2,sil
12.410844326019289,12,11,0,-13,-5,-14,-7,-4,0,-17,7,19,8,-4,sil
12.426008701324465,8,5,6,-5,-3,-14,-14,2,-15,-19,7,18,3,-6,sil
12.426008701324465,-6,0,-4,-13,-13,-11,-19,0,-27,-28,3,3,-8,-14,sil
12.441165924072266,-6,4,0,-17,-10,-4,-19,-2,-24,-31,-1,-4,-11,-17,sil
12.441165924072266,0,7,2,0,3,0,-11,3,-10,-12,-1,-2,-7,-10,sil
12.456806182861328,0,5,4,11,7,0,1,3,-8,1,3,0,-10,-2,sil
12.456806182861328,-3,4,9,7,4,2,0,1,-16,0,2,-2,-16,-6,sil
12.471952438354492,-10,-1,-1,13,11,16,7,5,-3,11,0,-4,-8,-6,sil
12.471952438354492,-3,-3,4,31,16,30,26,7,15,32,8,3,8,13,sil
12.487079858779907,1,-4,3,24,7,23,22,0,11,24,5,0,10,15,sil
12.487079858779907,-5,-12,-14,0,0,9,1,-5,0,5,-10,-19,-7,-4,sil
12.503138542175291,-3,-6,-2,0,0,6,2,-1,-1,5,-14,-15,-11,1,sil
12.503138542175291,0,0,0,5,-2,0,11,0,6,15,-4,-3,6,16,sil
12.518826007843018,-7,-6,0,-13,-11,-5,5,-1,11,16,-3,-12,12,7,sil
12.518826007843018,0,-3,2,-11,-11,-3,5,-1,17,18,2,-11,9,7,sil
12.533867835998535,14,2,1,8,-4,-3,6,0,20,17,14,3,16,22,sil
12.533867835998535,5,0,0,-7,-8,-6,-4,1,14,4,5,6,14,13,sil
12.549145936965942,0,-3,-9,-25,-16,-15,-13,2,9,-10,-7,2,4,-5,sil
12.549145936965942,9,2,2,-11,-8,-21,-16,0,10,-14,-3,11,4,-9,sil
12.564826726913452,5,0,5,-11,7,-10,-10,-1,11,-15,-1,11,2,-8,sil
12.564826726913452,-7,-2,-11,-19,12,-1,-2,-4,1,-19,-11,-1,-3,-15,sil
12.579937219619753,2,14,0,0,9,-4,-10,-4,-13,-21,-6,2,-4,-12,sil
12.595149993896484,17,28,6,26,13,-4,-10,0,-19,-15,9,17,-1,1,sil
12.596154928207396,10,20,9,22,20,1,-1,2,-16,-8,15,20,-3,0,sil
12.596154928207396,-1,12,7,16,20,1,-3,1,-17,-9,11,15,-3,-12,sil
12.610695123672484,-7,3,-2,23,11,0,-6,-1,-28,-16,0,1,-12,-15,sil
12.610695123672484,-16,-6,0,20,4,12,4,3,-31,-10,-13,-11,-24,-8,sil
12.626761198043823,-15,-15,-5,9,4,20,19,5,-6,14,-7,-7,-15,0,sil
12.642777681350708,-7,-20,-10,1,2,15,22,0,14,24,0,-2,-2,9,sil
12.642777681350708,-3,-18,-3,-4,0,18,25,1,21,22,-3,-11,0,11,sil
12.642777681350708,0,-15,-2,-12,-4,11,21,1,24,27,-3,-19,5,16,sil
12.65889835357666,2,-15,1,-22,-20,-9,3,-6,13,12,-8,-17,4,11,sil
12.65889835357666,3,-10,-5,-23,-31,-10,-4,-1,5,1,-8,-9,10,2,sil
12.675112009048462,10,2,0,-17,-27,-1,-3,5,15,17,12,8,25,15,sil
12.675506591796877,11,10,10,-13,-19,-6,-12,0,15,17,29,20,26,21,sil
12.690756559371948,7,13,3,0,-6,-11,-14,-4,1,-2,19,14,12,0,sil
12.690756559371948,14,22,13,2,6,-8,-11,-1,-4,-18,5,6,0,-13,sil
12.706993341445925,7,8,2,-15,0,-16,-20,-4,-17,-28,-1,-4,-9,-13,sil
12.706993341445925,-8,-7,-5,-22,-7,-21,-26,-1,-31,-33,-3,-6,-8,-14,sil
12.722028255462646,-2,3,9,-2,8,-3,-9,7,-15,-22,8,8,1,-5,sil
12.722028255462646,-1,8,3,3,15,2,0,2,0,-13,9,4,-5,0,sil
12.738145351409912,-10,0,1,4,2,-1,-8,-1,-12,-16,-12,-7,-22,-8,sil
12.738145351409912,0,6,-1,28,8,6,-1,3,-6,-6,-15,2,-12,-6,sil
12.754191398620604,2,6,-12,34,18,14,8,2,6,5,0,1,-2,-5,sil
12.754191398620604,-14,-5,-8,11,11,14,2,-1,-6,2,-6,-19,-18,-18,sil
12.76997685432434,-19,-9,-10,3,5,9,3,-4,-8,2,-17,-25,-23,-16,sil
12.76997685432434,-15,-9,-8,1,4,5,11,-2,3,14,-17,-16,-6,-6,sil
12.784989595413208,-7,-10,-3,0,1,7,18,3,4,20,-10,-6,4,4,sil
12.784989595413208,9,-1,2,9,4,14,33,5,11,26,0,6,12,23,sil
12.801093101501465,9,2,13,13,3,14,33,2,18,26,0,10,19,21,sil
12.801093101501465,-6,-5,-2,0,-8,3,11,-4,16,16,-10,0,13,4,sil
13.378207921981812,-5,5,5,32,10,25,15,0,1,18,-3,-20,0,11,sil
13.378207921981812,-15,-6,-5,13,5,26,16,-6,0,17,-27,-30,-17,-3,sil
13.393774271011353,-21,-22,-11,-8,-4,13,10,-9,-7,3,-34,-24,-16,-5,sil
13.393774271011353,-14,-20,-7,-16,-12,5,11,0,0,8,-21,-18,-6,5,sil
13.40971326828003,-8,-15,-10,-13,-9,2,17,1,16,18,-16,-17,-3,12,sil
13.40971326828003,0,-14,2,-15,-3,0,15,0,27,15,-9,-7,5,15,sil
13.42492175102234,6,-15,0,-20,-9,-4,5,-4,26,8,5,0,15,9,sil
13.42492175102234,10,-6,-7,-19,-14,-18,-2,-4,18,4,16,7,15,3,sil
13.440959215164185,21,10,10,-6,-2,-16,-4,3,11,4,19,28,24,14,sil
13.440959215164185,28,15,6,8,9,-6,-2,10,11,5,23,38,34,20,sil
13.4567551612854,19,11,2,6,9,-5,-2,9,12,3,35,31,27,9,sil
13.4567551612854,11,7,0,-5,1,-6,1,4,14,4,31,17,13,3,sil
13.472071647644045,10,5,-1,-1,0,-4,-1,0,5,0,4,7,2,2,sil
13.472071647644045,8,13,7,15,10,1,-5,4,-4,-4,-3,11,1,-1,sil
13.487715005874634,6,12,0,16,10,0,0,3,-5,-6,9,9,0,-5,sil
13.487715005874634,0,0,3,-1,-3,-6,-1,-4,-14,-23,0,-1,-15,-13,sil
13.503744125366213,-8,1,5,0,-1,-5,-14,-4,-21,-30,-12,-10,-20,-22,sil
13.503744125366213,-11,6,-4,9,8,-3,-17,-1,-9,-8,-4,-9,-4,-16,sil
13.519124031066896,-12,-1,0,-1,0,-4,-15,-2,-9,-1,-5,-4,-4,-12,sil
13.519124031066896,-15,-8,-9,-3,-7,0,-10,-7,-26,-11,-9,-6,-16,-20,sil
13.534692764282228,-15,0,-7,10,0,10,0,-4,-22,0,-2,-2,-10,-12,sil
13.534692764282228,-10,0,2,9,2,21,5,0,0,20,-3,0,-3,2,sil
13.550723552703856,-11,-13,-10,-4,1,20,7,-2,3,17,-17,-16,-10,0,sil
13.550723552703856,-18,-18,-6,-11,0,14,8,1,-10,-1,-26,-30,-17,-4,sil
13.566135168075562,-16,-10,-5,-7,-1,8,5,4,-5,-3,-24,-23,-16,1,sil
13.566135168075562,-2,-3,-1,0,1,6,2,-1,10,6,-15,-18,-12,7,sil
13.581908464431764,5,0,9,4,2,7,9,0,13,11,-7,-13,-4,13,sil
13.581908464431764,1,-5,-2,0,-7,0,5,1,2,6,-5,-6,-1,11,sil
13.59799098968506,-5,-12,-6,-16,-17,-10,-7,-4,-5,-11,-11,-8,-10,-4,sil
13.59799098968506,-1,-8,-8,-24,-16,-11,2,-3,10,-7,-3,0,-2,-5,sil
13.614066123962402,14,-3,-3,-16,-16,-16,15,4,28,10,16,20,22,14,sil
13.614066123962402,24,0,11,-8,-15,-16,2,7,17,0,23,28,31,21,sil
13.62977647781372,19,8,9,0,-3,-14,-7,1,3,-17,17,22,20,11,sil
13.62977647781372,13,17,10,5,7,-12,-10,0,-2,-18,21,21,13,0,sil
13.64581298828125,11,15,6,5,12,-5,-12,0,-5,-10,29,17,14,-4,sil
13.64581298828125,15,16,7,13,11,1,-2,1,-3,2,31,15,20,3,sil
13.661611080169678,12,24,18,21,13,2,1,0,-9,0,24,17,14,3,sil
13.661611080169678,-3,12,2,17,20,2,-2,-4,-22,-13,-1,1,-9,-13,sil
13.677096605300903,-7,-4,-3,19,18,14,10,1,-15,3,-21,-17,-15,-17,sil
13.677096605300903,0,-5,-1,30,10,22,29,11,5,32,-9,-11,2,3,sil
13.6931574344635,-9,-7,-5,8,8,11,23,0,10,25,-9,-9,-1,10,sil
13.6931574344635,-22,-14,-9,-16,1,5,7,-10,3,14,-31,-21,-22,-1,sil
13.708704710006714,-11,-13,-13,-8,-7,8,2,-5,15,23,-21,-18,-11,0,sil
13.708704710006714,1,-7,-1,-10,-8,0,-1,0,18,16,0,2,9,11,sil
13.724184274673462,4,-4,-3,-29,-12,-10,-17,-2,-2,-2,0,10,5,3,sil
13.724184274673462,2,-5,-12,-28,-22,-18,-31,-4,-12,-16,-3,7,-4,-9,sil
13.739721298217772,0,2,6,-17,-20,-15,-26,2,3,-23,7,12,2,-10,sil
13.739721298217772,0,4,7,-16,-5,-10,-8,5,10,-15,18,18,11,-2,sil
13.755475759506226,0,3,4,-10,1,-8,-7,0,0,-8,14,8,2,0,sil
13.755475759506226,0,14,3,3,2,-6,-12,-1,0,-9,9,-3,-9,-8,sil
13.770185708999634,-4,13,-3,12,2,-4,-13,0,-3,-11,5,-14,-16,-16,sil
13.770185708999634,-11,0,1,16,3,3,-8,3,-13,-12,-8,-19,-20,-12,sil
13.784857749938965,-6,0,2,28,11,15,7,4,-3,-1,-11,-10,-9,0,sil
13.784857749938965,3,2,3,31,12,16,18,0,4,6,-5,0,0,7,sil
13.800739288330078,-4,-3,-2,21,5,12,15,0,-10,-2,-16,-10,-11,-3,sil
13.800739288330078,-20,-7,-11,17,9,17,19,0,-17,-3,-32,-26,-18,-11,sil
13.817215204238892,-16,-8,1,7,16,21,23,-1,-2,7,-25,-20,-10,0,sil
13.831735849380491,-1,-13,-4,-10,0,8,12,0,2,5,-11,-8,0,7,sil
13.831735849380491,7,-11,-6,-12,-13,1,6,-1,1,3,-4,0,8,9,sil
13.831735849380491,7,-7,2,-8,-12,2,10,0,7,18,1,6,18,8,sil
13.846938133239746,1,-13,-8,-21,-17,-11,8,0,6,19,9,5,21,9,sil
13.86256980895996,12,-4,0,-26,-16,-21,2,-2,0,6,15,15,22,18,sil
13.86256980895996,37,10,14,-3,0,-13,0,0,12,9,28,35,27,32,sil
13.86256980895996,36,8,9,-1,-3,-14,-11,0,19,10,29,36,23,25,sil
13.877755641937256,14,3,1,-21,-12,-22,-19,-1,8,0,16,20,10,2,sil
13.892909288406372,11,11,1,-11,-2,-20,-16,0,2,-6,18,14,9,-6,sil
13.892909288406372,13,18,11,2,5,-8,-15,3,1,-12,30,19,6,-5,sil
13.90858268737793,-4,10,-4,-4,8,-1,-13,2,-3,-21,17,11,-8,-12,sil
13.90858268737793,-19,4,-11,-2,12,-5,-16,3,-12,-19,-5,-3,-17,-22,sil
13.924252271652222,-16,9,4,13,7,0,-16,7,-15,-8,-4,-13,-8,-23,sil
13.924252271652222,-10,4,4,18,6,11,3,3,-13,-2,4,-17,-4,-11,sil
13.93985629081726,-7,3,6,21,15,22,19,0,-16,-3,-2,-14,-14,-1,sil
13.93985629081726,-14,3,-1,23,11,20,8,-4,-20,-5,-15,-18,-21,-8,sil
13.95518708229065,-25,-10,-15,12,-1,15,0,-8,-12,-1,-23,-26,-18,-17,sil
13.95518708229065,-23,-15,-6,5,-1,19,5,-1,-1,5,-28,-21,-11,-10,sil
13.970743417739868,-11,-4,1,6,5,18,13,0,7,10,-20,-12,-4,3,sil
13.970743417739868,-4,0,6,2,8,10,12,-3,13,10,-8,-9,-1,11,sil
13.985916137695312,-3,-5,-3,0,0,3,10,0,17,18,-7,-8,2,14,sil
13.985916137695312,0,-12,-8,-7,-17,-2,5,0,18,16,-19,-13,1,13,sil
14.001503467559814,1,-16,5,-19,-18,-8,1,-1,9,-3,-34,-14,-10,0,sil
14.001503467559814,0,-17,-3,-23,-7,-11,0,3,1,-8,-29,-5,-15,-8,sil
14.017120122909546,1,-13,-3,-19,-13,-12,-6,3,0,0,-12,2,-6,-3,sil
14.017120122909546,13,-3,-3,-15,-17,-8,-11,-1,0,-7,1,2,4,0,sil
14.03215479850769,22,7,-1,-4,0,-10,-7,1,4,-7,16,14,16,4,sil
14.03215479850769,23,14,12,4,3,-11,-4,3,9,5,24,31,25,17,sil
14.047804832458496,13,7,0,0,-1,-12,-5,-5,1,3,19,28,18,12,sil
14.047804832458496,2,9,-3,-7,6,-13,-8,-6,-6,-7,25,19,10,-3,sil
14.0628981590271,8,17,4,0,13,-6,-2,2,1,0,41,23,17,-2,sil
14.0628981590271,17,15,3,15,6,-2,4,2,7,6,35,21,13,5,sil
14.086779117584229,4,13,9,9,4,0,0,-1,-8,-5,18,12,-1,0,sil
14.086779117584229,-14,8,0,0,5,4,-1,-3,-23,-17,10,0,-4,-6,sil
14.086779117584229,-15,0,-4,0,1,6,3,1,-19,-12,0,-8,-11,-12,sil
14.09384274482727,-7,0,0,10,1,4,3,9,0,3,0,-8,-18,-8,sil
14.109753131866457,0,2,0,17,5,10,0,7,11,17,8,-5,0,5,sil
14.109753131866457,-1,-3,12,17,10,23,7,4,8,22,6,-1,21,15,sil
14.1250102519989,-5,-11,4,15,14,20,24,2,9,23,-4,-3,12,12,sil
14.1250102519989,-9,-22,-5,0,3,6,19,-6,3,9,-24,-24,-12,0,sil
14.141049146652222,-16,-23,-10,-14,-11,1,3,-9,-7,-9,-42,-37,-25,-15,sil
14.141049146652222,-2,-5,-12,-2,-7,4,9,0,1,-1,-28,-15,-4,0,sil
14.157154560089111,25,10,13,15,3,10,20,8,22,18,0,11,23,26,sil
14.157154560089111,19,0,8,0,-5,0,0,0,24,19,-5,7,13,13,sil
14.173058032989502,-7,-13,-11,-24,-27,-21,-31,-8,9,0,-20,-2,-8,-11,sil
14.173058032989502,-2,0,-6,-20,-29,-22,-33,-5,-8,-22,-6,6,-3,-9,sil
14.188042402267456,12,12,-1,-6,-10,-13,-21,-6,-28,-35,12,17,2,-5,sil
14.188042402267456,4,11,7,-11,0,-17,-26,-3,-37,-39,13,14,-8,-17,sil
14.204110145568848,-3,9,0,-10,4,-19,-25,1,-30,-33,8,4,-12,-17,sil
14.204110145568848,-4,10,-4,0,7,-14,-19,0,-22,-22,6,-2,-14,-8,sil
14.22010064125061,-10,8,6,1,10,0,-15,0,-16,-19,0,-7,-22,-18,sil
14.22010064125061,-13,0,-4,8,21,19,7,2,-4,-7,-7,-18,-20,-18,sil
14.23567271232605,-14,-7,-5,13,25,31,30,1,1,14,-12,-26,-10,-2,sil
14.23567271232605,-20,-21,-6,0,3,19,24,2,4,18,-15,-20,-9,5,sil
14.251277923583984,-17,-21,-10,-6,-9,6,16,0,9,15,-15,-9,-10,7,sil
14.251277923583984,-2,-1,2,3,3,12,31,0,17,34,-6,-5,0,12,sil
14.267019033432009,1,3,4,5,3,15,38,2,29,44,2,-7,14,12,sil
14.267019033432009,0,-1,7,0,-8,7,21,6,37,32,7,2,23,16,sil
14.282423973083496,11,1,5,3,-4,1,7,5,36,24,12,20,25,21,sil
14.282423973083496,13,1,3,1,-2,-8,-6,-1,14,7,10,20,18,9,sil
14.298455953598022,8,-1,6,-6,-12,-19,-20,-1,-7,-13,5,12,12,-1,sil
14.298455953598022,23,11,5,8,-4,-17,-17,0,6,0,22,26,27,11,sil
14.314189672470093,38,22,15,23,6,-9,-11,2,22,11,37,40,37,22,sil
14.314189672470093,19,11,2,4,0,-4,-9,3,3,-1,21,19,17,12,sil
14.32974648475647,0,1,-15,-14,-5,-6,-5,-2,-9,-14,5,1,0,0,sil
14.32974648475647,4,5,2,-9,-6,-9,-6,-4,-5,-20,3,9,0,-5,sil
14.345876455307009,-2,-2,-5,-8,-6,-9,-6,-1,-12,-25,-2,-2,-13,-12,sil
14.345876455307009,-17,-14,-16,-21,0,-1,-5,-5,-23,-26,-10,-28,-22,-19,sil
14.36291527748108,-13,-8,-5,-17,5,0,-7,-5,-25,-22,-12,-24,-16,-18,sil
14.36291527748108,-8,-1,0,-2,-1,-8,-13,0,-30,-19,-16,-15,-20,-15,sil
14.37700605392456,-12,0,2,-1,-3,-1,-11,2,-25,-15,-17,-17,-26,-15,sil
14.37700605392456,-5,0,2,4,3,13,1,0,-7,-7,-7,-12,-12,-7,sil
14.39204168319702,5,3,13,19,5,12,7,0,-2,0,-3,4,0,3,sil
14.39204168319702,10,16,15,30,14,6,6,5,-4,9,0,19,1,7,sil
14.40811824798584,3,16,0,31,22,12,11,1,2,16,10,20,2,8,sil
14.40811824798584,-9,0,3,19,8,16,17,-2,6,15,6,10,1,6,sil
14.424007654190063,-13,-10,-1,9,0,10,20,-2,5,18,-5,-1,-1,-1,sil
14.424007654190063,-13,-10,-9,3,2,7,15,0,4,22,-19,-10,-7,-6,sil
14.440048456192017,-25,-19,-17,-12,-8,5,4,5,2,13,-24,-15,-13,-9,sil
14.440048456192017,-26,-24,-22,-23,-20,0,0,0,10,8,-21,-25,-13,-11,sil
14.456138372421265,-8,-14,0,-16,-12,-6,-1,-7,17,13,-20,-25,-4,-2,sil
14.456138372421265,3,-9,1,-24,-12,-14,-10,-2,14,10,-9,-9,12,9,sil
14.471466064453123,11,-6,-1,-35,-18,-25,-21,1,10,-4,12,6,23,14,sil
14.471466064453123,22,5,2,-19,-8,-17,-23,0,3,-21,19,10,17,10,sil
14.487051963806152,24,20,1,-2,10,-1,-13,-4,-9,-29,19,13,6,2,sil
14.487051963806152,16,26,15,5,18,5,-5,0,-15,-21,27,7,-2,-5,sil
14.503075361251833,4,14,9,15,13,6,-3,7,-10,-8,17,-13,-12,-11,sil
14.503075361251833,1,7,7,17,9,2,-2,8,-6,-7,4,-16,-9,-9,sil
14.519435167312622,13,22,23,31,15,8,14,5,6,3,22,12,11,10,sil
14.519435167312622,20,26,12,47,19,23,39,1,25,25,29,28,29,33,sil
14.533825874328612,4,-4,0,18,4,21,31,0,12,21,-4,12,11,24,sil
14.533825874328612,-20,-31,-17,-21,-19,-3,4,-5,-5,0,-30,-5,-12,2,sil
14.549352407455444,-20,-28,-18,-30,-28,-16,0,-3,5,0,-23,0,-7,4,sil
14.566028118133543,0,-14,3,-21,-14,0,10,7,22,19,-6,12,9,12,sil
14.566028118133543,6,-13,-3,-15,-6,-1,4,3,22,20,0,5,12,3,sil
14.566028118133543,-7,-16,-6,-25,-19,-22,-26,-4,8,-6,-5,0,1,-8,sil
14.581722259521484,-9,-4,-7,-23,-21,-27,-37,-5,-11,-23,-7,4,-6,-17,sil
14.581722259521484,8,18,-3,0,-1,-20,-19,-6,-20,-16,12,17,0,-16,sil
14.597897291183472,21,31,12,10,11,-7,-9,-2,-10,-9,23,21,9,-9,sorry
14.597897291183472,1,18,1,1,12,-1,-13,0,-14,-12,2,0,-9,-20,sorry
14.613136291503906,-18,3,-2,5,15,-3,-13,-2,-37,-15,-11,-18,-26,-32,sorry
14.613136291503906,-12,7,0,18,20,7,-3,-1,-34,-14,-4,-11,-9,-14,sorry
14.627083778381348,0,12,1,22,20,20,3,1,-18,-13,-4,-7,-3,2,sorry
14.643132448196411,-4,2,13,15,14,17,6,6,-11,-4,-10,-14,-17,0,sorry
14.643132448196411,-1,-11,4,8,7,9,13,6,2,14,-5,-11,-6,3,sorry
14.657341241836548,6,-13,-3,0,2,10,17,0,14,19,-7,-1,12,14,sorry
14.657341241836548,0,-6,-5,0,1,15,21,-1,9,10,-7,-3,11,11,sorry
14.672954559326172,-7,-3,-6,9,0,13,19,4,3,14,1,-11,2,10,sorry
14.672954559326172,-7,-7,0,10,-5,12,4,1,9,20,-1,-16,-2,8,sorry
14.6881206035614,-13,-15,-10,-2,-10,4,0,-5,13,11,-15,-20,-6,-3,sorry
14.6881206035614,-22,-20,-12,-19,-14,-6,0,-6,6,-2,-15,-23,-8,-13,sorry
14.704240322113035,-18,-11,-10,-13,-10,-5,3,-1,1,-3,-3,-17,-10,-11,sorry
14.704240322113035,0,2,-8,10,2,1,9,1,13,9,9,2,0,1,sorry
14.720213174819946,17,11,17,15,7,0,8,5,25,18,23,28,22,18,sorry
14.720213174819946,21,8,12,0,-10,-12,3,4,19,7,28,30,26,22,sorry
14.73620080947876,20,4,5,-3,-21,-15,-1,-2,9,-2,19,20,10,14,sorry
14.73620080947876,24,13,16,8,0,-1,-1,-2,9,-3,7,24,3,14,sorry
14.751715898513794,17,13,8,4,8,4,0,-4,0,-12,0,21,3,12,sorry
14.751715898513794,1,-1,1,-19,-12,-7,-14,-5,-16,-30,-2,4,-5,0,sorry
14.766846895217896,7,-1,0,-21,-13,-19,-27,0,-7,-21,-2,3,-13,0,sorry
14.766846895217896,19,9,4,-7,4,-10,-11,3,5,0,0,13,-14,10,sorry
14.78293228149414,4,3,4,-16,0,0,-3,1,-7,-2,-4,2,-9,-2,sorry
14.78293228149414,-12,-11,-10,-30,-11,-7,-17,-6,-18,-14,-7,-6,-7,-14,sorry
14.798757314682009,-5,-6,-5,-25,-3,-14,-21,-3,-9,-8,-1,4,-20,-5,sorry
14.798757314682009,-6,0,-7,-15,1,-7,-10,4,-6,1,-3,0,1,-9,sorry
14.816924571990969,-24,-7,-12,-8,0,-3,-8,1,-9,-1,-15,-25,55,-31,sorry
14.816924571990969,-19,-6,-6,-3,6,0,-2,0,-4,-6,-13,-24,46,-30,sorry
14.816924571990969,0,4,-2,-1,16,4,7,4,-1,3,-1,-7,-12,-9,sorry
14.831969738006592,-3,6,3,5,17,5,2,7,-13,4,0,-8,-29,-1,sorry
14.84608554840088,-10,-1,-1,20,13,13,10,1,-14,0,0,-10,-11,-2,sorry
14.84608554840088,3,1,4,28,10,24,21,-1,4,9,9,1,-3,5,sorry
14.861741542816162,8,12,11,33,12,21,8,1,13,22,12,2,-2,8,sorry
14.861741542816162,-3,6,-3,33,13,6,5,0,0,15,4,-7,-8,1,sorry
14.877120971679688,-5,2,4,25,5,7,20,4,-3,1,0,-2,-8,1,sorry
14.877120971679688,-2,2,4,18,-5,8,21,8,5,0,5,6,3,0,sorry
14.893129587173462,-7,-9,-5,11,-9,0,4,-1,4,-2,5,2,0,0,sorry
14.893129587173462,-1,-10,6,5,-9,2,2,-8,-5,-1,-3,4,-5,14,sorry
14.908684015274048,16,6,5,10,-7,10,13,-5,0,13,1,15,9,30,sorry
14.908684015274048,16,7,7,8,-7,2,6,0,7,18,4,12,12,18,sorry
14.923813343048096,-2,-6,-1,-3,-8,-9,-3,2,7,3,-7,-2,-5,0,sorry
14.923813343048096,-10,-10,-15,-11,-6,-13,-7,0,9,-5,-14,-10,-5,-4,sorry
14.93903136253357,-2,-3,-3,-14,-1,-4,-12,-2,5,-3,-9,-4,4,-3,sorry
14.93903136253357,0,-5,-6,-17,0,0,-9,-5,-1,0,-5,-3,-1,-4,sorry
14.954162836074827,-1,-7,-9,-17,0,-8,-8,-9,-4,-3,-6,-11,-13,-4,sorry
14.954162836074827,0,-3,-6,-15,-2,-9,-18,-3,0,-6,-5,-10,-5,-7,sorry
14.96970248222351,5,2,-4,-15,-6,-2,-18,3,8,-2,1,4,9,0,sorry
14.96970248222351,12,3,13,-17,-8,-4,-3,4,12,1,9,17,15,15,sorry
14.984989404678345,10,0,9,-15,-6,-13,3,0,8,-2,6,14,12,9,sorry
14.984989404678345,4,0,2,-11,-3,-12,-3,0,1,-9,3,6,6,0,sorry
15.0005624294281,5,2,0,-12,0,-1,-3,4,-10,-13,2,2,-1,0,sorry
15.0005624294281,5,0,-4,-11,0,0,3,1,-25,-17,-2,0,-6,-7,sorry
15.016484022140505,1,1,5,-2,2,0,6,1,-14,-13,0,4,0,-9,sorry
15.016484022140505,-3,0,2,0,3,0,10,3,11,6,6,4,12,1,sorry
15.0312819480896,-17,-12,-5,-8,0,-1,8,-1,13,12,0,-5,2,-5,sorry
15.0312819480896,-14,-7,-4,-2,0,2,9,-2,10,3,0,-7,-7,-16,sorry
15.047704458236694,4,7,3,16,10,9,15,1,20,3,2,-3,0,1,sorry
15.047704458236694,1,6,5,12,14,7,4,3,11,0,-3,-4,0,7,sorry
15.062289953231812,-14,0,-10,2,6,-1,-12,0,-7,-6,0,-7,-9,-14,sorry
15.062289953231812,-5,8,0,12,6,-1,-18,0,-13,2,20,2,-5,-11,sorry
15.078025341033936,10,16,8,22,9,3,-19,0,-18,3,17,6,0,0,sorry
15.078025341033936,3,5,-9,13,1,1,-18,-4,-28,-11,-3,-9,-10,-7,sorry
15.093881368637083,-4,4,5,5,-4,3,-11,-1,-20,-6,-10,-10,-13,-10,sorry
15.093881368637083,0,12,13,16,0,9,2,2,0,13,2,8,6,5,sorry
15.11015486717224,5,7,4,20,5,1,3,0,0,2,2,13,12,9,sorry
15.125680208206177,9,1,7,8,-2,-3,-1,-4,-15,-12,-11,3,-2,0,sorry
15.125680208206177,10,2,1,6,-7,0,4,-1,-7,7,-5,4,3,12,sorry
15.125680208206177,9,0,7,6,0,3,9,4,11,24,13,16,18,26,sorry
15.139760494232178,10,-9,0,2,1,5,6,6,8,18,10,12,9,16,sil
15.155902624130247,6,-9,-2,6,1,6,14,1,-1,9,-4,-6,-2,0,sil
15.155902624130247,-12,-7,4,6,3,6,23,0,0,0,-7,-18,-5,-2,sil
15.155902624130247,-22,-17,-15,-14,-3,2,17,0,12,-10,-6,-20,-11,-7,sil
15.171096563339232,-17,-21,-17,-29,-9,7,8,2,20,-3,-16,-19,-19,-11,sil
15.185470819473268,-14,-11,-7,-13,0,10,15,5,23,8,-21,-17,-13,-4,sil
15.185470819473268,-10,-7,-8,-4,2,-3,13,0,18,8,-13,-12,-2,1,sil
15.20220708847046,-6,-13,-5,-19,-10,-12,-1,-4,10,0,-11,-9,-1,-1,sil
15.20220708847046,-10,-12,-14,-25,-13,-6,-4,-3,8,-1,-12,-11,-2,0,sil
15.219066858291626,-6,0,-5,-10,2,-2,0,0,10,6,0,0,5,4,sil
15.219066858291626,7,10,4,0,11,-2,-3,0,0,4,11,13,8,0,sil
15.219066858291626,13,8,0,-6,-6,-11,-23,-8,-22,-20,0,1,-2,-10,sil
15.232693910598757,9,5,7,-13,-20,-19,-33,-7,-24,-31,0,2,-2,-7,sil
15.247759819030762,8,7,5,-4,-9,-17,-22,2,-9,-11,18,24,15,2,sil
15.247759819030762,12,8,3,-1,-5,-13,-16,0,-5,0,19,26,21,3,sil
15.26431393623352,11,5,4,-19,-12,-7,-14,-3,0,0,7,20,19,3,sil
15.26431393623352,7,5,7,-18,0,-2,-6,0,3,0,4,24,19,6,sil
15.279808759689333,6,10,15,9,6,-3,-9,3,-11,-13,-4,12,1,-5,sil
15.279808759689333,3,14,8,27,2,2,0,3,-5,-4,-3,-4,-9,-6,sil
15.295150518417358,2,15,11,25,11,16,22,5,17,25,24,4,4,11,sil
15.295150518417358,6,7,4,16,17,7,13,3,4,12,31,10,2,6,sil
15.3111093044281,5,0,-7,6,5,-7,-5,-2,-13,-15,6,-3,-16,-10,sil
15.3111093044281,2,8,8,12,7,10,6,0,-4,-6,-2,-2,-12,-4,sil
15.32660746574402,7,13,4,30,28,26,18,1,-2,8,3,1,-3,3,sil
15.32660746574402,6,7,-2,27,30,12,0,-1,-17,0,3,-6,-10,0,sil
15.342626094818115,-3,1,1,20,16,5,-2,2,-16,-5,2,-10,-8,-1,sil
15.342626094818115,-6,-3,1,28,7,13,9,3,-8,5,0,-8,3,5,sil
15.35814929008484,-8,-9,3,20,3,15,9,0,-5,5,-11,-16,0,8,sil
15.35814929008484,-20,-20,-13,-8,-4,4,1,-3,3,3,-28,-27,-10,-2,sil
15.373802185058594,-24,-30,-19,-27,-15,-4,0,-3,8,8,-31,-25,-14,-16,sil
15.373802185058594,-21,-27,-14,-26,-21,0,7,3,3,5,-26,-25,-14,-12,sil
15.38993525505066,-22,-25,-22,-25,-18,2,13,3,15,5,-24,-27,-8,-1,sil
15.38993525505066,-15,-21,-6,-27,-13,1,15,0,36,18,-15,-8,6,4,sil
15.405221700668337,0,-7,1,-22,-14,0,18,0,39,25,0,12,18,12,sil
15.405221700668337,2,0,-1,-19,-17,-13,9,0,27,5,4,11,13,11,sil
15.421135663986206,5,0,3,-24,-19,-20,-7,0,13,-12,5,10,3,0,sil
15.421135663986206,14,2,0,-23,-15,-16,-19,-3,-4,-21,7,14,1,-6,sil
15.436695337295532,9,7,5,-19,-9,-14,-30,-3,-23,-23,8,19,1,-5,sil
15.436695337295532,4,13,2,-10,-3,-17,-33,-3,-28,-13,19,22,-2,-4,sil
15.451797485351562,14,23,4,9,6,-14,-22,-7,-25,-11,28,21,-6,-3,sil
15.451797485351562,19,26,15,28,12,-6,-12,0,-22,-17,21,21,0,0,sil
15.467900037765505,8,17,5,27,5,-5,-5,8,-10,-4,15,13,11,2,sil
15.467900037765505,-3,8,2,17,5,1,0,8,3,5,4,-4,6,-5,sil
15.483173847198486,-7,5,1,16,20,18,6,6,5,1,-14,-18,-5,-12,sil
15.483173847198486,-1,0,2,18,19,23,8,0,-1,3,-19,-16,-7,-2,sil
15.498700618743896,4,0,11,26,14,23,15,0,1,14,-2,-7,1,14,sil
15.498700618743896,5,5,3,32,26,25,28,1,8,20,7,0,12,22,sil
15.514226198196411,6,0,2,11,15,13,27,0,4,17,-3,2,9,23,sil
15.514226198196411,10,-11,3,-15,-15,-4,6,-4,0,7,-15,0,0,16,sil
15.531955242156982,5,-15,-1,-28,-22,-17,-14,-4,0,-3,-8,0,0,3,sil
15.531955242156982,-5,-12,-6,-35,-14,-17,-22,0,1,-12,-6,0,3,-12,sil
15.546000957489014,-7,-11,-17,-30,-11,-11,-15,0,1,-16,-8,-2,-1,-17,sil
15.546000957489014,2,1,-2,-12,-4,-12,-9,-2,-9,-19,5,9,-1,-10,sil
15.562013864517212,4,13,6,2,5,-14,-9,-1,-23,-14,19,11,0,-7,sil
15.562013864517212,-6,6,-4,12,10,-2,0,0,-12,-1,6,-11,-6,-9,sil
15.577147483825684,-15,1,0,15,7,12,13,2,8,5,-5,-16,-16,-9,sil
15.577147483825684,-8,1,-3,14,7,14,18,2,14,9,0,-2,-5,0,sil
15.592718362808228,1,1,2,18,11,15,15,3,10,20,-1,-5,3,12,sil
15.592718362808228,-2,-4,6,14,0,15,6,6,5,21,-6,-14,-4,2,sil
15.608760833740234,-14,-17,-9,-6,-17,1,-5,0,1,3,-7,-9,-14,-13,sil
15.608760833740234,-11,-18,-8,-20,-13,0,-1,-1,5,0,-10,-4,-9,-9,sil
15.624144315719604,0,-8,-6,-14,-3,8,10,2,17,15,-1,-2,5,4,sil
15.624144315719604,4,0,2,-12,-9,-4,-2,-1,11,9,20,12,18,11,sil
15.640366792678831,9,11,13,-10,-12,-18,-20,-6,0,-14,31,30,21,10,sil
15.640366792678831,20,16,5,-1,1,-17,-11,-6,-6,-18,29,36,14,8,sil
15.6559796333313,16,17,7,4,12,-13,-7,0,-16,-11,22,26,1,1,sil
15.6559796333313,-2,17,3,17,11,-3,-9,0,-20,-10,6,0,-9,-2,sil
15.67125654220581,-11,6,0,32,10,10,2,0,-5,-2,-11,-19,-14,-2,sil
15.67125654220581,-12,-9,-8,20,9,19,18,4,9,12,-25,-25,-16,-1,sil
15.686851978302002,-18,-21,-19,-7,-3,18,20,1,17,12,-34,-34,-16,-6,sil
15.686851978302002,-20,-24,-6,-20,-14,11,15,-3,18,0,-38,-35,-11,-6,sil
15.702277660369871,-2,-18,-2,-19,-12,-2,7,0,19,-1,-23,-8,2,2,sil
15.702277660369871,20,-5,0,-18,-12,-12,-3,4,10,-2,-6,20,13,9,sil
15.71785593032837,26,5,8,-15,-11,-12,-9,0,-6,-14,0,25,14,2,sil
15.71785593032837,15,11,3,-5,0,-15,-10,0,-18,-8,9,22,13,0,sil
15.733814716339111,5,15,10,5,6,-13,-15,2,-26,-1,22,18,5,-2,sil
15.733814716339111,1,11,4,15,3,-7,-18,0,-38,-16,16,0,-4,-10,sil
15.749525547027588,2,8,1,24,10,-2,-16,-5,-36,-22,0,-15,-11,-5,sil
15.749525547027588,0,12,11,32,19,12,-1,0,-15,-6,-8,-22,-14,0,sil
15.765048503875732,-17,-5,-9,12,7,18,16,0,3,8,-12,-30,-8,-7,sil
15.765048503875732,-31,-33,-17,-25,-15,8,16,-1,12,26,-10,-22,3,-3,sil
15.781182289123535,-13,-29,-4,-32,-18,1,10,4,25,40,0,0,14,14,sil
15.781182289123535,5,-5,0,-20,-1,-1,5,3,37,28,9,11,23,16,sil
15.796674013137816,6,11,3,-20,4,-5,-5,-3,24,2,12,22,21,1,sil
15.796674013137816,7,16,1,-12,0,-15,-18,-7,2,-8,21,27,10,-1,sil
15.812806129455566,8,17,8,-4,0,-19,-23,1,-4,-12,29,18,0,0,sil
15.812806129455566,5,19,6,0,9,-3,-12,5,0,-8,22,12,-5,-4,sil
15.828404426574709,7,19,7,22,13,9,6,0,0,-2,12,14,-13,-6,sil
15.828404426574709,6,13,15,37,12,11,15,2,-6,-5,9,10,-19,0,sil
15.84401273727417,0,3,0,28,13,10,11,3,-6,-2,5,-3,-17,0,sil
15.84401273727417,0,1,0,20,13,12,8,1,0,7,-5,-11,-8,-2,sil
15.859880685806274,0,0,2,26,9,18,16,5,5,13,-14,-9,2,4,sil
15.859880685806274,1,-10,-12,20,0,19,24,1,7,10,-20,-8,7,15,sil
15.875108242034912,3,-16,-3,0,-9,10,15,-5,6,10,-25,-12,1,17,sil
15.875108242034912,-3,-19,-8,-12,-17,-3,2,-5,4,6,-25,-12,1,10,sil
15.890699863433838,-6,-22,-11,-16,-25,-11,-3,-2,-3,-9,-23,-5,4,2,sil
15.890699863433838,-1,-15,-6,-20,-24,-8,-3,-3,-3,-17,-19,-1,2,0,sil
15.905822277069092,-5,-10,-10,-32,-15,-13,-2,-7,-1,-16,-12,-5,-2,-8,sil
15.905822277069092,-12,-11,-5,-38,-14,-18,-7,-5,-10,-22,-5,-6,-7,-22,sil
15.921987771987917,-11,-11,-7,-23,-14,-18,-13,0,-10,-18,2,-5,-7,-28,sil
15.921987771987917,-9,-3,-4,-13,-2,-15,-19,0,-5,-10,10,-4,-1,-23,sil
15.938180685043337,-3,12,5,-14,11,-10,-17,1,-14,-8,17,3,2,-11,sil
15.938180685043337,6,25,10,4,18,-1,-7,6,-16,-1,25,17,6,0,sil
15.951745748519896,18,30,25,36,23,11,-2,6,-4,14,27,24,13,6,sil
15.951745748519896,21,25,17,43,27,17,0,0,1,19,26,18,17,17,sil
15.968910932540894,8,9,2,23,20,13,2,-2,0,14,16,3,1,19,sil
15.968910932540894,-7,-6,0,6,4,14,3,1,-1,5,-10,-14,-22,-4,sil
15.983131170272827,-15,-16,-8,0,-4,12,4,-1,-9,-3,-33,-31,-31,-19,sil
15.99917483329773,-21,-20,-9,-8,-12,8,5,-1,-8,-5,-35,-30,-20,-2,sil
15.99917483329773,-17,-24,-12,-21,-19,3,6,0,10,6,-26,-17,-6,9,sil
15.99917483329773,-1,-17,-6,-26,-21,-8,-1,-1,23,11,-21,-7,0,5,sil
16.01513123512268,9,0,1,-12,-9,-12,-9,6,32,9,0,1,12,5,sil
16.01513123512268,14,13,-2,10,2,-8,0,12,44,22,38,21,37,17,sil
16.02966618537903,19,21,9,14,4,-7,8,0,33,23,51,38,47,23,sil
16.046250104904175,22,19,12,6,9,-7,7,-3,8,3,36,34,32,19,sil
16.046250104904175,19,12,9,7,15,-6,4,1,-1,-6,25,21,13,11,sil
16.046250104904175,13,15,10,11,10,-5,0,-1,-9,-10,20,15,3,0,sil
16.060797214508057,12,18,2,16,5,-4,-2,-8,-17,-20,9,9,-4,-6,sil
16.07629919052124,12,12,12,16,1,0,-3,0,-24,-26,-3,0,-20,-9,sil
16.07629919052124,-1,0,4,3,2,3,0,3,-30,-20,-21,-14,-31,-17,sil
16.10284113883972,-14,-6,-7,0,10,11,7,0,-26,-5,-34,-20,-26,-11,sil
16.103841066360474,-11,0,1,13,11,20,18,5,-12,3,-33,-12,-19,5,sil
16.103841066360474,-16,-13,-15,-1,-5,12,16,1,-8,-2,-37,-18,-26,-3,sil
16.103841066360474,-35,-39,-26,-40,-23,2,0,-7,-11,-7,-48,-39,-31,-27,sil
16.109024047851562,-40,-34,-23,-39,-23,1,-5,-5,-6,3,-34,-31,-12,-20,sil
16.123183727264404,-23,-15,-16,-19,-14,-2,-1,-3,-1,10,-2,-3,9,-2,sil
16.138719081878662,-6,-14,-2,-18,-11,-6,-7,-2,0,4,10,7,10,-7,sil
16.138719081878662,-2,-18,-4,-19,-12,-6,-16,-1,2,0,10,0,4,-11,sil
16.154980897903442,0,-5,0,-13,-11,-10,-20,0,4,-6,7,-1,7,0,sil
16.154980897903442,12,10,6,-3,-6,-7,-16,-1,10,-10,18,13,19,6,sil
16.170288801193237,22,13,11,10,3,-5,-10,0,18,1,41,32,32,8,sil
16.170288801193237,23,16,22,12,11,-10,-13,4,13,17,43,34,30,11,sil
16.185818910598755,25,25,11,18,17,-10,-7,4,11,21,37,25,21,19,sil
16.185818910598755,26,32,17,37,22,1,4,4,12,8,31,19,11,18,sil
16.201051950454712,9,22,18,38,16,10,8,3,-4,-12,3,-2,-9,-3,sil
16.201051950454712,-9,7,-4,17,8,7,9,0,-14,-20,-22,-28,-31,-18,sil
16.217047929763794,-13,9,0,15,17,17,17,0,-2,-7,-15,-19,-27,-12,sil
16.217047929763794,-11,1,-3,19,16,21,23,-2,-1,0,-18,-16,-14,-5,sil
16.2331485748291,-9,-15,-6,4,0,7,15,-5,-11,-2,-37,-24,-14,0,sil
16.2331485748291,-2,-12,1,-1,-1,6,14,-1,2,10,-20,-6,0,19,sil
16.24907159805298,9,-5,0,2,0,7,22,0,29,34,6,16,26,36,sil
16.24907159805298,8,-12,0,-9,-9,-2,18,0,32,29,-1,9,23,32,sil
16.264004707336426,-3,-21,-11,-26,-16,-6,5,1,22,15,-14,0,11,14,sil
16.264004707336426,0,-16,-12,-25,-15,-7,-1,3,13,12,0,9,14,10,sil
16.280073881149292,11,-4,-5,-23,-18,-14,-9,3,6,-3,7,21,11,5,sil
16.280073881149292,-2,-7,-13,-31,-19,-18,-19,0,-8,-26,-5,11,-7,-17,sil
16.29617404937744,-12,-5,-4,-31,-12,-12,-18,0,-25,-26,-8,-3,-22,-30,sil
16.29617404937744,-3,9,0,-10,-2,-5,-13,0,-21,-8,7,-5,-16,-22,sil
16.312023401260376,-5,10,-1,1,2,-5,-25,-5,-14,-15,10,-4,-10,-22,sil
16.312023401260376,-8,0,2,-6,0,-5,-33,0,-14,-25,6,-8,-14,-25,sil
16.327401161193848,1,4,2,-3,0,0,-19,0,-4,-6,16,-5,-7,-12,sil
16.327401161193848,0,16,15,13,9,5,-9,-10,-6,-2,17,-2,-1,-5,sil
16.34398627281189,-6,12,10,22,17,5,-6,-11,-27,-20,2,-8,-7,-7,sil
16.34398627281189,2,5,2,11,10,0,0,0,-30,-18,-3,-8,-7,-2,sil
16.35909414291382,6,7,4,5,2,0,4,5,-20,0,0,4,0,0,sil
16.35909414291382,2,4,-3,18,3,0,3,4,-14,1,0,5,0,-1,sil
16.374753713607788,8,4,7,26,7,2,10,7,3,4,3,2,0,5,sil
16.374753713607788,13,9,7,22,7,7,19,8,29,23,7,8,13,14,sil
16.39011788368225,2,2,-2,16,3,12,13,0,23,27,0,3,11,14,sil
16.39011788368225,-6,-5,-2,9,2,19,9,-1,2,11,-11,-9,-4,7,sil
16.406189441680908,-14,-11,-16,0,5,9,17,0,1,8,-15,-16,-2,0,sil
16.406189441680908,-22,-15,-10,-7,4,-2,13,3,3,6,-16,-12,2,0,sil
16.421813488006592,-9,-16,2,-12,-5,6,9,-1,6,0,-10,-3,2,11,sil
16.421813488006592,12,-15,0,-11,-13,14,17,-5,17,7,0,4,14,18,sil
16.437024354934692,6,-13,0,-13,-17,4,16,1,17,13,-1,8,18,13,sil
16.437024354934692,-11,-11,-9,-18,-12,-2,10,4,15,5,-13,1,6,8,sil
16.45278787612915,-5,-5,-6,-16,-3,0,8,1,23,1,-17,-2,0,1,sil
16.45278787612915,8,1,2,-3,1,-3,2,1,27,10,-2,6,5,-4,sil
16.467910051345825,12,6,4,6,3,-14,-3,-2,24,17,14,23,10,6,sorry
16.467910051345825,6,11,10,1,8,-2,-12,-6,7,5,11,20,4,11,sorry
16.48400115966797,-1,8,-3,-3,8,0,-18,-4,-22,-10,0,2,-7,-7,sorry
16.48400115966797,0,5,-1,-2,0,-12,-16,-1,-30,-13,4,0,-13,-13,sorry
16.49972701072693,9,3,7,-3,-4,-15,-13,0,-13,-10,14,5,-7,0,sorry
16.49972701072693,3,-1,0,-8,-7,-12,-20,0,-7,-14,7,0,-5,-3,sorry
16.515230655670166,-1,0,0,-4,-3,-11,-27,-1,-13,-13,6,-3,-7,-15,sorry
16.515230655670166,7,12,0,6,1,-5,-13,-2,-6,-5,19,0,-2,-14,sorry
16.530913829803467,14,18,5,9,-1,-1,0,0,1,-1,19,1,0,-5,sorry
16.530913829803467,5,6,4,0,-8,-4,0,5,0,-4,8,0,-1,-4,sorry
16.546983003616333,0,-5,-1,-8,-5,-6,-1,1,-11,-13,5,-1,-3,-5,sorry
16.546983003616333,-1,0,4,-4,-3,0,-2,0,-22,-24,-1,-1,-7,-7,sorry
16.562456607818604,-10,1,-9,0,-7,4,-4,0,-22,-26,-23,-14,-19,-11,sorry
16.562456607818604,-16,-1,-11,-1,0,0,-10,-4,-21,-23,-26,-28,-22,-14,sorry
16.57811999320984,-8,9,2,4,13,3,-8,-1,-14,-4,0,-19,0,-5,sorry
16.57811999320984,-5,7,-2,12,16,14,1,3,-1,18,11,-8,18,6,sorry
16.594356536865234,-9,-3,4,16,15,22,10,4,5,21,-1,-11,9,11,sorry
16.594356536865234,-2,0,8,28,17,16,21,2,10,17,-9,-11,3,4,sorry
16.610079526901245,2,0,7,29,13,2,20,0,11,12,-9,-10,1,0,sorry
16.610079526901245,-1,-10,5,11,4,3,15,0,6,5,-4,-3,0,11,sorry
16.625098943710327,0,-10,-4,6,0,12,23,-1,8,19,7,11,16,31,sorry
16.625098943710327,4,-5,0,1,-3,8,23,-3,10,30,2,14,22,24,sorry
16.641173601150513,-4,-15,-6,-11,-9,-1,12,0,8,20,-13,4,3,5,sorry
16.641173601150513,-2,-18,-13,-19,-11,-1,12,0,13,14,-11,6,0,11,sorry
16.657100439071655,2,-7,-2,-24,-14,1,13,1,13,8,-11,14,2,11,sorry
16.657100439071655,0,-8,-6,-23,-15,-4,6,0,13,0,-21,15,-8,-1,sorry
16.67274832725525,7,-6,0,-13,-5,-10,-2,0,28,3,-8,23,0,0,sorry
16.67274832725525,17,7,5,-9,0,-8,-9,3,33,2,16,35,17,1,sorry
16.688279151916504,5,10,-2,-14,-7,-14,-20,0,5,-20,14,27,0,-18,sorry
16.688279151916504,-4,6,-9,-17,-8,-20,-27,-5,-17,-36,1,10,-18,-27,sorry
16.70397686958313,10,11,-3,-9,0,-13,-23,0,-7,-21,19,13,1,-8,sorry
16.70397686958313,21,20,19,0,2,-1,-18,5,3,3,43,26,20,10,sorry
16.719708919525146,0,13,4,2,-1,-5,-15,1,-5,7,22,4,1,0,sorry
16.719708919525146,-28,-5,-15,-5,0,-12,-15,-3,-22,-16,-17,-43,-25,-31,sorry
16.73507308959961,-27,-7,2,-2,7,5,-9,2,-17,-26,-20,-54,-23,-35,sorry
16.73507308959961,-5,0,5,16,14,15,0,0,-3,-7,5,-26,-4,-5,sorry
16.751089096069336,3,6,8,27,14,3,-2,-1,-14,-6,12,-8,-5,9,sorry
16.751089096069336,6,8,8,28,10,8,-2,0,-34,-17,-5,-15,-14,6,sorry
16.766688346862793,7,0,1,25,6,19,2,-5,-34,-11,-20,-18,-12,8,sorry
16.766688346862793,-1,-7,4,16,0,12,8,-2,-20,1,-15,-16,-9,3,sorry
16.782704830169678,-10,-10,-10,5,-7,4,13,4,2,14,-6,-25,-7,-4,sorry
16.782704830169678,-13,-6,-8,2,-3,8,15,-2,9,18,-8,-24,-3,0,sorry
16.798760652542114,-8,3,2,5,5,8,24,-5,1,19,-2,-3,8,8,sorry
16.798760652542114,1,-5,-7,-9,0,-1,30,1,13,21,5,5,18,12,sorry
16.814297914505005,5,-17,1,-21,-14,-4,15,5,36,16,-1,9,17,21,sorry
16.814297914505005,14,4,14,1,-7,-5,7,2,41,14,1,32,20,35,sorry
16.829988479614258,36,30,15,17,8,-13,3,0,25,15,21,45,26,31,sorry
16.829988479614258,33,19,2,-7,0,-17,-19,-4,0,-3,18,21,14,-2,sorry
16.84504508972168,0,0,-8,-24,-13,-21,-30,-4,-17,-20,9,5,4,-25,sorry
16.84504508972168,-16,0,-2,-17,-6,-19,-21,0,-15,-7,20,20,11,-19,sorry
16.861058712005615,-9,2,-7,-7,2,-7,-19,2,-8,3,18,23,9,-14,sorry
16.861058712005615,2,4,-2,3,5,7,-19,3,-7,0,0,12,-4,-5,sorry
16.876699209213257,2,5,6,9,12,13,-3,5,0,1,-5,4,-8,4,sorry
16.876699209213257,-15,-11,-3,0,13,9,8,1,-1,1,-15,-12,-16,-7,sorry
16.892730236053467,-29,-22,-4,-5,0,11,11,-1,-17,-10,-35,-36,-33,-22,sorry
16.892730236053467,-25,-18,-11,2,-6,15,17,-1,-14,-12,-34,-40,-25,-16,sorry
16.907976150512695,-16,-14,-7,6,0,19,24,-2,12,0,-21,-20,-10,-4,sorry
16.907976150512695,-4,-10,3,6,4,23,27,-3,18,5,-7,4,-6,7,sorry
16.92308282852173,9,-6,1,3,2,13,21,-3,6,5,2,15,0,20,sorry
16.92308282852173,10,-6,8,-11,-5,-3,5,-1,10,2,-4,14,8,21,sorry
16.938366889953613,6,-2,-2,-16,-13,-16,-4,1,25,2,-9,14,13,16,sorry
16.938366889953613,12,1,-9,-13,-18,-25,-10,2,18,1,3,6,11,12,sorry
16.953914165496826,13,0,0,-18,-14,-22,-18,4,6,0,11,-6,8,-2,sorry
16.953914165496826,-2,-1,-15,-19,-4,-10,-24,0,10,3,11,-16,5,-16,sorry
16.9691481590271,-14,4,-11,-14,0,-3,-22,0,9,2,16,-16,-7,-22,sorry
16.9691481590271,-4,11,1,-6,7,0,-3,4,0,-4,19,-6,-15,-23,sorry
16.984737396240234,14,19,8,8,18,0,10,1,-14,-10,10,6,0,-10,sil
16.984737396240234,20,28,18,22,11,0,-4,-3,-34,-22,-1,8,0,3,sil
17.000787496566772,12,17,10,24,0,-8,-25,-7,-48,-36,-7,2,-13,6,sil
17.000787496566772,10,3,16,13,0,-6,-22,-7,-46,-25,0,0,-5,5,sil
17.0168035030365,10,5,14,5,-1,1,-3,0,-21,5,13,1,8,8,sil
17.0168035030365,2,8,-2,16,0,5,6,6,12,25,23,7,15,7,sil
17.032328367233276,-4,8,4,33,9,10,7,4,21,31,25,14,19,7,sil
17.032328367233276,-9,0,0,27,5,11,12,-2,5,27,15,5,16,8,sil
17.048390865325928,-16,-6,-6,6,0,8,14,-3,3,13,0,-7,3,0,sil
17.048390865325928,-13,-7,0,6,5,17,15,2,14,0,-4,-5,-1,-8,sil
17.06397032737732,-3,-11,4,16,8,20,19,1,5,-7,-4,2,0,-2,sil
17.06397032737732,0,-10,4,5,2,3,10,-1,-13,-16,-19,7,-4,3,sil
17.07906460762024,-1,-8,-5,-10,-5,-13,-2,0,-6,-11,-28,0,-10,2,sil
17.07906460762024,-3,-13,-2,-16,-11,-13,-1,1,11,0,-19,-6,-8,0,sil
17.0956871509552,-6,-14,-4,-18,-5,1,3,-1,11,6,-9,-8,-6,-1,sil
17.0956871509552,-8,-12,-15,-22,-2,1,1,-3,2,6,-11,-14,-6,-5,sil
17.11106848716736,-8,-11,-9,-19,-7,-6,-1,-3,0,4,-15,-15,-4,-3,sil
17.11106848716736,0,-6,-13,-17,-2,-1,3,0,6,8,-5,-5,0,0,sil
17.126139640808105,3,0,-9,-18,3,3,3,9,17,10,1,-1,1,0,sil
17.126139640808105,-6,0,-6,-16,-1,-2,1,10,22,6,-11,-10,2,0,sil
17.141757011413574,-4,-1,-7,-16,-5,-4,-1,0,11,-4,-25,-13,-9,-4,sil
17.157232761383057,3,0,4,-22,0,0,-2,-5,-4,-19,-21,-5,-19,-5,sil
17.157232761383057,2,1,-2,-16,1,-11,-3,-3,-14,-24,-8,-3,-6,-2,sil
17.175209522247314,9,8,3,0,-2,-16,-10,0,-11,-12,10,4,8,4,sil
17.175209522247314,23,16,18,12,0,0,-11,2,8,9,37,27,19,16,sil
17.188820123672485,18,10,11,14,11,4,-3,0,19,21,47,35,27,17,sil
17.188820123672485,1,6,13,4,4,-9,-9,-3,0,6,34,16,16,-2,sil
17.188820123672485,0,15,3,4,-8,-9,-14,0,-11,-5,23,5,5,-19,sil
17.204747676849365,13,21,2,18,-1,0,-7,1,5,4,24,17,11,-8,sil
17.221423864364624,14,15,12,20,4,2,-9,2,6,7,19,18,4,0,sil
17.221423864364624,-3,2,4,20,0,3,-10,-1,-13,-8,1,-1,-15,-5,sil
17.221423864364624,-9,2,6,30,4,12,5,-5,-20,-10,-9,-6,-18,0,sil
17.23489236831665,-4,0,4,34,12,19,20,-4,-17,1,-8,-2,-5,13,sil
17.250975131988525,-9,-8,-3,18,2,11,13,-1,-30,-4,-8,-14,-8,5,sil
17.250975131988525,-18,-10,-7,-3,-3,3,0,2,-30,-19,-14,-17,-18,-10,sil
17.265114545822144,-17,-10,-13,-10,0,2,2,5,-2,-8,-20,-11,-12,-12,sil
17.265114545822144,-12,-12,-1,2,0,10,16,3,11,9,-25,-12,-5,-1,sil
17.2802677154541,-6,-13,-2,9,-6,13,29,2,17,18,-23,-13,-3,10,sil
17.2802677154541,-1,-15,-10,-10,-11,0,18,5,36,22,-16,-7,9,13,sil
17.297350645065308,4,-12,-1,-31,-11,-13,1,6,39,22,-5,2,29,10,sil
17.297350645065308,11,-6,-10,-28,-9,-16,-4,-1,12,9,9,13,28,13,sil
17.312239408493042,5,-7,-7,-30,-9,-12,-17,-8,-10,-20,7,11,4,3,sil
17.312239408493042,0,-8,-4,-35,-11,-19,-30,-8,-17,-44,-10,-4,-13,-18,sil
17.32789373397827,0,0,-5,-16,-7,-24,-26,-7,-24,-36,-11,-8,-13,-24,sil
17.32789373397827,2,14,8,4,5,-5,-12,-4,-23,-13,4,-1,-7,-20,sil
17.343031883239746,9,20,9,14,20,6,-6,-1,-2,1,20,0,0,-10,sil
17.343031883239746,19,22,13,21,24,-2,-8,1,14,15,25,8,9,7,sil
17.358866453170776,11,13,7,20,15,0,-4,4,9,23,13,10,3,6,sil
17.358866453170776,-10,-4,-6,2,0,9,6,0,-9,6,-7,-10,-15,-10,sil
17.373770475387573,-10,-1,2,-1,-1,14,10,1,-18,-4,-9,-13,-20,-2,sil
17.373770475387573,6,11,10,16,11,20,20,5,-2,10,6,6,-2,19,sil
17.38986563682556,5,4,9,20,14,24,37,3,15,24,0,5,9,23,sil
17.38986563682556,-14,-16,-6,-2,-2,17,31,0,19,21,-15,-13,6,14,sil
17.40537118911743,-16,-21,-15,-23,-15,0,7,-1,22,14,-4,-10,6,6,sil
17.40537118911743,4,0,0,-16,-14,-13,-9,0,23,1,7,8,12,6,sil
17.420958757400513,13,8,-7,0,-12,-14,-15,3,12,-9,9,15,10,5,sil
17.420958757400513,4,2,-6,1,-9,-9,-20,5,-3,-15,12,11,-1,-7,sil
17.436841249465942,-4,8,6,4,4,-5,-10,0,-12,-17,11,7,-9,-22,sil
17.436841249465942,-8,10,2,14,16,-2,-1,-7,-18,-15,5,1,-10,-19,sil
17.4517924785614,-14,0,5,14,10,3,-6,-1,-30,-6,0,-4,-15,-9,sil
17.4517924785614,-17,-7,-3,14,0,6,0,1,-21,5,-9,-12,-15,-1,sil
17.466926336288452,-8,-11,-3,8,-1,4,13,-4,4,11,-21,-15,-1,5,sil
17.466926336288452,8,-14,3,-8,-2,6,12,-3,17,9,-18,-8,12,12,sil
17.482507705688477,12,-12,-6,-20,-7,1,10,3,18,4,-12,0,14,12,sil
17.482507705688477,3,-8,-1,-19,-12,-7,8,4,19,0,-7,4,9,6,sil
17.498531579971313,4,-1,-1,-15,-9,-13,-3,-1,14,-2,6,9,11,0,sil
17.498531579971313,12,10,-2,-13,-6,-17,-18,-2,1,-9,15,14,8,-5,sil
17.513843536376953,13,14,9,-9,-7,-15,-22,1,-8,-16,16,19,6,-2,sil
17.513843536376953,7,5,7,-1,-5,-11,-20,-1,-12,-10,20,18,10,1,sil
17.52963399887085,0,8,8,0,2,-8,-21,-3,-10,-4,12,4,2,-6,sil
17.52963399887085,0,12,0,0,9,-2,-17,1,-5,-4,0,-6,-8,-14,sil
17.544864654541016,1,5,-2,13,9,2,-3,6,-5,0,4,-1,-7,-4,sil
17.544864654541016,-6,0,3,24,6,8,5,5,-4,4,3,-1,-4,0,sil
17.56048560142517,-10,-6,-6,15,7,8,6,0,-2,4,-12,-14,-10,-6,sil
17.56048560142517,-2,-9,1,9,12,12,11,-3,-13,0,-20,-14,-14,0,sil
17.576112031936646,0,-1,8,18,11,21,19,0,-24,0,-14,-6,-8,4,sil
17.576112031936646,-3,0,0,12,4,22,14,1,-15,0,-16,-9,-6,-2,sil
17.591724157333374,-1,-8,-3,-3,0,16,10,-3,-3,0,-18,-8,-9,1,sil
17.591724157333374,0,-11,-4,-7,-5,3,15,-4,2,3,-16,-5,-4,15,sil
17.607731103897095,-2,-6,-2,-10,-10,0,20,1,15,14,-14,-9,0,15,sil
17.607731103897095,-3,-1,-11,-9,-2,11,23,6,33,19,-8,-14,-2,6,sil
17.62378716468811,-7,0,-9,-6,5,7,15,0,36,17,1,-11,3,5,sil
17.638915300369263,-6,0,5,-11,-2,-13,-7,-2,26,14,11,0,15,4,sil
17.638915300369263,0,-3,-3,-14,-13,-26,-21,-1,9,2,21,13,16,2,sil
17.638915300369263,3,0,1,-12,-9,-19,-18,0,-1,-14,27,23,13,3,sil
17.654974937438965,2,8,3,-11,1,-9,-13,-1,0,-14,24,19,10,-5,sil
17.671091556549072,5,10,-6,-5,0,-17,-21,-3,-4,-10,18,12,0,-20,sil
17.671091556549072,11,16,9,-2,-7,-25,-30,-2,-21,-23,16,13,-8,-18,sil
17.671091556549072,16,22,10,5,0,-15,-19,-1,-23,-22,21,16,-3,-3,sil
17.687091588974,14,22,9,19,13,1,-4,2,-13,-7,17,16,0,1,sil
17.687091588974,1,11,6,23,14,14,0,6,-9,0,3,9,-1,2,sil
17.702181577682495,-3,-2,1,18,14,21,11,1,-3,11,-7,-3,-1,7,sil
17.702181577682495,0,-7,6,17,12,19,18,1,-1,17,-21,-14,-6,0,sil
17.71768617630005,-11,-14,-6,10,-3,10,10,3,-9,8,-37,-31,-12,-13,sil
17.71768617630005,-27,-26,-9,-4,-16,12,8,3,-7,2,-42,-35,-7,-12,sil
17.733125925064087,-19,-26,-5,-11,-12,16,21,-1,9,10,-27,-15,4,0,sil
17.733125925064087,-6,-23,-15,-13,-8,8,22,-5,17,13,-14,-11,7,4,sil
17.7492253780365,-8,-18,-9,-15,-5,4,9,0,11,6,-14,-18,1,2,sil
17.7492253780365,-6,-5,-9,-9,-6,-3,4,5,13,3,-4,-3,6,4,sil
17.765223503112793,5,3,0,-4,-3,-18,-1,-2,16,-1,15,14,13,11,sil
17.765223503112793,17,8,14,0,7,-11,-7,-4,17,4,26,23,17,18,sil
17.780893802642822,23,10,6,1,9,-3,-3,2,25,21,31,30,23,19,sil
17.780893802642822,20,17,7,-4,-2,-14,-9,0,16,4,30,33,16,14,sil
17.796096563339233,19,22,6,1,0,-16,-14,-7,-6,-21,23,28,4,11,sil
17.812753200531006,22,18,7,6,8,-8,-15,-7,-25,-23,16,26,-3,2,sil
17.812753200531006,4,5,4,-11,-2,-11,-27,-1,-39,-32,0,6,-23,-22,sil
17.812753200531006,-20,-1,-12,-13,-11,-12,-28,-3,-42,-51,-20,-25,-40,-35,sil
17.827088356018066,-18,3,-1,2,2,1,-13,-3,-34,-41,-22,-29,-36,-23,sil
17.84405779838562,-9,3,0,4,7,9,-1,0,-22,-16,-17,-16,-22,-14,sil
17.84405779838562,-9,0,-4,5,1,6,6,4,-5,3,-15,-12,-8,-8,sil
17.84405779838562,-8,0,6,17,3,15,11,7,8,21,-8,-14,0,1,sil
17.859169960021973,-11,-7,0,16,6,20,8,6,10,28,-3,-21,0,3,sil
17.859169960021973,-10,-14,5,6,5,16,12,4,17,33,0,-15,4,4,sil
17.87394618988037,-1,-5,3,12,5,13,21,5,29,40,8,-4,15,13,sil
17.89207434654236,-7,-6,-10,7,0,8,16,1,25,31,4,-12,7,5,sil
17.89207434654236,-15,-12,-7,-9,-8,5,16,2,18,21,-3,-14,3,-8,sil
17.906092643737793,0,-8,-7,-12,-3,6,21,5,24,24,-2,1,9,1,sil
17.906092643737793,11,-2,-4,-9,3,3,15,0,19,17,-9,5,7,13,sil
17.906092643737793,9,-4,-5,-11,-1,-4,9,-4,6,4,-9,1,12,7,sil
17.9215247631073,10,-5,-3,-10,-8,-13,3,-3,0,-5,8,13,24,5,sil
17.9215247631073,10,0,1,-10,-11,-11,-9,-1,-5,-18,10,23,13,2,sil
17.937066555023193,5,1,-2,-15,-14,-16,-21,-2,-10,-22,3,19,0,-3,sil
17.937066555023193,12,8,15,-15,-9,-26,-24,-1,-13,-18,15,23,6,0,sil
17.953129529953003,21,13,18,0,0,-21,-15,-2,-13,-21,22,26,6,3,sil
17.953129529953003,14,9,1,9,2,-5,-8,-5,-10,-29,14,16,-4,-3,sil
17.968499660491943,9,20,10,13,7,1,-12,0,-13,-25,13,19,-1,0,sil
17.98514175415039,8,29,9,26,13,0,-9,-1,-20,-13,8,16,0,2,sil
17.98514175415039,-6,13,3,24,7,-1,-7,-6,-28,-20,-13,-15,-25,-8,sil
17.98514175415039,-27,0,-7,10,4,4,-8,-1,-20,-27,-27,-38,-36,-17,sil
18.000691652297974,-19,2,-13,15,17,19,6,7,1,2,-18,-26,-8,-3,sil
18.000691652297974,1,4,5,20,20,30,27,8,16,35,-1,-10,11,14,sil
18.01454496383667,0,-8,-3,2,6,20,28,0,17,34,1,-13,2,19,sil
18.031095027923584,-16,-25,-15,-15,-12,0,14,-4,12,26,-11,-20,-5,10,sil
18.031095027923584,-22,-29,-10,-23,-19,-4,3,-1,9,26,-19,-18,-2,-3,sil
18.045135259628296,-11,-19,-12,-22,-7,0,-2,1,19,16,0,0,1,-2,sil
18.045135259628296,5,-6,2,-14,2,-1,-3,3,31,10,17,20,10,9,sil
18.060667514801025,11,-7,2,-11,-2,-12,0,0,25,11,18,20,20,3,sil
18.060667514801025,8,-1,0,-17,-9,-23,-8,-5,0,-6,11,12,15,-12,sil
18.076709747314453,16,16,6,-10,-8,-20,-20,-4,-14,-22,11,19,1,-10,sil
18.076709747314453,17,16,7,2,-6,-11,-23,-1,-14,-11,13,17,-4,-8,sil
18.09983968734741,-6,7,11,1,-2,-1,-22,-1,-23,-11,1,-1,-14,-21,sil
18.09983968734741,-19,3,-1,3,6,5,-11,1,-30,-18,-6,-19,-20,-24,sil
18.09983968734741,-10,-1,-7,14,10,12,0,3,-19,-10,-4,-23,-16,-10,sil
18.107919931411743,-7,-3,1,20,3,21,6,0,-10,-4,-15,-22,-12,-2,sil
18.12406301498413,-9,-4,0,16,0,22,23,0,-9,-5,-32,-17,-10,0,sil
18.12406301498413,-10,-9,2,4,1,14,35,7,0,3,-20,-3,0,11,sil
18.1397647857666,-6,-10,-8,-3,1,8,22,3,5,12,-2,0,8,15,sil
18.1397647857666,4,-3,-7,-1,-2,0,6,-4,1,0,-14,-7,2,5,sil
18.15504574775696,11,-2,5,-4,-4,-5,2,0,13,-2,-17,-9,3,0,sil
18.15504574775696,11,-5,-1,-12,0,-3,3,3,33,14,8,0,15,13,sil
18.17004680633545,18,8,7,-1,5,2,7,3,40,21,20,16,25,26,sil
18.17004680633545,17,23,8,16,6,-3,7,-1,34,9,11,25,27,21,sil
18.184926509857178,8,12,-3,1,-1,-18,-12,-7,7,-3,10,16,11,4,sil
18.184926509857178,7,0,0,-18,-7,-13,-20,-2,-16,-6,17,9,-4,-4,sil
18.20010447502136,9,8,2,-3,3,-3,0,1,-13,-3,20,18,0,0,sil
18.20010447502136,4,18,11,8,9,-8,-4,-1,-20,-13,12,21,1,-3,sil
18.215298414230347,0,5,0,-1,-8,-19,-30,-1,-38,-22,6,6,-12,-12,sil
18.215298414230347,-4,-6,-10,-7,-20,-16,-32,0,-31,-17,5,-5,-16,-9,sil
18.2309250831604,-10,-1,4,1,-9,0,-14,-2,-14,-10,-1,-6,-12,-7,sil
18.2309250831604,-9,-2,4,15,0,15,6,0,-3,5,-11,-8,-8,-7,sil
18.245959043502808,-14,-9,-2,19,4,23,26,2,4,21,-19,-13,-7,-1,sil
18.245959043502808,-22,-15,-14,5,11,26,35,2,8,22,-22,-16,-7,1,sil
18.26251220703125,-16,-20,-15,-12,7,16,24,1,18,24,-11,-12,2,4,sil
18.26251220703125,-2,-10,6,-16,-1,0,0,0,29,24,3,-1,17,10,sil
18.277162075042725,3,0,-2,-10,-1,-13,-16,0,19,11,12,10,19,7,sil
18.277162075042725,9,4,0,-10,4,-16,-15,2,2,-2,19,18,12,1,sil
18.29312252998352,18,14,14,-4,7,-5,0,3,7,-8,22,11,10,3,sil
18.29312252998352,21,16,11,3,3,-3,7,-1,11,-12,15,1,4,0,sil
18.308734893798828,9,8,6,-1,0,-12,-6,-1,-1,-18,6,0,-7,-16,sil
18.308734893798828,0,8,-4,2,2,-7,-5,2,-5,-21,0,-8,-12,-21,sil
18.323883056640625,4,12,6,21,8,5,3,0,0,-15,-4,-12,-7,-7,sil
18.323883056640625,0,0,5,11,3,3,-2,-7,-16,-10,-12,-10,-12,-5,sil
18.339184999465942,-23,-17,-22,-13,-6,-2,-13,-8,-35,-16,-26,-24,-24,-15,sil
18.339184999465942,-25,-15,-16,-8,-11,5,-5,-1,-30,-13,-28,-28,-22,-10,sil
18.35596537590027,-10,-7,-4,11,-9,13,5,2,-10,7,-18,-7,-7,6,sil
18.35596537590027,-6,-9,0,4,-5,12,2,5,-5,12,-9,3,2,10,sil
18.37101984024048,-10,-11,-3,-5,-3,14,5,4,-5,0,-5,2,2,3,sorry
18.37101984024048,-9,-8,-7,1,-2,11,8,-4,0,-1,-11,2,-3,2,sorry
18.38540816307068,4,4,10,10,1,7,5,0,10,12,-3,11,4,15,sorry
18.40209484100341,20,11,8,7,11,9,14,9,22,33,23,24,24,29,sorry
18.40209484100341,9,-3,0,-8,8,2,14,0,18,25,17,23,14,16,sorry
18.40209484100341,-9,-9,1,-19,-11,-14,0,-8,6,-3,-10,2,-3,-4,sorry
18.418150424957275,0,1,-2,-6,-17,-12,1,0,14,-2,0,-4,9,1,sorry
18.418150424957275,11,5,7,-4,-3,-3,6,3,20,12,15,6,20,9,sorry
18.43280482292176,5,-3,0,-13,0,-17,-8,-3,5,5,4,3,4,-5,sorry
18.43280482292176,6,3,-2,-1,0,-23,-20,-3,-1,-5,3,-1,1,-11,sorry
18.4489381313324,12,17,7,4,7,-6,-14,1,3,-5,16,4,6,-6,sorry
18.4489381313324,5,6,-1,-12,2,-10,-12,-2,-6,-11,5,0,-7,-14,sorry
18.464991569519043,2,1,3,-12,-9,-20,-15,-2,-12,-19,-8,-2,-17,-17,sorry
18.464991569519043,14,15,6,12,-3,-7,-6,3,1,-7,6,4,-2,-2,sorry
18.481059312820435,20,19,7,18,10,1,0,4,4,0,23,6,9,11,sorry
18.481059312820435,16,17,17,13,12,-1,1,3,-4,-6,19,4,9,11,sorry
18.49673843383789,5,7,-1,19,9,7,4,0,-4,-7,9,1,1,0,sorry
18.49673843383789,-8,-4,-3,16,9,21,2,0,-9,-7,0,-4,-14,-6,sorry
18.510780572891235,-17,-4,-3,9,9,19,0,0,-21,-5,-8,-7,-16,0,sorry
18.52673482894897,-18,-7,-9,6,2,10,4,0,-22,0,-9,-12,-8,1,sorry
18.52673482894897,-17,-16,-2,0,-9,11,8,3,-18,0,-9,-12,-7,0,sorry
18.54385495185852,-13,-15,-6,1,-9,13,13,2,-1,7,-3,-1,1,6,sorry
18.54385495185852,-8,-9,-6,6,3,14,18,-3,17,17,-1,0,11,8,sorry
18.56092500686645,-14,-14,-7,0,6,17,18,-4,15,12,-18,-18,-3,-1,sorry
18.56092500686645,-25,-24,-17,-13,-5,8,8,-2,3,6,-34,-26,-19,-7,sorry
18.56092500686645,-20,-18,-8,-14,-12,-1,-1,0,4,6,-25,-9,-10,-4,sorry
18.574769496917725,-2,-9,2,-13,-8,-1,-2,3,21,14,-6,3,4,1,sorry
18.59180927276612,1,-7,0,-22,-2,-4,0,0,31,15,-6,0,7,0,sorry
18.59180927276612,3,-3,-10,-24,-1,-13,-4,-3,21,0,-11,-2,7,-7,sorry
18.59280824661255,18,7,-2,-11,-4,-16,-3,-1,13,-1,10,15,19,0,sorry
18.60941481590271,31,13,16,-1,0,-15,0,0,12,9,31,28,27,7,sorry
18.60941481590271,25,10,4,-6,5,-19,-8,0,-5,-2,19,16,15,0,sorry
18.62222504615784,16,17,7,-7,0,-22,-16,-1,-28,-22,10,12,0,0,sorry
18.63870882987976,12,22,11,0,-6,-18,-10,-2,-25,-16,21,19,-4,0,sorry
18.63870882987976,8,12,3,3,-5,-12,-10,0,-19,-16,22,16,-8,-1,sorry
18.653802394866943,5,13,12,12,-1,-6,-21,5,-14,-16,19,17,-6,1,sorry
18.653802394866943,0,18,8,19,4,0,-22,5,-6,-2,14,15,-2,1,sorry
18.670088291168213,-6,10,2,12,8,8,-13,-2,-13,-8,0,-1,-11,-11,sorry
18.670088291168213,-6,8,2,16,11,19,2,-4,-19,-14,-3,-15,-17,-13,sorry
18.670088291168213,-6,8,-2,33,13,21,11,-4,-16,0,-8,-17,-13,-5,sorry
18.687737703323364,-12,0,2,25,6,17,6,2,-12,-1,-24,-21,-16,-2,sorry
18.687737703323364,-15,-12,-4,7,5,20,21,10,1,-2,-20,-19,-17,4,sorry
18.69976568222046,-13,-16,-1,7,7,24,40,12,18,16,-11,-13,-6,11,sorry
18.71585464477539,-7,-12,3,12,-3,16,21,6,23,27,-14,-12,7,10,sorry
18.71585464477539,0,-9,-9,0,-9,4,7,-3,32,29,0,-10,22,16,sorry
18.731005668640137,3,-14,-3,-16,0,0,18,-5,30,27,3,-3,24,19,sorry
18.731005668640137,0,-20,-5,-12,0,-2,16,-1,13,15,-13,-7,13,10,sorry
18.74618077278137,-7,-18,-15,-13,-8,-12,-1,-3,6,-5,-24,-19,-1,-2,sorry
18.74618077278137,-17,-19,-9,-35,-15,-14,-9,-6,2,-19,-20,-16,-9,-18,sorry
18.762179136276245,-6,-17,-11,-35,-8,-8,-4,-1,-2,-12,-7,2,0,-14,sorry
18.762179136276245,15,-1,4,-10,0,-4,-7,2,-1,-6,3,17,7,4,sorry
18.777626991271973,17,6,7,0,-4,-11,-15,1,-7,-13,5,14,4,2,sorry
18.777626991271973,11,6,1,-2,-5,-16,-13,3,-12,-6,10,13,5,-5,sorry
18.79404330253601,15,12,2,-7,-1,-6,-6,2,-3,7,20,19,9,-2,sorry
18.79404330253601,5,5,-6,-16,-7,-5,-12,-11,-3,-4,14,12,0,-11,sorry
18.809131622314453,-4,2,1,-12,-8,-8,-22,-10,-12,-22,10,10,-2,-18,sorry
18.809131622314453,6,17,4,5,8,-1,-8,6,1,-6,22,19,6,0,sorry
18.82512092590332,12,22,3,13,13,0,0,7,4,1,23,17,0,7,sorry
18.82512092590332,-3,15,9,7,0,-5,-12,2,-18,-11,11,3,-12,-6,sorry
18.84034442901612,-11,6,0,8,0,-1,-11,1,-12,0,8,-1,-6,-3,sorry
18.84034442901612,0,4,7,15,14,8,8,0,16,27,8,0,5,11,sorry
18.8563199043274,9,11,12,21,14,17,18,0,15,26,2,-1,9,11,sorry
18.8563199043274,6,8,3,21,8,7,7,1,-7,7,0,-10,1,0,sorry
18.87209296226501,-3,-3,9,13,12,0,-4,0,-17,-2,-2,-9,-10,-1,sorry
18.87209296226501,-8,-8,-5,7,5,3,0,-2,-9,0,-8,-2,-10,0,sorry
18.88713932037353,-4,-2,-5,4,-5,4,7,0,0,1,-7,-8,-7,-2,sil
18.88713932037353,-2,-3,0,1,-5,0,4,2,3,-1,-7,-19,-12,-5,sil
18.903043508529663,-12,-12,-11,-3,-7,-2,0,-4,0,-8,-15,-17,-10,-4,sil
18.903043508529663,-15,-14,-5,-7,-13,1,-4,-4,-6,-13,-20,-1,-5,0,sil
18.918717861175537,-6,-8,-2,0,-9,4,2,3,-7,-9,-11,-3,-5,0,sil
18.918717861175537,-5,-7,-5,0,-3,4,15,3,-1,1,-13,-18,-5,0,sil
18.934173107147217,-9,-8,-4,-6,1,11,21,-1,9,7,-18,-6,-1,0,sil
18.934173107147217,6,0,2,0,9,13,18,0,21,5,-3,15,6,7,sil
18.950255155563354,23,9,14,2,6,6,9,2,16,3,8,17,17,15,sil
18.950255155563354,10,0,0,-11,0,2,9,1,6,3,0,3,16,10,sil
18.96624493598938,-7,-9,-9,-18,-3,3,9,-2,6,3,-9,-2,8,2,sil
18.96624493598938,-5,-2,1,-1,-4,0,0,-3,12,12,4,4,11,6,sil
18.98178505897522,-1,4,2,1,-2,-11,-11,-3,6,6,11,7,11,11,sil
18.98178505897522,-2,0,-1,-12,0,-14,-18,0,-6,-14,-4,-2,0,-3,sil
18.997753858566284,2,-1,-6,-7,2,-7,-11,0,-5,-6,-1,-4,-1,-14,sil
18.997753858566284,12,5,5,10,6,-3,-7,-3,1,6,10,8,1,-2,sil
19.01310539245605,10,5,8,8,0,-7,-17,0,-3,-6,2,1,-3,2,sil
19.01310539245605,5,-1,-10,-1,-8,-13,-17,0,-9,-10,0,-12,-10,-6,sil
19.028731107711792,4,-2,-2,-7,-4,-12,-6,-1,-13,-5,8,-3,-14,-14,sil
19.028731107711792,-4,-9,-6,-19,-9,-10,-7,0,-20,-18,-1,-2,-15,-12,sil
19.043811559677124,-12,-11,-8,-22,-15,-5,-12,2,-17,-17,-9,-7,-11,-5,sil
19.043811559677124,0,0,11,-4,-2,0,-1,4,1,4,3,8,-1,0,sil
19.058968544006348,9,8,8,5,3,-3,5,4,7,9,12,14,4,0,sil
19.058968544006348,0,5,6,0,1,0,1,1,1,4,17,9,10,0,sil
19.075050354003903,-2,6,3,0,11,9,7,0,10,13,28,17,22,8,sil
19.075050354003903,3,11,3,9,17,8,10,3,15,16,23,19,22,7,sil
19.091065168380737,1,11,7,8,2,3,-2,0,-3,-2,7,4,-1,-10,sil
19.091065168380737,-3,4,-2,13,-5,4,-3,-6,-17,-9,1,-4,-13,-16,sil
19.10674262046814,-5,3,2,23,3,10,4,-1,-8,1,0,-2,-3,3,sil
19.10674262046814,-6,6,-1,17,9,15,7,6,5,7,-1,-4,1,9,sil
19.122100353240967,-1,1,-7,4,2,9,2,2,8,3,-3,-9,0,0,sil
19.122100353240967,0,-2,6,5,4,8,3,0,6,2,-13,-10,0,5,sil
19.13815116882324,-8,-4,-3,11,11,9,8,-1,3,6,-23,-16,-3,12,sil
19.13815116882324,-13,-2,-6,9,1,5,9,-2,-3,1,-27,-19,-12,4,sil
19.152673959732056,-1,2,0,14,-2,8,17,-1,-3,0,-24,-12,-9,0,sil
19.152673959732056,7,-1,0,14,5,10,21,0,12,8,-10,-5,1,7,sil
19.16824507713318,5,-7,6,0,0,0,9,0,21,12,-1,-1,7,15,sil
19.16824507713318,3,-4,-3,-9,-10,-11,3,-1,15,7,-2,0,6,10,sil
19.18481421470642,1,-7,-9,-18,-7,-14,-2,-6,11,-2,-8,0,0,-6,sil
19.18481421470642,0,-14,-12,-33,-11,-14,-22,-3,4,-10,-8,1,-7,-16,sil
19.200183868408203,2,-16,-12,-43,-24,-25,-35,-2,-13,-17,2,10,-2,-8,sil
19.200183868408203,7,-7,2,-39,-22,-31,-34,0,-22,-27,14,17,4,-9,sil
19.216134071350098,4,3,3,-15,-3,-21,-25,2,-16,-25,14,13,0,-17,sil
19.216134071350098,2,12,6,5,10,-2,-12,2,-15,-7,13,8,-4,-8,sil
19.23178648948669,1,8,5,5,12,8,0,1,-14,-2,14,4,-3,-1,sil
19.23178648948669,-1,0,0,5,9,7,10,1,-7,-7,5,-1,-4,-8,sil
19.2473418712616,-2,-3,13,17,4,8,23,2,-8,0,-2,-3,-2,0,sil
19.2473418712616,0,-4,7,20,3,14,29,4,-4,9,-3,-3,0,17,sil
19.263864994049072,-3,-5,0,7,3,12,19,1,4,8,-5,-9,-3,5,sil
19.263864994049072,-11,2,1,2,3,10,15,-1,2,18,-1,-11,0,-6,sil
19.27908229827881,-7,7,-4,12,3,10,15,0,5,28,7,-5,13,8,sil
19.27908229827881,-1,0,-1,4,-4,7,3,3,22,15,0,0,11,14,sil
19.295158863067627,0,-7,-8,-14,-9,0,-8,0,30,9,-2,2,8,4,sil
19.295158863067627,10,6,0,-6,0,-5,-13,1,20,14,20,19,22,14,sil
19.311064958572388,25,30,16,17,12,-4,-8,-1,6,2,35,33,27,19,sil
19.311064958572388,16,28,8,15,12,-7,-4,-8,-11,-14,20,19,5,-2,sil
19.32671022415161,-2,12,6,2,2,-4,-17,-5,-26,-21,5,-1,-16,-22,sil
19.32671022415161,-15,1,-2,8,-2,0,-24,0,-26,-20,-5,-14,-23,-21,sil
19.341933727264404,-19,-3,-10,13,0,-2,-12,-5,-24,-19,-32,-26,-30,-16,sil
19.341933727264404,-14,-10,-4,6,2,10,0,-4,-19,-10,-42,-30,-27,-11,sil
19.357329607009888,-8,-19,-9,1,0,20,10,0,5,9,-21,-21,-3,0,sil
19.357329607009888,-3,-17,-4,-9,-5,5,20,7,33,25,-13,-5,9,10,sil
19.373929977416992,1,-10,-7,-18,-9,-1,23,6,40,19,-18,1,2,12,sil
19.373929977416992,4,-12,-5,-22,-8,2,17,3,27,9,-14,0,-1,9,sil
19.38910484313965,5,-15,2,-19,-7,-6,7,5,12,6,-4,5,1,5,sil
19.38910484313965,7,-11,-7,-15,-7,-21,0,3,4,-5,10,15,5,2,sil
19.4048445224762,5,0,3,-14,-7,-11,-6,0,-1,-18,24,18,8,1,sil
19.4048445224762,9,12,7,-2,-1,-2,-11,1,-2,-9,21,15,13,3,sil
19.420405626297,15,11,0,10,3,-10,-10,3,-1,-1,14,13,17,3,sil
19.420405626297,12,14,13,4,6,-8,-10,0,-9,-6,22,17,15,0,sil
19.436350107193,4,19,5,2,8,-5,-15,-6,-17,-9,26,12,5,-1,sil
19.436350107193,-1,14,-1,6,4,-10,-23,-5,-22,-16,4,-5,-11,-7,sil
19.451915979385376,-10,1,-2,2,0,-6,-22,-1,-26,-22,-16,-20,-25,-17,sil
19.451915979385376,-16,-2,-1,7,1,2,-13,0,-23,-14,-14,-22,-27,-19,sil
19.46737003326416,-15,1,5,17,7,10,-8,0,-25,-5,-7,-16,-20,-14,sil
19.46737003326416,-8,-2,-4,8,6,12,-2,-2,-32,-3,-13,-14,-14,-11,sil
19.48297429084778,-5,-13,-4,-4,0,10,6,-4,-27,-3,-16,-13,-14,-2,sil
19.48297429084778,-5,-10,3,1,0,15,25,-1,0,12,0,1,0,10,sil
19.498571157455444,4,2,6,15,12,22,37,3,29,41,15,19,24,22,sil
19.498571157455444,13,6,13,16,9,17,35,5,35,48,9,17,25,23,sil
19.51379108428955,1,-8,-1,7,-6,3,26,2,29,26,-3,0,11,12,sil
19.51379108428955,-11,-18,-8,-7,-9,0,18,3,30,14,-12,-9,3,3,sil
19.529884576797485,-10,-8,-6,-13,0,10,13,7,37,22,-7,-4,10,4,sil
19.529884576797485,-1,-3,-8,-9,-2,5,12,0,33,17,3,0,15,7,sil
19.543948888778687,1,-5,-1,-16,-14,-10,3,-6,13,-7,-3,-4,2,1,sil
19.561172008514404,-2,-2,-8,-20,-15,-17,-7,-2,0,-20,-13,-9,-3,-8,sil
19.561172008514404,0,4,-5,-10,-1,-9,-13,0,0,-16,0,0,4,-5,sil
19.561172008514404,13,8,4,-1,6,-8,-16,-1,0,-14,16,15,10,0,sil
19.574844121932983,23,11,2,1,5,-14,-24,0,-3,-14,21,26,11,0,sil
19.59071588516236,24,19,16,6,3,-13,-25,5,-10,-15,18,32,5,-5,sil
19.59071588516236,14,16,5,3,0,-19,-23,1,-18,-21,8,16,-3,-8,sil
19.60828137397766,0,4,-6,-5,-5,-30,-27,-8,-24,-25,1,-3,-10,-9,sil
19.60828137397766,0,6,3,-1,0,-18,-23,-7,-22,-17,5,0,-10,-4,sil
19.621875762939453,2,9,1,7,8,0,-6,0,-15,-7,9,7,-10,0,sil
19.621875762939453,-6,4,1,6,6,7,0,1,-17,-10,0,-4,-12,-8,sil
19.63779020309448,-9,-4,0,4,-1,14,0,0,-19,-8,-15,-19,-14,-14,sil
19.63779020309448,-11,-10,0,6,-3,21,5,3,-9,2,-19,-18,-11,-3,sil
19.653204202651978,-22,-7,-1,7,2,26,13,5,-4,7,-15,-14,-9,0,sil
19.653204202651978,-22,-7,-10,6,8,20,14,1,-9,4,-17,-22,-16,-5,sil
19.668412446975708,-8,-8,0,8,7,17,13,0,-5,9,-20,-24,-15,3,sil
19.668412446975708,-2,-5,3,12,8,20,18,2,8,25,-9,-11,4,22,sil
19.684134244918823,-4,-7,1,7,5,11,24,2,17,30,-1,-8,13,24,sil
19.684134244918823,-2,-9,0,0,-1,3,22,2,19,22,-5,-11,0,9,sil
19.69975614547729,1,-8,-9,-1,-4,0,13,-2,25,22,-1,-4,-4,4,sil
19.69975614547729,-2,-9,-1,-13,-10,-8,4,-4,28,20,1,0,-1,5,sil
19.71526908874512,-11,-17,-5,-25,-15,-7,2,0,28,11,-1,-6,0,-2,sil
19.71526908874512,0,-11,-7,-13,-10,0,4,0,22,5,6,5,-1,-3,sil
19.7308087348938,26,13,10,6,2,-8,0,0,11,-2,23,37,-1,7,sil
19.7308087348938,26,17,0,-2,3,-19,-12,2,-1,-12,23,35,29,2,sil
19.746071338653564,10,4,2,-27,-10,-20,-27,0,-8,-17,12,12,69,-10,sil
19.746071338653564,13,8,7,-20,-15,-22,-27,-2,-9,-20,12,16,48,-5,sil
19.76151466369629,14,14,0,-1,-4,-20,-14,0,-13,-26,14,28,0,-1,sil
19.76151466369629,-4,3,3,-3,-1,-6,-9,0,-19,-28,0,15,-15,-18,sil
19.77715229988098,-12,1,0,0,0,-2,-8,-1,-16,-21,-9,2,-13,-23,sil
19.77715229988098,0,16,5,20,8,-2,-5,3,-12,-7,3,9,-12,-2,sil
19.792813539505005,-3,14,1,22,9,4,-6,5,-14,2,6,4,-7,3,sil
19.792813539505005,-17,-4,-11,8,6,10,-2,-5,-19,-1,-9,-15,-18,-9,sil
19.80803084373474,-10,-2,2,7,8,14,7,-7,-13,-5,-12,-24,-27,-6,sil
19.80803084373474,3,1,4,14,8,17,12,0,0,4,-2,-23,-13,5,sil
19.8240430355072,9,1,7,18,8,15,12,4,4,14,-3,-10,0,9,sil
19.8240430355072,11,5,10,20,8,16,18,5,9,18,-4,-1,7,13,sil
19.839258670806885,6,0,-3,9,5,11,18,1,23,21,2,-11,9,14,sil
19.839258670806885,-1,-5,-2,-5,4,7,10,0,19,11,0,-18,3,4,sil
19.855141401290894,-6,-6,-5,-8,0,0,3,-1,2,0,-11,-16,0,2,sil
19.855141401290894,-7,-11,-5,-11,-10,-9,-2,-2,-5,-2,-14,-17,-1,8,sil
19.87062692642212,-5,-8,-2,-9,-8,-2,-4,-4,-8,4,-3,-8,-3,2,sil
19.87062692642212,0,0,-5,2,-2,3,-6,-8,-8,3,1,9,0,0,sil
19.88603115081787,-1,-1,5,-3,-6,-8,-14,-4,0,-2,3,20,1,4,sil
19.88603115081787,-6,-8,-2,-17,-3,-11,-13,3,7,0,8,19,1,0,sil
19.902074575424194,-9,-13,-7,-16,-1,0,-2,4,-1,1,0,6,-5,-7,sil
19.902074575424194,-5,-12,-4,-13,-10,0,3,4,-1,-7,-11,-1,-13,-7,sil
19.91817235946656,3,-5,-8,-6,-7,-1,6,5,15,-4,-4,1,-6,-3,sil
19.91817235946656,6,1,5,1,4,0,8,7,16,5,-2,5,1,3,sil
19.93400859832764,0,1,6,3,4,-3,7,0,5,4,-3,4,7,7,sil
19.93400859832764,0,2,-1,2,0,-6,3,-3,6,0,5,4,11,-3,sil
19.94897961616516,0,6,-4,-2,-1,-2,0,2,9,0,6,-2,1,-12,sil
19.94897961616516,-2,2,-10,-7,-8,-7,1,0,4,-5,0,-10,-6,-7,sil
19.965128660202023,5,10,8,6,-9,-5,-1,-5,-1,-11,6,2,1,-5,sil
19.965128660202023,12,18,10,19,3,0,-12,-1,-8,-8,13,11,14,-7,sil
19.98091101646424,5,12,1,6,10,-5,-21,-1,-23,-6,12,0,6,0,sil
19.98091101646424,5,9,9,4,8,-1,-9,-3,-33,-7,10,-1,-2,6,sil
19.996093034744263,12,8,6,17,7,5,1,0,-16,0,9,9,5,8,sil
19.996093034744263,2,0,2,0,-2,3,-8,4,0,0,-1,3,3,3,sil
20.011670112609863,-20,-14,-7,-23,-11,0,-12,1,-3,-6,-26,-18,-16,-9,sil
20.011670112609863,-19,-17,-10,-16,-3,1,5,0,-1,3,-29,-22,-16,-12,sil
20.027785301208496,2,0,6,4,5,9,19,5,16,25,5,0,6,6,sil
20.027785301208496,4,9,3,13,10,9,13,7,25,26,29,15,17,15,sil
20.043795585632324,-8,3,1,4,11,3,3,0,3,-1,7,5,0,-2,sil
20.043795585632324,-4,0,0,1,9,10,8,-5,-7,-11,-9,-6,-9,-8,sil
20.059483289718628,0,-3,-3,4,6,11,10,-3,1,0,-8,-10,-8,4,sil
20.059483289718628,-4,-10,-1,0,0,-1,-4,-1,0,-6,-16,-5,-7,3,sil
20.07509636878968,5,-4,-3,3,0,-3,-4,-2,-4,-8,-8,7,5,5,sil
20.07509636878968,26,14,15,15,4,4,14,0,14,8,12,16,15,22,sil
20.09023928642273,15,7,6,4,0,2,13,1,22,7,6,3,2,11,sil
20.09023928642273,-6,-13,-17,-8,-6,-7,0,-2,4,-2,-9,-3,-7,-11,sil
20.11402988433838,0,-4,1,-4,-3,-4,0,1,1,7,0,7,1,-4,sil
20.11402988433838,10,2,1,-6,-9,-1,4,3,3,8,9,10,8,4,sil
20.11402988433838,2,-10,-7,-20,-25,-11,-11,-4,-10,-8,-1,2,1,-1,sil
20.12151837348938,-12,-11,-5,-19,-21,-18,-25,-5,-16,-11,-9,-5,-6,-7,sil
20.13705992698669,-23,-4,-16,-11,-8,-11,-15,0,-3,-3,-8,-20,-12,-15,sil
20.13705992698669,-14,-1,-9,-5,0,0,-2,2,2,-2,-4,-15,-6,-12,sil
20.15309810638428,3,5,3,6,5,1,0,2,2,4,8,7,9,4,sil
20.15309810638428,3,7,11,1,5,-3,-5,2,-4,7,19,11,11,9,sil
20.168208360672,-5,2,7,-7,3,-4,-8,2,-15,-4,14,-1,2,0,sil
20.18476104736328,0,6,-4,5,7,-2,-1,-1,-14,-13,5,-1,-1,-1,sil
20.18476104736328,3,13,4,14,6,2,3,-1,-8,-10,3,3,-4,0,sil
20.18476104736328,-6,4,2,1,0,5,2,0,-4,-1,0,-1,-8,-4,sil
21.978312730789185,-10,-8,-21,-12,-8,-3,-14,-6,1,2,-4,0,-5,-11,sorry
21.978312730789185,-6,-6,-1,-4,-5,-7,-11,-7,-8,0,-6,-2,-14,-10,sorry
21.99507451057434,3,2,8,16,7,-2,0,0,-9,0,-4,-3,-11,0,sorry
21.99507451057434,0,3,5,17,2,3,0,3,-5,-2,-4,-4,-6,3,sorry
22.01198148727417,-10,-3,0,-3,-9,-1,-6,-1,-14,-8,-6,-7,-8,-2,sorry
22.01198148727417,-17,-13,-10,-10,-13,-6,-9,-3,-20,-12,-11,-25,-9,-14,sorry
22.02498459815979,-15,-6,4,3,-5,5,-7,5,-9,-6,-6,-27,-2,-12,sorry
22.02498459815979,-1,8,13,16,8,17,9,9,1,4,9,2,11,7,sorry
22.04084539413452,16,10,14,19,15,13,21,3,7,10,17,25,26,23,sorry
22.04084539413452,12,2,7,10,5,5,6,0,6,2,3,10,15,13,sorry
22.05637907981873,-11,-12,-18,-11,-6,0,-3,-2,-7,-12,-22,-15,-13,-7,sorry
22.05637907981873,-16,-12,-14,-19,-10,-2,1,-4,-6,-11,-22,-11,-17,-11,sorry
22.07221937179565,4,6,-3,0,2,2,11,0,21,16,12,7,8,3,sorry
22.07221937179565,11,8,1,6,11,0,9,2,23,21,12,0,11,8,sorry
22.08718204498291,-3,-9,-1,-14,-2,-1,-3,3,-1,-3,-20,-18,-9,-6,sorry
22.08718204498291,-8,-10,-10,-13,-6,-3,-7,0,0,-4,-16,-7,-7,-5,sorry
22.10309910774231,0,1,3,0,2,-8,-2,-1,7,2,3,10,1,6,sorry
22.10309910774231,-4,-8,-1,-16,-10,-9,0,0,-6,-8,0,0,-4,1,sorry
22.12384557723999,-12,-13,-14,-25,-19,1,1,0,-1,0,-7,-13,-3,-3,sorry
22.12384557723999,0,5,6,2,-2,15,14,5,23,25,0,3,12,4,sorry
22.12384557723999,13,15,11,18,4,6,14,4,23,20,14,21,20,11,sorry
22.13398838043213,17,13,12,13,4,-5,-6,-4,0,-5,22,22,13,10,sorry
22.14913654327393,21,16,17,20,5,-7,-12,-3,-3,-1,21,23,13,12,sorry
22.14913654327393,21,7,8,12,-5,-6,-2,0,7,7,12,14,11,9,sorry
22.16529369354248,7,-9,-6,-11,-10,0,1,-1,3,0,-1,-7,-2,-5,sorry
22.16529369354248,-4,-10,-11,-16,4,-1,-2,0,-5,-3,-7,-13,-10,-9,sorry
22.179993152618408,-6,-4,-1,-10,8,-11,-8,0,-11,-5,-1,-1,-12,-5,sorry
22.179993152618408,-10,-8,-6,-8,1,-9,-10,0,-18,-10,-2,-2,-18,-14,sorry
22.196170330047607,-11,-8,-9,-8,6,-1,-2,0,-15,-7,-9,-5,-16,-13,sorry
22.196170330047607,-4,2,4,-10,10,0,-2,0,-10,-4,-9,1,-3,0,sorry
22.211201667785645,0,4,0,0,3,0,-2,-1,-2,-7,0,1,4,1,sorry
22.211201667785645,0,5,7,9,2,0,-1,3,9,-2,14,2,12,0,sorry
22.22679042816162,-2,8,0,-3,-1,3,-4,0,10,0,14,1,11,-3,sorry
22.22679042816162,-2,4,-10,-3,-6,0,-10,-9,-6,-12,5,3,0,-10,sorry
22.242149353027344,13,18,14,28,6,0,-6,-1,-3,-7,22,23,13,6,sorry
22.242149353027344,27,31,13,44,19,3,4,8,9,8,35,31,28,27,sorry
22.25768208503723,3,7,-2,9,4,1,0,1,-11,-4,2,2,-1,0,sorry
22.25768208503723,-22,-13,-8,-16,-11,0,-5,-6,-34,-21,-23,-26,-29,-35,sorry
22.273783922195435,-18,-6,-8,5,-5,9,10,-4,-14,-2,-18,-32,-18,-19,sorry
22.273783922195435,-15,-5,5,22,-4,18,24,2,2,10,-25,-27,-18,0,sorry
22.289100885391235,-21,-22,-7,0,-9,5,16,5,-5,6,-38,-27,-30,-2,sorry
22.289100885391235,-14,-20,-9,-11,0,1,7,5,-7,11,-32,-25,-20,3,sorry
22.30466675758361,-5,-4,6,8,5,17,7,6,10,22,-19,-10,0,18,sorry
22.30466675758361,0,-4,0,8,-2,19,12,5,29,28,-1,6,16,22,sorry
22.319744348526,8,-13,-1,-12,-6,2,16,4,32,25,9,9,20,18,sorry
22.319744348526,5,-14,-6,-16,-3,-12,9,-1,24,7,-1,-2,6,6,sorry
22.335341930389404,0,-9,-8,-19,-10,-12,-6,-10,14,-8,-8,-3,2,-3,sorry
22.336005449295044,2,-6,-2,-30,-13,-8,-14,-5,13,-8,8,9,18,0,sorry
22.352032899856567,-1,-8,-8,-27,-5,-18,-14,0,1,-7,10,7,10,-2,sorry
22.35303282737732,0,-3,-3,-22,-5,-23,-16,-4,-15,-17,0,2,-11,-10,sorry
22.367079973220825,18,11,4,-16,-1,-8,-13,-1,-6,-11,10,20,1,-1,sorry
22.367079973220825,26,22,11,0,13,-2,-10,2,8,0,24,37,23,6,sorry
22.382805347442627,10,21,8,2,9,-7,-10,-3,-1,-1,12,27,9,-4,sorry
22.382805347442627,1,15,-2,0,-3,-7,-3,-7,-9,-6,5,6,0,-10,sorry
22.39835357666016,11,12,11,17,1,3,0,2,-1,0,17,1,7,0,sorry
22.414034843444824,10,11,9,22,9,8,0,8,-1,2,20,5,5,6,sorry
22.414034843444824,-3,15,0,4,4,-2,-3,1,-18,-11,6,-1,-11,-1,sorry
22.430153369903564,-2,15,3,10,4,-5,-10,-2,-25,-22,7,-7,-15,-11,sorry
22.430153369903564,9,7,3,32,10,6,-5,0,-3,0,19,1,0,-1,sorry
22.430153369903564,8,11,16,36,12,18,10,4,10,15,9,4,0,13,sorry
22.4467716217041,-3,8,5,26,14,23,22,3,-3,0,-10,-4,-13,5,sorry
22.4467716217041,-8,-10,-8,5,12,18,22,1,-14,-6,-10,-3,-5,-4,sorry
22.460827827453613,-8,-18,7,-8,1,6,12,2,-12,0,-9,0,0,-1,sorry
22.47606873512268,-16,-15,-1,-5,-10,-7,-3,-1,-11,0,-22,-16,-15,-4,sorry
22.47606873512268,-22,-20,-15,-10,-15,-10,-9,-1,-10,-1,-24,-25,-17,-10,sorry
22.49304699897766,-13,-19,-14,-17,-11,-2,0,1,-1,5,-7,-12,1,-3,sil
22.49304699897766,-11,-20,-12,-14,-12,-2,-2,-1,2,6,-11,-8,0,-3,sil
22.49304699897766,-18,-20,-8,-18,-16,-4,-15,-3,1,1,-25,-17,-10,-12,sil
22.508185386657715,-10,-5,-10,-12,-4,1,-2,0,14,10,-6,-11,8,1,sil
22.508185386657715,4,8,6,3,5,7,12,1,27,25,13,4,22,22,sil
22.52386736869812,-2,-1,-1,0,0,6,4,-1,14,16,-1,-1,8,10,sil
22.53927755355835,-7,-9,-19,-11,-8,-4,-4,-3,4,-11,-21,-19,-9,-5,sil
22.53927755355835,5,1,6,-9,-2,-8,-5,0,14,-11,-13,-8,-8,0,sil
22.53927755355835,10,6,6,-1,7,-4,-8,0,16,10,3,7,4,5,sil
22.556098699569706,9,0,-1,0,8,-4,-8,0,4,14,12,10,6,0,sil
22.556098699569706,11,6,6,3,3,-3,0,0,1,0,14,11,5,0,sil
22.570338010787964,9,11,2,4,3,0,9,-3,2,-4,18,12,11,6,sil
22.570338010787964,7,6,3,-1,5,5,11,3,1,-2,17,10,10,4,sil
22.58708000183105,7,6,2,0,4,6,17,12,5,-2,7,10,3,0,sil
22.58708000183105,6,9,6,2,0,1,14,3,2,-14,1,15,3,0,sil
22.60077214241028,10,2,8,-6,-7,-12,1,-4,-8,-19,0,10,1,0,sil
22.616320610046387,10,0,0,-6,-9,-16,1,-2,-8,-11,1,6,-7,-5,sil
22.616320610046387,10,13,11,10,2,0,7,0,-5,-6,13,20,-7,-3,sil
22.631869554519653,12,17,3,19,10,8,0,0,-4,0,17,22,0,1,sil
22.631869554519653,8,10,0,12,10,0,-10,0,-4,5,9,7,2,1,sil
22.64776945114136,0,6,11,7,8,-3,-13,-2,-5,1,8,4,0,0,sil
22.64776945114136,0,-1,-2,3,-1,-6,-12,-4,-6,0,3,1,-1,0,sil
22.66378092765808,-3,-8,-5,0,-12,-7,-21,-2,-11,2,-11,-7,-8,0,sil
22.66378092765808,-14,-9,-3,2,-6,-2,-27,0,-21,-2,-15,-10,-11,-6,sil
22.679083824157715,-14,-11,0,-2,-4,0,-23,-2,-27,-13,-15,-17,-14,-13,sil
22.679083824157715,-10,-6,-2,-6,-16,0,-14,-5,-23,-18,-22,-29,-19,-15,sil
22.694596767425537,-10,-1,-12,1,-10,8,3,-4,-14,-10,-15,-27,-13,-5,sil
22.694596767425537,-6,-3,-2,6,14,22,22,6,0,1,0,-10,3,6,sil
22.710244178771973,-11,-9,-2,0,15,23,25,10,12,7,-4,-8,10,0,sil
22.710244178771973,-26,-15,-10,-4,-2,6,10,0,7,7,-22,-23,-1,-8,sil
22.72570538520813,-25,-18,-3,-12,-1,4,5,-1,4,14,-19,-22,-3,4,sil
22.72570538520813,-10,-16,-6,-23,7,6,10,2,18,25,4,-5,17,20,sil
22.741734981536865,-5,-5,0,-23,-1,-2,6,0,21,17,15,-1,24,16,sil
22.741734981536865,1,3,1,-4,-8,-9,0,-1,18,5,7,0,15,15,sil
22.7577760219574,22,5,5,4,-2,-12,-1,6,28,7,11,23,18,21,sil
22.7577760219574,35,11,11,-1,0,-14,0,8,37,7,22,41,20,12,sil
22.77320623397827,29,17,0,4,-1,-14,3,0,30,0,22,30,2,-2,sil
22.77320623397827,20,24,11,16,3,-6,1,4,10,-4,19,17,-7,-10,sil
22.789090394973755,9,25,10,20,17,7,-2,7,-4,-4,14,13,-3,-13,sil
22.789090394973755,-4,12,-7,23,16,10,-2,-2,-14,-3,0,1,-13,-12,sil
22.804103136062626,-8,1,2,20,2,6,1,-6,-22,-6,-14,-9,-23,-9,sil
22.804103136062626,-6,-5,-1,10,0,12,8,-3,-13,-2,-17,-16,-9,-7,sil
22.819708108901978,-9,-18,-5,-2,-1,15,10,-7,-4,0,-21,-19,-6,-9,sil
22.819708108901978,-5,-17,-4,-8,-9,0,3,-7,-18,-4,-19,-14,-15,-7,sil
22.834753274917603,10,0,-7,-10,-7,-16,-6,-7,-27,-11,-2,2,-2,4,sil
22.834753274917603,12,3,1,-22,-8,-21,-17,-8,-16,-15,8,19,7,6,sil
22.85008215904236,-1,-6,-4,-31,-15,-21,-18,0,-10,-17,4,10,-1,-6,sil
22.85008215904236,-13,-5,-9,-27,-11,-14,-17,6,-14,-20,-3,-9,-11,-15,sil
22.866019010543823,-12,-1,-5,-16,-4,0,-11,4,-9,-13,0,-7,-4,-7,sil
22.866019010543823,-1,1,2,1,0,2,5,7,5,4,6,1,2,6,sil
22.88178849220276,-1,2,13,14,7,11,17,9,8,9,0,-8,0,7,sil
22.88178849220276,-12,-8,0,16,7,19,16,0,0,7,-6,-18,0,2,sil
22.89696431159973,-7,-12,0,16,6,18,13,-7,-1,20,-4,-9,8,10,sil
22.89696431159973,6,3,9,15,11,15,14,-6,9,30,-2,3,15,18,sil
22.91305661201477,13,7,0,5,3,5,4,-3,23,22,3,12,20,14,sil
22.91305661201477,15,0,4,-7,-7,-7,-11,0,30,9,18,19,25,9,sil
22.9286789894104,16,5,5,0,-2,-18,-22,4,20,-3,20,18,17,4,sil
22.9286789894104,12,18,6,11,5,-15,-20,4,-3,-16,11,7,0,-7,sil
22.94375896453857,0,14,0,8,9,0,-10,1,-16,-18,0,-2,-14,-14,sil
22.94375896453857,-13,0,-8,7,12,10,-2,-1,-19,-16,-14,-6,-17,-6,sil
22.95977544784546,-8,1,8,24,10,17,9,1,-12,-3,-11,0,-9,2,sil
22.95977544784546,-2,3,4,19,4,22,30,5,12,18,1,-2,0,3,sil
22.9750714302063,-15,-13,-12,-11,-5,6,26,1,21,17,-7,-20,-1,1,sil
22.9750714302063,-23,-29,-11,-32,-17,-8,3,-3,7,4,-26,-24,-9,-2,sil
22.9910056591034,-10,-22,-14,-36,-18,-14,-6,-4,5,0,-16,-10,-8,-5,sil
22.9910056591034,3,0,-2,-36,-13,-19,-15,1,10,-4,3,7,2,-2,sil
23.006558895111084,13,12,-1,-17,-8,-17,-19,5,5,-5,11,17,9,0,sil
23.006558895111084,17,13,1,0,-3,-16,-19,-2,-10,-8,12,19,2,-3,sil
23.022523164749146,13,16,11,1,-1,-21,-18,-4,-22,-24,19,16,-2,-8,sil
23.022523164749146,8,13,1,11,-1,-17,-14,-1,-24,-25,15,3,-6,-12,sil
23.03810167312622,1,0,2,19,5,-1,-14,-3,-28,-21,0,-9,-16,-18,sil
23.03810167312622,-4,-1,3,11,11,12,-8,-2,-27,-17,1,-8,-12,-14,sil
23.05419230461121,-1,-4,0,10,9,24,17,0,-7,0,2,-2,-1,4,sil
23.05419230461121,0,-4,9,21,14,28,31,2,5,12,-13,-5,-6,13,sil
23.070189952850345,-9,-2,-1,22,19,23,23,0,4,23,-16,-12,0,8,sil
23.070189952850345,-17,-10,-5,0,1,16,19,-3,1,29,-5,-10,13,9,sil
23.086118936538696,-8,-17,-6,-7,-11,11,17,0,4,18,-4,-2,10,16,sil
23.086118936538696,2,-4,-1,4,-2,12,14,4,20,19,-3,1,10,22,sil
23.10171413421631,3,0,6,0,-1,10,13,5,29,27,-5,-1,16,15,sil
23.10171413421631,-4,-13,-9,-18,-11,-9,6,0,14,4,-12,-7,3,-4,sil
23.116886377334595,-3,-3,-4,-21,-7,-18,-4,-3,5,-14,-7,0,-7,-13,sil
23.116886377334595,4,11,1,-12,6,-5,-5,-1,22,7,5,8,4,-3,sil
23.13233685493469,8,4,-10,-7,3,-6,-6,2,28,16,10,6,11,2,sil
23.13233685493469,11,6,3,-2,-5,-9,-8,3,7,1,16,12,4,3,sil
23.14783811569214,16,15,9,7,3,-8,-4,0,-2,2,24,24,12,9,sil
23.14783811569214,12,11,8,13,9,-13,-5,0,-1,5,19,22,15,11,sil
23.162977933883667,0,10,3,10,-4,-11,-9,-2,-6,-8,2,7,-1,0,sil
23.179052591323853,-4,9,-6,0,-9,-9,-14,-7,-16,-23,-2,0,-13,-14,sil
23.179052591323853,-8,0,2,-6,-1,-13,-25,-1,-26,-32,-1,-3,-15,-21,sil
23.179052591323853,-7,-4,2,-2,-6,-11,-25,4,-30,-34,-5,-12,-18,-18,sil
23.19503235816956,-1,0,2,0,-12,-1,-14,0,-28,-31,-6,-15,-17,-17,sil
23.196083307266235,-6,-1,5,-1,-2,0,-7,-4,-19,-21,-3,-10,-13,-18,sil
23.21056151390076,-4,-5,-2,1,8,0,2,0,-5,-6,-6,-8,-11,-6,sil
23.21056151390076,10,0,5,11,9,14,15,8,0,0,-8,-3,-4,7,sil
23.22516369819641,3,-4,1,8,7,26,20,5,0,4,-8,-6,-3,12,sil
23.22516369819641,-22,-19,-5,-6,5,22,17,-5,1,11,-18,-20,-12,3,sil
23.242823600769043,-20,-13,-4,-3,7,24,20,0,10,20,-26,-19,-3,0,sil
23.242823600769043,7,5,0,14,10,24,29,7,19,30,-5,1,17,15,sil
23.25636649131775,13,5,8,7,2,8,25,1,21,34,13,13,22,27,sil
23.25636649131775,0,-8,-7,-13,-9,-13,2,-3,22,21,4,6,15,12,sil
23.2730393409729,2,-6,-7,-16,-14,-27,-15,0,19,4,0,7,18,0,sil
23.287713050842285,17,4,1,-19,-11,-26,-15,0,15,1,16,22,23,3,sil
23.287713050842285,15,4,-10,-27,-10,-23,-21,-5,8,-7,29,28,16,0,sil
23.302976608276367,8,13,2,-12,-8,-15,-32,-6,-9,-27,24,23,0,-9,sil
23.302976608276367,3,19,3,9,0,-6,-18,-3,-27,-29,13,10,-7,-7,sil
23.302976608276367,-2,5,-8,10,8,-2,0,1,-28,-15,5,-4,-9,-3,sil
23.319284915924072,-6,3,3,13,7,7,0,3,-21,-1,2,-8,-13,-3,sil
23.333956956863403,-8,7,1,27,7,15,-1,-3,-15,4,-3,-10,-14,-4,sil
23.333956956863403,-12,-4,0,20,13,11,0,-1,-7,3,-11,-14,-13,-2,sil
23.349363327026367,-17,-13,-3,0,9,8,6,10,2,6,-6,-17,-9,-1,sil
23.349363327026367,-23,-13,-13,-4,-4,10,15,0,1,11,-15,-25,-16,-12,sil
23.364909172058105,-11,-7,5,5,-3,16,23,-6,1,7,-30,-20,-19,-13,sil
23.364909172058105,10,-2,14,5,5,13,26,4,21,12,-8,1,0,7,sil
23.38095498085022,6,-6,7,-10,0,1,13,5,29,16,5,6,13,13,sil
23.38095498085022,-7,-12,-5,-14,-11,-2,-5,0,12,7,-12,-9,9,-1,sil
23.396104097366333,0,-4,-4,0,-8,0,-6,4,12,10,-11,-3,13,7,sil
23.396104097366333,9,4,7,3,4,0,1,11,23,18,5,15,14,20,sil
23.411237955093384,5,2,0,-3,5,-5,0,1,12,4,0,9,2,4,sil
23.411237955093384,8,5,0,-1,-3,-5,-7,-3,2,-11,-4,3,0,0,sil
23.427353143692017,15,9,3,2,-3,-7,-5,0,3,-11,4,11,8,10,sil
23.427353143692017,11,2,-3,-5,0,-18,0,-2,-12,-12,10,11,6,5,sil
23.44299387931824,7,0,2,-15,-4,-16,-8,-9,-32,-20,7,11,0,-6,sil
23.44299387931824,10,6,0,-2,-6,-7,-15,-7,-23,-18,9,16,1,-5,sil
23.45883178710937,11,16,6,13,0,-5,-4,0,-11,-14,12,14,2,0,sil
23.45883178710937,5,12,4,7,0,-4,7,-1,-13,-18,12,4,-2,-2,sil
23.475106477737427,0,0,-9,-7,-6,-3,0,-3,-14,-17,10,0,-7,-5,sil
23.475106477737427,-3,0,0,-7,-5,0,-10,3,-9,-5,6,0,-8,-8,sil
23.49014353752136,-4,4,4,4,4,2,-8,2,0,3,2,-2,-4,-3,sil
23.49014353752136,-7,3,2,11,13,2,-5,-4,4,3,2,-5,3,1,sil
23.50607967376709,-14,-1,-5,2,10,5,-2,-1,-1,4,0,-13,0,-3,sil
23.50607967376709,-20,-17,-14,-11,0,8,-1,-1,-6,0,-13,-20,-20,-15,sil
23.52200722694397,-19,-16,-2,-9,-2,11,3,-2,6,1,-19,-14,-21,-13,sil
23.52200722694397,-9,0,-2,6,4,12,14,3,25,19,0,-4,4,0,sil
23.537081480026245,-5,-1,-1,2,6,5,10,0,15,20,1,-8,4,0,sil
23.537081480026245,-9,-12,0,-13,0,2,-2,-3,-2,4,-15,-14,-10,-6,sil
23.55272102355957,-8,-2,-11,-6,-5,1,-1,0,2,3,-14,-12,0,-4,sil
23.55272102355957,-5,6,-4,0,-8,-2,0,8,5,6,-8,-8,6,-1,sil
23.567980527877808,-7,-10,-7,-11,-8,-4,-5,4,-2,0,-12,-6,-1,-2,sil
23.567980527877808,-4,-15,-3,-9,-5,0,-1,0,-4,-3,-9,3,5,4,sil
23.583213090896606,10,3,15,8,-1,1,3,0,-3,-3,-3,14,6,9,sil
23.583213090896606,29,12,12,18,0,-4,1,0,-5,0,-3,11,-6,12,sil
23.59915351867676,36,13,16,23,0,0,0,-1,0,6,7,14,2,21,sil
23.59915351867676,26,11,15,22,0,6,6,0,13,9,23,25,24,24,sil
23.61485457420349,17,7,13,13,11,4,9,7,16,14,24,29,21,22,sil
23.61485457420349,18,16,17,17,19,3,13,8,13,17,29,30,17,22,sil
23.629781246185303,14,13,-3,16,7,0,11,-3,5,8,27,15,15,12,sil
23.629781246185303,-4,-13,-7,-14,-6,-6,-6,-5,-10,-8,-1,-11,-6,-7,sil
23.64569544792176,-21,-22,-11,-32,-9,-6,-13,2,-13,-10,-12,-19,-18,-15,sil
23.64569544792176,-17,-6,-18,-17,-5,-5,0,0,5,-2,0,-7,-1,-9,sil
23.660849571228027,-9,0,-7,-6,-1,-6,2,-4,10,-12,-8,-10,-3,-12,sil
23.660849571228027,-16,-3,-12,-4,0,-8,-5,-3,-7,-26,-18,-19,-24,-23,sil
23.67606282234192,-19,0,-4,-1,0,-6,-5,-2,-16,-15,-4,-10,-18,-20,sil
23.67606282234192,-5,2,0,-4,3,4,0,1,-2,0,4,0,5,-5,sil
23.692147254943848,0,1,-9,-6,6,13,0,1,-1,-1,-1,-1,9,-2,sil
23.692147254943848,-3,3,1,-1,7,8,-5,-2,-8,-8,-8,-6,-4,-12,sil
23.70771169662476,-2,1,1,1,4,-4,-9,-4,-4,-6,-13,-11,-10,-11,sil
23.70771169662476,-1,0,-2,-2,-3,-5,-7,-1,0,-1,-9,-6,-4,0,sil
24.227697134017944,1,-1,-9,-12,-7,-13,-16,0,0,-23,9,7,-26,-14,sil
24.227697134017944,-15,-2,-16,-11,-7,-11,-13,-3,-10,-27,-11,-12,-33,-21,sil
24.22869777679444,-32,-10,-8,-10,-6,-11,-19,-3,-26,-29,-36,-35,-33,-26,sil
24.24114775657653,-27,-11,-5,-22,-7,-7,-24,-3,-28,-24,-16,-24,-46,-24,sil
24.255922079086304,-8,-3,-5,-16,-2,-1,-12,-3,-15,-4,11,-1,-9,-14,sil
24.255922079086304,1,2,13,5,6,4,1,4,-3,6,9,2,88,-1,sil
24.27252840995789,-3,-2,6,7,6,8,6,4,1,4,0,-1,96,3,sil
24.27252840995789,-5,-5,0,-3,2,11,12,0,8,9,4,2,12,6,sil
24.27252840995789,10,1,11,0,6,12,22,4,18,20,11,13,-3,15,sil
24.287240028381348,16,8,11,7,8,8,22,2,20,21,9,16,20,20,sil
24.3042254447937,5,7,4,8,4,8,11,-1,14,14,2,6,0,8,sil
24.3042254447937,6,0,-5,7,4,4,8,0,8,13,0,0,-12,0,sil
24.3042254447937,19,0,6,4,3,-3,11,6,3,18,10,12,4,9,sil
24.318184852600098,20,9,12,10,5,0,4,0,0,20,16,21,6,19,sil
24.33376693725586,4,2,-2,9,1,0,-11,-12,-13,1,0,-1,-10,3,sil
24.33376693725586,-10,-17,-8,-9,-18,-8,-22,-13,-35,-26,-18,-20,-28,-13,sil
24.34893035888672,-13,-21,-14,-15,-25,-11,-12,-2,-25,-25,-19,-13,-24,-12,sil
24.34893035888672,-12,-7,-7,-8,-8,0,6,2,-6,-9,-17,-10,-12,-6,sil
24.365219831466675,-20,-7,-11,-9,-4,13,14,4,-1,-9,-17,-23,-14,-8,sil
24.365552186965942,-20,-12,-17,-6,-6,10,11,9,20,-7,-11,-17,-14,-5,sil
24.381226539611816,-4,0,0,0,2,7,12,8,43,4,-2,3,-1,0,sil
24.381226539611816,4,9,-2,6,9,9,16,-2,28,11,11,9,7,1,sil
24.39674711227417,2,12,2,14,10,6,6,-5,7,8,15,1,7,3,sil
24.39674711227417,4,13,12,10,9,0,-2,2,11,5,4,0,4,5,sil
24.41239547729492,13,11,5,5,5,-7,-2,3,12,6,10,12,9,10,sil
24.41239547729492,15,12,16,7,4,-6,-8,-2,3,5,16,19,16,9,sil
24.428399801254272,6,8,6,5,7,-9,-19,-4,-3,0,-1,1,6,4,sil
24.428399801254272,6,1,0,2,1,-17,-25,-4,-20,-9,-11,-5,-9,3,sil
24.44395065307617,13,2,11,3,-8,-12,-21,-1,-36,-17,-2,3,-13,0,sil
24.44395065307617,5,-7,0,-3,-12,-2,-11,-1,-25,-15,0,2,0,-2,sil
24.46000862121582,-4,-20,-7,-19,-9,0,-8,0,-9,-7,-6,0,10,-3,sil
24.46000862121582,-11,-20,-6,-20,-5,-5,-8,-1,-14,-6,-7,-5,1,-12,sil
24.476333618164062,-22,-13,-7,-19,-12,-15,-9,-4,-21,-11,-7,-25,-15,-26,sil
24.476333618164062,-23,-3,-7,-18,-13,-9,-9,2,-4,-3,-1,-20,-8,-18,sil
24.49498987197876,-2,6,-4,-4,3,4,2,8,16,14,9,7,10,3,sil
24.49498987197876,13,15,10,5,15,11,17,5,22,20,19,20,14,11,sil
24.49498987197876,10,13,4,6,12,8,18,1,23,14,21,12,16,8,sil
24.507070302963257,9,10,0,11,11,4,14,2,22,13,12,9,19,11,sil
24.52309441566468,16,16,14,17,14,7,23,4,13,17,4,14,13,9,sil
24.52309441566468,13,12,7,10,6,5,21,0,4,9,7,12,5,4,sil
24.542166471481323,-2,0,-6,-2,-4,-6,0,-2,-8,-9,0,3,-4,2,sil
24.542166471481323,-14,-8,-16,-10,-10,-8,-8,-1,-22,-20,-15,0,-17,-7,sil
24.542166471481323,-13,-4,-6,-3,-3,11,-3,-4,-20,-14,-20,-4,-19,-16,sil
24.554807662963867,-6,4,8,12,6,27,1,0,-5,-6,-7,-5,-9,-8,sil
24.570064306259155,-1,1,-1,19,8,13,4,3,0,-5,2,3,-1,0,sil
24.570064306259155,-5,-8,-1,8,0,0,0,0,-8,-7,-1,5,-5,-1,sil
24.58572578430176,-13,-8,0,4,0,7,0,-4,-9,-3,-13,-13,-17,-3,sil
24.58572578430176,-14,-4,-5,7,8,9,10,0,6,6,-11,-31,-20,-1,sil
24.60080909729004,-10,-9,-3,3,4,3,12,2,17,16,-1,-23,-7,0,sil
24.60080909729004,-5,-16,-4,-2,-13,0,3,1,9,18,-1,-10,2,7,sil
24.6159725189209,1,-16,4,-7,-19,-7,0,2,1,11,-8,-5,3,11,sil
24.6159725189209,3,-11,4,-10,-8,-18,0,-1,8,8,-8,-5,6,5,sil
24.631743669509888,0,-7,-7,-12,-9,-23,-3,-6,15,5,-6,-6,9,4,sil
24.631743669509888,6,0,2,-7,-16,-11,-9,-2,11,0,-2,-1,10,7,sil
24.64695882797241,21,1,4,0,-5,-3,-9,0,8,-1,11,6,15,7,sil
24.64695882797241,25,3,6,-5,0,-15,-16,-4,2,-5,21,22,18,8,sil
24.662543773651123,22,14,11,-10,-4,-20,-26,-1,-6,-19,20,38,15,6,sil
24.662543773651123,25,23,11,0,1,-8,-17,6,-6,-17,20,36,14,0,sil
24.677724599838257,21,28,14,17,19,2,2,6,0,0,25,27,15,3,sil
24.677724599838257,8,26,-1,20,20,0,7,-1,-4,2,25,22,13,6,sil
24.69319748878479,-3,16,-4,1,10,0,-10,0,-24,-16,5,5,-3,-11,sil
24.69319748878479,-13,3,-7,-12,6,7,-15,1,-28,-24,-18,-16,-25,-26,sil
24.708384037017822,-15,-2,-13,-1,9,17,6,-1,-4,-2,-18,-18,-21,-9,sil
24.708384037017822,-14,-3,0,4,13,19,24,1,10,15,-12,-13,-8,0,sil
24.724146842956543,-20,-13,-13,-10,4,9,17,3,0,7,-27,-31,-23,-17,sil
24.724146842956543,-24,-22,-17,-16,-8,6,2,-1,-6,-3,-33,-43,-33,-19,sil
24.739835500717163,-18,-18,-4,-7,-6,14,4,1,-1,2,-12,-27,-11,-4,sil
24.739835500717163,-21,-16,-12,-15,-3,9,13,1,2,13,-2,-18,-3,-8,sil
24.75508499145508,-24,-16,-5,-18,-8,3,13,-1,10,13,-5,-13,-12,-12,sil
24.75508499145508,-5,-11,-3,2,-1,8,16,0,25,17,1,1,5,5,sil
24.770873308181763,4,-10,-3,6,-3,3,11,0,16,13,0,3,17,12,sil
24.770873308181763,-5,-6,7,-3,-14,-2,-1,-2,-3,0,-10,-2,2,4,sil
24.786476373672485,-2,0,2,9,-4,-5,-5,-1,-6,-1,0,5,5,11,sil
24.786476373672485,12,0,7,16,-5,-13,-5,-2,0,0,12,19,19,22,sil
24.802429676055908,22,7,13,7,-21,-17,-7,-4,0,0,11,28,17,19,sil
24.802429676055908,33,23,12,11,-7,-15,-9,-3,0,-7,15,36,14,11,sil
24.818933725357056,32,22,12,9,7,-16,-21,0,-12,-21,22,32,11,1,sil
24.818933725357056,18,8,3,-1,-1,-20,-29,0,-19,-18,20,21,5,0,sil
24.83298826217652,15,15,12,1,0,-11,-20,1,-5,-4,21,22,8,0,sil
24.83298826217652,10,22,13,14,15,0,-4,6,8,-2,16,12,5,-8,sil
24.84941887855529,-1,10,6,15,14,2,2,5,1,-4,4,-5,-6,-11,sil
24.84941887855529,0,6,7,13,10,9,7,4,0,3,5,-5,-2,3,sil
24.86380958557129,1,7,-5,13,11,12,10,3,9,12,6,-6,2,11,sil
24.864818811416622,-7,1,-3,9,14,18,15,3,8,12,-11,-21,-10,2,sil
24.881627559661865,-13,-3,-5,9,16,26,27,3,4,15,-21,-28,-9,0,sil
24.881627559661865,-8,-11,-11,5,6,21,28,-1,13,23,-10,-23,3,2,sil
24.89593935012817,-2,-16,-2,-2,-1,14,16,-4,18,22,-6,-14,1,7,sil
24.89593935012817,-5,-17,-17,-7,2,11,6,-3,10,10,-15,-16,-3,1,sil
24.90999341011048,-21,-27,-24,-25,-5,-4,-5,-5,-3,-5,-29,-26,-13,-17,sil
24.927382707595825,-34,-35,-16,-49,-24,-16,-18,-8,-13,-17,-33,-25,-25,-27,sil
24.927382707595825,-23,-23,-16,-41,-22,-11,-14,-6,-7,-16,-18,-9,-13,-10,sil
24.927382707595825,0,0,1,-13,-5,-5,0,1,0,-11,0,7,6,4,sil
24.94393348693848,10,2,3,-11,-4,-10,0,2,-1,-15,6,14,4,-2,sil
24.94393348693848,5,-2,-3,-26,-16,-21,-21,-2,-19,-27,1,15,-5,-18,sil
24.95720148086548,1,2,-4,-20,-15,-21,-32,-1,-28,-28,1,15,-3,-16,sil
24.97233295440674,10,19,5,0,0,-15,-11,1,-13,-13,11,20,0,3,sil
24.97233295440674,20,29,20,15,4,-6,3,4,-1,-4,19,27,1,12,sil
24.98901319503784,18,25,12,21,0,2,-2,2,-9,-8,21,21,5,4,sil
24.98901319503784,10,22,6,25,10,6,-5,-1,-16,-5,20,7,4,4,sil
25.00380754470825,5,21,9,31,18,5,4,-1,-5,8,11,0,0,9,sil
25.00380754470825,-3,1,2,25,5,3,6,0,0,11,-5,-11,-3,4,sil
25.01894521713257,-21,-17,-1,1,-6,8,0,0,-4,3,-19,-27,-12,-7,sil
25.01894521713257,-21,-15,-5,0,3,18,16,0,4,11,-17,-24,-10,-5,sil
25.034850358963013,0,-8,6,24,14,25,34,7,25,26,-5,-2,12,9,sil
25.034850358963013,8,-6,12,26,5,17,26,11,35,34,3,7,24,17,sil
25.050506591796875,0,-8,0,1,-4,2,12,4,34,32,5,-4,14,10,sil
25.050506591796875,0,-10,6,-10,-5,2,5,-3,23,18,3,-6,7,5,sil
25.06606912612915,5,-7,-2,-7,-5,3,-1,-9,13,10,1,0,5,8,sil
25.06606912612915,2,-2,-12,-8,-3,-8,-6,-7,16,15,4,4,7,10,sil
25.081326723098755,4,0,-1,-9,3,-9,-11,0,15,14,17,11,14,6,sil
25.081326723098755,9,4,-3,-9,4,-10,-14,0,0,-1,24,18,13,2,sil
25.09670472145081,5,5,0,-12,-3,-17,-11,-1,-10,-18,11,13,0,-1,sil
25.09670472145081,3,0,-1,-13,0,-14,-5,1,-4,-20,4,11,0,-6,sil
25.1120867729187,11,11,0,-9,12,-11,-10,2,-6,-22,10,15,5,-10,sil
25.1120867729187,15,24,6,1,10,-8,-18,0,-25,-32,9,7,-5,-12,sil
25.12804341316223,4,14,0,21,7,4,-10,0,-30,-30,0,-8,-22,-11,sil
25.12804341316223,-11,5,4,22,14,18,3,4,-23,-17,-20,-20,-28,-11,sil
25.144050359725952,-20,-4,-6,0,7,14,6,-1,-22,-16,-43,-34,-29,-14,sil
25.144050359725952,-24,-20,-20,-14,-13,7,1,-6,-23,-11,-44,-35,-29,-12,sil
25.159492015838623,-29,-23,-8,-14,-20,8,5,-3,-15,4,-27,-17,-18,-1,sil
25.159492015838623,-20,-18,-5,-9,-18,-1,11,-1,1,16,-17,-7,0,4,sil
25.17503833770752,-2,-14,0,-8,-14,-12,6,1,14,15,-9,-1,9,8,sil
25.17503833770752,5,-4,1,-12,-12,-7,0,5,14,11,0,10,12,11,sil
25.190773248672485,7,1,0,-12,-15,-6,-4,-2,7,0,6,18,13,3,sil
25.190773248672485,18,10,14,2,-6,-8,-7,-3,8,-4,22,28,20,0,sil
25.20667600631714,24,23,8,17,10,-9,-4,4,11,3,37,32,24,5,sil
25.20667600631714,18,20,5,16,11,-5,-13,5,-1,-4,24,22,9,6,sil
25.22183394432068,8,9,7,12,7,0,-21,-1,-12,-17,10,5,0,-1,sil
25.22183394432068,-2,0,0,12,12,9,-4,-5,-5,-9,8,-12,-1,-3,sil
25.23750638961792,-14,-2,0,9,13,21,19,-3,1,3,-8,-22,-20,-4,sil
25.23750638961792,-16,-7,-9,4,8,23,26,1,0,7,-23,-20,-29,-12,sil
25.253042459487915,-18,-16,-5,0,4,13,24,2,0,12,-17,-19,-12,-8,sil
25.253042459487915,-18,-20,-3,3,3,11,26,0,11,26,-9,-20,1,6,sil
25.26866888999939,-9,-13,-8,3,-1,8,24,-1,26,37,-7,-17,10,14,sil
25.26866888999939,-1,-11,-2,-22,-11,-2,6,-1,28,22,-6,-5,16,10,sil
25.28408455848694,2,-10,-10,-31,-13,-18,-13,3,24,5,1,11,12,6,sil
25.28408455848694,13,4,2,-9,-9,-22,-19,5,18,1,18,24,12,2,sil
25.2994863986969,21,17,19,-3,-10,-19,-18,-1,2,-6,26,19,15,-3,sil
25.2994863986969,17,16,3,-13,-8,-18,-19,-3,-5,-10,22,18,14,-2,sil
25.31482553482056,16,19,5,-5,7,-9,-16,4,0,-4,19,28,11,4,sil
25.31482553482056,22,20,12,14,19,0,-7,2,-6,-10,22,19,3,5,sil
25.3308334350586,18,14,7,23,16,0,-6,-5,-26,-23,17,3,-8,3,sil
25.3308334350586,2,11,1,15,7,1,-5,-2,-29,-20,3,1,-6,3,sil
25.345993757247925,-11,5,-3,9,1,7,1,0,-21,-7,-2,0,2,-1,sil
25.345993757247925,-8,1,8,15,3,11,3,0,-14,0,-4,-9,-3,-9,sil
25.362041234970093,0,3,3,23,12,12,2,1,-8,1,-13,-13,-15,-3,sil
25.362041234970093,-4,-2,-5,12,4,4,1,1,-12,-3,-24,-17,-18,0,sil
25.376678228378296,-16,-15,-8,-3,-11,0,2,1,-17,-2,-24,-21,-19,-15,sil
25.376678228378296,-19,-18,-14,-10,-11,3,0,0,-13,-1,-25,-21,-20,-20,sil
25.39276123046875,-22,-15,-5,-14,-8,9,-4,-3,-8,-12,-29,-15,-16,-4,sil
25.39276123046875,-18,-21,-6,-20,-15,8,0,-2,1,-8,-19,-9,-7,5,sil
25.408881187438965,-7,-22,-10,-18,-10,5,14,1,13,6,-11,-9,-6,2,sil
25.408881187438965,-1,-5,0,-2,7,10,27,4,20,12,-6,-7,0,2,sil
25.42525148391724,0,6,-2,11,12,4,22,2,35,17,6,-2,16,10,sil
25.42525148391724,2,0,2,1,-2,-6,4,0,33,17,11,6,22,12,sil
25.44097137451172,5,-5,-2,-11,-10,-4,2,-1,14,7,4,14,15,9,sil
25.44097137451172,10,2,-1,-9,-2,-3,8,-1,9,-2,8,14,14,8,sil
25.455868005752563,10,4,5,-11,-3,-5,-6,0,4,-12,5,10,8,0,sil
25.455868005752563,0,-6,-8,-19,-12,-9,-22,0,-9,-15,-2,7,-2,-11,sil
25.47107243537903,-2,-4,-4,-16,-9,-13,-18,-4,-10,-5,3,8,-3,-14,sil
25.47107243537903,2,8,1,0,3,-9,-7,-2,0,5,19,10,6,-7,sil
25.48668360710144,10,14,6,13,12,-2,-1,2,4,11,23,17,13,0,sil
25.503084897994995,12,17,17,17,14,0,-5,3,2,15,17,18,6,4,sil
25.503084897994995,6,13,8,13,9,0,-11,0,-2,9,8,4,-3,0,sil
25.503084897994995,7,7,10,11,2,3,-4,1,-8,-1,8,0,-3,0,sil
25.5181565284729,15,7,8,10,0,1,1,4,-4,0,9,5,1,6,sil
25.5181565284729,1,3,-8,-1,-4,-8,-6,-4,-11,-5,-5,-10,-5,0,sil
25.5351619720459,-20,-7,-9,-15,-9,-7,-7,-5,-23,-17,-23,-24,-20,-12,sil
25.5351619720459,-16,-11,-13,-7,-9,0,3,1,-13,-14,-21,-17,-17,-9,sil
25.54968643188477,2,0,-3,8,0,1,0,1,0,-1,-3,-5,0,3,sil
25.54968643188477,6,12,6,14,10,1,0,0,0,5,9,4,12,7,sil
25.566758632659912,0,10,4,10,13,6,4,3,0,2,8,5,7,5,sil
25.581195831298828,0,6,13,11,9,12,3,0,2,-1,5,0,0,4,sil
25.581195831298828,4,3,9,19,7,6,8,-4,0,4,11,1,6,6,sil
25.59733295440674,0,-2,1,10,3,-1,14,0,0,9,8,2,5,5,sil
25.59733295440674,-10,-8,-8,-7,0,0,3,4,2,5,0,-8,0,0,sil
25.59733295440674,-6,-10,-8,-4,2,10,0,-4,0,0,-7,-10,-2,0,sil
25.612881660461422,2,-10,5,2,5,15,10,-7,-4,-7,-12,-4,-6,2,sil
25.612881660461422,0,-12,-5,-5,-1,10,12,4,0,-12,-15,-12,-14,-1,sil
25.627031326293945,-15,-14,-15,-15,-9,4,7,4,5,-9,-21,-21,-22,-10,sil
25.64413833618164,-13,-8,-9,-4,-4,8,8,-5,4,-1,-20,-11,-18,-8,sil
25.64413833618164,2,-3,-3,0,-1,2,4,-3,3,1,-9,1,-1,0,sil
25.64413833618164,0,-7,2,-9,-8,-10,-10,3,2,0,-9,-2,3,-3,sil
25.658690690994263,-6,-9,-5,-10,-11,-10,-11,0,7,10,-5,-3,8,-4,sil
25.658690690994263,10,1,3,-2,-6,-4,7,1,23,30,13,12,24,18,sil
25.67512059211731,21,7,11,-9,-2,-6,7,6,28,26,14,19,25,26,sil
25.67512059211731,8,1,-5,-18,-7,-16,-14,-3,14,2,3,9,12,0,sil
25.692042350769043,1,-3,-6,-29,-21,-20,-24,-5,-2,-10,4,9,6,-12,sil
25.692042350769043,0,-6,-8,-39,-24,-19,-14,4,-10,-11,5,4,6,-6,sil
25.70572209358216,1,9,1,-12,-2,-15,-10,4,-14,-12,8,8,4,-8,sil
25.720885753631592,5,30,11,27,15,-1,-10,-2,-19,-12,19,26,1,-12,sil
25.720885753631592,-3,19,0,24,9,0,-16,-4,-26,-15,18,22,-8,-14,sil
25.736026287078857,-5,7,10,10,5,-4,-16,-3,-25,-18,9,10,-14,-12,sil
25.736026287078857,8,17,16,28,20,3,-4,-3,-13,-8,6,14,-10,-4,sil
25.75148200988769,1,15,5,33,28,16,-3,-1,-17,-10,0,7,-15,-5,sil
25.75148200988769,-16,3,1,23,24,18,-2,5,-14,-15,-7,-7,-21,-8,sil
25.76661372184753,-7,3,1,23,19,19,20,10,11,6,-6,-9,-3,7,sil
25.76661372184753,0,0,9,18,12,22,29,5,17,25,-6,-14,8,24,sil
25.781835079193115,-7,-12,0,10,1,16,17,-4,0,18,-10,-26,0,18,sil
25.781835079193115,-1,-16,-5,0,-9,6,12,-6,2,11,-15,-25,-10,12,sil
25.797212839126587,0,-17,-5,-13,-14,3,15,0,17,19,-14,-17,-6,15,sil
25.797212839126587,-7,-22,-17,-14,-9,8,22,0,25,29,-4,-14,10,17,sil
25.812798261642456,1,-15,-3,-6,-6,9,26,1,33,29,0,-5,31,16,sil
25.812798261642456,9,-11,-8,-18,-12,-6,15,2,30,12,-4,-5,26,6,sil
25.82821679115296,0,-11,-14,-31,-19,-26,0,-2,7,-13,-11,-12,-1,-9,sil
25.82821679115296,0,-1,1,-19,-16,-23,0,-3,-6,-23,0,-2,-4,-12,sil
25.84402751922608,5,3,-10,-9,-9,-21,-8,-1,-6,-12,17,7,9,-8,sil
25.84402751922608,0,1,-3,-23,-11,-23,-32,-5,-11,-12,18,11,3,-12,sil
25.859337329864506,2,10,5,-20,-12,-11,-32,-5,-9,-15,14,12,-3,-15,sil
25.859337329864506,9,13,3,-1,0,-1,-19,-1,-7,-12,9,10,-4,-12,sil
25.875153064727783,3,8,6,2,11,0,-21,3,-17,-13,0,0,-13,-7,sil
25.875153064727783,0,8,2,2,6,3,-18,3,-14,-13,2,0,-13,-7,sil
25.8911395072937,4,10,13,8,0,4,-5,3,-4,-7,3,9,-4,-9,sil
25.8911395072937,-1,5,8,12,9,2,-4,2,-10,-1,-7,2,-7,-5,sil
25.90569829940796,-1,5,3,10,17,3,-4,-3,-14,4,-8,0,-5,4,sil
25.90569829940796,10,13,19,16,14,11,5,0,-6,6,1,15,4,9,sil
25.92174506187439,5,8,1,26,12,11,12,1,-4,-1,0,8,0,2,sil
25.92174506187439,-6,0,5,21,10,7,13,-1,-8,-10,-12,-2,-7,-1,sil
25.93691062927246,-1,-1,2,14,7,11,26,3,4,7,0,11,6,5,sil
25.93691062927246,0,-7,-11,12,7,8,27,4,19,25,13,23,14,12,sil
25.95215845108032,-9,-4,2,6,6,6,9,0,11,12,-4,6,-1,3,sil
25.95215845108032,-13,0,-9,3,2,9,6,-5,5,2,-12,-14,-6,0,sil
25.96785926818848,-5,-6,-7,0,0,7,15,0,7,7,0,-12,2,8,sil
25.96785926818848,-10,-19,-7,-6,-4,5,9,5,5,8,-8,-15,-1,3,sil
25.98306584358216,-24,-23,-23,-14,-13,-3,-11,-3,0,0,-24,-33,-8,-12,sil
25.98306584358216,-13,-8,2,-17,-15,-10,-23,-6,-1,-3,-13,-22,-1,-7,sil
25.99918794631958,7,4,0,-6,-8,-9,-10,0,3,0,1,-1,0,3,sil
25.99918794631958,15,1,1,-2,-15,-14,-10,1,0,1,4,4,3,6,sil
26.014699697494507,15,1,8,-9,-21,-14,-18,0,2,1,6,5,14,11,sil
26.03217816352844,10,0,-5,-15,-12,-3,-7,-6,12,2,8,8,12,10,sil
26.03217816352844,2,-3,8,-23,-4,1,0,-1,9,-1,5,11,1,1,sil
26.03217816352844,0,0,-6,-17,-2,-6,-1,6,1,-2,7,8,6,0,sil
26.045743942260746,6,6,-7,-2,1,-12,-1,0,-4,-6,12,14,10,0,sil
26.04674315452576,8,13,13,0,5,-7,2,-5,-11,-8,15,24,2,2,sil
26.06277656555176,2,7,-5,-5,7,-7,1,-1,-9,0,9,10,0,0,sil
26.06277656555176,-2,0,2,-10,2,-6,-9,0,-11,-8,0,0,-6,-12,sil
26.077831268310547,-4,-1,-2,-3,3,2,1,0,-7,-13,1,-5,-9,-16,sil
26.077831268310547,0,-2,-5,4,11,9,17,4,1,1,-1,-11,-2,-1,sil
26.09482455253601,0,0,15,7,13,12,7,8,0,2,-5,-9,1,3,sil
26.09482455253601,-6,1,-7,18,13,16,7,3,5,0,2,-18,-8,-9,sil
26.11004757881165,-2,1,-5,23,8,11,15,0,9,2,-3,-25,-12,-10,sil
26.11004757881165,5,3,14,26,1,6,11,0,2,2,-19,-20,-3,0,sil
26.1247079372406,7,8,1,36,9,16,15,-4,9,8,-12,-39,-11,2,sil
26.1247079372406,8,7,11,24,12,15,11,-3,8,11,0,-29,-10,2,sil
0.4466166496276855,17,15,3,19,5,-6,6,0,9,0,23,18,14,12,sil
0.4466166496276855,17,16,9,23,4,0,14,3,15,12,25,15,14,12,sil
0.461651086807251,6,1,-6,5,0,2,6,0,-2,0,2,2,0,-3,sil
0.461651086807251,2,-3,1,-2,3,0,4,-1,-4,-5,0,1,-1,-1,sil
0.4773316383361816,3,4,3,8,12,0,10,2,8,4,13,4,7,7,sil
0.4773316383361816,-6,0,-16,4,1,-4,-2,-1,0,0,6,-17,-3,-11,sil
0.4928982257843017,-7,-1,-2,-3,-6,-3,-13,-4,-13,-13,-8,-19,-11,-23,sil
0.4928982257843017,6,9,3,12,7,2,2,0,-1,3,-1,5,7,3,sil
0.508375883102417,5,8,0,17,11,4,10,6,7,18,3,9,12,19,sil
0.508375883102417,-11,-4,0,-2,-5,0,-5,2,-4,1,-9,-11,-12,0,sil
0.5242648124694824,-19,-9,-7,-7,-11,-1,-10,-6,-10,-10,-17,-21,-26,-15,sil
0.5242648124694824,-16,-5,-1,1,-4,0,-3,-2,-1,-7,-13,-16,-17,-11,sil
0.53987717628479,-11,-6,-4,-2,-5,6,-2,6,1,-1,-10,-11,-8,-5,sil
0.53987717628479,-9,-10,-5,-16,-6,8,0,4,-7,0,-11,-7,-8,-5,sil
0.5559477806091309,-4,-9,0,-16,0,7,4,-2,-8,-7,-10,-2,-8,-4,sil
0.5559477806091309,2,-2,0,1,8,4,5,-2,3,-6,-8,0,-7,-3,sil
0.5718593597412109,4,0,5,15,4,3,10,5,9,6,-4,4,-5,-5,sil
0.5718593597412109,-4,-10,0,11,-2,6,14,2,4,9,-2,8,1,1,sil
0.5889813899993896,-8,-16,2,-5,-5,7,7,-6,-1,3,-3,5,7,11,sil
0.5889813899993896,0,-9,1,-13,-8,0,2,-1,0,5,-6,3,3,10,sil
0.6037466526031494,0,-7,-11,-7,-8,-6,3,1,4,3,-7,3,4,3,sil
0.6037466526031494,0,-1,0,0,1,4,7,-3,8,1,-2,0,9,3,sil
0.6178734302520752,5,3,0,1,6,8,8,-2,8,3,0,-14,5,10,sil
0.6178734302520752,0,-3,-9,-14,-4,-4,-1,0,1,-6,-11,-22,-3,7,sil
0.6327066421508789,-7,-4,-3,-24,-8,-8,-9,0,1,-10,-5,-7,2,-1,sil
0.6482148170471191,7,10,4,-6,0,-11,-9,0,15,6,16,12,19,3,sil
0.6482148170471191,22,20,13,7,6,-14,-17,2,15,9,21,16,20,11,sil
0.6650567054748535,23,19,5,1,3,-7,-17,-1,4,0,20,15,15,8,sil
0.6650567054748535,19,14,2,0,1,-6,-1,-1,4,-1,29,21,13,2,sil
0.6808061599731445,8,12,1,2,3,-11,0,5,1,0,26,12,2,-3,sil
0.6808061599731445,-1,13,-4,5,6,-11,-10,4,-17,-10,11,-1,-13,-12,sil
0.6808061599731445,-3,12,10,8,6,-4,-5,-1,-27,-14,1,-1,-17,-16,sil
0.6963388919830322,-6,2,4,12,3,3,5,-2,-19,-5,0,-1,-13,-15,sil
0.7119479179382324,-13,0,-2,17,0,9,-3,0,-20,-5,0,-4,-15,-16,sil
0.7119479179382324,-12,2,6,23,2,14,-9,1,-27,-11,-6,-1,-18,-12,sil
0.7119479179382324,-5,-5,1,17,6,12,2,0,-17,0,-14,-3,-9,1,sil
0.7279777526855469,-7,-19,0,3,0,10,10,-2,0,19,-19,-10,0,12,sil
0.7420265674591064,-11,-23,-5,0,-10,12,16,-1,10,22,-17,-10,1,11,sil
0.7420265674591064,0,-18,-7,-1,-8,14,24,2,18,22,-13,-5,8,14,sil
0.7576220035552979,14,-10,-1,-8,-5,10,19,5,24,22,-4,1,18,17,sil
0.7576220035552979,8,-8,-9,-19,-9,-3,0,0,18,8,2,5,14,10,sil
0.7733128070831299,0,-8,-4,-25,-12,-19,-11,-2,10,-9,0,9,0,0,sil
0.7733128070831299,6,0,0,-18,-10,-21,-8,0,12,-11,1,15,7,-1,sil
0.7889776229858398,13,11,0,-7,-1,-13,-5,-1,9,-7,14,18,11,-1,sil
0.7889776229858398,5,12,5,-3,6,-9,-7,-3,-6,-15,13,12,-1,-7,sil
0.8041572570800781,-1,8,2,1,6,-10,-6,0,-7,-20,3,-1,-7,-10,sil
0.8041572570800781,-1,6,9,1,2,-1,-4,0,-4,-18,1,-7,-6,-7,sil
0.8198275566101074,-11,2,0,-3,0,2,-9,-2,-14,-20,-2,-12,-9,-7,sil
0.8198275566101074,-19,0,-9,0,1,0,-9,-5,-14,-21,-6,-19,-12,-8,sil
0.8348016738891602,-5,2,6,12,6,9,-1,3,1,-4,-4,-15,-16,-8,sil
0.8348016738891602,1,2,-2,15,11,13,0,8,7,12,-4,-9,-15,-4,sil
0.8507988452911377,-6,3,-4,8,12,7,0,5,2,16,-2,-12,1,1,sil
0.8507988452911377,-6,8,0,11,17,16,13,0,7,19,3,-7,13,7,sil
0.866063117980957,0,3,-1,17,14,23,29,-1,7,24,0,-1,0,5,sil
0.866063117980957,-4,-5,-2,6,0,11,18,0,-1,18,-11,-8,-4,-1,sil
0.8819398880004883,-14,-15,-18,-12,-10,-5,0,0,0,9,-16,-19,2,-2,sil
0.8819398880004883,-5,-15,-7,-18,-11,-11,-4,-3,4,7,-7,-12,2,2,sil
0.8968474864959717,7,-4,6,-9,-4,0,9,2,12,17,0,2,1,7,sil
0.8968474864959717,4,-3,-6,-6,0,2,12,2,13,17,-6,8,5,6,sil
0.9119150638580322,4,-6,1,-9,-7,-4,-4,-3,0,-3,-9,15,0,9,sil
0.9119150638580322,13,0,12,-3,-11,-9,-10,-4,-8,-9,7,22,2,8,sil
0.9272856712341307,10,3,13,-3,-6,-9,-7,-6,-4,0,15,20,9,1,sil
0.9272856712341307,7,2,5,-5,-4,-9,-9,-3,-8,-6,12,20,10,1,sil
0.9428424835205078,15,6,2,0,-6,-12,-8,1,-15,-20,15,21,10,6,sil
0.9428424835205078,12,7,14,-1,-7,-10,-7,0,-14,-25,9,11,5,0,sil
0.9588525295257568,5,2,3,-3,-10,-6,-10,-3,-13,-25,8,6,1,-7,sil
0.9588525295257568,14,10,4,0,-7,-5,-10,2,-6,-17,29,22,8,0,sil
0.9740056991577148,20,18,17,-1,1,-4,-9,7,1,-10,35,25,12,7,sil
0.9740056991577148,0,4,1,8,4,-10,-17,-4,-9,-22,4,-3,-8,-6,sil
0.9900424480438232,-21,0,-6,25,2,-9,-19,-5,-25,-27,-16,-20,-29,-25,sil
0.9900424480438232,-15,7,-2,33,12,10,0,3,-9,0,-4,-8,-19,-18,sil
1.005960464477539,0,7,5,39,22,26,20,2,8,19,0,-3,-6,2,sil
1.005960464477539,-5,-2,2,37,19,22,24,1,5,14,-12,-10,-7,6,sil
1.0208771228790283,-9,-12,-16,15,9,15,25,4,9,22,-12,-12,4,2,sil
1.0208771228790283,-6,-13,-7,-8,0,18,22,5,20,34,-14,-18,12,3,sil
1.0370781421661377,-16,-14,-6,-12,-6,13,13,0,25,31,-25,-25,0,4,sil
1.0370781421661377,-18,-14,-13,-14,-5,2,5,-2,32,32,-21,-15,0,9,sil
1.052152156829834,-2,-9,-11,-31,-3,-1,0,-1,34,28,-11,-9,8,8,sil
1.052152156829834,0,-11,-19,-44,-8,-9,-7,0,21,7,-11,-18,2,-1,sil
1.06766676902771,-3,-8,-9,-40,-6,-13,-17,0,14,-2,-3,-12,0,-8,sil
1.06766676902771,-2,0,-4,-31,3,-8,-5,0,10,4,5,-2,4,-7,sil
1.0836503505706787,0,0,-7,-34,1,-13,0,-5,-12,-11,1,-6,-5,-6,sil
1.0836503505706787,0,2,0,-28,-7,-20,-10,-4,-38,-45,-8,-4,-21,-13,sil
1.0996732711791992,0,9,-2,-9,-4,-16,-10,0,-37,-43,-12,5,-22,-11,sil
1.1150665283203125,-1,4,6,1,2,0,-3,4,-23,-13,-6,5,-17,0,sil
1.1150665283203125,0,0,8,9,5,10,-3,3,-19,1,2,-2,-10,2,sil
1.1150665283203125,0,2,7,22,4,9,0,0,-18,1,3,0,5,4,sil
1.1317155361175537,2,9,11,34,1,12,8,0,-4,2,6,9,15,9,sil
1.1317155361175537,2,5,4,33,0,14,11,-2,11,6,19,6,9,4,sil
1.1471171379089355,6,3,14,18,-3,7,5,-2,17,8,24,7,15,0,sil
1.1471171379089355,20,8,21,10,-7,-1,0,-3,16,10,27,27,34,14,sil
1.16218900680542,24,7,11,12,-5,-10,0,-5,12,4,27,37,29,13,sil
1.16218900680542,16,5,8,6,0,-9,-5,2,6,-5,17,35,9,0,sil
1.1786205768585205,17,11,0,2,1,-7,-10,8,4,-9,18,35,12,3,sil
1.1786205768585205,20,20,11,13,5,-8,-10,1,-9,-14,26,28,12,7,sil
1.1940007209777832,8,13,11,24,17,1,-3,0,-20,-14,16,10,-4,0,sil
1.1940007209777832,-1,0,-2,24,19,17,9,3,-4,6,-3,0,-11,3,sil
1.2083771228790283,-9,-3,0,11,4,15,9,1,-2,14,-18,-11,-13,4,sil
1.2262160778045654,-25,-10,-18,-1,-6,0,2,-4,-19,-4,-29,-33,-30,-11,sil
1.2262160778045654,-29,-19,-20,-6,-7,-1,1,-5,-15,-12,-36,-37,-35,-17,sil
1.2262160778045654,-19,-19,-7,-12,-14,0,0,0,5,3,-36,-25,-18,-9,sil
1.2410097122192385,-20,-23,-19,-32,-22,-10,-6,-3,9,4,-33,-32,-16,-14,sil
1.25740385055542,-22,-17,-13,-34,-14,-5,2,0,0,-4,-21,-33,-22,-20,sil
1.25740385055542,-13,-2,-7,-11,0,7,14,3,0,-2,-5,-19,-8,-10,sil
1.25740385055542,-5,-1,-4,-7,0,-2,-2,0,0,0,-4,-12,0,-3,sil
1.2738661766052246,5,0,4,-18,-3,-14,-18,0,5,5,1,-6,3,-2,sil
1.2738661766052246,20,9,7,-7,2,-1,-6,1,14,20,19,8,22,8,sil
1.2872891426086426,16,11,10,7,9,10,0,-1,15,21,14,16,28,17,sil
1.2872891426086426,8,7,-2,8,12,3,4,-1,9,8,7,14,16,14,sil
1.304032802581787,8,4,0,1,10,-6,12,0,7,-3,15,13,13,13,sil
1.304032802581787,0,-5,4,-13,-1,-4,9,1,8,-10,3,6,9,12,sil
1.3189072608947754,-4,-10,-5,-18,-8,0,-2,0,6,-5,-8,2,0,1,sil
1.334491491317749,2,7,9,0,4,3,-7,0,1,3,5,7,2,-3,sil
1.334491491317749,6,13,7,13,14,9,0,1,4,7,12,10,11,2,sil
1.334491491317749,9,0,-2,10,6,6,4,0,10,7,5,15,15,14,sil
1.348625659942627,17,-1,6,10,0,4,-2,1,8,14,10,24,21,15,sil
1.3640997409820557,13,3,2,14,0,0,-2,0,2,18,12,11,13,6,sil
1.3640997409820557,0,0,2,2,0,-7,0,0,-9,-1,0,-9,-9,-8,sil
1.379676103591919,-11,-4,-6,-7,-3,-3,0,-2,-24,-25,-2,-12,-18,-21,sil
1.379676103591919,-14,0,-11,3,-2,6,1,0,-30,-24,-3,-4,-17,-16,sil
1.395211696624756,-6,9,4,14,4,10,2,7,-20,-13,-4,-3,-21,-7,sil
1.395211696624756,0,9,1,9,7,0,-3,1,-9,-9,-2,-9,-17,-5,sil
1.4109165668487549,0,4,3,3,2,-10,-9,-3,-9,-3,-1,-11,-8,-4,sil
1.4109165668487549,-1,1,3,2,-4,-10,-10,2,-4,0,0,-7,-5,-1,sil
1.4260668754577637,-7,-7,-2,-2,-9,-7,-13,0,-1,-9,-3,-5,-6,-4,sil
1.4260668754577637,-12,-10,0,-12,-8,-4,-12,-5,-2,-19,-12,-11,-8,-12,sil
1.4417400360107422,-6,-6,-7,-14,-5,-1,2,-2,3,-2,-12,-11,-8,-9,sil
1.4417400360107422,0,-2,3,-10,-6,1,23,0,5,4,-5,5,-3,2,sil
1.4573795795440674,2,0,6,-3,-8,1,22,-1,-10,-6,-3,17,0,2,sil
1.4573795795440674,2,0,-6,-3,-7,-4,-1,-2,-23,-4,-4,5,0,-4,sil
1.4726910591125488,0,1,-1,-1,-1,-5,-14,0,-7,11,-2,-5,1,2,sil
1.4726910591125488,0,0,0,6,7,5,-1,0,26,14,0,-3,8,12,sil
1.488276481628418,1,0,8,6,12,13,3,0,41,17,6,6,11,8,sil
1.488276481628418,2,1,9,4,9,5,3,2,29,28,17,13,15,10,sil
1.5043177604675293,1,0,-1,4,2,-3,9,0,17,18,23,15,17,16,sil
1.5043177604675293,9,-1,4,3,0,3,3,2,12,-2,11,13,5,11,sil
1.5201363563537598,12,0,-2,7,-3,8,-1,0,4,-8,-2,0,-3,3,sil
1.5201363563537598,2,0,-3,2,-5,2,2,-1,-5,-6,-9,-7,-2,0,sil
1.5356643199920654,-6,-5,-4,-10,1,0,7,0,-2,-2,-7,-3,5,-2,sil
1.5356643199920654,-3,-3,-12,-7,11,0,6,0,8,5,1,0,16,1,sil
1.5510749816894531,5,12,3,6,8,2,5,0,6,7,13,3,15,6,sil
1.5510749816894531,6,10,0,9,0,-4,0,3,-8,1,11,2,2,0,sil
1.5669615268707275,-7,-9,-9,-1,-5,-14,-17,-2,-27,-15,-7,-11,-10,-12,sorry
1.5669615268707275,-24,-17,-8,-14,-9,-7,-27,-8,-34,-30,-25,-22,-18,-23,sorry
1.5824668407440186,-17,-8,-7,-9,-4,0,-17,-6,-20,-14,-20,-13,-15,-20,sorry
1.5824668407440186,6,4,9,4,2,0,0,3,0,8,-2,4,0,-2,sorry
1.5978965759277344,16,9,10,15,8,0,8,10,10,15,11,11,10,11,sorry
1.5978965759277344,15,7,9,17,10,5,4,2,9,9,12,4,2,8,sorry
1.613661289215088,12,10,10,6,3,6,1,-3,-1,1,3,0,-4,0,sorry
1.613661289215088,1,0,-5,-7,-6,-2,4,-3,-9,0,-1,0,-7,-2,sorry
1.6287362575531006,-7,-7,-3,-14,-7,-7,1,-2,-7,0,-7,-3,-18,-4,sorry
1.6287362575531006,-6,-3,-8,-15,0,4,0,-3,-4,-7,-9,-9,-19,-6,sorry
1.644672393798828,-5,0,-8,-10,2,9,0,1,-3,-4,-6,-8,-2,-1,sorry
1.644672393798828,-4,0,5,-1,0,1,0,3,4,9,3,-4,9,1,sorry
1.659825325012207,-4,-1,2,-2,-6,-5,0,-2,19,9,17,-1,12,4,sorry
1.659825325012207,-3,-5,3,-7,-6,-1,6,3,19,-3,14,2,9,5,sorry
1.6755881309509275,-2,-5,-2,0,-1,2,7,10,2,-10,-7,0,-6,-3,sorry
1.6755881309509275,-1,-2,0,1,-5,-3,-2,0,-13,-18,-22,-6,-23,-14,sorry
1.691178798675537,-1,-1,8,-5,-10,-4,-4,-3,-7,-12,-8,3,-10,-3,sorry
1.691178798675537,3,1,-6,0,3,7,10,4,21,17,16,21,17,19,sorry
1.706589698791504,11,13,3,14,19,12,13,2,32,29,14,20,26,23,sorry
1.706589698791504,11,14,8,17,9,-2,-1,-4,11,11,-5,2,10,10,sorry
1.7227349281311035,6,0,-3,9,-9,-16,-15,-3,-10,-1,-7,-2,-1,5,sorry
1.7227349281311035,0,-1,4,1,-15,-7,-16,1,-13,-6,-1,4,1,6,sorry
1.7383205890655518,-3,-2,3,3,-5,0,-5,-4,-8,-17,-3,7,2,0,sorry
1.7383205890655518,0,-2,3,3,0,0,-2,-5,-11,-19,-1,9,-2,-1,sorry
1.7539894580841064,3,5,3,3,5,2,-10,0,-5,-3,13,13,4,1,sorry
1.7539894580841064,2,7,-2,14,11,5,-6,0,7,7,24,8,15,0,sorry
1.7696573734283447,2,1,0,15,7,6,7,0,7,10,16,1,9,-1,sorry
1.7696573734283447,0,-3,-9,-2,0,0,5,1,-4,13,2,-8,3,-2,sorry
1.7846879959106443,-8,-8,-8,-19,4,-4,-1,0,-13,9,0,-19,0,-10,sorry
1.7846879959106443,-15,-13,-8,-21,5,0,9,0,-11,0,-3,-28,-13,-18,sorry
1.8007607460021973,-21,-17,-18,-21,-6,-4,12,0,-14,-11,-24,-35,-28,-24,sorry
1.8007607460021973,-20,-4,-6,-16,-4,-2,1,0,-14,-17,-24,-27,-22,-24,sorry
1.816678047180176,0,8,5,0,4,5,8,1,11,0,3,-7,0,0,sorry
1.816678047180176,15,8,15,4,0,3,22,4,36,19,9,5,8,16,sorry
1.8327317237854004,7,0,4,-1,-3,5,17,3,22,11,-9,5,0,6,sorry
1.8327317237854004,2,0,-8,2,5,8,1,-3,-3,-8,-15,2,-9,0,sorry
1.8481206893920896,7,4,9,6,0,-2,-15,-2,-11,-16,-6,7,-7,0,sorry
1.8481206893920896,4,2,3,3,-13,-10,-25,1,-7,-3,-1,9,0,-1,sorry
1.86365008354187,2,-4,-1,1,-9,-1,-18,-3,-7,2,0,9,2,5,sorry
1.86365008354187,3,-4,7,-3,-1,0,-6,-1,-1,1,5,12,5,13,sorry
1.87971305847168,0,-3,-3,-12,-9,-9,-6,0,6,6,12,15,11,7,sorry
1.87971305847168,5,3,0,3,-5,-8,-5,0,0,0,11,17,10,2,sorry
1.895833969116211,10,15,7,30,12,3,3,0,-8,-11,2,17,0,8,sorry
1.895833969116211,4,11,7,23,13,10,1,-2,-8,-2,-2,16,-2,12,sorry
1.91096830368042,2,6,7,7,2,5,-10,-2,-4,7,3,17,1,9,sorry
1.9261596202850344,4,6,-1,8,8,-4,-4,0,-4,0,9,7,3,4,sorry
1.9261596202850344,-6,0,-3,-2,13,-1,7,2,-1,-4,0,-14,1,0,sorry
1.9261596202850344,-17,-9,-12,-15,0,5,9,7,8,4,1,-21,0,-5,sorry
1.9428412914276123,-10,-7,-13,-11,-8,3,8,6,12,9,6,-16,-2,-8,sorry
1.9428412914276123,-8,-6,-7,-15,-4,8,8,0,6,6,-6,-28,-2,-11,sorry
1.9576590061187744,-18,-9,-8,-21,-2,6,3,-4,6,0,-15,-35,1,-14,sorry
1.9576590061187744,-12,-1,6,-9,-7,-4,0,0,10,-1,-4,-12,0,-10,sorry
1.9733107089996336,4,2,4,3,-5,-2,7,1,7,3,0,-1,0,-1,sorry
1.9733107089996336,3,1,2,0,0,0,5,0,1,2,-4,-13,0,0,sorry
1.9899835586547847,-4,0,8,-3,0,-5,-8,0,-6,-8,-3,-8,-3,-2,sorry
1.9899835586547847,2,-5,0,0,-3,-7,-12,-6,-11,-13,-3,5,-6,0,sorry
2.014237403869629,15,0,5,8,0,2,-1,-6,-9,-12,-5,10,-5,6,sorry
2.014237403869629,16,14,0,16,11,3,10,2,1,-1,-1,11,-2,6,sorry
2.014237403869629,17,11,-2,16,10,0,13,3,6,6,2,15,1,2,sorry
2.0208590030670166,19,2,12,11,4,8,12,5,4,6,7,18,6,7,sorry
2.036350965499878,13,-3,2,11,1,5,8,3,12,6,10,17,9,15,sorry
2.0525856018066406,6,-10,1,1,-3,-7,0,-3,15,9,6,15,9,12,sorry
2.0525856018066406,4,-10,0,-8,-8,-7,-2,-2,2,7,7,10,9,6,sorry
2.0525856018066406,0,-4,-9,-2,-4,-6,-8,3,-12,-2,8,3,4,0,sorry
2.067746162414551,-13,-2,-1,-2,-3,-4,-21,0,-17,-11,-4,-2,-2,-10,sorry
2.084927558898926,-25,-11,-12,-21,-7,1,-16,-9,-15,-5,-11,-8,-3,-15,sorry
2.084927558898926,-20,-11,-12,-33,-7,0,-6,-4,-14,0,0,-6,-3,-9,sorry
2.084927558898926,-11,0,-4,-18,-6,-12,-11,0,-9,-2,7,-2,-2,-10,sorry
2.100971221923828,-9,1,-6,-3,-4,-14,-7,-4,-1,0,5,-7,4,-11,sil
2.100971221923828,-1,4,7,1,0,-2,5,0,1,10,5,0,3,-2,sil
2.115504503250122,1,12,2,5,1,0,-2,0,-4,10,4,5,-4,4,sil
2.115504503250122,-9,7,-6,2,0,-2,-21,-7,-12,-7,-11,-12,-14,-7,sil
2.1309430599212646,-14,0,-6,-3,1,0,-9,4,-3,-20,-22,-21,-17,-19,sil
2.1309430599212646,0,4,-2,0,5,4,11,11,15,-7,0,-2,-6,-2,sil
2.14705491065979,9,12,11,8,3,5,4,1,17,2,15,6,4,13,sil
2.14705491065979,7,10,7,17,4,9,0,0,12,0,0,-4,0,5,sil
2.1639790534973145,14,11,9,25,15,13,16,3,7,-6,-11,3,-7,3,sil
2.1639790534973145,19,15,17,22,18,12,17,0,-1,-6,0,17,-1,9,sil
2.178043842315674,5,6,2,12,7,1,1,-5,-10,-7,5,5,-3,1,sil
2.178043842315674,-2,0,1,9,1,2,5,3,-14,-3,-1,-5,-7,0,sil
2.19507360458374,3,0,2,13,1,16,25,8,-3,8,-12,-5,2,12,sil
2.19507360458374,0,-10,0,3,-2,20,26,-5,4,10,-14,-12,5,4,sil
2.209906578063965,-6,-15,-5,-3,0,10,15,-8,4,8,-1,-12,2,-3,sil
2.209906578063965,4,-5,-3,6,10,2,18,3,18,25,16,7,16,18,sil
2.2249984741210938,16,-4,13,5,7,2,17,9,34,36,22,22,28,34,sil
2.2249984741210938,9,-21,-1,-13,-6,-6,-2,1,21,17,6,9,16,15,sil
2.242370367050171,-5,-22,-13,-23,-14,-23,-21,-1,2,0,-16,-12,0,0,sil
2.242370367050171,-10,-13,-1,-24,-16,-21,-20,-2,-2,-1,-20,-21,-4,-5,sil
2.2575793266296387,-7,-14,-13,-33,-21,-13,-21,-7,-4,-9,-14,-17,-5,-14,sil
2.2575793266296387,-6,-6,-14,-35,-17,-16,-27,-7,-6,-21,-15,-7,-8,-20,sil
2.273672342300415,-9,6,-12,-21,-11,-15,-21,-5,-3,-17,-4,6,-5,-18,sil
2.273672342300415,-3,5,-6,-11,-14,-11,-21,-2,-6,-11,12,13,-1,-15,sil
2.286778450012207,7,9,8,-6,-10,-9,-25,2,-12,-7,25,19,2,-11,sil
2.3026630878448486,11,21,7,11,1,-13,-19,0,-15,-3,32,29,9,-4,sil
2.3026630878448486,6,25,14,31,9,-11,-18,-1,-21,-10,25,27,6,0,sil
2.3225762844085693,6,16,11,31,17,4,-7,2,-21,-11,18,6,0,2,sil
2.3225762844085693,5,3,4,21,24,20,21,4,-9,3,13,-7,1,2,sil
2.3225762844085693,-9,-2,8,16,18,23,32,7,1,9,-8,-16,-9,-2,sil
2.3340744972229004,-24,-6,-10,9,7,21,30,2,6,5,-30,-29,-25,-2,sil
2.349595546722412,-25,-12,-12,-2,3,19,30,-3,8,5,-29,-24,-20,-3,sil
2.349595546722412,-18,-13,-4,-9,-2,11,21,1,6,2,-15,-7,-6,-2,sil
2.365591764450073,-5,-8,-3,-9,-11,1,15,5,9,5,0,3,4,10,sil
2.365591764450073,14,0,3,-4,-6,3,14,-1,23,15,1,10,14,22,sil
2.382874250411988,18,2,-1,-3,0,-4,3,-3,24,10,-5,12,14,15,sil
2.382874250411988,11,0,0,-19,-11,-20,-16,3,0,-11,3,10,5,-1,sil
2.39803409576416,8,2,1,-23,-15,-17,-26,0,-9,-26,13,7,3,-12,sil
2.39803409576416,7,11,0,-4,7,-12,-28,-7,-4,-20,7,4,1,-12,sil
2.412636041641236,5,16,9,7,17,-8,-24,-2,-13,-11,5,2,-6,-9,sil
2.412636041641236,2,16,4,18,11,3,-8,1,-19,-9,5,-3,-11,-6,sil
2.428084373474121,0,18,11,41,19,16,6,2,-12,2,2,-3,-9,0,sil
2.428084373474121,5,12,16,46,26,20,9,4,-2,21,2,2,-2,1,sil
2.445084810256958,7,-2,0,31,12,15,6,0,0,18,-5,-3,-3,0,sil
2.445084810256958,1,-7,1,15,0,10,6,0,1,9,-21,-14,-5,8,sil
2.4594266414642334,-1,-9,-5,-2,-3,3,13,2,6,19,-17,-12,1,17,sil
2.4594266414642334,-8,-19,-11,-21,-11,-1,13,-2,2,12,-10,-6,0,3,sil
2.4748575687408447,-16,-18,-7,-17,-21,-2,9,-6,-6,-5,-14,-10,-3,-2,sil
2.4748575687408447,-13,-16,-12,-13,-22,-5,0,-4,-3,-3,-12,-22,4,4,sil
2.4899911880493164,-5,-21,-5,-26,-16,-5,-5,-1,5,1,-4,-12,13,10,sil
2.4899911880493164,0,-12,-8,-30,-9,-4,0,0,14,2,0,8,14,11,sil
2.505882024765014,4,-2,0,-26,-12,-9,1,-3,14,0,3,11,9,9,sil
2.505882024765014,0,-4,4,-26,-17,-6,-2,-3,4,-9,5,0,0,-3,sil
2.5209603309631348,-5,-4,-10,-16,-3,-2,-1,0,0,-9,11,3,0,-11,sil
2.5209603309631348,-1,4,-1,-9,6,-6,-1,5,3,-1,17,16,3,-8,sil
2.536617040634156,7,1,0,-8,0,-8,-6,6,4,-1,18,16,1,-6,sil
2.536617040634156,5,3,0,2,0,-3,-4,3,6,-1,18,5,-3,-8,sil
2.5525827407836914,0,17,12,11,9,2,0,2,12,7,22,8,1,-7,sil
2.5525827407836914,5,22,8,17,12,3,2,5,18,14,25,19,12,4,sil
2.5682406425476074,17,22,14,33,16,1,3,8,20,12,17,23,10,13,sil
2.5682406425476074,5,12,7,31,11,1,0,0,9,2,0,9,0,0,sil
2.5838541984558105,-12,-1,-6,4,-2,-1,-11,-9,-12,-13,-12,-8,-7,-9,sil
2.5838541984558105,-5,2,0,2,0,-5,-20,-4,-24,-19,-10,-10,-11,-8,sil
2.598986864089966,4,6,-1,16,9,-5,-15,0,-18,-11,-11,-6,-8,-8,sil
2.598986864089966,-4,-5,-1,2,0,1,-9,-3,-19,-12,-21,-12,-6,-9,sil
2.615031480789185,-12,-12,-10,-16,-4,0,-9,-5,-30,-22,-22,-21,-12,-10,sil
2.615031480789185,-2,-11,-9,-5,-1,-5,-8,-6,-31,-18,-13,-15,-12,-8,sil
2.631207227706909,14,3,17,20,3,5,3,0,-18,1,-2,5,0,2,sil
2.631207227706909,25,20,13,32,10,14,18,5,-5,14,5,15,1,12,sil
2.6467604637146,5,10,-2,6,8,4,13,0,-5,4,0,0,-6,4,sil
2.6467604637146,-20,-14,-12,-23,0,0,2,-1,-3,-2,-9,-14,-9,-4,sil
2.662810802459717,-15,-17,-9,-18,0,9,8,3,4,7,-8,-10,-2,-1,sil
2.662810802459717,-5,-4,1,-6,-4,16,12,2,3,11,-7,-5,0,3,sil
2.678930759429932,-14,-9,-7,-12,-10,4,6,-6,0,6,-1,-10,0,2,sil
2.678930759429932,-9,-6,0,-13,-8,-6,4,1,9,6,6,-4,9,1,sil
2.6948156356811523,2,4,4,-5,-5,0,8,9,17,10,6,6,18,8,sil
2.6948156356811523,4,2,0,-6,-5,2,6,0,12,7,1,8,9,17,sil
2.7109289169311523,7,0,4,-2,-2,0,3,-3,12,3,0,6,-2,15,sil
2.7109289169311523,13,6,3,15,2,4,10,1,21,5,3,9,3,10,sil
2.726729154586792,16,9,11,23,6,11,16,1,23,10,12,17,12,14,sil
2.726729154586792,10,-1,10,13,5,4,9,3,21,10,17,11,8,15,sil
2.7420246601104736,0,-8,-4,4,1,-10,-2,4,18,10,14,-1,7,6,sil
2.7420246601104736,-2,1,5,4,0,-12,-14,0,13,9,10,2,10,0,sil
2.757129907608032,-1,2,-3,1,-4,-12,-20,-4,7,3,2,1,3,-8,sil
2.757129907608032,-14,-14,-13,-18,-12,-19,-24,-4,-7,-7,-9,-14,-6,-23,sil
2.773021936416626,-20,-16,-9,-29,-18,-14,-21,-3,-23,-19,-13,-18,-12,-28,sil
2.773021936416626,-13,-7,-15,-15,-9,-3,-10,-7,-23,-29,-18,-15,-21,-24,sil
2.7884106636047363,-13,-4,-5,-11,4,1,0,-3,-19,-35,-26,-13,-27,-24,sil
2.7884106636047363,-8,-1,-2,-16,2,2,5,3,-17,-21,-15,-3,-12,-15,sil
2.8043813705444336,9,5,4,0,-5,0,0,2,-6,1,0,5,6,2,sil
2.8043813705444336,19,14,12,14,6,0,-4,0,4,8,10,12,12,12,sil
2.8190433979034424,21,15,5,12,18,0,0,0,7,4,21,21,15,12,sil
2.8190433979034424,19,5,9,1,1,-2,-3,0,0,4,16,18,13,8,sil
2.835036039352417,4,-6,-5,-3,-8,-7,-14,-1,-5,5,0,2,2,2,sil
2.835036039352417,-1,0,-7,-3,2,-2,-5,0,-1,6,5,2,0,4,sil
2.8512284755706787,5,10,7,0,7,9,13,4,3,4,15,10,2,4,sil
2.8512284755706787,-1,1,-3,0,0,5,12,0,-8,-7,0,0,-7,-2,sil
2.8668477535247803,-13,0,-1,-6,0,-3,-3,-4,-22,-16,-15,-12,-20,-9,sil
2.8668477535247803,-6,9,3,0,11,1,-3,-1,-7,-3,-2,-7,-5,-7,sil
2.8819754123687744,0,11,4,15,15,10,9,1,3,10,9,-2,8,0,sil
2.8819754123687744,1,8,10,22,13,19,17,4,0,13,6,-4,1,7,sil
2.898099899291992,3,1,1,20,15,21,18,5,13,21,1,-2,0,16,sil
2.898099899291992,0,-2,7,18,14,11,14,8,26,19,0,3,9,15,sil
2.9139699935913086,-4,0,3,20,3,-1,2,1,5,0,-3,0,1,1,sil
2.9139699935913086,-3,-2,-5,13,-4,-11,-7,-9,-20,-13,-15,-11,-18,-6,sil
2.9300079345703125,-8,-12,0,1,-10,-6,-6,-4,-19,-11,-19,-10,-18,-1,sil
2.9300079345703125,-12,-13,-13,-4,-21,0,-2,2,4,-3,-11,-3,0,0,sil
2.9459714889526367,-6,-8,-10,-10,-22,-4,-7,0,11,1,-6,-4,3,-3,sil
2.9459714889526367,-2,-11,0,-17,-16,-6,0,0,0,4,0,-5,0,1,sil
2.961970806121826,-3,-16,1,-19,-16,2,9,7,3,1,3,0,2,4,sil
2.961970806121826,5,-5,5,-17,-13,3,3,3,15,1,0,4,7,0,sil
2.97739839553833,13,4,-4,-12,-4,-10,-6,-7,14,10,5,6,13,3,sil
2.97739839553833,8,2,0,-10,0,-12,-13,-3,4,8,15,17,19,8,sil
2.993071794509888,5,-1,7,-6,1,0,-11,4,6,-1,13,26,16,2,sil
2.993071794509888,6,-1,6,0,0,0,0,0,9,-2,8,14,7,3,sil
3.00858473777771,3,8,9,1,1,-2,5,-4,1,0,6,2,2,1,sil
3.00858473777771,0,6,-6,-4,8,0,0,-4,-7,-3,0,0,0,-11,sil
3.0246167182922363,-2,-3,-8,-10,6,2,0,-5,-5,-12,-8,0,-4,-18,sil
3.0246167182922363,-6,0,-1,0,6,6,3,-1,-2,-18,-5,-5,-5,-6,sil
3.039799451828003,-1,14,-4,12,18,2,2,0,-4,-12,1,-4,0,1,sil
3.039799451828003,5,14,3,9,17,-2,1,0,-8,-2,-2,-2,-2,0,sil
3.0555362701416016,3,1,-7,0,3,-7,0,0,-5,0,-8,-12,-11,-4,sil
3.0555362701416016,0,-3,-4,-2,-4,-10,-7,0,-6,-4,-7,-15,-10,0,sil
3.071077823638916,3,3,5,2,-3,-4,-10,1,-7,-1,0,-1,0,4,sil
3.071077823638916,2,6,-5,3,0,-2,-4,1,-1,6,7,2,2,-1,sil
3.086611747741699,-8,-1,-5,-6,-3,-5,-4,0,0,1,-2,-10,-7,-14,sil
3.086611747741699,-20,-15,-11,-14,-16,-6,-12,-5,-14,-8,-17,-23,-19,-21,sil
3.101949691772461,-16,-14,-7,-9,-10,-1,-11,-4,-23,-11,-14,-13,-19,-11,sil
3.101949691772461,-3,8,7,3,6,8,2,6,-5,0,3,5,-4,4,sil
3.1178135871887207,0,15,5,16,7,14,3,7,4,11,12,7,0,8,sil
3.1178135871887207,0,2,7,16,4,18,-1,2,0,11,8,3,-5,2,sil
3.1329519748687744,3,0,2,17,11,16,14,3,11,16,12,7,4,7,sil
3.1329519748687744,4,9,9,25,10,13,28,1,25,26,17,9,18,16,sil
3.148404121398926,5,7,12,22,2,8,14,-1,8,17,6,4,6,11,sil
3.148404121398926,7,-6,-3,8,0,-3,1,-1,-4,-3,-9,-1,-3,0,sil
3.164344787597656,9,-9,9,0,-1,-6,2,0,2,-10,-12,0,8,8,sil
3.164344787597656,13,-7,14,-1,-6,-1,2,0,6,2,1,12,22,25,sil
3.1800577640533447,15,-4,1,-5,-7,-4,0,1,1,8,9,19,16,15,sil
3.1800577640533447,10,0,-1,-4,-1,0,3,7,7,5,7,14,8,0,sil
3.1956377029418945,0,-5,-9,-5,0,2,5,2,13,0,4,3,10,-1,sil
3.1956377029418945,-11,-12,-6,-20,-7,-7,-8,-6,-3,-15,-6,-4,-1,-7,sil
3.2108521461486816,-19,-13,-14,-31,-16,-10,-12,-5,-14,-25,-16,-15,-16,-16,sil
3.226038217544556,-16,-8,-12,-22,-12,-6,0,-1,2,-17,-9,-20,-9,-8,sil
3.226038217544556,-9,5,0,-5,0,-2,3,0,15,-7,-6,-14,0,-1,sil
3.241694927215576,-6,10,-12,0,6,0,1,0,8,2,-8,-6,-4,-3,sil
3.241694927215576,0,2,0,0,0,-2,4,1,0,12,2,3,0,0,sil
3.241694927215576,9,5,13,0,0,-4,0,0,0,9,8,10,9,4,sil
3.2577154636383057,6,9,2,0,-1,-2,-13,-4,1,0,0,7,4,1,sil
3.2577154636383057,-2,3,1,-2,-2,1,-16,0,-3,1,-2,3,-1,-5,sil
3.2729852199554443,-2,-3,-2,0,2,0,-3,-1,-15,0,-5,-1,-2,-7,sil
3.291006088256836,1,-2,0,-1,2,-2,-5,-8,-25,-11,-5,-4,-7,-7,sil
3.291006088256836,2,1,1,-2,0,-3,-16,-2,-13,-8,5,1,-3,-11,sil
3.291006088256836,3,4,0,5,0,-3,-10,3,1,8,8,4,2,-3,sil
3.305046558380127,4,6,4,11,1,0,1,1,0,6,1,4,0,2,sil
3.305046558380127,1,6,-4,13,7,3,6,0,0,1,3,4,-3,-4,sil
3.319422721862793,-4,4,0,4,6,0,6,7,8,0,0,0,-9,-7,sil
3.319422721862793,-4,0,2,-5,-1,0,8,10,5,-3,-4,-9,-14,4,sil
3.334291458129883,0,0,-4,0,0,1,9,0,-1,-2,6,-9,-5,11,sorry
3.349915027618408,0,3,4,3,4,0,0,-2,-4,0,7,0,0,5,sorry
3.349915027618408,-2,-6,-2,-7,-6,-1,-7,-4,-3,-14,-1,7,-3,2,sorry
3.3657941818237305,3,-7,0,-12,-10,-3,-8,-4,-8,-24,1,9,-2,3,sorry
3.3657941818237305,6,7,4,-1,-1,-2,-5,0,-10,-15,13,2,1,-3,sorry
3.3808114528656006,-2,3,-5,9,3,0,-3,0,-5,0,13,-8,3,-7,sorry
3.3808114528656006,-3,-1,7,16,15,7,10,-1,0,11,2,-4,5,3,sorry
3.3968663215637207,1,3,5,26,25,15,22,0,6,20,-6,0,3,8,sorry
3.3968663215637207,-1,-1,0,23,12,15,9,0,2,14,-16,-8,0,-3,sorry
3.4122650623321533,-6,-5,-1,10,2,12,2,2,-5,7,-18,-14,-1,-4,sorry
3.4122650623321533,0,0,-7,10,6,9,16,1,5,17,-7,-5,7,11,sorry
3.427790641784668,7,-1,8,10,0,11,20,1,18,18,0,3,13,16,sorry
3.427790641784668,0,-7,0,-1,-4,10,7,0,16,6,2,3,11,4,sorry
3.443279981613159,-3,-4,-9,-13,-5,0,0,0,13,8,0,1,5,-1,sorry
3.443279981613159,-2,-2,2,-17,-14,-4,0,2,15,12,-9,-1,4,4,sorry
3.458992481231689,-6,-15,-6,-25,-18,-5,0,0,17,6,-7,-5,4,7,sorry
3.458992481231689,-8,-20,-8,-33,-12,-8,-9,0,9,1,3,-3,0,0,sorry
3.47397255897522,1,-5,0,-23,-11,-12,-11,0,3,0,5,3,0,0,sorry
3.47397255897522,17,9,4,-12,-8,-13,-2,0,5,-11,8,16,8,6,sorry
3.489027500152588,13,7,3,-16,-6,-14,-9,2,0,-22,10,24,7,-1,sorry
3.489027500152588,-6,0,-1,-18,-14,-27,-25,0,-17,-23,0,13,-4,-15,sorry
3.5050296783447266,-10,3,7,-9,-16,-29,-28,-3,-25,-26,-9,0,-8,-17,sorry
3.5050296783447266,0,6,-1,3,-8,-10,-19,-6,-20,-26,-8,-5,-11,-22,sorry
3.5212435722351074,5,12,-4,16,4,3,-10,-7,-23,-22,-4,-5,-19,-19,sorry
3.5212435722351074,7,22,10,18,16,7,-5,1,-17,-11,9,4,-11,-1,sorry
3.536894559860229,1,13,0,13,16,7,-4,5,-3,6,16,4,0,5,sorry
3.536894559860229,2,3,2,20,17,10,0,0,0,9,6,-3,1,3,sorry
3.5529322624206543,10,5,7,28,20,8,13,0,5,11,12,1,3,12,sorry
3.5529322624206543,1,0,0,8,9,-2,5,0,10,18,16,6,4,12,sorry
3.5680596828460693,-7,-1,0,-3,5,2,0,-4,-3,13,0,-1,0,0,sorry
3.5680596828460693,0,0,-7,6,11,13,12,0,-4,6,-5,-8,1,0,sorry
3.5836308002471924,-2,-10,0,0,-1,7,6,10,7,9,0,-7,3,4,sorry
3.5836308002471924,-11,-13,0,-8,-11,5,1,2,7,4,-8,-7,-6,0,sorry
3.598932981491089,-4,0,-8,0,0,8,14,-6,0,0,-16,-11,-14,-2,sorry
3.598932981491089,-4,-1,0,-3,-1,4,16,1,-1,4,-11,-14,-10,-3,sorry
3.614634513854981,-9,-16,-6,-10,-6,2,14,4,-2,0,-4,-11,0,-4,sorry
3.614634513854981,-7,-13,-1,-1,0,7,19,1,1,-5,-2,-3,5,0,sorry
3.631281137466431,-8,-2,3,4,0,8,10,0,8,2,-1,0,2,1,sorry
3.631281137466431,-2,-1,-5,4,0,1,-1,-1,7,4,0,0,1,-1,sorry
3.646692991256714,7,0,4,1,0,0,-2,0,1,-8,-5,0,5,0,sorry
3.646692991256714,5,1,1,-1,-6,-1,2,3,3,-14,-12,3,7,4,sorry
3.661846399307251,4,3,1,0,-6,-3,-2,-2,4,-7,-7,4,2,2,sorry
3.661846399307251,9,8,11,0,0,-2,-7,-5,0,0,0,3,0,0,sorry
3.677045583724976,5,4,-1,-4,4,-2,-10,-6,-5,-1,-7,1,0,-1,sorry
3.692713737487793,0,3,-7,-4,3,-5,-15,-1,-10,-5,-11,3,-2,-5,sorry
3.692713737487793,0,5,-3,0,0,-11,-13,5,0,6,11,3,0,0,sorry
3.692713737487793,1,0,6,-4,0,-8,-5,3,13,18,31,2,5,10,sorry
3.7083117961883545,8,0,4,-6,2,0,0,0,12,15,25,7,5,10,sorry
3.7083117961883545,9,6,0,0,6,0,3,0,14,14,16,9,10,11,sorry
3.724044561386109,1,6,8,-2,6,0,6,0,14,11,8,4,9,11,sorry
3.724044561386109,-1,-7,-1,-8,-2,0,3,-2,0,0,3,-2,0,1,sorry
3.739633083343506,0,-11,-1,-6,-12,-6,0,-3,-9,-5,4,1,0,-4,sorry
3.739633083343506,1,0,3,1,-3,-5,0,0,-5,-6,0,7,0,-5,sorry
3.755013942718506,-1,0,-6,5,2,0,-1,0,-10,-13,-14,-1,-11,-10,sorry
3.755013942718506,-2,0,2,4,-4,0,-5,-1,-14,-14,-18,-4,-15,-10,sorry
3.770760536193848,-4,7,-6,8,-5,-3,-10,0,-4,0,-3,8,0,-4,sorry
3.770760536193848,-5,6,-11,10,-4,-7,-18,1,-3,4,5,13,5,0,sorry
3.786541700363159,2,0,5,3,-4,-2,-13,0,-10,-4,0,10,0,0,sorry
3.786541700363159,6,-2,-2,-1,0,2,-1,-3,-4,-9,-7,6,-1,0,sorry
3.8017232418060303,-3,-2,2,-6,-2,4,-1,-1,-4,-13,-7,1,-3,-5,sorry
3.8017232418060303,0,1,9,-1,1,8,0,1,-10,-7,0,0,0,-5,sorry
3.817585468292236,13,7,4,6,13,10,12,1,-4,4,1,1,2,1,sil
3.817585468292236,1,2,5,-2,4,5,13,6,1,-1,-6,-6,-2,0,sil
3.833592176437378,-14,-12,-9,-16,-7,-5,4,4,-1,-12,-4,-20,-3,-4,sil
3.833592176437378,-10,-15,-6,-18,-7,-6,-2,-1,-2,-1,0,-19,-3,-4,sil
3.849086284637451,-11,-5,-3,-11,-5,-1,0,-2,3,4,0,-16,-10,-5,sil
3.849086284637451,-14,-4,-6,0,-2,3,8,1,9,-4,0,-18,-10,-4,sil
3.864812135696411,1,0,1,9,4,12,15,5,17,2,6,-9,0,3,sil
3.8811113834381104,10,4,-6,8,9,13,14,3,25,22,12,0,10,11,sil
3.8816239833831774,0,5,0,2,8,6,8,-1,17,18,10,-5,10,6,sil
3.8816239833831774,0,5,10,16,12,6,5,-2,-1,4,1,-6,0,1,sil
3.8962478637695312,11,9,6,27,15,8,4,-3,-13,3,-3,1,-7,5,sil
3.8962478637695312,4,7,5,11,7,5,1,-4,-14,2,-7,0,-9,5,sil
3.913623809814453,-12,0,-3,0,-2,-5,0,-2,-9,0,-17,-4,-6,-5,sil
3.913623809814453,-11,0,0,1,0,-18,-14,-3,-11,-7,-16,2,-10,-11,sil
3.926656007766724,-5,0,-1,0,4,-12,-27,-7,-14,-13,-8,9,-7,-11,sil
3.943589210510254,-11,-9,-10,-8,-2,-2,-10,-4,-4,-7,-7,2,4,-9,sil
3.943589210510254,-8,-7,6,-5,-3,0,15,8,12,11,1,4,18,3,sil
3.958479166030884,1,-5,4,3,3,4,18,10,20,25,17,11,24,18,sil
3.958479166030884,9,-6,-4,0,-4,6,6,0,17,17,8,11,15,17,sil
3.958479166030884,14,2,-3,-9,-14,-2,0,0,12,0,-2,7,5,7,sil
3.972701072692871,18,4,0,-13,-10,-18,-6,5,6,-5,5,10,6,5,sil
3.9878976345062256,25,2,10,-7,-8,-14,-13,1,-1,0,13,23,10,14,sil
3.9878976345062256,25,5,1,0,-5,2,-4,-3,-2,1,16,28,12,18,sil
4.003677368164063,12,5,3,-7,-4,4,3,-3,1,-3,15,20,11,7,sil
4.003677368164063,7,5,13,-4,-3,-3,4,0,9,0,13,14,7,0,sil
4.025838851928711,12,9,4,8,0,0,6,1,11,4,18,10,2,4,sil
4.025838851928711,0,4,2,-1,-1,0,-6,3,-5,-8,11,-3,-10,-5,sil
4.025838851928711,-21,-9,-13,-21,-12,-14,-25,0,-23,-25,-15,-23,-23,-34,sil
4.033958673477173,-21,-7,-15,-16,-8,-16,-21,0,-19,-25,-27,-25,-24,-34,sil
4.049138784408569,-12,2,4,-5,3,0,-2,2,-1,-9,-11,-15,-13,-11,sil
4.049138784408569,-12,0,0,5,5,5,3,-4,1,2,0,-18,-8,-6,sil
4.0650928020477295,-12,0,-2,19,7,9,-3,-8,-13,-9,-10,-26,-12,-14,sil
4.0650928020477295,-10,3,-6,19,12,13,-3,-3,-20,-21,-15,-21,-12,-7,sil
4.081223011016846,-7,-3,-3,8,10,5,0,1,-13,-9,-8,-11,-9,0,sil
4.081223011016846,-10,-6,0,0,4,1,-7,3,-15,-4,-9,-12,-10,-6,sil
4.097018480300903,-16,-4,-11,0,4,9,-6,0,-15,-2,-18,-19,-10,-7,sil
4.097018480300903,-5,0,5,11,11,18,12,-1,0,12,-10,-8,-5,2,sil
4.112691640853882,11,5,12,21,14,17,23,5,10,26,11,8,6,14,sil
4.112691640853882,11,0,4,14,10,8,17,8,11,26,19,13,15,21,sil
4.128355503082275,3,-4,8,2,3,8,23,5,21,29,8,13,10,22,sil
4.128355503082275,8,-5,0,0,0,13,29,1,29,34,0,8,9,20,sil
4.144384860992432,7,-10,-3,-8,-7,0,13,-3,27,21,-8,0,17,13,sil
4.144384860992432,-3,-15,-8,-20,-14,-18,-3,-3,22,2,-10,-1,13,2,sil
4.159800052642822,0,-4,-5,-15,-13,-24,-10,-3,9,-3,6,15,11,0,sil
4.159800052642822,12,8,8,-9,-11,-25,-14,-4,-6,-6,20,31,19,0,sil
4.175748109817505,3,4,-2,-17,-19,-30,-13,-4,-6,-15,14,20,9,-11,sil
4.175748109817505,-2,6,-5,-24,-12,-18,-13,0,-1,-23,6,6,-2,-13,sil
4.1918604373931885,10,18,0,-13,2,-1,-8,5,-7,-19,11,11,5,-4,sil
4.1918604373931885,15,18,1,4,3,-1,-3,0,-21,-18,18,15,6,-1,sil
4.20705509185791,6,12,12,18,6,1,-8,-4,-25,-15,17,9,-7,-4,sil
4.20705509185791,2,7,6,22,18,15,-10,-4,-13,-7,6,-1,-8,-3,sil
4.22258186340332,-1,2,2,18,16,16,-1,1,-6,-6,-3,-13,-7,-4,sil
4.22258186340332,-11,0,2,16,6,11,0,5,-10,-2,-12,-21,-13,-6,sil
4.238068103790283,-15,-5,0,15,4,8,-4,1,-7,5,-21,-21,-18,-1,sil
4.238068103790283,-13,-10,0,3,1,12,2,4,5,6,-26,-20,-14,0,sil
4.2530176639556885,-11,-14,-14,-3,-3,15,18,9,17,10,-24,-22,-11,0,sil
4.2530176639556885,-10,-15,-8,-6,-11,4,18,0,15,13,-28,-20,-15,5,sil
4.268740177154541,-2,-13,0,-12,-15,-1,9,-7,14,11,-25,-12,-5,6,sil
4.268740177154541,10,-10,-2,-11,-8,0,9,-2,23,16,-2,0,12,11,sil
4.284107208251953,18,0,8,1,0,0,11,3,23,22,17,14,15,21,sil
4.284107208251953,8,1,-6,-1,-3,-5,9,0,13,19,21,16,15,18,sil
4.299968004226685,-2,-9,-14,-22,-5,-9,0,-8,11,7,9,2,15,4,sil
4.299968004226685,6,-1,0,-10,2,-8,-6,-4,10,0,5,6,6,0,sil
4.314850568771362,21,20,5,12,9,-7,-5,0,-2,-4,16,27,7,3,sil
4.314850568771362,9,23,14,8,7,-7,-11,1,-21,-15,20,27,12,0,sil
4.329904556274414,-4,6,4,-4,2,-15,-25,-3,-29,-28,11,6,4,-13,sil
4.329904556274414,-1,0,-3,-10,0,-20,-26,-5,-27,-26,8,1,-1,-16,sil
4.345867395401001,-2,2,3,-16,-3,-12,-20,-1,-27,-18,12,4,0,-14,sil
4.345867395401001,-11,0,0,-6,-6,-10,-27,-2,-31,-24,4,-2,-6,-18,sil
4.362961053848267,-19,-3,-2,2,-4,-8,-34,-4,-32,-33,-11,-15,-23,-29,sil
4.362961053848267,-22,-8,-18,-1,0,5,-16,1,-13,-17,-16,-25,-28,-32,sil
4.377919673919678,-13,-5,-12,0,9,19,8,11,8,4,-7,-16,-16,-17,sil
4.377919673919678,-3,4,11,11,11,17,16,9,12,14,-3,0,-1,1,sil
4.391577959060669,0,6,7,23,9,16,19,1,10,20,-4,1,1,18,sil
4.408060789108276,9,10,13,31,12,30,33,5,17,28,0,0,4,31,sil
4.408060789108276,17,10,9,33,13,30,47,10,26,26,6,6,14,27,sil
4.424648284912109,5,0,2,20,0,8,40,3,19,22,1,4,15,13,sil
4.424648284912109,-3,-9,9,0,-12,2,19,-1,8,19,-7,-1,0,11,sil
4.424648284912109,1,-13,-4,-6,-9,1,12,-4,7,12,-17,-6,-6,13,sil
4.437837362289429,9,-9,-4,-2,-3,-6,10,-5,7,4,-19,-8,1,9,sil
4.453001976013184,5,0,-3,-3,-1,-4,0,0,8,8,-8,-11,2,6,sil
4.453001976013184,-4,-4,-13,-10,-2,-2,-9,0,17,10,-4,-12,0,3,sil
4.469054222106934,-1,-4,-6,-15,-6,-10,-5,-1,22,4,-8,-2,7,0,sil
4.469054222106934,6,0,-6,-18,-4,-12,0,-1,20,1,1,10,15,3,sil
4.486990451812744,-1,-6,-10,-25,-3,-8,-8,-3,5,-9,5,1,3,-2,sil
4.486990451812744,-18,-13,-13,-33,-11,-10,-24,-5,-11,-25,-2,-13,-9,-22,sil
4.486990451812744,-10,-9,-8,-32,-13,-19,-28,-2,-17,-28,4,-3,-4,-20,sil
4.500006198883057,11,6,9,-17,-9,-19,-29,0,-24,-25,20,18,5,-5,sil
4.515942096710205,11,20,4,0,-6,-11,-26,-3,-33,-19,22,18,5,-5,sil
4.515942096710205,1,19,8,10,11,0,-16,0,-28,-15,10,9,-5,-15,sil
4.530958890914917,8,12,10,17,22,4,-6,-1,-21,-12,0,8,-12,-12,sil
4.530958890914917,13,9,5,14,6,-3,-8,-3,-24,-8,2,9,-9,1,sil
4.546957969665527,6,12,22,8,0,0,-3,8,-12,0,12,15,0,8,sil
4.546957969665527,7,13,18,29,17,12,17,16,15,9,16,15,12,15,sil
4.561724424362183,9,4,10,45,14,17,28,2,27,15,10,7,10,24,sil
4.561724424362183,2,-9,4,25,4,21,23,-3,16,16,1,0,5,18,sil
4.576850175857544,0,-15,-10,7,8,22,24,0,4,13,-10,-8,2,2,sil
4.576850175857544,-9,-12,-8,1,5,13,18,0,0,3,-24,-20,-8,-9,sil
4.591919898986816,-26,-20,-17,-10,-7,4,6,-1,14,9,-19,-19,-9,-11,sil
4.591919898986816,-20,-21,-13,-15,-12,0,6,-1,30,27,-4,-6,3,-4,sil
4.607936143875122,-4,-4,-4,-11,-11,-6,3,0,24,21,-4,-7,3,0,sil
4.607936143875122,-3,-2,-15,-16,-13,-18,-13,-3,3,1,-11,-13,-8,-3,sil
4.623920440673828,-3,-5,-4,-22,-16,-19,-25,-4,-10,-9,-4,0,-10,-14,sil
4.623920440673828,0,3,1,-19,-12,-18,-21,1,-13,-16,11,11,1,-12,sil
4.639281511306763,0,13,2,-15,0,-15,-20,3,-16,-22,14,2,8,-4,sil
4.639281511306763,2,16,8,-7,0,-8,-20,-5,-22,-22,4,0,-3,-12,sil
4.655071258544922,2,15,3,1,-2,-6,-17,-9,-24,-24,0,0,-15,-13,sil
4.655071258544922,2,15,6,11,6,0,-9,2,-20,-19,8,0,0,6,sil
4.67104697227478,5,13,7,24,19,15,5,7,-5,1,12,6,16,16,sil
4.67104697227478,2,1,6,24,14,20,15,1,1,16,0,1,0,5,sil
4.685903549194336,-3,-8,5,12,6,23,19,0,0,13,-13,-13,-16,1,sil
4.685903549194336,-1,-9,-5,13,9,25,31,2,8,18,-9,-13,-8,12,sil
4.702163696289063,0,-9,0,10,9,22,39,6,25,33,-10,-7,0,22,sil
4.702163696289063,-12,-18,-8,-3,-1,12,32,7,22,29,-22,-20,-3,16,sil
4.718061685562134,-15,-17,-16,-16,-9,-2,17,-1,9,3,-24,-21,-3,1,sil
4.718061685562134,0,-5,-4,-15,-2,-10,1,-6,6,-7,-6,5,5,0,sil
4.732964992523193,8,-3,-6,-12,0,-10,-9,-2,5,-8,7,15,6,-3,sil
4.732964992523193,3,0,-2,-15,-10,-14,-18,-2,-5,-21,0,1,-8,-14,sil
4.748951196670532,4,9,-1,-8,-14,-15,-21,-2,-6,-25,-7,0,-8,-10,sil
4.748951196670532,17,6,3,1,-7,-9,-18,1,0,-15,0,13,12,0,sil
4.763820648193359,22,0,14,-4,-11,-5,-7,5,3,-5,5,14,19,0,sil
4.763820648193359,12,0,4,-8,-8,-5,6,1,16,10,13,9,15,4,sil
4.779056310653687,4,9,7,2,7,2,9,0,26,21,23,17,22,11,sil
4.794589519500732,7,17,7,10,9,1,-2,4,12,15,30,26,27,6,sil
4.794589519500732,9,7,3,5,0,-16,-16,1,-8,2,31,20,19,1,sil
4.794589519500732,0,2,11,0,1,-12,-14,-4,-15,-3,18,10,4,-2,sil
4.810965538024902,-9,1,-2,-3,5,1,-6,-5,-13,-5,0,0,-9,-11,sil
4.810965538024902,-13,-1,-4,-2,-3,-8,-14,0,-19,-16,-7,-10,-20,-19,sil
4.8266472816467285,-15,-2,-2,4,1,-9,-14,-2,-21,-19,0,-10,-15,-17,sil
4.8266472816467285,-4,0,-5,11,17,8,-2,-5,-9,0,9,-1,-8,-1,sil
4.841711282730103,3,2,8,11,10,8,-1,3,-2,7,6,5,-7,10,sil
4.841711282730103,0,0,2,15,0,-3,0,6,-3,0,0,1,-2,6,sil
4.858441352844238,-3,-3,-1,7,0,0,4,-2,-5,0,-5,-4,-3,0,sil
4.858441352844238,-7,-5,-5,-4,-5,6,-1,-2,-5,1,-12,-9,-15,-3,sil
4.873788118362427,-14,-7,-13,-7,-7,5,2,2,4,-6,-19,-14,-18,-8,sil
4.873788118362427,-11,-3,0,-11,0,16,15,4,10,-8,-24,-19,-16,-7,sil
4.888900995254517,-7,-4,-4,-12,-1,15,13,-1,-1,2,-28,-22,-18,-2,sil
4.905217885971069,-1,-5,0,0,-3,6,7,0,-5,15,-16,-10,-4,2,sil
4.905217885971069,11,5,14,13,7,13,15,6,8,18,0,3,12,12,sil
4.905217885971069,12,7,-2,7,2,8,10,3,5,2,-4,-3,0,8,sil
4.921580791473389,-2,1,-7,1,-8,-3,0,0,-8,-15,-20,-18,-13,-2,sil
4.921580791473389,-2,2,-4,5,3,7,18,0,2,-2,-7,-12,1,1,sil
4.935715198516846,8,0,1,0,12,14,27,0,14,13,11,1,17,10,sil
4.9519407749176025,5,-2,4,-4,0,0,3,-1,4,1,9,1,8,2,sil
4.9519407749176025,-7,-1,-8,3,-7,-13,-13,-4,-3,-11,0,-2,1,-6,sil
4.9522809982299805,-8,0,-3,0,0,-12,-14,-6,-6,-6,4,8,8,-2,sil
4.967965126037598,1,0,0,-10,2,-8,-10,-1,0,3,21,17,15,5,sil
4.984131574630737,9,3,1,-1,0,-13,-5,0,7,1,16,6,9,6,sil
4.984131574630737,3,0,2,0,-6,-13,-7,0,0,-4,-5,-1,0,-2,sil
4.984131574630737,-2,-16,-8,-20,-14,-7,-13,0,-5,0,-4,1,1,-1,sil
4.997746229171753,3,-16,4,-28,-15,0,-7,3,8,10,13,13,14,8,sil
5.013936996459961,13,-2,11,-4,-1,0,5,4,21,18,15,14,20,6,sil
5.013936996459961,9,3,1,7,5,-1,0,3,11,8,1,5,5,-1,sil
5.02963399887085,-1,2,0,0,0,0,-3,2,4,-2,-5,4,-3,0,sil
5.02963399887085,0,5,-2,0,0,2,4,-1,9,4,0,6,3,3,sil
5.02963399887085,0,10,3,5,10,3,5,-1,-2,0,0,0,-3,-5,sil
5.043700695037842,-7,4,-1,4,12,-2,0,0,-16,-18,-4,-6,-15,-9,sil
5.059331655502319,-1,1,4,5,1,-8,-3,-1,-1,-10,0,2,-7,3,sil
5.059331655502319,7,10,12,9,-2,0,-4,0,7,0,6,10,-5,0,sil
6.852606534957886,-9,1,-7,8,0,-2,-16,-4,-22,-31,-23,-14,-56,-17,sorry
6.852606534957886,-19,-11,-9,-24,-7,0,-14,-1,-19,-29,-28,-18,-48,-20,sorry
6.8677592277526855,-9,-5,-9,-19,-6,-6,-5,0,-4,-10,-13,-12,2,-5,sorry
6.8677592277526855,2,6,3,7,-2,0,-4,0,1,0,-5,-4,31,3,sorry
6.8838512897491455,-2,2,-2,3,0,10,-1,0,3,-2,-15,-5,16,-5,sorry
6.8838512897491455,-4,1,-4,-4,-1,3,2,0,1,-7,-15,-8,8,-8,sorry
6.899885416030884,0,0,8,-1,-3,-1,1,0,-7,-12,-5,-6,12,-3,sorry
6.899885416030884,-3,-4,-5,-6,2,3,3,-4,-12,-8,-2,-7,14,-8,sorry
6.9150550365448,-6,3,-1,-1,10,5,8,-2,-8,-1,-1,-4,14,-6,sorry
6.9150550365448,-2,13,6,15,8,0,1,0,-10,-4,0,0,8,4,sorry
6.931118726730347,-2,2,-3,17,0,-2,-9,-2,-12,0,0,0,4,9,sorry
6.931118726730347,-1,0,6,10,-4,6,-6,3,-4,15,14,6,15,10,sorry
6.946670293807983,2,7,6,13,0,12,5,11,12,18,26,17,20,14,sorry
6.946670293807983,7,2,5,10,6,10,14,7,22,24,18,14,9,13,sorry
6.96271824836731,3,-5,2,9,5,14,21,5,23,42,12,5,7,11,sorry
6.96271824836731,-3,-7,-3,10,1,13,23,2,19,34,9,1,11,10,sorry
6.977742433547974,0,-12,0,-2,-4,6,13,-1,19,11,-6,-1,0,1,sorry
6.977742433547974,9,-17,-7,-17,-7,0,8,-6,21,12,-7,-1,-1,1,sorry
6.995020627975464,18,-7,0,-18,-7,-10,4,-6,17,21,7,14,10,17,sorry
6.995020627975464,12,-2,8,-25,-8,-17,-6,-4,6,2,6,19,13,13,sorry
7.008576154708862,-1,-13,-9,-35,-10,-20,-12,-8,-6,-26,-9,1,-4,-12,sorry
7.009576797485352,0,-2,-7,-24,-4,-15,-3,-2,-7,-26,-5,2,-18,-18,sorry
7.025615692138672,7,16,0,-6,4,-11,0,6,-1,-12,10,10,-10,-4,sorry
7.025615692138672,2,14,6,-1,4,-18,-18,0,-18,-26,5,0,-13,-11,sorry
7.040719509124756,-1,8,5,1,3,-14,-21,-2,-32,-36,1,-3,-23,-21,sorry
7.040719509124756,-1,7,-2,7,5,-4,-5,4,-10,-18,3,-2,-19,-11,sorry
7.057044744491577,-8,4,0,8,0,0,-1,7,4,-8,-6,-13,-15,-8,sorry
7.057044744491577,-8,7,-2,14,3,1,-5,3,-2,-11,-7,-13,-14,-11,sorry
7.0720038414001465,0,9,1,13,13,5,-13,0,-11,-11,0,-7,-7,-1,sorry
7.0720038414001465,-7,1,0,4,4,10,-20,-4,-24,-19,-19,-19,-11,-3,sorry
7.088062286376953,-18,-7,-9,8,-7,14,-10,-9,-35,-25,-32,-32,-22,-13,sorry
7.102666616439819,-16,-2,5,13,-4,16,2,-1,-27,-9,-17,-19,-20,-5,sorry
7.102666616439819,-6,-2,-1,16,2,20,12,1,-5,12,-11,-6,-9,10,sorry
7.117844104766846,4,-6,-4,19,7,26,24,2,14,24,-10,0,8,17,sorry
7.117844104766846,11,-3,12,12,8,26,28,8,34,40,7,11,28,22,sorry
7.133380889892578,8,-4,-3,-1,-3,12,22,6,39,53,17,18,32,26,sorry
7.133380889892578,9,-3,0,-3,-7,3,19,-1,29,37,4,13,23,28,sorry
7.14928674697876,19,3,7,7,6,3,27,0,26,22,12,15,29,28,sorry
7.14928674697876,18,0,1,7,8,-3,21,0,25,21,25,22,37,21,sorry
7.164867877960205,-5,-11,-3,-12,-8,-21,-3,-3,11,3,3,6,19,0,sorry
7.164867877960205,-18,-15,-17,-30,-18,-36,-25,-7,1,-11,-12,-7,-1,-19,sorry
7.164867877960205,1,-2,-5,-29,-9,-32,-34,-2,-1,-7,8,11,0,-18,sorry
7.181573390960693,12,6,7,-16,3,-17,-30,0,-9,-14,21,18,2,-15,sorry
7.181573390960693,-1,5,2,-3,3,-15,-25,-5,-17,-24,6,-4,-9,-22,sorry
7.196945905685425,-8,11,4,2,1,-7,-20,0,-14,-14,5,-3,-9,-20,sorry
7.196945905685425,-5,8,0,0,7,0,-5,4,-5,-5,17,6,0,-9,sorry
7.211046457290649,-11,-1,-2,-9,1,0,2,0,-10,-14,6,-13,-13,-15,sorry
7.227099180221558,-8,2,0,-4,-13,0,-4,0,-17,-22,-10,-20,-25,-17,sorry
7.227099180221558,8,11,7,10,-9,8,-1,0,-5,-13,-9,2,-4,2,sorry
7.244120121002197,17,11,15,11,0,11,11,2,3,2,-2,7,6,16,sorry
7.244120121002197,13,7,4,10,2,8,11,3,-10,5,0,-2,-5,11,sorry
7.244120121002197,2,0,3,14,5,10,4,0,-19,-5,-6,0,-9,3,sorry
7.258636474609375,-9,-9,-1,4,6,11,6,0,-10,-10,-15,-5,-9,-1,sorry
7.2746968269348145,-10,-9,-14,-12,1,4,2,1,-7,-6,-18,-18,-17,0,sorry
7.2746968269348145,-4,-4,-7,-15,0,0,-3,0,-4,-1,-10,-8,-10,0,sorry
7.2916083335876465,-10,-10,-8,-10,-4,-2,3,0,4,2,2,0,6,-3,sorry
7.2916083335876465,-8,-5,-1,0,-5,-1,7,1,6,3,4,-1,2,2,sorry
7.292612552642822,6,6,5,15,5,3,8,2,13,10,6,2,1,18,sorry
7.307637691497803,7,5,0,16,14,8,16,0,23,21,9,5,14,19,sorry
7.321742534637451,0,1,3,7,9,12,22,2,14,15,-3,3,8,3,sorry
7.321742534637451,2,-2,-3,7,3,9,19,2,7,5,-16,4,-2,0,sorry
7.336796998977661,1,-10,2,3,0,-1,4,-1,8,1,-13,3,0,5,sorry
7.336796998977661,-3,-5,2,-2,0,-6,-9,-9,1,1,-10,-5,-3,-5,sorry
7.353921175003052,-4,0,-8,-5,-4,-2,-12,-9,0,2,-7,-4,-6,-8,sorry
7.353921175003052,-2,-2,7,-5,-6,0,-12,0,3,3,-1,1,0,1,sorry
7.353921175003052,-2,-6,0,0,0,-4,-13,0,0,5,-2,-8,5,-2,sorry
7.368637323379517,1,-1,-2,0,2,-7,-9,-5,-5,6,0,-12,7,-13,sil
7.383715867996216,1,1,9,-3,-1,-1,-2,-1,-2,1,12,3,10,-6,sil
7.383715867996216,-1,0,-7,-2,-6,-4,1,0,1,-1,16,5,4,1,sil
7.398890495300293,0,5,-1,0,-6,-6,1,3,3,-1,12,3,-1,6,sil
7.398890495300293,0,7,1,-2,-6,2,-2,7,1,-4,10,9,2,8,sil
7.414966821670532,0,0,-11,-8,-6,2,-9,1,-4,-10,3,2,0,0,sil
7.414966821670532,1,0,-3,-8,-1,-1,-7,0,-1,-5,1,-1,-4,-3,sil
7.4310057163238525,0,2,2,-1,2,-5,-1,2,3,0,10,2,3,-1,sil
7.4310057163238525,-5,2,2,0,0,-8,-9,0,-3,-5,9,0,2,-3,sil
7.447017669677734,2,2,-1,0,-2,-4,-9,-4,-6,-7,6,-3,1,-1,sil
7.447017669677734,13,1,5,0,0,-5,1,-1,-2,-3,7,2,4,1,sil
7.462602376937866,11,1,9,-10,0,-8,-1,3,-8,-9,0,11,0,-1,sil
7.462602376937866,14,5,-3,-2,-1,-3,-8,-1,-7,-6,-3,14,1,1,sil
7.478174448013306,20,11,12,15,3,4,1,-1,6,6,14,21,20,12,sil
7.478174448013306,15,13,13,11,10,6,11,7,8,8,24,20,24,7,sil
7.49375581741333,0,1,-11,-3,8,0,4,5,-6,-7,-3,-2,-3,-6,sil
7.49375581741333,-16,-8,-9,-2,0,0,-3,0,-15,-13,-29,-21,-27,-13,sil
7.508848190307617,-17,-3,2,11,5,2,6,0,-4,0,-15,-12,-16,-6,sil
7.508848190307617,-4,4,11,15,16,13,15,0,2,5,-2,0,-3,0,sil
7.524636268615723,-13,-2,-1,5,6,10,3,-2,-5,4,-14,-13,-15,-3,sil
7.524636268615723,-29,-16,-13,-2,-9,0,-4,0,-14,2,-24,-27,-27,-9,sil
7.539669752120972,-17,-10,0,0,-2,1,5,0,-12,0,-18,-18,-19,-12,sil
7.539669752120972,-6,-6,-1,1,4,6,13,-1,-4,0,-13,-7,-6,-10,sil
7.555800914764404,-4,-8,-1,0,0,8,11,4,5,7,-13,-2,-1,2,sil
7.555800914764404,0,-7,-1,-1,-5,11,11,4,16,14,-8,-3,0,13,sil
7.571703910827637,-4,-10,-11,-11,-8,6,8,-7,15,11,0,-6,3,9,sil
7.571703910827637,-3,-9,0,-18,-11,1,4,-2,13,8,1,1,7,7,sil
7.587266445159912,8,0,0,0,-8,0,2,3,18,10,0,1,11,11,sil
7.587266445159912,6,6,1,9,-2,-9,-11,-4,12,6,5,-7,12,5,sil
7.603264570236206,1,8,1,3,1,-8,-18,-5,8,1,20,5,16,1,sil
7.603264570236206,15,4,-2,4,0,-4,-8,0,16,2,23,23,17,8,sil
7.61899471282959,20,4,3,3,-3,-12,-7,0,11,1,15,22,8,9,sil
7.61899471282959,19,10,-4,-9,0,-16,-12,3,0,-5,21,23,6,5,sil
7.634706735610962,22,16,0,-14,4,-11,-8,4,-1,-16,27,27,11,0,sil
7.634706735610962,8,10,9,-9,3,-8,-5,0,-8,-25,10,8,0,-9,sil
7.650915861129761,-7,0,-3,-12,-2,-13,-16,-5,-21,-25,0,-7,-12,-15,sil
7.650915861129761,-6,3,2,-14,-5,-14,-27,-1,-30,-25,4,-5,-11,-12,sil
7.666371583938599,-3,7,7,7,3,0,-15,0,-32,-17,0,-4,-3,-8,sil
7.666371583938599,-2,0,10,32,19,15,6,0,-21,8,-3,-2,-1,-4,sil
7.682011127471924,1,6,15,33,21,23,17,1,-3,27,-1,-1,0,0,sil
7.682011127471924,-2,7,1,22,8,21,21,2,-4,15,-14,-16,-2,1,sil
7.697646617889404,-7,-9,0,18,0,23,28,3,-11,4,-32,-21,-9,0,sil
7.697646617889404,-2,-19,-2,12,-2,21,31,3,2,21,-14,-6,3,8,sil
7.713132619857788,-4,-11,-10,-6,-5,10,27,2,26,31,0,-4,15,17,sil
7.713132619857788,-9,-8,-6,-17,-5,7,23,2,37,20,-12,-14,5,12,sil
7.728949308395386,-4,-13,-7,-17,-6,0,14,0,31,12,-10,-9,0,6,sil
7.728949308395386,-8,-14,-8,-30,-15,-15,-7,-1,20,4,1,4,5,1,sil
7.743900775909424,-13,-9,-19,-33,-17,-20,-19,-1,13,-6,-2,8,1,-8,sil
7.743900775909424,-3,-5,-8,-19,-6,-22,-25,-3,-2,-19,-7,4,-12,-14,sil
7.75968337059021,-1,-6,3,-22,-5,-26,-39,-6,-20,-32,-5,1,-21,-19,sil
7.75968337059021,-4,0,-9,-21,-6,-17,-30,-6,-10,-30,0,0,-16,-24,sil
7.774928331375122,8,19,8,2,4,0,-7,0,0,-15,13,7,-4,-12,sil
7.774928331375122,20,22,15,16,8,0,-2,5,-8,-6,19,17,-1,2,sil
7.791181564331055,8,8,3,6,-1,-10,-10,1,-14,-9,10,8,-6,0,sil
7.791181564331055,-5,8,5,5,0,-5,-12,-3,-13,-18,-1,-11,-13,-8,sil
7.806673049926758,-6,14,0,19,11,0,-8,-3,-13,-20,-10,-15,-16,-7,sil
7.806673049926758,0,12,6,22,12,7,0,2,-14,-6,-1,0,-6,0,sil
7.822987794876099,6,7,8,18,10,18,14,6,-9,10,15,8,11,13,sil
7.822987794876099,13,7,3,27,16,19,31,6,6,24,14,6,21,27,sil
7.838170528411865,12,8,17,36,19,19,33,7,14,32,5,9,18,25,sil
7.838170528411865,-2,-3,6,23,7,22,15,1,3,27,0,6,11,11,sil
7.853893756866455,-6,-13,-3,1,-3,16,8,-2,-3,16,-6,-3,6,5,sil
7.853893756866455,0,-10,-4,-2,-2,12,23,0,9,17,-2,-8,9,11,sil
7.869134187698364,-2,-8,-7,-1,0,10,18,-3,22,25,5,-3,15,10,sil
7.869134187698364,-5,-11,2,-4,-3,-1,0,-5,17,23,1,5,16,4,sil
7.884945869445801,0,-15,-8,-14,-18,-25,-10,0,3,7,-1,4,9,2,sil
7.901076078414917,7,-15,-11,-23,-26,-30,-20,-2,-4,-5,0,2,3,3,sil
7.901076078414917,9,-7,-3,-25,-16,-17,-20,-5,4,-2,2,10,5,0,sil
7.901076078414917,-1,-6,-6,-28,-7,-19,-11,-2,7,-10,-2,2,0,-13,sil
7.916657209396362,-13,-10,-4,-34,-16,-19,-11,0,-1,-32,-12,-15,-14,-26,sil
7.916657209396362,-3,-2,-8,-20,-12,-7,-8,0,0,-33,-8,-11,-19,-24,sil
7.93174147605896,3,13,-2,-6,6,-2,0,0,2,-23,1,2,-12,-14,sil
7.93174147605896,-3,20,6,0,14,2,0,6,-9,-19,6,0,-9,-11,sil
7.948070049285889,-6,13,-2,8,9,6,2,3,-8,-7,2,-7,-10,-13,sil
7.948070049285889,-8,6,0,8,8,3,0,1,-1,-2,-8,-6,-10,-8,sil
7.963008403778076,-10,4,-1,8,12,11,0,1,-10,-11,-11,-10,-7,0,sil
7.963008403778076,0,8,7,27,20,24,4,1,-22,-6,-6,-15,-7,4,sil
7.97904896736145,3,8,11,30,19,19,6,0,-17,7,-4,-12,-12,1,sil
7.97904896736145,-2,0,-6,16,6,13,2,0,-9,13,-6,-8,-6,4,sil
7.995011568069458,0,-7,0,10,-2,13,1,1,0,18,-10,-2,4,15,sil
7.995011568069458,6,-7,1,0,-10,0,1,0,16,26,-9,2,9,18,sil
8.010638952255249,0,-10,-2,-20,-19,-18,-4,-6,22,17,1,4,6,10,sil
8.010638952255249,5,-5,6,-15,-17,-10,-5,-1,10,5,13,12,13,8,sil
8.02588939666748,23,2,7,0,-8,-4,5,2,10,10,22,28,26,17,sil
8.02588939666748,21,1,11,-8,-6,-11,3,0,12,11,27,31,20,13,sil
8.050687074661255,3,-5,-1,-18,-4,-16,-15,0,0,-7,19,15,0,-7,sil
8.050687074661255,-2,-2,-9,-12,-1,-19,-26,-2,-18,-22,8,7,-6,-23,sil
8.050687074661255,0,11,9,-1,0,-8,-11,0,-15,-14,13,16,-1,-14,sil
8.058109998703003,0,21,6,11,14,11,11,2,-3,0,16,11,-2,2,sil
8.07265305519104,-2,18,3,25,21,17,13,0,-10,-7,-1,-3,-10,-3,sil
8.08870816230774,-10,5,-1,28,12,8,3,0,-22,-20,-18,-12,-16,-18,sil
8.08870816230774,-13,-4,-7,19,4,3,6,1,-11,-10,-20,-18,-15,-12,sil
8.08870816230774,-9,-6,1,17,2,9,14,0,7,12,-14,-17,-3,3,sil
8.104669570922852,-8,-7,-4,21,0,12,15,-4,14,20,-11,-8,8,14,sil
8.104669570922852,-3,-10,-3,6,3,11,16,0,16,10,-14,-5,7,20,sil
8.12069320678711,0,-9,-8,-14,1,7,19,10,24,10,-10,-8,5,17,sil
8.12069320678711,0,-12,-10,-22,-12,-1,9,5,30,17,0,-9,13,12,sil
8.13618278503418,8,-6,4,-22,-19,-7,-4,-3,28,11,2,-3,17,8,sil
8.13618278503418,10,-2,-7,-24,-12,-12,-10,-7,15,0,-2,-2,7,-4,sil
8.15214991569519,0,0,-11,-25,-8,-21,-24,-2,-8,-12,-1,0,-8,-20,sil
8.15214991569519,0,2,0,-18,-1,-15,-31,1,-24,-17,2,0,-10,-20,sil
8.16783618927002,-1,0,1,-5,6,0,-16,0,-29,-19,0,-2,-10,-12,sil
8.16783618927002,-16,0,5,2,9,12,-2,0,-33,-20,-9,-9,-20,-11,sil
8.183225154876709,-20,0,2,7,11,13,9,0,-18,-6,-10,-10,-19,-9,sil
8.19875192642212,-11,-4,1,0,7,7,17,-1,2,17,-6,-6,-8,4,sil
8.19875192642212,-11,-12,-6,-13,-7,-1,12,0,5,23,-9,-1,0,15,sil
8.19875192642212,-5,-9,-10,-9,-18,-11,3,0,10,12,-5,3,6,10,sil
8.214659452438354,11,-3,8,-6,-18,-11,-3,0,16,5,9,9,12,-1,sil
8.214659452438354,14,-1,3,-15,-15,-10,-11,-2,5,1,20,10,12,-5,sil
8.230818033218384,12,10,3,-9,-5,-10,-17,-3,-4,-10,28,21,17,-1,sil
8.246323347091675,22,27,16,15,6,-2,-11,1,0,-20,34,35,21,-1,sil
8.247321128845215,28,29,11,35,10,1,-7,0,-1,-18,28,24,8,-3,sil
8.247321128845215,22,27,18,38,15,4,-9,3,-13,-7,18,10,0,5,sil
8.26245903968811,18,24,15,43,26,11,4,11,-9,3,15,11,4,18,sil
8.277990818023682,15,13,7,43,28,21,27,1,0,8,5,6,0,15,sil
8.277990818023682,1,0,0,21,17,24,25,-8,-6,5,-12,-12,-16,4,sil
8.277990818023682,-16,-19,-15,-2,0,7,7,-4,-12,0,-23,-20,-18,0,sil
8.292727947235107,-21,-26,-7,-13,-9,-5,0,2,-2,0,-27,-21,-14,-3,sil
8.292727947235107,-17,-17,-9,-17,-4,-2,5,0,10,3,-26,-25,-9,-4,sil
8.307857036590576,-15,-11,-10,-19,-4,-4,3,-4,13,5,-19,-16,-1,-1,sil
8.32499074935913,-19,-15,-7,-22,-14,-7,-5,0,6,-1,-14,-5,0,-8,sil
8.32499074935913,-20,-16,-19,-27,-11,-6,-9,1,3,-4,-10,-13,-6,-15,sil
8.32499074935913,-11,-1,-4,-22,-2,-4,-5,3,9,7,-6,-14,-3,-4,sil
8.341057777404785,0,6,5,-1,-1,-3,0,2,15,17,-2,2,10,6,sil
8.35642957687378,8,0,4,0,-4,-2,-1,1,13,10,5,16,17,7,sil
8.35642957687378,9,1,7,-10,-5,2,-2,0,9,1,9,17,12,0,sil
8.371926069259644,-7,3,-7,-7,-8,3,-2,-3,-3,-7,-4,-1,0,-12,sil
8.371926069259644,-17,-4,-4,-1,-9,0,-8,-8,-28,-24,-16,-8,-14,-21,sil
8.386860609054565,0,-2,0,2,-3,-2,-1,-1,-32,-22,-1,15,-13,-9,sil
8.386860609054565,12,8,2,12,7,-3,3,1,-16,-1,17,27,6,12,sil
8.401717185974121,14,10,17,20,17,2,5,5,1,13,27,23,28,28,sil
8.401717185974121,19,2,5,17,13,8,15,3,19,24,32,18,26,29,sil
8.418034076690674,8,-2,-4,7,2,1,4,2,17,18,13,-10,-1,2,sil
8.418034076690674,-7,-2,-5,0,1,-6,-11,6,5,1,-6,-34,-14,-20,sil
8.418034076690674,-2,-4,-2,-7,-1,-2,4,4,9,0,0,-12,1,-6,sil
8.432595491409302,3,-6,5,-19,-15,4,12,-3,8,-4,0,-1,0,9,sil
8.448617935180664,-1,-6,-6,-16,-13,-3,-8,-10,-9,-22,-16,-29,-19,-1,sorry
8.448617935180664,-5,3,0,-1,-2,-12,-18,-5,-14,-22,-24,-31,-19,-13,sorry
8.464518547058105,-3,7,2,0,0,-2,-6,0,0,-3,-8,-3,-7,-6,sorry
8.464518547058105,4,3,-3,0,1,7,0,0,6,9,12,16,0,3,sorry
8.481071710586548,12,9,6,9,7,8,1,1,5,12,18,23,6,0,sorry
8.481071710586548,3,9,1,10,3,2,5,3,7,11,1,10,0,-9,sorry
8.481071710586548,-5,5,-1,2,-1,-3,0,2,1,4,-10,0,-9,-3,sorry
8.495630979537964,2,6,1,2,0,0,0,1,-5,0,5,18,5,14,sorry
8.510653257369995,8,-1,-5,0,0,-1,4,-1,-4,-5,12,19,14,12,sorry
8.510653257369995,-2,-11,0,-9,-1,-3,-1,-3,-16,-17,-12,-1,-5,-4,sorry
8.526041269302368,-11,-5,-3,-6,4,-1,0,0,-22,-17,-24,-16,-17,-8,sorry
8.526041269302368,-8,1,1,8,9,0,6,0,-9,-4,-12,-13,-5,0,sorry
8.541703701019287,-1,1,7,16,7,1,0,0,0,6,1,-4,6,-1,sorry
8.542081117630005,4,0,1,6,5,2,-2,-4,2,13,14,7,11,0,sorry
8.5568528175354,7,2,14,0,6,6,-2,1,9,15,16,15,14,9,sorry
8.5568528175354,5,6,12,9,8,1,0,6,21,12,7,9,15,8,sorry
8.572780847549438,4,2,6,11,4,-1,1,1,19,6,1,1,13,-2,sorry
8.572780847549438,2,0,4,2,-5,4,-1,-2,1,0,3,2,7,-3,sorry
8.58784556388855,0,-2,-6,0,-11,0,-10,-1,-11,-4,8,7,1,5,sorry
8.58784556388855,-1,0,3,-1,-10,-7,-13,3,-7,-6,4,0,-2,2,sorry
8.603797435760498,-6,-7,-6,-12,-17,-5,-7,3,-8,-15,-15,-18,-16,-12,sorry
8.603797435760498,-17,-18,-23,-18,-18,-5,-1,-3,-21,-30,-30,-22,-27,-13,sorry
8.618981838226318,-9,-6,-11,-13,-1,-2,10,-3,-18,-15,-14,-3,-12,0,sorry
8.618981838226318,8,4,-8,-4,7,5,26,1,12,18,9,8,12,10,sorry
8.633652687072754,3,-3,-3,-1,0,4,19,2,35,17,5,0,12,6,sorry
8.633652687072754,-8,-10,-7,-4,0,-1,3,3,24,0,0,-5,1,0,sorry
8.649161577224731,-1,0,-8,-5,3,0,-2,1,0,4,12,1,0,2,sorry
8.649161577224731,0,7,1,1,0,5,-9,0,-10,1,11,2,-10,0,sorry
8.665189743041992,-8,3,0,7,0,5,-7,-1,-3,-5,-3,-9,-15,-8,sorry
8.666190385818481,0,4,6,0,7,11,4,-1,5,11,-1,-6,0,-5,sorry
8.681121349334717,10,3,2,-7,3,7,4,0,0,16,1,0,1,0,sorry
8.681625127792358,0,-2,1,-1,-1,-7,-13,0,-15,-9,-7,-5,-13,-2,sorry
8.696735143661499,-2,1,13,2,4,-4,-11,0,-13,-7,-5,-2,-7,-1,sorry
8.696735143661499,12,14,9,6,8,0,5,0,-1,18,1,12,10,9,sorry
8.712329864501953,17,19,11,9,0,-5,6,1,0,14,0,11,9,11,sorry
8.712329864501953,3,5,5,3,-1,-1,1,2,5,0,-2,-3,1,0,sorry
8.728033781051636,-7,-8,-1,-1,0,-1,5,1,14,4,-2,-5,3,-6,sorry
8.728033781051636,-3,-1,4,3,0,-2,9,3,11,1,-4,0,2,0,sorry
8.7436203956604,1,-1,-8,6,0,2,5,-1,4,-8,-8,-1,0,0,sorry
8.7436203956604,-3,-13,-6,-6,-2,-1,-5,-5,0,-10,-5,-1,1,-5,sorry
8.759004354476929,-8,-12,0,-15,-4,-11,-9,-1,-3,-6,8,9,10,-4,sorry
8.759004354476929,-2,-1,-6,-4,-5,-7,-12,0,-9,-7,18,12,4,0,sorry
8.775300741195679,0,0,-2,6,-7,0,-19,-2,-12,-16,10,4,-6,-6,sorry
8.775300741195679,-6,-2,-1,10,1,0,-11,-1,-9,-15,3,1,0,-12,sorry
8.789897680282593,0,3,3,10,6,0,3,0,-4,0,10,9,9,0,sorry
8.789897680282593,21,7,8,10,-1,1,6,4,0,9,17,20,12,19,sorry
8.805012226104736,24,3,4,11,2,1,5,1,-1,-1,4,11,7,18,sorry
8.806012630462646,4,8,8,12,18,8,9,0,-4,-5,-10,-7,-1,3,sorry
8.820711851119995,-2,9,-1,5,12,10,17,2,7,10,-2,-13,0,4,sorry
8.820711851119995,1,-4,-5,-14,-8,0,7,0,16,12,0,-8,1,7,sorry
8.837638854980469,-5,-9,-8,-24,-11,3,-3,-4,7,0,-16,-17,-9,-1,sorry
8.851067543029785,-10,-3,-15,-7,2,13,3,0,7,6,-12,-21,-8,0,sorry
8.851067543029785,-6,-2,-1,-1,5,11,12,4,11,13,-3,-13,0,6,sorry
8.866729974746704,-12,-9,-2,-15,-3,0,0,0,0,-1,-16,-14,-11,-9,sorry
8.866729974746704,-20,-13,-7,-19,-8,-10,-16,-3,-14,-17,-22,-15,-24,-24,sorry
8.882999420166016,-12,-7,-2,-8,-7,-11,-12,-2,-17,-10,-9,-7,-17,-18,sorry
8.882999420166016,-3,-7,-3,-7,-9,-5,-2,-3,-2,3,3,0,-1,-5,sorry
8.899075984954834,-4,-5,7,-15,-9,0,-2,0,3,4,5,9,4,3,sorry
8.899075984954834,-1,3,0,-4,-1,-3,-2,0,-11,-9,-3,7,-2,2,sorry
8.915999174118042,10,18,3,15,5,-1,0,0,-16,-10,-2,8,-1,0,sorry
8.916999578475952,22,23,13,21,7,4,0,1,1,9,23,28,20,17,sorry
8.916999578475952,24,13,4,15,6,-5,-3,6,6,18,34,33,29,28,sorry
8.929419994354248,15,12,10,11,2,-12,-4,7,0,8,19,17,8,7,sorry
8.947452306747437,0,11,5,12,0,-1,2,3,10,4,14,7,0,-9,sorry
8.947452306747437,-5,-1,-2,7,3,1,6,1,17,-2,2,0,0,-10,sorry
8.947452306747437,-1,-10,2,-6,0,1,0,3,5,-13,-18,-9,-8,-13,sorry
8.960649967193604,-4,-6,-10,-13,-5,2,0,0,0,-7,-5,-1,-3,-11,sorry
8.976024627685547,-1,1,2,1,7,5,1,-2,1,3,22,16,10,4,sil
8.976024627685547,3,5,8,20,18,6,2,-1,5,7,21,17,13,9,sil
8.992199182510376,-1,0,-8,13,6,3,3,-3,0,4,-2,-5,0,-1,sil
8.992199182510376,-4,-2,-1,7,0,2,4,0,-13,-7,-17,-16,-12,-7,sil
9.00764298439026,-2,-2,-1,12,3,0,3,-1,-14,-13,-16,-16,-8,-5,sil
9.00764298439026,-9,-6,-7,-1,0,-2,-6,-9,-8,-10,-19,-26,-5,-8,sil
9.023709535598757,-10,-7,-7,-11,-1,4,-9,-1,-2,-5,-20,-30,-7,-7,sil
9.023709535598757,-2,-11,-2,-2,-1,5,3,1,2,0,-15,-18,-9,1,sil
9.039214372634888,0,-12,3,-9,-11,0,9,-4,-1,0,-22,-13,-19,4,sil
9.039214372634888,2,-6,-5,-16,-14,0,12,0,3,12,-11,-12,-6,8,sil
9.054394960403442,3,-2,0,-9,-5,1,15,9,23,28,14,0,24,19,sil
9.054394960403442,-4,-13,-1,-20,-11,-1,2,6,14,9,0,1,14,8,sil
9.07011079788208,-5,-13,-10,-30,-14,-1,-8,-2,-4,-9,-24,-3,-11,-2,sil
9.07011079788208,6,4,2,-16,-1,0,-5,-2,6,9,0,12,5,9,sil
9.085685968399048,4,5,0,-3,0,-14,-11,-2,12,14,22,22,17,14,sil
9.085685968399048,-1,2,0,-10,-5,-18,-25,-4,-10,-13,11,18,-1,-3,sil
9.10127329826355,8,16,7,-7,0,-6,-23,-2,-19,-24,17,22,-7,-11,sil
9.10127329826355,15,20,9,8,3,-5,-13,0,-16,-14,35,26,-7,-4,sil
9.117056131362917,14,20,19,30,10,-1,-5,1,-13,-6,31,20,-4,0,sil
9.117056131362917,15,25,8,43,24,7,7,5,-7,-1,16,10,6,1,sil
9.132640600204468,-1,13,1,30,13,9,10,4,-11,-7,0,-3,-12,-4,sil
9.132640600204468,-23,-3,-6,17,2,16,17,1,-7,-1,-7,-14,-19,-7,sil
9.148292779922484,-13,-8,-12,22,14,27,31,0,17,23,-4,-8,34,5,sil
9.148292779922484,0,-10,4,12,13,24,27,3,33,31,-4,0,57,11,sil
9.16434121131897,-6,-15,-1,-10,0,7,9,0,24,19,-6,-6,10,0,sil
9.16434121131897,-3,-10,-8,-16,-5,-11,-2,-4,10,0,-6,-10,-16,-1,sil
9.18007755279541,7,-3,-3,-16,-13,-22,-9,-2,4,-16,-10,-4,-6,-1,sil
9.18007755279541,0,-5,-11,-29,-18,-23,-16,0,-6,-22,-12,-4,-11,-13,sil
9.19567322731018,-10,-1,0,-32,-9,-15,-24,-1,-27,-23,-7,-2,-19,-19,sil
9.19567322731018,-5,4,7,-6,1,-10,-17,-3,-25,-17,-1,0,-13,-9,sil
9.21070957183838,0,8,5,17,3,-8,-7,0,-6,-6,-4,-2,-10,-1,sil
9.21070957183838,-2,12,3,19,4,-3,-9,7,-2,0,-6,-7,-10,-7,sil
9.226022005081177,-4,0,-9,12,5,4,0,6,5,12,-1,-11,-5,-4,sil
9.226022005081177,-6,-20,-5,-1,-2,14,20,-1,14,20,-9,-15,-5,7,sil
9.241698265075684,-14,-26,-6,-17,-19,14,18,-4,0,9,-32,-23,-10,2,sil
9.241698265075684,-6,-16,-8,-15,-15,8,10,2,-1,7,-32,-17,-7,2,sil
9.256865739822388,20,0,9,0,4,9,19,7,22,22,-3,8,7,23,sil
9.256865739822388,28,7,8,3,6,6,18,-1,25,11,14,23,23,28,sil
9.272575855255129,13,7,7,-5,-2,0,-5,-4,4,-14,21,21,23,15,sil
9.272575855255129,12,13,1,-3,0,-3,-13,2,-2,-15,28,23,16,7,sil
9.287601232528688,15,15,0,1,0,-15,-14,-2,-4,-6,26,21,12,-2,sil
9.287601232528688,4,10,5,-2,-6,-19,-18,-9,-10,-10,23,15,7,-10,sil
9.30364990234375,-1,10,0,1,4,-4,-10,-1,-15,-8,27,6,0,-11,sil
9.30364990234375,0,14,2,14,10,0,-8,0,-26,-8,13,0,-10,-17,sil
9.319671869277954,-8,7,0,17,3,-4,-20,-7,-31,-10,0,0,-12,-18,sil
9.319671869277954,-7,-3,0,10,12,6,-8,-3,-11,2,6,0,-3,0,sil
9.335757493972778,-4,-10,5,3,19,23,14,6,5,13,0,-13,-3,6,sil
9.335757493972778,-19,-20,-12,3,3,18,17,5,-3,6,-31,-33,-17,-7,sil
9.351804733276367,-21,-17,-9,6,0,12,10,2,-2,10,-35,-28,-14,-4,sil
9.351804733276367,-1,-4,-1,2,5,12,23,6,29,31,-12,-4,8,22,sil
9.367822647094728,7,-2,-3,-5,0,2,29,3,47,37,-1,11,27,33,sil
9.367822647094728,5,0,5,-13,-9,-7,8,0,24,17,-1,13,22,12,sil
9.383892297744753,2,4,1,-17,-13,-19,-9,-2,-2,-14,1,11,4,-9,sil
9.383892297744753,3,5,1,-11,-16,-30,-19,-8,-13,-37,9,15,-7,-12,sil
9.399938583374023,3,8,0,-3,-7,-22,-22,-6,-7,-28,11,10,-10,-11,sil
9.399938583374023,-9,0,-7,-6,-1,-7,-18,-3,-5,-15,0,-11,-18,-20,sil
9.41602873802185,-15,-2,1,1,-3,5,-10,-1,-15,-15,-9,-19,-22,-20,sil
9.41602873802185,2,8,2,29,2,19,4,2,-9,-2,-1,-8,-9,0,sil
9.431635856628418,3,4,6,26,6,19,18,6,1,9,-4,-5,0,16,sil
9.431635856628418,-15,-19,4,-2,1,11,24,4,3,9,-22,-12,-4,8,sil
9.447588682174684,-14,-26,-11,-15,-2,4,19,-5,12,13,-25,-15,-2,2,sil
9.447588682174684,0,-6,-5,-16,-11,-8,0,-2,18,12,-7,-2,10,1,sil
9.463091135025024,12,4,-1,-14,-8,-20,-8,5,12,1,14,20,21,1,sil
9.463091135025024,27,5,3,-14,0,-16,-6,4,13,-7,18,28,17,8,sil
9.478672504425049,26,5,2,-18,-1,-9,-8,1,8,-8,8,13,5,0,sil
9.478672504425049,9,9,-6,-12,-3,-11,-12,0,-6,-9,14,10,2,-14,sil
9.494686603546144,8,18,11,0,8,-1,-11,1,-10,-10,25,23,9,-5,sil
9.494686603546144,17,20,9,19,16,7,-5,0,-7,-1,22,18,13,8,sil
9.510802030563354,8,14,1,38,16,6,-4,0,-9,5,14,0,9,6,sil
9.510802030563354,-8,8,4,30,18,12,-3,1,-11,3,10,-5,1,3,sil
9.525984525680542,-13,-1,-6,5,13,15,0,-2,-15,3,5,-5,-8,3,sil
9.525984525680542,-11,-7,-3,6,0,7,-1,-4,-23,0,-10,-17,-21,-1,sil
9.54113245010376,-14,-9,0,16,-8,3,-2,-1,-24,-11,-23,-27,-25,-10,sil
9.54113245010376,-19,-15,-6,-2,-10,3,2,-5,-20,-8,-20,-25,-24,-14,sil
9.557053804397585,-20,-16,-6,-23,-11,3,3,-7,-18,0,-19,-29,-28,-16,sil
9.557053804397585,-16,-13,-11,-15,-12,0,6,-5,-8,1,-29,-31,-24,-16,sil
9.571978569030762,-7,-4,1,-1,-7,0,13,0,5,6,-25,-8,-5,-3,sil
9.571978569030762,3,1,4,-1,1,6,19,4,22,11,-3,9,11,17,sil
9.588094711303713,6,-3,0,-7,2,6,13,1,34,16,4,9,16,22,sil
9.588094711303713,6,-1,8,-7,0,4,0,4,30,23,0,10,15,13,sil
9.604096174240112,10,9,3,0,5,2,-1,6,20,15,6,12,15,14,sil
9.604096174240112,9,6,7,-2,7,-7,3,3,16,0,12,19,13,15,sil
9.619622707366943,2,-3,3,-11,-4,-15,0,0,16,1,8,22,18,3,sil
9.619622707366943,4,-1,-4,-3,-5,-6,-10,2,8,3,11,15,23,0,sil
9.635170936584473,11,10,4,5,3,1,-2,7,6,0,20,15,15,4,sil
9.635170936584473,4,7,-4,1,0,-4,5,1,5,-3,19,15,10,1,sil
9.650709629058838,-8,-6,-5,-4,-10,-13,-6,-10,-9,-14,8,3,4,-9,sil
9.650709629058838,-10,-10,-4,-1,-6,-11,-10,-10,-12,-12,0,0,-5,-15,sil
9.665982961654665,2,0,-8,4,1,-3,0,0,2,2,5,2,0,-1,sil
9.665982961654665,15,11,4,9,3,4,2,9,0,0,5,0,5,6,sil
9.682020902633669,8,8,1,9,1,-2,0,4,-13,-14,-3,-7,-15,-5,sil
9.682020902633669,-2,4,0,2,0,-8,-10,-4,-16,-18,-13,-13,-29,-19,sil
9.698027849197388,-1,4,1,1,0,0,-10,-2,-15,-18,-12,-15,-16,-10,sil
9.698027849197388,2,2,-4,5,3,0,6,-1,-5,-9,-4,-11,-4,5,sil
9.714097023010254,0,1,5,0,3,0,9,0,4,5,-2,-7,-5,3,sil
9.714097023010254,-8,-1,0,-3,-3,2,-3,0,0,7,-11,-10,-10,-11,sil
9.72961974143982,-14,-2,-2,4,-3,0,-7,-3,-9,0,-15,-14,-13,-11,sil
9.72961974143982,0,0,2,5,3,6,0,0,-9,0,-3,-7,-5,4,sil
9.74565887451172,8,-5,-1,-7,1,3,-4,0,-8,5,2,-1,0,4,sil
9.74565887451172,-3,-8,3,-11,0,-6,-13,-1,-9,0,1,0,-1,-10,sil
9.761945962905884,-8,0,3,2,10,0,0,0,0,1,8,5,4,-7,sil
9.761945962905884,1,0,3,6,10,14,8,0,8,12,8,3,13,6,sil
9.777884483337402,0,-5,0,-6,-2,10,0,0,3,8,-4,-11,5,0,sil
9.777884483337402,-12,-10,-5,-12,-6,2,1,-2,-5,-2,-11,-16,-3,-7,sil
9.792903184890749,-2,0,5,1,0,12,16,0,-1,2,-1,0,0,1,sil
9.792903184890749,8,13,0,16,5,13,20,6,6,11,12,14,10,13,sil
9.80845308303833,3,10,-4,7,0,2,9,6,2,6,12,11,11,13,sil
9.80845308303833,0,2,3,0,-3,4,5,1,6,7,1,11,10,11,sil
9.824032306671144,4,0,-3,14,0,0,4,-6,19,9,-3,14,11,15,sil
9.824032306671144,-4,-6,0,4,-4,-19,-9,-6,6,-6,-9,4,-1,10,sil
9.840062379837036,-10,-15,-5,-22,-14,-20,-25,0,-17,-17,-9,-6,-14,-3,sil
9.840062379837036,2,-9,0,-18,-14,-5,-22,1,-19,-13,-1,1,-9,-2,sil
9.856007099151611,9,1,6,-3,-7,0,-5,0,-6,-10,0,10,-1,6,sil
9.856007099151611,0,3,-9,-2,-1,1,11,1,5,-3,0,3,0,2,sil
9.871981382369995,0,5,0,2,7,11,16,9,18,2,2,4,3,-7,sil
9.871981382369995,0,-1,-2,2,8,4,11,3,21,2,0,1,9,-12,sil
9.887338161468506,0,-8,-12,-8,-2,-10,5,-3,20,8,-1,-6,5,-6,sil
9.887338161468506,7,6,6,1,0,-3,4,4,28,23,6,1,5,5,sil
9.902904748916626,9,9,3,6,12,-1,3,6,22,19,10,2,7,6,sil
9.902904748916626,0,-8,0,-12,1,-6,-4,-1,-2,-4,1,-12,-3,-9,sil
9.918006420135498,-2,-4,3,-13,-7,-2,-7,-4,-11,-10,1,-10,-8,-10,sil
9.918006420135498,8,10,6,4,4,-3,-7,-9,-9,-2,5,1,0,4,sil
9.93356466293335,13,15,14,8,8,-9,-10,-6,-15,-6,5,3,1,7,sil
9.93356466293335,4,11,0,4,0,-9,-10,0,-10,-7,8,3,0,0,sil
9.949596166610718,-4,4,-6,-1,0,-10,-14,0,-13,-7,4,-2,-3,-8,sil
9.949596166610718,-4,1,0,-1,-3,-4,-10,-3,-26,-13,-3,-7,-7,-13,sil
9.965722560882568,1,9,7,14,-1,4,5,0,-11,-5,1,8,3,-2,sil
9.965722560882568,5,7,12,18,5,6,10,5,3,4,8,18,10,6,sil
9.981974363327026,-4,-9,-7,3,1,0,-3,0,-12,0,-2,-2,-5,-5,sil
9.981974363327026,-16,-9,-3,6,-7,0,-16,-1,-30,-9,-14,-13,-19,-16,sil
9.997440099716188,-12,0,6,19,0,13,-8,4,-19,-4,-6,-8,-10,-5,sil
9.997440099716188,-3,-1,-4,15,14,25,12,0,1,6,3,-9,1,2,sil
10.013023138046265,-6,-3,-2,5,16,26,22,-4,11,8,-1,-5,-1,0,sil
10.013023138046265,-16,-8,-12,0,6,20,21,0,12,2,-11,-8,-7,0,sil
10.029058694839478,-13,-18,-11,-14,-4,11,16,4,11,0,-14,-18,-7,7,sil
10.029058694839478,0,-12,1,-17,-9,0,8,1,14,4,-7,-4,-1,8,sil
10.05264401435852,7,-1,-2,-3,-4,-9,0,0,10,0,0,11,0,8,sil
10.05264401435852,1,0,0,-5,-6,-13,-2,-1,0,-13,-9,-2,-6,1,sil
10.05264401435852,-4,-8,-2,-13,-14,-10,-4,0,0,-6,-17,-15,-7,0,sil
10.060712814331056,4,-8,3,-10,-10,-2,-5,2,6,10,-1,2,6,7,sil
10.076387643814089,9,2,3,-9,-1,0,-5,1,-2,6,5,12,10,8,sil
10.076387643814089,-4,0,-10,-13,-10,-17,-15,-5,-14,-10,-14,-3,-6,-5,sil
10.09170389175415,-6,-5,0,-10,-17,-18,-15,-3,-4,-6,-16,-4,-11,-6,sil
10.09170389175415,11,0,3,0,1,7,11,1,16,16,16,13,16,7,sil
10.10702657699585,18,6,3,6,16,13,19,1,28,26,31,16,34,10,sil
10.10702657699585,13,13,10,11,2,-1,4,2,28,20,18,11,24,10,sil
10.123019218444824,14,17,4,8,0,-2,6,1,23,14,14,15,18,11,sil
10.123019218444824,15,16,6,1,13,1,12,0,13,11,17,22,20,6,sil
10.139064073562622,12,11,-2,0,13,-7,2,-1,1,10,13,20,14,5,sorry
10.139064073562622,5,11,-6,-5,3,-13,-6,-1,-9,-6,0,7,-6,0,sorry
10.155116558074951,-5,8,0,-12,2,-5,-11,2,-15,-23,-5,-4,-16,-14,sorry
10.155116558074951,-6,0,0,-2,0,-11,-14,2,-4,-14,5,-1,-1,-9,sorry
10.171013593673706,5,0,13,3,-3,-13,-15,0,1,-3,20,12,4,2,sorry
10.171013593673706,1,0,3,-4,0,0,-10,-3,-3,-10,17,6,0,-8,sorry
10.1866352558136,-16,-5,-6,-5,-2,1,-6,-6,-21,-22,-2,-18,-8,-20,sorry
10.1866352558136,-20,-9,1,3,-2,0,-5,-1,-34,-25,-20,-30,-17,-18,sorry
10.202122926712036,-11,-16,-8,10,2,6,0,3,-23,-10,-15,-21,-17,-11,sorry
10.202122926712036,-8,-11,2,11,3,16,1,0,-16,-4,-11,-12,-11,-9,sorry
10.217728853225708,-11,-1,2,13,1,15,-1,-1,-31,-15,-23,-19,-18,-16,sorry
10.217728853225708,-12,-2,-14,4,0,8,-5,0,-28,-15,-21,-23,-22,-12,sorry
10.232916831970217,-9,-5,-1,-1,-4,6,-5,0,-1,0,-2,-7,-13,4,sorry
10.232916831970217,0,0,0,11,0,3,2,0,18,13,2,2,-7,11,sorry
10.248401880264282,13,5,5,22,3,2,9,-3,24,17,0,8,0,12,sorry
10.248401880264282,9,6,10,15,0,8,9,-1,24,18,6,14,11,15,sorry
10.263651132583618,0,0,0,7,0,9,12,4,21,25,9,13,8,12,sorry
10.263651132583618,0,0,7,7,-2,2,13,8,10,24,1,12,0,11,sorry
10.279672145843506,2,0,5,1,-3,-8,7,-1,0,11,-3,9,0,10,sorry
10.279672145843506,3,-3,-2,-6,0,-4,5,-6,-2,-3,-6,1,-3,0,sorry
10.294778108596802,5,0,-3,-4,2,9,11,3,6,-2,-6,0,-4,-1,sorry
10.310913801193236,0,-2,-7,1,-1,2,7,2,5,0,-4,-1,-1,4,sorry
10.310913801193236,-8,-8,-8,-5,-2,-7,0,-4,-7,-5,-6,-8,5,2,sorry
10.325932025909424,-1,-1,-10,-11,0,0,4,0,-1,-2,-1,-4,21,1,sorry
10.325932025909424,9,5,1,-6,0,1,4,5,17,7,10,2,34,8,sorry
10.325932025909424,2,-6,0,-16,-2,-6,-2,3,18,5,5,-6,21,5,sorry
10.341612815856934,-8,-12,-12,-32,-5,-11,-7,-4,-1,-4,-13,-16,0,-6,sorry
10.341612815856934,-2,5,-1,-24,0,-7,-6,-5,-8,-8,-11,-4,-1,-9,sorry
10.358088254928589,3,10,0,-10,5,-7,0,1,7,-6,1,3,8,-5,sorry
10.358088254928589,0,0,-1,-21,-2,-11,-4,1,7,-6,3,-3,5,-5,sorry
10.374700784683228,1,3,1,-26,-10,-9,-10,-4,0,0,13,0,0,-2,sorry
10.374700784683228,14,15,6,-3,-5,-5,-6,-1,3,7,28,20,5,2,sorry
10.388823509216309,16,14,20,9,0,-5,-8,6,5,1,23,26,5,2,sorry
10.40397047996521,8,6,3,5,2,-3,-13,0,0,-1,13,15,-3,-2,sorry
10.40397047996521,9,3,-3,7,8,0,-10,-4,-1,0,16,12,-9,-3,sorry
10.418128967285156,5,3,7,18,5,4,-4,0,-1,-2,9,8,-8,-4,sorry
10.418128967285156,-11,-6,1,13,-3,6,-5,0,-5,-4,-8,-7,-10,-7,sorry
10.43364667892456,-17,-12,6,3,-4,4,-5,-2,-5,0,-10,-7,-13,-9,sorry
10.43364667892456,-5,-3,1,10,5,1,2,0,-6,-3,6,3,-6,-3,sorry
10.44899296760559,-7,3,-7,15,6,1,4,0,-21,-21,3,-3,-4,0,sorry
10.44899296760559,-20,1,0,11,0,5,1,-2,-41,-35,-27,-21,-23,-10,sorry
10.46491837501526,-13,0,2,20,7,7,4,0,-39,-26,-40,-21,-33,-13,sorry
10.46491837501526,7,4,11,28,16,18,12,2,-16,-2,-21,-4,-10,5,sorry
10.47993016242981,10,1,6,23,10,23,18,1,5,23,0,1,16,21,sorry
10.47993016242981,-1,-6,-1,18,3,10,15,3,8,34,3,-4,17,13,sorry
10.49596095085144,-4,-1,-2,16,0,3,5,7,2,19,-6,-9,4,1,sorry
10.49596095085144,-1,-6,-12,3,-7,-2,-3,-3,4,3,-15,-8,0,3,sorry
10.51183009147644,-7,-23,-5,-15,-20,-12,-8,-13,6,0,-7,-4,0,8,sorry
10.51183009147644,-4,-17,-3,-22,-16,-12,-1,3,16,13,8,1,7,10,sorry
10.527871370315552,9,1,-8,-10,-2,-6,2,10,30,25,15,9,19,14,sorry
10.527871370315552,12,6,4,-8,-1,-7,-7,-2,24,7,16,13,13,7,sorry
10.543251752853394,9,0,5,-19,-12,-13,-10,-8,13,-14,18,13,7,-5,sorry
10.543251752853394,16,9,6,-24,-8,-10,0,0,17,-6,16,12,14,-7,sorry
10.559267282485962,14,20,-1,-12,5,-1,8,4,13,0,9,6,3,-10,sorry
10.559267282485962,-5,11,-12,-6,12,3,9,0,-6,-22,0,-10,-23,-19,sorry
10.574671745300291,-19,-1,-9,-10,12,13,7,4,-18,-25,-15,-22,-28,-22,sorry
10.574671745300291,-22,-10,-17,-10,11,11,6,0,-13,-2,-28,-27,-18,-16,sorry
10.590712308883669,-19,-12,-5,-8,1,-1,6,-4,-7,9,-24,-23,-13,-2,sorry
10.590712308883669,-6,-9,3,-3,-4,0,4,0,3,25,0,-5,9,18,sorry
10.606730937957764,10,-6,-2,0,-5,1,-2,1,16,31,13,12,34,30,sorry
10.606730937957764,12,-2,5,-7,-12,-10,-14,-2,18,4,-1,14,20,17,sorry
10.6220703125,5,-5,-3,-16,-16,-15,-14,0,15,-6,-4,13,2,-2,sorry
10.6220703125,4,-4,1,-16,-8,-7,-10,6,7,0,13,24,11,-3,sorry
10.637593507766724,8,13,17,-6,5,1,-6,1,-1,-10,25,30,17,0,sorry
10.637593507766724,16,32,11,14,15,-1,-1,-6,-11,-20,27,23,8,0,sorry
10.65311360359192,21,35,19,29,12,-9,-4,-2,-28,-18,24,19,-1,-5,sorry
10.65311360359192,8,14,10,26,4,-8,-14,0,-43,-23,4,4,-13,-9,sorry
10.668638229370115,-8,-3,-7,15,0,-1,-14,-2,-41,-25,-17,-16,-24,-10,sorry
10.668638229370115,-14,-4,-9,14,0,8,-6,-1,-23,-10,-14,-19,-23,-8,sorry
10.684876918792725,-12,-1,0,24,0,18,4,1,-10,5,-6,-12,-19,-5,sorry
10.684876918792725,-1,1,20,34,8,20,12,6,0,16,-10,-4,-10,8,sorry
11.90407133102417,7,0,3,8,5,7,0,-2,1,15,2,5,4,8,sorry
11.90407133102417,6,2,2,14,8,9,5,-4,7,17,6,11,3,7,sorry
11.91957688331604,10,6,0,14,9,9,14,1,12,20,19,20,24,13,sorry
11.91957688331604,16,8,7,6,9,5,10,3,16,16,18,23,26,19,sorry
11.934675216674805,2,-2,-3,-2,-1,0,-3,-1,3,2,-5,-1,0,1,sorry
11.934675216674805,-14,-15,-9,-5,-8,0,-2,-3,-20,-11,-26,-27,-18,-16,sorry
11.950725317001345,-9,-12,-3,-7,-8,6,6,0,-18,-5,-19,-17,-13,-7,sorry
11.950725317001345,0,-7,-6,-6,-13,0,8,1,11,13,0,0,3,9,sorry
11.966949462890623,-1,-3,2,-7,-10,-8,3,2,18,10,0,-3,8,6,sorry
11.981565237045288,-3,-2,0,-7,-1,0,4,3,0,-6,-12,-14,-6,-6,sorry
11.981565237045288,3,2,-2,1,1,9,15,3,5,-1,-5,-10,-9,-1,sorry
11.982570886611938,7,7,11,10,0,1,9,2,21,9,11,6,2,4,sorry
11.9961256980896,0,0,-1,3,-9,-16,-14,-5,4,0,6,8,1,-5,sorry
12.012969493865969,-7,-10,-6,-11,-15,-19,-26,-8,-11,-18,-3,-1,0,-7,sorry
12.012969493865969,-1,-1,0,-7,-3,-9,-10,0,0,-18,7,4,10,5,sorry
12.028590202331545,13,16,7,7,11,-1,3,0,0,-5,21,21,11,6,sorry
12.028590202331545,16,15,7,1,14,5,6,-4,-14,-6,13,21,2,-4,sorry
12.028590202331545,3,0,-10,-11,5,-2,0,-6,-13,-21,-4,6,-4,-9,sorry
12.043269634246826,-2,1,0,-8,-6,-14,-14,-2,-15,-30,-10,0,-12,-8,sorry
12.044269561767578,3,6,6,-4,-4,-12,-20,1,-20,-18,0,2,-9,-8,sorry
12.064375400543211,3,0,-2,-8,2,-12,-20,0,-18,-7,6,3,-5,-2,sorry
12.064375400543211,0,2,5,2,0,-6,-19,0,-11,-2,2,3,-7,-2,sorry
12.077108383178713,0,11,1,18,0,5,-8,2,0,8,0,-4,-3,-4,sorry
12.077108383178713,-7,0,-2,4,-2,0,-10,2,0,10,0,-18,-3,-5,sorry
12.089617729187012,-21,-6,-4,-6,-7,0,-15,2,-4,1,0,-14,-10,-8,sorry
12.106029510498049,-14,-1,-2,2,2,17,4,2,3,6,0,-1,-4,-3,sorry
12.106029510498049,-8,-3,2,0,11,27,20,-2,7,15,-6,-7,2,3,sorry
12.120802640914915,-21,-14,-12,-8,4,14,14,-3,3,18,-16,-22,-1,0,sorry
12.120802640914915,-17,-12,-9,-5,1,8,12,6,16,21,-7,-13,0,0,sorry
12.136126518249512,1,-6,0,-3,3,12,24,10,28,22,2,2,8,17,sorry
12.136126518249512,8,-4,-1,-4,7,8,34,1,20,16,-10,1,3,19,sorry
12.151705026626589,5,-3,4,0,10,3,32,0,15,14,-17,-1,0,8,sorry
12.151705026626589,5,-1,-2,0,-1,-2,18,0,25,18,5,9,14,10,sorry
12.16704034805298,13,5,5,-4,-8,-7,0,0,26,10,19,24,30,19,sorry
12.16704034805298,18,6,8,-14,0,-8,-8,-2,13,-6,15,24,24,7,sorry
12.182586193084717,12,-4,-12,-21,-6,-18,-18,-4,-6,-22,16,12,5,-11,sorry
12.182586193084717,14,9,11,3,-13,-18,-18,1,-21,-27,18,13,0,-5,sorry
12.19865083694458,27,33,28,50,7,-4,-6,1,-22,-24,16,14,4,6,sorry
12.19865083694458,15,20,11,55,14,0,-11,-6,-31,-30,3,-2,-8,-9,sorry
12.21378207206726,-8,0,0,29,0,2,-16,-3,-38,-27,-7,-17,-29,-26,sorry
12.21378207206726,-1,0,0,27,1,6,6,3,-16,1,0,-8,-13,-4,sorry
12.22987985610962,14,3,8,24,0,2,13,2,-3,13,0,0,2,12,sorry
12.22987985610962,-6,-10,-6,0,-10,2,-1,-2,-10,-1,-28,-11,-13,-9,sorry
12.246002197265623,-32,-18,-18,-11,-4,14,2,-5,-1,2,-36,-25,-21,-19,sorry
12.246002197265623,-20,-5,-9,-2,4,15,13,-1,15,21,-11,-16,-1,0,sorry
12.261955976486206,-11,-8,-12,-15,-3,0,-2,0,11,16,-6,-13,3,2,sorry
12.261955976486206,-25,-23,-13,-42,-13,-12,-20,-5,0,-2,-22,-18,-6,-9,sorry
12.278035879135132,-16,-12,-12,-38,-8,-10,-12,-3,1,-7,-13,-7,-2,0,sorry
12.278035879135132,3,2,-3,-23,-5,-7,-2,1,5,-2,8,7,10,14,sorry
12.296091079711914,1,0,7,-19,-7,-1,-6,5,4,1,15,9,12,9,sorry
12.296091079711914,-1,0,0,-15,-1,0,-10,0,0,2,11,10,5,1,sorry
12.296091079711914,5,9,5,-14,5,-1,-6,0,-2,1,11,16,7,8,sorry
12.309685945510864,6,4,-1,-14,8,0,4,2,7,9,13,9,10,7,sorry
12.324838638305664,4,-2,-4,-9,8,1,8,4,17,8,8,1,0,-3,sorry
12.324838638305664,2,0,10,-5,2,1,5,4,14,-3,1,8,-7,-8,sorry
12.340954542160034,0,4,3,3,0,0,5,5,7,-5,5,10,-7,-2,sorry
12.340954542160034,7,12,8,15,12,0,5,7,8,0,10,9,-4,3,sorry
12.356613874435425,16,20,10,16,19,5,7,0,11,3,12,11,5,2,sorry
12.356613874435425,14,13,8,22,6,2,6,-7,0,2,11,12,7,0,sorry
12.37186861038208,10,9,18,33,0,-1,0,-6,-19,-1,7,9,-2,2,sorry
12.37186861038208,5,5,0,25,3,-6,0,-3,-17,0,5,-1,-1,3,sorry
12.38687300682068,-4,-5,-13,0,-3,-5,-3,0,-10,-4,-12,-18,-1,-3,sil
12.38687300682068,-13,-13,-16,-11,-13,1,-11,1,-13,-11,-34,-21,-7,-11,sil
12.402413368225098,-8,-9,-9,0,-9,2,-1,-2,-13,-3,-21,-12,0,-3,sil
12.402413368225098,3,2,16,16,-1,4,10,-1,-6,0,0,-2,0,5,sil
12.418148756027222,5,1,10,23,1,3,11,1,0,-3,0,2,-2,4,sil
12.418148756027222,0,-2,0,13,0,0,11,1,11,8,3,11,12,5,sil
12.43279790878296,-8,-3,-4,0,-3,0,10,0,18,16,12,8,20,2,sil
12.43279790878296,-12,-9,-15,-6,-6,-1,0,0,4,-3,-1,-12,3,-9,sil
12.448846101760864,-11,-11,-6,-6,-6,-2,-9,-3,-10,-17,-16,-17,-8,-17,sil
12.448846101760864,-6,-9,-7,-10,-8,-1,-8,0,-5,-1,-8,-10,-11,-13,sil
12.463995456695557,-6,-11,-5,-21,-9,-8,-11,1,3,5,-6,-12,-11,-6,sil
12.463995456695557,-5,-4,2,-17,0,-4,-6,2,12,4,-2,-5,-3,4,sil
12.480024576187134,3,0,-2,-5,4,7,3,4,22,9,14,4,5,11,sil
12.480024576187134,5,-3,0,-13,-2,7,-2,2,10,4,8,-1,0,6,sil
12.4956316947937,-4,-1,-1,-17,3,-1,-8,-2,-12,-9,-12,-11,-7,0,sil
12.4956316947937,0,6,0,0,15,0,0,-5,-20,-10,-3,0,-7,3,sil
12.511275053024292,19,12,12,12,9,8,5,-1,-9,0,16,17,6,10,sil
12.511275053024292,21,14,15,10,3,8,1,0,0,9,17,24,19,13,sil
12.526824712753296,14,17,18,6,5,0,-4,0,-6,0,7,20,9,7,sil
12.526824712753296,11,10,0,0,0,-7,-3,0,-15,-10,-5,9,-5,2,sil
12.542875051498411,2,0,-4,-3,-2,-2,0,5,-12,-8,-17,-2,-9,0,sil
12.542875051498411,-6,-1,1,1,0,3,5,8,1,1,-5,-4,-4,-4,sil
12.55802059173584,-2,0,-6,0,-2,-1,8,1,16,4,12,2,2,0,sil
12.55802059173584,0,4,-2,-4,-9,-8,-1,-1,14,-2,12,1,1,2,sil
12.573626518249512,-7,2,-3,3,-5,-5,-5,-1,4,-5,8,-2,-3,-15,sil
12.573626518249512,-7,1,-7,5,8,0,3,-3,11,6,6,4,-2,-20,sil
12.588743209838867,-6,0,-4,-4,14,5,16,-1,16,13,-1,3,-1,-3,sil
12.588743209838867,-11,-8,-9,-2,4,1,17,0,0,0,-9,-15,-8,0,sil
12.605125188827516,-10,-7,2,7,-2,0,1,-1,-10,-5,-12,-16,-11,-8,sil
12.605125188827516,-4,4,5,19,3,5,-4,-2,-2,7,-6,0,-1,-1,sil
12.619631052017212,0,5,2,16,10,6,-3,-3,-2,5,0,3,4,7,sil
12.619631052017212,-2,-2,3,0,1,0,-10,-5,-7,0,-2,-7,4,0,sil
12.636279344558716,-12,-15,-13,-7,-10,-4,-9,-2,-6,5,-16,-14,0,-4,sil
12.636279344558716,-17,-24,-4,-13,-10,-3,-2,0,-11,-4,-20,-11,-9,0,sil
12.650890111923218,-13,-14,-1,-21,-7,0,-1,2,-11,-13,-7,-7,-7,4,sil
12.650890111923218,2,5,-5,-8,-8,1,0,4,8,9,9,0,16,11,sil
12.66764211654663,24,22,14,10,0,3,6,7,25,30,19,11,34,18,sil
12.66764211654663,25,18,9,21,7,0,3,1,20,18,20,15,26,19,sil
12.682753086090088,13,0,0,13,-3,-5,-7,-3,1,-7,10,10,2,7,sil
12.69780683517456,7,-18,-2,-22,-17,-7,-8,-1,-13,-25,-7,-2,-17,-12,sil
12.69780683517456,0,-25,-4,-43,-21,-15,-7,-2,-19,-27,-15,-13,-19,-25,sil
12.69880485534668,-4,-10,3,-1,-15,-10,-10,0,-14,-17,-2,0,-4,-17,sil
12.712997913360596,9,8,3,31,1,6,0,3,1,-2,7,13,8,0,sil
12.72903823852539,13,7,5,0,6,11,10,3,18,6,1,10,10,3,sil
12.72903823852539,0,-8,3,-18,2,3,6,1,20,6,3,9,7,0,sil
12.744680881500244,1,-9,-1,-4,6,-4,0,2,7,2,16,12,3,5,sil
12.744680881500244,12,-1,7,-1,8,-3,2,2,-3,1,10,12,-1,11,sil
12.761202335357666,8,-2,-4,4,5,-1,9,-3,-5,-3,0,5,-8,0,sil
12.761202335357666,-6,-2,-5,4,5,0,1,-8,-17,-19,-2,-7,-15,-16,sil
12.761202335357666,-20,8,-1,0,15,6,-2,-2,-28,-24,-9,-11,-18,-16,sil
12.774839878082275,-21,27,-11,14,24,6,5,1,-14,-4,-12,-5,-15,-3,sil
12.79016661643982,-11,25,2,15,2,4,6,2,8,7,1,-8,-9,0,sil
12.79016661643982,-7,5,-2,-1,-22,8,-2,-1,9,7,3,-18,-1,-2,sil
12.806016683578491,-10,20,-8,2,0,3,-5,-4,-4,6,-8,-9,-2,2,sil
12.806016683578491,-9,58,5,15,31,2,-3,1,-2,8,-4,0,-15,14,sil
12.821027517318726,-3,50,1,14,7,5,-5,1,3,13,2,-11,-9,11,sil
12.821027517318726,3,26,3,11,-9,0,-5,-3,-5,18,1,-11,17,0,sil
12.83690881729126,10,10,4,11,7,-2,3,-3,-5,23,6,8,15,8,sil
12.83690881729126,7,-31,5,7,2,4,9,0,10,24,7,13,-10,23,sil
12.851869106292725,8,-67,9,-1,-11,8,9,1,14,21,0,5,17,18,sil
12.851869106292725,7,-61,0,-16,-2,0,9,0,11,11,-10,2,60,3,sil
12.867819547653198,-11,-57,-8,-33,-9,-3,6,1,11,-4,-23,-6,22,-8,sil
12.867819547653198,-15,-51,-11,-35,-14,-1,2,3,15,-4,-12,-12,-10,-8,sil
12.882880449295044,8,-8,1,-10,6,-4,-1,1,21,5,24,2,23,-7,sil
12.882880449295044,10,7,2,6,2,-14,-7,4,12,-7,25,13,16,-17,sil
12.898264408111572,0,-30,-16,-17,-24,-23,-10,2,-4,-35,-6,7,-38,-11,sil
12.898264408111572,13,-22,2,-42,-15,-12,-8,1,-2,-40,-6,10,-28,8,sil
12.914327383041382,21,35,9,-12,3,-1,-3,2,7,-12,17,15,21,0,sil
12.914327383041382,5,47,-1,30,1,-7,-3,0,-7,0,15,7,9,-16,sil
12.930020809173584,1,27,9,35,5,-1,-5,0,-24,-13,3,2,-27,-6,sil
12.930020809173584,-3,22,3,23,12,11,0,-1,-19,-15,-2,-3,-20,0,sil
12.945159196853638,-24,8,-5,17,-2,10,-3,-8,-26,-12,-28,-26,-15,-18,sil
12.945159196853638,-25,-12,-8,-1,-26,7,-8,-11,-35,-17,-46,-39,-34,-23,sil
12.961016178131104,-9,-7,-4,-25,-23,11,2,-3,-7,0,-19,-17,-28,4,sil
12.961016178131104,-4,18,1,-10,-2,8,9,4,16,22,3,2,6,17,sil
12.976592540740969,0,20,-11,14,3,-4,-1,1,10,15,0,2,25,4,sil
12.976592540740969,15,10,2,0,0,-11,-8,0,7,1,15,22,18,8,sil
12.992643117904665,15,17,16,-5,11,-5,1,0,5,8,41,45,10,22,sil
12.992643117904665,8,14,8,30,22,0,8,0,-8,10,30,23,15,9,sil
13.008670330047607,11,-4,8,25,14,4,1,1,-15,0,3,-9,14,-13,sil
13.008670330047607,3,-6,0,-8,0,3,-2,0,-15,-5,-14,-21,-9,-11,sil
13.024168729782104,-12,0,-2,5,0,5,9,0,-10,5,-25,-19,-24,4,sil
13.024168729782104,-12,-20,-1,17,11,18,25,3,21,28,-14,-15,0,12,sil
13.039800882339478,-8,-44,-8,-26,6,5,19,3,44,34,2,-10,22,7,sil
13.039800882339478,-7,-23,-5,-46,-6,-15,-2,2,25,15,4,6,13,5,sil
13.055062294006348,3,9,-1,-8,-1,-10,-14,1,17,2,13,27,10,12,sil
13.055062294006348,17,16,12,11,3,-6,-10,-2,23,0,31,30,21,15,sil
13.070709705352783,17,16,13,0,0,-16,-5,0,8,-7,27,24,18,9,sil
13.070709705352783,13,15,-1,-3,6,-5,-4,0,-9,-12,10,12,5,1,sil
13.086366891860962,0,2,2,3,13,12,-5,0,-13,-14,-1,-7,-10,-13,sil
13.086366891860962,-15,-8,-8,13,3,10,0,-2,-21,-19,-19,-26,-35,-29,sil
13.102054357528688,-17,-7,-10,13,-5,10,8,-4,-28,-22,-34,-32,-47,-29,sil
13.102054357528688,-17,-9,-2,4,-10,15,13,-2,-18,-11,-28,-33,-30,-13,sil
13.11759066581726,-16,-19,-8,-7,-9,2,11,0,-1,2,-15,-23,-9,2,sil
13.11759066581726,-1,-10,-3,-15,-2,-7,4,5,6,4,-11,-6,0,6,sil
13.133638620376589,4,0,-5,-6,-3,-5,-2,1,8,4,-9,0,9,2,sil
13.133638620376589,2,-4,-3,-1,-15,-6,-10,-5,6,2,0,4,14,1,sil
13.148837327957152,14,0,7,-15,-14,-7,-11,0,0,-1,14,21,20,2,sil
13.148837327957152,21,11,1,-18,0,-8,-12,3,-7,-6,24,27,23,0,sil
13.164943933486938,7,20,6,-1,3,-10,-20,-3,-16,-19,17,19,7,-6,sil
13.164943933486938,0,19,8,17,3,-1,-13,-1,-15,-15,6,13,-3,-4,sil
13.18089747428894,3,14,7,32,15,11,8,7,0,13,4,8,-1,3,sil
13.18089747428894,-5,5,6,33,19,19,13,8,5,20,0,-5,-8,0,sil
13.196179866790771,-15,-7,-7,17,3,11,10,1,-1,6,-12,-17,-17,-1,sil
13.196179866790771,-8,-7,0,6,-3,8,18,0,9,14,-12,-13,-5,12,sil
13.211875915527344,2,-3,0,6,-2,10,18,-2,28,25,-2,-7,7,25,sil
13.211875915527344,4,-6,-7,-5,-8,-2,0,-1,18,13,-7,-9,5,13,sil
13.227067708969116,-3,-9,-1,-26,-12,-15,-7,4,5,4,-19,-4,4,-5,sil
13.227067708969116,-8,-10,-6,-29,-8,-12,0,0,19,7,-6,3,11,-6,sil
13.242597818374634,0,-6,5,-18,-6,-11,-4,-5,26,7,16,15,16,3,sil
13.242597818374634,14,1,5,-9,-8,-17,-12,-4,10,0,25,25,16,2,sil
13.25905156135559,10,4,-6,-9,-4,-13,-11,-1,-9,-16,17,14,7,-6,sil
13.25905156135559,-1,0,1,-16,0,0,-14,0,-21,-30,7,-4,-10,-12,sil
13.274113178253174,-10,-7,-8,-19,-6,-5,-14,-4,-30,-32,0,-8,-24,-15,sil
13.274113178253174,-11,-8,-8,-15,-8,-13,-13,-6,-41,-34,-6,-5,-22,-19,sil
13.289674282073976,0,12,2,3,5,0,-5,3,-32,-23,-1,-4,-7,-11,sil
13.289674282073976,13,27,8,33,19,18,9,7,-9,-2,12,5,2,5,sil
13.30527949333191,8,18,12,38,16,19,14,1,-7,4,5,8,-2,7,sil
13.30527949333191,-3,1,1,21,14,14,12,0,-8,7,-10,-12,-8,0,sil
13.320834636688232,0,0,4,21,18,15,15,0,3,15,-6,-22,-7,3,sil
13.337065935134888,2,0,4,25,10,16,12,2,13,17,0,-9,0,11,sil
13.337065935134888,-4,-8,-8,12,-1,7,9,0,13,16,-11,-6,7,8,sil
13.337065935134888,-1,-11,2,3,1,7,16,0,14,17,-19,-5,4,7,sil
13.352599859237673,1,-13,-4,0,8,11,21,1,19,21,-9,-5,0,5,sil
13.352599859237673,-8,-16,-12,-14,1,6,8,-3,21,24,-4,-9,1,1,sil
13.3667414188385,-10,-8,-4,-21,-7,-4,0,-4,22,21,-9,-3,8,5,sil
13.3667414188385,0,-2,-5,-23,-14,-20,-3,0,22,7,-5,5,10,7,sil
13.38314127922058,1,0,0,-27,-17,-24,-12,2,12,-10,5,9,1,-1,sil
13.397647857666016,5,11,2,-12,-8,-14,-15,3,-1,-16,11,19,0,-5,sil
13.397647857666016,7,19,4,-4,0,-13,-18,3,-7,-15,16,25,12,-2,sil
13.415680408477783,0,9,-1,-22,-3,-17,-27,0,-10,-21,21,20,11,-8,sil
13.415680408477783,-1,3,-1,-18,-8,-14,-29,-2,-20,-25,15,17,0,-11,sil
13.415680408477783,11,14,22,15,1,-7,-18,-1,-22,-19,9,18,-2,-4,sil
13.431123733520508,16,16,13,31,13,4,2,0,-2,0,14,6,3,0,sil
13.431123733520508,0,1,0,20,15,21,14,0,8,12,2,-10,-2,0,sil
13.444221496582031,-13,-16,2,9,7,26,7,0,-7,5,-18,-22,-15,-4,sil
13.45987868309021,-9,-21,-5,12,0,15,5,-1,-20,-1,-20,-25,-17,-3,sil
13.45987868309021,0,-10,1,17,-2,13,9,1,-10,7,-14,-15,-9,8,sil
13.475510835647585,3,-4,0,13,-6,10,7,3,6,16,-11,-5,3,18,sil
13.475510835647585,-2,-13,-6,0,-14,-4,1,-3,13,16,-10,-7,6,13,sil
13.49111533164978,-12,-14,-4,-18,-17,-4,5,-2,11,6,-12,-18,-8,0,sil
13.49111533164978,-11,-9,-16,-26,-11,-2,15,0,9,-8,-12,-21,-18,-6,sil
13.506643295288086,-3,-5,-10,-19,-7,-13,6,-3,5,-13,-1,-2,0,-4,sil
13.506643295288086,0,0,-4,-12,-3,-17,-5,-1,1,0,10,13,21,-4,sil
13.522055625915527,7,9,-1,-10,0,-14,-11,2,-3,-5,11,12,12,-6,sil
13.522055625915527,11,15,5,-10,-1,-16,-16,0,-18,-26,4,10,-6,-10,sil
13.537660360336304,5,11,-5,-9,0,-16,-17,-5,-26,-26,9,10,-3,-11,sil
13.537660360336304,10,13,8,0,16,0,-8,0,-11,-4,24,13,11,-4,sil
13.553391456604004,16,19,18,20,22,6,0,5,0,8,27,16,14,4,sil
13.553391456604004,0,9,3,14,12,0,-1,0,-8,3,11,10,3,5,sil
13.569037914276125,-10,0,0,4,7,4,0,0,-10,-3,-5,1,-5,0,sil
13.569037914276125,-6,6,1,18,11,11,11,5,6,1,-8,-7,-10,-4,sil
13.585038423538208,-8,2,6,22,7,14,16,5,12,9,-9,-17,-14,-4,sil
13.585038423538208,-11,-7,1,14,0,22,19,0,9,12,-12,-15,-12,1,sil
13.599947929382324,-7,-7,-6,19,0,26,23,-2,14,15,-7,-8,-2,6,sil
13.599947929382324,-8,-8,0,11,2,22,18,5,14,16,-6,-13,-3,0,sil
13.61574673652649,-7,-19,-7,-12,-2,15,9,7,6,17,-17,-18,-7,0,sil
13.61574673652649,4,-15,-1,-9,-7,2,1,-3,7,17,-24,-5,0,13,sil
13.630877017974854,4,-8,1,2,-8,-4,0,-9,12,15,-18,1,7,14,sil
13.630877017974854,0,-9,-2,-8,-6,-8,0,-5,13,13,-3,2,15,11,sil
13.646353721618652,21,7,13,-4,3,-5,-3,1,25,15,25,23,31,27,sil
13.646353721618652,31,24,9,11,7,-6,-9,4,32,12,42,35,38,30,sil
13.662022829055786,6,7,0,-11,-10,-19,-13,0,8,-7,13,14,13,0,sil
13.662022829055786,-11,-4,-7,-36,-20,-27,-18,-2,-18,-29,-19,-7,-12,-26,sil
13.67804217338562,-4,5,-11,-26,-9,-21,-18,-6,-20,-32,-7,0,-9,-18,sil
13.67804217338562,0,9,0,-20,-11,-14,-7,-4,-13,-18,12,12,0,-7,sil
13.693646907806396,-3,0,-10,-20,-21,-19,-2,0,-14,-13,5,3,-6,-12,sil
13.693646907806396,-15,0,-12,-15,-15,-18,-18,0,-30,-29,-4,-11,-19,-23,sil
13.70971393585205,-14,5,-2,-8,-1,-5,-26,-3,-30,-25,4,-5,-13,-22,sil
13.70971393585205,6,15,1,12,18,2,-8,-6,-12,0,18,9,1,-3,sil
13.725683212280272,18,16,18,28,26,5,2,0,-13,-1,12,11,-1,6,sil
13.725683212280272,4,-1,7,18,9,7,3,2,-20,-14,0,-2,-16,0,sil
13.741939306259155,-3,-15,-4,7,2,12,9,4,-2,2,3,-4,-9,0,sil
13.74229121208191,4,-5,10,17,18,20,19,10,21,21,13,4,12,15,sil
13.756979703903198,7,-6,10,28,21,18,23,7,21,12,9,0,15,16,sil
13.756979703903198,-3,-21,4,18,3,7,6,1,0,0,-2,-14,-4,0,sil
13.773194789886476,-16,-35,-13,3,-6,4,-5,0,-11,0,-15,-22,-16,-11,sorry
13.773194789886476,-14,-45,-8,4,0,12,3,-1,-6,4,-29,-21,-11,-11,sorry
13.788882732391356,-4,-29,6,5,5,15,10,-1,-2,5,-30,-13,-7,-6,sorry
13.788882732391356,-3,13,-5,0,-1,5,2,-2,2,10,-21,-8,-3,0,sorry
13.804000854492188,-7,37,-4,-4,-8,6,2,0,7,9,-29,-6,-2,0,sorry
13.804000854492188,-2,24,-6,-19,-7,12,14,3,9,5,-32,-4,-1,2,sorry
13.820051670074465,1,13,-6,-28,-5,4,16,0,21,8,-9,0,3,8,sorry
13.820051670074465,0,17,5,-4,-4,-5,1,0,20,1,5,0,7,5,sorry
13.835613250732422,-3,11,-5,10,-7,-11,-11,0,2,-7,0,-2,-1,-1,sorry
13.835613250732422,1,1,0,-5,-8,-8,-5,-1,4,6,9,1,1,4,sorry
13.851212739944458,8,-1,5,-9,-3,-1,6,0,26,28,30,12,24,16,sorry
13.851212739944458,6,0,-3,-1,-2,-11,-4,-2,20,18,27,13,24,9,sorry
13.866893768310549,0,7,0,1,0,-18,-18,-1,0,-4,18,13,3,-6,sorry
13.866893768310549,2,8,1,6,7,-8,-5,0,-4,-8,24,16,7,-3,sorry
13.88258409500122,11,0,9,-1,0,-7,5,0,-5,-2,25,21,18,14,sorry
13.88258409500122,7,-7,3,-16,-11,-15,0,0,-9,0,10,14,8,6,sorry
13.898648738861084,0,-6,-11,-10,-5,-10,-5,0,-10,-9,-4,-1,-2,-11,sorry
13.898648738861084,3,2,2,7,0,3,-1,3,-6,-16,-2,-4,-5,-4,sorry
13.91473913192749,7,4,9,12,2,6,0,3,-1,-5,14,4,-2,3,sorry
13.91473913192749,10,5,13,6,10,-1,-7,1,-6,0,16,10,1,0,sorry
13.930813312530518,19,13,11,16,17,-3,-8,-1,-3,-2,11,13,8,3,sorry
13.930813312530518,23,16,9,30,15,-3,-1,-2,3,-1,13,14,11,14,sorry
13.946861267089844,14,10,17,19,8,0,-3,3,-3,-4,7,15,4,10,sorry
13.946861267089844,4,1,2,1,3,0,-6,3,-12,-3,0,10,-3,-1,sorry
13.962406396865845,-6,-3,-8,-4,0,-2,-6,-8,-17,-4,-10,-4,-17,-14,sorry
13.962406396865845,-24,-12,-13,-12,-4,9,-9,-7,-20,-21,-34,-28,-37,-21,sorry
13.977980852127075,-37,-28,-25,-27,-11,15,-14,-2,-16,-30,-51,-37,-47,-21,sorry
13.977980852127075,-38,-32,-14,-34,-14,6,-12,-5,-19,-25,-47,-32,-38,-20,sorry
13.99357295036316,-23,-18,-14,-18,-4,8,3,-2,-18,-9,-31,-26,-19,-13,sorry
13.99357295036316,-11,-10,-8,-1,0,18,17,6,0,8,-15,-21,-6,-7,sorry
14.009597778320312,-13,-8,-1,2,-2,14,19,8,18,17,-3,-9,0,-6,sorry
14.009597778320312,-4,-4,0,7,4,6,24,2,32,29,4,3,13,1,sorry
14.025642156600952,7,0,7,5,10,10,30,2,40,42,12,3,22,11,sorry
14.025642156600952,0,0,-6,-3,5,8,23,0,29,30,7,-9,17,5,sorry
14.04116415977478,-10,0,-10,-8,-3,-3,13,-2,5,1,-5,-11,9,-1,sorry
14.04116415977478,0,0,6,-1,-12,-9,6,0,-2,-6,-6,-1,6,1,sorry
14.056684494018556,10,-5,3,5,-14,-8,-2,0,0,5,-1,0,5,9,sorry
14.056684494018556,7,0,6,4,-6,-8,-11,0,-1,9,0,2,7,12,sorry
14.079726696014404,8,10,0,0,1,-10,-11,0,0,-2,9,17,15,15,sorry
14.079726696014404,20,15,0,-1,-4,-20,-17,-2,5,-13,21,23,18,16,sorry
14.079726696014404,26,19,16,-1,-13,-25,-24,0,-1,-10,35,22,16,9,sorry
14.088714122772217,20,24,6,5,5,-13,-10,0,-14,-2,48,29,19,5,sorry
14.103825330734251,24,34,12,18,27,0,-2,2,-14,-5,43,39,17,11,sorry
14.103825330734251,29,35,24,30,21,0,-15,5,-9,-8,30,30,6,9,sorry
14.119627475738524,9,14,8,27,8,1,-13,1,-13,-8,13,5,-8,-4,sorry
14.119627475738524,-13,-2,0,17,8,16,3,0,-17,-5,-8,-10,-16,-11,sorry
14.134690046310425,-10,-3,2,14,6,17,5,0,-5,6,-21,-16,-12,-4,sorry
14.134690046310425,-4,-5,2,8,3,17,7,-2,8,18,-20,-19,-11,5,sorry
14.149961948394775,-11,-17,-10,0,1,21,26,0,18,21,-16,-17,-9,5,sorry
14.149961948394775,-11,-24,-11,-7,-3,8,24,0,22,11,-17,-8,-1,0,sorry
14.164646863937378,-4,-23,-7,-22,-13,-11,1,1,19,-4,-30,-4,-1,0,sorry
14.164646863937378,-8,-21,-22,-44,-22,-21,-9,0,18,-5,-28,-5,0,-1,sorry
14.180756568908691,-12,-16,-14,-49,-17,-17,-13,-2,17,0,-4,1,5,-12,sorry
14.180756568908691,-7,-7,-6,-37,-9,-12,-17,-3,0,-12,0,6,-1,-23,sorry
14.19594669342041,-7,0,-8,-29,-12,-12,-20,-2,-25,-34,-8,0,-19,-22,sorry
14.19594669342041,-9,4,-2,-16,-4,-7,-18,0,-36,-38,0,-7,-29,-23,sorry
14.21169662475586,-7,6,0,9,12,3,-8,0,-36,-22,1,-14,-28,-20,sorry
14.21169662475586,-10,3,9,27,11,14,4,-2,-36,-8,-10,-17,-19,-6,sorry
14.227733850479126,-9,1,3,33,7,19,21,-1,-16,3,-4,-6,-5,7,sorry
14.227733850479126,9,10,0,35,10,12,32,4,14,20,14,2,9,18,sorry
14.243955373764038,15,15,15,28,9,10,26,12,28,28,8,1,17,18,sorry
14.243955373764038,-1,-4,-2,13,0,11,15,3,28,26,-2,-8,18,7,sorry
15.967245101928713,-3,-8,-11,4,7,3,0,0,-9,-7,-1,0,-1,-4,sil
15.9840407371521,-11,-6,-11,-9,0,0,-6,2,-8,-16,-15,-14,-15,-18,sil
15.9840407371521,-22,-4,-8,-14,-13,5,-8,-1,-13,-23,-26,-27,-20,-25,sil
15.9840407371521,-18,-6,-12,-5,-7,6,-2,-10,-9,-7,-16,-17,-9,-21,sil
15.999574422836304,-5,-7,0,-3,3,5,7,-3,-2,2,-6,-6,-4,-6,sil
16.014975547790527,-7,-13,-7,-23,-1,5,7,-2,-4,-2,-16,-14,-10,-5,sil
16.014975547790527,-14,-7,-6,-26,-11,0,-3,-7,-11,-8,-26,-20,-10,-11,sil
16.02975368499756,-7,2,-5,-5,-11,-6,-3,0,-11,-12,-18,-10,-6,-3,sil
16.02975368499756,0,-2,-10,-9,-10,-5,10,4,-2,-11,-9,-5,-3,2,sil
16.044668912887573,7,-1,7,-23,-5,0,17,1,8,2,-3,0,3,5,sil
16.044668912887573,12,10,10,-5,0,0,11,0,13,12,7,5,10,16,sil
16.06080436706543,8,4,1,8,-5,-9,-2,0,1,0,6,0,0,14,sil
16.06080436706543,0,-3,0,-1,-14,-15,-20,-1,-7,-10,-1,-1,-11,-2,sil
16.083632946014404,2,0,6,-7,-13,-12,-20,1,-1,0,0,9,0,0,sil
16.083632946014404,10,1,16,0,-2,0,-7,4,4,16,10,22,13,17,sil
16.083632946014404,8,2,2,13,7,5,0,2,6,24,19,24,13,19,sil
16.091774225234985,2,2,3,22,12,8,3,5,16,23,24,19,13,14,sil
16.10682201385498,7,1,15,23,11,13,12,8,23,21,21,9,17,15,sil
16.10682201385498,21,10,9,26,12,12,15,0,18,16,19,8,17,17,sil
16.122167825698853,17,12,10,16,14,4,9,-4,7,1,14,13,13,7,sil
16.122167825698853,-5,-10,-6,-6,3,-5,3,-1,1,-12,0,3,5,-4,sil
16.137598514556885,-9,-18,-13,-18,-6,-8,-2,0,0,-15,-6,-9,0,-9,sil
16.137598514556885,-3,-3,-9,-14,-2,-3,-4,0,0,-9,-6,-15,-2,-15,sil
16.15304136276245,-11,-4,-20,-10,1,-8,-8,-2,-2,-9,-17,-18,-7,-21,sil
16.15304136276245,-14,-10,-7,-20,-5,-11,-19,-2,-8,-16,-20,-11,-11,-19,sil
16.16823172569275,-6,-6,-5,-30,-8,-8,-20,-4,-16,-14,-4,0,-10,-19,sil
16.16823172569275,-3,8,-3,-15,0,-8,-10,-2,-18,-9,7,5,-8,-17,sil
16.184268712997437,0,30,11,21,11,1,2,3,-12,-5,13,10,-3,-5,sil
16.184268712997437,-8,19,0,28,14,11,-1,0,-17,-8,3,-4,-13,-5,sil
16.200040340423584,-20,-6,-2,11,3,15,-11,-4,-25,-14,-12,-18,-29,-11,sil
16.200040340423584,-2,2,7,30,5,30,14,2,0,11,-2,-4,-11,4,sil
16.215733766555786,14,12,8,42,16,33,45,5,25,39,4,0,8,20,sil
16.215733766555786,-3,-16,-2,0,0,5,22,1,14,21,-19,-15,-4,9,sil
16.230806350708008,-11,-29,-12,-25,-23,-12,-1,2,4,0,-27,-11,-4,4,sil
16.230806350708008,6,-2,3,-9,-11,-7,5,5,13,1,-6,5,20,18,sil
16.24579095840454,11,3,0,-11,-1,-13,6,0,13,0,0,1,25,17,sil
16.24579095840454,8,-3,-8,-21,-13,-21,-8,-4,10,0,2,1,16,5,sil
16.26093602180481,11,9,8,-8,-12,-11,-12,0,8,1,11,16,17,0,sil
16.26093602180481,7,14,3,0,-3,-8,-13,-3,-13,-17,11,14,6,-4,sil
16.27662229537964,6,4,-2,-1,0,-15,-16,-13,-38,-30,7,6,-11,-11,sil
16.27662229537964,16,9,7,5,3,-13,-16,-6,-30,-15,12,13,-11,-4,sil
16.29301619529724,11,10,11,6,10,-5,-18,4,-7,-3,9,8,-5,0,sil
16.29301619529724,-2,2,4,5,13,6,-11,6,1,1,1,-4,-7,-3,sil
16.308083534240723,-6,0,-7,12,11,18,7,1,6,14,1,-7,-4,0,sil
16.308083534240723,-12,-6,1,3,3,15,10,1,6,11,-4,-10,-5,4,sil
16.322266101837158,-27,-19,-5,-14,-5,11,8,2,6,2,-17,-22,-14,-4,sil
16.322266101837158,-24,-23,-16,-16,-9,15,25,3,20,14,-18,-23,-11,-7,sil
16.33889126777649,-10,-18,-2,-11,-4,17,34,5,28,23,-14,-13,2,-1,sil
16.33889126777649,-3,-18,-5,-12,0,7,21,-2,23,13,-6,-2,10,4,sil
16.353925228118896,6,-6,-2,-13,-3,-1,9,-5,17,9,6,17,16,13,sil
16.353925228118896,21,9,12,0,-4,-9,1,1,11,11,16,26,20,11,sil
16.36954975128174,21,11,11,10,0,-23,-13,-1,-1,0,12,15,13,-1,sil
16.36954975128174,11,10,9,3,0,-15,-20,-5,-6,-14,14,16,5,-5,sil
16.38359761238098,3,13,-3,0,2,0,-10,2,-6,-16,23,21,8,-2,sil
16.399626970291138,0,12,-4,12,5,-3,-10,6,-19,-18,8,7,0,-4,sil
16.399626970291138,0,16,2,23,8,-8,-14,2,-27,-23,-7,0,-12,-6,sil
16.415673971176147,0,23,5,29,14,0,-5,-2,-23,-13,0,2,-13,0,sil
16.415673971176147,-6,10,11,23,9,8,-2,-4,-25,-5,0,-6,-15,0,sil
16.43399453163147,-13,-15,-8,9,-1,9,-8,-5,-26,-3,-17,-23,-22,-10,sil
16.43399453163147,-14,-19,-11,3,-5,8,-8,-1,-7,3,-23,-25,-20,-11,sil
16.43399453163147,-9,-5,0,3,-5,9,1,2,12,10,-17,-17,-7,1,sil
16.447020530700684,1,-6,-6,-9,-4,7,14,0,23,10,-8,-7,9,13,sil
16.462553024291992,12,-9,3,-25,-5,1,17,1,28,13,0,3,21,16,sil
16.462553024291992,4,-8,-4,-29,-13,-8,5,3,23,12,0,6,14,10,sil
16.478576183319092,-6,-7,-12,-30,-15,-16,-7,-1,9,0,3,2,4,-6,sil
16.478576183319092,0,0,-1,-19,-5,-14,-9,0,3,-4,19,7,8,-13,sil
16.4956271648407,9,3,-1,-7,-2,-17,-8,1,-1,-5,22,6,7,-2,sil
16.4956271648407,7,3,4,-8,-2,-13,-12,0,-21,-17,2,1,-8,0,sil
16.512693405151367,0,12,5,3,8,4,-5,-3,-25,-17,-2,1,-11,-7,sil
16.512693405151367,-3,13,4,23,16,12,7,-1,-13,-6,0,-3,-7,-8,sil
16.512693405151367,-3,0,5,21,14,13,10,3,-14,-10,-10,-19,-11,-5,sil
16.52774715423584,-4,-5,-7,15,11,19,12,1,-11,-2,-15,-18,-6,2,sil
16.52774715423584,-10,-4,-1,8,3,25,17,1,10,22,-4,-6,3,10,sil
16.543001890182495,-9,-5,-1,0,1,20,25,5,29,36,-2,-2,10,14,sil
16.55858588218689,7,-7,-5,0,7,2,25,1,38,32,-6,7,24,18,sil
16.55858588218689,15,-5,6,3,0,-7,9,-2,38,30,2,21,28,16,sil
16.55858588218689,4,-1,-4,-5,-11,-10,-9,-3,25,25,13,14,19,10,sil
16.57263469696045,3,1,-2,-16,-9,-14,-19,-3,5,3,10,9,13,2,sil
16.588112592697144,4,-2,1,-20,-10,-19,-22,-3,-12,-26,2,12,0,-12,sil
16.588112592697144,-2,2,0,-11,-7,-20,-29,-5,-27,-41,5,9,-20,-25,sil
16.60325312614441,6,20,11,1,1,-12,-22,2,-24,-28,15,12,-16,-10,sil
16.60325312614441,14,15,6,1,1,-6,-2,6,-13,-17,5,10,-10,1,sil
16.61893391609192,0,2,8,-1,0,-3,-1,2,-22,-23,-16,0,-23,-10,sil
16.61893391609192,-5,5,13,12,7,8,-8,2,-23,-12,-4,0,-22,-12,sil
16.634201526641846,1,4,6,21,11,15,4,4,-1,7,18,3,-9,4,sil
16.634201526641846,-7,0,3,11,0,8,11,1,-3,-1,0,-10,-18,-1,sil
16.65089774131775,-21,-5,-12,9,-8,1,0,-3,-25,-20,-23,-28,-26,-20,sil
16.65089774131775,-16,-11,-9,10,0,8,1,-6,-17,-10,-11,-23,-19,-9,sil
16.6665256023407,-8,-14,2,6,9,17,20,-1,14,18,0,-5,-11,10,sil
16.6665256023407,-10,-12,-8,4,2,10,28,2,23,34,-11,-11,15,7,sil
16.681946277618408,-5,-7,-9,3,0,9,17,2,18,25,-17,-20,56,2,sil
16.681946277618408,5,0,-7,2,8,12,12,0,32,26,2,-6,55,20,sil
16.697847843170166,8,-2,-1,-1,0,0,3,-2,35,29,11,4,20,30,sil
16.697847843170166,7,-10,-2,-8,-17,-14,-7,-1,14,11,-6,0,5,14,sil
16.713406324386597,9,-2,-5,-6,-13,-12,-12,-6,7,-1,-10,1,6,0,sil
16.713406324386597,7,8,2,-8,2,-4,-12,-6,8,-1,7,11,1,0,sil
16.7291202545166,3,7,-5,-16,2,-8,-15,0,-9,-12,17,15,1,-2,sil
16.7291202545166,5,9,0,-17,-6,-16,-18,2,-25,-21,10,17,0,-4,sil
16.744587182998657,11,12,4,-14,-6,-11,-11,0,-17,-13,5,17,-7,-2,sil
16.744587182998657,12,0,-3,-14,-3,-5,0,3,-8,-7,13,13,-4,-2,sil
16.760101795196533,9,-3,7,-12,-5,-3,0,5,-9,-6,16,11,2,-6,sil
16.760101795196533,6,3,2,-8,1,-4,0,0,-10,-8,5,1,-3,-9,sil
16.775725603103638,-2,4,0,-7,10,-4,1,2,-9,-20,-2,-10,-17,-8,sil
16.775725603103638,-11,0,11,0,4,0,0,5,-13,-20,3,-1,-14,-7,sil
16.790886402130127,-7,-1,0,10,3,4,2,-6,-10,0,3,2,-4,-5,sil
16.790886402130127,-5,2,2,11,9,12,4,-7,0,7,-8,-8,-8,-3,sil
16.80660128593445,-10,3,4,15,8,15,3,6,6,5,-8,-9,-12,-3,sil
16.80660128593445,-6,2,0,23,10,11,7,4,7,12,0,0,-1,0,sil
16.821794033050537,-1,4,3,17,11,6,7,-3,9,10,-6,-6,2,5,sil
16.821794033050537,-7,0,-6,-1,-2,3,1,-4,8,-3,-16,-16,-6,6,sil
16.837841033935547,-12,-13,-8,-11,-9,3,-2,-2,1,-6,-16,-14,-13,0,sil
16.837841033935547,-14,-14,-8,-8,0,3,0,2,-2,0,-22,-17,-9,-8,sil
16.85295343399048,-8,-1,0,3,-4,5,1,2,-1,2,-28,-15,-9,-8,sil
16.85295343399048,0,4,9,15,-8,4,3,-1,4,8,-16,-4,-10,-5,sil
16.86854076385498,-1,-2,-11,4,0,-7,-1,-1,9,11,-6,-5,-3,-4,sil
16.86854076385498,0,-8,-4,-12,-4,-12,-14,2,1,0,-2,-5,1,2,sil
16.883954286575317,12,0,14,6,-10,-1,-9,2,0,0,13,12,13,18,sil
16.883954286575317,27,13,17,30,4,1,2,0,9,13,32,32,37,24,sil
16.899988889694214,30,21,14,17,18,1,2,0,18,19,34,33,43,23,sil
16.899988889694214,23,11,1,9,12,5,8,2,19,18,34,26,31,24,sil
16.915609121322632,16,3,6,13,2,2,13,4,11,17,37,22,25,19,sil
16.915609121322632,3,-1,1,-8,-6,-5,4,-1,-2,6,22,11,13,0,sil
16.930991411209106,-16,-13,-17,-32,-16,-15,-7,-6,-19,-17,-10,-5,-12,-20,sil
16.946213960647583,-20,-10,-9,-17,-16,-19,-11,0,-26,-30,-24,-6,-27,-25,sil
16.946213960647583,-3,-2,-7,0,-5,-10,-5,0,-16,-17,-7,-1,-18,-14,sil
16.946213960647583,-2,-13,-3,-13,-2,0,2,-4,-8,-2,0,-9,-6,-8,sil
16.96204948425293,-10,-16,-5,-22,-6,3,7,-2,-12,-3,-3,-12,-4,-10,sil
16.96204948425293,-3,3,-6,-6,-4,0,6,3,-8,-10,0,-1,-4,0,sil
16.977715492248535,0,9,10,0,0,1,2,4,0,-13,0,0,-3,7,sil
16.977715492248535,-4,-4,-2,-7,-1,0,-2,-3,0,-9,-8,-7,-9,-2,sil
16.993959665298462,0,0,-6,-2,0,-2,-4,-4,2,-3,-6,0,-10,-4,sil
16.993959665298462,6,15,3,5,11,5,0,3,14,1,-2,0,0,6,sil
17.00899839401245,-2,7,-8,-1,14,7,1,2,15,-1,-18,-19,-9,0,sil
17.00899839401245,-9,-2,-1,-10,6,-3,-14,-4,-7,-18,-32,-23,-26,-16,sil
17.024571657180786,-5,0,2,-9,0,-11,-22,-3,-19,-19,-17,-8,-12,-12,sil
17.024571657180786,-3,1,-5,-5,0,0,-9,3,-1,6,-2,-5,5,2,sil
17.041089296340942,-3,-5,-8,-2,5,16,5,5,15,25,-5,-10,5,8,sil
17.041089296340942,0,-10,0,-2,7,15,9,2,7,19,-7,-14,3,0,sil
17.056232690811157,3,0,15,0,8,9,12,2,0,17,0,-12,4,-7,sil
17.0728816986084,0,5,-3,12,9,9,14,0,6,23,8,-2,6,-3,sil
17.0728816986084,-3,-4,-5,20,0,1,3,0,2,10,17,9,7,3,sil
17.0728816986084,5,4,19,28,-5,0,-4,6,-3,-1,24,21,7,7,sil
17.08792519569397,14,17,13,31,3,1,-1,0,0,2,19,23,10,8,sil
17.08792519569397,2,3,5,4,-4,-6,-2,-10,-4,0,2,14,7,1,sil
17.103972911834717,-3,-8,3,-1,-19,-8,-2,-3,-3,-3,0,10,3,1,sil
17.103972911834717,4,-1,6,17,-11,2,3,2,7,7,6,16,2,13,sil
17.119694232940674,3,1,2,6,-2,7,4,-2,1,-1,0,10,-3,7,sil
17.119694232940674,-5,0,-6,-7,-3,0,2,-2,-4,-15,-6,-2,-4,-2,sil
17.134879112243652,1,2,10,3,-1,2,7,1,2,-1,-1,4,5,4,sil
17.134879112243652,10,0,0,2,2,0,14,0,11,7,0,10,10,11,sil
17.150888204574585,7,-8,-14,-13,3,-12,7,-1,13,-1,2,3,5,8,sil
17.150888204574585,0,-9,0,-23,-2,-14,-12,0,10,-6,-1,-1,0,3,sil
17.16620707511902,-5,-8,-8,-25,-12,-11,-19,-3,7,-1,-4,-1,0,-4,sil
17.16620707511902,0,-1,-8,-19,-3,-12,0,0,11,0,10,4,6,-8,sil
17.183010816574097,9,5,-2,-6,10,-8,12,7,9,0,25,12,6,0,sil
17.183010816574097,4,6,-2,3,8,-4,-4,1,-9,-5,17,2,0,2,sil
17.19804286956787,-3,12,6,11,0,-2,-18,0,-24,-10,6,-7,-7,-4,sil
17.19804286956787,-8,6,-3,10,-1,0,-10,2,-23,-14,-2,-13,-21,-14,sil
17.213576078414917,-7,0,-5,1,-1,0,-11,-3,-26,-23,-19,-18,-30,-20,sil
17.213576078414917,0,4,3,5,2,0,-16,-5,-27,-18,-17,-14,-14,-18,sil
17.228596925735474,-3,3,0,8,3,0,-9,3,-20,-3,-11,-12,0,-7,sil
17.245795249938965,-15,0,-4,2,2,5,0,7,-14,3,-23,-17,-4,-5,sil
17.245795249938965,-11,0,-10,6,8,14,10,2,0,12,-15,-11,-1,-5,sil
17.259993076324463,4,-5,0,5,10,24,25,8,26,26,5,0,15,12,sil
17.259993076324463,8,-9,2,-2,2,29,27,9,41,32,1,-1,23,25,sil
17.27463126182556,2,-10,-2,-9,-3,13,15,-5,27,22,-13,-5,9,10,sil
17.27463126182556,-2,-15,5,-24,-8,-2,3,-11,0,2,-14,-2,-8,-6,sil
17.289729595184326,-4,-14,-2,-33,-13,-7,0,-5,-5,-6,-6,-5,-10,-3,sorry
17.289729595184326,-6,0,-3,-15,-4,-5,-7,-6,-5,-11,-11,-12,-12,0,sorry
17.304904222488403,-12,4,-1,3,5,0,-13,-6,-16,-13,-14,-8,-18,-6,sorry
17.304904222488403,-11,3,-5,0,-3,0,-8,-3,-7,0,3,6,-6,-5,sorry
17.321050882339478,-1,6,4,-10,-16,-9,0,1,9,4,17,12,0,-6,sorry
17.321050882339478,4,1,0,-3,-10,-14,5,2,5,-11,3,3,-11,-9,sorry
17.33696722984314,15,5,6,18,4,0,10,3,0,-7,-1,7,-4,4,sorry
17.33696722984314,26,15,16,26,11,11,13,1,9,10,16,22,20,19,sorry
17.35260510444641,17,8,3,15,12,2,7,-1,11,8,27,24,26,18,sorry
17.35260510444641,6,6,10,12,11,-7,3,2,10,0,21,22,22,18,sorry
17.368151426315308,10,9,7,17,5,-9,2,4,14,10,21,17,25,22,sorry
17.368151426315308,15,6,6,17,4,-10,-11,0,4,9,27,17,24,17,sorry
17.383697032928467,15,10,16,19,8,-2,-18,-1,-5,-4,25,24,17,5,sorry
17.383697032928467,3,5,1,11,2,-5,-13,-1,-6,-4,7,8,5,-3,sorry
17.398741960525513,-13,-10,-5,-2,-7,-13,-18,6,-9,2,-6,-10,-5,-5,sorry
17.398741960525513,-9,-8,-8,-1,-2,0,-11,9,-7,5,0,0,1,0,sorry
17.413894653320312,-1,-1,-7,-5,1,10,5,-3,-5,-5,-5,3,0,-3,sorry
17.413894653320312,-16,-11,-6,-23,-6,0,0,-9,-15,-20,-23,-21,-19,-18,sorry
17.429086208343506,-22,-14,-15,-15,-9,-4,-9,-3,-19,-13,-16,-29,-20,-22,sorry
17.429086208343506,-1,2,0,1,0,6,-1,1,-10,0,2,-2,-11,-10,sorry
17.444629430770874,4,5,1,0,4,13,4,0,-4,-2,-2,0,-16,-9,sorry
17.444629430770874,-5,-3,-11,-3,-1,5,0,-2,-7,-10,-25,-26,-20,-16,sorry
17.460649728775024,-5,0,-4,-2,-5,1,1,1,0,-2,-30,-30,-15,-9,sorry
17.460649728775024,0,0,-5,-3,-6,0,5,0,13,0,-20,-17,-14,-3,sorry
17.4760262966156,-14,-14,-7,-15,-8,0,3,-3,8,-9,-26,-22,-23,-18,sorry
17.4760262966156,-20,-13,-13,-24,0,7,9,0,0,-8,-31,-28,-22,-17,sorry
17.491665363311768,-6,-3,-8,-22,5,8,23,1,12,6,-11,-12,-3,4,sorry
17.491665363311768,1,-4,3,-15,1,9,21,1,23,18,7,5,9,12,sorry
17.507095336914062,0,-6,-6,-5,0,5,3,5,14,21,11,8,9,7,sorry
17.507095336914062,1,0,1,0,1,-3,-5,1,-2,9,5,6,5,7,sorry
17.522234439849854,0,0,9,4,-1,-8,-2,-4,-10,-2,4,9,2,9,sorry
17.522234439849854,1,-8,4,1,-8,-11,-7,0,-11,-1,10,17,9,11,sorry
17.537927865982056,2,-3,10,-8,-11,-14,-15,5,-14,1,8,17,17,7,sorry
17.537927865982056,-4,2,0,-5,-7,-7,-5,-3,-6,4,9,10,18,3,sorry
17.553992986679077,3,9,7,13,-1,4,6,-7,8,6,17,16,20,10,sorry
17.553992986679077,21,15,16,21,1,7,1,0,11,1,16,21,20,13,sorry
17.569382190704346,21,10,2,13,8,4,-3,2,4,4,15,13,14,12,sorry
17.569382190704346,20,12,10,19,18,8,7,2,12,11,27,15,19,19,sorry
17.585005044937134,21,23,15,31,17,3,15,1,21,8,28,20,23,15,sorry
17.585005044937134,19,18,11,28,10,-10,4,1,12,0,16,18,8,2,sorry
17.600852489471436,29,14,9,23,9,-12,-5,5,7,3,20,20,7,7,sorry
17.600852489471436,30,17,7,16,7,-12,-8,-1,7,7,27,21,16,13,sorry
17.61626958847046,0,11,4,0,0,-13,-22,-7,-12,-10,11,5,3,-9,sorry
17.61626958847046,-25,-4,-15,-11,-10,-14,-30,-1,-32,-32,-10,-9,-18,-29,sorry
17.63246774673462,-27,-12,-21,-14,-10,-12,-20,-1,-35,-32,-18,-14,-27,-28,sorry
17.63246774673462,-28,-14,-12,-20,-9,-3,-20,-6,-41,-30,-27,-28,-34,-30,sorry
17.6470148563385,-33,-15,-8,-15,-9,11,-19,-4,-42,-34,-42,-41,-47,-33,sorry
17.6470148563385,-23,-10,5,-2,3,20,4,2,-15,-18,-37,-30,-41,-16,sorry
17.663357496261597,-8,-8,0,2,15,22,29,2,13,12,-17,-19,-15,2,sorry
17.663357496261597,-10,-14,-9,0,6,25,29,2,17,20,-25,-31,-14,0,sorry
17.679226875305176,-18,-19,-10,-3,-2,23,30,5,13,15,-40,-37,-26,-5,sorry
17.679226875305176,-9,-16,-12,-6,1,12,35,0,25,21,-25,-23,-8,5,sorry
17.694701194763184,1,-6,1,-12,4,9,20,-1,35,24,-13,-7,4,16,sorry
17.694701194763184,-7,-10,-11,-20,-9,1,3,2,29,23,-10,-5,0,11,sorry
17.710737466812134,-6,-13,-14,-22,-19,-15,-2,2,18,20,6,3,14,7,sorry
17.710737466812134,10,0,7,-7,-8,-11,-9,1,17,10,21,20,31,5,sorry
17.72694182395935,14,5,3,3,1,-4,-14,-3,12,-2,21,22,25,3,sorry
17.72694182395935,11,4,4,-6,-5,-18,-17,-6,-7,-11,23,23,22,5,sorry
17.74157214164734,17,8,0,-11,-11,-22,-19,-2,-21,-13,26,23,26,7,sorry
17.757760763168335,16,8,-1,-4,-6,-11,-18,0,-19,-14,18,18,14,5,sorry
17.757760763168335,6,8,15,1,-1,-9,-9,4,-11,-9,16,25,10,4,sorry
17.757760763168335,6,10,6,10,3,-7,0,1,-10,2,22,25,19,1,sorry
17.774569988250732,8,11,1,14,7,6,2,-3,-15,1,19,10,13,0,sil
17.774569988250732,4,12,3,11,6,14,5,1,-14,-5,6,0,-2,-2,sil
17.788590669631958,-4,8,0,12,5,8,11,6,-8,-2,0,0,-11,-7,sil
17.804698705673218,-5,4,8,14,2,3,14,6,-2,1,6,3,-8,-3,sil
17.804698705673218,9,5,10,17,0,1,11,1,5,0,17,3,0,9,sil
17.804698705673218,19,13,14,20,8,0,2,-2,7,-2,4,-4,-4,7,sil
17.820750951766968,9,10,8,13,8,-1,-4,-1,1,-4,-13,-6,-7,0,sil
17.820750951766968,3,-6,-5,1,0,-2,-2,-2,9,6,-8,2,7,8,sil
17.835895538330078,3,-8,0,1,3,6,1,0,19,17,-1,4,12,15,sil
17.835895538330078,-5,-2,0,3,11,12,-1,4,12,12,-4,-2,0,4,sil
17.850969552993774,-12,-6,0,-13,0,-1,-7,1,0,0,-7,-7,-13,-6,sil
17.850969552993774,-8,-10,-6,-25,-7,-13,-4,-3,0,-3,-14,-11,-19,-7,sil
17.86771845817566,-10,-9,-6,-9,-1,-6,0,-4,2,-4,-28,-19,-22,-6,sil
17.86771845817566,-14,-8,-1,-4,-3,2,-2,0,-2,-7,-29,-22,-21,-15,sil
17.883669137954712,-11,-8,-15,-15,-7,4,0,0,-3,-8,-15,-17,-15,-19,sil
17.89670991897583,-12,-2,-8,-14,-2,2,2,-2,-1,-9,-15,-12,-14,-14,sil
17.89670991897583,-25,-4,-7,-7,1,0,2,-4,-8,-13,-26,-20,-19,-18,sil
17.91208004951477,-27,-12,-21,-9,0,-6,1,-4,-15,-13,-22,-28,-20,-22,sil
17.91208004951477,-11,-5,-3,-6,0,0,0,0,-9,-5,-4,-10,-7,-6,sil
17.927640914916992,4,7,2,9,4,9,-3,0,2,6,10,8,11,12,sil
17.927640914916992,15,5,3,17,3,4,0,0,5,9,25,17,25,17,sil
17.94368839263916,22,3,10,12,-7,-4,0,-1,3,7,38,21,27,18,sil
17.94368839263916,24,8,4,8,-9,-8,-17,-4,0,7,33,22,23,15,sil
17.959270000457764,25,17,14,14,1,0,-17,3,-2,7,22,23,26,9,sil
17.959270000457764,19,12,10,15,6,9,6,10,7,9,26,26,29,9,sil
17.975258111953735,6,-5,1,-1,0,2,14,2,6,2,17,19,15,9,sil
17.975258111953735,1,-8,4,-13,-2,-4,9,-2,-12,-8,-3,11,3,4,sil
17.99088191986084,-1,-3,0,-10,-6,-6,13,-1,-16,-4,0,8,4,2,sil
17.99088191986084,-12,-5,0,-12,-10,-5,3,0,-10,-5,0,0,-4,-4,sil
18.005998373031616,-14,-7,-10,-13,-4,-5,-5,4,1,-6,-12,-14,-8,-13,sil
18.005998373031616,-7,0,-5,-7,3,-1,1,10,16,6,-10,-18,0,-4,sil
18.02115559577942,-3,8,11,-2,5,5,7,9,8,3,-1,-11,-10,0,sil
18.02115559577942,0,6,0,4,7,8,4,0,-1,-4,-6,-5,-24,-4,sil
18.036701679229736,1,4,1,9,10,8,-1,-2,10,10,-9,-1,-7,-1,sil
18.036701679229736,-1,0,0,8,9,4,-7,-5,14,17,-3,0,2,0,sil
18.05189299583435,0,-3,-5,11,2,0,-3,-7,-8,-3,-5,0,-6,-1,sil
18.05189299583435,0,5,4,18,-1,1,2,0,-22,-6,-7,0,-6,0,sil
18.06712055206299,-2,4,0,12,-1,0,6,4,0,10,-3,-1,0,1,sil
18.06712055206299,-5,-6,-2,-1,1,0,7,-2,25,12,-1,-5,-2,4,sil
18.089757204055783,0,-4,-6,0,5,10,9,0,22,7,-3,-10,-1,7,sil
18.089757204055783,6,0,-6,9,5,11,11,6,10,11,-1,-8,2,8,sil
18.089757204055783,10,-5,6,3,0,-2,5,1,9,9,-2,2,0,12,sil
18.09779381752014,2,-11,-2,-12,-10,-17,-10,-11,0,-11,-18,-5,-9,3,sil
18.11424469947815,-7,-14,-8,-29,-23,-21,-32,-14,-18,-33,-32,-20,-17,-17,sil
18.11424469947815,-4,-13,-6,-29,-18,-10,-28,-4,-19,-24,-10,-6,-3,-18,sil
18.130134344100952,7,-1,-2,-18,-1,-3,-5,2,-2,-3,23,18,17,-1,sil
18.130134344100952,11,14,9,-17,-1,-10,-7,2,1,-7,26,25,13,-3,sil
18.14525032043457,1,14,2,-12,-3,-11,-21,0,-5,-19,22,13,4,-8,sil
18.14525032043457,-1,15,12,9,12,2,-8,0,-7,-13,27,8,10,-1,sil
18.16076827049256,0,22,14,27,21,12,9,0,-12,0,22,10,5,0,sil
18.16076827049256,-8,6,-2,20,7,9,4,-3,-26,-1,-2,-2,-10,-3,sil
18.1770761013031,-12,-11,0,6,0,13,6,0,-22,-3,-21,-17,-13,-2,sil
18.1770761013031,-1,-10,-1,9,6,19,26,6,2,16,-13,-11,0,4,sil
18.191144227981567,-4,-8,0,11,2,12,26,8,14,28,-5,0,4,8,sil
18.191144227981567,-10,-10,-2,0,-5,-1,13,2,20,23,-2,3,13,7,sil
18.207258701324463,2,1,-7,-1,0,-11,7,-1,32,22,14,15,29,11,sil
18.207258701324463,10,13,2,0,1,-9,-4,0,19,11,26,20,21,6,sil
18.222384452819824,0,2,-3,-6,-8,-11,-17,0,-9,-13,8,2,-6,-11,sil
18.222384452819824,3,4,1,0,-4,-14,-13,-5,-16,-19,0,0,-9,-12,sil
18.239052057266235,10,19,14,16,6,-5,-7,-5,-15,-9,11,11,-2,-2,sil
18.239052057266235,-6,4,0,11,2,-2,-12,0,-32,-16,-5,-8,-25,-9,sil
18.2547459602356,-19,-16,-7,-1,-5,1,-1,2,-27,-13,-36,-31,-37,-11,sil
18.2547459602356,-6,-18,-7,-4,-8,17,27,6,15,15,-28,-22,-10,10,sil
18.269903421401978,0,-16,-5,-9,-9,23,30,4,33,29,-19,-13,3,17,sil
18.269903421401978,-13,-17,-8,-11,-6,16,13,-1,16,15,-31,-21,-4,0,sil
18.28458309173584,-15,-17,-19,-12,0,4,4,-4,15,6,-24,-23,-5,-4,sil
18.28458309173584,0,-8,-1,-18,1,0,-2,4,21,7,-5,-5,1,3,sil
18.300737619400024,15,3,8,-9,0,0,-4,5,23,8,5,18,17,13,sil
18.300737619400024,21,6,5,0,1,-5,-7,-2,22,-2,14,25,22,15,sil
18.314865827560425,21,5,9,-4,5,-12,-19,0,6,-18,24,20,9,6,sil
18.33105516433716,32,21,9,8,11,-14,-17,0,-11,-9,39,28,12,7,sil
18.33105516433716,36,33,20,22,8,-17,-9,-5,-21,-4,42,36,19,9,sil
18.345895051956177,8,14,3,1,-5,-19,-10,-5,-25,-30,18,12,0,-9,sil
18.345895051956177,-16,0,-13,-15,-10,-10,-10,-3,-26,-30,1,-8,-14,-24,sil
18.36098027229309,-10,9,-2,0,0,2,-9,-1,-21,-5,9,-1,-3,-15,sil
18.36098027229309,-9,8,0,15,4,5,-14,0,-17,-7,2,-4,-5,-8,sil
18.37685775756836,-18,0,5,13,9,11,-4,3,-9,-6,-10,-14,-12,-7,sil
18.37685775756836,-12,3,0,18,16,19,19,5,3,20,-3,-6,0,2,sil
18.391690254211422,-5,-2,-6,20,10,15,28,5,9,23,-1,-2,2,7,sil
18.391690254211422,-13,-16,0,2,-1,14,24,3,9,11,-15,-15,-4,0,sil
18.407629013061523,-23,-24,-10,-15,-11,8,14,-1,8,14,-23,-23,-6,-6,sil
18.407629013061523,-21,-29,-11,-26,-20,-7,-1,-5,-3,6,-27,-20,-11,-6,sil
18.42333388328552,-4,-19,-5,-19,-14,-2,1,0,-1,0,-25,-14,-9,-3,sil
18.42333388328552,11,-1,-3,-3,0,8,23,1,22,10,-7,0,10,7,sil
18.43929362297058,13,0,7,-4,-2,-2,17,0,29,8,2,13,19,13,sil
18.43929362297058,9,-3,0,-9,-11,-15,-3,0,15,0,0,10,11,8,sil
18.45490956306457,10,7,0,-5,-6,-9,-13,0,11,1,6,3,11,1,sil
18.45490956306457,7,13,3,-8,0,-9,-22,-6,6,-3,14,10,11,-3,sil
18.47113966941833,6,8,-2,-8,-2,-17,-32,-7,-15,-19,12,19,0,-5,sil
18.47113966941833,15,20,11,12,2,-5,-22,-1,-27,-27,18,21,-6,1,sil
18.48676443099976,17,30,14,29,20,3,-5,1,-18,-10,30,17,0,6,sil
18.48676443099976,10,18,10,28,20,-4,-6,3,-15,3,18,8,-1,1,sil
18.501991510391235,2,6,3,25,10,-1,-5,5,-16,1,1,0,-4,0,sil
18.501991510391235,-6,-2,-2,13,12,9,5,0,-7,2,-2,-6,-6,0,sil
18.51759600639344,-26,-13,-3,-2,6,13,10,0,-3,3,-20,-21,-25,-10,sil
18.51759600639344,-43,-23,-28,-14,-11,13,17,0,-2,0,-38,-40,-35,-21,sil
18.532856225967407,-35,-25,-22,-23,-11,17,22,-5,3,0,-32,-34,-17,-12,sil
18.532856225967407,-8,-15,2,-14,0,16,17,-3,9,5,-17,-13,-3,0,sil
18.548418521881104,5,-6,-2,0,2,7,20,3,17,12,-5,-1,0,5,sil
18.548418521881104,6,-6,2,-9,-3,-4,20,3,24,17,2,7,12,13,sil
18.56463098526001,8,-5,3,-15,-14,-15,0,0,19,13,7,16,20,19,sil
18.56463098526001,13,3,4,-2,-14,-17,-20,1,7,-3,5,16,8,9,sil
18.58124613761902,17,11,5,0,-7,-10,-13,1,3,-10,11,18,4,-2,sil
18.58124613761902,22,9,0,-8,-7,-9,-4,-2,9,-4,28,20,17,5,sil
18.59686303138733,25,11,9,-4,-8,-12,-15,0,3,-8,31,24,24,17,sil
18.59686303138733,20,9,5,3,0,-8,-21,5,-10,-13,21,21,15,6,sil
18.61203527450561,12,9,2,8,6,-5,-14,4,-14,-6,16,7,12,-8,sil
18.61203527450561,7,16,12,8,4,-3,-13,0,-10,-6,8,0,9,-9,sil
18.62764811515808,0,5,0,6,-1,0,-13,-4,-17,-13,-7,-8,0,-5,sil
18.62764811515808,-13,-7,-3,5,6,10,0,-1,-23,-10,-12,-15,-6,-2,sil
18.64289140701294,-12,2,-1,20,22,16,13,3,-11,3,-4,-12,0,0,sil
18.64289140701294,-5,9,1,28,15,18,9,2,-4,13,-7,-14,-4,-4,sil
18.65835189819336,-21,-5,0,10,0,18,9,-2,-8,14,-17,-21,-16,-18,sil
18.65835189819336,-34,-20,-12,-10,5,12,20,-6,0,14,-16,-20,-16,-13,sil
18.67434930801392,-20,-13,-3,-10,8,13,22,-4,15,18,-15,-14,-10,4,sil
18.67434930801392,-10,-7,-4,0,-2,13,14,-1,20,18,-15,-13,-9,4,sil
18.690163612365723,-12,-13,-10,0,-6,-2,3,-3,16,5,-15,-9,-16,-6,sil
18.690163612365723,-6,-14,3,-9,-2,-7,0,-1,13,-5,-13,0,-19,1,sil
18.705690383911133,1,-11,-5,-19,-5,0,5,1,12,-4,-7,3,-5,8,sil
18.705690383911133,5,-7,-5,-20,-11,-16,-4,-2,2,-10,-1,5,3,0,sil
18.72180318832397,12,7,0,-4,-8,-26,-17,-2,-3,-15,5,14,3,4,sil
18.72180318832397,23,22,0,2,1,-8,-1,7,3,-5,14,27,12,13,sil
18.7378191947937,28,21,13,-5,3,0,5,9,9,-2,21,33,21,8,sil
18.7378191947937,17,9,6,-7,-5,-13,-12,-2,0,-12,24,22,17,3,sil
18.75294184684753,4,12,3,-2,-8,-19,-20,-6,-17,-18,10,5,1,0,sil
18.75294184684753,4,17,2,3,0,-5,-13,-1,-27,-12,1,0,-11,-15,sil
18.76846504211425,3,10,-3,13,7,0,-6,0,-21,-4,11,3,-11,-18,sil
18.76846504211425,0,3,9,20,4,1,1,2,-14,1,16,2,0,-3,sil
18.78406286239624,-7,-2,8,14,0,5,0,8,-10,7,4,-9,6,1,sil
18.78406286239624,-17,-13,-4,0,-3,4,-12,4,-9,7,-8,-20,-1,-5,sil
18.79957056045532,-20,-19,-12,-2,-2,6,-4,-1,-7,10,-10,-22,-4,-3,sil
18.79957056045532,-12,-23,-9,3,2,15,10,0,0,17,-8,-23,0,7,sil
18.815621614456177,-5,-19,4,0,0,19,12,2,10,21,-11,-19,1,8,sil
18.815621614456177,-1,-10,-6,-7,-12,7,10,0,21,23,-11,-6,6,8,sil
18.831154108047485,4,-5,-8,-8,-13,0,11,-6,25,14,-11,4,13,12,sil
18.831154108047485,12,3,0,-7,0,0,12,-4,24,0,-4,8,15,10,sil
18.84669780731201,16,9,0,-3,3,-5,7,0,28,2,13,18,22,14,sil
18.84669780731201,15,6,5,-3,-1,-14,-10,0,26,0,21,26,19,13,sil
18.86192321777344,11,10,1,-6,4,-11,-15,0,6,-19,10,11,0,-6,sil
18.862276554107662,5,15,5,-5,11,-11,-4,5,-19,-29,2,0,-11,-18,sil
18.87725830078125,-6,11,8,0,5,-10,-1,0,-22,-22,2,-1,-15,-15,sil
18.87725830078125,-5,11,3,10,9,4,2,-4,-9,-21,0,0,-17,-9,sil
18.893060207366943,3,17,12,23,19,23,11,4,-11,-17,-4,0,-16,-3,sil
18.893060207366943,-6,5,-1,20,18,25,8,1,-20,-1,-11,-5,-17,-7,sil
18.90862536430359,-14,-5,-7,11,14,21,4,-5,-20,5,-20,-13,-23,-14,sil
18.90862536430359,-9,-8,1,11,3,15,11,0,-11,4,-17,-10,-21,-5,sil
18.92397689819336,-12,-17,-11,5,-11,0,5,0,-4,6,-11,-11,-15,0,sil
18.92397689819336,-11,-15,-4,-6,-11,-3,-5,-2,-4,9,-13,-12,-9,0,sil
18.93940711021424,0,-9,-2,-14,-12,0,-4,-1,-2,11,-8,-9,2,7,sil
18.93940711021424,-1,-15,-7,-24,-24,-16,-6,-2,0,5,1,-7,9,11,sil
18.95524334907532,-9,-16,-9,-25,-21,-20,-10,0,3,2,5,-7,8,3,sil
18.95524334907532,-3,-8,-11,-15,-7,-6,-2,3,14,10,0,-5,12,7,sil
18.972220182418823,8,0,4,-11,-3,-4,1,1,22,10,0,8,16,12,sil
18.972894191741943,15,6,5,0,0,-12,-4,0,18,6,17,23,23,6,sil
18.98596715927124,17,9,5,6,1,-11,-11,3,12,3,28,25,24,2,sil
18.98596715927124,8,10,11,-1,-1,-4,-11,0,12,2,16,17,14,-3,sil
19.001782178878784,-2,6,-4,-5,-3,-11,-7,-5,8,4,10,9,12,-9,sil
19.001782178878784,1,5,3,0,0,-14,-9,0,2,3,16,11,13,-5,sil
19.017460584640503,4,9,6,4,8,3,-11,2,-1,-8,11,8,0,-4,sil
19.017460584640503,0,10,0,9,12,9,-4,1,-5,-18,2,1,-8,0,sil
19.548975944519043,-3,1,7,25,11,16,11,1,1,17,14,5,7,0,sil
19.548975944519043,4,0,20,20,10,21,18,0,12,24,5,-1,4,9,sil
19.56458640098572,1,3,-3,16,17,21,30,0,20,26,-1,-5,-3,11,sil
19.56458640098572,-8,-2,-6,19,12,21,28,1,14,16,-8,-8,-5,7,sil
19.579760789871216,-3,-5,12,23,8,23,26,4,13,10,-7,-2,3,12,sil
19.579760789871216,4,0,-9,22,15,13,35,2,29,26,0,-1,10,18,sil
19.59531331062317,-8,-4,-10,4,6,4,30,5,28,24,-17,-13,-2,7,sil
19.59531331062317,-32,-23,-10,-18,-6,8,14,3,14,0,-35,-28,-22,-5,sil
19.61090469360352,-27,-31,-22,-26,-13,5,3,-3,6,-5,-27,-31,-17,-1,sil
19.61090469360352,-3,-15,-9,-19,-17,-2,1,0,0,0,-14,-17,4,11,sil
19.626900911331177,-6,-8,0,-21,-18,-7,-2,-1,-3,0,-14,-10,6,10,sil
19.626900911331177,-15,-8,-1,-24,-17,-13,-17,-9,-10,-8,-18,-14,-6,-7,sil
19.641971826553345,-4,0,-1,-16,-17,-15,-25,-4,-15,-7,-10,-5,0,-12,sil
19.641971826553345,7,0,1,-18,-9,-7,-18,-3,0,1,13,15,26,2,sil
19.65748405456543,15,1,5,-19,1,-6,-17,-2,10,5,30,25,33,12,sil
19.65748405456543,23,17,8,1,1,-13,-22,0,-1,-2,29,25,25,7,sil
19.672980070114136,25,21,15,14,-1,-11,-18,-4,-10,-4,28,30,18,5,sil
19.672980070114136,26,13,9,6,4,-4,-13,-10,-7,1,29,30,12,11,sil
19.68910574913025,28,13,13,4,14,0,-11,0,-6,0,26,23,7,8,sil
19.68910574913025,19,14,10,12,11,6,1,12,1,-2,18,21,4,-2,sil
19.704729080200195,3,2,-2,6,4,2,12,8,16,3,7,16,0,-10,sil
19.704729080200195,-6,0,0,-3,4,-3,9,1,17,13,4,3,-6,-11,sil
19.71985173225403,-10,4,-6,1,10,2,8,6,8,9,4,-9,-8,-7,sil
19.71985173225403,-11,2,-3,8,9,6,2,5,-4,-8,-10,-11,-14,-1,sil
19.735021352767944,-8,0,-2,7,-1,-3,-8,-1,-15,-19,-19,-8,-22,-4,sil
19.735021352767944,-8,0,-12,10,-10,-10,-4,-1,-14,-16,-10,-12,-21,-12,sil
19.75264000892639,-14,-4,-3,4,-3,-2,2,2,-17,-20,-16,-21,-23,-17,sil
19.75264000892639,-20,-13,-8,-3,2,2,3,-2,-26,-22,-21,-27,-29,-16,sil
19.76674103736877,-9,-11,-4,0,-5,4,6,-5,-25,-12,-11,-20,-20,-6,sil
19.76674103736877,0,-3,9,5,-7,9,11,-1,-11,-4,-11,-10,-9,0,sil
19.78229856491089,-1,-2,-3,9,3,10,3,-5,-2,-2,-17,-11,-11,0,sil
19.782914400100708,-1,2,8,18,10,6,-6,-2,-2,7,-7,-3,0,5,sil
19.79801344871521,8,8,16,23,8,7,1,6,8,25,10,12,26,21,sil
19.79801344871521,8,1,0,14,1,10,14,-1,15,24,9,9,24,22,sil
19.81567931175232,-2,-7,-1,-5,-5,14,17,-1,6,5,-19,-6,0,2,sil
19.81567931175232,-14,-17,-14,-22,-5,7,18,4,10,0,-37,-15,-11,-13,sil
19.8288803100586,-20,-24,-16,-29,-6,0,14,1,29,9,-14,-6,0,-7,sil
19.8288803100586,-11,-17,-5,-28,-13,-1,6,2,35,20,14,4,18,5,sil
19.845940113067627,3,-3,-2,-21,-10,-7,-4,4,32,24,20,5,28,12,sil
19.86005926132202,3,4,1,-14,0,-12,-15,-3,24,9,14,5,20,9,sil
19.86005926132202,-5,-1,-2,-16,-4,-14,-16,-7,9,-10,13,6,6,-1,sil
19.87707996368408,0,0,-6,-17,-4,-13,-14,-1,-5,-8,11,3,6,-6,sil
19.87707996368408,16,17,0,-2,6,-9,-12,1,-3,2,20,8,18,0,sil
19.87707996368408,23,26,15,10,8,-15,-16,1,0,0,34,22,22,4,sil
19.892630338668823,22,27,20,20,3,-14,-23,1,-13,-5,32,33,11,5,sil
19.907657623291016,34,30,17,39,11,0,-15,-1,-30,-9,17,29,3,14,sil
19.907657623291016,41,25,26,40,18,0,-2,-5,-32,-16,7,17,0,17,sil
19.907657623291016,22,8,8,16,10,-4,4,-1,-23,-15,6,5,-6,4,sil
19.92469835281372,-3,-7,-8,7,2,12,19,1,-18,-3,-2,-9,-13,-7,sil
19.92469835281372,-23,-17,-6,3,1,27,27,-2,-23,-4,-33,-33,-29,-17,sil
19.939117431640625,-38,-26,-21,-12,-9,18,20,0,-18,-10,-55,-46,-41,-22,sil
19.954998016357425,-35,-24,-15,-22,-22,16,19,5,0,0,-39,-36,-32,-13,sil
19.954998016357425,-15,-15,-6,-12,-16,18,22,4,23,13,-17,-23,-14,-2,sil
19.954998016357425,-6,-16,-14,-12,-7,0,8,2,38,18,-18,-6,-3,6,sil
19.969539880752563,-4,-7,0,-15,-5,-8,-8,5,35,13,-7,18,5,12,sil
19.98461127281189,1,7,3,-10,-1,-6,-8,0,22,4,17,27,7,3,sil
19.98461127281189,-3,7,-3,-16,1,-18,-17,-5,1,-13,18,17,-2,-15,sil
19.999945402145386,-18,0,-7,-19,0,-30,-30,-3,-23,-27,5,13,-2,-25,sil
19.999945402145386,-13,6,-6,1,9,-19,-28,-6,-30,-22,12,12,6,-17,sil
20.01604557037353,0,12,11,21,23,5,-13,-5,-17,-11,19,5,5,-6,sil
20.01604557037353,1,2,6,24,18,12,-3,-1,-13,-4,8,-6,0,0,sil
20.03124976158142,4,0,3,18,6,2,-9,-2,-22,0,-4,-10,2,5,sil
20.03124976158142,18,10,13,15,0,0,-8,-1,-10,11,0,-1,12,19,sil
20.04710078239441,24,3,10,8,-3,4,6,5,15,19,8,2,21,23,sil
20.04710078239441,13,-7,5,-3,-4,8,20,7,23,18,0,-6,12,14,sil
20.062938690185547,0,-8,-8,-4,0,10,26,2,12,14,-13,-25,-3,3,sil
20.062938690185547,-2,-3,-2,3,0,7,27,0,2,6,-17,-30,-8,0,sil
20.07901620864868,0,0,4,5,-2,11,30,6,10,4,-14,-12,0,6,sil
20.07901620864868,-3,-6,-9,-1,-11,6,23,6,29,7,-6,3,9,9,sil
20.101078987121586,-1,-10,1,-18,-17,-10,-5,-1,28,0,0,9,11,0,sil
20.101078987121586,7,0,0,-23,-16,-17,-28,-7,17,-3,10,13,11,-4,sil
20.101078987121586,11,14,-1,-6,-8,-12,-27,-7,9,-1,26,21,8,-2,sil
20.109968185424805,3,22,12,8,8,-3,-19,-1,-2,-7,28,28,0,-8,sil
20.1260769367218,0,13,-7,18,20,6,-2,1,-9,-3,14,19,-5,-8,sil
20.1260769367218,-5,-1,-4,15,12,13,11,2,-16,0,-5,-3,-13,0,sil
20.141143321990967,-14,-9,1,2,5,12,14,0,-17,-3,-14,-14,-11,2,sil
20.141143321990967,-12,-9,-11,-3,7,7,16,0,-8,3,-1,-10,0,1,sil
20.15697693824768,-5,-6,-6,-8,-4,-3,5,9,-7,7,-2,-6,-2,4,sil
20.15697693824768,0,-13,-7,-17,-23,-23,-13,2,-10,-5,-14,0,-15,3,sil
20.172666549682617,17,-4,-1,-18,-18,-26,-18,-5,-3,-1,11,26,-4,1,sil
20.172666549682617,25,18,10,-3,3,-7,-11,0,-4,4,38,37,14,1,sil
20.18874669075012,1,19,7,10,18,3,-6,-1,-23,-14,8,8,-7,-5,sil
20.18874669075012,-15,0,3,14,13,8,6,-7,-33,-20,-16,-19,-43,-12,sil
20.20368313789368,-14,-11,-5,7,1,13,19,-3,-16,-2,-14,-27,-7,-9,sil
20.20368313789368,-12,-10,-3,-1,0,15,13,1,8,3,-39,-29,48,0,sil
20.21941089630127,-8,-1,0,-5,-3,8,0,2,21,10,-47,-25,32,2,sil
20.21941089630127,3,-5,2,-10,-15,-12,-6,0,23,21,-4,-9,-1,1,sil
20.23480987548828,11,-6,12,-14,-10,-15,-12,0,24,12,13,2,6,2,sil
20.23480987548828,9,4,0,-8,3,0,-13,1,19,-9,0,4,6,0,sil
20.249846935272217,0,5,0,-7,0,-6,-16,-5,0,-27,4,3,-14,-8,sil
20.249846935272217,-5,1,5,-6,-1,-14,-14,-5,-14,-28,14,4,-22,-14,sil
20.264846086502075,-2,6,-4,6,11,0,-4,0,-13,-12,13,1,-21,-9,sil
20.264846086502075,2,12,5,21,16,14,6,6,-13,-3,10,0,-15,-2,sil
20.280944347381592,-1,3,2,28,7,16,18,3,-13,-2,-1,-2,-12,0,sil
20.280944347381592,-14,-11,-9,18,-3,15,17,1,-2,0,-17,-7,-20,1,sil
20.29708504676819,-14,-19,-12,0,-14,10,10,4,18,12,-9,-4,-4,7,sil
20.29708504676819,1,-11,-7,0,-8,2,12,1,28,27,8,7,23,22,sil
20.311604976654053,14,2,9,3,4,2,14,-3,16,28,1,13,23,22,sil
20.311604976654053,10,0,0,-2,5,0,6,-3,7,18,-10,3,13,4,sil
20.326740026474,0,-3,-7,-9,1,-9,-3,0,7,9,2,0,16,-2,sil
20.326740026474,-4,7,-1,-13,0,-11,-12,0,5,0,21,6,19,-4,sil
20.34382915496826,0,14,-5,-8,1,-10,-12,-3,0,-6,20,16,18,-1,sil
20.34382915496826,12,12,7,-1,4,-10,-6,-2,0,-4,21,23,11,5,sil
20.35791277885437,14,14,11,5,6,-5,-4,3,-1,-5,33,23,5,4,sil
20.35791277885437,8,20,6,13,2,0,-8,7,-16,-14,21,12,1,-8,sil
20.37302875518799,1,11,5,17,0,0,-8,6,-32,-19,-3,-1,-6,-12,sil
20.3890233039856,-4,-7,1,15,3,2,1,1,-24,-5,-5,-12,-10,-4,sil
20.3890233039856,-6,-11,7,8,1,17,9,-4,-10,6,-5,-17,-9,2,sil
20.40512752532959,-6,-11,-2,1,-5,21,11,-7,-14,0,-21,-21,-15,1,sil
20.40512752532959,-11,-19,-10,-7,-10,2,7,-5,-15,-7,-30,-23,-20,0,sil
20.40512752532959,-15,-19,-4,-13,-13,0,-4,-1,-3,2,-28,-20,-17,0,sil
20.42211151123047,-6,-11,-7,-12,-12,6,-5,-3,8,11,-25,-11,-8,6,sil
20.42211151123047,4,0,2,-7,1,3,2,-1,20,6,-15,1,3,9,sil
20.4357008934021,4,0,1,-5,3,-6,4,2,28,8,-6,2,7,3,sil
20.4357008934021,-1,-19,-9,-21,-18,-14,-8,-2,20,6,-8,-6,-3,-10,sil
20.450857162475582,0,-21,-8,-26,-25,-16,-12,-5,10,-3,-11,-2,-4,-11,sil
20.46877932548523,8,10,-7,-4,0,-10,2,1,18,4,11,15,14,5,sil
20.46877932548523,17,26,5,2,17,0,8,7,24,17,44,24,24,14,sil
20.4697790145874,9,2,-2,-16,4,-10,0,3,9,0,28,6,9,-1,sil
20.48471403121948,-9,-9,-11,-34,-6,-20,-8,-1,-10,-21,-11,-10,-10,-19,sil
20.48471403121948,-8,13,3,-17,6,-5,-9,0,-17,-25,-5,-1,-15,-19,sil
20.49775123596192,6,27,4,22,22,3,-2,0,-13,-20,18,7,-7,-7,sil
20.49775123596192,6,15,11,25,16,2,0,0,-14,-8,15,7,0,0,sil
20.51535391807556,-5,4,9,5,10,6,-2,0,-15,2,6,4,0,-2,sil
20.52903151512146,-9,2,-2,12,14,8,-6,0,-16,-1,0,-4,-1,-7,sil
20.52903151512146,-10,5,6,23,8,16,2,0,-12,0,-7,-7,0,-3,sil
20.52903151512146,-3,3,1,25,5,25,19,0,5,17,1,1,5,13,sil
20.544596672058105,5,2,7,33,11,15,15,5,4,19,2,6,10,23,sil
20.559969663619995,6,2,12,28,3,6,7,9,-10,6,-1,6,8,16,sil
20.559969663619995,2,0,0,12,-8,7,15,-4,-6,1,0,1,0,4,sil
20.575618505477905,-4,-6,0,5,-7,1,13,-10,-1,0,-16,-11,-17,-6,sil
20.575618505477905,-20,-14,-11,5,-7,-5,-1,-3,-5,-1,-23,-23,-20,-11,sil
20.59081077575684,-13,-13,-10,1,-18,-3,-12,1,1,0,0,-8,-4,-1,sil
20.59081077575684,6,-9,6,-3,-20,0,-14,0,8,0,8,9,5,3,sil
20.60598373413086,4,-15,0,-12,-13,-1,-6,-4,6,-3,-4,0,1,-4,sil
20.60598373413086,-3,-13,-3,-18,-11,3,4,0,16,3,-11,-8,0,0,sil
20.62202286720276,7,-3,-1,-12,-7,2,7,6,30,17,-3,3,12,14,sil
20.62202286720276,19,0,3,-8,0,-8,4,2,25,13,6,13,20,12,sil
20.637795209884644,9,0,-4,-17,1,-12,0,0,17,5,14,7,13,5,sil
20.637795209884644,-2,-8,-15,-34,-4,-12,-7,1,9,9,8,-2,5,3,sil
20.65288281440735,2,0,5,-28,1,-15,-8,0,-7,-1,0,0,2,-2,sil
20.65288281440735,16,15,6,0,12,-13,-5,-7,-17,-18,8,11,2,-4,sil
20.668997049331665,11,14,-2,0,7,-11,-13,-7,-19,-13,16,13,0,-3,sil
20.668997049331665,-4,9,-1,-14,4,-4,-15,1,-20,-5,1,1,1,-8,sil
20.68466758728028,-9,6,-8,-5,10,5,-8,4,-14,-12,-7,-4,0,-8,sil
20.68466758728028,-1,4,1,4,4,6,-7,0,0,-11,0,3,-3,-8,sil
20.69988894462585,0,4,0,4,-7,-1,-1,-1,13,0,7,2,-4,-8,sil
20.69988894462585,-8,1,-8,0,-9,-7,7,1,7,-4,-5,-9,-10,-5,sil
20.715044736862183,-9,-3,0,-2,-5,0,7,2,-6,-16,-15,-8,-17,-1,sil
20.715044736862183,-1,-3,1,0,0,7,8,0,-4,-1,-5,-3,-8,1,sil
20.73103499412537,-6,0,5,6,1,9,2,0,-6,6,-2,-9,-3,0,sil
20.73103499412537,-12,0,3,7,-2,0,-11,4,-17,-6,-6,-7,-10,-4,sil
20.746296882629395,0,0,7,13,0,0,-12,0,-13,-7,1,3,-11,0,sil
20.746296882629395,6,8,18,20,10,16,1,-1,0,4,12,4,-2,6,sil
20.76169276237488,0,6,1,18,13,22,10,3,1,8,4,-7,1,3,sil
20.76169276237488,0,0,3,12,6,11,10,1,-5,5,-3,-6,-1,1,sil
20.77691507339477,7,3,1,10,2,3,6,-9,-10,2,0,4,-5,4,sil
20.77691507339477,4,3,-6,8,1,1,4,-8,-11,-1,-2,5,-8,3,sil
20.79273676872253,3,-2,0,7,7,7,12,3,-4,3,-12,1,-2,1,sil
20.79273676872253,11,2,0,16,16,8,23,5,17,23,3,7,17,7,sil
20.808322191238403,10,13,9,17,13,-1,17,3,30,26,19,15,25,13,sil
20.808322191238403,-6,0,-1,1,-3,-11,2,2,25,8,6,0,8,0,sil
20.82363653182984,-18,-16,-16,-6,-13,-10,-1,0,18,3,-10,-19,1,-15,sil
20.82363653182984,-11,-6,2,-2,-6,3,8,3,15,15,-5,-6,12,-1,sil
20.83906316757202,0,-6,-8,-11,-1,7,12,2,11,9,4,6,13,12,sil
20.83906316757202,-3,-17,-16,-23,-7,-7,-5,-5,2,-8,-4,-8,2,-2,sil
20.854241371154785,-12,-13,-6,-15,-6,-15,-21,-7,2,-11,-22,-16,-4,-12,sil
20.854241371154785,-7,-13,-8,-20,-2,-11,-15,-1,11,-5,-13,0,0,0,sil
20.870906352996823,0,-18,-2,-43,-15,-3,-10,0,0,-12,0,6,0,4,sil
20.870906352996823,-3,-11,-4,-31,-23,-8,-13,-5,-23,-21,-5,-6,-8,-5,sil
20.88465476036072,-1,0,-1,-7,-14,-17,-14,-6,-24,-21,-6,-1,-12,-6,sil
20.90186095237732,7,2,4,-10,-12,-11,-15,1,-18,-18,2,9,-6,0,sorry
20.90186095237732,10,4,3,-4,-12,-1,-12,1,-16,-12,3,1,-2,0,sorry
20.90186095237732,13,11,14,11,3,6,7,2,-4,8,14,6,6,4,sorry
20.917051315307617,20,15,8,12,16,11,19,7,13,29,33,24,20,12,sorry
20.932015419006348,18,13,1,6,9,2,5,2,8,17,26,20,14,10,sorry
20.932015419006348,5,10,0,6,0,-4,-6,-2,-1,-5,6,1,-1,0,sorry
20.94666028022766,-7,10,1,12,6,5,-4,-1,-2,-6,-5,-11,-10,-11,sorry
20.94666028022766,-7,18,10,17,22,15,-3,0,0,0,-8,-6,-10,-7,sorry
20.962780952453613,1,14,1,18,17,2,-5,-1,-1,-2,0,1,-6,1,sorry
20.962780952453613,0,0,0,8,-3,-11,-14,-5,-16,-16,-3,0,-15,-7,sorry
20.97885799407959,-3,0,2,2,-5,-7,-15,0,-23,-22,-10,-1,-19,-12,sorry
20.97885799407959,0,2,-6,3,5,2,1,5,-8,-7,0,1,-3,3,sorry
20.97885799407959,-1,-4,1,2,3,4,14,2,4,3,0,0,2,7,sorry
20.992608547210693,1,-1,2,10,4,0,9,-1,1,0,-6,-1,0,0,sorry
21.007753372192383,6,7,5,18,16,-1,5,-1,-6,0,1,8,7,4,sorry
21.007753372192383,2,1,7,12,14,4,12,0,0,7,10,13,15,9,sorry
21.02383780479431,-1,-8,-2,7,2,7,19,0,14,11,1,-1,9,3,sorry
21.02383780479431,-11,-9,4,4,-9,2,9,0,9,3,-9,-19,-7,-8,sorry
21.039950132369995,-21,-10,-3,-7,-15,2,1,0,1,3,-6,-19,-10,-15,sorry
21.039950132369995,-9,-5,-10,-12,-3,12,14,5,16,18,6,-6,4,0,sorry
21.05583143234253,2,2,-1,1,8,18,19,7,19,18,3,-1,7,7,sorry
21.05583143234253,-4,-5,-10,2,-2,6,1,0,0,2,-10,-6,-2,-1,sorry
21.071954250335693,0,-7,-2,-5,-9,3,-1,-2,0,4,-7,-5,6,3,sorry
21.071954250335693,17,2,6,0,4,7,8,-1,18,20,3,0,16,17,sorry
21.087604761123657,8,-4,-6,-6,0,-6,-2,-6,9,15,-5,-3,2,6,sorry
21.087604761123657,-12,-16,-11,-31,-20,-16,-18,-6,-4,1,-16,-12,-8,-8,sorry
21.10365295410156,-16,-13,-12,-30,-15,-6,-7,0,3,1,-5,-12,-3,-5,sorry
21.10365295410156,-7,-8,-1,-18,1,-3,0,-4,9,2,-2,-3,0,4,sorry
21.11965537071228,1,-8,-5,-21,0,-9,-11,-3,0,-5,-4,0,0,7,sorry
21.11965537071228,3,-2,-5,-16,-7,-10,-17,3,-3,-16,6,4,-2,1,sorry
21.13470029830933,0,6,9,-4,0,-6,-10,4,0,-21,9,15,-2,-1,sorry
21.13470029830933,2,1,-2,-8,-1,-7,-9,-1,-1,-20,-3,10,0,-5,sorry
21.15072274208069,2,-1,1,-18,-15,-14,-16,0,-9,-20,0,5,-1,-12,sorry
21.15072274208069,0,6,9,-2,-9,-14,-13,6,-9,-20,18,15,-1,-11,sorry
21.1666419506073,8,16,4,20,4,-10,-10,3,-10,-18,16,25,0,-5,sorry
21.1666419506073,14,24,15,26,7,-5,-12,0,-19,-17,8,20,-2,-6,sorry
21.182769060134888,4,20,6,27,10,1,2,0,-20,-11,5,3,-4,-7,sorry
21.182769060134888,0,7,0,33,13,14,21,0,-20,-4,-5,-8,-8,-1,sorry
21.197842359542847,4,9,9,40,12,24,22,-1,-24,2,-12,-4,-7,7,sorry
21.197842359542847,1,9,9,39,12,23,29,-3,-13,14,-10,-7,-1,10,sorry
21.21357154846192,-3,-1,6,23,6,21,36,1,1,24,-10,-17,3,9,sorry
21.21357154846192,2,-4,-3,9,2,13,27,3,22,31,4,-5,16,17,sorry
21.22959327697754,13,0,-2,0,10,0,4,1,38,33,19,11,24,20,sorry
21.22959327697754,10,-7,0,-17,0,-5,-16,-2,32,22,10,10,15,6,sorry
21.2456693649292,1,-17,-3,-27,-14,-14,-26,-3,15,5,11,11,9,0,sorry
21.2456693649292,0,0,3,-21,-9,-19,-27,0,4,-4,24,23,9,0,sorry
21.26067900657653,0,17,0,-5,4,-9,-25,0,-5,-8,14,14,0,-4,sorry
21.26067900657653,-2,5,-3,7,12,8,-9,-8,-11,-6,-7,-9,-11,-2,sorry
21.27692437171936,-12,-16,-8,-4,8,21,16,0,-4,5,-19,-24,-17,-6,sorry
21.27692437171936,-26,-28,-20,-34,-3,12,27,7,4,10,-28,-31,-15,-11,sorry
21.292129278182983,-29,-21,-6,-40,-12,-3,16,0,7,2,-31,-29,-9,-1,sorry
21.292129278182983,-10,-10,-4,-21,-16,-17,1,-3,14,1,-11,-10,5,0,sorry
21.30795741081237,8,0,-1,-9,-14,-26,-13,2,12,-2,10,15,12,-8,sorry
21.30795741081237,6,13,8,-8,-3,-21,-26,2,-7,-31,0,13,-3,-11,sorry
21.324079513549805,-5,12,-7,-2,-2,-10,-22,-4,-24,-45,-18,-13,-22,-15,sorry
21.324079513549805,0,9,-1,6,0,0,-14,0,-23,-24,0,-12,-18,-19,sorry
21.339622974395752,1,7,2,16,6,10,-5,5,-20,-9,14,0,-15,-15,sorry
21.339622974395752,-5,-1,-2,20,4,14,3,2,-23,-12,-14,-16,-26,-3,sorry
21.35485339164734,-4,-1,5,27,6,22,17,2,-13,1,-26,-19,-18,8,sorry
21.35485339164734,3,1,5,33,11,26,30,3,7,27,2,4,5,18,sorry
21.37002992630005,7,0,8,25,4,15,25,3,23,30,14,12,17,21,sorry
21.37002992630005,11,-3,3,14,2,4,14,0,26,23,6,5,19,24,sorry
0.165574312210083,0,-16,-1,1,-5,-1,15,4,0,12,-18,-14,2,9,sorry
0.165574312210083,4,-12,-2,-8,-5,-7,9,1,8,16,-24,-21,7,15,sorry
0.1816244125366211,16,-4,-3,-10,-6,-12,-6,-4,12,0,-9,-7,11,9,sorry
0.1816244125366211,21,6,2,-1,0,-18,-10,-4,11,0,23,13,18,4,sorry
0.1969485282897949,4,8,11,-10,7,-11,-14,0,2,4,35,16,13,0,sorry
0.1969485282897949,-11,1,-3,-14,4,0,-14,1,-5,-1,14,-3,0,-6,sorry
0.212740421295166,-8,-1,-2,5,0,9,1,1,-4,0,-8,-22,-5,-5,sorry
0.212740421295166,0,-2,7,11,0,21,18,3,13,17,-12,-21,4,7,sorry
0.2287735939025879,6,-1,2,1,-1,24,22,6,30,34,3,0,18,20,sorry
0.2287735939025879,12,0,0,2,-3,2,8,4,21,27,18,22,19,19,sorry
0.2442460060119629,12,2,0,0,0,-15,-15,-5,-1,-4,17,26,10,6,sorry
0.2442460060119629,9,8,6,-2,6,-10,-17,-9,-18,-25,10,23,0,-6,sorry
0.2599005699157715,12,19,7,17,14,-1,2,0,-24,-12,14,22,-2,-8,sorry
0.2599005699157715,12,16,9,33,12,6,9,10,-14,5,8,14,-3,6,sorry
0.2755951881408691,-2,-5,4,16,2,18,10,4,-4,5,-10,-2,-8,13,sorry
0.2755951881408691,-17,-21,-16,0,-11,14,20,-6,0,-2,-15,-10,-12,0,sorry
0.2907500267028808,-12,-15,-7,-8,-25,-5,10,-4,6,-5,-9,-6,-13,-7,sorry
0.2907500267028808,-3,-9,-2,-23,-22,-13,-13,3,15,0,-2,0,-4,1,sorry
0.3068158626556396,-7,-12,-11,-32,-6,-12,-24,-2,5,-2,4,2,0,-1,sorry
0.3068158626556396,-13,0,-5,-26,-6,-20,-27,-7,-4,-22,2,-4,-19,-21,sorry
0.3225269317626953,0,18,-2,-3,-4,-22,-26,0,-1,-17,8,0,-18,-19,sorry
0.3225269317626953,21,23,10,16,7,-8,-19,4,-2,3,29,21,0,5,sorry
0.3379380702972412,18,16,17,12,5,-2,-15,-5,-10,-2,29,18,-2,9,sorry
0.3379380702972412,0,10,2,5,0,-6,-14,-5,-21,-24,-2,-9,15,-10,sorry
0.3537442684173584,-5,9,3,19,12,4,-2,1,-31,-18,-19,-16,50,-16,sorry
0.3537442684173584,0,7,4,32,24,18,13,0,-17,3,-3,-6,31,0,sorry
0.3698151111602783,-2,1,6,18,19,18,18,2,11,11,-2,-6,-6,9,sorry
0.3698151111602783,-15,-10,-1,0,9,18,17,4,12,8,-25,-20,-9,0,sorry
0.3859059810638428,-18,-22,-17,-1,4,17,25,0,5,11,-34,-31,-12,-3,sorry
0.3859059810638428,-12,-21,-8,-6,-1,14,32,3,17,19,-28,-25,-17,2,sorry
0.4017317295074463,-13,-21,-15,-29,-12,11,29,6,22,27,-19,-15,-3,7,sorry
0.4017317295074463,-8,-24,-16,-40,-14,6,21,2,17,27,-13,-11,1,6,sorry
0.4169583320617676,0,-18,0,-25,-9,0,13,0,27,19,-13,-8,0,0,sorry
0.4169583320617676,5,-6,-5,-13,-5,-4,11,0,34,13,-2,4,11,0,sorry
0.4325428009033203,13,5,2,-12,2,-8,7,1,24,10,20,27,18,14,sorry
0.4325428009033203,19,15,5,-7,7,-16,-8,-1,13,1,27,31,14,13,sorry
0.447610855102539,7,14,1,-4,-3,-26,-25,-6,-2,-17,18,16,0,-6,sorry
0.447610855102539,-2,11,3,-10,-16,-23,-24,-3,-22,-28,16,13,-16,-19,sorry
0.4627368450164795,4,16,7,0,-9,-17,-25,-5,-32,-20,24,18,-16,-11,sorry
0.4627368450164795,4,24,13,29,4,-15,-32,-5,-40,-23,23,9,-15,-1,sorry
0.4779253005981445,-3,22,2,41,5,-4,-22,0,-42,-37,1,-6,-23,-7,sorry
0.4779253005981445,-3,11,0,25,0,6,-8,0,-32,-28,-17,-8,-26,-13,sorry
0.4939985275268554,3,1,10,17,3,12,-5,0,-19,-4,-5,-1,-11,0,sorry
0.4939985275268554,9,-6,3,25,9,17,3,4,-8,2,1,-4,2,14,sorry
0.5095436573028564,4,-9,7,15,3,27,15,2,-2,4,-14,-11,0,6,sorry
0.5095436573028564,-8,-10,1,4,3,25,14,-1,2,12,-17,-11,-5,-1,sorry
0.5246384143829346,-10,-13,-8,-1,2,10,4,0,3,6,-9,-9,0,3,sorry
0.5246384143829346,-6,-15,-3,-18,-9,0,-2,1,3,0,-13,-7,8,5,sorry
0.5398852825164795,-3,-13,-4,-23,-11,-5,-4,1,14,17,-1,3,21,6,sorry
0.5398852825164795,4,-7,5,-13,-3,-10,-4,5,28,23,17,18,32,14,sorry
0.5559666156768799,12,0,3,-11,0,-9,2,2,34,13,18,18,30,11,sorry
0.5559666156768799,16,4,-1,-9,-1,-12,4,-3,32,15,21,19,28,8,sorry
0.5715842247009277,19,8,8,-6,-1,-17,-5,1,24,14,34,30,29,13,sorry
0.5715842247009277,13,12,0,-6,0,-21,-11,1,9,0,30,20,21,5,sorry
0.5866022109985352,0,18,-3,3,11,-10,-9,-4,-7,-15,10,-4,1,-14,sorry
0.602304220199585,-6,16,-1,16,17,13,3,0,-14,-13,0,-10,-13,-17,sorry
0.602304220199585,-8,3,-7,17,13,20,21,3,-5,0,-10,-8,-15,-9,sorry
0.602304220199585,-23,-4,-6,8,3,12,21,0,-7,1,-32,-26,-24,-17,sorry
0.6179518699645996,-33,-15,-13,-2,-4,12,14,-2,-19,-9,-42,-42,-36,-26,sorry
0.6179518699645996,-27,-21,-12,-9,-3,18,18,-3,-13,0,-34,-35,-26,-15,sorry
0.634516716003418,-16,-17,-9,-10,0,18,19,-2,4,15,-34,-23,-15,0,sorry
0.634516716003418,-7,-11,-6,-14,-1,5,9,0,14,12,-29,-14,-15,7,sorry
0.6500110626220703,3,-8,0,-15,-11,-5,3,1,19,6,-4,-2,-3,12,sorry
0.6500110626220703,17,0,0,-11,-12,-6,5,2,18,9,14,11,13,17,sorry
0.6639254093170166,24,15,10,-1,-2,-10,-2,0,0,1,15,28,13,16,sorry
0.6639254093170166,18,15,9,7,-4,-26,-20,-6,-22,-19,8,26,3,3,sorry
0.6780829429626465,14,1,2,-1,-10,-26,-29,-6,-26,-28,5,8,0,-7,sorry
0.6937906742095947,17,5,15,-12,4,-7,-17,4,-3,-12,25,18,9,0,sorry
0.6937906742095947,6,15,3,5,11,-9,-13,2,2,1,39,30,17,4,sorry
0.7092514038085938,-2,9,3,24,-2,-9,-24,-2,-16,-7,20,12,1,-3,sorry
0.7092514038085938,6,10,14,23,5,9,-15,1,-20,-13,12,4,-4,-5,sorry
0.7249100208282471,0,5,0,15,14,11,-2,-4,-20,-7,12,4,-3,-4,sorry
0.7249100208282471,-18,-10,-2,13,0,7,-5,-11,-30,-9,-13,-17,-14,-10,sorry
0.7400476932525635,-7,-12,0,25,0,19,6,2,-11,-2,-25,-24,-11,-3,sorry
0.7400476932525635,1,-5,0,14,4,19,26,13,16,12,-14,-7,0,11,sorry
0.755657434463501,-7,-11,-3,-13,0,12,25,5,27,23,-12,-7,0,13,sil
0.755657434463501,-5,-15,-10,-18,0,8,15,0,35,25,-6,-16,5,9,sil
0.7711882591247559,-3,-11,0,-22,-7,-4,1,2,26,7,0,-6,12,4,sil
0.7711882591247559,-8,-10,-9,-32,-17,-20,-10,-3,8,-4,-4,0,9,-3,sil
0.7868340015411377,2,0,-9,-20,-8,-21,-13,-5,4,1,0,2,9,-1,sil
0.7868340015411377,9,6,2,-9,-6,-10,-9,3,4,1,8,5,10,-6,sil
0.8025550842285156,-6,1,-8,-12,-8,-9,-8,2,0,-4,13,2,7,-16,sil
0.8025550842285156,-6,8,4,-12,3,-5,-10,0,-2,-2,17,6,2,-11,sil
0.8180038928985596,7,17,8,-6,14,8,0,4,-1,-3,11,9,-3,-3,sil
0.8180038928985596,1,12,-1,11,17,12,18,6,-4,-10,-5,0,-11,-2,sil
0.83384108543396,-11,7,4,28,18,6,9,0,-19,-12,-14,-7,-18,-5,sil
0.83384108543396,-11,1,0,23,9,5,0,-9,-23,-4,-13,-11,-17,-7,sil
0.8498916625976562,-1,0,7,22,4,14,15,-4,-8,7,-17,-10,-7,1,sil
0.8498916625976562,8,5,7,34,0,20,22,3,0,12,-15,-2,-1,15,sil
0.8653082847595215,11,1,-3,24,-6,13,7,0,0,11,-1,1,0,17,sil
0.8653082847595215,7,0,4,7,0,6,3,0,18,17,9,6,10,18,sil
0.8806843757629395,12,-5,3,3,6,0,12,4,37,30,17,16,27,24,sil
0.8806843757629395,14,-17,1,-15,-9,-11,3,-2,31,20,17,23,23,20,sil
0.8967101573944092,1,-11,-3,-36,-19,-16,-13,-8,9,-7,4,12,6,1,sil
0.8967101573944092,-3,1,-14,-27,-14,-19,-19,-3,-2,-16,-3,2,3,-8,sil
0.9125595092773438,1,1,-5,-21,-16,-24,-21,-1,-6,-10,6,9,9,-8,sil
0.9125595092773438,-6,-4,-6,-28,-16,-24,-29,-3,-18,-21,10,5,-1,-16,sil
0.9277069568634032,-13,-3,-3,-14,-10,-14,-30,-2,-33,-39,-5,-14,-21,-25,sil
0.9277069568634032,1,4,3,6,1,0,-9,0,-28,-30,-11,-14,-24,-16,sil
0.9437005519866944,9,11,6,5,17,10,11,0,-13,-11,-2,-2,-13,0,sil
0.9437005519866944,-3,10,9,15,20,16,16,6,-8,-1,-2,-2,-7,-1,sil
0.958815336227417,-7,6,0,38,16,15,19,10,0,4,-8,-9,-4,-4,sil
0.958815336227417,-8,9,1,35,17,17,23,4,11,10,-6,-11,-2,1,sil
0.9748797416687012,-14,-1,4,14,14,25,22,1,10,21,-3,-7,0,5,sil
0.9748797416687012,-11,-19,-6,4,0,11,12,0,3,22,-6,-8,0,8,sil
0.9907262325286864,-4,-16,-3,-10,-13,-9,-2,-4,-5,2,-15,-18,-7,3,sil
0.9907262325286864,-5,-15,-11,-27,-14,-6,-5,-1,-5,0,-16,-18,-9,-7,sil
1.006798505783081,0,-18,-6,-34,-13,0,0,0,4,14,-6,-2,2,0,sil
1.006798505783081,8,-4,3,-26,-4,-6,0,-3,14,14,11,12,21,9,sil
1.0225341320037842,11,12,-3,-3,13,-8,-6,-1,22,10,28,22,29,5,sil
1.0225341320037842,10,14,4,10,6,-6,-20,4,21,5,21,24,20,4,sil
1.0379884243011477,4,6,3,-9,-17,-13,-29,-1,-2,-10,8,13,3,-2,sil
1.0379884243011477,2,8,1,-21,-9,-13,-27,-6,-23,-20,11,8,-3,-18,sil
1.0531792640686035,7,19,11,14,12,-5,-20,0,-17,-21,12,2,-9,-16,sil
1.0531792640686035,1,16,8,45,7,3,-12,0,-16,-21,0,-10,-16,-3,sil
1.06886625289917,-3,2,8,31,6,24,7,0,-14,-4,-9,-7,-9,3,sil
1.06886625289917,4,-1,2,24,19,29,33,5,13,17,-1,2,5,16,sil
1.0849566459655762,2,-8,-2,19,7,8,40,6,33,20,-1,0,8,24,sil
1.0849566459655762,-10,-18,-8,-21,-18,-3,29,5,19,14,-17,-5,2,15,sil
1.1006600856781006,-6,-16,-16,-46,-20,-7,12,0,4,1,-19,-2,2,5,sil
1.1006600856781006,8,-5,4,-19,-5,-13,-1,-5,0,-14,1,6,6,0,sil
1.116941213607788,7,5,4,1,-5,-17,-10,-1,-1,-14,12,8,9,-7,sil
1.116941213607788,0,16,-4,-4,-8,-20,-22,1,-7,-15,6,2,0,-20,sil
1.1319985389709473,2,17,7,1,10,-6,-21,0,-13,-14,13,6,-15,-16,sil
1.1319985389709473,6,10,4,25,20,12,6,0,-2,7,13,9,-10,3,sil
1.1480977535247805,1,5,5,26,6,10,19,0,0,16,-8,-4,-6,5,sil
1.1480977535247805,-8,-1,-3,15,5,10,8,-1,-16,0,-19,-19,-20,-6,sil
1.1637253761291504,-16,-15,-11,4,6,22,11,-1,-13,-1,-18,-18,-24,-2,sil
1.1637253761291504,-12,-18,-2,-16,-12,16,18,0,4,14,-22,-8,-5,6,sil
1.1798095703125,-4,-17,-9,-28,-18,0,4,0,10,17,-15,-3,11,4,sil
1.1798095703125,-6,-18,-10,-18,-6,-5,-10,-1,8,8,-5,-6,11,0,sil
1.195828914642334,-9,-9,-6,-19,-5,-8,-14,1,10,3,0,-4,11,0,sil
1.195828914642334,5,5,-1,-18,-4,-14,-20,2,9,2,18,11,22,2,sil
1.2119488716125488,19,21,13,4,0,-15,-26,1,1,-1,40,24,27,5,sil
1.2119488716125488,6,18,0,11,0,-14,-23,0,-7,-6,32,12,16,2,sil
1.2277584075927734,0,6,0,-2,3,-7,-15,-3,-13,-10,10,2,2,-3,sil
1.2277584075927734,6,4,10,16,12,2,-1,-6,-10,-11,7,4,-2,-9,sil
1.2431325912475586,0,6,2,35,12,6,15,-2,0,-7,5,-6,-5,-5,sil
1.2431325912475586,-9,4,3,12,9,15,25,8,5,0,-9,-18,-7,2,sil
1.2587101459503174,-2,-3,3,2,6,18,31,4,10,10,-18,-14,-3,6,sil
1.2587101459503174,1,-14,4,6,-1,6,19,-2,10,9,-21,-10,-5,6,sil
1.2737557888031006,-7,-16,-2,-10,-5,0,-3,0,3,-6,-27,-12,-11,-3,sil
1.2737557888031006,-9,-8,-11,-26,-2,0,-5,-4,2,-11,-25,-6,-8,-11,sil
1.2888851165771484,7,-2,3,-20,-7,-6,0,-8,5,-6,-15,8,-5,-2,sil
1.2888851165771484,16,0,0,-12,-11,-13,-16,-4,-7,-11,-1,17,-8,0,sil
1.3048977851867676,4,7,-2,-8,-4,-12,-28,-3,-27,-21,8,11,-11,-16,sil
1.3048977851867676,3,16,7,2,1,-6,-7,2,-24,-17,15,12,-9,-13,sil
1.321000099182129,10,16,5,18,5,-1,13,9,-9,-4,24,21,0,11,sil
1.321000099182129,3,13,7,25,6,5,6,8,-10,1,19,13,1,13,sil
1.3370442390441897,-4,0,1,18,6,17,6,3,-7,11,2,-7,-1,4,sil
1.3370442390441897,-2,-14,0,3,3,16,23,5,9,28,-1,-16,0,10,sil
1.3531172275543213,-8,-14,-5,-9,-7,4,21,7,12,30,-3,-17,2,11,sil
1.3531172275543213,-14,-11,-23,-12,-18,-9,-4,-1,8,12,-6,-9,5,2,sil
1.3678834438323977,-1,-5,-4,-13,-11,-14,-21,-7,20,3,8,15,13,4,sil
1.3678834438323977,6,3,5,-15,0,-10,-16,0,28,6,26,25,18,6,sil
1.383805513381958,0,11,-2,-2,0,-4,-12,1,16,-3,12,9,10,0,sil
1.383805513381958,-2,13,4,17,5,2,-11,0,1,-16,-8,-2,4,-6,sil
1.3990933895111084,3,5,8,21,11,5,0,0,-8,-5,-4,-8,4,-3,sil
1.3990933895111084,4,0,9,20,12,17,18,2,-8,10,-1,-7,3,3,sil
1.4155983924865725,0,0,-2,21,10,22,28,0,9,14,-15,-9,4,9,sil
1.4155983924865725,-2,-9,-13,0,0,3,20,-5,16,11,-23,-22,0,5,sil
1.4305713176727295,-2,-16,-6,-29,-15,-15,-1,-2,6,2,-18,-23,-5,-9,sil
1.4305713176727295,0,-9,-3,-31,-16,-19,-18,0,2,-4,-5,0,0,-16,sil
1.4457283020019531,13,9,8,-10,-2,-15,-19,0,0,-9,17,23,5,-10,sil
1.4457283020019531,10,18,2,7,5,-8,-13,-1,-12,-15,28,20,0,-9,sil
1.4608378410339355,-14,3,-4,5,3,0,-12,-4,-33,-22,5,-1,-9,-15,sil
1.4608378410339355,-20,-7,4,3,6,6,-5,-3,-33,-12,-13,-8,-17,-3,sil
1.4768471717834473,-5,-11,0,5,8,10,9,0,-10,10,-10,-6,-9,13,sil
1.4768471717834473,-12,-16,-2,-5,-5,7,10,0,-3,11,-14,-20,-3,4,sil
1.4946441650390625,-15,-13,-6,-14,-8,5,4,-1,-7,-4,-16,-20,-4,-4,sil
1.4946441650390625,12,0,-2,-12,5,-1,5,1,5,-5,5,9,6,8,sil
1.5104320049285889,24,11,12,-15,0,-13,-5,3,7,-5,19,25,9,8,sil
1.5104320049285889,6,8,0,-6,-9,-16,-18,0,-7,-15,7,13,-7,-9,sil
1.5244064331054688,6,11,6,14,10,0,-9,1,-6,-16,0,6,-18,-12,sil
1.5244064331054688,12,19,14,26,23,19,7,2,0,-5,2,0,-13,0,sil
1.539306879043579,1,12,-3,19,7,17,12,0,-1,2,4,-7,-8,5,sil
1.539306879043579,0,-2,-1,4,-5,10,14,4,5,11,4,-1,0,11,sil
1.5566253662109375,0,-9,0,1,-5,8,16,5,12,19,1,-2,6,16,sil
1.5566253662109375,-8,-9,-5,8,-9,0,8,-2,-2,10,-14,-13,-6,7,sil
1.5726633071899414,-12,-13,-6,-1,-19,-3,0,-6,-5,2,-25,-8,-11,-2,sil
1.5726633071899414,0,-12,-5,-14,-18,0,5,-1,25,11,-10,8,14,6,sil
1.5867252349853516,6,2,6,-9,0,1,7,3,46,20,15,22,37,18,sil
1.587730884552002,6,8,-4,-1,11,-9,0,2,37,18,29,27,33,8,sil
1.6028721332550049,3,0,-6,-9,2,-24,-11,-1,11,0,15,20,17,-5,sil
1.6028721332550049,-2,0,2,-12,-7,-21,-21,-3,-16,-18,4,11,3,-14,sil
1.6193671226501465,-8,9,0,-3,-1,-13,-27,-3,-27,-22,9,8,-1,-20,sil
1.6193671226501465,-7,10,7,0,5,-10,-26,2,-22,-19,2,4,-4,-19,sil
1.6345181465148926,-3,5,1,9,8,0,-14,2,-14,-13,-6,-6,-9,-7,sil
1.6345181465148926,4,4,1,26,13,12,0,-3,-4,6,0,-14,-9,0,sil
1.6487627029418943,5,1,10,18,13,16,9,2,0,18,0,-15,-6,0,sil
1.6487627029418943,-7,-9,-3,3,4,11,10,2,-9,4,-16,-27,-11,-1,sil
1.6648690700531006,-11,-13,-3,10,0,17,11,-8,-9,-2,-25,-33,-19,-2,sil
1.6648690700531006,-4,-10,-3,8,0,19,18,-2,8,10,-16,-26,-12,-3,sil
1.6829609870910645,-5,-10,-8,-14,-6,9,22,6,14,10,-11,-25,-2,6,sil
1.6829609870910645,-3,-9,0,-21,-15,0,14,2,7,0,-10,-18,1,17,sil
1.6971135139465332,6,-8,-3,-15,-15,-12,5,-1,3,1,0,3,9,16,sil
1.6971135139465332,11,-4,-6,-19,-10,-16,3,0,3,0,10,24,17,13,sil
1.7131881713867188,16,4,-3,-12,-1,-4,2,2,9,-3,19,31,23,12,sil
1.7131881713867188,25,10,8,-2,5,0,-7,1,7,-1,27,36,22,5,sil
1.7289466857910156,17,9,12,-8,3,-7,-17,1,-7,-8,24,31,11,-4,sil
1.7289466857910156,-4,6,-7,-7,0,-13,-23,-3,-20,-21,14,8,-2,-16,sil
1.7445735931396484,-8,13,0,8,2,-11,-32,-5,-27,-21,11,0,-14,-19,sil
1.7445735931396484,5,24,9,24,15,-4,-24,0,-22,-9,11,9,-18,-6,sil
1.7606971263885498,3,10,5,14,13,4,-1,3,-10,-6,-2,4,-16,0,sil
1.7606971263885498,-21,-10,4,-2,2,17,11,4,-4,-8,-21,-23,-17,-14,sil
1.7760958671569824,-35,-9,-6,4,7,24,18,0,3,1,-26,-36,-23,-13,sil
1.7760958671569824,-19,0,-2,17,11,27,27,-1,14,9,-32,-23,-22,0,sil
1.7917547225952148,-4,-4,0,15,0,23,27,-2,12,7,-37,-12,-12,0,sil
1.7917547225952148,-5,-16,-5,5,-4,6,17,-3,6,11,-27,-13,-2,4,sil
1.808971881866455,-8,-14,-4,-4,-2,-8,4,0,11,17,-14,-11,0,14,sil
1.808971881866455,-2,-8,-11,-13,-12,-19,-7,0,12,8,-6,-5,3,6,sil
1.822551250457764,0,-7,-2,-17,-25,-21,-16,-5,-1,-3,3,5,5,-2,sil
1.822551250457764,0,-5,0,-16,-17,-9,-19,-2,-4,2,14,16,7,2,sil
1.8376924991607664,6,0,-3,-10,-3,-7,-17,3,10,13,20,18,18,13,sil
1.8557355403900144,25,7,17,-3,-4,-11,-8,2,16,10,29,29,31,19,sil
1.8557355403900144,31,8,8,-1,-8,-10,0,0,11,7,38,36,34,14,sil
1.8557355403900144,16,3,-1,-12,-4,-11,-6,0,3,0,29,25,24,0,sil
1.8708510398864744,4,0,3,-14,2,-11,-10,-1,-2,-9,16,14,13,-6,sil
1.8708510398864744,9,8,2,7,7,-5,-1,0,-1,-6,15,9,10,-5,sil
1.8875932693481443,13,22,8,19,8,4,1,7,0,-1,13,0,5,-8,sil
1.8875932693481443,6,16,3,11,8,9,5,7,0,0,8,-10,5,-3,sil
1.9016201496124268,3,9,4,15,15,5,11,1,-3,0,9,-7,3,4,sil
1.9016201496124268,-2,9,4,22,20,3,9,-1,-20,-9,-1,-11,-11,-5,sil
1.9187920093536377,-14,1,-11,10,11,9,7,0,-32,-15,-19,-22,-21,-16,sil
1.9197919368743896,-14,-1,-3,6,2,14,11,0,-15,-6,-20,-16,-17,-3,sil
1.9339404106140137,-16,-3,-4,12,4,10,9,-4,2,-2,-20,-10,-17,6,sil
1.9339404106140137,-22,-12,-11,2,1,3,0,-6,0,-4,-31,-22,-23,0,sil
1.9506981372833248,-13,-11,-3,0,-2,9,2,2,6,6,-28,-26,-19,-5,sil
1.9506981372833248,-4,-13,-7,3,0,17,16,1,15,17,-12,-11,-9,0,sil
1.9657440185546875,-7,-22,-1,-12,-3,13,12,-4,10,9,-10,1,-4,3,sil
1.9808506965637207,-5,-15,-1,-17,-9,6,0,2,12,4,-17,0,-3,2,sil
1.9808506965637207,0,-5,-2,-3,-5,3,0,5,16,7,-18,-5,-6,2,sil
1.9808506965637207,0,-3,2,-5,-4,-1,-2,-1,5,1,-7,-1,-4,0,sil
1.997560739517212,9,1,0,-12,-5,-12,-9,-6,-1,-5,14,14,7,1,sil
2.022663116455078,12,8,8,-11,-3,-16,-18,-2,-1,-2,24,21,14,7,sil
2.022663116455078,1,0,-1,-20,-7,-19,-25,0,-5,-4,12,7,6,1,sil
2.022663116455078,0,-1,-6,-28,-10,-24,-31,0,-10,-18,12,6,0,-7,sil
2.022663116455078,17,13,9,-12,0,-18,-23,4,-11,-16,29,26,12,-4,sil
2.0436151027679443,21,16,2,0,1,-22,-13,1,-19,-11,20,24,11,-3,sil
2.0436151027679443,1,10,2,-5,-5,-24,-18,-4,-33,-27,0,3,-12,-17,sil
2.0436151027679443,-8,12,2,2,2,-2,-9,0,-31,-23,6,-2,-16,-17,sil
2.5677285194396973,2,9,8,48,5,26,11,3,-7,8,-1,-8,0,10,sil
2.5677285194396973,1,6,5,53,19,36,30,7,11,8,3,-8,8,15,sil
2.583728551864624,-4,-8,-4,29,16,33,42,3,27,16,-3,-7,9,6,sil
2.583728551864624,-17,-22,-9,-2,-7,21,28,0,24,24,-18,-12,4,2,sil
2.5988285541534424,-15,-23,-18,-18,-16,0,6,0,23,22,-14,-17,7,2,sil
2.5988285541534424,-1,-18,-7,-32,-14,-14,-6,-1,17,13,-6,-11,7,0,sil
2.6148359775543213,-2,-6,-11,-35,-14,-13,-14,-2,0,2,0,-4,4,-5,sil
2.6148359775543213,-3,8,-8,-15,-9,-14,-13,-1,-1,-10,6,0,3,-7,sil
2.630563259124756,11,16,11,1,-1,-15,-8,3,1,-17,12,10,1,-5,sil
2.630563259124756,16,14,8,11,4,-9,-8,2,-6,-16,16,15,-4,0,sil
2.646637439727783,7,13,11,25,6,1,-8,0,-12,-15,0,7,-9,6,sil
2.646637439727783,0,8,7,31,6,11,6,1,-9,-7,-27,-10,-14,4,sil
2.662942886352539,-4,0,-3,20,12,17,17,-3,-12,6,-29,-22,-15,-1,sil
2.662942886352539,-12,-7,2,6,11,21,19,-3,-6,24,-6,-15,-3,0,sil
2.678575038909912,-13,-19,-3,-9,-2,10,21,0,9,39,4,-5,14,11,sil
2.678575038909912,-6,-20,-2,-20,-8,-1,16,-4,15,27,4,-3,18,14,sil
2.693652629852295,6,-6,-2,-13,-2,-5,5,-4,13,0,3,4,4,5,sil
2.693652629852295,7,0,-4,-14,-2,-13,-3,0,7,-14,2,12,-4,0,sil
2.708775043487549,1,-1,2,-24,-4,-21,-15,0,0,-19,4,14,-3,-5,sil
2.708775043487549,4,0,-3,-13,0,-16,-16,-1,2,-16,5,13,0,-8,sil
2.724764347076416,2,3,-1,-4,-2,-11,-11,0,6,-8,2,10,0,-8,sil
2.724764347076416,-6,5,-2,-10,-5,-14,-9,6,2,0,13,11,5,-4,sil
2.739903688430786,-1,5,-8,-11,-2,-15,-12,7,3,4,21,12,12,-2,sil
2.739903688430786,2,5,4,-3,0,-6,-22,-1,-3,-3,8,5,2,-6,sil
2.7556543350219727,0,4,2,1,0,0,-26,-8,-15,-14,4,-4,-9,-11,sil
2.7556543350219727,-1,7,2,3,0,6,-18,-4,-23,-26,4,-3,-17,-10,sil
2.770925998687744,-3,5,2,2,4,14,-4,-1,-25,-31,-10,-3,-19,-11,sil
2.770925998687744,-1,1,-3,11,10,10,6,0,-16,-15,-11,-5,-12,-2,sil
2.7871346473693848,12,9,16,28,11,12,17,4,-5,5,6,4,1,17,sil
2.7871346473693848,18,12,13,28,10,20,22,7,-3,13,5,7,13,21,sil
2.802218198776245,1,-3,0,12,11,14,13,3,-7,13,-11,-8,7,4,sil
2.817659378051758,-11,-13,-4,8,3,8,10,-1,-1,15,-18,-24,-4,-4,sil
2.818086862564087,-8,-8,-10,5,-7,13,20,0,8,14,-19,-23,-4,-3,sil
2.818086862564087,-2,-5,-4,-6,-7,13,24,4,13,13,-16,-12,0,4,sil
2.833746671676636,-3,-9,-3,-5,-5,2,17,0,15,18,-8,-9,0,11,sil
2.833746671676636,-5,-8,-1,0,-10,-9,5,-4,13,13,-6,-12,-4,3,sil
2.848905801773072,-9,-6,0,-9,-11,-14,-7,-2,4,5,-8,-6,-2,-7,sil
2.848905801773072,-11,-9,-10,-19,-7,-12,-10,-4,3,9,0,2,3,0,sil
2.864339828491211,-4,-6,0,-11,-2,-6,-4,0,14,7,9,11,10,8,sil
2.864339828491211,9,2,8,0,0,-4,0,9,25,0,16,18,15,8,sil
2.881105899810791,19,6,5,6,3,-6,2,2,27,4,23,19,21,8,sil
2.895912170410156,23,11,8,5,3,-5,-1,-2,26,7,26,25,27,13,sil
2.895912170410156,18,12,2,-1,0,-7,-14,1,15,-8,20,28,22,14,sil
2.91158127784729,4,6,-4,-15,-4,-12,-25,1,-3,-24,8,10,0,0,sil
2.91158127784729,-1,2,-11,-17,-3,-11,-20,-7,-16,-26,0,-8,-16,-23,sil
2.91158127784729,-1,7,0,-3,0,-7,-16,-8,-25,-26,0,-1,-15,-26,sil
2.9277796745300293,-1,11,10,6,3,0,-16,-2,-37,-24,0,5,-15,-13,sil
2.9277796745300293,-6,6,-4,9,6,5,-8,-1,-37,-18,-6,-10,-19,-7,sil
2.9438443183898926,-11,0,0,12,8,8,-1,-5,-32,-15,-15,-23,-18,-12,sil
2.9438443183898926,-15,-3,4,20,9,6,5,-3,-26,-8,-14,-20,-13,-17,sil
2.9598512649536133,-15,-7,-2,17,3,2,12,3,-20,0,-17,-20,-16,-13,sil
2.9598512649536133,-13,-16,-6,1,-4,10,15,7,-6,10,-25,-20,-17,-5,sil
2.97589373588562,-13,-27,-16,-14,-8,15,20,4,12,23,-15,-6,-7,4,sil
2.97589373588562,-12,-24,-1,-24,-7,4,20,3,21,27,-7,2,1,10,sil
2.9910097122192383,-3,-11,-1,-20,-7,-3,7,5,22,18,-11,-5,9,10,sil
3.00723648071289,7,-1,-7,-10,-6,0,0,1,27,12,0,0,20,15,sil
3.00723648071289,6,0,6,-12,-8,1,0,-3,25,11,16,22,18,16,sil
3.00723648071289,9,4,1,-17,-7,-8,-4,-1,19,2,25,32,15,9,sil
3.0228142738342285,31,22,11,0,9,-9,-7,2,17,2,40,37,27,12,sil
3.0228142738342285,39,36,22,21,22,1,0,0,6,12,41,41,26,16,sil
3.0379676818847656,19,26,6,26,11,2,1,-2,-18,0,16,24,0,6,sil
3.0379676818847656,5,17,8,26,8,3,0,2,-31,-18,0,2,-16,-1,sil
3.054002046585083,1,15,6,36,24,15,11,3,-23,-6,-2,-17,-13,0,sil
3.054002046585083,-4,0,6,32,17,16,18,-1,-10,8,-12,-32,-9,2,sil
3.069859504699707,-9,-13,-1,12,-2,6,8,-2,6,6,-17,-35,-8,0,sil
3.069859504699707,-15,-17,-16,-4,-4,0,1,0,23,5,-20,-33,-8,-8,sil
3.08504605293274,-18,-19,-5,-16,-4,-2,5,5,24,4,-20,-22,0,-7,sil
3.08504605293274,-9,-18,-7,-24,-17,-12,7,4,19,0,-4,-5,18,4,sil
3.100905656814575,-4,-14,-19,-34,-28,-23,-6,0,11,-4,-1,-1,15,-2,sil
3.100905656814575,-14,-14,-12,-38,-24,-20,-23,-2,1,-14,-16,-5,-5,-21,sil
3.1159815788269043,-15,-14,-10,-25,-11,-13,-28,-5,2,-15,-10,-1,-6,-18,sil
3.1159815788269043,-2,0,-1,-14,-10,-14,-35,-6,4,-15,6,11,0,-13,sil
3.1318230628967285,2,12,-3,-16,-12,-20,-35,-3,-6,-19,9,14,-4,-19,sil
3.1318230628967285,0,14,0,-12,0,-16,-20,-2,-24,-23,5,10,-13,-15,sil
3.1468002796173096,4,16,11,9,8,1,-5,0,-39,-26,3,7,-16,-4,sil
3.1468002796173096,7,14,8,31,8,17,6,-1,-41,-17,-1,0,-16,1,sil
3.163291454315185,0,5,16,34,16,22,13,0,-26,1,-3,-3,-10,4,sil
3.163291454315185,-4,-1,7,25,18,27,19,3,-10,17,-2,-1,-1,6,sil
3.1783950328826904,-2,-4,-1,19,6,30,30,3,-5,19,-6,-1,-3,12,sil
3.1783950328826904,6,-2,9,20,8,28,39,4,7,19,-7,0,-3,23,sil
3.194924116134644,11,0,1,14,15,16,30,4,28,25,1,6,9,24,sil
3.194924116134644,5,0,-2,-4,3,6,17,1,31,30,6,7,16,17,sil
3.2101352214813232,4,-3,0,-10,0,-1,12,2,30,24,4,4,13,14,sil
3.225140333175659,5,-6,-1,-6,2,-19,-2,-3,24,7,5,1,14,7,sil
3.225140333175659,-1,-4,-6,-16,-4,-24,-21,-9,1,-3,12,5,17,-1,sil
3.225140333175659,5,4,-2,-13,-2,-14,-20,-5,-9,0,23,17,18,0,sil
3.242186546325684,22,14,8,7,2,-16,-17,1,-2,0,25,22,17,0,sil
3.242186546325684,13,11,0,7,-5,-21,-24,7,-1,-8,14,9,7,-6,sil
3.2579917907714844,-2,3,-2,-5,-8,-11,-16,9,-4,-12,5,-4,-2,-5,sil
3.2579917907714844,-3,0,3,-3,-3,5,3,5,0,-8,2,-9,-6,-1,sil
3.273675441741944,-12,-9,-8,-1,-5,11,10,-1,-1,-8,-9,-15,-15,-6,sil
3.274672269821167,-29,-16,0,-2,-2,15,5,-2,-7,-8,-27,-23,-26,-14,sil
3.2897932529449463,-25,-15,0,0,0,20,8,-1,0,-1,-36,-28,-17,-12,sil
3.2897932529449463,-10,-18,-11,-18,-12,6,11,0,12,1,-29,-19,-2,-3,sil
3.304849863052368,-4,-15,-5,-30,-18,-1,10,5,16,2,-13,0,0,-1,sil
3.3205337524414062,-1,0,-6,-12,-2,4,7,0,17,3,-1,5,3,0,sil
3.3205337524414062,7,7,0,-5,2,0,-6,-9,11,-1,1,5,5,-3,sil
3.3205337524414062,7,4,-2,-15,0,-17,-16,-8,-9,-9,10,8,-3,-15,sil
3.336631298065185,7,13,-5,-3,9,-17,-14,-6,-27,-9,18,10,-6,-13,sil
3.336631298065185,18,30,15,15,13,-7,-12,-1,-24,-8,10,4,-4,-1,sil
3.3518168926239014,11,23,5,16,5,-9,-12,0,-21,-12,-2,-6,-12,-6,sil
3.3518168926239014,-8,6,-1,9,6,-7,-14,0,-31,-17,-5,-8,-14,-13,sil
3.366916418075561,-9,4,7,18,16,7,-8,5,-18,-2,0,2,2,1,sil
3.3826680183410645,0,1,2,30,13,15,6,7,9,22,5,4,11,16,sil
3.3826680183410645,0,-5,6,26,4,16,14,4,11,23,5,-1,2,11,sil
3.399066209793091,-3,-6,0,20,0,11,18,0,6,13,2,-3,4,9,sil
3.399066209793091,0,-8,0,16,-3,4,20,-3,18,14,0,2,12,22,sil
3.415574073791504,7,-10,5,7,-9,8,22,0,27,21,2,6,10,27,sil
3.415574073791504,7,-13,-2,-5,-11,10,27,2,31,22,7,6,12,22,sil
3.415574073791504,1,-11,3,-12,-11,0,22,3,30,15,3,10,16,17,sil
3.4308314323425293,6,-5,0,-8,-7,-9,1,1,19,0,6,14,15,11,sil
3.444289207458496,8,0,0,-8,-4,-14,-17,-5,2,-18,5,12,5,0,sil
3.444289207458496,-1,-2,1,-18,-11,-17,-32,-5,-18,-35,-9,9,-10,-13,sil
3.460087776184082,-4,-4,-11,-22,-16,-22,-38,-3,-31,-32,-4,11,-13,-21,sil
3.460087776184082,6,5,0,-13,-8,-13,-28,-1,-24,-18,15,15,-2,-18,sil
3.475659847259521,8,14,5,-2,0,0,-10,2,-8,-9,14,9,-1,-9,sil
3.475659847259521,0,10,-1,-2,0,-4,-7,5,-10,-16,0,-4,-11,-13,sil
3.49084210395813,-7,9,-2,-4,5,-4,-7,0,-21,-20,-3,-15,-13,-26,sil
3.49084210395813,-10,7,-9,3,14,4,5,-6,-18,-11,-10,-22,-14,-24,sil
3.5068929195404053,-10,5,0,14,16,13,14,0,-10,-5,-17,-25,-18,-11,sil
3.5068929195404053,-6,6,-1,14,14,17,12,9,-2,6,-12,-24,-10,-1,sil
3.522056102752685,-13,-1,-14,-2,9,16,12,4,-1,24,-15,-26,-4,0,sil
3.522056102752685,-25,-17,-10,-22,7,19,15,0,-7,22,-32,-32,-8,0,sil
3.537933826446533,-16,-19,-6,-12,9,23,13,0,5,23,-26,-27,0,11,sil
3.537933826446533,-1,-6,7,2,3,16,10,-2,24,36,-6,-7,16,20,sil
3.552912950515747,-5,-9,0,-13,-6,1,17,-2,21,26,-9,-4,9,16,sil
3.552912950515747,0,-18,-5,-30,-10,0,22,2,18,9,-5,-3,3,14,sil
3.568536758422852,25,-5,16,-8,-7,4,17,4,30,19,22,27,22,23,sil
3.568536758422852,29,8,12,17,0,-7,0,-4,28,20,40,48,31,24,sil
3.5836071968078613,20,8,7,16,0,-20,-20,-5,11,0,35,34,19,11,sil
3.5836071968078613,20,4,6,14,-8,-18,-23,1,10,-5,30,26,14,1,sil
3.599682807922364,19,3,6,16,-6,-16,-14,0,13,-4,25,31,10,0,sil
3.599682807922364,13,11,13,17,0,-16,-16,-2,6,-13,21,24,1,0,sil
3.617775678634644,2,11,-3,17,-2,-20,-17,-1,-3,-19,11,2,-1,-10,sil
3.617775678634644,-7,7,-10,2,-8,-20,-15,0,-18,-30,-8,-7,-9,-23,sil
3.631816148757935,-9,10,-5,-5,-1,-5,-8,0,-29,-29,-15,-8,-16,-23,sil
3.631816148757935,-7,5,-6,0,5,4,5,-1,-27,-17,-11,-13,-15,-19,sil
3.647739887237549,-16,-3,0,-9,1,5,13,2,-18,-19,-19,-18,-17,-21,sil
3.647739887237549,-25,-9,-8,-23,-7,-2,4,4,-7,-23,-23,-17,-17,-19,sil
3.6627776622772217,-18,-5,-3,-14,-10,-10,-16,0,-15,-17,-19,-13,-18,-11,sil
3.6627776622772217,-7,0,3,0,-3,0,-25,-2,-29,-15,-11,-7,-18,-4,sil
3.6779048442840576,-5,0,-3,7,2,15,-15,-2,-22,-7,-4,-1,-7,2,sil
3.6779048442840576,-2,0,9,12,11,15,-6,0,-10,4,-2,0,0,11,sil
3.6939210891723633,7,6,11,17,14,12,3,6,-1,18,3,2,2,16,sil
3.6939210891723633,10,5,8,21,7,13,11,6,6,25,6,3,7,15,sil
3.7095351219177246,2,-1,5,19,5,13,17,2,8,22,0,3,6,11,sil
3.7095351219177246,-3,-5,-8,7,8,18,33,-3,10,24,0,-2,6,8,sil
3.724561929702759,0,0,0,-1,0,20,41,-4,22,31,4,-6,12,16,sil
3.724561929702759,9,0,1,0,-8,6,28,0,27,27,4,0,13,21,sil
3.740602493286133,12,-6,-2,0,-2,0,12,2,17,16,2,0,6,10,sil
3.740602493286133,10,-8,-8,-8,0,4,11,0,14,15,0,-3,5,0,sil
3.756625890731812,9,-5,-11,-9,0,-6,10,-8,15,9,0,-4,10,7,sil
3.756625890731812,4,-2,0,-12,0,-14,-5,-5,4,-8,0,-1,5,2,sil
3.771747589111328,-2,-5,-5,-21,-3,-5,-18,0,-1,-14,0,-5,0,-12,sil
3.771747589111328,0,-1,-3,-18,1,-6,-12,-1,4,-6,1,0,3,-7,sil
3.7878148555755615,0,6,1,-16,3,-14,-7,-2,1,-13,0,5,4,-6,sil
3.7878148555755615,-9,-2,-13,-25,-8,-20,-21,0,-18,-34,-13,-4,-13,-22,sil
3.8029141426086426,-9,-10,1,-25,-15,-17,-33,1,-27,-38,-14,-8,-20,-25,sil
3.8029141426086426,4,3,10,-7,-4,-3,-17,1,-6,-11,5,7,3,-7,sil
3.8182623386383057,8,12,-1,-4,1,3,-4,7,13,7,22,20,13,4,sil
3.8182623386383057,-1,10,3,0,0,5,-5,8,9,0,17,12,-2,0,sil
3.833588838577272,-6,8,7,19,2,0,-4,1,0,-4,6,0,-7,-5,sil
3.833588838577272,0,8,9,27,11,0,-5,0,2,5,4,3,3,3,sil
3.849764585494995,3,2,3,21,13,2,0,1,8,17,10,14,5,12,sorry
3.849764585494995,-4,-7,2,15,0,-1,3,0,0,13,2,4,-3,7,sorry
3.8648390769958496,-19,-13,4,2,-9,-4,-1,-3,-19,-3,-20,-13,-14,-1,sorry
3.8648390769958496,-19,-17,-12,-4,-3,0,7,-3,-16,-3,-28,-19,-15,-6,sorry
3.8806347846984863,-7,-10,-4,0,0,5,21,-1,2,12,-10,-6,-3,-3,sorry
3.8806347846984863,-5,0,-1,8,-4,2,11,3,5,15,4,1,5,3,sorry
3.896663427352905,-6,0,-8,2,-6,-1,0,3,1,6,5,1,9,6,sorry
3.896663427352905,3,6,4,-1,0,-1,0,0,2,4,5,5,13,0,sorry
3.912614345550537,13,15,9,17,2,4,0,0,0,4,7,6,16,2,sorry
3.912614345550537,13,12,8,25,0,7,1,2,-3,0,2,2,9,9,sorry
3.9281742572784415,6,0,-5,-3,0,0,0,-1,-1,-2,-3,0,-4,0,sorry
3.9291799068450928,2,-5,-10,-24,-1,0,-1,-9,-1,-7,-5,-3,-11,-8,sorry
3.9437997341156006,11,5,9,-10,-4,10,3,-5,-4,-3,-2,0,-4,0,sorry
3.9598443508148193,11,1,-1,0,-5,6,12,0,-9,-8,-7,-7,-8,-2,sorry
3.9598443508148193,-2,-5,-5,-14,-1,-2,4,0,-14,-32,-17,-17,-25,-17,sorry
3.9598443508148193,4,2,0,-7,7,-1,-1,-2,-2,-28,0,0,-10,-2,sorry
3.9743709564208975,23,10,-1,17,13,-7,-1,0,8,1,24,17,17,17,sorry
3.9743709564208975,11,9,10,15,7,-9,-7,3,-1,4,18,5,11,4,sorry
3.9895195960998535,-3,5,2,5,5,0,-8,0,-3,-4,9,-5,-1,-7,sorry
3.9895195960998535,-1,3,-3,12,7,-1,-12,-1,0,-5,15,0,4,2,sorry
4.005545139312744,-4,0,5,12,-2,-8,-12,1,-6,-1,12,1,6,5,sorry
4.005545139312744,-11,-7,-3,5,-6,-1,1,-2,-4,2,2,-6,-5,-2,sorry
4.025720119476318,-12,-6,2,3,5,12,17,0,1,2,-1,-3,-11,0,sorry
4.025720119476318,-16,-5,4,-2,8,15,21,13,7,7,0,1,0,1,sorry
4.037739992141724,-12,-9,1,-8,1,15,13,11,18,29,5,0,10,3,sorry
4.038785219192505,0,-1,3,2,6,20,11,1,21,42,6,0,6,8,sorry
4.0528295040130615,0,1,0,5,6,15,14,-3,16,31,-11,-6,0,9,sorry
4.0528295040130615,-13,-11,-7,-15,-7,4,7,-1,18,16,-32,-18,-7,0,sorry
4.068516254425049,-16,-21,-17,-31,-9,0,1,1,14,13,-37,-18,-9,-6,sorry
4.083727836608887,-5,-15,-5,-28,-7,-5,0,-2,5,7,-30,-6,-4,0,sorry
4.083727836608887,2,-10,-2,-24,-19,-16,-13,-7,8,-5,-20,-1,4,0,sorry
4.083727836608887,2,-12,-15,-28,-23,-23,-24,-3,5,-8,-1,3,12,-2,sorry
4.101207494735718,4,-2,1,-28,-12,-16,-22,1,-6,-11,10,19,11,-3,sorry
4.101207494735718,6,0,-1,-13,-12,-13,-15,-4,-6,-24,4,15,4,-6,sorry
4.115802526473999,3,-1,-5,-8,-14,-25,-21,-7,-8,-26,0,3,0,-7,sorry
4.130962133407593,5,10,13,-5,0,-23,-26,-2,-15,-15,8,16,4,-4,sorry
4.130962133407593,18,23,4,14,10,-9,-12,-3,-8,-12,18,25,7,-1,sorry
4.130962133407593,25,25,9,32,9,-5,-7,1,-8,-18,17,23,7,0,sorry
4.14555811882019,14,21,15,33,7,-2,-9,6,-21,-21,8,14,2,0,sorry
4.160659551620483,3,15,2,27,4,6,9,1,-19,-16,-3,-1,-4,-1,sorry
4.160659551620483,3,13,10,22,2,13,27,5,-9,-6,-6,-5,-6,0,sorry
4.176761388778687,-1,3,-3,17,9,10,19,7,-5,-1,-1,-11,-5,-6,sorry
4.176761388778687,-13,-6,-11,5,18,14,6,0,-9,-4,-5,-26,-13,-13,sorry
4.192058563232422,-8,4,4,7,20,21,15,2,-9,5,-4,-20,-10,-5,sorry
4.192058563232422,2,13,9,24,18,18,21,1,0,21,10,0,1,10,sorry
4.207653284072876,0,2,11,18,12,16,15,-4,1,19,12,0,-3,14,sorry
4.207653284072876,-9,-5,0,4,5,15,15,-3,4,16,8,-11,-11,5,sorry
4.223532676696777,-9,-6,-7,4,0,1,12,-2,6,18,7,-6,-4,2,sorry
4.223532676696777,0,-6,3,3,-3,-4,0,0,-1,7,6,0,0,11,sorry
4.238596677780151,1,-11,2,2,-3,3,0,0,-3,4,15,0,0,16,sorry
4.238596677780151,-5,-15,-6,-3,-6,5,0,-3,0,10,22,-3,1,1,sorry
4.254155158996582,-16,-12,-3,-19,-19,-10,-18,-3,-7,-6,9,-7,-11,-11,sorry
4.254155158996582,-11,-4,-8,-20,-16,-14,-21,-1,1,-13,5,-5,-9,-4,sorry
4.269543886184692,1,-6,-14,-11,0,3,7,4,39,13,24,1,12,5,sorry
4.269543886184692,0,-16,-2,-19,0,10,14,7,38,19,27,5,14,1,sorry
4.285632610321045,-5,-12,-3,-23,-7,3,-2,-3,13,-1,13,0,-1,-4,sorry
4.285632610321045,8,0,-9,-3,-3,1,-2,-7,14,-5,11,-3,0,-1,sorry
4.301621437072754,10,1,7,2,-3,-3,5,-1,17,0,4,-3,6,4,sorry
4.301621437072754,-7,-7,-7,-15,-6,-11,0,-1,8,0,-7,-5,5,1,sorry
4.3177330493927,-8,-5,-17,-23,-4,-12,-15,3,-1,-1,-16,-1,-1,-4,sorry
4.3177330493927,0,5,4,-8,-2,-13,-16,9,-9,-8,-32,4,-5,-7,sorry
4.332823038101196,-2,1,-4,-4,-1,-17,-3,-2,-5,-9,-57,4,0,-5,sorry
4.332823038101196,0,-2,5,-18,-2,-9,-4,-5,-3,-7,-84,9,2,-1,sorry
4.348370552062988,12,7,17,-10,-2,0,-8,3,-17,-12,-93,17,4,-1,sorry
4.348370552062988,19,17,2,11,4,-5,1,0,-19,-8,-85,20,15,6,sorry
4.363679885864258,20,17,19,12,2,-8,0,0,-10,2,-119,25,21,11,sil
4.363679885864258,18,10,9,5,-3,-3,-13,0,-4,3,-139,18,13,0,sil
4.378860235214233,13,8,-1,10,2,1,-5,0,-3,-2,-9,5,2,-4,sil
4.394948959350586,7,10,10,23,9,11,7,4,0,3,157,7,1,5,sil
4.394948959350586,3,3,-6,21,7,10,0,3,-1,18,172,8,6,6,sil
4.394948959350586,0,1,1,0,1,-3,-12,1,-10,5,110,0,0,-8,sil
4.4105188846588135,-11,4,2,-3,0,-9,-15,0,-14,-13,95,-13,-12,-17,sil
4.4105188846588135,-19,-1,-9,4,4,-1,-7,-1,-5,-8,85,-18,-15,-10,sil
4.425868272781372,-12,-1,4,9,11,10,7,1,1,0,57,-12,-14,-3,sil
4.425868272781372,-5,6,-2,21,16,17,27,-1,0,-2,37,-12,-15,-1,sil
4.441589117050171,-7,0,-3,19,14,18,30,-3,-5,-3,16,-13,-14,0,sil
4.441589117050171,-14,-13,-3,-2,0,18,16,1,-10,0,-6,-15,-12,-4,sil
4.456918954849243,-16,-15,-9,-4,-8,8,4,2,-4,-7,-25,-19,-14,-4,sil
4.456918954849243,-7,0,1,13,-3,5,5,0,1,-7,-30,-14,-16,6,sil
4.472089529037476,-1,4,0,15,0,4,8,-3,3,5,-23,-3,-6,10,sil
4.472089529037476,-6,-4,-4,1,-6,-3,0,-2,4,6,-29,-6,6,0,sil
4.48782205581665,-11,-13,-6,-8,-12,-6,-6,0,3,-2,-45,-15,6,-3,sil
4.48782205581665,-9,-16,-14,-14,-14,-3,0,-7,0,0,-48,-15,0,-1,sil
4.50333571434021,-2,-11,0,-11,-8,0,0,-9,1,8,-43,-2,2,5,sil
4.50333571434021,18,0,10,5,7,3,0,1,16,15,-28,15,15,16,sil
4.518959999084473,30,6,7,1,11,3,8,8,32,18,-8,25,23,18,sil
4.518959999084473,14,-4,-4,-25,0,-4,8,4,27,12,-6,13,19,4,sil
4.53498911857605,1,-13,-9,-28,-8,-10,-3,-1,12,0,-18,0,6,-3,sil
4.53498911857605,8,-1,9,-13,-4,-3,-6,0,11,-2,-11,8,2,4,sil
4.551654815673828,10,6,4,-15,-1,-5,3,1,14,4,8,22,11,6,sil
4.551654815673828,2,0,-5,-24,-5,-16,-4,-3,0,2,6,14,10,-7,sil
4.566744327545166,-3,0,-7,-17,-9,-18,-22,1,-14,-14,-3,0,-2,-14,sil
4.566744327545166,0,5,0,-4,-7,-15,-22,6,-10,-12,8,5,-2,-5,sil
4.581956148147583,12,13,17,1,0,-7,-14,1,-2,8,27,25,7,3,sil
4.581956148147583,8,13,8,8,6,0,-6,-1,-2,8,17,18,5,1,sil
4.597886085510254,-3,8,2,14,9,-4,-4,0,-15,-13,-1,-4,-7,-5,sil
4.597886085510254,-3,7,6,11,6,-4,-5,0,-22,-16,3,-5,-14,-5,sil
4.613764047622681,-3,8,-2,6,2,8,0,-4,-11,-1,18,-3,-9,0,sil
4.613764047622681,-4,10,7,13,3,14,5,0,-3,0,15,-8,-2,1,sil
4.629936695098877,3,17,7,30,7,7,5,2,-6,-1,12,-3,-1,1,sil
4.629936695098877,5,11,0,29,6,4,0,-2,-10,-3,11,0,-9,0,sil
4.643564939498901,-1,-2,-2,13,2,6,1,0,-9,-12,4,-4,-17,0,sil
4.658807754516602,-3,-7,-6,5,5,7,12,3,-1,-10,0,-7,-14,-4,sil
4.658807754516602,-8,-13,-1,-2,5,5,10,3,-4,-5,-5,-15,-8,-9,sil
4.67787504196167,-14,-21,-7,-11,-2,0,0,0,-11,-14,-12,-23,-21,-9,sil
4.67787504196167,-11,-11,-9,-2,-6,0,-5,-3,-9,-14,-14,-18,-32,-8,sil
4.67787504196167,-6,-6,0,1,-1,14,0,-3,-1,4,-12,-10,8,-9,sil
4.690552949905396,-9,-17,-6,-10,-2,15,8,-2,3,19,-6,-8,56,0,sil
4.707013845443726,-13,-18,-5,-15,-3,6,11,0,5,19,-2,-5,29,6,sil
4.707013845443726,-10,-3,-5,0,0,8,11,3,11,18,-4,0,-8,3,sil
4.707013845443726,0,10,3,12,5,12,17,-1,22,17,-2,9,3,11,sil
4.721673965454102,8,9,11,7,4,9,22,-1,25,17,1,13,14,17,sil
4.7380077838897705,7,-4,-4,-2,-5,-6,9,0,18,11,0,7,3,10,sil
4.7380077838897705,3,-8,-7,-18,-15,-21,-13,0,12,1,-2,4,5,8,sil
4.752756118774414,3,-4,-6,-29,-17,-23,-19,0,12,0,0,4,10,8,sil
4.752756118774414,6,-2,-5,-20,-13,-23,-17,0,9,-1,6,3,6,-1,sil
4.767887830734253,15,10,9,-6,-5,-24,-18,2,3,-4,17,14,3,-8,sil
4.767887830734253,21,25,7,-2,6,-19,-16,0,-8,-8,26,23,0,-3,sil
4.783688545227051,10,21,9,5,9,-5,-12,0,-23,-22,18,17,-7,-3,sil
4.783688545227051,2,15,12,24,8,7,-5,4,-23,-22,4,7,-13,-9,sil
4.799713611602783,2,12,8,30,13,11,0,3,-17,-4,-7,-2,-12,-12,sil
4.799713611602783,-6,3,3,18,13,10,-1,-1,-14,0,-21,-13,-13,-10,sil
4.818868160247803,-9,-7,-6,8,0,13,4,-2,-1,0,-19,-15,-15,1,sil
4.818868160247803,0,-13,0,4,-6,15,15,0,8,9,-12,-8,-9,13,sil
4.818868160247803,-5,-14,-3,-3,-3,10,15,-1,1,16,-16,-14,-4,4,sil
4.832890748977661,-10,-10,-11,-17,0,2,7,-5,-3,9,-11,-16,-5,0,sil
4.84895658493042,0,-8,1,-16,0,2,6,0,7,6,4,0,5,14,sil
4.84895658493042,0,-10,-4,-8,-3,-2,10,4,18,5,6,6,21,12,sil
4.84895658493042,2,-4,0,-8,0,-9,3,4,12,-4,6,11,14,-1,sil
4.864015579223633,11,0,4,-9,1,-8,-4,0,3,-11,13,17,8,-2,sil
4.879550218582153,1,0,-7,-15,-3,-19,-16,-7,-9,-17,7,7,7,-5,sil
4.879550218582153,-6,8,0,-13,-2,-16,-27,-3,-21,-24,4,2,-2,-15,sil
4.894679307937622,5,16,4,16,15,7,-9,3,-6,-1,15,5,-2,-9,sil
4.894679307937622,2,7,7,31,17,18,15,1,9,22,4,-8,-1,0,sil
4.909738302230835,-12,-1,3,19,0,12,18,-1,1,17,-13,-22,-9,-3,sil
4.909738302230835,-13,-3,-11,16,-1,14,16,0,1,15,-8,-15,-5,4,sil
4.925751209259033,-8,-2,-1,14,3,22,19,3,20,20,-6,-2,6,19,sil
4.925751209259033,-6,-1,-5,-4,-2,10,12,0,26,11,-11,0,7,11,sil
4.941524028778076,0,-5,-11,-22,-15,-12,-7,-4,10,0,-5,1,1,-2,sil
4.941524028778076,6,-3,-4,-23,-21,-24,-24,0,-12,-12,2,11,0,-5,sil
4.956913471221924,14,6,-1,-5,-13,-25,-23,3,-23,-29,9,21,6,-2,sil
4.956913471221924,12,13,14,2,0,-13,-17,2,-19,-30,11,17,2,-6,sil
4.971676349639893,-2,1,3,-1,2,0,-14,-1,-19,-23,0,-4,-16,-11,sil
4.971676349639893,-9,-4,-4,2,0,7,-7,-3,-23,-14,-8,-21,-25,-12,sil
4.98683762550354,-6,0,11,17,4,15,4,0,-13,1,-6,-19,-14,-10,sil
4.98683762550354,-16,-7,0,16,6,11,14,0,-3,9,-8,-18,-4,-6,sil
5.002676486968994,-12,-18,-7,0,2,0,16,0,-4,4,-12,-14,-2,4,sil
5.002676486968994,8,-10,-2,-4,2,1,14,0,11,14,-5,0,8,15,sil
5.0179219245910645,12,1,6,-4,0,2,5,0,29,27,3,11,21,15,sil
5.0179219245910645,8,5,7,-6,-5,-11,-2,3,24,19,15,14,22,11,sil
5.033926725387573,16,10,-6,-2,-1,-20,-9,-1,12,3,22,20,12,9,sil
5.033926725387573,14,16,4,-2,3,-5,-16,-3,4,-8,14,24,-2,2,sil
5.049875259399414,5,16,7,-2,6,7,-7,3,-1,-7,9,15,-7,-5,sil
5.049875259399414,2,6,-4,5,8,4,9,2,-4,-1,6,0,-5,-6,sil
5.065328121185303,-6,2,2,14,9,11,14,0,-8,-5,-8,-12,-13,-3,sil
5.065328121185303,-9,0,-2,11,7,23,19,2,-6,0,-22,-18,-15,2,sil
5.080547571182251,-3,-12,-4,-2,-2,15,24,2,10,16,-19,-16,-1,10,sil
5.080547571182251,-3,-19,-5,-21,-14,-2,11,0,26,19,-7,-6,13,11,sil
5.095737934112549,0,-15,-6,-27,-10,-10,-1,-3,19,6,1,6,19,4,sil
5.095737934112549,5,-5,3,-21,-3,-9,-3,-9,5,0,2,13,14,-2,sil
5.11092734336853,1,-1,-1,-13,-5,-9,-11,-7,0,-2,3,7,10,-5,sil
5.11092734336853,0,5,1,-3,-2,-13,-29,-1,-9,-10,16,9,10,-5,sil
5.126854181289673,3,13,4,5,4,-15,-30,0,-16,-18,19,12,2,-4,sil
5.126854181289673,3,14,1,16,8,-9,-13,1,-14,-19,7,2,-9,-5,sil
5.142004013061523,-1,14,9,23,9,3,-2,5,-18,-14,4,0,-10,-13,sil
5.158078193664551,-7,7,1,26,9,10,2,2,-24,-4,12,2,-6,-13,sil
5.158078193664551,-4,3,2,26,6,12,8,0,-16,2,0,-6,-12,2,sil
5.158730506896973,-5,0,3,22,3,15,11,4,-3,5,-23,-20,-14,3,sil
5.1728270053863525,-16,-10,-8,9,0,9,11,0,0,4,-28,-21,-12,-8,sil
5.1728270053863525,-12,-13,-1,1,-2,8,12,-2,2,8,-18,-14,-8,3,sil
5.188877582550049,-1,-12,-6,-4,-9,7,8,0,2,10,-15,-17,-2,17,sil
5.188877582550049,-8,-22,-14,-26,-20,-4,-1,-3,0,0,-24,-24,-7,-1,sil
5.20499062538147,-6,-24,-7,-41,-20,-6,1,-2,11,-1,-17,-11,-7,-8,sil
5.20499062538147,15,-8,-5,-24,-5,0,12,2,37,14,8,9,11,12,sil
5.219684839248657,22,8,7,-6,2,-3,2,3,33,10,19,20,23,20,sil
5.219684839248657,10,10,3,-9,1,-14,-9,-2,12,-4,15,17,14,9,sil
5.235806941986084,5,2,-5,-19,-1,-16,-11,-6,14,0,18,15,7,0,sil
5.236806631088257,7,8,3,-15,-4,-13,-14,0,11,-1,19,19,3,-10,sil
5.252200126647949,6,19,7,3,-2,-14,-13,2,-15,-16,14,21,-2,-7,sil
5.252200126647949,4,19,9,13,1,-9,-6,0,-31,-19,12,17,-3,-4,sil
5.266858339309692,0,10,4,13,5,1,-1,0,-24,-11,8,8,-3,-18,sil
5.266858339309692,-3,9,7,28,11,5,-2,-1,-21,-6,3,2,-6,-16,sil
5.282905578613281,3,15,16,43,19,6,-1,-1,-22,-2,3,3,-4,5,sil
5.282905578613281,7,7,5,31,17,10,0,-1,-18,-2,-4,-1,-2,8,sil
5.298715829849243,-6,-4,-3,14,6,16,2,1,-17,-2,-17,-23,-5,-6,sil
5.299716234207153,-19,-9,-5,15,5,19,7,4,-6,9,-11,-29,0,-1,sil
5.314778804779053,-12,-15,0,9,4,21,18,4,12,25,-7,-17,5,14,sil
5.314778804779053,-6,-21,-5,-5,-4,22,21,0,11,24,-22,-22,0,5,sil
5.329950094223023,-12,-19,-19,-17,-9,10,15,0,8,16,-23,-26,-2,-2,sil
5.329950094223023,-6,-12,-5,-30,-7,-3,4,1,23,12,-1,0,4,7,sil
5.3453123569488525,5,-12,-5,-38,-11,-10,-1,0,36,8,12,16,10,14,sil
5.362020254135132,5,-5,-5,-26,-10,-13,0,-1,24,0,3,5,7,8,sil
5.362020254135132,3,0,2,-17,-7,-12,2,0,12,-8,-8,0,3,0,sil
5.362020254135132,5,-4,-11,-21,-14,-16,-6,1,10,-12,-4,3,5,-2,sil
5.378030300140381,3,0,2,-22,-14,-16,-20,1,8,-12,5,11,2,-3,sil
5.378030300140381,2,9,3,-7,0,-10,-14,1,12,-4,9,19,1,-6,sil
5.3915417194366455,7,10,-5,0,3,-11,-8,0,6,1,19,19,11,-4,sil
5.407615423202515,7,16,15,7,0,-12,-19,-1,-17,-4,25,14,6,1,sil
5.407615423202515,5,23,8,27,9,-5,-18,-5,-29,-13,11,5,-10,1,sil
5.423641204833984,11,21,10,39,18,3,0,-2,-21,-15,3,3,-12,-3,sil
5.423641204833984,6,10,13,26,12,7,5,0,-22,-8,1,0,-10,-8,sil
5.423641204833984,-11,-5,-6,13,6,7,4,-5,-26,-1,-15,-21,-24,-9,sil
5.4379308223724365,-12,-6,0,11,6,16,17,-2,-11,3,-21,-22,-20,-1,sil
5.454027652740479,0,0,0,13,6,19,27,3,4,11,-3,-4,6,7,sil
5.454027652740479,-4,-5,1,9,1,15,17,0,-1,11,-6,-8,7,6,sil
5.471011161804199,-22,-16,-1,-1,-5,10,5,0,-6,7,-20,-21,-9,-4,sil
5.471011161804199,-17,-19,-17,-23,-17,-5,0,4,7,6,-11,-11,-2,-10,sil
5.485080242156982,6,-6,-2,-28,-21,-16,-4,5,24,5,10,15,20,1,sil
5.485080242156982,22,10,3,-4,-3,-8,-1,2,26,6,27,31,23,11,sil
5.502715349197388,18,16,0,0,6,-12,-7,2,10,-3,26,30,8,0,sil
5.502715349197388,5,13,6,-15,0,-19,-20,7,-2,-17,16,19,0,-8,sil
5.515883445739746,-4,2,0,-4,0,-7,-10,0,-7,-16,10,2,-5,-5,sil
5.515883445739746,-3,-3,-1,19,8,7,3,-9,-11,-15,0,-6,-14,-5,sil
5.531414270401001,-1,0,-4,19,11,11,3,-4,-9,-13,-7,-11,-8,-6,sil
5.531414270401001,-12,0,0,4,8,11,-4,-2,-15,0,-11,-17,-4,-3,sil
5.547025203704834,-12,-5,5,4,6,12,0,-4,-21,10,-4,-12,-3,3,sil
5.547025203704834,3,-3,0,18,8,16,16,-1,-4,15,-6,-8,5,13,sil
5.562954902648926,2,0,1,14,7,15,14,2,2,7,-35,-22,-2,9,sil
5.562954902648926,-10,-14,-6,-6,-3,4,-4,1,-4,0,-38,-25,-17,1,sil
5.578646659851074,-5,-25,-7,-19,-17,-5,-8,-1,2,4,-9,-4,-5,7,sil
5.578646659851074,-3,-15,-5,-22,-24,-7,0,0,16,5,-12,-2,1,5,sil
5.594156742095947,-8,-6,-12,-25,-17,-4,8,4,21,3,-25,-10,0,0,sil
5.594156742095947,4,-2,4,-20,-4,4,15,5,30,13,-2,6,14,9,sil
5.610199451446533,13,-1,4,-12,-7,3,10,0,31,18,13,18,23,9,sil
5.610199451446533,7,0,-5,-15,-19,-16,-7,-6,15,5,15,14,13,0,sil
5.625872611999512,10,5,4,-15,-10,-18,-20,0,2,-2,23,16,6,-4,sil
5.625872611999512,10,10,4,-5,5,-14,-25,4,-1,-7,20,13,3,-8,sil
5.641790866851807,1,8,5,-7,0,-16,-28,3,-4,-9,19,13,2,-9,sil
5.641790866851807,3,9,1,-11,-4,-8,-12,1,2,8,35,20,9,-2,sil
5.657138347625732,15,25,7,12,14,0,6,1,6,14,38,19,10,3,sorry
5.657138347625732,19,40,20,40,30,0,8,2,-5,-3,25,12,3,0,sorry
5.671736478805542,8,27,4,39,21,0,5,1,-17,-14,13,2,-7,-13,sorry
5.671736478805542,-7,3,4,21,11,3,6,-3,-24,-18,-3,-8,-16,-15,sorry
5.68790078163147,-10,-2,3,22,17,8,9,-6,-26,-18,-8,-9,-8,-3,sorry
5.68790078163147,-5,-1,-6,23,18,8,9,-4,-21,-11,-4,-5,0,0,sorry
5.70330548286438,-14,-7,-4,6,5,6,8,0,-18,-13,-21,-14,-13,-2,sorry
5.70330548286438,-26,-18,-17,-6,-1,5,12,0,-16,-14,-29,-21,-21,-4,sorry
5.719256401062012,-18,-18,-11,-7,0,10,13,2,-2,2,-12,-14,-12,-3,sorry
5.719256401062012,-5,-6,0,0,-2,17,7,2,10,15,-8,-13,-10,1,sorry
5.73491358757019,3,0,-3,9,-5,12,9,-6,13,13,-18,-12,-5,8,sorry
5.73491358757019,3,-1,4,8,-7,5,8,-6,6,11,-13,1,1,7,sorry
5.75071907043457,-7,-9,-3,-12,-14,0,-2,0,-3,4,-13,-3,-3,4,sorry
5.75071907043457,-13,-16,-10,-26,-18,-3,-15,0,-9,-11,-25,-18,-8,0,sorry
5.766807556152344,-4,-13,-1,-9,-13,-3,-14,0,1,-7,-15,-6,4,0,sorry
5.766807556152344,2,-5,4,4,-5,-8,-7,1,17,11,7,9,13,6,sorry
5.782116651535034,5,0,9,-2,-2,-12,-7,0,15,20,7,9,10,11,sorry
5.782116651535034,14,0,-1,-4,-6,-14,-13,0,9,16,6,12,13,11,sorry
5.797861814498901,19,0,0,0,-9,-11,-19,0,7,3,18,18,15,11,sorry
5.7982261180877686,13,5,11,0,-3,2,-7,3,6,-3,20,14,10,4,sorry
5.813863515853882,8,9,4,1,2,7,8,0,6,0,6,6,9,-1,sorry
5.813863515853882,4,3,0,-3,3,1,7,-2,0,-5,-1,0,5,-5,sorry
5.829037666320801,0,-7,-5,-22,1,1,8,0,-5,-11,-1,0,-4,-12,sorry
5.829037666320801,-2,-2,-4,-25,-2,1,12,0,2,-2,1,2,-5,-10,sorry
5.844557523727417,3,5,-5,-8,0,-5,-2,0,5,-2,8,3,0,1,sorry
5.844557523727417,12,0,-1,0,9,-10,-12,1,0,-7,6,2,0,5,sorry
5.859768629074097,11,0,11,0,17,-1,2,5,6,2,3,10,1,3,sorry
5.859768629074097,0,9,-6,-6,10,4,13,-1,13,13,5,11,7,1,sorry
5.875212669372559,-18,4,-15,-30,-2,0,2,-4,0,0,0,-8,0,-11,sorry
5.875212669372559,-24,-1,-4,-30,-4,0,2,1,-4,-6,-6,-24,-10,-19,sorry
5.891236066818237,-17,1,-7,13,0,0,5,2,-2,2,0,-19,-7,-6,sorry
5.891236066818237,-11,4,0,28,-2,-2,-3,-3,-15,0,-2,-10,-11,-1,sorry
5.9060022830963135,-7,5,1,3,0,-1,-6,-5,-11,-7,1,-2,-10,-4,sorry
5.9060022830963135,3,3,13,6,10,0,-4,1,0,-5,16,10,0,1,sorry
5.921568870544434,10,-12,25,21,5,1,-3,4,-10,-5,9,10,0,2,sorry
5.921568870544434,8,-15,1,15,0,0,4,-1,-10,-1,-5,-6,0,0,sorry
5.936666250228882,8,14,2,15,9,8,3,0,0,7,2,-4,3,6,sorry
5.936666250228882,8,28,9,35,13,10,-7,5,-2,8,12,9,10,8,sorry
5.952729940414429,8,11,2,40,4,1,-8,0,-5,3,6,7,11,2,sorry
5.952729940414429,8,6,5,24,-3,0,-7,-2,-5,-2,-3,-1,2,2,sorry
5.9679787158966064,-2,3,-7,4,-17,-1,-14,-2,-19,-18,-20,-7,-9,-6,sorry
5.985011577606201,-14,-13,-7,-3,-16,-3,-12,-7,-33,-26,-30,-8,-16,-19,sorry
5.985011577606201,-9,-16,2,-1,2,6,5,-5,-18,-8,-20,-8,-10,-9,sorry
5.985011577606201,-6,-9,-2,-11,0,8,13,2,8,3,-15,-10,-5,5,sorry
6.000540494918823,-10,-18,-9,-24,-20,2,6,7,22,1,-20,-6,-9,5,sorry
6.000540494918823,0,-14,-12,-16,-11,5,10,7,26,11,-11,3,-4,9,sorry
6.015558958053589,10,7,3,-4,16,9,22,8,30,24,0,16,8,21,sorry
6.015558958053589,3,9,0,-7,20,3,29,3,32,25,6,14,18,19,sorry
6.03660249710083,-4,-8,-14,-24,-3,-11,18,-6,19,18,10,2,15,10,sorry
6.038181781768799,-1,-12,-6,-34,-21,-15,-2,-7,3,4,13,1,8,4,sorry
6.046690225601196,3,-4,-7,-23,-14,-7,-7,0,6,-2,15,7,8,0,sorry
6.046690225601196,4,-3,1,-17,-2,-5,-2,-2,14,0,11,4,9,-2,sorry
6.063283920288086,1,-5,0,-21,0,-14,-10,-3,13,3,12,4,7,-11,sorry
6.063283920288086,7,1,-6,-8,4,-19,-23,1,1,-2,25,15,6,-13,sorry
6.077930450439453,15,20,17,17,14,0,-18,8,-10,-11,32,17,6,-7,sorry
6.078333377838135,7,21,8,35,21,12,0,2,-13,-7,23,-2,2,-5,sorry
6.094958066940308,-1,3,3,32,16,9,0,-2,-21,-2,0,-14,-10,-3,sorry
6.094958066940308,-3,-3,9,21,7,4,-7,0,-34,-6,-19,-13,-20,-2,sorry
6.110920190811157,-8,-3,-3,10,0,7,2,-1,-27,0,-22,-18,-13,-1,sorry
6.110920190811157,-6,-2,5,3,-3,14,13,-1,0,9,-11,-11,0,5,sorry
6.126769065856934,0,0,4,1,-3,7,7,1,12,4,-8,-3,2,13,sorry
6.126769065856934,-2,0,-2,-9,-9,-12,-7,-1,-1,-12,-20,-11,-9,1,sorry
6.141527652740479,-6,-1,0,-29,-18,-20,-23,-8,-13,-24,-24,-7,-19,-16,sorry
6.141527652740479,-1,1,-6,-23,-13,-16,-27,-4,-3,-20,-5,6,-11,-18,sorry
6.157055139541626,1,6,9,1,-3,-11,-21,3,-6,-16,7,10,-1,-10,sorry
6.173020839691162,0,12,10,19,2,-4,-14,0,-24,-17,11,7,0,-6,sorry
6.173020839691162,-4,14,-3,20,10,5,-8,-1,-28,-19,10,1,0,-8,sorry
6.173020839691162,-11,4,-9,13,9,16,4,5,-8,-8,-1,-9,-7,-8,sorry
6.186637163162232,-5,-3,-9,11,2,17,23,0,14,17,-13,-10,-8,5,sorry
6.201913595199585,6,-2,6,15,3,21,34,-2,28,34,-7,1,1,23,sorry
6.201913595199585,1,-7,0,9,6,28,33,3,34,32,-4,2,12,18,sorry
8.073228359222412,0,7,4,-10,-8,-19,-22,0,-12,-18,18,15,-6,-4,sil
8.073228359222412,8,16,15,4,-2,-11,-21,1,-19,-17,32,29,7,-2,sil
8.087664365768433,16,22,10,11,7,0,-11,0,-13,-2,27,28,14,4,sil
8.087664365768433,16,21,17,10,10,4,-7,2,-10,-2,12,19,0,3,sil
8.103116273880005,7,9,4,13,5,0,-2,0,-22,-17,6,9,-9,-3,sil
8.119608640670776,6,7,6,16,4,0,4,-1,-25,-20,9,9,-9,-5,sil
8.119608640670776,8,14,8,11,7,4,7,3,-6,0,16,10,-4,-4,sil
8.135702848434448,5,14,2,13,6,0,-2,3,2,11,17,1,0,-6,sil
8.135702848434448,3,12,14,22,1,-3,-15,0,-4,-2,4,-2,-9,-7,sil
8.135702848434448,-3,6,5,19,2,1,-7,-1,-7,-9,-7,-7,-16,-6,sil
8.151163578033447,-18,-1,-5,9,5,10,1,0,-10,-4,-13,-22,-12,-7,sil
8.151163578033447,-19,-8,-6,9,0,10,1,1,-12,-3,-16,-25,-10,-6,sil
8.166711807250977,-8,-10,-8,14,1,7,12,-1,-1,1,-17,-15,-10,4,sil
8.181658267974854,-2,-2,3,18,17,24,25,0,10,16,-9,-7,0,15,sil
8.181658267974854,-2,-2,-1,14,20,33,26,4,14,23,-2,-11,7,11,sil
8.181658267974854,-6,-13,-9,-9,0,11,14,0,8,8,-21,-18,-11,2,sil
8.197837114334106,-14,-28,-16,-35,-13,-3,5,-3,-7,-7,-42,-22,-27,-5,sil
8.197837114334106,-14,-31,-16,-38,-13,1,14,-1,-8,0,-30,-15,-5,0,sil
8.212923765182495,-3,-14,4,-25,-9,12,32,3,21,16,-5,1,19,17,sil
8.22721815109253,2,0,2,-9,0,8,29,0,45,21,4,11,21,16,sil
8.22721815109253,7,4,5,0,5,-5,2,-3,33,21,11,17,23,7,sil
8.24309229850769,10,10,7,2,2,-9,-10,0,27,25,21,19,32,11,sil
8.24309229850769,14,9,-6,0,0,-7,-4,2,32,21,26,15,29,12,sil
8.258753538131714,25,6,9,4,0,-8,-3,4,18,4,22,18,18,5,sil
8.258753538131714,24,6,5,4,-5,-12,-14,0,0,-9,16,18,5,0,sil
8.273898124694824,9,0,-8,-10,-6,-17,-24,-9,-12,-20,11,10,-7,-6,sil
8.273898124694824,4,0,0,-17,-5,-20,-21,-6,-20,-21,7,12,-3,-6,sil
8.289122343063354,7,5,5,-2,-3,-21,-15,0,-18,-19,6,11,5,-4,sil
8.289122343063354,-1,9,9,5,-4,-16,-21,1,-18,-26,-4,-4,-8,-13,sil
8.304624319076538,-14,2,-3,4,-6,-9,-24,3,-23,-23,-11,-11,-20,-18,sil
8.304624319076538,-12,-1,-10,0,-7,-5,-10,2,-21,-7,0,-4,-4,-5,sil
8.320133209228516,-4,5,4,-1,-5,4,3,2,-13,-2,9,-2,4,0,sil
8.320133209228516,-6,6,-2,4,0,5,6,0,-4,-3,-1,-9,-11,-9,sil
8.335677146911621,-12,0,-6,5,3,0,-2,0,-7,-2,-11,-11,-20,-16,sil
8.335677146911621,-9,-1,-1,6,1,6,0,2,-6,2,1,-5,-6,-9,sil
8.351434230804443,0,5,6,15,0,16,4,4,2,3,4,0,-5,0,sil
8.351434230804443,0,3,8,10,5,9,-8,-1,-5,-7,-14,-9,-22,-5,sil
8.366664409637451,-11,-6,-2,2,8,4,-14,-6,-25,-17,-19,-19,-25,-12,sil
8.366664409637451,-6,0,1,11,10,16,7,0,-26,-9,-4,-7,-10,0,sil
8.38319444656372,3,7,0,15,11,20,29,5,-6,7,-1,2,3,15,sil
8.38319444656372,-1,-7,-4,1,3,13,24,-1,11,19,-11,-6,3,16,sil
8.397610425949097,-3,-13,2,-5,0,17,17,-2,23,24,-7,-8,3,9,sil
8.397610425949097,3,-6,-3,-4,5,13,23,0,30,25,3,2,16,13,sil
8.413086175918579,-5,-11,-3,-13,0,0,17,-4,18,18,-5,1,17,14,sil
8.413086175918579,-7,-16,-5,-17,-11,-9,0,-1,2,7,-18,-4,5,4,sil
8.428629636764526,13,-3,-2,-5,-7,-10,-4,6,13,7,4,7,12,9,sil
8.428629636764526,21,12,11,-3,0,-7,4,5,31,11,31,31,31,18,sil
8.444703340530396,9,5,0,-15,-8,-17,3,-5,18,0,21,28,24,5,sil
8.444703340530396,7,-1,0,-21,-15,-30,-14,-3,-1,-14,9,7,2,-14,sil
8.46070384979248,4,9,6,-8,0,-20,-22,5,0,-13,18,2,-7,-16,sil
8.46070384979248,-5,11,-2,4,10,-7,-22,0,-10,-16,11,2,-19,-14,sil
8.476746797561646,-9,0,-4,9,6,-3,-21,-4,-28,-23,-10,-11,-31,-17,sil
8.476746797561646,-3,1,2,22,8,9,-3,0,-17,-4,-13,-16,-25,-6,sil
8.492227792739868,1,11,12,29,13,21,14,1,0,12,-10,-2,-8,11,sil
8.492227792739868,-2,0,-2,9,0,12,10,-1,0,9,-19,-6,0,7,sil
8.507797002792358,-6,-13,-16,-8,-16,-1,7,1,1,5,-15,-14,-7,1,sil
8.507797002792358,5,-2,4,-9,-9,-1,10,6,22,8,8,7,5,10,sil
8.523843765258789,19,6,-1,-8,0,-5,0,1,28,6,23,22,56,7,sil
8.523843765258789,13,4,-3,-14,-6,-17,-21,-3,-2,-5,13,12,62,-9,sil
8.5393385887146,-2,1,5,-3,-8,-9,-22,-4,-33,-19,7,9,4,-14,sil
8.5393385887146,-10,0,2,12,3,6,-7,-6,-34,-19,6,4,-19,-7,sil
8.554919481277466,-10,0,8,17,8,11,3,-4,-27,-11,-5,-15,-11,-3,sil
8.554919481277466,-13,-7,-5,12,3,15,12,1,-11,1,-16,-25,-21,0,sil
8.570725202560425,-13,-13,-4,0,0,20,17,5,10,20,-13,-14,-19,5,sil
8.570725202560425,0,-5,9,-2,0,11,12,2,20,25,-6,-2,3,10,sil
8.5858895778656,12,2,0,0,0,-6,0,-4,11,5,0,2,3,10,sil
8.5858895778656,13,6,7,-8,-1,-11,-7,0,3,-8,7,10,-8,4,sil
8.60157823562622,10,9,3,-12,0,-11,-6,3,1,-4,11,11,-4,-5,sil
8.60157823562622,4,9,-3,-1,2,-8,-8,0,-6,-14,1,1,-12,-16,sil
8.616774320602417,-3,10,2,8,5,3,-6,2,-9,-21,-8,-6,-27,-16,sil
8.616774320602417,-12,2,-9,13,12,14,12,8,5,2,-10,-13,-20,-4,sil
8.632181406021118,-21,-13,-8,1,6,15,21,2,10,16,-21,-23,-11,0,sil
8.632181406021118,-20,-17,-6,-12,-9,4,11,-4,2,6,-25,-18,-8,1,sil
8.648947954177856,-4,-5,-7,-6,-5,-2,8,-4,11,12,0,3,7,16,sil
8.648947954177856,5,-4,0,-2,2,3,10,0,21,19,15,14,22,18,sil
8.663610458374023,5,-10,-8,-11,-4,-2,2,0,17,12,7,5,22,4,sil
8.663610458374023,3,-1,-4,-12,-9,-17,-7,-1,9,3,4,8,20,3,sil
8.678902626037598,1,3,-3,-16,-10,-16,-12,2,2,-6,20,17,20,8,sil
8.678902626037598,9,1,0,-20,-10,-14,-19,2,-6,-20,29,18,20,0,sil
8.694959878921509,16,12,15,0,-2,-16,-22,-1,-13,-20,14,11,14,-10,sil
8.711193084716797,7,15,4,16,0,-14,-13,-3,-14,-8,1,2,0,-11,sil
8.711193084716797,6,3,7,7,-1,-7,-9,0,-17,-7,5,4,-6,-8,sil
8.711193084716797,16,7,18,13,13,0,-7,0,-19,-12,7,10,0,-5,sil
8.726106882095337,4,11,7,26,22,9,0,0,-21,-13,0,0,-3,-1,sil
8.726106882095337,-13,2,0,12,10,16,5,0,-23,-6,-6,-11,-14,-3,sil
8.742887496948242,-9,-3,-3,5,7,16,6,-4,-13,7,-13,-10,-13,-4,sil
8.742887496948242,0,-1,7,20,11,18,9,-1,-1,12,-18,-12,-12,0,sil
8.758944988250732,-6,-1,3,17,4,24,16,5,3,11,-11,-13,-13,0,sil
8.775376081466675,-15,-9,-7,-1,-3,20,22,-1,7,20,-16,-13,-7,0,sil
8.775376081466675,-7,-13,4,-3,-4,7,21,-5,16,28,-23,-11,0,7,sil
8.775376081466675,5,-7,-1,0,-3,-2,13,5,34,27,-2,-1,5,18,sil
8.789034605026245,6,0,-4,-7,-3,-5,2,4,44,25,11,8,15,24,sil
8.789034605026245,-1,-6,-6,-15,-7,-6,0,-3,30,13,0,4,18,20,sil
8.805542469024658,-7,-19,-18,-27,-18,-20,-8,-2,2,-17,-8,-1,0,0,sil
8.805542469024658,-4,-13,-7,-34,-22,-22,-18,0,-8,-37,-9,0,-11,-15,sil
8.82163691520691,8,7,-1,-7,-6,-5,-11,0,0,-24,4,8,0,-9,sil
8.82163691520691,14,17,0,14,5,-2,-7,3,3,-7,21,11,5,-5,sil
8.836787939071655,2,8,0,-6,0,-14,-15,7,-6,-10,16,8,-6,-14,sil
8.836787939071655,-7,0,-8,-25,-8,-17,-19,0,-14,-18,12,4,-3,-16,sil
8.853058099746704,-3,8,3,-10,0,-7,-13,-3,-13,-12,19,6,7,-11,sil
8.853058099746704,6,16,7,12,10,-3,-3,-2,-10,0,18,10,2,-6,sil
8.867643356323242,4,12,7,17,6,-2,-1,1,-12,0,4,2,-7,-1,sil
8.867643356323242,-3,4,6,9,3,8,0,0,-13,2,-3,-10,-5,1,sil
8.884167671203613,-4,0,-1,12,10,22,14,-2,-10,11,-9,-16,-3,5,sil
8.900079488754272,-7,-4,9,16,13,26,16,0,-20,-1,-21,-16,-11,-1,sil
8.900079488754272,-13,-13,-1,8,6,18,3,-1,-27,-12,-35,-27,-19,-14,sil
8.900079488754272,-4,-17,-13,8,0,11,11,0,-8,7,-30,-32,-15,-4,sil
8.915599346160889,2,-9,0,12,-1,12,26,5,12,26,-6,-11,-1,11,sil
8.915599346160889,0,-5,2,5,1,3,21,0,13,12,0,1,8,15,sil
8.930767297744751,3,-4,2,-2,3,-2,8,-2,14,-1,-5,4,9,13,sil
8.930767297744751,10,0,-2,-3,0,-1,2,4,26,8,8,15,18,17,sil
8.947983503341675,11,6,-1,-5,-6,-10,-1,1,31,22,32,29,27,21,sil
8.947983503341675,16,8,9,-6,-4,-15,-8,-3,23,11,32,33,22,21,sil
8.960113763809204,16,7,1,-10,0,-16,-13,0,11,-5,17,32,13,9,sil
8.975715398788452,12,15,6,-11,0,-18,-17,2,0,-8,16,33,8,-3,sil
8.975715398788452,7,19,7,2,1,-12,-18,1,-9,-8,20,23,2,-11,sil
8.991202354431152,-6,3,1,3,0,-6,-22,-1,-20,-20,6,5,-7,-22,sil
8.991202354431152,-20,-7,3,-8,-5,-2,-18,-2,-23,-22,-7,-6,-18,-25,sil
9.006764650344849,-12,0,-4,2,-3,6,2,0,-11,-6,-10,-12,-16,-9,sil
9.006764650344849,-4,0,2,16,6,16,16,4,-3,0,-18,-21,-13,2,sil
9.021912097930908,-13,-12,-2,5,8,19,16,6,-1,2,-27,-30,-11,0,sil
9.021912097930908,-17,-17,-17,-8,0,16,17,0,7,19,-21,-30,-3,5,sil
9.03790831565857,-5,-13,-7,-9,-11,10,16,0,15,26,-14,-24,3,7,sil
9.03790831565857,1,-18,-11,-9,-13,0,7,-3,9,8,-16,-24,-1,1,sil
9.053285121917725,-3,-20,-14,-24,-12,-10,-4,-6,7,-7,-18,-19,-6,-1,sil
9.053285121917725,-3,-11,-10,-35,-19,-17,-16,0,22,-3,-2,-4,5,-3,sil
9.068947315216064,12,4,3,-17,-16,-20,-20,2,15,-2,22,10,16,-12,sil
9.068947315216064,21,20,21,8,3,-7,-11,-2,-15,-6,33,21,7,-12,sil
9.084519386291504,7,19,6,17,17,1,0,-2,-19,0,22,18,2,-2,sil
9.084519386291504,-2,8,4,14,16,-1,-6,5,-11,0,12,12,2,0,sil
9.099903106689451,1,10,14,22,17,0,-11,2,-18,-14,12,12,-1,-1,sil
9.099903106689451,2,15,5,30,19,6,0,-4,-18,-14,3,7,-5,2,sil
9.115381479263306,-5,9,4,21,7,6,7,-4,-18,-12,-16,-4,-11,1,sil
9.115381479263306,-15,0,-8,7,-2,6,0,-4,-28,-18,-22,-13,-20,-7,sil
9.130993366241457,-10,-1,-4,11,0,12,0,0,-19,-14,-8,-1,-17,-6,sil
9.130993366241457,0,1,4,22,7,20,18,5,11,7,-3,7,-2,6,sil
9.1470205783844,0,0,-5,10,0,13,32,0,25,25,-17,-8,-1,10,sil
9.1470205783844,0,-6,5,-10,-16,4,23,0,19,21,-21,-14,-6,8,sil
9.16261100769043,11,-11,3,-16,-16,1,17,1,24,18,0,5,5,18,sil
9.16261100769043,8,-13,-6,-20,-5,-8,11,-2,27,21,9,11,19,22,sil
9.17805528640747,0,-12,-6,-25,-7,-20,-9,0,14,6,-2,-1,17,6,sil
9.17805528640747,7,-5,-8,-19,-10,-18,-20,7,7,-14,8,6,17,1,sil
9.193601131439207,11,0,3,-21,-4,-14,-17,4,4,-14,30,20,17,5,sil
9.193601131439207,4,1,-1,-18,0,-18,-18,-2,-1,0,26,16,7,-6,sil
9.208995819091797,8,12,0,1,6,-10,-17,-1,-8,0,16,9,0,-15,sil
9.208995819091797,15,21,9,13,13,4,-9,2,-14,-9,15,12,3,-6,sil
9.224759340286257,5,14,0,11,13,0,-8,2,-17,-11,14,6,8,-7,sil
9.224759340286257,-6,4,4,11,13,0,-6,4,-12,-3,5,-6,0,-17,sil
9.240323543548584,-16,-1,2,6,17,18,7,4,-3,7,-8,-20,-9,-11,sil
9.240323543548584,-18,-8,-3,3,13,21,12,-1,0,16,-21,-27,-6,1,sil
9.255386114120483,-10,-3,5,17,5,11,10,-1,-4,14,-16,-16,-3,2,sil
9.255386114120483,-8,-5,-3,17,-2,11,14,0,-8,8,-8,-9,-4,0,sil
9.271188974380491,-10,-17,-6,-8,-14,9,6,-5,-1,1,-19,-15,-9,0,sil
9.271188974380491,-10,-14,-7,-18,-16,0,-4,-7,6,-6,-24,-15,-13,-6,sil
9.287566423416138,-6,-4,-2,-8,-6,0,0,-1,6,-4,-8,1,-10,-1,sil
9.287566423416138,2,-4,7,-11,-2,2,2,4,3,6,1,12,0,12,sil
9.302208423614502,5,-7,-8,-17,-11,-7,-3,0,4,-3,-6,0,-1,5,sil
9.302208423614502,-5,-5,-6,-13,-19,-10,-2,0,7,-24,-18,-9,-14,-9,sil
9.31818699836731,-2,4,4,0,-10,-1,9,6,18,-4,-7,4,-3,1,sil
9.31818699836731,12,9,10,15,0,-1,13,1,24,22,15,20,22,23,sil
9.333890676498411,11,4,11,13,-2,0,2,-3,20,12,18,17,16,17,sil
9.333890676498411,3,0,-10,0,-5,-6,-8,-2,4,-8,5,3,-4,-5,sil
9.349597692489624,0,3,-5,-6,0,-21,-24,-5,-17,-18,0,-4,-5,-16,sil
9.349597692489624,0,4,0,-7,0,-17,-23,-7,-22,-19,1,0,0,-15,sil
9.36475944519043,7,10,-2,-4,0,-13,-6,-2,-7,-16,8,9,0,-9,sil
9.36475944519043,19,24,12,2,7,-15,-6,4,-10,-12,19,19,11,1,sil
9.380846738815308,15,20,8,12,17,-7,-15,0,-23,-1,24,16,15,7,sil
9.380846738815308,9,12,5,16,17,3,-12,0,-23,0,16,7,0,-2,sil
9.395893573760986,3,12,6,18,12,8,-1,4,-16,-3,10,5,-3,-13,sil
9.41296410560608,0,2,1,23,12,14,10,4,-12,0,0,1,0,0,sil
9.41296410560608,-4,-5,6,23,13,21,16,0,-9,0,-19,-14,-13,6,sil
9.41296410560608,-15,-11,-9,8,5,15,11,0,-2,4,-24,-26,-19,-8,sil
9.42874813079834,-21,-20,-12,-7,-2,6,6,0,0,20,-9,-22,-4,-6,sil
9.42874813079834,-8,-18,1,-3,0,14,17,1,8,21,-2,-10,3,14,sil
9.443854331970217,2,-8,0,5,7,26,29,0,23,18,-5,-2,3,20,sil
9.443854331970217,-1,-9,5,1,0,22,27,3,26,29,1,0,6,16,sil
9.459688186645508,-9,-13,-3,-9,-8,3,16,3,14,23,3,-6,4,10,sil
9.459688186645508,-13,-15,-11,-23,-12,-2,0,-1,3,-4,-14,-14,-5,-3,sil
9.475776433944702,-8,-10,-8,-27,-16,1,-2,0,13,-4,-15,-8,0,-7,sil
9.475776433944702,-3,-6,-11,-23,-19,-7,-1,4,29,11,5,0,13,1,sil
9.491843938827516,-3,-5,-4,-30,-15,-17,-8,1,17,0,2,0,4,-2,sil
9.491843938827516,-1,-4,-6,-29,-4,-15,-13,-2,-3,-14,-15,-1,-8,-10,sil
9.507049322128296,-1,3,-2,-17,-5,-19,-11,0,0,-14,-8,6,0,-1,sorry
9.507049322128296,0,6,2,-13,-13,-18,-7,2,10,-4,7,17,10,1,sorry
9.523041486740112,18,5,-2,-3,-2,-7,0,-1,8,3,13,19,11,2,sorry
9.523041486740112,25,22,14,17,15,0,-3,-3,0,-4,7,16,6,2,sorry
9.538292407989502,9,24,12,23,16,0,-15,-3,-15,-23,-1,0,-7,-7,sorry
9.538292407989502,4,8,3,15,7,-3,-14,-4,-19,-20,2,-2,-12,-11,sorry
9.554497718811035,16,9,12,16,7,-5,-9,-1,-1,0,16,18,5,0,sorry
9.554497718811035,12,12,2,19,5,-8,-12,0,-4,4,15,17,11,7,sorry
9.569583415985107,0,2,2,10,-1,-3,-14,0,-35,-13,3,-1,-5,0,sorry
9.585604429244995,0,2,2,4,-2,1,-5,0,-34,-21,0,0,-13,-4,sorry
9.585604429244995,2,6,0,12,2,-2,-2,-2,-7,-10,0,8,-4,0,sorry
9.585604429244995,0,2,5,20,4,-4,0,0,-3,-1,3,4,4,6,sorry
9.60064435005188,1,0,1,17,0,0,10,1,-4,6,6,1,4,7,sorry
9.60064435005188,1,1,8,11,2,9,12,5,3,12,6,-1,0,1,sorry
9.61779761314392,-4,-1,2,9,10,15,3,3,4,10,7,-9,0,0,sorry
9.61779761314392,-12,-12,-9,3,7,13,0,-3,-1,7,2,-12,-1,-2,sorry
9.632814407348633,-19,-14,-6,-4,-6,10,-3,-1,-5,5,-14,-22,-13,-15,sorry
9.632814407348633,-22,-11,-16,-5,-7,7,-3,0,-9,2,-27,-32,-25,-24,sorry
9.6478590965271,-16,-11,-8,-6,0,5,3,-2,-11,0,-24,-24,-24,-15,sorry
9.664947271347046,-13,-16,0,-6,-3,7,13,1,0,0,-18,-18,-13,-4,sorry
9.664947271347046,-11,-17,-3,-8,-7,11,21,9,21,4,-19,-19,-9,5,sorry
9.664947271347046,-2,-5,-1,-19,-2,12,28,9,38,11,-17,-5,-2,14,sorry
9.67960286140442,4,-3,-11,-27,0,0,28,4,42,22,0,6,18,16,sorry
9.67960286140442,11,-3,-1,-23,-1,-8,15,4,32,26,11,12,33,14,sorry
9.6959707736969,19,4,7,-18,-5,-4,4,0,17,10,13,24,28,11,sorry
9.6959707736969,16,8,-4,-22,-10,-16,-1,-10,4,-9,18,30,20,8,sorry
9.711008548736572,3,8,-6,-23,-6,-20,-9,-9,-5,-14,16,22,15,2,sorry
9.711008548736572,0,13,-5,-1,4,-8,-14,0,-14,-15,9,11,12,-4,sorry
9.727872848510742,7,14,6,11,0,-13,-22,0,-21,-20,12,10,7,-9,sorry
9.727872848510742,0,2,5,0,-4,-16,-29,-5,-19,-16,10,4,-3,-13,sorry
9.74258041381836,-7,0,-2,8,8,5,-18,0,-10,-5,0,-5,-10,-7,sorry
9.74258041381836,4,15,26,46,26,24,2,6,-5,6,2,-3,-5,5,sorry
9.75873064994812,7,11,19,55,20,17,12,3,-4,18,4,-8,-6,8,sorry
9.77425479888916,-9,-13,-6,19,1,12,8,-6,-4,14,-15,-23,-18,1,sorry
9.77425479888916,-8,-6,-6,4,0,20,13,-6,1,9,-15,-16,-11,8,sorry
9.77425479888916,4,5,-2,12,3,10,14,0,11,12,2,1,5,19,sorry
9.790567398071287,-1,-11,2,-9,-10,-9,-7,-1,2,-2,-8,0,-3,3,sorry
9.790567398071287,-11,-21,-9,-30,-23,-19,-17,-3,-5,-19,-20,-1,-15,-19,sorry
9.806604146957396,3,-1,-4,-20,-13,-22,-5,2,0,-13,0,9,0,-9,sorry
9.806604146957396,17,11,11,-8,-8,-24,-9,7,5,-6,15,17,14,6,sorry
9.821188926696776,11,4,0,-5,-15,-21,-27,0,4,-12,16,13,9,0,sorry
9.836893320083618,8,8,5,0,-4,-11,-23,-1,-3,-15,11,13,2,-9,sorry
9.836893320083618,13,17,8,5,10,0,-3,4,-8,-3,12,10,2,-2,sorry
9.836893320083618,10,8,0,3,4,0,-2,3,-7,0,19,6,1,7,sorry
9.852487087249756,4,-1,2,0,-1,-1,-11,0,-11,-6,17,8,2,3,sorry
9.853490829467772,-2,-3,-5,2,6,7,4,-2,-13,-4,-2,0,0,-7,sorry
9.868768215179443,-18,-3,-5,0,6,16,20,-2,-11,1,-19,-18,-14,-18,sorry
9.868768215179443,-22,-9,-5,-4,5,12,18,2,-2,3,-13,-18,-15,-21,sorry
9.88423991203308,-8,-4,-6,5,15,13,20,4,14,6,-9,-11,0,-5,sorry
9.88423991203308,-6,6,0,12,15,26,22,1,17,1,-14,-17,-1,3,sorry
9.900180339813232,-11,4,-7,6,7,22,15,-3,0,2,-12,-19,-6,0,sorry
9.900180339813232,-6,-3,-2,4,8,8,10,-3,-7,18,-5,-10,2,2,sorry
9.915724992752075,-8,-10,-2,3,2,2,7,1,-1,21,-7,-6,2,4,sorry
9.915724992752075,-11,-14,-6,-4,-8,0,0,-2,-3,4,-12,-8,-11,0,sorry
9.9308762550354,0,-7,-1,-2,-7,0,-3,-5,-3,0,-11,-5,-12,5,sorry
9.94552993774414,0,-3,-4,-5,-8,-4,-5,1,8,4,-13,-3,0,9,sorry
9.94552993774414,-5,-8,1,-18,-11,-8,0,2,19,6,-13,-3,3,1,sorry
9.961179494857788,5,0,1,-8,-3,3,19,1,28,15,2,0,4,10,sorry
9.961179494857788,18,2,3,3,-4,7,15,3,30,19,15,10,18,24,sorry
9.976719856262209,11,-6,8,-6,-20,-9,-14,0,10,4,7,13,21,14,sorry
9.976719856262209,0,-7,-5,-11,-20,-21,-23,-5,-15,-8,4,7,7,0,sorry
9.99277138710022,6,6,3,0,-2,-12,-11,2,-15,-7,12,18,3,-1,sorry
9.99277138710022,16,12,13,1,5,-1,-4,4,5,0,18,28,13,1,sorry
10.008012294769289,11,10,3,-1,3,-8,-7,-5,8,-9,16,19,7,1,sil
10.008012294769289,3,12,6,3,0,-16,-10,-5,-5,-22,13,13,-5,-8,sil
10.023557901382446,7,10,-5,7,0,-14,-10,0,-1,-15,15,10,0,-12,sil
10.023557901382446,6,1,-5,-11,0,-13,-14,1,0,-8,16,2,5,-4,sil
10.039546966552734,-3,0,3,-16,6,-8,-18,-1,-18,-19,8,2,-3,-6,sil
10.039546966552734,-3,12,3,4,11,1,-13,-3,-33,-23,0,4,-9,-15,sil
10.060709476470947,0,21,12,7,9,4,-8,2,-25,-13,2,-1,-8,-14,sil
10.060709476470947,-4,9,0,1,5,0,-3,4,-10,-3,6,-9,-8,-9,sil
10.061708688735962,-5,6,0,20,11,7,4,1,-7,-1,-2,-12,-8,-2,sil
10.070204496383669,0,12,16,36,17,21,18,2,-6,2,-6,-9,-5,5,sil
10.085768699645996,0,-2,0,25,12,15,20,-2,-1,11,-2,-9,-1,8,sil
10.085768699645996,-9,-23,-9,8,0,10,2,-5,0,13,-20,-18,-7,0,sil
10.101819038391112,-20,-23,-15,0,-7,13,1,2,7,17,-31,-25,-13,-7,sil
10.101819038391112,-14,-10,-8,0,-4,12,26,6,17,28,-14,-17,-6,7,sil
10.117976427078249,0,-2,4,6,4,14,32,4,15,29,-5,-8,1,24,sil
10.117976427078249,-5,-16,-7,0,0,8,14,-3,13,14,-19,-9,0,11,sil
10.133522272109984,-19,-30,-12,-29,-15,-5,1,-7,9,0,-28,-14,-10,-10,sil
10.133522272109984,-13,-22,-18,-31,-18,-3,7,0,5,0,-17,-12,-6,-7,sil
10.14958143234253,2,-9,-6,-8,-13,2,10,0,13,2,-3,3,9,7,sil
10.14958143234253,13,-4,12,-11,-13,-2,-4,-3,16,3,0,21,17,14,sil
10.164958000183104,14,1,-2,-25,-9,-10,-14,0,8,2,5,21,15,10,sil
10.164958000183104,10,12,-1,-15,-6,-11,-9,6,1,-5,15,15,12,-1,sil
10.180937051773071,10,18,7,-1,-4,-14,-9,1,-6,-18,17,10,9,-11,sil
10.180937051773071,22,19,7,0,0,-12,-18,-4,-3,-14,22,13,10,0,sil
10.196593999862673,22,21,8,2,5,0,-13,0,10,5,29,24,18,14,sil
10.196593999862673,4,13,0,3,5,-2,-11,-3,-2,2,19,15,10,1,sil
10.21171498298645,-5,4,5,0,5,-8,-18,-10,-28,-27,0,-8,-12,-21,sil
10.21171498298645,-5,4,1,7,5,0,-9,0,-15,-33,-3,-11,-18,-20,sil
10.227792263031006,-2,7,-6,12,7,0,2,6,0,-9,9,4,-7,-4,sil
10.227792263031006,1,9,10,13,12,-7,0,4,-6,-2,18,12,-1,1,sil
10.243092060089111,2,10,12,19,15,-5,-4,4,-10,-9,9,8,-1,1,sil
10.243092060089111,1,7,12,26,11,1,-3,3,-3,0,1,3,-2,0,sil
10.259060144424438,0,-1,1,21,1,1,0,0,-4,10,-2,-8,-7,-3,sil
10.259060144424438,-15,-18,-18,0,-5,-2,0,-3,-22,-1,-19,-29,-19,-11,sil
10.27458953857422,-28,-20,-11,-14,-7,6,0,-1,-31,-11,-27,-24,-21,-8,sil
10.27458953857422,-16,-7,0,-2,-2,19,11,-3,-12,8,-11,-3,-1,4,sil
10.290576696395874,-4,-4,2,5,0,13,15,0,0,21,-4,-2,3,10,sil
10.290576696395874,-7,-12,-6,-8,-3,5,4,7,7,16,-8,-6,2,7,sil
10.305657863616943,-5,-11,-6,-16,-4,12,11,3,33,27,0,0,15,16,sil
10.305657863616943,3,-2,2,-7,0,16,25,0,38,34,0,0,17,16,sil
10.320955276489258,11,1,-4,-1,4,3,20,2,22,19,-1,1,7,6,sil
10.320955276489258,15,5,4,-3,3,-2,12,4,27,10,2,12,11,8,sil
10.337043285369871,9,0,5,-6,0,0,11,-1,36,15,0,6,13,7,sil
10.337043285369871,10,-3,-6,-8,-4,-9,0,-5,23,6,-3,-6,5,0,sil
10.352415323257446,18,7,5,0,-2,-13,-7,0,7,-6,16,9,14,2,sil
10.352415323257446,9,14,-1,4,1,-7,-5,0,0,-8,31,21,18,4,sil
10.367758512496948,-2,6,-2,-5,-1,-10,-12,-2,-14,-22,5,3,-9,-13,sil
10.367758512496948,-3,0,4,-8,-7,-15,-23,-2,-27,-38,-20,-14,-32,-32,sil
10.38278031349182,-8,0,-7,0,-12,-13,-24,-5,-36,-40,-16,-11,-29,-27,sil
10.38278031349182,-14,3,-2,1,-8,-7,-26,-3,-47,-43,-6,0,-28,-18,sil
10.397979259490969,-7,0,-4,6,2,-2,-21,1,-40,-33,-1,0,-27,-17,sil
10.397979259490969,-7,-7,-2,18,6,7,-5,1,-22,-4,-6,-9,-13,-9,sil
10.41334319114685,-15,-5,10,21,4,21,8,-1,-10,11,-13,-12,0,2,sil
10.41334319114685,-9,-5,-1,14,5,20,18,0,1,11,-12,-13,1,12,sil
10.429009914398192,2,-6,0,2,2,14,20,5,13,19,-11,-12,6,18,sil
10.429009914398192,6,-4,0,-6,-1,15,23,0,26,31,-7,-4,22,26,sil
10.44463324546814,4,-6,0,-13,-3,7,20,-3,40,30,8,7,27,31,sil
10.44463324546814,5,-5,4,-20,-7,-6,2,2,35,20,19,11,20,19,sil
10.461286783218384,8,0,-5,-25,-8,-17,-14,-3,16,8,17,7,12,0,sil
10.461286783218384,13,5,1,-23,-1,-16,-16,-8,9,0,14,17,6,-4,sil
10.476020097732544,17,15,4,-2,6,-11,-10,3,10,0,18,33,13,3,sil
10.476020097732544,14,23,3,12,6,-15,-9,6,-3,0,20,27,17,1,sil
10.491783142089844,6,15,9,3,1,-16,-10,0,-20,-10,15,13,-2,-10,sil
10.507843017578123,4,4,-1,5,2,-10,-11,1,-17,-14,8,6,-15,-13,sil
10.507843017578123,0,5,0,18,6,-3,-8,5,-9,-8,1,3,-3,-8,sil
10.507843017578123,-11,1,0,8,8,5,1,3,-4,0,0,-2,0,-5,sil
10.524203777313232,-18,-11,-5,-3,5,9,1,0,-7,-4,-5,-9,-15,-7,sil
10.524203777313232,-18,-11,0,1,0,8,0,0,-11,-12,-15,-11,-24,-15,sil
10.539862155914308,-11,-1,-6,15,4,9,13,0,-5,0,-12,-7,-11,-8,sil
10.539862155914308,-2,2,2,16,10,18,19,-1,-4,8,-6,-10,0,2,sil
10.554502725601196,-5,-1,3,8,3,18,4,-3,-22,-9,-18,-27,-10,-1,sil
10.570611953735352,-11,-4,-11,5,-2,10,0,-2,-26,-17,-28,-36,-17,-7,sil
10.570611953735352,-7,-2,0,7,0,12,15,0,-3,6,-19,-24,-7,-3,sil
10.570611953735352,-5,-10,0,-1,-3,13,24,0,23,22,-6,-17,2,0,sil
10.58672046661377,-1,-14,0,-9,-10,0,16,1,33,22,-1,-12,12,9,sil
10.58672046661377,12,-1,2,0,-12,-6,10,0,32,28,3,2,20,24,sil
10.600857257843018,14,1,1,1,-7,-5,11,-3,26,25,7,14,12,22,sil
10.616899967193604,5,-5,5,-15,-2,0,3,0,21,10,7,15,6,13,sil
10.616899967193604,11,-2,0,-21,-2,-6,-10,0,14,1,8,18,18,14,sil
10.616899967193604,17,4,4,-13,-7,-21,-23,-8,-5,-13,0,19,12,9,sil
10.631611108779907,6,-1,-1,-11,-10,-23,-30,-8,-21,-36,-7,11,-7,-6,sil
10.631611108779907,-6,-8,-17,-18,-9,-13,-26,0,-17,-30,4,10,-7,-13,sil
10.646761655807495,-3,6,0,-13,0,-4,-8,5,-2,-6,20,16,7,-8,sil
10.665820360183716,8,18,5,3,10,-6,0,2,8,0,15,9,5,-10,sil
10.665820360183716,7,7,2,0,3,-13,-15,1,1,-8,3,0,-3,-17,sil
10.665820360183716,-8,0,0,-10,-4,-10,-24,5,-11,-11,5,2,0,-11,sil
10.681957721710203,-9,6,-7,0,0,0,-13,3,-14,-5,12,2,5,0,sil
10.681957721710203,1,8,3,19,5,3,-8,-1,-13,-3,14,0,1,0,sil
10.696001291275024,1,0,4,18,3,0,-8,-3,-16,-4,10,-1,-7,-5,sil
10.712007999420166,-6,-4,2,7,4,5,0,-1,-21,-8,0,-1,-19,-6,sil
10.712007999420166,-6,2,6,10,8,20,17,2,-13,-6,-11,-3,-25,-2,sil
10.727086305618286,-2,2,-1,21,7,23,29,2,2,3,-17,-13,-17,0,sil
10.727086305618286,0,1,5,23,13,19,27,0,8,8,-20,-18,-8,2,sil
10.745743036270142,6,4,5,26,25,23,27,0,10,13,-9,-8,-4,7,sil
10.745743036270142,5,4,1,24,19,22,30,1,9,19,0,-3,2,8,sil
10.758545875549316,-2,0,3,11,6,15,28,2,7,23,-6,-3,10,11,sil
10.758545875549316,-5,-1,-5,5,5,5,21,0,18,24,-4,0,16,20,sil
10.774568796157835,-6,-8,-5,-5,-2,-5,7,-2,15,11,-4,-1,10,11,sil
10.774568796157835,-14,-21,-20,-32,-27,-17,-10,-5,-5,-5,-13,-14,-1,-3,sil
10.774568796157835,-14,-25,-22,-49,-39,-23,-20,-1,-5,-1,-12,-13,1,-1,sil
10.79160737991333,-3,-16,-3,-47,-31,-22,-14,1,9,4,-8,0,11,0,sil
10.79160737991333,-1,-9,-9,-41,-20,-26,-14,-4,3,-6,-14,-1,1,-12,sil
10.808691501617432,-4,-6,-5,-35,-16,-24,-29,-3,-13,-23,-5,-1,-10,-21,sil
10.808691501617432,2,1,4,-21,-11,-8,-33,4,-6,-14,17,9,0,-14,sil
10.822125911712646,14,13,9,2,0,0,-15,1,5,1,29,19,14,-1,sil
10.822125911712646,19,22,21,18,13,-3,-11,0,0,-1,30,26,12,0,sil
10.839131116867064,22,25,17,27,19,-2,-18,5,-6,-10,33,29,8,2,sil
10.839131116867064,21,26,25,41,21,9,-7,6,-4,-5,29,21,10,11,sil
10.85468602180481,11,15,16,47,20,20,13,5,-3,3,9,4,3,10,sil
10.85468602180481,0,0,-2,35,19,20,22,3,-1,9,-9,-9,-7,4,sil
10.869775772094728,-5,-3,0,21,13,18,22,0,11,12,-19,-16,-9,4,sil
10.8707754611969,-13,-12,-9,2,-3,12,15,-8,18,10,-22,-18,-10,0,sil
10.885159969329834,-12,-16,-10,-21,-18,0,4,-8,12,0,-19,-9,-9,-1,sil
10.885159969329834,4,1,-5,-15,-9,-7,6,0,8,-4,-3,1,3,9,sil
10.903002738952637,16,13,-8,-1,2,-15,-1,-1,2,-3,10,9,9,11,sil
10.903002738952637,7,9,2,-9,1,-15,-19,-6,-11,-12,12,13,-1,-1,sil
10.917927980422974,-3,4,-2,-13,1,-8,-15,-5,-18,-22,7,2,-12,-14,sil
10.917927980422974,-7,-1,-5,-13,2,-1,0,-5,-19,-21,0,-10,-19,-21,sil
10.932943105697632,-13,-10,-8,-12,0,5,6,-2,-24,-15,-4,-13,-22,-20,sil
10.932943105697632,-27,-15,-16,1,0,3,5,3,-23,-12,-13,-20,-19,-16,sil
10.949555397033691,-26,-10,0,17,2,5,5,6,-14,-8,-23,-24,-14,-11,sil
10.949555397033691,-7,-4,3,20,5,15,20,7,2,7,-17,-16,-1,2,sil
10.963627576828005,-4,-13,0,6,-1,17,28,8,6,21,-21,-15,0,12,sil
10.963627576828005,-14,-25,-2,-10,-8,15,10,3,10,29,-29,-18,-3,7,sil
10.979905128479004,-2,-16,-7,-4,1,14,6,-2,35,47,-3,1,20,13,sil
10.996942043304443,15,0,6,1,2,4,14,2,50,56,18,24,46,28,sil
10.996942043304443,12,0,2,-15,-11,-13,1,3,29,31,8,20,33,26,sil
10.996942043304443,3,-3,-1,-23,-13,-17,-12,-4,5,0,6,12,12,12,sil
11.010087490081789,0,4,0,-17,-6,-12,-9,-5,-2,-11,12,10,6,-5,sil
11.0256986618042,0,9,-7,-12,-7,-15,-11,-1,-8,-19,7,0,1,-16,sil
11.0256986618042,11,11,9,0,-4,-13,-25,3,-9,-22,7,4,1,-6,sil
11.044806241989136,21,9,9,6,1,-10,-27,3,-11,-14,19,17,13,2,sil
11.044806241989136,24,13,5,6,2,-14,-19,-1,-12,-10,25,22,16,2,sil
11.044806241989136,28,28,18,15,6,-9,-14,0,-3,-15,26,27,5,4,sil
11.058559894561768,25,24,9,18,9,-3,-11,0,-3,-18,23,20,-6,-1,sil
11.058559894561768,5,8,5,8,4,-4,-12,-6,-20,-15,12,1,-15,-14,sil
11.074068784713743,-3,9,2,12,4,0,-4,-7,-17,-9,0,-3,-18,-13,sil
11.088739395141602,-2,7,-1,8,5,7,4,0,0,-15,-11,-8,-22,-9,sil
11.088739395141602,-14,-10,-4,-8,0,6,3,1,-12,-25,-23,-21,-30,-17,sil
11.10487174987793,-23,-18,-15,-13,-4,-1,2,-3,-25,-19,-24,-23,-27,-17,sil
11.10487174987793,-13,-11,-3,-9,-6,4,9,0,-8,-5,-11,-11,-14,-3,sil
11.11928677558899,-9,-6,0,-5,-4,17,14,5,9,6,-4,-11,-4,3,sil
11.11928677558899,-17,-3,-4,3,5,16,16,0,8,14,-10,-19,0,2,sil
11.135159730911257,-19,-2,1,6,15,14,21,2,12,15,-5,-11,8,1,sil
11.135159730911257,-17,-12,-10,-1,2,8,14,3,18,15,0,-3,8,1,sil
11.150622844696043,-12,-15,-6,-8,-9,0,2,0,6,11,-7,-3,0,2,sil
11.150622844696043,4,-2,0,4,4,8,8,2,4,12,-6,2,0,11,sil
11.166027784347534,7,3,-1,18,19,16,12,5,11,21,0,2,6,16,sil
11.166027784347534,-5,0,1,11,5,3,1,2,0,19,-14,-9,0,4,sil
11.181617736816406,0,0,-5,4,-7,-4,0,-3,-3,17,-11,-11,2,0,sil
11.181617736816406,14,2,1,5,-3,0,2,-2,4,15,3,4,2,3,sil
11.196707248687744,11,4,6,2,2,0,0,0,0,-3,2,12,1,3,sil
11.196707248687744,8,3,-1,0,0,-9,-7,-3,0,-8,1,13,15,8,sil
11.211942195892334,10,-2,3,-1,-5,-10,-2,-1,23,13,10,15,26,12,sil
11.211942195892334,7,-4,5,-1,-3,-6,9,5,27,17,15,11,21,10,sil
11.227796792984009,10,1,9,-2,-4,-6,6,4,11,2,14,12,21,14,sil
11.227796792984009,8,-2,-1,-15,-8,-4,1,-1,8,-1,5,8,16,5,sil
11.243128538131714,-8,-9,-18,-26,-7,-10,2,-6,2,-14,-7,-5,-7,-15,sil
11.243128538131714,-13,-2,-1,-16,-6,-9,-10,-4,-17,-27,-4,-6,-18,-18,sil
11.258800506591797,-3,-4,-1,-7,-7,-1,-22,-5,-22,-18,0,-4,-10,-10,sil
11.258800506591797,-1,-11,-3,-17,-9,-6,-20,-3,-18,-19,-12,-10,-18,-11,sil
11.274254322052002,-5,-2,2,-16,-14,-13,-19,0,-26,-34,-15,-10,-28,-17,sil
11.274254322052002,-4,6,-4,-1,-10,-7,-17,0,-24,-29,1,0,-15,-17,sil
11.290186166763306,1,9,7,3,0,0,-10,0,-7,-11,15,10,0,-4,sil
11.290186166763306,7,7,7,6,1,-3,-4,2,4,4,19,16,10,14,sil
11.305086612701416,10,9,4,13,8,1,-3,3,12,17,16,14,10,17,sil
11.305086612701416,9,16,9,8,18,12,-1,3,13,20,14,10,4,5,sil
11.320559978485107,0,11,-1,4,11,1,0,0,-2,10,14,2,6,-3,sil
11.320559978485107,-3,4,3,13,3,-6,-1,0,-13,-2,7,2,6,-3,sil
11.336592197418211,3,10,5,21,13,3,2,2,0,1,4,10,0,2,sil
11.336592197418211,1,11,1,13,18,11,11,-4,4,6,-1,0,-9,0,sil
11.35181975364685,-9,0,-1,5,9,10,14,-6,-13,-4,-17,-20,-15,-11,sil
11.35181975364685,-2,-4,-3,9,1,10,13,0,-14,-7,-18,-19,-14,-10,sil
11.367016553878784,3,-1,4,7,0,15,10,2,-1,0,-12,-3,-8,-3,sil
11.367016553878784,-2,-7,-4,0,3,16,15,0,3,6,-6,0,-1,-2,sil
11.382821321487429,-2,-4,-4,0,5,3,16,0,12,16,2,0,7,4,sil
11.382821321487429,0,1,5,8,2,-4,8,3,20,19,0,-1,12,12,sil
11.397988557815552,-4,-7,-7,4,-2,-1,1,0,17,7,-8,-6,3,9,sil
11.413591623306274,-9,-14,-2,-10,-8,1,-5,2,5,1,-8,-9,-4,7,sil
11.413591623306274,-16,-17,-8,-22,-14,-6,-3,5,-1,3,-10,-19,-4,3,sil
11.413591623306274,-22,-19,-14,-18,-17,-8,1,-2,-5,-1,-20,-27,-7,-2,sil
11.428749322891235,-9,-8,6,-4,-11,4,5,-5,1,1,-12,-11,-7,3,sil
11.446772575378418,4,0,-4,-2,-3,2,4,0,8,2,0,0,0,8,sil
11.446772575378418,3,-5,-7,-16,-4,-9,-10,0,-7,-16,-4,0,1,-7,sil
11.446772575378418,6,1,2,-5,-7,-2,-11,-1,-13,-14,0,9,7,-11,sil
11.46080446243286,19,14,6,20,0,8,11,0,7,15,17,23,24,7,sil
11.46080446243286,14,7,12,11,0,1,14,0,8,8,8,13,14,5,sil
11.476593255996704,-6,-2,-1,-10,-5,-6,-4,0,-7,-13,-3,-1,-5,-9,sil
11.476593255996704,-4,3,-5,-8,2,-1,-9,0,-1,-4,5,1,2,-2,sil
11.491860389709473,7,6,1,2,16,5,-5,4,10,5,8,6,9,4,sorry
11.491860389709473,4,0,-3,1,11,0,-7,1,7,0,4,4,0,-1,sorry
11.507529258728027,0,4,2,-4,4,-3,-7,0,9,6,15,13,6,1,sorry
11.523981094360352,7,7,2,-3,6,-5,-5,-1,14,14,17,18,12,13,sorry
11.523981094360352,8,-1,2,0,2,-8,-10,0,9,0,0,6,0,14,sorry
11.523981094360352,6,-1,0,0,-1,-5,-1,3,3,0,3,3,-3,3,sorry
11.539695978164673,4,3,-3,0,3,0,12,-1,-5,2,11,5,0,-4,sorry
11.539695978164673,-2,0,5,5,6,-3,4,-4,-17,-13,0,0,-8,-4,sorry
11.553997039794922,-3,0,1,11,-1,-16,-7,0,-13,-19,0,1,-6,-6,sorry
11.570690393447876,5,0,2,0,-16,-22,-12,-4,-8,-8,4,5,0,-12,sorry
11.570690393447876,3,-1,3,-19,-22,-10,-10,-7,-15,-10,-1,-8,-3,-10,sorry
11.570690393447876,-4,-2,-1,-13,-13,0,-3,-1,-21,-14,-6,-14,-8,-2,sorry
11.585846424102783,0,5,13,9,-2,4,0,1,-20,-7,-1,7,-5,0,sorry
11.585846424102783,9,14,11,26,5,9,2,-3,-9,0,4,15,1,5,sorry
11.600566387176514,6,13,6,21,11,7,2,0,0,1,11,4,1,13,sorry
11.618690967559814,-8,4,-2,1,6,4,-1,9,-3,-1,2,-6,-11,-1,sorry
11.618690967559814,-21,-4,-21,-7,0,4,-6,0,-12,-15,-21,-18,-21,-24,sorry
11.619690656661987,-18,-3,-6,3,3,8,-8,-2,-9,-19,-23,-19,-17,-15,sorry
11.633219957351685,-6,-5,0,8,6,14,0,4,5,0,-5,-11,-3,0,sorry
11.647608041763306,-5,-10,-5,0,4,16,10,3,13,13,-11,-16,0,-6,sorry
11.647608041763306,-9,-7,-5,-1,1,11,12,1,10,6,-26,-21,-7,-14,sorry
11.66273593902588,-5,-7,-7,-1,2,2,7,0,5,7,-13,-18,-7,-3,sorry
11.66273593902588,-6,-8,0,-3,6,9,6,1,5,14,-1,-11,0,2,sorry
11.677889347076416,-12,-2,-2,1,9,19,14,3,12,19,3,-3,8,3,sorry
11.677889347076416,-1,8,-3,9,11,15,23,0,22,28,14,1,14,10,sorry
11.693987846374512,12,7,7,5,13,6,22,-1,31,39,14,5,12,13,sorry
11.693987846374512,11,-7,-2,-6,4,-4,14,1,34,39,10,7,12,15,sorry
11.709907054901125,10,-7,2,-10,-6,-6,7,3,24,25,14,15,21,25,sorry
11.709907054901125,11,0,2,-1,-7,-1,8,0,5,3,2,13,17,24,sorry
11.725010633468628,0,-8,-1,-10,-11,-6,0,-4,-7,-13,-17,1,1,2,sorry
11.725010633468628,-4,-14,4,-22,-19,-11,-7,-3,-15,-18,-15,0,-1,-6,sorry
11.740571022033691,11,-3,0,-12,-15,-14,-15,-4,-14,-16,-9,13,5,4,sorry
11.740571022033691,18,5,7,-4,-13,-22,-23,-5,-12,-17,-6,21,8,3,sorry
11.756633520126345,3,1,0,-5,-12,-18,-17,-4,-6,-13,9,15,9,-4,sorry
11.756633520126345,-5,-2,-9,-2,-6,-11,-9,-4,-1,-11,17,9,5,3,sorry
11.771877765655518,-3,0,7,-8,-7,-16,-19,1,-6,-24,5,6,-2,2,sorry
11.771877765655518,-2,0,-3,-13,-8,-21,-17,5,-10,-25,7,5,-6,-11,sorry
11.78768754005432,3,1,0,-1,0,-11,-9,4,-1,-12,20,10,-6,-12,sorry
11.78768754005432,10,14,12,14,5,-2,-9,3,0,-12,24,14,-6,-7,sorry
11.803173303604126,8,18,3,18,9,-2,-2,1,-7,-13,19,4,0,-10,sorry
11.803173303604126,6,14,3,13,11,0,0,1,-8,-4,14,1,0,-11,sorry
11.819210290908812,13,19,2,15,8,3,-8,-2,-12,-5,8,2,-11,-8,sorry
11.819210290908812,11,21,7,21,5,9,-13,-4,-21,-12,0,-5,-19,-7,sorry
11.834825277328491,-1,10,8,20,10,13,-10,0,-12,0,-1,-11,-5,-4,sorry
11.834825277328491,-15,0,-10,13,12,10,-1,0,-4,13,0,-14,0,-2,sorry
11.850552320480348,-24,-2,-8,0,4,13,10,-4,-17,1,-20,-27,-18,-11,sorry
11.850552320480348,-21,-12,-11,-2,0,17,19,-2,-13,-3,-35,-35,-21,-17,sorry
11.866880655288696,-13,-19,-9,4,5,21,23,3,8,11,-24,-21,-8,-2,sorry
11.866880655288696,-10,-12,-2,5,15,27,28,7,9,23,-16,-10,-7,11,sorry
11.882673501968384,-13,-9,-1,-4,10,19,22,0,1,19,-24,-15,-12,3,sorry
11.882673501968384,-18,-14,2,-19,-5,3,10,-4,12,19,-23,-17,-6,0,sorry
11.897895336151125,-11,-14,-2,-20,-6,2,12,4,30,32,-3,-4,16,18,sorry
11.897895336151125,2,-8,2,-12,2,11,15,5,24,28,6,5,25,26,sorry
11.913831949234009,-1,-10,-2,-18,-5,7,3,-1,4,5,-8,-2,8,6,sorry
11.913831949234009,-7,-16,-10,-22,-19,-8,-2,0,7,5,-7,-2,10,0,sorry
11.932207107543944,17,0,15,0,-11,-15,1,6,28,16,16,21,29,15,sorry
11.932207107543944,33,14,9,16,-1,-14,-2,3,24,0,15,26,19,13,sorry
11.945101261138916,18,8,-3,0,-5,-16,-12,-1,5,-19,1,14,3,0,sorry
11.945101261138916,11,7,7,-6,-6,-11,-12,-2,3,-9,16,24,13,0,sorry
11.960793733596802,20,11,1,0,0,-15,-16,-5,0,-10,28,31,17,3,sorry
11.960793733596802,16,7,0,-3,-2,-24,-25,-3,-12,-25,14,18,5,0,sorry
11.976674556732178,1,1,0,-10,-7,-15,-12,-1,-7,-16,13,9,2,-1,sil
11.976674556732178,0,0,-4,-10,-6,-5,-1,-2,-5,-8,15,7,-2,-9,sil
11.991857767105104,3,10,4,0,-1,-5,-6,0,-21,-16,9,5,-13,-6,sil
11.991857767105104,0,14,6,22,3,-2,-4,2,-23,-13,11,0,-11,1,sil
12.007409811019896,-4,4,9,24,5,5,-1,0,-19,-16,1,-7,-16,-8,sil
12.007409811019896,-12,-3,-2,3,3,6,-8,-3,-23,-20,-11,-11,-24,-27,sil
12.023008823394775,-16,0,-5,4,2,2,-10,-1,-21,-4,-9,-13,-20,-19,sil
12.023008823394775,-10,2,4,20,7,8,1,5,-7,10,-10,-15,-17,-1,sil
12.03888988494873,-10,-12,-16,6,9,17,21,4,2,15,-23,-18,-14,2,sil
12.03888988494873,-21,-24,-17,-17,3,19,26,0,10,18,-28,-21,-4,0,sil
12.053933143615724,-19,-14,-3,-12,0,10,16,3,18,18,-17,-21,0,4,sil
12.053933143615724,-2,-5,-3,-12,-4,-10,4,-1,18,12,-6,-5,6,14,sil
12.07681393623352,9,0,2,-25,-8,-21,-13,-6,10,3,0,14,15,10,sil
12.07681393623352,14,12,0,-10,0,-12,-18,0,3,-3,15,19,13,1,sil
12.07681393623352,13,23,4,13,5,-5,-9,4,-4,-11,22,9,1,-4,sil
12.08520007133484,8,19,6,23,3,-1,-4,-2,-11,-14,1,-3,-3,-11,sil
12.10083794593811,0,5,6,24,10,15,8,-7,-6,0,-9,-9,0,-2,sil
12.10083794593811,-7,-4,4,10,14,30,23,0,-1,16,-3,-7,1,3,sil
12.115938663482666,-16,-11,-6,0,2,20,12,1,-2,11,-13,-15,0,-1,sil
12.115938663482666,-4,-4,5,10,0,12,3,-1,7,13,-18,-12,1,3,sil
12.131725311279297,14,-1,8,7,6,10,11,2,30,30,11,13,25,22,sil
12.131725311279297,13,-9,-2,-17,-5,-12,1,6,31,16,30,24,38,18,sil
12.146667003631592,11,-2,10,-18,-16,-22,-12,3,8,-12,21,17,26,8,sil
12.146667003631592,19,7,4,1,-7,-10,-7,1,-2,-14,20,19,18,8,sil
12.162224769592283,9,3,1,-4,-3,-10,-9,2,-1,-10,22,24,5,-1,sil
12.162224769592283,-5,1,3,-19,-4,-15,-13,0,-3,-17,13,9,-12,-20,sil
12.178389549255373,-11,-1,-6,-3,3,-6,-7,-7,-14,-23,-10,-18,-29,-26,sil
12.178389549255373,-19,-7,-1,11,8,11,1,-7,-29,-26,-36,-29,-42,-23,sil
12.194018125534058,-13,-8,-6,9,5,20,15,-1,-21,-8,-31,-22,-33,-6,sil
12.194018125534058,0,-7,-7,0,-4,12,14,-3,-6,15,-16,-16,-15,11,sil
12.209628582000732,-3,-6,-2,-6,-14,1,6,-3,-10,17,-20,-13,-12,8,sil
12.209628582000732,0,-1,-5,-2,-3,0,18,0,5,28,-11,0,0,12,sil
12.226630926132202,14,4,6,1,3,1,24,7,42,46,9,16,19,26,sil
12.226630926132202,7,0,0,-7,-5,-10,-1,0,30,22,11,16,14,12,sil
12.242132186889648,-6,-4,-10,-15,-7,-22,-31,-9,-3,-17,3,12,-2,-10,sil
12.242132186889648,-4,2,-5,-17,-1,-17,-31,0,0,-19,7,17,-1,-4,sil
12.257577180862429,0,3,-12,-14,-5,-15,-18,6,6,-14,14,17,4,3,sil
12.257577180862429,3,4,-5,-7,-1,-16,-18,1,-18,-23,14,6,-16,-7,sil
12.2726149559021,6,11,1,5,7,-3,-14,6,-24,-14,17,0,-15,-16,sil
12.2726149559021,4,16,7,14,5,6,-1,6,-7,-6,18,0,48,-10,sil
12.288733959197998,-2,12,15,12,0,8,-2,-4,-12,-28,1,-4,63,-6,sil
12.288733959197998,-9,0,2,4,0,7,-4,-7,-21,-36,-21,-17,-16,-14,sil
12.304798126220703,-7,-1,4,11,3,14,7,2,-9,-16,-22,-18,-46,-14,sil
12.304798126220703,-2,6,8,31,11,18,19,3,2,5,-1,-7,-2,0,sil
12.318554162979126,2,7,7,33,16,15,19,-5,-3,14,6,-3,3,9,sil
12.335716009140016,4,3,7,25,11,13,17,-4,-6,16,-3,-5,-10,7,sil
12.336715459823608,-2,-4,-6,13,4,10,17,2,9,24,-9,-11,0,6,sil
12.336715459823608,-6,-15,-6,-7,1,9,17,4,25,34,-4,-15,3,9,sil
12.35070252418518,-5,-20,-10,-16,1,7,19,4,30,32,0,-10,0,9,sil
12.366829633712769,-9,-15,-9,-11,0,-5,13,5,31,18,0,-1,6,6,sil
12.366829633712769,-2,-8,6,-18,-10,-12,1,7,29,9,0,0,3,10,sil
12.366829633712769,6,-11,-7,-29,-12,-9,-11,-3,12,3,-8,1,-2,10,sil
12.3799786567688,3,-9,-7,-29,-10,-15,-22,-9,-7,-1,-2,12,2,0,sil
12.39567494392395,6,4,1,-19,-10,-20,-21,-4,-8,0,17,26,9,-5,sil
12.39567494392395,12,12,0,-12,-7,-16,-12,-5,-9,-7,16,18,0,-2,sil
12.41083812713623,5,15,7,1,-1,-8,-11,-4,-23,-23,0,9,-11,-6,sil
12.41083812713623,6,14,8,22,1,1,-10,2,-22,-15,3,13,-1,-5,sil
12.425976037979126,4,5,10,19,0,10,-9,6,-17,-6,6,2,1,-5,sil
12.425976037979126,-10,-5,8,5,0,13,-2,1,-17,-13,-8,-13,-7,-9,sil
12.441633462905884,-7,-7,0,11,0,15,16,-3,0,2,-15,-8,-5,1,sil
12.441633462905884,5,0,3,14,3,17,24,-1,14,23,-8,-2,4,14,sil
12.456970691680908,0,-4,-9,-4,-1,-2,11,0,13,13,-3,-8,10,9,sil
12.456970691680908,-1,-9,-9,-23,-7,-20,-4,0,12,-3,1,3,10,2,sil
12.472606897354126,7,4,-3,-17,-1,-17,-16,0,5,-13,8,19,5,-4,sil
12.472606897354126,18,14,-7,-3,2,-12,-20,0,-6,-22,16,14,2,-11,sil
12.488671064376833,15,12,6,-3,1,-5,-13,3,-4,-15,21,9,8,0,sil
12.488671064376833,3,15,3,4,12,5,0,5,9,-1,16,6,9,7,sil
12.504206657409668,-2,19,1,22,19,6,7,1,5,-6,6,1,1,-1,sil
12.504206657409668,-7,6,-1,14,5,-2,2,0,-14,-16,0,-5,-14,-13,sil
12.520357847213743,-17,-9,-8,0,-6,-2,-4,-3,-18,-10,-7,-14,-25,-12,sil
12.520357847213743,-16,-2,6,11,1,11,3,-3,-3,6,-8,-13,-11,1,sil
12.535051584243774,-10,-4,0,19,9,18,23,0,3,16,-12,-15,-4,9,sil
12.535051584243774,-20,-23,-15,0,-1,10,23,0,-6,8,-25,-28,-27,-8,sil
12.551033020019531,-25,-20,-6,-6,-8,14,13,1,-10,6,-30,-32,-36,-19,sil
12.551033020019531,-11,-5,-1,3,1,20,11,0,-1,16,-21,-24,-17,-1,sil
12.565679788589478,0,-5,7,-1,1,6,6,-1,3,11,-11,-1,-2,11,sil
12.565679788589478,4,-7,1,-10,-12,-9,-2,-4,4,4,-2,10,11,7,sil
12.580908298492432,5,-3,-5,-8,-15,-18,-9,-10,5,4,-2,0,19,3,sil
12.580908298492432,3,0,0,-8,-2,-12,-13,-3,2,0,-11,-1,16,0,sil
12.5969717502594,2,-6,-2,-14,-1,-3,-11,5,5,0,0,13,24,4,sil
12.5969717502594,13,-4,8,-14,-4,0,0,7,14,17,24,21,34,14,sil
12.612239599227903,25,8,16,-4,-1,-2,2,4,21,21,34,24,31,14,sil
12.612239599227903,22,11,7,0,-6,-15,-17,1,9,0,27,27,20,3,sil
12.627944707870483,13,6,3,-10,-9,-19,-28,0,-3,-18,25,28,10,-1,sil
12.643174886703491,12,7,0,-5,0,-11,-15,0,-7,-12,22,27,6,-2,sil
12.643174886703491,8,12,7,6,0,-11,-12,-2,-19,-21,1,10,-6,-5,sil
12.643174886703491,0,12,-3,4,0,-11,-11,-2,-27,-34,-9,-11,-22,-8,sil
12.659761905670166,-2,15,-4,7,13,2,9,5,-10,-15,2,-10,-17,-4,sil
12.659761905670166,-2,21,9,26,17,14,12,10,7,1,6,-1,-11,-3,sil
12.675270795822144,-10,7,-6,29,9,14,0,2,4,-1,-5,-9,-15,-7,sil
12.675270795822144,-18,-4,-6,14,12,22,8,-2,-1,6,-11,-16,-17,-3,sil
12.69089651107788,-23,-5,-2,7,14,29,29,0,6,23,-14,-18,-11,0,sil
12.69089651107788,-27,-17,-15,-1,0,21,29,-1,13,20,-23,-27,-5,-5,sil
12.705589294433594,-20,-27,-10,-17,-4,13,19,-4,7,14,-21,-25,-2,0,sil
12.705589294433594,-1,-22,-6,-15,0,5,18,1,13,23,-1,-7,5,20,sil
12.721114873886108,16,-10,7,-6,-3,-2,11,4,29,26,13,13,20,30,sil
12.721114873886108,19,-3,10,-8,-10,-11,-5,-4,26,7,12,17,20,17,sil
12.738235712051392,10,-3,0,-14,-6,-20,-16,-12,0,-14,0,8,0,0,sil
12.738235712051392,6,0,4,-17,-1,-14,-15,-2,-19,-23,-3,11,-6,-10,sil
12.7519633769989,6,5,-4,-10,-2,-13,-18,1,-24,-26,5,12,-1,-19,sil
12.76964259147644,9,11,-1,0,-5,-26,-24,-6,-31,-33,8,6,-11,-21,sil
12.76964259147644,9,21,7,10,-2,-18,-16,-5,-34,-25,1,3,-15,-17,sil
12.76964259147644,-1,20,-2,14,1,1,-7,0,-23,-15,-4,-4,-10,-14,sil
12.784097909927368,-11,5,4,14,2,7,-11,3,-23,-17,-14,-18,-15,-12,sil
12.798238515853882,-10,-6,2,16,0,8,-1,2,-20,-4,-15,-19,-12,-6,sil
12.798238515853882,-14,-10,-5,8,-1,21,21,3,0,19,-9,-12,0,0,sil
12.798238515853882,-16,-14,-8,-5,-4,28,25,5,20,22,-13,-12,0,3,sil
12.814978122711182,0,-13,-1,0,-3,12,14,5,28,22,-12,-3,5,12,sil
12.82955288887024,15,3,19,14,0,-5,12,3,37,34,5,16,28,29,sil
12.82955288887024,18,6,4,3,2,-7,13,0,41,37,17,20,35,37,sil
12.845281600952148,13,-5,-9,-11,-1,-2,8,0,31,25,15,12,30,28,sil
12.845281600952148,5,-1,0,-4,-9,-10,-2,0,20,13,13,11,24,8,sil
12.86294412612915,0,0,-8,-8,-12,-25,-13,-1,4,-3,12,4,8,-7,sil
12.86294412612915,0,-1,-3,-27,-6,-16,-18,-5,-18,-27,4,-3,-7,-14,sil
12.86294412612915,6,8,3,-13,7,3,-11,-1,-19,-28,5,5,-9,-17,sil
12.876608610153198,6,15,5,11,18,0,-10,5,-9,-16,18,19,-5,-13,sil
12.891779661178589,-5,7,1,1,16,-3,-15,5,-16,-14,17,9,-6,-11,sil
12.891779661178589,-9,5,-8,-1,11,4,-7,-3,-25,-17,1,-7,-15,-14,sil
12.907957315444946,-1,7,5,16,14,4,0,-4,-25,-19,-6,-7,-23,-15,sil
12.907957315444946,-15,-6,0,7,8,0,-5,-1,-29,-24,-10,-11,-23,-10,sil
12.924962282180786,-30,-20,-14,-12,-7,6,-5,-2,-28,-17,-21,-24,-22,-10,sil
12.924962282180786,-14,-11,-1,0,-6,18,4,0,-7,3,-19,-17,-14,-4,sil
12.939913511276243,-2,0,6,13,6,25,16,1,21,30,-1,-3,4,12,sil
12.939913511276243,-4,0,7,5,6,26,21,5,37,40,0,-9,4,20,sil
12.956979751586914,0,-6,0,0,-2,15,19,7,34,31,-10,-16,-4,10,sil
12.956979751586914,2,-10,-2,-2,-11,0,12,-1,22,18,-12,-8,4,14,sil
12.97396469116211,5,-5,7,-4,-16,-4,8,-5,16,14,-3,5,20,22,sil
12.97396469116211,18,-5,0,0,-9,-8,8,1,19,12,4,10,15,13,sil
12.97396469116211,13,-6,-1,-9,-8,-19,-4,0,8,-2,0,6,0,-2,sil
12.988996505737305,0,0,-7,-22,-19,-26,-17,-6,-10,-20,-8,0,0,-8,sil
13.002554893493652,10,7,-11,-13,-16,-22,-11,-2,-13,-21,0,9,11,-2,sil
13.002554893493652,27,19,7,1,1,-8,2,3,0,-16,11,24,9,0,sil
13.017863035202026,13,18,1,4,9,-5,0,0,0,-15,9,18,0,-7,sil
13.017863035202026,1,8,0,0,5,-11,-16,-3,-15,-10,2,10,0,-6,sil
13.033307552337646,6,7,5,7,9,-10,-17,-1,-10,-2,8,16,8,0,sil
13.033307552337646,3,13,2,18,15,-5,-6,-1,4,-1,19,16,11,0,sil
13.048970937728882,0,13,13,21,14,9,1,1,-5,1,19,11,5,-5,sil
13.048970937728882,1,6,3,19,9,13,4,3,-20,0,5,6,0,-6,sil
13.064096450805664,-1,-1,0,7,2,1,0,2,-20,-14,-1,-4,-11,-8,sil
13.064096450805664,-15,-6,8,0,2,7,-2,2,-15,-8,9,-14,-13,-8,sil
13.080158948898315,-25,-10,-5,4,6,20,2,0,-11,15,1,-21,-11,-5,sil
13.080158948898315,-30,-18,-8,6,0,15,1,0,-13,6,-28,-33,-22,-13,sil
13.095819473266602,-23,-24,-9,-1,-9,5,2,3,-2,-9,-25,-35,-20,-9,sil
13.095819473266602,-9,-17,-3,-15,-8,4,10,1,18,5,-2,-16,1,14,sil
13.110984086990356,-2,-2,0,-16,-3,11,15,-3,24,21,-10,-8,8,19,sil
13.110984086990356,6,7,-1,2,3,16,23,0,23,23,-12,-11,4,14,sil
13.12687921524048,22,6,4,6,10,10,24,9,28,26,9,2,16,27,sil
13.12687921524048,22,0,0,-6,3,-6,7,1,24,17,13,20,19,31,sil
13.141881465911863,4,0,0,-5,-3,-15,-7,-9,8,0,1,16,6,5,sil
13.141881465911863,-10,-2,-2,-8,-5,-9,-13,-6,0,-4,-1,0,0,-19,sil
13.1570463180542,-15,-17,-14,-27,-13,-10,-18,-4,-10,-13,-12,-7,-4,-26,sil
13.1570463180542,0,-8,2,-21,-17,-10,-19,-4,-16,-26,-13,2,-5,-11,sil
13.172980785369871,22,11,8,5,-6,-5,-6,2,0,-7,9,24,9,11,sil
13.172980785369871,16,9,0,0,-1,-10,0,7,12,7,12,22,13,11,sil
13.188589811325071,0,4,2,-16,-7,-15,-12,0,0,-10,-2,8,-1,-9,sil
13.188589811325071,7,14,0,0,-4,-13,-18,-4,-13,-23,6,8,-4,-13,sil
13.203617095947266,11,15,9,15,0,-8,-12,0,-17,-16,18,12,-3,-3,sil
13.203617095947266,-6,2,0,5,2,0,-5,1,-22,-12,5,-1,-10,-5,sil
13.219650506973268,-11,-1,-1,9,9,11,-1,0,-20,-7,-5,-16,-20,-4,sil
13.219650506973268,-7,0,9,23,14,17,8,3,-9,2,-10,-18,-24,0,sil
13.235689640045166,-22,-13,-8,6,1,6,16,0,0,6,-18,-23,-15,-6,sil
13.235689640045166,-30,-24,-14,-18,-11,-2,4,-4,3,2,-20,-25,-3,-11,sil
13.251163482666016,-12,-11,-9,-9,-9,2,-5,-1,12,10,-8,-12,2,-3,sil
13.251163482666016,6,3,-8,0,0,5,-1,-1,16,17,4,2,6,-1,sil
13.266752004623411,6,5,0,-15,0,-6,-5,-2,4,-1,9,13,8,-13,sil
13.266752004623411,8,7,0,-20,-8,-17,-16,0,-6,-18,12,13,7,-14,sil
13.282840013504028,18,19,10,2,0,-5,-15,3,-8,-8,20,17,7,3,sil
13.282840013504028,16,25,15,27,20,7,0,3,-8,0,19,22,7,19,sil
13.298518896102903,11,19,10,34,22,7,15,1,-10,2,12,18,8,23,sil
13.298518896102903,16,16,16,39,16,17,20,0,-8,14,11,8,11,18,sil
13.314016819000244,12,12,9,48,25,32,25,1,0,21,7,0,7,8,sil
13.314016819000244,3,-1,12,31,21,33,42,2,13,16,-3,-6,-1,6,sil
13.329739093780518,-2,-20,-2,-5,3,23,49,0,30,16,-12,-12,0,13,sil
13.329739093780518,-8,-26,-22,-20,-2,8,32,-1,37,17,-24,-18,2,16,sil
13.345324039459229,-1,-17,0,-8,-4,2,23,6,43,27,-18,-9,7,18,sil
13.345324039459229,8,-8,3,0,-3,0,27,12,51,43,8,2,28,24,sil
13.360816955566406,3,-7,-3,-7,2,-11,1,0,27,26,6,-1,25,16,sil
13.360816955566406,0,-2,-5,-15,0,-18,-21,-10,-3,-4,-11,-4,3,0,sil
13.37598180770874,7,0,-5,-14,-10,-17,-11,-2,4,-7,7,15,9,0,sil
13.37598180770874,11,3,5,-9,-3,-17,-3,4,15,-3,26,26,16,0,sil
13.392000675201416,3,6,-3,-3,0,-23,-19,-1,-7,-15,9,11,-2,-9,sil
13.392000675201416,-4,5,-9,-10,-18,-29,-41,-7,-29,-33,-2,5,-17,-17,sil
13.407933950424194,-8,-5,-8,-27,-35,-29,-49,-4,-32,-43,0,5,-16,-24,sil
13.407933950424194,-15,-13,-18,-37,-31,-26,-40,-6,-40,-42,-2,-5,-17,-27,sil
13.423969745635986,-22,-1,-7,-32,-20,-16,-38,-6,-44,-35,-6,-12,-25,-25,sil
13.423969745635986,-20,1,-1,-16,-11,-6,-42,-5,-35,-30,-6,-8,-25,-28,sil
13.438965320587158,-20,-13,-3,-14,-9,-5,-44,-7,-39,-33,-17,-12,-23,-31,sorry
13.45519471168518,-29,-14,-5,-22,-10,-4,-45,-5,-51,-35,-24,-21,-31,-30,sorry
13.45519471168518,-27,-1,-7,-13,-9,0,-33,0,-45,-22,-15,-27,-40,-25,sorry
13.45519471168518,-25,-6,2,-5,-11,3,-19,0,-45,-23,-26,-30,-44,-26,sorry
13.470905780792236,-32,-23,-9,-16,-19,6,-11,-5,-49,-33,-46,-34,-42,-28,sorry
13.470905780792236,-31,-15,-12,-10,-12,16,7,-5,-31,-19,-40,-33,-34,-23,sorry
13.48551344871521,-22,2,5,9,4,30,32,6,-1,4,-26,-26,-21,-9,sorry
13.48551344871521,-11,-5,-3,3,0,18,36,9,20,16,-14,-15,0,4,sorry
13.502604722976685,5,-13,0,-7,-12,2,26,0,37,28,6,2,27,19,sorry
13.502604722976685,15,5,7,14,4,15,30,1,50,43,15,7,33,27,sorry
13.517747163772585,21,20,10,37,30,30,41,10,53,41,9,2,23,27,sorry
13.517747163772585,35,21,23,38,33,26,35,11,48,33,21,15,28,31,sorry
13.533844232559204,49,27,18,47,33,17,21,1,38,35,36,30,39,41,sorry
13.533844232559204,53,37,24,60,45,21,33,4,39,46,33,38,42,48,sorry
13.549663543701172,59,38,30,61,57,25,65,17,62,59,40,54,58,57,sorry
13.549663543701172,65,35,24,58,56,20,72,17,82,68,63,66,76,67,sorry
13.565728187561035,72,41,31,57,52,26,67,15,86,75,73,70,76,67,sorry
13.565728187561035,72,43,23,57,53,27,75,13,86,76,70,67,72,62,sorry
13.580981969833374,55,36,17,50,49,9,64,6,72,53,61,54,60,49,sorry
13.580981969833374,44,33,15,43,39,-2,40,2,40,25,56,46,41,34,sorry
13.5975444316864,42,27,6,32,27,-8,24,-2,14,17,56,49,36,33,sorry
13.5975444316864,30,11,2,10,14,-15,12,-3,3,16,44,43,36,31,sorry
13.612633228302002,9,-5,-4,-10,7,-15,0,0,-2,4,16,18,14,12,sorry
13.628137826919556,-10,-6,-3,-19,2,-16,-20,-8,-22,-18,-8,-3,-12,-10,sorry
13.628137826919556,-24,-8,-13,-22,-9,-27,-44,-17,-42,-32,-19,-17,-25,-25,sorry
13.628137826919556,-38,-34,-36,-38,-34,-38,-63,-14,-49,-42,-43,-42,-49,-46,sorry
13.643816232681274,-72,-61,-45,-73,-61,-46,-81,-10,-66,-72,-82,-78,-83,-77,sorry
13.643816232681274,-118,-84,-65,-114,-98,-64,-107,-20,-106,-105,-103,-100,-99,-99,sorry
13.65891170501709,-169,-129,-84,-174,-166,-100,-173,-37,-170,-152,-141,-133,-143,-144,sorry
13.65891170501709,-211,-167,-104,-225,-220,-119,-236,-47,-225,-211,-202,-189,-207,-206,sorry
13.673954725265505,-240,-178,-121,-251,-229,-119,-257,-52,-252,-246,-235,-228,-234,-241,sorry
13.673954725265505,-320,-241,-155,-343,-300,-169,-337,-66,-329,-323,-306,-294,-303,-313,sorry
13.690565347671509,-359,-268,-169,-383,-343,-169,-376,-62,-363,-365,-351,-325,-351,-350,sorry
13.690565347671509,-101,-26,11,-90,-86,54,-86,19,-94,-113,-105,-83,-111,-103,sorry
13.705593585968018,284,291,236,319,284,297,325,110,299,283,275,276,263,269,sorry
13.705593585968018,381,330,238,419,370,277,421,97,393,393,375,354,361,362,sorry
13.720163822174072,275,227,155,318,273,159,309,52,272,282,270,246,255,266,sorry
13.735875368118286,249,201,127,286,249,133,270,48,234,243,232,215,223,242,sorry
13.735875368118286,235,161,100,248,223,106,240,37,229,234,205,194,212,223,sorry
13.754460573196411,150,81,46,154,139,41,157,12,166,162,132,122,150,150,sorry
13.754460573196411,77,36,0,84,77,3,90,2,103,90,77,61,93,92,sorry
13.754460573196411,39,14,-5,49,46,-4,52,0,58,47,35,25,46,50,sorry
13.76856279373169,17,-5,-9,30,21,-14,27,-7,23,21,6,7,17,20,sorry
13.76856279373169,0,-22,-20,3,-3,-29,2,-13,-10,2,-9,-8,2,1,sorry
13.782650709152222,-34,-44,-35,-40,-36,-37,-30,-15,-49,-27,-41,-43,-28,-31,sorry
13.797894477844238,-59,-59,-50,-63,-57,-50,-53,-18,-65,-56,-63,-62,-54,-56,sorry
13.797894477844238,-59,-56,-35,-64,-64,-59,-61,-15,-56,-61,-58,-48,-49,-51,sorry
13.813796043395996,-63,-63,-38,-78,-78,-54,-75,-13,-44,-53,-55,-46,-45,-53,sorry
13.813796043395996,-69,-73,-48,-100,-88,-50,-88,-12,-45,-61,-64,-60,-56,-63,sorry
13.829272031784058,-63,-62,-34,-98,-79,-46,-85,-11,-46,-66,-55,-52,-50,-58,sorry
13.829272031784058,-56,-46,-32,-78,-63,-39,-73,-12,-46,-50,-31,-30,-39,-53,sorry
13.845142841339111,-51,-39,-27,-74,-56,-40,-71,-8,-51,-49,-29,-27,-49,-60,sorry
13.845142841339111,-41,-30,-26,-77,-47,-31,-60,-1,-53,-62,-36,-33,-47,-52,sorry
13.860713005065918,-31,-18,-17,-62,-36,-14,-42,-1,-47,-54,-22,-18,-27,-35,sorry
13.860713005065918,-24,-8,4,-42,-31,-13,-39,-3,-44,-39,-11,-2,-28,-34,sorry
13.87686252593994,-26,-3,-4,-31,-25,-16,-44,-7,-43,-39,-25,-20,-42,-44,sorry
13.87686252593994,-29,1,-5,-20,-9,-1,-43,-6,-41,-47,-36,-33,-44,-45,sorry
13.892822742462158,-16,10,6,3,5,9,-27,3,-26,-33,-15,-12,-28,-20,sorry
13.892822742462158,5,17,18,26,14,5,-7,8,-1,0,12,6,-5,10,sorry
13.907967329025269,14,23,26,30,19,10,2,5,0,13,10,2,-1,5,sorry
13.907967329025269,5,18,7,30,22,26,14,1,-13,0,-7,-12,-10,-7,sorry
13.923655271530151,-1,7,7,35,17,34,31,1,-8,0,-11,-18,-7,5,sorry
13.923655271530151,-1,3,10,36,12,31,40,1,0,10,-4,-10,0,11,sorry
13.939553260803224,4,4,1,31,15,29,42,2,10,21,1,1,9,12,sorry
13.939553260803224,15,6,7,25,18,31,47,4,39,43,8,8,24,28,sorry
13.954694509506226,24,6,7,27,17,28,46,1,54,57,13,11,33,40,sorry
13.954694509506226,26,12,14,30,18,19,34,0,35,41,16,21,32,37,sorry
13.969829559326172,23,8,7,18,14,12,29,5,26,25,23,26,35,34,sorry
13.969829559326172,19,-3,-2,0,5,1,31,5,38,30,27,22,36,30,sorry
13.984844207763672,20,2,13,-2,9,-1,27,5,41,34,28,29,32,26,sil
13.984844207763672,19,8,2,-2,14,-4,10,5,30,20,26,33,33,21,sil
14.000256061553957,14,2,3,-10,6,-13,-8,0,7,2,14,25,28,12,sil
14.000256061553957,15,16,12,0,8,-14,-8,-6,0,3,16,24,18,7,sil
14.016007661819458,20,31,-1,18,20,-11,0,-5,5,1,32,26,12,6,sil
14.016007661819458,14,23,8,8,12,-11,-12,1,-2,-19,22,16,3,-4,sil
14.031586647033691,6,3,7,-2,-5,-20,-25,1,-14,-19,0,3,-9,-15,sil
14.031586647033691,8,0,-5,9,-6,-13,-10,-1,-14,-4,-2,0,-17,-10,sil
14.047085046768188,6,8,-1,23,7,6,5,-1,-15,-7,4,-1,-13,-3,sil
14.047085046768188,-6,5,-3,22,6,9,5,-1,-9,-8,-3,-9,-11,-5,sil
14.063175678253174,-22,-9,-6,7,-6,5,0,3,-3,-4,-24,-25,-23,-9,sil
14.063175678253174,-33,-27,-22,-11,-11,12,3,4,-9,-5,-35,-41,-32,-10,sil
14.08521842956543,-31,-34,-25,-25,-13,3,3,-1,0,0,-34,-44,-23,-11,sil
14.086721658706663,-17,-21,-4,-26,-18,-9,-4,0,19,4,-26,-29,-8,-8,sil
14.086721658706663,-6,-13,-2,-19,-16,-9,-10,0,14,4,-11,-10,0,0,sil
14.09503173828125,-1,-13,0,-23,-17,-9,-13,-4,-2,1,-3,-1,4,0,sil
14.11057186126709,0,-13,-7,-34,-21,-15,-17,-4,-4,-4,-3,0,9,-8,sil
14.11057186126709,0,-7,-2,-29,-15,-21,-22,0,-7,-13,0,4,6,-11,sil
14.125941514968872,1,2,14,-6,-6,-17,-23,0,-15,-15,9,14,1,-8,sil
14.125941514968872,-5,3,-3,0,-2,-7,-20,-6,-23,-17,13,11,0,-13,sil
14.14197564125061,-14,0,-8,-10,0,0,-17,-3,-37,-25,4,1,-10,-17,sil
14.14197564125061,-2,5,3,-3,5,3,-14,4,-33,-21,0,5,-12,-8,sil
14.15785002708435,8,15,13,18,14,7,-5,2,-15,-5,5,15,0,2,sil
14.15785002708435,2,13,15,20,16,21,10,2,-13,0,4,5,-2,4,sil
14.173589706420898,-2,0,-3,10,12,24,21,1,-12,0,-7,-15,-18,0,sil
14.173589706420898,-7,-5,-2,12,5,15,20,0,1,1,-15,-19,-22,0,sil
14.189712524414062,-11,-2,-3,19,0,21,29,2,25,19,-7,-10,-6,8,sil
14.189712524414062,0,-3,-10,9,0,29,37,4,53,45,3,-8,13,15,sil
14.205819129943848,4,-4,1,-3,2,10,23,0,54,37,-2,-5,17,11,sil
14.205819129943848,4,1,1,-1,0,-15,8,-2,27,9,-4,4,15,11,sil
14.221517562866213,18,18,4,9,1,-15,4,0,16,4,17,24,29,22,sil
14.221517562866213,24,22,10,8,4,-9,-3,2,15,5,28,34,38,23,sil
14.236892223358154,9,4,1,-9,0,-25,-18,-5,-10,-14,5,16,11,0,sil
14.236892223358154,1,-3,0,-18,-8,-29,-27,-7,-32,-32,-4,-3,-18,-25,sil
14.252338171005247,7,3,3,-1,-1,-10,-21,1,-18,-29,6,-1,-18,-21,sil
14.252338171005247,7,6,12,6,5,2,-12,4,-9,-14,6,5,-8,0,sil
14.267978191375732,-4,1,2,1,5,3,-5,0,-25,-3,-3,-2,-10,-4,sil
14.267978191375732,-19,0,-7,15,7,5,-1,0,-28,-5,-10,-18,-13,-13,sil
14.28371787071228,-17,-5,8,18,9,16,8,0,-10,-3,-12,-18,-8,-3,sil
14.28371787071228,-6,-14,-2,-2,-1,20,25,0,7,17,-10,-7,0,14,sil
14.299287796020508,-4,-12,-8,-8,-8,12,29,0,14,32,-8,0,6,19,sil
14.299287796020508,-2,-8,-7,-1,-2,1,12,3,18,28,-1,-2,10,8,sil
14.315038681030272,13,-11,-12,-10,-5,-1,0,3,26,19,13,1,17,5,sil
14.315038681030272,24,-5,5,-13,-13,-1,0,2,30,10,18,13,22,11,sil
14.329979658126833,9,0,1,-9,-10,-15,-10,0,19,-2,4,13,11,0,sil
14.329979658126833,-6,1,-6,-17,-7,-29,-32,-2,-5,-20,-1,3,-9,-20,sil
14.346026420593262,-4,10,2,-13,-1,-15,-27,0,-20,-23,2,0,-19,-21,sil
14.346026420593262,3,17,8,17,13,1,-2,-2,-11,-3,11,6,-5,-5,sil
14.361082077026367,3,15,17,36,20,3,1,0,-5,4,12,10,0,3,sil
14.361082077026367,-7,3,0,19,10,4,0,0,-18,-6,-5,-7,-15,-1,sil
14.378052711486816,-15,-6,-11,0,7,15,15,0,-17,-7,-27,-26,-30,-5,sil
14.378052711486816,-2,-3,0,1,9,30,34,9,12,9,-21,-15,-11,4,sil
14.392564058303831,5,-3,-3,0,0,22,26,2,26,11,-5,0,17,14,sil
14.392564058303831,-3,-13,-3,-25,-18,-10,-6,-11,4,-6,-6,0,20,8,sil
14.40964388847351,-14,-18,-12,-41,-26,-30,-28,-6,-8,-13,-4,0,10,-4,sil
14.40964388847351,-11,-7,-14,-30,-19,-18,-24,0,-7,-17,6,4,3,-15,sil
14.422672748565674,0,12,10,0,-3,-1,-18,0,-15,-22,14,11,0,-11,sil
14.43980622291565,8,16,13,27,7,6,-7,3,-20,-6,11,9,-2,6,sil
14.43980622291565,4,0,9,24,4,16,7,3,-14,10,-1,-1,-2,16,sil
14.43980622291565,-6,-12,-5,1,0,14,5,0,-9,2,-20,-15,-14,4,sil
14.454932451248167,-2,-10,-6,-6,0,0,-6,-3,-1,-5,-24,-12,-17,-1,sil
14.470993757247925,15,1,13,2,3,0,-1,0,14,0,0,12,2,4,sil
14.470993757247925,24,15,6,16,7,-7,-1,-3,19,6,29,27,14,3,sil
14.484538316726685,12,22,3,18,9,-17,-10,1,4,8,38,16,8,-7,sil
14.484538316726685,1,20,1,19,10,-4,3,9,2,14,23,0,9,-6,sil
14.499594449996948,-3,9,-4,25,11,6,27,4,4,15,0,-11,0,0,sil
14.499594449996948,-15,-11,0,7,0,4,22,-1,1,8,-21,-23,-15,-4,sil
14.51529598236084,-19,-26,-13,-19,-8,6,12,-3,14,11,-14,-18,0,0,sil
14.51529598236084,-8,-12,-4,-24,1,0,7,-1,28,16,5,1,25,7,sil
14.53121852874756,4,4,6,-16,4,-12,-6,-1,20,8,8,11,16,4,sil
14.53121852874756,11,-1,4,-18,-9,-15,-16,-3,3,-7,3,12,0,1,sil
14.546865224838257,6,-2,6,-22,-9,-7,-7,0,-9,-19,4,11,-8,-7,sil
14.546865224838257,-4,7,-5,-9,1,0,1,2,-17,-22,0,-7,-15,-18,sil
14.562739610671995,-5,6,-2,8,8,8,1,0,-12,-14,-7,-19,-16,-10,sil
14.562739610671995,0,-1,2,12,6,17,4,2,-1,2,-6,-10,-2,2,sil
14.581044912338257,-3,-5,-9,7,-4,16,11,3,-1,8,-16,-11,1,5,sil
14.581044912338257,-3,-8,0,3,-10,9,11,-1,-2,5,-34,-16,-11,9,sil
14.581044912338257,-4,-18,-4,-5,-9,-3,0,-5,-1,6,-28,-6,-7,8,sil
14.594658136367798,-14,-22,-13,-26,-15,-11,-12,-5,-9,-3,-9,0,8,0,sil
14.609867095947266,-16,-12,-10,-28,-14,-7,-11,0,-22,-22,-4,5,9,-2,sil
14.609867095947266,4,4,1,-4,0,-5,-8,-4,-19,-19,1,22,0,0,sil
14.625339269638062,25,26,25,12,4,-6,-13,-1,-7,-7,24,44,4,1,sil
14.625339269638062,21,30,12,12,6,-4,-11,7,8,1,45,42,16,5,sil
14.640925645828249,9,16,0,13,17,1,-10,8,13,11,37,21,15,8,sil
14.640925645828249,14,16,10,26,21,6,-14,2,4,14,15,0,0,4,sil
14.65607213973999,14,14,7,31,10,3,-3,0,0,12,8,-9,-5,7,sil
14.65607213973999,0,0,7,22,2,7,10,2,0,11,-1,-18,-6,6,sil
14.671708822250366,-11,-13,-3,11,3,22,23,3,1,12,-17,-29,-11,-3,sil
14.671708822250366,-8,-12,-9,4,5,20,34,-2,10,10,-15,-33,-8,-6,sil
14.687692880630491,-5,-10,-6,-2,1,2,19,-5,13,2,-13,-29,-1,-2,sil
14.687692880630491,-6,-14,-11,-13,-7,-10,-8,-5,10,-13,-24,-19,-1,-7,sil
14.703354120254517,-2,-10,-5,-29,-17,-19,-12,-2,7,-16,-14,1,0,-10,sil
14.703354120254517,0,-5,-1,-34,-18,-25,-6,0,0,-5,12,17,4,-10,sil
14.71855092048645,0,-1,1,-23,-18,-24,-19,-4,-11,-13,18,20,0,-16,sil
14.71855092048645,0,9,6,-2,-11,-13,-15,0,-13,-26,15,23,2,-5,sil
14.733702659606934,3,16,5,22,7,0,9,10,-4,-8,28,27,11,14,sil
14.733702659606934,2,11,12,29,13,9,10,9,1,12,21,20,8,12,sil
14.748844385147097,-13,0,0,21,3,12,0,0,-1,12,-2,-1,-1,2,sil
14.748844385147097,-22,-5,-7,17,7,16,9,0,-3,8,-16,-19,-9,5,sil
14.76401948928833,-6,0,7,15,11,20,18,2,-2,8,-19,-17,-11,6,sil
14.76401948928833,4,0,0,7,0,13,14,-3,-2,6,-18,-10,-6,3,sil
14.779653072357178,5,-7,0,-6,-6,5,12,-4,2,10,-9,-4,0,7,sil
14.779653072357178,4,-12,-3,-29,-4,-2,1,0,13,15,-2,-4,4,6,sil
14.79516339302063,4,-10,-13,-41,-11,-17,-23,-4,10,5,-10,-5,5,-2,sil
14.79516339302063,5,0,-4,-29,-8,-17,-27,0,5,-5,-16,0,0,-7,sil
14.811277627944946,0,1,-15,-27,5,-10,-9,2,-1,-12,-3,0,-4,-10,sil
14.811277627944946,-9,-3,-14,-40,0,-14,-14,-2,-25,-29,0,-13,-7,-22,sil
14.825824499130247,-5,2,-5,-24,-7,-13,-32,-1,-32,-37,-4,-18,-11,-25,sil
14.825824499130247,0,11,0,10,6,1,-21,2,-17,-19,-1,-3,-9,-8,sil
14.840933084487917,3,12,16,30,21,16,6,1,-2,4,1,6,-4,0,sil
14.840933084487917,8,3,9,37,21,21,19,-1,15,20,-5,-2,0,1,sil
14.857630252838137,2,-1,6,36,14,22,21,1,22,29,-4,-1,7,15,sil
14.857630252838137,-3,0,7,30,11,21,29,7,22,41,15,17,23,24,sil
14.872173309326172,8,0,6,25,7,8,34,2,34,44,24,17,25,21,sil
14.888022184371948,14,-1,14,18,-3,-4,20,-2,29,19,15,7,13,19,sil
14.888022184371948,2,-1,0,2,-15,-7,1,-4,6,-2,13,12,13,14,sil
14.888022184371948,-1,-5,-5,-20,-22,-9,-2,-1,1,-5,13,14,10,4,sil
14.904536247253418,-5,-14,-4,-37,-24,-13,3,3,5,-17,1,3,-3,-3,sil
14.918818950653076,-8,-13,-15,-36,-17,-15,1,0,-7,-38,-6,0,-12,-14,sil
14.918818950653076,0,8,1,-17,-7,-15,-16,-6,-28,-41,0,3,-11,-22,sil
14.93596076965332,0,20,3,5,-1,-11,-21,-4,-30,-23,4,0,-9,-20,sil
14.93596076965332,-8,6,0,5,0,-7,-17,-2,-24,-10,6,-3,-7,-13,sil
14.93596076965332,-2,1,4,3,-4,-3,-19,-1,-24,-11,7,-3,-6,-6,sil
14.94953465461731,6,10,4,25,1,4,-11,0,-16,-6,7,-2,-7,0,sil
14.968584060668944,10,14,17,42,17,18,2,9,3,16,0,0,-8,7,sil
14.968584060668944,11,8,11,36,20,20,4,5,12,29,-6,-1,-3,17,sil
14.968584060668944,8,0,0,26,11,10,1,-2,5,18,-12,-6,3,21,sil
14.982604026794434,5,-5,-7,7,4,9,9,1,2,3,-20,-7,0,15,sil
14.982604026794434,1,-16,-17,-18,-2,6,10,1,-2,-3,-25,-12,-7,5,sil
14.99772882461548,-14,-17,-6,-32,-13,-6,-8,-4,-14,-13,-25,-18,-12,-10,sil
15.014809131622314,-25,-14,-7,-30,-10,-9,-10,-4,-1,-11,-21,-14,-10,-24,sil
15.014809131622314,-7,-10,-12,-24,0,-1,8,0,21,5,-9,0,2,-10,sil
15.014809131622314,7,-3,-4,-22,0,-3,3,5,21,7,9,11,19,3,sil
15.02899408340454,-3,-1,-7,-28,-6,-13,-16,0,6,-2,17,10,22,0,sil
15.02899408340454,-15,0,-2,-26,0,-9,-12,-4,-1,-5,10,5,5,-13,sil
15.045559406280518,-7,4,0,-8,6,-4,2,1,0,2,12,2,-2,-21,sil
15.062036037445068,4,10,5,1,7,-7,-4,9,4,6,26,8,7,-13,sil
15.062036037445068,8,19,19,10,13,0,-2,5,1,1,27,15,7,0,sil
15.062036037445068,1,15,6,31,20,15,18,-7,-3,3,8,0,-9,5,sil
15.07557463645935,0,2,6,42,18,23,25,-6,4,16,-1,-14,-11,10,sil
15.091544151306152,7,1,9,37,12,27,24,0,18,28,3,-1,8,18,sil
15.091544151306152,7,-5,0,21,0,16,24,-2,10,23,0,0,10,20,sil
15.105706691741943,-2,-17,-2,-3,-14,-4,11,-5,-4,7,-19,-14,-1,12,sil
15.105706691741943,-3,-18,-14,-14,-20,-11,4,-1,-1,-5,-27,-15,-2,7,sil
15.120864391326904,0,-10,-4,-17,-21,-5,8,2,11,-11,-22,-6,0,8,sil
15.120864391326904,0,-9,-1,-24,-23,-5,-5,3,15,-7,-15,-4,0,6,sil
15.13690733909607,0,-10,-8,-20,-15,-16,-30,0,3,-1,-7,1,2,0,sil
15.13690733909607,5,2,1,-10,-5,-17,-29,-1,-15,-8,-3,10,0,-3,sil
15.152733087539673,13,16,0,-5,-5,-10,-12,-1,-17,-18,0,10,-4,-4,sil
15.152733087539673,14,16,1,2,1,-4,-13,-3,-2,-13,16,19,4,-4,sil
15.167571306228638,10,10,6,6,10,-1,-14,-1,0,-3,24,30,8,-4,sil
15.167571306228638,4,7,-2,1,7,-4,-8,3,-10,-6,17,20,-2,-14,sil
15.182704448699951,-3,7,-2,1,4,-2,-9,7,-14,-13,17,6,-10,-22,sil
15.182704448699951,-8,9,-2,7,11,-2,-10,5,-6,-13,22,3,-1,-14,sil
15.198611497879028,-3,18,7,12,15,-1,-7,0,-2,-8,16,1,1,-5,sil
15.198611497879028,-7,13,7,11,12,6,-6,3,-10,-4,7,-7,-6,-8,sil
15.214268684387209,-16,-4,-5,6,3,13,2,2,-21,-6,-3,-19,-16,-7,sil
15.214268684387209,-10,-9,7,12,0,19,18,-5,-28,-7,-17,-19,-12,3,sil
15.230143308639526,-1,-7,10,21,3,21,25,-8,-21,5,-12,-7,0,15,sil
15.230143308639526,-3,-13,4,13,2,14,24,-3,-6,15,-2,-5,6,18,sil
15.246022462844849,-7,-15,0,0,-8,10,28,2,1,6,-20,-22,-4,2,sil
15.246022462844849,-7,-16,-11,-2,-15,0,21,0,1,-2,-45,-32,-17,-10,sil
15.260942459106444,-4,-13,-5,-10,-12,-14,3,-4,8,6,-33,-14,-8,0,sil
15.260942459106444,3,-8,-5,-13,-5,-9,2,-4,24,23,1,0,14,17,sil
15.276777029037476,4,-11,-4,-12,0,3,11,0,37,29,7,-2,20,22,sil
15.276777029037476,1,-7,1,-11,2,6,7,7,42,25,-3,0,9,17,sil
15.29194450378418,9,7,0,-8,6,-2,-5,7,43,19,3,13,9,13,sil
15.29194450378418,20,9,8,-8,1,-9,-19,0,39,13,18,20,19,7,sil
15.307992935180664,10,-3,-4,-14,-7,-8,-24,-4,32,17,21,18,21,-1,sil
15.307992935180664,-5,-3,-12,-18,-7,-5,-23,-3,13,7,13,9,4,-15,sil
15.323983430862429,0,7,-1,-11,-2,-6,-21,-1,-11,-22,3,9,-9,-20,sil
15.323983430862429,13,12,-4,0,0,-11,-13,-2,-16,-26,9,15,-1,-12,sil
15.339558839797974,1,12,0,-4,1,-12,-10,0,-15,-21,11,7,-2,-16,sil
15.339558839797974,-17,9,-3,-11,-3,-13,-21,3,-31,-36,-1,-7,-21,-26,sil
15.355222940444946,-5,13,1,8,0,-10,-18,6,-36,-34,0,2,-11,-7,sil
15.355222940444946,20,27,21,35,17,4,4,12,-17,-4,20,26,12,17,sil
15.370736598968506,13,20,6,30,18,7,15,6,-11,7,23,20,11,14,sil
15.370736598968506,-3,1,5,9,0,0,8,-5,-28,-3,9,2,1,6,sil
15.385839939117432,2,-2,12,6,0,4,14,-5,-26,-9,-6,-4,0,10,sil
15.385839939117432,5,-7,1,4,3,13,20,-2,-12,-7,-27,-9,-12,6,sil
15.401909828186035,-9,-14,-3,-8,-8,11,9,-3,-12,-3,-29,-13,-22,-5,sil
15.401909828186035,-11,-10,-9,-2,-6,10,4,-5,-13,3,-14,-17,-13,-8,sil
15.417971134185793,-8,-8,-1,7,3,18,12,0,-2,2,-18,-23,-7,-5,sorry
15.417971134185793,-19,-15,-4,-1,0,23,17,4,10,1,-28,-30,-13,-8,sorry
15.433568954467772,-23,-12,-12,-10,0,18,20,0,18,16,-16,-30,-8,-4,sorry
15.433568954467772,-12,-8,-6,-9,2,11,16,-1,18,24,-5,-21,1,3,sorry
15.448606729507446,-11,-19,-17,-9,0,-2,3,-4,19,15,-5,-11,4,-4,sorry
15.448606729507446,-7,-17,-7,-2,-9,-13,-3,-3,21,11,1,-1,6,-4,sorry
15.46464991569519,3,0,10,5,-8,-6,0,2,25,22,18,7,15,17,sorry
15.46464991569519,9,3,4,0,-4,-6,-1,4,26,23,22,9,18,18,sorry
15.479895114898682,11,0,3,-1,-7,-17,-10,0,9,3,13,10,9,-1,sorry
15.479895114898682,12,7,-4,1,-5,-21,-18,-2,-5,-11,5,7,0,-6,sorry
15.495348453521729,14,11,2,-3,0,-16,-27,-2,-1,-13,5,12,1,-5,sorry
15.495348453521729,19,13,12,-3,0,-12,-23,3,4,-10,18,32,15,-2,sorry
15.510878562927246,26,14,6,5,1,-14,-12,5,-2,-7,29,40,17,14,sorry
15.510878562927246,24,11,18,1,2,-13,-12,2,-8,-16,17,31,5,20,sorry
15.526949882507324,13,8,12,1,0,-10,-9,-2,-8,-18,9,20,3,7,sorry
15.526949882507324,3,8,3,12,3,-2,0,-1,-10,0,12,11,2,9,sorry
15.543049812316896,-2,5,1,15,14,10,3,3,-6,13,11,3,-1,10,sorry
15.55798363685608,-18,0,-8,5,15,12,-1,-2,-9,4,3,0,-3,-6,sorry
15.55798363685608,-22,0,0,0,5,4,-13,-5,-20,-15,-7,-3,-11,-21,sorry
15.55798363685608,-5,3,0,8,0,3,-4,0,-15,-26,-18,-4,-20,-20,sorry
15.574592351913452,3,1,-1,7,-1,9,18,0,-7,-19,-24,-14,-15,-5,sorry
15.574592351913452,-6,-5,-4,-9,-1,17,18,0,-10,0,-28,-31,-11,0,sorry
15.590510129928589,-14,-12,-17,-10,0,19,14,3,0,12,-28,-36,-9,-10,sorry
15.590510129928589,-19,-14,-8,0,0,23,25,0,11,11,-30,-36,-11,-15,sorry
15.605533838272097,-25,-18,-11,-7,0,26,27,-6,6,9,-38,-44,-16,-9,sorry
15.621915102005005,-13,-14,-17,-20,-3,9,9,-7,4,2,-29,-32,-9,-2,sorry
15.621915102005005,6,-6,-5,-25,-14,-11,-4,1,13,-3,-1,2,11,7,sorry
15.621915102005005,13,-4,-2,-32,-17,-16,-1,5,24,-3,15,18,19,14,sorry
15.636937141418455,10,0,5,-30,-4,-8,0,3,21,-7,15,16,10,6,sorry
15.636937141418455,3,2,4,-18,2,-7,0,0,0,-7,14,15,0,-5,sorry
15.651967525482178,-9,0,1,-13,-2,-16,-7,-1,-15,9,24,17,0,-14,sorry
15.66899275779724,-14,3,9,2,5,-11,-11,7,-7,25,39,17,12,-14,sorry
15.66899275779724,0,16,7,45,22,0,-5,6,0,23,34,6,15,0,sorry
15.66899275779724,15,25,24,68,18,14,1,-1,3,14,14,4,4,18,sorry
15.683932781219482,21,13,19,51,6,18,8,0,23,19,11,19,13,30,sorry
15.683932781219482,22,-6,0,24,-1,5,8,5,27,17,4,18,22,34,sorry
15.700196027755736,7,-14,0,0,-13,-3,-2,0,-1,-7,-25,-3,-1,12,sorry
15.700196027755736,-13,-16,-13,-24,-17,-9,-13,-8,-17,-21,-38,-14,-19,-16,sorry
15.714853525161743,-14,-17,-16,-33,-4,-22,-17,-4,-9,-13,-11,-5,-11,-22,sorry
15.714853525161743,-9,-6,-7,-23,2,-29,-19,-2,-11,-9,10,-3,-4,-22,sorry
15.730943202972412,-13,2,-13,-16,-3,-28,-24,-10,-24,-23,4,-8,-12,-30,sorry
15.747026681900024,0,14,-3,-3,0,-20,-27,-3,-30,-41,0,0,-19,-15,sorry
15.747026681900024,21,31,13,24,9,-7,-12,5,-17,-30,22,21,-2,20,sorry
15.747026681900024,31,31,26,31,-2,4,11,4,5,5,40,39,16,40,sorry
15.762596845626833,34,19,25,25,-16,15,25,1,14,20,23,35,17,38,sorry
15.778777837753296,31,12,17,35,0,25,30,0,4,10,-3,12,12,32,sorry
15.778777837753296,5,2,6,28,18,29,22,0,-2,9,-14,-12,4,10,sorry
15.794978857040403,-28,-21,-24,-3,6,21,8,-4,0,17,-15,-33,-10,-24,sorry
15.794978857040403,-46,-34,-30,-26,0,8,1,-6,0,19,-24,-48,-17,-39,sorry
15.807693004608154,-44,-27,-19,-30,7,6,3,1,-2,10,-34,-47,-22,-30,sorry
15.807693004608154,-25,-16,-9,-24,8,9,3,5,1,-5,-35,-25,-22,-13,sorry
15.823683977127075,4,-9,7,-17,-1,14,13,3,13,-4,-19,3,0,4,sorry
15.823683977127075,15,-14,-2,-23,-17,10,23,0,22,5,-6,7,13,13,sorry
15.839766025543211,-1,-20,-7,-41,-27,0,5,-3,12,-5,-12,-4,5,2,sorry
15.839766025543211,-12,-9,-5,-37,-19,-10,-18,-1,-4,-16,-15,-2,4,-8,sorry
15.855260372161863,-1,9,-8,-14,-3,-21,-26,0,-7,-9,0,1,1,-11,sorry
15.855260372161863,0,15,4,-2,8,-16,-26,-1,-3,-6,10,1,-5,-13,sorry
15.871150255203249,-5,14,1,4,15,-5,-16,-3,-6,-4,19,8,5,-12,sorry
15.871150255203249,7,21,3,19,15,-9,-10,0,-6,0,26,21,12,-1,sorry
15.888554334640505,30,27,20,30,19,-14,-7,2,10,7,32,27,7,12,sorry
15.888554334640505,31,21,15,27,25,-8,4,4,28,15,43,25,18,19,sorry
15.90192174911499,14,10,15,21,12,2,19,13,25,15,43,22,25,14,sil
15.90192174911499,-1,0,0,16,-11,0,18,5,14,9,27,12,13,5,sil
15.917521715164185,-12,-8,-7,0,-28,-13,0,-9,-4,-2,6,-5,-3,-1,sil
15.91783595085144,-14,-6,-2,-8,-25,-13,-18,-8,-26,-18,-7,-15,-10,-4,sil
15.933580160140991,-10,-6,-13,0,-4,-2,-16,-2,-31,-10,-11,-5,-6,1,sil
15.933580160140991,-4,-4,2,6,16,8,-1,0,-18,6,-12,3,-5,8,sil
15.94870948791504,5,2,9,10,19,20,12,1,0,3,-22,-5,-15,3,sil
15.94870948791504,10,1,-3,15,7,22,19,-2,4,-3,-37,-19,-27,-2,sil
15.964273929595947,0,-9,-2,9,-3,19,21,0,1,0,-40,-25,-26,-4,sil
15.964273929595947,-13,-15,-7,0,-11,16,25,5,2,7,-26,-23,-13,-3,sil
15.980217456817629,-10,-13,0,0,-15,14,24,0,0,4,-15,-10,-4,5,sil
15.980217456817629,1,-6,1,4,-13,4,15,-3,-6,-4,-16,3,-1,9,sil
15.996723175048828,2,0,-9,-6,-8,-10,-3,-5,-11,-8,-16,2,0,-2,sil
15.996723175048828,-14,0,-5,-27,-2,-11,-26,-4,-20,-8,-10,-6,0,-13,sil
16.01274800300598,-21,-6,-9,-25,6,-9,-26,-1,-9,-6,6,-4,5,-5,sil
16.01274800300598,1,-3,-5,-15,11,-17,-16,3,20,6,32,12,22,5,sil
16.031036138534546,21,5,0,-19,5,-23,-22,1,27,13,36,18,27,0,sil
16.031036138534546,25,16,8,-8,3,-15,-21,0,18,5,28,18,24,0,sil
16.031036138534546,38,24,26,12,6,2,1,10,20,7,41,40,30,28,sil
16.043936491012573,41,15,14,3,-5,0,5,8,13,9,48,56,25,36,sil
16.059746026992798,14,0,7,-16,-20,-21,-18,-3,-14,-12,20,28,2,1,sil
16.059746026992798,-17,-1,0,-6,-13,-18,-22,-5,-34,-28,-4,-8,-14,-34,sil
16.074918270111084,-35,-1,-16,17,8,11,3,0,-27,-13,-8,-30,-25,-43,sil
16.074918270111084,-41,0,-8,28,28,29,21,1,-7,7,-11,-41,-27,-33,sil
16.096969842910767,-37,-2,-4,25,30,22,17,-2,0,9,-16,-47,-22,-21,sil
16.096969842910767,-31,-11,-8,13,17,14,7,-9,-10,-11,-31,-44,-27,-13,sil
16.096969842910767,-14,-10,-6,6,6,12,8,-3,-1,-12,-35,-25,-22,1,sil
16.1072096824646,19,0,8,5,1,12,17,5,25,19,-12,5,8,32,sil
16.12276816368103,32,0,19,0,-11,20,25,6,27,32,-2,17,24,45,sil
16.12276816368103,13,-7,-3,-7,-21,13,26,2,11,15,-15,1,15,26,sil
16.13800072669983,9,-13,-8,-16,-15,-6,11,0,5,3,-10,4,10,10,sil
16.13800072669983,14,-11,-3,-26,-8,-17,-5,1,1,-1,0,19,10,5,sil
16.15402603149414,-1,-10,-19,-33,-10,-21,-13,-5,-3,-11,-10,1,2,-3,sil
16.15402603149414,-17,-7,-11,-31,-13,-22,-21,-5,0,-8,-16,-16,-5,-11,sil
16.16961979866028,-2,1,-1,-11,-10,-17,-19,1,11,0,6,0,-4,-9,sil
16.16961979866028,17,15,4,3,-4,-9,-9,0,12,-7,24,19,0,-4,sil
16.185709238052368,18,24,15,1,-4,-2,-8,0,0,-14,27,32,4,-3,sil
16.185709238052368,3,19,11,12,0,-2,-12,1,-15,-2,33,35,7,-2,sil
16.20104479789734,-9,16,14,33,6,-10,-18,0,-30,-7,21,20,-2,-9,sil
16.20104479789734,-16,13,2,36,12,-8,-22,-7,-35,-26,-1,-4,-18,-22,sil
16.21661949157715,-14,10,-1,35,20,12,-5,-1,-22,-14,-6,-16,-20,-13,sil
16.21661949157715,-3,5,5,37,25,28,19,7,0,19,-1,-13,-4,7,sil
16.23176670074463,3,-9,0,20,12,10,27,3,17,33,-3,-5,11,17,sil
16.23176670074463,10,-16,3,-2,-3,0,29,1,30,30,-4,3,15,21,sil
16.246827363967896,17,-13,-2,-12,-6,9,32,7,38,27,-5,1,14,21,sil
16.246827363967896,19,-14,-7,-24,-5,0,11,4,26,11,-7,1,10,11,sil
16.262131929397583,16,-12,2,-35,-5,-10,-9,0,2,-7,5,12,8,5,sil
16.262131929397583,3,-2,-5,-27,0,-1,-4,-3,-8,-8,17,5,6,-2,sil
16.277793407440186,-15,2,-9,-14,1,0,-13,-7,-24,-17,0,-22,-9,-28,sil
16.277793407440186,-23,5,-11,-5,2,-6,-28,-7,-39,-36,-14,-33,-25,-39,sil
16.29287600517273,-15,3,-6,3,6,0,-9,-2,-22,-23,-2,-22,-10,-7,sil
16.29287600517273,-11,3,6,12,7,10,9,3,4,3,9,-9,9,17,sil
16.308993577957153,-16,-3,0,14,0,9,0,3,5,6,3,-4,2,8,sil
16.308993577957153,-13,-13,1,0,-8,14,2,4,0,8,-12,-10,-9,0,sil
16.325000524520874,0,-10,3,-13,-8,14,21,4,13,20,-24,-10,-7,6,sil
16.325000524520874,7,-4,-1,-18,-16,-6,5,-5,14,5,-23,5,-2,5,sil
16.34017825126648,9,-4,4,-20,-23,-20,-21,-7,0,-9,-10,16,0,0,sil
16.34017825126648,8,-3,-9,-23,-11,-15,-13,0,-2,0,6,14,9,0,sil
16.355323791503906,6,3,-4,-23,0,-19,-8,-2,-3,-8,16,17,10,-2,sil
16.370888710021973,11,15,9,0,-2,-17,-19,-4,-12,-23,18,20,2,-8,sil
16.370888710021973,17,23,9,26,0,-3,-11,-1,-17,-18,14,13,-2,-4,sil
16.370888710021973,5,21,11,32,13,4,3,0,-13,-15,2,7,-8,0,sil
16.386600017547607,-7,6,4,33,20,9,9,4,1,-3,-6,-2,-10,0,sil
16.386600017547607,-13,-2,1,32,16,18,6,6,12,16,-17,-17,-12,-6,sil
16.40225100517273,-20,-10,-5,15,6,20,3,0,7,23,-24,-26,-16,-8,sil
16.40225100517273,-11,-12,-13,8,7,10,16,-3,14,32,-10,-18,-3,4,sil
16.41689920425415,10,-1,7,11,11,6,31,5,38,42,10,3,26,16,sil
16.433265209197998,14,-2,0,0,0,0,25,9,47,28,19,17,40,17,sil
16.433265209197998,13,-3,-7,-16,-7,-9,10,1,29,7,22,29,28,20,sil
16.433265209197998,21,10,7,-13,-2,-11,4,-1,3,0,25,32,19,19,sil
16.44757628440857,18,15,5,0,-5,-12,-9,-2,-15,-15,18,14,7,0,sil
16.46460771560669,10,8,5,0,-9,-13,-23,0,-27,-27,7,0,-12,-13,sil
16.46460771560669,7,8,1,-7,-4,-12,-14,0,-25,-18,8,1,-15,-10,sil
16.46460771560669,-3,5,-4,-10,-4,-10,-10,-1,-17,-17,4,-7,-15,-7,sil
16.47979497909546,-19,-6,-2,-13,-8,0,-16,2,-16,-25,-13,-19,-29,-16,sil
16.47979497909546,-23,-20,-6,-10,-2,9,-5,3,-16,-16,-25,-24,-27,-19,sil
16.497016191482544,-20,-24,-2,-6,0,11,0,-2,-18,-4,-18,-20,-12,-9,sil
16.497016191482544,-12,-17,-7,-7,-3,13,-2,-7,-17,1,-13,-12,-4,1,sil
16.50968360900879,0,-5,-3,0,-1,17,5,-4,-8,6,-18,-6,1,10,sil
16.52483034133911,0,-1,3,9,0,12,10,1,3,6,-18,-8,6,10,sil
16.52483034133911,-11,-11,-12,-6,-5,-1,5,0,16,10,-12,-14,5,7,sil
16.54002547264099,-9,-13,-5,-26,0,-3,6,-2,30,24,-5,-8,8,8,sil
16.54002547264099,0,-2,-5,-18,1,1,6,0,32,23,3,2,18,4,sil
16.55565309524536,-1,4,-10,-9,-4,-9,-9,1,2,-8,4,7,10,-11,sil
16.55565309524536,-4,10,2,-11,0,-15,-18,0,-31,-32,0,10,-6,-24,sil
16.571731328964233,-2,18,3,1,11,-9,-17,-5,-29,-20,13,14,-5,-18,sil
16.571731328964233,6,25,16,22,9,-7,-17,0,-10,-2,31,20,6,-6,sil
16.587857961654663,14,28,18,30,10,-4,-5,6,-5,1,23,15,2,-3,sil
16.587857961654663,7,14,2,24,13,3,8,2,-5,0,8,-3,-10,-4,sil
16.60332703590393,-1,0,4,19,7,10,14,2,0,4,2,-16,-8,2,sil
16.60332703590393,5,0,6,28,6,13,23,9,14,16,0,-5,2,18,sil
16.61903405189514,17,3,14,30,10,14,29,3,28,23,-4,8,7,29,sil
16.61903405189514,16,0,15,19,4,11,22,-6,28,17,0,7,6,30,sil
16.634541034698486,11,-5,3,2,-4,6,13,-1,22,16,1,7,11,27,sil
16.634541034698486,11,-4,0,-10,-10,2,4,7,26,18,0,15,16,22,sil
16.650005340576172,9,-9,-7,-11,-16,-5,-1,1,24,5,-4,8,11,11,sil
16.650005340576172,0,-13,-3,-15,-20,-12,-5,-4,5,-12,-7,0,0,-5,sil
16.665162324905396,-5,-13,-13,-31,-16,-13,-11,-3,-3,-16,-5,4,-2,-21,sil
16.665162324905396,-3,-11,-19,-35,-8,-19,-23,-4,-6,-18,0,5,-4,-22,sil
16.681209087371826,-3,0,1,-21,-3,-16,-26,-1,-22,-30,0,0,-14,-21,sil
16.681209087371826,-8,10,-9,-6,-1,-9,-18,2,-32,-29,3,-2,-18,-18,sil
16.696760654449463,-12,6,-14,-1,-3,-7,-16,0,-27,-15,3,-9,-10,-13,sil
16.696760654449463,-12,2,0,0,-1,-5,-16,-5,-26,-12,-2,-19,-7,-16,sil
16.71226215362549,-10,0,-3,0,6,4,0,-3,-25,-9,-3,-14,-9,-10,sil
16.71226215362549,-9,-2,4,4,10,18,15,2,-11,7,1,-2,-4,6,sil
16.727811813354492,-10,-6,7,8,5,19,14,1,6,19,-3,-5,0,4,sil
16.727811813354492,-7,-6,3,7,4,11,10,-3,4,12,-24,-15,-8,-7,sil
16.743064641952515,-6,-7,-2,1,5,11,15,-3,1,13,-28,-16,-10,-3,sil
16.743188858032227,-12,-14,-9,-6,-2,12,16,0,11,18,-13,-16,-1,3,sil
16.759116172790527,-9,-11,0,-7,-8,6,10,0,11,5,-10,-15,1,5,sil
16.759116172790527,0,-3,-4,-1,-2,0,7,0,7,0,-10,-2,12,16,sil
16.77401638031006,5,0,-4,-6,0,-8,1,3,19,11,6,14,29,23,sil
16.77401638031006,17,8,11,-5,-2,-9,-10,5,24,11,30,24,31,13,sil
16.789587020874023,23,17,9,8,7,-4,-14,3,8,-3,37,26,14,2,sil
16.789587020874023,13,23,13,18,19,-1,-12,4,-7,-6,29,21,-1,-2,sil
16.805625200271606,12,23,7,31,20,0,-10,4,-8,4,26,12,-1,-5,sil
16.805625200271606,17,14,4,43,18,3,0,1,0,11,19,4,0,-2,sil
16.82052755355835,2,0,4,27,16,15,20,3,2,10,-2,-1,-5,1,sil
16.82052755355835,-3,-9,-2,1,7,17,27,0,6,17,-12,-2,0,10,sil
16.835941314697266,8,-6,4,-12,-8,1,12,-3,10,17,-6,2,6,14,sil
16.851962327957153,3,-9,-5,-24,-23,-15,0,-4,5,-9,-10,3,0,1,sil
16.851962327957153,-11,-14,-15,-39,-28,-23,-15,-9,-8,-40,-19,0,-11,-14,sil
16.851962327957153,-5,-6,-4,-38,-21,-21,-28,-7,-16,-36,-6,1,-4,-18,sil
16.867863416671753,5,3,-4,-20,-7,-17,-17,1,-10,-18,16,7,2,-7,sil
16.867863416671753,1,9,4,-7,-4,-13,-6,1,-13,-24,15,7,-6,-3,sil
16.883155584335327,-9,6,1,0,-11,-5,-12,-4,-20,-28,-2,-1,-20,-14,sil
16.883155584335327,-9,1,-3,17,-8,5,-9,-1,-20,-17,-14,-12,-18,-11,sil
16.89902114868164,-4,4,8,26,8,19,1,5,-13,-2,-20,-15,-10,1,sil
16.89902114868164,-8,0,0,23,20,25,13,3,-1,14,-23,-21,-8,4,sil
16.914525985717773,-12,-6,0,25,17,24,23,0,9,32,-17,-23,-9,5,sil
16.914525985717773,-4,-3,-1,21,7,17,25,1,14,33,-13,-16,-7,7,sil
16.929755210876465,0,-6,-7,0,-2,7,13,0,17,23,-15,-8,-3,4,sil
16.929755210876465,0,-11,2,-13,-7,-2,4,1,18,15,-9,0,8,11,sil
16.945809841156006,9,-3,-1,-8,-7,-11,0,4,15,11,6,9,24,21,sil
16.945809841156006,19,4,2,-6,0,-8,-1,0,14,7,21,19,22,10,sil
16.96193027496338,9,0,2,-7,5,0,-4,-4,22,5,23,19,16,-2,sil
16.96193027496338,-7,-5,-15,-15,0,-11,-12,-2,16,-1,18,6,19,-4,sil
16.976998329162598,-11,-2,-7,-27,-7,-23,-23,0,-4,-10,20,6,13,-8,sil
16.99270224571228,-3,0,-2,-24,0,-15,-18,0,-11,-9,20,11,3,-12,sil
16.99270224571228,-1,-3,-5,-35,0,-7,-5,-2,-8,-11,0,0,-5,-14,sil
16.99270224571228,-3,-7,-3,-40,-8,-8,-6,0,-18,-26,-13,-11,-14,-21,sil
17.007940769195557,0,0,5,0,-4,-7,-8,4,-22,-18,3,1,-9,-13,sil
17.007940769195557,2,10,13,34,8,8,8,2,-6,6,13,16,4,8,sil
17.023587465286255,-1,8,-2,23,14,16,15,-1,0,12,4,10,6,15,sil
17.023587465286255,0,9,8,24,6,5,0,0,-9,4,4,2,0,11,sil
17.03978133201599,14,20,27,51,1,4,-2,2,-8,8,5,0,-3,14,sil
17.055264711380005,12,12,3,53,13,20,15,-3,-4,1,-18,-15,-10,6,sil
17.055264711380005,-11,-8,-6,24,20,31,19,-3,-13,-11,-40,-25,-24,-12,sil
17.055264711380005,-21,-17,-9,3,6,19,17,2,-6,0,-27,-23,-17,-10,sil
17.071293115615845,-11,-16,-10,-1,-5,0,14,1,12,9,-7,-16,3,6,sil
17.071293115615845,-9,-13,-9,-11,-9,-6,3,-1,18,2,-3,-8,7,5,sil
17.086928606033325,-11,-14,-13,-28,-17,-11,-6,-4,12,-1,-1,-3,0,-5,sil
17.101625442504883,8,-4,7,-28,-18,-11,-7,-3,12,0,8,5,5,0,sil
17.101625442504883,34,9,13,-8,-3,0,0,1,27,14,28,25,25,16,sil
17.116703987121582,33,14,7,-1,4,0,0,4,28,23,34,32,25,18,sil
17.116703987121582,17,10,10,-6,0,-11,-7,5,13,10,18,24,11,3,sil
17.132821321487427,13,7,2,-6,-7,-16,-12,0,9,0,10,19,4,3,sil
17.132821321487427,11,12,5,-9,-8,-15,-17,-3,-3,-6,11,18,-6,0,sil
17.146963834762573,-5,14,-1,-11,0,-15,-24,-3,-33,-23,-2,1,-34,-23,sil
17.146963834762573,-15,6,-5,-7,0,-13,-23,0,-46,-34,-25,-18,-49,-30,sil
17.16273784637451,-10,0,1,-4,-5,-4,-14,0,-45,-42,-32,-24,-42,-15,sil
17.16273784637451,-13,-3,-10,2,0,0,-5,0,-42,-45,-26,-22,-44,-11,sil
17.177863359451294,-23,-5,-4,5,11,6,4,1,-21,-20,-11,-14,-38,-7,sil
17.177863359451294,-19,-5,-3,7,13,15,24,4,8,21,4,-4,35,9,sil
17.193585872650146,-3,0,-7,22,14,21,38,2,21,37,0,-3,110,23,sil
17.193585872650146,0,-1,5,29,13,17,23,2,15,24,-12,-7,74,17,sil
17.209701776504517,-9,-19,-4,6,0,4,5,0,10,16,-5,-12,0,7,sil
17.209701776504517,-7,-19,-3,-7,-5,11,14,0,18,24,0,-9,-9,11,sil
17.225247383117676,2,-2,3,0,1,26,28,3,32,27,-9,-1,4,11,sil
17.225247383117676,0,-9,-4,-6,-7,3,15,-1,34,12,-9,1,-7,1,sil
17.241036653518677,0,-15,-2,-22,-22,-22,-6,-4,25,4,12,10,-3,4,sil
17.241036653518677,16,3,-1,-10,-10,-13,-11,-2,18,10,31,24,17,9,sil
17.256777048110962,23,12,5,-2,0,-7,-17,0,14,4,26,24,14,-1,sil
17.256777048110962,12,0,2,-12,-5,-18,-25,2,6,-6,19,13,0,-8,sil
17.271777153015137,4,0,-9,-11,0,-18,-26,-1,-7,-9,22,10,-6,-3,sil
17.271777153015137,4,15,1,-3,13,-2,-20,-3,-17,-8,20,9,-8,-11,sil
17.287909269332886,1,13,3,-3,11,5,-10,0,-22,-11,9,2,-14,-18,sil
17.287909269332886,-1,8,8,1,2,-1,-2,0,-32,-20,-3,0,-19,-14,sil
17.304018259048462,1,14,13,20,5,-5,1,-1,-32,-23,-9,-1,-19,-11,sil
17.304018259048462,-1,6,4,19,2,0,3,0,-18,-11,-7,-8,-15,-11,sil
17.32006335258484,-12,-7,4,-2,-9,10,0,1,-17,-10,-12,-15,-19,-14,sil
17.32006335258484,-7,1,0,2,-3,5,0,-2,-21,-13,-17,-12,-22,-5,sil
17.335577487945557,2,14,0,28,9,1,6,0,-8,-1,-17,-1,-13,10,sil
17.335577487945557,-4,1,0,25,2,10,12,5,5,12,-15,-2,1,13,sil
17.350635528564453,-14,-15,-7,3,-7,4,6,-1,7,17,-9,-14,8,9,sil
17.350635528564453,-18,-17,-7,-10,-7,-3,0,1,5,13,-17,-23,0,7,sil
17.36577343940735,-19,-19,-18,-17,-2,5,10,6,10,8,-33,-23,-2,1,sorry
17.36577343940735,-7,-17,-7,-15,2,14,15,-2,16,4,-22,-9,4,0,sorry
17.38099479675293,0,-5,5,-9,3,5,6,-6,16,1,-4,1,9,2,sorry
17.38099479675293,0,-3,-3,-12,0,-3,4,0,16,-2,2,1,13,3,sorry
17.396846771240234,13,0,10,-9,3,0,5,0,11,0,22,11,25,9,sorry
17.396846771240234,27,9,11,5,6,3,4,-4,8,9,33,25,28,19,sorry
17.412912845611572,21,12,3,9,10,0,3,0,12,14,18,22,18,20,sorry
17.412912845611572,18,13,8,3,8,-6,-8,5,16,10,14,19,12,10,sorry
17.428277254104614,18,9,-1,2,-5,-9,-20,0,8,2,23,22,9,1,sorry
17.428277254104614,15,3,4,1,-15,-9,-19,0,-5,-7,23,26,5,2,sorry
17.443906545639038,15,10,3,7,-6,-12,-12,3,-8,-13,26,24,8,9,sorry
17.443906545639038,15,19,0,13,0,-16,-9,0,-4,-8,30,16,10,4,sorry
17.45895791053772,0,7,3,-2,-6,-11,-8,-2,-7,-9,7,0,-6,-14,sorry
17.45895791053772,-27,-14,-12,-23,-17,-14,-19,-2,-23,-27,-23,-22,-29,-30,sorry
17.474986791610718,-34,-11,-8,-18,-13,-16,-28,0,-37,-36,-26,-31,-33,-33,sorry
17.474986791610718,-9,5,5,12,0,0,-9,0,-25,-14,-9,-18,-16,-21,sorry
17.490548133850098,6,8,7,33,7,17,11,0,-8,6,-12,-10,-6,-7,sorry
17.490548133850098,-8,0,5,18,8,24,22,7,-4,9,-27,-18,-11,-9,sorry
17.50592350959778,-23,-14,-11,-6,9,28,39,9,4,7,-32,-28,-19,-10,sorry
17.50592350959778,-18,-21,-11,-15,7,29,45,1,15,10,-29,-28,-16,2,sorry
17.521795749664307,-10,-11,-8,-2,11,30,37,-4,20,28,-10,-13,2,13,sorry
17.521795749664307,-12,-5,-11,0,13,28,34,-3,31,44,1,-6,11,17,sorry
17.537906885147095,-16,-13,-7,-18,0,11,21,3,36,34,-5,-10,0,12,sorry
17.537906885147095,-5,-16,-11,-22,-10,-12,-3,0,23,16,-1,-1,5,2,sorry
17.554624557495117,6,-7,0,-5,-8,-25,-22,-8,9,9,14,15,23,3,sorry
17.554624557495117,6,-6,1,-7,-8,-24,-27,-2,6,3,12,20,21,10,sorry
17.569615840911865,8,-6,-5,-22,-7,-25,-29,-2,0,-7,6,16,10,5,sorry
17.569615840911865,11,3,7,-19,-1,-26,-31,-5,-13,-16,14,17,2,-5,sorry
17.584824562072754,4,9,4,-4,-4,-19,-29,0,-20,-19,22,18,-1,-10,sorry
17.584824562072754,12,17,12,6,-4,-8,-19,3,-12,-20,19,25,1,0,sorry
17.600579738616943,35,30,26,14,4,-6,-11,1,-7,-17,18,34,10,14,sorry
17.600579738616943,34,26,12,19,8,-11,-20,0,-22,-19,9,22,-1,11,sorry
17.615651845932007,6,14,5,15,2,-2,-23,-1,-39,-35,-8,-5,-22,-7,sorry
17.615651845932007,-10,8,-1,7,1,5,-3,0,-28,-39,-10,-21,-20,-19,sorry
17.630799293518066,-7,5,4,11,3,4,14,5,-7,-23,0,-14,-6,-15,sorry
17.630799293518066,0,13,14,27,5,11,16,3,0,0,5,-5,0,0,sorry
17.647522687911987,1,13,4,33,7,16,19,-4,-1,13,3,-6,0,10,sorry
17.647522687911987,-4,-4,5,18,6,14,20,-1,-8,4,-12,-11,-8,0,sorry
17.66273331642151,-8,-12,-3,8,4,16,20,2,-1,0,-19,-16,-6,-4,sorry
17.663732290267944,-3,-6,-7,8,5,19,21,3,15,25,-6,-11,8,10,sorry
17.67762517929077,-1,-11,-6,10,4,13,17,3,20,36,-5,-6,14,12,sorry
17.67762517929077,-9,-21,-15,1,0,5,12,-2,8,19,-15,-12,3,-1,sorry
17.694092750549316,-13,-13,-6,-10,0,7,12,-1,2,15,-3,-5,0,-1,sorry
17.695093870162964,-6,-6,-8,-11,-4,4,9,2,18,22,12,11,9,8,sorry
17.708736896514893,0,-9,-9,-11,-9,-5,0,0,33,14,5,7,14,10,sorry
17.724766969680786,0,-14,-4,-21,-6,0,1,0,29,12,-7,-1,6,5,sorry
17.724766969680786,-6,-22,-17,-32,-7,-1,-1,0,17,16,-9,-3,0,0,sorry
17.724766969680786,-14,-19,-11,-38,-19,-11,-12,-2,3,-7,-10,-10,-6,-9,sorry
17.73988103866577,-11,-1,-5,-27,-13,-7,-15,-2,0,-19,-4,-10,-5,-16,sorry
17.73988103866577,4,10,-5,-10,1,-6,-14,-1,3,2,7,9,7,-4,sorry
17.756041049957275,17,12,6,-4,-1,-18,-18,0,1,12,22,27,16,11,sorry
17.7696533203125,16,11,7,-3,-9,-21,-20,0,-11,-4,22,18,10,7,sorry
17.7696533203125,1,7,4,-6,-4,-13,-21,-1,-18,-19,-1,1,-4,-14,sorry
17.784828901290894,-10,2,-5,-11,1,-7,-8,1,-10,-17,-16,-4,-15,-20,sorry
17.784828901290894,-5,3,-2,-3,4,2,11,2,0,-6,-1,2,-9,-4,sorry
17.79999279975891,8,14,22,8,6,11,9,4,0,0,15,15,4,6,sorry
17.79999279975891,17,21,19,19,10,-4,0,3,0,-4,17,16,5,7,sorry
17.81559181213379,18,18,15,26,10,-10,6,0,-6,-14,8,2,-8,4,sorry
17.81559181213379,5,6,4,17,7,3,2,-3,-25,-23,-3,-9,-17,-5,sorry
17.83153986930847,-11,-4,-5,5,11,4,-7,-3,-36,-25,-7,-13,-16,-13,sorry
17.83153986930847,-6,1,9,17,15,1,1,1,-14,-14,-4,-4,-7,-5,sorry
17.84698462486267,4,6,5,28,7,9,9,-1,3,-3,0,-1,-2,4,sorry
17.84698462486267,3,0,1,15,0,7,0,-5,-12,-8,1,-6,-6,4,sorry
17.862536907196045,4,-5,3,10,1,4,1,0,-13,0,3,0,0,7,sil
17.862536907196045,7,-6,-4,15,3,7,11,5,11,27,1,3,17,13,sil
17.87790822982788,-7,-13,-4,0,-2,9,4,2,9,22,-11,-15,6,0,sil
17.87790822982788,-26,-19,-16,-18,-8,9,-3,-2,-1,0,-18,-28,-14,-9,sil
17.893604516983032,-28,-17,-13,-19,-5,6,-2,-5,0,0,-12,-14,-11,-2,sil
17.893604516983032,-16,-9,-5,-12,0,4,0,-6,0,4,-9,-8,-1,-5,sil
17.9088134765625,0,-1,-4,-2,-5,2,-1,-5,3,0,-11,-12,-1,-9,sil
17.9088134765625,12,10,6,6,-11,3,0,1,16,8,-3,6,5,8,sil
17.924306631088257,14,11,2,12,-2,1,11,5,27,24,11,22,20,21,sil
17.924306631088257,2,-3,-1,1,0,-3,18,4,26,24,13,10,24,8,sil
17.939595460891724,-4,-12,-8,-17,-11,-7,7,4,13,9,-1,-1,11,-4,sil
17.939595460891724,3,-6,-16,-24,-16,-10,-1,0,6,6,-7,5,6,4,sil
17.95514750480652,10,0,3,-21,-12,-11,-3,-2,16,13,7,16,16,15,sil
17.95514750480652,2,0,4,-15,-6,-21,-12,0,21,5,18,12,18,5,sil
17.970582962036133,2,4,0,-3,0,-24,-20,-2,3,-13,14,11,3,-6,sil
17.970582962036133,7,12,8,0,2,-7,-17,-2,-13,-22,10,13,-9,-14,sil
17.986605167388916,0,9,0,-10,4,0,-15,-1,-21,-24,6,5,-16,-23,sil
17.986605167388916,0,10,0,-4,16,-3,-13,0,-30,-25,3,0,-16,-18,sil
18.002647638320923,10,18,8,26,22,3,2,4,-30,-16,3,3,-13,0,sil
18.002647638320923,16,20,15,42,18,15,19,9,-15,-3,1,0,-13,9,sil
18.0178496837616,8,11,12,30,15,26,27,11,1,11,-4,-5,-6,10,sil
18.03386378288269,-12,-10,-7,6,8,31,31,4,9,23,-17,-14,-3,8,sil
18.03386378288269,-25,-24,-4,-15,-5,21,26,-1,16,13,-26,-20,-10,3,sil
18.03386378288269,-8,-17,-6,-18,-9,1,13,-1,25,1,-10,-10,3,10,sil
18.04929041862488,6,-6,-4,-5,-6,-11,-4,0,20,2,0,2,20,18,sil
18.04929041862488,0,-5,4,-6,-14,-19,-29,-2,0,-3,-6,5,9,4,sil
18.064913749694824,2,-5,-4,-8,-18,-28,-37,-8,-14,-13,5,9,1,-12,sil
18.064913749694824,11,11,5,0,0,-20,-25,-8,-26,-12,27,19,4,-17,sil
18.08074760437012,0,19,1,10,18,0,-8,0,-33,-9,19,1,-7,-15,sil
18.08074760437012,-17,-1,-13,11,16,7,0,0,-25,-15,-7,-25,-24,-16,sil
18.105021953582764,-17,-15,-4,9,5,9,7,-3,-15,-15,-24,-26,-26,-16,sil
18.105021953582764,-10,-16,-6,0,-10,8,5,-1,-5,0,-20,-16,-19,-5,sil
18.105021953582764,-8,-13,-4,-13,-19,5,4,1,13,13,-12,-13,-7,9,sil
18.112040519714355,-5,-5,1,-18,-6,7,15,0,25,17,-6,-2,8,12,sil
18.12756371498108,0,-3,-4,-26,-3,-1,8,0,16,12,5,13,18,4,sil
18.128570556640625,1,0,-3,-28,-17,-18,-16,7,5,8,19,18,24,-3,sil
18.14311075210572,13,21,5,0,-4,-19,-15,5,10,11,30,23,31,0,sil
18.14311075210572,33,40,26,33,23,-1,3,1,14,9,33,29,30,13,sil
18.160052061080933,29,26,22,42,24,16,14,1,7,5,20,18,16,16,sil
18.160052061080933,0,0,0,28,11,16,14,2,-4,0,-1,-6,0,3,sil
18.17476511001587,-20,-13,-5,6,3,9,8,4,-13,-8,-18,-22,-11,-4,sil
18.17476511001587,-22,-20,-18,-7,-6,8,6,0,-7,-10,-30,-33,-18,-3,sil
18.19089984893799,-15,-21,-12,-8,-11,8,6,-4,7,-1,-35,-30,-14,0,sil
18.19089984893799,0,-7,2,-2,-8,6,0,-2,17,8,-18,-7,0,2,sil
18.206880569458008,10,3,3,-3,-7,-5,-5,-4,10,6,0,5,2,4,sil
18.206880569458008,9,2,9,-15,-6,-16,-5,-7,-5,-5,0,6,-4,0,sil
18.221980094909668,8,-3,-5,-15,-2,-19,-8,-1,-10,-6,5,12,-5,-3,sil
18.221980094909668,5,-1,-9,-14,-1,-22,-20,0,-4,-6,18,25,-4,-6,sil
18.23802661895752,-1,4,0,-19,-2,-18,-23,0,-5,-21,15,24,-14,-7,sil
18.23802661895752,3,11,2,0,3,-1,-9,-2,-4,-21,12,17,-14,-2,sil
18.253674030303955,14,22,15,31,20,15,4,2,3,1,22,20,6,10,sil
18.253674030303955,4,16,8,27,23,14,11,4,5,15,16,8,22,17,sil
18.26921820640564,-13,-6,-1,11,6,9,12,-1,-8,6,-10,-17,2,0,sil
18.26921820640564,-18,-14,-4,2,-5,14,11,-1,-20,1,-25,-27,-21,-17,sil
18.28516960144043,-14,-12,-15,-7,-4,12,15,2,-7,8,-16,-21,-12,-7,sil
18.28516960144043,-8,-8,-5,-7,-2,12,14,3,8,14,-14,-15,2,10,sil
18.301893949508667,-1,-8,-2,-1,-1,10,8,0,15,17,-14,-9,3,13,sil
18.301893949508667,-6,-10,-9,-13,-5,-3,4,0,20,16,-5,-6,6,3,sil
18.31563425064087,-8,-6,1,-19,-17,-13,-2,1,16,7,0,-4,11,-9,sil
18.33208465576172,6,0,2,-6,-12,-11,-10,-2,4,-1,0,-2,8,-8,sil
18.33208465576172,21,6,6,-2,3,-9,-11,-2,0,-7,7,6,4,2,sil
18.33208465576172,16,8,0,-7,0,-8,-13,0,-7,-16,10,13,6,0,sil
18.347979068756104,14,6,1,-8,-8,-16,-19,-1,-15,-16,19,19,17,-5,sil
18.348620176315308,22,12,12,0,0,-20,-14,1,-8,-4,39,29,23,8,sil
18.363893508911133,13,16,2,8,12,-11,-5,0,-12,-6,28,20,3,4,sil
18.363893508911133,-8,10,4,11,2,5,-9,-2,-31,-24,-5,0,-23,-14,sil
18.379528045654297,-17,1,2,14,1,10,-4,5,-21,-24,-17,-16,-28,-11,sil
18.379528045654297,-18,-8,-5,14,9,9,4,5,-2,-8,-20,-26,-30,-6,sil
18.39468050003052,-23,-10,0,9,4,23,8,3,1,2,-23,-24,-32,-12,sil
18.40929079055786,-16,-2,1,16,2,30,18,1,15,12,-10,-6,-15,0,sil
18.40929079055786,-5,-3,2,23,13,15,21,0,23,18,-6,-5,0,13,sil
18.42516231536865,-16,-18,-11,3,5,4,12,-1,10,15,-15,-20,4,-4,sil
18.42516231536865,-20,-22,-24,-22,-16,1,5,-3,8,7,-11,-12,8,-8,sil
18.44058132171631,3,-7,-2,-18,-18,-2,0,-3,17,7,-2,8,15,10,sil
18.44058132171631,22,0,6,0,0,-11,-1,-4,18,13,0,12,25,18,sil
18.4568099975586,20,3,8,-6,2,-17,0,-5,17,13,11,17,29,15,sil
18.4568099975586,22,9,7,-13,-9,-15,-3,-3,12,7,28,32,25,17,sil
18.4568099975586,24,12,0,-2,-12,-11,-11,0,-5,0,30,25,16,8,sil
18.47387099266052,13,14,4,-6,-1,-11,-12,3,-20,-8,7,2,0,-7,sil
18.47387099266052,3,12,0,-15,4,-13,-9,0,-15,-12,-8,-4,-11,-11,sil
18.48997926712036,0,10,0,-3,5,-11,-7,0,-11,-9,-2,0,-8,-8,sil
18.48997926712036,0,11,0,7,11,0,1,1,-15,0,9,0,-5,-7,sil
18.50534701347351,-5,8,-3,5,13,9,11,0,-14,2,6,-5,-6,-2,sil
18.50534701347351,-13,1,5,3,4,13,5,-1,-15,-13,-8,-7,-14,0,sil
18.52007985115052,-9,-2,0,11,3,13,3,2,-11,-19,-16,-6,-20,0,sil
18.52007985115052,-1,-1,3,13,13,21,11,8,10,2,-5,0,-7,6,sil
18.53473162651062,-8,-9,5,3,7,20,12,8,23,20,-1,-3,5,9,sil
18.549909353256226,-15,-22,-13,-1,-7,8,11,0,13,23,-19,-18,-1,0,sil
18.549909353256226,-4,-18,-4,0,-8,11,17,-1,15,18,-17,-12,-5,0,sil
18.5656316280365,-3,-15,-4,-13,-9,3,10,1,21,6,3,0,0,3,sil
18.5656316280365,-11,-22,-11,-25,-20,-17,-5,-2,7,0,0,-2,2,3,sil
18.58091950416565,-1,-17,-2,-15,-19,-14,-5,-4,5,1,-10,-1,5,6,sil
18.58091950416565,6,-1,0,-3,-9,-8,-13,-3,9,-8,3,4,4,0,sil
18.59606623649597,1,12,4,-2,-8,-22,-37,-4,-17,-34,12,7,-3,-18,sil
18.59606623649597,1,13,-6,-2,-14,-27,-37,-3,-38,-42,4,5,-8,-22,sil
18.61167073249817,4,11,-4,0,-9,-17,-22,-1,-30,-37,5,1,-12,-15,sil
18.61167073249817,3,15,15,7,10,-6,-18,2,-21,-20,13,1,-8,-16,sil
18.62677335739136,10,17,9,21,23,2,-13,1,-12,6,18,8,7,-9,sil
18.62677335739136,17,13,11,19,15,10,-1,-2,-9,10,11,7,8,5,sil
18.64258360862732,8,10,5,14,11,12,6,0,-11,-1,-2,-3,0,2,sil
18.64258360862732,-5,9,0,21,14,12,9,4,0,5,-6,-5,1,0,sil
18.65776228904724,-7,6,8,20,12,19,19,6,22,25,3,6,6,14,sil
18.65776228904724,1,-2,0,9,11,24,33,3,36,38,6,8,11,24,sil
18.67306637763977,6,-5,1,4,15,23,34,5,35,40,0,3,12,22,sil
18.67306637763977,0,0,0,6,14,18,26,0,26,29,-3,0,7,19,sil
18.688650608062744,-4,-11,-9,-7,1,11,26,-4,14,14,-15,-9,0,9,sil
18.688650608062744,-9,-25,-7,-25,-12,3,20,-2,5,5,-26,-21,-4,0,sil
18.70380139350891,-13,-18,-12,-18,-16,-8,5,-3,2,0,-22,-22,0,-4,sil
18.70380139350891,-4,-7,-1,-17,-15,-16,-3,-3,7,0,-10,-5,7,1,sil
18.71899700164795,4,-8,-4,-30,-16,-12,-1,2,11,1,1,7,9,6,sil
18.71899700164795,-6,-10,-17,-28,-15,-19,-12,0,-1,-21,-4,-6,-3,-12,sil
18.73456573486328,-12,0,-2,-18,-14,-31,-30,-6,-21,-48,-15,-12,-17,-33,sil
18.73456573486328,11,7,5,-6,-8,-22,-28,0,-22,-30,11,17,-3,-13,sil
18.749669313430783,30,14,13,7,0,-9,-25,3,-25,-9,39,40,12,8,sil
18.75067019462585,22,22,14,8,0,-12,-29,-3,-30,-13,32,27,9,0,sil
18.765129327774048,14,20,2,9,1,-12,-14,-7,-16,-3,27,20,6,0,sil
18.78223752975464,12,18,12,20,8,2,-4,1,0,13,27,23,3,5,sil
18.78223752975464,-6,11,4,18,10,8,-10,7,0,2,7,-1,-12,-12,sil
18.78223752975464,-29,0,-9,5,6,0,-7,3,-1,-11,-14,-24,-23,-25,sil
18.79855418205261,-23,-7,-8,9,7,4,5,1,0,-1,-12,-14,-17,-3,sil
18.79855418205261,-1,-2,-3,20,11,14,13,0,-1,9,-2,-3,-3,12,sil
18.812635898590088,1,0,4,19,6,17,18,1,-10,1,-9,-7,0,8,sil
18.812635898590088,-10,-10,-4,11,0,10,19,0,-20,-5,-25,-17,-11,3,sil
18.82780385017395,-14,-15,-2,4,0,10,12,-2,-18,0,-25,-19,-21,5,sil
18.82780385017395,-10,-9,-1,-2,1,19,11,-2,-1,10,-16,-15,-8,1,sil
18.844061136245728,-12,-10,-15,-13,-8,14,14,-1,14,10,-14,-18,4,-2,sil
18.85873532295227,-4,-8,0,-12,-10,8,15,1,26,11,-19,-18,3,2,sil
18.859736680984497,8,-6,3,-8,0,11,16,1,38,19,-11,-3,14,13,sil
18.873777389526367,5,-9,-2,-22,1,10,14,1,41,19,3,2,25,14,sil
18.873777389526367,0,-4,-1,-25,0,0,8,3,37,8,0,-1,13,1,sil
18.88891911506653,7,0,0,-3,7,-11,0,0,31,2,0,2,0,-2,sil
18.88891911506653,15,1,14,4,6,-15,-12,0,15,0,21,18,13,5,sil
18.90453267097473,12,4,4,-4,-5,-15,-15,2,0,-3,30,20,23,2,sil
18.90453267097473,7,-1,-6,-16,-11,-18,-19,-5,-14,-15,8,8,2,-13,sil
18.92010760307312,6,-6,0,-21,-13,-18,-27,-11,-25,-25,-2,7,-17,-17,sil
18.92010760307312,14,8,0,-7,-8,-19,-26,-2,-26,-13,8,17,-4,-3,sil
18.935818672180176,17,24,6,5,1,-18,-19,1,-18,0,18,25,9,8,sil
18.935818672180176,2,11,0,3,0,-9,-16,0,-14,-6,8,13,-4,0,sil
18.95135307312012,-15,4,-2,7,-4,0,-12,1,-17,-12,-8,-2,-20,-11,sil
18.95135307312012,-12,14,7,17,-1,4,-2,3,-12,-4,-6,-1,-13,-6,sil
18.96688961982727,-2,8,0,11,2,3,6,1,-5,1,8,7,0,5,sil
18.96688961982727,2,3,6,8,7,5,14,4,-6,0,14,7,6,7,sil
18.982524394989014,7,17,11,30,15,12,19,8,-6,6,19,7,12,2,sil
18.982524394989014,6,14,5,43,15,10,16,4,-5,6,20,4,9,5,sil
18.99742817878723,-1,-4,6,28,10,8,6,0,-10,-3,7,-2,0,8,sil
18.99742817878723,1,-7,0,21,10,13,6,-3,-5,4,1,-5,3,6,sil
19.01297426223755,7,0,0,21,10,15,12,-3,5,24,0,-5,3,8,sil
19.01297426223755,-10,-9,-10,-1,3,13,13,-4,3,14,-19,-21,-9,0,sil
19.02860164642334,-33,-28,-23,-31,-6,7,8,-4,-1,-8,-43,-44,-25,-18,sil
19.02860164642334,-34,-26,-12,-37,-10,3,9,0,9,-2,-43,-39,-23,-18,sil
19.044708728790283,-19,-13,-18,-24,-4,0,20,3,30,18,-21,-16,-1,-1,sil
19.044708728790283,-2,-11,-7,-19,-7,0,19,0,33,17,-15,-5,8,7,sil
19.060174226760864,4,-15,-1,-29,-17,-7,0,-1,19,1,-23,-8,0,4,sil
19.060174226760864,2,-15,-12,-34,-22,-21,-25,0,12,-7,-12,-1,1,-1,sil
19.076585054397583,8,-4,2,-26,-19,-15,-35,1,16,-9,11,15,14,-6,sil
19.076585054397583,17,11,6,-8,-5,-6,-24,-2,3,-13,21,18,10,-9,sil
19.09266662597656,13,18,8,2,5,-10,-18,-4,-27,-23,13,15,0,-6,sil
19.09266662597656,9,16,10,9,7,-10,-19,-1,-33,-21,18,18,0,1,sil
19.108974933624268,14,17,5,15,5,-8,-17,-1,-20,-9,24,16,1,6,sil
19.108974933624268,9,12,12,6,1,-9,-16,-2,-25,-14,8,11,-12,1,sil
19.12498497962952,-3,0,3,-4,0,0,-9,1,-24,-18,-4,3,-13,1,sil
19.12498497962952,-4,4,2,6,11,14,8,5,-4,-3,6,1,0,5,sil
19.14192223548889,-1,13,11,37,19,22,28,3,6,12,14,3,2,4,sil
19.14192223548889,-2,2,4,38,11,21,32,-2,10,22,8,1,1,9,sil
19.14192223548889,0,-6,6,14,5,22,24,0,12,27,0,-3,9,15,sil
19.1555769443512,1,-6,0,5,4,14,24,4,16,26,-5,-4,10,11,sil
19.171526670455933,-1,-5,-2,3,0,0,26,5,33,27,-4,-4,7,8,sil
19.171526670455933,1,-7,-4,-10,-1,0,17,2,47,34,2,-1,17,10,sil
19.187047719955444,7,-5,-8,-18,-8,-7,-1,-2,28,19,9,6,23,6,sil
19.187047719955444,2,0,3,-16,-17,-29,-25,-1,-11,-23,2,7,4,-10,sil
19.20220422744751,-5,4,-7,-14,-8,-33,-36,0,-38,-47,-13,-4,-22,-29,sil
19.20220422744751,-6,6,-10,-9,4,-13,-24,-3,-44,-41,-18,-11,-35,-32,sil
19.21773791313172,-6,9,3,3,2,0,-13,0,-37,-32,-6,-8,-27,-29,sil
19.21773791313172,-9,4,-4,19,6,4,-7,0,-19,-16,0,-8,-11,-16,sil
19.23289608955384,-7,-4,3,25,12,17,4,0,6,16,-5,0,-1,9,sil
19.23289608955384,0,-9,-2,15,2,24,12,3,28,35,0,4,6,17,sil
19.24862241744995,0,-16,-12,-6,-12,4,8,1,29,26,4,1,10,9,sil
19.24862241744995,1,-12,0,-21,-10,-6,7,-1,28,21,-3,2,13,14,sil
19.263954401016235,8,-1,-3,-15,-5,-4,1,-2,27,21,2,5,20,16,sorry
19.263954401016235,11,2,0,-15,-9,-7,-8,-2,7,-3,21,13,18,0,sorry
19.28000783920288,3,5,0,-29,-5,-12,-6,-1,-14,-26,22,12,7,-5,sorry
19.28000783920288,-4,13,-3,-23,7,-11,-9,0,-25,-30,2,-5,-10,-3,sorry
19.29573130607605,-5,14,8,4,9,-2,-15,-1,-33,-29,-7,-11,-20,-11,sorry
19.29573130607605,-2,1,8,20,8,6,2,-2,-29,-15,-7,-5,-11,-10,sorry
19.31155824661255,-2,-3,6,16,9,10,20,1,-18,2,-15,-18,-8,2,sorry
19.31155824661255,-6,-1,-1,12,2,12,13,2,-12,10,-20,-24,-11,11,sorry
19.327709197998047,-3,-4,-6,12,-3,17,11,-1,-3,12,-11,-10,-5,15,sorry
19.327709197998047,-2,-9,3,8,-4,17,14,1,5,8,-12,-7,-3,12,sorry
19.34371018409729,-6,-9,-4,3,-6,2,5,4,9,6,-15,-11,0,2,sorry
19.34371018409729,1,0,0,5,-4,-1,0,0,13,10,-1,0,4,1,sorry
19.3597891330719,15,3,9,11,0,3,3,-1,20,6,9,11,8,7,sorry
19.3597891330719,7,-6,-1,-1,-1,-8,-4,0,15,-4,3,13,8,3,sorry
19.37521004676819,-1,-4,-2,-15,-1,-18,-18,0,6,-3,3,14,9,-5,sorry
19.37521004676819,7,13,1,5,6,-4,-6,0,13,9,18,17,15,-7,sorry
19.3910448551178,14,15,11,13,13,1,2,0,16,8,22,20,17,-2,sorry
19.3910448551178,6,2,4,-6,8,-9,-7,0,10,4,19,24,8,-2,sorry
19.406676530838013,0,2,-9,-8,-4,-16,-13,0,13,7,21,18,0,-5,sorry
19.406676530838013,4,8,2,0,-7,-11,-8,3,12,-6,11,5,0,-7,sorry
19.42258858680725,7,4,-2,-7,3,-9,-4,5,0,-20,0,0,0,0,sorry
19.42258858680725,0,-1,-2,-9,6,-11,-9,0,-9,-10,5,7,-2,2,sorry
19.437825679779053,-6,-1,9,-1,-3,-7,-15,-2,-25,-18,0,-1,-13,-8,sorry
19.438172101974487,-4,0,0,2,-5,0,-8,-9,-37,-33,-19,-19,-20,-13,sorry
19.453832626342773,-6,0,-2,2,1,16,8,-2,-24,-4,-9,-18,-16,-6,sorry
19.453832626342773,-14,-6,-6,-1,6,22,17,4,-8,22,0,-20,-13,-6,sorry
19.4696044921875,-20,-9,-8,-8,4,23,19,0,-11,4,-21,-30,-13,-6,sorry
19.4696044921875,-22,-10,-8,-6,3,25,25,-3,-1,0,-29,-25,-6,1,sorry
19.485102891922,-17,-18,-12,-7,-2,11,23,3,9,19,-16,-15,0,6,sorry
19.485102891922,-9,-16,-1,-13,-14,0,10,5,0,21,-12,-11,2,10,sorry
19.50063920021057,-6,-3,-5,-8,-15,1,7,-1,0,17,-5,-5,9,16,sorry
19.50063920021057,0,-2,0,0,-7,-1,3,-1,9,16,6,3,17,16,sorry
19.516722440719604,16,-3,11,1,-3,-3,-1,0,8,7,5,11,17,11,sorry
19.516722440719604,21,5,-1,-2,-2,3,-1,-3,10,0,0,10,9,8,sorry
19.53219318389893,13,7,2,-7,-6,-1,-6,-2,22,-4,0,8,0,0,sorry
19.53219318389893,11,2,0,2,-4,-14,-16,0,23,-9,14,8,2,-8,sorry
19.54759788513184,18,13,4,22,8,-17,-15,0,7,-7,22,13,11,-1,sorry
19.54759788513184,20,17,17,11,8,-13,-9,3,2,-6,11,18,6,0,sorry
19.56260180473328,8,2,2,-11,-1,-18,-17,-4,2,-16,5,14,-5,-7,sorry
19.56260180473328,2,7,11,0,1,-19,-28,-10,-9,-21,18,13,-6,-4,sorry
19.57853388786316,4,23,17,25,8,-5,-12,2,-15,-11,18,10,-3,0,sorry
19.57853388786316,-1,12,-4,18,4,0,0,6,-18,-15,-2,0,-14,-10,sorry
19.59464812278748,-8,0,-3,3,7,0,-8,3,-23,-27,-10,1,-19,-18,sorry
19.59464812278748,-7,3,-1,15,13,5,-2,3,-13,-11,-3,8,-6,-3,sorry
19.60921359062195,-5,7,-1,36,10,13,12,4,-8,7,-6,-2,4,8,sorry
19.60921359062195,-3,3,0,34,12,21,14,6,-6,15,-2,-9,8,9,sorry
19.624977350234985,-2,-6,1,7,10,19,16,8,14,30,3,-5,13,7,sorry
19.624977350234985,-9,-16,0,-10,0,11,21,4,17,30,-8,-12,7,3,sorry
19.641536474227905,-13,-18,-13,-13,-3,11,15,-2,-4,9,-17,-17,-2,3,sorry
19.641536474227905,-4,-14,-2,-20,-2,13,9,-2,-1,9,-2,-7,2,9,sorry
19.656736850738525,2,-17,-1,-26,-11,5,7,0,15,26,5,-5,14,9,sorry
19.656736850738525,-4,-20,-13,-28,-18,-1,-1,-4,6,19,-3,-13,4,4,sorry
19.67191982269287,-11,-14,-7,-30,-14,-2,-6,-5,-2,0,-12,-12,-12,0,sorry
19.68771433830261,-8,-7,-8,-24,-9,-12,-3,-7,2,-11,-14,-11,-13,-9,sorry
19.68771433830261,-9,-4,-1,-23,-11,-20,-11,-9,0,-20,-19,-10,-17,-20,sorry
19.68771433830261,-6,0,-2,-18,-11,-7,-11,-4,6,-9,-5,-3,-7,-15,sorry
19.70378947257996,2,1,-8,-8,-1,0,6,1,22,8,16,1,11,-2,sorry
19.70378947257996,0,2,5,-13,1,-8,7,5,11,0,12,7,1,-6,sorry
19.71884250640869,0,10,0,-11,-7,-16,-5,1,-1,-11,7,18,-7,-9,sorry
19.71884250640869,22,17,3,7,-8,-8,-8,-1,-2,-5,23,29,11,4,sorry
19.735901594161987,31,20,12,17,7,-5,-7,0,-12,-6,26,27,18,6,sorry
19.735901594161987,12,20,0,21,16,-12,-7,-1,-16,-16,14,15,1,1,sorry
19.749959230422974,5,21,13,27,12,-5,-2,1,-14,-25,6,9,-8,4,sorry
19.749959230422974,8,10,12,26,9,3,1,4,-22,-25,0,0,-10,0,sorry
19.765907287597656,3,1,6,22,10,6,2,1,-17,-3,-1,-7,-6,-5,sorry
19.765907287597656,0,4,13,20,8,12,4,0,0,9,-4,-10,-3,-4,sorry
19.781585216522217,-8,-6,0,17,0,9,-1,-6,-7,-7,-30,-20,-13,-2,sil
19.781585216522217,-15,-17,-6,10,-3,11,-9,-2,-13,-13,-41,-23,-18,1,sil
19.796890020370483,-10,-13,-6,4,3,26,5,10,9,19,-7,-9,0,13,sil
19.81291484832764,-1,-10,-2,3,3,24,21,8,23,37,5,-2,13,18,sil
19.81291484832764,-2,-10,1,3,0,13,20,0,17,24,-13,-8,8,16,sil
19.81291484832764,2,-2,-2,4,10,15,21,0,20,24,-3,-2,13,21,sil
19.829220056533813,19,0,2,3,7,7,15,3,27,31,19,19,22,22,sil
19.829220056533813,6,-6,-11,-16,-9,-10,-10,0,15,11,10,16,13,0,sil
19.84313058853149,-26,-16,-23,-37,-12,-22,-27,-7,-6,-16,-13,-10,-6,-24,sil
19.861257791519165,-25,-10,-8,-26,-5,-21,-19,-5,-10,-17,-14,-9,-7,-19,sil
19.861257791519165,1,1,-2,-12,-7,-17,-14,-1,0,-1,9,19,7,0,sil
19.861257791519165,5,9,3,-21,-12,-11,-14,0,0,0,28,25,13,-2,sil
19.87508749961853,0,9,2,-19,-8,-11,-5,3,-2,-9,23,7,8,-14,sil
19.8915593624115,3,7,2,-5,-1,-14,-1,0,2,-10,15,1,0,-11,sil
19.8915593624115,2,8,9,0,0,-9,-4,-1,0,0,16,0,-1,-6,sil
19.908132553100582,3,10,3,7,2,3,2,0,-6,4,12,-1,1,0,sil
19.908132553100582,14,12,9,13,12,8,6,0,-9,-9,3,3,-6,0,sil
19.908132553100582,11,6,8,14,12,-2,0,0,-17,-26,0,-1,-23,-11,sil
19.92380356788636,0,0,4,18,3,-5,-2,3,-13,-16,-1,-12,-19,-9,sil
19.92380356788636,0,0,6,18,0,9,5,2,1,2,-5,-9,-4,5,sil
19.936807870864868,-7,-4,-8,8,0,14,11,-4,0,5,-19,-9,-4,10,sil
19.95280504226685,-17,-9,-6,2,0,5,9,0,-10,-1,-31,-17,-15,0,sil
19.95280504226685,-12,-9,-4,2,-4,8,10,3,-12,2,-24,-15,-17,0,sil
19.967940092086792,-5,-15,-10,-3,-7,13,13,-4,-3,9,-21,-8,-11,4,sil
19.967940092086792,-8,-19,-7,-19,-11,6,4,0,10,8,-29,-8,-2,4,sil
19.98376703262329,-7,-20,-13,-27,-13,-4,-1,3,21,10,-19,-5,5,3,sil
19.98376703262329,4,-6,1,-19,-5,-2,1,-6,17,6,0,7,9,11,sil
19.999265432357788,14,12,7,-5,6,-1,-5,-15,3,-11,5,15,7,1,sil
19.999265432357788,7,13,-11,-5,7,-12,-21,-5,-8,-22,12,9,7,-18,sil
20.01495313644409,5,12,6,-7,0,-17,-21,7,-15,-9,27,19,14,-11,sil
20.01495313644409,12,17,19,7,1,-10,-11,2,-9,3,33,28,15,7,sil
20.030025959014893,10,18,14,25,9,2,-3,0,0,0,20,10,9,7,sil
20.030025959014893,4,18,11,34,21,20,8,8,7,1,9,-1,9,5,sil
20.045600414276123,0,7,-2,30,19,19,16,6,3,6,3,-4,0,4,sil
20.045600414276123,-12,-8,-2,14,7,13,15,0,-4,4,-4,-19,-14,-5,sil
20.061124086380005,-14,-9,-4,10,7,17,21,7,7,15,-4,-19,-5,0,sil
20.061124086380005,0,-8,-1,9,0,8,19,4,22,22,0,0,14,16,sil
20.07666015625,7,-11,3,-5,-16,-10,7,-3,15,15,0,8,17,18,sil
20.07666015625,5,-7,-6,-20,-9,-15,0,0,12,11,6,6,14,9,sil
20.09264087677002,1,-2,-4,-23,-6,-18,-12,0,7,-5,9,9,6,-3,sil
20.09264087677002,0,0,-4,-19,-20,-26,-27,-4,-9,-27,3,7,-2,-13,sil
20.11492133140564,6,7,5,-4,-10,-18,-19,-3,-14,-19,6,8,-3,-6,sil
20.11492133140564,8,11,11,8,9,2,-6,3,-5,0,4,4,-3,2,sil
20.11492133140564,0,-1,-5,8,8,15,0,2,-1,14,-6,-5,-7,9,sil
20.12402892112732,-5,-6,-1,5,0,20,8,-1,5,23,-7,-5,-5,9,sil
20.13955664634705,-9,-10,-3,-1,0,16,5,-6,6,11,-9,-13,-9,-5,sil
20.13955664634705,-14,-20,-13,-23,-6,-4,-8,-8,-8,-12,-28,-32,-24,-23,sil
20.15630841255188,-11,-16,-8,-36,-16,-20,-17,-3,-14,-18,-23,-22,-22,-21,sil
20.15630841255188,-2,-3,-13,-27,-18,-18,-13,-2,-5,-12,9,3,-4,-14,sil
20.17200922966004,1,8,0,-18,-9,-8,-10,-1,-8,-18,16,16,0,-11,sil
20.17200922966004,6,17,13,-3,7,-1,-4,2,-11,-16,3,17,-2,-2,sil
20.18705153465271,10,19,11,20,19,5,3,4,-7,-4,4,14,-1,3,sil
20.18705153465271,-2,12,7,31,17,13,5,0,-12,-7,-6,-2,-12,-1,sil
20.20269060134888,-15,1,-7,25,11,12,9,-3,-8,-7,-26,-21,-17,0,sil
20.20269060134888,0,-1,4,21,7,10,17,2,9,12,-20,-10,0,13,sil
20.21792316436768,8,-2,4,15,0,8,17,9,18,22,-10,0,14,17,sil
20.21792316436768,-3,-7,-12,-5,-4,-4,2,2,17,8,-9,-2,17,9,sil
20.233010053634644,1,-2,2,-19,-3,-18,-7,-2,14,1,10,11,25,0,sil
20.233010053634644,11,8,6,0,-3,-13,-1,1,1,-1,34,21,26,-4,sil
20.248868942260746,1,12,5,19,0,1,5,6,-16,-10,28,7,9,-3,sil
20.248868942260746,-1,5,2,12,15,12,9,3,-14,-5,17,0,0,0,sil
20.264246463775635,-8,-7,-9,-7,14,8,7,-2,-3,6,6,-11,0,-2,sil
20.264246463775635,-28,-16,-8,-9,-8,4,2,0,-4,5,-21,-31,-12,-11,sil
20.279674530029297,-19,-11,-7,5,-12,9,5,2,-1,8,-31,-24,-16,-8,sil
20.279674530029297,7,-4,3,5,-3,11,10,-1,10,17,-5,0,-2,9,sil
20.29568767547608,17,-6,1,-10,-7,3,3,-3,14,15,13,13,7,20,sil
20.29568767547608,27,0,-6,-8,-8,-11,-7,0,12,6,15,25,14,19,sil
20.31171727180481,39,18,19,8,3,-15,-10,1,7,-1,19,39,16,20,sil
20.31171727180481,30,19,16,11,10,-17,-6,-2,5,-5,30,36,15,16,sil
20.32675194740296,21,13,3,5,8,-10,-4,-6,3,-8,31,27,12,5,sil
20.32675194740296,7,10,6,4,4,9,-4,-4,0,-5,12,12,-4,-4,sil
20.341948986053467,-22,-5,-6,4,1,14,-2,-3,-12,-7,-14,-19,-25,-17,sil
20.341948986053467,-35,-18,-8,-1,0,6,1,0,-9,-6,-29,-38,-15,-15,sil
20.35852861404419,-22,-16,-10,-12,-2,4,5,2,14,11,-24,-29,1,2,sil
20.35852861404419,-7,-16,-11,-30,-17,-4,-4,0,24,20,-15,-16,0,6,sil
20.37354731559753,-5,-12,-8,-34,-20,-15,-20,0,6,-1,-12,-7,-5,-9,sil
20.37354731559753,-11,2,-5,-17,-6,-13,-25,0,-9,-19,-6,-2,-10,-25,sil
20.38882541656494,-6,12,4,-6,0,-6,-21,3,-15,-19,7,0,-21,-32,sil
20.405988216400143,5,11,-1,7,7,0,-4,5,-12,-11,8,0,-17,-18,sil
20.405988216400143,0,6,4,26,20,9,15,1,-14,-6,-17,-6,-9,1,sil
20.405988216400143,-14,-4,9,21,13,12,25,0,-17,-3,-28,-18,-11,0,sil
20.42051148414612,-13,-17,-9,0,-5,6,23,0,-1,8,-8,-19,-5,1,sil
20.42051148414612,-3,-16,-4,-10,-12,0,11,0,15,22,0,-6,8,17,sil
20.4355366230011,1,-6,4,-7,-12,-6,0,2,8,12,-2,2,20,16,sil
20.4355366230011,9,6,1,-5,-6,-12,-8,1,-8,-12,9,12,16,2,sil
20.45260190963745,16,14,5,-6,2,-9,-10,-2,-13,-16,25,24,7,-3,sil
20.45260190963745,7,14,0,2,5,-7,-9,-5,-12,-11,16,17,4,-6,sil
20.46774744987488,-8,11,9,18,7,0,-8,-3,-24,-21,-8,-1,-8,-12,sil
20.46774744987488,-9,6,4,29,16,19,-1,0,-28,-13,-15,-6,-18,-3,sil
20.48205256462097,8,2,0,29,15,29,17,4,2,21,0,4,1,18,sil
20.48205256462097,18,3,9,17,0,17,24,3,33,35,0,7,19,24,sil
20.49667906761169,7,-2,-4,0,-12,-6,4,-1,34,25,-1,0,17,20,sil
20.51202917098999,8,-4,-1,-7,-6,-7,0,1,33,28,21,15,28,24,sil
20.51202917098999,22,3,2,-8,3,0,12,5,32,22,38,32,34,17,sil
20.527799129486084,12,0,-4,-19,-2,-16,-4,-2,7,-11,15,14,7,-9,sil
20.527799129486084,-7,-4,0,-27,-7,-23,-23,-4,-4,-29,-4,-5,-16,-23,sil
20.54279851913452,-10,0,-7,-16,3,-4,-8,0,0,-17,0,-9,-18,-18,sil
20.54279851913452,-10,2,0,1,11,6,-2,0,-18,-13,0,-10,-20,-16,sil
20.55884385108948,-12,2,4,22,13,11,-2,2,-27,-7,0,-8,-15,-15,sil
20.55884385108948,-9,-1,-5,27,11,17,15,4,-3,0,0,-7,-7,-3,sil
20.57488918304444,-12,-13,-5,7,0,21,23,2,7,2,-15,-17,-13,1,sil
20.57488918304444,-14,-20,-11,-5,-8,13,14,-1,5,11,-26,-22,-9,1,sil
20.590023517608643,-4,-16,-7,-12,-13,-3,6,-3,7,12,-20,-8,4,5,sil
20.590023517608643,0,-9,-2,-19,-15,-14,-4,-3,2,-3,-14,0,4,5,sil
20.605552434921265,2,-4,-5,-16,-11,-17,-12,-7,-5,-6,-14,0,-2,3,sil
20.605552434921265,16,6,11,-14,-5,-12,-13,-5,1,3,0,8,4,10,sil
20.62152099609375,24,16,13,-10,-4,-21,-18,-1,6,1,25,24,21,14,sil
20.62152099609375,18,15,9,-2,-5,-29,-27,0,-6,-12,30,24,14,0,sil
20.63702368736267,2,12,0,0,-6,-16,-26,-1,-22,-24,11,1,-7,-21,sil
20.63702368736267,-9,12,-7,0,0,0,-13,0,-26,-17,2,-15,-14,-21,sil
20.65257406234741,-10,11,9,5,15,6,0,7,-19,-2,8,-7,-3,-8,sil
20.65257406234741,-10,0,3,12,19,17,9,5,3,8,8,-1,0,-1,sil
20.66776657104492,-13,-3,2,20,11,25,17,1,17,14,-3,-6,-3,2,sil
20.66776657104492,-6,0,8,23,5,23,17,2,5,16,-8,-4,-6,9,sil
20.68280386924744,-2,-10,-5,10,5,17,12,0,0,14,-5,-4,-2,7,sil
20.68280386924744,-2,-11,0,0,0,10,9,-2,9,13,-8,-7,0,5,sil
20.69816303253174,0,-3,-4,-3,-10,-1,11,0,5,3,-17,-8,-2,2,sil
20.69816303253174,-4,-8,-13,-13,-14,-7,8,-1,0,-16,-24,-12,-6,-5,sil
20.713786363601685,-2,-10,-4,-10,-4,0,2,0,11,-12,-18,-1,-2,-2,sil
20.713786363601685,11,0,-7,2,0,-3,-6,0,15,4,1,14,9,8,sil
20.72890901565552,13,5,0,-2,-5,-11,-16,0,0,-1,9,11,13,1,sil
20.72890901565552,2,8,1,-3,0,-5,-10,5,-4,-10,7,7,6,-4,sil
20.744630575180054,2,6,-3,4,3,-4,-3,0,0,-2,6,10,0,3,sil
20.744630575180054,2,0,5,-2,-5,-5,-2,-4,-11,-2,0,7,-1,1,sil
20.75978279113769,0,0,0,-4,-2,3,5,2,-11,-6,0,4,2,-4,sil
20.75978279113769,5,5,0,2,11,9,9,4,4,0,8,7,4,1,sil
20.77593445777893,10,6,6,5,13,4,5,1,15,13,13,3,6,9,sil
20.77593445777893,14,7,8,9,11,3,10,2,12,18,13,4,10,14,sil
20.79102873802185,6,7,5,14,12,6,12,1,1,7,11,4,2,6,sil
20.79102873802185,-10,-4,-7,12,5,3,4,-6,-10,2,4,-7,-9,-9,sil
20.80699849128723,-18,-7,-2,5,0,0,0,-7,-14,6,0,-12,-7,-10,sil
20.80699849128723,-15,-2,-6,0,-1,-11,-3,-4,-12,-3,-4,-7,0,-8,sil
20.82194423675537,-8,-2,-4,-4,-4,-15,-11,-7,-9,-11,-7,-5,-2,-7,sil
20.82194423675537,3,3,16,1,0,6,-5,0,1,0,-4,-1,-2,6,sil
20.83851432800293,2,-2,0,2,0,12,3,4,12,5,-6,-4,-6,6,sil
20.83851432800293,-7,-18,-8,-18,-15,-7,-2,3,6,-9,-16,-15,-12,-14,sil
20.853710889816284,-1,-15,-5,-34,-28,-13,-6,1,0,-12,-2,-8,0,-9,sil
20.853710889816284,8,-5,-2,-27,-21,-10,-2,0,3,0,14,5,14,12,sil
20.86902928352356,4,-4,6,-17,-8,-5,-4,2,10,8,8,8,12,11,sil
20.884593963623047,0,-2,-4,-8,0,1,-4,1,13,9,2,-1,8,-3,sil
20.884593963623047,-7,3,-4,-1,-1,0,-6,-4,0,0,-2,-10,-4,-12,sil
20.88559293746948,-17,3,-1,-3,-6,-4,-8,-4,-24,-14,-19,-8,-20,-19,sil
20.900715589523315,-7,0,-7,-4,-1,-6,-3,0,-18,-17,-18,1,-11,-10,sil
20.900715589523315,13,11,5,0,7,-7,0,9,12,-3,8,15,5,8,sil
20.9142427444458,15,21,7,13,10,-2,2,9,30,9,18,18,5,14,sil
20.93022608757019,12,20,13,33,16,12,8,1,23,3,4,15,4,14,sil
20.93022608757019,18,19,13,40,24,16,9,0,19,0,4,18,15,18,sil
20.94520711898804,8,10,-4,21,15,-1,-4,-1,2,2,8,9,8,4,sil
20.94520711898804,-9,-5,2,0,-1,-7,-21,-7,-34,-13,-3,-11,-15,-18,sil
20.960971355438232,-6,-9,0,1,-1,4,-10,-6,-39,-17,-7,-14,-15,-15,sil
20.960971355438232,3,2,-3,9,8,13,9,-2,-12,3,0,0,2,0,sil
20.975969076156616,0,1,2,2,14,16,8,-4,-9,1,0,-1,0,-2,sil
20.975969076156616,-9,-12,-4,-2,12,10,3,-4,-18,-9,-1,-9,-8,-9,sil
20.99085760116577,-4,-9,3,0,1,1,13,2,-19,0,1,-2,-4,0,sil
20.99085760116577,5,0,0,1,-2,2,22,2,-11,15,5,5,3,13,sil
21.00695943832397,7,-1,1,4,1,6,18,1,2,18,7,2,10,19,sil
21.00695943832397,-2,-3,7,9,0,7,13,7,13,13,0,-3,9,10,sil
21.02258825302124,-6,-7,-7,1,-6,5,16,4,22,15,-7,-1,11,12,sil
21.02258825302124,-1,-15,-8,-6,-8,7,17,0,31,21,-1,4,10,19,sil
21.03777885437012,-14,-21,-9,-9,-17,1,9,0,21,18,-6,-12,-6,0,sil
21.03777885437012,-31,-22,-13,-26,-25,-8,-5,-3,3,5,-25,-38,-22,-25,sil
21.05294966697693,-18,-15,-9,-34,-22,-12,-18,-4,8,0,-26,-28,-13,-16,sil
21.05294966697693,0,-9,-15,-17,-23,-21,-29,-3,14,-9,-20,-10,-6,-1,sil
21.06863522529602,-7,-5,-3,-18,-25,-30,-41,-6,-3,-31,-25,-10,-14,-11,sil
21.06863522529602,-5,7,0,-20,-4,-15,-27,-4,-5,-24,-3,0,-4,-12,sil
21.08419895172119,29,23,4,0,19,3,5,2,21,5,39,28,21,8,sil
21.08419895172119,46,23,20,8,13,2,9,5,23,9,43,43,27,16,sil
21.100172996521,22,14,8,3,2,-12,-11,0,-8,-15,14,29,6,3,sil
21.100172996521,11,19,10,7,14,-14,-13,2,-20,-29,8,22,-1,-7,sil
21.115810871124268,19,24,14,13,15,-1,0,9,-8,-12,25,22,8,-3,sil
21.115810871124268,3,13,1,5,0,-5,-11,2,-19,-11,14,4,0,-3,sil
23.02285122871399,2,13,0,-3,0,-1,-8,-1,-35,-21,-14,-2,-22,-15,sorry
23.02285122871399,-2,18,6,14,16,8,-4,-4,-34,-16,-8,-11,-20,-16,sorry
23.03852677345276,-7,16,2,36,19,17,3,-2,-16,7,2,-10,-6,-11,sorry
23.03852677345276,-9,3,4,26,8,23,12,3,-5,23,-5,-8,-4,0,sorry
23.0535945892334,-7,-6,-1,16,4,23,14,3,-7,21,-14,-11,-5,10,sorry
23.0535945892334,0,-4,7,26,4,23,15,-1,-4,17,-6,-8,2,15,sorry
23.06957077980041,2,-1,13,29,8,31,23,-1,8,37,-6,-7,4,10,sorry
23.06957077980041,-7,-15,-9,5,5,22,24,-2,17,39,-14,-17,0,5,sorry
23.0847282409668,-17,-33,-9,-29,-18,-11,1,-7,5,-23,-20,-16,0,0,sorry
23.0847282409668,-16,-22,-7,-36,-27,-35,-20,-6,-2,-56,-17,-2,-3,-10,sorry
23.10054349899292,0,7,2,-7,-6,-23,-13,2,18,-12,8,15,2,-1,sorry
23.10054349899292,19,15,12,10,1,-7,-3,6,33,12,41,34,30,14,sorry
23.11564421653748,22,3,1,-1,-4,-23,-15,0,15,7,38,32,36,13,sorry
23.11564421653748,24,13,14,-3,3,-24,-12,0,8,19,26,30,20,16,sorry
23.13183212280273,31,28,16,20,14,0,9,4,23,8,37,35,26,22,sorry
23.1328341960907,23,18,3,19,4,0,2,4,10,-16,35,25,23,5,sorry
23.14709043502808,6,6,2,-4,-3,-11,-11,6,-12,-2,12,7,0,-2,sorry
23.14709043502808,5,4,0,-1,1,-6,-1,2,-8,5,1,0,-6,5,sorry
23.16267967224121,10,4,4,9,1,0,0,-1,-1,-7,0,0,-15,1,sorry
23.16267967224121,5,6,-1,6,3,1,-5,0,-10,-14,4,0,-22,-1,sorry
23.178975820541385,-6,4,-3,2,11,6,0,-1,-19,-25,0,-6,-5,1,sorry
23.178975820541385,-13,0,4,4,11,10,3,-2,-17,-9,-20,-16,0,-5,sorry
23.19402647018433,-15,-8,-17,0,1,7,7,-1,-12,20,-36,-26,-18,-13,sorry
23.19402647018433,-26,-23,-24,-11,-3,12,8,-5,-18,-6,-38,-38,-35,-19,sorry
23.20863127708435,-43,-28,-16,-22,-1,17,7,0,-17,-24,-36,-42,-32,-26,sorry
23.209630012512207,-40,-21,-14,-20,-4,12,11,7,7,18,-36,-34,-18,-23,sorry
23.22573494911194,-22,-17,-12,-19,-11,12,16,5,23,36,-32,-25,-7,-16,sorry
23.22573494911194,-13,-19,-15,-23,-12,16,12,-2,15,16,-23,-24,-4,-9,sorry
23.240922689437863,-10,-13,-1,-24,-7,9,9,-5,4,6,-25,-19,-5,-1,sorry
23.240922689437863,0,-5,0,-23,-8,-4,7,0,0,0,-24,-8,0,3,sorry
23.254600048065186,13,1,4,-20,-15,-17,-4,0,3,0,11,15,20,13,sorry
23.27054190635681,28,18,21,1,-13,-20,-22,-4,10,10,45,42,42,25,sorry
23.27054190635681,33,24,16,29,1,-16,-27,0,11,11,44,39,39,21,sorry
23.287729740142822,21,15,17,26,14,-8,-18,2,5,0,36,22,16,8,sorry
23.287729740142822,7,10,8,13,12,-3,-10,-6,-3,-20,26,20,3,7,sorry
23.287729740142822,4,7,-3,7,3,-9,-8,-7,-11,-30,6,18,0,5,sorry
23.30479979515076,8,4,10,4,5,-5,0,5,-7,-14,4,10,-6,-1,sorry
23.30479979515076,9,2,8,11,11,0,17,3,0,2,15,5,-8,-1,sorry
23.3199942111969,11,2,10,18,0,0,15,0,-9,-2,8,9,-9,0,sorry
23.3199942111969,13,6,12,23,-3,5,1,0,-13,-15,1,14,-8,0,sorry
23.33361554145813,9,13,0,32,8,7,0,0,-1,-9,4,14,0,4,sorry
23.35055637359619,-1,7,1,16,5,2,0,0,-2,1,0,2,-2,0,sorry
23.35055637359619,-16,-11,-12,-15,-11,0,-11,-1,-9,0,-10,-15,-13,-13,sorry
23.351556062698364,-15,-12,-12,-14,-7,0,-15,-2,-8,-12,-13,-15,-10,-7,sorry
23.36464142799377,0,6,2,11,6,5,2,3,0,0,-4,-1,1,5,sorry
23.38018298149109,0,6,-4,12,8,9,17,2,11,14,4,-1,8,10,sorry
23.38018298149109,-9,-4,-6,-7,3,5,5,1,13,6,1,-10,5,1,sorry
23.395791053771973,-10,-5,-8,-14,0,-1,-1,5,7,6,-2,-6,4,-5,sorry
23.395791053771973,-4,-4,-2,-7,-3,-1,6,1,14,28,6,1,13,1,sorry
23.411523580551147,-1,-5,2,-1,0,0,5,-4,21,33,13,-1,17,9,sorry
23.411523580551147,1,1,-3,-3,4,-1,-2,0,9,17,2,-6,6,0,sorry
23.426668643951416,0,0,-4,-14,0,-1,-3,2,2,4,-16,-11,-4,-12,sorry
23.426668643951416,-13,-12,-13,-19,-7,0,6,1,7,0,-18,-16,-3,-11,sorry
23.441968202590942,-8,-4,-8,-13,-3,0,14,3,5,0,-1,-4,4,-1,sorry
23.441968202590942,0,1,0,-8,0,0,1,2,-5,-7,-4,0,0,-3,sorry
23.45791697502136,-12,-16,-11,-15,-7,-6,-14,-8,-16,-21,-31,-23,-17,-16,sorry
23.45791697502136,-15,-19,-3,-22,-14,-7,-5,-5,-25,-26,-30,-23,-26,-13,sorry
23.473222970962524,2,-4,-1,-15,-6,-1,8,3,-21,-18,-3,0,-11,0,sorry
23.473222970962524,9,1,1,0,1,-4,-9,-1,-17,-15,0,1,-9,1,sorry
23.48890280723572,7,10,16,14,2,0,-17,-5,-18,-14,-8,0,-16,1,sorry
23.48890280723572,12,18,6,19,4,11,4,1,-9,-1,2,13,-2,7,sorry
23.505014181137085,14,16,12,18,10,8,6,3,11,9,19,27,17,14,sorry
23.505014181137085,17,18,18,32,17,2,-4,0,30,16,28,24,28,23,sorry
23.52054524421692,17,13,8,31,16,4,5,1,27,14,22,5,20,17,sorry
23.52054524421692,4,-4,1,0,7,5,13,3,7,5,0,-5,-1,-4,sorry
23.53676676750183,0,-15,-3,-14,-5,-2,0,-2,-2,0,-9,0,-8,-9,sorry
23.53676676750183,8,0,9,6,-11,-8,-9,-6,-2,-2,3,11,5,3,sorry
23.552085876464844,1,3,1,8,-8,-7,-5,0,-2,1,13,9,10,5,sorry
23.552085876464844,-21,-15,-17,-21,-12,-5,0,7,-2,2,0,-1,-2,-5,sorry
23.567726135253903,-26,-19,-6,-32,-16,0,1,0,-1,-8,-7,-7,-13,-15,sil
23.567726135253903,-10,-4,-1,-9,-11,0,5,-8,0,-9,9,-2,-8,-11,sil
23.58297181129456,-4,-1,0,-4,-10,-7,3,-5,0,0,10,4,-6,-4,sil
23.58297181129456,-10,-6,-8,-17,-8,-5,-3,-1,-6,-1,-9,-1,-15,-6,sil
23.59887409210205,-8,-1,-8,-8,0,-1,-13,-1,-17,-10,-17,-11,-17,-9,sil
23.59887409210205,3,13,13,16,9,3,-18,1,-18,-8,-7,0,-7,-5,sil
23.614739894866943,17,20,11,28,13,4,-7,6,-2,3,8,18,7,9,sil
23.614739894866943,24,17,8,26,16,-1,0,5,17,17,22,19,20,26,sil
23.62952446937561,15,11,4,19,12,-1,-1,5,23,23,18,7,22,22,sil
23.62952446937561,3,4,-5,10,11,5,8,4,22,20,6,-2,16,6,sil
23.645036935806274,2,0,0,5,13,12,26,2,19,17,1,-8,13,2,sil
23.645036935806274,-3,-4,-7,0,6,6,23,-2,4,11,-7,-16,7,0,sil
23.6602156162262,-18,-12,-6,-10,0,-1,5,-6,-14,0,-20,-24,0,-4,sil
23.6602156162262,-19,-12,-8,-7,0,0,6,-4,-14,-3,-13,-21,0,-5,sil
23.675819635391235,-8,-9,-12,0,-4,3,15,-1,-8,-7,-5,-15,0,-5,sil
23.675819635391235,0,0,1,-8,-6,7,5,2,-6,-18,-12,-7,-10,-6,sil
23.69180703163147,1,0,-6,-17,-4,2,-7,5,1,-14,-14,-2,-16,-9,sil
23.69180703163147,0,-9,-4,-16,-9,-7,-9,1,4,-10,-14,-6,-15,-17,sil
23.707680463790894,-3,-10,5,-10,-12,-10,-11,-4,1,-16,-21,-9,-17,-18,sil
23.707680463790894,0,0,-3,0,-8,-11,-21,-3,-5,-16,-10,3,-12,-2,sil
23.72300934791565,10,7,9,7,-8,-4,-26,0,-19,-8,10,21,2,9,sil
23.72300934791565,13,3,10,9,0,5,-9,-3,-18,2,19,22,17,14,sil
23.738661289215088,2,-1,4,2,8,4,2,-1,-6,3,9,13,8,13,sil
23.738661289215088,-8,-4,2,-9,0,3,4,0,-14,-11,-4,2,-5,2,sil
23.75374913215637,-1,-1,-10,-8,-5,6,10,-3,-6,-7,0,0,0,0,sil
23.75374913215637,6,7,3,-1,4,8,10,3,32,20,14,12,9,7,sil
23.770997762680054,0,8,4,-1,2,0,4,11,50,35,12,7,11,4,sil
23.770997762680054,-3,0,-3,-4,-5,-15,2,4,26,22,3,-2,6,3,sil
23.7855281829834,5,1,7,-1,-2,-14,-3,-1,8,8,5,7,4,3,sil
23.7855281829834,8,8,3,3,6,-3,-5,-3,5,8,13,15,7,-2,sil
23.802005290985107,2,9,1,0,9,-4,-2,-1,-12,-6,17,5,1,-5,sil
23.802005290985107,-1,2,-7,-3,0,-13,-7,-1,-30,-28,5,-5,-10,-7,sil
23.81551241874695,3,1,-4,0,-3,-9,-15,-4,-24,-20,-5,-4,-7,-6,sil
23.81551241874695,11,12,18,8,5,2,-8,0,-14,-5,2,4,0,0,sil
23.831976413726807,2,7,0,15,6,4,-1,-4,-8,-6,8,-3,-8,-5,sil
23.831976413726807,-5,-1,0,16,0,2,-6,-7,-4,-9,-1,-10,-14,-10,sil
23.848067045211792,-2,1,11,19,3,9,0,5,3,3,0,4,0,0,sil
23.86160516738892,-13,-7,-16,15,5,11,14,8,6,10,1,-3,3,3,sil
23.86160516738892,-25,-20,-3,-4,0,10,12,7,0,0,-17,-25,-12,0,sil
23.877630472183228,-15,-18,2,-6,0,20,21,5,10,11,-16,-20,-12,5,sil
23.877630472183228,-2,-12,-22,6,4,17,29,-3,22,34,0,-9,7,6,sil
23.895580768585205,-2,0,14,3,1,6,17,8,6,23,-8,-7,13,2,sil
23.895580768585205,-6,4,13,0,0,4,12,5,-3,0,-18,-11,3,0,sil
23.895580768585205,0,-6,-32,0,0,0,13,-15,0,-5,-15,-13,-2,0,sil
23.90864562988281,16,-4,2,-15,-12,-6,-1,0,3,-8,-15,0,3,6,sil
23.92434072494507,10,0,10,-30,-19,-8,-15,2,11,-10,-13,10,12,3,sil
23.92434072494507,4,-3,-23,-26,-9,-14,-12,-13,13,-7,-5,7,3,-1,sil
23.939557552337646,26,8,15,-15,0,-16,-6,1,0,-10,13,22,0,9,sil
23.939557552337646,31,22,18,0,2,-17,-15,6,-12,-13,33,40,14,11,sil
23.955577611923218,1,10,-14,11,2,-19,-34,-4,-28,-21,16,19,0,-10,sil
23.955577611923218,-18,0,10,10,2,-1,-23,-1,-43,-22,-13,-8,-26,-20,sil
23.971530199050903,-19,-3,-1,6,1,18,0,-3,-27,0,-13,-19,-17,-9,sil
23.971530199050903,-13,-8,-15,4,-2,15,-1,-2,-5,10,-5,-15,-4,0,sil
23.98696494102478,-7,-6,8,3,-5,6,0,4,8,8,-12,-8,-5,2,sil
23.98696494102478,-6,-6,-7,2,-2,-2,15,0,29,19,-7,-4,3,1,sil
24.00297236442566,-4,-3,-8,-9,0,-13,0,-3,34,17,13,4,14,0,sil
24.00297236442566,5,4,13,-10,-2,-12,-13,2,24,4,30,19,22,-4,sil
24.01811408996582,15,8,4,-1,4,-4,0,2,19,2,31,22,27,0,sil
24.01811408996582,12,12,5,2,13,-1,-4,2,3,-8,23,15,10,-3,sil
24.033762216568,6,15,3,7,8,0,-11,5,-12,-12,16,11,-8,-7,sil
24.033762216568,2,7,5,20,5,9,7,1,-10,9,6,4,-8,5,sil
24.04896688461304,-3,-5,8,19,11,22,25,0,-7,16,-13,-17,-11,12,sil
24.04896688461304,-9,-11,-6,0,3,19,23,2,-11,0,-22,-32,-19,4,sil
24.06481504440308,-3,-1,0,-4,-2,9,19,2,-5,-2,-14,-16,-10,9,sil
24.06481504440308,4,4,-1,6,0,3,19,-2,8,7,-5,1,4,16,sil
24.07996439933777,6,-2,-3,0,-2,-6,7,-1,17,7,0,5,15,9,sil
24.07996439933777,6,-3,8,-20,-10,-15,-8,0,10,-5,12,15,13,5,sil
24.09559965133667,3,3,-4,-18,-1,-14,-14,-6,-11,-21,17,13,-3,-3,sil
24.09559965133667,-3,6,0,-5,6,-9,-20,-1,-25,-26,9,0,-15,-20,sil
24.111053228378296,-10,2,0,6,0,-5,-20,2,-19,-11,0,-11,-5,-23,sil
24.111053228378296,-11,-6,-4,12,-5,3,-4,1,-19,0,-20,-21,-10,-13,sil
24.133592128753666,-10,-16,3,3,-2,17,6,1,-17,0,-34,-28,-21,-7,sil
24.1345899105072,-12,-21,-13,-1,-1,13,9,-2,5,10,-21,-20,-6,0,sil
24.1345899105072,-9,-12,-1,-1,-8,0,10,-2,17,12,-12,-5,1,5,sil
24.14280939102173,-9,-4,1,-13,-13,-1,2,2,6,0,-21,0,-6,2,sil
24.15791344642639,-10,-8,-15,-20,-12,-2,-7,-5,2,0,-17,-3,-2,0,sil
24.15791344642639,6,-1,7,-5,-8,0,-2,-4,8,5,-5,4,3,2,sil
24.173362016677856,22,7,-1,5,0,4,8,0,16,3,2,15,7,8,sil
24.173362016677856,25,9,1,0,7,-3,2,4,17,6,15,24,23,16,sil
24.188520431518555,21,14,17,0,4,-14,-2,5,16,14,38,35,35,22,sil
24.188520431518555,7,10,-10,8,0,-17,-6,-3,3,3,34,18,18,8,sil
24.2036714553833,-5,6,0,-2,-1,-11,-23,-2,-25,-25,3,-3,-9,-16,sil
24.2036714553833,-7,11,3,-2,9,-2,-21,0,-25,-22,3,0,-11,-21,sil
24.21928024291992,-2,9,-6,6,13,6,-5,-1,-3,0,18,7,-5,-9,sil
24.21928024291992,-4,3,11,6,7,10,-3,5,1,1,-1,-6,-14,-8,sil
24.23488020896912,-9,1,2,13,11,8,2,1,-4,-5,-22,-23,-19,-12,sil
24.23488020896912,-6,0,-1,27,18,17,19,-1,-5,-3,-14,-18,-15,-1,sil
24.250586986541748,-9,-4,0,19,8,28,33,4,7,12,-3,-10,-4,10,sil
24.250586986541748,-9,-12,-5,-2,-3,13,33,1,27,31,0,-7,13,15,sil
24.266602993011475,7,-8,2,-7,-7,-5,18,2,31,30,4,5,22,24,sil
24.266602993011475,22,-2,5,2,-5,-8,-1,2,25,19,8,17,22,26,sil
24.281885623931885,19,-1,13,-5,-8,-6,-14,0,13,10,8,19,25,14,sil
24.281885623931885,16,0,6,-22,-14,-16,-19,0,-3,-4,16,21,22,3,sil
24.298116207122803,13,0,-7,-21,-17,-31,-24,-2,-20,-27,10,20,4,-5,sil
24.298116207122803,1,-1,-7,-15,-14,-25,-22,-7,-27,-35,-3,10,-8,-17,sil
24.31269931793213,-6,5,-5,-15,-1,-4,-7,0,-28,-22,3,0,-9,-20,sil
24.33006310462952,-11,10,-2,-9,7,4,2,2,-25,-13,11,-6,-12,-17,sil
24.33006310462952,-15,2,-4,3,7,0,0,-1,-16,-10,-1,-18,-17,-18,sil
24.33006310462952,-15,0,1,4,1,0,-6,1,-14,-9,-13,-22,-17,-13,sil
24.34500932693481,-10,3,3,4,6,12,0,4,-14,-10,-12,-11,-13,-3,sil
24.34500932693481,-6,1,-2,17,10,17,7,0,-4,-4,-11,-10,-11,-1,sil
24.360626935958862,-8,0,7,22,4,11,4,0,0,5,-15,-16,-14,-7,sil
24.360626935958862,-8,-3,-1,20,0,14,8,2,0,16,-16,-18,-13,-4,sil
24.37672686576844,0,-8,-3,23,7,23,22,0,7,20,-11,-15,-7,3,sil
24.37787890434265,0,-7,8,14,7,15,15,-2,13,13,-11,-6,-4,5,sil
24.392093896865845,-5,-7,-5,-4,-6,-3,-3,-7,15,13,-14,-3,-2,10,sil
24.393094062805176,0,-9,0,-12,-10,0,-3,-6,17,17,-6,0,6,21,sil
24.40820002555847,10,-8,-3,-7,2,1,11,-1,28,16,6,7,20,22,sil
24.40820002555847,10,-8,-14,-10,0,-12,6,0,38,16,7,7,22,12,sil
24.42398476600647,0,-10,-7,-23,-16,-13,-8,0,25,10,0,-4,10,0,sil
24.42398476600647,-6,-5,-11,-22,-16,-10,-6,0,4,-8,3,-2,2,-9,sil
24.43867254257202,4,12,0,-7,-2,-8,0,3,-1,-23,15,17,0,-3,sil
24.43867254257202,13,15,6,0,0,0,3,6,-7,-23,13,23,-6,2,sil
24.454153299331665,4,1,-2,-16,-7,-4,1,2,-16,-21,0,14,-8,0,sil
24.454153299331665,0,2,4,-18,-4,-14,-8,0,-8,-4,6,16,4,-5,sil
24.4698646068573,7,14,7,9,8,-8,-12,0,3,16,23,19,17,0,sil
24.48700404167176,9,21,17,28,11,-1,-9,1,-2,15,23,15,19,3,sil
24.48700404167176,9,24,14,23,14,0,-5,1,-7,8,16,5,19,1,sil
24.48700404167176,13,13,0,13,20,6,1,-3,-6,1,11,0,14,1,sil
24.50157880783081,6,-2,3,2,9,3,4,-3,-16,-15,0,0,0,0,sil
24.50157880783081,-4,-6,0,-4,-6,-3,2,-1,-28,-21,-11,-7,-10,-2,sil
24.51677894592285,0,-4,4,-8,-6,-2,-2,-1,-24,-15,-20,-11,-15,-3,sil
24.532001495361328,0,-13,-2,-13,-2,0,-4,0,-9,-9,-15,-4,-10,-5,sil
24.532001495361328,-10,-19,-14,-8,-4,-1,0,2,4,4,-2,0,2,-4,sil
24.532001495361328,-11,-3,0,9,-6,0,0,2,8,12,0,-1,4,-3,sil
24.54974484443665,-7,5,-5,16,-6,0,-4,-4,-4,0,-10,-6,-5,-7,sil
24.54974484443665,-13,0,-9,2,-5,-1,-8,-8,-15,-16,-16,-7,-18,-8,sil
24.56571793556213,-8,-2,0,0,-1,6,0,-2,2,-9,-4,2,-15,-1,sil
24.56571793556213,1,0,0,13,2,14,7,0,18,5,4,4,-7,0,sil
24.58127522468567,-4,-4,6,8,5,14,2,1,4,0,-3,-8,-16,-6,sil
24.58127522468567,-11,-6,-3,0,3,6,2,2,4,2,-3,-12,-16,-8,sil
24.59791111946106,-5,-2,-2,2,1,0,0,0,17,22,9,-4,3,2,sil
24.59791111946106,-1,3,4,7,0,1,-3,2,11,22,15,-5,10,11,sil
24.61263346672058,6,4,1,7,3,2,2,4,8,14,21,-5,8,20,sil
24.61263346672058,18,6,13,6,12,9,17,6,15,20,23,5,16,24,sil
24.62664246559143,12,1,2,-5,10,12,23,4,6,11,3,2,11,13,sil
24.627742767333984,-2,-11,-12,-27,-5,0,15,-1,-9,-12,-19,-13,-8,-3,sil
24.64282321929932,-9,-15,-11,-31,-10,-3,2,-4,-14,-21,-34,-24,-19,-17,sil
24.65863561630249,-13,-10,-10,-12,0,-5,-3,-2,-13,-22,-40,-27,-19,-25,sil
24.65863561630249,-14,-4,1,-5,0,-11,-8,-2,-12,-22,-27,-16,-13,-26,sil
24.65863561630249,-10,-2,-6,-7,-10,-13,-12,-5,-6,-9,-3,-2,1,-15,sil
24.67583036422729,3,0,-3,0,-11,-8,-11,-4,3,3,4,8,17,6,sil
24.67583036422729,24,2,16,2,-3,2,1,4,16,10,0,19,23,24,sil
24.687963485717773,21,2,4,0,0,3,9,8,18,11,0,17,19,20,sil
24.703575134277344,3,8,5,4,0,0,3,6,16,9,10,17,19,10,sil
24.703575134277344,2,11,3,5,0,0,5,1,19,15,15,26,26,15,sil
24.718780994415283,2,3,-5,-2,-3,-9,0,-3,-1,4,5,18,9,9,sil
24.718780994415283,-1,2,0,1,0,-19,-20,-3,-26,-18,6,10,-11,-7,sil
24.733917474746704,17,13,2,12,8,-14,-25,-6,-9,-7,36,28,3,1,sil
24.733917474746704,35,23,18,18,1,-5,-14,-4,13,14,48,40,22,23,sil
24.74962902069092,9,7,8,13,-12,-6,-13,0,0,6,23,14,3,9,sil
24.74962902069092,-22,-16,-16,-12,-15,-5,-13,-3,-23,-14,-3,-13,-22,-21,sil
24.76481413841248,-26,-12,-4,-22,-4,1,-4,-3,-24,-24,-11,-18,-28,-28,sil
24.76481413841248,-21,0,-3,0,5,5,7,0,-8,-14,-8,-16,-19,-17,sil
24.779962062835693,-20,-4,-8,0,4,7,7,5,1,0,-10,-17,-17,-15,sil
24.779962062835693,-11,-1,-5,-9,6,14,6,6,6,7,-13,-16,-13,-12,sil
24.79597759246826,7,8,6,14,20,17,16,7,10,14,-3,-7,1,6,sil
24.79597759246826,22,10,19,28,17,10,17,5,2,8,1,0,2,16,sil
24.81169104576111,21,0,4,16,0,-1,1,-3,-7,-6,-1,2,-9,10,sil
24.81169104576111,10,-3,2,6,0,0,-12,-3,-10,-5,0,0,-2,5,sil
24.827970266342163,-4,-4,-1,2,6,13,-8,0,-16,-3,-5,-9,3,-1,sil
24.8283531665802,-19,-12,-21,-4,0,10,4,-5,-21,-18,-22,-24,-9,-13,sil
24.843570470809937,-22,-19,-9,-17,-8,5,12,-1,-8,-17,-27,-23,-8,-17,sil
24.843570470809937,-17,-17,-6,-24,-4,4,14,2,7,0,-19,-21,2,-12,sil
24.859590768814087,-12,-9,-4,-17,0,0,10,-5,5,0,-18,-24,-5,-12,sil
24.859590768814087,-5,-3,0,-7,-4,-2,8,-1,2,4,-9,-17,-9,-12,sil
24.87476110458374,3,0,-1,-1,-7,0,12,6,20,24,5,0,6,5,sil
24.87476110458374,17,11,20,12,1,6,21,4,39,33,17,25,27,31,sil
24.890854358673096,26,24,25,28,16,7,27,3,42,33,33,47,41,36,sil
24.890854358673096,14,18,10,19,12,-2,5,2,28,26,34,34,28,17,sil
24.90692400932312,-4,6,-6,3,-1,-11,-21,0,7,6,10,3,2,-3,sil
24.90692400932312,-2,5,-10,0,-3,-16,-31,-5,-5,-4,0,-4,0,-4,sil
24.92229914665222,6,7,7,0,-3,-15,-37,-7,-17,-7,3,0,0,2,sil
24.92229914665222,0,-1,-6,-1,-11,-12,-35,-7,-29,-21,-1,-5,-12,-2,sil
24.937927722930908,-6,-10,-15,-7,-14,-13,-14,0,-27,-31,-9,1,-14,-4,sil
24.937927722930908,1,-8,-1,-6,-10,-9,3,4,-8,-17,-5,17,4,8,sil
24.95391249656677,6,-2,-2,-1,-7,0,8,0,-1,-4,-3,11,10,12,sil
24.95391249656677,7,-3,4,-9,-3,5,6,0,-7,-7,-9,-1,-6,0,sil
24.969735145568848,5,-13,1,-19,1,6,5,3,-1,-2,-6,-1,-9,-3,sil
24.969735145568848,0,-10,-2,-11,4,3,2,0,3,4,0,1,0,-1,sil
24.985138654708862,-6,4,0,-8,2,6,1,1,1,3,0,0,0,-3,sil
24.985138654708862,-6,0,-13,-17,0,3,4,3,10,2,-3,-8,-8,-5,sil
25.001001119613647,-12,-13,-6,-19,-6,-5,-3,0,11,0,-4,-12,-12,-7,sil
25.001001119613647,-22,-10,-3,-14,-9,-8,-6,-2,-1,-6,-10,-13,-13,-15,sil
25.01879382133484,-17,-2,-6,-15,-3,-1,-5,0,0,-3,-11,-16,-12,-21,sorry
25.01879382133484,3,4,8,-3,4,8,-5,1,10,12,4,-1,-4,-16,sorry
25.032082319259644,22,18,14,23,14,11,2,-2,1,17,25,19,7,0,sorry
25.032082319259644,17,26,21,33,20,7,6,-3,-18,0,26,19,11,10,sorry
25.04760718345642,0,16,4,20,13,3,-2,2,-20,-9,13,1,4,3,sorry
25.04760718345642,-5,3,-10,10,0,-7,-13,0,-11,-10,4,0,-1,-6,sorry
25.063497066497803,8,12,5,12,0,-12,-12,-1,-10,-21,8,11,0,-8,sorry
25.063497066497803,14,17,6,18,7,-4,2,2,-5,-16,9,5,1,2,sorry
25.07890677452088,7,2,8,24,1,5,15,4,6,5,0,-7,1,13,sorry
25.07890677452088,3,-5,4,27,0,12,21,4,8,21,-5,-4,5,15,sorry
25.094305992126465,-2,-3,-4,23,4,18,31,3,3,23,-11,0,13,17,sorry
25.094305992126465,-14,-5,2,15,1,18,32,0,2,10,-18,-6,5,15,sorry
25.110207557678223,-14,-11,-7,16,-3,8,15,-2,3,2,-16,-16,-8,2,sorry
25.110207557678223,-1,-7,-7,8,1,5,6,0,7,13,-16,-18,-10,-4,sorry
25.12573766708374,1,-9,-3,-11,4,9,10,2,22,26,-13,-8,3,0,sorry
25.12573766708374,-8,-17,-13,-22,-3,-5,-10,-7,24,10,-8,1,7,1,sorry
25.141817331314087,-9,-15,-7,-20,-10,-23,-32,-11,2,-17,-12,0,-2,-4,sorry
25.141817331314087,1,-9,-3,-23,-5,-22,-17,0,-8,-21,-11,1,0,2,sorry
25.157702445983887,0,-9,-3,-40,-8,-15,-5,4,0,-11,0,9,8,10,sorry
25.157702445983887,-10,-6,-6,-51,-20,-17,-20,0,-3,-16,6,5,1,-3,sorry
25.17301654815674,3,1,-4,-39,-18,-16,-20,-6,-8,-11,13,-2,-4,-11,sorry
25.17301654815674,18,7,11,-20,-6,0,-7,-4,-3,0,18,0,-3,-10,sorry
25.18857789039612,1,3,-4,-18,-3,4,-10,0,-1,-9,6,-1,-10,-24,sorry
25.18857789039612,-6,5,-7,-19,-2,0,-25,0,-7,-18,-1,1,-12,-30,sorry
25.204136610031128,6,19,10,0,7,5,-18,0,-12,-10,6,12,0,-10,sorry
25.204136610031128,4,23,5,22,15,6,1,3,-11,-2,16,14,6,3,sorry
25.21932816505432,-1,19,8,26,13,0,6,6,-7,5,17,8,6,6,sorry
25.21932816505432,2,11,11,28,6,2,9,0,-2,13,7,0,1,13,sorry
25.23485803604126,1,-7,7,24,2,8,22,-2,3,18,-3,0,0,17,sorry
25.251952171325684,-2,-13,2,18,6,16,30,3,18,30,1,1,10,16,sorry
25.251952171325684,0,-6,-2,22,4,17,24,5,17,27,4,-5,12,14,sorry
25.251952171325684,-4,-9,4,17,-4,8,16,2,-1,5,-6,-13,0,3,sorry
25.26699924468994,-1,-15,-5,0,-2,3,13,3,0,3,-2,-1,4,1,sorry
25.26699924468994,4,-8,-6,-3,6,0,3,2,10,10,6,11,9,8,sorry
25.28303360939026,0,0,1,4,7,-2,-12,0,0,-6,0,4,-2,-3,sorry
25.28303360939026,-3,3,-11,14,2,-7,-16,-4,-11,-16,7,0,-7,-17,sorry
25.298777103424072,5,5,0,10,-2,-13,-8,-2,-4,-8,10,5,-5,-6,sorry
25.298777103424072,7,1,7,-2,0,-8,0,2,3,-11,-14,0,-10,5,sorry
25.31486487388611,3,0,-7,-9,2,5,0,1,-2,-26,-33,-15,-15,0,sorry
25.31486487388611,0,1,-6,-18,-7,2,0,-2,-6,-23,-21,-13,-13,-7,sorry
25.329795122146606,1,0,2,-15,-14,-9,2,-2,10,3,-1,0,-2,5,sorry
25.329795122146606,11,9,15,13,2,-2,6,4,19,22,10,14,8,19,sorry
25.34582591056824,6,11,3,27,11,4,2,3,4,9,-1,2,1,2,sorry
25.34582591056824,-10,-3,-14,0,-2,-5,-9,-7,-3,-9,-20,-15,-8,-18,sorry
25.361634016036987,-9,-4,-1,-13,-7,-5,-18,-6,-10,-7,-12,-7,-1,-14,sorry
25.361634016036987,-3,2,-1,5,-1,-1,-17,0,-27,-10,-5,-4,-1,-7,sorry
25.37665891647339,-12,0,-4,3,0,0,-12,-3,-23,-25,-19,-17,-11,-13,sorry
25.39226055145264,-8,2,-4,-8,6,8,2,-4,1,-14,-7,-7,0,0,sorry
25.39226055145264,1,0,-1,-6,9,1,14,2,12,13,19,8,17,11,sorry
25.40808367729187,-4,-9,7,-13,-2,-6,3,0,5,18,20,2,13,-1,sorry
25.40808367729187,-8,-8,0,-27,-8,0,-6,-5,1,12,9,-2,5,-8,sorry
25.40808367729187,0,-2,-1,-20,-5,1,-3,0,-1,7,6,4,4,0,sorry
25.42386603355408,8,-2,4,-7,-4,-3,0,11,2,6,17,9,11,5,sorry
25.42386603355408,7,-3,6,-13,-4,0,0,5,9,10,22,11,11,13,sorry
25.43981099128723,-3,-3,3,-17,-3,7,4,0,4,9,4,2,0,3,sorry
25.43981099128723,-14,-7,-14,-4,0,3,10,2,0,12,2,-3,1,-6,sorry
25.454171180725098,-3,-2,-1,8,3,2,8,1,0,18,25,10,15,10,sorry
25.47060537338257,15,10,14,17,4,7,4,-2,13,18,30,27,15,22,sorry
25.47060537338257,17,20,7,19,5,1,1,-5,17,4,12,21,5,5,sorry
25.47060537338257,3,13,5,14,3,-1,-2,-4,-3,-18,-10,0,-14,-9,sorry
25.485637426376343,-8,-4,-12,10,0,-1,-6,-5,-25,-37,-34,-20,-37,-12,sorry
25.50122594833374,-2,-8,-10,2,-4,-6,-7,-2,-23,-37,-44,-21,-40,-13,sorry
25.50122594833374,9,1,9,0,-5,-7,-7,1,-10,-23,-33,-7,-21,-11,sorry
25.51786971092224,5,-1,3,9,-1,-1,1,4,3,-3,-12,-1,2,-1,sorry
25.5185182094574,0,-9,3,7,0,4,14,8,16,8,0,0,14,9,sorry
25.532551527023315,5,-5,0,2,2,0,18,6,24,12,6,2,14,17,sorry
25.532551527023315,14,3,5,14,9,-5,15,1,28,22,15,6,19,22,sorry
25.547762632369995,6,6,12,13,11,-4,1,0,16,20,17,8,21,16,sorry
25.547762632369995,-9,0,-14,-5,3,-5,-13,-1,-8,-4,0,-5,0,-4,sorry
25.56381106376648,-9,-2,-14,-10,0,0,-15,-2,-20,-13,-12,-15,-17,-14,sil
25.56381106376648,0,5,1,3,-1,11,-9,-1,-9,7,2,-3,-2,-5,sil
25.578946113586422,1,5,3,11,0,12,-4,-2,0,16,18,6,11,-2,sil
25.578946113586422,0,0,0,2,2,7,4,0,-2,5,9,1,0,-10,sil
25.59459018707276,-7,-2,-6,-11,-2,5,9,-1,-13,-4,-7,-8,-12,-15,sil
25.59459018707276,-10,0,-3,-10,-7,3,2,-9,-14,-8,-11,-11,-8,-10,sil
25.61068272590637,-5,5,-3,0,0,-2,0,-4,-3,0,-1,-2,1,-3,sil
25.61068272590637,-7,4,-3,-4,0,-12,-5,3,-8,-1,-3,2,-1,-4,sil
25.625837326049805,-13,-5,1,-16,-7,-11,-10,0,-18,-15,-14,-3,-10,-8,sil
25.625837326049805,-8,-13,-5,-19,-9,-1,-2,-1,-3,-11,-12,-7,-3,0,sil
25.64195680618286,-7,-9,-2,-14,-6,0,0,-1,9,0,-3,0,0,5,sil
25.64195680618286,-2,-3,3,0,-1,-7,-3,-1,5,-3,0,7,-5,0,sil
25.65721154212952,8,1,4,5,0,-10,-6,1,4,-3,0,4,-4,0,sil
25.65721154212952,12,5,4,1,0,-4,-3,3,10,4,4,2,7,8,sil
25.67316007614136,14,1,3,3,2,-1,4,2,14,2,12,9,16,18,sil
25.67316007614136,17,0,10,8,5,3,8,5,12,0,13,10,8,17,sil
25.68882656097412,9,1,4,3,1,12,6,7,8,6,9,2,2,4,sil
25.68882656097412,0,0,-1,1,5,6,4,0,3,6,6,-1,5,-2,sil
25.7038254737854,0,-3,0,2,5,0,0,-2,-1,0,6,0,3,1,sil
25.7038254737854,2,-3,-4,-3,-4,7,0,4,-1,7,11,0,0,8,sil
25.718949794769287,2,-6,6,-20,0,14,6,5,0,13,4,0,2,7,sil
25.718949794769287,0,-5,2,-20,8,9,8,-2,0,3,-4,-4,5,0,sil
25.73496437072754,-5,6,-6,2,-3,-1,0,-7,2,-5,1,-2,0,-2,sil
25.73496437072754,-4,10,4,15,-9,-3,0,-2,5,-3,2,4,-7,-3,sil
25.75053381919861,-2,4,-1,11,2,-4,0,-1,-3,-9,-20,-1,-13,-12,sil
25.75053381919861,-3,3,-1,12,-2,-13,-12,-1,-19,-23,-37,-9,-19,-19,sil
25.765724897384644,-4,4,0,15,-11,-12,-14,-2,-15,-13,-14,-4,-17,-16,sil
25.765724897384644,2,6,-2,11,2,3,4,-1,2,11,14,4,1,-4,sil
25.780860900878903,0,9,5,7,13,8,6,-1,3,9,8,5,12,-2,sil
25.780860900878903,-10,7,0,5,5,-6,-6,-2,-9,-1,0,4,1,-6,sil
25.796924829483032,2,11,1,9,7,-2,1,3,-3,9,24,19,6,4,sil
25.796924829483032,17,6,-1,4,12,7,12,4,4,15,32,21,19,12,sil
25.8119900226593,-1,-12,-3,-8,0,-4,-10,-7,-9,-1,0,-1,7,2,sil
25.8119900226593,-5,-8,10,-3,-2,-8,-20,-5,-15,-1,-8,-4,-1,9,sil
25.827545166015625,10,-1,1,2,8,5,0,2,-1,12,3,1,1,16,sil
25.827545166015625,-2,-16,-8,-14,0,3,-2,1,-6,2,-12,-13,-7,0,sil
25.843048095703125,-22,-24,-8,-17,-15,2,-7,-1,-6,-5,-27,-19,-13,0,sil
25.843048095703125,-14,-14,-5,-3,-9,12,13,1,10,-1,-14,-12,-7,7,sil
25.85850620269776,-6,-9,-2,-8,-3,14,27,2,17,-1,-16,-17,-16,-2,sil
25.85850620269776,-1,-2,-10,-7,-6,1,25,1,20,-2,-22,-17,-12,-4,sil
25.87558364868164,8,1,0,3,-3,0,24,6,32,4,-4,0,13,7,sil
25.87558364868164,9,-4,1,1,0,2,18,11,38,12,8,2,24,9,sil
25.889633178710938,2,-5,0,-7,-5,-6,0,1,24,10,6,-4,12,2,sil
25.889633178710938,3,3,10,-10,-9,-12,-18,-4,1,0,8,1,4,-3,sil
25.905940294265747,8,10,-2,-5,0,-2,-18,0,-7,-6,15,10,2,-6,sil
25.905940294265747,8,14,2,0,9,-4,-13,4,-9,-11,12,11,-1,-2,sil
25.921390056610107,0,8,5,-2,0,-21,-17,-1,-15,-14,6,8,0,-6,sil
25.921390056610107,-5,2,-6,-7,-10,-20,-28,-10,-19,-14,2,6,0,-15,sil
25.93793630599976,-4,7,3,-8,-9,-6,-34,-9,-28,-20,0,7,-11,-14,sil
25.953081607818604,0,7,0,-3,0,-6,-24,-8,-36,-17,6,4,-11,-9,sil
25.953081607818604,4,10,7,4,12,-8,-15,-6,-32,-9,15,2,-3,-12,sil
25.969666957855225,11,16,11,20,17,5,-8,0,-16,-3,13,8,-1,-8,sil
25.969666957855225,14,14,5,24,17,13,8,8,-4,5,16,15,6,9,sil
25.969666957855225,11,8,16,22,14,14,25,8,0,18,17,18,17,19,sil
25.98467779159546,3,1,-1,25,12,16,33,0,9,19,3,4,11,14,sil
25.98467779159546,-2,-7,0,9,6,17,32,-1,19,11,-13,-7,-4,14,sil
25.999526500701904,-12,-14,-2,-10,-2,12,28,2,18,6,-18,-11,-13,10,sil
25.999526500701904,-24,-23,-26,-14,-16,0,14,-1,9,0,-25,-23,-11,-8,sil
26.015748023986816,-19,-19,-5,-15,-25,-6,-5,-6,0,-13,-40,-27,-13,-16,sil
26.015748023986816,-9,-11,-8,-9,-9,0,1,-5,1,-6,-35,-13,-18,-11,sil
26.03024792671204,-9,-5,-6,7,11,14,19,2,4,12,-8,-4,-10,-5,sil
26.03024792671204,-9,-5,5,13,10,17,16,7,10,21,7,-3,8,3,sil
26.046045303344727,0,-12,-9,3,-4,1,6,0,18,22,2,-6,17,12,sil
26.046045303344727,3,-8,10,-3,-9,-2,1,1,14,13,-3,-2,8,13,sil
26.062695503234863,-4,-1,-1,-3,-2,-2,-8,3,6,1,0,-3,6,4,sil
26.062695503234863,0,-5,-18,-13,-5,-15,-22,-5,7,-3,4,-1,11,0,sil
26.07776618003845,15,0,8,-18,-10,-12,-21,0,7,-5,17,19,14,10,sil
26.07776618003845,16,5,-3,-11,-3,-10,-17,8,0,-9,26,29,13,9,sil
26.095260858535767,16,14,9,-8,5,-18,-26,3,-11,-22,17,19,3,-3,sil
26.095260858535767,26,33,28,2,9,-12,-30,0,-14,-14,21,20,0,0,sil
26.109967947006226,22,32,-2,12,3,-8,-19,-2,-10,0,27,16,4,1,sil
26.109967947006226,5,15,9,0,-1,-11,-15,0,-19,-11,8,2,-2,-10,sil
26.12453579902649,-3,18,10,2,2,-2,-15,2,-32,-24,-1,-19,-12,-13,sil
26.12453579902649,-8,7,-30,18,10,9,9,0,-14,-6,-1,-31,-9,-1,sil
0.014139175415039,-11,-14,-5,12,7,13,42,1,15,15,-11,-9,-8,1,sorry
0.0281603336334228,-18,-17,15,6,0,16,36,0,11,17,-22,-1,-9,-6,sorry
0.0281603336334228,-24,-15,-12,-1,0,16,20,-5,0,6,-28,-17,-13,-13,sorry
0.0440661907196044,-13,-15,4,-15,3,12,17,-2,16,5,-18,-6,-9,-2,sorry
0.0440661907196044,0,-10,3,-15,-5,2,10,0,23,12,2,12,7,9,sorry
0.0600907802581787,-1,-15,-16,-13,-14,-6,2,-6,9,9,0,2,9,4,sorry
0.0600907802581787,-2,-17,2,-21,-15,-6,3,-2,3,1,-11,-1,0,-2,sorry
0.0763497352600097,0,-13,-12,-21,-15,-7,0,0,8,1,-4,4,1,0,sorry
0.0763497352600097,0,-8,-4,-9,-11,-7,-8,-2,-1,-4,0,3,4,3,sorry
0.0915408134460449,3,5,17,10,1,0,-8,-2,-9,-10,4,2,3,1,sorry
0.0915408134460449,13,15,-2,16,10,-5,-10,-1,-3,-7,18,9,3,0,sorry
0.107548713684082,18,15,9,1,2,-18,-28,3,-14,-10,23,17,2,-6,sorry
0.107548713684082,6,16,5,8,1,-16,-32,8,-26,-14,15,8,0,-11,sorry
0.123511791229248,0,23,4,29,17,-2,-21,1,-23,-19,4,0,-5,-13,sorry
0.123511791229248,1,21,14,29,25,15,-10,0,-21,-15,0,-3,-8,-6,sorry
0.1391563415527343,-4,2,-14,31,25,27,16,1,-12,15,0,-16,-3,4,sorry
0.1391563415527343,-5,0,0,35,22,32,42,4,8,30,-5,-17,-2,12,sorry
0.1541948318481445,-7,4,8,19,8,23,34,3,22,13,-15,-12,-4,8,sorry
0.1541948318481445,-16,-15,-10,-8,-7,7,14,0,17,12,-25,-20,-3,0,sorry
0.1696135997772216,-14,-23,-3,-14,-10,2,7,-1,9,20,-24,-13,0,0,sorry
0.1696135997772216,-5,-11,-9,-6,-10,-3,0,-4,-1,-3,-12,0,-5,3,sorry
0.1854398250579834,6,0,2,-9,-14,-11,-9,1,-6,-26,6,14,0,9,sorry
0.1854398250579834,27,8,15,-6,-8,-3,2,6,14,-1,30,27,24,27,sorry
0.2015531063079834,27,0,2,-5,-6,0,4,-4,25,12,23,19,27,24,sorry
0.2015531063079834,0,-18,-3,-28,-16,-10,-7,-4,2,-6,0,0,5,-2,sorry
0.2166838645935058,-12,-17,-15,-34,-20,-16,-4,1,0,-4,-3,-5,0,-12,sorry
0.2166838645935058,0,0,0,-24,-16,-16,-5,0,10,6,0,2,4,-4,sorry
0.2333681583404541,8,3,6,-27,-10,-13,-15,0,6,3,-6,7,1,0,sorry
0.2333681583404541,3,0,-9,-22,0,-8,-6,3,4,-5,-10,-3,-8,-4,sorry
0.2474870681762695,-7,-1,-3,-8,3,-3,8,0,8,-4,-5,-11,-13,-9,sorry
0.2474870681762695,-17,-3,-7,-9,-1,0,7,0,8,-1,2,-8,-7,-8,sorry
0.2633545398712158,-9,-1,-7,-18,-2,-3,-7,-1,-1,-14,-4,-4,-9,-13,sorry
0.2633545398712158,1,7,-2,-2,6,-6,-14,-2,-14,-16,-6,-3,-6,-15,sorry
0.279393196105957,0,9,-3,12,9,-1,-10,-4,-14,11,12,4,7,-5,sorry
0.2948360443115234,-3,2,9,13,5,4,-16,-2,-9,17,20,13,8,1,sorry
0.2948360443115234,7,8,11,23,14,7,-10,-1,-3,3,17,18,4,2,sorry
0.2948360443115234,17,24,16,36,22,10,11,2,5,8,22,21,11,6,sorry
0.3114819526672363,7,19,13,31,16,10,13,7,4,12,16,10,9,12,sorry
0.3114819526672363,0,2,1,24,10,1,-6,0,-12,-1,2,0,-3,7,sorry
0.3275537490844726,5,3,9,22,6,0,-10,-11,-31,-12,-1,0,-9,-1,sorry
0.3275537490844726,1,3,2,17,1,4,0,-5,-31,-12,-8,-4,-7,-1,sorry
0.3432369232177734,-11,-7,-10,6,-1,7,1,4,-12,-7,-16,-17,-8,-2,sorry
0.3432369232177734,-19,-10,-13,1,-4,7,8,10,6,-1,-19,-21,-14,-10,sorry
0.3573431968688965,-15,-4,-10,10,1,12,26,6,6,-1,-22,-26,-14,-10,sorry
0.374091625213623,-3,-1,2,9,10,17,29,0,0,-2,-23,-23,-5,-4,sorry
0.374091625213623,-2,-3,-2,-9,-5,7,9,-1,-1,-4,-21,-12,-6,-1,sorry
0.374091625213623,-5,-9,-5,-19,-17,-6,-4,-2,-3,-10,-19,-6,-15,-1,sorry
0.3892889022827148,3,-6,2,-4,-4,-3,1,0,2,-2,0,3,1,3,sorry
0.3892889022827148,11,-2,2,4,0,0,9,2,21,17,14,17,21,12,sorry
0.4048933982849121,3,-6,1,-8,-12,-3,2,0,26,19,3,11,11,11,sorry
0.4058926105499267,-4,-13,-6,-26,-16,-10,-8,0,16,3,-1,-6,0,0,sorry
0.4194793701171875,-7,-11,-5,-26,-9,-13,-17,0,6,-5,5,-7,2,-2,sorry
0.437183141708374,-2,-8,0,-19,-4,-12,-15,-3,2,-4,10,2,7,2,sorry
0.437183141708374,4,-8,-2,-19,-1,-10,-7,-4,5,2,16,6,11,5,sorry
0.437183141708374,10,0,4,-16,0,-5,-6,0,5,6,18,11,16,1,sorry
0.4524106979370117,13,10,3,-6,1,3,-2,0,0,1,10,15,14,5,sorry
0.466519832611084,14,11,4,0,0,7,9,0,1,0,3,10,6,6,sorry
0.466519832611084,13,12,8,3,3,-1,14,4,14,10,12,12,9,3,sorry
0.4833066463470459,8,15,4,10,6,-8,5,6,15,14,16,14,12,4,sorry
0.4833066463470459,2,13,4,8,2,-1,-4,0,-2,-1,2,9,-2,2,sorry
0.4833066463470459,4,10,-1,10,5,0,-6,-3,-10,-2,0,14,-7,0,sorry
0.4984054565429687,6,10,3,12,13,-6,-8,0,-3,4,-1,15,0,1,sorry
0.5146000385284424,-5,1,2,0,7,-3,-8,1,-3,-9,-15,-2,-7,-1,sorry
0.5146000385284424,-15,-4,-6,-1,0,4,-4,-1,-13,-14,-6,-13,-13,-4,sorry
0.5146000385284424,-6,4,6,15,1,3,-4,-2,-17,-2,8,-5,-9,-3,sorry
0.5303668975830078,-4,4,-3,18,0,0,-5,-1,-17,-10,-3,-10,-11,-9,sorry
0.544459342956543,-17,-11,-14,-2,-2,3,-3,-3,-25,-24,-17,-22,-17,-17,sorry
0.544459342956543,-21,-21,-8,-16,-8,5,-5,-5,-31,-20,-18,-19,-19,-14,sorry
0.560044527053833,-14,-23,-17,-12,-10,0,-10,-4,-20,-7,-18,-12,-19,-10,sorry
0.560044527053833,-9,-10,-7,0,1,4,-2,3,2,7,-7,-11,-9,-3,sorry
0.5755040645599365,-5,2,3,11,11,14,10,10,23,17,2,-10,7,2,sil
0.5755040645599365,1,0,3,4,-1,7,8,3,23,9,-1,-12,6,-3,sil
0.5911669731140137,6,0,5,-1,-4,2,6,-3,11,6,0,-9,0,-8,sil
0.5911669731140137,11,6,7,15,11,7,16,-2,14,15,15,4,11,5,sil
0.6065497398376465,17,10,16,20,7,7,17,0,13,8,10,12,21,12,sil
0.6065497398376465,9,2,6,0,-9,-3,7,0,-6,-7,-5,0,6,1,sil
0.6226539611816406,-1,-2,-4,-7,-14,-14,0,1,-18,-10,-10,0,-4,-3,sil
0.6226539611816406,1,1,2,1,-8,-11,4,5,-1,4,3,16,4,4,sil
0.638066291809082,9,5,3,0,7,0,17,1,20,15,14,14,12,11,sil
0.638066291809082,9,4,4,-3,17,0,15,0,18,1,2,4,6,8,sil
0.6532237529754639,2,0,-3,0,0,-5,-3,5,-1,-11,-6,6,3,8,sil
0.6532237529754639,0,-2,-8,-4,-11,-5,-11,1,-4,-5,0,10,3,11,sil
0.6693158149719238,4,0,1,-6,0,1,0,-2,14,11,9,9,3,7,sil
0.6693158149719238,7,4,1,-1,1,0,0,0,21,24,10,5,9,6,sil
0.6852865219116211,0,4,0,-1,-3,-4,-17,-4,1,8,8,1,4,3,sil
0.6852865219116211,-7,0,-5,-1,2,2,-23,-5,-12,-14,6,1,-7,-6,sil
0.7003226280212402,-4,-3,-4,-2,8,10,-12,1,-1,-7,6,3,-4,-8,sil
0.7003226280212402,3,4,6,-1,2,3,-8,1,4,1,6,0,4,-1,sil
0.7160820960998535,3,0,-3,-2,-8,-8,-12,-6,-14,-17,-3,-6,-6,-6,sil
0.7160820960998535,-11,-22,-4,-13,-18,-10,-11,-6,-30,-31,-18,-13,-26,-16,sil
0.7316105365753174,-18,-28,-6,-20,-15,0,0,-2,-12,-11,-18,-13,-18,-8,sil
0.7316105365753174,-10,-15,-6,-14,-1,8,8,1,6,6,-14,-11,-2,0,sil
0.7476325035095215,-9,0,6,-7,1,2,4,8,-1,0,-20,-14,-10,-3,sil
0.7476325035095215,-3,11,1,2,0,-6,7,9,-5,-6,-17,-14,-11,-7,sil
0.7635045051574707,5,12,3,8,3,-2,13,2,8,0,0,0,1,-3,sil
0.7635045051574707,0,4,1,5,7,1,4,-4,7,0,8,6,3,-2,sil
0.7792165279388428,-2,7,-2,7,13,-3,0,-2,-4,2,12,5,3,0,sil
0.7792165279388428,3,14,9,11,13,-1,1,3,-4,14,16,10,18,3,sil
0.7943539619445801,0,0,-5,4,1,0,-3,-1,-4,11,6,8,19,0,sil
0.7943539619445801,1,-3,-3,4,1,-1,-8,-4,-10,0,3,4,5,2,sil
0.8098855018615723,17,12,15,18,11,5,7,2,3,12,20,13,11,15,sil
0.8098855018615723,18,13,8,17,2,2,13,2,12,11,7,8,8,9,sil
0.8249120712280273,2,1,1,0,-8,-6,2,-4,-6,-12,-25,-7,-15,-6,sil
0.8249120712280273,-2,-3,-2,0,-1,0,5,-2,-10,-12,-6,-4,-14,-2,sil
0.8413894176483154,5,-1,3,3,4,10,7,1,6,5,25,6,4,5,sil
0.8413894176483154,1,3,9,4,0,6,-2,-2,9,8,12,0,2,0,sil
0.8568689823150635,-3,5,0,18,2,4,-6,-3,3,5,2,-3,0,0,sil
0.8568689823150635,6,2,3,25,4,12,-3,4,-2,7,11,6,7,10,sil
0.8726634979248047,6,-3,-7,2,-4,9,4,3,-3,7,-3,0,5,12,sil
0.8726634979248047,-12,-14,-19,-22,-11,4,14,-1,11,2,-25,-15,-3,5,sil
0.8881938457489014,-17,-13,-8,-21,-5,9,17,2,27,0,-14,-11,-3,0,sil
0.8881938457489014,-7,-9,-4,-4,-1,4,14,0,29,4,3,1,7,-1,sil
0.9034180641174316,-5,-13,-3,-10,-6,-6,0,-4,20,9,0,2,10,0,sil
0.9034180641174316,-9,-14,-10,-28,-10,-17,-24,-3,5,1,-8,-5,1,-5,sil
0.918754816055298,-1,-2,1,-17,-12,-31,-42,-2,-9,-10,-2,0,-5,-8,sil
0.918754816055298,13,9,16,4,-7,-24,-33,0,-14,-15,5,11,-5,-3,sil
0.93434476852417,12,3,0,0,3,-6,-6,2,-17,-16,1,6,-7,-7,sil
0.93434476852417,0,-2,0,-15,3,-3,0,3,-26,-20,-5,0,-11,-19,sil
0.9504013061523438,-8,0,-3,-15,-2,0,-1,4,-20,-19,-2,0,-12,-18,sil
0.9504013061523438,-9,3,-7,-8,0,0,7,2,-8,-13,-1,-5,-12,-6,sil
0.9654431343078612,-1,6,8,-1,7,-1,11,0,-8,-7,-13,-13,-12,-1,sil
0.9654431343078612,5,11,8,13,6,1,0,0,-8,-4,-13,-9,-8,2,sil
0.9813144207000732,1,14,7,21,4,8,-4,-1,-11,-10,-8,-7,-14,7,sil
0.9813144207000732,-4,4,-1,17,8,11,13,-1,-17,-9,-13,-11,-18,0,sil
0.9965424537658693,-2,-6,-1,14,10,22,32,2,-3,11,-14,-8,-2,0,sil
1.0131211280822754,-2,-5,8,10,6,30,37,2,19,35,-2,1,15,12,sil
1.0131211280822754,-1,-4,-3,0,2,14,23,-2,21,35,3,4,19,12,sil
1.0131211280822754,10,-5,0,-5,-4,-4,-2,-4,17,22,10,11,24,10,sil
1.027496337890625,21,-1,10,0,-12,-14,-22,-4,22,17,26,27,34,24,sil
1.043907880783081,18,3,-1,-7,-19,-28,-36,-3,15,7,36,28,31,17,sil
1.043907880783081,8,9,-5,-16,-20,-29,-43,0,-1,-14,31,14,17,-5,sil
1.043907880783081,-1,8,-5,-3,0,-11,-29,0,-9,-25,21,2,3,-15,sil
1.0594611167907717,-3,9,8,19,21,3,-10,-1,-15,-21,11,-2,-9,-17,sil
1.075385808944702,-4,10,4,27,22,11,0,-1,-20,-11,6,-6,-14,-21,sil
1.075385808944702,-11,1,-9,13,17,15,12,2,-8,2,1,-9,-12,-13,sil
1.075385808944702,-11,-2,2,8,20,23,26,7,17,19,0,-7,-2,4,sil
1.089789867401123,-3,-4,-1,11,9,18,32,8,33,32,0,-1,12,15,sil
1.089789867401123,-5,-19,-10,-11,-10,0,25,2,26,30,-6,2,10,14,sil
1.106199026107788,-7,-23,-10,-31,-12,-2,15,-1,21,16,-10,-1,1,11,sil
1.106199026107788,2,-5,-6,-20,-5,-3,9,-5,18,4,-1,-3,5,14,sil
1.1213767528533936,7,4,8,-22,-13,-15,-3,-3,0,-7,3,7,2,9,sil
1.122453689575195,4,0,1,-28,-17,-21,-18,0,-19,-23,2,10,-6,-5,sil
1.135544776916504,8,7,3,-3,-5,-17,-24,0,-26,-31,0,0,-15,-13,sil
1.15162992477417,3,14,10,17,-1,-9,-18,-3,-38,-29,-10,-4,-25,-14,sil
1.15162992477417,-11,0,-6,12,-7,1,-8,-3,-47,-27,-31,-17,-36,-21,sil
1.1671812534332275,-15,-11,-7,9,0,17,0,3,-39,-22,-58,-41,-45,-28,sil
1.1671812534332275,-10,-6,-2,27,10,21,15,7,-16,0,-59,-39,-34,-14,sil
1.1831281185150146,-5,0,3,38,8,17,22,2,10,19,-35,-15,-4,9,sil
1.1831281185150146,0,-3,5,17,0,12,12,1,27,20,-20,-4,10,17,sil
1.1983323097229004,7,-4,-2,-5,-3,0,2,0,24,14,-6,1,12,13,sil
1.1983323097229004,7,-4,5,-14,-9,-7,-1,-5,11,8,10,20,18,8,sil
1.2141211032867432,6,0,0,-9,-5,-4,-1,-2,16,5,14,19,21,4,sil
1.2141211032867432,13,7,-1,-1,1,-3,1,2,30,7,17,10,24,9,sil
1.2291131019592283,11,6,7,-6,-1,-4,-3,1,20,1,35,18,26,7,sil
1.2291131019592283,0,-2,-2,-24,-5,-10,-14,-3,0,-7,43,27,18,-2,sil
1.24426531791687,4,3,3,-26,1,-12,-14,-2,0,-2,43,29,16,0,sil
1.24426531791687,17,10,0,-11,9,-5,-9,0,5,-1,43,18,18,4,sil
1.2599127292633057,-1,0,-14,-21,0,-8,-16,0,-5,-18,30,1,3,-2,sil
1.2599127292633057,-18,-3,-7,-33,-1,-12,-18,1,-11,-18,20,3,-4,-9,sil
1.2750742435455322,-3,6,0,-12,12,-3,-6,5,-2,-3,16,2,1,-7,sil
1.2750742435455322,2,11,8,10,15,3,-4,2,-4,-6,2,-12,-11,-6,sil
1.2911572456359863,-1,14,6,22,6,0,-11,-2,-11,-7,-6,-9,-20,-5,sil
1.2911572456359863,3,18,7,36,7,-4,-4,-4,-11,4,-1,-1,-7,0,sil
1.306326389312744,5,15,16,40,8,5,11,1,-15,9,0,-4,0,5,sil
1.306326389312744,0,0,5,30,2,14,23,4,-8,12,-2,-2,0,11,sil
1.3215856552124023,0,-6,4,17,-3,16,20,3,5,20,-12,-2,1,12,sil
1.3215856552124023,-4,-10,-4,7,-11,12,16,0,4,16,-28,-18,-1,0,sil
1.3372745513916016,-16,-19,-16,-1,-11,6,14,-2,-5,6,-33,-21,-13,-7,sil
1.3372745513916016,-16,-18,-1,-5,-6,8,8,0,-7,4,-28,-4,-17,-4,sil
1.3527867794036863,-13,-14,-5,-8,-10,7,4,-3,-4,1,-30,-6,-12,-5,sil
1.3527867794036863,-11,-18,-6,-15,-11,-1,4,-6,-3,-1,-33,-15,-11,-10,sil
1.3687782287597656,-6,-13,-7,-10,-1,-4,4,0,0,4,-21,-10,-10,-6,sil
1.3687782287597656,-5,-6,-17,-4,4,4,-2,0,6,7,-9,-4,-2,-2,sil
1.3842542171478271,-9,-3,-7,-9,5,10,-5,-1,10,-5,-8,1,1,-5,sil
1.3842542171478271,1,0,-2,-9,10,0,5,6,19,-5,5,9,9,0,sil
1.400294065475464,21,2,6,-7,4,-15,0,8,24,4,23,9,15,12,sil
1.400294065475464,16,2,8,-6,-6,-12,-9,0,14,-2,16,4,14,8,sil
1.4163122177124023,7,7,0,3,-4,-7,0,-3,7,-11,9,7,17,2,sil
1.4163122177124023,15,13,12,8,0,-3,6,0,7,-7,19,12,16,6,sil
1.4319305419921875,10,9,7,6,1,-2,-5,-1,-1,-2,17,1,3,5,sil
1.4319305419921875,-1,7,1,9,1,-3,-12,-4,-18,-1,7,0,0,0,sil
1.447822332382202,2,7,2,0,0,-1,-7,-5,-19,-1,9,8,2,2,sil
1.447822332382202,6,0,-3,-16,-9,0,-4,-3,-14,-12,0,1,-8,4,sil
1.4634621143341064,1,2,7,-8,-3,0,-3,2,-13,-16,-5,-2,-13,5,sil
1.4634621143341064,5,12,1,12,11,6,0,5,0,6,12,10,4,9,sil
1.4785053730010986,5,7,0,7,11,7,0,2,10,17,14,12,9,5,sil
1.4785053730010986,0,0,3,-8,0,3,0,1,11,1,-4,3,-3,0,sil
1.494086503982544,5,0,-4,-5,0,0,3,0,12,1,0,2,0,0,sil
1.494086503982544,6,4,5,2,3,-3,0,3,7,12,8,3,3,0,sil
1.5101170539855957,-7,-2,3,-3,-5,-8,-12,1,-1,9,4,-3,0,-6,sil
1.5101170539855957,-13,-8,-4,-9,-8,-9,-15,-5,-10,-7,0,-1,-4,-9,sil
1.5253150463104248,-3,4,4,1,1,-1,-9,-3,-14,-20,-3,3,-6,-9,sil
1.5253150463104248,-4,3,0,8,3,-1,-3,-2,-13,-14,-4,-4,-6,-9,sil
1.5414228439331057,-17,-12,-7,-5,-4,-10,-5,-7,-9,-3,-5,-12,-2,-7,sil
1.5414228439331057,-22,-14,-14,-8,-7,-7,-2,-2,-1,-4,-2,-9,1,-6,sil
1.556947946548462,-12,-7,-4,2,-7,-2,-1,6,0,-9,0,-6,-1,-7,sil
1.556947946548462,0,-3,10,10,-7,0,0,5,-4,-10,-5,-4,-11,-12,sil
1.5725491046905518,1,-2,-2,8,-4,5,12,0,1,0,-7,-1,-8,-11,sil
1.5725491046905518,-5,-3,-1,-4,0,15,20,1,11,7,-4,-3,0,-3,sil
1.5880608558654783,-4,-3,-2,-8,3,15,16,6,11,6,-3,-7,1,4,sil
1.5880608558654783,14,3,-4,12,5,14,12,0,11,9,0,1,2,13,sil
1.6040570735931396,23,11,11,22,2,13,7,-4,3,15,-2,12,3,13,sil
1.6040570735931396,6,4,2,11,1,3,-2,0,-11,9,-5,1,0,5,sil
1.619537353515625,-1,0,0,8,8,4,-7,0,-13,2,0,-6,0,1,sil
1.619537353515625,5,2,0,13,13,7,1,1,0,8,1,0,10,2,sil
1.635210037231445,2,0,-6,10,8,-5,4,4,-3,12,0,1,1,3,sil
1.635210037231445,-5,0,3,5,2,-2,2,3,-10,10,1,-3,-12,3,sil
1.6503057479858398,-1,0,1,3,9,7,6,-1,-3,6,3,-5,-4,4,sil
1.6659104824066162,1,0,2,-1,16,1,0,-2,1,2,-1,-3,2,8,sil
1.6659104824066162,1,0,5,-7,9,-2,0,-1,5,1,0,5,1,14,sil
1.6659104824066162,4,0,0,-10,-7,-5,3,-2,13,-2,0,7,1,14,sil
1.6825613975524902,4,0,4,-19,-12,-12,-5,0,9,-15,-9,-3,-2,3,sil
1.6982271671295166,-2,-7,-7,-22,-2,-9,-7,-1,4,-13,-10,-6,-5,-7,sil
1.6982271671295166,-12,-5,-12,-20,-4,-3,2,-5,9,0,-9,-3,0,-12,sil
1.6982271671295166,-16,-2,-8,-24,-15,-6,0,-1,9,2,-13,-8,5,-12,sil
1.714328050613403,-7,-9,-10,-27,-12,-10,-11,0,10,-1,-5,-6,5,-9,sil
1.714328050613403,6,-6,0,-17,-12,-6,-8,0,16,1,17,12,12,2,sil
1.728362798690796,16,4,3,-3,-17,0,2,4,19,8,32,21,24,13,sil
1.7448482513427734,11,9,9,-3,-8,0,3,2,8,-3,21,12,18,6,sil
1.7448482513427734,1,6,6,-6,2,-1,1,-2,-1,-15,11,8,2,-5,sil
1.7448482513427734,4,2,-3,2,1,-1,1,-4,-1,-4,16,13,3,-1,sil
1.759864330291748,5,3,5,1,-4,0,-2,4,-5,0,10,6,3,0,sil
1.7613685131072998,-13,-1,-8,-12,-8,-6,0,4,-17,-11,-11,-14,-13,-10,sil
1.778345823287964,-19,-8,-10,-5,1,-3,6,-1,-26,-12,-24,-18,-23,-14,sil
1.778345823287964,0,0,9,20,11,5,0,-3,-18,-4,-11,-4,-16,-9,sil
1.7922885417938232,2,4,8,27,4,3,-10,-1,-10,0,10,1,-7,-1,sil
1.7922885417938232,-3,-2,9,17,3,-1,-14,2,-15,1,21,3,-2,0,sil
1.8074088096618648,5,0,5,24,11,-2,-18,-1,-19,-2,16,3,-2,-8,sil
1.8084094524383545,16,17,8,43,11,0,-23,-8,-14,-2,9,5,-6,-3,sil
1.8215816020965576,13,19,17,50,13,8,-12,1,-2,6,7,16,0,10,sil
1.8372130393981927,1,4,4,40,12,15,3,8,5,9,5,11,6,7,sil
1.8372130393981927,-7,0,4,21,4,17,9,0,0,4,0,1,6,0,sil
1.8523600101470947,2,4,0,12,4,11,11,-1,-2,11,0,11,8,10,sorry
1.8523600101470947,15,3,0,10,2,1,6,5,1,10,-4,15,3,17,sorry
1.870449781417847,3,0,6,7,0,6,6,2,-7,-6,-27,-4,-12,2,sorry
1.870449781417847,-3,0,-7,7,11,13,21,-2,-13,-19,-34,-17,-14,-4,sorry
1.870449781417847,0,-3,-9,-2,3,1,15,0,-4,-17,-28,-12,-11,-3,sorry
1.8840866088867188,-16,-19,-16,-24,-15,-4,-3,-3,3,-10,-41,-21,-23,-9,sorry
1.8991022109985352,-28,-20,-21,-35,-9,3,9,-4,14,-1,-43,-37,-24,-8,sorry
1.8991022109985352,-8,-5,-11,-42,-4,5,33,6,31,11,-18,-27,0,6,sorry
1.914493560791016,6,-8,-16,-47,-14,-4,23,6,36,18,-7,-11,15,18,sorry
1.914493560791016,0,-17,-7,-41,-14,-10,0,-1,19,13,-15,-14,5,10,sorry
1.930053472518921,-18,-23,-15,-56,-18,-14,-10,-4,4,3,-13,-29,-2,-11,sorry
1.930053472518921,-30,-32,-33,-86,-27,-17,-13,-2,13,6,-1,-32,1,-22,sorry
1.945235252380371,-9,-16,-6,-60,-6,-2,0,1,38,29,33,0,29,0,sorry
1.945235252380371,15,11,10,-9,16,3,9,4,43,36,68,30,56,18,sorry
1.9615452289581297,7,15,11,-6,10,-12,-14,6,12,13,58,32,41,6,sorry
1.9615452289581297,6,14,12,-4,3,-14,-27,4,-2,8,41,32,22,0,sorry
1.9771747589111328,17,18,11,16,6,-8,-12,-3,4,11,48,39,22,5,sorry
1.9771747589111328,6,16,22,22,4,-16,-18,-5,-13,-18,36,27,0,-7,sorry
1.9931371212005613,4,22,18,44,9,-19,-28,-3,-44,-38,12,12,-20,-19,sorry
1.9931371212005613,19,30,17,67,10,-5,-19,-8,-48,-32,0,8,-18,-11,sorry
2.015286445617676,11,20,17,60,0,7,-15,-7,-42,-33,-8,6,-24,-8,sorry
2.015286445617676,7,20,17,66,2,11,-13,-1,-41,-29,-9,14,-27,0,sorry
2.015286445617676,21,25,24,72,10,16,1,0,-37,-19,-7,22,-16,18,sorry
2.025329351425171,3,-2,-1,33,-3,18,13,0,-21,-22,-23,1,-18,8,sorry
2.041369915008545,-19,-28,-13,0,-8,19,12,1,-6,-16,-36,-16,-25,-6,sorry
2.041369915008545,-11,-10,-3,12,5,22,19,0,-7,2,-32,-15,-18,3,sorry
2.056774139404297,-2,2,-8,22,6,16,28,0,-3,6,-32,-15,-10,8,sorry
2.056774139404297,-4,-10,-7,3,0,13,25,6,11,11,-29,-18,-6,-2,sorry
2.0722105503082275,-4,-20,-12,-16,4,10,23,7,33,31,-10,-17,4,0,sorry
2.0722105503082275,-2,-16,-7,-27,0,3,27,5,48,41,1,-6,18,11,sorry
2.087774991989136,0,-16,-8,-34,-9,0,20,5,42,28,0,-3,18,5,sorry
2.087774991989136,-3,-23,-25,-41,-6,-5,2,1,23,11,-7,-16,6,-6,sorry
2.103797435760498,-4,-16,-4,-38,-2,-14,0,0,21,8,-8,-16,3,0,sorry
2.103797435760498,1,-5,2,-26,-4,-12,3,1,28,18,1,0,12,14,sorry
2.119530439376831,-2,-10,-10,-29,-13,-15,-9,-2,12,9,8,4,13,2,sorry
2.119530439376831,-10,-9,-7,-39,-17,-19,-22,-8,-9,-14,12,6,9,-12,sorry
2.134860038757324,1,15,-3,-18,0,-12,-23,-3,-6,-18,22,9,11,-5,sorry
2.134860038757324,14,29,6,0,11,-4,-27,4,2,-8,25,6,10,2,sorry
2.1505017280578613,11,15,8,-4,1,-11,-33,-2,-5,-12,20,11,3,-7,sorry
2.1505017280578613,6,10,9,-1,-5,-19,-32,-12,-31,-20,15,12,-9,-13,sorry
2.1656298637390137,4,21,16,14,5,-8,-23,-3,-43,-24,2,-2,-24,-11,sorry
2.1656298637390137,-2,13,-1,26,17,6,-6,0,-31,-17,-8,-12,-22,-15,sorry
2.181471347808838,-11,2,-5,28,10,12,0,-4,-13,0,-10,-4,-7,-9,sorry
2.181471347808838,-12,0,0,19,0,16,4,-2,4,20,-3,-1,5,10,sorry
2.1968324184417725,-7,-5,0,12,4,22,18,1,12,27,-4,-6,7,14,sorry
2.1968324184417725,-3,-7,2,19,9,19,25,3,3,13,-12,-1,-1,7,sorry
2.2124502658843994,2,-2,1,17,0,3,24,6,1,12,-3,6,4,16,sorry
2.2124502658843994,4,-8,1,-1,-5,-2,30,5,14,29,11,9,26,26,sorry
2.2285232543945312,0,-11,-5,-12,-4,0,26,1,15,20,4,4,21,11,sorry
2.2285232543945312,0,-6,-7,-17,-9,-10,0,2,-1,-12,-11,-2,-5,-8,sorry
2.2441296577453613,5,-2,1,-22,-16,-23,-19,1,-15,-32,-6,-3,-13,-11,sorry
2.2441296577453613,9,2,-1,-15,-12,-17,-15,-3,-12,-32,6,6,-3,-2,sorry
2.259657621383667,6,11,3,-10,-5,-6,-9,0,-6,-32,6,8,-6,-6,sorry
2.259657621383667,-5,1,-3,-9,-2,-1,-8,6,-11,-29,-3,-13,-18,-26,sorry
2.275686740875244,-25,-9,-10,-2,3,4,-12,0,-23,-28,-17,-33,-35,-32,sorry
2.275686740875244,-27,-2,0,6,10,19,-3,-5,-21,-18,-18,-24,-35,-16,sorry
2.290332078933716,-6,5,4,21,13,26,22,0,-1,10,0,0,-2,5,sorry
2.290332078933716,7,1,18,30,10,18,26,4,8,30,8,14,18,18,sorry
2.305818796157837,-3,-9,3,18,0,9,5,-1,11,27,-7,0,7,8,sorry
2.305818796157837,-9,-17,-17,-2,-10,8,4,-3,24,23,-15,-15,2,4,sorry
2.321444034576416,6,-10,8,-1,-5,14,13,2,35,27,-5,0,9,15,sorry
2.321444034576416,12,-2,2,8,0,2,9,0,34,23,2,11,11,15,sorry
2.336773157119751,10,0,-5,-9,-6,-16,1,-4,31,13,6,10,13,15,sorry
2.336773157119751,29,10,10,-17,-7,-15,2,0,32,16,20,26,27,28,sorry
2.3521547317504883,44,20,10,10,4,-10,-3,-2,27,19,34,45,30,28,sorry
2.3685452938079834,35,27,18,22,10,-18,-18,-3,5,10,39,41,17,15,sorry
2.3685452938079834,21,26,12,4,11,-21,-17,0,-5,6,37,24,13,3,sorry
2.3685452938079834,1,10,-3,-11,13,-7,-12,-3,-1,0,16,2,8,-16,sorry
2.38445782661438,-11,0,-8,-9,10,0,-15,-2,-4,-11,0,-7,-1,-29,sorry
2.38445782661438,-2,1,-11,7,10,-3,-8,1,-5,-11,1,0,-5,-13,sorry
2.398491621017456,-7,-5,-3,3,6,2,0,3,-2,-18,-13,-11,-13,-3,sorry
2.398491621017456,-31,-19,-12,-19,-6,11,-2,5,-35,-23,-26,-31,-22,-14,sorry
2.4141056537628174,-26,-10,-13,-15,-18,5,-1,5,-84,-33,-21,-22,-19,-17,sil
2.4141056537628174,-14,0,-4,2,-10,-4,-3,0,-74,-68,-42,-14,-24,-19,sil
2.429727554321289,-28,-10,-18,-11,-3,-21,-17,-6,-25,-64,-53,-36,-34,-27,sil
2.429727554321289,-30,-23,-14,-29,-13,-25,-24,-4,-9,-2,-15,-37,-20,-23,sil
2.4464828968048096,-8,-9,-1,-7,-20,-1,-8,1,-4,35,11,-5,5,0,sil
2.4464828968048096,6,10,8,21,-4,14,4,3,16,28,13,17,16,24,sil
2.462184429168701,9,9,17,21,4,9,4,1,19,18,15,17,13,25,sil
2.462184429168701,1,-10,0,1,-7,13,10,-4,-4,9,2,1,-1,3,sil
2.478229522705078,-11,-16,-1,-6,-10,23,21,-3,-15,-2,-9,-9,-15,-13,sil
2.478229522705078,-3,-2,5,1,4,18,22,1,2,4,-2,-5,-6,-2,sil
2.493437051773072,17,6,7,11,14,11,12,0,30,23,4,1,12,19,sil
2.5095319747924805,11,7,8,15,17,16,12,0,38,28,1,-3,11,12,sil
2.5095319747924805,-7,4,-6,11,19,12,18,4,27,18,-6,-15,-3,-8,sil
2.5246071815490723,-2,0,-1,0,10,0,13,4,21,10,-1,-7,0,-1,sil
2.5246071815490723,8,0,3,-7,0,-1,5,-1,24,13,16,9,17,15,sil
2.540121555328369,3,0,0,-9,0,-4,1,0,16,6,7,6,9,8,sil
2.540121555328369,0,-2,3,-13,-1,-11,1,3,5,-4,-12,0,-5,-3,sil
2.540121555328369,4,-4,-3,-14,-6,-14,1,-1,11,0,-1,11,1,0,sil
2.556291341781616,2,-3,1,-15,-8,-11,-1,0,10,0,10,16,8,5,sil
2.5694284439086914,1,2,0,-7,-8,-10,-1,6,1,-10,1,10,3,1,sil
2.5694284439086914,11,9,-3,0,-7,-14,-8,-2,1,-19,0,17,2,1,sil
2.5854945182800293,23,13,12,0,-5,-7,-22,-11,-2,-18,13,29,3,3,sil
2.5854945182800293,25,13,4,6,-1,-2,-21,-7,-20,-14,20,17,6,4,sil
2.601537704467773,19,12,2,17,1,-12,-23,0,-34,-22,15,4,2,1,sil
2.601537704467773,8,10,6,12,4,-9,-23,5,-27,-22,11,10,-1,-2,sil
2.617207765579224,7,10,0,17,14,10,3,8,-1,5,19,16,5,3,sil
2.617207765579224,1,9,6,32,21,20,23,3,9,27,9,1,4,6,sil
2.6323554515838623,-21,-6,-7,23,8,12,13,-7,-6,21,-19,-27,-15,-5,sil
2.6323554515838623,-30,-23,-16,-2,-7,6,8,-8,-10,14,-21,-28,-11,-4,sil
2.6478400230407715,-11,-18,-1,-9,-8,7,16,1,14,23,-1,-4,16,11,sil
2.6478400230407715,-10,-14,-6,-10,-8,1,5,2,22,23,-5,-10,16,4,sil
2.662994146347046,-28,-21,-11,-27,-11,-8,-18,0,1,0,-20,-32,-8,-22,sil
2.662994146347046,-22,-14,-11,-33,-10,-15,-26,0,-10,-20,-10,-20,-11,-28,sil
2.678541660308838,0,5,4,-21,-8,-19,-19,-4,-18,-25,0,4,-3,-17,sil
2.678541660308838,8,17,12,-3,-1,-11,-5,-5,-27,-22,9,14,-2,-9,sil
2.6942033767700195,7,15,1,9,6,-1,0,0,-28,-19,12,11,-4,-3,sil
2.6942033767700195,6,12,7,14,9,1,-10,2,-32,-26,-8,0,-19,-4,sil
2.7098264694213867,0,5,5,10,12,5,-12,-1,-27,-22,-20,-8,-30,-12,sil
2.7098264694213867,-2,-2,-1,3,14,10,4,0,-1,-2,-2,-3,-15,-6,sil
2.7258400917053223,0,-3,-1,2,6,14,13,7,13,8,0,-4,-3,5,sil
2.7258400917053223,-2,4,-3,16,5,16,19,5,10,10,-11,-13,-8,10,sil
2.7412025928497314,-8,5,1,20,7,20,29,2,17,17,-12,-13,-3,11,sil
2.7412025928497314,-7,-12,-6,0,0,15,27,1,27,19,-12,-17,1,11,sil
2.756696939468384,2,-19,-3,-10,-8,9,19,-2,27,17,-12,-11,5,18,sil
2.756696939468384,19,-4,13,0,-9,12,21,-1,38,29,9,16,26,29,sil
2.772163391113281,12,-5,1,-6,-11,-2,12,1,44,29,24,22,33,24,sil
2.772163391113281,-8,-17,-6,-21,-17,-26,-14,0,19,4,3,2,13,1,sil
2.7881641387939453,-2,-9,-2,-14,-14,-20,-18,0,7,-3,-7,4,9,-9,sil
2.7881641387939453,16,7,7,-6,-6,-7,-10,1,18,4,7,17,19,0,sil
2.8042068481445312,15,11,9,-11,-3,-11,-15,6,11,1,14,19,20,9,sil
2.8042068481445312,9,6,-11,-3,0,-13,-17,2,-6,-10,9,17,17,7,sil
2.819967269897461,12,7,1,4,0,-6,-15,-3,-17,-19,8,14,4,-6,sil
2.819967269897461,5,14,6,3,3,-1,-9,-1,-20,-15,9,6,-3,-16,sil
2.836069345474243,-7,9,-6,3,6,-3,1,-1,-12,-3,10,6,2,-12,sil
2.836069345474243,-6,0,5,1,5,0,5,-6,-13,-4,11,11,-3,-10,sil
2.8512163162231445,5,3,3,2,5,0,3,-4,-25,-9,8,5,-17,-10,sil
2.8512163162231445,10,8,3,11,8,-2,4,7,-23,-1,7,0,-9,-3,sil
2.866530656814575,0,7,6,13,10,-1,1,3,-15,-2,7,-3,-11,-2,sil
2.866530656814575,-15,6,-5,5,12,2,-8,-11,-24,-17,-5,-15,-34,-11,sil
2.882448434829712,-14,1,-5,7,17,4,-15,-8,-30,-13,-12,-16,-35,-11,sil
2.882448434829712,-6,-7,-2,12,8,2,-10,0,-18,2,-2,-11,-25,0,sil
2.897848606109619,-16,-9,-2,2,-5,4,-3,-1,-10,0,-10,-19,-32,0,sil
2.897848606109619,-28,-10,-11,-4,-9,3,-6,-1,-7,-11,-29,-28,-36,-18,sil
2.9134838581085205,-18,-9,-13,4,-5,6,0,5,0,-3,-25,-22,-43,-18,sil
2.9134838581085205,-5,0,6,7,0,29,20,10,12,10,-15,-10,-20,1,sil
2.929227590560913,-8,-4,-1,-3,0,31,32,2,17,15,-13,-12,72,9,sil
2.929227590560913,-3,-14,1,-5,0,1,17,-4,17,11,-11,-11,117,7,sil
2.9444191455841064,17,-6,10,8,1,-6,9,1,27,16,-3,7,47,20,sil
2.9444191455841064,30,0,2,9,-1,-3,10,5,32,25,2,19,0,35,sil
2.960026979446411,23,-3,7,-7,-13,-11,6,1,32,21,9,18,22,28,sil
2.960026979446411,13,-7,-1,-12,-14,-11,11,0,40,15,16,16,26,17,sil
2.9750871658325195,9,-5,-8,-19,-13,-13,2,-1,26,2,11,15,6,16,sil
2.9750871658325195,3,-1,0,-33,-19,-23,-22,-5,-9,-17,9,11,-6,3,sil
2.990489959716797,7,5,0,-24,-16,-25,-29,-4,-19,-22,27,13,-11,-13,sil
2.990489959716797,21,20,16,1,0,-13,-15,0,-9,-14,39,26,-5,-12,sil
3.0065486431121826,13,21,7,9,8,-1,-8,1,-12,-10,20,21,-7,-7,sil
3.0065486431121826,-16,4,-9,1,10,0,-15,1,-21,-11,-5,-3,-27,-20,sil
3.022557020187378,-23,-1,-5,-3,5,3,-21,0,-25,-16,-18,-20,-39,-31,sil
3.022557020187378,-9,3,-2,-1,2,8,-11,-3,-20,-18,-21,-14,-29,-20,sil
3.0381436347961426,-5,5,3,5,9,16,0,3,-12,-1,-13,-1,-10,-1,sil
3.0381436347961426,-10,-1,-1,6,12,12,0,5,-4,11,-2,-3,-3,0,sil
3.0549538135528564,-13,-10,-10,-3,3,10,0,-1,-2,3,-5,-13,-8,-3,sil
3.0549538135528564,-11,-5,0,0,7,22,16,3,0,7,-5,-8,0,7,sil
3.069570779800415,0,6,4,20,23,20,31,10,10,26,4,3,14,21,sil
3.069570779800415,7,8,7,22,22,5,26,2,15,17,1,-1,9,11,sil
3.085404396057129,4,3,0,12,5,0,18,-3,9,3,-4,-14,7,-1,sil
3.085404396057129,4,-5,5,17,-2,-4,15,-3,4,6,1,-9,15,3,sil
3.1013717651367188,3,-6,12,17,-4,0,9,-1,6,2,3,4,9,10,sil
3.1013717651367188,-2,-1,-8,6,-14,0,2,-3,5,-7,-1,1,-1,3,sil
3.1169724464416504,-2,-7,-10,-5,-22,-17,-7,-6,0,-10,-9,-8,-1,-6,sil
3.1169724464416504,0,-13,-6,-12,-13,-18,-9,-3,6,-1,-10,-4,3,-3,sil
3.1324520111083984,0,-6,-5,-12,-5,-4,0,-1,18,12,0,5,6,3,sil
3.1324520111083984,2,-3,4,-13,-14,-3,-8,-4,11,9,0,3,1,1,sil
3.148559331893921,4,-6,-7,-14,-12,-7,-22,-4,2,-7,-3,0,0,-2,sil
3.148559331893921,6,6,-1,-15,1,0,-12,0,-1,-11,7,10,2,-2,sil
3.164126396179199,6,15,5,-10,3,2,-1,0,-18,-12,10,11,-1,-5,sil
3.164126396179199,2,9,0,0,0,-6,-10,-3,-34,-22,0,3,-7,-8,sil
3.179529190063477,2,10,7,7,9,-3,-12,0,-29,-16,3,4,-4,-3,sil
3.194524049758911,1,3,1,4,17,2,-4,4,-17,-3,3,-2,-6,-6,sil
3.194524049758911,-5,-6,-4,0,7,0,-12,3,-16,-9,-10,-13,-16,-15,sil
3.194524049758911,-10,0,-2,-4,0,0,-11,5,-6,-6,-9,-5,-11,-9,sil
3.210092782974243,-6,3,0,1,0,3,13,6,10,13,9,7,5,8,sil
3.210092782974243,1,0,11,8,-7,7,24,4,12,16,17,10,11,12,sil
3.2261006832122803,2,-2,3,2,-9,2,16,1,6,8,2,0,5,4,sil
3.2261006832122803,3,-1,2,-3,1,-1,8,0,5,13,-4,-1,5,12,sil
3.2422397136688232,13,3,10,9,8,0,12,0,16,18,10,11,18,27,sil
3.2422397136688232,9,0,1,10,0,-4,6,-3,18,8,5,7,18,17,sil
3.2579259872436523,-8,-9,-2,-13,-14,-12,-13,-3,1,-5,-21,-13,-6,-5,sil
3.2579259872436523,-12,-12,-13,-19,-10,0,-16,-2,3,-3,-15,-15,-14,-6,sil
3.2734720706939697,-2,-1,-7,0,5,17,0,-1,23,8,9,1,9,6,sil
3.2734720706939697,0,6,0,5,7,16,7,1,17,9,5,3,14,1,sil
3.2895123958587646,-4,-1,-12,-9,0,4,1,0,0,0,-3,-6,-6,-13,sil
3.2895123958587646,-10,-7,-6,-18,0,1,-1,-2,8,-1,1,-8,-4,-11,sil
3.3076248168945312,-7,-2,-2,-4,4,0,2,-1,18,4,3,-2,8,0,sil
3.3076248168945312,3,5,5,9,5,-1,2,0,0,-3,-1,3,-2,-2,sil
3.3216352462768555,7,10,9,14,1,0,-3,0,-15,-22,-1,9,-12,-11,sil
3.3216352462768555,1,0,-5,6,-4,-6,-8,-2,-16,-23,-2,3,-6,-10,sil
3.3374927043914795,-1,-3,2,-5,-6,-14,-15,0,-23,-17,-11,-5,-14,-8,sil
3.3374927043914795,-1,1,5,-4,-2,-15,-17,-1,-27,-14,-15,-9,-24,-12,sil
3.353929042816162,0,3,2,5,1,-8,-11,-2,-21,-11,-3,-9,-18,-10,sil
3.353929042816162,9,6,12,12,10,4,-5,3,-17,0,13,4,-3,1,sil
3.369783639907837,14,9,6,14,12,5,1,0,-16,11,20,19,12,11,sil
3.369783639907837,4,4,5,6,-2,0,5,-2,-14,7,7,10,13,8,sil
3.385094404220581,2,0,3,7,-1,4,12,5,-5,7,0,0,4,8,sil
3.385094404220581,14,5,5,19,14,14,24,9,7,20,8,14,7,17,sil
3.4016215801239014,7,7,4,12,9,14,29,5,10,14,4,13,10,15,sil
3.4016215801239014,-15,-7,-22,-5,-8,2,16,-2,9,0,-10,-14,6,3,sil
3.4171645641326904,-16,-13,-10,-13,-8,-1,3,-3,12,5,-6,-18,5,4,sil
3.4171645641326904,-9,-7,0,-16,-5,6,9,2,17,11,-2,-7,2,4,sil
3.43224835395813,-18,-12,-13,-22,-10,6,6,1,20,3,-16,-17,-4,-8,sil
3.43224835395813,-15,-9,-6,-15,-5,-1,-6,1,23,1,-14,-19,-3,-13,sil
3.4481446743011475,4,1,-2,1,0,-7,-10,0,22,7,2,-3,0,0,sil
3.4481446743011475,8,0,2,3,-3,-4,-9,0,10,0,1,5,0,3,sil
3.463083505630493,3,-4,3,0,1,4,-3,2,2,-6,0,7,0,-4,sil
3.463083505630493,5,0,0,6,10,0,-2,3,8,2,12,13,14,3,sil
3.4784421920776367,4,4,6,0,0,-6,-11,-3,1,4,11,11,10,10,sil
3.4784421920776367,-2,-3,-1,-8,-4,-3,-8,-9,-14,-13,-9,-2,-11,-7,sil
3.494604587554932,-3,0,-3,-10,-4,-9,-3,-5,-14,-22,-11,-1,-17,-13,sil
3.494604587554932,0,6,-5,-13,-14,-22,-11,-2,-5,-13,7,7,-3,0,sil
3.5091593265533447,8,6,-1,-3,-7,-12,-4,-1,-6,-10,15,4,3,3,sil
3.5091593265533447,18,11,16,16,15,7,4,2,-6,-7,6,9,5,0,sil
3.5254786014556885,3,6,1,6,8,-2,-10,-1,-11,0,3,9,4,-2,sil
3.5425398349761963,-11,-4,-7,-12,-8,-14,-22,-6,-23,-1,0,-3,-2,-9,sil
3.5425398349761963,-3,0,3,2,0,1,-5,1,-15,-1,2,-6,0,-5,sil
3.5425398349761963,0,0,1,8,3,8,0,3,-9,-1,6,1,2,3,sil
3.557119846343994,-8,-4,3,-6,-7,4,-6,-1,-24,-6,0,1,-4,1,sil
3.557119846343994,2,2,2,3,-3,9,6,-3,-12,9,0,0,-1,0,sil
3.573488473892212,16,2,9,18,3,8,19,0,20,26,1,0,1,0,sil
3.573488473892212,4,-6,9,1,3,7,7,2,25,17,-8,-4,-2,-2,sil
3.5872812271118164,-5,-3,-7,-5,9,14,3,0,20,9,-14,-10,1,0,sil
3.5872812271118164,1,1,1,3,12,15,14,3,23,11,-7,-9,6,5,sil
3.60251784324646,7,-3,1,2,3,4,21,9,17,3,-3,0,2,6,sil
3.620426654815674,3,-2,1,-1,-2,-3,17,5,7,-7,-2,9,1,10,sil
3.620426654815674,-1,1,-3,0,-2,-3,7,3,5,-9,1,3,1,5,sil
3.620426654815674,-9,-9,-19,-6,-3,-2,-5,0,0,-7,0,-7,-8,-6,sil
3.633495330810547,-14,-9,-5,-9,0,-1,-13,-1,-17,-8,-10,-7,-18,-11,sil
3.6504201889038086,-14,4,-1,1,2,-1,-6,0,-19,-10,-13,-6,-13,-9,sil
3.6504201889038086,-8,3,-6,5,0,-3,0,-1,-3,-5,-2,-6,-2,-4,sil
3.6649444103240967,1,0,5,0,-1,1,1,0,7,10,13,4,4,3,sil
3.6649444103240967,4,2,-1,0,1,3,1,0,-1,10,13,5,4,3,sil
3.6813340187072754,-2,4,-4,3,-1,-1,-8,-4,-21,-16,-9,-9,-9,-5,sorry
3.6813340187072754,-10,-3,-2,-3,-9,-10,-14,-7,-16,-19,-14,-13,-13,-8,sorry
3.697110891342163,-7,-1,0,-4,-4,-10,-8,-1,3,6,9,1,1,-2,sorry
3.697110891342163,8,13,7,8,7,0,-1,1,3,9,19,11,9,5,sorry
3.7132747173309326,22,16,2,14,6,0,3,-5,-3,-2,7,10,8,9,sorry
3.7132747173309326,18,5,11,4,0,-6,3,-3,1,0,7,13,14,9,sorry
3.730376958847046,10,0,8,3,1,0,5,8,8,6,18,20,15,10,sorry
3.730376958847046,8,0,-3,5,6,1,6,6,9,4,9,7,7,7,sorry
3.744534492492676,-1,0,0,-4,2,-3,0,0,12,7,-8,-9,4,-1,sorry
3.744534492492676,-5,-5,-3,-9,-1,0,1,-1,22,16,-2,-1,11,1,sorry
3.759692430496216,4,-6,4,0,-1,2,10,0,26,17,12,15,12,12,sorry
3.759692430496216,1,-3,5,3,-1,0,1,0,11,6,0,4,0,0,sorry
3.7776126861572266,-11,-10,-4,-9,-6,0,-10,-2,-9,-8,-22,-12,-16,-17,sorry
3.7776126861572266,-14,-15,-2,-26,-12,0,-12,-4,-23,-26,-30,-14,-24,-20,sorry
3.7776126861572266,-10,-12,-8,-22,-12,-4,-16,-2,-32,-25,-16,-12,-17,-18,sorry
3.791156053543091,0,0,0,-5,-4,0,-9,4,-24,-2,7,-2,0,-5,sorry
3.807119846343994,6,5,1,2,0,7,10,2,-5,10,16,4,8,11,sorry
3.807119846343994,1,1,-5,1,1,2,13,-1,0,3,0,-2,1,13,sorry
3.8223001956939697,0,2,7,6,2,5,4,0,0,0,-15,-5,-3,2,sorry
3.8223001956939697,0,5,-1,10,2,3,0,-2,2,0,-9,-7,-7,-7,sorry
3.838295221328736,-6,2,-5,1,0,-7,-2,3,4,-2,2,-5,-11,-8,sorry
3.838295221328736,2,6,7,8,8,1,2,13,11,0,14,8,7,5,sorry
3.853428602218628,17,13,9,30,16,13,7,3,15,4,16,16,22,19,sorry
3.853428602218628,12,15,12,32,9,7,5,-1,6,0,4,7,6,17,sorry
3.869327545166016,1,8,-2,9,2,0,5,1,3,1,-2,-2,-4,6,sorry
3.869327545166016,-5,-7,-10,-13,0,-1,-1,-4,0,-1,-4,-10,-3,-2,sorry
3.884450674057007,-14,-18,-7,-17,-2,-3,-9,-6,-14,-12,-7,-15,-12,-11,sorry
3.884450674057007,-13,-10,-12,-5,-1,-3,-4,-2,-22,-10,-10,-8,-11,-11,sorry
3.900453567504883,0,4,0,0,1,0,-4,-6,-8,0,-4,1,3,-4,sorry
3.900453567504883,3,-1,1,-7,1,1,-3,-6,9,6,3,0,5,-3,sorry
3.916518211364746,-3,-16,-7,-17,-3,-7,0,0,8,4,0,-7,-3,-7,sorry
3.916518211364746,-3,-8,-8,-19,-6,-13,-5,5,3,1,-6,0,-1,-6,sorry
3.9326484203338623,-2,0,-6,-10,-1,-5,-7,0,6,2,-4,2,0,-1,sorry
3.9326484203338623,-12,-3,5,-13,-4,0,-1,-4,6,0,-3,-2,-6,-5,sorry
3.947153091430664,-7,-1,-1,-14,-8,-3,5,-3,13,3,3,4,-2,-8,sorry
3.947153091430664,8,9,6,4,-4,-2,11,4,20,14,17,22,12,5,sorry
3.9626693725585938,7,9,19,7,-5,1,8,9,2,14,18,31,16,9,sorry
3.9626693725585938,3,2,0,-4,-5,-1,-3,2,-10,0,17,25,10,0,sorry
3.978528022766113,13,14,7,8,5,1,-5,0,-6,-10,18,14,2,2,sorry
3.978528022766113,11,15,8,20,10,8,5,3,0,-4,14,4,6,9,sorry
3.99344539642334,-2,-7,-6,6,2,7,11,0,-2,3,1,-7,9,6,sorry
3.99344539642334,0,-12,1,9,3,7,8,-3,-9,-7,-16,-14,-4,3,sorry
4.016047954559326,11,-1,0,20,9,2,8,0,-8,-17,-13,-10,-12,6,sorry
4.016047954559326,10,0,4,6,3,0,3,5,-2,-2,5,-4,0,6,sorry
4.016047954559326,4,5,9,8,0,-1,-3,2,-6,8,1,-10,2,4,sorry
4.025166749954224,6,16,5,30,6,-4,-6,-6,-13,0,-12,-9,-9,0,sorry
4.040263652801514,1,11,5,20,9,0,-16,-3,-10,-7,-9,-3,-13,-5,sorry
4.040263652801514,-17,-12,-9,-14,-7,-1,-21,0,-13,-10,-17,-21,-16,-13,sorry
4.055893659591675,-25,-22,-8,-26,-19,-4,-10,-2,-17,-20,-32,-30,-23,-18,sorry
4.055893659591675,-6,-5,1,-6,-3,8,0,0,0,0,-5,-3,-5,-5,sorry
4.071457147598267,9,9,2,13,14,11,0,3,14,28,23,9,17,11,sorry
4.071457147598267,5,11,2,16,14,2,0,0,12,17,11,0,11,10,sorry
4.087525367736816,-1,4,-9,7,6,4,3,-4,9,1,-6,3,5,1,sorry
4.087525367736816,-7,-5,-6,-13,-1,7,1,-2,4,9,-10,6,8,0,sorry
4.103503465652466,-15,-17,-11,-26,-12,4,7,4,0,11,-11,-7,0,0,sorry
4.103503465652466,-12,-18,-15,-21,-14,0,19,3,11,0,-15,-14,-4,0,sorry
4.119101524353027,-5,-10,0,-23,-12,-2,22,0,22,1,-14,-8,2,0,sorry
4.119101524353027,-11,-15,-11,-31,-9,-7,20,0,27,16,2,1,8,1,sorry
4.134251594543457,-3,-11,-7,-23,-3,-7,10,0,24,11,15,14,10,7,sorry
4.134251594543457,15,6,10,-7,0,-4,-4,0,14,-5,5,14,6,8,sorry
4.149278163909912,15,11,-1,-3,0,-12,-12,-6,0,-14,4,6,-3,0,sorry
4.149278163909912,9,7,0,-5,0,-16,-16,-5,-14,-21,18,18,-4,-7,sorry
4.1645941734313965,17,11,9,3,-2,-8,-10,4,-14,-15,27,32,4,-2,sorry
4.1801042556762695,20,18,18,22,1,1,0,9,0,0,31,29,11,4,sorry
4.1801042556762695,7,18,10,27,13,5,-2,2,-5,-2,16,10,0,-2,sorry
4.1801042556762695,-6,3,-8,9,7,0,-20,-8,-29,-16,-13,-10,-21,-16,sorry
4.196268796920776,-10,-4,5,0,-2,-3,-30,-4,-34,-20,-12,-8,-27,-19,sorry
4.196268796920776,-5,1,4,12,6,0,-17,0,-19,-12,4,1,-11,-13,sorry
4.2112956047058105,-5,2,-6,10,12,0,0,1,-17,-2,-4,-7,0,-5,sorry
4.228407382965088,-12,-7,-2,0,-3,-7,-1,1,-15,1,-13,-17,1,-4,sorry
4.228407382965088,-13,-12,-4,-1,-14,-7,-5,0,-2,0,-3,-16,0,-6,sorry
4.228407382965088,-2,0,4,8,-2,9,4,0,1,6,0,-6,0,-2,sorry
4.2429375648498535,10,11,4,21,8,19,17,2,4,14,3,2,9,7,sorry
4.2429375648498535,11,9,1,20,8,10,17,1,14,17,4,1,16,18,sorry
4.258197069168091,8,5,6,8,11,11,14,3,18,22,1,0,16,21,sil
4.274270057678223,7,-2,-1,4,9,12,9,1,7,22,5,0,12,18,sil
4.274270057678223,0,-8,0,-1,-1,7,7,-2,0,10,3,-3,7,16,sil
4.274270057678223,0,2,3,0,0,9,21,0,9,4,-2,-2,6,17,sil
4.291306257247925,2,1,4,6,5,10,26,0,18,5,-10,-3,-2,9,sil
4.291306257247925,-5,-14,-1,-8,-5,0,6,3,13,0,-18,-14,-14,-3,sil
4.306397438049316,-11,-14,-12,-25,-15,-12,-5,2,13,-1,-13,-14,-9,-5,sil
4.307393312454224,-2,0,-1,-17,-9,-5,-1,-3,10,-4,-15,-9,-8,-6,sil
4.321601390838623,-1,-2,-3,-9,-4,3,0,-6,0,-12,-26,-15,-17,-17,sil
4.321601390838623,-4,-4,-10,-6,-2,-4,0,-6,-3,-8,-17,-7,-8,-12,sil
4.338200092315674,2,1,0,0,-5,-9,0,-3,-1,-4,0,9,1,2,sil
4.338200092315674,1,-4,-6,-10,-6,-8,-1,0,-1,-4,1,11,1,1,sil
4.353260517120361,-2,-5,-3,-18,0,-10,-10,6,0,-2,2,8,1,0,sil
4.353260517120361,0,2,-2,0,3,-9,-11,4,-1,-4,9,8,0,3,sil
4.368301153182983,0,0,-5,1,0,-9,-9,0,-5,-8,14,3,-3,0,sil
4.368301153182983,-7,-7,3,-15,0,-8,-15,0,-5,-3,12,4,0,-14,sil
4.383431673049927,-12,-5,-3,-14,-2,-7,-22,-4,-10,-5,7,4,0,-20,sil
4.383431673049927,-6,1,0,-3,-5,-6,-23,-6,-15,-18,5,4,-7,-14,sil
4.398707151412964,4,9,4,1,6,-1,-12,2,-1,-6,10,11,3,-3,sil
4.415318489074707,11,15,2,12,10,-2,0,3,9,18,20,20,17,6,sil
4.415318489074707,19,17,17,19,-3,0,0,0,0,16,26,27,16,15,sil
4.415318489074707,24,11,8,15,0,5,0,0,-1,2,22,19,12,16,sil
4.432174921035767,7,4,0,5,7,6,-1,0,-6,-6,1,-1,0,0,sil
4.432516098022461,-13,-1,0,0,-3,0,-13,1,-29,-16,-14,-19,-15,-20,sil
4.445127964019775,-9,-2,-4,2,-3,2,-6,0,-22,-8,-5,-17,-8,-8,sil
4.460144281387329,5,6,11,8,11,20,18,2,16,16,8,0,9,14,sil
4.460144281387329,6,8,2,9,14,32,24,2,23,19,0,0,6,9,sil
4.475548505783081,-5,-5,-7,8,9,20,10,-2,-5,-2,-14,-15,-4,-4,sil
4.475548505783081,-12,-8,0,14,6,1,11,-1,-8,-1,-11,-15,-1,1,sil
4.491581916809082,-5,-2,-2,17,5,-3,24,-2,9,18,-9,-8,0,11,sil
4.491581916809082,0,-7,0,5,9,2,25,-2,8,13,-18,-11,-7,6,sil
4.507145643234253,-3,-20,-2,-5,1,6,19,0,2,-3,-24,-19,-13,2,sil
4.507145643234253,-9,-16,-5,-6,-11,1,16,0,13,4,-25,-20,-10,7,sil
4.522448301315308,-9,-3,-3,-6,-10,0,15,2,25,24,-19,-10,-3,3,sil
4.522448301315308,-5,-7,-10,-9,-9,-2,7,0,19,15,-6,-3,3,-4,sil
4.538464546203613,0,-8,0,-19,-18,-13,-8,-1,1,-14,1,0,3,-3,sil
4.538464546203613,6,6,0,-24,-15,-19,-15,1,-2,-18,10,19,6,1,sil
4.555035829544067,20,16,2,-8,-2,-18,-12,3,4,-6,20,37,13,6,sil
4.555035829544067,29,19,12,2,2,-12,-9,2,5,-10,27,29,13,7,sil
4.570078611373901,11,14,0,-9,0,-16,-24,-1,-8,-20,19,12,6,-4,sil
4.570078611373901,-9,2,-2,-19,-2,-18,-47,-4,-25,-23,4,5,-1,-22,sil
4.586127758026123,-8,3,0,0,1,-5,-42,-3,-24,-17,7,-3,-7,-24,sil
4.586127758026123,-1,14,3,23,8,7,-9,1,-23,-6,14,-6,-7,-9,sil
4.601147174835205,-3,7,10,21,8,9,10,8,-28,-1,3,-1,-3,3,sil
4.601147174835205,-9,-10,-2,8,5,13,9,3,-15,8,-10,-8,-1,7,sil
4.616536617279053,-16,-15,-3,-5,0,19,9,-4,13,23,-19,-18,-2,7,sil
4.616536617279053,-11,-16,-5,-9,-8,7,12,-3,30,26,-12,-8,-2,9,sil
4.632086992263794,8,-12,-7,-4,-4,-9,-2,0,29,13,5,13,1,14,sil
4.632086992263794,18,3,3,-5,0,-7,-18,0,14,0,10,22,7,11,sil
4.648114919662476,1,8,-5,-8,-3,-3,-4,-4,0,-10,1,4,0,-5,sil
4.648114919662476,-13,0,-3,0,1,0,6,-5,-6,-10,0,-12,-20,-21,sil
4.664179086685181,-6,1,8,20,19,19,6,3,-3,2,6,-7,-16,-14,sil
4.664179086685181,1,1,8,28,19,26,22,6,-1,15,7,-2,4,2,sil
4.679213047027588,0,-4,5,15,1,12,35,2,-2,10,-8,-11,6,5,sil
4.679213047027588,-4,-18,-11,-7,-10,0,17,0,5,0,-24,-18,0,-1,sil
4.694645881652832,4,-16,-5,-22,-15,-10,0,0,14,-2,-13,-7,6,0,sil
4.694645881652832,11,3,1,-14,-11,-19,2,0,9,-1,7,11,16,3,sil
4.710413455963135,4,14,-4,-4,0,-18,-1,0,-10,-11,7,12,8,-3,sil
4.710413455963135,-2,15,2,0,4,-8,-15,0,-27,-20,-2,1,-9,-9,sil
4.726122140884399,0,15,0,13,6,1,-8,-2,-21,-8,-2,-1,-7,-3,sil
4.726122140884399,2,7,7,27,12,16,14,-2,0,15,0,2,9,10,sil
4.741193771362305,0,-2,12,22,13,26,25,2,15,29,0,1,16,24,sil
4.741193771362305,0,-7,0,5,1,16,19,0,21,23,-3,-3,7,24,sil
4.756470203399658,2,-10,0,-14,-8,0,1,0,13,3,-10,0,2,4,sil
4.756470203399658,4,-11,-8,-28,-14,-18,-14,-1,3,-6,0,9,8,-7,sil
4.772494792938232,8,-1,-5,-31,-18,-26,-24,-3,-2,-14,20,16,7,-2,sil
4.772494792938232,8,6,2,-24,-14,-22,-32,-1,-14,-25,14,9,-9,-9,sil
4.787086248397827,0,5,-4,-9,-5,-22,-34,-1,-25,-28,-1,-1,-20,-22,sil
4.787086248397827,-2,9,5,2,0,-17,-25,1,-15,-24,4,1,-13,-16,sil
4.80417013168335,-2,11,3,3,2,-4,-16,3,-3,-14,17,3,-7,-6,sil
4.80417013168335,-11,2,0,2,10,6,-13,0,-8,-1,3,-5,-14,-9,sil
4.819585561752319,-23,0,2,8,13,17,-1,0,-9,0,-14,-12,-18,-12,sil
4.819585561752319,-18,0,-3,13,8,20,17,1,-1,0,-9,-11,-8,0,sil
4.834170818328857,-3,-5,1,11,6,21,25,3,5,12,0,-12,-1,14,sil
4.834170818328857,0,-4,-3,17,9,23,23,0,18,24,-1,-9,0,10,sil
4.850218057632446,3,1,-3,22,10,13,21,1,26,28,-3,1,7,6,sil
4.850218057632446,11,0,6,11,2,0,13,4,19,25,-3,3,14,12,sil
4.8669257164001465,8,-13,-3,2,-1,0,8,0,6,16,-5,-7,13,13,sil
4.8669257164001465,6,-9,3,2,-6,0,6,-3,0,6,-5,-6,11,10,sil
4.882672548294067,8,-1,9,1,-11,-5,9,-2,5,8,-2,1,12,9,sil
4.882672548294067,2,-5,0,-10,-10,-7,8,-1,18,8,-1,3,12,6,sil
4.897081136703491,-1,-3,-8,-21,-7,0,2,3,18,2,1,1,7,0,sil
4.912062406539917,0,0,-15,-15,-8,-9,0,1,8,2,9,2,4,-1,sil
4.912062406539917,0,-3,1,-17,-8,-24,-9,-6,-7,-8,4,6,0,-3,sil
4.912062406539917,-8,-10,-3,-29,-8,-15,-21,-5,-30,-32,-12,-1,-8,-15,sil
4.929553508758545,-11,1,-13,-20,-5,0,-18,-3,-37,-34,-8,0,-11,-20,sil
4.944504499435425,2,16,7,0,6,2,-5,0,-14,-12,13,19,1,-5,sil
4.945503234863281,13,13,7,6,12,0,-7,3,5,-3,21,21,7,2,sil
4.945503234863281,10,9,6,4,8,-1,-14,2,-5,-7,16,8,-1,-6,sil
4.960587978363037,4,17,6,10,8,2,0,0,-16,-4,14,7,-4,-10,sil
4.960587978363037,2,14,-1,17,9,6,9,1,-7,-10,2,2,-6,-5,sil
4.9753077030181885,-1,6,5,28,12,11,6,1,-7,-20,-10,-7,-18,-7,sil
4.9753077030181885,-9,0,-2,32,16,15,8,0,-9,-1,-9,-13,-18,-6,sil
4.990564346313477,-15,-7,-6,8,2,10,12,0,2,24,-10,-16,-5,2,sil
5.008127212524414,-13,-16,-1,-9,-11,7,17,0,13,26,-14,-13,0,9,sil
5.008127212524414,-3,-13,0,3,-6,8,16,-4,13,13,-22,-16,-6,10,sil
5.008127212524414,1,2,4,15,-2,5,4,-2,18,11,-29,-23,-12,10,sil
5.0221827030181885,3,3,-2,5,-8,-8,0,2,24,16,-6,-12,2,15,sil
5.0221827030181885,3,-12,1,-15,-10,-19,-5,0,13,4,9,3,13,10,sil
5.039316415786743,0,-17,0,-25,-10,-16,-19,-3,0,-11,-3,0,9,-2,sil
5.054110050201416,2,-6,-8,-18,-10,-18,-19,-1,3,-8,0,2,13,5,sil
5.054110050201416,8,2,5,-13,-6,-17,-14,4,2,0,20,18,17,11,sil
5.068286657333374,1,0,1,-18,0,-6,-19,1,-5,-1,16,20,7,-8,sil
5.068286657333374,-1,-2,-3,-22,-3,0,-23,-6,-13,-12,12,11,0,-16,sil
5.0853917598724365,7,0,1,-16,-4,-4,-12,-3,-14,-14,21,13,2,-2,sil
5.0853917598724365,10,8,0,-2,4,-5,-1,1,-6,-4,15,17,2,-3,sil
5.0853917598724365,2,15,8,9,6,5,-1,2,-7,-2,6,11,-8,-16,sil
5.1004602909088135,0,15,2,18,5,14,0,2,-12,0,14,7,-10,-5,sil
5.1004602909088135,9,13,7,24,19,15,14,4,2,19,25,17,9,16,sil
5.114593505859375,10,15,18,29,24,14,21,7,8,25,18,14,16,14,sil
5.130388021469116,-5,1,-2,31,6,14,19,2,-8,8,-7,-16,-1,0,sil
5.130388021469116,-16,-11,-7,24,2,23,24,-2,-12,5,-28,-36,-10,-4,sil
5.14613151550293,-14,-10,-5,17,12,25,34,-4,-3,9,-28,-31,-4,-4,sil
5.14613151550293,-17,-12,-8,3,5,10,26,-3,-1,-2,-33,-32,-8,-4,sil
5.161353588104248,-20,-20,-10,-10,-12,6,15,1,15,-1,-43,-33,-13,1,sil
5.161353588104248,-5,-19,-18,-13,-16,3,6,0,31,6,-30,-16,-5,3,sil
5.176591634750366,2,-8,-1,-19,-14,-16,-16,-5,15,-13,-9,2,0,0,sil
5.176591634750366,0,0,1,-27,-14,-21,-23,-3,7,-21,0,9,0,0,sil
5.192223072052002,4,4,-3,-19,-8,-6,-6,1,19,-2,3,11,0,6,sil
5.192223072052002,8,2,1,-15,0,-10,-5,3,9,-2,0,9,0,-4,sil
5.207840442657471,1,-2,-5,-23,-3,-27,-22,-2,-13,-19,-5,1,-3,-18,sil
5.207840442657471,3,1,3,-21,-2,-20,-18,-1,-22,-20,4,11,-2,-8,sil
5.223930835723877,10,5,3,-6,1,-8,6,6,-11,-4,24,25,11,9,sil
5.223930835723877,9,7,0,5,0,-8,8,4,-1,9,30,19,19,10,sil
5.23956036567688,9,18,15,11,-1,-3,-12,2,-3,9,24,11,8,3,sil
5.23956036567688,10,17,8,13,1,-2,-19,0,-5,2,24,14,0,3,sil
5.2561399936676025,13,11,8,19,4,-3,-10,-6,0,7,26,15,4,7,sil
5.2561399936676025,15,13,12,27,11,0,-9,-4,3,13,18,7,9,8,sil
5.271499156951904,0,0,0,14,5,2,-14,0,-11,5,4,-5,-3,0,sil
5.271499156951904,-16,-14,-7,-5,-4,8,-8,-5,-21,-5,-5,-12,-13,-14,sil
5.286726236343384,-15,-9,-11,-6,0,9,4,-5,-8,-7,-7,-12,-3,-12,sil
5.286726236343384,-12,-5,-2,0,2,3,6,3,-4,-3,-8,-12,-4,-7,sil
5.302542448043823,-10,-4,1,2,1,6,1,6,-4,-2,-16,-11,-11,-9,sil
5.302542448043823,2,0,1,3,6,8,4,0,3,-3,-19,-6,-2,-1,sil
5.318074941635132,5,5,12,7,7,9,9,5,9,3,-12,0,2,5,sil
5.318074941635132,-5,0,0,10,8,17,19,7,13,15,-2,0,4,2,sil
5.334120512008667,-5,-2,0,1,9,16,23,1,18,11,5,3,8,6,sil
5.334120512008667,3,0,3,0,0,3,12,0,13,3,6,-1,4,10,sil
5.34928822517395,-1,-3,-7,0,-7,-1,6,-4,-2,0,-10,-11,-8,0,sil
5.34928822517395,-15,-13,-8,-14,-10,0,6,-5,-20,-13,-22,-10,-18,-11,sil
5.364254474639893,-17,-14,-13,-19,-9,-6,0,-5,-19,-18,-10,-8,-16,-6,sil
5.364254474639893,-5,2,0,2,-1,-4,-3,-1,-7,-4,-5,-7,-4,2,sil
5.379422187805176,0,9,8,14,2,6,4,0,0,4,-8,-2,3,0,sil
5.379422187805176,0,-5,-4,2,-1,-2,-1,-2,6,4,-1,1,6,5,sil
5.395424842834473,8,-7,4,-4,-11,-13,-16,3,14,6,4,4,9,17,sil
5.395424842834473,13,3,1,0,-9,-3,-9,10,15,16,9,7,12,8,sil
5.411482572555542,4,0,-3,-3,2,1,0,4,21,22,7,2,9,0,sil
5.411482572555542,0,-2,4,-8,8,-1,-5,0,21,13,0,1,8,10,sil
5.427594661712647,8,0,-5,-5,0,-4,-4,-3,0,0,1,5,10,10,sil
5.427594661712647,5,1,-4,-14,-2,-7,-2,-3,-19,-14,0,0,0,-11,sil
5.443507671356201,-8,-3,-9,-19,0,-8,-4,-5,-23,-26,-18,-16,-20,-25,sil
5.443507671356201,-9,-2,-14,-5,-2,-6,-1,-4,-11,-20,-13,-10,-16,-18,sil
5.459050893783569,10,12,4,6,1,1,10,1,11,0,13,18,8,0,sil
5.459050893783569,29,22,15,15,10,1,18,0,22,11,31,36,25,17,sil
5.474212884902954,26,19,21,19,2,0,12,-1,9,9,32,30,21,18,sil
5.474212884902954,8,4,2,10,0,1,3,1,0,6,22,12,12,8,sil
5.490301609039307,0,-4,-4,-3,5,0,-1,1,6,3,12,4,4,3,sil
5.490301609039307,0,-3,5,-12,-4,-3,-9,2,11,1,7,3,0,0,sil
5.506096601486206,-7,-4,-5,-9,-12,-4,-15,0,0,-5,-1,-4,-5,-6,sil
5.506096601486206,-12,-3,-2,0,-3,-3,-13,-2,-19,-16,-8,-9,-11,-14,sil
5.521106958389282,-11,-2,-3,0,-5,-5,-6,0,-21,-12,-7,-9,-15,-18,sorry
5.521106958389282,-11,-9,-9,-5,-13,-3,-7,4,-7,-2,-9,-13,-19,-13,sorry
5.53642725944519,-10,-3,3,0,-3,4,-10,3,-9,-8,-8,-8,-14,-7,sorry
5.53642725944519,-9,0,0,9,5,2,-7,-5,-29,-13,-3,-5,-8,-8,sorry
5.552613735198975,-17,-3,1,4,0,1,-10,-4,-42,-15,-16,-16,-18,-14,sorry
5.552613735198975,-18,1,-1,7,5,8,-12,4,-26,-14,-22,-20,-23,-13,sorry
5.5671985149383545,-1,7,-3,18,22,10,-1,4,3,0,-5,-7,-9,0,sorry
5.5671985149383545,9,1,13,15,16,11,13,1,17,22,3,3,1,15,sorry
5.582383394241333,0,-9,4,3,0,8,19,0,14,27,0,2,5,16,sorry
5.582383394241333,-5,-8,-4,-3,4,4,18,-1,7,16,-3,-4,7,8,sorry
5.59848165512085,0,0,-2,0,13,14,25,-1,13,17,0,-5,15,4,sorry
5.59848165512085,6,0,-2,0,7,15,28,0,21,28,6,2,22,12,sorry
5.61429238319397,3,-10,0,-10,0,1,10,-2,10,17,-5,3,12,13,sorry
5.61429238319397,-2,-10,-7,-6,-3,-2,-4,-7,0,0,-19,-6,1,2,sorry
5.630323886871338,0,0,1,-1,-6,-2,-7,1,7,-3,-10,-11,4,0,sorry
5.630323886871338,10,6,4,-7,-9,-13,-9,8,12,0,1,-2,11,6,sorry
5.645523548126221,18,11,-2,1,-9,-17,-5,0,11,-5,2,6,12,10,sorry
5.645523548126221,19,19,11,18,-5,-3,4,-1,10,-10,5,12,5,6,sorry
5.659937858581543,10,8,-1,4,-8,-3,3,0,4,-14,7,9,-1,0,sorry
5.659937858581543,0,-6,-8,-21,-16,-12,-6,-3,-3,-20,5,5,0,-3,sorry
5.676559209823608,7,5,10,-1,-7,-4,0,-1,0,-11,13,16,12,3,sorry
5.676559209823608,23,17,8,24,6,-1,4,0,8,6,26,31,20,14,sorry
5.695121049880981,10,4,1,0,0,-15,-8,0,2,8,22,25,6,2,sorry
5.707143068313599,-8,-6,-7,-24,-9,-14,-19,-2,-6,-4,6,3,-12,-14,sorry
5.707143068313599,-7,-5,-5,-15,-3,0,-18,-2,-8,-10,-1,0,-13,-11,sorry
5.722177267074585,-9,-3,-2,-13,0,0,-17,-1,-5,-6,2,3,-5,-8,sorry
5.722177267074585,-13,-5,-9,-18,0,-7,-12,0,-1,-7,0,-7,-11,-14,sorry
5.7382447719573975,-8,-6,-6,-13,2,9,-1,2,0,-8,-11,-16,-22,-17,sorry
5.7382447719573975,-13,-7,-9,-8,1,19,8,3,-11,0,-11,-11,-19,-14,sorry
5.754323959350586,-18,0,3,-2,3,5,7,1,-25,0,-2,3,-11,-6,sorry
5.754323959350586,-8,2,8,4,9,5,3,2,-21,-7,-3,10,-11,-2,sorry
5.754323959350586,-8,-11,-11,4,12,16,7,2,-12,3,-14,-12,-15,-9,sorry
5.770603179931641,-12,-9,0,10,15,14,13,2,-14,15,-21,-30,-13,-9,sorry
5.770603179931641,-3,3,4,29,18,6,16,5,-3,9,-12,-21,-3,5,sorry
5.785129547119141,5,3,0,38,15,7,11,1,11,9,-5,-16,2,13,sorry
5.800255060195923,4,1,10,25,4,13,7,-1,9,20,-9,-23,5,9,sorry
5.800255060195923,0,-7,0,-1,-7,2,8,-5,2,14,-12,-21,8,7,sorry
5.817332267761231,0,-14,2,-18,-13,-10,5,-5,9,0,-3,-9,12,12,sorry
5.817332267761231,7,-8,7,-6,-13,-10,-4,0,24,5,12,3,24,19,sorry
5.817332267761231,16,0,0,2,-20,-11,-17,0,25,9,21,19,35,20,sorry
5.831854820251465,20,11,9,-6,-20,-15,-21,-2,7,-4,22,35,27,10,sorry
5.847412824630737,16,18,7,-5,-5,-14,-13,-3,-4,-15,31,36,14,2,sorry
5.847412824630737,10,12,6,0,0,-13,-14,-2,-10,-19,29,26,5,-4,sorry
5.86277961730957,4,7,0,-4,0,-8,-19,0,-18,-25,1,11,-6,-13,sorry
5.86277961730957,-2,9,-7,-5,7,-1,-9,0,-22,-26,-12,0,-13,-18,sorry
5.87827730178833,-11,5,1,0,7,0,1,-1,-17,-20,-3,-3,-14,-18,sorry
5.87827730178833,-19,-8,-9,0,0,7,6,0,-2,-9,-11,-10,-19,-15,sorry
5.894081115722656,-19,-10,-16,-1,0,15,17,5,7,0,-31,-20,-26,-7,sorry
5.894081115722656,-8,-1,-8,4,6,12,25,7,3,7,-23,-16,-19,1,sorry
5.909422159194946,-1,0,2,8,6,4,22,2,0,21,0,-2,0,15,sorry
5.909422159194946,0,2,5,7,6,11,24,2,21,40,6,8,19,28,sorry
5.925503969192505,3,0,-8,3,8,19,30,6,45,44,5,8,23,24,sorry
5.925503969192505,6,-7,-5,-7,0,5,11,3,39,29,4,1,9,11,sorry
5.941142559051514,10,-9,0,-13,-8,-11,-11,-2,20,15,4,3,4,5,sorry
5.941142559051514,16,-3,-1,-11,-2,-17,-17,-6,5,-1,5,12,7,0,sorry
5.95688271522522,13,3,11,-15,-5,-14,-18,-4,-10,-22,11,12,1,-11,sorry
5.95688271522522,15,12,5,-12,-10,-16,-22,-3,-23,-23,17,10,-3,-9,sorry
5.972237586975098,21,16,7,0,0,-19,-28,0,-33,-26,8,10,-6,-9,sorry
5.972237586975098,4,10,5,11,6,-17,-36,-1,-44,-36,-1,-1,-18,-28,sorry
5.987282752990723,-22,-2,-7,11,1,-6,-29,-7,-43,-27,-6,-23,-27,-36,sorry
5.987282752990723,-26,-7,3,10,3,20,-1,0,-26,-10,-23,-28,-20,-18,sorry
6.003489255905151,-4,-2,0,23,12,38,26,5,0,2,-22,-15,-3,8,sorry
6.003489255905151,0,-5,4,24,7,23,28,1,13,16,-7,-10,0,17,sorry
6.025062561035156,-22,-17,9,-3,-3,7,16,-1,5,11,-13,-19,-8,2,sorry
6.025062561035156,-23,-19,-13,-16,-7,10,17,0,7,0,-11,-15,0,0,sorry
6.025062561035156,0,-3,-6,0,-1,10,24,1,20,4,6,6,14,18,sorry
6.035434722900391,4,1,0,1,1,0,19,2,18,16,8,11,21,19,sorry
6.050468921661377,-5,-8,-8,-10,-1,-6,8,0,13,21,4,2,19,9,sorry
6.050468921661377,0,-8,-2,-9,-5,-11,0,1,20,15,12,5,16,11,sorry
6.066083669662476,0,-3,-10,-8,-4,-19,-15,1,10,4,10,4,8,6,sil
6.066083669662476,-4,-3,-7,-20,-8,-16,-27,-1,-5,0,2,1,3,-9,sil
6.081599950790405,-4,-4,-4,-21,-12,-15,-25,-4,-5,-2,5,5,2,-17,sil
6.081599950790405,2,4,-4,-8,-8,-18,-22,0,-6,-15,5,6,-4,-13,sil
6.097243070602417,15,23,5,1,8,0,-12,6,-2,-13,5,8,-5,-4,sil
6.097243070602417,19,29,8,7,18,11,0,5,10,0,13,17,3,2,sil
6.112289190292358,16,23,20,9,4,-5,0,2,5,0,17,25,6,0,sil
6.112289190292358,17,17,17,15,-4,-3,-1,2,-2,-6,14,20,3,0,sil
6.128403902053833,13,11,8,21,4,14,10,1,-3,-2,9,6,3,4,sil
6.128403902053833,-2,5,7,17,16,16,12,-2,-10,1,0,-3,-4,0,sil
6.144476175308228,-7,-2,-3,18,16,8,8,-5,-7,-1,-7,-7,-17,-4,sil
6.144476175308228,0,-4,8,24,7,8,3,-5,-8,-12,-13,-10,-21,-3,sil
6.160203218460083,0,-3,2,15,-1,9,3,-2,-27,-16,-26,-18,-20,-2,sil
6.160203218460083,-11,-12,-17,-4,-5,11,17,0,-22,-1,-31,-22,-17,0,sil
6.175394535064697,-22,-26,-9,-18,-10,11,26,0,1,14,-25,-25,-8,0,sil
6.175394535064697,-21,-21,-13,-24,-14,0,10,-1,3,10,-22,-29,0,1,sil
6.191428661346436,-5,-7,-7,-20,-11,-8,-4,1,7,0,-21,-18,2,8,sil
6.191428661346436,4,-7,-1,-9,-7,-5,-4,5,22,9,-7,-1,8,12,sil
6.206970453262329,5,-10,-8,-7,-6,-8,-6,0,24,17,4,5,18,9,sil
6.206970453262329,13,0,0,-12,-5,-8,-10,0,22,11,12,18,20,6,sil
6.222511529922485,10,0,-1,-9,-4,-8,-8,2,26,5,18,23,9,0,sil
6.222511529922485,-2,-6,-1,-12,-3,-9,-14,0,15,1,17,14,4,-4,sil
6.237182140350342,0,-2,2,-13,0,-7,-10,-2,3,-3,17,13,10,1,sil
6.237182140350342,9,9,1,0,6,-8,0,-2,4,-2,27,19,11,7,sil
6.252258777618408,10,17,11,8,10,-6,-2,0,-7,-3,29,20,8,-1,sil
6.25326418876648,5,19,2,9,8,0,-10,0,-25,-10,14,11,5,-13,sil
6.26812744140625,-2,15,0,13,5,-1,-9,-3,-31,-18,0,-1,-6,-19,sil
6.26812744140625,-5,9,5,18,5,-1,-6,-2,-26,-14,5,-4,-17,-16,sil
6.28425669670105,0,8,0,21,6,0,-1,0,-22,-4,4,1,-8,-6,sil
6.28425669670105,-1,14,8,22,6,6,1,4,-14,0,-7,-2,-4,0,sil
6.299757480621338,-6,8,7,19,9,11,6,8,3,2,-4,-8,-10,2,sil
6.299757480621338,-10,-5,1,6,7,9,9,1,9,2,0,-11,-15,0,sil
6.314610004425049,-14,-8,-3,3,5,12,8,-4,-2,-5,-11,-17,-12,-13,sil
6.314610004425049,-10,-8,-6,10,11,22,15,-1,-3,1,-16,-24,-5,-9,sil
6.332646608352661,-8,-17,6,-2,1,19,22,3,7,13,-16,-21,-2,8,sil
6.332646608352661,-10,-23,-7,-29,-18,2,12,0,7,0,-21,-14,-1,13,sil
6.346254348754883,-2,-20,-14,-32,-21,-7,0,-4,5,-1,-24,-4,2,12,sil
6.363365173339844,3,-12,0,-18,-13,-2,2,-1,14,21,-19,-1,10,15,sil
6.363365173339844,3,-6,-4,-21,-19,-9,-1,0,18,13,-11,-1,11,8,sil
6.363365173339844,10,-3,-4,-29,-22,-22,-20,0,9,-18,-8,7,5,0,sil
6.37985634803772,20,3,-2,-12,-8,-20,-18,1,8,-11,0,18,7,9,sil
6.37985634803772,22,15,5,2,1,-12,-2,0,9,3,21,19,11,11,sil
6.3957061767578125,16,16,10,0,-1,-10,-11,-3,-4,-14,20,15,1,-11,sil
6.3957061767578125,4,10,-8,5,0,-8,-24,-3,-17,-20,6,8,-9,-21,sil
6.409238815307617,-1,13,5,20,13,3,-9,2,-18,-1,15,8,-8,-4,sil
6.410238027572632,-3,10,11,21,19,17,11,4,-14,5,22,3,-4,0,sil
6.425675868988037,-14,0,-5,16,13,24,13,0,-5,10,0,-15,-5,-9,sil
6.425675868988037,-20,-4,-5,13,15,21,18,3,13,25,-10,-18,-4,-4,sil
6.440305233001709,-7,-2,-3,6,8,4,25,2,26,31,4,2,8,14,sil
6.440305233001709,11,0,8,0,-9,-7,9,-2,19,19,18,21,24,20,sil
6.455421686172485,17,3,7,0,-7,-7,-6,0,12,8,19,24,21,8,sil
6.47211503982544,9,0,-1,-5,2,-7,-10,1,3,-1,11,15,0,-6,sil
6.47211503982544,1,2,7,-7,0,-6,-13,3,-10,-16,0,2,-3,-10,sil
6.47211503982544,2,11,3,8,0,-7,-9,0,-16,-20,0,-1,3,-4,sil
6.487475633621216,4,8,7,17,11,-5,-4,-3,-16,-16,0,-2,-3,-2,sil
6.501425504684448,0,0,4,12,9,4,0,-1,-19,-14,-1,-9,-13,-6,sil
6.501425504684448,-9,-6,-12,6,2,10,11,0,-13,-6,-12,-14,-10,0,sil
6.51754903793335,-16,-15,-9,-1,0,12,16,-2,-3,3,-32,-16,-12,5,sil
6.51754903793335,-22,-24,-9,-13,-8,12,7,-3,2,0,-42,-28,-16,-2,sil
6.53325080871582,-21,-23,-9,-18,-11,5,-1,-2,8,-7,-32,-33,-9,-7,sil
6.53325080871582,-8,-10,-7,-16,-7,0,3,0,16,3,-10,-16,0,0,sil
6.548799753189087,6,1,-2,-12,-1,-6,10,2,18,14,6,5,7,11,sil
6.548799753189087,9,5,14,-13,-1,-11,-1,0,13,1,14,20,13,8,sil
6.563936948776245,4,1,0,-13,-8,-21,-20,-5,-4,-17,17,13,11,-5,sil
6.563936948776245,7,7,-2,-5,-15,-25,-31,-5,-25,-22,19,13,0,-10,sil
6.57957649230957,10,15,11,4,-7,-12,-22,1,-22,-12,22,28,0,-5,sil
6.57957649230957,1,11,-1,4,6,0,-6,4,-9,-1,21,21,4,-3,sil
6.595177173614502,0,12,0,10,10,4,0,3,-6,1,11,0,-4,-4,sil
6.595177173614502,4,19,5,32,5,10,0,0,0,8,4,-1,-12,-4,sil
6.610285758972168,-7,5,4,27,2,12,1,-2,-2,11,-1,-6,-9,-10,sil
6.610285758972168,-19,-14,-3,1,4,14,6,0,-19,1,-16,-26,-13,-15,sil
6.625446081161499,-4,-9,-10,0,8,16,16,1,-5,3,-18,-26,-8,4,sil
6.625446081161499,15,5,12,6,9,17,27,4,24,23,-2,-1,13,31,sil
6.641565561294556,14,-2,9,0,5,19,31,3,27,33,1,10,26,30,sil
6.641565561294556,6,-15,0,-5,2,13,23,1,17,25,-8,5,13,15,sil
6.657628774642944,3,-15,0,-15,0,0,13,3,20,16,-14,-2,2,9,sil
6.657628774642944,0,-16,-13,-28,-7,-10,-1,-1,19,5,-18,-7,3,4,sil
6.673688888549805,-6,-17,-9,-28,-14,-15,-19,-5,13,-9,-12,-3,-1,0,sil
6.673688888549805,-5,-7,-8,-13,-12,-19,-15,0,19,-4,9,1,-1,0,sil
6.689391613006592,3,3,-6,-10,-5,-18,-4,4,13,-1,12,1,2,-6,sil
6.689391613006592,5,11,5,-16,-5,-11,-14,1,-6,-20,0,8,0,-15,sil
6.7044970989227295,0,11,-2,-6,-6,-13,-24,-2,-11,-26,7,22,0,-7,sil
6.7044970989227295,0,10,2,6,2,-9,-23,-3,-11,-18,23,20,1,-4,sil
6.720150470733643,0,14,4,11,10,0,-16,-2,-23,-24,16,9,0,-15,sil
6.720150470733643,3,19,3,16,5,-1,-7,-6,-23,-29,7,9,-4,-10,sil
6.735741853713989,5,13,11,19,0,-3,-2,0,-11,-21,5,7,-9,-2,sil
6.735741853713989,-2,4,5,24,6,5,4,5,-6,-8,1,-3,-10,-3,sil
6.751399278640747,-5,8,13,33,18,8,14,5,-13,4,3,-5,-3,0,sil
6.751399278640747,-3,10,8,32,15,5,17,0,-20,14,2,-7,-1,-1,sil
6.767232179641724,-11,-4,-8,17,1,12,13,-2,-21,12,-11,-20,-7,-9,sil
6.767232179641724,-13,-12,-1,8,0,21,7,0,-13,7,-21,-22,-10,-1,sil
6.782336473464966,-3,-5,-5,4,5,10,5,0,-1,14,-11,-11,-4,11,sil
6.782336473464966,-3,-6,-2,-4,0,0,7,0,3,24,0,-7,4,9,sil
6.79753041267395,-4,-12,-2,-5,-2,10,13,3,10,22,1,-9,10,7,sil
6.79753041267395,0,-14,-9,-12,0,9,10,1,22,16,-4,-9,5,10,sil
6.813262939453125,3,-12,0,-30,-10,-2,0,-4,20,9,-11,-6,-2,3,sil
6.813262939453125,4,-10,-1,-27,-16,-4,-6,-6,14,7,-5,-2,0,2,sil
6.82879900932312,5,-4,-2,-4,-7,-4,-3,0,17,15,8,9,13,12,sil
6.82879900932312,4,-3,-3,0,-4,-5,-2,5,22,17,15,22,28,12,sil
6.84438681602478,0,-10,-10,-16,-11,-7,-5,2,18,-3,6,19,22,6,sil
6.84438681602478,0,-5,-2,-22,-13,-12,-9,1,9,-22,-5,10,0,2,sil
6.859518527984619,0,5,-4,-18,-9,-20,-7,0,-1,-25,-9,5,-9,-4,sil
6.859518527984619,5,3,0,-18,-8,-19,-15,-2,-16,-29,-10,0,-13,-17,sil
6.879397630691528,3,2,5,-6,-1,-8,-17,-3,-19,-23,-1,1,-10,-18,sil
6.879397630691528,1,11,1,2,8,-2,-4,-4,-14,-7,11,15,1,-2,sil
6.889809608459473,0,10,2,-9,4,-3,2,0,-7,-9,8,8,-2,-4,sil
6.90709114074707,-5,0,-7,-11,0,-1,2,3,0,-13,-1,-16,-15,-19,sil
6.90709114074707,-2,6,5,11,14,12,6,1,5,0,-3,-19,-11,-10,sil
6.922142744064331,0,17,20,30,22,21,10,0,1,5,1,-2,-2,3,sil
6.922142744064331,-1,9,0,33,14,8,7,2,-1,1,7,2,-2,2,sil
6.922142744064331,-1,1,6,23,9,5,0,5,-1,6,3,0,-3,3,sil
6.937546253204346,-6,0,1,13,6,18,2,-1,-3,12,-9,-9,-7,0,sil
6.937546253204346,-10,0,-3,17,5,24,14,-1,-4,7,-15,-18,-9,-8,sil
6.953401327133179,7,9,10,29,11,21,20,3,1,14,-4,-3,0,9,sil
6.969440460205078,17,9,1,20,11,6,13,-3,9,23,3,7,15,25,sil
6.970445871353149,-1,-8,-5,-5,-2,-4,0,-5,4,13,-6,-1,6,11,sil
6.970445871353149,-6,-17,-7,-15,-12,-3,0,1,0,9,-8,-4,0,5,sil
6.9854841232299805,8,-10,-6,-13,-17,-18,0,0,8,14,5,4,20,15,sil
6.9854841232299805,13,-3,1,-20,-25,-28,-8,-3,9,5,10,15,30,13,sil
7.001517057418823,10,0,-5,-23,-22,-22,-14,-2,-2,-11,12,20,18,3,sil
7.001517057418823,8,3,0,-21,-12,-22,-21,0,-18,-28,21,18,6,-5,sil
7.017101764678955,1,3,-1,-15,-6,-26,-32,0,-20,-33,21,12,2,-13,sil
7.017101764678955,1,3,2,1,-3,-17,-32,0,-15,-25,12,13,-4,-12,sil
7.03252911567688,3,3,13,7,2,0,-14,2,-13,-15,3,9,-11,-10,sil
7.03252911567688,-10,-3,-3,0,10,13,-1,1,-3,-8,0,-3,-14,-11,sil
7.049115180969238,-19,-3,-1,7,11,13,-4,0,1,-5,0,-9,-15,-15,sil
7.049115180969238,-10,3,6,25,6,12,0,4,-7,2,-5,-10,-15,-14,sil
7.064210414886475,-6,1,-2,19,5,22,22,5,-8,19,-18,-17,-11,-5,sil
7.06521201133728,-9,-4,-1,5,9,31,35,1,8,19,-19,-20,-5,0,sil
7.079734325408936,-6,-8,-9,0,8,17,32,0,17,14,-14,-17,-3,6,sil
7.079734325408936,-4,-8,-5,-3,4,4,30,3,17,21,-18,-16,-6,13,sil
7.096359968185425,-6,-6,-5,1,3,11,28,2,21,19,-20,-18,-4,12,sil
7.096359968185425,-10,-13,-15,-3,0,10,14,0,21,7,-16,-16,-1,4,sil
7.111507654190064,-13,-17,-8,-25,-7,-1,0,-1,13,5,-14,-10,-7,-3,sil
7.126827955245972,-12,-7,-8,-27,-10,-12,-5,-6,9,0,-12,-10,-4,-9,sil
7.12782883644104,-2,3,-2,-16,-10,-11,-7,-6,4,-11,-5,-7,6,-3,sil
7.12782883644104,12,7,1,-14,-3,-2,-8,-2,3,0,9,7,13,8,sil
7.142870903015137,18,9,3,-8,0,-8,-14,-5,4,6,22,19,12,9,sil
7.159481763839722,12,14,14,0,-2,-18,-19,-5,0,-8,19,19,11,4,sil
7.159481763839722,11,14,4,2,-1,-13,-11,-2,-5,-8,14,20,12,5,sil
7.159481763839722,21,11,6,7,5,-5,-6,-1,-6,0,20,31,14,5,sil
7.174515724182129,21,8,17,7,0,-8,-9,6,-7,-3,26,35,19,3,sil
7.174515724182129,15,6,14,3,-7,-14,-9,9,-6,-2,21,26,16,7,sil
7.190378904342651,16,11,16,8,0,-7,-8,0,-6,-3,14,21,2,8,sil
7.204540014266968,11,8,2,16,0,-4,-7,-3,-14,-12,14,13,-2,0,sil
7.204540014266968,-1,0,-1,15,-5,-5,-6,0,-24,-17,9,0,-1,-10,sil
7.222106695175171,-9,-4,0,12,0,2,-1,2,-20,-12,-8,-6,-6,-14,sil
7.222449064254761,-8,-7,-7,10,7,2,0,0,-7,-8,-16,-10,-10,-12,sil
7.222449064254761,-5,-3,3,6,5,0,0,0,-8,-11,-9,-18,-14,-11,sil
7.235190391540527,-5,3,0,10,9,5,-2,0,-12,-18,-12,-23,-21,-6,sil
7.251497507095337,-5,4,-6,11,13,2,-1,0,-10,-22,-23,-23,-26,-3,sil
7.251497507095337,-4,0,-5,0,4,2,2,4,-7,-10,-18,-16,-16,-5,sil
7.266222953796387,-7,-5,-16,-4,-3,14,7,3,3,11,-2,-6,4,0,sil
7.266222953796387,-9,-3,0,0,-1,20,4,2,13,18,0,0,6,9,sil
7.281436920166016,-8,-2,4,6,2,20,0,1,9,14,-5,-4,-3,1,sil
7.281436920166016,-13,-9,-7,0,0,20,8,-1,5,21,-5,-7,0,-3,sil
7.29654598236084,-21,-14,-6,-13,-4,12,14,-3,5,23,-6,-8,3,2,sil
7.29654598236084,-21,-12,-12,-17,-7,8,10,-3,7,15,-11,-17,-1,3,sil
7.312191009521484,-12,-12,-6,-16,-13,16,11,4,16,22,-7,-16,3,3,sil
7.312191009521484,-3,-13,-9,-11,-7,7,22,10,28,36,3,-4,14,10,sil
7.328093528747559,0,-6,-9,0,6,-9,27,-1,29,30,0,-3,10,9,sil
7.328093528747559,3,0,4,0,5,-3,21,-6,25,21,-4,-4,3,7,sil
7.888127565383911,0,-5,-4,5,3,3,0,8,-17,0,-10,-13,-2,-7,sil
7.888127565383911,-5,-16,3,1,0,7,1,1,-19,-11,-24,-19,-11,-4,sil
7.90418529510498,-11,-15,-6,-1,-5,13,1,-4,-10,-7,-17,-16,-5,2,sil
7.90418529510498,-17,-14,-7,-7,-2,16,0,0,11,12,-9,-13,2,1,sil
7.919613599777222,-19,-22,-12,-10,4,13,8,3,27,15,-16,-19,-4,-4,sil
7.919613599777222,-26,-27,-14,-17,-5,7,11,-2,24,1,-30,-23,-15,-5,sil
7.935676574707031,-18,-13,-2,-22,-18,3,13,2,25,9,-21,-9,-1,7,sil
7.935676574707031,2,1,-6,-9,0,0,16,5,30,25,8,5,17,19,sil
7.95122766494751,5,1,0,2,9,5,10,-1,15,23,8,1,12,13,sil
7.95122766494751,1,-3,0,5,0,11,6,-2,0,20,-10,-5,5,8,sil
7.967182159423828,8,1,-3,7,0,6,13,0,6,21,-4,1,10,18,sil
7.967182159423828,11,7,5,3,9,2,15,-2,16,18,8,10,11,16,sil
7.982149362564087,0,-3,-9,-8,-1,-1,10,-5,21,20,0,6,5,2,sil
7.982149362564087,-4,-14,-12,-22,-19,-15,0,2,25,13,-11,-2,1,-1,sil
7.9981865882873535,1,-4,-1,-26,-17,-19,-7,8,23,2,1,6,8,-1,sil
7.9981865882873535,9,4,4,-19,0,-14,-8,0,6,-4,21,24,10,-6,sil
8.013873100280762,7,9,8,-4,5,-10,-14,-8,-23,-31,5,13,-10,-19,sil
8.013873100280762,0,9,1,1,-2,-18,-23,-8,-43,-52,-12,-7,-31,-26,sil
8.036471843719482,0,4,7,-7,-6,-25,-28,-4,-37,-41,3,3,-22,-17,sil
8.036471843719482,3,4,8,-7,-2,-13,-18,3,-14,-22,22,20,5,-8,sil
8.036471843719482,5,12,1,12,3,2,-1,7,0,-3,21,11,17,2,sil
8.044501781463623,0,9,6,13,1,3,-1,5,1,8,14,3,4,9,sil
8.060124635696411,-4,0,-5,4,-3,-4,-10,0,0,0,3,1,-8,0,sil
8.060124635696411,2,8,0,14,0,0,-8,-1,-2,-11,3,1,-3,-5,sil
8.075053691864014,13,19,12,31,17,11,0,0,-3,1,19,7,11,12,sil
8.075053691864014,12,16,6,35,28,19,4,0,0,15,13,5,10,18,sil
8.091579914093018,1,11,10,38,29,26,5,0,1,9,-7,-3,-6,1,sil
8.091579914093018,-3,1,0,36,17,20,11,0,-2,0,-11,-12,-12,-4,sil
8.107527017593384,-6,-15,-8,5,0,7,12,0,-17,-5,-14,-19,-12,0,sil
8.107527017593384,-16,-22,-7,-21,-11,2,5,1,-24,-2,-21,-20,-13,-2,sil
8.123465776443481,-19,-20,-14,-18,-10,3,5,-3,-12,4,-19,-17,-7,-1,sil
8.123465776443481,-8,-13,-2,-12,-7,7,10,-2,1,9,-19,-16,0,4,sil
8.139473915100098,-2,-11,-4,-19,-8,5,13,0,11,10,-19,-17,3,0,sil
8.139473915100098,-3,-16,-11,-30,-17,-6,12,0,18,8,-12,-10,4,-4,sil
8.155054807662964,-1,-16,-3,-32,-24,-11,14,1,27,14,-4,0,8,2,sil
8.155054807662964,3,-7,0,-23,-16,-8,6,0,28,19,7,11,16,7,sil
8.170499324798584,13,5,8,-16,-8,-16,-15,0,14,5,19,19,13,0,sil
8.170499324798584,19,15,0,-17,-9,-25,-25,3,-5,-13,18,20,1,-7,sil
8.18606424331665,7,12,0,-8,-6,-18,-26,-4,-23,-27,10,14,-6,-12,sil
8.18606424331665,-7,6,11,5,5,0,-23,-13,-32,-33,5,4,-8,-14,sil
8.202131032943726,-8,4,4,14,17,8,-4,-3,-19,-14,0,-2,-5,-5,sil
8.202131032943726,0,8,11,28,17,14,12,8,7,10,0,1,2,9,sil
8.2171471118927,0,7,6,40,16,22,16,9,23,19,1,3,9,15,sil
8.2171471118927,0,1,-7,26,16,19,20,6,24,23,-4,-7,2,14,sil
8.232397556304932,0,-4,-3,4,10,9,21,8,22,27,-10,-10,0,12,sil
8.232397556304932,-3,-9,-12,-9,-6,-1,5,2,13,14,-8,-4,5,9,sil
8.248348236083984,-10,-11,-7,-26,-16,-9,-7,-1,2,-3,-5,-1,3,8,sil
8.248348236083984,0,-3,-2,-20,-6,-9,-1,-2,7,-3,4,5,0,2,sil
8.264276266098022,12,6,3,-2,0,-12,-6,-5,7,-9,14,15,-2,-9,sil
8.264276266098022,5,11,9,-8,-4,-14,-22,-2,-15,-27,9,13,-9,-17,sil
8.279841184616089,0,12,-2,-3,2,-11,-18,0,-24,-23,10,5,-5,-11,sil
8.279841184616089,3,13,4,18,10,-6,-8,-5,-9,-8,14,8,-2,-4,sil
8.2958402633667,-1,6,5,20,3,0,-4,-6,-13,-6,2,0,-13,-12,sil
8.2958402633667,-9,-8,-8,12,1,8,2,-1,-32,-5,-14,-21,-20,-18,sil
8.310503005981445,-6,-13,0,7,4,14,8,-1,-27,1,-18,-24,-12,-6,sil
8.310503005981445,2,-7,1,-2,0,18,17,0,0,14,-11,-7,3,12,sil
8.326534032821655,11,1,0,-3,2,17,27,6,27,29,-1,3,17,17,sil
8.326534032821655,8,1,-3,-5,1,2,8,3,27,17,5,4,16,2,sil
8.3420569896698,1,2,-4,-15,-9,-16,-22,-1,10,-6,15,8,7,-5,sil
8.3420569896698,8,18,14,1,-6,-17,-26,4,0,-5,27,22,11,7,sil
8.358099937438965,0,12,4,19,1,-13,-15,2,-13,-6,14,12,8,10,sil
8.358099937438965,-23,-15,-8,1,-4,-9,-11,-6,-33,-26,-18,-17,-8,-8,sil
8.374182224273682,-21,-18,0,-1,-3,10,2,-3,-27,-18,-20,-21,-12,-8,sil
8.374182224273682,-6,-8,3,15,1,21,26,2,-3,6,-5,-9,-5,4,sil
8.389618873596191,-4,-8,2,12,0,13,35,2,8,14,-12,-6,-4,7,sil
8.389618873596191,-3,-6,-10,-4,0,8,30,-2,22,17,-20,-9,-3,4,sil
8.40571403503418,-3,-8,-8,-23,-5,4,13,-5,24,13,-20,-12,-1,2,sil
8.40571403503418,2,-5,2,-25,-12,-1,-1,0,18,11,-9,-1,8,2,sil
8.421292304992676,21,6,2,-2,-5,-13,-11,1,28,19,14,22,23,14,sil
8.421292304992676,24,11,8,0,-1,-18,-12,0,27,10,19,26,20,18,sil
8.437179565429688,11,1,-2,-16,-1,-14,-5,2,10,-8,8,9,9,3,sil
8.437179565429688,7,0,-4,-21,-3,-10,-12,1,-3,-23,7,8,1,-10,sil
8.452343225479126,3,2,5,-20,-6,-7,-22,0,-19,-31,10,9,-10,-15,sil
8.452343225479126,-2,3,-3,-9,0,-4,-13,3,-22,-19,9,-3,-13,-13,sil
8.468435049057007,-2,10,7,17,10,1,-6,4,-7,-1,9,-5,-7,-14,sil
8.468435049057007,1,10,7,26,13,8,-8,-1,-1,-2,8,0,-8,-15,sil
8.484475135803223,0,4,0,11,11,9,-4,-1,-18,-8,4,-4,-15,-9,sil
8.484475135803223,-10,4,0,9,12,8,0,1,-25,-4,-4,-13,-22,-12,sil
8.500070571899414,-16,0,-7,22,15,13,6,0,-13,5,-13,-21,-19,-10,sil
8.500070571899414,-12,-1,3,25,14,20,19,0,-5,13,-6,-13,-4,1,sil
8.515195846557617,-6,1,5,21,9,17,20,1,0,15,2,1,4,9,sil
8.515195846557617,0,2,0,12,2,8,13,-1,8,21,-3,2,8,17,sil
8.53035306930542,-3,-8,-3,-4,-5,8,9,0,12,22,-15,-6,11,21,sil
8.53035306930542,-15,-26,-15,-18,-7,0,3,3,13,13,-14,-9,12,14,sil
8.547412395477295,-5,-21,-2,-10,-5,-11,0,0,16,10,-6,3,15,16,sil
8.547412395477295,13,2,4,2,-13,-11,2,-3,15,11,1,15,21,23,sil
8.562199115753174,16,3,0,-5,-15,-10,2,-5,14,2,6,19,18,16,sil
8.562199115753174,10,-10,4,-26,-9,-13,3,1,20,-4,1,21,10,2,sil
8.577418327331543,5,-12,-6,-35,-16,-18,-2,-1,11,-14,-9,10,-3,-11,sil
8.577418327331543,0,-1,-6,-38,-23,-20,-27,-13,-15,-35,-13,-6,-20,-27,sil
8.592855453491211,0,5,-4,-27,-13,-15,-31,-8,-25,-38,0,-9,-18,-28,sil
8.592855453491211,4,15,-5,-2,-3,-10,-11,1,-15,-18,15,0,-6,-21,sil
8.609485626220703,3,22,8,8,0,-6,-9,0,-16,-14,12,6,-5,-16,sil
8.609485626220703,3,20,3,15,9,-4,-13,0,-18,-14,13,4,0,-9,sil
8.625355243682861,10,17,8,31,24,4,1,9,-2,6,27,0,5,1,sil
8.625355243682861,7,11,13,35,21,11,9,8,4,16,25,-1,1,5,sil
8.639874935150146,-7,-3,1,21,10,8,-1,-3,-13,-4,-2,-6,-9,-1,sil
8.639874935150146,-11,-7,1,15,10,13,-1,-4,-24,-11,-20,-8,-12,-3,sil
8.656463623046875,-4,-3,-1,14,10,18,12,1,-9,8,-5,-2,-3,1,sil
8.656463623046875,-7,-5,1,7,0,13,22,5,2,19,3,-1,3,5,sil
8.672100067138672,-11,-3,5,7,0,17,23,8,14,21,-2,-9,5,11,sil
8.688250303268433,-8,0,0,13,7,21,19,3,27,28,-2,-9,10,16,sil
8.688250303268433,2,0,5,4,3,15,19,2,33,31,0,0,19,19,sil
8.688250303268433,8,-4,-1,-10,-3,3,20,4,30,25,-10,1,15,22,sil
8.701436996459961,-3,-17,-7,-24,-13,-10,3,-5,10,0,-30,-11,-7,8,sil
8.718546390533447,-16,-19,-8,-31,-19,-13,-16,-11,-9,-22,-32,-20,-22,-11,sil
8.719545364379883,-2,-8,-12,-25,-11,-7,-13,-9,-5,-14,-16,-6,-4,-3,sil
8.719545364379883,12,-1,7,-13,-2,-4,-10,-1,1,-1,0,15,8,12,sil
8.734115362167358,8,-3,2,-10,-1,-8,-15,0,-3,-3,7,14,1,1,sil
8.734115362167358,5,-3,-10,-15,-4,-11,-13,0,-2,-3,7,5,0,-7,sil
8.750296592712402,11,2,-2,-5,-3,-4,-4,2,12,5,14,16,13,1,sil
8.765407800674438,8,7,-2,6,3,-1,1,4,20,11,28,21,12,1,sil
8.765407800674438,-6,5,-6,-6,5,-10,-2,2,0,-11,13,0,-8,-20,sil
8.765407800674438,-15,0,-15,-14,0,-19,-13,-3,-22,-38,-11,-18,-20,-35,sil
8.783128499984741,-2,12,-1,6,0,-12,-14,-2,-17,-22,3,1,-8,-17,sil
8.783128499984741,11,25,23,25,5,-2,-9,3,-1,9,34,26,5,2,sil
8.79524564743042,10,13,14,18,9,-9,-10,0,-1,7,29,14,6,5,sil
8.810388565063477,5,6,16,8,8,-3,-10,-6,-13,-9,3,0,-3,1,sil
8.810388565063477,0,6,11,16,5,13,2,-2,-20,-10,-6,0,-14,-5,sil
8.828495025634766,-10,-1,-1,22,4,16,13,2,-20,-8,-11,-13,-16,-15,sil
8.828495025634766,-9,-2,-1,15,1,17,12,2,-22,-13,-15,-26,-11,-13,sil
8.828495025634766,1,-1,-3,8,0,17,16,-2,-18,0,-10,-13,-2,4,sil
8.84151315689087,5,-8,4,10,0,11,21,-1,-8,21,-4,5,6,24,sil
8.85726547241211,0,-9,-3,7,-3,9,15,0,1,23,-11,2,5,24,sil
8.85726547241211,-3,-10,-13,-4,-12,9,6,0,7,9,-19,-10,-1,13,sil
8.87253475189209,-8,-12,-4,-9,-5,7,9,7,16,8,-21,-14,-1,5,sil
8.87253475189209,-13,-11,-12,-10,1,2,12,7,29,17,-19,-17,4,1,sil
8.88806939125061,-11,-7,-7,-23,-4,0,4,0,37,16,-12,-11,11,0,sil
8.88806939125061,1,-2,0,-22,-5,-1,0,0,35,11,1,3,22,3,sil
8.904122114181519,9,-1,-2,-9,-4,-15,-4,-2,20,4,8,11,24,9,sil
8.904122114181519,7,-4,2,-16,-11,-24,-21,-5,4,-6,10,12,14,2,sil
8.919481039047241,9,-1,-3,-21,-10,-18,-24,-4,0,-8,24,17,12,-6,sil
8.919481039047241,7,7,0,-14,-7,-15,-19,-4,-8,-16,21,13,1,-13,sil
8.935495138168335,0,6,8,-12,-7,-18,-23,-5,-16,-27,5,3,-14,-17,sil
8.935495138168335,6,8,2,-1,4,-6,-10,1,-5,-12,12,8,-4,-3,sil
8.951605558395386,17,23,6,17,20,10,11,14,6,0,20,17,7,9,sil
8.951605558395386,-7,17,-3,12,15,5,14,12,-5,-15,1,0,-9,-2,sil
8.967081069946289,-27,1,-3,0,4,-2,0,1,-22,-22,-7,-16,-25,-17,sil
8.967081069946289,-3,7,8,9,4,3,-4,-1,-12,0,14,0,-8,-8,sil
8.982264280319214,11,9,11,30,10,5,2,0,-1,10,23,15,4,0,sil
8.982264280319214,-6,-4,12,27,7,12,6,0,-11,7,-2,-3,-14,-3,sil
8.997737407684326,-12,-14,-6,10,0,22,15,-3,-16,17,-27,-24,-25,0,sil
8.997837781906128,2,-5,0,5,3,16,26,-5,0,23,-24,-13,-4,9,sil
9.013116836547852,8,3,10,14,12,8,23,-4,7,16,-8,0,7,12,sil
9.013116836547852,5,-3,-1,12,4,7,3,-6,4,11,-10,-5,-6,12,sil
9.02861499786377,4,-9,4,0,-3,7,-5,-4,3,6,-22,-4,-13,14,sil
9.02861499786377,2,0,-1,-2,0,0,-2,0,2,2,-12,3,1,12,sil
9.044196367263794,0,0,-14,-4,-2,-8,-14,-2,-4,-4,0,1,8,0,sil
9.044196367263794,0,-8,-7,-7,-10,-5,-21,-1,-4,-14,0,-1,5,-6,sil
9.05973982810974,5,-6,1,-3,-5,0,-1,2,11,-3,9,6,14,4,sil
9.05973982810974,10,-5,5,-8,-2,-4,7,2,20,7,14,6,16,9,sil
9.0752694606781,-4,-19,-13,-25,-16,-11,-2,-1,12,-6,-7,-10,3,-10,sil
9.0752694606781,-16,-17,-16,-25,-17,-7,-3,0,3,-15,-15,-13,-5,-19,sil
9.09119153022766,-4,-1,0,-12,0,0,8,8,2,0,3,1,0,-4,sil
9.09119153022766,0,-1,-5,-11,0,-9,5,5,-3,0,4,0,6,0,sil
9.106652975082396,-5,1,2,-16,-12,-14,-4,0,-14,-17,-4,-5,3,-2,sil
9.106652975082396,0,9,2,-8,-8,-3,-4,0,-6,-11,4,2,7,-3,sil
9.122265815734863,3,4,-4,-6,-6,-4,-5,3,5,1,11,7,13,-6,sil
9.122645139694214,-6,4,0,-6,-9,-7,-7,2,5,1,8,6,9,-6,sil
9.137365579605104,-4,10,-3,7,1,0,-2,-3,3,0,12,12,4,-1,sil
9.137365579605104,3,7,4,6,7,-1,-6,-6,0,-3,10,14,-3,-7,sil
9.153048038482666,1,7,2,-2,4,-13,-14,-2,-11,-9,2,4,-12,-10,sil
9.153048038482666,2,15,-2,14,13,-5,-11,1,-20,-7,8,4,-6,1,sil
9.16840887069702,6,18,16,28,17,9,-9,2,-18,-2,20,16,3,10,sil
9.16840887069702,1,10,13,15,10,9,-6,2,-3,9,15,11,0,8,sil
9.18434476852417,2,5,9,11,13,12,1,0,3,15,0,-4,-7,6,sil
9.18434476852417,5,5,7,25,20,21,9,-2,3,0,-6,-10,-6,3,sil
9.19944715499878,0,0,-4,17,9,11,5,-1,0,-5,-11,-11,-2,0,sil
9.21552562713623,-2,-9,0,-2,-5,2,1,1,-1,10,-9,-9,0,-2,sorry
9.21552562713623,-3,-11,0,0,-4,7,12,0,2,19,-3,-9,-2,-1,sorry
9.21552562713623,-5,-9,3,5,0,7,19,0,12,6,-17,-17,-14,0,sorry
9.232105016708374,4,-4,4,6,2,9,15,0,14,4,-26,-17,-12,0,sorry
9.232105016708374,14,0,2,8,12,14,22,2,15,16,-4,0,5,15,sorry
9.247218370437622,6,3,6,6,3,9,28,5,18,17,2,8,11,25,sorry
9.247218370437622,0,-6,-9,0,-14,-3,16,0,11,3,-11,-5,0,12,sorry
9.263583421707152,-3,-22,-13,-17,-14,-7,1,-3,0,-4,-17,-11,-5,-1,sorry
9.263583421707152,-13,-23,-11,-33,-12,-6,-1,0,2,-2,-13,-4,-7,-8,sorry
9.278453826904297,-12,-15,-16,-28,-19,-16,-6,-3,5,-6,-7,-4,-10,-11,sorry
9.278453826904297,-2,-8,-3,-14,-9,-15,-11,-7,-5,-11,0,0,-13,-5,sorry
9.29391384124756,-9,-11,-13,-14,-3,-11,-16,-4,-16,-14,-2,1,-22,-6,sorry
9.29391384124756,-18,-14,-13,-20,-17,-15,-19,-5,-22,-25,-10,-4,-21,-19,sorry
9.309634447097778,-1,0,2,-10,-9,-6,-12,-2,-17,-22,0,0,-6,-10,sorry
9.32566785812378,13,14,-2,4,7,2,-4,1,-10,-8,15,8,-15,4,sorry
9.32566785812378,0,17,0,7,3,-2,-11,0,-16,-8,14,6,2,-3,sorry
9.32566785812378,1,18,4,11,3,-5,-13,0,-7,2,24,14,98,-5,sorry
9.341444730758669,18,16,13,10,9,-4,-15,3,12,15,42,32,123,9,sorry
9.357079267501833,16,15,20,-1,4,-4,-18,8,6,9,32,30,27,7,sorry
9.357079267501833,10,19,9,6,7,-2,-8,7,0,9,15,19,-13,0,sorry
9.357079267501833,13,24,14,21,11,0,-1,4,3,7,20,22,7,0,sorry
9.372790575027466,9,14,9,12,5,1,-7,1,-6,-8,19,11,-10,0,sorry
9.387898445129396,5,4,1,12,10,2,-2,1,-10,-5,8,-6,-28,6,sorry
9.387898445129396,9,9,12,29,16,8,8,2,14,10,5,0,-8,18,sorry
9.387898445129396,3,4,5,24,1,12,12,0,25,8,-4,0,-8,13,sorry
9.405067205429075,-11,-17,-8,-4,-9,15,17,-4,3,-2,-35,-28,-33,-3,sorry
9.419087171554564,-27,-30,-21,-23,-2,19,27,-3,-7,-4,-52,-43,-46,-17,sorry
9.419087171554564,-36,-28,-18,-26,-3,17,33,0,6,1,-49,-42,-44,-19,sorry
9.435434818267822,-29,-25,-13,-25,-12,6,22,0,9,10,-40,-45,-33,-16,sorry
9.435434818267822,-14,-23,-17,-24,-11,-5,-4,-3,-10,3,-34,-31,-15,-5,sorry
9.451531887054443,-2,-9,-1,-15,-1,-4,-14,0,-6,-4,-14,-4,2,9,sorry
9.451531887054443,4,0,-2,0,5,-3,0,3,30,11,18,8,20,13,sorry
9.451531887054443,8,-5,-5,-3,0,-9,0,0,38,16,25,11,23,1,sorry
9.468169689178469,8,-4,7,-21,-12,-14,-7,0,10,-8,5,13,10,-10,sorry
9.468169689178469,9,9,1,-7,-7,-19,-1,1,-9,-18,11,18,6,-10,sorry
9.48235821723938,12,24,14,21,12,-13,-3,-1,-23,-4,31,28,8,-1,sorry
9.48235821723938,12,21,18,27,12,-1,-16,-6,-42,0,23,21,4,4,sorry
9.498738288879396,6,12,7,24,4,0,-18,-6,-51,-9,8,6,-2,4,sorry
9.498738288879396,1,15,12,36,12,7,-10,0,-35,-12,4,5,0,3,sorry
9.512195348739624,0,9,4,41,11,19,3,1,-2,6,-2,0,3,10,sorry
9.527457237243652,0,-3,2,22,-1,22,18,3,16,22,-18,-11,1,12,sorry
9.527457237243652,-6,-4,2,1,-3,17,21,8,27,13,-21,-9,5,8,sorry
9.543537378311155,-4,-6,-8,-13,-3,0,19,4,42,8,-2,4,23,13,sorry
9.543537378311155,4,-11,0,-26,-14,-12,13,0,38,11,7,14,27,13,sorry
9.560591459274292,2,-10,-9,-28,-15,-12,-1,-2,10,-4,-4,6,3,-4,sorry
9.560591459274292,-1,-7,-16,-31,-8,-11,-16,-5,-6,-24,-7,0,-3,-14,sorry
9.575189352035522,2,-7,-7,-36,-6,-11,-16,-2,-9,-13,15,6,11,-3,sorry
9.575189352035522,5,-3,-2,-27,-2,-12,-13,0,-15,-4,23,5,8,-1,sorry
9.593110799789429,6,5,8,-11,0,-15,-20,0,-18,-17,10,0,-9,-10,sorry
9.593110799789429,7,4,1,-5,-3,-18,-21,0,-12,-17,6,2,-7,-10,sorry
9.60714030265808,-1,0,-6,-9,-9,-10,-17,-1,-9,-10,4,-4,-9,-11,sorry
9.60714030265808,-9,7,-1,1,0,3,-8,0,3,-12,-5,-12,-25,-14,sorry
9.623247385025024,0,19,6,29,21,15,11,4,30,1,-2,0,-17,-3,sorry
9.623247385025024,9,16,18,40,29,22,26,7,31,29,14,8,3,10,sorry
9.623247385025024,-2,1,0,24,18,16,21,3,8,30,9,-2,2,10,sorry
9.639283418655396,-15,-2,-6,16,8,7,6,0,-7,5,-15,-12,-14,1,sorry
9.653453826904297,-8,6,3,27,6,7,-1,0,-23,-7,-17,-5,-19,0,sorry
9.653453826904297,-2,4,-2,28,-2,2,-5,-5,-42,-5,-3,-3,-7,-1,sorry
9.668628692626951,-16,-7,-2,1,-10,1,0,-4,-43,0,-7,-9,0,-3,sorry
9.668628692626951,-19,-13,-12,-9,-2,11,16,0,-7,7,-11,-17,4,-5,sorry
9.684413433074951,-2,-11,-9,3,0,11,22,2,29,15,-8,-16,4,-2,sorry
9.684413433074951,4,-7,8,0,-4,4,11,0,36,20,-6,-5,5,4,sorry
9.700112581253052,3,-9,4,-18,-2,3,4,-3,29,19,0,0,10,14,sorry
9.700112581253052,12,-1,11,-11,-3,4,3,-2,21,9,2,10,12,14,sorry
9.716201782226562,17,6,6,1,-4,-1,7,0,13,4,-3,19,8,6,sorry
9.716201782226562,12,-1,1,-11,-4,-13,3,2,1,-3,-4,14,5,9,sorry
9.732503890991213,8,-8,8,-22,-11,-20,-9,0,-12,-17,0,4,2,9,sil
9.732503890991213,5,-5,-7,-19,-11,-21,-16,-6,-26,-11,0,0,2,0,sil
9.748069524765016,1,-5,-6,-23,-6,-17,-25,-4,-28,-6,5,6,9,0,sil
9.748069524765016,-4,-3,-3,-19,-7,-8,-29,4,-11,-21,10,8,10,-2,sil
9.763153076171877,-10,1,-11,-13,-7,-3,-14,2,3,-24,4,-4,-3,-16,sil
9.763153076171877,-10,-2,-9,-22,-6,-5,-4,0,11,-12,-5,-13,-13,-21,sil
9.778493642807009,-10,-8,-12,-18,-8,-9,-13,0,14,-11,-9,-10,-11,-16,sil
9.778493642807009,-9,0,2,0,-5,-5,-13,3,7,-13,0,0,-8,-13,sil
9.79409670829773,0,14,8,17,9,7,2,2,0,0,14,14,2,-3,sil
9.79409670829773,12,26,1,32,26,13,11,0,-1,7,15,20,12,9,sil
9.809242486953735,12,26,12,29,23,6,0,2,-5,0,5,6,0,7,sil
9.809242486953735,2,14,7,18,10,-1,-3,-1,-11,-2,6,-4,-10,0,sil
9.825328588485718,2,7,6,23,6,2,10,-5,-13,1,8,0,-2,1,sil
9.825328588485718,5,8,7,26,5,9,21,-2,-12,3,5,5,0,6,sil
9.841551303863524,-2,4,0,18,2,7,20,-4,-13,2,4,-1,-10,6,sil
9.841551303863524,-7,-3,5,13,7,12,20,0,-5,8,0,-7,-7,3,sil
9.856547355651855,0,-2,2,8,12,19,23,11,10,24,-1,0,2,5,sil
9.856547355651855,4,6,4,3,5,13,14,8,17,28,0,3,-2,9,sil
9.872280597686768,1,1,3,5,0,7,7,-3,14,15,-8,-6,-8,1,sil
9.872280597686768,-5,-21,-15,-8,-4,3,5,-4,13,11,-13,-17,7,-3,sil
9.888297319412231,-16,-29,-18,-34,-10,0,-4,2,12,14,-4,-16,14,-4,sil
9.888297319412231,-14,-20,-16,-30,-10,-11,-14,2,6,6,-7,-13,-4,-4,sil
9.903374433517456,3,-7,-2,-5,-7,-15,-15,-1,-1,-5,-13,-3,-9,1,sil
9.903374433517456,8,-2,3,0,-4,1,-4,0,2,0,-3,6,10,11,sil
9.91869068145752,0,-11,-2,-10,-3,6,0,-2,10,8,-6,1,14,9,sil
9.91869068145752,2,-8,7,-13,-5,-12,-8,-2,0,-5,-11,0,7,0,sil
9.934536933898926,10,10,0,-6,-13,-23,-20,-3,-12,-26,6,9,8,-4,sil
9.934536933898926,7,11,0,-6,-19,-15,-15,-4,-5,-25,11,11,4,-2,sil
9.95011568069458,0,0,8,-9,-16,-3,4,-1,1,-17,-10,4,-4,0,sil
9.95011568069458,-3,-4,-5,-11,-11,-2,6,-4,-1,-26,-15,-2,-9,-8,sil
9.965415477752686,0,0,-1,-15,-5,-8,-11,-1,0,-27,2,1,-4,-13,sil
9.965415477752686,8,10,0,-3,0,-9,-13,7,12,-2,22,16,11,0,sil
9.980594873428345,10,16,3,9,4,-6,-10,8,3,0,31,22,15,6,sil
9.980594873428345,6,13,15,9,10,0,-17,1,-20,-11,25,14,-2,-6,sil
9.996084690093994,0,11,9,12,23,3,-11,-4,-26,0,15,2,-13,-10,sil
9.996084690093994,-7,9,5,19,27,10,0,-3,-26,6,0,-8,-18,-8,sil
10.012263536453249,-13,2,-2,21,20,15,3,-2,-33,-3,-19,-20,-29,-17,sil
10.012263536453249,-12,0,-3,23,11,17,9,1,-18,5,-18,-22,-25,-10,sil
10.028361082077026,-11,0,1,17,7,23,23,4,11,29,-4,-14,-1,5,sil
10.028361082077026,-11,0,-9,12,9,25,35,1,31,36,-7,-9,9,7,sil
10.05215048789978,-7,-2,-2,10,6,18,36,1,32,25,-21,-4,6,8,sil
10.05215048789978,-5,-18,-8,-8,-11,-1,22,6,20,12,-16,-1,13,13,sil
10.05215048789978,-8,-28,-20,-31,-23,-19,-1,3,6,7,-2,-5,14,9,sil
10.059279680252075,-2,-10,-3,-19,-17,-12,-13,-1,6,3,0,-7,7,7,sil
10.074445247650146,12,0,1,-5,-10,-7,-9,-4,12,0,3,1,13,15,sil
10.074445247650146,25,1,6,-15,-5,-12,-5,-1,13,-2,17,27,25,19,sil
10.091521501541138,22,14,6,-12,1,-8,0,3,15,0,29,37,27,17,sil
10.091521501541138,8,13,1,-5,-2,-11,-7,0,4,-9,18,17,11,3,sil
10.106509685516356,5,5,8,-6,-8,-17,-26,0,-14,-22,1,1,-12,-18,sil
10.106509685516356,10,11,6,7,3,-6,-17,0,-16,-13,4,6,-18,-20,sil
10.122247219085692,4,9,9,25,14,3,-1,-1,-17,-7,10,3,-13,-5,sil
10.122247219085692,-9,-1,0,23,9,8,-1,0,-25,-10,-3,-11,-16,-7,sil
10.136376142501833,-12,-5,-8,15,5,17,10,0,-18,-1,-22,-26,-18,-10,sil
10.153692722320557,-4,-6,4,7,3,22,27,0,1,4,-26,-33,-16,-1,sil
10.153692722320557,-1,-13,-11,0,0,12,19,0,10,1,-21,-27,-14,4,sil
10.153692722320557,0,-10,-10,-10,-6,-3,0,-1,10,2,-11,-4,-2,0,sil
10.169255018234251,2,-1,6,-16,-10,-13,-9,-6,7,0,2,12,9,-1,sil
10.169255018234251,1,0,-3,-14,-8,-17,-21,-9,-1,-13,15,14,9,-1,sil
10.18541932106018,1,5,0,-9,-2,-18,-31,0,-11,-17,16,19,1,-6,sil
10.18541932106018,-1,7,3,-1,0,-18,-18,4,-11,-9,9,16,-3,-12,sil
10.20012092590332,-13,2,4,6,1,0,0,-1,-6,0,0,1,-4,-8,sil
10.20012092590332,-13,6,7,11,10,23,9,0,-4,11,-4,-1,-1,-1,sil
10.214709520339966,0,6,0,11,13,22,20,1,-3,19,-6,0,0,4,sil
10.214709520339966,-4,-6,5,2,-5,12,15,0,-2,14,-14,-6,1,11,sil
10.230345487594604,-17,-18,-10,-15,-18,11,2,0,0,5,-17,-13,0,5,sil
10.24747109413147,-10,-20,-17,-27,-11,4,1,-1,10,0,-14,-13,-3,-1,sil
10.24747109413147,7,-11,-1,-20,-6,-6,7,0,24,3,-5,-2,7,7,sil
10.24747109413147,16,1,-1,-1,-4,-11,4,3,33,9,12,14,29,15,sil
10.261537075042725,18,14,4,10,7,-3,-3,10,27,5,30,22,28,7,sil
10.277602910995483,9,9,3,3,13,0,-4,5,17,0,35,16,18,2,sil
10.277602910995483,0,4,1,-13,4,-11,-4,0,2,-3,26,7,11,2,sil
10.295158624649048,7,14,4,-7,4,-11,-3,3,-8,-8,11,5,0,-4,sil
10.295158624649048,16,21,3,27,18,-2,2,0,-10,-6,4,4,-7,-3,sil
10.308602571487429,6,18,14,39,20,2,8,0,-13,0,3,4,-7,2,sil
10.308602571487429,5,8,7,20,10,6,10,3,-19,-1,4,0,-6,0,sil
10.323793649673462,6,-1,-5,10,2,8,4,0,-18,-5,-7,-8,-11,-5,sil
10.323793649673462,-13,-8,-4,13,-1,9,-4,-3,-21,-2,-31,-19,-27,-10,sil
10.342551231384276,-26,-14,-10,8,-10,2,-4,-3,-20,4,-36,-33,-30,-11,sil
10.342551231384276,-16,-21,-7,-5,-14,0,0,-4,-9,3,-22,-31,-17,-7,sil
10.342551231384276,-19,-24,-14,-16,-11,4,4,-5,-1,-2,-25,-22,-18,-5,sil
10.355265140533447,-23,-16,-14,-17,-12,4,0,-4,-1,0,-34,-18,-22,-6,sil
10.37144160270691,-3,-6,5,-15,-11,-1,-6,1,5,10,-9,-3,5,2,sil
10.37144160270691,13,-3,0,-11,-5,-9,-6,-2,19,13,19,19,34,17,sil
10.386480331420898,15,2,5,-8,-4,-11,-12,-6,16,0,18,26,24,13,sil
10.386480331420898,9,6,5,-12,-6,-12,-17,2,5,-15,13,22,7,1,sil
10.403938055038452,3,1,-6,-19,-8,-15,-12,2,-3,-26,16,17,6,-1,sil
10.403938055038452,5,5,2,-14,-1,-6,-4,0,-5,-21,20,13,11,-4,sil
10.421579360961914,12,15,3,-4,9,0,2,1,4,-2,25,15,16,-4,sil
10.421579360961914,13,17,9,-2,7,0,1,4,0,0,20,18,7,0,sil
10.421579360961914,15,19,16,14,3,7,1,4,-10,0,10,13,1,8,sil
10.435529232025146,17,21,11,41,17,18,16,5,1,18,15,8,13,17,sil
10.451355218887327,5,11,11,31,21,12,24,4,20,30,18,5,14,12,sil
10.451355218887327,-12,-6,-4,3,3,2,9,0,11,15,0,-11,-4,-8,sil
10.451355218887327,-17,-10,-5,7,2,8,0,-2,-7,0,-26,-24,-22,-19,sil
10.465269327163696,-11,-1,-1,16,12,15,12,0,-4,0,-29,-14,-21,-7,sil
10.480620861053469,-3,-4,-6,0,3,4,19,0,10,0,-15,-5,-11,0,sil
10.480620861053469,-5,-11,3,-6,-8,1,5,-2,11,1,-14,-12,-8,0,sil
10.496152639389038,-14,-15,-6,-3,-9,3,-2,-4,3,0,-19,-22,-11,0,sil
10.496152639389038,-14,-20,-13,-22,-13,-6,-3,0,1,-1,-12,-17,-7,-3,sil
10.512234687805176,-4,-14,-11,-31,-16,-12,-4,3,6,-3,-4,-3,1,-4,sil
10.512234687805176,0,0,-13,-10,-7,-10,-6,0,8,-4,-2,1,10,6,sil
10.52736210823059,0,4,-1,-12,-6,-13,-14,0,0,-6,0,0,11,8,sil
10.52736210823059,1,-4,-8,-31,-17,-23,-29,-3,-12,-10,0,1,-1,-9,sil
10.542773962020874,-3,-5,-6,-26,-16,-24,-39,-6,-27,-23,3,7,-10,-21,sil
10.542773962020874,0,11,6,-1,2,-10,-29,-1,-31,-26,13,12,-6,-12,sil
10.558175086975098,13,18,5,25,21,4,-3,1,-22,-13,14,12,-5,0,sil
10.558175086975098,8,10,18,43,30,16,11,4,-19,-2,5,5,-11,3,sil
10.573627710342407,-5,2,12,40,24,23,20,1,-13,14,0,-3,-7,1,sil
10.573627710342407,-1,0,4,21,14,24,30,-2,4,33,0,-4,7,7,sil
10.589613676071169,4,0,4,8,9,24,35,1,14,29,-1,-3,13,12,sil
10.589613676071169,0,-2,-8,3,0,7,26,3,20,16,-3,-3,10,9,sil
10.604979515075684,10,0,3,-7,-15,-10,8,1,35,16,0,10,15,14,sil
10.604979515075684,20,0,9,-17,-15,-13,-5,0,34,15,11,19,23,21,sil
10.620509147644045,9,2,-2,-16,-9,-10,-11,0,10,0,20,11,14,7,sil
10.620509147644045,0,12,-1,-7,-7,-8,-11,0,0,-15,14,7,0,-9,sil
10.636464595794678,0,11,1,3,0,-3,-9,0,0,-11,10,5,-3,-8,sil
10.636464595794678,2,8,14,16,8,1,-8,0,-4,-6,20,5,-1,0,sil
10.651553869247437,7,9,6,25,5,4,-2,5,-10,-8,19,6,7,3,sil
10.651553869247437,2,0,-3,23,4,7,8,3,-13,-7,-4,-5,3,3,sil
10.666754245758057,-16,-17,-3,11,3,12,12,-3,-16,-1,-29,-25,-17,-4,sil
10.666754245758057,-26,-24,-21,-6,-9,7,3,-11,-14,0,-34,-30,-21,-12,sil
10.68256378173828,-16,-18,-15,-23,-16,2,-2,-6,-6,1,-30,-23,-11,-4,sil
10.68256378173828,-6,-15,-7,-28,-6,0,0,5,8,4,-23,-17,-4,0,sil
10.698089361190796,-9,-20,-12,-35,-6,-14,-6,2,15,-1,-17,-10,0,-9,sil
10.698089361190796,-3,-12,0,-41,-13,-19,-21,-2,11,-8,-7,2,2,-13,sil
10.713297843933104,12,5,0,-24,-6,-12,-18,-1,8,0,15,15,8,-1,sil
10.713297843933104,7,10,1,-10,0,-14,-13,-1,0,-5,18,13,3,-4,sil
10.728819131851196,-13,5,-3,-16,-7,-16,-15,-4,-13,-31,-6,-2,-16,-22,sil
10.728819131851196,-11,4,-5,-11,-2,-7,-7,0,-13,-26,-15,-4,-20,-17,sil
10.744502067565918,5,17,16,8,10,0,2,7,-6,-1,1,15,0,9,sil
10.744502067565918,12,25,16,24,16,5,4,0,0,5,16,21,12,19,sil
10.760059595108032,12,25,10,29,16,13,8,0,2,5,15,12,5,7,sil
10.760059595108032,5,10,2,25,9,16,9,6,2,6,5,3,0,0,sil
10.775664567947388,-7,-10,-10,6,2,5,2,0,-3,1,-2,-7,-10,3,sil
10.775664567947388,-5,-10,6,3,4,6,6,-1,-7,3,1,-6,-12,3,sil
10.79269552230835,9,0,6,25,8,15,20,7,5,16,14,7,5,7,sil
10.79269552230835,14,0,4,26,8,11,20,5,14,19,17,12,15,16,sil
10.806451559066772,13,3,7,15,8,9,16,0,12,16,18,8,12,19,sil
10.806451559066772,14,8,0,24,11,11,20,0,17,22,21,5,15,15,sil
10.821603059768677,3,-1,3,13,7,4,14,2,15,24,9,1,16,6,sil
10.836741209030151,-8,-13,-6,-12,-3,-2,7,0,4,14,-6,-7,6,-6,sil
10.836741209030151,-3,-7,-7,-5,-7,-4,1,-6,-3,-7,-10,-11,0,-9,sil
10.854464054107666,2,-1,2,6,0,-9,-14,-6,-16,-17,-9,-6,1,-3,sil
10.854464054107666,-4,-5,-7,-6,-5,-12,-25,-7,-24,-9,-7,-6,2,-5,sil
10.854464054107666,-10,-3,-4,-5,-11,-2,-18,-2,-11,-8,-3,-7,-4,-9,sil
10.868706703186035,-9,0,-4,3,-3,5,-5,-1,0,-6,-10,-6,-13,-8,sil
10.884407997131348,-9,-2,-4,-8,-3,-1,-4,-4,-8,-5,-25,-7,-17,-8,sil
10.884407997131348,-3,0,1,-9,-9,-7,-6,0,-10,-8,-20,-4,-11,-4,sil
10.884407997131348,2,0,-4,-1,-6,-8,-2,5,4,-1,0,0,2,4,sil
10.89856767654419,-5,-8,-4,-21,-8,-8,-5,0,4,0,-5,-5,0,1,sil
10.914090871810911,-15,-11,-10,-37,-10,-7,-4,0,-3,-5,-15,-16,-9,-5,sil
10.914090871810911,-4,-5,-5,-17,-5,-2,7,3,12,4,0,-5,3,4,sil
10.929259300231934,3,-1,5,-5,-5,7,9,4,25,7,8,5,14,8,sil
10.929259300231934,-2,-7,-6,-18,-9,4,0,1,9,-11,-6,-3,3,-1,sil
10.94473385810852,0,-11,1,-29,-7,-6,0,0,4,-13,-10,-2,-2,-2,sil
10.94473385810852,10,-2,1,-21,-5,-10,3,0,17,0,5,13,2,1,sil
10.960082530975342,12,9,-3,-3,-1,-7,-9,0,7,-8,14,20,4,-1,sil
10.960082530975342,3,10,6,0,1,-8,-24,3,-10,-22,11,12,1,-7,sil
10.975363492965698,-1,5,0,-8,0,-14,-29,-4,-15,-17,6,3,-3,-11,sorry
10.975363492965698,1,16,7,-4,3,-6,-24,-7,-17,-7,14,11,-6,-9,sorry
10.991356372833252,6,25,11,17,19,5,-9,4,-17,-3,26,18,-3,-5,sorry
10.991356372833252,0,14,1,27,20,3,-2,3,-18,-9,11,0,-9,-9,sorry
11.006834506988524,-4,7,8,25,11,4,1,0,-18,-4,-6,-8,-16,-9,sorry
11.006834506988524,0,10,6,37,21,19,21,0,-6,13,6,1,-5,3,sorry
11.022688627243042,4,11,10,44,28,27,30,2,-5,18,7,0,-2,9,sorry
11.022688627243042,-5,0,0,22,5,20,17,0,-16,7,-14,-20,-12,3,sorry
11.038161039352415,-11,-11,-11,2,-8,7,13,-1,-9,6,-19,-19,-11,8,sorry
11.038161039352415,0,-9,2,15,0,6,27,1,9,24,-3,0,5,19,sorry
11.054269790649414,10,-2,1,29,7,13,36,0,23,47,6,6,20,19,sorry
11.054269790649414,2,-8,0,10,1,12,23,-2,24,42,2,0,20,12,sorry
11.07035207748413,-1,-10,1,-5,-5,1,4,0,24,18,0,4,17,10,sorry
11.07035207748413,6,-10,-7,-5,-17,-10,-4,2,23,9,4,12,15,15,sorry
11.086448431015016,5,-16,-1,-18,-22,-11,-4,2,12,-1,-11,0,4,9,sorry
11.086448431015016,-3,-14,-7,-27,-11,-6,-3,-2,8,-19,-32,-16,-5,-8,sorry
11.101489067077637,0,-1,0,-12,-2,-1,-8,-4,14,-18,-15,-5,0,-7,sorry
11.101489067077637,7,1,3,-6,-1,0,-4,2,13,-5,9,7,14,5,sorry
11.117265701293944,3,2,-13,-15,1,-4,1,0,9,-6,2,2,12,0,sorry
11.117265701293944,1,9,-2,-10,4,-9,-7,-2,2,-15,-2,0,0,-12,sorry
11.13249659538269,-1,1,1,0,-1,-10,-15,-3,-7,-16,9,-1,-2,-8,sorry
11.13249659538269,-9,-6,-6,-5,-9,-12,-15,-3,-14,-14,7,-7,-2,-7,sorry
11.148165941238403,-7,0,-3,-15,-8,-13,-18,0,-19,-15,0,1,-6,-12,sorry
11.148165941238403,-3,0,-3,-11,-1,-16,-13,-1,-21,-17,11,10,-3,-7,sorry
11.163313150405884,-8,-3,5,-8,0,-13,-6,-1,-12,-11,11,2,-1,-3,sorry
11.163313150405884,-9,0,3,-8,-3,-7,-15,4,0,9,8,3,-4,-6,sorry
11.178857803344728,0,5,0,-9,-1,-3,-24,3,-2,17,13,11,-3,-4,sorry
11.178857803344728,0,5,-8,-12,4,2,-13,-7,-16,-4,0,-3,-13,-10,sorry
11.194292068481444,-10,5,-15,-13,5,3,0,-10,-20,-24,-20,-23,-28,-16,sorry
11.194292068481444,-14,6,-3,-11,1,1,0,0,-10,-16,-12,-11,-23,-10,sorry
11.210404872894289,-5,1,-1,-7,0,10,5,6,0,-2,-1,2,-8,-4,sorry
11.210404872894289,10,0,5,2,0,14,17,7,2,0,-8,1,1,4,sorry
11.22629427909851,18,7,17,19,0,8,18,4,6,1,-9,1,4,14,sorry
11.22629427909851,12,9,7,24,0,3,7,0,1,9,-3,0,1,9,sorry
11.24131679534912,7,3,14,18,1,7,-4,3,-6,13,0,8,3,5,sorry
11.24131679534912,14,6,11,15,7,7,-2,2,2,19,8,15,16,15,sorry
11.25655484199524,15,8,7,15,8,3,2,0,12,17,4,4,12,15,sorry
11.25655484199524,2,2,15,21,8,9,4,4,5,3,3,0,0,2,sorry
11.272175788879396,-2,0,-2,30,6,9,6,0,-2,-1,11,5,5,0,sorry
11.272175788879396,-1,-1,-2,23,0,0,11,-5,-2,0,0,-1,3,2,sorry
11.287334442138672,-6,-6,-1,9,6,4,19,3,4,3,-8,-7,-4,0,sorry
11.287334442138672,-10,-18,-11,0,15,9,17,0,10,15,8,0,-1,3,sorry
11.30538034439087,-13,-16,-1,-2,0,1,5,-6,2,11,5,-3,0,2,sorry
11.30538034439087,-21,-10,-13,-5,-12,-5,0,-4,-3,-4,-9,-16,0,-7,sorry
11.319441556930542,-14,-6,-14,-12,-7,-1,0,0,9,0,3,-7,7,-6,sorry
11.319441556930542,2,-6,-2,-11,-1,0,1,2,21,11,10,2,11,2,sorry
11.33555293083191,0,-10,-9,-9,-7,0,0,0,10,3,-15,-12,1,1,sorry
11.33555293083191,-18,-13,-10,-28,-15,-6,-8,-1,-3,-6,-29,-25,-9,-2,sorry
11.350079536437988,-9,-9,-7,-34,-17,-13,-7,0,-1,-5,-15,-16,-9,-1,sorry
11.350079536437988,14,7,3,0,-6,-11,0,-2,2,0,-1,-2,0,1,sorry
11.365798711776732,15,12,6,10,2,0,-1,-2,1,4,3,8,9,0,sorry
11.382453918457031,0,0,-3,-16,0,-2,-7,0,-2,-2,1,12,1,0,sorry
11.382453918457031,7,0,1,-23,0,-11,-2,2,-7,-12,-1,9,-5,1,sorry
11.382453918457031,17,12,2,-6,3,-9,4,0,0,-4,8,12,5,4,sorry
11.39728569984436,13,17,7,-3,-1,-6,-2,0,9,-2,12,19,8,0,sorry
11.412490844726562,4,13,4,-4,-1,-8,-12,3,3,-12,1,14,-7,-13,sorry
11.412490844726562,4,6,-2,-1,2,-8,-8,-1,-4,-16,0,5,-7,-9,sorry
11.428333282470703,13,6,12,-1,-1,0,-5,-1,-1,-8,18,16,9,8,sorry
11.428333282470703,22,16,9,13,5,0,-6,3,2,2,29,29,15,11,sorry
11.428333282470703,16,21,9,31,23,0,-3,1,-3,4,20,18,5,0,sorry
11.442559242248535,2,14,11,25,21,8,-1,0,-14,-1,11,3,0,-3,sorry
11.458077430725098,-8,2,-3,9,3,3,-10,0,-19,-11,6,-2,0,0,sorry
11.458077430725098,-15,-4,2,3,-2,-3,-20,0,-24,-22,-5,-10,-14,-9,sorry
11.473572969436646,-11,-7,2,14,5,7,-12,0,-17,-12,-9,-13,-13,-12,sorry
11.473572969436646,-1,-6,4,29,11,20,0,5,4,18,2,-2,5,2,sorry
11.489091634750366,-9,-9,0,20,0,16,4,5,8,23,-3,-8,3,12,sorry
11.489091634750366,-34,-28,-24,-12,-17,3,3,-6,-10,-1,-29,-33,-16,-2,sorry
11.505224466323853,-41,-33,-15,-29,-17,8,10,-4,-14,-6,-29,-35,-19,-19,sorry
11.505224466323853,-23,-16,-7,-9,-3,29,27,2,6,14,-12,-19,-10,-11,sorry
11.521310806274414,-7,-2,-8,0,0,24,37,0,5,16,-20,-20,-13,2,sil
11.521310806274414,1,1,3,-7,0,3,35,-3,0,8,-22,-17,-7,7,sil
11.537346839904783,14,2,4,1,3,-6,22,-1,17,23,1,0,13,13,sil
11.537346839904783,7,-6,0,-2,-2,-8,0,0,23,25,3,5,15,10,sil
11.552874326705933,-6,-13,-11,-29,-15,-10,-7,1,13,8,-3,-5,4,-1,sil
11.552874326705933,4,-1,-4,-24,-11,-13,0,0,21,6,3,-3,5,3,sil
11.568548202514648,16,6,11,0,-1,-18,-9,0,25,3,0,10,7,13,sil
11.568548202514648,7,0,-5,4,-1,-26,-26,1,6,-11,-3,15,2,6,sil
11.584148168563845,8,2,-1,-2,-2,-19,-26,2,-7,-19,6,15,0,-1,sil
11.584148168563845,10,12,3,-8,-1,-8,-16,-1,-10,-17,6,7,0,-6,sil
11.599188327789308,7,7,-4,-10,0,-7,-10,-5,-9,-15,9,9,4,-8,sil
11.599188327789308,19,9,12,-3,0,-3,-7,-4,-8,-11,20,27,15,1,sil
11.615110397338867,24,18,9,2,0,0,-6,0,-6,-7,18,27,13,5,sil
11.615110397338867,11,14,5,3,6,0,-4,2,0,-5,11,13,-1,-3,sil
11.63055968284607,2,7,6,11,9,2,1,6,2,-6,9,12,-6,-8,sil
11.63055968284607,-1,6,0,11,2,0,3,2,-8,-16,0,1,-4,-7,sil
11.6474609375,-8,5,0,0,0,4,0,0,-14,-17,-3,-9,-8,-9,sil
11.6474609375,-7,0,-5,8,11,13,2,0,-5,-2,3,-5,-4,-2,sil
11.661543607711792,-2,1,6,26,15,13,9,0,-7,2,6,-2,2,4,sil
11.661543607711792,1,14,17,31,17,19,17,3,-8,4,9,0,7,5,sil
11.677062749862673,5,11,7,29,23,23,22,2,1,15,8,1,7,10,sil
11.677062749862673,-2,-7,0,19,14,15,14,0,5,21,-4,-2,1,16,sil
11.69241213798523,-16,-23,-13,0,-7,-4,3,-1,1,19,-8,-9,-3,9,sil
11.69241213798523,-19,-25,-12,-12,-22,-13,0,-6,-3,11,-10,-14,-10,-3,sil
11.70743465423584,-16,-14,-10,-5,-14,5,7,-3,2,8,-21,-22,-14,-6,sil
11.70743465423584,-15,-10,-15,-10,-5,17,13,0,18,17,-24,-22,-7,0,sil
11.72352170944214,-12,-20,2,-40,-17,-3,-5,-4,11,8,-20,-10,-3,-2,sil
11.72352170944214,0,-14,-2,-42,-27,-25,-30,-8,-7,-11,-8,0,2,-9,sil
11.738531351089478,16,9,-2,-17,-14,-20,-27,-2,-2,-7,13,10,20,-4,sil
11.738531351089478,14,14,9,-13,-1,-11,-15,5,2,-3,21,16,17,-5,sil
11.75463056564331,-1,8,0,-12,1,-12,-16,2,-11,-17,11,6,-1,-8,sil
11.75463056564331,-3,15,5,9,13,-5,-8,3,-14,-10,9,-2,-3,-1,sil
11.770184516906738,2,8,4,21,20,7,8,2,0,4,0,-8,-2,-1,sil
11.770184516906738,-2,-9,-3,12,9,10,9,0,5,5,-18,-17,-12,-5,sil
11.786136865615845,-4,-9,-8,10,0,8,8,4,18,9,-13,-11,-3,3,sil
11.786136865615845,7,-4,-7,8,0,3,10,2,31,9,2,8,12,15,sil
11.801663398742676,10,-3,6,-12,-7,-8,-2,-3,7,-17,1,14,2,5,sil
11.801663398742676,-1,0,-2,-22,-11,-18,-8,-5,-22,-40,0,1,-13,-14,sil
11.817545652389526,-2,6,-5,4,-1,-3,3,-2,-23,-27,6,0,-10,-13,sil
11.817545652389526,3,6,11,33,5,22,13,2,-11,3,0,7,-4,5,sil
11.833459854125977,0,0,1,15,2,18,18,3,2,22,-20,-4,-6,16,sil
11.833459854125977,0,-6,-3,-15,-3,5,15,1,15,14,-23,-11,-1,7,sil
11.848470449447632,7,-4,-1,-8,-1,2,2,2,17,3,0,9,12,1,sil
11.864378690719604,14,13,10,9,3,-4,-10,3,12,1,23,32,17,10,sil
11.864378690719604,18,30,22,13,5,-6,-11,2,1,1,28,27,7,9,sil
11.864378690719604,7,15,2,16,6,0,-1,-2,-12,-2,14,3,-6,-6,sil
11.879392147064207,-12,-6,-2,9,9,4,0,-2,-18,0,-4,-14,-16,-13,sil
11.879392147064207,-20,-12,-8,-4,2,4,2,0,-9,12,-9,-21,-9,-4,sil
11.89542031288147,-16,-19,-18,-16,-7,1,9,-4,3,19,-8,-20,2,1,sil
11.89542031288147,-6,-18,-2,-25,-9,-7,1,-4,9,4,-4,-3,8,2,sil
11.911359310150146,9,2,-3,-19,-5,-18,-14,0,0,-7,14,17,11,1,sil
11.911359310150146,17,19,7,0,1,-14,-16,2,-11,-10,32,21,12,-1,sil
11.927444458007812,6,13,16,14,10,-1,-7,3,-2,-6,25,9,8,-4,sil
11.927444458007812,-9,0,0,17,7,4,-5,0,1,-2,2,-7,-6,-10,sil
11.942903995513916,-14,-3,-4,11,2,11,-2,-2,-6,-3,-18,-20,-19,-11,sil
11.942903995513916,-6,-8,-4,2,0,16,11,0,-2,3,-16,-12,-2,6,sil
11.95821976661682,4,-16,0,-10,-15,1,13,0,6,11,-4,2,15,20,sil
11.95821976661682,7,-8,-1,-18,-17,-12,0,-1,9,3,0,7,12,12,sil
11.97450876235962,13,12,0,-7,4,-12,0,-2,13,-3,9,20,14,5,sil
11.97450876235962,13,16,15,5,9,-6,-1,0,0,-8,19,28,12,-4,sil
11.989662885665894,-10,-1,-4,2,-2,-5,-7,-2,-20,-24,-5,-4,-15,-24,sil
11.990176916122437,-24,-5,-10,2,2,5,0,2,-16,-19,-31,-28,-29,-17,sil
12.005770683288574,-4,1,1,16,13,23,24,7,4,17,-14,-12,-5,8,sil
12.005770683288574,0,-4,-11,14,6,17,23,0,16,32,-11,-13,2,12,sil
12.020662546157835,-21,-20,-19,-13,-4,0,1,-4,14,12,-40,-36,-10,-3,sil
12.020662546157835,-12,-15,-18,-21,-3,-5,-2,0,12,6,-28,-24,0,0,sil
12.036238431930542,14,6,-1,-4,-2,-10,0,6,9,10,11,9,14,13,sil
12.061476945877075,7,13,2,-10,-7,-16,-12,8,2,-5,11,15,2,1,sil
12.061476945877075,-7,0,-9,-27,-9,-17,-26,-2,-9,-27,2,1,-12,-21,sil
12.061476945877075,5,2,10,-11,-1,-9,-24,-6,-21,-27,22,7,-11,-15,sil
12.061476945877075,16,14,21,21,6,9,-7,0,-12,-12,24,20,-3,5,sil
12.068562746047974,5,6,17,30,7,25,0,0,-2,-4,1,8,-3,6,sil
12.084112644195557,0,0,16,22,3,19,0,0,-7,4,0,-4,-6,0,sil
12.084112644195557,3,0,7,16,1,4,9,0,-1,23,6,-3,0,4,sil
12.099538326263428,0,-5,8,4,-5,5,15,-3,10,21,-2,0,7,8,sil
12.099538326263428,-2,-10,-1,-4,-11,4,12,0,7,7,-3,-2,8,7,sil
12.11660861968994,7,-6,-3,-7,-6,-2,9,5,10,8,3,4,11,7,sil
12.11660861968994,13,-1,2,-8,-4,-2,8,3,22,10,1,14,13,3,sil
12.132153749465942,0,-3,-11,-22,-3,-6,5,-2,18,-4,5,13,7,0,sil
12.132153749465942,-1,2,-6,-23,7,-15,0,0,1,-18,15,14,7,-2,sil
12.147237539291382,16,20,1,8,17,-15,-6,1,-9,-17,17,18,10,-4,sil
12.147237539291382,17,26,3,27,14,-7,-12,-3,-19,-13,16,11,0,0,sil
12.160419702529907,-3,17,2,12,7,0,-17,-3,-32,-12,6,-2,-16,-6,sil
12.175458669662476,-17,3,-9,9,1,1,-12,-1,-34,-8,-9,-9,-20,-13,sil
12.175458669662476,-18,-8,-2,13,1,7,7,0,-24,0,-15,-11,-13,-7,sil
12.190551042556764,-19,-17,-8,4,0,11,22,4,-7,8,-14,-14,-6,0,sil
12.190551042556764,-14,-15,-17,-4,-9,8,18,1,11,16,-16,-14,-5,4,sil
12.20614218711853,-5,-10,4,-9,-9,3,9,3,32,24,-7,-8,3,9,sil
12.20614218711853,-2,-11,-1,-16,-6,-6,-1,1,37,23,3,-7,20,11,sil
12.221276760101318,-9,-13,-12,-32,-19,-22,-26,-3,15,0,-8,-13,11,0,sil
12.221276760101318,-10,-13,-10,-42,-26,-24,-40,-5,-7,-21,-20,-14,-8,-19,sil
12.237156867980955,2,-3,0,-21,-6,-13,-31,-3,-9,-13,0,2,0,-15,sil
12.237156867980955,14,20,19,15,11,3,-10,0,-1,-2,21,14,8,0,sil
12.253171443939207,10,29,8,33,17,19,10,2,0,0,10,2,-3,5,sil
12.253171443939207,8,15,11,32,23,26,24,5,-1,7,1,2,-4,6,sil
12.269275903701782,11,5,14,28,25,26,35,6,2,14,3,13,5,11,sil
12.269275903701782,5,0,0,15,12,22,39,0,7,7,-12,-6,-5,7,sil
12.284763097763062,0,-8,-1,3,-2,13,23,-3,6,2,-26,-21,-11,8,sil
12.284763097763062,1,-12,-4,-2,-6,0,4,0,4,6,-8,-1,9,13,sil
12.300423383712769,4,-11,-2,-13,-7,-10,-3,1,4,0,-1,6,13,0,sil
12.300423383712769,3,-10,0,-17,-8,-14,-12,-3,8,-8,-6,-1,1,-12,sil
12.315514087677002,5,-4,-6,-15,-7,-21,-16,-7,7,-11,9,6,4,-3,sil
12.315514087677002,6,5,4,-17,-5,-19,-12,0,-2,-9,19,19,9,-1,sil
12.331565618515016,0,9,0,-6,-4,-11,-12,1,-2,-4,13,15,1,-11,sil
12.331565618515016,-4,8,-1,4,-2,-18,-15,0,-3,-13,16,9,-7,-12,sil
12.346450328826904,-2,8,7,-4,0,-20,-11,6,-18,-26,12,7,-13,-7,sil
12.346450328826904,-1,8,0,2,2,-2,-4,4,-25,-16,4,4,-8,-2,sil
12.362136840820312,-4,10,8,21,5,14,-1,-1,-18,1,10,3,-1,-1,sil
12.362136840820312,-7,-1,3,0,2,16,4,-1,-9,7,8,-4,-2,-1,sil
12.377619504928589,-11,-14,-6,-21,0,9,8,0,-5,7,-8,-14,-8,2,sil
12.377619504928589,-10,-2,-3,11,0,11,8,1,-1,12,-10,-8,-6,9,sil
12.393454313278198,-3,3,-5,37,2,14,6,0,6,18,-3,-7,-2,8,sil
12.393454313278198,-9,-6,-2,11,-1,11,0,0,7,13,-14,-21,-6,0,sil
12.409498691558838,-23,-10,-11,-4,-5,9,-1,-4,0,2,-21,-28,-10,-5,sil
12.409498691558838,-17,-9,-12,1,0,6,2,-7,-1,2,-18,-19,-5,-1,sil
12.425111770629885,3,-11,-2,-1,1,4,9,1,9,14,-13,-8,2,4,sil
12.425111770629885,9,-10,-4,-12,-3,0,11,1,18,10,-3,0,8,9,sil
12.440460443496704,5,-6,0,-20,-10,-7,3,-2,13,-7,0,8,5,4,sil
12.440460443496704,10,-1,-1,-20,-8,-18,-8,0,9,-1,0,14,9,2,sil
12.456108808517456,32,16,7,-2,-3,-16,-7,0,17,15,14,25,24,16,sil
12.456108808517456,49,30,25,17,3,-1,3,0,25,10,30,41,31,23,sil
12.471737623214722,30,11,6,6,3,-4,-6,0,16,-1,27,34,21,10,sil
12.471737623214722,-5,-10,-3,-24,-7,-18,-32,0,-8,-13,9,9,6,-5,sil
12.487664461135864,-8,-2,-4,-21,-5,-12,-24,2,-20,-19,0,-3,-5,-14,sil
12.487664461135864,4,15,0,6,13,0,2,6,-15,-12,4,-1,-10,-16,sil
12.50324249267578,-5,14,14,11,18,5,6,7,-16,-13,2,-1,-11,-15,sil
12.50324249267578,-16,7,2,7,11,4,3,4,-14,-15,3,-5,-9,-11,sil
12.518959283828735,-6,10,3,16,14,5,9,0,-7,-10,4,-4,-6,-9,sil
12.518959283828735,-8,7,4,23,14,9,7,-4,-16,-11,-7,-7,-12,-11,sil
12.534240484237673,-20,0,0,22,9,12,3,-3,-21,-7,-19,-18,-18,-12,sil
12.534240484237673,-16,-6,4,17,7,17,14,5,-5,8,-14,-22,-11,-3,sil
12.549742221832275,-15,-18,-11,1,0,13,23,0,0,11,-10,-24,-4,0,sil
12.549742221832275,-17,-23,-12,-8,-9,3,15,-3,-1,6,-17,-23,-8,-1,sil
12.565566301345823,-8,-15,-2,-10,-12,2,10,1,6,12,-24,-14,-8,3,sil
12.565566301345823,0,-17,-9,-19,-15,-2,13,-2,10,12,-22,-6,0,15,sil
12.581748962402344,3,-14,-1,-17,-18,-7,4,-6,9,10,-1,2,12,15,sil
12.581748962402344,12,3,0,0,-11,-8,-4,0,23,18,13,14,26,12,sil
12.59741234779358,11,3,0,-11,-7,-7,-10,0,27,10,-4,16,14,12,sil
12.59741234779358,6,-8,0,-25,-8,-3,-11,-2,16,0,-17,11,0,12,sil
12.61247420310974,6,0,0,-7,-3,-1,-9,-2,17,8,12,18,14,11,sil
12.61247420310974,4,12,3,-2,-1,-2,-8,0,23,21,40,24,26,8,sil
12.628079414367676,6,9,-7,-4,0,-4,-7,0,20,19,30,16,9,2,sil
12.628079414367676,9,8,-1,6,0,-10,-10,0,0,-4,12,6,-5,-7,sil
12.643535614013672,-5,6,-1,-2,-7,-15,-22,-1,-22,-39,6,-1,-11,-22,sil
12.643535614013672,-14,2,-12,-16,-5,-7,-25,-4,-30,-43,5,-8,-19,-22,sil
12.659072160720823,5,17,16,8,15,7,-9,-1,-20,-19,6,-2,-17,-6,sil
12.659072160720823,20,22,22,33,22,5,1,4,-18,-8,10,5,-3,-1,sil
12.674206733703612,10,4,3,22,9,-7,0,1,-31,-16,6,3,-5,-5,sil
12.690269947052002,1,0,1,16,7,0,0,-2,-31,-13,0,-1,-13,0,sil
12.69126558303833,4,1,0,17,10,12,4,-3,-18,-4,-8,-7,-11,1,sil
12.69126558303833,1,-5,2,4,3,5,-4,-2,-24,-16,-16,-10,-11,-9,sil
12.70551300048828,-12,-7,-5,0,2,1,-2,0,-32,-19,-18,-10,-10,-16,sil
12.70551300048828,-18,-7,-5,4,4,11,14,6,-15,4,-12,-13,-4,-6,sil
12.721576452255247,-10,-13,5,-2,-1,19,19,13,12,28,-11,-15,0,3,sil
12.721576452255247,-2,-15,0,-7,-3,12,19,9,30,30,-13,-6,12,11,sil
12.73660683631897,0,-7,3,-2,0,9,25,4,43,32,-8,4,27,18,sil
12.75273323059082,2,-4,0,-5,-2,4,25,0,46,35,-1,1,23,17,sil
12.75273323059082,-5,-8,-11,-14,-12,-5,10,-5,30,17,-14,-7,2,6,sil
12.76845121383667,-13,-4,-4,-17,-13,-4,0,-5,22,3,-21,-8,0,0,sil
12.76945185661316,-7,1,-3,-12,-6,-4,-1,0,33,17,0,-6,10,4,sil
12.786089181900024,0,2,4,-11,-4,-12,-5,1,24,18,7,0,12,8,sil
12.786089181900024,8,2,3,-12,-2,-9,-1,-1,6,0,10,20,13,11,sil
12.786089181900024,19,6,0,-8,1,-6,0,-3,6,-7,31,34,18,16,sil
12.800253868103027,20,13,3,3,6,-10,-12,0,1,-9,33,25,13,9,sil
12.800253868103027,9,17,-6,10,12,-16,-16,-2,-12,-16,17,8,4,-7,sil
12.817610263824465,0,8,0,0,8,-16,-19,-3,-21,-21,15,0,-6,-19,sil
12.817610263824465,-13,-7,-4,-6,-6,-10,-25,-1,-33,-34,3,-8,-22,-24,sil
12.832778215408323,-13,-5,-17,6,-6,-4,-20,-2,-38,-39,-12,-13,-26,-22,sil
12.832778215408323,0,12,6,23,7,4,-6,-1,-25,-14,3,0,-17,-12,sil
12.846451044082642,2,10,6,22,10,12,6,0,-14,7,19,3,-9,-7,sil
12.860645055770874,-3,1,3,13,0,12,5,0,-17,-2,-5,-11,-19,-12,sil
12.860645055770874,-2,-1,12,13,0,12,0,-2,-16,-9,-21,-10,-27,-7,sil
12.87619423866272,0,-6,7,17,4,17,11,-2,-3,11,-3,1,-8,10,sil
12.87619423866272,5,-3,6,13,3,24,26,3,11,25,-2,0,10,18,sil
12.891250371932983,5,-2,-2,1,0,17,20,6,15,18,-22,-12,2,10,sil
12.891250371932983,-10,-17,-6,-18,-7,2,3,0,-2,4,-24,-15,-6,5,sil
12.907315015792848,-15,-22,-7,-27,-17,-3,0,-1,-11,0,-16,-6,1,5,sil
12.907315015792848,0,-6,-7,-15,-12,-13,1,0,5,6,-20,-1,9,7,sil
12.92268133163452,2,-1,3,-15,-6,-17,0,0,16,3,-18,0,7,2,sil
12.92268133163452,-1,-5,-8,-21,-6,-8,3,5,17,0,2,0,7,-3,sil
12.938372135162354,11,3,-2,-10,0,-5,0,4,22,4,14,12,15,3,sorry
12.938372135162354,16,14,13,6,11,-5,-5,0,22,2,15,19,21,9,sorry
12.95446252822876,0,7,0,0,3,-4,-15,-4,6,-8,22,8,14,-1,sorry
12.95446252822876,-2,2,-2,-13,-8,-8,-28,-2,-7,-15,24,5,4,-12,sorry
12.970505475997925,6,10,-5,-2,0,-10,-26,-1,-14,-9,15,12,2,-6,sorry
12.970505475997925,0,15,1,19,13,0,-10,-3,-15,0,12,0,-3,0,sorry
12.986082553863524,-14,7,11,28,15,21,10,0,-8,14,7,-18,-5,-5,sorry
12.986082553863524,-13,-11,-2,17,11,26,29,0,-1,18,-10,-18,-1,-3,sorry
13.001605987548828,-11,-19,-7,-6,5,8,28,-1,5,7,-20,-13,-4,2,sorry
13.001605987548828,-12,-8,-13,-19,-3,-10,11,0,21,5,0,-5,1,2,sorry
13.017199277877808,1,0,-6,-10,-6,-10,0,0,27,8,14,10,12,3,sorry
13.017199277877808,15,0,12,0,-5,-4,-6,4,12,-1,5,18,7,3,sorry
13.032455205917358,12,2,9,2,-3,-14,-12,4,-2,-13,0,11,-4,-4,sorry
13.032455205917358,6,13,10,0,-3,-10,-14,0,-13,-18,4,8,-14,-9,sorry
13.048210859298706,-1,7,0,2,0,3,-10,-5,-25,-18,4,0,-20,-3,sorry
13.048210859298706,-5,0,0,17,7,0,-3,0,-30,-12,-6,-9,-26,-2,sorry
13.06337070465088,5,2,11,23,13,3,6,9,-20,-1,-18,-5,-19,0,sorry
13.06337070465088,10,-4,3,10,0,19,14,2,-2,11,-15,0,0,10,sorry
13.078914880752563,0,-12,2,5,-12,14,6,-3,-4,13,-8,-5,4,14,sorry
13.078914880752563,0,-1,-1,18,-6,2,3,0,-9,3,-9,-3,1,13,sorry
13.094929456710815,10,-2,-4,8,-5,2,10,2,12,2,-10,10,14,21,sorry
13.094929456710815,7,-14,3,-19,-13,-1,4,1,32,9,-11,11,20,15,sorry
13.111569881439207,0,-5,-10,-21,-4,-15,-5,-3,19,2,-7,-2,11,-2,sorry
13.111569881439207,6,16,-1,-7,5,-14,-6,-8,2,-6,9,6,13,0,sorry
13.127081871032717,16,21,3,-8,-1,-4,-3,-2,3,-2,29,23,19,1,sorry
13.127081871032717,3,6,-11,-22,-5,-5,-9,0,-1,-4,21,3,4,-17,sorry
13.143103122711182,-16,2,-6,-27,2,-3,-8,0,-9,-15,3,-17,-12,-34,sorry
13.143103122711182,-21,6,-4,-15,9,5,2,0,1,-9,7,-11,-12,-29,sorry
13.158608198165894,-14,4,0,-1,11,11,0,5,9,-1,9,-8,-12,-16,sorry
13.158608198165894,-7,4,0,9,16,8,-5,4,3,0,3,-12,-12,-1,sorry
13.174525737762451,-1,6,-2,22,17,3,4,-3,-3,5,4,-7,-6,6,sorry
13.174525737762451,-4,0,7,20,8,6,11,0,-15,3,2,-5,-3,0,sorry
13.190222263336182,-10,-12,2,16,0,8,7,5,-13,2,-7,-12,-4,0,sorry
13.190222263336182,-7,-7,0,18,-2,4,5,-2,0,9,-16,-15,-5,5,sorry
13.205708980560305,-12,-10,-6,9,-5,4,3,-8,-5,5,-19,-17,-11,-6,sorry
13.205708980560305,-24,-30,-15,-14,-15,0,-5,-3,-19,-3,-21,-21,-16,-13,sorry
13.221415281295776,-13,-29,0,-20,-25,2,-7,0,-6,3,-18,-11,-1,5,sorry
13.221415281295776,12,-12,2,-1,-16,6,3,0,19,19,-7,16,22,28,sorry
13.236278295516968,17,-7,2,2,-1,-7,9,3,24,16,0,38,25,36,sorry
13.236278295516968,5,-7,3,-13,-4,-19,0,3,9,2,0,23,9,20,sorry
13.252623796463013,4,-2,-10,-23,-13,-18,-10,-5,6,-1,1,3,1,0,sorry
13.252623796463013,13,9,2,-13,-3,-14,-13,0,11,0,17,20,9,0,sorry
13.268357753753662,21,23,14,8,12,-6,-5,3,3,-6,26,38,16,10,sorry
13.268357753753662,28,23,17,11,8,-5,-4,0,-12,-18,16,23,7,0,sorry
13.284085512161257,25,20,16,-5,-6,-14,-10,2,-15,-17,4,3,-5,-8,sorry
13.284085512161257,19,22,8,2,3,-10,-1,5,-4,-7,10,0,1,-3,sorry
13.300165176391602,19,27,17,22,25,10,12,2,5,-3,20,2,12,3,sorry
13.300165176391602,9,19,2,19,18,10,4,0,5,0,17,2,7,1,sorry
13.315294027328491,-7,3,-9,0,-2,-3,-10,-3,-6,-1,7,1,1,-6,sorry
13.315294027328491,-15,-8,-5,-9,-4,0,-13,-2,-10,-15,-1,-6,-5,-16,sorry
13.330350637435911,-17,-11,-15,0,3,9,-6,-1,-5,-14,-15,-25,-19,-18,sorry
13.330350637435911,-14,-1,-6,19,10,17,0,0,-6,3,-20,-22,-21,-13,sorry
13.34549856185913,-14,-1,-7,19,9,17,1,4,-1,13,-5,-9,-11,-9,sorry
13.34549856185913,-22,-13,-17,-1,-3,6,-1,1,4,6,0,-16,-9,-9,sorry
13.361665725708008,-18,-15,-6,0,-3,14,10,-2,-3,1,-9,-17,-13,-2,sorry
13.361665725708008,-9,-13,-6,4,8,25,24,-6,-14,-2,-24,-13,-21,1,sorry
13.3772873878479,-19,-14,-5,-14,-1,6,22,-4,-7,-3,-29,-25,-23,-5,sorry
13.3772873878479,-18,-8,-2,-16,-13,-4,20,0,12,10,-8,-21,0,-2,sorry
13.39341640472412,2,-7,1,1,-5,3,17,1,18,19,8,-2,18,15,sorry
13.39341640472412,0,-17,0,-11,-7,-1,1,2,1,5,-13,-4,2,12,sorry
13.40952968597412,-11,-17,-10,-27,-14,-14,-7,-2,-6,-5,-31,-16,-8,-2,sorry
13.40952968597412,0,-1,4,-11,-4,-8,-3,-2,3,0,-15,0,2,1,sorry
13.425365924835203,13,9,8,7,0,-9,2,3,17,11,0,20,17,13,sorry
13.425365924835203,11,11,2,3,-1,-20,0,4,18,13,7,23,22,11,sorry
13.44140911102295,14,10,14,-3,2,-13,-10,2,14,7,19,29,20,4,sorry
13.44140911102295,21,8,5,-1,2,-4,-12,0,12,7,28,37,22,6,sorry
13.456864356994627,23,7,4,-2,-5,-12,-13,0,3,-1,20,31,17,10,sorry
13.456864356994627,14,3,3,-10,-8,-14,-21,2,-4,-19,11,19,3,0,sorry
13.472095251083374,6,2,-7,-9,-4,-7,-16,0,-6,-20,21,14,0,-8,sorry
13.47248363494873,10,14,8,5,3,0,-6,2,-7,-11,31,13,8,0,sorry
13.48753809928894,15,20,14,21,9,1,-5,6,-6,-5,27,12,7,8,sil
13.48753809928894,8,13,13,20,3,-2,-9,0,-8,0,20,11,-2,8,sil
13.50309920310974,0,11,4,16,2,-1,-3,-6,-14,1,17,1,-6,0,sil
13.50309920310974,-6,8,-10,11,11,3,2,-3,-13,-5,3,-15,-7,-11,sil
13.518134355545044,-16,-2,-5,0,10,8,0,0,-17,-14,-18,-27,-19,-18,sil
13.518134355545044,-27,-13,-12,-2,1,7,-2,-4,-27,-12,-26,-31,-30,-20,sil
13.53423023223877,-32,-15,-13,1,1,15,0,-7,-23,-2,-22,-28,-25,-19,sil
13.53423023223877,-23,-11,-8,1,3,26,9,0,-5,9,-16,-21,-10,-12,sil
13.549646854400637,-7,-7,-5,4,2,23,21,5,11,14,-12,-16,-2,0,sil
13.549646854400637,1,0,11,6,5,17,25,5,24,14,-13,-9,-2,11,sil
13.565392017364502,1,-2,0,0,3,7,20,0,18,16,-21,-11,0,10,sil
13.565392017364502,-1,-14,-8,-7,-3,-1,14,-1,0,10,-28,-14,-2,7,sil
13.580554723739624,0,-14,7,-7,-3,4,15,1,4,1,-28,-8,-4,6,sil
13.580554723739624,6,-9,1,-11,-7,4,8,0,15,-2,-23,-5,1,3,sil
13.596498489379885,0,-10,-7,-23,-18,-12,-7,-1,4,0,-15,0,9,2,sil
13.596498489379885,-2,-9,-10,-17,-12,-15,-2,0,6,4,-1,10,13,7,sil
13.613312244415283,13,0,3,-4,-3,-9,4,1,23,5,15,18,11,12,sil
13.613312244415283,22,8,15,0,-3,-12,-3,0,19,-1,26,20,10,6,sil
13.628650903701782,7,7,-6,-1,-3,-19,-15,-2,-2,-9,21,13,6,-1,sil
13.628650903701782,-3,1,-5,-7,-5,-13,-17,0,-7,-13,11,10,0,0,sil
13.644372940063477,8,6,1,0,-3,-3,-12,4,7,-3,25,19,8,3,sil
13.644372940063477,18,14,3,12,0,-9,-11,0,4,0,35,19,16,-4,sil
13.660021305084229,4,7,4,-3,-6,-15,-18,-5,-14,-14,9,6,0,-16,sil
13.660021305084229,-5,1,0,-10,-1,-2,-11,-6,-14,-16,-1,4,-13,-6,sil
13.67612338066101,7,19,20,16,24,12,-2,1,0,0,21,16,1,6,sil
13.67612338066101,10,26,15,27,25,5,-6,2,-6,4,26,13,13,0,sil
13.690237045288086,2,4,-4,21,6,-6,-10,-1,-17,0,11,1,10,-5,sil
13.690237045288086,1,-1,5,24,5,6,0,2,-16,2,2,-5,4,-3,sil
13.707300662994385,-8,5,-3,14,10,17,11,-1,-13,0,-15,-15,-11,-9,sil
13.72347092628479,-24,2,-15,0,6,5,9,-4,-14,-12,-32,-18,-24,-14,sil
13.72347092628479,-25,-7,-13,1,0,0,1,5,-11,-2,-15,-15,-15,-7,sil
13.72347092628479,-20,-13,-7,0,-8,5,5,4,-8,16,-6,-19,-8,0,sil
13.73951816558838,-17,-12,-4,-7,-6,14,18,0,0,14,-21,-19,-15,2,sil
13.755129098892212,-16,-15,-18,-9,2,13,20,4,13,7,-25,-17,-14,0,sil
13.755129098892212,-16,-18,-6,-16,-6,8,12,6,11,5,-24,-23,-11,0,sil
13.755129098892212,0,-8,9,-10,-12,10,20,3,16,12,-15,-13,0,12,sil
13.769429445266724,20,0,3,-3,-2,6,26,-1,34,25,4,7,15,23,sil
13.769429445266724,17,-3,6,-18,-4,-5,5,-2,29,23,8,10,16,12,sil
13.785420656204224,14,0,10,-18,-6,-12,-10,-5,16,2,8,11,17,5,sil
13.785420656204224,21,10,18,-5,0,-13,-11,-9,6,-8,13,23,19,11,sil
13.801332712173462,14,4,8,-12,0,-14,-20,-5,-12,-12,11,21,12,2,sil
13.802336931228638,7,0,-5,-11,0,-12,-28,2,-13,-20,17,12,9,-6,sil
13.817484855651855,16,12,10,5,4,-3,-19,6,1,-23,27,22,10,0,sil
13.818488836288452,15,12,7,13,4,-5,-5,3,0,-10,14,22,-1,0,sil
13.833120584487917,0,0,2,16,6,-1,1,-1,-14,-1,-3,0,-16,-10,sil
13.833120584487917,-14,-4,-1,24,2,12,7,-3,-19,-6,-18,-19,-22,-16,sil
13.848655700683594,-22,-10,-16,15,-5,10,6,-2,-17,-8,-33,-26,-23,-13,sil
13.864718914031982,-17,-16,-10,-3,-6,3,6,0,-13,3,-30,-25,-15,-4,sil
13.864718914031982,-14,-12,-14,-5,-9,0,4,0,-1,15,-10,-20,-3,0,sil
13.880505323410034,-9,2,-8,0,-12,-10,-6,-3,9,3,3,-2,9,0,sil
13.880505323410034,8,15,5,-2,0,-12,-10,-1,14,-10,21,22,24,2,sil
13.896100521087646,22,14,-1,-5,6,-6,-5,-2,7,-10,34,29,22,8,sil
13.896100521087646,16,15,7,0,-1,-4,-9,0,-6,-10,25,19,4,7,sil
13.896100521087646,6,18,8,10,1,-6,-11,0,-19,-17,11,11,-3,-4,sil
13.91046690940857,-2,6,0,8,8,-5,-8,-3,-30,-20,-2,0,-11,-16,sil
13.927453517913818,-15,-10,-2,-2,4,9,3,0,-27,-8,-17,-15,-18,-14,sil
13.927453517913818,-18,-14,-12,-3,6,23,21,6,1,16,-15,-18,-7,-1,sil
13.942460060119627,-8,-7,-3,2,10,19,22,7,19,28,-10,-11,4,4,sil
13.942460060119627,-4,-7,0,0,1,5,12,3,7,19,-14,-11,1,7,sil
13.957274675369264,-5,-13,-7,-14,-8,0,7,1,9,13,-14,-15,-4,12,sil
13.957274675369264,0,-10,-2,-18,-6,5,6,7,40,25,-3,-7,3,12,sil
13.975459575653076,3,-4,2,-6,0,0,3,6,43,29,10,7,19,10,sil
13.975459575653076,5,1,16,-2,0,-9,-3,0,23,10,19,16,17,7,sil
13.975459575653076,14,14,10,0,2,-9,-12,-1,23,-1,22,18,2,-1,sil
13.989675283432009,15,26,3,10,4,-10,-17,0,13,-4,21,16,-3,-8,sil
13.989675283432009,1,21,10,19,4,-10,-20,0,-22,-17,10,4,-5,-8,sil
14.004544973373411,-2,6,2,24,8,7,-2,-3,-27,-19,-7,-12,-12,-6,sil
14.021161079406738,-1,0,3,24,12,21,21,-1,-11,-3,-15,-15,-16,-1,sil
14.021161079406738,-10,-8,-4,6,4,10,16,-2,-17,1,-13,-13,-9,-2,sil
14.021161079406738,-16,-18,-15,-11,-5,4,5,-8,-26,-1,-19,-18,-5,-2,sil
14.035648584365845,-7,-13,0,-17,-8,9,12,-6,-15,-1,-24,-14,-9,7,sil
14.0524263381958,2,-6,-5,-15,-11,-3,10,-5,-1,0,-10,0,-3,15,sil
14.0524263381958,8,-8,-6,-14,-12,-15,-2,0,4,1,2,15,11,10,sil
14.073087692260742,9,-7,0,-18,-10,-12,-2,4,5,-1,3,17,14,3,sil
14.073087692260742,9,-2,-2,-21,-13,-22,-9,-1,-4,-17,5,15,4,0,sil
14.073087692260742,15,7,7,-9,-8,-23,-25,-3,-17,-27,12,21,7,-3,sil
14.083111763000488,17,12,7,2,3,-3,-22,4,-12,-17,18,21,17,-3,sil
14.09748649597168,6,11,8,0,4,0,-12,6,-6,-10,18,8,8,-6,sil
14.09748649597168,-4,12,6,9,4,-5,-3,0,-4,-5,13,-1,0,-13,sil
14.112854242324827,-6,9,-7,31,9,4,8,0,1,4,0,-3,-1,-11,sil
14.112854242324827,-9,0,-6,19,3,17,9,2,3,8,-7,-10,-6,-3,sil
14.128875494003296,-19,-7,-8,0,0,18,5,-1,4,9,-5,-21,-5,0,sil
14.128875494003296,-18,-3,-1,7,8,18,9,-2,13,15,-11,-22,-5,0,sil
14.144822359085085,-4,0,1,15,9,20,15,0,22,22,-20,-13,-6,2,sil
14.144822359085085,5,-5,-8,5,0,11,11,-2,26,31,-8,-2,8,10,sil
14.16042423248291,3,-10,2,-7,-3,0,1,2,28,30,3,4,22,19,sil
14.16042423248291,-3,-8,-4,-19,-3,-14,-8,4,22,9,0,0,9,6,sil
14.175411939620972,-9,-10,-10,-37,-13,-29,-22,-2,0,-20,-4,-3,-12,-20,sil
14.175411939620972,-5,-6,-2,-35,-17,-26,-23,-1,-20,-36,-1,-1,-21,-28,sil
14.191284894943236,0,8,-1,-1,0,-9,-8,0,-27,-30,2,-1,-17,-13,sil
14.191284894943236,2,19,16,31,13,9,0,2,-24,-17,10,1,-13,-3,sil
14.206470251083374,3,9,17,36,13,23,8,4,-9,4,16,10,0,4,sil
14.206470251083374,11,0,9,31,20,29,29,2,10,28,15,9,12,26,sil
14.221526384353638,13,3,7,24,12,21,33,0,18,28,10,0,10,31,sil
14.221526384353638,3,-8,-7,0,-15,0,7,-3,12,8,0,-4,0,11,sil
14.23744821548462,0,-17,-5,-25,-18,-16,-13,-8,-1,-6,-14,2,0,1,sil
14.23744821548462,3,-6,-6,-23,-3,-18,-9,-3,-15,-17,-8,8,2,4,sil
14.252338409423828,3,5,-5,-19,-1,-20,-8,0,-24,-22,1,5,2,-2,sil
14.252338409423828,1,9,6,-23,-2,-15,-18,0,-26,-21,-1,1,-4,-16,sil
14.26791763305664,-4,0,-8,-5,5,-3,-12,0,-17,-13,-9,-7,-16,-19,sil
14.26791763305664,-14,-2,-8,15,10,13,10,5,3,9,-10,-18,-13,-12,sil
14.283127546310425,-8,1,-1,15,10,20,27,4,27,37,-4,-11,10,2,sil
14.283127546310425,6,0,-1,0,0,4,14,-2,31,27,-6,0,19,14,sil
14.298599243164062,8,-6,1,-17,-15,-9,-5,-2,20,7,-10,3,12,6,sil
14.298599243164062,7,1,1,-19,-15,-8,-7,0,13,5,5,13,18,6,sil
14.314470052719116,16,16,16,-3,-1,-9,-10,0,-9,-11,20,29,18,10,sil
14.314470052719116,14,14,10,6,4,-10,-16,0,-35,-34,15,22,0,-5,sil
14.330569744110107,0,8,0,19,3,0,-13,-1,-30,-20,12,3,-8,-17,sil
14.330569744110107,-6,9,14,35,9,13,-6,0,-13,-4,6,1,-9,-6,sil
14.3462233543396,-11,-2,0,27,12,17,6,0,-7,-7,-13,-9,-16,-4,sil
14.3462233543396,-24,-16,-9,6,0,17,17,2,3,3,-19,-30,-20,-11,sil
14.361644983291626,-21,-12,-7,5,-7,11,13,3,21,27,-1,-24,-5,0,sil
14.361644983291626,-7,-12,-9,6,-3,2,12,-1,31,29,3,-2,8,11,sil
14.377662181854248,-10,-19,-1,-14,-5,0,11,1,28,10,-10,-2,1,5,sil
14.377662181854248,-17,-20,-14,-37,-14,-2,4,0,17,-3,-14,-15,-6,-6,sil
14.39326548576355,-3,-8,-16,-38,-12,-14,-6,-8,6,-7,-4,-3,0,-7,sil
14.39326548576355,14,5,-4,-20,-6,-19,-14,-7,-1,-10,9,18,7,0,sil
14.40937614440918,18,10,1,-10,-4,-20,-23,1,-18,-21,19,15,4,3,sil
14.40937614440918,18,12,16,-7,0,-15,-23,3,-22,-26,17,10,1,2,sil
14.425435304641724,19,16,10,7,12,-2,-9,0,-7,-6,9,10,4,2,sil
14.425435304641724,9,12,2,23,17,4,-2,1,-8,7,0,-1,0,-1,sil
14.441538095474243,-1,8,0,26,15,11,0,5,-16,6,-1,-10,-8,-1,sil
14.441538095474243,-3,6,0,22,19,20,15,0,-7,10,0,-5,-3,7,sil
14.45718264579773,-7,-1,10,7,13,21,24,0,0,12,-5,-8,0,7,sil
14.45718264579773,-10,-12,-5,3,-4,7,17,4,4,12,-13,-14,-3,3,sil
14.472239255905151,0,-5,-6,11,-9,1,11,0,17,19,-8,-1,3,14,sil
14.472239255905151,10,3,4,3,-3,3,11,-4,17,14,0,9,10,12,sil
14.48791217803955,6,0,-7,-15,-10,-5,0,-6,5,0,0,5,4,0,sil
14.48791217803955,0,-5,-2,-14,-17,-11,-14,-2,2,-2,-1,10,3,-1,sil
14.503411054611206,-4,-8,0,-11,-14,-8,-8,3,8,-1,-1,17,9,-3,sil
14.503411054611206,0,-8,-1,-23,-12,-9,0,3,4,-2,6,11,4,-10,sil
14.519162654876707,3,-2,3,-26,-2,-5,-6,0,-2,-7,11,3,-7,-13,sil
14.519162654876707,-5,0,1,-8,6,-4,-11,0,-11,-23,0,-3,-13,-12,sil
14.534239768981934,-7,7,10,7,3,-10,-13,0,-22,-35,-2,-1,-11,-12,sil
14.534239768981934,1,17,14,19,6,-3,-8,0,-16,-15,14,7,-2,-3,sil
14.550310373306274,6,15,13,29,20,6,-3,-1,-3,6,14,8,0,6,sil
14.550310373306274,4,7,7,25,24,10,0,0,-3,5,0,-1,-3,8,sil
14.565832376480104,-2,1,-10,17,12,15,13,0,-2,2,-4,-11,-3,4,sil
14.565832376480104,-12,-4,-1,16,0,21,21,1,3,7,-16,-22,-4,0,sil
14.58237648010254,-13,-16,-9,9,-9,12,9,3,2,6,-27,-26,-7,-6,sil
14.58237648010254,-7,-19,-19,-5,-12,0,0,0,0,6,-16,-15,0,-2,sil
14.59741759300232,-1,-10,-5,-12,-8,4,10,1,4,19,-3,-2,9,10,sil
14.613724708557127,0,-7,-11,-12,-6,4,11,0,6,22,-2,-7,9,13,sil
14.613724708557127,-8,-12,-12,-24,-14,-5,-5,-2,5,0,-9,-9,2,0,sil
14.613724708557127,-8,-11,-9,-31,-14,-11,-7,-1,15,-8,-13,-1,4,-7,sil
14.629329919815063,6,0,-4,-23,0,-10,-3,0,28,5,0,9,13,0,sil
14.629329919815063,18,14,13,-13,0,-12,-9,4,28,3,18,19,16,9,sil
14.64439845085144,18,16,4,-6,-15,-23,-13,0,17,-4,24,20,15,4,sil
14.645398378372192,19,16,7,4,-1,-21,-19,-9,0,-3,34,23,18,0,sil
14.6597580909729,21,27,18,20,18,-3,-22,-10,-22,0,41,32,18,11,sil
14.6597580909729,17,23,10,14,12,0,-11,-6,-41,-9,19,21,-2,9,sil
14.674866199493408,4,0,6,-3,3,-5,-3,4,-44,-22,-6,-2,-27,-13,sil
14.675865650177002,-7,-5,1,5,12,1,4,9,-19,-18,-4,-10,-22,-20,sil
14.691408634185793,-10,0,1,18,12,15,15,0,0,-3,0,-8,-11,-9,sil
14.691408634185793,-17,-5,-6,2,4,18,20,0,-1,-4,-7,-14,-14,-12,sil
14.706642866134644,-24,-14,-14,-1,5,9,18,6,4,-2,-9,-13,-11,-12,sil
14.723510265350342,-18,-5,5,17,0,9,11,5,19,14,-5,-8,-1,0,sil
14.723510265350342,-17,-7,-6,9,-8,10,6,-1,12,13,-19,-22,-8,0,sil
14.723510265350342,-15,-14,-11,-8,-5,6,5,0,-4,-5,-30,-23,-17,-10,sil
14.737924814224243,1,0,1,8,2,10,10,4,0,-4,-15,-1,-12,4,sil
14.752137660980225,9,3,-1,21,0,9,7,-1,4,4,-6,0,-10,16,sil
14.752564430236816,-1,-11,0,-3,-10,-1,-1,0,-12,-1,-16,-12,-12,2,sil
16.609444618225098,-6,0,0,24,13,11,7,4,-3,-8,-23,-12,-15,-8,sorry
16.609444618225098,2,1,8,29,7,23,21,3,4,3,-6,3,1,8,sorry
16.625197649002075,-6,-10,-12,6,-9,5,16,-4,2,6,-4,-12,-10,10,sorry
16.625197649002075,-17,-25,-9,-24,-18,-5,-2,0,-1,-5,-30,-30,-24,-1,sorry
16.641305208206177,-8,-21,-4,-22,-16,-3,-2,3,6,0,-23,-13,-3,0,sorry
16.641305208206177,1,-9,-7,-18,-13,-10,3,-2,16,15,12,9,18,10,sorry
16.656811952590942,0,-4,-1,-32,-12,-12,-5,-4,10,7,13,14,17,2,sorry
16.656811952590942,-6,4,0,-21,-7,-10,-17,-3,-5,-7,0,7,7,-16,sorry
16.672618865966797,-6,18,8,2,1,-16,-22,-4,-26,-12,12,8,0,-17,sorry
16.672618865966797,9,18,8,12,16,-5,-11,0,-24,0,32,18,6,0,sorry
16.688151597976685,18,17,9,26,26,16,2,3,-6,10,28,18,13,4,sorry
16.688151597976685,0,18,12,35,21,18,2,0,-6,4,8,-2,3,-8,sorry
16.703818321228027,-10,0,-4,24,8,8,5,-4,-7,2,-9,-20,-3,-5,sorry
16.703818321228027,2,-10,0,10,0,13,11,-1,0,8,-14,-15,-3,11,sorry
16.719563484191895,0,-8,-2,4,-5,14,7,0,3,8,-13,-9,-4,11,sorry
16.719563484191895,-6,-10,-8,1,-7,2,4,-4,6,11,-9,-3,0,9,sorry
16.735530853271484,2,-7,2,-2,-8,-4,0,-2,17,13,-1,3,5,17,sorry
16.735530853271484,1,-6,-11,-16,-13,-9,-5,-1,15,-11,-12,-6,-1,4,sorry
16.750463008880615,-6,-15,-15,-32,-16,-13,-2,1,2,-35,-33,-15,-12,-19,sorry
16.750463008880615,-3,-13,-11,-35,-11,-12,5,7,0,-26,-23,-5,-13,-22,sorry
16.765661478042603,-4,-2,-13,-29,-10,-17,-4,2,-4,-22,-3,-1,-10,-17,sorry
16.765661478042603,0,5,5,-18,-11,-16,-16,1,-11,-29,0,7,-5,-10,sorry
16.78120756149292,15,11,9,3,2,-3,-3,5,-1,-11,13,22,3,4,sorry
16.78120756149292,16,19,12,17,15,0,0,10,0,5,30,18,4,2,sorry
16.796428442001343,0,16,12,14,12,0,-14,6,-6,3,20,6,0,-9,sorry
16.796428442001343,-7,6,1,11,9,8,-13,-3,1,7,6,9,0,-5,sorry
16.812119007110596,-3,8,7,13,12,13,-7,-5,2,11,12,0,-5,-2,sorry
16.812119007110596,-8,6,-1,17,10,7,-5,-5,-9,9,8,-18,-10,-8,sorry
16.828198194503784,-6,0,0,18,4,7,2,-5,-5,15,-1,-10,0,7,sorry
16.828198194503784,7,0,13,13,5,14,16,0,4,22,3,9,12,27,sorry
16.842346668243408,10,-1,4,10,10,11,27,3,5,19,4,3,13,26,sorry
16.842346668243408,0,-9,-3,8,3,9,29,0,7,20,-14,-15,6,13,sorry
16.859912872314453,-10,-17,-10,-1,-11,10,27,0,10,22,-24,-22,-4,2,sorry
16.859912872314453,-10,-17,-4,-12,-9,8,25,1,10,18,-11,-12,-6,1,sorry
16.87511134147644,0,-6,-2,-11,0,3,22,4,19,19,0,0,8,7,sorry
16.87511134147644,5,-5,-10,-16,-5,-5,-1,0,15,10,-1,1,11,0,sorry
16.889207363128662,0,-6,2,-17,-10,-8,-16,-7,-1,-13,-5,2,0,-2,sorry
16.905262231826782,5,-1,0,-6,-4,-5,-7,-12,-7,-22,0,10,6,3,sorry
16.90626072883606,15,0,-3,-6,-3,-11,-9,-7,-3,-16,5,17,16,5,sorry
16.90626072883606,12,0,1,-9,-7,-14,-17,4,2,-14,5,20,11,0,sorry
16.921281576156616,0,2,-4,-3,-3,-16,-16,4,0,-22,0,7,0,-8,sorry
16.921281576156616,-5,8,3,-9,-1,-18,-23,-1,-15,-29,-1,-3,-9,-16,sorry
16.936929941177368,2,15,0,-4,-5,-10,-26,-2,-16,-17,14,5,-1,-8,sorry
16.936929941177368,20,21,4,14,-1,-5,-17,0,-4,-7,29,20,11,3,sorry
16.95259952545166,20,20,17,15,11,-9,-12,2,-4,-16,23,19,2,1,sorry
16.95259952545166,-1,9,0,12,10,-11,-11,7,-13,-16,9,4,-15,-5,sorry
16.96919870376587,-14,2,2,18,-1,-3,-10,10,-21,-10,0,-5,-21,-13,sorry
16.96919870376587,-13,2,5,12,2,8,-5,6,-18,-9,-2,-16,-16,-25,sorry
16.98526692390442,-18,-2,-8,6,15,17,6,-6,-11,-2,-5,-28,-14,-25,sorry
16.98526692390442,-25,-9,-9,15,13,23,17,-7,-11,7,-21,-27,-16,-13,sorry
17.001334190368652,-22,-14,-7,14,6,20,26,4,-5,12,-32,-15,-14,-2,sorry
17.001334190368652,-17,-19,-3,-11,0,15,25,4,2,10,-35,-17,-16,0,sorry
17.016559839248657,-19,-21,-12,-29,-8,7,12,-6,2,11,-28,-28,-15,-3,sorry
17.016559839248657,-18,-17,-11,-21,-15,5,5,-5,9,18,-17,-20,-3,0,sorry
17.03317141532898,-2,-4,5,-5,-9,15,1,5,23,23,-11,-1,9,17,sorry
17.03317141532898,18,7,6,6,1,9,-1,1,30,26,1,12,24,29,sorry
17.046783685684204,27,9,10,11,5,0,5,-3,31,28,17,21,31,30,sorry
17.064112901687622,25,3,6,4,3,7,18,0,29,24,15,16,27,29,sorry
17.064112901687622,17,-3,-2,-12,-2,0,16,1,24,17,14,11,23,28,sorry
17.064112901687622,5,-1,1,-21,-15,-16,4,2,12,3,21,14,14,9,sorry
17.079145431518555,1,4,-8,-3,-8,-19,4,0,1,-9,14,7,1,-9,sorry
17.080143928527832,13,9,2,5,6,-14,3,0,1,-10,11,9,2,-4,sorry
17.09433674812317,12,3,11,-10,0,-14,-3,4,5,-3,19,23,11,1,sorry
17.109820127487183,0,-2,1,-15,-7,-15,-10,0,0,-5,12,17,5,0,sorry
17.109820127487183,4,3,10,2,0,-12,-9,-1,-12,-12,1,7,-2,-3,sorry
17.125805616378784,6,3,3,8,0,-5,-11,0,-23,-17,0,2,-5,-10,sorry
17.125805616378784,0,0,-1,0,0,0,-18,-7,-30,-26,-5,-5,-14,-18,sorry
17.142427444458008,1,9,2,5,5,0,-19,-10,-34,-32,-9,-7,-17,-11,sorry
17.142427444458008,4,12,0,6,0,-5,-16,-4,-32,-23,-2,-2,-11,-11,sorry
17.142427444458008,-3,7,4,1,0,-3,-15,-3,-24,-15,0,-6,-11,-18,sorry
17.155535221099854,-8,4,-10,11,15,3,-6,-3,-12,-8,-1,-10,-11,-8,sorry
17.171189785003662,-1,2,-8,19,12,6,0,5,0,3,0,0,0,8,sil
17.171189785003662,-3,-4,3,0,0,8,0,13,15,19,6,5,5,5,sil
17.18645453453064,-16,-11,-8,-12,-1,8,0,6,22,18,0,-1,0,-2,sil
17.18645453453064,-18,-2,-4,0,1,10,6,0,19,8,-1,-3,-7,-2,sil
17.201420545578003,-11,0,-5,3,0,5,11,-1,16,6,1,0,-1,0,sil
17.201420545578003,-12,-9,-6,-7,-3,0,9,0,1,2,-3,-10,1,2,sil
17.216548919677734,-6,-8,6,-1,2,3,4,0,-4,-1,-10,-15,-1,0,sil
17.216548919677734,3,0,6,15,3,2,1,-3,0,1,-8,-11,-3,-2,sil
17.232244729995728,0,-4,4,6,-5,0,-2,-2,-12,-1,-14,-16,-5,-4,sil
17.232244729995728,-5,-11,-2,-4,-5,6,2,-1,-24,-7,-19,-18,-9,-9,sil
17.24722671508789,0,-5,-1,3,-1,4,6,-1,-26,-8,-22,-12,-13,-13,sil
17.24722671508789,-4,-3,1,8,-6,5,0,0,-27,-9,-22,-9,-9,-10,sil
17.263328313827515,-9,-9,-9,-4,-2,12,6,0,-2,2,-10,-2,3,0,sil
17.263328313827515,0,-8,-2,-15,0,14,21,6,37,28,0,9,12,21,sil
17.279409885406494,3,-1,-4,-10,-5,6,18,9,45,35,3,8,13,26,sil
17.279409885406494,4,1,-5,-4,-2,-4,6,1,36,21,17,9,21,19,sil
17.295392274856567,17,7,12,-4,0,-12,7,1,39,15,28,29,31,26,sil
17.295392274856567,21,9,6,-9,-4,-12,7,6,37,13,21,31,23,30,sil
17.31149911880493,13,4,3,-11,-7,-10,-1,1,20,0,9,11,7,8,sil
17.31149911880493,11,3,-1,-5,-2,-13,-3,-1,2,-4,8,5,5,-4,sil
17.326549530029297,13,9,-2,-1,2,-15,-2,-4,-11,-8,10,10,2,-2,sil
17.326549530029297,8,11,7,0,4,-15,-10,-10,-27,-28,3,2,-12,-16,sil
17.342220067977905,4,7,0,4,-1,-17,-21,-12,-33,-35,3,-3,-14,-29,sil
17.34258246421814,5,14,8,13,0,-2,-25,-1,-28,-17,17,9,0,-15,sil
17.35819435119629,10,22,17,21,16,8,-27,1,-15,-1,27,16,8,0,sil
17.35819435119629,8,12,5,19,19,-5,-28,-3,-10,-1,22,2,0,4,sil
17.373334169387817,-2,1,2,4,5,-5,-16,0,-14,-5,5,-2,-4,0,sil
17.373334169387817,-14,-2,-5,-1,2,10,5,8,-9,-4,-11,-4,-10,-11,sil
17.389188289642334,-24,-14,-6,-3,-1,5,9,8,-11,-9,-29,-19,-27,-20,sil
17.389188289642334,-39,-23,-11,-11,-10,0,2,-1,-26,-15,-38,-30,-31,-24,sil
17.404321432113647,-39,-18,-16,-13,-2,12,11,-3,-19,-1,-28,-28,-14,-15,sil
17.404321432113647,-18,-8,-4,-4,7,26,22,2,8,15,-12,-17,-1,-4,sil
17.420363664627075,-4,-9,-6,2,4,23,27,0,15,15,-13,-9,0,1,sil
17.420363664627075,-2,-11,1,5,0,10,26,0,5,13,-19,-5,0,10,sil
17.436204433441162,5,-3,7,7,0,5,21,6,15,19,-8,-1,4,24,sil
17.436204433441162,19,2,0,4,-5,2,13,1,30,18,5,7,12,29,sil
17.451415538787842,17,0,12,-2,-12,-2,0,-5,18,0,5,13,12,20,sil
17.451415538787842,5,-3,1,-3,-16,-13,-14,-3,5,-9,5,6,7,7,sil
17.46660804748535,5,1,-5,-5,-12,-22,-24,-6,8,0,18,8,10,0,sil
17.46660804748535,15,5,1,-10,-1,-20,-26,-7,11,4,25,16,14,-10,sil
17.483153820037842,15,2,-7,-9,0,-16,-24,1,5,-7,13,11,8,-14,sil
17.483153820037842,12,12,3,-1,0,-9,-13,10,0,-13,11,13,5,0,sil
17.49768567085266,7,21,4,2,10,0,6,8,-9,-4,20,22,8,10,sil
17.49768567085266,-2,8,-3,4,15,8,10,0,-24,-10,3,3,-4,-3,sil
17.513139963150024,-6,0,1,17,12,15,3,-1,-21,-11,-19,-16,-19,-9,sil
17.528244495391846,-1,3,1,27,10,19,13,0,0,11,-13,-10,-10,9,sil
17.529244899749756,-2,-1,4,10,1,20,24,0,7,19,-7,-4,-7,19,sil
17.529244899749756,-9,-15,-3,-4,-11,12,14,-1,-3,12,-16,-17,-13,5,sil
17.544346570968628,-11,-20,-5,-8,-14,-1,1,-3,-2,12,-18,-24,-5,-4,sil
17.544346570968628,-9,-19,-2,-18,-14,-4,0,0,3,8,-8,-11,3,0,sil
17.561368942260742,0,-10,-12,-21,-8,-7,-1,2,5,-1,4,0,6,2,sil
17.561368942260742,5,4,0,-10,-2,-20,-20,-4,3,-8,9,10,12,-9,sil
17.57551670074463,1,7,5,-1,-1,-21,-27,-9,-2,-13,10,14,17,-15,sil
17.576515674591064,-6,4,-2,-6,0,-13,-16,0,-2,-12,10,5,9,-12,sil
17.592529773712158,-7,11,0,-11,6,-1,-5,8,8,-7,3,-1,0,-17,sil
17.592529773712158,3,17,4,6,12,1,0,4,13,0,7,9,3,-12,sil
17.608156204223633,17,25,17,30,22,0,4,3,4,2,23,26,8,2,sil
17.609156608581543,7,21,7,21,22,1,7,4,1,4,24,19,2,-1,sil
17.62358808517456,-12,0,-5,0,6,7,0,-1,-3,-1,6,-3,-9,-8,sil
17.638428926467896,-9,-5,6,2,0,8,-2,0,-10,-10,-11,-13,-17,-1,sil
17.638428926467896,-1,-1,-2,5,-5,0,0,0,-13,-20,-23,-17,-20,0,sil
17.638428926467896,-10,-13,-7,-12,-14,0,3,-6,-20,-21,-30,-25,-24,0,sil
17.654452562332153,-5,-20,-2,-13,-9,13,15,-1,-12,0,-23,-22,-16,13,sil
17.654452562332153,10,-13,-6,1,-2,17,22,3,4,21,-8,-3,1,26,sil
17.670482397079468,12,-7,-1,4,-7,9,7,0,0,22,0,8,7,24,sil
17.670482397079468,14,-4,0,4,-1,8,3,-1,2,21,2,9,12,21,sil
17.687382221221924,16,-4,7,2,2,9,12,0,21,23,1,9,17,17,sil
17.687382221221924,0,-7,1,-6,-6,0,6,0,26,15,4,7,9,4,sil
17.702529907226562,-1,0,-5,-6,-7,-16,-2,0,24,8,13,13,9,1,sil
17.702529907226562,8,9,8,-5,0,-18,-4,0,20,2,13,21,26,1,sil
17.718045949935913,-3,2,-1,-9,0,-22,-15,0,-1,-14,7,11,17,-16,sil
17.718045949935913,-8,6,-1,3,-3,-21,-30,-3,-25,-24,15,5,-1,-24,sil
17.7340989112854,5,21,9,21,2,-8,-23,-2,-25,-13,27,13,1,-7,sil
17.7340989112854,-2,11,0,7,1,-6,-15,-3,-25,-14,5,0,-8,-9,sil
17.74912428855896,-17,0,1,0,-4,0,-13,-1,-37,-31,-20,-20,-39,-26,sil
17.766169786453247,-8,3,-4,24,4,22,10,0,-24,-15,-13,-18,-33,-14,sil
17.766169786453247,-1,-1,-3,28,13,28,30,3,7,16,-7,-15,-5,8,sil
17.766169786453247,-3,-10,0,2,1,14,18,6,18,18,-18,-21,0,8,sil
17.780208587646484,0,-12,-10,-13,-1,7,7,0,16,8,-18,-16,-3,6,sil
17.780208587646484,-5,-12,-6,-23,3,4,-1,0,21,8,-20,-9,-3,3,sil
17.7963604927063,-23,-19,-18,-36,-5,-10,-17,-1,17,3,-27,-21,-4,-16,sil
17.7963604927063,-25,-13,-19,-39,-12,-17,-14,-6,10,0,-2,-13,2,-21,sil
17.811403274536133,5,7,3,-22,3,-6,2,0,12,2,27,19,19,0,sil
17.82719349861145,21,12,3,-6,7,-6,0,3,-2,-9,18,20,14,1,sil
17.82719349861145,0,7,2,-6,-6,-12,-11,0,-32,-28,0,0,-5,-20,sil
17.82719349861145,-6,10,3,3,2,0,-3,1,-28,-17,7,0,-4,-14,sil
17.843466758728027,14,14,13,30,18,13,7,6,-5,0,10,11,5,10,sil
17.858492136001587,15,5,18,34,8,18,14,3,-4,0,-2,7,0,14,sil
17.858492136001587,7,-2,6,26,0,15,24,-2,0,11,-5,0,0,22,sil
17.875062465667725,20,1,15,22,4,10,24,1,22,36,0,11,14,42,sil
17.875062465667725,17,-3,6,9,0,3,15,8,36,40,4,15,19,38,sil
17.875062465667725,0,-17,-13,-11,-10,-8,3,0,27,18,0,3,5,16,sil
17.889082670211792,2,-10,-7,-21,-17,-14,-11,-9,15,-3,-1,3,-1,9,sil
17.904208421707153,17,8,-1,-12,-12,-16,-20,-7,11,-9,14,18,4,6,sil
17.904208421707153,23,21,10,5,1,-12,-19,-1,0,-6,28,25,6,-5,sil
17.919233322143555,5,21,3,12,8,-4,-8,-2,-19,-8,22,16,-2,-19,sil
17.919233322143555,-21,11,-10,-3,3,-1,0,-7,-33,-16,5,-3,-12,-30,sil
17.934677362442017,-22,5,2,-6,8,0,-4,1,-29,-15,1,-15,-12,-28,sil
17.934677362442017,-9,1,2,12,12,3,-8,7,-6,0,3,-12,-2,-11,sil
17.950262308120728,-12,-8,0,10,-2,0,0,1,6,6,-5,-9,1,0,sil
17.950262308120728,-17,-15,-4,0,-13,0,1,0,6,4,-12,-17,0,0,sil
17.965468645095825,-16,-16,-12,2,-2,9,0,3,5,6,-13,-25,-2,1,sil
17.965468645095825,-17,-15,-3,4,2,20,10,6,1,4,-24,-19,-11,1,sil
17.981586933135986,-4,-15,-8,1,-1,14,25,2,0,0,-27,-8,-13,4,sil
17.981586933135986,9,-13,-2,-4,-5,5,23,0,7,3,-18,-1,-1,13,sil
17.997501134872437,5,-14,3,-20,-15,0,6,-4,1,6,-13,-1,5,13,sil
17.997501134872437,0,-13,-4,-31,-19,-15,-20,-8,-11,-6,-13,0,-1,2,sil
18.012372732162476,7,2,0,-22,-6,-19,-26,-3,-7,-25,-7,7,-5,-8,sil
18.012372732162476,10,15,-5,-7,4,-11,-11,-1,5,-20,7,14,4,-18,sil
18.027806282043457,3,14,0,-6,4,-15,-16,-5,0,-9,23,14,9,-23,sil
18.027806282043457,-1,13,5,-9,0,-17,-24,-3,-11,-15,23,4,0,-22,sil
18.043941020965576,-2,16,-2,-1,4,-7,-13,0,-17,-17,12,0,-1,-15,sil
18.043941020965576,-6,13,4,9,15,2,-6,1,-22,-8,2,0,-7,-11,sil
18.059605360031128,-13,3,1,15,15,8,-3,2,-17,-2,-5,-10,-18,-12,sil
18.059605360031128,-9,4,3,21,5,15,9,3,-4,0,-7,-17,-16,-5,sil
18.075223207473755,3,10,10,31,8,17,24,3,8,9,0,-6,-1,3,sil
18.075223207473755,6,4,7,30,18,17,28,5,16,19,0,-2,1,13,sil
18.097548961639404,12,-2,13,13,12,24,19,11,22,28,-2,0,5,31,sil
18.097548961639404,27,-1,3,6,2,18,18,4,29,45,15,19,21,52,sil
18.097548961639404,27,3,2,12,2,6,24,-3,27,41,20,25,27,49,sil
18.10737657546997,8,0,3,5,3,2,16,0,14,8,-1,0,16,25,sil
18.12306261062622,-6,-15,-15,-15,-10,-5,6,-7,2,-12,-18,-16,1,4,sil
18.12306261062622,-9,-21,-10,-29,-24,-13,1,-8,-1,-12,-18,-7,-7,-2,sil
18.138614177703857,-5,-13,-7,-25,-20,-7,-1,3,2,-2,-3,5,0,-6,sil
18.138614177703857,-7,-10,-12,-24,-13,-12,-8,2,7,2,10,9,11,-9,sil
18.154485940933228,-8,-14,-8,-27,-12,-17,-15,-4,6,-2,9,11,9,-15,sil
18.154485940933228,-3,-8,-6,-17,-8,-16,-19,-3,5,-8,5,7,3,-20,sil
18.170082569122314,-2,7,9,-5,-10,-20,-25,0,-3,-10,6,5,0,-19,sil
18.170082569122314,0,15,6,-3,-11,-17,-26,0,-15,-19,10,8,-1,-13,sil
18.18519139289856,10,7,0,-3,0,-5,-14,-2,-17,-22,18,11,0,-5,sil
18.18519139289856,15,8,13,5,7,0,-7,2,-14,-9,14,11,0,0,sil
18.20033073425293,9,16,8,23,12,0,-9,1,-14,-3,0,3,-5,5,sil
18.20033073425293,8,16,10,31,19,8,-11,-3,-17,-11,-5,0,-13,1,sil
18.215779304504395,1,10,7,23,22,12,-9,-1,-14,-5,-1,-3,-12,-1,sil
18.215779304504395,-8,4,0,13,12,9,-8,-1,-15,0,-7,-14,-12,-5,sil
18.23132371902465,-19,-1,-1,5,1,6,1,-5,-18,-5,-16,-30,-19,-16,sil
18.23132371902465,-28,-6,-11,0,0,7,20,0,-2,6,-14,-32,-11,-13,sil
18.246535539627075,-23,-5,-7,0,4,22,26,8,15,24,-11,-21,2,-1,sil
18.246535539627075,-14,-7,-9,6,3,27,22,8,8,16,-18,-16,-3,-3,sil
18.262531995773315,-16,-12,-15,4,1,14,22,1,-2,5,-28,-22,-14,-8,sil
18.262531995773315,-11,-9,3,0,1,9,31,4,8,15,-22,-15,-6,0,sil
18.27807092666626,15,0,6,6,0,7,30,2,26,19,0,7,11,16,sil
18.27807092666626,34,1,7,1,-6,-4,11,0,26,10,13,25,21,27,sil
18.29331398010254,18,-9,2,-22,-16,-14,-1,-3,15,1,1,17,8,13,sil
18.29331398010254,0,-17,-14,-29,-20,-19,-4,-7,5,-6,0,2,-5,-1,sil
18.30888867378235,3,-5,-6,-17,-15,-18,-13,-5,3,-13,8,6,1,2,sil
18.30888867378235,8,2,-4,-18,-9,-20,-30,-3,1,-14,5,11,11,1,sil
18.32536554336548,4,2,1,-19,-7,-28,-38,-5,-10,-21,0,14,5,-7,sil
18.34046769142151,3,9,6,-3,1,-15,-18,-1,-10,-14,12,19,5,0,sil
18.34046769142151,0,11,0,2,11,0,1,4,5,1,22,12,9,2,sil
18.35658049583435,-2,8,6,-7,6,-1,-3,9,8,0,21,6,6,-6,sil
18.35658049583435,0,7,4,-7,-1,-4,-11,5,-3,-11,18,11,4,-7,sil
18.35658049583435,2,5,5,5,0,1,-9,-2,-11,-9,13,12,1,2,sil
18.37209916114807,8,9,9,26,11,3,0,-2,-11,-3,16,9,4,9,sil
18.37209916114807,14,13,4,34,17,1,6,-4,-18,-2,10,3,5,4,sil
18.388448476791385,4,3,9,18,7,3,-1,-8,-26,-9,-10,-11,-7,-9,sil
18.388448476791385,0,-2,0,12,-1,10,-1,-1,-11,-1,-9,-13,-11,0,sil
18.40346002578736,10,4,4,26,6,20,21,9,10,21,6,2,0,22,sil
18.40346002578736,2,2,8,21,12,19,18,5,8,30,-1,-2,0,10,sil
18.4185483455658,-13,-11,-9,0,0,10,-4,-2,-5,20,-19,-25,-12,-6,sil
18.4185483455658,-8,-12,-5,-6,-6,16,3,0,-5,12,-20,-20,-14,0,sil
18.43511986732483,-5,-11,-5,-5,2,20,28,5,13,15,-13,-9,-3,3,sil
18.43511986732483,-19,-17,-13,-10,-3,10,24,8,29,25,-9,-16,0,-6,sil
18.96280837059021,-14,7,4,23,2,8,-12,4,-25,-11,-4,-9,-17,-18,sil
18.96280837059021,-18,3,7,35,7,13,7,5,-13,4,-14,-9,-22,-11,sil
18.97834324836731,-11,-6,-1,29,8,16,24,5,14,27,-6,-5,-4,3,sil
18.97834324836731,-12,-16,2,4,2,18,25,3,36,28,-2,-5,10,11,sil
18.99530863761902,-2,-8,-4,-1,0,7,16,0,40,16,1,0,15,13,sil
18.99530863761902,8,0,0,3,-1,-11,-6,-3,21,-2,12,10,11,11,sil
19.00990056991577,3,0,7,-7,-7,-17,-27,-7,-9,-24,10,8,2,-5,sil
19.00990056991577,0,1,-12,-16,-4,-10,-17,-5,-26,-33,-2,-9,-8,-18,sil
19.02544951438904,2,8,-5,-5,0,-7,-5,0,-34,-40,-10,-19,-20,-17,sil
19.02544951438904,0,7,1,5,-4,-1,-9,-1,-38,-38,-8,-11,-25,-16,sil
19.04127025604248,0,2,-3,12,1,15,4,-3,-33,-11,-4,-6,-17,-8,sil
19.057814598083496,-1,2,0,12,12,29,27,0,-23,7,-10,-11,-6,6,sil
19.057814598083496,-5,-4,-2,8,11,22,18,-1,-14,4,-23,-19,-7,10,sil
19.0723934173584,0,-13,1,2,3,14,6,-3,0,11,-22,-15,-12,5,sil
19.0723934173584,0,-14,-4,-4,-8,11,11,1,21,30,-12,-4,2,11,sil
19.0723934173584,-9,-17,-18,-21,-20,-3,6,3,32,26,-10,-1,15,12,sil
19.08854842185974,-15,-24,-13,-29,-13,-6,2,2,36,20,-8,-7,4,0,sil
19.08854842185974,-22,-21,-8,-25,0,5,12,4,46,33,-1,-9,2,-3,sil
19.10353183746338,-16,-5,0,-20,0,-3,6,4,41,28,1,7,17,0,sil
19.120370864868164,8,8,-4,-4,0,-19,-4,-2,14,4,13,28,19,0,sil
19.120370864868164,19,17,1,11,4,-13,-5,-4,0,-3,24,25,11,1,sil
19.13494205474853,13,14,21,5,1,-5,-8,1,0,-5,14,13,8,3,sil
19.13494205474853,14,5,7,-3,-1,-15,-6,0,-4,-14,5,12,3,0,sil
19.152511835098267,17,9,5,-1,-2,-18,0,-3,-9,-15,14,13,-2,-4,sil
19.152511835098267,13,17,11,7,1,-7,0,5,-1,-2,26,8,3,1,sil
19.152511835098267,14,19,11,19,12,3,-1,5,4,5,30,14,18,10,sil
19.165611505508423,21,22,20,24,17,2,-5,0,-1,0,24,22,16,9,sil
19.1831157207489,17,12,6,16,8,-6,-19,1,-13,-4,9,3,3,1,sil
19.18411517143249,0,-3,1,8,0,0,-24,0,-14,-5,-2,-13,-7,-1,sil
19.19813752174377,-13,-8,-5,5,0,10,-14,-3,-8,-4,-4,-11,-11,-5,sil
19.19813752174377,-17,-9,-14,0,4,5,-5,-3,-9,-3,-3,-8,-7,-9,sil
19.21434044837952,-17,-6,1,3,5,8,9,5,-14,-4,-7,-11,-10,-4,sil
19.21434044837952,-11,-3,-1,7,4,16,24,1,-12,-5,-17,-18,-17,0,sil
19.21434044837952,-11,-7,-7,-3,-2,9,14,-9,-18,-8,-26,-19,-19,-1,sil
19.22845697402954,-17,-6,-4,-7,-7,11,12,-8,-20,-6,-21,-14,-10,-3,sil
19.22845697402954,-13,-2,-7,-1,-1,12,23,0,-5,-2,-19,-17,-9,-5,sil
19.24646139144897,-11,-10,-7,-14,-9,0,15,0,1,-5,-30,-24,-14,-9,sil
19.24646139144897,-12,-21,-19,-30,-26,-7,3,0,9,-8,-29,-19,-6,-6,sil
19.26012945175171,-4,-19,-13,-27,-22,-6,-1,4,20,-7,-16,-2,1,2,sil
19.276318550109863,5,-11,0,-26,-16,-20,-21,2,12,-3,-4,11,2,0,sil
19.276318550109863,8,-3,-3,-23,-17,-29,-43,-3,-2,0,9,20,7,-8,sil
19.291558265686035,16,8,6,-2,-5,-11,-38,0,-2,0,26,30,14,-3,sil
19.291558265686035,23,23,10,21,10,0,-18,0,1,0,38,38,18,7,sil
19.3065025806427,14,20,16,24,13,-5,-8,-3,-1,4,34,27,14,10,sil
19.3065025806427,0,8,18,24,16,5,1,-2,0,12,14,4,2,0,sil
19.322370052337646,-6,5,0,34,23,23,21,4,9,21,0,-11,-1,-4,sil
19.322370052337646,-10,3,-2,26,19,24,27,6,10,22,-8,-17,1,2,sil
19.33733892440796,-9,-9,-8,1,8,15,23,0,6,21,-11,-20,0,7,sil
19.33733892440796,-4,-20,-9,-17,0,4,24,-6,7,11,-13,-16,-2,5,sil
19.35330486297608,3,-15,-2,-27,-7,-5,19,1,14,-10,-15,-5,0,0,sil
19.35330486297608,19,1,1,-16,-5,-8,8,5,19,-15,0,6,3,7,sil
19.36842036247253,30,23,22,5,1,-1,5,2,12,-4,22,22,6,15,sil
19.36842036247253,17,27,10,11,7,-5,0,2,0,-9,23,20,2,0,sil
19.38407015800476,4,18,0,10,7,-8,-8,3,-9,-22,12,6,-5,-11,sil
19.38407015800476,10,22,16,30,6,5,-12,0,-10,-2,13,7,-2,1,sil
19.399205684661865,6,15,5,39,11,15,-9,-1,-10,19,7,3,3,17,sil
19.399205684661865,-20,-14,-7,13,10,8,-4,0,-15,5,-13,-18,-6,2,sil
19.41473865509033,-38,-31,-19,-11,-3,2,3,0,-13,-5,-22,-31,-16,-20,sil
19.41473865509033,-26,-24,-21,-21,-15,-2,6,-3,-1,10,-14,-21,-3,-12,sil
19.43027710914612,-11,-18,-5,-28,-17,-4,1,0,9,17,-6,-6,13,8,sil
19.43027710914612,-10,-20,-9,-33,-20,-7,-2,2,8,3,-2,2,12,5,sil
19.44581437110901,-5,-10,-2,-34,-20,-16,-8,-4,0,-12,-1,9,1,-8,sil
19.44581437110901,4,1,0,-30,-12,-20,-12,-4,-6,-18,2,11,0,-8,sil
19.461484909057617,7,3,-10,-20,-9,-19,-14,-1,-4,-18,7,8,3,-3,sil
19.461484909057617,8,4,1,-14,-13,-16,-21,-6,-15,-19,7,9,0,-9,sil
19.47684335708618,5,3,6,-9,-11,-14,-25,-9,-37,-16,3,7,-11,-14,sil
19.47684335708618,0,7,10,4,2,-4,-19,0,-38,-14,-4,-1,-19,-8,sil
19.492417097091675,0,13,8,21,17,13,-5,6,-13,-7,-10,-11,-14,-3,sil
19.492417097091675,-2,8,2,29,15,24,2,0,7,9,-6,-14,-8,-2,sil
19.50751280784607,-6,2,11,37,14,30,13,1,26,25,1,-9,0,6,sil
19.523048162460327,0,6,7,42,31,29,35,4,50,31,4,-3,13,13,sil
19.523048162460327,4,0,1,28,24,22,40,3,45,27,-6,-3,7,6,sil
19.523048162460327,9,-6,-2,11,0,12,23,3,24,14,-8,-1,0,10,sil
19.53822922706604,17,-4,-6,5,0,0,17,1,21,1,3,8,9,27,sil
19.53822922706604,7,-4,1,-8,1,-5,16,0,11,-4,3,12,13,19,sil
19.5534782409668,-3,-6,-10,-19,-10,-8,1,-2,-1,0,0,8,4,-2,sil
19.5534782409668,4,1,-4,-19,-16,-17,-9,0,-2,-3,3,7,1,-8,sil
19.568610668182373,11,5,3,-18,-8,-18,-4,0,-13,-18,8,9,2,-7,sil
19.568610668182373,6,2,-5,-13,-3,-16,-8,-1,-31,-23,8,5,-1,-11,sil
19.584590196609497,0,6,6,-1,-2,-14,-27,0,-31,-10,4,2,-8,-7,sil
19.60116720199585,-3,6,4,5,0,-4,-31,0,-22,0,0,0,-9,-4,sil
19.60116720199585,0,4,5,9,5,4,-23,-6,-25,-3,0,-3,-3,-3,sil
19.60116720199585,0,7,12,20,10,10,-10,-1,-23,-1,-1,-3,0,0,sil
19.6164391040802,-7,0,-3,23,9,17,12,2,-4,12,-4,-6,2,5,sil
19.6164391040802,-15,-9,-3,0,0,20,30,0,17,24,-7,-8,4,4,sil
19.633077144622803,-14,-11,-7,-17,-3,6,21,1,28,24,-5,-8,6,5,sil
19.6484489440918,-8,-13,-9,-11,-1,0,8,4,28,20,0,-2,9,9,sil
19.6484489440918,-2,-8,-3,-9,-3,0,12,0,24,10,1,2,9,3,sil
19.6484489440918,-6,-6,-13,-28,-14,-14,2,-5,12,-16,-7,-8,-4,-10,sil
19.66456890106201,-2,-6,-5,-39,-17,-28,-20,0,-4,-37,-10,-9,-13,-12,sil
19.66456890106201,15,8,3,-16,-2,-16,-14,3,-4,-20,16,16,2,0,sil
19.681217908859253,15,22,5,9,5,-3,-3,0,0,-6,29,26,4,2,sil
19.681217908859253,-5,9,8,5,0,0,-14,-3,-13,-17,7,2,-15,-7,sil
19.695738077163696,-12,-9,-3,-7,-2,-2,-19,0,-26,-18,-2,-12,-18,-12,sil
19.695738077163696,-1,-5,3,6,-2,-3,-22,1,-25,-9,-1,-6,-12,-6,sil
19.71143794059753,4,5,8,35,3,4,-19,4,-17,2,-10,-4,-10,3,sil
19.72556161880493,7,3,4,38,12,20,8,4,-2,23,-10,-11,0,11,sil
19.72556161880493,-1,-8,0,17,8,31,30,2,14,26,-7,-20,6,5,sil
19.741284370422363,-19,-20,-15,-5,-5,13,22,0,23,15,-15,-18,1,-5,sil
19.741284370422363,-14,-13,-5,-18,-8,-1,15,0,26,20,-15,-4,0,-3,sil
19.741284370422363,1,-2,1,-14,0,1,19,0,25,19,-7,-1,2,3,sil
19.757869243621823,0,-4,-1,-7,0,-3,12,-3,13,-3,-10,0,1,2,sil
19.757869243621823,1,0,7,-4,-4,-9,2,-1,3,-15,-11,14,4,0,sil
19.772154331207275,17,16,-1,-3,1,-5,-1,-3,3,-10,4,19,11,0,sil
19.79053020477295,24,23,4,-5,6,-7,-10,-3,0,-8,21,19,15,9,sil
19.791528463363647,32,28,16,8,11,-5,-11,0,-2,-3,32,38,20,15,sil
19.791528463363647,36,27,12,22,18,-5,-16,0,-11,-4,31,43,20,8,sil
19.8052716255188,13,11,11,3,12,-11,-27,-1,-28,-12,19,19,6,-4,sil
19.8052716255188,-9,0,0,0,1,-9,-20,0,-34,-12,12,-3,-5,-9,sil
19.81870198249817,-12,1,0,14,-2,0,-3,2,-28,-14,4,-11,-15,-5,sil
19.834408283233643,-12,-3,-1,10,0,1,9,3,-17,-11,-1,-12,-14,-5,sil
19.834408283233643,-14,-11,-7,7,1,10,22,3,-1,10,0,-14,-3,-3,sil
19.84944558143616,-14,-12,0,10,-4,21,18,3,6,19,-6,-18,-4,-2,sil
19.84944558143616,-20,-22,-13,-4,-13,10,9,0,2,11,-18,-21,-12,1,sil
19.864617109298703,-19,-22,-11,-12,-7,3,18,-3,8,15,-13,-20,-9,10,sil
19.864617109298703,-13,-7,-3,-6,1,17,20,0,22,22,-12,-20,-5,7,sil
19.880581617355347,-15,-9,-19,-13,-3,11,11,-3,26,18,-25,-22,-5,0,sil
19.880581617355347,-8,-15,-6,-16,-12,-2,3,-7,22,15,-22,-10,0,1,sil
19.89612197875977,7,-5,2,-2,-12,-7,-6,0,18,13,-5,1,4,8,sil
19.89612197875977,13,1,0,1,-4,-9,-17,0,11,0,-2,7,10,9,sil
19.91149950027465,9,-1,3,-5,1,-4,-12,0,6,-5,0,7,16,3,sil
19.91149950027465,9,0,0,-10,1,-4,-5,0,2,-9,6,0,12,-1,sil
19.926756381988525,8,6,5,-12,1,-16,-11,0,-10,-26,-1,0,-2,-9,sil
19.926756381988525,5,6,0,-7,0,-18,-15,0,-16,-31,0,9,-7,-15,sil
19.94255542755127,4,6,-2,-6,-2,-12,-16,3,-3,-14,16,13,0,-12,sil
19.94255542755127,3,12,3,-9,0,-7,-14,4,1,-7,18,13,1,-5,sil
19.95809125900269,0,13,2,0,8,-6,-9,-4,-9,-16,11,12,-1,-4,sil
19.95809125900269,1,13,12,5,-1,-12,-12,-4,-21,-25,8,10,-7,-10,sil
19.974136352539062,1,13,5,0,-12,-11,-18,-1,-22,-25,8,7,-11,-14,sil
19.974136352539062,5,10,6,12,0,0,-12,0,-22,-14,7,5,-9,-6,sil
19.98963761329651,5,5,21,26,10,13,4,4,-20,3,0,1,-5,5,sil
19.98963761329651,-7,-5,2,11,1,16,20,1,-4,22,-7,-4,-2,6,sil
20.005596160888672,-13,-13,-5,0,4,21,25,-1,10,27,-7,-6,-3,2,sil
20.005596160888672,-6,-5,-1,12,15,23,25,4,10,18,-3,-6,-3,5,sil
20.021596431732178,-7,-4,-1,11,7,16,25,5,1,11,-11,-9,-2,11,sil
20.021596431732178,-9,-14,-4,-5,-2,13,21,-1,4,17,-15,-7,4,14,sil
20.037446975708008,-8,-17,-20,-6,-3,7,11,-4,19,24,-5,-7,13,10,sil
20.037446975708008,-6,-7,-6,2,1,4,8,5,26,21,3,-7,9,4,sil
20.052505493164062,4,1,1,13,8,9,15,7,25,22,9,0,4,9,sil
20.052505493164062,15,4,-6,10,0,0,9,-2,21,19,8,2,8,10,sil
20.067923307418823,11,5,6,-1,-6,-9,-4,0,16,7,7,4,12,0,sil
20.067923307418823,16,6,6,1,6,-9,-4,1,14,7,17,14,21,7,sil
20.083282709121704,24,5,3,9,8,-9,-12,-5,3,1,14,17,24,14,sil
20.083282709121704,10,2,-3,-7,-5,-11,-22,-4,-9,-18,-2,3,14,-4,sil
20.10629820823669,0,2,-5,-25,-9,-10,-15,-2,-12,-28,-6,0,3,-9,sil
20.10629820823669,2,3,6,-20,-9,-15,-12,-5,-19,-24,-5,4,-7,-2,sil
20.10629820823669,0,0,-5,-8,-14,-25,-22,-4,-30,-23,-5,0,-18,-12,sil
20.11468315124512,-12,2,-6,-9,-15,-20,-21,0,-29,-25,0,-6,-17,-20,sil
20.13023328781128,-22,2,-3,-17,-6,-3,-12,0,-33,-34,-13,-13,-21,-22,sil
20.13023328781128,-20,-6,-10,-1,8,7,0,0,-35,-33,-33,-27,-34,-18,sil
20.14612913131714,-8,-2,3,23,20,20,17,2,-9,0,-21,-21,-21,0,sil
20.14612913131714,-19,-6,-2,11,11,19,15,3,11,23,-12,-19,-7,-4,sil
20.16148996353149,-29,-20,-7,-10,-3,10,5,2,11,11,-24,-27,-17,-15,sil
20.16148996353149,0,-11,4,2,-3,10,15,3,29,16,-5,-8,-1,8,sil
20.17776894569397,20,1,3,4,0,0,15,-1,45,32,24,16,27,23,sil
20.17776894569397,3,-7,4,-26,-9,-17,-8,-2,29,14,18,16,18,5,sil
20.19214868545532,5,-6,3,-24,-22,-20,-21,-3,10,-8,12,17,8,4,sil
20.192532300949097,27,14,12,4,-11,-11,-18,-6,-3,-11,28,37,17,13,sil
20.207364320755005,27,27,14,9,10,0,-12,0,-7,-2,39,46,20,8,sil
20.207364320755005,14,21,0,5,12,0,-3,8,3,8,37,32,15,7,sil
20.22249937057495,6,16,10,11,2,-2,-3,6,-8,0,21,13,-4,4,sil
20.22290945053101,2,14,11,26,9,5,0,2,-26,-18,-2,0,-25,-7,sil
20.239543199539185,1,7,3,31,22,19,17,0,-11,-10,-10,-2,-17,-1,sil
20.239543199539185,-3,0,0,13,13,20,24,0,1,2,-4,-8,-3,3,sil
20.25406837463379,-15,-10,-14,-2,-2,7,11,-1,-7,0,-10,-24,-6,-11,sil
20.25406837463379,-14,-15,-9,2,-2,4,5,1,-9,1,-23,-26,-5,-15,sil
20.270001888275143,-2,-8,-5,12,6,9,12,0,2,13,-20,-10,3,4,sil
20.28560161590576,-1,-4,-4,0,2,4,11,-2,16,20,-9,-4,9,12,sil
20.28560161590576,-11,-13,-4,-6,-6,5,4,4,22,20,-4,-14,13,0,sil
20.301358938217163,-13,-18,-14,-1,-1,13,8,1,10,18,-11,-23,7,0,sil
20.301358938217163,-10,-10,-3,-6,0,6,8,-8,-7,2,-29,-21,-8,1,sil
20.31646966934204,-9,-7,-6,-19,-11,-9,0,-6,-10,-8,-30,-17,-9,-6,sil
20.31646966934204,0,-4,-7,-20,-13,-14,-6,0,-4,-4,-7,-7,5,-3,sil
20.332500457763672,7,2,12,-10,-1,-12,-7,3,-1,0,8,5,11,5,sil
20.332500457763672,4,1,3,-3,2,-15,-9,0,4,-5,7,13,2,-1,sil
20.34928727149964,6,3,0,-6,-1,-9,-17,-3,9,-10,2,20,1,-6,sorry
20.35029649734497,13,4,4,-11,-3,-4,-16,-1,9,-4,7,21,9,9,sorry
20.35029649734497,8,-4,-1,-14,-7,-11,-8,-2,5,-1,20,12,7,15,sorry
20.36405038833618,0,0,2,-10,-10,-11,-10,-1,-4,-5,19,3,0,-3,sorry
20.38048434257508,0,11,-2,-1,-5,0,-8,1,-12,-7,5,-2,-4,-13,sorry
20.38048434257508,-3,5,-1,-8,-2,2,0,4,-2,-5,1,-5,-11,-7,sorry
20.38048434257508,-4,0,-3,-11,-2,0,0,3,11,-4,5,-1,-9,-5,sorry
20.397115230560303,6,8,-2,6,2,-5,-10,4,7,-6,9,7,4,-1,sorry
20.397115230560303,14,15,15,17,9,-4,-13,3,-9,-1,20,17,12,6,sorry
20.41328382492065,9,15,13,20,15,-2,-5,-5,-6,9,28,17,10,9,sorry
20.41328382492065,6,23,14,26,18,1,2,-5,5,7,19,11,0,3,sorry
20.427313089370728,4,21,4,23,12,4,5,3,0,-5,4,6,-8,-7,sorry
20.443162202835083,0,2,-5,14,1,3,11,1,-11,-10,-2,1,-8,-6,sorry
20.443162202835083,-5,-5,7,13,0,6,21,-1,-27,-15,-15,-4,-16,-2,sorry
20.443162202835083,-11,-7,-9,8,3,15,22,0,-40,-26,-37,-20,-32,-13,sorry
20.4572114944458,-17,-13,-17,-1,0,16,13,0,-34,-19,-35,-26,-24,-13,sorry
20.472621202468872,-14,-18,0,-3,-10,11,3,-1,0,8,-8,-7,2,3,sorry
20.472621202468872,-8,-19,-3,1,-7,1,0,-2,27,21,0,-2,4,5,sorry
20.4880633354187,-9,-16,1,5,0,5,2,1,23,8,-17,-17,-9,1,sorry
20.4880633354187,-5,-10,1,5,-7,9,2,0,10,10,-12,-13,0,12,sorry
20.504173755645752,6,-4,0,0,-4,2,-1,-5,12,23,2,3,19,21,sorry
20.504173755645752,13,-1,4,-5,5,1,0,-1,23,23,3,9,25,22,sorry
20.519824981689453,6,-1,-4,-5,4,4,5,1,15,20,1,0,21,15,sorry
20.519824981689453,0,-2,-2,-9,2,0,3,3,4,18,0,-5,13,-5,sorry
20.53511905670166,-4,-2,-3,-16,4,-8,0,7,20,13,0,0,6,-17,sorry
20.53511905670166,-5,-5,0,-24,0,-11,-4,4,33,9,9,12,15,0,sorry
20.55120182037353,7,0,3,-27,-4,-8,1,-1,22,10,21,20,24,15,sorry
20.55120182037353,25,3,-5,-21,-3,-8,1,-1,13,4,18,19,18,13,sorry
20.56636047363281,12,3,-1,-16,-3,-17,-15,-2,0,-11,5,8,0,0,sorry
20.56636047363281,-7,4,-7,-13,-8,-23,-26,-8,-23,-27,-1,-7,-14,-22,sorry
20.581990242004395,4,10,-6,-5,-7,-16,-16,-2,-32,-37,0,-6,-22,-28,sorry
20.581990242004395,12,10,5,3,1,-3,-11,5,-29,-39,-3,3,-22,-17,sorry
20.59743309020996,-10,2,-4,2,1,-8,-18,-2,-33,-33,-8,-8,-21,-20,sorry
20.59743309020996,-22,4,0,-2,-7,-8,-20,-4,-35,-26,-2,-14,-26,-28,sorry
20.613468170166016,-8,13,6,9,-1,9,-9,8,-21,-12,8,3,-18,-11,sorry
20.613468170166016,0,14,15,36,11,21,0,4,-7,2,8,10,-4,12,sorry
20.62894821166992,0,8,17,37,6,19,7,-3,-1,10,2,0,1,16,sorry
20.62894821166992,-1,-1,-5,17,0,16,23,3,7,21,0,-4,5,13,sorry
20.64452600479126,0,-1,-2,14,7,15,34,10,12,31,-2,-1,9,14,sorry
20.64452600479126,0,1,1,28,15,18,36,2,13,30,3,0,13,15,sorry
20.6601197719574,-5,-6,-5,20,5,19,28,-4,10,17,-5,-11,10,11,sorry
20.6601197719574,-8,-15,3,0,-4,14,18,-4,-2,-1,-31,-23,-10,1,sorry
20.67526650428772,0,-9,-2,-3,-1,1,17,-3,-3,-4,-23,-15,-14,0,sorry
20.67526650428772,11,-1,-1,-1,-2,-7,8,0,15,11,10,8,18,16,sorry
20.69129967689514,10,-1,4,-3,-8,-11,-11,0,28,12,14,14,30,19,sorry
20.69129967689514,6,-3,0,-5,-6,-13,-14,-4,25,-4,-4,4,2,2,sorry
20.70671844482422,3,-6,0,-19,-8,-14,-8,0,20,1,0,4,-2,-4,sorry
20.70671844482422,-7,-16,-11,-39,-14,-18,-23,0,6,13,19,4,12,-8,sorry
20.722427129745483,-15,-13,-11,-33,-10,-21,-44,-10,-23,-14,2,-2,-1,-23,sorry
20.722427129745483,-5,0,-8,-8,-1,-14,-36,-5,-36,-43,-19,-4,-22,-24,sorry
20.737446069717407,8,6,-4,-3,3,-7,-9,6,-11,-18,2,8,-6,-4,sorry
20.737446069717407,15,12,10,-7,6,-3,0,8,10,12,29,26,14,6,sorry
20.753077268600464,13,15,1,0,7,-6,-10,4,0,0,16,21,3,0,sorry
20.753077268600464,0,4,1,-1,5,-3,-10,4,-7,-16,-3,6,-12,-8,sorry
20.76848292350769,-6,1,4,-14,5,6,6,4,7,-2,0,1,0,-7,sorry
20.76848292350769,0,9,-1,-6,8,3,14,0,7,0,2,-1,7,0,sorry
20.784051418304443,3,14,12,17,14,5,7,-1,-13,-9,0,-6,-4,0,sorry
20.784051418304443,0,13,10,33,15,16,10,-3,-13,5,-2,-11,-7,-3,sorry
20.799124479293823,0,5,3,26,13,21,15,0,-2,16,-7,-14,-3,4,sorry
20.799124479293823,-7,-8,-3,8,5,21,14,4,-2,2,-5,-15,-6,5,sorry
20.814706087112427,-8,-21,-13,-1,-5,19,17,-3,0,5,0,-10,-1,2,sorry
20.814706087112427,2,-16,8,5,-8,12,21,-4,8,21,-4,-4,0,7,sorry
20.83026003837585,4,-2,11,22,-2,6,17,2,10,18,-13,-3,-2,9,sorry
20.84628176689148,-7,-1,-3,18,-6,0,6,0,0,2,-12,-7,-2,0,sorry
20.84628176689148,-10,-5,-6,-4,-13,-4,0,-4,-2,-3,-3,-3,5,0,sorry
20.84628176689148,-1,-5,-5,-10,-9,-5,0,-2,3,2,0,4,14,10,sorry
20.86235761642456,0,-2,3,-7,-3,-8,1,1,6,2,-10,4,8,11,sorry
20.86235761642456,-8,-3,-7,-13,-6,-12,0,2,15,3,-10,0,4,0,sorry
20.878259420394897,-7,0,-13,-13,-9,-12,-1,0,25,10,0,1,13,-2,sorry
20.878259420394897,5,5,2,-3,-8,-6,-14,0,6,0,3,8,12,1,sorry
20.893081426620483,17,7,2,0,-1,-6,-20,-4,-14,-17,10,12,5,-1,sorry
20.893081426620483,15,5,5,-11,0,-11,-22,-6,-6,-10,25,16,8,-4,sorry
22.214151859283447,3,4,-6,-7,6,3,16,5,11,8,0,0,9,0,sorry
22.214151859283447,0,3,-6,-9,8,4,17,3,6,0,-7,-5,2,-3,sorry
22.23123073577881,-6,-7,-5,-13,0,0,6,-2,9,5,-1,-6,2,-2,sorry
22.23123073577881,-5,-10,-4,-12,-7,-7,-4,0,6,6,0,0,2,2,sorry
22.24607729911804,1,0,6,-4,-8,-9,-5,1,1,-1,-8,4,0,5,sorry
22.24607729911804,0,-7,-2,-12,-12,-11,-3,0,6,-1,-3,7,2,7,sorry
22.261150360107425,-6,-19,-1,-25,-18,-8,-10,3,2,-1,-1,6,3,8,sorry
22.261150360107425,-4,-10,0,-17,-11,1,-15,0,-7,-6,-13,-1,-2,2,sorry
22.276328802108765,0,-5,-1,-10,-4,-1,-13,-6,-1,-1,-2,-2,0,4,sorry
22.276328802108765,5,-3,11,-5,-6,-5,-13,2,6,5,19,11,13,16,sorry
22.29258394241333,15,9,6,7,-1,-3,-12,8,6,5,15,21,14,17,sorry
22.29258394241333,21,13,6,5,2,-4,-3,-3,0,5,4,13,7,7,sorry
22.30851578712464,8,-1,1,-10,-5,-5,2,-8,-10,-4,0,-1,-4,-4,sorry
22.30851578712464,-5,-7,-11,-6,-7,-6,0,-3,-20,-20,-10,-7,-16,-15,sorry
22.32407665252685,-1,6,3,5,2,-6,0,0,-14,-21,-3,3,-10,-13,sorry
22.32407665252685,3,9,-1,1,1,-2,3,-3,-1,-9,19,11,-1,-10,sorry
22.33953428268433,-2,5,-5,-2,0,0,1,-5,0,-8,17,8,-4,-13,sorry
22.33953428268433,-1,9,6,13,13,4,1,4,0,-6,5,3,-1,-7,sorry
22.35550808906555,0,7,0,21,19,6,9,5,5,0,8,-2,6,0,sorry
22.35550808906555,-12,-5,0,0,8,5,2,0,-7,-9,-3,-11,-5,-13,sorry
22.37179374694824,-23,-9,-9,-6,4,2,-14,-3,-27,-30,-29,-21,-22,-28,sorry
22.37179374694824,-18,1,-9,14,2,0,-19,0,-18,-20,-20,-20,-14,-20,sorry
22.38736844062805,0,10,10,21,6,6,-2,5,8,23,14,7,17,9,sorry
22.38736844062805,23,15,12,26,14,12,11,7,23,46,25,29,39,37,sorry
22.40240859985352,23,16,11,34,8,4,4,5,18,28,9,17,25,27,sorry
22.40240859985352,3,4,-2,14,0,-2,-7,0,7,17,1,-2,4,3,sorry
22.418471097946167,-5,-9,-8,-10,0,3,0,-2,-1,16,-4,-11,-8,0,sorry
22.418471097946167,-8,-13,-4,-14,-2,16,18,-3,-7,-3,-21,-24,-22,-4,sorry
22.434520483016968,-20,-19,-13,-26,-10,8,25,-3,-5,-10,-23,-34,-25,-12,sorry
22.434520483016968,-19,-21,-7,-36,-10,2,18,-1,4,5,-8,-20,-15,-2,sorry
22.45054054260254,-4,-15,-3,-19,-2,10,26,3,22,18,-3,-7,-7,6,sorry
22.45054054260254,-5,-17,-1,-19,-1,8,29,7,29,11,-17,-10,-8,2,sorry
22.46616172790528,-10,-12,1,-25,-10,0,6,7,11,-2,-26,-16,-11,0,sorry
22.46616172790528,0,3,-10,-2,-8,-2,-6,-3,-5,-7,-13,-9,-5,1,sorry
22.48117971420288,7,13,1,9,0,-6,-2,-11,-2,-5,2,5,6,6,sorry
22.48117971420288,7,7,5,0,-7,-14,-7,0,4,-5,8,15,16,17,sorry
22.49632692337036,18,3,-2,-1,-14,-21,-25,3,-2,-6,16,23,21,20,sorry
22.49632692337036,24,10,7,-1,-8,-24,-31,-1,-3,-7,25,37,18,0,sorry
22.51221704483032,13,9,1,-5,-6,-26,-29,-4,8,-11,22,35,13,-14,sorry
22.51221704483032,6,4,1,-6,-5,-23,-36,1,-1,-18,19,24,5,-9,sorry
22.52777886390686,11,12,8,4,5,-14,-33,0,-21,-21,28,26,2,-5,sorry
22.52777886390686,9,20,6,23,14,-5,-12,-6,-26,-21,23,18,0,-9,sorry
22.54341983795166,0,16,18,26,12,5,0,-3,-26,-18,0,-1,-5,-16,sorry
22.54341983795166,-5,12,13,23,10,12,2,0,-21,0,-2,-11,-4,-13,sorry
22.559426069259644,-2,8,2,26,9,14,13,0,-11,9,0,-12,-4,-7,sorry
22.559426069259644,-8,-8,-8,17,11,28,24,3,-16,-3,-19,-25,-19,-13,sorry
22.57468152046204,-18,-18,-13,3,13,34,26,3,-21,-14,-38,-35,-27,-15,sorry
22.57468152046204,-16,-7,3,2,9,25,27,3,-7,0,-29,-24,-10,0,sorry
22.59059262275696,-8,-1,3,5,4,13,31,1,18,31,-2,-4,10,22,sorry
22.59059262275696,4,-5,8,3,2,10,24,0,35,50,7,12,22,31,sorry
22.60616707801819,4,-13,2,-4,-5,6,3,0,27,44,-4,5,20,24,sorry
22.60616707801819,-10,-24,-21,-21,-17,-5,-13,-3,15,23,-17,-15,2,14,sorry
22.62230610847473,-8,-23,-8,-32,-18,-7,-15,-3,18,11,-9,-14,-6,6,sorry
22.62230610847473,1,-15,-6,-28,-10,-2,0,0,23,8,1,1,5,0,sorry
22.63841366767884,-4,-11,-13,-23,-1,-8,4,1,24,-3,2,6,12,2,sorry
22.63841366767884,-1,0,-4,-8,0,-17,-5,2,24,-16,9,12,10,10,sorry
22.65352463722229,12,14,-1,7,-4,-20,-13,0,4,-16,25,16,10,7,sorry
22.65352463722229,7,21,1,2,-3,-12,-7,0,-15,-13,24,9,1,-5,sorry
22.66911745071411,-2,17,-5,-6,1,-4,2,0,-10,-8,13,0,-6,-19,sorry
22.66911745071411,0,5,4,-7,0,-13,0,2,-6,-4,3,-7,-12,-25,sorry
22.684265851974487,4,0,10,-2,-6,-14,-8,0,-10,-9,0,-3,-16,-16,sorry
22.684265851974487,1,0,-11,-1,-6,-4,-13,-8,-11,-18,-1,2,-13,-8,sorry
22.700358390808105,-3,1,0,-7,-4,-1,-15,-1,-22,-31,-6,3,-9,-14,sorry
22.700358390808105,0,7,11,2,3,0,-5,7,-18,-27,-4,0,-3,-9,sorry
22.71612501144409,14,14,6,22,16,12,10,7,3,-11,2,1,2,5,sorry
22.71612501144409,10,7,10,17,20,14,8,3,7,-4,-4,2,-2,3,sorry
22.73165011405945,1,0,3,16,16,6,3,0,-2,5,-18,-1,-10,0,sil
22.73165011405945,9,5,11,25,11,10,6,-8,-7,23,-13,0,-3,8,sil
22.747231245040894,6,0,5,15,4,13,3,-8,-12,21,2,5,5,13,sil
22.747231245040894,-6,-12,-7,-1,-6,4,-4,-6,-21,8,6,9,3,10,sil
22.762377977371216,-7,-10,0,-1,-11,5,-9,-5,-26,7,-2,-1,0,2,sil
22.762377977371216,-6,-9,-8,0,-8,2,-9,-5,-21,0,-9,-19,-1,-7,sil
22.777502298355103,-16,-14,-9,-12,-10,-8,-9,0,-7,-17,-9,-18,-6,-12,sil
22.777502298355103,-13,-9,-2,-19,-13,-1,0,9,9,-9,-3,-2,-2,-11,sil
22.793236255645752,1,3,5,0,-1,12,14,6,30,20,13,5,12,3,sil
22.793236255645752,2,14,12,17,13,9,19,5,42,37,24,6,22,19,sil
22.80867576599121,-4,9,1,8,11,-1,15,6,39,36,17,2,18,9,sil
22.80867576599121,0,0,2,-7,1,-3,9,2,25,22,11,0,14,0,sil
22.824779272079468,0,-3,-5,-13,-8,-10,2,-2,5,-2,4,-1,7,5,sil
22.824779272079468,-12,-3,-13,-15,-16,-13,-8,-1,-11,-22,-14,-4,-10,0,sil
22.83974575996399,-4,0,4,-6,-3,4,-2,1,-8,-19,-20,-2,-21,-7,sil
22.83974575996399,10,1,1,8,14,9,9,0,1,-11,-5,3,-11,0,sil
22.856444597244263,3,-2,-2,3,8,-4,3,0,-2,-7,-1,4,-2,7,sil
22.856444597244263,-2,-3,-1,-4,-4,-1,-2,0,-5,1,-11,0,-1,6,sil
22.871628284454346,1,0,-5,-1,-2,0,-1,-5,-3,0,-16,-4,0,1,sil
22.871628284454346,0,0,3,-2,0,-7,-4,-4,-12,-14,-14,-5,-3,-3,sil
22.88761806488037,1,-3,-4,-8,1,-7,-5,-3,-18,-10,-8,-5,-3,-1,sil
22.88761806488037,16,0,2,0,0,-4,-3,0,-5,0,2,3,6,4,sil
22.901635885238647,22,4,9,15,-1,0,1,7,10,1,17,19,19,7,sil
22.91921377182007,9,-2,-6,0,-7,-3,-1,2,4,-2,16,15,15,3,sil
22.91921377182007,-5,-7,-1,-20,-11,-7,-15,-3,-7,-11,3,-1,0,-9,sil
22.91921377182007,-4,2,0,-4,2,3,-15,2,4,-7,7,-3,-4,-16,sil
22.935842752456665,2,10,0,8,11,7,-7,1,13,3,14,1,0,-11,sil
22.935842752456665,7,10,6,0,-2,-2,-10,-5,0,3,15,1,3,-7,sil
22.95065212249756,9,10,1,5,-4,-2,-5,-1,-6,0,23,3,8,-1,sil
22.95065212249756,2,7,8,11,11,4,6,6,0,0,21,10,5,3,sil
22.96322774887085,-7,-3,-3,-1,9,-3,7,0,4,0,5,4,-6,0,sil
22.9785385131836,-8,0,-3,-1,-1,-11,-2,-4,0,-4,-6,0,-18,-8,sil
22.9785385131836,-2,14,10,17,4,0,-8,2,-17,-6,-7,0,-19,-9,sil
22.99446034431457,-2,10,0,28,20,18,5,5,-19,4,-4,-3,-9,3,sil
22.99446034431457,-10,-10,-3,11,12,27,21,0,-4,12,-13,-15,-8,7,sil
23.01028275489807,-21,-23,-10,-11,-11,19,18,-5,-6,7,-28,-22,-17,-8,sil
23.01028275489807,-18,-14,-7,-10,-16,6,13,-2,-10,5,-31,-18,-19,-7,sil
23.025428771972656,0,-1,9,4,-1,8,19,5,12,18,-17,-8,-1,13,sil
23.025428771972656,4,-5,-5,-2,-1,5,16,4,33,27,-4,-6,17,18,sil
23.04145669937133,-8,-12,-8,-28,-12,-5,3,-2,24,11,-7,-9,18,5,sil
23.04145669937133,-10,-9,-3,-25,-11,-9,1,0,12,-8,-10,-10,9,1,sil
23.057331323623657,3,-7,-3,-11,-5,-13,0,2,9,-3,1,0,9,8,sil
23.057331323623657,8,-1,3,-16,-9,-19,-15,-1,5,1,15,21,16,8,sil
23.07263803482056,5,11,-1,-15,-10,-20,-25,-6,0,-12,16,25,14,1,sil
23.07263803482056,13,20,9,1,0,-11,-21,1,-6,-19,18,17,6,0,sil
23.088160276412964,25,19,18,12,7,-4,-12,8,-11,-7,24,27,5,2,sil
23.088160276412964,23,17,8,19,8,-8,-13,0,-17,-8,23,33,5,3,sil
23.103545665740967,9,17,5,24,16,-4,-19,-6,-31,-23,6,8,-1,-1,sil
23.103545665740967,-3,4,0,25,20,8,-9,-5,-30,-16,-13,-19,-4,-7,sil
23.11906409263611,-11,-11,4,19,6,16,7,-3,-18,-2,-23,-25,-11,-9,sil
23.11906409263611,-21,-22,-11,6,-3,13,9,-1,-11,-4,-29,-34,-29,-15,sil
23.135071277618408,-25,-25,-24,-10,0,8,7,-1,3,0,-29,-42,-31,-17,sil
23.135071277618408,-10,-16,-4,-17,-2,6,13,1,32,20,-6,-14,-5,-7,sil
23.15164089202881,8,0,-1,-7,-1,-1,15,6,41,24,23,17,17,0,sil
23.15164089202881,12,9,6,0,5,-9,7,4,27,6,29,23,21,0,sil
23.16732406616211,13,12,7,-3,1,-5,4,1,18,1,29,20,24,1,sil
23.16732406616211,14,16,-9,-6,-1,-1,2,0,11,4,33,23,19,5,sil
23.18272852897644,4,15,3,1,7,0,0,0,-4,1,19,20,0,0,sil
23.18272852897644,-11,2,4,13,6,4,0,0,-18,-1,-9,-3,-20,-7,sil
23.19835901260376,-21,-5,0,14,-3,12,5,3,-20,-4,-25,-24,-26,-4,sil
23.19835901260376,-15,-9,-2,1,-4,13,14,3,-9,0,-23,-17,-14,6,sil
23.2137303352356,-4,-17,-8,-11,-9,1,9,-4,-5,9,-20,-9,-2,14,sil
23.2137303352356,-1,-14,4,-11,-20,0,-2,-5,-6,9,-25,-9,-4,12,sil
23.2297592163086,5,1,3,-3,-11,3,6,0,13,10,-14,9,1,21,sil
23.2297592163086,27,11,0,-2,1,-5,11,1,26,14,12,34,23,31,sil
23.24568557739257,24,3,0,-7,0,-17,-13,-2,3,0,14,22,19,7,sil
23.24568557739257,-1,-2,-7,-18,-4,-17,-34,-3,-14,-18,-4,-3,-1,-20,sil
23.2612738609314,-2,5,1,-16,-1,-10,-27,0,-8,-23,2,-3,-5,-17,sil
23.2612738609314,8,14,1,2,2,-9,-11,-3,-4,-21,22,7,0,-8,sil
23.276723384857178,-1,6,1,4,3,-12,-16,-8,-20,-23,11,-2,-8,-18,sil
23.276723384857178,-11,1,4,0,5,-4,-22,-2,-32,-25,-6,-20,-15,-21,sil
23.29252958297729,-8,4,-2,16,6,9,-1,2,-19,-11,-2,-25,-11,-10,sil
23.29252958297729,-15,-2,3,21,0,17,15,3,-7,6,-2,-22,-7,-4,sil
23.30811619758606,-21,-16,-5,2,-4,18,14,6,-1,17,-10,-22,-4,0,sil
23.30811619758606,-7,-19,-4,0,2,15,19,5,9,22,-5,-13,3,9,sil
23.324050903320312,3,-9,9,15,8,16,20,0,19,24,0,0,8,14,sil
23.324050903320312,0,-2,-3,18,4,15,12,-3,22,26,-2,0,14,16,sil
23.33944702148437,3,-1,1,0,4,10,13,1,28,29,-3,5,23,19,sil
23.33944702148437,12,-2,4,-4,10,5,19,5,37,26,2,15,18,19,sil
23.35459995269776,13,-1,-2,-2,2,-2,16,4,39,13,2,16,6,10,sil
23.35459995269776,9,0,-3,-18,-7,-17,10,5,25,-3,-1,16,5,-5,sil
23.37016725540161,0,0,-9,-29,-4,-27,-2,0,0,-25,-8,9,-2,-19,sil
23.37016725540161,-2,2,1,-15,0,-21,-15,-3,-20,-38,-5,1,-14,-21,sil
23.38532781600952,7,16,3,-1,1,-8,-15,2,-12,-18,18,16,1,-8,sil
23.38532781600952,15,22,0,2,0,-11,-23,0,-1,1,39,29,18,3,sil
23.40131402015686,7,18,13,7,-7,-16,-30,-9,-13,-3,22,20,2,0,sil
23.40131402015686,-3,15,5,8,-5,-7,-13,-9,-24,-14,3,8,-13,-8,sil
23.41607928276062,-11,7,0,2,4,2,-6,0,-20,-15,6,1,-14,-8,sil
23.41607928276062,-17,-8,-1,0,0,0,-19,0,-24,-14,2,-17,-17,-12,sil
23.43208765983581,-15,-12,-6,3,-5,1,-13,-3,-35,-14,-14,-28,-25,-18,sil
23.43208765983581,-4,-2,4,9,-1,13,4,-3,-29,-13,-19,-12,-21,-6,sil
23.44758701324463,0,-4,-2,14,0,14,9,-5,-11,-1,-14,-5,-7,7,sil
23.44758701324463,-5,-9,-4,9,0,13,10,-1,-10,6,-15,-17,-3,4,sil
23.46321153640747,-3,-3,-4,4,4,20,21,9,-13,9,-12,-20,-1,0,sil
23.46321153640747,0,-7,-10,4,3,17,26,5,3,18,-10,-16,6,10,sil
23.4783992767334,-7,-15,-2,-1,0,7,25,0,28,24,-15,-15,5,16,sil
23.49406599998474,-2,-7,-2,-1,2,10,26,4,41,26,-8,-9,6,17,sil
23.49406599998474,7,0,0,0,6,13,20,7,40,29,2,0,13,18,sil
23.49406599998474,3,-3,0,-7,2,0,9,0,31,21,2,5,12,13,sil
23.50944209098816,3,-10,-4,-12,-8,-16,-1,0,19,4,-2,8,9,5,sil
23.50944209098816,9,-7,6,-12,-17,-19,-14,0,9,-8,-7,7,8,0,sil
23.52527952194214,2,-3,-2,-11,-7,-11,-17,0,8,-9,0,5,8,-2,sil
23.52527952194214,5,0,-3,-10,5,-6,-14,-2,15,0,15,14,11,0,sil
23.541444301605225,17,10,8,-6,3,-8,-12,-1,10,3,21,23,16,4,sil
23.541444301605225,15,19,5,1,0,-13,-11,-3,-7,-7,19,23,17,2,sil
23.55711531639099,11,19,11,8,4,-13,-16,-2,-15,-23,14,17,6,-4,sil
23.55711531639099,5,11,2,1,5,-9,-16,-2,-6,-18,13,5,-7,-11,sil
23.571287631988525,-5,5,-4,-8,-1,-8,-11,-6,-8,-5,21,1,-2,-12,sil
23.58832836151123,-9,3,2,-8,-3,-6,-7,-3,-12,-5,20,6,7,-9,sil
23.58832836151123,-8,0,-4,-3,-3,-4,-5,0,-15,-11,0,0,-5,-14,sil
23.58832836151123,-5,2,5,1,-5,-1,-3,3,-26,-12,-10,-8,-23,-20,sil
23.604241847991943,0,6,10,14,0,3,0,2,-21,-4,-3,-6,-13,-9,sil
23.604241847991943,0,1,6,9,2,2,3,2,-9,0,-5,-5,-8,2,sil
23.61858105659485,-13,-8,-2,-12,-2,10,1,2,-15,-1,-20,-12,-25,-7,sil
23.61858105659485,-19,-13,-17,-10,0,18,4,-4,-23,-7,-24,-25,-32,-13,sil
23.63447427749633,-10,-5,-2,8,9,18,13,-2,-16,-5,-18,-24,-20,1,sil
23.6525456905365,3,3,5,24,12,16,13,5,1,6,-7,-7,0,15,sil
23.65288996696472,8,3,1,33,9,16,10,4,15,10,1,4,10,17,sil
23.65288996696472,0,1,6,40,11,16,16,4,13,13,3,1,6,12,sil
23.666502475738525,-6,1,-5,34,16,14,18,2,6,22,-3,-8,1,8,sil
23.666502475738525,-7,-2,-6,9,11,13,10,-2,13,17,-15,-12,1,8,sil
23.68351435661316,-15,-13,-10,-17,-1,4,10,-2,22,4,-21,-10,2,1,sil
23.68351435661316,-16,-21,-15,-24,-7,-4,9,-1,15,6,-14,-7,4,-4,sil
23.698055028915405,0,-12,-1,-22,-13,-6,7,-1,8,6,-2,3,6,2,sil
23.69905400276184,9,-4,-4,-26,-20,-13,6,0,21,0,2,14,10,7,sil
23.71308779716492,8,-5,1,-28,-14,-17,-3,5,31,1,4,17,15,4,sil
23.714087963104248,12,0,7,-17,-7,-14,-8,6,22,10,11,16,17,10,sil
23.729106187820435,7,2,-1,-13,-13,-23,-11,-2,5,-1,13,9,9,5,sil
23.729106187820435,-5,-1,-4,-28,-14,-30,-26,-6,-13,-22,5,0,1,-20,sil
23.74414277076721,-1,-3,-13,-31,-5,-20,-28,-1,-19,-17,12,3,9,-23,sil
23.762491464614868,16,9,2,-10,-8,-14,-19,0,-10,-1,29,18,19,3,sil
23.762491464614868,23,19,21,6,-9,-15,-27,-5,-7,0,30,29,14,7,sil
23.776114463806152,20,16,9,7,8,-8,-25,-4,-14,-4,15,19,0,-4,sil
23.776114463806152,17,17,11,11,18,6,-3,3,-13,-6,5,2,-10,-3,sil
23.79026746749878,14,18,12,27,8,7,3,3,-8,-6,5,-5,-11,1,sil
23.79026746749878,5,12,14,29,4,5,-4,0,-13,-7,0,-3,-11,1,sil
23.806103229522705,-6,4,7,18,12,17,4,-1,-14,-9,-7,-6,-10,2,sil
23.806103229522705,-14,0,-8,16,17,27,24,0,-6,-4,-5,-13,-6,0,sil
23.82125997543335,-13,2,-1,25,17,25,26,5,0,6,0,-14,-6,-4,sil
23.82125997543335,-11,2,-3,23,14,20,22,4,2,11,-6,-12,-9,-3,sil
23.83647727966309,-8,-9,-5,4,7,12,13,-2,-3,0,-16,-8,-5,0,sil
23.83647727966309,-8,-16,-6,-2,3,3,3,0,-13,-6,-12,-3,-3,-3,sil
23.852047443389893,-15,-10,-10,3,0,2,2,0,-8,-2,-6,-10,-11,-1,sil
23.852047443389893,-14,0,2,2,0,10,7,-2,3,1,-12,-16,-15,0,sil
23.867452383041385,-2,-2,-3,-3,-2,4,9,0,13,8,-17,-14,-8,1,sil
23.867452383041385,-2,-11,-7,-12,-13,-10,1,0,18,13,-9,-3,0,4,sil
23.883553504943848,-7,-14,2,-13,-20,-10,-3,0,13,13,0,1,8,6,sil
23.883553504943848,-1,-13,-5,-10,-13,-3,0,1,1,5,-7,-6,3,7,sil
23.89905023574829,-1,-11,-8,-21,-12,-3,0,3,-4,-12,-38,-18,-13,0,sil
23.89905023574829,-12,-11,-18,-23,-14,-4,-7,0,0,-14,-38,-13,-11,-13,sil
23.91510343551636,-12,-10,-13,-10,-8,-9,-6,-1,9,5,2,2,8,-10,sil
23.91510343551636,-4,-13,2,-12,-4,-3,-2,-2,18,15,21,11,12,0,sil
23.930311918258667,-2,-10,-2,-19,-7,2,-3,-7,18,8,9,8,9,-1,sil
23.930311918258667,12,12,13,-1,0,0,-4,0,11,11,19,19,21,1,sil
23.9454448223114,32,28,20,16,10,-6,-2,8,8,14,41,36,24,14,sil
23.9454448223114,33,17,7,7,8,-8,-5,0,2,3,33,33,11,16,sil
23.96158003807068,22,12,8,0,7,-5,-5,-3,-2,-2,16,22,9,12,sil
23.96158003807068,14,16,5,6,10,-7,-3,1,0,-5,19,16,16,11,sil
23.976719856262207,8,13,10,7,4,-13,-12,-1,-7,-18,16,7,2,0,sil
23.976719856262207,4,5,1,0,2,-17,-12,-4,-21,-23,0,-2,-15,-18,sil
23.992419481277462,-2,1,-9,0,9,-11,-10,1,-17,-20,-17,-11,-21,-19,sil
23.992419481277462,-17,-3,-5,0,4,5,-10,4,-9,-15,-18,-17,-18,-15,sil
24.007571935653687,-20,-4,-12,1,0,15,7,0,0,2,-6,-16,-3,-6,sil
24.007571935653687,-3,5,3,15,6,12,22,2,7,12,5,-4,10,6,sil
24.02368402481079,5,7,9,21,3,7,6,6,2,0,8,0,8,5,sil
24.02368402481079,0,1,2,14,-2,1,-9,-2,-9,-5,1,0,0,-2,sil
24.03869152069092,0,2,14,10,1,4,-1,-4,-18,0,-7,0,-4,0,sil
24.03869152069092,-1,0,0,7,4,6,12,-1,-21,0,-6,-8,-4,2,sil
24.054548263549805,-15,-7,-12,0,0,9,9,0,-16,-1,-9,-19,-11,-8,sil
24.054548263549805,-22,-7,-10,-2,0,15,5,0,-8,-5,-20,-22,-19,-16,sil
24.069880723953247,-10,-7,-12,-6,0,10,5,-2,-4,-10,-19,-19,-15,-8,sil
24.069880723953247,4,-4,0,-8,-8,1,1,-1,3,-4,-5,-3,-3,3,sil
24.085597038269043,15,0,2,1,-15,-4,0,2,12,9,-1,7,1,13,sil
24.085597038269043,17,-2,9,3,-14,-6,0,3,8,16,1,10,5,19,sil
24.101216793060303,4,-7,6,-10,-11,0,3,1,2,19,7,12,8,15,sil
24.101216793060303,-12,-13,-14,-20,-19,4,9,0,8,19,-2,5,4,10,sil
24.12541151046753,-15,-11,-7,-11,-14,2,12,5,14,14,-9,2,2,11,sil
24.12541151046753,-12,-4,0,-4,9,0,7,3,11,11,5,1,4,6,sil
24.12541151046753,-14,-8,0,-19,11,-4,-3,-7,1,0,1,-10,-6,-10,sil
24.13346099853516,-9,-10,0,-19,-2,-2,-8,-5,8,-1,-9,-12,-7,-14,sil
24.148953437805176,0,-5,-2,-1,5,5,-3,0,20,15,0,1,8,0,sil
24.148953437805176,0,-8,1,-9,14,4,-1,0,13,7,0,-5,5,0,sil
24.16419243812561,1,-6,-7,-16,7,-8,-3,0,8,-13,-9,-13,0,-5,sil
24.16419243812561,17,14,4,6,6,-14,-8,0,13,-4,8,12,13,3,sil
24.179505348205566,21,20,14,23,10,-10,-8,0,8,0,29,29,20,4,sorry
24.19554615020752,15,13,0,15,10,-13,-3,0,6,-11,24,19,12,-4,sorry
24.19554615020752,16,18,7,4,3,-17,-12,3,11,-7,19,19,11,-2,sorry
24.19554615020752,15,16,3,0,-5,-17,-23,0,1,0,18,22,10,-1,sorry
24.211556911468502,12,11,-2,8,-6,-16,-18,-5,-22,-21,7,14,1,-11,sorry
24.211556911468502,11,14,9,19,1,-1,-4,-3,-33,-33,-1,13,-6,-11,sorry
24.227478981018063,-2,7,2,21,3,14,3,-2,-29,-17,-1,1,-10,-3,sorry
24.227478981018063,-15,1,0,18,0,13,5,0,-21,-8,-5,-12,-9,-9,sorry
24.244058847427368,-9,7,0,20,1,6,9,2,-12,-3,-4,-9,-4,-11,sorry
24.244058847427368,0,8,4,28,2,6,5,2,-12,1,-1,-4,-8,-1,sorry
24.25843501091004,-4,3,9,28,0,8,-5,1,-26,-3,-14,-16,-21,-1,sorry
24.25843501091004,-13,-7,-8,3,-2,9,-3,-1,-31,-5,-34,-28,-26,-1,sorry
24.27438879013061,-10,-15,-6,-18,-7,17,7,0,-15,2,-27,-22,-19,10,sorry
24.27438879013061,-5,-8,-4,-8,-8,16,12,0,1,5,-4,-14,-8,9,sorry
24.291495323181152,-18,-18,-17,-16,-9,6,13,-2,8,6,-1,-17,-3,1,sorry
24.291495323181152,-28,-34,-17,-52,-7,11,21,7,19,18,-5,-18,0,10,sorry
24.305209398269653,-5,-14,-8,-37,5,15,25,9,34,31,2,-6,12,21,sorry
24.305209398269653,9,1,6,-2,9,7,12,0,32,26,5,1,18,14,sorry
24.321182012557983,0,-14,0,-14,0,4,2,0,25,25,0,3,16,9,sorry
24.321182012557983,2,-13,-4,-29,-3,0,5,4,29,36,1,14,17,10,sorry
24.33675503730774,6,0,8,-14,0,-10,9,3,30,24,2,15,12,1,sorry
24.33675503730774,-2,-7,-2,-3,-2,-18,7,0,22,1,1,0,5,0,sorry
24.352756023406982,6,-7,1,-6,-4,-18,-4,0,11,0,4,3,6,8,sorry
24.352756023406982,20,4,5,-9,-2,-15,-22,-5,-4,-11,0,11,3,-1,sorry
24.369080305099487,12,6,-2,-8,-4,-18,-29,-8,-26,-47,0,5,-5,-17,sorry
24.369080305099487,10,13,12,6,-7,-18,-19,-1,-27,-47,16,16,-2,-6,sorry
24.38327121734619,11,17,5,21,-6,-16,-14,-5,-10,-17,15,23,1,-2,sorry
24.38327121734619,-2,7,-1,9,-2,-16,-24,-9,-8,-17,0,4,-6,-22,sorry
24.39934802055359,-7,9,0,4,3,-7,-27,-4,-18,-20,5,-5,-8,-24,sorry
24.39934802055359,1,14,-1,17,0,0,-18,-1,-18,-1,6,1,-7,-12,sorry
24.415568351745605,0,11,12,17,-5,0,-10,6,-12,2,-7,3,-12,-10,sorry
24.415568351745605,-9,10,3,12,2,3,0,10,-4,-1,5,0,-4,-8,sorry
24.43140935897827,-7,9,-4,18,15,9,4,0,-5,0,11,1,0,-3,sorry
24.44645643234253,-8,1,-1,12,14,14,4,-1,-17,-7,-20,-7,-10,-6,sorry
24.44645643234253,-8,-2,-5,0,12,16,16,1,-11,-14,-22,-19,-8,-4,sorry
24.44645643234253,5,6,6,10,21,24,31,4,11,8,11,-9,10,12,sorry
24.46305274963379,19,13,9,29,24,21,29,4,25,41,23,8,25,26,sorry
24.46305274963379,15,8,10,24,9,5,19,2,20,39,19,14,24,24,sorry
24.478094577789307,5,2,6,8,-2,3,16,1,10,15,17,8,12,15,sorry
24.478094577789307,-3,-8,-7,1,0,9,15,-1,6,4,2,-5,0,9,sorry
24.49406623840332,-8,-17,2,-3,-1,7,8,0,8,8,-14,-10,-6,9,sorry
24.49406623840332,-4,-12,-4,-9,-13,3,5,1,8,14,-12,-4,-7,12,sorry
24.509524822235107,-2,-9,-15,-12,-16,1,1,-1,0,6,-10,-5,-5,4,sorry
24.525136709213257,-6,-14,-2,-17,-13,-1,-3,-1,-14,-12,-22,-11,-9,-3,sorry
24.5261344909668,-3,-18,-4,-20,-10,-7,-2,-1,-13,-20,-26,-11,-7,0,sorry
24.5261344909668,-3,-17,-7,-20,-10,0,-2,0,-4,-18,-22,-11,0,0,sorry
24.54056048393249,-11,-19,-13,-20,-14,2,-8,0,0,-16,-28,-13,-6,-8,sorry
24.555140495300293,-5,-10,-8,-13,-9,-12,-11,-3,4,-12,-20,-5,-8,-6,sorry
24.555140495300293,10,8,5,1,2,-15,-10,-1,11,1,5,3,4,0,sorry
24.570396423339844,7,5,-2,2,6,-7,-8,0,6,14,16,1,4,-5,sorry
24.570396423339844,-5,-8,-2,-14,0,-11,-9,-1,-4,7,0,0,-10,-16,sorry
24.58946847915649,-8,-6,-4,-21,-2,-15,-9,0,-6,-8,-5,-3,-14,-21,sorry
24.58946847915649,-1,6,-6,-13,-5,-7,-3,3,-2,-9,10,0,-5,-10,sorry
24.60370230674744,3,12,7,-10,-6,-5,-2,0,0,-4,26,11,4,2,sorry
24.60370230674744,0,7,4,-11,-4,-15,-13,-6,0,-7,18,12,5,0,sorry
24.61952996253968,-4,10,2,-10,-6,-12,-22,-4,-4,-6,4,6,0,-9,sorry
24.61952996253968,3,22,7,2,0,4,-12,2,6,15,15,12,9,1,sorry
24.63366150856018,15,19,16,19,12,11,3,3,18,27,25,19,22,14,sorry
24.63366150856018,7,8,16,15,6,1,7,1,3,4,10,14,10,6,sorry
24.650389909744263,0,3,0,8,-2,-5,4,-1,-12,-13,0,4,-3,-3,sorry
24.650389909744263,6,4,10,17,5,1,7,0,-10,-3,0,0,0,2,sorry
24.666568517684937,7,3,7,21,16,9,8,1,-4,-1,0,0,4,3,sorry
24.666568517684937,0,2,-7,11,9,6,0,0,-6,-15,-1,0,3,-2,sorry
0.4010443687438965,-2,-24,-7,5,-7,4,7,-5,2,6,-10,-4,-1,13,sorry
0.4010443687438965,-12,-17,-5,1,0,4,-1,-2,-4,12,-18,-10,-6,5,sorry
0.4166314601898193,-18,-15,-10,-11,-1,1,-1,-4,-2,23,-18,-15,-2,-1,sorry
0.4166314601898193,-26,-21,-15,-30,-15,-11,-15,-11,-2,8,-15,-21,-6,-17,sorry
0.432725191116333,-22,-12,-13,-25,-23,-20,-36,-6,-8,-25,-17,-17,-13,-25,sorry
0.432725191116333,-2,2,-6,-10,-14,-14,-24,6,-1,-22,-4,0,1,-3,sorry
0.4480204582214355,15,5,12,-14,-7,-11,-5,7,7,-4,17,19,23,19,sorry
0.4480204582214355,11,0,3,-22,-9,-18,-11,0,0,-21,13,17,15,8,sorry
0.4636938571929931,0,4,-6,-18,-5,-14,-18,1,-7,-36,-3,6,-5,-8,sorry
0.4636938571929931,2,17,-2,-7,10,0,-2,11,-1,-8,6,11,-2,0,sorry
0.4787287712097168,7,15,-6,-6,16,0,5,6,-1,12,18,13,6,-1,sorry
0.4787287712097168,1,9,0,-3,0,-5,-1,-2,-13,3,0,-2,-7,-21,sorry
0.4946081638336181,-10,10,-2,10,-1,4,-1,-3,-7,-4,-12,-19,-20,-24,sorry
0.4946081638336181,-16,4,-6,12,8,12,2,-1,6,-6,-10,-26,-17,-21,sorry
0.5101439952850342,-13,-1,0,6,7,10,6,-1,7,-3,-8,-17,-11,-22,sorry
0.5101439952850342,-6,-4,0,11,1,11,11,0,0,7,-2,-1,-1,-1,sorry
0.5257842540740967,-1,-7,5,3,5,15,14,1,1,20,1,0,4,25,sorry
0.5257842540740967,3,-4,2,3,11,17,20,0,7,32,2,-1,8,25,sorry
0.5418233871459961,1,-1,1,22,11,19,22,-2,6,42,2,2,14,12,sorry
0.5418233871459961,-5,-5,5,14,5,18,15,-3,5,36,0,-1,11,6,sorry
0.5576956272125244,-2,-7,-5,-6,-2,5,15,0,25,29,0,-15,2,8,sorry
0.5576956272125244,11,-7,-1,-13,-8,-1,17,5,35,20,-1,-7,2,15,sorry
0.572833776473999,12,-15,1,-22,-15,-4,4,3,18,0,-3,3,8,13,sorry
0.572833776473999,2,-19,-5,-30,-19,-16,-6,-5,7,-19,-5,2,5,1,sorry
0.5880208015441895,1,-7,0,-21,-11,-21,-12,-7,4,-17,1,12,6,0,sorry
0.5880208015441895,8,4,0,-15,-4,-17,-17,0,-8,-13,14,25,15,5,sorry
0.6039857864379883,8,6,1,-15,-13,-23,-25,0,-27,-26,7,18,4,-4,sorry
0.6039857864379883,1,4,2,-8,-9,-29,-31,-6,-34,-39,1,6,-11,-18,sorry
0.6196184158325195,5,10,8,4,7,-18,-27,-1,-27,-32,15,9,-5,-13,sorry
0.6196184158325195,15,23,12,25,10,-4,-14,11,-12,-13,22,12,5,-12,sorry
0.6347870826721191,9,24,5,36,6,0,-11,4,-15,-15,8,1,0,-12,sorry
0.6347870826721191,-6,8,4,28,10,3,-17,-5,-27,-30,0,-5,-12,-3,sorry
0.6508281230926514,-6,2,-3,30,10,10,-7,0,-12,-17,-1,-1,-6,1,sorry
0.6508281230926514,0,15,0,37,15,17,14,5,5,6,-8,-1,-3,1,sorry
0.6659765243530273,-9,6,5,16,16,18,19,-2,-4,3,-23,-14,-22,-7,sorry
0.6659765243530273,-25,-26,-17,-10,-2,10,11,-5,-11,-3,-31,-23,-34,-13,sorry
0.6815216541290283,-17,-22,-7,-14,-11,14,16,3,8,11,-19,-15,-13,6,sorry
0.6815216541290283,-1,3,2,-4,0,27,33,7,29,35,2,-1,9,26,sorry
0.6971840858459473,-1,0,-4,-4,4,16,27,2,29,40,-1,-2,6,10,sorry
0.6971840858459473,-11,-12,3,-9,1,2,11,2,26,33,-20,-13,-6,-5,sorry
0.7127914428710938,-13,-11,-8,-12,1,5,10,3,31,31,-6,-12,-3,3,sorry
0.7127914428710938,2,-3,-10,-11,-1,0,4,0,17,19,13,2,8,11,sorry
0.7289328575134277,16,2,5,-5,-2,-11,-1,-1,6,4,13,12,23,6,sorry
0.7289328575134277,8,1,1,-3,-1,-8,-1,-4,13,0,10,2,26,1,sorry
0.7439675331115723,3,3,-1,-9,-7,-4,-10,-7,2,-5,11,1,12,0,sorry
0.7439675331115723,17,12,2,-6,-8,-15,-14,-3,-14,-13,14,16,8,1,sorry
0.7599921226501465,24,7,10,-1,-2,-18,-10,0,-5,-7,15,24,14,5,sorry
0.7599921226501465,12,-1,8,-4,-1,-11,-20,-2,-8,-5,12,20,13,0,sorry
0.776714563369751,0,1,-2,-6,-8,-17,-27,-4,-30,-20,15,12,7,-6,sorry
0.776714563369751,-5,5,1,-9,-11,-20,-17,1,-32,-33,9,-1,-3,-15,sorry
0.7917571067810059,-4,0,-4,-9,-2,-8,-12,2,-26,-33,-6,-17,-17,-21,sorry
0.8078653812408447,0,5,2,1,7,1,-13,-2,-31,-21,0,-5,-8,-5,sorry
0.8078653812408447,0,8,10,16,10,8,1,-2,-16,-6,11,11,3,7,sorry
0.8078653812408447,-4,-4,-2,20,9,22,21,2,9,-1,-13,-4,-11,-2,sorry
2.1645777225494385,21,25,20,16,18,-3,-17,0,-23,-8,19,15,-20,0,sorry
2.1645777225494385,-4,3,-2,3,1,0,-11,-3,-30,-17,-5,-11,-22,-13,sorry
2.180661678314209,-18,-11,-9,-10,-8,-7,-15,-2,-26,-23,-17,-29,-43,-20,sorry
2.180661678314209,-10,-1,-2,0,3,1,-10,-3,-17,-17,-14,-20,-42,-14,sorry
2.195895433425904,-3,9,2,22,13,15,2,-6,-16,-8,-10,-5,-24,-6,sorry
2.195895433425904,2,17,15,38,17,20,13,0,-14,-3,-5,0,-20,4,sorry
2.211928367614746,8,18,9,40,21,19,19,5,0,7,3,1,-10,16,sorry
2.211928367614746,-1,-1,7,18,10,12,17,2,7,23,7,0,2,14,sorry
2.227548360824585,-9,-17,2,0,-3,6,10,0,0,20,-1,-5,0,5,sorry
2.227548360824585,-5,-12,-11,-3,-8,1,5,-2,-9,-7,-17,-18,-13,-2,sorry
2.242921829223633,-12,-16,-15,-10,-11,4,7,0,-6,-18,-20,-20,-18,-9,sorry
2.242921829223633,-19,-23,-19,-13,-14,5,10,6,11,6,-8,-15,0,-1,sorry
2.2589995861053467,-6,-12,0,-11,-12,0,8,3,19,19,0,-8,11,11,sorry
2.2589995861053467,1,-3,3,-12,-3,0,16,1,17,11,2,0,12,9,sorry
2.2749698162078857,5,1,-1,-3,2,0,27,4,27,15,18,20,24,12,sorry
2.2749698162078857,15,10,13,-3,-2,-2,14,7,31,19,25,30,28,18,sorry
2.289989471435547,7,-2,-7,-32,-12,-12,-13,0,11,1,-2,4,0,1,sorry
2.289989471435547,-6,-15,-21,-45,-12,-19,-26,-10,-6,-22,-21,-5,-15,-12,sorry
2.30564832687378,6,2,-3,-18,-9,-16,-16,-7,0,-23,2,25,5,0,sorry
2.30564832687378,17,8,3,-11,-11,-14,-16,0,6,-9,15,35,15,0,sorry
2.320872068405152,-2,-3,3,-35,-17,-20,-31,-2,-14,-17,-5,2,-7,-19,sorry
2.320872068405152,-12,3,-6,-21,-13,-19,-32,-6,-27,-29,-8,-11,-21,-25,sorry
2.335825204849243,3,20,6,16,7,-4,-18,0,-15,-16,7,1,-11,-10,sorry
2.351250410079956,12,19,20,26,17,10,-8,2,-7,2,12,9,0,-5,sorry
2.351250410079956,5,12,5,21,19,10,-1,-1,-9,4,7,4,1,-5,sorry
2.351250410079956,0,10,7,24,20,4,0,2,-10,-2,-4,-5,-10,-4,sorry
2.366408348083496,-1,3,2,30,9,3,-1,0,-11,0,-10,-16,-11,-2,sorry
2.366408348083496,0,1,2,36,5,7,5,-5,-10,10,2,-7,8,5,sorry
2.3826146125793457,0,-1,12,31,17,13,14,1,-5,20,10,1,19,13,sorry
2.383619546890259,-5,-14,-6,10,19,16,20,4,2,24,0,-14,6,8,sorry
2.3985848426818848,-14,-17,-9,-2,8,21,24,4,10,19,-8,-21,-3,0,sorry
2.3985848426818848,-12,-4,-5,5,3,25,35,9,25,18,-1,-7,1,3,sorry
2.413611888885498,7,2,-1,11,14,20,46,8,43,35,16,7,17,21,sorry
2.429166078567505,13,-1,6,-5,7,6,26,2,27,26,10,4,14,19,sorry
2.429166078567505,-14,-13,-12,-39,-42,-15,-18,-7,-20,-22,-31,-24,-18,-15,sorry
2.4445486068725586,-12,-22,-8,-31,-47,-12,-22,-5,-25,-25,-34,-27,-24,-16,sorry
2.4445486068725586,23,-12,7,21,23,2,6,6,19,22,16,10,20,24,sorry
2.462078809738159,15,6,0,24,21,-9,-2,-2,6,-2,8,9,14,14,sorry
2.462078809738159,-23,11,-11,-21,-43,-19,-28,-15,-41,-69,-47,-27,-44,-28,sorry
2.462078809738159,-19,1,-13,-21,-21,-2,-8,-4,-24,-50,-32,-18,-45,-15,sorry
2.475689172744751,0,1,4,4,22,-2,7,5,7,-6,7,18,1,10,sorry
2.492743968963623,5,12,7,4,1,-15,-4,0,-4,-8,5,25,19,1,sorry
2.492743968963623,12,11,3,2,-6,-9,-8,-6,-8,-1,9,21,13,3,sorry
2.492743968963623,10,0,8,-4,5,1,-10,0,7,18,21,20,5,7,sorry
2.5087952613830566,0,-5,-1,-20,-7,-7,-21,0,11,13,13,11,2,-6,sorry
2.5087952613830566,4,1,1,-13,-12,-11,-19,0,11,11,16,12,15,-8,sorry
2.5249178409576416,9,7,2,-2,2,-3,-5,1,16,21,26,18,21,4,sorry
2.5249178409576416,5,0,0,-13,0,-11,-1,2,9,10,22,14,9,5,sorry
2.54095458984375,8,-1,11,-17,-10,-14,1,4,0,-4,19,14,7,-3,sorry
2.556117057800293,5,9,4,0,2,3,5,4,-2,6,17,10,13,-1,sorry
2.556117057800293,-3,10,3,10,10,11,4,3,-6,16,4,-1,5,2,sorry
2.5709054470062256,-6,-1,2,1,1,0,0,1,-7,0,-4,-10,-4,-5,sorry
2.5709054470062256,-8,-3,-4,0,5,0,2,-4,-1,-16,-9,-16,-6,-10,sorry
2.588014841079712,-6,4,4,19,15,16,5,-2,8,-8,-12,-18,-4,-1,sorry
2.588014841079712,-1,0,-6,31,11,19,5,1,18,8,-9,-16,-2,0,sorry
2.601628303527832,-8,-13,-10,13,7,13,3,0,12,1,-16,-20,-13,-8,sorry
2.601628303527832,-20,-15,-8,-7,9,8,8,0,-2,-10,-24,-26,-23,-8,sorry
2.617112636566162,-18,-15,-18,-7,0,-1,4,-3,-12,-14,-20,-24,-22,-4,sorry
2.617112636566162,-1,-8,1,0,-10,1,-3,-5,-20,-19,-19,-7,-19,0,sorry
2.6343536376953125,9,3,9,6,-2,14,9,0,-16,-8,-12,1,-8,7,sorry
2.6343536376953125,6,5,1,9,0,13,22,4,1,11,0,-2,4,11,sorry
2.6343536376953125,10,2,8,9,-3,8,16,6,9,18,0,3,5,9,sorry
2.651893854141236,18,0,8,1,-1,-1,13,0,8,14,0,16,4,14,sil
2.651893854141236,2,-8,-3,-17,-6,-20,0,-4,1,0,-1,2,0,6,sil
2.6636862754821777,-20,-16,-19,-23,-16,-23,-28,-3,-18,-17,-17,-16,-11,-16,sil
2.678567886352539,-10,-2,-5,-5,-11,-3,-17,-2,-25,-9,-12,-1,-3,-12,sil
2.678567886352539,16,17,11,10,0,9,8,0,-4,15,22,25,19,18,sil
2.694000482559204,20,18,2,12,8,-1,3,0,9,24,42,29,33,25,sil
2.694000482559204,10,13,13,7,9,-7,-8,1,-2,17,30,27,29,12,sil
2.709087610244751,9,10,11,7,4,0,-4,2,-4,9,21,18,19,9,sil
2.709087610244751,5,3,-3,0,0,-5,-5,1,8,5,17,1,9,1,sil
2.725128650665283,-7,0,-1,-7,0,-10,-9,0,14,4,9,-3,4,-14,sil
2.725128650665283,-9,-2,-2,-9,0,-4,-9,-5,6,-4,2,0,-1,-16,sil
2.740753412246704,-1,0,3,-12,-3,3,-13,-3,0,-21,-3,-3,-17,-13,sil
2.740753412246704,-4,6,-2,-11,0,0,-11,2,6,-24,-5,-3,-19,-15,sil
2.755777835845948,-2,5,-5,-1,4,-9,0,2,11,-18,0,5,-5,-7,sil
2.755777835845948,6,4,8,9,1,-5,3,2,4,-11,0,6,0,2,sil
2.771791696548462,-1,-1,0,5,-1,3,0,-2,0,-5,-8,-9,-9,0,sil
2.771791696548462,-17,-15,-6,-3,0,5,-3,-7,0,-12,-18,-22,-16,-5,sil
2.7870068550109863,-10,-15,-6,-2,8,5,3,2,-2,-13,-24,-17,-14,-4,sil
2.8031084537506104,-3,-8,-5,-1,2,0,9,6,-11,-6,-25,-13,-13,-2,sil
2.8031084537506104,-15,-15,0,-12,-15,-2,4,-1,-20,-13,-26,-21,-20,-13,sil
2.8031084537506104,-17,-21,-12,-15,-15,1,8,-2,-9,-8,-23,-25,-15,-18,sil
2.818743228912353,-2,-4,-5,-3,1,14,24,3,10,17,-6,-10,1,0,sil
2.818743228912353,6,2,0,9,5,17,24,1,12,26,9,2,15,15,sil
2.8338093757629395,10,2,0,16,-2,6,9,2,6,16,12,7,17,15,sil
2.8338093757629395,13,10,12,10,0,0,7,7,10,25,14,14,21,12,sil
2.848942518234253,8,9,5,8,9,1,9,0,14,36,19,16,25,17,sil
2.848942518234253,4,4,9,11,9,2,-3,-4,6,24,9,7,16,18,sil
2.865593910217285,7,7,8,9,0,0,-12,0,0,10,2,3,3,8,sil
2.865593910217285,10,2,-9,-1,-2,-7,-11,0,0,10,12,8,4,2,sil
2.8820343017578125,10,1,0,-10,3,-7,-9,0,6,12,20,15,16,12,sil
2.8820343017578125,7,7,5,-1,8,1,-3,0,15,6,21,17,16,18,sil
2.895967483520508,7,10,8,9,4,0,-1,-5,4,-6,14,15,5,1,sil
2.895967483520508,6,12,7,9,0,-10,-13,-5,-16,-16,2,12,0,-11,sil
2.911613941192627,0,3,-2,-2,-5,-16,-24,-6,-26,-23,-3,4,-9,-6,sil
2.911613941192627,-9,-9,2,-19,-13,-21,-26,-2,-29,-37,-8,-1,-23,-17,sil
2.9275498390197754,-14,-10,-6,-20,-18,-24,-16,2,-19,-39,-11,-4,-19,-36,sil
2.9275498390197754,-7,0,-5,-9,-8,-6,0,0,-3,-30,-2,1,-3,-18,sil
2.94364595413208,0,5,7,-9,0,7,0,-1,-10,-29,7,7,-5,-1,sil
2.94364595413208,-4,3,-5,-3,0,-2,-9,-1,-20,-24,0,-2,-21,-17,sil
2.959238052368164,-9,4,-5,18,3,3,-8,0,-15,-11,-19,-17,-25,-21,sil
2.959238052368164,-8,5,-5,26,13,26,7,5,-15,-6,-22,-23,-19,-1,sil
2.9749679565429688,0,1,-2,19,16,26,21,10,-8,2,-15,-25,-11,11,sil
2.9749679565429688,13,-2,9,18,15,25,34,9,26,34,-2,-9,3,25,sil
2.990330219268799,9,-5,-1,13,13,23,40,0,53,57,3,1,21,28,sil
2.990330219268799,-11,-15,-5,0,3,5,32,-1,40,47,-7,-13,15,9,sil
3.00596022605896,-19,-21,-14,-9,-2,1,24,3,16,25,-14,-29,2,2,sil
3.00596022605896,-12,-19,-12,-21,-9,2,9,0,1,5,-10,-17,0,3,sil
3.0216064453125,-10,-14,3,-26,-19,-12,-14,-7,-5,-7,-11,-1,0,-3,sil
3.022605657577514,-2,-5,0,-9,-14,-17,-24,-5,-6,-5,-4,2,6,-2,sil
3.038546085357666,4,2,5,-4,0,0,-16,0,-4,-1,12,9,13,0,sil
3.038546085357666,3,1,0,-14,-5,0,-10,-3,0,0,13,13,6,-4,sil
3.053631544113159,6,4,-4,-5,-12,-12,-12,-3,2,-1,6,12,2,-2,sil
3.053631544113159,10,12,11,2,-2,-4,-13,1,-2,-9,8,13,4,-1,sil
3.068103075027466,9,4,7,-6,0,-2,-2,-1,-6,-15,10,16,2,-3,sil
3.0838987827301025,12,0,11,-3,-2,-13,1,0,3,0,13,22,8,6,sil
3.0838987827301025,15,8,13,15,5,-9,-5,10,21,19,22,21,19,17,sil
3.08426284790039,8,11,0,10,10,0,-13,1,15,9,19,9,13,5,sil
3.1000962257385254,3,11,1,-5,5,-1,-11,-7,-3,-10,7,6,0,-9,sil
3.1000962257385254,5,7,0,0,1,-13,-3,0,0,-5,0,10,-2,-3,sil
3.1167244911193848,8,1,1,6,0,-17,0,6,8,-4,0,8,-4,6,sil
3.1167244911193848,0,-1,-5,-6,4,-6,1,3,-5,-19,-3,-1,-9,-5,sil
3.1317484378814697,-14,0,-14,-11,8,5,7,3,-13,-16,-6,-11,-12,-22,sil
3.1317484378814697,-9,11,1,9,4,11,10,4,-10,-2,-4,-6,-11,-9,sil
3.147812604904175,1,12,2,24,6,14,9,0,-12,0,-1,-4,-9,4,sil
3.147812604904175,0,0,0,15,8,17,14,-3,-23,-4,-8,-11,-8,0,sil
3.161104440689087,-4,0,0,17,5,13,16,-1,-28,-8,-9,-12,-6,0,sil
3.161104440689087,-11,0,-5,22,3,2,9,-2,-19,-5,0,-13,-4,5,sil
3.176542043685913,-17,-8,2,7,0,0,2,0,-8,7,0,-18,-8,-2,sil
3.192568063735962,-6,-6,-3,3,-9,6,1,-2,-1,14,-6,-14,-5,-7,sil
3.192568063735962,2,-4,-3,5,-5,13,0,-8,0,12,-9,-7,-1,4,sil
3.208564281463623,-4,-13,0,-6,3,12,-5,-6,-2,9,-19,-13,-9,8,sil
3.208564281463623,-10,-17,-10,-16,-5,0,-10,-3,-8,5,-27,-15,-14,0,sil
3.22391676902771,-1,-10,1,-16,-18,-7,-6,0,7,7,-12,2,3,3,sil
3.22391676902771,8,-8,3,-15,-10,-4,0,2,36,22,15,14,27,15,sil
3.2418572902679443,8,-4,7,-6,0,-8,-7,1,43,24,19,9,26,13,sil
3.2418572902679443,7,3,8,0,2,-14,-14,0,33,5,2,8,14,4,sil
3.2549424171447754,6,-8,-13,-23,-7,-14,-16,1,17,-8,1,6,15,-3,sil
3.2549424171447754,-2,-16,-10,-45,-19,-15,-20,4,1,-13,13,4,17,-10,sil
3.27095627784729,1,6,0,-20,-6,-8,-5,4,1,-12,20,15,8,-4,sil
3.27095627784729,15,26,7,15,12,2,14,5,6,-13,14,21,-5,1,sil
3.286630153656006,3,16,6,5,9,4,10,2,-5,-21,4,5,-13,-10,sil
3.286630153656006,-8,5,-1,-2,1,-1,-1,-6,-19,-24,0,-7,-10,-16,sil
3.301929950714112,0,7,8,15,5,0,-3,-4,-23,-18,-1,-7,-11,-6,sil
3.301929950714112,-5,0,0,20,7,10,2,1,-22,-12,-16,-15,-21,-5,sil
3.31784725189209,-19,-7,-10,10,5,15,16,1,-13,-5,-28,-24,-25,-11,sil
3.31784725189209,-10,1,3,18,5,20,29,2,1,11,-21,-13,-12,-4,sil
3.335217237472534,1,4,0,26,5,20,30,0,17,29,-5,2,7,14,sil
3.335217237472534,8,-3,4,13,3,9,26,-1,24,30,1,10,15,29,sil
3.349090814590454,12,-8,1,0,-1,-6,12,0,19,23,3,13,15,22,sil
3.349090814590454,11,-4,-1,-7,-4,-16,-9,0,11,17,9,18,17,10,sil
3.3651037216186523,12,7,9,-12,-1,-10,-18,0,4,12,17,22,17,5,sil
3.3651037216186523,6,9,-1,-15,-6,-14,-15,-1,-10,-2,20,13,9,-4,sil
3.38071608543396,-1,1,-1,-16,-11,-24,-21,0,-25,-20,16,3,1,-12,sil
3.38071608543396,5,6,3,-2,0,-17,-21,3,-20,-15,15,4,-1,-4,sil
3.39669132232666,7,10,-1,0,5,-7,-18,-4,-27,-10,7,0,-13,-7,sil
3.39669132232666,-10,1,2,-8,0,-5,-26,-7,-46,-26,-6,-11,-23,-19,sil
3.41289496421814,-10,0,-3,6,1,0,-21,-4,-32,-19,-1,-9,-9,-8,sil
3.41289496421814,2,9,-2,13,7,1,-10,-1,-13,-4,2,-6,-1,1,sil
3.4283695220947266,-6,1,-9,-5,0,3,-9,0,-22,-10,-10,-14,-11,-8,sil
3.4283695220947266,-15,-10,-12,1,1,15,-1,0,-15,-2,-11,-12,-7,-4,sil
3.4436583518981934,-6,0,8,20,11,23,19,3,11,16,-3,-2,4,8,sil
3.4436583518981934,-4,-1,1,11,7,15,31,3,26,13,-10,-9,1,9,sil
3.459169864654541,0,-16,0,2,0,16,30,2,31,11,-15,-7,0,12,sil
3.459169864654541,12,-9,4,15,3,21,27,7,43,24,-2,8,9,17,sil
3.474717855453491,8,1,0,15,6,6,24,7,55,21,0,3,11,15,sil
3.474717855453491,-5,-8,7,-5,-8,-4,12,0,41,3,-16,-12,0,3,sil
3.490829944610596,-7,-20,-6,-19,-21,-6,0,-4,24,0,-21,-16,-3,-10,sil
3.490829944610596,-4,-14,-13,-17,-17,-2,1,-3,55,7,-1,-6,6,-3,sil
3.5060248374938965,-7,-4,-5,-14,-9,0,6,0,84,14,10,3,16,9,sil
3.5060248374938965,-7,-6,-8,-16,-8,-7,-1,-1,25,0,0,6,7,-3,sil
3.5218770503997803,-1,-7,1,-20,-8,-15,-15,-3,-56,-18,-6,5,-1,-17,sil
3.5218770503997803,-1,-2,-1,-20,-5,-14,-17,-3,-61,-18,2,5,1,-12,sil
3.537519216537476,-1,4,-4,-16,0,-14,-17,-4,-38,-9,7,6,1,-9,sil
3.537519216537476,9,14,3,-1,10,-8,-18,-1,-37,-3,9,14,0,-8,sil
3.5527026653289795,19,20,5,12,14,0,-13,0,-29,5,22,20,4,0,sil
3.5527026653289795,17,27,22,15,12,-2,-6,4,-23,1,29,23,4,9,sil
3.568593740463257,18,27,19,22,14,-7,-3,1,-29,-9,23,24,2,8,sil
3.568593740463257,15,12,6,19,7,-4,-8,-2,-26,-15,11,10,0,-3,sil
3.5838968753814697,0,1,6,0,-4,0,-8,0,-18,-18,0,-7,-13,-12,sil
3.5838968753814697,-8,4,0,-1,-2,-6,-1,0,-19,-20,-4,-9,-14,-6,sil
3.5993545055389404,1,13,7,19,2,-5,-4,0,-19,-17,0,-1,-8,0,sil
3.5993545055389404,3,9,4,23,4,11,-4,1,-8,-6,0,-2,-5,2,sil
3.614969968795776,-5,-4,-3,6,4,22,6,-1,-5,2,-15,-14,-7,6,sil
3.614969968795776,-12,-17,-5,-1,3,21,13,-1,-6,5,-23,-23,-11,4,sil
3.6299808025360094,-14,-17,-19,6,2,16,8,1,4,10,-16,-21,-6,-1,sil
3.6299808025360094,-13,-8,-11,4,0,12,14,7,22,17,-16,-12,3,1,sil
3.645953416824341,-14,-15,-11,-13,-8,9,25,5,35,23,-17,-11,3,8,sil
3.645953416824341,-15,-27,-12,-15,-10,5,19,-2,35,22,-7,-12,0,9,sil
3.6614928245544434,-10,-15,2,-4,-9,6,12,-2,28,17,0,-5,5,7,sil
3.6614928245544434,-2,-4,-12,-13,-7,1,15,0,30,14,-1,-5,9,0,sil
3.676586866378784,0,-10,-14,-22,0,-11,5,0,27,8,-5,-4,-1,-3,sil
3.676586866378784,3,-8,0,-4,4,-14,-1,1,16,3,-2,7,-3,3,sil
3.692608594894409,11,1,7,4,0,-10,2,1,14,1,5,16,3,13,sil
3.692608594894409,10,4,11,-7,-6,-14,-7,1,5,-3,5,9,0,3,sil
3.707886934280396,2,0,-1,-8,-5,-18,-25,0,-7,-5,5,2,0,-12,sil
3.707886934280396,8,8,11,0,2,-6,-14,1,1,0,19,14,9,-4,sil
3.723517179489136,19,19,19,4,3,3,0,4,9,-1,26,24,10,10,sil
3.7385733127594,10,13,2,0,-1,-4,-9,-3,-7,-9,8,8,3,2,sil
3.7385733127594,4,9,2,0,2,-7,-23,-6,-14,-4,1,2,6,-10,sil
3.7385733127594,13,17,2,6,11,-3,-11,-2,-1,6,19,16,13,-2,sil
3.7546467781066895,7,14,4,5,4,-4,-5,-2,-4,0,20,13,2,0,sil
3.7546467781066895,-6,0,-1,0,0,-4,-19,-1,-19,-21,-2,-4,-11,-16,sil
3.7698566913604736,-6,0,-9,2,0,0,-23,0,-25,-28,-10,-7,-10,-20,sil
3.7698566913604736,-3,8,7,1,-2,8,-5,0,-24,-18,-1,-1,-4,-6,sil
3.785536050796509,-12,0,-1,-2,0,9,5,0,-21,-11,-4,-9,-4,-7,sil
3.80188512802124,-13,-5,-8,3,5,5,4,3,-20,-11,-14,-12,-3,-13,sil
3.80188512802124,-2,3,2,13,4,10,10,5,-11,-1,-10,-3,7,1,sil
3.80188512802124,1,0,0,11,4,13,20,0,-2,5,-4,-3,12,13,sil
3.816452026367188,-6,-12,0,3,1,9,19,-1,-8,-3,-11,-11,5,3,sil
3.816452026367188,-8,-8,0,6,0,1,20,-2,0,2,-9,-9,7,1,sil
3.832074642181397,-1,-6,3,8,0,4,28,-1,15,20,-3,-3,0,13,sil
3.848701000213623,-10,-16,-6,-6,-7,10,22,0,5,15,-11,-9,-26,6,sil
3.848701000213623,-16,-15,-15,-6,-12,4,7,-1,-1,10,-12,-14,-22,0,sil
3.848701000213623,1,0,8,14,4,6,4,1,15,23,2,-4,7,11,sil
3.863993644714356,7,-4,2,6,8,13,6,2,24,24,5,0,14,16,sil
3.863993644714356,-4,-20,-10,-26,-8,0,-4,0,20,11,-9,-6,2,5,sil
3.879862785339356,0,-14,-2,-28,-14,-20,-15,1,20,5,-12,-2,6,0,sil
3.896523714065552,9,0,-6,-9,-11,-22,-16,0,9,1,0,2,12,-3,sil
3.896523714065552,5,5,3,-14,-11,-11,-19,1,-4,-4,13,9,4,-5,sil
3.896523714065552,6,7,5,-16,-2,-7,-17,2,1,-3,21,19,-1,-1,sil
3.909609794616699,12,16,2,-6,4,-14,-12,-4,5,-7,22,24,-3,0,sil
3.9255857467651367,13,25,8,0,10,-9,-9,-4,0,-14,22,24,-8,-6,sil
3.9255857467651367,18,25,4,10,15,-3,-6,0,0,-12,25,23,-15,-4,sil
3.940603733062744,20,19,9,15,6,-15,-14,2,-7,-23,7,19,-35,-3,sil
3.940603733062744,4,16,3,16,5,-16,-19,1,-20,-37,-11,9,-61,-9,sil
3.956603765487671,0,15,4,32,19,10,-5,0,-13,-17,-1,1,-51,-2,sil
3.956603765487671,-1,-2,11,25,13,28,13,0,-1,10,-1,-9,3,4,sil
3.972759962081909,-19,-28,-13,-7,-5,15,25,0,-6,9,-31,-30,39,-1,sil
3.972759962081909,-22,-17,-13,-6,-3,9,26,2,-7,3,-32,-32,33,0,sil
3.988200664520264,-1,3,0,16,2,18,19,8,6,20,0,-12,34,14,sil
3.988200664520264,2,-6,-5,5,-8,14,11,4,11,26,8,-6,40,13,sil
4.003711462020874,-7,-19,-6,-13,-23,1,1,-4,3,10,-9,-18,25,0,sil
4.003711462020874,-18,-20,-17,-18,-23,-4,-2,-8,6,5,-19,-26,8,-10,sil
4.025214910507202,-28,-28,-16,-28,-13,-4,0,0,13,9,-19,-23,1,-14,sil
4.0262110233306885,-22,-19,-3,-17,-2,-5,1,1,6,5,-6,-7,2,-8,sil
4.0262110233306885,7,11,9,12,7,-8,-5,-2,1,-6,13,18,9,6,sil
4.034923076629639,25,20,19,9,16,-2,-8,0,3,-15,17,33,9,12,sil
4.050325393676758,14,2,0,-16,7,0,-10,0,-4,-6,12,23,6,4,sil
4.050325393676758,2,0,0,-16,-4,-9,-17,-5,-21,0,14,12,1,0,sil
4.066102981567383,0,6,2,-3,-1,-10,-12,-4,-18,-14,10,9,-10,-6,sil
4.066102981567383,-3,4,-5,-10,1,-10,-6,0,-8,-23,-1,1,-23,-19,sil
4.563677072525024,-11,-9,-1,2,-2,1,17,1,-2,3,-11,-2,-4,12,sil
4.5806286334991455,-6,-16,-3,-15,-4,-1,8,4,11,9,1,0,12,16,sil
4.5806286334991455,3,-14,-1,-18,-11,0,-2,2,5,5,2,1,9,8,sil
4.5806286334991455,1,-3,-1,-14,-13,-3,-3,1,1,9,-2,0,1,6,sil
4.5958092212677,2,-1,4,-16,-12,-6,0,2,10,9,0,5,3,11,sil
4.5958092212677,11,-2,-2,-12,-8,-4,1,0,10,-6,3,19,9,10,sil
4.6105358600616455,8,5,4,-3,-1,-2,3,0,1,-16,14,26,13,3,sil
4.6255974769592285,6,9,7,0,2,-5,6,1,2,-9,19,21,13,0,sil
4.6255974769592285,13,3,-1,0,2,-11,3,-2,12,-4,11,15,14,0,sil
4.641716718673706,6,2,0,-5,1,-8,-1,-2,23,2,11,13,21,0,sil
4.641716718673706,-7,4,-7,-2,1,-5,-2,3,27,14,16,4,18,-7,sil
4.657063007354736,-3,7,4,5,5,-7,-5,7,12,5,6,0,1,-14,sil
4.657063007354736,4,11,6,0,8,-5,-11,0,-2,-8,1,3,-4,-18,sil
4.672592878341675,-2,5,-9,-5,0,0,-14,-5,-8,-9,6,1,-10,-15,sil
4.672592878341675,-8,4,1,2,-4,1,-13,0,-13,-10,0,0,-19,-10,sil
4.687845468521118,-3,6,-1,7,0,0,-3,1,-15,-12,-2,-1,-14,-7,sil
4.687845468521118,1,4,0,0,0,-6,1,0,-11,-6,4,0,-5,-1,sil
4.70410943031311,0,6,7,9,0,-5,-3,-1,-8,0,9,3,-1,3,sil
4.70410943031311,-6,7,-6,19,2,0,-7,-2,-11,1,0,-4,-5,0,sil
4.719603061676025,-2,-3,1,11,0,8,-3,0,-22,0,-18,-23,-21,-5,sil
4.719603061676025,0,-14,3,6,1,17,5,0,-20,0,-23,-27,-17,3,sil
4.735292911529541,-1,-9,-1,8,6,18,11,-3,-13,1,-9,-13,6,15,sil
4.735292911529541,0,-1,1,8,3,11,10,-1,-14,3,-4,-6,4,5,sil
4.750988245010376,0,-6,-3,6,-3,3,8,0,-9,2,-21,-19,-15,-2,sil
4.750988245010376,-2,-11,1,-2,-1,7,8,2,5,2,-32,-21,-17,1,sil
4.766218185424805,-5,-12,-7,-14,4,15,9,5,11,9,-19,-11,0,5,sil
4.766218185424805,-1,-8,-8,-11,0,10,10,0,13,17,-7,-4,11,8,sil
4.782743215560913,7,0,6,0,-3,3,17,0,26,19,-3,2,20,16,sil
4.782743215560913,10,-1,0,-1,2,-3,15,4,33,11,9,16,24,20,sil
4.798294305801392,1,-7,-2,-19,0,-15,-1,1,19,-1,22,26,16,6,sil
4.798294305801392,-4,-7,-6,-26,-8,-21,-15,-5,6,-5,19,15,6,-13,sil
4.813915491104126,-4,1,-7,-10,-7,-22,-20,-5,2,-8,13,2,3,-18,sil
4.813915491104126,2,17,8,0,-2,-14,-18,0,2,-14,15,19,4,-3,sil
4.829965114593506,11,22,3,-2,2,-7,-8,0,0,-10,23,32,6,0,sil
4.829965114593506,9,19,7,5,4,-7,-5,-1,-3,-2,30,22,5,-6,sil
4.845775842666626,7,20,17,17,-1,-8,-11,2,-5,-2,24,13,0,-1,sil
4.845775842666626,9,14,9,11,0,1,-7,1,-6,-8,5,7,-9,4,sil
4.8606953620910645,-1,0,-3,5,9,14,-3,0,-7,-9,-2,-3,-13,-2,sil
4.8606953620910645,-11,-11,-7,13,3,12,-4,1,-6,-1,-9,-12,-14,-5,sil
4.876181602478027,-6,-13,5,11,0,11,5,0,-10,6,-25,-21,-14,1,sil
4.876181602478027,-10,-16,-5,0,2,18,24,-2,-10,7,-27,-27,-8,3,sil
4.892038583755493,-19,-22,-16,-18,-9,14,24,-3,-1,4,-20,-23,-2,2,sil
4.892038583755493,-7,-20,-5,-29,-21,0,6,-2,6,1,-27,-19,-3,-1,sil
4.908113479614258,7,-8,-4,-23,-13,-15,0,-2,4,-2,-22,-5,2,-4,sil
4.908113479614258,6,7,0,-8,3,-18,1,3,0,-12,6,17,15,-6,sil
4.923808574676514,4,18,0,4,12,-6,0,6,-3,-10,24,20,17,-4,sil
4.923808574676514,5,20,2,20,10,1,-2,0,-6,5,17,6,5,-3,sil
4.9388978481292725,0,16,10,28,6,3,-10,0,-19,1,3,-3,-10,-10,sil
4.9388978481292725,-14,1,-2,22,6,7,-13,0,-29,-9,-4,-13,-19,-8,sil
4.955140829086304,-15,-8,0,15,3,18,3,-2,-10,6,-9,-11,-11,8,sil
4.955140829086304,-5,-10,2,14,0,17,22,0,24,32,-6,-1,3,15,sil
4.970618963241577,4,-7,-5,3,1,-2,12,0,31,25,0,-2,4,4,sil
4.970618963241577,7,-2,0,-18,-3,-18,-9,0,12,1,0,-3,0,-4,sil
4.986093044281006,6,-6,-5,-33,-14,-23,-16,0,13,-3,4,1,6,0,sil
4.986093044281006,12,-6,3,-25,-13,-22,-11,1,25,0,14,17,17,7,sil
5.001832962036133,19,12,13,-7,0,-13,-8,3,12,-4,22,32,15,11,sil
5.001832962036133,18,20,4,-1,3,-11,-8,1,-4,-13,22,26,8,10,sil
5.017532110214233,11,13,13,-1,-2,-8,-9,2,-9,-19,15,14,4,2,sil
5.017532110214233,4,11,2,11,5,8,-3,-1,-10,-15,4,2,1,0,sil
5.033134460449219,-1,9,-6,21,18,21,0,-4,-11,0,-1,-8,-2,6,sil
5.033134460449219,-8,-5,-2,11,8,18,1,2,-6,2,-6,-16,-8,1,sil
5.048770904541016,-18,-20,-15,0,-2,14,9,1,-10,-1,-22,-27,-19,-13,sil
5.048770904541016,-28,-16,-11,2,0,21,16,-5,-23,1,-41,-39,-33,-23,sil
5.06375527381897,-26,-14,-13,0,2,17,20,-3,-12,4,-37,-34,-27,-21,sil
5.06375527381897,-12,-20,-14,-13,-3,3,20,1,11,6,-19,-13,-3,-10,sil
5.079035043716431,-2,-13,-2,-14,-3,1,15,-1,23,14,-4,2,12,6,sil
5.094909429550171,0,0,-1,-1,-3,-3,2,-4,18,14,5,7,14,15,sil
5.094909429550171,10,8,12,0,-5,-14,-8,5,14,6,8,16,15,12,sil
5.094909429550171,22,7,14,-1,-2,-11,-5,6,21,9,18,26,22,13,sil
5.109978199005127,20,2,7,-3,-2,-12,-9,-4,10,0,29,28,20,19,sil
5.109978199005127,13,9,9,-8,-4,-21,-23,-6,-20,-18,27,28,4,7,sil
5.125511169433594,12,19,7,7,1,-16,-22,0,-33,-17,21,21,-2,-9,sil
5.126510381698608,9,26,17,21,11,1,-14,1,-21,-11,19,13,-2,-7,sil
5.140650987625122,0,18,7,16,14,13,-3,0,-13,-11,7,3,-5,-3,sil
5.140650987625122,-13,0,-4,15,9,21,16,0,-10,-4,-16,-17,-14,-11,sil
5.156179189682007,-19,-9,0,10,0,29,25,6,-4,6,-29,-29,-11,-9,sil
5.172721147537232,-10,-12,-13,-2,-7,9,16,2,5,8,-19,-20,2,3,sil
5.172721147537232,-2,-14,-9,-14,-7,-13,3,-3,14,3,-19,-14,4,0,sil
5.172721147537232,-5,-10,-6,-21,-9,-16,-5,-1,17,0,-21,-16,-5,-11,sil
5.188592672348023,-3,-3,-12,-25,-13,-19,-15,1,12,-5,0,0,-4,-9,sil
5.20270299911499,-1,2,-1,-16,-9,-19,-16,5,0,-15,12,15,2,-3,sil
5.20270299911499,-6,2,-5,0,-1,-13,-11,0,-17,-18,9,4,-2,-10,sil
5.20270299911499,-5,0,0,-2,0,-10,-10,-3,-25,-11,14,-4,-7,-13,sil
5.218875885009766,4,0,4,-2,-1,1,-6,1,-7,0,18,6,0,0,sil
5.2372095584869385,10,0,0,16,11,20,9,5,10,15,11,11,8,12,sil
5.2372095584869385,1,4,10,24,22,25,21,1,10,21,2,0,5,7,sil
5.250926733016968,-11,0,0,13,9,16,13,0,7,20,-7,-16,-1,0,sil
5.250926733016968,-11,-14,-5,-1,-3,10,0,0,3,13,-22,-21,-10,4,sil
5.250926733016968,0,-16,0,-12,0,8,8,-1,10,8,-23,-11,-7,15,sil
5.266868829727173,16,-1,6,-4,0,5,19,-1,29,18,0,6,9,28,sil
5.266868829727173,27,4,11,14,-5,0,12,0,28,23,11,19,12,26,sil
5.28098726272583,15,0,-4,15,-9,-14,1,-5,6,1,-12,7,-4,9,sil
5.298938751220703,1,4,0,-2,-3,-14,-1,-4,1,-7,-4,4,-1,4,sil
5.298938751220703,9,7,9,-12,5,-2,0,1,12,7,31,14,19,4,sil
5.314865112304688,9,0,-2,-15,1,-11,-6,0,4,-1,17,7,16,-7,sil
5.314865112304688,-5,7,-1,-11,-5,-22,-23,-3,-23,-28,-2,4,0,-19,sil
5.329321384429932,-8,16,-1,2,1,-12,-28,0,-31,-25,21,15,6,-17,sil
5.329321384429932,-8,8,-2,1,2,-3,-23,0,-19,-14,23,7,12,-15,sil
5.343946933746338,-14,1,-4,-1,-1,0,-22,4,-15,-20,0,-5,-1,-20,sil
5.343946933746338,-13,3,-5,6,8,6,-12,0,-23,-28,-17,-6,-21,-19,sil
5.35908317565918,-5,7,11,15,13,19,3,-5,-20,-21,-19,-9,-23,-7,sil
5.35908317565918,0,3,4,19,8,22,10,0,-4,5,-11,-14,-9,5,sil
5.3743650913238525,0,-6,-4,12,9,12,13,5,0,16,-21,-18,-9,3,sil
5.3743650913238525,-9,-13,-6,-7,0,10,27,0,0,2,-29,-15,-10,1,sil
5.3895344734191895,-9,-18,-10,-21,-13,13,38,-4,22,11,-6,-5,6,14,sil
5.3895344734191895,0,-14,3,-17,-10,0,26,4,31,24,-8,-7,4,15,sil
5.404697179794312,2,-10,-1,-17,-11,-22,1,3,8,2,-17,-10,-8,-8,sil
5.404697179794312,2,-8,-9,-22,-15,-25,-14,-2,-12,-19,13,9,-1,-16,sil
5.4199206829071045,7,4,7,-2,-3,-5,-12,1,-14,-12,36,24,2,-1,sil
5.4199206829071045,6,17,9,30,13,10,4,3,-11,5,19,10,0,7,sil
5.436002016067505,0,4,10,26,13,15,12,2,-8,16,0,-4,0,6,sil
5.436002016067505,-2,-10,0,3,0,15,12,3,14,28,-3,-11,1,6,sil
5.451584815979004,5,-2,-2,0,-10,6,11,1,41,34,7,-7,10,9,sil
5.451584815979004,15,5,5,2,-8,-9,-3,0,30,20,15,8,20,13,sil
5.466978788375855,15,0,-6,-3,-5,-23,-26,-1,7,3,12,21,23,17,sil
5.466978788375855,10,1,-3,-17,-8,-15,-36,-1,5,-3,12,22,21,9,sil
5.482846975326538,0,6,-1,-19,-4,-4,-26,-4,-5,-9,11,8,5,-9,sil
5.482846975326538,-5,5,-8,-4,3,-7,-17,-5,-26,-19,0,-3,-20,-24,sil
5.498943328857422,-7,9,0,1,8,-5,-13,2,-23,-27,-9,-7,-27,-20,sil
5.498943328857422,-11,12,-1,1,8,4,-4,1,-5,-18,-2,-6,-9,-8,sil
5.514178514480591,-13,0,4,12,11,14,10,-1,0,0,-3,-2,-2,0,sil
5.514178514480591,-9,-9,0,21,7,16,21,0,0,10,-25,-7,-7,7,sil
5.529850006103516,-6,-8,-5,5,-6,4,8,1,2,0,-26,-13,-3,10,sil
5.529850006103516,-4,-7,3,-15,-8,-6,-6,0,6,-2,0,0,4,4,sil
5.545938014984131,6,-8,-6,-10,0,-12,6,-1,9,5,9,7,10,4,sil
5.545938014984131,19,0,0,-1,-3,-14,13,-2,11,-2,7,4,16,12,sil
5.562030076980591,13,8,8,-6,-7,-11,-1,-1,6,-12,13,11,18,2,sil
5.562030076980591,-2,6,0,0,4,-6,-11,0,-13,-15,8,7,-1,-17,sil
5.577940464019775,-12,1,0,12,8,1,-4,1,-33,-20,-8,-14,-26,-26,sil
5.577940464019775,-18,-1,-10,8,7,16,6,1,-24,-15,-22,-26,-24,-20,sil
5.59306001663208,-8,3,1,16,16,22,22,2,-3,7,-20,-13,-5,-5,sil
5.59306001663208,11,11,19,38,19,21,31,4,15,31,-1,0,7,12,sil
5.6085827350616455,10,-1,1,17,3,11,21,0,22,37,7,-4,7,18,sil
5.6085827350616455,1,-12,-1,-20,-10,4,2,-1,15,16,-4,-6,0,13,sil
5.623934030532837,6,-7,-2,-22,-13,0,-5,1,10,-5,-10,5,0,5,sil
5.623934030532837,7,-6,-2,-24,-14,-11,-15,0,6,-11,0,13,2,-2,sil
5.639948129653931,0,-3,2,-35,-15,-18,-21,-2,0,-2,18,19,6,-3,sil
5.639948129653931,4,6,1,-20,-6,-15,-15,-4,-5,1,29,22,10,0,sil
5.655167818069458,4,12,10,0,1,-9,-13,-1,-19,-8,20,16,4,-6,sil
5.655167818069458,-4,10,-1,12,2,-3,-8,-1,-26,-11,9,0,-5,-14,sil
5.67008113861084,-5,4,-6,21,3,8,6,0,-7,2,8,-6,-6,3,sil
5.67008113861084,3,0,8,25,4,21,15,7,9,12,0,-1,0,20,sil
5.685608386993408,1,-7,0,22,6,20,19,1,4,4,-13,-6,-4,9,sil
5.685608386993408,-9,-16,-6,5,3,10,20,-4,-6,-2,-25,-24,-17,-3,sil
5.70118260383606,-18,-23,-19,-15,-4,-1,11,-2,0,0,-29,-29,-14,1,sil
5.717142820358276,-16,-19,-15,-25,-7,-8,-1,-2,16,8,-18,-13,4,9,sil
5.717142820358276,-1,-6,2,-19,-9,-6,-7,0,23,11,-2,4,16,5,sil
5.717142820358276,6,0,-2,-8,-15,-8,-17,0,14,2,3,6,9,-1,sil
5.732758283615112,2,4,0,-8,-9,-17,-28,0,0,-11,6,5,-2,-7,sil
5.732758283615112,5,14,5,-4,6,-16,-21,-2,-4,-7,14,11,3,-7,sil
5.74890398979187,17,22,6,9,9,-7,-6,0,1,0,21,19,18,0,sil
5.74890398979187,16,21,12,10,6,-4,-4,4,2,-7,21,25,18,-2,sil
5.763844966888428,6,14,1,2,13,-6,-3,3,4,-1,16,19,8,-8,sil
5.763844966888428,0,4,0,3,16,2,-2,0,8,8,5,-1,0,-11,sil
5.778612852096558,-9,-1,0,9,5,7,-5,0,0,0,0,-18,-5,-9,sil
5.793979167938232,-4,7,2,18,0,-3,-5,1,-16,-8,3,-6,-6,1,sil
5.793979167938232,5,17,12,25,4,-3,-4,3,-29,-10,1,10,-7,6,sil
5.809547662734985,0,2,-1,14,0,5,0,2,-27,-16,-13,-5,-13,0,sil
5.809547662734985,-6,-13,-3,0,-9,9,8,-3,-21,-10,-28,-23,-18,-4,sil
5.8248610496521,-8,-16,-4,0,-2,15,18,-8,-15,0,-27,-14,-16,-8,sil
5.8248610496521,-13,-17,-7,-2,3,21,19,-3,-4,1,-11,-4,-7,-5,sil
5.841310262680054,-1,-11,2,-6,-2,22,22,6,3,6,1,-3,2,7,sil
5.841310262680054,8,-9,0,-4,-3,10,28,1,2,15,0,0,4,18,sil
5.841310262680054,-4,-15,-1,-8,-3,0,29,-3,17,14,-5,0,0,14,sil
5.855397701263428,-9,-10,-3,-10,-6,5,24,1,48,21,-1,-6,6,8,sil
5.871263742446899,8,0,2,1,-1,3,6,2,53,35,14,2,23,10,sil
5.871263742446899,20,4,13,2,3,-14,-9,0,27,24,26,23,28,17,sil
5.88696813583374,13,0,-5,-17,0,-23,-11,-5,3,-7,9,21,11,14,sil
5.88696813583374,0,0,-7,-30,-8,-22,-20,-6,-10,-30,-18,-1,-9,-6,sil
5.904902458190918,-11,1,-3,-25,-13,-22,-29,-1,-19,-26,-18,-12,-9,-29,sil
5.904902458190918,-16,0,-17,-23,-12,-17,-28,0,-27,-26,-6,-9,-11,-37,sil
5.904902458190918,-10,5,-2,-15,-6,-7,-30,2,-35,-39,-4,-4,-26,-27,sil
5.918686866760254,1,17,8,8,-2,-7,-25,0,-26,-31,10,2,-17,-12,sil
5.9347450733184814,5,19,11,18,4,1,-6,-4,-16,-7,15,2,-2,-8,sil
5.9347450733184814,0,15,11,25,21,21,7,1,-11,1,-2,-8,-10,-4,sil
6.513131141662598,-7,7,5,26,9,15,0,6,-17,-20,-14,-10,-22,-13,sil
6.513131141662598,-14,-5,-8,16,5,14,7,7,3,4,-9,-15,-6,-8,sil
6.528650283813477,-7,-13,-5,9,5,27,32,5,23,31,-3,-9,8,2,sil
6.528650283813477,-10,-12,2,11,7,30,38,2,8,18,-21,-15,-6,-2,sil
6.544783353805542,-17,-14,-11,4,0,10,16,-2,-12,4,-34,-25,-12,-4,sil
6.544783353805542,-11,-16,-5,0,-4,10,12,-2,-6,15,-17,-18,5,7,sil
6.559924840927124,-4,-14,0,-2,3,21,27,0,16,21,0,-6,13,16,sil
6.559924840927124,-3,-8,-1,-12,0,6,11,-2,25,10,-2,-3,9,20,sil
6.575518846511841,-2,-6,3,-21,-12,-12,-14,-5,21,5,-1,-1,11,15,sil
6.575518846511841,0,-6,0,-19,-7,-14,-9,0,17,9,11,3,11,4,sil
6.591921091079712,3,-6,1,-18,-8,-15,-6,4,10,3,8,10,5,0,sil
6.591921091079712,8,-7,-9,-26,-20,-24,-23,-1,4,-8,0,14,5,0,sil
6.606673002243042,5,-4,-12,-37,-19,-28,-29,-5,-6,-14,1,11,0,-3,sil
6.622725009918213,0,3,-1,-27,-7,-21,-23,-4,-28,-19,1,6,-14,-15,sil
6.622725009918213,-1,9,-2,-7,0,-13,-16,-3,-26,-18,9,6,-9,-15,sil
6.622725009918213,7,14,11,-6,2,-2,-9,0,0,-6,27,15,5,-4,sil
6.637544631958008,14,18,9,0,9,6,-1,1,3,-3,21,10,4,-1,sil
6.637544631958008,7,20,3,28,16,7,2,4,-7,-13,0,-2,-7,-7,sil
6.651617765426636,1,19,9,41,16,7,6,4,-5,-4,3,-1,-4,-2,sil
6.666756868362427,6,13,3,38,12,7,4,-1,0,13,17,7,3,7,sil
6.666756868362427,5,4,8,30,11,11,2,0,-4,13,5,4,1,10,sil
6.682765960693359,-3,-5,-2,15,9,19,16,4,2,8,-10,-6,-1,6,sil
6.682765960693359,-6,-10,-8,14,10,17,29,-1,16,14,-4,-9,-1,4,sil
6.698654890060425,-4,-3,10,23,9,10,23,-2,15,16,-2,-2,0,10,sil
6.698654890060425,-12,-9,-5,3,-9,4,14,-1,4,3,-21,-9,0,7,sil
6.713710784912109,-16,-27,-10,-30,-21,3,6,-3,1,-9,-35,-23,-7,-4,sil
6.713710784912109,-2,-19,0,-28,-6,0,1,3,16,1,-9,-5,-3,-2,sil
6.729657173156738,14,5,1,-3,1,-13,-1,9,27,15,27,28,24,7,sil
6.729657173156738,6,12,4,-1,-1,-21,-12,5,8,1,23,24,26,-1,sil
6.7455360889434814,-6,4,-3,-13,0,-15,-23,-3,-18,-22,-3,-6,-8,-21,sil
6.7455360889434814,0,6,2,-8,0,-6,-19,-7,-30,-30,-7,-13,-18,-23,sil
6.761008024215698,0,4,1,5,0,0,-2,-3,-28,-16,-5,-7,-6,-13,sil
6.761008024215698,-11,-8,-14,6,-4,2,5,1,-22,-9,-25,-20,-23,-5,sil
6.776537895202637,-9,-14,-5,-7,-15,6,9,4,-15,-6,-39,-27,-34,0,sil
6.776537895202637,-1,-16,-8,-20,-9,8,12,0,-1,12,-24,-18,-7,7,sil
6.793061017990112,-6,-16,-8,-21,-7,-4,-6,-4,4,11,-13,-12,6,3,sil
6.793061017990112,-5,-4,0,-16,-19,-17,-27,-4,1,-15,-5,-4,-3,-7,sil
6.808508634567261,9,6,-1,-14,-9,-12,-16,0,9,-5,21,11,7,0,sil
6.808508634567261,23,16,13,-6,13,-2,-6,1,21,19,48,31,34,15,sil
6.823940277099609,16,25,18,17,17,0,-9,-1,12,10,45,33,30,12,sil
6.823940277099609,-3,12,0,37,18,9,1,-3,-8,0,19,11,0,0,sil
6.839984893798828,-5,-1,-7,31,19,22,22,3,-10,15,0,-2,-12,1,sil
6.839984893798828,9,3,10,17,11,22,30,8,10,25,0,8,3,21,sil
6.855884075164795,6,9,17,11,8,13,23,1,25,21,7,14,22,22,sil
6.855884075164795,-2,0,-10,4,3,-5,5,-4,19,14,0,1,18,5,sil
6.8719024658203125,2,-2,-5,-9,-7,-21,-8,-2,6,0,-5,2,-6,3,sil
6.8719024658203125,5,-1,7,-8,-10,-15,-10,0,0,-18,4,12,-12,2,sil
6.887348890304565,3,-3,-2,-2,-3,-6,-15,-4,-9,-24,14,9,5,-12,sil
6.887348890304565,2,2,7,-7,0,-8,-24,-5,-23,-23,-1,0,-5,-24,sil
6.902641773223877,-8,3,-2,-6,-1,-4,-20,-2,-26,-21,-15,-16,-35,-22,sil
6.902641773223877,-16,-5,-11,1,0,11,-1,1,-13,-14,-15,-25,-22,-11,sil
6.917905569076538,-4,0,0,8,9,25,20,8,4,4,-11,-17,15,2,sil
6.917905569076538,2,-2,-3,4,7,17,27,8,17,16,-10,-5,19,14,sil
6.9338672161102295,1,-26,1,-20,-12,-2,15,2,18,6,-21,0,-9,15,sil
6.9338672161102295,0,-18,-3,-31,-20,-16,3,0,9,-7,-23,2,-8,3,sil
6.949860095977783,0,9,-11,-15,-11,-21,-6,1,-8,-15,8,5,16,-7,sil
6.949860095977783,0,3,1,-12,-8,-17,-17,5,-21,-14,29,8,6,-14,sil
6.964570760726929,-8,-6,-2,-9,-5,-7,-13,0,-26,-9,8,-3,-17,-17,sil
6.964570760726929,-19,12,-3,14,5,8,-2,-6,-30,-8,-6,-16,-13,-15,sil
6.980668544769287,-13,10,0,33,15,18,6,-1,-16,0,-1,-13,-12,-7,sil
6.980668544769287,0,-11,7,23,7,16,10,3,3,16,-2,-3,-17,0,sil
6.996622085571289,-5,-4,8,8,-3,16,8,1,6,20,-11,-5,-2,0,sil
6.996622085571289,-10,5,-5,14,1,12,7,-5,19,21,-15,-12,8,6,sil
7.01166558265686,11,-3,9,15,7,3,10,-3,44,30,3,0,14,20,sil
7.01166558265686,19,-7,7,-4,-4,-1,6,2,39,34,21,15,22,27,sil
7.026837110519409,0,-8,-14,-26,-12,-9,-3,0,17,22,-2,6,10,23,sil
7.026837110519409,0,-7,-2,-27,0,-16,-3,0,16,4,-12,0,10,13,sil
7.042889356613159,18,8,4,-13,10,-15,0,2,19,-7,17,15,32,2,sil
7.042889356613159,21,24,5,0,5,-13,-9,0,-1,-19,20,22,14,-4,sil
7.058800935745239,10,16,0,2,1,-11,-14,-1,-25,-27,4,11,-17,-5,sil
7.058800935745239,6,8,-6,4,6,-7,-9,-3,-25,-23,15,5,-5,-5,sil
7.073567867279053,6,17,4,14,11,-1,-7,-1,-19,-20,16,6,4,-8,sil
7.073567867279053,-1,8,-2,18,6,0,-6,1,-21,-21,-1,-3,-13,-16,sil
7.089605093002319,-12,-8,-1,5,-5,0,-5,1,-22,-12,-7,-9,-19,-17,sil
7.089605093002319,-5,-5,7,7,-1,10,1,1,-10,7,-1,0,-7,-4,sil
7.104814052581787,0,0,2,20,4,16,13,3,-1,12,-5,0,-4,8,sil
7.104814052581787,-6,-7,3,7,-4,14,14,0,-1,0,-18,-18,-10,2,sil
7.12028169631958,-13,-18,-9,-16,-14,5,11,-5,0,2,-22,-20,-10,-1,sil
7.12028169631958,-15,-19,-17,-29,-13,-1,3,-3,3,7,-19,-10,-8,2,sil
7.135934591293335,-6,-5,-5,-24,-5,-4,-8,1,5,0,-4,-2,6,4,sil
7.135934591293335,10,7,3,-9,1,-9,-14,-2,12,-1,16,13,25,7,sil
7.151594400405884,9,7,13,-8,-3,-14,-20,-1,10,0,23,25,14,4,sil
7.151594400405884,0,3,3,-11,-5,-11,-22,1,-2,-7,16,11,-6,-11,sil
7.167337894439697,0,7,4,7,8,1,-7,-1,-9,-13,5,-4,-12,-20,sil
7.182994365692139,-7,2,11,18,10,12,5,-2,-12,-9,-13,-7,-15,-10,sil
7.182994365692139,-16,-12,-5,6,2,19,11,0,-10,5,-15,-13,-11,1,sil
7.182994365692139,-10,-12,-5,4,4,23,23,4,1,19,-1,-15,0,4,sil
7.198635816574097,-8,-10,-4,12,0,15,24,1,14,16,-8,-10,2,4,sil
7.198635816574097,-5,-17,-5,1,-11,2,13,-2,13,4,-22,-10,-1,6,sil
7.213704824447632,5,-10,1,-5,-6,6,19,0,12,7,-13,-9,6,10,sil
7.213704824447632,8,0,-7,-2,1,4,25,6,21,12,-1,0,15,9,sil
7.230148077011108,6,5,-2,-6,0,-12,9,8,24,3,2,11,10,8,sil
7.230148077011108,16,13,2,-4,1,-16,-2,4,21,0,20,17,13,12,sil
7.24523401260376,20,19,1,0,5,-12,-9,1,13,2,30,20,24,13,sil
7.24523401260376,12,18,5,-4,3,-18,-22,0,-4,-5,20,25,18,0,sil
7.261958837509155,12,17,0,3,3,-26,-28,-9,-19,-10,13,17,0,-11,sil
7.261958837509155,12,16,6,18,0,-19,-25,-7,-30,-10,8,1,-8,-14,sil
7.276031970977783,1,11,2,15,-3,-4,-19,1,-37,-15,-2,-3,-11,-11,sil
7.276031970977783,-4,10,-1,13,6,8,-8,0,-33,-15,-5,-3,-18,-5,sil
7.292663097381592,-7,0,8,18,14,17,4,-1,-14,0,-5,-6,-15,-4,sil
7.292663097381592,-12,-23,-5,7,2,14,14,1,8,15,-10,-13,-6,-5,sil
7.307576656341553,-18,-30,-7,-13,-8,7,12,0,13,10,-14,-20,-7,0,sil
7.307576656341553,-22,-18,-10,-19,-8,7,4,-1,14,2,-19,-25,-8,0,sil
7.323702335357666,-13,-10,-14,-17,-5,6,0,0,26,8,-14,-12,1,-1,sil
7.323702335357666,1,-6,4,-20,-5,-1,0,0,24,8,0,7,10,6,sil
7.338617324829102,2,-5,2,-22,-11,-14,-5,-1,-5,-9,1,9,6,7,sil
7.338617324829102,5,2,6,-15,-12,-15,-10,-5,-23,-28,3,10,2,-2,sil
7.354868173599243,21,16,16,-7,0,-5,-5,-1,-9,-20,24,24,7,-2,sil
7.354868173599243,18,18,5,-7,12,0,-2,3,1,0,33,23,6,3,sil
7.369992256164551,-1,13,3,2,10,6,-3,3,-6,1,9,0,-8,0,sil
7.384544372558594,-12,4,0,21,7,12,0,0,-14,-8,-11,-22,-23,-9,sil
7.384544372558594,-13,-6,-2,15,9,13,6,0,-11,-4,-16,-24,-29,-8,sil
7.399896621704102,-10,-4,-7,11,9,12,14,-1,-8,5,-18,-11,-18,0,sil
7.399896621704102,-7,0,-11,29,1,11,20,-2,-6,10,-22,-10,3,1,sil
7.416744232177734,-4,-4,5,32,0,15,25,0,10,20,-13,-11,18,-1,sil
7.416744232177734,1,-6,0,13,8,12,26,2,36,31,3,1,21,3,sil
7.430947780609131,0,-4,-4,-8,-1,-9,5,1,29,12,3,8,11,7,sil
7.430947780609131,-4,-8,-1,-18,-19,-19,-15,1,7,-11,-1,0,0,0,sil
7.446568250656128,-1,-8,-5,-7,-11,-2,-1,0,10,1,2,-4,5,5,sil
7.446568250656128,3,-3,6,-2,0,2,8,1,18,18,3,1,13,16,sil
7.462774753570557,10,-4,2,-12,-7,-11,-7,2,4,5,5,12,13,11,sil
7.462774753570557,19,3,0,-11,-10,-16,-17,0,-12,-11,16,22,10,4,sil
7.478533983230591,17,14,5,-2,-4,-10,-14,0,-11,-17,12,17,2,0,sil
7.478533983230591,9,11,0,-8,1,-16,-16,1,8,-9,7,13,0,-4,sil
7.494548797607422,14,7,9,-14,5,-16,-17,2,18,0,17,23,9,1,sil
7.494548797607422,14,9,5,-4,2,-5,-16,-2,-2,-4,19,18,8,5,sil
7.510571718215942,2,10,0,7,1,-1,-14,-9,-29,-15,9,0,-10,-9,sil
7.510571718215942,-7,8,0,9,3,0,-9,-7,-35,-13,2,-3,-17,-16,sil
7.525628566741943,-16,-1,-7,3,2,4,-1,-6,-35,-9,-10,-8,-9,-6,sil
7.525628566741943,-15,-5,1,10,5,13,5,-1,-30,-10,-19,-14,-10,-1,sil
7.540719985961914,-2,0,2,23,13,19,15,6,-3,0,-5,-12,-8,1,sil
7.540719985961914,0,-1,-1,17,8,17,18,7,15,14,-1,-14,-1,2,sil
7.556386947631836,-10,-6,0,1,0,15,10,4,13,14,-18,-22,-7,-6,sil
7.556386947631836,-16,-13,-13,-1,2,12,9,1,15,9,-29,-26,-17,-11,sil
7.571934700012207,-18,-20,-8,-7,0,8,16,0,23,12,-21,-22,-8,-1,sil
7.571934700012207,-13,-17,-8,-15,-9,1,19,1,19,21,-8,-13,5,4,sil
7.587571144104004,-2,-10,-8,-12,-12,-2,7,-3,1,9,-11,-9,2,1,sil
7.587571144104004,0,-5,5,-9,-9,-3,1,-6,-8,-7,-16,-1,-2,3,sil
7.602587699890137,7,2,0,-12,-6,-8,4,-1,0,-6,1,15,3,9,sil
7.602587699890137,15,11,-1,-14,-9,-22,-6,0,3,-8,17,20,3,2,sil
7.618542671203613,6,7,-2,-14,-9,-29,-19,0,-1,-18,8,11,-1,-8,sil
7.618542671203613,0,1,0,-13,-2,-17,-19,0,1,-13,12,17,8,-4,sil
7.634062767028809,8,10,9,-6,2,-2,-22,0,4,-6,30,26,17,-3,sil
7.634062767028809,8,21,1,8,2,-4,-26,0,-8,-10,23,12,2,-12,sil
7.649723052978516,0,24,9,13,1,-1,-20,1,-28,-15,2,-1,-15,-15,sil
7.649723052978516,-5,18,9,17,6,13,-5,-1,-27,-11,0,-1,-8,-9,sil
7.665618896484375,5,10,3,32,22,15,10,0,-5,2,12,2,4,2,sil
7.665618896484375,16,11,24,28,28,13,17,7,8,22,15,13,8,15,sil
7.681136608123779,4,2,5,12,17,21,20,1,15,32,8,6,9,17,sil
7.681136608123779,-5,-17,-6,13,2,20,19,1,16,23,-8,-14,1,11,sil
7.697256565093994,-3,-25,0,11,-2,12,19,7,9,11,-22,-23,-9,10,sil
7.697256565093994,-8,-22,-8,-6,-7,9,20,0,10,7,-17,-18,-3,12,sil
7.7127907276153564,-8,-16,-1,-10,-6,13,19,-1,16,8,-7,-8,10,15,sil
7.7127907276153564,6,-11,0,-1,-1,3,12,0,21,15,0,1,18,18,sil
7.728854417800903,12,-10,-2,-6,-8,-17,-1,-7,20,14,7,10,18,17,sil
7.728854417800903,3,-5,-4,-9,-15,-25,-10,-7,9,0,1,11,10,2,sil
7.7437903881073,-4,-4,-18,-7,-8,-19,-12,-1,-9,-17,-11,0,-2,-14,sil
7.7437903881073,-5,-9,-10,-25,-8,-13,-13,0,-16,-29,-15,-8,-9,-18,sil
7.759653329849243,0,-4,-5,-34,-16,-14,-5,-2,-3,-27,-10,0,0,-13,sil
7.759653329849243,7,11,0,-15,-11,-15,-5,0,0,-16,-1,10,0,-8,sil
7.7748284339904785,2,15,2,-4,-6,-11,-16,7,-10,-10,7,6,-9,-8,sil
7.7748284339904785,-9,0,-10,-13,-5,-10,-14,1,-18,-7,8,0,-11,-14,sil
7.790895462036133,-9,4,2,-10,4,-8,-12,-5,-18,-4,4,1,-4,-13,sil
7.790895462036133,0,23,10,9,13,0,-20,0,-19,-9,2,5,-11,-6,sil
7.8065245151519775,0,19,6,26,15,4,-16,3,-26,-18,0,0,-22,-9,sil
7.8065245151519775,-2,9,3,22,12,6,-4,-6,-32,-12,2,-4,-15,-12,sil
7.821533679962158,-6,0,-3,9,4,7,-1,-7,-24,-1,1,-7,-7,-6,sil
7.821533679962158,-17,-6,1,5,6,15,3,0,-7,-1,-9,-11,-11,-5,sil
7.83707857131958,-12,-9,2,10,12,26,22,4,11,14,0,-2,0,2,sorry
7.83707857131958,7,0,6,11,5,25,27,4,24,33,17,12,17,21,sorry
7.852628707885742,9,9,17,19,5,15,15,8,17,16,2,4,9,14,sorry
7.852628707885742,1,4,0,23,12,4,10,5,9,2,-16,-16,0,0,sorry
7.868358850479126,3,-5,-7,0,0,4,10,1,17,17,-11,-16,3,4,sorry
7.868358850479126,2,-13,-3,-20,-11,7,8,1,28,27,-5,-4,4,11,sorry
7.885956287384033,0,-10,0,-8,-3,0,3,-3,27,20,-6,-1,1,10,sorry
7.885956287384033,8,-2,-2,2,-4,-5,0,0,16,8,-2,0,2,9,sorry
7.898962497711182,12,-7,-8,-8,-14,-6,0,4,11,0,0,6,8,9,sorry
7.898962497711182,6,-15,2,-27,-12,-6,-2,-3,12,-2,2,10,12,9,sorry
7.914890050888061,-1,-13,-5,-27,-8,-12,-5,-9,9,-14,0,5,3,0,sorry
7.931967973709106,-5,-7,-12,-23,-10,-17,-8,-3,1,-19,4,1,-2,-11,sorry
7.931967973709106,1,4,2,-14,-6,-14,-5,-2,-2,-4,20,7,10,-2,sorry
7.931967973709106,6,17,-2,3,2,-16,-5,-3,-14,-6,26,9,11,4,sorry
7.946006536483765,1,19,5,14,4,-12,-19,3,-27,-26,14,8,-5,-5,sorry
7.946006536483765,0,17,9,18,4,-4,-21,1,-27,-14,9,11,0,-10,sorry
7.962846279144287,4,17,7,25,11,-3,-3,-1,-26,2,9,10,12,0,sorry
7.963851690292358,0,17,16,34,10,7,7,3,-20,-2,1,3,0,1,sorry
7.978970050811768,0,3,4,40,7,22,10,-2,-3,3,-3,-1,-12,-2,sorry
7.978970050811768,-5,-10,-1,15,6,17,17,0,6,17,-16,-8,-8,0,sorry
7.992981672286987,-17,-19,-4,-27,-8,9,23,9,14,14,-30,-17,-1,5,sorry
8.00871992111206,-16,-26,-15,-37,-26,0,16,0,15,1,-30,-22,-4,0,sorry
8.00871992111206,-2,-22,-5,-18,-22,-16,-1,-9,2,-11,-20,-11,-6,-6,sorry
8.024560689926147,-1,-2,-3,-17,-4,-17,-15,-4,-4,-13,-5,3,0,-5,sorry
8.024560689926147,-1,12,1,-23,8,2,-17,0,-10,-13,6,9,-2,-5,sorry
8.049950361251831,2,12,3,-3,12,13,-7,3,-18,-17,10,5,-8,-16,sorry
8.049950361251831,-3,2,-12,4,9,2,3,3,-9,-13,2,-7,-13,-25,sorry
8.049950361251831,-19,-2,-6,-9,17,7,11,3,7,-2,-8,-24,-24,-24,sorry
8.049950361251831,-14,0,-1,12,28,30,23,2,22,14,-10,-28,-16,-8,sorry
8.05894660949707,9,5,6,45,22,27,22,1,35,35,0,-5,15,22,sorry
8.070931434631348,25,4,18,31,14,0,-2,2,38,51,10,26,32,41,sorry
8.08800196647644,28,1,9,11,10,-14,-19,-1,27,46,17,32,29,39,sorry
8.08800196647644,25,-2,7,1,-10,-13,-18,-5,4,17,14,16,22,26,sorry
8.103107690811157,5,-13,-10,-26,-36,-25,-15,-5,-20,-18,7,0,7,1,sorry
8.103107690811157,-17,-16,-22,-48,-41,-37,-20,-7,-33,-49,-6,-7,-17,-22,sorry
8.120779991149902,-19,-11,-13,-43,-33,-24,-21,-6,-33,-57,-14,-12,-29,-34,sorry
8.120779991149902,-3,-3,-10,-20,-20,-9,-6,0,-25,-33,6,0,-10,-17,sorry
8.120779991149902,8,11,7,5,-4,-3,-2,1,-17,-7,25,25,7,6,sorry
8.135035276412964,6,17,12,12,7,5,-15,0,-9,1,17,30,10,10,sorry
8.151600360870361,5,11,11,15,10,11,-12,0,-4,7,13,13,5,4,sorry
8.151600360870361,7,14,15,34,12,19,6,3,2,11,13,2,-1,1,sorry
8.166134119033813,-4,10,1,36,17,27,23,5,17,17,2,-13,-8,-7,sorry
8.166134119033813,-17,2,5,17,18,26,31,7,21,23,-1,-26,-2,-12,sorry
8.166134119033813,-13,3,0,15,11,16,30,5,-1,16,-8,-24,3,-4,sorry
8.180687427520752,-7,2,-7,8,6,10,22,0,-13,6,-16,-14,2,5,sorry
8.19688105583191,6,5,11,0,9,5,23,1,8,13,-3,3,8,19,sorry
8.19688105583191,26,8,10,6,7,-5,16,0,21,9,-1,11,14,26,sorry
8.19688105583191,12,-5,5,-2,-2,-9,-3,-4,6,-11,-28,-1,1,8,sorry
8.212920188903809,-15,-25,-5,-23,-11,-10,-7,2,2,-12,-35,-12,-12,-9,sorry
8.212920188903809,-16,-26,-18,-23,-17,-13,0,6,13,-3,-25,-13,-12,-8,sorry
8.227447032928467,-6,-17,-11,-16,-16,-6,-5,0,9,-8,-26,-16,-10,-8,sorry
8.242630958557129,-6,-11,-17,-18,-3,0,-9,-6,4,-3,-11,-13,-1,-11,sorry
8.242630958557129,-5,-6,-7,-17,4,-3,-2,0,13,7,18,0,12,-4,sorry
8.258321523666382,-4,-1,-3,-13,2,-4,0,2,16,3,26,8,17,1,sorry
8.258321523666382,-4,-1,-9,-13,-1,-6,-12,-5,1,-7,13,10,7,0,sorry
8.273615837097168,6,0,0,-17,-4,-9,-25,-5,-8,-14,7,17,0,-3,sorry
8.273615837097168,15,7,1,-9,-1,-10,-19,-2,-6,-11,12,19,-3,-2,sorry
8.289559602737427,10,13,8,6,0,-9,-17,-3,-16,-7,14,16,-10,1,sorry
8.289559602737427,6,12,11,13,0,-4,-21,-1,-24,-6,14,11,-7,-3,sorry
8.30555772781372,8,13,2,13,1,0,-9,3,-16,-1,15,3,0,-9,sorry
8.30555772781372,1,16,11,21,5,5,1,2,-14,7,14,2,-2,-5,sorry
8.321056127548218,-5,12,3,26,5,3,-6,-7,-22,8,16,3,-6,-3,sorry
8.321056127548218,-3,7,0,20,4,-1,-17,-10,-26,2,8,1,0,-7,sorry
8.33665680885315,-3,-1,1,12,6,4,-8,-1,-24,1,-3,-2,3,0,sorry
8.33665680885315,-4,-5,0,15,6,11,6,1,-9,4,-4,0,1,15,sorry
8.35267186164856,1,1,12,20,1,11,16,0,4,-1,-9,0,-4,16,sorry
8.35267186164856,2,-2,2,13,-1,12,26,4,8,-9,-28,-15,-15,5,sorry
8.3685302734375,-4,-17,-8,-2,-1,14,33,9,10,-6,-40,-32,-22,-2,sorry
8.3685302734375,-8,-13,-1,-8,-4,20,35,11,21,5,-33,-25,-12,-1,sorry
8.383593082427979,-2,-8,-5,-13,-5,20,42,10,35,22,-15,-10,7,7,sil
8.383593082427979,7,-11,-1,-24,-1,6,39,4,38,28,7,3,20,15,sil
8.39905571937561,10,-9,-6,-26,-5,-7,11,-6,26,14,15,11,19,15,sil
8.39905571937561,1,-5,-8,-26,-12,-14,-10,-9,20,1,5,7,16,9,sil
8.41460108757019,4,0,0,-20,-2,-11,-2,3,35,11,14,10,24,5,sil
8.41460108757019,12,8,1,-4,9,-14,-3,2,36,14,36,17,25,1,sil
8.430240392684937,0,5,6,-4,-1,-29,-35,-7,0,-12,28,11,3,-10,sil
8.430240392684937,-13,3,0,-11,-11,-32,-45,-3,-26,-31,6,-2,-9,-27,sil
8.44586706161499,-4,12,-1,0,-1,-12,-25,1,-28,-25,3,0,-5,-22,sil
8.44586706161499,0,16,3,11,5,5,-13,-2,-34,-20,10,11,-4,-10,sil
8.46141791343689,-2,14,-1,14,5,2,-15,-4,-36,-21,7,12,-4,-5,sil
8.46141791343689,0,15,10,17,9,2,-14,-1,-30,-19,-6,-1,-10,-5,sil
8.476598262786865,-5,1,1,13,9,10,-7,-1,-30,-9,-32,-16,-24,-10,sil
8.476598262786865,-10,-9,-6,7,1,10,-6,0,-27,1,-40,-15,-19,-4,sil
8.491991996765137,2,-2,5,17,0,9,-6,2,-18,5,-18,-8,-4,10,sil
8.491991996765137,6,-3,-2,25,0,9,6,-1,-9,9,-3,-8,-1,12,sil
8.50716257095337,-5,-14,-2,8,0,11,19,-3,6,18,-8,-7,2,3,sil
8.50716257095337,-9,-15,-7,-10,2,12,19,3,28,27,-7,-8,6,4,sil
8.521972179412842,-9,-14,-15,-12,0,2,13,4,28,21,-5,-12,-9,6,sil
8.53751277923584,-5,-7,2,-7,-8,-2,11,0,15,7,-6,-7,-18,0,sil
8.53751277923584,11,-1,0,-5,-13,3,10,0,12,5,2,3,5,1,sil
8.53751277923584,20,-3,0,-9,-6,9,9,1,15,7,11,15,23,12,sil
8.5530526638031,8,0,4,-10,3,0,10,-1,22,4,11,24,22,16,sil
8.5530526638031,1,5,4,-2,7,-11,5,-1,26,3,14,21,21,10,sil
8.569803476333618,8,8,8,1,0,-14,-7,2,16,2,20,14,16,1,sil
8.569803476333618,10,4,-2,-3,-7,-21,-15,0,2,0,23,15,6,0,sil
8.585576295852661,6,4,0,-10,-3,-17,-5,1,-6,-7,18,17,1,2,sil
8.585576295852661,5,3,6,-12,-1,0,7,6,-8,-17,12,6,-1,-10,sil
8.599968671798706,0,2,-4,-5,-4,-6,1,3,-9,-26,3,-9,-15,-24,sil
8.599968671798706,-5,8,3,7,0,-10,-4,0,-16,-22,-3,-12,-28,-15,sil
8.617587089538574,-8,13,0,16,6,4,3,-1,-24,-13,0,-8,-23,-4,sil
8.617587089538574,-9,8,-1,15,8,8,0,-4,-27,-15,-2,-14,-23,-10,sil
8.633125066757202,-13,0,1,13,10,4,-22,-5,-24,-13,-13,-22,-30,-12,sil
8.633125066757202,-11,0,-3,15,12,12,-25,-2,-16,-1,-12,-18,-17,-2,sil
8.647790431976318,-5,0,3,13,5,19,-6,1,-6,0,-7,-13,-19,3,sil
8.647790431976318,-2,-7,0,2,0,17,13,0,8,7,-16,-15,-24,4,sil
8.661903858184814,0,-9,0,-2,7,20,24,-5,23,24,-17,-7,49,12,sil
8.661903858184814,0,-6,0,-1,8,19,26,-2,28,30,-4,4,113,16,sil
8.676315307617188,-8,-15,-14,-12,-8,-1,12,4,26,25,-4,2,50,6,sil
8.692754983901978,-6,-17,-5,-28,-21,-17,-7,8,29,24,-10,4,-14,0,sil
8.692754983901978,4,-6,-1,-22,-17,-17,-12,4,28,20,0,18,9,10,sil
8.70803427696228,8,-5,0,-16,-15,-23,-18,-4,3,-1,12,27,14,14,sil
8.70803427696228,6,-1,5,-17,-9,-20,-29,-4,-27,-23,15,22,-18,-4,sil
8.723552703857422,7,10,3,1,5,-6,-19,0,-31,-21,14,12,-24,-10,sil
8.723552703857422,8,18,13,18,9,1,0,0,-21,-9,8,3,-16,0,sil
8.739598751068115,7,16,5,24,11,6,13,1,-10,0,1,-9,-11,-4,sil
8.739598751068115,3,12,-4,33,16,10,21,9,-3,9,-3,-18,-9,-9,sil
8.75479769706726,0,0,0,18,0,11,22,8,0,13,-10,-15,-12,4,sil
8.75479769706726,-1,-14,-9,-15,-22,3,20,-2,12,5,-11,-7,-6,17,sil
8.770218849182129,-1,-8,-4,-22,-15,0,10,-4,22,-8,-7,0,0,5,sil
8.770218849182129,-2,-1,-2,-16,-1,-2,-9,-1,6,-13,-2,6,-2,-11,sil
8.785866498947144,6,4,0,-15,3,-9,-26,-6,-9,-11,8,12,-1,-6,sil
8.785866498947144,19,20,14,4,15,-9,-19,-5,-10,-15,27,25,9,9,sil
8.801922082901001,11,18,7,25,22,-5,-5,0,-17,-21,25,20,6,0,sil
8.801922082901001,-8,1,2,15,15,0,-6,0,-32,-25,0,-3,-9,-21,sil
8.818034648895264,-16,0,-4,11,9,9,1,2,-20,-11,-9,-13,-9,-19,sil
8.818034648895264,-13,-4,-8,19,5,19,23,5,4,10,-7,-13,0,-2,sil
8.83352255821228,-12,-12,0,12,-3,17,29,4,13,17,-16,-21,-7,2,sil
8.83352255821228,-17,-10,-12,-1,-12,4,15,2,19,19,-21,-28,-3,3,sil
8.848886013031006,-16,-13,-11,-17,-19,-1,-1,1,34,27,-12,-19,7,6,sil
8.848886013031006,-4,-18,-2,-27,-22,-5,-15,-2,35,23,-4,-2,4,7,sil
8.86434268951416,4,-16,-2,-26,-18,-15,-23,-8,14,2,1,4,3,5,sil
8.86434268951416,11,-3,4,-23,-10,-15,-24,-2,-4,-6,8,8,12,1,sil
8.879896879196167,20,8,4,-12,0,-12,-14,-3,-14,-11,14,18,11,0,sil
8.879896879196167,20,14,12,4,7,-16,-7,-6,-25,-21,17,16,3,0,sil
8.895520210266113,8,14,12,10,14,-5,1,4,-20,-17,11,5,3,-4,sil
8.895520210266113,0,15,0,9,19,9,14,10,0,-1,0,0,-1,-8,sil
8.910608768463135,-9,9,0,9,10,14,12,0,-2,0,-14,-11,-20,-7,sil
8.910608768463135,-24,-7,-11,7,0,17,11,-7,-9,1,-22,-24,-21,-4,sil
8.925770282745361,-22,-10,-12,4,5,22,18,-1,4,12,-13,-14,0,0,sil
8.925770282745361,-8,-1,-5,1,13,21,21,2,22,26,-2,4,18,8,sil
8.941397428512573,5,-1,0,-2,0,4,14,1,27,32,0,13,23,18,sil
8.941397428512573,19,0,15,-5,-13,-18,-3,2,22,17,13,31,22,19,sil
8.957198143005371,30,11,6,2,-3,-24,-19,1,11,-6,34,44,19,10,sil
8.957198143005371,28,20,7,14,8,-10,-18,3,-2,-14,30,33,10,1,sil
8.972028255462646,12,15,14,12,7,0,-8,4,-15,-14,12,5,-5,-8,sil
8.972028255462646,-6,2,-1,7,9,5,-1,-1,-22,-17,0,-15,-18,-14,sil
8.987573385238647,-13,-3,-1,11,7,19,3,-5,-29,-13,-13,-24,-21,-8,sil
8.987573385238647,-16,-17,-7,5,-7,15,5,-3,-27,-6,-27,-30,-25,-6,sil
9.002732276916504,-15,-27,-10,-11,-18,1,0,-4,-12,-1,-27,-31,-22,-4,sil
9.002732276916504,-7,-17,-1,-12,-17,-1,6,-3,4,6,-22,-17,-3,4,sil
9.018296241760254,-6,-9,-13,-14,-19,-12,4,-1,5,2,-16,-8,2,0,sil
9.03394055366516,-2,-9,-5,-29,-18,-25,-14,0,-3,-13,-5,-1,-5,-10,sil
9.03394055366516,11,0,0,-24,-10,-21,-22,0,-3,-16,10,13,0,0,sil
9.03394055366516,10,10,0,-8,-5,-15,-17,2,0,-15,22,25,9,10,sil
9.05162477493286,-4,16,1,1,0,-8,-16,6,0,-8,22,20,4,1,sil
9.05162477493286,-2,18,-2,17,12,1,-9,3,0,6,14,3,0,-6,sil
9.065104246139526,2,15,12,29,18,13,6,1,6,8,3,-7,-4,-4,sil
9.065104246139526,-4,3,10,26,23,26,32,3,20,10,0,-10,4,0,sil
9.080613374710085,-6,-6,-8,15,24,24,34,1,21,21,-12,-14,12,6,sil
9.080613374710085,0,-8,-6,3,7,10,12,1,12,15,-23,-13,0,3,sil
9.097715854644775,-2,-10,-8,-5,-9,-1,1,0,20,10,-14,0,0,-2,sil
9.11266541481018,0,-10,-3,-19,-6,-5,-2,-4,18,10,-1,7,12,1,sil
9.11266541481018,8,-3,-4,-25,-2,-8,-12,-5,-4,-4,2,3,6,4,sil
9.11266541481018,10,6,0,-7,-4,-11,-10,1,-12,-19,16,12,-1,-1,sil
9.129037380218506,14,21,19,16,8,0,0,6,0,-6,34,28,9,0,sil
9.144991636276243,9,20,9,24,18,11,0,2,-1,13,27,12,8,5,sil
9.144991636276243,-11,0,-2,8,0,11,-1,-5,-15,9,-5,-14,-12,0,sil
9.144991636276243,-22,-12,-4,-4,-7,15,12,-7,-17,0,-31,-26,-19,-4,sil
9.1601083278656,-10,-5,-1,-6,-1,11,12,-2,-1,7,-26,-23,-4,1,sil
9.1601083278656,0,-4,5,-17,-14,-10,-10,1,9,12,-9,-1,7,2,sil
9.175931215286257,8,-4,-5,-25,-23,-27,-19,0,1,-3,3,18,9,-4,sil
9.175931215286257,13,9,8,-8,-3,-13,-6,1,-11,-18,13,19,6,-3,sil
9.190924406051636,12,15,20,18,9,4,8,8,-7,-9,21,12,3,0,sil
9.206896543502808,2,-3,0,18,5,4,12,0,-5,-3,6,-3,-6,0,sil
9.206896543502808,-10,-21,-7,0,-1,2,5,-11,-14,-10,-21,-17,-21,-3,sil
9.222765922546388,-11,-20,-13,-14,-10,-4,2,-7,-3,0,-24,-12,-8,-1,sil
9.222765922546388,-3,-12,-11,-25,-15,-18,0,0,16,8,-5,0,8,2,sil
9.222765922546388,-5,-7,-6,-22,-11,-18,-9,-1,9,-8,4,3,3,0,sil
9.23714017868042,-3,0,-3,0,-3,-6,-16,-1,-4,-22,13,7,-3,-6,sil
9.253857612609863,4,21,10,23,10,5,-10,7,-4,-12,20,10,-1,-4,sil
9.253857612609863,4,22,3,33,23,13,4,6,0,0,6,5,0,4,sil
9.253857612609863,-2,4,2,30,20,23,19,0,0,6,-13,-7,0,13,sil
9.267156839370728,-7,-5,1,10,10,23,22,-1,11,14,-19,-22,-4,5,sil
9.282763719558716,-8,-10,-15,-14,-1,-2,1,-2,18,17,-11,-19,-1,-2,sil
9.282763719558716,3,-5,-1,-21,-11,-18,-17,-1,8,13,7,9,16,6,sil
9.297870635986328,19,9,6,-5,-4,-5,-12,1,2,12,27,26,26,10,sil
9.297870635986328,20,16,2,2,3,-6,-11,2,0,0,26,18,11,0,sil
9.313659429550173,6,9,5,-2,2,-13,-17,3,-17,-23,11,9,-5,-7,sil
9.313659429550173,-4,3,0,0,3,2,-7,-2,-28,-24,-3,-3,-18,-11,sil
9.329577922821043,-3,4,7,18,6,22,4,-5,-17,-1,-11,-17,-23,-9,sil
9.329577922821043,-5,8,5,30,7,18,6,3,-1,13,-11,-14,-12,0,sil
9.3450026512146,-15,-2,-4,14,5,4,5,4,1,13,-18,-12,-8,-1,sil
9.3450026512146,-20,-22,-10,-11,-8,0,4,-2,4,7,-28,-20,-17,-14,sil
9.360413312911987,-10,-26,-15,-19,-19,0,2,-6,12,7,-22,-15,-7,-3,sil
9.360413312911987,4,-14,1,-16,-14,4,7,0,16,4,-9,1,8,15,sil
9.37573266029358,14,-6,3,-14,-8,3,16,2,19,0,4,11,19,14,sil
9.37573266029358,11,-4,-2,-16,-10,-5,11,0,27,2,16,12,28,6,sil
9.391297101974487,4,0,1,-20,-9,-8,-2,1,24,8,16,12,25,3,sil
9.391297101974487,5,6,-3,-14,0,-12,-2,1,2,4,14,12,14,3,sil
9.40683937072754,12,14,4,-3,5,-15,0,0,-13,-11,13,20,9,3,sil
9.40683937072754,10,14,4,-1,6,-11,-4,2,-11,-22,11,20,2,0,sil
9.42288064956665,2,11,-2,0,7,-9,-4,3,-10,-18,11,6,-7,-2,sil
9.42288064956665,1,14,8,12,11,-3,-3,0,-14,-8,11,7,-10,-2,sil
9.438547134399414,2,14,8,28,14,6,-1,0,-11,-4,6,8,-5,-2,sil
9.438547134399414,-5,8,10,26,18,10,-5,0,-19,-7,-3,-6,-11,-7,sil
9.453809022903442,-16,0,3,22,13,6,-7,0,-30,-1,-11,-16,-22,-13,sil
9.453809022903442,-18,-9,-12,19,0,7,2,0,-15,10,-10,-17,-19,-13,sil
9.468875408172607,-19,-19,-9,0,-9,7,3,-1,2,7,-13,-26,-10,-4,sil
9.468875408172607,-15,-20,-10,-16,-14,-1,-2,-4,8,0,-21,-28,-6,0,sil
9.48435091972351,-6,-7,0,-8,-10,0,7,-2,17,9,-15,-14,0,1,sil
9.48435091972351,-7,-1,-2,-2,0,11,18,-1,22,19,-3,-10,3,8,sil
9.49954390525818,-8,-6,-6,-10,0,4,3,-8,7,13,-5,-9,-2,5,sil
9.49954390525818,8,-4,6,-3,-5,0,0,-7,1,9,-5,0,2,0,sil
9.515585899353027,20,-4,-3,1,-1,1,9,0,12,11,4,7,18,8,sil
9.515585899353027,11,-4,5,-12,-4,-7,0,5,3,2,5,12,14,17,sil
9.531611442565918,9,5,14,-11,-5,-8,-13,0,-11,-6,4,17,10,4,sil
9.531611442565918,17,7,-9,3,0,-6,-11,-3,-4,-11,15,19,15,-2,sil
9.547003507614136,17,0,1,-7,-4,-12,-10,7,5,-10,21,26,11,2,sil
9.547003507614136,10,3,8,-15,-5,-13,-12,10,1,-5,16,21,9,0,sil
9.562930822372437,0,13,0,-3,7,-4,-10,1,-8,-15,7,9,2,-7,sil
9.562930822372437,-1,13,2,6,15,6,0,1,0,-18,8,11,-4,0,sil
9.57870888710022,7,12,0,14,7,4,9,1,9,0,11,9,0,10,sil
9.57870888710022,0,14,2,16,0,-2,-2,-3,-15,-9,-7,-11,-12,-1,sil
9.59292483329773,-18,6,-3,8,0,0,-7,-3,-37,-33,-22,-24,-26,-17,sil
9.59292483329773,-13,0,-3,7,0,12,4,0,-14,-11,-15,-17,-17,-10,sil
9.609577894210815,-1,-1,3,13,1,14,12,0,8,16,-12,-13,-8,0,sil
9.609577894210815,-8,-10,-6,8,0,13,15,-2,5,12,-16,-18,-9,-3,sil
9.624696493148804,-12,-19,-5,0,-4,15,14,-4,6,10,-14,-15,-5,-5,sil
9.64013147354126,-4,-14,-6,0,-3,9,8,0,14,20,-7,-3,0,6,sil
9.64013147354126,3,-8,-2,6,9,1,11,5,19,25,-1,2,1,18,sil
9.64013147354126,5,-2,6,9,14,7,18,6,31,25,1,1,11,15,sil
9.656225681304932,0,-3,-3,-5,2,2,9,1,33,21,6,-1,17,5,sil
9.671905517578123,-8,-12,1,-25,-10,-16,-10,-2,13,16,10,2,14,-3,sil
9.671905517578123,-4,-14,-1,-22,-9,-24,-21,-6,-7,0,6,5,5,-8,sil
9.687578201293944,1,-1,-11,-14,-5,-23,-17,-8,-16,-22,0,1,-2,-7,sil
9.687578201293944,0,9,0,-23,-7,-16,-8,0,-9,-18,8,7,2,-2,sil
9.687578201293944,3,12,3,-21,0,-7,0,9,6,2,23,12,12,1,sil
9.705085277557371,9,12,8,-5,7,-1,-5,2,0,-1,18,10,8,-1,sil
9.705085277557371,10,15,6,3,1,-8,-17,-3,-13,-9,14,11,5,-6,sil
9.719617128372192,18,19,11,10,0,-11,-16,0,-9,-1,24,20,7,1,sil
9.719617128372192,18,17,19,15,5,1,-5,7,-14,-16,13,12,-1,1,sil
9.73555040359497,-9,-1,-3,5,2,4,-3,0,-35,-38,-26,-16,-23,-14,sil
9.750958681106567,-27,-19,-2,-5,-9,2,-5,-5,-36,-32,-38,-24,-32,-17,sil
9.750958681106567,-10,-11,0,5,-9,13,3,0,-13,-15,-12,-6,-16,0,sil
9.750958681106567,-1,0,-7,28,0,17,10,1,-8,-6,-12,-5,-8,4,sil
9.765926122665403,-8,2,5,31,9,13,16,1,-11,2,-31,-16,-14,2,sil
9.781957387924194,0,-3,-2,15,8,16,18,-1,2,15,-17,-8,-1,7,sil
9.781957387924194,7,-8,-5,0,0,18,7,-8,9,12,-2,-1,7,6,sil
9.782958030700684,-3,-12,-2,-1,-2,14,4,-6,2,7,-3,-7,2,2,sil
9.797093152999878,-10,-10,-7,-2,2,6,11,1,14,20,8,-3,11,9,sil
9.797093152999878,2,1,-2,-6,1,2,7,5,37,36,22,11,27,18,sil
9.814661502838137,17,7,-1,2,0,-2,0,0,40,36,17,11,23,16,sil
9.814661502838137,16,7,2,7,0,-11,0,0,25,23,10,5,12,8,sil
9.827781438827516,0,4,0,-9,0,-11,-1,0,12,8,2,2,6,0,sorry
9.84554672241211,0,0,-8,-20,-1,-8,-1,0,16,1,1,1,6,0,sorry
9.84554672241211,14,3,5,-11,-5,-6,1,5,24,2,13,13,11,7,sorry
9.84554672241211,14,8,0,-9,-4,-13,0,4,16,0,16,19,4,0,sorry
9.86008095741272,-2,0,-9,-19,0,-23,-8,-4,-11,-23,3,2,-13,-20,sorry
9.87460207939148,-6,1,-1,-11,-1,-19,-11,0,-29,-37,0,-4,-20,-23,sorry
9.87460207939148,-5,2,0,3,-3,-5,-8,3,-23,-26,1,-3,-19,-13,sorry
9.889841794967651,-20,-6,0,-4,1,4,-7,0,-17,-14,-8,-14,-23,-16,sorry
9.889841794967651,-23,-8,-4,-5,8,4,-10,0,-23,-13,-10,-20,-19,-18,sorry
9.905115365982056,0,8,12,23,14,3,-5,3,-22,-8,1,0,-1,-4,sorry
9.905115365982056,11,16,19,40,16,13,14,-1,-9,1,0,6,5,6,sorry
9.920719146728516,-10,-7,-7,15,2,14,24,-12,-10,0,-27,-13,-8,0,sorry
9.920719146728516,-23,-26,-7,-9,-14,8,9,-4,-21,-4,-41,-24,-20,-1,sorry
9.936832189559937,-6,-20,-2,-2,-9,8,2,1,0,10,-18,-8,0,14,sorry
9.936832189559937,9,-14,2,-4,-1,1,0,-2,27,25,0,9,24,23,sorry
9.952923774719238,12,-12,8,-23,-12,-9,-15,-2,24,8,4,19,26,14,sorry
9.952923774719238,11,0,-3,-25,-18,-18,-28,-2,7,-13,15,21,14,8,sorry
9.968680381774902,6,14,4,-22,-10,-16,-31,-1,-6,-14,19,18,5,0,sorry
9.968680381774902,7,16,2,-13,-2,-9,-24,3,-12,1,19,13,7,-6,sorry
9.983892679214478,16,20,0,9,5,-3,-8,2,-6,5,27,8,7,-3,sorry
9.983892679214478,13,28,7,18,11,4,2,2,-5,-3,18,0,-3,-2,sorry
9.99899435043335,0,12,-3,13,7,11,11,2,-11,0,0,-13,-10,-5,sorry
9.99899435043335,-4,-2,0,13,7,16,17,1,-7,2,-2,-16,-6,-3,sorry
10.014609813690186,-6,0,-4,15,16,18,16,0,3,-2,-3,-11,-5,0,sorry
10.014609813690186,-7,3,-10,14,18,19,15,0,8,4,-14,-8,-4,3,sorry
10.03070616722107,0,-1,3,16,8,14,20,5,19,26,-11,-5,1,12,sorry
10.03070616722107,2,-4,2,17,-1,0,20,4,27,28,-2,-2,7,12,sorry
10.053797006607056,2,-1,9,12,-5,-1,15,0,18,17,-3,2,13,9,sorry
10.053797006607056,3,-5,7,0,-8,1,18,5,14,21,0,4,18,9,sorry
10.053797006607056,-2,-16,-6,-16,-15,-3,12,4,16,14,0,1,7,0,sorry
10.06301498413086,-13,-18,-6,-28,-13,-9,-2,-6,7,-8,-13,0,-8,-15,sorry
10.078573942184448,-16,-16,-15,-30,-5,-11,-5,-8,3,-13,-16,-9,-9,-21,sorry
10.078573942184448,-15,-9,-12,-29,-2,-11,-3,-3,1,-14,-7,-10,-12,-16,sorry
10.094568014144896,-6,0,-3,-15,0,-7,-7,-7,-14,-32,0,5,-17,-12,sorry
10.094568014144896,4,2,-1,0,2,-13,-15,-8,-24,-35,10,15,-10,-7,sorry
10.11016058921814,5,8,8,0,0,-14,-18,4,-14,-13,17,12,0,-3,sorry
10.11016058921814,8,22,5,0,5,-7,-11,5,-7,-6,22,12,4,0,sorry
10.125746726989746,12,21,9,10,5,-10,-13,-3,-13,-15,20,15,4,2,sorry
10.125746726989746,1,4,5,13,0,-6,-26,0,-17,-13,3,2,-8,0,sorry
10.141846179962158,-5,0,-5,25,8,11,-20,1,-14,-3,-9,-9,-21,-1,sorry
10.141846179962158,-2,7,5,36,17,19,-2,1,-15,5,-8,-8,-16,3,sorry
10.158312320709229,-9,-9,-5,20,0,10,3,0,-16,13,-18,-21,-13,4,sorry
10.158312320709229,-9,-27,-4,0,-7,16,12,0,-7,16,-29,-27,-8,9,sorry
10.175890922546388,6,-11,7,5,5,27,28,0,12,22,-14,-10,10,18,sorry
10.175890922546388,13,2,-1,5,0,9,26,-4,24,23,0,0,26,20,sorry
10.190923690795898,14,0,4,-13,-15,-9,12,0,21,13,7,5,29,20,sorry
10.190923690795898,18,1,4,-23,-9,-8,7,7,24,15,23,19,39,22,sorry
10.20499563217163,7,0,-3,-26,-2,-10,-2,4,27,20,21,14,37,10,sorry
10.20499563217163,-4,-5,-3,-29,-14,-17,-17,0,10,2,-1,4,7,-9,sorry
10.220160484313965,-2,-1,-4,-23,-18,-19,-19,0,-10,-16,-3,8,-10,-17,sorry
10.220160484313965,0,5,4,-17,-5,-8,-19,0,-15,-19,10,15,-7,-12,sorry
10.236005783081056,4,8,2,-8,7,2,-12,0,-8,-16,9,18,-3,-7,sorry
10.236005783081056,8,10,2,3,10,2,2,2,-8,-17,3,14,-3,-9,sorry
10.251555681228638,-4,9,1,9,4,0,0,3,-10,-15,1,0,-8,-21,sorry
10.251555681228638,-19,3,-9,11,0,0,-8,-6,-8,-14,0,-9,-19,-22,sorry
10.266987085342407,-15,5,3,9,4,1,-6,-4,-4,-12,-3,-10,-22,-13,sorry
10.266987085342407,-15,1,0,14,14,7,5,1,0,2,0,-14,-12,-9,sorry
10.281872987747192,-17,-2,-6,28,18,12,12,0,0,7,-5,-20,-12,-8,sorry
10.281872987747192,-3,1,5,30,13,17,18,0,-2,-4,-11,-13,-14,0,sorry
10.29725432395935,13,1,3,20,10,15,26,0,3,6,-4,4,-2,16,sorry
10.29725432395935,9,-3,4,15,6,9,21,0,7,17,-8,5,0,16,sorry
10.312784671783447,-7,-11,-6,11,-5,5,16,2,8,6,-16,-13,-5,2,sorry
10.312784671783447,-7,-18,-12,-9,-14,1,17,0,17,22,-4,-13,3,8,sorry
10.32865309715271,7,-6,5,-20,-7,1,13,0,23,42,7,-1,20,24,sorry
10.32865309715271,6,2,-1,-7,-5,-6,0,3,19,17,0,-7,18,16,sorry
10.34373140335083,0,-9,-1,-10,-14,-22,-18,0,10,-1,-2,-5,14,7,sorry
10.344118356704712,9,-9,-2,-25,-15,-21,-27,-3,0,5,2,10,18,12,sorry
11.767289400100708,4,-4,-4,-24,-16,-16,-18,-6,0,-3,11,11,9,-2,sorry
11.767289400100708,7,0,0,-13,3,-14,-30,-4,-13,-17,11,13,5,-9,sorry
11.781310796737673,12,14,8,5,10,-13,-27,-4,-21,-20,20,17,9,-10,sorry
11.781310796737673,8,18,7,-3,0,-12,-21,-1,-23,-22,21,15,2,-9,sorry
11.796972274780272,4,11,-8,-5,0,-10,-15,4,-18,-19,21,12,1,-6,sorry
11.796972274780272,6,15,7,13,10,0,-5,5,-15,-10,23,17,8,-3,sorry
11.812024354934692,-2,13,5,13,8,1,0,2,-22,-14,10,5,-8,-9,sorry
11.812024354934692,-23,-5,-13,-1,-4,-2,-5,-1,-29,-35,-18,-21,-37,-23,sorry
11.827541589736938,-27,-14,-5,-4,0,9,-5,0,-21,-31,-27,-24,-31,-23,sorry
11.827541589736938,-17,-12,-6,0,2,21,10,1,-7,-4,-15,-15,-11,-7,sorry
11.842689752578735,-16,-11,-2,6,-5,15,15,2,-6,1,-23,-20,-22,0,sorry
11.842689752578735,-13,-6,-3,17,0,12,9,-1,-1,0,-36,-26,-30,-9,sorry
11.858376741409302,0,-1,-4,20,12,13,13,-6,10,14,-23,-21,-6,-4,sorry
11.858376741409302,6,4,6,18,7,13,23,-1,21,29,0,-3,13,15,sorry
11.873899221420288,3,2,0,15,2,2,20,1,27,34,6,11,17,22,sorry
11.873899221420288,4,-5,1,1,0,-7,4,4,22,28,1,8,14,13,sorry
11.888997316360474,8,-10,3,-6,-7,-5,0,6,18,26,4,5,8,15,sorry
11.888997316360474,10,-4,0,-3,-9,-3,0,4,25,30,7,12,10,23,sorry
11.905020475387571,3,-3,5,-9,-6,-6,-4,2,24,19,0,7,18,14,sorry
11.905020475387571,-2,-9,-4,-19,-9,-10,-3,0,16,1,0,1,24,4,sorry
11.92100477218628,3,-3,-4,-22,-14,-16,-9,0,6,-9,7,12,21,6,sorry
11.92100477218628,8,2,1,-29,-15,-13,-21,-1,-7,-25,5,10,9,-2,sorry
11.93659734725952,5,0,-8,-30,-13,-9,-13,-9,-6,-29,4,-2,2,-9,sorry
11.93659734725952,14,9,1,-17,-7,-7,1,-5,1,-12,22,9,12,0,sorry
11.952075958251951,21,21,12,-7,2,-1,8,4,-3,-4,31,20,11,2,sorry
11.952075958251951,2,13,3,-1,11,4,8,-1,-14,-13,8,-3,-10,-12,sorry
11.967952251434326,-17,1,-11,9,12,1,7,-4,-18,-18,-17,-27,-22,-21,sorry
11.967952251434326,-13,4,-2,17,10,0,0,-1,-23,-15,-13,-17,-23,-14,sorry
11.983649969100952,-1,15,17,18,17,14,-5,-3,-21,-9,1,3,-21,-4,sorry
11.983649969100952,-7,6,-3,14,21,12,-6,0,-8,-1,0,2,-8,-5,sorry
11.998836994171144,-14,-8,-5,5,12,2,-12,5,-8,0,-5,-4,-6,-10,sorry
11.998836994171144,0,0,11,15,9,6,-8,0,-10,2,1,0,-11,-3,sorry
12.014840126037598,9,7,0,39,17,8,4,0,-1,14,7,6,-3,8,sorry
12.014840126037598,2,5,5,34,11,4,6,3,3,17,0,5,2,8,sorry
12.030228853225708,2,0,12,14,-2,5,4,0,0,10,-4,4,1,6,sorry
12.030228853225708,1,-11,-2,-1,-11,2,8,0,2,5,-8,-2,-4,8,sorry
12.045868635177612,-14,-20,-15,-17,-21,0,9,4,4,-2,-16,-14,-9,0,sorry
12.045868635177612,-15,-19,-11,-14,-26,0,6,-4,0,-4,-15,-9,-1,-5,sorry
12.069091796875,0,-10,6,-5,-18,-5,0,-5,0,7,-5,6,7,4,sorry
12.069091796875,10,-3,-2,-9,-8,-10,-4,4,4,16,-2,6,9,11,sorry
12.069091796875,7,-2,-9,-14,-3,0,1,2,6,7,-6,-4,8,8,sorry
12.076844692230225,-3,-7,-1,-17,0,11,9,0,17,4,-8,-9,7,0,sorry
12.09209942817688,-8,-9,-10,-20,-1,-3,0,0,18,3,-8,-12,6,-8,sorry
12.09209942817688,0,0,-5,-14,-7,-18,-14,0,0,-12,0,-6,3,-8,sorry
12.107578992843628,6,2,-1,-10,-5,-5,-7,-3,4,-17,13,5,2,2,sorry
12.107578992843628,13,0,1,-7,1,-1,-6,-4,24,0,15,11,11,11,sorry
12.12470030784607,17,10,7,2,5,-15,-21,0,18,5,13,18,17,8,sorry
12.12470030784607,11,17,2,5,6,-15,-18,0,-2,-5,26,23,13,0,sorry
12.139297723770142,8,16,13,1,4,-4,-4,-1,-13,-17,30,20,4,-2,sorry
12.139297723770142,2,10,5,1,2,-6,2,1,-7,-17,12,11,-6,-8,sorry
12.154520750045776,-10,0,-10,-9,2,-3,3,3,-3,-11,-5,-6,-16,-17,sorry
12.154520750045776,-13,-1,0,-10,4,10,-1,0,-29,-15,-14,-21,-21,-18,sorry
12.170956373214722,-6,6,0,19,9,15,1,-3,-43,-19,-15,-20,-24,-9,sorry
12.170956373214722,-5,10,5,31,11,15,14,2,-20,-2,-6,-11,-15,-3,sorry
12.186728239059448,-9,0,10,19,3,16,13,5,-1,20,4,-8,1,1,sorry
12.186728239059448,-13,-5,0,22,5,13,12,0,-1,20,0,-11,1,8,sorry
12.201754331588743,-6,3,2,27,19,18,30,2,5,19,-13,-8,-6,10,sorry
12.216883659362791,5,3,2,18,9,14,32,1,7,29,-10,-7,0,10,sorry
12.216883659362791,3,-12,1,0,-13,-1,2,-2,-2,17,-6,-7,0,10,sorry
12.216883659362791,-4,-17,-6,-15,-12,0,-9,-2,4,0,-11,-2,-8,4,sorry
12.232856512069702,-1,-10,-14,-17,-3,2,-1,-1,24,5,-14,2,0,1,sorry
12.247937679290771,2,-6,2,-12,-10,-9,-5,-3,28,9,-4,12,17,5,sorry
12.247937679290771,7,-7,0,-11,-12,-20,-12,0,23,7,7,21,21,12,sorry
12.263880252838137,18,-2,1,-13,-7,-13,-8,0,21,10,12,25,24,19,sorry
12.263880252838137,20,0,5,-12,-3,-6,-9,-2,20,8,16,26,29,15,sorry
12.2785906791687,11,4,1,-9,0,-12,-11,-4,9,2,22,20,19,2,sorry
12.2785906791687,2,9,5,-11,2,-9,0,1,-3,-3,16,8,3,-6,sorry
12.295838832855225,0,4,-10,-13,1,-3,4,3,-5,-11,1,0,-2,-12,sil
12.29683804512024,0,0,-3,-11,-4,-11,-14,6,-7,-20,-6,-2,-13,-13,sil
12.29683804512024,-2,3,8,-6,-11,-14,-21,6,-18,-27,-2,-8,-23,-19,sil
12.311192512512209,-13,0,-19,-9,-14,-11,-18,-6,-28,-34,1,-20,-19,-31,sil
12.311192512512209,-20,0,-8,-5,-9,-3,-25,-10,-36,-39,-9,-24,-21,-30,sil
12.325319766998293,-14,6,1,14,8,12,-15,-5,-32,-27,-16,-24,-21,-15,sil
12.34186840057373,-4,3,-5,24,19,18,3,-3,-20,-13,-12,-21,-13,-7,sil
12.34186840057373,-8,-1,4,10,10,11,4,1,-14,-11,-11,-12,-11,-7,sil
12.356610536575316,-10,-1,5,7,7,14,10,0,-6,-2,-4,0,-6,0,sil
12.356610536575316,2,1,9,15,13,25,26,-2,2,11,15,9,10,10,sil
12.374991655349731,6,-1,5,13,6,17,26,1,8,16,17,5,12,12,sil
12.374991655349731,-1,-7,0,4,0,0,16,3,10,15,-4,-4,-4,4,sil
12.374991655349731,4,3,8,10,8,3,16,7,17,24,-7,1,-2,13,sil
12.388622999191284,22,12,5,22,12,9,19,7,29,41,15,18,18,34,sil
12.405676364898682,17,0,9,15,2,2,10,0,28,42,14,19,20,31,sil
12.405676364898682,-10,-16,-2,0,-11,-5,-4,0,7,18,-14,-2,0,3,sil
12.42172908782959,-18,-16,-13,-13,-13,-7,-6,0,-2,3,-21,-14,-7,-3,sil
12.42172908782959,2,-2,3,-13,-2,-2,3,2,12,15,0,1,7,9,sil
12.436874628067017,17,7,4,0,0,-1,6,5,23,17,4,8,16,12,sil
12.436874628067017,7,0,-2,-1,-9,-3,-3,0,6,-7,-5,-1,1,0,sil
12.451032638549805,-1,-6,-6,-19,-12,-5,-4,-3,1,-13,-5,-1,-5,-5,sil
12.451032638549805,0,0,-4,-11,-2,-10,1,-2,12,1,4,7,10,-2,sil
12.469780206680298,10,5,1,1,0,-14,-2,1,8,1,14,18,22,0,sil
12.469780206680298,17,2,-6,-16,-7,-16,-7,1,-1,-11,19,23,14,5,sil
12.48474407196045,8,3,-1,-30,-9,-19,-13,-1,-5,-21,14,14,1,0,sil
12.48474407196045,-10,4,-4,-18,-6,-21,-29,-7,-17,-26,2,0,-2,-19,sil
12.48474407196045,-17,7,-9,-14,0,-13,-36,-9,-27,-25,1,-1,-3,-23,sil
12.498146057128906,-10,12,2,-8,9,0,-23,-3,-20,-22,7,0,-6,-16,sil
12.513836145401,-12,7,0,12,5,3,-8,-2,-20,-19,0,-7,-21,-19,sil
12.513836145401,-17,0,3,12,-10,6,-2,0,-34,-21,-21,-23,-35,-22,sil
12.530893087387083,-5,-1,1,8,-1,20,6,4,-28,-17,-19,-23,-25,-6,sil
12.530893087387083,6,-2,-2,28,19,26,21,3,-9,0,0,-8,-6,13,sil
12.54511260986328,-2,4,12,38,17,26,27,2,-1,13,-6,-8,-8,10,sil
12.54511260986328,-8,0,3,26,10,23,35,5,16,24,-13,-17,-6,1,sil
12.5606849193573,1,-18,0,7,13,14,36,6,44,44,3,-5,16,13,sil
12.5606849193573,7,-18,6,-5,3,3,14,2,42,43,9,6,23,22,sil
12.576672554016112,12,0,4,-4,-7,-7,-9,-4,20,13,3,5,14,12,sil
12.576672554016112,19,2,11,-6,-8,-11,-14,-3,10,-1,11,14,15,3,sil
12.592747688293455,6,-9,-2,-24,-11,-13,-12,-5,-4,-10,7,12,6,-7,sil
12.592747688293455,-8,-2,-12,-25,-12,-18,-22,-8,-31,-30,-4,0,-14,-21,sil
12.610209226608276,-2,13,0,-1,2,-11,-18,1,-30,-28,0,-4,-17,-13,sil
12.610209226608276,-3,5,-1,9,12,4,6,5,-15,-4,-1,-10,-7,-2,sil
12.62375259399414,-13,-9,-3,11,5,17,17,0,-8,6,-20,-17,-5,-2,sil
12.62375259399414,-5,-7,-5,12,0,18,13,-2,8,16,-19,-8,-4,4,sil
12.63971471786499,0,-10,-4,-10,-5,2,7,0,22,15,-15,-4,-1,10,sil
12.63971471786499,-10,-19,-8,-37,-17,-12,-1,0,8,-2,-13,-8,1,1,sil
12.655604839324951,0,-4,-6,-17,-17,-16,-10,0,7,-3,8,11,17,6,sil
12.655604839324951,26,20,18,11,-5,-14,-11,1,26,12,30,41,32,21,sil
12.670648574829102,23,19,4,5,-5,-12,-11,6,22,8,25,32,21,11,sil
12.670648574829102,3,12,-10,-10,-3,-13,-17,6,0,-10,15,12,0,-6,sil
12.686182498931885,0,16,2,1,10,-7,-8,3,-4,-6,17,16,0,-7,sil
12.686182498931885,8,12,5,24,18,3,5,-1,0,10,20,17,11,0,sil
12.70264983177185,12,13,15,30,19,13,-1,0,-3,4,12,7,2,3,sil
12.70264983177185,0,12,5,19,18,14,-5,0,-11,-1,0,-1,-5,1,sil
12.718719720840454,-18,-9,-10,3,1,10,10,-4,-17,-1,-14,-20,-17,0,sil
12.718719720840454,-18,-16,-1,5,-6,13,21,-1,-15,-7,-26,-30,-31,-7,sil
12.734073638916016,-10,-4,-4,16,6,10,17,0,-4,-10,-30,-30,-22,-12,sil
12.734073638916016,-19,-14,-5,-4,0,4,13,-1,-1,0,-32,-33,-11,-10,sil
12.749586820602415,-18,-24,-7,-25,-18,6,21,0,3,9,-17,-21,-6,0,sil
12.749586820602415,2,-9,-7,-15,-8,2,15,1,9,2,8,6,10,9,sil
12.76499056816101,9,1,4,-13,0,-11,-9,0,0,-15,10,16,15,3,sil
12.76499056816101,9,1,0,-23,-8,-19,-22,-5,-9,-19,3,7,1,-7,sil
12.780349016189575,17,9,6,-18,-4,-14,-20,-3,-14,-9,16,6,0,-9,sil
12.780349016189575,5,6,6,-10,0,-12,-22,0,-21,-11,19,5,0,-11,sil
12.79630970954895,-6,0,1,2,-5,-3,-18,2,-19,-12,5,1,-7,-9,sil
12.79630970954895,3,6,11,23,5,12,-3,8,-4,3,1,0,-5,5,sil
12.811866044998167,3,5,0,30,17,12,7,3,7,22,-3,-1,3,9,sil
12.811866044998167,-4,-2,5,10,1,5,11,-1,17,26,-10,1,12,8,sil
12.827844858169556,-1,-6,9,-12,-12,10,17,0,33,27,-1,2,15,18,sil
12.827844858169556,-1,-14,-16,-14,-5,7,12,-2,34,15,-2,-7,6,15,sil
12.844102144241331,0,-9,-3,-3,-6,-8,0,1,17,-4,-10,1,3,0,sil
12.844102144241331,13,4,3,-11,-9,-20,3,3,15,0,15,29,20,-1,sil
12.859533548355104,18,15,0,-12,1,-18,-1,-3,11,0,34,34,24,-2,sil
12.859533548355104,2,22,2,18,14,-6,-21,-4,-15,-25,7,8,-5,-14,sil
12.87492823600769,-12,12,-6,31,13,-2,-16,-2,-37,-38,-15,-14,-36,-19,sil
12.87492823600769,-16,-6,-3,5,6,2,-2,-6,-37,-19,-17,-14,-37,-14,sil
12.890965700149536,-16,-14,-9,-1,1,16,0,-6,-24,1,-15,-17,-15,-10,sil
12.890965700149536,-17,-17,-11,0,3,22,3,1,-1,14,-11,-26,0,0,sil
12.905970096588137,-14,-13,-1,-11,7,19,11,4,10,19,-9,-18,-1,8,sil
12.905970096588137,-2,-2,-1,-4,-3,3,6,0,7,11,-12,-10,0,9,sil
12.920996904373167,12,7,6,7,-9,-10,-1,2,12,4,-3,-5,9,9,sil
12.920996904373167,21,4,7,-4,0,-6,5,10,23,9,20,10,14,15,sil
12.9365496635437,16,0,2,-12,-1,-4,5,3,13,7,29,20,11,14,sil
12.9365496635437,9,17,10,-3,-7,-10,-5,2,-3,-9,16,18,7,5,sil
12.951618432998655,11,26,11,3,6,-9,-9,6,-7,-17,11,18,2,0,sil
12.951618432998655,6,9,4,9,13,-4,-6,0,-8,-7,11,14,-3,-8,sil
12.966838836669922,-1,-1,-5,21,0,0,3,-5,-6,4,1,0,-3,-10,sil
12.966838836669922,-9,0,1,24,-1,15,16,0,0,11,-13,-16,-6,-4,sil
12.98360562324524,-14,-7,0,12,4,26,20,0,0,11,-21,-22,-12,-3,sil
12.98360562324524,-9,-18,-9,-1,-1,15,22,-1,10,17,-16,-13,0,1,sil
12.9987473487854,-3,-20,0,-16,-11,4,16,0,23,20,-18,-10,6,9,sil
12.9987473487854,-12,-26,-16,-29,-16,-1,2,-1,6,0,-33,-25,-9,-2,sil
13.014695167541504,-14,-23,-18,-28,-20,-13,-5,-1,-10,-21,-23,-14,-4,-7,sil
13.014695167541504,11,0,13,-17,-9,-15,-4,6,3,-3,19,29,27,13,sil
13.03025221824646,33,15,8,-9,7,-15,-9,1,15,7,47,43,35,26,sil
13.03025221824646,23,14,1,-1,6,-22,-22,-6,-5,-16,30,23,10,6,sil
13.045953035354614,7,9,3,-1,-7,-24,-27,-3,-24,-28,10,11,-4,-10,sil
13.045953035354614,8,10,2,-6,-2,-11,-26,-1,-18,-18,13,11,-6,-6,sil
13.061947584152222,3,15,9,6,13,1,-23,-2,-14,-20,15,5,-4,-10,sil
13.061947584152222,-15,10,-3,22,14,2,-15,-3,-20,-19,0,-11,-8,-24,sil
13.077250003814695,-26,3,-3,10,6,6,-10,-1,-21,-6,-15,-19,-20,-26,sil
13.077250003814695,-19,5,1,6,12,16,-1,0,-8,4,-16,-13,-22,-11,sil
13.092859506607056,-10,7,2,28,15,22,11,-1,1,7,-13,-7,-12,3,sil
13.092859506607056,0,7,13,39,3,22,21,1,6,16,-9,-2,-2,11,sil
13.108632564544678,7,2,6,26,-5,12,25,5,13,34,0,0,3,15,sil
13.108632564544678,3,-5,3,0,-8,5,24,5,21,31,1,-2,6,11,sil
13.123965501785278,-3,-16,-2,-19,-12,4,26,0,29,11,-1,-4,7,4,sil
13.123965501785278,2,-19,-13,-29,-9,-11,19,-3,26,8,-4,1,12,6,sil
13.139352321624756,7,-8,-3,-28,-7,-21,-1,0,8,5,-6,4,8,0,sil
13.139352321624756,0,0,-9,-17,-8,-13,-11,4,0,-9,1,0,3,-7,sil
13.155305862426758,0,3,-12,-17,0,-4,-8,1,2,-6,10,0,2,-2,sil
13.155305862426758,0,5,-5,-19,15,2,-12,0,0,0,2,-5,-5,-3,sil
13.171874046325684,-17,-5,-10,-2,16,6,-16,-7,-16,-18,-12,-25,-24,-18,sil
13.171874046325684,-23,-9,-5,8,8,9,-3,-6,-32,-31,-15,-28,-27,-16,sil
13.18661332130432,-6,0,-3,16,9,15,17,2,-19,-5,-11,-9,-7,-2,sil
13.18661332130432,0,-7,3,18,2,12,20,6,5,20,-18,-5,5,5,sil
13.20264768600464,-3,-26,0,-6,-16,2,12,5,15,24,-18,-9,6,15,sil
13.20264768600464,7,-12,-3,-15,-12,2,10,0,22,21,4,8,17,29,sil
13.21877098083496,28,13,23,13,4,1,5,2,27,15,23,30,30,32,sil
13.21877098083496,27,12,16,17,-1,-15,-5,3,15,0,18,28,25,14,sil
13.23391604423523,11,4,-1,-7,-10,-25,-15,-3,-3,-15,11,22,7,-4,sil
13.23391604423523,13,10,10,-4,-2,-8,-9,-1,-2,-16,17,27,7,0,sil
13.250875234603882,22,19,12,6,0,-3,-3,1,2,-6,28,29,19,9,sil
13.250875234603882,11,21,9,-2,-5,-23,-25,-4,-18,-14,23,23,1,-8,sil
13.265931129455566,-1,15,-2,-2,-9,-27,-39,-10,-33,-25,11,13,-21,-22,sil
13.265931129455566,3,11,-1,16,-1,-3,-14,-4,-16,-16,10,9,-10,-4,sil
13.281949758529665,3,10,11,28,11,12,0,3,-11,-10,9,1,0,0,sil
13.281949758529665,-11,2,-2,18,12,7,-8,0,-24,-9,-1,-19,-13,-10,sil
13.29716944694519,-16,-5,-4,7,7,11,-2,0,-16,0,-11,-22,-19,-6,sil
13.29716944694519,-17,-14,-8,0,8,23,15,3,-5,1,-18,-19,-16,-3,sil
13.313640594482422,-35,-30,-20,-17,-1,16,16,-1,-10,1,-32,-33,-23,-21,sil
13.313640594482422,-41,-29,-16,-27,-15,7,16,1,1,13,-38,-36,-21,-23,sil
13.328175067901611,-20,-17,-14,-14,-10,2,20,8,26,23,-27,-23,-5,-3,sil
13.328175067901611,-3,-10,0,-6,-1,4,19,5,27,21,-15,-19,6,4,sil
13.344192504882812,0,-4,3,-12,-3,10,12,0,18,21,-4,-15,15,4,sil
13.344192504882812,1,-2,-6,-17,-9,1,-2,-1,16,15,1,0,20,12,sil
13.360947370529177,6,-8,-3,-21,-12,-12,-10,-4,15,6,3,10,19,14,sil
13.374687671661375,13,-3,0,-17,-5,-15,-5,-4,17,4,15,19,21,11,sil
13.374687671661375,18,14,8,-4,7,-14,-9,0,8,-9,27,24,17,9,sil
13.390739679336548,18,22,3,7,12,-12,-9,0,-11,-21,22,19,0,-1,sil
13.390739679336548,17,20,0,14,9,-7,-3,0,-20,-18,10,11,-9,-12,sil
13.390739679336548,16,29,15,21,15,0,-7,2,-11,-17,14,14,-5,-5,sil
13.406745672225952,11,30,10,35,31,14,-1,-1,0,-2,22,14,0,2,sil
13.406745672225952,5,6,12,39,26,22,15,-1,0,17,2,1,-7,2,sil
13.422842741012571,0,-9,3,30,6,15,17,1,4,14,-16,-12,-13,2,sil
13.422842741012571,-7,-6,-9,19,1,12,13,-3,5,4,-11,-20,-4,6,sil
13.438018560409546,-16,-10,6,0,1,15,11,0,-6,0,-19,-18,-8,7,sil
13.438018560409546,-18,-24,-9,-20,-11,-4,1,5,-16,-12,-34,-12,-18,3,sil
13.45467472076416,-10,-22,-16,-24,-24,-20,-7,2,-5,-15,-33,-6,-8,1,sil
13.45467472076416,-4,-8,2,-20,-21,-11,0,1,10,0,-23,-5,5,0,sil
13.467862844467165,2,-2,0,-21,-13,-10,4,0,19,10,-3,-1,6,2,sil
13.485827445983888,9,-1,0,-19,-14,-17,-8,-2,10,3,17,15,9,1,sil
13.485827445983888,4,-3,-4,-8,-15,-13,-19,-4,0,-4,17,20,8,-6,sil
13.485827445983888,2,2,-2,-8,-8,-12,-15,-1,0,-2,18,18,3,-8,sil
13.499184846878052,10,15,8,-6,2,-11,-10,4,1,1,33,27,16,0,sil
13.51447319984436,1,13,1,1,6,-6,-19,0,-7,-4,35,19,17,-6,sil
13.51447319984436,-10,0,0,-15,0,1,-20,-4,-19,-10,22,0,-1,-19,sil
13.529521703720093,-1,-1,-1,-22,0,12,1,-1,-18,0,13,-5,-3,-4,sil
13.529521703720093,11,10,8,26,7,17,13,-1,-12,4,14,0,4,14,sil
13.545101404190063,12,14,18,58,10,15,6,2,-8,1,15,2,0,9,sil
13.545101404190063,-1,3,0,26,6,12,9,2,-11,-3,-11,-8,-9,-3,sil
13.560382843017578,-13,-5,-8,7,3,16,19,0,-8,-5,-41,-33,-16,-7,sil
13.560382843017578,-12,-10,-16,11,2,21,22,2,12,11,-36,-34,-5,1,sil
13.575920343399048,-8,-18,-12,-8,0,13,15,4,21,20,-26,-15,1,7,sil
13.575920343399048,-12,-16,0,-26,1,-3,3,1,5,2,-27,-10,-3,0,sil
13.591955423355104,-2,-3,0,-13,3,-9,-1,-4,9,-1,-10,-1,5,1,sil
13.591955423355104,17,2,8,-6,0,-7,-8,-3,25,5,8,20,14,9,sil
13.607930183410645,17,2,1,-8,-8,-18,-16,1,13,-2,13,22,5,5,sil
13.607930183410645,4,5,-4,-6,-8,-31,-19,1,0,-15,15,13,0,0,sil
13.622971773147585,3,11,6,-1,-1,-22,-23,-1,1,-8,22,17,0,-2,sil
13.622971773147585,3,9,3,5,1,-9,-28,-4,-5,1,21,12,-10,-6,sil
13.638815641403198,-4,8,5,4,5,0,-19,-1,-15,-3,3,-3,-17,-8,sil
13.638815641403198,-4,8,1,0,18,13,6,1,-8,-11,-10,-6,-18,-9,sil
13.654038667678831,-2,2,-3,7,20,15,28,0,-7,-4,-8,-4,-16,-7,sil
13.654038667678831,-16,-6,-2,5,2,11,30,4,-17,0,-17,-19,-11,-9,sil
13.669570922851562,-22,-12,-14,0,-9,15,26,7,-13,-4,-26,-31,-4,-6,sil
13.669570922851562,-4,-7,0,4,-1,18,27,5,3,6,-13,-15,6,10,sil
13.685623407363892,4,-2,1,9,6,15,28,0,21,26,-2,-3,15,19,sil
13.685623407363892,0,-7,-11,-1,0,5,16,-7,17,20,-10,-14,5,7,sil
13.701685428619385,0,-8,2,-17,-12,-7,-2,-5,4,7,-11,-13,-1,0,sil
13.701685428619385,2,-4,0,-21,-12,-14,-15,-2,15,17,2,9,13,4,sil
13.717812776565552,5,0,1,-14,-4,-9,-15,0,23,9,15,24,18,1,sil
13.717812776565552,3,-1,2,-9,-2,-3,-9,0,3,-18,20,20,8,-3,sil
14.215540647506714,16,9,0,3,0,-20,-16,1,13,15,47,32,28,6,sil
14.215540647506714,16,9,1,-2,8,-10,-11,-3,9,4,27,16,15,0,sil
14.230934858322144,-12,0,-7,-12,-3,-3,-16,-2,-5,-18,-9,-10,-19,-20,sil
14.230934858322144,-33,-14,-12,-23,-16,-2,-21,-2,-20,-25,-20,-23,-31,-25,sil
14.246866464614868,-23,-9,-9,-21,-6,0,-11,-1,-25,-28,-18,-22,-19,-23,sil
14.246866464614868,-13,1,-4,2,4,7,4,1,-21,-19,-18,-23,-14,-13,sil
14.263002634048462,-11,2,7,13,4,19,10,6,-10,3,-15,-25,-13,1,sil
14.263002634048462,-10,-6,-6,0,2,19,13,0,2,17,-16,-24,-5,0,sil
14.278616428375244,0,-4,-6,-5,0,13,24,-2,12,19,-15,-9,7,-2,sil
14.278616428375244,6,4,0,0,-2,8,21,5,15,20,-4,5,20,14,sil
14.294724225997925,1,-1,-10,-4,0,-2,6,-1,11,11,-5,-2,14,17,sil
14.294724225997925,-4,-11,-9,-23,0,-9,4,-8,11,-1,-16,-10,0,-3,sil
14.310283660888672,-5,-12,-14,-33,-11,-16,-1,0,12,-10,-8,0,0,-12,sil
14.310283660888672,-1,-5,-3,-27,-15,-26,-26,-1,-1,-26,3,11,0,-9,sil
14.325623750686646,6,4,14,-7,-3,-13,-24,-5,-17,-29,5,15,-4,-9,sil
14.325623750686646,11,11,9,7,12,4,0,1,-16,-7,12,13,0,0,sil
14.341092824935911,13,13,11,16,18,3,5,4,-6,6,23,18,5,9,sil
14.341092824935911,18,9,23,25,11,-2,-7,5,-3,0,19,24,-3,12,sil
14.356713056564333,8,1,19,14,3,0,-15,4,-8,-6,0,5,-16,9,sil
14.356713056564333,-10,-5,-5,-3,0,0,-10,-5,-16,-3,-11,-17,-14,-2,sil
14.37184238433838,-11,-6,-8,4,0,8,0,-7,-15,0,-8,-15,-9,-6,sil
14.37184238433838,-2,-2,5,15,1,21,11,2,-6,1,-12,-11,-15,2,sil
14.386992692947388,0,-11,-10,4,-2,8,18,0,1,6,-23,-18,-18,6,sil
14.386992692947388,-3,-15,-9,-6,-12,-8,11,-5,7,10,-16,-12,-14,1,sil
14.402865648269652,0,1,1,0,-5,-4,4,1,22,15,9,10,0,4,sil
14.402865648269652,14,17,2,14,4,-1,4,4,34,18,28,27,16,11,sil
14.418044328689575,15,15,15,6,-3,-8,-2,1,19,7,33,30,18,2,sil
14.418044328689575,3,11,1,-6,0,-9,-8,2,5,3,32,19,-11,-5,sil
14.43369746208191,2,19,-2,15,25,3,3,4,6,6,17,10,-21,3,sil
14.43369746208191,-1,14,7,42,13,17,13,-1,-1,-2,-8,-3,44,0,sil
14.44980239868164,-21,-15,-11,15,-14,16,11,-10,-17,-14,-25,-26,96,-19,sil
14.44980239868164,-26,-28,-16,-29,-11,13,11,-3,-8,-9,-26,-35,33,-14,sil
14.46565318107605,-15,-17,-15,-37,-6,5,1,2,7,0,-18,-24,-31,1,sil
14.46565318107605,-2,-9,-7,-27,-21,-17,-17,0,0,0,0,0,-8,2,sil
14.481082201004028,11,-1,6,-19,-19,-24,-24,0,-7,-2,16,22,13,3,sil
14.481082201004028,17,8,4,-13,0,-7,-17,0,-5,-6,13,14,-15,2,sil
14.49671506881714,7,10,7,-11,6,3,-16,-1,-14,-14,1,-3,-29,-10,sil
14.49671506881714,1,10,2,9,18,0,-14,2,-13,-7,7,0,-7,-10,sil
14.512908935546877,2,6,-1,30,22,0,-6,7,-6,-1,2,0,-4,-2,sil
14.512908935546877,-9,0,1,17,4,11,1,2,-12,-7,-24,-20,-26,-5,sil
14.528117418289185,-18,-3,-8,9,2,15,17,-4,-4,2,-29,-22,-22,1,sil
14.528117418289185,-6,-3,2,14,16,14,32,0,11,23,-12,-1,0,14,sil
14.543794631958008,0,-19,0,-2,3,13,31,3,13,22,-11,-4,2,2,sil
14.543794631958008,0,-24,-11,-27,-20,-1,12,-3,16,11,-11,-6,0,-3,sil
14.559569597244264,12,1,7,-23,-16,-20,-1,-1,28,6,11,20,14,13,sil
14.559569597244264,30,16,13,-4,-2,-23,-1,3,22,-1,30,35,21,21,sil
14.574542045593262,23,6,12,-1,-6,-17,-8,-1,-3,-20,21,19,7,5,sil
14.574542045593262,3,6,-2,-11,-8,-11,-22,-5,-22,-23,10,9,-4,-11,sil
14.590665340423584,-6,14,-8,-3,6,-4,-18,0,-18,-5,18,16,0,-6,sil
14.590665340423584,-1,11,13,21,14,0,-8,6,-11,1,23,16,5,10,sil
14.606272459030151,-1,0,6,24,0,0,-9,2,-9,-2,2,-10,-5,4,sil
14.606272459030151,-9,-3,0,4,0,11,-1,-1,-4,4,-17,-31,-15,-6,sil
14.621889114379885,-11,-3,0,11,15,29,22,-2,7,14,-14,-17,-1,0,sil
14.621889114379885,-17,-7,-10,19,6,15,19,-6,9,8,-16,-13,0,0,sil
14.636947393417358,-27,-16,-6,2,-17,-1,2,-4,1,1,-29,-28,-16,-17,sil
14.636947393417358,-11,-16,-5,-3,-8,3,11,0,2,8,-22,-18,-4,-11,sil
14.653064250946043,5,-9,-1,-9,1,3,8,-1,5,6,-9,4,13,6,sil
14.653064250946043,3,-5,-3,-23,-12,-8,-12,-1,0,-2,0,11,11,2,sil
14.668951988220217,8,1,-4,-17,-15,-8,-14,2,3,-3,14,15,9,-2,sil
14.68386435508728,17,15,11,-2,0,-2,-9,3,11,-3,18,25,12,2,sil
14.68386435508728,9,15,2,-3,9,-9,-15,0,0,-10,14,16,4,0,sil
14.68386435508728,5,9,-7,-10,7,-15,-13,0,-16,-18,14,3,-4,-10,sil
14.698176860809326,12,18,0,-1,3,-13,-11,-2,-13,-16,14,6,-4,-8,sil
14.714566469192505,5,17,0,11,1,-9,-16,-6,-11,-13,7,3,-4,-3,sil
14.714566469192505,-6,2,6,9,5,3,-8,0,-24,-18,-2,-6,-13,-6,sil
14.714566469192505,-4,-3,-1,9,10,15,9,7,-17,-6,-8,-9,-15,-6,sil
14.729651927947998,-1,1,0,19,13,15,20,6,5,20,0,-3,-5,3,sil
14.729651927947998,-5,-2,6,17,9,19,28,3,19,33,3,-1,2,10,sil
14.747756958007812,-5,-14,-4,2,-1,21,32,0,26,28,-8,-4,5,15,sil
14.747756958007812,-1,-18,0,-4,-8,15,25,1,27,19,-14,-8,7,21,sil
14.76278829574585,-2,-17,-6,-7,-7,9,19,1,19,13,-13,-14,7,16,sil
14.76278829574585,-7,-12,-12,-9,-9,0,13,0,11,9,-18,-18,1,4,sil
14.778092861175535,-2,-9,1,-11,-13,-6,1,0,10,2,-16,-12,0,0,sil
14.778092861175535,8,-4,2,-10,-13,-15,-4,0,7,-1,3,4,10,3,sil
14.794087171554564,12,4,4,-3,-12,-18,-10,-3,1,0,16,20,19,7,sil
14.808613061904907,11,9,-1,1,-4,-17,-22,-4,-4,-6,11,18,11,3,sil
14.808613061904907,10,5,-2,-4,3,-21,-31,-2,-13,-17,9,13,2,-2,sil
14.825315713882446,2,10,7,-5,3,-15,-26,0,-14,-11,16,15,1,-7,sil
14.825315713882446,-8,14,0,2,2,-4,-24,-3,-15,-13,16,3,-5,-15,sil
14.840920686721802,-8,6,4,2,6,-7,-29,-8,-28,-33,9,-9,-16,-27,sil
14.840920686721802,-2,5,3,1,7,-5,-21,-3,-31,-31,6,0,-18,-23,sil
14.840920686721802,-3,9,0,7,5,9,-4,0,-24,-8,-2,3,-16,-8,sil
14.85614776611328,-8,3,8,10,9,16,4,0,-16,-2,-10,-7,-12,-11,sil
14.873536825180054,-8,-2,0,12,18,14,18,2,0,0,-1,-9,-1,-12,sil
14.873536825180054,-2,0,1,13,16,18,28,9,4,10,-1,-2,0,0,sil
14.873536825180054,-1,-3,0,10,5,18,23,7,1,14,-14,-7,-6,4,sil
14.887100458145142,0,-12,-4,4,0,13,22,0,12,13,-16,-10,-6,7,sil
14.904302597045898,2,-11,2,-3,-1,9,21,-2,21,18,-12,-6,0,16,sil
14.904302597045898,1,-8,-7,-6,-7,1,14,0,24,24,-11,-6,7,19,sil
14.904302597045898,0,-8,0,-11,-11,2,13,4,28,26,-4,-2,12,17,sil
14.917897939682009,0,-9,0,-20,-16,1,13,5,24,18,0,0,11,12,sil
14.933649778366089,-1,-12,-17,-22,-21,-15,0,0,19,8,-3,-1,10,6,sil
14.933649778366089,0,-6,-6,-25,-18,-22,-9,0,19,6,0,7,15,7,sil
14.94893765449524,8,4,-1,-24,-12,-20,-12,-1,6,-2,10,17,13,2,sil
14.94893765449524,10,9,1,-9,-5,-22,-27,-5,-10,-24,14,12,-2,-10,sil
14.96459698677063,1,2,0,-2,0,-19,-36,0,-19,-28,5,2,-12,-17,sil
14.96459698677063,-6,0,-11,-4,-1,-8,-23,-2,-28,-25,-2,-2,-12,-17,sil
14.979955196380615,2,16,5,15,2,9,-3,-3,-22,-20,4,3,-5,-3,sil
14.979955196380615,21,31,15,40,20,16,8,3,-2,-3,20,15,6,19,sil
14.996015310287476,20,23,16,32,23,7,6,2,-4,0,14,19,8,13,sil
14.996015310287476,3,7,9,19,12,6,-6,-4,-16,-13,1,7,-3,-12,sil
15.011517763137816,-7,-1,-10,18,7,8,-9,-6,-11,-12,-3,-11,-9,-15,sil
15.011517763137816,-8,-1,-1,13,9,3,0,0,-7,-1,-9,-15,-7,-2,sil
15.026875257492064,-3,1,10,11,9,9,11,3,-1,12,-5,-2,-1,0,sil
15.026875257492064,-6,-5,6,9,6,11,10,3,8,19,0,-1,0,-2,sil
15.042808294296265,-19,-18,-1,-1,0,3,5,1,6,6,-6,-15,-8,-9,sil
15.042808294296265,-19,-15,-8,-5,-4,2,9,0,2,6,-3,-14,-6,-5,sil
15.058926820755005,-4,-1,-1,0,0,8,13,2,10,26,10,-1,6,3,sil
15.058926820755005,-5,-6,-10,-5,0,7,14,2,11,24,0,-11,0,0,sil
15.073978185653688,-14,-19,-11,-20,-10,0,8,-2,0,7,-13,-22,-8,-4,sil
15.073978185653688,0,-11,0,-16,-16,-1,1,1,4,10,2,0,8,10,sil
15.08989930152893,12,-2,-6,-9,-10,-4,0,4,15,18,8,11,21,22,sil
15.08989930152893,-1,-9,-5,-23,-9,-7,2,-1,10,5,-17,0,3,14,sil
15.105309963226318,-4,-9,-7,-27,-12,-7,8,-3,7,-10,-18,2,0,6,sil
15.105309963226318,17,2,-3,-17,-5,-9,11,0,16,-11,4,18,14,5,sil
15.121168851852415,18,9,6,-13,0,-15,-1,0,12,-10,10,14,13,2,sil
15.121168851852415,5,9,2,-6,-7,-23,-28,-4,-8,-18,9,7,4,-1,sil
15.136763572692873,13,19,12,0,-4,-18,-36,-1,-20,-28,8,12,-1,-8,sil
15.136763572692873,15,22,10,0,4,-7,-22,0,-14,-26,0,11,-6,-11,sil
15.152777433395386,8,17,8,9,8,1,-15,-2,-16,-22,0,9,-7,-5,sil
15.152777433395386,11,18,15,24,15,13,-17,0,-27,-19,3,6,-9,-7,sil
15.16824984550476,-1,6,-4,20,13,10,-6,0,-23,-14,-9,-18,-21,-16,sil
15.16824984550476,-22,-12,-2,11,1,7,11,0,-7,-3,-20,-29,-25,-9,sil
15.183993101119995,-16,-15,-5,10,4,18,20,3,3,13,-8,-11,-9,0,sil
15.183993101119995,-12,-20,-14,3,7,16,12,2,2,16,-7,-12,-4,-4,sil
15.199523210525513,-23,-26,0,-7,-4,4,6,3,3,8,-21,-26,-10,-7,sil
15.199523210525513,-15,-15,-8,-6,-6,3,16,-1,19,21,-6,-12,2,4,sil
15.214951038360596,4,0,-5,-3,-2,-3,3,0,20,29,19,17,18,10,sil
15.214951038360596,11,9,3,0,-4,-14,-13,7,9,18,32,32,25,4,sil
15.230528593063354,12,23,0,6,0,-10,-8,4,2,9,40,32,26,3,sil
15.230528593063354,16,29,19,13,12,0,-8,-2,-17,-1,31,30,10,5,sil
15.245578289031982,10,18,14,26,16,1,-9,-3,-35,-15,11,13,-9,0,sil
15.245578289031982,-6,8,0,26,11,7,12,-1,-18,-8,0,-9,-13,-2,sil
15.261249780654907,-14,-2,-4,7,3,19,29,0,6,8,-15,-25,-10,-2,sil
15.261249780654907,-12,-20,-12,-3,-6,15,25,-1,9,10,-34,-28,-11,0,sil
15.27699851989746,-5,-21,-2,-2,-13,11,23,-2,8,5,-29,-16,-6,5,sil
15.27699851989746,3,-11,0,-4,-13,8,24,0,29,13,-7,-3,9,16,sil
15.29314136505127,10,-10,0,-17,-7,-5,12,0,40,20,-1,-7,20,17,sil
15.29314136505127,10,-8,0,-20,-3,-9,0,2,22,9,-7,-6,14,12,sil
15.308756828308104,11,-4,-5,-10,0,-9,-7,0,8,-2,-3,8,11,13,sil
15.308756828308104,6,-2,-1,-13,0,-20,-20,0,10,-9,0,12,9,5,sil
15.32381510734558,-2,-1,-6,-20,-4,-24,-27,1,3,-15,-1,3,0,-10,sil
15.32381510734558,0,2,-5,-11,-5,-10,-26,-2,-8,-19,4,5,-2,-13,sil
15.339573860168455,3,8,0,-3,-3,-2,-27,-4,-17,-22,12,10,0,-11,sil
15.339573860168455,0,8,-5,-6,-4,-10,-23,-5,-20,-24,12,7,-5,-10,sil
15.354790210723875,6,12,7,-6,-5,-11,-8,-5,-11,-18,11,8,-7,-7,sil
15.354790210723875,3,9,4,-6,-3,-3,-5,-1,0,-7,11,4,-7,-7,sil
15.36998724937439,-15,-1,-3,-5,0,-1,-14,1,-4,-2,5,-2,-6,-13,sil
15.36998724937439,-20,-3,0,2,3,3,-11,3,-10,-7,-8,-6,-6,-15,sil
15.385624408721924,-13,-1,-3,10,7,10,0,0,-10,-12,-15,-14,-15,-13,sil
15.385624408721924,-7,0,5,3,4,14,8,2,-6,-3,-2,-10,-12,-4,sil
15.401703357696531,-3,1,8,1,6,10,12,4,-2,12,4,1,2,2,sil
15.401703357696531,-2,6,6,16,16,9,13,3,-5,14,-9,-1,-4,2,sil
15.417881965637209,0,5,5,25,16,17,12,6,-10,7,-17,-10,-19,1,sil
15.417881965637209,0,-3,-11,10,0,10,9,0,-25,2,-11,-9,-10,0,sil
15.432687520980837,-1,0,-3,0,-7,2,9,-6,-35,1,-9,-4,-5,-1,sil
15.432687520980837,11,7,7,15,4,12,22,2,-16,19,3,4,7,14,sil
15.447824954986572,22,6,10,22,13,12,26,5,-11,32,16,11,25,25,sil
15.463048934936523,5,3,12,11,7,1,11,0,-20,19,9,7,18,12,sil
15.463048934936523,-1,0,-5,11,1,0,4,-1,19,12,5,3,6,5,sil
15.463048934936523,11,-1,0,9,-2,-1,-4,0,58,9,7,8,9,13,sil
15.479655981063845,9,-6,-1,-3,-11,-12,-15,0,40,0,11,10,13,12,sil
15.494850397109984,0,-12,-10,-12,-16,-15,-8,-4,28,0,8,5,13,7,sil
15.494850397109984,-7,-12,-2,-13,-14,-6,1,-1,33,0,-11,-5,0,0,sil
15.494850397109984,-21,-15,-15,-17,-12,-1,0,-1,20,-6,-23,-18,-13,-8,sil
15.509950876235962,-16,-14,-10,-22,-8,-3,-1,0,14,0,-3,-8,-3,-2,sil
15.509950876235962,4,0,2,-16,0,0,12,0,24,11,15,11,18,6,sil
15.525993824005129,13,7,2,-4,4,0,19,1,19,-1,12,11,18,5,sil
15.525993824005129,11,8,8,0,0,-5,0,5,4,-13,6,9,3,0,sil
15.541597843170166,5,1,-5,-7,0,-8,-15,-2,5,-2,10,16,3,-2,sil
15.541597843170166,4,-2,-8,-16,0,-10,-15,-10,4,0,11,15,8,-5,sil
15.558526515960692,12,6,4,-15,-3,-16,-18,0,-13,-11,6,8,2,-6,sil
15.558526515960692,7,13,-6,-5,-4,-18,-25,0,-38,-26,-7,-6,-14,-20,sil
15.574692249298096,-4,8,-4,-4,1,-9,-25,-7,-52,-44,-24,-19,-34,-35,sil
15.574692249298096,-6,4,8,-7,0,-7,-19,-2,-51,-43,-22,-19,-39,-26,sil
15.58811902999878,-9,7,6,0,-5,-5,-16,0,-43,-26,-10,-17,-28,-11,sil
15.605981588363647,-19,6,-7,18,6,9,-10,0,-30,-13,-3,-21,-11,-12,sil
15.605981588363647,-17,0,0,26,17,18,0,3,-12,3,0,-15,-6,-6,sil
15.61986804008484,-9,3,16,19,8,18,7,1,-3,19,-4,-3,-6,11,sil
15.61986804008484,-7,5,1,20,7,15,7,2,0,25,-1,-1,3,18,sil
15.61986804008484,-3,-1,3,26,17,17,16,7,2,28,8,0,9,14,sil
15.63647484779358,-2,-10,7,19,12,20,29,0,5,19,5,3,4,9,sil
15.651023864746094,-3,-9,-3,11,2,15,34,-2,12,9,-4,0,8,12,sil
15.651023864746094,-1,-6,9,7,0,15,30,9,26,25,-5,-2,16,17,sil
15.66663694381714,1,-15,-4,-5,-6,11,19,6,35,40,-4,1,15,14,sil
15.66663694381714,1,-22,-16,-27,-9,0,5,-3,29,17,-8,2,9,10,sil
16.244974374771118,-11,-6,-10,17,-4,13,32,-3,8,19,-10,-17,-1,4,sil
16.244974374771118,-17,-14,-9,1,-6,16,16,-6,3,19,-18,-24,-1,1,sil
16.261380672454834,-16,-18,-7,-15,-4,11,5,-2,0,10,-17,-16,1,4,sil
16.261380672454834,-16,-18,-13,-28,-15,-3,-5,-1,0,-9,-20,-14,-6,0,sil
16.27682590484619,-12,-15,-10,-26,-18,-10,-7,2,8,-6,-17,-15,-7,0,sil
16.27682590484619,-6,-8,-9,-17,-11,-15,-7,2,19,3,-6,-10,3,-6,sil
16.292882680892944,1,-2,-1,-20,-19,-26,-23,2,8,-10,0,0,3,-12,sil
16.292882680892944,9,-2,-5,-27,-19,-22,-24,4,-6,-25,9,8,2,-5,sil
16.30784797668457,5,1,-8,-18,0,-12,-8,-1,-10,-21,14,5,0,-6,sil
16.30784797668457,0,17,9,5,12,-3,-6,0,-6,-14,10,7,-6,-14,sil
16.322746753692627,3,22,5,16,15,5,-4,4,-5,-8,10,7,-4,-9,sil
16.338237762451172,0,10,1,7,10,11,4,-1,-20,-14,1,-8,-3,-10,sil
16.338237762451172,-12,5,4,12,4,14,4,-2,-29,-18,-14,-17,-11,-19,sil
16.338237762451172,-10,5,4,16,10,23,10,5,-6,4,-12,-6,-9,-5,sil
16.354233741760254,2,-3,1,7,15,28,27,6,12,26,0,4,1,19,sil
16.369943618774414,11,-10,-1,12,5,14,27,0,7,26,0,3,8,29,sil
16.37094259262085,6,-10,9,15,-5,2,11,1,9,29,-4,-3,4,24,sil
16.37094259262085,-2,-13,1,-2,-7,1,8,2,30,34,0,0,8,13,sil
16.38659167289734,-6,-18,-5,-20,-9,-3,4,-6,31,22,4,8,16,5,sil
16.38659167289734,-3,-14,3,-24,-8,-10,-4,-9,20,9,1,7,13,3,sil
16.402072429656982,2,-3,-3,-21,-5,-17,-10,0,19,7,4,3,10,4,sil
16.402072429656982,9,5,-1,-21,-10,-20,-18,1,5,-3,-1,12,0,-3,sil
16.418655157089233,13,10,1,-19,-9,-13,-21,0,-8,-12,-3,21,-6,-9,sil
16.418655157089233,20,20,7,0,5,-6,-11,2,2,-4,21,28,8,5,sil
16.432841300964355,26,31,22,21,18,-1,-8,4,8,-1,36,28,21,18,sil
16.432841300964355,17,24,6,19,15,0,-7,0,-3,-3,20,14,8,7,sil
16.44657278060913,8,13,2,15,14,2,-1,0,-10,-7,15,11,0,-2,sil
16.46387028694153,0,7,0,23,15,5,-1,1,-18,-16,12,3,-8,-7,sil
16.46387028694153,-14,-5,-11,20,8,0,-5,-3,-30,-22,-18,-25,-26,-16,sil
16.46387028694153,-19,-10,0,13,1,3,0,-4,-22,-14,-33,-29,-25,-14,sil
16.47891092300415,-11,-4,-5,16,1,8,18,-2,-11,-5,-17,-12,-9,-2,sil
16.49393606185913,-12,-9,-10,10,-2,5,12,-4,-18,-9,-18,-21,-9,-6,sil
16.49393606185913,-20,-16,-8,-1,-10,7,-2,-2,-17,-9,-27,-34,-10,-18,sil
16.508646249771118,-24,-15,-19,-5,-11,6,3,0,-1,1,-15,-27,-5,-10,sil
16.508646249771118,-25,-14,-10,-13,-12,1,14,3,3,8,-8,-22,-1,-1,sil
16.52408480644226,-20,-16,-8,-21,-13,5,12,3,4,7,-10,-22,0,-1,sil
16.52408480644226,-1,-9,1,-18,-11,7,13,1,16,6,-5,-9,1,3,sil
16.539538860321045,17,0,9,-14,-6,0,18,2,25,6,0,8,3,7,sil
16.539538860321045,14,-2,-6,-21,-1,-12,7,0,14,3,7,14,4,5,sil
16.554998874664307,2,-4,2,-26,-3,-16,-15,-3,-4,-5,10,14,3,1,sil
16.554998874664307,5,7,9,-14,-12,-19,-30,-2,-3,-10,13,18,10,-3,sil
16.570579528808594,18,20,8,0,-8,-18,-30,1,7,-6,24,30,19,-1,sil
16.570579528808594,19,17,12,0,4,-9,-19,4,5,1,34,37,19,9,sil
16.585787296295166,6,4,5,1,7,0,-12,1,-5,1,19,15,5,3,sil
16.585787296295166,0,4,8,22,7,15,-7,-1,-14,-1,-2,-5,-12,-7,sil
16.601353883743286,0,13,5,43,18,22,11,0,-9,11,-7,-6,-14,4,sil
16.601353883743286,0,2,0,30,21,15,25,0,0,24,-13,-6,-6,13,sil
16.617311477661133,0,-15,-2,7,7,13,19,0,9,16,-17,-11,-2,5,sil
16.617311477661133,5,-13,-9,-3,-4,6,10,0,21,10,-2,-10,2,9,sil
16.632837533950806,0,-1,-2,-15,-9,-10,-1,0,22,5,1,-4,11,13,sil
16.632837533950806,-1,-1,-5,-19,-5,-14,-11,0,9,-5,-3,3,14,3,sil
16.647977352142334,7,3,-2,-8,2,-8,-11,3,0,-14,12,17,6,-1,sil
16.647977352142334,11,17,11,-6,7,-5,-6,4,-6,-11,25,19,0,-6,sil
16.66298532485962,1,17,0,5,2,0,-2,0,-14,-8,8,3,-6,-12,sil
16.66298532485962,-2,10,6,22,3,5,0,2,-15,-10,-3,-2,-17,-8,sil
16.678654193878174,-2,5,9,19,14,12,11,4,-6,-3,0,1,-16,-7,sil
16.678654193878174,-8,-2,-2,13,12,18,22,0,-3,8,-7,-7,-3,-10,sil
16.694154739379883,-11,-9,-2,13,-2,17,17,-1,-8,4,-24,-20,-5,-1,sil
16.694154739379883,-13,-16,-16,-3,-7,1,2,-1,-3,-3,-23,-22,-12,6,sil
16.710007429122925,-20,-27,-14,-30,-11,-3,-4,-2,1,2,-18,-20,-5,0,sil
16.710007429122925,-18,-23,-5,-28,-18,-1,0,-1,4,11,-19,-13,8,0,sil
16.724632740020752,-3,-12,-4,-12,-18,-12,5,-5,12,8,-12,2,15,10,sil
16.724632740020752,6,-4,2,-13,-13,-17,-3,-5,13,3,0,13,9,10,sil
16.740761041641235,10,0,-2,-16,-5,-11,-13,-2,2,1,5,12,9,3,sil
16.740761041641235,18,10,3,-3,3,-11,-12,-4,0,-1,15,16,12,2,sil
16.756165027618408,14,12,7,1,4,-15,-12,-2,8,-8,27,17,8,-2,sil
16.756165027618408,0,9,-4,-3,1,-15,-18,0,0,-10,25,5,2,-12,sil
16.773600578308105,-1,18,4,6,4,-5,-17,0,-13,-11,16,2,0,-12,sil
16.773600578308105,0,24,7,20,7,1,-2,4,-10,-5,17,3,1,-7,sil
16.788007020950317,3,17,11,20,9,6,3,7,-1,0,24,0,5,-1,sil
16.788007020950317,0,8,8,17,7,13,4,1,0,0,18,-6,0,-1,sil
16.803849697113037,-13,-4,-7,8,1,11,8,-2,-2,-8,-13,-20,-24,-14,sil
16.803849697113037,-15,-9,0,0,2,9,9,1,-14,-13,-33,-18,-26,-18,sil
16.816973447799683,6,-1,3,6,10,12,13,0,-17,-4,-11,0,-3,6,sil
16.83382487297058,12,-6,2,9,4,11,12,-4,-14,-1,-8,0,-1,17,sil
16.83382487297058,-8,-18,-5,-2,-9,6,4,0,-14,-7,-36,-19,-23,-7,sil
16.848308324813843,-16,-18,-17,-8,-11,1,2,5,-1,0,-37,-23,-21,-9,sil
16.848308324813843,-3,-9,-4,-8,-5,4,5,3,18,17,-10,-3,0,19,sil
16.86593723297119,2,-10,-1,-10,-4,8,4,-1,14,18,-1,8,8,22,sil
16.86593723297119,-4,-13,0,-14,-6,4,0,0,3,8,-10,1,-4,0,sil
16.86593723297119,-1,-5,2,-13,-8,0,0,1,11,7,-7,1,-2,1,sil
16.879982709884644,20,6,-3,3,-1,0,7,0,24,16,21,25,28,21,sil
16.895221710205078,29,21,13,19,13,0,5,1,24,20,40,40,43,23,sil
16.895221710205078,14,16,10,5,13,-5,0,4,23,17,32,31,29,10,sil
16.910759687423706,10,1,-1,-19,-5,-21,-4,0,13,1,21,21,17,2,sil
16.910759687423706,17,8,5,-12,-8,-26,-15,-1,-1,-18,18,17,13,-1,sil
16.925928115844727,8,19,0,9,4,-20,-22,0,-7,-18,15,3,0,-8,sil
16.925928115844727,-7,6,2,1,2,-14,-22,-2,-17,-15,7,-8,-16,-18,sil
16.941553592681885,-14,-2,1,-6,0,-6,-16,-2,-31,-19,-2,-14,-21,-26,sil
16.941553592681885,-17,4,0,14,10,1,-6,-1,-29,-16,-9,-15,-17,-19,sil
16.957088947296143,-23,5,4,23,12,13,-2,2,-25,-4,-17,-22,-22,-9,sil
16.957088947296143,-25,-5,-9,10,0,17,1,-1,-20,5,-26,-32,-23,-4,sil
16.972733736038208,-14,-11,-3,1,-3,21,16,-2,5,10,-21,-24,-8,1,sil
16.972733736038208,-9,-12,-3,-5,-2,21,30,2,33,12,-12,-9,4,9,sil
16.988526821136475,-5,-11,-9,-10,-7,6,20,3,28,17,-12,-9,10,10,sil
16.988526821136475,10,-3,2,-8,-4,0,8,0,16,18,-4,-3,18,11,sil
17.003615856170654,16,-4,-8,-8,-1,0,1,-5,14,1,1,6,13,9,sil
17.003615856170654,0,-13,-12,-19,-11,-12,-14,-9,2,-19,-4,4,0,-5,sil
17.01956796646118,-2,-10,-2,-20,-16,-26,-20,-1,-10,-19,1,2,0,-17,sil
17.01956796646118,6,0,0,-12,-6,-19,-12,1,-13,-17,17,13,0,-10,sil
17.03495955467224,11,12,5,0,1,-2,-6,0,-14,-20,15,18,-5,-2,sil
17.03495955467224,10,18,5,14,10,1,0,0,-13,-10,8,7,-7,-5,sil
17.050638437271118,6,18,10,17,19,2,2,1,-16,-1,3,0,-9,-8,sil
17.050638437271118,0,3,3,10,13,11,4,4,-19,-1,0,0,-9,-3,sil
17.066186666488647,-3,-7,-1,13,3,16,11,4,-7,5,-9,0,-2,1,sil
17.066186666488647,-10,-6,12,11,2,16,13,2,5,10,-23,-11,-6,2,sil
17.081939458847046,-17,-10,-4,1,2,20,13,0,7,14,-22,-21,-8,6,sil
17.081939458847046,-6,-9,-10,3,-1,18,11,3,7,22,-9,-14,1,14,sil
17.09758949279785,7,1,4,8,-7,5,4,2,16,24,0,7,14,15,sil
17.09758949279785,13,6,4,-1,-10,-6,0,-5,32,20,13,19,25,17,sil
17.113078117370605,17,9,7,-8,-5,-12,0,-2,38,18,31,20,29,20,sil
17.113584756851196,16,13,2,0,-3,-24,-3,2,23,11,37,25,18,13,sil
17.12875533103943,13,11,2,2,-6,-33,-13,-1,0,-8,31,30,10,1,sil
17.12875533103943,12,12,6,5,0,-24,-16,0,-7,-23,26,25,7,-2,sil
17.144007921218872,2,9,0,5,5,-12,-13,0,-11,-18,20,9,-5,-5,sil
17.14437174797058,-7,-1,4,-1,5,-1,-14,0,-27,-9,2,-1,-20,-9,sil
17.15995168685913,-8,-6,-1,0,11,7,-12,-2,-31,-14,-15,-9,-19,-14,sil
17.15995168685913,-11,-5,-5,0,12,10,-3,-5,-19,-25,-24,-22,-20,-16,sil
17.175637245178223,-14,-12,-2,-12,3,13,4,-5,-17,-16,-31,-29,-21,-15,sil
17.175637245178223,-15,-18,-14,-12,2,19,13,-4,-15,-1,-35,-28,-14,-12,sil
17.191117525100708,-19,-16,-11,-6,7,23,23,1,1,0,-31,-28,-8,-8,sil
17.191117525100708,-19,-14,-14,-9,2,21,27,5,22,7,-26,-34,-5,-5,sil
17.206937074661255,-18,-18,-11,-11,-9,14,14,2,23,16,-26,-34,-4,-4,sil
17.206937074661255,-12,-17,1,-7,-12,8,1,0,15,11,-16,-16,1,2,sil
17.2226300239563,6,-4,0,-5,-6,-4,-1,0,11,13,6,9,22,19,sil
17.2226300239563,16,8,5,-10,-11,-20,-12,-1,0,10,9,19,22,21,sil
17.238361120224,8,5,3,-17,-24,-22,-23,-1,-12,-10,-4,7,0,0,sil
17.238361120224,15,4,2,-16,-19,-23,-16,0,-12,-17,3,8,-1,-9,sil
17.254254817962646,24,19,10,0,-2,-18,-7,7,1,-2,28,26,11,-1,sil
17.254254817962646,14,22,1,17,5,-10,-7,6,15,7,35,32,12,4,sil
17.269597053527832,13,15,11,16,10,-10,-9,0,17,8,37,32,10,1,sil
17.269597053527832,13,13,11,8,9,-5,-7,2,2,7,36,25,13,0,sil
17.2846519947052,0,10,-2,13,7,3,-5,0,-19,-2,16,8,0,-1,sil
17.2846519947052,-4,8,6,22,14,6,-2,-4,-33,-17,3,1,-13,-5,sil
17.300705671310425,0,9,1,24,18,2,1,0,-27,-14,1,0,-8,-9,sil
17.300705671310425,-14,3,-1,16,8,10,6,1,-17,-10,-16,-10,-11,-7,sil
17.315882205963135,-22,-6,0,9,4,18,16,-3,-5,-10,-26,-14,-18,0,sil
17.331021308898926,-8,-10,-3,2,4,11,22,-2,17,2,-14,-9,-5,6,sil
17.331021308898926,1,-8,3,4,-1,11,18,6,37,27,-9,-4,7,10,sil
17.33202052116394,0,-7,-5,9,-4,15,16,3,29,36,-3,-2,8,17,sil
17.346585273742676,-3,-10,-2,0,-4,12,12,-4,1,13,-5,-8,0,19,sil
17.346585273742676,-6,-11,-1,-10,-7,11,4,-8,-4,-6,-16,-19,-6,0,sil
17.36219596862793,3,-3,-5,0,0,5,4,-2,16,7,-3,-11,1,0,sil
17.37894916534424,21,4,4,2,3,-6,5,4,31,25,16,12,16,22,sil
17.37894916534424,14,1,-6,-13,-5,-16,-4,0,19,6,8,9,13,19,sil
17.37894916534424,-1,-3,-3,-22,-12,-13,-12,-4,-1,-16,-4,-3,1,-4,sil
17.392958402633667,0,-7,-2,-18,-7,-10,-4,0,-7,-8,-1,0,-2,-7,sil
17.392958402633667,5,-12,-14,-17,-2,-21,-7,-2,-14,-6,-2,0,-4,-8,sil
17.410587310791016,0,-6,2,-20,0,-20,-21,-3,-31,-24,-4,-6,-4,-22,sil
17.410587310791016,-7,0,0,-16,0,-10,-23,1,-37,-27,8,1,-5,-28,sil
17.424805641174316,-9,2,-4,-12,-1,-12,-24,2,-29,-22,12,1,-10,-26,sil
17.440836429595947,0,17,11,-3,1,-10,-20,6,-9,-11,7,0,-4,-15,sorry
17.440836429595947,3,20,5,13,11,0,-7,5,6,1,5,5,2,-1,sorry
17.45586585998535,-13,2,-1,13,9,13,-5,-3,-11,-9,-8,-4,-9,-9,sorry
17.45586585998535,-25,-10,-4,6,-1,21,0,-5,-25,-12,-25,-23,-20,-20,sorry
17.45586585998535,-9,-6,9,17,0,26,30,2,3,20,-15,-11,-7,1,sorry
17.471919536590576,3,-2,16,16,8,25,42,5,25,30,-4,0,5,24,sorry
17.48699188232422,0,-9,-5,-6,-6,16,23,-1,10,8,-14,-8,2,19,sorry
17.48699188232422,0,-10,-5,-18,-21,11,12,0,12,5,-10,0,5,16,sorry
17.503881454467773,9,2,-1,-2,-4,4,9,5,37,20,13,23,23,26,sorry
17.50450825691223,16,12,0,6,9,-13,0,1,39,16,26,27,29,23,sorry
17.50450825691223,18,13,5,1,1,-26,-4,0,27,10,26,18,23,8,sorry
17.519655466079712,17,14,-4,7,0,-21,-6,2,15,12,29,17,18,5,sorry
17.535735368728638,15,18,2,20,8,-10,-19,0,-9,-6,23,19,0,0,sorry
17.535735368728638,5,12,0,18,5,-2,-18,-5,-27,-27,4,1,-22,-16,sorry
17.550785541534424,-10,0,-3,10,-3,0,-8,-3,-23,-16,-16,-21,-28,-17,sorry
17.550785541534424,-20,-7,2,10,-2,10,-4,2,-25,-2,-21,-22,-23,-7,sorry
17.550785541534424,-18,-13,-9,6,6,13,4,-1,-19,-7,-19,-14,-22,-7,sorry
17.566892385482788,-11,-12,-1,0,9,10,13,-3,0,-5,-25,-17,-17,-8,sorry
17.566892385482788,-9,-13,-2,0,-2,3,12,0,4,10,-25,-19,-4,-4,sorry
17.582928895950317,-11,-24,-13,-14,-17,-5,8,-2,-2,8,-15,-12,5,4,sorry
17.582928895950317,-6,-22,2,-28,-13,-5,3,0,1,-5,-8,2,8,14,sorry
17.598020553588867,6,-4,1,-20,-5,-7,-2,0,5,-4,0,11,13,8,sorry
17.6146719455719,13,4,-2,-20,-14,-22,-16,0,0,-4,18,15,19,-3,sorry
17.6146719455719,17,11,9,-14,-12,-22,-23,0,-2,-7,29,21,20,-1,sorry
17.6146719455719,16,22,6,3,10,-4,-12,-4,-1,-4,23,16,10,-2,sorry
17.62975764274597,4,20,-5,0,14,0,-5,-4,-11,-9,7,0,-7,-12,sorry
17.646923780441284,0,12,3,0,5,0,-9,7,-14,-15,4,0,-10,-10,sorry
17.646923780441284,13,22,21,22,15,17,-3,7,3,1,22,19,8,1,sorry
17.646923780441284,16,25,8,31,21,18,9,0,25,24,28,17,21,10,sorry
17.66100025177002,0,9,-2,14,10,0,12,1,22,24,9,-2,8,9,sorry
17.66100025177002,-9,-5,2,-1,0,3,11,1,7,9,-5,-9,-7,-1,sorry
17.67903971672058,-4,-11,-8,-7,0,18,12,-5,3,0,-7,-7,-8,-4,sorry
17.67903971672058,-2,-10,1,-4,3,14,8,-2,3,1,-12,-7,-10,4,sorry
17.691623210906982,-10,-9,0,-5,4,6,6,6,6,9,-16,-12,-15,2,sorry
17.709715843200684,-14,-12,-16,-10,-7,0,3,3,0,8,-16,-20,-12,-5,sorry
17.709715843200684,-10,-14,0,-3,-9,0,0,-1,-16,-4,-14,-20,-11,-8,sorry
17.709715843200684,-12,-19,-3,3,0,0,6,0,-15,-6,-11,-16,-9,-4,sorry
17.723963260650635,-14,-21,-8,-3,-6,-5,12,1,-1,3,-9,-7,0,0,sorry
17.7380108833313,-9,-10,0,-5,-14,-1,9,-2,-4,0,-4,0,6,-1,sorry
17.7380108833313,-2,-3,0,9,0,2,7,-8,-6,-6,-6,0,3,3,sorry
17.753684520721436,1,-2,9,12,1,-1,1,-2,0,0,-16,0,0,15,sorry
17.753684520721436,1,-4,-3,-4,-15,-11,-10,1,6,11,-13,2,3,11,sorry
17.7690110206604,0,-5,-15,-15,-21,-13,-18,2,5,1,-2,0,6,0,sorry
17.7690110206604,1,0,0,-4,-6,-5,-13,2,-1,-10,1,10,7,0,sorry
17.784720182418823,11,7,-1,-1,3,-3,-4,-4,-7,-13,7,21,10,3,sorry
17.784720182418823,13,10,1,-12,0,-6,-5,-4,-4,-15,7,17,6,-1,sorry
17.799805402755737,6,13,2,-8,0,-6,-10,2,2,-14,8,11,1,-7,sorry
17.799805402755737,6,15,1,2,5,-6,-15,1,2,-10,16,13,2,-1,sorry
17.8150155544281,14,22,9,11,10,-7,-12,0,4,-3,20,17,0,0,sorry
17.8150155544281,13,20,10,17,13,-7,0,2,8,8,22,10,0,-3,sorry
17.83099102973938,1,7,10,4,5,-3,-3,0,0,2,20,1,-6,-9,sorry
17.83099102973938,-3,3,-2,-9,-3,-2,-17,-6,-12,-14,3,-1,-22,-13,sorry
17.846704244613647,0,6,-3,0,3,-3,-9,-6,-11,-10,-7,-4,-25,-9,sorry
17.846704244613647,3,3,10,18,13,11,7,1,-11,0,0,-10,-7,0,sorry
17.86171293258667,2,-2,3,18,4,21,16,5,-9,-2,3,-13,0,5,sorry
17.86171293258667,-4,-7,2,6,0,18,22,1,2,0,-7,-17,-6,0,sorry
17.877769708633423,-10,-9,-3,8,5,21,24,1,10,11,-10,-19,4,0,sorry
17.877769708633423,0,-5,-4,20,9,20,10,1,3,15,0,-5,21,8,sorry
17.894049644470215,5,-1,4,15,5,9,1,2,1,20,-4,0,18,13,sorry
17.894049644470215,-8,-11,-11,-5,-2,1,4,1,10,22,-22,-18,5,8,sorry
17.909570932388306,-18,-22,-14,-27,-10,1,6,0,13,12,-25,-25,0,1,sorry
17.909570932388306,-11,-22,-10,-34,-11,0,8,1,15,10,-6,-8,10,-2,sorry
17.925610303878784,-12,-15,-9,-30,-10,-10,2,1,15,14,2,1,15,-5,sorry
17.925610303878784,-9,-4,1,-22,-14,-20,-3,2,14,13,1,10,11,3,sorry
17.940752267837524,12,8,0,-14,-14,-21,3,0,20,13,13,25,18,17,sorry
17.940752267837524,24,17,9,-7,-3,-19,-2,0,13,0,27,36,17,5,sorry
17.95666527748108,12,13,5,-3,6,-20,-24,-1,-9,-23,20,26,-3,-19,sorry
17.95666527748108,0,7,-4,-1,3,-14,-28,-5,-26,-30,5,8,-23,-21,sorry
17.972726583480835,-1,9,11,8,0,5,-12,-4,-22,-20,3,7,-22,-7,sorry
17.972726583480835,-2,6,6,23,9,7,0,0,-15,-19,0,6,-17,-2,sorry
17.987916231155396,0,5,7,21,12,1,-1,1,-25,-23,-9,2,-21,-1,sil
17.987916231155396,2,10,10,14,8,12,2,-3,-24,-7,-6,2,-14,2,sil
18.00380039215088,-1,0,-4,20,5,11,4,-4,-7,6,-5,-6,-3,6,sil
18.00380039215088,-5,-7,5,17,-1,-3,-5,1,-6,-11,-17,-20,-10,2,sil
18.019137620925903,-2,-3,-3,7,-4,5,0,-1,-8,-16,-14,-20,-9,0,sil
18.019137620925903,-6,-8,-10,3,-2,23,15,-1,0,10,-8,-20,1,0,sil
18.03456234931945,-14,-15,-2,-4,-2,17,16,3,6,16,-20,-24,-3,0,sil
18.03456234931945,-7,-14,-12,-13,0,2,15,-3,14,2,-17,-18,-9,0,sil
18.05017566680908,2,-15,-4,-13,-1,1,7,-1,19,7,-4,-7,1,4,sil
18.05017566680908,-2,-13,-3,-8,-15,-1,-3,8,16,20,-2,-7,8,0,sil
18.065741777420044,-6,-5,-9,-6,-14,-10,-2,1,19,18,0,-9,6,-4,sil
18.065741777420044,8,6,6,1,1,-4,1,-4,22,11,11,4,14,5,sil
18.0887987613678,25,16,6,14,9,0,2,0,11,4,28,23,30,15,sil
18.089799642562863,22,12,4,3,3,-6,0,0,-1,-3,28,27,25,8,sil
18.089799642562863,6,0,2,-18,-1,-5,4,0,1,-3,14,18,11,0,sil
18.09789490699768,3,8,0,-12,6,2,9,1,14,7,13,18,17,7,sil
18.11314392089844,14,22,8,1,11,0,0,3,8,9,24,28,22,8,sil
18.11314392089844,14,12,9,-5,0,-20,-21,1,-12,-8,17,22,2,-6,sil
18.12870073318481,1,2,2,-8,-9,-20,-27,-5,-19,-19,2,6,-6,-15,sil
18.12870073318481,-9,8,-8,2,-1,-3,-16,-2,-16,-12,-2,-2,-4,-15,sil
18.144145250320435,-13,6,-1,3,4,-1,-11,2,-25,-13,-13,-8,-22,-18,sil
18.144145250320435,-10,-2,3,1,6,-7,-10,0,-33,-23,-21,-14,-35,-18,sil
18.16090726852417,-9,-7,-6,0,5,-1,-5,-1,-24,-19,-17,-18,-21,-8,sil
18.16090726852417,-15,-7,1,3,-1,4,-4,4,-13,-10,-11,-15,-13,0,sil
18.17552065849304,-16,-7,-2,5,-5,6,0,4,-7,-3,-12,-15,-17,0,sil
18.17552065849304,-10,-6,-12,5,1,13,8,1,0,4,-13,-17,-10,5,sil
18.19065999984741,-2,-1,3,7,4,23,15,2,10,10,-10,-13,0,6,sil
18.19065999984741,-5,-10,0,2,-3,15,11,-2,17,12,-9,-8,-2,1,sil
18.20587158203125,-13,-18,0,-6,-7,6,12,-1,13,14,-16,-7,-4,4,sil
18.20587158203125,-3,-2,3,6,5,13,35,7,18,26,-5,-1,9,19,sil
18.222962379455566,16,6,4,21,12,17,40,4,34,45,24,12,24,25,sil
18.222962379455566,14,-6,12,4,1,10,15,-2,39,42,28,18,17,16,sil
18.238050937652588,3,-12,0,-9,-7,-1,1,-3,27,13,0,8,6,8,sil
18.23905086517334,6,-3,-7,-6,-10,-15,-7,-7,11,-7,-4,2,13,3,sil
18.25410008430481,8,0,-3,-6,-7,-16,-21,-9,4,-2,16,11,22,-2,sil
18.25410008430481,6,3,0,-11,0,-8,-15,-6,4,-7,15,14,12,-2,sil
18.27078080177307,9,7,5,-16,-3,-12,-12,0,-4,-26,-3,5,-3,-3,sil
18.27078080177307,11,9,-2,-10,-5,-20,-18,5,-18,-24,5,4,-3,-12,sil
18.285117387771606,9,14,2,-1,1,-13,-15,2,-19,-12,19,12,0,-13,sil
18.301045179367065,6,11,5,-2,1,-6,-10,-3,-18,-18,4,5,-9,-12,sil
18.301045179367065,-2,1,-4,-5,-5,-14,-20,-10,-31,-31,-12,-13,-23,-15,sil
18.301045179367065,-12,5,0,4,0,-10,-22,-5,-40,-34,-11,-18,-24,-16,sil
18.31705331802368,-8,15,-3,21,10,3,-2,1,-22,-16,-8,-8,-12,-4,sil
18.31705331802368,0,14,3,24,12,7,4,3,-8,0,-4,7,1,8,sil
18.331616640090942,1,4,6,15,10,6,5,3,-13,3,0,9,3,8,sil
18.331616640090942,0,-7,-5,15,13,18,24,3,-10,7,0,-4,0,8,sil
18.348318815231323,0,-13,4,11,14,32,40,7,11,18,-8,-10,4,12,sil
18.348318815231323,-16,-23,-11,-13,-1,18,30,7,24,19,-15,-15,2,1,sil
18.364346027374268,-26,-31,-22,-31,-19,1,10,1,17,20,-17,-28,-8,-9,sil
18.364346027374268,-10,-12,-7,-11,-13,4,11,-2,19,24,-6,-13,7,0,sil
18.37860655784607,1,1,-4,-2,-7,-2,9,-3,25,18,2,7,22,10,sil
18.39607167243957,0,-2,7,-19,-9,-15,-13,-1,14,10,2,9,7,3,sil
18.39607167243957,11,3,2,-10,0,-9,-19,3,14,7,17,10,11,5,sil
18.39607167243957,21,13,0,0,0,-8,-15,4,16,-7,23,15,18,11,sil
18.40902280807495,6,5,5,-14,-12,-13,-21,-2,2,-16,14,10,-2,-4,sil
18.424577951431274,0,4,4,-4,-2,-9,-17,-5,-1,-5,12,9,-10,-15,sil
18.424577951431274,5,18,25,27,12,-2,-14,5,-8,-11,2,9,-10,-13,sil
18.441599369049072,-1,12,13,31,11,4,-11,7,-24,-19,-9,-2,-22,-14,sil
18.441599369049072,-4,-2,-9,19,13,15,8,1,-21,-5,-4,-5,-18,-9,sil
18.441599369049072,-4,-4,1,12,11,23,16,-1,-17,-4,-16,-8,-17,-5,sil
18.457789182662964,-16,-8,-8,0,0,12,7,-6,-22,-13,-35,-27,-26,-7,sil
18.457789182662964,-13,-12,-7,-12,-3,2,14,-4,-5,0,-21,-20,-3,7,sil
18.470927238464355,5,-2,2,-4,-3,1,16,-1,19,21,5,7,25,26,sil
18.486607551574707,10,1,0,1,-7,-3,0,-4,19,25,18,18,26,26,sil
18.486607551574707,10,-3,8,-6,-9,-12,-5,-1,14,22,20,13,24,20,sil
18.50278186798096,12,-5,-4,-15,-9,-24,-5,-2,14,16,8,9,18,9,sil
18.50278186798096,7,0,-10,-22,-11,-25,-16,-5,5,-2,1,10,0,-6,sil
18.51813149452209,4,7,4,-19,-9,-7,-11,2,-1,-15,15,17,0,-6,sil
18.51813149452209,8,11,3,-3,-2,0,-3,5,-5,-14,16,11,10,-4,sil
18.533747911453247,4,7,-5,2,3,-7,-10,0,-13,-21,2,0,-2,-14,sil
18.533747911453247,-1,7,1,7,9,-4,-4,1,-6,-18,4,2,-6,-8,sil
18.54892897605896,-1,12,12,20,12,10,8,5,10,3,9,3,4,3,sil
18.54892897605896,-3,2,0,22,15,19,10,4,4,6,2,-7,0,-2,sil
18.564984560012817,-9,-6,-7,18,17,19,8,0,-11,-8,-10,-13,-17,-9,sil
18.564984560012817,-11,3,3,18,14,22,17,-1,-8,0,-23,-14,-15,-6,sil
18.58034825325012,-10,0,-8,9,8,17,24,-4,2,22,-22,-22,-6,-5,sil
18.58034825325012,-18,-19,-12,-8,4,6,16,-4,-1,9,-17,-27,-9,-5,sil
18.59502410888672,-23,-18,-11,-8,-1,2,8,0,-4,-4,-24,-23,-11,-4,sil
18.59502410888672,-5,-10,-10,-11,-17,-3,5,0,2,0,-22,-15,-2,2,sil
18.61053347587585,14,-11,4,-23,-26,-13,-1,0,14,5,1,1,9,13,sil
18.61053347587585,19,-3,2,-11,-15,-17,-9,3,19,7,23,23,21,13,sil
18.625528573989868,13,11,9,2,0,-15,-15,2,4,1,23,30,15,1,sil
18.625528573989868,5,13,13,0,2,-13,-21,0,-13,-13,16,18,0,-10,sil
18.64154887199402,0,6,-3,-1,1,-13,-24,-2,-21,-27,9,1,-8,-14,sil
18.64154887199402,-3,4,2,0,1,-5,-25,0,-24,-27,-1,-8,-15,-13,sil
18.657596349716187,-5,1,1,0,0,12,-4,0,-9,-2,-4,-6,-13,2,sil
18.657596349716187,0,4,4,17,4,25,27,2,16,25,0,1,4,21,sil
18.672982692718502,8,5,13,23,8,16,29,3,17,32,-3,-2,11,19,sil
18.672982692718502,11,-4,0,-6,-6,-2,8,-3,5,22,-9,-4,7,18,sil
18.688128232955933,7,-15,-5,-35,-22,-13,-4,-4,3,0,0,1,8,17,sil
18.688128232955933,-1,-11,-6,-29,-13,-16,-12,0,3,-17,2,0,3,-3,sil
18.703927040100098,0,2,1,-12,3,-13,-16,1,-1,-14,3,9,0,-12,sil
18.703927040100098,14,13,10,1,8,-4,-14,0,-8,-6,16,32,7,-2,sil
18.719905138015747,7,13,3,12,7,-3,-8,-3,-15,-12,20,26,2,-7,sil
18.719905138015747,-11,6,4,17,11,5,-1,-1,-16,-15,3,1,-10,-12,sil
18.736055850982662,-16,0,-2,18,15,16,7,2,-6,0,-12,-12,-6,-5,sil
18.736055850982662,-10,-6,-7,12,8,13,10,0,2,15,-18,-20,-1,-2,sil
18.751989364624023,-8,-6,0,1,0,17,14,-2,14,20,-12,-18,-2,1,sil
18.751989364624023,-4,-9,-10,-6,-2,16,16,0,25,12,-6,-9,6,12,sil
18.766752243041992,2,-9,-3,-13,-8,-3,0,0,23,2,-4,0,15,11,sil
18.766752243041992,5,-2,-1,-9,-14,-15,-14,-1,17,4,6,11,15,1,sil
18.782845735549927,0,4,-3,5,-8,-12,-13,-2,1,0,18,15,2,-13,sil
18.782845735549927,-2,11,3,7,1,-8,-13,2,-24,-20,14,3,-17,-23,sil
18.79859185218811,-6,9,-6,4,7,0,-3,2,-25,-24,0,-16,-25,-18,sil
18.79859185218811,-16,0,-2,13,12,13,15,3,-10,-6,-15,-30,-22,-12,sil
18.815016746521,-14,-5,-2,17,11,15,25,5,0,13,-23,-26,-14,-5,sil
18.815016746521,0,-5,-3,2,0,6,26,2,12,26,-12,-11,0,14,sil
18.8295476436615,6,-3,11,-10,-13,-3,23,2,14,20,0,5,12,23,sil
18.8295476436615,12,-1,2,-15,-15,-18,2,0,7,5,1,11,15,12,sil
18.84466242790222,17,2,1,-24,-10,-26,-18,-7,6,-5,8,9,12,1,sil
18.84466242790222,12,6,6,-20,-6,-18,-14,-3,3,-16,14,16,3,-3,sil
18.86168599128723,4,8,0,-5,-2,-8,-10,0,-9,-20,13,22,3,-6,sil
18.86168599128723,1,7,7,-2,1,-2,-19,0,-12,-10,8,13,9,-4,sil
18.876708030700684,1,4,2,6,7,3,-15,-3,-6,0,9,-2,0,0,sil
18.876708030700684,11,6,6,36,19,13,0,-1,0,0,7,-1,-12,9,sil
18.89186763763428,19,9,10,48,23,22,11,4,7,6,3,6,-2,19,sil
18.89186763763428,0,-7,-9,18,5,19,15,2,4,10,-4,-2,3,16,sil
18.907867431640625,-18,-22,-8,-12,-6,16,17,0,-2,8,-16,-12,0,10,sil
18.907867431640625,-8,-15,-9,-15,1,9,11,0,0,12,-19,-10,2,6,sil
18.923831462860107,1,-8,-10,-15,1,-6,-7,-3,1,5,-14,-6,4,-5,sil
18.923831462860107,-5,-11,-5,-26,-12,-15,-23,-5,-7,-13,-4,0,3,-15,sil
18.93940567970276,-3,-2,-3,-26,-14,-15,-23,-4,-18,-25,11,13,5,-11,sil
18.93940567970276,5,19,9,-7,0,-16,-20,0,-26,-27,21,20,1,-5,sil
18.955585479736328,4,19,7,18,10,-7,-6,0,-20,-12,12,8,-6,-6,sil
18.955585479736328,-8,0,5,16,6,12,13,1,-7,0,-7,-10,-13,-6,sil
18.970618724823,-21,-9,1,-4,-1,22,19,5,2,0,-22,-21,-11,-4,sil
18.970618724823,-21,-5,-14,-1,-6,12,12,4,12,9,-25,-24,-8,-3,sil
18.98618006706237,-18,-6,-3,7,-10,2,10,3,16,24,-21,-25,-12,-6,sil
18.98618006706237,-14,-2,1,0,-11,0,11,3,19,19,-9,-12,-7,-6,sil
19.001713514328003,0,5,2,-8,-10,-6,0,1,18,12,3,8,3,1,sil
19.01881146430969,5,-2,0,-13,-9,-9,-10,0,17,13,5,7,5,0,sil
19.01881146430969,2,-16,-12,-19,-4,-3,-4,-1,20,6,7,-2,8,0,sil
19.01881146430969,14,0,4,-8,0,0,-5,-5,19,0,19,15,16,12,sil
19.032939672470093,24,18,13,9,1,-7,-8,-5,8,-1,28,26,13,11,sil
19.032939672470093,20,12,1,9,4,-12,-6,0,0,-11,20,13,3,0,sil
19.04916000366211,24,13,8,9,8,-5,-2,3,1,-9,19,17,7,5,sil
19.063907146453857,26,16,8,21,13,0,0,-1,0,1,26,23,13,13,sil
19.063907146453857,2,0,1,12,16,0,-4,-4,-18,-8,11,5,0,-3,sil
19.08053541183472,-15,-8,-10,0,10,0,-7,2,-30,-19,-3,-6,-13,-21,sil
19.08053541183472,-1,4,0,19,4,0,0,2,-24,-13,0,4,-8,-3,sil
19.08053541183472,3,4,12,26,3,7,0,-3,-27,-11,-4,1,-7,8,sil
19.096599817276,-17,-12,-12,0,0,8,4,-7,-31,-11,-27,-25,-18,-9,sil
19.096599817276,-25,-11,-9,-11,-2,6,18,0,-21,-3,-36,-34,-17,-14,sil
19.11098885536194,-10,-6,2,1,-2,10,17,10,-11,8,-28,-18,-3,5,sil
19.11098885536194,-9,-15,-7,0,-5,8,5,3,1,17,-17,-15,0,10,sil
19.12863254547119,-8,-12,-1,-7,-4,2,9,-1,29,20,-8,-11,4,3,sil
19.12863254547119,6,3,1,-5,3,3,24,1,48,28,-1,4,20,15,sil
19.14373087882996,6,4,2,-12,0,3,14,3,34,23,-2,7,15,19,sil
19.14373087882996,-6,-8,-5,-29,-13,-5,-9,-1,11,-2,-10,-8,-3,0,sil
19.160593509674072,-5,-6,-16,-36,-17,-17,-19,-10,4,-15,-10,-8,-1,-9,sil
19.160593509674072,4,1,-4,-29,-3,-18,-20,-8,1,-7,4,9,8,-2,sil
19.17588782310486,4,2,0,-12,0,-8,-21,0,-8,-5,23,13,5,-1,sil
19.17688727378845,2,15,9,5,-5,-3,-17,3,-19,-19,24,11,-1,-9,sil
19.189929962158203,9,31,14,17,4,1,-1,2,-13,-17,22,16,0,-7,sil
19.204569578170776,13,20,6,16,14,5,3,7,-1,4,29,16,6,0,sil
19.204569578170776,3,3,11,12,8,4,-1,8,2,9,23,8,0,-2,sil
19.220215559005737,-1,0,1,18,12,5,5,-1,-1,-2,3,3,-11,-7,sil
19.220215559005737,0,0,0,22,19,8,8,-4,-9,-1,-3,0,-16,-3,sil
19.235371828079224,-4,-6,4,19,7,7,0,0,-12,4,-5,-2,-7,-1,sil
19.235371828079224,-5,-6,0,23,1,4,6,0,4,7,-9,1,3,5,sil
19.25095701217652,7,0,8,24,8,13,28,0,22,20,-7,8,8,19,sil
19.25095701217652,6,-6,-3,9,-2,12,25,-3,17,20,-14,-3,0,14,sil
19.26610016822815,-12,-23,-14,-17,-23,-2,4,-9,4,-3,-27,-24,-11,-3,sil
19.26610016822815,-13,-20,-6,-24,-21,-9,-2,-1,9,-15,-20,-23,-10,-6,sil
19.2820851802826,0,-10,-11,-14,-9,-8,-5,2,13,-9,-7,-11,2,-1,sil
19.2820851802826,3,-7,-4,-17,-11,-12,-16,0,-1,-7,-4,-3,9,-7,sil
19.296762228012085,0,-4,-3,-25,-19,-24,-27,0,-11,-8,1,-3,4,-13,sil
19.296762228012085,1,-1,0,-21,-21,-33,-32,0,-7,-10,6,0,0,-8,sil
19.31294131278992,3,2,6,-17,-13,-18,-18,2,-7,-11,7,9,6,0,sil
19.31294131278992,-8,6,-4,-16,-1,-4,-9,0,-19,-15,9,6,4,-5,sil
19.328858613967896,-19,1,-4,-18,-5,-11,-30,-6,-34,-28,0,-3,-13,-22,sil
19.328858613967896,-7,0,3,-10,-3,-2,-19,0,-23,-16,0,3,-16,-13,sil
19.34455895423889,21,22,16,18,24,23,20,5,3,19,25,28,8,21,sil
19.34455895423889,32,38,24,47,42,28,22,2,7,29,40,34,26,32,sil
19.359705448150635,15,18,4,45,30,17,5,0,-6,14,24,14,15,19,sil
19.359705448150635,-5,-1,2,26,15,26,15,2,-10,6,-3,-4,-3,8,sil
19.375298500061035,-16,-2,-3,11,9,25,30,2,-2,5,-23,-17,-13,0,sil
19.375298500061035,-14,-5,-10,4,6,10,26,-4,-1,3,-30,-27,-17,-6,sil
19.391318559646606,-6,-7,0,11,8,13,19,0,-4,3,-24,-23,-11,-2,sil
19.391318559646606,0,-1,-7,17,9,19,23,3,12,17,-8,-10,4,8,sil
19.40656042098999,0,0,-5,0,3,5,25,5,37,26,-4,-5,13,11,sil
19.40656042098999,-3,-9,-6,-18,-10,-9,13,3,38,15,-18,-10,3,0,sil
19.42309069633484,-3,-17,-12,-17,-13,-12,2,-1,29,2,-18,-10,-6,-9,sil
19.42309069633484,0,-8,-3,-17,-5,-12,4,0,27,4,2,1,0,-2,sil
19.43852210044861,-2,-8,-8,-21,-13,-19,0,0,24,2,12,4,3,0,sil
19.43852210044861,0,-12,-3,-22,-25,-23,-16,-3,9,-10,-1,3,-3,-8,sil
19.454034328460693,15,0,3,-16,-14,-14,-18,-1,0,-12,6,20,1,2,sil
19.454034328460693,22,9,8,-10,-3,-14,-21,0,-2,-11,33,33,15,13,sil
19.47011089324951,8,2,12,-15,-10,-23,-37,-2,-20,-23,20,19,0,-5,sorry
19.47011089324951,-7,0,-4,-21,-15,-20,-36,-7,-40,-22,-1,0,-19,-20,sorry
19.48552370071411,-9,5,0,-15,-10,-7,-22,-1,-38,-16,9,1,-9,-13,sorry
19.48552370071411,-1,6,8,0,0,0,-16,4,-19,-17,13,3,0,-12,sorry
19.50095272064209,9,14,7,26,16,4,-5,0,-5,-7,1,5,0,-5,sorry
19.50095272064209,17,29,21,42,22,3,4,-2,-7,2,10,10,10,12,sorry
19.516910314559937,6,13,8,27,11,0,-2,0,-18,-1,9,0,9,6,sorry
19.516910314559937,-4,-5,2,15,0,10,-3,0,-17,0,-7,-11,-1,-4,sorry
19.53201651573181,-2,-1,9,24,4,28,7,1,0,12,-2,-6,2,6,sorry
19.53201651573181,-16,-9,-8,11,7,25,8,0,0,9,-6,-16,0,1,sorry
19.54755210876465,-28,-18,-8,-4,2,17,10,0,-6,1,-23,-23,-10,-11,sorry
19.54755210876465,-7,-6,-4,8,7,18,26,2,5,9,-8,-14,-3,1,sorry
19.56371259689331,0,-10,-3,3,5,7,21,0,10,11,-4,-16,0,7,sorry
19.56371259689331,-18,-21,-11,-21,-12,-6,6,0,1,2,-26,-18,-10,-3,sorry
19.57884407043457,-16,-12,-26,-17,-16,-4,6,0,8,3,-24,-7,-7,0,sorry
19.57884407043457,0,-4,-6,-9,-6,1,6,0,13,0,-9,-4,0,8,sorry
19.594273567199707,2,-10,0,-11,0,-3,5,-3,11,0,-5,-3,-5,2,sorry
19.594273567199707,3,-4,-7,-5,1,-7,11,-5,12,8,-6,0,-8,0,sorry
19.609551668167114,7,10,2,4,3,0,12,0,18,13,-4,7,2,2,sorry
19.609551668167114,20,18,8,13,9,7,13,7,35,20,13,29,27,19,sorry
19.62466645240784,31,17,13,8,11,2,10,13,37,30,35,47,38,25,sorry
19.63977527618408,16,8,3,-8,0,-16,-6,2,1,8,24,29,17,3,sorry
19.63977527618408,3,4,-5,-15,-5,-24,-21,-5,-21,-23,5,8,-1,-9,sorry
19.63977527618408,9,10,-1,-14,-1,-11,-15,1,-1,-18,7,10,0,-3,sorry
19.65490174293518,6,2,-1,-24,-5,-7,-10,0,4,-9,4,0,-3,-7,sorry
19.672940015792847,-11,-7,2,-29,-10,-16,-19,-1,-19,-27,-2,-19,-17,-20,sorry
19.672940015792847,-13,2,3,-6,-2,-7,-24,2,-25,-30,3,-11,-17,-17,sorry
19.672940015792847,6,22,11,26,5,5,-14,-1,-10,-12,14,8,-9,-3,sorry
19.68730592727661,12,22,20,32,6,1,-4,-6,-14,-7,16,6,-8,0,sorry
19.70394325256348,-11,-3,1,16,1,0,-5,-6,-26,-8,6,-12,-9,-7,sorry
19.70394325256348,-21,-17,-1,12,0,18,-6,-3,-22,0,-9,-16,-9,-10,sorry
19.71799659729004,-10,-4,-2,15,4,26,6,0,-8,8,-14,-10,-4,-3,sorry
19.71799659729004,-11,-4,-9,6,0,12,19,0,-1,18,-8,-14,0,1,sorry
19.731857299804688,-17,-14,-1,6,-6,6,16,1,0,18,-8,-19,0,-1,sorry
19.731857299804688,-4,-13,-4,13,0,10,13,1,7,13,-9,-10,3,3,sorry
19.747541666030884,3,-17,-6,-12,2,5,23,1,23,19,-3,0,10,16,sorry
19.747541666030884,1,-19,-4,-32,-1,-1,23,6,35,23,-4,0,9,12,sorry
19.76305627822876,0,-1,0,-5,1,-3,7,2,23,7,-18,-6,3,3,sorry
19.76305627822876,1,5,2,3,-1,-4,0,-9,2,-7,-25,0,4,2,sorry
19.778673887252808,6,-4,-9,-15,-13,-10,1,-6,0,-5,-12,12,9,7,sorry
19.778673887252808,17,6,2,-9,-6,-19,-6,4,4,-3,3,20,12,11,sorry
19.794030904769897,14,16,3,4,0,-16,-17,5,6,-6,15,20,14,6,sorry
19.794030904769897,2,2,-13,-16,-6,-12,-26,1,0,-8,19,20,6,-5,sorry
19.80972123146057,2,2,1,-20,0,-11,-32,0,-17,-17,12,13,-7,-15,sorry
19.80972123146057,4,12,6,9,8,-7,-20,-4,-20,-21,5,0,-15,-15,sorry
19.82577610015869,0,13,8,20,5,5,-2,0,-3,-5,19,3,-5,-2,sorry
19.82577610015869,4,14,14,16,7,8,-2,4,-2,10,35,18,11,12,sorry
19.841785669326782,10,13,8,26,11,-1,-12,-4,-26,0,17,9,7,8,sorry
19.841785669326782,2,4,7,26,6,4,-7,-7,-32,-14,-9,-13,-15,-3,sorry
19.856778860092163,-13,-8,-9,8,4,22,15,-2,-8,0,-16,-29,-21,-2,sorry
19.856778860092163,-26,-19,-14,-5,1,25,26,0,2,11,-18,-33,-13,-1,sorry
19.872798204422,-18,-16,-1,-1,-1,16,21,6,5,5,-26,-28,-8,-6,sorry
19.872798204422,-1,-9,-5,-1,3,6,28,8,29,14,-27,-20,0,-2,sorry
19.888851642608643,0,-6,-1,-18,-2,-1,26,2,43,30,-23,-9,1,4,sorry
19.888851642608643,-3,-4,-3,-25,-15,-5,11,2,32,15,-15,1,1,2,sorry
19.904900074005127,4,-4,-7,-16,-7,-5,7,3,20,-12,-1,9,6,-6,sorry
19.904900074005127,2,-3,-5,-16,0,-3,4,-2,8,-14,12,12,8,-12,sorry
19.92090940475464,0,4,1,-11,-5,-8,-14,-6,-4,-4,21,17,2,-6,sorry
19.92090940475464,8,15,17,6,-1,-9,-25,0,-18,-12,17,20,-3,-1,sorry
19.93692326545716,4,12,8,20,7,3,-10,0,-23,-17,2,7,-9,-1,sorry
19.93692326545716,-2,2,3,19,8,13,8,-1,-13,-1,0,-5,-12,8,sorry
19.953606605529785,0,0,4,12,0,12,14,6,6,23,5,-2,0,18,sil
19.953606605529785,1,-4,-16,0,-5,-1,-1,3,18,29,5,0,14,13,sil
19.953606605529785,0,-10,-5,-13,-7,-15,-17,-3,8,6,2,3,10,7,sil
19.971726655960083,6,-5,0,-21,-2,-19,-15,-1,-8,-12,8,13,12,3,sil
19.971726655960083,11,3,-4,-20,-4,-25,-16,-2,-18,-8,15,15,21,-5,sil
19.983930349349976,6,9,6,-17,-12,-26,-30,-4,-20,-10,13,8,8,-8,sil
19.99973845481873,0,7,-4,-12,-10,-15,-28,-1,-20,-20,11,3,-6,-6,sil
19.99973845481873,10,9,1,0,4,0,-8,3,-16,-14,19,8,2,-3,sil
20.01487827301025,18,17,13,21,20,12,8,5,-7,0,20,7,11,6,sil
20.01487827301025,-2,11,2,26,18,18,16,1,-5,-1,-5,-8,-3,1,sil
20.03097248077393,-19,-3,7,21,8,20,14,0,-6,1,-27,-16,-16,-10,sil
20.03097248077393,-7,-8,5,26,10,11,15,-2,1,14,-14,-9,-8,-2,sil
20.046886205673218,-12,-12,-2,15,10,9,16,-1,6,7,-14,-17,-9,0,sil
20.046886205673218,-27,-20,-8,-1,0,19,12,-1,4,-5,-36,-34,-22,-16,sil
20.06198167800904,-19,-19,-5,0,-6,16,11,-5,8,6,-31,-28,-17,-5,sil
20.06198167800904,-7,-9,1,2,-9,7,12,-1,23,26,-11,-8,-2,12,sil
20.07761812210083,-1,-3,-6,0,-6,5,9,2,29,23,-7,-2,2,9,sil
20.07761812210083,6,0,0,-3,-4,0,4,-3,16,0,-13,-2,0,6,sil
20.09833264350891,0,-4,-3,-18,-11,-5,2,-3,3,-12,-12,-4,-2,4,sil
20.09833264350891,-2,-7,-17,-18,-11,-9,0,5,8,-1,-1,-3,0,2,sil
20.09833264350891,19,10,5,4,0,-7,2,9,16,-1,13,14,16,8,sil
20.10799503326416,30,20,7,6,-2,-11,0,5,9,-10,21,29,19,10,sil
20.123937606811523,10,0,0,-21,-10,-21,-14,1,-8,-9,23,25,11,1,sil
20.123937606811523,-5,-10,-2,-29,-8,-15,-20,2,-13,-5,21,14,8,-8,sil
20.1392035484314,-3,2,-11,-12,0,-6,-19,-3,-8,-10,12,8,0,-11,sil
20.1392035484314,7,19,5,3,10,-5,-23,-1,-14,-10,9,15,-5,-5,sil
20.15522170066833,11,23,12,17,16,-6,-13,2,-18,0,20,21,5,0,sil
20.15522170066833,4,16,4,10,8,-6,-4,-1,-16,2,26,14,2,-4,sil
20.170491695404053,0,7,6,-3,3,-3,-9,-6,-27,-13,14,4,-17,-11,sil
20.170491695404053,4,4,5,6,7,4,-1,-6,-34,-21,-3,0,-12,-6,sil
20.18654847145081,5,4,8,20,9,14,13,0,-11,-2,-9,0,4,5,sil
20.18654847145081,0,-5,0,8,5,16,15,3,9,15,-2,-5,-3,8,sil
20.20168447494507,-10,-14,-5,-2,1,15,14,1,5,5,-14,-19,-17,-4,sil
20.20168447494507,-15,-10,-7,1,0,17,10,0,1,1,-34,-28,-9,-7,sil
20.217003345489506,-8,-3,-7,10,8,9,6,1,18,24,-14,-15,7,8,sil
20.217003345489506,-6,-4,3,5,8,0,3,0,30,32,7,-3,14,15,sil
20.23312449455261,-18,-17,-9,-11,-5,3,2,-1,24,12,-15,-23,2,1,sil
20.23312449455261,-16,-23,-17,-15,-12,4,5,0,13,5,-36,-39,-11,-3,sil
20.24852180480957,-2,-12,-1,-5,-8,0,17,4,14,20,-11,-16,-1,6,sil
20.24852180480957,-1,-13,-4,-18,-12,-2,18,1,24,16,7,3,16,10,sil
20.26460003852844,-8,-22,-6,-38,-25,-9,0,0,22,-5,0,3,15,2,sil
20.2798171043396,-2,-7,-3,-23,-20,-17,-17,0,4,-10,5,10,8,-2,sil
20.2798171043396,10,19,4,4,-1,-18,-22,-3,-7,-11,19,22,6,-6,sil
20.2798171043396,20,36,15,15,4,-8,-7,2,-2,-15,24,31,12,-1,sil
20.29667043685913,22,32,11,16,0,-8,0,5,0,-10,27,30,13,8,sil
20.29667043685913,14,20,14,18,3,-13,-21,-7,-30,-22,13,9,-9,-2,sil
20.311134338378903,5,13,1,23,11,-9,-25,-10,-54,-40,-5,-6,-31,-23,sil
20.311134338378903,1,8,0,25,8,4,-3,1,-32,-32,-2,0,-22,-12,sil
20.32629942893982,0,1,14,14,8,17,7,4,-7,-9,3,0,-11,-3,sil
20.32729959487915,-1,-2,0,7,15,14,12,-2,0,9,-6,-4,-9,-7,sil
20.342609882354736,-8,-5,-4,3,7,11,12,0,-3,14,-16,-4,-8,-1,sil
20.342609882354736,-8,-11,-1,0,-2,14,5,-1,-16,3,-16,-11,-9,0,sil
20.358698844909668,0,-12,-3,1,5,13,14,-5,-18,7,-14,-13,-7,3,sil
20.358698844909668,0,-5,4,4,8,13,28,4,6,28,-11,0,5,17,sil
20.374621152877808,0,-7,-6,-5,0,5,22,11,29,29,-1,2,23,21,sil
20.374621152877808,15,-1,-3,-16,-3,-9,-5,2,31,12,11,7,30,17,sil
20.39013957977295,17,4,3,-18,-4,-16,-28,-1,21,5,15,13,16,9,sil
20.40586376190185,-11,-7,-14,-24,-18,-19,-34,-4,-1,-7,1,0,-7,-16,sil
20.40586376190185,-31,-11,-14,-31,-23,-15,-24,-5,-11,-28,-4,-10,-19,-33,sil
20.40586376190185,-17,1,-9,-13,0,-4,-12,0,-3,-22,2,-9,-13,-19,sil
20.42125344276428,-8,4,0,10,20,3,-7,4,-4,-2,0,-12,-9,-4,sil
20.42125344276428,-11,-3,1,18,11,10,4,4,0,5,-8,-10,-3,2,sil
20.43732094764709,1,-8,0,17,0,12,29,3,26,24,-8,-1,12,21,sil
20.45385980606079,17,-5,15,7,-8,11,36,2,31,41,-5,1,18,30,sil
20.45385980606079,13,-3,0,-6,-15,2,20,-1,20,30,4,4,10,23,sil
20.45385980606079,3,-2,-10,-15,-12,-5,8,0,20,4,13,9,10,12,sil
20.46871900558472,2,0,1,-17,-4,-8,6,0,10,-7,10,8,14,0,sil
20.46871900558472,3,6,0,-9,0,-8,-10,-6,-11,-13,17,11,12,-7,sil
20.484834909439087,10,23,13,5,10,-12,-28,-4,-23,-24,29,24,8,-9,sil
20.484834909439087,14,29,12,21,9,-18,-24,0,-25,-28,20,18,0,-14,sil
20.500727891922,10,16,1,20,-2,-19,-23,-5,-35,-25,4,1,-15,-17,sil
20.500727891922,3,8,3,6,-1,-3,-20,0,-26,-18,0,0,-19,-10,sil
20.51629066467285,-3,3,5,5,9,17,0,9,3,-5,-5,-4,-11,-4,sil
20.51629066467285,-8,-2,11,17,10,29,14,4,10,4,-19,-14,-10,-3,sil
20.53197407722473,-8,-9,0,16,7,24,12,-3,-7,10,-24,-13,-15,-5,sil
20.53197407722473,-16,-20,-12,-2,7,9,13,-5,-21,8,-25,-21,-21,-12,sil
20.54702925682068,-32,-26,-10,-16,1,9,17,0,-13,2,-29,-36,-25,-18,sil
20.54702925682068,-26,-19,-9,-8,-1,16,20,1,7,3,-26,-30,-9,-10,sil
20.562891721725464,-2,-9,2,0,0,10,17,1,20,8,-11,-11,8,5,sil
20.562891721725464,5,-9,-2,-6,-5,-6,3,0,19,1,-2,0,10,21,sil
20.578728199005127,6,-9,-4,-18,-19,-20,-12,0,17,-4,-1,11,12,24,sil
20.578728199005127,16,0,6,-12,-18,-20,-15,0,11,2,2,21,24,14,sil
20.59390902519226,21,9,-5,-2,-6,-19,-11,0,-3,5,14,22,26,6,sil
20.59390902519226,16,11,0,-4,2,-9,-7,2,-9,2,30,30,22,11,sil
20.60951066017151,10,13,4,-1,12,4,-3,5,1,12,40,32,19,10,sil
20.60951066017151,1,9,-6,0,17,0,-9,1,1,5,23,12,2,-5,sil
20.62563443183899,0,11,0,2,5,-10,-17,-1,-12,-16,0,-1,-19,-12,sil
20.639811992645264,9,21,3,17,-2,-3,-5,-3,-15,-16,0,3,-22,5,sil
20.639811992645264,12,16,13,30,8,8,14,-4,-4,-2,4,7,-13,14,sil
20.639811992645264,3,-1,14,18,13,17,24,-1,0,8,4,-2,-12,0,sil
20.65593433380127,-10,-9,-5,0,-2,16,17,1,3,23,-2,-21,-13,-3,sil
20.65593433380127,-21,-6,-9,-4,-15,7,3,0,16,26,-15,-28,-16,-4,sil
20.67145657539368,-17,-19,-14,-6,-19,0,3,0,31,16,-17,-20,-33,-8,sil
20.67145657539368,-12,-24,-11,-20,-26,-1,7,0,19,2,-14,-13,-9,-2,sil
20.688121795654297,-9,-10,-6,-26,-16,-9,-5,0,0,-9,-13,-11,67,0,sil
20.70276355743408,0,0,-4,-13,4,-24,-21,-4,-3,-20,-7,0,76,-2,sil
20.70276355743408,6,1,8,-13,3,-20,-25,-7,-9,-29,0,15,0,-2,sil
20.71666955947876,8,2,8,-18,-1,-8,-24,-5,-23,-31,3,16,-21,-6,sil
20.71666955947876,10,12,9,0,11,0,-20,-1,-26,-18,14,13,0,-12,sil
20.73275256156921,0,18,4,16,22,6,-3,5,-20,-5,16,7,-9,-14,sil
20.73275256156921,-14,12,-9,11,16,2,6,3,-12,-7,5,-2,-19,-18,sil
20.748552799224854,-10,17,6,17,13,4,6,5,1,-5,2,0,-8,-16,sil
20.748552799224854,2,17,10,36,17,20,18,8,11,15,0,1,-3,1,sil
20.76455807685852,4,-4,3,27,6,25,30,1,3,27,-14,-11,-5,15,sil
20.76455807685852,0,-20,-3,-1,-11,14,21,-5,-4,20,-18,-16,-8,14,sil
20.780055046081543,-3,-20,-4,-8,-11,10,16,-3,0,13,-9,-11,-6,13,sil
20.780055046081543,0,-13,9,3,0,13,22,1,11,15,-4,-5,2,19,sil
20.798085927963257,7,-7,-5,3,0,2,17,1,21,21,2,6,12,22,sil
20.798085927963257,7,-8,-11,-17,-12,-11,-4,-2,18,5,4,9,4,10,sil
20.798085927963257,0,-8,-1,-24,-17,-12,-16,-1,5,-15,-2,-2,-5,-4,sil
20.812800645828247,4,-3,-6,-1,0,-5,-7,1,10,-1,6,3,6,3,sil
20.82693886756897,16,2,4,7,13,-3,0,2,20,14,22,20,19,19,sil
20.82693886756897,7,2,2,-4,3,-11,-4,0,8,0,11,12,9,7,sil
20.842958450317383,0,0,-1,-10,-9,-14,-15,1,-8,-12,2,4,0,-11,sil
20.842958450317383,4,0,6,-10,-8,-8,-21,3,-13,-10,12,13,2,-9,sil
20.85893440246582,0,0,-4,-15,-5,-17,-27,-2,-13,-17,11,4,0,-6,sil
20.85893440246582,-8,4,-3,-11,-5,-23,-28,-3,-14,-24,-2,-5,-11,-14,sil
20.87455630302429,-4,12,-1,1,-6,-7,-17,0,-16,-23,-12,0,-16,-16,sil
20.87455630302429,0,15,0,3,-4,1,-7,-4,-25,-22,-7,2,-15,-12,sil
20.88963794708252,3,20,13,7,7,9,0,-5,-27,-11,5,2,-6,-11,sil
20.88963794708252,3,21,8,29,20,20,17,0,-10,6,2,-5,0,-8,sil
20.905532598495483,-7,13,7,35,16,23,27,3,0,14,-12,-20,-4,-6,sil
20.905532598495483,-15,-2,-3,15,8,17,25,6,4,17,-15,-24,-4,-1,sil
20.920690059661865,-18,-19,-17,-2,2,11,26,4,23,22,-15,-21,0,11,sil
20.920690059661865,-14,-19,-6,-5,-4,8,26,1,35,25,-18,-13,2,18,sil
20.936665773391724,-2,-12,-5,-5,-7,1,15,-1,28,25,-14,-7,6,13,sil
20.936665773391724,8,-9,-1,-15,-9,-6,-8,-4,15,9,-10,-5,11,4,sil
20.95194292068481,17,0,1,-19,-8,-13,-27,-9,6,-6,8,12,19,0,sil
20.95194292068481,21,8,-1,-7,1,-20,-23,-7,-6,-3,35,39,23,0,sil
20.967507362365723,11,2,4,-6,1,-17,-9,3,-17,-7,28,31,8,0,sil
20.967507362365723,-2,-9,-8,-14,-7,-6,-7,5,-7,-19,4,0,-8,-3,sil
20.98303723335266,-12,-3,-4,-5,2,-3,-13,0,0,-19,-3,-5,-13,-10,sil
20.98303723335266,-11,9,7,11,15,-1,-1,2,-8,-11,-6,-1,-11,-13,sil
20.99851655960083,3,10,7,19,11,11,15,3,-13,0,-1,-6,-7,0,sil
20.99851655960083,9,5,10,20,4,23,17,1,-8,8,9,-1,-1,13,sil
21.013892650604248,-5,-5,-1,10,-1,17,14,4,-8,14,6,0,0,13,sil
21.013892650604248,-14,-15,-2,-4,-6,8,13,3,-8,9,-8,-12,-3,6,sil
21.029905319213867,-7,-17,0,-6,-5,8,9,-1,5,4,-13,-14,-5,4,sil
21.029905319213867,-2,-16,-6,-11,-10,0,1,-5,17,5,-7,-3,-1,3,sil
21.045519828796387,-1,-8,0,-25,-18,-10,-11,0,11,1,0,3,0,-8,sil
21.045519828796387,5,5,0,-14,-8,-11,-18,4,8,0,7,14,3,-11,sil
21.060850858688354,24,21,9,8,3,-12,-11,-1,13,1,18,28,18,6,sil
21.060850858688354,25,19,11,1,2,-15,-9,-9,0,-8,19,24,17,7,sil
21.07608366012573,6,5,-2,-9,0,-13,-15,-5,-21,-28,4,4,-4,-8,sil
21.07608366012573,0,10,12,12,7,0,-6,4,-15,-28,-9,-3,-15,-8,sil
21.09159755706787,-2,13,2,31,23,15,13,3,0,-3,-9,-13,-7,-2,sil
21.09159755706787,-16,-5,-14,24,25,19,13,-3,-2,14,-14,-26,-7,-7,sil
21.10752964019776,-18,-11,-5,22,12,19,10,0,-5,20,-18,-23,-11,0,sil
21.10752964019776,-5,-3,-6,19,1,14,22,0,10,20,-11,-16,-5,7,sil
21.12290620803833,0,-6,-2,-2,-5,2,21,-2,25,18,-7,-10,3,7,sil
21.12290620803833,0,-15,-7,-19,-11,-10,7,2,32,16,-3,0,11,13,sil
21.13826560974121,-3,-10,-7,-25,-18,-23,-6,4,25,0,1,3,7,4,sil
21.13826560974121,-6,1,2,-30,-22,-24,-22,0,3,-17,3,7,1,-16,sil
21.15432119369507,2,7,0,-22,-16,-19,-30,-2,-13,-19,7,22,6,-11,sil
21.15432119369507,13,9,5,-13,-9,-14,-30,2,-29,-24,17,25,8,0,sil
21.16942811012268,8,12,2,-10,-5,-6,-23,3,-40,-27,16,21,5,-8,sil
21.16942811012268,6,13,1,7,1,0,-6,-1,-29,-11,4,18,0,-12,sil
21.186108589172363,8,9,11,28,7,5,1,0,-13,-3,-2,-1,-11,0,sil
21.186108589172363,0,-4,0,15,7,7,2,0,-7,-3,0,-21,-15,1,sil
21.20102572441101,-8,-4,2,-3,14,19,12,0,-4,6,6,-9,0,0,sil
21.20102572441101,-3,7,6,15,23,28,26,5,-1,16,9,0,11,11,sil
21.21671223640442,-1,3,2,37,17,18,20,2,1,17,6,-9,4,16,sil
21.21671223640442,0,-5,5,18,8,9,14,-1,16,23,4,-6,0,15,sil
21.231139421463013,0,-12,-4,-12,1,9,20,0,27,30,1,-2,5,19,sil
21.231139421463013,-10,-16,-7,-24,-8,6,15,0,17,19,-16,-14,-2,6,sil
21.247315883636475,-16,-15,-10,-8,-10,2,5,0,11,4,-32,-27,-18,-14,sil
21.262013912200928,-10,-16,-14,0,-7,0,2,-3,17,3,-23,-21,-16,-12,sil
21.262013912200928,-6,-15,-5,-20,-9,-6,-4,-6,18,2,-7,0,0,0,sil
21.27959442138672,5,0,-3,-22,-6,-9,-10,-1,15,0,3,19,11,3,sil
21.27959442138672,28,16,11,2,0,-8,-12,7,15,1,18,31,19,7,sil
21.27959442138672,24,14,12,6,1,-12,-13,1,10,-5,20,27,14,0,sil
21.293561220169067,-4,5,-4,-10,0,-20,-16,-5,-9,-32,0,2,-6,-15,sil
21.309994220733643,-10,3,-1,-17,-8,-19,-20,-2,-35,-46,-8,-4,-17,-22,sil
21.309994220733643,1,3,-1,-6,-11,-13,-11,-2,-38,-27,0,6,0,-14,sil
21.324211359024048,-1,6,0,1,0,-9,-7,-1,-26,-12,-2,3,0,-8,sil
21.324211359024048,-15,1,-4,0,2,-3,-9,4,-22,-18,-16,-17,-19,-15,sil
21.341813564300537,-10,-3,-3,2,0,5,0,0,-16,-9,-9,-20,-19,-14,sil
21.341813564300537,6,7,18,17,7,15,10,0,-2,16,4,0,2,3,sil
21.341813564300537,8,9,7,27,9,18,15,4,2,26,3,3,5,16,sil
21.3567636013031,-4,-2,-2,22,6,19,21,3,4,15,-4,-6,-5,16,sorry
21.37085247039795,0,-2,5,19,9,20,29,0,24,25,0,1,5,18,sorry
21.37085247039795,10,-3,0,11,0,10,21,-3,32,41,8,7,22,23,sorry
21.386818408966064,1,-10,2,-9,-9,0,5,-2,13,20,0,-8,11,17,sorry
21.386818408966064,-1,-3,-2,-14,-2,-4,0,1,13,-1,-1,-9,3,6,sorry
21.40591621398925,16,7,0,-4,4,-12,-10,5,27,1,11,12,15,5,sorry
21.40591621398925,16,2,-1,-13,-6,-17,-21,0,10,-4,18,16,12,2,sorry
21.40591621398925,3,-1,-11,-25,-9,-16,-22,-3,-13,-18,19,12,6,-4,sorry
21.4180212020874,11,14,6,-4,7,-5,-16,2,-14,-12,23,24,14,1,sorry
21.433672428131104,11,16,3,14,9,-1,-12,3,-10,-12,17,16,3,-1,sorry
21.433672428131104,-12,-3,-7,-2,-9,-9,-14,-3,-18,-17,10,-1,-13,-22,sorry
21.44969367980957,-25,-11,-5,-20,-12,-3,-10,1,-15,-7,9,-3,-3,-17,sorry
21.44969367980957,-22,-11,-18,-9,-2,5,1,1,-9,-8,-14,-19,-9,-11,sorry
21.46487617492676,-14,-7,0,8,0,5,4,-5,-19,-24,-39,-32,-40,-29,sorry
21.46487617492676,-1,0,11,26,5,10,5,-2,-19,-10,-25,-12,-30,-16,sorry
21.480069875717163,-1,0,1,29,5,11,10,3,-5,13,-9,1,-5,14,sorry
21.480069875717163,-10,0,6,15,-2,5,13,2,0,9,-17,-7,-11,5,sorry
21.495932817459103,1,3,3,13,7,9,20,0,2,8,-13,-3,-5,0,sorry
21.495932817459103,16,4,7,20,16,21,22,1,16,24,1,7,12,23,sorry
21.511548042297363,8,1,6,17,6,18,17,2,29,35,7,6,14,30,sorry
21.511548042297363,-1,-4,-8,1,5,0,10,-6,26,25,0,-1,13,11,sorry
21.526955604553223,-5,-9,-8,-24,0,-9,-1,-3,4,-1,-20,-15,2,-4,sorry
21.526955604553223,-5,-8,-8,-42,-17,-8,-8,3,-5,-18,-25,-19,-8,-8,sorry
21.54257774353028,6,-1,1,-31,-4,-5,-5,0,7,-10,-3,0,6,3,sorry
21.54257774353028,15,0,5,-19,6,-10,-7,0,19,6,15,18,27,11,sorry
21.55762481689453,3,-3,-3,-28,-8,-17,-11,0,18,8,13,9,15,0,sorry
21.55762481689453,-2,-1,-5,-34,-14,-12,-10,-3,9,-9,1,0,-3,-9,sorry
21.5730369091034,4,0,-4,-21,-10,-10,-11,-1,-5,-14,3,5,0,-2,sorry
21.5730369091034,10,3,5,-3,-6,-12,-11,0,-12,-4,22,23,9,0,sorry
21.588935136795044,2,5,-4,0,-5,-3,-3,-7,-12,-13,28,22,3,-13,sorry
21.588935136795044,-11,0,-10,0,-10,0,-6,-4,-21,-25,12,1,-10,-25,sorry
21.604249238967896,-11,4,8,19,3,0,-10,8,-16,-7,8,-1,-11,-17,sorry
21.604249238967896,-3,15,2,39,26,2,1,7,2,7,16,1,-2,-6,sorry
21.62004232406616,-10,7,-1,21,16,6,8,1,-5,-1,2,-9,-5,-3,sorry
21.62004232406616,-13,0,0,6,0,8,4,4,-22,-8,-15,-20,-10,0,sorry
21.63566756248474,6,7,0,31,7,7,1,1,-18,-2,-11,-15,-12,2,sorry
21.63566756248474,15,16,18,44,13,12,1,3,-5,1,-3,-5,-8,10,sorry
21.651201963424683,5,3,4,21,2,17,2,0,0,2,-8,-3,-2,16,sorry
21.651201963424683,1,-8,-1,5,-12,13,2,-5,2,6,-14,-9,-7,11,sorry
21.66694951057434,10,1,13,21,2,14,16,0,17,31,0,-1,3,13,sorry
21.66694951057434,16,5,3,22,25,9,31,2,35,48,12,16,27,27,sorry
21.68269157409668,0,-13,-3,-20,-6,-7,10,-4,18,14,-5,13,12,14,sorry
21.68269157409668,-16,-28,-11,-44,-32,-21,-15,-6,-7,-23,-21,-4,-10,-14,sorry
21.69794726371765,-4,-16,-8,-24,-10,-20,-11,0,0,-11,-3,4,4,-4,sorry
21.69794726371765,13,0,5,-13,0,-14,-2,4,23,13,16,27,21,16,sorry
21.713955402374268,6,0,-4,-22,-8,-13,-10,-1,18,3,16,17,10,-1,sorry
21.713955402374268,-12,-4,-10,-31,-6,-13,-20,-4,-11,-21,0,-4,-1,-26,sorry
21.728838205337524,-12,2,-3,-20,0,-5,-16,-1,-26,-22,-4,-2,0,-18,sorry
21.728838205337524,6,16,5,5,5,0,-7,-7,-21,-11,7,7,-1,-5,sorry
21.74488639831543,10,19,9,18,10,1,-17,-6,-27,-15,8,-1,-10,-11,sorry
21.74488639831543,-6,12,6,19,10,5,-17,3,-28,-15,-5,-15,-10,-14,sorry
21.76048445701599,-11,6,7,26,11,18,4,7,-5,0,-5,-16,-2,-4,sorry
21.76048445701599,-3,-6,-4,18,8,23,22,5,13,11,-1,-16,-1,0,sorry
21.77707529067993,-5,-17,-8,-2,0,18,28,6,10,13,-18,-19,-5,4,sorry
21.77707529067993,-7,-14,-5,-6,-3,19,40,5,11,13,-30,-15,-10,4,sorry
21.791582822799683,0,-14,-12,-10,-9,12,32,-2,24,13,-15,-13,-10,4,sorry
21.791582822799683,2,-12,0,-23,-12,-3,5,-2,26,9,1,-6,-1,8,sorry
21.8077290058136,0,0,0,-17,-5,-9,-3,1,15,2,3,9,6,11,sil
21.8077290058136,5,2,0,-3,-3,-10,-5,0,9,-1,2,19,9,13,sil
21.82274317741394,9,0,7,-4,-5,-15,-14,0,12,6,10,14,12,13,sil
21.839060306549072,4,0,-6,-10,-1,-19,-16,-3,11,6,16,8,7,6,sil
21.839060306549072,1,2,1,-16,-3,-17,-16,-5,-2,-13,8,7,-2,-4,sil
21.853583335876465,1,6,4,-14,-7,-15,-16,0,-18,-19,3,4,-3,-11,sil
21.853583335876465,-1,8,-10,-4,0,-9,-10,0,-24,-12,7,1,0,-16,sil
21.85458755493164,-7,9,0,6,11,0,-3,3,-21,-10,9,0,-3,-16,sil
21.87044644355774,-4,7,6,20,15,3,0,0,-16,-4,9,0,-5,-8,sil
21.87044644355774,-1,8,12,30,13,9,-1,-5,-21,0,9,3,-1,0,sil
21.88552951812744,-3,12,9,41,15,16,2,0,-15,-3,0,-1,0,-2,sil
21.88552951812744,-2,5,0,42,12,15,11,0,2,3,-14,-11,-4,-8,sil
21.902702569961548,6,-3,13,23,0,15,12,-2,12,16,-7,0,0,5,sil
21.902702569961548,15,-6,4,12,-2,10,13,4,20,26,14,12,18,25,sil
21.91785717010498,10,-4,-4,12,1,1,13,8,27,26,11,6,26,27,sil
21.91785717010498,-2,-6,-8,-8,-9,0,3,0,16,7,-7,-1,10,14,sil
21.93272352218628,-10,-16,-20,-44,-24,-14,-10,-5,-1,-16,-15,-3,-5,-3,sil
21.93272352218628,-3,-19,-7,-57,-24,-26,-19,-2,-3,-21,-8,1,-4,-14,sil
21.94818019866944,1,-2,0,-35,-14,-16,-15,-1,0,-8,2,11,0,-8,sil
21.962979793548584,5,20,3,-1,-2,-1,-8,0,-8,-4,7,10,-8,-3,sil
21.962979793548584,6,24,6,15,10,0,-5,4,-20,-9,5,3,-11,-11,sil
21.978975534439087,0,9,0,15,20,0,-1,1,-16,-15,4,-3,-6,-13,sil
21.978975534439087,-2,0,8,18,18,15,6,2,-1,-14,-2,-11,-5,-1,sil
21.993597745895386,3,-1,1,25,16,26,14,2,6,5,-13,-19,-5,9,sil
21.993597745895386,0,-9,-1,14,8,13,12,-3,0,18,-15,-24,-5,7,sil
22.00956916809082,-13,-21,-5,-7,-8,2,4,-4,-12,5,-18,-27,-10,-1,sil
22.00956916809082,-18,-28,-19,-19,-13,0,6,-1,-4,0,-25,-19,-7,0,sil
22.02556300163269,-10,-17,-5,-21,-6,-4,6,0,11,11,-18,-3,0,5,sil
22.02556300163269,-2,-2,1,-18,-12,-6,0,-2,18,15,-3,0,3,3,sil
22.040628910064697,-2,-3,-5,-17,-15,-6,-9,1,14,5,0,2,3,-2,sil
22.040628910064697,-3,-8,-3,-21,-6,-7,-12,4,4,-1,1,11,4,-2,sil
22.05649352073669,5,0,-2,-19,-7,-9,-7,0,-4,0,11,20,8,2,sil
22.05649352073669,24,22,14,-8,-15,-11,-2,0,-9,-1,25,27,12,8,sil
22.07270336151123,25,29,18,2,-1,-14,0,3,-3,-7,32,26,14,4,sil
22.07270336151123,10,28,10,11,20,-8,2,2,4,-6,28,22,11,2,sil
22.087617874145508,5,25,9,19,22,4,7,6,5,1,20,21,6,5,sil
22.087617874145508,1,9,-2,27,15,6,7,4,0,0,9,4,-1,-3,sil
22.11607456207276,-11,-1,4,30,14,6,-6,0,-10,-13,1,-14,-10,-18,sil
22.11607456207276,-12,4,5,30,13,10,-9,1,-9,-13,0,-12,-8,-14,sil
22.11607456207276,-6,4,-3,26,9,18,3,0,0,2,-5,-11,-5,0,sil
22.11607456207276,-6,-9,-2,13,1,22,6,-7,1,12,-19,-23,-6,0,sil
22.13497233390808,-2,-14,-10,7,-5,8,8,-6,8,12,-17,-23,-3,4,sil
22.13497233390808,-1,-13,-9,2,0,0,13,0,25,17,-7,-12,1,16,sil
22.1507465839386,-11,-22,-15,-18,-3,0,10,0,26,19,-10,-10,4,11,sil
22.1507465839386,-9,-30,-14,-33,-26,-13,0,-3,15,11,-9,-6,9,0,sil
22.16624164581299,9,-12,5,-17,-18,-15,-6,1,13,2,4,11,12,8,sil
22.16624164581299,17,8,-6,-6,6,-6,-14,4,5,-4,8,19,3,8,sil
22.1817786693573,7,7,-7,-20,-4,-14,-21,-1,-20,-19,5,15,-4,-7,sil
22.1817786693573,5,3,8,-18,-17,-19,-13,-2,-32,-25,12,14,-1,-12,sil
22.19713044166565,14,14,8,0,0,-10,-6,0,-23,-19,14,13,-1,-6,sil
22.19713044166565,2,17,10,7,9,1,-10,-2,-20,-19,0,6,-15,-9,sil
22.21276450157165,-25,-5,-2,5,2,13,0,-1,-19,-16,-23,-18,-29,-17,sil
22.21276450157165,-26,-20,-2,3,1,22,13,5,-13,0,-42,-35,-22,-9,sil
22.22794365882873,-1,-6,3,0,4,18,20,3,0,23,-29,-19,2,7,sil
22.22794365882873,2,0,-2,-1,0,0,11,-5,10,21,-3,-2,7,10,sil
22.24349021911621,-3,-2,1,-11,-9,-12,-6,1,6,-3,-4,0,-1,0,sil
22.24349021911621,4,7,4,-16,-5,-9,-9,7,-2,-16,0,8,6,0,sil
22.25895380973816,10,22,6,-2,2,-2,-2,-1,-10,-19,19,9,4,-9,sil
22.25895380973816,0,19,5,21,10,3,0,0,-8,-15,13,-5,-10,-20,sil
22.274990558624268,-9,0,4,25,7,6,10,1,6,13,3,-7,0,-4,sil
22.274990558624268,-1,-8,10,7,-2,7,18,-1,21,40,10,2,17,24,sil
22.29081916809082,16,0,-3,3,3,3,11,-3,31,30,12,9,22,32,sil
22.29081916809082,23,6,-3,2,9,-5,-7,0,24,5,14,25,23,20,sil
22.305858373641968,13,7,6,-5,0,-8,-17,3,2,-3,26,35,20,6,sil
22.305858373641968,2,7,-2,1,8,-1,-8,0,-8,0,28,20,9,0,sil
22.32191753387451,-7,0,-2,16,15,6,-3,-2,-16,-5,0,-4,-11,-7,sil
22.32191753387451,-18,-14,-9,6,0,8,-1,-2,-21,-15,-28,-24,-28,-17,sil
22.336902141571045,-18,-21,-7,-10,-8,5,10,1,2,0,-24,-24,-14,-3,sil
22.336902141571045,-9,-14,0,-19,-6,3,17,0,31,13,-2,-8,11,8,sil
22.35294938087464,0,-12,-14,-24,-20,-9,2,-2,22,0,0,0,12,-4,sil
22.35294938087464,11,1,-2,-15,-17,-19,-13,1,-1,-14,2,2,0,-11,sil
22.36877751350403,16,21,12,11,4,-11,-11,4,-9,-4,14,12,0,4,sil
22.36877751350403,13,17,10,30,10,0,-2,1,-6,5,11,11,4,16,sil
22.383909702301025,0,-1,3,19,0,8,2,7,-3,3,-13,-10,-8,2,sil
22.383909702301025,-19,-17,-17,0,-8,10,7,6,-4,4,-35,-34,-24,-13,sil
22.40001678466797,-22,-19,-11,-11,-8,11,6,0,6,12,-24,-24,-14,-4,sil
22.40001678466797,-4,-12,-1,-8,1,10,10,0,27,20,8,3,7,10,sil
22.415953159332275,16,0,8,-4,9,1,6,0,22,6,18,17,14,7,sil
22.415953159332275,23,20,23,-3,7,-11,-11,-1,0,-8,8,24,10,0,sil
22.431573152542114,13,29,7,3,6,-16,-17,-6,-17,-10,15,28,10,0,sil
22.431573152542114,0,19,1,7,13,-7,-10,-12,-35,-22,12,13,1,-6,sil
22.446863651275635,-10,5,0,0,9,0,-9,-9,-47,-35,-10,-15,-16,-25,sil
22.446863651275635,-23,-6,-15,-9,-6,-1,-11,-4,-43,-28,-24,-32,-33,-41,sil
22.46275281906128,-25,-12,-9,-9,-10,6,2,0,-28,-17,-29,-29,-34,-29,sil
22.46275281906128,-14,-13,-2,0,0,11,24,3,-3,-4,-27,-20,-13,5,sil
22.47788691520691,-2,-8,2,4,-2,0,17,4,14,7,-9,-8,4,18,sil
22.47788691520691,6,-4,0,-1,-12,0,0,4,29,13,9,5,11,8,sil
22.493523359298703,15,-9,0,-9,-10,3,-3,3,42,18,19,19,21,18,sil
22.493523359298703,18,-5,5,-11,-4,-5,-7,0,32,23,28,23,27,23,sil
22.5091335773468,12,2,-9,-8,-4,-12,-15,0,7,14,29,15,16,0,sil
22.5091335773468,8,14,-2,-1,3,-11,-15,0,-4,-8,18,10,2,-9,sil
22.525214433670044,4,19,12,15,14,-9,-5,0,-7,-9,13,7,0,3,sil
22.525214433670044,0,13,6,30,11,2,3,0,-7,9,8,1,1,12,sil
22.54081130027771,-6,2,1,25,8,23,9,4,-4,11,-6,-3,-3,14,sil
22.54081130027771,-8,-4,-9,13,7,22,25,3,3,12,-18,-10,-9,12,sil
22.556530952453613,-10,-10,-3,9,-1,9,35,-2,8,26,-23,-18,-7,1,sil
22.556530952453613,-6,-13,7,5,-6,11,25,0,12,23,-21,-12,-1,0,sil
22.57259225845337,4,-10,5,-1,0,5,8,0,18,9,-5,0,1,6,sil
22.57259225845337,9,-5,6,-14,-2,-8,-3,-3,17,0,0,5,6,3,sil
22.588263511657715,0,-5,-9,-29,-10,-14,-11,-8,6,-7,-2,8,10,-6,sil
22.588263511657715,-5,-5,-8,-35,-6,-13,-17,-4,-5,-18,2,11,12,-11,sil
22.603959560394287,1,2,3,-21,-2,-15,-24,1,-15,-27,10,10,8,-13,sil
22.603959560394287,4,9,-1,-8,-3,-20,-31,0,-24,-29,11,8,-1,-12,sil
22.619746446609497,3,15,9,-2,1,-10,-26,5,-20,-21,15,14,-2,-6,sil
22.619746446609497,8,20,8,13,10,4,-3,11,-3,-3,20,15,8,3,sil
22.63484501838684,8,18,6,26,8,9,7,5,-1,-2,17,5,5,9,sil
22.63484501838684,-4,4,4,19,0,10,1,0,-16,-14,0,-8,-12,0,sil
22.650962114334103,-15,-15,-15,3,-2,12,6,-2,-17,-13,-23,-27,-25,-12,sil
22.650962114334103,-9,-15,-5,0,-3,12,20,-2,-6,0,-30,-35,-28,-9,sil
22.667009830474854,-4,-4,0,4,0,12,24,-1,3,12,-25,-29,-18,-3,sil
22.667009830474854,-7,-9,-8,-4,-1,1,13,-2,17,19,-19,-16,0,0,sil
22.68257474899292,0,-13,3,-20,-7,-11,0,0,28,16,-4,0,11,8,sil
22.68257474899292,14,-4,0,-18,-7,-15,-12,0,15,3,9,14,7,7,sil
22.69820737838745,13,6,-4,-8,0,-12,-20,-3,-4,-1,14,15,1,-3,sil
22.69820737838745,3,12,1,0,5,-6,-7,0,0,10,27,17,10,-4,sil
22.714273929595947,0,11,7,7,5,0,-2,2,0,3,28,16,8,-1,sil
22.714273929595947,-7,1,2,8,0,2,-16,1,-23,-20,1,2,-12,-10,sil
22.73070192337036,-14,-6,-9,12,3,3,-5,-2,-24,-9,-13,-4,-15,-12,sil
22.73070192337036,-8,-3,1,18,10,15,22,-2,0,17,-7,0,-5,0,sil
22.74587106704712,-6,-3,1,17,7,22,29,1,9,14,-16,-14,-12,7,sil
22.76029586791992,-3,-6,-4,17,6,10,27,2,12,11,-26,-25,-10,7,sil
22.76029586791992,12,2,8,13,10,4,29,5,20,28,-1,2,18,24,sil
22.77604079246521,8,0,-3,-6,-1,0,15,0,17,24,9,10,27,28,sil
22.77704334259033,-8,-12,-8,-21,-19,-8,-10,-9,8,0,-8,-13,8,7,sil
22.77704334259033,1,-7,-3,-12,-9,-7,-10,-5,17,7,2,-4,16,7,sil
22.791746854782104,14,2,-7,-7,0,-4,-5,-1,20,16,27,19,34,14,sil
22.7927474975586,-3,-2,-5,-27,-16,-17,-26,-2,-4,-15,5,14,10,-8,sil
22.80776953697205,-10,-3,-7,-31,-29,-26,-40,-1,-26,-41,-6,3,-15,-26,sil
22.824589490890503,9,14,6,-2,-11,-14,-29,0,-22,-31,13,15,-5,-13,sil
22.824589490890503,13,22,18,14,6,-2,-16,1,-11,-22,15,18,0,-10,sil
22.824589490890503,-1,6,2,-1,5,-3,-7,2,-12,-28,0,-2,-21,-22,sil
22.839673280715942,-8,2,0,-7,2,0,-4,4,-23,-28,-4,-17,-27,-25,sil
22.85556983947754,-1,15,5,15,13,5,0,0,-20,-17,0,-3,-7,-8,sil
22.85556983947754,6,19,18,27,21,9,10,0,-2,-2,1,13,5,12,sil
22.856571435928345,8,2,18,14,16,17,19,8,4,11,0,9,1,16,sil
22.87042093276977,2,-11,4,7,9,20,22,7,6,24,-3,-2,-3,8,sil
22.87042093276977,-4,-8,3,7,5,16,18,0,13,24,-10,-9,-2,3,sil
22.886022090911865,-5,-11,-9,0,-1,11,15,-3,13,18,-16,-20,-1,2,sil
22.886022090911865,2,-20,-6,-3,-5,6,18,-1,6,21,-10,-21,-3,11,sil
22.90068364143372,5,-17,1,-6,-4,2,19,4,15,29,0,0,5,21,sil
22.91785216331482,-5,-14,-16,-24,-6,-6,5,3,22,26,4,7,21,15,sil
22.91785216331482,-10,-9,-11,-33,-10,-13,-6,0,17,9,4,0,14,0,sil
22.91785216331482,3,3,-5,-9,-8,-12,-2,-6,14,-3,0,3,0,-5,sil
22.93124794960022,8,10,-6,0,-10,-17,-17,-10,1,-14,0,10,-1,-10,sil
22.94718360900879,3,10,-4,-9,-7,-20,-36,-3,-20,-25,14,11,-3,-17,sil
22.94718360900879,10,20,0,15,12,-6,-14,0,-26,-21,26,14,-2,-5,sil
22.962799549102783,11,26,15,47,23,7,3,-1,-22,-9,17,10,4,3,sil
22.962799549102783,-10,13,0,34,9,7,-4,-4,-22,-4,-5,-15,-4,-14,sil
22.97793459892273,-24,-6,-14,14,0,7,-8,-4,-21,-1,-23,-37,-25,-24,sil
22.97793459892273,-17,-17,-5,7,3,16,8,0,-10,2,-17,-28,-18,-6,sil
22.993061304092407,-10,-17,-11,-4,1,13,22,2,7,8,-6,-14,6,5,sil
22.993061304092407,-7,-9,-2,-10,-13,0,15,2,14,6,-18,-12,5,9,sil
23.008663415908813,-3,-10,1,-5,-21,-6,7,0,8,-1,-28,-6,-8,12,sil
23.008663415908813,-2,-18,-4,-21,-17,-3,6,0,10,-10,-21,1,-5,12,sil
23.02382040023804,-8,-14,-3,-37,-12,-1,0,2,14,-12,-16,2,2,2,sil
23.02382040023804,-5,-2,-10,-22,-2,-1,-11,1,16,-1,1,7,4,-3,sil
23.03897309303284,9,7,8,-8,5,0,-13,4,17,10,34,27,17,0,sil
23.03897309303284,19,11,17,-6,5,-3,-5,6,15,13,43,35,30,5,sil
23.054864168167114,19,12,6,2,5,-11,-2,-2,10,12,35,32,25,2,sil
23.054864168167114,26,19,19,14,4,-11,-9,-1,1,7,34,37,12,6,sil
23.07006072998047,26,21,16,7,0,-13,-15,3,-11,-6,23,30,-1,8,sil
23.07006072998047,14,14,5,-5,-1,-14,-19,-2,-20,-26,2,9,-12,-1,sil
23.085607528686523,4,10,3,2,8,-3,-13,-1,-17,-24,0,-7,-8,-5,sil
23.085607528686523,-7,3,6,16,12,4,0,3,-15,-5,-1,-21,-5,0,sil
23.10164952278137,-17,-2,7,14,4,9,3,-1,-20,8,-15,-28,-11,-8,sil
23.10164952278137,-13,0,-3,22,11,18,11,-2,-10,15,-22,-27,-9,-15,sil
23.11699676513672,-13,0,0,29,24,27,27,2,-1,15,-23,-31,-15,-11,sil
23.11699676513672,-17,-9,-4,10,14,28,33,0,-1,13,-28,-34,-21,-4,sil
23.13311743736267,-9,-9,-15,-5,-3,14,24,0,7,10,-27,-22,-10,4,sil
23.13311743736267,-6,-7,-7,-9,-4,1,15,7,17,0,-18,-10,-6,6,sil
23.14916467666626,-16,-19,-20,-14,-7,-5,7,0,14,-4,-8,-7,-1,0,sil
23.14916467666626,-13,-23,-19,-22,-19,-11,-4,-10,7,1,1,0,13,2,sil
23.165218591690063,6,-11,0,-18,-15,-6,-7,-5,8,4,13,14,20,9,sil
23.165218591690063,26,3,3,2,-2,-2,-1,0,15,10,29,26,24,16,sil
23.18092632293701,34,14,12,15,-2,-7,-6,-4,9,9,37,33,31,13,sil
23.18092632293701,17,9,5,0,-5,-18,-19,-5,-11,-13,19,22,11,-3,sil
23.19657850265503,2,4,1,-12,-3,-25,-27,-4,-24,-36,-7,7,-18,-10,sil
23.19657850265503,15,17,10,3,0,-21,-20,0,-11,-29,-4,14,-9,0,sil
23.212059020996094,17,21,6,13,7,-8,-7,0,8,-9,10,19,10,5,sil
23.212059020996094,-6,1,1,0,6,7,-4,1,7,3,2,6,0,0,sil
23.228111267089844,-27,-18,-17,-15,-6,10,-2,1,-11,5,-12,-14,-16,-9,sil
23.228111267089844,-31,-19,-22,-23,-12,0,0,2,-21,-1,-20,-30,-16,-19,sil
23.24295139312744,-28,-7,-2,-14,-4,4,6,7,-11,-1,-27,-32,-14,-19,sil
23.24295139312744,-22,-4,-2,1,0,18,17,7,1,12,-17,-21,-13,-4,sil
23.25854802131653,-10,-8,-1,7,6,24,28,2,7,20,0,-7,-6,8,sil
23.25854802131653,0,-5,-1,10,16,17,31,0,17,19,5,0,4,12,sil
23.273955583572388,2,1,3,13,5,5,13,0,23,21,2,5,10,12,sil
23.273955583572388,3,2,9,10,-12,0,-8,-2,19,23,4,5,11,7,sil
23.28925633430481,13,1,4,3,-7,-9,-12,-5,11,13,9,4,15,5,sil
23.28925633430481,17,0,11,-11,-5,-25,-19,-3,-1,-7,8,8,12,3,sil
23.305538415908813,5,-2,0,-24,-21,-28,-38,-4,-26,-33,0,3,-3,-14,sil
23.305538415908813,3,4,-5,-13,-14,-9,-39,-6,-39,-54,-1,0,-20,-24,sil
23.3205635547638,16,20,17,1,12,2,-14,0,-24,-51,8,11,-12,-5,sil
23.3205635547638,17,17,11,1,18,-4,0,5,-8,-30,13,18,2,5,sil
23.33627247810364,7,10,5,6,7,-4,0,6,-10,-16,8,9,0,-1,sil
23.33627247810364,6,18,2,27,13,9,8,8,1,7,8,8,-1,3,sil
23.352797031402588,1,12,3,27,17,16,17,10,23,39,0,0,2,11,sorry
23.368446350097656,-13,-8,4,9,9,19,16,5,21,33,-14,-22,-3,-4,sorry
23.368446350097656,-13,-14,-13,4,11,21,18,0,10,19,-13,-25,-4,-8,sorry
23.368446350097656,-7,-8,-6,5,17,19,26,0,13,33,0,-5,11,11,sorry
23.382799863815308,-3,-10,0,5,12,13,33,1,30,43,13,3,22,21,sorry
23.382799863815308,6,-6,-4,6,4,7,27,0,35,30,18,4,22,21,sorry
23.399845123291016,14,0,6,-6,-2,0,12,0,19,21,7,9,21,16,sorry
23.400845289230347,9,-1,-3,-25,-16,-20,5,-6,7,7,-5,3,11,3,sorry
23.41589903831482,-1,-11,-11,-30,-26,-31,-5,-12,-9,-25,-16,-10,-13,-12,sorry
23.41589903831482,-20,-18,-13,-29,-17,-17,-25,-11,-37,-37,-24,-16,-25,-27,sorry
23.430949687957764,-22,-9,-15,-26,0,-10,-28,-6,-34,-18,-7,2,-10,-19,sorry
23.430949687957764,-1,15,5,0,0,-11,-19,3,-12,-10,21,27,4,2,sorry
23.445608854293823,0,21,4,32,-11,-11,-21,6,-15,-20,18,12,0,6,sorry
23.445608854293823,-4,7,3,31,-9,-2,-27,0,-26,-21,-6,-15,-13,-5,sorry
23.4626522064209,1,2,8,16,-4,14,-10,-3,-19,-15,-22,-16,-20,-8,sorry
23.4626522064209,4,-9,-3,7,-10,13,9,-3,-13,-17,-32,-15,-20,-5,sorry
23.47871994972229,-3,-24,-1,-13,-7,0,0,-3,-11,-21,-32,-14,-11,-5,sorry
23.47871994972229,-4,-14,-2,-21,-2,0,-10,0,6,-7,-5,6,6,0,sorry
23.492727994918823,9,3,5,-4,-10,-2,-3,7,27,8,24,38,28,15,sorry
23.492727994918823,16,13,10,4,-10,-13,0,13,34,13,34,43,36,25,sorry
23.50880599021912,8,15,-3,2,4,-13,-9,4,23,3,25,20,15,10,sorry
23.50880599021912,11,23,11,12,18,2,-5,-3,0,-2,16,7,-5,-7,sorry
23.52531838417053,19,16,13,17,20,16,11,0,-15,13,13,1,-6,-4,sorry
23.52531838417053,-1,-6,-4,-1,14,20,15,1,-26,17,-12,-27,-17,-3,sorry
23.5379490852356,-30,-23,-14,-14,11,19,14,-4,-29,-3,-50,-51,-40,-21,sorry
23.553682804107662,-32,-26,-17,-8,5,13,31,-1,-2,-3,-46,-42,-35,-24,sorry
23.553682804107662,-24,-22,-7,-15,-8,9,39,6,29,17,-15,-29,-8,-6,sorry
23.568728923797607,-14,-12,-11,-22,-11,7,25,7,49,28,9,-13,17,8,sorry
23.568728923797607,1,1,-10,-11,0,-6,2,4,51,32,33,16,33,11,sorry
23.58395981788636,8,6,2,-10,2,-21,-18,0,27,20,41,29,26,1,sorry
23.58395981788636,6,4,4,-15,3,-26,-30,-7,-7,-13,23,9,5,-8,sorry
23.599975109100345,15,17,16,0,7,-21,-34,-12,-28,-33,9,4,-4,-5,sorry
23.599975109100345,20,25,13,19,6,-8,-25,-5,-29,-21,16,17,1,7,sorry
23.61557579040528,12,21,8,21,7,1,-10,1,-20,-6,21,19,9,15,sorry
23.61557579040528,10,21,15,24,9,8,0,4,-10,1,9,11,5,13,sorry
23.63160014152527,14,8,4,27,4,10,10,2,-4,10,-7,0,0,12,sorry
23.63160014152527,1,-3,6,12,0,16,15,2,-1,9,-18,-8,-3,7,sorry
23.646726369857788,-10,0,0,6,0,19,10,3,-2,6,-14,-7,-4,1,sorry
23.646726369857788,0,-3,-8,16,-1,10,9,0,-7,8,-15,-2,-1,4,sorry
23.66283226013184,7,-13,4,14,-2,6,15,-3,-3,0,-24,0,0,9,sorry
23.66283226013184,0,-20,-2,-5,-11,2,14,-6,6,-1,-17,3,3,7,sorry
23.677945375442505,-9,-24,-9,-23,-25,-9,0,-2,10,3,-8,2,4,0,sorry
23.677945375442505,-11,-16,-9,-22,-23,-20,-10,-1,11,-5,-13,-2,0,-8,sorry
23.693702459335327,-2,-5,-7,-10,-8,-21,-11,-4,12,-14,-7,5,0,-13,sorry
23.693702459335327,7,2,1,-3,0,-14,-9,0,8,-12,13,21,6,-11,sorry
23.70886731147766,-1,0,-8,-12,0,-14,-18,2,0,-17,16,10,-1,-18,sorry
23.70886731147766,-15,-1,-4,-25,-2,-11,-25,0,-9,-18,7,-10,-16,-23,sorry
23.72497868537903,-13,8,-1,-6,4,6,-3,0,-9,-3,11,-11,-12,-8,sorry
23.72497868537903,-11,13,-10,19,13,11,12,0,-12,-3,8,-9,-11,0,sorry
23.74100399017334,-10,4,3,10,8,4,5,4,-12,-9,-10,-18,-17,-7,sorry
23.74100399017334,-1,1,6,2,9,16,13,9,0,1,-18,-20,-7,0,sorry
23.75692653656006,-3,7,1,16,18,36,29,-1,1,11,-5,-13,1,12,sorry
23.75692653656006,-6,2,-5,9,9,28,25,-5,-2,21,0,-7,4,10,sorry
23.772759437561035,10,-7,-1,-8,-7,0,15,0,10,40,-2,0,16,19,sorry
23.772759437561035,26,0,16,-7,-8,-13,4,4,19,29,2,11,23,27,sorry
23.7875759601593,24,5,5,-5,-7,-19,-10,0,6,-2,17,15,17,12,sorry
23.7875759601593,16,0,0,-19,-13,-22,-25,-6,-3,-18,22,14,12,0,sorry
23.80318284034729,7,-1,3,-20,-12,-20,-33,-7,-7,-19,11,10,4,-5,sorry
23.80318284034729,5,2,-1,0,0,-21,-38,-3,-4,-12,1,7,-2,-12,sorry
23.818739414215088,11,11,9,12,8,-13,-33,4,1,2,10,13,0,-5,sorry
23.818739414215088,4,6,3,11,10,-1,-14,5,1,3,19,12,0,5,sorry
23.834821224212646,-8,1,1,12,10,1,-4,0,-14,-14,3,-1,-9,-1,sorry
23.834821224212646,-13,2,3,21,11,15,5,0,-21,-15,-21,-15,-22,-17,sorry
25.362917184829712,-11,-9,-1,6,2,21,11,0,-10,5,-17,-18,-15,0,sorry
25.362917184829712,-11,-7,-1,0,1,23,26,2,9,10,-2,-12,-1,5,sorry
25.37886428833008,-1,0,4,-3,1,16,25,3,21,4,-6,-5,4,6,sorry
25.37886428833008,9,-2,-6,-12,0,0,20,0,16,3,-7,-4,6,8,sorry
25.3948941230774,12,-7,1,-12,-4,-12,17,0,18,14,2,0,12,13,sorry
25.3948941230774,9,-3,3,-8,-15,-18,9,1,20,10,4,8,18,11,sorry
25.410477876663208,4,-1,-6,-18,-19,-23,-1,-1,14,-10,-2,10,17,0,sorry
25.410477876663208,4,0,-2,-17,-12,-20,-12,0,10,-16,0,14,10,-6,sorry
25.42570447921753,9,10,5,-1,-1,-20,-22,0,0,-8,20,25,9,0,sorry
25.42570447921753,14,20,16,4,0,-18,-31,-5,-15,-11,35,36,13,4,sorry
25.44174599647522,21,18,11,11,1,-10,-22,-6,-17,-13,34,31,10,3,sorry
25.44174599647522,17,15,11,20,7,-5,-14,0,-24,-7,20,10,-4,-1,sorry
25.45694828033448,-3,14,9,12,7,-4,-17,4,-37,-15,0,-6,-15,-14,sorry
25.45694828033448,-10,8,-13,12,6,2,-3,0,-28,-22,-5,-6,-10,-10,sorry
25.47306537628174,8,8,4,28,20,22,15,0,-9,-5,4,-2,0,5,sorry
25.47306537628174,5,3,12,27,26,32,20,2,0,14,1,-12,-1,0,sorry
25.48820304870605,-16,-9,-6,17,14,22,17,1,6,21,-11,-22,-9,-4,sorry
25.48820304870605,-12,-14,1,14,5,21,23,-1,11,18,-13,-11,-8,15,sorry
25.504189491271973,-3,-16,-5,8,0,23,26,-3,10,7,-12,-7,-1,20,sorry
25.504189491271973,-20,-20,-11,-9,-10,9,11,1,9,6,-23,-21,-5,0,sorry
25.51906681060791,-29,-20,-10,-21,-13,2,2,4,15,22,-27,-26,-14,-1,sorry
25.51906681060791,-14,-16,-15,-20,-11,7,3,-1,25,22,-18,-15,-9,5,sorry
25.53462028503418,0,-8,-5,-22,-9,0,-1,0,28,5,-10,0,4,0,sorry
25.549665451049805,0,-8,-7,-26,-7,-17,-9,4,24,5,-5,1,7,-8,sorry
25.549665451049805,-8,-17,-15,-29,-15,-18,-11,-2,14,8,-6,-6,0,-9,sorry
25.549665451049805,-10,-10,-10,-27,-16,-9,-7,-2,2,-1,-7,-7,-1,-12,sorry
25.566888332366943,-1,6,-4,-17,-2,-11,-2,2,-9,-13,-7,2,0,-14,sorry
25.58033490180969,0,10,0,-10,0,-15,-14,-4,-26,-26,-5,5,-7,-17,sorry
25.58033490180969,1,4,-5,-12,-4,-16,-21,-9,-30,-30,0,5,-12,-14,sorry
25.596916437149048,10,6,7,-8,0,-11,-4,0,-16,-18,12,13,0,-3,sorry
25.596916437149048,11,9,12,0,-2,-6,6,3,-8,-10,14,15,10,-3,sorry
25.613017797470093,5,7,3,0,-8,-8,-4,2,-5,-10,12,11,9,-9,sorry
25.613521099090576,13,14,18,12,4,-2,-6,8,0,-4,20,16,8,1,sorry
25.613521099090576,22,19,16,32,17,5,10,4,1,13,34,20,20,24,sorry
25.62757873535156,16,15,10,23,13,7,6,-3,0,15,32,16,22,26,sorry
25.644948720932007,7,14,11,23,12,9,-8,-5,-5,-7,13,8,4,11,sorry
25.644948720932007,8,10,4,32,10,3,-7,-7,-11,-18,1,0,-8,4,sorry
25.644948720932007,9,0,8,7,6,1,7,-1,-9,-1,11,-1,0,16,sorry
25.66096019744873,7,0,6,5,16,13,20,7,-2,11,13,3,9,23,sorry
25.66096019744873,5,6,4,39,17,16,15,1,-5,5,-5,-2,0,6,sorry
25.675763607025143,-6,-4,-5,26,-4,7,0,-3,-11,-6,-20,-20,-20,-11,sorry
25.675763607025143,-18,-19,-21,-9,-14,0,-2,0,-7,-3,-22,-27,-18,-11,sorry
25.690054178237915,-13,-10,-2,-3,-5,3,2,2,7,16,-24,-15,-5,-4,sorry
25.70522356033325,-3,-3,0,4,0,11,9,3,32,34,-22,-5,0,3,sorry
25.70522356033325,-2,-9,-12,-13,0,10,12,3,42,31,-13,-8,0,6,sorry
25.72176623344421,-8,-9,-6,-19,-7,1,2,2,31,25,-2,-2,5,-1,sorry
25.72176623344421,-11,-5,-1,-19,-16,-6,-10,-4,16,15,0,6,6,-1,sorry
25.736644983291622,-9,-12,-4,-36,-18,-9,-14,-8,9,-1,-8,9,0,0,sorry
25.736644983291622,-4,-14,-13,-33,-8,-9,-15,-2,10,-6,-4,11,0,-13,sorry
25.751996755599976,2,2,-3,-6,4,-14,-18,0,-1,-14,12,18,4,-18,sorry
25.751996755599976,7,14,10,0,9,-14,-12,0,-19,-26,13,17,2,-11,sorry
25.76793384552002,0,3,-7,-8,1,-10,-4,4,-21,-21,3,4,0,-3,sorry
25.76793384552002,-13,1,-1,-2,-4,-6,-1,6,-18,-16,5,-5,-3,-2,sorry
25.783116579055783,-10,8,2,8,0,0,3,2,-17,-14,8,-12,-6,-6,sorry
25.783116579055783,-4,3,-3,8,7,10,9,-1,-10,-3,0,-15,-5,-7,sorry
25.798980236053467,-9,0,6,8,8,15,9,0,-12,0,-7,-13,-9,0,sorry
25.798980236053467,-6,-5,0,13,3,11,17,-1,-11,-1,-3,-18,-10,5,sorry
25.814907550811768,7,-8,4,8,5,10,27,0,-1,8,-7,-22,-3,9,sorry
25.814907550811768,10,-9,4,0,0,2,21,0,4,10,-18,-10,-5,8,sorry
25.83024525642395,1,-12,-3,-7,-13,-14,0,-4,-1,-8,-24,-2,-13,0,sorry
25.83024525642395,10,-3,7,-4,-12,-12,-13,-1,0,-15,-11,6,1,3,sorry
25.845520973205566,31,16,3,9,4,-3,-6,3,13,3,18,23,30,16,sorry
25.845520973205566,27,19,1,6,5,-12,-12,0,10,3,31,32,24,11,sorry
25.86154818534851,6,13,4,-6,-3,-14,-25,-2,-5,-14,20,20,3,-4,sil
25.86154818534851,-4,12,-7,-4,-1,-6,-19,-2,-9,-12,12,5,-1,-14,sil
25.87758755683899,-12,1,0,-1,0,2,-9,0,-10,-6,6,-2,-5,-15,sil
25.87758755683899,-13,-8,-1,-1,0,12,0,0,-10,-1,-1,-6,-9,-5,sil
25.89393520355225,-3,-2,-4,8,1,19,13,2,-7,11,-1,-2,-4,6,sil
25.89393520355225,-5,-1,0,14,-1,19,13,4,-7,17,-4,-2,-2,9,sil
25.909011363983154,-5,-9,1,2,-9,10,4,-6,8,20,-12,-7,0,8,sil
25.909011363983154,6,0,8,-4,-3,4,8,-7,34,29,-1,0,12,14,sil
25.92464160919189,1,7,-2,-2,4,0,9,3,32,23,13,6,17,14,sil
25.92464160919189,-10,-2,-3,-7,4,-10,-8,1,11,0,8,6,8,1,sil
25.940688371658325,3,2,10,-4,6,-13,-17,-1,5,-5,8,12,7,-2,sil
25.940688371658325,19,25,11,17,14,-9,-6,5,6,-1,28,18,11,0,sil
25.956755876541138,13,30,13,29,16,-3,3,7,0,0,29,10,6,-3,sil
25.956755876541138,-2,7,0,24,13,8,12,0,-5,0,5,-4,0,-11,sil
25.97293281555176,-17,-18,-10,14,9,19,15,1,-6,1,-21,-22,-15,-12,sil
25.97293281555176,-16,-27,-4,-1,1,16,12,4,-3,0,-40,-31,-27,-12,sil
25.98801565170288,-7,-25,-8,-18,-8,2,13,-2,4,-4,-42,-24,-19,-2,sil
25.98801565170288,-10,-23,-6,-29,-14,-4,11,-1,7,-10,-29,-11,-7,5,sil
26.00363683700561,-9,-19,-12,-30,-15,-10,0,1,2,-8,-21,-11,-7,-3,sil
26.00363683700561,2,-8,-8,-28,-22,-15,-11,-4,-5,-4,-14,-5,-2,-7,sil
26.01864266395569,1,-3,-4,-26,-26,-15,-16,-7,-15,-14,-4,5,0,0,sil
26.01864266395569,-4,-6,-13,-21,-12,-18,-19,-3,-25,-27,-4,0,-12,-3,sil
26.0346953868866,2,2,0,-12,1,-12,-20,0,-27,-23,0,-3,-19,-13,sil
26.0346953868866,9,12,4,2,1,3,-9,0,-13,-4,21,15,0,-2,sil
26.04930329322815,18,20,6,16,4,6,0,2,0,4,35,31,16,15,sil
26.04930329322815,25,31,25,24,17,-1,-7,7,3,2,31,27,16,16,sil
26.06538224220276,10,27,12,25,15,-4,-11,2,-1,5,24,16,16,9,sil
26.06538224220276,-6,11,6,25,2,8,0,-1,-8,6,14,2,11,7,sil
26.080547332763672,-7,0,2,30,7,17,7,0,-3,4,-2,-11,1,2,sil
26.080547332763672,-10,-6,-4,20,14,13,8,-4,7,4,-16,-15,0,-2,sil
26.09599184989929,-14,-7,-1,1,3,15,13,-3,11,7,-14,-4,5,4,sil
26.09599184989929,-2,-12,-9,-5,-5,17,19,0,15,17,-3,-2,9,10,sil
26.1119225025177,1,-18,-6,-13,-9,3,15,2,25,27,-1,-8,5,2,sil
26.1119225025177,0,-9,-4,-22,-7,-8,11,4,34,23,0,-2,6,-3,sil
26.134607076644897,4,-2,-8,-23,-4,-10,0,0,22,3,8,7,7,-6,sil
26.134607076644897,7,2,1,-19,-5,-12,-13,-2,-5,-12,8,6,-2,-15,sil
26.134607076644897,2,17,5,0,1,-17,-10,0,-20,-14,13,8,0,-15,sil
26.14378070831299,4,21,11,17,7,-14,-6,3,-13,-15,22,16,1,-7,sil
26.15887665748596,1,6,4,13,3,-3,-9,1,-7,-10,9,3,-10,-10,sil
26.15887665748596,-1,1,-1,14,9,4,-2,0,-14,-2,-9,-12,-10,-4,sil
26.17400932312012,1,4,10,19,15,10,4,3,-17,-9,-8,-8,-3,11,sil
26.17400932312012,-5,-11,-2,8,0,9,5,0,-8,-8,-9,-4,-9,14,sil
26.18958878517151,-15,-18,-6,0,-6,5,11,-2,-3,6,-26,-15,-14,4,sil
26.18958878517151,-12,-12,-2,0,0,7,21,-1,2,10,-33,-24,-10,1,sil
26.204842567443848,-11,-22,-16,-18,-4,13,24,-4,22,16,-15,-21,-4,5,sil
26.204842567443848,-15,-27,-8,-32,-15,10,14,-2,28,28,-4,-11,5,10,sil
26.22086787223816,-3,-9,-9,-23,-21,-6,-2,0,17,11,-17,-2,8,2,sil
26.22086787223816,11,7,-4,-12,-18,-24,-22,-2,4,-14,-15,8,0,-9,sil
26.236531257629395,17,15,6,-5,-4,-21,-27,-2,0,-11,17,19,1,-5,sil
26.236531257629395,15,12,2,-4,1,-14,-19,-2,-6,-8,31,19,4,2,sil
26.252676486969,12,16,13,-3,-1,-15,-15,0,-17,-23,17,21,-6,-7,sil
26.252676486969,15,24,16,11,8,-6,-15,5,-22,-21,15,20,-14,-15,sil
26.267579317092896,16,21,13,21,21,6,-13,1,-21,-10,16,10,-6,0,sil
26.267579317092896,2,6,10,13,16,10,-9,0,-18,-9,5,1,-5,6,sil
26.28364586830139,-16,-10,-6,9,9,6,-3,3,-16,-1,-4,-10,-28,-6,sil
26.299977779388428,-16,-12,-3,14,6,9,6,2,-12,6,-16,-20,-18,-8,sil
26.299977779388428,-6,-4,-3,19,4,21,20,0,3,5,-14,-15,43,7,sil
26.299977779388428,-9,-6,-10,9,5,25,22,1,17,8,-5,-8,57,15,sil
26.314661026000977,-15,-12,-9,-6,-1,12,10,0,13,15,-7,-3,7,6,sil
26.314661026000977,-1,-12,-10,-11,-16,-5,2,-6,13,12,-4,6,1,4,sil
26.33125138282776,13,-3,5,-10,-13,-8,6,-7,25,12,11,19,31,19,sil
26.33125138282776,11,1,0,-11,-2,-3,12,2,25,19,18,17,27,21,sil
26.345256090164185,5,5,-14,-12,-6,-8,2,2,7,5,13,4,0,-6,sil
26.345256090164185,1,8,-4,-15,-8,-18,-8,0,-7,-19,8,0,-15,-25,sil
26.361936807632446,3,9,7,-1,3,-12,-2,3,-3,-9,13,4,-10,-12,sil
26.361936807632446,8,16,24,21,14,4,5,10,7,10,19,7,-1,0,sil
26.375921964645386,2,11,10,21,11,2,-1,2,8,0,3,-2,-13,-3,sil
26.39154863357544,-8,-7,-8,5,2,-9,-7,-9,-9,-12,-21,-16,-30,-9,sil
26.39154863357544,-11,-14,0,0,-1,1,-3,-7,-23,-6,-26,-18,-29,-7,sil
26.39154863357544,-13,-13,-5,-2,-8,13,-1,-2,-15,0,-17,-19,-17,-3,sil
26.4082350730896,-16,-16,-9,-10,-7,10,0,0,0,8,-14,-15,-6,1,sil
26.42290687561035,-7,-11,-7,-12,5,9,13,0,13,23,-9,-7,0,10,sil
26.42290687561035,-2,-10,-10,-16,0,3,10,-2,7,7,-12,-6,-5,6,sil
26.43869400024414,-4,-5,1,-15,-18,-12,-12,-3,-11,-22,-16,-2,-6,-10,sil
26.43869400024414,10,10,7,3,-4,-17,-16,0,-8,-17,10,17,14,-6,sil
26.45475578308105,23,27,16,14,14,-10,-5,8,0,-5,36,33,25,6,sil
26.45475578308105,9,21,5,8,5,-9,-14,5,-12,-22,19,15,7,-7,sil
26.47287654876709,-4,10,-5,11,0,-9,-17,-2,-21,-25,0,-4,-4,-16,sil
26.473912954330444,0,13,10,22,8,12,4,2,-4,1,5,2,5,4,sil
26.473912954330444,5,2,3,23,8,25,19,7,9,26,0,7,15,16,sil
26.488577365875244,0,-17,-6,2,0,11,10,0,5,22,-18,-9,5,10,sil
26.488577365875244,-10,-19,-7,-19,-4,4,5,-6,3,6,-22,-20,-8,5,sil
26.501691341400143,-5,-11,-14,-22,-13,4,10,-5,11,0,-8,-10,-3,1,sil
26.518006086349487,11,-5,-2,-18,-15,-9,8,1,16,3,3,5,9,1,sil
26.518006086349487,12,0,0,-14,-2,-18,-3,5,12,3,15,16,8,9,sil
26.518006086349487,4,7,4,-6,7,-11,-14,1,4,-7,23,18,-1,4,sil
26.53260588645935,9,15,15,6,8,-2,-18,-1,0,-15,13,9,-2,-2,sil
26.548672199249268,2,10,2,19,9,0,-13,-6,-8,-6,0,-3,-3,1,sil
26.548672199249268,-11,-2,-2,17,7,5,-2,-3,-21,0,-4,-10,-10,2,sil
26.56389236450196,-9,-9,0,10,8,11,12,2,-14,0,-8,-13,-10,-5,sil
26.56389236450196,-11,-11,-1,6,4,15,19,0,3,6,-21,-15,-8,-10,sil
26.57918190956116,-20,-13,-6,-5,-4,13,20,0,11,15,-18,-15,-5,-4,sil
26.57918190956116,-5,-7,-9,-13,-8,0,19,3,17,18,0,-10,7,7,sil
26.595187187194824,10,1,2,-18,-8,-11,2,-2,18,11,13,7,17,11,sil
26.595187187194824,9,0,0,-27,-15,-16,-23,-5,1,0,20,25,15,0,sil
26.61112904548645,12,3,2,-23,-16,-19,-30,-2,-16,-12,21,24,9,-10,sil
26.61112904548645,15,17,6,5,0,-9,-15,1,-21,-21,15,15,2,-10,sil
26.62592816352844,-1,15,-1,24,16,2,-5,3,-18,-16,5,5,-7,-10,sil
26.62592816352844,-13,4,5,22,15,12,0,2,-17,-10,-7,-5,-15,-7,sil
26.64140677452088,-6,0,-1,22,4,18,10,0,-11,0,-20,-14,-15,-4,sil
26.64140677452088,-3,-7,-5,11,0,19,25,0,8,18,-19,-14,-7,0,sil
26.656561851501465,-5,-10,3,-7,0,14,26,7,35,26,-13,-16,1,5,sil
26.656561851501465,-1,-3,-10,-10,-2,0,16,4,43,16,-12,-19,6,4,sil
26.671964168548584,6,0,-3,-4,0,-10,2,0,28,3,-6,-6,4,2,sil
26.671964168548584,10,-2,1,-4,1,-12,-12,-2,12,-1,9,15,6,2,sil
26.687912225723267,2,3,-2,-10,-4,-22,-31,-4,-5,-11,18,20,12,-4,sil
26.687912225723267,-6,13,5,-2,-4,-16,-32,-2,-25,-19,14,9,6,-7,sil
26.703607082366943,-6,5,1,22,8,8,-1,-2,-22,-1,0,-5,-5,4,sil
26.703607082366943,-2,-9,4,14,0,5,15,-1,-7,15,-11,-9,-1,14,sil
26.7189359664917,6,-4,5,-16,-21,-16,-2,-1,-12,-3,-1,3,7,6,sil
26.7189359664917,8,12,-5,-8,-10,-14,-19,-2,-27,-33,9,4,-2,-6,sil
26.73456978797913,-6,5,-2,15,14,8,-1,0,-30,-27,-3,-11,-26,-12,sil
26.73456978797913,-12,-25,-6,5,8,24,26,5,-14,0,-16,-21,-30,0,sil
26.75000905990601,-2,-22,-3,-13,-6,24,27,2,10,14,-11,-10,-8,14,sil
26.75000905990601,1,7,-1,-10,-1,6,8,-1,29,21,1,7,15,12,sil
26.76598596572876,4,11,-1,-1,3,-11,-5,-3,18,13,14,20,17,2,sil
26.76598596572876,7,4,11,-6,0,-10,-17,-2,-12,-10,13,20,3,-6,sil
26.781593561172485,0,6,7,-5,2,-1,-15,0,-19,-9,1,3,-4,-8,sil
26.781593561172485,-2,4,7,9,6,11,10,2,6,13,-6,-8,-5,0,sil
26.79752469062805,8,3,5,18,2,16,24,3,28,17,-3,0,8,9,sil
26.79752469062805,18,5,-3,-1,-1,-8,-1,2,22,0,11,17,24,11,sil
26.81267142295837,8,5,6,-15,0,-19,-27,2,3,-9,16,19,14,1,sil
26.81267142295837,-8,0,-6,4,4,0,-9,-2,-5,-2,-2,-2,-6,-11,sil
26.82815957069397,-12,-11,-13,10,0,6,15,-5,-1,4,-17,-18,-9,-5,sil
26.82815957069397,-1,-20,0,-20,-11,-6,9,-1,11,5,-7,-2,5,11,sil
26.84378290176392,3,-9,-1,-21,-16,-12,-10,-2,17,-1,8,10,13,4,sil
26.84378290176392,3,14,2,13,0,-4,-20,1,-3,-16,10,6,-4,-11,sil
26.85926485061645,0,17,1,28,15,9,-2,9,-12,-8,2,-4,-17,-6,sil
26.85926485061645,-1,0,0,17,9,18,26,5,8,20,-6,-17,-2,7,sil
26.87504935264588,0,-5,3,0,-2,3,22,0,15,19,-10,-20,6,1,sil
26.87504935264588,0,-1,-7,-17,-3,-19,-7,-1,-3,-10,-4,-7,-4,-16,sil
26.890690803527832,-6,1,-2,-22,-3,-14,-19,0,-17,-23,3,3,-10,-17,sil
26.90654253959656,-7,0,-4,0,0,10,1,3,-12,-2,1,0,-1,-1,sil
26.90654253959656,-4,-9,-7,13,6,14,19,-3,1,15,-11,-12,0,6,sil
26.90654253959656,0,-14,1,0,2,4,12,-5,14,15,-9,-10,3,9,sil
26.92189049720764,6,1,0,-5,1,-3,-2,0,8,7,7,6,12,10,sil
26.92189049720764,8,20,8,3,7,-15,-16,-2,-15,-7,8,17,5,-7,sil
26.93726587295532,0,7,1,10,-2,-12,-17,-7,-33,-21,-4,1,-15,-23,sil
26.95288276672364,-20,-15,-13,2,-19,5,-11,-3,-30,-12,-18,-20,-24,-12,sil
26.95288276672364,-25,-20,-2,-15,-16,13,0,0,-10,4,-16,-15,-7,0,sil
26.95288276672364,0,-5,2,-18,-6,1,4,-1,9,10,14,8,14,7,sil
26.96790647506714,20,19,12,1,0,-2,-6,4,7,1,39,31,14,12,sil
26.983577013015747,9,20,14,20,11,0,-4,10,-6,-3,25,31,1,5,sil
26.983577013015747,-7,-1,0,15,13,6,15,1,-3,4,4,8,0,9,sil
26.983948945999146,-4,-11,0,-1,1,10,21,0,9,12,-6,-12,2,20,sil
27.000659465789795,4,-4,-3,-10,-9,-4,1,1,16,0,-12,-9,7,11,sil
27.000659465789795,7,5,2,-11,-1,-18,-18,0,7,-21,0,8,15,-4,sil
27.015682458877563,1,8,0,0,9,-1,-9,2,-5,-17,3,3,3,-11,sil
27.015682458877563,0,1,-7,15,7,19,15,3,-4,0,-18,-18,-13,-3,sil
27.030024766922,9,-1,5,10,-1,14,13,0,13,2,-25,-8,-4,14,sil
27.030024766922,18,0,2,-17,-7,-7,-6,-3,17,-7,-2,14,4,10,sil
27.046009063720703,6,3,-2,-18,0,-9,-8,-4,-4,-17,0,8,-11,-11,sil
27.046009063720703,-2,10,0,23,16,11,12,1,-10,-2,-8,-9,-20,-11,sil
27.061538696289062,2,-1,-2,27,13,8,20,3,19,27,1,-9,2,8,sil
27.07863450050354,0,-18,-2,-25,-14,-13,-6,0,27,23,12,2,16,6,sil
27.07863450050354,-6,-8,-11,-33,-15,-21,-36,-5,-7,-10,14,2,-2,-14,sil
27.07863450050354,-9,7,2,14,8,-5,-21,0,-27,-13,7,-9,-23,-21,sil
27.09392881393433,-11,1,5,29,10,17,19,3,-4,19,-7,-18,-6,-5,sil
27.10948872566223,-5,-8,-15,-6,-10,6,19,-8,15,28,-9,-10,20,4,sil
27.10948872566223,4,0,3,-24,-18,-24,-17,-5,4,-4,14,7,14,-1,sil
27.10948872566223,0,10,12,2,-3,-17,-18,6,-12,-23,19,10,-7,-6,sil
27.12558460235596,-6,2,0,21,12,18,13,0,-8,0,-8,-4,-12,-1,sil
27.14069175720215,-3,-7,-2,2,10,20,21,0,10,23,-17,-7,6,5,sil
27.14069175720215,5,-3,-1,-18,-4,-9,-1,2,17,11,6,10,26,11,sil
27.157286643981934,13,7,10,-11,-5,-16,-20,-1,-2,-15,19,23,16,2,sil
27.157286643981934,11,9,5,14,8,3,-9,0,-19,-16,8,13,-3,-3,sil
27.173099040985107,0,2,3,28,12,18,19,11,-4,9,-3,-1,0,10,sil
27.173099040985107,-8,-4,2,12,2,22,32,9,16,20,-9,-9,8,20,sil
27.173099040985107,-9,-11,-10,-13,-7,11,18,-6,13,9,-13,-6,1,7,sil
27.189630031585693,-6,-7,-4,-25,-9,-6,0,-4,3,6,-9,1,3,0,sil
27.189630031585693,-7,-1,-6,-17,-6,-14,-1,1,8,7,0,5,12,1,sil
27.20369863510132,-7,-2,-7,-15,-4,-17,-15,-4,-1,-13,0,1,-6,-7,sil
27.20369863510132,0,3,-1,-18,-2,-19,-30,-7,-27,-33,1,11,-25,-19,sil
27.21986293792725,6,15,-5,2,6,-12,-17,-3,-31,-23,10,12,-16,-16,sil
27.23501324653625,0,10,5,26,8,0,-9,-2,-29,-26,-3,-9,-23,-17,sil
27.23501324653625,-7,-5,-2,20,0,4,-14,-4,-38,-35,-24,-27,-38,-22,sil
27.23501324653625,-2,-7,-1,15,0,12,-4,0,-35,-15,-18,-20,-27,-11,sil
27.249599933624268,4,0,16,27,7,21,10,7,-9,9,-5,-11,-11,2,sil
27.26552104949951,0,-4,-5,12,0,9,12,1,15,13,-3,-14,-5,7,sil
27.26552104949951,-7,-14,-8,-19,-15,0,14,0,29,19,-3,-9,8,15,sil
27.280563592910767,0,-2,3,-14,-13,9,16,10,43,32,0,1,31,25,sil
27.280563592910767,21,9,6,4,0,8,12,10,52,28,16,16,42,27,sil
27.295690298080444,29,10,14,-3,5,0,5,4,37,15,29,28,36,17,sil
27.295690298080444,12,0,0,-21,-4,-14,-10,0,10,4,20,16,20,-1,sil
27.31125497817993,-7,-1,-6,-27,-11,-23,-27,-1,-12,-18,0,-2,2,-18,sil
27.31125497817993,-9,5,-2,-6,0,-11,-17,-3,-26,-31,-2,-2,-7,-19,sil
27.32689833641052,-2,11,1,16,14,4,5,-3,-14,-3,9,5,-7,-6,sil
27.32689833641052,-4,6,11,2,15,8,14,0,7,18,13,5,-1,7,sil
27.34199166297913,-11,-1,0,-4,12,13,8,0,7,9,0,-5,0,5,sil
27.34199166297913,-3,0,3,28,12,19,8,-1,-7,2,-13,-9,-6,1,sil
27.357815504074097,10,3,9,31,6,13,19,0,6,21,-9,2,2,12,sil
27.357815504074097,6,-9,-7,-7,0,0,20,0,31,26,0,8,16,21,sil
27.372891902923584,0,-15,-4,-17,-4,-6,8,0,18,1,-6,5,7,13,sil
27.372891902923584,11,0,-2,0,0,-14,0,-2,-1,-13,0,11,3,2,sil
27.388253927230835,18,12,-1,-3,0,-22,-8,-4,-4,-13,17,18,7,-2,sil
27.388253927230835,-1,2,-13,-15,-10,-21,-20,-4,-9,-15,14,6,-3,-16,sil
27.40386128425598,-18,-7,-17,-14,-17,-16,-21,-3,-23,-14,0,-2,-14,-26,sil
27.40386128425598,-9,4,12,-2,0,-5,-18,0,-30,-10,-6,-3,-11,-16,sil
27.41989231109619,-6,3,0,7,7,4,-17,-3,-30,-8,-7,-18,-10,-5,sil
27.41989231109619,-16,-12,-12,10,-4,10,-15,-2,-27,-6,-8,-25,-10,-6,sil
27.43552947044373,-16,-13,7,12,-12,11,-11,4,-14,-2,-21,-19,-15,-9,sil
27.43552947044373,-17,-17,-1,4,-13,4,-4,3,-2,-3,-42,-26,-34,-13,sil
27.45060443878174,-19,-21,-9,-11,-11,5,6,4,4,0,-38,-24,-33,-11,sil
27.45060443878174,-4,-4,-4,-8,-2,11,25,4,29,12,-2,0,1,2,sil
27.466962337493896,12,4,4,-9,-8,-2,26,0,39,12,15,13,20,12,sil
27.466962337493896,12,3,5,-15,-16,-15,6,0,2,-6,11,13,8,3,sil
27.481516122818,11,13,0,3,0,-4,-6,-1,-28,-19,16,19,4,-2,sil
27.481516122818,24,28,19,19,19,1,-9,-4,-13,-12,35,29,11,8,sil
27.49726939201355,29,26,20,19,22,3,-1,4,4,5,43,28,15,23,sil
27.513027667999268,19,22,11,32,29,16,14,13,8,21,27,16,16,29,sil
27.513027667999268,7,18,9,43,31,26,23,8,17,29,6,3,18,17,sil
27.513027667999268,-6,-1,-4,25,15,18,16,-4,20,22,-8,-14,9,1,sil
27.52991533279419,-19,-19,-7,-8,-1,4,1,-6,0,8,-24,-31,-7,-1,sil
27.52991533279419,-12,-21,-14,-27,-6,-1,-4,0,-3,7,-25,-30,0,0,sil
27.543875455856323,0,-17,-9,-31,-12,-3,-3,-1,11,7,-13,-14,15,0,sil
27.543875455856323,-8,-17,-3,-36,-21,-9,-8,-9,9,-8,-16,-12,0,-9,sil
27.5599331855774,-18,-19,-16,-41,-20,-22,-19,-8,-1,-23,-21,-14,-18,-24,sil
27.5599331855774,-4,-2,-2,-32,-8,-17,-16,0,2,-26,-3,6,-6,-22,sil
27.57599949836731,8,14,3,-10,0,-5,-7,0,4,-19,19,25,5,-10,sil
27.57599949836731,4,11,3,0,5,-4,-9,-2,-10,-11,21,21,0,-4,sil
27.59152340888977,-2,4,9,4,11,0,-5,0,-17,-4,10,12,-5,0,sil
27.59152340888977,-3,0,-6,19,5,7,6,1,-13,-4,0,0,-10,3,sil
27.606759071350098,0,0,7,27,1,10,13,5,-15,-5,-8,-7,-12,1,sil
27.606759071350098,0,1,11,21,6,9,21,8,-6,10,-3,-1,0,10,sil
27.623892068862915,0,-6,-7,11,-2,3,17,0,8,25,1,1,10,16,sil
27.623892068862915,1,-7,-4,1,-13,-4,1,0,10,16,-5,0,4,8,sil
27.638607263565063,15,2,-5,2,-5,-7,3,0,19,15,1,10,15,11,sil
27.638607263565063,24,12,6,7,-4,-10,5,0,32,24,25,31,29,27,sil
27.65394830703736,18,15,10,5,-8,-12,-13,2,17,11,28,30,17,15,sil
27.65394830703736,8,14,-1,5,2,-9,-21,-2,-9,-8,9,9,-4,-10,sil
27.67134046554565,0,8,3,5,9,-2,-10,-3,-23,-18,-2,0,-18,-18,sil
27.67134046554565,-10,-7,-4,0,4,0,-4,-2,-26,-22,-5,-9,-26,-18,sil
27.686213731765747,-20,-11,-4,-3,-4,3,-2,-2,-28,-22,-13,-27,-31,-19,sil
27.686213731765747,-24,-5,-3,2,-2,18,7,2,-12,-9,-27,-35,-31,-16,sil
27.70082187652588,-22,-4,-8,6,10,20,13,5,7,6,-34,-26,-20,-8,sil
27.70082187652588,-17,-6,3,1,8,7,3,0,3,9,-23,-22,-8,0,sil
27.716885089874268,-11,-10,-4,-11,-12,-5,-7,-7,-4,0,-11,-26,-7,2,sil
27.73465204238892,8,-5,-3,-21,-16,-9,-6,-1,7,-8,-2,-7,10,7,sil
27.73465204238892,26,5,3,-12,0,-1,1,3,19,3,15,21,42,12,sil
27.73465204238892,16,0,0,-7,-1,0,-4,0,12,4,21,20,36,7,sil
27.74868631362915,2,-6,3,-23,-10,-10,-18,-1,2,-9,14,13,12,-6,sil
27.74868631362915,3,1,-7,-25,0,-8,-11,0,-1,-5,19,14,8,-12,sil
27.76380157470703,-3,8,1,-1,17,6,0,1,-16,0,12,3,0,-13,sil
27.76380157470703,-9,5,10,23,17,12,7,5,-22,0,-6,-10,-4,-9,sil
27.78035831451416,0,3,-5,28,11,10,17,1,-2,13,0,-9,1,8,sil
27.78035831451416,-1,1,5,17,9,17,16,1,1,14,3,-7,0,19,sil
27.79513692855835,-17,-7,0,13,7,18,14,0,-2,12,-11,-12,-5,2,sil
27.81083989143372,-13,-14,-5,8,-1,6,17,-6,14,18,-11,-7,-3,-1,sil
27.81083989143372,2,-4,1,0,-3,3,14,-1,28,12,-1,4,-1,8,sil
27.82684326171875,15,6,1,0,2,0,8,0,18,2,0,12,7,15,sil
27.82684326171875,18,6,11,-5,-1,-18,0,0,11,0,9,25,15,19,sil
27.82684326171875,15,0,0,-20,-15,-32,-14,-3,7,-9,13,24,4,9,sil
27.8438982963562,18,2,2,-18,-13,-28,-22,-6,-6,-22,1,14,-4,-7,sil
27.85899591445923,24,14,17,-1,0,-15,-11,1,-5,-17,4,17,-1,-3,sil
27.85899591445923,9,10,-1,2,0,-12,-9,5,-1,-9,12,10,-4,1,sil
27.85899591445923,-11,0,-3,-5,-5,-6,-23,4,-19,-21,0,-4,-16,-12,sil
27.87389016151428,-10,0,-1,7,0,4,-11,5,-17,-18,-11,-8,-17,-13,sil
27.87389016151428,0,6,6,27,10,18,10,7,8,3,-8,-8,-11,1,sil
27.89072227478028,-7,6,7,25,14,30,15,3,15,17,-5,-13,-12,-1,sil
27.89072227478028,-23,-8,-20,8,4,20,17,-1,2,13,-10,-21,-9,-10,sil
27.90389204025269,-25,-24,-15,-17,-9,2,9,-3,-8,1,-21,-18,-2,-7,sil
27.91960287094116,-19,-24,-14,-30,-16,1,0,-6,-8,-1,-22,-14,-3,-10,sil
27.91960287094116,-12,-14,-19,-23,-17,-5,-10,-7,-1,0,-11,-6,-2,-7,sil
27.934763431549072,0,0,2,-13,-11,-19,-16,2,11,8,11,14,21,6,sil
27.934763431549072,9,9,0,-6,-2,-14,-12,4,17,15,32,24,35,8,sil
27.949916124343872,7,16,8,-1,-1,-2,-17,0,-11,-5,19,19,9,2,sil
27.949916124343872,7,13,8,11,3,1,-18,-5,-40,-26,-2,2,-11,1,sil
27.96554946899414,9,5,0,26,17,12,6,-6,-30,-11,-2,-15,-7,2,sil
27.96554946899414,6,1,9,23,20,20,25,0,-14,4,-8,-17,-9,4,sil
27.980669021606445,-5,-7,-6,12,4,6,19,0,-7,8,-17,-21,-11,-1,sil
27.980669021606445,-16,-12,-4,-4,-9,0,11,-2,0,8,-11,-29,-4,-8,sil
27.99596405029297,-10,-4,2,-11,-10,4,20,0,16,18,-2,-19,2,0,sil
27.99596405029297,7,1,1,-2,0,-1,26,4,33,34,9,6,19,14,sil
28.011548042297363,24,12,19,3,9,-2,15,7,37,36,28,30,39,28,sil
28.011548042297363,25,13,4,0,6,-3,0,0,25,17,22,27,31,19,sil
28.02674961090088,11,5,0,-15,-4,-16,-18,-1,2,-12,4,13,3,-9,sil
28.02674961090088,0,5,1,-14,0,-11,-25,5,-1,-20,13,14,-1,-22,sil
28.04277920722961,1,7,-4,-2,10,0,-13,3,-1,-15,22,12,3,-14,sil
28.04277920722961,3,9,13,2,12,3,-1,-2,-16,-29,3,0,-12,-8,sil
28.058550119400024,0,4,5,11,11,3,0,-1,-13,-28,-6,-9,-22,-11,sil
28.058550119400024,-12,-8,0,4,1,0,-11,-2,-12,-11,-2,-9,-12,-17,sil
28.07374739646912,-27,-19,-3,-10,-12,0,-17,0,-30,-19,-18,-6,-22,-18,sil
28.07374739646912,-25,-19,-15,0,0,7,5,0,-7,-18,-28,-6,-30,-3,sil
28.089688539505005,-6,-11,7,9,10,16,26,0,35,13,-14,0,-6,20,sil
28.089688539505005,-1,-10,2,0,-7,0,9,0,32,26,-12,3,7,23,sil
28.104751348495483,0,-10,-12,-3,-18,-14,-8,-1,11,8,-16,1,0,13,sil
28.104751348495483,14,0,1,5,-10,-12,-11,1,12,0,-6,12,2,13,sil
28.120768547058105,21,12,1,20,0,-21,-23,2,12,-6,8,30,8,12,sil
28.120768547058105,16,17,0,19,0,-24,-19,-2,-3,-10,12,24,7,5,sil
0.0410168170928955,12,12,2,-4,-6,-1,6,0,-20,2,7,-4,11,3,sil
0.0570285320281982,0,3,-4,-14,-3,9,13,4,-26,5,5,-13,8,0,sil
0.0570285320281982,-14,-4,-25,-9,0,6,9,-1,-29,2,6,-18,-1,-6,sil
0.0729851722717285,-17,-11,-23,-14,-8,6,7,-3,-27,6,-8,-35,-10,-11,sil
0.0729851722717285,-4,-2,-3,-9,-6,14,7,6,-11,12,-17,-24,-4,-8,sil
0.0908780097961425,2,5,-10,4,11,23,21,2,9,22,0,-3,6,1,sil
0.0908780097961425,-2,0,14,3,9,21,22,-1,14,18,1,-6,2,1,sil
0.0908780097961425,-6,1,35,9,0,12,8,0,11,6,-1,-2,0,-3,sil
0.1039023399353027,-5,0,6,2,-2,0,-4,-3,13,1,0,2,4,-5,sil
0.1199498176574707,-9,-14,-5,-30,-9,-13,-19,-7,10,-7,-14,-8,-7,-10,sil
0.1199498176574707,-4,-14,-9,-23,-10,-14,-17,-9,7,-15,-5,-6,-11,-13,sil
0.1357772350311279,7,8,6,4,6,-10,-7,-1,0,-14,37,25,10,0,sil
0.1357772350311279,9,22,8,2,13,-9,-7,6,-4,-7,46,32,20,6,sil
0.1511626243591308,5,13,0,8,9,-10,-9,2,-7,-5,20,9,4,-5,sil
0.1511626243591308,5,8,20,30,15,2,-3,-1,-13,-10,5,4,-3,-7,sil
0.1667008399963379,1,2,7,20,17,15,9,0,-5,-2,-1,2,0,2,sil
0.1667008399963379,1,-4,-7,-3,1,15,18,3,6,13,-15,-4,2,10,sil
0.1821520328521728,0,-7,-1,-1,-6,11,16,5,23,13,-19,-4,2,12,sil
0.1821520328521728,0,-13,-7,-1,-5,-3,5,1,27,6,-9,-3,13,10,sil
0.1974389553070068,16,-1,3,-17,-6,-19,-11,0,4,0,0,10,16,12,sil
0.1974389553070068,19,9,2,-10,-1,-20,-21,-2,-13,-15,3,17,2,4,sil
0.2129905223846435,-3,0,0,0,0,-11,-20,-5,-16,-22,-3,0,-14,-13,sil
0.2129905223846435,-14,-1,0,4,2,0,-13,-2,-18,-9,-10,-18,-26,-19,sil
0.2286667823791504,-6,6,-13,16,11,8,-1,0,-12,-1,-13,-20,-26,-12,sil
0.2286667823791504,0,4,3,20,7,10,13,7,0,-1,-16,-6,-16,0,sil
0.2437756061553955,-3,0,0,12,-5,13,26,8,9,9,-12,-5,-5,8,sil
0.2437756061553955,-11,-10,-18,-2,-16,5,24,0,12,17,-6,-13,0,6,sil
0.2594242095947265,-4,-17,-1,-19,-20,-6,12,-1,14,15,0,1,9,12,sil
0.2594242095947265,9,-11,3,-23,-10,-11,0,0,13,14,13,19,20,20,sil
0.2750115394592285,3,-1,0,-15,-6,-9,-15,0,-6,-8,12,13,9,4,sil
0.2750115394592285,-4,6,-4,-1,-11,-10,-28,-1,-20,-24,0,3,-2,-14,sil
0.290644884109497,5,14,6,3,-4,-15,-24,-1,-14,-8,8,8,3,-11,sil
0.290644884109497,4,11,19,-3,2,-8,-18,-1,-11,-5,21,12,3,-8,sil
0.3068208694458008,-11,2,0,7,6,9,-3,-2,-12,-11,7,1,-6,-16,sil
0.3068208694458008,-10,8,5,35,14,24,18,0,-4,12,-8,-6,-4,-6,sil
0.3219084739685058,0,5,3,28,17,24,30,3,11,39,-1,-5,3,10,sil
0.3219084739685058,0,-15,-13,-5,9,16,23,3,20,23,0,-8,0,11,sil
0.3370387554168701,-6,-20,-3,-17,0,12,15,4,13,-6,-20,-14,-8,5,sil
0.3370387554168701,-12,-13,-10,-9,-6,4,11,-1,4,-8,-29,-24,-10,2,sil
0.3531556129455566,-2,-8,-15,-15,-7,-6,0,-7,5,0,-4,-10,0,7,sil
0.3531556129455566,5,-2,-11,-25,-1,-11,-15,0,1,-9,16,2,9,4,sil
0.3682999610900879,-3,-2,-13,-23,-4,-15,-27,0,-11,-23,-1,-11,-4,-14,sil
0.3682999610900879,0,6,5,-8,-4,-16,-21,-4,-11,-21,-15,-5,-12,-18,sil
0.383920669555664,20,21,11,6,7,-12,-1,-1,6,-4,17,23,13,1,sil
0.383920669555664,20,15,19,9,10,-7,2,6,8,0,36,29,25,12,sil
0.3995254039764404,8,5,20,8,6,-2,-8,2,-3,6,21,18,9,4,sil
0.3995254039764404,10,9,5,12,8,-3,-7,-2,-1,22,20,15,5,0,sil
0.4149961471557617,8,11,9,11,2,0,-3,4,4,9,17,8,6,-1,sil
0.4149961471557617,-9,0,2,11,0,7,0,3,1,-9,-9,-9,-4,-12,sil
0.4307119846343994,-11,-8,-2,7,1,10,9,-1,2,1,-19,-10,-7,-7,sil
0.4307119846343994,0,-2,-1,3,0,10,9,0,2,12,-7,0,0,4,sil
0.4457664489746094,-3,5,-6,15,-3,10,1,-2,-14,-4,-16,-7,-8,0,sil
0.4457664489746094,-9,5,1,11,-2,7,5,-4,-30,-12,-33,-15,-19,-5,sil
0.4620568752288818,-3,-8,-6,-6,-4,8,20,0,-13,-3,-27,-8,-14,0,sil
0.4620568752288818,-2,-17,-6,-6,0,13,17,1,5,-3,-18,-6,-8,1,sil
0.4767546653747558,-7,-7,10,4,9,11,8,-2,6,5,-8,-6,0,1,sil
0.4778616428375244,-1,0,6,4,7,0,8,-2,7,22,7,3,16,10,sil
0.4919633865356445,6,2,4,2,-3,-7,0,2,9,13,14,18,11,13,sil
0.4919633865356445,4,-4,-6,-11,-13,-6,-11,2,10,0,20,15,5,11,sil
0.5076780319213867,0,-22,-10,-53,-19,-9,-4,4,21,5,27,9,17,14,sil
0.5230188369750977,3,-19,-4,-55,-11,-11,1,6,31,8,24,6,20,8,sil
0.5230188369750977,5,5,-4,3,3,-18,-10,0,14,0,20,4,0,-8,sil
0.5409326553344727,11,19,8,33,0,-21,-25,0,-15,-18,8,11,-11,-11,sil
0.5409326553344727,12,14,2,14,-9,-19,-24,-1,-30,-32,-3,8,-6,-13,sil
0.5409326553344727,0,12,-6,9,-5,-16,-18,-7,-32,-31,0,-9,-7,-18,sil
0.5546073913574219,-11,7,1,16,2,0,-11,-3,-32,-19,-3,-20,-18,-12,sil
0.5715944766998291,-15,0,-6,17,14,16,2,2,-13,-6,-17,-27,-22,-9,sil
0.5715944766998291,-13,2,-3,8,14,17,12,3,3,4,-21,-27,-14,-7,sil
0.5715944766998291,-14,-4,-4,-8,0,11,10,-1,3,13,-14,-18,-7,0,sil
0.584991455078125,-14,-14,-9,-9,-5,9,6,-6,-1,16,-11,-8,-7,-2,sil
0.6011021137237549,-6,-2,7,12,6,17,12,0,4,19,-8,-2,-3,1,sil
0.6011021137237549,3,3,3,12,9,24,21,5,19,21,-3,4,9,19,sil
0.6021039485931396,10,0,-1,0,5,23,19,2,28,17,0,13,17,27,sil
0.6187396049499512,11,-2,-1,5,10,14,14,0,21,16,5,18,16,18,sil
0.6187396049499512,7,-8,-9,-4,0,-4,5,0,5,8,7,16,14,9,sil
0.6318902969360352,-1,-14,-7,-36,-15,-19,-7,-2,-3,-7,-2,7,8,-1,sil
0.6476385593414307,-6,-10,-10,-33,-9,-19,-13,-6,-1,-14,-15,-2,1,-13,sil
0.6476385593414307,3,-1,0,-14,2,-10,-8,2,8,0,2,4,15,-1,sil
0.662684440612793,10,6,12,-9,0,-8,-10,4,12,5,29,15,26,9,sil
0.662684440612793,2,10,9,-5,-7,-19,-19,-3,-6,-14,8,2,0,-6,sil
0.6786866188049316,7,14,18,1,-2,-16,-10,2,-13,-17,0,2,-9,-12,sil
0.6786866188049316,19,15,16,5,6,-3,3,6,5,5,33,18,11,2,sil
0.693866491317749,10,11,13,6,0,-8,-9,-2,-6,-9,27,10,0,-1,sil
0.693866491317749,0,10,10,14,-3,-9,-22,-5,-29,-31,-1,-5,-21,-15,sil
0.7093017101287842,-3,7,-1,20,2,7,-2,2,-18,-15,-7,-13,-16,-12,sil
0.7093017101287842,-12,-5,-6,7,3,17,10,0,-13,-6,-25,-16,-19,-11,sil
0.7253918647766113,-10,-5,-10,9,5,16,13,-7,-16,-7,-25,-11,-19,-6,sil
0.7253918647766113,3,4,2,27,12,16,20,-1,0,6,-4,-2,-5,7,sil
0.7409965991973877,-1,2,0,26,5,14,21,6,6,14,-20,-12,-8,3,sil
0.7409965991973877,-16,-5,-19,13,0,5,12,2,-1,7,-30,-25,-19,-10,sil
0.7566421031951904,-13,-6,-6,5,2,3,7,0,0,7,0,-13,-11,-4,sil
0.7566421031951904,-1,-8,0,-4,-9,0,6,1,11,12,15,9,2,11,sil
0.7721259593963623,7,-10,1,-9,-12,-3,0,3,21,18,13,23,17,23,sil
0.7721259593963623,11,-8,7,-3,0,0,-1,3,29,26,18,17,21,25,sil
0.7878134250640869,3,-13,-4,-15,-5,0,0,0,25,22,12,2,11,12,sil
0.7878134250640869,-4,-16,-7,-31,-17,-5,-8,-1,5,-4,0,0,6,3,sil
0.8029754161834717,-2,-8,-13,-19,-3,-3,-14,0,-1,-19,-2,-1,8,0,sil
0.8029754161834717,6,1,-4,-2,4,0,-4,1,11,1,6,2,8,0,sil
0.8190402984619141,6,5,13,-4,0,0,-1,-1,12,20,15,14,13,8,sil
0.8190402984619141,2,6,4,-1,6,-6,-13,-4,-5,8,10,7,18,6,sil
0.8347909450531006,12,13,2,9,5,-3,-17,-3,-20,-10,4,0,15,0,sil
0.8347909450531006,10,13,0,12,-2,-4,-10,-10,-21,-18,2,0,4,0,sil
0.8499917984008789,-8,3,-6,0,-4,-10,-14,-11,-25,-24,-10,-2,-11,-9,sil
0.8499917984008789,-25,-2,-8,-16,-7,-5,-18,1,-26,-27,-22,-16,-24,-31,sil
0.8660552501678467,-24,-5,-14,-17,-8,-1,-5,3,-17,-19,-15,-19,-24,-38,sil
0.8660552501678467,-2,-1,4,-8,0,-3,7,0,-6,-9,-9,-3,-13,-15,sil
0.881615400314331,4,0,7,-5,2,-1,12,2,-3,-5,-10,3,-6,0,sil
0.881615400314331,-8,-2,-7,-8,0,-1,13,8,-2,-5,-5,-4,-10,-8,sil
0.8966717720031738,-1,4,5,4,8,3,21,10,4,3,5,0,-8,-4,sil
0.8966717720031738,10,13,10,22,19,11,26,5,13,7,2,6,0,9,sil
0.9120466709136964,2,3,9,17,11,5,10,3,16,5,-8,-3,0,9,sil
0.9120466709136964,1,0,2,8,1,0,1,3,23,16,0,-6,-2,6,sil
0.9279415607452391,8,4,0,5,0,2,4,0,20,14,10,4,2,10,sil
0.9279415607452391,6,3,8,4,0,9,6,1,10,1,5,13,9,14,sil
0.943552017211914,2,-1,-1,10,4,14,8,2,15,16,8,6,17,15,sil
0.943552017211914,0,-5,-5,5,0,6,2,-2,11,25,10,-1,14,13,sil
0.9591169357299804,0,-7,-2,-8,-7,-7,-14,-7,-8,3,2,-3,0,0,sil
0.9591169357299804,10,-1,3,-5,-6,-10,-15,-5,-11,-7,-1,-2,-9,-5,sil
0.9751625061035156,12,0,13,4,-4,0,-6,-6,-12,-6,-9,-1,-10,3,sil
0.9751625061035156,-3,-9,-5,-1,-4,-1,-7,-7,-21,-8,-7,-3,0,1,sil
0.9903240203857422,-3,-3,-5,-7,-1,-4,-8,1,-17,-5,9,4,11,-2,sil
0.9903240203857422,9,10,9,2,1,4,-2,2,-2,2,11,13,13,0,sil
1.0059399604797363,7,4,1,6,-2,3,-6,-4,0,2,-1,5,3,-3,sil
1.0059399604797363,-4,-2,-6,-3,-3,-5,-9,-1,-1,-4,-5,-4,-7,-12,sil
1.021693229675293,-6,-3,-14,-2,6,0,1,6,6,0,0,-5,-2,-3,sil
1.021693229675293,2,-3,-1,6,10,10,9,8,18,19,14,10,16,18,sil
1.036853551864624,2,1,9,6,3,8,10,4,17,17,21,16,18,18,sil
1.036853551864624,-14,0,-12,-6,-3,-2,2,-4,-1,-9,-2,-8,-5,-9,sil
1.052664041519165,-24,-14,-16,-22,-11,-13,-8,-3,-13,-21,-29,-21,-20,-21,sil
1.052664041519165,-7,-13,-7,-12,-9,-12,0,3,0,-4,-11,-1,-6,-2,sil
1.067737102508545,8,6,6,11,0,-2,13,0,9,0,6,10,5,9,sil
1.067737102508545,-1,14,9,9,4,1,5,-2,6,-8,0,2,-1,-1,sil
1.0835847854614258,-10,0,-6,-10,1,-6,-1,1,7,-6,-6,-6,-7,-14,sil
1.0835847854614258,5,1,7,-11,-3,-8,0,5,6,-2,0,-3,-1,-7,sil
1.098719596862793,13,8,13,-1,-3,-5,0,0,-7,-5,3,4,0,0,sil
1.098719596862793,0,1,0,-6,-1,-10,-9,-3,-22,-13,-3,3,-9,-1,sil
1.1147654056549072,-6,-3,-5,-8,-2,-8,-17,0,-23,-24,-12,-6,-17,-11,thankyou
1.115766525268555,0,-1,-4,5,-3,4,-13,1,-13,-15,-3,-11,-7,-7,thankyou
1.1308856010437012,7,5,11,15,0,11,-4,-1,-10,4,11,0,6,4,thankyou
1.1308856010437012,-2,5,4,10,7,5,-5,-4,-11,6,8,1,3,0,thankyou
1.1469995975494385,-10,-7,-3,4,7,4,-2,-3,-7,-2,-9,-10,-6,-10,thankyou
1.1469995975494385,-5,-5,4,14,2,15,11,-1,3,3,-8,-11,-2,1,thankyou
1.1622436046600342,-1,1,-5,17,6,21,17,2,18,21,9,-2,7,13,thankyou
1.1622436046600342,0,1,-9,-3,8,16,13,8,26,26,7,0,8,13,thankyou
1.1779053211212158,4,0,-5,-7,0,8,13,4,19,23,-8,-4,6,10,thankyou
1.1782782077789309,5,-1,-5,4,-3,0,10,-4,1,22,-9,-4,3,8,thankyou
1.1968820095062256,3,-4,-1,0,5,1,8,-1,1,18,0,6,0,9,thankyou
1.1968820095062256,8,-1,-2,-10,8,0,8,5,19,13,7,15,7,7,thankyou
1.2097156047821045,17,5,12,-4,6,-11,-3,3,9,10,11,23,10,8,thankyou
1.2097156047821045,18,6,13,0,1,-12,-12,-6,-20,-1,8,21,3,5,thankyou
1.2240827083587646,15,0,0,-3,-12,-4,-6,-5,-16,-19,0,13,2,3,thankyou
1.2395987510681152,10,0,5,-4,-18,-6,4,6,5,-19,-1,10,5,6,thankyou
1.2395987510681152,-2,5,0,-3,-9,-14,3,0,0,-16,-1,-1,-1,-3,thankyou
1.2395987510681152,-15,-2,0,-8,-14,-15,-9,-7,-13,-24,0,-15,-11,-18,thankyou
1.255716323852539,-15,-9,1,-11,-17,-8,-11,-3,1,-14,10,-12,1,-14,thankyou
1.255716323852539,-8,0,0,-1,5,1,0,4,20,6,15,1,13,1,thankyou
1.271794080734253,-2,7,9,12,21,5,0,9,10,3,5,12,1,5,thankyou
1.271794080734253,-3,-4,-2,12,11,-6,-9,1,0,-5,-5,1,-7,-9,thankyou
1.2888481616973877,-7,-9,-8,-5,-1,-13,-17,-2,-8,-11,-12,-13,-13,-22,thankyou
1.2888481616973877,-17,0,-6,-15,-3,-2,-17,-2,-12,-12,-15,-18,-19,-22,thankyou
1.303910255432129,-24,-2,-14,-4,0,6,-3,-3,-8,-11,-15,-19,-15,-15,thankyou
1.303910255432129,-16,-2,-5,0,5,14,11,0,-2,-6,-9,-16,-7,-6,thankyou
1.3198509216308594,-4,2,-1,2,10,20,19,0,0,3,-5,-14,-6,-3,thankyou
1.3198509216308594,-1,-3,-3,11,4,18,21,-1,0,9,-13,-13,-4,1,thankyou
1.3358867168426514,1,-10,-5,13,-1,17,20,-1,0,17,-7,-4,6,19,thankyou
1.3358867168426514,10,-2,-6,7,-1,9,9,0,9,31,7,2,15,25,thankyou
1.350738525390625,13,1,2,1,-4,0,0,1,21,31,1,8,18,18,thankyou
1.350738525390625,16,-3,-3,-4,-7,-7,-10,1,15,10,0,17,15,18,thankyou
1.3654992580413818,26,5,4,-9,-4,-21,-23,-2,-4,-10,17,28,5,11,thankyou
1.3654992580413818,23,18,22,-4,-1,-16,-21,0,-15,-11,28,26,0,-4,thankyou
1.3810310363769531,4,8,7,-1,0,-2,-11,0,-19,-8,20,14,0,-8,thankyou
1.3975067138671875,0,4,6,-3,2,-9,-16,-3,-33,-25,3,8,-11,-4,thankyou
1.3975067138671875,6,12,11,1,1,-14,-11,0,-21,-15,6,9,-10,-6,thankyou
1.4138529300689695,0,5,3,6,-4,0,7,9,8,7,15,3,0,-3,thankyou
1.4138529300689695,-10,-1,-6,8,0,10,14,0,3,-7,-6,-14,-10,-10,thankyou
1.4138529300689695,-8,1,-5,16,7,5,15,-12,-12,-17,-24,-20,-13,-14,thankyou
1.428004503250122,4,5,16,14,7,5,19,0,3,17,-3,0,8,4,thankyou
1.443523645401001,6,0,9,5,3,9,15,7,19,31,9,7,17,15,thankyou
1.443523645401001,-5,-5,-5,0,0,9,2,0,4,4,-7,-7,0,0,thankyou
1.4587571620941162,-17,1,-5,0,0,1,-1,-1,-1,-10,-21,-19,-6,-8,thankyou
1.4587571620941162,-11,1,-10,-1,-2,-3,5,6,18,2,-7,-15,6,0,thankyou
1.4737787246704102,-1,-4,3,-4,-2,4,13,12,29,20,6,-1,13,13,thankyou
1.4737787246704102,-9,-7,-1,-9,1,8,11,2,8,9,0,-5,0,6,thankyou
1.4898481369018557,-21,-19,-29,-17,0,-8,-7,-12,-16,-25,-23,-21,-19,-14,thankyou
1.4898481369018557,-19,-23,-26,-24,-11,-14,-25,-11,-12,-30,-31,-20,-20,-19,thankyou
1.5050387382507324,-7,-10,-15,-15,-5,-1,-14,0,4,-4,-8,-5,-1,-1,thankyou
1.5050387382507324,10,5,1,-1,7,1,8,2,16,8,19,15,15,12,thankyou
1.5209429264068604,20,6,9,7,5,-4,9,0,20,9,19,20,15,8,thankyou
1.5209429264068604,13,-3,3,7,-6,-6,-2,0,13,4,0,9,6,2,thankyou
1.5370440483093262,10,-6,8,-5,-3,3,-3,6,10,4,6,18,14,14,thankyou
1.5370440483093262,11,0,7,-9,9,4,0,1,11,16,26,25,18,14,thankyou
4.723965167999268,25,17,5,25,1,-2,-2,1,-9,8,26,25,13,12,thankyou
4.723965167999268,0,0,-4,3,-14,-10,-15,3,-12,-6,2,0,-10,-6,thankyou
4.723965167999268,-6,0,0,5,-11,-9,-18,1,0,-13,-3,-6,-12,-11,thankyou
4.739111661911011,15,10,10,25,6,2,-7,-3,18,5,16,12,0,5,thankyou
4.739111661911011,15,8,14,16,7,0,-5,-1,8,0,10,15,-12,2,thankyou
4.753654956817627,-14,-8,-11,-7,-2,-14,-8,0,-6,-18,-12,-13,-29,-20,thankyou
4.753654956817627,-23,-12,-10,-6,-7,-5,0,1,-5,-8,-13,-25,-23,-16,thankyou
4.7687668800354,-4,1,0,11,-4,17,10,0,0,7,-1,-8,-6,4,thankyou
4.784135341644287,0,8,-1,16,1,18,14,5,0,5,0,-1,5,6,thankyou
4.784135341644287,-15,0,-4,1,6,12,13,5,-4,7,-10,-17,4,-6,thankyou
4.799339771270752,-20,-7,-15,-2,9,11,15,-2,4,19,-16,-27,1,-8,thankyou
4.799339771270752,0,2,-1,4,10,11,15,0,22,24,-4,-3,10,10,thankyou
4.815036773681641,14,4,11,0,6,12,10,0,18,22,7,15,21,24,thankyou
4.815036773681641,5,-11,-5,-13,3,-1,1,-5,-2,13,2,5,20,18,thankyou
4.830636978149414,0,-17,-8,-19,-3,-19,0,-3,-7,1,-4,1,12,9,thankyou
4.830636978149414,-1,-12,-10,-22,-15,-16,1,0,2,-3,-4,4,7,0,thankyou
4.846730709075928,-3,-14,-9,-32,-15,-6,-6,-1,-2,-23,-9,0,1,-13,thankyou
4.846730709075928,-7,-11,-8,-31,-6,-8,-16,-1,-13,-39,-15,-3,-8,-19,thankyou
4.862082958221436,-5,-6,-12,-24,-12,-16,-14,-2,-12,-24,-8,1,-10,-15,thankyou
4.862082958221436,0,1,9,-19,-21,-17,-11,0,-9,-14,0,5,-11,-13,thankyou
4.877726793289185,0,10,12,0,-7,-8,-9,3,-2,-24,2,2,-14,-16,thankyou
4.877726793289185,5,12,9,13,6,0,-3,4,8,-13,0,4,-8,-10,thankyou
4.893822431564331,8,5,14,11,10,4,1,4,14,11,6,9,3,2,thankyou
4.893822431564331,1,0,4,17,12,4,6,0,5,15,15,5,5,6,thankyou
4.9095234870910645,-2,0,0,22,4,9,3,-2,-14,6,13,2,-2,3,thankyou
4.9095234870910645,0,2,-1,12,0,7,-4,-7,-21,2,6,0,-3,1,thankyou
4.924784660339356,4,5,5,12,11,0,-5,-9,-14,3,0,0,2,6,thankyou
4.924974679946899,4,9,6,17,13,1,-4,-4,-13,1,-4,-2,3,13,thankyou
4.940599918365479,2,2,-7,4,-6,0,-14,0,-15,-7,-10,-7,-4,8,thankyou
4.940599918365479,0,1,3,-4,-17,-6,-17,0,-9,-13,-13,-10,-10,-1,thankyou
4.9570066928863525,-3,3,2,8,0,0,-1,0,5,1,-1,-7,0,-7,thankyou
4.9570066928863525,-4,-1,-11,11,9,13,12,5,16,17,15,0,10,0,thankyou
4.972538948059082,-1,0,-4,2,3,22,22,9,21,17,20,4,10,10,thankyou
4.972538948059082,3,4,0,6,2,17,25,7,22,17,11,1,3,6,thankyou
4.987781524658203,4,0,5,6,8,3,18,8,21,22,0,4,1,1,thankyou
4.987781524658203,0,0,-4,1,11,-2,12,5,18,24,0,10,5,3,thankyou
5.003888130187988,0,4,-8,-1,8,-3,7,0,8,12,5,4,5,4,thankyou
5.003888130187988,6,0,8,-8,1,-6,5,0,1,3,1,1,0,4,thankyou
5.01902437210083,3,-4,2,-13,-5,-11,6,0,0,0,-6,1,0,4,thankyou
5.01902437210083,-4,-5,-3,-16,-10,-9,-6,-2,-4,-17,-10,-2,-4,-4,thankyou
5.034881830215454,-5,-8,-6,-19,-10,-9,-19,-6,-10,-30,-2,-3,-2,-10,thankyou
5.034881830215454,0,-8,0,-12,-10,-15,-15,-10,-10,-22,0,-1,-5,-5,thankyou
5.050785541534424,0,0,9,-1,-8,-6,-13,-6,-14,-12,-12,-1,-13,-6,thankyou
5.050785541534424,1,1,-2,2,3,6,-14,-2,-18,-10,-11,-3,-4,-6,thankyou
5.0668370723724365,8,5,6,12,10,6,-7,1,-11,-10,0,7,10,8,thankyou
5.0668370723724365,7,7,10,15,3,6,0,3,5,-5,0,7,5,7,thankyou
5.0819268226623535,-6,-6,-9,-5,-2,3,-4,2,9,-4,-10,-11,-9,-14,thankyou
5.0819268226623535,-21,-14,-8,-20,-8,0,-9,1,-2,-7,-10,-14,-9,-19,thankyou
5.09763240814209,-20,-5,-4,-6,-11,1,2,1,0,8,0,-3,4,-2,thankyou
5.09763240814209,-3,2,1,0,-4,1,18,5,7,20,2,0,7,3,thankyou
5.113612413406372,8,4,3,1,6,2,20,0,6,9,4,3,2,0,thankyou
5.113612413406372,9,5,0,9,14,6,12,-4,7,6,14,8,8,2,thankyou
5.128533124923706,5,1,6,1,9,1,1,0,3,11,12,10,7,4,thankyou
5.128533124923706,0,-6,0,-5,-3,-6,-2,-2,-9,0,1,2,-5,-4,thankyou
5.144639730453491,5,-1,0,6,-6,-4,1,-3,-8,-3,5,1,-2,0,thankyou
5.144639730453491,13,7,9,20,2,0,0,1,1,3,11,4,5,13,thankyou
5.15985894203186,-3,-2,-4,13,-1,-3,-13,-3,-10,0,-1,-6,-4,0,thankyou
5.15985894203186,-18,-10,-9,-9,-15,-6,-19,-6,-26,-1,-11,-13,-13,-9,thankyou
5.175140142440796,-3,-3,-7,-18,-4,-4,-1,1,-11,4,0,-7,0,4,sil
5.175140142440796,10,4,4,3,11,0,5,2,6,4,4,1,5,15,sil
5.190971374511719,4,9,4,20,9,6,-4,0,8,-1,-2,3,-5,2,sil
5.190971374511719,0,3,-4,7,0,5,2,4,13,0,0,4,-7,-9,sil
5.206631660461426,2,0,6,-5,2,6,19,12,27,4,4,6,2,0,sil
5.206631660461426,-1,1,-2,-5,6,10,13,4,29,0,-6,0,2,3,sil
5.2221739292144775,-2,-2,-6,-10,0,0,-2,-1,7,-11,-15,-3,-6,-3,sil
5.2221739292144775,2,-1,8,-8,-5,-8,-1,0,-4,-13,-4,1,-5,-2,sil
5.237741231918335,3,4,2,2,0,-2,0,-3,7,0,1,-1,6,1,sil
5.237741231918335,-3,6,0,0,1,2,-8,-6,3,3,-3,-7,9,0,sil
5.253641605377197,-6,0,-7,-5,-2,0,-15,-5,-16,-3,-2,-1,0,-1,sil
5.253641605377197,0,-2,-8,2,-4,-3,-14,-4,-23,-10,-3,3,-4,0,sil
5.268871784210205,7,0,7,9,0,3,-10,-4,-19,-6,-11,3,-1,0,sil
5.268871784210205,7,2,7,13,9,5,-7,-3,-18,0,-4,10,3,5,sil
5.284920930862427,0,1,6,7,2,-3,-8,0,-17,-3,13,18,5,6,sil
5.284920930862427,-7,-1,-3,-5,-6,-6,3,2,-7,0,15,0,-1,-5,sil
5.300674676895142,-6,-3,-9,-12,0,0,25,10,9,13,7,-12,-1,-8,sil
5.300674676895142,-1,2,6,-6,2,6,31,12,22,16,10,4,15,4,sil
5.316702604293823,-4,-4,-1,-8,-7,-2,17,3,16,2,9,0,15,-5,sil
5.316702604293823,-13,-11,-8,-15,-12,-12,3,3,0,-4,-8,-20,-6,-18,sil
5.332560777664185,-7,0,-4,-4,0,0,6,7,10,6,-3,-6,0,4,sil
5.332560777664185,16,3,4,-1,5,8,8,0,26,21,19,9,24,27,sil
5.347705602645874,23,-3,11,-8,1,1,-1,-1,5,6,8,-2,12,11,sil
5.347705602645874,3,0,3,7,-1,-7,-12,0,-23,-18,-18,-18,-14,-9,sil
5.362754583358765,0,8,2,17,-2,-8,-24,-7,-24,-20,-13,-3,-16,-8,sil
5.362754583358765,6,0,1,0,-1,-6,-28,-12,-14,-9,0,14,-2,-1,sil
5.378904581069946,0,-10,1,-1,0,0,-15,-5,-12,-10,-4,10,-6,1,sil
5.378904581069946,0,-2,18,13,1,12,0,0,-7,-6,-2,3,-19,7,sil
5.393965721130371,4,8,7,15,3,14,2,0,6,4,7,3,-10,4,sil
5.393965721130371,-6,2,-5,7,1,1,0,0,6,1,0,0,-7,-11,sil
5.4096455574035645,-19,-6,-9,-3,1,-3,-1,-1,-3,0,-14,-7,-23,-24,sil
5.4096455574035645,-13,-2,-8,-9,1,-3,-1,-2,2,2,-10,-12,-23,-21,sil
5.425689697265625,0,9,0,2,0,0,5,2,14,3,1,-4,-15,-5,sil
5.425689697265625,0,1,-15,11,2,4,16,4,14,13,5,-3,-11,7,sil
5.44084358215332,-7,-7,-16,2,8,4,14,1,5,20,-1,-1,2,13,sil
5.44084358215332,-1,2,5,15,11,12,15,2,11,10,3,13,32,19,sil
5.456923007965088,12,7,7,24,13,17,18,3,15,2,20,17,44,20,sil
5.456923007965088,9,0,-3,0,4,5,7,4,1,2,13,3,29,8,sil
5.472484350204468,-5,-7,-12,-14,-5,-5,0,1,-2,3,-5,-7,17,-2,sil
5.472484350204468,-6,-12,1,-21,-8,-8,0,-5,0,-2,-12,-4,11,-6,sil
5.4886634349823,-3,-3,7,-29,-8,-11,-9,-5,-8,-16,-11,-6,0,-10,sil
5.4886634349823,-7,5,-7,-16,-7,-11,-9,3,-12,-14,-11,-14,-2,-7,sil
5.5037477016448975,0,4,6,-7,-5,-1,0,10,1,0,-6,-2,3,6,sil
5.519851446151733,14,4,8,-11,-3,0,0,0,6,2,0,6,9,6,sil
5.519851446151733,15,7,-2,-6,-7,-13,-9,-4,0,-4,7,3,1,0,sil
5.519851446151733,3,1,5,-1,-11,-14,-15,0,1,-2,18,10,-4,5,sil
5.534282207489014,5,1,10,4,-3,0,-10,1,10,8,23,20,-1,8,sil
5.534282207489014,9,14,12,15,7,13,0,1,-2,9,7,9,-4,6,sil
5.550190448760986,-6,1,-6,10,1,7,-1,-5,-25,-7,-11,-12,-19,-2,sil
5.567541599273682,-12,-16,-9,-4,-11,-6,-18,-14,-31,-21,-12,-15,-24,-12,sil
5.567541599273682,1,-5,10,-1,-7,-1,-14,-2,-12,-10,0,1,-14,-5,sil
5.58256983757019,0,-2,-1,11,6,3,2,2,5,2,8,5,-3,1,sil
5.58256983757019,-8,-12,-6,14,8,-4,0,0,-1,0,2,-2,-3,-1,sil
5.58256983757019,0,0,0,9,4,-2,0,3,-3,8,-2,-2,1,-3,sil
5.598695278167725,5,3,1,0,2,3,13,9,10,10,0,7,9,0,sil
5.598695278167725,-4,-9,3,-8,0,4,14,2,7,-9,-11,2,0,-6,sil
5.6137425899505615,-16,-12,-9,-14,-3,2,4,-5,-5,-23,-31,-28,-18,-24,sil
5.6137425899505615,-10,-4,-10,-19,-1,0,0,-4,-6,-19,-33,-33,-27,-27,sil
5.628897428512573,5,5,0,-1,11,5,6,-1,-3,-9,-3,2,-11,-6,sil
5.629897356033325,16,13,11,19,15,9,11,1,3,3,20,25,9,16,sil
5.645374298095703,14,16,18,17,5,8,8,3,19,14,18,16,17,19,sil
5.645374298095703,5,12,0,10,8,1,3,1,19,18,11,1,13,6,sil
5.660789966583252,4,12,1,14,13,1,2,4,10,17,11,6,14,8,sil
5.676931142807007,5,11,7,20,5,6,2,6,13,13,23,17,26,19,sil
5.676931142807007,-1,3,-6,11,1,0,-1,0,5,18,29,14,24,17,sil
5.676931142807007,-14,-2,-8,-11,0,-6,-2,-2,-14,24,10,0,5,0,sil
5.691088676452637,-18,-6,-12,-16,-7,-5,0,-4,-10,12,-7,-14,0,-13,sil
5.706745386123657,-9,-4,-1,-2,-9,-6,-7,0,1,-7,-10,-13,-1,-5,sil
5.706745386123657,-3,-6,-2,-3,-3,-2,-12,0,-6,-7,-13,-9,-6,-1,sil
5.723415851593018,-3,-11,-14,-9,-11,1,-3,-3,-17,-1,-12,-12,-8,-9,sil
5.723415851593018,0,-10,-1,-8,-19,0,3,0,-8,-7,-8,-11,-7,-4,sil
5.723415851593018,8,-8,3,-7,-14,0,3,2,7,-7,-10,-3,-8,6,sil
5.737651348114014,12,-8,4,-9,-7,5,8,1,15,0,-8,5,-4,16,sil
5.753527879714966,3,-3,6,-2,1,8,12,6,21,7,-2,2,1,14,sil
5.753527879714966,-4,-1,-5,-1,6,0,1,3,15,6,-8,-5,0,0,sil
5.768683671951294,-5,-1,-1,-9,-1,-10,-14,-3,-4,-11,-15,-1,-10,-10,sil
5.768683671951294,-8,-1,-4,-8,-9,-12,-13,-4,-11,-22,-7,3,-12,-6,sil
5.784005880355835,-3,0,1,-1,-3,-9,-7,0,-6,-13,-1,4,-7,-5,sil
5.784005880355835,3,4,12,3,2,-7,-4,-2,-10,-11,0,5,-2,-8,sil
5.799567461013794,-2,1,1,5,0,-7,-2,-7,-16,-19,0,-2,-4,-16,sil
5.799567461013794,-4,0,-1,1,0,5,1,0,-11,-15,0,0,-6,-9,sil
5.815588474273682,4,4,-2,-1,4,15,7,4,4,0,13,12,6,8,sil
5.815588474273682,10,4,-1,-1,6,0,2,4,15,6,24,19,26,16,sil
5.831633806228638,9,5,4,2,6,-8,-5,1,8,6,22,17,23,11,sil
5.831633806228638,6,9,0,9,9,0,0,-3,2,12,21,5,8,2,sil
5.847177982330322,1,8,6,1,1,-1,1,-1,1,12,14,-4,0,-5,sil
5.847177982330322,-1,0,-5,-6,-13,-13,-12,0,-6,1,-5,-11,-7,-11,sil
5.863052606582642,-1,0,-9,5,-6,-8,-16,-3,-19,-9,-17,-12,-14,-4,sil
5.863052606582642,3,4,12,17,13,8,-7,-2,-21,-8,-12,-7,-6,2,sil
5.878942012786865,4,0,6,5,14,13,-1,-3,-16,0,-10,-7,-2,-4,sil
5.878942012786865,2,3,2,6,9,20,9,0,-8,11,-3,-2,-9,-7,sil
5.894429922103882,2,12,10,30,13,27,25,7,9,17,14,7,5,4,sil
5.894429922103882,0,1,6,22,7,13,16,6,10,6,10,5,12,8,sil
5.909914493560791,-6,-8,0,-5,-1,3,5,3,0,2,-9,-1,0,3,sil
5.909914493560791,-7,-5,-11,-10,0,11,14,1,13,20,-11,-2,4,8,sil
5.9259233474731445,-9,-12,-8,-13,-10,3,4,-2,21,19,-9,0,10,14,sil
5.9259233474731445,-3,-19,-6,-22,-16,-7,-3,0,12,4,-9,-2,3,9,sil
5.94193172454834,4,-12,-8,-20,-8,-10,7,5,22,5,-2,-1,6,4,sil
5.94193172454834,1,-3,-1,-18,-4,-16,1,5,29,3,0,4,6,0,sil
5.958032369613648,0,0,-3,-18,-3,-30,-16,0,5,-13,4,6,-4,-6,sil
5.958032369613648,8,11,8,-8,-4,-29,-19,3,-12,-29,10,7,-7,-4,sil
5.97365927696228,9,14,18,4,-8,-13,-13,-1,-11,-24,9,8,-9,-7,sil
5.97365927696228,2,10,5,13,0,-5,-9,-5,-12,-9,7,2,-14,-17,sil
5.989542722702026,-10,10,-2,12,13,0,-3,-3,-23,-13,0,-12,-17,-20,sil
5.989542722702026,-28,2,-15,7,5,12,3,-6,-23,-16,-17,-28,-20,-22,sil
6.0050599575042725,-20,-9,-9,10,-2,19,13,-1,-10,0,-23,-21,-15,-16,sil
6.0050599575042725,1,-4,0,19,7,19,20,2,4,18,-7,-1,3,3,sil
6.026929616928101,5,0,-1,20,20,22,20,0,10,24,0,4,14,22,sil
6.026929616928101,-1,-9,1,5,12,21,16,1,6,21,-3,2,11,26,sil
6.026929616928101,-6,-15,-13,-9,-7,2,2,2,2,10,-4,-3,12,15,sil
6.035876274108887,-6,-12,-14,-18,-17,-15,-16,0,0,-1,-3,-5,8,0,sil
6.051945447921753,-6,-8,-1,-17,-14,-14,-22,0,1,-8,-1,-2,-3,-12,sil
6.051945447921753,0,-5,-5,-16,-12,-7,-10,-5,-3,-13,1,0,-5,-8,sil
6.066832304000855,14,0,0,-15,-15,0,-3,-7,-8,-7,5,6,4,4,sil
6.066832304000855,21,2,3,-7,-11,-4,-14,-3,0,1,12,13,10,9,sil
6.0818259716033936,20,7,12,5,0,-11,-20,-3,4,0,13,19,7,14,sil
6.0818259716033936,21,13,21,10,7,1,-3,0,6,-3,14,20,8,17,sil
6.096943378448486,11,9,7,-2,8,3,8,2,10,4,16,11,9,4,sil
6.096943378448486,1,9,9,-3,6,-10,1,6,7,5,10,10,4,-2,sil
6.112310409545898,9,24,11,27,16,-5,0,8,3,3,11,15,5,4,sil
6.112310409545898,15,26,14,30,18,3,4,7,4,1,20,12,11,11,sil
6.127603054046631,6,6,9,-6,4,-5,0,0,0,-5,12,6,3,1,sil
6.128007888793945,-7,-11,-10,-18,-2,-12,-9,-1,-5,-8,-7,-1,-9,-15,sil
6.143600702285767,-18,-10,-4,-5,-1,0,-4,4,-10,-11,-19,-13,-17,-23,sil
6.143600702285767,-25,-7,-6,3,0,11,7,-2,-12,-10,-20,-28,-15,-25,sil
6.15859580039978,-27,-12,-20,0,-8,3,4,-8,-15,-5,-19,-33,-19,-26,sil
6.15859580039978,-25,-12,-9,-16,-19,1,1,0,-20,-6,-24,-23,-25,-22,sil
6.174173831939697,-19,-6,-7,-10,-8,10,15,0,-14,-7,-26,-19,-24,-17,sil
6.174173831939697,-6,-5,0,12,7,14,23,0,3,6,-16,-11,-12,0,sil
6.189854621887207,1,-1,1,15,13,13,18,6,25,31,7,0,13,22,sil
6.189854621887207,7,5,0,9,20,15,18,6,33,39,21,10,31,25,sil
6.205974102020264,14,11,3,17,21,12,12,-3,17,26,14,15,21,19,sil
6.205974102020264,17,0,0,12,0,-4,-7,-7,-1,5,1,7,7,17,sil
6.221541881561279,18,-5,7,-3,-13,-16,-19,-1,-9,-10,-7,2,5,14,sil
6.221541881561279,14,2,9,-1,-3,-6,-4,3,-1,-5,-1,10,11,13,sil
6.237521171569824,0,0,-6,-7,-6,-4,0,2,2,-3,4,7,4,5,sil
6.237521171569824,-14,-11,-12,-24,-22,-13,-16,-1,-7,-30,-10,-10,-17,-10,sil
6.252604961395264,-8,-9,-15,-16,-16,-11,-14,-3,-2,-29,-15,-14,-15,-11,sil
6.252604961395264,3,3,2,-8,0,0,2,0,12,0,4,5,1,1,sil
6.267893314361572,0,5,7,-12,6,5,3,-3,3,0,7,7,-3,-4,sil
6.267893314361572,-2,4,-1,0,8,7,2,-3,-3,-12,-1,0,-12,-12,sil
6.284070491790772,5,4,6,9,6,6,5,4,9,4,4,6,0,-3,sil
6.284070491790772,0,-3,-3,0,-2,-4,-5,2,5,13,13,5,5,-2,sil
6.300143718719482,-2,0,1,1,0,-9,-13,1,-10,3,17,4,8,0,sil
6.300143718719482,15,14,19,19,10,0,-6,1,-5,6,23,15,17,9,sil
6.314864635467529,19,9,9,16,3,-2,-5,-4,-2,7,14,11,14,9,sil
6.330016613006592,0,-3,0,0,-10,-11,-9,-2,-9,-2,0,-1,1,0,sil
6.330016613006592,-6,-6,-9,-2,-5,-5,-3,0,-7,-5,0,-5,-2,-5,sil
6.345957517623901,-1,-3,0,0,0,0,0,0,0,1,-4,-3,0,-4,sil
6.345957517623901,-3,-1,3,-2,-2,-2,2,2,1,11,-6,0,6,0,sil
6.363450765609741,-1,-2,-6,-2,-3,0,1,-1,-1,6,-1,-2,5,-1,sil
6.3644492626190186,0,1,1,3,2,7,-1,-3,-7,-6,-6,-1,-5,-4,sil
6.377054691314697,-10,0,-4,0,3,7,0,0,-2,-8,-15,-11,-14,-6,sil
6.377054691314697,-23,-11,-21,-14,-5,-2,-1,1,-6,-12,-20,-27,-21,-14,sil
6.392942190170288,-26,-14,-19,-16,-11,-2,-7,0,-15,-18,-23,-31,-23,-22,sil
6.392942190170288,-15,-5,-5,-8,-7,0,-1,-1,-3,-1,-10,-15,-10,-7,sil
6.408976078033447,6,3,20,-1,2,11,11,7,7,13,6,7,1,18,sil
6.409975528717041,20,11,13,11,13,22,21,9,5,7,5,11,4,18,sil
6.409975528717041,16,9,6,14,11,14,21,1,12,8,0,7,7,10,sil
6.424527168273926,10,3,14,2,0,-1,12,0,19,10,8,13,8,16,sil
6.439638137817383,5,-1,3,-1,-6,-10,0,0,7,-1,8,13,0,10,sil
6.439638137817383,0,-5,1,-2,-9,-7,-5,-4,-5,-12,-3,4,-4,-5,sil
6.455183744430542,-5,-2,-1,0,0,0,0,-6,5,0,-4,0,-3,-9,sil
6.455183744430542,0,7,0,12,11,4,5,0,17,7,2,1,0,-5,sil
6.471199989318848,9,11,11,17,7,9,1,6,10,0,6,9,8,0,sil
6.471199989318848,2,-1,-4,6,0,1,-5,1,-3,-4,8,10,11,0,sil
6.48700475692749,0,-2,-3,-2,3,-10,-6,0,-7,-5,4,7,5,0,sil
6.48700475692749,4,9,4,4,9,-4,0,3,0,3,1,1,8,3,sil
6.502546310424805,5,6,0,3,9,0,2,0,3,13,6,2,13,2,sil
6.502546310424805,1,-2,-5,-11,1,-7,-1,-8,-2,2,15,10,12,3,sil
6.517759084701538,3,-3,-10,-12,-1,-11,-4,-2,-4,-5,15,5,10,7,sil
6.517759084701538,11,8,3,2,0,-9,-7,6,-1,5,6,3,3,4,sil
6.532747745513916,14,16,14,10,2,-6,-8,2,1,7,6,8,0,-1,thankyou
6.532747745513916,2,5,2,2,-1,0,-2,-3,-1,0,6,2,0,0,thankyou
6.5479700565338135,-10,-10,-9,-9,-10,1,-4,-2,-17,-3,-12,-14,-8,0,thankyou
6.5479700565338135,-16,-15,-24,-14,-15,-4,-12,-5,-26,-16,-28,-29,-19,-17,thankyou
6.563503980636597,-14,-12,-12,-13,-10,-5,-13,0,-19,-23,-20,-28,-24,-23,thankyou
6.563503980636597,-14,-6,0,-2,-4,5,-5,0,-5,-9,-11,-15,-17,-10,thankyou
6.57955265045166,-9,0,0,11,-1,10,0,-3,5,7,-7,-8,-4,0,thankyou
6.57955265045166,-3,-4,2,5,0,5,0,1,4,14,-3,-7,-1,3,thankyou
6.594650983810425,-10,-16,-10,-9,-5,-2,-9,1,-4,2,-7,-10,-7,1,thankyou
6.594650983810425,-16,-12,-2,-14,-6,0,-7,-1,-10,-19,-7,-11,-8,0,thankyou
6.610039710998535,-6,-3,8,-10,5,18,14,0,5,-4,6,-4,0,0,thankyou
6.610039710998535,0,-11,-7,-9,4,15,24,1,14,15,0,-10,-2,-2,thankyou
6.62587833404541,-4,-12,-3,-8,-20,0,9,-2,0,-6,-22,-20,-10,-4,thankyou
6.62587833404541,0,3,2,3,-15,-1,9,0,-2,-6,-1,3,3,0,thankyou
6.6417155265808105,13,12,7,9,14,0,21,5,11,22,27,49,23,15,thankyou
6.6417155265808105,17,5,10,3,14,-4,17,2,22,22,23,47,18,20,thankyou
6.65681266784668,11,3,6,2,0,1,12,2,27,9,9,11,4,7,thankyou
6.65681266784668,15,17,15,13,8,8,12,8,28,15,9,10,7,4,thankyou
6.67262601852417,20,22,14,18,23,0,5,2,22,21,11,25,20,13,thankyou
6.67262601852417,11,6,8,8,12,-11,-8,-2,8,4,0,15,15,6,thankyou
6.6880598068237305,2,0,2,4,2,-8,-16,-1,-7,-20,-10,-4,0,-7,thankyou
6.6880598068237305,4,9,-4,6,8,-7,-15,-6,-13,-19,-8,-9,1,-8,thankyou
6.7040114402771,0,10,10,-2,6,-9,-7,-7,-16,-7,-8,-3,2,-5,thankyou
6.7040114402771,-9,0,-2,-6,0,-4,0,-1,-19,-12,-6,-10,-12,-15,thankyou
6.719544172286987,-9,-7,-15,4,-2,1,-5,0,-18,-22,1,-13,-17,-13,thankyou
6.719544172286987,-4,0,-1,10,-7,4,-17,0,-14,-17,4,0,-6,0,thankyou
6.735618591308594,-6,2,-6,5,-10,-2,-14,2,-13,-1,1,-2,-1,0,thankyou
6.735618591308594,-5,0,-5,0,-7,-7,-11,2,-15,-3,0,-8,-6,-4,thankyou
6.7515387535095215,1,5,0,4,-2,1,-14,-2,-16,-14,7,3,-2,1,thankyou
6.7515387535095215,10,15,7,17,0,12,-4,-1,-9,-3,16,16,8,16,thankyou
6.766698837280273,9,6,8,11,0,9,3,2,6,19,11,12,13,21,thankyou
6.766698837280273,0,-15,-12,-14,-6,-4,-2,-2,18,20,4,-1,6,7,thankyou
6.781827449798584,-1,-14,-3,-19,-8,-4,-3,-1,14,11,6,-8,0,-2,thankyou
6.781827449798584,-2,-1,9,6,4,6,11,0,2,10,1,-5,-3,-6,thankyou
6.797995328903198,-14,-13,-6,-2,3,0,11,-3,-8,3,-12,-15,-13,-14,thankyou
6.797995328903198,-18,-26,-16,-37,-12,-2,5,-1,-4,-1,-20,-26,-15,-14,thankyou
6.813020706176758,-8,-15,-17,-29,-9,5,14,4,7,-2,-18,-20,-7,-8,thankyou
6.813020706176758,-4,-6,-4,-8,5,5,18,5,12,0,-14,-6,-2,-2,thankyou
6.82856822013855,-2,-1,-1,-7,8,0,12,4,17,16,-3,-1,5,5,thankyou
6.82856822013855,12,13,2,-1,5,0,10,0,22,22,9,7,12,13,thankyou
6.84459114074707,14,13,8,1,7,0,9,-1,7,0,4,8,0,4,thankyou
6.84459114074707,-7,-10,-12,-16,4,-2,0,-2,-6,-12,-13,-12,-10,-12,thankyou
6.859729051589966,-24,-22,-18,-28,-7,-5,-9,-1,-8,-14,-22,-23,-10,-13,thankyou
6.859729051589966,-23,-9,-6,-11,-6,-3,-11,-1,-10,-19,-14,-6,-8,-5,thankyou
6.875849962234497,-5,4,6,14,9,-4,-2,2,-3,-3,2,14,4,5,thankyou
6.875849962234497,16,12,22,28,9,0,4,9,10,17,8,24,14,15,thankyou
6.89152193069458,14,13,10,34,0,2,-2,1,4,4,1,9,0,5,thankyou
6.89152193069458,5,16,10,30,0,0,-14,-4,-13,-18,2,4,-7,0,thankyou
6.907764434814453,7,12,14,11,-15,0,-7,-2,-6,-12,12,15,5,1,thankyou
6.907764434814453,11,0,0,-1,-32,-2,-1,-4,0,-3,7,8,6,-2,thankyou
6.923658847808838,13,0,9,16,-6,-3,-1,-1,0,-5,2,5,3,0,thankyou
6.923658847808838,11,9,9,27,20,6,2,1,4,-1,14,14,12,12,thankyou
6.938720464706421,4,7,-1,0,10,9,1,-1,3,1,17,10,6,6,thankyou
6.938720464706421,6,13,4,-8,13,4,-1,-1,-1,6,12,6,0,0,thankyou
6.956768751144409,10,17,9,10,16,-2,-2,1,0,8,15,7,8,3,thankyou
6.956768751144409,0,0,9,1,-3,-2,-4,1,-1,9,13,4,8,1,thankyou
6.969927787780762,-6,-11,-8,-19,0,0,0,0,4,24,6,1,6,-4,sil
6.969927787780762,-5,-7,-13,-17,10,-4,-1,1,6,16,-5,-3,0,-9,sil
6.984969615936279,-11,-4,-5,-11,-7,-9,-12,0,-14,-20,-16,-11,-15,-10,sil
6.984969615936279,-11,-9,-11,-8,-13,-8,-10,-1,-18,-18,-10,-9,-13,0,sil
7.000991821289063,-2,-11,-10,-3,-3,0,0,0,1,7,-1,-5,0,9,sil
7.000991821289063,0,-6,-7,-1,-5,6,1,0,9,7,-3,-9,5,3,sil
7.017922639846802,0,3,1,0,-1,0,-1,0,0,-7,-9,-9,-2,-3,sil
7.017922639846802,-3,0,3,0,6,0,1,-3,-12,-24,-19,-11,-20,-7,sil
7.0335893630981445,-2,-12,-13,-5,6,2,3,-3,-25,-33,-22,-22,-25,-12,sil
7.0335893630981445,2,0,1,-4,4,4,-1,1,-25,-18,-4,-11,-5,-6,sil
7.0486345291137695,0,10,8,7,5,7,9,1,2,11,13,10,15,8,sil
7.0486345291137695,-4,-3,-1,6,1,11,32,1,27,23,3,6,14,13,sil
7.064166307449341,-2,-6,1,-4,-1,5,22,6,12,13,-13,-13,-3,0,sil
7.064166307449341,-12,0,-7,0,-2,-3,-1,1,-9,3,-7,-15,-11,-17,sil
7.079718112945557,-16,-7,-6,0,-10,0,2,0,0,6,0,0,0,-6,sil
7.095836162567139,-7,-13,-5,-5,-14,2,13,2,17,16,-7,-1,8,7,sil
7.095836162567139,-3,-2,-7,0,-9,-7,3,-6,17,19,-8,-6,6,3,sil
7.111007928848267,0,-2,4,3,-4,-3,0,-7,14,15,4,7,8,6,sil
7.111007928848267,5,-10,1,-2,0,0,-1,0,19,8,17,19,12,14,sil
7.111007928848267,14,2,4,1,5,-8,-10,0,17,1,17,26,7,15,sil
7.127913951873779,22,17,11,5,2,-11,-15,-1,12,0,17,29,7,13,sil
7.127913951873779,20,7,5,-8,-3,-8,-15,-2,4,-7,16,15,5,4,sil
7.140786170959473,7,5,2,-18,0,-3,-18,0,-3,-19,12,3,-2,-8,sil
7.155875444412232,2,17,0,-1,11,2,-13,1,0,-16,12,3,-3,-10,sil
7.155875444412232,5,18,9,11,8,1,-7,2,1,-13,5,3,-6,-6,sil
7.17155647277832,0,10,9,9,0,0,-9,-1,-15,-15,-6,-6,-15,-14,sil
7.17155647277832,-7,2,-1,8,0,0,-11,0,-32,-7,-10,-18,-14,-20,sil
7.18663763999939,-8,-2,4,7,1,4,-6,3,-37,-7,-12,-14,-14,-17,sil
7.18663763999939,-6,0,-4,8,0,10,4,-1,-35,-15,-22,-10,-13,-12,sil
7.202579021453857,0,1,-5,7,1,15,10,0,-21,-8,-18,-10,-1,0,sil
7.202579021453857,1,-6,-2,0,7,11,12,7,2,10,0,-3,13,10,sil
7.217802047729492,-3,-15,-9,-6,0,-3,14,4,11,12,1,-1,13,8,sil
7.217802047729492,-2,-7,1,-3,1,-2,16,2,8,6,-3,-3,7,7,sil
7.233814001083374,1,-4,5,0,9,7,20,1,15,15,9,-1,10,16,sil
7.233814001083374,2,-6,4,-1,-2,0,14,0,19,23,17,4,16,19,sil
7.248998403549194,0,1,3,5,-4,-6,5,1,9,14,5,8,10,13,sil
7.248998403549194,-9,2,-9,4,9,-5,-4,-1,0,-2,-4,1,-7,1,sil
7.264156818389893,-15,-4,-2,-7,-3,-9,-15,-7,1,-10,-7,-5,-14,-3,sil
7.264156818389893,-6,-1,-1,-6,-14,-11,-11,-4,9,0,-3,0,-3,-4,sil
7.280039548873901,4,0,-5,1,0,-9,-3,0,11,7,0,6,0,-1,sil
7.280039548873901,-1,-5,-2,0,0,-3,-7,-1,4,5,2,2,-1,0,sil
7.294955253601074,-2,0,-4,-5,-6,0,-4,-4,0,1,1,-5,0,-3,sil
7.294955253601074,11,3,1,-8,-3,-5,-2,-6,-7,-6,0,0,0,-7,sil
7.310612201690674,8,-4,-3,-7,-7,-9,-12,-7,-20,-13,0,4,-1,-4,sil
7.310612201690674,-4,-5,-4,-6,-8,2,-14,-1,-23,-12,-2,-1,-4,-3,sil
7.325667858123779,3,4,12,-5,2,16,0,1,-11,-6,-1,0,-4,-3,sil
7.325667858123779,14,10,11,8,15,16,14,1,2,2,8,8,6,2,sil
7.3408427238464355,9,11,10,19,10,14,19,7,4,3,5,10,8,6,sil
7.3408427238464355,-2,3,-4,9,-6,9,17,9,9,0,-11,-3,-3,-5,sil
7.356884241104126,-10,-4,-13,-6,-13,-3,7,7,16,-3,-7,-6,-3,-12,sil
7.356884241104126,-1,4,0,-7,0,-6,0,5,10,-1,10,8,6,-3,sil
7.372789621353149,9,5,-6,-1,8,0,-1,3,6,8,7,5,7,0,sil
7.372789621353149,6,-2,-7,1,0,3,0,7,12,13,0,0,4,0,sil
7.3879594802856445,0,-1,1,10,2,2,4,4,19,11,10,5,10,8,sil
7.3879594802856445,3,3,11,13,13,1,9,-6,13,8,8,2,5,16,sil
7.403945446014404,-2,-2,12,0,0,0,-2,-5,-2,0,-6,-12,-11,5,sil
7.403945446014404,-17,-12,-10,-8,-15,-10,-19,-8,-20,-15,-12,-23,-19,-13,sil
7.419579029083252,-10,-1,-3,4,0,-11,-19,-14,-29,-22,-7,-12,-17,-12,sil
7.419579029083252,2,8,1,10,15,-2,-10,-6,-26,-14,-2,0,-9,0,sil
7.435604810714722,-3,-8,-10,-10,0,-7,-7,4,-12,-5,-5,-4,-5,1,sil
7.435604810714722,-8,-14,1,-24,-11,-11,-6,2,-1,1,-10,-8,-7,-1,sil
7.450833559036255,2,3,6,-7,1,0,-2,0,0,2,-1,1,0,0,sil
7.450833559036255,10,8,1,1,1,3,-1,5,2,-5,10,15,10,5,sil
7.466122150421143,8,4,0,-7,-7,-2,0,4,7,-1,13,16,11,10,sil
7.466122150421143,6,8,5,-3,-1,0,-1,-2,5,12,12,10,9,9,sil
7.481552124023437,3,10,16,6,0,5,1,-1,-3,3,4,9,6,0,sil
7.481552124023437,-7,0,-2,3,-6,0,8,0,-5,-5,-10,-2,-4,-9,sil
7.4986748695373535,-15,-11,-9,-5,-6,0,7,1,-5,2,-17,-11,-9,-11,sil
7.4986748695373535,-10,-8,1,0,6,10,8,0,1,12,-6,-2,6,-3,sil
7.513303279876709,-1,-1,1,9,12,16,14,-3,12,11,5,3,15,0,sil
7.513303279876709,0,2,2,9,6,9,10,0,11,10,1,-1,5,0,sil
7.528566598892212,0,0,-5,5,5,4,11,0,7,7,-6,-12,3,1,sil
7.528566598892212,0,-8,-8,0,5,1,14,0,4,0,-6,-10,5,5,sil
7.544727325439453,0,-7,-4,1,0,-2,3,2,1,-5,0,-2,-2,0,sil
7.544727325439453,3,3,-1,11,0,-6,-4,1,-2,-5,4,0,-10,-7,sil
7.55955696105957,8,13,10,19,7,0,2,5,1,-4,6,4,-5,0,sil
7.575575113296509,10,7,3,15,8,7,12,5,13,5,12,13,6,7,sil
7.575575113296509,10,-3,2,-4,-7,0,4,1,19,11,15,16,12,11,sil
7.575575113296509,4,-4,1,-22,-22,-7,-13,-1,11,7,7,8,6,14,sil
7.589579343795776,0,-2,-16,-16,-8,-7,-18,-5,2,9,-5,0,0,4,sil
7.605087518692017,9,-2,-9,-8,5,-1,-6,-2,1,-1,-9,2,-2,0,sil
7.605087518692017,13,-3,0,-12,-4,-2,-5,0,0,-14,0,5,0,1,sil
7.620490789413452,4,-2,3,-12,-11,-14,-23,-6,-12,-10,0,1,0,0,sil
7.620490789413452,-3,0,10,-7,-2,-19,-29,-8,-22,-8,-9,0,-8,-8,sil
7.636052370071411,-12,-3,-7,-11,-2,-12,-20,0,-16,-22,-10,-9,-13,-19,sil
7.636052370071411,-12,2,-3,-9,-10,-8,-13,0,-16,-27,-4,-7,-13,-15,sil
7.652057409286499,-5,12,6,8,-6,-5,-4,-2,-15,-12,3,2,-6,-6,sil
7.652057409286499,-8,9,0,8,-4,-3,1,0,-9,-3,9,-4,0,-4,sil
7.666866540908813,-14,2,3,-2,0,4,0,4,-9,-7,6,-7,-2,-11,sil
7.666866540908813,-8,0,4,7,12,17,9,2,-7,1,4,-1,-1,-13,sil
7.68233323097229,-1,-2,3,11,15,21,16,2,-3,18,0,-7,0,-4,sil
7.68233323097229,-5,-4,-2,2,5,13,11,0,0,10,-3,-17,-5,3,sil
7.697980642318726,-7,0,-1,7,4,6,15,-1,6,0,0,-7,-7,1,sil
7.697980642318726,-5,4,9,19,11,13,25,5,5,15,2,0,-2,0,sil
7.71296501159668,3,1,1,17,13,13,21,2,2,26,1,-3,4,10,sil
7.71296501159668,19,3,3,10,2,1,10,0,2,9,0,6,9,23,sil
7.72895884513855,21,11,3,10,-1,0,6,0,1,2,0,14,7,23,sil
7.72895884513855,12,3,-3,4,4,1,7,0,5,11,-5,4,4,18,sil
7.7445783615112305,4,-10,0,-12,2,0,5,0,14,4,-11,-5,4,10,sil
7.7445783615112305,-8,-14,-11,-19,-5,-3,1,0,19,-12,-15,-9,3,-6,sil
7.760694742202759,-12,-7,-10,-13,-5,-8,-5,1,17,-19,-16,-4,2,-13,sil
7.760694742202759,-6,-8,-2,-11,-8,-10,-12,2,18,-6,-6,2,4,-7,sil
7.776716470718384,0,-8,-2,-8,-11,-9,-11,4,25,14,7,8,14,-1,sil
7.776716470718384,13,10,14,7,1,0,-3,5,28,24,21,26,25,12,sil
7.79196834564209,17,14,10,16,9,0,-4,-2,16,15,21,25,17,13,sil
7.79196834564209,1,-3,-2,0,-4,-6,-13,-6,-9,0,5,3,-7,-4,sil
7.807589530944824,-5,0,-4,-7,0,-1,-9,-3,-19,-7,-2,-2,-12,-9,sil
7.807589530944824,0,7,-5,4,8,3,-4,-5,-16,-9,-2,4,-4,-1,sil
7.823590517044067,0,-5,0,1,-6,-1,-8,0,-22,-11,-4,1,-5,-2,sil
7.823590517044067,-10,-14,-5,-13,-13,-5,-1,0,-23,-9,-5,-14,-6,-6,sil
7.838989734649658,-20,-10,-7,-23,-4,0,1,-15,-22,-15,-10,-23,-13,-9,sil
7.838989734649658,-13,-7,-3,-15,-8,3,0,-12,-22,-17,-13,-16,-19,-13,sil
7.854580879211426,3,-4,-1,-1,-10,-1,2,1,-9,-3,2,-4,-1,-6,sil
7.854580879211426,6,0,12,0,-3,-6,2,3,-1,1,20,2,10,4,sil
7.869744300842285,-3,-2,2,-5,-2,-5,-3,0,-2,-3,12,0,0,-2,sil
7.869744300842285,-10,-7,-9,-6,-4,-1,-2,8,0,-3,-6,-7,-16,-14,sil
7.885120630264282,-5,3,1,-3,1,3,4,11,4,0,-5,-7,-12,-7,sil
7.885120630264282,6,22,7,11,15,2,7,4,9,6,20,9,8,5,sil
7.900938510894775,19,27,15,24,19,0,0,4,8,4,26,24,14,10,sil
7.900938510894775,15,13,3,15,7,-1,-7,2,0,-5,0,9,-1,0,sil
7.917037487030029,10,8,-2,7,0,-4,-5,1,0,-1,-11,-6,-8,0,sil
7.917037487030029,13,12,16,17,6,2,3,2,8,11,3,6,3,13,sil
7.93262505531311,4,0,7,18,9,9,3,-4,4,6,2,7,8,10,sil
7.93262505531311,-10,-8,-9,0,0,2,-4,-5,-7,-6,-12,-5,-4,-1,sil
7.947707176208496,-10,0,-14,-4,-1,2,0,1,-3,0,-7,-6,-7,1,sil
7.947707176208496,0,4,-10,1,3,10,5,1,5,6,-6,-6,0,4,sil
7.962988376617432,1,0,2,5,0,6,1,-6,5,3,-10,-8,3,0,sil
7.962988376617432,-1,-3,-3,3,-1,-3,0,-6,5,12,6,-1,10,3,sil
7.978969097137451,-1,-6,-1,-6,-1,-1,9,3,2,17,10,5,11,5,sil
7.978969097137451,-10,-15,-5,-15,-9,3,8,5,0,1,-12,-8,-2,-11,sil
7.9951019287109375,-19,-20,-9,-13,-11,-1,-4,-3,3,-10,-18,-18,-14,-16,sil
7.9951019287109375,-12,-4,4,-2,0,0,-3,0,9,-5,-3,-3,-4,-1,sil
8.010945320129395,-6,0,-1,0,6,8,9,2,4,1,1,0,6,3,sil
8.010945320129395,-6,-7,0,-8,0,7,12,0,0,7,0,-2,3,4,sil
8.033684968948364,-1,-7,2,-5,-1,2,7,-1,2,8,-4,-1,0,5,sil
8.033684968948364,1,-4,-3,-2,-2,0,3,0,-2,-3,-15,-1,0,0,sil
8.033684968948364,2,-1,7,-8,-7,0,0,1,-5,-10,-11,4,3,2,sil
8.042513132095337,8,4,1,-2,-3,-6,0,0,3,0,1,10,8,8,sil
8.058638095855713,11,-2,0,2,-3,-12,0,0,2,-2,-2,6,2,7,sil
8.058638095855713,10,-11,6,-6,-5,-2,1,-1,2,-4,0,10,1,10,sil
8.07416033744812,15,0,5,-3,3,4,3,-1,14,10,20,15,14,14,sil
8.07416033744812,15,16,4,3,10,0,-2,1,9,11,21,11,13,3,sil
8.090185165405273,7,12,-4,3,3,-4,-6,1,-2,0,16,4,4,-5,sil
8.090185165405273,9,3,0,0,-4,-9,-10,0,-11,-4,18,6,1,-3,sil
8.105884313583374,9,6,6,2,0,-11,-17,-1,-22,-14,5,1,-8,-13,sil
8.105884313583374,-5,2,-8,2,2,-8,-16,-4,-24,-22,0,-8,-22,-25,sil
8.120955467224121,-10,-1,-3,-7,0,-7,-13,-3,-7,-13,9,2,-14,-16,sil
8.120955467224121,0,7,1,1,1,-12,-12,0,1,-6,10,11,0,-5,sil
8.13663935661316,0,13,6,19,4,-11,-11,1,-9,-10,-4,0,-7,-11,sil
8.13663935661316,-18,0,3,4,1,-2,-8,2,-12,-6,-7,-14,-20,-16,sil
8.15177035331726,-18,-6,-5,-11,2,5,-5,-4,6,9,0,-9,-11,-5,sil
8.15177035331726,-4,9,4,2,6,11,-6,-1,10,10,0,0,1,4,sil
8.167799472808838,-10,6,0,13,3,10,-7,-1,-6,1,-7,-10,-1,-4,sil
8.167799472808838,-15,-10,-4,1,0,4,-3,-4,-14,0,-10,-13,-8,-5,sil
8.183305263519287,1,-1,7,1,1,8,6,0,-7,1,-8,0,-1,10,sil
8.183305263519287,12,14,4,18,5,16,25,6,-1,3,-6,0,9,12,sil
8.200011253356934,6,9,3,24,8,24,37,6,6,19,0,-4,14,12,sil
8.200011253356934,-2,-11,-10,3,0,20,30,3,22,25,0,-2,11,17,sil
8.214516878128052,-7,-24,-19,-14,-16,2,16,2,17,1,-15,-13,0,6,sil
8.214516878128052,-2,-9,-1,-3,-18,0,16,2,6,-4,-15,-13,0,2,sil
8.229939222335815,8,0,2,3,-1,11,24,0,19,22,9,6,23,22,sil
8.229939222335815,10,-9,2,-14,-5,3,17,1,22,19,7,15,18,23,sil
8.246011018753052,0,-11,-6,-15,-14,-13,0,0,1,-11,-16,-1,-9,-3,sil
8.246011018753052,-3,0,-14,-6,-6,-16,-12,-2,-10,-24,-18,-11,-14,-14,sil
8.261171579360962,1,0,0,-13,-3,-10,-15,-2,-4,-18,-10,-5,-5,-6,sil
8.276777029037476,2,-5,1,-16,-9,-13,-16,-3,1,-14,-6,0,-2,-6,sil
8.276777029037476,0,0,6,-11,-3,-15,-16,-1,6,-9,3,6,3,-4,sil
8.276777029037476,1,6,3,-8,1,-7,-13,3,8,-2,13,8,10,-2,sil
8.291932821273804,9,4,-3,-3,0,-5,-12,3,4,0,15,10,6,-4,sil
8.307083129882812,16,9,13,3,2,-4,-13,1,3,4,21,21,6,2,sil
8.307083129882812,9,14,13,8,7,0,-7,-6,2,1,24,17,6,5,sil
8.322619676589966,2,11,7,10,13,0,-3,-3,-5,-1,18,9,0,1,sil
8.322619676589966,3,5,7,11,27,5,-2,-2,-16,6,12,9,0,0,sil
8.337855339050293,-7,-3,0,4,27,10,-1,-8,-26,13,0,-1,-6,-5,sil
8.337855339050293,-21,-7,-8,-8,14,1,-4,-2,-33,1,-15,-17,-27,-16,sil
8.353800296783447,-21,-9,-20,-10,12,-5,-6,3,-23,-6,-23,-23,-29,-22,sil
8.353800296783447,-12,-7,-3,1,15,5,2,2,-6,0,-21,-15,-13,-10,sil
8.369438648223877,1,2,6,11,11,11,13,2,7,17,-5,0,0,10,sil
8.369438648223877,7,0,-5,5,-6,-3,4,4,8,16,8,4,4,10,sil
8.385535478591919,-1,-5,-2,-6,-29,-7,-2,2,0,-7,2,2,1,-4,sil
8.385535478591919,-4,-2,-3,0,-32,0,5,-4,4,-22,-4,2,4,-6,sil
8.400928735733032,-1,-1,-2,3,-31,-9,0,-4,7,-22,-10,1,4,0,sil
8.400928735733032,-5,-3,3,0,-26,-8,-4,0,2,-17,-12,-5,-1,-5,sil
8.417190551757812,0,1,1,-1,-7,6,13,3,12,-2,0,-5,0,-3,sil
8.417190551757812,5,6,9,2,0,4,13,0,15,3,10,1,11,6,sil
8.432756900787354,1,8,5,10,-5,0,-6,-1,-3,-7,7,3,10,7,thankyou
8.432756900787354,14,17,9,24,6,6,-5,3,-8,-6,16,11,10,9,thankyou
8.448097944259644,31,21,24,33,19,16,11,6,6,14,37,27,24,22,thankyou
8.448097944259644,23,12,15,27,9,13,11,-1,9,25,35,27,23,23,thankyou
8.4636390209198,12,7,15,17,0,5,0,0,2,12,22,20,6,8,thankyou
8.4636390209198,4,1,3,10,4,-11,-5,1,9,7,24,15,8,2,thankyou
8.478779315948486,-7,-9,-10,0,10,-17,0,-2,13,10,15,5,15,8,thankyou
8.478779315948486,-11,-11,-7,-8,8,4,6,0,5,4,-9,-8,-2,0,thankyou
8.4945809841156,-11,-10,-15,-9,1,11,6,1,-1,0,-28,-23,-22,-15,thankyou
8.4945809841156,-21,-15,-19,-25,-7,-4,-7,-1,-9,-11,-41,-35,-33,-15,thankyou
8.509668350219727,-31,-24,-31,-46,-10,-6,-14,-5,-18,-22,-53,-47,-42,-17,thankyou
8.509668350219727,-21,-19,-33,-39,-2,8,-2,-1,-14,-13,-52,-43,-35,-21,thankyou
8.525789976119995,-1,0,-14,-15,1,15,5,1,1,6,-40,-26,-13,-1,thankyou
8.525789976119995,0,0,-18,-17,0,2,2,-2,7,19,-29,-24,-1,12,thankyou
8.541911602020264,-7,-14,-20,-35,3,-9,1,-1,4,15,-25,-26,-3,3,thankyou
8.541911602020264,-4,-13,-17,-31,3,-3,8,2,3,-1,-16,-15,-2,-2,thankyou
8.557619333267212,1,-5,-7,-27,0,0,3,1,-1,-8,-1,0,0,-2,thankyou
8.557619333267212,5,1,10,-23,3,-10,-6,0,-7,1,7,11,3,-4,thankyou
8.5728018283844,5,8,11,-1,10,-12,-8,-2,-9,3,10,12,4,-6,thankyou
8.5728018283844,3,14,25,17,8,-9,-12,-5,-9,-5,21,23,9,-3,thankyou
8.588646411895752,4,14,34,26,-1,-6,-14,-2,-6,-6,42,35,22,-1,thankyou
8.588646411895752,16,15,31,44,-6,-1,-4,1,-1,-1,45,37,26,0,thankyou
8.603824138641357,20,18,39,49,-3,1,2,5,5,1,40,42,23,9,thankyou
8.603824138641357,14,19,33,42,-3,2,5,3,16,3,49,45,24,14,thankyou
8.619936466217041,17,19,22,47,-7,6,11,5,17,-1,44,32,16,12,thankyou
8.619936466217041,10,7,-4,38,-7,6,9,4,3,-9,15,13,4,4,thankyou
8.635948657989502,-5,-10,-22,6,-1,0,3,-3,-5,-13,0,4,0,-1,thankyou
8.635948657989502,-3,-5,0,-2,9,8,6,-3,3,-10,4,5,-1,0,thankyou
8.65201473236084,2,3,1,7,10,8,6,2,14,-1,3,-3,-2,-1,thankyou
8.65201473236084,-7,-8,-4,-9,-4,-6,-6,0,-3,-8,-20,-21,-16,-8,thankyou
8.667693138122559,-15,-16,0,-28,-11,-9,-6,-3,-17,-9,-39,-24,-29,-11,thankyou
8.667693138122559,-8,-8,-6,-19,-8,0,0,1,-2,8,-28,-16,-17,-1,thankyou
8.682714462280273,-4,-3,-7,-14,-5,-1,-3,1,0,11,-18,-12,-8,2,thankyou
8.682714462280273,-8,-4,-12,-14,4,-8,-4,-6,-10,3,-16,-15,-8,-1,thankyou
8.697868347167969,-2,0,-13,-8,1,-10,-6,-3,-5,10,-4,-7,3,3,thankyou
8.697868347167969,-2,0,-13,-7,-11,0,-16,2,1,12,0,-6,6,3,thankyou
8.71354365348816,-10,-5,-18,-1,-4,10,-10,0,-2,5,-11,-17,-6,-9,thankyou
8.71354365348816,1,5,-3,11,11,18,6,-1,-2,8,-4,-7,-3,-1,thankyou
8.729595422744751,18,16,0,12,13,16,5,3,1,6,12,9,10,15,thankyou
8.729595422744751,19,9,1,4,10,4,-3,1,8,1,13,9,12,19,thankyou
8.745668172836304,11,5,5,1,14,-1,6,-1,8,6,4,-1,4,15,thankyou
8.745668172836304,0,0,-10,-7,9,-2,14,-2,-5,5,-7,-14,-3,7,thankyou
8.761775970458984,-12,-10,-5,-16,0,-1,1,1,-14,-3,-24,-19,-11,-3,thankyou
8.761775970458984,-19,-12,-4,-11,2,-3,-2,0,0,-1,-25,-20,-12,-11,thankyou
8.776980638504028,-18,-12,-12,-17,3,-3,4,0,8,-7,-16,-19,-10,-12,thankyou
8.776980638504028,-13,-13,-11,-30,-12,1,9,2,-6,-22,-16,-12,-5,-15,thankyou
8.792972326278687,-9,-11,-12,-20,-21,4,11,1,-9,-16,-12,-7,-3,-21,thankyou
8.792972326278687,-7,-4,2,-6,-11,2,8,-1,5,-5,0,0,-8,-17,thankyou
8.8085777759552,0,0,10,1,1,1,4,0,16,1,11,14,0,-2,thankyou
8.8085777759552,10,3,12,9,0,-1,5,4,12,9,22,28,17,7,thankyou
8.82400631904602,16,5,20,14,-3,1,3,7,14,5,30,37,23,9,thankyou
8.82400631904602,16,3,13,10,2,0,-1,0,19,1,30,35,24,14,thankyou
8.839865446090698,19,5,21,6,3,-11,-4,-1,10,7,28,30,23,22,thankyou
8.839865446090698,18,12,18,14,0,-10,-6,0,0,6,19,18,12,14,thankyou
8.855976581573486,9,6,2,18,-1,-4,-16,-4,-7,-2,0,1,-5,0,sil
8.855976581573486,-5,-3,-5,5,-8,-11,-20,-4,-17,-2,-12,-8,-11,-3,sil
8.870614528656006,-19,-7,-14,-13,-12,-15,-11,0,-13,-4,-10,-17,-12,-14,sil
8.870614528656006,-15,-1,-1,-13,-3,-2,-9,1,-11,-8,-11,-22,-21,-19,sil
8.886682033538818,-6,4,0,4,3,4,-13,0,-21,-3,-11,-20,-19,-13,sil
8.886682033538818,-10,1,-10,7,0,-1,-8,-3,-24,-4,-5,-15,-6,-15,sil
8.902023077011108,-8,2,2,-6,0,1,0,-5,-14,-12,-2,-7,-4,-11,sil
8.902023077011108,9,10,5,5,6,7,3,-3,1,-5,0,0,0,3,sil
8.917615413665771,18,14,6,28,15,5,9,5,18,6,7,14,13,18,sil
8.917615413665771,11,8,9,24,13,9,12,5,24,17,19,21,20,23,sil
8.933586359024048,6,3,6,11,11,7,5,-1,13,25,21,15,14,18,sil
8.933586359024048,10,13,11,13,16,5,3,1,4,20,8,12,9,10,sil
8.948752880096436,7,13,3,23,17,8,11,3,5,5,0,6,5,6,sil
8.948752880096436,-1,-1,-1,9,2,6,3,0,-6,-12,-4,-4,-6,0,sil
8.964319467544556,-7,-14,-8,-22,-6,4,0,2,-5,-13,-10,-8,-9,-4,sil
8.964319467544556,-4,-18,-16,-33,-1,6,15,5,15,0,-18,-11,-2,0,sil
8.979938507080078,-5,-11,-2,-18,-1,2,16,3,11,-1,-27,-19,-10,-1,sil
8.979938507080078,-12,-8,-15,-11,-15,-3,2,-6,-9,-19,-24,-25,-15,-10,sil
8.995529651641846,-15,-17,-29,-27,-23,-2,-2,-10,-12,-19,-15,-18,-7,-10,sil
8.995529651641846,-15,-19,-18,-28,-17,-1,-7,-2,-12,-7,-17,-14,-7,-11,sil
9.010671377182009,-12,-12,-9,-6,-12,-10,-13,1,-15,-2,-8,-11,-7,-10,sil
9.010671377182009,0,-2,7,3,-6,-9,-7,3,1,5,17,5,5,3,sil
9.026752471923828,8,6,4,0,4,2,1,2,15,14,21,10,7,4,sil
9.026752471923828,5,9,3,3,3,0,-3,0,2,6,7,7,-2,-7,sil
9.042841911315918,1,5,9,6,0,-12,-8,-1,-5,3,8,12,3,-3,sil
9.042841911315918,8,2,6,4,3,-14,-2,-3,5,13,15,15,16,6,sil
9.058515310287476,16,8,14,7,5,-4,2,-1,10,13,16,18,10,10,sil
9.058515310287476,14,10,7,7,6,7,10,-1,11,9,13,18,5,11,sil
9.074400901794434,13,6,1,0,4,15,17,2,16,13,7,11,10,14,sil
9.074400901794434,10,5,14,0,-1,12,10,2,13,11,7,8,14,11,sil
9.089857816696169,-5,1,4,4,-2,-9,-4,-4,-3,0,10,1,4,-4,sil
9.089857816696169,-21,0,-5,-5,-2,-18,-11,-1,-24,-15,-2,-10,-14,-21,sil
9.106040239334106,-15,1,-2,-1,-3,0,-4,0,-22,-18,-15,-15,-18,-17,sil
9.106040239334106,-2,1,5,11,0,3,-3,-2,-10,-17,-15,-7,-9,0,sil
9.12166142463684,-3,-9,4,7,6,-4,-14,1,-3,-13,-11,-6,-9,3,sil
9.12166142463684,-11,-16,-15,-6,0,-4,-21,5,-7,-9,-20,-18,-18,-10,sil
9.135727643966677,-12,-5,-8,-9,-7,4,-19,0,-18,-18,-31,-20,-19,-13,sil
9.15177059173584,0,9,0,9,1,10,-4,0,-7,-10,-14,-6,-2,2,sil
9.15177059173584,12,9,4,22,17,15,14,6,17,18,8,7,16,14,sil
9.15177059173584,5,1,10,10,12,16,20,1,21,20,6,7,16,8,sil
9.167557716369627,-2,0,-3,4,3,7,16,-3,12,1,3,1,10,0,sil
9.18298602104187,12,9,3,7,4,0,13,2,11,0,13,12,11,11,sil
9.18298602104187,20,7,9,-4,0,-6,5,1,8,2,12,12,11,15,sil
9.183985948562622,7,-12,-5,-22,-11,-14,-3,-9,4,-1,5,0,6,2,sil
9.199939727783203,2,-18,-4,-23,-15,-13,0,-1,2,1,1,0,0,-1,sil
9.199939727783203,-2,-6,-7,-14,-11,-9,2,4,-2,0,-2,0,-9,-9,sil
9.215048789978027,-11,2,-4,-3,-7,-7,-6,0,-15,-7,0,-11,-9,-17,sil
9.215048789978027,-3,7,6,5,6,0,-5,-4,-17,0,14,-1,0,-6,sil
9.23062801361084,9,8,7,6,16,4,2,2,-1,11,19,15,6,9,sil
9.23062801361084,8,6,0,5,0,4,1,7,9,3,4,11,2,5,sil
9.244765996932983,-2,2,-15,6,-11,0,-2,0,2,0,0,-2,-1,-5,sil
9.260054111480711,-10,-4,-15,-1,-1,-2,-5,-4,-11,0,-1,-6,-11,-8,sil
9.260054111480711,-10,-3,-13,-4,0,0,-11,-6,-19,-9,-11,-5,-17,-10,sil
9.275583028793337,-7,0,-12,1,-7,0,-7,-4,-10,-12,-14,-7,-9,-9,sil
9.275583028793337,-8,0,12,2,-3,4,3,5,7,0,-1,-1,1,0,sil
9.290719509124756,-4,5,14,5,7,8,12,3,17,12,10,7,6,7,sil
9.290719509124756,9,10,14,10,11,4,12,0,12,15,7,10,9,12,sil
9.306787967681885,11,3,15,5,6,2,6,5,8,5,1,8,12,13,sil
9.306787967681885,4,-2,1,0,0,1,-1,1,3,-1,5,3,8,9,sil
9.322644472122192,6,1,14,4,3,0,-5,-4,-3,0,0,3,0,8,sil
9.322644472122192,3,0,10,9,6,4,-2,-4,-5,3,-13,-3,-1,1,sil
9.337689876556396,-3,-7,-4,0,0,6,6,0,0,6,-9,-13,0,-2,sil
9.337689876556396,-4,-11,-6,-10,-4,4,17,1,6,11,-2,-11,0,-1,sil
9.35370421409607,-6,-15,-11,-13,-1,-1,13,-2,8,3,-8,-13,-5,-7,sil
9.35370421409607,-11,-12,-10,-9,-6,-2,0,0,2,-7,-19,-21,-12,-9,sil
9.369279384613035,-7,-8,-11,-4,-5,1,-1,4,6,-1,-20,-15,-2,-1,sil
9.369279384613035,0,-11,-8,-10,-1,-3,-4,0,11,0,-4,2,12,0,sil
9.384912014007568,0,-1,-5,-19,-5,-15,-18,-1,0,-18,8,13,11,-6,sil
9.384912014007568,0,9,-14,-17,-8,-27,-27,-1,-14,-25,3,9,-1,-12,sil
9.400736570358276,2,8,0,-15,-8,-29,-32,-5,-20,-24,4,14,-9,-11,sil
9.400736570358276,0,9,13,-3,-9,-11,-27,-4,-23,-20,16,17,-10,-8,sil
9.416819095611572,-2,7,8,15,0,9,-6,4,-27,-16,8,2,-13,-5,sil
9.416819095611572,2,6,10,26,18,18,11,7,-15,-4,2,-3,-5,3,sil
9.431650161743164,15,14,6,31,16,17,14,2,6,12,15,6,12,14,sil
9.431650161743164,14,14,7,24,4,14,19,2,11,21,9,7,10,20,sil
9.447820901870728,4,-1,-2,4,0,6,25,1,11,21,-4,0,3,20,sil
9.447820901870728,9,-5,-3,-5,0,-5,10,-4,16,19,3,6,12,20,sil
9.463497638702393,18,9,11,-2,0,-11,-9,-5,5,8,16,16,10,11,sil
9.463497638702393,9,10,-1,-1,-6,-9,-13,-1,-8,0,11,5,-3,-5,sil
9.479479312896729,1,4,0,0,-3,0,-7,5,0,0,3,0,-4,-11,sil
9.479479312896729,-2,7,8,3,9,7,7,5,11,-2,1,-1,-1,-9,sil
9.494547605514526,-14,0,-1,3,14,9,24,0,10,0,0,-12,-3,-15,sil
9.494547605514526,-26,-11,-7,1,7,16,22,-1,1,13,-10,-24,-7,-17,sil
9.51009488105774,-28,-13,-11,5,3,16,12,-2,-5,13,-20,-30,-12,-8,sil
9.51009488105774,-14,-9,-2,8,-3,9,9,-1,-1,-2,-26,-23,-13,0,sil
9.52524471282959,-7,-12,-5,0,-8,8,3,-2,5,-5,-29,-17,-11,-1,sil
9.52524471282959,-17,-23,-18,-12,-5,3,-4,-2,4,0,-30,-20,-10,-5,sil
9.541043043136597,-8,-20,-6,-21,-5,-1,-10,0,7,3,-21,-6,-2,5,sil
9.541043043136597,10,-9,-6,-21,-8,-3,-11,0,18,5,-4,8,12,10,sil
9.556621789932253,11,-6,-4,-17,-6,-14,-17,0,6,-7,8,13,14,6,sil
9.556621789932253,7,1,1,-7,-7,-18,-14,5,-10,-19,23,19,9,4,sil
9.572097539901732,15,12,0,-4,-7,-12,-1,0,-6,-12,25,22,11,0,sil
9.572097539901732,15,12,17,-6,0,-8,1,-1,2,1,15,21,14,2,sil
9.587824821472168,7,7,15,3,2,-7,-5,2,3,6,21,24,15,6,sil
9.587824821472168,9,12,5,9,0,-3,-4,5,1,2,30,26,11,5,sil
9.602988958358765,15,23,10,8,10,1,4,4,1,6,27,19,11,1,sil
9.602988958358765,11,12,7,11,17,-3,2,-1,-4,13,18,6,13,0,sil
9.618668794631958,0,0,6,6,4,-12,-5,-1,-10,1,4,-3,1,-4,sil
9.618668794631958,-4,0,-1,0,-2,-5,-6,-1,-7,-8,-4,-6,-14,-6,sil
9.634371042251589,-3,1,1,0,-3,5,-2,0,-11,-5,-10,-1,-17,-4,sil
9.634371042251589,1,0,9,1,-5,4,0,-2,-22,-10,-16,-2,-10,0,sil
9.650139808654783,5,0,0,4,-1,-2,-4,-7,-20,-17,-10,-12,-8,2,sil
9.650139808654783,-1,2,1,9,2,2,-6,-2,-15,-16,-2,-13,-13,0,sil
9.665290594100952,-10,4,-2,11,7,15,3,1,-5,-6,-6,-12,-16,-6,sil
9.665290594100952,-11,1,-10,6,10,13,6,0,2,0,-15,-16,-15,-10,sil
9.6805579662323,-10,-5,-5,7,5,5,1,-4,0,0,-18,-18,-14,-12,sil
9.6805579662323,-10,-15,-12,4,1,5,15,-2,7,4,-13,-16,-6,-3,sil
9.696027517318726,-12,-14,-15,-17,-4,6,17,2,11,7,-10,-13,-3,6,sil
9.697028398513794,-20,-12,-19,-24,-12,1,0,1,1,0,-15,-19,-8,-2,sil
9.712097644805908,-16,-12,-8,-4,-8,3,1,1,4,1,-15,-13,-2,-4,sil
9.712097644805908,0,-3,8,6,0,16,9,2,19,14,-6,0,10,4,sil
9.728164911270142,4,1,-3,-1,0,11,0,2,15,15,-2,1,10,1,sil
9.728164911270142,4,0,1,-5,-8,-2,-3,2,1,0,-2,6,7,3,sil
9.743787050247192,7,0,6,2,-5,-3,2,0,4,-1,9,21,16,15,sil
9.743787050247192,7,0,-2,2,-1,-4,0,-2,14,10,16,15,19,12,sil
9.759519100189207,4,1,6,-5,-2,-9,-7,1,18,20,13,11,14,7,sil
9.759519100189207,9,1,8,2,3,-10,1,5,19,19,26,19,17,9,sil
9.775747299194336,22,6,14,16,14,-9,11,6,22,10,34,24,19,10,sil
9.775747299194336,19,9,5,3,7,-10,6,3,14,1,15,15,8,0,sil
9.790850639343262,-1,0,-12,-16,-5,-10,-7,-2,-8,-7,-2,0,-5,-14,sil
9.790850639343262,-6,-5,1,-10,-7,-11,-11,-3,-22,-16,-5,-4,-11,-12,sil
9.806893110275269,2,6,8,0,-3,-14,-6,-4,-17,-17,-7,0,-8,-5,sil
9.806893110275269,0,11,2,-6,0,-7,-7,0,-16,-15,-8,0,-8,-3,sil
9.822192192077637,-1,4,-3,-7,4,4,-5,3,-13,-7,2,-1,-7,0,sil
9.822192192077637,8,10,1,6,12,3,-1,0,-2,0,9,4,0,4,sil
9.83834958076477,16,24,24,16,15,3,-5,-5,-8,-4,4,11,0,8,sil
9.83834958076477,9,14,11,15,9,7,-11,-7,-25,-12,1,2,-4,3,sil
9.853590488433838,0,-1,0,6,-1,2,-15,-6,-31,-15,0,-1,-5,-2,sil
9.853590488433838,-7,-4,3,3,-4,3,-6,-2,-14,-10,0,-2,0,-4,sil
9.869818925857544,-14,-8,-7,6,0,9,7,0,1,-1,-1,-15,1,-3,sil
9.884517431259155,-18,-14,-10,1,-5,11,10,2,2,1,-8,-19,-2,0,sil
9.884517431259155,-20,-18,-15,-9,-15,9,7,3,6,0,-11,-11,-5,-2,sil
9.90104866027832,-17,-18,-11,-14,-13,6,11,0,13,0,-14,-9,-7,-3,sil
9.90104866027832,-12,-12,-8,-9,0,9,15,0,7,5,-16,-12,-11,-4,sil
9.916702032089232,-14,-13,-23,-9,3,10,10,4,2,9,-14,-17,-17,-14,sil
9.916702032089232,-11,-18,-14,-12,-1,2,4,11,9,12,-11,-13,-13,-12,sil
9.916702032089232,7,-6,0,0,4,-3,10,4,13,16,-5,-2,2,0,sil
9.932898998260498,15,5,8,5,12,0,13,-4,8,8,-1,-1,4,1,sil
9.932898998260498,-1,0,5,-4,0,0,-2,-9,1,-3,-6,-9,-2,-8,sil
9.946601390838625,-2,0,-1,-4,-8,-12,-20,-9,-1,2,-5,-4,5,-4,sil
9.946601390838625,18,15,16,6,-1,-13,-19,2,2,9,7,16,14,13,sil
9.961857080459597,21,18,14,9,0,-4,-5,1,6,0,12,23,13,17,sil
9.97804880142212,9,6,4,1,-10,-5,0,-5,3,-7,4,15,9,7,sil
9.97804880142212,5,7,9,0,-6,-7,-1,0,1,-7,4,12,4,7,sil
9.994532108306885,0,5,3,1,0,-9,-5,3,6,-7,15,11,7,12,sil
9.994532108306885,0,2,7,4,-5,-11,-2,0,4,0,19,14,13,12,sil
9.994532108306885,13,19,7,17,0,-1,10,2,4,15,25,19,15,12,sil
10.009080171585085,23,21,0,19,10,2,4,4,14,16,29,17,12,12,sil
10.02457880973816,7,-4,0,-2,1,-1,-10,2,8,7,14,8,3,1,sil
10.02457880973816,-9,-17,-12,-20,-5,1,-1,0,-6,-1,-3,-2,-5,-8,sil
10.047551155090332,-9,-3,-11,-14,2,7,5,-1,-10,-7,-6,-8,-8,-10,sil
10.047551155090332,-8,4,-9,2,11,4,-10,-2,-11,-8,-3,-6,-9,-8,sil
10.047551155090332,-7,0,-5,8,12,0,-10,-1,-19,-9,0,-4,-7,-1,sil
10.057790994644163,-2,0,12,1,12,12,5,2,-15,-7,-2,-3,0,2,sil
10.057790994644163,0,0,6,0,13,13,9,1,-1,0,-7,-5,2,-2,sil
10.072165966033936,-1,-3,0,5,9,1,8,3,1,0,-7,-5,-5,0,sil
10.0899395942688,-3,-3,-5,1,0,0,13,0,-5,-1,-12,-10,-11,0,sil
10.0899395942688,-6,-6,-10,0,-7,7,16,-1,-8,-2,-31,-17,-16,-12,sil
10.0899395942688,-5,-7,1,6,-1,7,12,4,-3,-7,-26,-16,-15,-13,sil
10.102973222732544,-7,-4,0,7,3,0,4,0,-2,-7,2,-14,-5,-14,sil
10.11901831626892,-11,0,-5,-3,0,-3,-6,-7,-14,-11,2,-12,-8,-19,sil
10.11901831626892,-15,-5,-7,-14,-8,-1,-6,-3,-8,-13,-16,-16,-19,-13,sil
10.134520053863524,-13,-13,-9,-13,-16,-6,-3,-3,8,-7,-19,-16,-15,-7,sil
10.134520053863524,0,-11,6,-9,-22,-15,-18,-5,-1,-6,-16,-1,-4,-3,sil
10.149821758270264,5,-5,0,-8,-15,-10,-25,0,-9,-2,-9,6,6,4,sil
10.149821758270264,1,-4,-3,-12,-7,2,-9,3,12,13,4,5,15,8,sil
10.16590929031372,-2,-6,5,-11,-4,6,3,0,27,28,18,9,17,5,sil
10.16590929031372,0,-1,-2,-1,0,0,1,-3,16,24,23,17,12,7,sil
10.181576013565063,10,12,4,2,5,0,2,2,9,9,22,24,14,17,sil
10.181576013565063,23,16,11,9,6,0,13,8,16,8,21,23,24,27,sil
10.196645736694336,29,13,21,16,7,-1,11,3,12,18,19,20,21,25,sil
10.196645736694336,26,15,21,17,12,2,1,0,3,10,17,23,10,13,sil
10.21174955368042,15,7,3,11,7,-2,-1,-3,4,-4,13,15,9,10,sil
10.21174955368042,0,0,0,1,-7,-9,-6,0,1,-9,0,0,3,7,sil
10.22783064842224,-9,-1,-8,-4,-7,-1,-10,0,-7,-11,-10,-10,-12,-6,sil
10.22783064842224,-7,0,-11,0,7,1,-3,1,-5,-12,-3,-6,-12,-9,sil
10.243829250335692,0,9,4,2,12,0,6,3,1,-4,7,0,0,0,sil
10.243829250335692,-2,13,-2,-4,3,0,4,2,0,2,-2,-13,-4,-4,sil
10.258953094482422,-13,0,-7,-12,-4,4,-2,0,-15,0,-18,-21,-13,-16,thankyou
10.258953094482422,-12,-6,-9,-11,0,4,-3,-3,-20,-3,-12,-9,-8,-20,thankyou
10.275069236755373,-7,-5,-4,-4,10,1,0,-3,-14,-11,-9,-8,-12,-18,thankyou
10.275069236755373,-19,-7,-2,3,9,4,4,0,-10,-16,-19,-22,-24,-17,thankyou
10.290605545043944,-27,-7,-15,8,-2,6,3,0,-2,-1,-8,-17,-8,-17,thankyou
10.290605545043944,-7,-1,-3,3,-3,-2,0,-1,8,15,12,5,14,-3,thankyou
10.305684566497805,9,3,1,11,3,-4,0,-3,5,7,10,9,10,8,thankyou
10.305684566497805,11,7,1,22,-1,0,-2,-3,-9,-5,2,7,2,8,thankyou
10.321728467941284,13,7,17,16,-12,0,-3,0,-8,-5,4,17,12,14,thankyou
10.321728467941284,17,0,9,2,-3,-8,-2,2,0,-3,0,9,10,12,thankyou
10.338021516799929,7,-6,-1,-4,2,-4,-4,4,0,-8,-7,-3,-9,1,thankyou
10.338021516799929,-5,-9,-6,-6,-5,9,3,4,6,-2,0,-2,-12,2,thankyou
10.35302186012268,-3,-10,-5,-5,-4,13,18,3,15,10,4,0,2,7,thankyou
10.35302186012268,8,0,4,-3,10,9,21,3,9,17,3,1,8,8,thankyou
10.368603229522703,9,0,0,-4,8,3,13,-2,2,10,3,3,3,11,thankyou
10.368603229522703,-1,-10,3,-12,-7,-1,0,-1,-5,-1,-10,-5,-11,3,thankyou
10.384683847427368,-9,-10,5,-13,-10,-2,-11,0,-20,-4,-24,-16,-26,-16,thankyou
10.384683847427368,-7,-2,-4,-3,-1,-5,-7,-2,-9,-2,-14,-3,-18,-16,thankyou
10.400816917419434,-3,0,2,2,-1,-4,1,0,19,-3,5,9,0,-5,thankyou
10.400816917419434,-8,1,-4,1,-3,-3,4,5,29,7,21,0,15,-6,thankyou
10.415850400924684,-3,1,-4,0,0,-7,1,1,14,24,24,-4,22,0,thankyou
10.415850400924684,8,2,7,-4,3,-3,0,-4,6,17,7,5,19,14,thankyou
10.430671215057371,11,4,6,-16,-2,0,-4,-3,-2,-6,-17,8,6,11,thankyou
10.430671215057371,3,6,1,-16,-6,-6,-16,0,-18,-20,-21,7,-3,-1,thankyou
10.446704387664797,-2,0,-13,-13,0,-11,-22,-4,-14,-17,-12,-2,-4,-4,thankyou
10.446704387664797,0,0,-7,-20,0,-5,-16,-5,-1,-22,-10,-6,-2,4,thankyou
10.461859226226808,8,12,9,0,0,3,-4,0,6,-15,1,6,6,7,thankyou
10.461859226226808,0,8,0,27,8,4,2,0,12,13,13,5,12,-1,thankyou
10.47775101661682,-21,-2,-7,16,9,-2,0,-1,5,22,4,-6,0,-11,thankyou
10.47775101661682,-16,0,-6,2,-1,-5,-4,0,-8,0,13,-6,-2,-10,thankyou
10.493770122528076,5,4,8,12,-9,0,-6,0,-14,-20,32,13,2,0,thankyou
10.493770122528076,10,8,17,16,-8,6,-7,-1,-7,-12,19,23,0,5,thankyou
10.509844779968262,10,10,5,13,-2,4,-1,0,-1,5,2,8,-7,-3,thankyou
10.509844779968262,10,5,9,9,6,4,3,0,-13,0,-1,-6,-12,-10,thankyou
10.525874614715576,-1,3,1,7,18,6,8,-3,-25,-12,-8,-7,-13,-5,thankyou
10.525874614715576,-9,4,-3,14,23,11,18,1,-5,7,-6,-12,-8,2,thankyou
10.54162883758545,-9,-6,0,15,15,24,28,8,13,35,-6,-26,-7,0,thankyou
10.54162883758545,-17,-23,-18,0,4,25,24,4,9,29,-18,-33,-6,-7,thankyou
10.557886838912964,-17,-23,-17,-17,-7,16,17,3,11,5,-16,-17,2,3,thankyou
10.557886838912964,-10,-17,-12,-21,-15,6,15,4,16,-3,-9,-3,6,13,thankyou
10.573728799819946,0,-16,-14,-19,-19,-11,2,0,7,-5,-19,0,-4,9,thankyou
10.573728799819946,19,-6,0,-14,-16,-19,-5,-2,8,-3,-14,14,0,7,thankyou
10.588865518569946,28,10,15,0,-4,-17,-1,-1,13,0,13,30,15,6,thankyou
10.588865518569946,26,21,26,16,4,-20,-6,0,0,-4,24,33,8,9,thankyou
10.604902029037476,25,18,11,16,5,-15,-13,-1,-2,-2,21,23,0,13,thankyou
10.604902029037476,14,11,0,-2,3,-9,-14,-3,0,-1,21,11,11,0,thankyou
10.620570659637451,-2,11,7,-3,1,-14,-16,-1,-9,-10,20,6,15,-8,thankyou
10.620570659637451,-3,9,3,12,-1,-14,-8,1,-10,-6,18,10,6,0,thankyou
10.635992527008057,0,3,4,6,-5,0,0,5,-5,3,3,12,3,8,thankyou
10.635992527008057,-2,-2,4,-1,-2,13,-4,2,-6,-4,-12,-4,0,-3,thankyou
10.65114974975586,-6,-8,-2,0,-1,3,-9,-2,-6,-20,-19,-21,-16,-13,thankyou
10.65114974975586,-12,-11,-2,-8,-8,-2,-16,-4,-10,-14,-19,-18,-21,-11,thankyou
10.666802406311035,-19,-14,-14,-19,-6,0,-15,-7,-10,2,-18,-16,-2,-10,thankyou
10.666802406311035,-21,-17,-16,-23,2,2,-1,-2,-1,0,-16,-20,2,-8,thankyou
10.68179178237915,-15,-8,-11,-19,4,1,4,1,9,-5,-11,-16,-7,-4,thankyou
10.68179178237915,-3,8,-6,1,9,6,6,1,23,16,0,-7,4,1,thankyou
10.697762727737429,1,15,1,12,19,13,18,8,25,32,7,0,22,7,thankyou
10.697762727737429,-6,0,-12,-5,13,8,15,6,9,17,-4,-3,7,0,thankyou
10.712457180023192,-16,-16,-7,-30,-6,1,-3,0,-4,-2,-20,-12,-14,-14,thankyou
10.712457180023192,-11,-9,9,-23,-10,0,-3,-1,-8,-10,-19,-13,-17,-11,thankyou
10.727746963500977,0,1,2,2,-7,-8,0,-3,-17,-12,-11,-9,-17,-4,sil
10.727746963500977,-2,-3,-2,1,-9,-9,-4,-6,-25,-16,-2,-9,-20,-11,sil
10.743216037750244,-6,-8,-3,-13,-1,6,9,-3,-14,-11,13,-7,-7,-11,sil
10.758996486663818,8,2,5,5,3,13,20,3,0,0,23,8,2,6,sil
10.759997367858888,22,12,16,35,-3,7,5,2,6,8,28,27,8,21,sil
10.775611877441406,24,13,11,30,1,3,-2,-1,11,6,31,34,15,21,sil
10.775611877441406,24,16,17,17,14,5,4,1,11,6,16,32,10,20,sil
10.775611877441406,16,14,11,24,4,2,5,1,5,4,4,22,0,11,sil
10.791093111038208,7,10,4,33,-6,-7,0,1,3,-3,9,11,1,0,sil
10.791093111038208,8,9,5,25,3,-9,4,5,11,1,15,9,13,1,sil
10.805970668792725,6,4,1,6,6,-8,1,3,9,8,4,1,14,5,sil
10.805970668792725,0,0,-1,-1,-2,0,-9,0,-2,-1,-7,-6,5,1,sil
10.822410345077516,0,-1,-8,3,4,10,-6,0,2,2,-6,-9,1,0,sil
10.822410345077516,2,-8,-6,-2,12,3,4,1,14,17,0,-5,5,2,sil
10.836986541748049,-2,-9,-1,-13,0,-8,-2,0,3,5,-4,-4,1,-3,sil
10.85362958908081,-12,-4,-11,-7,-7,-9,-17,-2,-6,-10,-15,-11,-4,-7,sil
10.85362958908081,-10,-7,-1,-16,-8,-6,-16,-2,-10,-5,-15,-6,-4,-1,sil
10.85362958908081,-9,-12,1,-28,-9,-3,-3,-1,-9,4,-9,-2,0,0,sil
10.868006467819214,-10,-6,-4,-18,-6,-4,0,-2,-8,-4,-11,-6,-8,0,sil
10.883965730667114,-4,3,0,-1,0,-3,-2,-2,-7,-11,-12,-2,-11,2,sil
10.883965730667114,2,4,-1,2,3,0,2,1,-1,-1,-2,4,3,0,sil
10.89957332611084,2,-5,0,2,3,1,4,3,0,0,3,-1,7,-4,sil
10.89957332611084,-4,-6,-6,3,0,-2,6,-1,-9,-1,3,-9,-1,-4,sil
10.915650844573976,-4,2,-5,-6,-9,-1,12,-4,-13,1,0,-8,-6,-4,sil
10.915650844573976,-3,-1,4,-24,-13,4,7,0,-7,-7,-9,-12,-10,-11,sil
10.930818796157835,-15,-16,-12,-29,-3,3,-3,0,-11,-24,-9,-19,-15,-22,sil
10.930818796157835,-19,-11,-13,-18,0,0,-7,0,-14,-19,-5,-11,-13,-14,sil
10.94690489768982,-9,0,-3,-6,-2,5,-2,-1,-2,-1,-5,-5,-6,-3,sil
10.94690489768982,-1,-2,-2,-3,0,6,0,2,12,3,-5,-4,2,-3,sil
10.962975978851318,3,-4,-3,-1,3,1,6,8,18,2,2,7,8,0,sil
10.962975978851318,6,5,0,12,3,-4,6,1,15,2,7,10,2,0,sil
10.979692935943604,11,16,13,27,9,0,2,0,11,4,4,7,1,6,sil
10.979692935943604,18,15,19,18,14,6,3,3,16,11,13,16,19,19,sil
10.979692935943604,13,12,9,6,5,2,1,1,18,16,17,19,18,13,sil
10.996777057647703,5,17,4,16,0,0,-4,-2,11,17,11,10,4,3,sil
10.996777057647703,11,13,3,22,4,1,-6,-1,11,20,17,14,12,12,sil
11.010600328445436,12,-1,4,5,0,-3,-12,1,0,6,13,12,11,13,sil
11.025757312774658,-7,-10,-11,1,-5,-6,-17,0,-18,-13,-6,-10,-13,-2,sil
11.025757312774658,-10,-6,-7,0,-1,0,-13,-5,-15,-14,-8,-9,-18,-1,sil
11.040923118591309,10,0,20,-6,-2,5,-2,-5,-5,-2,2,12,-3,11,sil
11.040923118591309,15,0,10,14,-5,2,13,0,-1,8,2,7,1,11,sil
11.057012557983398,2,3,-4,25,4,0,15,1,-1,10,0,-1,4,9,sil
11.057012557983398,0,7,0,-3,7,0,3,0,-2,1,4,4,9,9,sil
11.075031042099,1,3,1,-15,-1,1,2,0,-2,-3,3,3,4,0,sil
11.075031042099,-5,-9,-9,5,0,4,12,6,1,1,0,-2,0,-5,sil
11.075031042099,-11,-9,-22,2,4,2,9,2,3,0,1,-3,-4,-5,sil
11.088592052459717,-6,4,-1,-11,1,-4,0,-2,-1,-8,-6,-3,-12,-12,sil
11.103664875030518,-11,1,4,-2,2,-8,-2,-1,-9,-10,-16,-13,-16,-24,sil
11.103664875030518,-20,-15,-7,-7,-2,-10,-9,0,-14,-12,-18,-23,-13,-25,sil
11.11889362335205,-15,-16,0,-34,-15,-12,-14,-2,-8,-15,-15,-17,-8,-16,sil
11.11889362335205,-4,-10,0,-26,-12,-5,-1,-5,2,-3,-12,-6,-2,-12,sil
11.134905576705933,0,-6,1,-9,-8,0,2,-5,-5,-1,-10,1,0,-8,sil
11.134905576705933,1,0,2,-10,-9,0,0,0,-9,-7,-7,-2,1,0,sil
11.150591850280762,2,4,5,-4,-3,0,2,5,5,-1,0,-4,6,5,sil
11.150591850280762,0,0,14,0,-2,2,0,1,7,1,-1,0,2,0,sil
11.16569995880127,0,-4,0,-5,-4,1,-6,-3,-5,-5,-9,0,-3,-6,sil
11.16569995880127,12,10,11,8,7,6,0,5,-1,-1,0,9,2,11,sil
11.181644916534424,26,28,27,38,23,16,11,8,22,13,27,25,20,33,sil
11.181644916534424,17,16,13,36,16,10,9,0,20,11,32,18,21,26,sil
11.196812868118286,3,-2,3,11,0,-1,7,0,0,5,13,1,4,8,sil
11.196812868118286,-5,-3,-18,2,0,-2,7,0,-2,9,0,-8,-5,0,sil
11.21252942085266,-14,0,-24,0,11,5,-3,0,-4,3,-5,-15,-8,-5,sil
11.21252942085266,-13,-6,-26,1,11,10,-9,-2,-12,2,0,-16,-4,-6,sil
11.227911710739136,-5,-5,-44,1,-2,2,-3,-2,2,16,6,-5,4,0,sil
11.227911710739136,-3,1,-49,-6,-7,-3,-7,2,15,11,-1,3,0,3,sil
11.24313259124756,-1,0,-43,-5,2,-2,-5,-1,4,-2,-6,0,-6,-4,sil
11.24313259124756,5,0,13,-3,4,-3,-1,-1,-6,-3,-1,5,0,-3,sil
11.258677005767822,10,0,48,-6,-5,-1,1,0,-1,3,0,15,3,8,sil
11.258677005767822,10,0,27,0,-7,5,6,0,6,2,3,13,4,10,sil
11.273863792419434,12,2,38,2,0,6,10,4,11,0,6,15,6,8,sil
11.273863792419434,3,-3,24,-7,-3,-6,6,4,15,7,-3,4,3,2,sil
11.289596319198608,-10,-13,8,-16,-17,-18,-1,-4,4,-1,-15,-7,-3,-8,sil
11.289596319198608,-10,-6,11,-17,-19,-15,-6,-8,-7,-26,-11,0,-3,-8,sil
11.305688858032228,-1,-1,-5,-8,-6,-13,-7,-3,-4,-20,1,0,0,-2,sil
11.305688858032228,0,3,10,-3,-4,-17,-14,7,-10,-5,9,0,-3,-5,sil
11.320821523666382,-1,8,6,1,-5,-9,-14,2,-10,-8,11,2,-2,-11,sil
11.320821523666382,-2,7,-6,2,2,1,-9,-2,-2,-16,7,3,-2,-9,sil
11.33677887916565,0,11,9,0,6,0,-4,2,-1,-12,10,7,1,-1,sil
11.33677887916565,0,13,-8,10,7,-2,0,-1,-3,1,12,1,10,-1,sil
11.352463245391846,1,13,-6,18,12,7,-7,-4,-14,-1,-1,1,-2,-10,sil
11.352463245391846,0,5,-3,9,11,14,-7,-2,-23,-9,-13,-1,-21,-15,sil
11.367910146713257,-10,-12,-30,1,5,10,5,-8,-18,-2,-17,-23,-17,-10,sil
11.367910146713257,-11,-17,-8,1,2,18,13,1,-14,6,-24,-26,-13,0,sil
11.383687257766724,-5,-8,-3,7,6,26,19,9,-3,13,-21,-15,-11,2,sil
11.383687257766724,-1,-7,-32,8,10,16,27,2,10,17,-11,-17,-3,1,sil
11.398939371109009,1,-6,-3,5,6,11,24,3,11,16,-11,-12,-1,7,sil
11.398939371109009,-1,-8,6,2,0,7,19,5,9,16,-11,-11,-1,16,sil
11.41502046585083,-10,-13,-16,-4,-3,-2,13,0,13,19,-2,-17,3,15,sil
11.41502046585083,3,-3,23,-12,-6,-8,2,-1,18,15,9,4,16,18,sil
11.430931568145752,23,8,24,-4,-9,-10,1,0,25,12,17,22,29,20,sil
11.430931568145752,20,7,-11,0,-6,-9,1,2,22,5,21,19,29,17,sil
11.446866750717165,13,13,18,-1,4,0,-1,4,17,1,28,25,23,13,sil
11.446866750717165,8,13,32,1,5,0,-11,-4,18,4,26,21,17,3,sil
11.462267875671388,-5,0,29,-7,-11,-15,-24,-8,-1,-15,4,3,-7,-12,sil
11.462267875671388,-17,-11,10,-23,-18,-21,-30,-8,-25,-37,-15,-5,-29,-23,sil
11.477750778198242,-10,-18,-27,-23,-13,-22,-28,-9,-21,-29,-16,-4,-18,-25,sil
11.493348121643066,5,0,-5,-6,-9,-13,-20,5,-3,-10,6,19,4,-8,sil
11.493348121643066,20,23,4,18,5,3,-1,12,11,5,33,35,21,13,sil
11.493348121643066,18,14,-9,18,17,0,-2,6,2,2,25,19,15,9,sil
11.508628606796265,2,4,-3,2,3,-6,-15,0,-13,-11,0,2,-6,-8,sil
11.508628606796265,-2,10,-11,9,0,1,-3,-4,-7,-5,-4,-2,-13,-12,sil
11.524099111557009,-1,15,3,24,20,18,15,2,0,6,-6,-3,-8,-4,sil
11.524099111557009,-12,6,-1,19,27,26,23,5,-6,2,-18,-15,-13,-8,sil
11.540670156478882,-22,-10,-25,0,3,23,23,-1,-17,-8,-30,-35,-24,-14,sil
11.540670156478882,-25,-21,-19,-10,-11,11,16,0,-18,-4,-29,-38,-24,-16,sil
11.555191278457642,-21,-18,-18,-5,-7,0,8,-1,-9,11,-14,-27,-11,-8,sil
11.571096181869509,-13,-14,-2,-13,-9,-4,0,-4,-9,8,-11,-10,-3,5,sil
11.571096181869509,-10,-13,0,-19,-15,-1,-1,-2,-1,1,-18,-8,0,9,sil
11.571096181869509,0,-7,-1,-7,-9,-1,8,4,16,11,-8,-5,5,13,sil
11.5880229473114,12,-1,17,2,0,-1,5,5,17,17,12,9,17,22,sil
11.5880229473114,13,-2,5,-1,-1,-5,-8,-8,5,6,17,14,21,15,sil
11.602533340454102,13,2,7,-5,-7,-12,-14,-11,1,1,14,14,14,4,sil
11.602533340454102,15,10,16,2,0,-11,-5,-1,5,-1,16,20,12,3,sil
11.61879587173462,14,6,5,5,6,-10,-5,1,3,-11,19,20,12,6,sil
11.61879587173462,13,3,4,-2,2,-11,-8,4,-4,-11,18,16,3,3,sil
11.633221626281738,8,4,-1,-2,0,-9,-1,7,-6,1,15,7,0,-5,sil
11.648627042770386,6,6,9,0,2,0,0,3,0,2,9,5,4,-3,sil
11.648627042770386,7,8,14,-2,8,11,-2,0,10,-1,4,0,1,2,sil
11.664160251617432,-3,0,-2,-5,6,6,0,1,11,-2,-2,-10,-14,-4,sil
11.664160251617432,-14,-1,-2,1,0,6,5,4,3,-2,-15,-10,-19,-14,sil
11.67994785308838,-11,5,-4,16,2,16,10,0,-1,-2,-19,-8,-8,-10,sil
11.67994785308838,-10,2,-3,16,7,15,1,-1,-8,-14,-20,-15,-13,-7,sil
11.695961236953735,-14,0,0,11,5,10,2,0,-6,-10,-17,-14,-20,-5,sil
11.695961236953735,-6,1,-3,13,2,12,21,0,5,13,-9,-7,-4,3,sil
11.695961236953735,0,-4,-1,10,0,13,22,0,12,18,-7,-10,13,11,sil
11.712573766708374,2,-13,-10,-1,-6,2,2,3,15,11,-4,-6,18,7,sil
11.712573766708374,3,-16,-11,-20,-14,-20,-11,2,12,12,3,12,17,6,sil
11.727122783660889,3,-11,-7,-26,-18,-28,-25,-5,0,1,6,13,13,0,sil
11.743106603622437,4,2,1,-9,-11,-18,-33,-12,-13,-18,1,2,0,-10,sil
11.743106603622437,7,15,17,0,0,-12,-14,-5,-11,-14,12,15,0,-3,sil
11.760846376419067,5,11,11,-5,8,-6,7,0,-1,0,30,22,10,3,sil
11.760846376419067,-1,2,12,-7,3,3,-1,0,-15,-18,21,7,-2,-10,sil
11.760846376419067,-7,4,7,-4,-2,-1,-19,-1,-37,-35,-1,-9,-27,-21,sil
11.773968696594238,-2,14,-18,8,11,-3,-5,1,-26,-7,-5,-8,-20,-9,sil
11.78974962234497,5,15,-17,24,28,17,16,4,0,20,5,2,-4,1,sil
11.78974962234497,0,0,-4,16,13,16,17,4,4,14,5,0,-4,1,sil
11.80552101135254,-6,-12,-4,-1,-9,-3,9,9,4,13,-4,-6,-4,7,sil
11.80552101135254,-2,-5,-3,0,-9,1,11,6,16,25,-2,0,7,19,sil
11.821158647537231,-2,-1,7,3,-5,7,9,-7,14,12,-2,-1,11,20,sil
11.821158647537231,-4,-8,13,-3,-8,-1,-1,-6,3,0,-17,-11,4,11,sil
11.836780786514282,0,-11,-2,-10,-1,0,-3,4,9,11,-13,-6,6,2,sil
11.836780786514282,6,-6,-1,-5,3,9,0,3,24,11,0,2,12,4,sil
11.852007389068604,13,2,7,11,2,8,7,-2,27,0,0,2,8,10,sil
11.852007389068604,15,8,6,19,3,0,8,0,13,2,-3,2,1,5,sil
11.867215394973757,5,1,7,4,0,-4,-1,4,-4,-6,2,3,0,-2,sil
11.867215394973757,-5,-10,-6,-14,-8,-3,-4,0,-4,-14,6,-1,1,-8,sil
11.882898330688477,-10,-13,-10,-24,-6,-3,6,-2,2,-9,-3,-4,-1,-10,sil
11.882898330688477,-10,-5,-3,-17,-3,-5,8,-1,-7,-8,-12,-3,-9,-11,sil
11.899242639541626,-6,-4,-6,-8,-8,-8,-3,-2,-18,-16,-2,-1,-11,-7,sil
11.899242639541626,-2,-4,-1,-10,-7,-8,-13,-2,-21,-22,0,-3,-10,-5,sil
11.914924383163452,-2,6,1,0,2,-4,-14,-4,-17,-15,-6,-10,-7,-12,sil
11.914924383163452,9,16,9,12,7,1,-9,1,-7,3,1,3,1,-3,sil
11.930008172988892,15,9,13,16,8,2,-9,4,-5,11,13,21,5,9,sil
11.930008172988892,0,0,-6,12,2,-4,-15,-7,-19,-3,6,7,-4,-6,sil
11.94554042816162,-9,5,-6,1,-2,-4,-14,-6,-12,-4,0,-3,-7,-19,sil
11.94554042816162,-2,5,1,1,2,1,0,8,14,5,-1,1,0,-3,sil
11.960939645767212,-2,-3,2,5,7,0,2,5,11,5,-3,-1,1,3,sil
11.960939645767212,-4,-3,-1,-2,1,5,4,-1,1,11,4,-3,6,2,sil
11.977110862731934,-6,0,-8,-2,-1,8,19,1,14,17,11,0,12,7,sil
11.977110862731934,-6,4,-2,5,-2,3,24,7,18,7,8,0,10,8,sil
11.99277377128601,2,8,1,3,1,4,11,2,11,3,8,1,12,8,sil
11.99277377128601,7,2,4,2,4,3,0,0,6,0,-1,1,5,7,sil
12.008106708526611,1,-4,6,1,0,-2,-4,-4,-4,-11,-14,-2,-11,0,sil
12.008106708526611,6,-2,0,-3,1,1,-2,-4,-6,-1,-1,1,-5,2,sil
12.023386240005491,17,4,4,1,5,10,1,1,0,8,4,10,5,12,sil
12.023386240005491,9,5,0,3,0,2,1,0,-3,1,-2,2,-1,2,sil
12.03943157196045,-2,1,0,-1,-2,-4,0,-1,-5,-5,0,-3,-4,1,sil
12.03943157196045,-3,0,11,1,1,2,0,1,1,0,5,-2,4,13,sil
12.061185836791992,-4,-6,-1,-4,-2,0,-6,-1,6,5,-2,-6,3,3,sil
12.061185836791992,-5,-9,-6,-18,-14,-9,-14,-4,3,3,-7,-6,-2,-5,sil
12.061185836791992,-5,-5,-5,-7,-9,-2,-6,-1,3,-3,0,-4,0,0,sil
12.07076621055603,0,-2,-1,4,-3,0,6,1,3,-4,2,-1,0,0,sil
12.08689284324646,4,0,8,-5,-3,-2,7,5,0,2,0,6,-7,-4,sil
12.08689284324646,-7,-7,-3,-11,0,0,6,1,-2,3,-7,-3,-12,-14,sil
12.10228443145752,-15,-12,-10,-6,0,0,2,-1,0,-3,-19,-14,-10,-20,sil
12.10228443145752,-1,-6,0,0,-4,-7,0,1,0,-10,-5,0,0,-5,sil
12.118022680282593,9,1,13,4,3,-8,0,1,-9,-6,12,14,3,8,sil
12.118022680282593,9,13,9,16,19,3,2,2,-9,1,7,6,0,0,sil
12.134032487869264,3,9,-22,16,17,7,0,0,0,1,-1,-2,0,-15,sil
12.134032487869264,-7,-12,-19,-15,-7,-7,-6,-3,-6,-12,-5,-4,-1,-14,sil
12.14957571029663,-9,-11,-3,-28,-18,-14,-9,-6,-11,-15,-9,-5,-8,-6,sil
12.14957571029663,7,14,3,11,3,4,-1,0,-1,-1,0,0,-2,2,sil
12.164759635925291,14,23,19,35,12,18,0,3,-6,0,19,15,11,11,sil
12.164759635925291,1,9,13,17,1,0,-9,0,-10,-3,11,11,13,6,sil
12.17994236946106,0,11,7,14,2,-7,-8,0,2,2,-7,0,6,5,sil
12.17994236946106,11,18,10,22,8,8,5,3,13,15,1,5,9,14,sil
12.195151567459106,4,0,-3,-1,-2,4,9,3,14,16,16,6,11,8,thankyou
12.195151567459106,-11,-19,-8,-28,-12,-3,6,5,16,5,0,-6,0,0,thankyou
12.21109390258789,-17,-17,-12,-20,-9,-1,6,0,9,0,-17,-16,0,1,thankyou
12.21109390258789,-7,-9,-5,-13,-11,-8,-2,-6,-1,-1,-5,-7,5,5,thankyou
12.227216482162476,-3,-8,-4,-18,-12,-6,-10,-5,6,1,1,-1,0,1,thankyou
12.227216482162476,-10,-8,-10,-7,-10,10,-6,-4,3,-3,-12,-11,-15,-7,thankyou
12.242573261260986,-4,0,7,12,0,17,1,0,-12,-1,-12,-6,-6,-2,thankyou
12.242573261260986,13,7,11,19,19,15,16,6,4,20,17,12,19,17,thankyou
12.25853705406189,12,2,7,8,24,11,16,2,19,30,26,15,18,19,thankyou
12.25853705406189,-3,0,3,1,11,3,0,-4,-11,4,4,1,-6,-5,thankyou
12.273902654647827,1,0,-4,4,5,-3,-11,-5,-25,-16,-2,-1,-14,-15,thankyou
12.273902654647827,15,5,6,4,6,-1,-4,1,-6,-9,5,4,-5,-1,thankyou
12.28933334350586,1,2,-1,-2,0,-3,5,-2,0,3,3,-3,-8,-5,thankyou
12.28933334350586,-16,-9,-17,-13,-9,-15,8,-1,-2,0,-7,-13,-17,-19,thankyou
12.305248975753784,-12,-11,-8,-16,-12,-16,1,7,1,-11,-17,-11,-14,-16,thankyou
12.305248975753784,0,1,1,-3,-9,-5,-4,3,-1,-17,-12,0,-8,-5,thankyou
12.320072650909424,5,9,9,0,-11,-4,-5,0,-8,-18,3,10,-5,1,thankyou
12.335694551467896,0,-3,0,-10,-14,-6,-1,3,0,-7,8,8,4,4,thankyou
12.335694551467896,3,-4,0,-8,-1,-4,1,2,8,5,0,3,14,9,thankyou
12.35084319114685,10,7,12,0,11,-2,1,-1,10,8,-1,12,12,11,thankyou
12.35084319114685,4,0,2,-3,0,-9,-4,-6,8,1,2,10,13,4,thankyou
12.366867780685425,0,-1,4,-3,-6,-15,-18,-6,-7,-10,2,1,6,-1,thankyou
12.366867780685425,4,13,2,10,8,-5,-17,0,-17,-13,1,0,-5,-5,thankyou
12.38296103477478,0,4,-5,0,6,7,-9,3,-9,-6,-3,-2,-5,-8,thankyou
12.38296103477478,-7,-6,2,-12,-10,8,-11,0,-5,0,-5,-8,-2,-7,thankyou
12.38296103477478,-7,0,-1,9,-3,5,-4,-2,-11,0,-6,-14,-13,-7,thankyou
12.399068593978882,-1,8,-2,31,11,17,13,2,-2,0,-14,-8,-17,-1,thankyou
12.399068593978882,0,4,-6,17,9,24,18,2,16,5,-7,-2,0,7,thankyou
12.414926767349243,0,-3,-8,2,4,7,10,-2,14,8,7,-3,9,7,thankyou
12.414926767349243,2,0,6,7,12,9,14,3,10,9,8,3,7,8,thankyou
12.42987823486328,5,1,0,13,16,20,19,5,20,23,5,5,16,14,thankyou
12.42987823486328,-3,-8,-6,3,0,0,5,0,14,21,4,-1,17,10,thankyou
12.445024728775024,-14,-10,-5,-4,-16,-16,-10,-5,-3,1,2,-4,4,0,thankyou
12.445024728775024,-7,0,-6,-1,-2,0,-1,-2,-3,2,5,0,2,2,thankyou
12.461125135421751,4,2,7,1,6,9,17,3,1,16,12,6,7,10,thankyou
12.476747512817385,9,0,5,0,-10,-6,17,4,8,16,15,12,9,8,thankyou
12.476747512817385,7,1,1,-1,-12,-4,3,3,11,0,1,10,-2,-2,thankyou
12.49198031425476,0,2,0,-3,3,7,0,0,11,-6,-6,2,-12,-12,thankyou
12.49198031425476,0,-2,1,-6,0,-2,0,0,4,0,1,3,0,-7,thankyou
12.509711980819702,-3,-8,4,-13,-11,-13,-7,2,-16,-11,-4,5,0,-3,thankyou
12.509711980819702,-10,-9,-9,-18,-9,-10,-21,-4,-33,-37,-19,-5,-22,-14,thankyou
12.509711980819702,-3,0,3,-21,-5,-12,-23,-4,-18,-31,-11,-4,-21,-8,thankyou
12.522739171981812,4,10,22,-10,0,-10,-15,1,1,-3,2,2,0,3,thankyou
12.53813934326172,-2,11,5,5,9,-11,-17,-5,-6,-1,6,-4,3,-5,thankyou
12.53813934326172,-7,8,-1,6,8,-14,-26,-9,-20,-15,5,-7,-6,-15,thankyou
12.553531885147097,-3,0,0,0,5,-7,-22,-2,-20,-12,0,-8,-10,-9,thankyou
12.553531885147097,4,-10,-1,-5,0,0,-6,0,-13,10,7,0,1,2,thankyou
12.569594860076904,12,-6,-14,1,-3,5,8,-1,-3,23,14,11,18,12,thankyou
12.569594860076904,6,0,-27,4,0,11,13,-1,3,2,-4,-1,8,4,thankyou
12.585671663284302,-5,-4,-4,-4,0,12,8,4,2,-15,-22,-16,-8,-6,thankyou
12.585671663284302,-4,-7,3,-6,-4,6,11,4,5,-2,-10,-5,-2,0,thankyou
12.601766109466553,9,0,-1,6,0,3,18,1,19,11,-2,5,7,14,thankyou
12.601766109466553,12,5,8,12,0,7,13,2,28,11,-4,7,1,14,thankyou
12.6189546585083,-1,2,5,10,0,3,6,2,19,7,-6,-4,-10,0,thankyou
12.6189546585083,-7,3,7,12,4,3,10,0,0,0,-9,-14,-12,-5,thankyou
12.6189546585083,4,4,4,12,7,5,16,-3,2,2,-2,-1,3,0,thankyou
12.633984088897703,10,0,-1,0,2,0,11,-1,8,11,7,8,9,5,thankyou
12.633984088897703,0,-1,0,-4,7,5,2,4,4,11,11,-1,3,10,thankyou
12.650520324707031,-3,2,1,5,11,14,3,5,-1,5,10,0,7,6,thankyou
12.650520324707031,0,8,13,7,0,4,0,3,0,0,0,22,6,3,thankyou
12.665025234222412,-3,2,6,0,-5,-4,0,-1,7,3,-2,11,0,0,sil
12.68101453781128,-13,-5,-9,-7,-7,-9,-3,-2,7,-1,1,-6,-1,-8,sil
12.68101453781128,-15,-5,-9,-16,-17,-14,-12,4,-6,-13,6,6,-2,-13,sil
12.698591470718384,-6,-7,-9,-15,-15,-13,-11,0,-9,-9,10,12,0,-6,sil
12.698591470718384,1,-2,5,-3,-1,-8,-4,-3,-2,-2,9,2,7,2,sil
12.698591470718384,6,5,9,6,0,-7,-5,0,-6,-2,5,2,10,7,sil
12.715636730194092,11,6,2,12,-2,-1,-5,1,-7,4,8,9,12,10,sil
12.72956132888794,19,12,15,15,7,9,0,0,0,2,11,12,8,8,sil
12.72956132888794,13,7,5,10,9,2,-6,-2,-7,-13,0,0,-7,-7,sil
12.72956132888794,-7,-10,-8,-8,-3,-6,-14,-7,-26,-22,-15,-20,-26,-20,sil
12.743936777114868,-18,-16,-12,-20,-3,7,-6,-8,-22,-11,-19,-25,-22,-19,sil
12.743936777114868,-7,-6,-13,-8,8,15,2,-3,-2,0,-13,-15,-4,-7,sil
12.76034927368164,0,1,-3,4,12,3,-3,1,1,6,-7,-6,0,4,sil
12.76034927368164,-3,6,-6,10,13,0,-6,3,5,14,3,-4,-1,6,sil
12.774770975112917,-4,6,-4,4,11,5,2,4,12,12,2,-6,1,0,sil
12.79080080986023,-7,-6,-7,-4,-4,-1,7,3,8,-1,-17,-15,-6,-5,sil
12.79080080986023,-14,-12,-12,-4,-14,-6,5,0,3,-2,-16,-17,-9,-7,sil
12.8066885471344,-2,6,8,2,0,7,15,0,11,13,12,6,6,0,sil
12.8066885471344,7,6,2,-1,7,6,22,1,19,22,19,13,15,10,sil
12.82187008857727,2,-15,-11,-19,-8,-11,10,1,18,7,-4,6,5,11,sil
12.82187008857727,0,-11,-3,-19,-15,-13,0,-1,11,-7,-17,3,0,5,sil
12.8370361328125,6,0,5,-7,-7,-5,0,-1,0,-10,-10,-3,0,3,sil
12.8370361328125,12,-7,11,-6,-4,-2,1,3,2,-3,1,2,2,11,sil
12.85293698310852,16,-6,5,-6,-4,-2,2,0,5,0,7,17,9,11,sil
12.85293698310852,11,7,7,0,-3,-7,-9,-5,-13,-4,4,14,4,1,sil
12.86766481399536,6,14,17,2,-1,-6,-24,-3,-29,-13,13,10,2,0,sil
12.86766481399536,10,18,14,5,7,0,-17,-4,-15,-10,28,20,8,2,sil
12.88371729850769,10,22,21,14,11,2,-12,0,-2,0,20,22,3,-2,sil
12.88371729850769,2,14,15,27,7,0,-10,2,-3,7,8,5,0,-10,sil
12.899564504623411,-3,4,5,25,6,2,-2,5,-1,5,7,-3,0,-2,sil
12.899564504623411,-10,-1,-4,11,3,12,5,4,1,-1,1,-4,0,0,sil
12.915155172348022,-17,-12,-19,9,1,11,17,1,3,-1,-4,-15,-2,-13,sil
12.915155172348022,-17,-18,-6,5,0,6,24,3,-1,3,-8,-21,-9,-13,sil
12.931186199188232,-22,-14,-9,-4,-9,4,10,0,-12,-1,-21,-20,-18,-7,sil
12.931186199188232,-21,-11,-25,-6,-15,-1,0,-4,-19,-16,-30,-18,-19,-10,sil
12.946845769882202,-1,0,-13,-3,-1,4,6,-1,-6,-9,-19,-7,-7,-1,sil
12.946845769882202,13,10,-7,-8,10,15,11,4,11,16,0,1,9,14,sil
12.962578535079956,8,6,0,-6,0,4,0,5,13,19,-1,7,8,15,sil
12.962578535079956,5,0,-1,7,-5,-10,-7,0,8,0,-4,8,-3,3,sil
12.977807521820068,11,0,-4,2,2,-11,-14,-8,6,-7,10,8,5,2,sil
12.977807521820068,7,8,0,-10,7,-3,-12,-7,9,0,22,9,20,8,sil
12.99299144744873,0,5,-3,-9,1,0,-1,1,16,1,8,0,6,0,sil
12.99299144744873,2,-4,5,-11,-4,-4,2,0,8,0,-10,-1,-12,-11,sil
13.008625507354736,0,-5,8,-11,-2,-3,3,-5,-2,0,-4,1,-1,-4,sil
13.008625507354736,-5,-4,0,0,0,-3,4,-1,2,2,6,0,5,3,sil
13.02414345741272,-5,-10,0,-2,-9,-5,-2,0,0,-2,0,-5,-7,-4,sil
13.02414345741272,-7,-9,-3,-8,-8,-6,-10,-4,-10,-2,-4,-12,-10,-6,sil
13.039785623550417,3,7,9,9,4,1,-9,4,0,1,2,-3,4,7,sil
13.039785623550417,16,7,15,9,8,6,-1,5,10,1,7,7,6,12,sil
13.05497145652771,2,-5,2,-14,4,0,1,-5,-1,3,0,0,-1,4,sil
13.05497145652771,-10,0,5,-3,4,0,1,-1,-14,1,-6,-6,-2,0,sil
13.07096791267395,-3,6,-1,23,0,1,5,1,-10,-6,0,-5,0,-6,sil
13.07096791267395,1,-2,-3,11,-5,-2,7,0,-5,-1,2,-3,0,-7,sil
13.087077379226685,0,1,3,-2,5,3,6,3,-7,9,1,1,0,2,sil
13.087077379226685,0,5,0,2,14,8,2,1,-5,1,3,4,0,1,sil
13.10246992111206,1,0,3,4,5,3,0,-3,1,-4,2,4,0,-3,sil
13.10246992111206,2,2,0,5,4,2,5,1,16,14,9,7,10,4,sil
13.118035554885864,-2,-3,-4,-1,2,5,4,2,17,14,9,3,10,7,sil
13.118035554885864,-14,-19,-13,-16,-10,4,-4,-3,1,-8,-13,-9,-10,-7,sil
13.133634567260742,-6,-14,-14,-11,-16,1,-1,0,-8,-9,-20,-10,-18,-8,sil
13.133634567260742,6,6,11,2,-5,3,5,8,-2,1,1,9,0,5,sil
13.148895502090454,-1,3,9,0,-6,0,-3,3,0,-3,4,9,3,0,sil
13.148895502090454,-5,-8,-3,-10,-16,-15,-12,-2,-6,-6,-15,-5,-9,-8,sil
13.165058612823486,7,0,-15,-7,-3,-10,-5,0,-4,-1,-13,0,-2,5,sil
13.165058612823486,16,14,-31,6,14,0,7,-1,6,-3,6,15,17,12,sil
13.180912017822266,14,15,-5,6,4,-5,8,0,5,-9,15,21,17,5,sil
13.180912017822266,13,7,12,2,-6,-11,-1,0,2,-4,13,11,8,3,sil
13.196852445602415,10,4,10,10,2,-1,-7,-4,1,-2,7,2,5,6,sil
13.196852445602415,1,10,15,10,3,3,-6,-1,-4,-5,1,0,3,0,sil
13.212130308151243,-6,8,7,-1,-4,-8,-16,-2,-8,-8,-2,-9,-6,-8,sil
13.212130308151243,-6,3,11,-2,0,-6,-22,-4,-9,-9,-2,-13,-18,-14,sil
13.227852821350098,-11,-2,11,2,7,6,-4,-2,-5,2,-3,-11,-14,-18,sil
13.227852821350098,-17,-8,3,0,6,6,7,1,-4,9,-6,-13,-4,-10,sil
13.24290895462036,-9,0,7,8,5,6,8,4,-1,6,2,-4,0,1,sil
13.24290895462036,-2,1,3,13,7,12,14,5,2,12,14,0,1,0,sil
13.258936882019045,-8,-8,6,-4,3,11,16,2,2,17,3,-12,2,-3,sil
13.27446174621582,-6,-12,4,-12,2,11,17,3,6,12,-5,-19,4,5,sil
13.27446174621582,2,-8,-13,-5,4,4,13,2,8,8,-2,-5,5,9,sil
13.27446174621582,0,-9,-16,-7,0,-3,-1,-2,1,5,-10,0,-4,0,sil
13.289554595947266,-1,-15,-11,-10,-7,-6,-8,-6,0,0,-17,-6,-8,-3,sil
13.289554595947266,7,-6,5,-3,-7,-9,-6,0,8,0,-4,4,0,10,sil
13.30457329750061,8,1,5,4,-6,-8,-5,0,11,0,7,18,0,12,sil
13.30457329750061,1,-5,0,0,-5,0,-1,0,11,-1,2,10,-3,2,sil
13.3221595287323,3,-4,7,-11,0,11,1,5,9,-3,1,7,0,7,sil
13.3221595287323,6,10,-3,0,0,8,2,1,4,-5,7,12,6,11,sil
13.336829662322998,1,14,-11,17,-4,0,6,2,2,-8,0,4,5,0,sil
13.336829662322998,-2,5,-15,8,0,-3,7,3,2,-9,-9,-7,3,-8,sil
13.35097050666809,-3,-2,-31,-11,0,-7,2,-3,-4,-12,-5,-10,-1,-6,sil
13.351969718933104,0,4,-24,-6,-6,-6,-6,-4,-17,-11,-2,-2,-10,-5,sil
13.367069959640505,0,10,-3,13,0,-7,-16,-3,-15,3,4,2,-3,-5,sil
13.367069959640505,-1,0,23,7,5,-6,-13,-4,-12,5,5,4,4,-2,sil
13.383723258972168,-2,-3,20,-10,0,0,-1,-1,-13,-6,-4,-2,0,-4,sil
13.39799952507019,1,0,7,-15,-1,4,-1,0,-10,-5,-5,-7,-7,-7,sil
13.39799952507019,4,2,31,-3,0,4,0,2,-2,4,10,3,2,-2,sil
13.415564060211182,6,10,21,12,8,3,12,3,3,11,20,17,23,3,sil
13.415564060211182,14,15,-14,12,12,-4,7,0,3,8,15,19,22,10,sil
13.415564060211182,8,6,-23,-1,5,-6,-9,0,0,1,8,12,4,11,sil
13.428699731826782,-5,-8,-14,-6,0,0,-9,2,-1,-1,0,0,-3,0,sil
13.444092273712158,-7,-9,-1,-3,2,2,-6,2,2,1,-1,-7,1,-9,sil
13.444092273712158,-4,-1,-7,0,0,0,-7,0,9,3,1,-6,1,-4,sil
13.45959448814392,0,1,0,5,-2,-2,0,1,8,0,-1,4,-11,10,sil
13.45959448814392,0,-1,7,8,-1,-2,2,-1,-3,-4,-14,0,-19,6,sil
13.47498369216919,-7,-11,-6,2,-2,-3,-2,-6,-9,-5,-16,-23,-10,-17,sil
13.47498369216919,-6,-5,2,0,0,9,4,0,4,0,-3,-16,0,-11,sil
13.491010189056396,5,0,18,8,6,21,17,4,17,9,7,6,3,10,sil
13.491010189056396,-2,-4,14,8,0,10,7,-1,9,3,-3,-1,-4,5,sil
13.506649494171144,-13,-5,13,-4,-16,-4,0,-3,0,-9,-14,-16,-11,-4,sil
13.506649494171144,1,0,15,-6,-14,-1,9,2,5,-2,0,-2,0,0,sil
13.521668434143066,7,-4,31,-6,-2,3,10,5,7,9,2,10,6,7,sil
13.521668434143066,-12,-14,25,-13,-2,-4,-1,0,3,2,-14,-7,0,0,sil
13.537789583206177,-12,-8,14,-9,-7,-10,-9,-3,-1,-1,-13,-19,-3,-8,sil
13.537789583206177,10,10,0,0,0,-3,-5,0,0,10,7,7,3,2,sil
13.553071975708008,10,10,-48,-1,6,-5,2,1,-5,11,14,20,7,12,sil
13.553071975708008,2,5,-53,1,0,-6,0,0,-19,-2,9,3,4,4,sil
13.568325996398926,6,10,-24,11,1,-1,-9,-2,-16,-7,10,-1,0,-4,sil
13.568325996398926,2,4,-22,2,10,-1,-6,-1,-3,-7,4,2,-4,-5,sil
13.583711385726929,-6,-3,-22,-11,8,0,0,3,-5,-7,-7,-1,-5,-7,sil
13.583711385726929,-5,0,-16,-3,4,5,0,0,-2,-3,-6,-7,-3,-8,sil
13.598944902420044,1,8,0,6,4,6,-4,0,3,-5,0,0,-1,-2,sil
13.598944902420044,2,7,4,4,0,-2,-8,-1,-3,-13,-1,4,4,-1,sil
13.61470079421997,-1,0,1,-1,-8,-11,-7,-6,-11,-11,-3,2,2,-5,sil
13.61470079421997,-3,-3,9,-4,-5,-1,-1,-1,-5,-5,-4,-3,-8,-2,sil
13.630729675292969,4,0,14,5,1,12,8,6,10,4,0,-4,0,6,sil
13.630729675292969,12,5,25,14,0,8,13,6,19,12,16,12,21,17,sil
13.64694595336914,10,4,23,10,1,3,11,3,19,19,27,24,22,16,sil
13.64694595336914,2,-4,9,3,8,3,4,4,15,22,14,9,6,6,sil
13.66200351715088,-5,-10,12,-3,2,-1,-2,1,8,9,-6,-3,-3,0,sil
13.66200351715088,-6,-12,4,-9,-5,0,0,-7,0,-5,-7,-2,-3,-5,sil
13.677855730056764,11,-2,12,0,1,4,5,0,-1,-10,3,3,-1,0,sil
13.677855730056764,19,12,17,15,6,-2,6,9,2,-2,0,6,0,9,sil
13.693623542785645,1,4,-18,-1,-8,-11,-1,-2,6,4,-5,1,1,0,sil
13.693623542785645,-14,-13,-32,-26,-17,-9,-11,-9,-5,-1,-2,-4,0,-11,sil
13.708648920059204,-16,-12,-26,-24,-10,-9,-15,-3,-23,-14,-9,-17,-12,-13,sil
13.708648920059204,-11,-2,-8,-12,-5,-7,-10,0,-16,-9,-18,-20,-16,-11,sil
13.724179029464722,-1,8,9,3,4,12,0,1,5,9,0,-2,-1,0,sil
13.724179029464722,5,13,8,23,20,25,11,0,9,17,12,11,3,11,sil
13.740269660949709,2,7,9,14,13,8,4,-1,-8,3,-7,3,-3,6,sil
13.740269660949709,-3,-2,1,-4,0,-6,-5,-2,-15,-10,-19,-10,-7,-10,sil
13.75581431388855,-3,-4,0,-3,0,-3,-8,1,-8,-11,-6,-13,-12,-17,sil
13.75581431388855,-3,1,1,3,0,0,-5,0,-8,0,0,-6,-15,-13,sil
13.77159070968628,-1,0,-1,6,0,0,0,-3,-5,3,1,-3,0,-3,sil
13.77159070968628,5,1,7,11,1,0,0,0,1,-3,9,2,10,9,sil
13.78779125213623,1,1,-3,5,-1,0,0,2,4,-2,10,2,9,10,sil
13.78779125213623,-8,-2,-11,-9,-5,0,6,1,4,7,0,0,9,5,sil
13.803745746612549,-5,-1,2,-8,-1,3,14,1,9,6,-1,7,6,6,sil
13.803745746612549,-3,0,-2,1,0,0,5,1,7,-1,0,6,-2,3,sil
13.818973064422607,-3,-1,0,-3,-4,-8,-6,0,0,-2,-7,0,-1,0,sil
13.818973064422607,3,-5,-1,-6,-7,-9,-5,-1,4,0,-3,6,9,2,sil
13.834575176239014,8,-6,-7,-2,-7,-10,0,1,5,-2,12,6,10,6,sil
13.834575176239014,5,0,2,0,-2,-4,5,3,1,0,14,0,4,2,sil
13.84972596168518,9,2,4,6,3,7,10,1,6,3,6,1,6,0,sil
13.84972596168518,12,3,6,3,0,5,2,0,4,-4,0,3,3,6,sil
13.865269660949709,2,0,-1,-8,-7,-5,-9,-2,-6,-19,-3,-8,-5,1,sil
13.865269660949709,-6,-10,-9,-14,-12,-9,-14,-5,-9,-22,-10,-14,-15,-11,sil
13.88114333152771,-8,-11,0,-13,-7,-2,-6,1,0,-10,-8,-4,-16,-11,sil
13.88114333152771,-3,-4,0,-9,2,1,0,2,5,-1,0,-1,-4,-6,sil
13.896673440933228,2,2,3,1,6,5,-1,3,1,2,7,0,4,-4,sil
13.896673440933228,4,11,3,12,8,10,1,6,3,23,18,5,10,0,sil
13.912752389907835,4,18,-6,13,14,8,10,2,15,34,23,15,12,7,sil
13.912752389907835,7,19,5,11,17,10,7,-2,7,8,8,15,10,12,sil
13.928823947906494,6,12,9,18,14,10,0,-4,-9,1,0,7,10,10,sil
13.928823947906494,4,5,14,19,8,3,-4,-4,-9,19,8,10,6,5,sil
13.9448401927948,3,7,12,11,5,0,-2,-4,-1,16,3,15,-3,0,sil
13.9448401927948,2,2,0,2,0,-4,0,0,-8,7,-11,2,-7,-6,sil
13.960588932037354,-4,-9,0,-12,-11,-9,-6,4,-19,5,-20,-15,-11,-13,sil
13.960588932037354,-18,-13,-9,-13,-10,0,-11,-2,-18,-14,-29,-29,-26,-20,sil
13.976700067520142,-16,-7,-5,-2,-2,5,0,-5,-16,-37,-38,-27,-29,-17,sil
13.976700067520142,-5,-6,0,1,-4,3,11,1,-5,-18,-22,-10,-10,0,sil
13.992820024490356,-9,-11,-14,-3,-5,2,10,0,5,1,-4,-9,0,9,sil
13.992820024490356,-14,-8,-11,-3,0,1,5,-1,6,-2,-9,-10,-5,4,sil
14.008913040161133,-2,-1,-10,3,0,-1,13,6,17,3,-3,-1,3,7,sil
14.008913040161133,7,-3,-2,3,-3,-6,19,7,33,20,13,5,18,17,sil
14.024015426635742,-1,-10,-5,-13,-10,-8,1,-1,18,4,5,-4,9,5,sil
14.024015426635742,-12,-18,-23,-30,-12,-8,-19,-5,0,-16,-6,-15,1,-13,sil
14.039573431015016,1,-5,-1,-17,0,-4,-14,3,8,-6,11,8,13,0,thankyou
14.039573431015016,25,15,21,6,10,-3,2,1,16,8,39,37,24,21,thankyou
14.0615234375,22,11,10,0,0,-8,-6,-4,-1,-4,33,31,13,9,thankyou
14.0615234375,1,-3,0,-24,-11,-12,-23,-3,-26,-26,6,10,-6,-13,thankyou
14.0615234375,-2,-1,0,-11,-1,-9,-13,-3,-27,-25,-1,0,-14,-13,thankyou
14.071549654006958,5,10,14,12,9,4,0,-1,-15,-13,3,3,-6,-7,thankyou
14.08680534362793,1,11,5,14,6,4,-1,0,-12,-3,9,1,2,-13,thankyou
14.08680534362793,-4,3,-2,5,0,-6,-4,1,-15,0,9,-6,1,-8,thankyou
14.101821422576904,-3,7,10,10,3,3,-1,0,-6,1,2,-3,-1,4,thankyou
14.101821422576904,-2,9,8,21,11,9,0,3,7,9,-3,0,1,8,thankyou
14.11772322654724,0,5,7,18,1,2,8,6,7,23,-6,0,3,9,thankyou
14.11772322654724,5,5,1,16,-3,13,17,1,15,25,0,1,3,11,thankyou
14.132280826568604,3,0,-4,11,1,20,11,0,23,12,0,0,1,6,thankyou
14.132280826568604,-5,-7,0,-1,-1,9,7,0,7,8,-17,-11,-9,-5,thankyou
14.148148536682127,-4,-3,-4,-3,-7,3,16,-3,-6,6,-19,-17,-11,-10,thankyou
14.149028062820436,9,8,16,6,2,7,11,0,7,0,0,2,2,4,thankyou
14.16409683227539,12,12,24,10,13,7,0,10,29,16,14,13,15,17,thankyou
14.16409683227539,1,3,-9,0,3,-5,-1,2,16,28,4,2,12,7,thankyou
14.179577112197876,-1,-4,-28,-7,-8,-15,-8,-4,-11,-1,-7,-1,0,-4,thankyou
14.195645332336426,0,-11,-25,-10,-5,-4,-12,-7,-6,-23,-4,2,-2,-1,thankyou
14.195645332336426,0,-9,-5,-8,0,-1,-1,-6,0,-16,-3,6,1,2,thankyou
14.195645332336426,-1,-9,-3,-7,-2,-14,-1,-3,-14,-12,-11,4,-4,-1,thankyou
14.21129846572876,-9,-20,-12,-20,-8,-13,-12,-3,-22,-13,-17,-5,-21,-11,thankyou
14.21129846572876,-20,-21,-7,-27,-11,0,-9,-1,-8,-8,-20,-15,-26,-12,thankyou
14.226923942565918,-16,-5,-7,-6,-2,-3,2,7,5,6,-8,-15,-11,-10,thankyou
14.242546558380129,-1,9,7,1,10,-7,3,12,1,13,14,-3,0,0,thankyou
14.242546558380129,-1,6,14,-12,10,4,3,2,-4,4,8,-1,1,0,thankyou
14.242546558380129,-10,-6,-3,0,1,10,7,-2,-2,-1,-12,-17,-2,-9,thankyou
14.258605003356934,-2,-1,-1,15,0,10,5,0,-4,-6,-3,-13,-3,-8,thankyou
14.258605003356934,10,14,3,-11,2,11,0,-1,-7,-14,10,6,0,2,thankyou
14.273732662200928,12,12,7,-25,-3,2,-6,-2,-6,-14,2,9,1,5,thankyou
14.273732662200928,8,2,9,10,-9,-4,-6,-4,-5,-10,5,7,9,5,thankyou
14.287994384765623,11,3,1,28,0,-7,-9,-6,-9,-17,9,15,11,4,thankyou
14.303959369659424,9,8,5,4,10,-8,-12,-1,-13,-18,-1,11,2,-1,thankyou
14.303959369659424,-5,0,-7,-6,0,-5,-6,-3,-12,-2,0,-10,-1,-7,thankyou
14.319584608078005,-7,-4,-6,0,-9,0,-1,-6,-3,4,10,-7,-2,-3,thankyou
14.319584608078005,3,3,15,6,4,3,2,4,10,2,12,14,5,3,thankyou
14.33667278289795,4,1,12,10,13,4,8,6,19,9,13,13,15,6,thankyou
14.33667278289795,-3,-2,11,8,-2,9,13,0,24,21,10,5,11,9,thankyou
14.33667278289795,0,2,5,14,-3,14,12,1,28,24,1,1,6,7,thankyou
14.352749586105348,12,5,4,26,8,7,11,8,29,22,0,0,12,8,thankyou
14.352749586105348,8,6,0,24,5,0,11,9,24,26,7,5,17,12,thankyou
14.367111682891846,-6,3,-22,7,-1,-6,7,5,11,23,7,11,12,7,thankyou
14.383115530014038,-1,0,-14,0,-1,-11,-3,3,-9,2,0,11,0,5,thankyou
14.383115530014038,12,5,1,5,1,-12,-4,-2,-4,-2,10,8,0,8,thankyou
14.401077032089232,7,3,2,1,0,-10,0,-3,4,-4,14,0,7,4,thankyou
14.401077032089232,-5,-6,1,-12,-7,-2,-4,-1,-12,-16,-12,-12,-10,-8,thankyou
14.401077032089232,-12,-10,-6,-13,-11,0,-8,-7,-21,-17,-27,-22,-31,-15,thankyou
14.41462016105652,-11,-13,0,-17,-14,-3,-7,-7,-11,-9,-15,-19,-19,-10,thankyou
14.429666996002195,-5,-20,-1,-33,-10,-1,-12,-1,-10,-8,-11,-10,0,-7,thankyou
14.429666996002195,-9,-18,-13,-39,-3,0,-17,-2,-14,-9,-20,-8,-8,-10,thankyou
14.445691347122192,-14,-6,-9,-22,-2,0,-11,-1,-11,-6,-17,-6,-18,-9,thankyou
14.445691347122192,0,1,-6,-10,0,6,3,1,-8,0,0,1,-7,-4,thankyou
14.460901737213137,11,9,6,-9,0,6,11,4,2,4,5,12,2,3,thankyou
14.460901737213137,12,3,12,3,-3,0,6,4,13,4,0,6,1,7,thankyou
14.477012395858765,9,5,1,20,4,4,1,1,7,1,0,2,0,6,thankyou
14.477012395858765,-3,20,0,10,13,10,1,-1,-1,-6,7,9,0,3,thankyou
14.492628812789915,-4,-2,2,-4,2,0,3,-7,-10,-14,0,0,-7,-5,thankyou
14.492628812789915,13,-28,14,-2,1,-1,2,-6,-16,-17,-9,-14,-12,-10,thankyou
14.507888793945312,3,11,9,15,24,15,7,-1,-8,-15,2,-4,-6,-6,thankyou
14.507888793945312,-16,45,-6,35,23,8,5,0,-5,-11,2,0,-6,-4,thankyou
14.523024797439575,-8,11,-1,25,-3,-5,-2,3,-7,1,-8,-2,-6,-1,thankyou
14.523024797439575,5,-10,-5,6,-10,0,0,7,7,18,1,0,11,5,thankyou
14.538607358932495,4,7,-1,10,4,5,3,5,7,12,9,0,15,4,thankyou
14.538607358932495,-9,11,-5,12,7,-1,2,-1,-5,1,-1,-8,-1,-6,thankyou
15.926697969436646,0,1,-18,-1,12,4,6,-2,-5,-11,-11,0,-11,1,thankyou
15.926697969436646,5,7,-11,11,13,7,4,1,-8,0,-9,3,-3,0,thankyou
15.942016124725342,7,5,-2,11,7,0,0,0,-7,8,-4,6,2,-1,thankyou
15.942016124725342,8,2,-6,2,6,0,0,-5,-2,5,4,6,2,5,thankyou
15.957659244537354,16,6,2,2,6,9,5,2,9,3,9,13,11,17,thankyou
15.957659244537354,20,9,12,10,0,3,2,10,19,12,10,15,19,16,thankyou
15.973700761795044,12,7,3,12,-9,-17,-5,1,10,8,5,6,4,5,thankyou
15.973700761795044,2,5,-1,1,-15,-10,-7,-6,-7,-17,0,4,-9,0,thankyou
15.988884449005129,0,0,-4,-3,-5,6,1,-3,0,-11,10,3,3,4,thankyou
15.988884449005129,1,-5,3,-2,0,0,5,5,10,15,21,3,15,10,thankyou
16.0048930644989,-1,-5,3,-3,-8,-2,1,5,5,12,12,0,5,4,thankyou
16.0048930644989,-15,-11,-9,-8,-11,1,-1,0,4,0,0,-11,-3,-8,thankyou
16.020604372024536,-23,-17,-1,-20,-10,-3,-7,-2,7,-3,-6,-18,-9,-16,thankyou
16.020604372024536,-22,-18,-5,-26,-10,-8,-11,-4,-8,-13,-13,-24,-21,-23,thankyou
16.036685943603516,-17,-14,-4,-18,-5,-1,-9,-2,-31,-13,-17,-25,-25,-22,thankyou
16.036685943603516,-11,-4,0,-7,1,4,-1,1,-28,0,-9,-17,-13,-12,thankyou
16.052778482437134,-11,-7,-8,-11,0,1,4,-1,-13,-8,-8,-12,-9,-10,thankyou
16.052778482437134,-12,-10,1,-21,-6,-1,1,-4,-4,-13,-14,-3,-13,-7,thankyou
16.07354164123535,-3,-5,5,-16,-9,-3,-1,0,10,3,-2,12,-4,2,thankyou
16.07354164123535,4,-1,10,-6,-8,-4,4,0,15,0,4,15,3,13,thankyou
16.07354164123535,1,3,17,4,0,4,7,-1,5,-2,-6,8,5,10,thankyou
16.083576202392578,8,10,9,12,4,10,5,1,11,23,-1,11,16,9,thankyou
16.09867215156555,22,13,16,20,8,13,9,13,25,36,19,23,35,24,thankyou
16.09867215156555,25,10,10,32,19,10,15,8,25,28,26,19,36,31,thankyou
16.113816738128662,20,8,-5,23,17,-2,5,0,14,17,11,3,12,15,thankyou
16.113816738128662,8,4,-18,-3,3,-4,-3,-1,0,-4,-5,-7,-5,-7,thankyou
16.129897594451904,-6,-4,-30,-5,5,0,0,-4,-9,-15,-9,-19,-4,-17,thankyou
16.129897594451904,-5,0,-15,16,16,4,4,-3,0,-3,-4,-11,1,-9,thankyou
16.14599299430847,5,18,-1,22,12,0,0,1,12,3,0,7,4,-2,thankyou
16.14599299430847,9,18,10,3,0,-10,-9,0,-2,-10,0,11,2,0,thankyou
16.161964416503906,4,3,18,-5,-4,-12,-18,-1,-27,-22,0,6,-4,-2,thankyou
16.161964416503906,3,1,5,10,-2,-7,-11,-2,-23,-17,3,4,-6,-5,thankyou
16.176926136016846,4,13,12,14,0,-1,1,-2,-12,-19,7,8,-2,-4,thankyou
16.176926136016846,-2,12,8,1,0,-1,-6,-1,-13,-23,0,3,0,-5,thankyou
16.192965984344482,-7,0,-1,-2,-8,-11,-24,0,-18,-21,-4,-2,-7,-9,thankyou
16.192965984344482,-8,-6,6,-8,-11,-8,-16,-1,-15,-20,-2,-3,-20,-5,thankyou
16.20853304862976,-15,-11,-3,-17,-7,7,1,-2,-4,-11,-7,-12,-24,-5,thankyou
16.20853304862976,-9,-8,3,-14,-2,10,6,1,3,15,-5,-12,-11,-2,thankyou
16.22392439842224,3,-2,11,-1,2,2,11,2,0,29,12,3,4,8,thankyou
16.22392439842224,-5,-13,-18,-6,0,0,7,-2,-8,5,7,2,-3,3,thankyou
16.23908567428589,-16,-15,-27,-14,-5,4,-7,0,3,1,0,-7,-10,-4,thankyou
16.23908567428589,0,1,-9,0,1,3,-1,4,25,38,18,1,3,5,thankyou
16.25459122657776,6,5,-1,11,4,0,15,4,18,31,3,2,-8,5,thankyou
16.25459122657776,-9,-11,-15,-6,-6,3,15,-3,-2,-12,-28,-18,-36,-12,thankyou
16.27008056640625,-11,-22,-15,-26,-12,7,9,0,-1,-11,-21,-18,-20,-12,thankyou
16.27008056640625,-5,-12,0,-17,-4,8,13,6,6,5,-15,-10,8,2,thankyou
16.285979509353638,-10,-7,-3,3,4,9,19,0,13,6,-19,-16,19,8,thankyou
16.285979509353638,0,-6,11,8,5,12,18,0,28,20,3,-2,34,18,thankyou
16.300763607025146,12,-3,14,1,2,7,13,8,36,40,18,17,43,23,thankyou
16.300763607025146,6,0,0,0,3,-6,4,3,31,26,6,11,38,17,thankyou
16.31682825088501,9,7,15,4,1,-11,-9,1,25,0,4,9,35,15,thankyou
16.31682825088501,19,8,10,8,-5,-7,-18,0,3,-8,5,9,22,5,thankyou
16.33311939239502,19,1,0,0,-7,-7,-19,-4,-27,-13,0,5,4,-6,thankyou
16.33311939239502,17,11,10,-7,-3,-3,-12,-3,-31,-22,5,11,1,-2,thankyou
16.34810495376587,12,24,11,3,2,-2,-7,-6,-28,-27,10,18,-2,2,thankyou
16.34810495376587,9,24,9,17,11,-8,-15,-10,-37,-24,6,17,-11,1,thankyou
16.364245891571045,8,14,0,13,10,-9,-21,-3,-23,-7,13,9,-11,-3,thankyou
16.364245891571045,0,10,3,6,1,-4,-11,3,0,0,10,1,-18,-16,thankyou
16.379733562469482,-9,13,5,13,5,-5,0,2,0,-17,-3,0,-27,-26,thankyou
16.379733562469482,-10,8,-7,9,6,-10,4,0,-4,-31,0,-2,-20,-21,thankyou
16.394845008850098,-10,-2,-2,-5,-3,0,5,1,0,-6,6,-5,-12,-8,sil
16.394845008850098,-15,-12,-8,-8,-4,8,6,0,-1,12,-5,-10,-17,-7,sil
16.410433053970337,-19,-17,-16,-3,0,1,0,1,-14,-1,-15,-13,-19,-5,sil
16.410433053970337,-18,-15,-5,-5,-5,2,-2,1,-15,-7,-9,-10,-12,2,sil
16.426012754440308,-6,-12,-8,-6,-5,7,2,-4,5,10,-5,-9,-6,3,sil
16.426012754440308,9,-2,-3,-4,2,3,7,-1,18,12,-2,-3,-1,0,sil
16.44095802307129,8,4,-3,-1,5,0,2,2,13,3,1,2,6,0,sil
16.44095802307129,0,-2,-5,-3,-2,4,-4,1,3,1,-4,0,9,4,sil
16.45669937133789,0,-6,3,-6,-7,6,-3,-2,-1,6,-12,-5,7,7,sil
16.45669937133789,-2,-7,-4,-7,0,-1,0,-5,-9,-1,-9,-14,0,0,sil
16.472257137298584,-7,-11,-7,-14,1,-3,0,1,-12,-10,-12,-15,-7,-4,sil
16.472257137298584,-6,-2,-5,-5,0,8,10,9,11,5,-10,-7,0,1,sil
16.487673044204712,-3,0,0,4,0,5,10,8,32,29,0,-2,8,3,sil
16.487673044204712,-3,-4,8,1,0,-8,-6,7,21,20,8,-1,6,0,sil
16.503914833068848,-4,-3,2,2,0,-4,-3,0,1,2,10,-1,7,0,sil
16.503914833068848,-5,-2,6,6,0,9,11,-7,-1,0,0,-1,4,0,sil
16.519543170928955,0,-2,10,1,-4,9,13,-2,1,1,-1,0,6,2,sil
16.534559965133667,14,7,12,9,-1,1,13,0,6,6,9,6,22,14,sil
16.534559965133667,19,18,24,22,1,-1,15,-1,10,15,10,16,26,23,sil
16.55061435699463,14,7,20,9,0,0,3,-2,8,12,6,22,13,18,sil
16.55061435699463,22,3,17,0,-2,3,-9,-1,-7,-7,12,27,9,12,sil
16.56700301170349,27,13,-7,9,0,-1,-13,-2,-12,-13,12,26,7,8,sil
16.5675265789032,15,16,-38,5,4,-8,-15,2,1,-1,6,16,3,5,sil
16.5675265789032,5,9,-17,-10,7,-3,-16,8,3,-5,10,12,3,3,sil
16.5829336643219,0,0,0,-11,6,-2,-5,1,-5,-5,13,1,0,-3,sil
16.5829336643219,-8,0,2,-5,2,-10,1,0,-13,0,0,-11,-17,-15,sil
16.598894357681274,-22,-5,-7,-7,-2,-6,3,-1,-12,-13,-19,-15,-28,-22,sil
16.598894357681274,-23,-19,-15,-18,-6,2,8,-5,0,-20,-18,-15,-25,-18,sil
16.6145658493042,-14,-12,2,-25,-6,3,9,-3,13,-2,-2,-13,-18,-11,sil
16.6145658493042,-15,0,-2,-2,2,-3,1,-1,2,2,-1,-17,-17,-14,sil
16.629871368408203,-18,-4,-8,6,0,-7,-5,0,-14,-6,-15,-15,-18,-13,sil
16.629871368408203,-7,-6,1,-8,-8,-3,-7,1,-10,-4,-7,-7,0,-6,sil
16.64591407775879,4,-1,6,-1,-4,0,-10,-2,-4,-6,0,-8,9,-4,sil
16.64591407775879,10,3,16,28,3,3,-10,0,-11,-14,-11,-7,0,2,sil
16.661536693572998,11,11,13,25,5,12,-4,2,-9,0,0,7,1,9,sil
16.661536693572998,6,10,7,8,8,5,-5,-2,-2,13,16,17,16,9,sil
16.678631067276,3,0,9,11,9,-1,-4,-1,-10,0,4,5,10,8,sil
16.678631067276,4,-9,2,2,2,0,5,0,-14,-5,-4,-7,3,0,sil
16.692713499069214,6,-5,-3,-12,0,-2,11,0,0,2,0,0,6,-4,sil
16.708330869674683,3,-1,-19,2,3,-2,13,4,18,13,7,5,3,2,sil
16.708330869674683,-7,-4,-21,12,-1,5,13,7,24,19,6,2,-1,8,sil
16.723973751068115,-20,-6,-6,-9,-15,6,1,-2,22,15,-3,-4,0,1,sil
16.723973751068115,-13,-6,-6,-16,-12,-5,-8,-5,14,7,-9,-10,0,-2,sil
16.723973751068115,4,0,4,-10,0,-8,-1,8,2,2,-1,0,-3,2,sil
16.73980736732483,5,7,3,-8,0,-1,7,1,0,1,-2,8,-4,6,sil
16.73980736732483,2,10,3,0,-6,0,0,-10,-4,-7,-12,3,-6,7,sil
16.755194425582886,6,3,11,-3,-1,-1,-7,-1,-16,-14,-10,2,-6,0,sil
16.755194425582886,1,-5,0,-12,0,0,-6,1,-12,-7,0,1,2,-10,sil
16.77104663848877,0,0,0,-3,-4,-1,-8,-3,-2,-11,4,0,3,-6,sil
16.77205181121826,6,13,0,8,-2,-2,-11,-4,5,-12,8,4,7,5,sil
16.786706686019897,7,7,0,4,3,1,-8,-1,13,2,14,7,19,11,sil
16.786706686019897,4,2,8,2,3,5,1,4,12,9,15,11,20,9,sil
16.801921844482422,3,0,1,6,7,7,14,2,5,7,15,5,7,3,sil
16.81826114654541,5,2,3,7,14,12,19,0,9,16,18,5,2,2,sil
16.81826114654541,1,4,5,9,13,10,13,2,13,17,17,7,6,0,sil
16.833091974258423,-5,-4,-3,3,1,-1,7,6,0,0,1,0,0,-6,sil
16.833091974258423,-5,-8,0,0,-2,-2,4,5,-8,-9,-11,-8,-9,-9,sil
16.848877668380737,-5,-6,-4,-1,0,6,0,-1,-5,-8,-9,-17,-8,-10,sil
16.848877668380737,-16,-14,-6,-16,-8,0,-4,-3,-14,-9,-17,-21,-16,-11,sil
16.865037441253662,-20,-17,-6,-19,-11,-11,-4,-2,-25,-15,-30,-17,-23,-12,sil
16.865037441253662,-3,-2,-4,2,0,-4,0,0,-16,-10,-21,-8,-12,-7,sil
16.881583213806152,11,8,10,12,3,5,6,1,-5,9,-4,-2,-2,3,sil
16.881583213806152,8,0,1,5,0,-7,0,-4,-9,13,-7,-3,-8,0,sil
16.899654388427734,-4,-8,-5,-1,-3,-14,-15,-6,-10,-3,-14,0,-13,-9,sil
16.899654388427734,-2,0,0,2,-1,0,-9,1,8,10,0,12,0,0,sil
16.899654388427734,13,14,6,17,9,0,9,5,29,30,23,18,22,21,sil
16.913832187652588,22,21,18,23,11,-6,5,1,26,10,33,20,31,26,sil
16.913832187652588,4,10,3,12,0,0,-9,-2,11,-5,19,11,19,13,sil
16.927835941314697,-14,-5,-8,-4,-5,0,-14,2,-1,-5,-3,-2,-3,0,sil
16.94311547279358,-12,-10,-8,-15,-1,-3,-7,6,-1,-9,-5,-8,-12,-5,sil
16.94311547279358,0,-6,-11,-14,-4,0,1,-1,6,-8,4,-4,-3,-3,sil
16.958268642425537,0,0,0,-4,-8,0,0,-6,-1,-6,-3,-1,-2,1,sil
16.958268642425537,0,0,-1,0,-4,-2,-1,-2,-13,-12,-12,-7,-7,0,sil
16.973533868789673,0,-2,-6,-16,-11,-4,-2,-3,-8,-19,-11,-8,-6,-8,sil
16.973533868789673,-5,-4,-1,-29,-13,-3,-7,-6,-9,-20,-6,-2,-4,-9,sil
16.98911690711975,2,0,0,-11,0,0,-2,-2,-12,-12,5,6,2,-1,sil
16.98911690711975,16,10,17,3,9,9,6,7,1,-3,11,15,9,4,sil
17.00465488433838,9,6,7,-2,6,6,-5,0,3,0,5,6,2,0,sil
17.00465488433838,3,1,0,3,8,-2,-17,-4,-18,0,5,-1,-1,-4,sil
17.01981806755066,9,5,11,25,14,0,1,1,-15,1,10,7,5,2,sil
17.01981806755066,5,3,5,21,11,8,17,1,10,14,7,5,6,8,sil
17.03550362586975,-2,-1,-1,4,2,11,11,1,14,25,0,-4,-1,4,sil
17.03550362586975,-11,0,-12,10,-2,12,12,5,4,18,-5,-11,-3,-8,sil
17.050946712493896,-19,-5,-21,13,-4,7,15,4,-2,7,-9,-17,-6,-19,sil
17.050946712493896,-17,-11,-13,-3,-4,0,6,0,1,13,-10,-11,-7,-13,sil
17.066852569580078,-16,-4,-16,-8,0,0,6,-3,15,23,-5,-6,0,-7,sil
17.066852569580078,-11,1,-1,-1,0,1,12,0,18,16,0,-6,5,-2,sil
17.08191728591919,1,0,5,-1,0,-5,8,4,13,10,3,-1,4,4,sil
17.08191728591919,7,-5,3,-8,-2,-17,-2,0,1,0,-2,0,0,11,sil
17.097877502441406,0,-3,10,-11,-4,-12,-12,-4,-9,-18,-10,-4,-3,14,sil
17.097877502441406,3,-6,5,-7,0,-3,-13,1,-10,-20,0,2,0,8,sil
17.113341808319092,20,0,12,1,0,-10,-8,5,-4,-5,9,17,8,5,sil
17.113341808319092,18,12,17,8,0,-10,-1,2,4,-2,4,14,10,13,sil
17.128568649291992,1,4,1,-5,-2,2,-6,0,9,-13,-3,5,-2,12,sil
17.128568649291992,0,-2,0,-14,-3,14,-8,2,2,-18,-8,4,-11,0,sil
17.144209384918213,4,6,2,7,2,10,3,1,1,-8,-1,-1,-2,-3,sil
17.144209384918213,0,6,7,15,4,0,8,0,0,-6,1,2,0,0,sil
17.160202503204346,-5,-7,0,-1,-3,-7,-1,-7,-9,-16,0,9,-7,-6,sil
17.160202503204346,-3,-7,-7,-3,-5,-3,-2,-11,-10,-12,0,0,-4,-7,sil
17.174949169158936,1,10,4,9,7,11,3,-2,-8,3,6,0,7,1,sil
17.174949169158936,8,15,1,16,15,12,0,0,-8,8,12,6,8,1,sil
17.19058585166931,4,0,-2,7,0,-1,-11,-5,-8,-1,4,0,-8,-7,sil
17.206648588180542,-7,-8,-8,-7,-11,-5,-12,-2,-1,5,-3,-10,-11,-12,sil
17.206648588180542,0,0,-10,-2,2,-5,-2,6,8,20,7,1,13,0,sil
17.206648588180542,16,10,13,15,16,-1,2,6,11,19,18,15,24,21,sil
17.222336292266846,0,2,-4,9,6,4,1,-3,0,7,1,-5,-4,4,sil
17.222336292266846,-19,-13,-27,-18,-12,-2,-1,-4,-13,0,-23,-30,-23,-25,sil
17.237572193145752,-18,-12,-13,-21,-16,-7,-4,-1,-15,0,-21,-20,-7,-19,sil
17.237572193145752,-11,-7,-4,-1,-4,0,-1,-4,-7,-1,-10,-7,0,-1,sil
17.253760814666748,-3,-3,1,3,1,7,8,4,2,-3,-11,-3,-5,-3,sil
17.253760814666748,2,0,0,-3,-1,2,15,11,15,2,0,8,7,0,sil
17.2686026096344,0,-3,4,-10,-4,-3,8,5,18,9,13,15,13,9,sil
17.2686026096344,-1,-3,7,-15,-7,-4,5,-1,3,1,2,-2,-1,6,sil
17.284148693084717,8,3,2,-8,-8,-3,6,-1,0,-2,-4,-4,0,6,sil
17.284148693084717,19,11,17,7,1,0,0,8,15,3,13,22,16,19,sil
17.29988384246826,13,11,14,5,7,2,-1,11,26,12,28,23,15,19,sil
17.29988384246826,0,4,0,-4,-1,0,3,2,15,6,9,-4,4,3,sil
17.31576371192932,-6,0,-6,0,-3,0,-2,-4,-2,-13,-15,-14,-4,-11,sil
17.31576371192932,-12,-5,-11,4,0,-4,-15,-11,-13,-19,-18,-12,-18,-22,sil
17.33130645751953,-7,-4,0,0,-1,-5,-13,-7,-13,-11,-10,-7,-24,-17,sil
17.34684181213379,0,-4,6,1,7,3,0,0,-6,-2,0,0,-10,-1,sil
17.34684181213379,-1,-5,0,4,16,8,5,0,-11,-2,6,4,2,3,sil
17.362889766693115,-2,4,0,5,14,6,0,-3,-13,-6,6,3,4,1,sil
17.362889766693115,8,16,2,16,15,6,1,-2,0,-3,4,2,3,2,sil
17.363889694213867,13,16,18,17,11,4,6,3,3,5,4,8,1,6,sil
17.3788423538208,0,6,7,4,0,0,2,4,-3,2,5,6,2,1,sil
17.3788423538208,-7,-3,-11,-4,-6,-4,-4,0,-9,-13,0,0,3,-6,sil
17.394268035888672,0,-7,1,-5,-10,-6,-6,-3,-12,-13,-6,0,0,-4,sil
17.409859657287598,2,-6,-1,-2,-9,-6,-4,-4,-6,0,-4,-1,-2,0,sil
17.409859657287598,0,0,-2,0,-5,-4,-1,-1,0,1,-5,-2,-3,0,sil
17.409859657287598,0,2,-2,5,-6,0,2,0,-3,0,-12,-5,-5,-3,sil
17.424920797348022,0,0,-5,0,-7,-2,2,0,-5,4,-11,-9,-6,-6,sil
17.442527532577515,0,-1,1,-11,-5,-2,-5,1,-2,9,0,-1,-4,0,sil
17.442527532577515,-4,-1,-5,-10,-1,0,-5,1,1,12,13,8,6,8,sil
17.442527532577515,1,0,-1,5,5,7,7,6,4,15,12,7,15,14,sil
17.45554804801941,11,3,7,15,9,15,17,8,8,15,6,0,12,14,sil
17.47081732749939,1,-2,1,6,4,9,6,4,15,13,1,-2,7,6,sil
17.47081732749939,-8,-9,-3,-6,0,5,1,0,21,13,-7,-3,7,5,sil
17.486817121505737,-1,-9,-11,-8,2,9,13,-5,31,20,-9,-5,3,14,sil
17.486817121505737,0,-7,-8,-5,-1,4,9,-1,29,14,0,0,1,15,sil
17.502340078353882,-8,-6,-7,-10,-9,-3,-5,6,15,-1,0,2,2,0,sil
17.502340078353882,-5,-8,-11,-21,-12,-10,-8,2,7,-12,-17,-4,-2,-12,sil
17.517675399780273,1,-5,4,-21,-10,-16,-11,-6,3,-16,-14,-2,-6,-10,sil
17.517675399780273,2,5,3,-1,-4,-15,-10,-6,-1,-15,9,7,0,-7,sil
17.5327889919281,3,15,7,5,0,-4,-5,0,-12,-17,18,10,0,-10,sil
17.5327889919281,1,15,16,2,7,1,-4,-1,-18,-19,13,3,-9,-14,sil
17.548141479492188,0,5,2,5,11,-10,-8,-9,-27,-21,8,-4,-14,-18,sil
17.548141479492188,-7,0,-1,0,2,-15,-11,-4,-44,-27,0,-9,-15,-19,sil
17.563926935195923,-14,-3,-6,-4,-4,0,-6,0,-42,-23,-10,-17,-14,-21,sil
17.563926935195923,-8,-2,-1,9,1,10,2,1,-21,-5,-12,-9,-13,-12,sil
17.57890009880066,0,4,10,20,8,10,6,7,-13,1,0,7,-8,0,sil
17.57890009880066,-2,4,0,10,4,2,5,5,-12,2,5,2,0,2,sil
17.59495234489441,3,3,4,5,1,3,3,2,7,11,-3,0,6,12,sil
17.59495234489441,17,2,7,12,5,8,5,1,29,19,0,8,10,18,sil
17.610543966293335,14,-1,0,6,3,3,7,1,26,21,8,10,7,12,sil
17.610543966293335,4,1,-2,0,-1,0,6,0,19,24,7,5,13,12,sil
17.625680923461914,6,6,-1,4,0,2,4,0,17,21,10,5,25,17,sil
17.625680923461914,14,2,10,-1,3,0,1,0,10,9,14,10,21,18,sil
17.640769958496094,6,0,3,-11,2,1,0,-3,8,0,2,5,9,10,sil
17.640769958496094,-6,0,-10,-6,0,0,-5,-7,0,-4,-13,-8,0,-2,sil
17.656798839569092,-4,-1,-1,0,-8,-3,-9,-1,-7,-1,-8,-6,-8,-3,sil
17.656798839569092,6,1,1,3,-4,-1,-1,5,7,10,9,8,4,10,sil
17.672613859176636,10,3,8,9,2,2,8,4,17,8,3,14,12,16,sil
17.672613859176636,4,-3,0,1,-2,0,4,0,-1,-5,-13,-2,-6,4,sil
17.687872409820557,-2,-9,-12,-16,-6,-4,0,-3,-10,-15,-12,-17,-19,-6,sil
17.687872409820557,-12,-5,-7,-15,0,0,4,-2,0,-12,-7,-9,-10,-11,sil
17.702998876571655,-17,-10,-7,-3,-4,0,0,-4,-1,-1,-5,-4,-5,-15,sil
17.702998876571655,-4,-8,3,-5,-11,-1,-2,0,-2,6,2,0,-2,-6,sil
17.719019889831543,2,5,3,-2,0,3,6,5,10,10,10,6,7,2,sil
17.719019889831543,-14,0,-12,-4,1,0,1,0,6,-1,-4,0,-3,-10,sil
17.734591007232666,-29,-19,-8,-24,-4,-10,-18,-8,-20,-24,-33,-23,-30,-30,sil
17.734591007232666,-22,-15,-8,-14,0,-4,-16,-5,-24,-27,-32,-33,-26,-29,sil
17.750126123428345,-7,3,-4,15,5,4,-1,2,-6,-11,-4,-14,-4,-11,sil
17.750126123428345,0,4,-2,9,3,8,0,4,-1,-1,6,-1,5,0,sil
17.76686668395996,2,-1,0,-6,2,12,-1,5,-5,-1,0,0,6,1,sil
17.76686668395996,16,10,17,4,2,16,6,6,0,3,10,15,10,11,sil
17.782495975494385,29,16,15,20,5,5,15,2,16,21,29,25,22,21,sil
17.782495975494385,20,5,4,12,4,-10,1,4,7,12,19,13,16,17,sil
17.797654628753662,2,5,-1,4,0,-11,-11,2,-9,-10,0,9,-2,7,sil
17.797654628753662,4,13,-3,11,0,-7,-1,-4,-8,-2,5,13,-3,6,sil
17.812875747680664,8,8,10,10,-2,-7,11,-2,1,20,17,8,8,9,sil
17.812875747680664,-2,-6,1,-4,-8,-7,7,0,8,22,12,0,8,5,sil
17.828535556793213,-5,-6,-4,-9,-1,-6,-10,-3,6,5,10,1,0,2,sil
17.828535556793213,-1,9,0,5,4,-6,-22,-4,-9,-10,12,4,-1,0,sil
17.844865560531616,-4,5,-7,3,2,-4,-13,-2,-14,-12,2,0,3,-6,thankyou
17.844865560531616,0,-5,5,-6,3,3,0,2,3,-2,-4,2,6,-4,thankyou
17.859390020370483,8,-1,10,4,3,5,3,0,8,-2,-5,-4,-1,-3,thankyou
17.859390020370483,0,0,0,6,-4,-4,4,-4,-4,-15,-20,-15,-16,-5,thankyou
17.87549924850464,-6,-9,-6,-9,-5,-2,8,0,0,-17,-25,-6,-15,-3,thankyou
17.87549924850464,0,-5,-2,-5,1,8,13,2,17,-1,-4,2,-1,0,thankyou
17.89073395729065,4,7,11,3,3,15,17,4,10,5,4,-1,0,1,thankyou
17.89073395729065,0,6,-1,-1,2,12,14,5,0,4,1,-5,1,0,thankyou
17.90597915649414,1,0,-6,-1,5,7,2,6,8,13,6,2,6,4,thankyou
17.92273235321045,10,0,11,4,6,9,-1,0,16,22,9,12,11,17,thankyou
17.92273235321045,11,0,2,2,3,1,-1,-9,7,15,4,7,13,13,thankyou
17.923731327056885,0,-2,-3,-4,-1,-11,-12,-5,-4,4,-4,0,0,-2,thankyou
17.938529014587402,-12,-7,-6,-7,-3,-7,-13,0,-6,0,-11,-6,-12,-11,thankyou
17.938529014587402,-17,-21,-17,-16,-11,0,-5,-2,-12,-4,-14,-15,-14,-9,thankyou
17.952043294906616,-18,-18,-11,-26,-20,0,-5,0,-21,0,-17,-19,-11,-13,thankyou
17.967820644378662,-13,-4,-4,-14,-11,-6,-4,5,-8,3,-11,-10,-6,-12,thankyou
17.967820644378662,-4,2,7,1,2,-7,-2,0,2,-11,-3,0,0,0,thankyou
17.982853412628174,-7,3,-3,0,1,0,-3,-1,0,-23,-4,-6,0,0,thankyou
17.982853412628174,-2,4,-11,-6,0,4,0,1,0,-8,-6,-5,0,-3,thankyou
17.99893283843994,13,14,6,6,6,5,12,-1,2,2,2,7,5,6,thankyou
17.99893283843994,11,11,2,21,10,1,19,-4,-5,-3,7,2,4,8,thankyou
18.014747381210327,1,0,1,13,3,-5,11,0,-4,-6,6,2,4,2,thankyou
18.014747381210327,2,2,7,4,-7,-6,-5,2,5,-3,13,19,10,1,thankyou
18.02989935874939,0,2,7,7,-16,-4,-16,-5,-7,-6,7,17,0,-5,thankyou
18.02989935874939,-10,-6,7,1,-6,-3,-13,-8,-22,-4,-11,-2,-18,-19,thankyou
18.04555535316468,-15,-9,-7,-11,15,-5,-7,-3,-9,4,-10,-17,-11,-18,thankyou
18.04555535316468,-2,0,-5,-3,12,-7,-6,7,0,0,3,-9,0,0,thankyou
18.06060528755188,7,9,0,13,2,-1,-4,7,0,-6,7,5,0,5,thankyou
18.06060528755188,0,7,-4,18,9,6,2,3,14,6,2,3,0,0,thankyou
18.082760334014893,4,9,10,12,12,15,11,11,33,21,15,7,9,10,thankyou
18.082760334014893,27,15,13,12,5,17,19,6,36,27,41,24,23,30,thankyou
18.082760334014893,26,10,8,9,0,8,12,-4,10,7,30,24,16,21,thankyou
18.090885877609253,11,0,3,6,-7,0,2,-2,-14,-12,-3,3,-7,3,thankyou
18.10606360435486,8,-5,-5,-1,-5,-2,2,1,-12,-7,-5,-5,-6,6,thankyou
18.10606360435486,6,-4,6,-12,0,2,3,2,8,6,5,1,14,16,thankyou
18.12195920944214,3,-5,5,0,0,3,5,3,22,19,5,5,19,17,thankyou
18.12195920944214,0,-10,-4,5,1,3,6,0,13,20,0,-1,6,4,thankyou
18.137672662734985,-12,-11,-15,-13,5,0,-1,-6,-7,0,-14,-17,0,-11,thankyou
18.137672662734985,-20,-10,-20,-24,0,-12,-13,-11,-22,-15,-29,-25,-8,-15,thankyou
18.15274333953857,-19,-6,-3,-20,-11,-17,-22,-1,-26,-10,-22,-14,-14,-11,thankyou
18.15274333953857,-22,-11,-6,-24,-18,-8,-21,-3,-22,-9,-13,-11,-6,-17,thankyou
18.167901754379272,-17,-10,-6,-26,-13,-3,-10,-12,-14,-12,-18,-14,-6,-22,thankyou
18.167901754379272,-7,0,3,-14,-2,0,3,-4,-6,-8,-21,-5,-16,-18,thankyou
18.18342638015747,-6,-1,-3,-4,-3,0,4,1,-3,-15,-24,-2,-19,-19,thankyou
18.184428453445435,-4,-3,1,-4,-13,-5,-8,0,-8,-20,-15,-2,-13,-14,thankyou
18.19920468330384,2,2,6,2,-7,-1,-5,4,0,1,15,6,-1,-2,thankyou
18.19920468330384,11,9,6,21,9,6,9,10,15,11,22,13,2,6,thankyou
18.214906215667725,11,12,10,26,14,7,12,4,11,-2,3,5,-1,9,thankyou
18.214906215667725,6,13,2,20,14,6,7,-3,10,5,12,3,6,9,thankyou
18.230652332305908,16,17,12,25,21,4,10,2,28,29,35,23,23,20,thankyou
18.230652332305908,22,14,9,28,16,0,14,4,34,34,31,29,25,26,thankyou
18.245822191238403,6,-1,-8,0,-4,-8,4,-2,15,9,6,6,8,10,thankyou
18.245822191238403,-7,-7,-7,-13,-6,-2,-6,-6,-6,-18,-14,-8,-10,-1,thankyou
18.26100516319275,-8,2,-8,2,8,6,-4,0,-17,-19,-12,-8,-15,0,thankyou
18.277048349380493,-8,1,-2,-1,3,1,-1,9,-18,-6,0,-6,-6,0,thankyou
18.277048349380493,-7,-1,-1,-6,-3,1,-6,3,-13,-7,4,-5,0,-7,thankyou
18.277570962905884,3,4,3,11,5,11,-2,-4,-9,-7,4,-4,2,-1,thankyou
18.29350209236145,14,9,13,14,3,10,8,4,-7,1,0,-1,2,7,thankyou
18.29350209236145,5,-4,0,-1,-13,-8,8,4,-11,4,-3,-4,0,1,thankyou
18.307915449142456,-11,-17,-5,-14,-20,-13,-6,-4,-16,0,-3,-5,-2,-6,thankyou
18.32396650314331,-8,-9,-6,-15,-8,1,-8,-3,-2,-1,-1,0,0,-5,thankyou
18.32396650314331,8,2,-7,0,0,3,-1,0,12,-4,-2,3,0,-1,thankyou
18.339640140533447,4,-1,2,6,-3,1,-1,-4,7,0,-5,1,-6,-7,thankyou
18.339640140533447,-8,-9,-3,-3,-3,1,-2,-3,5,7,-1,0,0,-11,thankyou
18.339640140533447,-5,-2,-2,-15,0,-5,-5,0,6,0,1,1,11,-2,thankyou
18.355679035186768,-6,-1,-4,-15,-2,-9,-11,-6,-5,-7,-1,-3,5,0,thankyou
18.355679035186768,-12,-10,-11,-12,-5,-8,-7,-4,-9,7,-4,-12,-1,-1,thankyou
18.3718695640564,-7,-13,2,-14,-3,-8,-3,9,5,15,-3,-10,2,0,sil
18.3718695640564,-2,-9,-6,-12,0,-4,-4,8,18,13,-1,-3,6,0,sil
18.38825845718384,3,4,-1,0,5,2,3,1,14,15,2,9,3,3,sil
18.38825845718384,10,19,16,11,9,8,11,-1,0,4,5,12,0,5,sil
18.403000593185425,6,13,0,10,4,9,7,-7,-11,-17,0,-3,-10,-5,sil
18.403000593185425,5,4,1,9,7,11,10,1,-3,-16,-2,-1,-8,3,sil
18.419599056243896,10,3,12,10,13,5,17,8,8,0,6,9,2,18,sil
18.419599056243896,4,1,7,0,4,-3,7,0,4,0,3,0,-1,11,sil
18.432631731033325,-9,0,-8,-4,0,5,4,-2,3,-5,-5,-7,-11,-1,sil
18.44799542427063,-13,-3,-8,3,5,9,9,-2,1,-2,-9,-4,-8,-10,sil
18.44799542427063,-3,-3,12,3,6,-1,1,0,-11,-2,-7,0,-4,-7,sil
18.46392059326172,6,-1,4,3,0,-8,-4,0,-7,-1,-2,4,-2,2,sil
18.46392059326172,9,-2,-2,6,-2,-6,-7,1,4,0,0,5,0,2,sil
18.47916507720948,10,10,15,18,1,3,-9,2,8,6,9,9,6,3,sil
18.47916507720948,13,21,16,33,6,13,-1,1,11,12,22,15,19,11,sil
18.494873762130737,10,4,3,9,-3,0,0,-2,1,1,6,9,7,2,sil
18.494873762130737,5,-8,-13,-18,-10,-19,-9,-4,-7,-2,-7,1,-4,-4,sil
18.510973691940308,1,-1,-8,-9,-8,-17,-7,0,-9,3,3,9,5,5,sil
18.510973691940308,-1,0,3,-1,-14,-9,-8,-2,-13,-3,3,9,8,0,sil
18.52607679367065,-5,0,-9,-6,-17,-7,-8,-8,-11,-4,-4,-4,0,-13,sil
18.52607679367065,-8,7,-5,-5,-7,0,-3,0,0,4,6,0,10,0,sil
18.5419602394104,-11,0,-6,-10,0,-3,-6,4,0,0,17,3,19,1,sil
18.5419602394104,-7,-11,-11,-19,0,-12,-14,4,-1,-10,1,-8,-1,-14,sil
18.55747938156128,-10,-5,0,-11,0,-1,-9,5,-3,-12,-19,-17,-23,-18,sil
18.55747938156128,-25,-11,-10,-9,-2,9,0,-3,-7,-18,-26,-27,-25,-17,sil
18.57351851463318,-23,-15,-15,-18,0,10,7,-2,-3,-15,-16,-29,-18,-16,sil
18.57351851463318,-4,-2,-9,-6,5,15,10,5,2,2,-2,-18,-7,-3,sil
18.58899426460266,1,-3,-6,3,4,13,9,1,-2,5,0,-13,-2,2,sil
18.58899426460266,0,-11,6,0,1,12,9,-2,0,3,0,-5,0,1,sil
18.6050033569336,4,0,7,0,8,13,11,0,12,11,5,3,9,11,sil
18.6050033569336,11,14,11,16,13,6,5,7,5,1,3,9,6,20,sil
18.620556592941284,17,20,13,31,11,2,8,5,0,-5,8,16,4,15,sil
18.620556592941284,18,16,10,33,9,1,15,-3,7,10,17,18,5,9,sil
18.635575771331787,6,7,15,21,7,-1,3,-7,1,9,2,6,-7,4,sil
18.635575771331787,-5,-1,0,8,0,-4,-7,-5,-7,-3,-9,-3,-16,-6,sil
18.650702953338623,0,0,3,3,0,-1,1,1,1,5,3,7,-3,-1,sil
18.650702953338623,13,5,8,10,9,5,17,6,13,28,17,18,12,13,sil
18.66712594032288,12,0,-4,8,9,6,11,7,13,31,13,6,13,17,sil
18.66712594032288,3,-4,-5,-11,-6,0,-2,2,15,17,8,-1,6,11,sil
18.68265271186829,-1,-3,-11,-18,-10,-8,-3,-5,19,11,7,2,9,5,sil
18.68265271186829,-2,-11,-13,-23,-7,-10,-3,0,16,10,1,5,18,5,sil
18.69777035713196,-3,-17,-7,-35,-17,-13,-5,6,10,1,-1,3,17,4,sil
18.69777035713196,-3,-9,-4,-33,-26,-20,-11,-2,0,-21,-5,1,5,-6,sil
18.71335196495056,-6,3,6,-19,-19,-18,-26,-9,-21,-39,-20,4,-14,-20,sil
18.71335196495056,-10,0,0,-13,-10,-17,-33,-10,-31,-41,-31,0,-23,-25,sil
18.729017972946167,-5,-6,0,-16,-8,-20,-26,-8,-24,-34,-25,-7,-10,-20,sil
18.729017972946167,0,8,16,-7,0,-2,-11,-2,-19,-21,-5,-2,0,-14,sil
18.744909048080444,-2,21,13,15,15,16,3,1,-13,-3,6,3,-2,-7,sil
18.744909048080444,0,14,7,25,15,12,10,2,-5,2,0,0,0,1,sil
18.75991177558899,7,1,-1,21,9,6,6,2,0,4,-7,-7,3,4,sil
18.75991177558899,8,2,2,28,10,11,9,6,5,14,-2,-1,0,7,sil
18.775607109069824,6,11,8,36,17,17,13,7,3,12,2,5,-4,7,sil
18.775607109069824,5,8,-4,30,18,9,8,1,-7,-2,3,-3,-9,0,sil
18.790839433670044,0,3,-1,22,7,3,6,0,-13,-8,1,-8,-9,0,sil
18.790839433670044,-5,0,-6,12,1,8,19,0,-1,10,0,-10,-2,1,sil
18.80682945251465,-6,-9,-16,-7,6,11,23,2,11,19,-2,-14,-4,0,sil
18.80682945251465,-7,-18,-9,-23,0,6,12,4,15,8,-2,-14,-4,0,sil
18.822033166885376,-15,-20,-14,-19,-17,0,6,2,16,5,4,-16,0,1,sil
18.822033166885376,-18,-19,-12,-15,-16,0,0,0,11,9,9,-16,-1,0,sil
18.83797550201416,-9,-14,-12,-17,-7,0,-9,0,7,8,9,-6,2,3,sil
18.83797550201416,3,-6,-4,-21,-8,-4,-17,1,0,2,23,10,13,13,sil
18.85276818275452,13,6,16,-6,-3,0,-12,0,-5,-1,43,21,15,19,sil
18.85276818275452,13,7,7,10,0,0,-7,-11,-4,-4,37,11,6,1,sil
18.867985725402832,-1,-1,-2,-5,-5,-6,-10,-7,-2,-9,8,-6,-8,-21,sil
18.867985725402832,-14,-1,-4,-22,-6,-6,-11,2,0,-13,-5,-9,-12,-21,sil
18.88409924507141,-3,1,0,-7,-2,-10,-6,-2,1,-12,-9,6,0,-10,sil
18.88409924507141,9,1,12,3,-1,-9,-3,-5,-2,-3,-19,19,2,-3,sil
18.900580167770386,4,2,8,-1,0,-5,-3,0,-7,7,-20,14,6,3,sil
18.900580167770386,0,8,10,-4,0,-7,-4,3,-8,12,-14,10,10,8,sil
18.91502261161804,0,7,3,0,0,0,0,3,0,11,-13,6,4,5,sil
18.91502261161804,4,5,-5,9,13,10,16,9,16,12,-10,0,1,3,sil
18.93015217781067,11,13,12,17,18,8,24,11,18,6,-5,4,3,8,sil
18.94572353363037,14,14,14,21,9,0,15,0,7,-3,-7,7,0,10,sil
18.94672417640686,8,7,11,14,2,1,8,-2,4,-12,-12,9,1,10,sil
18.960693359375,4,4,4,2,0,7,8,1,4,-8,-5,12,5,7,sil
18.960693359375,10,0,-2,5,-2,3,-1,0,-5,0,1,8,-3,3,sil
18.97681260108948,10,1,8,16,0,-5,-17,-1,-13,0,0,5,-8,0,sil
18.97681260108948,-4,1,-4,15,0,-9,-12,0,-3,1,7,-6,1,0,sil
18.99205756187439,-11,-7,-10,0,0,-1,-5,-3,1,10,21,-18,8,-1,sil
18.99205756187439,-7,-11,0,-8,2,8,-5,-1,0,5,11,-12,1,-7,sil
19.00776505470276,-4,-4,-6,-2,5,3,1,1,-4,-8,-7,-7,-5,-8,sil
19.00776505470276,0,0,-1,3,3,0,10,0,-6,-10,-4,-8,-6,0,sil
19.022875547409058,0,-6,-5,-3,-2,1,6,-7,-6,-5,0,-11,-7,-5,sil
19.022875547409058,-8,-15,-13,-26,-8,-4,-3,-6,-7,-9,-6,-14,-8,-13,sil
19.038735151290894,-14,-12,-12,-25,-11,-8,-6,2,-4,-10,-11,-20,-12,-13,sil
19.038735151290894,-13,-10,-20,-6,-13,-8,-11,0,-5,-9,-12,-25,-17,-18,sil
19.05485987663269,-12,-5,-9,-8,-7,-7,-15,-2,-11,-8,-8,-14,-5,-11,sil
19.05485987663269,-6,0,-1,-12,2,2,0,0,-2,4,13,4,14,8,sil
19.07088017463684,5,1,5,-2,0,10,16,1,10,13,21,19,13,19,sil
19.07088017463684,7,-1,10,-6,-2,8,15,0,5,1,2,16,2,12,sil
19.08697295188904,-6,-4,0,-16,1,4,3,-3,-1,-5,-11,1,-4,0,sil
19.08697295188904,-12,0,1,-5,-6,1,-13,-3,-4,-6,-14,-4,-20,-10,sil
19.10286235809326,-3,6,-1,10,-12,-5,-16,0,-2,-1,-5,0,-14,-12,sil
19.10286235809326,3,5,0,14,2,-5,-4,5,6,6,11,5,9,-3,sil
19.118016481399536,6,9,17,21,14,8,1,7,12,18,22,17,16,6,sil
19.118016481399536,13,11,17,30,11,10,4,2,11,22,22,26,11,14,sil
19.133532762527462,10,0,11,17,4,-1,8,0,4,6,7,19,9,14,sil
19.133532762527462,-2,-6,-4,0,2,-2,4,0,1,0,-5,-2,2,0,sil
19.148706436157227,-2,1,-9,0,3,6,0,3,1,8,-4,-8,0,-5,sil
19.148706436157227,9,10,5,4,5,7,3,4,0,4,2,3,6,5,sil
19.16543316841125,10,6,-1,2,4,-1,5,-2,0,-5,8,6,7,15,sil
19.16543316841125,6,4,1,0,2,-4,0,0,7,4,10,5,3,13,sil
19.18315839767456,7,6,-1,1,2,0,2,3,14,12,3,0,5,3,sil
19.18315839767456,9,4,-10,1,2,0,5,1,8,-1,-4,-10,8,-3,sil
19.18315839767456,6,2,4,-3,-1,-7,1,0,-4,-16,-9,-11,3,0,sil
19.19678235054016,-2,-3,0,-10,-6,-10,-1,-3,-12,-14,-11,-10,-2,0,sil
19.21288061141968,-3,-9,-4,-15,-10,-10,0,-1,-17,-10,-11,-8,-8,-7,sil
19.21288061141968,-1,-4,2,-11,-11,-9,-1,0,-14,-10,-7,-2,-6,-6,sil
19.22800993919373,-1,0,1,-7,-12,-9,0,0,-2,-3,-5,4,0,0,sil
19.22800993919373,0,-1,7,-6,-10,0,7,-1,2,3,-3,12,1,4,sil
19.2435564994812,0,-8,7,-2,-2,5,5,-3,4,0,0,6,-2,-1,sil
19.2435564994812,-6,-8,7,-4,0,0,-3,-4,-2,-8,-6,-3,-10,-9,sil
19.25956606864929,-9,-10,-2,-9,0,2,-7,-6,-7,-5,-8,-6,-15,-11,sil
19.25956606864929,-16,-11,-12,-1,3,6,-7,-5,3,3,-1,-7,-7,-9,sil
19.275442838668823,-18,-1,-4,6,7,5,-7,4,17,3,3,0,0,-4,sil
19.275442838668823,-1,6,-8,10,11,5,0,3,12,4,8,0,0,0,sil
19.29135060310364,7,6,-5,8,13,8,2,0,0,5,8,-6,-4,2,sil
19.29135060310364,0,3,0,8,10,8,-2,0,-5,3,9,-3,2,1,sil
19.306655406951904,2,6,-5,14,8,0,-8,-6,-15,-7,4,1,1,-1,sil
19.306655406951904,9,10,6,14,10,-3,-8,-8,-22,-21,-10,1,-14,-2,sil
19.32258129119873,4,3,1,0,3,2,1,3,-5,-3,-11,0,-11,-1,sil
19.32258129119873,-6,-9,-8,-12,-7,0,6,9,11,22,5,0,4,0,sil
19.33766198158264,-14,-6,0,-7,-9,-3,-2,6,6,13,6,-7,4,0,sil
19.33766198158264,-10,0,0,-3,-7,0,-9,1,0,-1,-10,-13,0,0,sil
19.353078603744507,0,-3,2,-11,-12,0,-4,1,0,1,-10,-3,0,4,sil
19.353078603744507,2,0,-1,-2,-7,0,1,1,5,3,7,6,4,6,sil
19.368717908859253,6,6,0,16,2,0,5,4,13,0,8,6,5,3,sil
19.368717908859253,14,8,6,12,0,0,8,2,10,0,-3,4,8,5,sil
19.383901834487915,16,4,3,0,-8,-11,9,-2,0,2,3,8,11,7,sil
19.383901834487915,11,2,15,0,-6,-7,4,0,0,7,25,19,14,11,sil
19.39936709403992,3,4,3,7,5,3,7,0,7,11,17,13,12,7,sil
19.39936709403992,-1,1,-14,0,5,0,10,0,-2,1,-13,-4,2,-4,sil
19.41503930091858,-2,-9,-3,-19,-6,-4,1,-4,-16,-9,-7,-1,1,-9,sil
19.41503930091858,-1,-16,0,-21,-9,0,-4,-12,-7,-4,15,7,8,0,sil
19.430561304092407,-3,-11,0,-12,-2,2,-1,-3,0,-4,-3,-2,-4,3,sil
19.430561304092407,-6,0,-6,-3,2,0,-1,0,-12,-16,-30,-16,-24,-8,sil
19.44593334197998,-2,7,-3,0,1,-6,-8,-3,-16,-21,-22,-12,-23,-16,sil
19.44593334197998,4,9,14,3,0,-4,-5,5,0,1,7,8,0,-1,sil
19.46153998374939,7,5,8,6,0,4,5,10,15,24,32,13,20,17,sil
19.46153998374939,0,0,2,4,2,4,3,0,13,9,13,-3,2,10,sil
19.47669816017151,-10,-5,-4,-6,5,4,0,-1,7,-8,-18,-18,-18,-11,sil
19.47669816017151,-6,-5,-10,-5,9,12,4,1,12,3,-3,-6,-1,-7,sil
19.49200749397278,9,4,5,16,14,18,10,5,18,13,9,7,10,9,sil
19.49200749397278,0,2,-1,17,13,5,4,0,9,3,-14,-2,-2,0,sil
19.50798869132996,-17,-6,-3,-2,2,-10,-8,-5,-5,-3,-12,-6,-5,-6,sil
19.50798869132996,-6,2,4,7,0,-3,-10,-1,-8,0,10,1,0,0,sil
19.523500680923465,5,12,0,19,3,4,-3,1,-5,-1,-6,-4,-6,-4,sil
19.523500680923465,-3,8,-2,-2,0,-3,-8,-1,-14,-9,-20,-8,-14,-12,sil
19.538684368133545,-5,3,-6,-6,-8,-13,-17,-5,-20,-16,3,0,-5,-7,sil
19.538684368133545,3,0,1,0,-8,-12,-17,-3,-21,-16,7,1,1,-7,sil
19.554200887680054,0,-7,-4,-16,-4,-3,-6,0,-11,-10,-8,-2,0,-10,sil
19.554200887680054,-7,-9,-14,-18,-2,0,2,1,5,-6,-5,-5,-4,0,sil
19.57004761695861,0,3,5,8,0,0,3,1,7,0,3,2,0,10,sil
19.57004761695861,13,9,10,17,0,0,5,0,4,17,12,18,15,12,sil
19.5855679512024,23,1,11,0,-5,0,6,4,9,21,18,27,22,19,sil
19.5855679512024,19,-1,13,-2,-5,4,10,7,12,12,18,23,15,24,sil
19.600743532180783,1,-7,-1,-1,0,1,16,1,9,12,16,9,7,8,sil
19.600743532180783,-5,-15,0,-9,0,1,12,-1,9,8,9,-2,0,-6,sil
19.6167414188385,0,-5,1,-2,0,4,3,-5,5,-4,0,-10,-7,-8,sil
19.6167414188385,0,2,2,1,-6,-6,-8,-4,-5,-10,-7,-3,-10,-7,sil
21.398771047592163,-16,-5,-20,-21,-2,0,-4,-10,-12,-21,-25,-22,-17,-14,thankyou
21.398771047592163,2,0,-1,-13,-7,-7,-9,-5,0,-6,-11,-2,0,5,thankyou
21.412817001342773,16,3,11,2,0,0,-5,0,7,0,7,12,11,15,thankyou
21.412817001342773,12,2,13,10,2,1,-5,1,0,-1,17,11,13,15,thankyou
21.429737091064453,1,-8,8,-4,-7,-6,-9,4,1,-2,9,0,11,10,thankyou
21.429737091064453,2,-14,-7,-10,-6,-8,-4,7,10,3,0,-2,9,3,thankyou
21.444766521453857,9,0,0,4,2,-3,-6,6,8,11,6,8,7,0,thankyou
21.444766521453857,1,9,2,12,1,-1,-17,0,-1,11,14,10,3,-3,thankyou
21.460943698883057,-2,-1,2,1,-4,-3,-20,-5,-9,4,11,6,2,-2,thankyou
21.460943698883057,4,-3,10,0,-5,-4,-9,-4,-8,9,16,17,13,10,thankyou
21.47563934326172,0,5,-1,5,-3,-5,5,0,4,19,25,15,19,11,thankyou
21.49131226539612,-16,5,-3,0,-1,-2,0,0,8,13,6,-1,3,-5,thankyou
21.49131226539612,-13,3,0,7,5,4,-4,0,5,4,-6,-5,-7,-10,thankyou
21.508656978607178,4,8,5,18,15,11,11,1,6,8,4,2,-2,2,thankyou
21.508656978607178,4,7,8,9,16,9,17,0,-3,-1,-4,-4,-6,-2,thankyou
21.508656978607178,-5,0,-4,0,7,2,3,-8,-19,-31,-30,-18,-24,-17,thankyou
21.521711349487305,8,8,11,18,15,7,9,0,-12,-22,-13,-3,-17,0,thankyou
21.53806710243225,22,19,18,33,24,14,23,5,0,21,16,11,4,19,thankyou
21.53806710243225,2,1,-8,9,-4,-2,4,-2,-10,12,0,-3,-2,0,thankyou
21.55296206474304,-10,-11,-10,-18,-28,-16,-11,-1,-9,-21,-19,-13,-15,-8,thankyou
21.55296206474304,1,-10,-2,-21,-9,-10,-1,1,-1,-15,-5,-4,-4,4,thankyou
21.56908822059632,3,-14,-1,-21,0,-6,0,0,-9,-12,-7,0,-3,3,thankyou
21.56908822059632,-5,-16,-8,-25,-17,-7,-9,0,-7,-23,-16,-2,-9,-8,thankyou
21.58459782600403,-3,-8,-5,-20,-19,-4,-2,0,4,-7,0,1,4,-5,thankyou
21.58459782600403,0,0,6,-12,-1,0,2,2,2,7,8,5,11,1,thankyou
21.599874019622803,-4,0,-5,-5,7,0,-1,4,9,10,4,1,7,3,thankyou
21.599874019622803,-7,-2,-4,-1,0,0,0,6,20,17,7,0,10,3,thankyou
21.61592388153076,-2,0,4,-2,-1,4,7,1,13,26,7,2,8,0,thankyou
21.61592388153076,6,8,0,-3,2,4,5,-4,10,19,4,2,0,1,thankyou
21.631990909576416,3,6,0,-4,-3,3,-5,-3,13,1,8,4,3,4,thankyou
21.631990909576416,-6,-4,-7,5,0,4,-9,-4,5,-3,3,3,11,-2,thankyou
21.6476149559021,4,1,-1,14,15,7,-3,0,0,0,-3,4,7,-4,thankyou
21.6476149559021,14,11,10,12,12,11,1,4,2,-2,2,5,0,2,thankyou
21.66303420066833,0,-1,1,6,2,3,-1,0,-2,-16,5,-7,-4,0,thankyou
21.66303420066833,-7,-1,2,6,0,-3,-4,1,-5,-19,0,-6,-2,-2,thankyou
21.6781644821167,0,7,-4,10,-1,-8,-3,5,9,0,4,2,7,2,thankyou
21.6781644821167,-6,0,-5,1,-7,-13,-7,0,9,9,1,-2,0,0,thankyou
21.693841218948364,-4,0,11,0,-2,-5,-1,-5,-11,-1,-3,-1,-8,-4,thankyou
21.693841218948364,12,10,11,15,3,1,7,-7,-22,-3,4,11,2,1,thankyou
21.70955204963684,10,7,8,18,-1,1,3,-5,-26,1,4,8,0,4,thankyou
21.70955204963684,-4,0,-3,1,-5,0,-2,-2,-23,0,-8,-5,-8,0,thankyou
21.724733591079712,-6,-5,-8,-8,1,0,0,1,-11,-1,-19,-12,-10,-3,thankyou
21.724733591079712,-6,-8,-5,-10,5,5,-1,1,-2,-1,-12,-10,-15,-6,thankyou
21.740280389785767,-5,-4,-1,-3,0,7,-1,0,5,5,8,3,-4,0,thankyou
21.740280389785767,6,1,12,4,-1,4,4,0,3,1,7,12,11,4,thankyou
21.756903648376465,7,0,5,8,4,3,12,3,-2,-4,-13,-6,3,-3,thankyou
21.756903648376465,4,1,-2,8,4,-3,15,2,5,3,-7,-6,-2,0,thankyou
21.77198314666748,11,4,3,0,-3,-10,7,-3,14,5,16,15,7,11,thankyou
21.77198314666748,7,-4,-5,-12,-1,-5,-1,-1,6,0,13,6,2,0,thankyou
21.78761053085327,-7,-6,-5,-12,4,4,0,7,5,5,-4,-9,-8,-7,thankyou
21.78761053085327,-16,-1,-9,-3,0,3,4,3,16,10,-8,-9,-6,-4,thankyou
21.8035945892334,-8,-5,-12,-8,-7,-7,-2,-3,8,0,-2,-7,-5,-4,thankyou
21.8035945892334,0,-4,1,-10,-2,-12,-13,2,-9,-7,0,-1,-5,0,thankyou
21.818607091903687,-2,-1,-2,0,1,-3,-8,3,-6,-7,-5,-4,0,0,thankyou
21.818607091903687,-7,0,-3,0,-4,7,0,-1,6,-3,-12,-13,1,0,thankyou
21.83399200439453,-5,-1,-10,-3,-5,11,1,-1,10,6,-11,-13,1,-2,thankyou
21.83399200439453,-2,-9,-14,-12,-3,3,-10,-1,-1,6,-5,-8,0,-6,thankyou
21.84958577156067,3,-7,5,-18,-4,2,-10,-1,-9,-8,0,2,3,0,thankyou
21.84958577156067,8,5,6,-4,4,4,5,-1,-3,-9,11,13,12,8,thankyou
21.86570429801941,3,11,7,4,5,2,10,4,0,4,14,15,13,6,thankyou
21.86570429801941,0,7,12,2,-3,0,-1,5,-1,9,11,17,12,6,thankyou
21.88087654113769,10,10,16,13,7,0,0,2,11,7,16,25,18,20,thankyou
21.88087654113769,19,19,26,25,25,2,16,5,27,13,25,28,22,20,thankyou
21.89685368537903,5,11,4,12,14,-5,15,2,21,11,16,13,14,1,thankyou
21.89685368537903,-6,-2,-9,-3,-6,-13,-8,-1,-3,-6,-6,-2,-5,-8,thankyou
21.91193032264709,-6,-7,-7,0,-13,-8,-15,-5,-16,-14,-11,-8,-18,-10,sil
21.91193032264709,-8,-8,-16,2,-14,-6,-5,-9,-13,-14,-6,-13,-17,-16,sil
21.927668571472168,-11,-8,-9,-7,-11,-7,-11,-5,-17,-20,-11,-15,-18,-20,sil
21.927668571472168,-7,-7,-3,-11,-7,-1,-12,-4,-17,-7,-7,-11,-15,-18,sil
21.942670822143555,-3,-3,-2,-4,-6,3,0,-5,-9,3,-2,-7,-14,-7,sil
21.942670822143555,-4,1,1,4,2,3,-1,-1,-9,-7,-10,-9,-17,1,sil
21.95811176300049,0,0,2,4,9,0,-13,1,-18,-14,-12,-7,-10,0,sil
21.95811176300049,10,4,10,0,2,3,-3,2,-12,0,0,4,3,9,sil
21.973753213882446,13,14,5,11,1,7,7,0,0,2,3,3,7,13,sil
21.973753213882446,9,10,5,19,4,0,0,0,1,-2,-4,-1,0,0,sil
21.98891305923462,9,4,6,6,4,-1,2,3,6,7,0,5,7,-1,sil
21.98991322517395,8,9,-4,3,8,2,20,1,14,24,15,8,18,10,sil
22.00494337081909,0,6,2,5,2,2,18,2,1,13,10,0,4,4,sil
22.00494337081909,-6,-9,-2,-6,-7,0,1,0,0,1,-2,-5,-5,-9,sil
22.0209698677063,-2,-16,-10,-14,-2,1,-7,1,16,4,-6,-3,1,-4,sil
22.0209698677063,-7,-11,-4,-8,0,0,-9,1,14,2,-8,-4,0,0,sil
22.03702187538147,-18,-11,-10,-5,-6,0,-1,1,5,1,-7,-11,-7,-2,sil
22.03702187538147,-16,-7,-4,-5,-1,11,11,3,11,8,-5,-8,0,2,sil
22.05258655548096,-10,-1,-8,0,8,13,18,0,12,15,-9,-5,3,7,sil
22.05258655548096,-6,-5,-10,1,5,7,16,-3,0,12,-8,-6,0,3,sil
22.06864905357361,-1,-4,4,-2,-1,11,16,0,-2,2,1,1,0,3,sil
22.06864905357361,6,0,2,-2,0,9,15,3,12,-1,8,8,8,6,sil
22.084662437438965,18,0,4,0,6,0,9,1,18,6,10,12,12,12,sil
22.084662437438965,11,-1,1,0,2,-2,2,0,10,8,9,14,9,10,sil
22.10827708244324,-3,-6,-3,-10,-5,-10,-8,1,-1,-10,1,10,4,-1,sil
22.10827708244324,2,-2,5,-17,-11,-22,-19,3,-4,-22,-1,8,4,-4,sil
22.10827708244324,11,7,2,-8,-8,-18,-19,0,-5,-11,2,10,7,-1,sil
22.115882396698,6,14,8,-3,-2,-16,-19,-2,-12,-10,6,11,1,-5,sil
22.13160896301269,4,16,15,0,-4,-21,-22,-5,-16,-23,10,7,-4,-11,sil
22.13160896301269,5,14,5,7,-7,-18,-22,-4,-17,-22,11,2,-5,-9,sil
22.1466543674469,8,18,6,10,5,-3,-19,1,-21,-8,10,7,-2,0,sil
22.1466543674469,14,19,8,14,15,4,-15,-1,-14,-2,12,6,0,5,sil
22.16297125816345,6,7,9,15,4,1,-10,-3,-8,-8,3,-5,-9,-2,sil
22.16297125816345,-13,-7,-4,3,-1,0,-3,1,-10,-7,-10,-22,-19,-15,sil
22.17754888534546,-17,-8,-13,0,0,2,4,0,-3,4,-12,-25,-12,-12,sil
22.17754888534546,-13,-5,-4,2,-7,12,10,-7,0,4,-8,-15,-5,-5,sil
22.19307589530945,-21,-16,-15,-1,-7,12,12,-4,-5,0,-7,-18,-10,-11,sil
22.20904946327209,-18,-18,-11,-9,-2,4,5,5,-5,-1,-10,-18,-5,-11,sil
22.20904946327209,-7,-9,-1,-5,1,10,5,2,6,9,-10,-4,2,-1,sil
22.20904946327209,-1,-3,-4,4,9,19,20,-3,16,18,-2,2,5,3,sil
22.223703622818,8,7,7,15,10,11,21,0,10,7,0,9,5,11,sil
22.223703622818,12,7,1,10,0,-3,3,4,0,-1,-5,12,5,12,sil
22.239001035690308,4,-4,-2,-9,-6,-1,0,5,4,6,-8,8,4,7,sil
22.25476098060608,0,-7,8,-12,0,10,10,6,19,19,-4,5,10,12,sil
22.25476098060608,-4,-6,1,-5,2,6,10,1,18,16,-3,2,8,14,sil
22.27053451538086,-3,-4,-4,-8,-2,0,10,0,11,14,-3,0,0,4,sil
22.27053451538086,5,0,-7,0,0,8,21,0,18,27,6,0,4,3,sil
22.27053451538086,8,-1,4,12,8,11,21,0,22,34,8,1,6,13,sil
22.285672426223755,12,7,14,16,12,9,14,1,14,16,7,4,4,14,sil
22.30125641822815,24,24,10,24,10,-4,2,-1,-1,-11,21,14,11,9,sil
22.30125641822815,18,19,13,20,3,-22,-16,-1,-19,-25,22,17,4,6,sil
22.31588649749756,3,1,0,1,-2,-15,-19,-1,-15,-19,1,0,-7,-1,sil
22.31588649749756,0,-5,-7,-9,-4,-6,-11,0,0,-10,-8,-5,-8,-5,sil
22.33103656768799,-5,-8,-2,-9,-7,-13,-23,0,-7,-15,-4,-2,-9,-8,sil
22.33103656768799,-17,-13,-20,-13,-10,-16,-32,-3,-24,-28,-6,-16,-12,-23,sil
22.34701371192932,-24,-12,-17,-30,-15,-9,-22,-4,-29,-31,-16,-19,-11,-31,sil
22.34701371192932,-18,-8,-10,-36,-12,-10,-9,0,-13,-15,-8,-4,-3,-17,sil
22.362598657608032,0,0,-6,-11,-3,-13,-6,3,-1,-3,5,1,11,3,sil
22.362598657608032,0,3,2,1,-3,-6,-11,-1,1,1,3,-2,7,2,sil
22.3779559135437,-12,-5,-3,-14,-3,0,-8,-7,8,7,1,-1,-6,-9,sil
22.3779559135437,-2,0,11,-8,3,9,6,2,17,8,17,13,6,1,sil
22.393606662750244,10,16,19,22,12,16,13,9,18,10,21,14,19,13,sil
22.393606662750244,-3,3,1,11,3,7,2,0,3,3,0,-5,-7,-2,sil
22.40874052047729,-12,-11,-4,-13,-9,0,-2,-3,-15,-11,-13,-10,-26,-14,sil
22.40874052047729,3,2,0,0,0,3,4,-2,-20,-12,-7,1,-9,-5,sil
22.424745559692383,15,20,18,20,11,4,5,-4,-13,-2,-5,10,0,6,sil
22.424745559692383,14,20,17,15,8,5,1,-2,-5,4,-5,5,2,11,sil
22.44082617759705,17,11,3,10,3,7,3,1,0,6,-3,-1,0,9,sil
22.44082617759705,17,1,6,10,1,12,8,3,0,1,0,0,-4,4,sil
22.45681214332581,1,-4,-1,5,-2,11,7,0,0,2,3,3,5,0,sil
22.45681214332581,-9,-4,-3,0,0,3,8,4,5,8,0,-2,12,0,sil
22.472112894058228,-1,-2,-2,-2,4,-7,12,1,6,5,0,-6,0,5,sil
22.472112894058228,2,-4,-7,-1,-4,-17,11,-2,7,9,3,-4,-2,5,sil
22.48783826828003,0,-1,-1,3,-2,-2,12,3,14,22,0,-1,10,5,sil
22.48783826828003,2,2,-4,14,17,12,15,4,19,25,4,3,16,12,sil
22.502999782562256,0,0,0,13,11,1,1,0,6,8,8,5,7,10,sil
22.502999782562256,-18,-12,-4,0,-3,-8,-9,-1,-4,-1,-1,-5,-4,-9,sil
22.51892328262329,-25,-12,-15,-3,5,2,0,-1,0,-3,-13,-16,-7,-19,sil
22.51892328262329,-5,-3,-4,1,11,13,11,-1,8,-4,-11,-7,-3,-1,sil
22.534504413604736,-1,-11,-9,0,-3,8,8,-1,9,-3,-9,-9,-1,1,sil
22.534504413604736,-11,-23,-11,-17,-13,-3,-7,0,8,-9,-12,-14,0,-4,sil
22.54987931251526,-5,-12,2,-19,-11,-7,-21,1,5,-18,0,5,5,4,sil
22.54987931251526,6,1,0,-4,-9,-2,-13,1,-1,-15,19,29,8,12,sil
22.56504273414612,8,7,4,-2,-8,0,-5,4,-7,0,18,27,4,4,sil
22.56504273414612,10,10,5,-3,-2,-2,-9,0,-6,7,13,9,-1,-2,sil
22.58114957809448,21,16,13,2,-1,-12,-17,-7,-11,-2,9,9,-9,0,sil
22.58114957809448,19,20,19,3,-3,-13,-18,-3,-19,-15,2,17,-9,0,sil
22.59668803215027,3,14,5,-1,0,-11,-15,-2,-14,-13,-1,1,-5,-9,sil
22.59668803215027,0,6,4,-4,-1,-9,-14,0,-8,-6,-6,-14,-9,-12,sil
22.6118323802948,0,6,0,-2,-5,-1,-8,-1,-7,0,-6,-13,-8,-9,sil
22.6118323802948,-4,3,-1,5,0,3,5,0,-6,2,0,-9,-4,-7,sil
22.62786293029785,-12,-3,0,9,14,5,14,5,-6,3,-3,-15,-4,-7,sil
22.62786293029785,-16,-10,-14,-4,12,6,14,4,-1,10,-13,-23,-1,-2,sil
22.64303612709045,-16,-12,-10,-21,-3,13,16,-1,12,11,-15,-15,1,7,sil
22.64303612709045,-8,-11,-8,-13,-2,14,23,-1,23,10,-14,-10,2,8,sil
22.65828037261963,-2,-13,-12,-6,1,4,24,1,13,5,-21,-17,-1,0,sil
22.65828037261963,-4,-13,-5,-22,-9,-1,10,-1,1,-4,-20,-10,-4,-1,sil
22.67399764060974,3,0,0,-18,-12,-5,-6,0,3,-3,2,11,8,8,sil
22.67399764060974,16,15,13,4,0,-11,-18,5,6,1,24,23,22,9,sil
22.689597845077515,12,12,8,8,0,-15,-17,0,0,-1,24,19,19,0,sil
22.689597845077515,6,4,0,0,-3,-14,-11,-2,-8,-7,21,19,9,0,sil
22.70599150657653,4,11,9,13,4,-2,-7,1,-12,-12,23,17,4,0,sil
22.721662044525143,0,15,3,32,10,7,-1,-2,-16,-21,9,0,0,-10,sil
22.721662044525143,2,9,5,27,13,10,3,-4,-24,-19,-4,-1,-9,-14,sil
22.721662044525143,0,2,8,20,21,17,7,1,-14,0,2,2,-10,-7,sil
22.737952947616577,-8,-1,0,29,21,23,8,3,12,25,12,0,-2,1,sil
22.737952947616577,-2,0,7,38,15,19,14,7,29,39,15,5,4,12,sil
22.752042770385746,1,0,0,26,6,9,17,5,26,30,13,9,8,15,sil
22.767674922943115,0,-9,0,4,-13,0,8,0,14,8,-3,2,0,17,sil
22.767674922943115,11,-17,1,-3,-24,-6,0,-3,5,0,-21,-1,-6,18,sil
22.782719135284424,15,-18,-6,-16,-18,-11,-1,-6,1,-1,-21,-7,-5,8,sil
22.782719135284424,0,-12,-7,-41,-18,-11,0,-2,1,-9,-19,-7,-8,-1,sil
22.79984211921692,-15,-8,-16,-35,-16,-12,-4,0,-1,-9,-25,-6,-12,-4,sil
22.80084633827209,-16,-4,-8,-8,0,-9,-7,-1,-11,-5,-22,-6,-11,-5,sil
22.80084633827209,-8,-2,3,4,13,0,1,-1,1,0,2,0,5,-2,sil
22.815333127975464,1,-2,-5,0,4,-1,10,1,17,3,18,5,19,1,sil
22.82997250556945,9,2,2,-9,-14,-5,-2,0,5,-3,4,0,9,1,sil
22.82997250556945,15,9,3,-17,-12,-3,-15,-3,-7,-13,-2,-4,0,0,sil
22.84557580947876,15,2,1,-24,-5,-11,-18,-3,-11,-17,2,1,3,0,sil
22.84557580947876,0,-5,-7,-30,-11,-19,-22,-2,-14,-9,0,3,6,-2,sil
22.861623525619507,-14,-1,-20,-26,-2,-6,-20,0,-6,4,0,-4,0,-8,sil
22.861623525619507,-12,10,-2,-6,19,13,-9,6,1,2,9,-5,-3,-10,sil
22.876707077026367,-3,17,6,11,21,12,0,4,-1,-6,14,-8,-2,-12,sil
22.876707077026367,1,15,0,5,10,-1,0,0,-6,-13,0,-15,-9,-19,sil
22.89185476303101,-1,8,-1,-11,1,0,-1,-1,-16,-20,-17,-16,-16,-21,sil
22.89185476303101,-3,2,1,-11,-5,5,2,-3,-18,-16,-12,-6,-9,-7,sil
22.907861471176147,5,8,18,7,2,3,12,0,-11,-5,4,10,-6,7,sil
22.907861471176147,3,10,14,29,18,2,15,0,-10,0,8,7,-11,0,sil
22.92384624481201,-11,0,5,28,15,8,11,0,-11,10,3,0,0,-5,sil
22.92384624481201,-21,-4,0,16,5,20,10,4,-1,26,4,4,12,0,sil
22.93900275230408,-25,-6,-16,20,3,19,11,5,12,30,3,-7,3,-3,sil
22.93900275230408,-16,-12,-1,26,-3,7,12,2,23,22,0,-15,-1,-2,sil
22.954638481140137,8,-2,13,27,-6,7,20,4,34,22,3,8,10,17,sil
22.954638481140137,25,3,8,24,-5,5,18,6,32,15,0,29,10,33,sil
22.96959376335144,24,-7,10,13,-12,-8,1,2,20,1,-8,20,1,27,sil
22.96959376335144,15,-17,1,0,-17,-17,-6,-5,5,-7,-13,1,0,13,sil
22.984724521636963,2,-8,-3,-6,-10,-15,-11,-7,-6,-12,-16,-3,-5,4,sil
22.984724521636963,-9,-4,-17,-12,-1,-11,-9,-5,0,-7,-11,-6,-2,-2,sil
23.00019097328186,-9,-14,-24,-20,0,-14,-1,-3,8,0,0,-11,6,-11,sil
23.00019097328186,-1,-10,-10,-24,-1,-10,-2,0,4,-1,12,-5,4,-6,sil
23.015933752059937,4,0,-8,-21,0,-3,-8,2,5,3,21,4,10,7,sil
23.015933752059937,16,7,4,-17,-3,-1,-11,0,4,8,23,15,22,16,sil
23.03180766105652,34,12,20,-8,-4,0,-8,-3,-8,-7,24,23,13,17,sil
23.03180766105652,37,13,23,2,3,0,-2,-3,-21,-21,15,28,0,10,sil
23.04772925376892,14,14,23,0,5,0,-5,3,-26,-13,-7,16,-1,-2,sil
23.04772925376892,-1,10,5,-5,3,-1,-12,2,-16,3,-9,-3,2,-11,sil
23.062769412994385,-7,6,-2,-4,4,-5,-13,-2,-6,6,10,-9,3,-15,sil
23.062769412994385,-33,0,-16,-11,3,-2,-13,-4,-13,-8,2,-18,-6,-28,sil
23.08093881607056,-38,-1,-23,-17,5,6,-5,0,-17,-13,-13,-19,-9,-18,sil
23.08093881607056,0,5,12,-3,5,10,8,6,-1,1,4,8,4,13,sil
23.094337701797485,8,1,12,7,-4,1,4,0,0,-4,6,12,0,7,sil
23.094337701797485,-7,-4,-8,13,2,2,0,-5,-14,-31,-21,-12,-27,-22,sil
23.110270500183105,-3,6,-7,21,20,14,16,-1,-5,-15,-24,-16,-26,-21,sil
23.110270500183105,-10,0,-10,11,6,12,24,3,8,22,-11,-12,-8,-12,sil
23.12579655647278,-34,-17,-15,-7,-10,5,7,2,0,16,-18,-17,-13,-20,sil
23.12579655647278,-30,-12,-20,2,0,11,7,-1,-1,0,-21,-21,-21,-19,sil
23.140580892562863,-11,-4,-9,11,0,7,13,0,12,8,-16,-13,-15,0,sil
23.140580892562863,-6,-7,-3,1,-11,-5,0,4,11,12,-11,-3,-4,12,sil
23.15710520744324,4,-2,-3,2,-3,-6,-10,-1,2,-4,-2,3,2,15,sil
23.15710520744324,25,7,20,17,4,5,4,0,15,-3,2,15,8,22,sil
23.17303824424744,22,3,21,16,2,3,16,1,30,18,6,6,9,18,sil
23.17303824424744,4,-1,6,-3,-1,-6,8,1,24,21,0,-13,5,3,sil
23.18856406211853,3,-1,0,-14,-3,-5,2,0,11,7,-3,-15,9,2,sil
23.18856406211853,2,-9,-11,-18,-4,-9,-3,-1,3,0,4,-17,17,7,sil
23.204588890075684,0,-11,-3,-20,-8,-13,-10,0,2,1,16,-17,20,9,sil
23.204588890075684,14,3,8,-7,-6,-4,0,2,15,11,27,12,28,18,sil
23.220664978027344,26,12,15,3,-1,1,7,1,14,13,40,43,31,27,sil
23.220664978027344,19,9,17,0,-1,-4,-7,-2,-3,-1,45,47,22,17,sil
23.236706972122192,14,11,8,6,0,-14,-19,-2,-10,-10,35,38,14,4,sil
23.236706972122192,14,13,11,9,3,-15,-24,0,-19,-16,14,28,2,-2,sil
23.252626180648804,0,2,2,-7,0,-14,-27,-5,-26,-17,0,11,-9,-16,sil
23.252626180648804,-12,-3,-7,-14,-3,-19,-24,-5,-22,-15,-5,0,-17,-27,sil
23.267348527908325,-10,6,0,2,2,-7,-14,0,-22,-17,-12,0,-27,-23,sil
23.267348527908325,-5,5,-5,15,13,16,1,1,-25,-18,-18,-6,-29,-12,sil
23.28298139572144,-3,-2,-2,10,14,29,18,4,-18,-13,-23,-11,-16,-3,sil
23.28298139572144,-3,0,4,11,7,27,24,8,-6,-3,-18,-9,-2,-2,sil
23.29904580116272,-6,-5,0,9,0,21,19,0,2,5,-21,-14,-6,-8,sil
23.29904580116272,-22,-18,-12,-6,-2,19,15,-3,2,6,-44,-32,-23,-15,sil
23.31455159187317,-32,-21,-24,-14,0,18,15,0,3,8,-45,-37,-25,-14,sil
23.31455159187317,-11,-8,-3,-7,-1,11,10,6,11,21,-7,-8,3,3,sil
23.330570459365845,9,0,-2,0,-10,-1,-2,0,13,23,18,8,29,15,sil
23.330570459365845,7,-1,-16,6,-6,-11,-8,-4,7,13,17,0,22,11,sil
23.34660840034485,0,2,-4,1,0,-14,0,3,16,11,16,3,14,16,sil
23.34660840034485,2,2,-6,-3,-3,-17,7,3,30,11,12,10,17,19,sil
23.361944913864136,2,-5,-9,-3,-5,-9,5,-3,17,-3,1,2,4,6,sil
23.361944913864136,-7,0,-3,-2,2,0,0,-4,1,-6,1,-6,-8,-7,sil
23.3770751953125,-9,9,1,2,4,-9,-6,-3,-1,1,8,-4,-4,-13,sil
23.3770751953125,3,11,18,10,-2,-16,-10,-5,-14,-18,3,0,-11,-14,sil
23.39225912094116,8,9,9,9,0,0,0,-3,-21,-29,0,-2,-14,-8,sil
23.39225912094116,8,10,7,2,7,9,8,5,0,0,9,4,1,9,sil
23.407654285430908,15,12,18,5,12,6,8,7,16,9,9,15,7,15,sil
23.408037662506104,7,2,8,-1,5,-1,0,1,4,-12,-5,4,-9,0,sil
23.42351484298706,-9,-6,2,-21,-7,-11,-16,-1,-15,-16,-10,-7,-17,-12,sil
23.42351484298706,-9,-5,2,-18,-6,-7,-21,-6,-18,-5,-10,-8,-10,-13,sil
23.43856382369995,1,-1,3,-2,1,1,-12,-6,-13,-6,-10,-5,-4,-7,sil
23.43856382369995,-4,-7,-5,-13,-7,0,-11,0,-12,-3,1,-4,0,-6,sil
23.453917264938354,-11,-15,-14,-21,-16,-4,-6,3,-5,7,7,-4,5,-3,sil
23.453917264938354,5,-5,11,1,0,0,6,6,13,18,0,7,13,18,sil
23.4690535068512,17,0,12,14,2,0,8,3,24,22,3,16,18,26,thankyou
23.4690535068512,7,0,0,3,-8,-5,0,0,8,10,9,14,16,7,thankyou
23.48462224006653,5,8,3,5,2,4,8,0,0,2,18,18,19,-2,thankyou
23.49981665611267,10,11,-3,19,20,14,12,1,9,12,25,12,24,0,thankyou
23.49981665611267,1,5,-4,16,16,13,4,2,15,14,12,0,12,0,thankyou
23.51589298248291,-4,2,0,11,9,14,6,3,10,3,-1,1,0,5,thankyou
23.51589298248291,0,-1,-1,6,-1,6,6,0,-3,-8,-2,4,-5,7,thankyou
23.53153824806213,0,-4,-2,-2,-13,-2,-3,-3,-14,-17,-6,-2,-8,0,thankyou
23.53153824806213,-2,-2,-8,-1,-1,2,-1,-3,0,-5,-5,-8,-5,0,thankyou
23.547610998153687,3,-5,1,0,7,8,9,0,17,11,-1,-5,1,7,thankyou
23.547610998153687,-2,-10,-8,-4,-5,-1,6,0,11,3,-8,-11,0,0,thankyou
23.564276695251465,-19,-11,-25,-17,-17,-15,-13,-3,-9,-15,-19,-17,-18,-18,thankyou
23.564276695251465,-23,-6,-11,-22,-7,-13,-22,-6,-25,-12,-20,-14,-31,-23,thankyou
23.57843041419983,-8,3,-3,3,4,-6,-6,-8,-30,-1,-10,-11,-23,-15,thankyou
23.57843041419983,10,20,10,31,2,0,1,-2,-22,-9,-1,0,-2,0,thankyou
23.593981742858887,11,18,11,21,-2,4,1,3,-6,-11,0,8,5,4,thankyou
23.593981742858887,-4,-3,0,-5,0,1,2,1,-2,-4,-7,-1,-6,-4,thankyou
23.60973834991455,-6,-6,4,-8,10,2,2,0,-4,-1,-9,-6,-13,-3,thankyou
23.60973834991455,6,3,7,2,12,-1,4,3,5,5,5,6,2,5,thankyou
23.624933004379272,6,3,9,0,0,-10,4,2,5,7,5,11,8,1,thankyou
23.624933004379272,-7,-4,-5,-11,-5,-5,0,0,-1,-2,-9,-8,-6,-6,thankyou
23.64102149009705,-10,-12,-11,-19,-1,-1,-2,1,9,-4,-12,-19,-8,-3,thankyou
23.64102149009705,-2,-6,5,-15,-4,-3,0,5,20,3,0,-1,3,0,thankyou
23.65662956237793,-4,1,-2,-1,-7,0,1,3,15,10,8,6,13,0,thankyou
23.65662956237793,-6,0,-8,1,-1,3,5,3,12,10,10,2,15,8,thankyou
23.67209815979004,0,0,0,0,2,3,5,1,14,14,14,9,16,8,thankyou
23.67209815979004,6,4,3,-2,0,2,-1,-1,6,15,19,15,12,3,thankyou
23.6876859664917,10,4,13,-8,-5,0,-13,-2,-6,-6,9,8,0,2,thankyou
23.6876859664917,10,-1,11,0,-4,-1,-9,-5,-12,-27,-2,1,-10,0,thankyou
23.70283317565918,11,1,10,15,2,1,7,0,-8,-20,3,8,-2,6,thankyou
23.70283317565918,9,3,4,4,7,0,11,3,-3,-5,17,13,10,15,thankyou
23.71888422966004,1,-5,-8,-5,0,-9,-1,-4,-2,-1,8,6,9,3,thankyou
23.71888422966004,0,-4,1,0,-7,-1,-2,-4,0,6,-2,0,1,-3,thankyou
23.73445224761963,7,5,2,-11,2,12,13,5,8,20,6,2,7,7,thankyou
23.73445224761963,17,11,5,-5,19,8,14,4,15,23,19,10,15,19,thankyou
23.7500913143158,10,16,8,37,22,8,2,-1,14,18,14,7,12,6,thankyou
23.7500913143158,-6,5,-11,37,8,11,-2,0,6,11,-1,-8,3,-12,thankyou
23.76580786705017,-13,-6,-10,-2,-4,3,-8,0,-10,-2,-12,-10,-5,-13,thankyou
23.76580786705017,-8,-4,-6,-4,-9,-6,-16,-11,-22,-17,-10,-5,-13,-9,thankyou
23.781012058258057,-9,-5,-9,-1,-11,-10,-15,-14,-21,-18,-18,-12,-18,-11,thankyou
23.781012058258057,-13,-9,-6,-9,-7,-9,-13,-1,-12,-9,-31,-24,-24,-14,thankyou
23.7967209815979,-9,-3,-8,2,-1,-12,-15,4,-3,-3,-22,-23,-20,-14,thankyou
23.7967209815979,-9,-3,-5,1,-9,-13,-12,3,-2,-4,-4,-4,-4,-6,thankyou
23.81194257736206,-13,-10,-5,-8,-11,-1,-3,1,1,0,0,1,5,0,thankyou
23.81194257736206,-3,2,6,2,3,8,2,1,4,5,-1,-3,1,2,thankyou
23.82751727104187,11,13,14,8,4,7,6,0,2,0,-5,1,-5,8,thankyou
23.82751727104187,12,1,1,0,-5,4,12,-1,0,-9,-12,4,-7,11,thankyou
23.843592166900635,8,0,5,-1,0,11,20,2,0,-5,-11,0,-6,5,thankyou
23.843592166900635,2,0,0,-4,4,7,23,8,9,6,-1,1,1,0,thankyou
23.85881805419922,-4,-12,-8,-12,-3,-3,14,6,13,-1,5,6,1,-1,thankyou
23.85881805419922,-2,-6,7,-14,-5,-3,6,3,1,-9,4,8,0,3,thankyou
23.87494206428528,4,6,1,-7,-1,0,6,1,-1,6,3,2,5,4,thankyou
23.87494206428528,2,4,-2,1,1,2,5,2,9,12,7,5,10,-1,thankyou
23.89055633544922,-2,6,-4,8,11,7,6,0,3,1,16,7,3,-3,thankyou
23.89055633544922,-3,3,-11,-1,12,0,1,-11,-9,0,4,-3,-1,-4,thankyou
23.90593934059143,-6,-4,-3,-11,6,-9,-11,-11,-11,-4,-6,-8,0,-10,thankyou
23.90593934059143,-5,-3,-1,-4,2,-14,-20,0,-5,-15,14,4,13,-11,thankyou
23.92111325263977,3,1,2,-3,-5,-15,-20,5,-2,-8,31,15,14,3,thankyou
23.92111325263977,2,-4,0,-17,-11,-5,-13,-1,0,1,10,0,0,7,thankyou
23.936723947525024,-5,-11,-6,-18,-4,1,-3,0,1,6,-1,-15,-3,-1,thankyou
23.936723947525024,0,-2,5,3,1,1,1,8,4,16,14,0,11,7,thankyou
23.952733278274536,16,13,10,26,10,2,2,0,6,17,14,12,18,20,thankyou
23.952733278274536,16,13,19,26,9,2,-4,-3,-6,-3,-4,0,-1,8,thankyou
23.968857049942017,4,-1,12,6,-7,-2,-9,-2,-12,-7,-4,0,-9,0,sil
23.968857049942017,4,1,-4,-1,-11,-6,-6,-4,0,5,0,6,0,7,sil
23.98395037651062,14,17,7,8,3,2,0,0,7,7,-12,2,-1,10,sil
23.98395037651062,6,2,6,10,2,10,7,5,13,16,-8,4,-2,3,sil
23.999586820602417,-4,-15,2,-4,-7,5,6,0,15,14,1,7,0,-1,sil
23.999586820602417,-2,-3,3,3,-2,1,2,-4,8,-13,-12,-1,-6,-9,sil
24.015654802322388,0,8,0,19,4,5,9,-2,5,-15,-18,0,-7,-3,sil
24.015654802322388,-3,0,1,7,0,14,16,2,1,6,-5,4,-1,6,sil
24.030835151672363,-13,-3,-16,1,0,13,5,-2,-12,-5,-15,-20,-14,-13,sil
24.030835151672363,-17,-1,-20,7,1,1,-5,-5,-17,-26,-25,-28,-25,-27,sil
24.04694247245789,-8,1,1,-1,2,1,1,7,3,-4,0,-1,-7,0,sil
24.04694247245789,-2,-8,-4,-17,1,-1,3,6,10,2,11,0,3,4,sil
24.06232762336731,-14,-17,-18,-25,-7,-12,-5,-6,-15,-21,-11,-20,-10,-18,sil
24.06232762336731,-16,-2,-19,-10,-3,-5,1,-7,-18,-9,-3,-15,-6,-16,sil
24.07796216011048,3,9,-1,4,12,5,17,6,7,22,20,6,18,11,sil
24.07796216011048,5,-5,3,-25,5,0,14,10,18,18,3,5,19,15,sil
24.09311318397522,-15,-19,-15,-51,-9,-11,1,1,10,13,-10,-11,1,0,sil
24.09311318397522,-16,-3,-6,-17,-4,-12,-12,-2,-2,9,5,-7,-1,-6,sil
24.11690306663513,-1,6,1,15,0,-12,-25,-2,-18,-14,12,0,0,-5,sil
24.11690306663513,5,5,3,11,-8,-11,-23,0,-22,-25,4,3,0,1,sil
24.11690306663513,13,10,21,18,-9,-4,-12,3,-8,-8,5,16,6,6,sil
24.12462258338928,24,14,27,30,0,-4,-11,0,-1,-3,5,24,9,0,sil
24.139933586120605,28,16,26,27,6,-3,-10,-2,-6,-5,6,23,5,2,sil
24.139933586120605,19,11,8,25,12,4,3,0,0,9,12,20,9,11,sil
24.155373096466064,12,0,0,13,9,9,12,1,12,11,9,16,9,8,sil
24.155373096466064,8,0,11,0,3,11,8,-1,8,1,3,9,0,1,sil
24.17114758491516,0,-2,-2,-4,3,9,8,0,2,8,9,0,1,3,sil
24.17114758491516,-3,-8,-7,-11,1,3,6,0,5,16,6,-3,8,7,sil
24.186710596084595,7,0,-1,-6,-3,4,6,-3,7,9,0,-1,0,4,sil
24.186710596084595,12,6,3,7,-3,8,11,-2,4,-2,1,-5,-10,0,sil
24.2034375667572,0,-4,-1,-1,0,4,5,7,1,-9,0,-7,-7,0,sil
24.21700406074524,-14,-12,-19,-16,0,0,-1,2,0,-3,-11,-13,-2,0,sil
24.21700406074524,-17,-7,-15,-13,-6,2,3,-1,7,4,-22,-20,-14,0,sil
24.236751317977905,-25,-6,-13,-16,-10,0,1,-1,9,0,-25,-25,-22,-5,sil
24.236751317977905,-28,-8,-18,-15,-5,-10,-11,-3,-1,-5,-18,-23,-13,-10,sil
24.236751317977905,-8,2,5,-2,5,-2,1,1,1,3,3,-1,0,0,sil
24.249801874160767,0,7,4,1,11,3,15,6,15,13,13,9,5,4,sil
24.26582932472229,-18,-6,-5,-6,-7,-11,-2,2,0,-2,-9,-4,-8,-9,sil
24.26582932472229,-16,-15,0,-5,-22,-10,-10,-3,-14,-15,-21,-15,-13,-16,sil
24.26582932472229,11,-1,3,2,-2,7,7,-2,0,-2,0,3,9,-2,sil
24.28014349937439,18,12,11,6,13,10,7,0,2,6,15,23,18,4,sil
24.29585218429565,-2,4,2,2,3,-3,-7,-4,-19,-7,-5,1,-2,-10,sil
24.29585218429565,-11,-4,-3,-6,0,-6,-13,-8,-33,-27,-33,-20,-17,-21,sil
24.311633586883545,1,1,4,4,9,2,-4,-3,-18,-17,-18,-3,-4,-4,sil
24.311633586883545,9,0,2,24,7,1,-1,4,1,6,15,10,8,7,sil
24.32859468460083,5,0,4,15,0,-1,-9,8,6,12,11,3,6,6,sil
24.32859468460083,12,10,2,6,8,4,-10,0,3,11,8,8,11,12,sil
24.34261155128479,32,18,11,16,12,4,-1,0,6,19,32,26,21,24,sil
24.34261155128479,27,14,13,15,3,-2,0,4,8,18,37,25,21,23,sil
24.358639240264893,10,2,0,0,0,-9,0,0,4,6,17,18,17,15,sil
24.358639240264893,17,-2,9,-5,0,-8,8,0,5,4,19,27,20,16,sil
24.374193906784058,23,-1,8,0,-4,-5,13,0,20,10,30,23,24,13,sil
24.374193906784058,2,2,-2,0,-7,-6,6,-3,23,1,11,1,5,0,sil
24.38958621025085,-8,3,-3,-10,-10,-7,-2,0,0,-16,-10,-10,-21,-16,sil
24.38958621025085,-10,-2,-11,-17,-9,-5,-7,2,-15,-20,-11,-13,-24,-18,sil
24.40471243858337,-24,-8,-8,-14,-6,0,-5,2,-14,-21,-18,-23,-18,-20,sil
24.40471243858337,-31,-8,-11,-3,-8,5,2,1,-10,-22,-25,-28,-21,-25,sil
24.42083048820496,-19,-2,-12,5,-6,4,8,0,-16,-18,-18,-17,-22,-14,sil
24.42083048820496,-14,0,-5,3,4,12,8,1,-16,-8,-20,-12,-18,-3,sil
24.437036275863647,-20,-7,-16,-4,3,18,7,1,2,5,-27,-21,-13,-7,sil
24.437036275863647,-17,-17,-12,-14,-6,10,0,-2,15,14,-18,-20,-8,-9,sil
24.4526047706604,-15,-16,-8,-12,1,3,0,-5,7,13,-11,-17,-7,-6,sil
24.4526047706604,-10,-7,-6,-4,10,7,7,-1,8,10,-9,-14,-3,1,sil
24.467808485031128,0,-1,7,0,3,10,10,3,16,19,0,0,9,15,sil
24.467808485031128,8,-5,4,1,1,2,2,0,4,27,3,3,15,14,sil
24.483901500701904,14,-5,5,-2,3,-5,-7,-5,-5,10,0,3,9,10,sil
24.483901500701904,17,0,7,-14,0,-4,-10,-2,9,-5,3,13,10,12,sil
24.4998881816864,17,7,6,-12,1,-2,-9,1,14,1,11,21,16,7,sil
24.4998881816864,25,17,21,7,11,-2,-7,2,-1,5,20,28,14,4,sil
24.514593362808228,29,22,22,19,11,-8,-1,0,-6,-1,32,35,12,12,sil
24.514593362808228,18,16,20,11,2,-16,-2,3,-8,-6,27,27,9,9,sil
24.530548334121704,5,8,5,5,-4,-20,-16,-2,-20,-12,12,8,0,-8,sil
24.530548334121704,4,11,-3,13,-5,-21,-26,-10,-25,-20,12,2,-6,-9,sil
24.54593181610108,13,24,20,24,0,-12,-13,-3,-13,-19,21,16,-2,4,sil
24.54593181610108,8,24,8,25,5,-2,4,1,0,-9,13,10,-1,-3,sil
24.56160140037537,-13,4,-11,15,0,7,6,1,-1,-3,-9,-12,-13,-18,sil
24.56160140037537,-27,-11,-14,10,1,23,10,0,-7,3,-18,-23,-15,-11,sil
24.57699155807495,-23,-18,-19,3,3,22,23,4,0,12,-14,-28,-7,-3,sil
24.57699155807495,-17,-20,-13,-9,-9,6,19,8,10,12,-25,-27,-7,0,sil
24.5925452709198,-18,-21,-14,-9,-14,3,6,0,8,7,-29,-16,-4,6,sil
24.5925452709198,-20,-23,-15,-12,-8,10,7,0,3,2,-19,-14,2,8,sil
24.608614921569824,-18,-22,-14,-24,-5,11,14,5,9,4,-18,-22,2,3,sil
24.608614921569824,-4,-17,-14,-25,-3,-2,6,0,11,3,-17,-10,2,3,sil
24.6238374710083,9,-8,1,-19,-6,-11,-4,-1,4,-5,-1,12,7,1,sil
24.6238374710083,9,-2,0,-22,-14,-3,1,1,5,-11,0,5,0,-11,sil
24.63947415351868,0,-2,-7,-24,-14,-2,5,0,6,-10,-9,-6,-9,-18,sil
24.63947415351868,0,1,3,-17,-5,-11,-4,0,1,-9,0,6,6,-5,sil
24.65541410446167,14,12,13,-2,6,-6,-6,-4,4,-1,18,21,26,10,sil
24.65541410446167,23,15,25,13,17,6,-2,-3,11,6,22,23,15,12,sil
24.67043852806092,10,7,7,17,18,3,-6,-3,6,13,20,15,0,0,sil
24.67043852806092,4,9,-1,10,10,0,-12,-3,0,13,18,9,8,1,sil
24.68561625480652,13,16,12,11,6,3,-10,2,2,8,27,15,18,17,sil
24.68561625480652,15,12,7,17,5,-2,-9,4,5,5,31,14,12,7,sil
24.700758934021,10,12,4,11,3,-9,-10,-1,-8,0,16,8,-4,-10,sil
24.700758934021,6,19,5,14,12,-1,-5,-1,-12,0,3,4,-11,0,sil
24.716697692871094,-1,12,6,17,14,-1,-7,1,-7,-3,-6,-4,-13,5,sil
24.716697692871094,-5,0,1,4,-5,-5,-12,-1,-17,-12,-16,-10,-19,-11,sil
24.73233962059021,-6,-1,-13,-1,-12,-2,-3,-6,-27,-16,-14,-12,-20,-20,sil
24.73233962059021,-9,2,-3,5,1,2,4,0,-20,-11,-22,-14,-22,-8,sil
24.747532844543457,-13,-1,-3,8,1,2,2,3,-9,-4,-26,-15,-22,0,sil
24.747532844543457,-9,-13,-13,0,-11,-2,2,0,-8,-2,-9,-12,-18,0,sil
24.76271367073059,-6,-11,-3,-5,-9,2,7,-1,-6,-1,-4,-12,-24,-4,sil
24.76271367073059,-6,-4,1,0,0,14,16,1,5,5,-7,-10,-19,0,sil
24.77891850471497,-3,-5,7,2,5,19,25,4,15,11,3,2,12,13,sil
24.77891850471497,-1,-6,8,0,5,17,25,2,12,9,5,1,29,15,sil
24.795030117034912,1,-4,1,0,-1,8,14,-1,8,8,-4,-9,15,1,sil
24.795030117034912,3,-3,0,0,-3,3,8,1,13,9,0,-5,15,-2,sil
24.810595512390137,-4,-13,-13,-7,1,0,3,1,19,11,3,-2,27,0,sil
24.810595512390137,-11,-20,-11,-16,-2,-9,-9,0,11,7,-6,-5,18,0,sil
24.825093746185303,-13,-14,-9,-20,-12,-18,-21,-3,-4,-6,-16,-9,6,-5,sil
24.84125256538391,-13,-9,-13,-19,-12,-17,-20,-8,-18,-21,-14,-6,7,-10,sil
24.84125256538391,-3,-3,-2,-18,-6,-9,-14,-4,-20,-18,-6,8,5,-5,sil
24.84225416183472,10,6,-2,-9,0,-3,0,2,0,-2,6,15,0,0,sil
24.85692405700684,17,11,5,-1,-2,-4,6,7,15,1,10,15,-3,0,sil
24.85692405700684,14,8,9,1,-4,-9,0,3,17,0,10,16,0,1,sil
24.87166333198548,14,10,1,5,0,-6,-2,2,16,6,18,21,0,12,sil
24.8726613521576,17,14,10,2,0,4,1,6,18,5,23,27,2,23,sil
24.88766384124756,12,5,1,-3,1,2,0,-1,12,2,16,20,3,12,sil
24.902165174484253,0,1,1,-3,6,-11,-7,-5,-2,7,14,10,1,-3,sil
24.902165174484253,-2,11,17,1,5,-8,-8,0,-10,10,17,8,1,-3,sil
24.917550563812256,0,10,7,6,3,6,-1,0,-1,3,5,-3,0,0,sil
24.917550563812256,4,5,2,11,6,14,2,1,1,0,-1,-10,0,0,sil
24.933603286743164,5,11,3,15,8,6,1,0,-7,0,10,-2,4,-1,sil
24.933603286743164,0,11,5,18,11,-2,0,-1,-13,-9,6,-4,0,-5,sil
24.948845148086548,-10,4,2,20,11,7,1,3,-12,-15,-8,-17,-11,-8,sil
24.948845148086548,-11,-1,-10,14,4,7,-3,-1,-17,-9,-14,-23,-15,-13,sil
24.964757919311523,-12,-8,-5,2,0,-2,-11,-10,-26,-14,-28,-23,-27,-19,sil
24.964757919311523,-16,-16,-9,-1,0,0,-9,-9,-23,-16,-39,-26,-35,-19,sil
24.979553937911987,-9,-12,-5,1,0,5,1,-2,-12,-6,-23,-16,-19,-8,sil
24.979553937911987,2,-3,6,9,-6,6,9,-1,-4,-1,-5,-2,-3,0,sil
24.995330095291138,3,-4,-5,12,-14,4,9,0,6,6,-3,-1,3,0,sil
24.995330095291138,4,0,-1,1,-8,5,8,8,16,23,0,2,9,8,sil
25.01029324531555,7,6,2,-2,3,11,14,8,20,22,1,9,9,18,sil
25.01029324531555,0,-6,-7,-12,-1,4,4,0,14,2,-5,0,3,12,sil
25.026937246322632,-9,-15,-9,-22,-7,-4,-6,1,8,2,0,-4,2,2,sil
25.026937246322632,-5,-10,-11,-16,1,-1,7,6,13,15,14,2,4,8,sil
25.04200434684753,0,-9,0,-17,0,-1,14,5,13,5,5,6,5,13,sil
25.04200434684753,-10,-11,-2,-25,-8,-8,0,0,3,-8,-5,-1,7,-1,sil
25.05760073661804,-10,-3,-7,-12,0,-4,-2,0,-1,-3,4,4,10,-2,sil
25.05760073661804,4,5,8,1,5,0,5,-2,0,1,14,23,11,13,sil
25.07371091842652,12,5,9,0,0,-3,2,-7,-6,-6,9,21,7,3,sil
25.07371091842652,12,13,10,6,3,-5,0,0,-12,-9,7,12,3,-8,sil
25.08928680419922,13,19,8,14,12,-1,0,3,2,6,16,14,11,0,sil
25.08928680419922,9,5,5,7,0,-5,-9,-1,16,17,15,11,16,2,sil
25.10490846633911,4,1,13,1,-11,-9,-12,1,10,7,7,2,12,0,sil
25.10490846633911,3,7,2,9,1,-5,0,1,9,5,10,-4,9,0,sil
25.120522022247314,1,-2,-1,0,0,-4,-8,0,5,0,2,-11,1,0,sil
25.120522022247314,-5,-11,-5,-21,-17,-7,-22,-2,-9,-17,-19,-22,-14,-11,sil
25.13559055328369,-9,0,-9,-3,-12,-2,-8,-3,-14,-19,-22,-23,-21,-15,sil
25.13559055328369,-1,10,8,23,5,10,1,-1,-3,-5,-4,-5,-11,-3,sil
25.15081214904785,2,4,2,10,4,2,-4,0,0,1,3,5,1,4,sil
25.15081214904785,0,-4,-5,-7,-3,-12,-5,1,-11,-6,-5,2,-2,0,sil
25.166848182678223,0,0,0,2,0,-2,-1,-2,-21,-15,-15,0,-21,-8,sil
25.166848182678223,-2,3,-6,6,6,13,2,-7,-15,-18,-17,-3,-23,-7,sil
25.18255734443665,-7,-1,-7,-7,3,16,13,-1,-11,-14,-14,-1,-7,1,sil
25.18255734443665,-3,-7,-9,-6,-2,10,15,4,-12,-4,-4,-3,0,2,sil
25.19769406318665,0,-5,-5,-1,0,0,1,1,-11,4,0,-3,-3,-4,sil
25.19769406318665,-3,0,-1,-1,8,3,-5,0,0,12,6,3,4,-2,sil
25.213727235794067,-2,0,-5,2,10,5,-1,4,16,18,17,6,16,6,sil
25.213727235794067,0,-1,3,8,5,-2,3,5,22,16,12,3,9,5,sil
25.229015588760376,-4,-4,1,1,4,-8,3,-3,8,9,5,0,-3,-3,sil
25.229015588760376,-4,-2,0,-4,2,-4,0,-1,-1,-1,13,3,-2,-3,sil
25.244516134262085,9,11,7,6,3,3,5,8,8,1,17,4,10,8,sil
25.244516134262085,10,19,4,22,5,5,10,1,20,14,8,1,12,13,sil
25.2600531578064,-2,4,2,6,0,3,-1,-4,11,1,1,1,0,4,sil
25.2600531578064,-6,-8,-4,-10,-9,1,-6,0,-1,-11,-3,-2,-2,-2,sil
25.27608966827393,0,-6,5,0,-8,-1,4,2,-5,0,-11,-4,4,-1,sil
25.27608966827393,1,-5,11,3,-1,0,7,0,1,10,-4,0,4,0,sil
25.291531085968018,6,-10,-6,-13,3,3,4,3,12,10,8,0,4,1,sil
25.291531085968018,16,-1,8,-9,3,2,8,7,9,11,2,3,2,7,sil
25.30666947364807,4,6,11,8,-2,1,0,0,-2,0,-13,1,-13,0,sil
25.30666947364807,-14,-3,-6,0,-10,-1,-16,-12,-15,-20,-19,-18,-32,-14,sil
25.3220534324646,-8,-6,2,-10,-9,-1,-13,-8,-12,-14,-13,-18,-18,-9,sil
25.3220534324646,4,1,2,2,0,0,3,3,5,11,0,2,16,9,sil
25.337971210479736,3,5,1,6,6,5,9,6,10,12,2,10,22,14,sil
25.337971210479736,-1,3,-2,2,2,1,11,0,3,0,0,3,11,5,sil
25.35360598564148,0,0,-11,0,-2,-13,1,-2,-2,-4,-3,4,7,0,sil
25.35360598564148,0,-4,-9,-6,-6,-18,-16,1,-9,-6,-1,7,1,-2,sil
25.369154930114743,-8,-8,-10,-17,-8,-13,-19,-3,-13,-8,3,0,0,-8,sil
25.369154930114743,-9,-2,-1,-19,-7,-13,-15,-5,-12,-4,0,1,1,-11,sil
25.385474920272827,0,-2,0,-15,-9,-8,-18,-2,-17,-14,-11,0,-10,-10,sil
25.385474920272827,-3,-15,-10,-18,-13,-9,-20,-5,-27,-35,-15,-9,-25,-9,sil
25.400514841079712,-16,-11,-8,-23,-11,-8,-10,-2,-25,-34,-17,-9,-23,-14,thankyou
25.400514841079712,-9,4,-7,-2,0,2,8,-1,-4,-2,-4,-3,-5,-11,thankyou
25.415538549423218,8,10,8,16,12,10,18,0,18,19,18,1,11,8,thankyou
25.43159055709839,7,7,11,14,16,14,15,1,25,18,19,1,13,14,thankyou
25.43159055709839,0,9,0,16,15,16,18,5,17,13,6,-1,7,0,thankyou
25.43159055709839,10,17,10,23,12,14,23,11,16,9,10,7,11,3,thankyou
25.447635173797607,23,19,11,22,16,10,23,12,29,14,23,19,22,22,thankyou
25.447635173797607,27,15,14,20,19,9,17,6,29,26,28,19,24,24,thankyou
25.463658094406128,19,5,9,15,7,1,0,-3,6,20,20,8,12,9,thankyou
25.463658094406128,0,-8,-11,-2,-9,-14,-19,-5,-15,-3,2,-6,-6,-7,thankyou
25.479724407196045,-10,-5,-2,-5,-5,-13,-21,1,-11,-6,0,-2,-9,-8,thankyou
25.479724407196045,0,9,8,17,12,2,-5,0,7,8,16,6,5,0,thankyou
25.49576592445373,1,2,5,15,4,7,-1,-5,0,-3,8,1,-2,1,thankyou
25.49576592445373,-11,-8,-3,-8,-12,0,-10,-2,-25,-26,-9,-6,-23,-5,thankyou
25.510948657989506,-7,-4,-6,-3,0,-5,-8,-1,-24,-14,-6,-1,-13,-3,thankyou
25.510948657989506,0,2,10,14,9,7,8,1,-5,2,-7,2,0,5,thankyou
25.52691626548767,-11,-6,-2,3,-6,17,19,3,-2,-2,-23,-13,-13,0,thankyou
25.52691626548767,-25,-20,-21,-15,-17,7,10,1,-7,-2,-34,-25,-30,-14,thankyou
25.542537450790405,-19,-18,-13,-10,-6,5,3,-2,4,14,-31,-17,-21,-11,thankyou
25.55813431739807,-5,-13,-10,-9,-4,9,4,-6,17,12,-28,-11,-5,0,thankyou
25.55813431739807,-4,-9,-5,-25,-10,2,0,0,7,0,-21,-9,1,0,thankyou
25.55813431739807,-6,-2,-3,-21,-7,-10,-9,0,0,4,-2,0,16,-3,thankyou
25.573123455047607,5,-1,0,-14,-9,-23,-14,-2,3,2,9,8,24,-1,thankyou
25.573123455047607,8,-7,0,-36,-18,-23,-16,0,7,-8,0,7,13,1,thankyou
25.58856773376465,-3,-5,-8,-35,-7,-16,-15,2,-1,-4,-1,4,5,0,thankyou
25.604671239852905,0,9,11,0,4,-13,-11,1,-13,-7,7,12,7,-3,thankyou
25.605672121047974,7,10,12,12,3,-12,-4,0,-11,-11,11,12,4,-6,thankyou
25.62080430984497,3,0,0,-8,-2,-10,-3,-2,-12,-12,12,5,-2,-1,thankyou
25.62080430984497,12,6,13,-3,-1,-1,0,-2,-20,-17,19,8,-3,6,thankyou
25.62080430984497,21,15,7,31,9,12,15,1,-3,-5,18,8,3,8,thankyou
25.63500285148621,11,9,2,34,16,22,17,5,18,12,6,1,6,7,thankyou
25.65095448493957,1,5,0,8,7,18,2,0,2,5,2,-8,0,3,thankyou
25.65095448493957,3,6,-2,17,6,10,8,-3,-8,-4,1,-10,-3,0,thankyou
25.66717958450317,7,8,9,43,19,11,19,2,16,10,4,4,6,9,thankyou
25.66717958450317,10,6,6,26,17,4,6,1,26,23,13,12,10,13,thankyou
25.682859897613525,3,5,0,1,6,-1,-5,1,5,9,4,3,0,3,thankyou
25.682859897613525,-11,3,-7,3,0,5,-1,2,2,-5,-8,-8,-6,-6,thankyou
25.69967794418335,-20,-10,-11,-11,-16,0,-6,-4,7,-5,-12,-18,-10,-11,thankyou
25.69967794418335,-19,-16,-4,-32,-23,-13,-10,-6,-6,-10,-24,-16,-23,-12,thankyou
25.69967794418335,-14,-3,-6,-12,0,-8,1,0,-6,-8,-10,0,-12,-8,thankyou
25.7141330242157,-2,7,1,2,8,-1,4,8,6,8,26,8,10,0,thankyou
25.72946238517761,0,2,0,-3,0,0,2,4,6,14,19,7,8,4,thankyou
25.72946238517761,0,0,-6,2,-1,1,3,-1,0,1,-7,5,-2,7,thankyou
25.744609594345093,6,0,10,4,0,3,0,-1,-5,0,0,10,2,9,thankyou
25.744609594345093,9,-6,2,-1,-1,1,-1,-3,-10,0,7,5,3,1,thankyou
25.75977230072021,4,-8,-9,-6,1,-2,-4,-3,-9,-11,-6,0,-2,-6,thankyou
25.75977230072021,-1,0,-3,-8,0,-2,-4,2,1,-4,-5,-1,7,-6,thankyou
25.77491879463196,-9,-1,-4,-8,0,0,3,3,4,9,0,-7,11,-6,thankyou
25.77491879463196,-4,-5,1,1,-3,3,7,-1,-3,8,-8,-8,0,-7,thankyou
25.79100513458252,3,-5,0,6,-5,-2,0,0,-10,4,-9,-8,-1,-4,thankyou
25.79100513458252,2,-2,1,-2,-2,-8,-3,4,-7,4,-2,-2,4,0,thankyou
25.80701184272766,2,2,3,-5,0,0,0,0,3,8,0,4,5,4,thankyou
25.80701184272766,6,2,0,0,-1,3,2,-7,6,4,-2,-1,3,5,thankyou
25.822559595108032,2,1,9,0,0,0,-2,-2,0,-2,-6,-6,-2,7,thankyou
25.822559595108032,0,0,0,-3,6,2,-4,3,-3,5,-4,0,-7,4,thankyou
25.83812475204468,1,0,-2,-3,8,0,0,2,-3,6,0,5,-8,3,thankyou
25.83812475204468,1,0,3,-11,2,0,-1,0,-6,-20,0,6,-14,2,thankyou
25.85375022888184,-2,0,-5,-13,0,2,-7,-2,-1,-26,-7,0,-12,-6,thankyou
25.85375022888184,-3,4,6,1,3,3,-7,0,5,-11,-1,2,-2,-8,thankyou
0.0417878627777099,-13,-8,-27,-4,-5,1,4,-3,6,-5,-22,-12,9,10,thankyou
0.0417878627777099,-35,-18,-37,-27,-2,0,-5,-6,-13,-19,-52,-29,-5,-4,thankyou
0.0575520992279052,-37,-13,-29,-27,-5,-4,-12,-1,-16,-15,-43,-27,-13,-10,thankyou
0.0575520992279052,-39,-21,-43,-32,-16,-5,-12,1,-4,-15,-55,-40,-8,-9,thankyou
0.0719978809356689,-28,-30,-25,-37,-18,-1,-6,5,1,-10,-38,-25,1,-3,thankyou
0.0873563289642334,-19,-21,-16,-40,-10,0,0,3,-1,-5,-18,-12,1,-1,thankyou
0.0873563289642334,-18,-6,-6,-30,-7,-3,-10,-5,-8,-17,-23,-12,-11,-11,thankyou
0.1032211780548095,-7,6,0,-6,-4,-5,-18,-13,-16,-22,-8,-1,-6,-13,thankyou
0.1032211780548095,6,10,-7,-4,0,0,-13,0,-21,-18,11,7,4,-1,thankyou
0.1180143356323242,10,6,9,-20,0,0,-10,8,-17,-20,17,9,2,-1,thankyou
0.1180143356323242,7,9,20,-6,5,2,-5,0,-11,-11,15,9,-1,-7,thankyou
0.1340134143829345,10,17,17,18,21,14,7,0,-3,14,10,4,-2,2,thankyou
0.1340134143829345,13,14,11,26,26,21,15,7,10,32,7,2,0,13,thankyou
0.1492693424224853,0,-1,0,14,12,12,6,1,6,20,-1,-3,0,5,thankyou
0.1492693424224853,-9,-14,-4,-3,-3,0,-3,-6,-14,4,-12,-5,-6,-8,thankyou
0.165215253829956,-6,-15,-8,-14,-6,-6,-6,-8,-16,3,-8,0,-5,-9,thankyou
0.165215253829956,3,-5,0,-11,-2,-9,-9,-3,-9,0,0,4,0,0,thankyou
0.1807343959808349,15,10,11,3,2,-6,-2,0,-5,0,13,18,8,4,thankyou
0.1807343959808349,21,24,8,23,10,0,9,2,7,7,32,27,15,2,thankyou
0.1962888240814209,14,25,16,30,10,0,9,4,12,0,26,15,7,5,thankyou
0.1962888240814209,4,12,9,26,11,-2,4,3,4,-9,4,-5,-1,2,thankyou
0.2114894390106201,0,6,2,23,9,-4,5,2,-6,-12,-9,-13,-9,-3,thankyou
0.2114894390106201,-1,7,4,24,0,3,11,2,-8,-15,-18,-12,-17,1,thankyou
0.227116584777832,-1,-4,-3,26,-7,14,29,3,7,-3,-16,-12,-8,8,thankyou
0.227116584777832,-2,-16,-2,14,-9,17,36,8,29,24,-2,-12,7,10,thankyou
0.2421536445617675,-8,-14,-8,-5,-13,7,21,0,33,29,0,-12,7,8,thankyou
0.2421536445617675,-4,-9,-11,-16,-12,-5,0,-7,22,16,-3,-7,2,7,thankyou
0.2582254409790039,8,-2,8,-1,-2,-3,-11,0,26,25,11,14,17,13,thankyou
0.2582254409790039,10,-2,8,1,1,-7,-18,-4,29,25,29,29,30,15,thankyou
0.2738223075866699,0,-13,-9,-25,-9,-25,-24,-10,1,-7,12,12,16,1,thankyou
0.2738223075866699,-2,-14,-20,-33,-17,-20,-18,0,-14,-14,-7,-6,2,-7,thankyou
0.2889063358306885,-4,-5,-10,-18,-6,-1,-7,6,0,0,-4,-3,1,-5,thankyou
0.2889063358306885,-15,-7,-2,-23,0,-1,-11,-1,0,-11,-1,0,-1,-10,thankyou
0.3045287132263183,-17,-9,-9,-36,-6,-8,-21,-3,-4,-17,1,0,0,-16,thankyou
0.3045287132263183,1,0,-3,-27,-6,-1,-15,3,-1,-4,10,4,0,-11,thankyou
0.3204143047332763,14,12,0,-8,3,0,-6,0,-9,-12,6,6,-11,-9,thankyou
0.3204143047332763,12,21,11,5,10,-1,-9,-4,-24,-27,-4,8,-20,-9,thankyou
0.3359193801879883,9,22,21,10,7,-2,-13,-3,-24,-29,-8,4,-16,-9,thankyou
0.3359193801879883,0,13,1,7,3,-1,-3,-3,-29,-27,-18,-16,-22,-15,thankyou
0.3513741493225097,-9,9,1,3,10,13,12,0,-38,-17,-29,-21,-28,-12,thankyou
0.3513741493225097,-7,5,0,8,19,25,19,0,-19,4,-15,-5,-12,0,thankyou
0.3674085140228271,-11,-1,-16,15,6,12,9,-1,-5,14,-8,-8,-6,0,thankyou
0.3674085140228271,-22,-8,-7,6,-9,7,6,2,-16,11,-17,-22,-17,-5,thankyou
0.3834986686706543,-21,-17,-2,0,-8,10,16,1,-12,8,-17,-27,-13,-2,thankyou
0.3834986686706543,-9,-13,1,8,0,7,14,1,8,11,-7,-16,2,7,thankyou
0.399019718170166,3,2,5,21,6,6,13,5,19,24,10,4,19,13,thankyou
0.399019718170166,9,0,6,11,6,0,6,0,9,14,19,14,17,10,thankyou
0.4150676727294922,1,-16,4,0,2,-10,-12,0,1,-9,8,8,3,1,thankyou
0.4150676727294922,4,-7,-2,11,2,-6,-9,4,18,2,13,12,12,4,thankyou
0.4311819076538086,22,12,10,25,3,3,12,8,38,22,26,30,32,18,thankyou
0.4311819076538086,16,12,12,18,5,8,16,5,35,12,18,30,33,20,thankyou
0.4473154544830322,4,0,-2,5,0,-1,2,0,24,5,12,16,24,13,thankyou
0.4473154544830322,15,1,5,-1,-13,-12,-5,-2,16,11,19,14,16,15,thankyou
0.4628996849060058,18,4,0,-5,-13,-18,-4,-4,9,12,15,12,13,13,sil
0.4628996849060058,7,-4,-5,-16,-5,-14,-4,-5,0,0,-1,2,4,0,sil
0.4782147407531738,3,-1,-1,-20,-1,0,-2,-4,-3,-12,-13,-8,-13,-4,sil
0.4782147407531738,4,9,-2,-9,0,3,-1,0,-1,-10,-14,-11,-22,-4,sil
0.4933688640594482,0,3,1,-8,-5,-4,-8,0,-9,-9,-12,-4,-18,-9,sil
0.4933688640594482,-8,-3,-6,-14,-9,-8,-11,-4,-22,-13,-8,-8,-15,-15,sil
0.509319543838501,-11,2,-1,-13,-5,-3,-1,-1,-22,-11,-5,-13,-17,-12,sil
0.509319543838501,-11,-3,0,-10,-3,0,6,1,-5,1,1,-11,-8,-8,sil
0.5244119167327881,-13,-15,-13,-13,-2,0,6,0,5,11,4,-15,0,-12,sil
0.5244119167327881,-9,0,-1,-1,6,3,-1,0,0,1,-5,-12,1,-11,sil
0.5404353141784668,-4,8,0,10,8,0,-10,0,-8,-14,-3,1,2,-1,sil
0.5557830333709717,-11,-10,-12,-11,0,-6,-10,0,-7,-16,2,4,-2,0,sil
0.5557830333709717,-18,-13,-6,-21,0,0,-2,2,0,-7,-5,-8,-12,-10,sil
0.5557830333709717,-5,4,2,9,8,4,-1,-4,5,-8,-8,-11,-7,-11,sil
0.5714540481567383,7,11,9,20,5,-1,-6,-7,0,-14,0,5,1,-5,sil
0.5714540481567383,4,6,-2,4,2,0,-2,0,-10,-5,3,9,2,-1,sil
0.5874953269958496,4,1,-2,3,12,13,11,6,-3,6,-3,1,0,4,sil
0.5874953269958496,10,1,8,11,13,16,10,2,3,11,-2,4,2,7,sil
0.6034848690032959,8,8,7,19,0,2,-6,-5,0,12,3,5,6,5,sil
0.6034848690032959,7,14,18,31,-4,0,-6,1,-5,6,3,4,2,12,sil
0.6190237998962402,6,3,3,21,0,12,7,5,1,8,1,1,5,18,sil
0.6190237998962402,-7,-16,-17,-11,-1,8,6,-1,-2,1,-9,-8,-1,1,sil
0.6343634128570557,-13,-17,-8,-16,-7,-1,5,0,-18,-7,-19,-7,-18,-11,sil
0.6343634128570557,0,-2,0,2,-4,-2,9,5,-10,0,-5,3,-9,2,sil
0.6504626274108887,10,4,8,-1,-3,-2,-5,-1,0,7,4,6,5,13,sil
0.6504626274108887,4,0,0,0,-6,-7,-10,-4,2,3,2,-1,2,1,sil
0.6660313606262207,-2,-8,-7,3,-6,-4,5,4,18,6,6,2,0,-4,sil
0.6660313606262207,2,-5,3,-11,-2,1,11,7,33,21,16,13,9,3,sil
0.6811332702636719,17,7,3,-8,2,-3,0,1,26,27,22,12,17,16,sil
0.6811332702636719,20,16,11,9,1,-15,-10,0,12,10,19,14,19,18,sil
0.6963100433349609,3,4,4,-11,-1,-16,-9,-2,5,-4,11,11,16,2,sil
0.6963100433349609,-1,-3,-6,-42,-1,-10,-1,-5,-3,-6,6,2,7,-11,sil
0.7124323844909668,2,4,4,-24,3,-5,-3,-4,-18,-26,0,-3,-11,-18,sil
0.7124323844909668,-8,4,1,9,5,-10,-14,-4,-30,-55,-12,-16,-28,-27,sil
0.7300128936767578,-23,-1,1,18,3,0,-2,0,-25,-34,-17,-26,-23,-22,sil
0.7300128936767578,-21,2,-2,14,5,26,27,2,3,16,-10,-20,-1,-2,sil
0.7431063652038574,-11,0,-11,14,3,28,29,5,21,29,-12,-12,5,9,sil
0.7431063652038574,-5,-10,-2,11,-3,8,10,9,18,15,-12,-4,7,16,sil
0.7596902847290039,-5,-9,-9,4,-4,2,9,4,23,20,2,0,18,18,sil
0.7596902847290039,-4,-7,-10,-5,-1,2,9,0,15,13,0,0,14,9,sil
0.7763316631317139,-5,-14,-6,-14,-8,-6,-6,-2,-4,-10,-12,-1,-2,1,sil
0.7763316631317139,0,-14,-9,-17,-11,-8,-18,-7,-13,-20,-2,1,-6,-4,sil
0.7894763946533203,13,3,6,-13,-1,-1,-18,-2,-7,-16,9,16,-4,-9,sil
0.8050973415374756,20,15,8,4,5,-6,-12,0,-2,-13,5,18,-4,-8,sil
0.8050973415374756,19,15,11,13,4,-11,-10,-1,-9,-6,3,15,-7,-7,sil
0.8228788375854492,17,18,16,7,5,-6,-14,-1,-20,0,13,13,-10,-10,sil
0.8228788375854492,4,13,2,3,6,-5,-15,-4,-25,-2,2,-3,-12,-9,sil
0.8228788375854492,-14,-2,0,9,2,0,-7,-3,-20,-1,-17,-19,-12,-3,sil
0.8380417823791504,-17,-10,-9,12,3,15,9,0,-3,19,-10,-16,-5,4,sil
0.8525149822235107,-9,-9,-10,-1,6,17,19,0,21,30,-2,-7,4,16,sil
0.8525149822235107,-3,-4,-2,-8,0,15,18,3,41,23,-9,-4,13,17,sil
0.8675901889801025,2,-3,-6,-1,-4,11,12,4,35,15,-1,-2,12,5,sil
0.8675901889801025,9,0,9,-3,-6,-8,1,1,2,0,8,9,-2,-4,sil
0.8830244541168213,8,6,8,-2,-2,-23,-15,-4,-17,-18,14,20,-1,-2,sil
0.8830244541168213,11,14,1,7,5,-11,-20,-2,-10,-25,25,28,15,5,sil
0.899003267288208,17,14,12,7,9,-4,-8,3,-4,-24,27,27,17,11,sil
0.899003267288208,5,3,9,-1,0,-13,-4,2,-15,-17,10,6,0,0,sil
0.9145212173461914,-13,-6,6,-2,-7,-8,-11,0,-30,-16,-8,-9,-15,-16,sil
0.9145212173461914,-18,-4,-7,12,0,13,4,3,-19,-7,-7,-14,-9,-13,sil
0.9305047988891602,-13,-2,-15,18,4,23,34,9,-3,10,-1,-17,1,2,sil
0.9305047988891602,-13,-11,-3,-4,-3,10,31,0,0,20,-6,-20,2,5,sil
0.9460084438323976,-9,-14,-4,-15,-2,-3,10,-11,4,17,-15,-19,0,4,sil
0.9460084438323976,9,-1,5,0,0,1,8,-2,14,19,-15,-8,0,12,sil
0.9612631797790528,17,-1,0,-2,-6,12,15,5,21,18,-13,-1,3,10,sil
0.9612631797790528,-4,-16,-23,-36,-17,-1,-1,-5,13,-8,-22,-12,-7,-10,sil
0.9774119853973388,-20,-17,-20,-44,-25,-18,-28,-7,0,-31,-25,-16,-23,-26,sil
0.9774119853973388,-4,-1,-1,-14,-16,-12,-25,0,4,-12,4,3,-3,-14,sil
0.99303936958313,14,10,16,4,5,-4,-12,0,16,9,31,27,21,3,sil
0.99303936958313,7,13,5,9,17,-5,-14,-1,14,8,22,17,12,-4,sil
1.008370876312256,-2,15,1,18,13,1,-10,4,5,5,10,-2,0,-16,sil
1.008370876312256,-1,22,12,28,16,14,11,4,0,13,9,-1,0,-4,sil
1.023679256439209,-4,11,-6,25,19,14,24,-2,-1,17,0,0,3,9,sil
1.023679256439209,-3,-7,0,8,5,14,21,4,6,22,-8,-2,7,19,sil
1.0388786792755127,8,-8,12,-1,-4,9,17,7,15,24,-1,5,17,28,sil
1.0388786792755127,15,-2,1,-1,-5,-12,1,-2,12,8,-2,9,13,17,sil
1.0540149211883545,11,0,2,-5,-7,-16,-21,-2,-1,-11,0,12,2,2,sil
1.0540149211883545,14,3,-1,-12,-5,-7,-24,0,-10,-11,18,21,4,8,sil
1.070002794265747,15,8,7,-14,-2,-18,-23,0,-27,-18,18,21,0,5,sil
1.070002794265747,2,10,14,-4,2,-17,-20,3,-33,-36,0,6,-15,-12,sil
1.085474967956543,-5,7,-7,4,15,2,-2,3,-18,-42,-12,-12,-23,-15,sil
1.085474967956543,-7,-1,-5,0,15,9,7,-1,-16,-33,-25,-21,-25,-14,sil
1.1015002727508545,-20,-9,-6,0,-1,4,5,-7,-21,-16,-27,-28,-27,-19,sil
1.1015002727508545,-24,-5,-8,7,-6,9,9,-4,-6,-3,-18,-27,-21,-15,sil
1.1175315380096436,-16,-8,-8,7,-1,16,19,-1,14,5,-10,-22,-5,-5,sil
1.1175315380096436,-15,-19,-16,0,-5,15,22,-4,12,15,-5,-19,1,-3,sil
1.1330523490905762,-8,-12,-4,1,-9,12,23,-1,6,24,0,-5,7,5,sil
1.1330523490905762,4,-2,0,9,-4,3,15,2,12,22,6,5,17,16,sil
1.1531383991241455,7,-6,1,10,-8,-8,-5,2,12,9,9,9,15,11,sil
1.1531383991241455,5,-2,8,2,-10,-8,-10,1,6,1,15,23,12,1,sil
1.1651780605316162,8,5,9,-1,0,-6,-1,0,0,-1,23,34,15,2,sil
1.1651780605316162,15,8,17,0,1,-11,-16,1,-7,-3,22,32,10,7,sil
1.1804587841033936,17,14,8,2,-5,-12,-34,3,-4,0,23,23,3,6,sil
1.1804587841033936,17,15,11,8,-4,-11,-26,1,-2,1,23,18,5,-1,sil
1.1958041191101074,19,14,27,18,6,-11,-14,-5,-10,-2,17,17,8,-1,sil
1.1958041191101074,11,19,5,17,11,-1,-10,-2,-1,6,10,4,7,5,sil
1.211787462234497,-6,10,-5,0,2,13,-4,9,6,10,-3,-15,-3,0,sil
1.211787462234497,-10,-6,-2,-3,2,13,3,1,4,8,-17,-24,-9,-6,sil
1.2273192405700684,-4,-4,-6,-1,7,6,14,-7,6,15,-20,-16,-3,3,sil
1.2273192405700684,-8,-2,-14,-20,6,11,24,0,15,21,-15,-13,0,10,sil
1.2433507442474363,-14,-16,-27,-36,7,13,27,0,14,17,-19,-26,-1,0,sil
1.2433507442474363,-14,-16,-17,-37,5,8,24,-8,11,9,-33,-31,-6,-6,sil
1.2582526206970217,-20,-16,-22,-45,-4,2,17,0,15,0,-34,-30,-9,-10,sil
1.2582526206970217,-16,-24,-29,-65,-11,-4,1,5,8,-14,-25,-28,-9,-11,sil
1.274024248123169,0,-8,-5,-47,-4,-12,-8,4,-1,-20,-8,-8,0,-9,sil
1.274024248123169,6,15,1,2,10,-17,-5,0,-4,-21,9,10,4,-9,sil
1.289431095123291,4,16,9,26,12,-11,-2,2,-9,-23,10,16,-3,-8,sil
1.289431095123291,3,7,15,31,4,2,0,7,-11,-12,10,16,-6,-2,sil
1.305044174194336,3,6,11,49,4,6,1,1,-11,-6,12,17,-5,2,sil
1.305044174194336,0,1,12,52,0,6,-2,-5,-16,-9,4,14,-11,4,sil
1.3205978870391846,-9,-11,2,34,-22,4,-7,-8,-17,1,3,8,-10,3,sil
1.3205978870391846,-8,-16,11,22,-31,-3,-10,-2,-13,0,7,9,-1,4,sil
1.3363823890686035,7,-3,17,18,-14,-5,-8,0,-3,-12,6,14,7,11,sil
1.3363823890686035,19,13,10,18,-1,-5,-2,1,8,0,17,21,15,14,sil
1.35201096534729,20,18,19,17,-2,-9,-3,0,0,2,29,27,15,5,sil
1.35201096534729,13,8,5,5,0,-6,-9,-2,-14,-14,22,13,7,0,sil
1.3670761585235596,-2,1,-2,-3,6,5,-10,2,-10,-9,-4,-12,-5,-3,sil
1.3670761585235596,-15,1,-1,2,15,12,0,6,0,11,-24,-28,-13,-9,sil
1.3826425075531006,-7,-3,-9,3,17,9,10,1,5,18,-17,-24,-4,-7,sil
1.3826425075531006,3,-7,-6,-15,5,6,12,-1,24,26,-4,-6,13,6,sil
1.3983774185180664,5,-1,-13,-26,-1,0,6,-3,30,27,-7,0,18,11,sil
1.3983774185180664,12,4,-7,-24,-1,-9,-9,-5,2,-2,-6,2,8,3,sil
1.4141550064086914,22,11,11,-17,1,-11,-14,0,-7,-9,15,17,11,5,sil
1.4141550064086914,16,14,9,-9,7,-7,-3,3,6,16,26,16,12,9,sil
1.4304354190826416,4,8,7,-8,6,0,-3,2,5,11,13,6,-5,-4,sil
1.4304354190826416,-2,-3,-8,-6,0,0,-5,-2,0,-8,8,2,-8,-11,sil
1.4448041915893557,-11,-4,-10,-1,0,-1,1,-1,0,-1,5,-1,0,-1,sil
1.4606890678405762,-18,1,-3,3,2,7,5,0,-11,-1,-8,-13,-4,-1,sil
1.4606890678405762,-17,-2,-15,0,0,11,0,-4,-17,-7,-14,-17,-6,-7,sil
1.4606890678405762,-12,-13,-6,-4,-3,6,2,-2,-11,3,-11,-8,-7,-4,sil
1.4752237796783447,-13,-10,-1,0,1,13,14,1,0,11,-11,-8,-9,-4,sil
1.4904468059539795,-15,-6,-10,0,2,21,25,5,18,7,-16,-15,-4,-2,sil
1.4904468059539795,-20,-19,-13,-16,-12,7,25,3,18,-1,-25,-23,-7,0,sil
1.5091657638549805,-23,-30,-22,-24,-19,-10,14,-3,0,-11,-30,-30,-15,-9,sil
1.5091657638549805,-8,-17,-7,-12,-8,-6,-1,-2,-1,-6,-17,-13,-5,-5,sil
1.5241940021514893,4,0,5,3,-2,-1,-8,0,6,10,0,1,1,11,sil
1.5241940021514893,9,5,11,3,-2,-8,-5,1,3,-3,6,2,-6,11,sil
1.5390303134918213,19,15,16,0,2,-12,-6,0,1,-19,15,19,0,2,sil
1.5400207042694092,30,19,10,6,1,-12,-11,-4,0,-8,26,31,9,0,sil
1.5400207042694092,27,16,28,8,-6,-16,-11,-1,-13,-14,18,28,0,1,sil
1.5556237697601318,19,13,22,6,-1,-12,-12,3,-21,-35,15,24,6,0,sil
1.5556237697601318,15,15,6,15,4,-9,-22,1,-20,-29,19,18,13,-1,sil
1.5722770690917969,10,23,16,33,8,-1,-18,1,-16,1,11,10,4,0,sil
1.5722770690917969,7,22,6,38,18,12,0,4,-1,24,10,14,14,6,sil
1.5854296684265137,6,10,3,26,14,18,4,6,12,27,15,19,28,11,sil
1.6020042896270752,-5,0,0,18,6,18,4,6,18,23,-2,-1,10,5,sil
1.6020042896270752,-21,-13,-21,7,7,17,9,0,9,20,-30,-26,-8,-5,sil
1.6020042896270752,-24,-25,-19,-18,-2,8,9,-4,-9,11,-28,-25,-11,-12,sil
1.617546796798706,-26,-29,-16,-29,-16,-5,8,-3,-10,0,-13,-22,-12,-11,sil
1.6331381797790527,-23,-22,-11,-23,-10,-11,8,0,3,-2,-15,-23,-15,-9,sil
1.6331381797790527,-7,-15,-10,-23,0,-6,5,0,14,4,-8,-12,-3,0,sil
1.6487669944763184,1,-12,-9,-19,-2,-2,0,-2,16,5,2,0,4,5,sil
1.6487669944763184,0,-4,2,-10,-10,-5,-3,-5,8,-8,-1,0,-1,-1,sil
1.6656606197357178,3,2,-6,-8,-10,-7,4,0,16,-6,2,-4,0,-1,sil
1.6656606197357178,11,7,2,-10,-4,0,11,10,29,7,17,5,9,6,sil
1.679382085800171,11,9,14,-7,3,1,-1,2,6,4,20,9,2,0,sil
1.679382085800171,8,10,1,-1,4,-6,-18,-13,-36,-20,10,1,-9,-8,sil
1.6951215267181396,10,15,6,8,4,-1,-10,-7,-41,-33,5,9,-11,-2,sil
1.6951215267181396,6,15,11,16,12,6,4,0,-14,-13,7,11,-5,4,sil
1.710007667541504,-4,8,6,12,7,1,0,-4,-17,-2,-3,-8,-10,1,sil
1.710007667541504,-11,4,3,20,0,7,-6,2,-23,-1,-20,-14,-17,2,sil
1.7254395484924316,-6,-5,-1,22,2,21,6,8,-1,18,-20,-10,-9,9,sil
1.7254395484924316,-1,-20,-2,-6,-3,15,10,0,11,25,-15,-12,0,9,sil
1.741410732269287,-1,-18,-18,-21,-14,0,1,-4,13,3,-12,-6,6,4,sil
1.741410732269287,5,0,-3,-7,-5,-8,2,5,29,1,2,16,14,5,sil
1.757460355758667,16,8,16,-2,5,-8,4,10,37,15,22,32,23,6,sil
1.757460355758667,12,6,0,-4,2,-11,-7,0,21,10,21,22,23,-2,sil
1.7732343673706057,0,12,3,-3,0,-14,-22,-6,-4,-7,10,8,11,-14,sil
1.7732343673706057,-2,14,8,0,4,-11,-20,-5,-22,-15,13,3,2,-14,sil
1.7882578372955322,1,6,3,4,4,-7,-12,1,-24,-10,19,4,0,-8,sil
1.7882578372955322,-4,0,2,1,-4,-5,-8,3,-17,-4,14,4,0,-7,sil
1.804208517074585,-8,0,-3,6,0,2,3,-1,-9,-7,2,0,-2,-2,sil
1.804208517074585,5,1,5,21,11,16,21,1,0,-8,-7,-3,-2,8,sil
1.819631099700928,6,-1,0,19,11,19,29,4,14,13,-11,-1,3,14,thankyou
1.819631099700928,-6,-10,-10,2,4,23,26,1,14,18,-15,-4,-2,11,thankyou
1.8356332778930664,-11,-11,-5,1,5,29,23,0,2,-3,-27,-15,-19,6,thankyou
1.8356332778930664,-6,-6,-7,11,0,8,13,0,-3,-4,-31,-24,-19,4,thankyou
1.85174560546875,-5,-7,2,1,-10,-18,0,0,2,11,-23,-12,-3,4,thankyou
1.85174560546875,-4,-18,-5,-21,-13,-19,-5,0,18,10,-11,-3,3,4,thankyou
1.867470979690552,-3,-20,-19,-37,-16,-14,-8,0,15,-3,-9,-6,0,-1,thankyou
1.867470979690552,-6,-4,-9,-29,-16,-12,-18,-1,3,-13,-6,-3,-2,-13,thankyou
1.8822040557861328,-5,0,-14,-11,-9,-7,-16,-2,2,-7,10,-2,0,-21,thankyou
1.8822040557861328,1,0,-1,-9,-5,-6,-10,1,-3,4,25,-1,0,-19,thankyou
1.8983948230743408,9,17,18,-6,1,-10,-12,5,-9,4,30,10,3,-9,thankyou
1.8983948230743408,21,32,20,14,14,-8,-20,-1,-9,-5,29,22,7,1,thankyou
1.9134204387664795,23,23,26,23,16,-4,-20,-4,-26,-15,21,16,3,5,thankyou
1.9134204387664795,0,1,3,11,6,-1,-7,-5,-36,-16,0,-5,-6,-5,thankyou
1.9290318489074707,-19,-7,-10,4,0,2,0,-5,-21,-16,-18,-18,-19,-14,thankyou
1.9290318489074707,-15,-5,-5,8,4,9,0,-1,-10,-11,-19,-11,-18,-6,thankyou
1.94416618347168,-1,-2,0,9,12,12,5,2,-3,9,-8,-2,1,6,thankyou
1.94416618347168,7,4,11,13,7,19,21,1,11,27,0,2,14,16,thankyou
1.9600512981414795,5,2,1,10,0,25,26,0,23,19,0,2,8,16,thankyou
1.9600512981414795,0,-8,-4,-9,0,16,16,3,22,9,-2,4,5,10,thankyou
1.9751527309417725,3,-7,-4,-8,0,3,11,0,22,27,6,10,20,15,thankyou
1.9751527309417725,5,-5,-8,2,-9,-7,13,-4,14,25,11,6,24,20,thankyou
1.9910428524017327,0,-11,-1,-9,-15,-12,4,-2,-3,-14,-3,2,5,9,thankyou
1.9910428524017327,-5,-6,-9,-10,-10,-8,-4,-2,-11,-28,-7,0,-2,-3,thankyou
2.0130248069763184,-4,0,-11,-9,-5,-9,-8,1,-4,-13,3,1,-2,-3,thankyou
2.0140247344970703,-3,-2,-2,-22,-4,-17,-10,10,3,-13,4,1,-11,-5,thankyou
2.0140247344970703,-4,0,0,-13,-1,-13,-12,4,2,-21,-1,-2,-19,-16,thankyou
2.021433115005493,0,14,15,1,0,0,-18,1,2,-10,1,3,-12,-15,thankyou
2.0372064113616943,9,20,13,2,2,0,-10,4,19,11,18,16,3,0,thankyou
2.0372064113616943,13,18,10,16,15,1,7,1,20,14,25,18,9,9,thankyou
2.053187608718872,1,11,11,25,19,12,11,0,-4,0,4,2,-3,-5,thankyou
2.053187608718872,-7,0,0,14,7,8,1,0,-19,-4,-22,-16,-13,-18,thankyou
2.068218469619751,0,2,7,18,7,7,5,-1,-7,9,-17,-10,-2,0,thankyou
2.068218469619751,0,3,5,25,15,18,14,-2,6,25,1,0,8,16,thankyou
2.0835936069488525,-10,-10,-8,6,0,18,7,1,2,20,-6,-13,0,0,thankyou
2.0835936069488525,-7,-13,-7,0,-7,11,2,4,0,12,-12,-14,0,-4,thankyou
2.099794864654541,6,-7,-10,8,4,3,15,1,16,21,2,-1,15,19,thankyou
2.099794864654541,4,-16,-4,-7,-5,-12,13,0,10,11,-8,-2,7,18,thankyou
2.114616632461548,-7,-30,-10,-27,-24,-21,-8,-6,-21,-14,-28,-14,-9,-7,thankyou
2.131472587585449,-8,-24,-14,-30,-23,-19,-24,-9,-28,-25,-17,-11,-5,-14,thankyou
2.131472587585449,0,-3,-5,-32,-17,-17,-26,-6,-12,-23,0,4,5,-4,thankyou
2.131472587585449,7,7,-8,-28,-14,-16,-24,-7,-10,-22,10,13,4,-5,thankyou
2.1460418701171875,8,9,2,-15,-6,-14,-24,-3,-13,-24,13,15,-1,-12,thankyou
2.1460418701171875,0,7,3,-11,0,-9,-12,1,-1,-24,8,0,-3,-17,thankyou
2.160051345825196,-8,2,-2,-12,0,-1,4,2,4,-17,2,-6,-6,-14,thankyou
2.1752099990844727,-4,3,10,2,7,7,8,3,1,-2,8,7,-8,-1,thankyou
2.1752099990844727,-1,11,3,24,15,4,3,4,-3,6,16,10,-1,3,thankyou
2.190706729888916,-1,14,0,25,11,0,4,2,-10,0,6,0,0,-2,thankyou
2.190706729888916,0,8,8,16,11,7,13,0,-3,-2,-3,-1,-5,-1,thankyou
2.20634126663208,6,8,7,16,14,21,17,0,14,12,0,0,0,13,thankyou
2.20634126663208,7,13,10,20,11,23,18,8,24,24,4,0,12,20,thankyou
2.2213551998138428,5,10,7,22,11,16,20,6,26,22,5,0,11,18,thankyou
2.2213551998138428,8,5,14,27,7,8,16,4,16,19,7,6,4,16,thankyou
2.237657308578491,10,5,9,30,0,0,6,4,-3,19,9,10,3,15,thankyou
2.237657308578491,4,0,-7,11,0,-5,-1,-1,-11,14,4,1,3,10,thankyou
2.252885580062866,-5,-12,-3,-17,-5,-3,-3,-8,-9,2,-7,-10,-5,0,sil
2.252885580062866,-14,-19,-19,-26,-11,-1,-3,-9,-7,-6,-13,-20,-11,-12,sil
2.268417835235596,-17,-23,-21,-34,-9,-2,-3,-2,-4,-15,-15,-18,-10,-13,sil
2.268417835235596,-16,-18,-8,-35,-9,3,-11,2,4,-6,-15,-10,-5,-13,sil
2.284008741378784,-11,-7,-10,-13,-11,7,-15,0,6,3,-12,-6,-6,-17,sil
2.284008741378784,-2,0,3,0,-1,0,-12,-1,1,-3,-10,2,-9,-8,sil
2.299494981765747,3,-5,6,-2,5,-9,-12,0,3,-2,-6,7,-1,1,sil
2.299494981765747,1,-8,3,0,0,-11,-20,0,2,9,1,8,4,1,sil
2.315414905548096,0,-4,0,0,-7,-10,-3,3,1,5,7,7,8,0,sil
2.315414905548096,3,-1,-5,-10,-4,-12,17,1,4,-3,4,2,14,3,sil
2.330993175506592,10,3,8,-14,0,-7,5,-4,3,-5,0,2,8,0,sil
2.330993175506592,11,10,4,1,1,0,-9,-7,2,-6,2,4,4,-4,sil
2.346444845199585,13,14,1,13,3,-3,-1,0,6,-2,10,8,16,3,sil
2.346444845199585,13,14,7,10,4,-4,10,10,5,0,19,14,20,9,sil
2.3619918823242188,9,14,0,7,0,-4,10,2,1,-4,14,9,4,0,sil
2.3619918823242188,13,20,8,10,-2,0,5,-1,0,-4,7,9,-1,4,sil
2.3775227069854736,13,18,11,16,8,6,5,2,0,3,18,15,7,15,sil
2.3775227069854736,0,5,6,14,13,6,6,4,-5,-2,17,9,1,9,sil
2.3929977416992188,-8,0,0,6,-1,4,3,-4,-25,-22,-4,-2,-16,-2,sil
2.3929977416992188,-10,-3,-20,3,-6,10,0,-11,-36,-20,-17,-13,-20,-5,sil
2.4084036350250244,-15,-14,-9,1,3,16,0,-2,-22,-6,-19,-22,-21,-10,sil
2.4084036350250244,-23,-17,-2,-2,4,13,0,0,-1,2,-24,-30,-26,-19,sil
2.424001693725586,-18,-12,-9,-5,-3,7,6,0,3,9,-24,-27,-19,-12,sil
2.424001693725586,0,-9,-2,2,0,7,11,3,11,16,-9,-9,0,5,sil
2.4401097297668457,7,-7,0,7,3,5,6,1,25,15,6,3,13,12,sil
2.4401097297668457,0,-7,0,-12,-3,-4,-12,0,14,11,3,8,12,7,sil
2.456023931503296,-6,-8,-1,-25,-9,-19,-22,0,2,5,-1,2,7,0,sil
2.456023931503296,-6,-7,-3,-15,-6,-23,-20,-3,-1,-6,-2,-5,1,-12,sil
2.4713239669799805,-8,0,0,-9,0,-7,-14,-3,-14,-18,0,-1,-6,-24,sil
2.4713239669799805,-9,7,-5,-3,6,1,-5,1,-21,-14,5,3,-13,-17,sil
2.487375020980835,-5,3,2,8,3,-2,0,5,-6,-7,-5,-3,-9,0,sil
2.487375020980835,-4,-7,-5,0,-9,-4,0,1,6,6,-20,-13,2,9,sil
2.503474712371826,0,-8,-15,-21,-11,-2,-1,0,10,25,0,0,8,11,sil
2.503474712371826,11,6,8,-14,0,-3,0,2,7,17,24,19,7,11,sil
2.5189995765686035,27,17,14,8,2,0,3,0,0,-4,16,17,5,8,sil
2.5189995765686035,31,24,22,20,5,7,7,1,-1,-8,9,15,4,5,sil
2.534501552581787,13,23,16,28,19,17,17,3,7,7,23,16,6,5,sil
2.534501552581787,-5,7,-7,28,11,17,22,1,18,14,14,-1,8,7,sil
2.549889326095581,-1,-2,2,10,-2,10,8,0,17,11,-11,-8,8,10,sil
2.549889326095581,9,1,4,6,5,2,6,-2,20,17,-6,3,19,10,sil
2.565667152404785,10,2,1,0,1,-7,9,0,17,11,10,11,24,8,sil
2.565667152404785,0,-4,0,-17,-18,-17,-3,3,3,-9,9,8,12,1,sil
2.581194400787353,-8,-10,-9,-25,-15,-20,-14,-4,-11,-21,5,1,0,-10,sil
2.581194400787353,-7,-3,0,-11,-2,-11,-15,-7,-14,-18,5,2,-5,-15,sil
2.5963406562805176,-2,5,2,9,3,0,-15,0,-7,-16,0,0,-9,-11,sil
2.5963406562805176,-1,3,-2,13,7,3,-13,2,-8,-22,-13,-4,-16,-9,sil
2.61202335357666,-5,-8,-9,0,3,9,-4,0,-8,-8,-13,-7,-16,-5,sil
2.61202335357666,-7,-14,-11,-4,-1,13,2,-2,-4,13,-9,-12,-17,0,sil
2.6270408630371094,-3,-6,5,9,3,11,11,3,-10,9,-15,-14,-21,0,sil
2.6270408630371094,-5,-3,0,11,7,11,15,3,-17,2,-17,-11,-8,2,sil
2.642568349838257,-13,-13,-9,-11,-3,8,8,-4,-15,4,-18,-14,-1,5,sil
2.642568349838257,-14,-19,-8,-23,-10,1,5,-6,-11,-1,-23,-20,-10,0,sil
2.6591501235961914,-11,-16,-19,-12,-3,-4,7,0,-6,-2,-15,-20,-6,-6,sil
2.6591501235961914,-9,-10,-8,-15,-2,-5,1,3,-4,0,-1,-10,5,-5,sil
2.6742401123046875,0,-1,3,-20,-5,-3,-3,0,7,3,6,6,12,0,sil
2.6742401123046875,12,9,7,-2,0,-6,-2,0,20,5,12,22,16,8,sil
2.690491199493408,14,15,6,6,1,-12,-7,3,19,0,18,22,17,7,sil
2.690491199493408,5,11,0,-1,-8,-18,-15,0,9,-7,25,12,9,-3,sil
2.705150365829468,11,15,17,1,-11,-14,-22,-4,-1,-11,26,17,0,-12,sil
2.705150365829468,18,25,19,19,4,-8,-17,-1,-9,-13,22,20,0,-10,sil
2.7217113971710205,10,23,5,25,12,-2,-6,3,-12,-11,11,5,-7,-2,sil
2.7217113971710205,0,10,8,19,4,3,0,2,-3,-3,4,-3,-16,0,sil
2.737384796142578,0,0,1,15,6,9,7,0,10,8,4,-4,-5,2,sil
2.737384796142578,4,3,3,15,16,19,17,3,8,18,-7,-2,0,6,sil
2.751434326171875,0,5,1,18,10,23,17,2,-4,10,-23,-8,-10,0,sil
2.767142534255981,-17,-10,-13,-1,-4,10,12,-2,-2,-5,-23,-15,-8,-11,sil
2.767142534255981,-22,-25,-10,-20,-4,1,10,0,4,0,-19,-12,2,-6,sil
2.783543586730957,0,-12,-3,0,5,4,10,2,9,20,-11,-5,8,10,sil
2.783543586730957,20,2,11,16,5,4,11,2,15,21,4,6,17,22,sil
2.798011064529419,16,-2,6,0,1,-1,4,0,13,11,14,13,22,22,sil
2.798011064529419,5,-7,-11,-14,0,-4,-4,-3,7,13,5,4,14,16,sil
2.814070224761963,1,-6,-5,-16,-4,0,-4,-3,7,12,-1,0,12,6,sil
2.814070224761963,-7,-15,-7,-30,-13,-6,-7,-4,6,0,4,1,13,-4,sil
2.829406499862671,-11,-15,-5,-34,-12,-17,-13,0,0,-3,10,2,6,-6,sil
2.829406499862671,0,5,1,-11,-1,-14,-6,4,1,5,16,10,10,2,sil
2.8451149463653564,5,14,4,0,2,-13,-9,4,-1,-3,24,14,8,0,sil
2.8451149463653564,-5,4,4,-12,-4,-17,-25,-1,-25,-35,6,-1,-22,-20,sil
2.860420227050781,-18,0,-7,-3,-8,-5,-15,-7,-42,-44,-22,-24,-43,-27,sil
2.860420227050781,-6,10,9,27,0,17,9,0,-34,-26,-23,-20,-31,-11,sil
2.876417875289917,5,11,12,43,13,25,23,7,-10,1,-5,-6,-6,0,sil
2.876417875289917,-6,-7,-21,16,4,12,20,-2,0,15,-12,-16,-4,-2,sil
2.892458438873291,-18,-21,-14,-14,-15,3,8,-4,4,4,-29,-22,-15,0,sil
2.892458438873291,-4,-12,-2,-10,-14,0,5,2,22,1,-18,-10,-5,8,sil
2.9081852436065674,14,-1,2,-3,-2,-10,0,3,26,7,-1,8,13,14,sil
2.9081852436065674,20,2,8,-9,-3,-13,-7,-1,13,3,6,25,19,12,sil
2.9236433506011963,15,6,-1,-2,-6,-4,-13,-4,6,-7,12,20,8,0,sil
2.9236433506011963,9,11,4,2,2,-1,-19,0,-4,-13,10,8,-7,-15,sil
2.938828945159912,7,11,8,-2,16,-4,-14,2,-9,-12,13,7,-6,-15,sil
2.938828945159912,3,10,5,0,20,2,-2,-4,-1,-13,21,11,3,-3,sil
2.95466685295105,2,13,9,14,17,12,3,-3,1,-6,19,10,3,1,sil
2.95466685295105,0,10,4,22,15,8,11,4,5,11,14,6,3,-1,sil
2.9703707695007324,-7,0,7,11,5,2,9,6,1,9,8,4,2,0,sil
2.9703707695007324,-9,-6,0,8,0,8,3,0,-5,6,0,-2,1,4,sil
2.985914945602417,-3,-4,-5,14,1,13,10,1,-8,19,-11,-10,2,6,sil
2.985914945602417,-7,-2,-4,5,1,10,12,1,-7,21,-17,-13,0,3,sil
3.0014989376068115,-11,-8,-12,-3,-5,0,2,-6,-4,14,-13,-19,0,6,sil
3.0014989376068115,-5,-10,-4,-1,-16,-2,0,-8,-2,19,-7,-15,5,10,sil
3.0170817375183105,-7,-10,-9,-3,-17,1,2,-4,-1,17,-13,-12,1,0,sil
3.0170817375183105,-9,-12,-16,-17,-8,0,-2,0,2,2,-24,-14,-8,-9,sil
3.032383918762207,-1,-9,0,-25,-7,-5,0,1,12,-2,-19,-5,-3,0,sil
3.032383918762207,4,0,4,-19,-9,-15,4,1,14,0,1,4,9,4,sil
3.047412633895874,10,6,10,-10,-3,-18,-8,2,8,-6,18,14,15,2,sil
3.047412633895874,9,11,3,0,0,-12,-19,2,10,-10,22,20,13,4,sil
3.063344955444336,6,11,-4,0,2,-6,-5,3,18,-3,13,19,9,7,sil
3.063344955444336,12,7,11,-6,11,-2,10,10,20,1,12,18,5,1,sil
3.079477310180664,14,3,8,0,13,0,6,6,12,-3,23,15,4,0,sil
3.079477310180664,14,11,11,16,8,0,0,2,0,-13,25,19,5,4,sil
3.094616174697876,16,15,15,18,6,0,2,1,-10,-14,16,15,6,4,sil
3.094616174697876,0,-3,-3,7,0,-3,-5,-6,-27,-20,-1,-10,-15,-12,sil
3.1101386547088623,-25,-16,-9,-4,-6,-1,-20,-11,-51,-34,-24,-28,-40,-30,sil
3.1101386547088623,-18,-5,-7,0,0,6,-14,-8,-45,-28,-23,-16,-28,-21,sil
3.1260411739349365,1,4,2,11,1,12,-4,-1,-23,-8,-6,-3,-9,0,sil
3.1260411739349365,-1,2,-1,12,-2,11,-2,0,-12,1,-3,-8,-8,9,sil
3.1411221027374268,-15,-3,-12,2,2,6,6,2,-3,5,-15,-17,-12,0,sil
3.1411221027374268,-16,-9,-4,-2,0,8,14,2,13,17,-25,-15,-12,-2,sil
3.1575229167938232,-14,-15,-10,-5,-11,4,10,-2,22,25,-24,-15,-6,4,sil
3.1575229167938232,-15,-17,-13,-14,-15,-3,2,0,14,13,-19,-18,-1,1,sil
3.173173189163208,-10,-13,-8,-17,-5,0,6,5,14,10,-12,-15,4,-3,sil
3.173173189163208,0,-8,-11,-18,0,3,9,-1,17,17,-1,-3,13,4,sil
3.188377857208252,8,-4,7,-12,-1,-2,2,-4,16,14,10,14,17,19,sil
3.188377857208252,14,4,15,2,0,-5,0,0,27,14,21,20,19,18,sil
3.204493284225464,22,11,14,2,2,-5,0,1,33,16,20,20,21,8,sil
3.204493284225464,26,13,13,0,7,-3,3,2,22,6,18,23,18,5,sil
3.22047758102417,20,10,6,4,10,0,3,0,6,-1,19,17,16,2,sil
3.22047758102417,8,8,8,4,0,-5,-12,-1,-15,-14,10,8,10,-8,sil
3.2360334396362305,3,8,-1,1,-6,-14,-21,-3,-27,-25,14,11,9,-12,sil
3.2360334396362305,7,15,3,9,5,-10,-6,1,-11,-13,26,21,18,0,sil
3.2514092922210693,3,17,11,20,10,-1,2,0,-9,0,13,14,8,3,sil
3.2514092922210693,-4,9,-4,25,9,-1,-2,0,-23,-4,0,-3,-15,-7,sil
3.2674479484558105,-11,3,-3,14,12,2,0,8,-15,-9,2,-5,-14,-8,sil
3.2674479484558105,-18,-2,-8,1,8,6,2,5,0,-8,0,-8,-8,-7,sil
3.283484935760498,-17,-9,-12,0,-4,1,0,-2,-1,-4,-16,-21,-20,-11,sil
3.283484935760498,-3,-8,0,2,-7,9,3,2,0,2,-19,-17,-23,-6,sil
3.2990334033966064,-4,-11,-10,1,-2,14,8,1,-3,-2,-19,-18,-19,-2,sil
3.2990334033966064,-7,-6,1,0,0,2,2,-8,-15,-10,-22,-18,-27,0,sil
3.3141348361968994,0,4,8,5,0,1,4,-3,-6,0,-9,-6,-17,6,sil
3.3141348361968994,2,2,-2,4,0,12,6,2,2,4,0,0,-1,7,sil
3.329362630844116,-6,-8,0,-12,-2,14,-2,0,0,4,-11,-7,0,0,sil
3.329362630844116,-12,-14,-7,-21,-4,3,-3,-3,-2,14,-20,-13,-1,-2,sil
3.3447721004486084,-8,-13,-10,-15,-6,0,0,-1,-3,2,-20,-9,-2,-2,sil
3.3447721004486084,0,-4,-4,-7,-5,1,2,0,5,-4,-2,-1,4,2,sil
3.360701560974121,2,-6,-1,-11,-11,-4,1,-1,19,17,13,10,21,13,sil
3.360701560974121,0,-13,0,-25,-19,-14,-6,0,11,14,3,14,17,9,sil
3.3763105869293213,4,-4,-1,-15,-8,-15,-7,1,7,-4,0,9,10,1,sil
3.3763105869293213,18,8,13,6,3,-9,0,3,20,9,22,17,23,8,sil
3.391561508178711,22,5,10,9,3,-5,7,2,20,25,32,26,28,15,sil
3.391561508178711,19,4,1,2,4,-11,9,1,6,2,10,12,12,5,sil
3.407186985015869,13,9,13,-3,4,-8,6,2,0,-17,-2,2,1,-3,sil
3.407186985015869,-1,1,0,-8,2,0,-3,2,3,-8,4,3,2,-3,sil
3.422779560089112,-4,0,-1,-2,7,0,-11,4,0,-5,11,5,0,4,sil
3.422779560089112,8,11,6,9,12,-7,-13,-1,-5,-14,13,8,0,6,sil
3.4383881092071533,4,11,-4,8,6,-3,-14,-7,-14,-20,8,1,-6,-9,sil
3.4383881092071533,-11,3,-1,1,3,6,-16,-4,-26,-21,-1,-3,-20,-21,sil
3.453566312789917,-14,4,-3,7,8,7,-8,-3,-18,-15,-5,-10,-24,-16,sil
3.4694299697875977,-8,5,-3,14,3,5,0,0,-6,-6,-12,-14,-20,-10,sil
3.4704296588897705,-10,1,0,16,-2,8,4,1,-9,0,-11,-11,-7,-12,sil
3.4704296588897705,-14,1,-7,14,-3,8,7,-3,-10,2,0,-8,-1,-12,sil
3.486185312271118,-10,8,4,16,0,10,14,0,0,4,1,-6,-3,-4,sil
3.486185312271118,-4,7,3,16,6,15,23,8,8,7,0,-8,0,0,sil
3.501270055770874,0,-1,0,1,0,10,14,3,9,6,-3,-11,2,2,sil
3.501270055770874,5,-5,4,-1,-9,2,5,-1,14,19,-5,-3,3,11,sil
3.517548084259033,11,-5,-1,2,-4,0,11,-1,17,38,-4,2,11,19,sil
3.5325636863708496,-1,-15,-6,-12,-8,0,7,0,3,17,-16,-11,-3,9,sil
3.5325636863708496,-16,-25,-21,-21,-14,-1,-5,-3,-10,-15,-30,-23,-22,-6,sil
3.5470733642578125,-5,-18,-14,-11,-10,-7,-6,-1,-8,-9,-21,-8,-7,-7,sil
3.5470733642578125,4,-6,4,-12,-5,-9,-3,0,0,2,0,4,10,1,sil
3.5623905658721924,6,-2,0,-13,0,-2,-8,-2,1,-2,13,10,9,9,sil
3.5623905658721924,18,2,9,-6,4,0,-13,0,-3,-7,11,26,7,15,sil
3.5775325298309326,19,10,10,0,5,-8,-9,1,1,-3,6,29,13,12,sil
3.5775325298309326,9,10,7,6,8,-7,-1,-1,14,0,12,20,17,6,sil
3.592989444732666,8,5,10,-2,9,0,-2,0,14,8,25,19,16,0,sil
3.592989444732666,4,-4,3,-17,-1,-8,-10,5,3,10,26,12,8,-9,sil
3.609013795852661,-2,-1,9,-7,-3,-10,-12,7,-2,-13,15,9,0,-11,sil
3.609013795852661,-7,15,3,14,7,1,-3,1,-5,-32,5,2,-5,-4,sil
3.6243743896484375,-14,10,-10,12,9,5,0,-2,-19,-20,-8,-18,-12,-5,sil
3.6243743896484375,-16,-3,-2,11,4,10,12,3,-17,8,-16,-22,-9,-5,sil
3.640357494354248,-9,0,0,26,5,19,29,3,9,27,-4,-9,4,3,sil
3.640357494354248,-3,0,0,13,-2,6,6,-4,14,13,-1,-4,1,6,sil
3.6554088592529297,1,-4,0,-4,-10,-11,-18,-6,-3,-3,-5,-1,-3,3,sil
3.6554088592529297,18,7,4,0,0,-6,-4,0,-5,2,6,18,10,11,sil
3.6705939769744873,22,15,14,2,5,0,6,0,0,1,15,22,12,8,sil
3.6705939769744873,0,6,-6,-2,1,-7,-8,-7,-13,-13,6,-6,-12,-14,sil
3.686249017715454,-11,8,-4,-1,0,-10,-12,-4,-24,-15,-3,-22,-26,-23,sil
3.686249017715454,-8,1,-2,-4,0,3,2,0,-8,-5,-8,-22,-19,-17,sil
3.702380657196045,-14,-16,-18,-12,-2,13,15,1,10,6,-18,-32,-13,-12,thankyou
3.702380657196045,-17,-15,-13,-12,-2,15,24,6,18,24,-26,-27,-9,0,thankyou
3.718078851699829,-11,-7,-14,-8,-3,13,29,6,31,29,-25,-16,0,9,thankyou
3.718078851699829,1,-12,-3,-7,-4,11,23,1,38,13,-17,-6,10,9,thankyou
3.733142852783203,11,-8,5,-6,-1,4,12,-1,30,13,3,15,22,14,thankyou
3.733142852783203,6,-4,-3,-12,-4,-11,-1,0,13,9,14,23,17,9,thankyou
3.7486822605133057,0,-11,0,-23,-15,-20,-17,2,-2,-16,1,12,0,-2,thankyou
3.7486822605133057,7,-7,0,-17,-14,-13,-24,0,-11,-22,1,9,-1,1,thankyou
3.764135599136353,9,6,9,3,-2,-10,-26,0,-22,-14,5,18,0,6,thankyou
3.764135599136353,4,13,15,19,8,-5,-18,2,-31,-26,0,19,-6,0,thankyou
3.779280185699463,9,9,5,14,8,0,-8,-2,-21,-26,7,14,-3,0,thankyou
3.779280185699463,11,7,10,7,0,-6,-17,-5,-13,-16,15,16,-3,1,thankyou
3.794749975204468,2,10,9,23,0,-13,-28,-9,-22,-26,5,8,-9,-7,thankyou
3.794749975204468,-2,15,6,31,6,-1,-16,-10,-27,-19,4,0,-4,-11,thankyou
3.810001373291016,-3,5,6,13,5,1,-4,-2,-16,15,21,1,8,-3,thankyou
3.810001373291016,-7,-10,-8,-1,0,-8,-9,0,-9,22,13,-6,6,-3,thankyou
3.826026439666748,-11,-9,-10,-8,-5,0,-3,3,-10,1,-14,-23,-4,-15,thankyou
3.826026439666748,-11,0,-13,-6,0,18,20,6,9,7,-12,-22,0,-14,thankyou
3.841487169265747,-1,4,-3,8,16,19,33,10,37,31,12,-2,19,6,thankyou
3.841487169265747,5,9,12,17,22,17,25,14,40,34,17,7,28,19,thankyou
3.8574416637420654,4,12,6,12,14,13,17,7,29,24,7,1,19,14,thankyou
3.8574416637420654,4,8,11,5,10,11,12,-1,14,16,0,0,4,13,thankyou
3.873211622238159,0,1,2,0,5,12,7,-6,-3,5,-7,-4,-5,6,thankyou
3.873211622238159,-6,-7,-11,-7,-2,6,4,-4,-10,-6,-11,-9,-8,-6,thankyou
3.888336658477783,2,-6,-1,-3,1,7,13,-1,0,-7,-8,4,-1,0,thankyou
3.888336658477783,10,-3,4,0,2,9,30,-1,6,4,-6,6,-1,11,thankyou
3.9034695625305176,-5,-14,4,-24,-15,-8,17,-5,0,1,-16,-10,-17,-1,thankyou
3.9034695625305176,-22,-24,-16,-39,-21,-25,-8,-6,-8,-12,-23,-20,-22,-19,thankyou
3.9190070629119873,-19,-18,-26,-21,-15,-18,-15,0,-9,-21,-17,-14,-15,-12,thankyou
3.937042713165283,-8,-7,-3,-7,-15,-11,-6,4,3,-7,0,0,0,4,thankyou
3.937042713165283,7,-1,0,-5,-9,-9,-1,3,23,14,12,7,16,11,thankyou
3.937042713165283,23,4,4,1,-5,0,0,3,22,9,7,12,13,9,thankyou
3.950357675552368,18,3,0,0,-14,-1,-3,2,13,-4,2,14,-1,7,thankyou
3.950357675552368,2,-1,-11,-17,-15,-18,-22,-1,2,-7,0,4,-12,0,thankyou
3.966050386428833,1,3,0,-11,-5,-16,-36,1,-15,-17,-3,-2,-19,-6,thankyou
3.966050386428833,12,16,0,11,0,0,-24,-1,-23,-23,6,7,-18,-1,thankyou
3.9821956157684326,13,17,7,12,7,0,-7,0,-12,-11,21,22,-11,6,thankyou
3.9821956157684326,4,8,13,0,11,-2,-7,1,-4,-3,16,12,-1,0,thankyou
3.998778581619263,0,5,5,1,9,-2,-13,-6,-14,-8,0,-4,-16,-9,thankyou
3.998778581619263,-1,13,8,19,12,0,-13,-12,-28,-10,-8,-5,-39,-14,thankyou
4.022061586380005,-12,7,0,24,17,0,-8,-3,-22,-2,-7,-3,17,-17,thankyou
4.022061586380005,-18,-5,0,7,5,1,-10,3,-14,-4,-1,-6,102,-16,thankyou
4.022061586380005,-17,-4,7,5,1,9,-7,0,-16,-7,-1,-12,72,-10,thankyou
4.044230699539185,-13,2,0,20,16,22,7,1,-6,6,-3,-13,-15,-2,thankyou
4.044230699539185,-1,3,2,17,21,22,21,11,15,28,4,0,-19,2,thankyou
4.044230699539185,5,1,0,19,12,13,34,7,26,30,10,3,19,8,thankyou
4.059424877166748,4,-1,5,21,5,12,41,1,21,10,-4,-1,0,12,thankyou
4.074856758117676,-1,-8,1,1,-1,16,35,1,16,10,-7,-1,-28,12,thankyou
4.074856758117676,-2,-15,-9,-16,-13,6,21,0,12,25,3,-2,-13,18,thankyou
4.090469598770142,1,-18,5,-18,-23,-2,10,0,8,12,-10,-4,-10,21,thankyou
4.090469598770142,-1,-21,-8,-25,-23,-2,2,-1,10,-3,-23,-7,-23,5,thankyou
4.106121063232422,-6,-16,-20,-32,-18,-7,-5,-7,2,-2,-11,-8,-19,-3,thankyou
4.106121063232422,-2,-8,-6,-24,-9,-14,-12,-7,-10,-9,-4,-5,-10,-4,thankyou
4.122056245803833,0,-8,-4,-13,-2,-13,-15,-5,-7,-11,-3,-1,-5,-15,sil
4.122056245803833,3,2,1,1,3,-9,-8,1,6,0,14,13,13,-8,sil
4.138088226318359,21,23,3,16,16,-1,2,4,18,-1,32,26,35,15,sil
4.138088226318359,27,23,6,5,10,0,0,7,23,-7,30,26,36,16,sil
4.1549601554870605,7,9,7,-14,-5,-9,-8,6,18,3,20,16,21,0,sil
4.1549601554870605,-5,4,-6,-7,0,-16,-9,1,8,5,13,1,0,-8,sil
4.170559644699097,3,14,6,6,5,-10,-11,2,-2,-10,12,4,-6,-10,sil
4.170559644699097,3,18,11,4,-1,-6,-18,-1,-17,-9,11,9,2,-1,sil
4.171560525894165,-9,1,-2,-5,-4,-7,-22,-6,-38,-10,-7,-9,-6,-4,sil
4.185661315917969,-14,-11,-3,-7,-1,0,-14,-1,-38,-22,-29,-23,-28,-16,sil
4.185661315917969,-8,-8,-9,4,-2,4,-3,0,-17,-19,-26,-17,-27,-8,sil
4.201377868652344,-4,0,1,16,-1,10,0,-1,-19,-10,-17,-13,-23,-2,sil
4.216435194015503,-1,0,4,25,4,19,7,0,-20,-1,-18,-19,-20,-9,sil
4.216435194015503,0,0,-1,18,1,15,8,1,-1,15,-24,-15,-6,0,sil
4.231583833694458,0,0,3,9,1,6,0,-3,6,25,-15,-3,2,12,sil
4.231583833694458,3,0,-2,14,8,7,5,-4,0,11,0,1,3,5,sil
4.247211217880249,0,-3,0,6,3,12,17,1,4,-4,-4,1,7,1,sil
4.247211217880249,-5,-10,-4,-13,-5,9,15,0,15,5,-6,-1,11,0,sil
4.262344837188721,-3,-11,-8,-22,-2,0,11,-5,14,10,8,8,6,-2,sil
4.262344837188721,4,-1,3,-15,0,-10,10,0,6,-10,14,28,3,0,sil
4.277499675750732,6,4,0,-4,1,-20,0,3,14,-7,17,24,12,2,sil
4.277499675750732,3,7,4,0,5,-16,-9,8,26,12,26,6,15,1,sil
4.293023109436035,0,13,10,2,14,-1,-3,7,15,6,20,0,9,3,sil
4.293023109436035,0,7,7,9,10,5,2,1,-1,2,3,0,5,6,sil
4.309134483337402,-6,-5,5,7,-5,9,7,3,0,18,-5,-9,0,10,sil
4.309134483337402,-12,-10,-18,4,-6,11,14,3,9,24,-8,-20,-4,12,sil
4.324775695800781,-3,-9,-13,2,-6,1,4,-1,7,10,-7,-15,-1,4,sil
4.324775695800781,0,-15,7,-6,-15,-9,-16,-5,0,1,-1,0,4,-2,sil
4.340489625930786,0,-11,-4,-12,-9,-6,-15,-4,-1,-2,4,6,12,0,sil
4.340489625930786,10,2,-1,-7,1,0,-7,-2,1,-9,11,13,18,8,sil
4.356528997421265,18,7,1,-4,0,-2,-3,-5,-5,-10,16,18,13,2,sil
4.356528997421265,10,3,1,-13,-4,-6,0,-2,-13,-13,3,10,0,-7,sil
4.3724799156188965,-1,-1,1,-19,-5,-4,1,3,-7,-22,-7,1,-9,-14,sil
4.3724799156188965,-11,-5,-7,-20,-9,-10,-3,1,-1,-29,-1,-2,-15,-18,sil
4.388092279434204,-9,0,2,-11,-3,-15,-5,0,-8,-24,0,-4,-17,-17,sil
4.388092279434204,0,14,5,6,6,-8,-2,2,-15,-9,-1,-10,-13,-9,sil
4.403265476226807,7,13,5,9,2,2,-16,0,-20,-5,1,-9,-13,0,sil
4.403265476226807,0,1,3,-2,0,7,-21,2,-22,-10,0,-8,-15,-3,sil
4.419533014297485,-9,1,-2,3,7,8,-2,1,-10,-4,-9,-9,-12,-7,sil
4.419533014297485,3,16,13,27,12,10,12,0,2,9,-9,3,-4,3,sil
4.435624837875366,17,18,11,35,10,9,13,0,4,15,-1,10,3,13,sil
4.435624837875366,4,1,2,21,11,10,12,-2,-1,13,-10,-1,-1,6,sil
4.450437545776367,-8,0,4,17,14,15,13,-8,-4,13,-17,-6,-9,0,sil
4.450437545776367,-10,1,-10,23,11,14,8,-8,-1,10,-9,-9,-6,-5,sil
4.46612024307251,-14,-8,-6,11,3,9,1,0,-3,4,-16,-16,-6,-5,sil
4.46612024307251,-13,-20,-1,-8,-6,4,7,0,8,21,-20,-15,1,2,sil
4.481263160705566,-2,-17,-6,-16,-14,-5,12,-1,22,29,-2,-7,15,7,sil
4.481263160705566,0,-9,-7,-13,-10,-6,3,2,25,11,10,7,15,8,sil
4.497258424758911,-6,-7,-15,-7,-2,0,6,6,29,2,13,18,15,16,sil
4.497258424758911,-2,-8,-5,-14,-6,-6,7,7,30,8,14,16,22,15,sil
4.512104749679565,4,-9,0,-22,-13,-18,-9,2,20,2,13,5,20,2,sil
4.512104749679565,7,-2,0,-17,-8,-13,-18,-2,8,-7,13,8,14,0,sil
4.527576208114624,15,11,8,-4,0,-3,-6,3,10,-4,19,21,17,7,sil
4.528079986572266,25,17,7,4,2,-2,2,5,13,-1,26,23,19,12,sil
4.543692350387573,28,11,18,0,8,-2,-2,0,0,-8,23,20,11,9,sil
4.543692350387573,13,4,9,-6,8,-3,-12,0,-12,-8,7,8,-1,0,sil
4.559821367263794,-5,1,-12,-7,-5,-12,-19,-1,-23,-9,-6,-8,-17,-12,sil
4.559821367263794,-9,1,-5,-2,-7,-11,-16,-1,-39,-24,-10,-8,-27,-18,sil
4.575543642044067,-7,0,-1,0,5,-1,-5,-3,-40,-28,-12,-9,-26,-11,sil
4.575543642044067,-10,-3,-1,-4,3,-2,-1,-2,-28,-23,-16,-21,-27,-17,sil
4.591043472290039,-13,-4,-7,-4,-6,-3,0,-3,-24,-18,-14,-26,-28,-33,sil
4.591043472290039,-14,-4,-5,9,0,7,8,-1,-22,-10,-17,-20,-20,-26,sil
4.607078790664673,-16,-2,14,14,5,17,13,0,-11,-4,-25,-15,-12,-7,sil
4.607078790664673,-10,0,3,18,4,14,7,0,2,10,-12,-11,0,2,sil
4.623031854629517,3,8,0,26,8,12,7,3,14,32,8,3,12,12,sil
4.623031854629517,3,6,1,19,8,12,14,5,19,33,5,6,12,15,sil
4.638235807418823,-7,-6,-13,-1,-4,7,10,-4,11,13,-2,-10,3,8,sil
4.638235807418823,0,-4,0,-9,-8,6,1,-4,14,11,8,1,9,15,sil
4.653548240661621,7,3,3,-3,0,11,9,2,32,23,24,20,28,26,sil
4.653548240661621,6,1,0,-3,5,7,16,3,31,20,17,13,27,22,sil
4.669077157974243,11,0,3,-2,2,-2,9,2,17,6,6,8,13,13,sil
4.669077157974243,9,-1,-2,-9,-7,-17,-9,-2,6,-11,0,10,2,1,sil
4.684138059616089,-2,-7,3,-20,-13,-17,-20,-3,0,-23,-2,11,-3,-11,sil
4.684138059616089,8,0,8,-7,0,-6,-8,1,5,-11,10,15,2,-4,sil
4.700228452682495,24,8,9,-1,5,-10,-7,0,0,-8,10,16,2,0,sil
4.700228452682495,3,7,2,-14,-8,-22,-24,-5,-34,-32,-11,-1,-18,-22,sil
4.71569299697876,-16,2,-8,-3,-5,-11,-20,0,-38,-33,-20,-18,-25,-27,sil
4.71569299697876,-4,2,6,14,10,5,-2,5,-16,-13,-14,-8,-10,-1,sil
4.73274040222168,0,0,1,12,10,7,4,1,-2,3,-3,1,0,11,sil
4.73274040222168,-5,-5,-6,9,4,8,6,2,7,22,0,-2,3,7,sil
4.7472686767578125,-10,-10,-3,9,3,17,8,1,11,25,-9,-14,0,2,sil
4.7472686767578125,-13,-13,-17,1,3,16,13,-2,2,12,-14,-20,-3,0,sil
4.763125896453857,-6,-11,-7,-5,-1,8,16,2,7,19,0,-10,4,0,sil
4.763125896453857,3,-9,-3,-5,-4,3,10,1,24,30,5,-1,8,3,sil
4.779018402099609,0,-6,-12,-9,-4,-4,-6,-6,12,7,-6,-6,-4,-6,sil
4.779018402099609,-9,-3,-7,-20,-10,-17,-26,-4,-14,-15,-10,-9,-10,-18,sil
4.794361352920532,-3,3,-8,-14,-12,-24,-26,-1,-21,-14,4,3,0,-13,sil
4.809772491455078,12,22,14,7,0,-10,-11,-1,-13,-11,18,24,4,0,sil
4.809772491455078,10,27,27,12,8,2,2,0,-6,-15,19,18,-1,-2,sil
4.809772491455078,-1,10,8,0,1,0,4,3,-6,-22,9,0,-10,-11,sil
4.824804306030273,0,9,6,15,0,0,9,9,-6,-14,5,0,-8,-2,sil
4.824804306030273,5,13,4,35,4,9,16,1,-5,4,1,-1,0,11,sil
4.841173887252808,0,0,4,17,2,14,17,-3,-7,1,-10,-9,0,18,sil
4.841173887252808,1,-8,2,0,1,19,23,1,0,0,-9,-3,4,18,sil
4.85582971572876,5,-8,-5,1,2,16,27,5,15,16,-3,3,11,14,sil
4.87106990814209,0,-14,-3,0,0,5,18,6,28,30,-4,1,12,15,sil
4.87106990814209,4,-12,-8,-5,0,2,9,2,38,30,8,2,23,20,sil
4.8890581130981445,14,0,-2,-7,-3,0,4,0,31,17,18,10,26,17,sil
4.8890581130981445,7,0,-1,-5,-5,-4,-2,-3,16,1,15,13,13,11,sil
4.8890581130981445,1,-5,-4,-6,0,-3,-9,-6,11,2,19,9,6,4,sil
4.903103113174439,0,-3,4,-13,4,-4,-17,-7,-9,-4,9,7,-2,-14,sil
4.918398141860962,-11,0,-9,-10,7,-18,-24,-6,-31,-21,-7,0,-14,-32,sil
4.918398141860962,-12,3,-1,-3,1,-24,-31,0,-25,-26,-1,-1,-10,-25,sil
4.934421062469482,-1,3,11,-6,-6,-17,-33,0,-15,-21,5,5,-3,-11,sil
4.934421062469482,-3,-2,-6,-13,-4,-14,-28,-2,-18,-20,-4,1,-9,-14,sil
4.951940298080444,-7,1,0,-20,1,-2,-24,0,-16,-15,-8,-1,-16,-19,sil
4.951940298080444,-4,10,11,-7,2,7,-17,4,-10,-9,-2,0,-19,-10,sil
4.951940298080444,0,8,8,13,0,2,-5,2,-15,-12,-12,-5,-20,0,sil
4.96633243560791,0,0,0,16,-3,0,10,0,-10,-7,-19,-9,-8,4,sil
4.96633243560791,-2,-3,-7,4,-5,7,21,-2,-1,7,-18,-7,-1,4,sil
4.981428384780884,-6,-4,1,0,-1,17,24,-2,-3,10,-23,-9,-6,3,sil
4.997105598449707,-10,-7,-6,4,0,18,24,-3,-1,7,-26,-26,-5,-1,sil
4.997105598449707,-11,-8,-11,11,-5,14,21,0,7,12,-22,-33,-3,-6,sil
5.011925935745239,0,-3,-5,12,0,17,24,6,20,21,-11,-18,2,4,sil
5.011925935745239,7,-3,-7,3,6,14,30,4,30,24,-2,-7,14,19,sil
5.027608394622803,0,-5,1,-2,0,1,21,4,26,17,-6,-6,9,13,sil
5.027608394622803,-5,-5,0,0,0,-1,7,2,19,8,-3,-3,0,0,sil
5.043015956878662,-2,-2,-1,-3,7,-1,6,0,20,8,11,3,7,2,sil
5.043015956878662,6,5,7,-4,0,-5,-3,0,12,13,29,21,19,10,sil
5.059014797210693,15,12,0,8,-4,-12,-28,-1,-7,6,41,32,17,7,sil
5.059014797210693,18,9,9,1,-3,-22,-36,-4,-21,-13,41,30,8,3,sil
5.074467182159424,11,2,10,-8,-8,-25,-15,0,-7,-10,35,26,14,3,sil
5.074467182159424,6,3,6,-3,-6,-13,-1,1,4,-2,30,23,17,0,sil
5.09031081199646,4,9,7,-4,1,-1,-11,-2,-9,-12,19,16,0,-4,sil
5.09031081199646,4,8,-6,-4,1,-8,-13,-4,-24,-20,4,4,-12,-5,sil
5.105350017547607,11,9,3,12,1,-3,-7,1,-20,-16,1,6,-5,0,sil
5.105350017547607,11,14,9,22,15,14,-4,1,-15,-6,10,5,0,1,sil
5.121419668197632,0,7,-3,13,19,18,0,0,-17,0,-1,-1,-8,0,sil
5.121419668197632,-1,0,6,15,12,14,18,1,-4,-3,-25,-2,-10,1,sil
5.137370824813843,0,-3,4,17,6,14,27,-1,12,-3,-22,-8,-1,4,sil
5.137370824813843,-12,-11,-2,0,-3,10,14,0,3,6,-17,-18,-4,-2,sil
5.152218818664551,-20,-16,-10,-11,-9,6,10,6,7,12,-26,-22,-10,-4,sil
5.152218818664551,-13,-15,-14,-15,-4,2,11,3,35,16,-28,-20,-5,2,sil
5.16747522354126,-14,-23,-12,-31,-12,-7,-6,0,23,7,-32,-23,-9,-6,sil
5.16747522354126,-26,-31,-26,-45,-24,-16,-18,-5,-9,-17,-42,-34,-17,-23,sil
5.183262586593628,-19,-14,-12,-37,-11,-10,-3,-2,-4,-21,-20,-19,-2,-10,sil
5.183262586593628,4,8,9,-10,9,0,5,2,19,8,21,17,22,6,sil
5.19838809967041,15,8,7,4,2,-6,-12,1,16,14,26,24,21,0,sil
5.19838809967041,10,1,10,-4,-14,-19,-33,-3,-5,-13,4,6,0,-8,sil
5.214505672454834,3,8,5,1,-3,-11,-20,-3,-12,-18,7,0,-8,-5,sil
5.214505672454834,5,17,8,17,11,0,-3,3,-10,-4,22,3,-1,0,sil
5.230446100234985,5,18,9,21,7,-2,-5,1,-10,8,27,9,8,4,sil
5.230446100234985,5,15,4,22,3,0,1,-2,-11,8,18,14,7,3,sil
5.2455995082855225,8,16,19,27,9,13,21,1,-13,-1,0,14,-7,3,sil
5.2455995082855225,1,9,5,24,7,14,16,2,-14,1,-12,-4,-14,1,sil
5.261018991470337,-10,-5,-12,1,-4,4,0,-4,-16,2,-22,-22,-18,-7,sil
5.261018991470337,-11,-15,-9,-12,-4,3,3,-4,-13,-6,-17,-12,-13,-5,sil
5.276033878326416,3,-10,-3,2,8,8,14,1,3,11,5,7,10,15,sil
5.276033878326416,13,0,9,16,7,13,16,7,27,32,11,12,20,19,sil
5.291357755661011,-2,-3,0,0,0,12,22,5,32,21,0,-9,3,0,sil
5.307387590408325,-15,-17,-13,-18,0,3,18,-3,12,10,2,-19,-1,-2,sil
5.307387590408325,-4,-16,-11,-10,0,-1,2,-8,-4,4,1,-3,4,2,sil
5.307387590408325,0,-5,-15,-1,-2,-3,-11,-8,-10,-12,-11,1,-2,0,sil
5.32308030128479,0,0,0,-6,-7,0,-18,-1,-5,-13,-10,0,-4,1,sil
5.32308030128479,5,0,5,-7,-12,-1,-13,2,10,6,3,5,9,10,sil
5.338259220123291,9,-2,5,-9,-10,-8,-3,5,18,2,6,12,11,10,sil
5.338259220123291,13,3,3,-14,-3,-3,0,4,11,-24,8,24,7,7,sil
5.804505825042725,0,-4,2,-4,-2,-3,-1,5,1,-11,0,4,-5,-5,sil
5.804505825042725,0,-10,0,-9,-19,-11,-1,0,7,-1,0,2,-3,-6,sil
5.822047233581543,-8,-12,-9,-21,-12,-16,0,0,6,-5,-5,-6,0,-16,sil
5.822047233581543,-9,0,-8,-15,5,-10,-7,3,8,-11,-6,-4,8,-18,sil
5.836078882217407,-5,5,-10,-6,8,-2,-17,-4,6,0,3,-1,13,-9,sil
5.837079048156738,-2,9,3,-7,3,1,-15,-4,6,12,13,3,16,0,sil
5.852080345153809,1,13,2,-2,3,0,-7,2,6,-3,14,7,12,-3,sil
5.852080345153809,1,9,3,0,5,-5,-9,3,-5,-26,1,2,-3,-11,sil
5.867328643798828,0,7,10,0,7,0,-8,0,-20,-19,-11,-6,-13,-13,sil
5.867328643798828,2,5,-1,1,4,10,-1,-5,-21,-7,-12,-5,-9,-10,sil
5.882730007171631,6,2,2,8,0,5,0,-4,-16,-8,-1,7,-5,3,sil
5.882730007171631,8,9,8,27,6,0,3,1,-3,5,8,13,2,21,sil
5.8980677127838135,15,14,8,35,11,12,12,0,11,25,7,10,8,24,sil
5.8980677127838135,8,3,4,20,2,19,17,-2,8,19,-7,-1,-3,15,sil
5.91417932510376,-15,-11,-11,3,-11,9,15,4,0,3,-23,-22,-18,4,sil
5.91417932510376,-24,-18,-11,-8,-16,8,13,9,0,3,-22,-22,-14,-5,sil
5.930119514465332,-14,-17,-18,-15,-12,7,13,0,7,14,-12,-12,-4,-5,sil
5.930119514465332,-8,-15,-13,-16,-12,-8,3,-5,9,8,-14,-15,-3,-2,sil
5.945176839828491,-1,-8,9,-14,-13,-14,-6,-2,7,-10,-6,-6,1,-5,sil
5.945176839828491,3,0,4,-10,-4,-9,-9,-4,2,-14,17,13,12,-5,sil
5.960384130477905,2,6,2,-15,0,-16,-20,-2,-9,-15,22,23,4,-1,sil
5.960384130477905,3,11,7,-13,1,-25,-22,0,-12,-15,19,19,0,0,sil
5.975830793380737,14,14,14,4,11,-11,-6,1,-8,-14,23,16,4,1,sil
5.975830793380737,18,14,23,22,17,11,4,4,0,-1,17,12,3,11,sil
5.99287223815918,11,3,2,14,11,20,8,4,9,23,7,5,9,19,sil
5.99287223815918,3,-10,-4,-7,4,16,12,5,15,36,2,4,13,20,sil
6.007406234741211,-4,-8,-6,-8,1,9,13,0,17,28,-1,0,5,9,sil
6.007406234741211,-6,1,-10,6,0,1,6,-4,14,15,-6,-8,2,-4,sil
6.029343605041504,0,2,3,6,0,1,3,0,7,3,-5,-2,6,-2,sil
6.031340837478638,5,-4,-1,-7,-3,-1,5,4,11,-4,5,3,6,3,sil
6.031340837478638,3,0,0,-11,-6,-18,-2,0,6,-13,9,4,1,-6,sil
6.0555853843688965,3,11,4,6,-2,-23,-15,-1,-11,-19,2,4,0,-20,sil
6.0555853843688965,3,11,2,23,7,-7,-16,3,-14,-13,0,-1,-3,-12,sil
6.0555853843688965,-12,1,0,15,11,10,-7,1,-13,-13,-12,-18,-18,-15,sil
6.06977105140686,-34,-8,-22,1,4,13,-1,-7,-22,-24,-34,-42,-34,-35,sil
6.086346864700317,-33,-19,-25,-6,-6,11,1,-1,-20,-14,-41,-46,-33,-29,sil
6.086346864700317,-23,-25,-15,-13,-10,9,6,3,-4,12,-26,-25,-13,-3,sil
6.086346864700317,-13,-19,-13,-16,-7,2,11,-4,-1,13,-19,-7,0,2,sil
6.100483179092407,10,-8,3,-18,-8,-3,6,-5,-1,-5,-12,5,1,5,sil
6.116060256958008,17,-8,0,-19,-15,-9,-5,-3,0,-6,7,10,6,11,sil
6.116060256958008,7,0,5,-17,-14,-15,-21,-5,-7,-10,19,13,9,10,sil
6.131252288818359,17,18,27,0,-2,-9,-15,0,-1,-9,24,27,13,14,sil
6.131252288818359,30,22,22,17,6,0,2,3,12,6,31,36,21,21,sil
6.1464684009552,15,12,14,11,9,2,5,0,0,4,21,25,11,12,sil
6.1464684009552,3,15,6,9,14,5,1,0,-14,-1,12,6,-1,3,sil
6.162520885467529,13,26,12,32,13,10,10,6,-1,13,18,9,2,10,sil
6.162520885467529,8,17,5,37,10,10,21,7,12,25,17,11,8,14,sil
6.178128719329834,-12,-7,-13,3,5,7,23,-3,18,22,-2,-5,5,4,sil
6.178128719329834,-9,-13,-2,-14,0,7,18,-2,20,15,-17,-14,1,1,sil
6.19330644607544,4,0,-4,-2,0,0,4,0,21,3,-9,-5,1,7,sil
6.19330644607544,3,0,-5,-12,-8,-13,-17,-1,18,-4,0,8,3,5,sil
6.208587884902954,2,-3,3,-26,-12,-11,-27,0,9,-2,7,14,6,0,sil
6.208587884902954,8,3,-7,-3,-3,-2,-21,3,-1,-5,10,3,0,-9,sil
6.22434139251709,0,12,1,14,0,-6,-23,-2,-18,-24,0,-6,-15,-23,sil
6.22434139251709,-11,4,3,8,3,-7,-17,-6,-17,-20,-5,-7,-8,-19,sil
6.239492416381836,-8,-6,-2,11,13,2,1,5,-4,7,3,-3,7,-2,sil
6.239492416381836,-10,-12,1,16,8,10,8,6,-7,10,0,-5,-2,-4,sil
6.255502939224243,-22,-22,-11,1,-6,5,6,-5,-20,-3,-24,-22,-25,-12,sil
6.255502939224243,-22,-24,-12,-13,-5,7,9,0,-15,-3,-38,-29,-23,-7,sil
6.271121501922607,-10,-13,-10,-6,4,16,16,9,3,11,-18,-14,0,0,sil
6.271121501922607,0,-2,-7,3,2,10,19,2,8,19,4,-1,12,9,sil
6.286285877227783,6,2,4,1,-3,2,16,-1,6,12,0,-2,10,16,sil
6.286285877227783,0,0,-2,-14,-3,0,8,-1,15,-5,-7,-5,8,1,sil
6.301470279693604,-4,-9,-2,-35,-4,-1,0,-2,19,-11,3,7,10,-7,sil
6.301470279693604,8,-4,2,-27,-8,-12,-1,-2,11,-2,14,17,10,3,sil
6.3176233768463135,23,8,2,-4,-10,-22,-4,-5,-6,-14,6,8,0,4,sil
6.3176233768463135,17,12,6,-4,-11,-21,-14,-4,-20,-30,-2,7,-14,-10,sil
6.333252906799316,3,6,-5,-14,-10,-16,-16,-5,-18,-22,0,11,-15,-13,sil
6.333252906799316,3,6,3,-7,-3,-14,-13,-2,-19,-13,4,10,-10,-5,sil
6.3493828773498535,4,11,11,4,1,-14,-18,-1,-29,-11,0,1,-7,-8,sil
6.3493828773498535,-1,11,2,11,7,-4,-17,-1,-23,-3,1,-6,0,-4,sil
6.365023851394653,0,17,11,22,12,8,-4,3,2,9,15,3,10,10,sil
6.365023851394653,5,21,15,37,15,8,4,11,23,24,23,11,13,14,sil
6.380331993103027,0,8,16,29,14,10,7,11,22,25,14,1,8,6,sil
6.380331993103027,-8,-7,0,11,10,24,14,3,14,16,5,-8,4,6,sil
6.396393537521362,-8,-9,-21,8,7,32,20,1,11,14,-5,-11,-1,5,sil
6.396393537521362,-10,-5,-9,9,5,30,23,1,8,11,-19,-12,-9,1,sil
6.41206169128418,-15,-13,-7,6,7,18,26,-3,15,11,-16,-16,-3,5,sil
6.41206169128418,-2,-19,-5,-3,1,1,17,-1,24,16,-7,-7,8,13,sil
6.42720627784729,11,-10,2,-8,-9,-1,7,-1,16,12,-1,6,11,12,sil
6.42720627784729,9,-1,-3,-3,-10,-7,-2,-8,-4,-5,0,6,3,4,sil
6.44251561164856,6,-1,0,-7,-7,-18,-17,-7,-15,-20,-9,7,-3,0,sil
6.44251561164856,5,-1,-5,-15,-11,-17,-21,0,-5,-15,-8,14,3,-5,sil
6.458180904388428,4,0,0,-14,-12,-15,-22,0,-4,-12,4,12,9,-8,sil
6.458180904388428,3,3,11,-7,-4,-16,-23,-3,-16,-18,10,4,0,-11,sil
6.473352909088135,-7,3,-2,-5,-3,-12,-16,-5,-23,-22,3,-3,-14,-18,sil
6.473352909088135,-16,0,-8,-5,-5,-7,-8,1,-21,-19,0,-10,-18,-14,sil
6.489032745361328,-8,-6,0,-1,3,-1,-2,4,-9,-2,4,-9,-7,0,sil
6.489032745361328,-4,-2,9,4,6,12,9,4,2,16,10,1,0,4,sil
6.505419731140137,-14,3,-2,6,1,20,23,6,9,24,3,-2,0,0,sil
6.505419731140137,-13,0,-19,-1,2,8,24,11,17,22,-7,-15,3,0,sil
6.520427942276001,5,-6,4,-18,-1,-7,12,5,23,12,-5,0,14,2,sil
6.520427942276001,17,-3,4,-20,-8,-10,-2,-7,21,4,8,25,16,5,sil
6.536460638046265,18,7,-1,-4,-1,-10,-17,-6,-1,-7,12,23,5,2,sil
6.536460638046265,22,17,21,6,5,-11,-23,0,-20,-25,7,19,-2,-1,sil
6.5521321296691895,24,13,15,9,3,-8,-15,-5,-18,-27,8,16,-6,-2,sil
6.5521321296691895,10,10,9,5,1,0,-10,-5,-20,-16,1,4,-14,0,sil
6.568246364593506,-3,13,3,11,6,2,-2,-1,-23,-9,-8,-9,-12,-4,sil
6.568246364593506,-2,4,-3,16,4,4,3,-2,-12,-3,-7,-11,-4,-2,sil
6.583437204360962,-3,-4,3,9,4,15,4,4,-1,5,-4,-8,-6,2,sil
6.583437204360962,-13,-5,-5,5,9,20,11,10,4,12,-11,-19,-6,5,sil
6.599031448364258,-13,-5,-9,10,5,16,24,2,11,13,-25,-31,-3,1,sil
6.599031448364258,-20,-13,-18,4,0,9,25,-2,12,15,-26,-35,-5,-8,sil
6.615055799484253,-24,-14,-20,-7,0,2,20,1,17,17,-11,-25,-1,-8,sil
6.615055799484253,-3,-8,1,-1,3,5,18,4,28,16,-1,-5,4,6,sil
6.631026744842529,5,-8,-8,0,2,11,11,-3,28,14,-4,-4,7,9,sil
6.631026744842529,-7,-13,-17,-19,-5,7,4,0,21,13,-2,-4,11,2,sil
6.646218776702881,-3,-8,-3,-22,-14,0,5,7,14,12,7,6,14,9,sil
6.646218776702881,11,0,6,-4,-10,-7,-2,1,1,3,10,10,5,18,sil
6.66237735748291,13,6,11,-6,-5,-11,-16,-8,-10,-8,9,16,1,6,sil
6.66237735748291,11,4,5,-8,0,-10,-17,-12,-13,-11,14,27,10,-3,sil
6.677310228347778,8,2,10,-2,0,-12,-24,-6,-21,-17,14,33,9,-1,sil
6.677310228347778,0,2,12,-3,-3,-23,-36,-2,-22,-22,15,24,0,-2,sil
6.69390344619751,3,8,5,-3,-8,-33,-32,-2,-18,-21,15,9,-3,-10,sil
6.69390344619751,13,18,16,8,-4,-27,-26,1,-23,-21,14,12,-7,-15,sil
6.708406925201416,6,17,5,20,2,-12,-17,4,-19,-19,23,15,-3,-13,sil
6.708406925201416,-3,5,1,20,7,0,-1,4,-10,-11,17,2,-4,-6,sil
6.723450183868408,-8,-1,6,19,12,12,13,6,-5,4,-5,-13,-9,-3,sil
6.723450183868408,-10,-1,-3,21,12,25,20,4,6,16,-11,-15,0,-1,sil
6.740018367767334,-3,1,0,23,5,32,23,1,14,14,0,0,8,6,sil
6.7556657791137695,1,2,-2,21,1,25,30,2,14,22,-1,0,4,15,sil
6.7556657791137695,0,-3,-4,8,0,13,31,3,18,25,-22,-13,-3,12,sil
6.7556657791137695,-2,-8,0,-5,-5,4,18,3,15,1,-25,-12,-7,3,sil
6.770208358764648,3,-12,-7,-14,-8,-5,-2,0,6,-10,-8,2,-2,3,sil
6.785659551620483,9,-11,-1,-25,-10,-3,-8,-2,6,0,-6,8,4,7,sil
6.785659551620483,0,-6,-4,-27,-11,3,2,-7,8,0,-14,-2,4,0,sil
6.802480220794678,-6,-2,-9,-23,-3,-2,0,-7,1,-5,-11,-7,-5,-6,sil
6.802480220794678,5,-1,-4,-20,4,-10,-19,-5,-6,-3,0,0,-6,-3,sil
6.819456577301025,9,-1,-1,-15,3,-9,-22,-5,-12,-4,7,1,3,0,sil
6.819456577301025,3,5,11,-18,-1,-9,-11,0,-11,-9,6,0,2,-1,sil
6.819456577301025,3,14,-1,-12,7,-6,-1,3,3,0,2,-6,-5,-8,sil
6.833005428314209,-7,7,-18,-7,12,1,-2,1,3,1,-10,-26,-20,-22,sil
6.848201513290405,-32,-8,-17,-17,1,5,-5,0,-8,-4,-25,-43,-33,-28,sil
6.848201513290405,-31,-9,-21,-14,1,8,4,1,-6,5,-21,-38,-25,-15,sil
6.863553047180176,-6,0,7,11,9,14,20,9,-2,8,-8,-9,-1,3,sil
6.863553047180176,5,6,18,32,7,15,23,6,-1,4,5,13,20,17,sil
6.879629611968994,7,5,4,32,2,6,15,-4,-2,15,14,16,24,20,sil
6.879629611968994,3,-2,5,21,-3,0,4,-5,-3,15,6,8,12,13,sil
6.895302057266235,0,-14,-5,5,-7,-3,1,-2,8,4,5,5,15,8,sil
6.895302057266235,1,-7,2,1,0,-4,1,1,23,7,15,15,26,9,sil
6.91124701499939,10,4,15,20,3,-7,-4,3,17,5,17,20,16,8,sil
6.91124701499939,13,4,7,20,-5,-10,-13,-1,4,-6,14,17,4,7,sil
6.927648067474365,7,0,7,0,-14,-6,-13,-2,-5,-9,17,21,8,3,sil
6.927648067474365,0,-3,2,-2,-18,-7,-14,-1,-14,-13,22,18,9,-4,sil
6.943192481994629,4,5,6,7,-13,-7,-12,0,-14,-26,18,14,0,-6,sil
6.943192481994629,8,14,8,0,-3,-1,2,1,0,-17,7,19,0,-1,sil
6.958080768585205,1,6,0,-7,0,-3,7,7,15,0,2,15,0,1,sil
6.958080768585205,4,4,3,-6,0,-8,0,5,6,-6,6,8,-5,1,sil
6.973433256149292,10,11,-2,0,4,-7,-3,-5,-9,-11,0,4,-11,0,sil
6.973433256149292,5,5,-1,0,6,-3,-6,-3,-20,-6,-17,0,-19,0,sil
6.989325284957886,5,5,3,0,10,0,-2,4,-12,-1,-12,-9,-14,0,sil
6.989325284957886,13,14,0,0,14,6,7,1,-1,4,2,-10,-2,-6,sil
7.004528045654297,3,11,9,1,12,8,1,-3,-3,6,-8,-9,-12,-9,sil
7.004528045654297,-9,-3,0,8,9,7,-10,-8,-4,1,-23,-23,-20,-12,sil
7.019436359405518,-11,-12,-12,-1,1,5,-6,-6,0,2,-19,-29,-10,-12,sil
7.019436359405518,-20,-18,-17,-25,-3,8,0,-1,3,16,-15,-22,-3,-8,sil
7.034764289855957,-28,-21,-22,-25,0,9,4,1,3,20,-13,-22,-3,-7,sil
7.034764289855957,-13,-13,0,-4,2,9,11,4,8,19,0,-9,6,0,sil
7.050750017166138,-8,-7,0,-2,-2,6,17,4,11,20,5,0,16,11,sil
7.050750017166138,-17,-12,-13,-16,-8,3,12,4,4,3,-15,-11,0,0,sil
7.066408634185791,-12,-15,-9,-20,-4,8,6,5,2,-7,-23,-21,-14,-10,sil
7.066408634185791,-1,-10,-1,-11,0,9,2,1,10,9,-2,-7,0,6,sil
7.081560850143433,5,-2,13,0,-1,4,0,-1,10,8,0,5,16,15,sil
7.081560850143433,6,0,2,6,0,4,2,-3,-6,-23,-17,0,0,0,sil
7.097161769866943,2,-1,-4,0,-3,1,1,-6,-18,-33,-17,-5,-15,-4,sil
7.097161769866943,5,2,5,-2,-9,-11,-2,-3,-1,-11,6,13,3,9,sil
7.1123011112213135,16,16,6,14,-3,-19,1,3,19,6,34,35,26,24,sil
7.1123011112213135,24,22,20,28,1,-14,0,5,10,0,40,38,19,20,sil
7.128383636474609,29,23,18,27,-1,-12,-7,-1,-3,-5,34,30,15,4,sil
7.128383636474609,24,20,7,15,-2,-16,-12,-3,-8,-8,30,21,12,-3,sil
7.14439582824707,2,12,6,3,-1,-17,-23,1,-19,-10,25,12,0,-11,thankyou
7.14439582824707,-12,4,-7,2,0,-15,-24,0,-27,-6,12,-4,-7,-18,thankyou
7.160456895828247,-13,0,-3,2,2,-3,0,0,-13,5,-6,-13,-8,-15,thankyou
7.160456895828247,-14,-6,-1,5,5,14,22,4,18,23,-10,-12,-2,-6,thankyou
7.1760642528533936,-12,-10,-9,5,5,18,18,3,25,28,-10,-15,0,0,thankyou
7.1760642528533936,-7,-8,-8,-2,-2,7,1,0,3,21,-17,-10,-1,6,thankyou
7.191163539886475,0,-6,-11,-6,-3,2,0,0,7,10,-14,4,4,15,thankyou
7.191163539886475,14,-2,5,-8,2,1,5,2,24,-7,-6,16,10,18,thankyou
7.20733118057251,18,1,7,-15,-1,-4,5,1,12,-14,-2,11,5,8,thankyou
7.20733118057251,6,2,-8,-17,-7,-13,-3,0,-11,-13,0,0,-8,-9,thankyou
7.22266411781311,-3,6,0,-11,2,-7,-13,0,-26,-27,0,-4,-21,-19,thankyou
7.22266411781311,-8,8,0,-1,13,1,-14,-2,-28,-32,-2,-7,-19,-19,thankyou
7.238332033157349,-10,1,5,2,9,4,-18,-3,-21,-20,-5,-8,-18,-15,thankyou
7.238332033157349,-3,-1,8,5,8,10,-18,-3,-10,-6,-4,-8,-18,-7,thankyou
7.254069089889526,6,1,0,18,15,16,0,-2,-2,9,-4,-11,-9,1,thankyou
7.254069089889526,1,0,7,22,9,20,24,0,-2,14,-9,-11,-4,9,thankyou
7.269198179244995,-16,-17,-6,-2,-3,21,31,-2,6,13,-5,-15,2,2,thankyou
7.269198179244995,-24,-25,-14,-24,-10,13,22,-1,12,12,0,-15,4,-8,thankyou
7.285246849060059,-21,-15,-5,-9,-13,0,10,2,9,7,-15,-9,-4,-4,thankyou
7.285246849060059,-8,-5,-3,8,-11,-7,0,2,11,12,-16,-1,17,5,thankyou
7.300529718399048,10,0,7,-1,-6,-3,0,4,19,26,12,15,31,14,thankyou
7.315037250518799,17,2,6,-4,-5,0,8,6,24,13,23,19,-12,23,thankyou
7.315037250518799,12,5,4,5,-1,0,7,4,19,0,4,7,-14,18,thankyou
7.330653667449951,3,10,0,9,6,-7,-2,-1,3,12,0,-4,33,0,thankyou
7.330653667449951,-2,2,-13,0,1,-17,-4,-3,-4,4,8,-6,22,-5,thankyou
7.347208023071289,3,-7,3,-13,-11,-12,-1,0,6,-7,12,7,3,1,thankyou
7.347208023071289,9,-3,6,-9,-6,-3,-8,-4,4,1,12,11,22,0,thankyou
7.361447334289551,0,3,-6,-2,7,-11,-22,-14,-25,-12,-3,0,0,-7,thankyou
7.361447334289551,-6,5,-12,-8,6,-16,-24,-10,-35,-39,-10,-1,-22,-12,thankyou
7.37717080116272,-2,7,-15,-9,-5,-11,-12,0,-18,-29,0,6,-3,-15,thankyou
7.37717080116272,-3,5,0,-8,-8,-3,-2,8,-8,-10,-4,1,0,-9,thankyou
7.395060300827026,-3,1,3,-11,0,0,1,6,3,1,-4,0,-4,1,thankyou
7.395060300827026,3,7,7,4,3,0,0,4,11,12,5,9,3,6,thankyou
7.40808629989624,11,15,18,28,4,-4,-4,2,11,12,8,20,4,7,thankyou
7.40808629989624,16,11,8,16,6,-2,-4,0,15,14,18,14,7,8,thankyou
7.423369407653809,22,9,17,2,1,5,-7,0,0,1,14,8,1,8,thankyou
7.423369407653809,21,14,23,27,3,8,-3,0,-18,-17,-3,8,-12,5,thankyou
7.438596963882446,14,11,13,28,5,8,9,1,-16,-8,-3,2,-14,0,thankyou
7.438596963882446,1,-2,1,-5,-3,14,15,4,-13,-2,3,-9,-14,-7,thankyou
7.454693078994751,-13,-14,-19,-8,-4,17,9,0,-16,-18,-9,-19,-16,-8,thankyou
7.454693078994751,-15,-7,-7,10,14,19,9,-1,-9,-8,-15,-9,-9,0,thankyou
7.470033884048462,-11,-1,-2,11,25,23,17,2,0,18,-1,-3,-2,3,thankyou
7.470033884048462,-18,-15,-13,-1,5,9,6,1,0,13,-4,-19,-3,-4,thankyou
7.485551357269287,-30,-30,-16,-8,-12,-9,-7,-2,0,6,-17,-33,-4,-12,thankyou
7.485551357269287,-30,-26,-25,-8,-10,-3,6,-1,9,19,-9,-27,2,-8,thankyou
7.500668287277222,-23,-16,-12,-13,-14,7,23,4,24,21,0,-10,11,0,thankyou
7.500668287277222,-16,-10,-6,-15,-15,0,9,3,33,13,-3,-3,9,-2,thankyou
7.517288208007812,0,-1,-7,-9,0,-5,-2,0,32,10,-4,0,7,-3,thankyou
7.517288208007812,14,1,4,-12,0,-8,2,2,29,7,3,11,13,10,thankyou
7.532334804534912,17,-2,0,-18,-9,-20,0,-4,20,2,4,18,16,16,thankyou
7.532334804534912,19,1,9,-13,-7,-21,-14,-8,-1,-7,1,23,10,12,thankyou
7.548553228378296,22,15,20,0,0,-14,-15,-1,-18,-15,11,21,4,5,thankyou
7.548553228378296,21,20,10,4,0,-14,-7,-1,-23,-22,10,9,-1,-5,thankyou
7.564079761505127,20,21,20,-6,3,-8,-11,-5,-26,-32,-4,11,-12,-9,thankyou
7.564079761505127,10,13,6,-11,6,-1,-17,-3,-21,-22,0,9,-10,-7,thankyou
7.579219341278076,0,7,-4,1,4,-3,-16,4,-22,-10,14,3,0,-5,thankyou
7.579219341278076,2,14,9,21,7,-4,-12,4,-17,-10,12,5,5,0,thankyou
7.594792366027832,1,15,9,24,11,0,-11,-3,0,3,6,0,3,0,thankyou
7.594792366027832,-9,0,-1,9,8,10,-10,-1,5,20,4,-5,0,-1,thankyou
9.405079364776611,11,17,10,29,14,14,18,0,7,6,8,13,4,8,sil
9.405079364776611,0,0,-2,23,5,9,12,0,5,2,-5,0,-1,2,sil
9.42099380493164,-5,-3,-4,19,2,10,5,5,5,6,-11,-16,-5,0,sil
9.42099380493164,0,-3,-6,13,3,17,8,4,1,12,-10,-13,-2,-1,sil
9.43602204322815,-3,-8,-1,6,4,20,22,3,8,16,-10,-2,2,1,sil
9.43602204322815,-3,-12,-5,-2,4,15,27,0,31,19,-11,-3,9,7,sil
9.45107388496399,10,-7,5,-9,0,1,13,2,37,8,-3,5,17,7,sil
9.45107388496399,16,4,15,-3,-1,-2,-5,3,11,-8,11,27,16,3,sil
9.467177152633669,-1,5,0,4,7,0,-15,-2,-15,-10,12,17,1,-2,sil
9.467177152633669,-8,-1,7,3,11,4,-6,0,-21,3,-2,0,-11,-4,sil
9.483098268508911,-3,-5,-2,1,3,3,16,4,-4,23,-5,-8,-6,5,sil
9.483098268508911,-5,-12,-21,-6,-5,-1,18,-4,6,19,-7,-12,1,6,sil
9.499274015426636,-2,-13,-7,-20,-9,-12,-7,-4,8,-3,-8,-3,4,0,sil
9.499274015426636,6,-1,-8,-19,-4,-19,-19,0,1,-13,6,6,1,0,sil
9.514357566833496,6,11,-2,-11,0,-17,-15,-5,-17,-11,12,1,-10,-3,sil
9.515358209609984,-12,7,2,-1,-2,-12,-5,-4,-26,-12,0,-15,-20,-18,sil
9.530993700027466,-30,-3,-6,1,-7,-7,1,0,-17,-16,-21,-30,-24,-25,sil
9.530993700027466,-23,-8,-7,-3,-8,5,3,-2,-8,-11,-30,-25,-20,-13,sil
9.545174837112429,-3,-9,-9,-8,-6,13,10,-5,7,8,-13,-9,0,5,sil
9.54617476463318,11,-9,3,-3,-9,1,13,5,27,19,2,5,15,14,sil
9.56220006942749,17,4,7,0,-7,-11,-3,7,21,6,7,16,16,5,sil
9.56220006942749,16,18,2,0,1,-8,-26,-1,-8,-10,12,22,10,0,sil
9.577213048934937,20,18,16,11,5,0,-19,0,-23,-20,20,25,2,3,sil
9.577213048934937,19,13,10,22,6,7,1,6,-8,-18,17,14,0,5,sil
9.59303903579712,0,5,0,6,10,16,6,5,2,-2,2,0,-6,0,sil
9.60909366607666,-14,-7,-5,-7,11,17,12,-2,6,17,-6,-4,-8,0,sil
9.60909366607666,-5,-13,-2,2,12,6,17,-1,24,37,0,0,13,12,sil
9.624141454696655,6,-1,9,9,7,-6,3,3,36,37,8,8,35,21,sil
9.625141143798828,5,0,0,-2,-2,-19,-9,0,22,12,14,11,26,10,sil
9.625141143798828,1,-6,-1,-18,-8,-21,-10,-3,-4,-13,18,13,8,-4,sil
9.639995574951172,-2,1,3,-8,-4,-7,-9,1,-16,-12,13,4,3,-9,sil
9.639995574951172,-11,5,-4,11,-3,2,-10,1,-23,-18,-3,-19,-6,-15,sil
9.656095266342165,-18,-1,5,11,0,7,-3,-1,-29,-29,-15,-24,-22,-15,sil
9.656095266342165,-11,1,2,13,9,19,13,-6,-14,-9,-13,-16,-19,-5,sil
9.67208170890808,0,0,-3,10,5,23,15,-3,-5,1,-18,-22,-16,-4,sil
9.67208170890808,-6,-15,-8,-9,-8,6,-4,0,-12,-6,-21,-24,-20,-5,sil
9.688404321670532,-10,-14,-18,-21,-14,-13,-14,-3,-10,-4,-14,-6,-11,3,sil
9.688404321670532,4,-1,3,-17,-16,-16,-6,0,-3,-1,-7,9,0,5,sil
9.702996015548706,13,2,9,-16,-9,-10,-8,3,-3,-4,9,14,1,0,sil
9.702996015548706,9,15,3,-9,1,-10,-17,1,0,-2,23,21,0,-3,sil
9.720293760299684,9,27,7,7,4,-11,-9,1,3,-5,12,19,0,-3,sil
9.720293760299684,6,13,6,16,3,3,10,4,2,1,-7,1,-3,1,sil
9.735076427459717,2,0,7,12,9,27,26,8,13,25,-16,-4,-2,9,sil
9.735076427459717,0,-2,-6,12,16,31,35,1,33,33,-8,-1,6,11,sil
9.749293565750122,-5,-8,-11,8,10,15,34,-1,35,21,0,-4,10,13,sil
9.765783548355104,-7,-14,-3,0,-2,4,19,-1,21,13,0,-2,9,10,sil
9.765783548355104,1,-12,-10,0,-9,-3,4,-3,13,12,3,2,13,1,sil
9.765783548355104,9,-5,2,0,-6,-12,-4,-2,6,5,9,11,19,0,sil
9.781874656677246,2,-6,2,-7,-3,-13,-11,1,2,3,13,11,21,0,sil
9.797551393508911,-3,-7,-10,-13,-2,-10,-17,0,-1,-2,14,7,8,-10,sil
9.797551393508911,1,7,-1,-7,3,-2,-16,-1,-1,-16,17,11,-3,-11,sil
9.813694715499878,7,13,1,1,7,-6,-14,1,-6,-25,11,8,-2,-7,sil
9.813694715499878,0,-1,6,-5,0,-19,-23,0,-27,-28,-5,0,-8,-11,sil
9.813694715499878,-8,2,8,-2,0,-13,-22,-5,-39,-28,-3,-6,-19,-12,sil
9.827310562133787,-4,19,6,17,11,2,-6,-5,-30,-17,3,-9,-12,-4,sil
9.843080759048462,3,17,15,27,15,7,1,3,-20,1,0,-6,-1,3,sil
9.843080759048462,7,8,11,24,10,11,9,3,-9,13,-3,-2,2,16,sil
9.858670711517334,5,3,7,15,0,16,17,1,0,8,-10,0,0,20,sil
9.858670711517334,-5,-8,-11,-2,-9,8,13,0,-4,0,-24,-13,-10,5,sil
9.874265670776367,-15,-18,-18,-16,-12,-1,7,0,-6,-1,-27,-27,-18,-4,sil
9.874265670776367,-11,-16,0,-18,-16,-2,10,3,16,5,-16,-13,-6,0,sil
9.889927625656128,-8,-14,-10,-23,-15,-8,8,0,29,10,-13,-4,2,0,sil
9.889927625656128,-13,-13,-17,-30,-13,-14,-5,-9,5,-3,-24,-16,-10,-14,sil
9.90507435798645,-13,-9,-8,-30,-18,-10,-20,-7,-11,-18,-16,-18,-15,-18,sil
9.90507435798645,-5,-4,-6,-27,-13,-11,-23,1,-3,-10,8,-5,0,-11,sil
9.92023515701294,9,9,10,-12,7,-3,-11,5,1,1,23,14,11,-4,sil
9.92023515701294,21,18,12,12,19,10,3,3,10,8,32,26,13,1,sil
9.935365438461304,16,12,11,20,13,9,0,6,7,1,34,20,10,5,sil
9.935365438461304,6,15,7,24,15,9,0,5,0,6,25,9,12,12,sil
9.951017141342165,13,14,0,38,21,23,13,0,17,32,16,12,21,27,sil
9.951017141342165,16,-1,8,22,9,22,21,-1,32,40,7,14,16,25,sil
9.966550350189207,-1,-14,-6,-3,-2,7,17,1,15,19,-2,0,5,10,sil
9.966550350189207,-8,-13,-13,-8,-4,0,9,0,10,7,-6,-3,3,7,sil
9.982499122619627,-4,-12,-7,-7,-4,-4,3,-3,22,7,0,2,4,-1,sil
9.982499122619627,-14,-15,-15,-21,-8,-14,-5,-3,9,-8,0,-3,0,-21,sil
9.99845027923584,-14,-3,0,-27,-11,-17,-14,2,-13,-25,0,0,-4,-20,sil
9.99845027923584,0,15,10,-2,-9,-14,-12,1,-18,-23,0,9,-4,-14,sil
10.014007329940796,7,21,11,24,-2,-10,-7,-6,-26,-26,-4,9,-13,-15,sil
10.014007329940796,5,19,16,32,9,0,-5,-2,-37,-33,-6,8,-19,-7,sil
10.029140710830688,4,20,10,38,18,8,2,2,-25,-17,-3,4,-13,0,sil
10.029140710830688,4,13,17,41,11,11,16,3,-6,1,-10,-2,-12,2,sil
10.052011966705322,0,-4,9,25,3,14,20,-1,2,4,-8,-8,-6,8,sil
10.052011966705322,-2,-18,-7,0,-2,6,4,0,0,3,-6,-9,5,9,sil
10.052011966705322,0,-15,-10,-9,-11,0,-9,0,-7,8,-16,-6,1,5,sil
10.060473203659058,2,-8,-8,-6,-7,-5,-7,-9,-10,12,-14,-6,-3,8,sil
10.076109886169434,4,-7,1,-16,-3,-13,-10,-7,-7,0,-2,-3,4,9,sil
10.076109886169434,2,-10,-7,-28,-9,-14,-10,3,7,0,2,4,14,5,sil
10.092048645019531,5,-4,-8,-25,-6,-8,-1,5,18,11,12,10,11,1,sil
10.092048645019531,3,8,3,-26,2,-3,-3,0,11,3,17,7,5,-4,sil
10.107437133789062,-7,4,-14,-26,0,-4,-11,-1,1,-10,2,-9,-4,-12,sil
10.107437133789062,-11,-2,-15,-14,0,-2,-11,3,-3,-9,-8,-18,-16,-9,sil
10.12227463722229,-10,0,-7,-11,8,4,0,7,0,0,-5,-18,-12,-6,sil
10.12227463722229,-17,-7,-13,-32,7,11,14,5,8,2,-14,-22,-8,-8,sil
10.138320446014404,-26,-21,-11,-35,-1,16,19,2,4,7,-27,-28,-14,-6,sil
10.138320446014404,-23,-19,-17,-11,-4,12,12,1,4,15,-21,-27,-6,-5,sil
10.153590202331545,-3,-9,-3,-5,-5,0,5,1,18,12,-2,-12,8,-2,sil
10.153590202331545,12,-1,9,-6,-9,-6,1,-2,18,0,20,7,17,4,sil
10.168718338012695,18,15,11,15,-3,-9,-13,-7,-1,-6,31,25,19,5,sil
10.168718338012695,25,36,28,39,6,-4,-21,-3,-16,-10,33,38,16,0,sil
10.18451166152954,30,36,28,50,13,4,-6,-2,-16,-9,39,31,15,6,sil
10.18451166152954,23,20,22,55,14,11,10,0,-12,0,30,20,11,15,sil
10.199995994567873,7,7,11,54,14,11,15,4,-4,12,3,14,0,10,sil
10.199995994567873,-10,0,-3,37,12,5,11,0,4,17,-18,0,-10,0,sil
10.215437650680542,-21,-11,-2,6,0,5,5,-2,1,5,-28,-16,-18,-10,sil
10.215437650680542,-21,-20,-13,-8,-12,6,7,-2,-1,-1,-22,-17,-18,-8,sil
10.232083320617676,-10,-11,-12,-8,-15,-3,2,0,3,-3,-16,0,-7,1,sil
10.232083320617676,2,0,-4,-12,-8,-13,-3,6,14,0,-9,21,10,13,sil
10.248802185058594,11,-6,-2,-23,-4,-8,0,7,23,3,8,27,20,22,sil
10.248802185058594,16,-5,15,-24,-7,-4,0,5,24,6,17,23,15,17,sil
10.26300835609436,13,4,7,-11,-4,-12,-14,0,12,0,9,13,7,-3,sil
10.26300835609436,3,1,-2,-16,-3,-15,-21,-2,-5,-9,10,3,-2,-16,sil
10.278626680374146,-3,-2,0,-21,-1,-11,-22,-5,-10,-14,20,0,-6,-7,sil
10.278626680374146,-4,6,-3,-4,3,-16,-27,-11,-21,-13,11,-2,-6,-2,sil
10.29533576965332,-2,10,0,1,5,-13,-23,-6,-42,-18,-3,-11,-14,-14,sil
10.29533576965332,-4,4,-7,-5,5,0,0,-4,-32,-20,-8,-24,-17,-17,sil
10.31002402305603,-4,2,-4,3,11,14,20,-2,-11,-18,-20,-22,-9,-3,sil
10.31002402305603,-3,1,5,15,13,22,28,3,-13,-5,-25,-15,-4,0,sil
10.325441837310793,-14,-12,-12,2,1,22,26,6,-8,9,-23,-27,-11,-9,sil
10.325441837310793,-18,-16,-14,-5,-7,18,21,6,8,6,-26,-32,-17,-14,sil
10.342001914978027,0,-3,-6,8,0,16,18,4,18,6,-10,-12,-2,0,sil
10.342001914978027,9,-3,0,7,0,5,12,-1,12,20,4,1,9,17,sil
10.35714316368103,1,-10,1,-5,-8,0,2,-6,1,18,-3,-4,-1,18,sil
10.35714316368103,-2,-7,-12,-5,-5,0,-2,-2,-1,5,-6,-14,-4,2,sil
10.3733549118042,-1,0,-3,-6,-4,-4,-7,3,10,5,0,-3,5,-2,sil
10.3733549118042,2,1,4,2,-4,-5,-7,2,28,18,5,16,17,11,sil
10.387996673583984,12,3,6,11,0,-1,-6,4,33,21,12,26,21,21,sil
10.387996673583984,13,4,15,-1,-2,-4,-13,8,25,14,20,28,21,14,sil
10.403383255004885,9,5,5,-10,-4,-11,-14,3,14,13,23,23,20,7,sil
10.403383255004885,12,11,5,2,3,-9,-9,0,0,7,16,16,17,2,sil
10.42037844657898,1,9,0,4,8,-7,-4,-2,-4,-5,6,6,12,-7,sil
10.42037844657898,-13,-3,-11,-18,-2,-11,-4,-2,-5,-10,6,5,0,-17,sil
10.437429904937744,-8,-8,0,-30,-8,-8,-2,0,-19,-13,15,8,-8,-17,sil
10.437429904937744,0,0,2,-6,1,-2,1,-1,-27,-24,8,-2,-12,-14,sil
10.450064659118652,-1,9,9,15,13,-1,0,0,-10,-26,-2,-1,-13,-10,sil
10.465309143066406,0,9,4,10,10,-1,1,0,0,-17,3,12,-10,-5,sil
10.465309143066406,0,2,-11,1,0,0,1,-6,-17,-18,0,0,-11,-4,sil
10.481025457382202,-14,-3,-5,2,-2,1,-6,-7,-36,-31,-27,-27,-24,-9,sil
10.481025457382202,-20,-7,-1,9,2,6,-8,-4,-31,-33,-38,-36,-34,-17,sil
10.496162176132202,-11,-1,7,14,6,16,-2,-2,-18,-15,-22,-16,-23,-17,sil
10.496162176132202,1,12,7,17,10,18,3,0,0,16,1,7,1,7,sil
10.512205362319946,19,10,3,19,11,9,11,3,25,41,19,16,26,37,sil
10.512205362319946,21,-2,16,11,0,4,8,1,33,35,14,13,27,34,sil
10.527392864227297,0,-6,2,6,-11,4,1,-1,19,16,-3,-2,6,9,sil
10.527392864227297,-1,0,-5,10,-5,3,13,3,13,8,-17,-11,-2,5,sil
10.542178392410278,4,-2,0,0,0,4,29,5,22,19,-14,-6,8,11,sil
10.542178392410278,-7,-18,-16,-32,-15,0,14,0,19,21,1,-7,11,0,sil
10.558263301849363,-11,-16,-13,-34,-22,-13,-9,2,4,9,7,-5,4,-10,sil
10.558263301849363,0,-3,-4,-4,-2,-18,-6,5,3,1,-5,-2,0,-6,sil
10.574018478393556,4,-3,1,-6,3,-15,2,0,7,-7,-14,0,-4,-1,sil
10.574018478393556,11,-2,4,-27,-4,-10,0,-2,5,-11,8,14,0,0,sil
10.590058088302612,21,10,1,-13,0,-5,-6,-1,-3,-4,32,27,12,0,sil
10.590058088302612,14,21,13,11,9,-3,-11,0,-14,-5,27,23,6,0,sil
10.605350494384766,2,17,5,15,7,-5,-13,-1,-12,-7,14,8,-1,-4,sil
10.605350494384766,-3,8,0,12,2,-2,-18,-4,-14,-6,1,-6,-7,-7,sil
10.621032238006592,-7,6,7,20,11,11,-17,-3,-22,-7,-5,-10,-7,-1,sil
10.621032238006592,-3,5,0,24,18,18,-2,-2,-12,6,1,-1,1,7,sil
10.636052370071411,-4,-9,-5,6,2,11,3,-2,-10,10,-3,-7,-1,2,sil
10.636052370071411,-18,-27,-22,-12,-11,3,0,-5,-16,-9,-19,-26,-15,-7,sil
10.651385307312012,-17,-20,-20,-20,-5,1,5,1,-3,-16,-14,-13,-8,-4,sil
10.651385307312012,-5,-1,4,-22,-2,0,14,12,14,-1,-1,11,6,0,sil
10.66763424873352,-4,0,2,-12,-9,-8,4,8,11,-1,0,8,3,-8,sil
10.66763424873352,-1,1,-2,-2,-7,-10,-4,1,0,-17,3,7,-6,-8,sil
10.682729959487917,2,6,-3,2,4,-1,0,1,4,-13,6,4,-1,-6,sil
10.682729959487917,-5,2,-2,1,3,1,0,0,10,-1,-7,-13,-1,-8,sil
10.698336362838743,-10,-2,13,10,-3,4,2,-1,8,3,-19,-17,-12,-3,sil
10.69875979423523,0,-4,7,17,-1,8,9,-3,3,4,-12,-11,-10,3,sil
10.71436333656311,10,-4,2,4,-3,11,10,-1,3,7,-10,-7,4,11,sil
10.71436333656311,11,-1,-4,-2,-6,4,11,-2,11,17,-12,-4,12,18,sil
10.73037052154541,10,-1,-4,-7,-5,-9,2,-3,14,22,0,5,14,15,sil
10.73037052154541,17,0,12,-14,-4,-14,-14,0,7,13,21,24,17,6,sil
10.745941638946531,25,14,9,0,2,-11,-20,-2,-5,-1,18,20,10,0,sil
10.745941638946531,15,20,8,17,11,-10,-12,0,-26,-20,0,0,-6,-6,sil
10.761149883270264,-4,10,2,6,14,-2,0,6,-23,-15,4,-2,-10,-5,sil
10.761149883270264,-6,1,-8,0,15,5,8,3,-3,4,11,9,-2,2,sil
10.77726912498474,-7,0,4,5,8,4,7,-1,-6,4,7,9,0,1,sil
10.77726912498474,-27,-3,0,3,1,5,8,0,-8,3,8,-2,-4,-6,sil
10.792125463485718,-27,-6,-7,0,3,17,12,2,0,5,0,-10,-11,-10,sil
10.792125463485718,-2,-3,-7,0,6,20,9,-1,6,6,-14,-6,-5,-3,sil
10.807260036468506,5,-6,-2,-3,0,6,4,-1,11,13,-3,3,8,5,sil
10.807260036468506,4,-5,3,-11,-13,-3,1,0,12,11,1,4,6,9,sil
10.823067903518677,11,1,-1,-3,-13,-3,-1,-4,6,-7,0,0,5,5,sil
10.823067903518677,17,7,10,1,-2,-10,-5,-2,12,-10,9,14,21,6,sil
10.839248418807983,13,1,12,-8,-7,-22,-12,-1,17,0,14,22,24,5,sil
10.85430908203125,9,2,-3,-12,-18,-18,-25,-4,-4,-10,6,6,5,0,sil
10.85430908203125,7,17,16,9,1,2,-25,2,-16,-21,11,3,-4,-5,sil
10.85430908203125,-3,16,2,27,23,6,-9,2,-7,-9,12,-2,-2,-5,sil
10.869484663009644,-15,-2,-20,10,7,-2,0,0,-12,-5,-9,-21,-16,-10,sil
10.869484663009644,-14,-18,-9,-5,-7,3,5,6,-8,-4,-27,-25,-24,-11,sil
10.885173082351685,-17,-25,-12,-2,-3,9,15,5,13,9,-23,-28,-15,-9,sil
10.885173082351685,-28,-23,-16,-2,-4,6,14,2,12,9,-21,-36,-14,-16,sil
10.90143609046936,-21,-14,-15,-1,-3,8,16,1,1,2,-16,-29,-14,-12,thankyou
10.90143609046936,0,-11,-10,-5,-1,8,21,-1,4,11,-11,-11,-5,11,thankyou
10.916179895401,1,-11,-8,-21,-8,0,7,-5,1,12,-10,0,1,18,thankyou
10.916179895401,-2,-5,-10,-19,-8,-4,-8,-7,-6,1,-3,12,4,5,thankyou
10.93135666847229,16,7,13,1,2,-5,-7,-4,-6,-3,8,33,6,13,thankyou
10.932357549667358,28,19,16,11,7,-7,-4,1,0,0,15,33,14,23,thankyou
10.947185516357422,20,20,8,5,4,-8,-7,8,-3,0,16,17,19,10,thankyou
10.96286654472351,22,18,19,4,5,-2,-2,2,-8,1,23,27,17,4,thankyou
10.96286654472351,22,17,16,5,6,0,-1,-7,-3,-1,33,33,17,8,thankyou
10.978142499923706,5,14,12,-3,0,0,-13,-7,-3,-13,18,11,4,-3,thankyou
10.978656768798828,-1,10,5,0,-3,-7,-19,-4,-3,-8,0,-7,-14,-18,thankyou
10.995038509368896,0,11,5,12,2,-9,-11,1,3,5,-1,-4,-12,-14,thankyou
10.995038509368896,-9,9,9,9,8,1,0,9,5,-8,-7,-5,-3,-12,thankyou
10.995038509368896,-23,-4,-8,2,4,13,11,4,-7,-27,-20,-21,-11,-18,thankyou
11.01058793067932,-21,-13,-5,2,0,14,16,0,-12,-9,-25,-19,-13,-9,thankyou
11.025617837905884,-17,-10,-4,6,0,19,20,0,-1,11,-19,-10,0,3,thankyou
11.025617837905884,-12,-8,-14,8,3,20,25,0,4,9,-15,-15,0,0,thankyou
11.04092001914978,-7,-9,-7,0,0,9,21,3,8,10,-9,-21,-5,0,thankyou
11.04092001914978,-11,-18,-14,-18,-5,-2,9,2,19,19,-5,-19,-2,4,thankyou
11.059147596359251,-9,-22,-14,-28,-9,-4,-1,-1,11,6,-11,-12,0,0,thankyou
11.059147596359251,0,-17,-9,-22,-7,-6,-11,-3,-8,-9,-5,-6,0,-5,thankyou
11.059147596359251,0,-14,-11,-22,-5,-17,-22,-3,-10,-9,5,0,0,0,thankyou
11.07319450378418,-1,-8,-1,-20,-6,-19,-32,-5,-2,-6,7,11,0,0,thankyou
11.08840560913086,15,15,6,7,3,-12,-19,-1,10,1,24,24,10,7,thankyou
11.08840560913086,40,32,27,30,18,-7,0,10,26,16,51,41,30,25,thankyou
11.10446810722351,37,24,22,24,16,-7,2,7,26,29,48,46,35,28,thankyou
11.10446810722351,8,15,-5,14,2,-8,-2,-3,3,18,21,20,12,6,thankyou
11.122270107269289,-4,13,1,11,-5,-6,0,0,-16,-16,-1,-5,-12,-12,thankyou
11.122270107269289,-1,1,4,6,0,-8,3,0,-14,-26,-9,-12,-8,-14,thankyou
11.122270107269289,-2,-5,1,0,-2,-3,0,-3,-5,-3,-5,-9,-1,-10,thankyou
11.137348890304564,-2,0,3,8,-9,12,-1,-2,-5,6,-8,-7,-10,-6,thankyou
11.153618335723875,0,0,-2,13,-5,21,2,0,-17,-6,-25,-14,-20,0,thankyou
11.153618335723875,-7,-9,-6,-2,-1,18,14,-1,-21,-9,-29,-17,-19,3,thankyou
11.153618335723875,-14,-14,-10,-8,-6,15,15,-3,-7,3,-13,-11,-8,2,thankyou
11.16718578338623,-3,-3,4,0,-4,9,2,-2,0,2,-8,-1,-2,6,thankyou
11.18337607383728,5,2,13,4,6,8,1,1,1,-3,-13,-2,0,12,thankyou
11.183892965316772,8,-6,1,-3,4,3,2,1,10,3,-6,-1,11,11,thankyou
11.19811511039734,6,-11,3,-24,-10,-2,-13,1,16,5,7,14,19,2,thankyou
11.19811511039734,-5,1,-10,-34,-7,-6,-16,-1,14,-4,14,14,11,-9,thankyou
11.213660717010498,-9,9,-8,-12,5,-10,-8,-3,1,-14,0,-4,-3,-17,thankyou
11.213660717010498,-2,1,12,9,8,-6,-7,0,-8,-13,-4,-6,-10,-14,thankyou
11.229001998901367,-3,-2,0,5,9,0,0,6,-1,0,20,5,-1,-4,thankyou
11.229001998901367,-4,6,-1,10,15,1,15,8,0,9,21,6,1,-1,thankyou
11.24470567703247,-6,10,-1,30,11,7,21,0,-10,0,-10,-6,-8,-6,thankyou
11.24470567703247,-8,3,-9,21,2,11,19,-4,-16,-11,-22,-18,-16,-6,thankyou
11.260815620422363,-8,-2,-5,-2,0,4,17,2,-6,0,-10,-16,-13,0,thankyou
11.260815620422363,-8,-9,-13,-6,-5,0,20,1,5,17,-13,-12,-5,2,thankyou
11.276158094406128,-9,-16,-10,-16,-14,-1,10,-5,4,10,-21,-10,-6,2,thankyou
11.276158094406128,-8,-17,-10,-22,-17,-11,-9,-6,4,0,-12,-16,-4,1,thankyou
11.292150974273682,0,-8,-13,-8,-8,-11,-22,0,10,2,-3,-9,7,-1,thankyou
11.292150974273682,13,0,-1,-4,0,-7,-24,4,5,2,4,15,19,0,thankyou
11.307482719421388,11,-5,-2,-24,-5,-20,-28,0,-7,-4,19,20,14,2,thankyou
11.307482719421388,0,-5,6,-27,-16,-22,-31,-2,-7,-6,18,13,2,-3,thankyou
11.32337212562561,8,14,15,1,-4,-9,-17,-3,6,0,16,21,6,-5,thankyou
11.32337212562561,23,26,13,22,17,-2,0,-1,14,3,31,34,19,8,thankyou
11.338363647460938,22,24,23,16,25,8,7,4,8,7,33,36,19,15,thankyou
11.338744163513184,9,17,15,10,17,11,3,5,3,7,10,15,7,5,thankyou
11.353570699691772,0,9,14,11,1,-1,-2,6,3,0,0,-1,0,1,thankyou
11.353570699691772,2,4,17,16,-1,6,6,6,1,-1,11,0,3,7,thankyou
11.36941146850586,0,-3,7,12,1,18,15,1,-4,-3,0,-6,-1,3,thankyou
11.36941146850586,-2,-8,2,4,-2,3,7,-1,-14,-10,-25,-22,-20,0,thankyou
11.385512351989746,6,-1,-3,20,-3,0,12,-4,-9,-4,-16,-18,-18,2,thankyou
11.385512351989746,9,0,0,26,2,14,22,0,0,2,-9,-9,-11,5,thankyou
11.401151895523071,-7,-7,-6,9,3,18,8,1,3,3,-19,-14,-10,0,sil
11.401151895523071,-10,-6,-16,2,-1,8,-3,-1,3,8,-9,-14,1,0,sil
11.41636347770691,0,-8,-4,1,-2,9,6,-3,5,7,0,-3,9,12,sil
11.41636347770691,-10,-20,-19,-16,-3,6,10,-6,3,3,-9,-5,3,10,sil
11.432413578033447,-21,-18,-25,-31,-10,-8,-8,-11,-7,0,-12,-9,0,-8,sil
11.432413578033447,-14,-3,-9,-21,-8,-11,-5,-3,-9,-5,-1,-3,0,-13,sil
11.448859930038452,-14,-6,-18,-23,0,-2,12,6,-4,-16,0,-5,-5,-14,sil
11.448859930038452,-27,-15,-21,-43,-8,-13,0,1,-6,-25,-8,-13,-17,-31,sil
11.463493585586548,-22,-2,-14,-31,-9,-25,-15,-1,0,-12,-1,-7,-14,-29,sil
11.463493585586548,0,14,6,-2,3,-12,-6,11,14,9,14,15,3,-5,sil
11.47912073135376,5,15,18,-1,5,0,-8,12,5,5,15,22,6,-1,sil
11.47912073135376,6,14,12,2,7,-4,-16,-7,-11,-11,4,8,-2,-1,sil
11.494440793991089,21,23,30,31,19,5,-2,-4,-8,-1,8,19,0,16,sil
11.494440793991089,27,23,23,44,13,16,4,5,0,19,14,25,11,20,sil
11.51038670539856,19,8,6,27,-5,7,-2,-2,-7,13,0,2,8,8,sil
11.51038670539856,11,-2,3,14,-4,7,0,-5,-12,1,-13,-9,3,9,sil
11.526474237442017,3,-5,-4,12,7,15,8,2,3,12,-9,-6,2,11,sil
11.526474237442017,4,-4,5,5,2,12,10,4,17,19,-3,-1,1,6,sil
11.542490482330322,13,-8,2,6,-6,-1,6,-6,14,14,6,1,11,10,sil
11.542490482330322,10,-10,-10,-1,-8,-20,-7,-11,-2,5,7,-1,12,7,sil
11.558321952819824,-1,-5,-7,-22,-8,-23,-14,-1,-5,-18,0,-5,-3,-11,sil
11.558321952819824,-3,-3,-6,-25,-1,-7,-4,4,11,-29,5,1,-3,-19,sil
11.573333024978638,2,0,8,-9,2,-3,-3,9,19,-11,15,14,10,-7,sil
11.573333024978638,-7,0,3,-10,-5,-15,-10,7,8,0,9,0,6,-3,sil
11.588409423828123,-24,-4,-12,-21,-8,-4,-5,1,-3,-7,-8,-18,-16,-10,sil
11.588409423828123,-24,-6,-3,-10,0,18,7,1,-9,-10,-26,-13,-29,-11,sil
11.604022979736328,-15,-4,-5,7,-1,12,17,2,-9,-7,-27,-15,-25,-3,sil
11.604022979736328,-6,-2,-5,7,-6,1,18,0,-3,1,-11,-15,-11,12,sil
11.620084047317505,6,-3,-3,1,6,12,19,-1,4,21,3,1,1,23,sil
11.620084047317505,10,-4,1,-1,8,6,3,-1,0,10,2,9,0,13,sil
11.636110782623293,3,5,8,0,-5,-12,-21,-4,-10,-13,2,7,0,0,sil
11.636110782623293,9,16,1,10,0,-6,-24,-8,-9,-2,26,16,21,1,sil
11.652278184890749,18,17,13,15,16,4,-7,0,-3,9,46,27,29,10,sil
11.652278184890749,4,16,14,11,15,0,5,2,-5,0,27,13,8,1,sil
11.66721224784851,-12,9,-7,16,8,0,11,0,-7,-5,-7,-10,-11,-14,sil
11.66721224784851,-14,1,-5,20,9,11,14,4,-2,4,-24,-15,-11,-13,sil
11.682828426361084,-13,-7,-9,8,5,11,18,2,14,26,-16,-12,0,-4,sil
11.682828426361084,-10,-19,-13,-17,-8,4,9,-3,16,20,-13,-11,3,-5,sil
11.698853015899658,-6,-19,-9,-23,-17,-7,-8,-1,5,-8,-16,-11,2,-9,sil
11.698853015899658,7,-3,-3,-10,-15,-23,-16,1,0,-15,-10,-5,8,-1,sil
11.714028358459473,28,10,23,-5,-12,-19,-10,0,0,-6,2,14,10,9,sil
11.714028358459473,30,15,18,-1,-2,-3,0,0,0,-8,14,24,7,12,sil
11.730066537857056,16,13,7,8,11,7,5,7,0,-8,9,17,4,11,sil
11.730066537857056,4,3,8,10,14,19,4,5,1,1,-4,7,2,5,sil
11.746092557907104,-4,-13,-6,2,0,13,-2,-3,3,12,-10,-4,-2,-1,sil
11.746092557907104,-10,-17,-7,-3,-8,1,-4,-5,8,19,-11,-10,-8,0,sil
11.761630296707152,-12,-19,-15,-7,-6,0,-3,-2,10,10,-10,-8,-7,0,sil
11.761630296707152,-16,-23,-16,-22,-13,-8,-15,-4,-3,-5,-4,-8,-10,-12,sil
11.777160406112673,-14,-13,-7,-31,-20,-23,-20,-6,-22,-11,6,-8,-8,-15,sil
11.777160406112673,-1,2,-6,-17,-3,-14,-8,-4,-19,-17,15,0,0,-5,sil
11.792351961135864,1,14,10,0,11,0,0,3,-5,-24,14,8,-2,-8,sil
11.792351961135864,-4,17,11,11,10,2,5,2,-3,-14,12,-2,-10,-16,sil
11.808050632476808,-6,15,4,25,14,5,13,1,-9,0,7,-14,-10,-7,sil
11.808443784713743,-6,7,-2,26,19,16,16,6,0,4,1,-8,-6,0,sil
11.823078870773315,-8,-2,-13,13,10,17,25,2,12,6,-10,-9,-8,0,sil
11.823078870773315,6,0,3,5,0,9,29,1,10,0,-26,-11,-8,10,sil
11.83928918838501,18,4,11,4,-6,0,17,2,11,3,-17,-4,2,22,sil
11.83928918838501,14,0,2,-9,-11,-10,-5,2,16,10,7,11,16,17,sil
11.85479187965393,16,4,8,-17,-10,-15,-25,2,16,9,21,29,24,11,sil
11.85479187965393,20,16,8,0,0,-16,-32,-3,8,1,20,28,20,10,sil
11.87041711807251,13,18,18,14,5,-11,-34,-6,-13,-13,11,16,2,3,sil
11.87041711807251,2,14,11,19,9,-1,-22,-2,-28,-9,5,7,-1,0,sil
11.88442611694336,-16,-3,-8,9,5,8,0,-4,-26,7,-4,-5,0,-5,sil
11.90192723274231,-33,-23,-9,-1,-2,14,18,-6,-25,1,-20,-22,-13,-16,sil
11.90192723274231,-23,-23,-18,0,-5,15,24,-1,-13,1,-22,-23,-12,-12,sil
11.90192723274231,-10,-15,-14,-6,-5,13,29,6,14,27,-5,-5,7,0,sil
11.91507625579834,-10,-18,-10,-21,-4,10,26,4,31,28,8,2,16,0,sil
11.930264472961426,-7,-17,-12,-24,-6,-1,6,1,28,0,0,-1,8,-6,sil
11.930264472961426,1,-5,-3,-20,-13,-18,-12,1,15,-12,-10,0,2,-3,sil
11.945900201797484,13,3,-1,-15,-12,-18,-14,0,9,-8,5,8,5,5,sil
11.945900201797484,24,14,10,-7,-1,-8,-13,0,7,-12,23,16,4,11,sil
11.962017059326172,16,15,9,0,5,-4,-16,2,0,-17,14,11,-1,3,sil
11.962017059326172,6,13,2,16,10,-5,-12,3,-5,-10,0,0,-4,-4,sil
11.977144956588743,16,24,22,37,17,6,0,6,0,5,2,7,-2,4,sil
11.977144956588743,17,22,16,35,19,13,9,-1,4,23,6,9,1,12,sil
11.992424964904783,1,0,-1,17,12,8,8,-8,-4,17,-8,-6,-1,1,sil
11.992424964904783,-3,-8,-7,10,6,8,11,-5,-9,11,-14,-12,-5,0,sil
12.008239984512327,-3,-8,-10,1,0,8,17,-6,-7,9,-11,-13,-3,6,sil
12.008239984512327,-12,-18,-7,-22,-10,-2,5,-10,-13,-11,-24,-18,-7,-6,sil
12.02389121055603,-21,-28,-19,-33,-13,-13,-10,-6,-14,-29,-22,-20,-14,-24,sil
12.02389121055603,-15,-14,-5,-31,-8,-12,-12,3,-5,-20,5,-2,-9,-19,sil
12.039035320281982,-4,6,9,-18,-1,-7,-6,6,0,-12,19,9,-2,-13,sil
12.039035320281982,-3,1,-6,-1,-5,-10,-10,0,-12,-25,6,-1,-11,-15,sil
12.060158491134644,-9,-5,1,3,-11,-8,-15,3,-18,-31,0,-8,-19,-9,sil
12.060158491134644,-7,5,8,5,-1,-2,-9,6,-6,-11,7,0,-4,0,sil
12.061159372329712,0,11,8,12,2,3,-2,7,-3,5,8,5,6,0,sil
12.070608139038086,9,7,12,20,0,14,1,8,-1,9,6,11,6,11,sil
12.086238145828249,14,9,5,25,3,14,6,6,16,22,5,18,13,27,sil
12.086238145828249,8,10,8,21,10,10,13,0,27,33,-2,9,17,22,sil
12.102349281311035,0,0,-1,12,9,12,16,-7,21,26,-3,-6,11,9,sil
12.102349281311035,0,-4,-7,6,4,15,12,-6,13,17,-2,-10,5,9,sil
12.118286609649658,-5,0,-2,0,2,13,12,-2,9,15,-6,-4,4,15,sil
12.118286609649658,-10,-2,-16,-7,2,0,10,-8,11,15,1,1,12,11,sil
12.133355379104614,-8,-10,-8,-22,-5,-12,-1,-11,4,6,9,1,12,-2,sil
12.133355379104614,-4,-9,0,-26,-8,-9,1,-5,-1,-7,0,-4,1,-11,sil
12.14856481552124,2,-1,-1,-18,-1,-10,9,4,3,-13,-3,1,0,-9,sil
12.14856481552124,5,0,-1,-18,-7,-20,-5,8,6,-4,5,18,4,-8,sil
12.16422176361084,3,-8,-13,-20,-14,-20,-19,1,-3,-7,2,11,-1,-13,sil
12.16422176361084,14,0,1,-11,-7,-15,-20,3,-14,-21,-1,5,-18,-9,sil
12.1793532371521,19,11,16,-2,-5,-12,-16,8,-13,-17,3,7,-14,0,sil
12.1793532371521,13,9,8,-5,-3,0,-10,0,-17,-14,0,7,-5,0,sil
12.194480657577516,20,11,14,8,11,9,-5,-4,-23,-19,-2,10,-6,0,sil
12.194480657577516,21,15,13,32,15,10,1,1,-13,-3,4,3,-3,3,sil
12.210474491119385,3,0,6,20,2,15,7,5,1,11,0,-7,0,8,sil
12.210474491119385,-11,-5,-5,13,7,20,0,-1,3,4,-1,-14,-4,1,sil
12.225595712661743,-15,1,-6,32,19,11,-5,-3,-6,0,0,-20,-5,-8,sil
12.225595712661743,-19,0,0,27,10,3,3,-1,-9,9,-11,-17,-3,-1,sil
12.241386651992798,-15,-7,-10,12,1,4,15,-3,3,17,-9,-4,4,10,sil
12.241386651992798,-8,-12,-4,2,-2,5,18,3,19,21,4,0,17,5,sil
12.25642728805542,-21,-21,-14,-31,-16,0,14,4,27,19,0,-17,14,-10,sil
12.25642728805542,-31,-22,-26,-47,-23,-11,9,-4,25,2,-26,-30,-2,-16,sil
12.272059679031372,-8,-5,4,-14,-7,-5,9,-1,11,-10,-27,-8,-4,-3,sil
12.272059679031372,12,3,9,4,3,0,6,1,9,0,7,16,11,9,sil
12.287155151367188,8,0,3,-12,-4,-9,-9,1,4,-7,23,17,12,7,sil
12.30291748046875,1,2,4,-20,-7,-17,-19,3,-14,-30,6,8,0,-1,sil
12.30291748046875,8,8,-4,-12,-2,-13,-15,-1,-24,-24,2,5,-8,-6,sil
12.30291748046875,13,17,8,-3,0,-4,-10,-5,-13,-11,16,18,-6,-3,sil
12.32004976272583,12,21,18,15,12,3,-3,-1,-4,-7,20,26,-5,0,sil
12.32004976272583,14,17,17,33,23,6,-2,0,-12,-1,11,19,-10,7,sil
12.335134029388428,8,12,6,38,16,4,-10,-1,-17,-1,6,3,-13,6,sil
12.335134029388428,-1,5,-8,28,7,8,-10,-2,-7,0,1,-10,-15,0,sil
12.34939670562744,0,-2,0,13,6,18,0,5,3,22,-1,-7,-10,2,sil
12.36592936515808,-3,-9,-8,6,0,13,14,2,7,30,-4,-7,2,3,sil
12.36592936515808,-20,-13,-21,-5,-6,0,17,-1,2,8,-17,-23,4,-6,sil
12.380240440368652,-21,-17,-17,-24,-6,0,10,0,6,1,-27,-27,0,-9,sil
12.380240440368652,-14,-19,-16,-29,-13,1,3,-2,14,17,-20,-19,8,-2,sil
12.39635705947876,-10,-13,-1,-20,-21,-4,2,-3,13,16,-10,-7,15,1,sil
12.39635705947876,0,-7,0,-12,-12,-7,-1,0,10,2,-2,2,15,4,sil
12.412046194076538,11,-8,0,-22,-5,-8,-9,0,2,-7,3,11,13,0,sil
12.412046194076538,12,-3,12,-30,-11,-7,-5,-4,-2,-15,10,19,11,0,sil
12.427221775054932,18,8,7,-7,-9,-9,1,0,3,-12,15,21,8,6,sil
12.427221775054932,27,15,16,7,-1,-12,-6,8,2,-6,14,25,7,3,sil
12.442440748214722,18,9,15,1,6,-10,-13,3,-3,-4,17,25,6,0,sil
12.442440748214722,5,5,4,0,8,-5,-8,-1,-8,-16,15,12,-4,0,sil
12.457599401474,7,18,10,18,6,3,0,3,-8,-16,11,4,-11,-1,sil
12.457599401474,12,27,7,38,17,15,13,7,-1,4,10,3,0,4,sil
12.473058700561523,-5,9,2,28,22,15,13,6,-1,7,-3,-1,-5,0,sil
12.473058700561523,-29,-10,-9,10,11,7,5,1,-11,-9,-15,-18,-23,-17,sil
12.48857569694519,-19,-3,-10,13,2,13,12,0,-7,-2,-7,-20,-15,-10,sil
12.48857569694519,5,11,11,25,8,25,22,-1,8,20,-3,-4,0,10,sil
12.5044207572937,-4,-2,0,11,5,13,9,-6,7,18,-6,-5,-4,5,sil
12.5044207572937,-22,-19,-15,-12,-7,-6,-8,-6,-4,5,-4,-14,-6,-4,sil
12.519484996795654,-10,-10,-14,-9,-5,-5,0,0,4,12,-3,-17,2,0,sil
12.519484996795654,0,-5,-7,0,2,0,8,0,17,11,-11,-20,0,3,sil
12.535004377365112,-8,-14,3,-8,-2,-5,1,-3,5,-5,-19,-16,-5,0,sil
12.535004377365112,-8,-13,-9,-15,-7,-10,-13,-7,-7,-10,-20,-8,-2,-3,sil
12.550189018249512,-6,-7,-11,-16,-6,-11,-21,-6,-13,-7,-15,-10,-6,-13,sil
12.550189018249512,-6,-7,-9,-17,-10,-16,-17,-2,-10,-14,-9,-12,-7,-10,sil
12.566308975219728,4,-3,-7,-15,-15,-21,-11,2,-2,-10,0,3,4,5,sil
12.566308975219728,13,5,16,-22,-14,-14,-15,0,-5,1,17,24,14,10,sil
12.582364320755005,10,6,8,-18,-5,-2,-10,-4,-5,6,24,20,16,6,sil
12.582364320755005,13,8,2,-2,3,1,-1,1,3,-3,18,16,15,11,sil
12.598520278930664,16,13,6,1,-1,0,-5,4,5,-8,14,20,11,6,sil
12.598921775817873,6,10,-1,-1,-6,-4,-8,1,1,-4,11,12,6,-9,sil
12.614480018615724,0,10,9,11,5,0,1,7,6,-2,5,10,5,-4,sil
12.614480018615724,2,8,11,23,13,10,14,9,12,8,8,15,6,9,sil
12.629417181015016,6,0,4,13,14,21,20,4,14,18,10,10,2,6,sil
12.629417181015016,9,8,3,19,18,23,22,1,15,10,7,6,2,4,sil
12.645355939865112,8,10,1,34,10,14,14,0,0,-1,4,2,-2,5,sil
12.645355939865112,-5,-12,3,10,-2,8,0,0,-16,-2,-5,-10,-20,-5,sil
12.660091161727903,-20,-26,-12,-16,-3,9,1,-3,-13,-2,-19,-22,-26,-13,sil
12.660091161727903,-17,-18,-13,-10,-5,2,6,-12,-12,-15,-34,-20,-22,-12,sil
12.67612886428833,-19,-15,-5,-2,-12,-2,0,-9,-17,-20,-31,-21,-20,-14,sil
12.67612886428833,-20,-15,-13,-12,-11,-2,-2,1,-4,1,-12,-18,-9,-6,sil
12.69133472442627,-2,-2,1,-19,-7,-4,0,6,10,17,-1,1,5,7,sil
12.69133472442627,10,5,4,-8,0,-7,3,0,18,15,2,11,13,6,sil
12.70736289024353,12,13,3,0,7,-6,5,0,20,6,15,9,12,0,sil
12.70736289024353,13,23,10,-5,5,-10,-1,5,3,-1,24,14,7,0,sil
12.72349762916565,7,17,1,-6,0,-24,-13,1,-13,-1,20,11,6,-3,sil
12.72349762916565,4,11,9,5,0,-21,-13,-1,-12,3,13,1,6,0,sil
12.739041805267334,7,9,10,15,3,0,-7,2,0,1,11,-5,7,1,sil
12.739041805267334,1,4,2,20,3,8,-5,4,0,0,5,-11,5,-2,sil
12.754715919494627,0,4,8,24,10,8,0,3,-2,6,-2,-3,2,0,sil
12.754715919494627,2,0,-4,16,16,12,2,0,-4,-1,-3,-1,0,3,sil
12.770837783813477,0,-4,-5,4,5,12,-1,-1,-13,-11,-14,-6,-2,5,sil
12.770837783813477,-5,-5,-3,6,1,12,1,-1,-10,0,-20,-6,0,8,sil
12.787306308746338,-5,-7,-11,-1,4,11,13,-3,4,4,-12,-7,3,2,sil
12.787306308746338,-5,-12,-11,-14,-5,6,15,-1,14,0,-9,-10,0,1,sil
12.803001880645752,-5,-11,-9,-15,-12,0,8,1,14,4,-11,-8,0,15,thankyou
12.803001880645752,-1,-9,-1,-16,-4,0,4,4,13,12,1,6,5,16,thankyou
12.818387269973757,0,-9,-10,-16,-7,-3,4,2,20,3,11,13,7,2,thankyou
12.818387269973757,-4,-12,-8,-11,-18,-14,-1,-1,16,-8,0,11,0,3,thankyou
12.83429479598999,2,-8,12,-10,-13,-12,-4,1,7,-5,-3,17,-1,10,thankyou
12.83429479598999,14,0,0,-9,-5,-6,-1,-3,3,2,12,18,4,4,thankyou
12.849235534667969,2,-1,0,-16,-15,-13,-10,-11,-18,-20,3,5,-8,-13,thankyou
12.849235534667969,-8,-2,7,-16,-14,-13,-22,-9,-32,-37,-9,-4,-31,-28,thankyou
12.864760160446169,0,10,-5,6,5,0,-15,0,-10,-16,1,-4,-24,-22,thankyou
12.864760160446169,0,17,4,18,5,0,-7,2,-9,-2,0,-5,-12,-13,thankyou
12.879993438720703,-17,1,3,5,-4,-9,-11,-2,-27,-9,-10,-20,-17,-23,thankyou
12.879993438720703,-9,-1,0,-7,3,-2,-12,0,-12,-3,2,-15,-4,-22,thankyou
12.896028995513916,12,17,8,3,15,7,-1,5,4,7,17,9,19,0,thankyou
12.896028995513916,8,20,10,21,12,4,4,1,-8,0,3,6,10,3,thankyou
12.91207242012024,-9,3,11,18,8,3,0,0,-15,1,-8,-8,-7,-8,thankyou
12.91207242012024,-11,0,1,14,13,13,9,3,3,23,6,-8,6,-4,thankyou
12.928118467330933,-1,6,1,16,20,24,27,3,16,37,9,2,16,7,thankyou
12.928118467330933,0,7,3,15,20,26,25,3,13,28,-3,6,6,15,thankyou
12.943989515304564,1,-1,-5,7,8,15,19,2,15,23,-7,3,8,25,thankyou
12.943989515304564,14,-12,2,-1,-6,4,18,4,24,20,0,7,19,30,thankyou
12.95990252494812,13,-18,-4,-14,-13,-3,6,5,27,7,7,8,24,24,thankyou
12.95990252494812,3,-17,-9,-24,-11,-14,-12,5,16,-4,3,3,16,11,thankyou
12.975514888763428,6,-7,0,-15,-9,-18,-15,4,5,-11,0,2,2,-4,thankyou
12.975514888763428,15,6,-1,-1,-6,-14,-8,-3,5,-13,4,4,-2,-5,thankyou
12.991091012954712,15,16,6,-2,-3,-14,-14,-7,0,-16,14,13,-3,6,thankyou
12.991091012954712,7,13,5,5,1,-11,-23,-9,-14,-16,16,15,-3,2,thankyou
13.006264209747314,-1,6,4,26,6,3,-12,-6,-24,-13,5,-1,-5,-10,thankyou
13.006264209747314,-10,0,0,18,5,16,10,-2,-22,-2,-7,-20,-11,-7,thankyou
13.02144694328308,-19,-12,-20,1,1,14,25,-4,-7,4,-17,-28,-15,-2,thankyou
13.02144694328308,-16,-16,-12,5,-1,13,29,0,8,6,-20,-21,-11,-4,thankyou
13.037322282791138,-11,-9,-12,2,-2,14,32,7,20,16,-13,-10,-2,0,thankyou
13.037322282791138,-12,-12,-25,-29,-13,-3,10,4,10,4,-14,-6,-7,-1,thankyou
13.053565979003906,-7,-15,-6,-38,-26,-22,-18,-5,-2,-26,-17,-1,-15,-11,thankyou
13.053565979003906,0,-6,7,-19,-18,-17,-16,-8,-6,-30,-9,6,-5,-11,thankyou
13.069623231887816,0,1,7,-21,-4,-9,-12,1,-12,-11,-3,13,2,-8,thankyou
13.069623231887816,0,5,-1,-23,-4,-17,-30,7,-16,0,5,11,1,-9,thankyou
13.083494663238524,6,13,9,-4,-4,-27,-40,0,-20,-8,18,8,-1,-6,thankyou
13.083494663238524,18,29,37,16,9,-8,-18,-4,-26,-25,16,10,-5,0,thankyou
13.099071025848389,18,31,24,31,22,18,7,0,-7,-5,10,8,-2,5,thankyou
13.114228010177612,6,16,6,31,19,25,5,3,11,22,11,3,4,8,thankyou
13.114228010177612,-1,6,0,20,15,13,-4,1,6,19,17,1,12,9,thankyou
13.129382848739624,-5,1,-5,10,13,7,5,0,-2,12,12,1,12,4,thankyou
13.129382848739624,-14,-11,-4,0,0,8,13,0,-9,10,-14,-9,-2,-5,thankyou
13.146022081375122,-15,-22,-12,0,-7,6,13,1,-2,6,-21,-20,-5,-12,thankyou
13.146022081375122,-2,-10,0,11,1,8,22,6,24,13,2,-8,7,0,thankyou
13.160495042800903,0,-3,0,8,8,11,23,2,34,24,0,-1,9,5,thankyou
13.160495042800903,-5,-15,-21,-13,-4,1,6,-4,21,15,-20,-14,5,0,thankyou
13.176074028015137,-3,-18,-9,-32,-17,-9,0,2,20,-2,-6,-7,14,7,thankyou
13.176074028015137,6,-11,-1,-20,-10,-10,4,5,25,-4,8,6,19,18,thankyou
13.192097902297974,22,-1,2,-7,-3,-11,-1,-1,6,-3,-4,11,6,11,thankyou
13.192097902297974,27,15,8,-2,-1,-17,-9,-4,-8,-10,-1,16,-3,0,thankyou
13.209293365478516,16,23,6,8,5,-12,-8,0,-9,-15,19,16,-7,-3,thankyou
13.209293365478516,4,13,15,17,10,2,-9,4,-8,0,21,13,-8,-2,thankyou
13.224727153778076,-7,6,2,12,8,9,-11,-1,-16,6,7,0,-10,-3,thankyou
13.224727153778076,-15,4,-4,5,4,3,-15,-9,-31,-11,-5,-11,-23,-9,thankyou
13.224727153778076,-11,-2,-2,7,4,11,-2,-2,-28,-16,-8,-8,-20,-12,thankyou
13.241567373275757,-10,-10,-16,5,5,23,21,-1,-4,4,-8,-8,-4,-4,thankyou
13.241567373275757,-18,-7,-10,1,0,17,24,-6,8,13,-18,-14,-7,2,thankyou
13.255314350128174,-15,-7,-7,-7,-11,0,7,-5,7,4,-19,-16,-6,1,thankyou
13.271039009094238,-4,-15,-7,-19,-18,-6,-2,2,6,-9,-3,-8,7,1,thankyou
13.271039009094238,3,-11,0,-15,-12,-7,-2,1,12,-12,8,8,17,10,thankyou
13.286423921585085,15,3,5,-1,-2,-11,-1,1,13,5,15,23,22,19,thankyou
13.286423921585085,19,10,13,-1,-5,-16,-4,7,-3,1,19,25,21,9,thankyou
13.301628112792969,4,0,0,-10,-15,-21,-14,3,-20,-20,8,12,6,-10,thankyou
13.301628112792969,0,-2,-1,-8,-12,-17,-18,-1,-14,-22,-5,7,-4,-11,thankyou
14.612989902496338,-11,-11,0,0,-1,-4,3,0,9,16,-8,0,7,5,thankyou
14.612989902496338,-10,-12,-6,-9,-7,-1,6,1,12,25,-6,-2,6,5,thankyou
14.612989902496338,0,-9,-10,-1,-7,0,7,1,13,16,-3,-4,11,5,thankyou
14.626033306121826,5,-1,-4,-6,-3,0,15,3,14,11,0,3,13,3,thankyou
14.641173124313354,1,1,-7,-14,2,0,22,4,20,12,-1,2,8,3,thankyou
14.641173124313354,7,5,3,-9,3,-7,4,0,20,6,2,-2,9,4,thankyou
14.657287120819092,15,7,7,-6,0,-10,-14,-7,11,5,13,1,11,0,thankyou
14.657287120819092,13,7,0,-9,2,-6,-11,-2,-1,6,19,14,6,0,thankyou
14.67334532737732,19,15,12,-2,7,-3,-1,6,-12,1,19,27,7,0,thankyou
14.67334532737732,21,19,9,17,8,-3,-4,-2,-14,-6,16,12,4,-6,thankyou
14.689091444015505,4,15,6,25,13,5,-10,-10,-20,-16,1,-8,-14,-13,thankyou
14.689091444015505,-7,3,5,7,14,18,-1,-2,-25,-20,-9,-13,-21,-7,thankyou
14.70400595664978,-12,-15,-9,-20,0,20,11,1,-17,-15,-13,-19,-15,-1,thankyou
14.70400595664978,-21,-22,-6,-17,-9,15,15,-1,0,-3,-25,-17,-11,1,thankyou
14.720136880874634,-21,-15,-15,2,-2,2,7,-1,13,7,-27,-12,-8,2,thankyou
14.720136880874634,-12,-18,-16,-10,-11,-14,-11,0,15,0,-14,-15,-11,-3,thankyou
14.735464572906494,-12,-21,-5,-28,-24,-20,-19,0,15,-6,-3,-6,-8,-6,thankyou
14.735464572906494,-7,-5,-5,-12,-8,-10,-8,4,18,6,0,9,10,2,thankyou
14.751190423965454,8,15,9,7,5,-1,-1,10,21,16,9,17,19,7,thankyou
14.751190423965454,13,12,4,9,-1,-5,-5,-1,12,1,12,11,7,-3,thankyou
14.766407251358032,3,-2,-2,-6,-7,-11,-12,-5,-7,-18,8,6,-1,-12,thankyou
14.766407251358032,7,7,15,-3,6,-4,-9,8,-8,-9,21,16,9,0,thankyou
14.782402276992798,26,24,19,26,16,0,0,5,3,16,36,24,22,14,thankyou
14.782402276992798,23,18,19,21,5,0,-2,-5,-13,4,23,16,11,11,thankyou
14.797571182250977,-1,6,5,2,5,-1,-6,-2,-31,-13,9,8,0,0,thankyou
14.797571182250977,-11,5,0,11,10,1,1,2,-25,-7,-1,-1,-2,-4,thankyou
14.813002586364746,-5,1,1,20,2,9,10,-1,-21,1,-21,-16,-16,-4,thankyou
14.813002586364746,-7,-3,-7,17,1,17,13,-3,-12,1,-16,-17,-18,0,thankyou
14.82844614982605,-10,-4,0,12,7,16,12,0,3,6,-6,-12,-8,0,thankyou
14.82844614982605,-21,-10,-13,-3,0,7,9,0,6,8,-23,-25,-10,-6,thankyou
14.844248294830322,-30,-22,-33,-20,-11,5,7,-3,2,0,-38,-31,-18,-12,thankyou
14.844248294830322,-20,-21,-17,-16,-16,9,9,-1,3,1,-25,-16,-14,-5,thankyou
14.860656499862673,-8,-18,-14,-23,-19,0,5,0,-5,0,-18,-16,-12,-1,thankyou
14.860656499862673,-6,-18,-6,-35,-24,-14,-4,-4,-12,-15,-24,-12,-11,-6,thankyou
14.87620759010315,2,-9,2,-21,-15,-4,0,-4,9,-12,-5,5,4,-3,thankyou
14.87620759010315,18,2,3,-3,0,3,5,3,33,16,20,15,23,9,thankyou
14.891361951828005,25,14,14,1,6,-7,0,10,37,23,28,24,23,13,thankyou
14.891361951828005,30,20,7,8,9,-13,-12,1,37,7,34,29,23,8,thankyou
14.907410383224487,27,18,10,6,12,-8,-16,0,22,0,31,22,23,6,thankyou
14.907410383224487,9,9,11,0,8,-10,-16,-3,-3,-5,15,8,12,0,thankyou
14.923394680023192,10,13,8,5,9,-10,-9,-4,-12,-7,20,9,4,3,thankyou
14.923394680023192,27,25,21,18,14,3,2,2,-13,-1,32,23,12,21,thankyou
14.939027786254885,13,20,9,26,13,7,5,6,-19,-3,11,9,7,13,thankyou
14.939027786254885,-9,8,0,20,7,1,0,2,-15,-14,-16,-13,-14,-12,thankyou
14.954126119613647,-3,5,4,10,10,10,7,1,10,1,-5,-4,-7,-6,thankyou
14.954126119613647,4,-4,-2,3,5,13,23,4,25,19,10,5,13,13,thankyou
14.969440937042236,-12,-15,-7,-6,-5,-1,14,6,5,3,-9,-8,0,2,thankyou
14.969440937042236,-28,-11,-15,0,-7,-3,0,-1,-15,-3,-23,-18,-18,-12,thankyou
14.985259771347046,-21,-10,-5,8,0,6,0,-7,-29,-1,-15,-8,-19,-10,thankyou
14.985259771347046,-16,-19,-1,-1,0,11,7,-2,-35,-8,-11,-4,-15,-8,thankyou
15.000393152236938,-20,-18,-15,-11,-3,8,1,-4,-34,-3,-16,-7,-14,-7,thankyou
15.000393152236938,-13,-9,-2,-6,-10,2,-11,-10,-25,8,-17,-5,-12,-2,thankyou
15.016428232192991,-3,-6,0,0,-5,-3,-13,-8,-1,5,-9,-11,-4,-1,thankyou
15.016428232192991,0,-1,-3,0,0,-8,-13,-1,22,1,0,-5,2,0,thankyou
15.032044172286987,0,2,0,-7,-3,-7,-19,-1,24,3,0,5,4,3,thankyou
15.032044172286987,-4,-10,-9,-23,-13,-8,-14,-3,14,0,-5,-5,3,0,thankyou
15.0470769405365,-10,-19,-4,-32,-18,-10,0,3,4,-2,-9,-9,0,-3,thankyou
15.06264877319336,0,-4,-1,-16,-18,-6,3,7,1,-6,-4,0,0,-1,thankyou
15.06264877319336,10,8,3,1,-10,1,0,5,6,-11,4,2,-1,-4,thankyou
15.06264877319336,6,4,4,-5,-6,0,3,5,14,-5,9,4,0,-3,thankyou
15.078736066818236,2,-3,-14,-20,-10,-10,5,3,8,-2,1,0,0,-2,thankyou
15.078736066818236,9,3,0,-13,-3,-2,3,1,-3,-11,-5,-4,-2,-9,thankyou
15.096013069152832,14,14,12,4,8,9,10,-2,0,-6,6,0,0,-10,thankyou
15.096013069152832,15,15,7,8,10,1,8,1,-1,-2,10,3,-1,-5,thankyou
16.38744306564331,1,0,9,20,12,23,31,-1,26,34,0,-6,2,18,thankyou
16.38744306564331,-11,-12,-5,3,0,23,27,2,20,35,-10,-13,0,12,thankyou
16.403310775756836,-25,-26,-26,-26,-13,7,8,0,1,4,-39,-30,-16,-7,thankyou
16.403310775756836,-28,-26,-26,-37,-15,-9,-1,-3,5,-14,-49,-30,-18,-10,thankyou
16.418620824813843,-8,-9,-10,-18,-12,-11,0,-1,25,-2,-17,-6,-2,3,thankyou
16.418620824813843,12,0,8,-13,-9,-10,-8,0,11,-3,0,15,1,8,thankyou
16.434170961380005,7,-1,0,-18,-6,-21,-28,-3,-26,-16,0,13,0,0,thankyou
16.434170961380005,3,4,6,-10,-2,-25,-33,-4,-46,-23,14,12,-1,0,thankyou
16.449458837509155,11,18,13,13,5,-9,-28,0,-33,-24,19,13,0,-5,thankyou
16.449458837509155,5,14,-1,22,9,4,-16,1,-9,-19,4,1,3,-10,thankyou
16.464914560317993,-3,0,5,9,6,11,3,0,5,-6,-2,-1,0,0,thankyou
16.464914560317993,-1,-6,3,5,3,20,23,-2,16,3,-2,-5,0,7,thankyou
16.480443000793457,0,-9,-3,0,-1,20,26,-3,27,12,-7,-15,2,5,thankyou
16.480443000793457,-14,-18,-14,-24,-10,7,14,-1,27,17,-4,-16,6,-4,thankyou
16.4975426197052,-18,-19,-24,-32,-14,-14,-10,-1,3,-3,-6,-7,-1,-18,thankyou
16.4975426197052,4,3,4,-10,-12,-25,-23,-2,-11,-33,-9,5,-11,-20,thankyou
16.51220393180847,21,21,15,3,-3,-14,-9,1,-10,-27,8,14,-1,-15,thankyou
16.51220393180847,7,19,6,7,5,0,-2,6,-18,-9,22,10,2,-14,thankyou
16.527371406555176,-2,18,4,18,12,1,-3,2,-25,-4,8,2,-4,-8,thankyou
16.527371406555176,7,17,0,19,12,3,5,-6,-16,1,-2,0,-2,5,thankyou
16.54300880432129,9,3,12,10,7,11,15,1,-3,13,0,4,4,19,thankyou
16.54300880432129,-3,-3,11,24,12,15,15,6,16,32,5,1,7,23,thankyou
16.558069705963135,-2,3,3,30,14,11,16,2,32,41,0,-9,5,16,thankyou
16.57362961769104,0,-1,-1,-1,-1,12,19,6,32,17,-14,-13,-1,8,thankyou
16.57362961769104,-2,-18,-14,-16,-9,8,17,1,20,2,-14,-7,-2,9,thankyou
16.58908438682556,4,-6,0,6,5,2,0,-9,0,16,12,8,10,16,thankyou
16.58908438682556,5,1,0,11,16,-1,-13,-9,-4,27,25,12,20,15,thankyou
16.60432243347168,-5,-14,-18,-18,6,-8,-10,-5,-1,4,0,0,5,0,thankyou
16.60432243347168,-4,-14,-6,-26,-8,-20,-12,-4,-13,-20,-15,-1,-8,-13,thankyou
16.61998748779297,-1,-1,4,-11,-14,-25,-15,1,-12,-13,6,8,0,-12,thankyou
16.61998748779297,-10,-1,7,-15,-11,-17,-10,9,2,-2,17,16,3,-3,thankyou
16.637102365493774,-6,1,3,-15,-5,-9,-2,6,3,-6,8,15,2,-1,thankyou
16.637102365493774,7,9,6,-4,-8,-12,-3,6,0,-8,5,11,6,-2,thankyou
16.63814115524292,2,7,12,-7,-14,-8,-8,6,1,-11,0,3,-2,-7,thankyou
16.651193380355835,-11,3,-5,-8,-9,-1,-9,-9,-15,-35,-10,-16,-26,-23,thankyou
16.66732692718506,-9,2,-7,0,-5,0,-8,-13,-35,-47,-14,-25,-34,-24,thankyou
16.66732692718506,0,-1,-5,1,-6,11,-2,0,-18,-13,-10,-19,-14,-7,thankyou
16.683303117752075,1,-6,-12,4,3,21,7,3,5,12,-17,-17,-1,2,thankyou
16.683303117752075,-2,-7,-1,16,15,21,12,-1,5,1,-24,-15,-8,6,thankyou
16.698147535324097,-7,-2,-4,24,12,18,8,-3,9,-1,-18,-18,-10,3,thankyou
16.698147535324097,-2,5,-1,20,9,21,8,2,11,9,-12,-19,-2,0,thankyou
16.713246822357178,6,5,2,21,11,21,24,3,9,18,2,0,16,17,thankyou
16.713246822357178,13,-7,0,10,1,1,22,0,16,27,23,24,37,37,thankyou
16.728562593460083,16,-8,7,-19,-8,-18,-2,-2,7,8,10,24,24,22,thankyou
16.728562593460083,13,6,4,-17,0,-17,-12,-5,-4,-13,0,14,0,-2,thankyou
16.744301080703735,23,13,14,7,4,-9,-9,2,8,4,25,29,13,-3,thankyou
16.744301080703735,24,9,17,3,1,-11,-10,9,29,30,45,40,30,0,thankyou
16.759583234786987,5,5,-4,-14,3,-17,-12,1,21,19,29,16,10,-5,thankyou
16.759583234786987,-6,4,0,-7,0,-10,-12,-1,-3,1,15,4,-7,-18,thankyou
16.775264739990234,-8,0,0,3,-3,0,0,0,-24,-6,6,0,-9,-21,thankyou
16.775264739990234,-12,0,-1,0,4,10,22,0,-30,-16,-14,-11,-18,-11,thankyou
16.790337562561035,-15,4,-4,1,7,14,22,2,-19,-12,-25,-19,-23,-9,thankyou
16.790337562561035,-19,-2,-16,2,-3,7,0,-2,-14,-6,-23,-23,-19,-11,thankyou
16.80546498298645,-13,-7,-1,0,-7,8,-4,-4,-13,-4,-19,-16,-9,3,thankyou
16.80546498298645,1,0,3,4,-3,7,4,0,2,14,-8,-3,7,23,thankyou
16.82121229171753,-3,-5,-7,0,-7,0,-5,0,3,14,-11,-13,0,13,thankyou
16.82121229171753,-25,-19,-12,-11,-10,-2,-17,-7,-10,-17,-23,-33,-27,-7,thankyou
16.837305307388306,-23,-17,-16,-8,0,-2,-8,-7,-7,-21,-16,-23,-16,-8,thankyou
16.837305307388306,-4,-4,0,-5,0,-2,1,0,2,0,-6,0,6,5,thankyou
16.853071451187134,0,0,2,-6,-2,0,2,1,9,6,0,0,9,9,thankyou
16.853071451187134,1,0,0,0,-3,-7,-3,8,14,5,9,2,9,0,thankyou
16.86820077896118,8,0,9,-1,-4,-16,-10,11,10,0,9,16,11,-5,thankyou
16.868569374084473,12,0,7,-4,0,-6,-1,1,13,-8,2,10,10,0,thankyou
16.883370399475098,18,9,10,7,10,4,9,0,26,0,8,12,14,11,sil
16.883370399475098,22,12,3,12,9,1,14,5,29,18,27,28,26,13,sil
16.899299383163452,17,1,-1,-4,-2,-4,6,1,6,8,22,21,12,3,sil
16.899299383163452,6,-1,10,-18,-6,-1,-9,-5,-16,-16,0,5,-12,-3,sil
16.91438102722168,4,6,2,-4,0,-1,-11,-9,-17,-10,5,3,-2,-4,sil
16.91438102722168,5,17,5,15,3,0,-3,0,-8,2,15,9,9,-5,sil
16.92999839782715,-2,17,2,18,5,3,-7,2,-7,-3,7,5,-1,-6,sil
16.92999839782715,-6,6,-6,0,1,-6,-17,-5,-8,-10,3,1,-7,-2,sil
16.946033000946045,0,3,7,1,0,-6,-4,-1,-1,-1,5,0,2,1,sil
16.946033000946045,2,9,6,21,12,10,15,3,1,11,0,-2,0,0,sil
16.96115279197693,4,4,3,15,13,18,19,0,-9,12,-6,-2,-8,1,sil
16.96115279197693,4,-3,-1,1,2,17,20,-1,-14,10,-8,-1,-3,10,sil
16.97731876373291,-1,-1,-11,13,7,14,20,3,-5,9,-12,-8,-2,5,sil
16.97731876373291,-12,-4,-8,12,8,8,13,0,1,1,-21,-19,-18,-7,sil
16.993144989013672,-22,-22,-15,-13,-9,0,13,-6,9,0,-29,-27,-24,-11,sil
16.993144989013672,-15,-27,-10,-26,-22,0,15,3,14,2,-29,-18,-12,-5,sil
17.00821566581726,-1,-18,-7,-20,-18,-2,5,4,7,-1,-15,-4,-5,0,sil
17.00821566581726,-5,-17,-20,-23,-16,-17,-16,-5,-5,-9,-3,-11,-11,-5,sil
17.02378511428833,-8,-11,-2,-28,-18,-23,-34,-1,-10,-11,3,-5,-5,-8,sil
17.02378511428833,11,8,16,-2,-5,-12,-24,8,12,2,24,22,27,13,sil
17.03903603553772,23,15,19,11,3,-6,-16,6,15,4,30,33,39,20,sil
17.03903603553772,0,6,4,-4,2,-8,-29,-2,-11,-15,13,12,15,-5,sil
17.056185722351074,-10,7,-4,-5,11,-3,-25,-5,-14,-17,6,1,3,-11,sil
17.056185722351074,4,21,13,19,24,8,-3,1,0,3,19,12,11,6,sil
17.070207595825195,-2,13,2,27,16,6,2,1,-12,-5,19,1,4,-1,sil
17.08730125427246,-26,-7,-11,5,1,1,1,0,-29,-31,-9,-19,-16,-22,sil
17.08730125427246,-22,-6,-3,-6,0,9,12,1,-15,-14,-25,-23,-19,-18,sil
17.08730125427246,0,4,0,8,3,11,19,0,4,19,-7,-13,-9,2,sil
17.102962732315063,9,1,7,18,0,7,19,0,10,26,0,-2,-9,14,sil
17.102962732315063,7,-4,-2,0,-4,10,18,0,9,19,-12,-3,-9,11,sil
17.116090536117554,4,-2,-4,-10,-6,9,15,1,15,17,-12,-2,-2,11,sil
17.132168769836426,6,-4,4,-2,-7,3,15,3,33,25,-2,6,6,14,sil
17.132168769836426,9,-10,-5,-11,-10,-6,9,-1,41,25,-3,6,7,10,sil
17.148210763931274,13,-2,4,-24,-4,-9,-6,-5,20,1,-2,6,4,6,sil
17.148210763931274,14,8,6,-9,4,-8,-11,-4,-1,-15,3,12,5,-1,sil
17.163915395736694,7,3,-3,-2,0,-14,-11,-1,-4,-8,4,7,4,-11,sil
17.163915395736694,5,3,7,-6,0,-15,-14,-1,-5,-3,12,8,6,-6,sil
17.180540561676025,6,3,6,4,8,-2,-6,-3,-16,-4,18,13,10,-3,sil
17.180540561676025,0,0,0,15,8,10,2,0,-25,-13,3,8,-2,-12,sil
17.195181608200073,-1,9,-2,22,9,14,8,5,-8,-8,2,1,-2,-5,sil
17.195181608200073,0,14,3,23,11,12,11,7,0,0,10,1,9,11,sil
17.210810899734497,-8,0,3,12,0,11,9,5,-5,2,2,-1,8,13,sil
17.210810899734497,-9,-8,-12,7,-7,7,8,1,2,5,0,-3,4,10,sil
17.22914171218872,4,0,-2,0,-10,-2,7,0,11,4,0,0,3,15,sil
17.22914171218872,3,-8,-5,-14,-20,-21,-8,-2,-2,-10,-5,-1,-1,5,sil
17.22914171218872,-7,-18,-15,-27,-19,-26,-34,-11,-24,-27,-8,-7,-13,-18,sil
17.242280960083008,-6,-1,7,-18,0,-9,-31,-6,-27,-22,-2,-1,-18,-27,sil
17.25826382637024,0,14,7,3,11,0,-9,0,-17,-9,8,0,-9,-15,sil
17.25826382637024,-2,9,5,7,7,-4,-9,0,-17,-11,11,-4,-9,-13,sil
17.273653030395508,-4,7,7,8,8,2,-8,0,-7,-3,4,-11,-9,-15,sil
17.273653030395508,0,18,5,30,22,19,18,8,24,19,3,-8,2,1,sil
17.28878092765808,-5,9,4,31,15,20,25,9,29,17,-2,-1,0,11,sil
17.28878092765808,-18,-20,-13,1,-8,6,3,0,7,4,-19,-9,-13,-3,sil
17.304413318634033,-12,-26,-11,-11,-15,0,0,0,7,9,-28,-16,-7,-4,sil
17.304413318634033,-5,-13,-6,-7,-8,-1,12,0,16,16,-27,-13,3,10,sil
17.319780349731445,-12,-19,-17,-19,-11,-3,12,-2,10,11,-19,-16,1,10,sil
17.319780349731445,-7,-22,-7,-32,-12,2,4,0,11,11,-7,-5,2,5,sil
17.335445642471313,5,-5,-3,-20,-2,3,4,-1,12,18,0,10,12,13,sil
17.335445642471313,14,3,3,-17,0,-3,3,0,0,14,3,21,16,16,sil
17.35109829902649,19,4,14,-21,0,-2,5,0,5,8,18,27,21,16,sil
17.35109829902649,21,12,5,-9,7,-6,3,-1,11,-3,23,22,17,13,sil
17.367242574691772,9,12,2,-9,9,-14,-11,0,-9,-20,8,6,-4,-6,sil
17.367242574691772,-5,-1,-11,-28,0,-6,-19,1,-22,-23,2,-13,-15,-25,sil
17.382479429244995,-3,0,-7,-20,-6,-5,-18,-1,-18,-21,3,-14,-10,-16,sil
17.382479429244995,10,21,18,13,1,-13,-17,0,-15,-22,10,7,-4,-3,sil
17.39838433265686,6,27,13,33,10,-5,-11,1,-14,-13,17,15,-2,-7,sil
17.39838433265686,-6,12,11,35,5,6,-9,0,-16,-6,10,3,-7,-13,sil
17.41341781616211,0,8,10,39,5,4,-3,-2,-10,-5,1,-2,-4,-7,sil
17.41341781616211,14,18,14,43,14,11,18,2,6,0,0,3,7,10,sil
17.429463863372803,11,13,15,41,11,26,33,4,16,5,0,6,11,21,sil
17.429463863372803,3,-4,1,31,2,21,22,-2,13,12,4,-4,4,10,sil
17.44545292854309,1,-12,0,17,3,12,13,0,14,20,-1,-11,-1,1,sil
17.44545292854309,-4,-10,-15,8,1,14,18,2,18,25,-13,-5,0,6,sil
17.460601568222046,-19,-18,-26,-6,-14,1,2,-4,9,12,-14,-6,-1,3,sil
17.460601568222046,-24,-28,-15,-33,-21,-16,-20,-10,-3,-2,-16,-18,-11,-9,sil
17.476395845413208,-16,-26,-17,-39,-12,-17,-18,-2,0,-1,-13,-21,-16,-12,sil
17.476395845413208,-5,-13,-5,-32,-10,-17,-12,2,2,9,3,3,1,-1,sil
17.49214482307434,0,-5,-3,-24,-12,-21,-18,-3,-4,4,13,19,19,2,sil
17.49214482307434,8,-1,-5,-22,-9,-13,-14,-3,-11,-14,9,18,13,0,sil
17.50720453262329,10,6,7,-16,-7,-3,-1,6,-2,-15,15,21,9,0,sil
17.50720453262329,0,14,7,-2,0,-1,2,9,9,1,19,14,13,0,sil
17.52244257926941,-2,15,10,-3,5,4,0,7,1,0,-1,0,-3,-10,sil
17.52244257926941,-1,10,5,-4,3,10,-1,0,-14,-18,-17,-8,-19,-15,sil
17.538352489471436,0,4,-1,10,3,11,2,-4,-19,-14,-16,-11,-12,-2,sil
17.538352489471436,3,4,9,19,9,14,16,2,-13,0,-13,-6,-7,12,sil
17.5538809299469,4,2,0,15,14,13,31,5,-1,3,-8,-4,-5,9,sil
17.5538809299469,1,-1,-1,13,11,13,28,2,8,12,-6,-7,0,3,sil
17.569846868515015,1,-3,1,14,5,10,15,-2,10,21,-8,-9,0,9,sil
17.569846868515015,8,-3,0,5,0,-10,-3,-5,7,9,-4,-5,5,14,sil
17.58537268638611,14,0,8,-9,-4,-23,-26,-1,-1,-12,5,9,14,10,sil
17.58537268638611,12,3,-2,-17,0,-17,-32,1,-5,-17,11,14,6,-4,sil
17.600382566452026,4,7,1,-7,4,-10,-16,2,0,-14,11,8,-8,-18,sil
17.600382566452026,-9,12,12,14,8,-4,-2,-1,4,-3,19,2,-4,-13,sil
17.616374015808105,-20,4,-8,22,15,3,0,-4,8,12,19,-7,3,-1,sil
17.616374015808105,-15,-10,-12,8,8,13,6,2,7,23,1,-14,0,0,sil
17.632497310638428,-12,-17,-12,-5,-6,16,17,4,12,22,-10,-14,-5,-1,sil
17.632497310638428,-13,-13,-11,-17,-9,1,5,-1,18,13,-16,-11,-6,1,sil
17.64855933189392,-1,-8,-4,-16,-7,-11,-11,-6,13,6,-11,-5,2,2,sil
17.64855933189392,4,-10,-3,-19,-16,-12,-16,-11,-13,-10,-5,0,2,-7,sil
17.663451433181763,-6,-10,-3,-35,-22,-15,-22,-10,-43,-41,-10,3,-13,-21,sil
17.663451433181763,-1,5,0,-21,-9,-9,-15,-3,-32,-38,3,14,-7,-15,sil
17.679415464401245,16,23,19,18,7,8,3,3,0,-3,28,28,9,5,sil
17.679415464401245,12,21,20,34,13,14,8,7,3,5,14,14,4,9,sil
17.69409728050232,0,8,2,24,9,12,9,3,-5,0,-13,-8,-3,2,sil
17.69409728050232,0,-3,8,9,5,19,21,5,4,14,-10,0,4,13,sil
17.71008014678955,2,-8,-6,5,2,16,26,5,25,25,2,5,17,22,sil
17.71008014678955,14,4,0,12,2,0,13,5,30,13,9,8,23,13,sil
17.72543692588806,23,20,22,15,2,-10,-3,5,17,-3,20,19,11,0,sil
17.72543692588806,2,9,-1,4,0,-10,-16,-1,-4,-15,13,1,-8,-9,sil
17.741167545318604,-12,-4,-3,2,-4,2,-10,-2,-21,-18,-11,-25,-16,-11,sil
17.741167545318604,-6,-6,0,7,-3,9,8,0,-15,1,-14,-18,-7,-1,sil
17.756202459335327,-10,-12,-19,-4,-11,3,18,-1,-7,11,-13,-11,-3,4,sil
17.756202459335327,-18,-15,-12,-15,-17,6,15,-2,-6,7,-21,-17,-9,0,sil
17.773036241531372,-7,-9,-8,-4,-10,7,11,0,0,16,-10,-13,-6,0,sil
17.773036241531372,0,-8,-4,-14,-12,-4,0,2,12,11,-2,-1,0,7,sil
17.7882981300354,-3,-11,-5,-27,-13,-8,-8,3,24,-4,-6,-1,2,6,sil
17.7882981300354,4,-1,-3,-15,-5,-9,-14,-1,18,-4,0,4,-1,-2,sil
17.80246138572693,9,7,8,-9,-6,-18,-20,-4,-7,-6,12,12,-2,-8,sil
17.81899666786194,4,0,3,-13,-7,-22,-12,0,-15,-12,11,7,2,-2,sil
17.81899666786194,13,2,13,-1,6,-15,-7,3,-7,-1,11,16,3,0,sil
17.83314538002014,17,13,15,10,14,-11,-16,-2,-9,0,14,27,3,-5,sil
17.83314538002014,0,9,0,10,10,-4,-16,-5,-13,-11,7,8,0,-12,sil
17.84836220741272,-8,6,-4,13,19,12,1,-1,-10,-7,-2,-7,-3,-9,sil
17.84836220741272,-1,5,-11,19,32,19,10,0,2,6,0,-3,1,-2,sil
17.86444878578186,-1,0,3,16,28,2,0,2,11,2,6,6,6,3,sil
17.86444878578186,-11,3,13,15,22,-2,-2,2,0,0,8,1,4,1,sil
17.880011558532715,-15,5,-4,16,26,13,10,1,-5,11,-1,-14,2,-2,sil
17.880011558532715,-11,-6,-9,14,29,24,22,3,5,11,-10,-15,0,2,sil
17.89604926109314,-8,-17,-12,4,27,16,18,0,10,9,-8,-9,-1,9,sil
17.89604926109314,-3,-11,-2,-8,16,10,9,-2,8,10,-8,-8,0,12,sil
17.91118860244751,1,0,1,-3,10,12,12,-1,16,12,-6,-6,4,12,sil
17.91118860244751,1,0,-6,3,13,3,11,-3,13,1,-2,0,0,10,sil
17.927513599395752,4,-10,-2,-24,-9,-18,-6,-4,-9,-20,-12,3,-10,3,sil
17.927513599395752,6,-17,-10,-48,-52,-29,-18,0,-9,-24,-9,4,-8,-1,sil
17.943120002746582,4,-5,-1,-32,-60,-19,-23,4,2,-16,0,4,0,-4,sil
17.943120002746582,5,-6,13,-35,-69,-17,-33,2,-8,-28,-16,-2,-8,-17,sil
17.958553314208984,15,-17,9,-72,-98,-22,-26,-5,-24,-41,-20,-8,-21,-29,sil
17.958553314208984,20,16,21,-37,-47,0,4,3,-4,-10,18,9,-1,-12,sil
17.974393606185913,2,58,13,55,28,20,21,12,15,23,35,16,19,5,sil
17.974393606185913,-12,34,3,57,-11,3,9,1,-5,6,5,1,2,0,sil
17.989403247833252,0,5,10,20,-42,2,8,2,-14,-2,8,4,1,2,sil
17.989403247833252,10,14,8,47,13,17,16,6,6,30,31,13,24,20,sil
18.005417108535767,-3,17,5,59,19,14,1,-8,1,34,12,4,8,9,sil
18.005417108535767,-7,3,-7,30,0,9,-4,-16,-18,9,-5,-1,-10,-1,sil
18.0214626789093,2,-7,-10,21,30,13,8,0,-9,9,3,0,2,7,sil
18.0214626789093,-6,-21,-6,11,37,6,1,0,-1,11,-3,-16,0,0,sil
18.03714227676392,-23,-29,-21,-10,20,0,-11,-10,0,4,-21,-31,-11,-14,sil
18.03714227676392,-10,-16,-12,-11,34,5,8,5,23,16,-16,-10,2,2,sil
18.052457332611084,-1,-13,-11,-6,43,6,28,13,40,26,-6,-4,5,14,sil
18.052457332611084,-14,-23,-19,-23,31,-1,13,1,20,3,-11,-19,-11,0,sil
18.0681049823761,-7,-16,-4,-34,28,-8,-1,0,12,-8,-2,1,-4,0,sil
18.0681049823761,15,-2,-1,-22,27,-15,1,3,30,1,16,24,16,9,sil
18.089273929595947,11,-3,5,-17,16,-19,-1,0,9,-11,7,15,6,1,sil
18.09027409553528,-2,-6,2,-19,4,-18,-9,-7,-29,-35,-10,3,-8,-11,sil
18.09027409553528,0,1,0,-19,-5,-19,-20,-7,-43,-39,-12,5,-6,-16,sil
18.09860587120056,12,11,12,-6,-10,-15,-28,-3,-30,-25,-3,11,-2,-9,sil
18.114158391952515,26,22,13,17,-7,-5,-17,0,-9,-3,3,16,2,6,sil
18.114158391952515,26,23,18,14,-11,-4,-10,8,-3,0,0,14,4,9,sil
18.55226707458496,-6,-3,-7,9,3,8,3,-5,-24,-19,-27,-23,-20,-9,sil
18.567404985427856,-1,-7,0,6,0,14,3,-6,-16,-3,-19,-16,-6,1,sil
18.567404985427856,0,-1,-4,7,-4,14,11,-1,0,17,-7,-7,0,9,sil
18.567404985427856,5,0,-1,11,0,17,21,7,17,21,-4,-5,-1,7,sil
18.584470748901367,0,-5,-1,3,3,20,22,10,33,23,-3,-6,4,5,sil
18.584470748901367,-9,-10,-14,-10,-6,7,12,5,36,22,0,-3,13,4,sil
18.59924030303955,-5,-17,-3,-18,-17,-7,1,1,24,5,-6,2,7,4,sil
18.613266706466675,2,-20,-6,-16,-12,-13,0,0,23,7,-6,0,9,10,sil
18.613266706466675,7,-9,-8,-12,-8,-17,-1,2,31,24,11,4,24,18,sil
18.629069089889526,13,0,7,-7,-7,-16,-8,0,22,11,20,22,24,15,sil
18.629069089889526,11,4,2,-1,1,-12,-11,-3,4,-12,9,21,8,0,sil
18.64518666267395,2,3,2,-13,0,-11,-17,-1,-14,-25,-1,3,-3,-14,sil
18.64518666267395,-12,-7,-12,-31,-12,-17,-24,-7,-36,-36,-8,-15,-16,-32,sil
18.661224842071533,-24,-13,-18,-30,-11,-20,-20,-14,-50,-48,-21,-24,-38,-41,sil
18.661224842071533,-12,4,7,-2,0,-7,-13,-4,-40,-32,-17,-6,-33,-21,sil
18.677266836166385,5,20,9,23,10,8,-10,0,-19,-6,6,10,-1,2,sil
18.677266836166385,5,18,10,24,22,13,-9,0,-16,-6,8,11,2,6,sil
18.69323301315308,1,13,13,19,23,11,-4,2,-13,-1,-5,0,-5,4,sil
18.69323301315308,0,6,4,14,7,6,0,2,-1,12,-2,-2,-3,5,sil
18.694233179092407,-10,0,0,5,-1,11,8,0,6,9,0,-1,-7,2,sil
18.707988500595093,-15,-4,-11,0,0,22,26,4,13,10,-9,-9,-6,0,sil
18.724025011062626,-3,-4,-3,-2,-3,20,37,9,23,32,-10,-9,11,9,sil
18.724025011062626,11,-2,5,-2,-6,2,31,6,31,40,8,2,26,15,sil
18.724025011062626,13,-4,6,-2,-4,-15,8,0,25,13,17,6,22,4,sil
18.742063283920288,7,-4,6,-16,-4,-16,-11,0,12,-5,10,9,10,-6,sil
18.755236387252808,10,0,-3,-20,-4,-7,-12,0,12,2,17,12,11,-1,sil
18.755236387252808,13,7,3,-2,-4,-9,-6,0,9,0,26,6,11,0,sil
18.770642280578613,0,9,5,13,2,-6,-6,-2,-5,-16,15,1,0,-3,sil
18.770642280578613,-2,10,0,18,13,10,-3,0,-12,-9,2,2,-6,0,sil
18.7861807346344,1,8,10,15,8,17,-3,-1,-13,7,3,0,-8,8,sil
18.7861807346344,-6,-2,-6,12,2,4,-6,-10,-14,3,1,-9,-11,5,sil
18.802061796188354,-8,-9,-12,8,4,-1,0,-4,-17,-8,-11,-7,-8,4,sil
18.802061796188354,1,-7,-1,4,0,0,7,1,-7,4,-16,-1,-1,8,sil
18.818129062652588,2,-14,-9,0,-7,0,8,0,13,18,-13,-6,1,10,sil
18.818129062652588,-1,-15,-2,-3,-2,-1,6,2,29,13,-11,0,14,9,sil
18.83402180671692,-1,-6,-2,-14,-1,-7,1,7,29,5,-3,8,21,6,sil
18.83402180671692,-7,-6,-8,-34,-17,-19,-19,3,7,-13,-7,0,-4,-7,sil
18.849162578582764,-8,-5,-2,-29,-21,-18,-31,0,-13,-33,-11,-2,-23,-26,sil
18.849162578582764,0,6,5,-2,-5,-6,-18,-1,-18,-25,4,8,-10,-22,sil
18.864765882492065,0,12,15,8,8,6,0,1,-20,-13,7,3,-8,-9,sil
18.864765882492065,-9,5,2,13,10,23,18,0,-23,-13,-13,-15,-21,-12,sil
18.880460500717163,0,3,2,26,3,28,29,0,-23,-14,-22,-20,-22,-17,sil
18.880460500717163,2,6,2,23,2,16,24,1,-14,-6,-14,-13,-9,-6,sil
18.89577436447144,-3,0,-12,0,9,2,11,1,1,11,0,-5,9,8,sil
18.89577436447144,1,-4,0,-11,2,-3,0,-1,11,23,12,4,23,18,sil
18.911031246185303,8,0,-2,-2,-6,-8,-9,-10,9,21,14,2,19,14,sil
18.911031246185303,5,3,-8,-3,-2,-9,-16,-13,8,16,4,4,10,8,sil
18.926125049591064,11,3,8,-13,0,-9,-14,-4,12,12,4,22,12,13,sil
18.926125049591064,16,9,5,-3,0,-16,-2,2,12,5,16,22,14,10,sil
18.941670179367065,9,18,9,8,10,-12,0,5,-1,-3,16,7,3,-5,sil
18.941670179367065,-2,14,7,5,13,-1,-4,1,-16,-8,1,-8,-12,-14,sil
18.957547426223755,-13,-8,-1,-1,1,8,2,1,-13,-14,-10,-17,-22,-8,sil
18.957547426223755,-14,-21,-2,5,-1,19,18,6,8,-5,-4,-8,-15,0,sil
18.97262620925904,-9,-15,-11,9,1,19,24,8,20,19,0,-2,-1,1,sil
18.97262620925904,-15,-17,-8,-17,-11,2,12,4,6,15,-14,-10,-5,-1,sil
18.98808550834656,-21,-30,-12,-39,-24,-10,-3,0,0,-10,-19,-12,-7,-1,sil
18.98808550834656,-2,-13,-5,-17,-9,-12,-15,1,11,-9,0,6,8,5,sil
19.00372719764709,19,19,20,6,5,-4,-15,2,7,1,18,26,20,6,sil
19.00372719764709,15,19,7,-4,3,-1,-15,-7,-11,-10,22,16,12,0,sil
19.01939702033997,15,16,6,-4,5,-3,-21,-9,-17,-17,15,10,5,0,sil
19.01939702033997,21,33,22,35,16,-2,-16,1,-3,-1,16,18,10,7,sil
19.03516888618469,6,23,12,43,12,0,-10,1,-4,0,12,2,0,2,sil
19.03516888618469,-9,0,0,9,2,1,-4,-1,-16,-9,-2,-14,-15,-9,sil
19.05147361755371,-5,-1,-10,5,2,9,16,0,-2,0,-6,-9,-11,-6,sil
19.05147361755371,0,0,0,20,1,14,31,5,19,24,0,-1,5,3,sil
19.06609344482422,-6,-14,-5,8,-4,12,25,5,28,33,-3,-6,14,2,sil
19.06609344482422,-17,-24,-23,-15,-10,5,21,1,27,20,-15,-16,2,-4,sil
19.08150148391724,-19,-23,-10,-27,-11,0,18,-4,12,3,-24,-19,-8,0,sil
19.08150148391724,-11,-20,-11,-23,-7,-3,12,-9,-1,0,-23,-14,1,6,sil
19.09751868247986,3,-10,-6,-22,-16,-9,6,0,-9,-10,-20,0,4,8,sil
19.09751868247986,14,0,0,-16,-21,-10,-2,8,-8,-18,-15,5,-11,7,sil
19.113273859024048,19,3,0,-4,-5,-7,-13,2,-7,-16,-2,12,-10,3,sil
19.113273859024048,22,13,19,3,10,-8,-19,-3,-9,-13,8,28,3,0,sil
19.12841820716858,16,21,16,10,10,-17,-20,-6,-17,-11,16,19,1,-4,sil
19.128910779953003,1,13,0,7,6,-16,-33,-6,-34,-17,16,1,-14,-13,sil
19.14399600028992,-7,10,0,10,14,2,-29,-6,-34,-23,18,3,-16,-24,sil
19.14399600028992,-2,23,5,33,29,18,-2,-6,-10,-6,20,3,0,-11,sil
19.16000723838806,0,20,13,36,29,17,9,1,4,18,9,-10,5,3,sil
19.16000723838806,-14,-4,-3,9,10,11,7,3,11,23,0,-24,-3,-4,sil
19.176122903823853,-20,-14,-11,-6,-7,8,12,1,16,13,-5,-23,-7,-13,sil
19.176122903823853,-15,-9,-5,-3,-11,7,14,7,16,14,-9,-10,0,1,sil
19.191343545913696,-11,-17,-15,-9,-9,6,11,9,22,25,-3,-6,6,15,sil
19.191343545913696,-9,-29,-12,-30,-13,1,11,5,25,18,-2,-10,7,7,sil
19.2065372467041,-10,-27,-14,-41,-16,-9,7,-1,11,-4,-15,-14,3,0,sil
19.222481727600098,-2,-14,-9,-36,-17,-15,-4,-7,-3,-20,-17,-1,0,2,sil
19.22348165512085,15,-3,6,-30,-17,-12,-18,-4,-10,-20,0,24,5,10,sil
19.22348165512085,20,3,5,-19,-14,-17,-22,1,-15,-17,8,27,6,9,sil
19.23809003829956,14,19,20,5,-6,-12,-13,6,-20,-16,1,18,0,7,sil
19.23809003829956,20,28,27,37,11,8,1,1,-10,0,7,23,7,13,sil
19.254261016845703,22,19,17,38,23,21,3,-4,-5,8,8,21,12,17,sil
19.254261016845703,1,4,9,22,11,17,3,-5,-14,-2,-7,-2,-7,0,sil
19.270000457763672,-15,-3,-11,15,2,12,14,-3,-6,0,-13,-25,-19,-17,sil
19.270000457763672,-12,-2,-5,15,12,15,21,1,24,21,0,-12,0,-5,sil
19.285102605819706,-7,3,0,16,13,11,28,7,47,37,11,2,18,9,sil
19.285102605819706,-12,-3,-12,3,-2,-5,26,1,35,30,5,-4,12,-3,sil
19.30067563056945,-14,-11,-12,-18,-13,-13,5,-4,10,10,0,-5,0,-18,sil
19.316437005996704,-7,-6,-13,-19,-4,-13,-7,-2,5,-1,8,1,3,-12,sil
19.316437005996704,0,2,-2,-7,1,-17,-9,2,10,-8,6,-1,5,-10,sil
19.316437005996704,6,5,-1,-9,0,-17,-14,3,3,-13,3,-6,0,-15,sil
19.332496404647827,18,7,1,-10,-6,-14,-20,1,-10,-15,11,8,-2,-4,sil
19.332496404647827,26,14,19,3,-6,-10,-18,1,-19,-22,12,25,-8,8,sil
19.349427223205566,28,18,17,16,1,-1,-12,2,-23,-26,4,11,-10,14,sil
19.349427223205566,25,14,15,16,4,1,-11,2,-28,-19,2,1,-6,18,sil
19.364630460739136,10,6,7,11,10,3,-16,-6,-32,-12,-1,5,-6,15,sil
19.364630460739136,0,0,-8,13,21,16,-9,-10,-25,-6,-7,0,-7,10,sil
19.380390882492065,0,1,2,18,19,23,5,0,-14,5,-8,-9,-1,10,sil
19.380390882492065,-18,-10,-6,9,3,7,10,0,-3,21,-9,-17,0,0,sil
19.39602041244507,-37,-29,-19,-10,-6,3,6,-6,-3,14,-18,-21,-9,-19,sil
19.39602041244507,-31,-26,-19,-16,-8,17,16,-3,-1,0,-21,-21,-16,-21,sil
19.411396980285645,-25,-20,-21,-17,-11,9,17,2,0,-1,-29,-27,-17,-18,sil
19.411396980285645,-37,-30,-13,-34,-16,-6,1,3,4,3,-37,-34,-20,-27,sil
19.429054975509644,-35,-32,-14,-37,-17,-3,1,0,28,9,-20,-24,-6,-22,sil
19.429054975509644,-7,-11,-3,-22,-16,1,10,4,47,12,2,6,15,2,sil
19.4441602230072,16,8,7,-8,-11,0,7,6,36,9,6,25,30,20,sil
19.4441602230072,18,7,3,-5,-5,-8,0,1,14,1,6,15,26,17,sil
19.4593243598938,15,12,19,-5,-7,-22,-9,1,-4,-13,12,14,7,7,sil
19.4593243598938,21,27,18,5,0,-19,-20,-2,-14,-19,28,25,4,4,sil
19.47444319725037,35,36,16,23,19,-3,-12,-5,-5,0,41,34,19,15,sil
19.47444319725037,40,38,30,35,26,1,0,1,1,12,40,36,23,26,sil
19.490153551101685,20,25,14,36,14,0,-2,4,-7,4,25,19,11,16,sil
19.504266262054443,-3,5,-4,24,9,5,-5,2,-14,-1,9,0,2,0,sil
19.504266262054443,-10,-6,-8,9,13,14,6,0,-6,9,4,-8,0,-5,sil
19.52035641670227,-9,-11,0,1,3,12,17,-2,0,13,-8,-17,-16,-5,sil
19.52035641670227,-9,-13,-4,-1,-8,8,14,-2,4,8,-19,-18,-21,-5,sil
19.521355628967285,-4,-13,-24,-8,-11,3,8,-2,17,6,-6,-7,3,0,sil
19.537505388259888,0,-6,-6,-25,-14,-7,0,-3,18,0,2,4,9,0,sil
19.537505388259888,7,1,1,-19,-8,-22,-4,-1,12,-7,5,11,-1,-9,sil
19.55117893218994,13,8,8,5,0,-18,-14,2,0,-14,11,12,-5,-11,sil
19.5664222240448,0,1,13,8,0,-2,-21,-1,-19,-21,-3,-1,-19,-18,sil
19.5664222240448,-16,-14,-18,-10,2,0,-9,-8,-27,-19,-24,-23,-31,-23,sil
19.581204175949097,-11,-9,-8,-11,11,7,4,4,-23,-15,-19,-16,-18,-7,sil
19.581204175949097,-9,4,12,2,3,12,0,9,-27,-21,-16,-7,-9,0,sil
19.59750819206237,-13,6,-3,8,-7,-3,-12,-2,-25,-16,-30,-19,-18,-9,sil
19.59750819206237,3,9,1,17,2,-1,-4,1,-2,10,-20,-13,-8,10,sil
19.613098859786987,14,7,7,24,13,17,11,5,13,33,9,4,16,37,sil
19.613098859786987,0,-3,0,13,5,13,10,0,4,25,5,2,22,22,sil
19.62820625305176,-12,-6,-12,5,5,7,14,-2,2,7,-11,-6,9,0,sil
19.62820625305176,-12,-11,-14,-4,4,17,26,1,17,4,-11,-10,0,1,sil
19.64340543746948,-14,-23,-7,-28,-8,11,20,0,21,10,-9,-12,3,0,sil
19.64340543746948,-10,-18,-11,-27,-11,-4,11,-1,18,16,-6,-7,12,-4,sil
19.65816044807434,0,0,2,-5,-4,-7,13,2,20,12,6,9,18,1,sil
19.65816044807434,-1,1,3,-4,-5,-9,2,0,11,1,18,10,15,2,sil
19.673250913619995,-6,-10,-17,-21,-12,-20,-24,-6,-2,-8,10,0,3,-9,sil
19.673250913619995,0,-8,2,-25,-14,-22,-32,-3,-2,-15,6,10,0,-9,sil
19.689332008361816,13,3,13,-7,-11,-21,-17,2,5,-9,17,21,11,1,sil
19.689332008361816,20,4,4,-4,-13,-23,-22,4,-1,-11,18,16,3,0,sil
19.70485544204712,17,2,3,-10,-9,-16,-32,-1,-9,-21,14,10,-9,-7,sil
19.70485544204712,12,12,10,5,12,0,-17,-4,-8,-14,23,15,-4,-4,sil
19.720134019851685,7,23,21,22,25,12,-1,5,-11,3,23,18,-3,-2,sil
19.720134019851685,1,21,5,24,17,17,0,6,-7,13,12,5,-8,-1,sil
19.7356219291687,6,23,7,29,17,18,10,0,-2,3,6,2,-1,3,sil
19.7356219291687,8,18,9,33,17,18,19,0,-4,-4,1,1,0,4,sil
19.750991582870483,-3,-2,-9,13,2,6,16,1,-7,-1,-6,-11,-5,-1,sil
19.750991582870483,0,-4,0,-3,-2,2,15,0,-2,5,-8,-10,-1,2,sil
19.76612615585327,5,2,4,5,3,9,19,-2,3,7,-6,-4,4,6,sil
19.76612615585327,0,1,6,16,1,10,14,-2,5,9,-15,-7,-3,6,sil
19.782254457473755,2,5,13,17,-1,10,13,-4,1,9,-14,1,-8,11,sil
19.782254457473755,1,0,-6,5,-9,3,2,-11,-12,-5,-16,0,-9,1,sil
19.7963936328888,-20,-27,-17,-25,-21,-10,-20,-6,-26,-25,-33,-25,-24,-19,sil
19.813445329666138,-22,-29,-14,-33,-12,-7,-17,1,-8,-6,-22,-21,-18,-8,sil
19.813445329666138,-1,-9,-3,-4,5,7,1,4,17,13,0,0,7,12,sil
19.813445329666138,0,-1,0,10,5,10,7,2,18,3,-6,-2,8,7,sil
19.829078197479248,-4,-5,-15,-1,0,0,11,0,18,1,-9,-6,1,4,sil
19.829078197479248,0,-1,-5,-13,0,-3,15,4,25,15,9,5,18,15,sil
19.84415459632873,1,0,-4,-10,3,-4,10,7,24,22,16,5,28,8,sil
19.84515166282653,-3,-7,-11,-12,1,-17,-6,3,9,11,2,-2,11,-9,sil
19.858327865600582,-10,-11,-6,-24,-2,-28,-19,1,-3,-7,-5,-1,-5,-17,sil
19.874409914016724,-13,-7,-15,-27,-3,-20,-7,1,-5,-12,0,-2,-2,-17,sil
19.874409914016724,-2,-3,-2,-20,-7,-8,2,3,-8,-7,0,1,0,-15,sil
19.89000630378723,8,3,7,-11,-11,-7,-9,3,-10,-5,1,7,0,-4,sil
19.89000630378723,7,9,0,-6,-3,-5,-22,-1,-12,-9,12,6,0,1,sil
19.90534901618957,0,5,6,-9,2,-8,-23,-3,-26,-23,12,0,-7,-9,sil
19.90534901618957,-9,-1,7,-4,0,-16,-27,-10,-35,-32,4,-9,-20,-23,sil
19.920716285705566,-8,7,9,15,0,1,-23,-9,-24,-15,0,-14,-22,-13,sil
19.920716285705566,0,14,7,36,10,28,-1,0,-8,5,-3,-9,-12,1,sil
19.936542987823486,3,7,5,39,13,29,17,2,-2,5,-11,-1,-7,7,sil
19.936542987823486,0,2,17,26,2,26,22,-3,1,8,-3,8,0,14,sil
19.952475547790527,-3,0,5,15,-1,22,19,-5,16,26,2,7,12,15,sil
19.952475547790527,-2,-7,0,7,-4,5,11,2,24,19,-7,1,9,10,sil
19.968124628067017,13,1,1,7,-4,0,10,1,26,8,0,14,12,14,thankyou
19.968124628067017,37,15,5,12,1,9,20,0,32,18,30,30,33,28,thankyou
19.983315229415894,37,12,22,4,0,2,21,5,28,22,39,31,41,29,thankyou
19.983315229415894,19,5,7,-3,-2,-14,10,4,8,9,26,22,27,8,thankyou
19.9986538887024,14,12,2,0,4,-12,1,1,-1,-6,20,20,4,-6,thankyou
19.9986538887024,21,25,13,17,19,3,4,5,14,-5,27,20,1,5,thankyou
20.014349222183228,12,19,5,20,21,1,5,7,16,2,20,4,4,9,thankyou
20.014349222183228,-14,-3,-5,1,5,-12,-10,0,-21,-15,-22,-24,-25,-19,thankyou
20.02960443496704,-38,-26,-24,-17,-7,-9,-17,-8,-51,-38,-54,-51,-54,-36,thankyou
20.02960443496704,-41,-33,-30,-29,-9,3,-6,-7,-39,-24,-48,-49,-41,-17,thankyou
20.04522180557251,-34,-31,-24,-31,-10,0,-3,-1,-14,1,-34,-28,-18,-5,thankyou
20.04522180557251,-28,-29,-25,-26,-14,-11,-15,0,0,7,-25,-12,-6,-7,thankyou
20.06040453910828,-10,-15,-7,-16,-11,-8,-21,0,14,16,-7,0,4,3,thankyou
20.06040453910828,5,-1,-4,0,0,0,-9,-1,17,21,0,0,6,4,thankyou
20.07635259628296,2,0,-4,0,4,1,0,-2,5,5,-10,-5,0,-9,thankyou
20.07635259628296,0,4,5,-14,3,0,3,1,1,-1,0,2,8,-6,thankyou
20.099063873291016,8,9,1,-13,4,0,4,-1,10,4,22,10,19,3,thankyou
20.099063873291016,5,5,2,-9,-1,-2,2,-3,2,-10,12,6,5,-2,thankyou
20.099063873291016,0,4,0,-10,-9,-11,0,-4,-11,-26,0,1,-1,-10,thankyou
20.107659339904785,17,16,17,1,-1,-5,1,1,-8,-13,17,14,9,1,thankyou
20.12333655357361,21,21,32,15,0,3,1,10,0,-1,27,25,10,9,thankyou
20.12333655357361,-2,1,1,12,-10,-6,-10,2,-10,-12,3,1,-7,-7,thankyou
20.1383912563324,-8,-4,-2,3,-10,-9,-17,-3,-25,-16,-4,-6,-14,-11,thankyou
20.1383912563324,0,10,11,14,6,11,1,6,-12,1,9,12,0,7,thankyou
20.15384268760681,-7,6,3,17,6,15,16,9,-4,2,-10,1,-6,1,thankyou
20.15384268760681,-17,-13,-4,7,-2,8,5,-1,-7,-6,-39,-23,-27,-11,thankyou
20.169013023376465,-9,-9,-6,12,4,9,2,-7,7,8,-16,-16,-13,4,thankyou
20.169013023376465,0,7,7,22,19,13,12,-1,15,21,6,-1,8,20,thankyou
20.18504357337952,1,6,0,21,16,15,13,-1,10,22,1,-1,10,16,thankyou
20.18504357337952,0,-6,-10,9,0,11,4,-5,14,24,1,-1,6,10,thankyou
20.200628757476807,-4,-15,2,-4,-5,3,5,-3,22,23,1,-4,6,7,thankyou
20.200628757476807,1,-14,-6,-15,0,0,12,1,27,25,-3,-7,13,5,thankyou
20.21623706817627,15,-7,-3,-8,-3,-2,7,6,27,18,0,7,24,5,thankyou
20.21623706817627,17,-2,0,0,-7,-8,0,7,13,0,10,20,28,1,thankyou
20.23243427276612,12,0,-8,-18,-3,-16,-3,2,6,3,14,18,19,1,thankyou
20.23243427276612,14,3,5,-26,-7,-21,-9,2,7,-4,17,18,11,0,thankyou
20.24728298187256,12,5,5,-4,-14,-18,-16,-1,0,-46,20,10,6,-8,thankyou
20.24728298187256,5,6,-1,-7,-8,-12,-19,-2,-15,-52,11,1,-2,-10,thankyou
20.26351237297058,10,13,2,-18,7,-6,-17,-1,-23,-12,5,11,-8,0,thankyou
20.26351237297058,14,19,10,6,15,-1,-11,-1,-20,0,9,18,-3,5,thankyou
20.27905583381653,5,17,14,20,10,7,-1,-1,-21,-4,4,4,-9,-4,thankyou
20.27905583381653,-2,7,2,8,9,8,5,1,-14,6,0,-10,-19,-14,thankyou
20.29510521888733,-4,2,8,6,13,3,3,7,-7,10,7,-3,-14,-8,thankyou
20.29510521888733,-12,2,8,9,9,9,1,0,-9,1,10,-1,-9,-4,thankyou
20.310359477996823,-21,-4,-14,4,-2,8,1,-9,-14,-11,-10,-20,-20,-9,thankyou
20.310359477996823,-22,-8,-10,4,-10,-6,-2,-6,-18,-14,-22,-22,-27,-8,thankyou
20.326401472091675,-23,-5,-13,2,-1,-3,5,-2,-15,-1,-5,-11,-18,-3,thankyou
20.326401472091675,-16,-5,-10,0,8,15,20,0,-3,3,-3,-14,-11,-1,thankyou
20.34244561195373,-5,-2,4,10,6,15,16,3,13,5,-13,-14,-5,0,sil
20.34244561195373,-2,0,-2,13,-2,-3,2,-2,17,6,-7,-6,3,0,sil
20.35809016227722,-9,-9,-8,-13,-15,-3,1,-3,5,-1,-8,-8,5,-2,sil
20.3736674785614,-20,-27,-19,-29,-23,6,1,0,-1,0,-23,-22,0,-3,sil
20.3736674785614,-17,-25,-11,-15,-13,2,0,1,8,3,-26,-16,-4,-3,sil
20.3736674785614,4,-4,8,1,-2,2,3,5,28,8,-7,7,10,5,sil
20.389414072036743,20,0,4,2,-2,1,2,2,28,27,8,14,31,19,sil
20.389414072036743,15,-9,6,-3,-1,-3,-7,1,6,16,7,12,26,22,sil
20.404463291168213,10,-7,4,-5,3,-2,-13,1,0,-9,5,17,15,16,sil
20.404463291168213,13,5,1,-2,0,-2,-11,-1,0,-4,-1,16,8,11,sil
20.420002460479736,13,10,3,-2,-1,-9,-11,-4,-10,3,-18,6,1,8,sil
20.420002460479736,11,8,-1,-1,3,-8,-2,0,-1,-3,-16,1,4,2,sil
20.43604302406311,11,6,10,0,3,4,10,5,18,2,-4,7,8,-5,sil
20.43604302406311,-1,-2,0,-3,0,3,10,3,15,15,-12,2,2,-14,sil
20.45117497444153,-12,-4,-13,-16,-3,-11,-4,0,-2,0,-23,-5,-5,-16,sil
20.45117497444153,2,15,12,-5,-3,-14,-12,3,-7,-18,-11,10,-2,-11,sil
20.46732497215271,20,29,24,24,0,-11,-7,1,-9,-15,7,31,2,0,sil
20.46732497215271,23,22,19,20,3,-7,-7,-2,-10,-4,13,27,1,8,sil
20.48439764976501,9,9,-2,-2,6,0,-5,-2,-1,-1,7,4,0,-1,sil
20.48439764976501,-18,1,-17,0,9,0,-1,1,-1,-10,-3,-17,-10,-22,sil
20.49946141242981,-25,0,-2,15,9,0,3,8,-13,-12,6,-20,-19,-19,sil
20.49946141242981,4,9,10,31,16,13,12,3,-11,4,42,-2,-4,4,sil
20.51508140563965,25,17,24,37,13,18,5,-5,-14,1,64,11,7,16,sil
20.51508140563965,7,2,3,14,-3,10,-1,-11,-30,-14,65,-2,-4,5,sil
20.53130269050598,-17,-20,-28,-13,-5,10,15,-9,-25,2,53,-29,-18,0,sil
20.53130269050598,-27,-25,-21,-16,8,20,27,-1,1,17,56,-37,-18,0,sil
20.547361850738525,-29,-22,-18,-9,7,13,17,0,22,5,88,-30,-9,0,sil
20.547361850738525,-14,-13,-6,-7,0,7,12,6,37,12,65,-3,6,12,sil
20.56162142753601,15,6,6,0,11,10,21,8,52,40,-31,28,29,26,sil
20.578338623046875,32,11,3,5,11,-3,17,3,43,30,-89,29,31,18,sil
20.578338623046875,15,0,6,-7,-12,-21,-3,3,7,-12,-67,12,6,0,sil
20.578691005706787,-9,-5,-6,-23,-20,-28,-27,0,-12,-26,-42,5,-6,-14,sil
20.59439253807068,-11,-6,-5,-28,-10,-34,-35,-4,-25,-15,-38,11,0,-10,sil
20.59439253807068,-2,-6,13,-11,-7,-22,-23,-1,-32,-8,-39,11,0,2,sil
20.60901260375977,-10,-12,1,-5,-14,-3,-23,0,-30,-20,-56,-14,-20,-11,sil
20.60901260375977,-26,-21,-11,-22,-27,0,-36,-6,-35,-32,-82,-41,-47,-41,sil
20.62504243850708,-21,-14,-13,-15,-27,4,-25,-6,-25,-10,-73,-37,-38,-32,sil
20.63982105255127,0,6,3,13,-12,15,-3,0,8,20,-29,-8,2,4,sil
20.63982105255127,5,14,12,20,-3,14,3,0,24,25,0,7,29,20,sil
20.63982105255127,1,0,-1,10,-4,4,8,-2,7,9,0,5,25,15,sil
20.655423879623413,1,-10,-2,-1,0,0,12,0,-4,-5,0,7,16,11,sil
20.67364525794983,5,-4,-5,-14,15,3,13,0,1,-14,0,9,14,6,sil
20.67364525794983,8,3,-4,-19,17,5,12,-2,7,-11,-12,7,2,-6,sil
20.67364525794983,0,0,-1,-19,2,0,11,0,3,-6,-3,1,-8,-21,sil
20.68623900413513,0,5,0,-3,3,-6,15,5,7,-3,39,1,0,-13,sil
20.70337009429932,24,34,23,34,18,0,13,9,12,1,75,24,11,10,sil
20.70337009429932,42,49,22,57,23,7,6,10,22,15,81,36,16,22,sil
20.70337009429932,24,28,7,40,19,3,8,14,31,28,65,13,11,20,sil
20.71829652786255,0,1,14,21,19,6,9,7,24,24,44,-4,0,13,sil
20.71829652786255,-8,-13,3,13,15,8,5,-5,0,7,24,-15,-12,0,sil
20.73561429977417,-9,-14,-8,-1,4,4,2,-8,-19,-5,2,-25,-21,-9,sil
20.749373197555546,-14,-15,-22,-6,-1,3,7,-8,-23,-3,-16,-32,-22,-4,sil
20.749373197555546,-7,-17,-15,-11,-7,3,6,-5,-18,1,-18,-15,-9,7,sil
20.76598024368286,13,-7,12,-13,-5,5,2,5,1,7,1,20,13,19,sil
20.76598024368286,13,4,3,7,0,3,3,3,19,15,21,32,28,21,sil
20.76598024368286,-5,0,-3,7,-5,-8,-2,-1,21,17,13,14,23,14,sil
20.78016901016236,-13,-12,-6,-25,-24,-21,-15,0,16,10,2,-1,13,0,sil
20.795419931411743,-16,-14,-14,-39,-25,-27,-31,-4,-4,-14,-2,-6,0,-20,sil
20.795419931411743,-13,2,2,-22,-9,-17,-39,-8,-33,-40,-20,-6,-19,-33,sil
20.810946226119995,1,14,10,-9,-2,-2,-29,-10,-37,-36,-27,-3,-21,-30,sil
20.810946226119995,6,3,9,-15,-8,-7,-18,-7,-36,-27,-20,3,-12,-22,sil
20.82724332809448,-7,-7,-2,-15,-7,-13,-13,-4,-36,-21,-13,0,-11,-18,sil
20.82724332809448,-13,3,-5,7,4,1,-1,0,-12,-3,-6,-8,-11,-13,sil
20.842693090438843,-9,16,6,28,11,15,12,3,3,0,3,-5,-8,0,sil
20.842693090438843,-9,6,-7,21,13,11,18,2,2,-5,8,-3,-1,9,sil
20.858440160751343,-5,-5,-6,8,13,15,20,6,15,17,0,-2,11,15,sil
20.858440160751343,1,-5,3,14,9,25,24,11,35,34,-14,1,13,16,sil
20.87407231330872,4,-7,-2,18,4,17,21,7,23,10,-29,-6,-7,8,sil
20.87407231330872,7,-10,0,1,2,5,15,1,3,-6,-40,-15,-16,4,sil
20.890007495880127,6,-8,-9,-8,-1,0,19,0,6,8,-39,-16,-1,9,sil
20.890007495880127,0,-12,-11,-16,-17,-5,8,1,2,5,-44,-11,0,7,sil
20.90573000907898,0,-13,1,-19,-20,-6,-5,0,2,-3,-36,0,4,3,sil
20.90573000907898,12,-4,3,-11,-9,-8,-2,-7,18,9,-1,13,22,12,sil
20.92138195037841,15,-3,0,-13,-10,-12,-3,-6,12,6,14,13,12,8,sil
20.92138195037841,-4,-8,-15,-25,-14,-14,-18,-1,-8,-12,10,0,-3,-13,sil
20.937657117843628,-5,6,1,-9,0,-9,-16,0,-2,-2,30,11,10,-12,sil
20.937657117843628,20,30,34,19,14,1,0,3,13,21,60,43,29,11,sil
20.95323348045349,22,28,20,25,14,4,-7,1,0,11,50,31,17,10,sil
20.95323348045349,0,12,10,18,11,-4,-19,1,-24,-13,23,-6,-8,-12,sil
20.96913194656372,-6,8,2,19,12,0,-9,0,-22,-8,18,-16,-15,-21,sil
20.96913194656372,-3,8,-1,16,6,13,0,-2,-8,0,13,-2,-10,-10,sil
20.98455309867859,-1,4,6,19,7,13,-8,-1,-6,-8,8,-1,-9,0,sil
20.98455309867859,-2,4,3,26,17,0,-3,1,2,-1,11,-8,-7,5,sil
21.00008106231689,-5,4,-1,13,12,4,13,0,12,14,8,-7,-4,8,sil
21.00008106231689,-7,-8,-14,-6,1,17,24,-5,11,9,3,-5,-1,6,sil
21.015432834625244,-11,-23,-21,-19,-5,7,19,-4,4,-3,-5,-10,-1,0,sil
21.015432834625244,-16,-25,-18,-32,-18,-16,10,1,5,3,-20,-9,1,1,sil
21.03055214881897,-4,-11,-13,-23,-13,-17,13,4,17,15,-9,-3,12,13,sil
21.03055214881897,17,13,12,-6,0,-7,7,5,18,4,6,11,12,15,sil
21.046063899993896,12,16,3,-8,0,-13,-15,1,1,-9,0,14,0,-1,sil
21.046063899993896,-4,0,-9,-22,-6,-15,-27,-5,-21,-19,-14,2,-14,-18,sil
21.062111139297485,-10,-3,9,-18,-9,-2,-22,-7,-35,-36,-23,-6,-28,-27,sil
21.062111139297485,-17,-4,-2,-5,-14,0,-15,-4,-38,-43,-30,-19,-29,-28,sil
21.07745146751404,-12,-9,0,1,-5,7,2,3,-24,-15,-25,-20,-11,-12,sil
21.07745146751404,8,-3,15,13,13,21,31,5,2,19,-1,2,12,8,sil
21.093557834625244,10,-2,2,14,5,13,26,1,14,23,5,12,17,12,sil
21.093557834625244,-2,-11,-5,4,-11,0,0,0,10,9,-6,1,8,10,sil
21.109421253204346,3,-6,-3,4,-3,0,-8,0,20,19,0,4,17,18,sil
21.109421253204346,14,4,8,3,9,-5,-8,3,29,30,10,16,26,19,sil
21.125099658966064,5,2,4,0,4,-12,-16,0,12,7,6,12,11,1,sil
21.125099658966064,6,2,-1,4,-5,-6,-16,-5,-9,-22,7,6,-2,-11,sil
21.140400171279907,17,15,14,6,0,4,-6,-2,-13,-21,19,8,1,-6,sil
21.140400171279907,7,18,7,5,17,7,0,0,-7,-1,12,-4,0,-1,sil
21.15650415420532,-4,16,6,14,18,10,5,-1,-13,-2,-2,-11,-14,-8,sil
21.15650415420532,-5,14,10,22,7,17,12,1,-9,-1,-1,-4,-15,-8,sil
21.172340869903564,-9,2,-4,19,5,14,9,1,1,13,0,-6,-7,0,sil
21.172340869903564,-13,-3,-6,10,3,1,2,-1,1,13,-7,-5,-5,8,sil
21.187519550323486,-11,-5,-14,4,-4,-3,2,0,0,4,-11,-10,-1,8,sil
21.187519550323486,-8,-17,-15,-10,-14,1,6,2,14,11,-17,-17,0,6,sil
21.20348811149597,-3,-21,-8,-23,-13,1,14,4,34,20,-18,-10,7,9,sil
21.20348811149597,-4,-18,-16,-32,-13,-14,9,2,23,0,-14,-5,5,3,sil
21.21955680847168,-9,-21,-7,-40,-15,-25,-12,3,-7,-31,-12,-8,-8,-12,sil
21.21955680847168,0,-11,-8,-24,-5,-12,-8,0,-12,-24,5,6,-4,-6,sil
21.23511266708374,16,5,0,-3,1,-2,6,-1,0,0,25,32,10,11,sil
21.23511266708374,17,8,10,-7,1,-6,1,4,-2,0,19,28,6,2,sil
21.25107264518737,3,0,1,-10,4,-5,-5,1,-2,-6,9,4,-1,-9,sil
21.25107264518737,-7,2,5,0,4,2,-5,-4,0,-6,13,0,-4,-2,sil
21.267573833465576,-8,2,1,9,1,6,-6,-3,-3,0,19,5,-3,-3,sil
21.267573833465576,1,2,0,13,6,2,-7,1,-5,9,19,7,-1,-6,sil
21.28358578681945,14,14,14,20,11,4,-3,0,1,16,21,14,6,8,sil
21.28358578681945,21,24,16,26,13,4,4,1,16,25,21,15,21,17,sil
21.298848867416385,22,18,23,24,8,-2,1,4,13,26,18,9,26,7,sil
21.298848867416385,13,5,11,16,-2,-7,-12,-4,-1,7,14,0,18,0,sil
21.31399893760681,0,3,-5,3,-9,-3,-19,-10,-17,-22,-5,-11,-1,-7,sil
21.31399893760681,-8,3,-3,-5,-7,-3,-13,-5,-31,-36,-29,-19,-22,-19,sil
21.330066919326782,-13,-2,-7,1,-2,-1,-4,-5,-31,-27,-28,-23,-24,-20,sil
21.330066919326782,-17,0,-3,0,-2,10,0,0,-18,-12,-27,-22,-21,-14,sil
21.34550380706787,-21,2,-4,-13,-3,16,10,4,-11,-6,-34,-22,-25,-14,sil
21.34550380706787,-17,-6,-6,-11,1,12,21,-1,-4,-7,-25,-16,-13,-3,sil
21.361146211624146,-12,-11,-2,0,8,11,18,0,7,1,-10,-3,3,12,sil
21.361146211624146,-14,-10,-8,0,4,8,8,5,4,14,-8,-4,0,9,sil
21.376505851745605,-5,-9,4,4,0,8,6,7,0,16,-14,-8,-8,1,sil
21.376505851745605,0,-11,-4,14,4,9,14,4,16,16,-15,-7,-6,8,sil
21.392223358154297,-2,-17,-18,-1,0,0,16,0,29,7,-14,0,0,16,sil
21.392223358154297,1,-14,0,-20,-11,-10,9,0,21,-2,-11,10,8,10,sil
21.407335996627808,11,-5,-13,-15,-12,-18,-5,3,13,1,-1,11,15,3,sil
21.407335996627808,13,-3,-10,-16,-6,-13,-20,3,12,9,16,16,18,9,sil
21.423105478286743,11,-1,12,-21,-1,-6,-12,0,15,6,40,23,25,12,sil
21.423105478286743,13,5,7,-3,0,-15,0,-1,10,1,34,10,18,-2,sil
21.438342094421387,17,10,4,6,0,-10,0,0,0,1,13,8,2,-6,sil
21.438342094421387,19,11,4,2,0,7,6,2,11,6,25,26,14,9,sil
21.45434308052063,13,13,6,0,-2,1,9,3,13,0,38,22,25,9,sil
21.45434308052063,0,12,7,8,0,-8,-7,-3,-4,-3,17,-1,5,-6,sil
21.470032215118408,-7,8,1,18,5,0,-17,-10,-23,-6,-2,-12,-19,-13,sil
21.470032215118408,0,9,8,15,-1,0,-14,-7,-36,-20,-10,-11,-27,-17,sil
21.485165119171143,-2,5,-2,2,-6,-12,-14,-5,-34,-24,-17,-12,-27,-23,sil
21.485165119171143,-8,0,0,-6,0,-8,-14,0,-20,-16,-17,-5,-26,-16,sil
21.50037908554077,-7,-1,7,-4,6,4,-6,5,-15,-17,-16,-2,-14,-6,sil
21.516456127166748,-11,-1,-4,0,4,7,-1,0,-11,-11,-11,-11,0,-3,sil
21.516456127166748,-7,0,9,5,7,10,0,-3,1,11,8,5,12,11,sil
21.516456127166748,6,3,11,14,18,14,10,3,18,31,29,29,25,31,sil
21.53208923339844,11,1,4,18,18,13,15,7,22,35,27,26,26,33,sil
21.53208923339844,0,1,0,21,8,10,19,3,15,28,17,6,11,19,sil
21.54722809791565,-14,-1,-14,12,3,8,23,0,7,14,-3,-19,-10,-6,sil
21.54722809791565,-27,-13,-13,-9,0,10,17,1,4,1,-24,-29,-26,-25,sil
21.5628080368042,-17,-13,-8,-15,-1,14,15,2,18,10,-12,-17,-7,-10,sil
21.5628080368042,3,-5,-5,-8,-3,10,13,3,27,20,-4,-11,10,9,sil
21.578839778900143,7,-5,-6,-12,-7,0,0,-1,5,-3,-30,-19,-5,2,sil
21.5950665473938,0,-14,-18,-19,-18,-17,-13,-7,-19,-32,-46,-27,-22,-11,sil
21.5950665473938,-3,-19,-7,-31,-28,-30,-24,-3,-20,-42,-39,-28,-19,-18,sil
21.61010932922364,-2,-13,0,-31,-24,-26,-25,-2,-5,-35,-26,-19,-12,-21,sil
21.61010932922364,10,3,6,-8,-9,-12,-12,-3,-5,-28,-6,0,-3,-14,sil
21.611108541488647,17,13,9,4,-4,-8,-12,-2,-13,-25,13,21,6,2,sil
21.62545418739319,12,4,-1,-3,-6,-12,-24,-1,-14,-16,15,23,12,15,sil
21.62545418739319,17,3,15,-8,0,-7,-17,5,-8,2,12,30,14,17,sil
21.640228748321533,21,9,22,7,11,1,4,6,6,24,29,42,23,14,sil
21.641228437423703,6,8,7,15,11,2,7,0,10,27,36,29,23,7,sil
21.65569043159485,-13,8,2,7,1,0,0,0,-12,8,12,0,-1,-7,sil
21.67134046554565,-21,7,-14,7,0,1,-1,-1,-27,-6,0,-14,-22,-24,sil
21.67134046554565,-13,9,-1,17,7,10,0,-2,-15,-1,9,-3,-11,-17,sil
21.688427686691284,-4,13,11,25,21,15,9,4,0,14,12,1,4,2,sil
21.688427686691284,-5,13,4,24,27,8,8,2,-1,11,4,-4,-1,5,sil
21.70345377922058,-10,7,3,23,13,9,-4,-4,-11,0,4,-4,-8,-1,sil
21.704455852508545,-14,0,-11,22,3,19,0,-6,-2,12,1,-7,-2,0,sil
21.704455852508545,-12,-11,-10,16,7,22,28,7,27,30,-11,-13,5,8,sil
21.719090700149536,3,-10,2,4,8,15,45,18,57,35,-3,-7,20,23,thankyou
21.735616445541385,21,-6,2,-10,-1,5,42,9,62,33,6,6,28,38,thankyou
21.735616445541385,23,-6,1,-19,-9,0,34,-3,37,17,0,18,16,34,thankyou
21.735616445541385,13,-13,-8,-19,-13,-3,19,-7,18,0,-2,10,6,17,thankyou
21.751805782318115,5,-16,-8,-29,-23,-15,-6,-2,4,-13,-4,0,-1,0,thankyou
21.751805782318115,1,-13,-8,-33,-21,-23,-22,-3,0,-17,-13,-3,-8,-18,thankyou
21.76545214653015,0,-7,-15,-21,-10,-16,-21,-3,0,-18,-11,-4,-5,-22,thankyou
21.78114104270935,0,4,6,-9,-4,-6,-21,4,-5,-15,-5,-1,-7,-15,thankyou
21.78114104270935,11,13,7,6,4,-8,-15,7,-14,-8,3,1,-5,-14,thankyou
21.79630994796753,15,11,7,11,8,-12,-12,0,-16,-9,16,11,3,-6,thankyou
21.79630994796753,2,8,13,1,3,-10,-22,-6,-28,-13,14,15,3,1,thankyou
21.81200671195984,-9,2,3,-2,4,-11,-28,-5,-42,-14,0,2,-6,-1,thankyou
21.81200671195984,-13,-7,2,-2,3,-11,-28,-2,-36,-22,-11,-9,-15,-15,thankyou
21.82744264602661,-25,-14,-8,-11,-2,-6,-34,-12,-34,-33,-13,-24,-27,-31,thankyou
21.82744264602661,-30,-8,-11,-19,-6,-1,-29,-13,-44,-32,-20,-33,-34,-35,thankyou
21.843239545822144,-11,3,2,-6,-5,4,-9,1,-25,-18,-13,-20,-15,-10,thankyou
21.843239545822144,4,11,5,9,0,7,0,2,0,-5,2,2,9,14,thankyou
21.85851502418518,7,15,12,13,4,9,5,0,0,1,2,17,8,16,thankyou
21.85851502418518,12,16,8,21,5,15,22,4,8,8,-3,12,0,9,thankyou
21.87406754493713,16,14,12,31,6,22,33,12,27,22,3,5,3,12,thankyou
21.87406754493713,3,8,9,21,4,20,27,7,19,25,5,4,2,8,thankyou
21.88931369781494,-11,-5,-20,1,-2,9,17,-2,3,8,-7,-13,-10,-7,thankyou
21.88931369781494,-13,-16,-14,-3,-5,5,15,0,1,0,-14,-24,-13,-13,thankyou
21.90483832359314,-11,-11,-2,10,4,8,25,1,15,24,1,-5,7,4,thankyou
21.90483832359314,-6,-4,-4,16,6,5,24,0,24,38,19,11,22,24,thankyou
21.920769929885864,3,0,-1,2,-3,0,8,-1,21,27,21,17,17,23,thankyou
21.920769929885864,6,-2,-10,-8,-4,-7,1,1,17,14,16,16,12,10,thankyou
21.935538291931152,9,-4,2,-13,-2,-8,2,5,17,4,6,12,5,7,thankyou
21.935538291931152,15,0,11,-10,0,1,2,6,19,6,-1,1,2,13,thankyou
21.95108366012573,9,0,0,-9,2,2,0,1,15,10,-7,-5,7,3,thankyou
21.95108366012573,-8,-9,-10,-20,0,-13,-8,0,10,1,-9,-8,9,-12,thankyou
21.967225790023804,-22,-18,-24,-25,-4,-19,-10,0,6,-9,-13,-19,-2,-17,thankyou
21.967225790023804,-16,-10,-12,-16,-5,-5,-11,0,-6,-17,-18,-18,-14,-15,thankyou
21.98244857788086,0,2,2,-2,0,0,-12,-1,-19,-18,-4,-1,0,-9,thankyou
21.98244857788086,13,8,10,10,0,-5,-14,-4,-19,-12,9,11,10,0,thankyou
21.99803352355957,28,19,29,20,0,-7,-10,-1,-11,-8,11,26,11,13,thankyou
21.99803352355957,38,25,23,27,6,0,0,0,1,3,24,42,26,25,thankyou
22.01314783096313,29,14,14,21,10,4,4,0,0,6,27,35,27,18,thankyou
22.01314783096313,10,1,6,3,6,2,2,0,-11,-11,8,11,0,0,thankyou
22.02839207649231,0,4,-2,0,8,-9,-1,1,-3,-14,0,1,-12,-9,thankyou
22.028737545013428,-6,13,0,3,5,-14,-10,-1,5,3,6,-5,-8,-18,thankyou
22.04400062561035,-20,0,-13,-10,-4,-8,-18,-8,-7,1,-1,-27,-18,-26,thankyou
22.04400062561035,-20,-9,-10,-25,-8,-2,-11,-5,-18,-18,-16,-24,-29,-17,thankyou
22.06022930145264,-6,1,0,-14,0,3,3,2,0,-7,-6,0,-10,5,thankyou
22.06022930145264,-7,-3,-12,-5,-3,9,14,3,15,14,2,-2,6,17,thankyou
22.07529020309448,-24,-19,-10,-13,-8,13,7,0,2,4,-19,-24,-12,-3,thankyou
22.07529020309448,-31,-13,-6,-2,-4,8,-4,-6,-17,-16,-28,-28,-32,-24,thankyou
22.091079711914062,-12,0,2,11,-5,5,-7,-7,-28,-24,-10,-11,-24,-12,thankyou
22.091079711914062,3,3,4,11,-8,6,-9,-3,-26,-25,-5,-3,-14,-2,thankyou
22.115272521972656,4,-6,-3,7,0,0,-16,-6,-22,-18,-10,-7,-12,-11,thankyou
22.115272521972656,-4,-14,4,0,3,-2,-14,-1,-22,0,-4,-1,-3,-6,thankyou
22.115272521972656,-11,-17,-4,-4,-2,9,4,3,-7,15,1,1,10,6,thankyou
22.122888326644897,2,-5,-1,2,-1,14,23,7,18,20,8,5,18,13,thankyou
22.139055013656616,17,10,13,13,8,8,28,10,29,20,9,6,14,13,thankyou
22.139055013656616,10,9,2,11,13,1,23,5,21,23,-4,-2,5,7,thankyou
22.154072284698486,11,8,8,3,5,0,20,1,15,19,-5,6,11,13,sil
22.154072284698486,18,7,7,-3,-3,0,15,1,12,6,7,23,17,21,sil
22.170143842697144,3,-3,-5,-14,-9,1,1,5,3,-7,0,7,0,6,sil
22.170143842697144,-9,-7,-7,-14,-11,-3,0,5,7,-4,-5,-8,-9,-1,sil
22.18621635437012,-4,0,-12,-1,-1,-6,9,1,25,21,2,-7,6,1,sil
22.18621635437012,4,6,1,10,12,-2,1,3,31,32,9,4,18,1,sil
22.20148515701294,15,13,8,23,13,-4,-12,5,29,28,27,21,32,9,sil
22.20148515701294,16,11,6,15,0,-19,-18,-4,14,11,37,27,34,17,sil
22.21750378608704,0,0,1,-7,-6,-26,-23,-13,-12,-19,10,14,10,1,sil
22.21750378608704,-3,-4,-11,-8,-3,-17,-27,-12,-23,-34,-2,2,1,-10,sil
22.23408603668213,0,5,-3,-12,-2,-8,-29,-5,-19,-21,10,2,4,-7,sil
22.24923658370972,-4,5,-3,-29,-3,-3,-11,0,-10,-16,3,-4,-8,-13,sil
22.24923658370972,-7,-3,-7,-21,3,7,13,4,-3,-17,-19,-16,-28,-21,sil
22.24923658370972,-3,2,10,7,14,25,22,4,-7,-5,-20,-18,-33,-17,sil
22.26361632347107,-4,6,3,21,19,31,25,1,-8,2,-7,-16,-25,-11,sil
22.26361632347107,-7,-5,-1,13,9,15,24,6,-6,0,-8,-10,-11,-3,sil
22.27948498725891,-18,-19,-8,0,-10,-2,6,1,-14,-2,-24,-12,-8,0,sil
22.27948498725891,-24,-26,-17,-9,-17,-4,-10,-10,-12,-7,-39,-21,-16,-5,sil
22.294482231140137,-4,-13,5,-5,-8,2,-6,-4,7,3,-20,-1,-3,6,sil
22.311460733413696,17,9,16,6,-6,-2,-3,2,21,25,13,22,21,25,sil
22.311460733413696,20,19,16,9,-11,-15,-17,-1,4,7,18,19,20,19,sil
22.311460733413696,15,10,5,1,-6,-14,-24,-2,-13,-20,9,11,6,5,sil
22.327072858810425,11,6,-2,-1,0,-7,-21,1,-18,-17,15,8,-1,0,sil
22.327072858810425,3,13,14,10,6,0,-12,0,-21,-15,11,0,-15,-12,sil
22.342007398605347,-8,9,7,20,13,10,2,-3,-16,-12,-2,-12,-18,-17,sil
22.342007398605347,-11,-2,-4,10,4,11,9,0,-6,7,-3,-11,-5,-5,sil
22.357303857803345,-3,-13,-8,1,-1,7,10,3,7,25,8,-4,7,6,sil
22.37372922897339,-1,-18,-16,-1,3,4,20,4,17,21,8,-8,9,6,sil
22.37372922897339,-3,-11,-3,-15,-5,2,22,7,16,8,0,-3,8,5,sil
22.37372922897339,0,-3,0,-23,-13,-2,13,5,19,6,6,10,15,9,sil
22.388474464416504,0,-8,-5,-34,-6,-9,4,0,17,3,11,17,13,0,sil
22.40417194366455,-8,-2,-8,-31,0,-10,0,-1,0,-5,7,11,4,-9,sil
22.40417194366455,6,21,4,7,11,0,1,-9,-7,-6,14,11,2,0,sil
22.41945505142212,25,30,25,34,23,10,8,-9,-5,-1,12,14,-4,9,sil
22.41945505142212,10,7,3,20,15,7,10,-4,-11,-5,-6,-3,-14,-3,sil
22.435352325439453,-6,-5,-10,11,3,4,5,1,-4,-7,-19,-18,-8,-8,sil
22.435352325439453,-4,-2,-1,16,4,12,5,5,18,0,-19,-17,0,2,sil
22.450343132019043,-12,-19,-15,-3,-2,5,0,4,24,4,-22,-21,-2,0,sil
22.450343132019043,-23,-31,-14,-24,-14,-5,-16,3,10,11,-20,-17,-1,-4,sil
22.465540885925293,-13,-8,-7,-9,-2,-1,-21,1,3,17,-12,-4,5,0,sil
22.465540885925293,7,10,3,8,5,-4,-10,0,0,9,-8,1,9,10,sil
22.481550931930546,18,11,18,8,-4,-14,-8,-1,4,1,9,13,14,17,sil
22.481550931930546,14,6,3,1,-10,-13,-12,-3,6,4,29,21,18,13,sil
22.49732279777527,5,2,-4,-10,-11,-11,-13,-1,-10,-9,12,14,5,0,sil
22.49732279777527,2,3,0,-10,-14,-14,-8,2,-11,-21,0,11,0,-8,sil
22.5119948387146,2,1,4,-18,-14,-14,-13,4,-4,-16,9,14,-2,-12,sil
22.5119948387146,-3,-2,9,-30,-11,-9,-24,-1,-29,-25,-7,0,-25,-23,sil
22.52746105194092,-15,2,0,2,-1,0,-13,-8,-45,-35,-26,-25,-42,-32,sil
22.52746105194092,-11,13,0,46,17,24,11,0,-20,-3,-1,-18,-19,-18,sil
22.5427770614624,0,9,0,37,31,38,32,9,12,47,24,1,12,9,sil
22.5427770614624,2,-5,-2,7,16,19,34,2,20,45,12,1,13,25,sil
22.55816912651062,-1,-6,1,0,-5,0,23,-1,10,1,-7,-7,-4,19,sil
22.55816912651062,0,1,-3,3,-4,0,15,-3,5,-16,-10,-10,-8,8,sil
22.573251724243164,11,1,8,2,1,2,12,-2,8,-3,-9,0,-1,6,sil
22.573251724243164,10,-8,4,-7,-3,0,0,-4,2,0,-4,6,-2,3,sil
22.588387727737427,-7,-13,-15,-14,-2,-5,-14,-7,-3,-1,5,3,0,-9,sil
22.588387727737427,-12,-4,-1,-5,5,-6,-9,0,6,16,19,7,21,-7,sil
22.60350561141968,5,1,8,2,7,-5,1,6,19,34,31,17,41,13,sil
22.60350561141968,16,0,7,-4,-7,-9,-7,0,10,10,27,22,24,13,sil
22.619031190872192,8,0,-3,-15,-15,-9,-12,-1,2,-23,11,11,-2,-1,sil
22.619031190872192,5,1,-2,-12,-4,-5,1,4,3,-22,-1,1,-4,0,sil
22.636110305786133,8,6,16,-4,5,-2,5,6,2,-5,-2,3,2,0,sil
22.636110305786133,-3,10,-3,2,10,0,0,0,0,-3,-5,-4,0,-10,sil
22.65125703811645,-20,6,-14,0,10,0,-10,0,-21,-20,-25,-24,-15,-21,sil
22.65125703811645,-18,-1,-5,-9,0,-5,-20,1,-39,-34,-38,-34,-34,-31,sil
22.667381048202515,-8,-6,-14,-6,-8,-4,-13,0,-27,-35,-29,-31,-36,-26,sil
22.667381048202515,-13,-7,-5,3,-3,13,7,2,-4,-12,-21,-18,-17,0,sil
22.68226838111877,-21,-8,0,9,0,19,13,2,6,18,-20,-12,0,12,sil
22.68226838111877,-6,-5,0,7,0,12,9,-1,11,26,-17,-8,0,9,sil
22.697290420532227,5,3,7,21,7,19,13,-3,10,24,-3,4,0,13,sil
22.712826251983643,0,3,2,29,8,18,10,-7,6,32,5,9,5,16,sil
22.712826251983643,4,-6,0,4,-3,-2,1,-5,8,28,7,6,11,14,sil
22.729398488998413,23,-2,0,-6,-7,-14,0,-1,22,21,25,20,29,23,sil
22.729398488998413,37,11,12,8,0,-9,0,2,23,19,43,45,37,29,sil
22.729398488998413,31,12,20,8,0,-5,-3,1,1,2,38,42,16,20,sil
22.74347710609436,12,1,1,-5,-3,-11,-1,1,-8,-12,22,17,0,7,sil
22.758629322052,-3,0,-5,-14,-1,-12,-5,2,-2,-6,9,5,0,-11,sil
22.758629322052,-12,0,-14,-14,0,-9,-16,-1,6,4,7,0,0,-27,sil
22.77436637878418,-9,1,-8,-6,-5,-7,-9,1,9,-3,10,-4,0,-13,sil
22.77436637878418,0,4,10,-5,-7,-1,5,9,14,-11,9,-1,6,3,sil
22.790106296539307,0,-1,3,-9,0,3,2,5,10,-7,4,-6,5,-1,sil
22.790106296539307,-5,-11,2,-9,1,0,-10,-1,-11,-19,-7,-11,-11,-13,sil
22.805237770080566,-11,-7,-4,-2,0,-2,-8,-1,-29,-29,-17,-10,-21,-14,sil
22.805237770080566,-16,-1,-8,2,-5,0,-5,-1,-31,-21,-33,-20,-27,-20,sil
22.82086491584778,-15,-4,6,0,-4,1,-10,-3,-27,-18,-47,-28,-31,-25,sil
22.82086491584778,-10,-9,-2,-11,2,3,-2,-1,-12,-15,-26,-15,-14,-11,sil
22.83711624145508,-6,-1,-2,-3,6,11,8,1,3,9,5,5,2,1,sil
22.83711624145508,-4,8,0,23,6,13,11,-2,1,21,0,-1,-1,0,sil
22.852283239364624,-3,3,-11,10,1,0,3,-6,-12,-6,-23,-19,-13,-8,sil
22.852283239364624,-2,-10,-8,-20,-7,-5,1,0,-15,-28,-17,-14,-12,-8,sil
22.867574214935303,-1,-7,-2,-5,-1,0,10,1,-1,-9,0,-5,0,3,sil
22.867574214935303,4,10,7,18,11,6,12,3,14,18,2,-3,10,19,sil
22.883463859558105,9,12,0,12,12,8,12,1,20,29,4,0,15,19,sil
22.883463859558105,6,0,-3,4,6,8,18,0,19,29,11,7,16,12,sil
22.89846110343933,11,2,17,4,3,3,14,2,19,25,21,20,21,18,sil
22.89846110343933,18,8,9,-1,0,-1,0,0,21,19,27,22,25,19,sil
22.91353297233581,12,7,5,-5,-2,-6,-10,-5,13,11,18,12,16,7,sil
22.91353297233581,6,9,8,4,9,-5,-5,-3,11,12,17,14,10,5,sil
22.929214477539062,12,8,2,13,14,-3,7,2,16,24,32,24,21,13,sil
22.929214477539062,10,1,10,7,-3,-4,-4,6,5,15,26,24,21,13,sil
22.945030212402344,0,-7,0,0,-18,-10,-23,0,-8,-7,0,3,1,3,sil
22.945030212402344,-2,-11,-12,-11,-14,-9,-14,0,-13,-24,-13,-10,-15,-10,sil
22.96013236045837,-2,-4,-5,-6,-3,-1,0,0,-17,-27,-14,-11,-23,-16,sil
22.96013236045837,-7,0,-4,3,-6,-1,-5,-4,-30,-36,-23,-15,-32,-17,sil
22.975795030593872,-9,-6,-3,-7,-11,-5,-18,-5,-33,-37,-25,-12,-32,-20,sil
22.975795030593872,-7,-5,-12,-13,-2,1,-16,0,-14,-12,-3,-7,-12,-16,sil
22.991024255752563,-4,1,-3,3,3,4,-8,4,-1,-3,0,-6,-4,-8,sil
22.991024255752563,-8,-2,4,6,-1,-2,-3,3,-3,-19,-22,-13,-10,-12,sil
23.00608968734741,-17,-13,-11,-12,-6,-6,-1,1,1,-10,-19,-13,-6,-14,sil
23.00608968734741,-10,-1,-2,-12,-4,0,5,3,16,24,13,5,10,3,sil
23.021243572235107,3,9,4,3,0,4,14,0,27,36,26,14,22,22,sil
23.021243572235107,7,2,4,3,8,4,12,0,18,15,0,4,9,17,sil
23.03710961341858,3,1,9,0,8,8,7,1,1,0,-14,3,-8,0,sil
23.03710961341858,0,2,-1,-1,3,5,6,-6,-8,0,-9,0,-8,-2,sil
23.05245447158813,-1,-8,-5,-8,1,0,3,-10,-16,-10,-14,-9,-6,0,sil
23.05245447158813,-4,-6,-10,-5,5,3,2,0,-11,-14,-8,-7,-2,-3,sil
23.068148851394653,-1,11,-2,9,10,11,7,3,1,3,10,0,6,0,sil
23.068148851394653,5,14,15,19,12,15,8,2,5,13,13,4,13,10,sil
23.083449363708496,11,4,8,23,8,13,7,5,7,10,10,6,19,8,sil
23.083449363708496,10,0,7,9,1,5,8,7,17,19,12,7,19,8,sil
23.10039639472961,0,-1,1,-3,1,-3,7,0,23,29,12,3,15,11,sil
23.10039639472961,-5,-7,-10,-1,0,-14,-5,-1,4,4,0,-2,4,-3,sil
23.1144380569458,-3,-10,-1,-2,-13,-21,-15,-1,-17,-21,-13,-9,-13,-20,sil
23.11543869972229,-3,-9,-4,-13,-14,-14,-7,-3,-19,-9,-10,-15,-21,-16,sil
23.13021850585937,-6,-2,-3,-14,-8,-4,-1,1,-4,0,0,-6,-12,-9,sil
23.145383834838867,0,4,-4,-4,-6,-1,0,2,15,0,5,5,1,-2,sil
23.145383834838867,12,9,2,0,0,0,1,-4,25,10,16,14,11,10,sil
23.16059374809265,9,12,16,2,2,7,-3,-1,14,12,19,21,10,15,sil
23.16059374809265,0,3,0,0,-2,0,-10,0,4,-3,7,12,5,7,sil
23.176247358322144,0,-4,0,-14,-11,-16,-9,-1,-3,-14,0,4,0,4,sil
23.176247358322144,0,-3,4,-20,-14,-21,-9,-3,-18,-16,0,5,-4,3,sil
23.192270278930664,0,0,-1,-2,-10,-10,-8,-1,-21,-19,-3,1,-4,-2,sil
23.192270278930664,3,0,4,7,0,8,0,1,-15,-20,-10,-4,-5,-6,sil
23.209403038024902,-4,-1,-8,-2,4,6,-4,-1,-21,-23,-19,-13,-15,-10,sil
23.209403038024902,-10,-3,-11,-7,1,-8,-19,-3,-34,-27,-23,-19,-22,-16,sil
23.209403038024902,-1,2,2,2,1,-3,-16,-1,-29,-15,-10,-12,-13,-16,sil
23.223407983779907,2,6,5,14,12,11,0,-2,-12,0,-3,-4,-4,-10,sil
23.24025535583496,1,9,9,21,26,17,6,1,0,3,-4,4,-1,0,sil
23.24025535583496,3,17,3,31,28,21,11,11,12,17,11,7,9,11,sil
23.24025535583496,0,13,3,19,14,17,14,9,17,22,13,-2,8,6,sil
23.255624055862427,-10,-9,-3,-1,4,11,21,-1,14,9,-8,-18,-4,-2,sil
23.255624055862427,-9,-19,-10,-3,4,11,31,-3,14,13,-6,-10,0,4,sil
23.27262234687805,6,0,7,10,0,12,27,4,25,36,16,13,14,21,sil
23.286291122436523,13,5,1,12,-3,5,20,6,38,39,16,17,17,22,sil
23.286291122436523,3,-9,-7,-6,-1,1,19,0,35,26,-1,6,11,16,sil
23.301434993743896,-2,-12,0,-18,0,0,13,-1,23,18,-4,2,3,11,sil
23.301434993743896,-5,-5,-6,-11,-6,-8,-1,-2,10,2,4,1,-2,0,sil
23.31749391555786,-8,-5,-1,-7,-13,-16,-8,-2,-5,-14,3,1,0,-8,sil
23.31749391555786,-6,-10,-3,-5,-14,-13,-9,-3,-5,-10,-2,-2,7,-7,sil
23.33334684371948,-1,-16,-9,-14,-16,-12,-25,0,-5,-9,-11,-12,-1,-6,sil
23.33334684371948,-4,-17,-9,-27,-20,-19,-42,-1,-24,-30,-15,-12,-8,-16,sil
23.348546504974365,-2,0,-10,-10,-12,-18,-31,-3,-28,-30,-3,1,3,-15,sil
23.348546504974365,9,17,12,11,-3,-10,-12,-1,-9,-8,12,17,8,0,sil
23.364057540893555,10,4,8,-1,-10,-11,-14,-3,0,-1,17,14,2,0,sil
23.364057540893555,0,-8,-10,-23,-17,-14,-20,-4,-14,-19,5,3,-2,-12,sil
23.380011320114136,-2,2,0,-8,-2,-1,-9,0,-16,-19,0,2,-6,-5,sil
23.380011320114136,0,11,4,19,16,14,9,2,-1,6,6,0,-3,6,sil
23.39503598213196,7,11,14,15,20,12,12,6,0,13,6,2,2,9,sil
23.39503598213196,12,16,14,4,16,-2,6,6,-7,-2,8,11,5,8,sil
23.41031169891357,11,17,6,8,16,-1,6,1,-5,-3,10,9,0,8,sil
23.41031169891357,4,12,11,10,10,13,11,0,-2,5,1,-1,-3,3,sil
23.426310300827023,-4,8,2,1,0,11,10,1,-1,-1,-8,-13,-7,-6,sil
23.426310300827023,-8,2,2,0,3,9,4,0,0,-9,-11,-18,-22,-16,sil
23.441377878189087,-7,-1,-2,10,17,25,12,0,5,1,-12,-14,-19,-12,sil
23.441377878189087,-12,-4,-10,11,10,26,20,-1,13,9,-18,-11,-2,-1,sil
23.45642232894897,-15,-7,-8,3,-7,5,9,0,6,7,-23,-13,-7,-1,sil
23.45642232894897,-2,-12,-14,4,-9,-1,7,0,3,14,-9,-11,-1,6,sil
23.47200179100037,15,-7,2,0,-4,1,18,0,23,20,10,5,23,30,sil
23.47200179100037,15,-2,10,-12,-4,-8,11,2,33,10,15,14,24,27,sil
23.487653732299805,0,-12,-10,-22,-9,-25,-12,1,10,-1,2,3,2,-5,sil
23.487653732299805,-5,-13,-6,-21,-9,-21,-23,-2,-13,-9,-1,7,-1,-19,sil
23.50288128852844,2,5,1,-6,1,-10,-19,-6,-16,-11,10,18,3,-5,sil
23.50288128852844,4,15,5,10,5,-9,-19,-2,-22,-18,10,8,-6,-2,sil
23.518337726593018,-1,13,4,23,1,-3,-11,1,-19,-13,0,0,-9,-6,sil
23.518337726593018,-1,13,-1,28,8,12,8,1,-5,5,0,-2,2,3,sil
23.53333306312561,-6,0,0,8,5,18,10,1,-6,11,-11,-15,-3,1,sil
23.53333306312561,-25,-26,-17,-9,-6,14,0,-2,-10,-1,-28,-29,-23,-14,sil
23.547990560531616,-24,-26,-15,-10,-7,9,0,-3,2,-7,-21,-15,-17,-9,sil
23.563117027282715,-7,-13,0,-10,0,0,5,1,17,8,-2,-1,9,6,sil
23.563117027282715,0,-15,-6,-21,0,-9,0,1,20,25,5,0,19,8,sil
23.581333875656128,4,-9,3,-16,-2,-2,-1,0,20,18,11,8,11,9,sil
23.581333875656128,10,7,3,1,0,-1,0,0,15,5,11,11,9,8,sil
23.581333875656128,17,10,4,4,-4,-7,0,3,2,1,6,8,11,4,sil
23.5964138507843,25,8,15,-2,-8,-5,2,3,0,0,15,15,13,5,sil
23.5964138507843,15,8,8,-4,-6,-8,1,-5,-2,-10,12,9,9,-1,sil
23.611069440841675,0,9,5,0,-3,-14,-10,-5,-19,-17,-1,1,0,-15,thankyou
23.611069440841675,6,14,2,11,0,-6,-9,-1,-22,-2,19,12,10,-4,thankyou
23.62653923034668,15,21,6,22,4,0,-2,3,-6,9,37,21,23,11,thankyou
23.64320397377014,1,15,9,11,1,-4,-2,4,6,-8,11,13,4,2,thankyou
23.64320397377014,-4,5,0,0,-2,-2,3,1,20,-14,2,7,-8,0,thankyou
23.64420461654663,10,6,16,8,0,6,8,4,11,3,15,10,0,15,thankyou
23.65735340118408,12,7,14,20,9,11,3,2,-9,3,4,-1,-3,13,thankyou
23.67387294769287,0,4,-5,15,10,10,-2,-6,-21,-15,-17,-10,-24,-4,thankyou
23.67387294769287,-6,2,-4,3,6,8,-6,-5,-19,-17,-21,-2,-25,-8,thankyou
23.674872398376465,-10,-2,-9,2,10,3,-3,0,-10,-3,-14,-8,-12,-8,thankyou
23.688167810440063,-13,-6,-5,4,12,0,0,0,-1,1,-13,-21,-12,-9,thankyou
23.70412564277649,-20,-8,-9,-6,5,7,0,-1,0,0,-22,-25,-20,-12,thankyou
23.70412564277649,-31,-16,-18,-23,0,14,-1,1,-2,-7,-39,-29,-30,-24,thankyou
23.719273567199707,-25,-25,-16,-28,-6,11,7,2,6,-5,-44,-30,-29,-25,thankyou
23.719273567199707,-13,-36,-26,-36,-14,0,19,0,19,4,-26,-26,-7,-4,thankyou
23.7353572845459,-14,-36,-13,-51,-15,1,15,0,17,9,-11,-17,9,6,thankyou
23.7353572845459,-8,-13,-1,-25,-5,8,9,0,9,13,-1,-7,14,6,thankyou
23.750487089157104,5,5,-2,1,0,-2,8,0,9,20,5,0,18,11,thankyou
23.750487089157104,8,2,6,-8,-3,-17,1,-1,5,19,10,6,14,10,thankyou
23.766494035720825,8,0,3,-4,-3,-12,-7,-9,-5,7,10,7,5,2,thankyou
23.766494035720825,17,5,9,16,-1,-9,-12,-3,-10,-5,8,13,9,5,thankyou
23.78203153610229,21,11,13,14,-2,-11,-8,6,1,2,19,33,29,19,thankyou
23.78203153610229,19,15,11,13,-1,-11,-4,1,12,16,30,40,34,21,thankyou
23.797132968902588,18,25,20,30,0,-12,-16,-2,0,-3,26,30,18,4,thankyou
23.797132968902588,15,27,7,36,7,-12,-19,0,-7,-17,25,19,14,-1,thankyou
23.81300950050354,15,15,3,23,8,1,-8,5,0,-5,19,13,8,0,thankyou
23.81300950050354,3,5,6,10,1,1,-5,4,-2,-7,8,4,-6,-9,thankyou
23.82814598083496,-7,4,0,12,0,-7,-10,-2,-20,-23,12,-6,-13,-13,thankyou
23.82814598083496,-2,7,10,18,3,1,-4,0,-23,-19,15,-1,-11,-5,thankyou
23.843746662139893,0,3,4,12,0,10,3,3,-9,-4,9,3,-8,-3,thankyou
23.843746662139893,0,6,3,0,2,7,8,1,0,0,7,6,-1,0,thankyou
23.85936546325684,4,12,10,11,16,20,23,3,9,9,8,4,2,7,thankyou
23.85936546325684,-6,0,-4,18,13,27,24,3,7,11,-3,-10,-6,0,thankyou
23.874507188797,-25,-16,-7,1,0,13,8,-1,-12,1,-27,-28,-24,-8,thankyou
23.874507188797,-25,-18,-17,-7,0,9,8,-6,-5,4,-40,-31,-21,0,thankyou
23.890166997909542,-9,-13,-14,-8,0,11,13,-4,19,14,-34,-16,-3,9,thankyou
23.890166997909542,0,-12,-9,-18,-4,0,2,2,19,13,-18,-6,4,10,thankyou
23.905505657196045,0,-17,-20,-27,-12,-13,-3,1,10,11,-6,-10,0,5,thankyou
23.905505657196045,-3,-16,-8,-33,-20,-10,-2,-8,1,2,-13,-10,-5,-1,thankyou
23.92105722427368,-3,-10,-5,-34,-12,-6,-8,-11,-9,-11,-27,-9,-9,-7,thankyou
23.92105722427368,0,-9,-6,-31,-1,-7,-13,0,0,-7,-15,0,-3,-4,thankyou
23.93711495399475,7,-5,2,-23,-2,-4,-7,7,23,7,12,16,8,3,thankyou
23.93711495399475,7,2,0,-11,-2,-4,-3,2,21,3,16,13,15,2,thankyou
23.952385425567627,6,9,12,-5,1,-5,-1,1,5,-8,10,7,9,-2,thankyou
23.952385425567627,6,8,16,0,7,-6,4,0,-1,-1,14,8,4,0,thankyou
23.968650817871094,6,5,6,5,3,-4,1,1,-12,-1,5,1,0,0,thankyou
23.968975067138672,7,7,7,7,-1,3,-1,1,-9,-8,0,2,1,-2,thankyou
23.98421859741211,1,3,-5,8,1,3,3,-2,-5,-5,1,3,-4,-8,thankyou
23.98421859741211,-16,-5,-7,0,0,-12,-4,-4,-27,-21,-11,-10,-22,-18,thankyou
24.000168800354004,-16,1,0,4,-5,-14,-11,0,-24,-27,-7,-13,-12,-22,thankyou
24.000168800354004,3,15,6,22,0,0,-3,4,6,5,13,1,9,-7,thankyou
24.015729427337646,0,9,4,23,3,3,-3,7,5,21,10,5,8,7,thankyou
24.015729427337646,-10,5,-9,22,9,0,-8,2,-8,7,2,3,8,6,thankyou
24.031095266342163,3,17,7,33,17,0,-9,0,-7,5,6,13,16,5,thankyou
24.031095266342163,8,9,8,22,5,1,-13,-5,-9,0,8,9,5,8,thankyou
24.04717278480529,-1,-6,-3,2,-9,1,-7,-9,-12,-13,8,-1,-6,6,thankyou
24.04717278480529,3,0,12,3,-2,11,12,3,-1,-4,8,1,0,4,thankyou
24.062480688095093,7,2,0,-3,5,17,21,3,13,14,12,3,6,7,thankyou
24.062480688095093,1,-9,-9,-19,2,11,16,0,22,13,12,0,5,13,thankyou
0.1183383464813232,10,14,11,16,5,-8,-6,-1,-8,-4,20,8,-2,-12,thankyou
0.1183383464813232,0,14,18,15,7,4,-11,-5,-28,-24,-13,-6,-30,-22,thankyou
0.1339449882507324,-11,6,-5,20,10,8,0,-5,-21,-28,-28,-21,-34,-14,thankyou
0.1339449882507324,-21,-9,2,12,2,4,0,0,-24,-17,-33,-23,-31,-13,thankyou
0.1490533351898193,-26,-20,-15,-2,-5,2,-9,-3,-24,-4,-24,-22,-27,-15,thankyou
0.1490533351898193,-15,-11,-12,-13,-11,-6,-23,-4,-7,1,-5,-9,-9,0,thankyou
0.1651866436004638,-2,1,16,0,-13,-6,-21,-2,3,0,0,6,6,10,thankyou
0.1651866436004638,-4,-7,-9,12,-7,0,-4,-10,1,4,-16,-6,-2,4,thankyou
0.1803562641143798,-12,-19,-13,-6,-3,3,-1,-1,-3,8,-27,-23,-19,-5,thankyou
0.1803562641143798,-13,-10,-16,-17,-9,6,-2,6,3,15,-20,-17,-10,-9,thankyou
0.196157693862915,-5,0,-16,-10,-12,3,0,3,14,9,-7,0,4,-1,thankyou
0.196157693862915,0,2,6,-6,2,3,0,6,20,2,6,14,15,8,thankyou
0.2122740745544433,6,1,-2,-7,8,5,8,7,23,6,16,11,19,7,thankyou
0.2122740745544433,11,6,3,-15,-8,0,1,1,5,-8,8,8,9,0,thankyou
0.2279374599456787,3,13,1,-11,-4,-8,-9,-1,-9,-18,9,7,0,-4,thankyou
0.2279374599456787,6,16,0,4,17,-12,-4,2,-1,-2,24,11,5,0,thankyou
0.2432191371917724,17,20,26,11,15,-8,1,2,1,8,31,25,12,1,thankyou
0.2432191371917724,8,11,10,8,2,-3,0,-5,-4,3,17,17,5,0,thankyou
0.259019136428833,-1,1,4,3,3,0,-2,-1,-12,-7,-4,-5,-13,-3,thankyou
0.259019136428833,0,2,8,7,5,4,3,0,-14,-7,-14,-19,-21,-10,thankyou
0.2741665840148926,-1,-4,-1,9,3,10,11,-5,-18,-4,-11,-21,-17,-12,thankyou
0.2895460128784179,-5,-11,0,2,6,17,12,-2,-21,-9,-9,-16,-12,-4,thankyou
0.2895460128784179,-5,-8,-8,1,6,12,11,0,-1,-1,-8,-12,-3,0,thankyou
0.2895460128784179,-1,-3,-1,1,-1,1,7,2,22,16,-8,-6,0,5,thankyou
0.3050754070281982,-1,-5,1,7,-6,-1,2,4,26,20,-7,-2,0,7,thankyou
0.3050754070281982,-2,-8,-6,10,-4,-1,7,5,16,14,-2,-2,0,5,thankyou
0.3211245536804199,-1,-13,2,-2,-7,1,10,4,11,14,0,0,5,10,thankyou
0.3211245536804199,-6,-16,-9,-8,-4,1,2,-3,5,4,-2,-3,4,9,thankyou
0.3364541530609131,-5,-4,-5,-2,2,0,-2,-2,-2,-6,-10,0,5,0,thankyou
0.3364541530609131,2,7,3,-6,0,-1,4,1,0,8,0,9,18,3,thankyou
0.351987361907959,0,-5,-10,-22,-15,-8,-4,-4,6,12,12,8,23,4,thankyou
0.351987361907959,0,-8,-3,-12,-11,-13,-21,-6,0,-9,12,15,18,-1,thankyou
0.3680257797241211,6,9,0,4,6,-14,-19,-3,-9,-20,9,18,12,-3,thankyou
0.3680257797241211,7,13,2,-5,3,-22,-20,0,-15,-19,13,10,0,-5,thankyou
0.3841671943664551,8,13,16,-4,-4,-15,-18,1,-7,-11,29,18,1,0,thankyou
0.3841671943664551,18,19,11,20,4,2,-6,3,-7,-7,25,17,4,5,thankyou
0.400181770324707,3,9,1,19,12,10,-2,2,-27,-18,-10,-7,-20,-8,thankyou
0.400181770324707,-14,-1,-7,9,10,10,9,2,-13,-7,-15,-15,-26,-10,thankyou
0.4164209365844726,0,0,2,15,3,16,23,3,18,14,1,-4,-3,6,thankyou
0.4164209365844726,2,-5,-2,6,0,21,18,0,22,11,-21,-16,-6,0,thankyou
0.4310369491577148,-11,-17,-17,-10,-1,12,11,0,13,7,-36,-22,-15,-7,thankyou
0.4310369491577148,-4,-6,-2,-8,-11,-4,3,-1,12,18,-2,-1,0,12,thankyou
0.4462215900421142,3,1,-4,-7,-18,-14,-7,-7,1,9,0,1,6,7,thankyou
0.4462215900421142,0,-5,-14,-29,-11,-13,-15,-5,-13,-18,-23,-11,-6,-16,thankyou
0.4615802764892578,0,-1,-1,-30,-5,-7,-10,0,-16,-21,0,1,0,-7,thankyou
0.4615802764892578,9,13,12,-1,0,-7,-4,-2,-11,-7,29,17,11,8,thankyou
0.4776999950408935,11,18,21,14,14,-8,-6,1,-12,-9,10,12,-3,0,thankyou
0.4945271015167236,2,15,7,17,20,3,-3,5,-8,-5,0,2,-12,-2,thankyou
0.4945271015167236,-5,9,3,23,12,23,10,6,0,11,10,0,0,5,thankyou
0.4945271015167236,-9,-7,4,18,3,23,22,6,7,17,0,-10,0,6,thankyou
0.5090405941009521,-10,-23,-8,2,0,12,23,2,21,20,-14,-16,-12,2,thankyou
0.5100398063659668,-5,-15,0,-1,1,12,19,2,31,33,-6,-1,-2,1,thankyou
0.5253326892852783,-9,-10,-2,-3,0,4,8,-1,14,19,-6,-2,3,-8,thankyou
0.5408260822296143,-19,-25,-15,-17,-16,-11,-8,-7,-8,-10,-24,-26,-9,-14,thankyou
0.5408260822296143,-5,-18,-7,-19,-11,-10,-9,-4,3,-6,-11,-19,0,-2,thankyou
0.5408260822296143,12,8,2,-6,7,-3,-2,-2,15,4,16,7,15,1,thankyou
0.5564656257629395,8,14,8,-4,5,0,-11,-1,-7,-4,13,17,12,-4,thankyou
0.5709691047668457,3,5,1,-1,0,0,-10,-2,-13,-3,12,13,16,0,thankyou
0.5709691047668457,12,8,5,1,3,-11,-1,-1,0,-2,20,16,19,7,thankyou
0.5860164165496826,17,16,13,4,5,-15,-6,0,0,-12,15,23,9,10,thankyou
0.5860164165496826,14,14,0,9,4,-7,-12,-3,-8,-14,9,18,9,11,thankyou
0.6020848751068115,4,0,-2,-2,-9,-12,-13,-1,-11,-19,0,3,2,0,thankyou
0.6020848751068115,-10,-9,-2,-17,-19,-22,-9,2,-11,-21,-12,-9,-11,-14,thankyou
0.6181836128234863,-10,1,2,-1,-6,-11,-7,6,-7,-15,-5,-3,-12,-8,thankyou
0.6181836128234863,0,12,8,21,4,2,-8,6,0,-8,8,7,-4,0,thankyou
0.6353223323822021,0,7,0,20,4,5,-4,2,3,5,4,5,-1,2,thankyou
0.6353223323822021,-5,0,0,10,2,11,2,0,-1,11,-6,-4,-4,2,thankyou
0.6353223323822021,-13,0,-7,17,-2,15,10,-3,-14,2,-14,-15,-10,0,thankyou
0.6503665447235107,-14,-3,-11,21,-3,18,18,-1,-15,1,-22,-19,-16,-2,thankyou
0.6671202182769775,-13,-16,-10,1,0,21,28,4,-3,11,-22,-16,-12,-1,sil
0.6671202182769775,-12,-25,-20,-12,-2,13,27,0,12,19,-9,-16,0,5,sil
0.6671202182769775,5,-10,-4,-6,-6,2,9,0,22,13,-2,-3,7,16,sil
0.6840987205505371,25,4,11,1,-1,2,0,3,28,14,10,19,16,15,sil
0.6840987205505371,23,5,8,-3,7,1,0,0,19,17,27,25,16,3,sil
0.6982061862945557,11,3,9,-21,6,-6,-7,-5,-2,1,19,12,0,-1,sil
0.6982061862945557,11,2,0,-33,0,-13,-14,0,-14,-10,5,5,-5,0,sil
0.7131626605987549,16,7,6,-18,0,-17,-3,2,-6,2,14,14,8,3,sil
0.7131626605987549,7,14,8,3,0,-16,1,-2,3,5,14,6,5,0,sil
0.7283504009246826,-5,8,-6,-5,-3,-12,-9,-3,-1,-17,-15,-14,-18,-12,sil
0.7442042827606201,-12,3,-2,-14,4,1,-11,2,-3,-22,-21,-17,-21,-18,sil
0.7442042827606201,-14,4,1,4,17,16,1,2,7,1,0,-17,0,-14,sil
0.7593309879302979,-19,1,2,15,10,19,7,0,3,16,-4,-25,5,-14,sil
0.7593309879302979,-27,-8,-6,7,0,11,0,-2,-11,4,-18,-25,-7,-17,sil
0.774749755859375,-22,-17,-12,2,0,6,-5,0,-10,-10,-12,-14,-11,-8,sil
0.774749755859375,-2,-8,7,7,5,7,4,2,0,-5,-3,6,2,12,sil
0.7904832363128662,7,0,4,15,8,1,13,-1,6,9,2,19,13,24,sil
0.7904832363128662,3,-12,-3,2,-13,-8,-2,-3,3,4,-1,9,5,10,sil
0.8061387538909912,5,-16,0,-7,-22,-9,-12,-1,0,-7,-4,6,0,0,sil
0.8061387538909912,15,4,3,0,1,-10,-3,2,3,-5,16,20,15,10,sil
0.8217198848724365,17,13,13,-1,2,-13,-1,9,5,-5,34,27,22,11,sil
0.8217198848724365,11,4,5,-6,-15,-12,-4,5,4,-9,18,12,9,0,sil
0.8377830982208252,2,8,2,0,-9,-8,-11,-5,-10,-19,-1,-1,-9,-6,sil
0.8377830982208252,-10,13,-1,17,4,3,-10,-8,-24,-19,-7,-8,-17,-11,sil
0.853234052658081,-11,0,-11,22,7,15,6,-2,-13,0,-8,-12,-12,-8,sil
0.853234052658081,-1,-12,-2,5,0,11,17,1,4,21,-13,-8,-2,4,sil
0.8683276176452637,-2,-9,-10,-13,-8,-1,11,0,18,24,-8,-6,8,13,sil
0.8683276176452637,-1,-1,-8,-21,-10,-8,-2,2,19,13,0,3,10,5,sil
0.884392261505127,7,3,9,-15,-3,-10,-20,1,-4,0,6,16,0,-5,sil
0.884392261505127,13,12,7,0,0,-14,-26,-4,-25,-15,3,8,-10,-9,sil
0.8995471000671387,11,18,9,12,5,-5,-10,-2,-20,-20,1,0,-14,-4,sil
0.8995471000671387,1,5,2,14,8,10,4,0,-14,-3,1,0,-13,-3,sil
0.9152107238769532,1,-2,5,19,7,21,12,0,-8,13,-2,-4,-2,5,sil
0.9152107238769532,10,4,7,22,12,24,25,0,14,18,-3,-7,10,19,sil
0.9303598403930664,-4,-4,-15,-1,5,16,29,1,26,10,-5,-10,10,9,sil
0.9303598403930664,-19,-24,-19,-37,-16,0,21,2,12,-1,-12,-9,3,-4,sil
0.9463083744049072,-7,-19,-16,-37,-13,-10,11,0,8,-3,-5,0,5,-6,sil
0.9463083744049072,0,0,-4,-10,5,-7,-1,2,13,0,10,10,4,-7,sil
0.9614617824554444,-1,11,18,2,8,-2,-12,7,8,1,24,18,6,-5,sil
0.9614617824554444,0,14,9,2,9,-6,-10,1,3,0,24,11,9,-1,sil
0.9772372245788574,-2,11,0,3,15,-1,-9,-5,-7,-11,1,-5,-10,-8,sil
0.9772372245788574,-8,5,-4,25,15,14,-1,-2,-7,-5,-5,-17,-18,-7,sil
0.9934391975402832,0,-1,-3,34,11,13,11,1,3,18,0,-15,0,6,sil
0.9934391975402832,0,-11,0,6,1,1,14,0,4,22,-17,-12,1,5,sil
1.00913667678833,-19,-29,-19,-27,-17,0,3,-3,-6,0,-40,-27,-15,-7,sil
1.00913667678833,-27,-31,-15,-34,-26,-3,-15,-1,-7,-14,-38,-30,-22,-11,sil
1.0243263244628906,-7,-8,0,-13,-17,-16,-17,0,12,0,-11,-1,0,0,sil
1.0243263244628906,17,5,10,0,-11,-19,-9,1,25,14,15,30,26,18,sil
1.0399062633514404,21,3,20,-6,-11,-13,-11,2,4,0,23,35,26,17,sil
1.0399062633514404,13,12,14,-1,-6,-12,-15,0,-19,-17,21,25,12,1,sil
1.0552845001220703,22,28,20,13,1,-10,-9,1,-18,-10,24,26,8,0,sil
1.0552845001220703,28,28,17,14,8,-2,-1,0,-6,1,28,28,10,6,sil
1.071347713470459,8,15,4,8,11,0,0,-2,-10,-1,12,7,-1,-2,sil
1.071347713470459,-12,7,4,7,6,7,1,0,-28,-18,-14,-15,-24,-15,sil
1.087078332901001,-15,2,-8,8,10,21,9,-4,-30,-17,-21,-22,-27,-17,sil
1.087078332901001,-5,0,-5,9,14,24,17,-7,-9,1,-12,-17,-12,-8,sil
1.1025867462158203,0,-5,-4,9,4,16,16,-1,10,16,-7,-17,1,3,sil
1.1025867462158203,-2,-13,-15,6,-6,10,13,3,17,10,-3,-14,2,12,sil
1.1187036037445068,-5,-17,-9,-4,-6,2,4,2,16,-1,-5,-4,-3,13,sil
1.1187036037445068,-5,-13,-15,-15,-9,-14,-8,0,16,-5,-12,-10,-1,7,sil
1.1343271732330322,3,-5,-7,-15,-12,-17,-14,4,15,0,2,0,13,3,sil
1.1343271732330322,13,0,10,-4,0,-4,-5,3,18,8,32,28,27,7,sil
1.1495537757873535,7,1,1,-7,4,-10,-5,-3,5,0,24,22,12,2,sil
1.1495537757873535,-6,4,-3,-10,2,-17,-14,-4,-22,-19,-7,-6,-15,-16,sil
1.165076732635498,-15,7,-5,12,11,0,0,0,-18,-6,-2,-6,-12,-15,sil
1.165076732635498,-8,4,1,23,16,18,18,2,6,21,11,6,0,5,sil
1.1801824569702148,0,-1,7,8,3,15,16,0,3,12,-6,-3,-9,0,sil
1.1801824569702148,-1,-7,0,6,-2,9,11,-1,-3,-1,-22,-16,-16,-10,sil
1.196397304534912,-1,-5,7,7,-2,10,14,2,10,11,-14,-5,-4,1,sil
1.196397304534912,-8,-9,-8,-14,-6,0,4,0,18,12,-11,-5,0,-2,sil
1.2113571166992188,-12,-19,-18,-33,-14,-17,-14,0,0,-9,-21,-14,-8,-17,sil
1.2113571166992188,4,-6,1,-22,-14,-17,-13,3,-9,-6,-13,0,0,0,sil
1.2285404205322266,16,14,6,-5,-7,-8,-6,0,-2,5,11,11,19,14,sil
1.2285404205322266,6,13,5,-4,-5,-11,-16,-3,-7,-6,23,10,20,3,sil
1.243117332458496,0,3,-1,-9,-7,-14,-21,0,-17,-18,18,8,7,-3,sil
1.243117332458496,5,6,4,-3,-4,-10,-16,0,-21,-17,10,7,0,-2,sil
1.2592296600341797,4,16,24,15,11,3,-10,1,-14,-9,14,11,0,-1,sil
1.2592296600341797,2,12,9,24,25,18,5,2,0,7,21,12,1,0,sil
1.2740473747253418,4,5,0,14,24,26,20,1,6,14,5,2,-1,4,sil
1.2740473747253418,4,7,1,25,19,24,25,0,6,11,-9,-5,-1,9,sil
1.28914213180542,0,3,0,35,8,15,19,0,10,14,-9,-4,1,9,sil
1.28914213180542,-6,-7,-5,11,-1,11,13,4,19,14,-9,-7,1,8,sil
1.305384874343872,-5,-8,-13,-4,0,7,16,1,28,17,-9,-17,2,12,sil
1.305384874343872,0,-7,0,-6,0,0,16,-1,23,24,-9,-6,5,11,sil
1.3214640617370603,-6,-18,-5,-18,-14,-5,2,-3,5,10,-13,-1,6,1,sil
1.3214640617370603,-6,-21,-20,-27,-20,-6,-7,-5,-3,-18,-19,-14,-6,-7,sil
1.3360042572021484,3,-12,-2,-22,-16,-11,-13,-2,-5,-28,-19,-11,-23,-12,sil
1.351149320602417,4,-6,5,-15,-12,-19,-20,0,-8,-16,-2,8,-16,-6,sil
1.351149320602417,4,0,8,-12,-4,-17,-21,0,-7,-11,16,19,3,3,sil
1.3672170639038086,9,6,1,-9,0,-12,-17,-1,-4,-9,20,14,8,2,sil
1.3672170639038086,7,9,-5,-6,-4,-17,-16,-3,-10,-9,17,8,0,-4,sil
1.3849759101867676,0,15,10,1,-2,-14,-14,0,-12,-16,20,12,0,-7,sil
1.3849759101867676,-3,12,4,6,5,-7,-4,3,-1,-11,18,6,2,-9,sil
1.3849759101867676,-10,4,0,2,1,-5,0,7,-5,-5,2,-7,-1,-10,sil
1.4015026092529297,-10,9,6,11,2,1,0,0,-16,-3,-4,-10,-5,-12,sil
1.4015026092529297,0,15,5,29,17,15,5,-3,-11,-1,-1,-3,-6,-12,sil
1.4156436920166016,6,10,8,25,20,22,15,3,-3,1,-1,1,-7,0,sil
1.4166436195373535,6,2,0,14,10,18,22,2,4,10,1,0,1,14,sil
1.431166410446167,5,0,3,14,7,14,18,0,14,19,2,-2,12,10,sil
1.431166410446167,-3,-6,1,11,7,10,7,3,16,20,-2,-10,8,0,sil
1.447059154510498,-14,-20,-14,-6,-2,6,1,1,7,16,-6,-17,0,0,sil
1.4633750915527344,-11,-15,-5,-18,-7,5,5,-2,3,17,-6,-7,4,7,sil
1.4633750915527344,-6,-2,-5,-5,0,6,11,0,5,15,-9,-4,6,11,sil
1.4633750915527344,-6,-7,-13,-1,-2,2,2,-3,-3,0,-21,-11,-1,3,sil
1.4784035682678225,-4,-15,-9,-13,-13,-3,-3,-7,-13,-15,-22,-8,-8,-7,sil
1.4784035682678225,-4,-11,-8,-14,-12,-11,-2,-6,-2,-10,-13,0,-7,-8,sil
1.4943947792053225,-7,-7,0,-10,-12,-17,-7,0,3,-6,-13,0,-7,-3,sil
1.4943947792053225,2,-3,-5,-9,-15,-14,-6,3,0,-3,-2,8,1,2,sil
1.5104389190673828,27,6,6,-2,-9,-3,0,6,5,4,19,28,16,14,sil
1.511439085006714,29,9,23,4,-3,0,-3,2,12,5,20,30,16,16,sil
1.5258772373199463,6,1,0,-2,-4,-5,-9,-1,10,-1,6,10,6,5,sil
1.5404045581817627,1,-1,-2,-20,0,-3,-11,0,2,-7,9,8,0,-2,sil
1.5404045581817627,6,3,4,-16,8,5,-10,0,1,-3,25,13,0,-6,sil
1.5583467483520508,0,16,5,5,12,2,-11,-1,-4,-8,24,2,-7,-12,sil
1.5583467483520508,0,23,11,19,9,-6,-10,2,-8,-18,9,-7,-14,-18,sil
1.5583467483520508,5,19,7,20,10,-4,-3,0,-6,-6,5,-10,-7,-9,sil
1.571385383605957,0,10,12,18,15,7,2,-2,-13,4,0,-7,-4,2,sil
1.5873231887817385,-18,-3,-2,9,13,12,7,0,-19,-2,-13,-17,-14,-4,sil
1.5873231887817385,-23,-16,-18,-6,1,5,11,0,-6,-1,-22,-30,-19,-10,sil
1.6024775505065918,-10,-12,0,0,-3,10,19,2,16,25,-17,-17,-1,9,sil
1.6024775505065918,-1,-7,-3,9,0,14,21,5,32,40,-11,-3,16,21,sil
1.6180131435394287,-2,-10,-4,-5,0,2,9,0,24,29,-7,1,17,12,sil
1.6180131435394287,4,-2,0,-13,0,-8,0,-4,7,9,6,16,15,11,sil
1.633544921875,17,5,0,0,0,-14,-1,-4,-2,-9,15,28,12,15,sil
1.633544921875,19,6,7,4,-7,-19,-13,0,-12,-24,9,22,4,4,sil
1.6494383811950684,11,6,0,-3,-8,-19,-21,-2,-24,-33,5,4,0,-17,sil
1.6494383811950684,3,10,2,-5,-2,-11,-12,0,-27,-33,2,0,-7,-27,sil
1.6650969982147217,-3,9,7,4,0,-1,0,-1,-22,-26,0,-2,-12,-17,sil
1.6650969982147217,-11,0,-1,15,-1,11,3,-1,-21,-21,-8,-17,-16,-13,sil
1.680245876312256,-19,-11,-8,8,-4,16,6,0,-18,-14,-25,-26,-19,-16,sil
1.680245876312256,-18,-13,-21,-1,-2,10,11,2,2,7,-24,-20,-8,-2,sil
1.6958632469177246,-8,-5,-11,-6,0,9,7,3,19,17,-3,-5,1,13,sil
1.6958632469177246,-1,-1,-1,2,2,11,0,3,21,10,3,5,1,11,sil
1.7114944458007812,-6,-7,-7,5,0,1,-4,-1,11,6,-12,0,0,6,sil
1.7114944458007812,-3,-9,6,-3,-8,-4,-2,-3,7,21,-9,0,8,10,sil
1.7274739742279053,14,1,7,2,1,8,13,0,27,39,24,11,22,19,sil
1.7274739742279053,18,8,7,12,12,10,18,3,34,26,31,16,22,13,sil
1.7435264587402344,0,-4,5,-7,0,-4,0,0,11,5,6,1,9,-3,sil
1.7435264587402344,-8,-16,-8,-29,-10,-11,-9,0,3,9,3,-5,9,0,sil
1.7591254711151123,1,-6,-2,-22,0,-6,-4,4,9,11,15,9,13,11,sil
1.7591254711151123,3,5,-2,-6,3,-6,-6,0,2,0,14,16,5,0,sil
1.7744975090026855,8,4,2,-2,-7,-14,-21,-9,-12,-8,5,11,-7,-10,sil
1.7744975090026855,15,3,11,-7,-5,-18,-25,-3,-23,-13,0,8,-11,-6,sil
1.7899882793426514,12,6,4,-6,5,-9,-14,2,-16,-17,0,7,-4,-4,sil
1.7899882793426514,10,10,10,4,4,4,1,4,-7,-15,2,8,-4,-5,sil
1.8050391674041748,2,12,3,12,2,5,6,0,-10,-9,3,1,-12,-7,sil
1.8050391674041748,-4,10,3,14,9,0,8,1,-15,-8,-1,-8,-16,-8,sil
1.8200490474700928,0,5,12,13,10,7,9,-1,-17,-14,-13,-11,-16,-3,sil
1.8200490474700928,-7,0,-8,8,4,10,8,-6,-16,-15,-21,-17,-18,0,sil
1.8352737426757808,-23,-3,-9,1,0,5,5,0,-5,-9,-25,-25,-17,-5,sil
1.8352737426757808,-18,-4,-1,10,-2,8,13,4,7,2,-21,-24,-7,-6,sil
1.8513309955596924,-3,0,0,18,-2,13,18,0,7,8,-10,-13,-1,3,sil
1.8513309955596924,0,0,0,2,0,8,11,-2,3,4,-8,-1,-2,8,sil
1.8669781684875488,-5,-11,-14,-11,0,2,3,-2,-1,-4,-17,-7,-3,-2,sil
1.8669781684875488,-6,-15,-10,-10,-7,2,2,-2,0,-2,-16,-9,0,-6,sil
1.883512020111084,0,-4,-3,-2,-10,0,5,-1,22,20,6,2,16,9,sil
1.883512020111084,12,4,-1,-5,0,-7,-5,2,29,24,19,17,30,17,sil
1.8991475105285645,17,3,4,-11,6,-12,-17,9,12,8,19,29,32,9,sil
1.8991475105285645,10,-1,-3,-9,-4,-19,-13,6,5,7,28,30,31,5,sil
1.9142966270446773,9,0,4,-12,-10,-19,-10,1,5,3,36,29,22,4,sil
1.9142966270446773,5,3,4,-11,3,-6,-11,0,0,-9,23,16,6,0,sil
1.9303059577941888,-4,3,-1,0,12,0,-9,-2,0,-6,2,-5,-4,-3,sil
1.9303059577941888,-1,15,14,23,11,-1,-13,0,-1,0,8,-2,-8,-1,sil
1.9457850456237795,5,24,7,35,14,2,-11,0,-8,-5,22,8,-7,-1,sil
1.9457850456237795,-1,6,0,12,11,10,8,0,-11,-4,0,-6,-12,-6,sil
1.9614896774291992,-13,-14,0,-13,-1,11,22,-1,-9,0,-26,-23,-14,-11,sil
1.9614896774291992,-14,-18,-5,-11,-15,2,6,-7,-15,-6,-24,-23,-16,-12,sil
1.977085828781128,-15,-14,0,-7,-18,3,-8,-4,-25,-20,-22,-18,-30,-15,sil
1.977085828781128,-13,-9,-6,-6,-9,12,0,2,-12,-7,-18,-12,-26,-10,sil
1.9921913146972656,3,0,0,6,-4,9,0,3,10,7,-6,0,2,4,sil
1.9921913146972656,18,3,9,20,1,-2,-3,0,22,14,1,9,19,18,sil
2.015428066253662,10,-2,-2,11,4,-9,0,-1,15,15,1,2,6,18,sil
2.015428066253662,-7,-12,-5,-10,-7,-9,0,-2,-2,4,-7,-6,-9,4,sil
2.015428066253662,-11,-9,-10,-5,-10,-1,6,1,-11,-3,-14,-12,-6,-4,sil
2.0234882831573486,1,3,-6,6,8,11,26,6,0,2,-6,1,3,1,sil
2.0395524501800537,9,6,-1,0,15,15,26,0,6,9,6,15,6,10,sil
2.0395524501800537,4,-2,-7,-6,1,0,5,-8,-5,2,9,4,3,8,sil
2.0556681156158447,2,2,6,0,-5,-7,0,-3,-8,-3,3,-3,2,2,sil
2.0556681156158447,4,7,3,-3,2,-6,0,0,1,-7,-4,0,2,0,sil
2.071671485900879,1,-1,-3,-18,1,-6,-8,-3,3,-7,-9,0,0,0,sil
2.071671485900879,0,-5,-2,-22,-7,-6,-3,-2,5,-1,0,0,4,0,sil
2.0869925022125244,4,2,-5,-12,-1,0,-1,2,11,-1,9,8,10,-4,sil
2.0869925022125244,7,9,9,-3,8,1,-14,7,3,-3,11,12,10,-13,sil
2.1024816036224365,5,9,14,1,7,-2,-17,0,6,3,20,12,15,-8,sil
2.1024816036224365,6,7,12,0,0,-8,-11,-2,15,6,25,17,18,1,sil
2.1175191402435303,8,9,9,-9,-4,-8,-19,-1,5,-4,16,13,10,1,sil
2.1175191402435303,0,9,-9,-5,-3,-8,-17,1,-1,-9,8,-5,-1,-11,sil
2.1335458755493164,-11,5,1,9,2,-5,-4,0,-6,-11,0,-6,-12,-17,thankyou
2.1335458755493164,-8,4,5,15,6,5,7,1,-2,-3,0,3,-8,-8,thankyou
2.149022340774536,-6,2,0,16,5,11,13,6,0,4,0,-2,-6,1,thankyou
2.149022340774536,-13,4,5,22,3,8,8,6,-10,5,-6,-13,-14,0,thankyou
2.1646742820739746,-15,2,-6,21,5,7,5,0,-18,10,-5,-11,-9,0,thankyou
2.180292844772339,-11,-5,-5,7,6,11,8,-3,-15,4,-8,-6,-8,5,thankyou
2.180292844772339,-5,-8,2,9,0,0,2,-4,-20,-14,-24,-11,-18,3,thankyou
2.180292844772339,4,-11,0,12,-11,-13,0,-4,-19,-13,-26,-15,-16,6,thankyou
2.196441173553467,4,-16,0,4,-14,0,10,2,0,1,-17,-11,-10,11,thankyou
2.196441173553467,2,-9,-8,9,-3,18,13,1,5,10,-14,-7,-5,5,thankyou
2.211294412612915,16,2,0,17,12,8,8,0,4,17,-5,8,7,8,thankyou
2.211294412612915,15,-1,-1,9,15,0,4,5,13,17,5,16,16,18,thankyou
2.2275304794311523,-2,-12,-13,-6,-1,5,-1,-2,17,7,3,0,13,10,thankyou
2.2275304794311523,-4,-16,-4,-19,-14,0,-2,-6,13,1,0,-3,12,0,thankyou
2.2420530319213867,2,-17,-7,-27,-10,-9,-1,0,12,-1,1,0,10,-2,thankyou
2.2420530319213867,0,-7,-6,-26,-5,-1,0,3,14,-3,1,-3,5,-3,thankyou
2.2585415840148926,-1,2,-6,-19,-1,4,12,0,28,7,11,3,12,1,thankyou
2.2730705738067627,-6,1,-10,-25,-7,-9,8,0,33,10,16,8,12,0,thankyou
2.27407455444336,-7,1,3,-34,-19,-17,-12,-1,5,0,7,3,0,-16,thankyou
2.288280963897705,-4,1,0,-26,-8,-10,-11,-2,-15,-5,2,7,-2,-19,thankyou
2.288280963897705,-5,0,-1,-23,2,-10,-8,0,-27,-22,-1,10,-9,-9,thankyou
2.304041862487793,-4,11,4,-19,-3,-15,-19,0,-39,-35,-8,-1,-22,-11,thankyou
2.304041862487793,5,23,7,4,-3,-11,-17,-6,-33,-21,0,-1,-21,-9,thankyou
2.32002067565918,16,23,28,23,10,0,-6,-3,-16,-10,16,20,-3,3,thankyou
2.32002067565918,19,19,27,27,19,4,-2,0,-7,-5,20,21,12,10,thankyou
2.335122346878052,18,18,12,27,12,7,-9,-1,-12,0,7,7,5,4,thankyou
2.335122346878052,10,16,11,32,8,13,-9,1,-13,-1,4,8,-1,0,thankyou
2.3501951694488525,3,13,7,38,18,12,0,5,6,1,10,5,11,0,thankyou
2.3501951694488525,4,7,9,35,27,10,9,7,24,16,7,-5,18,3,thankyou
2.365384578704834,0,3,1,24,18,9,14,7,22,19,2,-15,7,0,thankyou
2.365384578704834,-10,-6,-6,10,1,7,14,4,13,9,-2,-22,-1,-4,thankyou
2.3805248737335205,-22,-26,-18,-1,-8,6,5,0,11,10,-14,-26,-3,-6,thankyou
2.3805248737335205,-28,-34,-33,-13,-10,3,6,-2,14,19,-15,-25,-2,-4,thankyou
2.3961329460144043,-24,-17,-12,-13,-8,0,13,1,5,15,-8,-17,-3,2,thankyou
2.3961329460144043,-16,-7,-7,-5,-10,-1,9,0,-7,0,-16,-11,-10,8,thankyou
2.4122390747070312,-9,-18,-13,-13,-17,-1,0,-2,-13,-8,-33,-7,-20,6,thankyou
2.4122390747070312,-6,-21,-9,-29,-20,-2,-3,-3,-12,-13,-34,-6,-22,2,thankyou
2.427985429763794,0,-13,-10,-20,-12,-4,-4,-5,-9,-10,-16,-5,-10,3,thankyou
2.427985429763794,19,-6,6,-6,-6,0,0,-1,0,2,0,12,6,16,thankyou
2.4434399604797363,25,-3,7,-7,-7,4,5,-2,13,11,8,24,17,22,thankyou
2.4434399604797363,18,4,3,-6,-1,1,-1,-9,0,-6,9,15,6,5,thankyou
2.4589667320251465,14,17,17,7,16,1,-8,-5,-12,-13,11,13,-3,-5,thankyou
2.4589667320251465,12,15,11,12,16,0,1,1,11,15,25,18,13,4,thankyou
2.47501277923584,13,11,8,1,0,-6,10,6,41,31,35,25,31,14,thankyou
2.47501277923584,8,14,-2,0,1,-6,9,5,28,10,19,12,17,-1,thankyou
2.4910547733306885,-7,9,-7,0,6,-10,-3,1,-1,-5,-6,-9,-6,-26,thankyou
2.4910547733306885,-13,6,8,-7,0,-13,-12,1,-2,0,1,-1,-3,-22,thankyou
2.507035255432129,-9,1,-4,-9,0,-9,-2,2,1,-1,14,3,4,-8,thankyou
2.507035255432129,-19,-10,-12,-14,-5,-16,-2,0,-16,-28,-7,-17,-15,-18,thankyou
2.522101879119873,-21,-6,-4,-14,-17,-20,-17,-3,-31,-39,-22,-20,-25,-24,thankyou
2.522101879119873,-3,7,0,0,-9,-3,-12,-2,-24,-23,-6,1,-7,-6,thankyou
2.53720760345459,11,11,11,12,6,9,0,10,-15,-5,10,11,3,7,thankyou
2.53720760345459,15,10,10,11,9,9,2,7,-6,5,16,2,6,10,thankyou
2.55329966545105,11,4,5,8,5,8,-4,-7,-11,-2,4,-2,-2,4,thankyou
2.55329966545105,4,-3,-1,11,7,13,-10,-11,-15,-11,-8,-3,-10,2,thankyou
2.5688178539276123,7,4,3,22,18,20,-1,0,-2,8,-2,0,4,21,thankyou
2.5688178539276123,15,17,19,27,22,26,16,3,9,26,7,7,15,32,thankyou
2.584083080291748,3,4,0,16,8,13,13,-5,6,9,0,0,-1,9,thankyou
2.584083080291748,-19,-13,-13,-6,-8,-1,-7,-7,-2,-4,-24,-16,-20,-16,thankyou
2.599284648895264,-28,-22,-11,-19,-14,0,-7,-1,0,12,-29,-18,-10,-19,thankyou
2.599284648895264,-22,-27,-20,-22,-12,-1,6,4,8,18,-11,-12,5,-11,thankyou
3.9706239700317374,19,0,10,-3,-1,-2,-2,4,8,1,3,16,9,16,thankyou
3.9706239700317374,28,16,10,4,0,-11,-8,8,-4,-6,21,31,6,14,thankyou
3.985186100006104,24,23,3,1,0,-8,-9,0,-7,0,25,22,5,13,thankyou
3.985186100006104,9,15,14,0,6,1,-11,-1,-16,0,12,4,1,3,thankyou
4.000715255737305,0,7,5,8,10,1,-12,-3,-20,-6,3,-5,0,-3,thankyou
4.000715255737305,0,8,2,9,0,-1,-5,-4,-20,-10,1,-2,-5,-3,thankyou
4.025967597961426,4,17,8,8,-1,-1,-2,-1,-16,-13,10,10,-5,-2,thankyou
4.025967597961426,0,10,-1,9,5,-4,-6,1,-9,-11,17,8,-3,-4,thankyou
4.025967597961426,-12,-5,-3,3,0,-2,-2,1,-6,-10,-2,-11,-15,-14,thankyou
4.047147750854492,-13,-4,-7,12,2,10,15,0,-1,-8,-18,-20,-23,-20,thankyou
4.047147750854492,0,7,1,18,17,16,20,0,2,-6,-5,-8,-15,-7,thankyou
4.047147750854492,3,7,8,8,15,5,10,-3,0,-2,3,2,-6,9,thankyou
4.064187288284302,0,-1,0,5,0,-2,6,-2,-4,-2,-12,-2,-12,9,thankyou
4.079444646835327,-11,-9,-4,4,-4,3,2,2,-4,-6,-26,-15,-22,-7,thankyou
4.079444646835327,-24,-18,-21,-3,-1,9,0,4,1,0,-19,-29,-15,-14,thankyou
4.079444646835327,-24,-19,-17,-19,-5,4,3,3,15,3,-23,-24,-4,-5,thankyou
4.095042705535889,-15,-19,-7,-30,-10,0,7,2,22,6,-32,-11,0,-2,thankyou
4.095042705535889,-7,-21,-15,-27,-7,3,5,0,15,12,-20,-8,7,-7,thankyou
4.111131906509399,-1,-12,-2,-14,-3,3,8,0,16,15,-5,-6,15,2,thankyou
4.111131906509399,-2,0,0,-7,-6,-6,10,-2,21,19,0,-4,18,10,thankyou
4.1263203620910645,0,-2,-5,-14,-9,-15,-2,-5,12,23,6,3,25,6,thankyou
4.142424821853638,13,-6,5,-22,-12,-14,-14,-1,2,11,24,23,29,8,thankyou
4.142424821853638,14,-2,7,-20,-11,-14,-17,-1,-4,-2,30,25,16,6,thankyou
4.142424821853638,10,11,13,-8,0,-17,-23,-1,-19,-12,20,17,0,-5,thankyou
4.157663345336914,21,21,11,6,7,-11,-23,0,-17,-14,21,22,2,-4,thankyou
4.157663345336914,29,16,11,15,1,-2,-11,4,-5,-12,33,30,6,6,thankyou
4.172475337982178,19,16,21,18,3,5,0,4,1,0,31,28,2,7,thankyou
4.188516855239868,5,19,11,22,13,13,11,0,5,7,15,10,0,6,thankyou
4.188516855239868,0,14,4,24,9,14,11,-1,-7,-11,-2,0,-11,0,thankyou
4.188516855239868,-9,3,-5,30,4,9,0,-3,-28,-29,-15,-8,-24,-13,thankyou
4.203403949737549,-13,0,-7,30,5,4,-3,-5,-26,-20,-25,-16,-21,-10,thankyou
4.218277454376221,-8,0,3,21,3,4,7,-1,-10,3,-19,-13,-3,4,thankyou
4.218277454376221,-10,-3,-5,17,8,12,17,2,0,15,-8,-14,0,3,thankyou
4.233448266983032,-15,-7,-7,13,12,21,21,1,7,7,-18,-24,-12,0,thankyou
4.233448266983032,-9,-8,-12,2,8,18,28,2,23,15,-20,-27,-5,7,thankyou
4.249311208724976,-3,-14,-14,-11,-1,2,21,4,24,27,-6,-15,13,13,thankyou
4.249311208724976,-7,-24,-3,-26,-16,-6,-3,0,0,1,-10,-2,10,7,thankyou
4.265023469924927,-12,-23,-16,-40,-25,-13,-19,-2,-12,-24,-15,-4,-2,-4,thankyou
4.265023469924927,-2,-6,-5,-38,-17,-17,-15,0,-1,-11,0,0,-2,-13,thankyou
4.280096769332886,8,4,8,-17,-4,-13,-7,2,9,7,16,12,4,-8,thankyou
4.280096769332886,10,2,0,-8,-3,-11,-13,5,13,8,21,15,6,-2,thankyou
4.295201063156128,14,13,9,-1,-4,-10,-17,6,15,1,17,16,1,0,thankyou
4.295201063156128,24,25,11,17,9,-3,-1,-1,16,6,15,23,9,6,thankyou
4.311291217803955,17,16,9,9,16,1,9,-2,3,8,12,19,16,12,thankyou
4.311291217803955,-3,1,4,-8,7,-1,2,-6,-11,-2,-1,0,2,3,thankyou
4.327061653137207,-4,0,-2,3,4,-5,-1,-12,-10,-15,-9,-10,-12,-6,thankyou
4.327061653137207,3,0,5,7,2,-5,-5,-2,-5,-6,0,-4,-9,-7,thankyou
4.343190908432007,-4,-4,-7,-8,-8,-8,-19,-1,-12,0,-5,-11,-7,-8,thankyou
4.343190908432007,-13,-8,-8,-6,-11,-7,-19,-7,-20,-17,-19,-19,-20,-15,thankyou
4.358359336853027,-10,-4,6,4,1,7,-1,-1,-18,-18,-5,-8,-13,-13,thankyou
4.358359336853027,-10,0,-2,-3,5,13,6,1,-16,10,9,-1,6,-1,thankyou
4.374062776565552,-9,0,-1,-2,4,10,8,0,0,20,3,0,10,8,thankyou
4.374062776565552,0,3,3,18,9,10,18,9,28,9,6,3,10,16,thankyou
4.390029191970825,0,-2,0,8,0,6,12,9,27,0,7,5,10,12,thankyou
4.390029191970825,-12,-11,-7,-16,-12,0,4,0,6,-4,-7,-3,0,-3,thankyou
4.405549049377441,-13,-9,-9,-10,-3,0,13,0,13,-2,-10,-7,-7,-8,thankyou
4.405549049377441,0,-1,3,-2,0,5,8,3,15,-2,-4,1,-9,0,thankyou
4.421361446380615,8,3,1,1,-2,3,-8,-6,-13,-10,-2,4,-7,-5,thankyou
4.421361446380615,14,13,9,25,3,2,-8,-7,-23,-4,4,6,0,-6,thankyou
4.4370434284210205,19,15,19,31,2,1,0,3,-1,10,18,18,12,9,thankyou
4.4370434284210205,13,2,0,4,-5,-4,-2,3,-1,5,16,16,10,13,thankyou
4.453105449676514,1,-3,-5,-5,-2,-1,-6,-2,-20,-13,-6,0,-7,0,thankyou
4.453105449676514,-3,-1,-6,0,7,9,0,-1,-14,-5,-21,-10,-10,-3,thankyou
4.468075752258301,-1,-2,-4,-4,5,7,10,4,0,8,-11,-4,0,2,thankyou
4.468075752258301,7,5,8,4,0,1,7,6,7,10,3,8,7,14,thankyou
4.483297348022461,8,9,0,17,0,2,0,1,12,5,2,0,4,16,thankyou
4.483297348022461,-2,-2,-5,-4,4,-2,-7,0,0,-4,-11,-21,-8,-5,thankyou
5.806437969207764,12,6,-6,-1,0,-4,-11,-3,-13,-6,18,9,1,-4,thankyou
5.806437969207764,5,5,1,-8,1,-6,0,4,5,0,13,15,7,0,thankyou
5.822085857391357,1,0,-8,-15,-3,-2,7,5,26,7,13,11,15,-1,thankyou
5.822085857391357,4,4,0,-15,-5,-3,0,0,21,2,6,4,6,-7,thankyou
5.837242126464844,4,14,4,0,-4,-9,-6,-4,1,-3,0,-3,-1,-6,thankyou
5.837242126464844,0,12,1,8,-5,-8,-10,-4,-7,-4,0,-2,1,-6,thankyou
5.853262424468994,-1,10,5,-2,0,-2,-13,1,-4,-8,7,8,3,-2,thankyou
5.853262424468994,0,8,0,-12,2,-5,-5,0,-5,-12,5,6,-3,0,thankyou
5.868476152420044,0,4,6,0,0,-6,0,-3,-14,-11,-3,-2,-11,-9,thankyou
5.868476152420044,0,6,8,15,7,0,0,0,-8,-1,1,0,-1,-4,thankyou
5.885037183761597,8,10,7,14,17,6,10,2,0,-3,5,5,7,8,thankyou
5.885037183761597,3,2,3,1,7,3,9,-2,-13,-23,-12,-2,-4,-1,thankyou
5.899620532989502,-16,-6,-8,-4,-5,-1,-1,-1,-14,-18,-18,-14,-12,-11,thankyou
5.900620937347412,-13,0,4,0,1,5,1,4,6,6,-4,-5,-1,0,thankyou
5.91551947593689,0,4,0,8,14,12,8,0,12,8,-1,-4,0,4,thankyou
5.91551947593689,-6,-11,-14,5,4,0,-4,-3,-13,-14,-17,-22,-13,-8,thankyou
5.931197166442871,-23,-30,-8,-12,-10,-8,-22,-1,-31,-12,-26,-26,-24,-17,thankyou
5.931197166442871,-22,-26,-13,-19,-7,-2,-16,0,-14,7,-16,-18,-16,-13,thankyou
5.94709062576294,-9,-10,-4,-9,0,8,0,3,5,6,-8,-12,-9,-10,thankyou
5.94709062576294,-2,-3,4,5,6,12,12,1,6,8,-3,-3,-5,-9,thankyou
5.962039232254028,6,0,9,12,4,8,14,1,4,19,5,11,3,2,thankyou
5.977640628814697,16,8,13,13,-3,5,11,5,10,14,9,20,9,18,thankyou
5.977640628814697,11,2,-5,12,0,2,12,1,9,6,6,12,6,20,thankyou
5.977640628814697,10,0,-1,6,9,3,14,-1,3,10,12,14,11,17,thankyou
5.995005369186401,15,11,12,8,4,1,18,3,12,19,26,23,28,21,thankyou
5.995005369186401,6,10,2,8,-11,-11,8,2,12,18,21,11,26,22,thankyou
6.0091753005981445,-7,-4,-8,-5,-17,-8,-11,-1,-3,1,0,-7,6,7,thankyou
6.030421495437622,0,0,-12,-11,-7,1,-19,-7,-1,-7,0,-7,0,-3,thankyou
6.031421661376953,15,11,4,-2,0,-5,-12,-5,10,-6,4,3,1,0,thankyou
6.031421661376953,5,2,5,-1,0,-11,-8,0,2,-10,-9,-1,-5,-1,thankyou
6.040496110916138,-17,-8,-14,-15,0,-2,-13,-2,-3,-15,-26,-19,-13,-21,thankyou
6.040496110916138,-19,-1,-7,-17,-3,3,-16,-6,-8,-17,-19,-15,-16,-27,thankyou
6.057068824768066,-3,7,-5,0,-4,2,-1,-5,-9,-16,0,1,-9,-8,thankyou
6.058114290237427,5,1,-2,0,0,5,15,4,5,-8,1,10,0,8,thankyou
6.074098110198975,0,-9,3,-14,-1,5,15,8,22,8,-7,0,0,6,thankyou
6.089556455612183,0,-10,2,-11,-7,-2,4,5,13,11,-3,-3,0,0,thankyou
6.089556455612183,7,4,16,2,1,-7,0,5,0,2,15,15,11,2,thankyou
6.089556455612183,6,9,9,14,12,-4,2,0,3,3,20,17,18,7,thankyou
6.103083848953247,1,1,0,9,6,-4,2,-3,2,3,4,1,4,-2,thankyou
6.103083848953247,2,0,0,1,0,-7,-2,1,-4,-3,3,3,-1,-14,thankyou
6.1182122230529785,8,7,0,5,-1,-6,-6,1,-2,-3,22,15,7,-3,thankyou
6.134107828140259,6,4,12,2,-3,-5,-7,0,-1,0,20,15,9,5,thankyou
6.134107828140259,-4,-5,1,-11,-5,-5,-9,0,-12,-2,4,0,0,-3,thankyou
6.149234294891357,-8,0,-6,-6,0,0,-11,-2,-19,-7,-4,-13,-11,-9,thankyou
6.149234294891357,0,14,0,14,10,8,-6,-2,-12,0,-1,-11,-8,1,thankyou
6.165185689926148,-1,3,-6,14,14,13,-1,2,-8,9,-2,-10,-6,6,thankyou
6.165185689926148,-9,-9,-1,7,13,16,6,7,-18,1,-13,-11,-18,1,thankyou
6.180414199829102,-5,0,0,19,10,16,19,-1,-16,-1,-14,-11,-21,2,thankyou
6.180414199829102,2,4,0,17,1,14,21,-6,0,4,-12,-11,-10,4,thankyou
6.196465730667114,-1,-2,0,-6,-2,12,15,-1,8,0,-18,-4,-6,0,thankyou
6.196465730667114,-6,-14,-11,-17,0,0,7,1,10,-2,-16,1,0,1,thankyou
6.211975574493408,0,-15,1,-14,-2,-9,-4,-1,8,5,-8,0,9,7,thankyou
6.211975574493408,3,-7,0,-10,-4,-12,-6,-6,9,7,-4,-6,9,0,thankyou
6.228029012680054,0,-4,-8,-14,-7,-12,-7,-5,4,-7,-7,-4,0,-12,thankyou
6.228029012680054,2,1,0,-10,-6,-5,-16,0,2,-5,0,10,4,-2,thankyou
6.243401527404785,10,10,-3,2,0,-1,-14,1,9,8,21,17,19,4,thankyou
6.243401527404785,4,6,-2,1,-8,-12,-15,-2,5,-4,18,5,6,-11,thankyou
6.259511232376099,-3,5,4,0,-10,-10,-10,0,-3,-19,3,-6,-9,-19,thankyou
6.259511232376099,2,12,14,18,5,6,17,11,1,-1,6,0,-1,0,thankyou
6.27564549446106,5,11,18,30,13,13,35,9,10,11,7,5,5,13,sil
6.27564549446106,-6,-1,-8,16,7,12,23,-2,7,4,-6,-6,0,11,sil
6.291288614273071,-10,-13,-13,-4,-1,13,10,0,1,7,-12,-13,0,11,sil
6.291288614273071,-5,-18,-5,-16,-14,4,1,3,8,18,-5,-3,9,11,sil
6.306459665298462,-2,-12,-2,-24,-18,-10,-11,-5,15,14,1,9,19,6,sil
6.306459665298462,0,-6,1,-31,-12,-13,-17,-6,-2,-1,9,19,14,4,sil
6.321979284286499,4,-2,-7,-19,-8,-12,-18,-2,-21,-14,11,15,3,3,sil
6.321979284286499,6,11,4,0,-1,-9,-17,0,-20,-20,5,9,-4,-5,sil
6.338003158569336,3,18,11,6,4,-4,-7,1,-16,-16,3,5,-15,-18,sil
6.338003158569336,-4,6,-3,3,8,-2,-2,1,-19,-18,-2,-5,-24,-21,sil
6.353210687637329,-7,2,0,8,13,8,0,2,-9,-13,-9,-7,-19,-10,sil
6.353210687637329,-6,6,-3,25,16,15,17,2,10,12,-4,-7,-6,-1,sil
6.36875057220459,-16,-5,-9,16,5,6,20,0,8,17,-14,-21,-14,-7,sil
6.36875057220459,-22,-20,-14,-11,-2,1,0,-2,0,1,-33,-32,-22,-8,sil
6.384530067443848,-2,-14,-12,-14,-2,0,-1,0,11,5,-11,-11,3,11,sil
6.384530067443848,23,3,18,0,-2,-4,10,1,25,21,28,20,35,27,sil
6.400059938430786,27,9,16,3,0,-4,8,-2,17,14,32,24,36,20,sil
6.400059938430786,26,7,9,-2,4,-2,-8,-6,0,-2,14,18,19,10,sil
6.415330171585083,26,13,17,1,5,-4,-24,-4,-12,-9,19,28,10,6,sil
6.415330171585083,18,19,12,21,8,-6,-24,-3,-20,-11,27,27,3,0,sil
6.431412696838379,8,15,15,24,11,-4,-13,2,-16,-10,6,10,-6,-5,sil
6.431412696838379,1,7,4,5,3,0,-3,2,-4,-2,-8,-4,-6,-9,sil
6.447671413421631,-9,0,-10,-8,-6,4,0,-1,-1,-2,-6,-16,-10,-10,sil
6.447671413421631,-23,-10,-13,-11,-10,5,7,2,-2,-7,-12,-26,-22,-13,sil
6.463283061981201,-26,-15,-17,-2,-5,5,16,8,5,0,-21,-31,-20,-13,sil
6.463283061981201,-15,-5,-5,10,5,11,24,8,13,13,-13,-16,-6,0,sil
6.479104995727539,-8,2,-3,11,11,20,31,0,17,19,0,-1,2,9,sil
6.479104995727539,-9,-2,-4,-5,1,11,27,0,14,16,-8,-4,0,4,sil
6.494344234466553,-5,-7,2,-6,-2,0,10,1,1,5,-13,-6,-2,1,sil
6.494344234466553,0,-6,-6,6,0,3,3,-1,-4,3,0,0,6,9,sil
6.5094404220581055,0,-10,-4,-8,-9,0,6,-2,0,10,0,1,8,10,sil
6.5094404220581055,-5,-19,-13,-30,-18,-12,-1,-1,-2,0,-21,-12,-4,-1,sil
6.524209499359131,-5,-22,-19,-34,-15,-14,-25,-3,-10,-23,-32,-21,-15,-13,sil
6.524209499359131,0,-12,-1,-23,-12,-6,-27,-1,-1,-21,-16,-2,-6,-12,sil
6.539767742156982,0,1,1,-6,-7,-6,-7,-2,12,-4,3,12,9,-2,sil
6.539767742156982,6,12,7,3,-2,-10,-13,-3,1,-3,16,23,15,3,sil
6.555356502532959,14,9,7,1,-3,-14,-36,0,-7,-2,28,28,17,6,sil
6.555356502532959,8,4,6,0,-4,-16,-33,-2,-6,-5,21,18,11,0,sil
6.5704851150512695,2,17,16,12,5,-7,-9,-1,-13,-12,15,12,0,-5,sil
6.5704851150512695,5,19,8,18,15,-3,0,1,-17,-4,23,11,-1,-6,sil
6.586027383804321,4,8,5,12,16,2,2,1,-10,-4,16,10,-4,-2,sil
6.586027383804321,1,12,4,15,15,18,20,0,-1,-9,2,4,-4,1,sil
6.601576328277588,0,13,3,19,11,22,29,1,6,1,0,-5,-2,4,sil
6.601576328277588,-4,-6,8,11,2,13,15,6,7,3,-7,-12,-7,0,sil
6.616949558258057,-5,-10,-4,9,1,7,11,7,5,9,-6,-9,-6,0,sil
6.616949558258057,3,3,0,14,5,1,15,3,7,28,0,0,3,14,sil
6.634011507034302,0,-1,0,10,0,-2,6,-4,8,26,-5,-2,6,16,sil
6.634011507034302,-10,-17,-17,-5,-4,2,1,-3,11,11,-6,-11,4,4,sil
6.649583339691162,3,-9,-3,-19,-4,5,8,2,17,13,2,-4,7,1,sil
6.649583339691162,14,0,0,-17,-7,-5,1,-3,14,6,0,0,7,1,sil
6.665184497833252,3,-9,-10,-22,-13,-19,-23,-9,-9,-17,-14,-2,-7,-7,sil
6.665184497833252,0,-4,-8,-24,-5,-14,-26,-4,-16,-20,-11,-1,-11,-15,sil
6.680279493331909,6,14,0,-11,6,-1,-6,1,2,-6,9,5,5,-7,sil
6.680279493331909,3,13,14,0,7,6,-1,9,7,-4,16,9,8,0,sil
6.696010589599609,-4,0,6,0,4,6,1,6,-4,-7,0,-1,-4,-3,sil
6.696010589599609,-7,2,4,2,3,5,11,-1,-14,-7,-12,-10,-11,-6,sil
6.711575746536255,-4,7,11,10,2,5,4,-1,-17,-7,-5,-8,-10,1,sil
6.711575746536255,-5,0,0,13,0,-1,-4,1,-12,-6,0,-10,-7,1,sil
6.727336406707764,-10,-4,-6,4,0,0,1,-1,-7,0,-10,-11,-9,-1,sil
6.727336406707764,-15,-3,-15,-1,-6,8,6,-6,-5,-1,-20,-14,-16,-1,sil
6.742473125457764,-13,-8,-11,0,-10,5,5,-4,0,-3,-19,-16,-15,-2,sil
6.742473125457764,-5,-12,3,0,-3,3,15,0,12,14,-6,0,3,5,sil
6.758003234863281,2,-8,0,-2,1,7,18,-1,18,25,3,14,16,17,sil
6.7590978145599365,5,-7,0,-4,-4,0,1,1,10,3,0,11,7,10,sil
6.773998975753784,4,-9,-8,-4,-7,-15,-8,6,8,-3,5,8,11,0,sil
6.789095640182495,9,1,-3,0,0,-12,-13,1,15,6,23,11,18,0,sil
6.789095640182495,11,13,15,5,3,-3,-22,-3,8,0,19,14,11,-2,sil
6.806058883666992,11,9,8,12,6,-7,-15,1,-1,-3,14,17,7,-7,sil
6.806058883666992,14,10,10,12,5,-11,-5,6,-3,7,26,29,12,-4,sil
6.806058883666992,8,16,10,15,2,-6,-7,0,-4,12,31,24,15,0,sil
6.821337461471558,4,10,5,15,3,-2,-5,0,-18,-1,13,1,6,2,sil
6.821337461471558,2,2,8,6,3,3,1,2,-22,-17,-10,-13,-10,0,sil
6.837626457214356,-12,-3,-8,-5,0,8,3,-3,-12,-17,-23,-19,-24,-8,sil
6.837626457214356,-16,-9,-15,-5,0,12,14,-4,-4,-6,-22,-14,-21,-4,sil
6.851244688034058,-1,-6,-11,2,5,17,27,0,6,7,-11,-7,-3,8,sil
6.866481304168701,-1,-5,-6,-2,1,16,20,-1,14,10,-15,-11,0,8,sil
6.866481304168701,-9,-13,-1,-16,-4,8,12,-2,9,3,-23,-12,-10,0,sil
6.88230562210083,-3,-17,-11,-24,-8,-3,8,0,16,7,-8,-8,2,2,sil
6.88230562210083,0,-12,-2,-37,-15,-18,-11,3,22,5,7,5,22,7,sil
6.897610664367676,1,-1,3,-29,-18,-16,-24,0,4,-9,9,16,14,4,sil
6.897610664367676,6,12,3,1,-3,-9,-17,-5,-16,-10,8,7,0,-2,sil
6.913458347320557,0,16,10,10,3,-9,-17,-2,-24,-15,0,-10,-11,-22,sil
6.913458347320557,-17,2,-8,-2,-7,-15,-21,0,-19,-26,-11,-21,-24,-29,sil
6.929291486740112,-12,1,-5,0,-7,-8,-7,4,-4,-13,-3,-9,-12,-3,sil
6.929291486740112,8,20,15,17,16,5,12,7,11,9,14,9,8,6,sil
6.944287061691284,10,18,10,22,21,7,13,1,1,-1,6,0,0,-10,sil
6.944287061691284,0,-5,3,5,0,4,-3,-1,-21,-16,-6,-7,-12,-4,sil
6.959772348403931,1,-6,-2,6,1,4,-6,-2,-21,1,12,10,9,18,sil
6.959772348403931,15,14,11,21,18,7,2,0,-3,15,23,17,17,16,sil
6.975367307662964,9,10,19,21,14,9,5,3,11,2,1,-2,-2,2,sil
6.975367307662964,-9,-11,-5,7,0,4,0,0,9,0,-11,-8,-12,0,sil
6.99092960357666,-8,-11,-6,0,0,0,1,0,5,20,0,5,-2,3,sil
6.99092960357666,2,-1,-6,-3,2,9,10,5,21,31,1,2,8,7,sil
7.00639796257019,0,-7,-9,-10,-3,21,16,5,22,17,-10,-7,4,2,sil
7.00639796257019,-4,-8,0,-7,-5,23,28,0,2,6,-10,-4,-2,0,sil
7.022058963775635,0,0,0,11,0,15,40,-2,0,9,-1,5,1,6,sil
7.022058963775635,5,-2,-1,12,-3,3,25,1,5,6,-10,5,5,7,sil
7.037026882171631,0,-11,-12,-4,-8,-9,-7,-2,5,6,-12,-3,3,0,sil
7.037026882171631,-3,-5,-6,-8,-4,-18,-24,-6,10,9,4,1,10,2,sil
7.053116321563721,-2,-6,1,-13,-3,-20,-21,-3,7,2,9,8,10,1,sil
7.053116321563721,-5,-20,-12,-29,-13,-22,-18,-4,-1,-9,-2,-6,0,-8,sil
7.068380355834961,0,-11,1,-25,-15,-18,-21,-5,-1,-19,0,-2,1,-4,sil
7.068380355834961,10,9,11,0,-2,-10,-13,-2,-3,-18,14,16,12,5,sil
7.083999395370483,15,14,4,4,2,-10,-3,1,-17,-21,17,17,4,0,sil
7.083999395370483,10,12,8,-6,-4,-8,-7,1,-23,-24,13,11,-4,-7,sil
7.099135160446167,2,10,4,-4,-6,-6,-17,1,-21,-18,10,5,-7,-9,sil
7.099135160446167,2,9,6,0,4,-7,-19,3,-15,-8,1,6,-12,-7,sil
7.114737272262573,3,16,4,11,16,1,-4,6,7,3,9,11,-6,0,sil
7.114737272262573,0,22,3,22,13,16,8,5,23,7,16,0,-2,0,sil
7.1294105052948,-7,13,9,22,0,14,4,1,11,-1,1,-14,-8,-4,sil
7.1294105052948,-12,-1,-1,14,0,7,2,-2,-3,-1,-9,-15,-3,-4,sil
7.145008087158203,-14,-8,-4,4,7,16,15,-4,-13,5,-14,-17,-5,-1,sil
7.145008087158203,-22,-12,-12,0,8,23,19,-3,-25,0,-30,-33,-19,-6,sil
7.161050319671631,-26,-18,-17,-2,3,13,6,-1,-25,-5,-42,-35,-22,-10,sil
7.161050319671631,-12,-17,0,-1,0,10,12,5,-5,3,-30,-17,-7,0,sil
7.17621660232544,0,-14,-8,-1,0,5,25,1,15,16,-15,-11,11,8,sil
7.17621660232544,0,-13,-9,-12,-2,-7,13,0,18,15,-13,-8,14,6,sil
7.19324517250061,1,-8,0,-17,-10,-11,-2,1,15,6,-4,1,7,2,sil
7.19324517250061,12,0,-1,-6,-8,-7,-10,0,16,1,3,8,9,1,sil
7.207495927810669,20,8,0,-4,0,-10,-15,-1,12,5,9,14,19,1,sil
7.207495927810669,21,11,0,-9,1,-11,-7,0,11,12,28,24,26,10,sil
7.223519325256348,22,8,11,-9,-10,-10,-3,2,5,2,29,31,19,17,sil
7.223519325256348,15,5,12,-11,-14,-14,-11,0,-3,-5,18,26,8,10,sil
7.239712238311768,3,1,0,-13,0,-8,-8,-2,-2,2,26,15,3,0,sil
7.239712238311768,3,6,8,-3,9,0,-3,-2,-2,4,29,14,-3,0,sil
7.254982948303223,10,15,6,19,9,-2,0,-4,-6,-4,19,12,-7,3,sil
7.271045446395874,7,14,10,29,10,3,9,-1,-2,-5,17,11,-3,5,sil
7.271045446395874,-2,10,16,27,13,18,8,3,0,-1,11,4,-4,-1,sil
7.271045446395874,-7,4,1,20,5,6,-6,1,-12,-12,-8,-12,-18,-10,sil
7.286400079727173,-13,-6,-2,15,-2,-1,-6,-1,-13,-15,-21,-22,-32,-8,sil
7.303443670272827,-16,-7,-3,20,0,15,10,0,1,4,-19,-18,-29,-1,sil
7.303443670272827,-6,-4,0,14,0,22,21,3,13,16,-17,-7,-13,6,sil
7.303443670272827,-5,-16,-8,-9,-7,8,21,6,19,11,-18,-8,-8,5,sil
7.318080902099609,-16,-25,-29,-21,-12,-2,7,1,14,6,-23,-18,-35,-4,sil
7.318080902099609,-12,-16,-10,-16,-13,-5,-6,-2,1,-2,-23,-9,-18,-4,sil
7.335051774978638,-8,-9,-8,-25,-14,-10,-9,-3,-1,-6,-11,3,79,-3,sil
7.349407196044922,-16,-12,-17,-43,-16,-19,-16,0,-8,-9,-5,-1,94,-18,sil
7.349407196044922,-15,-4,-2,-33,-10,-19,-27,-4,-32,-30,-8,-5,-1,-28,sil
7.349407196044922,6,15,7,0,6,-11,-17,-9,-34,-37,0,2,-16,-14,sil
7.364779710769653,35,31,26,21,24,-2,2,1,-13,-14,13,16,24,4,sil
7.382202863693237,31,20,21,20,24,5,12,6,5,10,21,14,-3,10,sil
7.382202863693237,5,3,1,18,12,11,7,1,10,22,17,3,-28,11,sil
7.382202863693237,0,7,8,24,7,10,1,3,3,25,10,3,-11,11,sil
7.396529674530029,4,9,2,30,7,1,2,1,-2,18,5,-1,-14,7,sil
7.396529674530029,-6,-5,-6,7,0,1,0,-4,1,4,-6,-15,-18,8,sil
7.411389589309692,-13,-19,-15,-17,-4,9,1,-1,13,3,-14,-21,-18,11,sil
7.428021430969238,-6,-16,-15,-21,-8,4,11,4,21,7,-12,-15,-15,8,sil
7.428021430969238,-4,-9,-7,-22,-17,-1,5,4,30,5,-10,-12,19,-1,sil
7.428021430969238,-4,-10,-10,-30,-22,-1,-6,0,34,6,-5,-9,44,-4,sil
7.444197177886963,7,-4,4,-27,-15,-7,-4,2,21,8,14,13,26,5,sil
7.444197177886963,18,11,13,-9,-1,-13,-4,2,-1,-4,27,26,7,7,sil
7.459185600280762,14,19,6,1,0,-11,-19,-5,-24,-25,14,14,-4,-10,sil
7.459185600280762,3,21,11,6,0,-6,-16,-2,-27,-18,14,12,-10,-16,sil
7.474627017974853,-5,18,3,16,16,-1,3,0,-18,-1,21,13,-4,-6,sil
7.474627017974853,-9,10,5,21,21,9,7,-1,-21,-6,4,1,-12,-11,sil
7.49125075340271,-12,3,7,19,4,13,6,-1,-17,-6,-6,-4,-20,-16,sil
7.49125075340271,-10,-3,-3,15,2,4,10,0,-5,-1,-8,-6,-13,-1,sil
7.506463527679443,0,-6,3,12,15,7,11,0,-1,-4,-16,-1,-4,15,sil
7.522171020507812,13,0,3,19,12,20,15,3,10,13,-2,12,13,23,sil
7.522171020507812,7,-3,2,18,0,16,13,3,14,24,2,10,12,14,sil
7.522171020507812,-9,-14,0,7,-4,0,3,-4,-3,1,-21,-4,-11,-1,sil
7.537865400314331,-13,-19,-14,-5,-7,-5,-1,-8,-8,-12,-24,-10,-14,-2,sil
7.537865400314331,-7,-17,-9,-17,-13,-3,-4,-3,0,-1,-1,-2,3,0,sil
7.554405927658081,-6,-18,-13,-14,-6,-5,-3,0,2,6,1,-7,7,-2,sil
7.568132638931274,0,-12,-3,-5,0,-7,6,5,12,6,-9,-7,1,3,sil
7.568132638931274,11,-1,9,0,-6,-4,9,4,27,9,-5,0,4,7,sil
7.584068536758423,15,6,3,3,-6,-2,-2,1,20,7,0,0,5,0,sil
7.584068536758423,10,7,5,-2,0,-3,-13,0,3,1,0,-1,1,-6,sil
7.601030111312866,9,1,-6,-18,1,-9,-9,-2,-1,0,5,0,14,-6,sil
7.601030111312866,12,4,-4,-19,-8,-12,-11,-2,-3,0,14,5,21,-1,sil
7.601030111312866,4,8,4,-11,-11,-10,-23,1,-6,-7,14,5,5,0,sil
7.615406274795532,-9,0,-7,-16,0,-7,-21,0,-12,-14,5,-3,-5,-4,sil
7.63098931312561,-6,5,0,-19,3,0,-6,-1,-20,-14,0,-6,-5,-6,thankyou
7.63098931312561,2,17,1,-9,0,3,0,-4,-13,-10,6,0,-4,-1,thankyou
7.6462085247039795,-5,6,-1,-6,1,-7,-7,-3,-4,-9,7,0,-9,-6,thankyou
7.6462085247039795,-14,0,5,-8,0,-13,-10,0,-9,-14,-1,-4,-14,-14,thankyou
7.661452054977417,-11,11,3,4,1,-2,-1,1,-6,-4,0,-5,-9,-12,thankyou
7.661452054977417,-5,18,12,28,19,14,12,5,0,1,4,0,-10,-2,thankyou
7.677240610122681,-1,14,7,47,30,26,22,4,6,5,-3,4,-8,8,thankyou
7.677240610122681,-3,0,-3,33,11,24,23,1,9,13,-15,0,-3,11,thankyou
7.693269491195679,-14,-19,-6,4,-10,19,19,1,-2,8,-25,-9,-11,0,thankyou
7.693269491195679,-23,-25,-21,0,-11,13,17,-1,-17,-11,-31,-28,-22,-14,thankyou
7.709010601043701,-15,-12,-10,4,-3,7,11,-2,-10,-10,-19,-21,-6,-8,thankyou
7.709010601043701,1,-4,3,9,0,5,3,2,17,15,5,7,20,9,thankyou
7.72411036491394,21,-4,9,17,1,2,0,5,36,29,18,25,31,26,thankyou
7.72411036491394,33,4,22,17,4,0,3,0,33,29,22,30,34,34,thankyou
7.739996194839477,25,7,5,0,3,-4,0,-7,19,21,28,19,28,27,thankyou
7.739996194839477,12,-2,-3,-13,-6,-10,-7,-6,3,0,17,4,8,14,thankyou
7.755097389221191,12,-5,-2,-10,-4,-8,-1,0,-1,-5,2,3,0,5,thankyou
7.755097389221191,14,2,-1,-5,7,-6,3,1,0,4,3,8,6,1,thankyou
7.771215438842773,6,5,3,-16,0,-16,-7,0,1,-2,6,9,4,-2,thankyou
7.771215438842773,0,0,-7,-28,-15,-24,-15,0,-5,-6,5,2,0,-9,thankyou
7.786462783813477,-3,-4,-2,-29,-12,-22,-8,2,-10,3,2,0,0,-10,thankyou
7.786462783813477,-6,-5,2,-26,-5,-11,-3,5,-2,1,-2,0,-5,-5,thankyou
7.8024208545684814,-12,-10,-10,-22,-10,-8,-12,4,-2,-15,-15,-6,-22,-16,thankyou
7.8024208545684814,-15,-10,-4,-17,-14,-8,-17,-1,-16,-31,-18,-15,-25,-28,thankyou
7.818118572235107,-8,0,2,-9,-4,-9,-11,-10,-14,-20,-3,-7,-11,-12,thankyou
7.818118572235107,4,11,12,7,3,-4,-14,-3,-13,-4,0,4,-7,-4,thankyou
7.833180665969849,7,13,13,30,8,7,-14,2,-16,-8,-2,0,-9,-12,thankyou
7.833180665969849,1,10,3,31,14,16,-3,-4,-12,-20,0,-9,-5,-7,thankyou
7.848989009857178,-7,5,6,14,13,13,-9,-10,-17,-21,-8,-12,-12,-5,thankyou
7.848989009857178,-18,-4,-4,11,4,7,-9,-5,-24,-11,-20,-19,-19,-12,thankyou
7.864124536514282,-13,-3,-10,10,0,23,18,1,-12,0,-7,-14,-9,0,thankyou
7.864124536514282,-9,0,-9,4,3,32,39,-1,-2,1,0,-5,0,3,thankyou
7.879525899887085,-20,-5,-17,2,3,10,31,-2,2,1,-4,-9,-1,-9,thankyou
7.879525899887085,-18,-4,-2,2,-2,0,23,11,28,24,2,-3,11,2,thankyou
7.894762992858887,-1,1,0,0,-2,12,20,14,46,38,15,6,28,20,thankyou
7.894762992858887,3,0,-4,-4,-4,3,7,0,29,21,4,4,20,12,thankyou
7.9102942943573,5,-1,2,-1,-6,-11,1,0,17,14,-3,0,5,12,thankyou
7.9102942943573,9,-1,-4,4,0,-1,3,6,23,28,0,-2,10,24,thankyou
7.925514936447143,7,-3,-2,1,1,4,0,8,14,18,0,0,12,17,thankyou
7.925514936447143,11,6,6,6,2,-5,-8,0,-1,0,7,12,7,10,thankyou
7.941290616989136,29,16,20,17,7,-10,-12,-6,-8,-4,20,29,12,17,thankyou
7.941290616989136,28,7,20,9,6,-3,-14,-5,-8,-8,16,32,17,12,thankyou
7.956979274749756,18,3,-2,0,0,-6,-9,-4,-4,-10,9,21,10,2,thankyou
7.956979274749756,21,8,3,0,4,-9,-7,0,-2,-3,13,14,3,2,thankyou
7.972374200820923,9,-1,4,-14,5,-7,-18,0,0,2,3,0,0,-1,thankyou
7.972374200820923,-12,-14,-8,-35,-7,-14,-25,-2,-7,-5,-20,-17,-9,-14,thankyou
7.988454580307007,-11,-1,-9,-28,-10,-16,-9,-1,-11,-13,-14,-11,-11,-23,thankyou
8.004334211349487,-2,9,-5,-1,4,-1,12,4,0,-2,17,3,1,-17,thankyou
8.004334211349487,-8,1,10,7,10,12,16,7,8,3,13,0,-7,-8,thankyou
8.004745483398438,-16,-4,-4,9,4,11,12,0,-4,-9,-17,-22,-30,-17,thankyou
8.020060300827026,-16,-8,-19,10,-1,9,12,-7,-19,-20,-35,-32,-36,-21,thankyou
8.04533839225769,-13,-19,0,-4,-13,6,16,-5,-16,-7,-27,-18,-23,-1,thankyou
8.04533839225769,-8,-23,-2,-14,-21,-5,18,-3,0,5,-9,-2,-3,11,thankyou
8.04533839225769,0,-10,-1,-8,-19,-13,5,-1,10,-1,-4,5,4,10,thankyou
8.04533839225769,0,-1,3,-12,-15,-12,-13,0,-2,-13,-4,3,0,5,thankyou
8.051337242126465,-3,0,2,-13,-12,-11,-24,-1,-18,-16,8,3,-2,-2,thankyou
8.066104412078857,5,8,13,1,-2,-6,-23,0,-11,-6,29,18,6,0,thankyou
8.066104412078857,14,16,7,18,15,3,-18,0,0,15,35,21,18,4,thankyou
8.082210540771484,5,18,7,28,27,7,-19,-1,-10,7,18,6,8,-7,thankyou
8.082210540771484,-4,16,8,30,26,11,-15,-1,-22,-17,3,-1,-3,-12,thankyou
9.516161680221558,12,7,4,-8,-5,-12,-13,-5,-18,-20,9,10,-6,-15,thankyou
9.516161680221558,3,7,3,-20,-1,-8,-8,-2,-27,-11,13,5,-11,-14,thankyou
9.516161680221558,0,9,7,-10,-1,-12,-12,-1,-29,-12,1,3,-14,-18,thankyou
9.531622886657717,8,10,7,4,3,-3,-3,0,-10,-7,9,5,-5,-9,thankyou
9.545889139175417,13,3,11,1,14,7,5,3,1,0,14,4,-6,2,thankyou
9.545889139175417,-5,2,-1,0,13,0,-4,-1,-15,-7,-12,-12,-23,-7,thankyou
9.561255693435667,-19,9,-12,14,7,-2,-9,-2,-28,-20,-24,-25,-27,-15,thankyou
9.561255693435667,-13,6,4,20,8,19,8,10,-5,-4,-12,-19,-9,0,thankyou
9.576383352279665,-12,-7,-2,15,9,24,21,9,14,18,-14,-20,0,7,thankyou
9.576383352279665,-16,-13,-2,7,0,10,9,0,0,14,-27,-24,-20,-4,thankyou
9.591609477996826,-13,-11,2,1,-11,11,3,-1,-5,6,-24,-13,-29,-11,thankyou
9.591609477996826,-13,-16,-16,-5,-9,8,4,-10,5,2,-17,-13,-11,-10,thankyou
9.606635570526125,-15,-18,-10,-13,-9,-3,-3,-10,4,-6,-14,-15,-8,-12,thankyou
9.606635570526125,-2,-11,-1,-13,-10,-2,0,0,16,4,-3,0,-4,0,thankyou
9.62226676940918,16,-2,4,-10,-4,0,9,0,34,24,13,25,27,25,thankyou
9.62226676940918,17,0,3,-3,0,-10,-2,0,20,15,26,34,42,27,thankyou
9.638277053833008,11,6,0,2,-2,-19,-21,3,2,0,31,29,26,15,thankyou
9.638277053833008,25,18,19,6,-1,-11,-12,6,14,5,38,36,26,21,thankyou
9.654146909713743,27,16,10,1,2,0,0,1,17,10,36,33,33,18,thankyou
9.654146909713743,3,4,-4,-5,-2,-3,-8,-1,-15,-10,7,5,7,-6,thankyou
9.6692852973938,-8,6,-3,-4,-4,-5,-16,-8,-40,-34,-14,-14,-21,-21,thankyou
9.6692852973938,-8,3,-11,-4,3,3,-3,-8,-35,-23,-16,-21,-21,-18,thankyou
9.685362100601196,-12,-6,-3,0,4,11,11,0,-26,-6,-23,-27,-13,-11,thankyou
9.685362100601196,-8,-2,2,19,6,15,19,3,-16,-2,-21,-20,-1,0,thankyou
9.700744867324827,-1,1,-2,21,13,15,22,2,0,5,-3,-3,9,9,thankyou
9.700744867324827,-10,-7,-8,0,5,7,17,0,16,20,-5,-5,6,5,thankyou
9.716731071472168,-12,-16,-16,-3,-3,-4,13,0,34,21,-11,-16,0,-5,thankyou
9.716731071472168,1,-11,-2,-8,-1,-6,6,9,41,7,-2,-4,0,-2,thankyou
9.73237657546997,5,-5,2,-22,0,-9,-9,7,27,-4,5,8,0,0,thankyou
9.73237657546997,9,2,4,-15,-6,-21,-24,-3,3,-7,15,13,-7,-5,thankyou
9.748032808303831,21,17,23,10,-3,-18,-24,-1,-9,-2,33,26,-5,0,thankyou
9.748032808303831,18,20,16,18,6,-7,-22,-4,-24,-11,30,23,4,6,thankyou
9.763542652130129,6,14,12,11,10,-3,-23,-12,-44,-28,11,11,0,-1,thankyou
9.763542652130129,2,18,7,24,11,3,-2,0,-32,-15,12,9,-5,-2,thankyou
9.77914571762085,-2,14,-1,35,10,21,20,11,4,16,6,1,0,11,thankyou
9.77914571762085,-11,-3,3,13,4,25,23,5,15,26,-14,-11,0,7,thankyou
9.794329166412354,-14,-19,-9,-7,-6,10,13,-1,-1,8,-27,-21,-7,-10,thankyou
9.794329166412354,-19,-25,-18,-8,-17,5,9,4,-3,-5,-40,-30,-20,-12,thankyou
9.81033492088318,-24,-21,-16,-9,-14,11,13,4,12,0,-40,-33,-21,-6,thankyou
9.81033492088318,-17,-15,-13,-25,-5,4,8,-4,17,5,-16,-21,-10,-9,thankyou
9.826424837112429,-4,-14,-3,-36,-10,-10,-9,-9,0,-6,-5,-6,-4,-10,thankyou
9.826424837112429,-1,-4,-6,-24,-19,-15,-17,-11,-12,-9,-9,-6,-3,-6,thankyou
9.842121601104736,0,13,1,-9,-7,-8,-6,-3,-9,-2,0,-3,0,-4,thankyou
9.842121601104736,7,17,4,-4,13,4,9,5,11,9,15,10,13,6,thankyou
9.858045816421509,14,9,4,3,14,5,16,8,36,22,17,21,27,23,thankyou
9.858045816421509,8,5,15,5,2,-3,5,5,29,21,10,23,19,24,thankyou
9.873481035232544,1,-5,0,-8,-2,-5,0,0,8,5,8,12,6,12,thankyou
9.873481035232544,8,-11,-4,-18,-2,-4,-1,0,0,0,7,7,8,7,thankyou
9.889087200164797,18,1,6,0,3,-10,-11,1,-1,2,7,15,9,5,thankyou
9.889087200164797,16,10,1,18,10,-13,-15,-2,-7,-2,11,16,4,0,thankyou
9.904571294784546,12,8,9,19,4,-2,-6,-1,-14,-16,13,13,3,0,thankyou
9.904571294784546,8,5,4,15,0,2,0,2,-12,-11,13,12,8,2,thankyou
9.920317649841309,4,1,0,4,1,-3,-5,3,-10,0,9,8,4,-3,thankyou
9.920317649841309,-4,-4,4,-2,0,-7,-12,0,-17,-13,0,-6,-7,-20,thankyou
9.936443328857422,-14,-4,-5,5,-1,-3,-14,-8,-25,-29,-14,-21,-19,-22,thankyou
9.936443328857422,-11,8,-1,15,2,2,-5,-3,-17,-16,-11,-13,-15,-5,thankyou
9.952537298202516,0,17,1,13,5,7,1,0,0,0,6,-3,0,2,thankyou
9.952537298202516,1,6,1,6,7,12,2,1,6,0,5,-3,1,-2,thankyou
9.968067646026611,-7,-2,2,2,5,16,7,0,4,1,-8,-3,-5,-3,thankyou
9.968067646026611,-16,-4,-7,-1,-3,8,10,-2,1,7,-12,-15,-10,-2,thankyou
9.9831645488739,-18,-7,-6,-3,-10,1,6,-2,-7,-1,-18,-28,-19,-11,thankyou
9.9831645488739,-14,-9,-10,0,0,7,11,0,-7,0,-21,-15,-16,-8,thankyou
9.999026775360107,-1,-6,-8,2,3,7,17,2,2,12,-12,4,-1,11,thankyou
9.999026775360107,3,-6,2,-6,-7,3,11,3,8,19,-2,1,3,16,thankyou
10.01427435874939,0,-9,-4,-5,-4,6,6,3,15,24,5,-6,1,7,sil
10.01427435874939,3,-8,0,0,3,5,7,2,25,27,7,4,6,12,sil
10.030306100845335,7,-5,-7,-2,-3,-1,5,0,23,15,3,6,14,12,sil
10.030306100845335,-3,-10,-16,-20,-16,-10,-7,-5,3,-11,1,-6,6,-5,sil
10.04643726348877,-5,-13,0,-31,-16,-17,-23,-8,-5,-22,1,-2,-5,-13,sil
10.04643726348877,10,-2,3,-22,-7,-24,-20,0,7,-6,10,12,4,-3,sil
10.062506914138794,25,12,18,-9,-2,-19,-12,6,15,5,31,28,25,10,sil
10.062506914138794,24,25,26,3,3,-3,-6,4,4,1,35,26,19,13,sil
10.078080654144289,12,27,12,19,14,6,0,0,-4,-9,5,5,-4,0,sil
10.078080654144289,4,17,15,18,18,4,9,2,-6,-11,-9,2,-5,-4,sil
10.093219995498655,4,6,9,8,13,0,7,1,-11,-7,0,14,9,4,sil
10.093219995498655,6,10,9,18,8,6,3,0,-19,-8,-4,12,5,3,sil
10.10898208618164,2,14,4,34,16,14,9,0,-10,0,-9,-1,-6,-2,sil
10.10898208618164,-11,1,-9,17,17,8,11,0,1,9,-8,-13,-7,-4,sil
10.12534475326538,-26,-14,-14,-9,-1,1,0,-2,-6,-6,-27,-21,-16,-12,sil
10.12534475326538,-27,-15,-23,-3,-10,0,-5,-5,-9,-8,-31,-22,-19,-15,sil
10.140441179275513,-18,-9,-13,2,-7,-1,-3,-1,0,9,-8,-13,-8,-5,sil
10.140441179275513,-14,-14,-8,-16,-14,-2,-3,-4,3,14,-3,-11,0,0,sil
10.156200885772703,-6,-20,-17,-28,-18,-4,-2,-6,4,2,-5,-13,3,0,sil
10.156200885772703,0,-10,-4,-24,-11,-9,-3,2,0,-9,-1,-3,0,0,sil
10.171644449234009,-5,-7,-9,-19,-10,-10,-7,2,-11,-17,-8,-3,-9,-8,sil
10.171644449234009,0,-7,-4,-18,-14,-11,-16,-3,-14,-11,-4,0,-3,-8,sil
10.186954736709597,22,0,16,-11,-6,-9,-20,-1,-6,0,20,19,12,3,sil
10.186954736709597,24,5,10,0,5,0,-10,1,-6,-1,26,20,11,4,sil
10.203157424926758,12,15,14,24,14,14,4,8,-1,2,22,13,9,6,sil
10.203157424926758,12,25,16,44,25,23,19,8,18,25,31,12,16,15,sil
10.217415571212769,8,10,6,30,22,21,24,0,22,28,19,3,5,15,sil
10.217415571212769,-5,-10,-2,3,5,13,18,0,6,6,-1,-6,-7,8,sil
10.234061241149902,-6,-12,-7,-5,-8,2,11,1,0,1,-6,-9,0,6,sil
10.234061241149902,0,-10,1,-10,-15,-1,11,0,11,5,-11,-9,0,2,sil
10.249573469161987,-5,-13,-14,-22,-13,0,10,-5,14,-3,-21,-12,-9,-5,sil
10.249573469161987,-7,-8,-20,-29,-11,-7,-1,-3,-1,-18,-17,-4,-9,-10,sil
10.265272617340088,0,3,1,-15,-6,-20,-16,-1,-9,-25,0,8,-5,-14,sil
10.280324697494509,2,18,9,12,6,-19,-24,-4,-1,-25,12,4,-7,-15,sil
10.280324697494509,6,32,18,27,14,-6,-24,-1,-5,-17,9,4,-6,-7,sil
10.29698395729065,4,28,9,26,10,1,-16,2,-6,2,9,14,1,1,sil
10.29698395729065,-4,4,0,19,5,10,-7,4,-3,11,0,4,4,3,sil
10.29698395729065,-9,-7,3,12,5,16,2,3,-8,8,-15,-14,0,1,sil
10.311064004898071,-5,-2,-3,18,8,10,19,0,-3,18,-7,-15,0,2,sil
10.311064004898071,-9,-6,-1,16,7,9,20,-1,7,23,-6,-5,0,6,sil
10.326546669006348,-13,-16,-8,2,2,10,15,-3,12,19,-17,-9,0,7,sil
10.342308044433594,1,-9,-9,-5,-2,0,14,-2,17,21,-8,-5,8,12,sil
10.342308044433594,13,1,5,-11,-9,-11,5,3,17,11,3,10,11,17,sil
10.358001947402954,7,-4,-4,-27,-13,-15,-4,3,7,-7,-2,7,10,9,sil
10.358001947402954,11,-8,-2,-36,-10,-12,-2,1,2,-6,-2,8,11,3,sil
10.358001947402954,10,-12,-4,-35,-13,-8,-4,0,-3,-6,3,10,3,0,sil
10.373164415359495,-10,-21,-15,-36,-20,-18,-16,-5,-22,-30,-9,-3,-13,-16,sil
10.38926362991333,-11,-7,-3,-30,-9,-17,-15,0,-26,-29,-10,0,-14,-24,sil
10.38926362991333,11,15,5,-14,3,3,-3,4,-7,-4,16,15,0,-10,sil
10.404404640197754,17,17,18,0,3,13,-1,3,-5,-1,32,13,6,1,sil
10.404404640197754,3,11,23,20,7,3,-3,-2,-20,-8,30,8,3,-3,sil
10.420433521270752,-7,12,7,30,12,0,-6,-4,-21,-3,21,6,-2,-13,sil
10.420433521270752,-10,7,1,24,6,9,-10,-3,-10,-2,3,-4,-10,-12,sil
10.43604588508606,-13,-3,-9,26,6,11,-3,-1,2,2,-6,-21,-10,-7,sil
10.43604588508606,-8,0,-1,31,10,5,7,4,8,12,-5,-19,-9,0,sil
10.451131343841553,5,13,10,30,13,9,18,1,18,18,-1,-3,-2,13,sil
10.451131343841553,8,7,-2,26,17,17,25,-3,25,17,-3,0,8,16,sil
10.467128276824951,-2,-7,-6,4,9,13,20,0,16,11,-15,-9,1,8,sil
10.467128276824951,-8,-13,-19,-11,-5,5,10,2,6,6,-27,-21,-7,5,sil
10.482393741607666,-6,-7,-18,-13,-10,6,3,-3,6,-4,-29,-20,-5,5,sil
10.482393741607666,-6,-3,-5,-12,-7,2,2,-1,4,-14,-20,-11,0,1,sil
10.49816083908081,-3,-9,-5,-20,-13,-11,-6,1,1,-8,-8,0,0,0,sil
10.49816083908081,8,-8,6,-24,-19,-17,-18,0,4,0,4,16,6,3,sil
10.513331174850464,20,5,12,-8,-8,-13,-10,0,7,1,23,34,19,13,sil
10.513331174850464,20,9,11,0,0,-15,-6,-1,0,-6,26,37,17,11,sil
10.528371095657349,10,0,3,-13,-5,-15,-19,-3,-6,-17,13,22,1,-10,sil
10.528371095657349,0,0,-4,-15,-8,-11,-18,-4,-1,-8,10,2,-1,-18,sil
10.544148921966553,-11,8,11,0,0,-8,0,4,-4,0,11,-1,0,-7,sil
10.544148921966553,-19,4,1,3,6,-2,0,6,-22,-3,0,-7,-7,-14,sil
10.559844732284546,-14,-1,-9,0,5,3,-6,0,-32,-6,-9,-16,-17,-21,sil
10.559844732284546,-2,0,3,9,3,7,-2,-1,-21,0,-4,-13,-15,-4,sil
10.575074195861816,-4,0,0,14,4,13,12,3,-1,14,0,-11,-5,7,sil
10.575074195861816,-8,-4,-1,2,8,24,21,5,12,20,-11,-10,0,0,sil
10.591121912002563,-8,-8,-7,-1,10,20,21,1,24,21,-12,-9,3,0,sil
10.591121912002563,0,-5,-6,5,6,5,16,1,22,15,0,0,13,15,sil
10.606728315353394,14,4,10,11,0,0,10,4,14,14,8,13,19,27,sil
10.606728315353394,21,5,1,9,-2,-1,3,0,17,16,5,12,16,20,sil
10.62251114845276,7,-6,-4,-8,-10,-11,-9,-10,13,1,-11,-5,1,2,sil
10.62251114845276,-3,-8,-7,-21,-15,-19,-20,-10,-2,-16,-14,-14,-10,-13,sil
10.637526273727415,5,2,-2,-16,-10,-18,-21,-1,-8,-15,7,1,-11,-15,sil
10.637526273727415,18,16,15,-3,3,-7,-13,4,-6,-7,25,22,0,-5,sil
10.653111219406128,16,19,8,6,9,-4,-5,0,-14,-13,20,20,6,-1,sil
10.653111219406128,9,16,13,12,4,-8,-2,0,-24,-25,10,15,0,-5,sil
10.668201208114624,-1,10,10,13,6,0,0,5,-26,-26,7,8,-4,-7,sil
10.668201208114624,-14,0,-6,10,11,20,1,1,-21,-13,-4,-10,-11,-6,sil
10.684268236160278,-18,-5,-3,9,7,25,11,1,-4,2,-20,-18,-10,-2,sil
10.684268236160278,-15,-6,-4,13,2,12,22,-1,14,20,-9,-8,4,9,sil
10.69963240623474,-6,-7,-3,10,-3,7,14,-2,15,28,5,0,14,21,sil
10.69963240623474,-1,-11,-5,0,-6,11,0,-1,9,14,-1,-1,6,20,sil
10.71559238433838,-9,-15,-15,-5,-5,0,-3,-2,7,-6,-17,-9,-5,0,sil
10.71559238433838,-16,-12,-6,-11,-12,-13,-11,-5,-3,-15,-12,-6,-11,-18,sil
10.73132610321045,-8,-6,-4,-12,-11,-10,-15,-5,-3,-4,7,5,0,-13,sil
10.73132610321045,8,2,5,-8,0,-4,-3,0,7,-1,14,15,9,5,sil
10.746520519256592,18,12,13,0,1,-7,3,5,11,0,14,18,2,5,sil
10.746520519256592,12,11,3,8,-1,-14,-8,3,1,-4,12,6,-9,-10,sil
10.761858224868774,5,11,10,1,0,-8,-14,1,-4,-11,-6,-14,-17,-15,sil
10.761858224868774,4,8,7,-6,7,11,11,3,3,2,-23,-24,-8,0,sil
10.77834963798523,0,-7,-3,-7,7,22,33,7,17,22,-19,-14,0,9,sil
10.77834963798523,-7,-21,-16,-7,0,10,23,3,21,16,-24,-13,-5,2,sil
10.79313611984253,-2,-15,-23,-18,-5,-5,2,-5,13,5,-33,-21,-6,-2,sil
10.79313611984253,4,-4,0,-21,-6,-4,-5,-3,2,9,-4,0,10,1,sil
10.808568716049194,1,0,1,-12,0,-2,-4,0,0,11,33,20,27,6,sil
10.808568716049194,-1,0,-6,-7,5,-7,-10,0,-7,0,30,13,19,2,sil
10.82451105117798,-3,-1,1,-4,4,-6,-14,0,-11,-8,16,8,9,-3,sil
10.82451105117798,-6,4,0,0,5,-2,-5,0,-3,0,19,11,10,-1,sil
10.840020895004272,-4,12,6,4,2,-3,0,1,-2,1,15,6,1,4,sil
10.855384826660156,-3,9,4,13,-2,-4,-5,0,-11,-7,5,0,-2,0,sil
10.855384826660156,-1,5,3,25,0,-2,-14,-4,-24,-18,-4,-1,-7,-10,sil
10.870761156082152,-1,8,4,28,3,4,-11,-5,-38,-26,-15,-9,-31,-15,sil
10.870761156082152,-6,0,-7,24,-6,5,3,-4,-33,-17,-13,-19,-35,-10,sil
10.870761156082152,-8,-12,-1,8,-18,4,10,0,-8,1,-11,-10,-7,2,sil
10.887805938720703,-3,-7,-1,0,-12,0,10,4,14,18,-14,-2,7,11,sil
10.887805938720703,6,2,2,0,-2,-5,8,3,17,18,-10,1,1,6,sil
10.90397572517395,20,8,19,-6,0,-4,1,0,10,2,3,21,5,4,sil
10.90397572517395,25,10,9,-7,2,-5,-7,-4,7,-8,21,36,17,11,sil
10.918058395385742,24,15,14,0,9,-5,-9,0,11,-2,31,36,21,16,sil
10.933398246765137,20,16,19,4,17,5,0,9,23,8,25,26,20,10,sil
10.933398246765137,7,8,6,2,15,10,0,5,15,0,2,3,2,0,sil
10.933398246765137,-8,0,0,6,6,5,-7,-2,-4,-14,-14,-15,-16,-8,sil
10.949278354644775,-14,-7,-11,12,0,12,-2,-6,-3,-6,-12,-23,-8,-6,sil
10.96457552909851,-12,-12,-10,5,0,21,16,1,10,12,-7,-17,2,2,sil
10.96457552909851,-17,-15,-15,-4,0,14,26,2,16,15,-11,-19,-3,0,sil
10.980318546295166,-24,-23,-24,-16,-11,0,19,-1,14,9,-24,-31,-7,-7,sil
10.980318546295166,-22,-22,-14,-28,-17,-2,8,0,9,8,-24,-25,1,-2,sil
10.995476245880129,-12,-10,-15,-26,-4,0,2,2,10,12,-1,-7,9,0,sil
10.995476245880129,3,-1,-1,-14,5,-2,-3,2,8,5,16,7,6,-7,sil
11.011027097702026,14,2,7,-6,4,-10,-7,-1,-7,-9,17,18,0,-12,sil
11.011027097702026,10,8,1,-3,-1,-19,-10,-11,-25,-21,8,16,-7,-9,sil
11.02712345123291,7,8,14,-5,-11,-16,-15,-8,-31,-20,0,9,-14,-5,sil
11.02712345123291,9,5,9,-1,-10,-10,-12,0,-24,-9,7,8,-6,0,sil
11.043347120285034,9,8,3,1,0,-10,-6,2,-24,-11,14,12,0,1,sil
11.043347120285034,0,10,2,6,4,-7,-3,0,-26,-17,2,5,-3,0,sil
11.058862209320068,-8,2,-6,12,-1,0,-3,1,-23,-8,-15,-13,-8,-1,sil
11.058862209320068,-9,-2,0,14,-1,6,0,3,-11,2,-19,-20,-14,-1,sil
11.073506355285645,-10,-3,-3,12,8,11,5,3,9,15,-7,-14,-5,4,sil
11.073506355285645,-8,0,-5,13,13,12,9,0,20,23,-1,-6,6,10,sil
11.089409828186035,0,0,2,17,11,16,16,1,18,21,-7,-6,3,6,sil
11.089409828186035,5,-4,-4,9,2,8,13,1,24,18,-9,-6,1,3,sil
11.104406595230104,5,-5,1,-6,-8,-4,-2,1,34,12,0,7,15,8,sil
11.104406595230104,11,0,6,-2,-5,-2,-6,0,33,0,14,21,23,13,sil
11.12020492553711,16,7,11,6,4,0,-2,3,26,0,21,21,17,11,sil
11.12020492553711,10,9,12,1,0,-12,-14,2,8,6,24,20,15,5,sil
11.135387897491457,2,1,1,-4,-10,-17,-19,-4,-8,-4,23,15,12,2,sil
11.135387897491457,0,0,2,-11,-8,-2,-9,-4,-13,-26,12,4,-1,-4,sil
11.150457620620728,-10,2,-6,-16,1,2,-7,0,-15,-26,0,-7,-15,-22,sil
11.150457620620728,-15,1,-8,-9,5,-1,-10,1,-23,-18,-10,-17,-22,-27,sil
11.166313886642456,-10,-3,1,-6,-2,7,1,-5,-26,-18,-22,-20,-24,-14,sil
11.166313886642456,-5,-6,-8,-9,-2,16,13,-10,-17,-11,-23,-23,-19,-9,sil
11.1814546585083,-2,0,0,7,7,12,16,4,-10,1,-15,-12,-5,-2,sil
11.1814546585083,0,6,1,33,8,11,21,11,2,24,-3,0,10,15,sil
11.197466373443604,6,-2,-2,17,1,11,22,0,11,34,-4,3,12,21,sil
11.197466373443604,4,-15,5,-19,-5,-1,11,-2,6,14,-15,4,6,10,sil
11.213443040847778,-3,-18,-10,-26,-13,-14,2,0,3,-6,-12,0,6,5,sil
11.213443040847778,1,-14,-11,-20,-14,-7,-3,0,7,-4,0,9,9,6,sil
11.22870135307312,16,-1,1,-14,-5,-7,-14,0,10,2,11,22,10,6,sil
11.22870135307312,15,15,8,-4,-1,-23,-21,-2,2,-1,19,23,4,0,sil
11.244410276412964,2,15,15,-2,2,-19,-13,-4,-9,-13,18,21,-6,-9,sil
11.244410276412964,-2,4,4,-1,9,0,-1,-6,-14,-15,7,8,-12,-11,sil
11.260067701339722,1,12,8,20,11,13,2,0,-5,0,4,-2,-7,0,sil
11.260067701339722,8,27,15,47,16,18,12,4,9,25,24,8,7,7,sil
11.275381803512571,5,17,8,38,19,16,17,6,8,20,24,12,9,2,sil
11.275381803512571,-10,-4,-2,7,11,9,4,9,-9,-8,-7,-13,-12,-6,sil
11.291000604629517,-29,-21,-25,-9,0,2,-3,0,-9,-9,-27,-36,-21,-11,sil
11.291000604629517,-27,-20,-17,-16,-13,-3,0,-7,-1,-1,-23,-31,-12,-8,sil
11.306339502334597,-12,-6,-9,-11,-13,1,3,-1,5,-3,-21,-23,-4,-1,sil
11.306339502334597,-4,-6,-22,1,-3,6,3,3,14,3,-16,-24,0,-1,sil
11.321465492248535,-2,-14,-9,-2,-7,-3,-4,0,14,10,-6,-11,8,-2,sil
11.321465492248535,6,-1,0,0,-9,-6,-3,2,12,7,4,0,18,2,sil
11.337162256240845,19,13,5,6,-3,1,-4,4,6,0,8,6,18,8,sil
11.337162256240845,15,4,10,-3,0,-10,-17,-2,-2,-7,13,8,11,4,sil
11.3522047996521,-2,-6,0,-15,1,-26,-23,-6,-7,-15,19,0,0,-6,sil
11.3522047996521,-6,0,8,-9,3,-13,-17,-1,-7,-15,7,-6,-10,-14,sil
11.367331504821776,5,8,8,0,2,-1,-12,-5,-13,-16,0,-1,-8,-3,sil
11.383382797241213,6,1,5,0,3,-7,-7,-8,-23,-24,2,0,-8,2,sil
11.383382797241213,-2,-5,8,-2,2,2,7,-1,-16,-8,2,-7,-9,0,sil
11.383382797241213,6,4,12,8,2,23,26,10,8,29,12,3,8,13,sil
11.398985862731934,25,19,23,32,11,22,37,15,24,42,22,28,22,36,sil
11.398985862731934,13,9,0,24,10,8,30,0,17,21,1,16,6,24,sil
11.41520857810974,-10,-15,-13,-16,-3,0,9,-10,2,4,-29,-6,-13,-1,sil
11.41520857810974,-12,-18,-7,-27,-10,1,1,-1,0,6,-25,2,-11,-2,sil
11.431367874145508,0,-7,-7,-5,-4,3,2,0,10,10,-2,23,4,8,thankyou
11.431367874145508,7,0,6,-4,-1,-4,-4,-3,10,4,-2,36,15,5,thankyou
11.44702124595642,0,0,-2,-17,-2,-10,-6,-1,0,-2,-7,38,12,-7,thankyou
11.44702124595642,-12,-9,-19,-28,-9,-8,-9,0,-12,-20,-9,39,-1,-18,thankyou
11.461485862731934,-13,-13,-4,-29,-18,-14,-30,-8,-22,-41,-16,40,-14,-27,thankyou
11.479052543640137,-7,-1,-1,-15,-14,-20,-36,-5,-16,-38,-4,6,-14,-25,thankyou
11.479052543640137,-3,9,-1,-3,-5,0,-15,14,-4,-8,22,-35,-6,-9,thankyou
11.493092060089111,-2,12,-3,6,0,15,0,11,-6,4,19,-47,-4,-6,thankyou
11.493092060089111,0,16,-2,27,6,2,-1,-7,-16,-13,-6,-44,-9,-14,thankyou
11.509687423706056,0,18,10,44,19,5,4,-2,-10,-5,-5,-38,-6,-2,thankyou
11.509687423706056,-4,8,3,40,20,22,23,6,7,30,9,-30,2,15,thankyou
11.509687423706056,-3,0,0,31,14,19,32,5,19,32,3,-26,3,14,thankyou
11.524720430374146,0,-2,-4,30,16,13,31,1,21,15,0,-25,0,7,thankyou
11.54127025604248,0,-4,-7,14,10,7,19,-4,16,14,1,-16,-3,9,thankyou
11.54127025604248,-4,-6,3,-11,-3,-3,2,-2,11,10,-4,-7,0,6,thankyou
11.54127025604248,-4,-10,-8,-21,-8,-3,-1,-2,9,5,-9,-7,10,0,thankyou
11.555411577224731,4,-9,-7,-23,-9,-1,0,-1,2,0,-2,5,17,5,thankyou
11.571464776992798,14,-2,6,-20,-10,-10,-1,-1,2,-1,10,27,22,16,thankyou
11.571464776992798,12,0,4,-17,-4,-13,-4,-1,11,3,15,31,18,12,thankyou
11.589056491851808,9,0,5,-14,-2,-13,-19,-4,1,-6,10,27,0,-4,thankyou
11.589056491851808,11,4,7,-2,-4,-20,-35,0,-7,-17,12,24,-1,-10,thankyou
11.589056491851808,11,4,17,1,-1,-18,-28,8,-4,-4,11,21,2,-5,thankyou
11.603164672851562,7,5,10,0,5,-3,-13,4,-5,-1,0,15,-6,-9,thankyou
11.618633031845093,3,7,0,7,11,3,-10,0,-14,-12,-12,1,-16,-14,thankyou
11.618633031845093,-4,1,8,3,5,7,-2,2,-21,-10,-13,-6,-18,-6,thankyou
11.634131669998167,-19,-9,-10,0,-1,11,13,-1,-25,-5,-10,-10,-16,-5,thankyou
11.634131669998167,-18,-5,-14,0,0,11,16,0,-23,-9,-12,-11,-9,-7,thankyou
11.650161266326904,-7,-4,-3,-12,-4,8,12,6,-7,0,-7,-9,0,3,thankyou
11.650161266326904,-5,-14,-15,-17,-14,4,10,0,3,6,0,-6,3,13,thankyou
11.665332794189451,-3,-8,-7,2,-8,0,11,-8,10,0,-7,0,1,12,thankyou
11.665332794189451,3,0,-3,2,0,-8,6,-4,17,-5,-1,2,7,8,thankyou
11.682443380355837,3,-1,0,-20,-8,-16,-13,0,7,-3,17,10,12,2,thankyou
11.682443380355837,0,14,11,-6,0,-3,-16,2,-5,1,24,16,7,0,thankyou
11.6970477104187,4,31,5,30,25,15,6,1,0,5,11,5,-1,3,thankyou
11.6970477104187,5,23,14,39,24,23,21,1,7,11,-1,0,-1,5,thankyou
11.713125944137571,-5,5,11,30,6,13,19,0,7,22,-4,-3,0,1,thankyou
11.713125944137571,-11,-11,-8,8,-3,0,11,-1,9,16,-16,-17,-10,-8,thankyou
11.7284095287323,-7,-19,-15,-13,-10,1,3,-2,10,1,-32,-21,-19,-14,thankyou
11.7284095287323,-5,-18,-15,-16,-12,5,3,-2,12,2,-23,-16,-7,-4,thankyou
11.744103908538818,-8,-19,-4,-18,-12,-9,2,2,10,-1,-16,-17,0,-1,thankyou
11.744103908538818,-9,-19,-7,-20,-13,-19,-3,2,6,-7,-14,-18,-3,-8,thankyou
11.761602878570557,0,-11,-4,-14,-11,-14,-9,0,5,-8,7,0,4,-2,thankyou
11.761602878570557,15,0,7,-13,-3,-7,-13,1,11,0,28,23,24,14,thankyou
11.776298761367798,24,10,5,-3,2,-3,-15,1,8,11,26,25,30,17,thankyou
11.776298761367798,27,26,22,16,7,-3,-16,-2,-7,3,32,24,18,8,thankyou
11.79139280319214,18,23,18,17,14,-7,-13,-3,-10,-2,44,25,13,5,thankyou
11.79139280319214,8,9,4,2,11,-7,-14,-1,-9,8,23,15,9,0,thankyou
11.809446573257446,3,8,9,7,1,-1,-14,0,-19,1,-2,4,-6,-13,thankyou
11.809446573257446,-6,8,-4,10,1,2,-5,2,-20,-23,0,0,-13,-11,thankyou
11.809446573257446,-16,3,-4,-2,4,7,-5,6,-20,-28,0,-3,-20,-6,thankyou
11.825145483016968,-12,4,4,3,0,8,-6,5,-24,-21,-17,-20,-32,-14,thankyou
11.825145483016968,-6,1,-5,18,0,7,9,2,-13,-10,-31,-25,-25,-14,thankyou
11.839244842529297,-16,-4,-13,8,8,18,25,2,1,4,-26,-14,-9,-2,thankyou
11.854288816452026,-22,-7,-18,1,12,27,26,-4,4,12,-11,-12,-5,-1,thankyou
11.854288816452026,-1,-4,0,9,11,20,27,-1,8,10,-9,-10,1,2,thankyou
11.870409727096558,11,-2,8,12,10,9,29,1,11,10,-19,-3,11,17,thankyou
11.870409727096558,-5,-14,-9,-6,-3,0,9,-3,5,3,-24,-15,0,9,thankyou
11.88545560836792,-17,-27,-12,-33,-22,-10,-10,-3,3,-3,-19,-22,-4,-5,thankyou
11.88545560836792,0,-14,-9,-23,-14,-14,-1,0,21,9,0,0,18,11,thankyou
11.900995016098022,21,3,6,-3,-2,-10,10,0,27,18,16,26,29,32,thankyou
11.900995016098022,13,-4,5,-13,-9,-10,-2,-2,11,8,17,24,13,16,thankyou
11.918039321899414,-3,-16,-9,-23,-16,-22,-22,-4,-2,0,15,10,0,-7,thankyou
11.918039321899414,2,0,8,-13,-17,-28,-20,0,-1,-5,19,13,0,-7,thankyou
11.934518337249756,17,12,11,-6,-11,-17,-9,1,5,-11,21,15,0,0,thankyou
11.934518337249756,14,15,9,-1,2,-4,-13,0,0,-9,24,17,5,2,thankyou
11.934518337249756,0,21,9,13,16,1,-19,0,-7,-2,25,16,6,-5,thankyou
11.949161291122437,-8,18,-3,13,16,8,-11,0,-14,-6,5,-7,-3,-21,sil
11.964497089385986,-12,8,5,9,10,13,4,0,-21,-12,-15,-18,-14,-19,sil
11.964497089385986,-9,4,7,22,8,11,13,0,-15,-2,-8,-7,-12,-4,sil
11.980175256729126,-5,0,0,18,4,10,10,2,0,14,-1,-4,-6,2,sil
11.980175256729126,-2,-6,-3,4,0,13,9,7,7,23,-9,-8,-3,4,sil
11.995375871658323,1,-6,-8,9,-2,7,6,-2,6,13,-12,-5,-4,4,sil
11.995375871658323,-1,-11,2,4,-11,0,-1,-7,-1,-1,-14,-5,-6,-2,sil
12.011391401290894,-4,-19,-3,-11,-17,-2,-5,0,-1,-4,-15,-8,-2,-5,sil
12.011391401290894,11,-2,-3,-3,-1,-4,-1,5,7,-3,-9,2,3,1,sil
12.02700161933899,23,18,7,9,11,-2,1,1,5,-9,5,16,8,5,sil
12.02700161933899,10,11,-4,5,1,0,-1,0,-2,-11,15,9,10,0,sil
12.04353165626526,-1,2,1,1,0,1,-7,1,-4,-11,10,1,6,-3,sil
12.04353165626526,-7,4,4,5,17,9,3,0,2,2,0,-1,0,-1,sil
12.065208196640016,-15,-4,-7,0,24,16,23,-2,7,17,-17,-17,-7,0,sil
12.065208196640016,-17,-12,-10,-9,5,10,19,2,15,16,-17,-21,-8,3,sil
12.065208196640016,-10,-13,-16,-18,-14,-4,0,3,19,6,5,0,0,12,sil
12.074220180511476,0,-7,-3,-28,-18,-17,-12,0,0,-4,14,18,6,9,sil
12.089362144470217,4,3,4,-19,-5,-20,-14,0,-22,-18,6,7,0,-5,sil
12.089362144470217,4,9,5,0,4,-11,-12,0,-23,-20,1,-5,-12,-12,sil
12.104607343673706,0,9,12,19,5,9,-2,-6,-14,0,4,3,-7,0,sil
12.104607343673706,0,5,3,25,4,21,14,-6,0,19,10,5,14,11,sil
12.120591402053831,1,-9,-1,1,0,10,16,-2,17,15,-3,-9,10,6,sil
12.120591402053831,0,-17,-9,-24,-7,-10,0,1,21,0,-22,-13,0,0,sil
12.136207342147827,6,-1,-7,-16,-9,-25,-6,4,7,-4,-2,8,8,0,sil
12.136207342147827,14,12,14,-1,-8,-24,-5,4,-8,-11,18,22,6,-4,sil
12.151800632476808,5,6,3,1,-5,-9,-15,-4,-14,-11,6,5,-11,-12,sil
12.151800632476808,-2,0,-1,14,3,8,-22,0,-12,0,-6,-5,-10,-5,sil
12.167766094207764,-3,-1,1,24,6,18,-4,7,-3,6,-5,-4,0,4,sil
12.167766094207764,-4,-8,-8,4,-4,7,17,3,6,3,-7,-6,0,3,sil
12.183371782302856,0,-7,0,-18,-14,-5,12,-1,4,0,-5,3,5,2,sil
12.183371782302856,0,1,1,-17,-7,-6,-4,-3,-5,-8,4,11,9,2,sil
12.19843602180481,-3,6,1,-9,0,-1,-8,0,-22,-25,8,2,-4,-10,sil
12.19843602180481,3,9,4,1,5,1,0,0,-23,-15,11,-2,-8,-16,sil
12.214097023010254,9,11,5,19,11,4,5,0,-4,11,10,-5,0,1,sil
12.214097023010254,-2,3,11,18,10,13,8,3,8,15,-8,-13,-7,9,sil
12.229114055633543,-10,-10,0,12,9,21,12,4,11,7,-17,-20,-13,0,sil
12.229493618011476,0,-6,-2,10,12,17,10,-2,20,17,-3,-11,0,3,sil
12.24512219429016,4,1,0,0,5,5,5,-3,32,26,0,1,10,11,sil
12.24512219429016,-6,-7,-8,-17,-4,-7,0,-2,28,12,-2,4,4,2,sil
12.261014223098757,-8,-11,-2,-19,-5,-13,-6,-1,19,0,5,9,5,-2,sil
12.261014223098757,0,3,0,-9,0,-16,-8,0,20,3,18,14,15,-1,sil
12.276358127593994,8,18,8,-2,3,-19,-12,0,8,1,17,20,11,-2,sil
12.276358127593994,5,20,9,5,6,-7,-22,0,-19,-12,9,14,-4,-4,sil
12.292403936386108,-5,8,-8,16,8,5,-18,-3,-33,-15,-3,-8,-11,-7,sil
12.292403936386108,-8,-1,1,21,5,9,4,0,-20,-2,-9,-14,-8,-3,sil
12.308050632476808,0,-7,0,14,2,10,26,0,-7,5,-7,0,-3,8,sil
12.308050632476808,9,-12,-6,-2,-10,1,21,-1,-5,0,-14,8,0,14,sil
12.323532581329346,7,-17,-1,-19,-28,-13,0,0,-3,-5,-11,12,8,7,sil
12.323532581329346,-2,-12,-16,-25,-27,-19,-12,0,-3,-12,4,4,7,-4,sil
12.339250326156616,-3,0,-10,-22,-13,-5,-8,0,-18,-29,5,-8,-9,-13,sil
12.339250326156616,2,11,1,0,3,8,0,0,-22,-23,0,-13,-15,-11,sil
12.354840755462646,0,10,4,16,9,13,5,1,-15,-4,-8,-7,-8,-1,sil
12.354840755462646,-10,2,5,15,3,13,5,0,-8,1,-19,-6,-10,3,sil
12.37011456489563,-11,-10,-9,8,2,10,9,0,5,3,-22,-17,-13,0,sil
12.37011456489563,-8,-18,-6,-2,0,6,7,4,19,11,-21,-18,-10,-5,sil
12.385500192642212,-2,-12,-6,-8,-8,-1,4,3,26,14,-8,-6,3,-2,sil
12.385500192642212,6,-2,-7,-9,-2,-12,0,-4,23,7,15,4,21,4,sil
12.40100598335266,12,3,11,-10,2,-15,-9,-3,11,6,25,12,24,12,sil
12.40100598335266,16,15,16,1,4,-9,-12,0,5,15,30,21,25,20,sil
12.417010068893433,28,28,22,15,14,0,-1,5,15,19,41,36,31,21,sil
12.417010068893433,22,25,13,10,15,3,8,8,20,9,32,28,21,8,sil
12.433231592178345,-5,4,-6,-3,0,1,2,1,0,-5,5,-7,-7,-6,sil
12.433231592178345,-24,-7,-2,-10,1,0,-8,-1,-18,-13,-7,-22,-27,-17,sil
12.447861909866331,-17,-4,2,2,11,0,-8,-2,-19,-7,-14,-14,-26,-24,sil
12.447861909866331,0,3,7,24,11,8,0,0,-17,-7,-23,-12,-20,-20,sil
12.463495254516602,4,1,1,16,9,15,7,0,-8,0,-10,-7,-3,0,sil
12.463495254516602,-5,-17,-16,-17,-1,4,9,-2,4,23,6,0,14,15,sil
12.479045629501345,-12,-26,-6,-24,-19,-5,-1,0,0,23,-4,-1,8,12,sil
12.479045629501345,-9,-9,-5,-4,-16,0,-2,0,2,0,-15,-5,-1,4,sil
12.494107961654665,-4,-3,-4,-14,-9,-2,0,-5,9,-10,-5,-1,-4,-2,sil
12.509387493133543,-3,-12,-3,-27,-15,-20,-14,-7,-5,-12,-6,0,-13,-14,sil
12.509387493133543,0,-1,-6,-1,-12,-17,-27,-1,-13,-18,-4,1,-11,-14,sil
12.509387493133543,13,26,12,25,3,0,-11,3,0,-16,18,24,5,2,sil
12.525731086730955,17,29,10,20,4,-1,-1,0,-3,-12,27,28,8,8,sil
12.525731086730955,4,11,4,5,-3,-11,-9,0,-15,-16,2,5,-5,0,sil
12.540329217910768,-10,5,6,12,7,2,3,0,-5,-11,-11,-4,-9,-5,sil
12.555548191070557,-16,1,-8,23,21,17,22,-2,6,3,-16,-14,-6,-9,sil
12.555548191070557,-13,-9,-11,12,12,19,22,1,3,7,-26,-27,-9,-11,sil
12.571067810058594,-1,-11,-8,2,0,17,23,6,4,10,-15,-22,-1,-3,sil
12.571067810058594,8,-6,1,4,-1,4,24,5,15,23,0,-3,14,15,sil
12.587018013000488,7,-5,4,0,-4,0,17,1,19,19,0,3,23,28,sil
12.587018013000488,0,-11,-14,-17,-7,0,5,-5,12,2,2,1,15,14,sil
12.603259563446043,-3,-13,-14,-35,-11,-6,-13,-4,0,-8,6,1,-2,-4,sil
12.603259563446043,4,-4,-6,-29,-8,-20,-23,-1,-3,-12,0,4,-6,-3,sil
12.61858868598938,15,8,7,-8,-1,-18,-15,1,-4,-14,2,10,-1,1,sil
12.61858868598938,11,12,16,-6,1,-4,-11,1,-5,-6,13,13,-4,-5,sil
12.633377313613892,2,10,3,0,3,5,-5,1,-1,9,12,2,0,-11,sil
12.633377313613892,8,14,15,25,14,17,5,5,0,16,8,-1,8,0,sil
12.648247718811035,10,7,15,32,21,21,11,3,0,13,13,0,8,9,sil
12.648247718811035,0,-6,0,12,9,11,5,0,1,8,10,0,3,12,sil
12.664576768875122,-4,-5,5,11,1,8,9,4,5,15,2,4,6,16,sil
12.664576768875122,-5,-3,-2,17,2,8,15,1,8,25,0,1,9,17,sil
12.680046319961548,-9,-12,-6,-8,-16,-11,0,-9,5,7,-14,0,2,5,sil
12.680046319961548,-9,-18,-12,-33,-35,-28,-21,-9,1,-10,-11,3,2,-8,sil
12.695207595825195,-8,-10,-17,-29,-23,-20,-28,-2,-6,-11,9,3,3,-14,sil
12.695207595825195,-11,0,-3,-24,-5,-14,-31,-3,-24,-19,7,-1,-6,-25,sil
12.710514307022097,-8,2,0,-24,0,-20,-29,-4,-30,-35,-8,-5,-16,-33,sil
12.710514307022097,0,14,6,-9,10,-7,-18,2,-15,-32,-1,4,-13,-19,sil
12.726069450378418,0,29,8,17,20,11,-2,7,0,-14,10,8,-7,0,sil
12.726069450378418,2,20,7,30,15,13,12,4,0,-2,7,0,-9,1,sil
12.742108821868896,5,2,14,21,4,14,25,8,1,4,0,-6,-14,0,sil
12.742108821868896,1,-1,1,15,0,15,25,1,6,11,-15,-18,-15,-1,sil
12.758005380630491,0,-1,0,21,0,8,16,-5,2,10,-25,-21,-11,0,sil
12.758005380630491,0,-5,1,14,2,5,11,-4,-1,11,-4,-4,0,17,sil
12.773620367050173,-9,-11,-12,-4,0,7,5,-1,0,13,0,0,6,22,sil
12.773620367050173,-5,-3,-3,0,3,12,3,-1,6,4,-19,-6,2,14,sil
12.789246797561646,9,4,0,15,12,10,20,0,22,8,-11,-2,3,13,sil
12.789246797561646,5,-11,-5,-13,0,-3,25,2,28,15,3,0,6,4,sil
12.804803371429443,-5,-27,-9,-39,-18,-5,10,2,21,5,1,-2,15,-9,sil
12.804803371429443,7,-11,-4,-15,-12,-1,2,0,17,-3,5,8,24,0,sil
12.820521116256714,23,7,10,2,-7,-13,0,-1,8,0,9,20,17,8,sil
12.820521116256714,3,0,-10,-10,-11,-19,-15,-4,-8,-3,5,8,4,-8,sil
12.836238145828249,-9,2,-12,-10,-1,-10,-37,-7,-24,-21,2,2,0,-21,sil
12.836238145828249,7,20,13,8,11,-10,-37,-1,-32,-22,9,18,2,-13,sil
12.85185194015503,14,18,11,15,14,-13,-18,0,-29,-6,15,19,4,0,sil
12.85185194015503,0,6,8,11,11,-3,-4,1,-20,-10,4,0,-10,0,sil
12.866987466812134,-9,2,0,3,5,3,2,5,-7,-15,-5,-11,-20,-12,sil
12.866987466812134,-13,0,2,-6,3,6,11,10,2,0,-1,-5,-11,-9,sil
12.883501052856444,-13,-3,8,1,4,17,19,7,6,14,2,-4,-2,7,sil
12.883501052856444,-9,-1,-4,16,0,23,18,1,13,22,4,-8,1,19,sil
12.89961862564087,-2,-3,0,7,-7,17,5,3,22,26,0,0,9,22,sil
12.89961862564087,2,-6,-3,0,0,14,4,2,24,26,-9,-4,8,16,sil
12.915408372879028,1,-6,-12,3,4,9,12,-7,14,14,-14,-20,-1,1,sil
12.915408372879028,-9,-14,-7,-8,-7,-7,-4,-11,-4,-2,-20,-17,-12,-10,sil
12.93103289604187,-11,-22,-12,-20,-24,-24,-28,-5,-11,-11,-19,-6,-9,-7,sil
12.93103289604187,0,-10,-2,-16,-21,-19,-17,0,3,0,8,15,13,13,sil
12.94623589515686,8,-1,0,-10,-8,-7,0,0,17,15,33,31,31,21,sil
12.94623589515686,10,2,-1,-8,-2,-5,-7,0,5,7,20,17,12,-3,sil
12.961777448654177,13,21,13,5,6,0,-10,0,-2,-11,4,-1,-11,-25,sil
12.961777448654177,14,31,10,21,23,5,0,1,0,-15,18,0,-5,-16,sil
12.97663640975952,15,19,15,12,17,0,-1,2,-8,-11,25,17,6,-1,sil
12.97663640975952,10,10,15,-5,0,-8,-8,1,-27,-14,13,24,4,1,sil
12.992189168930054,0,5,-1,-13,-5,-11,-8,-4,-41,-26,-1,7,-14,-2,sil
12.992189168930054,-8,-2,0,-8,-4,-4,-1,-5,-39,-28,-17,-16,-36,-19,sil
13.007341146469116,-18,-10,-8,-1,-1,4,8,-3,-19,-13,-27,-34,-34,-31,sil
13.007341146469116,-31,-7,-10,5,4,7,9,2,-3,-9,-30,-41,-27,-26,sil
13.024069547653198,-29,0,-7,18,12,6,6,0,5,-14,-29,-36,-25,-13,sil
13.024069547653198,-8,4,-7,24,11,12,14,2,23,-1,-23,-20,-10,6,sil
13.039117336273192,3,0,3,11,0,19,26,8,29,13,-15,0,10,24,sil
13.039117336273192,0,-15,-7,-6,-5,9,24,0,14,15,-14,1,13,18,sil
13.05424427986145,-2,-25,-10,-22,-12,-6,14,-5,-1,6,-15,-11,5,2,sil
13.05424427986145,1,-19,1,-17,-9,-1,11,0,0,16,0,-2,15,3,sil
13.06983208656311,14,-1,5,9,6,9,14,2,20,35,28,25,39,22,sil
13.08842706680298,35,17,19,27,19,7,15,4,42,35,46,52,50,45,sil
13.08842706680298,40,22,16,32,13,2,9,5,50,24,41,54,46,52,sil
13.08842706680298,22,9,5,15,-1,-2,-13,3,28,16,23,36,26,27,sil
13.100978136062622,5,-2,-4,-16,-8,-10,-28,1,10,17,16,13,14,1,sil
13.11703109741211,2,-4,-7,-33,-7,-18,-26,0,4,17,17,2,14,-5,sil
13.11803150177002,-4,-8,1,-35,-12,-25,-40,-6,-23,-6,0,-6,-4,-22,sil
13.11803150177002,-21,-10,-15,-29,-14,-22,-46,-10,-51,-34,-21,-29,-31,-44,sil
13.133389472961426,-17,0,-14,-12,0,-4,-16,-2,-39,-31,-17,-27,-34,-35,sil
13.133389472961426,-7,4,7,1,12,6,12,6,-19,-25,-8,-8,-30,-14,sil
13.147801637649536,-19,-2,-1,3,2,0,8,0,-24,-35,-16,-17,-33,-15,sil
13.163322687149048,-25,1,-5,8,0,2,1,-3,-26,-26,-21,-25,-24,-14,sil
13.163322687149048,-10,11,-5,15,1,6,7,-1,-8,1,0,-9,-10,-5,sil
13.179414749145508,-1,8,1,12,-2,2,4,-2,-3,7,7,-1,-9,-5,sil
13.18041491508484,-3,3,7,15,0,11,-10,-4,-16,-3,-3,-2,-11,-6,sil
13.195005178451538,0,1,-1,19,5,14,-9,-2,-11,-1,-7,0,-1,5,sil
13.195005178451538,17,4,12,11,-2,13,18,1,13,11,1,7,9,22,sil
13.210022211074827,19,0,7,6,-3,20,44,4,42,27,7,4,8,25,sil
13.210022211074827,-4,-18,-12,-7,-5,8,27,6,42,18,-1,-5,-4,8,sil
13.225422859191896,-19,-27,-12,-43,-26,-21,-9,0,19,-10,-10,-10,-2,-13,sil
13.225422859191896,-8,-13,-11,-44,-25,-28,-17,-9,1,-18,0,1,12,-12,sil
13.241023540496826,8,6,14,-5,0,-13,-11,0,-2,-7,16,24,18,7,thankyou
13.241023540496826,18,22,29,23,16,-1,-13,8,-2,5,31,27,23,18,thankyou
13.256583213806152,19,26,16,27,19,2,-9,0,-6,11,17,14,17,11,thankyou
13.256583213806152,6,14,10,32,16,9,9,0,-8,1,-13,7,-3,0,thankyou
13.272213459014893,-3,2,-1,32,14,20,29,6,0,-1,-15,-3,-8,-6,thankyou
13.272213459014893,-2,0,-5,21,15,23,30,3,2,14,-6,-18,-2,-10,thankyou
13.288195133209229,-10,-12,-18,4,10,5,19,0,-1,12,-22,-30,-10,-12,thankyou
13.288195133209229,-19,-22,-24,-21,0,-9,4,-1,4,-6,-30,-29,-8,-8,thankyou
13.30326795578003,-1,-10,-2,-29,-8,-3,-4,-3,17,4,-3,-1,16,9,thankyou
13.30326795578003,20,2,-6,-15,-6,-3,-8,-3,18,27,13,17,32,26,thankyou
13.319299459457396,20,0,-5,-25,-1,-13,-12,0,0,4,2,11,15,17,thankyou
13.319299459457396,7,-2,4,-39,0,-12,-17,-3,-18,-26,1,9,0,0,thankyou
13.334798574447632,2,-1,3,-25,-10,-15,-20,-3,-9,-17,19,17,-1,-6,thankyou
13.334798574447632,-3,0,4,-13,-19,-22,-24,2,-2,-2,22,10,-6,-10,thankyou
13.350472450256348,-17,-4,-4,-2,-13,-9,-19,0,-13,-11,9,-7,-16,-19,thankyou
13.350472450256348,-16,1,1,17,-1,2,-9,0,-16,-23,6,-2,-16,-16,thankyou
13.36641812324524,6,22,20,31,12,2,-5,1,1,-5,22,20,1,3,thankyou
13.36641812324524,25,30,21,34,25,10,3,3,10,16,28,25,16,20,thankyou
13.382460355758669,16,15,22,32,18,23,19,5,2,13,11,13,8,17,thankyou
13.382460355758669,-1,0,3,28,1,15,21,-1,0,1,0,2,-4,2,thankyou
13.397331714630129,-6,-5,-6,15,-1,6,8,-8,-3,-5,-14,-9,-16,-10,thankyou
13.397331714630129,-13,-3,-13,3,0,8,9,-3,-10,-8,-31,-28,-30,-19,thankyou
13.41348934173584,-21,-3,-22,2,-4,4,20,1,-6,-4,-31,-39,-30,-18,thankyou
13.41348934173584,-16,-13,-8,-3,-7,3,14,4,3,6,-29,-31,-15,-11,thankyou
13.429443359375,-11,-22,-17,-20,-10,7,3,0,3,14,-32,-26,-5,-3,thankyou
13.429443359375,-7,-16,-15,-25,-12,2,0,-6,-2,8,-25,-14,2,10,thankyou
13.444563388824465,0,-10,4,-10,0,0,0,-1,4,10,-10,7,18,23,thankyou
13.444563388824465,5,-11,-2,-4,5,0,1,4,16,17,2,12,21,18,thankyou
13.460558652877808,5,-8,-4,-15,-8,-5,0,0,13,4,8,5,12,6,thankyou
13.460558652877808,0,-9,-5,-19,-14,-16,-10,-5,8,-4,7,-4,5,0,thankyou
13.475391387939451,-7,-7,-6,-18,-1,-18,-21,0,6,-4,2,-10,0,-8,thankyou
13.475391387939451,-10,3,-2,-15,0,-20,-24,3,-1,-12,8,2,2,-13,thankyou
13.49058485031128,-6,8,-2,-9,-12,-23,-22,1,-12,-12,20,16,8,-8,thankyou
13.49058485031128,6,7,14,-12,-8,-9,-17,0,-13,-8,23,24,8,2,thankyou
13.506177186965942,17,12,21,-3,5,6,-3,1,0,-6,23,29,12,5,thankyou
13.506177186965942,15,18,15,14,13,8,5,1,-1,-7,21,25,9,-1,thankyou
13.522225856781006,13,27,22,27,18,12,8,1,-12,-8,20,20,-2,-2,thankyou
13.522225856781006,24,30,19,30,20,16,16,1,-1,2,23,18,2,5,thankyou
13.537407398223875,26,18,21,23,12,4,13,0,8,10,10,10,9,4,thankyou
13.537407398223875,7,8,6,16,11,0,4,0,-1,-1,-6,-3,0,-2,thankyou
13.553462743759155,0,8,-5,18,13,14,8,1,-1,-1,-9,-8,-6,2,thankyou
13.553462743759155,3,1,-3,20,4,15,13,0,4,4,-12,-11,-13,7,thankyou
13.56903910636902,-6,-11,-19,5,-5,0,2,-7,-13,-8,-22,-24,-20,-1,thankyou
13.56903910636902,-17,-16,-12,-4,-5,-1,0,-3,-16,-1,-14,-17,-7,0,thankyou
13.584098815917969,-11,-12,-2,7,1,11,16,7,12,29,0,-5,8,7,thankyou
13.584098815917969,-9,-15,-10,5,0,9,17,2,16,19,-11,-18,-5,1,thankyou
13.600147724151611,-17,-24,-11,-20,-12,0,1,-2,0,-2,-25,-25,-18,-4,thankyou
13.600147724151611,-18,-29,-21,-31,-21,-5,-2,-4,8,5,-17,-16,-4,-7,thankyou
13.6154146194458,-12,-18,-12,-23,-15,-13,-4,0,15,0,-8,-4,0,-10,thankyou
13.6154146194458,-2,-1,-2,-8,-6,-6,-4,2,3,-11,-5,1,-7,0,thankyou
13.63147521018982,2,1,-5,-2,-3,4,2,1,6,0,-2,2,-1,5,thankyou
13.63147521018982,0,-4,2,-20,-4,-5,-3,2,10,7,0,5,6,0,thankyou
13.647021770477297,-3,-5,-2,-25,-2,-20,-16,0,3,8,9,10,13,-1,thankyou
13.647021770477297,-2,0,-1,-17,-1,-17,-14,0,-1,5,11,11,14,3,thankyou
13.663498878479004,2,6,5,-17,-2,-14,-17,-4,-5,-10,7,13,12,5,thankyou
13.663498878479004,13,14,10,-4,0,-18,-30,-6,-15,-24,14,20,11,1,thankyou
13.679085731506348,19,28,24,22,2,-8,-27,0,-21,-20,20,21,4,-7,thankyou
13.679085731506348,7,25,13,27,9,5,-4,1,-20,-15,13,1,-1,-12,thankyou
13.69428324699402,-3,9,5,17,13,9,7,-2,-21,-18,0,-10,-7,-7,thankyou
13.69428324699402,0,4,7,17,11,15,11,-1,-16,-9,-3,-4,-15,-7,thankyou
13.709717750549316,1,1,-7,18,8,22,11,0,-5,-4,-4,-7,-19,-9,thankyou
13.709717750549316,-5,-3,1,15,8,16,10,0,0,-4,-11,-13,-15,-1,thankyou
13.725117444992064,0,-1,10,17,7,10,21,4,13,20,-1,-3,4,11,thankyou
13.725117444992064,13,0,8,17,1,18,30,6,25,43,10,7,24,23,thankyou
13.740278959274292,1,-6,-4,6,-1,19,21,2,11,20,0,-1,10,20,thankyou
13.740278959274292,-16,-7,-21,-6,-3,4,10,0,3,2,-16,-16,-10,3,thankyou
13.756346940994264,-9,-5,-7,-11,-10,0,4,2,11,11,-16,-12,-10,-1,thankyou
13.756346940994264,0,-10,-5,-11,-10,0,-1,-4,12,9,-10,-7,-2,0,thankyou
13.77243685722351,-3,-13,-9,-17,-3,-13,-7,-3,10,1,-3,-8,3,0,sil
13.77243685722351,-2,-8,3,-19,-3,-19,-4,6,17,6,1,3,10,6,sil
13.788410186767578,5,-1,2,-6,-1,-10,1,2,17,7,6,16,9,3,sil
13.788410186767578,6,2,-1,-5,0,-2,0,-1,-1,-8,6,13,2,-3,sil
13.804436445236206,-3,-2,-10,-16,-4,-5,-10,0,-13,-14,5,1,2,-5,sil
13.804436445236206,-3,-6,-3,-17,-7,-12,-11,0,-10,-6,13,3,5,-4,sil
13.8200364112854,13,4,13,-4,0,-10,-8,-3,0,-2,24,18,10,0,sil
13.8200364112854,12,7,-2,-4,2,-8,-15,-7,-9,-14,12,12,1,-1,sil
13.834168910980225,0,-1,-3,-9,-2,-13,-25,-6,-30,-32,-10,-1,-20,-13,sil
13.8512122631073,0,3,4,7,-2,-10,-13,-1,-20,-20,-1,-2,-14,-12,sil
13.8512122631073,10,18,7,18,3,-3,-3,0,-4,-2,12,1,2,-1,sil
13.8512122631073,8,18,15,13,7,3,-4,0,-12,-4,4,4,0,-1,sil
13.866324186325071,5,11,4,17,8,13,1,0,-6,-1,0,6,0,0,sil
13.866324186325071,0,8,2,16,6,17,5,0,5,5,0,4,4,6,sil
13.88236165046692,-9,6,0,14,7,16,12,4,9,7,-3,-6,0,0,sil
13.88236165046692,-12,1,-7,22,7,15,32,9,18,14,-12,-12,-6,-3,sil
13.897512674331663,-10,-1,1,16,4,13,30,8,16,19,-24,-9,-5,0,sil
13.897512674331663,-17,-14,-3,-5,2,6,6,0,-1,12,-22,-15,-7,1,sil
13.914386749267578,-21,-22,-4,-13,-3,3,1,-4,-1,9,-13,-17,-8,4,sil
13.914386749267578,-16,-11,-5,-1,-7,3,3,-2,15,12,-10,-13,0,3,sil
13.929136753082275,-5,-7,-14,0,-4,-3,-6,-1,15,4,-9,-18,2,0,sil
13.930137634277344,3,-14,-4,-17,-8,-9,-10,0,3,-6,-5,-8,0,3,sil
13.94515323638916,3,-15,-6,-25,-14,-9,-2,0,6,0,3,4,9,11,sil
13.94515323638916,3,-12,-4,-22,-14,-8,-8,0,5,-2,6,2,12,3,sil
13.960684537887571,10,-2,0,-16,-10,-8,-15,-1,0,-5,6,1,0,-7,sil
13.97589945793152,15,8,-3,-8,-2,-11,-9,2,0,0,17,12,6,-2,sil
13.97589945793152,12,12,10,-2,5,-9,-1,7,-4,-2,24,18,14,4,sil
13.97589945793152,11,14,12,5,9,2,3,0,-15,-9,16,14,0,0,sil
13.99351167678833,10,19,9,9,7,7,-2,-7,-21,-8,6,13,-13,-5,sil
13.99351167678833,1,10,4,4,3,-1,-10,-5,-25,-14,0,3,-15,-12,sil
14.008581638336182,-2,4,-1,13,11,-2,-2,-1,-22,-11,-3,-10,-9,-10,sil
14.008581638336182,6,18,14,33,21,12,12,4,-1,14,5,1,2,11,sil
14.022204637527466,8,16,8,29,11,20,23,4,16,28,10,13,12,20,sil
14.037155151367188,0,-8,0,5,0,9,17,0,14,11,-5,3,9,4,sil
14.037155151367188,-8,-18,-1,-13,-2,-4,1,0,3,-1,-10,-2,10,0,sil
14.053507328033447,-7,-12,-13,-24,-11,-14,-9,-3,4,-2,0,1,10,3,sil
14.053507328033447,0,-10,-3,-25,-20,-14,-12,0,7,-15,-3,4,-4,-7,sil
14.074344635009766,0,-8,0,-16,-8,-10,-11,0,1,-22,0,0,-8,-15,sil
14.074344635009766,-9,0,-4,-3,0,-7,-6,-3,-5,-7,9,-5,-2,-7,sil
14.074344635009766,-11,3,0,11,0,2,-3,-1,-8,1,-3,-10,-13,-6,sil
14.084055185317991,-9,-2,-6,17,2,12,-1,0,-6,-2,-21,-24,-23,-12,sil
14.100090503692629,-7,-5,1,9,4,13,4,0,-2,1,-13,-18,-6,0,sil
14.100090503692629,0,-1,-3,6,2,11,17,0,11,20,1,1,12,18,sil
14.115344524383543,0,-6,-15,0,-1,0,10,0,11,8,-4,4,1,8,sil
14.115344524383543,-3,-6,-1,-17,-7,-9,-10,0,1,-16,-11,5,-7,-2,sil
14.1310076713562,14,11,7,-7,-3,-8,-11,1,5,-5,11,20,15,9,sil
14.1310076713562,32,30,22,16,3,-1,0,4,4,9,33,29,26,13,sil
14.14615797996521,9,18,11,17,1,2,4,0,-7,0,13,6,0,0,sil
14.14615797996521,-16,-8,-14,0,-1,5,2,0,-3,-4,-16,-17,-14,-6,sil
14.161969900131226,-18,-13,-5,-7,3,7,5,9,7,8,-18,-16,-7,-4,sil
14.161969900131226,-14,-8,-1,-4,1,5,9,3,11,18,-8,-15,-4,-2,sil
14.177609205245972,-7,-14,-4,-9,-6,0,6,-6,11,14,-13,-14,-4,5,sil
14.177609205245972,0,-15,-12,-11,-3,-6,0,-3,13,4,-11,-1,3,6,sil
14.193382263183594,8,2,-6,-3,4,-9,-7,1,8,-1,6,8,10,-3,sil
14.193382263183594,17,16,15,6,8,-3,-6,6,1,-2,26,16,13,-5,sil
14.209002494812012,17,16,10,12,13,0,-1,1,0,0,32,19,13,0,sil
14.209002494812012,13,16,12,9,14,-2,0,-3,-13,0,20,10,4,5,sil
14.225035667419434,11,15,13,11,10,-2,-4,-5,-28,1,8,2,0,4,sil
14.225035667419434,-5,3,-5,12,5,0,0,-4,-25,-1,-1,-5,-3,-6,sil
14.240721225738524,-18,-8,-9,-1,-4,7,7,-1,-19,-11,-22,-19,-18,-10,sil
14.240721225738524,-17,-15,-12,-5,-9,7,7,-4,-10,-10,-30,-28,-21,-8,sil
14.256330013275146,-15,-20,-5,-7,-9,6,2,-4,4,0,-16,-14,-7,-6,sil
14.256330013275146,-13,-21,1,-21,-11,5,1,1,14,2,-4,0,3,0,sil
14.271724224090576,-2,-18,-8,-32,-17,-5,-9,0,5,-9,-5,-2,4,1,sil
14.271724224090576,4,-7,2,-25,-20,-18,-22,-3,-5,-25,-2,2,0,-7,sil
14.287431716918944,9,7,6,-4,-9,-9,-12,2,0,-19,12,16,0,-6,sil
14.287431716918944,16,18,6,11,1,-2,-6,7,5,-3,20,21,6,5,sil
14.30308222770691,15,18,8,13,4,-5,-11,3,-2,1,16,14,5,10,sil
14.30308222770691,4,12,0,9,7,1,-2,2,-5,-1,9,2,-3,3,sil
14.318268537521362,-3,10,5,15,12,8,2,2,-4,-3,-4,0,-14,-2,sil
14.318268537521362,-6,9,-2,27,12,2,1,-5,-3,0,-13,-6,-10,0,sil
14.33329701423645,-4,1,-5,23,8,4,16,-1,4,18,-8,-12,0,9,sil
14.33329701423645,-2,-5,3,2,6,14,26,6,18,29,0,-5,11,15,sil
14.348514556884766,-2,-9,-4,-9,0,7,17,0,23,26,-2,1,19,15,sil
14.348514556884766,-5,-8,-1,-10,-9,0,8,-4,12,17,-3,2,12,10,sil
14.364509344100952,-4,-7,-5,-8,-7,-1,3,-1,3,6,3,7,3,0,sil
14.364509344100952,1,-3,-6,-13,-2,-11,-11,0,-3,-8,7,9,1,-12,sil
14.380019903182983,0,4,4,-16,-4,-15,-24,-1,-14,-18,4,1,-3,-18,sil
14.380019903182983,-6,8,-4,-2,0,-1,-17,-2,-20,-17,-1,-9,-14,-20,sil
14.395973443984984,-1,6,0,18,8,16,3,4,-7,-8,-7,0,-15,-7,sil
14.395973443984984,6,5,3,26,15,24,26,8,21,10,-2,5,-4,13,sil
14.41100525856018,8,1,-4,12,12,15,29,1,30,20,-3,0,3,20,sil
14.41100525856018,7,-7,-2,-5,0,0,19,1,23,16,-5,-1,8,13,sil
14.42651653289795,2,-22,-10,-19,-15,-16,3,1,13,7,-1,-2,10,5,sil
14.42651653289795,-2,-18,-2,-28,-21,-22,-23,-8,-9,-14,-4,-1,2,-8,sil
14.442076683044434,0,3,6,-14,-12,-17,-30,-12,-23,-23,4,6,2,-20,sil
14.442076683044434,6,10,9,7,-1,-10,-18,-3,-15,-12,21,3,7,-15,sil
14.45721197128296,0,4,14,16,6,-1,-14,0,-18,-16,7,-9,-4,-12,sil
14.45721197128296,-11,6,-3,18,12,5,-4,-3,-28,-14,-9,-11,-17,-11,sil
14.474528551101685,-8,0,-1,7,5,14,18,1,-14,9,-5,-2,-8,3,sil
14.474528551101685,-1,-12,2,-5,-2,15,24,7,11,24,-2,-8,7,15,sil
14.489218950271606,1,-1,-3,-1,0,2,1,2,21,20,0,-11,11,11,sil
14.489218950271606,3,10,3,-1,1,-6,-18,0,10,9,10,4,6,3,sil
14.504253625869753,0,0,-7,-21,-3,-7,-22,-1,-1,-9,12,8,-1,-4,sil
14.504253625869753,-2,0,-2,-26,-3,-11,-17,0,-15,-26,4,1,-10,-8,sil
14.519952535629272,0,14,13,-1,3,-9,-7,3,-21,-21,-3,4,-10,-3,sil
14.519952535629272,4,16,4,18,11,7,2,4,-18,-10,-5,2,-8,0,sil
14.535610914230348,6,11,2,15,12,16,13,0,-9,-4,2,-1,-7,6,sil
14.535610914230348,2,4,1,11,9,9,24,-2,2,4,5,-2,1,18,sil
14.551491975784302,-2,-7,0,4,2,4,20,2,8,6,-18,-3,0,9,sil
14.551491975784302,-7,-16,-6,-4,-6,3,7,0,11,6,-25,-2,-9,-4,sil
14.566412687301636,-6,-13,-7,-5,-13,1,2,-6,19,9,-5,3,0,4,sil
14.566412687301636,3,-1,7,0,-13,0,1,0,27,9,1,9,17,15,sil
14.582014322280884,7,-2,-3,0,-14,-6,0,4,29,17,0,2,17,6,sil
14.598690271377563,0,-12,-12,-11,-14,-16,-6,-1,18,13,6,3,13,-4,sil
14.598690271377563,0,-4,-1,-13,-3,-15,-13,-1,0,-7,7,13,8,-6,sil
14.598690271377563,9,12,0,1,2,-9,-12,-1,-8,-4,4,8,2,-4,sil
14.61504054069519,5,14,12,11,0,-2,-7,0,-2,7,13,5,5,-4,sil
14.61504054069519,0,2,5,10,8,7,-2,-1,2,0,25,13,11,-6,sil
14.629101991653442,2,1,0,10,20,10,2,-1,-6,-8,15,11,-2,-4,sil
14.644481182098389,2,5,5,17,14,8,6,-1,-20,-6,-2,-5,-18,-4,sil
14.644481182098389,-8,-1,-5,15,6,14,16,0,-18,-1,-9,-22,-14,-5,sil
14.66242790222168,-14,-13,-3,7,5,23,24,3,-12,2,-17,-19,-10,-5,sil
14.66242790222168,-16,-11,-9,3,2,18,20,1,0,16,-27,-17,-14,-4,sil
14.66242790222168,-20,-11,-22,-5,-4,3,6,0,7,17,-29,-28,-13,0,sil
14.677394151687622,-15,-12,-10,-21,-11,-5,-5,0,3,1,-18,-19,-2,5,sil
14.677394151687622,0,0,-5,-19,-10,-13,-13,1,0,-5,3,1,9,2,sil
14.691977500915527,10,9,7,-15,-5,-18,-15,1,2,0,16,11,11,1,sil
14.708069324493408,12,4,9,-12,-2,-15,-10,0,0,-5,9,6,1,2,sil
14.709068775177002,8,2,6,-9,-7,-13,-10,-1,-6,-27,0,4,-9,-2,sil
14.723216533660889,8,6,9,-13,-5,-14,-14,0,-10,-27,3,12,-7,-5,sil
14.723216533660889,12,1,0,-14,-1,-8,-12,-3,-3,-11,14,15,3,0,sil
14.73798656463623,9,0,6,-5,-6,-3,-11,0,-1,-9,12,10,3,0,sil
14.73798656463623,1,8,13,8,-5,-6,-10,3,-7,-4,8,3,2,-4,sil
14.753038167953491,3,9,9,12,1,-1,-4,1,-5,2,8,6,10,0,sil
14.753038167953491,6,8,10,2,4,5,0,0,1,1,5,9,11,7,sil
14.768534660339355,0,13,-1,12,11,3,1,0,3,10,9,2,7,12,sil
14.768534660339355,1,18,12,33,24,8,6,1,3,21,15,4,8,16,sil
14.784384727478027,1,5,13,28,19,18,11,0,7,14,4,5,4,13,sil
14.784384727478027,-3,-12,-16,12,6,12,13,1,12,7,-11,-6,-3,5,sil
14.79943871498108,-8,-11,-13,8,1,12,18,0,10,7,-16,-13,-4,1,sil
14.79943871498108,-11,-12,-12,-3,-1,22,25,-3,7,8,-19,-17,-7,-2,sil
14.815515995025637,-8,-21,-18,-16,-10,11,18,-2,3,2,-20,-19,-8,-8,sil
14.815515995025637,-3,-16,-11,-6,-7,-3,5,0,5,1,-8,-10,2,-7,sil
14.831104040145874,-5,-7,-5,-8,-6,-6,0,1,4,1,-6,-2,3,-1,sil
14.831104040145874,0,-8,0,-22,-17,-8,-3,1,0,-4,-13,3,-4,0,sil
14.84624433517456,11,1,-1,-5,-13,-13,-6,-5,0,-10,3,13,4,-7,sil
14.84624433517456,14,16,11,0,-3,-16,-19,-5,-11,-13,23,20,3,-13,sil
14.861712455749512,9,15,16,-8,0,-15,-25,2,-17,-12,25,15,-12,-10,sil
14.861712455749512,3,12,10,10,10,-6,-11,2,-10,-7,15,1,-10,-5,sil
14.877753973007202,-10,10,14,21,13,9,2,2,-9,0,-7,-13,-7,-8,sil
14.877753973007202,-26,-4,-11,1,2,13,5,0,-10,4,-21,-30,-17,-11,sil
14.893360376358032,-20,-13,-19,-4,4,9,11,-1,0,4,-14,-22,-8,0,sil
14.893360376358032,1,0,0,9,12,13,17,0,11,13,-2,2,17,20,sil
14.90846586227417,9,7,-4,13,9,9,11,-1,15,23,0,7,24,28,sil
14.90846586227417,3,-3,1,-1,0,0,4,0,13,13,-1,6,6,16,sil
14.924349784851074,0,-13,-1,-17,-6,-2,1,1,11,0,-5,6,-4,-1,sil
14.924349784851074,0,-10,-12,-16,-14,-11,-9,-1,2,-8,-6,-2,-5,-12,sil
14.93997073173523,0,-6,-5,-14,-18,-22,-21,-3,-2,-9,5,-1,0,-4,sil
14.93997073173523,-2,-13,-12,-26,-16,-17,-19,0,0,-5,16,9,4,0,sil
14.956022262573242,-12,-14,-7,-36,-17,-11,-17,0,-12,-21,1,0,-6,-13,sil
14.956022262573242,-9,-1,4,-15,-13,-9,-8,-4,-18,-26,-2,-9,-6,-14,sil
14.972091913223268,11,12,10,6,2,1,1,1,0,-1,13,10,12,10,sil
14.972091913223268,24,20,19,12,16,6,5,8,12,11,22,29,22,16,sil
14.987394094467165,21,23,12,25,17,2,10,4,4,1,19,16,13,4,sil
14.987394094467165,15,21,14,32,14,11,11,-1,-3,-4,6,4,1,1,sil
15.003417253494264,9,20,9,26,15,13,3,-1,-3,-4,-6,0,-3,-1,sil
15.003417253494264,6,23,11,30,16,0,-1,3,-2,-1,0,0,-4,-5,sil
15.01920747756958,3,20,21,37,13,2,0,4,-6,5,7,6,-2,3,sil
15.01920747756958,-5,-1,-2,16,7,7,-5,-2,-12,2,-4,-3,-6,2,sil
15.03447699546814,-7,-16,-8,0,3,7,-4,0,-8,-4,-17,-15,-10,-4,sil
15.03447699546814,0,-14,-2,2,-1,11,9,5,1,5,-6,-7,0,0,sil
15.050406455993652,-7,-17,-12,-6,-10,9,17,1,0,17,-6,-10,0,1,thankyou
15.050406455993652,-15,-21,-15,-28,-10,5,12,0,0,11,-19,-24,-12,-5,thankyou
15.066036462783812,-11,-19,-19,-30,-6,1,9,0,12,8,-13,-18,-7,-1,thankyou
15.066036462783812,-15,-20,-9,-25,-13,-6,6,0,14,8,-10,-6,-1,0,thankyou
15.081064701080322,-15,-20,-6,-17,-18,-10,1,-5,3,-1,-21,-12,-14,-6,thankyou
15.081064701080322,0,-8,-9,-6,-13,-6,-7,-11,2,-11,-14,-11,-15,-6,thankyou
15.096294403076172,0,3,0,-7,-7,-5,-11,-9,8,-7,2,2,0,0,thankyou
15.096294403076172,-6,0,-3,-10,0,-2,0,-4,16,10,6,4,9,6,thankyou
15.112322568893433,1,-3,-1,-8,1,0,-1,0,8,6,5,11,8,9,thankyou
15.112322568893433,3,7,-1,-6,-2,-8,-18,4,-8,-13,14,25,7,2,thankyou
15.128032445907593,0,11,-6,-2,0,-14,-14,5,-11,-5,14,15,14,-4,thankyou
15.128032445907593,4,4,12,-4,7,-8,-3,2,-7,5,3,2,11,0,thankyou
15.143057107925417,8,3,6,-4,2,-7,-9,0,-10,-13,8,2,0,-4,thankyou
15.143057107925417,8,11,3,2,0,-6,-10,0,-10,-21,14,6,2,-9,thankyou
15.159167051315308,12,16,14,14,10,2,1,0,-1,1,12,11,8,0,thankyou
15.159167051315308,14,15,10,23,16,3,4,0,0,6,18,12,2,8,thankyou
15.174386978149414,16,17,19,26,15,0,1,3,1,-2,24,12,2,6,thankyou
15.174386978149414,9,12,10,26,14,2,3,5,7,5,8,1,3,0,thankyou
15.191267013549805,0,1,-2,20,7,7,3,1,0,10,-5,-8,-6,0,thankyou
15.191267013549805,-3,0,-4,19,0,12,4,0,-6,6,-1,-3,-6,3,thankyou
15.20599627494812,-10,-3,-15,10,-1,13,11,0,4,10,-10,-12,1,2,thankyou
15.20599627494812,-25,-20,-13,-11,-6,11,11,3,11,7,-34,-32,-8,-8,thankyou
15.221092700958252,-25,-25,-15,-16,-13,9,6,-1,0,-1,-30,-31,-15,-12,thankyou
15.221092700958252,-7,-14,-11,-4,-10,8,14,-4,-9,-2,-18,-16,-9,-2,thankyou
15.236165761947632,2,-8,0,-5,-4,5,22,0,1,4,-19,-7,-1,6,thankyou
15.251352548599243,7,-7,-2,-13,-1,0,11,1,16,11,-7,3,8,13,thankyou
15.251352548599243,18,5,10,-12,-2,-2,-2,1,12,2,15,30,17,16,thankyou
15.267315149307253,21,12,14,-7,-6,-5,-3,6,9,-2,23,37,19,11,thankyou
15.267315149307253,3,0,2,-14,-13,-23,-18,-3,0,-12,12,17,5,-3,thankyou
15.283411264419556,-9,-5,-5,-28,-13,-33,-37,-14,-20,-30,2,6,-12,-13,thankyou
15.283411264419556,1,6,-2,-18,0,-19,-23,-3,-20,-21,10,9,-6,-6,thankyou
15.283411264419556,12,20,17,4,10,0,-7,5,-4,0,16,9,5,0,thankyou
15.299972772598268,1,10,3,9,7,2,-14,-3,-11,-7,7,-8,-4,-7,thankyou
15.315212965011597,-11,-7,-12,-2,0,-4,-20,-8,-30,-22,-2,-22,-23,-19,thankyou
15.315212965011597,-11,-3,5,1,5,2,-5,0,-19,-6,-10,-14,-21,-15,thankyou
15.331271648406982,-15,0,-9,12,15,18,12,0,4,7,-21,-18,-14,-6,thankyou
15.331271648406982,-16,-8,-10,5,10,21,15,0,1,0,-25,-29,-20,-6,thankyou
15.331271648406982,-8,-2,6,10,0,15,15,3,0,6,-7,-15,-10,-3,thankyou
15.34613299369812,2,7,3,23,0,8,19,1,19,25,8,6,11,11,thankyou
15.364249229431152,9,5,3,12,0,7,18,3,30,34,11,13,25,21,thankyou
15.364249229431152,5,-5,0,5,-5,5,10,6,28,32,11,4,29,13,thankyou
15.36457896232605,2,-8,-1,9,-8,-2,2,3,12,11,0,0,12,7,thankyou
15.377366304397585,10,0,1,4,0,-8,0,-2,-5,-8,-2,4,-1,9,thankyou
15.393465042114258,15,3,1,0,4,-7,3,1,0,-1,11,12,11,8,thankyou
15.393465042114258,3,0,2,-3,0,-7,0,3,5,2,11,14,18,0,thankyou
15.409007787704468,-9,-9,-13,-10,0,-8,-3,-3,0,-1,-6,5,3,0,thankyou
15.409007787704468,-3,-6,-6,-14,-1,-4,-2,0,1,0,-9,1,0,5,thankyou
15.426170349121094,3,-1,-1,-16,-9,-2,0,8,10,-2,-2,5,5,2,thankyou
15.426170349121094,-3,-8,-11,-30,-12,-11,-3,2,2,-14,-7,1,4,-3,thankyou
15.43928599357605,-6,-9,4,-31,-7,-10,-6,-1,-1,-12,-6,0,-1,-2,thankyou
15.43928599357605,1,4,8,-6,0,-1,0,-2,4,-3,7,1,-6,-2,thankyou
15.454787015914915,9,12,4,6,5,0,-2,-3,-5,-12,10,4,-13,-11,thankyou
15.454787015914915,14,18,12,12,9,-3,-5,-1,-19,-16,12,10,-12,-11,thankyou
15.4701509475708,14,23,9,26,8,0,0,-1,-9,-5,21,11,-1,0,thankyou
15.4701509475708,1,15,8,21,4,6,0,-1,-8,-3,11,1,-4,0,thankyou
15.48530888557434,-13,3,0,12,5,5,-8,-6,-22,-9,-5,-16,-16,-8,thankyou
15.48530888557434,-11,5,5,22,10,10,-2,-9,-17,-1,-8,-17,-17,-5,thankyou
15.500452280044556,-4,5,6,26,4,21,5,0,-5,13,-4,-3,-1,1,thankyou
15.500452280044556,-8,-8,-12,6,-4,12,3,1,-7,14,-12,-6,6,0,thankyou
15.516006708145142,-13,-22,-14,-16,-9,0,2,0,-4,4,-25,-20,0,2,thankyou
15.516006708145142,-12,-26,-16,-19,-7,8,8,3,16,10,-17,-22,1,0,thankyou
15.532062530517578,-2,-11,-6,-3,-5,4,4,7,23,13,-1,-6,9,-2,thankyou
15.532062530517578,11,5,11,2,-4,-7,-4,1,12,1,0,10,9,5,thankyou
15.54725432395935,14,0,-1,-10,-1,-7,-11,-2,9,-5,5,8,7,4,thankyou
15.54725432395935,5,-4,0,-23,-3,-14,-22,0,0,-18,13,6,3,-9,thankyou
15.56328821182251,-1,8,0,-17,-2,-23,-21,-3,-15,-23,13,8,0,-13,sil
15.56328821182251,-3,12,0,-2,4,-2,-6,-3,-22,-5,3,6,-4,-8,sil
15.579411745071411,-4,0,9,4,7,15,3,5,-15,5,-10,3,-9,-1,sil
15.579411745071411,-5,-12,-3,5,0,5,13,6,7,6,-15,-1,-5,9,sil
15.59500241279602,0,-8,-2,5,0,7,26,3,31,22,-3,0,8,17,sil
15.59500241279602,7,0,-1,6,6,11,29,4,34,30,5,0,14,18,sil
15.61109733581543,11,-6,-6,-10,0,-10,9,1,23,11,7,1,5,17,sil
15.61109733581543,12,-8,2,-24,-8,-19,-4,-3,11,-1,15,11,0,7,sil
15.626671314239502,6,5,0,-11,-6,-8,-4,-5,-3,-8,14,8,0,-8,sil
15.626671314239502,-1,13,5,1,-1,-7,-9,0,-23,-23,0,0,-9,-10,sil
15.642326354980469,-6,12,4,11,7,-6,-7,0,-27,-19,-3,0,-14,-4,sil
15.642326354980469,-7,4,-8,19,10,7,8,-5,-18,-2,-6,-10,-7,-6,sil
15.65771222114563,-14,-8,-3,6,-3,17,13,0,-7,0,-13,-20,-2,-5,sil
15.65771222114563,-17,-12,-4,-6,-8,6,4,0,10,3,-11,-14,0,3,sil
15.673268795013428,-4,0,3,0,-1,-7,-2,-1,22,11,-6,1,8,4,sil
15.673268795013428,11,11,7,7,1,-7,-10,-1,11,10,5,15,15,0,sil
15.688691139221191,14,11,0,5,3,-3,-19,1,-10,-5,21,20,4,-3,sil
15.688691139221191,7,12,13,8,5,-1,-13,6,-21,-19,16,17,-8,-5,sil
15.704578161239624,0,13,11,28,8,8,6,4,-4,0,5,1,2,2,sil
15.704578161239624,0,1,0,30,10,17,15,0,3,20,0,-10,4,6,sil
15.720211744308472,-8,-14,-13,2,0,12,13,-1,1,13,-13,-15,-11,-4,sil
15.720211744308472,-18,-13,-21,-18,-10,7,9,0,3,4,-19,-17,-9,-5,sil
15.735338926315308,-7,0,-1,-16,-6,1,-1,-3,1,1,-9,-6,5,7,sil
15.735338926315308,9,-5,-1,-15,-4,-15,-15,-7,-7,-10,-6,0,3,4,sil
15.751420021057127,12,-10,0,-21,-10,-20,-20,-1,-8,-23,-8,4,0,-5,sil
15.751420021057127,24,12,18,-2,-1,-4,-13,3,3,-9,19,26,12,6,sil
15.767326354980469,39,25,14,15,6,0,-7,0,7,10,45,38,22,19,sil
15.767326354980469,20,9,6,2,0,-6,-13,0,-2,0,20,17,10,4,sil
15.782414197921751,-7,0,-3,-5,-1,-1,-11,4,-7,-11,-7,-8,-3,-14,sil
15.782414197921751,-15,-2,-3,2,3,8,1,2,-4,-1,-6,-19,-10,-17,sil
15.797901630401611,-23,-11,-5,6,4,12,9,-1,0,2,-8,-21,-13,-14,sil
15.797901630401611,-27,-18,-18,-3,2,12,13,0,1,1,-17,-21,-12,-9,sil
15.814088582992554,-16,-14,-6,-13,0,17,20,4,0,6,-21,-17,-14,0,sil
15.814513683319092,-14,-17,-8,-8,0,18,25,3,5,9,-21,-21,-16,0,sil
15.829196214675903,-19,-21,-14,-8,0,2,22,1,23,5,-23,-27,-16,-4,sil
15.829196214675903,-6,-11,0,-15,-7,-11,12,1,21,0,-16,-13,-14,0,sil
15.845154285430908,9,2,3,-5,-5,-11,0,-4,10,-4,5,10,0,12,sil
15.860710144042969,13,10,10,0,1,-12,-9,-4,8,-3,18,27,18,18,sil
15.860710144042969,7,10,0,-6,0,-17,-11,0,7,5,14,19,20,12,sil
15.860710144042969,4,9,-11,-12,-6,-22,-17,-1,-14,-1,10,10,9,1,sil
15.875980615615845,8,16,12,0,-2,-17,-27,-3,-28,-14,18,20,9,-1,sil
15.892009258270264,11,20,18,14,8,-5,-15,0,-14,-1,25,21,17,0,sil
15.892009258270264,10,12,13,15,9,3,1,0,-8,6,15,10,7,0,sil
15.892009258270264,5,7,6,19,5,7,0,2,-8,0,8,8,-1,0,sil
15.907153129577637,1,11,7,30,8,7,-2,1,-4,2,6,10,0,-3,sil
15.907153129577637,3,5,14,28,8,7,8,-1,-8,8,0,2,-6,-3,sil
15.922327041625977,3,-7,-1,12,0,8,15,-7,-15,-1,-10,-13,-13,-1,sil
15.922327041625977,-5,-6,-7,5,-9,9,6,0,-7,-4,-13,-17,-5,0,sil
15.938387393951416,-13,-4,-11,6,-9,9,1,4,7,9,-12,-15,0,0,sil
15.938387393951416,-7,-11,-18,-3,-4,11,8,1,18,17,-18,-16,0,0,sil
15.953100204467772,1,-10,-7,-19,-1,12,15,5,26,13,-14,-7,6,5,sil
15.969681978225708,0,-11,-12,-22,-1,-1,10,2,26,14,0,0,17,11,sil
15.969681978225708,0,-16,-5,-23,-7,-18,-2,-2,9,0,-4,-1,8,7,sil
15.984392642974854,7,-7,2,-25,-11,-13,-13,-1,-1,-22,-11,1,-3,-3,sil
15.984392642974854,8,2,-3,-21,-7,0,-11,4,5,-19,5,4,-1,-8,sil
16.00109100341797,5,2,6,-17,0,0,-8,2,4,-13,18,6,0,-10,sil
16.00109100341797,0,4,5,-2,2,-8,-12,-5,-12,-25,11,2,-5,-18,sil
16.00109100341797,-4,13,4,14,0,-9,-14,-5,-29,-27,3,0,-18,-21,sil
16.01533794403076,-7,18,8,22,10,0,-4,0,-25,-13,2,0,-22,-9,sil
16.030474424362183,-4,11,0,19,24,2,-1,0,-12,-5,1,0,-8,0,sil
16.030474424362183,-3,2,4,20,16,2,-1,2,-1,6,3,2,6,6,sil
16.046454191207886,-7,0,2,20,6,12,13,4,3,24,4,0,10,12,sil
16.046454191207886,-8,-2,0,6,7,14,16,0,2,20,-4,-7,3,16,sil
16.06247067451477,-6,-5,1,0,4,5,7,0,10,21,-8,-9,2,13,sil
16.06247067451477,-5,-3,-6,2,-4,4,7,1,28,35,-2,-8,6,9,sil
16.08251166343689,-3,-4,0,-8,-12,5,4,-1,20,20,-2,-1,0,4,sil
16.08251166343689,0,-8,-4,-20,-15,0,0,-6,-1,-3,-5,3,-12,-3,sil
16.08251166343689,9,-5,-3,-12,-11,-5,0,-3,-4,-3,-7,7,-10,-3,sil
16.093608617782593,18,-1,7,-9,-8,-7,0,-1,4,-1,0,15,5,8,sil
16.109278440475464,16,-3,2,-20,-11,-16,-7,-3,1,-9,13,22,21,9,sil
16.109278440475464,10,1,6,-15,-6,-18,-11,2,-13,-14,16,20,17,0,sil
16.12742805480957,8,13,0,6,3,-10,-8,3,-12,-15,9,5,7,-3,sil
16.12742805480957,2,13,-5,13,5,-1,-4,1,-4,-16,2,-7,3,-1,sil
16.12742805480957,-9,0,-1,-1,6,8,-1,2,-4,-10,-2,-12,-3,-9,sil
16.1414475440979,-18,-7,-7,-1,7,15,7,1,-1,2,-3,-24,-13,-18,sil
16.1614670753479,-10,1,1,22,0,17,18,-2,-3,0,-9,-24,-22,-24,sil
16.1614670753479,-7,-2,-2,31,3,13,17,-4,-11,-9,-14,-13,-26,-22,sil
16.173104286193848,-10,-19,-14,5,7,2,6,-3,-4,-5,-14,-9,-15,-4,sil
16.173104286193848,-8,-18,-2,-13,-6,-6,-2,1,11,12,-14,-8,4,10,sil
16.187990427017212,-8,-14,-8,-11,-18,-10,-10,3,10,11,-18,-11,7,6,sil
16.187990427017212,-13,-16,-8,-20,-14,-7,-14,0,3,0,-13,-4,2,4,sil
16.20307421684265,0,-3,3,-18,0,-6,-5,0,10,11,6,15,20,15,sil
16.20307421684265,32,17,12,2,9,-8,-1,1,17,22,25,32,36,27,sil
16.21868062019348,35,25,16,10,5,-7,-9,3,15,10,29,37,30,27,sil
16.21868062019348,8,19,3,5,2,-6,-8,2,8,5,32,31,23,9,sil
16.234092235565186,11,23,16,14,12,-3,4,4,0,6,31,22,11,-4,sil
16.234092235565186,33,29,26,26,18,0,5,0,-11,-6,21,19,0,-1,sil
16.250061988830566,17,20,8,22,9,-7,-11,-8,-28,-28,10,12,-13,-3,sil
16.250061988830566,-10,5,-2,5,3,1,-17,-2,-39,-33,-3,-3,-29,-19,sil
16.26554226875305,-20,-6,-14,-8,1,26,1,3,-20,-10,-20,-28,-33,-21,sil
16.26554226875305,-23,-13,-10,-11,-6,21,15,1,-3,-1,-29,-34,-28,-9,sil
16.28106188774109,-25,-14,-7,-7,-10,4,11,-1,1,-3,-21,-19,-20,-4,sil
16.28106188774109,-19,-18,-15,-10,-5,6,8,1,10,13,-10,-19,-7,-1,sil
16.29704260826111,-15,-19,-7,-15,-2,13,8,2,17,22,-13,-26,2,2,sil
16.29704260826111,-13,-11,-13,-5,1,5,12,-3,15,7,-11,-20,0,0,sil
16.31254744529724,-3,-6,-5,0,1,-1,9,-4,6,-1,-5,-9,-5,-2,sil
16.31254744529724,4,-5,11,0,-1,-1,0,-1,0,3,-1,-3,1,5,sil
16.328116416931152,9,-3,7,6,0,-3,-1,-2,-1,2,0,5,8,12,sil
16.328116416931152,3,-6,6,1,-1,-5,1,-1,-3,-4,-4,8,-1,3,sil
16.34420394897461,-7,-8,-7,-11,-10,-10,-2,-2,-7,-1,-14,-6,-5,-6,sil
16.34420394897461,-1,0,-10,-7,-10,-7,-4,-5,-2,4,-11,-2,12,5,sil
16.359342098236084,15,8,8,6,0,0,1,0,17,7,12,21,28,23,sil
16.359342098236084,17,4,10,7,4,-5,-1,5,30,11,26,24,29,17,sil
16.375487804412842,9,0,8,-4,-2,-14,-13,4,23,10,12,15,22,5,sil
16.375487804412842,10,3,-3,-7,-8,-11,-11,-5,7,-5,3,12,8,-1,sil
16.391006469726562,11,13,-1,-1,-5,-1,-9,-3,-12,-23,2,12,-10,-15,sil
16.391006469726562,2,9,5,-1,2,5,-13,5,-24,-24,-4,4,-21,-25,sil
16.406269788742065,-3,0,-3,-5,6,3,-4,1,-10,-9,-1,-2,-10,-18,sil
16.406269788742065,1,0,7,-5,0,0,7,0,1,2,14,6,4,-4,sil
16.42232060432434,4,4,6,0,0,1,6,4,6,11,23,15,12,2,sil
16.42232060432434,-2,6,-6,5,5,-1,0,3,3,9,13,1,1,0,sil
16.437995195388794,-7,6,-4,1,9,-3,0,-1,-3,0,2,-11,-8,-4,sil
16.437995195388794,-9,-6,-9,0,6,0,3,-2,-9,0,0,-13,-2,0,sil
16.453078031539917,-7,-4,2,5,0,0,3,-1,-14,0,-3,-4,-1,3,sil
16.453078031539917,-2,13,8,14,0,-5,0,-3,-22,-8,-4,-4,-10,-1,sil
16.467976331710815,-2,13,-2,10,0,0,-7,-5,-27,-19,-10,-15,-17,-8,sil
16.467976331710815,-7,0,-5,-4,0,8,-7,2,-17,-22,-27,-18,-20,-10,sil
16.48350954055786,-3,0,-6,-4,5,9,5,9,1,-10,-25,-10,-13,-2,sil
16.48350954055786,-2,0,4,7,6,9,4,6,11,5,-1,0,-2,6,sil
16.499256134033203,-14,-7,0,8,0,7,-3,0,3,12,4,-7,-3,1,sil
16.499256134033203,-8,-10,-3,3,1,1,3,1,2,14,-2,-8,0,2,sil
16.51476216316223,16,0,16,18,8,12,19,4,21,26,11,15,18,27,sil
16.51476216316223,17,2,3,27,1,16,19,0,33,35,20,21,29,38,sil
16.530027866363525,0,-12,-7,0,-15,-4,0,-2,22,21,-1,0,14,17,sil
16.530027866363525,-5,-16,-1,-18,-17,-11,-10,-2,10,6,-8,-8,0,-1,sil
16.545264720916748,1,-4,-1,-2,-5,2,6,-2,6,4,-2,-1,0,-5,sil
16.561284065246582,4,-1,3,0,-4,4,11,-1,2,1,-8,3,7,-6,sil
16.561284065246582,4,-7,-7,-13,-7,-7,-5,-4,3,-2,3,7,11,0,sil
16.561284065246582,9,-3,-3,-12,-2,-8,-8,0,2,-4,20,12,9,5,sil
16.578038454055786,2,1,2,-16,1,1,6,1,4,-4,7,3,7,-1,sil
16.578038454055786,-10,-2,-10,-27,0,0,3,-3,6,-5,-6,-8,0,-14,sil
16.59312081336975,-5,0,-1,-18,0,-8,-11,-4,-5,-11,-2,1,-5,-17,sil
16.59312081336975,2,2,1,-5,2,-8,-9,0,-24,-19,0,8,-3,-14,sil
16.609774112701416,-2,3,3,-16,0,-9,-4,2,-29,-28,-6,3,-7,-9,sil
16.609774112701416,0,9,6,-11,0,-13,-9,-1,-24,-30,-1,8,-13,-7,sil
16.62330460548401,8,14,3,7,-3,-11,-17,-7,-19,-24,2,4,-14,-14,sil
16.62330460548401,9,13,14,5,-3,-7,-17,0,-16,-17,-4,-4,-14,-13,sil
16.639305114746094,8,11,6,5,3,-7,-10,5,-11,-10,-2,0,-5,0,sil
16.640304565429688,10,10,3,21,13,1,-3,1,-6,0,11,8,0,10,sil
16.65640163421631,0,3,4,29,17,14,6,2,5,11,9,-8,-8,6,sil
16.65640163421631,-17,-9,-13,14,9,13,14,3,10,17,-13,-32,-19,0,sil
16.670740127563477,-17,-15,-8,4,-6,7,9,4,2,12,-19,-25,-11,0,sil
16.670740127563477,-4,-6,-4,18,-4,15,11,2,16,22,0,-1,5,14,sil
16.686643838882446,0,1,-6,22,3,18,19,2,35,36,7,10,13,29,sil
16.70226001739502,-2,0,-2,1,-3,4,9,0,22,29,-1,4,12,15,sil
16.70226001739502,-4,-5,-6,-8,-8,-7,0,-3,5,15,-4,-7,12,-7,sil
16.70226001739502,0,-9,4,-8,-3,-4,3,1,7,6,-1,4,8,-4,sil
16.71631121635437,7,-10,0,-17,-7,-7,8,1,17,5,0,19,16,9,sil
16.734737634658813,4,-3,-7,-20,-12,-15,0,-2,10,0,3,9,23,4,sil
16.734737634658813,-4,10,4,-7,-1,-8,-6,-2,-5,-12,10,3,8,-8,sil
16.734737634658813,-5,12,0,5,10,0,-7,-3,-13,-22,13,7,-7,-10,sil
16.748289346694946,2,8,7,6,6,0,-12,0,-10,-20,11,7,-5,-6,sil
16.76417112350464,3,8,13,13,6,10,-4,4,0,-3,14,-1,0,-3,sil
16.76417112350464,-6,2,3,14,12,19,6,0,-3,4,1,-11,-9,-5,sil
16.779396057128906,-14,-7,-1,4,7,20,4,-8,-20,-6,-20,-17,-23,-9,sil
16.779396057128906,-6,-8,-14,2,0,22,2,-4,-19,-7,-18,-20,-17,-5,sil
16.79552435874939,0,-3,-4,-2,-2,25,7,2,-3,2,-17,-14,-6,0,sil
16.79552435874939,0,-7,1,-18,-3,5,6,2,4,4,-23,-6,0,0,sil
16.811266899108887,0,-17,-8,-25,-10,-27,0,0,8,3,-11,0,11,3,sil
16.811266899108887,6,-16,-9,-23,-19,-36,-8,-1,2,-3,0,3,20,6,sil
16.826262712478638,5,-5,-10,-20,-18,-29,-20,-5,-5,-12,3,3,17,0,sil
16.826262712478638,12,9,6,-12,-7,-28,-25,0,0,-5,24,20,20,4,sil
17.2920024394989,4,-1,-1,-3,-8,-9,-10,2,21,14,13,11,17,11,sil
17.2920024394989,16,7,17,6,7,0,-4,2,18,5,22,19,14,9,sil
17.308574676513672,27,10,9,1,12,-1,-5,-2,10,-1,20,26,11,5,sil
17.308574676513672,26,11,13,-8,4,-13,-13,0,-8,-16,8,23,1,0,sil
17.323362350463867,22,13,12,3,4,-6,-4,0,-7,-18,11,13,3,4,sil
17.323362350463867,23,16,11,13,8,1,3,0,9,-7,21,13,13,12,sil
17.339198112487793,18,19,21,6,7,-2,1,0,10,-1,25,21,18,12,sil
17.339198112487793,5,15,6,10,6,0,9,1,2,-1,22,7,13,7,sil
17.354376316070557,0,8,3,18,2,10,18,1,0,-1,2,-6,-4,0,sil
17.354376316070557,-3,2,0,9,-1,4,7,0,-7,-3,-9,-10,-13,-6,sil
17.370046138763428,-14,2,-5,1,0,0,-4,-3,-16,-4,-3,-13,-4,-8,sil
17.370046138763428,-20,2,4,7,1,14,-1,0,-11,2,-7,-17,-6,-7,sil
17.38546323776245,-22,-9,-7,6,1,17,4,1,-13,4,-30,-22,-17,-14,sil
17.38546323776245,-19,-14,-17,0,3,3,7,-3,-31,-9,-43,-25,-24,-22,sil
17.40097141265869,-13,-5,-15,-1,5,1,9,-1,-23,-12,-35,-24,-23,-17,sil
17.40097141265869,-9,-12,-12,-7,0,3,9,1,7,7,-21,-18,-7,0,sil
17.416522979736328,-9,-28,-6,-23,-11,-3,4,3,17,16,-14,-8,6,6,sil
17.416522979736328,-16,-32,-19,-35,-18,-11,-6,-1,11,4,-14,-9,3,-2,sil
17.43204426765442,-15,-21,-18,-34,-15,-16,-17,-1,3,-6,-14,-8,0,-5,sil
17.43204426765442,0,-1,-5,-22,-3,-14,-14,-1,0,-5,4,10,12,6,sil
17.447202444076538,12,6,4,-8,0,-13,-12,-3,2,0,28,24,15,8,sil
17.447202444076538,15,8,18,-2,-5,-13,-22,-4,-2,-3,30,20,0,-3,sil
17.463392734527588,8,14,9,3,-3,-5,-22,-2,-16,-7,21,13,-9,-9,sil
17.463392734527588,5,20,14,11,5,3,-10,-1,-27,-11,10,8,-17,-9,sil
17.478782892227173,9,16,14,26,8,10,4,-1,-22,-10,3,4,-12,-4,sil
17.478782892227173,6,4,-2,30,4,17,16,3,-4,0,2,0,-1,6,sil
17.49394702911377,-5,-5,3,12,0,18,17,8,13,15,-1,0,-1,11,sil
17.49394702911377,-8,-11,0,2,0,8,15,3,27,26,0,-7,1,11,sil
17.509999752044678,4,-2,1,2,-3,-2,10,3,34,18,5,1,19,15,sil
17.509999752044678,11,9,12,3,0,-4,0,2,28,2,15,20,28,18,sil
17.525529623031616,7,8,3,1,3,-6,-6,-7,10,-7,18,21,19,11,sil
17.525529623031616,5,4,4,-3,0,-9,-10,-1,0,-14,10,11,6,-2,sil
17.54124689102173,6,9,2,0,0,-7,-7,7,3,-16,8,2,0,-13,sil
17.54124689102173,2,9,1,10,5,3,3,1,3,-15,0,-4,-8,-9,sil
17.556403875350952,-7,0,-7,8,9,15,7,-1,-7,-16,-25,-13,-22,-5,sil
17.556403875350952,-11,0,-20,9,14,16,12,2,-7,-10,-33,-20,-21,-8,sil
17.571961641311646,-2,1,-1,19,15,19,25,5,1,3,-17,-16,-7,-2,sil
17.571961641311646,-7,-11,-6,3,3,12,22,0,10,16,-11,-15,1,7,sil
17.588012218475342,-10,-23,-20,-27,-10,-8,1,0,14,17,-15,-9,9,8,sil
17.588012218475342,5,-15,0,-23,-10,-16,-2,3,14,14,0,12,20,11,sil
17.60432720184326,17,0,5,-3,-3,-9,-1,1,8,18,20,19,25,15,sil
17.60432720184326,12,10,8,-12,-5,-12,-9,-3,-7,18,25,11,11,7,sil
17.619380474090576,7,6,8,-17,-7,-18,-17,-7,-22,8,17,6,-5,-9,sil
17.619380474090576,8,2,6,0,-6,-12,-25,-11,-38,-2,5,-3,-16,-19,sil
17.635119676589966,6,7,11,9,-4,-1,-19,-7,-46,1,-5,-10,-21,-12,sil
17.635119676589966,-4,0,-4,4,0,4,4,-4,-35,9,-16,-13,-20,-8,sil
17.650741577148438,-19,-15,-12,-4,5,10,8,-5,-20,1,-25,-22,-18,-12,sil
17.650741577148438,-20,-13,-13,0,0,12,3,0,-2,-3,-19,-25,-8,-4,sil
17.66594409942627,-9,-5,-4,0,-9,8,8,4,18,-5,-9,-8,6,8,sil
17.66594409942627,-6,-7,11,-12,-9,0,1,6,26,-18,-2,12,15,9,sil
17.681970357894897,-2,-4,6,-18,0,-9,-8,3,25,-23,16,24,21,3,sil
17.681970357894897,13,11,11,-8,3,-6,-8,5,15,-21,27,26,15,-2,sil
17.69757342338562,8,18,9,0,1,-1,-12,7,-1,-28,15,14,-3,-8,sil
17.69757342338562,-8,15,0,12,8,-5,-17,3,-6,-21,11,6,-11,-8,sil
17.713191986083984,-2,17,15,28,16,-1,-10,-1,0,-6,16,12,-3,-4,sil
17.713191986083984,0,5,3,25,7,3,-1,-5,0,-3,3,2,-2,0,sil
17.7291202545166,-16,-13,-11,10,-2,2,5,0,-5,0,-15,-14,-9,-2,sil
17.7291202545166,-16,-7,-12,13,4,11,20,4,0,20,-16,-18,-3,-4,sil
17.74551486968994,0,0,-14,17,7,21,32,6,22,33,-4,-13,9,8,sil
17.74551486968994,3,-9,-3,0,-6,4,29,3,32,32,-2,-2,14,22,sil
17.7595272064209,0,-14,-8,-10,-9,-10,17,-4,22,25,-7,0,7,15,sil
17.7595272064209,5,-9,-7,-11,-3,-3,2,-1,7,11,-15,-9,-3,6,sil
17.774909734725952,11,-7,0,-12,-7,1,-2,1,8,10,-3,0,3,13,sil
17.774909734725952,17,0,-1,-11,-8,-4,-2,-7,8,8,22,22,17,15,sil
17.79026198387146,21,10,15,-9,-7,-12,-16,-7,-6,-17,20,22,2,5,sil
17.79026198387146,16,2,8,-12,-5,-19,-21,0,-13,-32,7,5,-10,-5,sil
17.80628752708435,10,0,1,-22,0,-12,-6,1,-11,-18,13,10,-1,-11,sil
17.822367668151855,2,7,4,-13,6,1,-3,-2,-22,-16,9,15,0,-16,sil
17.822367668151855,-8,2,-4,7,10,-1,-16,-5,-37,-22,-13,-8,-18,-24,sil
17.822367668151855,-11,1,0,16,10,0,-8,-1,-31,-8,-16,-19,-20,-18,sil
17.837443590164185,-9,12,2,15,9,19,11,4,-7,10,0,-11,0,1,sil
17.837443590164185,-7,6,-1,12,7,27,13,4,3,19,-4,-12,7,9,sil
17.854022979736328,-6,-5,0,8,3,16,7,1,1,22,-15,-15,0,0,sil
17.854022979736328,-5,-5,0,5,0,7,6,-4,1,13,-17,-14,-6,-1,sil
17.869566202163696,-2,-4,4,-2,-11,3,1,-5,0,-5,-19,-15,-9,-4,sil
17.885987043380737,0,-8,-7,-7,-14,-4,-6,-3,5,-8,-11,-12,0,-9,sil
17.885987043380737,0,0,0,-2,-6,-18,-12,0,6,-9,5,7,9,-3,sil
17.885987043380737,0,8,15,3,2,-12,-13,1,1,-10,14,22,6,3,sil
17.90000867843628,-3,3,-2,12,11,4,-1,1,5,9,11,6,6,5,sil
17.90000867843628,-7,-4,-4,11,8,4,9,3,19,21,0,-8,5,10,sil
17.91710329055786,-8,-10,-12,-6,-3,-9,8,4,23,8,-3,-3,2,13,sil
17.93212914466858,0,-8,-18,-25,-9,-16,0,8,3,-9,3,7,5,6,sil
17.93212914466858,5,7,8,-16,-2,-7,-4,4,-16,-17,13,19,5,-5,sil
17.94626760482788,0,12,5,5,1,3,-1,-7,-15,-12,10,9,-7,-16,sil
17.94626760482788,-5,3,0,9,4,10,12,-1,-4,0,0,0,-14,-7,sil
17.962371349334717,6,0,0,6,7,13,26,8,12,13,1,1,0,13,sil
17.96337103843689,15,0,-2,0,-1,3,10,0,22,19,7,8,16,18,sil
17.96337103843689,11,-3,8,-10,-10,-9,-17,-2,12,8,5,17,17,6,sil
17.978521585464478,5,-5,4,-12,-7,-15,-24,1,0,-5,6,12,5,-2,sil
17.993455171585083,3,0,8,-7,-7,-9,-16,2,-3,-8,11,0,-4,0,sil
17.993455171585083,2,6,9,5,0,5,-4,-3,0,2,10,0,1,8,sil
18.01053023338318,-5,0,-9,13,10,13,4,-8,-1,5,-6,-5,0,4,sil
18.01053023338318,-17,-9,-10,6,0,6,5,-4,-11,-1,-21,-23,-15,-7,sil
18.01053023338318,-7,-3,-1,9,1,5,15,0,3,10,-5,-20,-5,-3,sil
18.026476621627808,14,2,7,9,10,5,20,0,21,17,9,3,10,8,sil
18.04250860214233,12,-2,-5,-14,0,-4,-1,-6,-4,-1,0,13,4,2,sil
18.04250860214233,0,-3,-12,-17,-5,-14,-20,-3,-32,-23,-5,7,-2,-11,sil
18.04250860214233,4,13,12,4,5,-10,-19,1,-20,-26,4,4,-5,-15,sil
18.05753254890442,9,20,6,8,4,-6,-14,-2,-9,-17,5,1,-12,-14,sil
18.05753254890442,0,9,-4,-3,-1,1,-11,0,-21,-15,-12,-3,-16,-16,sil
18.07241678237915,-10,0,0,4,2,12,3,9,-15,-12,-23,-10,-14,-11,sil
18.09442639350891,-17,-5,-10,13,3,5,16,7,0,-4,-20,-21,-12,-1,sil
18.09442639350891,-23,-16,-8,-2,-5,0,11,0,1,-2,-23,-24,-9,0,sil
18.09442639350891,-26,-19,-13,-13,-8,6,13,0,1,3,-22,-21,-2,0,sil
18.10342574119568,-10,-8,-2,1,0,14,21,2,17,21,-3,-9,8,5,sil
18.1185884475708,6,1,17,19,1,7,11,0,20,20,4,2,11,5,sil
18.1185884475708,7,-1,7,12,-3,-4,-3,-4,5,0,0,1,0,4,sil
18.133971691131592,5,-2,-2,-4,-3,0,0,1,3,1,2,3,-3,13,sil
18.133971691131592,13,1,-7,-6,5,7,8,4,18,16,11,9,14,19,sil
18.150027990341187,20,2,0,-4,3,-2,0,1,25,18,16,13,22,16,sil
18.150027990341187,9,0,6,-6,-8,-11,-12,2,23,17,29,15,16,12,sil
18.165570974349976,0,0,0,-6,-7,-11,-11,0,17,20,34,13,16,8,sil
18.165570974349976,5,5,8,-13,2,-11,-11,-1,0,5,24,20,14,3,sil
18.18148231506348,5,7,-1,-18,3,-9,-11,1,-5,-6,21,18,6,-4,sil
18.18148231506348,-5,2,-5,-12,-8,-10,-14,2,-11,-15,9,1,-4,-21,sil
18.19701862335205,-1,5,14,-7,-8,-11,-21,-8,-31,-30,-7,-3,-18,-31,sil
18.19701862335205,6,13,11,0,3,-3,-13,-14,-38,-33,-5,4,-19,-16,sil
18.213210821151733,4,11,9,12,6,9,3,-2,-27,-16,-3,7,-13,5,sil
18.213210821151733,-5,0,0,19,3,14,16,1,-12,-5,-21,-5,-12,3,sil
18.22865438461304,-11,-6,-8,15,8,14,15,-1,-3,-2,-24,-15,-10,-5,sil
18.22865438461304,-2,-2,6,17,13,14,15,3,5,15,-3,-1,8,11,sil
18.244152545928955,4,-5,0,16,6,9,15,4,9,25,-5,0,18,21,sil
18.244152545928955,-6,-13,-7,2,-4,4,9,0,1,6,-24,-15,1,6,sil
18.25915670394897,-18,-13,-20,-3,-3,2,9,0,5,4,-12,-16,0,0,sil
18.25915670394897,-10,-9,-23,-2,0,5,14,2,27,20,2,-12,12,-1,sil
18.275277137756348,-3,-9,-2,-4,-3,5,7,-1,30,14,-6,-13,5,-10,sil
18.275277137756348,-5,-11,-7,-5,-6,-8,-2,-3,7,-2,-9,-4,-8,-9,sil
18.290387392044067,5,-3,-5,-14,-4,-14,-6,0,0,-12,1,15,-3,4,sil
18.290387392044067,20,7,4,-18,0,-8,-7,0,7,-14,15,21,6,11,sil
18.305997371673584,17,11,2,-5,1,-14,-13,-1,-1,-13,19,11,2,1,sil
18.305997371673584,8,17,7,0,-3,-16,-20,6,-21,-16,9,6,-6,-11,sil
18.32158660888672,7,22,7,-5,0,-6,-21,3,-15,-10,6,4,-3,-9,sil
18.32158660888672,7,11,17,-5,1,-8,-16,0,-5,-2,12,5,-1,0,sil
18.33746099472046,2,2,13,2,-2,-13,-11,3,-8,0,2,0,-6,-2,sil
18.33746099472046,-4,4,-3,10,-2,0,-4,4,-2,3,-2,-10,-7,-7,sil
18.35358095169068,-9,1,4,5,2,12,1,0,1,7,4,-9,-1,-4,sil
18.35358095169068,-13,-5,0,2,1,9,6,-3,-12,0,-1,-14,-5,-9,sil
18.368810892105103,-5,0,3,13,0,9,5,-4,-23,-4,-14,-15,-15,-5,sil
18.368810892105103,9,9,15,35,7,20,14,-2,-5,5,1,2,-3,15,sil
18.38405680656433,10,5,2,33,11,18,20,-5,9,11,8,12,10,18,sil
18.38405680656433,-8,-9,-7,-3,1,4,8,-4,2,2,-10,-5,0,3,sil
18.39964509010315,-20,-21,-23,-26,-6,2,6,0,0,3,-15,-18,-3,2,sil
18.39964509010315,-13,-16,-20,-13,-2,7,13,0,12,8,-4,-7,2,9,sil
18.41558694839477,-10,-6,-1,-2,0,6,12,3,22,6,-5,-6,2,0,sil
18.41558694839477,-11,-11,-6,-9,-2,0,7,2,21,8,-6,-14,5,-8,sil
18.43113732337952,1,-8,-1,-9,-2,1,12,3,15,9,0,5,8,0,sil
18.43113732337952,15,6,0,2,2,6,13,1,17,5,3,24,9,11,sil
18.44627165794373,12,3,1,3,0,-5,0,1,11,-2,0,17,11,9,sil
18.44627165794373,3,-6,3,-10,-9,-18,-17,-1,-6,-12,-2,18,9,0,sil
18.46163892745972,2,-3,-3,-17,-10,-14,-17,-1,-9,-11,1,18,9,-3,sil
18.46163892745972,3,-2,4,-17,-7,-12,-20,0,-9,-10,1,5,7,-1,sil
18.477696418762207,-1,-7,-2,-18,-8,-21,-22,-5,-11,-10,2,-1,4,-4,sil
18.477696418762207,0,1,-5,-20,-8,-21,-15,-1,-8,-4,12,8,7,-6,sil
18.49323010444641,17,15,11,-9,0,-8,-10,5,-7,0,18,15,8,-4,sil
18.49323010444641,29,23,11,19,12,3,-1,-1,-10,0,18,8,0,0,sil
18.50850915908813,23,30,20,32,21,11,6,-5,-9,0,15,0,-10,0,sil
18.50850915908813,0,25,12,24,23,7,0,0,-11,-10,3,-10,-19,-15,sil
18.52450180053711,-11,8,0,24,14,0,-15,0,-17,-21,-11,-17,-26,-21,sil
18.52450180053711,-12,0,5,25,1,6,-8,0,-5,3,-1,-11,-13,0,sil
18.5403254032135,-19,-11,-10,5,-5,7,5,1,6,27,8,-17,0,4,sil
18.5403254032135,-20,-15,-8,-1,-4,9,12,4,0,10,-7,-23,-9,-4,sil
18.554452896118164,-15,-3,-2,14,3,22,19,5,5,6,-22,-17,-12,0,sil
18.554452896118164,-20,-10,-20,-2,-2,17,17,0,15,17,-22,-17,-4,6,sil
18.569649696350098,-20,-28,-22,-37,-22,0,11,1,8,8,-24,-18,-7,4,sil
18.569649696350098,-5,-21,-13,-24,-20,-1,14,2,7,-1,-19,-6,-4,8,sil
18.58539366722107,8,-3,6,-1,-1,1,9,2,12,0,-5,12,8,9,thankyou
18.586392641067505,20,5,12,0,7,-5,0,-3,12,2,10,25,21,16,thankyou
18.60307502746582,26,8,4,1,2,-12,-2,-3,9,0,23,27,24,23,thankyou
18.60307502746582,17,2,6,-8,-5,-10,-5,1,3,-11,17,21,16,7,thankyou
18.618062496185303,3,-3,-1,-21,-4,-8,-13,-1,0,-15,2,6,8,-8,thankyou
18.618062496185303,3,8,6,-6,0,-12,-15,-4,-4,-7,7,5,5,-5,thankyou
18.63198947906494,4,18,12,8,2,-6,-3,2,-4,0,12,11,2,-1,thankyou
18.647100687026978,4,11,-1,1,7,5,7,5,-7,-11,-6,-1,-8,-9,thankyou
18.647100687026978,7,9,5,3,7,1,-3,-1,-32,-31,-13,-7,-23,-16,thankyou
18.66225576400757,4,10,6,25,1,-7,-17,-9,-44,-31,4,0,-19,-12,thankyou
18.66225576400757,1,11,10,34,7,4,-9,-3,-18,-10,8,1,-7,-6,thankyou
18.67760348320008,0,9,9,35,18,21,13,5,11,13,3,-4,-2,-4,thankyou
18.67760348320008,-12,-8,-8,16,4,16,22,1,20,29,1,-13,3,1,thankyou
18.69320797920227,-22,-25,-10,-12,-14,6,15,-1,19,31,-9,-16,7,3,thankyou
18.69320797920227,-20,-21,-20,-15,-5,7,13,0,14,23,-17,-17,3,0,thankyou
18.70846271514893,-20,-20,-25,-16,2,5,8,0,7,15,-16,-14,0,4,thankyou
18.70846271514893,-22,-24,-15,-33,-9,-6,-2,0,14,16,-15,-9,6,9,thankyou
18.724082708358765,-11,-15,-13,-32,-15,-13,-7,3,22,19,-6,-3,11,1,thankyou
18.724082708358765,8,0,8,-11,-4,0,-3,3,14,11,7,8,10,4,thankyou
18.73923325538636,22,11,12,3,5,4,-2,-3,7,2,21,23,15,18,thankyou
18.73923325538636,20,13,10,0,3,-9,-11,-3,2,0,25,26,15,11,thankyou
18.75450587272644,7,5,14,-10,-6,-14,-21,0,-7,-11,7,13,0,-5,thankyou
18.75450587272644,1,0,-1,-9,-2,-9,-14,-2,-12,-20,-9,-2,-11,-13,thankyou
18.770097732543945,1,0,3,-5,6,-10,-4,-2,-16,-16,0,0,-7,-10,thankyou
18.770097732543945,1,3,4,-3,-4,-12,-12,-4,-20,-15,12,6,-5,-5,thankyou
18.78504729270935,10,11,0,5,-13,-7,-20,-3,-23,-25,1,4,-10,-4,thankyou
18.78504729270935,23,24,13,19,0,0,-5,4,-11,-19,0,4,-4,0,thankyou
18.8001675605774,12,17,5,21,7,1,10,10,2,-3,8,1,-3,1,thankyou
18.8001675605774,-1,7,0,9,4,5,9,5,0,-8,4,-3,-18,-6,thankyou
18.815305471420288,-1,12,1,14,11,5,6,0,-3,-11,0,-8,-12,-8,thankyou
18.815305471420288,0,7,1,18,10,0,4,0,-8,-7,-11,-12,-7,1,thankyou
18.83134174346924,-7,-5,1,6,0,6,6,2,-12,-7,-20,-5,-14,2,thankyou
18.83134174346924,-4,-1,-9,8,0,16,17,0,3,10,2,5,4,4,thankyou
18.84703612327576,0,2,1,13,0,9,14,2,13,21,4,2,17,8,thankyou
18.84703612327576,-8,-8,4,0,-2,5,4,1,-2,0,-25,-13,-6,-1,thankyou
18.8620662689209,-11,-12,-9,-8,2,14,9,-2,2,5,-10,-6,-8,-2,thankyou
18.8620662689209,0,0,-2,11,9,18,22,4,28,37,22,11,20,12,thankyou
18.877288341522217,0,1,-5,23,12,12,19,4,21,35,10,0,16,8,thankyou
18.877288341522217,-8,-10,0,0,9,5,2,-3,-5,7,-14,-10,-3,-2,thankyou
18.893344163894653,-9,-22,-1,-28,-5,-1,-8,-10,-5,-2,-9,-6,4,-1,thankyou
18.90898323059082,-7,-19,-8,-23,-14,-6,-5,-4,15,5,1,-6,18,6,thankyou
18.90898323059082,-4,-8,-3,-9,-8,-7,-3,5,24,18,1,0,15,14,thankyou
18.90898323059082,-3,-10,-16,-16,-11,-13,-10,0,13,10,-6,-2,7,7,thankyou
18.924983263015747,-3,-14,-9,-24,-19,-19,-15,-9,-5,-13,-3,-9,2,-2,thankyou
18.939031839370728,2,-3,7,-13,-10,-5,-8,-2,-4,-11,8,4,2,2,thankyou
18.939031839370728,3,1,-6,-12,0,2,0,3,4,0,5,7,0,1,thankyou
18.9543879032135,-3,0,-7,-22,-4,-9,-7,-3,-7,-11,-3,-2,-10,-18,thankyou
18.9543879032135,0,2,0,-7,-6,-16,-19,-10,-20,-25,1,0,-18,-28,thankyou
18.970442056655884,10,14,14,7,0,-9,-27,-2,-22,-27,6,9,-16,-20,thankyou
18.970442056655884,14,19,17,6,3,-10,-15,3,-17,-16,4,8,-8,-5,thankyou
18.9859938621521,8,9,1,0,6,-7,0,1,-9,-11,1,6,-4,-2,thankyou
18.9859938621521,-1,1,4,-2,2,0,-2,3,-8,-20,-3,6,-6,-9,thankyou
19.00201988220215,0,8,2,9,0,-1,-1,6,-4,-7,4,2,2,0,thankyou
19.00201988220215,10,17,11,25,3,1,10,3,5,15,15,9,11,21,thankyou
19.01707601547241,11,17,15,25,12,17,14,1,10,13,11,13,7,20,thankyou
19.01707601547241,5,11,-3,23,15,19,14,1,10,9,3,4,3,7,thankyou
19.033087015151978,7,11,4,29,17,13,15,4,7,7,0,1,-1,3,thankyou
19.033087015151978,5,11,7,31,16,12,8,-3,-1,0,0,-1,-9,0,thankyou
19.04821801185608,0,1,-1,21,7,10,3,-7,-6,0,-5,-10,-12,-6,thankyou
19.04821801185608,-7,-11,-3,5,0,10,8,2,0,11,-16,-11,-6,0,thankyou
19.06373405456543,-11,-16,-10,0,0,12,11,3,5,17,-11,-9,5,9,thankyou
19.06373405456543,-6,-15,-2,-3,2,11,11,0,1,15,-3,-7,11,11,thankyou
19.07931971549988,-9,-18,-9,-18,-7,2,8,2,7,15,-10,-14,7,7,thankyou
19.07931971549988,-14,-25,-22,-43,-28,-11,2,5,15,12,-15,-13,2,5,thankyou
19.094536781311035,-7,-18,-10,-52,-33,-18,-7,0,7,0,-1,5,5,0,thankyou
19.094536781311035,0,-3,-4,-30,-16,-19,-21,-4,-7,-13,7,13,8,-10,thankyou
19.110222578048703,2,3,9,-15,-2,-17,-26,-1,-13,-18,6,12,1,-11,thankyou
19.110222578048703,9,6,13,-12,6,-10,-10,-4,-3,-14,13,14,-1,0,thankyou
19.12538051605225,12,14,10,8,14,-7,0,-6,-1,-10,14,5,0,3,thankyou
19.12538051605225,-1,14,10,34,14,0,-2,0,-11,-4,3,-4,-5,-9,thankyou
19.1412935256958,-14,1,-8,27,6,13,3,1,-6,8,2,-7,-10,-17,thankyou
19.1412935256958,-10,-4,-7,8,0,11,6,0,7,18,-1,-9,-7,-4,thankyou
19.156439065933228,-11,-5,-5,0,-2,0,1,3,8,16,-12,-19,0,4,thankyou
19.156439065933228,-17,-15,-21,-21,-13,-7,1,3,9,6,-16,-22,0,1,thankyou
19.171646118164062,-8,-12,-14,-25,-20,-6,4,5,23,1,-14,-6,2,3,thankyou
19.171646118164062,8,3,-7,0,-2,0,3,0,29,0,-6,7,10,6,thankyou
20.43505549430847,1,-4,1,8,1,12,20,4,29,31,-4,0,13,8,thankyou
20.43505549430847,-5,-9,-18,2,0,8,22,0,25,21,-7,-6,8,3,thankyou
20.45070481300354,-7,-9,-17,-17,-6,8,11,-1,17,1,-17,-9,5,4,thankyou
20.45070481300354,0,-13,-10,-26,-12,-1,0,2,15,-11,-13,-6,3,3,thankyou
20.4657518863678,0,-18,-2,-22,-18,-19,-12,-2,0,-21,-8,-5,-4,-3,thankyou
20.4657518863678,-1,-9,-4,-18,-13,-15,-16,-6,-11,-17,-8,-3,-7,-3,thankyou
20.481359481811523,5,0,-8,-13,-4,-3,-10,-1,0,-2,3,3,1,0,thankyou
20.481359481811523,8,-5,10,-11,-11,-7,-17,0,0,-10,12,13,3,-3,thankyou
20.496580123901367,1,-6,5,-12,-17,-21,-26,-5,-9,-23,8,12,0,-9,thankyou
20.496580123901367,0,2,-2,-9,-10,-20,-14,0,0,-13,6,9,0,-6,thankyou
20.51251626014709,0,5,10,-4,-3,-5,-1,7,9,6,14,11,4,-4,thankyou
20.51251626014709,0,6,8,1,6,3,2,3,5,15,24,11,9,-6,thankyou
20.5284206867218,3,16,7,14,19,3,9,1,-2,2,25,12,1,-6,thankyou
20.5284206867218,1,19,0,19,19,0,8,3,-7,-12,11,4,-6,-4,thankyou
20.54349017143249,-1,11,0,17,13,6,1,0,-8,-10,-4,-6,-8,0,thankyou
20.54349017143249,0,8,8,20,10,16,1,-7,-13,-7,-7,-8,-12,0,thankyou
20.55908966064453,0,6,-2,17,11,13,6,-6,-17,-6,-6,-13,-18,-2,thankyou
20.55908966064453,0,4,4,6,11,11,10,4,-15,3,-10,-11,-15,0,thankyou
20.574238777160645,1,6,3,16,8,15,10,3,-5,18,-4,-2,-1,12,thankyou
20.574238777160645,2,1,0,20,1,7,8,0,1,19,0,-4,6,13,thankyou
20.589773178100582,0,-9,8,0,0,0,14,3,11,21,-4,-7,7,12,thankyou
20.589773178100582,-5,-17,-11,-11,-5,0,16,1,18,22,-1,-6,6,12,thankyou
20.60520625114441,-6,-15,-9,-6,-8,-3,1,-2,9,9,-1,-8,5,0,thankyou
20.60520625114441,-2,-11,-5,-4,-6,-5,-7,1,3,3,-2,-10,10,-7,thankyou
20.62130784988404,-2,-12,-15,-14,-13,-13,-15,0,0,0,0,1,10,0,thankyou
20.62130784988404,-1,-7,0,-19,-15,-20,-23,-6,-8,-14,-2,15,1,-2,thankyou
20.636974096298218,1,5,5,-9,0,-11,-18,-5,-9,-20,0,14,0,-10,thankyou
20.636974096298218,2,12,2,-7,2,0,-16,1,-3,-12,7,9,1,-4,thankyou
20.652002096176147,8,9,5,-8,-3,-2,-12,4,1,-4,12,8,6,5,thankyou
20.652002096176147,23,14,11,6,3,-4,0,5,10,-2,15,13,8,11,thankyou
20.667234420776367,17,18,13,7,2,-2,0,6,7,-8,17,18,1,2,thankyou
20.667234420776367,-8,0,-8,-4,-6,-5,-8,-2,-12,-19,1,0,-11,-15,thankyou
20.68238949775696,-19,-11,-5,0,0,5,7,-4,-28,-25,-30,-26,-24,-18,thankyou
20.68238949775696,-13,-1,0,11,10,27,34,0,-9,-11,-38,-25,-24,-9,thankyou
20.698522090911865,-14,-3,-14,9,7,29,34,0,12,15,-19,-11,-9,-4,thankyou
20.713557243347168,-13,-14,-8,1,4,12,8,-1,6,24,-10,-4,4,2,thankyou
20.713557243347168,-5,-8,-7,-1,1,0,-1,0,13,21,-4,-3,15,14,thankyou
20.72853946685791,0,-2,1,-7,-7,-1,5,2,27,16,5,3,18,19,thankyou
20.729540824890137,2,-8,10,-5,-13,0,1,1,21,12,9,5,10,13,thankyou
20.729540824890137,6,-13,0,-3,-15,-8,-6,-4,12,3,6,0,4,4,thankyou
20.74397134780884,11,-5,0,-9,-6,-12,-4,-4,12,-5,7,5,5,0,thankyou
20.760007858276367,8,0,-5,-14,4,-6,-4,-2,0,-12,3,7,1,-8,thankyou
20.76100826263428,3,-2,1,-16,0,-8,-19,-4,-18,-17,-5,1,-11,-14,thankyou
20.7752652168274,3,5,11,-6,-2,-11,-18,0,-19,-10,7,8,-12,-9,thankyou
20.7752652168274,10,19,6,5,11,-11,-8,2,-12,-1,29,17,2,-1,thankyou
20.79068112373352,16,20,15,10,13,-9,-11,0,-16,-6,23,19,5,2,thankyou
20.79068112373352,15,21,14,29,12,0,-7,-2,-10,2,15,16,6,9,thankyou
20.805887937545776,10,28,9,45,20,11,5,4,5,20,20,9,14,13,thankyou
20.805887937545776,1,14,5,26,9,6,1,6,6,13,9,-1,6,2,thankyou
20.821557998657227,-11,-9,-6,4,-8,4,-4,1,-1,7,-8,-15,-11,-6,thankyou
20.821557998657227,-12,-6,-4,6,-2,18,11,3,-1,7,-12,-19,-13,-2,thankyou
20.837459802627563,-9,0,-12,9,7,21,24,2,-11,0,-13,-19,-7,-2,thankyou
20.837459802627563,-21,-16,-17,-4,-5,1,12,-5,-33,-8,-26,-27,-19,-12,thankyou
20.854027271270752,-32,-32,-10,-22,-17,-9,2,-9,-29,-6,-30,-28,-24,-11,thankyou
20.854027271270752,-19,-25,-18,-22,-9,2,14,0,9,-3,-13,-16,0,1,thankyou
20.868666410446167,0,-11,-4,-16,0,9,23,7,33,4,-4,1,12,11,thankyou
20.868666410446167,0,-5,-8,-15,0,-1,13,4,31,16,-6,0,0,12,thankyou
20.88408780097961,-5,-9,-18,-22,-2,-10,-2,2,21,4,-8,-8,-1,5,thankyou
20.88408780097961,0,-8,2,-21,-8,0,-7,4,12,-12,-7,2,6,-4,thankyou
20.89953327178955,12,3,6,-5,-7,0,-1,-1,12,-10,0,19,8,-5,thankyou
20.89953327178955,22,20,13,3,0,-13,-5,-4,10,-6,13,30,10,0,thankyou
20.91554379463196,16,19,13,-2,1,-19,-13,-2,-2,-12,10,19,10,-5,sil
20.91554379463196,0,6,-1,-15,-5,-15,-23,-4,-17,-17,-6,-1,0,-15,sil
20.93121314048767,-1,7,6,-6,-2,-11,-28,-1,-17,-13,0,1,-5,-8,sil
20.93121314048767,9,17,12,14,10,-5,-25,0,-4,0,20,16,5,-3,sil
20.94636082649231,13,14,16,19,7,-2,-23,0,-6,8,20,12,13,0,sil
20.94636082649231,9,4,10,16,-4,0,-17,0,-20,0,18,0,11,9,sil
20.961880922317505,6,1,2,23,5,12,1,1,-18,-3,16,1,2,11,sil
20.961880922317505,3,5,11,30,20,28,21,2,-2,6,6,10,-7,7,sil
20.97741842269897,0,2,4,30,14,26,23,0,10,12,1,6,-6,15,sil
20.97741842269897,-2,-6,0,12,0,12,16,1,10,13,-5,-4,-5,17,sil
20.99344539642334,-8,-12,-5,-5,-5,10,18,3,11,23,-7,-5,-2,8,sil
20.99344539642334,-5,-8,-14,-1,-2,10,28,0,19,22,-2,-10,1,1,sil
21.00938630104065,-1,-2,-8,-1,0,0,20,-1,10,-1,-14,-22,-7,0,sil
21.00938630104065,-14,-14,-18,-18,-4,-7,1,0,-4,-12,-28,-29,-20,-10,sil
21.025150537490845,-20,-33,-19,-36,-17,-9,-7,-3,-13,-12,-21,-20,-14,-17,sil
21.025150537490845,-9,-23,-3,-29,-16,-6,3,-5,0,-7,-2,-4,4,-5,sil
21.04025435447693,0,0,1,-9,-2,-9,10,-5,12,1,12,5,16,5,sil
21.04025435447693,0,6,5,-9,0,-17,-11,1,1,1,18,7,10,-1,sil
21.056270599365234,2,1,-5,-15,-1,-19,-28,7,-4,1,22,8,11,-2,sil
21.056270599365234,11,7,2,-6,0,-13,-16,5,6,8,19,16,18,7,sil
21.071802139282227,16,16,14,5,2,-3,-8,2,6,2,5,15,10,-3,sil
21.071802139282227,11,16,4,15,9,-3,-12,0,-9,-11,-4,4,-7,-14,sil
21.087634801864624,3,11,8,16,14,-1,-1,0,-17,-18,-14,0,-17,-5,sil
21.087634801864624,-8,6,-7,4,11,14,12,0,-10,-10,-28,-17,-17,-12,sil
21.103262901306152,-18,6,-12,7,7,25,13,3,-3,3,-23,-28,-14,-17,sil
21.103262901306152,-9,8,10,30,6,16,10,0,-4,2,-4,-6,-8,2,sil
21.11830997467041,0,3,5,28,5,12,13,-5,-8,0,-2,7,-3,15,sil
21.11830997467041,0,0,0,2,2,16,9,0,-2,12,-3,5,0,10,sil
21.13427758216858,-2,-5,-5,-8,0,-2,0,0,8,15,13,4,11,13,sil
21.13427758216858,0,-13,-6,-8,-10,-27,-13,0,7,-3,12,5,13,12,sil
21.149581909179688,6,-13,6,-14,-19,-20,-24,-1,0,-16,-4,11,-1,-3,sil
21.149581909179688,8,-7,0,-21,-15,-9,-23,-5,3,-16,0,12,-7,-15,sil
21.16552782058716,2,5,2,-11,-5,-8,-19,-3,-5,-22,13,11,-5,-8,sil
21.16552782058716,-1,17,3,19,2,2,-8,1,-14,-11,10,10,-7,0,sil
21.18106698989868,0,7,2,26,7,13,8,3,3,12,6,5,-3,5,sil
21.18106698989868,0,-5,9,3,7,14,17,6,29,32,10,-1,14,14,sil
21.19667840003968,-4,-7,-4,-4,-1,9,11,3,23,37,4,-14,20,10,sil
21.19667840003968,-5,-14,-6,-8,-12,5,3,-3,0,11,-16,-20,4,-1,sil
21.2123818397522,0,-18,-6,-16,-8,3,15,-2,0,-11,-16,-11,0,0,sil
21.2123818397522,11,-7,-6,-13,0,1,24,2,9,-3,1,3,10,10,sil
21.228329181671143,12,1,9,-11,0,-6,7,4,2,-2,6,11,11,2,sil
21.228582859039307,1,0,-1,-16,-1,-17,-10,-1,-14,-21,-1,0,-3,-13,sil
21.244064569473267,-2,6,0,-11,0,-15,-11,1,-17,-22,-1,-6,-11,-15,sil
21.244064569473267,0,14,12,5,2,-7,-10,4,-10,-1,11,-1,-4,-4,sil
21.25965785980225,-7,8,0,15,7,-1,-9,-4,-11,3,8,-5,-8,-7,sil
21.25965785980225,-14,1,-6,17,9,8,0,-9,-7,0,-10,-17,-14,-11,sil
21.27577543258667,-9,-1,-9,17,6,18,9,-1,0,7,-12,-17,-3,0,sil
21.27577543258667,-7,-13,-3,0,-3,10,2,0,-3,6,-11,-7,-1,3,sil
21.291385173797607,-9,-15,-6,-15,-5,1,0,-6,0,3,-15,0,-2,0,sil
21.291385173797607,3,2,-6,-1,4,3,9,-1,20,17,-3,5,12,6,sil
21.30734634399414,22,14,14,5,6,2,4,7,20,15,11,18,19,15,sil
21.30734634399414,17,9,4,-4,0,-13,-9,0,10,-7,18,23,15,12,sil
21.3233482837677,10,11,0,-5,1,-24,-17,-4,-2,-15,19,23,6,8,sil
21.3233482837677,13,16,13,15,8,-10,-12,4,-11,0,15,20,0,4,sil
21.33875703811645,7,11,5,28,8,2,-5,6,-8,0,8,9,-3,3,sil
21.33875703811645,-7,1,2,18,0,2,-5,1,-11,-14,1,1,-11,0,sil
21.354324340820312,-10,-4,-1,9,0,6,0,-3,-12,-11,-4,0,-13,-5,sil
21.354324340820312,-3,-3,0,8,5,22,18,0,3,5,-12,-3,-7,-4,sil
21.3698513507843,-11,-10,-9,-4,-2,23,30,5,16,15,-18,-20,-8,-5,sil
21.3698513507843,-23,-27,-25,-27,-19,0,15,1,13,9,-21,-33,-9,-11,sil
21.38553500175476,-5,-16,1,-26,-17,-13,0,4,15,2,-3,-3,8,1,sil
21.38553500175476,22,9,13,-1,-3,-6,0,4,16,8,25,25,25,17,sil
21.40104079246521,17,13,1,1,-6,-15,-8,-2,-8,-1,14,9,5,0,sil
21.40104079246521,-10,0,-4,-15,-14,-26,-28,-9,-37,-31,-17,-17,-21,-26,sil
21.41701650619507,-16,-6,-10,-10,-4,-5,-18,-10,-26,-23,-13,-25,-17,-23,sil
21.41701650619507,-1,0,4,13,14,23,8,0,0,12,2,-14,0,-3,sil
21.432158946990967,2,0,5,23,18,24,17,1,4,18,-1,-8,-1,4,sil
21.432158946990967,-5,-11,-9,5,1,6,2,-4,-3,-5,-14,-15,-10,-1,sil
21.44765996932984,-10,-18,-9,-20,-13,-3,-9,-5,0,-5,-14,-11,-5,-8,sil
21.44765996932984,-5,-10,-9,-27,-12,-5,-3,3,17,11,-4,1,11,-4,sil
21.46325182914734,5,1,5,-16,-4,-8,-4,9,12,2,5,12,14,2,sil
21.46325182914734,14,16,13,1,5,-7,-8,5,0,-6,21,21,12,10,sil
21.47851777076721,14,31,13,16,20,4,2,3,3,6,30,28,15,18,sil
21.47851777076721,4,22,13,23,23,16,15,3,5,13,16,18,10,19,sil
21.49419641494751,-10,-4,-12,12,8,8,11,-5,-11,0,-6,-8,-3,4,sil
21.509153366088867,-15,-12,-5,-1,-5,-1,8,-8,-13,0,-18,-14,-9,0,sil
21.509153366088867,0,-2,3,2,-3,0,13,0,13,9,-10,-1,0,7,sil
21.509153366088867,12,-5,-5,-1,-3,-3,0,0,17,-5,-3,5,0,5,sil
21.525394916534424,10,-8,4,-16,-15,-14,-16,-2,-1,-23,0,12,-6,-1,sil
21.525394916534424,1,-1,0,-14,-13,-15,-14,-1,-1,-9,11,15,2,-4,sil
21.53985333442688,2,1,-1,-9,-3,-8,-14,2,3,-5,18,14,4,-11,sil
21.5576446056366,9,9,9,0,2,-5,-17,4,0,-11,22,18,6,-3,sil
21.5576446056366,10,17,12,18,8,-5,-8,3,0,1,21,13,16,11,sil
21.5576446056366,0,5,7,11,9,0,1,0,-5,3,0,-4,2,2,sil
21.57117509841919,-7,-4,-12,0,5,9,7,0,-9,0,-15,-15,-11,-6,sil
21.588297128677368,-7,4,-3,14,3,13,11,6,-5,8,-10,-8,-3,0,sil
21.588297128677368,-6,6,7,27,7,15,16,6,-2,16,-15,-8,-6,-1,sil
21.588297128677368,0,-6,-5,15,5,14,15,-5,-7,5,-24,-20,-23,-12,sil
21.60336947441101,2,-13,-9,-5,-6,8,5,-11,-11,-6,-23,-25,-22,-11,sil
21.620996952056885,-9,-20,-19,-14,-13,0,0,-4,-2,-4,-18,-31,-13,-10,sil
21.620996952056885,-18,-26,-16,-18,-16,-5,-2,4,6,2,-13,-25,-16,-7,sil
21.620996952056885,-11,-18,-7,-21,-16,-6,-3,2,6,4,-9,-10,-9,0,sil
21.635606288909912,-1,-1,-10,-15,0,-9,-1,-2,12,9,6,5,15,5,sil
21.650255918502808,10,10,8,0,11,-10,1,3,21,19,31,29,32,13,sil
21.650255918502808,14,13,13,1,1,-10,-4,3,12,9,31,28,23,10,sil
21.650255918502808,8,15,12,-5,0,-11,-16,-1,-7,-14,12,10,10,5,sil
21.66746068000793,7,21,16,5,13,-4,-15,0,-16,-11,14,15,7,2,sil
21.66746068000793,-1,14,8,20,14,3,0,1,-18,0,11,10,-3,-10,sil
21.68113255500793,-10,5,16,19,11,14,11,0,-16,-2,-6,-10,-16,-15,sil
21.69620537757873,4,5,6,20,9,23,20,-2,-10,-4,-2,-8,-9,2,sil
21.69620537757873,11,0,-6,13,-1,18,18,-5,-7,-6,0,0,-3,11,sil
21.71194720268249,-5,-4,-2,1,-4,15,9,-5,2,-7,-10,-8,-3,5,sil
21.71194720268249,-14,-4,-14,-1,0,14,7,0,19,1,-11,-14,1,4,sil
21.72751212120056,-11,-13,-13,-15,-6,0,2,4,23,-1,-10,-4,8,2,sil
21.72751212120056,-10,-20,-15,-26,-10,-14,-2,0,25,0,-6,5,16,1,sil
21.74308443069458,-2,-15,-15,-16,-12,-14,-6,-3,22,10,0,9,16,8,sil
21.74308443069458,7,-5,2,-10,-13,-13,-11,0,12,5,0,10,10,11,sil
21.7583920955658,11,-3,2,-16,-7,-13,-13,1,4,-4,2,7,7,0,sil
21.7583920955658,9,-6,5,-21,-9,-18,-19,0,-11,-4,4,6,-3,-12,sil
21.77434635162353,-1,-6,4,-16,-16,-28,-28,1,-25,-7,1,4,-14,-15,sil
21.77434635162353,0,10,5,-5,-2,-15,-24,1,-23,-20,0,7,-10,-7,sil
21.789539098739624,15,31,12,10,12,5,-10,1,-15,-19,9,15,-6,-3,sil
21.789539098739624,16,23,6,22,10,0,3,0,-3,2,21,10,-2,-2,sil
21.805577039718628,6,10,16,22,5,-1,13,4,2,17,17,0,3,2,sil
21.805577039718628,0,9,10,18,7,10,9,3,-4,10,-1,-12,-5,1,sil
21.82111620903015,-9,6,-6,11,8,12,1,0,-8,4,-14,-21,-21,-10,sil
21.82111620903015,-9,8,6,15,14,18,14,0,1,12,-4,-12,-9,-6,sil
21.83640956878662,-1,5,3,25,19,30,29,-1,0,12,0,-4,3,1,sil
21.83640956878662,-8,-18,-9,5,2,15,14,-3,-12,-1,-28,-14,-14,-7,sil
21.852062463760376,-20,-33,-18,-12,-11,-1,0,-2,-18,-8,-41,-27,-23,-14,sil
21.852062463760376,-16,-18,-19,0,-3,7,8,-2,-5,2,-18,-23,-5,1,sil
21.86722517013549,-9,-11,-10,0,2,14,10,-5,10,12,-10,-8,5,11,sil
21.86722517013549,-3,-21,-16,-18,-6,-5,0,-5,17,12,-14,-3,12,11,sil
21.8831946849823,12,-13,0,-16,-9,-18,-5,3,14,9,3,4,22,21,sil
21.8831946849823,19,5,11,-1,0,-9,2,5,23,13,28,20,27,22,sil
21.898355722427368,4,7,1,-1,1,-5,8,1,31,5,26,23,20,6,sil
21.898355722427368,1,3,12,-9,-6,-9,-4,1,12,-20,8,18,1,-1,sil
21.91413187980652,10,6,10,-11,-4,-13,-15,-1,-6,-31,5,12,-2,-3,sil
21.91413187980652,17,17,6,-3,3,-12,-7,-3,-5,-16,16,13,4,-7,sil
21.929114818573,18,24,14,8,4,-2,0,1,0,-4,28,22,6,-4,sil
21.929114818573,6,16,6,8,0,-1,-11,1,-6,-14,19,17,0,-2,sil
21.94427609443665,-5,5,1,-1,1,-2,-17,0,-11,-12,5,6,0,-5,sil
21.94427609443665,-2,6,-5,2,10,6,-3,4,2,16,17,5,11,0,sil
21.96039342880249,1,9,2,16,13,12,0,3,6,22,22,10,10,9,sil
21.96039342880249,-8,0,3,13,0,6,-1,0,-10,-2,-2,-2,-8,5,sil
21.97600483894348,-19,-16,-20,-7,-18,1,-1,1,-20,-11,-23,-28,-22,-15,sil
21.97600483894348,-14,-19,-11,-14,-14,1,0,0,-17,-2,-25,-31,-25,-27,sil
21.99202680587769,-5,-3,2,6,1,8,3,-5,-12,0,-23,-20,-18,-17,sil
21.99202680587769,-3,2,3,15,0,12,3,-4,-9,-3,-21,-15,-10,0,sil
22.008302211761475,-7,-3,-1,-3,-5,2,-6,-3,-10,-3,-16,-9,-8,6,sil
22.008302211761475,-8,-5,-11,-10,3,-6,-5,-4,-1,7,-13,-10,-8,9,sil
22.02347421646118,-6,0,0,-4,7,-1,4,4,9,15,-15,-11,-4,9,sil
22.02347421646118,-5,-7,0,-4,-4,3,9,5,20,18,-12,-6,2,8,sil
22.039089679718018,0,-17,-3,-12,-7,0,11,1,21,15,-6,-2,7,11,sil
22.039089679718018,3,-12,3,-15,0,-4,17,3,17,8,-2,0,15,11,sil
22.054224014282227,4,0,-1,-3,6,-3,21,0,13,3,3,5,16,3,sil
22.054224014282227,13,3,7,3,4,-1,7,-2,3,-2,8,12,6,-3,sil
22.069936275482178,10,-2,6,0,-1,-6,-2,0,0,-1,9,10,5,-7,sil
22.069936275482178,4,-3,-6,-4,-7,-9,-2,0,6,2,10,11,11,-8,sil
22.08605122566223,8,7,0,2,-4,-3,-8,-5,5,-11,9,17,1,-5,sil
22.08605122566223,8,10,-1,10,2,-3,-17,-4,-7,-29,5,10,-7,-6,sil
22.109087705612183,6,4,2,4,0,-12,-17,2,-10,-17,9,10,0,-6,sil
22.109087705612183,12,7,4,-1,-6,-15,-10,4,-6,0,24,21,11,0,sil
22.109087705612183,12,14,5,1,0,-10,-11,-3,-13,-4,24,18,8,7,sil
22.118188619613647,8,18,21,11,14,1,-9,-1,-15,-6,16,11,4,8,sil
22.1342842578888,7,17,12,15,12,9,-2,3,-7,-1,15,6,4,6,sil
22.1342842578888,0,10,3,9,0,10,-1,4,-9,0,8,0,0,2,sil
22.15039372444153,-10,2,-2,8,7,11,-1,0,-18,1,-5,-12,-12,-8,sil
22.15039372444153,-18,-2,-15,11,12,9,1,-2,-18,-1,-21,-30,-23,-18,sil
22.166011571884155,-19,-8,-7,6,0,10,3,2,-7,-6,-28,-26,-22,-11,sil
22.166011571884155,-14,-11,-5,6,-1,18,13,3,14,15,-10,-11,-6,1,sil
22.18102788925171,-10,-8,-4,7,4,17,20,1,21,29,-3,-11,-2,8,sil
22.18102788925171,-14,-13,-9,-4,-2,10,12,0,15,18,-18,-20,-8,8,sil
22.19621777534485,-16,-25,-19,-18,-4,8,8,-2,13,9,-24,-22,-5,3,sil
22.19621777534485,-13,-22,-6,-20,-1,8,10,-3,12,5,-19,-16,-2,1,sil
22.211360692977905,-8,-15,-6,-13,-7,0,10,-3,17,1,-12,-8,0,10,sil
22.211360692977905,-1,-11,-4,-13,-10,-13,3,0,20,1,-3,7,10,10,sil
22.227013111114506,3,-7,3,-19,-6,-14,0,1,17,0,0,13,10,-8,sil
22.227013111114506,13,0,1,-18,-9,-15,-6,0,10,-6,1,8,4,-16,sil
22.242217540740967,24,18,18,-3,-10,-23,-10,-1,0,-9,17,23,14,0,thankyou
22.242217540740967,25,25,15,5,-3,-24,-6,-2,-15,-11,28,33,22,8,thankyou
22.25883150100708,14,11,6,-7,-3,-17,-9,0,-24,-16,10,19,10,0,thankyou
22.25883150100708,14,10,6,-11,-4,-10,-17,4,-12,-11,8,14,10,0,thankyou
22.27428770065308,26,20,1,9,3,-2,-16,3,4,4,34,23,24,17,thankyou
22.29006862640381,23,18,16,23,13,7,-6,6,0,7,33,20,17,23,thankyou
22.29006862640381,0,7,7,23,10,7,0,2,-13,0,6,-3,-3,3,thankyou
22.29006862640381,-18,-3,-9,13,0,1,-4,-7,-25,-15,-10,-22,-26,-18,thankyou
22.305234909057617,-14,-4,-4,1,-1,1,-16,-8,-38,-30,-12,-15,-39,-26,thankyou
22.305234909057617,-6,8,-1,5,8,10,-8,0,-24,-16,-4,-6,-24,-19,thankyou
22.32134747505188,-8,9,1,5,13,18,12,4,5,5,-2,-10,-11,-12,thankyou
22.336493968963623,-16,-8,-12,4,11,24,23,3,21,14,-10,-23,-12,-10,thankyou
22.336493968963623,-12,-10,-13,5,7,21,18,1,23,20,-6,-21,-8,0,thankyou
22.336493968963623,0,1,4,6,4,13,14,1,24,32,8,2,6,18,thankyou
22.352501153945923,-1,-9,-5,5,4,0,16,1,13,26,0,3,7,14,thankyou
22.352501153945923,-15,-21,-9,-2,-2,-6,1,0,-1,0,-31,-16,-7,-2,thankyou
22.369086027145386,-17,-16,-7,-16,-14,-3,-7,0,1,-2,-33,-18,-5,-5,thankyou
22.369086027145386,-6,-13,-7,-16,-15,0,3,0,10,13,-14,-5,9,0,thankyou
22.384634256362915,0,-8,4,-2,-8,0,4,-4,-3,4,-22,-5,0,0,thankyou
22.384634256362915,2,0,1,1,-1,-9,-12,-10,-18,-19,-27,-8,-10,-7,thankyou
22.39824867248535,11,0,6,-5,0,-12,-11,-3,-8,-17,-1,7,7,-4,thankyou
22.41427659988404,10,-4,3,-9,-6,-12,-2,5,2,-1,12,17,21,4,thankyou
22.41427659988404,2,-2,-4,-6,-13,-19,-9,1,-1,-5,4,12,11,7,thankyou
22.43351078033448,6,4,7,-3,-2,-13,-6,3,1,-5,18,17,13,9,thankyou
22.43351078033448,13,8,4,-2,10,4,9,4,13,6,38,26,26,17,thankyou
22.44650292396545,15,10,8,0,8,8,8,1,13,6,31,30,18,22,thankyou
22.44650292396545,19,11,12,6,2,-3,-3,-2,7,0,20,22,9,18,thankyou
22.461010217666622,6,3,-2,-9,-3,-15,-13,-4,-2,-6,14,1,-1,-1,thankyou
22.461010217666622,-18,-4,-9,-31,-10,-13,-22,-1,-19,-22,-1,-15,-26,-29,thankyou
22.477012395858765,-16,1,-13,-9,-6,-2,-19,-1,-16,-27,-5,-19,-26,-29,thankyou
22.477012395858765,6,17,8,18,0,1,-11,0,-6,-17,8,-1,-1,-5,thankyou
22.495537996292114,12,19,19,22,3,0,-4,0,-2,-1,18,17,6,3,thankyou
22.495537996292114,5,11,1,24,9,10,14,5,2,13,12,4,1,3,thankyou
22.495537996292114,4,13,6,34,14,29,27,10,8,19,-1,-9,0,6,thankyou
22.51004648208618,-5,10,2,30,16,28,22,1,7,14,-15,-17,-8,-2,thankyou
22.51004648208618,-22,-10,-12,0,8,7,11,-2,-7,0,-27,-29,-27,-18,thankyou
22.52438449859619,-23,-19,-15,-11,0,2,12,0,-17,0,-26,-29,-22,-10,thankyou
22.53978133201599,-10,-9,-10,8,0,13,13,-1,-5,17,-12,-16,1,7,thankyou
22.53978133201599,-8,-13,0,2,-1,12,8,-4,5,26,-11,-12,3,7,thankyou
22.555418968200684,-12,-26,-11,-27,-12,0,4,-4,11,14,-16,-9,-5,0,thankyou
22.555418968200684,5,-16,-2,-22,-9,-3,0,-1,21,3,-5,10,3,7,thankyou
22.571287155151367,27,0,16,-5,1,-6,-3,2,26,11,15,26,23,21,thankyou
22.571287155151367,15,0,0,-15,1,-15,-6,5,21,14,24,23,26,12,thankyou
22.586344003677368,-1,0,4,-22,0,-18,-16,3,5,-6,17,22,10,-5,thankyou
22.586344003677368,3,6,13,-4,3,-14,-18,-2,-10,-23,12,18,0,-9,thankyou
22.60155177116394,14,12,12,3,0,-8,-7,-3,-19,-20,2,7,1,-5,thankyou
22.60155177116394,6,10,7,-2,-7,-4,-10,-1,-25,-24,-15,-1,-6,-8,thankyou
22.617425441741943,-7,0,-8,2,-7,-5,-15,-6,-22,-25,-18,-11,-17,-11,thankyou
22.617425441741943,-2,-1,-1,12,-2,1,0,-1,-8,-4,-5,-7,-4,-1,thankyou
22.633471250534058,1,0,-4,15,1,15,12,6,0,13,-3,0,7,12,thankyou
22.633471250534058,-8,-11,-11,1,0,16,5,4,-3,0,-19,-7,-6,13,thankyou
22.649311542510983,-8,-16,-3,-6,-5,7,2,-2,1,-4,-24,-14,-10,0,thankyou
22.649311542510983,0,-8,-14,-3,-8,-1,12,-7,15,11,-9,-11,3,-5,thankyou
22.664538621902462,-4,-3,-10,-12,-10,-9,8,0,15,12,0,-5,4,-1,thankyou
22.664538621902462,-5,-1,-6,-22,-8,-13,-4,4,9,3,8,6,7,3,thankyou
22.68001103401184,5,9,-2,-7,0,-16,-15,1,2,-1,26,20,15,5,thankyou
22.68001103401184,4,17,14,6,9,-11,-11,1,-4,-8,26,11,2,-1,thankyou
23.977022409439087,-9,-7,-9,3,-1,-3,-7,-1,-6,5,-9,-20,-10,-8,thankyou
23.977022409439087,-12,-17,-4,-10,-15,-8,-5,-2,-8,-3,-12,-20,-14,-21,thankyou
23.99242925643921,-19,-11,-11,-10,-12,0,4,1,-5,6,-7,-19,-7,-16,thankyou
23.99242925643921,-13,-4,-6,-1,0,8,7,4,-4,11,-8,-19,-4,-5,thankyou
24.00762104988098,2,1,-1,6,5,9,15,2,12,11,-1,-11,1,4,thankyou
24.00762104988098,15,9,8,11,-1,3,17,0,21,12,8,5,13,18,thankyou
24.02426242828369,18,4,14,9,-7,2,13,0,10,14,6,13,16,23,thankyou
24.02426242828369,12,-5,-1,0,-2,5,16,0,14,19,-1,4,6,16,thankyou
24.038175344467163,2,-8,-5,-13,-4,2,16,2,25,8,-9,-4,-3,4,thankyou
24.05426335334778,-8,-18,-14,-23,-7,-3,3,0,8,-2,-13,-10,0,-2,thankyou
24.05426335334778,-7,-18,-10,-16,-2,-7,-6,0,-11,-3,-8,0,9,2,thankyou
24.07051181793213,9,3,8,0,-3,-9,-11,-1,-7,-8,10,25,8,13,thankyou
24.07051181793213,18,11,10,6,-7,-10,-16,-3,3,-14,16,22,4,10,thankyou
24.07051181793213,14,1,16,0,-1,-7,-12,0,3,-8,4,4,2,7,thankyou
24.08702158927917,11,0,5,0,4,-1,-2,0,6,1,3,9,2,3,thankyou
24.08702158927917,6,4,-3,4,5,2,0,-2,7,-4,12,16,-3,-3,thankyou
24.10205268859864,0,9,4,1,6,0,-4,0,1,-14,13,5,-3,-2,thankyou
24.123194932937626,-6,5,-4,-4,0,-6,-8,0,-4,-5,9,-5,2,-5,thankyou
24.123194932937626,-16,-10,-7,-16,-7,-7,-11,-4,-10,-2,-3,-7,-7,-21,thankyou
24.123194932937626,-14,-12,-4,-15,1,-4,-9,0,-6,-6,-3,-2,-10,-19,thankyou
24.133298873901367,7,6,3,1,19,2,-4,6,3,2,16,12,13,0,thankyou
24.14897346496582,13,13,6,15,17,9,2,2,4,16,23,19,24,7,thankyou
24.14897346496582,-3,5,-7,8,0,-1,1,-1,-6,9,1,2,2,0,thankyou
24.14897346496582,-9,10,-3,-3,-9,-16,-10,3,-16,-8,-20,-8,-16,-12,thankyou
24.16510009765625,0,15,11,3,-4,-12,-12,1,-13,-13,-13,-2,-11,-14,thankyou
24.18150806427002,7,8,19,12,0,-7,-6,-5,-13,-5,5,7,-2,0,thankyou
24.18150806427002,2,7,9,-1,-4,-5,-7,-1,-20,-6,8,7,-4,4,thankyou
24.197110652923584,-4,5,-3,-7,-4,3,-3,1,-16,-13,-4,-3,-10,-4,thankyou
24.197110652923584,-1,3,11,8,5,16,10,1,-6,-10,-10,-8,-11,-3,thankyou
24.197110652923584,0,2,5,13,9,21,14,0,1,0,-9,-13,-11,3,thankyou
24.212149381637573,-6,-5,-16,7,-1,13,10,0,1,-4,-11,-16,-14,0,thankyou
24.212149381637573,-9,-7,-9,15,-6,9,9,-1,-6,-6,-6,-10,-8,-6,thankyou
24.22633147239685,-7,-9,-8,13,-3,8,6,-3,-5,6,-3,-14,3,4,thankyou
24.24151301383972,-6,-19,-11,-7,-6,5,5,0,10,9,-10,-22,4,9,thankyou
24.24151301383972,-2,-14,-5,0,0,7,14,5,24,11,-3,-7,5,0,thankyou
24.257177591323853,-1,0,1,11,9,8,13,6,20,16,4,5,9,2,thankyou
24.257177591323853,-1,1,3,1,5,3,9,1,13,10,-2,1,7,16,thankyou
24.272475957870483,6,0,-3,4,7,3,17,-6,26,17,0,3,15,19,thankyou
24.272475957870483,12,4,5,14,11,4,11,-3,34,32,11,15,23,12,thankyou
24.28803968429565,0,-1,-1,0,6,3,4,3,18,21,0,5,14,7,thankyou
24.28803968429565,-9,-9,-11,-19,0,3,10,-1,7,3,-15,-8,2,4,thankyou
24.303610801696777,0,-12,-3,-27,-9,-5,3,-3,12,7,-13,-4,0,0,thankyou
24.303610801696777,8,-10,-11,-25,-15,-22,-11,0,10,8,3,3,6,-2,thankyou
24.319448471069336,12,-2,-5,-21,-12,-19,-16,-1,-5,-12,17,17,6,0,thankyou
24.319448471069336,11,0,3,-19,-11,-15,-22,-2,-14,-19,20,23,0,1,thankyou
24.335344076156616,6,0,8,-12,-17,-24,-31,1,-17,-8,20,16,0,-2,thankyou
24.335344076156616,3,4,11,-4,-9,-22,-28,0,-25,-13,18,12,-4,-8,thankyou
24.350409030914307,1,5,-2,-7,2,-8,-13,-4,-20,-21,7,6,-10,-13,thankyou
24.350409030914307,0,4,7,-13,0,-2,-7,1,-11,-19,0,2,-8,-13,thankyou
24.365996599197388,-3,6,7,-3,-1,-2,-10,7,-17,-17,4,-1,-7,-16,thankyou
24.365996599197388,-8,2,-6,1,7,3,-3,1,-24,-20,-6,-14,-17,-19,thankyou
24.381038665771484,-2,3,4,7,11,14,3,0,-20,-20,-16,-19,-18,-13,thankyou
24.381038665771484,3,15,8,31,8,8,2,-1,-10,-6,-3,-5,-3,0,thankyou
24.39658832550049,4,23,12,39,9,2,1,-1,-8,7,7,6,0,10,thankyou
24.39658832550049,4,17,4,29,15,11,11,0,-7,7,1,1,-1,11,thankyou
24.412201642990112,-1,7,-5,20,11,14,11,0,-2,-1,-9,-6,-4,0,thankyou
24.412201642990112,-11,0,5,3,0,10,7,1,4,-6,-16,-9,-7,-2,thankyou
24.427982568740845,-8,-7,-7,0,0,11,17,-3,14,7,-12,-9,0,3,thankyou
24.427982568740845,3,-3,0,9,5,17,18,0,10,20,-8,3,10,6,thankyou
24.443594455719,-1,-5,1,7,-2,16,7,5,6,17,-12,-2,1,5,thankyou
24.443594455719,-14,-20,-18,-6,-7,0,4,3,18,12,-15,-25,-3,1,thankyou
24.45918273925781,-7,-13,0,-7,-3,-2,8,0,26,13,-6,-10,6,5,thankyou
24.45918273925781,-1,-3,-4,3,0,6,14,-1,27,17,1,7,15,14,thankyou
24.474570751190186,-7,-16,-7,-5,-1,1,0,-4,14,7,0,0,4,7,thankyou
24.474570751190186,-11,-24,-13,-27,-11,-13,-14,-6,2,0,-2,-7,-3,-3,thankyou
24.490036487579346,-11,-18,-24,-38,-15,-19,-9,-6,0,-1,-1,-3,0,-5,thankyou
24.490036487579346,-5,-1,0,-27,-12,-15,-11,1,0,-9,-5,3,-3,-12,thankyou
24.506163358688354,6,11,3,2,-3,-12,-14,1,6,-3,4,9,2,-13,thankyou
24.506163358688354,20,17,18,5,3,-11,0,1,8,6,27,27,20,9,thankyou
24.52225875854492,24,17,26,-4,10,0,8,3,0,-1,39,36,24,20,thankyou
24.52225875854492,20,14,-1,0,10,1,-3,-1,-16,-7,32,17,8,2,thankyou
24.5383722782135,14,13,16,6,0,-7,-15,1,-25,-9,21,2,-7,-7,sil
24.5383722782135,2,16,9,16,9,-9,-8,2,-18,-10,18,1,-8,-5,sil
24.55350399017334,-1,14,-2,26,27,3,-1,1,-22,-6,5,-2,-4,1,sil
24.55350399017334,1,1,10,15,10,16,0,0,-20,5,-18,-10,-7,7,sil
24.56954073905945,-3,-14,-24,6,-12,17,9,-6,3,7,-33,-22,-16,0,sil
24.56954073905945,-9,-14,-14,2,-12,18,16,2,12,1,-34,-21,-17,0,sil
24.58562397956848,-7,-11,1,-1,-5,18,15,7,14,11,-21,-11,-2,11,sil
24.58562397956848,-5,-15,-32,-7,-10,0,6,-3,20,15,-8,-7,9,6,sil
24.60144019126892,0,-13,8,-17,-18,-13,-9,0,13,-4,-10,1,3,-3,sil
24.60144019126892,2,-6,37,-17,-16,-11,-11,6,6,-12,-11,9,0,-2,sil
24.616410970687863,0,0,-16,-1,-5,-11,-2,-2,1,-11,-4,2,0,-5,sil
24.616410970687863,-4,7,-9,-1,0,-13,-5,-6,-10,-15,6,1,2,-9,sil
24.632433891296387,-5,9,11,-7,5,-4,-5,-3,-6,-3,20,11,9,-5,sil
24.632433891296387,1,10,-8,0,7,-8,4,1,-1,7,22,12,9,-7,sil
24.64809489250183,8,11,12,1,2,-12,0,4,-11,-6,9,2,-1,-14,sil
24.64809489250183,-2,8,12,2,7,-1,-3,0,-13,-15,2,-7,-11,-17,sil
24.66325807571411,-7,1,-7,8,17,2,0,0,-6,-3,9,-6,-9,-10,sil
24.66325807571411,0,5,13,7,10,4,-2,6,-9,0,13,6,4,4,sil
24.679325342178345,1,5,-1,12,6,15,0,2,-7,3,7,2,7,11,sil
24.679325342178345,0,0,0,20,5,21,9,1,0,12,-1,-1,-2,11,sil
24.69498610496521,0,-5,8,11,0,13,7,3,7,17,-6,0,-3,15,sil
24.69498610496521,-8,-14,-19,-10,-6,0,-1,-4,8,8,-19,-10,-2,13,sil
24.710139513015747,-11,-16,-6,-16,-8,-1,-7,-3,1,-1,-26,-10,-9,5,sil
24.710139513015747,2,-4,-4,-1,-4,4,0,-2,5,9,-4,2,1,5,sil
24.72636389732361,12,-1,-5,-4,1,6,1,-3,9,14,1,3,7,3,sil
24.72636389732361,-1,-5,2,-12,5,3,1,0,6,0,-17,-5,-5,-5,sil
24.74137306213379,-9,-4,-17,-3,-3,0,4,-1,4,-5,-13,-13,-8,-9,sil
24.74137306213379,2,-3,0,-6,-13,-5,0,0,1,-4,-7,-8,0,-5,sil
24.7572238445282,1,-5,-1,-10,-5,-8,-2,-1,0,-8,-9,-7,2,-9,sil
24.7572238445282,-8,0,-11,-5,-4,-13,-1,-1,0,-11,0,-4,0,-10,sil
24.7717547416687,2,10,16,0,-10,-14,-3,3,0,-8,18,14,9,1,sil
24.788321256637573,24,15,16,12,3,-10,-4,4,8,-1,26,28,20,15,sil
24.788321256637573,18,16,14,11,15,-5,-4,6,11,2,30,23,15,7,sil
24.788321256637573,-9,9,0,3,7,-3,-2,2,5,4,26,6,1,-14,sil
24.804452657699585,-13,4,-5,8,5,0,-1,0,-7,1,12,-4,-4,-14,sil
24.804452657699585,8,8,16,16,12,10,1,2,-19,-4,2,4,-1,9,sil
24.81896734237671,6,-5,1,2,0,10,1,-3,-20,-5,-4,0,-7,6,sil
24.835514783859253,-18,-20,-10,-10,-12,6,2,-10,-21,-4,-21,-23,-22,-13,sil
24.835514783859253,-20,-9,-9,1,-2,13,20,0,-2,11,-22,-20,-13,-1,sil
24.835514783859253,4,-1,-5,7,1,6,26,9,23,29,-2,0,10,24,sil
24.849024772644043,12,-4,7,-9,-10,-10,2,4,18,18,7,11,13,24,sil
24.86443972587585,6,-3,-4,-15,-12,-14,-14,-3,1,-2,0,9,0,7,sil
24.86443972587585,5,0,-2,-17,-6,-5,-14,-2,0,-18,-2,10,-3,-2,sil
24.87997889518737,4,5,7,-12,0,0,-8,0,1,-13,11,12,2,-6,sil
24.87997889518737,2,13,1,13,9,3,-1,2,0,-4,14,2,1,-5,sil
24.89535021781921,-4,7,0,23,14,9,0,-1,-7,-6,-17,-17,-14,-8,sil
24.89535021781921,-21,-11,-15,0,2,9,0,-14,-10,-6,-39,-31,-22,-17,sil
24.911352157592773,-15,-16,-12,-17,-3,2,6,-7,2,1,-16,-17,0,-9,sil
24.911352157592773,3,-6,3,-9,4,-2,6,5,16,7,9,7,25,4,sil
24.92681622505188,8,1,7,0,3,-8,-11,0,0,-1,5,16,14,0,sil
24.92681622505188,5,18,14,5,-1,-6,-21,2,-19,-12,2,15,-4,-2,sil
24.9424569606781,6,23,8,18,11,4,-4,6,-8,-2,12,9,2,3,sil
24.9424569606781,5,2,8,20,18,13,17,2,0,11,4,-2,5,1,sil
24.958083868026733,3,-5,1,12,6,11,25,1,1,15,-12,-11,-6,3,sil
24.958083868026733,2,0,-10,0,-10,-7,6,4,12,3,-8,-5,-8,9,sil
24.9742214679718,2,-9,-2,-18,-19,-20,-19,0,10,-10,5,3,1,1,sil
24.9742214679718,1,-14,-5,-21,-16,-11,-17,-7,1,-7,16,6,3,-7,sil
24.990273475646973,0,0,-4,-11,-8,-9,-6,-4,-4,-2,12,6,-3,-5,sil
24.990273475646973,-4,4,4,3,0,-8,-2,2,-9,-3,4,-2,-2,-3,sil
25.00599312782288,-4,2,5,16,8,15,7,4,-4,6,0,-12,0,4,sil
25.00599312782288,-8,0,1,9,5,27,19,0,7,20,-7,-16,-8,7,sil
25.02116322517395,-18,-11,-14,-6,-3,7,18,-2,13,23,-11,-13,-5,0,sil
25.02116322517395,-8,-16,-10,-14,-6,-3,4,5,14,19,-1,4,16,6,sil
25.036836624145508,2,-4,0,-12,-6,-4,-10,4,14,9,10,18,21,8,sil
25.036836624145508,1,3,-3,-10,-10,-14,-22,-9,-6,-16,4,4,-2,-19,sil
25.05324101448059,7,14,2,0,-2,-8,-23,-8,-23,-30,0,1,-16,-26,sil
25.05324101448059,8,21,2,14,11,4,-10,1,-10,-16,13,17,-1,-1,sil
25.06826663017273,-3,7,2,12,5,1,0,5,-9,-15,9,8,-1,1,sil
25.06826663017273,-8,-6,2,1,-3,-3,0,0,-28,-28,-13,-18,-20,-10,sil
25.08341884613037,-5,-3,-2,3,7,6,6,-2,-21,-18,-24,-23,-20,-5,sil
25.08341884613037,-5,0,5,10,19,11,17,0,4,7,-11,-6,-3,9,sil
25.099012851715088,1,-8,6,-1,8,10,17,1,22,22,1,3,15,21,sil
25.099012851715088,8,-12,3,-20,-1,8,18,1,26,16,-2,2,22,24,sil
25.114314556121823,5,-5,-1,-18,1,4,24,2,26,10,-8,0,14,14,sil
25.114314556121823,4,1,-6,-2,3,-2,12,0,22,12,-8,2,8,6,sil
25.129528045654297,9,7,9,6,-5,-13,-10,-1,3,2,-4,12,10,3,sil
25.129528045654297,12,9,8,9,-15,-22,-18,-2,-14,-9,13,19,8,-4,sil
25.14546298980713,16,12,8,7,-13,-19,-22,0,-19,-9,31,20,5,-5,sil
25.14546298980713,10,13,5,5,0,-4,-24,1,-9,-1,25,16,7,0,sil
25.16147303581237,-9,0,-10,4,8,1,-15,0,-1,0,5,-1,-2,-7,sil
25.16147303581237,-18,-12,-6,2,2,7,-3,0,1,4,-10,-16,-21,-13,sil
25.177053213119507,-6,-5,-1,13,2,19,11,4,8,13,-15,-15,-15,-6,sil
25.177053213119507,3,1,1,20,8,21,21,4,7,13,-10,-8,-4,4,sil
25.193159103393555,2,-1,1,14,7,6,18,-1,1,14,1,-6,-1,12,sil
25.193159103393555,0,-6,-9,5,0,0,6,-4,8,19,3,-8,3,9,sil
25.208510160446167,-1,-13,-8,-10,-8,0,-5,-1,8,6,-5,-9,-1,-3,sil
25.208510160446167,-10,-15,-15,-31,-5,-8,-12,-5,-6,-13,-6,-15,-10,-10,sil
25.22403335571289,-6,0,-9,-28,0,-17,-8,-2,-9,-17,0,-8,-2,-6,sil
25.22403335571289,8,11,11,-10,-2,-8,-3,6,-3,-8,11,13,6,-6,sil
25.239585876464844,9,9,5,-12,-7,0,-2,1,-8,-7,17,19,6,-6,sil
25.239585876464844,1,12,7,-19,0,1,0,-1,-12,-13,14,14,1,-3,sil
25.255203008651733,-3,15,9,-4,3,0,-1,1,-10,-15,5,6,-8,-12,sil
25.255203008651733,-10,8,5,7,0,-4,-9,2,-24,-17,0,-7,-18,-20,sil
25.270753145217896,-11,7,5,16,0,1,-1,0,-27,-10,0,-11,-9,-2,sil
25.270753145217896,-9,2,-3,24,8,13,13,0,0,2,-5,-7,1,12,sil
25.286160469055176,-9,-13,-4,10,0,13,18,0,13,8,-25,-5,0,9,sil
25.286160469055176,-9,-20,-6,0,-7,8,17,-1,16,17,-29,-6,7,9,sil
25.30132031440735,-2,-16,-8,2,0,2,11,1,29,21,-12,-2,18,16,sil
25.30132031440735,6,-11,-6,-4,2,-4,4,5,38,12,-3,4,17,19,sil
25.31742286682129,15,-1,-7,-10,-4,-11,0,0,25,4,0,8,12,14,sil
25.31742286682129,15,5,6,-7,-9,-18,-21,-3,-2,-7,0,13,2,-3,sil
25.333452701568604,3,3,0,-5,-5,-20,-34,0,-20,-25,0,8,-9,-21,sil
25.333452701568604,-5,1,-6,-1,-2,-10,-21,1,-23,-27,-5,-5,-18,-18,sil
25.34920454025269,-5,0,11,11,2,6,-6,-1,-23,-11,-10,-9,-17,-6,sil
25.34920454025269,-3,-1,3,21,7,14,2,-4,-11,7,-11,-11,-9,-4,sil
25.36532187461853,-6,-5,-6,9,0,11,10,0,7,15,-16,-15,-4,-4,sil
25.36532187461853,-1,-5,-4,-7,0,9,12,5,23,20,-5,-3,6,6,sil
25.38141393661499,17,2,0,-9,6,3,9,1,26,26,29,17,22,19,sil
25.38141393661499,22,9,15,-6,0,-7,1,-1,3,7,38,21,15,8,sil
25.397342205047607,2,3,6,-15,-4,-10,-10,-6,-23,-17,20,9,0,-10,sil
25.397342205047607,2,5,2,-14,0,-4,-7,0,-26,-18,26,13,1,-3,sil
25.41237139701844,21,25,13,15,9,-1,2,6,-6,-2,46,25,14,13,sil
25.41237139701844,17,32,15,42,17,3,10,2,6,7,34,16,14,12,sil
25.427743911743164,1,18,12,27,13,13,17,2,5,11,5,0,7,5,sil
25.4432430267334,-6,0,-6,5,1,13,21,0,9,13,-4,-7,4,7,sil
25.4432430267334,-11,-9,-7,0,-2,5,10,0,8,7,-13,-11,-7,7,sil
25.4432430267334,-17,-13,-7,0,-1,-1,-1,0,0,3,-26,-20,-19,0,sil
25.458510637283325,-18,-20,-20,-10,-5,-2,-3,-1,-5,2,-33,-28,-17,-11,sil
25.458510637283325,-20,-25,-15,-18,-9,2,-9,-6,-8,-2,-33,-26,-20,-19,sil
25.474125146865845,-19,-21,-15,-16,-8,4,-9,-8,-4,-5,-26,-22,-20,-14,sil
25.48922777175904,-4,-10,-6,-9,-8,0,4,-1,9,-1,-21,-7,-3,-2,sil
25.48922777175904,2,-3,0,-5,-6,-3,11,4,21,0,-17,0,7,0,sil
25.48922777175904,-5,-5,-13,-14,-6,-12,-8,1,3,-12,-5,-8,-2,-11,sil
25.505268573760983,-6,-3,-5,-20,-8,-18,-27,-1,-14,-19,1,-1,-5,-14,sil
25.505268573760983,0,0,1,-16,-4,-12,-16,-2,0,-9,0,13,3,-2,sil
25.52132129669189,5,7,7,-12,1,-3,0,0,9,-1,5,14,5,6,sil
25.52132129669189,13,18,21,0,3,0,4,1,-5,-5,16,22,6,6,sil
25.537455081939697,18,17,16,15,4,1,-4,0,-9,-9,19,31,9,3,sil
25.537455081939697,20,9,17,17,5,1,-13,1,-5,-4,18,24,4,4,sil
25.552303791046143,21,13,10,17,12,4,-4,4,-4,7,20,10,8,7,sil
25.552303791046143,11,15,4,18,15,9,10,3,-1,11,11,1,9,7,sil
25.568332195281982,-4,2,6,14,6,12,14,4,-1,2,0,-6,0,1,sil
25.568332195281982,-11,-6,-3,16,4,11,14,1,-10,2,-5,-14,-5,0,sil
25.584121227264404,-10,-7,-5,8,3,14,14,2,-5,8,-10,-17,-3,1,sil
25.60029435157776,-13,-8,-12,4,-1,12,16,4,15,17,-4,-13,3,5,sil
25.60029435157776,-10,-12,-11,5,-7,0,7,0,14,12,-2,-13,8,4,sil
25.60029435157776,-7,-17,-5,-2,-14,-12,-9,-9,-3,-1,-15,-18,-3,-2,sil
25.61429023742676,-9,-16,-13,-11,-20,-16,-15,-9,-5,-2,-14,-12,-11,-7,sil
25.632391929626465,-7,-8,-4,-12,-16,-14,-5,-1,0,-1,-3,3,-5,-4,sil
25.632391929626465,-7,-8,-5,-15,-6,-10,-3,0,0,-10,-10,-5,-5,-7,sil
25.632391929626465,-2,-6,-10,-19,-4,-8,-14,-4,-3,-14,-7,-7,-3,-8,sil
25.647019147872925,18,11,7,-9,-2,-7,-16,-1,0,-5,21,27,14,8,sil
25.647019147872925,26,17,14,0,7,-7,-6,0,3,-2,34,39,21,17,sil
25.662062644958496,14,11,15,-6,14,-2,-1,0,0,-10,17,19,5,2,sil
25.662062644958496,15,20,9,0,13,1,-1,3,-2,-6,18,18,2,0,sil
25.67719435691833,20,25,7,11,8,0,0,4,-1,7,28,22,6,13,sil
25.69441795349121,0,8,3,8,9,1,1,0,-7,0,5,-3,-11,0,sil
25.69441795349121,-21,-4,-6,10,14,13,9,-1,-12,-8,-24,-31,-30,-25,sil
25.69441795349121,-17,-4,1,12,7,22,17,6,-1,7,-20,-21,-26,-17,sil
25.70909428596497,-5,-6,-3,1,1,17,18,5,16,27,-5,-5,-4,4,sil
25.70909428596497,-3,-6,-18,1,8,8,16,1,16,17,-15,-15,8,0,sil
25.725362062454224,-9,-2,-4,19,9,10,10,1,5,8,-24,-24,4,-9,sil
25.73943781852722,-14,-7,0,12,-3,4,-1,-6,4,15,-12,-18,0,-2,sil
25.73943781852722,-6,-11,2,-13,-15,-2,-5,-3,7,9,-4,-10,4,7,sil
0.0867159366607666,10,6,13,0,3,-3,-6,6,22,10,14,15,21,5,thankyou
0.0867159366607666,10,10,1,0,3,-3,-1,-1,15,-3,17,20,16,5,thankyou
0.1027572154998779,-3,8,-9,-1,5,-14,-15,-9,-14,-34,3,-3,-9,-14,thankyou
0.1027572154998779,0,8,10,-5,-1,-21,-26,0,-12,-28,0,-6,-11,-21,thankyou
0.1179685592651367,9,9,0,0,0,-8,-8,4,10,-1,14,1,2,-9,thankyou
0.1179685592651367,-6,8,4,6,10,11,8,4,0,-4,6,-6,-9,-10,thankyou
0.1337902545928955,-25,-6,-6,-2,10,21,19,1,-13,-9,-21,-23,-28,-19,thankyou
0.1337902545928955,-7,-20,-9,-12,1,24,31,0,5,5,-29,-22,-22,0,thankyou
0.1489789485931396,5,-17,3,-11,-6,21,23,4,17,6,-21,-8,-5,17,thankyou
0.1489789485931396,-3,-18,-16,-14,-16,-1,-2,-2,-1,-6,-13,1,1,2,thankyou
0.1646406650543213,2,-12,2,-19,-20,-21,-18,-6,-24,-22,-3,20,-2,-5,thankyou
0.1646406650543213,1,0,11,-17,-14,-17,-15,-2,-26,-27,0,20,-14,-1,thankyou
0.1802015304565429,-21,-1,-12,-11,-8,-5,-11,-4,-27,-18,-7,-9,-17,-12,thankyou
0.1802015304565429,-25,0,-3,2,2,13,0,0,-29,2,-8,-16,-8,-14,thankyou
0.195735216140747,-7,1,-3,17,12,20,18,4,-14,25,-3,0,3,5,thankyou
0.195735216140747,-5,-8,5,1,0,4,12,0,3,26,0,8,10,15,thankyou
0.2116944789886474,-9,-11,1,-14,-13,-5,-3,-3,11,9,5,12,15,8,thankyou
0.2116944789886474,10,0,-8,-7,-4,-14,-10,-3,14,-1,9,21,17,8,thankyou
0.2268550395965576,27,9,14,-7,1,-23,-17,2,15,0,15,33,20,10,thankyou
0.2268550395965576,25,16,8,-4,-1,-18,-17,3,16,8,30,30,24,5,thankyou
0.2429654598236084,24,31,9,18,7,-4,-14,1,5,10,32,17,14,9,thankyou
0.2429654598236084,15,30,17,35,19,8,-5,3,-7,3,9,-1,0,10,thankyou
0.2589867115020752,-8,6,-1,24,9,13,8,0,-2,0,-14,-19,-11,-1,thankyou
0.2589867115020752,-15,-7,-7,6,0,16,13,-4,5,4,-18,-26,-13,-6,thankyou
0.2747867107391357,-11,-14,-11,-6,0,12,7,-3,6,8,-13,-38,-12,-6,thankyou
0.2747867107391357,-13,-19,-10,-16,-1,0,10,0,11,2,-23,-44,-18,-13,thankyou
0.2899525165557861,-7,-10,-5,-13,-6,-13,12,2,17,-5,-21,-23,-11,-6,thankyou
0.2899525165557861,5,-6,-6,-13,-8,-18,-5,1,3,-9,-1,5,8,1,thankyou
0.3059837818145752,9,-6,4,-15,-6,-11,-17,0,-6,-11,10,14,8,0,thankyou
0.3059837818145752,6,5,4,-4,0,-6,-7,0,7,-8,15,6,0,-5,thankyou
0.3215432167053222,0,16,5,8,11,-6,-10,1,3,-14,14,9,-1,-13,thankyou
0.3215432167053222,-5,6,7,19,12,0,-17,2,-24,-19,4,9,-6,-14,thankyou
0.3376343250274658,-3,-2,-4,20,3,13,0,0,-22,1,7,1,-1,0,thankyou
0.3376343250274658,0,0,2,14,0,18,11,0,-8,12,12,3,5,3,thankyou
0.352787971496582,-8,0,4,17,0,7,4,-3,-18,-9,-8,1,-9,-2,thankyou
0.352787971496582,-9,-7,-2,7,0,0,12,-5,-17,-11,-23,-5,-17,4,thankyou
0.3679690361022949,1,-7,-4,-8,0,11,31,4,5,18,-5,3,8,17,thankyou
0.3679690361022949,8,-5,-4,0,0,22,28,8,15,26,6,10,24,17,thankyou
0.383650541305542,1,-9,2,5,-8,16,11,-1,7,8,-9,-1,4,15,thankyou
0.383650541305542,-9,-15,-10,-15,-6,6,8,-5,13,5,-25,-13,-10,4,thankyou
0.3987345695495605,-2,-9,-12,-25,0,0,14,0,21,11,-10,-3,0,1,thankyou
0.3987345695495605,11,5,0,-7,-5,-2,9,3,22,12,15,9,18,13,thankyou
0.4143905639648437,7,5,-1,0,-8,-8,-12,-4,19,5,15,11,14,9,thankyou
0.4143905639648437,1,1,2,-13,-2,-14,-24,-7,6,-8,1,8,0,-11,thankyou
0.429978609085083,6,11,6,-14,3,-11,-19,-5,-12,-18,0,6,-4,-16,thankyou
0.429978609085083,0,13,0,-10,4,-15,-29,-3,-25,-24,0,-3,-8,-17,thankyou
0.4456739425659179,-10,6,-2,-13,2,-24,-42,0,-27,-31,0,-10,-16,-24,thankyou
0.4456739425659179,0,11,2,-4,4,-19,-29,-1,-21,-25,8,-2,-10,-22,thankyou
0.4608151912689209,6,17,10,11,1,-9,-18,-1,-16,-8,5,4,-3,-13,thankyou
0.4608151912689209,-3,7,4,14,-3,-3,-16,6,-12,2,3,0,-3,-5,thankyou
0.4759860038757324,-8,3,7,15,3,6,1,12,-3,9,12,1,0,4,thankyou
0.4759860038757324,-2,0,12,19,8,9,16,4,2,13,2,2,4,8,thankyou
0.4916450977325439,-1,-11,0,11,0,3,10,0,-1,8,-13,-7,-2,3,thankyou
0.4916450977325439,5,-5,3,10,3,15,20,6,1,9,-4,-4,-5,13,thankyou
0.5081274509429932,14,5,5,18,15,29,43,8,20,26,6,11,8,31,thankyou
0.5081274509429932,6,-5,-1,11,7,20,39,0,32,26,-3,11,15,27,thankyou
0.5229330062866211,0,-11,-5,5,0,12,27,-2,34,13,-2,-2,9,18,sil
0.5239331722259521,1,-12,-8,-1,0,5,25,0,28,14,5,-12,7,17,sil
0.5386285781860352,-4,-23,-8,-24,-12,-8,7,0,12,9,-11,-12,3,3,sil
0.5545313358306885,-11,-19,-19,-28,-14,-9,-10,-4,3,-5,-18,-12,0,-6,sil
0.5545313358306885,-5,-1,-12,-12,-5,-4,-11,-4,0,-7,0,-7,4,-2,sil
0.5545313358306885,-9,-4,-1,-14,-7,-13,-14,-2,-10,-13,0,-1,0,-14,sil
0.570704460144043,-12,-7,-5,-22,-9,-19,-17,-6,-13,-20,-6,0,-7,-29,sil
0.570704460144043,0,13,8,-9,-3,-9,-18,-5,-17,-12,11,6,-4,-18,sil
0.5862882137298584,4,24,9,9,1,-3,-24,0,-24,-10,17,12,-1,-9,sil
0.5862882137298584,1,15,1,5,1,-4,-22,0,-16,-15,10,12,-3,-13,sil
0.6023173332214355,10,13,12,-6,0,-3,-14,0,-7,-10,18,13,0,-2,sil
0.6023173332214355,15,16,13,8,3,2,-7,2,-12,-6,15,13,2,8,sil
0.6179413795471191,5,13,5,27,9,9,0,3,-14,-6,-2,9,-7,2,sil
0.6179413795471191,-1,5,-3,20,9,8,0,0,-14,-2,-9,0,-16,-4,sil
0.6354074478149414,0,1,2,15,7,5,-4,-3,-16,-1,-16,-11,-10,-1,sil
0.6354074478149414,0,0,7,23,1,10,10,0,-6,5,-18,-8,3,5,sil
0.649791955947876,-4,-12,-11,13,-5,12,27,2,8,15,-12,-16,0,2,sil
0.649791955947876,-15,-26,-12,-13,-9,8,21,3,11,7,-25,-31,-19,-7,sil
0.6655726432800293,-7,-24,-8,-21,-9,4,12,3,15,3,-28,-23,-9,0,sil
0.6655726432800293,3,-17,-8,-13,-12,-1,8,1,23,13,-8,-3,15,12,sil
0.6807386875152588,0,-13,-1,-12,-10,0,2,0,27,16,0,0,14,8,sil
0.6968133449554443,0,-6,-1,-15,0,0,4,-3,24,6,3,0,4,5,sil
0.6968133449554443,5,2,2,-8,8,-11,4,-5,17,-4,12,7,10,7,sil
0.6968133449554443,4,11,3,0,5,-11,-3,0,14,-5,19,16,17,6,sil
0.7136166095733643,7,15,1,2,7,-8,-8,6,15,6,29,26,21,8,sil
0.7136166095733643,17,24,10,2,16,-7,0,3,5,11,37,33,20,7,sil
0.7278761863708496,14,21,6,5,16,-1,0,-1,-16,-3,29,23,3,4,sil
0.7288758754730225,0,7,2,4,9,-2,-10,-1,-34,-24,9,4,-21,-3,sil
0.7440252304077148,-10,1,-1,7,5,-6,-12,0,-35,-24,-8,-10,-32,-19,sil
0.7440252304077148,-18,-3,-5,5,0,1,-4,0,-31,-13,-21,-22,-25,-25,sil
0.7606556415557861,-30,-13,-4,-2,-4,9,-6,-1,-30,-9,-37,-28,-24,-22,sil
0.7606556415557861,-29,-14,-14,1,-4,6,-6,-1,-12,1,-33,-23,-17,-15,sil
0.7763125896453857,-11,-2,-2,9,-3,6,8,4,11,16,-6,-7,1,1,sil
0.7773127555847168,0,2,9,-1,-7,4,14,8,25,25,3,1,14,13,sil
0.7919352054595947,7,-1,5,-9,-14,-5,0,2,32,30,-1,3,14,15,sil
0.7919352054595947,24,0,10,-1,-13,-4,-2,-1,34,25,12,21,22,23,sil
0.8080973625183105,28,0,2,0,-2,-3,0,-2,24,12,29,31,29,20,sil
0.8232266902923584,13,0,0,-10,-5,-16,-12,-3,0,-7,20,19,13,0,sil
0.8232266902923584,10,4,9,-9,-10,-13,-22,-3,-19,-27,8,7,-2,-2,sil
0.8232266902923584,13,10,6,6,4,7,-2,-4,-17,-24,6,6,0,6,sil
0.8388552665710449,5,9,3,22,17,22,19,0,-10,-1,5,0,6,4,sil
0.8388552665710449,-6,-1,-11,19,7,19,20,0,-8,6,-3,-18,0,-3,sil
0.8553252220153809,-11,-14,-15,0,-3,14,9,-2,0,-4,-25,-34,-10,-7,sil
0.8553252220153809,-8,-13,-6,-12,-3,8,13,3,13,0,-27,-26,-4,0,sil
0.8689305782318115,0,-10,-6,-18,-7,-6,13,6,15,10,0,-5,7,4,sil
0.8689305782318115,4,-5,-1,-23,-14,-19,-14,-1,-3,-10,3,1,0,-8,sil
0.8840525150299072,-1,6,-1,-13,-5,-17,-30,-3,-19,-38,-11,-3,-20,-22,sil
0.8996279239654541,-2,13,3,0,8,-7,-11,1,-16,-27,-3,-1,-21,-17,sil
0.8996279239654541,-1,8,6,4,12,1,1,-1,-16,-5,10,3,-13,-14,sil
0.914576292037964,-11,8,-6,17,14,3,1,-6,-23,-1,-4,-2,-17,-15,sil
0.914576292037964,-18,11,-1,26,14,11,10,1,-17,2,-23,-9,-19,-1,sil
0.9300992488861084,-11,-2,0,21,8,23,24,8,7,23,-13,-5,-2,11,sil
0.9300992488861084,-7,-15,-2,13,5,14,21,4,25,31,-2,0,10,11,sil
0.94618821144104,-15,-9,-2,3,-1,-3,2,0,24,22,-7,-1,7,4,sil
0.94618821144104,-10,-7,-7,-6,-12,-18,-17,-1,17,11,-5,-1,4,3,sil
0.961390495300293,14,-12,4,-17,-13,-18,-19,0,20,4,11,14,11,9,sil
0.961390495300293,26,-5,8,-25,-9,-8,-4,2,27,5,24,29,20,17,sil
0.97751784324646,18,4,6,-13,-6,-10,-5,1,18,5,28,31,20,17,sil
0.97751784324646,15,13,13,2,-4,-15,-18,-1,1,-2,29,29,13,11,sil
0.9930858612060548,16,12,4,-6,-1,-7,-15,-5,-8,-11,30,24,6,5,sil
0.9930858612060548,11,10,2,-17,4,1,-4,-2,-14,-13,24,15,1,0,sil
1.0089988708496094,0,11,4,3,17,8,1,2,-13,-6,6,0,-1,-2,sil
1.0089988708496094,-8,9,1,27,17,15,9,2,-8,2,-5,-14,-2,-1,sil
1.024996995925903,-7,9,2,31,9,23,17,0,-10,9,-6,-23,-3,-4,sil
1.024996995925903,-5,1,-12,17,6,19,18,-1,-15,9,-20,-32,-7,-11,sil
1.0399746894836426,-18,-14,-12,0,2,10,17,-4,-11,0,-37,-38,-15,-17,sil
1.0399746894836426,-27,-16,-6,-2,-7,8,15,-2,2,-1,-36,-38,-17,-17,sil
1.0553743839263916,-18,-11,-11,-10,-18,0,2,1,10,3,-27,-29,-8,-8,sil
1.0553743839263916,-2,-9,-7,-25,-15,-9,-8,5,8,1,-15,-10,1,0,sil
1.0709662437438965,9,-10,-9,-21,-6,-17,-7,4,4,-6,-3,1,3,0,sil
1.0709662437438965,9,-7,0,-17,-14,-18,-14,0,-5,-17,-5,4,1,0,sil
1.0865743160247805,4,-5,3,-21,-16,-18,-25,-3,-18,-27,0,13,2,2,sil
1.0865743160247805,9,-1,2,-11,0,-18,-23,-4,-20,-26,21,23,3,5,sil
1.102571725845337,22,14,22,7,9,-7,-17,0,-11,-6,34,36,7,4,sil
1.102571725845337,21,26,22,24,6,0,-2,0,0,7,31,35,10,6,sil
1.1180977821350098,2,13,9,26,2,1,6,-3,-7,-3,9,10,-10,0,sil
1.1180977821350098,-13,0,-1,18,1,12,7,-3,-14,-11,-9,-6,-20,-8,sil
1.1337885856628418,-10,-2,-7,16,8,25,20,3,2,6,-5,-1,1,0,sil
1.1337885856628418,-7,-5,4,11,9,23,31,7,17,25,-1,0,7,14,sil
1.1499338150024414,-8,-14,-1,-2,1,11,17,0,24,30,-5,-7,1,14,sil
1.1499338150024414,5,-6,-8,-7,0,0,2,-2,43,33,3,0,18,12,sil
1.1649038791656494,13,7,-5,-8,0,-5,1,7,49,29,12,9,27,9,sil
1.1649038791656494,0,0,-8,-18,-1,-6,0,8,28,12,7,6,14,-1,sil
1.1805942058563232,-8,-3,0,-22,2,-7,-1,0,6,-13,4,0,-4,-9,sil
1.1805942058563232,0,6,0,-10,3,-9,-2,-3,-12,-28,0,-7,-23,-14,sil
1.1956639289855957,-1,8,-3,5,0,-3,-12,-1,-29,-24,-9,-14,-24,-25,sil
1.1956639289855957,-7,8,1,18,6,6,-13,-3,-29,-14,-9,-15,-8,-24,sil
1.2108101844787598,-4,12,0,25,10,3,1,-8,-18,-9,-4,-13,-5,-5,sil
1.2108101844787598,0,7,10,27,6,3,10,-1,-15,-6,-7,-6,-13,4,sil
1.228452205657959,0,-2,4,19,2,9,9,1,-13,3,-10,-4,-5,2,sil
1.228452205657959,-3,-9,-4,3,-5,3,3,0,-3,10,-8,-8,5,10,sil
1.2418591976165771,2,-10,-1,-3,-14,-3,1,1,8,13,-4,-1,11,22,sil
1.2418591976165771,6,-12,-6,-3,-14,-3,5,0,8,13,0,2,9,15,sil
1.2574057579040527,-2,-14,-3,-20,-14,-6,-3,-3,0,2,0,1,1,0,sil
1.2574057579040527,-2,-11,-4,-32,-14,-13,-22,-3,-2,-9,0,4,0,0,sil
1.2728095054626465,17,-2,-1,-17,-5,-16,-26,0,-4,-8,2,15,6,6,sil
1.2728095054626465,19,6,10,-7,0,-14,-20,2,-7,-4,8,21,5,0,sil
1.2882258892059326,-1,4,-3,-12,0,-13,-17,-2,-4,-8,13,12,0,-9,sil
1.2882258892059326,-9,5,-2,-13,9,-3,-15,-4,-5,-13,15,9,0,-12,sil
1.3039519786834717,-8,8,1,-7,11,7,-9,1,-8,-9,7,1,1,-15,sil
1.319869041442871,-17,0,-5,1,0,11,-2,4,-9,-1,-7,-15,-4,-16,sil
1.319869041442871,-16,-3,3,13,3,22,15,5,0,6,-11,-14,-7,-3,sil
1.319869041442871,-3,-1,4,12,12,27,36,7,12,15,-6,-5,0,7,sil
1.3342814445495603,-2,-4,1,2,1,10,31,3,11,7,-13,-14,-1,2,sil
1.3342814445495603,-6,-6,-1,4,-8,0,14,-2,8,-1,-23,-19,-8,0,sil
1.349806547164917,0,-2,-5,-3,0,0,7,-2,25,2,-11,-5,0,3,sil
1.349806547164917,9,5,2,-16,2,-8,2,0,26,0,10,12,10,0,sil
1.3679189682006836,14,10,2,-5,-2,-16,0,-4,1,-9,17,21,10,-3,sil
1.3679189682006836,8,8,2,2,-3,-11,-2,-5,-11,-8,7,12,0,1,sil
1.3819372653961182,0,6,4,7,4,0,-1,1,-8,0,4,-3,-6,2,sil
1.3975024223327637,4,8,7,34,11,14,10,4,-1,15,15,0,2,12,sil
1.3975024223327637,19,10,18,43,8,21,29,6,14,37,17,15,11,29,sil
1.3975024223327637,11,0,0,17,0,8,23,2,23,37,6,3,1,17,sil
1.413224220275879,0,-6,-9,0,-6,-9,-1,-3,12,10,0,-6,-7,-5,sil
1.4298996925354004,9,-2,2,0,-7,-8,-11,0,6,-7,8,12,3,3,sil
1.4298996925354004,15,0,-1,-4,-4,-10,-16,0,-2,-17,19,23,11,12,sil
1.4298996925354004,0,1,-1,-6,1,-17,-32,-3,-30,-32,6,7,-1,-9,sil
1.44565749168396,-7,6,-2,0,5,-12,-29,-1,-38,-32,-7,-7,-10,-23,sil
1.4611949920654297,-7,2,-3,4,0,0,-12,2,-23,-17,-12,-11,-14,-14,sil
1.4611949920654297,-17,-7,-8,3,0,13,-2,-1,-13,-2,-15,-18,-14,-4,sil
1.4611949920654297,-21,-16,-14,2,4,20,7,-3,0,15,-21,-21,0,6,sil
1.476517677307129,-13,-13,2,5,1,13,13,0,19,26,-23,-14,7,7,sil
1.476517677307129,-15,-14,0,0,-10,0,6,-3,15,16,-20,-8,0,-3,sil
1.4908854961395264,-15,-21,-8,-25,-16,-16,-7,-9,-9,-3,-16,-6,-4,-12,sil
1.506812572479248,-4,-13,-3,-33,-16,-19,-17,-7,-19,-18,-10,-1,-1,-14,sil
1.506812572479248,5,4,-4,-14,-8,-11,-19,-2,-2,-19,5,6,3,-12,sil
1.5219402313232422,7,9,6,-15,-2,-8,-20,1,3,-12,18,15,6,-10,sil
1.5219402313232422,3,4,0,-33,-7,-14,-14,4,0,-8,17,15,5,-8,sil
1.537513256072998,8,12,-6,-23,3,-7,1,7,5,-3,15,12,8,-2,sil
1.537513256072998,15,26,9,2,24,6,10,6,8,-1,12,8,8,4,sil
1.553159236907959,2,16,1,2,20,8,11,0,0,0,0,-11,0,6,sil
1.553159236907959,-9,0,-5,-8,8,10,12,4,-2,5,-6,-28,-5,0,sil
1.56866455078125,-2,2,-2,1,14,19,19,7,-4,10,-6,-23,-10,-7,sil
1.56866455078125,2,3,7,17,13,25,29,1,-4,12,0,-4,-14,2,sil
1.584749698638916,3,0,15,21,0,25,29,-1,-3,14,2,7,-6,19,sil
1.584749698638916,7,-5,2,22,-6,9,18,-3,-5,8,-4,2,-2,21,sil
1.601032257080078,5,-9,0,20,-2,0,10,-5,-4,0,-12,-3,-7,14,sil
1.601032257080078,0,-7,1,15,-1,6,8,0,11,11,-1,0,0,13,sil
1.6190199851989746,2,-4,2,12,-6,2,-2,4,31,25,11,13,18,18,sil
1.6190199851989746,8,-9,8,13,-11,-12,-11,-1,36,18,14,22,25,19,sil
1.6319162845611572,3,-11,-1,8,-7,-18,-6,-8,23,10,8,14,19,7,sil
1.6319162845611572,-2,0,0,-3,-3,-13,-7,-2,10,1,-1,4,3,-7,sil
1.6470189094543457,0,2,0,-8,-7,-11,-14,0,6,-14,-4,3,-5,-12,sil
1.6470189094543457,2,0,-8,-1,-5,-16,-16,-2,-2,-28,5,6,-1,-9,sil
1.6625328063964844,4,12,7,-3,0,-15,-16,3,-11,-26,15,15,1,-8,sil
1.6625328063964844,7,14,3,-18,-1,-14,-20,0,-16,-17,18,17,0,-14,sil
1.6781435012817385,0,7,-10,-16,0,-13,-28,-5,-29,-18,14,4,-3,-19,sil
1.6781435012817385,-7,8,-6,7,12,0,-12,6,-16,-9,6,-5,-1,-8,sil
1.6935436725616455,-10,2,-3,11,12,7,11,11,2,1,-9,-17,-5,0,sil
1.6935436725616455,-15,-4,1,-4,0,3,4,0,-13,-6,-28,-26,-23,-10,sil
1.7100648880004885,-11,-2,1,5,0,11,0,0,-13,-4,-21,-20,-18,-11,sil
1.7100648880004885,0,-5,2,14,1,19,16,2,11,18,-7,-9,0,-3,sil
1.725647211074829,-7,-8,-6,-1,-2,19,19,-7,-3,12,-15,-15,-8,-6,sil
1.725647211074829,-9,0,-11,-1,0,15,14,-9,-30,-9,-21,-19,-19,-4,sil
1.7416069507598877,3,3,10,9,5,11,19,-1,-18,-5,-9,-4,0,5,sil
1.7416069507598877,3,-4,5,-1,0,6,16,0,1,6,-2,0,8,9,sil
1.757234811782837,0,-10,-4,-10,0,0,1,2,14,13,-1,0,6,11,sil
1.757234811782837,4,-2,0,1,7,-4,2,7,30,28,12,15,22,17,sil
1.7728374004364014,2,-3,-7,-1,0,-8,0,0,24,24,15,20,24,18,sil
1.7728374004364014,5,-10,-5,-25,-16,-14,-13,-3,1,0,3,12,7,10,sil
1.7879769802093506,17,-2,0,-26,-9,-17,-11,4,0,0,13,14,15,8,sil
1.7879769802093506,11,6,5,-5,2,-18,-8,0,3,1,25,14,19,1,sil
1.8035259246826167,3,5,7,-6,-3,-14,-17,-8,-3,-18,8,7,-4,-12,sil
1.8035259246826167,4,2,-5,-21,-10,-15,-25,-6,-7,-28,-3,4,-17,-15,sil
1.8186798095703125,-8,2,-2,-19,-2,-14,-35,-4,-22,-26,-1,-3,-17,-19,sil
1.8186798095703125,-19,6,0,3,8,0,-31,-7,-34,-21,-1,-13,-20,-24,sil
2.2855706214904785,13,15,8,0,1,-7,-14,0,15,9,38,29,18,0,sil
2.2855706214904785,19,17,9,17,10,-2,-7,4,6,4,50,28,19,8,sil
2.300652027130127,16,16,12,21,12,-8,-19,0,-20,-27,34,16,0,-4,sil
2.300652027130127,8,6,7,10,10,-11,-23,-4,-32,-31,22,11,-6,-14,sil
2.316134214401245,1,0,8,7,6,0,-14,-4,-21,-18,18,8,-6,-3,sil
2.316134214401245,3,10,12,20,6,16,0,-1,-7,-2,16,0,-6,0,sil
2.331351518630981,8,11,9,25,13,18,10,0,-1,18,8,-1,-3,-2,sil
2.331351518630981,1,0,11,14,14,18,8,4,0,21,-6,0,-2,0,sil
2.3469772338867188,-4,-4,-1,8,9,26,16,1,3,11,-5,0,0,8,sil
2.3469772338867188,0,-3,-1,9,10,26,32,3,11,11,1,0,6,16,sil
2.3620498180389404,-5,-13,2,-9,1,16,29,4,10,2,-12,-8,0,5,sil
2.3620498180389404,-19,-26,-20,-35,-15,0,14,-3,2,-5,-35,-23,-15,-9,sil
2.3781185150146484,-8,-14,-14,-20,-11,-5,16,0,5,6,-32,-17,-12,0,sil
2.3781185150146484,4,1,1,9,0,2,25,4,24,27,-12,-2,4,13,sil
2.393815755844116,-5,-7,-5,-2,-4,0,15,0,28,16,-6,-5,10,3,sil
2.393815755844116,-20,-17,-16,-25,-12,-9,0,-4,11,-8,-17,-17,0,-6,sil
2.4098331928253174,-16,-8,-20,-14,-6,-13,-5,-3,0,-14,-24,-25,-9,-12,sil
2.4098331928253174,-5,-1,-4,-10,0,-9,-5,-1,2,-5,-13,-13,-3,-14,sil
2.425642967224121,-3,-3,-4,-15,0,-7,-4,1,4,7,1,6,8,-3,sil
2.425642967224121,-5,-1,-10,-7,-10,-13,-10,2,-2,7,5,8,9,0,sil
2.4408118724823,0,6,0,-6,-13,-15,-19,-1,-8,-2,7,4,10,-4,sil
2.4408118724823,8,12,5,-3,3,-11,-18,-3,-7,-6,13,15,15,-2,sil
2.456346273422241,10,19,18,10,11,-7,-14,3,-10,-7,16,27,1,2,sil
2.456346273422241,10,23,15,16,1,-5,-18,2,-16,-13,9,14,-13,0,sil
2.471563577651977,12,14,3,6,-2,-10,-27,-8,-22,-23,2,1,-10,-8,sil
2.471563577651977,8,3,6,0,-7,-12,-34,-6,-29,-31,8,4,-11,-12,sil
2.48758864402771,5,0,1,6,-10,-1,-23,1,-34,-25,15,3,-18,-7,sil
2.48758864402771,9,6,8,22,2,12,0,-1,-31,-15,5,-3,-14,0,sil
2.503619432449341,7,8,14,34,20,22,17,-1,-15,-2,-2,0,-4,11,sil
2.503619432449341,1,-1,3,26,19,28,26,8,7,14,0,8,2,19,sil
2.519651174545288,0,-4,7,14,10,29,28,7,22,29,-1,2,5,17,sil
2.519651174545288,-1,-8,0,12,7,19,22,-2,32,37,0,-6,8,16,sil
2.534810781478882,-10,-16,-8,1,4,7,17,0,35,38,3,-4,16,18,sil
2.534810781478882,-13,-16,-10,-20,-2,0,20,7,26,23,-3,-2,16,5,sil
2.549851417541504,-3,-7,-11,-27,-9,-12,15,0,17,1,-7,-2,6,-6,sil
2.549851417541504,6,0,0,-21,-8,-17,1,-1,14,-3,5,4,5,-6,sil
2.5663418769836426,0,0,-5,-20,-5,-19,-14,0,5,-7,10,0,6,-11,sil
2.5663418769836426,-4,2,-4,-17,-6,-17,-25,0,-9,-23,0,-7,-1,-16,sil
2.5828094482421875,1,15,7,0,0,-6,-24,0,-21,-22,1,-4,-6,-14,sil
2.5828094482421875,0,10,2,10,6,-1,-9,-1,-23,-5,1,-10,-13,-9,sil
2.5968801975250244,-9,-2,-4,4,5,6,12,0,-6,0,-11,-14,-15,-6,sil
2.612920045852661,-4,-7,-5,4,9,23,32,2,20,5,-18,-10,0,-2,sil
2.612920045852661,-5,-18,-5,-2,-2,17,27,3,20,7,-23,-15,0,-1,sil
2.612920045852661,-14,-27,-10,-19,-24,-2,5,1,9,0,-25,-13,-3,2,sil
2.629041910171509,0,-10,-3,-11,-13,-12,-1,0,24,11,2,12,17,16,sil
2.629041910171509,19,10,21,0,0,-13,-6,0,22,18,31,36,27,18,sil
2.6429028511047363,9,7,6,-5,-2,-14,-16,-4,-17,-16,17,23,0,0,sil
2.6429028511047363,-2,4,-9,-8,0,-12,-26,-13,-42,-38,-2,0,-23,-19,sil
2.6588730812072754,-2,12,0,3,4,-1,-26,-7,-38,-14,-2,-8,-23,-16,sil
2.6588730812072754,-3,6,2,14,4,8,-14,-1,-31,0,0,-4,-8,1,sil
2.674100399017334,0,0,9,21,12,16,1,-1,-21,0,0,0,0,7,sil
2.691108226776123,2,5,2,25,16,21,21,2,4,18,0,2,-2,7,sil
2.691108226776123,7,9,1,20,8,22,32,11,30,33,0,4,7,16,sil
2.691108226776123,10,6,8,6,0,13,21,9,37,24,0,3,18,19,sil
2.705833673477173,5,0,-3,0,-7,-9,4,0,27,17,3,2,15,8,sil
2.705833673477173,4,0,0,0,-6,-24,-9,0,15,9,8,13,17,8,sil
2.719932079315185,10,2,0,-10,-2,-17,-20,1,9,-5,12,16,17,10,sil
2.735640048980713,8,-1,-8,-23,-4,-13,-21,-4,-1,-14,13,12,3,-6,sil
2.735640048980713,2,4,-1,-18,-5,-21,-19,-6,-25,-27,13,11,-4,-20,sil
2.7520687580108643,-8,1,-2,-4,-4,-18,-19,-4,-44,-48,-2,-3,-16,-20,sil
2.7520687580108643,-22,-6,1,2,-3,2,-6,5,-37,-42,-29,-23,-34,-20,sil
2.7689461708068848,-21,-1,0,11,3,13,10,8,-12,-5,-27,-26,-27,-21,sil
2.7689461708068848,-17,-4,-11,11,4,8,5,-1,-2,11,-14,-28,-17,-14,sil
2.7689461708068848,-16,-15,-7,0,-2,12,1,-3,-3,1,-14,-28,-16,0,sil
2.7860443592071533,-1,-9,-3,-9,0,17,17,1,10,14,-8,-15,5,11,sil
2.7860443592071533,7,3,4,-1,7,18,25,2,27,37,6,0,23,13,sil
2.7988076210021973,4,1,5,7,10,17,20,0,27,24,14,8,12,10,sil
2.813761234283448,7,-8,-3,-10,2,-2,9,-2,7,-14,14,8,4,6,sil
2.813761234283448,12,-5,3,-31,-8,-20,-2,-4,-11,-25,12,14,6,0,sil
2.830777645111084,7,10,5,-4,-2,-8,-3,-1,-7,-1,20,17,2,-3,sil
2.830777645111084,1,16,6,26,7,8,0,2,3,11,13,6,-4,-2,sil
2.830777645111084,-3,3,0,22,3,6,0,3,4,10,-9,-5,-5,-2,sil
2.8459126949310303,-4,-6,-4,8,0,2,3,1,10,18,-11,-4,3,6,sil
2.8610427379608154,0,-4,6,3,0,11,13,3,21,23,6,6,11,16,sil
2.8610427379608154,5,-2,-4,3,0,10,16,0,22,15,4,8,14,18,sil
2.876687526702881,7,-2,-8,-6,0,-2,4,-1,5,4,-16,6,13,16,sil
2.876687526702881,13,-2,2,-17,0,-12,-8,0,-7,-4,-12,9,13,13,sil
2.8918607234954834,19,1,4,-7,-2,-17,-22,-2,-1,-5,9,19,15,7,sil
2.8918607234954834,6,3,4,-11,-11,-23,-31,0,2,-3,-2,15,2,-2,sil
2.907949447631836,-18,-8,-15,-35,-18,-26,-28,0,-6,-11,-30,-11,-22,-22,sil
2.907949447631836,-26,-9,-18,-29,-12,-17,-22,-4,-16,-27,-21,-33,-29,-38,sil
2.9239327907562256,-16,9,-2,0,0,-2,-21,-2,-22,-34,2,-28,-20,-38,sil
2.9239327907562256,0,16,3,11,5,0,-14,-1,-29,-30,10,-10,-15,-23,sil
2.9401986598968506,17,21,21,26,8,1,0,0,-22,-16,20,11,-4,2,sil
2.9401986598968506,17,22,23,41,17,14,11,2,0,7,31,27,13,25,sil
2.957093000411988,-5,4,8,34,22,20,18,4,10,26,22,17,18,22,sil
2.957093000411988,-18,-3,4,29,13,22,20,0,7,31,5,-4,4,4,sil
2.974207878112793,-9,-2,-1,33,6,20,16,-3,8,29,0,-15,-10,0,sil
2.974207878112793,2,-9,3,16,2,16,20,5,12,26,-2,-10,-5,10,sil
2.974207878112793,3,-13,0,-8,-10,10,31,7,19,18,-4,0,9,16,sil
2.987903118133545,1,-17,-9,-26,-23,4,24,-4,17,-1,-18,4,6,13,sil
3.00313663482666,-1,-28,-13,-43,-20,0,10,-5,2,-20,-35,0,-8,1,sil
3.00313663482666,-9,-24,-24,-46,-10,-2,1,-4,-4,-21,-30,-15,-8,-7,sil
3.019895553588867,-1,1,-8,-22,-3,-5,-11,-4,1,-4,-3,-4,4,-5,sil
3.019895553588867,12,17,6,0,6,-8,-22,1,6,13,22,18,21,1,sil
3.034587383270264,10,11,0,-4,8,-20,-24,4,-3,4,27,15,18,-1,sil
3.034587383270264,2,11,-1,-12,-3,-26,-17,0,-14,-22,16,-2,-4,-19,sil
3.049712419509888,4,8,-5,-1,-9,-14,-4,-5,-15,-25,5,-7,-16,-24,sil
3.049712419509888,1,2,0,0,-3,-7,-1,-1,-23,-21,-2,-3,-19,-14,sil
3.064514398574829,-3,3,1,0,0,-11,-9,0,-27,-33,-9,-3,-20,-8,sil
3.064514398574829,-5,4,6,17,5,-4,-8,0,-14,-19,-10,1,-9,-3,sil
3.080154657363892,-2,8,18,30,22,15,3,5,1,24,-1,11,8,11,sil
3.080154657363892,3,14,7,30,31,23,18,5,11,42,6,8,16,23,sil
3.095555305480957,-3,3,-1,26,13,14,14,0,6,17,-1,-12,0,10,sil
3.095555305480957,-23,-16,-9,3,-8,12,6,-1,0,2,-20,-33,-17,-7,sil
3.1107895374298096,-17,-16,-12,-22,-7,15,19,4,21,15,-13,-25,-1,0,sil
3.1107895374298096,9,-3,6,-20,1,8,19,8,44,18,5,0,18,14,sil
3.126238822937012,16,-9,5,-10,-7,-12,-9,0,19,0,-3,6,6,13,sil
3.126238822937012,12,-15,6,-16,-21,-23,-24,-7,-4,-8,-16,9,0,12,sil
3.142292022705078,12,-8,4,-18,-20,-16,-17,-2,6,0,6,25,15,14,sil
3.142292022705078,0,-8,-13,-20,-21,-17,-20,0,9,-4,25,21,16,0,sil
3.157938241958618,-16,-2,-5,-17,-18,-20,-26,-1,-8,-24,12,4,-4,-24,sil
3.157938241958618,-8,16,2,9,3,-6,-17,-4,-13,-19,16,2,-8,-26,sil
3.173881769180298,10,23,9,27,16,9,-13,-8,-10,-5,29,13,1,-10,sil
3.173881769180298,18,18,19,26,20,12,-11,-1,-17,-2,17,13,0,-2,sil
3.189845323562622,15,22,9,38,28,12,7,10,-16,4,6,6,-1,0,sil
3.189845323562622,4,22,9,38,27,29,34,12,-4,19,13,7,8,12,sil
3.205483913421631,-1,4,1,17,21,40,48,4,6,26,11,3,13,22,sil
3.205483913421631,2,0,-4,19,19,29,47,3,12,24,-3,-5,4,18,sil
3.2215964794158936,-2,1,-6,23,3,13,39,3,12,19,-21,-19,-3,9,sil
3.2215964794158936,-16,-21,-22,-17,-18,-6,19,-1,7,9,-36,-34,-9,0,sil
3.2376325130462646,-13,-36,-19,-57,-31,-22,-4,-2,5,0,-38,-31,-9,-8,sil
3.2376325130462646,-6,-27,-14,-51,-28,-21,-8,-3,7,-3,-28,-18,-3,-2,sil
3.25317120552063,-12,-26,-12,-43,-21,-18,-6,-9,0,-13,-31,-14,-11,1,sil
3.25317120552063,-20,-27,-10,-49,-22,-21,-22,-7,-13,-30,-34,-10,-19,-14,sil
3.2688865661621094,-11,-10,-6,-27,-18,-21,-29,-3,-9,-26,-2,5,-1,-21,sil
3.2688865661621094,8,12,12,5,0,-14,-18,0,4,-9,36,25,12,-8,sil
3.28497576713562,9,19,8,17,11,-8,-17,0,1,-11,31,20,0,-9,sil
3.28497576713562,4,19,7,17,8,-10,-23,-1,-14,-23,5,2,-15,-18,sil
3.300642967224121,16,29,24,19,6,-8,-19,-1,-16,-12,7,10,-8,-7,sil
3.300642967224121,18,22,10,18,7,0,-14,1,-16,0,6,11,-3,7,sil
3.315643548965454,0,1,-1,11,8,5,-19,0,-32,-15,-11,-2,-18,7,sil
3.315643548965454,-6,0,-4,7,10,8,-15,0,-28,-19,-2,-1,-15,0,sil
3.331173181533813,-14,1,-9,6,10,9,2,6,-1,5,21,2,6,-5,sil
3.331173181533813,-24,0,-3,14,8,21,19,9,13,21,16,-9,11,-4,sil
3.346729755401612,-10,3,-1,27,12,28,25,1,17,23,10,-8,10,6,sil
3.346729755401612,14,10,13,30,17,26,30,0,22,34,20,9,22,22,sil
3.3628041744232178,21,4,17,18,10,24,33,2,29,43,13,9,27,30,sil
3.3628041744232178,20,-7,2,0,-6,13,21,-2,28,31,-12,1,14,26,sil
3.37888240814209,19,-12,5,-9,-13,0,12,-5,18,14,-20,5,4,15,sil
3.37888240814209,5,-12,1,-6,-5,-8,19,0,18,16,0,7,11,14,sil
3.394506931304932,-13,-12,-6,-19,-7,-12,5,3,21,16,5,0,11,5,sil
3.394506931304932,-10,-8,-13,-30,-11,-16,-18,0,9,0,0,0,7,-8,sil
3.409976005554199,6,-1,-7,-17,-9,-21,-19,-5,-6,-16,2,8,8,-6,sil
3.409976005554199,8,0,7,-13,-15,-22,-19,-5,-17,-30,4,6,0,-8,sil
3.425888061523437,0,-2,-2,-21,-15,-17,-26,-1,-24,-38,-1,-5,-13,-22,sil
3.425888061523437,0,4,-2,-10,2,-7,-10,0,-18,-29,0,-5,-10,-20,sil
3.441577196121216,-3,10,-1,0,12,-2,5,2,-7,-7,10,1,0,-6,sil
3.441577196121216,-17,0,-13,0,7,-8,-3,5,-9,0,9,-5,-5,-10,sil
3.457184314727783,-16,-1,0,11,6,0,-9,4,-18,-7,-6,-16,-16,-22,sil
3.457184314727783,-2,8,6,25,10,18,-1,0,-21,-18,-19,-18,-24,-18,sil
3.472825765609741,8,8,5,16,4,14,0,0,-16,-13,-19,-6,-24,-1,sil
3.472825765609741,7,1,5,3,-1,11,9,6,1,8,-12,2,-16,13,sil
3.4884157180786133,-3,-3,-1,0,0,16,25,1,12,14,-15,-6,-12,16,sil
3.4884157180786133,-20,-7,-6,-2,-5,12,16,-5,-1,-7,-33,-23,-22,0,sil
3.5039279460906982,-23,-14,-18,-5,-11,0,0,-6,-8,-7,-29,-25,-19,-9,sil
3.5039279460906982,-2,-6,-4,0,-3,0,2,-2,11,20,0,-4,3,8,sil
3.5199806690216064,15,7,17,2,5,2,8,1,27,29,5,10,15,19,sil
3.5199806690216064,16,0,0,-4,0,-5,3,1,22,9,-8,6,14,10,sil
3.53575086593628,11,-6,-2,-12,-6,-11,-5,1,14,0,-2,9,21,5,sil
3.53575086593628,5,0,2,-5,-3,-7,-10,-1,19,12,22,22,35,10,sil
3.551021099090576,0,0,0,-4,0,-11,-14,-6,14,10,34,23,39,10,sil
3.551021099090576,0,0,3,-14,0,-19,-25,-8,-12,-9,34,22,25,0,sil
3.566569805145264,4,9,1,-4,0,-17,-28,-6,-31,-13,27,19,3,-11,sil
3.566569805145264,8,17,4,10,5,-5,-13,-2,-22,-4,16,10,-4,-7,sil
3.5825355052948,8,9,4,5,7,0,3,0,-6,-5,18,1,-1,-1,sil
3.5825355052948,1,-1,3,-4,1,0,4,4,-3,-8,18,-2,-7,-8,sil
3.598029375076294,-11,0,0,0,0,10,1,4,-11,-8,0,-9,-16,-17,sil
3.598029375076294,-22,-3,-15,7,7,20,4,1,-18,-17,-17,-24,-22,-18,sil
3.613922357559204,-19,-7,-3,13,6,22,7,3,-12,-13,-12,-17,-22,-8,sil
3.613922357559204,-5,0,4,16,0,17,12,5,6,9,-2,1,-7,5,sil
3.628952741622925,3,5,-1,13,0,5,17,4,18,20,-9,0,1,11,sil
3.628952741622925,3,0,2,11,1,6,18,8,22,23,-10,-10,3,13,sil
4.082577705383301,-1,-10,1,9,6,0,0,-2,16,28,-1,0,6,15,sil
4.082577705383301,2,-4,2,7,3,-3,-1,-7,8,24,4,2,6,12,sil
4.097744941711426,11,-3,5,-9,0,0,0,-1,15,12,10,8,12,11,sil
4.097744941711426,7,-6,0,-12,-2,-6,-2,1,20,12,0,13,8,10,sil
4.112898111343384,5,-1,0,0,-3,-22,-10,-3,16,6,-7,11,2,5,sil
4.112898111343384,13,4,5,-4,0,-16,-6,-1,17,-6,6,16,8,4,sil
4.128671407699585,18,3,0,-19,1,-1,2,7,17,-1,29,24,16,9,sil
4.128671407699585,16,4,5,-19,0,-8,-3,2,0,-4,29,19,7,4,sil
4.143805742263794,2,2,-3,-14,-7,-21,-18,-8,-24,-29,9,-2,-14,-16,sil
4.143805742263794,-9,0,-9,-12,-11,-18,-23,-2,-40,-37,-9,-18,-30,-33,sil
4.15900468826294,-2,8,2,1,0,-1,-15,7,-29,-24,-7,-4,-23,-23,sil
4.15900468826294,0,8,0,10,3,10,-1,1,-12,-10,0,0,-15,-7,sil
4.174726486206055,-16,-1,0,5,-1,16,9,0,-14,-4,-13,-12,-15,-5,sil
4.174726486206055,-21,-8,-2,12,9,22,26,5,-6,5,-16,-20,-5,-5,sil
4.190839767456055,-10,-7,-8,15,16,22,32,4,11,17,-9,-22,0,-1,sil
4.190839767456055,-14,-9,-5,-1,-2,13,19,-1,10,13,-24,-22,-9,-3,sil
4.206947565078735,-13,-14,-11,-10,-15,1,4,-10,5,8,-27,-13,0,1,sil
4.206947565078735,4,-5,-1,-2,-4,-3,2,-8,13,17,-5,0,17,14,sil
4.222983598709106,13,5,6,7,0,-6,5,0,13,23,2,6,19,19,sil
4.222983598709106,8,4,9,11,-4,-13,0,2,8,11,4,22,19,19,sil
4.238611698150635,7,4,10,1,-6,-17,-16,0,9,-2,10,25,19,14,sil
4.238611698150635,9,0,-7,-7,-5,-15,-23,-3,3,-7,4,9,5,4,sil
4.253789663314819,12,-2,0,-8,-2,-9,-18,-4,-1,-6,3,13,2,1,sil
4.253789663314819,12,9,10,-1,4,0,-14,2,1,-3,21,24,20,3,sil
4.269627571105957,7,15,4,3,9,3,-6,4,-1,-5,26,12,22,0,sil
4.269627571105957,0,8,6,2,7,7,3,0,-8,-13,7,-2,0,-8,sil
4.284917831420898,-7,3,-3,-5,2,1,1,-2,-6,-16,0,-8,-17,-10,sil
4.284917831420898,-13,0,-4,-11,-4,-7,-9,4,-8,-14,8,-11,-15,-12,sil
4.3008294105529785,-14,-2,-3,-6,0,-3,-13,4,-6,-8,11,-13,-12,-20,sil
4.301334619522095,-16,-1,-14,0,9,5,-6,-3,-2,-10,-11,-24,-27,-29,sil
4.316362380981445,-12,-1,-5,7,3,14,6,-1,-15,-16,-29,-21,-33,-19,sil
4.316362380981445,2,-2,2,18,0,14,21,2,-17,0,-12,-2,-11,5,sil
4.33156418800354,6,1,0,19,7,7,23,3,-4,24,-2,0,1,15,sil
4.33156418800354,-11,-7,-8,2,-2,5,15,2,-1,18,-20,-14,-2,2,sil
4.347651243209839,-20,-27,-17,-12,-16,0,10,-3,1,8,-23,-18,-4,-4,sil
4.347651243209839,-5,-19,-2,-15,-9,-1,7,-2,17,16,-3,-1,-5,5,sil
4.362732887268066,12,0,3,-13,0,0,3,0,29,18,10,9,7,19,sil
4.362732887268066,24,7,7,-11,0,0,-2,-1,22,6,23,15,24,20,sil
4.378594636917114,26,13,11,0,5,-9,-6,-3,1,-1,24,25,14,14,sil
4.378594636917114,14,8,5,0,0,-17,-14,0,-15,-15,1,22,-6,4,sil
4.394641876220703,0,1,14,-9,-10,-16,-21,4,-21,-31,-9,6,-10,-13,sil
4.394641876220703,0,13,13,7,0,-2,-8,0,-15,-19,6,0,-1,-16,sil
4.409768581390381,2,20,7,40,21,19,7,0,-2,4,14,2,8,0,sil
4.409768581390381,0,4,6,32,21,31,12,4,13,17,5,-1,14,10,sil
4.4253249168396,0,-5,-1,4,1,13,13,2,21,19,0,0,17,16,sil
4.4253249168396,0,-1,3,-2,-7,-5,11,0,20,20,-4,1,21,17,sil
4.440599203109741,-4,-12,-5,-3,-1,-3,5,0,24,21,-8,-8,16,7,sil
4.440599203109741,-3,-26,-17,-20,-9,-9,-6,-2,17,5,-10,-10,0,-7,sil
4.4570136070251465,-8,-17,-12,-32,-23,-24,-16,-7,-8,-24,-7,1,-18,-22,sil
4.4570136070251465,-10,3,-6,-7,-6,-16,-10,-6,-24,-24,2,1,-16,-24,sil
4.47158145904541,14,23,17,22,14,2,-5,0,-9,0,21,15,9,0,sil
4.47158145904541,31,28,14,11,4,-5,-13,0,5,5,31,31,23,23,sil
4.488157033920288,7,12,-9,-10,-12,-22,-19,-5,-14,-15,6,11,0,3,sil
4.488157033920288,-19,0,-10,-7,-10,-2,-13,-2,-37,-33,-27,-22,-23,-28,sil
4.502952814102173,-29,-11,-17,-4,0,21,4,4,-21,-21,-30,-37,-23,-28,sil
4.519889831542969,-30,-16,-15,-8,10,22,26,8,5,10,-14,-36,-14,-7,sil
4.519889831542969,-12,-5,-3,4,11,18,30,0,10,34,-9,-20,-2,8,sil
4.519889831542969,9,-7,6,6,1,9,10,-5,10,27,-5,2,7,22,sil
4.535118579864502,9,-16,4,-16,-5,-3,-5,-1,8,3,-1,9,-1,18,sil
4.551684856414795,0,-6,-6,-23,-3,-9,-10,1,5,-10,-2,2,-16,0,sil
4.551684856414795,1,7,0,-5,-2,-10,-10,3,2,-10,3,6,-12,-15,sil
4.551684856414795,0,9,0,3,-2,-12,-6,3,-9,-15,11,8,-7,-20,sil
4.56686806678772,-2,9,-2,6,3,-8,1,0,-24,-28,9,1,-9,-15,sil
4.56686806678772,7,15,17,21,12,7,12,0,-14,-13,9,8,0,7,sil
4.580017805099487,11,9,10,34,10,16,17,0,5,19,8,10,14,20,sil
4.595780611038208,-3,-5,1,19,2,15,10,3,11,26,-8,-7,9,12,sil
4.595780611038208,-5,-11,3,4,6,18,11,8,23,28,-12,-6,12,15,sil
4.611396551132202,9,-7,-1,3,7,12,21,5,38,36,1,8,26,25,sil
4.611396551132202,10,-4,-1,-4,-11,-5,5,0,28,17,6,12,21,10,sil
4.626974105834961,4,-8,-1,-20,-19,-21,-21,-8,1,-4,6,10,5,-7,sil
4.626974105834961,12,0,5,-17,-8,-22,-29,-12,-18,-14,11,15,0,-5,sil
4.642986059188843,14,20,10,0,0,-11,-21,-7,-16,-24,15,8,0,-7,sil
4.642986059188843,-1,14,0,3,0,-6,-18,-1,-9,-22,10,-6,-2,-22,sil
4.660032749176025,-19,-2,3,-8,-4,-9,-20,0,-24,-21,-2,-13,-17,-25,sil
4.660536527633667,-10,0,1,0,-1,0,-7,0,-26,-24,-8,-6,-24,-12,sil
4.675621747970581,10,9,6,24,14,19,13,4,-1,-2,0,2,-10,4,sil
4.675621747970581,6,4,10,25,18,18,17,6,5,18,-1,-4,3,12,sil
4.675621747970581,-12,-9,-8,6,-5,3,9,1,4,11,-9,-17,3,9,sil
4.689767837524414,-11,-12,-7,-2,-12,0,12,2,20,15,-1,-5,4,10,sil
4.708877801895142,0,-10,-6,-7,0,-2,17,5,20,20,1,3,8,10,sil
4.708877801895142,-1,-11,-10,-24,-5,-13,2,0,2,-1,-13,-1,4,-3,sil
4.721301078796387,-1,-4,-10,-29,-5,-6,-9,-2,8,-9,-13,1,0,-9,sil
4.721301078796387,3,4,-14,-14,8,-7,-12,-3,13,0,7,7,1,1,sil
4.736947774887085,5,13,0,-9,5,-15,-22,-5,-16,-12,12,7,-1,-1,sil
4.736947774887085,10,18,5,1,4,0,-17,-4,-32,-19,3,5,-4,-11,sil
4.752376317977905,5,14,1,18,20,17,7,-2,-14,-7,-5,-7,-7,-3,sil
4.752376317977905,-15,-2,-3,1,13,11,16,0,-8,1,-15,-23,-15,3,sil
4.768240213394165,-22,-16,-13,-17,-5,7,10,0,-9,14,-10,-22,-8,1,sil
4.768240213394165,-9,-10,0,1,-5,17,10,3,2,23,-2,-4,6,2,sil
4.783891916275024,-8,-9,1,7,-4,16,12,0,10,12,-10,-1,3,4,sil
4.783891916275024,-9,-23,-12,-18,-14,0,5,1,9,3,-19,-5,-5,1,sil
4.798902988433838,1,-19,0,-26,-19,-6,-1,4,14,3,-10,0,5,-1,sil
4.798902988433838,6,-5,6,-9,-17,-3,-2,0,13,-4,5,10,16,-3,sil
4.814533233642578,5,2,5,0,-8,-11,0,0,4,-14,20,16,9,-5,sil
4.814533233642578,15,22,13,18,5,-13,-2,5,1,-15,27,19,1,-1,sil
4.830061197280884,23,34,23,43,13,-2,-8,0,0,-9,21,17,1,4,sil
4.830061197280884,12,20,27,46,13,5,-1,0,-2,0,10,10,0,7,sil
4.845535039901733,-1,0,0,32,10,7,15,2,0,7,0,-4,-5,5,sil
4.845535039901733,-4,-4,-12,14,5,7,19,-3,7,13,-8,-11,-10,0,sil
4.8606672286987305,0,-7,-7,0,-2,-4,7,-8,16,18,-3,2,-1,3,sil
4.8606672286987305,2,-12,-6,-15,-9,-24,-6,-4,11,6,4,10,11,5,sil
4.875810384750366,0,-4,-4,-27,-8,-21,-21,1,-14,-20,0,1,0,-10,sil
4.875810384750366,-1,3,-10,-20,0,-7,-30,0,-28,-29,2,1,-12,-19,sil
4.891897439956665,9,11,7,4,9,-4,-22,0,-20,-14,16,11,-1,0,sil
4.891897439956665,13,20,19,27,10,1,-7,5,-9,3,14,5,13,9,sil
4.907588720321655,-9,9,-3,16,3,13,1,0,-5,11,-10,-16,5,-4,sil
4.907588720321655,-25,-9,-10,-16,-1,17,10,-2,1,8,-24,-19,-2,-6,sil
4.922891616821289,-10,-14,-3,-25,-2,7,22,2,13,12,-8,-4,8,13,sil
4.922891616821289,11,-3,8,-11,-5,-4,13,6,12,20,5,7,18,20,sil
4.938966035842896,20,7,8,-10,-2,-8,-14,1,5,10,9,12,12,8,sil
4.938966035842896,8,2,-5,-19,-2,-9,-26,-1,5,-11,12,10,2,-1,sil
4.9545066356658936,-8,0,-1,-14,-6,-5,-22,0,-7,-19,9,1,-13,-13,sil
4.9545066356658936,-11,4,-9,4,7,7,-11,-5,-24,-14,1,-11,-27,-24,sil
4.9697675704956055,-8,0,-13,15,23,23,8,-7,-17,-14,-10,-24,-27,-17,sil
4.9697675704956055,-14,-7,1,16,14,35,37,1,2,-2,-24,-30,-17,-3,sil
4.985876798629761,-12,-5,0,13,8,29,49,5,17,21,-20,-22,-7,4,sil
4.985876798629761,-4,-11,-2,0,2,7,23,0,9,16,-17,-9,-6,6,sil
5.001019716262817,-14,-28,-14,-12,-15,-5,-5,-3,-14,-11,-28,-11,-10,1,sil
5.001019716262817,-19,-21,-19,-13,-17,-4,-7,0,-16,-17,-27,-12,-7,-3,sil
5.016973257064819,4,2,1,-5,-1,-3,2,4,13,5,-3,8,10,7,sil
5.016973257064819,24,3,7,3,-2,-14,6,0,39,25,20,24,29,21,sil
5.0326008796691895,19,-2,7,0,-9,-16,3,0,36,24,27,26,30,17,sil
5.0326008796691895,9,2,2,-8,-9,-11,-4,3,21,11,19,22,19,8,sil
5.047947645187378,4,5,3,-4,-10,-15,-7,0,5,-3,6,11,8,0,sil
5.047947645187378,-2,4,10,3,-7,-12,-4,-3,-8,-14,0,2,-2,-8,sil
5.063139200210571,-3,5,0,0,0,-6,-6,0,-12,-6,6,0,-3,-9,sil
5.063139200210571,8,12,7,-2,2,-4,-10,0,-7,0,16,10,12,-3,sil
5.078822374343872,19,16,14,10,5,-4,-8,0,-6,-4,21,18,15,5,sil
5.078822374343872,18,8,6,18,1,-6,-11,0,-9,-5,14,10,0,6,sil
5.094187259674072,5,8,8,8,-5,0,-9,0,-7,-3,3,-1,-8,-3,sil
5.094187259674072,-2,10,4,4,0,8,0,2,-3,-2,0,0,-1,-6,sil
5.1097681522369385,-6,0,-3,7,7,2,0,4,-10,-1,-3,-1,-5,-3,sil
5.1097681522369385,-9,-6,-15,0,0,-5,-4,-3,-14,-5,-14,-17,-20,-10,sil
5.12598443031311,-5,-1,-13,-8,0,1,-2,-6,-6,-8,-9,-16,-17,-13,sil
5.12598443031311,0,0,1,-9,10,8,-7,0,-4,-7,-1,-3,-6,-11,sil
5.141551971435547,-12,-11,-12,-12,8,1,-13,-2,-14,-20,-23,-21,-22,-16,sil
5.141551971435547,-23,-13,-17,-18,0,-1,-7,-6,-20,-30,-42,-34,-32,-17,sil
5.156628608703613,-15,-3,-5,-6,0,7,0,0,-12,-9,-12,-9,-4,-6,sil
5.156628608703613,-7,1,4,8,2,9,-1,2,-3,10,15,4,14,3,sil
5.17322850227356,-1,2,13,9,1,6,3,2,3,13,12,4,13,10,sil
5.17322850227356,11,4,6,10,2,7,16,3,14,21,20,19,26,21,sil
5.188847780227661,17,8,15,13,7,6,16,10,19,19,26,26,23,24,sil
5.203950643539429,12,6,18,15,10,4,8,11,21,11,12,13,2,14,sil
5.203950643539429,13,0,4,16,7,6,10,1,26,23,11,11,10,14,sil
5.203950643539429,16,1,11,15,4,8,15,0,24,35,19,20,23,26,sil
5.217888593673706,12,7,3,15,6,1,11,0,14,22,7,9,12,20,sil
5.233615398406982,6,3,-5,4,1,-2,6,-5,2,0,-8,-6,-3,1,sil
5.233615398406982,-4,-8,-4,-13,-7,3,9,-7,-1,-3,-15,-16,-13,-7,sil
5.249661922454834,-22,-17,-17,-18,-10,7,15,-5,-4,0,-16,-20,-15,-16,sil
5.249661922454834,-29,-16,-22,-18,-11,0,3,-5,-15,-15,-16,-19,-13,-23,sil
5.264847278594971,-19,-17,-21,-24,-18,-10,-10,-4,-16,-23,-14,-17,-8,-11,sil
5.264847278594971,-3,-17,-6,-25,-17,-11,-12,2,-1,-6,-11,-7,-1,-1,sil
5.279983758926392,0,-5,9,-10,-12,-11,-11,9,0,-5,-14,-1,-4,-9,sil
5.279983758926392,-6,1,-4,-1,-9,-19,-14,3,-9,-19,-19,-13,-19,-19,sil
5.295808553695679,-5,0,-11,-10,-4,-9,-7,0,-8,-14,-17,-21,-20,-15,sil
5.295808553695679,2,-1,-4,-11,0,8,8,1,4,-1,-11,-4,-3,-2,sil
5.310892820358276,6,2,10,2,2,4,13,1,10,1,-4,11,7,6,sil
5.310892820358276,7,8,11,14,4,0,1,0,7,1,5,16,7,9,sil
5.326216697692871,10,9,-3,13,4,1,-10,0,1,0,15,14,10,9,sil
5.326216697692871,16,10,10,12,6,-3,-17,-1,-2,-2,24,14,14,4,sil
5.341963768005371,14,12,11,13,12,-9,-16,-4,0,0,29,16,15,0,sil
5.341963768005371,5,4,-3,0,3,-11,-14,-5,4,-3,20,13,7,0,sil
5.358015060424805,0,0,2,-13,-8,-11,-14,-3,-1,-5,12,10,1,0,sil
5.358015060424805,-5,0,0,-7,-3,-8,-13,-2,-11,-4,3,1,0,-2,sil
5.373887062072754,-8,1,1,-6,0,0,-9,1,-14,-9,-7,1,-4,-4,sil
5.373887062072754,0,3,7,-6,-2,5,-2,4,-2,-2,5,7,0,0,sil
5.389984130859375,9,12,4,13,3,2,1,0,2,9,24,9,8,3,thankyou
5.389984130859375,12,19,13,27,12,7,7,-1,0,8,16,11,5,3,thankyou
5.405933141708374,9,7,5,17,10,9,10,1,-4,7,11,10,4,8,thankyou
5.405933141708374,0,-2,0,6,5,3,9,3,-5,7,6,0,4,12,thankyou
5.42072606086731,-1,1,-2,6,5,11,17,0,3,7,-5,-10,2,6,thankyou
5.42072606086731,0,0,-4,4,7,11,15,0,3,7,-12,-10,2,0,thankyou
5.435908079147339,-8,-5,0,-6,3,1,-1,0,-14,-5,-19,-10,-9,-4,thankyou
5.435908079147339,-20,-11,-4,-8,0,6,0,2,-14,-14,-23,-16,-20,-9,thankyou
5.451538562774658,-17,-11,-2,-2,4,17,13,3,8,2,-12,-19,-11,-10,thankyou
5.451538562774658,-10,-4,0,0,7,13,13,1,15,18,-11,-18,-5,-4,thankyou
5.46766996383667,-8,-1,-6,-1,-3,2,4,-3,0,4,-22,-20,-15,-4,thankyou
5.46766996383667,-3,-4,0,6,-10,3,0,-2,-7,-3,-15,-13,-12,-5,thankyou
5.4837646484375,2,0,-1,17,1,3,6,1,6,9,0,-9,-1,2,thankyou
5.4837646484375,3,0,-2,10,2,0,14,0,19,13,0,-13,-4,5,thankyou
5.4988181591033936,-3,-14,-6,-12,-9,0,12,-1,19,2,-5,-11,-7,0,thankyou
5.4988181591033936,-3,-22,-14,-23,-14,-7,5,4,20,1,-5,1,2,11,thankyou
5.51472020149231,5,-12,-7,-19,-12,-11,0,7,15,6,-3,10,8,18,thankyou
5.51472020149231,2,-9,-10,-16,-12,-7,-3,-1,5,-1,-8,0,0,2,thankyou
5.529750347137451,-3,-10,-6,-16,-9,-6,-6,-8,1,-14,-6,2,0,-8,thankyou
5.529750347137451,1,-5,6,-17,-10,-16,-15,-3,-2,-9,13,21,16,0,thankyou
5.545643329620361,4,-6,-2,-20,-13,-19,-17,0,-4,1,23,24,23,2,thankyou
5.545643329620361,2,1,5,-11,-4,-11,-15,-5,-10,-7,8,16,8,-5,thankyou
5.560719966888428,15,21,14,16,6,-12,-12,-4,-17,-15,6,18,-1,-5,thankyou
5.560719966888428,24,28,12,26,10,-13,-2,1,-10,-1,23,25,10,1,thankyou
5.576010465621948,9,18,4,10,7,-5,-4,2,-6,1,20,22,20,0,thankyou
5.576010465621948,-2,8,-2,1,3,-4,-20,0,-15,-14,1,9,5,-9,thankyou
5.591600656509399,6,16,13,15,9,-4,-16,0,-13,-15,5,7,-8,-8,thankyou
5.591600656509399,12,23,7,23,13,0,-5,0,-6,-4,18,8,-2,-2,thankyou
5.6066529750823975,0,9,-3,7,4,2,-14,0,-17,-6,4,-6,-1,-8,thankyou
5.6066529750823975,-9,5,5,0,2,15,-6,3,-14,-7,-8,-16,-8,-10,thankyou
5.621846914291382,-8,10,1,9,12,29,20,2,10,4,1,-10,-4,3,thankyou
5.621846914291382,-8,1,2,11,12,25,22,3,18,14,7,-7,0,11,thankyou
5.637645483016968,-2,-7,4,10,1,13,16,4,16,21,2,-8,1,10,thankyou
5.653721332550049,2,-4,1,10,-1,7,14,0,7,13,-10,-7,-5,6,thankyou
5.653721332550049,-7,-7,-1,-2,-1,12,3,-5,-16,-16,-26,-12,-19,-1,thankyou
5.653721332550049,-14,-18,-6,-14,-3,12,-2,-4,-14,-11,-10,-14,-9,0,thankyou
5.667918205261231,-2,-15,1,-8,-1,0,0,0,9,23,10,-4,12,12,thankyou
5.667918205261231,0,-9,-3,-3,-1,-6,4,0,5,15,-13,-12,3,7,thankyou
5.685595273971558,-5,-14,-16,-17,-8,-8,8,0,-2,-16,-35,-24,-18,-6,thankyou
5.685595273971558,-3,-13,-9,-25,-10,-4,10,5,13,-4,-11,-11,-13,-3,thankyou
5.701745271682739,-5,-11,-12,-5,-4,0,9,4,26,22,0,-5,0,5,thankyou
5.715756416320801,-4,-5,-4,5,0,-8,8,0,12,13,-8,-5,0,0,thankyou
5.715756416320801,1,0,0,-10,-5,-14,6,-1,-1,-5,-4,4,0,-6,thankyou
5.715756416320801,-3,-7,-6,-19,-6,-8,-1,-3,-2,-6,-1,1,0,-8,thankyou
5.730576038360596,-8,-8,-1,-5,1,0,-6,-1,0,3,-6,-4,-4,-6,thankyou
5.746036529541016,0,0,-8,2,4,-1,-1,-1,1,8,-2,4,3,-2,thankyou
5.746036529541016,3,1,-1,0,2,0,-1,-3,4,5,0,9,8,-3,thankyou
5.746036529541016,1,5,12,2,5,1,-7,2,8,5,12,12,7,-1,thankyou
5.763140916824341,6,18,12,18,5,-7,-14,3,-7,-3,25,14,5,0,thankyou
5.763140916824341,14,22,12,24,4,-9,-16,0,-25,-21,17,12,0,-6,thankyou
5.77875018119812,16,8,1,4,4,0,-7,0,-7,-14,9,11,1,-3,thankyou
5.77875018119812,10,2,4,-17,-5,-5,-2,2,0,-4,15,19,10,7,thankyou
5.795331239700317,10,14,13,-6,-9,-13,-6,0,-12,-9,25,25,10,7,thankyou
5.795331239700317,17,20,6,15,0,-3,-4,-3,-9,-12,21,19,6,4,thankyou
5.808972358703613,10,12,9,11,-4,0,-5,0,-3,-17,-2,6,0,2,thankyou
5.827845335006714,-6,2,6,7,-9,-6,-10,0,-10,-14,-12,-4,-4,0,thankyou
5.827845335006714,-8,2,5,29,10,11,0,0,0,10,0,-4,2,2,thankyou
5.827845335006714,-4,1,-2,38,20,41,22,4,21,27,-8,-16,6,10,thankyou
5.840156316757202,-12,-11,-14,11,9,34,32,4,23,25,-23,-28,0,14,sil
5.8556318283081055,-15,-16,-1,-7,1,14,22,1,14,21,-15,-13,-6,11,sil
5.8556318283081055,-2,-16,-5,-5,-4,8,14,-1,21,23,-1,-1,1,7,sil
5.8710808753967285,8,-18,-16,-17,-14,0,9,-1,28,26,0,-2,11,8,sil
5.8710808753967285,3,-11,-6,-29,-12,-15,-6,1,11,7,-3,-2,0,3,sil
5.886622428894043,-3,-8,-12,-21,-5,-26,-18,0,-11,-21,-3,-1,-13,-8,sil
5.886622428894043,1,-5,-2,-20,-4,-18,-14,0,-14,-22,6,7,-7,-11,sil
5.902541875839233,3,3,4,-20,-1,-7,-3,-4,-7,-10,10,9,0,-10,sil
5.902541875839233,-6,0,-3,-11,0,-8,-9,-8,-18,-24,-1,-4,-13,-18,sil
5.918564081192017,-9,-1,0,-15,-2,-6,-18,-1,-33,-31,-11,-5,-18,-20,sil
5.918564081192017,-1,7,1,-14,-1,-7,-17,-2,-29,-15,-9,-3,-9,-12,sil
5.933615684509277,2,13,9,4,3,-11,-17,-5,-22,-13,-4,-7,-8,-6,sil
5.933615684509277,-3,8,5,13,6,0,-12,0,-18,-17,2,-6,-4,-8,sil
5.948898792266846,-15,2,-3,7,7,16,1,0,-14,-2,-2,-12,-2,-15,sil
5.948898792266846,-18,0,-1,10,12,20,12,0,-7,11,-13,-22,-7,-14,sil
5.964939117431641,-6,0,-6,19,16,11,15,3,2,19,-1,-10,0,0,sil
5.964939117431641,2,0,-1,16,9,13,14,3,13,25,4,1,9,9,sil
5.980506896972656,0,-7,0,11,0,15,16,2,22,23,-4,-5,4,8,sil
5.980506896972656,3,-9,0,5,-7,-2,22,6,33,22,2,2,11,19,sil
5.995570182800293,12,-1,10,-2,-13,-10,19,8,40,24,19,24,29,32,sil
5.995570182800293,12,-1,5,-3,-14,-2,1,0,35,16,12,20,29,27,sil
6.011566400527954,12,0,7,0,-10,-7,-15,0,18,-3,4,17,14,8,sil
6.011566400527954,11,9,10,-2,-10,-17,-19,1,-1,-22,12,24,0,-2,sil
6.033541202545166,3,12,0,-1,0,-9,-12,0,-17,-33,7,12,-15,-10,sil
6.033541202545166,0,13,2,10,15,7,1,-3,-23,-28,-4,0,-21,-11,sil
6.033541202545166,1,10,3,22,13,12,16,-2,-13,-4,-4,-1,-10,0,sil
6.042566776275635,0,-1,0,16,0,2,18,0,5,10,-5,-6,0,9,sil
6.058101415634155,0,-12,-6,-2,-4,0,9,0,14,14,-8,-6,8,8,sil
6.058101415634155,4,-10,-11,-14,-5,0,0,-1,9,13,0,1,15,11,sil
6.073746204376221,11,0,3,-14,0,-5,-12,3,0,4,13,10,11,7,sil
6.073746204376221,5,6,0,-11,7,-12,-16,1,-8,-2,18,12,3,-9,sil
6.089784145355225,-4,4,0,-4,3,-8,-17,-8,-19,-7,9,8,-6,-19,sil
6.089784145355225,-10,3,2,7,0,5,-13,-6,-24,-11,0,-6,-18,-16,sil
6.104903697967529,-11,0,-5,12,5,16,4,2,-12,-1,-3,-16,-13,-8,sil
6.104903697967529,-9,-5,2,1,5,19,18,6,8,26,-9,-10,2,7,sil
6.120602607727051,-10,-15,-4,-7,-1,10,17,0,25,36,-16,-13,11,13,sil
6.120602607727051,-12,-19,-13,-16,-3,-4,3,-2,20,11,-15,-22,6,-1,sil
6.136188507080078,-7,-13,-7,-24,-7,-15,-15,-3,-5,-20,-8,-15,-2,-15,sil
6.136188507080078,0,-3,-3,-20,-14,-21,-27,-5,-27,-33,0,-1,-11,-13,sil
6.151332378387451,2,13,6,-5,-6,-9,-14,0,-31,-30,0,0,-21,-8,sil
6.151332378387451,6,19,3,15,12,18,11,5,-22,-17,-8,-5,-18,-5,sil
6.167094945907593,5,8,2,26,17,26,22,2,-4,0,-10,-5,-4,2,sil
6.167094945907593,-1,0,5,14,1,6,15,-5,14,16,-9,-1,4,9,sil
6.182058095932007,-6,-10,-10,-6,-15,-12,1,-6,22,17,-12,-2,3,3,sil
6.182058095932007,-1,-14,-6,-20,-18,-13,-13,3,14,-2,-6,6,6,-1,sil
6.197955369949341,7,0,4,-15,-7,-13,-14,6,6,-10,10,24,17,0,sil
6.197955369949341,13,9,11,-4,0,-14,-10,0,1,-1,21,26,12,2,sil
6.213188648223877,12,4,14,-2,0,-9,-14,-1,-1,-4,22,16,0,0,sil
6.213188648223877,9,9,3,-1,6,-5,-5,0,-4,-10,22,11,-1,0,sil
6.228822231292725,5,13,4,9,10,0,6,3,-10,-8,12,1,-4,0,sil
6.229823350906372,-5,1,0,22,8,9,5,4,-15,-4,0,-13,-11,0,sil
6.2441346645355225,-11,-2,-1,28,9,20,10,1,-8,2,0,-14,-7,2,sil
6.2441346645355225,-2,5,7,32,12,31,31,2,10,22,-2,-5,0,6,sil
6.259729862213135,-1,0,-7,23,12,27,32,1,21,32,-14,-11,1,7,sil
6.275734901428223,-14,-13,-11,-4,5,12,8,1,18,25,-10,-14,10,7,sil
6.275734901428223,-12,-12,-5,-18,-3,0,2,2,22,23,1,-3,18,11,sil
6.275734901428223,6,-5,-4,-12,-8,-16,1,0,29,22,1,5,17,15,sil
6.291872501373291,12,0,6,-16,-9,-25,-16,-6,17,4,0,10,14,8,sil
6.2928736209869385,6,-2,1,-19,-14,-24,-27,-9,-8,-15,7,13,10,-5,sil
6.308077335357666,3,-1,-6,-18,-19,-28,-29,-12,-35,-31,1,12,-1,-17,sil
6.322931289672852,-1,2,-10,-23,-13,-14,-24,-7,-34,-35,-5,5,-8,-20,sil
6.322931289672852,-4,4,-5,-18,0,8,-4,0,-8,-19,4,3,-3,-14,sil
6.322931289672852,1,9,14,5,6,12,3,3,-7,-6,7,6,-9,-12,sil
6.339025020599365,1,7,8,24,10,7,3,0,-24,-11,-4,-2,-20,-11,sil
6.339025020599365,-3,0,4,22,13,14,20,3,-14,-4,-9,-14,-16,0,sil
6.354001760482788,-1,2,7,18,13,20,35,9,9,15,-2,-8,-3,11,sil
6.368731737136841,2,0,1,20,10,12,26,3,14,17,-3,-2,-2,12,sil
6.368731737136841,0,-3,1,18,2,8,13,-2,12,10,-14,-7,-7,6,sil
6.384344100952148,-6,-3,-11,10,2,7,11,0,16,17,-15,-16,0,1,sil
6.384344100952148,0,-5,-10,-3,6,0,0,3,15,16,-6,-13,8,4,sil
6.402137517929077,1,-5,0,-17,-4,-12,-11,1,9,1,0,-1,8,7,sil
6.402137517929077,-2,-2,-3,-13,-20,-20,-14,1,2,-7,0,4,2,3,sil
6.402137517929077,0,0,6,-6,-11,-18,-16,1,0,-10,2,6,2,0,sil
6.415768146514893,6,-3,1,-21,-4,-14,-20,0,2,-8,13,7,10,0,sil
6.430936574935913,3,-6,-10,-35,-19,-12,-22,0,1,-7,21,11,12,-4,sil
6.430936574935913,1,0,-3,-23,-16,-5,-19,1,-6,-11,20,16,3,-7,sil
6.446520566940308,8,8,2,-7,1,-1,-10,-1,-6,-8,15,13,0,0,sil
6.446520566940308,10,13,7,-4,5,-6,-8,-1,-9,-5,7,2,0,0,sil
6.462229013442993,-1,7,0,-3,3,-4,-12,-2,-23,-15,-4,-8,-10,-11,sil
6.462229013442993,-13,0,3,3,5,5,-11,-6,-34,-26,-14,-11,-26,-19,sil
6.478215932846069,-7,2,10,17,8,13,-1,-4,-26,-19,-12,-5,-21,-18,sil
6.478215932846069,0,1,0,19,12,12,9,-2,-7,3,-4,-7,-1,-5,sil
6.493353366851807,-2,1,4,16,11,21,16,-2,4,25,-2,-6,2,5,sil
6.493353366851807,-5,6,5,27,12,31,25,-1,9,28,-1,3,1,9,sil
6.508894681930542,-6,0,-4,25,15,21,31,2,16,23,-2,1,4,10,sil
6.508894681930542,-14,-13,-5,4,3,8,26,2,17,25,-14,-14,3,7,sil
6.5245397090911865,-19,-21,-12,3,-9,3,19,0,20,23,-21,-20,2,2,sil
6.5245397090911865,-2,-12,-3,7,-3,2,18,4,30,15,-11,-3,6,6,sil
6.540646553039551,17,-1,0,-2,5,0,15,7,32,15,-1,5,9,12,sil
6.540646553039551,15,-4,-7,-6,0,-8,1,1,21,13,-4,3,10,13,sil
6.556751012802124,0,-6,-4,-13,-15,-15,-7,0,8,-2,-2,1,8,8,sil
6.556751012802124,2,-1,-6,-20,-20,-19,-8,0,-2,-16,8,3,7,1,sil
6.572666883468628,16,10,5,-11,-7,-19,-8,3,-1,-12,19,22,13,1,sil
6.572666883468628,14,14,11,-6,-3,-18,-9,2,9,-2,28,36,20,10,sil
6.587757349014282,6,1,0,-25,-14,-18,-13,-4,-1,-12,22,18,7,5,sil
6.587757349014282,10,4,10,-13,-6,-10,-20,-2,-23,-25,11,8,-5,-8,sil
6.603286743164063,16,21,15,16,12,-8,-19,-1,-23,-18,17,16,0,-9,sil
6.603286743164063,14,18,10,3,12,-9,-20,-4,-23,-11,24,7,1,-4,sil
6.6197669506073,8,6,2,-10,8,4,-19,0,-32,-14,14,-2,-3,-2,sil
6.6197669506073,-5,3,-4,14,10,7,-5,2,-28,-15,-2,-9,-15,-7,sil
6.635731935501099,-20,-1,-4,18,1,4,2,0,-19,-14,-17,-25,-31,-24,sil
6.635731935501099,-24,-8,-15,1,2,17,4,-1,-7,0,-16,-31,-26,-24,sil
6.6504435539245605,-20,-4,-8,6,10,20,7,0,8,10,-12,-16,-11,-1,sil
6.6504435539245605,-21,-8,-7,10,0,6,6,-1,8,1,-23,-20,-14,1,sil
6.666034936904907,-21,-17,-16,-1,-12,5,0,-1,-3,-1,-30,-26,-17,-5,sil
6.666034936904907,-7,-3,6,2,-3,15,0,4,0,12,-17,-3,-5,0,sil
6.681881427764893,4,5,12,15,3,10,11,0,17,20,-5,5,1,5,sil
6.681881427764893,4,0,4,11,4,5,15,-4,23,16,-4,0,3,3,sil
6.6969287395477295,3,1,6,0,5,8,11,2,24,18,-1,7,11,5,sil
6.6969287395477295,0,-5,-6,-8,0,2,5,3,23,15,-1,4,10,6,sil
6.712993383407593,-5,-20,-10,-24,-13,-9,0,-6,6,0,-7,-8,1,0,sil
6.712993383407593,0,-19,-11,-31,-17,-15,-3,-8,-6,-6,-8,-2,0,0,sil
6.72852087020874,3,-13,-10,-24,-14,-12,-7,-1,-2,-11,-10,3,0,-1,sil
6.72852087020874,0,-8,-2,-15,-11,-6,-5,0,5,-15,-8,-1,3,-3,sil
6.743696928024292,10,1,1,-7,-7,-8,4,2,18,-1,16,12,21,11,sil
6.743696928024292,25,16,14,-3,0,-8,1,9,19,6,37,34,34,23,sil
6.759871482849121,16,19,11,2,9,-5,-11,4,-1,-7,28,23,23,7,sil
6.759871482849121,0,17,6,10,10,-5,-10,-1,-23,-15,12,6,1,-9,sil
6.7749457359313965,5,17,12,7,7,0,-2,0,-19,-7,16,16,-1,-5,sil
6.7749457359313965,18,19,14,12,17,4,2,2,-5,3,34,25,11,6,sil
6.790674686431885,11,19,17,32,22,7,14,5,0,15,32,13,12,8,sil
6.790674686431885,-7,3,-4,29,6,13,23,2,-6,18,0,-11,-5,0,sil
6.806674003601074,-14,-7,-15,9,0,7,9,-5,-22,4,-23,-30,-21,-8,sil
6.806674003601074,-8,2,7,18,11,10,1,-6,-24,0,-12,-22,-14,-1,sil
6.821672201156616,-2,-3,0,23,10,22,15,-2,-2,18,-9,-13,0,13,sil
6.821672201156616,-2,-22,-9,-5,-9,11,9,-2,6,20,-26,-15,0,6,sil
6.837173461914063,-5,-18,-12,-18,-13,-11,-15,-3,1,-6,-27,-15,-12,-13,sil
6.837173461914063,-4,-8,-13,-14,-8,-15,-16,-1,11,-19,-14,-7,-15,-17,sil
6.852687835693359,-2,-9,-4,-20,-11,-6,-7,1,26,-9,-8,2,-3,-11,sil
6.852687835693359,-1,-4,-5,-10,-5,-8,-9,0,27,-5,0,9,3,-3,sil
6.867835521697998,0,8,0,0,4,-11,-13,-2,15,-10,7,8,2,3,sil
6.867835521697998,2,10,0,-7,0,-5,-6,1,11,-2,5,6,5,2,sil
6.883542060852051,0,-5,-8,-15,-11,-8,-4,2,15,1,4,2,0,-3,sil
6.883542060852051,-2,-9,0,-14,-10,-17,-14,-1,4,-9,1,-2,-15,-7,sil
6.900190353393555,-5,4,1,-8,0,-14,-15,-4,-16,-18,-1,0,-21,-5,sil
6.900190353393555,0,10,4,0,3,-1,-8,0,-27,-18,0,10,-21,0,sil
6.915712833404541,6,4,4,3,-1,6,0,3,-25,-7,5,11,-16,5,sil
6.915712833404541,0,4,0,3,0,2,2,-1,-28,-1,5,2,-21,0,sil
6.931665420532227,-11,6,4,0,1,0,0,0,-34,-16,-1,-6,-42,-12,sil
6.931665420532227,-7,0,-1,3,0,7,6,3,-23,-14,0,-14,-11,-9,sil
6.947118043899536,3,0,4,11,3,18,14,3,-5,9,2,-12,57,6,sil
6.947118043899536,4,2,12,10,7,20,14,2,0,14,-2,-7,52,8,sil
6.963111639022827,0,-5,1,9,3,17,16,8,1,17,-5,-6,17,3,sil
6.963111639022827,-1,-9,0,14,1,20,19,10,11,33,-6,-3,28,7,sil
6.97797441482544,-6,-13,-7,3,4,19,17,0,10,24,-12,-6,10,8,sil
6.97797441482544,-10,-16,-4,-9,1,10,9,-5,13,10,-7,-4,-15,4,sil
6.993947267532349,-1,-9,3,-6,-1,1,5,0,36,22,2,2,26,7,sil
6.993947267532349,1,-7,-5,-8,-2,-13,3,-3,38,20,1,2,49,7,sil
7.009664535522461,0,0,-2,-12,-5,-22,0,-9,19,-3,3,0,4,3,sil
7.009664535522461,3,3,-7,-8,-9,-17,-5,-5,17,-4,8,7,-13,6,sil
7.025250911712647,14,-1,0,-18,-11,-17,-18,2,17,0,2,19,-6,5,sil
7.025250911712647,25,7,14,-14,-4,-17,-19,4,6,-7,8,26,-8,2,sil
7.041252136230469,25,22,3,14,5,-15,-11,-3,3,-13,20,23,-7,6,sil
7.041252136230469,12,20,5,19,11,-4,-12,-4,-7,-20,14,17,-9,0,sil
7.056045055389404,6,17,7,8,6,2,-13,2,-23,-20,8,9,-20,-9,sil
7.056045055389404,10,18,4,17,2,-4,-9,0,-24,-15,8,0,-24,-7,sil
7.072918891906738,9,17,10,23,12,-3,-7,-8,-16,-14,7,0,-21,-10,sil
7.072918891906738,0,13,2,13,18,7,-1,-3,-13,-8,9,1,-8,-21,sil
7.0879340171813965,-11,2,-2,7,3,11,4,6,-11,-1,-2,-8,0,-19,sil
7.0879340171813965,-19,-8,-7,7,3,9,14,4,-9,1,-15,-21,2,-4,sil
7.102887153625488,-23,-12,-12,1,9,9,15,-2,-14,2,-13,-23,-1,-3,sil
7.102887153625488,-29,-13,-11,-6,-6,12,3,-5,-23,-6,-16,-21,-8,-13,sil
7.117911815643311,-25,-21,-16,-11,-16,6,0,-1,-15,-4,-20,-24,-6,-2,sil
7.118915319442749,-9,-23,-6,-13,-8,-1,9,8,5,24,-9,-19,7,13,sil
7.135277271270752,-6,-18,-3,-5,-8,9,13,9,19,43,0,-8,17,13,sil
7.135277271270752,-8,-14,-5,-1,-10,14,9,2,25,30,-1,0,12,12,sil
7.148826360702515,0,-9,0,-19,-11,-7,-2,-1,19,4,-8,2,0,11,sil
7.165246963500977,2,-12,-5,-36,-16,-19,-13,-5,0,-20,-11,-2,-11,-1,sil
7.165246963500977,1,-11,-1,-24,-11,-9,-12,-6,-12,-31,-13,-1,-13,-5,sil
7.166245698928833,10,0,0,-10,-4,-10,-6,-2,-4,-21,-8,7,-1,0,sil
7.179764032363892,14,7,3,-14,-7,-14,-7,1,5,-10,2,15,0,-1,thankyou
7.195546865463257,6,12,13,-10,-2,-3,-7,6,5,-8,8,18,-6,-5,thankyou
7.195546865463257,7,16,9,7,14,-1,-9,2,2,-6,19,19,0,3,thankyou
7.210589408874512,24,24,23,22,19,0,-10,0,0,-2,31,24,18,10,thankyou
7.210589408874512,24,29,23,35,16,12,7,3,1,4,8,15,18,8,thankyou
7.225924730300903,3,11,-3,35,17,14,18,2,-2,9,-34,-13,-4,4,thankyou
7.225924730300903,-2,-1,0,20,14,11,13,-1,-8,6,-30,-17,-8,6,thankyou
7.241436243057251,5,5,3,25,7,14,23,-4,5,12,6,0,15,6,thankyou
7.241436243057251,3,5,0,30,1,13,29,0,23,21,15,-4,19,4,thankyou
7.257165431976318,-10,-10,-5,2,0,9,17,6,27,24,11,-14,13,5,thankyou
7.257165431976318,-10,-16,-15,-21,-1,-1,5,-1,18,17,19,0,23,10,thankyou
7.272641658782959,-1,-7,-7,-18,-11,-17,-11,-11,1,0,25,15,21,3,thankyou
7.272641658782959,-3,-7,-8,-17,-18,-25,-33,-4,-6,-6,20,8,4,-4,thankyou
7.288238048553467,-9,-7,-6,-27,-11,-22,-35,3,-3,2,12,5,4,-7,thankyou
7.288238048553467,0,2,2,-19,-1,-14,-24,0,-6,-2,13,16,8,-12,thankyou
7.303839445114136,5,7,-2,-7,-2,-12,-20,-1,-18,-17,11,15,-8,-22,thankyou
7.303839445114136,-1,9,1,-11,-3,-7,-19,0,-29,-20,-3,2,-29,-22,thankyou
7.319948673248291,-3,15,6,0,7,6,-7,0,-26,-17,-9,0,-31,-12,thankyou
7.319948673248291,1,13,7,23,14,15,6,0,-17,-17,-10,-4,-26,-6,thankyou
7.335497379302978,0,2,4,19,4,12,10,0,-17,-14,-22,-17,-27,-4,thankyou
7.335497379302978,-9,-5,-6,9,1,11,13,-1,-12,-2,-23,-23,-21,0,thankyou
7.350748777389526,-12,-5,-1,9,3,17,20,0,-1,5,-22,-24,-16,0,thankyou
7.350748777389526,-16,-13,-11,-3,-2,11,21,1,0,1,-44,-36,-27,-10,thankyou
7.365946054458618,-14,-21,-16,-14,-7,0,13,0,4,-1,-45,-33,-31,-8,thankyou
7.365946054458618,0,-9,1,0,-3,4,14,4,23,9,-7,-1,-8,11,thankyou
7.381576299667358,6,-6,3,0,-7,1,11,0,24,21,11,8,13,18,thankyou
7.381576299667358,-1,-14,0,-15,-12,-8,-4,-2,11,14,0,-2,0,6,thankyou
7.397668838500977,-3,-10,-5,-3,-4,-2,-5,1,17,8,8,3,-4,5,thankyou
7.397668838500977,11,0,-3,9,2,4,5,3,25,13,26,21,53,17,thankyou
7.413189888000488,20,5,12,2,2,0,6,1,15,16,28,35,99,25,thankyou
7.413189888000488,15,8,9,4,6,1,5,0,5,7,23,33,51,22,thankyou
7.429774284362793,8,8,5,12,11,6,6,0,7,-2,10,22,-4,13,thankyou
7.429774284362793,2,4,0,4,5,-1,-2,0,14,0,1,8,6,6,thankyou
7.444832801818848,0,-1,-5,-13,-4,-12,-8,-2,15,-1,0,1,11,0,thankyou
7.444832801818848,0,0,-3,-19,-5,-4,-6,0,9,-18,-3,1,-11,-14,thankyou
7.46003794670105,0,10,-3,-4,4,-3,-5,0,0,-16,3,0,-12,-18,thankyou
7.46003794670105,11,24,12,11,11,-15,-9,0,-18,-8,17,6,-4,-5,thankyou
7.476120948791504,19,19,13,4,6,-16,-11,-1,-31,-13,17,13,-4,1,thankyou
7.476120948791504,8,5,-3,-10,-2,-16,-19,-2,-26,-16,8,8,-1,-8,thankyou
7.491775512695312,-2,3,-1,-12,-5,-15,-25,0,-26,-14,2,-5,-6,-20,thankyou
7.491775512695312,-9,-2,-3,-5,-3,-3,-16,-3,-27,-10,-4,-15,-14,-14,thankyou
7.506978034973144,-10,-8,0,-4,-4,8,-5,-1,-21,1,-11,-15,-14,-1,thankyou
7.506978034973144,-8,2,3,4,-2,10,-2,2,-16,4,-13,-17,-14,0,thankyou
7.522608995437622,-11,1,0,13,-1,5,-3,0,-11,-1,-11,-25,-12,-5,thankyou
7.522608995437622,-14,-9,7,5,-6,8,1,0,-5,5,-5,-25,-9,-13,thankyou
7.538628339767456,-7,-3,-2,13,2,16,13,0,-2,11,-6,-19,-15,-10,thankyou
7.538628339767456,1,7,0,29,13,17,19,4,0,2,-14,-11,-20,3,thankyou
7.553762912750244,2,1,7,19,5,12,14,7,6,2,-8,-2,-9,6,thankyou
7.553762912750244,-8,-13,-11,-1,-5,3,9,-3,12,6,-2,-2,0,0,thankyou
7.568974256515503,-19,-22,-15,-12,-8,2,8,-6,15,3,-13,-3,-4,0,thankyou
7.568974256515503,-16,-23,-15,-16,-5,2,10,0,21,10,-14,-9,0,6,thankyou
7.584713935852051,-6,-13,-9,-9,-3,5,14,2,27,19,-1,-3,6,9,thankyou
7.584713935852051,0,-1,3,-2,-1,12,19,3,33,20,6,14,17,20,thankyou
7.599929094314575,10,-1,1,-8,0,3,15,2,30,23,14,23,28,24,thankyou
7.599929094314575,11,0,0,-14,1,-10,0,0,13,17,17,23,23,8,thankyou
7.615585327148437,9,5,-3,-4,4,-4,-2,-1,2,0,11,24,8,1,thankyou
7.615585327148437,15,5,4,3,10,1,4,0,5,-13,5,21,6,6,thankyou
7.631628274917602,20,10,15,3,4,-13,0,0,3,-12,3,16,9,-1,thankyou
7.631628274917602,21,18,7,0,-4,-22,-12,-2,-3,-11,0,15,8,-7,thankyou
7.647238969802856,23,22,10,6,0,-9,-14,2,-2,-19,3,15,7,1,thankyou
7.647238969802856,10,17,5,5,3,-10,-17,1,0,-19,11,9,7,0,thankyou
7.662909269332886,-4,5,0,-5,-7,-23,-24,-2,-11,-16,5,-3,1,-17,thankyou
7.662909269332886,-9,-2,2,-7,-5,-10,-22,-2,-23,-16,-3,-13,-5,-16,thankyou
7.677984476089477,-19,-5,-12,-3,6,1,-19,-7,-30,-19,-7,-20,-14,-13,thankyou
7.694986820220947,-28,-3,-10,-10,0,-2,-25,-4,-41,-21,-8,-24,-23,-22,thankyou
7.694986820220947,-14,0,2,3,-4,2,-16,5,-26,-4,4,-12,-10,-9,thankyou
7.694986820220947,4,2,8,28,8,14,8,5,0,17,17,0,3,15,thankyou
7.7099995613098145,7,0,8,26,17,18,24,0,-2,20,7,-1,-5,12,thankyou
7.7099995613098145,1,-7,-1,10,3,17,19,0,-8,16,-4,-9,-11,0,thankyou
7.7255539894104,-10,-13,-3,-6,-6,16,18,5,4,16,-14,-14,-5,0,sil
7.7255539894104,-15,-14,-10,-17,-1,16,33,4,16,14,-20,-19,-6,1,sil
7.740845680236816,-4,-12,-8,-8,-1,15,34,-1,17,12,-12,-13,-5,4,sil
7.741939306259155,2,-6,3,-3,-12,0,7,-2,11,6,-9,-3,-1,4,sil
7.755979537963867,-6,-11,-11,-18,-15,-19,-6,-2,4,-4,-14,-5,-3,0,sil
7.7729527950286865,-7,-14,-7,-24,-12,-13,-2,0,8,-2,-9,0,1,3,sil
7.7729527950286865,3,-5,7,-11,-5,4,4,3,25,12,0,9,16,13,sil
7.7729527950286865,15,2,4,-1,3,0,-1,1,23,13,6,12,14,9,sil
7.787990093231201,13,11,4,5,0,-15,-21,-1,0,-10,10,15,-2,-3,sil
7.802958965301514,2,9,-2,2,-7,-19,-28,-4,-4,-22,13,13,-2,-9,sil
7.802958965301514,2,3,2,-10,-7,-19,-19,-5,8,-7,18,18,13,-6,sil
7.820058345794678,16,16,10,-2,4,-12,-20,0,-1,-1,21,25,12,-2,sil
7.820058345794678,22,30,9,23,12,-6,-23,1,-28,-16,16,17,0,-1,sil
7.83413553237915,12,23,12,28,9,0,-9,-2,-34,-20,11,12,1,-1,sil
7.83413553237915,-2,15,0,21,11,14,5,-5,-23,-9,2,6,6,2,sil
7.850030183792114,-7,15,-1,25,17,23,13,2,-12,0,-10,-7,-5,10,sil
7.850030183792114,-6,6,3,29,15,22,20,7,-3,6,-9,-11,-11,10,sil
7.8655686378479,-6,-6,-5,18,10,15,23,4,6,15,0,-7,0,6,sil
7.8655686378479,-8,-11,-2,0,5,10,23,7,17,24,-7,-13,5,3,sil
7.880758285522461,-12,-16,-9,-10,-1,10,22,4,25,27,-13,-20,4,0,sil
7.880758285522461,-12,-23,-18,-18,-7,5,11,-4,21,13,-9,-17,0,1,sil
7.895802974700928,-13,-25,-8,-27,-11,-6,2,-3,16,1,-15,-18,-9,0,sil
7.895802974700928,-9,-23,-3,-27,-13,-14,2,0,9,-2,-24,-20,-11,-10,sil
7.910984754562378,0,-9,1,-18,-14,-12,-8,0,1,-7,-10,-9,2,-14,sil
7.910984754562378,0,-7,-6,-24,-16,-19,-24,-3,1,-11,2,1,7,-8,sil
7.926159858703613,-9,-13,-8,-38,-16,-19,-24,-6,-2,-18,-5,1,-8,-18,sil
7.926159858703613,0,0,3,-18,-7,-2,-15,0,-10,-25,-2,3,-15,-28,sil
7.941325902938843,10,13,5,2,1,-2,-8,5,-10,-17,14,11,-4,-16,sil
7.941325902938843,4,12,12,-8,2,-5,-2,1,-14,-10,15,14,-4,0,sil
7.957122325897217,7,17,13,6,15,8,8,0,-15,-3,15,17,-7,5,sil
7.957122325897217,18,25,16,54,30,18,14,5,-3,14,24,21,2,13,sil
7.972753524780273,14,15,13,57,18,18,12,4,2,32,16,13,12,22,sil
7.972753524780273,0,-6,-12,19,-2,11,10,-3,6,26,0,-2,12,24,sil
7.988270759582519,-5,-16,-14,-2,-4,3,9,-3,19,16,-1,-5,8,19,sil
7.988270759582519,-6,-10,-5,-3,-1,0,9,0,22,20,-4,-4,12,14,sil
8.003698825836182,-3,-2,-1,-8,-12,-9,0,0,3,8,-12,-8,8,4,sil
8.003698825836182,8,6,8,-10,-12,-18,-16,-5,-13,-21,2,7,-2,-6,sil
8.019737482070923,19,15,7,1,6,-8,-23,-8,-20,-33,22,27,0,-4,sil
8.019737482070923,7,14,6,3,9,0,-23,-6,-28,-28,3,12,2,0,sil
8.04271912574768,-9,4,-2,-5,-5,-6,-19,-1,-29,-24,-18,-16,-13,-8,sil
8.04271912574768,-4,1,-3,5,-2,2,0,6,-8,-3,-11,-15,-14,-7,sil
8.04271912574768,0,0,7,13,5,23,24,10,15,18,-10,-12,4,4,sil
8.05050802230835,-11,-17,-11,-10,-6,8,17,0,24,17,-22,-29,5,3,sil
8.066270589828491,-13,-19,-13,-24,-17,-20,-3,0,20,6,-11,-16,-3,-2,sil
8.066270589828491,0,-5,0,-11,-10,-18,-6,1,8,0,5,13,0,-3,sil
8.081990480422974,1,-1,-5,-14,-3,-7,-5,-7,-6,-14,2,12,-2,-13,sil
8.081990480422974,0,7,1,-14,5,-2,-7,-6,-11,-17,1,5,-10,-22,sil
8.097567081451416,0,21,4,10,14,0,0,0,-8,-4,10,6,-7,-14,sil
8.097567081451416,-5,12,3,18,10,3,2,0,-17,-5,3,0,-7,-2,sil
8.112794399261475,-9,0,-1,12,7,13,0,3,-16,-4,-6,-4,-7,0,sil
8.112794399261475,-3,-3,-4,18,11,24,12,3,7,18,-2,-7,5,4,sil
8.128905057907104,-1,-9,1,7,4,20,19,0,27,34,-2,-8,8,10,sil
8.128905057907104,-8,-18,-9,-12,-5,4,13,4,33,28,-8,-8,5,10,sil
8.144615888595581,-9,-15,-10,-19,-9,-1,5,12,27,17,-4,-5,14,6,sil
8.144615888595581,-3,-7,-3,-20,-9,-4,1,2,20,11,6,0,19,4,sil
8.159775257110596,6,-6,-2,-20,-4,-18,-5,-7,8,-1,8,7,6,1,sil
8.159775257110596,17,6,13,-11,-2,-20,-12,-2,-9,-21,6,15,-2,-6,sil
8.175587177276611,17,20,11,7,-1,-7,-13,3,-20,-22,13,13,-4,-6,sil
8.175587177276611,14,21,10,34,15,8,0,4,-8,-1,19,12,-7,3,sil
8.190654754638672,11,16,17,47,29,21,22,2,-1,12,13,9,-4,10,sil
8.191660642623901,-1,-1,-3,22,6,13,21,-3,-15,4,-3,-5,-1,7,sil
8.206786632537842,-12,-22,-9,-16,-24,-6,0,-3,-23,-10,-20,-14,-8,4,sil
8.206786632537842,-4,-17,-3,-16,-19,-10,-8,0,-6,-5,-17,-5,0,8,sil
8.221587181091309,7,1,3,4,0,-2,-5,-3,12,9,4,6,18,10,sil
8.221587181091309,10,9,7,0,1,-4,-13,-7,11,1,12,14,11,4,sil
8.237664222717285,6,4,-2,-19,-4,-16,-22,-9,-1,-19,4,8,-3,-3,sil
8.255856037139893,1,5,1,-17,-6,-19,-26,-4,-13,-30,5,3,-5,-14,sil
8.255856037139893,-3,9,4,0,-1,-5,-19,0,-15,-23,13,6,-5,-21,sil
8.255856037139893,-6,7,0,7,4,6,-2,0,-15,-12,0,-2,-12,-15,sil
8.26853895187378,-15,1,-11,1,9,9,7,0,-19,-9,-26,-23,-22,-11,sil
8.26853895187378,-21,-4,-22,0,7,8,11,5,-8,-4,-28,-31,-23,-9,sil
8.285958290100098,-9,-3,0,12,6,17,21,6,19,17,-16,-19,-6,6,sil
8.285958290100098,-2,-5,6,15,2,21,26,3,34,39,-11,-13,11,17,sil
8.301876306533813,-7,-14,-8,-2,-7,6,11,-2,22,27,-11,-14,7,6,sil
8.301876306533813,-2,-12,-2,-16,-7,-7,0,-3,12,6,0,-1,4,0,sil
8.31589674949646,5,-6,-6,-14,0,-8,-1,-1,12,7,16,10,16,7,sil
8.31589674949646,9,-4,1,-11,-7,-8,-13,0,1,7,19,15,17,4,sil
8.33089566230774,9,-2,10,-12,-12,-11,-21,1,-7,-4,18,21,12,-1,sil
8.347675561904907,4,0,5,-15,-2,-9,-15,1,-13,-8,19,23,6,0,sil
8.347675561904907,5,7,6,-6,2,0,-6,0,-21,-9,5,13,-4,-4,sil
8.347675561904907,9,12,1,14,6,6,0,0,-18,-14,-6,5,-8,-14,sil
8.361788749694824,3,11,6,20,8,-4,-2,5,-10,-14,3,7,-2,-5,sil
8.37790036201477,0,13,10,16,8,-3,1,3,-5,-1,11,5,2,12,sil
8.37790036201477,1,8,2,21,8,13,18,1,6,12,-3,-2,-1,10,sil
8.39317512512207,-8,-7,0,15,2,19,25,3,17,16,-18,-9,-9,-3,sil
8.39317512512207,-12,-16,-11,1,-2,10,22,0,21,20,-11,-17,-3,2,sil
8.408777236938477,-2,-14,-6,-14,-1,0,17,-1,21,18,-9,-14,8,15,sil
8.408777236938477,-1,-14,-5,-30,-9,-10,5,3,18,5,-15,-1,8,2,sil
8.423731565475464,-3,-4,-7,-26,-17,-17,-5,-1,11,-2,-3,4,3,-8,sil
8.423731565475464,3,18,11,-1,0,-4,-10,-3,1,-7,17,9,0,-2,sil
8.439799547195435,10,24,7,16,23,-1,-15,1,-10,-19,23,9,-2,0,sil
8.439799547195435,7,14,0,16,12,-10,-21,-2,-27,-29,13,0,-6,-7,sil
8.455190658569336,-8,7,-3,10,-6,0,-18,-9,-36,-27,-6,-18,-16,-15,sil
8.455190658569336,-15,0,-10,13,3,15,-2,-3,-19,-8,-22,-27,-18,-13,sil
8.470638990402222,0,1,0,18,11,15,19,6,8,17,-12,-13,0,2,sil
8.470638990402222,4,-3,-1,10,-6,7,23,2,18,22,0,-3,8,16,sil
8.485976457595825,0,-18,-7,-13,-18,-2,4,-3,11,6,-6,-1,7,14,sil
8.485976457595825,7,-17,-3,-27,-12,-10,-10,-1,3,-1,-1,9,10,11,sil
8.501914739608765,11,-8,-4,-19,-15,-14,-21,0,-2,-7,15,22,14,11,sil
8.501914739608765,14,1,11,-10,-15,-10,-23,1,0,-11,22,30,16,7,sil
8.517506837844849,16,10,17,-11,1,-5,-11,0,2,-1,23,26,13,0,sil
8.517506837844849,5,6,9,-6,15,-5,-9,-1,-9,0,17,10,-4,-8,sil
8.532965660095215,-1,6,7,13,17,5,-6,-1,-13,-3,9,8,-9,-10,sil
8.532965660095215,0,11,1,21,14,15,8,0,0,3,8,9,0,-3,sil
8.549026012420654,-10,5,6,9,5,9,6,0,-8,-1,-11,-15,-17,-11,sil
8.549026012420654,-25,-12,-2,6,0,5,3,0,-26,-8,-31,-33,-30,-21,sil
8.564699172973633,-22,-17,-12,7,0,14,18,4,-6,8,-25,-20,-16,-9,sil
8.564699172973633,-18,-6,-2,1,1,15,26,7,21,23,-20,-12,-8,4,sil
8.579826593399048,-13,-4,-7,3,2,4,23,0,26,23,-22,-17,0,9,sil
8.579826593399048,-8,-11,-10,1,-1,0,19,-1,20,16,-15,-12,11,5,sil
8.595646619796753,-7,-13,-13,-11,-8,-2,6,0,17,4,-9,-14,8,-4,sil
8.595646619796753,1,-7,-8,-13,-11,-8,-1,1,12,1,-1,-12,4,-1,sil
8.610883235931396,11,-1,2,-15,-7,-7,-1,-1,9,2,9,7,8,5,sil
8.610883235931396,2,-2,-11,-22,-7,-11,-14,-7,3,-10,4,8,2,-4,sil
8.62632703781128,1,-1,-5,-17,-13,-21,-26,-4,-3,-20,3,2,-1,-6,sil
8.62632703781128,20,4,7,-3,-9,-18,-17,4,-5,-2,20,16,8,12,sil
8.642436265945435,21,10,3,-2,0,-5,-4,2,-4,5,21,22,13,13,sil
8.642436265945435,10,24,10,3,11,5,3,0,-2,0,21,21,14,2,sil
8.658088207244873,17,28,12,21,22,0,6,-2,-2,1,36,23,19,12,sil
8.658088207244873,19,14,11,18,11,-13,-11,-5,-18,-14,20,17,6,11,sil
8.673074007034302,1,5,1,2,-5,-9,-27,-4,-32,-40,-8,8,-13,-10,sil
8.673074007034302,-4,6,-2,4,2,6,-14,-3,-26,-30,-7,7,-10,-15,sil
8.688728094100952,0,9,17,14,14,16,8,-1,-13,-3,0,2,0,0,sil
8.688728094100952,-1,6,10,21,5,12,9,0,-6,3,-10,-11,-10,5,sil
8.703713178634644,-9,0,-2,17,-1,5,-8,0,-15,-5,-21,-22,-29,-12,sil
8.703713178634644,-17,-12,-9,3,-4,10,-11,0,-17,-4,-16,-24,-21,-21,sil
8.71968126296997,-16,-20,-14,-2,-5,14,6,3,7,14,-3,-19,0,0,sil
8.71968126296997,-9,-9,0,0,2,13,18,7,33,34,1,-5,7,20,sil
8.735061645507812,-9,-3,1,0,4,13,21,6,38,43,0,-6,6,11,sil
8.735061645507812,-10,-12,-1,-7,-4,9,26,3,30,29,-6,-11,6,1,sil
8.751240253448486,-3,-15,-7,-16,-7,1,24,5,20,5,-9,-3,2,7,sil
8.751240253448486,0,-11,-16,-17,-5,-1,16,8,16,0,-6,1,0,7,sil
8.766167163848877,1,-4,2,-9,-2,-5,8,5,17,0,-6,0,2,-3,sil
8.766167163848877,9,1,6,-1,0,-14,0,0,13,-2,0,3,12,0,sil
8.781959295272827,14,2,1,-7,-2,-18,-5,-1,0,-2,12,11,18,7,sil
8.781959295272827,11,0,1,-14,-1,-12,-6,-1,-6,-6,8,6,9,-4,sil
8.797519445419312,4,0,-5,-11,5,-10,-15,-6,-6,-16,0,1,-1,-17,sil
8.813698768615723,-1,3,2,-6,1,-11,-30,-10,-18,-17,3,5,-7,-17,sil
8.813698768615723,-2,6,1,-3,-7,-12,-29,-7,-29,-14,10,7,-10,-17,sil
8.813698768615723,0,12,0,2,0,-8,-19,-1,-26,-15,13,5,-13,-15,sil
8.828778982162476,-3,19,10,21,14,8,-9,-3,-27,-17,3,-1,-19,-9,sil
8.828778982162476,-11,11,6,36,12,18,0,-9,-27,-6,-13,-8,-24,-2,sil
8.844894170761108,-2,-3,7,23,0,14,5,0,-4,13,-15,0,-8,12,sil
8.844894170761108,9,-10,0,2,-3,6,6,4,14,19,-4,1,12,20,sil
8.86085033416748,0,-16,-11,-6,-7,0,4,1,1,0,-12,-12,7,10,sil
8.875551223754883,-19,-20,-12,-16,-18,2,6,-1,1,1,-23,-18,-4,0,sil
8.876550436019897,-16,-18,-17,-20,-18,2,8,-1,19,18,-12,-19,0,0,sil
8.876550436019897,7,-1,4,-4,-4,0,6,3,17,10,5,-3,8,11,sil
8.890921354293823,20,11,9,12,2,7,12,10,17,5,21,22,22,27,sil
8.906962633132935,16,5,0,5,1,3,15,7,30,20,28,30,34,22,thankyou
8.906962633132935,14,6,9,0,3,-8,-3,-1,13,5,22,20,21,1,thankyou
8.92276668548584,12,13,5,4,3,-11,-16,-8,-18,-21,12,16,4,-6,thankyou
8.923767805099487,10,15,3,2,0,-9,-6,-3,-21,-15,13,19,6,-4,thankyou
8.938791275024414,15,14,10,0,6,-5,5,4,-2,0,21,21,11,0,thankyou
8.938791275024414,11,10,7,2,13,-2,-1,2,1,-9,13,14,1,1,thankyou
8.938791275024414,-6,2,0,-1,2,-7,-18,0,-11,-25,-9,-3,-18,-13,thankyou
8.954546213150024,-21,-2,-11,-6,-3,-9,-11,0,-7,-18,-14,-19,-24,-24,thankyou
8.954546213150024,-17,2,0,1,10,7,11,3,12,3,0,-18,-8,-10,thankyou
8.968650102615356,-7,8,0,10,25,23,14,6,8,11,0,-17,-7,-3,thankyou
8.983893871307373,-13,-3,-12,3,14,11,0,2,-15,-5,-24,-25,-31,-17,thankyou
8.983893871307373,-24,-15,-4,-3,-1,3,-1,-2,-16,-11,-35,-28,-35,-20,thankyou
8.999956846237183,-19,-13,-3,0,0,12,15,-3,0,10,-24,-26,-14,-5,thankyou
8.999956846237183,-14,-11,-7,-7,0,16,22,0,5,21,-19,-24,-7,0,thankyou
9.015568017959597,-15,-15,-13,-13,-11,8,14,3,5,15,-22,-18,-9,1,thankyou
9.015568017959597,-9,-18,-21,-9,-18,-4,1,4,6,10,-16,-8,-1,11,thankyou
9.0308096408844,0,-16,-1,-12,-15,-9,-3,0,6,5,-5,0,8,8,thankyou
9.0308096408844,5,-9,7,-6,-11,-4,3,-4,8,7,5,2,22,6,thankyou
9.046822547912598,14,0,9,8,-6,-3,3,-2,8,12,10,10,28,15,thankyou
9.046822547912598,19,3,7,0,0,-7,-7,0,8,11,13,27,26,16,thankyou
9.062002897262571,18,8,4,-14,3,-8,-13,-1,7,2,21,32,21,10,thankyou
9.062002897262571,18,10,15,-4,0,-8,-19,-4,-6,-20,20,24,9,1,thankyou
9.07750415802002,18,1,7,2,-5,-18,-27,-8,-19,-34,13,18,-1,-1,thankyou
9.07750415802002,23,10,11,0,0,-18,-19,-3,-9,-11,24,29,11,6,thankyou
9.0935959815979,23,29,26,4,5,-4,-8,4,7,7,37,31,24,8,thankyou
9.0935959815979,9,17,5,6,1,-5,-16,1,1,-3,17,6,0,-6,thankyou
9.10880732536316,-1,1,-4,-1,-2,-5,-17,-3,-18,-12,-8,-10,-26,-14,thankyou
9.10880732536316,-6,4,-6,7,4,9,-2,-2,-23,-4,-7,-10,-20,-11,thankyou
9.124830961227415,-11,5,-5,24,8,13,0,0,-18,-7,-4,-15,-15,-12,thankyou
9.124830961227415,-14,3,1,23,4,13,5,5,-12,-11,-12,-19,-17,-9,thankyou
9.14000916481018,-18,1,-8,18,9,25,29,4,2,4,-7,-21,-5,-1,thankyou
9.14000916481018,-17,-6,-6,19,13,30,42,2,19,23,3,-15,5,2,thankyou
9.15554976463318,-9,-10,-1,18,7,17,37,3,20,22,1,-4,6,8,thankyou
9.15554976463318,-12,-12,-9,3,-2,4,22,1,6,5,-15,-6,0,8,thankyou
9.17170548439026,-21,-18,-13,-11,-11,3,9,-5,2,1,-28,-14,-5,0,thankyou
9.17170548439026,-10,-18,-10,-13,-10,2,18,-5,18,16,-21,-7,0,4,thankyou
9.187116384506226,4,-10,1,-14,-8,-6,17,1,24,13,-6,6,8,13,thankyou
9.187116384506226,5,-2,-3,-16,-10,-26,-13,3,11,-2,0,11,8,7,thankyou
9.202578783035278,19,5,2,-6,-6,-28,-25,3,6,-2,9,19,11,5,thankyou
9.202578783035278,31,11,15,-3,-4,-12,-11,1,12,-3,28,26,16,8,thankyou
9.218597650527954,14,1,-1,-11,-10,-17,-18,-2,6,-17,30,17,10,0,thankyou
9.218597650527954,4,0,1,-10,-4,-21,-35,2,-6,-13,18,14,2,-6,thankyou
9.233745574951172,11,11,7,-5,12,0,-20,5,-10,0,8,13,-1,0,thankyou
9.233745574951172,3,9,-7,-9,16,5,-2,-7,-19,-14,-4,-4,-16,-6,thankyou
9.249751329421995,-8,1,0,-12,8,-5,-9,-9,-32,-27,-14,-17,-29,-19,thankyou
9.249751329421995,-9,0,-3,-18,3,-2,-20,0,-30,-14,-9,-16,-20,-18,thankyou
9.265057802200316,-7,6,-5,-28,6,6,-13,0,-20,-4,-12,-15,-11,-9,thankyou
9.265057802200316,-5,11,-1,-13,13,13,6,-2,-8,0,-22,-18,-13,-9,thankyou
9.280707597732544,-11,4,-5,8,10,11,7,0,-1,8,-20,-23,-12,-11,thankyou
9.280707597732544,-18,-6,-3,10,1,10,0,4,-1,9,-15,-22,-6,-8,thankyou
9.295813083648682,-13,-5,0,23,3,14,12,2,2,11,-9,-15,3,-2,thankyou
9.295813083648682,-9,-6,1,23,1,10,20,2,3,14,-6,-12,8,2,thankyou
9.310977935791016,-16,-14,-5,-3,-12,4,6,1,1,9,-9,-13,2,3,thankyou
9.310977935791016,-10,-12,-4,0,-14,6,9,-2,10,7,-6,-3,0,4,thankyou
9.32700490951538,7,1,20,27,-2,9,24,0,21,14,3,15,8,13,thankyou
9.32700490951538,9,0,13,18,-4,6,18,2,19,12,10,17,15,20,thankyou
9.342869758605955,5,-12,4,3,-11,7,8,-2,16,3,12,14,10,16,thankyou
9.342869758605955,14,-5,11,14,-7,6,19,-3,18,3,19,23,12,12,thankyou
9.357923746109009,16,-1,0,11,-3,-4,14,-1,10,0,21,25,19,8,thankyou
9.357923746109009,6,-7,-3,-3,-3,-12,-11,0,-1,-11,14,13,10,0,thankyou
9.373678922653198,10,-1,-3,5,2,-12,-10,0,6,-3,22,12,7,2,thankyou
9.373678922653198,17,7,1,6,6,-9,7,5,19,10,29,21,17,7,thankyou
9.389724731445312,0,4,-1,-10,-3,-12,-3,3,5,1,10,10,9,-3,sil
9.389724731445312,0,-1,-13,-12,-9,-20,-25,-3,-8,-9,-2,0,-4,-6,sil
9.404770135879517,20,7,5,-7,0,-14,-22,0,-2,-10,4,11,-3,7,sil
9.404770135879517,18,17,5,-12,6,-5,-6,2,0,-8,7,15,0,8,sil
9.419952630996704,0,12,-2,-12,0,-9,-5,-3,-11,-4,0,2,-3,0,sil
9.420596599578856,4,13,5,-1,6,-5,-10,-4,-12,2,-2,-2,-5,-1,sil
9.435618162155151,6,15,3,8,15,0,-13,-2,-15,-2,-6,-8,-12,-8,sil
9.451525449752808,-6,12,6,2,3,0,-15,0,-29,-16,-9,-13,-13,-18,sil
9.451525449752808,-13,8,-4,-9,3,8,-9,1,-23,-10,-6,-15,-4,-14,sil
9.451525449752808,-16,-2,-20,-17,8,5,-3,0,-12,-6,-24,-27,-20,-18,sil
9.466936826705933,-21,-10,-4,-6,-4,-3,-6,0,-18,-17,-43,-32,-37,-26,sil
9.466936826705933,-17,-5,1,12,-8,6,1,0,-16,-12,-27,-20,-16,-10,sil
9.48324728012085,-15,-5,-3,14,2,22,14,0,-5,0,-8,-10,0,2,sil
9.49978733062744,-19,-13,-6,7,0,19,15,0,2,1,-7,-12,-10,0,sil
9.49978733062744,-9,-11,-1,6,-6,8,14,0,14,11,-1,-8,-6,8,sil
9.49978733062744,0,-4,6,4,-1,9,22,5,22,21,2,0,7,17,sil
9.514687538146973,-3,-7,-6,1,0,9,16,6,24,15,1,1,11,11,sil
9.514687538146973,1,-11,-7,-6,-3,-1,0,1,28,13,1,2,15,6,sil
9.530672550201416,10,-14,-5,-18,-3,-8,3,0,32,16,6,7,26,11,sil
9.530672550201416,5,-12,-9,-22,-1,-11,10,0,20,8,17,17,29,13,sil
9.546200275421144,0,0,4,-18,-3,-13,-7,-4,-10,-6,18,21,9,-4,sil
9.561929941177368,4,9,7,-3,0,-9,-20,-8,-30,-16,6,12,-9,-21,sil
9.561929941177368,9,9,8,13,8,1,-11,-1,-17,-12,4,5,-5,-10,sil
9.561929941177368,0,2,2,11,9,10,1,2,-7,0,7,-1,-1,1,sil
9.579974889755247,0,2,0,9,7,13,21,1,-7,10,0,-8,-5,2,sil
9.579974889755247,16,10,15,22,3,17,28,3,12,24,2,8,6,16,sil
9.592539310455322,10,0,6,13,-4,3,10,1,30,34,6,10,18,20,sil
9.592539310455322,-3,-12,0,-16,-11,-14,-5,0,19,16,-2,-4,8,3,sil
9.606937885284424,10,-1,6,-18,-11,-14,-5,5,15,-3,1,3,4,1,sil
9.6230149269104,16,4,9,-4,-8,-13,-17,2,6,-14,14,15,8,3,sil
9.6230149269104,0,5,9,-4,-2,-12,-28,-4,-20,-30,9,9,0,-10,sil
9.638206958770752,0,12,-2,3,4,-7,-13,-4,-27,-28,4,9,-5,-13,sil
9.638206958770752,7,17,0,19,11,-2,0,0,-15,-15,3,7,-8,-6,sil
9.653381109237673,0,13,6,24,11,3,-5,1,-17,-13,-3,-13,-15,-6,sil
9.653381109237673,-5,-1,-6,19,0,8,-1,0,-12,-1,-11,-20,-16,0,sil
9.668964624404907,-9,-11,-7,0,-6,9,8,0,1,14,-17,-7,-14,7,sil
9.668964624404907,-14,-12,-16,-11,-5,10,11,2,9,4,-22,-14,-11,0,sil
9.684537410736084,-11,-12,-16,-8,-2,6,8,4,13,-4,-15,-19,0,0,sil
9.684537410736084,-4,-10,-5,-14,-3,-5,0,-5,11,-2,-4,-1,6,1,sil
9.69973874092102,-2,-2,-10,-26,-4,-21,-5,-7,0,-8,3,8,4,-7,sil
9.69973874092102,7,10,3,-13,2,-18,-10,8,-5,-10,16,13,6,-3,sil
9.714924573898315,13,13,12,9,7,-1,-8,4,-4,-5,17,17,6,6,sil
9.714924573898315,0,7,6,8,2,1,-4,-9,-12,-7,0,1,-5,-4,sil
9.73062229156494,-12,8,3,1,1,3,0,-1,-17,-4,-7,-15,-13,-20,sil
9.73062229156494,-16,0,-9,0,1,5,-4,3,-11,3,-6,-20,-15,-21,sil
9.745855808258057,-16,-13,-5,0,-6,4,-6,-1,-14,3,-15,-21,-20,-16,sil
9.745855808258057,-9,-7,0,7,-5,9,3,-3,-14,4,-20,-17,-10,-2,sil
9.76197075843811,0,-2,0,10,4,20,19,0,1,12,-6,1,9,16,sil
9.76197075843811,5,0,2,4,8,26,28,2,24,32,13,17,20,27,sil
9.77758264541626,10,3,5,6,4,16,25,0,34,45,15,15,25,24,sil
9.77758264541626,13,0,9,3,-5,-4,4,0,25,18,0,10,19,15,sil
9.792651891708374,11,-9,1,-13,-9,-16,-7,2,19,-2,4,14,14,12,sil
9.792651891708374,13,-3,1,-18,0,-15,-3,3,23,6,21,22,20,13,sil
9.808075428009031,16,8,15,-10,1,-18,-11,0,9,0,18,22,20,3,sil
9.808075428009031,6,4,2,-12,-3,-27,-31,-2,-20,-27,7,6,0,-11,sil
9.823375940322876,-7,0,-3,-8,0,-15,-32,-4,-37,-36,4,-5,-20,-21,sil
9.823375940322876,-5,8,0,16,16,9,-3,0,-20,-17,5,-3,-16,-17,sil
9.83891463279724,0,9,-2,26,16,15,21,10,0,4,1,-4,-4,-1,sil
9.83891463279724,-9,-3,0,11,0,10,26,8,-1,7,-9,-13,-7,9,sil
9.854623079299929,-16,-14,-10,7,-4,14,24,-3,-5,3,-15,-20,-8,7,sil
9.854623079299929,-5,-9,-4,8,0,21,26,-1,11,13,-11,-21,-4,5,sil
9.870635747909546,1,-5,-1,-5,-4,14,18,3,30,18,-10,-13,0,8,sil
9.870635747909546,-3,-10,-10,-20,-14,-12,-5,0,19,-2,-12,0,0,2,sil
9.88609218597412,-4,-3,-4,-18,-19,-27,-27,-5,-4,-21,-8,1,-6,-10,sil
9.88609218597412,2,1,-7,-10,-13,-15,-20,-5,-8,-15,-3,-2,-6,-12,sil
9.902096033096312,1,-1,-3,-22,-5,-5,-12,-2,-6,-13,-6,3,-5,-11,sil
9.902096033096312,-5,2,3,-23,0,-7,-24,-1,-17,-21,-4,7,-12,-20,sil
9.91772747039795,6,16,4,16,6,-2,-26,-1,-19,-13,12,5,-5,-15,sil
9.91772747039795,24,26,18,35,15,5,-9,1,-11,-3,24,17,5,0,sil
9.93296241760254,10,19,10,13,18,0,-4,4,-10,-4,17,18,0,4,sil
9.93296241760254,-7,6,0,10,10,-1,-5,0,-13,-2,0,-2,-8,1,sil
9.949039936065674,-11,0,5,21,0,7,3,-2,-15,0,-15,-17,-12,0,sil
9.949039936065674,-11,-9,-1,10,-1,13,18,-1,-11,5,-17,-15,-11,2,sil
9.964784860610962,-9,-11,-3,0,0,12,24,3,4,22,-11,-10,0,8,sil
9.964784860610962,-7,-9,-14,-4,-3,5,13,0,17,30,-11,-17,13,1,sil
9.979745388031006,-7,-18,-14,-14,-11,-4,-2,-4,15,11,-10,-15,15,-5,sil
9.979745388031006,0,-15,5,-15,-7,-6,4,2,29,6,4,10,23,7,sil
9.994946002960203,7,0,4,-15,0,-8,15,6,48,24,24,34,33,17,sil
10.010706901550291,7,3,0,-25,0,-11,1,2,24,19,31,33,26,6,sil
10.010706901550291,8,6,1,-7,1,-6,-6,-1,-2,-6,31,24,14,0,sil
10.010706901550291,17,17,9,24,13,-1,0,0,0,-10,28,19,7,5,sil
10.027771949768066,19,22,15,26,16,7,2,2,-5,1,19,18,0,11,sil
10.027771949768066,1,8,2,14,6,13,0,-2,-24,-5,0,0,-13,5,sil
10.051877498626707,-13,0,-2,10,3,15,7,-3,-25,-19,-24,-24,-26,-4,sil
10.051877498626707,-5,0,-9,12,5,18,21,4,-9,-7,-24,-28,-26,0,sil
10.051877498626707,5,-4,-11,8,-4,16,22,1,4,8,-14,-18,-11,8,sil
10.073805332183838,-5,-15,-3,-7,-14,4,6,-9,8,3,-23,-18,-2,4,sil
10.073805332183838,-14,-21,-12,-23,-12,-6,-5,-5,4,-1,-26,-24,-5,3,sil
10.073805332183838,0,-16,-5,-25,-10,-9,-11,5,2,0,-15,-12,-8,8,sil
10.09158706665039,0,-13,-2,-19,-12,-12,-18,-1,-3,-10,-17,-7,-5,-7,sil
10.09158706665039,-14,-13,-10,-17,-12,-20,-27,-10,-17,-29,-24,-12,-7,-25,sil
10.104256868362429,0,-2,-2,-17,-7,-19,-28,-1,-17,-28,-6,0,-4,-20,sil
10.120898962020874,16,12,5,-12,0,-13,-15,0,-6,-1,19,16,11,-8,sil
10.120898962020874,8,21,17,2,7,-9,-9,-1,-5,9,31,26,18,-2,sil
10.120898962020874,4,23,21,24,9,-6,-14,1,-7,0,33,31,7,1,sil
10.136865615844728,11,19,13,30,9,-5,-10,3,1,0,31,25,1,0,sil
10.150933504104614,2,13,14,16,7,4,1,6,14,11,18,8,0,-2,sil
10.150933504104614,-9,5,0,10,8,21,11,9,15,15,1,-9,-4,0,sil
10.166935682296751,-13,-1,-5,12,7,23,20,3,4,9,-10,-20,-11,-3,sil
10.166935682296751,-14,-12,-8,9,-2,15,22,0,1,9,-18,-20,-14,-9,sil
10.182844877243042,-11,-21,-17,-5,-7,6,14,1,10,14,-22,-16,-6,-6,sil
10.182844877243042,-9,-16,-8,-24,-3,0,6,0,9,6,-23,-12,2,-1,sil
10.198970079421995,-13,-12,-17,-25,-8,-9,5,-3,2,-5,-15,-11,6,0,sil
10.198970079421995,-9,-9,-15,-15,-14,-14,1,-2,0,-8,0,4,7,4,sil
10.215978622436523,7,2,9,-9,-6,-11,0,2,2,-5,16,25,16,12,sil
10.215978622436523,19,11,13,-6,3,-13,-1,0,-4,-9,19,24,15,16,sil
10.215978622436523,17,14,13,4,12,-9,-8,-4,-24,-17,16,18,1,11,sil
10.23002552986145,12,20,6,25,19,6,-6,-5,-22,-10,17,12,0,0,sil
10.245567560195925,13,21,9,31,17,18,6,-2,0,1,14,2,4,-1,sil
10.245567560195925,10,14,15,27,15,20,13,3,7,10,4,-1,1,5,sil
10.260900735855104,3,4,0,29,15,20,12,6,7,21,-3,1,-1,15,sil
10.260900735855104,4,-1,0,23,8,24,17,2,17,28,-6,-1,2,18,sil
10.27694535255432,4,-6,-3,5,0,22,19,0,22,26,-4,-10,8,16,sil
10.27694535255432,-6,-18,-15,-10,-13,2,1,1,4,13,-12,-19,-2,0,sil
10.29504370689392,-21,-29,-18,-28,-31,-17,-20,-2,-14,-9,-31,-29,-19,-16,sil
10.29504370689392,-22,-30,-19,-42,-34,-24,-25,-11,-7,-19,-28,-21,-9,-9,sil
10.29504370689392,-4,-21,-4,-35,-22,-20,-13,-3,11,-6,-2,3,11,2,sil
10.308933973312378,7,-7,0,-16,-12,-14,-7,3,9,-7,7,10,5,0,sil
10.32400369644165,4,9,5,-6,0,-12,-14,-2,-8,-21,2,3,-11,-13,sil
10.32400369644165,4,19,15,-2,6,-11,-16,-1,-2,-15,12,15,-4,-17,sil
10.339611053466797,7,15,8,0,0,-12,-11,2,7,-7,23,23,4,-8,sil
10.339611053466797,6,9,12,0,-4,-9,-12,-1,-13,-23,10,21,-6,-7,sil
10.354697227478027,1,8,3,0,3,-5,-14,-3,-27,-22,5,12,-11,-12,sil
10.354697227478027,-5,9,-6,2,11,-1,-4,5,-11,1,11,1,-4,-9,sil
10.37106466293335,-6,11,7,9,14,17,15,8,1,16,6,-4,0,0,sil
10.37106466293335,-1,8,4,18,21,28,25,0,1,16,-2,-9,0,4,sil
10.386023044586182,-11,0,-2,18,23,15,14,0,0,13,-10,-23,0,1,sil
10.386023044586182,-19,-4,-4,11,14,9,12,2,0,15,-16,-25,0,-5,sil
10.401548147201538,-6,-6,-8,3,0,11,23,1,-1,8,-20,-15,-9,-4,sil
10.401548147201538,-2,-11,-5,-1,-5,0,21,-2,0,-6,-27,-18,-15,0,sil
10.416697978973389,-12,-17,-18,-7,-4,-11,11,-5,5,-5,-25,-23,-9,0,sil
10.416697978973389,-5,-18,-11,-18,-12,-10,3,0,6,5,-13,-10,1,6,sil
10.431782007217407,3,-14,0,-18,-21,-5,-3,3,5,8,-4,-4,5,13,sil
10.431782007217407,1,-5,0,-10,-18,-5,-6,-3,12,0,-3,-4,3,7,sil
10.447474241256714,11,7,12,-4,-5,-1,-6,-2,11,-5,8,15,7,8,sil
10.447474241256714,25,13,11,7,2,0,-9,5,0,-2,32,32,19,13,sil
10.462639570236206,15,11,9,9,0,-3,-12,2,-2,0,34,27,18,5,sil
10.462639570236206,7,13,6,-2,-1,-3,-9,-2,5,0,26,25,13,-1,sil
10.47781229019165,20,19,7,8,12,-2,-4,2,7,2,34,33,21,4,sil
10.47781229019165,23,21,15,31,18,0,-7,2,-4,-1,33,33,20,8,sil
10.49359893798828,10,12,3,22,5,-1,-21,-10,-20,-7,17,15,1,0,sil
10.49359893798828,0,5,4,7,-1,1,-27,-11,-29,-5,4,1,-8,-3,sil
10.509617567062378,-10,-2,6,8,6,13,-6,-2,-30,-9,-17,-13,-15,-1,sil
10.509617567062378,-16,-16,-8,8,12,18,22,1,-12,-2,-33,-26,-18,0,sil
10.5248544216156,-3,-9,1,13,9,19,39,9,19,25,-16,-9,0,8,sil
10.5248544216156,-1,-1,-6,13,7,19,40,9,34,32,-10,-2,8,11,sil
10.540629863739014,-16,-18,-24,-12,0,7,23,0,27,6,-35,-25,-11,0,sil
10.540629863739014,-21,-25,-16,-28,-12,-9,2,0,25,0,-32,-32,-12,-7,sil
10.555570125579834,-16,-9,-11,-18,-17,-18,-5,2,18,6,-7,-18,5,-6,sil
10.555570125579834,-9,-5,-5,-21,-13,-13,-9,0,1,-5,-5,-8,1,-9,sil
10.571996450424194,-12,-14,-9,-37,-12,-15,-15,-7,-16,-20,-11,-10,-18,-22,thankyou
10.571996450424194,-15,-10,-9,-38,-14,-27,-28,-11,-32,-33,-4,-8,-28,-33,thankyou
10.58652663230896,5,10,5,-16,-11,-22,-31,-1,-24,-26,15,14,-11,-14,thankyou
10.58652663230896,26,21,9,8,1,-2,-10,11,11,6,37,34,14,14,thankyou
10.601718664169312,12,10,15,8,4,3,0,7,15,13,30,19,12,4,thankyou
10.601718664169312,-2,2,6,0,-2,1,-11,-5,-4,-10,6,-3,-4,-15,thankyou
10.617756366729736,0,9,0,6,0,3,-8,-3,-2,-10,2,-3,-2,0,thankyou
10.617756366729736,9,20,7,17,14,9,10,7,7,6,12,7,8,13,thankyou
10.63294005393982,15,17,9,24,15,8,12,3,1,5,12,6,10,7,thankyou
10.633939743041992,10,6,12,19,3,7,4,-7,-10,7,2,0,5,8,thankyou
10.648992538452148,-2,-4,0,2,0,9,9,-5,-13,11,-9,-11,1,9,thankyou
10.648992538452148,-7,-9,-8,-2,0,5,16,0,-11,0,-24,-14,-6,-1,thankyou
10.664575099945068,-3,-5,0,11,0,3,15,-3,-8,0,-19,-1,-6,0,thankyou
10.680098056793211,1,-1,0,20,8,13,17,0,2,18,-3,6,7,17,thankyou
10.680098056793211,3,-1,4,7,14,20,21,9,12,13,-6,1,6,18,thankyou
10.680098056793211,-9,-13,-3,-9,2,8,11,6,7,-2,-17,-11,-5,3,thankyou
10.696677923202516,-15,-26,-15,-15,-11,-6,-2,0,2,-3,-20,-20,-8,-6,thankyou
10.712738990783691,-4,-16,-8,-13,-9,-11,-6,0,2,-11,-19,-15,-5,-7,thankyou
10.712738990783691,0,-3,-8,-4,1,-14,-6,-8,0,-18,-2,0,0,-2,thankyou
10.712738990783691,3,0,6,-3,0,-15,-13,-7,3,-3,13,20,12,0,thankyou
10.725870370864868,9,4,6,-9,-6,-10,-19,3,11,5,16,22,13,-4,thankyou
10.741203546524048,6,14,-4,-7,0,-11,-23,2,-1,-9,14,10,0,-8,thankyou
10.741203546524048,9,27,13,3,9,-7,-20,0,-16,-17,14,12,-4,-1,thankyou
10.75661277770996,16,23,11,7,4,-2,-4,2,-7,5,25,21,10,10,thankyou
10.75661277770996,12,2,3,5,-2,5,3,5,-4,13,30,12,14,9,thankyou
10.77176547050476,-3,-5,4,12,-1,17,6,0,-8,-3,5,-5,-3,-1,thankyou
10.77176547050476,-12,-1,-3,18,0,14,15,-3,5,0,-18,-14,-16,-5,thankyou
10.78777265548706,-10,-3,-5,7,0,6,14,1,23,27,-8,-8,-8,0,thankyou
10.78777265548706,-11,-12,-9,-7,-2,7,8,4,26,28,6,-6,1,1,thankyou
10.803316354751589,-10,-10,-3,-9,-4,0,7,-1,19,5,3,-2,4,0,thankyou
10.803316354751589,3,2,4,0,-6,-13,0,-1,11,-1,5,12,12,5,thankyou
10.818930387496948,16,14,1,-1,-2,-16,-13,1,-2,-1,19,23,20,10,thankyou
10.818930387496948,6,13,4,-9,0,-7,-23,-1,-23,-14,7,5,0,-4,thankyou
10.834692239761353,-11,0,-4,2,-1,0,-17,-5,-34,-27,-23,-24,-28,-21,thankyou
10.834692239761353,-16,-8,-8,14,0,6,0,0,-27,-15,-26,-28,-24,-16,thankyou
10.849731922149658,-8,-10,-4,9,2,13,10,3,-14,3,-13,-18,-10,-5,thankyou
10.849731922149658,-4,-16,-7,2,-2,13,10,-2,-2,5,-28,-24,-13,-1,thankyou
10.865281105041504,0,-14,0,-9,-10,2,11,0,12,3,-29,-19,-5,3,thankyou
10.865281105041504,8,-5,-1,-22,-6,-1,12,4,26,11,0,0,9,6,thankyou
10.881001949310305,9,-1,-2,-21,1,0,0,-2,19,3,7,13,4,2,thankyou
10.881001949310305,8,0,3,-18,4,-5,-5,-6,6,-5,8,23,5,6,thankyou
10.895987749099731,11,4,0,-16,4,-17,0,0,7,2,31,26,22,15,thankyou
10.895987749099731,7,12,12,-5,3,-12,-3,4,1,-4,27,17,15,5,thankyou
10.912034273147585,3,13,8,6,5,-2,-4,-1,-6,-20,7,6,1,-9,thankyou
10.912034273147585,3,5,-1,3,8,-4,0,-1,-5,-12,5,-2,1,-14,thankyou
10.927679061889648,-11,0,-3,-1,4,0,-7,0,-10,-11,-2,-10,-6,-16,thankyou
10.927679061889648,-25,-1,-11,1,0,5,-6,-1,-20,-19,-16,-11,-16,-14,thankyou
10.942861318588257,-14,0,1,7,1,7,2,-1,-20,-8,-14,-8,-9,-2,thankyou
10.942861318588257,-5,3,10,21,11,12,3,0,-13,0,-21,-18,-14,0,thankyou
10.957939863204956,-2,6,7,28,13,16,9,4,1,5,-22,-15,-16,3,thankyou
10.957939863204956,5,3,10,17,1,13,18,9,19,26,0,6,5,19,thankyou
10.973970651626589,5,-10,-4,5,-8,6,13,1,16,39,6,8,17,21,thankyou
10.973970651626589,0,-12,-4,4,-1,5,10,-2,5,23,-6,-2,4,9,thankyou
10.989803075790403,0,-3,0,4,1,4,15,1,11,13,-5,-1,2,7,thankyou
10.989803075790403,1,-5,0,-1,-13,-7,1,-2,15,10,0,1,5,8,thankyou
11.00475025177002,14,-5,6,-6,-20,-14,-12,-8,9,5,6,7,3,7,thankyou
11.00475025177002,27,1,2,1,-1,-6,-5,-3,10,7,21,17,8,8,thankyou
11.020613193511965,21,4,4,5,6,-4,-9,5,10,4,26,23,16,6,thankyou
11.020613193511965,3,2,2,-5,-3,-14,-26,1,1,-9,21,23,16,0,thankyou
11.035176038742064,1,0,-5,-15,-10,-21,-31,-7,-11,-19,17,17,5,-6,thankyou
11.035176038742064,6,5,4,-13,-6,-11,-17,-1,-10,-15,11,10,0,-11,thankyou
11.050667762756348,1,14,-6,-6,-1,0,0,6,2,-7,13,0,6,-12,sil
11.050667762756348,-3,13,-8,0,0,0,3,0,-6,-13,14,-1,0,-15,sil
11.068015813827516,-6,8,0,4,-1,0,-3,-6,-26,-26,0,0,-16,-19,sil
11.068015813827516,-18,-2,-12,-3,-4,-11,-5,-4,-27,-28,-18,-13,-21,-21,sil
11.083195447921751,-20,-9,-7,-5,-2,-5,4,3,-20,-25,-22,-19,-18,-18,sil
11.083195447921751,-8,-1,0,11,9,17,14,4,-16,-11,-10,-9,-11,-8,sil
11.096862554550173,-12,0,0,15,16,19,5,0,-15,6,-12,-12,-5,1,sil
11.114945650100708,-19,-6,-7,-3,6,8,0,1,-5,16,-24,-25,-8,3,sil
11.114945650100708,-10,-16,-13,-21,0,17,18,8,15,20,-23,-28,-8,5,sil
11.114945650100708,-5,-13,1,-25,4,27,29,7,24,25,-17,-21,0,9,sil
11.12830638885498,-9,-6,2,-14,5,14,24,-1,18,25,-9,-17,5,11,sil
11.143476247787476,-4,-9,0,-1,0,1,16,-4,22,21,-1,-14,1,10,sil
11.143476247787476,4,-7,2,-4,4,3,9,2,26,19,3,-4,1,11,sil
11.159077405929564,14,5,4,-5,12,-2,-1,0,12,12,8,17,11,19,sil
11.159077405929564,20,9,12,6,7,-13,-15,-5,0,-3,7,26,12,16,sil
11.174668073654177,17,0,6,7,-1,-13,-12,-3,8,-9,0,12,3,3,sil
11.174668073654177,13,5,6,-2,-1,-14,-2,0,16,-3,6,17,5,0,sil
11.189810991287231,15,16,11,1,-6,-19,-16,-5,6,-11,24,36,11,-1,sil
11.189810991287231,14,9,6,10,-15,-24,-34,-7,-4,-24,27,32,3,-8,sil
11.2060968875885,3,6,12,9,-9,-17,-25,-3,-13,-26,6,13,-10,-13,sil
11.2060968875885,0,11,2,19,1,-1,-12,-1,-23,-18,-4,1,-14,-16,sil
11.221824884414673,8,15,3,29,6,6,-6,1,-31,-7,5,1,-8,-9,sil
11.221824884414673,-1,10,13,27,5,6,3,0,-32,1,6,1,-4,2,sil
11.236860752105711,-20,-8,-10,18,-9,7,8,-2,-25,2,-15,-15,-7,1,sil
11.236860752105711,-12,-19,-15,-2,-22,22,13,3,-5,4,-20,-26,-6,0,sil
11.25202178955078,-5,-18,-8,-19,-10,27,26,9,14,17,-7,-19,6,10,sil
11.25202178955078,-8,-19,-12,-11,-2,7,22,4,22,24,-7,-11,15,15,sil
11.26784634590149,0,-8,-9,-4,-5,-1,3,1,29,19,-4,-3,14,5,sil
11.26784634590149,4,0,-13,-9,1,0,-1,0,29,14,15,3,14,0,sil
11.283572912216188,0,0,-1,-6,9,-4,-4,-2,10,9,18,7,10,0,sil
11.283572912216188,2,5,5,-4,5,-11,-10,-1,2,0,9,13,8,1,sil
11.299701452255247,-1,12,-5,-15,5,-11,-1,0,6,-6,8,14,2,-2,sil
11.299701452255247,-9,7,3,-8,6,-9,-2,0,-5,-9,5,3,-9,-12,sil
11.31486749649048,-3,7,9,8,5,-7,-17,0,-21,-11,0,0,-11,-9,sil
11.31486749649048,7,20,8,6,8,-5,-13,1,-21,-17,0,6,-2,1,sil
11.330799102783203,6,22,1,4,11,4,5,1,-20,-17,-3,1,-4,0,sil
11.33124852180481,-11,-6,-9,5,10,11,7,-1,-24,-9,-20,-23,-22,-11,sil
11.34593629837036,-24,-35,-8,-13,1,13,13,0,-19,-3,-35,-35,-30,-19,sil
11.34593629837036,-11,-26,-8,-24,-11,9,29,-2,-2,0,-25,-24,-11,-7,sil
11.361608743667604,1,-4,2,-12,-16,0,15,-3,8,3,-10,-7,1,9,sil
11.361608743667604,0,-7,1,-5,-7,-2,-11,-1,18,7,-3,1,4,12,sil
11.376732587814333,4,-9,-2,-7,-6,-4,-17,0,22,4,7,7,10,6,sil
11.376732587814333,20,9,16,-2,-10,-10,-17,0,5,-8,24,24,12,0,sil
11.392699241638184,29,18,16,7,0,-13,-9,3,1,-3,32,33,15,4,sil
11.392699241638184,25,19,13,13,13,-5,0,8,17,6,31,23,18,15,sil
11.408262252807615,9,20,12,10,11,1,-1,4,12,-4,19,5,3,1,sil
11.408262252807615,-5,13,-2,15,10,7,4,-2,3,-5,1,-5,-9,-15,sil
11.423969030380247,-5,2,1,24,14,18,23,3,15,21,-1,-2,1,1,sil
11.423969030380247,-2,-10,0,19,3,16,22,9,15,26,-5,-1,6,23,sil
11.439995050430298,-13,-20,-8,4,-7,0,2,0,-8,-1,-23,-16,-15,6,sil
11.439995050430298,-26,-14,-12,1,-5,0,-4,-5,-16,-7,-25,-27,-20,-15,sil
11.455718517303469,-21,-11,-15,0,-3,2,-2,-7,-5,10,-8,-14,0,-2,sil
11.455718517303469,0,-6,0,-5,-5,0,-2,-4,-1,14,-1,3,15,16,sil
11.470669269561768,4,1,-3,-1,-6,0,-1,-4,-1,6,-3,0,6,7,sil
11.470669269561768,-4,-4,-12,-5,-7,-4,-6,-6,1,0,-6,-8,-5,-11,sil
11.485960483551024,0,-8,0,-16,-8,-10,-12,-4,5,1,-3,3,0,-8,sil
11.485960483551024,12,2,3,-7,-2,-8,-5,2,8,5,5,16,15,3,sil
11.502081394195557,16,12,8,-2,0,-1,1,7,4,-2,0,16,10,2,sil
11.502081394195557,13,5,0,-19,-4,-11,-9,2,-3,-17,-5,11,-3,-6,sil
11.517659664154053,7,0,-1,-26,-14,-22,-23,-3,-12,-18,10,12,-1,-8,sil
11.517659664154053,5,6,11,-8,-10,-8,-17,-1,-20,-13,27,20,2,-2,sil
11.5328369140625,0,12,0,-2,0,-5,-10,-1,-32,-24,17,12,-12,-5,sil
11.5328369140625,-10,5,-2,-12,2,-9,-17,0,-40,-34,0,-2,-29,-18,sil
11.548956394195557,-12,2,1,3,7,4,-7,1,-32,-20,-2,-14,-18,-14,sil
11.548956394195557,-8,0,-2,26,18,14,9,0,-21,-4,-1,-18,-3,-5,sil
11.564639329910278,-13,-3,-1,21,12,14,10,-2,-13,-3,-12,-22,-11,-15,sil
11.564639329910278,-14,-5,-6,15,3,26,19,2,0,3,-22,-26,-17,-17,sil
11.57962441444397,-2,-3,0,17,12,36,34,5,24,17,-15,-21,-2,4,sil
11.57962441444397,2,-3,0,10,13,27,28,0,38,22,-6,-12,10,18,sil
11.595802545547484,2,-6,0,1,0,4,13,0,33,24,-7,-5,9,16,sil
11.595802545547484,8,-4,8,-1,-2,-11,7,2,23,26,0,5,17,18,sil
11.610901832580566,12,-3,2,-5,1,-11,7,3,36,26,18,19,37,24,sil
11.625691890716553,11,4,5,-4,0,-5,4,4,50,22,25,24,40,24,sil
11.625691890716553,13,12,4,3,0,-4,3,3,35,14,14,20,28,21,sil
11.641864538192747,23,12,2,4,9,-5,16,5,21,15,26,29,29,24,sil
11.642863273620604,28,18,18,3,13,-3,22,9,18,13,46,42,24,16,sil
11.642863273620604,10,13,2,4,1,-13,-2,0,-10,-10,17,11,-10,-14,sil
11.657809972763062,-17,-8,-16,-9,-11,-22,-31,-11,-51,-37,-28,-33,-47,-35,sil
11.657809972763062,-31,-16,-6,-11,-12,-11,-32,-7,-42,-26,-27,-31,-42,-24,sil
11.674095630645752,-29,-14,-6,2,-11,4,-17,0,-14,-6,-15,-19,-24,-13,sil
11.68761944770813,-24,-20,-10,-9,-18,11,-7,0,-14,-3,-33,-29,-24,-14,sil
11.68761944770813,-22,-23,-20,-32,-21,1,-3,-4,-10,6,-30,-29,-17,-1,sil
11.70281720161438,-11,-15,-9,-23,-24,-10,-6,-6,0,13,-6,-4,2,11,sil
11.70281720161438,3,-3,2,-10,-18,-4,-9,-3,-2,-4,0,12,10,4,sil
11.71882939338684,11,3,0,-8,0,5,-6,2,-8,-18,1,18,6,-4,sil
11.71882939338684,14,12,14,-5,10,0,-8,2,-14,-20,11,25,0,-11,sil
11.734859228134155,15,18,12,-1,9,-11,-17,-5,-24,-30,11,20,-7,-20,sil
11.734859228134155,11,20,7,3,15,-9,-20,-6,-26,-33,4,8,-10,-14,sil
11.750016689300535,6,19,15,23,23,0,-7,0,-16,-9,9,6,-3,-1,sil
11.750016689300535,1,9,6,33,16,3,3,0,-5,9,10,0,0,1,sil
11.767352104187012,-1,3,3,26,7,5,6,0,-2,7,-2,-8,0,6,sil
11.767352104187012,2,1,0,25,9,20,19,5,8,18,-5,-9,7,13,sil
11.780685901641846,2,-8,0,24,6,22,25,5,26,35,1,-10,11,10,sil
11.780685901641846,-7,-15,-2,3,-7,8,12,0,30,23,0,-11,10,7,sil
11.796531438827516,-7,-12,-14,-13,-11,5,11,0,28,6,-5,-7,16,13,sil
11.796531438827516,7,-7,-1,-15,-3,9,20,1,27,6,-8,0,15,10,sil
11.81193995475769,11,-6,0,-15,0,0,15,1,19,-1,-7,3,1,-1,sil
11.81193995475769,3,-2,-10,-23,0,-15,0,3,9,-14,-1,1,-4,-12,sil
11.827503204345703,0,5,-3,-22,-2,-13,-8,0,-1,-9,7,0,-3,-16,sil
11.827503204345703,-2,8,1,-1,1,-1,-3,-2,-13,-1,19,5,-3,-4,sil
11.84354853630066,-1,6,9,21,11,8,7,4,-11,0,12,6,-3,10,sil
11.84354853630066,-5,0,-1,17,6,10,8,4,-3,6,-5,-13,-6,7,sil
11.859073638916016,-16,-11,-16,-1,-9,2,0,-3,0,14,-10,-18,-5,0,sil
11.859073638916016,-12,-8,-4,-8,-10,0,2,-2,11,18,1,2,6,7,sil
11.874948978424072,1,-1,-3,-5,-6,-7,4,-5,13,8,1,8,9,13,sil
11.874948978424072,4,0,-6,-13,-10,-16,-16,-9,-5,-11,-9,0,-2,0,sil
11.890034437179564,2,5,-3,-14,-8,-19,-31,-2,-18,-16,1,6,-6,-14,sil
11.890034437179564,9,12,6,1,0,-18,-18,1,-22,-12,17,17,0,-9,sil
11.905580282211304,7,14,17,13,4,-4,-4,0,-27,-14,3,12,0,-1,sil
11.905580282211304,-8,5,5,16,11,17,4,3,-12,-1,-12,-5,-2,0,sil
11.920962572097778,-12,-4,3,8,10,22,11,3,5,17,-13,-17,-6,1,sil
11.920962572097778,2,-12,2,-8,-6,7,6,1,13,16,-11,-4,1,8,sil
11.936153650283812,11,-18,-5,-23,-15,-12,-10,0,16,-1,0,10,11,7,sil
11.936153650283812,3,-8,1,-23,-10,-21,-24,-1,5,-22,11,14,0,-5,sil
11.95185399055481,0,8,3,-4,-1,-12,-18,0,-5,-20,11,11,-10,-11,sil
11.95185399055481,0,17,12,18,9,9,4,3,-1,-4,7,5,-5,-2,sil
11.967565774917604,0,11,12,27,15,23,17,3,3,0,3,-5,-1,2,sil
11.967565774917604,-2,-2,-5,17,12,15,13,1,4,8,-7,-15,-5,0,sil
11.982709169387816,-2,-11,-1,0,3,11,14,2,9,18,-15,-13,-4,2,sil
11.982709169387816,0,-9,-3,-1,-1,7,15,2,16,15,-12,-8,7,15,sil
11.9978609085083,13,0,-2,5,2,-2,6,0,14,8,0,6,21,21,sil
11.9978609085083,16,5,-1,-1,4,-13,-2,-2,1,6,20,20,25,7,sil
12.013940811157228,0,-3,-11,-21,-9,-20,-12,-7,-16,-6,29,11,12,-9,sil
12.013940811157228,-10,1,0,-17,-12,-18,-20,-6,-31,-27,12,1,-11,-19,sil
12.0300133228302,-5,13,5,7,0,-5,-14,-1,-31,-31,-5,-6,-25,-23,sil
12.0300133228302,-5,9,-6,17,2,2,0,-4,-25,-20,-18,-24,-24,-24,sil
12.053661823272703,-19,0,-9,10,3,13,12,-3,-13,0,-21,-27,-17,-15,sil
12.053661823272703,-14,-5,-8,8,11,23,21,2,2,17,-8,-8,-6,2,sil
12.053661823272703,0,-3,1,4,9,21,16,3,8,24,-4,-3,1,8,sil
12.060783863067629,0,-4,-3,0,2,14,11,0,11,26,-5,-9,9,8,sil
12.076843976974487,4,-6,1,1,0,9,11,2,25,23,3,4,15,16,sil
12.076843976974487,12,-7,8,0,-12,0,3,2,31,13,3,13,11,18,sil
12.092908143997192,0,-13,-8,-16,-24,-19,-5,-1,21,0,-6,2,4,5,sil
12.092908143997192,-3,-15,-1,-31,-19,-20,-7,4,24,-4,0,7,4,0,sil
12.108951330184937,6,-1,1,-19,-4,-9,-8,7,30,0,14,22,9,4,sil
12.108951330184937,13,11,-1,0,0,-11,-16,1,4,-4,13,23,8,4,sil
12.124711990356444,8,13,11,-1,-1,-18,-25,-5,-29,-28,2,15,-3,-8,sil
12.124711990356444,-5,8,1,-11,1,-15,-20,-10,-34,-41,-7,-2,-20,-23,sil
12.13973093032837,-10,7,-2,-9,3,-7,-8,-1,-25,-26,-2,-11,-15,-16,sil
12.13973093032837,-1,14,4,9,4,3,-6,7,-18,-7,10,-9,0,0,sil
12.155510902404783,-7,7,0,20,9,6,-7,3,-19,-11,-11,-21,-10,-2,sil
12.155510902404783,-17,-2,0,15,7,6,9,-2,-14,-1,-34,-26,-21,0,sil
12.170517683029177,0,-2,1,17,4,12,31,-3,9,33,-6,-4,4,18,sil
12.170517683029177,23,0,8,24,11,19,28,-1,28,34,13,6,23,22,sil
12.1856689453125,11,-7,-2,10,11,14,9,0,14,1,-9,-1,9,3,sil
12.1856689453125,-12,-22,-19,-15,-8,-5,-9,-2,-6,-7,-18,-4,-5,-9,sil
12.201438665390016,-8,-23,-7,-29,-20,-16,-21,-2,-5,0,4,2,-5,-14,sil
12.216285467147827,12,-3,3,-13,-4,-6,-9,0,6,0,25,18,6,-7,sil
12.216285467147827,23,25,16,10,13,6,2,3,3,3,31,34,21,10,sil
12.233841896057127,24,38,17,22,17,10,1,8,8,14,40,37,26,24,sil
12.233841896057127,19,28,10,27,14,9,9,10,23,27,46,27,21,26,sil
12.233841896057127,0,6,10,17,7,12,23,4,5,17,21,6,4,9,sil
12.714653253555298,16,14,0,5,16,-5,-10,1,0,7,10,10,-3,-2,sil
12.714653253555298,3,12,3,4,13,2,-6,0,-10,-3,5,4,-3,-4,sil
12.730555057525637,-14,1,-7,-8,0,-1,-9,0,-24,-20,-5,-9,-15,-13,sil
12.730555057525637,-16,-8,-6,-13,-2,5,-1,3,-30,-15,-19,-21,-20,-15,sil
12.745735883712769,-3,0,0,0,13,26,20,4,-15,6,-17,-21,-6,-2,sil
12.745735883712769,2,8,0,7,25,26,27,0,-1,20,2,-9,10,13,sil
12.760921955108644,3,-2,6,1,12,14,14,1,-4,24,12,5,19,25,sil
12.760921955108644,-4,-19,-5,-13,-7,3,0,0,-7,19,-4,2,10,19,sil
12.777021408081056,-18,-25,-15,-32,-16,-5,-9,-9,3,3,-25,-18,-12,-3,sil
12.777021408081056,-15,-20,-19,-41,-8,-3,-8,-6,23,-2,-22,-25,-14,-7,sil
12.79353165626526,-2,-14,-18,-38,-1,-2,-6,4,34,3,-5,-12,5,6,sil
12.79353165626526,-3,-9,-3,-29,-10,-13,-18,1,21,0,-8,-2,6,-4,sil
12.809040784835815,-8,-9,-10,-21,-19,-32,-32,-13,-12,-28,-23,-5,-14,-28,sil
12.809040784835815,1,0,-9,-19,-14,-35,-37,-14,-44,-50,-18,-6,-22,-28,sil
12.823704719543455,7,14,1,-3,-4,-15,-28,-3,-46,-39,5,3,-8,-15,sil
12.823704719543455,0,17,9,28,2,0,-7,2,-26,-14,17,9,1,-8,sil
12.840943336486816,-1,13,15,45,6,4,9,11,-7,-4,10,9,-4,-2,sil
12.840943336486816,-1,6,-1,32,6,14,15,12,7,3,2,-3,-12,-2,sil
12.855093240737917,-9,-1,-3,18,0,25,17,8,14,9,-5,-17,-15,-7,sil
12.871813297271729,-13,-2,8,17,-1,21,22,4,15,10,-5,-14,-8,-5,sil
12.871813297271729,-6,-1,4,14,2,18,27,2,23,23,6,0,4,6,sil
12.871813297271729,0,-3,4,7,7,23,28,0,31,31,14,11,17,13,sil
12.886965990066528,3,-2,1,11,10,12,28,-1,24,25,8,4,17,11,sil
12.886965990066528,5,-1,0,4,8,-2,24,-3,7,17,0,-1,8,11,sil
12.901516914367676,6,-2,2,-14,-1,-2,14,-5,0,13,-2,1,5,15,sil
12.918549299240112,6,-3,0,-18,-9,-9,1,-4,0,4,0,10,9,14,sil
12.918549299240112,3,0,6,-14,-4,-18,-11,0,1,-6,12,23,9,8,sil
12.918549299240112,11,0,0,-14,1,-15,-17,-1,8,-3,23,23,10,9,sil
12.93703579902649,27,3,1,-9,-1,-19,-22,-2,9,0,14,14,14,10,sil
12.93703579902649,22,19,10,0,-3,-24,-28,2,-3,-11,3,13,8,-1,sil
12.94854497909546,3,27,0,11,6,-11,-23,1,-15,-19,3,10,-3,-14,sil
12.94854497909546,0,22,7,25,16,8,-12,0,-22,-18,0,0,-8,-13,sil
12.963816165924072,-3,9,10,27,6,10,-13,-2,-30,-18,-8,-11,-14,-8,sil
12.979827165603638,-12,-4,-4,16,1,5,-13,-1,-27,-17,-10,-15,-16,-6,sil
12.979827165603638,-9,-7,-7,9,10,12,1,3,-9,1,-8,-10,-1,0,sil
12.99592113494873,-2,-3,-5,1,0,16,9,6,-3,17,-2,-3,6,4,sil
12.99592113494873,-2,-10,3,-7,-18,16,4,4,-5,17,-6,-3,-2,9,sil
13.012874603271484,0,-22,-2,-11,-11,17,11,1,10,19,-6,-3,0,15,sil
13.012874603271484,7,-17,-2,-20,-4,1,18,1,27,20,2,4,15,20,sil
13.012874603271484,12,-3,4,-23,-9,-16,12,-1,25,7,8,15,15,11,sil
13.027238130569458,7,-7,-8,-12,-10,-18,1,-7,14,-6,6,4,4,-3,sil
13.044164419174194,-1,-13,-9,-15,-12,-18,-9,-6,-4,-20,-1,-8,-10,-14,sil
13.044164419174194,-9,-2,-4,-23,-7,-25,-15,-2,-20,-33,-11,-12,-20,-24,sil
13.044164419174194,-15,4,-10,-17,5,-21,-13,-3,-18,-32,-14,-18,-25,-34,sil
13.058024883270264,-25,3,-9,-9,5,-1,-8,0,-13,-20,-14,-29,-31,-30,sil
13.072940587997437,-27,4,-6,4,5,16,7,4,-4,0,-13,-32,-22,-13,sil
13.072940587997437,-13,-1,6,21,11,22,23,4,9,18,-11,-18,-6,0,sil
13.088960886001589,-6,-12,1,19,9,29,25,1,14,29,-9,-6,-3,8,sil
13.088960886001589,-9,-4,-7,10,8,30,23,1,16,30,-4,-4,8,11,sil
13.104526281356812,0,11,9,7,10,8,15,0,27,26,7,8,30,9,sil
13.104526281356812,16,4,8,0,1,-13,-4,-3,28,15,18,27,31,15,sil
13.119597911834717,17,3,7,-6,-2,-15,-17,-4,7,-3,17,27,17,11,sil
13.119597911834717,10,17,6,-1,-1,-13,-18,-2,-13,-19,13,23,8,-5,sil
13.135717391967772,10,16,0,4,-5,-18,-25,2,-25,-20,12,23,3,-7,sil
13.135717391967772,14,9,11,14,0,-6,-24,7,-29,-17,10,21,0,3,sil
13.15118670463562,18,10,9,34,8,5,3,5,-19,-9,11,15,4,16,sil
13.15118670463562,18,6,4,34,11,10,27,6,-4,4,4,9,9,23,sil
13.166799068450928,2,-8,-1,4,3,15,24,5,0,13,-12,-3,2,12,sil
13.166799068450928,-11,-20,-12,-13,-9,13,12,-4,3,11,-18,-12,-8,0,sil
13.18260097503662,0,-17,-2,-9,-13,5,5,-4,13,9,-7,-1,-5,8,sil
13.18260097503662,3,-15,-4,-11,-13,-7,-2,0,17,7,0,0,0,5,sil
13.19768500328064,-5,-8,-9,-21,-17,-14,-14,-5,6,-3,1,-2,-5,-9,sil
13.19768500328064,0,10,2,-14,-5,-3,-15,-3,0,-13,8,0,-4,-10,sil
13.212893009185793,7,14,1,-7,3,-9,-14,2,-1,-12,8,-4,-2,-8,sil
13.212893009185793,-10,1,-1,-21,-6,-28,-22,0,-14,-18,1,-14,-10,-19,sil
13.228723526000977,-20,3,-5,-14,-4,-13,-20,-3,-21,-19,0,-21,-14,-23,sil
13.228723526000977,-10,11,-4,17,15,11,0,0,-7,1,-2,-23,-10,-10,sil
13.244616985321043,-10,2,3,29,17,16,12,3,1,23,-8,-16,-6,4,sil
13.244616985321043,-14,-12,-1,11,6,17,16,0,1,20,-10,-10,-6,7,sil
13.260738134384155,-3,-11,4,2,5,20,22,1,15,11,-9,-4,-3,8,sil
13.260738134384155,5,-1,2,7,5,12,23,0,31,12,-6,1,7,12,sil
13.27664566040039,5,-4,0,-4,-2,-2,7,-3,18,7,-4,3,10,0,sil
13.27664566040039,6,-13,-1,-33,-10,-13,-5,-4,1,-1,0,5,3,-18,sil
13.291772842407228,3,-10,-6,-32,-5,-16,-4,-5,0,-7,8,11,8,-8,sil
13.291772842407228,6,11,8,-10,1,-9,-5,-4,-8,-15,14,22,18,5,sil
13.30697512626648,14,22,9,0,7,-9,-9,0,-19,-13,17,25,16,2,sil
13.30697512626648,11,9,3,4,5,-11,-13,0,-21,-8,15,16,4,2,sil
13.323081493377686,0,7,13,23,0,1,-14,1,-24,-14,5,9,-5,6,sil
13.323081493377686,0,12,3,34,7,14,-2,5,-21,-11,-6,2,-5,7,sil
13.338752031326294,0,0,-2,18,7,14,11,6,0,7,-17,-4,-3,10,sil
13.338752031326294,-3,-10,0,5,-4,16,20,2,28,26,-15,-7,2,14,sil
13.35370135307312,0,-8,-4,4,-8,7,22,2,40,26,-2,-1,12,16,sil
13.35370135307312,-3,-13,-11,-12,-7,-7,6,3,17,2,-2,-3,2,2,sil
13.369616985321043,-12,-16,-19,-30,-14,-14,-14,-2,-15,-24,-8,-11,-16,-20,sil
13.369616985321043,-9,0,-1,-17,-13,-9,-17,-5,-25,-26,1,-3,-17,-22,sil
13.384557485580444,-2,10,6,3,-4,-3,-14,0,-16,-14,9,1,-7,-10,sil
13.384557485580444,-6,5,-3,12,4,2,-7,4,-5,-3,0,-7,-8,-6,sil
13.400935173034668,-2,10,8,23,6,13,10,5,3,7,-9,-8,-11,0,sil
13.400935173034668,7,8,4,26,2,16,19,-1,7,16,-10,-5,-8,6,sil
13.415505409240724,6,-3,-3,6,1,9,11,-2,4,15,-7,-10,0,7,sil
13.415505409240724,-1,-6,-4,-8,1,0,7,1,8,11,-4,-8,4,4,sil
13.431727886199951,-2,-12,-12,-18,-3,-12,-1,-1,5,2,-8,-9,0,-4,sil
13.431727886199951,0,-17,-7,-28,-5,-13,-10,-2,0,-3,-2,-3,0,-10,sil
13.447267293930054,4,-6,-2,-22,-1,-9,-3,0,13,7,16,12,20,4,sil
13.447267293930054,4,1,0,-17,-3,-13,-3,0,22,7,16,17,21,9,sil
13.460965156555176,0,6,0,-14,-1,-7,-13,-2,11,-3,10,7,4,-7,sil
13.478932857513428,2,15,6,2,8,0,-7,0,3,-2,20,7,1,-15,sil
13.478932857513428,6,19,20,15,15,-2,-6,0,-2,-2,20,10,6,-7,sil
13.478932857513428,6,14,12,19,15,-5,-16,0,-10,-9,11,0,4,0,sil
13.492388725280762,2,12,8,23,9,-1,-14,0,-9,-7,9,0,0,2,sil
13.51000690460205,0,9,9,17,0,6,-1,-1,-10,0,9,5,0,8,sil
13.51000690460205,0,0,-5,5,3,17,11,-3,-18,5,3,1,0,8,sil
13.51000690460205,0,0,0,6,6,19,18,0,-23,0,-14,-6,-8,4,sil
13.523993253707886,-6,-9,-2,9,-3,10,15,0,-24,-10,-27,-11,-18,4,sil
13.539714097976685,-12,-18,-9,-1,-11,3,10,2,-16,-7,-20,-11,-10,10,sil
13.539714097976685,-2,-12,0,-6,-5,9,16,1,4,12,-12,0,3,19,sil
13.55531406402588,8,-8,0,1,-1,12,20,0,18,18,-8,9,2,21,sil
13.55531406402588,2,-14,0,-3,-7,3,5,3,7,2,-8,5,-5,5,sil
13.570528030395508,-10,-16,-9,-19,-12,-9,-1,0,2,-5,-12,-2,-4,-10,sil
13.570528030395508,-6,-12,-11,-23,-13,-16,-4,-7,11,-3,-7,-4,0,-11,sil
13.586507797241213,2,-7,0,-14,-12,-16,-15,-2,10,-7,3,0,3,-14,sil
13.586507797241213,1,0,-4,-8,-7,-18,-20,3,2,-13,4,2,0,-19,sil
13.601605415344238,0,16,2,-5,0,-7,-12,1,0,-12,9,14,0,-11,sil
13.601605415344238,5,26,8,2,7,0,-8,0,7,0,25,16,10,1,sil
13.61679744720459,10,22,7,15,9,-3,-11,-1,6,5,24,6,14,1,sil
13.61679744720459,7,15,6,20,10,0,-6,-5,-1,2,6,0,1,-9,sil
13.63196849822998,0,10,-8,21,13,8,1,0,-1,8,-2,-5,-4,-6,sil
13.63196849822998,-8,3,-2,20,8,10,7,8,0,17,-12,-16,-8,3,sil
13.648037910461426,-16,-7,-3,5,1,10,11,0,-11,3,-30,-27,-21,-3,sil
13.648037910461426,-20,-20,-21,-18,-1,6,11,-6,-9,-7,-33,-32,-19,-13,sil
13.664113283157349,-13,-19,-11,-23,-9,0,5,-1,5,1,-16,-20,-1,-1,sil
13.664113283157349,-5,-14,-1,-8,-15,-6,3,0,14,7,-7,-4,4,10,sil
13.679964303970335,2,-12,1,-18,-8,-9,0,3,15,-4,-5,4,5,9,sil
13.679964303970335,16,-1,4,-28,-3,-5,-1,11,21,-4,18,19,18,9,sil
13.695688724517822,24,18,14,0,-1,-3,3,4,18,4,47,31,28,15,sil
13.695688724517822,21,26,29,24,12,1,1,-2,6,5,49,29,22,15,sil
13.710977792739868,18,19,12,11,25,3,-3,-1,-5,0,36,20,11,9,sil
13.710977792739868,10,13,7,12,15,-2,-8,0,-24,-13,15,6,-6,0,sil
13.726366996765137,-4,5,5,27,4,-1,-7,-1,-33,-22,-5,-10,-23,-12,sil
13.726366996765137,-16,-8,-12,15,7,7,1,-7,-28,-16,-21,-23,-25,-20,sil
13.741531372070312,-17,-15,-8,3,5,13,11,-9,-29,-1,-31,-22,-20,-13,sil
13.741531372070312,-12,-14,-11,9,-4,10,6,-6,-23,6,-30,-22,-17,-4,sil
13.758100509643556,-12,-18,-15,-2,-14,5,3,-3,0,11,-21,-16,-7,1,sil
13.758100509643556,-10,-20,-7,-15,-11,0,12,3,14,21,-13,-1,8,10,sil
13.773879766464232,2,-15,-4,-12,-7,-6,5,9,14,22,-2,10,18,14,sil
13.773879766464232,9,-2,5,-20,-12,-15,-20,3,12,6,11,20,17,8,sil
13.788978576660156,3,7,1,-23,-12,-18,-25,-3,13,-2,18,22,18,7,sil
13.788978576660156,5,7,4,-8,-2,-13,-9,0,9,-5,8,16,13,3,sil
13.804529666900637,8,10,11,-4,-4,-1,-13,1,-2,-17,0,10,-5,-12,sil
13.804529666900637,3,20,1,0,-4,1,-17,1,-9,-16,10,10,-13,-15,sil
13.820030212402344,4,22,13,18,11,8,5,6,1,3,12,9,-3,0,sil
13.820030212402344,0,2,10,25,18,20,29,4,17,18,-17,-3,-6,5,sil
13.83577013015747,-11,-11,-5,3,0,14,26,0,19,15,-32,-16,-10,0,sil
13.83577013015747,-6,-6,-7,-11,-11,4,15,0,19,11,-5,-11,8,1,sil
13.851027488708496,0,-7,-16,-12,-7,-2,4,-1,18,4,4,-9,14,-2,sil
13.851027488708496,-2,-10,-7,-11,-3,-11,-9,-2,4,-7,-9,-10,-4,-10,sil
13.866637706756592,6,4,1,-1,4,-9,-8,0,-1,-7,8,2,4,0,sil
13.866637706756592,15,21,6,15,17,-2,0,-1,-7,-10,32,13,12,5,sil
13.881534576416016,11,19,12,23,16,-5,-5,-1,-29,-29,15,5,-14,-12,sil
13.881534576416016,3,2,1,19,10,-5,-13,-2,-37,-34,-4,-6,-27,-21,sil
13.8971745967865,-5,-5,-2,14,11,9,-12,-2,-22,-17,-4,-9,-13,-9,sil
13.8971745967865,-13,-4,-2,17,8,18,0,0,-2,4,0,-11,-7,6,sil
13.912500858306885,-9,-11,-2,9,-6,9,12,1,8,21,0,-9,0,12,sil
13.912500858306885,-8,-17,-1,-12,-13,7,18,-1,11,21,-7,-4,11,7,sil
13.928629636764526,-11,-17,-14,-23,-9,12,18,0,14,21,-10,-7,12,14,sil
13.928629636764526,-3,-11,-5,-14,-6,7,19,4,24,35,-3,-10,12,23,sil
13.9443838596344,4,-5,-2,-8,-7,-4,18,3,27,32,0,-1,23,20,sil
13.9443838596344,5,-3,-10,-25,-13,-17,-1,0,8,-2,-5,9,21,13,sil
13.95975422859192,5,0,-3,-35,-17,-26,-27,-1,-19,-37,-11,8,-7,-5,sil
13.95975422859192,1,4,0,-15,-5,-26,-26,-1,-29,-31,-4,1,-23,-30,sil
13.975735664367676,0,5,5,-5,5,-13,-17,3,-14,-9,11,9,-9,-21,sil
13.975735664367676,4,6,6,-20,0,-11,-23,3,-3,-9,20,21,3,0,sil
13.990873098373411,7,10,3,-11,-7,-20,-24,-2,-15,-17,18,16,2,-5,sil
13.990873098373411,5,14,19,20,5,0,-8,0,-18,0,16,9,0,-10,sil
14.006673574447632,0,15,13,38,18,22,3,1,0,12,13,7,3,2,sil
14.006673574447632,0,14,5,29,13,19,5,-2,0,0,0,10,2,8,sil
14.022984266281128,2,8,0,18,8,12,7,0,-8,-7,-7,1,-5,0,sil
14.022984266281128,2,1,-6,22,13,17,14,5,-1,0,-9,-20,-12,-5,sil
14.037591457366943,0,0,3,23,10,20,21,1,9,2,-10,-15,-7,-2,sil
14.037591457366943,-6,-10,-2,6,0,11,18,-3,8,4,-9,-4,-2,0,sil
14.06197428703308,-13,-16,-6,0,-4,4,5,-1,4,7,-13,-13,-5,0,sil
14.06197428703308,-13,-3,-1,12,0,12,8,-1,15,13,-16,-16,-2,1,sil
14.06197428703308,-4,-4,-8,8,0,13,21,-3,31,23,-6,-6,2,5,sil
14.068975925445557,6,-14,-1,-14,-5,0,14,1,26,24,0,-1,7,8,sil
14.084131479263306,8,-7,2,-11,-7,-6,0,3,9,13,-3,0,9,11,sil
14.084131479263306,-1,0,2,-2,-2,0,-1,0,7,3,-10,4,0,8,sil
14.102958917617798,-9,-10,-4,-21,-1,0,-2,0,9,1,-4,3,-1,2,sil
14.11597204208374,-3,-23,-11,-34,-8,-12,-14,0,0,-5,1,-5,6,-1,sil
14.11597204208374,-1,-9,0,-24,-15,-22,-24,0,-18,-21,-1,-6,-5,-12,sil
14.11597204208374,1,8,0,-14,-10,-20,-17,0,-17,-23,6,7,-19,-13,sil
14.131799459457396,15,7,0,-10,-2,-16,-5,2,-1,-12,26,21,4,2,sil
14.131799459457396,11,4,2,-8,-4,-9,-2,0,-1,-6,24,20,18,8,sil
14.145832538604736,0,8,-8,-4,-4,-5,-3,-3,-5,0,14,5,7,1,sil
14.16086721420288,7,15,9,3,3,-4,-4,0,0,6,21,1,13,0,thankyou
14.16086721420288,16,21,18,19,12,-4,-4,1,-6,-2,20,10,21,1,thankyou
14.17614769935608,15,19,6,31,21,0,-3,-3,-24,-16,2,8,6,4,thankyou
14.17614769935608,11,8,9,28,20,10,0,-4,-17,-8,-12,-5,-2,7,thankyou
14.19169569015503,-5,-2,-3,14,5,10,-1,-4,-1,2,-19,-16,-6,-1,thankyou
14.19169569015503,-14,0,-4,8,-1,4,0,-5,-12,-8,-18,-8,-21,-16,thankyou
14.207704305648804,-5,6,0,14,5,8,4,-1,-25,-23,-14,-5,-24,-16,thankyou
14.207704305648804,-12,-8,-8,5,4,10,5,2,-20,-14,-23,-17,-20,-10,thankyou
14.223772287368774,-30,-26,-11,-13,-9,12,5,5,-2,9,-26,-25,-21,-7,thankyou
14.223772287368774,-28,-23,-15,-17,-17,13,17,6,18,29,-7,-18,-6,0,thankyou
14.2389817237854,-12,-9,-5,-13,-9,11,25,9,39,34,10,-2,16,17,thankyou
14.2389817237854,3,-2,-2,-14,-1,6,20,10,49,32,19,12,29,29,thankyou
14.254501104354858,14,-4,-2,-17,-5,-4,1,1,31,12,17,14,22,12,thankyou
14.254501104354858,8,0,7,-17,-7,-16,-19,-7,-3,-12,7,11,1,-14,thankyou
14.26969599723816,0,14,9,-1,7,-20,-20,-5,-9,-8,14,14,-5,-14,thankyou
14.26969599723816,9,26,14,19,14,-13,-8,0,-1,-5,17,13,-5,-5,thankyou
14.28483748435974,16,15,4,21,4,0,-8,-2,-15,-25,-12,-1,-21,-13,thankyou
14.28483748435974,0,-7,-9,5,-1,10,-5,-3,-20,-20,-31,-11,-27,-10,thankyou
14.300652027130129,-11,-12,2,-4,3,13,12,5,1,13,-16,-5,0,13,thankyou
14.300652027130129,3,-7,0,-2,-2,6,23,4,18,22,-4,1,20,23,thankyou
14.315664529800417,9,-10,0,-6,-23,-4,9,-2,10,2,-11,0,10,11,thankyou
14.315664529800417,2,-7,0,-9,-21,-6,-2,-3,2,-1,-2,2,5,5,thankyou
14.331576585769652,15,6,2,-1,1,-4,-3,0,4,7,26,24,23,12,thankyou
14.331576585769652,30,18,20,7,9,-9,-18,2,0,-1,35,38,23,6,thankyou
14.34701657295227,11,13,14,13,3,-16,-33,-2,-23,-26,13,7,-2,-18,thankyou
14.34701657295227,-10,0,5,19,5,-6,-18,-5,-34,-23,-1,-19,-19,-28,thankyou
14.362906455993652,-14,0,0,23,14,15,12,-1,-10,7,-1,-13,-6,-10,thankyou
14.362906455993652,-14,-3,-16,12,16,23,25,2,14,26,-7,-13,6,6,thankyou
14.378496885299684,-12,-10,-10,5,8,21,20,4,16,20,-9,-19,6,7,thankyou
14.378496885299684,-8,-9,-9,10,1,12,10,-2,15,18,-4,-18,2,6,thankyou
14.393764019012451,-9,-9,-13,-8,-1,-7,-5,-9,13,10,-13,-18,-5,3,thankyou
14.393764019012451,-9,-12,-9,-37,-9,-17,-17,0,1,-11,-18,-9,-13,-1,thankyou
14.409836769104004,-11,-11,-14,-38,-9,-11,-11,8,-7,-21,-2,0,-8,-6,thankyou
14.409836769104004,-8,-4,-8,-32,-1,-11,-4,2,-5,-14,11,1,0,-6,thankyou
14.425524711608888,9,8,-1,-19,0,-16,-4,-4,-4,-11,15,16,1,0,thankyou
14.425524711608888,22,27,8,3,-1,-12,-4,-3,-16,-17,13,27,-4,2,thankyou
14.44066858291626,13,26,14,6,-1,-4,-3,-1,-23,-22,12,15,-9,-8,thankyou
14.44066858291626,0,6,2,-1,-2,0,-2,0,-14,-12,9,-5,-13,-13,thankyou
14.456736087799072,-5,3,8,8,0,5,2,3,-15,-7,-10,-10,-22,-5,thankyou
14.456736087799072,-5,0,2,19,9,15,12,3,-12,0,-22,-11,-13,-3,thankyou
14.47287130355835,1,-5,0,18,11,23,23,1,19,24,-5,-3,12,7,thankyou
14.47287130355835,11,0,15,21,7,27,30,4,44,41,5,10,26,24,thankyou
14.488912105560305,3,-2,3,16,4,18,24,0,27,27,-7,0,12,14,thankyou
14.488912105560305,-19,-18,-8,-2,0,7,9,-3,8,9,-24,-19,-5,-5,thankyou
14.50452470779419,-24,-16,-15,-10,-13,-5,-1,0,16,10,-15,-14,0,-4,thankyou
14.50452470779419,-3,-9,-8,-5,-26,-23,-16,-2,15,8,8,5,15,6,thankyou
14.519925117492676,9,-3,12,-5,-21,-18,-30,-3,-7,-9,10,16,13,13,thankyou
14.519925117492676,6,-1,6,-4,-2,-8,-27,0,-19,-27,-3,16,8,8,thankyou
14.53528332710266,10,0,1,-5,-1,-16,-20,1,-7,-17,8,19,17,-1,thankyou
14.53528332710266,17,9,2,-9,-13,-16,-16,0,-1,1,33,22,22,-3,thankyou
14.550868511199951,15,12,4,-10,-6,-7,-12,2,-12,-5,21,15,5,-1,thankyou
14.550868511199951,12,11,11,-3,8,3,0,4,-14,-20,0,6,-12,-6,thankyou
14.565973043441772,9,11,2,9,17,15,17,0,5,-4,5,0,-14,-2,thankyou
14.565973043441772,0,10,0,22,20,16,15,0,6,5,5,-5,-13,0,thankyou
14.581536054611206,-4,8,2,25,18,7,2,0,-12,4,-6,-12,-14,-5,thankyou
14.581536054611206,1,6,0,23,16,12,14,0,-11,12,-3,-16,-10,0,thankyou
14.596693277359009,-1,0,4,14,17,27,29,1,3,14,0,-10,-14,4,thankyou
14.61305570602417,-15,-13,-5,3,8,12,15,-2,5,6,-8,-9,-19,0,thankyou
14.61305570602417,-13,-17,-5,0,-1,-11,0,-4,1,5,-11,-8,-6,0,thankyou
14.61305570602417,-8,-14,-5,-7,1,-6,0,0,6,9,-4,-6,8,3,thankyou
14.629021167755129,-20,-25,-26,-35,-8,-2,-13,-3,3,0,-14,-19,-1,-6,thankyou
14.629021167755129,-24,-28,-21,-49,-29,-17,-26,-7,-10,-12,-29,-25,-17,-19,thankyou
14.64408040046692,-7,-9,-6,-23,-19,-18,-12,-1,-2,-9,-19,-11,-4,-13,thankyou
14.65970230102539,8,3,3,-3,0,-2,0,2,19,-5,-3,1,13,-2,thankyou
14.65970230102539,11,7,7,-8,-4,1,3,2,21,-4,4,11,18,2,thankyou
14.65970230102539,15,20,6,3,-3,-5,8,2,7,8,22,30,24,9,thankyou
14.676593780517578,20,31,16,21,9,-9,0,0,-3,4,30,36,23,9,thankyou
14.676593780517578,6,19,5,9,0,-15,-19,-4,-14,-20,13,13,2,-2,thankyou
14.689740419387816,-8,2,-4,-9,-14,-20,-20,0,-28,-26,0,-3,-11,-12,thankyou
14.705809354782104,-9,1,1,-5,-5,-2,-3,3,-25,-13,1,-3,-6,-8,thankyou
14.705809354782104,-8,1,-3,5,8,21,8,1,-2,-3,0,-5,0,2,thankyou
14.72096061706543,-2,3,4,12,12,26,10,4,5,3,-9,-8,-9,5,thankyou
14.72096061706543,6,0,6,22,10,17,13,3,-3,9,-13,-9,-15,4,thankyou
14.736764192581177,7,-6,3,16,6,8,15,-3,-2,9,-7,-3,-6,11,thankyou
14.736764192581177,1,-9,0,-1,6,7,10,-1,6,8,-3,0,7,14,thankyou
14.751694202423096,0,-14,-9,-6,4,3,7,0,8,8,-4,-9,7,7,sil
14.751694202423096,0,-16,2,-2,-8,0,7,0,10,9,-5,-6,0,3,sil
14.767337799072266,3,-9,1,-7,-17,-2,4,2,16,10,-3,6,3,1,sil
14.767337799072266,4,-7,-6,-17,-13,-8,-6,3,13,2,-1,9,9,-3,sil
14.78250503540039,-1,-4,0,-17,-9,-6,-14,1,9,-1,10,10,12,2,sil
14.78250503540039,-7,4,0,-4,-6,-5,-6,-3,5,0,26,9,14,1,sil
14.797659635543823,2,21,8,15,4,-4,-1,-3,-1,5,28,11,11,-9,sil
14.797659635543823,20,33,14,35,16,3,-2,-1,-2,10,28,17,4,0,sil
14.813144445419312,14,22,7,32,12,8,-5,0,-9,2,18,9,-3,8,sil
14.813144445419312,-9,4,5,10,3,5,-8,0,-21,-7,-7,-12,-18,-8,sil
14.8278169631958,-16,-6,0,1,0,6,0,-1,-10,1,-21,-23,-20,-10,sil
14.8278169631958,-2,-16,0,0,-5,10,15,-1,15,13,-21,-17,-12,4,sil
14.842929124832152,0,-21,-6,-10,-9,3,21,0,22,10,-18,-6,-7,6,sil
14.842929124832152,-5,-16,-17,-23,-7,-8,10,0,12,1,-15,1,-1,1,sil
14.858479976654053,3,-6,-3,-22,-4,-11,-5,1,7,-5,-7,7,9,4,sil
14.858479976654053,14,0,1,-11,-4,-14,-12,1,7,-9,6,14,13,2,sil
14.87397003173828,4,3,1,-13,-3,-19,-12,0,-6,-16,8,7,0,-14,sil
14.87397003173828,-4,0,-6,-17,2,-11,-9,-1,-22,-23,0,-1,-8,-20,sil
14.89058256149292,0,0,-9,-1,11,-4,-5,-1,-19,-19,7,6,-2,-4,sil
14.89058256149292,0,9,3,16,12,-5,-13,0,-23,-21,11,6,-5,-4,sil
14.90601897239685,-5,8,-1,23,12,0,-16,-1,-30,-25,-6,-13,-13,-13,sil
14.90601897239685,-6,4,-3,18,15,12,-2,2,-12,-6,-11,-17,-7,1,sil
14.921599864959717,-11,1,-2,0,13,16,11,5,7,18,-5,-11,0,9,sil
14.921599864959717,-21,-19,-13,-16,1,6,12,0,4,11,-22,-21,-2,-5,sil
14.937684535980225,-18,-30,-5,-12,-6,3,11,0,5,0,-33,-19,-6,-1,sil
14.937684535980225,-3,-2,-1,-1,8,6,20,0,22,16,-9,-5,8,13,sil
14.953616619110107,0,7,0,-14,17,0,8,-6,20,26,10,2,24,9,sil
14.953616619110107,-10,-20,-5,-44,-27,-16,-20,-9,-8,-5,0,0,9,-7,sil
14.969839096069336,-3,-14,-4,-34,-60,-23,-22,-1,-22,-28,-5,1,-7,-15,sil
14.969839096069336,28,36,27,17,-3,-4,2,8,3,0,23,25,2,0,sil
14.984946250915527,39,48,29,39,51,13,11,3,18,25,47,34,15,16,sil
14.984946250915527,22,19,13,27,23,18,2,3,1,13,27,16,4,14,sil
15.00052261352539,11,9,13,38,-16,28,13,11,1,11,10,6,3,12,sil
15.00052261352539,3,6,2,42,-9,28,21,3,14,23,6,0,13,10,sil
15.01573610305786,-12,-8,-5,10,-5,8,8,-4,8,13,-10,-15,4,0,sil
15.01573610305786,-8,-16,-14,-4,-18,-5,6,-1,10,12,-12,-7,2,2,sil
15.03088641166687,16,-10,-6,0,-8,-10,5,0,23,15,11,18,17,12,sil
15.031890392303469,10,-1,4,-11,-5,-14,-13,-3,7,-7,17,24,10,0,sil
15.046948671340942,-12,0,-12,-22,-36,-22,-31,-8,-18,-31,0,0,-22,-18,sil
15.046948671340942,-5,5,0,-7,-31,-21,-23,-6,-28,-31,-13,-14,-35,-22,sil
15.062503814697266,2,9,13,18,22,-2,-3,3,-14,-17,-11,-9,-17,-12,sil
15.062503814697266,-16,-5,-1,14,31,9,8,4,-1,0,-6,-6,-4,0,sil
15.078646421432495,-25,-19,-8,-12,0,9,12,-2,-2,5,-13,-12,-8,7,sil
15.078646421432495,-15,-19,-14,-25,0,2,8,-2,-5,-1,-24,-22,-11,0,sil
15.094292640686035,-12,-20,-11,-20,1,0,-2,2,1,-1,-24,-23,-8,-1,sil
15.094292640686035,-2,-11,-3,-9,-1,7,0,3,16,11,-13,-7,1,5,sil
15.108898639678957,11,0,-2,-8,11,9,6,1,20,10,-3,12,7,11,sil
15.108898639678957,6,0,-3,-18,10,-6,-8,-2,4,-9,-5,11,1,3,sil
15.124574422836304,0,0,-5,-18,-1,-17,-9,-4,-3,-15,-3,1,1,-3,sil
15.139727115631104,11,8,6,-9,7,-10,2,1,2,-8,13,12,10,-1,sil
15.139727115631104,13,9,6,-5,15,-10,-6,1,0,-10,26,22,14,0,sil
15.154987335205078,1,12,2,10,11,-16,-13,-5,-12,-10,24,17,9,-3,sil
15.154987335205078,4,23,16,27,16,-5,0,-2,-14,-1,21,12,2,-9,sil
15.171215772628784,4,19,8,23,14,5,-1,0,-14,-1,14,0,-7,-14,sil
15.171215772628784,-8,4,0,12,1,3,-11,0,-19,-3,4,-15,-11,-18,sil
15.171215772628784,-12,-1,0,10,3,6,0,2,-15,15,8,-10,5,-10,sil
15.18797779083252,-3,0,-1,19,10,16,12,3,-6,26,10,-1,13,5,sil
15.18797779083252,0,5,6,25,7,21,15,6,0,14,-2,0,0,11,sil
15.201687812805176,1,-3,-1,9,3,17,21,2,13,18,-10,-11,2,12,sil
15.216851234436035,3,-21,-3,-18,-6,8,16,-3,21,24,-17,-20,10,11,sil
15.216851234436035,1,-20,-4,-27,-21,6,1,0,19,5,-22,-11,1,9,sil
15.232526540756226,6,-4,-9,-20,-25,1,-1,4,21,-4,-11,4,-3,8,sil
15.232526540756226,12,1,5,-15,-23,-6,-1,0,18,-6,-3,9,0,7,sil
15.248165130615234,11,-1,1,-16,-20,-14,-10,-5,2,-15,-5,9,1,5,sil
15.248165130615234,10,4,-1,-12,-7,-17,-18,-2,-15,-23,0,16,-5,-1,sil
15.263470888137816,6,16,10,8,2,-11,-15,-1,-26,-25,9,7,-15,-15,sil
15.263470888137816,-8,12,1,23,-3,0,-2,-1,-18,-17,-1,-12,-19,-16,sil
15.279952049255373,-24,-2,-5,10,-8,10,8,3,-9,-4,-31,-22,-22,-7,sil
15.279952049255373,-26,-13,-12,-3,0,14,18,3,-11,-1,-39,-22,-20,-4,sil
15.295886039733888,-19,-11,-11,4,0,9,18,0,1,2,-17,-7,-5,0,sil
15.295886039733888,-8,-1,2,14,-3,0,9,2,29,22,7,10,13,11,sil
15.310816526412964,0,-3,0,5,0,-6,-2,4,27,24,15,7,21,10,sil
15.310816526412964,-1,-16,-3,-15,-2,-10,-15,0,4,0,11,3,16,-1,sil
15.326022863388062,-1,-10,-5,-21,-4,-18,-19,-4,5,-8,16,12,12,-2,sil
15.326022863388062,14,11,0,-9,3,-22,-11,-3,15,0,32,16,15,0,sil
15.341915369033812,28,19,12,2,15,-9,-7,-1,6,1,34,18,13,0,sil
15.341915369033812,18,11,9,11,18,-3,-8,1,-5,-1,27,17,2,-1,sil
15.357922792434692,9,16,15,13,18,-1,-5,3,-6,2,33,20,4,1,sil
15.357922792434692,12,19,10,15,23,9,-1,-2,-3,5,30,16,9,0,sil
15.373582124710085,7,8,4,15,17,17,2,-4,-12,4,6,1,0,-2,sil
15.373582124710085,-2,4,7,13,4,22,16,0,-14,12,-14,-13,-7,3,sil
15.389593601226808,-7,0,-5,6,0,22,25,0,-1,20,-23,-20,-4,13,sil
15.389593601226808,-8,-20,-10,-8,-5,11,19,0,6,9,-31,-21,-6,12,sil
15.404937505722046,-5,-25,-13,-25,-10,0,18,0,12,0,-29,-18,-3,7,sil
15.404937505722046,-5,-16,-15,-30,-10,-13,7,-2,6,-4,-25,-15,-2,0,sil
15.42056655883789,-7,-7,-3,-28,-15,-24,-26,-4,-18,-26,-24,-14,-14,-12,sil
15.42056655883789,1,4,-4,-14,-11,-13,-32,-4,-26,-34,-10,-4,-17,-17,sil
15.435603141784668,5,17,4,5,4,5,-5,3,-12,-14,0,3,-7,-11,sil
15.435603141784668,-11,8,8,12,5,2,0,8,-12,-7,-3,-11,-9,-11,sil
15.450907230377195,-23,-6,-6,4,-4,0,-3,-1,-18,-13,-25,-27,-19,-17,sil
15.450907230377195,-12,-6,-5,3,0,18,7,-3,-7,-5,-40,-14,-18,-12,sil
15.466124296188354,-3,-8,-8,7,4,17,17,3,9,8,-16,1,-5,3,sil
15.466124296188354,-1,-14,-3,-3,-1,-5,11,3,16,16,14,9,9,17,sil
15.48188591003418,4,-7,1,-11,-9,-6,3,0,22,23,21,20,23,21,sil
15.48188591003418,15,5,4,0,-6,-2,-2,1,31,20,28,31,28,20,sil
15.497379064559937,24,18,21,7,3,-10,-6,5,32,7,45,42,32,11,sil
15.497379064559937,23,23,17,13,8,-17,-7,0,20,0,49,42,35,3,sil
15.512895584106444,17,18,11,18,1,-17,-13,-2,0,-4,41,33,24,5,sil
15.512895584106444,7,8,12,13,-3,-7,-16,2,-16,-8,29,14,3,0,sil
15.528937339782717,-2,1,1,7,0,3,-13,0,-24,-11,6,-9,-12,-15,sil
15.528937339782717,-5,2,1,12,5,10,-5,-3,-21,-3,-7,-17,-18,-18,sil
15.54463028907776,0,0,-4,15,7,15,4,0,-9,12,-1,-15,-14,-1,sil
15.54463028907776,-4,-13,-13,0,0,14,4,0,-6,4,-11,-27,-15,-1,sil
15.56081748008728,-25,-19,-18,-15,-3,12,2,-8,-20,-19,-42,-42,-30,-17,sil
15.56081748008728,-32,-17,-25,-17,1,12,20,-2,-14,-14,-54,-38,-30,-16,sil
15.575881004333496,-21,-13,-10,-20,-2,3,30,5,2,2,-33,-22,-9,0,sil
15.575881004333496,-13,-8,-7,-19,-7,-9,12,0,7,1,-15,-17,0,5,sil
15.591950178146362,-9,-4,-6,-9,0,-3,0,-3,9,-2,-24,-20,-5,3,sil
15.591950178146362,0,-3,1,-4,-1,9,6,1,18,0,-28,-10,-4,6,sil
15.608001947402954,2,-4,-3,-10,-10,0,4,3,18,6,-3,8,5,8,sil
15.608001947402954,-2,0,4,-13,-7,-10,-8,5,13,13,14,19,10,5,sil
15.623713254928589,5,5,10,0,4,-1,-5,1,18,17,12,19,12,4,sil
15.623713254928589,24,13,18,17,6,-1,0,-3,18,12,15,21,17,10,sil
15.639750242233276,30,14,19,12,0,-9,-8,-1,4,6,21,22,19,6,sil
15.639750242233276,17,3,-4,-4,1,-10,-13,-2,-4,0,20,12,13,-1,sil
15.654696226119995,13,6,4,-1,8,-4,-8,-5,0,0,25,14,8,4,sil
15.654696226119995,22,17,18,15,14,-3,-5,-1,2,1,31,25,15,16,sil
15.670837163925173,24,17,8,16,9,-5,-11,0,-12,-6,25,27,16,10,sil
15.670837163925173,14,17,8,11,0,-4,-14,0,-26,-15,18,19,0,0,sil
15.68658208847046,3,15,3,13,-3,-1,-3,-2,-21,-9,18,7,-6,-4,sil
15.68658208847046,-2,2,3,6,0,2,0,-1,-13,-3,6,-1,-4,-8,sil
15.701770067214966,-10,-2,-2,0,6,3,-4,3,-8,-6,-7,-8,-9,-12,sil
15.701770067214966,-17,0,-9,3,4,0,2,9,-6,-6,-10,-10,-17,-9,sil
15.717170715332031,-17,-1,-6,0,-1,8,12,2,-5,-3,-7,-12,-13,-5,sil
15.717170715332031,-21,-16,-17,-17,-6,14,10,-7,-2,-6,-15,-25,-10,-9,sil
15.732949495315552,-34,-26,-19,-22,-12,3,2,-1,-3,-9,-28,-34,-19,-19,sil
15.732949495315552,-36,-22,-14,-7,-13,-2,0,3,-10,-1,-32,-29,-21,-21,sil
15.748990058898926,-20,-16,-13,-1,-5,1,1,-3,-9,1,-33,-25,-10,-11,sil
15.748990058898926,-8,-13,-1,-4,-1,9,12,0,1,0,-31,-20,1,-1,sil
15.764965295791626,-4,-10,-4,8,-3,8,19,6,13,9,-13,-8,12,4,sil
15.764965295791626,4,-4,0,17,-3,7,12,1,16,14,0,0,12,11,sil
15.779991149902344,9,-2,0,4,1,13,12,-1,11,4,-9,0,1,13,sil
15.779991149902344,3,-6,-9,-8,1,6,13,3,11,0,-13,-1,-3,10,sil
15.795586347579956,2,-4,5,-10,-2,-8,2,3,23,6,0,4,4,9,sil
15.796586751937866,15,0,12,-5,0,-10,0,-5,33,17,19,16,16,16,sil
15.810760259628296,31,2,9,-2,4,-6,2,-5,22,20,25,24,12,19,sil
15.827654600143433,24,4,7,-6,0,-12,-11,0,7,5,15,20,1,9,sil
15.827654600143433,8,2,2,-13,-6,-22,-30,-3,-1,-14,15,16,3,0,sil
15.827654600143433,12,12,11,-9,0,-20,-29,-4,-17,-21,24,21,2,-8,sil
15.841771602630615,16,23,7,0,7,-10,-13,0,-22,-13,17,14,-8,-8,sil
15.841771602630615,5,21,5,0,2,-3,-6,4,-9,-7,10,5,-12,-4,sil
15.856865167617798,-3,19,9,5,-1,-2,-11,2,-7,-6,16,9,-11,-6,sil
16.370530128479004,-22,-14,-13,-13,-6,10,5,-3,-3,2,-18,-14,-5,-10,sil
16.370530128479004,-21,-8,-11,-13,-3,11,0,-1,-4,-4,-18,-15,-8,-9,sil
16.38560700416565,-13,-7,-12,-17,-2,7,0,1,-1,1,-8,-7,-4,0,sil
16.38560700416565,-2,-2,3,-2,1,5,6,3,8,13,2,3,10,12,sil
16.400899171829224,-4,-3,-2,0,4,8,12,4,20,24,-1,-8,12,10,sil
16.41800045967102,-8,-6,-3,-9,1,9,6,-1,17,22,-14,-17,-4,1,sil
16.41800045967102,0,-1,4,-5,-1,3,-1,-7,5,5,-7,-7,-3,1,sil
16.41800045967102,5,-5,-2,-2,-6,-5,0,-3,10,2,3,0,12,9,sil
16.432713747024536,3,-11,3,-6,-10,-4,8,1,12,6,0,4,8,11,sil
16.432713747024536,2,-1,4,-2,-8,0,1,-1,0,-6,-6,5,-2,6,sil
16.449750900268555,4,-1,-2,-7,-4,-2,-10,-2,-3,-8,-6,0,0,6,sil
16.449750900268555,8,-5,2,-4,0,-4,-7,4,3,1,0,0,4,6,sil
16.46419334411621,11,5,3,17,3,-15,-1,4,0,-12,5,7,1,0,sil
16.480668544769287,13,18,4,23,4,-18,-5,0,-2,-23,1,4,1,2,sil
16.480668544769287,16,12,1,13,10,-3,-1,0,9,3,12,8,14,11,sil
16.49570107460022,16,4,7,6,6,0,5,0,17,22,28,19,25,10,sil
16.49570107460022,14,5,13,1,-6,-9,4,-1,9,10,25,23,17,5,sil
16.510921001434326,10,8,6,2,-6,-11,-4,0,-1,0,17,18,5,-1,sil
16.510921001434326,0,12,2,2,0,0,-12,0,-17,-14,8,7,-8,-20,sil
16.528971672058105,-10,2,-10,-6,0,0,-11,-6,-29,-28,-3,-4,-20,-29,sil
16.528971672058105,-4,-2,-7,-11,-4,-11,-8,-1,-23,-19,0,-1,-12,-18,sil
16.529971837997437,-4,5,9,-2,-8,-14,-16,3,-17,-12,11,9,0,-13,sil
16.543869256973267,-15,6,0,4,0,-5,-20,-6,-25,-15,2,-3,-12,-19,sil
16.558971643447876,-18,2,0,4,17,6,-14,-4,-35,-13,-21,-20,-25,-18,sil
16.558971643447876,-21,2,-7,9,21,18,1,5,-23,-7,-32,-24,-21,-6,sil
16.558971643447876,-17,-4,-16,10,8,26,22,6,2,0,-28,-20,-18,5,sil
16.57453489303589,-1,-16,-6,0,-4,23,26,4,19,15,-26,-14,-11,11,sil
16.590063095092773,0,-21,-11,-11,-15,8,18,4,27,22,-24,-13,0,12,sil
16.590063095092773,-3,-17,-6,-16,-14,0,19,4,37,18,-6,-3,11,14,sil
16.606019735336304,10,-3,0,-19,-1,0,24,0,37,20,19,14,27,19,sil
16.606019735336304,17,4,0,-17,3,-1,11,0,23,18,27,21,28,19,sil
16.606019735336304,8,7,11,-4,2,-5,-5,0,14,14,29,20,16,10,sil
16.621615409851074,10,15,15,12,7,-5,-7,-2,10,18,33,14,13,7,sil
16.622614860534668,10,17,13,17,11,0,-2,-5,-4,11,21,7,11,11,sil
16.63866639137268,-7,-1,-5,9,10,10,0,-3,-13,0,-1,-3,0,3,sil
16.63866639137268,-14,-20,-11,5,4,10,2,-1,0,5,-16,-17,-9,-8,sil
16.652571439743042,5,-11,9,2,-8,0,-2,0,9,5,-17,-13,-12,-5,sil
16.667736053466797,18,0,4,-4,-12,-14,-17,-2,-2,-11,-2,6,-4,0,sil
16.667736053466797,5,2,-2,-12,-9,-22,-29,0,-27,-32,11,14,4,-7,sil
16.684789657592773,-10,2,2,-12,-10,-19,-24,0,-37,-39,-2,-2,-6,-18,sil
16.684789657592773,-17,-5,-4,-5,-13,-5,-8,-3,-34,-33,-30,-25,-26,-21,sil
16.684789657592773,-13,-10,0,5,-1,12,10,0,-21,-17,-24,-18,-20,-7,sil
16.703179121017456,-2,0,-3,21,9,25,26,6,9,12,2,-5,4,11,sil
16.703179121017456,5,-3,-2,12,0,17,16,0,30,29,0,-2,15,11,sil
16.715046405792236,9,-5,4,-6,-13,-4,-4,-2,20,12,-7,3,13,-1,sil
16.730676651000977,18,10,1,-4,-5,-20,-13,0,0,-14,4,18,2,-7,sil
16.730676651000977,22,23,11,1,2,-16,-11,5,-12,-16,12,25,-4,-5,sil
16.745810747146606,5,16,5,0,7,-8,-6,3,-4,-1,17,23,2,0,sil
16.745810747146606,-10,9,-6,1,19,-5,-3,0,1,-2,25,11,6,0,sil
16.761953115463257,-5,9,0,8,17,3,1,0,-2,-2,14,-2,-1,-1,sil
16.761953115463257,0,7,0,13,4,13,12,1,5,19,-3,-7,-1,8,sil
16.777013301849365,-4,-1,-4,2,0,15,16,0,16,21,-16,-14,-4,10,sil
16.777013301849365,-11,-18,-19,-11,-1,12,13,-3,6,-1,-26,-34,-12,-4,sil
16.793060779571533,-13,-20,-17,-12,0,9,17,-3,0,-1,-21,-26,-5,-6,sil
16.793060779571533,-17,-9,-3,-11,2,9,19,-1,11,12,-7,0,5,2,sil
16.808589696884155,-25,-16,-14,-20,-5,-3,10,-1,19,10,-5,-1,6,0,sil
16.808589696884155,-15,-25,-10,-28,-18,-18,-2,0,17,1,-2,-1,3,-4,sil
16.82411003112793,11,-6,2,-12,-15,-22,-12,1,8,-1,14,17,7,1,sil
16.82411003112793,33,23,23,13,-3,-19,-20,0,-6,-6,26,28,10,4,sil
16.839725017547607,35,33,37,25,8,-1,-24,0,-15,-6,27,24,8,4,sil
16.839725017547607,16,20,13,25,17,14,-14,2,-16,0,28,14,8,7,sil
16.855552911758423,-1,11,9,37,17,16,2,6,-11,11,19,6,5,5,sil
16.855552911758423,-10,9,8,45,14,16,11,-1,-8,11,-4,-5,-7,-3,sil
16.870781660079956,-18,-8,-15,11,4,10,-2,-12,-20,-16,-31,-26,-29,-12,sil
16.870781660079956,-13,-21,-13,-22,-7,0,-12,-2,-20,-27,-31,-22,-25,-4,sil
16.886899948120117,12,-7,1,-14,-7,0,2,6,6,11,-1,7,8,19,sil
16.886899948120117,17,0,5,-5,-1,4,12,1,18,28,3,8,12,18,sil
16.902037620544434,-6,-15,-8,-23,-8,-3,1,-2,5,-2,-21,-13,-12,-6,sil
16.902037620544434,-11,-11,-13,-27,-16,-15,-1,1,-2,-18,-26,-12,-10,-14,sil
16.917556047439575,1,8,0,-13,-12,-11,1,3,-2,-3,0,2,9,-5,sil
16.917556047439575,0,1,-3,-15,-7,-11,-6,0,1,5,16,6,15,-1,sil
16.93252658843994,-3,-7,0,-25,-11,-19,-19,0,3,0,12,8,8,-4,sil
16.93252658843994,0,5,3,-13,-10,-12,-14,0,0,-12,7,6,-1,-8,sil
16.948103427886963,3,12,1,7,3,0,-3,-2,-8,-18,8,1,-8,-6,sil
16.948103427886963,10,9,8,12,16,9,2,0,-15,-18,9,1,-6,-2,sil
16.963876485824585,2,11,-4,15,16,12,11,3,-10,-10,8,-3,-1,-5,sil
16.963876485824585,-9,9,-4,24,11,14,17,2,5,6,4,-8,4,-2,sil
16.978981256484985,-2,0,5,27,12,21,21,2,17,24,2,1,8,11,sil
16.978981256484985,1,-9,-7,16,7,16,17,0,9,19,-10,-3,0,13,sil
16.994728803634644,-9,-15,-8,0,-7,0,1,-2,-3,0,-32,-15,-13,4,sil
16.994728803634644,-9,-17,-4,-10,-10,0,4,-2,5,0,-31,-13,-6,4,sil
17.009929418563843,0,-14,2,-10,-2,4,20,1,31,24,-8,-3,8,7,sil
17.009929418563843,-1,-7,2,-8,-2,-4,9,4,43,33,9,1,19,5,sil
17.025530576705933,0,-4,-7,-11,-2,-15,-14,0,27,16,16,7,21,2,sil
17.025530576705933,14,2,5,-11,0,-11,-19,-3,-2,-4,14,18,8,-1,sil
17.041521072387695,17,10,10,-2,0,-7,-17,-4,-22,-24,14,25,-6,-1,sil
17.041521072387695,16,14,7,1,0,-13,-16,-2,-29,-42,19,25,-7,3,sil
17.056947708129883,15,19,11,7,4,-12,-10,-1,-30,-43,13,13,-6,-2,sil
17.056947708129883,0,17,1,17,8,0,-8,0,-24,-26,0,-3,-13,-15,sil
17.072967052459717,-18,5,-2,17,9,7,-8,5,-13,-6,-6,-15,-14,-14,sil
17.072967052459717,-21,1,-6,16,5,10,0,3,-3,18,-8,-25,-5,-11,sil
17.088647842407227,-8,5,0,24,10,13,8,-1,6,47,-2,-21,5,-8,sil
17.088647842407227,7,6,12,27,16,19,13,-1,13,55,14,3,21,11,sil
17.1037654876709,7,-2,2,5,0,6,8,-2,8,24,13,13,23,27,sil
17.1037654876709,-11,-17,-4,-28,-21,-2,1,-6,-2,-14,-18,-3,0,9,sil
17.119680643081665,-23,-24,-18,-33,-20,-1,5,-2,-2,-20,-38,-26,-21,-19,sil
17.119680643081665,-14,-21,-19,-20,-17,-7,8,0,4,-14,-31,-30,-24,-22,sil
17.135911226272583,-2,-17,-3,-29,-23,-11,1,-1,5,-9,-15,-7,-10,-2,sil
17.135911226272583,2,-17,-7,-40,-22,-8,-5,-2,0,-8,-3,6,0,3,sil
17.150538444519043,13,-3,0,-28,-14,-11,-14,1,-9,-20,7,13,-2,-3,sil
17.150538444519043,19,20,9,-5,0,-12,-15,5,-7,-18,24,24,0,3,sil
17.16714572906494,13,27,8,12,17,-6,-7,7,1,4,35,29,12,16,sil
17.16714572906494,8,27,16,21,21,4,0,2,4,9,34,29,14,10,sil
17.181367874145508,3,19,10,16,18,8,1,-5,3,3,26,21,3,-2,sil
17.181367874145508,-11,4,3,13,18,3,1,-4,-1,1,2,-4,-5,-11,sil
17.197595596313477,-10,2,3,30,18,6,5,1,-5,0,-15,-20,-6,-4,sil
17.197595596313477,13,4,5,36,16,16,16,1,4,8,-8,-5,1,16,sil
17.211839199066162,13,-6,3,9,5,14,18,5,5,13,-13,-8,-1,12,sil
17.212838649749756,-10,-20,-15,-4,-10,4,6,5,-5,2,-29,-29,-8,-7,sil
17.227323532104492,-14,-16,-7,0,-10,8,2,0,-1,3,-22,-15,1,0,sil
17.227323532104492,-2,-10,1,-2,-2,15,10,-3,14,13,-9,2,16,19,sil
17.243069410324097,0,-14,-8,-8,-10,3,14,1,14,9,-8,-5,18,15,sil
17.258113384246826,-5,-13,-7,-11,-15,-5,6,4,8,3,-6,-5,10,1,sil
17.258113384246826,-6,-11,-11,-14,-1,-10,-2,0,11,5,-6,-4,3,-4,sil
17.273573875427246,5,-5,-2,-13,-2,-23,-11,-4,7,-4,0,-1,4,-3,sil
17.273573875427246,16,3,5,-13,-10,-21,-17,-4,3,-11,17,14,6,-3,sil
17.289695262908936,10,7,-2,-17,-3,-7,-20,-3,1,-8,21,14,-1,-10,sil
17.289695262908936,2,10,6,-11,0,-9,-23,2,-10,-12,16,7,-8,-15,sil
17.304763555526733,1,14,6,1,-2,-19,-16,1,-16,-14,24,17,-4,-8,sil
17.304763555526733,6,20,7,14,1,-9,-1,-4,-8,-8,20,18,-3,-5,sil
17.320765733718872,1,21,10,14,4,3,1,-3,-10,-14,-1,-3,-12,-14,sil
17.320765733718872,-14,3,-9,-1,2,0,-8,-1,-23,-23,-12,-23,-26,-24,sil
17.336605310440063,-21,-4,-4,-2,3,-3,-14,-2,-24,-13,-10,-15,-26,-19,sil
17.336605310440063,-18,2,2,15,6,2,-3,-1,-12,6,-3,-2,-5,-1,sil
17.352315187454224,-11,4,-3,17,7,12,0,0,-9,6,-1,-1,-1,3,sil
17.352315187454224,-1,0,-2,3,4,24,-1,-1,-8,0,-4,-3,-10,0,sil
17.36839461326599,5,0,0,9,3,20,9,0,6,15,0,1,2,6,sil
17.36839461326599,11,9,12,25,7,11,27,9,21,30,6,11,23,25,sil
17.383962154388428,14,6,7,22,8,16,34,8,17,18,2,9,20,28,sil
17.383962154388428,4,-16,-6,-1,0,14,24,-2,1,-3,-15,-9,-3,8,sil
17.3996844291687,-5,-26,-7,-15,-8,6,11,-1,0,-3,-26,-16,-17,-1,sil
17.3996844291687,0,-9,-3,-3,-2,7,14,7,16,17,-9,-2,3,13,sil
17.415292501449585,6,-1,4,-3,2,12,23,8,26,30,4,11,24,23,sil
17.415292501449585,3,-7,0,-14,1,1,12,1,14,25,3,5,16,16,sil
17.430612087249756,6,-4,0,-16,-1,-15,-3,-3,6,14,0,3,9,9,sil
17.4310405254364,10,-3,6,-13,-8,-15,-4,-1,12,1,-3,10,16,4,sil
17.44653010368347,1,-15,-9,-16,-16,-18,-6,0,11,-13,-4,0,5,-5,sil
17.44653010368347,-4,-8,-4,-21,-12,-32,-19,-5,4,-22,4,-5,-4,-11,sil
17.462024211883545,-1,5,0,-23,-5,-26,-29,-7,4,-22,13,8,2,-10,sil
17.462024211883545,-2,5,-9,-21,-11,-13,-40,-3,-9,-28,4,6,0,-13,sil
17.477627992630005,-5,6,2,-4,-9,-7,-36,0,-34,-30,3,-6,-13,-19,sil
17.477627992630005,-3,6,6,13,2,0,-10,-6,-21,-8,18,-2,-8,-15,sil
17.492987871170044,-11,0,-1,3,3,-3,-4,-7,-9,-1,14,-3,-4,-13,sil
17.492987871170044,-19,-1,-6,-10,2,-8,-13,0,-22,-15,-3,-11,-11,-20,sil
17.509023904800415,-7,5,-2,10,6,2,2,10,-8,-1,-5,-1,-5,-9,sil
17.509023904800415,11,12,16,32,1,15,21,12,23,28,3,7,6,12,sil
17.523943185806274,10,8,3,22,2,10,14,2,20,22,5,-2,7,9,sil
17.523943185806274,-3,1,-5,8,12,9,3,-3,-5,-5,-8,-8,-10,-7,sil
17.540048360824585,-1,11,2,16,18,17,6,-1,-17,-8,-14,-1,-17,-6,thankyou
17.540048360824585,19,24,12,34,21,16,13,0,-10,7,7,6,1,9,thankyou
17.555996656417847,20,15,19,27,15,10,10,0,-5,7,18,14,10,13,thankyou
17.555996656417847,0,-5,0,3,0,1,3,-9,-14,-9,-11,2,-7,2,thankyou
17.570908546447754,-5,-8,-9,-2,-4,-2,2,-8,-21,-18,-30,-12,-23,-5,thankyou
17.570908546447754,-3,-3,-7,1,0,-1,3,3,-12,-8,-8,-7,-15,-4,thankyou
17.58637046813965,-6,-11,-13,-7,-5,-4,2,11,0,5,5,0,0,1,thankyou
17.58637046813965,-1,-9,0,-14,-4,2,5,9,18,16,-1,2,11,15,thankyou
17.602423429489136,0,-4,1,-7,1,12,8,4,36,24,-6,1,10,18,thankyou
17.602423429489136,-3,-14,-6,-21,-8,1,-6,1,26,18,-4,-1,2,4,thankyou
17.618552923202515,-4,-18,-10,-37,-19,-6,-13,-1,8,3,-5,-8,0,-4,thankyou
17.618552923202515,-8,-16,-18,-28,-12,-1,5,-5,4,-3,-13,-19,-1,-7,thankyou
17.633595943450928,-16,-13,-6,-14,-5,0,18,-2,9,-1,-15,-19,-5,-9,thankyou
17.633595943450928,-6,-2,6,-1,-1,5,17,0,20,11,5,1,8,2,thankyou
17.649639129638672,10,4,9,13,2,9,11,-2,22,22,25,18,30,21,thankyou
17.649639129638672,15,2,8,17,0,0,-4,-5,5,11,19,14,25,23,thankyou
17.664777994155884,10,4,6,8,-8,-18,-17,-2,-3,-4,12,13,8,12,thankyou
17.664777994155884,4,9,14,0,-3,-17,-13,1,-12,-12,11,18,5,0,thankyou
17.680880069732666,1,8,2,-1,5,-5,-9,3,-17,-16,6,9,7,-5,thankyou
17.680880069732666,6,10,0,-1,-1,-5,-9,2,-5,-15,7,2,5,-6,thankyou
17.6968936920166,13,14,12,6,-9,-5,0,3,6,-5,15,17,8,-2,thankyou
17.6968936920166,7,9,5,12,7,-4,3,0,-4,-9,12,18,1,-2,thankyou
17.712576627731323,-6,5,4,-1,12,-10,-17,-3,-24,-26,-1,0,-18,-16,thankyou
17.712576627731323,-13,2,-2,-9,-5,-14,-30,-5,-33,-29,-9,-15,-29,-31,thankyou
17.727583408355713,-4,0,-8,-1,-9,-11,-27,-3,-33,-24,-8,-11,-23,-24,thankyou
17.727583408355713,2,6,5,5,5,-5,-14,0,-16,-10,0,1,-13,-6,thankyou
17.743647813796997,0,10,0,17,15,5,1,0,8,8,4,0,-10,0,thankyou
17.743647813796997,5,12,2,39,24,25,16,0,14,17,-3,-3,-9,4,thankyou
17.758676767349243,7,10,3,35,29,31,22,2,2,22,-13,-9,-3,8,thankyou
17.758676767349243,-13,-12,-12,2,6,12,13,-2,-5,17,-26,-26,-11,0,thankyou
17.77456259727478,-31,-38,-18,-24,-20,1,4,-7,-9,-3,-47,-37,-21,-13,thankyou
17.77456259727478,-16,-33,-20,-28,-14,7,13,-1,8,5,-38,-25,0,2,thankyou
17.790818691253662,2,-14,-11,-35,0,12,19,6,39,33,-5,-5,25,26,thankyou
17.790818691253662,5,-12,-11,-41,-4,9,14,1,41,23,7,0,18,20,thankyou
17.80588722229004,5,-9,-12,-23,-6,-2,4,0,18,-1,4,1,7,0,thankyou
17.80588722229004,10,11,9,-1,4,-5,-6,9,1,-10,16,6,6,-6,thankyou
17.821415185928345,8,21,9,9,12,0,-7,5,-9,-12,31,9,0,-1,thankyou
17.821415185928345,0,10,5,16,6,3,6,0,-26,-1,24,11,-1,3,thankyou
17.836518049240112,-9,3,6,20,0,7,14,3,-29,13,7,7,3,7,thankyou
17.836518049240112,-11,0,0,18,-4,0,12,1,-3,14,0,-3,10,8,thankyou
17.851736307144165,-5,-10,6,3,-17,-12,5,-1,26,8,2,0,11,4,thankyou
17.867718935012817,-1,-13,4,-12,-26,-15,-5,1,32,2,2,9,5,1,thankyou
17.867718935012817,10,1,6,-3,-17,-14,-12,1,18,-6,5,23,8,5,thankyou
17.867718935012817,29,19,15,12,-5,-19,-9,0,9,-9,22,40,22,8,thankyou
17.883863925933838,27,16,9,6,-4,-21,-19,0,-5,-10,27,35,17,5,thankyou
17.883863925933838,11,14,14,7,0,-13,-32,-7,-30,-21,5,14,-6,-3,thankyou
17.898639678955078,0,15,7,14,4,-7,-20,-5,-27,-25,-3,3,-11,-15,thankyou
17.913780450820923,-13,2,-4,-6,-1,-4,-1,0,-9,-18,-3,-9,-11,-26,thankyou
17.913780450820923,-23,-7,-13,-16,0,5,0,-1,-11,-15,-20,-29,-28,-25,thankyou
17.928949117660522,-3,2,-11,7,19,18,4,0,-13,-11,-18,-18,-24,-5,thankyou
17.928949117660522,14,11,12,14,22,20,11,3,-9,-1,7,2,1,5,thankyou
17.946571588516235,-3,-1,1,0,13,12,-1,-4,-19,-3,-1,-16,-4,-6,thankyou
17.946571588516235,-21,-13,-15,0,16,10,-9,-6,-24,-9,-35,-40,-28,-16,thankyou
17.962703466415405,-11,-9,-1,7,19,21,13,3,0,9,-25,-26,-16,-2,thankyou
17.962703466415405,-1,-10,0,3,7,16,31,0,20,32,0,-8,8,12,thankyou
17.962703466415405,-5,-13,-6,-6,-4,1,16,-3,19,26,-6,-3,1,9,thankyou
17.977166175842285,-8,-12,-15,-10,-11,0,8,5,29,24,-13,-4,-2,5,thankyou
17.99230718612671,-5,-14,-8,-13,-15,0,11,7,38,31,0,-6,9,17,thankyou
17.99230718612671,-1,-9,0,-15,-12,-2,-2,-2,15,14,0,3,11,22,thankyou
18.006871461868286,4,-1,-9,-10,-5,-9,-7,-4,-5,-9,-6,12,8,10,thankyou
18.006871461868286,15,4,7,-7,-2,-6,4,6,8,-3,10,21,19,10,thankyou
18.022921085357662,20,11,8,-9,-4,-4,2,9,23,13,31,30,29,19,sil
18.022921085357662,20,11,-5,-6,-7,-19,-14,1,9,1,32,29,22,8,sil
18.03817677497864,17,12,11,1,-1,-24,-20,-3,-8,-17,23,23,11,-10,sil
18.03817677497864,9,13,10,4,5,-13,-18,-7,-15,-22,16,15,6,-11,sil
18.053348779678345,0,11,0,3,0,-8,-22,-1,-21,-26,7,7,-3,-9,sil
18.053348779678345,-5,8,2,12,0,-3,-17,0,-22,-21,-4,-4,-14,-18,sil
18.07466173171997,-16,0,0,19,3,5,-4,-3,-24,-9,-21,-24,-19,-27,sil
18.07466173171997,-27,-7,-4,9,1,11,2,0,-27,-8,-25,-30,-25,-21,sil
18.07466173171997,-17,-2,-3,7,4,18,14,5,-11,6,-7,-14,-18,0,sil
18.08468699455261,0,0,6,11,8,23,27,-1,3,16,-7,-11,-9,8,sil
18.100224018096924,-3,-10,-2,0,-1,13,22,-4,0,0,-23,-24,-14,-1,sil
18.100224018096924,-11,-19,-11,-9,-6,2,16,0,12,2,-17,-16,-11,-2,sil
18.11582851409912,-2,-11,0,-5,5,10,22,3,41,32,3,1,10,11,sil
18.11582851409912,0,-6,-2,-4,6,11,15,6,41,33,14,0,19,13,sil
18.132025718688965,-6,-6,-3,-11,-4,-3,-2,2,11,2,5,-7,7,0,sil
18.132025718688965,-1,-2,-1,-9,-11,-17,-11,-4,-12,-17,-5,2,0,-5,sil
18.14796781539917,10,0,-3,-5,-6,-24,-15,-2,-23,-23,0,12,0,-4,sil
18.14796781539917,17,12,11,-2,-3,-20,-15,0,-27,-27,14,23,4,0,sil
18.162908792495728,21,22,12,9,-3,-6,-5,-4,-20,-20,22,28,11,6,sil
18.162908792495728,18,19,13,15,2,1,-9,-7,-7,-3,26,23,5,5,sil
18.17895817756653,9,15,14,8,12,-4,-19,0,0,1,15,12,-5,0,sil
18.17895817756653,2,15,3,12,9,-8,-12,1,-4,-5,-7,1,-6,-4,sil
18.194679260253903,-6,6,1,15,2,5,-2,0,-11,0,-20,-9,-7,-8,sil
18.194679260253903,-17,-14,-12,0,3,19,0,0,-2,12,-21,-21,-14,-9,sil
18.21065664291382,-16,-21,-17,-12,0,18,3,3,18,19,-18,-20,-10,3,sil
18.21065664291382,-6,-10,-3,-3,-3,13,14,4,37,27,-1,-2,14,22,sil
18.22575163841248,5,-5,-1,1,0,9,22,5,42,36,14,13,31,28,sil
18.22575163841248,11,-3,1,-13,1,4,17,7,32,23,9,13,19,15,sil
18.24105143547058,2,-10,-8,-30,-5,-3,2,1,17,1,3,0,6,0,sil
18.24105143547058,0,-13,-7,-28,-10,-18,-16,-4,-7,-16,10,3,4,-2,sil
18.256515502929688,5,3,10,-4,-7,-21,-22,-5,-33,-24,16,12,-1,-1,sil
18.256515502929688,0,13,4,12,1,-7,-10,-5,-30,-18,5,-2,-8,-5,sil
18.27258992195129,-11,2,-1,3,8,3,0,0,-20,-18,-18,-20,-13,-11,sil
18.27258992195129,-10,0,-1,6,4,4,1,2,-20,-22,-26,-18,-17,-11,sil
18.28780126571656,-2,4,0,25,-5,12,7,0,-11,-3,-21,-11,-10,0,sil
18.28780126571656,-1,-4,0,11,-7,19,18,-2,5,20,-20,-8,0,7,sil
18.30350446701049,-7,-15,-11,-12,-7,0,11,-4,9,13,-19,-14,-1,0,sil
18.303734302520752,-5,-8,-5,-7,-12,-19,-8,-7,2,-9,-4,-3,-3,-11,sil
18.319878578186035,7,3,-3,-3,-1,-7,-4,-3,1,-8,16,17,6,-6,sil
18.319878578186035,12,9,0,-13,14,2,9,4,4,0,22,19,3,0,sil
18.33567523956299,5,18,20,-1,11,-4,0,6,0,-12,14,14,-9,-12,sil
18.33567523956299,4,20,14,17,2,-12,-18,4,-7,-15,14,10,-2,-14,sil
18.351001262664795,9,13,12,18,9,-5,-12,7,-5,11,25,6,12,6,sil
18.351001262664795,5,10,11,27,25,11,8,4,2,27,21,0,6,9,sil
18.366021156311035,-10,4,-8,38,21,13,20,-4,2,5,-6,-14,-11,-10,sil
18.366021156311035,-24,-13,-11,12,-5,6,12,-4,-1,-8,-31,-33,-20,-15,sil
18.381617307662964,-20,-30,-13,-18,-22,3,2,0,6,1,-24,-28,-14,-2,sil
18.381617307662964,-1,-19,-4,-16,-12,2,1,0,8,8,-9,-6,-1,9,sil
18.39698362350464,9,-2,1,-7,-5,2,-1,-1,2,9,-2,8,10,18,sil
18.39698362350464,7,-8,-2,-22,-14,-4,-14,0,5,13,0,12,13,16,sil
18.412556886672974,9,-10,0,-32,-20,-14,-20,1,11,4,4,18,10,10,sil
18.412556886672974,14,3,-4,-17,-9,-14,-14,0,12,-2,10,20,17,9,sil
18.42814373970032,8,8,1,-10,0,-12,-8,-2,1,-7,12,19,17,2,sil
18.42814373970032,4,6,8,-12,3,-9,-4,-1,-7,-11,20,20,8,-4,sil
18.44326972961425,6,9,3,-1,11,2,-4,0,-10,-12,27,9,3,-2,sil
18.44326972961425,2,12,6,16,11,12,-4,0,-22,-16,6,-5,-3,-4,sil
18.45896863937378,-2,6,-1,20,1,10,6,0,-34,-13,-11,-6,-11,-6,sil
18.45896863937378,-7,-1,-1,3,3,16,24,0,-17,5,-3,1,-4,3,sil
18.474733352661133,-13,-2,4,-3,16,29,38,5,20,28,2,-6,9,11,sil
18.474733352661133,-7,0,-2,13,17,22,40,3,38,35,-1,-17,12,10,sil
18.490795373916622,0,0,-1,19,5,5,23,1,26,20,-16,-13,1,7,sil
18.490795373916622,-4,-8,-7,2,-2,-3,2,0,10,0,-30,-18,-10,1,sil
18.505799770355225,-5,-15,-11,-7,-8,-17,-15,-5,0,-9,-25,-22,-16,-9,sil
18.505799770355225,-3,-9,-2,-9,-16,-26,-32,-4,-7,-18,-6,-1,-13,-14,sil
18.52193117141724,-3,-2,0,-9,-14,-19,-36,-1,-8,-25,0,18,-4,-6,sil
18.52193117141724,7,1,10,-10,-10,-17,-33,-2,-8,-27,0,15,0,-9,sil
18.536574363708496,14,5,3,-5,-9,-22,-28,-3,-15,-26,0,8,-5,-19,sil
18.536574363708496,2,8,1,-2,-6,-12,-17,-2,-22,-23,0,4,-11,-15,sil
18.552719831466675,-4,8,8,-3,0,4,-7,1,-13,-9,4,-3,-13,-9,sil
18.552719831466675,0,5,0,2,11,10,4,3,0,12,4,-8,-9,-9,sil
18.568320274353027,4,7,4,22,19,21,25,0,3,26,12,-2,0,6,sil
18.582947492599487,0,11,5,39,18,24,24,-4,0,22,18,0,6,20,sil
18.582947492599487,-4,6,-5,30,11,7,7,1,-5,10,-1,-6,-6,6,sil
18.59893536567688,-3,-4,-6,6,3,6,8,7,4,14,-14,-10,-8,-1,sil
18.59893536567688,-3,-16,-12,-6,-6,12,17,1,22,27,0,-11,6,9,sil
18.61388683319092,-12,-20,-8,-12,-13,2,15,0,12,15,-7,-14,4,2,sil
18.61388683319092,-15,-11,-5,-15,-6,3,24,6,2,1,-20,-11,3,-7,sil
18.62906074523925,1,0,0,-10,1,7,28,5,22,9,6,14,28,15,sil
18.62906074523925,16,0,9,-12,-2,-10,6,-4,26,9,34,40,41,36,sil
18.64499258995056,12,-7,0,-23,-7,-24,-9,-10,4,-7,27,29,27,20,sil
18.64499258995056,16,0,6,-17,-1,-13,-10,0,-3,-16,12,18,16,5,sil
18.66057586669922,25,14,13,0,-4,-13,-25,5,-6,-15,15,22,9,3,sil
18.66057586669922,15,14,3,3,-12,-27,-45,-3,-14,-21,26,15,0,-9,sil
18.67572045326233,3,18,9,14,1,-13,-37,-4,-16,-15,21,2,-5,-19,sil
18.67572045326233,0,19,5,25,20,9,-10,3,-13,4,3,-4,-5,-8,sil
18.69099807739257,-4,7,2,12,15,15,0,5,-15,0,-5,-6,-11,-3,sil
18.69099807739257,-11,0,0,2,12,21,9,2,-15,-15,-8,-6,-19,-11,sil
18.70660829544068,-15,-9,-9,-1,12,25,22,1,-6,-6,-26,-17,-21,-12,sil
18.70660829544068,-26,-22,-12,-20,-2,15,21,2,2,6,-40,-32,-24,-11,sil
18.72253680229187,-29,-25,-19,-19,-10,7,18,-1,11,7,-37,-33,-25,-17,sil
18.72253680229187,-12,-16,-7,-5,-3,4,15,-4,7,2,-39,-28,-23,-14,sil
18.737566232681274,-1,-12,-2,-7,-5,-3,0,-5,-7,-8,-45,-26,-22,-3,sil
18.737566232681274,-3,-15,-12,-11,-13,-17,-11,-4,-11,-17,-39,-24,-24,1,sil
18.75274443626404,-7,-12,-2,-11,-13,-19,-7,-3,0,-8,-24,-12,-15,0,sil
18.75274443626404,-4,-6,-5,-17,-14,-11,-12,-6,7,0,-5,-4,5,1,sil
18.768495082855225,5,1,0,-8,-10,-4,-22,-2,3,0,17,12,21,8,sil
18.768495082855225,23,18,22,14,0,-1,-11,6,9,12,39,37,31,20,sil
18.783929109573364,32,27,23,22,2,-3,0,7,14,21,53,45,39,22,sil
18.783929109573364,19,26,16,14,2,-1,1,3,8,13,56,41,37,14,sil
18.79995369911194,5,25,3,17,12,4,9,1,9,18,50,34,33,9,sil
18.79995369911194,5,21,4,27,13,2,15,3,11,22,36,22,25,2,sil
18.8159613609314,4,14,9,21,5,-2,2,4,-1,-1,16,8,3,-6,sil
18.8159613609314,-3,6,-1,14,11,1,-1,-1,-17,-15,0,-2,-17,-12,sil
18.831536293029785,-9,-2,-2,15,14,21,10,-3,-23,0,-12,-15,-24,-16,sil
18.831536293029785,-17,-20,-11,2,3,26,18,0,-16,5,-21,-30,-23,-15,sil
18.847561597824097,-20,-31,-18,-18,-9,7,13,1,-6,-11,-31,-29,-21,-6,sil
18.847561597824097,-5,-20,-5,-20,-12,0,7,0,1,-13,-25,-7,-9,11,sil
18.86362147331237,12,-10,-4,-4,-3,-2,-2,2,10,2,-5,5,6,28,sil
18.86362147331237,8,-9,0,-5,-3,-17,-20,0,10,0,-11,-1,3,15,sil
18.879709005355835,-2,-6,-3,-15,-10,-19,-21,-4,9,-3,-22,-13,0,-5,sil
18.879709005355835,5,0,-7,-15,-3,-4,-8,-3,17,7,3,-7,9,1,sil
18.89485025405884,19,10,4,-7,7,-2,1,0,16,8,32,11,15,11,sil
18.89485025405884,14,11,1,-1,2,-11,2,0,-1,-6,18,13,6,0,sil
18.910388231277462,5,7,6,0,3,-4,-1,0,-11,-14,-3,4,-3,-8,sil
18.910388231277462,-1,7,9,-1,10,3,-2,-1,-7,-14,0,0,-14,-14,sil
18.9259135723114,-16,6,-2,-1,4,-1,1,-3,-12,-13,4,-4,-19,-26,sil
18.9259135723114,-24,5,-3,10,6,3,3,2,-14,-5,-6,-11,-14,-24,sil
18.942245721817017,-15,1,-3,21,19,20,9,2,3,9,-17,-15,-4,-8,sil
18.942245721817017,-3,0,4,16,13,23,14,-2,17,25,-10,-8,4,9,sil
18.95786070823669,5,0,7,12,-1,14,10,-1,10,30,0,3,16,24,sil
18.95786070823669,7,-7,-1,4,-9,1,6,0,1,16,0,8,21,21,sil
18.973567962646484,1,-11,3,-10,-14,-2,6,-2,3,4,0,8,15,8,sil
18.973567962646484,2,-7,0,-12,-10,-5,0,-2,9,3,0,8,3,5,sil
18.98873257637024,6,-1,0,-14,-10,-14,-11,0,-3,-7,-3,6,-3,0,sil
18.98873257637024,9,0,0,-25,-20,-14,-11,1,-13,-18,0,9,2,-7,sil
19.004805326461792,9,-1,-2,-30,-18,-13,-10,1,-9,-19,8,19,6,-4,sil
19.004805326461792,0,-4,0,-27,-6,-21,-24,1,-13,-31,1,17,-9,-1,sil
19.020797729492188,-9,0,-11,-11,-2,-22,-28,1,-19,-33,0,-1,-21,-9,sil
19.020797729492188,-7,12,-5,9,0,-7,-11,4,-13,-11,6,-21,-21,-17,sil
19.03622055053711,-15,3,-1,8,0,4,0,1,-16,-1,-4,-34,-25,-26,sil
19.03622055053711,-29,-18,-19,-3,-5,8,0,-4,-25,-7,-20,-39,-29,-27,sil
19.051941871643063,-18,-14,-3,1,-4,13,5,0,-17,-2,-17,-23,-19,-10,sil
19.051941871643063,0,-1,12,26,6,18,8,1,-4,4,-9,-10,-6,3,sil
19.067588567733765,-1,-3,7,34,9,17,0,-3,1,12,-1,-3,2,8,sil
19.067588567733765,-8,-4,-4,10,1,8,-8,-1,17,26,9,9,17,10,sil
19.082748413085938,-6,-1,-13,-2,0,0,-1,4,33,28,8,12,25,10,sil
19.082748413085938,5,4,7,17,8,10,19,3,30,17,-2,7,16,12,sil
19.098807096481323,15,10,16,28,13,19,33,-1,22,20,-3,8,9,20,sil
19.098807096481323,23,12,9,6,9,4,29,0,26,25,7,18,19,29,sil
19.114561796188354,42,22,15,4,16,3,31,7,37,25,30,39,38,38,sil
19.114561796188354,52,33,16,27,37,13,35,6,43,28,43,50,41,38,sil
19.13020181655884,26,22,8,14,31,2,13,-1,23,12,28,24,20,14,sil
19.13020181655884,4,-2,-10,-23,-4,-19,-15,-5,-2,-14,10,-6,4,-10,sil
19.145760536193848,16,-3,-5,-27,-22,-27,-27,-5,-13,-27,4,-2,1,-8,sil
19.145760536193848,17,8,11,-7,-7,-16,-25,-6,-16,-30,0,9,-3,-5,sil
19.16128730773925,-10,-3,-2,-10,0,-14,-23,-9,-24,-31,-1,0,-13,-16,sil
19.16128730773925,-27,-13,-3,-22,-4,-14,-24,-3,-29,-26,-2,-12,-24,-27,sil
19.176159858703613,-25,-1,-5,-7,-1,-7,-14,2,-25,-13,-6,-17,-26,-28,sil
19.176159858703613,-22,0,-15,1,-6,-3,-4,0,-20,-5,-7,-21,-18,-22,sil
19.19178295135498,-23,-9,-10,-8,-17,0,-7,-1,-23,-17,-15,-20,-20,-18,sil
19.19178295135498,-23,-13,-15,-14,-16,4,-7,2,-34,-33,-30,-24,-27,-14,sil
19.20781683921814,-17,-16,-3,-13,-12,7,0,3,-28,-17,-30,-16,-12,0,sil
19.20781683921814,-10,-15,2,-7,-8,14,9,2,-2,13,-15,-1,5,10,sil
19.22300624847412,-18,-13,-4,8,3,20,11,3,7,25,-13,-7,0,0,sil
19.22300624847412,-25,-9,-2,19,11,18,12,3,7,25,-16,-22,-8,-13,sil
19.237865447998047,-14,-6,-3,17,2,11,16,1,22,30,-4,-18,-1,-6,sil
19.25438523292541,0,-5,0,1,-9,2,16,2,25,23,0,-1,0,5,sil
19.25438523292541,3,-9,-3,-15,-12,-1,9,0,1,5,-13,0,-2,10,sil
19.25438523292541,10,-11,-2,-19,-8,-10,1,-4,-10,-11,-24,-3,-4,16,sil
19.268717527389526,22,-1,14,-13,-6,-14,-1,-2,1,-10,-10,7,0,20,sil
19.28582763671875,21,4,3,-5,-3,-12,-2,-3,20,15,15,24,12,17,sil
19.28582763671875,4,3,-6,-1,0,-10,-10,0,22,23,23,17,18,7,sil
19.28582763671875,0,6,-4,0,0,-7,-20,2,20,4,18,6,13,-6,sil
19.30212569236756,16,14,-3,2,5,-6,-16,0,17,-7,26,11,17,-4,sil
19.30212569236756,26,22,12,4,9,-4,-13,1,1,-10,27,19,21,7,sil
19.31707453727722,18,18,15,2,6,-5,-14,4,-11,-15,15,18,7,4,sil
19.31707453727722,14,18,17,10,8,0,-6,0,-5,-13,19,20,3,-2,sil
19.331700086593628,13,26,16,27,18,10,5,-2,0,-2,32,25,14,0,sil
19.34974265098572,-2,16,-2,24,20,5,1,1,-10,-1,20,9,3,-5,sil
19.34974265098572,-13,-1,-1,7,5,-4,-3,2,-13,-11,-3,-11,-16,-21,sil
19.34974265098572,-7,-3,0,3,-9,2,7,-1,-2,-14,-10,-19,-14,-17,sil
21.013657093048096,-3,-8,-9,-17,-1,-2,9,0,18,6,-14,-9,7,7,thankyou
21.013657093048096,-9,-16,-8,-21,-13,-10,-3,3,25,7,0,-5,9,0,thankyou
21.028801202774048,-10,-20,-11,-27,-20,-15,-11,2,13,-1,2,-1,5,-2,thankyou
21.028801202774048,0,-8,5,-20,0,-7,-7,4,21,8,5,16,13,2,thankyou
21.044275045394897,10,1,4,-9,13,0,-3,2,30,18,12,19,20,0,thankyou
21.044275045394897,11,6,0,-12,0,-5,-4,0,9,0,11,5,12,-8,thankyou
21.05961275100708,0,0,6,-23,-17,-12,-5,-1,-17,-22,3,3,-3,-13,thankyou
21.05961275100708,1,-1,5,-15,-10,-6,0,-1,-22,-22,5,9,-8,-10,thankyou
21.074876070022583,25,16,18,10,5,0,1,0,-16,-14,17,14,-4,-2,thankyou
21.074876070022583,20,26,21,20,7,-8,-9,-3,-16,-21,14,9,-13,-5,thankyou
21.090870141983032,-4,8,5,3,0,-12,-20,-10,-31,-29,0,1,-28,-17,thankyou
21.090870141983032,-2,3,-2,7,1,-5,-20,-5,-30,-18,6,2,-15,-14,thankyou
21.106866121292114,6,14,3,29,8,2,-8,1,-9,-7,19,2,2,0,thankyou
21.106866121292114,-6,2,3,20,6,18,10,5,1,-1,0,-10,-2,4,thankyou
21.124670028686523,-19,-19,-18,0,1,25,24,4,1,10,-25,-21,-8,2,thankyou
21.13769006729126,-13,-16,-19,8,2,13,20,0,2,15,-29,-15,-3,3,thankyou
21.13769006729126,-10,-1,0,16,2,11,9,-1,2,6,-22,-13,-4,1,thankyou
21.13769006729126,-20,-7,-5,3,-6,10,0,1,5,4,-15,-20,-8,-1,thankyou
21.15371584892273,-21,-12,-6,-9,-13,-2,-8,0,8,2,-13,-15,-5,-4,thankyou
21.15371584892273,-5,-7,-2,-14,-4,-4,0,-1,6,0,-14,-6,0,0,thankyou
21.16976261138916,1,-5,1,-13,-2,2,14,6,6,2,-10,0,1,13,thankyou
21.16976261138916,8,1,7,-4,-2,3,13,8,9,12,1,11,6,20,thankyou
21.18556404113769,23,10,5,6,12,-2,4,1,20,24,22,26,21,22,thankyou
21.18556404113769,21,9,6,7,13,-7,0,0,31,33,33,23,30,18,thankyou
21.20061159133911,9,4,0,4,0,-7,-1,1,35,34,30,15,35,12,thankyou
21.216678380966187,10,8,0,1,0,-6,-4,1,20,21,22,17,27,7,thankyou
21.216678380966187,0,3,-4,-9,1,-10,-8,-1,-15,-14,0,6,-8,-10,thankyou
21.216678380966187,-12,-5,-16,-18,-5,-15,-12,-7,-41,-49,-26,-17,-33,-33,thankyou
21.231987714767456,0,2,0,-17,-7,-16,-11,-6,-35,-39,-12,-5,-12,-22,thankyou
21.231987714767456,4,2,7,-15,-3,-15,-8,2,-20,-11,15,12,5,-5,thankyou
21.24751162528992,-7,-8,-3,-15,-1,-9,-18,1,-24,-25,3,-5,-10,-16,thankyou
21.26355266571045,-6,4,5,6,-1,2,-21,-4,-31,-38,-10,-19,-22,-22,thankyou
21.26355266571045,1,16,7,33,2,11,-2,0,-20,-3,0,-12,-11,-2,thankyou
21.26355266571045,5,0,6,25,9,23,15,6,-1,22,-6,-9,-5,9,thankyou
21.278918981552124,4,-7,1,8,6,35,22,6,20,27,-16,-7,-4,16,thankyou
21.278918981552124,6,0,2,11,-2,30,24,1,42,41,1,1,8,26,thankyou
21.29454207420349,12,4,12,12,-3,5,14,-2,39,35,9,12,17,22,thankyou
21.29454207420349,9,0,2,1,-2,-15,-8,-9,10,1,0,13,10,5,thankyou
21.310863733291622,-2,0,-3,-9,-5,-15,-24,-9,-7,-16,10,11,3,-8,thankyou
21.326416015625,-8,4,-5,-10,0,-9,-14,-4,-9,-21,21,9,-1,-13,thankyou
21.326416015625,-10,8,-8,1,8,-12,0,4,-11,-23,8,2,-10,-14,thankyou
21.340863466262817,-21,-2,-4,9,9,3,8,10,-2,-11,-8,-12,-13,-14,thankyou
21.340863466262817,-27,-21,-12,0,7,25,24,4,15,8,-11,-19,-5,-5,thankyou
21.35755825042725,-10,-16,0,-4,8,24,45,1,25,23,-5,-9,7,10,thankyou
21.35755825042725,6,-3,8,0,0,12,40,5,26,25,-4,-2,19,23,thankyou
21.35755825042725,0,-20,-11,-18,-19,-7,10,0,12,9,-22,-12,9,12,thankyou
21.373535871505737,-8,-31,-12,-40,-26,-27,-14,-8,-9,-13,-35,-14,-9,-4,thankyou
21.373535871505737,9,-9,-1,-24,-10,-22,-20,-4,-9,-14,-11,0,0,0,thankyou
21.387895107269287,25,8,6,-11,-2,-13,-22,2,0,1,14,24,18,15,thankyou
21.4040162563324,18,11,5,-14,0,-17,-27,0,-2,6,17,30,7,6,thankyou
21.4040162563324,13,17,3,6,14,-11,-25,-4,-10,-5,14,17,-2,-8,thankyou
21.4040162563324,9,24,15,27,23,6,-21,-4,-20,-16,15,9,-2,-12,thankyou
21.41856360435486,-5,17,2,13,8,0,-21,-4,-34,-17,12,2,-7,-12,thankyou
21.434654235839844,-5,10,-2,2,-3,-15,-15,-3,-33,-9,12,-1,-5,-7,thankyou
21.434654235839844,7,10,10,16,0,-5,-3,1,-13,-1,14,1,2,-1,thankyou
21.450730562210083,0,5,0,14,2,6,-1,3,-3,-8,0,-6,-9,-8,thankyou
21.450730562210083,-18,0,-5,-3,-1,5,-4,5,0,-16,-18,-21,-26,-17,thankyou
21.466723918914795,-15,3,-7,0,-1,11,5,5,14,0,-11,-15,-11,-12,sil
21.466723918914795,-6,6,0,18,3,22,18,4,17,12,2,-5,0,-4,sil
21.48184037208557,-9,0,6,22,6,23,22,1,3,5,0,-4,-5,0,sil
21.48184037208557,-12,-10,-9,8,2,8,20,0,-2,8,-9,-5,-4,0,sil
21.49787473678589,-6,-11,-4,-5,0,5,15,1,0,11,-13,-5,-4,4,sil
21.49787473678589,0,-4,3,2,-1,16,21,4,11,11,-3,0,0,20,sil
21.513018369674683,5,-9,2,8,-7,8,25,-2,24,17,3,6,11,29,sil
21.513018369674683,12,-11,2,-8,-12,-6,12,-3,22,12,-8,4,15,16,sil
21.52855038642884,15,-1,-3,-10,-2,-4,0,2,17,6,-13,-4,14,8,sil
21.52855038642884,16,1,2,7,2,0,0,0,13,15,3,0,16,7,sil
21.543757438659668,5,-9,-3,2,-1,-5,-3,-10,2,11,9,3,12,2,sil
21.543757438659668,-7,-19,-15,-26,-7,-8,-15,-9,-10,-7,-3,-3,5,-3,sil
21.559900045394897,-3,-12,-3,-31,-11,-5,-17,-2,-14,-14,-6,-5,2,-5,sil
21.559900045394897,5,-2,1,-11,-9,-9,-7,0,-6,-5,3,0,4,-1,sil
21.57530188560486,1,3,4,-6,-2,-19,-8,3,1,-3,10,5,5,-3,sil
21.57530188560486,-2,5,1,-13,-3,-21,-14,2,7,-2,10,8,2,-12,sil
21.59142231941223,5,6,1,-12,-4,-12,-8,1,9,-1,12,13,0,-10,sil
21.59142231941223,9,11,12,-6,-2,-4,-2,1,1,-9,7,11,-6,-3,sil
21.60653018951416,1,8,4,2,0,-9,-8,-2,-13,-18,0,4,-11,-3,sil
21.60653018951416,-2,3,4,6,7,-3,-8,-2,-14,-15,0,8,-9,0,sil
21.62218832969665,5,5,8,7,16,16,9,7,0,0,7,13,0,12,sil
21.62218832969665,11,12,2,16,14,15,14,4,3,2,10,5,2,10,sil
21.63795304298401,-1,13,3,14,7,2,-4,-7,-13,-13,4,-3,-4,-2,sil
21.63795304298401,-15,3,-3,4,7,2,-12,-3,-17,-7,4,-5,-3,-7,sil
21.65372490882873,-9,1,-3,7,19,6,-4,6,-8,8,4,-4,3,-5,sil
21.65372490882873,-8,5,-4,10,13,2,-4,3,-9,1,-5,-6,-2,-9,sil
21.66976475715637,-20,-5,-18,3,-7,0,-5,-3,-18,-8,-16,-18,-18,-17,sil
21.66976475715637,-22,-12,-12,4,1,3,-2,0,-19,-7,-19,-21,-26,-19,sil
21.685747623443604,-12,-1,-4,6,25,4,6,3,-12,-7,-19,-15,-20,-13,sil
21.685747623443604,1,3,7,11,33,16,23,3,1,7,-9,-4,-2,2,sil
21.700935125350952,8,-1,11,24,34,27,28,-1,16,26,0,-1,4,17,sil
21.700935125350952,-3,-15,-9,8,-8,6,9,-7,14,11,-14,-16,-9,6,sil
21.715983629226685,-11,-19,-10,-22,-61,-7,0,-2,14,-1,-23,-18,-4,-3,sil
21.715983629226685,0,-18,-4,-23,-28,2,7,3,26,17,4,0,18,7,sil
21.73195219039917,7,-16,0,-19,3,2,3,2,24,26,17,12,17,18,sil
21.73195219039917,15,1,7,-13,-20,-2,4,3,20,21,9,20,23,23,sil
21.74753475189209,29,21,9,6,-8,-3,15,4,37,22,24,27,49,30,sil
21.74753475189209,28,13,10,0,-3,-12,0,0,25,3,22,21,30,12,sil
21.762690782547,10,-1,-6,-21,-49,-24,-25,-7,-17,-20,-6,6,-15,-16,sil
21.762690782547,4,6,0,-9,-40,-23,-21,-9,-27,-21,-4,9,-18,-13,sil
21.77796506881714,9,17,20,6,-2,-11,-8,-3,-9,-21,18,18,1,0,sil
21.77796506881714,4,4,6,0,-15,-9,-11,0,-17,-26,7,3,-1,-10,sil
21.79323387145996,-5,0,2,2,-12,-4,-10,0,-38,-22,-13,-14,-16,-14,sil
21.79323387145996,-8,5,2,21,21,14,9,2,-18,-1,-7,-7,-8,2,sil
21.80887126922608,-4,1,-2,21,25,23,19,8,12,17,0,0,6,10,sil
21.80887126922608,-9,-9,-3,6,21,14,10,6,11,18,-7,-13,4,3,sil
21.823993921279907,-22,-15,-13,-1,27,4,3,-2,6,10,-13,-22,-2,2,sil
21.823993921279907,-12,-12,-8,-10,18,-2,-2,-4,16,9,-1,0,4,6,sil
21.83990812301636,4,-4,-6,-21,6,-11,-9,-6,3,0,8,11,4,-2,sil
21.83990812301636,0,1,-9,-19,8,-14,-16,-6,-22,-27,1,1,-17,-21,sil
21.856016874313354,-9,7,0,-7,14,-5,-20,0,-19,-30,0,-2,-24,-25,sil
21.856016874313354,-5,6,0,0,24,0,-18,3,-2,-12,5,-4,-12,-10,sil
21.87129807472229,-4,1,4,0,17,2,-13,-1,-9,-7,-2,-7,-14,-8,sil
21.87129807472229,-8,0,0,10,0,11,4,0,-17,0,-12,-10,-12,-8,sil
21.886960983276367,-3,-1,-1,20,-1,16,31,6,0,22,-6,-11,5,10,sil
21.886960983276367,4,0,7,9,6,14,30,8,20,24,0,-5,15,21,sil
21.90273118019104,7,0,-3,-3,-4,9,12,0,27,14,6,3,19,15,sil
21.90273118019104,5,-3,0,-7,-20,-3,1,-1,18,13,15,9,20,10,sil
21.91832160949707,9,0,5,-7,-19,-17,-6,-1,-1,2,13,16,9,-1,sil
21.91832160949707,12,14,4,0,-9,-15,-13,-3,-15,-19,7,16,-2,-14,sil
21.93298840522766,4,17,10,11,-2,-1,-12,-2,-17,-25,5,4,-5,-9,sil
21.94897961616516,0,0,4,18,0,6,-5,0,-9,-3,-3,-5,-6,-3,sil
21.94897961616516,8,0,5,23,5,14,10,0,3,14,-12,1,-7,3,sil
21.94897961616516,9,8,13,23,10,16,30,4,11,19,-10,6,0,15,sil
21.96567249298096,-3,-3,-2,5,0,0,22,4,0,14,-11,-7,0,11,sil
21.96567249298096,-15,-17,-13,-21,-18,-7,1,0,0,7,-18,-16,-6,0,sil
21.979766368865967,-13,-18,-23,-26,-21,-1,0,0,24,13,-11,-7,0,8,sil
21.99810719490052,-3,-16,-10,-13,-13,-6,0,3,30,17,-4,3,7,16,sil
21.99810719490052,2,-3,4,-9,0,-9,-4,1,16,5,5,12,5,2,sil
21.99810719490052,6,6,-6,-14,8,-7,-4,-2,20,0,27,21,15,0,sil
22.0125572681427,5,8,-3,-15,0,-11,-7,-2,10,-3,26,13,17,0,sil
22.0125572681427,-5,3,-2,-12,-8,-16,-19,-6,-24,-23,8,-7,0,-19,sil
22.026137351989743,-7,-1,0,-9,-4,-14,-24,-3,-40,-40,3,-10,-6,-27,sil
22.041775703430176,3,2,9,-1,0,-1,-18,4,-28,-32,1,-2,-5,-10,sil
22.041775703430176,3,7,4,10,-1,4,-10,0,-25,-18,-5,-12,-12,-4,sil
22.05685520172119,-5,0,7,14,0,5,-10,-4,-32,-18,-10,-17,-17,-10,sil
22.05685520172119,-14,-5,0,15,6,11,0,1,-25,-11,-17,-13,-13,-7,sil
22.071752309799194,-12,-2,-3,19,15,18,19,1,-6,8,-18,-14,-10,-1,sil
22.071752309799194,2,3,8,18,15,24,26,-1,11,23,-7,-3,-3,1,sil
22.092801094055176,6,0,3,6,6,20,19,0,21,20,-7,3,4,11,sil
22.092801094055176,-1,-3,1,-2,0,6,14,3,23,16,-12,2,0,21,sil
22.092801094055176,2,-2,0,-7,-5,-6,6,0,27,19,-1,1,0,16,sil
22.1028380393982,6,-3,-5,-19,-11,-12,-5,-3,25,18,8,10,7,4,sil
22.11828756332397,11,4,1,-16,-3,-9,-9,1,18,12,20,28,19,10,sil
22.11828756332397,30,18,7,6,9,-7,-5,7,16,8,41,46,33,29,sil
22.13402509689331,36,21,15,6,7,-12,-8,4,4,-3,38,38,24,19,sil
22.13402509689331,4,9,3,-4,0,-10,-10,-1,-19,-26,7,-2,-11,-17,sil
22.149669408798218,-23,-4,-9,6,2,4,0,-2,-26,-29,-13,-31,-30,-34,sil
22.149669408798218,-19,-9,-3,17,10,16,16,2,-7,-2,-13,-20,-11,-19,sil
22.1650071144104,-12,-15,-13,7,2,7,17,0,4,14,-13,-13,0,-2,sil
22.1650071144104,-16,-14,-10,0,-4,0,5,-3,-1,9,-23,-21,-5,-1,sil
22.180662870407104,-10,-6,-1,1,5,5,9,-1,0,9,-18,-10,0,-2,sil
22.180662870407104,3,-3,-3,-4,10,0,7,0,8,10,-3,0,7,0,sil
22.196632862091064,5,0,-1,-14,0,-14,-16,0,2,1,4,2,5,0,sil
22.196632862091064,6,8,0,-7,0,-14,-22,6,7,4,25,18,16,2,sil
22.212384462356567,12,12,11,0,8,-3,-9,5,11,9,38,25,21,6,sil
22.212384462356567,1,12,9,4,4,0,-7,-1,-16,-9,5,-4,-10,-4,sil
22.228090286254883,-16,3,-7,10,-3,0,-5,-4,-40,-31,-35,-32,-40,-17,sil
22.228090286254883,-20,-9,-4,9,-4,7,1,-1,-26,-26,-41,-31,-37,-11,sil
22.243881702423096,-18,-23,-15,-3,-12,3,4,-4,-11,-15,-33,-31,-26,-8,sil
22.243881702423096,-16,-23,-16,-19,-24,0,4,-5,-6,-11,-26,-22,-17,-11,sil
22.26014351844788,-2,-8,1,-19,-16,9,8,0,12,6,0,1,7,6,sil
22.26014351844788,12,0,5,-4,0,3,8,4,30,28,28,21,32,26,sil
22.275749444961548,15,1,7,-4,-6,-12,0,2,21,17,26,26,25,18,sil
22.275749444961548,10,1,3,-19,-18,-18,-15,-3,6,-1,19,20,14,4,sil
22.294160842895508,16,9,7,-13,-13,-16,-22,0,7,0,32,24,23,7,sil
22.294160842895508,19,19,15,8,-6,-9,-16,9,8,1,36,31,20,9,sil
22.30818223953247,9,14,9,18,-8,0,-6,0,-12,-11,12,20,-6,0,sil
22.30818223953247,7,14,14,22,-1,8,-3,-8,-30,-19,-8,5,-18,-5,sil
22.32409191131592,11,15,5,23,18,19,5,0,-18,-6,-15,-1,-10,1,sil
22.32409191131592,0,1,-5,14,28,29,21,4,2,8,-23,-11,-8,3,sil
22.34010434150696,-15,-10,-8,15,22,32,33,0,11,18,-22,-17,-3,-1,sil
22.34010434150696,-14,-10,-13,15,15,16,32,1,19,26,-4,-11,10,3,sil
22.35567355155945,-7,-8,-3,-10,10,-1,20,7,21,22,-4,-2,16,8,sil
22.35567355155945,-10,-15,-6,-28,1,-12,1,-2,15,9,-15,-7,13,1,sil
22.37173295021057,-12,-16,-6,-22,-9,-22,-19,-6,7,-4,-10,-17,4,-8,sil
22.37173295021057,1,0,7,-13,-4,-19,-25,2,2,-8,6,-3,-2,-11,sil
22.387843370437626,17,15,0,0,15,-9,-7,0,0,-7,18,11,0,-9,sil
22.387843370437626,11,12,0,7,16,-3,0,-4,-10,-20,10,2,-5,-13,sil
22.40393137931824,2,12,3,16,8,1,-2,0,-21,-20,-1,-13,-16,-15,sil
22.40393137931824,6,17,7,34,16,12,6,4,-12,3,1,-2,-10,-1,sil
22.419941902160645,-3,0,7,26,11,18,14,1,-7,9,2,7,-5,4,sil
22.419941902160645,-25,-24,-17,-10,-16,5,1,-2,-10,1,-13,-11,-13,-1,sil
22.43566131591797,-9,-20,-10,-19,-19,-2,-2,0,1,16,-17,-15,-6,8,sil
22.43566131591797,10,-3,6,-3,-5,0,5,3,22,25,0,3,8,24,sil
22.45085120201111,0,-8,0,-14,-14,-10,-2,-3,17,6,10,10,8,15,sil
22.45085120201111,-5,-10,-2,-33,-22,-22,-21,-9,0,-14,8,8,1,-2,sil
22.46629238128662,0,-2,-5,-27,-17,-18,-25,-8,-18,-28,11,9,-11,-13,sil
22.46629238128662,-4,7,-1,-11,-17,-18,-24,0,-27,-33,8,3,-28,-20,sil
22.48195958137512,-8,13,1,3,-9,-12,-16,2,-18,-19,3,-2,-11,-17,sil
22.48195958137512,0,12,4,22,5,6,0,0,-2,-1,5,0,19,-2,sil
22.49759078025818,3,5,11,26,4,22,17,2,5,10,0,-1,14,11,sil
22.49759078025818,-3,-7,-4,10,1,23,27,5,13,24,-11,-12,-12,15,sil
22.513071537017822,-5,-15,-7,-8,5,13,21,3,17,19,-16,-12,-4,13,sil
22.513071537017822,4,-7,-2,-12,3,0,10,5,21,5,-6,5,50,16,sil
22.52858018875122,11,-2,-9,-14,-7,-11,1,6,25,0,1,12,63,11,sil
22.52858018875122,8,-4,3,-26,-13,-14,-10,0,7,-10,0,11,2,-10,sil
22.543985843658447,13,2,11,-12,0,-11,-13,-7,-14,-22,8,19,-23,-15,sil
22.543985843658447,17,18,12,12,14,-8,-10,-2,-24,-16,18,21,0,-4,sil
22.55961012840271,3,21,8,17,13,-3,-12,2,-21,-4,12,3,-1,-11,sil
22.55961012840271,-9,9,-2,18,11,7,-5,-2,-13,-4,-3,-13,-20,-17,sil
22.575549125671387,-8,1,0,21,13,25,5,-2,-11,-3,-21,-16,-25,-11,sil
22.575549125671387,-10,-1,-4,17,6,20,6,1,-14,7,-31,-21,-22,-7,sil
22.59051728248596,-8,2,2,24,6,7,2,0,-2,20,-16,-15,-10,0,sil
22.59051728248596,-5,6,7,28,13,12,6,-1,10,19,4,-5,0,8,sil
22.6056706905365,-14,-3,-12,7,3,11,15,0,8,10,3,-11,-1,4,sil
22.6056706905365,-11,-7,-6,-3,-2,4,20,6,7,14,0,-10,0,5,sil
22.620935201644897,4,0,6,9,3,3,16,3,13,21,6,3,7,19,sil
22.621318578720093,4,-12,-2,-3,-4,-3,0,-8,2,0,-2,6,5,18,sil
22.63618898391724,-3,-23,-14,-35,-18,-11,-5,-3,-2,-16,-6,4,1,6,sil
22.63618898391724,2,-10,-9,-29,-8,-8,2,8,25,4,11,14,15,6,sil
22.65177845954895,16,2,16,-8,-1,-4,8,6,37,13,15,17,20,13,sil
22.65177845954895,16,0,7,-11,-9,-9,0,-3,16,0,7,10,13,10,sil
22.667585611343384,9,0,-3,-18,-2,-14,-10,-6,10,1,16,14,14,5,sil
22.667585611343384,9,7,6,-12,6,-8,-13,-3,18,10,23,20,14,3,sil
22.68275547027588,11,3,-2,-10,-4,-10,-17,0,0,0,7,2,-3,-6,sil
22.68275547027588,5,-3,-1,-13,-12,-17,-24,0,-27,-26,-3,-1,-18,-16,sil
22.698842525482178,0,0,5,-4,-2,-10,-11,-1,-22,-36,4,6,-9,-12,sil
22.698842525482178,3,6,2,0,1,0,3,0,-8,-16,4,-1,-3,-8,sil
22.71487307548523,3,12,7,8,3,4,0,0,-16,-4,-4,-11,-13,-11,sil
22.71487307548523,-4,6,0,21,11,4,1,-4,-22,-13,-9,-8,-12,-7,sil
22.73110628128052,-19,-3,-3,13,5,5,2,0,-21,-16,-17,-14,-10,-6,sil
22.73110628128052,-26,-2,-7,1,-6,5,-9,4,-26,-10,-20,-26,-16,-16,sil
22.746585369110107,-11,3,-7,15,0,8,-4,0,-17,-3,-9,-17,-7,-15,sil
22.746585369110107,-1,1,1,23,10,17,17,0,4,11,-3,-1,8,0,sil
22.76267433166504,-19,-10,-9,6,3,12,22,0,11,24,-7,-2,2,2,sil
22.76267433166504,-31,-13,-9,-6,-5,5,12,0,3,16,-14,-11,-13,-10,sil
22.778316259384155,-18,-8,-5,-9,-5,11,9,0,5,7,-21,-11,-11,-14,sil
22.778316259384155,-4,-8,-7,-6,-3,7,2,0,11,11,-18,-7,0,0,sil
22.79359340667725,0,-1,1,0,-2,-3,-6,0,13,14,-6,-1,8,11,sil
22.79359340667725,4,2,0,-4,-3,-10,-6,0,15,8,2,5,13,16,sil
22.80970025062561,16,0,1,-19,-13,-17,-9,-3,4,-7,3,12,12,19,sil
22.80970025062561,22,-1,0,-20,-19,-16,-9,-3,1,-12,7,15,9,21,sil
22.825596809387207,20,3,-2,-2,-8,-9,-1,1,15,0,23,18,15,20,thankyou
22.825596809387207,24,19,19,7,11,-4,1,1,9,2,33,28,20,11,thankyou
22.8407883644104,26,22,16,1,20,-4,-7,-1,-19,-17,22,20,7,-1,thankyou
22.8407883644104,18,11,7,8,12,-3,-13,0,-30,-26,6,3,-10,-8,thankyou
22.856886863708496,12,10,14,28,11,0,-4,5,-8,-6,15,2,-6,-3,thankyou
22.856886863708496,6,8,7,21,17,7,5,3,7,9,23,7,3,-1,thankyou
22.872535467147827,-4,0,3,1,15,20,14,0,4,11,12,4,3,-2,thankyou
22.872535467147827,-2,1,1,12,13,26,21,0,8,21,8,-4,5,1,thankyou
22.88855767250061,-3,0,1,25,6,15,13,1,13,27,5,-15,0,1,thankyou
22.88855767250061,-27,-17,-8,5,-9,1,-3,-2,-8,5,-20,-33,-20,-10,thankyou
22.903836488723755,-38,-29,-21,-17,-12,-2,-5,-4,-20,-14,-35,-38,-26,-14,thankyou
22.903836488723755,-15,-15,0,-13,-5,0,2,3,4,0,-14,-8,-4,0,thankyou
22.91988515853882,3,-4,4,0,-8,2,9,7,23,13,2,11,10,15,thankyou
22.91988515853882,4,-3,-4,-6,-14,0,8,0,18,1,-6,4,6,15,thankyou
22.935781955719,9,0,3,-12,-9,-3,5,0,20,4,-10,11,7,10,thankyou
22.935781955719,13,0,0,-4,-1,-6,1,2,23,21,0,21,14,8,thankyou
22.951765775680546,2,-8,-9,-20,-8,-9,-5,-2,6,0,-4,8,4,-1,thankyou
22.951765775680546,-5,-10,-18,-32,-15,-12,-6,-4,-5,-26,-10,7,-6,-9,thankyou
22.96653199195861,8,3,-3,-6,-6,-15,-3,1,-1,-16,0,21,-2,-2,thankyou
22.96653199195861,14,18,13,6,2,-15,-11,-2,-6,-10,9,13,-2,-1,thankyou
22.98265314102173,-1,16,0,-1,4,-17,-15,-11,-22,-19,2,-2,-12,-15,thankyou
22.98265314102173,-7,12,2,5,4,-7,-15,-3,-28,-23,-4,0,-9,-20,thankyou
22.99872040748596,-9,4,0,8,-2,-2,-24,-3,-29,-25,-7,-12,-11,-25,thankyou
22.99872040748596,-24,-8,-10,-6,-12,-10,-35,-12,-37,-25,-22,-37,-31,-38,thankyou
23.01484227180481,-22,-2,-1,4,0,0,-27,-1,-31,-12,-29,-37,-29,-29,thankyou
23.01484227180481,-2,9,-2,27,21,28,5,8,-6,2,-10,-19,2,2,thankyou
23.02994441986084,3,1,0,11,18,32,29,6,9,16,8,-3,19,19,thankyou
23.02994441986084,0,-8,2,-8,5,17,29,3,13,26,6,-1,11,17,thankyou
23.045620441436768,-5,-13,-6,-4,6,9,25,4,14,20,-5,-12,2,10,thankyou
23.045620441436768,-10,-13,-7,-4,4,13,28,5,14,13,-5,-16,3,11,thankyou
23.060786962509155,1,-7,-2,-10,-1,11,27,3,19,22,14,5,19,26,thankyou
23.060786962509155,21,0,13,-7,-1,0,19,4,30,29,38,30,33,35,thankyou
23.07649302482605,12,0,5,-11,-3,-5,14,4,32,22,32,20,21,18,thankyou
23.07649302482605,-3,-4,-12,-15,-10,-4,0,-1,16,9,9,1,-2,-6,thankyou
23.092610836029053,10,6,11,1,-6,-9,-14,-4,-3,-1,10,18,-4,-2,thankyou
23.092610836029053,29,21,24,28,2,-21,-13,-5,-3,-4,30,40,11,19,thankyou
23.10765671730041,22,21,18,29,2,-24,-11,-5,-2,-12,18,27,6,10,thankyou
23.10765671730041,10,16,8,15,5,-9,-13,-1,-12,-19,-4,9,-3,-14,thankyou
23.123721599578857,7,16,1,18,10,-1,-10,7,-13,-13,-3,6,0,-11,thankyou
23.123721599578857,7,18,14,31,5,0,-15,4,-8,-10,4,13,0,-1,thankyou
23.13977122306824,6,13,6,29,3,4,-18,-1,-10,-13,8,10,0,-5,thankyou
23.13977122306824,-4,6,-8,6,7,8,-6,1,-16,-13,0,-8,-5,-9,thankyou
23.155579566955566,-23,-10,-13,-9,0,8,4,2,-18,-9,-26,-30,-19,-13,thankyou
23.155579566955566,-28,-33,-19,-22,-15,2,9,-4,-7,0,-38,-31,-23,-14,thankyou
23.1714415550232,-21,-36,-17,-35,-15,4,15,-4,8,10,-29,-22,-12,-5,thankyou
23.1714415550232,-16,-23,-19,-26,-3,14,16,-4,14,12,-22,-23,-6,-3,thankyou
23.186513662338257,-15,-17,-2,-8,-3,12,5,-5,15,13,-16,-23,-5,-1,thankyou
23.186513662338257,-9,-14,6,-12,-13,0,-1,-1,21,21,-12,-11,-1,6,thankyou
23.20167303085327,-1,-10,-11,-24,-14,-9,-9,0,15,9,-13,-2,3,6,thankyou
23.20167303085327,2,-4,-4,-22,-8,-8,-18,-5,-6,-20,-14,-1,0,-2,thankyou
23.218862056732178,4,-4,0,-17,-6,-10,-16,-2,-19,-26,-5,0,-3,-7,thankyou
23.218862056732178,8,3,3,-11,-3,-15,-11,1,-14,-10,14,13,6,0,thankyou
23.23553276062012,15,23,12,0,4,-5,-6,2,5,4,39,29,24,12,thankyou
23.23553276062012,17,24,4,6,16,0,3,3,21,10,46,24,26,11,thankyou
23.249740600585938,12,17,9,12,16,-1,10,8,6,0,28,11,11,-1,thankyou
23.249740600585938,6,24,7,33,19,4,13,8,-8,-7,12,9,0,-1,thankyou
23.26401233673096,0,18,0,37,20,8,16,3,-2,1,5,6,-3,0,thankyou
23.26401233673096,-7,-2,5,17,8,6,11,0,-2,1,-4,-5,-7,-12,thankyou
23.27966809272766,-16,-9,-1,9,0,7,6,-2,-13,0,-17,-23,-14,-18,thankyou
23.27966809272766,-11,-3,-2,14,0,9,11,-3,-9,6,-22,-22,-15,-7,thankyou
23.29480791091919,-1,-3,-2,13,0,6,17,0,3,5,-16,-9,-6,6,thankyou
23.313151121139526,2,-13,-5,3,-3,3,9,1,11,-2,-14,-3,0,11,thankyou
23.313151121139526,2,-16,1,-12,-11,0,-3,0,12,6,-8,1,2,11,thankyou
23.313151121139526,6,-7,-3,-25,-18,-6,-9,0,3,12,1,7,3,17,thankyou
23.32703185081482,8,0,-3,-23,-18,-17,-16,-1,-8,0,0,10,2,16,thankyou
23.34133505821228,5,0,-3,-19,-12,-16,-22,-7,-7,-6,-3,15,1,2,thankyou
23.34133505821228,7,0,-2,-15,-5,-7,-13,-8,0,-7,7,20,0,-4,thankyou
23.35677194595337,10,10,5,-5,3,0,-5,-3,-11,-18,16,13,0,-5,thankyou
23.35677194595337,2,16,3,9,12,0,-13,0,-26,-22,17,2,1,-7,thankyou
23.371988534927368,-1,17,10,11,11,0,-17,1,-18,-5,21,2,-1,-4,thankyou
23.371988534927368,-3,9,6,9,6,5,-5,2,-6,12,14,-4,-5,-3,thankyou
23.38756489753723,-10,-2,-2,16,10,7,1,1,-10,3,-6,-23,-5,-9,thankyou
23.38756489753723,-10,-3,8,22,12,12,8,5,-6,-1,-14,-22,-2,-1,thankyou
23.40254044532776,-9,-8,-2,11,5,17,26,7,17,22,-6,-12,3,7,sil
23.40254044532776,-15,-16,-9,-4,0,18,32,6,34,35,-4,-13,6,5,sil
23.418142318725582,-16,-13,-6,-10,-5,8,20,2,33,21,-8,-13,4,2,sil
23.418142318725582,-10,-15,-15,-16,-18,-11,1,-4,15,1,-11,-13,-3,-3,sil
23.43380069732666,0,-15,-7,-18,-15,-17,-6,-5,10,-6,-9,-2,0,-3,sil
23.43380069732666,18,2,4,0,0,-5,5,0,30,2,6,13,18,10,sil
23.449841737747192,31,13,11,12,-2,-3,8,-2,26,0,7,22,14,13,sil
23.449841737747192,22,8,6,1,-6,-10,-9,-8,3,-17,-2,22,-2,3,sil
23.465628385543823,10,5,0,-7,-4,-10,-12,0,3,-15,10,24,5,3,sil
23.465628385543823,1,6,3,-14,-5,-7,-14,6,-14,-13,13,16,5,-8,sil
23.48076581954956,-12,0,-9,-15,0,-13,-29,-3,-42,-29,-7,-4,-20,-29,sil
23.48076581954956,-17,0,-9,-2,9,-9,-22,-6,-31,-20,-1,-5,-22,-24,sil
23.49677848815918,-4,8,8,6,11,8,2,4,-8,-1,19,10,0,-6,sil
23.49677848815918,0,3,5,1,8,8,5,4,-16,-5,10,9,3,-1,sil
23.51250982284546,-6,0,5,0,6,2,0,0,-28,-4,-10,-7,-10,-6,sil
23.51250982284546,-8,0,0,7,6,12,7,0,-22,6,-17,-20,-13,-5,sil
23.527530670166016,-1,0,-2,14,5,16,8,0,-15,5,-13,-15,-4,1,sil
23.527530670166016,5,-1,5,10,3,11,5,0,-6,11,-4,-4,3,11,sil
23.54356861114502,5,-4,0,5,5,12,14,4,14,28,2,-3,10,20,sil
23.54356861114502,6,-1,4,13,5,16,20,4,34,33,6,-2,21,22,sil
23.55959534645081,9,5,0,25,1,4,14,0,36,31,7,-1,25,19,sil
23.55959534645081,7,0,-5,6,-7,-15,6,-3,14,19,-1,-2,10,15,sil
23.57498526573181,3,-10,0,-16,-17,-16,0,-1,-2,-4,-7,4,-4,8,sil
23.57498526573181,2,-12,-8,-12,-18,-10,-11,-3,1,-17,-4,7,0,1,sil
23.590544939041138,-6,-7,-7,-16,-15,-13,-17,-4,0,-20,-9,0,0,-5,sil
23.590544939041138,-15,-2,-3,-34,-7,-16,-11,0,-10,-24,-8,-3,-7,-19,sil
23.606589317321777,-5,3,0,-27,-1,-15,-8,3,-7,-25,5,0,-7,-21,sil
23.606589317321777,-2,10,6,-5,-4,-10,-14,3,-4,-22,5,0,-13,-14,sil
23.62150311470032,-13,7,-2,6,0,-4,-9,0,-7,-16,-2,-8,-20,-13,sil
23.62150311470032,-5,8,3,14,14,8,1,2,6,0,0,-6,-7,-9,sil
23.63758897781372,8,12,9,21,16,26,6,4,14,16,10,3,2,3,sil
23.63758897781372,0,0,-2,14,6,23,4,-3,-1,10,2,-3,-10,6,sil
23.652904272079468,-4,-8,-4,6,6,15,12,-3,-4,5,-11,-12,-22,2,sil
23.652904272079468,1,-4,-4,4,13,15,26,2,16,20,-8,-3,-10,6,sil
23.668997526168823,6,-7,1,-1,7,5,25,3,28,26,0,2,6,9,sil
23.668997526168823,7,-10,0,-2,-5,-7,5,3,25,16,4,4,8,9,sil
23.68457221984864,8,0,0,0,-11,-14,-16,6,12,3,11,19,-2,9,sil
23.68457221984864,8,11,9,-8,-11,-19,-27,0,-9,-10,18,29,26,4,sil
23.70062041282653,12,5,-1,-14,-11,-19,-20,-7,-23,-18,25,20,82,0,sil
23.70062041282653,14,5,3,-1,-6,-13,-13,-4,-30,-21,25,12,52,0,sil
23.716645002365112,0,11,11,13,3,-6,-8,1,-26,-18,8,5,-23,-7,sil
23.716645002365112,-13,2,-4,9,9,3,2,1,-7,-1,-8,-11,-31,-18,sil
23.73187708854676,-8,-6,-2,-1,4,14,5,2,-2,4,-12,-18,-10,-13,sil
23.73187708854676,-4,-2,-2,3,4,12,4,-3,-11,0,-12,-13,-14,0,sil
23.74752688407898,-8,1,4,20,10,14,17,-7,-2,11,-16,-7,-10,4,sil
23.74752688407898,-11,-2,3,15,5,19,22,-1,9,23,-20,-11,-5,6,sil
23.763550758361816,-9,-17,-14,-7,-7,7,11,0,3,7,-19,-17,-11,7,sil
23.763550758361816,-4,-14,-5,-19,-6,0,5,0,4,1,-12,-7,-1,6,sil
23.77958583831787,0,-1,-7,-9,4,2,4,0,20,14,-4,1,7,3,sil
23.77958583831787,0,-4,-14,-7,3,-3,-2,0,19,4,0,0,2,-1,sil
23.79475235939026,1,-8,-5,-21,-7,-15,-12,0,0,-18,4,4,0,-9,sil
23.79475235939026,-3,-5,-6,-28,-14,-26,-25,-2,-20,-28,0,8,-6,-19,sil
23.81103038787841,-7,0,2,-20,-14,-29,-35,-7,-32,-37,-2,4,-20,-24,sil
23.81103038787841,9,11,7,0,-7,-11,-24,-3,-20,-28,15,6,-12,-10,sil
23.82602858543396,21,26,9,16,1,2,-2,6,0,-1,24,10,2,5,sil
23.82602858543396,5,24,14,28,10,10,10,12,5,9,8,4,3,6,sil
23.841570138931274,-3,5,0,27,10,16,21,5,13,18,-2,-7,8,12,sil
23.841570138931274,3,0,6,11,8,22,33,3,29,33,-7,-5,13,27,sil
23.85672283172608,4,-2,6,4,6,17,31,0,21,28,-13,-1,4,23,sil
23.85672283172608,1,-10,-4,9,0,2,11,-4,-1,1,-17,-7,-3,4,sil
23.8718740940094,5,-9,-1,0,-8,-2,-1,-5,-3,-12,-10,-4,-3,-2,sil
23.88890051841736,6,-6,-5,-14,-8,-5,-5,-3,10,-5,0,2,-2,0,sil
23.88890051841736,3,-5,0,-11,-6,-15,-15,0,15,3,6,7,4,-1,sil
23.88990020751953,10,0,3,0,-6,-10,-18,3,14,11,15,11,19,3,sil
23.90316867828369,13,5,1,-4,-3,0,-15,0,2,1,24,19,22,9,sil
23.90316867828369,0,7,8,-4,5,0,-16,-1,-15,-10,21,14,7,-2,sil
23.91975569725037,-10,10,-3,10,16,-5,-7,-7,-13,-1,11,-2,-3,-15,sil
23.91975569725037,-12,5,0,8,7,0,2,-1,-12,-2,0,-12,-10,-13,sil
23.935047149658203,-28,-6,-3,0,-2,7,2,1,-27,-15,-15,-20,-24,-16,sil
23.935047149658203,-32,-7,-13,8,8,12,11,-3,-24,-5,-24,-26,-28,-15,sil
23.949742078781128,-12,-2,-1,13,17,18,26,0,0,9,-20,-15,-14,-2,sil
23.949742078781128,-4,-17,-9,0,0,6,19,3,10,7,-5,-6,1,2,sil
23.9664626121521,-5,-21,-8,-12,-10,-9,3,0,15,11,7,4,16,8,sil
23.9812400341034,9,-3,1,-15,-1,-10,1,1,32,17,16,25,27,21,sil
23.9812400341034,19,1,1,-12,-4,-13,-8,2,26,0,19,28,18,10,sil
23.9812400341034,15,6,14,-6,-3,-10,-13,1,3,-13,22,25,8,-4,sil
23.99694967269897,12,15,6,-5,7,-1,0,0,1,0,28,24,16,5,sil
24.01478266716004,8,13,1,-4,3,-6,-2,0,-2,-2,16,7,3,4,sil
24.01478266716004,-2,10,4,13,-3,-9,-12,4,-21,-27,-9,-17,-24,-17,sil
24.01478266716004,-17,1,-10,16,-3,3,-6,0,-33,-28,-28,-32,-31,-20,sil
24.02898025512696,-18,-7,-6,-2,-5,17,-2,-7,-38,-14,-38,-33,-27,-15,sil
24.02898025512696,0,0,0,1,0,18,6,-4,-16,0,-26,-20,-18,-4,sil
24.04499053955078,7,0,-1,6,-6,9,15,3,9,13,-18,-7,0,10,sil
24.04499053955078,4,-9,2,-10,-23,0,1,1,10,14,-30,-12,4,3,sil
24.059911966323853,10,-6,-5,-14,-21,-1,-11,-4,5,7,-29,-14,0,-2,sil
24.075401544570923,20,-5,-2,-16,-19,0,-13,0,0,0,-14,5,15,11,sil
24.075401544570923,19,-5,5,-19,-12,-5,-9,3,2,0,5,23,25,16,sil
0.0391521453857421,16,15,13,5,12,-12,0,2,19,8,38,32,17,11,sil
0.0391521453857421,14,31,15,27,27,-6,0,1,24,20,52,32,18,16,sil
0.0543487071990966,6,16,12,22,29,-6,0,-2,13,14,36,19,13,10,sil
0.0543487071990966,-2,0,11,13,23,-4,0,0,0,-7,23,10,-3,-5,sil
0.0700438022613525,-7,-6,-8,9,7,6,7,4,-5,-7,17,6,-5,-1,sil
0.0700438022613525,-19,-6,-12,0,1,4,12,0,-9,1,-1,-5,-7,0,sil
0.0859341621398925,-27,-13,-9,-8,1,-5,7,-6,-16,-10,-15,-18,-20,-14,sil
0.0859341621398925,-21,-24,-14,-10,-6,-1,-4,-6,-8,-17,-10,-19,-17,-17,sil
0.1016497611999511,-19,-14,0,-6,-7,10,-8,-1,1,-5,-7,-16,-7,-15,sil
0.1016497611999511,-9,2,0,11,7,20,6,2,5,7,-5,-6,0,0,sil
0.1167473793029785,9,3,4,23,13,21,22,5,9,11,0,0,7,20,thankyou
0.1167473793029785,-2,-10,-2,-2,-2,7,15,-3,6,1,-17,-16,-5,5,thankyou
0.1328263282775879,-18,-16,-24,-30,-13,-11,1,-9,-2,-11,-36,-25,-24,-20,thankyou
0.1328263282775879,8,5,2,-17,-2,-13,0,6,5,-8,-7,7,-7,-4,thankyou
0.1498110294342041,21,17,9,0,0,-13,-3,6,15,7,26,30,18,9,thankyou
0.1498110294342041,5,8,-2,-8,-3,-16,-14,-5,0,2,25,17,15,-4,thankyou
0.1643610000610351,3,12,12,-1,6,0,-6,0,-8,-5,17,9,3,-4,thankyou
0.1799614429473877,1,16,7,21,5,12,8,6,1,9,11,0,6,7,thankyou
0.1799614429473877,-8,1,1,16,0,12,11,5,11,24,0,-13,7,2,thankyou
0.1799614429473877,-10,-9,-6,5,0,11,10,4,15,22,-12,-19,0,-5,thankyou
0.1959543228149414,-12,-11,-13,-3,-8,8,1,-1,3,10,-21,-22,-8,-2,thankyou
0.1959543228149414,-9,-13,-5,-16,-14,2,-8,-3,-8,2,-23,-16,-1,3,thankyou
0.21087646484375,6,-10,-7,-13,-11,-8,-10,-5,-4,1,-11,0,8,7,thankyou
0.21087646484375,17,3,5,-4,-14,-23,-18,-6,-15,-14,0,19,3,2,thankyou
0.2280681133270263,22,12,10,-1,-15,-23,-27,-4,-34,-34,11,27,0,-1,thankyou
0.2280681133270263,28,9,7,-2,-4,-16,-25,-1,-36,-35,17,26,5,0,thankyou
0.2420036792755127,18,11,12,-3,3,-11,-18,0,-30,-22,9,20,1,0,thankyou
0.2420036792755127,1,13,0,4,0,-9,-17,0,-18,-12,6,6,-5,-4,thankyou
0.2571494579315185,4,11,6,11,5,-1,-13,0,-5,-12,11,0,-7,-4,thankyou
0.2571494579315185,10,10,10,13,21,7,11,2,7,-2,12,0,-1,2,thankyou
0.2738394737243652,-3,1,0,12,19,13,24,3,15,10,0,-4,0,7,thankyou
0.2738394737243652,-13,-10,3,8,5,22,20,5,20,18,-10,-12,-9,7,thankyou
0.2880046367645263,-4,-16,-9,5,7,28,40,6,42,30,-5,-9,-3,13,thankyou
0.3033521175384521,-8,-17,-12,-3,9,20,48,3,48,30,-7,-8,2,11,thankyou
0.3033521175384521,-28,-22,-12,-13,-2,9,22,0,17,12,-25,-23,-12,-10,thankyou
0.3209123611450195,-30,-22,-23,-11,-7,4,7,1,1,4,-29,-28,-18,-17,thankyou
0.3209123611450195,-14,-11,-8,-13,-9,3,3,5,19,2,-20,-6,1,-1,thankyou
0.3209123611450195,-3,-1,-4,-19,-4,-5,-5,-1,24,-1,-4,6,12,0,thankyou
0.3364591598510742,7,10,0,-5,5,-17,-13,-3,2,-1,21,11,12,-5,thankyou
0.3364591598510742,16,23,16,12,8,-14,-14,-1,-9,-2,35,21,11,1,thankyou
0.3507616519927978,10,19,12,12,5,-9,-15,-5,-14,-16,14,8,1,-4,thankyou
0.3657011985778808,1,12,14,11,6,-7,-19,-5,-22,-16,-4,-2,-4,-14,thankyou
0.3657011985778808,7,16,11,18,5,0,-14,0,-21,7,13,7,7,0,thankyou
0.3808085918426513,10,14,11,21,4,9,-8,0,-22,13,24,12,8,9,thankyou
0.3808085918426513,-1,2,4,12,6,7,0,-1,-29,-3,2,0,-2,0,thankyou
0.3960645198822021,-3,-6,-6,-1,1,-3,9,-2,-19,0,-4,0,5,4,thankyou
0.3960645198822021,5,-7,8,-7,-5,-1,11,0,-1,17,6,4,16,9,thankyou
0.411212682723999,-4,-13,0,0,-10,3,7,0,0,6,0,-3,0,-2,thankyou
0.411212682723999,-15,-20,-17,-6,-22,-7,0,-1,-2,-8,-15,-13,-15,-4,thankyou
0.4267480373382568,-3,-13,-14,-23,-23,-9,0,3,18,6,-10,-12,0,9,thankyou
0.4267480373382568,0,-5,-17,-22,-6,0,0,5,35,10,-9,-13,10,6,thankyou
0.4423370361328125,-6,-6,-9,-12,-4,0,-2,0,14,-18,-32,-11,-8,-9,thankyou
0.4423370361328125,-3,-8,-8,-10,-13,-11,-8,-1,-2,-26,-30,-1,-19,-8,thankyou
0.4580926895141601,9,1,-3,-13,-8,-14,-16,-1,2,-13,3,12,-6,0,thankyou
0.4580926895141601,15,11,5,-10,0,-10,-17,-2,0,-17,15,18,-4,-3,thankyou
0.4731192588806152,5,7,-7,-5,-1,-7,-8,-4,-13,-23,5,2,-13,-11,thankyou
0.4731192588806152,0,6,4,-5,0,0,-4,0,-11,-14,9,2,-6,-4,thankyou
0.4890706539154053,14,19,17,13,14,6,-1,5,0,-3,29,22,9,5,thankyou
0.4890706539154053,12,21,9,33,22,6,0,3,-7,0,30,14,3,5,thankyou
0.5043182373046875,-13,9,3,15,15,16,1,-1,-20,0,2,-13,-12,-4,thankyou
0.5043182373046875,-24,-3,-6,1,7,21,10,1,-13,7,-22,-23,-10,-9,thankyou
0.5199520587921143,-12,-7,4,25,7,16,18,10,5,22,-15,-15,1,-6,thankyou
0.5199520587921143,-6,2,15,40,13,20,23,7,26,34,8,-4,12,7,thankyou
0.5351228713989258,0,7,8,21,11,21,23,0,30,38,8,2,17,16,thankyou
0.5351228713989258,10,-2,10,1,-1,9,15,-5,10,30,-4,2,12,14,thankyou
0.5502262115478516,4,-17,-2,-6,-8,0,13,-7,0,19,-7,-3,9,14,thankyou
0.5502262115478516,-7,-15,-5,-17,-8,-7,8,-5,3,2,-18,-6,1,7,thankyou
0.5663127899169922,1,-4,-3,-16,-7,-12,0,0,5,-3,-19,-1,1,0,thankyou
0.5663127899169922,18,-6,1,-8,-1,-12,-2,1,18,12,3,12,17,13,thankyou
0.5820126533508301,8,-13,1,-19,0,-8,-10,2,20,16,8,13,20,13,thankyou
0.5820126533508301,-6,-10,-18,-30,-6,-12,-28,0,-2,-8,-1,3,6,-1,thankyou
0.5981442928314209,-2,4,-9,-21,-6,-17,-28,-1,-14,-27,7,5,0,-5,thankyou
0.5981442928314209,3,6,0,-10,-5,-14,-8,-2,-6,-33,5,2,-7,-13,thankyou
0.6130509376525879,2,0,-10,-8,-8,-12,0,0,-8,-42,-8,-5,-17,-24,thankyou
0.6130509376525879,6,15,4,1,0,-10,-2,6,-13,-32,14,9,-6,-11,thankyou
0.6300942897796631,-1,19,0,5,4,-13,-7,1,-16,-13,31,5,-5,-7,thankyou
0.6300942897796631,-19,0,-9,-1,-6,-14,-15,-8,-33,-29,-8,-21,-36,-28,thankyou
0.6448855400085449,-16,0,0,5,-2,-1,-12,-2,-34,-33,-24,-18,-42,-25,thankyou
0.6448855400085449,-6,4,2,13,9,7,0,3,-7,0,2,-2,-16,0,thankyou
0.6606771945953369,-8,0,7,12,6,12,9,3,6,18,7,-5,-3,2,thankyou
0.6606771945953369,3,4,8,32,10,20,19,1,7,24,11,0,10,8,thankyou
0.6770060062408447,17,9,10,40,17,24,22,0,16,40,17,15,23,24,thankyou
0.6770060062408447,8,0,6,14,6,22,7,-1,18,38,-5,7,14,17,thankyou
0.6915297508239746,-1,-10,-5,0,-1,15,4,2,8,26,-18,-5,9,3,sil
0.6915297508239746,0,-10,2,-4,-2,5,14,5,4,16,-16,-6,4,1,sil
0.7070703506469727,-1,-9,-2,-13,-7,2,14,1,13,2,-27,-5,-5,3,sil
0.7070703506469727,4,-5,-3,-9,-11,1,9,-1,27,9,-14,1,6,12,sil
0.7246952056884766,10,-3,4,-12,-10,0,2,0,23,19,9,9,27,22,sil
0.7246952056884766,3,-5,-6,-20,-9,-5,-13,-4,-1,-7,-2,2,16,10,sil
0.7397286891937256,4,0,0,-13,-9,-14,-25,-9,-24,-33,-6,4,1,-2,sil
0.7397286891937256,12,6,0,-6,-4,-11,-17,-3,-9,-16,25,19,13,2,sil
0.7558979988098145,11,11,-4,-4,5,-4,-11,5,5,0,34,15,15,4,sil
0.7558979988098145,1,18,6,6,8,-7,-11,5,-2,-9,13,-1,-3,-8,sil
0.7699930667877197,-11,11,-1,9,1,-11,-5,-1,-15,-15,4,-12,-15,-17,sil
0.7699930667877197,-25,-4,-8,-2,4,1,0,-1,-21,-13,0,-11,-20,-20,sil
0.7847640514373779,-28,-13,-5,0,9,11,9,2,-22,-11,-12,-16,-25,-20,sil
0.7847640514373779,-19,-16,-4,6,-1,3,14,0,-7,-3,-18,-25,-21,-10,sil
0.7998538017272949,-8,-14,-2,3,-1,0,7,-5,13,15,-9,-14,-9,4,sil
0.8150126934051514,0,-10,-4,0,10,9,4,-1,21,24,-1,0,1,13,sil
0.8150126934051514,3,-6,1,-4,3,8,10,2,18,8,-6,-2,2,8,sil
0.8307263851165771,12,2,1,-8,-4,-6,9,0,19,0,0,1,7,4,sil
0.8307263851165771,18,8,2,-11,0,-19,-2,1,15,3,16,19,14,3,sil
0.8461170196533203,4,-4,2,-26,-19,-26,-16,0,-9,-12,4,8,-2,-13,sil
0.8461170196533203,-7,-12,-16,-35,-35,-31,-26,-6,-30,-39,-18,-10,-25,-27,sil
0.8617444038391113,6,18,7,-1,-6,-16,-29,0,-26,-38,-10,5,-14,-12,sil
0.8617444038391113,24,42,36,45,21,5,-17,8,-7,-5,23,34,11,9,sil
0.8777518272399902,24,28,22,48,23,12,-1,5,10,28,42,33,25,19,sil
0.8777518272399902,17,19,13,29,23,17,13,4,8,32,23,15,22,20,sil
0.8928432464599609,4,10,3,27,19,29,23,0,-4,14,-2,-1,10,12,sil
0.8928432464599609,-10,-11,-3,14,2,26,24,-4,-5,5,-13,-10,-1,1,sil
0.9088537693023682,-15,-18,-14,-14,-9,14,27,0,13,13,-19,-13,-4,0,sil
0.9088537693023682,-12,-17,-23,-20,-4,12,35,6,24,22,-22,-19,-1,5,sil
0.9236829280853271,-8,-21,-8,-6,4,11,26,3,11,14,-18,-18,0,1,sil
0.9236829280853271,-12,-17,-10,-11,-4,0,1,-6,-4,-4,-16,-18,-2,-6,sil
0.9391520023345948,-12,-10,-9,-18,-12,-8,-13,-8,-3,-11,-19,-17,-6,-7,sil
0.9391520023345948,4,-1,3,5,4,-9,-9,-2,9,1,-7,0,5,3,sil
0.9551894664764404,17,4,6,14,10,-16,-11,-3,3,0,10,16,10,13,sil
0.9551894664764404,0,-1,2,-16,-18,-21,-32,-3,-16,-17,11,8,-12,0,sil
0.9707117080688475,-20,-10,-13,-35,-32,-17,-39,0,-19,-23,0,-4,-17,-18,sil
0.9707117080688475,-9,0,-8,-22,-10,-9,-21,0,-10,-13,4,4,0,-13,sil
0.986731767654419,10,19,9,2,14,-2,-8,1,-6,-8,22,15,0,-3,sil
0.986731767654419,5,23,5,21,11,0,-8,1,-5,-10,16,-1,-8,-12,sil
1.0026633739471436,-14,3,5,15,-4,8,-2,0,-8,-10,-7,-21,-5,-21,sil
1.0026633739471436,-17,-11,-3,8,3,24,17,0,0,6,-2,-14,0,-5,sil
1.018157958984375,3,-6,0,22,16,21,29,0,18,23,10,3,1,19,sil
1.018157958984375,13,-5,9,13,-4,3,12,-1,25,17,0,11,11,23,sil
1.0340821743011477,4,-15,-9,-28,-22,-12,-8,1,13,4,0,10,18,7,sil
1.0340821743011477,8,0,-1,-40,-5,-15,-10,5,0,-3,22,18,11,0,sil
1.050117254257202,16,27,16,7,19,-6,-1,6,0,-1,29,25,5,5,sil
1.050117254257202,8,22,12,33,19,2,6,5,3,5,9,11,0,9,sil
1.065103530883789,-1,-2,5,6,3,9,16,0,-3,6,-15,-9,-4,4,sil
1.065103530883789,-12,-17,-12,-11,-1,8,19,-6,-10,0,-29,-28,-6,-5,sil
1.0808916091918943,-13,-11,-11,-7,-1,-3,10,-7,0,0,-26,-24,-8,-12,sil
1.0808916091918943,3,0,-3,-10,-8,-16,1,-3,13,0,-7,-1,0,-3,sil
1.0962307453155518,18,5,0,-17,-9,-13,-4,2,3,-3,8,19,6,4,sil
1.0962307453155518,15,17,16,1,7,1,-5,7,-13,-6,18,23,5,0,sil
1.1121313571929932,9,26,15,34,17,10,1,0,-18,-3,8,5,3,-3,sil
1.1121313571929932,-3,5,0,31,0,7,0,-5,-23,-10,-35,-19,-16,-4,sil
1.1272578239440918,-22,-25,-18,-7,-13,3,-9,0,-19,-11,-56,-29,-37,-9,sil
1.1272578239440918,-14,-20,-14,-22,-7,-3,-10,4,4,6,-18,-11,-12,0,sil
1.142367601394653,8,6,7,-3,-5,-7,-7,4,19,9,19,14,17,14,sil
1.142367601394653,9,6,0,10,-1,-6,-14,-2,3,-9,22,18,4,0,sil
1.158447504043579,-5,-1,-1,6,9,-2,-14,-6,-13,-13,16,2,-11,-16,sil
1.158447504043579,-5,0,1,4,10,7,7,0,-5,2,12,-7,2,1,sil
1.173675775527954,-2,-8,-6,0,0,12,17,4,6,7,0,-10,11,19,sil
1.173675775527954,-10,-20,0,-8,-3,7,5,0,6,2,-7,-8,0,6,sil
1.1888632774353027,-1,-8,3,0,-3,0,6,-2,23,13,1,-5,4,0,sil
1.1888632774353027,14,3,3,2,-11,-3,8,2,39,21,13,5,22,5,sil
1.204394817352295,5,1,-3,-20,-11,-12,-11,-1,14,4,16,15,19,0,sil
1.204394817352295,-5,2,-8,-27,1,-16,-31,-6,-15,-14,13,4,0,-9,sil
1.2212212085723877,0,15,11,9,10,0,-21,1,-15,-13,2,-3,-2,-9,sil
1.2212212085723877,-5,11,3,32,10,17,6,6,-13,-6,-8,-5,0,-8,sil
1.235762596130371,-20,-7,-8,9,9,16,20,-1,-17,-4,-21,-10,-12,-10,sil
1.235762596130371,-21,-10,-7,-3,7,15,21,-4,-1,8,-23,-13,-17,-6,sil
1.2516400814056396,-6,-5,-11,0,0,13,24,-2,20,24,-6,-3,1,9,sil
1.2516400814056396,12,-5,3,-10,-5,2,18,2,31,19,11,12,17,19,sil
1.2676608562469482,25,2,10,-12,-3,-12,6,5,26,12,24,29,20,13,sil
1.2676608562469482,23,14,9,-1,0,-24,-2,0,0,4,28,32,14,4,sil
1.2826788425445557,8,11,5,-6,-9,-23,-18,-2,-32,-20,16,14,-6,-3,sil
1.2826788425445557,0,6,-1,0,-11,-11,-27,2,-40,-32,0,-4,-19,-12,sil
1.2987892627716064,2,15,10,21,3,2,-15,7,-26,-8,0,-6,-8,-6,sil
1.2987892627716064,-2,8,-1,12,7,6,-4,0,-13,7,-6,-11,-7,0,sil
1.3144199848175049,-13,-8,-15,-5,0,5,-5,-7,-11,-4,-27,-23,-24,-4,sil
1.315418720245361,-7,-13,0,-3,0,10,7,-4,1,-8,-30,-15,-15,0,sil
1.3311026096343994,7,-11,0,-2,-1,1,15,2,30,6,-3,2,12,18,sil
1.3311026096343994,14,0,0,-11,-8,-14,-4,2,24,0,12,13,14,10,sil
1.34600567817688,6,8,-1,-9,0,-14,-17,-7,-6,-20,7,7,-5,-12,sil
1.34600567817688,-9,0,-3,0,5,1,-6,-5,-16,-20,-5,-11,-17,-14,sil
1.3617196083068848,-18,-8,6,9,0,18,3,4,-9,-6,-18,-19,-17,-3,sil
1.3617196083068848,-10,-11,-3,8,2,19,7,1,-1,2,-23,-16,-5,0,sil
1.3771991729736328,-2,-14,-3,-2,4,10,15,0,9,5,-26,-12,0,-2,sil
1.3771991729736328,-3,-11,-3,-2,-1,8,21,2,20,14,-23,-13,0,0,sil
1.3939106464385986,-1,-4,-3,1,-7,5,10,0,24,22,0,-2,6,4,sil
1.3939106464385986,6,0,5,-6,-6,-7,-2,0,22,18,29,18,21,8,sil
1.408355951309204,13,10,7,-10,2,-18,0,3,12,12,43,30,35,12,sil
1.425461769104004,21,26,16,1,12,-9,2,0,5,12,48,35,39,16,sil
1.425461769104004,23,29,13,16,11,-5,-8,-4,1,6,41,33,24,9,sil
1.425461769104004,9,19,3,22,5,-14,-21,-6,-15,-9,16,17,-2,-6,sil
1.4412879943847656,-6,10,8,21,2,-8,-18,-2,-32,-15,-4,-3,-16,-19,sil
1.4412879943847656,-22,-5,-10,5,-2,3,-7,0,-27,-8,-16,-23,-22,-19,sil
1.4569623470306396,-31,-18,-17,-8,-8,8,-6,1,-23,-7,-28,-31,-27,-12,sil
1.4569623470306396,-20,-11,-6,0,-3,15,-3,1,-17,-1,-21,-18,-15,-3,sil
1.472342014312744,-2,-9,-8,3,1,14,9,0,2,9,-11,-9,0,7,sil
1.4879016876220703,-2,-20,-8,-22,-3,5,13,2,15,9,-20,-14,0,11,sil
1.4879016876220703,-4,-22,-11,-36,-10,0,6,2,17,8,-15,-8,6,5,sil
1.503903865814209,4,-7,-1,-21,-7,-9,3,0,15,1,0,10,7,1,sil
1.503903865814209,15,5,5,-11,-5,-15,2,0,8,-14,3,15,0,3,sil
1.503903865814209,19,6,2,-4,0,-11,0,1,4,-22,6,8,0,2,sil
1.5205190181732178,13,9,10,10,7,0,1,4,1,-14,17,12,0,-3,sil
1.5205190181732178,5,17,4,19,9,4,1,2,-9,-11,18,8,-7,-4,sil
1.5360653400421145,-1,13,8,11,1,-3,-6,-2,-16,-12,6,-3,-15,-6,sil
1.5360653400421145,-11,3,15,12,2,0,-3,-4,-8,-3,0,-13,-13,-9,sil
1.5521602630615234,-17,-4,-3,19,8,17,15,0,2,11,-3,-20,-5,0,sil
1.5521602630615234,-14,-7,-9,8,3,20,15,2,6,17,-17,-16,-3,5,sil
1.5677742958068848,-4,-10,-11,-6,-2,9,2,0,8,16,-15,-4,0,0,sil
1.5677742958068848,5,-8,-4,-3,-9,-3,2,0,13,17,3,5,10,9,sil
1.58298921585083,14,0,5,3,-10,-9,2,-1,17,11,11,12,14,17,sil
1.598783254623413,13,0,0,-2,-4,-8,-4,-8,12,-1,0,10,9,4,sil
1.598783254623413,4,-9,0,-25,-7,-11,-12,-5,0,-15,-9,7,4,-5,sil
1.598783254623413,2,-9,-8,-29,-14,-17,-17,0,-3,-13,-3,6,0,-6,sil
1.6143639087677002,9,5,-2,-7,0,-6,-21,0,-4,-8,3,4,-1,-8,sil
1.6143639087677002,8,19,15,2,18,5,-15,1,-15,-5,9,10,2,-8,sil
1.6299889087677002,4,19,8,8,19,-2,-4,1,-14,5,16,17,7,0,sil
1.6299889087677002,13,20,15,21,13,-1,1,0,-9,12,16,14,2,2,sil
1.645714282989502,6,16,11,27,12,13,0,0,-16,6,7,-2,0,-1,sil
1.645714282989502,-13,3,-3,17,12,16,2,2,-15,0,-7,-16,-5,-6,sil
1.6620559692382812,-12,-3,0,14,5,18,14,5,1,7,-16,-7,-5,0,sil
1.6620559692382812,-6,-8,-3,13,-1,15,25,6,12,17,-8,0,3,16,sil
1.676598310470581,-12,-8,0,2,-7,6,21,1,9,13,-5,-1,3,16,sil
1.676598310470581,-14,-11,-4,-2,-7,0,15,-2,12,1,-12,-10,0,1,sil
1.6920602321624756,-17,-25,-23,-22,-18,-14,1,-5,8,-5,-15,-18,0,-4,sil
1.6930596828460691,-19,-27,-14,-42,-31,-22,-11,-5,0,-12,-13,-15,-2,-6,sil
1.7077491283416748,-4,-9,-7,-22,-15,-12,-6,-2,10,-10,1,-1,3,-5,sil
1.7230558395385742,7,3,-1,-1,5,-6,-9,7,25,1,24,11,20,0,sil
1.7230558395385742,5,6,-2,-15,0,-5,-23,9,17,2,20,6,19,0,sil
1.7230558395385742,7,8,-2,-17,0,-5,-16,2,3,-8,5,0,3,-2,sil
1.738839864730835,14,15,9,4,14,-10,0,-1,-9,-13,12,5,-2,0,sil
1.738839864730835,7,12,4,9,13,-11,-3,-3,-27,-16,13,7,-6,-3,sil
1.754622459411621,-4,0,2,-1,-4,0,-9,-4,-41,-28,-12,-6,-21,-13,sil
1.7687687873840332,-6,-5,2,3,-4,8,1,-5,-29,-23,-26,-18,-29,-12,sil
1.7687687873840332,-2,0,0,20,10,12,16,-1,-8,-1,-11,-18,-19,-2,sil
1.7848808765411377,4,4,15,20,9,21,12,2,0,7,0,-5,-6,2,sil
1.7848808765411377,10,-2,4,13,-2,24,1,-2,0,13,-5,2,-5,6,sil
1.8020145893096924,4,-4,-4,13,-6,18,9,-3,2,20,-14,-1,-14,12,sil
1.8020145893096924,0,0,2,13,0,10,21,7,14,22,-5,-1,-6,17,sil
1.8170475959777832,7,0,-1,0,4,-2,12,7,25,18,9,8,8,12,sil
1.8170475959777832,5,1,0,-9,0,-8,3,1,22,15,14,20,9,0,sil
1.8170475959777832,-2,2,-3,-6,-4,-10,8,0,18,9,9,16,4,-1,sil
1.83182692527771,0,-7,0,-14,-10,-18,-4,-3,8,-4,-2,8,2,0,sil
1.8479125499725344,7,0,0,-13,-7,-18,-21,0,0,-8,4,13,12,-2,sil
1.8479125499725344,12,18,0,12,3,-8,-17,1,6,1,28,23,25,-1,sil
1.8634953498840328,8,17,19,15,7,-6,-9,-6,2,-1,24,19,16,-4,sil
1.8634953498840328,-4,3,9,-3,4,-7,-8,-6,-13,-9,4,7,5,-9,sil
1.879918336868286,-5,4,-2,4,3,-4,-8,0,-10,-4,3,6,12,-4,sil
1.879918336868286,0,13,8,20,6,0,-15,2,-5,-8,10,4,11,1,sil
1.8952429294586184,-6,5,1,11,7,2,-18,6,-21,-15,9,-5,3,1,sil
1.8952429294586184,-12,-5,0,4,6,12,-7,6,-26,-10,-6,-13,0,0,sil
1.8952429294586184,-11,-14,-10,4,6,25,6,-3,-8,0,-27,-28,-11,-4,sil
1.911045789718628,-19,-24,-24,-15,1,16,16,-3,0,4,-38,-43,-25,-5,sil
1.92704439163208,-28,-26,-21,-34,-9,3,22,2,2,10,-41,-42,-26,-6,thankyou
1.92704439163208,-19,-23,-25,-27,-10,2,19,-2,15,11,-36,-33,-11,-3,thankyou
1.942350149154663,1,-13,-8,-18,-3,7,19,-2,28,17,-13,-10,10,12,thankyou
1.942350149154663,13,-7,2,-22,-9,4,23,5,34,34,5,8,21,31,thankyou
1.957805156707764,11,-10,-1,-28,-21,-7,8,4,21,23,3,7,11,25,thankyou
1.957805156707764,11,0,3,-18,-14,-13,-11,-1,-3,-8,7,14,5,2,thankyou
1.9735498428344729,19,19,6,6,0,-12,-8,-3,-13,-14,28,32,11,-1,thankyou
1.9735498428344729,22,21,19,18,-1,-13,-9,0,-6,-7,32,33,6,2,thankyou
1.9899303913116453,11,18,15,10,-3,-15,-19,-1,-6,-13,22,22,-3,-8,thankyou
1.9899303913116453,-1,13,4,1,6,-7,-10,-4,-16,-22,11,5,-14,-25,thankyou
2.0168650150299072,-4,9,7,9,11,5,-5,-1,-28,-29,0,-9,-27,-30,thankyou
2.0168650150299072,-3,10,0,24,7,8,-12,1,-18,-23,0,-4,-21,-22,thankyou
2.0168650150299072,0,15,9,31,6,2,-7,0,-1,-10,5,5,-13,-7,thankyou
2.0168650150299072,0,7,15,24,4,-1,-2,-3,-6,-9,-5,-5,-20,-1,thankyou
2.0361506938934326,-5,-3,4,15,0,0,-7,0,-12,-8,-11,-16,-16,-3,thankyou
2.0361506938934326,-5,1,5,17,4,10,6,13,-3,1,-4,-1,-4,2,thankyou
2.05165958404541,0,0,-3,22,14,18,26,10,2,9,-3,4,-1,13,thankyou
2.05165958404541,1,-6,-3,12,12,10,20,-2,4,14,-4,-2,6,15,thankyou
2.0669949054718018,1,-10,-5,-1,5,3,10,-6,6,17,-2,-5,15,7,thankyou
2.0669949054718018,-4,-17,-18,-10,1,-2,6,-6,8,20,-10,-8,8,2,thankyou
2.082381010055542,-14,-22,-11,-23,-6,-7,1,-1,28,29,-15,-5,17,8,thankyou
2.082381010055542,-13,-18,-17,-28,-14,-7,0,2,42,31,0,1,40,18,thankyou
2.097954511642456,-2,-11,-13,-19,-9,-4,-14,-1,11,10,7,8,33,12,thankyou
2.097954511642456,11,1,3,-9,-7,-7,-31,-8,-10,-2,3,13,16,1,thankyou
2.1130964756011963,23,16,3,-10,-9,-14,-20,-2,2,-3,15,18,14,3,thankyou
2.1130964756011963,14,13,2,-15,-6,-10,-2,2,3,-5,22,18,13,6,thankyou
2.1284666061401367,0,-1,-2,-16,-5,-6,0,2,0,-7,12,6,5,-1,thankyou
2.1284666061401367,-6,0,4,-16,-7,-3,3,4,5,-15,0,-5,-13,-11,thankyou
2.144206285476685,-3,21,15,7,9,5,11,2,-10,-18,-1,-14,-33,-17,thankyou
2.144206285476685,4,22,14,37,23,12,10,-3,-43,-7,-6,-16,-30,-8,thankyou
2.160222053527832,1,0,16,17,5,15,4,2,-50,-5,-14,-11,-21,0,thankyou
2.160222053527832,-20,-23,-8,-15,-11,23,5,7,-27,-10,-19,-18,-18,-4,thankyou
2.1760921478271484,-19,-21,-16,-13,-6,15,9,2,12,2,-21,-23,-11,-6,thankyou
2.1760921478271484,5,-2,1,-5,0,-2,6,3,49,18,-12,-3,0,2,thankyou
2.19197940826416,10,3,-2,-8,-1,-8,-1,0,47,7,0,14,4,3,thankyou
2.19197940826416,3,5,7,-6,-3,-6,-10,-12,10,-16,7,15,0,-6,thankyou
2.207053899765014,3,4,7,-3,0,-9,-10,-12,-8,-15,10,11,0,-12,thankyou
2.207053899765014,0,2,-9,2,3,-7,0,-2,-11,-2,12,2,0,-8,thankyou
2.2230160236358643,-5,10,-4,25,5,2,6,2,-12,2,12,2,4,1,thankyou
2.2230160236358643,0,9,5,39,7,3,9,0,-1,8,8,2,11,14,thankyou
2.2382047176361084,5,-6,7,24,5,8,7,1,5,7,-7,-5,3,11,thankyou
2.2382047176361084,2,-10,-5,11,5,15,8,0,8,13,-9,-5,1,4,thankyou
2.2539727687835693,6,-1,-4,5,9,10,10,-1,15,20,0,10,15,11,thankyou
2.2539727687835693,10,0,2,-10,4,-1,-2,0,0,0,-3,8,12,8,thankyou
2.2691092491149902,1,-4,-8,-27,-8,-18,-24,-1,-27,-26,-3,0,0,-5,thankyou
2.2691092491149902,5,6,6,-14,-10,-26,-27,0,-21,-13,23,14,3,-8,thankyou
2.284649610519409,15,21,13,11,1,-14,-14,2,-11,5,30,18,7,-1,thankyou
2.284649610519409,-5,3,-7,5,1,-4,-6,4,-24,-4,-1,-6,-8,-4,thankyou
2.300161361694336,-36,-20,-15,-11,-7,0,-3,1,-23,-18,-27,-27,-22,-15,thankyou
2.300161361694336,-32,-22,-19,-10,-11,6,4,-2,-1,-8,-29,-30,-16,-10,thankyou
2.315319061279297,-13,-11,-3,-9,-9,2,6,0,19,14,-22,-16,-7,7,thankyou
2.315319061279297,-1,-5,4,-14,-4,-4,4,5,33,25,-4,3,4,17,thankyou
2.3315134048461914,12,0,3,-13,0,-4,0,2,25,12,10,12,14,7,thankyou
2.332097291946411,18,13,14,-10,0,0,0,-2,2,-6,13,15,8,-4,thankyou
2.3467259407043457,10,15,5,5,4,-2,0,-4,-4,-6,18,14,1,-7,thankyou
2.3467259407043457,8,16,7,18,10,-6,-2,0,-5,-5,13,3,-6,-9,thankyou
2.362365484237671,8,21,10,17,14,5,4,4,0,-2,1,-2,-7,-12,thankyou
2.362365484237671,0,10,-1,11,8,16,18,2,15,0,-2,-8,-4,-3,thankyou
2.377948760986328,-8,-13,-2,5,-8,14,13,0,5,0,-13,-17,-8,1,thankyou
2.377948760986328,-10,-21,-8,6,-10,15,9,0,-5,3,-23,-19,-7,1,thankyou
2.3932220935821533,-6,-14,-4,3,0,23,17,0,9,13,-14,-1,1,6,thankyou
2.409205913543701,-3,-12,-2,-13,-5,10,8,-2,17,12,-7,4,1,14,thankyou
2.409205913543701,0,-12,-14,-23,-17,-15,-7,-4,7,12,-7,0,5,15,thankyou
2.409205913543701,10,0,4,-6,-5,-15,-7,1,5,12,12,17,27,17,thankyou
2.4252238273620605,16,6,14,6,3,-4,-4,0,3,0,37,30,30,13,sil
2.4397926330566406,15,4,8,-4,-1,-8,-13,-1,-10,-14,28,22,12,2,sil
2.4397926330566406,17,12,5,-16,0,-9,-18,2,-15,-14,24,24,10,0,sil
2.4397926330566406,14,20,4,2,14,-7,-13,1,-11,-11,35,22,12,-1,sil
2.4549834728240967,4,21,14,28,22,-8,-3,0,-13,-13,16,2,-7,-12,sil
2.470156192779541,-6,8,5,25,15,0,5,0,-15,-10,-13,-16,-27,-17,sil
2.470156192779541,-14,-3,-10,14,7,9,6,-2,-11,-4,-19,-24,-25,-13,sil
2.487103223800659,-11,0,-5,19,8,11,9,-1,-7,-1,-17,-21,-17,-9,sil
2.487103223800659,-6,0,-2,18,4,7,12,0,-5,3,-25,-17,-12,1,sil
2.504145622253418,-11,-12,0,0,-6,6,8,1,-4,14,-28,-11,-6,9,sil
2.504145622253418,-18,-20,-11,-10,-5,3,5,1,5,19,-20,-10,0,4,sil
2.504145622253418,-18,-21,-19,-23,-7,-7,0,-2,13,0,-22,-19,-5,-7,sil
2.5177762508392334,-17,-25,-15,-44,-24,-13,-12,-7,8,-14,-34,-27,-15,-14,sil
2.533485412597656,-10,-25,-25,-46,-27,-12,-17,-1,5,-3,-22,-18,-5,-13,sil
2.533485412597656,0,-7,-13,-28,-16,-4,-13,4,17,4,5,1,9,-8,sil
2.550107717514038,1,7,-1,-13,-6,-3,-10,0,20,1,21,11,12,-5,sil
2.550107717514038,3,11,4,-4,0,-5,-12,-8,-4,-8,23,15,1,-7,sil
2.5661988258361816,15,19,17,8,6,3,-10,-7,-26,-19,23,21,-1,0,sil
2.5661988258361816,20,19,16,14,7,1,-4,-3,-17,-18,22,23,7,10,sil
2.580857992172241,16,12,22,14,4,-9,-4,1,-6,-5,16,26,12,9,sil
2.580857992172241,18,21,22,30,11,5,2,5,-1,11,20,24,9,5,sil
2.5961718559265137,19,31,16,49,20,21,23,5,8,21,17,11,7,11,sil
2.5961718559265137,1,13,12,41,12,14,30,6,10,8,-5,-5,0,8,sil
2.614166498184204,-20,-16,-16,13,-1,7,24,6,-5,-6,-23,-20,-12,0,sil
2.614166498184204,-17,-15,-17,2,2,12,25,5,-17,2,-14,-20,-6,9,sil
2.614166498184204,0,2,1,14,11,15,21,1,1,26,4,-5,12,23,sil
2.627685785293579,4,-6,0,5,2,5,0,0,36,38,13,4,22,18,sil
2.6436469554901123,0,-17,0,-26,-12,-10,-12,5,42,25,2,5,12,6,sil
2.6436469554901123,-3,-9,-8,-30,-16,-25,-12,2,20,1,-9,0,1,2,sil
2.6598594188690186,-5,-9,-13,-26,-14,-24,-22,-7,-2,-18,-9,-1,2,-3,sil
2.6598594188690186,5,-22,-8,-46,-12,-12,-27,-6,-5,-21,5,7,8,-9,sil
2.6759793758392334,18,-19,-1,-46,-10,-11,-12,0,-1,-10,11,9,0,-13,sil
2.6759793758392334,3,9,7,-13,-3,-4,1,-2,-12,-8,-11,-7,-17,-27,sil
2.693110942840576,-17,27,-1,5,13,7,6,-7,-25,-19,-24,-21,-21,-26,sil
2.693110942840576,0,16,5,5,17,9,0,-1,-17,-21,0,1,-8,-4,sil
2.693110942840576,20,13,17,13,6,4,-9,1,-13,-13,19,19,-1,8,sil
2.7083797454833984,-2,15,7,17,3,-1,-11,-4,-28,-15,2,-5,-15,2,sil
2.723097324371338,-23,-5,3,17,3,0,-4,0,-23,-8,-15,-28,-22,-6,sil
2.723097324371338,-16,-16,-10,29,5,12,7,7,9,23,-8,-18,-5,-1,sil
2.7386674880981445,-18,2,-11,32,4,17,15,3,21,37,-1,-9,2,1,sil
2.7386674880981445,-26,-8,-2,21,0,10,13,-4,6,12,-5,-13,1,-6,sil
2.7386674880981445,-10,-31,-9,8,-1,1,6,0,5,1,-3,-7,8,0,sil
2.7535552978515625,11,-2,-2,-17,1,0,10,8,18,2,3,17,6,25,sil
2.7700870037078857,22,15,0,-30,-3,3,17,6,26,-3,4,36,7,26,sil
2.7700870037078857,23,-12,0,-14,-15,-6,4,0,15,-8,0,25,14,7,sil
2.784990072250366,12,-14,1,-10,-16,-17,-19,-3,-10,-4,-1,2,1,-9,sil
2.784990072250366,2,7,-9,-17,-4,-18,-28,-4,-23,-4,0,-6,-12,-24,sil
2.8008029460906982,1,19,2,-2,9,-11,-17,0,-18,-2,12,3,1,-23,sil
2.8008029460906982,3,28,7,22,19,-2,-5,1,-4,8,31,13,21,-4,sil
2.815801858901977,7,26,5,25,17,3,0,0,2,9,24,10,14,6,sil
2.815801858901977,10,8,14,12,0,7,6,3,0,-3,-5,0,-6,11,sil
2.831900119781494,4,-5,4,2,-12,11,27,3,-6,-10,-26,-13,-18,11,sil
2.831900119781494,-5,-14,-5,-15,-11,12,25,-2,-10,-14,-35,-23,-25,0,sil
2.847087383270264,-20,-26,-16,-31,-13,0,3,-3,-6,-14,-35,-32,-20,-8,sil
2.847087383270264,-31,-32,-20,-28,-17,-12,-8,0,10,2,-14,-22,2,0,sil
2.8627634048461914,-23,-13,-6,-13,-7,-11,-15,-1,26,27,17,7,25,2,sil
2.8627634048461914,2,13,3,1,7,-6,-22,-4,22,30,42,32,35,5,sil
2.878361701965332,31,27,24,14,13,3,-13,2,16,20,47,42,31,20,sil
2.878361701965332,43,35,32,30,11,14,6,10,16,11,37,37,20,35,sil
2.8934102058410645,37,29,19,40,7,12,18,3,0,-1,10,12,6,23,sil
2.8934102058410645,12,0,12,29,1,10,18,-8,-25,-20,-24,-11,-16,-3,sil
2.90978741645813,-20,-31,-13,1,-3,6,15,-9,-20,-21,-37,-26,-29,-14,sil
2.90978741645813,-40,-36,-26,-27,-4,-6,2,-2,-4,-12,-29,-34,-20,-16,sil
2.925971269607544,-38,-25,-29,-40,-1,-19,-19,-1,-11,-16,-25,-35,-19,-32,sil
2.925971269607544,-24,-10,-22,-27,0,-21,-28,-3,-18,-24,-19,-27,-25,-38,sil
2.941103219985962,4,13,10,-1,2,-4,-6,7,2,-9,8,3,-4,-13,sil
2.941103219985962,24,23,15,7,10,9,11,16,21,9,36,28,19,6,sil
2.9563663005828857,16,10,9,0,6,3,0,7,6,4,18,17,6,5,sil
2.9563663005828857,-3,-2,4,1,-6,-1,-7,-4,-9,1,-13,-6,-14,-2,sil
2.971506834030152,-15,-8,-9,8,-5,6,2,-5,-9,7,-25,-20,-17,-9,sil
2.971506834030152,-17,-5,-6,5,2,16,9,-1,-3,5,-27,-25,-15,-12,sil
2.9871275424957275,-15,0,-6,8,1,10,10,0,7,10,-18,-20,-7,-4,sil
2.9871275424957275,-9,-5,-3,7,-1,2,6,-1,14,12,3,0,8,9,sil
3.0027496814727783,5,-5,1,-3,1,0,0,-3,6,5,21,13,24,21,sil
3.0027496814727783,26,6,1,-9,0,-4,0,-1,-1,4,19,26,26,27,sil
3.017836332321167,37,20,19,1,-4,-13,-3,0,-4,7,19,49,23,29,sil
3.017836332321167,35,14,15,8,-4,-15,-6,0,-1,0,34,52,28,26,sil
3.032987833023072,14,0,0,-6,-3,-14,-2,2,1,-6,29,23,19,5,sil
3.032987833023072,-13,-3,-8,-20,-4,-7,0,9,2,0,10,-3,-1,-16,sil
3.050039768218994,-26,-6,-15,-9,-8,-1,-3,2,0,2,0,-15,-11,-21,sil
3.050039768218994,-21,-6,-5,1,-3,2,-5,-2,-12,-13,-8,-17,-10,-20,sil
3.065146923065185,-6,4,1,16,16,18,8,0,-15,-14,-12,-8,-8,-13,sil
3.065146923065185,8,12,7,31,24,30,18,3,-5,3,-11,0,-9,4,sil
3.0808358192443848,6,3,12,24,5,22,13,-1,3,13,-20,-10,-11,13,sil
3.0808358192443848,-7,-5,0,12,-5,8,11,-7,14,16,-22,-25,-4,8,sil
3.096825361251831,-9,-7,-3,1,-5,1,7,0,21,10,-19,-26,0,-3,sil
3.096825361251831,-7,-14,-14,-14,-9,-10,-6,2,15,0,-14,-18,-1,-11,sil
3.112060785293579,3,-4,-7,-10,-7,-21,-12,-2,5,-2,4,0,4,5,sil
3.112060785293579,25,10,19,12,0,-19,-16,-1,2,-4,18,22,12,20,sil
3.128074407577514,23,0,7,0,-3,-21,-30,0,-7,-22,7,16,2,1,sil
3.128074407577514,4,-5,-4,-28,-10,-19,-31,-3,-26,-39,-1,8,-15,-14,sil
3.1441452503204346,0,15,-4,-16,0,-1,-7,-2,-29,-33,0,6,-20,-11,sil
3.1441452503204346,-5,12,-3,0,5,10,3,1,-20,-11,-2,-5,-18,-13,sil
3.160264730453491,-24,-6,-1,-5,2,13,3,0,-14,6,-1,-17,-13,-13,sil
3.160264730453491,-30,-14,-15,-5,3,14,14,0,0,19,-3,-18,-3,-2,sil
3.175467014312744,-17,-16,-8,-8,0,11,21,1,22,25,-12,-14,1,2,sil
3.175467014312744,-2,-16,-3,-24,-5,2,15,4,34,21,-3,-3,11,2,sil
3.191113233566284,2,-4,-7,-27,2,-9,9,4,27,12,14,13,24,7,sil
3.191113233566284,4,12,12,-8,10,-13,7,3,15,6,24,26,21,5,sil
3.2068591117858887,7,21,16,15,8,-2,2,0,5,4,23,21,8,-2,sil
3.2068591117858887,4,23,15,30,6,1,-4,-3,-17,-4,6,2,-4,-6,sil
3.2249226570129395,0,9,11,27,3,5,-2,-3,-33,-6,-8,-10,-11,0,sil
3.2249226570129395,4,-7,4,22,1,13,6,0,-22,1,-3,-4,-2,6,sil
3.237179040908813,10,-6,8,23,4,18,9,1,-4,10,-1,4,8,14,sil
3.253584861755371,9,-3,-6,18,1,7,8,1,13,19,-8,-1,14,21,sil
3.253584861755371,8,-12,-10,-7,-10,-5,0,5,27,14,-10,-6,15,10,sil
3.253584861755371,11,-12,-2,-19,-14,-14,-9,6,22,0,-5,8,14,-1,sil
3.2692196369171143,12,1,-7,-7,-6,-17,-16,1,6,-5,0,19,5,3,sil
3.2692196369171143,5,13,-1,-6,0,-9,-18,0,-7,-15,2,13,-13,-1,sil
3.284665584564209,-5,10,-3,-13,3,-4,-12,-2,-15,-36,0,-1,-25,-22,sil
3.284665584564209,-17,-5,-9,-9,-1,-9,-13,-9,-23,-40,-10,-17,-27,-27,sil
3.300733804702759,-29,-12,-7,-5,-7,-9,-22,-6,-31,-27,-12,-25,-27,-26,sil
3.300733804702759,-26,-5,-6,-1,0,6,-9,1,-22,-10,-7,-19,-19,-19,sil
3.315747737884521,-9,2,2,16,2,26,22,7,9,18,-1,-9,2,6,sil
3.332650661468506,0,-2,-1,19,0,21,39,7,37,44,14,-4,28,26,sil
3.332650661468506,10,-3,2,-4,0,2,23,2,39,44,27,13,38,28,sil
3.332650661468506,21,9,14,-14,1,-6,-2,-4,18,17,25,27,25,22,sil
3.347672462463379,14,10,3,-6,0,-11,-24,-9,-15,-18,16,10,0,0,sil
3.347672462463379,2,4,8,0,4,-4,-18,-6,-30,-25,8,0,-14,-16,sil
3.3632683753967285,7,10,9,18,17,13,11,-3,-5,6,7,10,-5,1,sil
3.3632683753967285,9,8,0,31,11,13,21,1,16,25,-2,4,0,21,sil
3.377797365188598,0,-7,-3,8,-5,0,9,4,17,18,-19,-13,0,8,sil
3.377797365188598,-5,-18,-11,-16,-11,-8,3,1,12,6,-21,-12,0,-7,sil
3.393681526184082,-3,-7,-4,-27,-7,-15,-5,0,-12,-23,-14,0,-7,-11,sil
3.394681930541992,-1,1,-3,-18,-5,-17,-19,0,-38,-43,-7,2,-13,-12,sil
3.408525228500366,2,4,2,-1,-4,-11,-17,-1,-27,-28,-2,-3,-8,-11,sil
3.4252054691314697,0,6,11,4,0,0,0,3,-2,-10,-6,-2,-8,-9,sil
3.4252054691314697,-13,-2,-4,0,7,11,13,7,1,-5,-12,-11,-16,-6,sil
3.440093517303467,-17,-16,-6,-2,1,23,19,1,5,7,-20,-19,-17,-2,sil
3.440093517303467,-12,-12,-4,-5,-5,19,16,-3,19,20,-22,-10,0,3,sil
3.455551147460937,-8,-2,-9,-8,-2,-2,-2,-3,19,15,-7,4,15,6,sil
3.455551147460937,2,5,4,-7,-2,-19,-23,0,1,1,10,15,15,4,sil
3.4708218574523926,18,10,7,-1,-6,-21,-20,-2,-7,-9,20,21,16,4,sil
3.4708218574523926,16,16,16,7,0,-13,-14,-3,-6,-8,23,22,13,0,sil
3.4868433475494385,5,18,13,11,12,3,-8,0,-4,-2,22,12,2,-9,sil
3.4868433475494385,3,5,-1,13,10,16,6,4,-1,1,18,0,0,-8,sil
3.502947807312012,2,0,0,21,3,17,16,6,3,12,8,-2,7,2,sil
3.502947807312012,1,0,-2,30,7,12,17,3,22,34,3,-3,16,9,sil
3.520029306411743,0,-4,0,9,4,5,17,4,30,37,0,-4,8,8,sil
3.520029306411743,-10,-18,-6,-18,-7,0,12,0,10,15,-3,-6,0,9,sil
3.535673856735229,-15,-20,-21,-21,-13,-8,0,-7,-14,-3,-4,-14,0,10,sil
3.535673856735229,-1,-11,-7,-12,-9,-8,-6,-6,-20,-15,-8,-14,-5,2,sil
3.5497493743896484,3,-10,-9,-13,-1,-6,-13,-2,-11,-20,-2,0,-8,-5,sil
3.5497493743896484,-1,-2,-5,-19,0,-11,-20,-3,-1,-14,12,14,1,-4,sil
3.565061092376709,0,16,5,-10,-1,-8,-12,1,10,3,19,13,8,0,sil
3.565061092376709,11,24,6,10,4,1,2,8,14,5,9,3,0,-1,sil
3.5802900791168213,15,19,19,22,10,0,0,5,-3,-12,1,5,-8,-7,sil
3.5802900791168213,0,10,11,17,1,-2,-6,0,-26,-20,0,0,-10,-7,sil
3.595947265625,-14,0,-4,2,-4,8,6,0,-29,-17,-14,-15,-21,-7,sil
3.595947265625,-20,-7,-5,-1,3,18,20,-3,-21,-17,-36,-29,-36,-18,sil
3.611245632171631,-22,-12,-7,3,3,8,20,-3,-11,-4,-33,-29,-27,-16,sil
3.611245632171631,-9,-9,4,7,-1,3,20,5,9,13,-11,-12,-7,2,sil
3.62670636177063,11,-2,1,6,4,7,17,6,29,20,1,0,2,12,sil
3.62670636177063,12,-3,-2,-1,4,2,1,-4,21,11,-3,1,7,12,sil
3.642775058746338,3,-7,-3,-11,-5,-4,-17,-6,3,0,-8,7,14,17,thankyou
3.642775058746338,14,-4,-4,-5,-2,-9,-23,-2,8,2,9,28,25,21,thankyou
3.658393383026123,30,8,14,4,0,-11,-23,0,15,8,28,41,32,20,thankyou
3.658393383026123,20,7,8,-1,-5,-8,-18,-3,3,1,21,27,22,12,thankyou
3.673969030380249,4,-1,-9,-17,-3,-5,-10,-3,-3,-3,3,9,5,-3,thankyou
3.673969030380249,-1,-2,-4,-21,-4,-4,-1,4,1,0,1,0,0,-19,thankyou
3.69000244140625,-12,-3,-9,-19,-16,-8,-1,5,-7,-8,0,-12,-4,-25,thankyou
3.69000244140625,-15,-4,-4,-25,-15,-10,-7,0,-23,-23,-11,-13,-21,-19,thankyou
3.706088542938232,-1,2,3,-17,-6,-8,-1,-2,-13,-16,-9,3,-15,-7,thankyou
3.706088542938232,4,5,8,7,-2,0,7,4,0,0,8,6,2,0,thankyou
3.7224061489105225,-5,6,9,27,5,14,8,7,-1,9,12,-5,1,0,thankyou
3.7224061489105225,-19,1,-8,26,9,20,13,3,-1,13,-4,-21,-9,-4,thankyou
3.737346410751343,-18,-5,-2,14,8,14,13,2,6,10,-16,-28,-10,-6,thankyou
3.737346410751343,-12,-6,0,14,13,11,3,0,12,-1,-14,-25,-7,-4,thankyou
3.753347396850586,-16,-1,-10,26,10,6,0,-4,1,-4,-16,-15,-10,-1,thankyou
3.753347396850586,-12,8,2,27,7,10,7,-6,-10,6,-8,-1,-5,2,thankyou
3.7697601318359375,14,8,6,5,4,10,11,-7,-3,11,11,9,4,13,thankyou
3.7697601318359375,24,-5,6,-11,-8,-4,-3,0,2,8,14,11,8,15,thankyou
3.784982919692993,5,0,-1,3,1,-6,-7,6,12,24,9,5,20,12,thankyou
3.784982919692993,5,16,0,16,31,6,12,6,35,37,16,11,33,18,thankyou
3.801192045211792,22,5,12,-8,11,0,17,3,29,14,21,23,23,20,thankyou
3.801192045211792,16,-10,-1,-22,-19,-20,1,0,5,-5,21,18,17,9,thankyou
3.8169972896575928,7,8,-2,-1,-6,-18,-1,-3,1,-9,18,14,17,4,thankyou
3.8169972896575928,6,14,6,-1,10,-10,-2,-7,-16,-28,6,14,-3,-2,thankyou
3.832541704177856,0,-6,-4,-39,0,-14,-17,-8,-49,-48,-4,1,-28,-21,thankyou
3.832541704177856,-2,-3,-1,-44,-12,-12,-21,-1,-42,-33,-3,-1,-22,-28,thankyou
3.84816575050354,-2,2,-8,-5,-14,-6,-10,0,-18,-10,-4,-1,-16,-20,thankyou
3.84816575050354,-9,-8,-8,8,-11,-1,-13,-2,-22,-15,-14,-12,-26,-14,thankyou
3.863788604736328,-13,-10,7,5,-6,9,-7,7,-6,0,-2,-12,-8,0,thankyou
3.863788604736328,-13,-8,3,8,-3,20,12,14,27,26,2,-5,10,13,thankyou
3.8790125846862793,-15,-16,-6,6,0,22,11,5,22,11,-33,-21,-14,-3,thankyou
3.8790125846862793,-4,-12,-8,8,4,14,4,-2,7,-1,-47,-26,-23,-6,thankyou
3.894466400146485,10,-5,6,11,0,6,16,0,18,26,-10,1,8,21,thankyou
3.894466400146485,0,-8,0,-5,-12,2,14,1,15,25,-4,-1,9,18,thankyou
3.9101192951202393,-23,-15,-28,-27,-18,-7,-6,0,-2,-11,-36,-23,-13,-14,thankyou
3.9101192951202393,-15,-4,-11,-23,-11,-15,-14,-2,1,-14,-19,-3,-1,-18,thankyou
3.9259185791015625,9,12,2,3,3,-10,-10,0,17,7,34,25,21,0,thankyou
3.9259185791015625,20,20,7,21,10,-7,-11,-2,10,2,41,20,14,4,thankyou
3.941934823989868,20,19,16,12,3,-7,-8,-2,0,-13,19,13,7,0,thankyou
3.941934823989868,17,15,11,4,3,-8,-1,0,-1,-13,17,15,12,0,thankyou
3.9575836658477774,7,12,14,8,12,-1,-2,1,-13,-8,14,4,1,-3,thankyou
3.9575836658477774,-1,11,6,19,14,6,-2,-2,-21,-1,4,-9,-9,-12,thankyou
3.972742319107056,-1,10,2,25,11,10,2,-3,-16,0,-1,-13,-6,-5,thankyou
3.972742319107056,1,4,8,15,12,17,11,0,-11,-1,-8,-5,-1,12,thankyou
3.987987995147705,-1,-5,-2,7,14,19,20,0,-6,10,-9,-1,2,21,thankyou
3.987987995147705,-8,-14,-4,1,9,14,24,0,7,20,-9,-2,0,19,thankyou
4.003126859664917,-12,-24,-9,-23,-2,11,25,0,22,23,-6,-8,0,15,thankyou
4.003126859664917,-3,-23,-9,-42,-13,2,15,0,19,26,6,0,10,11,thankyou
4.025939464569092,4,0,3,-18,-10,-14,-1,1,4,16,18,19,18,6,thankyou
4.026941299438477,0,9,-6,7,-5,-21,-15,-1,-1,-5,13,15,7,0,thankyou
4.026941299438477,-1,0,-5,4,-6,-11,-18,1,3,-11,3,3,2,-10,thankyou
4.0339884757995605,4,4,0,6,2,-8,-14,4,5,-4,2,10,6,-6,thankyou
4.049114465713501,11,15,4,15,4,-17,-11,-1,-3,-9,8,17,1,-2,thankyou
4.049114465713501,15,15,17,6,-7,-13,-16,-2,-11,-17,8,11,-5,-11,thankyou
4.06440806388855,8,9,3,-6,-3,-6,-20,-4,-17,-20,0,-1,-8,-16,thankyou
4.06440806388855,-5,4,-6,-11,6,-4,-16,-5,-30,-28,-14,-11,-13,-14,thankyou
4.07995080947876,-8,1,-1,-4,0,5,-2,0,-28,-29,-12,-10,-12,-9,thankyou
4.07995080947876,0,0,3,3,-5,17,4,2,-7,-4,-2,-4,-5,-1,thankyou
4.096691608428955,0,-3,7,1,2,13,7,0,4,14,0,-2,-5,6,sil
4.096691608428955,-6,-8,-3,3,0,9,22,7,19,24,0,-6,0,12,sil
4.110787391662598,-9,-11,-7,6,-10,15,33,10,33,26,-4,-11,0,8,sil
4.110787391662598,-19,-19,-20,-5,-8,12,18,3,28,15,-20,-23,-13,-10,sil
4.127016305923462,-32,-29,-32,-21,-1,0,4,0,12,0,-27,-40,-19,-15,sil
4.127016305923462,-25,-30,-9,-25,-9,2,6,0,4,1,-20,-30,-8,-8,sil
4.142232418060303,-5,-17,0,-14,-13,4,3,-6,6,13,-7,-5,0,-7,sil
4.158709764480591,14,5,8,0,0,-12,-10,-4,11,6,5,17,7,0,sil
4.158709764480591,31,21,18,3,7,-22,-19,3,9,-3,20,33,20,16,sil
4.158709764480591,39,19,12,2,3,-20,-19,0,-1,-2,31,36,27,23,sil
4.17442774772644,31,17,24,5,5,-19,-17,-2,-14,-6,28,30,17,19,sil
4.190078020095825,14,18,14,7,7,-19,-23,-1,-24,-21,9,13,0,2,sil
4.190078020095825,0,14,-1,10,5,-3,-23,-3,-32,-27,-9,-4,-12,-11,sil
4.190078020095825,-10,7,0,23,15,24,3,-3,-29,-10,-9,-9,-2,-3,sil
4.205168008804321,-15,3,-4,29,23,34,34,0,-12,7,-4,-12,7,4,sil
4.220069646835327,-15,3,-1,14,15,22,31,6,0,8,-13,-15,-1,0,sil
4.220069646835327,-11,-1,-2,0,7,17,21,4,6,16,-6,-13,-2,4,sil
4.235009670257568,-9,-7,-5,0,0,10,20,0,18,25,10,-6,13,8,sil
4.235009670257568,-4,-4,-4,0,-11,0,7,-4,19,4,-5,-3,10,0,sil
4.250046491622925,0,-5,-9,-8,-13,-15,-6,-1,12,-12,-29,-4,-11,-6,sil
4.250046491622925,3,-7,0,-20,-10,-22,-10,4,11,0,-4,9,-9,-8,sil
4.2659242153167725,7,0,2,-22,-11,-11,-10,1,15,7,28,25,10,-2,sil
4.2659242153167725,12,1,2,-14,-9,-4,-11,-3,3,-7,27,29,9,1,sil
4.281109809875488,11,2,8,-4,-10,-11,-16,-1,-17,-23,18,23,-8,-5,sil
4.281109809875488,6,8,2,8,-13,-12,-21,0,-26,-21,15,9,-11,-9,sil
4.296678304672241,5,5,8,11,-2,0,-15,-1,-18,-10,1,-1,-9,-4,sil
4.296678304672241,-1,-3,2,9,8,13,0,-1,-3,2,-8,-10,-11,-1,sil
4.311769008636475,-10,-7,-8,10,5,16,5,0,0,12,-12,-21,-14,2,sil
4.311769008636475,-11,-5,-5,8,4,10,11,2,6,19,-17,-22,-9,3,sil
4.326993465423584,-11,-8,-8,0,8,0,17,2,25,27,-12,-11,8,2,sil
4.326993465423584,-8,-8,-1,-7,1,1,11,2,33,31,-1,-3,19,11,sil
4.343019485473633,-3,-7,-4,-7,-2,4,5,1,17,20,0,-4,13,13,sil
4.343019485473633,0,-8,-12,-14,0,-5,-4,-5,1,-3,-5,-2,4,0,sil
4.358167409896851,0,1,1,-16,0,-11,-21,-8,-15,-26,-1,3,-4,-15,sil
4.358167409896851,0,6,0,-8,-4,-9,-23,-5,-35,-37,2,-1,-13,-20,sil
4.373737573623657,-7,0,-2,-5,-5,-10,-8,2,-38,-36,-6,-14,-13,-16,sil
4.373737573623657,-8,-2,0,-2,-3,0,7,7,-23,-21,-9,-14,-11,-5,sil
4.392062425613403,1,1,1,9,3,12,26,5,-1,3,-1,-3,-6,2,sil
4.392062425613403,8,6,12,13,7,14,35,4,18,21,0,8,8,12,sil
4.40542459487915,6,4,2,7,4,3,24,1,27,24,3,9,19,17,sil
4.40542459487915,15,4,1,0,3,-10,2,-1,15,13,19,15,18,11,sil
4.420985460281372,23,16,12,4,5,-10,-11,-3,7,1,35,30,21,5,sil
4.420985460281372,16,25,9,22,9,0,-15,-1,0,-8,28,24,14,2,sil
4.436981201171875,5,18,14,28,9,7,-13,0,-13,-9,0,0,-7,0,sil
4.436981201171875,-2,0,2,17,0,4,-6,-1,-7,2,-15,-10,-11,2,sil
4.452067852020264,-15,-14,-12,-1,-9,5,-1,-3,6,10,-18,-12,-6,2,sil
4.452067852020264,-23,-26,-17,-19,-6,11,7,1,11,10,-29,-28,-7,-6,sil
4.468119382858276,-21,-28,-16,-30,-6,5,15,6,14,10,-35,-29,-5,-5,sil
4.468119382858276,-10,-15,-3,-32,-12,-4,8,6,22,9,-12,0,1,2,sil
4.4836413860321045,-1,-8,-7,-28,-9,-16,-11,0,15,0,10,13,7,0,sil
4.4836413860321045,0,-2,-1,-21,-7,-24,-33,-7,-17,-22,7,5,-2,-12,sil
4.499027729034424,1,15,13,1,-3,-15,-31,-5,-38,-32,6,6,-12,-11,sil
4.499027729034424,9,20,5,27,9,0,-12,-2,-21,-10,18,13,-2,0,sil
4.514494180679321,10,6,5,24,14,15,4,5,-6,5,17,7,2,6,sil
4.514494180679321,6,0,0,17,11,24,24,8,1,17,7,0,1,13,sil
4.53010892868042,5,-2,-1,12,4,17,37,0,19,27,-2,3,5,18,sil
4.53010892868042,5,-7,4,-4,-9,-2,16,-7,23,12,-3,12,8,9,sil
4.5447838306427,10,-1,-1,-14,-12,-17,-11,-5,5,-12,14,13,8,0,sil
4.5447838306427,13,14,11,0,0,-9,-16,0,-12,-17,20,11,0,-2,sil
4.560811519622803,0,15,9,19,8,3,-11,-2,-25,-9,2,0,-12,-11,sil
4.577140331268311,-13,0,-3,20,5,10,-8,-6,-29,-12,-17,-17,-25,-18,sil
4.577140331268311,-15,-10,-6,1,-1,9,1,-1,-10,-10,-26,-20,-21,-14,sil
4.577140331268311,-14,-14,-17,-14,-6,-1,7,0,11,1,-23,-18,0,-3,sil
4.591703176498413,-5,-9,-6,-14,-1,-13,-2,0,10,3,-13,-14,8,0,sil
4.591703176498413,2,0,4,-8,1,-10,-11,2,0,-8,-1,-5,2,-8,sil
4.609145879745483,5,7,3,0,2,-4,-5,8,-3,-11,7,8,0,-9,sil
4.609145879745483,6,12,13,20,11,6,7,7,-1,10,9,13,5,4,sil
4.62325382232666,3,6,7,17,8,15,25,0,8,28,0,-1,8,14,sil
4.641244649887085,-2,-3,-6,-9,-6,6,23,0,13,17,-8,-13,7,6,sil
4.641244649887085,-1,-1,-15,-16,-6,-5,5,0,11,5,3,-1,7,0,sil
4.641244649887085,3,7,-3,-5,0,-6,-1,1,10,2,25,14,5,6,sil
4.655375480651856,3,7,14,1,1,0,1,0,-1,-4,24,14,0,7,sil
4.655375480651856,-3,-4,-1,10,3,5,-1,-2,-5,0,3,0,-2,3,sil
4.670969724655151,-10,-16,-10,5,-1,10,1,0,9,12,-12,-11,0,7,sil
4.68547511100769,-10,-18,-9,-18,-10,1,3,2,18,9,-14,-13,4,11,sil
4.68547511100769,-9,-18,-11,-27,-12,-20,-10,0,6,-6,-11,-14,-2,0,sil
4.700708627700806,-2,-11,-1,-25,-17,-23,-18,0,-1,-17,-6,-3,-9,-14,sil
4.700708627700806,4,-2,-11,-31,-10,-10,-10,0,0,-13,0,5,1,-11,sil
4.715939283370972,2,8,-6,-21,6,-5,-7,-4,-8,-10,0,2,1,-9,sil
4.715939283370972,9,27,17,24,17,3,-4,0,-16,-5,14,10,0,-3,sil
4.731523990631104,23,34,23,54,21,18,6,3,-11,4,27,27,10,15,sil
4.731523990631104,9,14,19,33,17,20,7,1,-12,1,2,17,0,14,sil
4.747524976730347,-10,-5,1,12,5,13,2,0,-15,-4,-21,-9,-17,-1,sil
4.747524976730347,-4,-8,3,11,0,8,1,2,0,14,-8,-7,-3,5,sil
4.763286590576172,7,-9,7,1,-3,0,-1,-2,19,30,4,8,15,16,sil
4.763286590576172,5,-14,-5,-13,-13,-8,-7,-9,16,10,-6,7,9,1,sil
4.777924537658691,5,-7,0,-15,-14,-7,-9,-4,8,-5,-10,5,0,-8,sil
4.777924537658691,10,4,1,-9,-7,-7,-6,0,12,0,9,12,7,-4,sil
4.793076038360596,12,13,3,-3,-1,-8,-4,0,4,-3,23,16,8,-1,sil
4.793076038360596,2,16,8,8,6,0,-2,2,-19,-16,16,6,-8,-5,sil
4.80866265296936,-13,7,-5,19,11,3,0,0,-27,-19,0,-11,-23,-9,sil
4.80866265296936,-22,-9,-9,7,5,4,4,0,-20,-14,-17,-25,-28,-15,sil
4.823766708374023,-26,-19,-14,-1,0,8,10,0,-11,-13,-31,-32,-28,-18,sil
4.823766708374023,-26,-17,-13,0,-5,5,10,-3,0,-11,-28,-32,-20,-18,sil
4.839812994003296,-18,-17,-10,-12,-12,0,8,-3,15,5,-14,-24,-2,-11,sil
4.839812994003296,-9,-13,-19,-25,-11,-5,7,2,26,26,-3,-14,12,3,sil
4.855659484863281,7,7,3,-7,0,-8,0,2,14,10,3,9,20,14,sil
4.855659484863281,29,20,14,6,5,-7,-9,-1,-13,-18,18,28,21,10,sil
4.870845556259155,25,13,4,-5,4,-12,-9,2,-25,-19,26,17,13,3,sil
4.870845556259155,10,15,13,2,10,-4,2,10,-5,3,20,9,8,10,sil
4.885902166366577,7,16,12,36,18,19,18,6,8,19,6,6,9,15,sil
4.885902166366577,0,2,1,28,4,28,20,2,5,20,-8,-6,1,9,sil
4.9020397663116455,-8,-10,-11,-5,-11,11,12,1,13,17,-8,-12,0,8,sil
4.9020397663116455,-5,-18,-14,-24,-9,-7,2,0,16,8,-5,-2,1,8,sil
4.918131589889526,-7,-18,-4,-31,-7,-12,-11,-2,4,0,-8,0,-3,-4,sil
4.918131589889526,-8,-5,-3,-20,-10,-12,-17,-3,3,-2,-5,2,-3,-13,sil
4.93407154083252,6,7,6,0,0,-7,-14,-2,5,-4,2,15,3,1,sil
4.93407154083252,16,8,9,0,10,-1,-15,-2,0,-5,14,23,10,10,sil
4.950076341629028,10,8,5,-9,0,-7,-20,-1,-9,-1,27,24,12,-3,sil
4.950076341629028,0,8,9,-8,-8,-11,-18,0,-18,-8,17,14,0,-17,sil
4.965777635574341,-11,4,-1,0,0,-2,-9,-7,-20,-20,-4,-9,-18,-17,sil
4.965777635574341,-6,6,7,17,10,10,-3,-6,-12,-9,-7,-17,-21,-11,sil
4.981367826461792,3,10,13,37,15,17,10,5,0,13,0,-6,-7,1,sil
4.981367826461792,0,1,-4,33,14,14,27,7,13,20,-5,-4,3,16,sil
4.9961771965026855,-1,-10,-3,11,0,10,25,1,16,10,-14,-7,3,15,sil
4.9961771965026855,0,-19,-7,-3,-12,7,13,0,13,6,-18,-9,0,8,sil
5.01177453994751,-6,-22,-8,-9,-11,0,7,0,7,5,-23,-15,-4,4,sil
5.01177453994751,-8,-16,-6,-7,-7,-6,6,0,3,1,-14,-12,-2,0,sil
5.027491569519043,4,-3,-8,-9,-6,-10,3,0,7,-2,2,3,5,3,sil
5.027491569519043,13,5,4,-17,0,-6,-2,1,10,-7,3,16,9,7,sil
5.042650461196899,5,2,0,-18,0,-9,-8,0,0,-7,2,6,5,0,sil
5.042650461196899,2,3,-2,-12,-2,-12,-7,-1,-15,-3,16,5,7,-5,sil
5.058712959289551,8,15,6,-5,7,-1,2,1,-10,1,26,10,15,-1,sil
5.058712959289551,-2,13,-1,-2,11,3,2,0,-3,-3,15,-5,0,-13,sil
5.074823379516602,-12,5,-2,7,0,-1,-9,0,-17,-16,0,-18,-22,-27,sil
5.074823379516602,0,11,3,27,0,-3,-7,-3,-28,-23,0,-1,-15,-16,sil
5.09095573425293,0,9,8,27,4,2,-4,-1,-25,-23,-2,4,-8,-3,sil
5.09095573425293,-23,-8,1,6,-3,10,-9,1,-14,-16,-21,-12,-22,-9,sil
5.106090784072876,-26,-15,-13,-4,-5,17,1,0,6,9,-24,-20,-13,-5,sil
5.106090784072876,-7,-8,-3,-7,-1,17,12,0,20,25,-10,-3,7,8,sil
5.121758937835693,-1,-6,-3,-7,-5,1,1,0,17,17,-6,5,4,14,sil
5.121758937835693,7,-4,0,-1,-5,-10,-1,0,15,12,-7,4,3,16,sil
5.1371376514434814,21,1,9,-2,0,-3,7,0,18,15,0,11,15,15,sil
5.1371376514434814,18,2,2,-5,3,-2,1,0,19,5,11,16,9,7,sil
5.15277886390686,19,10,18,3,0,-13,-10,3,20,0,24,20,6,6,sil
5.15277886390686,23,20,17,14,2,-18,-17,0,11,4,35,28,21,11,sil
5.168972969055176,12,15,-1,5,3,-14,-20,-4,-11,-3,30,24,15,3,sil
5.168972969055176,0,7,7,-2,4,0,-14,0,-22,-15,18,6,-7,-8,sil
5.184078931808472,-8,2,2,6,6,11,0,0,-12,-6,3,-16,-12,-10,sil
5.184078931808472,-14,-8,-12,9,3,11,14,0,-4,11,-14,-22,-6,-8,sil
5.20016360282898,-6,-12,-12,7,0,16,29,2,3,26,-8,-9,2,0,sil
5.20016360282898,0,-10,-3,4,5,22,29,2,6,25,3,-4,9,13,sil
5.216052532196045,-13,-12,-3,-5,6,9,15,1,-2,4,-15,-18,0,6,sil
5.216052532196045,-25,-17,-20,-17,-6,0,10,0,-4,-10,-34,-27,-11,-8,sil
5.231728076934815,-18,-14,-19,-26,-15,2,4,-1,-1,-9,-25,-17,-8,-7,sil
5.231728076934815,-17,-16,-16,-31,-11,-7,-6,-4,-8,-15,-22,-14,-6,-4,sil
5.24726152420044,-15,-14,-14,-26,-9,-22,-13,-2,-9,-23,-21,-9,-5,-9,sil
5.24726152420044,10,2,5,-19,-9,-16,-13,3,3,-10,2,16,6,-1,sil
5.262666702270508,25,13,5,-14,-8,-7,-9,1,12,5,15,27,14,5,sil
5.262666702270508,11,10,16,-1,-1,-7,-7,0,0,-6,-3,10,-6,-7,sil
5.278689384460449,3,16,24,16,10,-3,-9,3,-9,-19,-6,2,-18,-17,sil
5.278689384460449,10,17,11,17,11,-1,-13,7,3,-3,11,5,0,-1,sil
5.293941259384155,7,4,11,5,0,-3,-10,1,3,7,6,0,0,5,thankyou
5.293941259384155,-1,-4,1,10,0,0,0,-10,-14,-1,-9,-16,-14,0,thankyou
5.309987306594849,-7,-6,-3,16,7,12,3,-8,-18,-7,-8,-21,-13,0,thankyou
5.309987306594849,-8,-8,-2,11,4,17,10,0,6,10,0,-11,2,2,thankyou
5.32565712928772,3,0,0,12,-1,4,13,0,20,23,11,6,11,9,thankyou
5.32565712928772,26,22,18,22,0,-7,0,-3,4,1,32,31,18,15,thankyou
5.341221809387207,30,31,13,25,7,-5,-11,-2,-4,-17,50,37,26,12,thankyou
5.341844320297241,18,18,5,15,8,0,-5,0,0,0,37,26,17,3,thankyou
5.356039762496948,9,10,12,15,9,3,2,6,3,20,12,13,3,3,thankyou
5.373088836669922,1,8,-1,29,12,7,12,5,4,16,1,0,4,7,thankyou
5.373088836669922,-9,-1,-6,21,5,13,17,1,3,8,-1,-9,0,1,thankyou
5.373088836669922,-17,-21,-12,-8,0,13,14,0,0,8,-7,-9,-11,-5,thankyou
5.3881995677948,-17,-27,-16,-22,0,7,12,0,1,2,-19,-13,-7,-1,thankyou
5.403881788253784,-20,-24,-14,-23,-13,1,8,0,7,-3,-27,-17,-3,0,thankyou
5.403881788253784,-26,-29,-23,-36,-23,0,-1,0,11,-5,-28,-18,-14,-5,thankyou
5.403881788253784,-18,-26,-15,-40,-8,-1,-3,0,18,-5,-26,-14,-14,-7,thankyou
5.419042110443115,0,-2,-8,-22,4,-9,-1,-4,21,14,-8,2,9,2,thankyou
5.434686899185181,12,12,0,-13,-1,-20,-14,-4,4,21,18,19,23,5,thankyou
5.434686899185181,7,4,5,-21,-16,-22,-29,-1,-22,-13,15,11,8,-7,thankyou
5.434686899185181,-3,0,0,-15,-17,-15,-24,-1,-37,-41,-4,-2,-12,-18,thankyou
5.450929641723633,-1,15,14,0,-1,-9,-17,0,-33,-32,-9,0,-22,-18,thankyou
5.450929641723633,0,19,8,8,5,-3,-13,4,-15,-15,-7,0,-16,-13,thankyou
5.464718818664551,-3,9,0,14,1,4,0,7,-1,-3,-4,-5,-8,-8,thankyou
5.480229139328003,-2,4,12,22,2,10,11,3,-4,2,0,-8,-9,-2,thankyou
5.480229139328003,-3,-2,5,21,0,14,13,-2,-5,4,-7,-14,-8,4,thankyou
5.498142719268799,0,-8,5,8,2,23,19,1,4,10,-18,-11,-2,10,thankyou
5.498142719268799,6,-3,0,7,13,22,26,5,17,17,-8,-8,2,7,thankyou
5.498142719268799,4,-6,-11,3,7,5,12,-1,13,13,-4,-11,6,4,thankyou
5.513208866119385,7,-10,2,-4,0,-2,0,-6,2,1,-9,-1,11,9,thankyou
5.513208866119385,9,-8,-3,-7,3,-4,4,-6,-1,-4,0,5,12,12,thankyou
5.527829885482788,0,-10,-9,-15,0,-7,4,-2,4,4,13,1,11,7,thankyou
5.543060302734375,1,-5,1,-16,0,-3,0,2,22,18,19,11,19,12,thankyou
5.543060302734375,20,10,7,0,5,-6,-3,0,25,14,23,24,20,15,thankyou
5.558412790298462,16,19,7,5,-3,-14,-15,-4,1,-3,27,19,6,2,thankyou
5.558412790298462,2,19,0,7,-2,-10,-16,0,-7,-8,35,16,7,-5,thankyou
5.573014497756958,5,25,9,20,10,-3,-5,4,-5,-9,31,23,5,-6,thankyou
5.573014497756958,7,22,16,20,9,-5,-2,5,-15,-15,7,14,-11,-13,thankyou
5.588326930999756,-1,11,9,13,1,-2,-8,4,-16,-13,-3,-1,-18,-12,thankyou
5.588326930999756,-8,2,6,16,5,9,-5,0,-5,-1,-3,-2,-13,-3,thankyou
5.604061603546143,-15,-11,-13,9,6,6,-1,-9,-9,0,-21,-16,-18,-5,thankyou
5.604061603546143,-19,-20,-12,-5,-7,1,0,0,-15,0,-33,-33,-19,-12,thankyou
5.620119571685791,-11,-13,-3,0,-15,12,16,11,7,16,-14,-17,1,3,thankyou
5.620119571685791,-1,-12,-11,7,-6,21,32,3,24,27,-7,0,11,21,thankyou
5.6360180377960205,-4,-20,-5,-8,-5,8,15,-4,12,11,-25,-9,-1,8,thankyou
5.6360180377960205,-9,-21,-8,-26,-17,-8,-6,-5,4,1,-18,-15,-1,0,thankyou
5.651914834976196,2,-11,-3,-23,-19,-12,-11,-2,4,-2,5,4,8,5,thankyou
5.651914834976196,14,1,4,-10,-6,-4,-9,0,5,-12,8,20,15,6,thankyou
5.66726016998291,11,10,-1,-5,4,-1,-4,2,10,-6,12,21,23,2,thankyou
5.66726016998291,9,11,9,-7,10,-6,-2,0,3,1,29,23,20,0,thankyou
5.683215141296387,6,8,2,-1,11,-5,-4,0,-16,-8,20,7,-1,-15,thankyou
5.683215141296387,-3,10,-6,12,8,1,0,-1,-27,-26,-14,-18,-24,-21,thankyou
5.698722362518311,-13,9,-1,16,7,6,4,1,-23,-19,-22,-20,-31,-9,thankyou
5.698722362518311,-15,-7,-9,5,6,0,2,2,-13,3,-13,-15,-25,0,thankyou
5.714778184890747,-12,-13,-4,-3,-4,0,0,0,-3,7,-23,-22,-15,0,thankyou
5.714778184890747,-7,-4,-2,-9,-13,8,2,-1,6,2,-18,-18,-4,4,thankyou
5.730329751968384,2,-2,-2,-16,-5,8,4,1,17,7,5,1,8,13,thankyou
5.730329751968384,10,0,9,-10,1,0,0,0,20,12,13,12,15,15,thankyou
5.745939016342163,10,5,5,-1,-1,-13,-9,-3,2,4,11,14,12,3,thankyou
5.745939016342163,8,6,12,-8,0,-13,-16,0,-9,-4,18,20,8,-11,thankyou
5.76168966293335,5,9,9,-1,15,4,-5,5,8,-5,23,19,7,-13,thankyou
5.76168966293335,-1,9,-2,14,18,11,6,5,9,-3,11,0,-5,-15,thankyou
5.777721405029297,-10,3,0,20,7,2,1,0,-11,3,-8,-10,-14,-18,thankyou
5.777721405029297,-8,-1,0,19,3,6,4,-7,0,20,-5,-2,2,1,thankyou
5.793274402618408,0,-6,4,6,4,12,15,-6,26,24,8,7,20,23,thankyou
5.793274402618408,-2,-16,-7,-15,-4,-5,9,0,13,2,0,-3,13,17,thankyou
5.808898687362671,-6,-15,-17,-22,-17,-24,-9,0,-8,-16,-15,-13,-1,-2,sil
5.808898687362671,2,4,0,-13,-19,-21,-21,-1,-17,-25,-8,-1,-10,-14,sil
5.824042558670044,9,13,2,3,-10,-15,-21,0,-23,-27,2,1,-7,-11,sil
5.824042558670044,4,11,6,19,4,-3,-7,2,-19,-14,1,-2,0,2,sil
5.840023517608643,6,11,9,19,10,14,13,2,-6,4,0,1,2,12,sil
5.840023517608643,10,8,4,19,4,20,21,3,9,20,2,11,6,18,sil
5.854669094085693,5,0,10,23,0,23,27,9,28,36,4,11,17,25,sil
5.854669094085693,-2,-13,-6,10,-5,16,30,1,24,28,-6,-5,8,13,sil
5.870185613632202,-3,-24,-17,-17,-17,-3,10,-7,-4,0,-23,-18,-14,-4,sil
5.870185613632202,0,-14,-8,-19,-15,-6,-4,-2,-8,1,-16,0,-9,4,sil
5.885808706283569,1,-1,-6,-8,-1,0,-4,-1,7,8,0,15,1,12,sil
5.885808706283569,1,5,3,-9,1,-8,-14,-6,0,-12,13,13,-3,-7,sil
5.9011054039001465,10,16,9,0,6,-14,-24,-1,-9,-17,27,15,2,-11,sil
5.9011054039001465,13,24,18,7,16,-9,-23,3,-8,-13,20,18,5,-3,sil
5.916722536087036,1,13,4,-5,14,-4,-19,0,-10,-23,1,3,-8,-14,sil
5.916722536087036,-4,-4,-9,-8,4,-2,-8,1,-7,-13,5,-12,-9,-21,sil
5.932114601135254,-3,-2,6,0,3,4,3,6,0,2,8,-15,-3,-14,sil
5.932114601135254,-10,0,-3,-3,8,8,5,2,-6,-5,-11,-24,-14,-12,sil
5.948648452758789,-19,-12,-16,-5,4,6,-1,-2,-16,-12,-25,-29,-22,-15,sil
5.948648452758789,-13,-9,-6,12,2,11,3,-1,-6,1,-12,-13,-7,-7,sil
5.9628212451934814,-4,0,-4,20,7,12,17,2,8,15,-3,-3,0,5,sil
5.9628212451934814,-13,-7,-6,0,4,8,14,3,15,12,-19,-12,-7,3,sil
5.978858470916748,-23,-21,-20,-19,-9,0,5,-3,17,9,-24,-21,-3,-1,sil
5.995041131973267,-8,-15,-13,-17,-19,-9,6,-5,20,12,0,-5,12,6,sil
5.995041131973267,5,-6,11,-8,-15,-9,6,2,19,16,15,17,22,20,sil
5.995041131973267,0,-5,5,-3,-6,0,-1,0,17,17,2,20,21,23,sil
6.010804653167725,3,1,10,-9,-4,-3,-6,-3,9,8,1,19,20,13,sil
6.03492283821106,11,6,12,-16,-9,-13,-7,0,-4,-4,20,23,21,0,sil
6.035922527313232,9,6,7,-12,-11,-17,-13,0,-24,-24,11,16,7,-5,sil
6.035922527313232,13,15,11,3,-7,-7,-19,0,-29,-32,-8,9,-7,-5,sil
6.035922527313232,27,22,9,17,1,-3,-11,4,-4,-8,16,19,7,2,sil
6.04264497756958,28,24,17,19,7,-2,0,5,7,6,39,26,15,8,sil
6.055846452713013,8,16,8,21,7,3,4,-1,-8,-7,13,2,-10,0,sil
6.0712666511535645,-8,1,-6,25,8,13,6,-5,-19,-11,-11,-23,-25,-12,sil
6.0712666511535645,-9,1,-4,27,11,19,15,-1,-13,4,-11,-21,-18,-7,sil
6.086855173110962,-11,-4,-11,20,9,11,14,-3,-12,3,-17,-21,-19,-4,sil
6.086855173110962,-20,-20,-16,0,7,2,2,-5,-8,0,-24,-28,-21,-10,sil
6.102035284042358,-13,-15,-16,-7,10,9,6,3,8,19,-10,-15,-4,0,sil
6.102035284042358,0,-3,-1,2,8,14,16,8,24,39,0,4,9,16,sil
6.117818117141724,-2,-4,13,1,2,2,9,1,31,28,2,7,14,10,sil
6.117818117141724,-1,-3,-1,-12,-3,-9,-1,0,32,7,8,8,19,4,sil
6.133335590362549,14,0,-1,-22,-12,-7,-7,6,20,-9,7,14,15,6,sil
6.133335590362549,15,-4,0,-31,-19,-12,-18,3,4,-25,0,8,0,0,sil
6.149061679840088,2,-2,-7,-34,-14,-23,-22,-6,-6,-33,4,3,-4,-11,sil
6.149061679840088,-1,9,3,-16,-6,-12,-11,-7,-23,-28,7,5,-4,-12,sil
6.163978815078735,-4,5,-1,7,5,9,0,-4,-27,-14,-4,-7,-10,-9,sil
6.163978815078735,-1,0,0,14,12,11,3,0,-18,-7,-17,-17,-17,-7,sil
6.180113792419434,-4,0,2,8,3,0,0,0,-16,-4,-16,-10,-16,-6,sil
6.180113792419434,-11,-1,-4,6,-5,3,-1,0,-13,6,-8,-6,-5,2,sil
6.195734739303589,-4,0,3,13,1,12,5,2,3,25,-3,0,5,8,sil
6.195734739303589,0,-3,-3,14,0,0,4,1,11,31,-4,0,3,3,sil
6.211797475814819,-1,-12,-4,-1,-14,-16,-5,-2,0,11,-3,-9,-4,2,sil
6.211797475814819,2,-6,2,-10,-6,-6,0,1,1,-2,8,-1,5,5,sil
6.227126359939575,7,0,-3,-11,8,0,1,5,13,-1,16,11,20,-1,sil
6.227126359939575,2,6,9,-12,0,-13,-13,1,1,-10,13,16,10,-8,sil
6.243208169937134,0,14,13,0,-1,-13,-16,-3,-16,-25,20,12,0,-5,sil
6.243208169937134,0,12,10,16,13,3,-1,-1,-11,-17,18,9,0,-3,sil
6.258860349655151,0,7,5,22,16,18,12,3,3,5,3,7,2,3,sil
6.258860349655151,-3,0,-7,16,6,17,20,1,11,25,1,5,4,18,sil
6.273837804794312,-7,-11,-2,-2,-1,9,13,0,15,30,0,0,6,20,sil
6.273837804794312,-4,-13,-1,-5,-3,6,7,6,28,26,-8,-9,10,11,sil
6.290027618408203,7,1,-2,4,1,7,10,7,39,22,-3,-4,15,9,sil
6.290027618408203,15,6,4,-7,0,2,5,-1,28,5,9,9,13,4,sil
6.30545449256897,12,0,0,-18,-7,-11,-4,-8,0,-18,5,11,6,-6,sil
6.30545449256897,8,6,2,-2,-4,-21,-14,-3,-24,-26,-3,5,-2,-11,sil
6.320836305618286,-1,5,-6,4,-5,-15,-17,0,-32,-20,-2,-3,-20,-13,sil
6.320836305618286,-18,-5,-12,0,-7,4,-2,-4,-33,-24,-20,-27,-38,-23,sil
6.336086750030518,-22,-7,-3,7,0,23,26,-1,-19,-17,-39,-33,-32,-21,sil
6.336086750030518,-13,-13,-13,0,1,15,31,0,6,2,-27,-19,-12,-3,sil
6.352141618728638,-13,-21,-12,-28,-12,0,0,-3,15,9,-12,-5,-3,2,sil
6.352141618728638,-6,-11,-4,-25,-8,-1,-14,-2,8,9,-1,0,5,2,sil
6.367663860321045,11,3,1,-1,1,-10,-11,1,2,0,10,3,10,3,sil
6.367663860321045,8,8,2,-3,-4,-22,-26,-1,-16,-23,3,-1,-4,-11,sil
6.383784532546997,-3,5,-7,-16,-7,-20,-37,-7,-36,-28,1,-3,-15,-18,sil
6.383784532546997,6,11,10,0,6,-11,-17,-1,-24,-9,20,12,-3,1,sil
6.399198770523071,15,21,21,26,12,0,1,5,0,0,25,18,11,14,sil
6.399198770523071,4,16,8,31,5,10,0,3,-1,2,6,10,9,6,sil
6.414397954940796,2,7,12,28,6,12,1,1,-12,11,-3,11,0,7,sil
6.414397954940796,9,1,12,27,12,15,20,3,4,28,4,9,8,19,sil
6.430098533630371,8,-3,8,16,7,19,29,3,28,39,11,1,25,24,sil
6.430098533630371,0,-15,-6,-2,-1,8,20,0,31,33,4,0,23,17,sil
6.445904970169067,-1,-24,-14,-20,-9,-9,10,0,28,19,-2,-1,7,10,sil
6.445904970169067,0,-15,1,-30,-11,-6,9,2,23,7,-3,-2,3,6,sil
6.461034297943115,0,-2,-5,-24,-5,0,-1,1,13,-1,0,5,8,0,sil
6.461034297943115,3,3,-7,-14,0,-7,-23,-2,0,-16,7,13,5,-9,sil
6.476781368255615,6,11,2,-1,0,-14,-24,-4,-10,-20,21,15,0,-10,sil
6.476781368255615,11,22,8,16,7,-6,-2,2,-8,-10,20,14,1,-1,sil
6.492167711257935,9,24,14,19,17,9,5,8,0,-6,6,5,-3,-6,sil
6.492167711257935,-5,11,-4,15,21,11,3,0,-3,-10,-2,-13,-13,-16,sil
6.507790803909302,-18,-1,-12,14,13,2,6,-6,-17,-9,-12,-24,-21,-13,sil
6.507790803909302,-19,-8,-6,5,0,9,12,-1,-14,1,-22,-25,-22,-8,sil
6.524429559707642,-15,-14,-12,-2,-3,19,14,2,-1,4,-27,-24,-16,-9,sil
6.524429559707642,-6,-15,-1,-1,0,8,16,4,2,5,-29,-16,-10,-2,sil
6.539970874786377,-1,-16,-1,-8,-4,-8,11,0,4,7,-24,-11,-1,6,sil
6.539970874786377,-7,-22,-11,-27,-21,-23,-6,-7,4,-1,-13,-8,2,1,sil
6.554669618606567,-11,-20,-9,-32,-26,-27,-22,-9,-6,-21,-3,0,0,-8,sil
6.570683240890503,0,-1,-5,-15,-13,-17,-23,-1,-11,-20,8,11,1,-4,sil
6.570683240890503,10,11,10,-4,-8,-8,-21,0,-7,-8,22,13,1,1,sil
6.570683240890503,7,10,7,-5,-9,-12,-18,-5,-7,-4,22,9,0,-2,sil
6.587169408798218,-1,8,3,-4,-1,-6,-11,0,-9,-5,11,5,3,-3,sil
6.587169408798218,-3,9,10,7,4,9,-8,11,-1,1,5,4,4,0,sil
6.603279113769531,-3,6,2,21,6,15,-7,4,4,9,0,1,0,0,sil
6.603279113769531,-4,3,4,18,6,17,-1,0,-3,5,-7,0,-3,0,sil
6.617861747741699,-7,-1,-2,11,1,20,12,0,-10,1,-11,-8,0,2,sil
6.617861747741699,-6,-11,-5,3,-6,15,20,-1,-10,-1,-20,-14,-5,0,sil
6.634062051773071,-2,-9,5,-3,-6,14,25,0,3,2,-19,-6,-7,1,sil
6.634062051773071,13,-2,0,0,0,19,30,2,31,25,5,4,10,18,sil
6.648510694503784,30,3,5,3,7,12,19,1,42,35,19,21,24,28,sil
6.648510694503784,27,10,3,4,10,-4,0,2,30,21,15,26,24,21,sil
6.666142702102661,16,15,0,9,11,-15,-8,4,13,8,21,23,22,16,sil
6.666142702102661,18,13,16,13,10,-10,-3,0,3,1,26,23,19,13,sil
6.679750680923462,15,0,5,-3,7,-7,0,-4,2,-10,15,12,6,-1,sil
6.679750680923462,3,0,-7,-22,8,-10,-1,-4,-2,-19,7,0,-8,-14,sil
6.696013689041138,-1,15,-7,-14,5,-18,-9,0,-18,-21,4,-4,-10,-17,sil
6.711156606674194,-6,13,-6,2,-4,-26,-21,1,-34,-25,-8,-15,-12,-21,sil
6.711156606674194,-7,2,8,11,0,-15,-17,-1,-31,-19,-12,-14,-15,-12,sil
6.727927684783936,-3,6,2,19,17,9,3,-5,-12,2,4,-8,-2,0,sil
6.727927684783936,-17,0,-7,14,13,15,6,0,-11,3,-2,-23,-4,-9,sil
6.742833614349365,-36,-21,-15,-2,-3,7,-1,1,-22,-9,-29,-33,-30,-21,sil
6.742833614349365,-24,-24,-13,-3,-6,7,12,-5,-7,2,-22,-18,-26,-6,sil
6.742833614349365,0,-8,6,7,-2,15,24,-1,20,27,1,-5,6,10,sil
6.756699800491333,0,-6,4,5,-1,10,14,5,32,32,2,1,11,17,sil
6.772146224975586,-9,-16,1,-9,-10,2,1,1,23,23,-8,6,-6,18,sil
6.772146224975586,-1,-15,0,-16,-21,0,-3,-1,18,14,-7,6,5,10,sil
6.787652492523193,12,-4,-1,-17,-20,-9,-12,2,17,0,-2,9,28,0,sil
6.787652492523193,9,0,4,-24,-13,-17,-18,2,5,-11,-2,18,12,-7,sil
6.8036956787109375,-1,0,-8,-26,-11,-12,-18,0,0,-12,4,13,-12,-12,sil
6.8036956787109375,-2,2,-6,-19,-8,-8,-16,0,-5,-17,11,8,-16,-13,sil
6.819059610366821,0,5,4,-12,0,-7,-12,0,-21,-34,3,0,-13,-15,sil
6.819059610366821,-2,3,-6,-5,4,0,-7,-3,-29,-34,-3,-7,-20,-12,sil
6.834654808044434,-3,4,1,10,4,8,-1,-1,-15,-15,-1,-5,-31,-8,sil
6.834654808044434,-3,5,4,21,4,2,0,0,-8,-9,-3,-9,-6,-6,sil
6.850117206573486,-5,5,5,19,4,0,-5,0,-12,-8,-10,-14,37,0,sil
6.850117206573486,0,10,11,22,15,17,4,1,-1,7,-3,-3,33,2,sil
6.8660728931427,10,13,4,36,23,27,27,1,15,25,3,3,0,7,sil
6.8660728931427,16,11,7,30,8,10,25,2,12,20,3,6,8,23,sil
6.882006645202637,18,1,-3,4,-3,-5,12,2,5,14,14,17,30,34,sil
6.882006645202637,20,-2,-7,-4,0,-2,14,0,20,18,23,21,23,26,sil
6.898062229156494,15,4,6,0,-2,-2,8,-1,22,11,11,7,4,9,sil
6.898062229156494,0,0,-5,-19,-10,-20,-15,0,-3,-8,0,-6,-8,-7,sil
6.913684844970703,-8,-6,-4,-39,-8,-21,-26,2,-19,-20,3,-2,-11,-14,sil
6.913684844970703,-2,6,6,-12,4,-1,-10,1,-9,-5,14,6,-5,-7,sil
6.928757667541504,-1,10,8,15,16,11,5,0,-5,6,8,2,-8,-1,sil
6.928757667541504,-6,-1,7,12,15,17,7,-3,-10,6,-9,-5,-17,-2,sil
6.943962574005127,-4,-5,0,16,5,14,9,-8,-13,3,-19,-18,-18,0,sil
6.943962574005127,-6,-6,1,19,-1,5,17,-3,-14,3,-22,-19,-13,1,sil
6.959813117980957,-17,-20,-10,-5,-6,2,19,1,7,12,-25,-14,-5,1,sil
6.959813117980957,-18,-28,-23,-29,-11,0,14,0,36,17,-25,-17,-3,0,sil
6.97508978843689,-7,-13,-12,-23,-13,-6,7,0,42,15,-16,-7,5,2,sil
6.97508978843689,0,-7,-13,-12,-14,-8,-6,3,34,14,0,9,20,3,sil
6.990708351135254,1,-7,-5,-15,-15,-11,-25,2,12,0,4,6,8,-6,sil
6.990708351135254,6,0,-2,-17,-5,-10,-23,-1,-13,-28,-1,0,-8,-16,sil
7.006779432296753,10,4,-3,-12,7,-4,-9,-3,-25,-29,4,8,-5,-8,sil
7.006779432296753,8,4,10,-2,10,-3,-9,-1,-21,-11,19,14,2,-3,sil
7.022680997848511,6,10,8,8,8,-6,-10,0,-16,-6,19,8,2,-5,sil
7.022680997848511,11,19,12,11,8,-4,-3,0,-6,-5,11,12,2,-1,sil
7.038207769393921,8,16,10,8,3,0,-1,2,6,8,17,15,9,2,sil
7.038207769393921,-7,6,1,13,0,-5,-12,1,5,8,23,2,9,-1,sil
7.054111242294312,-7,10,15,20,5,0,-20,1,-8,-9,19,4,3,-1,sil
7.054111242294312,6,22,10,28,8,4,-18,1,-5,-9,23,14,11,7,sil
7.070289134979248,8,17,7,28,2,0,-14,0,-5,-6,21,6,10,9,thankyou
7.070289134979248,-3,0,8,17,1,6,-2,1,-13,-2,8,-9,0,0,thankyou
7.0858001708984375,-9,-8,-5,4,0,18,18,4,-10,6,0,-10,2,-2,thankyou
7.0858001708984375,-9,-5,0,4,-2,16,31,5,-8,-2,-11,-5,-6,-1,thankyou
7.101277112960815,-5,-5,-1,14,-3,4,30,-1,-6,-10,-23,-12,-21,0,thankyou
7.101277112960815,4,-11,-5,5,-7,0,28,-3,-3,5,-22,-7,-13,8,thankyou
7.117148399353027,3,-11,0,-14,-12,5,29,1,-3,12,-21,-2,-5,17,thankyou
7.117148399353027,-5,-8,-7,-20,-8,6,23,-3,5,3,-25,-11,-13,9,thankyou
7.132155656814575,0,-4,-7,-17,-2,-1,6,-2,19,1,-28,-11,-13,0,thankyou
7.132155656814575,5,-13,-12,-21,-1,-8,-1,3,22,8,-30,-8,-7,-2,thankyou
7.147663354873657,-1,-24,-11,-27,-6,-4,0,0,21,15,-25,-8,-5,0,thankyou
7.147663354873657,-2,-15,-4,-24,-5,6,-3,-4,15,12,-10,0,4,5,thankyou
7.1627490520477295,0,-1,-15,-12,6,3,-9,-3,5,1,-9,0,10,0,thankyou
7.1627490520477295,-12,-5,-16,-16,3,-6,-15,-5,7,-2,-19,-12,0,-19,thankyou
7.178870439529419,-20,-15,-20,-34,-7,-12,-17,-6,13,-1,-2,-8,1,-17,thankyou
7.178870439529419,-5,-2,-9,-28,-3,-20,-22,-2,-2,-13,23,6,10,-5,thankyou
7.194216012954712,11,18,9,-3,4,-16,-24,0,-14,-18,27,12,8,-4,thankyou
7.194216012954712,10,16,8,2,4,-4,-13,5,0,-2,25,8,2,-4,thankyou
7.210142135620117,1,10,16,2,8,-2,-3,11,4,8,28,8,0,-5,thankyou
7.210142135620117,4,16,16,23,13,-3,-2,3,-9,4,28,10,3,-6,thankyou
7.22606348991394,12,17,11,36,10,5,0,0,-21,-2,20,10,3,0,thankyou
7.22606348991394,10,18,19,33,9,16,2,1,-22,-5,9,12,0,4,thankyou
7.240817070007324,4,19,12,39,12,9,-1,-5,-19,-3,2,9,-1,5,thankyou
7.240817070007324,4,14,16,47,7,7,0,-8,-6,0,1,0,-2,5,thankyou
7.256118535995483,3,8,12,45,0,11,11,0,2,3,4,-5,-2,6,thankyou
7.256118535995483,3,-2,2,18,-7,8,14,1,-3,2,5,1,1,12,thankyou
7.271960973739624,6,-9,8,-9,-13,9,11,-1,-3,5,2,9,9,20,thankyou
7.271960973739624,0,-9,0,-4,-7,4,10,5,19,14,0,1,8,19,thankyou
7.287556886672974,-10,-15,-10,-6,-7,-13,0,2,18,4,-11,-12,-4,6,thankyou
7.287556886672974,-16,-28,-20,-40,-20,-21,-8,-5,-7,-20,-21,-18,-12,-11,thankyou
7.30282998085022,-12,-20,-20,-42,-15,-10,3,-2,-1,-16,-7,-6,0,-9,thankyou
7.30282998085022,0,0,-4,-18,0,-1,10,0,20,6,10,12,12,8,thankyou
7.319883584976196,5,4,-13,-15,0,-8,0,-2,10,2,5,7,10,1,thankyou
7.319883584976196,-1,7,-9,-13,3,-8,-7,0,-11,-12,-5,-4,0,-20,thankyou
7.334419727325439,-6,8,2,2,15,9,1,7,-9,4,-1,-1,-1,-13,thankyou
7.334419727325439,-5,-4,0,7,15,19,8,1,2,20,-5,-1,-1,5,thankyou
7.351488351821899,0,-3,1,6,10,13,7,0,13,3,-24,-7,-7,4,thankyou
7.351488351821899,5,0,-3,3,5,1,4,0,24,0,-14,0,6,3,thankyou
7.365837812423706,8,-8,2,-16,-7,-13,-8,3,10,6,8,10,17,5,thankyou
7.381024122238159,7,1,8,-15,-6,-16,-18,1,-16,-7,3,6,-5,-5,thankyou
7.381024122238159,3,19,1,18,9,0,-6,-3,-27,-23,-17,-8,-29,-19,thankyou
7.397034645080566,-2,9,9,27,7,10,6,-3,-17,-18,-21,-14,-24,-17,thankyou
7.397034645080566,-9,-14,-1,3,-10,0,10,0,-3,-1,-10,-14,-10,-5,thankyou
7.412664413452148,-8,-23,-9,-12,-21,-1,9,0,6,19,-9,-10,-1,5,thankyou
7.412664413452148,0,-9,5,-12,-12,3,6,-2,20,27,-2,3,11,14,thankyou
7.429762601852417,8,6,5,-7,2,0,5,1,23,13,22,24,20,19,thankyou
7.429762601852417,5,12,3,-1,4,-2,-7,6,-3,-5,28,21,4,5,thankyou
7.429762601852417,-8,2,-7,0,0,-5,-32,-5,-28,-19,0,-13,-19,-20,thankyou
7.444703578948975,-15,-1,-8,0,0,-5,-33,-8,-20,-16,-11,-24,-25,-26,thankyou
7.459139823913574,-7,3,1,13,6,14,1,4,-1,5,2,-8,-6,-6,thankyou
7.459139823913574,-3,-5,-6,14,5,22,17,1,1,19,4,-11,8,7,thankyou
7.475723743438721,-5,-14,-3,-4,-5,-3,-1,-9,-4,0,-5,-12,3,3,thankyou
7.475723743438721,3,0,0,-8,-5,-16,-12,-3,0,-13,6,9,6,0,thankyou
7.489861726760864,22,18,12,3,3,-6,-5,2,10,-1,31,29,27,10,thankyou
7.489861726760864,23,22,22,7,9,-2,-1,3,9,10,35,36,32,19,thankyou
7.505237340927124,3,14,7,9,11,-4,0,1,-1,6,19,19,10,4,thankyou
7.505237340927124,-7,7,7,14,8,2,2,0,-10,-5,-1,-7,-7,-9,thankyou
7.520724773406982,-4,1,4,17,2,3,10,0,-7,-4,-12,-18,-6,0,thankyou
7.520724773406982,0,-8,-5,8,0,4,25,9,13,12,-18,-9,3,13,thankyou
7.536830186843872,0,-14,-3,-10,-1,12,28,4,34,25,-20,-4,10,10,thankyou
7.536830186843872,3,-12,-9,-21,-3,6,16,-4,31,10,-10,-4,8,5,thankyou
7.551981687545776,8,-3,-4,-17,-2,-5,6,0,11,-17,5,6,0,2,thankyou
7.551981687545776,4,0,-5,-12,-6,-10,-4,1,-9,-31,9,11,-7,-7,thankyou
7.567201852798462,-2,-2,-3,-10,-9,-11,-21,-5,-32,-35,-7,1,-22,-14,thankyou
7.567201852798462,-3,0,9,4,0,0,-12,-2,-28,-18,-20,-2,-26,-6,thankyou
7.583291292190552,-3,-2,-6,13,2,12,10,3,5,14,-8,-1,-4,5,sil
7.583291292190552,-2,-6,-5,0,-7,4,6,1,22,24,0,0,9,8,sil
7.598835229873657,5,-3,1,-8,-8,-5,-7,-3,6,12,-3,5,6,8,sil
7.598835229873657,6,0,-7,-4,0,-10,-10,-6,-10,-1,0,6,0,0,sil
7.614038944244385,1,13,4,0,1,-9,-14,-2,-19,-14,8,4,-6,-10,sil
7.614038944244385,-1,22,7,14,2,-10,-17,0,-24,-13,10,0,-5,-7,sil
7.630160808563232,-8,9,0,19,1,-7,-17,0,-31,-9,0,-10,-7,-9,sil
7.630160808563232,-16,-5,-5,0,0,8,-10,2,-23,-2,-2,-14,-7,-15,sil
7.64572262763977,-17,-10,-7,-7,2,17,9,5,5,16,0,-12,3,-4,sil
7.64572262763977,-13,-7,1,0,7,10,25,4,29,26,-7,-10,9,1,sil
7.660964965820312,-3,-6,-2,0,3,4,15,-1,36,17,-7,1,10,0,sil
7.660964965820312,3,-8,0,-15,0,-5,-7,-5,25,3,9,14,10,2,sil
7.676553726196289,0,-6,-3,-16,0,-14,-17,-1,3,-7,16,3,0,-6,sil
7.676553726196289,-9,0,-7,6,4,0,-3,3,-10,-12,2,-15,-10,-20,sil
7.692050695419311,-9,0,5,19,4,21,12,1,-10,-5,-11,-14,-11,-5,sil
7.692050695419311,2,-3,0,13,1,20,25,0,0,8,-16,-10,-4,20,sil
7.70772123336792,11,-1,-3,2,0,1,28,0,15,18,-8,-10,7,20,sil
7.70772123336792,0,-3,1,-13,-6,-11,7,1,17,10,3,-1,14,3,sil
7.72382116317749,0,-6,-3,-31,-11,-17,-14,1,3,-7,8,9,5,2,sil
7.72382116317749,23,5,9,-24,-11,-8,-19,0,-10,-16,12,19,2,7,sil
7.73976469039917,34,19,15,6,-2,0,-13,-4,-8,-9,23,24,12,5,sil
7.73976469039917,19,23,13,28,7,1,-5,0,-2,-2,19,20,7,2,sil
7.755084037780762,4,24,15,26,11,11,8,-1,-6,-2,-1,8,-8,2,sil
7.755084037780762,3,12,7,22,11,25,10,-4,-8,5,-10,-1,-8,4,sil
7.770693302154541,5,0,10,19,7,17,0,0,2,11,-3,-3,-4,5,sil
7.770693302154541,-2,-8,-2,0,-2,-4,-3,3,13,9,-4,-2,-1,4,sil
7.786717653274536,-11,-16,-15,-23,-12,-20,-3,0,14,5,-11,0,1,2,sil
7.786717653274536,-9,-21,-10,-28,-13,-18,-2,0,9,0,-4,3,1,0,sil
7.802154541015625,-3,-9,-12,-9,-4,-15,-1,3,3,-10,11,7,2,-6,sil
7.802154541015625,2,10,3,0,-1,-16,-8,1,-7,-14,12,15,6,-6,sil
7.817659139633179,3,14,5,-1,0,-12,-10,-1,-17,-16,3,8,-1,-7,sil
7.817659139633179,-2,7,0,8,7,1,-5,-5,-25,-22,-6,-10,-18,-13,sil
7.834640026092529,-12,4,4,15,10,11,-1,-3,-28,-14,-16,-14,-19,-11,sil
7.834640026092529,-22,-11,-17,-1,0,8,-1,0,-18,-3,-17,-20,-8,-5,sil
7.850330352783203,-26,-28,-21,-9,0,12,3,2,-7,-1,-13,-31,-8,-5,sil
7.850330352783203,-19,-16,-8,6,4,15,14,3,0,15,-11,-23,-6,-1,sil
7.865951299667358,-9,-3,-3,1,-5,3,16,3,12,30,-9,-1,10,7,sil
7.865951299667358,0,-3,0,-22,-11,0,1,5,26,16,0,9,25,13,sil
7.881638288497925,5,0,-6,-20,0,-4,-5,1,24,3,14,7,19,6,sil
7.881638288497925,8,10,2,-1,0,-12,0,-1,7,-2,13,8,1,-4,sil
7.897661447525024,13,14,8,1,0,-5,-2,-3,-3,-13,9,9,-5,-8,sil
7.897661447525024,14,11,4,-1,0,0,-10,-3,-5,-12,10,4,-7,-4,sil
7.912798643112183,7,15,17,11,0,0,-8,0,-4,-2,4,0,-10,-1,sil
7.912798643112183,1,10,8,27,8,10,5,0,-2,4,-2,-4,-4,1,sil
7.928808689117432,-2,-7,-4,15,11,21,18,0,0,11,-9,-14,0,2,sil
7.928808689117432,-2,-16,-4,0,2,16,25,3,13,26,-14,-11,0,6,sil
7.943933725357056,5,-10,1,-1,0,0,14,3,34,31,-5,2,13,15,sil
7.943933725357056,14,-4,10,-5,-3,-13,-6,0,24,14,13,21,22,15,sil
7.960073709487915,17,0,5,-7,-10,-17,-10,-3,6,0,23,22,12,5,sil
7.960073709487915,15,8,5,-2,-4,-11,-7,0,-2,-11,14,13,4,0,sil
7.975512504577637,6,11,2,1,4,-7,-16,-1,-17,-22,4,7,0,-5,sil
7.975512504577637,0,13,-2,3,8,0,-15,-3,-29,-27,4,7,-6,-7,sil
7.991049528121948,3,17,16,9,16,13,2,0,-16,-12,6,3,-9,-2,sil
7.991049528121948,-4,7,7,19,15,18,10,0,-6,1,2,-8,-4,-3,sil
8.00695013999939,-23,-11,-11,12,0,11,3,-5,-16,-1,-6,-16,-9,-9,sil
8.00695013999939,-25,-21,-15,-10,-11,2,4,-1,-4,5,-10,-9,-6,0,sil
8.02208399772644,-7,-21,-18,-24,-14,-8,8,3,27,24,-6,1,11,16,sil
8.02208399772644,5,-11,-2,-18,-20,-22,-4,3,25,9,0,6,16,7,sil
8.045000553131104,1,0,0,-13,-18,-27,-23,-1,-8,-26,3,1,-1,-15,sil
8.045000553131104,-10,-1,-7,-11,-7,-15,-25,-5,-28,-37,-12,-10,-24,-20,sil
8.045000553131104,-14,-7,-3,0,0,8,0,0,-22,-17,-29,-17,-27,-8,sil
8.053525924682617,-9,-7,-10,5,0,16,23,4,-9,0,-30,-19,-15,-1,sil
8.068676233291626,-7,-7,-4,-8,-6,4,13,1,0,0,-25,-14,-12,-4,sil
8.068676233291626,-2,-4,-1,-19,-9,-4,-1,0,21,0,-10,-3,-4,-4,sil
8.083976984024048,10,10,1,-8,1,-2,-1,3,27,1,11,8,10,2,sil
8.083976984024048,20,28,13,14,21,7,0,4,1,1,21,21,10,5,sil
8.099949598312378,13,25,8,27,25,10,1,1,-12,10,19,13,3,1,sil
8.099949598312378,3,8,10,17,10,9,4,0,0,24,6,-3,5,5,sil
8.114660024642944,0,0,9,17,7,11,8,0,13,28,0,-7,15,17,sil
8.114660024642944,7,1,7,23,11,6,8,1,19,26,12,7,23,19,sil
8.129725217819214,9,0,9,9,4,-3,-3,-2,15,15,25,19,24,7,sil
8.147515296936035,0,-1,-5,-10,-4,-15,-22,-9,-8,-8,17,10,8,-3,sil
8.147515296936035,0,2,-1,-8,-7,-10,-23,-4,-33,-26,0,0,-13,-13,sil
8.147515296936035,1,3,2,8,-1,14,2,2,-26,-15,0,-4,-9,-9,sil
8.16172456741333,-6,-7,-6,11,5,23,27,2,0,4,0,-3,3,8,sil
8.162721872329712,-6,-8,-3,-6,2,2,22,0,14,7,-5,0,0,14,sil
8.177809000015259,1,-4,-8,-17,-6,-14,-2,-2,15,2,-5,0,1,3,sil
8.177809000015259,3,-8,-3,-14,-9,-15,-23,-2,6,0,0,6,9,-3,sil
8.193127393722534,6,-3,0,-7,-5,-12,-23,0,-1,-3,11,17,9,-3,sil
8.194128513336182,10,11,-1,4,0,-8,-8,5,-2,-7,17,9,1,-2,sil
8.209142684936523,1,7,5,9,2,3,5,6,-4,-12,0,-10,-13,0,sil
8.224684000015259,-11,-9,-6,2,2,11,17,1,-5,-8,-17,-18,-25,0,sil
8.224684000015259,-16,-9,-5,2,3,14,28,0,1,5,-19,-17,-18,0,sil
8.224684000015259,-13,-4,0,0,0,15,31,-1,15,16,-19,-16,-3,0,sil
8.238779783248901,-7,-13,-9,-15,-10,-1,16,-5,20,7,-17,-10,0,0,sil
8.25381350517273,-6,-18,-6,-30,-20,-21,-8,-1,9,-9,-9,0,-1,-9,sil
8.25381350517273,-6,-11,-9,-27,-20,-26,-24,0,-5,-13,-3,3,3,-19,sil
8.269798755645752,0,7,1,-14,-8,-19,-28,-2,-14,-10,1,12,0,-12,sil
8.269798755645752,3,22,16,1,8,-3,-21,0,-19,-12,10,18,-11,-3,sil
8.285874605178833,2,13,9,13,14,7,-6,2,-22,-9,9,1,-9,-4,sil
8.285874605178833,0,0,12,16,8,15,4,0,-16,3,-5,-12,-1,-5,sil
8.301982879638672,-16,-4,0,7,-2,14,4,-2,-5,11,-17,-19,-4,-4,sil
8.301982879638672,-24,-9,-11,-5,-12,6,0,-2,2,3,-23,-24,-10,-10,sil
8.318493843078613,1,-2,0,0,-2,3,-3,0,8,-5,-10,-9,0,-4,sil
8.318493843078613,24,11,5,13,10,3,-9,3,8,-3,19,18,18,19,sil
8.318493843078613,20,18,11,11,8,-4,-14,6,2,-4,32,29,21,25,sil
8.334139823913574,15,18,5,11,8,-7,0,3,0,-1,21,19,13,5,sil
8.348711013793945,16,18,1,24,16,9,19,0,0,13,9,3,10,0,sil
8.348711013793945,6,6,2,27,11,27,26,-1,3,25,-1,-16,0,5,sil
8.364004135131836,-6,-13,-11,8,2,13,20,-3,7,15,-16,-29,-12,0,sil
8.364004135131836,0,-13,-4,-14,0,-8,6,-1,10,0,-7,0,-2,1,sil
8.379878282546997,19,2,2,-10,0,-12,2,0,16,-2,30,42,25,27,sil
8.379878282546997,25,11,6,2,5,-7,6,-1,11,-3,42,50,32,38,sil
8.395207166671753,10,6,9,-3,3,-7,-2,0,-2,-4,18,29,12,12,sil
8.395207166671753,-8,-4,-4,-10,-4,-13,-16,0,-5,1,2,0,-8,-18,sil
8.410216808319092,-15,-8,-1,0,-1,-5,-9,0,-7,3,-6,-19,-21,-25,sil
8.410216808319092,-11,-3,0,17,6,7,4,1,-7,9,-15,-25,-16,-9,sil
8.42577052116394,-7,-10,-8,8,0,4,6,1,-1,24,-12,-18,-2,4,sil
8.42577052116394,-17,-25,-9,-20,-14,-2,0,-1,0,10,-11,-11,-4,1,sil
8.441006183624268,-30,-30,-19,-36,-25,-8,-14,-4,-8,-26,-28,-20,-19,-12,sil
8.441006183624268,-21,-16,-14,-34,-26,-9,-18,-3,-7,-36,-34,-22,-18,-17,sil
8.457017183303833,0,-1,-6,-26,-11,1,-4,-3,2,-17,-11,-5,0,-9,sil
8.457017183303833,3,4,-3,-15,1,4,-4,-4,2,-11,4,4,5,-9,sil
8.472666025161743,-1,8,8,-5,1,-5,-12,1,-6,-11,1,0,0,-19,sil
8.472666025161743,-4,15,3,7,7,2,4,5,-6,6,4,-4,-1,-16,sil
8.488161087036133,-2,20,10,32,17,19,19,5,-1,23,16,0,1,0,sil
8.488161087036133,3,16,17,41,12,15,15,0,4,26,22,10,12,13,sil
8.503713846206665,3,0,4,14,-5,1,11,0,15,23,4,6,13,16,sil
8.503713846206665,0,-10,0,-19,-14,-5,-1,2,11,3,-17,0,0,4,sil
8.519758939743042,12,0,1,-14,-5,-17,-15,0,-2,-18,-5,8,-4,1,sil
8.519758939743042,24,22,18,16,4,-17,-11,0,-13,-26,14,20,-1,5,sil
8.535156488418579,12,18,11,24,9,6,0,2,-13,-17,-1,5,-8,0,sil
8.535156488418579,-3,-8,-17,2,11,19,9,-1,-8,-3,-22,-17,-7,0,sil
8.550549983978271,-1,-16,-7,-2,10,16,24,0,-2,11,-11,-8,-1,14,sil
8.550549983978271,5,-6,0,12,6,14,27,4,11,21,1,4,4,18,sil
8.566139221191406,1,-6,0,4,2,0,1,-2,22,5,-6,0,5,4,sil
8.566139221191406,-11,-7,-4,-17,-2,-19,-24,-7,10,-18,-9,-7,-3,-11,sil
8.582156419754028,-10,-7,-16,-23,-9,-23,-25,0,-2,-23,3,-1,-8,-15,sil
8.582156419754028,8,1,2,-12,-8,-13,-17,2,-1,-14,18,12,1,-7,sil
8.597819089889526,17,11,14,3,0,-9,-13,0,-5,-8,29,17,13,4,sil
8.597819089889526,7,9,7,8,3,-9,-11,0,-16,0,29,12,10,7,sil
8.612974643707275,0,9,4,7,-1,-3,-5,0,-18,7,20,6,4,0,sil
8.612974643707275,6,11,4,18,0,6,6,1,-11,8,12,4,1,-1,sil
8.629024982452393,8,10,11,21,9,14,16,5,-5,7,2,1,0,2,sil
8.629024982452393,-7,0,-8,5,8,13,14,-2,-2,9,-10,-15,-3,-3,sil
8.645046710968018,-24,-17,-24,-6,0,8,6,-9,-5,6,-24,-33,-14,-17,sil
8.645046710968018,-18,-20,-8,-5,-1,14,14,2,3,13,-17,-21,-6,-8,sil
8.66077995300293,-2,-7,0,-1,0,20,26,9,30,35,0,0,20,19,sil
8.66077995300293,1,-8,5,-7,-7,6,14,1,35,30,-4,4,15,25,sil
8.676157236099243,0,-20,-5,-17,-16,-6,0,0,25,14,-10,1,0,7,sil
8.676157236099243,-5,-21,-17,-30,-14,-9,-6,2,24,13,-5,-1,5,-2,sil
8.691768646240234,-10,-9,-8,-37,-8,-12,-20,0,19,1,-8,-6,5,-3,sil
8.691768646240234,-4,5,-3,-15,-3,-17,-22,-7,1,-24,-8,0,-2,-10,sil
8.707043170928955,8,21,6,2,2,-3,-5,-6,-9,-28,3,17,-3,-10,sil
8.707043170928955,4,16,0,-4,6,6,0,0,-14,-25,1,11,-13,-7,sil
8.722689151763916,0,10,-4,-2,7,1,-8,1,-26,-33,-10,-2,-24,-10,sil
8.722689151763916,6,22,19,26,11,0,-7,-1,-33,-33,0,4,-15,-6,sil
8.737803936004639,5,19,18,35,11,-2,-1,0,-26,-6,18,8,0,1,sil
8.737803936004639,-3,0,10,19,8,-4,-2,3,-17,15,13,1,9,0,sil
8.753618001937866,2,0,8,27,9,5,4,0,-13,13,3,1,8,3,sil
8.753618001937866,5,0,4,36,3,7,12,-4,-15,0,-2,-5,-1,10,sil
8.768744468688965,-7,-16,-2,3,-18,-1,6,0,-18,-7,-17,-17,-12,0,sil
8.768744468688965,-12,-24,-19,-27,-26,-7,2,-3,0,-8,-23,-16,-9,-7,sil
8.783887147903442,0,-6,-2,-20,-8,-3,9,-3,29,0,-4,-3,3,3,sil
8.783887147903442,10,5,8,-4,-1,2,8,5,39,15,12,6,16,11,sil
8.799115419387817,14,1,-5,-5,-3,-7,-1,2,26,11,15,13,14,6,sil
8.814675092697144,11,4,3,-13,0,-19,-10,-2,10,-3,15,23,6,0,sil
8.814675092697144,8,8,5,-15,0,-6,-15,2,1,4,21,26,7,0,sil
8.830740213394165,16,10,7,-8,3,4,-13,5,-2,12,24,22,8,2,sil
8.830740213394165,18,18,13,10,21,2,-7,3,-1,1,18,14,-3,7,sil
9.313867092132568,-14,-4,-8,0,9,18,10,2,25,26,0,-3,6,7,sil
9.313867092132568,-2,-3,-10,-13,0,-5,-3,1,24,20,14,8,15,7,sil
9.328993320465088,-4,2,1,-19,-8,-16,-18,-4,-2,-9,11,1,-2,-13,sil
9.344658136367798,-5,19,4,0,1,-10,-13,-1,-19,-22,17,3,-12,-15,sil
9.344658136367798,1,21,16,28,16,3,4,3,-5,0,20,10,-1,0,sil
9.344658136367798,2,4,16,30,15,10,11,3,10,21,0,1,6,8,sil
9.360855340957642,3,-5,1,7,0,-4,1,1,16,16,-10,0,11,14,sil
9.360855340957642,10,-3,1,-11,-16,-23,-9,0,15,2,2,10,9,16,sil
9.375977754592896,7,-8,-10,-18,-20,-26,-15,-6,0,-11,0,1,-3,6,sil
9.375977754592896,0,-12,-8,-24,-16,-22,-18,-8,-26,-33,-23,-9,-16,-9,sil
9.391667366027832,0,-4,-2,-27,-17,-17,-16,-1,-31,-41,-18,-1,-12,-18,sil
9.407699584960938,-5,-2,-9,-20,-13,-10,-14,2,-20,-27,2,-2,-8,-15,sil
9.408699035644531,-6,0,2,1,0,0,-10,2,-16,-14,0,-13,-13,-12,sil
9.408699035644531,2,13,9,28,9,11,0,2,-10,-7,0,-6,-6,-5,sil
9.422801733016968,6,18,10,28,10,21,9,5,-7,-3,2,2,2,5,sil
9.422801733016968,0,0,1,7,15,32,15,2,-8,1,-13,-7,0,9,sil
9.437941551208496,-7,-13,-11,0,10,29,21,-3,0,10,-24,-17,-6,4,sil
9.437941551208496,-5,-7,-3,2,0,14,26,0,12,18,-9,-5,-2,2,sil
9.453681707382202,0,-2,-5,6,6,9,30,4,16,26,0,3,8,5,sil
9.453681707382202,4,-4,-5,3,8,10,22,4,29,32,0,10,19,8,sil
9.470015287399292,3,-7,-5,-8,-3,-2,3,0,33,18,4,11,12,7,sil
9.470015287399292,-2,-11,-12,-22,-15,-23,-15,-4,5,-7,3,5,-1,0,sil
9.485197067260742,0,-5,5,-24,-20,-23,-25,-2,-10,-9,10,11,2,-5,sil
9.500228881835938,12,5,7,-11,-11,-11,-21,0,-1,2,26,20,13,-1,sil
9.500228881835938,17,14,7,4,4,-7,-14,0,-7,-3,14,15,0,1,sil
9.500228881835938,8,27,18,22,14,0,-11,0,-18,-12,0,7,-12,0,sil
9.517804861068726,1,21,8,33,14,6,-1,2,-9,-2,10,2,-3,1,sil
9.517804861068726,-1,3,3,21,11,6,11,3,-3,7,6,-4,-2,4,sil
9.532043695449827,-4,-3,0,9,6,12,21,2,10,17,-11,-14,-2,0,sil
9.532043695449827,-2,-6,-5,10,4,21,22,1,35,26,-13,-15,5,10,sil
9.547068119049072,-6,-16,-8,-3,0,9,12,-1,31,17,-11,-7,8,15,sil
9.562667608261108,-17,-23,-22,-26,-9,-17,-2,-7,13,-4,-12,-4,4,-1,sil
9.562667608261108,-5,-11,0,-23,-11,-23,-18,-6,6,-18,-8,0,1,-9,sil
9.562667608261108,7,0,10,-12,-9,-21,-31,-3,-7,-19,0,2,0,-3,sil
9.579146146774292,-6,-1,-6,-22,-12,-28,-37,-6,-35,-27,6,-3,-5,-15,sil
9.594080686569214,-16,3,-5,-22,-12,-18,-26,-5,-34,-31,9,-3,-8,-23,sil
9.594080686569214,2,16,2,1,0,0,-5,0,-15,-15,15,1,-4,-8,sil
9.609731197357178,10,16,11,14,7,3,6,5,-15,-10,7,-3,-9,-6,sil
9.609731197357178,-6,3,4,11,7,10,18,3,-20,-19,-10,-17,-18,-15,sil
9.62507176399231,-12,-4,-2,14,9,33,34,1,-3,-1,-12,-14,-7,-2,sil
9.62507176399231,3,1,9,25,22,46,46,7,20,40,4,6,15,19,sil
9.64103078842163,15,2,4,23,22,22,35,5,25,47,12,13,24,27,sil
9.64103078842163,6,-11,-4,-5,-6,-7,0,-4,7,15,-1,0,9,11,sil
9.656210899353027,-5,-20,-13,-31,-26,-13,-20,-1,3,0,-12,-4,-1,-1,sil
9.656210899353027,5,-8,-10,-22,-17,-12,-10,7,16,13,0,14,10,10,sil
9.671469688415527,19,5,7,-4,-9,-15,-10,0,1,6,11,26,15,10,sil
9.671469688415527,10,9,1,0,-4,-9,-25,-9,-20,-20,0,11,-5,-8,sil
9.687113761901855,6,14,3,4,6,-2,-19,-1,-20,-28,-8,1,-19,-13,sil
9.687113761901855,4,17,5,9,12,0,-2,0,-20,-17,0,1,-9,-8,sil
9.702656745910645,-8,5,-2,15,13,5,5,0,-23,-10,-7,-12,-1,-6,sil
9.702656745910645,-15,0,8,21,11,15,16,3,-10,1,-16,-17,-7,0,sil
9.718687057495115,-10,-1,-1,15,-1,11,22,0,5,18,-7,-12,-7,2,sil
9.718687057495115,-8,-8,-11,-1,-9,1,5,-5,18,12,-6,-8,-1,1,sil
9.733872175216677,-4,-7,-6,-10,0,-7,-9,0,32,1,-1,-1,6,9,sil
9.733872175216677,1,-5,-3,-16,-4,-16,-11,1,36,2,10,5,4,8,sil
9.749868154525757,6,-3,7,-25,-13,-17,-11,-1,28,-1,10,12,-3,-2,sil
9.749868154525757,11,4,5,-8,1,-12,-6,5,22,-4,19,18,2,0,sil
9.76597809791565,8,7,2,13,15,1,3,11,10,2,18,10,5,8,sil
9.76597809791565,-5,-2,-2,12,6,17,12,2,-8,4,-13,-11,-7,2,sil
9.781157732009888,-16,-17,-13,3,-3,11,10,-4,-18,6,-24,-18,-7,-2,sil
9.781157732009888,-11,-18,1,-4,-10,0,1,-1,-7,12,0,-1,8,4,sil
9.796745300292969,5,-5,3,-9,-11,2,-4,-2,5,10,9,8,15,6,sil
9.796745300292969,10,7,-1,-6,-9,-1,-7,-4,-2,-3,3,4,5,-3,sil
9.811704635620115,0,8,4,1,-8,-4,-5,0,-18,-13,12,4,-3,-12,sil
9.811704635620115,0,7,1,9,5,1,-2,5,-8,-3,25,8,5,-6,sil
9.827319383621216,9,9,9,7,16,0,-8,2,2,0,16,6,14,-1,sil
9.827319383621216,9,7,3,-6,4,-9,-11,-8,-7,-9,0,0,2,-8,sil
9.843324422836304,3,9,-1,-6,-3,-11,-6,-11,-30,-19,-1,-1,-10,-12,sil
9.843324422836304,0,9,3,15,9,4,2,-2,-35,-13,-2,-5,-10,-4,sil
9.859062671661375,-5,-4,-8,18,15,17,20,0,-18,2,-14,-19,-4,7,sil
9.859062671661375,-3,-17,-7,-11,1,9,26,1,4,15,-25,-17,1,15,sil
9.875006437301636,-5,-15,-9,-31,-13,-8,7,1,18,14,-15,-6,6,3,sil
9.875006437301636,-12,-2,-10,-26,-12,-13,-15,-3,3,-10,-3,1,-6,-16,sil
9.890105724334717,-7,9,7,-7,0,-1,-13,2,-13,-30,-6,2,-18,-16,sil
9.890105724334717,0,3,5,12,8,7,9,11,0,-9,-11,-5,-5,-4,sil
9.905664682388306,-7,-6,1,12,7,11,20,4,14,12,-12,-11,1,1,sil
9.905664682388306,-9,-1,0,7,0,14,11,1,16,11,-12,-1,0,12,sil
9.921053409576416,2,0,-3,4,-6,7,3,5,29,14,-7,6,9,22,sil
9.921053409576416,12,-7,0,-7,-6,-5,-3,-1,27,12,4,9,16,14,sil
9.936145544052124,13,2,-4,-7,0,-14,-15,-11,2,-1,21,14,10,4,sil
9.936145544052124,16,26,9,14,8,-9,-19,-4,-9,-12,24,16,2,-2,sil
9.952259063720703,13,27,15,27,11,-2,-12,4,-7,-12,20,9,-4,-5,sil
9.952259063720703,0,4,0,19,4,-2,-6,1,-7,-1,17,1,-12,-2,sil
9.968048095703123,-12,-13,0,11,-1,3,1,-3,-9,14,0,-7,-18,-1,sil
9.968048095703123,-19,-20,-8,0,-1,10,14,0,2,23,-18,-21,-13,-1,sil
9.983261108398438,-9,-18,-8,-16,-4,4,15,6,19,24,-10,-12,0,0,sil
9.983261108398438,11,-3,0,-14,-11,-7,0,2,17,15,11,16,8,4,sil
9.999762296676636,21,10,3,1,-10,-17,-11,-3,-4,-5,12,25,6,3,sil
9.999762296676636,11,11,11,-2,-4,-15,-20,0,-24,-19,1,14,-6,-6,sil
10.01503849029541,-4,1,3,-11,-2,-8,-21,0,-26,-19,0,-1,-18,-15,sil
10.01503849029541,-12,-5,0,0,-2,0,-5,-3,-15,-17,-12,-11,-14,-8,sil
10.030649662017822,-10,-8,0,4,0,16,20,-1,5,0,-14,-8,5,5,sil
10.030649662017822,-9,-12,-11,-5,6,22,31,1,19,18,1,-4,17,13,sil
10.054657459259031,-5,-13,-4,-10,3,6,18,0,18,10,3,-3,16,10,sil
10.054657459259031,4,-5,-5,-5,-2,-4,5,-3,15,0,0,0,23,6,sil
10.054657459259031,14,7,-2,-3,1,-2,0,-3,11,-2,16,12,27,5,sil
10.061689376831056,9,13,5,-4,11,0,-7,0,-2,-14,24,16,13,0,sil
10.07804036140442,-7,6,-3,-6,7,-6,-15,-5,-23,-31,2,-1,-7,-16,sil
10.07804036140442,-20,0,-3,0,0,-6,-15,-5,-35,-34,-20,-27,-26,-30,sil
10.092643737792969,-16,4,-2,15,4,9,0,6,-22,-10,-20,-30,-24,-22,sil
10.092643737792969,1,8,1,21,8,23,18,7,5,23,-8,-8,-1,5,sil
10.10866928100586,10,2,12,12,4,15,24,2,21,37,-4,1,16,24,sil
10.10866928100586,7,-1,7,7,-1,-4,7,4,18,24,-2,0,15,17,sil
10.12423849105835,12,4,4,0,-3,-7,-6,2,14,13,9,7,9,11,sil
10.12423849105835,19,3,-4,-8,-3,-5,-8,-2,8,3,14,16,13,15,sil
10.141453742980955,11,-5,-1,-11,-16,-21,-17,-3,-11,-16,0,6,-1,0,sil
10.141453742980955,-2,-1,4,-13,-19,-25,-17,-3,-22,-29,-7,-4,-27,-23,sil
10.156258344650269,-14,2,-14,-8,2,-7,-6,-6,-15,-21,-5,-10,-28,-23,sil
10.156258344650269,-24,-9,-9,2,5,6,-9,-2,-27,-22,-19,-13,-26,-17,sil
10.171666383743286,-25,-17,-3,8,-9,11,-2,1,-25,-9,-26,-13,-24,-8,sil
10.171666383743286,-7,-6,-4,0,-4,13,20,2,21,30,-5,2,0,13,sil
10.18577003479004,11,0,10,-6,7,6,18,4,46,46,10,21,21,24,sil
10.20205783843994,12,-2,8,-4,2,-9,-8,1,21,19,10,21,14,8,sil
10.20205783843994,8,9,11,2,1,-9,-23,0,4,-1,24,24,12,-1,sil
10.21707844734192,8,25,10,13,14,3,-11,0,9,0,38,20,14,0,sil
10.21707844734192,0,11,-3,18,16,11,6,0,-2,2,11,-6,-3,-2,sil
10.23215937614441,-3,-5,0,9,5,19,18,-1,-8,3,-20,-19,-13,-1,sil
10.23215937614441,0,-10,-2,-2,-1,16,18,-1,13,8,-12,-6,1,7,sil
10.24765133857727,-1,-18,-6,-15,-9,-4,9,0,20,7,0,0,13,12,sil
10.24765133857727,-1,-18,-6,-20,-11,-17,0,3,5,0,2,0,14,11,sil
10.26369047164917,11,0,-2,-9,0,-18,-6,2,-3,-12,9,10,9,9,sil
10.26369047164917,15,19,10,1,6,-18,-14,2,-22,-21,13,14,0,-1,sil
10.279050588607788,0,15,4,9,6,-9,-11,0,-33,-23,0,0,-8,-15,sil
10.279050588607788,-10,1,2,9,8,14,5,-3,-22,-22,-23,-14,-18,-19,sil
10.294762134552002,-10,0,-2,6,8,27,17,0,-2,-5,-23,-15,-16,-10,sil
10.294762134552002,-7,1,-16,5,2,12,19,5,7,15,-6,-18,-1,-2,sil
10.309773206710815,-6,0,-3,0,-3,1,16,4,14,13,-1,-12,0,0,sil
10.309773206710815,-2,-4,-1,-11,-9,3,7,0,17,8,-2,-5,1,2,sil
10.324964761734009,3,-6,-5,-20,-18,-4,-9,-6,8,1,-2,-4,7,1,sil
10.324964761734009,10,-2,1,-15,-17,-15,-20,-4,0,-9,9,7,9,0,sil
10.340951919555664,11,4,3,0,-3,-13,-14,0,-1,-8,30,19,9,4,sil
10.340951919555664,0,10,9,18,6,0,-10,0,-16,-5,18,3,0,2,sil
10.356112003326416,-15,0,0,27,7,2,-10,-3,-33,-9,-16,-21,-16,-11,sil
10.356112003326416,-11,-11,-3,15,2,0,-1,-4,-14,3,-18,-17,-14,-6,sil
10.37166452407837,0,-12,0,-8,-4,0,3,-1,12,17,0,0,8,10,sil
10.37166452407837,0,-16,-12,-26,-11,-9,-9,1,11,5,-1,2,13,5,sil
10.387684106826782,2,-7,-1,-27,-8,-15,-16,0,-2,-10,-5,5,2,-10,sil
10.387684106826782,15,20,11,1,4,-1,-3,0,0,-4,11,20,6,-3,sil
10.403809547424316,16,25,16,31,13,5,4,6,5,6,13,21,8,9,sil
10.403809547424316,2,3,15,28,12,8,9,8,5,10,-2,8,0,9,sil
10.419020652770996,0,-3,3,16,6,18,21,1,12,17,-5,3,1,14,sil
10.419020652770996,0,-3,3,-2,-5,14,12,0,11,16,-7,2,0,16,sil
10.435102701187134,-4,-12,-11,-27,-10,-5,-7,-1,-2,-1,-9,-2,-12,-1,sil
10.435102701187134,-2,-2,-14,-21,0,-5,-8,-2,-9,-16,5,2,-14,-19,sil
10.450643062591553,7,18,10,7,13,7,-1,-2,-8,-11,22,17,0,-12,sil
10.450643062591553,4,14,6,15,13,0,-1,0,-6,-5,14,5,0,-2,sil
10.466694116592407,-4,3,-1,10,9,0,6,5,2,0,-4,-17,-8,-1,sil
10.466694116592407,-15,-3,-11,1,2,11,19,5,18,14,-9,-25,-1,0,sil
10.482165813446043,-13,-11,-16,-14,-4,-1,19,2,27,20,-5,-9,18,12,sil
10.482165813446043,4,-5,1,-16,-7,-17,4,4,28,12,3,13,25,22,sil
10.49769401550293,7,-3,-5,-14,-5,-15,-13,-5,12,-2,14,11,9,6,sil
10.49769401550293,-8,-1,-5,-22,0,-7,-15,-13,-15,-23,3,-4,-11,-17,sil
10.513648509979248,-7,6,1,-2,5,4,2,-1,-23,-20,-9,-6,-18,-13,sil
10.513648509979248,1,0,-6,20,2,14,12,3,-17,-3,-14,-9,-22,-10,sil
10.5287127494812,-9,-15,-4,1,-1,9,5,-1,-18,-8,-33,-32,-28,-23,sil
10.5287127494812,-21,-16,-7,-18,-6,0,0,-2,-4,1,-37,-38,-9,-10,sil
10.543858051300049,-6,-13,-2,-14,-19,-7,-4,0,12,25,-2,-9,16,10,sil
10.543858051300049,10,-8,3,0,-15,-4,-7,-3,7,12,16,11,13,7,sil
10.560266494750977,14,4,5,6,0,-3,-9,-4,0,-8,10,12,9,6,sil
10.560266494750977,17,17,13,6,2,-4,-19,1,2,-4,17,19,19,11,sil
10.575912714004517,19,14,11,13,2,-9,-26,3,-2,-8,27,25,10,3,sil
10.575912714004517,18,11,15,23,0,-13,-16,0,-18,-22,18,20,-6,-1,sil
10.591432094573976,10,12,10,17,-5,-7,-6,-2,-30,-22,6,15,-7,-2,sil
10.591432094573976,-1,11,0,8,1,3,-8,-3,-36,-23,-9,2,-14,-15,sil
10.60711932182312,-11,10,5,16,12,13,3,3,-25,-13,-19,-8,-20,-18,sil
10.60711932182312,-11,0,-3,17,3,18,32,7,3,12,-12,-14,0,0,sil
10.622874975204468,-5,-14,-4,0,-1,17,38,1,21,27,-6,-9,12,13,thankyou
10.622874975204468,0,-8,3,-1,8,18,31,-2,31,39,4,2,17,25,thankyou
10.63890814781189,4,0,-4,7,9,16,26,5,40,47,19,10,30,35,thankyou
10.63890814781189,3,-4,-3,-5,0,0,3,8,35,22,7,6,26,17,thankyou
10.654074430465698,0,-7,-7,-22,-3,-22,-21,-2,21,-4,0,0,11,-3,thankyou
10.654074430465698,0,-4,-5,-22,0,-23,-26,-5,5,-12,14,6,7,-1,thankyou
10.670204401016235,0,-2,1,-16,0,-11,-24,0,-17,-25,18,12,0,-1,thankyou
10.670204401016235,-3,2,-3,-8,0,-11,-17,-1,-29,-23,8,1,-13,-14,thankyou
10.686044454574583,0,12,5,-1,3,-6,-3,-5,-19,-11,-2,-9,-23,-22,thankyou
10.686044454574583,-3,8,-2,2,0,5,2,-1,-14,-20,-14,-17,-34,-23,thankyou
10.702006101608276,-20,1,-11,6,-2,7,1,3,-18,-17,-21,-20,-34,-15,thankyou
10.702006101608276,-16,-1,2,6,1,14,7,6,1,20,-10,-5,-11,2,thankyou
10.71668028831482,0,-12,-3,3,2,22,13,6,31,42,-2,3,5,12,thankyou
10.71668028831482,-4,-14,-5,-3,-5,11,11,0,28,14,-22,-9,0,8,thankyou
10.7318377494812,-14,-8,-7,-10,-10,-3,7,-8,14,-2,-31,-15,-2,2,thankyou
10.7318377494812,1,-11,-7,-18,-10,-9,8,-9,14,2,-2,0,6,0,thankyou
10.747449398040771,13,-9,3,-22,-9,-8,6,-3,5,-4,7,10,7,0,thankyou
10.747449398040771,14,3,6,-14,-3,-7,-5,-4,-12,-20,-1,11,5,0,thankyou
10.763335466384888,17,12,12,-3,2,-11,-19,0,-18,-13,14,20,7,-5,thankyou
10.763335466384888,8,11,3,1,10,-14,-20,8,-16,0,32,12,6,-10,thankyou
10.777978658676147,3,15,1,16,16,-5,-14,5,-9,-1,18,-2,6,-2,thankyou
10.794085502624512,15,23,18,38,10,1,-7,1,4,2,13,-1,13,11,thankyou
10.794085502624512,5,11,3,31,0,2,1,1,-2,6,7,-5,7,8,thankyou
10.794085502624512,-22,-12,-3,7,0,7,8,0,-29,-6,-14,-23,-10,-7,thankyou
10.809988260269163,-21,-14,-3,3,2,13,17,-2,-21,-6,-16,-20,-4,-3,thankyou
10.809988260269163,0,-2,-6,5,-2,12,28,-2,14,15,-5,-6,9,11,thankyou
10.82516074180603,7,0,2,-2,-5,10,23,0,15,11,-10,-2,2,12,thankyou
10.82516074180603,1,-10,-8,-8,-5,2,0,-3,-1,-12,-12,0,-8,1,thankyou
10.841879844665527,3,-8,-3,-15,-10,-8,-15,-4,-1,-16,-5,9,-4,-6,thankyou
10.841879844665527,11,3,8,-13,-9,-11,-17,0,7,-1,6,16,3,-1,thankyou
10.857927322387695,12,9,1,2,0,-12,-18,2,3,-1,19,23,7,5,thankyou
10.857927322387695,11,11,9,14,5,-11,-17,1,-6,-9,18,29,3,3,thankyou
10.87308430671692,7,15,10,16,7,-2,-4,0,-2,0,11,16,0,3,thankyou
10.87308430671692,-7,9,2,11,9,9,1,0,0,10,2,-3,-4,3,thankyou
10.889118671417236,-24,-3,-7,7,8,19,4,-1,-5,4,-10,-14,-14,-8,thankyou
10.889118671417236,-28,-15,-19,5,2,16,16,-1,-6,3,-21,-26,-18,-15,thankyou
10.904760837554932,-23,-16,-8,-8,-6,6,16,2,5,16,-23,-23,-17,-4,thankyou
10.904760837554932,-7,-10,-4,-16,-11,4,8,3,16,21,-15,-11,-6,3,thankyou
10.917920112609863,14,-3,0,-9,-3,6,14,0,27,20,5,9,19,16,thankyou
10.933085203170776,18,0,7,-13,3,1,10,2,40,20,26,26,37,25,thankyou
10.933085203170776,2,1,-1,-26,0,-18,-14,0,24,-2,19,12,15,5,thankyou
10.94875979423523,-3,0,-7,-24,-7,-33,-27,-2,-14,-37,-5,-10,-16,-25,thankyou
10.94875979423523,-1,-2,-10,-16,-9,-24,-16,-3,-26,-33,-4,-12,-13,-31,thankyou
10.963894367218018,0,7,2,-9,-2,-8,-11,-1,-11,-12,10,0,0,-16,thankyou
10.963894367218018,0,16,11,4,12,0,-11,0,-8,-7,5,2,0,-2,thankyou
10.979031085968018,-2,0,1,14,12,3,-3,1,-7,2,-5,-3,2,0,thankyou
10.979031085968018,-2,-7,10,21,4,15,9,2,-11,9,-7,-14,-6,-4,thankyou
10.994746923446655,-4,0,0,31,11,23,16,-5,-22,-1,-16,-24,-23,-5,thankyou
10.994746923446655,-7,-5,-7,15,6,12,12,-7,-15,-2,-26,-21,-16,2,thankyou
11.010959386825562,2,-9,5,-9,-16,1,8,7,15,14,-6,3,14,18,thankyou
11.010959386825562,18,-1,1,-1,-19,-2,5,12,30,9,18,23,30,22,thankyou
11.026899099349976,21,2,9,0,-6,-5,0,0,12,-11,18,28,16,11,thankyou
11.026899099349976,16,4,15,-7,-2,-5,2,-2,0,-3,23,29,10,5,thankyou
11.042046785354614,9,5,2,0,-2,-7,2,0,-7,10,24,20,8,2,thankyou
11.042046785354614,-2,6,-4,8,0,-6,-8,-3,-18,0,6,2,-4,-4,thankyou
11.05777144432068,-7,9,-5,8,10,0,-10,-6,-16,-6,-2,-3,-8,-1,thankyou
11.05777144432068,-7,6,3,14,12,2,-4,0,-10,-2,-12,-8,-4,1,thankyou
11.07268762588501,-14,-7,-8,7,-1,9,2,-1,-7,-1,-27,-22,-11,-2,thankyou
11.07268762588501,-12,-12,-18,0,-3,18,17,-3,5,7,-21,-12,-10,5,thankyou
11.088083028793337,0,0,2,5,12,16,20,-1,15,20,-5,8,6,16,thankyou
11.088083028793337,2,-1,-3,-1,10,3,10,0,18,20,-1,3,19,9,thankyou
11.10318922996521,0,-14,-9,-24,-10,-4,-4,4,22,6,-3,0,11,-1,sil
11.10318922996521,-3,-7,-8,-31,-14,-12,-17,3,8,-15,-1,0,-5,-12,sil
11.118813753128052,1,9,-2,-18,0,-23,-22,1,-9,-24,7,-1,-11,-20,sil
11.118813753128052,12,19,19,1,6,-18,-20,5,-5,-9,14,3,-7,-12,sil
11.134109020233154,11,16,10,14,0,-8,-11,2,-4,-9,3,0,-11,-7,sil
11.134109020233154,0,11,2,7,1,0,0,-2,-28,-27,-5,-13,-25,-14,sil
11.15006184577942,-6,1,5,0,5,13,7,1,-31,-20,0,-9,-23,-10,sil
11.15006184577942,-14,-10,-7,1,1,16,8,3,-10,3,-2,-9,-9,-6,sil
11.165647506713867,-19,-14,-11,-5,-2,12,13,0,-1,9,-16,-21,-4,-9,sil
11.165647506713867,-16,-13,-14,-10,-6,2,17,0,10,9,-9,-22,0,0,sil
11.18193244934082,-7,-15,-2,-11,-14,-3,3,0,32,12,2,-3,14,16,sil
11.18193244934082,2,-13,1,-13,-10,-5,-8,-1,38,17,10,14,27,17,sil
11.197432279586792,14,0,2,-1,0,-9,-11,-2,24,19,22,26,32,16,sil
11.197432279586792,19,22,22,21,6,-6,-7,0,6,11,32,32,26,11,sil
11.213367223739624,11,19,15,28,12,5,0,0,-7,5,25,18,8,0,sil
11.213367223739624,0,-4,0,13,10,12,5,-2,-10,7,0,1,-5,0,sil
11.229907274246216,1,-11,1,3,1,8,13,0,10,18,-16,1,0,8,sil
11.229907274246216,5,-5,-1,-1,-2,2,20,1,34,29,-9,2,12,7,sil
11.244919776916504,-3,-10,-4,-15,-9,-2,8,0,23,17,-8,-3,8,-1,sil
11.244919776916504,-2,-8,-13,-16,-7,-10,-8,-2,-6,-13,-16,-1,-1,-9,sil
11.26006031036377,13,10,-1,1,6,-17,-14,-4,-25,-35,-8,8,-8,-7,sil
11.26006031036377,12,18,8,4,9,-14,-14,-3,-36,-37,9,6,-7,-2,sil
11.275743007659912,-5,9,-5,-2,1,-2,-15,-3,-43,-34,5,-5,-10,-3,sil
11.275743007659912,-12,9,3,5,4,8,-12,0,-47,-34,-14,-13,-21,-8,sil
11.291289806365969,-14,2,1,16,5,9,0,0,-35,-25,-21,-18,-24,-9,sil
11.29190230369568,-15,-12,-11,4,-4,3,10,-2,-6,-1,-11,-17,-13,-4,sil
11.306134700775146,-8,-6,-3,0,-6,8,18,-1,17,21,0,-6,-1,4,sil
11.322689056396484,0,0,-4,0,-4,8,14,0,21,25,1,-4,2,14,sil
11.322689056396484,10,0,9,-13,-11,-5,-2,4,22,14,6,10,7,14,sil
11.322689056396484,22,11,16,-10,-9,-16,-14,4,19,10,30,37,18,6,sil
11.33777356147766,14,14,2,1,-2,-12,-19,1,-6,-2,28,20,7,-7,sil
11.33777356147766,-7,-4,-8,0,2,7,-10,0,-12,-11,-1,-17,-16,-13,sil
11.35388708114624,-10,-15,-12,1,12,25,17,6,22,13,-8,-19,-11,0,sil
11.35388708114624,0,-9,5,8,8,25,26,7,35,27,-1,-4,1,9,sil
11.37013030052185,0,-2,7,7,-5,18,13,0,16,9,-6,-9,-2,7,sil
11.37013030052185,-2,1,-8,2,2,3,8,-6,6,2,-10,-9,0,3,sil
11.385146379470823,0,0,-7,-8,10,-15,-5,-4,2,1,-11,-3,7,-3,sil
11.385146379470823,3,-5,-10,-18,-5,-26,-25,-3,0,-6,-6,0,8,-10,sil
11.401739120483398,6,0,0,-15,-11,-23,-18,0,-5,-10,2,10,10,-10,sil
11.401739120483398,2,10,3,-7,0,-18,-5,1,-22,-16,3,15,8,-12,sil
11.416645526885986,-8,10,-4,3,2,-13,-10,-4,-30,-24,0,1,-3,-15,sil
11.417646408081056,-17,1,2,16,-1,10,-6,-3,-17,-15,-9,-14,-13,-7,sil
11.43283724784851,-14,-9,-3,8,1,30,15,0,3,3,-14,-16,-9,5,sil
11.43283724784851,1,-12,1,-1,9,24,26,2,24,20,-4,0,3,16,sil
11.446877717971802,13,-4,8,8,12,8,25,1,38,32,9,15,17,18,sil
11.464838027954102,10,0,5,3,3,-6,14,1,23,18,17,14,19,16,sil
11.464838027954102,10,3,10,-24,-5,-16,-5,3,-7,-8,23,16,7,10,sil
11.464838027954102,6,4,-2,-19,-5,-18,-17,1,-20,-15,23,11,-1,-3,sil
11.478875160217283,-5,7,0,9,-1,-9,-15,-1,-22,-10,13,0,-5,-12,sil
11.478875160217283,-2,15,12,21,2,2,-6,0,-16,0,11,3,-4,-2,sil
11.495295286178589,4,14,8,21,6,9,4,0,-3,8,5,6,-5,5,sil
11.495295286178589,-2,0,8,15,0,14,10,0,-1,12,-14,-7,-5,1,sil
11.511032104492188,-11,-11,-1,2,-10,8,10,0,-1,17,-22,-17,5,3,sil
11.511032104492188,-3,-11,-9,-9,-8,-9,0,-1,3,12,-18,-3,11,7,sil
11.527728080749512,5,-14,-8,-19,-8,-20,-16,-3,-1,-16,-10,9,3,-2,sil
11.527728080749512,4,-10,-12,-18,-15,-19,-26,-4,-12,-32,-1,9,0,-17,sil
11.542649745941162,0,11,3,0,0,-7,-13,0,-9,-17,0,2,-4,-16,sil
11.542649745941162,0,13,3,11,17,8,1,4,0,-3,1,-5,-10,-8,sil
11.559041023254396,-6,-8,-5,6,6,15,2,0,0,-8,-2,-15,-17,-5,sil
11.559041023254396,-9,-5,-6,6,0,17,4,0,5,-6,-18,-22,-15,3,sil
11.572405815124512,0,4,-9,9,3,13,14,0,25,13,-16,-13,0,16,sil
11.589130878448486,3,-9,-4,-13,-5,0,4,0,24,12,3,3,6,14,sil
11.589130878448486,-5,-16,-11,-31,-13,-9,-12,0,6,-6,8,0,-2,-3,sil
11.589130878448486,-7,2,-9,-10,0,0,-9,0,-7,-15,0,-12,-14,-20,sil
11.603895664215088,0,16,11,16,11,13,9,-2,-16,-8,-3,-5,-16,-17,sil
11.620948076248167,6,11,8,23,10,15,22,1,-8,4,-5,-5,-5,3,sil
11.620948076248167,6,1,6,8,2,4,16,4,15,14,-4,-2,9,15,sil
11.620948076248167,10,-1,4,-8,-2,-8,1,-2,21,15,12,20,25,7,sil
11.634989738464355,12,5,4,-12,0,-13,-12,-3,-1,4,25,26,23,0,sil
11.651211023330688,-1,9,10,1,8,-5,-16,2,-14,-1,15,2,2,-1,sil
11.651211023330688,-12,-5,0,11,6,0,1,0,-3,6,3,-2,-2,1,sil
11.666889429092407,1,-16,0,3,-1,3,22,0,13,19,3,15,14,9,sil
11.666889429092407,14,-4,5,0,-4,0,16,4,19,15,5,14,22,13,sil
11.666889429092407,11,14,7,0,-2,-12,-7,0,-1,-1,11,10,7,11,sil
11.684287309646606,10,22,14,5,0,-10,-17,-5,-29,-16,16,18,-6,0,sil
11.684287309646606,4,10,0,11,2,2,-6,-3,-31,-18,-3,0,-21,-9,sil
11.701576948165894,-18,-11,-6,4,-3,7,1,2,-13,-7,-34,-29,-26,-9,sil
11.701576948165894,-29,-23,-9,-8,-13,2,1,4,2,13,-27,-23,-7,1,sil
11.71293830871582,-9,-16,-15,-8,-8,-4,-3,1,12,20,-1,-3,9,8,sil
11.728451490402222,6,-7,-4,-15,-3,-10,-13,0,11,4,7,6,11,2,sil
11.728451490402222,0,0,-4,-25,-3,-10,-17,0,6,-2,15,14,17,-1,sil
11.74368929862976,1,10,1,-7,3,-6,-10,0,-1,-3,20,16,15,0,sil
11.74368929862976,3,12,3,12,4,-1,-4,-3,-9,-13,7,-1,-1,-11,sil
11.75925326347351,-15,0,-12,4,0,0,-4,-4,-12,-19,-5,-26,-17,-26,sil
11.75925326347351,-20,-4,-3,3,10,14,7,0,-5,-8,-8,-17,-19,-13,sil
11.774884223937988,5,1,5,22,20,24,29,5,7,13,-10,-2,-6,7,sil
11.774884223937988,14,1,4,15,6,14,30,3,16,14,-16,-5,2,8,sil
11.790838956832886,-2,-9,-8,-14,-9,-1,13,-2,18,-14,-15,-11,-1,0,sil
11.790838956832886,-7,-19,-20,-35,-16,-16,-6,-9,0,-33,-16,-8,-10,-9,sil
11.80603313446045,4,1,5,-19,-12,-15,-17,-2,-25,-21,-14,0,-14,-14,sil
11.80603313446045,9,26,18,19,6,3,-2,6,-22,-3,0,4,-7,-1,sil
11.822243452072144,7,11,12,23,6,16,10,3,0,5,0,1,-3,14,sil
11.822243452072144,4,-5,10,4,-7,13,5,-1,9,9,-13,-1,-5,14,sil
11.838273525238035,4,0,1,6,2,5,0,-2,11,14,-1,3,7,14,sil
11.838273525238035,9,1,4,2,12,-4,-5,0,11,14,26,17,27,13,sil
11.85350465774536,14,-6,5,-13,-3,-15,-17,0,9,11,38,24,30,5,sil
11.85350465774536,10,4,9,-3,-9,-17,-18,0,2,6,31,20,17,0,sil
11.86890459060669,0,19,7,15,4,-7,-4,0,-8,3,16,7,0,-2,sil
11.86890459060669,-13,4,-15,14,11,1,4,3,-9,8,0,-7,-12,-4,sil
11.884111881256104,-21,-12,-14,6,4,10,7,6,-2,10,-9,-18,-12,-1,sil
11.884111881256104,-22,-14,-17,1,-4,14,11,2,3,13,-14,-21,-10,0,sil
11.900176763534546,-11,-8,-13,-12,-10,7,12,1,18,15,-16,-8,0,4,sil
11.900176763534546,3,-3,9,-22,-9,-1,3,3,26,6,-3,15,16,12,sil
11.916053533554075,14,0,6,-10,-3,-8,-5,-1,6,-13,10,23,13,4,sil
11.916053533554075,16,4,0,0,0,-10,-13,-7,-16,-23,6,19,-4,-11,sil
11.932151556015016,5,13,-2,0,5,-6,-13,-4,-17,-16,4,8,-3,-12,sil
11.932151556015016,-4,14,0,12,9,1,-1,-2,-15,-14,4,-4,-2,-8,sil
11.947735071182253,-1,5,8,26,13,12,14,-3,-15,-13,-7,-13,-15,-9,sil
11.947735071182253,-2,-10,-4,11,8,11,20,-1,-10,-1,-19,-21,-19,-4,sil
11.963443040847778,-12,-22,-8,-18,-9,-2,10,0,-1,5,-23,-26,-10,0,sil
11.963443040847778,-7,-17,-7,-21,-18,-7,0,0,5,2,-18,-14,0,1,sil
11.980068683624268,7,0,-8,-7,-8,-2,-3,4,12,0,1,8,13,6,sil
11.980068683624268,7,6,4,-14,-1,-7,-11,5,10,-2,19,18,13,0,sil
11.995145082473757,-1,0,0,-20,-5,-13,-23,-2,-1,-9,14,2,-1,-11,sil
11.995145082473757,0,8,2,3,0,-1,-16,0,-15,-12,1,-9,-9,-13,sil
12.010554075241089,8,22,11,34,14,11,7,3,-13,-1,7,0,2,-1,sil
12.010554075241089,5,10,10,34,18,14,21,2,-1,13,12,4,11,12,sil
12.026665449142456,0,-7,12,8,6,16,24,3,6,19,-2,-3,7,22,sil
12.026665449142456,0,-6,0,-7,0,5,20,0,15,19,-10,0,13,23,sil
12.041735410690308,8,2,5,-7,-6,-13,-1,-6,13,8,3,15,20,14,sil
12.041735410690308,9,1,9,-13,-8,-14,-27,-3,-1,-4,10,19,9,2,sil
12.06436276435852,-3,-5,-5,-26,-7,-11,-30,1,-12,-13,0,6,-11,-10,sil
12.06436276435852,-15,-2,-4,-19,-5,-14,-18,0,-15,-19,-13,-7,-29,-26,sil
12.06436276435852,-16,-1,-8,0,0,-7,-7,0,-7,-17,-13,-23,-32,-32,sil
12.073957443237305,-16,-4,-1,10,5,10,1,2,0,-7,-13,-26,-28,-21,sil
12.089141368865969,-16,-6,4,14,4,24,19,3,7,2,-15,-17,-18,-2,sil
12.089141368865969,-12,-10,-12,11,0,20,28,0,12,10,-14,-10,-1,7,sil
12.10515022277832,-2,-6,-6,5,-1,5,12,2,19,18,-6,-1,11,11,sil
12.10515022277832,5,-1,-2,2,-5,-4,-3,7,24,22,8,9,17,17,sil
12.120959281921388,9,-7,-8,-9,-11,-5,-4,2,18,14,16,14,16,18,sil
12.120959281921388,14,-5,-1,-14,-9,0,3,-1,10,9,18,21,24,14,sil
12.136317014694214,20,7,3,5,5,0,7,-1,6,11,29,28,32,10,sil
12.136317014694214,16,14,4,16,16,-11,-5,0,-8,-7,27,20,13,-2,sil
12.151480197906494,15,16,1,9,8,-17,-18,0,-22,-27,14,13,-4,-9,sil
12.151480197906494,22,21,11,9,2,-11,-11,0,-16,-12,14,22,5,5,sil
12.166685342788696,11,15,12,7,7,1,-1,-2,-14,0,10,12,7,5,sil
12.166685342788696,-10,-1,-9,1,8,11,-2,-9,-23,-5,-15,-20,-16,-11,sil
12.181840181350708,-21,-11,-7,-4,0,14,-3,-8,-22,-8,-40,-36,-28,-10,sil
12.181840181350708,-24,-14,-12,-9,-4,10,8,-1,-8,-2,-41,-33,-14,-1,sil
12.197354793548584,-15,-12,-11,-10,-2,8,24,1,10,7,-22,-23,-1,0,sil
12.197354793548584,2,-3,13,-4,-5,8,19,0,27,24,-2,0,7,5,sil
12.212988376617432,4,-1,5,-6,-11,-10,-6,0,12,11,2,5,9,-1,sil
12.212988376617432,-2,0,-3,-14,-6,-23,-18,1,-19,-25,0,-3,-2,-20,sil
12.22905445098877,-2,7,2,-8,2,-5,-4,5,-12,-25,9,-1,-11,-16,sil
12.24473762512207,3,14,7,-1,0,0,-2,6,5,-4,14,9,-7,0,sil
12.24473762512207,7,14,20,7,-2,-5,-13,3,-7,-8,10,14,-8,0,sil
12.24473762512207,1,5,10,25,10,3,-2,-1,-20,-17,3,5,-13,2,sil
12.26014256477356,-6,-4,-1,19,12,16,13,0,-3,0,-5,-3,-9,11,sil
12.26014256477356,-6,-10,-12,-2,-3,8,7,3,12,22,-7,-4,0,8,sil
12.27570390701294,-4,-16,-17,-7,-9,-1,-3,2,13,21,-5,-6,2,2,sil
12.27570390701294,-5,-17,-4,-4,0,2,1,-1,12,9,-5,-10,4,6,sil
12.291834831237791,0,-10,-4,-5,0,5,11,-5,17,12,2,-1,13,10,sil
12.291834831237791,7,-2,-1,-11,-1,-1,10,0,22,14,13,12,21,6,sil
12.306941270828249,11,1,-1,-17,0,-6,0,5,21,7,16,14,25,5,sil
12.306941270828249,14,7,-2,-6,0,-9,-11,1,10,-4,11,9,17,2,sil
12.32245922088623,7,14,9,5,-1,-9,-19,0,-8,-21,0,4,-3,-13,sil
12.32245922088623,-13,7,0,4,7,0,-4,1,-13,-16,-4,-10,-14,-19,sil
12.339068174362184,-19,-3,0,9,14,15,15,2,-1,4,-6,-19,-8,-5,sil
12.339068174362184,-2,-1,9,25,9,18,19,0,11,17,-6,-6,3,14,sil
12.35607385635376,3,-2,-4,8,-3,0,8,1,9,15,-10,1,7,14,sil
12.35607385635376,-5,-15,-10,-26,-13,-13,-7,2,-1,1,-20,-5,-8,-8,sil
12.370642185211182,-11,-13,-13,-24,-14,-17,-23,-3,-6,-13,-14,-8,-20,-18,sil
12.370642185211182,-6,2,-3,-9,-16,-18,-24,-10,-15,-11,7,9,-8,-12,sil
12.386130332946776,1,14,9,-12,-12,-12,-13,-6,-24,-15,21,25,0,-10,sil
12.386130332946776,11,15,9,-2,2,-6,-11,-4,-20,-31,17,16,-5,-6,sil
12.401870965957642,12,16,14,21,6,-4,-10,-3,-22,-30,6,0,-16,0,sil
12.401870965957642,1,16,5,34,-3,1,0,0,-29,-5,1,-2,-12,-1,sil
12.417922973632812,6,15,13,38,4,14,4,6,-14,15,7,7,5,9,sil
12.417922973632812,15,8,25,38,22,29,10,9,3,20,13,10,16,21,sil
12.43306851387024,7,-3,1,23,19,27,28,3,6,13,0,0,12,15,thankyou
12.43306851387024,4,-10,-6,0,5,15,35,3,13,12,-18,-2,10,13,thankyou
12.449103355407717,8,-10,-8,-4,0,15,31,3,33,29,-8,3,22,22,thankyou
12.449103355407717,4,-10,-8,-6,0,10,20,0,40,32,4,7,19,22,thankyou
12.464908838272097,-1,-15,-8,-28,-4,-6,-1,0,26,10,-3,5,5,10,thankyou
12.464908838272097,-4,-23,-24,-43,-11,-23,-18,0,7,-1,-5,-6,6,-3,thankyou
12.48011827468872,-7,-18,-14,-33,-8,-18,-18,-2,-5,-8,0,-13,0,-21,thankyou
12.48011827468872,-11,0,-7,-22,1,-6,-13,0,-5,-17,-2,-18,-15,-28,thankyou
12.496198892593384,-11,16,-8,-18,8,-10,-14,1,-9,-15,-1,-19,-17,-20,thankyou
12.496198892593384,-6,21,8,1,7,-10,-15,-5,-17,-6,0,-13,-14,-11,thankyou
12.511339664459229,-6,13,4,9,9,2,-3,-9,-5,-1,-9,-14,-17,-9,thankyou
12.511339664459229,-14,-2,-3,-12,7,11,10,-1,3,2,-7,-20,-17,-8,thankyou
12.526874780654907,-15,-13,-4,-8,0,4,11,4,-11,10,3,-14,-11,-3,thankyou
12.526874780654907,-3,-6,0,24,-3,0,4,1,-22,3,-9,0,-4,3,thankyou
12.543040037155151,7,0,10,28,-10,4,9,1,1,-18,-22,10,3,13,thankyou
12.558663606643677,5,-11,1,-1,-21,-4,10,1,26,-19,0,13,10,14,thankyou
12.558663606643677,-2,-17,3,-18,-22,-18,-10,0,19,0,18,13,10,0,thankyou
12.558663606643677,-3,-2,4,-12,-14,-14,-29,-3,0,1,6,12,5,-15,thankyou
12.575932264328005,0,0,0,-6,-15,-13,-30,-8,-11,-22,-6,9,-8,-20,thankyou
12.575932264328005,6,1,6,-2,-14,-15,-24,-6,-18,-28,0,11,-11,-14,thankyou
12.59001350402832,12,19,7,11,0,-7,-17,-1,-18,-9,19,18,6,0,thankyou
12.59001350402832,9,28,15,17,9,3,-10,3,-9,-1,24,16,10,1,thankyou
12.605666875839232,0,17,10,16,8,17,-1,6,2,2,12,5,0,-1,thankyou
12.605666875839232,2,5,0,26,17,29,16,5,10,15,0,0,0,11,thankyou
12.622727394104004,12,5,11,27,22,29,35,6,9,20,-1,2,10,27,thankyou
12.622727394104004,14,2,1,18,15,20,37,4,9,16,3,-2,9,25,thankyou
12.636754512786863,10,0,-1,12,16,18,33,3,12,21,-2,-8,2,19,thankyou
12.637755870819092,1,-4,4,11,21,13,28,3,14,28,-7,-7,8,15,thankyou
12.652794361114502,-9,-11,-10,4,6,0,14,0,12,23,-2,-5,16,11,thankyou
12.652794361114502,-2,-6,-8,-9,-10,-6,5,0,17,14,0,3,15,14,thankyou
12.66889262199402,16,7,-3,-12,-1,-10,7,4,25,12,8,12,15,15,thankyou
12.66889262199402,14,7,-3,-8,3,-18,-9,-1,2,-4,8,8,4,-1,thankyou
12.68592882156372,0,-1,-6,-14,-6,-19,-26,-6,-22,-22,1,4,-8,-18,thankyou
12.68592882156372,0,0,-6,-23,-7,-14,-18,0,-15,-15,12,7,-3,-13,thankyou
12.700999975204468,-4,0,1,-16,0,-2,-17,-1,-19,-13,9,-1,-9,-14,thankyou
12.716641664505005,-25,-10,-14,-6,-3,6,-19,-12,-49,-26,-23,-27,-33,-32,thankyou
12.716641664505005,-31,-22,-21,-9,-13,0,0,-6,-41,-17,-38,-35,-33,-34,thankyou
12.716641664505005,-20,-22,-4,-12,-19,-3,7,3,1,7,-19,-16,-6,-8,thankyou
12.731703519821169,-16,-24,-9,-19,-17,-5,-9,1,14,6,-6,-6,5,0,thankyou
12.731703519821169,-14,-18,-5,-30,-12,-14,-20,0,-5,-16,-7,-6,0,-17,thankyou
12.748725652694702,-4,5,2,-19,-3,-16,-16,-2,-12,-25,-1,0,-5,-22,thankyou
12.748725652694702,4,24,11,10,6,-4,-14,-3,-4,-15,0,2,-9,-9,thankyou
12.762958288192747,3,13,12,22,7,9,0,0,-3,-1,-9,-5,-14,-4,thankyou
12.762958288192747,-7,-10,-6,6,0,13,15,0,2,3,-11,-15,-10,-1,thankyou
12.780048370361328,-11,-17,-4,-16,-8,5,10,0,15,3,-5,-10,-3,7,thankyou
12.780048370361328,3,-4,5,-11,-10,-2,-2,1,23,10,1,6,5,12,thankyou
12.795738697052002,25,16,11,15,1,-1,-10,0,15,2,15,18,14,14,thankyou
12.795738697052002,29,33,18,27,12,-1,-18,2,0,-14,26,19,12,14,thankyou
12.809786796569824,11,23,5,17,5,-4,-9,7,-2,-5,17,7,0,11,thankyou
12.824960947036743,-6,3,6,15,1,9,14,8,11,16,2,3,-6,14,thankyou
12.824960947036743,-1,2,6,24,9,26,32,3,24,22,0,0,1,21,thankyou
12.840727806091309,17,7,5,23,10,26,39,1,30,27,0,0,15,23,thankyou
12.840727806091309,23,1,7,8,8,24,41,8,37,37,10,13,30,24,thankyou
12.857762336730955,15,-5,-6,-8,6,5,25,8,28,25,23,28,36,19,thankyou
12.857762336730955,12,1,0,-8,4,-14,0,-3,-7,-10,14,25,17,-1,thankyou
12.857762336730955,16,18,10,17,16,-4,-3,-3,-22,-21,3,15,2,-8,thankyou
12.873031377792358,19,26,8,32,37,7,7,5,2,5,20,18,17,9,thankyou
12.873031377792358,15,20,18,22,32,2,8,1,6,23,35,25,22,17,thankyou
12.890121936798096,8,10,10,21,15,0,8,-9,-11,15,16,11,5,5,thankyou
12.890121936798096,2,6,4,27,10,4,7,-6,-11,12,-9,-4,-2,2,thankyou
14.193755626678469,10,4,3,5,0,5,4,4,6,22,4,11,17,26,thankyou
14.193755626678469,0,0,0,-13,-11,-15,-17,-3,3,19,-2,7,20,16,thankyou
14.208865642547607,12,1,11,-8,-12,-20,-27,-8,-2,-7,-4,10,9,0,thankyou
14.208865642547607,25,14,9,2,0,-7,-20,-5,-8,-36,-2,13,-2,-10,thankyou
14.224807262420654,9,12,1,-7,1,-4,-19,-5,-20,-33,-4,1,-15,-14,thankyou
14.224807262420654,-9,0,-5,4,1,-1,-13,-1,-19,-5,-12,-14,-18,-15,thankyou
14.241035223007202,-11,0,0,31,13,15,4,9,-4,6,-26,-25,-18,-17,thankyou
14.241035223007202,-16,-5,-13,21,15,22,18,6,3,0,-34,-33,-15,-9,thankyou
14.256117105484009,-20,-13,-22,0,5,13,23,0,17,3,-20,-27,-1,3,thankyou
14.256117105484009,-13,-17,-12,-8,-3,5,20,2,33,22,-4,-12,5,4,thankyou
14.272141218185425,-20,-25,-28,-32,-12,-6,1,-2,19,14,-15,-20,-3,-7,thankyou
14.272141218185425,-25,-21,-22,-48,-9,-16,-11,-7,-4,-15,-18,-19,-6,-19,thankyou
14.288200616836548,-8,-8,-6,-34,-3,-15,-12,2,-6,-20,8,-1,2,-17,thankyou
14.288200616836548,3,-2,-4,-20,-1,-11,-13,7,-6,-5,25,7,4,-3,thankyou
14.303820610046388,7,7,9,-3,5,-1,-9,-2,-8,0,25,13,6,5,thankyou
14.303820610046388,13,18,13,19,14,2,-4,-7,-18,-11,21,14,0,0,thankyou
14.319928646087646,12,12,17,25,12,4,1,0,-34,-16,9,5,-17,-6,thankyou
14.319928646087646,9,-1,16,21,3,12,23,5,-11,5,2,5,-4,11,thankyou
14.335662603378296,7,-7,7,11,-14,5,25,1,17,25,0,13,12,25,thankyou
14.335662603378296,6,-3,9,-5,-18,-8,-1,0,4,2,0,23,13,13,thankyou
14.35074257850647,18,0,5,-5,0,-6,-7,0,2,-3,19,30,28,5,thankyou
14.35074257850647,16,11,6,6,0,-6,-2,0,16,13,33,18,25,2,thankyou
14.365803480148315,-8,20,4,14,-1,-8,-15,-1,7,9,16,-1,-5,-11,thankyou
14.365803480148315,-7,9,8,18,11,3,-12,1,2,0,2,-2,-8,-9,thankyou
14.38165545463562,6,2,19,12,4,19,12,6,12,11,6,1,7,7,thankyou
14.38165545463562,-1,12,0,11,-14,17,23,4,11,15,5,-5,4,13,thankyou
14.396551132202148,-7,15,-7,22,0,13,14,0,1,2,-16,-16,-7,10,thankyou
14.396551132202148,-1,6,-6,23,21,14,9,-4,5,2,-36,-21,-13,8,thankyou
14.412134170532228,-4,-7,-17,0,7,5,10,-3,11,11,-27,-24,-11,3,thankyou
14.412134170532228,-8,-16,-5,-18,-6,-6,4,0,3,2,-13,-7,-2,-2,thankyou
14.427678108215332,0,-7,0,-15,0,-12,-1,-2,-3,-11,-12,7,0,-3,thankyou
14.427678108215332,13,5,-1,-17,0,-10,-5,0,0,-9,-2,16,1,-1,thankyou
14.442909479141235,20,6,3,-19,1,-4,-10,3,3,-5,15,27,11,0,thankyou
14.442909479141235,16,2,-3,-10,7,-10,-13,3,-5,-11,14,26,12,1,thankyou
14.45946478843689,11,3,3,-3,7,-17,-15,7,-11,-7,9,13,0,0,thankyou
14.45946478843689,12,7,10,7,7,-5,-8,7,-4,-1,19,8,-1,-1,thankyou
14.473424434661863,0,1,7,12,6,1,-3,-2,-12,-5,11,1,0,-5,thankyou
14.473424434661863,-24,-18,-7,-5,-5,0,-3,-1,-26,-9,-11,-19,-11,-8,thankyou
14.490159273147585,-34,-31,-24,-12,-14,-2,-1,-1,-21,-12,-19,-31,-24,-9,thankyou
14.490159273147585,-32,-31,-11,-12,-24,-3,0,-10,-17,-18,-23,-33,-19,-13,thankyou
14.5056631565094,-40,-41,-23,-33,-38,-4,-9,-10,-12,-1,-33,-43,-16,-19,thankyou
14.5056631565094,-35,-32,-29,-39,-29,0,-11,-3,5,8,-36,-38,-22,-17,thankyou
14.519744396209717,-2,5,0,-3,0,5,-3,-6,16,-4,-14,-4,-7,-4,thankyou
14.535037755966188,22,24,10,21,11,1,-1,-4,19,-1,21,23,22,10,thankyou
14.535037755966188,30,21,18,9,8,0,-5,11,28,16,42,37,30,16,thankyou
14.549763441085815,27,28,18,5,14,0,0,16,25,20,41,35,21,10,thankyou
14.549763441085815,20,36,17,26,25,0,2,3,3,6,28,16,9,0,thankyou
14.56576919555664,9,21,20,26,16,3,-4,-2,-18,-7,5,-1,-6,-12,thankyou
14.56576919555664,-10,-4,-7,-3,0,8,2,-3,-33,-16,-15,-16,-21,-25,thankyou
14.581137657165527,-20,-14,-11,-9,0,19,23,0,-25,-1,-13,-16,-14,-11,thankyou
14.581137657165527,-9,-1,4,14,6,24,33,0,8,24,-2,-4,5,16,thankyou
14.596771955490112,-6,0,0,10,0,14,23,0,16,14,-20,-9,1,16,thankyou
14.596771955490112,-10,-8,-7,-12,-7,10,16,-2,2,-5,-33,-16,-12,0,thankyou
14.612752199172974,5,-5,-8,-3,-3,7,18,-2,14,15,-5,1,6,16,thankyou
14.612752199172974,20,0,4,9,-4,-8,6,0,17,22,11,22,26,33,thankyou
14.628339052200316,15,0,7,2,-3,-22,-14,4,0,-9,1,18,17,18,thankyou
14.628339052200316,22,6,7,2,1,-18,-12,4,10,-11,6,18,14,9,thankyou
14.64421558380127,36,12,23,11,4,-10,1,3,32,15,24,34,24,21,sil
14.64421558380127,26,8,7,7,4,-15,-2,5,29,19,33,29,26,16,sil
14.659790992736816,3,6,-4,-3,0,-22,-17,2,0,-5,27,8,8,-11,sil
14.659790992736816,-9,8,-2,0,0,-17,-19,-7,-28,-26,11,-1,-11,-23,sil
14.675719022750854,-11,3,-4,6,7,-4,-11,-2,-32,-17,0,-9,-19,-15,sil
14.675719022750854,-14,0,-2,2,4,4,-10,8,-20,-5,-5,-15,-20,-17,sil
14.690970420837402,-16,4,-7,6,-1,8,-10,0,-19,-15,-3,-14,-18,-20,sil
14.690970420837402,-10,0,0,7,6,9,-3,-8,-19,-13,1,-9,-13,-8,sil
14.706923484802246,-5,-6,0,-1,5,10,0,-2,-12,4,-3,-11,-13,-3,sil
14.706923484802246,-13,-12,-14,-5,-9,7,-5,-1,-2,8,-18,-15,-13,-8,sil
14.721977949142456,-20,-17,-4,-14,-12,6,-6,0,4,6,-23,-13,-6,0,sil
14.721977949142456,-11,-21,-2,-24,-7,7,4,1,5,9,-24,-9,0,10,sil
14.73759651184082,1,-19,-5,-19,-10,7,12,0,7,11,-27,-4,-2,9,sil
14.73759651184082,0,-16,-6,-17,-11,2,5,-1,14,6,-14,-1,2,5,sil
14.753447532653809,-5,-13,-13,-28,-9,-8,-4,-1,0,-15,0,0,8,0,sil
14.753447532653809,7,2,2,-21,-5,-12,-8,-5,-12,-29,5,8,6,-4,sil
14.769182682037354,15,15,5,0,0,-6,-1,-6,-2,-11,12,16,7,-3,sil
14.769182682037354,7,12,2,9,6,0,10,0,5,1,20,12,6,-5,sil
14.784721612930298,-1,11,7,13,11,0,17,9,9,0,11,-2,-2,-13,sil
14.784721612930298,-13,6,-2,17,11,1,11,8,8,-5,-6,-20,-11,-17,sil
14.800174951553345,-16,-3,-3,14,3,11,7,7,-3,-6,-14,-18,-10,-11,sil
14.800174951553345,-9,-2,-1,12,2,21,22,4,5,11,-7,-9,1,-2,sil
14.81591534614563,-4,0,1,12,4,14,25,-2,24,26,-10,-13,3,2,sil
14.81591534614563,1,-2,6,10,1,1,6,-4,18,21,-11,-5,2,4,sil
14.83166527748108,14,1,0,7,0,-6,-1,0,17,19,7,13,16,16,sil
14.83166527748108,18,10,4,-4,0,-13,-6,0,17,7,12,22,16,26,sil
14.846738815307615,16,9,2,-12,-2,-20,-19,-1,-3,-12,3,21,1,18,sil
14.846738815307615,18,10,2,-5,-8,-22,-33,-2,-25,-14,13,24,0,7,sil
14.861977338790894,21,17,14,0,-9,-15,-42,-7,-32,-12,26,26,1,6,sil
14.861977338790894,13,13,7,8,0,0,-22,-7,-33,-16,23,13,-3,3,sil
14.87808346748352,0,0,5,22,10,16,9,1,-26,-5,8,-2,-5,0,sil
14.87808346748352,-7,-9,-1,19,11,23,19,4,-7,15,-5,-14,-6,4,sil
14.894126653671265,-8,-13,-11,-1,2,13,10,0,8,18,-8,-15,-3,5,sil
14.894126653671265,-4,-9,-1,-13,-6,-3,1,-1,12,2,0,-2,12,1,sil
14.91006326675415,0,0,-2,-8,-4,-12,-11,1,9,1,12,9,22,-2,sil
14.91006326675415,0,6,-4,-4,2,-5,-12,1,3,6,13,6,5,-13,sil
14.926915884017944,-8,3,-2,-3,0,1,0,0,1,0,9,-1,-7,-22,sil
14.926915884017944,-13,3,4,1,0,0,3,2,-1,-6,2,-9,-3,-12,sil
14.939998626708984,-17,2,9,6,1,0,5,9,-5,-5,-16,-19,-12,-4,sil
14.939998626708984,-24,-13,-15,-2,-2,5,17,0,0,-2,-38,-31,-19,-5,sil
14.956023454666138,-19,-26,-11,-17,-9,4,19,-7,9,7,-32,-25,-6,0,sil
14.956023454666138,0,-13,6,-13,-10,3,16,-2,20,15,-12,-2,1,11,sil
14.971641063690186,18,2,-2,-1,-4,1,13,3,23,2,-6,11,0,10,sil
14.971641063690186,23,12,0,-2,2,-6,-1,1,12,-14,0,23,2,0,sil
14.987037420272827,19,13,4,-6,3,-20,-16,-5,-3,-21,13,20,3,-8,sil
14.987037420272827,13,14,7,-3,5,-19,-16,-5,-11,-27,10,7,-10,-8,sil
15.003111600875854,4,16,6,12,13,0,-6,0,-11,-18,2,4,-15,-3,sil
15.003111600875854,-4,3,-7,19,16,11,1,1,-11,-1,1,0,-3,0,sil
15.018123388290403,-12,-14,-7,4,7,9,9,2,-8,8,-4,-17,3,-1,sil
15.018123388290403,-17,-15,-10,1,4,17,20,6,4,15,-8,-22,4,0,sil
15.033644676208496,-11,-11,-6,0,4,22,20,3,16,17,-9,-5,5,5,sil
15.03464674949646,0,-15,-2,-21,-7,4,5,1,15,11,-8,2,9,8,sil
15.050173044204712,4,-8,-7,-24,-22,-18,-11,0,4,8,9,4,13,3,sil
15.050173044204712,4,4,10,-9,-18,-18,-22,-2,-7,0,23,13,6,-4,sil
15.065725803375244,-6,0,6,-5,-6,-5,-24,-5,-18,-10,5,3,-6,-9,sil
15.065725803375244,-18,-9,-10,-7,-9,6,-11,-4,-26,-6,-14,-17,-10,-5,sil
15.081796169281006,-9,-7,-2,-2,-16,14,0,-5,-14,1,-17,-10,-2,3,sil
15.081796169281006,9,0,9,4,-11,0,-6,-10,1,-6,-8,5,3,9,sil
15.09723711013794,23,19,16,12,0,-21,-17,-6,-4,-13,11,13,2,4,sil
15.09723711013794,26,38,11,19,14,-8,-6,1,-5,0,35,27,11,1,sil
15.111982107162476,14,25,6,19,17,10,3,4,7,5,29,25,14,2,sil
15.127135038375854,-4,-2,3,13,9,7,4,6,3,1,0,-4,-2,-1,sil
15.127135038375854,-8,-5,-9,13,10,9,22,10,2,13,-9,-22,-11,0,sil
15.128134727478027,0,3,-3,18,15,21,37,9,26,30,0,-1,3,15,sil
15.143712997436523,-8,-8,-4,12,5,6,18,1,32,22,4,7,9,15,sil
15.143712997436523,-17,-19,-14,-4,-5,-19,-7,-1,9,-2,-2,-2,-5,-3,sil
15.158795833587646,-2,0,-2,-7,-3,-20,-17,0,-3,-15,0,-2,-12,-17,sil
15.158795833587646,14,19,10,1,0,-11,-20,0,-5,-10,14,11,-1,-8,sil
15.1749165058136,16,16,22,15,3,-10,-15,-3,-15,-12,15,18,1,2,sil
15.1749165058136,8,5,6,28,6,3,3,-6,-18,-16,-3,1,-8,-4,sil
15.190879583358765,-2,-8,-9,15,0,15,12,-5,-14,-9,-23,-24,-17,-10,sil
15.206080436706545,-7,-13,4,-13,-5,9,8,-1,-12,-3,-22,-21,-9,4,sil
15.206080436706545,1,-10,-5,-27,-7,-7,3,0,0,3,-9,0,8,15,sil
15.206080436706545,5,-9,-12,-32,-15,-14,-5,0,8,1,-6,6,14,7,sil
15.222701787948608,0,-1,-1,-28,-12,-8,-8,1,1,-12,-2,6,7,0,sil
15.222701787948608,1,9,0,-16,3,-5,-2,3,0,-10,11,12,7,-4,sil
15.237741947174072,0,11,-4,-18,7,0,-3,5,2,1,11,5,7,-10,sil
15.238741397857666,-16,0,-12,-15,4,12,0,-1,-1,4,-4,-15,-1,-14,sil
15.251996517181396,-24,-6,-2,1,7,15,10,0,-6,0,-20,-24,-14,-14,sil
15.2674663066864,-17,-10,-2,-2,4,18,17,5,4,9,-27,-25,-18,-10,sil
15.2674663066864,-12,-18,-19,-21,-2,17,17,1,19,24,-23,-31,-13,0,sil
15.284542560577393,-9,-19,-5,-14,-3,6,11,-4,15,23,-14,-20,-6,6,sil
15.284542560577393,0,-12,2,4,-2,-2,3,-3,7,12,-2,0,8,12,sil
15.299727439880373,14,-6,3,2,-5,-4,0,-1,10,7,7,17,19,21,sil
15.299727439880373,17,6,14,0,-4,-9,-8,0,4,-1,13,19,15,19,sil
15.314816951751707,14,17,11,11,0,-17,-21,-1,-9,-20,15,14,3,-3,sil
15.314816951751707,15,17,10,22,-1,-7,-26,0,-12,-22,25,22,0,-13,sil
15.329961776733398,14,13,13,25,2,0,-15,5,-7,-8,37,28,9,0,sil
15.329961776733398,2,14,17,33,16,-5,-4,1,-6,-4,32,15,6,6,sil
15.345822095870972,-7,8,10,38,16,0,6,-3,-5,-1,10,-1,-3,-1,sil
15.345822095870972,-14,-8,-13,21,0,10,21,0,0,9,-11,-14,-7,-8,sil
15.360865116119385,-19,-18,-10,-3,-12,12,22,4,6,11,-18,-14,-9,-6,sil
15.360865116119385,-16,-19,-16,-17,-10,9,14,0,12,6,-11,-8,-7,0,sil
15.376257181167604,-5,-12,-20,-22,-9,0,7,-2,10,0,-4,0,0,3,sil
15.376257181167604,1,2,-7,-20,-13,-17,-12,-3,-1,-7,-3,12,0,-1,sil
15.39221692085266,11,11,-3,-9,-15,-32,-35,-6,-17,-15,-1,12,0,-8,sil
15.39221692085266,27,20,9,-2,-6,-21,-25,-2,-17,-12,5,12,3,-3,sil
15.407835721969604,28,27,15,6,12,0,0,2,2,0,22,24,11,8,sil
15.407835721969604,15,20,14,19,21,8,0,3,-2,-4,19,20,7,8,sil
15.42297339439392,11,16,23,24,14,9,-4,0,-28,-16,0,-1,-7,5,sil
15.42297339439392,8,13,9,22,14,12,1,-2,-15,0,-2,-6,-3,15,sil
15.439056634902954,-9,-4,0,6,12,13,4,0,12,21,-7,-11,6,12,sil
15.439056634902954,-23,-25,-8,-10,0,14,9,4,12,13,-23,-27,-10,-6,sil
15.454689741134644,-20,-23,-18,-12,-9,12,23,4,0,4,-27,-27,-25,-12,sil
15.454689741134644,-12,-9,-11,-12,-4,11,22,2,2,6,-21,-15,-9,-5,sil
15.46986699104309,-13,-16,-18,-25,-1,3,12,-2,8,5,-14,-17,2,-1,sil
15.46986699104309,-23,-26,-16,-36,-11,-5,0,-8,12,5,-11,-22,-1,-7,sil
15.485123872756958,-19,-12,-9,-25,-11,-9,-8,-6,19,5,-10,-13,1,-16,sil
15.485123872756958,2,0,-1,-7,-2,-11,-14,0,17,-2,0,1,5,-8,sil
15.500273942947388,22,7,12,-4,-1,-12,-15,1,0,-9,19,17,7,5,sil
15.500273942947388,25,17,6,0,3,-6,-13,-1,-10,-8,34,26,17,7,sil
15.515986919403076,18,26,13,20,9,2,-5,1,-12,-13,25,17,6,0,sil
15.515986919403076,1,12,15,28,6,3,1,4,-16,-14,-2,-3,-16,-5,sil
15.53170394897461,-9,-6,-1,17,10,0,9,0,-17,-5,-18,-8,-13,-2,sil
15.53170394897461,-7,-10,1,6,11,9,17,0,-11,3,-12,0,-1,8,sil
15.54714059829712,-8,-18,-7,-1,-4,9,13,6,1,17,-3,-10,0,9,sil
15.54714059829712,-17,-25,-16,-18,-16,-10,-2,9,18,19,-6,-15,2,0,sil
15.56275224685669,-4,-7,-4,-14,-7,-19,-8,5,30,11,0,5,16,3,sil
15.578794479370115,20,11,8,5,0,-11,-2,-4,23,7,18,24,23,12,sil
15.578794479370115,12,9,12,-5,-3,-5,-4,-7,-4,-1,20,25,11,7,sil
15.578794479370115,-4,1,-5,-24,-8,-5,-10,0,-19,-12,15,13,2,-3,sil
15.5940043926239,6,6,0,-7,-7,-4,-8,6,-9,-8,14,8,5,-8,sil
15.5940043926239,9,16,13,13,0,0,-2,-1,-4,-7,7,5,-1,-8,sil
15.610098361968994,-1,15,1,16,5,9,7,-4,-6,-9,0,-5,-13,-2,sil
15.610098361968994,9,7,8,22,6,25,25,0,5,6,0,-6,-1,8,sil
15.62572193145752,17,3,6,27,10,30,30,-5,16,26,0,4,16,13,sil
15.62572193145752,6,0,-5,21,10,17,7,-9,8,18,-9,2,9,10,sil
15.641717910766602,-4,-12,-4,5,0,3,-10,0,1,6,-18,-10,-5,0,sil
15.641717910766602,-13,-23,-10,-17,-10,-10,-11,0,3,0,-18,-14,-10,-10,sil
15.65783715248108,-12,-11,-6,-27,-10,-20,-21,-1,0,-17,-7,-5,-13,-12,sil
15.65783715248108,-4,5,0,-12,0,-17,-28,3,-1,-27,5,1,-17,-12,sil
15.6729998588562,-8,12,3,3,4,-7,-16,1,-11,-22,-2,-4,-26,-19,sil
15.6729998588562,-11,15,4,9,1,-2,-4,0,-28,-22,-13,-8,-32,-20,sil
15.689050674438477,-5,12,-3,12,5,-3,-1,0,-30,-20,-1,-6,-15,-6,sil
15.689050674438477,-2,5,4,10,9,3,8,-4,-18,-5,-3,-3,0,3,sil
15.704673767089844,-2,3,0,12,8,17,22,-2,-6,5,-16,-9,-3,0,sil
15.704673767089844,-3,-5,-4,2,0,9,12,2,-1,6,-9,-8,-3,3,sil
15.720196008682253,-5,-21,2,-14,-12,-4,-4,-1,6,7,-2,-4,1,9,sil
15.720196008682253,0,-24,-11,-15,-10,-3,0,-4,15,12,-4,-8,5,6,sil
15.73583197593689,4,-9,-7,-9,-2,-1,6,4,21,19,6,-3,15,6,sil
15.73583197593689,6,-1,2,-13,-1,-4,0,8,26,29,28,13,19,20,sil
15.751092195510864,16,-4,4,-15,0,-8,0,5,28,27,34,29,28,25,sil
15.751092195510864,21,2,5,-10,1,-9,7,0,18,7,24,30,66,10,sil
15.76624584197998,3,10,-9,-8,0,-7,1,-2,0,-7,10,9,58,0,sil
15.76624584197998,-9,9,0,-3,-3,-6,-13,0,-12,-8,0,-4,-10,-9,sil
15.781955480575562,0,12,15,12,4,-6,-15,5,-9,-3,3,5,-27,-13,sil
15.781955480575562,3,10,9,19,9,4,-3,3,-4,-7,3,5,-4,-2,sil
15.798031568527222,-4,-2,6,5,0,20,7,2,-10,-5,-14,-9,-17,6,sil
15.798031568527222,-5,-11,-1,4,-1,22,14,-4,-9,9,-19,-15,-26,2,sil
15.813679456710815,-2,-2,1,13,0,18,10,-10,-3,4,-16,-10,-16,-1,sil
15.813679456710815,0,2,0,15,-3,11,2,-8,1,-3,-13,-1,-12,3,sil
15.830206632614136,7,-1,-7,3,-6,-2,2,-3,5,4,0,1,-2,7,sil
15.830206632614136,5,-10,-2,-14,-3,-5,7,-3,3,-1,2,0,0,-2,sil
15.845843315124512,-5,-13,-8,-23,-6,-2,7,-4,0,-18,-8,-2,-1,-13,sil
15.845843315124512,0,-1,-5,-23,-4,-11,-1,2,0,-14,-8,6,1,-10,sil
15.860950708389282,5,10,-4,-21,0,-19,-10,9,0,-8,1,9,1,-7,sil
15.860950708389282,0,7,-14,-10,1,-17,-10,3,-1,-10,6,1,-3,-9,sil
15.87620234489441,-1,7,5,4,14,-11,-13,1,-4,-6,5,-1,-4,-7,sil
15.87620234489441,2,16,12,18,23,-5,-14,1,-5,-1,10,0,1,-3,sil
15.892078638076782,2,14,9,32,8,-2,-6,0,-2,1,16,1,5,2,sil
15.892078638076782,-3,2,9,30,-2,2,-5,1,1,4,8,0,0,4,sil
15.908987998962402,-10,-7,-6,9,0,11,-6,5,-1,0,-8,-13,-8,-2,sil
15.908987998962402,-10,-8,0,4,-3,15,8,0,-4,0,-11,-20,-14,-4,sil
15.923672914505005,-8,-6,6,12,-3,11,22,-9,-11,6,-6,-14,-10,0,sil
15.923672914505005,-11,-9,-6,6,0,11,16,-6,-22,2,-10,-15,-8,-1,sil
15.938834428787231,-13,-8,-13,-2,-2,19,12,0,-15,0,-10,-14,-9,-5,sil
15.938834428787231,-9,-10,-12,-7,-6,11,7,-4,8,4,-10,-4,-4,-2,sil
15.955036163330078,0,-13,2,-17,-11,-8,-14,-4,19,5,-10,6,4,-1,sil
15.955036163330078,11,-9,-1,-16,-8,-13,-19,4,25,17,6,17,25,11,sil
15.971721172332764,14,0,-3,-9,0,-3,-1,7,35,34,19,28,37,33,thankyou
15.986744165420532,10,4,3,-13,-3,-5,0,2,25,14,7,22,23,22,thankyou
15.986744165420532,8,0,-3,-16,-10,-20,-13,0,4,-12,1,3,6,-3,thankyou
16.000901222229004,7,2,2,-14,-8,-19,-10,3,-3,-6,16,11,5,-3,thankyou
16.000901222229004,7,18,5,-6,0,-9,0,0,-9,-1,23,23,7,6,thankyou
16.01692509651184,20,27,10,9,5,-9,-4,-1,-16,-16,13,17,1,4,thankyou
16.01692509651184,27,23,24,19,9,-2,-3,1,-17,-18,6,11,-5,1,thankyou
16.033126831054688,4,9,7,13,12,6,3,0,-22,-18,-6,-2,-16,-3,thankyou
16.033126831054688,-14,0,0,9,9,6,3,-4,-33,-32,-22,-18,-21,-12,thankyou
16.033126831054688,-6,0,7,15,8,15,3,0,-25,-13,-9,-8,-8,-5,thankyou
16.04801368713379,-3,-4,-1,18,9,26,10,1,-9,16,3,-5,-6,2,thankyou
16.064553022384644,-19,-12,-9,8,5,17,14,-1,0,8,-18,-28,-21,-7,thankyou
16.064553022384644,-23,-17,-16,-7,1,8,20,0,23,9,-23,-30,-8,-6,thankyou
16.064553022384644,-9,-16,-8,-21,-3,10,23,5,45,38,4,-4,17,8,thankyou
16.09071946144104,-3,-16,-10,-17,-11,2,19,1,44,35,8,0,18,8,thankyou
16.091132640838623,0,-12,-14,-1,-4,-13,8,-2,39,14,-4,-6,11,7,thankyou
16.091132640838623,11,0,5,-1,4,-18,-5,-2,30,12,0,2,17,10,thankyou
16.100226640701294,6,1,3,-13,0,-17,-15,-3,5,3,7,7,12,-4,thankyou
16.11076521873474,-9,0,-7,-21,-8,-15,-21,-2,-27,-25,1,-3,-5,-28,thankyou
16.126164197921753,-13,7,-10,-14,-3,-10,-28,-1,-39,-37,-2,-8,-14,-31,thankyou
16.126164197921753,-2,16,-4,2,2,-2,-24,-3,-27,-27,1,0,-13,-20,thankyou
16.14204430580139,8,16,17,7,3,6,-12,0,-22,-16,14,13,-6,-5,thankyou
16.14204430580139,6,9,11,6,-1,4,-2,10,-13,-7,18,10,0,0,thankyou
16.15763759613037,-3,5,5,17,-5,4,1,9,0,-6,-4,2,-11,-4,thankyou
16.15763759613037,-9,-1,2,22,0,18,2,-9,-22,-8,-23,-1,-25,-8,thankyou
16.173017740249634,-7,-15,-5,6,-4,15,6,-9,-40,-1,-12,-4,-18,0,thankyou
16.173017740249634,3,-12,7,1,-11,0,18,11,0,12,0,0,-1,16,thankyou
16.188345432281494,13,0,5,11,0,-1,22,3,25,17,-3,6,7,24,thankyou
16.188345432281494,9,-2,1,2,10,-3,4,-10,-2,7,-12,0,6,20,thankyou
16.20331120491028,4,-9,3,-10,0,-5,-4,0,0,6,-6,0,7,17,thankyou
16.20331120491028,6,-8,-6,-4,-9,-4,-3,0,27,14,7,7,15,16,thankyou
16.219825506210327,6,-1,-3,-4,-10,-15,-23,-7,16,2,12,5,13,7,thankyou
16.219825506210327,9,4,2,-12,-5,-18,-29,0,10,-7,16,10,12,2,thankyou
16.23500967025757,18,17,10,2,7,0,-3,10,25,8,30,27,26,10,thankyou
16.23500967025757,11,26,14,25,17,13,6,5,16,23,28,22,22,10,thankyou
16.25002670288086,-6,15,-5,21,18,6,1,0,-1,15,3,-6,-3,0,thankyou
16.25002670288086,-18,-3,-10,0,12,11,12,0,-5,-2,-19,-27,-20,-14,thankyou
16.26557493209839,-18,-14,-13,-10,0,14,23,0,3,-2,-21,-31,-12,-15,thankyou
16.26557493209839,-6,-10,-9,-15,-14,-1,13,1,8,2,-7,-19,0,-4,thankyou
16.280773878097534,4,0,3,-19,-13,-11,-1,-1,-3,-11,5,2,4,-4,thankyou
16.280773878097534,0,6,0,-12,3,-5,-9,-6,-20,-33,2,7,-4,-16,thankyou
16.296740770339966,-6,7,0,-12,11,-1,-6,0,-14,-24,-4,0,-13,-18,thankyou
16.296740770339966,-5,7,0,-6,6,0,4,7,3,8,6,1,-2,-10,thankyou
16.31180739402771,-1,-2,-1,4,7,11,11,4,7,15,2,1,0,-3,thankyou
16.31180739402771,-9,-17,4,0,5,18,14,0,7,3,-27,-13,-11,0,thankyou
16.327821731567383,-20,-22,-10,-12,-5,0,9,-1,16,7,-34,-27,-9,0,thankyou
16.327821731567383,-2,-8,-1,-6,-10,-14,-4,-4,9,10,-6,-3,6,0,thankyou
16.34394073486328,24,9,13,10,-2,-14,-11,-4,-12,-4,22,25,11,4,thankyou
16.34394073486328,16,13,9,22,-1,-5,-9,-5,-25,-16,21,15,0,9,thankyou
16.359907865524292,-8,6,6,21,-3,15,-3,-2,-26,-12,-7,-10,-17,5,thankyou
16.359907865524292,-15,-9,-11,8,0,23,5,-4,-26,-4,-24,-19,-20,0,thankyou
16.375478506088257,-3,-16,-8,0,-2,0,2,-10,-25,0,-11,-5,-5,2,thankyou
16.375478506088257,10,-2,2,3,-7,-10,-7,-2,-11,5,7,12,13,9,thankyou
16.39121961593628,12,0,-8,-1,-7,-10,-12,5,1,3,11,9,15,5,thankyou
16.39121961593628,1,-11,-7,-14,-9,-18,-13,5,8,-1,8,2,6,-1,thankyou
16.406818151474,4,-1,2,-8,-8,-13,0,11,29,7,13,11,13,5,thankyou
16.406818151474,12,14,10,-3,-2,-2,5,10,35,8,14,19,19,8,thankyou
16.421995639801025,5,12,4,-8,5,0,-3,-2,14,-12,8,11,7,-4,thankyou
16.421995639801025,1,10,-1,-4,10,-3,-5,-1,8,-13,11,6,0,-8,thankyou
16.437153577804565,2,16,6,2,5,-8,-2,7,14,1,17,9,0,-6,thankyou
16.437153577804565,-7,7,-3,0,0,-9,-11,0,4,-3,6,-1,-8,-6,thankyou
16.45272445678711,-8,0,0,1,4,2,-18,-7,-8,-9,-8,-7,-15,-3,sil
16.453722715377808,3,9,15,14,11,12,-12,-2,-16,2,-5,2,-6,1,sil
16.468286991119385,5,11,4,21,7,14,2,1,-23,9,4,7,0,8,sil
16.468286991119385,0,0,0,18,7,27,19,2,-21,7,0,-1,-6,10,sil
16.483662843704224,-2,-8,0,10,11,29,26,-1,-7,10,-8,-13,-10,2,sil
16.483662843704224,-2,-12,1,-2,0,13,24,-4,3,14,-9,-15,0,1,sil
16.500200271606445,-2,-12,0,-8,-11,2,24,1,3,11,-18,-14,3,4,sil
16.500200271606445,-10,-15,-10,-3,-5,-1,20,2,3,5,-33,-21,-4,-4,sil
16.515848875045776,-17,-11,-2,0,0,-4,10,0,18,8,-28,-21,-3,-8,sil
16.515848875045776,-12,-10,-8,-6,-5,-2,5,0,29,13,-4,-14,8,1,sil
16.531095266342163,-5,-13,-16,-17,-7,-5,0,0,19,2,1,-6,11,0,sil
16.531095266342163,-3,-8,-7,-22,-3,-9,-9,-1,9,-12,-10,0,1,-10,sil
16.547176599502563,-1,-1,-7,-15,-4,-19,-18,0,5,-16,-14,-2,-9,-13,sil
16.547176599502563,2,4,0,-16,-4,-18,-15,0,-7,-20,0,0,-8,-6,sil
16.562360048294067,12,10,0,-16,0,-6,-7,1,-7,-14,23,24,13,5,sil
16.562360048294067,17,12,2,-1,2,-2,-12,1,3,-3,31,37,22,14,sil
16.577986001968384,13,16,14,15,4,-5,-25,-5,-3,-6,23,24,6,8,sil
16.593178510665894,6,11,8,13,5,-4,-30,-11,-28,-12,16,5,-2,-3,sil
16.593178510665894,2,0,6,0,-1,-10,-24,-5,-41,-8,16,2,-1,-12,sil
16.593178510665894,7,10,9,9,0,-8,-4,0,-25,2,20,12,3,-7,sil
16.608697414398193,5,20,8,21,5,6,5,-2,-11,3,11,11,0,0,sil
16.625865936279297,-15,-1,-2,3,-5,13,0,0,-15,-8,-6,-10,-15,-10,sil
16.625865936279297,-24,-23,-17,-7,-9,6,5,5,-9,-2,-8,-19,-13,-11,sil
16.625865936279297,-8,-7,1,9,2,16,31,10,9,13,-4,-9,-1,4,sil
16.640875101089478,4,8,12,19,3,27,37,8,19,14,-13,-10,-5,14,sil
16.640875101089478,10,-1,0,17,0,14,23,3,20,12,-17,-11,-8,20,sil
16.65544104576111,13,-9,0,10,5,3,17,2,21,20,-11,2,0,27,sil
16.673108100891113,7,-9,-10,-9,0,1,8,1,27,19,-9,8,7,22,sil
16.67410945892334,6,-6,-4,-26,-12,-11,-7,4,28,2,-4,5,8,6,sil
16.67410945892334,13,2,13,-9,-6,-15,-8,5,28,0,9,11,13,4,sil
16.68869400024414,16,10,11,7,5,-7,-1,-1,24,8,16,15,18,8,sil
16.68869400024414,11,12,5,0,7,-5,-8,-5,-1,-2,8,13,6,-2,sil
16.70265531539917,-2,13,-8,-3,7,-12,-12,-6,-29,-29,1,0,-10,-18,sil
16.719067096710205,-20,8,-7,7,5,-9,-13,-9,-35,-35,-1,-15,-18,-28,sil
16.719067096710205,-34,-1,-5,10,1,4,-10,-7,-28,-16,-9,-25,-17,-32,sil
16.719067096710205,-41,-13,-19,-4,1,12,4,-1,-21,-1,-15,-30,-15,-28,sil
16.73396873474121,-32,-14,-12,-10,-2,13,12,2,-11,1,-16,-26,-10,-15,sil
16.749065399169922,-17,-15,-10,2,-9,8,6,2,0,5,-16,-19,-2,-7,sil
16.749065399169922,-11,-24,-11,-2,-14,-3,-4,0,1,8,-20,-13,0,-3,sil
16.764683961868286,-7,-24,-8,-30,-16,-9,-16,-3,2,4,-15,-8,2,5,sil
16.764683961868286,10,-6,-1,-29,-5,-5,-11,-1,18,6,8,5,16,19,sil
16.779781103134155,37,16,25,0,12,-4,0,3,28,13,33,38,32,27,sil
16.779781103134155,45,26,27,16,15,-9,0,3,13,9,39,50,29,25,sil
16.79506278038025,28,24,14,18,7,-6,-2,4,-3,-3,31,28,10,18,sil
16.79506278038025,14,20,14,21,7,5,2,5,-10,0,21,13,0,12,sil
16.810840129852295,14,4,6,12,8,8,1,-1,-15,4,1,6,-4,7,sil
16.810840129852295,5,-7,7,0,0,8,6,-4,-17,-3,-23,-7,-14,-1,sil
16.82609796524048,-7,-9,0,-1,-10,11,14,0,-5,0,-26,-11,-12,-3,sil
16.82609796524048,-5,-7,-10,-14,-20,-1,-1,-1,2,2,-12,-2,-1,0,sil
16.842085361480713,0,0,-8,-35,-12,-14,-18,-1,0,-15,-5,0,-6,-13,sil
16.842085361480713,-2,8,-4,-15,6,-4,-6,2,-2,-24,0,-3,-13,-29,sil
16.85773730278015,-9,10,8,18,14,11,6,1,-2,-11,5,-7,-12,-17,sil
16.85773730278015,-18,0,-5,19,10,10,6,-2,-4,-2,-1,-19,-13,-7,sil
16.873203992843628,-19,-9,-19,6,3,3,9,-1,-4,0,-21,-27,-20,-13,sil
16.873203992843628,-5,-6,0,10,0,7,23,3,11,14,-17,-10,-6,2,sil
16.88914132118225,0,-4,-4,5,0,-1,23,4,32,24,4,6,20,26,sil
16.88914132118225,1,-10,-6,-19,-11,-18,-3,2,22,13,10,7,22,13,sil
16.9047212600708,10,-4,0,-21,-17,-15,-19,-1,7,7,12,8,12,-2,sil
16.9047212600708,11,7,-1,-1,-2,0,-12,-4,11,7,22,15,13,4,sil
16.91989755630493,0,12,2,9,12,7,-7,0,4,-4,20,14,8,7,sil
16.91989755630493,-3,9,1,15,14,6,0,1,-9,-4,7,1,-3,3,sil
16.935030221939087,-5,4,4,20,9,4,8,-1,-11,-1,-6,-9,-11,-2,sil
16.935030221939087,-21,-8,-2,8,0,9,8,-1,-9,-9,-19,-19,-12,-13,sil
16.95064067840576,-29,-20,-16,-7,-8,8,1,0,-11,-7,-21,-27,-12,-14,sil
16.95064067840576,-16,-18,-9,-14,-10,1,-4,0,-8,2,-15,-17,-5,-3,sil
16.96581244468689,4,-7,0,-8,-12,-10,-8,0,2,8,0,12,12,7,sil
16.96581244468689,26,7,17,0,-11,-16,-8,2,8,12,18,35,27,16,sil
16.98196268081665,28,11,18,4,0,-13,-10,0,4,7,25,30,28,17,sil
16.98196268081665,11,6,3,0,2,-15,-12,-1,-3,-6,21,15,15,4,sil
16.997153282165527,11,12,10,-2,-3,-16,-9,2,-9,-16,14,11,-2,-8,sil
16.997153282165527,23,19,9,8,4,-1,-1,4,-10,-17,8,7,-7,-4,sil
17.01267671585083,14,16,8,27,21,16,2,2,-12,-15,0,0,-8,-2,sil
17.01267671585083,-6,9,4,26,17,19,0,-2,-19,-10,-12,-7,-17,-10,sil
17.027820110321045,-17,-8,-12,4,-1,7,-4,-10,-31,-12,-25,-26,-32,-13,sil
17.027820110321045,-19,-21,-6,-10,-8,8,1,-5,-28,-14,-36,-29,-37,-9,sil
17.043002605438232,-14,-14,-6,-6,-1,15,20,0,0,0,-34,-14,-19,0,sil
17.043002605438232,0,-6,-4,-7,1,10,27,1,32,25,-14,1,6,19,sil
17.05911898612976,14,0,2,-9,0,0,14,4,39,30,10,14,23,26,sil
17.05911898612976,20,5,-1,-7,0,-8,2,3,31,14,25,23,26,11,sil
17.074811697006226,10,4,2,-22,0,-10,-3,0,19,0,18,17,19,-3,sil
17.074811697006226,-7,-5,-6,-35,0,-9,-8,0,8,-5,5,0,10,-8,sil
17.089851140975952,-15,-7,-16,-24,0,-8,-14,0,-3,-5,-2,-10,1,-16,sil
17.106459856033325,-14,-7,-8,-13,0,1,-8,0,-12,0,-10,-18,-14,-17,sil
17.106459856033325,-15,-13,-8,-8,1,11,4,0,-10,3,-16,-28,-19,-8,sil
17.106459856033325,-16,-8,-5,4,5,15,9,0,0,9,-11,-25,-4,1,sil
17.121052265167236,-9,0,-8,13,0,11,11,3,17,31,2,-12,10,13,sil
17.121052265167236,0,-3,-4,-3,-12,-4,7,3,20,30,11,-3,9,14,sil
17.138158798217773,-1,-9,3,-23,-19,-14,-11,-1,7,-1,6,0,1,-4,sil
17.139159440994263,-14,-7,-12,-17,-12,-13,-29,-3,-4,-20,0,-3,-4,-17,sil
17.153746843338013,-3,1,-3,-5,-4,-14,-23,-1,-18,-28,5,7,-6,-17,sil
17.153746843338013,12,17,12,9,1,-11,-6,0,-21,-36,14,21,0,-14,sil
17.17019248008728,8,29,22,34,9,4,1,2,-5,-13,12,17,2,0,sil
17.17019248008728,9,28,31,56,18,16,11,0,1,13,10,10,1,10,sil
17.184141397476196,16,19,14,60,22,13,22,-4,-8,10,9,9,1,3,sil
17.184141397476196,9,10,9,46,15,8,21,4,-8,0,2,10,0,4,sil
17.200216054916382,3,0,6,23,0,5,15,3,-3,0,0,10,0,20,sil
17.200216054916382,9,-11,-1,-1,-12,0,6,-8,-6,-7,-9,8,0,23,sil
17.216707229614258,19,-9,5,-16,-10,0,-5,-1,4,-2,-14,16,4,20,sil
17.216707229614258,24,-1,0,-14,-5,-9,-12,3,18,8,5,29,20,21,sil
17.23175549507141,14,3,-3,-7,-15,-26,-20,0,-2,-11,14,21,15,4,sil
17.246851682662964,2,10,-3,-6,-12,-17,-24,0,-23,-26,0,-2,-8,-19,sil
17.246851682662964,0,8,-6,0,10,3,-7,2,-9,4,-3,-19,-12,-12,sil
17.246851682662964,-6,-4,0,4,16,13,11,-1,5,25,-8,-24,0,1,sil
17.26269555091858,-23,-20,-14,-11,3,14,18,-1,11,13,-20,-30,-6,-2,sil
17.282071113586426,-28,-28,-24,-37,-4,7,11,0,11,3,-23,-36,-15,-10,sil
17.282071113586426,-19,-23,-16,-35,-10,-5,-3,-1,5,0,-12,-25,-6,-14,sil
17.282071113586426,-8,-7,-9,-15,-12,-11,-17,1,1,-9,4,2,5,-14,sil
17.2940411567688,-9,4,2,-11,0,-6,-19,6,4,-8,12,12,0,-11,sil
17.2940411567688,-17,1,-3,-9,8,-3,-11,0,1,0,3,-8,-8,-12,sil
17.31005358695984,-12,-1,-1,3,6,4,5,0,-3,3,-3,-15,-4,-10,sil
17.31005358695984,-2,0,3,9,7,20,23,4,0,15,0,-1,2,5,sil
17.326101779937744,0,-3,-1,1,6,17,20,-3,3,28,0,1,5,15,sil
17.326101779937744,6,-9,5,-13,-6,0,-3,-11,0,14,-8,0,3,9,sil
17.34205198287964,12,-8,1,-25,-16,-9,-11,-5,-3,-12,-2,4,3,3,sil
17.34205198287964,18,1,8,-12,-6,-5,-1,3,-3,-19,8,19,6,1,sil
17.357423782348633,25,16,22,6,6,-1,0,5,-2,-14,17,29,7,2,sil
17.357423782348633,16,21,8,7,4,-9,-7,3,0,-12,24,22,2,5,sil
17.371954917907715,2,22,10,12,4,-2,0,4,3,-1,21,12,2,8,sil
17.389989852905273,0,15,9,27,11,10,12,5,5,12,4,2,1,6,sil
17.389989852905273,-7,-1,-4,23,10,3,9,3,0,0,-19,-13,-14,-3,sil
17.389989852905273,-18,-4,-9,19,4,5,8,0,-4,-7,-27,-24,-22,-11,sil
17.40404987335205,-15,0,-13,26,1,15,12,0,4,16,-14,-20,-5,0,sil
17.40404987335205,-4,-6,-4,3,-3,8,11,0,14,26,-6,-8,10,8,sil
17.420879364013672,3,-8,-6,-17,-6,-3,11,0,21,14,-2,3,15,6,sil
17.420879364013672,11,2,-9,-7,-8,-16,-3,-1,10,-7,-1,2,4,0,sil
17.434955596923828,9,1,-2,-3,-12,-26,-29,-10,-15,-32,0,0,-9,-12,sil
17.451043367385864,9,-2,0,-10,-4,-15,-20,-9,-19,-22,26,17,4,-9,sil
17.451043367385864,19,13,16,7,9,8,5,2,-7,5,47,33,19,12,sil
17.451043367385864,6,18,14,32,14,9,2,2,-17,-1,9,5,-2,8,sil
17.46670174598694,-19,-5,-7,14,4,0,-10,-8,-31,-25,-40,-27,-30,-16,sil
17.4834201335907,-20,-22,-8,-17,-9,10,-5,-6,-12,-16,-34,-19,-18,-14,sil
17.4834201335907,-10,-21,-8,-23,-17,13,0,0,10,6,-10,-4,3,0,sil
17.4834201335907,-8,-14,-2,-16,-14,-9,-8,1,8,9,-13,-2,3,0,sil
17.498148679733276,-1,-6,-3,-15,-6,-22,-18,0,3,4,-6,2,1,-3,sil
17.51409101486206,6,0,-7,-9,0,-12,-13,1,6,5,16,7,7,-4,sil
17.51409101486206,2,8,8,3,5,0,-7,9,0,4,19,-1,0,-6,sil
17.515089750289917,-1,7,13,11,9,4,1,5,-3,8,10,-10,-7,0,sil
17.530205965042114,1,1,13,14,9,16,22,1,5,19,6,-6,2,15,sil
17.547194004058838,4,2,1,18,6,24,37,4,16,30,3,-1,15,24,sil
17.547194004058838,-1,2,-9,10,2,10,24,2,21,25,0,-4,14,20,sil
17.547194004058838,0,-1,4,-9,1,-2,3,0,14,1,0,0,5,6,sil
17.56231951713562,9,-1,0,-12,0,-7,-1,-2,4,-14,5,15,6,1,sil
17.56231951713562,10,0,-3,-13,-4,-11,0,-5,0,-11,11,20,14,2,sil
17.578260898590088,10,3,1,-16,-5,-11,1,-1,-2,-10,10,17,6,0,sil
17.578260898590088,18,5,2,-10,2,-6,-1,2,-9,-18,1,14,-7,0,sil
17.594152450561523,8,4,7,-7,0,-3,-16,-1,-11,-18,2,14,-8,-4,sil
17.594152450561523,-12,0,-5,-9,-4,-6,-24,-4,-13,-14,3,0,-6,-15,sil
17.608856916427612,-14,2,-3,0,6,-4,-12,0,-18,-12,-10,-11,-13,-16,sil
17.624034643173218,-7,11,6,20,18,11,4,1,-10,-1,-9,-5,-8,-6,sil
17.624034643173218,-9,10,-4,25,14,23,7,0,1,12,4,-2,0,-2,sil
17.640947580337524,-13,3,-1,18,8,17,4,0,7,13,-12,-15,-7,-8,sil
17.640947580337524,-19,-5,-9,12,5,5,9,-4,6,2,-36,-29,-22,-16,sil
17.655385732650757,-23,-22,-22,-2,-8,0,6,-6,-2,-4,-32,-34,-26,-21,sil
17.655385732650757,-11,-26,-12,-26,-25,-2,-3,0,-7,-1,-24,-25,-13,-12,sil
17.670825481414795,2,-14,-1,-28,-19,-5,-1,2,1,7,-18,-8,4,6,sil
17.670825481414795,5,-4,10,-12,-2,-4,6,1,12,13,0,3,11,18,sil
17.686822414398193,15,-1,6,8,-3,0,1,0,24,19,23,10,19,26,sil
17.686822414398193,38,9,10,19,-10,-4,-1,0,24,14,35,24,32,34,sil
17.704113006591797,36,15,18,5,-3,-7,0,0,8,0,32,36,30,25,sil
17.704113006591797,7,6,4,-7,3,-14,-6,1,-1,-6,25,22,11,1,sil
17.704113006591797,0,7,5,0,0,-19,-18,0,-12,-17,19,13,-9,-12,sil
17.717795610427856,0,6,-2,1,-4,-13,-13,0,-25,-22,7,14,-15,-12,sil
17.732879400253296,-10,-6,-13,-9,0,0,-4,3,-16,-10,-2,1,-10,-14,sil
17.732879400253296,-17,-2,-3,0,5,13,1,3,0,1,3,-9,-3,-14,sil
17.74803328514099,-13,6,-1,20,8,12,9,0,-8,-5,0,-7,-9,-6,sil
17.74803328514099,-10,4,2,20,10,8,4,-1,-28,-19,-29,-11,-23,-3,sil
17.763176679611206,-7,-1,-3,9,14,14,0,-1,-16,-7,-27,-17,-10,-2,sil
17.763176679611206,-2,1,-8,7,15,18,12,0,12,18,0,-7,15,4,sil
18.26017165184021,5,-1,-6,-3,-8,-10,11,3,18,2,-7,-1,0,2,sil
18.26017165184021,14,-2,-11,-10,-12,-17,-11,-1,11,-5,6,17,6,1,sil
18.276023626327515,5,-2,6,-2,-4,-14,-23,-2,-8,-14,21,21,0,-1,sil
18.276023626327515,-4,10,10,7,2,-3,-9,1,-12,-3,30,15,0,0,sil
18.29202508926392,0,13,5,14,4,16,6,2,1,19,29,10,13,3,sil
18.29202508926392,2,3,10,22,4,26,6,1,7,19,12,3,0,4,sil
18.30776739120484,-4,-6,-1,12,0,9,5,0,8,7,-3,-5,-1,7,sil
18.30776739120484,0,-3,-3,-7,2,-1,6,0,19,15,0,0,45,12,sil
18.323837518692017,10,2,-2,-11,1,-1,-1,1,24,11,9,7,51,5,sil
18.323837518692017,7,2,-1,-6,-11,-8,-18,-3,-4,-30,-7,1,-13,-16,sil
18.33898091316223,-3,5,5,-4,-10,-5,-17,-9,-37,-50,-30,-4,-44,-23,sil
18.33898091316223,-7,7,-2,0,7,9,6,-3,-24,-14,-16,-9,-15,-4,sil
18.354693174362183,-8,0,-2,2,8,12,26,2,7,10,-8,-15,-3,7,sil
18.354693174362183,-9,-7,-4,6,0,7,24,0,15,8,-25,-18,-13,5,sil
18.36976385116577,-7,-13,-9,-3,-1,1,7,4,17,23,-7,-14,0,10,sil
18.36976385116577,-2,-20,-3,-36,-12,-8,-14,5,23,29,26,1,20,10,sil
18.384940147399902,2,-9,-5,-36,-18,-15,-22,-3,15,0,15,15,18,3,sil
18.384940147399902,12,7,3,-10,-2,-9,-13,0,3,-11,2,22,7,4,sil
18.40010690689087,14,6,6,-9,5,-11,-8,1,-6,0,27,22,5,-1,sil
18.40010690689087,2,3,0,-10,0,-16,-15,-5,-39,-27,12,1,-15,-23,sil
18.41587233543396,-5,6,5,7,0,-2,-10,-6,-57,-52,-31,-23,-40,-32,sil
18.41587233543396,-9,-4,-3,16,6,6,2,-6,-31,-21,-30,-26,-30,-17,sil
18.43078684806824,-11,-10,0,19,8,4,9,-2,-13,4,-12,-11,-13,1,sil
18.43078684806824,-5,-1,2,23,9,9,19,7,-4,14,-8,-1,0,12,sil
18.44853925704956,0,-8,-8,8,1,8,23,9,13,31,0,-6,12,15,sil
18.44853925704956,-4,-16,0,-5,-7,3,12,3,19,33,-2,-11,13,11,sil
18.462466955184937,-4,-8,1,-4,-5,2,6,1,22,22,-6,2,16,12,sil
18.462466955184937,5,1,0,-10,-7,-6,-5,2,25,14,10,23,23,12,sil
18.47771525382996,13,8,3,-7,-9,-15,-23,-1,11,0,22,22,13,3,sil
18.47871470451355,13,20,6,6,0,-7,-19,-2,0,-12,8,7,-5,-6,sil
18.4936683177948,8,22,13,6,6,-1,-9,3,2,-12,4,9,-5,-12,sil
18.4936683177948,5,15,2,10,2,0,-13,4,-2,-12,22,11,2,-11,sil
18.509039402008057,0,13,-1,17,6,8,-3,-6,-7,-12,17,1,-8,-9,sil
18.509039402008057,-13,9,0,7,9,17,20,-5,2,-3,-5,-12,-20,-5,sil
18.52478766441345,-17,-1,-8,1,2,16,25,5,10,6,-7,-19,-7,1,sil
18.525787353515625,-2,-4,0,14,5,18,21,6,9,10,-3,-10,0,3,sil
18.541991233825684,0,-9,-3,20,13,15,25,0,17,21,-8,1,0,7,sil
18.541991233825684,1,-17,-7,0,3,-4,5,-4,14,20,-4,4,9,11,sil
18.55736017227173,5,-9,0,-30,-11,-21,-26,-11,-9,-15,-2,1,9,0,sil
18.55736017227173,0,-5,-11,-42,-17,-20,-29,-8,-20,-33,-2,5,5,-8,sil
18.5706753730774,3,-5,-1,-22,-12,-12,-18,6,-14,-13,12,17,13,-4,sil
18.586697816848755,10,11,11,15,3,-1,-8,3,-10,-4,17,13,6,0,sil
18.586697816848755,5,13,10,29,15,9,7,-5,0,-5,0,-4,-11,4,sil
18.586697816848755,0,-5,6,15,7,12,23,4,17,20,-7,-13,0,13,sil
18.60364866256714,0,-12,-12,-1,-6,2,18,5,19,35,-6,-18,14,10,sil
18.60364866256714,-5,-8,-8,-22,-12,-9,-7,-5,6,2,-18,-13,-1,0,sil
18.61903691291809,-3,0,1,-22,-6,-16,-23,-2,-10,-21,-4,6,-5,-5,sil
18.61903691291809,2,13,7,1,-2,-16,-22,0,-36,-22,14,10,-1,-14,sil
18.63515830039978,-7,11,11,9,-5,0,-16,-4,-43,-27,-8,-10,-20,-23,sil
18.63515830039978,-23,-7,-4,-1,-3,17,2,0,-24,-16,-35,-28,-32,-18,sil
18.651137113571167,-14,-7,-3,0,8,23,27,6,-7,11,-22,-13,-14,0,sil
18.651137113571167,3,-3,0,0,13,21,32,5,12,23,6,8,10,16,sil
18.667027950286865,2,-12,-6,-12,0,4,16,5,32,14,5,7,15,17,sil
18.668025493621823,-6,-4,-4,-13,-13,-20,-1,1,23,3,-11,-1,1,0,sil
18.68168592453003,8,12,0,0,-8,-25,-9,-3,10,3,11,17,8,-3,sil
18.68168592453003,29,16,13,5,2,-11,-8,2,14,9,50,44,31,14,sil
18.697705030441284,16,11,12,4,7,-1,-5,9,5,1,35,30,23,14,sil
18.697705030441284,-6,1,-1,15,8,10,1,1,-5,-6,-3,-5,-9,-1,sil
18.71369361877441,-6,-7,2,17,7,21,15,-4,5,2,-11,-14,-17,0,sil
18.71369361877441,-1,-14,-10,-4,0,4,12,-4,15,6,-2,-5,-2,5,sil
18.729804039001465,-1,-9,-10,-23,-10,-17,-15,-1,0,-9,5,1,-1,-6,sil
18.745586395263672,4,10,6,3,0,-7,-31,0,-20,-18,15,4,-7,-15,sil
18.745586395263672,8,21,7,38,17,10,-17,-3,-23,-9,5,-4,-12,-10,sil
18.745586395263672,1,10,7,30,14,13,0,-5,-8,3,-10,-12,-10,-2,sil
18.761150598526,0,-2,-3,7,9,9,8,0,14,25,0,-8,8,10,sil
18.761150598526,2,-10,-6,-8,-1,0,7,0,17,30,0,-2,16,16,sil
18.77695250511169,-9,-16,-8,-26,-25,-20,-8,-5,1,6,-25,-10,-4,-3,sil
18.77695250511169,-17,-15,-18,-32,-27,-32,-17,-3,-6,-17,-30,-16,-16,-19,sil
18.793061017990112,-6,-1,-1,-21,-9,-19,-2,11,0,-18,-1,-2,-5,-14,sil
18.793061017990112,-2,8,1,-8,-1,-2,10,9,-1,-13,15,8,0,-7,sil
18.8077039718628,-5,11,4,5,4,9,15,0,-8,-12,6,5,0,0,sil
18.82338190078736,-5,3,12,17,14,21,23,2,-10,-7,-12,-5,-7,3,sil
18.82338190078736,-13,-13,-4,10,7,20,20,0,-7,-5,-29,-19,-16,-2,sil
18.82338190078736,-12,-17,-5,-2,0,13,10,-3,2,2,-18,-10,-4,5,sil
18.83998990058899,8,-8,1,0,4,12,17,0,18,22,10,10,25,22,sil
18.83998990058899,22,-4,5,0,0,6,15,0,23,24,11,18,30,19,sil
18.85576295852661,19,1,6,0,-9,-4,-12,-5,15,8,4,17,15,6,sil
18.85576295852661,15,14,1,5,-2,-13,-32,-5,5,-1,17,11,11,-1,sil
18.869966506958008,8,19,9,4,0,-12,-31,0,-10,-15,21,7,3,-12,sil
18.886306285858154,2,19,6,1,3,-6,-17,2,-16,-9,23,12,0,-13,sil
18.886306285858154,7,22,0,9,13,-3,-9,0,-16,1,20,5,1,-2,sil
18.886306285858154,4,13,4,14,13,0,-8,0,-21,-10,3,-11,-4,0,sil
18.90208530426025,-11,-4,-6,4,1,9,1,0,-16,-15,-8,-22,-15,-6,sil
18.90208530426025,-23,-14,-6,-10,-7,8,13,0,-4,1,-16,-19,-13,-8,sil
18.916087865829468,-20,-17,-9,-19,-15,-2,13,2,0,9,-26,-17,-8,0,sil
18.93203043937683,-12,-22,-15,-23,-13,-1,10,4,2,0,-33,-13,-15,0,sil
18.93203043937683,-5,-18,0,-21,-5,2,5,0,13,-2,-23,0,-14,1,sil
18.93302965164185,14,-1,7,-3,1,-3,1,0,31,9,21,25,13,19,sil
18.94714593887329,33,18,17,16,9,-4,0,2,28,16,51,40,33,28,sil
18.96273827552796,21,18,11,19,6,-5,-5,-2,0,0,22,22,12,7,sil
18.96273827552796,0,7,0,10,-2,-18,-11,-6,-21,-19,-8,2,-12,-9,sil
18.977952003479004,0,13,8,10,1,-11,-6,0,-18,-15,0,2,-10,-11,sil
18.977952003479004,0,16,0,23,13,11,1,0,-12,1,11,-2,0,-4,sil
18.99407935142517,-12,1,-3,29,12,19,6,2,-2,12,-7,-15,0,0,sil
18.99407935142517,-18,-18,-5,9,4,18,17,9,15,18,-21,-19,-3,-2,sil
19.010151147842407,-17,-27,-17,-19,-9,13,24,1,19,16,-16,-22,-6,-7,sil
19.010151147842407,-18,-19,-9,-28,-22,-1,13,-7,0,0,-20,-20,-10,-11,sil
19.02609777450561,-13,-10,-7,-17,-18,-18,0,-8,-10,-13,-23,-7,-7,-11,sil
19.02609777450561,0,-11,-4,-24,-9,-19,-8,-1,2,-9,-1,11,6,3,sil
19.0431387424469,12,-6,0,-34,-3,-12,-12,3,10,-4,17,28,16,11,sil
19.0431387424469,6,4,1,-16,3,-15,-19,0,-4,-12,9,22,5,-11,sil
19.0431387424469,2,16,12,6,10,-6,-22,-2,-14,-13,5,11,-6,-15,sil
19.05767846107483,11,20,5,11,12,16,-4,3,-5,5,18,8,1,8,sil
19.07372045516968,6,6,2,5,8,22,9,5,-6,17,13,2,2,10,sil
19.07372045516968,-8,-6,5,10,1,11,3,-3,-6,13,-3,-9,-6,0,sil
19.090896368026733,-2,0,0,20,0,7,0,-3,6,7,-9,-14,-4,10,sil
19.0921483039856,13,6,2,16,6,14,10,0,18,11,-7,-13,0,18,sil
19.0921483039856,12,0,-6,3,6,12,13,-4,24,13,-1,-18,3,11,sil
19.10502791404724,3,-2,-9,-4,-5,-12,-4,-4,12,-6,-2,-21,2,-2,sil
19.120149850845337,1,3,3,-4,-10,-22,-16,1,-16,-27,-3,-15,0,-15,sil
19.120149850845337,1,9,1,3,1,-4,-6,0,-20,-15,7,-6,3,-14,sil
19.135737657547,-1,11,5,9,2,-1,0,0,-17,-14,4,-3,1,-12,sil
19.135737657547,-7,4,2,11,-2,-6,0,5,-26,-25,-8,-3,-5,-7,sil
19.15086245536804,0,2,4,17,3,11,17,4,-10,-5,0,5,6,12,sil
19.15086245536804,6,2,9,17,2,20,26,0,18,18,0,14,14,15,sil
19.165815114974976,-4,-11,-3,-4,-11,0,10,1,30,18,-14,10,2,0,sil
19.165815114974976,-4,-17,-2,-32,-6,-5,0,7,38,23,4,24,14,9,sil
19.181873559951782,9,-6,0,-28,3,-9,-4,3,29,24,29,36,27,21,sil
19.181873559951782,7,-2,0,-10,-2,-23,-22,0,-7,-5,13,21,-2,0,sil
19.19746422767639,1,2,8,-3,-5,-16,-29,0,-23,-20,2,12,-21,-8,sil
19.19746422767639,6,15,4,2,5,0,-16,-8,-13,-1,17,12,-4,1,sil
19.21324253082276,-1,14,4,11,7,1,-10,-7,-19,3,13,1,-9,-2,sil
19.21324253082276,-21,0,-3,13,1,5,0,1,-26,-6,-8,-14,-29,-14,sil
19.22886037826538,-26,-8,-13,3,0,13,12,-1,-15,-7,-26,-27,-29,-12,sil
19.22886037826538,-20,-11,-5,-6,0,15,18,-6,-3,1,-28,-30,-20,-7,sil
19.24410820007324,-10,-17,-10,-10,1,8,23,0,10,15,-14,-16,0,0,sil
19.24410820007324,2,-14,-8,-9,0,0,24,5,23,18,-7,-3,18,7,sil
19.26005220413208,6,-7,-5,-10,-6,-6,8,0,24,9,-7,-4,17,2,sil
19.26005220413208,5,-8,-3,-14,-7,-14,-6,-3,17,0,1,1,10,-1,sil
19.27489280700684,15,3,13,-5,-2,-13,-11,1,5,-9,15,18,14,0,sil
19.27489280700684,21,25,5,13,1,-5,-10,3,-1,-17,20,16,17,0,sil
19.289912462234497,13,26,4,11,4,-3,-11,0,-14,-16,7,2,2,-6,sil
19.289912462234497,3,10,6,0,0,-2,-8,-2,-27,-21,-12,-6,-20,-13,sil
19.30486965179444,-5,-1,-6,8,-4,7,-2,-3,-24,-25,-16,-13,-24,-12,sil
19.30486965179444,-8,-1,0,23,4,21,1,-1,-9,-4,-8,-8,-8,0,sil
19.321025848388672,0,0,-1,34,14,19,6,0,6,22,-2,-4,9,15,sil
19.321025848388672,5,0,0,18,4,5,8,1,21,26,2,-3,19,22,sil
19.33573532104492,1,-5,4,-7,-4,-3,3,2,28,21,10,7,23,18,sil
19.33573532104492,1,-12,-5,-14,-2,-6,-6,1,11,8,16,12,16,11,sil
19.35086441040039,1,-7,2,-10,-1,-8,-15,2,-3,-6,18,4,5,0,sil
19.35086441040039,2,5,4,-11,-3,-12,-8,5,1,-2,19,4,2,-6,sil
19.36789917945861,2,8,4,-7,-4,-10,-2,3,0,0,11,11,-5,-6,sil
19.36789917945861,-11,1,3,-5,0,3,-4,0,-13,-14,3,-1,-18,-14,sil
19.38345074653625,-18,1,-5,-7,9,12,0,-2,-17,-16,-2,-18,-21,-18,sil
19.39805579185486,-2,4,1,2,11,11,12,0,-21,-6,-18,-16,-25,-5,sil
19.39805579185486,-3,-7,-2,2,0,10,17,0,-20,-2,-28,-14,-25,1,sil
19.39805579185486,-20,-22,-13,-21,-11,6,11,-5,-5,3,-24,-17,-11,-1,sil
19.41406917572021,-12,-15,-9,-26,-13,3,10,-2,8,15,-15,-11,4,3,sil
19.41406917572021,6,-4,-7,-5,-5,0,11,0,19,21,-8,-1,10,12,sil
19.429844617843628,5,-4,5,-6,-3,-6,0,-1,18,11,-10,2,2,5,sil
19.445109128952023,3,-4,0,-12,-4,-11,-10,-1,14,4,-4,9,6,1,sil
19.445109128952023,16,9,2,2,0,-11,-6,0,22,10,15,23,23,9,sil
19.461658477783203,18,19,11,11,3,-8,-3,0,28,6,22,30,26,7,sil
19.461658477783203,8,12,4,11,8,-10,-5,2,12,-9,14,18,17,0,sil
19.461658477783203,11,17,18,20,15,-4,-4,5,-3,-9,20,19,15,2,sil
19.477672576904297,11,27,22,26,14,-1,-4,0,-6,0,27,22,11,4,sil
19.49277782440185,0,19,2,20,4,-7,-13,-3,-16,-15,14,5,-2,-7,sil
19.49277782440185,-3,7,2,20,0,-3,-15,0,-25,-24,0,-5,-10,-9,sil
19.508819580078125,-1,1,2,33,1,7,-1,0,-18,-2,-1,-7,-4,2,sil
19.508819580078125,0,-1,0,30,0,13,8,0,-10,6,-6,-10,-4,6,sil
19.508819580078125,-7,-12,-13,8,-5,18,15,0,-15,-5,-9,-14,-12,-2,sil
19.52396774291992,-21,-27,-23,-9,-6,19,21,-4,-20,-2,-13,-18,-18,-9,sil
19.52396774291992,-17,-22,-11,-12,-6,9,17,-7,-10,6,-25,-22,-15,-3,sil
19.54067277908325,-3,-7,-14,-16,-7,-2,6,-6,5,-1,-19,-13,-5,4,sil
19.54067277908325,0,-11,-9,-30,-7,-8,-5,0,11,0,3,6,4,5,sil
19.556761741638184,-9,-26,-8,-44,-12,-13,-23,6,10,16,2,3,3,-1,sil
19.556761741638184,-15,-30,-19,-51,-23,-19,-34,0,10,4,-20,-18,-9,-17,sil
19.571876764297485,-6,-12,0,-41,-17,-9,-17,0,12,-15,-8,-10,-8,-22,sil
19.571876764297485,11,7,11,-19,8,5,8,6,21,-3,26,11,7,-6,sil
19.588914394378666,12,14,12,-6,19,2,9,3,7,-1,14,4,-1,-2,sil
19.588914394378666,0,13,5,1,8,-7,-3,-1,-15,-19,-7,-8,-19,-16,sil
19.60210537910461,5,17,9,20,5,-5,-1,0,-14,-16,4,3,-9,-7,sil
19.618119478225708,21,26,30,35,13,9,11,1,1,1,12,22,2,13,sil
19.618119478225708,18,30,20,42,19,15,14,5,8,12,5,14,5,16,sil
19.63368248939514,8,25,9,38,16,11,7,9,0,13,3,3,9,10,sil
19.634684085845947,7,11,5,30,10,10,5,-1,-12,10,3,2,12,12,sil
19.65173602104187,4,-2,-3,20,1,5,6,-10,-13,15,5,3,19,19,sil
19.65173602104187,-1,-4,6,14,-1,6,5,0,1,22,4,4,21,22,sil
19.65173602104187,-2,0,1,19,5,10,6,1,9,14,-8,-2,12,18,sil
19.66627764701844,-1,-2,-10,6,5,1,7,0,1,3,-19,-11,3,9,sil
20.134997844696045,43,29,25,29,26,11,45,6,60,44,41,51,51,46,sil
20.134997844696045,34,22,17,23,24,10,30,3,54,32,46,48,45,41,sil
20.150733709335327,43,30,21,32,37,9,28,6,64,45,58,46,50,46,sil
20.150733709335327,36,23,9,18,22,-7,17,3,48,34,49,36,40,32,sil
20.16625595092773,29,14,-1,8,15,-13,12,1,24,7,34,30,27,17,sil
20.16625595092773,16,9,13,7,12,-17,-3,-2,-5,-23,10,16,4,-6,sil
20.181888103485107,-8,0,0,-9,-7,-25,-31,-6,-36,-42,-15,-9,-26,-31,sil
20.181888103485107,-14,-2,-10,-22,-17,-19,-35,-5,-42,-37,-20,-19,-35,-32,sil
20.19720578193665,-6,3,1,-5,-11,-9,-30,-8,-35,-33,-7,-8,-22,-25,sil
20.19720578193665,-6,3,5,15,-2,-11,-30,-9,-36,-34,-2,-6,-12,-17,sil
20.21282863616944,-8,4,4,14,6,-4,-15,-1,-32,-21,-8,-8,-10,-5,sil
20.21282863616944,-12,3,-8,9,8,9,6,0,-17,-6,-11,-12,-9,-6,sil
20.22878122329712,-22,-2,-10,7,4,20,10,1,-9,-1,-16,-21,-17,-16,sil
20.22878122329712,-36,-12,-13,1,-1,16,1,2,-6,2,-31,-36,-25,-19,sil
20.24394965171814,-41,-23,-27,-18,-17,0,-1,1,0,3,-35,-40,-21,-18,sil
20.24394965171814,-26,-26,-9,-26,-26,-1,3,0,3,7,-25,-26,-10,-14,sil
20.26005387306213,-9,-23,-1,-10,-17,6,10,1,4,13,-21,-13,-8,-2,sil
20.26005387306213,-9,-23,-4,-13,-14,5,11,0,8,1,-20,-10,-8,0,sil
20.27603793144226,-5,-19,-2,-26,-16,3,7,2,14,-4,-10,-1,0,5,sil
20.27603793144226,16,-7,0,-10,-7,0,1,1,18,13,7,19,10,23,sil
20.29105973243713,31,5,6,1,3,-8,-5,2,17,21,27,31,13,27,sil
20.29105973243713,20,13,1,-7,7,-8,-12,6,10,7,34,21,7,6,sil
20.30619740486145,16,18,8,-4,2,-7,-20,1,0,-2,29,20,4,-2,sil
20.30619740486145,30,26,22,16,8,-4,-16,-2,-2,1,32,31,3,5,sil
20.32213306427002,24,31,9,28,26,6,0,0,-1,11,31,16,0,0,sil
20.32213306427002,-5,17,7,14,20,11,9,0,-16,1,5,-11,-14,-15,sil
20.337653875350952,-24,-9,-3,2,0,3,7,-4,-15,-9,-21,-23,-39,-14,sil
20.337653875350952,-17,-15,-12,11,4,4,12,0,7,2,-24,-17,-17,0,sil
20.353673219680783,-10,-2,-2,20,11,19,15,0,13,12,-15,-6,67,6,sil
20.353673219680783,-16,-9,-11,6,-3,11,5,-10,-4,-4,-20,-14,88,0,sil
20.36922550201416,-20,-18,-9,-11,-16,-5,4,-9,-11,-14,-27,-19,9,-2,sil
20.36922550201416,-12,-9,-7,-10,-11,-2,12,0,0,-1,-13,-9,-23,0,sil
20.384981155395508,-1,-5,-11,-6,-7,0,0,0,0,-5,-9,-2,-6,2,sil
20.384981155395508,5,-7,2,-11,-6,-10,-16,-3,-1,-13,-16,-1,-15,1,sil
20.401122093200684,13,-4,4,-14,-4,-15,-10,-1,7,-2,-2,6,-19,6,sil
20.401122093200684,26,2,9,-7,-1,-9,-5,4,8,0,19,24,-1,15,sil
20.41666960716248,35,18,18,12,10,-1,0,6,1,-1,41,45,10,24,sil
20.41666960716248,31,26,12,21,23,1,8,3,2,5,49,39,14,19,sil
20.43177461624145,13,11,7,0,9,-5,-7,-1,-1,-4,25,5,0,-9,sil
20.43177461624145,-4,0,-4,-16,-9,-19,-24,-3,-8,-18,1,-13,-15,-27,sil
20.44788885116577,-8,10,0,-7,-8,-19,-18,2,-4,-4,7,-4,-9,-17,sil
20.44788885116577,-7,15,5,6,-1,-1,-7,8,3,9,13,0,0,-8,sil
20.463751077651978,-19,5,-3,7,-1,12,0,3,1,4,2,-9,-3,-7,sil
20.463751077651978,-30,-1,-6,5,0,17,10,0,-5,2,-14,-18,-8,-6,sil
20.47885274887085,-21,-4,-11,8,3,14,20,1,-2,13,-19,-18,-1,-4,sil
20.4941086769104,-4,-5,2,3,8,15,23,5,0,17,-13,-7,3,0,sil
20.4941086769104,2,-8,10,-2,7,22,24,3,1,8,-17,-1,0,4,sil
20.4941086769104,1,-15,-3,-5,-2,17,16,-4,2,0,-25,-11,0,5,sil
20.510180711746216,0,-16,-3,-8,-9,2,1,-7,1,0,-19,-11,5,10,sil
20.52565288543701,4,-12,-6,-8,-8,-6,-8,-2,1,1,-7,0,6,14,sil
20.52565288543701,4,-14,-2,-11,-14,-14,-9,0,0,-3,-10,2,2,8,sil
20.52565288543701,2,-13,1,-19,-13,-15,-5,-3,1,-3,-8,0,1,0,sil
20.54215836524964,6,-3,-6,-11,0,-11,-4,-3,10,-1,11,8,6,1,sil
20.54215836524964,12,14,3,9,8,-7,-10,4,8,-8,19,20,6,0,sil
20.558125734329224,6,19,1,14,9,-7,-16,6,-5,-11,11,11,0,-8,sil
20.57364535331726,0,10,-3,3,6,-12,-16,-1,-13,-9,10,1,-7,-15,sil
20.57364535331726,3,11,9,13,2,-11,-10,-4,-13,-9,17,7,-12,-11,sil
20.5877628326416,6,16,8,35,9,7,-2,-1,-6,-1,9,2,-18,-4,sil
20.58876323699951,-8,4,2,25,13,23,5,1,-3,9,-3,-11,-24,-3,sil
20.58876323699951,-20,-13,-9,0,1,15,16,1,-1,15,-1,-9,-17,0,sil
20.60346293449402,-5,-13,-9,0,-4,8,18,0,8,19,-1,0,-3,9,sil
20.621140003204346,-1,-9,-3,-2,-3,14,10,1,19,18,-16,-7,-6,8,sil
20.621140003204346,-17,-14,-11,-20,-6,1,8,-1,13,6,-19,-19,-13,0,sil
20.621140003204346,-4,-3,3,-21,-4,-14,5,-7,2,-5,-5,-4,-1,0,sil
20.63566255569458,22,8,4,-10,1,-10,-2,-8,6,-4,8,14,12,8,sil
20.636664628982544,11,0,-6,-14,-4,-7,-16,0,3,-7,7,7,5,6,sil
20.65317320823669,-8,-5,1,-20,-12,-15,-23,5,-12,-24,2,0,0,-8,sil
20.65317320823669,-3,1,4,-16,-6,-15,-11,1,-20,-27,9,0,6,-9,sil
20.66724538803101,3,6,9,-7,2,-2,1,0,-14,-18,6,0,0,0,sil
20.681190729141235,0,10,-1,6,6,9,1,3,-8,-15,-5,-7,-5,-6,sil
20.681190729141235,-7,11,-9,13,2,13,1,2,-10,-2,-5,-9,4,-12,sil
20.69667053222656,-4,8,11,16,2,14,9,0,-3,23,1,-2,24,3,sil
20.69667053222656,5,3,8,17,9,13,11,-1,14,30,4,6,43,18,sil
20.711882829666138,10,1,2,5,4,10,4,0,19,15,2,11,47,12,sil
20.711882829666138,4,-3,1,-3,-7,-2,5,2,12,11,0,5,36,6,sil
20.727447032928467,8,-5,0,-1,-6,-21,7,1,6,6,-1,7,30,5,sil
20.727447032928467,15,3,5,-4,0,-21,-7,0,0,-6,7,19,29,-5,sil
20.74313473701477,5,5,-3,-5,4,-5,-21,3,-2,-10,13,10,23,-10,sil
20.74313473701477,-4,4,0,4,2,0,-13,1,-8,-12,2,-4,5,-7,sil
20.758719205856323,-3,6,7,16,2,2,0,-1,-17,-11,-1,-4,-4,-8,sil
20.758719205856323,-2,0,0,18,2,13,5,-3,-12,7,0,-3,0,0,sil
20.774524450302124,-9,-15,-3,10,0,20,14,-4,-5,17,-8,-6,-3,11,sil
20.774524450302124,-13,-21,-15,2,0,14,21,-6,-4,9,-19,-9,-21,9,sil
20.789873123168945,-7,-16,-12,-4,-1,10,18,0,6,9,-21,-14,-40,4,sil
20.789873123168945,-1,-9,0,-10,-2,5,9,5,32,20,-12,-2,-43,10,sil
20.80501627922058,3,-6,1,-14,-1,-12,-1,1,39,12,7,11,-54,16,sil
20.80501627922058,15,0,11,-10,0,-19,-10,-1,15,-10,16,12,-85,6,sil
20.820545196533203,13,11,0,-3,-1,-13,-16,-2,-11,-23,4,1,-104,-11,sil
20.820545196533203,0,12,-4,-5,0,-13,-21,-1,-21,-24,0,3,-137,-19,sil
20.83607149124145,1,12,10,0,6,-12,-17,3,-12,-18,17,5,-167,-13,sil
20.83607149124145,9,11,8,12,5,-9,-10,1,-6,-10,19,-1,-70,-9,sil
20.851666927337646,-4,9,6,9,-3,-4,-14,-1,-13,-11,0,-7,104,-15,sil
20.851666927337646,-20,3,-6,0,-3,12,-6,2,-7,-10,-15,-17,161,-17,sil
20.86720585823059,-15,-4,-7,-3,0,23,16,5,7,2,-20,-25,114,-7,sil
20.86720585823059,-10,-15,-4,-10,-3,19,25,3,5,11,-22,-18,98,0,sil
20.882736444473267,-17,-22,-17,-9,-12,7,15,0,-6,10,-22,-10,88,0,sil
20.882736444473267,-15,-16,-8,-5,-13,0,7,0,-7,8,-16,-8,54,2,sil
20.898760557174683,0,-7,-1,-6,-4,0,11,0,9,17,3,0,50,14,sil
20.898760557174683,10,-3,-3,-6,3,0,7,-1,15,17,18,13,53,18,sil
20.91410684585572,11,-1,0,-14,-1,-7,-4,-4,6,-1,8,16,26,9,sil
20.91410684585572,13,5,-4,-16,-3,-17,-10,-5,5,-10,9,13,5,0,sil
20.930137872695923,19,21,14,4,11,-10,-15,-1,0,-3,24,20,-1,-2,sil
20.930137872695923,15,26,18,26,20,1,-19,0,-17,-3,21,21,-17,0,sil
20.94566512107849,4,15,7,28,16,8,-7,1,-16,0,2,2,-30,4,sil
20.94566512107849,2,8,9,32,18,9,13,6,0,14,-1,-3,-29,8,sil
20.961127042770386,1,0,-2,19,12,0,19,2,9,18,0,0,-26,10,sil
20.961127042770386,-1,-11,-1,-13,-10,-6,8,-2,18,10,-4,1,-23,11,sil
20.97706627845764,-1,-9,4,-17,-18,-5,0,-1,20,6,-2,2,-18,7,sil
20.97706627845764,0,0,-3,-10,-11,-5,-3,-2,3,-3,6,8,-20,-3,sil
20.9918749332428,0,1,-1,-19,-10,-3,-8,-3,-22,-25,11,12,-25,-16,sil
20.9918749332428,0,2,3,-3,-2,4,-6,-3,-30,-27,10,3,-26,-11,sil
21.007582902908325,-7,5,12,20,6,10,-3,0,-18,-6,0,-11,-26,-2,sil
21.007582902908325,-20,-5,-1,6,0,8,-2,2,-3,6,-10,-22,-19,-6,sil
21.02313685417176,-13,-15,-13,-3,-9,0,0,2,8,8,-12,-17,-10,-2,sil
21.02313685417176,10,-3,6,9,-2,-4,1,3,22,11,-9,-2,-7,12,sil
21.038721561431885,19,9,2,4,6,-1,-2,3,26,6,1,0,1,14,sil
21.038721561431885,11,9,-4,-8,3,0,0,2,7,-10,5,0,3,1,sil
21.053842306137085,2,8,-1,2,0,-4,3,0,-13,-20,-2,4,-9,-10,sil
21.053842306137085,-8,5,-3,10,6,-4,3,1,-20,-15,-9,-1,-16,-17,sil
21.06989097595215,-18,0,-1,2,13,15,12,3,-14,-12,-23,-17,-16,-21,sil
21.06989097595215,-22,-16,-18,0,7,27,22,-2,0,-4,-38,-29,-14,-15,sil
21.08506989479065,-17,-31,-20,-17,-12,7,11,-5,4,6,-28,-18,2,-1,sil
21.1006886959076,-4,-20,-4,-30,-21,-7,3,2,10,20,0,4,29,12,sil
21.1006886959076,5,0,-3,-11,-9,-8,4,1,19,21,9,10,34,13,sil
21.1006886959076,4,2,2,-1,-3,-16,-6,-3,15,4,4,0,21,5,sil
21.11713933944702,8,3,3,-5,-4,-21,-18,-2,4,0,17,6,23,3,sil
21.11713933944702,22,11,7,-2,0,-9,-18,-2,-1,9,32,29,35,6,sil
21.131728649139404,21,11,13,-3,3,-4,-22,-3,-2,12,35,29,37,2,sil
21.131728649139404,5,8,8,0,2,-11,-27,1,-4,0,30,8,20,-3,sil
21.14887738227844,0,9,14,13,5,-4,-24,0,-19,-18,11,6,0,-7,sil
21.14887738227844,0,7,7,15,9,5,-10,-2,-20,-20,-3,8,-3,-1,sil
21.16386890411377,-1,3,1,12,11,6,12,1,-1,0,-2,-4,-3,8,sil
21.16386890411377,0,1,3,20,9,17,31,3,1,17,-9,-13,-10,9,sil
21.179839372634888,0,-4,-5,20,5,27,31,2,-5,10,-23,-13,-12,5,sil
21.194478034973145,-6,-9,-1,4,-1,16,21,5,2,0,-24,-13,-9,3,sil
21.194478034973145,-15,-12,-14,-16,-13,-1,12,-1,5,1,-22,-17,-13,-5,sil
21.194478034973145,-20,-21,-24,-31,-20,-9,1,-12,-10,-4,-25,-19,-21,-13,sil
21.210097551345825,-9,-16,-6,-24,-12,-4,-2,-5,0,-11,-12,-6,-14,-4,sil
21.210097551345825,5,4,1,-9,0,-6,-5,5,20,-3,14,11,0,3,sil
21.22405171394348,11,20,8,-5,3,-16,-18,2,7,0,26,20,1,0,sil
21.239182233810425,12,16,6,2,0,-12,-20,-5,-9,-3,24,16,-2,0,sil
21.239182233810425,18,14,3,13,3,-1,-13,-3,-4,-7,16,10,0,0,sil
21.255123615264893,19,25,18,21,20,7,-3,3,6,-5,15,13,4,3,sil
21.255123615264893,7,24,13,29,29,13,13,5,12,7,15,13,0,13,sil
21.27030563354492,-6,8,6,28,18,15,20,8,3,10,2,1,-8,8,sil
21.27030563354492,-16,-1,-2,18,4,13,14,8,-6,1,-4,-15,-6,-7,sil
21.28624987602234,-17,-5,-9,10,2,14,20,2,0,7,-1,-20,1,-7,sil
21.28624987602234,-12,-14,-6,-2,-3,14,17,-1,6,9,-9,-15,0,0,sil
21.30142974853516,-8,-26,-18,-24,-19,0,1,-2,10,3,-17,-10,1,-1,sil
21.30142974853516,-5,-24,-10,-33,-22,-15,-2,-1,13,7,-11,0,10,2,sil
21.317067623138428,-6,-17,-3,-27,-19,-18,-5,-7,0,1,-15,0,6,-2,sil
21.317067623138428,-13,-23,-14,-31,-25,-23,-28,-14,-19,-17,-32,-13,-9,-20,sil
21.33270072937012,-3,-17,-4,-36,-20,-20,-34,-5,-12,-13,-17,-6,-5,-12,sil
21.33270072937012,21,8,9,-12,0,-7,-12,3,4,3,18,22,14,12,sil
21.347734689712524,32,20,17,5,8,-5,-8,0,-2,-8,22,30,4,13,sil
21.347734689712524,18,10,11,0,1,-13,-18,0,-16,-23,9,16,-12,-1,sil
21.363788604736328,6,8,5,2,3,-10,-7,1,-11,-11,12,6,2,-2,sil
21.363788604736328,4,15,17,24,11,6,8,-1,-6,3,7,0,13,1,sil
21.37899684906006,1,12,5,36,9,12,5,-3,-10,-1,-2,-8,-9,-1,sil
21.37899684906006,-7,0,-4,21,5,11,4,3,-10,-7,-9,-17,-24,-7,sil
21.395063400268555,-18,-11,-12,1,9,20,27,9,0,6,-15,-22,-15,-4,sil
21.395063400268555,-18,-13,-20,-1,6,22,37,10,15,20,-10,-18,-3,2,sil
21.410613775253296,-6,-5,-1,7,-4,11,16,5,15,18,0,-2,0,8,sil
21.410613775253296,-2,2,0,11,0,6,1,-5,7,17,5,-1,5,11,sil
21.42616105079651,0,7,-1,10,14,8,5,-3,22,24,15,3,22,15,sil
21.42616105079651,7,10,4,10,17,2,3,5,38,24,23,21,37,12,sil
21.441723108291622,2,4,-7,7,3,-10,-9,0,12,4,1,5,16,-1,sil
21.441723108291622,-9,-4,-6,-4,-8,-8,-20,-11,-15,-19,-24,-16,-13,-16,sil
21.45734453201294,-5,-8,-5,-18,-11,-3,-17,-5,-11,-21,-10,0,-7,-9,sil
21.45734453201294,6,-2,0,-14,-8,-14,-7,3,-15,-12,9,20,7,1,sil
21.47302293777465,15,10,15,0,-2,-11,-4,2,-24,-9,10,13,3,0,sil
21.47302293777465,17,12,6,1,2,-4,-4,-4,-12,-12,12,3,0,-2,sil
21.48914194107056,8,0,3,-12,0,-14,-6,-7,-7,-22,9,7,-3,-4,sil
21.48914194107056,-2,0,3,-14,0,-11,0,-1,-9,-20,0,7,-11,-7,sil
21.50395441055298,-1,11,7,0,2,3,6,3,-4,-5,0,1,-14,-4,thankyou
21.50395441055298,3,12,12,2,2,4,4,4,-1,2,3,0,-9,0,thankyou
21.51995754241944,0,-3,-2,-2,1,0,0,2,4,10,3,-5,-3,2,thankyou
21.51995754241944,-7,-5,1,-6,-1,9,0,7,7,16,0,-10,-8,0,thankyou
21.535653114318848,-7,-1,3,0,-3,17,4,4,0,7,-13,-17,-15,-4,thankyou
21.535653114318848,-5,-13,-10,3,0,11,11,-2,-1,3,-20,-18,-7,0,thankyou
21.550782680511475,-11,-25,-8,0,-3,11,14,-1,11,23,-6,-9,4,11,thankyou
21.550782680511475,-18,-20,-6,-4,-7,16,17,0,16,36,-2,-7,4,10,thankyou
21.566909313201904,-13,-11,-5,-2,-2,14,15,-2,10,17,-18,-14,-1,3,thankyou
21.566909313201904,-2,-6,-13,0,-1,0,3,-4,10,-2,-16,-11,2,0,thankyou
21.58299136161804,2,-6,-11,-4,-7,-13,-4,1,12,-2,-3,0,13,0,thankyou
21.58299136161804,7,0,6,-12,-5,-14,-7,5,7,-6,-4,6,13,0,thankyou
21.598668098449707,10,9,0,-2,0,-11,-13,0,6,-9,-1,11,14,0,thankyou
21.598668098449707,16,16,0,12,1,-12,-12,-3,16,-2,13,24,18,9,thankyou
21.61378192901612,19,6,3,1,0,-13,-6,0,13,-9,20,33,14,9,thankyou
21.61378192901612,8,-1,-3,-14,-3,-19,-17,1,-7,-27,15,19,0,-7,thankyou
21.629801511764526,3,11,10,2,0,-12,-20,0,-20,-27,14,7,-9,-15,thankyou
21.629801511764526,7,19,10,27,8,0,-3,-3,-12,-11,18,9,-3,-2,thankyou
21.64444041252136,0,9,5,15,10,-1,-3,-2,-14,-5,11,7,-2,-1,thankyou
21.64444041252136,-9,6,2,-2,6,-5,-14,-1,-23,-3,-2,-3,-11,-16,thankyou
21.660058975219727,-5,5,-2,4,6,0,-9,1,-25,-6,-7,-14,-15,-15,thankyou
21.660058975219727,0,5,6,15,7,11,4,3,-13,-4,0,-7,-8,-1,thankyou
21.675938844680783,6,8,5,17,7,12,21,3,4,18,14,4,4,6,thankyou
21.675938844680783,4,0,5,10,3,5,15,0,-1,23,8,0,0,3,thankyou
21.69200801849365,-10,-9,7,8,0,4,-3,-1,-24,-2,-8,-17,-14,-2,thankyou
21.69200801849365,-11,-1,-2,14,4,13,4,0,-12,-5,-10,-17,-10,1,thankyou
21.708048343658447,-7,0,-3,3,6,19,25,0,5,14,-13,-14,-1,5,thankyou
21.708048343658447,-20,-14,-12,-17,1,11,19,-4,0,11,-25,-25,-9,0,thankyou
21.72372055053711,-17,-17,-7,-23,-7,5,11,0,10,7,-14,-13,0,1,thankyou
21.72372055053711,-2,-10,-2,-20,-11,12,12,9,32,20,5,5,22,5,thankyou
21.738759756088257,-11,-11,-20,-16,-3,7,0,3,20,13,0,-5,13,-5,thankyou
21.738759756088257,-10,-6,-12,-8,-2,0,-13,-4,5,1,-10,-11,-1,-7,thankyou
21.755550384521484,12,0,-3,-2,-9,1,-1,0,21,18,0,4,12,13,thankyou
21.755550384521484,24,3,3,-3,-8,-4,7,0,20,17,4,14,18,28,thankyou
21.770251035690308,19,3,7,-8,-3,-17,-2,-5,-3,-19,-6,10,-6,12,thankyou
21.78589463233948,4,-7,-7,-17,-4,-17,-10,-5,-8,-34,-18,-4,-26,-11,thankyou
21.78589463233948,-5,-7,-1,-24,-2,-3,-6,3,-3,-25,-18,-7,-21,-14,thankyou
21.78589463233948,1,1,4,-8,2,0,-1,1,0,-18,-3,7,-6,1,thankyou
21.80112314224243,15,-2,5,5,0,-8,0,0,5,-10,5,14,3,5,thankyou
21.80212712287903,12,-1,17,1,-7,-10,1,3,10,3,11,13,10,4,thankyou
21.81766033172608,5,6,10,0,-1,-4,0,0,8,13,23,20,21,11,thankyou
21.83183121681213,7,8,8,11,9,0,-3,0,3,11,23,22,20,4,thankyou
21.83183121681213,6,17,7,22,11,-6,-7,0,0,3,19,13,12,-6,thankyou
21.84887146949768,1,23,3,15,3,-15,-16,1,-8,-1,21,13,8,-2,thankyou
21.84887146949768,-4,8,0,1,-8,-14,-26,0,-12,-7,20,10,6,-4,thankyou
21.84887146949768,-11,-4,-12,5,-14,-8,-20,-3,-9,-8,9,-9,-2,-20,thankyou
21.863008975982662,-17,0,-6,14,0,0,-2,-6,-12,-9,-6,-17,-15,-21,thankyou
21.87815022468567,-16,3,-2,7,12,14,9,0,-14,-3,-7,-4,-8,-5,thankyou
21.87815022468567,-8,-1,-7,1,5,13,5,1,-10,6,5,0,7,0,thankyou
21.89413571357727,-3,2,3,5,3,5,1,-1,-14,0,4,-4,0,-5,thankyou
21.89413571357727,-4,0,0,9,10,3,3,-4,-15,-7,-8,-9,-17,-5,thankyou
21.91065716743469,-2,-5,0,3,5,6,4,0,-13,0,-18,-14,-14,-1,thankyou
21.91065716743469,0,-5,-1,-6,0,9,5,1,-12,6,-20,-19,-8,-6,thankyou
21.91065716743469,-2,-6,-9,-9,1,5,4,0,0,-1,-19,-20,-15,-3,thankyou
21.92819118499756,1,-5,0,-5,-2,2,2,6,18,1,-17,-9,-16,8,thankyou
21.92819118499756,6,-3,-1,0,-1,8,10,11,16,17,-13,-4,-1,11,thankyou
21.943262577056885,6,-2,3,2,0,13,16,7,7,14,-10,-5,1,8,thankyou
21.943262577056885,10,3,14,15,0,9,13,1,5,1,-7,-3,1,13,thankyou
21.957833766937256,14,4,3,18,2,6,12,-1,9,1,0,-1,12,14,thankyou
21.9743766784668,11,0,1,1,6,3,6,-2,17,7,13,8,20,11,thankyou
21.9743766784668,8,-1,-3,-1,6,-3,5,-3,25,7,19,15,15,16,thankyou
21.990782499313354,0,0,-4,2,0,-7,3,-1,12,7,9,5,3,11,thankyou
21.990782499313354,-8,-1,-1,-7,-10,-8,-7,0,0,2,-2,-1,-2,-2,thankyou
21.990782499313354,-8,-10,-9,-17,-9,-11,-9,-1,4,-7,-2,1,0,-4,thankyou
22.006205797195435,-6,-15,-6,-14,-4,-7,0,0,7,-8,-1,0,-2,-5,thankyou
22.006205797195435,-11,-13,-5,-14,-8,-1,-2,2,0,-2,-1,-4,-9,-11,thankyou
22.020726919174194,-13,-4,-3,-24,-9,-3,-7,0,-10,-11,1,3,-2,-8,sil
22.03602361679077,-8,-2,-4,-31,-1,-1,1,-1,-18,-16,4,11,11,-2,sil
22.03602361679077,-3,-5,-13,-20,0,-3,-1,-3,-14,-8,-1,10,6,-3,sil
22.052054166793823,0,3,3,-13,-2,-10,-18,-4,-9,-10,-8,12,-9,-10,sil
22.052054166793823,5,14,4,-13,-5,-2,-11,0,2,2,9,21,2,-6,sil
22.06914186477661,20,19,6,3,0,2,3,1,15,27,35,33,25,7,sil
22.06914186477661,21,22,22,22,5,-5,-10,0,4,16,25,29,13,4,sil
22.08305072784424,4,12,12,14,0,-15,-30,-4,-22,-20,1,3,-13,-14,sil
22.08305072784424,0,7,9,8,0,-12,-25,-3,-30,-33,2,-4,-12,-15,sil
22.09843635559082,9,18,7,31,10,0,-6,0,-14,-13,8,3,4,-1,sil
22.09843635559082,6,13,0,41,7,15,7,0,-7,0,-1,-10,0,1,sil
22.11983060836792,-8,-8,-5,20,-4,22,14,4,-9,-3,-13,-34,-18,-3,sil
22.11983060836792,-24,-20,-19,4,0,12,16,1,-7,-1,-27,-45,-22,-8,sil
22.11983060836792,-27,-19,-10,5,1,7,16,0,-2,8,-33,-40,-15,-8,sil
22.12900972366333,-13,-14,-1,7,0,9,18,1,8,17,-12,-29,0,3,sil
22.143967866897583,0,-10,0,-3,1,1,12,5,24,24,0,-19,13,17,sil
22.143967866897583,7,-2,5,-14,4,-7,2,1,33,20,-2,-7,21,20,sil
22.16000914573669,9,0,-5,-12,0,-7,0,-5,32,1,4,2,21,15,sil
22.16000914573669,8,2,-2,-12,0,-7,0,-2,17,-12,2,9,4,2,sil
22.17520904541016,13,15,12,-5,5,-4,1,4,8,0,1,18,-1,-1,sil
22.17520904541016,21,22,13,8,13,1,5,4,11,14,24,32,7,11,sil
22.19072699546814,12,11,8,5,10,6,1,0,-6,-2,20,27,-4,7,sil
22.19072699546814,0,0,-7,1,4,2,-7,2,-27,-15,-7,4,-31,-8,sil
22.20622491836548,-5,-6,-3,6,0,0,-8,7,-17,-1,-13,-3,-25,-4,sil
22.20622491836548,-14,-17,-4,0,-5,5,0,1,-1,9,-4,-2,-5,1,sil
22.22223234176636,-17,-23,-14,-4,-2,12,15,-6,0,11,-1,-7,0,-2,sil
22.22223234176636,-9,-10,-5,1,0,12,15,-1,0,13,-1,-3,0,0,sil
22.23784351348877,-9,-4,-7,-4,-9,-1,0,-2,-3,1,-5,1,5,1,sil
22.23784351348877,-5,-3,-4,-17,-13,-15,-6,-7,-9,-11,0,5,15,-3,sil
22.2538902759552,9,5,5,-6,0,-5,8,-3,3,0,18,13,25,2,sil
22.2538902759552,10,2,-5,-5,-1,-4,3,-1,10,3,13,8,18,2,sil
22.269771337509155,-2,-4,-8,-26,-18,-20,-26,0,-4,-18,-8,-1,-4,-14,sil
22.269771337509155,0,5,-1,-15,-13,-23,-37,0,-16,-21,0,6,-4,-12,sil
22.28534722328186,16,16,10,7,0,-10,-26,-2,-16,-7,21,22,4,0,sil
22.28534722328186,13,10,16,0,-2,-3,-16,0,-13,-16,11,11,-6,-6,sil
22.300665616989136,-3,7,8,-3,0,1,0,6,-7,-22,-2,-6,-18,-13,sil
22.300665616989136,-7,12,11,15,12,18,18,2,-4,-6,-3,-8,-10,0,sil
22.316118478775024,-8,-1,-4,17,12,25,23,-4,-2,5,-15,-20,-8,0,sil
22.316118478775024,-14,-20,-15,0,3,18,21,0,10,7,-36,-34,-18,-10,sil
22.33164501190185,-8,-18,-5,-7,1,13,24,3,23,8,-31,-20,-8,0,sil
22.33164501190185,0,-8,-2,-5,-2,1,15,0,19,8,-8,-2,12,10,sil
22.34709930419922,2,-2,9,-8,-10,-12,-6,0,7,11,8,6,16,6,sil
22.34709930419922,5,5,6,-3,-4,-16,-19,0,12,14,19,14,15,6,sil
22.362781047821045,13,14,4,13,6,-12,-21,1,10,2,18,8,13,6,sil
22.362781047821045,8,21,9,32,18,0,-18,1,-3,-4,11,-4,3,-2,sil
22.378222465515137,-1,9,-1,35,24,15,-1,-3,-5,10,9,-9,2,0,sil
22.378222465515137,-3,-7,-2,13,10,18,12,-3,4,23,0,0,6,14,sil
22.393839359283447,-5,-10,-2,-3,-7,2,15,2,6,18,-8,-1,2,17,sil
22.39484167098999,-5,-7,-6,-9,-10,-15,4,0,-1,1,-8,-6,-1,5,sil
22.40992760658264,5,1,3,-10,-7,-16,-9,-4,-8,-11,4,9,3,0,sil
22.40992760658264,15,13,0,-6,-1,-8,-11,-4,-7,-11,22,24,5,4,sil
22.425010204315186,9,14,1,-2,0,-6,-8,1,-10,-13,20,16,-3,0,sil
22.44005465507508,0,10,5,5,0,-7,-12,1,-18,-16,9,4,-11,-9,sil
22.44005465507508,3,8,9,14,1,1,-4,-1,-14,-8,7,3,-11,-7,sil
22.45671844482422,3,-2,13,5,6,20,19,1,-1,6,-3,0,-13,-5,sil
22.45671844482422,-8,-22,-10,-8,0,26,34,4,8,13,-24,-10,-14,-6,sil
22.45671844482422,-14,-22,-13,-10,-8,19,30,3,11,6,-29,-16,-10,0,sil
22.47230648994445,-12,-17,-6,-6,-12,7,21,2,11,0,-26,-13,-9,2,sil
22.47230648994445,-14,-20,-19,-11,-8,-8,6,1,10,-1,-24,-10,-8,-3,sil
22.48696208000183,-10,-13,-10,-24,-1,-11,-8,0,11,1,-13,-1,3,0,sil
22.48796367645264,0,0,-5,-18,3,-5,-9,0,12,8,5,6,18,6,sil
22.50405621528625,2,9,-1,0,3,-9,-9,1,-1,0,11,6,10,-1,sil
22.50405621528625,0,9,-3,-1,0,-14,-17,1,-10,-15,7,5,0,-10,sil
22.518699169158936,4,0,-6,-18,-9,-18,-17,0,-4,-20,10,3,4,-6,sil
22.518699169158936,2,2,6,-19,-14,-18,-13,0,-8,-22,20,1,7,-5,sil
22.53571844100952,0,12,6,-6,-1,-11,-16,0,-18,-12,27,-2,6,-9,sil
22.53571844100952,3,11,7,7,6,-5,-23,-4,-19,0,22,-1,2,-7,sil
22.55079197883606,0,13,8,18,2,-2,-20,-6,-23,-6,5,-4,-4,-5,sil
22.55079197883606,-1,15,4,24,5,6,-7,-4,-24,-14,-5,-10,-4,-1,sil
22.566370964050293,14,14,20,35,16,26,9,1,-3,8,0,2,6,13,sil
22.566370964050293,20,6,15,37,15,34,25,0,15,25,2,11,10,22,sil
22.582327365875244,-5,-5,0,6,0,22,22,-2,13,13,-21,-8,-5,5,sil
22.597861766815186,-19,-11,-2,-10,-3,11,14,3,16,10,-30,-21,-21,-6,sil
22.597861766815186,0,-9,0,7,0,9,16,4,28,29,-8,-3,-7,7,sil
22.61497402191162,3,-7,5,6,0,5,16,-1,23,25,-1,1,6,14,sil
22.61497402191162,-5,-11,-5,-12,0,2,13,-1,19,2,-13,-7,0,6,sil
22.61497402191162,9,-6,0,-2,5,-3,9,6,31,2,-5,8,3,9,sil
22.629923105239868,25,3,11,8,0,-8,-1,8,38,16,13,32,19,18,sil
22.629923105239868,11,1,-12,-7,-3,-9,-14,0,22,7,14,20,17,14,sil
22.6453320980072,8,1,-7,-13,3,-14,-18,-1,0,-11,7,12,4,0,sil
22.6453320980072,11,5,5,-4,0,-23,-15,0,-13,-17,7,20,3,-8,sil
22.6614043712616,-7,-6,-10,-24,-15,-27,-15,-5,-30,-27,0,5,-3,-20,sil
22.6614043712616,-22,-14,-19,-39,-20,-18,-17,-8,-42,-40,-12,-12,-20,-32,sil
22.677327871322632,-17,0,-12,-9,-10,-4,-11,-2,-40,-31,-11,-14,-22,-27,sil
22.677327871322632,-25,7,4,8,2,8,0,0,-40,-13,-1,-13,-14,-18,sil
22.69146084785461,-31,0,-1,9,14,14,8,0,-37,5,8,-17,-5,-12,sil
22.69246506690979,-11,-2,-6,18,13,16,15,0,-22,23,10,-10,0,0,sil
22.70801782608032,0,-1,3,16,3,20,23,2,-10,26,0,-10,0,11,sil
22.70801782608032,-7,-10,-4,0,-4,11,23,3,4,15,-8,-20,0,8,sil
22.723113775253296,0,-10,-1,-8,-8,3,5,3,19,7,-3,-8,5,7,sil
22.723113775253296,13,0,5,-12,-7,2,-8,0,24,3,0,7,4,6,sil
22.73915433883667,14,4,3,-7,-2,-4,-11,0,24,-2,-2,7,-1,3,sil
22.73915433883667,17,7,9,1,-3,-13,-15,1,27,-8,1,10,2,7,sil
22.75619912147522,18,11,6,-1,-5,-17,-19,1,24,-7,18,16,13,9,sil
22.75619912147522,9,13,8,-4,-7,-20,-17,1,5,-8,19,12,7,1,sil
22.77082920074463,8,16,8,9,-5,-14,-9,0,-9,-11,8,8,-2,1,sil
22.77082920074463,13,15,2,23,12,6,3,-2,-1,-5,10,8,2,5,sil
22.78489899635315,7,12,12,21,29,21,14,0,4,-4,4,3,5,3,sil
22.800804376602173,-2,6,10,23,22,14,14,0,-5,-5,-14,-1,0,9,sil
22.800804376602173,-1,0,5,23,12,9,13,0,-9,4,-16,-1,0,12,sil
22.81628799438477,0,-8,-9,10,10,15,12,-1,-2,12,-5,-4,0,-1,sil
22.81628799438477,-8,-16,-23,-7,1,9,6,0,0,4,-16,-19,-7,-13,sil
22.834217309951782,-6,-12,-1,-4,-3,3,11,5,12,13,-27,-17,-1,-3,sil
22.834217309951782,1,-6,0,10,3,11,28,-1,26,34,-10,-8,9,8,sil
22.834217309951782,-5,-12,-10,-8,-4,5,23,-6,21,25,-2,-7,0,2,sil
22.849186658859253,-25,-21,-13,-37,-25,-10,1,1,9,5,-11,-10,-6,-9,sil
22.863592624664307,-21,-19,-16,-33,-22,-12,-7,-1,4,2,-7,-8,0,-11,sil
22.863592624664307,0,-6,0,-25,-5,-10,-10,-6,1,-3,6,4,2,-6,sil
22.88019871711731,6,0,3,-27,-7,-18,-18,1,-1,-14,18,18,8,-4,sil
22.88019871711731,6,1,4,-20,-20,-23,-30,6,-11,-17,21,23,9,-7,sil
22.897693395614624,6,3,3,-21,-18,-18,-35,1,-22,-18,21,19,0,-7,sil
22.897693395614624,-3,0,-6,-19,-7,-14,-35,-5,-23,-18,18,10,-7,-8,sil
22.897693395614624,-3,12,9,11,5,-5,-30,-9,-23,-21,11,6,-13,-9,sil
22.91274070739746,15,32,18,41,22,6,-13,-1,-21,-17,6,9,-14,0,sil
22.93013429641724,16,21,11,29,24,9,1,5,-15,-7,0,4,-12,5,sil
22.93013429641724,-1,3,5,12,10,10,6,-1,-8,-4,-2,-7,-12,-5,sil
22.93013429641724,0,10,1,26,11,14,15,0,0,3,4,-8,-2,1,sil
22.943135499954224,7,17,8,34,15,15,26,11,0,16,0,-2,5,18,sil
22.960206508636475,-7,0,-8,17,1,12,24,6,-2,10,-15,-11,-1,3,sil
22.960206508636475,-18,-16,-19,0,-9,6,14,-4,-12,-3,-19,-19,-9,-7,sil
22.960206508636475,-4,-6,3,5,-3,4,7,0,-14,2,-13,-6,-1,11,sil
22.973989009857178,6,0,4,14,1,7,11,3,13,18,-5,-3,14,22,sil
22.990122079849243,-1,-10,-8,-7,-1,6,18,0,37,18,-5,-13,16,6,sil
22.990122079849243,-18,-26,-23,-38,-7,-1,17,0,26,8,-21,-19,-1,-8,sil
23.004889011383057,-15,-19,-18,-29,-9,-1,11,3,14,0,-26,-15,-6,-8,sil
23.004889011383057,2,0,9,3,-4,2,5,3,24,5,-2,-3,18,4,sil
23.02101159095764,9,0,5,8,1,-1,0,0,30,20,19,12,32,14,sil
23.02101159095764,6,-2,2,-8,2,-2,-1,0,12,11,14,23,14,7,sil
23.03604412078857,9,0,7,-8,0,0,0,-4,-8,-6,0,14,0,1,sil
23.03604412078857,13,3,2,3,-3,-10,-11,-11,-10,-5,2,6,-1,0,sil
23.05117630958557,10,9,6,8,-3,-16,-16,-8,-4,-4,9,16,-5,-3,sil
23.05117630958557,0,8,0,0,-1,-13,-9,-4,-10,-14,6,14,-8,-7,sil
23.06723403930664,0,-2,2,-16,-4,-15,-15,0,-16,-15,5,7,-5,-8,sil
23.06723403930664,8,-5,2,-15,3,-7,-22,1,-1,-2,13,10,4,-3,sil
23.08271026611328,4,4,-7,4,16,0,-7,-2,10,-1,11,1,3,1,sil
23.08271026611328,-3,10,1,6,5,-2,0,-1,-3,-12,0,-12,-8,-6,sil
23.09817051887512,-3,1,2,-8,-11,-7,-9,0,-13,-9,3,-6,-8,-11,sil
23.09817051887512,0,0,4,-13,-7,-5,-12,3,0,2,12,9,-1,-1,sil
23.11414623260498,9,17,18,6,8,0,-6,9,10,6,19,16,2,5,sil
23.11414623260498,12,28,14,19,15,8,2,6,0,5,12,5,1,6,sil
23.12974262237549,0,12,2,8,8,9,3,-2,-17,-3,-3,-5,-12,0,sil
23.12974262237549,-11,-8,-10,-3,0,1,0,-1,-25,-11,-9,-9,-21,-9,sil
23.14503026008606,-13,-14,-4,-7,-1,12,0,4,-16,-3,-11,-11,-15,-10,sil
23.14503026008606,-12,-12,-1,0,-1,28,9,2,-6,4,-18,-21,-12,-4,sil
23.1606023311615,-13,-13,-14,12,-5,18,17,-1,-8,-2,-19,-29,-11,-5,sil
23.1606023311615,-12,-14,-6,8,-7,6,20,0,-5,-3,-14,-16,-2,-2,sil
23.17604374885559,-12,-14,-8,1,-6,3,16,-2,6,3,-12,-7,6,6,sil
23.17604374885559,-8,-10,-7,10,-2,1,10,-5,9,8,-7,-10,9,4,sil
23.19202280044556,4,1,5,18,3,5,14,1,13,15,0,-1,19,8,sil
23.19202280044556,8,0,-3,7,-3,-1,10,5,23,21,-6,5,24,17,sil
23.20770263671875,-7,-16,-10,-17,-19,-16,-4,0,23,4,-23,-5,7,4,sil
23.20770263671875,-7,-12,-16,-29,-11,-13,-6,-3,20,-8,-15,-3,1,-5,sil
23.22276854515076,7,4,-3,-20,0,-14,-6,1,9,-5,6,21,10,1,sil
23.22276854515076,7,14,15,-2,-2,-19,-18,0,-12,-8,8,29,2,0,sil
23.238778829574585,12,18,9,5,3,-10,-18,-3,-10,-8,9,23,-1,-2,sil
23.238778829574585,28,19,13,0,12,0,-9,0,-2,1,22,29,3,-1,sil
23.25467157363892,18,15,9,0,7,-2,-6,0,-11,0,23,16,0,-9,sil
23.25467157363892,0,17,6,19,9,0,-2,1,-4,-6,17,-6,-3,-11,sil
23.26978206634521,-1,10,13,26,15,10,5,10,14,10,22,-4,5,0,sil
23.26978206634521,-8,-12,-6,0,5,13,9,1,4,23,11,-6,1,2,sil
23.285821676254272,-17,-20,-11,-14,0,9,6,-10,-19,2,-16,-24,-13,0,sil
23.285821676254272,-14,-11,-1,1,5,7,5,-3,-16,-5,-28,-30,-17,-1,sil
23.301378965377808,-3,-10,-2,9,1,2,1,1,3,7,-13,-15,-8,1,sil
23.301378965377808,1,-14,-7,-14,-8,-2,-4,2,17,9,0,0,2,10,sil
23.31701898574829,6,-5,-9,-27,-5,-6,0,6,20,-4,7,6,11,17,sil
23.31701898574829,21,19,14,-3,4,-4,4,1,7,-11,23,20,12,16,sil
23.33202338218689,31,30,22,16,3,-4,-4,-8,-6,-8,35,33,9,12,sil
23.33202338218689,11,10,-1,6,-3,-10,-18,-5,-16,-9,16,20,0,2,sil
23.347895860672,-12,-3,-6,7,-5,-2,-15,2,-28,-11,-6,-3,-7,-7,sil
23.347895860672,-11,-1,-4,29,0,8,0,0,-23,4,-8,-9,-3,-6,sil
23.36400818824768,-2,-3,3,21,0,8,9,0,0,17,-6,-2,5,3,sil
23.36400818824768,-11,-13,-4,-13,-10,3,8,0,14,1,-17,-11,-2,-3,sil
23.3801498413086,-24,-25,-24,-40,-25,-8,0,-5,5,-23,-32,-30,-23,-27,sil
23.3801498413086,-15,-21,-9,-48,-24,-12,-3,-3,1,-30,-27,-14,-19,-25,sil
23.395707368850708,0,1,1,-31,-1,0,2,2,5,-20,-4,6,1,-8,thankyou
23.395707368850708,1,16,7,-6,17,7,3,1,-5,-14,0,3,-3,-12,thankyou
23.41104340553284,3,15,12,13,21,1,0,2,-4,1,-5,2,-12,-10,thankyou
23.41104340553284,10,13,5,23,16,0,7,5,12,27,1,7,2,9,thankyou
23.42675876617432,4,12,10,30,6,11,22,6,14,29,9,0,11,11,thankyou
23.42675876617432,-10,5,-1,31,3,20,23,4,9,14,5,-15,2,0,thankyou
23.441944360733032,-17,-7,-13,7,0,9,8,4,4,5,-13,-22,-9,-2,thankyou
23.441944360733032,-16,-16,-7,-11,-5,-1,-3,0,-12,-3,-28,-26,-18,-1,thankyou
23.45753836631775,-4,-8,-5,9,-3,-1,-1,-7,-15,-2,-4,-9,-2,4,thankyou
23.45753836631775,13,4,14,24,4,3,2,-5,-3,14,25,25,28,21,thankyou
23.472798824310303,11,0,7,7,0,-3,-3,-2,3,20,23,29,33,24,thankyou
23.472798824310303,1,-12,-11,-7,-7,-15,-19,-5,8,8,7,4,13,9,thankyou
23.48838472366333,11,-8,-2,-6,-4,-16,-28,0,8,5,4,5,13,4,thankyou
23.48838472366333,23,-1,7,-6,0,-18,-26,7,5,8,20,28,31,9,thankyou
23.50372338294983,20,0,7,-14,-4,-11,-17,3,11,-1,33,35,28,9,thankyou
23.50372338294983,15,3,0,-21,-3,1,0,0,20,-10,19,21,6,2,thankyou
23.519989013671875,14,7,4,-17,1,1,8,0,8,-14,0,5,-10,-2,thankyou
23.519989013671875,9,14,5,-2,6,1,3,-1,-6,-10,2,5,-14,-5,thankyou
23.53509092330933,1,18,-1,12,12,7,0,-5,-7,-1,13,2,-11,-9,thankyou
23.55104374885559,-14,5,3,7,6,4,-2,-4,-14,-5,-1,-15,-21,-21,thankyou
23.55104374885559,-31,-10,-12,-9,-2,0,-7,-1,-25,-17,-21,-27,-36,-27,thankyou
23.55104374885559,-22,-1,-15,-2,0,0,-1,-1,-22,-16,-21,-20,-30,-18,thankyou
23.567137956619263,-6,10,6,16,0,1,11,-5,-20,-15,-20,-23,-22,-11,thankyou
23.567137956619263,-13,-6,-6,6,-10,0,13,-4,-21,-13,-27,-33,-23,-11,thankyou
23.58183240890503,-15,-17,-8,-9,-8,-2,7,7,-9,-1,-28,-19,-14,-5,thankyou
23.58183240890503,-6,-10,1,1,0,0,7,6,-2,1,-27,-11,-2,2,thankyou
23.596999168396,-15,-12,-4,2,-1,4,14,-4,-7,-2,-33,-20,-7,5,thankyou
23.613122701644897,-17,-11,-4,-8,-1,13,23,-1,2,5,-20,-13,-5,6,thankyou
23.613122701644897,1,0,-6,-2,0,16,24,5,31,24,7,1,17,12,thankyou
23.613122701644897,10,6,-1,1,0,13,7,0,38,31,20,13,33,25,thankyou
23.62794804573059,5,-1,0,-6,1,6,-8,0,26,26,26,19,32,27,thankyou
23.644031047821045,2,-6,0,-12,0,-2,-9,3,15,7,20,10,22,10,thankyou
23.644031047821045,4,-3,8,-13,-2,-4,-4,2,10,-8,4,5,10,-3,thankyou
23.66008973121643,16,3,5,0,-2,-7,-4,2,15,1,18,22,17,1,thankyou
23.66008973121643,28,9,14,3,-1,-15,-5,5,15,10,40,37,23,7,thankyou
23.675655603408813,20,11,20,-3,-1,-15,-12,-1,-3,-7,28,32,12,1,thankyou
23.675655603408813,10,11,9,5,-5,-18,-25,-7,-24,-26,11,22,-1,-4,thankyou
23.69092798233032,11,13,7,13,-8,-18,-26,0,-28,-23,7,17,-9,-10,thankyou
23.69129514694214,14,13,0,5,0,-9,-14,0,-17,-11,4,7,-4,-6,thankyou
23.70690369606018,20,12,5,13,7,-1,-13,0,-2,-6,10,5,3,4,thankyou
23.70690369606018,13,10,9,29,10,7,-9,5,8,0,9,-1,0,4,thankyou
23.722051858901978,-8,4,-6,24,21,15,7,1,10,8,-10,-18,-11,-3,thankyou
23.722051858901978,-14,0,3,12,22,15,15,0,9,19,-8,-11,-2,0,thankyou
23.73814344406128,-5,0,1,11,8,13,19,1,8,19,4,-3,2,4,thankyou
23.73814344406128,-11,0,-13,10,8,14,25,-2,-6,0,-21,-24,-17,-5,thankyou
23.75367784500122,-22,-5,-15,2,13,15,21,-2,-23,-9,-39,-35,-27,-17,thankyou
23.75367784500122,-26,-18,-23,-15,0,3,8,1,-19,1,-21,-25,-17,-16,thankyou
23.768967866897583,-31,-20,-18,-26,-13,-8,-2,-5,-14,-5,-25,-25,-25,-20,thankyou
23.768967866897583,-25,-14,-12,-16,-11,-8,-6,-8,-10,-12,-33,-23,-25,-20,thankyou
23.78488659858704,-13,-16,-3,-15,-14,-1,-2,1,-1,4,-9,-6,0,-3,thankyou
23.78488659858704,-9,-17,-1,-20,-23,6,0,6,-1,8,0,-2,8,8,thankyou
23.80029273033142,-7,-12,-10,-8,-12,7,1,2,0,0,-6,-3,0,4,thankyou
23.80029273033142,-2,-10,2,-14,0,3,5,5,11,9,-2,6,2,5,thankyou
23.815704822540283,-4,-13,1,-29,-6,-2,0,0,12,12,2,6,16,11,thankyou
23.815704822540283,5,-5,2,-16,-15,-15,-11,-5,0,-6,0,3,11,10,thankyou
23.831732034683228,24,1,11,-3,-11,-17,-6,-1,6,-6,5,17,2,12,thankyou
23.831732034683228,21,-2,-2,-13,-7,-12,-2,-2,16,3,20,20,9,11,thankyou
23.84694099426269,15,6,7,-9,-7,-12,-17,-8,2,-15,19,16,15,0,thankyou
23.84694099426269,20,21,16,6,-2,-12,-15,-5,-3,-23,12,18,12,-4,thankyou
23.86245799064636,22,19,8,4,1,-8,0,0,6,-6,14,22,9,3,thankyou
23.86245799064636,25,23,20,11,6,-1,2,3,18,2,30,29,16,10,thankyou
23.878073692321777,27,36,19,37,19,6,3,9,18,13,43,27,27,19,thankyou
23.878073692321777,9,29,9,41,24,11,0,10,0,14,23,3,14,13,thankyou
23.89365005493164,-7,10,0,21,13,5,-8,-1,-22,-9,-5,-18,-13,-12,thankyou
23.89365005493164,-3,0,-7,5,8,1,-3,-11,-23,-20,-16,-13,-20,-22,thankyou
23.9097204208374,-1,1,-4,6,15,12,10,-1,-6,-6,-13,-6,-12,-10,thankyou
23.9097204208374,-8,4,-5,19,17,15,13,10,7,8,-2,-10,-7,0,thankyou
23.92511010169983,-12,1,0,21,11,4,5,5,4,15,5,-11,0,3,thankyou
23.92511010169983,-18,-5,-6,8,10,3,4,0,-8,9,-1,-13,0,-3,thankyou
23.94077181816101,-15,-10,-12,1,11,7,15,2,-9,3,-15,-17,-12,-7,thankyou
23.941160917282104,-5,-11,5,4,0,6,16,4,1,11,-18,-9,-13,5,thankyou
23.95667266845703,-5,-14,0,4,-9,4,3,-1,10,19,-14,-5,-2,9,thankyou
23.95667266845703,-10,-22,-6,-13,-12,0,0,-1,9,10,-9,-10,2,2,thankyou
23.972755432128903,-9,-23,-8,-23,-15,0,1,0,4,4,-4,-6,2,2,thankyou
23.972755432128903,-4,-15,-14,-16,-16,-2,-1,-2,1,1,-7,0,0,4,thankyou
23.98880386352539,1,-14,-1,-20,-18,-5,-5,-4,-3,-5,-14,4,-1,2,thankyou
23.98880386352539,0,-13,-2,-25,-17,-11,-9,-6,-10,-12,-12,3,-2,0,thankyou
24.00400948524475,0,3,0,-12,-8,-7,-11,-3,-7,-19,-9,7,-2,-2,sil
24.00400948524475,0,2,0,-12,-18,-6,-7,-1,-1,-21,-16,4,-7,-9,sil
24.02016496658325,-16,-27,-21,-39,-40,-17,-17,-8,-16,-25,-24,-15,-21,-30,sil
24.02016496658325,-20,-20,-11,-40,-14,-6,-25,-2,-25,-27,-13,-18,-19,-35,sil
24.03576397895813,3,18,5,-2,28,6,-1,7,0,-2,19,9,7,-2,sil
24.03576397895813,17,28,11,14,19,-4,5,3,19,18,37,27,21,15,sil
24.050934076309204,15,15,12,7,0,-7,-9,-1,10,3,26,16,11,1,sil
24.050934076309204,21,18,9,15,7,0,-6,-1,9,-6,20,15,12,2,sil
24.06645774841309,22,29,18,24,10,-4,3,2,14,7,28,26,17,15,sil
24.06645774841309,5,18,6,16,15,0,6,6,10,17,25,11,11,9,sil
24.082075119018555,-5,0,-3,12,19,8,12,5,1,14,10,-15,3,-2,sil
24.082075119018555,-1,3,6,19,13,9,14,4,-5,10,9,-10,0,0,sil
24.097688913345337,2,15,4,24,12,10,8,1,-6,0,1,-4,-1,5,sil
24.097688913345337,0,8,1,18,7,13,5,-1,-17,-10,-28,-24,-15,-4,sil
24.11273646354676,-8,-10,-7,8,0,14,9,0,-22,-6,-29,-29,-20,-14,sil
24.11273646354676,-6,-13,-3,7,6,15,19,5,-2,9,0,-3,-2,3,sil
24.135799646377563,3,0,12,20,11,13,23,2,20,29,7,11,13,23,sil
24.135799646377563,5,-2,0,20,0,0,16,-4,23,35,-1,1,10,20,sil
24.135799646377563,0,-16,-7,-8,-7,-6,7,-7,14,15,-9,0,4,11,sil
24.144190073013306,0,-17,-11,-25,-10,-6,-1,-4,12,1,-13,-1,4,14,sil
24.159997701644897,2,-11,-9,-21,-23,-13,-13,-3,11,0,-12,1,3,20,sil
24.159997701644897,7,-3,4,-24,-28,-21,-23,-3,6,-3,-2,15,7,15,sil
24.17573595046997,10,-3,-3,-32,-14,-20,-28,-1,-6,-18,6,19,9,0,sil
24.17573595046997,1,-3,-7,-25,-6,-12,-28,0,-20,-33,1,9,0,-9,sil
24.190893173217773,-8,0,-5,-14,-9,-9,-20,-1,-19,-34,0,5,-8,-17,sil
24.190893173217773,-8,1,0,-12,-4,-9,-13,2,-11,-25,5,3,-12,-27,sil
24.206814289093018,-5,4,14,-6,8,0,-6,4,-10,-17,9,-1,-12,-25,sil
24.206814289093018,-10,14,5,8,15,8,-1,-1,-10,-12,3,-5,-6,-15,sil
24.22272038459778,-16,13,2,14,8,5,-6,-2,-13,-18,-8,-11,-11,-23,sil
24.22272038459778,-19,-1,2,11,1,9,-2,2,-10,-16,-11,-18,-20,-26,sil
24.23774576187133,-9,-6,-3,13,7,20,15,5,2,10,-2,-16,-9,-1,sil
24.23774576187133,2,0,6,20,14,23,22,7,9,23,-3,-4,0,8,sil
24.25304746627808,4,0,0,22,9,16,27,1,11,20,-6,0,-1,5,sil
24.26872992515564,7,0,-2,5,0,2,28,0,19,24,0,0,1,14,sil
24.26872992515564,11,-1,-2,-7,-1,-6,15,-1,17,18,-1,-1,9,16,sil
24.26872992515564,4,-3,-12,-1,-1,-6,5,-4,-1,1,-12,-6,5,3,sil
24.28385639190674,0,-6,-5,-4,-11,-3,5,0,-5,8,0,0,3,5,sil
24.28385639190674,6,-8,-3,-15,-13,-8,2,3,8,24,20,6,15,16,sil
24.30004501342773,13,2,3,-3,0,-12,-2,-1,9,9,18,9,21,9,sil
24.31629967689514,17,12,13,11,2,-9,-12,-1,1,-7,12,12,15,0,sil
24.31629967689514,11,3,5,0,-3,-12,-23,5,0,-1,22,11,9,4,sil
24.31629967689514,-2,2,4,-10,2,-12,-21,2,-6,-4,20,10,0,0,sil
24.33175277709961,-8,11,0,7,15,-3,-11,-7,-20,-21,2,4,-12,-17,sil
24.33175277709961,-10,6,0,25,12,5,-11,-5,-25,-12,-11,-10,-16,-15,sil
24.34779047966004,-20,-5,-4,11,4,15,-6,0,-15,10,-15,-23,-7,0,sil
24.34779047966004,-17,-6,-14,-7,1,22,7,1,5,15,-15,-17,-1,5,sil
24.3626561164856,-2,-1,-2,-5,0,17,17,1,15,9,-16,-3,-2,0,sil
24.3626561164856,-3,-4,-6,-3,-6,1,13,2,12,6,-13,-1,0,2,sil
24.378023862838745,-7,-10,-10,-17,-15,-3,0,0,5,-7,-8,0,0,2,sil
24.39445233345032,5,-5,5,-16,-13,3,-2,-1,1,-15,-6,12,-2,1,sil
24.39445233345032,18,0,9,-2,0,0,8,0,5,-4,-2,19,1,8,sil
24.39545178413391,18,1,15,-6,1,-10,5,0,6,-8,6,13,7,9,sil
24.409916639328003,9,0,5,-10,-6,-14,-8,-3,4,-14,14,8,6,-1,sil
24.42527723312378,3,-6,-6,-12,-6,-18,-16,-4,0,-10,8,5,0,-10,sil
24.42627596855164,3,-2,1,-19,-5,-18,-18,2,-4,-11,0,4,-6,-9,sil
24.42627596855164,4,7,3,-1,-2,-7,-8,3,-3,-12,6,1,-7,-6,sil
24.443835735321045,1,10,11,25,8,2,5,-2,-7,-9,5,-2,-8,-8,sil
24.443835735321045,-10,11,1,23,16,7,7,-1,-16,-14,-4,-13,-12,-9,sil
24.45889949798584,-17,8,-10,18,5,14,2,6,-10,0,-6,-14,-5,0,sil
24.45889949798584,-6,-1,4,22,0,25,18,7,12,34,0,-4,13,16,sil
24.472994804382324,-3,-11,2,11,8,21,32,-1,24,35,2,-9,14,14,sil
24.472994804382324,-13,-4,-5,-4,6,6,15,-3,16,13,-4,-18,-2,0,sil
24.488337516784668,-8,0,-11,-5,-6,0,-3,0,8,8,-6,-7,-1,-1,sil
24.488337516784668,6,-7,-13,-12,-9,-5,-4,0,6,8,5,7,11,5,sil
24.502937078475952,14,-6,3,-21,-3,-16,-5,0,1,1,15,14,12,3,sil
24.518027782440186,18,9,3,-9,2,-17,-13,-1,-5,-6,15,15,7,-2,sil
24.518027782440186,19,20,9,7,3,-16,-20,0,-16,-14,14,17,4,-2,sil
24.53402543067932,12,14,16,13,0,-15,-17,2,-17,-9,17,17,3,-1,sil
24.53402543067932,0,5,4,15,0,-8,-9,-1,-10,0,5,2,-2,-3,sil
24.54904770851136,-7,7,6,20,3,9,-5,-2,-20,-9,-15,-12,-20,-7,sil
24.54904770851136,-7,9,2,24,2,20,1,-2,-25,-12,-20,-12,-23,-1,sil
24.564737558364868,-5,-1,-3,13,0,17,10,-2,-11,5,-16,-8,-9,6,sil
24.564737558364868,-15,-23,-13,-9,0,7,7,0,-2,13,-19,-19,-4,0,sil
24.57996892929077,-25,-33,-22,-26,-3,4,2,1,-2,2,-22,-25,-5,-14,sil
24.57996892929077,-16,-17,-8,-26,-2,13,11,0,10,5,-15,-4,0,-7,sil
24.5951030254364,-7,-11,-13,-20,-4,10,16,0,18,16,-11,0,5,1,sil
24.5951030254364,-17,-23,-14,-18,-8,-1,3,0,10,7,-13,-11,0,-2,sil
24.61086916923523,-15,-15,0,-12,-2,0,6,1,17,-1,-1,-1,0,0,sil
24.61086916923523,4,1,-3,-10,0,-1,10,0,18,-1,13,7,6,8,sil
24.62671566009521,10,8,3,-7,-4,-12,-8,0,0,-14,6,2,0,0,sil
24.62671566009521,11,16,7,11,3,-10,-12,3,6,-13,5,10,3,0,sil
24.641701221466064,25,19,8,13,5,-3,-2,4,28,4,20,21,19,15,sil
24.641701221466064,23,9,12,-8,-9,-12,-13,0,17,-2,17,18,14,13,sil
24.65719413757324,8,3,9,-8,-12,-23,-17,-2,0,-16,4,11,-1,-1,sil
24.65719413757324,11,9,11,3,0,-13,-4,1,-2,-11,3,7,-3,-8,sil
24.673094272613525,25,9,7,8,4,0,3,1,0,-1,13,8,3,1,sil
24.673094272613525,23,9,16,13,3,3,7,0,-2,0,22,13,5,13,sil
24.688753366470337,4,15,20,16,4,3,0,-2,-16,-4,22,8,1,0,sil
24.688753366470337,-9,12,-3,12,8,0,-14,-6,-27,-11,12,-1,-5,-17,sil
24.70388650894165,-6,4,0,2,12,3,-6,0,-22,-2,2,1,-6,-6,sil
24.70388650894165,-3,0,0,1,10,12,8,4,-7,11,0,0,0,7,sil
24.71992516517639,-10,-2,-11,7,2,9,5,-1,-4,11,-2,-9,-2,2,sil
24.71992516517639,-12,0,-4,9,0,5,2,-2,-5,10,-1,-1,-7,-2,sil
24.735785484313965,-11,-1,-3,9,5,12,11,1,0,15,-1,2,0,0,sil
24.735785484313965,-14,-8,0,11,6,14,8,1,3,13,-15,-16,0,-2,sil
24.75095772743225,-21,-16,-13,4,0,8,0,-1,-4,8,-30,-34,-11,-7,sil
24.75095772743225,-16,-21,-28,-8,-4,4,4,-1,1,10,-27,-24,-5,-5,sil
24.766960620880127,0,-12,-4,-7,0,9,14,0,17,13,-15,-6,2,2,sil
24.766960620880127,1,-4,-1,-1,0,4,10,-1,9,3,-15,-10,-4,4,sil
24.782686471939087,-6,-11,-9,-9,-13,-6,-1,0,-8,-13,-26,-19,-11,1,sil
24.782686471939087,-10,-15,-8,-19,-17,-6,-2,1,-3,-13,-27,-14,-8,0,sil
24.79780626296997,-5,-5,-3,-12,-8,-8,-1,1,6,-1,-9,0,0,0,sil
24.79780626296997,3,1,7,-5,-12,-16,-11,5,8,-1,13,14,12,1,sil
24.81310200691223,10,0,0,-4,-10,-14,-14,4,16,-3,19,19,17,5,sil
24.81310200691223,8,0,0,-10,1,-7,-7,-2,11,-7,1,7,2,0,sil
24.828633785247803,6,1,7,-17,0,-3,-2,0,-10,-12,0,3,0,-4,sil
24.828633785247803,17,3,8,-6,0,-3,2,4,-8,-5,27,18,14,4,sil
24.8457305431366,28,13,17,1,11,-3,11,0,9,1,34,30,15,9,sil
24.8457305431366,20,13,3,0,6,-10,6,-3,4,-5,18,16,2,0,sil
24.859829664230347,9,12,4,3,-2,-8,-4,0,-1,-6,22,15,0,-4,sil
24.859829664230347,5,15,14,4,3,0,-9,3,10,6,37,24,13,4,sil
24.876219987869263,-4,6,-2,-3,6,-5,-23,0,0,4,19,4,7,2,sil
24.876219987869263,-12,4,-3,1,2,-5,-35,-6,-27,-17,-6,-15,-13,-12,sil
24.89110255241394,-5,12,1,20,8,3,-14,-11,-27,-22,-4,-8,-14,-16,sil
24.89110255241394,-6,2,0,14,4,7,5,-8,-24,-15,-10,-8,-16,-11,sil
24.90903067588806,-18,-5,-6,3,-2,10,11,0,-27,-15,-25,-25,-36,-13,sil
24.90903067588806,-12,2,-5,10,6,19,20,3,-6,-2,-18,-22,-26,-13,sil
24.921770811080933,4,9,15,26,15,26,15,1,11,17,-9,-3,-12,0,sil
24.93825507164001,6,6,6,32,15,20,3,4,14,27,-7,-1,-22,12,sil
24.93825507164001,-2,0,-6,14,7,10,15,6,19,32,-7,-10,15,14,sil
24.93825507164001,-7,-12,-10,-8,-5,9,25,2,18,31,-15,-12,75,11,sil
24.95323824882508,-9,-25,-21,-14,-12,5,18,1,15,22,-16,-8,44,13,sil
24.95323824882508,-9,-22,-6,-16,-7,0,15,5,25,21,-4,0,-9,16,sil
24.96989822387696,-6,-17,-4,-18,-4,0,15,1,29,25,0,5,0,13,sil
24.96989822387696,-4,-15,-12,-23,-4,-8,0,-2,11,3,-9,0,-1,0,sil
24.985076904296875,-2,-9,-1,-26,-10,-18,-18,-3,-2,-19,-12,2,-24,-9,sil
25.00098657608032,2,-4,3,-17,-18,-18,-19,-4,2,-18,1,15,-6,-4,sil
25.00098657608032,6,0,10,-12,-20,-17,-12,0,6,-13,17,21,13,0,sil
25.00098657608032,7,3,5,-14,-13,-18,-16,0,-2,-18,21,11,2,-11,sil
25.017528533935547,10,9,4,-5,-3,-19,-27,-2,-23,-27,10,1,-11,-19,sil
25.017528533935547,13,21,17,9,3,-8,-19,-2,-30,-29,5,0,-9,-8,sil
25.03083086013794,17,26,11,18,8,0,-3,0,-22,-17,17,4,1,3,sil
25.045961618423465,14,18,11,20,11,0,-4,2,-27,-5,22,7,3,7,sil
25.045961618423465,-1,3,2,15,9,8,0,0,-31,-2,2,-8,-1,7,sil
25.061039447784424,-10,-3,-4,12,5,21,11,-5,-13,1,-20,-25,-5,2,sil
25.061039447784424,-5,-1,2,17,3,18,15,0,4,6,-22,-18,-7,0,sil
25.07674360275269,-2,-5,-12,8,0,2,14,5,17,14,-4,-1,6,7,sil
25.07674360275269,8,-6,-9,-5,0,-3,8,0,20,16,15,16,26,18,sil
25.092647790908813,20,4,7,-1,7,-6,-1,-2,7,5,18,28,21,14,sil
25.092647790908813,10,8,2,0,6,-11,-6,-4,0,-3,0,16,1,-2,sil
25.108189582824707,0,6,1,-3,2,-3,-3,-2,5,-1,-4,7,-4,-13,sil
25.108189582824707,-8,3,-4,-1,11,8,1,0,5,0,2,0,-7,-13,sil
25.12430524826049,-26,-3,-6,-4,12,8,1,0,0,0,-6,-16,-15,-17,sil
25.12430524826049,-29,-4,-5,-2,1,8,0,-1,1,9,-14,-17,-16,-19,sil
25.139853477478027,-16,-1,-7,15,2,7,7,3,2,16,-5,-13,-14,-10,sil
25.139853477478027,-14,-7,-2,13,6,6,10,8,5,5,-13,-22,-21,-5,sil
25.15500378608704,-13,-15,-9,-3,-2,5,13,2,13,0,-20,-24,-14,-1,sil
25.15500378608704,0,-17,-11,-14,-17,5,14,0,14,4,-10,-8,2,7,sil
25.17076325416565,4,-18,-9,-20,-17,2,6,1,12,8,0,0,10,11,sil
25.17076325416565,5,-10,-4,-16,-4,0,-1,2,17,8,8,6,16,13,sil
25.18626594543457,14,7,18,-2,0,-3,-6,2,17,6,23,21,27,17,sil
25.18626594543457,15,10,10,-1,-7,-12,-18,0,2,0,27,23,25,10,sil
25.202260494232178,3,-3,1,-18,-14,-22,-31,-8,-19,-16,11,10,4,-9,sil
25.202260494232178,0,-1,8,-15,-8,-21,-32,-6,-33,-28,0,0,-9,-15,sil
25.217889308929443,5,18,6,8,0,-11,-19,0,-34,-22,0,0,-7,-5,sil
25.217889308929443,5,22,13,17,5,5,0,2,-29,-16,-3,6,-9,-4,sil
25.233673810958862,5,11,9,15,8,14,12,0,-19,-9,-5,10,-11,-5,sil
25.233673810958862,8,10,2,24,13,11,17,1,-7,6,-4,3,-2,6,sil
25.249747037887573,4,7,2,23,11,23,26,3,1,21,-3,-4,3,14,sil
25.249747037887573,-4,-9,-8,-1,-1,26,23,0,13,19,-6,-8,0,7,sil
25.2649359703064,-1,-18,-1,-19,-11,-3,1,-3,17,12,-7,-1,-1,1,sil
25.2649359703064,6,-11,0,-16,-10,-24,-7,1,20,13,1,3,10,3,sil
25.2809853553772,8,-8,-5,-15,-11,-17,-1,3,17,7,9,8,17,12,sil
25.2809853553772,5,-1,-1,-19,-11,-10,-1,-1,11,-5,3,11,10,15,sil
25.296111822128296,3,6,-4,-5,0,-10,-4,-4,10,-5,0,0,3,2,sil
25.296111822128296,2,13,2,15,11,-1,-5,0,4,-3,1,-5,1,-6,sil
25.312071561813354,-3,14,2,24,17,2,-1,1,-8,-14,7,1,0,-5,sil
25.312071561813354,-11,7,0,17,16,0,2,0,-14,-17,0,-4,-7,-10,sil
25.32715678215027,-19,-2,0,7,7,7,0,-1,-10,-9,-15,-21,-22,-21,sil
25.32715678215027,-28,-11,-19,5,4,14,4,0,-6,-5,-18,-25,-26,-19,sil
25.343115091323853,-22,-11,-11,9,8,16,17,1,3,4,-13,-19,-13,-7,sil
25.343115091323853,-7,-13,0,2,3,15,14,6,24,20,-7,-12,4,0,sil
25.3587110042572,-4,-18,-8,-18,-13,6,0,2,26,16,0,-1,15,-1,sil
25.3587110042572,0,-12,-3,-28,-21,-10,-10,-2,1,0,10,10,16,0,sil
25.3738181591034,18,0,4,-17,-6,-21,-10,-2,-13,-5,19,18,8,2,sil
25.3738181591034,18,3,7,-20,-2,-16,-14,1,-13,-5,20,20,0,3,sil
25.388975143432617,2,5,3,-21,-14,-12,-23,0,-19,-11,12,18,-1,1,sil
25.388975143432617,5,19,6,11,-6,-10,-27,-4,-28,-15,6,15,-8,4,sil
25.40429639816284,16,26,20,36,9,1,-13,-1,-29,-9,-1,9,-16,7,sil
25.40429639816284,6,10,6,22,11,11,4,0,-13,0,-13,-4,-11,1,sil
25.419835805892944,-1,0,1,9,8,14,13,0,-2,7,-10,-8,-3,0,sil
25.419835805892944,3,2,5,17,11,22,21,0,0,16,0,-1,0,6,sil
25.436758756637573,2,0,-3,19,9,19,26,1,9,20,-4,-10,1,10,sil
25.436758756637573,0,-6,0,5,1,9,22,2,26,18,-12,-17,7,6,sil
25.45097279548645,1,-5,-8,-4,-3,5,21,2,31,22,-2,-5,16,7,sil
25.45097279548645,0,-9,-10,-14,-5,-6,17,0,25,18,1,2,14,12,sil
25.46647620201111,-5,-15,-8,-20,-7,-19,5,-1,24,8,0,-1,9,5,sil
25.46647620201111,-4,-13,-14,-20,-16,-19,-11,-4,21,0,2,1,14,-6,sil
25.482125520706177,-4,-7,-1,-19,-18,-16,-25,-4,8,-12,8,7,10,-13,sil
25.482125520706177,-5,0,2,-12,-5,-14,-25,-2,-5,-24,6,3,-3,-11,sil
25.49867343902588,-5,5,0,-9,0,-7,-25,-3,-20,-32,-1,-1,-13,-15,sil
25.51280951499939,-8,7,1,-15,-2,-2,-18,-1,-28,-38,0,0,-11,-21,sil
25.51380825042725,0,18,6,-1,6,0,4,4,-15,-19,16,6,0,-4,sil
25.51380825042725,11,21,22,25,16,7,11,8,-2,4,17,14,2,11,sil
25.52919602394104,0,1,7,25,8,9,-3,1,-11,-1,-1,2,-11,3,sil
25.52919602394104,-14,-8,-11,8,0,4,-2,-2,-23,-8,-14,-18,-18,-7,sil
25.545737266540527,-6,1,-3,13,5,9,15,3,-8,16,-7,-14,-6,0,sil
25.545737266540527,3,-5,-1,18,9,17,18,6,14,32,-3,-4,3,6,sil
25.55974793434143,2,-19,-1,-4,0,6,8,0,15,14,-12,-5,1,2,sil
25.560882091522217,10,-7,0,-10,-1,0,8,-1,14,8,-7,2,3,8,sil
25.5772557258606,24,9,9,2,5,4,12,1,18,14,8,27,10,25,sil
25.5772557258606,20,3,6,-4,0,-8,-2,-2,12,4,12,27,11,15,sil
25.59112930297852,-1,-8,-14,-25,-13,-30,-28,-11,-9,-14,-2,-5,0,-15,sil
25.59112930297852,-13,-2,-7,-21,-14,-20,-33,-3,-31,-24,-22,-19,-20,-28,sil
25.606640815734863,-10,8,-2,4,0,5,-10,3,-34,-16,-15,-10,-22,-21,sil
25.62369465827942,-7,7,-5,23,6,18,15,1,-9,3,1,-8,-3,-4,sil
25.62369465827942,-7,3,0,25,5,24,26,3,18,18,-1,-7,8,13,sil
25.624695777893063,-6,-3,-4,6,0,13,21,4,26,21,-9,-3,7,16,sil
25.6397032737732,0,-11,-1,-17,-2,-2,2,-1,17,11,0,-1,9,5,sil
25.6397032737732,7,-4,-4,-18,-1,-2,-7,-3,5,0,13,5,15,5,sil
25.65482306480408,11,8,4,0,3,-5,-7,2,0,-6,23,20,11,11,sil
25.672097206115723,12,14,21,6,4,-11,-8,3,-2,-15,27,24,5,5,sil
25.672097206115723,6,15,12,16,0,-4,-4,0,0,-13,19,8,0,-2,sil
25.672097206115723,-2,12,7,27,2,2,-1,0,-8,-3,1,-7,-10,-7,sil
25.68673276901245,-13,0,-2,16,9,2,-2,0,-16,-1,-9,-10,-12,-5,sil
25.70081686973572,-15,-10,-10,1,6,12,6,0,-5,1,-5,-9,0,0,sil
25.70081686973572,-8,-8,-1,1,-7,18,19,0,13,17,-2,-14,1,2,sil
25.71609783172608,-7,-13,-8,-6,-17,1,11,0,16,14,-11,-18,0,1,sil
25.71609783172608,-8,-22,-12,-30,-18,-16,-5,-2,10,-1,-15,-4,4,2,sil
25.732017755508423,0,-21,-11,-34,-13,-22,-13,-1,11,0,0,10,10,2,sil
25.732017755508423,11,-6,-4,-24,-10,-22,-17,0,-1,-3,10,11,3,-2,sil
25.747731685638428,10,8,10,-13,-6,-18,-19,0,-20,-20,0,7,-10,-14,sil
25.747731685638428,6,9,3,-3,2,-10,-7,0,-13,-15,0,7,-9,-16,sil
25.76345038414001,10,7,6,-5,10,-1,4,1,0,0,13,13,4,-8,sil
25.76345038414001,5,7,6,-8,7,1,1,0,-7,-7,6,5,1,-9,sil
25.778626441955566,-5,3,0,2,4,2,-4,-4,-22,-15,-17,-5,-13,-14,sil
25.778626441955566,-1,7,4,16,15,13,3,-2,-15,-1,-16,0,-6,-4,sil
25.793976545333862,0,13,-2,13,25,19,12,0,4,10,-5,-3,0,3,sil
25.793976545333862,-10,4,4,8,15,8,4,3,2,5,-14,-18,-14,-2,sil
25.81006956100464,-7,-5,7,17,3,5,5,5,-2,8,-12,-9,-12,0,sil
25.81006956100464,1,0,-1,19,0,16,20,1,10,18,3,0,9,19,sil
25.825204610824585,-3,0,-2,1,-5,18,25,-1,21,12,0,-11,4,21,sil
25.825204610824585,-10,-13,-16,0,-14,11,21,-1,15,9,-9,-20,-4,8,sil
25.84070539474488,-2,-14,-6,5,-12,10,5,0,9,14,0,-4,6,8,sil
25.84070539474488,0,-3,3,7,-3,1,-11,-1,5,10,7,7,12,9,sil
25.85667634010315,4,0,-3,9,-1,-11,-15,-2,1,-1,10,8,4,5,sil
25.85667634010315,19,3,12,7,-4,-7,-6,3,9,0,22,19,12,10,sil
25.87216424942017,22,6,1,-1,-3,-3,-1,4,16,3,27,28,29,18,sil
25.87216424942017,12,7,-3,-7,-3,-13,-14,1,6,-6,14,20,24,11,sil
25.887662410736084,9,7,6,-6,-4,-21,-24,-2,2,-7,13,13,11,0,sil
25.887662410736084,9,6,2,-3,-1,-25,-23,-3,1,0,23,6,10,-6,sil
25.90278911590576,1,9,8,-6,0,-18,-23,-2,-15,-14,8,3,0,-10,sil
25.90278911590576,-4,6,-5,-5,1,-3,-13,-3,-16,-18,-6,-5,-15,-19,sil
25.91828441619873,-4,2,-5,0,4,1,0,0,-13,-9,0,-8,-16,-22,sil
25.91828441619873,-10,5,2,9,8,0,2,0,-29,-15,-3,-6,-15,-18,sil
25.933449745178223,-18,0,-4,5,5,-1,4,-6,-37,-27,-30,-15,-29,-20,sil
25.933449745178223,-22,-16,5,-15,-3,8,9,-1,-23,-19,-38,-17,-35,-21,sil
25.949057579040527,-21,-21,-10,-17,-1,25,23,7,-3,10,-19,-18,-18,-8,sil
25.949057579040527,-10,-10,-5,-2,8,26,35,5,6,20,-14,-21,-9,0,sil
25.9647159576416,-7,-3,5,-1,8,12,30,4,11,9,-19,-15,-14,0,sil
25.9647159576416,-12,-7,-13,-1,1,-1,14,5,13,7,-16,-10,-9,5,sil
25.979698657989506,-1,-4,6,6,-5,-1,3,2,4,16,-7,-1,1,15,sil
25.979698657989506,9,0,5,5,-8,5,7,-6,4,21,11,6,15,16,sil
25.995399475097656,6,0,-3,-9,-1,12,7,-8,12,12,14,7,21,13,sil
25.995399475097656,5,2,6,-4,1,10,-1,0,10,-1,-10,0,9,6,sil
26.011107206344604,10,1,-7,8,-4,-8,-13,0,10,3,-8,0,8,4,sil
26.011107206344604,17,2,10,-3,-7,-16,-23,0,19,11,21,23,26,17,sil
26.02623391151428,16,1,4,-10,4,-7,-16,0,29,12,29,39,30,25,sil
26.02623391151428,8,-4,-13,-9,4,-13,-13,1,23,1,12,22,10,9,sil
26.04194974899292,0,-4,6,-16,-9,-20,-27,3,4,-12,4,10,0,-10,sil
26.04194974899292,-4,-3,-13,-19,-11,-15,-26,-3,-2,-12,10,3,3,-22,sil
26.057987928390503,-4,1,-4,-11,-2,-3,-7,-1,-10,-14,13,1,0,-22,sil
26.057987928390503,2,10,10,9,3,2,0,1,-17,-18,11,9,-4,-14,sil
26.07367730140686,2,7,-4,16,3,-1,-3,-2,-18,-23,2,0,-10,-7,sil
26.07367730140686,-4,3,13,0,-3,-3,0,-1,-15,-21,-5,-18,-17,-7,sil
26.089705228805546,2,14,2,13,-3,-1,11,1,-6,-3,2,-11,-8,-3,sil
26.089705228805546,22,26,-2,41,10,5,20,4,-6,7,11,0,5,16,sil
26.10513067245484,23,24,22,42,25,19,26,7,0,16,9,-2,11,29,sil
26.10513067245484,6,8,0,38,19,19,34,0,19,37,13,-13,12,21,sil
26.121118545532227,5,-3,-1,34,0,11,33,-4,15,34,1,-31,13,24,sil
26.121118545532227,1,0,24,17,0,6,10,0,-8,12,-10,-18,5,17,sil
0.4960188865661621,9,9,6,-4,-7,-26,-8,6,2,14,22,20,4,-7,sil
0.4960188865661621,9,16,6,1,2,-17,-7,0,-8,3,29,15,10,0,sil
0.5117003917694092,2,13,1,12,12,0,-6,-7,-8,-6,22,1,1,-1,sil
0.5117003917694092,-4,5,10,5,12,10,1,0,-2,-10,7,-8,-11,-8,sil
0.5267853736877441,-16,-6,2,-6,6,7,2,3,-11,-16,-8,-21,-18,-20,sil
0.5267853736877441,-31,-16,-10,-4,0,9,0,-1,-21,-25,-26,-33,-29,-26,sil
0.542855978012085,-32,-19,-11,0,-3,12,-1,-2,-24,-30,-35,-32,-37,-17,sil
0.542855978012085,-18,-18,-11,0,-6,6,-4,0,-28,-19,-36,-27,-33,-10,sil
0.5578756332397461,-7,-15,-4,-1,-3,6,1,2,-19,0,-37,-23,-23,-5,sil
0.5578756332397461,-4,-2,-7,5,2,16,23,1,5,18,-21,-12,-6,7,sil
0.5730209350585938,0,0,-3,8,-5,14,32,-1,11,21,-2,0,4,18,sil
0.5730209350585938,2,-7,-2,0,-13,4,17,-2,4,9,-5,-3,3,13,sil
0.5890829563140869,2,-4,-9,0,-1,1,9,1,18,10,-11,-12,11,10,sil
0.5890829563140869,2,3,-2,1,3,2,12,9,37,30,0,-2,23,13,sil
0.6047437191009521,0,-1,-8,-16,-1,0,12,5,29,33,13,5,21,13,sil
0.6047437191009521,10,5,1,-13,0,-6,2,-4,12,5,11,9,17,6,sil
0.6210949420928955,23,15,16,1,-6,-15,-11,-8,8,-5,7,14,12,3,sil
0.6210949420928955,12,2,3,-5,-12,-13,-23,-2,9,1,11,17,0,1,sil
0.6368215084075928,11,5,10,-11,3,-4,-22,2,11,-1,23,30,6,2,sil
0.6368215084075928,16,12,10,-13,11,-11,-19,-4,0,-17,29,33,19,2,sil
0.6520497798919678,3,1,-4,-27,-3,-19,-27,-6,-29,-34,12,13,0,-8,sil
0.6520497798919678,2,5,3,-10,-3,-11,-23,0,-36,-37,-1,6,-14,-17,sil
0.6677014827728271,15,16,12,17,5,-9,-10,0,-17,-12,10,15,0,-5,sil
0.6677014827728271,4,3,12,8,1,-7,-6,-1,-16,2,21,9,1,1,sil
0.6828117370605469,-10,-2,-1,3,-2,6,-8,2,-18,-10,7,-4,-6,-9,sil
0.6828117370605469,-6,8,-5,22,-2,9,-5,1,-10,-20,-10,-9,-5,-9,sil
0.6979513168334961,2,14,5,32,8,5,6,3,-1,-2,-5,-3,2,7,sil
0.6979513168334961,0,3,3,29,20,15,26,12,10,18,4,-7,3,3,sil
0.7139041423797607,-11,-9,-2,12,8,24,25,10,10,19,-7,-16,-10,-13,sil
0.7139041423797607,-18,-6,-9,5,1,19,17,0,3,17,-16,-13,-17,-2,sil
0.7299249172210693,-11,0,0,11,11,10,22,-1,3,22,-13,-7,-7,12,sil
0.7299249172210693,-7,-9,6,6,3,3,21,0,7,23,-12,-9,-1,2,sil
0.7448019981384277,-6,-19,-13,-5,-8,0,20,-2,18,20,-7,-14,1,2,sil
0.7448019981384277,-4,-15,-9,-9,-1,11,33,0,34,18,-2,-10,9,18,sil
0.7600064277648926,-7,-15,-5,-10,0,18,32,0,30,12,-9,-11,8,13,sil
0.7600064277648926,0,-11,-10,-14,-11,-2,3,-4,11,1,-14,-6,1,0,sil
0.7769339084625244,7,0,-1,-16,-15,-26,-20,-6,1,-3,-4,8,2,0,sil
0.7769339084625244,-4,-12,-11,-24,-13,-24,-30,-5,-4,-9,2,6,3,0,sil
0.7919914722442627,-9,-19,-11,-31,-10,-15,-32,-3,-7,-15,0,-2,0,-9,sil
0.7919914722442627,5,5,0,-14,-3,-14,-22,0,-4,-12,4,2,0,-10,sil
0.8081154823303223,12,18,4,3,2,-15,-19,0,-9,-10,17,13,3,-5,sil
0.8081154823303223,14,18,14,6,6,-9,-23,-1,-20,-20,20,15,1,-7,sil
0.8246855735778809,21,28,14,15,14,-2,-13,0,-19,-17,13,12,-1,-4,sil
0.8246855735778809,14,27,14,24,16,0,-11,0,-26,-15,5,3,-8,-2,sil
0.8400397300720215,-4,6,9,16,10,14,-10,0,-37,-23,0,-9,-16,-8,sil
0.8400397300720215,-14,-7,-4,9,4,26,11,2,-26,-15,-13,-12,-17,-7,sil
0.8549437522888184,-13,-12,-4,0,-4,19,17,0,-3,1,-29,-5,-15,1,sil
0.8549437522888184,-10,-19,-12,-9,-12,-1,0,0,6,7,-23,-9,-10,5,sil
0.870955228805542,0,-12,-1,-10,-15,-8,3,3,16,14,-5,-7,4,8,sil
0.870955228805542,10,1,10,-9,-9,0,15,5,30,24,2,7,18,16,sil
0.8853127956390381,10,0,-1,-15,0,-3,1,-1,27,9,8,15,16,8,sil
0.9010720252990724,5,0,-2,-16,0,-17,-10,-1,7,-10,16,18,12,0,sil
0.9010720252990724,3,9,-2,-2,-11,-16,-5,5,1,-3,24,18,17,1,sil
0.9176235198974608,-3,11,0,2,-5,-6,0,4,4,6,13,7,9,-1,sil
0.9186244010925292,-14,5,1,3,10,2,1,-2,0,5,0,-3,-1,-15,sil
0.9330289363861084,-13,5,-2,15,10,15,10,-2,-1,8,1,-7,0,-14,sil
0.9330289363861084,-4,9,9,29,8,25,17,6,0,11,6,-6,0,0,sil
0.9340295791625975,-2,5,5,27,14,14,17,6,2,7,0,-5,-2,7,sil
0.9480507373809814,-5,-7,-4,10,4,0,9,-4,3,1,-12,-8,-5,2,sil
0.9664618968963624,-1,-18,0,-5,-4,4,5,-4,6,6,-13,-12,-4,-1,sil
0.9664618968963624,7,-16,-4,-6,2,10,14,-1,7,17,0,-8,3,9,sil
0.9664618968963624,14,-3,0,-4,1,2,12,-4,6,9,0,0,2,18,sil
0.9798376560211182,13,-8,-5,-16,-12,-17,-10,-6,8,-7,-10,1,-2,5,sil
0.9969804286956788,11,-10,-3,-23,-13,-27,-25,0,-1,-11,3,5,0,-7,sil
0.9969804286956788,6,8,4,-11,0,-13,-22,1,-20,-10,20,9,0,-6,sil
0.9969804286956788,-2,17,-5,5,7,2,-13,1,-19,-10,3,0,-7,-5,sil
1.0131070613861084,-1,9,7,15,9,12,4,6,-4,-7,-20,-4,-13,-4,sil
1.0131070613861084,0,0,11,18,10,18,16,0,-4,-1,-19,-3,-9,3,sil
1.0256164073944092,-7,-10,-6,2,3,8,1,-9,-15,-2,-10,-4,0,11,sil
1.043623685836792,-5,-10,-6,-13,-10,-7,-10,-1,-6,0,0,2,12,12,sil
1.043623685836792,2,-1,-2,-13,-11,-16,-4,2,10,1,13,12,17,6,sil
1.0571153163909912,0,5,7,-7,0,-18,-9,1,8,-7,17,15,4,-7,sil
1.0571153163909912,-5,12,6,5,7,-4,-7,3,0,-17,12,5,-8,-12,sil
1.0725162029266355,0,9,0,18,6,18,7,0,-9,-11,-2,-5,-11,-3,sil
1.0725162029266355,1,-1,0,9,0,19,11,-7,-17,-4,-15,-7,-8,1,sil
1.0876648426055908,-3,-6,-10,-4,-6,-4,2,-5,-5,-7,-12,-6,-1,0,sil
1.0876648426055908,-7,-10,-7,-15,-16,-20,-9,4,8,-11,-8,-3,0,-6,sil
1.1031765937805176,-11,-12,-6,-23,-23,-20,-19,7,15,0,0,1,0,-16,sil
1.1031765937805176,-10,-2,-11,-18,-16,-11,-8,6,26,20,19,0,5,-18,sil
1.1187448501586914,-6,11,3,3,5,11,12,7,25,28,12,-7,4,-9,sil
1.1187448501586914,-5,10,2,25,26,28,29,1,4,27,-5,-10,-7,2,sil
1.1347482204437256,-3,0,2,19,23,23,32,-4,-5,22,-4,-6,-8,7,sil
1.1347482204437256,0,-2,3,0,4,4,7,-4,0,8,3,-4,7,6,sil
1.1498985290527344,5,0,0,-1,0,-13,-22,-4,-1,-7,3,1,13,4,sil
1.1498985290527344,15,10,10,4,5,-11,-21,-5,-3,-6,7,19,1,3,sil
1.1659119129180908,17,17,9,10,10,6,-9,-1,-4,0,14,18,0,2,sil
1.1659119129180908,4,9,7,13,7,12,-9,3,-16,-6,0,0,-2,5,sil
1.18107008934021,2,-6,6,8,-1,2,0,2,-15,-5,-21,-13,-7,13,sil
1.18107008934021,13,-14,-2,-8,-12,-7,11,1,1,7,-18,-10,1,18,sil
1.196821212768555,12,-11,4,-22,-16,-11,6,4,10,3,-6,0,13,13,sil
1.196821212768555,0,-14,-3,-26,-15,-14,0,0,5,-15,-10,0,5,2,sil
1.211972951889038,0,-11,-8,-26,-13,-13,-4,-8,-1,-18,-6,1,-3,-2,sil
1.211972951889038,6,7,0,-17,-5,-5,-10,0,-5,-6,21,13,7,-4,sil
1.227531909942627,6,19,0,0,6,-3,-10,3,-4,-3,33,17,13,-8,sil
1.227531909942627,0,9,9,16,9,1,-8,-1,-13,-14,13,9,-4,-11,sil
1.242997169494629,-15,-2,0,21,4,12,1,-4,-24,-16,1,-2,-14,-5,sil
1.242997169494629,-24,-7,-11,17,0,16,18,1,-16,-5,-1,-16,-10,-2,sil
1.2590906620025637,-18,-9,-8,11,-1,17,19,5,1,-2,-21,-21,-10,-6,sil
1.2590906620025637,-14,-14,-12,3,-4,12,9,0,15,0,-27,-16,-8,-5,sil
1.274815797805786,-11,-6,0,3,1,4,10,-2,24,16,-9,-2,0,3,sil
1.274815797805786,0,6,3,15,10,7,18,0,29,33,0,6,12,11,sil
1.2898626327514648,3,0,-4,6,5,1,6,0,22,23,-5,0,15,0,sil
1.2898626327514648,0,-10,-7,-23,-1,-16,-12,-1,9,1,0,0,4,-11,sil
1.305609941482544,8,0,-10,-21,0,-23,-15,0,1,-3,12,17,5,0,sil
1.305609941482544,20,21,11,-1,0,-16,-16,1,-9,-7,15,25,12,6,sil
1.3210065364837646,21,20,19,0,0,-11,-20,0,-15,-9,16,17,6,0,sil
1.3210065364837646,13,8,4,-8,0,-6,-14,3,-9,0,19,11,-2,2,sil
1.3369765281677246,-1,7,0,-5,3,-3,-13,0,-8,-3,7,-2,-12,-5,sil
1.3369765281677246,-12,12,0,11,11,-2,-14,-6,-13,-18,-14,-25,-26,-25,sil
1.3524389266967771,-5,7,8,24,11,7,1,1,-6,-6,-13,-17,-26,-11,sil
1.3524389266967771,-3,-4,1,14,2,14,18,6,3,11,4,0,-19,14,sil
1.3680918216705322,-8,-9,-10,4,-4,12,20,-1,1,11,0,-9,-19,14,sil
1.3680918216705322,-5,-9,0,5,-8,12,20,-1,4,13,-14,-16,-8,6,sil
1.3836266994476318,-4,-20,-5,-4,-5,6,18,-1,17,15,-9,-8,11,8,sil
1.3836266994476318,-6,-24,-6,-22,-7,0,10,-1,13,4,-11,-8,13,3,sil
1.3990755081176758,-7,-18,-6,-26,-12,0,8,0,0,-3,-18,-11,11,0,sil
1.3990755081176758,-5,-16,-14,-27,-11,-7,2,-1,-2,-5,-9,-6,18,1,sil
1.415029764175415,3,-7,-3,-24,-7,-6,-5,0,-5,-6,8,9,25,6,sil
1.415029764175415,15,8,6,-5,-4,0,-7,4,-6,-4,23,24,26,4,sil
1.4309849739074707,15,17,18,9,-1,-8,-14,5,-10,-15,20,20,14,0,sil
1.4309849739074707,13,25,17,22,8,-9,-19,0,-10,-15,19,14,6,-2,sil
1.4461541175842283,18,29,8,36,21,0,-8,0,4,5,26,18,13,3,sil
1.4461541175842283,13,24,15,30,20,3,-2,2,9,8,19,16,7,4,sil
1.4622368812561035,4,11,6,22,10,2,-2,-2,-2,-4,0,0,-9,0,sil
1.4622368812561035,-1,0,2,23,11,12,6,-4,-5,-2,-15,-6,-14,-2,sil
1.4779505729675293,-19,-15,-10,6,8,14,8,0,-1,1,-32,-17,-20,-8,sil
1.4779505729675293,-33,-30,-32,-26,-14,0,-1,-3,-9,-1,-41,-40,-30,-16,sil
1.4931035041809082,-18,-27,-12,-33,-26,-4,-1,-9,-2,8,-20,-27,-16,-7,sil
1.4941036701202393,0,-11,-2,-13,-15,-1,8,-3,20,27,3,0,3,9,sil
1.5089807510375977,-1,-11,-6,-22,-10,-6,1,0,23,13,-3,7,0,8,sil
1.5089807510375977,-3,-16,-6,-45,-17,-12,-12,1,9,-13,-4,8,-4,-4,sil
1.5237371921539309,-1,-1,-9,-25,-11,-12,-12,2,3,-16,11,12,4,-12,sil
1.5237371921539309,0,15,2,3,0,-9,-9,3,-9,-15,10,8,2,-17,sil
1.5398330688476562,11,15,7,0,4,-9,-10,0,-23,-17,9,9,-2,-7,sil
1.555814504623413,24,20,12,2,15,-7,-11,0,-21,-8,19,21,-2,5,sil
1.555814504623413,15,31,21,33,19,0,-3,1,-11,-2,12,17,-4,0,sil
1.555814504623413,1,23,7,43,9,2,9,0,-4,-1,0,0,-5,-5,sil
1.5722885131835938,0,8,8,24,6,3,18,2,0,0,0,-3,-1,9,sil
1.5722885131835938,-4,2,8,13,12,13,21,0,4,2,3,0,1,12,sil
1.5863163471221924,-12,-5,0,10,6,22,18,1,1,3,-4,-11,0,0,sil
1.6029982566833496,-7,-8,0,8,4,24,16,3,0,11,-6,-16,0,0,sil
1.6029982566833496,3,-3,-3,15,9,16,24,-1,10,18,2,-7,7,13,sil
1.6029982566833496,1,-6,3,6,0,10,20,-4,16,9,-1,-7,11,15,sil
1.6190118789672852,-14,-22,-9,-19,-8,5,-5,-2,3,0,-20,-23,1,1,sil
1.6341047286987305,-17,-25,-25,-28,-7,-1,-22,-4,-1,1,-19,-21,-3,-5,sil
1.6341047286987305,2,-10,-4,-5,-6,0,-8,2,26,15,4,0,15,10,sil
1.6341047286987305,13,-4,0,7,-2,1,4,11,44,30,19,11,34,25,sil
1.650660753250122,1,-6,-5,-7,-3,-11,-7,2,10,14,7,8,18,7,sil
1.651079177856445,-4,-4,-7,-15,-11,-23,-20,-7,-16,-3,0,5,2,-11,sil
1.6655902862548828,3,-3,-4,-11,-8,-18,-10,-1,0,3,7,6,6,-3,sil
1.6655902862548828,2,-2,6,-16,-2,-6,1,0,3,1,2,5,0,-3,sil
1.6826190948486328,-3,3,-2,-19,-9,-6,-2,-7,-18,-16,-9,0,-14,-17,thankyou
1.6836185455322266,0,5,-2,-12,-8,-11,-11,-5,-23,-23,-14,2,-22,-17,thankyou
1.6981489658355713,1,3,0,-4,0,-11,-11,-1,-22,-33,-17,2,-28,-13,thankyou
1.712449312210083,1,8,1,-1,-3,-13,-9,-3,-26,-35,-8,-3,-25,-13,thankyou
1.712449312210083,8,15,12,-2,-5,-9,-7,2,-16,-13,11,3,-9,-6,thankyou
1.7290499210357666,5,8,1,-5,3,-1,-4,3,-2,-8,6,7,-6,-2,thankyou
1.7290499210357666,-4,5,1,2,7,-4,-13,0,-10,-23,-4,0,-10,-7,thankyou
1.743204116821289,8,17,18,20,10,4,-9,2,-5,-3,24,16,8,6,thankyou
1.743204116821289,25,20,13,23,19,21,11,8,17,26,45,29,26,21,thankyou
1.7588505744934082,3,9,7,8,16,19,14,6,13,16,12,5,10,0,thankyou
1.7588505744934082,-18,1,0,11,4,7,0,0,-12,-5,-16,-21,-10,-17,thankyou
1.77506422996521,-6,-2,3,19,2,14,2,-4,-12,-8,-16,-13,-12,-7,thankyou
1.77506422996521,3,-4,6,19,12,20,18,2,13,11,-5,-1,3,8,thankyou
1.7892005443572998,0,-3,-1,20,9,12,24,5,24,34,7,0,22,18,thankyou
1.7892005443572998,-5,-9,0,13,-8,8,16,-5,17,29,3,-5,12,17,thankyou
1.8051323890686035,-10,-16,-13,0,-11,8,8,-8,15,12,-15,-17,-9,8,thankyou
1.8051323890686035,-10,-11,-11,-1,0,4,6,3,12,15,-19,-16,-4,5,thankyou
1.820852279663086,-6,-8,-5,-7,-2,2,6,4,4,12,-14,-5,6,4,thankyou
1.820852279663086,-4,-7,-11,-14,-11,-2,7,-7,5,-4,-15,-5,0,1,thankyou
1.8368449211120603,7,2,0,-9,-9,-7,7,-3,8,-8,-7,1,-2,5,thankyou
1.8368449211120603,6,0,-9,-10,-7,-12,-1,0,-1,-5,3,8,1,0,thankyou
1.852067708969116,-4,-12,-17,-19,-11,-17,-11,-4,-8,-5,6,3,4,-6,thankyou
1.852067708969116,-1,-7,4,-17,-13,-15,-10,-3,0,1,6,8,7,0,thankyou
1.8676917552948,0,-8,-2,-18,-6,-13,-11,0,-1,5,8,9,7,0,thankyou
1.8676917552948,-7,-10,-6,-24,0,-15,-17,0,-15,-9,12,6,3,-12,thankyou
1.8832521438598635,0,2,1,-14,0,-11,-10,4,-5,-9,14,7,9,-7,thankyou
1.8832521438598635,8,8,7,-6,5,-4,-5,4,8,-1,8,3,6,0,thankyou
1.8990354537963867,3,1,12,-8,15,0,-12,0,1,-6,7,-3,-5,-8,thankyou
1.8990354537963867,0,3,6,0,9,0,-12,1,-16,-18,1,-9,-15,-13,thankyou
1.9148478507995603,-1,9,6,12,1,2,-7,4,-27,-26,-12,-11,-25,-12,thankyou
1.9148478507995603,-1,10,0,17,7,7,-3,-1,-17,-21,-7,-7,-20,-8,thankyou
1.93001127243042,0,10,-1,21,11,15,1,-1,-4,-5,0,0,-4,1,thankyou
1.93001127243042,4,12,13,30,10,20,8,3,-1,7,-8,3,1,11,thankyou
1.945624589920044,6,12,6,29,4,14,14,-4,3,10,-8,6,3,13,thankyou
1.945624589920044,1,0,-5,11,-7,1,15,-12,7,9,-4,-1,2,9,thankyou
1.960676431655884,0,-11,-8,-3,-10,-3,9,-3,6,12,-8,-7,0,8,thankyou
1.960676431655884,5,-4,-3,-9,-8,-7,-3,1,10,11,-1,6,9,10,thankyou
1.9767768383026123,6,7,5,-18,-16,-8,-16,0,10,1,11,17,15,0,thankyou
1.9767768383026123,0,1,-5,-22,-11,-7,-13,1,7,0,12,10,8,-10,thankyou
1.9923222064971924,4,0,1,-14,5,-6,-4,7,8,0,8,9,5,-5,thankyou
1.9923222064971924,7,11,7,-4,12,-1,0,9,6,4,19,13,10,2,thankyou
2.014806032180786,-2,10,-3,7,14,10,6,1,-5,4,17,2,0,-1,thankyou
2.014806032180786,-9,0,7,20,16,11,11,-3,-17,-8,-6,-9,-23,-6,thankyou
2.014806032180786,0,-1,7,28,11,4,14,2,-8,-9,-8,-12,-17,0,thankyou
2.023860216140747,3,-2,3,17,3,4,17,6,7,7,-3,-10,-1,5,thankyou
2.0399813652038574,-9,-8,0,3,-1,10,18,0,6,14,-15,-8,-7,5,thankyou
2.0399813652038574,-13,-17,-6,-2,-5,7,12,-3,-1,6,-15,-11,-11,3,thankyou
2.0554823875427246,-5,-18,-2,-5,-10,-3,2,0,1,2,-4,-9,0,0,thankyou
2.0554823875427246,-10,-13,-13,-4,-9,-7,-3,-2,5,0,-11,-11,4,-6,thankyou
2.070939540863037,-13,-12,-14,-8,-8,-3,-6,-4,8,0,-17,-10,4,-3,thankyou
2.070939540863037,-3,-13,-1,-19,-9,-4,-7,0,13,10,-4,-4,11,2,thankyou
2.0861074924468994,2,-11,-4,-24,-7,-9,-5,0,8,8,6,-3,5,1,thankyou
2.0861074924468994,6,-3,0,-18,-4,-4,-9,-1,0,-7,3,4,1,-1,thankyou
2.1019811630249023,14,7,0,-13,-3,-2,-13,-2,0,-10,8,20,17,4,thankyou
2.1019811630249023,17,14,1,-13,-1,-8,-10,-1,0,-3,23,24,21,10,thankyou
2.11703896522522,11,15,6,-7,1,-9,-11,-1,-16,-8,29,21,6,0,thankyou
2.11703896522522,6,19,3,12,1,-10,-19,-3,-27,-16,18,21,1,-13,thankyou
2.1329476833343506,7,25,16,26,6,-8,-14,0,-24,-16,6,14,0,-5,thankyou
2.1329476833343506,1,21,9,24,15,3,-1,2,-13,-7,2,3,-2,5,thankyou
2.14829969406128,-12,1,-5,16,9,12,0,0,-14,-2,-11,-8,-9,0,thankyou
2.14829969406128,-27,-14,0,7,-3,14,3,1,-11,0,-27,-24,-20,-9,thankyou
2.1638455390930176,-21,-17,-2,3,-3,18,20,4,14,12,-22,-29,-16,-2,thankyou
2.1638455390930176,0,-12,0,-4,-1,12,22,4,30,23,-11,-15,-3,7,thankyou
2.179885149002075,0,-14,-9,-12,-7,-3,3,0,18,12,-10,-7,-1,6,thankyou
2.179885149002075,-5,-19,-14,-18,-10,-8,-8,-2,12,-4,-12,-4,-6,0,thankyou
2.195268392562866,4,-9,-1,-23,-4,-3,0,0,21,-5,-8,5,-7,-1,thankyou
2.195268392562866,18,10,0,-9,3,-8,5,3,22,1,5,11,2,1,thankyou
2.210833787918091,25,31,15,22,7,-11,0,3,7,4,26,20,17,5,sil
2.210833787918091,25,30,17,31,11,-5,-4,0,-11,0,27,17,7,2,sil
2.226849317550659,7,12,-5,12,15,0,-4,-6,-24,-12,1,-12,-20,-13,sil
2.226849317550659,-14,-1,-9,11,13,11,0,0,-20,-12,-17,-28,-24,-23,sil
2.2419769763946533,-20,-7,-8,10,0,18,14,1,-4,2,-14,-17,-8,-7,sil
2.2419769763946533,-17,-13,-6,-11,-10,8,16,-6,-4,4,-8,-9,0,5,sil
2.257573127746582,-14,-15,-1,-14,-11,4,2,-9,-9,0,-2,-5,9,2,sil
2.257573127746582,0,-8,3,-2,-4,8,7,0,6,13,12,14,28,8,sil
2.2730553150177,19,4,13,-9,1,0,11,9,24,15,28,34,35,22,sil
2.2730553150177,17,13,6,-16,6,-15,-11,4,14,0,24,28,22,13,sil
2.2887039184570312,1,8,8,-12,1,-20,-29,0,-4,-11,14,14,4,-11,sil
2.2887039184570312,-1,2,5,-7,-2,-18,-15,1,-10,-11,10,8,-2,-15,sil
2.3040120601654053,0,7,-1,2,3,-8,0,2,-8,-9,2,-2,-6,0,sil
2.3040120601654053,-3,11,9,13,11,10,5,-1,-9,-4,-9,-10,-12,1,sil
2.3218698501586914,-9,-3,0,23,5,17,5,-4,-9,2,-14,-18,-11,0,sil
2.3218698501586914,-6,-15,-9,19,-4,10,10,0,1,11,-17,-21,-6,7,sil
2.3354952335357666,-1,-10,-4,4,-7,13,20,7,20,22,-14,-13,0,15,sil
2.3354952335357666,-6,-15,-12,-6,-7,13,12,4,22,18,-8,-11,0,11,sil
2.351515531539917,-11,-22,-9,-9,-12,0,-9,-5,1,0,-12,-9,-3,-1,sil
2.351515531539917,-2,-15,-9,-11,-13,-15,-10,-7,-9,-10,-14,0,-4,-5,sil
2.3670899868011475,8,-5,-2,-6,-8,-11,-4,-2,-7,-9,-8,7,-8,2,sil
2.382685899734497,9,2,1,2,-4,0,-9,0,-10,-14,-2,5,-8,0,sil
2.382685899734497,1,3,-11,-2,-11,-5,-14,-2,-16,-16,-3,0,0,-13,sil
2.382685899734497,0,-3,-3,-16,-16,-14,-12,0,-11,-11,-2,0,1,-10,sil
2.399742364883423,9,4,7,-3,3,-1,0,3,7,5,13,11,9,6,sil
2.399742364883423,15,18,10,15,21,7,9,0,24,18,21,20,23,14,sil
2.4137680530548096,2,7,7,3,8,-9,1,-4,22,6,8,15,13,0,sil
2.4137680530548096,-1,0,-1,-11,0,-12,-9,-1,10,-4,7,6,-6,-13,sil
2.4300124645233154,7,16,5,-8,13,0,-10,2,-3,-1,16,8,-8,-5,sil
2.4467992782592773,2,16,0,-5,6,-4,-13,0,-16,-11,8,5,-6,-3,sil
2.4467992782592773,-12,1,-5,-5,-15,-12,-15,-6,-24,-27,-3,-6,-12,-19,sil
2.4467992782592773,-11,5,5,7,-2,2,-5,-2,-19,-8,3,-6,-6,-18,sil
2.4610657691955566,-7,8,0,13,23,13,5,3,-14,7,5,-8,-1,-4,sil
2.47663688659668,-3,0,1,11,15,15,9,2,-16,-6,-13,-18,-11,-2,sil
2.47663688659668,5,5,14,25,12,20,21,3,-2,4,-10,-14,-4,2,sil
2.4927546977996826,1,5,8,23,11,14,24,8,12,24,0,-6,1,10,sil
2.4927546977996826,-15,-18,-12,-10,-23,1,14,0,4,3,-18,-19,-16,2,sil
2.4927546977996826,-11,-24,-16,-16,-23,7,19,-6,9,0,-20,-17,-8,6,sil
2.5069804191589355,9,0,11,12,27,21,32,10,40,32,2,11,25,27,sil
2.522153615951538,12,0,9,13,26,11,22,15,49,37,9,12,29,28,sil
2.522153615951538,9,-10,-5,-6,-9,-6,2,0,32,19,13,7,20,17,sil
2.5378940105438232,22,2,8,-2,0,-7,0,-2,27,13,30,33,33,24,sil
2.5378940105438232,24,12,3,1,7,-13,-7,-1,12,-1,26,33,28,19,sil
2.5533273220062256,-1,3,-10,-19,-30,-33,-30,-10,-31,-36,-3,0,-16,-15,sil
2.5533273220062256,-18,-4,-10,-29,-39,-31,-33,-9,-44,-43,-15,-7,-31,-32,sil
2.5690126419067383,-7,-3,1,-10,0,-5,-14,0,-21,-19,0,1,-3,-12,sil
2.5690126419067383,-4,0,3,3,14,8,-10,-3,-25,-10,-6,-16,-10,-10,sil
2.5849032402038574,-20,-8,-15,1,-3,10,-9,-8,-38,-17,-32,-40,-35,-24,sil
2.5849032402038574,-23,-18,-12,-2,-3,16,5,0,-13,-2,-31,-31,-15,-12,sil
2.600859880447388,-12,-13,-7,-4,0,9,8,4,13,23,-11,-15,16,2,sil
2.600859880447388,-8,-10,-8,-15,-16,-6,-6,-2,8,13,-10,-8,2,-7,sil
2.615771532058716,-5,-8,2,-23,-13,-9,-9,-4,1,-12,-10,8,-15,-20,sil
2.615771532058716,1,8,4,-12,3,-11,-7,-3,5,-12,9,20,0,-11,sil
2.631075859069824,8,19,6,-4,0,-20,-22,0,-2,-8,20,23,10,0,sil
2.631075859069824,12,11,8,0,-4,-13,-28,2,-12,-15,19,27,3,5,sil
2.6469919681549072,17,10,12,17,5,4,-10,6,-8,-2,20,19,0,8,sil
2.6469919681549072,14,20,21,40,19,16,12,5,-6,16,16,0,-3,8,sil
2.6626086235046387,3,18,6,41,28,21,25,0,-13,9,0,-11,-8,2,sil
2.6626086235046387,4,6,3,29,25,22,29,2,-2,4,-7,-2,-4,7,sil
2.677763223648072,7,-3,1,24,11,18,34,8,25,24,5,6,10,22,sil
2.677763223648072,0,-9,-7,8,-2,10,40,5,32,31,12,0,12,25,sil
2.6929738521575928,-5,-17,-5,-17,-14,0,26,0,15,5,-5,-9,-1,12,sil
2.6929738521575928,-3,-20,-9,-23,-12,-11,-1,-1,16,-5,-13,-8,1,1,sil
2.7084085941314697,6,-3,0,-8,-4,-15,-16,2,25,3,5,8,18,3,sil
2.7084085941314697,17,11,7,2,-8,-11,-15,1,14,5,26,27,23,3,sil
2.7240757942199707,14,12,8,3,-7,-11,-12,-4,0,-6,23,23,11,-6,sil
2.7240757942199707,5,12,12,6,3,-7,-8,-3,1,-13,12,13,-1,-8,sil
2.739701271057129,-2,13,0,9,7,-6,-6,-1,-2,-13,12,7,-4,-8,sil
2.739701271057129,-10,7,1,6,2,-2,-14,-1,-22,-16,1,1,-7,-18,sil
2.754809617996216,-10,5,0,18,7,9,-10,-1,-22,-9,-8,-2,-4,-8,sil
2.754809617996216,-1,5,-7,25,9,16,1,-2,-4,5,-8,-2,3,13,sil
2.7707951068878174,-2,-8,-3,-1,-1,12,3,-3,-2,12,-25,-18,-5,7,sil
2.7707951068878174,-12,-25,-19,-23,-8,10,6,-1,-7,11,-44,-41,-20,-9,sil
2.787031888961792,-19,-21,-19,-22,-4,9,12,1,-2,8,-39,-42,-11,-6,sil
2.787031888961792,-25,-19,-17,-38,-3,5,11,-1,4,10,-35,-33,-6,-4,sil
2.8012595176696777,-27,-30,-28,-69,-12,-8,-4,0,4,2,-43,-47,-17,-16,sil
2.8012595176696777,-19,-21,-19,-80,-19,-22,-27,5,0,-16,-42,-47,-17,-24,sil
2.816970109939575,-6,-1,-18,-54,-8,-20,-23,2,0,-13,-12,-15,0,-17,sil
2.816970109939575,7,9,7,-27,5,-5,-5,-4,-7,-2,25,21,8,0,sil
2.83306884765625,13,11,28,-7,3,-3,-4,0,-14,-11,37,31,8,7,sil
2.83306884765625,14,15,21,20,3,-8,-4,0,-5,-18,33,29,13,6,sil
2.8486013412475586,22,21,35,42,13,-1,4,1,1,-9,41,39,15,5,sil
2.8486013412475586,15,15,16,49,16,1,1,4,-6,-4,48,39,8,3,sil
2.862863063812256,6,3,12,51,4,3,-1,1,-17,-4,35,30,0,8,sil
2.8789665699005127,19,8,30,58,2,18,26,-2,-3,10,25,32,7,24,sil
2.8789665699005127,20,11,11,54,9,21,40,0,17,26,19,27,13,25,sil
2.895094633102417,-1,0,3,36,1,13,19,2,5,11,0,7,-7,11,sil
2.895094633102417,-10,-6,-17,24,-3,9,11,-2,0,1,-12,-9,-12,0,sil
2.9129862785339355,0,0,-12,12,-2,2,13,0,16,9,-14,-11,0,-3,sil
2.9129862785339355,5,-1,3,-4,-11,-7,-6,3,17,5,-18,-4,-2,1,sil
2.9129862785339355,6,-12,-20,-7,-15,-20,-24,-1,5,-1,-10,-4,0,6,sil
2.9270522594451904,10,-4,-2,-8,-6,-24,-28,0,0,-7,-1,1,8,0,sil
2.9270522594451904,6,7,2,-13,-2,-17,-24,1,-1,-8,-5,3,1,-10,sil
2.942614793777466,3,15,-9,-10,3,-7,-18,-1,-4,-3,-1,0,-1,-8,sil
2.958484649658203,0,23,11,4,16,8,-4,0,-8,-3,2,-5,0,-5,sil
2.958484649658203,-25,0,-13,0,11,21,9,0,-3,0,-14,-26,-8,-13,sil
2.958484649658203,-40,-28,-22,-29,-2,15,17,2,7,8,-28,-36,-15,-13,sil
2.9732766151428223,-20,-14,-2,-34,0,8,21,8,15,16,-10,-19,-1,-2,sil
2.9732766151428223,0,0,-19,-21,3,2,17,0,13,13,1,-9,9,4,sil
2.987966775894165,5,-6,7,-22,-4,-1,0,-6,3,0,-7,-3,4,7,sil
3.003596067428589,7,-7,29,-23,-10,-1,-4,-3,1,-3,-10,3,3,8,sil
3.003596067428589,4,-12,-15,-24,-9,-14,-8,-1,9,-1,0,1,10,2,sil
3.018747568130493,8,-3,-8,-18,-4,-24,-17,0,7,-9,9,4,7,-5,sil
3.018747568130493,5,13,17,0,-3,-9,-18,0,-6,-15,16,16,0,-8,sil
3.034812688827514,0,6,-6,10,-6,3,-9,-5,-23,-11,21,14,2,-5,sil
3.034812688827514,1,3,5,15,1,7,-2,0,-24,-11,10,5,-5,-2,sil
3.0500290393829346,-5,8,10,20,13,13,5,0,-14,-10,-5,-6,-17,-8,sil
3.0500290393829346,-18,-3,-13,8,9,9,8,-3,-12,0,-15,-22,-18,-11,sil
3.066044330596924,-15,-12,-3,1,9,5,7,4,-13,5,-19,-16,-16,-6,sil
3.066044330596924,-12,-9,-11,14,5,4,5,3,-5,5,-18,-7,-15,0,sil
3.081188917160034,0,-6,1,14,-6,0,-2,-3,-2,5,-7,0,-2,13,sil
3.081188917160034,16,0,15,1,-5,4,0,0,7,13,2,11,15,27,sil
3.096669435501098,9,-2,-16,-13,-4,0,8,0,16,4,0,1,9,13,sil
3.096669435501098,-1,-11,0,-21,-18,-17,-4,-1,7,-11,-7,-2,0,-3,sil
3.1118640899658203,10,1,7,-2,-7,-12,-5,4,18,6,5,15,16,3,sil
3.1118640899658203,25,20,6,14,15,0,7,9,27,17,26,33,24,14,sil
3.127449750900269,27,30,29,17,20,0,4,0,5,0,36,34,13,12,sil
3.127449750900269,23,23,14,26,18,0,0,-2,-7,-3,30,19,8,0,sil
3.143423080444336,11,11,9,19,16,3,2,7,-10,-4,15,6,0,-13,sil
3.143423080444336,-3,6,3,11,9,7,8,6,-10,-6,13,8,-5,-5,sil
3.158465385437012,0,11,-2,18,2,9,12,-3,0,0,15,10,1,3,sil
3.158465385437012,-3,6,8,16,-4,5,0,-7,0,-1,-2,-3,-3,-8,sil
3.174079179763794,-33,-14,-18,2,-6,-5,-17,-11,-25,-16,-26,-32,-28,-24,sil
3.174079179763794,-46,-26,-28,-10,-12,-1,-18,-8,-33,-13,-29,-43,-36,-19,sil
3.189765214920044,-22,-22,-18,-20,-21,5,-7,0,-3,6,-16,-30,-12,-2,sil
3.189765214920044,-7,-19,-12,-24,-20,0,-1,4,17,21,-8,-15,9,8,sil
3.205003261566162,-12,-9,2,-12,-6,3,5,2,20,28,-7,-6,13,14,sil
3.205003261566162,-3,-6,-5,-1,0,9,13,-1,31,23,-11,-4,10,15,sil
3.220711708068848,11,-11,-1,-16,-8,-3,9,1,32,0,-16,-1,7,7,sil
3.220711708068848,9,-4,1,-30,-12,-13,5,3,18,-15,-14,0,2,-1,sil
3.236098051071167,5,6,-3,-15,-8,-10,1,-2,6,-16,-10,1,-3,-8,sil
3.236098051071167,10,5,10,-7,-1,-7,-4,0,-1,-16,-2,10,-3,-11,sil
3.2516112327575684,7,-1,-3,-14,3,-9,-8,4,-5,-9,9,10,2,-8,sil
3.2516112327575684,4,0,-5,-18,5,-9,-13,3,-4,-2,18,9,6,0,sil
3.2670226097106934,11,13,12,-6,4,-5,-13,1,-5,-3,25,13,10,3,sil
3.2670226097106934,14,13,7,10,7,-2,-11,0,-23,-14,14,8,1,-3,sil
3.282806158065796,7,7,6,19,14,0,-4,-1,-44,-26,-7,-1,-15,-8,sil
3.282806158065796,0,11,4,21,18,3,7,-3,-32,-11,0,1,-7,0,sil
3.298835039138794,4,19,14,30,14,4,7,1,-8,13,24,13,11,11,sil
3.298835039138794,11,16,21,44,18,13,0,6,0,21,20,16,17,15,sil
3.314434051513672,3,1,4,32,15,18,5,3,4,21,-6,2,9,12,sil
3.314434051513672,-16,-13,-7,0,0,8,6,0,4,16,-20,-14,-3,2,sil
3.3299801349639893,-27,-23,-19,-16,-1,2,0,-1,2,5,-20,-29,-15,-8,sil
3.3299801349639893,-20,-21,-17,-17,0,9,5,-6,8,0,-24,-30,-20,-10,sil
3.345069169998169,-13,-11,-13,-16,-14,9,13,-3,19,3,-19,-17,-14,-2,sil
3.345069169998169,-3,0,-11,-11,-16,-3,12,5,25,8,0,1,0,6,sil
3.361306667327881,11,1,5,-12,-6,-7,10,7,33,13,13,18,13,13,thankyou
3.361306667327881,16,-1,7,-15,-6,-1,9,0,27,7,20,19,14,8,thankyou
3.375908136367798,7,1,9,-13,-8,-8,-6,-6,-3,-14,16,16,0,-5,thankyou
3.375908136367798,0,11,13,0,-4,-18,-24,-3,-25,-27,7,13,-11,-17,thankyou
3.391892433166504,3,18,4,23,2,-6,-20,0,-22,-15,7,7,-7,-13,thankyou
3.391892433166504,10,24,7,43,10,13,0,0,-16,2,13,7,0,1,thankyou
3.406934261322021,7,8,3,30,10,17,13,-5,-8,15,9,2,4,16,thankyou
3.406934261322021,0,-18,-5,-4,-2,2,3,-10,4,18,0,-5,14,19,thankyou
3.4236514568328857,3,-12,-3,-9,-9,-8,-11,-3,13,13,8,1,26,14,thankyou
3.4236514568328857,9,3,0,-1,-5,-17,-9,6,10,2,16,13,23,7,thankyou
3.43868374824524,0,-2,2,-16,-4,-15,-1,4,0,-12,7,6,7,-5,thankyou
3.452998638153076,-17,-8,-7,-19,-2,-6,0,-2,-14,-22,-8,-18,-10,-23,thankyou
3.452998638153076,-28,-8,-11,-8,0,0,0,1,-27,-26,-34,-40,-32,-34,thankyou
3.4682953357696533,-30,-18,-10,-10,0,3,3,7,-23,-15,-48,-40,-38,-31,thankyou
3.4682953357696533,-29,-22,-19,-8,-4,16,15,2,3,8,-31,-25,-15,-18,thankyou
3.483647346496582,-20,-12,-15,-10,-2,19,22,-1,23,16,-19,-15,1,-2,thankyou
3.483647346496582,0,-8,-9,-24,-1,5,12,0,22,6,-21,-6,0,8,thankyou
3.499688148498535,16,-10,2,-28,-8,-8,-10,0,13,0,-2,13,2,10,thankyou
3.499688148498535,24,3,13,-16,-7,-13,-24,1,7,-9,19,32,14,9,thankyou
3.514923334121704,28,26,16,3,7,-11,-22,3,-3,-20,17,29,14,14,thankyou
3.514923334121704,29,32,24,19,14,-5,-14,3,-13,-12,19,23,9,16,thankyou
3.5309255123138428,24,20,12,18,12,0,-4,0,-4,7,33,21,13,19,thankyou
3.5309255123138428,17,16,10,23,11,0,-2,0,1,5,23,13,7,17,thankyou
3.545888900756836,8,17,15,41,17,7,0,-1,-11,-3,4,-1,-6,1,thankyou
3.545888900756836,-1,5,-3,34,14,12,10,-5,-16,6,2,-8,-11,-7,thankyou
3.561907291412353,-9,-5,-4,10,2,12,18,-1,-3,14,0,-9,-11,-4,thankyou
3.561907291412353,-18,-2,-5,13,0,16,15,0,5,11,-3,-15,-6,-7,thankyou
3.5772275924682617,-18,2,-7,27,-2,13,18,2,9,20,-3,-14,0,-6,thankyou
3.5772275924682617,-7,-2,-3,14,-4,1,26,5,15,30,0,0,9,13,thankyou
3.593330144882202,-5,-15,-9,-14,-1,-8,16,0,18,22,-2,3,13,15,thankyou
3.593330144882202,-17,-21,-5,-30,-13,-10,-8,-9,10,3,-20,-4,0,-11,thankyou
3.609030246734619,-12,-14,-2,-18,-20,-7,-17,-8,3,-6,-18,-9,-10,-18,thankyou
3.609030246734619,13,-4,-1,-9,-6,-3,-6,-1,7,-5,10,4,4,7,thankyou
3.624086856842041,17,-2,1,-18,-3,-8,-8,0,6,-4,22,22,19,13,thankyou
3.624086856842041,0,-8,-4,-23,-10,-14,-23,-4,-10,-16,2,10,4,-6,thankyou
3.6400575637817374,1,-4,2,-24,0,-2,-21,-2,-22,-24,-2,-4,-14,-15,thankyou
3.6400575637817374,6,1,1,-20,2,3,0,4,-13,-18,8,-1,-8,-8,thankyou
3.654973268508911,-4,7,-6,-12,-2,-4,7,5,-4,-17,2,1,-4,-7,thankyou
3.654973268508911,-9,12,0,-3,3,0,-1,0,-5,-18,-13,-1,-11,-10,thankyou
3.670889616012573,-5,7,-4,0,9,8,-6,-3,-13,-17,-13,-7,-11,-9,thankyou
3.670889616012573,-5,0,0,2,7,0,1,0,-21,-14,-8,-14,-13,-7,thankyou
3.6856565475463854,-2,0,4,12,8,0,9,4,-15,0,-11,-13,-11,-2,thankyou
3.6856565475463854,0,-5,2,22,1,7,5,0,-10,10,-13,-7,1,4,thankyou
3.700918436050415,-1,-10,7,19,-2,11,7,0,0,11,-6,-5,9,11,thankyou
3.7012436389923096,10,0,6,12,5,12,17,8,30,32,11,3,19,23,thankyou
3.7168757915496826,23,7,12,14,6,4,12,9,52,49,27,24,36,33,thankyou
3.7168757915496826,14,3,5,18,-3,-5,3,0,44,37,27,22,36,29,thankyou
3.73200798034668,1,2,-8,6,-3,-8,1,-3,27,20,14,6,15,11,thankyou
3.73200798034668,0,8,-1,-15,0,-8,-9,-3,0,-3,4,9,-3,-3,thankyou
3.7476327419281006,-5,0,-9,-26,-4,-14,-19,-6,-34,-35,0,9,-16,-20,thankyou
3.7476327419281006,-12,-8,-15,-27,-13,-20,-17,-10,-48,-49,-9,-5,-27,-35,thankyou
3.763162136077881,-9,0,-6,-19,-7,-12,-16,-7,-32,-32,-9,-8,-24,-26,thankyou
3.763162136077881,0,13,4,2,5,2,-16,0,-11,-12,1,-5,-10,-5,thankyou
3.778960466384888,2,10,12,24,13,12,-4,11,-3,-6,-5,-12,-10,-4,thankyou
3.778960466384888,-1,2,-1,31,14,15,14,9,2,2,-17,-19,-12,-6,thankyou
3.79459810256958,-9,-3,-3,22,7,21,21,0,10,15,-15,-16,-4,0,thankyou
3.809007167816162,-16,-10,-1,10,-1,17,19,-1,12,18,-15,-15,0,0,thankyou
3.809007167816162,-9,-13,-9,3,-4,4,21,1,11,13,-17,-11,1,6,thankyou
3.809007167816162,5,-9,0,-1,-8,0,11,1,8,11,-3,3,8,15,thankyou
3.8256032466888414,2,-10,1,-10,-12,0,-7,-1,2,8,6,8,12,7,thankyou
3.8256032466888414,-3,-12,0,-16,-7,-7,-16,0,5,7,0,4,7,0,thankyou
3.8416671752929688,7,-2,7,-6,1,-9,-11,2,22,15,9,11,11,8,thankyou
3.855215787887573,16,0,6,-8,3,-11,-8,1,28,14,28,23,22,15,thankyou
3.855215787887573,15,2,11,-24,-5,-15,-2,0,15,-3,23,22,16,9,thankyou
3.87091326713562,18,9,1,-17,-5,-8,11,-1,3,-17,10,14,2,1,thankyou
3.87091326713562,16,10,0,-7,0,1,13,-1,-9,-21,7,7,-7,-3,thankyou
3.8889241218566895,5,7,5,-12,0,5,3,1,-29,-26,1,-2,-16,-9,thankyou
3.8889241218566895,0,12,0,0,6,4,0,-2,-36,-23,-10,-14,-22,-17,thankyou
3.8889241218566895,-5,14,3,14,10,0,-9,-10,-38,-24,-15,-10,-21,-19,thankyou
3.903609752655029,-21,0,-8,5,2,-1,-20,-5,-32,-17,-9,-8,-10,-17,sil
3.903609752655029,-24,-8,-15,4,2,5,-11,7,-5,16,0,-13,0,-4,sil
3.918004274368286,-11,0,3,23,15,13,3,10,23,43,3,-1,13,12,sil
3.934006929397583,-1,0,1,29,9,12,4,0,25,29,-1,2,19,17,sil
3.93500566482544,0,-5,-2,3,-11,6,4,-5,7,1,-13,-2,2,12,sil
3.93500566482544,-3,-13,-8,-21,-18,-4,7,-3,2,-1,-8,-3,0,10,sil
3.94986629486084,0,-16,-8,-15,-12,-8,2,0,5,1,3,4,15,9,sil
3.94986629486084,17,-3,11,-1,-7,-3,-3,1,4,-2,14,18,14,2,sil
3.966980457305908,18,9,7,-6,-1,-9,-10,0,-3,-14,19,17,1,-10,sil
3.966980457305908,-4,9,2,-3,3,-18,-21,0,-9,-24,4,0,-11,-24,sil
3.981988668441773,-13,8,3,20,10,-1,-8,3,3,-6,-3,-9,-17,-13,sil
3.99802303314209,0,10,4,28,18,17,20,7,21,23,2,-3,-4,11,sil
3.99802303314209,-1,4,1,11,14,15,26,3,12,19,-9,-7,-1,8,sil
3.99802303314209,-14,-10,-14,1,-2,3,17,-3,2,7,-23,-16,-11,-3,sil
4.024038791656494,-4,-16,-7,0,-13,1,18,0,17,20,-6,-2,0,5,sil
4.024038791656494,8,-9,-3,-10,-9,2,16,5,20,21,6,4,16,16,sil
4.024038791656494,3,-7,-10,-18,-3,-4,-2,1,2,-1,0,-3,10,3,sil
4.030701398849487,2,-4,0,-19,-7,-14,-24,-2,-10,-15,0,1,-1,-12,sil
4.046746730804443,7,8,3,-11,-9,-13,-26,-3,-19,-17,8,10,-5,-17,sil
4.046746730804443,1,18,7,1,2,-4,-19,-1,-31,-21,12,2,-10,-11,sil
4.061864852905273,0,16,11,12,11,-1,-12,-1,-25,-20,10,-1,-13,-3,sil
4.076728582382202,2,12,1,17,9,0,-2,0,-10,-9,0,-2,-6,4,sil
4.076728582382202,-2,4,4,11,10,10,9,2,-4,3,-9,-9,3,8,sil
4.092773914337158,-9,-10,-2,0,3,19,16,0,0,14,-11,-14,3,3,sil
4.092773914337158,-3,-14,0,-5,-10,6,12,-4,7,13,-11,-5,-1,1,sil
4.093773365020752,4,-7,3,-4,-4,-3,7,-2,16,10,-10,4,1,8,sil
4.108259916305542,6,-11,-9,-17,6,0,0,0,12,0,-10,6,7,3,sil
4.123404502868652,1,-12,-4,-30,-4,-2,-11,0,2,-11,0,13,8,-7,sil
4.123404502868652,1,2,0,-19,-15,-15,-16,-3,2,-13,19,19,11,-4,sil
4.140599012374878,15,18,9,0,-7,-16,-13,-1,0,-12,20,14,6,3,sil
4.140599012374878,18,18,18,16,10,0,-4,7,-3,-4,9,5,-3,4,sil
4.140599012374878,-1,2,0,23,17,11,9,2,-1,6,-1,-7,-10,0,sil
4.155519962310791,-16,-9,-7,12,0,16,19,-4,-6,1,-21,-25,-15,-8,sil
4.171072006225586,-12,-10,-10,4,-5,17,22,0,2,1,-18,-20,-1,-4,sil
4.171072006225586,-1,-9,-2,0,0,8,12,7,28,14,8,4,19,10,sil
4.185595989227295,0,-4,5,-13,-4,-7,-8,4,21,6,18,16,17,4,sil
4.185595989227295,-7,4,-2,-12,-5,-17,-21,-4,-16,-9,12,7,0,-9,sil
4.200766324996948,-13,7,2,7,2,-6,-17,-7,-39,-15,1,-2,-12,-11,sil
4.200766324996948,-12,2,-1,19,1,8,0,-5,-38,-11,-8,-10,-16,-8,sil
4.216075897216797,-9,0,-5,11,3,15,18,1,-16,7,-3,-12,-7,3,sil
4.216075897216797,0,-3,9,8,4,12,24,5,19,33,5,0,8,18,sil
4.232321739196777,13,-7,5,13,-5,-1,10,3,37,34,3,12,19,19,sil
4.232321739196777,18,0,2,-2,-11,-17,-11,0,25,14,6,17,15,9,sil
4.247215509414673,15,7,-3,-16,-4,-19,-20,-1,13,3,15,13,8,0,sil
4.247215509414673,9,11,-8,-4,0,-13,-21,-4,0,-7,10,8,-6,-7,sil
4.262682199478149,7,18,7,10,5,-10,-23,-2,-15,-21,-1,8,-20,-9,sil
4.262682199478149,1,17,4,8,6,-6,-16,3,-14,-21,-5,0,-17,-6,sil
4.278354406356812,-14,0,-5,-3,1,7,0,9,-4,-14,-18,-22,-16,-13,sil
4.278354406356812,-19,-13,-11,-1,3,23,21,5,4,-4,-29,-32,-18,-10,sil
4.293950796127319,-4,-16,-7,2,7,21,34,0,17,10,-24,-16,-2,10,sil
4.293950796127319,0,-18,3,-15,0,11,29,-1,16,12,-12,-5,6,16,sil
4.31010103225708,-10,-21,-14,-30,-11,1,10,-2,3,1,-10,-14,-3,0,sil
4.31010103225708,-8,-16,-13,-22,-19,-9,-6,-6,-11,-9,-13,-11,-5,-12,sil
4.325840950012207,0,-3,-1,-15,-11,-14,-7,-1,-10,-7,7,13,17,-3,sil
4.325840950012207,13,7,7,-10,0,-12,-5,2,1,8,36,30,36,11,sil
4.340908527374268,25,20,23,5,0,-16,-15,0,0,5,38,33,26,6,sil
4.340908527374268,18,24,16,16,1,-14,-22,-3,-15,-13,28,21,1,-8,sil
4.356500148773193,6,13,6,13,13,3,-13,0,-27,-19,12,1,-9,-10,sil
4.356500148773193,2,8,6,24,20,15,0,0,-27,-9,-5,-7,-2,0,sil
4.372266530990601,-4,7,-1,34,14,11,3,-6,-15,-2,-14,-16,-5,1,sil
4.372266530990601,-14,-3,-4,10,1,10,1,0,-3,1,-19,-23,-20,-4,sil
4.3882434368133545,-16,-13,-11,-4,-1,10,5,6,4,8,-20,-21,-14,-1,sil
4.3882434368133545,-4,-6,1,3,1,8,18,7,20,19,-9,-4,9,13,sil
4.403421640396118,1,-4,9,-2,-5,5,19,3,30,23,1,2,14,15,sil
4.419943809509277,-4,-17,-6,-21,-17,-5,0,-2,19,5,3,0,1,2,sil
4.419943809509277,-3,-9,0,-18,-11,-11,-7,0,11,-10,6,12,3,-1,sil
4.419943809509277,5,8,1,-8,0,-1,0,4,16,-4,11,24,9,-3,sil
4.435854434967041,5,5,2,-10,-2,-3,-5,-1,6,-1,9,14,0,-7,sil
4.435854434967041,3,1,9,-8,-2,-13,-20,-11,-15,-11,8,8,-6,-4,sil
4.450906753540039,0,10,-2,6,5,-5,-17,-8,-24,-12,0,2,-8,-4,sil
4.450906753540039,-8,13,0,18,10,12,0,2,-18,-2,-17,-18,-19,-10,sil
4.46698808670044,-12,1,-1,20,7,17,20,4,-3,14,-13,-26,-14,-2,sil
4.46698808670044,-7,-13,-12,13,0,9,24,2,10,23,0,-13,0,11,sil
4.482377529144287,-9,-21,-16,0,-3,5,12,4,19,13,-9,-8,0,7,sil
4.482377529144287,-11,-15,-14,-15,-7,1,0,3,16,0,-15,-5,0,-4,sil
4.49822735786438,5,-3,2,-26,-18,-13,-13,-2,2,-11,-1,13,3,-2,sil
4.49822735786438,26,4,2,-12,-14,-25,-19,-2,0,-12,15,30,8,9,sil
4.513184070587158,26,17,4,11,7,-15,-11,4,0,-1,24,28,12,15,sil
4.513184070587158,12,26,15,14,15,0,-8,4,-15,-2,14,13,6,0,sil
4.529043912887573,0,10,0,10,4,-3,-11,-1,-29,-18,-5,-10,-9,-13,sil
4.529043912887573,-5,-4,4,20,3,4,5,1,-16,-9,-7,-14,-8,0,sil
4.544068336486816,-1,-4,12,16,5,22,35,4,14,25,3,-4,11,17,sil
4.544068336486816,4,-8,-3,-15,-5,7,26,0,26,27,-1,-5,13,14,sil
4.560091733932495,1,-11,-7,-26,-9,-10,-1,-3,12,0,-6,-1,1,2,sil
4.560091733932495,-1,-3,-5,-12,3,-7,-6,-4,0,-7,5,9,5,-4,sil
4.576074600219727,-2,4,3,-8,4,-9,-8,-5,-8,-6,9,4,5,-14,sil
4.576074600219727,-12,5,3,-1,-5,-8,-17,-5,-22,-19,-1,-16,-12,-19,sil
4.591437101364136,-21,0,-4,12,0,12,-2,0,-20,-13,-11,-26,-20,-16,sil
4.591437101364136,-12,0,0,12,6,26,22,9,5,17,-7,-15,-2,0,sil
4.60671067237854,4,2,-7,6,5,16,20,6,33,36,9,0,18,17,sil
4.60671067237854,11,0,-3,-6,1,2,-4,-4,16,13,11,5,14,10,sil
4.622232675552368,1,-9,1,-23,-3,-12,-28,-5,-21,-24,-3,1,-6,-13,sil
4.622232675552368,0,0,-2,-9,-5,-22,-30,0,-30,-33,-4,5,-13,-11,sil
4.637985706329346,12,17,7,17,2,-4,-9,2,-17,-16,4,13,-4,2,sil
4.637985706329346,4,6,2,16,10,16,12,0,-9,0,0,0,0,3,sil
4.653490781784058,-13,-13,-1,2,5,13,18,-1,2,5,-20,-10,-4,0,sil
4.653490781784058,-4,-13,2,0,-5,2,12,-1,28,15,-19,-1,1,10,sil
4.669763088226318,9,-5,0,-9,-9,-5,-1,0,33,9,1,7,9,13,sil
4.669763088226318,0,0,2,-27,-8,-16,-18,0,2,-14,2,4,-3,-9,sil
4.685484170913696,-5,9,-4,-13,-6,-19,-16,-1,-20,-25,-7,0,-18,-23,sil
4.685484170913696,0,14,6,21,1,1,2,0,-15,-8,-1,1,-11,-4,sil
4.70097804069519,0,2,14,32,9,26,17,1,1,13,8,4,2,7,sil
4.701605796813965,-6,-11,-6,11,9,23,25,2,20,29,6,0,9,8,sil
4.71567964553833,0,-6,-2,0,4,6,24,5,35,35,3,2,10,24,sil
4.731793165206909,9,-2,0,0,-4,-7,2,2,31,26,10,13,13,24,sil
4.731793165206909,6,-6,-8,-11,-14,-20,-24,-3,7,2,12,15,4,-4,sil
4.731793165206909,4,4,-2,-19,-11,-26,-26,-2,-13,-18,11,13,-5,-13,sil
4.747908353805542,10,16,0,-5,0,-18,-11,-1,-15,-17,16,12,2,0,sil
4.747908353805542,11,9,9,1,4,-4,-5,0,-19,-10,12,9,-8,-2,sil
4.764057397842407,3,1,4,2,3,1,0,0,-24,-8,1,-2,-26,-8,sil
4.764057397842407,-1,6,0,11,1,5,8,1,-21,-12,-2,-16,11,-4,sil
4.778603076934815,-3,9,4,16,6,13,11,0,-17,-14,-3,-15,47,0,sil
4.794387578964233,-10,0,-5,10,11,14,6,-1,-17,-4,-8,-17,5,0,sil
4.794387578964233,-20,-10,-4,0,2,5,6,0,-9,6,-17,-24,-29,-2,sil
4.794387578964233,-25,-15,-9,-10,-1,5,18,2,10,13,-26,-28,-6,-3,sil
4.810119390487671,-19,-20,-15,-21,0,14,18,0,22,13,-27,-25,0,-2,sil
4.810119390487671,-6,-16,-8,-18,-6,11,7,-1,17,9,-15,-18,-14,-2,sil
4.823755502700806,1,-4,-10,-4,-10,-4,1,-3,7,5,-4,-6,-6,0,sil
4.83977484703064,0,-1,2,-3,-7,-11,-7,-3,3,0,-2,8,0,5,sil
4.83977484703064,1,-4,5,-8,-8,-6,-21,0,6,-6,0,10,0,1,sil
4.857605934143066,14,2,-2,-7,-8,-8,-25,3,11,-8,5,6,2,0,sil
4.857605934143066,19,14,10,-4,0,-10,-19,0,10,-5,11,21,8,2,sil
4.857605934143066,17,18,11,3,8,-4,-12,-2,4,-4,26,38,15,5,sil
4.870758295059204,19,20,10,13,8,0,-7,1,3,-2,30,31,15,0,sil
4.885919809341431,14,18,10,19,8,-3,-6,4,1,2,24,12,9,0,sil
4.885919809341431,3,7,8,19,10,-3,-6,0,-16,-3,11,7,1,0,sil
4.901965379714966,4,6,14,21,8,6,-2,0,-32,-14,-2,6,-4,-3,sil
4.901965379714966,1,6,2,22,10,15,8,0,-14,-3,-5,-7,-7,-3,sil
4.917223691940308,-9,-5,-1,9,10,16,20,5,2,9,-10,-18,-13,1,sil
4.917223691940308,-10,-13,-3,0,1,15,23,3,-2,12,-16,-12,-17,2,sil
4.932864904403687,-7,-11,-12,-1,-6,12,15,-4,-1,11,-13,-8,-8,0,sil
4.932864904403687,-13,-12,-7,-12,-7,0,6,-5,11,8,-14,-9,0,3,sil
4.948395252227783,-15,-18,-12,-24,-5,-3,14,0,15,8,-15,-14,4,4,sil
4.948395252227783,-9,-19,-9,-21,-10,1,20,1,8,9,-5,-8,3,3,sil
4.96362042427063,-8,-18,-7,-23,-16,-6,1,0,8,2,0,0,3,8,sil
4.96362042427063,-7,-11,-10,-34,-16,-29,-19,-3,5,-9,-1,4,0,5,sil
4.978730916976929,0,3,7,-27,-11,-29,-20,-3,0,-17,4,14,-2,-8,sil
4.978730916976929,3,16,5,0,-1,-13,-9,-1,-3,-17,12,15,-2,-10,sil
4.993881464004517,10,18,1,11,4,-13,-15,-1,-14,-18,6,4,-6,-7,sil
4.993881464004517,13,18,11,12,1,-12,-19,0,-14,-13,11,3,-5,-13,sil
5.009942531585693,8,19,9,27,6,3,-1,4,7,7,24,12,10,-3,sil
5.009942531585693,11,19,8,33,17,20,8,6,9,16,16,11,15,16,sil
5.025863170623779,19,13,4,26,16,19,3,0,-7,3,1,0,6,13,sil
5.025863170623779,5,2,3,25,10,11,1,-1,-15,1,-3,-10,0,-3,sil
5.041452646255493,-16,-9,-1,16,4,13,4,-1,-17,1,-14,-22,-10,-11,sil
5.041452646255493,-20,-22,-17,-3,0,18,9,-2,-15,-2,-25,-34,-15,-9,sil
5.0566253662109375,-12,-18,-3,-10,1,15,15,2,-1,4,-17,-28,-2,-2,sil
5.0566253662109375,-13,-8,-1,-7,-6,5,9,3,14,12,-7,-14,1,0,sil
5.072634696960449,-14,-14,-11,-14,-20,-2,-2,-2,19,10,-12,-8,0,1,sil
5.072634696960449,0,-18,2,-17,-17,-5,0,-1,22,17,-6,7,10,8,sil
5.088732004165649,10,-10,1,-14,-6,-8,4,0,19,14,13,18,19,8,sil
5.088732004165649,7,3,-2,-11,-1,-8,-7,0,8,-9,19,19,6,-1,sil
5.103918790817261,15,19,1,2,11,-6,-17,0,6,-9,21,25,7,1,sil
5.103918790817261,28,23,8,6,12,-16,-22,-1,3,-2,19,28,13,8,sil
5.119956970214844,13,15,9,-7,0,-18,-19,-6,-10,-18,3,8,0,-3,sil
5.119956970214844,-5,9,-6,-6,4,2,3,0,-10,-15,-2,-12,-12,-9,sil
5.135514736175537,-3,6,-2,0,15,15,21,7,0,0,0,-11,-11,-2,sil
5.135514736175537,0,-1,-2,-5,5,5,11,2,-12,-6,-8,-10,-14,-4,sil
5.150604724884033,-3,-2,-5,-1,-3,1,1,-2,-24,-14,-14,-12,-15,-2,sil
5.150604724884033,-5,0,7,12,0,12,2,-2,-19,1,-15,-8,-11,4,sil
5.166656970977783,-17,-10,-8,4,0,7,3,-4,-11,7,-23,-16,-14,0,sil
5.166656970977783,-20,-23,-16,-18,-9,-5,3,2,0,4,-25,-16,-9,-2,sil
5.181851625442505,-4,-18,-5,-22,-15,-4,9,8,21,12,-5,9,11,9,sil
5.181851625442505,1,-8,0,-8,-16,-7,7,-1,21,15,9,30,22,15,sil
5.1979591846466064,-1,-1,12,-4,-14,-20,-4,-5,6,0,13,33,14,8,sil
5.1979591846466064,4,9,11,0,-2,-19,-4,1,11,-8,20,38,14,3,sil
5.21393084526062,19,20,14,16,12,-2,1,3,18,-6,24,39,16,1,sil
5.21393084526062,20,18,12,25,17,5,-7,0,2,-6,16,20,1,-8,sil
5.230036973953247,5,6,0,16,11,3,-17,-2,-15,-10,2,-10,-17,-18,sil
5.230036973953247,-7,6,5,14,9,9,-7,0,-18,-9,-1,-18,-15,-12,sil
5.246005296707153,-13,9,1,27,10,12,3,1,-16,0,0,-17,-4,-4,sil
5.246005296707153,-14,-2,-1,21,3,9,4,0,-15,6,-8,-28,-8,-7,sil
5.260957956314087,-5,-7,-3,8,4,14,14,0,-3,24,-2,-27,-4,1,sil
5.260957956314087,2,-1,-9,7,11,18,27,0,10,32,17,-19,12,19,sil
5.276008605957031,-3,-8,-6,5,-1,9,8,-2,3,10,0,-33,4,5,sil
5.276008605957031,-9,-23,-16,-13,-23,-2,-16,-5,-7,0,-27,-49,-8,-7,sil
5.291738033294678,2,-14,-10,-29,-19,-14,-21,1,0,9,-7,-34,0,5,sil
5.291738033294678,14,0,6,-17,-7,-22,-13,6,20,4,13,-14,13,12,sil
5.307396411895752,16,0,2,-3,-8,-17,-11,-2,24,-8,3,1,12,7,sil
5.307396411895752,17,3,9,-12,-3,-4,-10,-7,6,-17,-6,34,2,5,sil
5.323156118392944,10,4,0,-25,5,-3,-2,0,-2,-23,-5,45,-3,-5,sil
5.323156118392944,2,0,-10,-27,-2,-4,0,0,-1,-23,-9,30,-6,-19,sil
5.338664770126343,0,5,0,-16,-4,2,-3,-1,-5,-20,-4,28,-4,-15,sil
5.338664770126343,-5,10,-1,-1,11,0,-3,2,-6,-14,7,25,-1,-8,sil
5.355034112930298,-12,6,0,0,9,0,3,7,-1,0,6,17,0,-4,thankyou
5.355034112930298,-2,4,4,7,0,11,11,6,0,7,4,13,0,0,thankyou
5.3698906898498535,5,7,10,25,11,12,15,3,-1,0,4,7,-4,3,thankyou
5.3698906898498535,0,9,16,23,23,3,22,3,0,5,0,-1,0,8,thankyou
5.385051965713501,-1,3,-1,19,13,4,30,0,3,24,1,-4,10,13,thankyou
5.385051965713501,-3,-4,0,26,0,9,15,-1,-5,13,0,-7,-2,4,thankyou
5.40264105796814,-14,-10,-3,18,-6,9,-1,-1,-13,-4,-10,-18,-12,0,thankyou
5.40264105796814,-22,-16,-23,-4,-11,4,0,-2,-7,4,-14,-24,0,7,thankyou
5.4166786670684814,-17,-18,-12,-16,-11,0,1,-7,0,15,-2,-17,4,4,thankyou
5.432347059249878,-3,-8,0,-13,-7,-3,-2,-8,5,11,5,-10,0,6,thankyou
5.432347059249878,11,2,4,-9,-8,-6,-7,0,12,12,0,-2,4,15,thankyou
5.432347059249878,16,-1,-4,-10,-12,-14,-14,0,11,10,0,1,10,12,thankyou
5.447981119155884,6,-7,-5,-18,-8,-19,-20,0,5,-5,0,1,7,0,thankyou
5.447981119155884,1,2,6,-19,-1,-12,-17,0,-1,-17,0,0,1,-12,thankyou
5.463988304138184,0,2,-4,-15,-1,-10,-15,-4,-10,-15,-3,-1,-5,-26,thankyou
5.463988304138184,-2,-1,-4,-16,-5,-12,-18,-5,-10,-18,-6,-2,-9,-26,thankyou
5.479820489883423,7,14,5,-7,1,-7,-15,5,3,-9,5,10,0,-9,thankyou
5.479820489883423,19,24,12,7,13,-6,-8,8,2,6,22,18,2,-1,thankyou
5.494966506958008,4,15,21,14,10,-2,-4,3,-17,-1,13,8,-8,-9,thankyou
5.51109504699707,-9,11,4,21,11,15,6,0,-10,-9,1,-4,-13,-10,thankyou
5.511734008789063,-3,10,1,24,18,21,17,0,7,1,1,-8,-5,-4,thankyou
5.511734008789063,-3,0,5,17,11,12,14,3,7,5,1,-8,-3,-2,thankyou
5.52678370475769,-11,-4,-3,17,2,13,8,3,0,0,0,-5,-5,2,thankyou
5.52678370475769,-2,0,6,24,8,27,16,2,4,3,-2,2,0,15,thankyou
5.544970750808716,4,-4,5,19,6,23,24,1,7,4,-4,0,7,21,thankyou
5.544970750808716,-3,-20,-5,0,-5,7,10,0,1,-2,-11,-9,0,12,thankyou
5.558502912521362,-9,-21,-10,-2,-9,1,5,-1,1,4,-17,-9,-2,6,thankyou
5.5727832317352295,0,-12,-8,5,-7,-2,18,-2,7,18,-12,1,9,16,thankyou
5.5727832317352295,6,-10,4,-7,-10,-8,16,-2,6,14,0,7,17,18,thankyou
5.588007926940918,5,-10,-8,-27,-13,-10,-1,-2,-1,1,1,2,15,3,thankyou
5.588007926940918,7,2,-8,-15,-9,-14,-11,-1,-4,-7,0,7,11,-1,thankyou
5.603620529174805,6,12,5,-4,-2,-11,-11,-1,1,-3,11,16,9,0,thankyou
5.603620529174805,0,2,-7,-24,-2,-6,-11,1,8,3,20,10,10,-5,thankyou
5.621058702468872,1,-1,-7,-26,-11,-16,-21,0,-2,-7,15,13,5,-9,thankyou
5.621058702468872,11,6,1,0,-9,-26,-27,-6,-14,-8,13,23,0,-1,thankyou
5.635738372802734,11,13,5,1,1,-15,-10,-8,-8,0,10,13,0,-1,thankyou
5.635738372802734,0,10,1,-16,4,-4,0,0,-5,-15,-1,-4,-6,-7,thankyou
5.653508901596069,-8,5,-2,-6,1,-3,-15,1,-19,-29,-14,-19,-21,-11,thankyou
5.653508901596069,-7,7,11,9,2,4,-14,1,-19,-6,-15,-20,-22,-15,thankyou
5.653508901596069,-1,13,4,12,14,15,11,5,9,17,-2,-11,-10,-11,thankyou
5.6670544147491455,-1,11,-1,19,22,13,16,8,19,17,5,-8,-2,0,thankyou
5.682589530944824,-6,0,8,19,15,13,4,5,7,14,0,-16,0,4,thankyou
5.682589530944824,-15,-13,-9,3,3,16,9,0,6,9,-13,-24,-7,2,thankyou
5.698609828948975,-22,-18,-14,-2,0,17,14,-3,6,2,-31,-30,-24,-11,thankyou
5.698609828948975,-22,-19,-9,1,0,15,12,-2,3,5,-29,-31,-19,-17,thankyou
5.714651823043823,-11,-22,-13,-11,-6,5,7,-1,17,8,-6,-11,1,1,thankyou
5.714651823043823,2,-15,0,-26,-16,-8,0,-1,23,-4,5,14,7,12,thankyou
5.731687784194946,11,-1,7,-17,-13,-15,-6,-4,3,-13,5,23,8,3,thankyou
5.731687784194946,14,7,14,-6,-2,-6,-5,-3,-16,-16,9,22,8,0,thankyou
5.745715618133545,10,14,12,2,3,-1,-12,0,-26,-18,9,14,0,1,thankyou
5.745715618133545,11,17,8,23,7,0,-12,2,-30,-9,6,12,-3,6,thankyou
5.760910749435425,20,13,17,35,9,11,12,5,-12,8,7,20,11,20,thankyou
5.760910749435425,16,1,3,20,-1,9,25,1,7,17,1,15,22,26,thankyou
5.77680778503418,0,-11,-3,-5,-16,-12,2,-2,6,8,-4,8,14,13,thankyou
5.77680778503418,2,-4,4,-6,-9,-19,-11,0,8,4,15,22,17,8,thankyou
5.792031526565552,11,10,2,7,3,-14,-10,2,11,6,35,28,25,8,thankyou
5.792031526565552,2,11,0,-1,0,-12,-14,0,-9,-4,18,14,6,-6,thankyou
5.807632923126221,-7,3,-10,-9,0,0,-5,-3,-23,-11,1,-2,-15,-22,thankyou
5.807632923126221,-11,0,-2,6,3,15,9,-1,-11,0,0,-13,-15,-16,thankyou
5.823043584823608,-16,-3,-1,10,6,15,14,2,6,13,-10,-15,-4,-3,thankyou
5.823043584823608,-12,-11,-15,-10,4,6,19,3,27,14,-13,-11,3,0,thankyou
5.838686466217041,0,-11,-8,-18,-1,0,15,5,39,6,-12,-5,3,0,thankyou
5.838686466217041,4,-2,-7,-9,-7,-8,-3,1,28,-5,-13,-5,-1,-7,thankyou
5.854548692703247,8,4,0,-13,-4,-14,-18,-2,11,-11,3,-1,0,-15,thankyou
5.854548692703247,7,10,8,-12,6,-9,-14,-4,0,-8,22,2,2,-5,thankyou
5.870196104049683,0,13,4,13,10,-2,-5,-7,-19,-13,7,-7,-7,1,thankyou
5.870196104049683,0,13,14,30,2,4,-4,-5,-31,-16,-8,-22,-20,-6,thankyou
5.8859968185424805,-1,3,2,21,1,13,0,-1,-17,-1,-5,-27,-14,-5,thankyou
5.8859968185424805,-13,-8,-14,7,9,17,9,0,0,14,-10,-24,-5,9,thankyou
5.902097225189209,-15,-14,-8,0,4,13,7,3,1,14,-17,-29,-7,12,sil
5.902097225189209,-9,-19,-13,-10,-7,2,-6,2,-2,5,-17,-39,-10,2,sil
5.918006181716919,-2,-14,-2,-16,-9,-2,-7,-2,0,0,-10,-19,0,2,sil
5.918006181716919,9,-3,6,-9,-2,-1,2,-3,3,4,4,6,18,13,sil
5.933630704879761,9,-3,0,-9,-7,-9,-6,1,-7,-2,8,6,12,7,sil
5.933630704879761,1,-7,-8,-21,-13,-17,-19,2,-16,-19,0,21,-14,-12,sil
5.949651002883911,3,0,-3,-11,-6,-11,-9,0,-10,-15,3,55,-12,-16,sil
5.949651002883911,0,16,14,5,0,0,-2,0,-12,-11,8,57,0,-10,sil
5.965411186218262,-11,16,8,7,6,7,0,3,-5,-6,-7,22,-9,-8,sil
5.965411186218262,-3,2,-1,2,16,12,17,7,13,16,-19,0,-14,2,sil
5.981079578399658,5,1,8,3,9,8,19,4,11,26,-10,1,10,20,sil
5.981079578399658,0,1,4,2,-8,-4,0,-1,4,12,4,7,28,20,sil
5.996138334274292,4,-7,6,-3,-9,-10,-3,-4,14,7,14,11,27,10,sil
5.996138334274292,17,-1,3,-5,0,-4,4,0,15,4,23,14,24,0,sil
6.011688470840454,19,15,0,2,0,0,0,3,7,-2,21,9,13,-5,sil
6.011688470840454,13,19,13,14,2,1,5,2,13,2,21,3,8,-3,sil
6.033726930618286,4,10,5,19,6,5,13,0,17,4,26,0,10,0,sil
6.033726930618286,-9,0,-7,11,0,1,1,1,0,-15,3,-16,-10,-12,sil
6.033726930618286,-22,-11,-17,-3,-7,0,-3,-1,-16,-22,-26,-41,-35,-22,sil
6.0427751541137695,-24,-17,-17,-9,-2,9,9,-5,-13,-3,-25,-40,-28,-10,sil
6.05841588973999,-12,-14,-1,-2,0,17,15,-1,1,12,-20,-22,-9,2,sil
6.05841588973999,-3,-16,-9,-4,-9,3,1,-1,13,14,-19,-15,1,12,sil
6.074076414108276,0,-15,-5,-16,-12,-10,-15,-5,11,0,-7,-2,6,16,sil
6.074076414108276,11,4,9,-6,4,-3,-15,-1,2,-8,10,19,4,9,sil
6.09011173248291,24,24,10,17,21,-3,-2,3,-1,-7,16,21,2,0,sil
6.09011173248291,18,22,11,17,19,-14,-3,-1,-6,-7,13,11,0,-3,sil
6.105603933334351,-4,8,0,3,5,-13,-13,-6,-18,-11,8,-3,-5,-11,sil
6.105603933334351,-14,4,-2,3,0,0,-11,0,-31,-11,-6,-14,-13,-17,sil
6.120882987976074,-3,4,0,21,6,14,4,6,-22,3,-15,-10,-7,-2,sil
6.120882987976074,0,-4,-6,22,11,19,13,1,-1,20,-2,-1,5,13,sil
6.136871814727783,-11,-12,0,-5,-2,6,4,3,8,18,6,-2,11,12,sil
6.136871814727783,-9,-9,-3,-17,-13,-12,0,5,17,15,2,0,18,8,sil
6.152011632919312,13,-2,-1,-6,-3,-12,0,0,18,18,3,16,20,12,sil
6.152011632919312,21,0,7,-10,-1,-10,-15,-2,0,1,10,22,5,2,sil
6.167666673660278,4,-3,2,-24,-14,-18,-27,-1,-20,-26,10,10,-8,-15,sil
6.167666673660278,-3,-2,1,-19,-12,-11,-28,-2,-27,-35,0,1,-16,-18,sil
6.182868480682373,-7,-3,-9,-9,-6,0,-19,-5,-27,-27,-13,-9,-22,-11,sil
6.182868480682373,-19,-9,-11,-7,-10,6,2,0,-13,-9,-22,-18,-24,-6,sil
6.1982481479644775,-18,-5,0,1,0,25,38,7,15,15,-14,-5,-6,4,sil
6.1982481479644775,-1,2,-5,8,16,35,51,3,37,29,0,3,18,18,sil
6.2139410972595215,5,0,4,-1,7,16,28,0,35,19,-1,0,19,12,sil
6.2139410972595215,4,-4,4,-9,-6,-5,6,2,30,10,-1,5,10,1,sil
6.22977352142334,10,3,1,-2,-1,-11,-2,3,18,0,10,12,5,0,sil
6.22977352142334,9,13,7,3,6,-6,-13,-1,-2,-14,10,6,-4,-10,sil
6.245089769363403,-3,11,-3,9,0,-10,-21,-5,-13,-16,-1,-9,-17,-19,sil
6.245089769363403,-9,8,2,13,-3,-11,-16,0,-12,-10,-2,-9,-13,-11,sil
6.261178970336914,-1,8,10,26,9,9,5,4,-4,0,7,-1,-1,2,sil
6.261178970336914,5,2,5,27,14,22,22,3,2,11,0,0,-1,10,sil
6.2759552001953125,5,-11,-2,0,-3,4,12,-1,9,17,-12,0,5,13,sil
6.2759552001953125,7,-12,-11,-17,-13,-8,-1,-4,14,13,3,7,27,15,sil
6.292972326278687,17,3,7,-3,-3,-4,-3,1,13,5,24,22,28,12,sil
6.292972326278687,19,9,10,-5,1,-6,-9,4,0,-2,21,18,10,2,sil
6.307764291763306,9,5,-5,-19,-1,-15,-17,-3,-21,-15,4,4,0,-9,sil
6.307764291763306,-1,9,5,-2,1,-8,-18,-10,-45,-29,-4,-1,-12,-17,sil
6.322369575500488,-8,8,4,21,14,4,-11,-7,-48,-25,-7,-10,-20,-13,sil
6.339014530181885,-13,-3,-3,17,16,12,0,0,-27,-5,-12,-15,-14,-3,sil
6.339014530181885,-20,-15,-9,7,3,12,13,1,-3,12,-13,-17,-6,0,sil
6.353606462478638,-23,-20,-15,1,-2,8,15,-1,10,22,-10,-30,-3,0,sil
6.353606462478638,-10,-13,-6,-7,-1,4,18,1,23,24,-12,-23,0,7,sil
6.370081424713135,1,-5,-8,-7,-6,0,25,6,37,20,-13,-2,3,14,sil
6.370081424713135,3,-2,-3,-7,-13,-7,12,4,34,11,-9,4,3,6,sil
6.370081424713135,4,-1,1,-12,-9,-12,-5,-1,17,0,0,6,0,3,sil
6.385286092758179,1,-4,-2,-20,-3,-16,-15,-2,0,-8,12,15,-2,4,sil
6.385286092758179,0,1,7,-17,0,-14,-24,1,-8,-10,24,20,0,-3,sil
6.4001288414001465,8,21,12,5,4,-10,-23,5,-3,-6,26,19,10,-4,sil
6.417104005813599,15,23,16,18,7,-6,-8,5,4,-7,18,17,12,1,sil
6.417104005813599,4,7,5,6,2,0,4,1,0,-6,13,8,5,-7,sil
6.433854579925537,-1,0,-11,-1,-5,3,2,-1,-13,-11,10,-2,-1,-18,sil
6.433854579925537,0,0,4,0,-10,3,-5,0,-22,-20,-1,-7,-4,-9,sil
6.433854579925537,-8,-4,0,3,-4,15,-5,0,-22,-12,-14,-11,-7,-3,sil
6.4489147663116455,-13,-11,-11,6,3,24,-1,-4,-16,0,-20,-16,-15,-9,sil
6.4489147663116455,-11,-14,-4,4,6,22,8,-4,-4,4,-20,-19,-15,-4,sil
6.46225380897522,-9,-15,-5,-3,0,12,18,-2,2,6,-22,-12,-5,6,sil
6.478229999542236,-3,-8,0,-7,-3,0,13,3,5,10,-23,0,0,7,sil
6.478229999542236,7,1,0,-1,0,-4,5,3,19,20,-8,5,10,11,sil
6.495312929153442,16,5,4,1,0,-6,5,0,33,24,5,7,20,14,sil
6.495312929153442,15,6,6,-6,-7,-12,0,0,21,6,6,13,16,10,sil
6.512146711349487,7,6,-4,-16,-4,-16,-11,-3,-1,-10,7,10,6,6,sil
6.512146711349487,8,10,5,-11,1,-9,-13,-4,-17,-15,10,4,-2,-5,sil
6.512146711349487,15,17,11,12,5,0,-1,-1,-11,-6,17,8,-7,-14,sil
6.525758028030396,11,16,9,24,8,2,0,0,-4,-1,20,10,-4,-1,sil
6.541041135787964,0,4,9,18,8,2,-8,0,-13,-5,7,5,-7,6,sil
6.541041135787964,-5,-3,-4,20,3,4,-6,-3,-14,-1,-7,-7,-12,0,sil
6.5566020011901855,-13,-6,-5,21,1,12,11,-1,0,12,-11,-13,-6,-1,sil
6.5566020011901855,-27,-15,-13,5,8,17,25,3,13,12,-3,-16,0,2,sil
6.572038650512695,-23,-19,-16,-6,8,9,21,4,17,7,-4,-13,2,4,sil
6.572038650512695,-3,-6,2,-17,-6,2,15,4,26,14,-7,-2,13,8,sil
6.587228775024414,4,0,-3,-30,-10,-6,8,2,29,17,5,1,15,5,sil
6.587228775024414,2,-5,-5,-26,0,-19,-11,2,10,-4,18,5,4,-4,sil
6.602427959442139,0,-2,-7,-14,-6,-24,-28,0,-5,-27,8,9,2,-8,sil
6.602427959442139,0,3,-6,-16,-19,-19,-22,-3,-13,-24,-4,5,4,-10,sil
6.618102550506592,5,6,13,-15,-15,-11,-13,-4,-25,-16,0,0,-7,-15,sil
6.618102550506592,4,5,6,0,0,-5,-14,-1,-30,-19,4,-2,-16,-13,sil
6.633666038513184,2,8,2,21,15,5,-8,2,-17,-7,0,-3,-6,-3,sil
6.633666038513184,7,15,15,41,23,20,6,2,-2,12,0,3,5,5,sil
6.648935317993164,3,9,11,35,14,21,12,0,-3,10,-4,-2,-1,6,sil
6.648935317993164,-8,-8,0,12,3,16,15,0,-6,2,-19,-15,-13,0,sil
6.664765357971191,-4,-14,-12,6,3,14,28,0,6,15,-15,-8,1,3,sil
6.664765357971191,5,-7,0,-1,-2,2,28,0,19,24,-5,3,15,14,sil
6.679915428161621,3,-9,0,-15,-14,-12,2,2,13,18,-4,1,8,8,sil
6.679915428161621,1,-13,-15,-13,-19,-14,-23,0,1,4,3,1,9,0,sil
6.695663690567017,4,-6,-3,-22,-19,-13,-34,-5,-3,-14,11,13,10,1,sil
6.695663690567017,0,0,-3,-37,-13,-19,-32,-3,-7,-24,9,12,0,0,sil
6.711066007614136,2,5,-2,-24,-6,-13,-23,-1,-17,-23,6,7,-7,-4,sil
6.711066007614136,1,9,7,-3,-6,-1,-14,-4,-22,-21,4,7,-9,-6,sil
6.726733922958374,-6,9,2,2,1,-1,-1,-4,-9,-11,12,4,-10,-7,sil
6.726733922958374,-1,18,14,19,23,11,19,5,15,6,24,4,1,0,sil
6.741906642913818,7,24,14,33,32,27,32,9,26,17,11,0,4,8,sil
6.741906642913818,-1,6,0,21,15,16,23,8,14,15,-10,-7,-11,2,sil
6.75750732421875,-12,-6,-6,4,4,7,15,9,7,14,-10,-14,-15,-9,sil
6.75750732421875,-11,-6,-11,4,8,16,11,5,10,14,-18,-19,-7,-8,sil
6.773103952407837,-10,-8,-3,9,7,13,6,0,7,9,-36,-21,-13,0,sil
6.773103952407837,-5,-13,-3,6,0,0,8,0,1,8,-26,-18,-17,1,sil
6.788609027862549,1,-12,-5,-3,-7,-4,10,-1,0,5,-11,-9,-3,-1,sil
6.788609027862549,0,-11,-1,-8,-14,-6,2,-2,0,-1,-7,0,14,1,sil
6.804649591445923,-6,-12,-6,-5,-16,-11,-4,-9,2,-5,4,2,18,2,sil
6.804649591445923,0,-6,1,-14,-18,-17,-9,-9,3,-8,10,7,14,3,sil
6.820689916610718,18,1,1,-13,-9,-15,-2,0,7,0,18,25,27,20,sil
6.820689916610718,29,9,4,0,0,-7,-6,4,3,5,33,35,36,26,sil
6.836697101593018,16,13,11,0,-2,-9,-23,-3,-12,-10,24,22,14,2,sil
6.836697101593018,-1,8,-4,-13,0,-11,-26,-6,-17,-21,6,0,-4,-15,sil
6.851836204528809,-1,7,0,-12,4,0,-18,1,-14,-15,7,0,-10,-13,sil
6.851836204528809,8,13,7,3,3,-1,-17,1,-22,-14,10,10,-8,-6,sil
6.867952346801758,14,16,6,15,7,-8,-9,-2,-25,-14,9,8,-3,0,sil
6.867952346801758,3,10,7,18,12,11,6,0,-9,-1,9,-2,-6,0,sil
6.883005857467651,-17,-5,-9,16,12,28,20,6,7,14,-5,-21,-17,-9,sil
6.883005857467651,-22,-14,-5,11,12,18,26,4,17,24,-30,-29,-19,-11,sil
6.898696184158325,-13,-7,-1,8,5,12,21,-4,20,23,-32,-18,-7,0,sil
6.898696184158325,-12,-13,-12,-5,-6,6,9,-7,13,15,-26,-12,0,3,sil
6.914004564285278,-14,-24,-4,-21,-10,-5,2,0,9,3,-21,-11,0,0,sil
6.914004564285278,-1,-11,-1,-9,-9,-12,2,4,18,-4,0,0,4,0,sil
6.930727481842041,12,9,3,-3,-9,-11,-5,1,12,-11,15,13,7,5,sil
6.930727481842041,11,12,3,-13,-3,-9,-14,0,-7,-11,10,14,4,0,sil
6.945569276809692,5,9,-1,-2,0,-5,-8,1,-14,-9,10,7,0,-10,sil
6.945569276809692,2,7,4,14,-2,2,-2,6,-18,-9,8,0,-8,-9,sil
6.961126804351807,-9,-5,-7,10,0,10,0,2,-20,-2,-7,-16,-11,0,sil
6.961126804351807,-17,-18,-8,-6,2,12,11,-2,-12,4,-19,-23,-9,2,sil
6.977638244628906,-6,-17,0,-11,-4,1,17,0,0,11,-7,-11,0,4,sil
6.977638244628906,2,-13,0,-6,-8,-14,0,1,11,13,1,1,9,10,sil
6.991666316986084,11,0,10,-6,-1,-10,-8,0,14,9,7,15,16,12,sil
7.007749319076538,27,17,8,-6,4,0,-4,0,14,6,27,33,30,11,sil
7.007749319076538,29,21,9,0,3,-7,-14,0,3,1,36,37,21,9,sil
7.02302622795105,5,14,12,4,3,-16,-29,-8,-19,-17,12,17,-7,-9,sil
7.02302622795105,-13,7,-5,4,7,-5,-23,-13,-35,-32,-14,-5,-27,-27,sil
7.041792631149292,-14,8,0,11,13,12,-1,-1,-17,-17,-20,-15,-28,-13,sil
7.041792631149292,-9,0,1,17,9,18,16,7,11,8,-12,-16,-13,2,sil
7.042791843414307,-9,-9,-2,7,0,16,18,4,14,13,-9,-13,2,-1,sil
7.054958343505859,-11,-4,-3,2,0,17,16,0,3,9,-8,-11,4,0,sil
7.602015972137451,-22,-24,-13,-1,-12,9,11,3,2,14,-15,-16,-7,1,sil
7.602015972137451,-15,-25,-23,-12,-10,0,0,-4,-9,0,-29,-25,-16,-8,sil
7.617770910263061,-16,-22,-18,-20,-11,-7,-1,-6,-17,-19,-32,-35,-20,-11,sil
7.617770910263061,-25,-22,-23,-19,-9,-5,4,1,6,0,-14,-24,-7,-8,sil
7.632905006408691,-16,-15,-11,-30,-8,-6,-5,2,18,14,-4,0,0,-11,sil
7.632905006408691,0,-7,-3,-30,-5,-12,-13,-4,8,0,-5,11,0,-6,sil
7.648501634597778,6,1,4,-5,2,-9,-5,-4,14,-4,0,14,5,6,sil
7.648501634597778,11,9,15,0,5,-4,-4,0,17,0,16,18,17,7,sil
7.663705825805664,20,14,8,-12,0,-11,-5,-1,8,-1,33,23,25,6,sil
7.663705825805664,25,12,16,-10,0,-15,-2,0,0,-2,34,26,21,13,sil
7.679803848266602,13,10,12,0,5,-9,-3,0,-11,-6,13,14,2,7,sil
7.679803848266602,1,14,9,10,9,-3,-1,0,-19,-14,1,0,-10,-4,sil
7.695671796798706,13,20,22,20,15,9,4,0,-11,-6,12,10,-5,-4,sil
7.695671796798706,18,17,11,21,13,9,-2,-4,-13,-3,10,13,-4,-3,sil
7.711162328720093,3,17,6,20,1,0,-18,-4,-23,-16,-9,0,-15,-5,sil
7.711162328720093,6,21,5,37,5,6,-7,8,-5,0,-1,0,-5,5,sil
7.726634740829468,21,13,4,41,19,24,20,14,16,32,19,18,15,18,sil
7.726634740829468,7,2,3,23,12,29,26,5,16,31,9,11,15,14,sil
7.741611480712891,-14,-6,-13,12,-1,14,10,-2,4,11,-17,-16,-2,2,sil
7.757179737091064,-17,-16,-12,5,-6,0,0,-4,-6,-1,-28,-27,-19,-7,sil
7.757179737091064,-17,-21,-11,-9,-12,-3,6,0,0,0,-16,-15,-14,0,sil
7.757179737091064,-18,-21,-17,-25,-16,-2,9,2,17,10,-4,-7,3,8,sil
7.773783683776855,-10,-17,-6,-29,-11,-3,-1,0,12,6,-9,-9,6,0,sil
7.773783683776855,-6,-13,-6,-29,-12,-11,-5,0,0,-3,-12,-10,0,-7,sil
7.788818120956421,-13,-15,-12,-36,-17,-16,-1,-1,0,-6,-6,-7,0,-5,sil
7.788818120956421,-21,-19,-19,-40,-14,-14,-2,-7,0,-15,-9,-12,0,-8,sil
7.804014682769775,-19,-15,-12,-29,-12,-10,-2,-6,-3,-26,-17,-14,-4,-12,sil
7.804014682769775,-5,-6,10,-21,-8,-7,-1,0,-2,-20,-7,-2,-2,-12,sil
7.819725275039673,6,3,7,-10,0,-8,-7,0,4,-3,18,6,8,-7,sil
7.836293697357178,14,20,13,10,0,-11,-18,0,6,2,32,15,19,2,sil
7.836293697357178,26,33,21,24,5,-6,-20,4,5,8,30,29,20,12,sil
7.836293697357178,32,33,12,23,21,-3,-11,6,0,8,26,31,17,14,sil
7.852893590927124,21,26,19,28,20,-5,-11,0,-20,-9,19,20,5,6,sil
7.852893590927124,4,14,11,36,11,3,-10,-9,-32,-18,3,1,-12,-9,sil
7.8670666217803955,2,4,3,26,19,23,9,-6,-17,0,-6,-6,-23,-14,sil
7.882259607315063,2,0,2,15,22,31,27,5,1,15,-10,-8,-17,-2,sil
7.882259607315063,-7,-10,-10,9,2,15,14,5,-7,3,-21,-20,-17,-1,sil
7.896841049194336,-15,-20,-9,2,-9,3,1,0,-23,-7,-22,-22,-19,-3,sil
7.896841049194336,-5,-10,-6,5,-3,12,13,0,-3,10,-4,-4,0,10,sil
7.912956237792969,6,0,2,7,-5,15,26,6,34,29,0,7,10,21,sil
7.912956237792969,0,-11,-5,-15,-15,2,19,6,41,20,-16,-2,1,13,sil
7.928992748260498,-13,-25,-21,-35,-13,-6,5,1,19,7,-16,-12,0,1,sil
7.928992748260498,-12,-13,-4,-24,-5,-5,-3,0,8,1,0,0,2,-5,sil
7.945766448974609,-7,0,-5,-16,-4,-8,-7,0,11,-6,6,7,5,-6,sil
7.945766448974609,-2,-4,-10,-24,-8,-21,-14,-2,1,-17,1,1,7,-6,sil
7.961140394210815,7,0,10,-16,-9,-22,-18,-5,-13,-16,8,10,10,-6,sil
7.961140394210815,5,11,4,0,-4,-14,-15,-6,-12,-11,21,12,12,-5,sil
7.97582221031189,-4,11,-4,4,9,-1,-11,-2,-12,-18,10,-10,-2,-12,sil
7.97582221031189,-2,7,-3,15,18,10,-1,0,-12,-11,-1,-17,-18,-12,sil
7.991004228591919,0,9,4,23,12,14,3,3,-4,11,1,0,-11,0,sil
7.991392135620117,0,12,16,23,6,12,6,5,7,21,10,11,10,11,sil
8.006681680679321,7,9,10,31,13,9,16,0,16,25,15,9,23,25,sil
8.006681680679321,13,5,9,20,9,5,15,-1,19,24,5,9,11,26,sil
8.022087335586548,2,0,0,-6,-6,0,4,0,18,17,-6,3,0,9,sil
8.022087335586548,-3,-8,-8,-15,-10,0,1,0,14,8,-6,-1,3,1,sil
8.04398488998413,-8,-15,-4,-19,-10,-8,-6,0,0,-7,-6,-3,2,-2,sil
8.044986009597778,-17,-17,-16,-36,-23,-26,-29,-1,-25,-36,-15,-10,-15,-24,sil
8.044986009597778,-7,-7,-5,-31,-19,-26,-33,-5,-39,-45,-19,-10,-28,-38,sil
8.053040266036987,12,16,12,8,8,0,-7,0,-32,-21,-8,1,-17,-19,sil
8.068697452545166,15,20,12,33,19,19,13,4,-17,1,1,7,0,9,sil
8.068697452545166,0,-4,8,11,1,12,15,0,-3,6,-2,-2,2,12,sil
8.083780527114868,-8,-22,-6,-13,-5,0,12,-3,7,7,-6,-13,7,1,sil
8.083780527114868,9,-8,-4,-10,1,-3,5,3,15,8,4,1,24,13,sil
8.099790334701538,24,7,3,0,0,-6,-6,1,7,0,16,21,27,22,sil
8.099790334701538,9,11,1,3,-3,-13,-14,-8,-10,-15,18,9,3,0,sil
8.115002870559692,-3,10,4,10,5,0,-4,2,-9,-13,14,-3,-10,-8,sil
8.115002870559692,-1,3,-1,18,12,25,18,11,11,10,1,-1,-6,0,sil
8.131293296813965,-3,-8,0,6,5,22,28,2,15,21,-16,-5,-8,3,sil
8.131293296813965,-10,-19,-7,-15,-2,4,17,-1,18,18,-24,-10,-11,1,sil
8.1462242603302,-10,-18,-21,-21,-7,-6,0,1,19,10,-12,-3,-7,-4,sil
8.1462242603302,-5,-1,0,-8,-9,-13,-17,-2,-5,-10,2,8,-6,-17,sil
8.162203788757324,2,11,7,7,-1,-16,-22,-6,-23,-24,11,1,-6,-15,sil
8.162203788757324,0,10,6,13,1,-2,-13,0,-12,-10,2,-8,-9,-2,sil
8.177873373031616,-11,4,8,17,-1,17,5,8,1,19,-1,-3,-2,9,sil
8.177873373031616,-4,0,-1,10,2,19,21,5,21,33,4,4,12,19,sil
8.193042993545532,3,-3,-1,-16,0,3,11,-1,31,13,2,3,12,6,sil
8.193042993545532,-4,-5,-9,-27,-8,-14,-10,-3,12,-10,0,-1,4,-12,sil
8.208488941192627,-2,6,-1,-5,0,-18,-10,0,-9,-14,12,6,4,-13,sil
8.208488941192627,6,21,11,14,15,-4,-2,0,-19,-14,18,11,-1,-6,sil
8.224093437194824,0,14,-1,16,15,1,-2,-1,-23,-16,0,-5,-12,-3,sil
8.224093437194824,-3,0,0,21,9,7,4,0,-14,0,-15,-19,-2,1,sil
8.239712238311768,-2,-5,0,25,7,15,15,0,7,25,-4,-17,15,8,sil
8.239712238311768,-3,-12,-4,5,1,18,13,0,16,28,0,-10,7,11,sil
8.255586862564087,0,-18,2,-19,-4,9,5,2,13,11,-12,-4,0,8,sil
8.255586862564087,8,-13,0,-16,-11,-7,-3,0,15,2,-6,0,12,5,sil
8.270863771438599,11,1,5,-12,-11,-20,-16,-4,13,0,14,15,16,4,sil
8.270863771438599,7,3,-2,-27,-5,-22,-22,-4,-2,-10,16,28,3,-1,sil
8.286144018173218,3,0,-10,-26,-10,-22,-22,-8,-30,-33,0,19,-5,-15,sil
8.286144018173218,6,10,6,1,-11,-12,-15,-4,-36,-35,-3,10,-9,-13,sil
8.30169939994812,5,11,7,11,0,7,-3,4,-16,-16,0,5,-11,0,sil
8.30169939994812,-8,-12,2,-4,3,17,0,6,-9,-14,-7,-9,-16,0,sil
8.317235946655273,-10,-16,-6,-2,0,14,11,1,-6,-7,-13,-22,-18,-3,sil
8.317235946655273,1,0,-4,16,8,11,30,4,15,26,-11,-8,-3,13,sil
8.33301067352295,0,2,9,20,12,14,29,6,29,44,-6,6,12,20,sil
8.33301067352295,-10,-3,-3,9,3,7,12,-2,22,23,1,1,15,8,sil
8.348657131195068,3,6,-1,0,0,-9,1,-4,17,5,9,5,18,7,sil
8.348657131195068,19,16,10,0,-2,-17,-1,0,13,7,15,18,22,11,sil
8.364415884017944,9,7,1,-6,-10,-14,-8,-1,-1,-2,12,13,9,-6,sil
8.364415884017944,0,4,-3,-12,-8,-9,-15,-4,-18,-25,2,0,-12,-24,sil
8.379699230194092,-1,8,-6,-1,6,-4,-10,-2,-22,-25,0,-7,-22,-22,sil
8.379699230194092,-4,4,7,8,10,0,-5,0,-22,-10,0,-14,-25,-18,sil
8.395520687103271,-8,1,9,11,3,2,-8,3,-20,-2,-4,-16,-15,-14,sil
8.395520687103271,-10,0,-6,18,4,8,-4,3,-12,0,-3,-13,-2,-1,sil
8.411704540252686,-15,-10,-5,9,1,13,0,0,-8,-1,-11,-12,-9,3,sil
8.411704540252686,-18,-18,-10,-5,-2,11,1,-5,-10,-1,-27,-19,-18,0,sil
8.427791833877563,-14,-15,-13,-9,-8,9,8,-1,-4,0,-30,-25,-14,-4,sil
8.427791833877563,-4,-13,-8,-11,-10,10,18,7,15,6,-14,-13,-2,3,sil
8.443822383880615,5,-13,0,-15,0,3,16,5,33,15,1,5,11,15,sil
8.443822383880615,11,-3,14,-13,4,-2,7,0,34,14,9,19,21,15,sil
8.458454370498657,10,1,0,-8,-3,-2,3,0,27,10,15,17,22,12,sil
8.473941087722778,9,0,-2,-8,-1,-11,-5,0,18,5,18,15,20,12,sil
8.473941087722778,9,1,12,-6,2,-21,-16,2,14,0,25,19,21,6,sil
8.473941087722778,13,8,8,0,0,-15,-16,2,9,-1,33,25,23,1,sil
8.489973306655884,13,18,10,10,0,-6,-10,-3,-5,1,26,19,16,-3,sil
8.489973306655884,2,22,2,12,1,-3,-4,-6,-14,-1,17,0,0,-8,sil
8.50613784790039,-2,17,1,16,7,2,3,0,-11,-3,15,-2,-5,-3,sil
8.50613784790039,6,18,14,32,15,10,3,2,-15,-1,8,9,0,0,sil
8.520825624465942,10,15,6,33,10,10,-1,0,-15,2,-1,1,3,-2,sil
8.535888671875,0,5,1,14,0,13,1,0,-7,5,-17,-11,-11,-1,sil
8.535888671875,-11,-5,-7,3,2,10,8,0,-5,0,-30,-14,-23,1,sil
8.552673816680908,-13,-12,-12,0,1,4,7,-3,-8,-2,-37,-16,-24,1,sil
8.552673816680908,-12,-20,-9,-11,-4,10,10,-1,-3,1,-38,-19,-22,0,sil
8.552673816680908,-15,-29,-18,-23,-5,6,17,0,6,6,-28,-18,-16,-1,sil
8.569087266921997,-14,-24,-5,-34,-9,-14,10,0,4,0,-14,-4,-5,4,sil
8.584090948104858,-1,-12,0,-34,-16,-18,-4,-5,-5,-7,-4,5,4,5,sil
8.58509111404419,11,-7,-1,-22,-17,-7,-14,-1,-8,-13,6,13,11,1,sil
8.58509111404419,15,0,6,-11,-10,-7,-10,1,4,-9,22,23,14,6,sil
8.598601341247559,12,5,0,-11,-8,-13,-7,-2,9,-11,19,15,6,-2,sil
8.598601341247559,2,0,-4,-22,-12,-11,-24,-3,-8,-30,2,-2,-12,-23,sil
8.61607575416565,-8,0,-3,-16,-3,-13,-36,0,-18,-30,2,-6,-11,-24,sil
8.61607575416565,-7,13,4,11,9,-13,-25,0,-10,-11,12,0,2,-18,sil
8.631064414978027,3,24,17,28,10,4,-1,2,-4,0,10,0,1,-11,sil
8.645684719085693,10,19,6,27,14,21,13,2,-5,7,7,-3,1,6,sil
8.645684719085693,2,9,7,27,22,19,19,0,-3,12,7,-3,7,10,sil
8.662071943283081,-8,3,11,23,18,17,19,2,6,11,5,-1,6,0,sil
8.662071943283081,-10,5,0,19,10,15,12,8,14,16,4,-7,3,7,sil
8.676601886749268,-6,4,0,17,10,7,8,4,11,20,0,-10,4,6,sil
8.676601886749268,-7,-9,-8,11,10,2,19,-1,16,24,-3,-8,3,-1,sil
8.692109823226929,-3,-15,-1,2,0,6,24,0,19,27,0,-4,1,12,sil
8.692109823226929,0,-8,2,0,-6,8,17,6,10,24,1,0,0,23,sil
8.70763087272644,2,-5,-11,0,-1,4,14,2,1,12,-10,1,-3,10,sil
8.70763087272644,12,-1,0,2,0,0,10,-3,4,4,-16,5,-2,8,sil
8.723690271377563,15,-1,0,0,-7,-5,0,0,14,12,-5,6,6,19,sil
8.723690271377563,-1,-13,-11,-24,-19,-8,-12,0,12,8,-7,-3,1,7,sil
8.739089727401733,-11,-15,-12,-32,-18,-7,-15,-4,2,-11,-18,-12,-8,-12,sil
8.739089727401733,1,0,-3,-11,-11,-12,-16,-8,-3,-22,-10,-1,0,-8,sil
8.755127668380737,11,9,8,-7,-11,-23,-21,-2,-4,-19,2,12,7,2,sil
8.755127668380737,2,-4,-7,-29,-9,-18,-18,-3,-6,-21,5,11,1,-6,sil
8.770673751831055,-4,-14,-5,-33,-4,-5,-14,-5,-12,-25,3,10,-6,-20,sil
8.770673751831055,-5,1,7,-9,-2,-3,-18,-1,-17,-24,3,10,-7,-21,sil
8.786170959472656,0,19,3,7,3,-9,-16,1,-15,-21,9,8,0,-11,sil
8.786170959472656,13,20,17,3,16,-5,-4,-1,-10,-10,25,14,6,-1,sil
8.801335096359253,19,14,16,8,16,-3,-4,-1,-6,0,29,14,9,1,sil
8.801335096359253,5,6,5,23,5,-1,-14,0,-12,-5,12,1,0,-3,sil
8.816117286682129,-5,3,6,23,1,11,-5,1,-15,-6,3,0,-5,-1,sil
8.816117286682129,-7,5,3,25,4,20,15,3,-1,7,10,1,2,8,sil
8.831645965576172,-9,3,10,26,3,17,16,5,0,7,3,-5,1,5,sil
8.831645965576172,-12,-7,-1,14,0,13,11,0,-7,5,-10,-13,-6,-6,sil
8.846996545791626,-7,-10,-14,5,5,16,20,0,3,13,-21,-16,-10,-6,sil
8.846996545791626,-2,0,-9,10,10,18,25,5,13,15,-25,-14,-12,1,sil
8.862927913665771,-3,-1,-14,6,0,8,14,3,4,15,-15,-14,-8,4,thankyou
8.862927913665771,-5,-13,-4,-12,-10,2,11,0,5,23,-12,-10,1,4,thankyou
8.878008604049683,-2,-11,-1,-21,0,8,21,0,23,24,-18,-10,5,8,thankyou
8.878008604049683,2,-1,-7,-15,6,0,13,1,23,13,-11,-11,4,11,thankyou
8.893758773803711,3,-1,-3,-11,0,-10,1,0,7,5,-2,-6,6,9,thankyou
8.893758773803711,2,-9,-10,-22,-2,-11,0,-1,3,2,-7,-2,2,6,thankyou
8.908789157867432,9,-7,-4,-35,-4,-14,-4,1,10,-2,-2,6,1,5,thankyou
8.908789157867432,10,0,2,-29,-10,-20,-11,3,13,-10,15,14,16,4,thankyou
8.924201250076294,5,6,5,-9,-10,-20,-17,-4,-1,-15,16,12,16,0,thankyou
8.924201250076294,5,13,14,6,-2,-14,-29,-9,-21,-24,12,12,-4,-8,thankyou
8.939844131469727,7,14,8,13,0,-11,-35,-5,-24,-26,22,19,-5,-10,thankyou
8.939844131469727,9,14,11,12,0,-6,-27,0,-20,-24,26,23,0,-5,thankyou
8.95546817779541,0,11,8,19,4,0,-10,4,-17,-18,12,9,-12,-7,thankyou
8.95546817779541,-20,0,-6,24,7,10,4,3,-9,-3,-5,-13,-22,-12,thankyou
8.971062183380127,-23,-6,-2,20,7,21,14,0,-2,9,-11,-19,-10,-6,thankyou
8.972065925598145,-12,-4,-2,24,2,21,17,-5,2,16,-3,-10,4,3,thankyou
8.986640214920044,-14,-8,-2,15,-11,5,9,-3,3,12,-5,-7,3,2,thankyou
8.986640214920044,-12,-13,-8,-4,-13,0,4,0,7,9,-14,-12,-6,1,thankyou
9.002604246139526,0,-12,-12,-8,0,5,12,1,20,12,-14,-11,-5,6,thankyou
9.002604246139526,0,-9,0,-3,-2,3,15,0,26,11,-13,0,0,2,thankyou
9.017962455749512,-5,-12,-7,-13,-8,-4,7,0,15,2,-14,0,3,-5,thankyou
9.017962455749512,6,-7,-5,-22,0,-2,0,0,0,-3,-11,-2,4,-1,thankyou
9.033681392669678,19,5,2,-16,2,2,0,4,1,1,1,9,10,8,thankyou
9.033681392669678,19,8,-1,-11,0,-5,-1,3,10,8,13,16,15,9,thankyou
9.050084590911863,18,8,16,-8,0,-7,-6,5,15,9,18,13,15,3,thankyou
9.050084590911863,18,17,18,4,2,-3,-5,5,16,8,25,15,18,5,thankyou
9.064824104309082,20,19,8,5,10,-9,0,1,0,-1,27,20,15,12,thankyou
9.080767393112184,16,13,11,1,13,-8,-3,-2,-22,-12,12,14,2,5,thankyou
9.080767393112184,2,10,5,12,11,4,-4,-4,-30,-8,-2,0,-10,-6,thankyou
9.096693277359009,-5,6,3,18,14,4,-1,-4,-35,-13,-6,-5,-19,-12,thankyou
9.097694158554075,-5,-1,-1,3,8,-3,-5,-7,-42,-26,-3,-5,-17,-17,thankyou
9.097694158554075,-10,-1,5,0,-3,0,-11,-3,-27,-15,-1,-5,-11,-19,thankyou
9.110819101333618,-17,-2,10,8,-5,12,-4,5,-9,7,4,-2,-5,-6,thankyou
9.128875255584717,-17,-12,-11,4,0,14,5,0,-8,6,5,-6,-2,3,thankyou
9.128875255584717,-17,-13,-18,-5,-2,12,9,-6,-2,0,-6,-17,-8,0,thankyou
9.128875255584717,-15,-4,-16,5,-2,9,14,0,15,9,-13,-19,-8,0,thankyou
9.14200496673584,-4,-6,-10,9,-4,0,12,6,19,5,-13,-8,0,10,thankyou
9.157308340072632,5,-12,-5,-11,-8,0,11,2,23,0,-13,0,7,17,thankyou
9.157308340072632,1,-15,-16,-22,-10,0,13,0,34,9,-17,-6,0,12,thankyou
9.173009634017944,-9,-14,-8,-20,-14,-10,0,0,18,0,-22,-17,-7,0,thankyou
9.173009634017944,-11,-5,-9,-18,-14,-19,-18,-1,2,-13,-14,-9,1,-9,thankyou
9.188616514205933,0,4,-9,-10,-4,-16,-13,0,14,1,1,9,14,-5,thankyou
9.188616514205933,8,8,13,-1,0,-8,-4,0,24,17,9,20,16,1,thankyou
9.204671621322632,6,5,7,-2,-3,-9,-10,-1,7,8,11,12,12,0,thankyou
9.204671621322632,2,5,1,-5,3,-7,-18,0,-15,-11,7,4,-4,-13,thankyou
9.220003366470335,0,8,8,5,12,0,-12,3,-21,-20,5,1,-17,-22,thankyou
9.220003366470335,6,9,15,17,5,3,-2,-1,-17,-10,11,0,-11,-7,thankyou
9.235622644424438,11,11,21,22,3,7,0,-4,-18,-4,11,0,-5,4,thankyou
9.235622644424438,9,15,10,29,16,10,7,0,-14,-2,6,3,-2,7,thankyou
9.251000881195068,10,17,9,36,25,16,19,4,-2,11,6,2,2,10,thankyou
9.251000881195068,4,1,2,23,10,20,20,2,5,26,0,-7,6,12,thankyou
9.2668035030365,-8,-16,-10,-1,-8,10,14,0,11,27,-5,-11,10,13,thankyou
9.2668035030365,-8,-17,-7,-19,-6,0,11,2,15,20,-7,-2,3,9,thankyou
9.282044172286987,-2,-18,-13,-23,-1,-5,7,1,13,9,-8,-2,0,2,thankyou
9.282044172286987,0,-10,-3,-16,-7,-13,0,-1,8,0,1,3,11,5,thankyou
9.29720401763916,10,12,6,-3,-1,-3,0,0,11,0,22,24,22,9,thankyou
9.29720401763916,14,10,-5,-6,5,8,-8,0,0,-10,21,22,5,-4,thankyou
9.312819957733154,-2,-5,4,-17,-2,-2,-22,0,-28,-30,0,0,-14,-18,thankyou
9.312819957733154,-15,3,5,-1,-3,-9,-19,0,-35,-34,-7,-16,-21,-16,thankyou
9.327972888946531,-9,11,-2,18,8,12,0,0,-12,-15,-10,-11,-14,-5,thankyou
9.327972888946531,0,-3,-4,8,6,24,22,2,11,22,-12,-1,4,11,thankyou
9.343871593475342,3,-13,-5,-12,-5,3,26,2,26,44,-5,0,15,19,thankyou
9.343871593475342,5,-8,0,-10,-9,-17,6,1,28,19,-5,1,7,8,thankyou
9.359965562820436,7,-9,-4,-2,-12,-25,-8,-4,14,-12,-9,7,1,0,thankyou
9.359965562820436,5,-8,0,-23,-23,-29,-18,-8,-7,-28,0,11,-1,-8,thankyou
9.37599492073059,1,3,0,-30,-21,-26,-28,-3,-20,-33,11,9,-6,-23,thankyou
9.37599492073059,1,10,-5,0,-1,-16,-25,0,-17,-22,10,5,-1,-18,thankyou
9.39209246635437,-1,9,9,15,9,0,-16,-1,-19,-17,-2,0,-5,-3,thankyou
9.39209246635437,-14,10,0,7,5,6,-8,-2,-24,-22,-8,-9,-15,-7,thankyou
9.407623291015623,-11,11,-3,15,5,6,4,0,-16,-9,0,-12,-9,-8,thankyou
9.407623291015623,1,9,9,18,8,15,14,4,-1,8,6,-3,-2,2,thankyou
9.42300295829773,-3,5,0,10,9,21,9,1,1,12,-4,-6,-11,0,thankyou
9.42300295829773,-12,0,1,14,12,14,4,1,-1,9,-9,-11,-14,-1,thankyou
9.439077377319336,-3,-3,-2,12,10,12,6,4,0,13,8,-2,0,8,thankyou
9.439077377319336,0,-2,-7,4,5,12,5,2,4,20,10,-2,5,9,thankyou
9.454650402069092,0,2,10,16,6,13,10,0,11,29,0,-7,7,6,sil
9.454650402069092,3,-2,4,17,9,10,18,2,20,26,2,-3,18,15,sil
9.469768047332764,-6,-15,-7,-11,0,4,6,2,21,17,-7,-3,12,5,sil
9.469768047332764,-22,-18,-12,-16,-4,5,2,0,21,18,-26,-17,-3,-14,sil
9.485033750534058,-11,-10,-8,-6,-2,8,17,0,18,11,-24,-16,-6,-10,sil
9.485033750534058,11,-3,4,-9,0,0,16,-2,14,2,-7,0,3,9,sil
9.500847339630129,18,-4,2,-9,-2,-11,5,-5,14,7,5,9,13,15,sil
9.500847339630129,14,-5,6,-10,-10,-10,0,1,6,0,4,10,7,10,sil
9.515878915786743,9,-2,-1,-15,-9,-4,-3,0,0,-11,1,7,1,9,sil
9.515878915786743,8,1,-10,-6,-4,-7,-3,-4,6,-2,12,7,9,6,sil
9.531996250152588,15,11,4,1,-5,-17,1,0,3,-3,23,20,13,2,sil
9.531996250152588,20,16,6,1,-2,-20,0,0,-7,-13,25,28,12,3,sil
9.5467848777771,12,8,5,0,-1,-15,-17,-6,-29,-24,21,16,4,-6,sil
9.5467848777771,-1,0,2,-7,-11,-17,-39,-4,-45,-40,8,4,-10,-24,sil
9.562928915023804,-4,4,-4,-9,-9,-19,-40,-1,-38,-43,-2,3,-18,-22,sil
9.562928915023804,5,13,4,0,5,0,-17,4,-17,-19,2,7,-9,-8,sil
9.57807445526123,5,10,1,8,8,13,2,7,3,3,9,5,0,-1,sil
9.57807445526123,-7,-1,4,2,0,3,0,1,9,1,-2,-3,-4,0,sil
9.592272520065308,-17,-4,9,0,0,-3,-1,-1,0,-2,-12,-7,-11,2,sil
9.606947422027588,-15,0,-2,6,5,1,4,2,-8,7,-7,-3,-10,4,sil
9.606947422027588,-13,0,3,7,5,9,8,4,-7,10,-7,0,-7,-2,sil
9.623047828674316,-17,-9,-1,0,3,9,5,0,-7,-3,-17,-14,-6,-9,sil
9.623047828674316,-22,-10,-7,-5,1,2,0,-1,-6,-7,-26,-27,-12,-7,sil
9.639672994613647,-12,-1,1,5,1,6,7,-1,4,15,-12,-19,-8,2,sil
9.639672994613647,8,3,3,22,11,18,25,2,24,32,11,-4,11,14,sil
9.654965162277222,8,0,0,19,14,19,23,0,22,18,0,-8,12,9,sil
9.654965162277222,-11,-12,-16,0,-2,6,6,-6,1,2,-22,-24,-5,-5,sil
9.6699857711792,-9,-15,-14,-5,-14,5,3,-2,8,12,-12,-15,-8,-2,sil
9.6699857711792,0,-7,0,1,-4,17,7,3,30,21,0,-2,0,11,sil
9.685087442398071,-8,-4,-10,-3,0,10,2,-1,17,9,-14,-10,0,5,sil
9.685087442398071,-2,0,-6,-12,-5,0,1,-1,1,2,-8,0,4,0,sil
9.700623750686646,16,9,0,-4,0,2,12,4,21,12,17,20,25,10,sil
9.700623750686646,23,12,6,2,6,1,12,4,31,16,23,22,32,16,sil
9.71606945991516,20,4,11,-3,0,-11,-3,2,3,7,16,23,19,6,sil
9.71606945991516,18,1,0,-7,-4,-23,-20,-2,-17,-7,17,24,4,-5,sil
9.731640100479126,20,9,9,-6,-3,-25,-24,-5,-24,-29,12,17,-7,-8,sil
9.731640100479126,21,15,10,-1,0,-14,-15,-1,-27,-35,8,12,-8,-8,sil
9.747355222702026,11,9,3,2,0,-9,-12,-2,-31,-30,7,14,-7,-10,sil
9.747355222702026,-1,1,9,1,0,-12,-15,-4,-22,-21,8,9,-5,-6,sil
9.762765169143677,-3,3,5,7,2,-7,-4,0,-3,-3,14,0,3,0,sil
9.762765169143677,-2,12,8,23,7,0,4,3,-3,2,16,-2,1,-4,sil
9.777897357940674,-13,-1,0,19,2,0,0,0,-13,-7,0,-7,-12,-8,sil
9.777897357940674,-23,-23,-15,-12,-1,3,-1,1,-9,-10,-23,-18,-20,-7,sil
9.793898105621338,-20,-20,-9,-22,0,15,12,5,1,6,-29,-19,-16,-1,sil
9.793898105621338,-12,-5,-5,-1,2,13,25,1,11,19,-11,-11,-3,10,sil
9.810160875320436,-5,-1,2,3,2,10,24,1,18,19,0,-1,6,18,sil
9.810160875320436,0,-3,0,-8,-1,14,17,2,25,19,-1,0,8,18,sil
9.8260977268219,-3,-8,-12,-18,-7,2,1,-3,23,15,-9,-9,6,14,sil
9.8260977268219,-1,-1,-3,-18,-9,-14,-19,-6,3,-7,-5,-5,3,0,sil
9.841631889343262,9,10,0,-4,-5,-20,-31,-4,-14,-22,15,11,7,-8,sil
9.841631889343262,7,8,6,3,-3,-18,-28,-1,-17,-14,19,11,5,-7,sil
9.857752084732056,-3,1,2,2,0,0,-11,2,-11,0,3,-1,0,-8,sil
9.857752084732056,-2,7,0,15,8,24,5,6,-3,7,-6,-7,1,-7,sil
9.873112678527832,-1,5,10,25,8,25,14,3,0,10,-14,-7,0,0,sil
9.873112678527832,-10,-11,-6,12,0,7,12,-2,0,8,-25,-18,-10,0,sil
9.888920545578005,-14,-22,-15,-11,-10,1,6,0,9,4,-26,-23,-13,-5,sil
9.888920545578005,-9,-12,-6,-14,-7,5,7,7,24,13,-7,-5,1,-4,sil
9.904097557067873,0,-2,-2,-7,1,-3,6,3,23,17,7,12,9,-5,sil
9.904097557067873,10,0,5,-9,-5,-17,-11,-2,2,-6,2,13,-3,-9,sil
9.91980791091919,12,0,-5,-15,-13,-21,-23,-6,-12,-25,0,7,-5,-8,sil
9.91980791091919,12,12,-4,-6,0,-9,-9,-5,-10,-12,15,16,8,0,sil
9.935204982757568,19,24,14,20,20,3,3,1,-3,2,23,26,12,10,sil
9.935204982757568,22,23,15,39,23,7,2,5,-7,-1,13,14,-2,9,sil
9.9509117603302,4,14,13,17,11,3,4,0,-18,-15,0,-4,-19,0,sil
9.9509117603302,-15,5,1,-1,4,8,21,-2,-15,-12,-7,-12,-23,0,sil
9.966224193572998,-8,-3,-3,14,8,22,35,2,0,12,-9,-9,-26,13,sil
9.966224193572998,2,-13,-1,15,2,20,28,1,12,29,-10,-7,-23,15,sil
9.981968879699709,0,-20,-7,-9,-14,-3,5,-3,12,16,-2,-2,0,7,sil
9.981968879699709,0,-17,7,-21,-19,-14,-5,0,14,2,13,11,1,12,sil
9.997145652770996,3,-9,3,-13,-9,-1,1,1,24,8,20,15,0,17,sil
9.997145652770996,4,1,-4,-9,-2,0,0,-1,20,6,13,6,61,4,sil
10.012110233306885,6,9,-3,-14,0,-15,-24,-3,-3,-10,7,1,107,-10,sil
10.012110233306885,0,3,-12,-15,1,-20,-33,-1,-19,-21,5,0,34,-17,sil
10.027952194213867,-9,0,0,-4,0,-11,-24,2,-27,-25,-1,3,-34,-22,sil
10.027952194213867,-10,6,1,0,-4,-12,-26,-1,-32,-27,-10,-6,-21,-25,sil
10.051979064941406,-7,4,-8,-8,-5,-18,-31,-4,-31,-27,-12,-17,-12,-16,sil
10.051979064941406,-3,2,3,4,0,-4,-14,0,-20,-13,0,0,-20,0,sil
10.051979064941406,-1,5,5,26,7,11,12,1,-2,4,6,7,-9,4,sil
10.058547019958496,-1,6,6,16,8,18,21,4,12,13,-1,-8,-8,2,sil
10.073966026306152,1,2,3,10,7,20,21,10,17,23,-1,-9,-7,7,sil
10.073966026306152,1,-4,-6,11,6,16,26,3,13,27,1,-1,-1,11,sil
10.090603590011597,-6,-9,-5,-3,0,17,26,-2,18,18,-8,-11,-8,6,sil
10.090603590011597,-8,-13,-11,-8,-5,15,15,1,28,18,-14,-14,-11,1,sil
10.105986833572388,-8,-16,-4,-7,-8,0,1,0,17,18,-14,-5,-6,0,sil
10.105986833572388,-14,-17,3,-19,-13,-4,0,-7,5,8,-17,-8,-2,2,sil
10.121461868286133,-6,-9,4,-18,-10,0,0,-3,16,9,-7,-4,4,6,sil
10.122065782546995,16,7,11,0,2,-8,0,3,20,8,11,16,10,10,sil
10.136716604232788,28,17,4,10,9,-17,-10,-2,1,-7,18,24,6,7,sil
10.152010440826416,19,10,2,0,0,-14,-27,-8,-27,-29,12,14,2,-2,sil
10.152010440826416,8,4,1,-16,0,-12,-27,-3,-35,-33,8,7,0,-11,sil
10.152010440826416,0,11,-5,-2,12,-9,-9,0,-26,-23,5,3,-8,-15,sil
10.167461395263672,-5,16,5,28,17,7,1,1,-19,-12,-1,3,-15,-13,sil
10.184096574783323,-5,8,4,35,19,21,14,5,-8,8,0,0,0,-1,sil
10.184096574783323,-4,-2,1,17,12,17,27,4,8,26,0,-6,11,7,sil
10.184096574783323,-12,-13,-5,0,-6,8,23,1,11,14,-10,-12,3,4,sil
10.198731184005736,-14,-18,-13,-6,-14,2,11,1,6,-6,-14,-6,0,8,sil
10.198731184005736,0,-5,3,-5,-13,-3,0,0,14,-7,-2,3,8,11,sil
10.214011669158936,5,-2,-4,-14,-23,-13,-11,-5,16,-4,1,0,13,-1,sil
10.229764938354492,-4,-17,-16,-34,-29,-18,-15,-1,0,-19,-3,-2,2,-12,sil
10.229764938354492,0,-8,-2,-29,-15,-12,-11,2,-14,-28,0,8,-6,-8,sil
10.244996070861816,15,11,6,-6,0,-9,-9,1,-9,-7,12,9,-4,-4,sil
10.244996070861816,8,13,10,2,7,-5,-9,3,-2,12,23,2,0,-6,sil
10.260163068771362,-5,10,1,9,17,6,-6,4,0,8,20,2,2,-4,sil
10.260163068771362,0,14,4,25,25,17,-2,0,-3,5,3,0,-3,2,sil
10.2760112285614,5,11,11,32,20,16,5,-1,-3,18,-7,-10,-8,9,sil
10.2760112285614,-1,0,-2,19,10,7,11,-1,4,26,-4,-16,-2,9,sil
10.291964769363403,-8,-11,0,0,3,4,8,-1,11,17,-8,-15,0,6,sil
10.291964769363403,-8,-18,0,-1,-4,3,4,-4,10,11,-19,-17,-5,0,sil
10.306834697723389,-2,-16,-3,0,-10,0,2,-4,4,5,-16,-9,0,0,sil
10.306834697723389,2,-9,0,-8,-10,-2,2,0,6,2,-2,6,13,5,sil
10.322197675704956,-1,-9,-10,-19,-10,-5,0,1,13,-3,-6,5,10,4,sil
10.322197675704956,-2,-2,-5,-25,-6,-6,-5,0,8,-15,-15,8,2,-7,sil
10.338062047958374,11,10,3,-14,4,-2,0,4,5,-9,5,19,14,-5,sil
10.338062047958374,20,19,7,1,0,-4,4,7,1,-1,30,24,15,5,sil
10.353187799453735,21,27,13,6,-6,-7,-2,0,-11,-9,26,28,3,8,sil
10.353187799453735,21,29,7,8,4,-5,-7,-8,-17,-12,18,27,4,10,sil
10.368724822998049,9,20,9,11,13,-1,-9,-4,-19,-11,7,9,-2,5,sil
10.368724822998049,-9,5,3,10,0,-2,-13,0,-26,-18,-3,-10,-18,-11,sil
10.384410858154297,-17,-14,-8,1,-3,0,-5,-1,-19,-10,-5,-19,-16,-16,sil
10.384410858154297,-16,-22,-10,-8,4,12,12,-1,0,8,-8,-21,-11,-9,sil
10.399948596954346,-16,-11,-15,3,10,19,20,1,3,14,-13,-25,-13,-7,sil
10.399948596954346,-19,-1,-4,18,8,14,10,2,0,2,-12,-28,-18,-10,sil
10.41586947441101,-24,-15,-4,2,0,11,0,0,0,0,-11,-25,-22,-8,sil
10.41586947441101,-17,-24,-12,-8,-8,8,4,0,10,14,-8,-11,-12,0,sil
10.431098461151125,2,-7,7,1,-4,0,5,2,17,20,0,5,4,8,sil
10.431098461151125,7,0,3,-1,-4,-10,-5,0,20,9,5,12,15,7,sil
10.446185111999512,-1,-8,-6,-20,-13,-17,-14,2,13,0,8,15,19,1,sil
10.446185111999512,0,-4,-8,-22,-15,-21,-10,4,2,-7,7,17,17,0,sil
10.460843324661257,8,4,-4,-13,-9,-17,-12,1,-11,-18,0,8,3,-4,sil
10.460843324661257,7,9,15,0,0,-4,-14,-1,-16,-15,-2,5,0,-8,sil
10.476008176803589,8,16,15,20,13,3,2,-5,-4,2,2,6,5,4,sil
10.476008176803589,7,12,7,20,14,9,16,-4,0,6,-4,0,-1,15,sil
10.491737365722656,0,-1,-1,6,6,14,14,3,1,6,-16,-10,-4,8,sil
10.491737365722656,-1,-4,-8,8,5,11,21,7,20,20,-12,-7,9,9,sil
10.507776021957396,0,-6,6,4,0,5,25,3,33,21,-12,-8,9,13,sil
10.507776021957396,-3,-18,-7,-22,-15,3,9,-3,25,3,-15,-16,3,1,sil
10.523777961730955,3,-13,-13,-35,-13,-2,-4,-3,14,0,6,2,14,0,sil
10.523777961730955,18,6,10,-16,2,-13,-8,0,1,-2,29,24,19,4,sil
10.539815187454224,23,17,8,5,3,-22,-19,0,-23,-19,22,18,5,-10,sil
10.539815187454224,26,24,10,15,-5,-21,-30,-1,-38,-28,19,15,-3,-12,sil
10.555025815963743,13,24,12,14,1,-14,-27,-1,-21,-11,34,17,-1,4,sil
10.570757865905762,-4,9,6,11,16,-2,-10,0,-2,-1,19,8,-7,1,sil
10.570757865905762,-2,3,0,18,13,9,0,2,-8,-7,-3,4,-16,-13,sil
10.570757865905762,-5,4,-8,21,0,12,-5,-2,-12,-4,-1,-1,-15,-11,sil
10.585836172103882,-18,-2,-2,8,-1,8,-10,-5,-11,0,-4,-9,-16,-4,sil
10.585836172103882,-16,-11,-9,0,3,8,5,-2,-12,-1,-17,-9,-20,-4,sil
10.60297679901123,-13,-13,-12,-4,6,10,18,0,-15,-7,-17,-14,-19,-5,sil
10.60297679901123,-20,-7,2,-4,6,18,18,1,-7,0,-12,-17,-7,-5,sil
11.16440725326538,-9,-10,-6,2,8,15,18,-3,0,6,-15,-17,-5,-3,sil
11.16440725326538,-9,-4,4,10,12,17,28,0,20,21,-11,-15,-1,2,sil
11.180124044418337,-4,0,0,6,12,21,34,6,32,24,-6,-8,3,9,sil
11.180124044418337,-7,-12,-4,-5,6,8,16,1,24,20,-15,-8,10,11,sil
11.19567894935608,-15,-14,-14,-4,-5,-3,-5,-7,11,15,-23,-16,4,3,sil
11.19567894935608,-8,0,-16,-6,-17,-8,-8,-4,9,9,-6,-7,0,-2,sil
11.211175441741943,0,-3,-6,-21,-18,-16,-6,1,17,9,14,8,9,1,sil
11.211175441741943,4,-12,-12,-23,-12,-20,-10,0,15,2,11,6,13,6,sil
11.226802825927734,13,3,4,-8,-4,-10,-6,0,2,-9,9,9,7,-3,sil
11.226802825927734,24,19,17,7,0,-6,2,0,3,-5,25,22,11,-3,sil
11.24187707901001,31,19,8,16,0,-12,-2,0,3,-1,27,23,13,13,sil
11.24187707901001,29,19,10,15,6,-11,-11,0,-9,-14,14,16,2,11,sil
11.258050441741943,7,9,5,3,12,-3,-10,0,-21,-25,0,5,-8,-10,sil
11.258050441741943,-9,0,0,-5,5,-2,-12,0,-20,-24,-8,-3,-19,-17,sil
11.273166179656982,0,6,5,0,0,0,-11,4,-8,-13,0,1,-11,-1,sil
11.273166179656982,6,9,9,10,9,8,-1,4,0,-1,9,9,2,6,sil
11.288684129714966,-3,0,4,13,13,15,4,0,-11,-4,2,0,-1,3,sil
11.288684129714966,-11,-6,-15,12,2,9,-1,-3,-21,-5,-7,-12,-12,0,sil
11.304676055908203,-19,-11,-5,5,-7,0,-1,-3,-18,-1,-15,-20,-15,-13,sil
11.304676055908203,-21,-13,0,2,-3,11,7,-3,-11,3,-11,-17,-12,-19,sil
11.320085048675535,-10,-6,-7,8,5,19,14,-1,3,18,0,-7,0,0,sil
11.320085048675535,-7,0,2,2,0,9,10,2,14,25,-1,0,5,11,sil
11.335675477981567,-9,-8,-2,0,-5,-3,8,0,5,12,-9,-7,0,3,sil
11.335675477981567,-2,-9,0,2,-4,0,10,0,3,6,-8,-7,0,4,sil
11.351977109909058,0,-1,3,-5,-4,3,6,3,20,15,-6,-2,7,8,sil
11.351977109909058,-1,-5,-7,-21,-6,-2,2,0,23,10,-10,-7,6,0,sil
11.367101192474363,5,-14,-3,-21,-4,-2,3,3,16,1,-12,-7,6,-2,sil
11.367101192474363,1,-13,-7,-21,-2,-7,4,10,19,1,-4,3,14,3,sil
11.381677150726318,-7,-7,-14,-30,-9,-18,-10,2,7,-5,0,11,5,0,sil
11.396838426589966,-4,0,-5,-24,-13,-22,-25,-7,-15,-18,1,9,-8,-11,sil
11.396838426589966,7,5,1,-7,-10,-18,-23,-5,-19,-15,9,9,-3,-9,sil
11.41286325454712,15,13,13,1,-1,-6,-13,0,-8,-6,19,19,7,1,sil
11.41286325454712,15,19,9,3,5,1,-3,-1,0,-3,24,23,10,4,sil
11.41286325454712,20,26,11,15,9,0,1,0,3,0,30,22,10,8,sil
11.428902626037598,23,29,18,32,12,1,-3,3,0,1,31,16,11,12,sil
11.428902626037598,12,13,6,30,13,9,-4,1,-1,5,17,4,3,6,sil
11.443458795547484,3,3,11,15,11,12,9,0,-5,0,-4,-2,-8,0,sil
11.460983753204346,-6,5,3,18,8,10,12,-4,-15,-11,-14,-7,-12,-6,sil
11.460983753204346,-17,-4,-11,12,5,3,3,-2,-20,-19,-15,-17,-16,-14,sil
11.460983753204346,-18,-13,-7,-8,0,6,7,3,-17,-15,-23,-22,-22,-12,sil
11.47701859474182,-17,-8,-10,-1,0,15,15,-2,-10,-4,-30,-24,-17,-5,sil
11.47701859474182,-16,-11,-4,7,2,18,12,-4,0,5,-18,-19,-4,0,sil
11.493029594421388,-6,-21,-2,-6,0,9,11,3,16,17,-1,-17,1,2,sil
11.493029594421388,0,-13,-4,-11,-1,3,12,6,24,23,-4,-15,1,4,sil
11.50763726234436,0,-2,0,0,0,7,10,4,22,25,-12,-4,6,8,sil
11.50763726234436,0,-10,-9,-1,-8,-5,0,3,14,14,-6,4,8,11,sil
11.523035764694214,8,-7,-2,-9,-18,-23,-11,4,8,-2,0,9,7,5,sil
11.523035764694214,16,5,6,-10,-6,-12,-6,4,13,1,15,19,20,5,sil
11.537963390350342,6,0,-3,-14,-1,-7,-12,-2,8,4,24,22,21,5,sil
11.55537223815918,-11,-7,-8,-22,-16,-22,-36,-12,-12,-18,10,6,-3,-8,sil
11.55537223815918,-8,2,-4,-18,-10,-17,-32,-9,-19,-20,5,0,-12,-15,sil
11.55537223815918,10,18,9,0,9,0,-6,0,-10,-1,17,14,0,-5,sil
11.56903338432312,15,20,9,16,12,4,2,0,-5,2,15,19,3,3,sil
11.58461594581604,6,11,4,25,11,7,5,0,-9,-5,0,2,-1,2,sil
11.58461594581604,-2,6,10,16,14,10,8,0,-18,-10,-14,-8,-12,-6,sil
11.600068807601929,-11,-2,-8,3,2,5,13,-2,-13,0,-20,-10,-14,-7,sil
11.600068807601929,-13,-11,-10,0,-10,7,17,2,3,9,-18,-13,-7,1,sil
11.615589380264282,-15,-12,-2,3,-6,7,12,7,13,4,-13,-16,0,3,sil
11.615589380264282,-8,-8,-3,-5,-2,-7,7,0,10,0,-4,-11,3,0,sil
11.630943298339844,10,4,7,-17,-3,-13,5,-2,0,-1,7,10,5,0,sil
11.630943298339844,18,15,5,0,6,-7,0,2,-7,-12,14,18,2,1,sil
11.647045373916626,2,9,5,16,13,0,-8,2,-8,-11,13,1,0,-1,sil
11.647045373916626,-9,0,2,11,3,7,-3,-1,-5,9,10,-11,0,-8,sil
11.663082122802734,-7,-9,-9,4,-6,9,8,-2,3,13,-3,-11,-1,-3,sil
11.663082122802734,0,-15,1,0,-7,6,8,4,20,1,-17,-7,0,8,sil
11.678616523742676,7,-8,2,-14,0,0,-4,4,24,1,-4,0,11,10,sil
11.678616523742676,10,5,2,-21,5,-3,-20,-3,5,-2,6,11,9,0,sil
11.694242715835571,8,15,7,0,3,-1,-23,-3,-8,-13,10,21,0,-2,sil
11.694242715835571,3,6,0,11,0,0,-16,1,-2,-2,17,16,1,3,sil
11.709790229797363,-4,-7,0,-3,-2,6,-3,0,1,12,4,-2,1,3,sil
11.709790229797363,-13,-16,-6,-10,2,13,10,0,4,16,-15,-21,-4,0,sil
11.725287199020386,-11,-12,-9,-2,0,8,17,-3,8,12,-17,-19,-3,1,sil
11.725287199020386,0,-3,1,-4,-5,-3,12,-4,10,10,-8,-2,5,8,sil
11.741122007369995,9,-2,0,-3,-4,-13,2,1,12,8,8,8,17,8,sil
11.741122007369995,16,0,4,0,-5,-18,-9,6,-1,-4,19,14,13,3,sil
11.756105422973633,9,6,-1,-4,-11,-17,-13,-1,-19,-18,10,12,-2,-6,sil
11.756105422973633,0,8,-4,-8,-9,-12,-8,-6,-25,-20,-1,1,-14,-17,sil
11.771644830703735,4,17,9,12,3,0,1,-1,-23,-12,1,3,-13,-13,sil
11.771644830703735,14,26,9,42,16,7,9,0,-17,-8,4,9,-10,-2,sil
11.787133693695068,0,18,7,33,13,6,2,3,-10,-9,-8,-5,-13,-5,sil
11.787133693695068,-16,3,-2,12,8,12,4,9,-5,-2,-15,-20,-13,-8,sil
11.802279949188232,-10,-2,-6,14,12,23,23,5,3,7,-8,-8,-6,2,sil
11.802279949188232,-13,-12,-1,9,5,17,22,-2,8,8,-11,-7,-3,3,sil
11.81792950630188,-27,-24,-20,-13,-5,0,8,-7,3,6,-19,-26,-4,0,sil
11.81792950630188,-13,-17,-16,-27,-5,-3,7,-1,6,7,-15,-10,-1,5,sil
11.833720207214355,0,-15,-6,-27,-10,-1,3,2,22,6,-9,5,5,9,sil
11.833720207214355,-6,-19,-11,-24,-10,-3,-6,0,30,5,-7,-3,9,4,sil
11.84874439239502,5,0,6,-12,2,-3,-6,-2,16,3,8,4,13,6,sil
11.84874439239502,23,11,8,-6,0,-11,-14,-2,-4,-1,27,24,20,9,sil
11.863956451416016,14,0,4,-15,-13,-23,-32,0,-14,-10,24,26,21,4,sil
11.863956451416016,6,5,9,-12,-4,-20,-27,1,-8,-8,26,22,16,3,sil
11.879966497421265,19,23,14,9,9,-11,-13,0,0,3,29,18,7,4,sil
11.879966497421265,16,22,17,23,6,-2,-11,0,-1,1,16,9,-3,-6,sil
11.89502501487732,-4,7,4,19,3,9,0,0,-10,-4,7,-4,-6,-14,sil
11.89502501487732,-8,-1,2,15,5,18,16,1,-10,1,1,-11,-2,-1,sil
11.910612106323242,0,-4,-1,16,2,18,12,0,0,8,-15,-10,-4,1,sil
11.9258553981781,-7,-11,-15,4,-4,10,4,0,4,5,-28,-22,-11,-9,sil
11.9258553981781,-20,-19,-8,-16,-7,1,10,1,1,4,-28,-33,-18,-11,sil
11.9258553981781,-22,-19,-16,-16,-10,-3,12,0,8,7,-30,-29,-15,-6,sil
11.94172191619873,-10,-10,-16,-14,-8,-2,1,0,15,0,-25,-15,-9,-9,sil
11.94172191619873,7,0,0,-20,2,-4,-4,3,13,-10,-1,2,0,-6,sil
11.95837426185608,13,8,3,-17,1,-13,-10,1,-1,-15,19,17,7,-2,sil
11.95837426185608,7,15,10,-8,-3,-7,-8,0,-21,-15,23,21,7,-1,sil
11.973723888397217,8,19,11,11,13,12,6,2,-17,-5,22,17,4,8,sil
11.973723888397217,11,12,17,33,25,16,9,1,-3,0,12,13,0,19,sil
11.989114999771118,0,4,10,26,11,9,2,-2,-6,-1,0,4,-6,11,sil
11.989114999771118,-8,-1,-9,8,0,9,12,1,-3,4,0,-5,-4,5,sil
12.005025386810305,1,0,5,16,6,15,27,10,13,16,-2,-4,5,16,sil
12.005025386810305,14,1,11,28,12,15,24,2,28,29,-6,5,21,25,sil
12.021142959594728,10,-6,-1,6,-3,0,9,-9,24,31,1,13,23,18,sil
12.036937475204468,0,-17,-6,-17,-23,-18,-7,-7,2,7,0,8,3,0,sil
12.036937475204468,0,-14,-9,-14,-22,-23,-24,-7,-20,-24,-19,-6,-12,-17,sil
12.036937475204468,0,-2,-7,-15,-12,-12,-28,-6,-22,-31,-21,-5,-10,-19,sil
12.05967116355896,-3,0,-12,-21,-5,-9,-19,0,-4,-16,7,9,0,-9,sil
12.060675859451294,0,2,-4,-8,-3,-20,-23,-1,-5,-17,22,10,3,-8,sil
12.060675859451294,0,16,13,7,-2,-20,-32,-4,-19,-19,11,3,-8,-13,sil
12.070118188858032,-9,9,-1,-1,-2,-9,-23,-1,-17,-7,0,-8,-18,-11,sil
12.08399248123169,-20,-7,-7,-14,-3,1,-7,-2,-11,-4,-14,-16,-17,-11,sil
12.08399248123169,-9,1,-3,5,0,9,5,0,-14,-3,-15,-13,-12,-13,sil
12.09967589378357,0,12,0,22,7,16,21,5,-12,7,-6,-10,-10,-5,sil
12.09967589378357,-11,-3,-1,7,9,24,36,7,7,18,-4,-16,-4,0,sil
12.112805843353271,-15,-19,-13,-5,7,25,43,10,37,29,0,-18,10,7,sil
12.128904581069946,4,-7,3,-1,4,13,31,12,49,36,8,-4,20,15,sil
12.128904581069946,13,2,3,-4,3,0,10,3,41,32,11,2,27,18,sil
12.145097970962524,1,-9,-13,-22,6,-6,-1,-2,32,23,14,7,27,14,sil
12.145097970962524,-2,-11,-1,-29,7,-9,-11,-2,9,1,9,13,11,-1,sil
12.145097970962524,2,4,2,-12,0,-11,-17,-8,-16,-23,3,9,0,-10,sil
12.160154104232788,14,12,10,-3,-2,-14,-17,-3,-19,-24,12,15,0,1,sil
12.177075624465942,14,5,16,0,3,-11,-19,5,-15,-20,14,22,-3,4,sil
12.177075624465942,-2,5,0,11,2,-6,-20,-1,-31,-34,-9,-2,-21,-16,sil
12.177075624465942,-9,7,3,13,-8,1,-10,-5,-42,-38,-22,-21,-29,-22,sil
12.190797567367554,0,7,11,15,-5,14,6,3,-22,-10,-6,-5,-12,-1,sil
12.206895351409912,4,5,14,31,5,24,23,9,-1,16,0,5,1,15,sil
12.206895351409912,0,-4,0,29,5,18,25,2,9,25,-6,0,2,17,sil
12.222922801971436,-3,-12,-15,4,1,4,16,-2,21,24,-6,-4,2,18,sil
12.222922801971436,4,2,1,1,0,3,15,0,30,21,-4,-5,7,18,sil
12.238617658615112,11,9,1,10,-7,0,13,1,31,21,-1,-6,13,15,sil
12.238617658615112,7,-4,0,0,-6,-7,-1,0,20,14,4,8,13,10,sil
12.253986120224,5,-6,4,-13,0,-5,-12,-7,0,-1,2,14,3,0,sil
12.253986120224,13,4,-3,-16,-1,-6,-11,-9,-9,-16,-5,1,-7,-11,sil
12.2696533203125,13,4,4,-8,-3,-10,-10,0,0,-10,0,7,0,-9,sil
12.2696533203125,0,0,2,-5,-3,-9,-9,0,0,-2,15,20,12,0,sil
12.285256624221802,-9,-7,-9,-20,-11,-16,-14,-3,-20,-17,10,8,-2,-9,sil
12.285256624221802,-7,-9,-10,-26,-13,-24,-23,0,-27,-32,-5,-5,-20,-27,sil
12.301080226898192,-10,-7,-16,-10,-10,-22,-27,1,-23,-27,-15,-8,-16,-27,sil
12.301080226898192,-13,1,-6,0,-4,-4,-21,0,-28,-21,-10,-7,-13,-15,sil
12.316035747528076,-9,8,-6,6,11,13,-4,3,-18,-8,11,-1,-1,-5,sil
12.316035747528076,-9,3,-7,17,18,14,1,2,1,7,21,0,8,-6,sil
12.331733226776125,-12,0,6,15,12,9,1,0,8,7,5,-9,0,-9,sil
12.331733226776125,-2,4,9,15,15,18,16,2,14,15,0,-15,-3,2,sil
12.346840381622314,2,8,14,18,14,26,34,5,20,28,1,-8,6,16,sil
12.346840381622314,-5,-2,1,12,3,16,29,1,17,23,-6,-4,6,16,sil
12.361990451812744,-10,-13,-9,-4,0,5,15,0,4,11,-11,-8,0,10,sil
12.361990451812744,-1,-11,1,-13,-2,2,7,0,-5,11,-5,-5,1,7,sil
12.378027439117432,1,-9,-2,-11,-10,-2,0,-5,-7,5,-15,-10,0,5,thankyou
12.378027439117432,1,-6,-2,-9,-15,-10,-1,-8,1,-3,-33,-12,-6,4,thankyou
12.39384913444519,7,-2,-2,-13,-12,-8,6,0,18,8,-12,1,9,14,thankyou
12.39384913444519,10,1,-4,-13,-6,-5,11,4,26,20,15,15,19,20,thankyou
12.408880710601808,6,10,0,-3,1,-4,4,3,21,3,10,11,0,7,thankyou
12.408880710601808,8,13,-1,3,5,-4,-1,6,18,-6,5,5,-1,-1,thankyou
12.42499589920044,12,8,9,-2,-1,-5,-6,7,9,0,13,12,7,-4,thankyou
12.42499589920044,9,7,5,-6,-5,-8,-11,-2,-11,-13,12,14,0,-15,thankyou
12.44074535369873,7,8,-4,-1,3,-6,-15,-6,-24,-28,12,9,-6,-20,thankyou
12.44074535369873,3,5,7,-1,8,0,-21,-1,-21,-22,19,8,-2,-13,thankyou
12.455777883529665,-8,0,0,1,4,-1,-19,-7,-22,-19,9,0,-9,-15,thankyou
12.455777883529665,-6,0,2,16,7,-2,-7,-10,-27,-21,-3,-2,-13,-13,thankyou
12.47129726409912,3,6,15,25,11,5,0,1,-14,0,9,4,3,1,thankyou
12.47129726409912,-1,6,8,23,10,9,-2,7,0,15,16,0,2,2,thankyou
12.486953973770142,-14,-5,4,17,11,8,1,4,0,4,-9,-11,-20,-4,thankyou
12.486953973770142,-8,-16,-7,11,5,7,8,4,1,7,-20,-10,-10,5,thankyou
12.503068208694458,0,-16,-6,0,-13,5,11,3,13,21,-8,-3,16,17,thankyou
12.503068208694458,-4,-13,0,-7,-18,6,17,-2,17,17,-3,-2,16,18,thankyou
12.51865553855896,0,-9,-7,-5,-4,13,26,-5,13,9,-10,1,7,22,thankyou
12.51865553855896,16,-2,-1,-2,-5,9,22,0,8,8,-11,9,9,24,thankyou
12.533778190612791,15,-3,0,-7,-13,-6,13,0,9,8,-9,5,7,13,thankyou
12.533778190612791,1,-2,-4,-20,-9,-10,4,0,14,9,-9,4,6,0,thankyou
12.549832582473757,0,2,-2,-27,-2,-5,-6,1,14,8,-1,10,10,-1,thankyou
12.549832582473757,4,4,-4,-21,-5,-16,-22,0,2,-9,4,4,3,-5,thankyou
12.565711975097656,1,4,-1,-15,-9,-28,-40,-4,-19,-35,-6,-6,-13,-23,thankyou
12.565711975097656,-3,10,-11,-12,-4,-23,-33,-6,-31,-35,-5,-8,-16,-27,thankyou
12.581655502319336,0,19,-4,-1,3,-12,-9,-1,-19,-14,18,1,-7,-8,thankyou
12.581655502319336,4,21,8,12,10,-1,-2,1,-9,-12,17,4,-11,-7,thankyou
12.59707808494568,-3,5,-2,14,15,5,-4,0,-11,-16,-3,-8,-19,-22,thankyou
12.59707808494568,-16,-8,6,6,15,10,5,3,-1,-2,0,-15,-9,-14,thankyou
12.612630128860474,-19,0,5,11,9,16,14,7,9,10,5,-10,1,0,thankyou
12.612630128860474,-7,5,-2,20,6,21,11,0,1,10,-3,-9,-1,2,thankyou
12.628150939941406,1,-5,3,19,8,18,5,-3,-4,9,-5,-7,0,3,thankyou
12.628150939941406,-8,-20,-7,10,3,6,-1,-1,-3,5,-5,-16,0,3,thankyou
12.643863677978516,-15,-14,-4,-4,-7,4,-2,0,-7,5,-13,-17,-5,5,thankyou
12.643863677978516,0,-1,3,-4,-7,9,14,1,0,19,-11,-2,0,13,thankyou
12.658931493759155,3,-8,-2,-1,-4,0,23,2,9,14,-11,0,4,6,thankyou
12.658931493759155,-10,-21,-10,-7,-7,-4,15,2,6,3,-11,-9,3,0,thankyou
12.67500066757202,-2,-15,-6,-5,-5,4,11,0,15,21,11,6,17,12,thankyou
12.67500066757202,16,3,14,2,-5,4,7,0,27,24,27,30,28,20,thankyou
12.69068193435669,17,12,11,-4,-7,-4,1,0,20,4,25,28,15,10,thankyou
12.69068193435669,14,9,0,-11,0,-14,-2,1,1,-2,22,19,6,4,thankyou
12.706002712249756,15,11,12,-1,4,-18,-6,0,-1,-5,14,19,11,3,thankyou
12.706002712249756,12,13,7,5,3,-14,-8,0,14,-5,8,19,7,0,thankyou
12.722061157226562,4,6,0,-8,0,-7,-16,0,9,-9,2,11,-10,-10,thankyou
12.722061157226562,0,4,-4,-11,-1,-3,-25,-3,-18,-23,-8,-1,-23,-22,thankyou
12.73773741722107,2,14,0,8,0,0,-15,-5,-21,-23,-2,1,-13,-16,thankyou
12.73773741722107,8,17,16,10,2,4,0,0,-9,-7,10,13,0,-2,thankyou
12.752653121948242,0,4,-3,0,8,1,-7,-2,-15,-9,-1,0,-4,-1,thankyou
12.768669843673706,-10,-1,-6,1,6,0,-19,-4,-24,-18,-18,-22,-11,-4,thankyou
12.768669843673706,-5,0,6,15,2,3,-6,1,-13,-5,-7,-14,0,1,thankyou
12.784789562225342,-1,0,-1,22,11,11,13,4,1,13,-2,-6,9,8,thankyou
12.784789562225342,-11,-4,-8,11,12,12,21,2,8,13,-25,-21,0,8,thankyou
12.80069637298584,-17,-18,-17,-7,-4,6,20,0,10,4,-35,-32,-10,4,thankyou
12.80069637298584,-4,-27,-16,-22,-16,4,18,0,17,7,-13,-12,2,5,thankyou
12.80069637298584,4,-20,-8,-26,-12,-1,9,4,28,17,4,3,15,10,thankyou
12.8150155544281,5,-7,-9,-21,-10,-16,-8,-1,9,0,-2,0,0,4,thankyou
12.831798553466797,5,3,9,-12,-7,-20,-14,-4,-20,-22,-1,4,-11,-9,thankyou
12.831798553466797,0,7,7,-4,1,-6,0,0,-18,-5,17,10,2,-6,thankyou
12.845843076705933,-2,7,0,6,7,2,7,0,-7,7,14,1,1,0,thankyou
12.845843076705933,-2,8,9,24,6,8,6,-2,-11,-2,0,-1,-10,0,thankyou
12.861034154891968,-8,0,7,21,3,13,5,0,-5,5,0,0,-2,1,thankyou
12.861034154891968,-12,-9,5,1,1,13,2,2,2,21,1,-6,1,-2,thankyou
12.861034154891968,-5,-7,-4,-1,-2,2,0,0,2,14,2,-10,0,-6,thankyou
12.878144264221191,6,-3,-2,-2,-10,-9,-6,0,1,-2,8,2,6,0,thankyou
12.878144264221191,19,3,7,-7,-11,-13,-15,1,2,-5,16,23,14,4,thankyou
12.892684698104858,16,13,2,-2,0,-12,-11,0,5,0,24,27,14,0,thankyou
12.907793521881104,4,18,7,-4,4,-11,-11,0,1,-6,23,20,8,-6,thankyou
12.907793521881104,5,18,5,0,2,-6,-20,-1,-3,-19,10,10,-1,-9,thankyou
12.92388129234314,2,10,0,13,2,4,-19,-1,-10,-18,-12,-5,-15,-9,thankyou
12.92388129234314,-18,-3,-4,11,6,15,-3,0,-11,-6,-24,-17,-23,-15,thankyou
14.073126554489136,7,10,10,3,7,-5,-15,-5,-12,-9,16,17,2,-6,thankyou
14.088819980621338,15,13,18,4,9,-6,-10,4,-12,-7,14,21,2,0,thankyou
14.088819980621338,27,19,12,16,9,-1,1,7,9,14,26,30,14,16,thankyou
14.103783369064333,17,12,12,26,10,4,8,-4,9,18,12,14,4,17,thankyou
14.103783369064333,-9,-4,-2,15,5,0,2,-9,-22,-6,-17,-19,-21,-2,thankyou
14.119927883148192,-17,-7,-14,-1,-1,3,0,-2,-33,-8,-22,-25,-27,-11,thankyou
14.119927883148192,-6,-1,-6,0,0,11,8,0,-15,7,-9,-8,-11,0,thankyou
14.135209083557127,-3,-4,-10,3,1,3,3,-5,-7,3,-6,-9,-3,2,thankyou
14.135209083557127,-5,-6,-5,-5,-7,-7,-9,-2,-5,-4,-6,-15,-5,-7,thankyou
14.151058673858644,-4,-4,-4,-15,-10,-5,-8,0,5,0,-6,-16,3,-4,thankyou
14.151058673858644,0,-3,-7,-13,-6,-4,-3,1,15,3,-5,-9,14,3,thankyou
14.16666316986084,5,0,3,-9,-6,-2,1,6,21,6,8,11,20,7,thankyou
14.16666316986084,6,4,-2,-7,0,-1,6,2,29,9,21,20,26,13,thankyou
14.181748390197754,0,5,-4,-8,4,-7,-2,-1,18,-6,14,12,16,6,thankyou
14.181748390197754,-3,8,-2,-4,2,-4,-7,5,0,-17,10,12,7,-9,thankyou
14.197843313217165,0,13,0,8,5,2,2,6,-10,-9,7,7,2,-12,thankyou
14.197843313217165,-3,6,9,13,9,0,-3,-3,-28,-20,-15,-13,-21,-16,thankyou
14.213975191116331,-15,0,-3,17,8,-1,-7,-4,-37,-34,-26,-23,-34,-22,thankyou
14.213975191116331,-4,2,1,26,14,12,18,4,-15,-6,-8,-6,-14,-7,thankyou
14.230191469192505,10,-3,10,24,18,27,33,5,14,29,3,5,5,16,thankyou
14.230191469192505,-3,-23,-3,-1,-1,18,12,0,17,25,-7,-8,4,17,thankyou
14.245394945144652,-21,-30,-4,-25,-28,-2,-5,0,8,3,-24,-19,-3,2,thankyou
14.245394945144652,-8,-25,-10,-35,-27,-8,-3,3,16,6,-13,-9,0,2,thankyou
14.26077914237976,9,-19,-8,-41,-14,-5,-5,0,23,13,2,5,9,11,thankyou
14.26077914237976,11,-4,0,-29,-14,-18,-16,-8,4,1,4,8,6,5,thankyou
14.276665210723875,11,9,2,-8,-14,-28,-25,-8,-12,-13,6,10,0,-4,thankyou
14.276665210723875,21,21,15,1,2,-11,-18,3,0,-9,17,22,0,-3,thankyou
14.292069673538208,28,34,16,12,15,1,3,5,14,7,27,27,6,0,thankyou
14.292069673538208,23,31,12,21,7,0,6,0,5,9,24,22,6,0,thankyou
14.307153940200806,12,15,12,19,5,0,-4,0,-8,-3,17,11,2,0,thankyou
14.307153940200806,9,15,8,25,18,1,-1,1,-6,-2,20,8,2,4,thankyou
14.32279086112976,2,18,15,24,22,3,3,0,-8,5,17,10,1,0,thankyou
14.32279086112976,-21,-4,-1,7,10,7,-3,-1,-17,1,-6,-7,-8,-13,thankyou
14.338834762573242,-34,-19,-11,3,0,10,-5,0,-16,-6,-24,-28,-19,-15,thankyou
14.338834762573242,-23,-10,-7,6,0,10,0,-1,-11,-6,-14,-20,-11,-2,thankyou
14.354082584381104,-19,-11,-20,-3,4,7,7,0,-10,0,-7,-14,0,1,thankyou
14.354082584381104,-23,-17,-10,0,5,9,16,3,-8,0,-21,-20,-5,-1,thankyou
14.370044469833374,-18,-11,-11,5,-1,12,16,0,3,-6,-31,-26,-21,-5,thankyou
14.370044469833374,-9,-10,-23,-14,-11,4,9,-5,10,-4,-29,-23,-21,-5,thankyou
14.385022163391112,0,-7,-2,-16,-11,4,11,0,7,2,-21,-4,-5,3,thankyou
14.385022163391112,7,-2,7,1,-9,8,12,4,9,6,0,8,11,14,thankyou
14.400723457336426,12,-8,4,-13,-13,-3,5,2,18,10,19,14,25,19,thankyou
14.400723457336426,17,-3,-2,-13,-5,-7,12,3,29,23,19,15,33,23,thankyou
14.415456295013428,21,6,-4,12,2,0,16,1,24,22,7,11,23,17,thankyou
14.415456295013428,7,-2,-1,-6,-8,-14,-7,-4,1,-3,-2,2,3,-1,thankyou
14.433593034744264,-4,-14,-5,-37,-21,-32,-34,-8,-20,-26,-9,-3,-7,-19,thankyou
14.433593034744264,3,0,6,-20,-12,-25,-36,-6,-24,-26,-3,2,-4,-22,thankyou
14.44762897491455,15,14,10,-2,2,-13,-24,0,-13,-13,22,13,13,-10,thankyou
14.44762897491455,13,17,8,0,7,-9,-17,1,-1,0,36,20,19,-1,thankyou
14.462724447250366,10,26,20,15,11,0,-12,0,3,6,28,25,8,-2,thankyou
14.462724447250366,5,27,11,22,20,4,-3,0,-4,-1,18,13,0,-6,thankyou
14.478798389434814,-4,9,0,12,17,8,1,1,-16,-13,1,-15,-14,-7,thankyou
14.478798389434814,-10,-1,-6,11,2,10,2,1,-13,-11,-14,-26,-28,-5,thankyou
14.496009349822998,-6,1,-6,20,-1,9,5,1,-2,-1,-12,-11,-17,1,thankyou
14.496009349822998,-2,2,11,17,4,11,8,9,-1,5,-4,5,-4,10,thankyou
14.509740829467772,-9,-6,0,2,4,12,6,7,-3,14,-1,3,-5,10,thankyou
14.509740829467772,-12,-15,-8,-8,0,9,2,-2,-6,5,-8,-7,-7,3,thankyou
14.524972677230837,-2,-8,0,0,0,12,9,-4,1,4,-12,-2,-3,8,thankyou
14.52597451210022,1,-1,1,17,5,10,17,1,18,17,-13,0,-3,8,thankyou
14.541085958480837,-6,-9,-2,8,4,3,13,5,30,15,-16,-12,-7,-6,thankyou
14.541085958480837,-5,-16,-15,-11,1,6,22,1,32,17,-7,-14,4,-1,thankyou
14.55586314201355,9,-6,0,-4,6,10,28,0,29,33,7,7,22,21,thankyou
14.572086811065674,14,-1,10,0,2,-1,5,-3,15,14,1,14,13,19,thankyou
14.572086811065674,0,-14,-16,-29,-17,-18,-17,-7,-2,-20,-12,1,1,1,thankyou
14.586045503616331,-10,-13,-15,-46,-20,-19,-17,-2,-10,-18,-8,-1,4,-9,thankyou
14.586045503616331,-13,0,-5,-17,-2,-11,-9,-2,-14,-10,-1,-6,-3,-23,thankyou
14.60169267654419,-9,1,-2,-10,-7,-9,-5,-3,-17,-30,-13,-16,-26,-35,thankyou
14.60169267654419,-1,0,0,-25,-19,-3,-7,-1,-12,-34,-12,-13,-20,-25,thankyou
14.616838216781616,12,9,8,-11,-7,0,-6,-2,-8,-9,14,4,7,0,thankyou
14.616838216781616,25,20,28,15,5,-5,-1,0,-12,0,35,29,25,15,thankyou
14.632683753967283,18,19,16,25,8,-13,-5,4,-14,-6,34,29,23,11,thankyou
14.632683753967283,0,11,2,24,5,-9,-19,4,-18,-6,24,8,10,6,thankyou
14.648360013961792,-4,10,6,27,1,0,-15,1,-22,0,17,6,3,2,thankyou
14.648360013961792,0,12,-4,31,5,7,-2,0,-9,1,12,7,-2,-4,thankyou
14.663352727890016,-2,12,-2,27,12,14,-2,2,0,0,-4,-5,-16,-9,thankyou
14.663352727890016,-5,4,-4,17,5,17,2,0,3,2,-25,-21,-19,-8,thankyou
15.914889097213743,17,13,2,3,6,0,10,1,18,19,34,17,17,20,thankyou
15.914889097213743,20,15,15,8,6,0,12,1,13,25,35,16,18,11,thankyou
15.93105125427246,8,11,6,17,8,1,5,-3,0,9,17,0,7,-12,thankyou
15.93105125427246,-7,1,0,16,8,7,1,-5,0,-1,0,-18,-8,-19,thankyou
15.946101427078249,-14,-4,-2,14,4,7,-3,1,-10,-9,-8,-23,-16,-11,thankyou
15.946101427078249,-11,-10,-14,14,0,4,-6,1,-34,-23,-24,-24,-17,-10,thankyou
15.961482048034668,-11,-5,-5,13,4,12,7,0,-20,-12,-31,-18,-8,-2,thankyou
15.961482048034668,-13,0,-3,9,4,11,21,0,10,16,-14,-10,8,12,thankyou
15.977078914642334,-3,-8,-4,1,-10,-5,10,1,6,17,3,1,13,16,thankyou
15.977078914642334,6,-13,1,-9,-19,-15,-6,-1,-1,5,9,11,7,10,thankyou
15.99375033378601,3,-12,-4,-18,-7,-13,-17,-5,1,-2,0,9,0,0,thankyou
15.99375033378601,7,-5,-4,-24,3,-8,-24,-8,-4,-16,0,12,-2,-8,thankyou
16.007891178131104,20,6,1,-14,2,-7,-24,-3,-2,-8,24,29,10,2,thankyou
16.007891178131104,25,17,21,8,0,-7,-24,2,6,4,38,40,23,14,thankyou
16.02359962463379,18,19,27,23,-1,-6,-16,1,0,-6,15,26,12,2,thankyou
16.02359962463379,10,14,5,12,0,-2,0,0,-9,-14,-11,1,-11,-12,thankyou
16.040481090545654,4,10,2,1,4,5,5,3,-10,-7,-19,-6,-23,-12,thankyou
16.040481090545654,-5,9,0,12,1,13,4,4,-19,-9,-19,-10,-20,-7,thankyou
16.055609464645386,-20,0,-6,7,-4,12,10,0,-20,-11,-26,-25,-18,-8,thankyou
16.055609464645386,-21,-11,-11,-3,-3,17,20,0,3,3,-22,-28,-11,-3,thankyou
16.0789053440094,-13,-10,-11,8,4,26,29,7,25,20,-9,-16,0,7,thankyou
16.0789053440094,-24,-14,-4,6,3,17,24,8,22,16,-23,-25,-5,-3,thankyou
16.0789053440094,-40,-32,-23,-30,-8,-3,1,-4,8,4,-39,-39,-22,-24,thankyou
16.099695682525635,-19,-23,-12,-26,-9,-9,-9,-5,4,3,-17,-14,-9,-4,thankyou
16.099695682525635,20,12,29,22,5,3,7,5,20,21,13,20,24,31,thankyou
16.11501121520996,24,14,12,20,6,-1,16,0,31,24,7,15,25,29,thankyou
16.11501121520996,7,-4,-7,-16,-4,-16,-2,-7,12,0,-5,0,0,4,thankyou
16.130099058151245,16,0,1,-4,4,-12,-10,0,0,-10,18,14,9,6,thankyou
16.130099058151245,19,2,2,-3,0,-8,-7,1,-4,-3,35,20,22,12,thankyou
16.146180391311646,0,-11,-13,-43,-17,-15,-9,-1,-20,-6,19,5,4,-4,thankyou
16.146180391311646,0,-1,-17,-22,1,-12,-1,-1,-19,-14,23,5,2,-10,thankyou
16.16158962249756,16,16,13,10,18,-7,3,-1,-6,-15,36,20,8,0,thankyou
16.16158962249756,11,9,14,-10,-2,-8,-7,-3,-8,-9,25,15,0,-2,thankyou
16.177611827850342,-2,3,-4,-8,-4,-2,-10,0,-13,0,16,6,-1,-11,thankyou
16.177611827850342,-13,5,-2,8,14,11,-6,-1,-16,-2,3,-1,-11,-18,thankyou
16.19301176071167,-23,0,-9,-11,6,7,-15,-6,-24,-17,-23,-25,-33,-24,thankyou
16.19301176071167,-14,6,0,3,-2,1,-13,2,-20,-11,-17,-21,-23,-16,thankyou
16.20813775062561,4,18,15,54,12,12,11,11,2,20,13,11,9,9,thankyou
16.20813775062561,13,8,12,52,15,16,24,5,22,37,10,18,24,25,thankyou
16.223666667938232,11,-8,7,15,-7,11,12,-1,18,26,-22,-2,14,17,thankyou
16.223666667938232,0,-19,-14,-7,-19,14,9,-1,13,13,-38,-21,-2,4,thankyou
16.2396879196167,-6,-15,-11,-16,-5,14,15,0,21,0,-24,-19,-7,3,thankyou
16.2396879196167,2,-2,0,-10,0,0,4,0,24,-9,-5,-3,4,6,thankyou
16.25559115409851,3,-1,-5,-12,-10,-14,-12,2,14,-9,-1,3,8,0,thankyou
16.25559115409851,-1,0,2,-21,-13,-13,-19,6,3,-11,2,10,2,-9,thankyou
16.271055221557617,-2,7,4,-5,-4,-12,-20,0,-14,-26,7,13,-1,-15,thankyou
16.271055221557617,-3,8,1,3,0,-18,-18,-8,-32,-29,0,4,-3,-12,thankyou
16.28716468811035,0,7,4,5,7,-9,-1,0,-12,-1,13,1,6,0,thankyou
16.28716468811035,1,8,6,16,9,3,6,2,7,16,19,5,8,10,thankyou
16.302788257598877,-7,0,4,14,-3,4,-3,-10,-13,-1,-20,-8,-20,-1,thankyou
16.302788257598877,-13,-8,-11,3,-8,0,-1,-11,-29,-10,-37,-25,-32,-9,thankyou
16.31816029548645,-2,-4,-5,3,0,7,12,3,-1,7,-9,-14,-8,4,thankyou
16.31816029548645,5,-6,7,-2,-1,10,15,4,24,20,0,1,11,15,thankyou
16.334228515625,9,-11,-2,-15,-7,-4,7,0,20,13,0,5,15,12,thankyou
16.334228515625,15,-2,2,-17,-6,-15,-3,4,3,-1,6,12,7,6,thankyou
16.35002303123474,8,-1,-1,-23,-12,-15,-10,3,-8,-18,8,10,-7,-3,thankyou
16.35002303123474,0,0,-9,-20,-12,-10,-4,-1,-16,-25,5,0,-12,-16,thankyou
16.365835666656494,-2,15,-1,3,7,8,5,0,-14,-14,5,-1,-4,-18,thankyou
16.365835666656494,-6,16,-1,19,26,23,14,2,-2,9,3,-4,0,-5,thankyou
16.381962776184082,-9,8,6,20,31,26,21,5,12,29,8,-2,3,11,thankyou
16.381962776184082,-5,8,1,27,30,25,26,6,34,39,19,7,20,20,thankyou
16.397419929504395,-2,12,-3,26,14,14,18,2,41,37,12,9,22,17,thankyou
16.397419929504395,5,1,4,6,1,1,7,0,26,26,0,7,14,16,thankyou
16.413538694381714,4,-14,-4,-19,7,-15,-5,-5,5,0,0,5,8,5,thankyou
16.413538694381714,-13,-19,-6,-52,-21,-37,-34,-15,-23,-43,-9,-3,-11,-30,thankyou
16.428683280944824,8,-68,5,-62,-83,-43,-49,-13,-47,-58,-14,-10,-29,-45,thankyou
16.428683280944824,55,-113,23,-36,-62,-22,-33,0,-34,-33,11,8,-12,-12,thankyou
16.444762229919434,19,-2,11,14,43,10,-12,3,-7,-7,33,22,7,9,thankyou
16.444762229919434,-47,120,-27,63,85,22,0,2,-2,6,19,0,1,2,thankyou
16.46102476119995,-29,56,-8,59,40,15,10,6,-6,16,-1,-12,-2,1,thankyou
16.46102476119995,3,-8,6,23,6,13,9,4,-6,15,-8,-6,2,12,thankyou
16.476816415786743,-7,23,-10,16,-3,15,4,0,-6,7,-21,-14,-5,11,thankyou
16.476816415786743,-1,8,2,15,-10,10,14,-1,1,6,-37,-22,-16,3,thankyou
16.491981983184814,9,-14,6,-6,-14,0,23,0,14,9,-31,-16,-4,1,thankyou
16.491981983184814,-7,24,-6,-23,-29,-1,9,0,9,0,-21,-15,4,0,thankyou
16.50764298439026,-8,18,-8,-19,-27,5,5,0,8,-2,-17,-12,3,-2,sil
16.50764298439026,9,-4,2,-5,0,10,23,2,32,14,-2,4,13,5,sil
16.52281928062439,1,41,8,0,0,-2,14,3,34,14,7,12,12,6,sil
16.52281928062439,-16,43,-14,-15,-19,-22,-19,-4,0,-13,0,0,-7,-6,sil
16.538204431533813,-2,-32,-8,-25,-15,-19,-24,-1,-18,-26,3,1,-7,-6,sil
16.538204431533813,16,-63,12,-11,-5,-8,-5,7,-3,-10,20,17,10,2,sil
16.553688526153564,6,-41,4,-12,-10,-17,-10,-1,-2,-1,23,11,7,-2,sil
16.553688526153564,-8,-29,-3,-21,-4,-18,-20,-10,-19,-10,13,5,-6,-10,sil
16.569085359573364,-8,-25,-3,-8,4,-12,-15,-4,-21,-15,6,8,-8,-9,sil
16.569085359573364,-4,-23,2,-13,-16,-12,-17,0,-19,-19,-1,7,-10,-13,sil
16.58467960357666,4,-15,1,-16,-14,1,-10,2,-7,-9,4,11,-5,-8,sil
16.58467960357666,18,17,7,29,39,20,9,10,18,19,27,22,14,13,sil
16.600888967514038,17,42,26,62,59,27,16,9,27,36,32,23,26,23,sil
16.601255178451538,11,27,13,35,26,24,20,0,13,28,24,12,18,20,sil
16.616952419281006,19,10,3,20,16,18,26,1,5,18,14,5,8,18,sil
16.616952419281006,22,12,8,37,31,11,22,0,7,9,-4,-5,1,8,sil
16.63285541534424,0,14,-3,28,16,6,11,-4,0,-4,-24,-24,-12,-3,sil
16.63285541534424,-18,5,-6,0,-14,6,6,-1,-6,-10,-35,-32,-24,-8,sil
16.647933959960938,-13,-15,-12,-12,-14,2,6,-2,0,0,-35,-27,-15,-4,sil
16.647933959960938,-3,-18,-11,-15,-2,-4,3,-7,3,4,-34,-21,-6,-4,sil
16.66390824317932,-10,-6,-6,-27,-17,-6,-5,-3,-5,-2,-29,-15,-7,-7,sil
16.66390824317932,-18,-10,-16,-32,-24,-6,-11,0,-1,2,-10,-3,3,0,sil
16.6789767742157,-8,-5,-3,-20,-8,-11,-11,0,4,4,3,12,15,5,sil
16.6789767742157,1,4,-2,-22,-15,-20,-15,-4,-10,-20,0,10,6,-7,sil
16.694669723510742,-7,-1,-17,-42,-30,-27,-27,-3,-29,-38,1,-4,-9,-26,sil
16.694669723510742,-18,0,-11,-29,-18,-15,-30,0,-27,-26,17,-2,-11,-29,sil
16.709847450256348,-9,14,0,7,-1,-4,-18,-1,-16,-8,22,4,-5,-15,sil
16.709847450256348,3,13,14,15,7,-1,-7,2,-15,-8,13,4,-7,-4,sil
16.72563409805298,0,8,6,12,12,4,0,8,-10,-8,7,-3,-8,-4,sil
16.72563409805298,-3,6,4,24,11,18,19,3,11,7,1,-2,2,5,sil
16.740941047668457,8,8,20,37,19,30,39,0,40,35,4,5,14,24,sil
16.740941047668457,7,0,6,29,17,19,37,4,46,45,1,-4,7,23,sil
16.757180213928223,-10,-22,-9,-4,-7,-2,13,2,22,17,-19,-19,-5,9,sil
16.757180213928223,-1,-28,-4,-20,-17,-9,-6,-1,11,0,-10,0,5,13,sil
16.773702144622803,27,-4,8,-1,-9,-7,-9,0,13,2,22,31,22,18,sil
16.773702144622803,25,7,14,1,-3,-6,-11,0,-1,-6,16,28,7,5,sil
16.7881281375885,1,-3,-4,-16,1,-9,-21,-4,-27,-25,0,7,-10,-5,sil
16.7881281375885,-2,-1,0,-7,8,-2,-24,-1,-29,-24,10,4,-9,-8,sil
16.801838636398315,1,9,10,28,15,17,-1,2,-5,-1,8,5,0,-4,sil
16.818922519683838,-2,3,1,33,14,17,18,1,12,17,-9,-6,4,5,sil
16.818922519683838,0,-11,1,0,-1,6,15,0,8,13,-7,-13,7,10,sil
16.83408546447754,3,-18,-8,-14,-7,5,13,-1,5,5,0,-4,7,3,sil
16.83408546447754,0,-12,-11,-13,0,-1,16,0,9,4,-9,3,7,1,sil
16.84898591041565,2,-1,-8,-22,-5,-17,6,4,4,-1,-9,4,7,-2,sil
16.84898591041565,8,9,-5,-21,-7,-19,-5,1,-11,-11,3,6,0,-14,sil
16.865140438079834,7,26,15,2,10,-7,-9,-1,-20,-14,10,14,-9,-18,sil
16.865140438079834,7,32,13,21,22,0,-4,0,-6,-2,14,11,-2,-10,sil
16.881354093551636,9,25,8,20,17,1,1,5,2,7,14,6,4,3,sil
16.882358074188232,-1,14,4,15,5,2,-1,1,-10,4,3,3,-6,8,sil
16.898988723754883,-21,-4,-13,1,-9,1,-12,-7,-25,-11,-19,-17,-25,-8,sil
16.898988723754883,-30,-20,-14,-17,-15,1,-9,-5,-17,-20,-37,-42,-26,-21,sil
16.898988723754883,-25,-17,-15,-16,-11,0,0,0,0,-2,-27,-38,-9,-4,sil
16.91275715827942,-12,-9,-11,-9,-15,0,2,0,18,23,-9,-13,6,8,sil
16.91275715827942,-4,-9,-6,-15,-15,1,1,-1,23,20,-3,-3,12,7,sil
16.928191900253296,0,-4,-8,-18,-6,-4,-2,0,13,0,-1,-4,10,7,sil
16.945762634277344,9,13,6,-10,-1,-4,-8,1,12,-4,9,10,10,5,sil
16.945762634277344,17,18,10,0,2,0,-3,4,23,1,27,22,10,1,sil
16.945762634277344,10,10,6,6,1,-4,-6,0,8,-1,25,7,-2,-1,sil
16.959808349609375,-4,11,9,14,-2,0,-12,-4,-17,-8,10,-5,-11,-15,sil
16.97504711151123,-10,6,0,20,3,10,0,0,-11,-3,5,-6,-5,-11,sil
16.97504711151123,-1,-14,2,18,7,16,12,4,-8,0,-2,-2,-6,3,sil
16.991084098815918,1,-24,2,10,2,16,15,-2,-17,0,-10,1,-4,10,sil
16.991084098815918,2,-21,4,6,2,10,17,-3,-3,7,-6,7,4,15,sil
17.005767583847046,8,-32,10,1,0,0,6,2,18,14,0,14,12,21,sil
17.005767583847046,4,-41,-5,-13,-7,-14,-10,0,21,11,6,15,14,9,sil
17.02186346054077,5,-11,-2,-20,1,-20,-14,-2,13,0,12,23,14,-2,sil
17.02186346054077,19,18,3,0,16,-12,-6,1,0,-7,13,29,12,0,sil
17.03744602203369,19,14,0,13,12,-5,1,1,-21,-17,1,13,1,0,sil
17.03744602203369,-3,0,4,10,4,0,3,-4,-38,-25,-12,-8,-13,-14,sil
17.053451776504517,-23,-25,-4,3,5,2,0,-5,-39,-23,-21,-23,-23,-23,sil
17.053451776504517,-21,-32,-8,-6,4,7,5,0,-25,-16,-32,-33,-29,-21,sil
17.069684982299805,-10,18,-8,-4,1,17,18,3,-1,1,-27,-28,-22,-11,sil
17.069684982299805,4,63,-4,13,4,15,21,4,23,31,7,0,5,13,sil
17.087600469589233,16,48,15,14,1,0,12,3,30,36,25,12,22,29,sil
17.087600469589233,11,21,6,-4,-12,-8,2,0,22,17,5,0,15,21,sil
17.087600469589233,-4,5,-10,-22,-25,-7,-7,4,21,7,-6,-7,10,8,sil
17.1007821559906,-13,-7,-19,-28,-20,-8,-16,5,31,13,1,-6,7,-6,sil
17.115737199783325,-6,0,-10,-19,-8,-12,-19,0,22,5,5,-6,0,-22,sil
17.115737199783325,5,13,13,-7,0,-10,-13,-2,0,-14,5,7,-2,-15,sil
17.130874395370483,10,9,10,0,3,-7,-4,0,-8,-17,14,23,4,1,sil
17.130874395370483,17,16,14,13,9,-4,-9,-1,-9,-11,25,29,13,8,sil
17.1462984085083,21,24,21,26,14,4,-14,-2,-11,-7,30,27,19,13,sil
17.1462984085083,5,1,1,20,12,11,-7,-3,-11,-3,12,4,6,13,sil
17.162426710128784,-16,-19,-4,10,6,14,-3,-2,-17,-4,-17,-19,-21,-7,sil
17.162426710128784,-21,-22,-8,10,4,9,0,0,-23,-6,-26,-23,-30,-23,sil
17.177958011627197,-11,-25,-5,3,0,3,14,1,-14,0,-17,-11,-10,-6,sil
17.177958011627197,-2,-29,0,-8,-9,3,21,-1,1,7,-10,-3,7,17,sil
17.193650245666504,-6,-29,-13,-12,-16,2,12,-5,0,3,-10,-7,2,16,sil
17.193650245666504,-13,-25,-10,-14,-9,0,5,0,-3,1,-17,-13,-6,-4,sil
17.209675788879395,-10,-21,-12,-19,-7,-8,1,0,5,4,-17,-16,-4,-10,sil
17.209675788879395,-4,-19,-12,-26,-16,-14,-13,-1,8,-7,-6,-13,-6,-7,sil
17.22537589073181,-3,-2,0,-21,-7,-6,-18,0,0,-17,11,1,-6,-12,sil
17.22537589073181,2,22,6,3,22,0,-1,2,0,-1,30,16,5,-12,sil
17.240838289260864,9,29,16,24,29,-2,3,1,2,7,25,14,5,-3,sil
17.240838289260864,3,11,6,20,8,-3,0,2,-6,1,3,-2,-8,-2,sil
17.256014347076416,-2,0,-1,8,-5,5,2,0,-11,2,-11,-10,-9,-4,sil
17.256014347076416,0,3,3,9,-3,13,11,-1,9,14,-10,1,4,7,sil
17.272141933441162,10,4,-1,6,0,10,18,2,36,21,0,9,13,18,sil
17.272141933441162,16,4,3,-6,-3,2,11,7,24,8,-2,7,8,12,sil
17.28767728805542,22,6,4,-4,-4,-2,1,-1,0,-2,-4,16,13,15,sil
17.28767728805542,21,6,2,0,0,-10,-2,-6,-3,-5,8,30,20,20,sil
17.303608655929565,12,11,11,-9,-2,-11,-8,4,-5,-12,18,26,5,0,sil
17.303608655929565,7,21,10,7,2,0,-10,10,-9,-9,12,6,-7,-10,sil
17.319106578826904,6,20,15,38,16,9,2,3,-11,3,4,-6,-4,0,sil
17.319106578826904,-8,0,0,25,11,10,10,-4,-16,-2,-5,-19,-7,-5,sil
17.33462953567505,-18,-8,-15,-5,-5,8,1,-8,-17,-17,-20,-23,-16,-15,sil
17.33462953567505,-16,-1,-2,0,-2,10,-3,-3,-2,-5,-16,-18,-11,-2,sil
17.350162744522095,-15,-3,-7,12,4,6,2,0,15,10,0,-17,0,8,sil
17.350162744522095,-5,-11,-3,3,-3,0,3,0,21,12,3,-7,6,4,sil
17.365639209747314,0,-14,-4,-7,-9,-3,-2,-2,9,11,-2,3,9,5,sil
17.365639209747314,-12,-15,-20,-18,-5,-7,-10,-2,-4,7,-9,0,1,4,sil
17.38101053237915,-21,-10,-9,-27,-7,-9,-15,0,-8,-4,-2,-2,-5,-5,sil
17.38101053237915,-16,-11,-7,-30,-13,-9,-10,-2,-2,-8,7,0,0,-13,sil
17.396440029144287,-6,-17,-6,-33,-13,-13,-4,-3,0,-5,0,-1,0,-7,sil
17.396440029144287,3,-5,-2,-26,-3,-11,-5,-1,2,0,-1,1,-2,0,sil
17.41203784942627,8,9,0,-1,8,-1,-6,1,3,1,6,7,0,-4,sil
17.41203784942627,7,10,5,3,11,1,-4,3,-5,-6,4,10,0,-12,sil
17.427993297576904,6,4,0,-3,7,-5,-2,9,0,-7,9,9,-1,-7,sil
17.427993297576904,9,5,6,0,3,-8,-4,8,2,-1,18,4,1,2,sil
17.443705081939697,9,12,18,13,7,-1,0,0,-11,-5,3,0,-5,3,sil
17.443705081939697,9,16,10,23,16,8,10,-3,-21,-13,-11,-3,-13,1,sil
17.458741664886475,5,12,10,26,17,17,19,0,-11,-4,-7,-4,-2,0,sil
17.458741664886475,0,0,2,28,3,15,21,1,6,18,-1,-5,13,5,sil
17.473912715911865,4,-6,3,23,-8,8,23,3,25,33,0,1,17,18,sil
17.473912715911865,16,-3,5,9,-10,5,14,0,26,25,0,5,11,21,sil
17.49000859260559,5,-10,-8,-6,-16,-7,-9,-9,1,-1,-10,-5,0,3,sil
17.49000859260559,-7,-12,-7,-18,-24,-21,-21,-11,-13,-23,-20,-6,-4,-13,sil
17.505500078201294,0,0,-9,-19,-13,-15,-11,-3,-6,-25,-1,5,-5,-14,sil
17.505500078201294,6,13,-4,-10,0,-3,-10,0,-1,-15,13,11,-5,-12,sil
17.521433353424072,1,15,14,3,3,0,-11,0,1,1,15,16,0,-8,sil
17.521433353424072,0,13,11,19,11,6,0,0,5,8,21,11,5,5,sil
17.53667712211609,-1,12,9,22,18,23,11,4,-2,-2,12,0,-3,10,sil
17.53667712211609,-7,4,-2,18,12,25,13,3,-6,1,0,-7,-8,3,sil
17.55302882194519,-13,-7,-13,13,6,14,11,2,-2,19,-3,-15,-4,0,sil
17.55302882194519,-19,-12,-10,0,4,13,15,6,5,21,-6,-24,-5,-1,sil
17.56716823577881,-17,-11,-12,-8,0,16,18,3,15,17,-18,-21,-6,3,sil
17.56716823577881,-2,-14,0,-3,-2,5,3,-3,12,8,-26,-12,-4,9,sil
17.583802938461304,5,-17,-5,-7,-5,-14,-5,-8,7,0,-12,0,4,7,sil
17.583802938461304,-2,-13,-11,-30,-14,-23,-8,-4,-1,-8,2,10,9,1,sil
17.599852800369263,-8,-10,-1,-37,-20,-18,-20,-1,-17,-20,-3,9,-2,-3,sil
17.599852800369263,4,-7,-4,-21,-11,-10,-16,0,-5,-13,-5,7,-2,-4,sil
17.61492156982422,14,0,3,-16,-5,-7,0,3,20,2,5,19,15,1,sil
17.61492156982422,0,1,-2,-12,-5,-9,-4,3,8,-6,2,12,12,0,sil
17.631762742996216,-10,0,-11,-10,-3,-12,-13,-2,-20,-23,-8,-5,-8,-9,sil
17.64680504798889,0,5,4,-10,0,-9,-2,-3,-24,-14,-2,-5,-8,-11,sil
17.64680504798889,3,10,7,6,4,-7,0,0,-11,-2,8,-2,1,-5,sil
17.66198468208313,4,11,14,13,7,-8,-5,3,-1,2,7,-1,1,-2,sil
17.66198468208313,12,14,16,5,6,-4,0,0,7,14,12,3,5,-2,sil
17.66198468208313,16,15,4,16,5,1,0,-8,7,17,23,9,12,-2,sil
17.677078008651733,18,17,13,29,13,12,-5,-4,0,7,18,13,8,4,sil
17.69415783882141,20,18,10,33,24,17,1,3,0,5,9,9,4,15,thankyou
17.69415783882141,15,15,8,33,19,11,5,5,2,7,13,6,7,18,thankyou
17.69415783882141,10,7,9,16,10,4,-2,3,7,9,25,11,13,9,thankyou
17.709790229797363,1,-1,0,-1,9,2,-7,2,5,1,13,4,7,0,thankyou
17.724916696548462,-16,-9,-7,-2,1,1,-9,1,-12,-19,-12,-15,-17,-14,thankyou
17.725917100906372,-27,-12,-21,-6,-13,0,-5,0,-16,-20,-18,-24,-29,-17,thankyou
17.725917100906372,-26,-16,-15,-15,-19,0,12,0,-2,-10,-21,-21,-22,-13,thankyou
17.74001717567444,-29,-23,-10,-17,-23,1,25,1,0,-18,-34,-26,-20,-19,thankyou
17.758082628250122,-29,-21,-22,-18,-19,6,23,-2,0,-16,-32,-33,-21,-23,thankyou
17.758082628250122,-15,-9,-2,-5,-2,13,18,-3,6,10,-12,-11,-9,-7,thankyou
17.758082628250122,0,-3,12,16,4,10,12,-1,-1,22,0,12,4,14,thankyou
17.773667812347412,9,2,7,12,1,2,6,-1,-10,10,1,14,5,20,thankyou
17.773667812347412,8,10,1,-1,0,8,9,-1,7,10,3,8,7,16,thankyou
17.788691997528076,5,1,-1,1,0,2,10,-1,22,18,7,7,17,16,thankyou
17.788691997528076,14,0,9,7,0,-11,3,3,18,22,2,11,16,19,thankyou
17.804078578948975,22,8,0,-3,-3,-4,1,8,22,19,-2,9,8,19,thankyou
17.804078578948975,16,-4,-10,-25,-12,1,-5,0,23,6,-3,4,7,13,thankyou
17.820984601974487,8,-16,-7,-27,-10,-11,-14,-4,3,-8,0,7,9,0,thankyou
17.820984601974487,4,-5,-7,-11,-1,-21,-16,-2,-11,-16,0,5,3,-9,thankyou
17.833642721176147,0,1,4,-10,-4,-18,-26,-1,-16,-21,2,3,-7,-10,thankyou
17.85171365737915,1,4,7,-10,-3,-14,-35,-2,-9,-11,12,14,-3,-2,thankyou
17.85171365737915,10,16,11,5,4,-8,-23,3,4,5,22,22,11,3,thankyou
17.85171365737915,7,15,12,2,4,-2,-7,4,4,2,19,16,12,0,thankyou
17.86648201942444,-3,0,-1,-5,6,-2,-1,-2,-14,-17,8,0,-1,-8,thankyou
17.86648201942444,-9,0,4,2,11,0,-2,-2,-30,-30,-9,-9,-15,-15,thankyou
17.88081693649292,-14,7,0,11,13,5,-3,1,-30,-18,-15,-15,-13,-15,thankyou
17.8961443901062,-8,7,-4,11,13,9,-3,1,-24,-1,1,-9,-3,-9,thankyou
17.8961443901062,0,11,13,19,15,13,-1,-1,-6,5,17,-1,6,-7,thankyou
17.91167974472046,-11,1,-1,20,16,14,-2,-4,3,0,2,-17,0,-15,thankyou
17.91167974472046,-23,-9,-14,14,16,17,1,-3,-4,-2,-21,-39,-21,-20,thankyou
17.92689538002014,-14,-5,-9,20,10,19,23,2,0,7,-22,-32,-18,-8,thankyou
17.92689538002014,-10,-8,-11,10,-3,12,36,4,18,18,-14,-14,0,3,thankyou
17.942903757095337,-11,-20,-9,-10,-9,11,33,1,19,20,-13,-14,1,6,thankyou
17.942903757095337,0,-13,-6,-1,-11,13,34,1,25,24,-11,-12,2,15,thankyou
17.958345890045166,9,0,5,7,-24,-3,34,7,34,23,-2,6,14,26,thankyou
17.958345890045166,7,-3,0,-21,-27,-22,12,2,24,7,6,15,15,17,thankyou
17.97393226623535,7,-9,-7,-37,-11,-21,-9,-6,7,-8,5,11,-2,3,thankyou
17.97393226623535,18,7,16,-9,-3,-14,-14,-3,2,-15,9,25,-7,4,thankyou
17.98908019065857,32,21,18,9,-1,-12,-10,2,9,0,36,48,19,16,thankyou
17.98908019065857,32,18,11,0,-1,-10,-18,1,5,8,45,48,33,17,thankyou
18.004834413528442,16,7,5,-6,-5,-14,-25,-1,-10,-7,21,24,8,4,thankyou
18.004834413528442,5,0,4,-7,-2,-19,-19,-4,-20,-18,6,6,-7,0,thankyou
18.020815134048465,4,0,11,-15,2,-7,-25,-7,-31,-19,-4,8,-5,-5,thankyou
18.020815134048465,-3,1,-5,-6,0,-1,-37,-7,-46,-30,-21,-1,-15,-19,thankyou
18.03593420982361,-8,0,-11,3,0,0,-21,0,-35,-18,-9,-11,-13,-13,thankyou
18.03593420982361,-8,0,-3,7,8,15,9,6,-1,12,7,-5,2,3,thankyou
18.051648139953613,-13,-2,-8,11,13,20,15,2,8,8,-11,-16,-8,-1,thankyou
18.051648139953613,-22,-4,-6,14,8,10,5,1,3,-5,-31,-37,-28,-18,thankyou
18.067238092422485,-22,-6,-10,16,8,18,12,0,7,10,-17,-34,-11,-19,thankyou
18.067238092422485,-17,-4,-3,17,15,29,26,0,11,25,-4,-17,3,-4,thankyou
18.08859944343567,-9,5,8,21,19,19,33,5,16,22,0,-5,4,11,thankyou
18.08859944343567,0,4,0,13,9,3,17,3,14,14,0,-2,4,10,thankyou
18.08859944343567,-1,-10,-1,-9,-11,-8,-10,0,0,0,-18,-10,-4,-7,thankyou
18.098633527755737,-11,-22,-10,-25,-19,-17,-13,-1,4,6,-26,-17,-4,-11,thankyou
18.114752292633057,-12,-19,-15,-27,-16,-13,-1,-2,19,14,-15,-14,2,-2,thankyou
18.114752292633057,-4,-9,-8,-27,-13,-4,-10,-2,0,-10,-9,-6,-5,-5,thankyou
18.13070178031921,11,1,-3,-8,-2,-4,-14,-2,-25,-30,-1,6,-8,-1,thankyou
18.13070178031921,31,16,21,7,3,-6,2,-2,-10,-20,18,31,15,14,thankyou
18.146272897720337,29,14,17,1,-2,-6,13,0,22,-7,37,39,31,22,thankyou
18.146272897720337,10,0,-2,-8,-6,-5,7,4,23,-3,31,22,21,15,thankyou
18.161415338516235,-1,-5,0,-14,-7,-5,0,2,6,1,19,13,10,0,thankyou
18.161415338516235,-7,0,-1,-15,-7,-7,-7,0,6,1,19,7,6,-11,thankyou
18.17664122581482,-4,14,6,0,2,0,-12,3,0,-8,14,4,-5,-7,thankyou
18.17664122581482,0,17,4,15,10,4,-9,1,-22,-17,1,1,-12,0,thankyou
18.191726207733154,-2,0,-2,8,2,-5,-6,-6,-31,-14,-13,-5,-13,0,thankyou
18.191726207733154,2,0,10,10,0,-3,-5,-4,-21,-3,-15,-6,-15,0,thankyou
18.20783853530884,15,20,7,38,17,13,4,1,1,11,2,0,-7,6,thankyou
18.20783853530884,13,25,5,48,31,21,15,4,22,35,14,0,5,9,thankyou
18.2229871749878,2,7,2,32,16,18,11,0,17,44,6,-3,12,7,thankyou
18.2229871749878,-2,-8,-3,15,-1,12,4,-2,2,23,-5,-2,8,8,thankyou
18.238996028900143,-6,-19,-7,-10,-5,9,16,-4,5,2,-18,-5,1,11,thankyou
18.238996028900143,-10,-28,-19,-36,-14,0,19,-6,12,1,-21,-14,1,9,thankyou
18.255027532577515,-8,-19,-8,-38,-19,-13,-1,0,2,-1,-14,-7,2,-4,thankyou
18.255027532577515,-5,-7,-7,-27,-5,-12,-8,6,-1,-4,-6,0,1,-17,thankyou
18.2700936794281,-3,-10,-19,-23,-3,-11,3,4,6,-4,-2,-8,0,-18,sil
18.2700936794281,4,0,1,-17,-9,-15,-4,0,0,-15,-2,-8,-8,-17,sil
18.285685777664185,11,13,11,0,1,-13,-15,-1,-20,-23,0,3,-16,-10,sil
18.30100965499878,7,8,8,5,6,-8,-15,1,-28,-26,9,13,-10,-1,sil
18.30100965499878,-1,0,5,2,-1,-8,-19,7,-22,-24,17,17,-1,0,sil
18.30100965499878,-4,4,8,11,0,-6,-17,1,-16,-12,7,7,0,2,sil
18.317041635513306,3,14,24,26,5,7,-6,-2,-9,5,1,3,0,10,sil
18.317041635513306,11,9,9,27,1,24,4,1,2,17,5,4,1,11,sil
18.332386016845703,1,-1,-6,13,3,25,13,1,17,17,-1,-2,-5,3,sil
18.332386016845703,-16,-4,-8,6,4,10,11,-1,23,19,-7,-17,-16,0,sil
18.34893655776977,-22,-2,-19,-2,-7,-2,-3,-7,5,7,-13,-24,-14,-5,sil
18.34893655776977,-22,-10,-14,-24,-16,-5,-9,-14,-16,-18,-29,-25,-16,-19,sil
18.363526821136475,-17,-18,-11,-29,-11,-5,0,-10,-7,-15,-18,-20,-25,-16,sil
18.363526821136475,2,-7,-2,-15,-1,-3,3,3,13,6,13,1,10,4,sil
18.38008546829224,13,8,4,-5,9,1,3,3,17,6,22,22,84,10,sil
18.38008546829224,4,5,2,-5,11,1,3,0,18,1,17,22,77,0,sil
18.39577627182007,4,3,10,-9,2,-4,5,8,21,8,22,21,6,1,sil
18.39577627182007,12,11,6,-3,4,-5,10,11,12,10,28,20,-11,13,sil
18.40993022918701,0,2,5,9,6,2,7,2,-7,-4,7,2,-7,7,sil
18.40993022918701,-14,-8,6,20,0,9,5,1,-25,-16,-30,-16,-36,-6,sil
18.426798105239868,-4,-5,0,25,0,10,14,5,-13,0,-33,-17,-36,0,sil
18.426798105239868,14,-4,8,12,2,11,9,3,14,21,-11,-6,-6,19,sil
18.44219422340393,18,-9,1,2,0,6,0,-2,32,20,-2,3,7,28,sil
18.44219422340393,23,2,-4,7,-2,-8,0,-2,16,8,0,11,9,18,sil
18.45889186859131,25,11,10,3,-4,-18,-9,0,-4,0,8,13,2,0,sil
18.45889186859131,6,1,-3,-13,-7,-17,-12,-4,-11,-5,8,3,-3,-12,sil
18.47267484664917,-9,0,-11,-17,0,-8,1,-7,-17,-14,4,5,-3,-20,sil
18.48780941963196,-10,6,-10,-10,6,-1,0,-4,-22,-22,12,6,-1,-21,sil
18.48780941963196,-12,3,-8,-3,4,1,-23,-2,-20,-19,12,-4,-3,-14,sil
18.50337052345276,-15,6,9,12,3,12,-13,0,-15,0,0,-10,-6,-9,sil
18.50337052345276,-16,3,4,17,5,18,15,4,-4,11,-15,-17,-12,-13,sil
18.518898248672485,-23,-13,-12,-5,0,5,11,5,6,5,-31,-31,-17,-15,sil
18.518898248672485,-21,-20,-15,-17,-6,0,0,3,18,7,-28,-29,-4,-2,sil
18.534878253936768,0,-7,1,-3,-7,-3,1,0,28,17,1,1,19,19,sil
18.534878253936768,16,4,16,-2,-9,-14,-13,-4,9,1,26,36,28,27,sil
18.549887895584103,21,10,7,-8,-6,-18,-26,-7,-22,-20,28,38,22,18,sil
18.549887895584103,25,19,15,8,6,-9,-16,-5,-31,-17,24,19,10,8,sil
18.56537294387817,20,22,13,28,14,-1,-8,-2,-24,-9,16,5,-1,0,sil
18.56537294387817,0,11,0,19,6,5,-6,1,-21,-9,-3,-6,-11,-9,sil
18.580740928649902,-10,0,5,9,1,19,11,4,-9,1,-13,-13,-14,-7,sil
18.580740928649902,-4,-9,-8,13,4,21,33,0,18,20,-5,-13,-8,0,sil
18.59651470184326,-6,-16,-16,-4,0,6,29,0,34,19,-13,-15,-5,-2,sil
18.59651470184326,-9,-15,-7,-18,-9,-4,11,6,28,10,-21,-11,1,-3,sil
18.61229085922241,3,-10,-7,-11,-11,-3,-1,3,17,4,-5,2,8,7,sil
18.61229085922241,2,-9,-5,-27,-11,-8,-15,2,7,-7,6,11,2,0,sil
18.627819061279297,-17,-3,-15,-40,-8,-18,-25,4,-5,-14,3,0,-4,-23,sil
18.627819061279297,-15,6,-1,-7,4,-2,-7,3,-5,-11,0,-4,-2,-15,sil
18.64305639266968,-2,4,12,21,16,22,24,0,9,1,1,0,2,5,sil
18.64305639266968,-7,-10,-7,3,3,12,26,0,8,6,-3,-5,0,9,sil
18.65906810760498,-3,-18,-4,-20,-15,-8,4,0,-1,0,-10,-8,-4,12,sil
18.65906810760498,15,-6,7,-14,-9,-10,-3,0,7,0,0,7,5,22,sil
18.67472267150879,24,15,12,4,4,-9,-9,2,6,0,15,27,13,15,sil
18.67472267150879,25,25,18,11,5,-4,-14,2,-10,-4,18,27,3,2,sil
18.689834356307983,21,16,13,13,11,6,0,-1,-7,-1,13,8,-5,-1,sil
18.689834356307983,0,9,7,26,22,13,14,-4,-8,2,-9,-16,-21,-15,sil
18.705671787261963,-21,2,-12,26,13,13,5,-4,-23,0,-33,-35,-35,-28,sil
18.705671787261963,-18,-8,-17,1,-6,6,0,-10,-19,4,-29,-27,-23,-17,sil
18.7209529876709,-5,-12,-6,-2,-11,-6,-2,-13,0,10,-3,0,8,3,sil
18.72132873535156,3,-3,-3,8,-3,-14,-8,-3,12,12,22,11,32,10,sil
18.736072540283203,3,8,9,-1,-4,-9,-15,6,12,5,31,13,28,-2,sil
18.736072540283203,-13,5,-3,-13,-9,-9,-20,3,0,-12,11,3,1,-18,sil
18.7520604133606,-26,-9,-17,-4,-7,-5,-16,2,-12,-22,-11,-11,-12,-14,sil
18.7520604133606,-15,-8,5,8,4,16,6,7,3,1,-4,-7,0,3,sil
18.767642736434937,-1,-1,8,11,12,23,24,4,22,32,6,3,16,21,sil
18.767642736434937,4,-8,4,0,0,3,13,0,19,31,0,5,15,28,sil
18.782774686813354,15,-9,0,-13,-13,-11,1,1,14,7,-4,13,15,27,sil
18.782774686813354,25,1,0,-19,-13,-19,-7,0,6,-14,-2,21,11,21,sil
18.798794507980347,26,10,11,-15,-9,-22,-19,-1,-14,-29,-1,16,-1,10,sil
18.798794507980347,23,14,2,-8,0,-6,-10,-4,-30,-32,7,8,-8,-5,sil
18.814048767089844,13,15,2,1,12,12,1,-2,-32,-27,13,4,-11,-15,sil
18.814048767089844,-5,12,7,17,17,10,0,2,-24,-18,0,-3,-17,-17,sil
18.83011746406555,-14,9,-3,19,12,4,1,7,-10,-5,-7,-15,-17,-14,sil
18.83011746406555,-9,8,-5,11,12,16,14,7,0,7,2,-15,-8,-10,sil
18.84569382667541,-14,-2,-13,11,13,22,12,-3,6,14,-2,-20,-7,-9,sil
18.84569382667541,-34,-22,-13,-1,0,12,7,-8,7,8,-26,-34,-18,-16,sil
18.860901832580566,-27,-27,-9,-21,-13,4,17,4,19,16,-15,-23,-4,-7,sil
18.860901832580566,0,-15,-8,-16,-4,-2,18,6,38,33,13,3,22,11,sil
18.876219749450684,0,-9,-2,-14,-7,-12,-4,-5,22,14,3,8,16,0,sil
18.876219749450684,-6,-13,-6,-27,-21,-18,-15,-5,-5,-10,-5,0,0,-15,sil
18.89326310157776,13,-3,6,-20,-11,-17,-6,2,-3,-6,16,15,11,2,sil
18.89326310157776,26,14,19,5,4,-12,0,0,3,-2,26,28,16,15,sil
18.908005475997925,15,20,10,18,0,-7,-9,-1,-13,-15,8,16,0,6,sil
18.908005475997925,15,16,18,21,1,-2,-15,3,-19,-7,5,17,0,12,sil
18.923609733581543,18,10,10,32,12,1,-2,0,1,12,8,17,9,27,sil
18.923609733581543,2,0,0,29,3,6,2,-8,8,6,-12,-6,-4,14,sil
18.93877577781677,-13,-10,-2,7,-7,9,-2,-3,-9,-8,-35,-29,-29,-11,sil
18.93877577781677,-18,-18,-12,-10,-5,12,6,2,-5,3,-29,-25,-23,-14,sil
18.95430445671081,-11,-13,-6,-20,-1,9,14,3,25,22,-6,-3,2,2,sil
18.95430445671081,0,-1,-8,-26,0,-3,0,0,29,13,10,8,5,-1,sil
18.971111297607425,0,3,-9,-21,-1,-15,-17,0,-4,-11,9,5,-14,-22,sil
18.971111297607425,-13,5,-2,-7,-4,-11,-15,0,-22,-21,3,-3,-14,-25,sil
18.984983444213867,-14,11,-4,10,2,0,-6,0,-12,-11,-1,-11,-1,-13,sil
19.00098204612732,0,17,12,21,21,13,9,0,-6,-5,-5,-5,-1,-4,sil
19.00098204612732,3,6,10,17,17,19,21,1,-1,0,-3,0,4,2,sil
19.00098204612732,-3,-6,-6,1,-7,17,18,0,-3,3,-8,-7,13,6,sil
19.01593422889709,3,-2,-3,-2,-15,13,18,2,0,9,-11,0,18,21,sil
19.03203773498535,17,-2,3,-3,-6,-3,12,2,14,15,6,18,31,38,sil
19.03203773498535,21,-5,12,-15,-7,-21,-18,-3,9,6,24,24,31,26,sil
19.050201416015625,23,8,6,-8,-1,-20,-28,-1,-3,-3,28,18,20,8,sil
19.050201416015625,21,14,1,8,5,-16,-19,3,-2,-4,22,14,12,4,sil
19.050201416015625,2,2,6,4,0,-12,-24,-1,-8,-6,16,7,1,-11,sil
19.062837600708008,-14,1,-5,3,9,3,-17,-5,-15,-9,19,0,-8,-19,sil
19.07799506187439,-13,9,0,17,28,13,6,1,-10,-7,7,-7,-17,-9,sil
19.07799506187439,-20,-1,-2,16,18,5,13,0,-13,-5,-20,-23,-30,-17,sil
19.09605598449707,-28,-16,-15,1,-3,9,19,1,-3,4,-27,-28,-32,-20,sil
19.09605598449707,-19,-17,-13,-7,-7,22,31,7,21,15,-13,-12,-16,-1,sil
19.09605598449707,-15,-16,-14,-14,-6,7,18,0,15,6,-16,-12,-13,-4,sil
19.10989141464233,-18,-11,-2,-13,-8,0,4,-6,-8,-1,-23,-18,-18,-13,sil
19.12534499168396,0,-5,3,-7,-5,11,11,-1,0,4,-15,-3,-2,6,sil
19.12534499168396,21,-1,-1,-4,-3,0,4,3,19,9,-1,13,13,16,sil
19.14109754562378,24,5,12,0,-8,-24,-11,0,21,6,11,19,12,10,sil
19.14109754562378,20,7,8,0,-9,-19,-5,-4,18,-1,8,15,7,15,sil
19.156105041503903,15,1,4,-12,-17,-10,-5,-5,0,-20,-9,6,2,11,sil
19.156105041503903,11,0,1,-15,-18,-15,-16,-1,-18,-26,-2,2,3,-7,sil
19.17214751243592,4,0,-3,-5,-3,-17,-18,1,-20,-16,15,7,2,-7,sil
19.17214751243592,0,9,7,-3,3,-9,-20,0,-18,-14,11,11,0,0,sil
19.18772292137146,1,18,6,4,2,0,-16,0,-6,-1,9,5,5,-2,sil
19.18772292137146,0,12,2,16,9,8,-2,2,5,12,8,-1,8,-9,sil
19.203679084777832,-11,2,0,14,14,13,4,3,4,12,1,-9,2,-10,sil
19.203679084777832,-18,-1,-1,12,11,17,7,-2,0,9,-1,-13,0,-3,sil
19.219751119613647,-11,-4,9,15,16,26,14,0,-4,8,-7,-10,-6,-1,sil
19.219751119613647,-9,-4,-3,14,25,26,20,5,-4,10,-8,-7,-8,0,sil
19.235440492630005,-3,-4,-6,5,14,14,17,0,7,15,0,1,5,11,sil
19.235440492630005,4,-8,4,1,-6,2,7,-1,12,11,-6,4,7,13,sil
19.2507483959198,4,-12,-9,-7,-12,-9,-2,0,6,5,-18,-3,-1,4,sil
19.2507483959198,6,-8,-6,-24,-9,-14,-6,0,9,4,-5,1,4,4,sil
19.26619005203247,13,3,3,-17,-8,-7,-1,-2,7,-4,16,16,15,9,sil
19.26619005203247,17,17,6,6,-7,-10,0,-3,-9,-17,22,20,13,8,sil
19.281737089157104,16,18,6,7,-3,-20,-10,-1,-19,-16,19,17,6,4,sil
19.281737089157104,8,9,-4,0,3,-12,-13,3,-10,-4,14,6,3,4,sil
19.296814918518063,-8,1,-3,1,0,2,-3,7,2,3,0,-6,-2,2,sil
19.296814918518063,-29,-6,-15,3,-5,6,0,3,12,5,-14,-20,-13,-13,sil
19.31290030479431,-32,-12,-18,7,-2,9,0,1,0,0,-29,-35,-32,-32,sil
19.31290030479431,-18,-11,-6,8,5,19,14,3,-7,0,-30,-34,-30,-20,sil
19.32808828353882,-8,-16,-11,-6,0,14,24,0,16,18,-3,-18,3,4,sil
19.32808828353882,-8,-19,-3,-26,-8,2,18,-4,36,26,12,1,25,9,sil
19.34365701675415,-8,-14,1,-24,-1,-4,6,-2,21,9,0,3,10,0,sil
19.34365701675415,0,-7,0,-14,2,-14,-5,0,2,-7,-5,0,-5,-7,sil
19.358748197555546,8,2,11,-13,-7,-19,-12,-4,-3,-17,7,11,-3,-14,sil
19.358748197555546,9,7,5,-16,-9,-11,-12,-7,-18,-31,5,17,-5,-13,sil
19.37393546104431,12,9,11,-6,1,-5,-15,-3,-39,-38,0,14,-11,0,sil
19.37393546104431,26,25,28,20,8,-10,-18,-4,-41,-22,16,25,0,14,sil
19.389084815979004,34,34,27,35,4,-13,-18,-6,-30,-8,25,33,9,25,sil
19.389084815979004,31,27,21,31,7,-2,-18,2,-18,-10,13,26,-1,24,sil
19.40512228012085,19,19,8,32,14,6,-12,10,-5,-2,17,17,-8,17,sil
19.40512228012085,3,7,9,34,7,4,-1,4,0,15,21,4,0,3,sil
19.42108058929444,-4,-6,-2,28,3,9,12,-1,3,23,3,-11,4,-10,sil
19.42108058929444,-8,-9,-14,18,9,23,22,3,14,21,-13,-18,3,-8,sil
19.43681502342224,-14,-5,-6,6,6,31,25,9,18,17,-20,-17,7,0,sil
19.43681502342224,-24,-16,-19,-2,1,25,28,3,18,22,-22,-18,8,0,sil
19.452056169509888,-31,-26,-28,-19,-2,14,24,0,22,20,-27,-22,0,-6,sil
19.452056169509888,-30,-23,-25,-37,-14,3,12,4,28,13,-29,-28,-1,-7,sil
19.46812605857849,-18,-13,-23,-38,-19,-10,6,1,30,10,-20,-25,3,-5,thankyou
19.46812605857849,-3,-6,-3,-34,-10,-13,4,0,26,3,-7,-3,3,0,thankyou
19.483683586120605,2,-14,-6,-40,-10,-11,0,-3,17,-4,-1,4,5,7,thankyou
19.483683586120605,0,-19,-15,-50,-19,-21,-12,-9,-3,-15,-9,-1,3,9,thankyou
19.49972605705261,0,-7,-7,-39,-14,-25,-20,-8,-18,-24,-13,-1,-5,3,thankyou
19.49972605705261,8,-3,-3,-24,-3,-14,-19,0,-14,-20,0,7,-3,0,thankyou
19.51532530784607,13,0,13,-17,1,-8,-23,0,-14,-11,17,12,0,-7,thankyou
19.51532530784607,14,20,21,9,9,-13,-30,-4,-24,-14,17,7,-7,-12,thankyou
19.530978441238403,20,35,24,49,15,-7,-24,-4,-23,-10,19,13,-2,-4,thankyou
19.531386852264404,19,30,27,60,18,5,-8,1,-7,5,37,24,13,6,thankyou
19.5470130443573,7,21,17,47,23,9,2,5,0,7,40,19,10,4,thankyou
19.5470130443573,-1,14,12,34,19,14,11,4,-4,2,19,4,-1,-8,thankyou
19.56269121170044,-8,3,0,33,6,17,18,2,-3,7,5,-1,-3,-17,thankyou
19.56269121170044,-9,5,6,38,2,16,23,4,4,8,4,-5,-9,-11,thankyou
19.577885389328003,-5,3,10,29,6,19,32,4,8,10,2,-7,-14,1,thankyou
19.577885389328003,-3,-7,-12,10,0,17,32,-3,0,13,-7,-7,-7,5,thankyou
19.593656301498413,-4,-8,-8,0,-10,5,11,-4,-10,-1,-22,-4,-7,1,thankyou
19.593656301498413,-7,-9,-9,-9,-11,0,4,0,-5,-10,-25,-6,-9,1,thankyou
19.61018419265747,-4,-20,-16,-29,-12,0,8,3,4,-5,-27,-9,-1,11,thankyou
19.61018419265747,7,-15,-4,-33,-10,0,-5,3,18,5,-21,8,16,27,thankyou
19.626010417938232,10,-7,-7,-29,-4,-7,-22,2,33,20,4,18,29,33,thankyou
19.626010417938232,-2,-16,-12,-38,-14,-22,-29,0,24,9,9,0,15,11,thankyou
19.641637325286865,-6,-13,-17,-32,-18,-25,-37,-8,-2,-19,-10,-11,-3,-7,thankyou
19.641637325286865,6,6,-2,-11,0,-18,-38,-11,-23,-27,-6,7,-5,-9,thankyou
19.65768265724182,9,17,20,-5,6,-8,-21,-5,-30,-16,11,15,-8,-13,thankyou
19.65768265724182,-7,7,1,-11,-7,-8,-1,-4,-26,-13,8,-8,-13,-20,thankyou
19.67269206047058,-20,0,-5,-11,-3,-1,8,0,-13,-13,0,-18,-9,-21,thankyou
19.67269206047058,-18,-3,0,0,17,17,18,9,-2,-2,-3,-15,-14,-24,thankyou
19.68878722190857,-6,0,0,13,19,23,25,8,-1,6,-14,-17,-21,-19,thankyou
19.68878722190857,9,7,12,24,6,13,23,1,0,9,-11,-8,-3,3,thankyou
19.704870223999023,20,11,13,31,4,7,18,0,5,18,0,6,16,23,thankyou
19.704870223999023,17,7,12,26,5,6,19,0,15,25,-1,9,14,23,thankyou
19.720983028411865,2,-4,0,4,0,6,21,2,20,27,0,0,14,15,thankyou
19.721360206604004,-7,-15,-14,-11,-5,0,9,7,21,25,6,-2,19,13,thankyou
19.73699641227722,4,-3,2,-7,-7,-8,-8,3,16,8,10,14,15,13,thankyou
19.73699641227722,21,15,5,7,-4,-19,-19,-7,1,-10,22,26,14,8,thankyou
19.75270128250122,15,13,1,8,-3,-23,-29,-7,-13,-23,19,12,8,-2,thankyou
19.75270128250122,4,5,-2,-1,-3,-11,-25,-2,-14,-26,7,11,2,-5,thankyou
19.76803207397461,0,8,-10,-3,1,1,-6,-4,-9,-23,19,20,2,-4,thankyou
19.76803207397461,-15,2,-6,-2,6,7,0,0,-3,-13,22,4,-6,-18,thankyou
19.783775568008423,-24,-10,-12,-4,13,11,0,3,8,0,-3,-24,-23,-28,thankyou
19.783775568008423,-18,-5,-3,0,17,23,16,2,12,6,-15,-26,-20,-15,thankyou
19.799800395965576,-16,1,9,14,6,22,24,5,7,10,-4,-17,-6,0,thankyou
19.799800395965576,-15,-12,-2,12,-4,2,20,4,11,20,-9,-17,-1,2,thankyou
19.81499695777893,-6,-21,-1,-7,-8,-6,10,0,13,18,-33,-12,-9,3,thankyou
19.81499695777893,5,-10,0,-11,-11,-6,0,-1,9,4,-30,0,-2,11,thankyou
19.83107900619507,21,0,7,-1,-9,-12,-9,0,4,1,5,16,15,15,thankyou
19.831439971923828,25,11,14,1,0,-13,-11,2,-5,-1,24,22,13,0,thankyou
19.84658908843994,15,19,5,6,6,-8,-16,0,-19,-11,13,10,-1,-6,thankyou
19.84658908843994,15,14,12,9,4,-4,-30,-4,-36,-22,-1,9,-8,2,thankyou
19.861846446990967,11,5,7,5,-2,0,-28,-8,-42,-24,-5,9,-6,7,thankyou
19.861846446990967,-5,0,-5,4,0,12,0,-2,-21,-2,0,-5,0,7,thankyou
19.877037525177,-18,-13,-8,-1,4,22,22,1,2,26,-1,-14,3,11,thankyou
19.877037525177,-28,-31,-24,-23,-9,3,11,-9,2,13,-28,-22,-8,-5,thankyou
19.893056631088257,-36,-31,-27,-48,-30,-14,-4,-9,-1,-15,-44,-33,-22,-33,thankyou
19.893056631088257,-25,-13,-21,-45,-17,-3,0,6,15,-5,-18,-22,-9,-29,thankyou
19.90865898132324,-1,5,-5,-16,1,0,1,10,26,-1,7,1,4,-11,thankyou
19.90865898132324,5,18,16,3,2,-10,-7,2,9,-12,9,7,0,-10,thankyou
19.92390251159668,-1,15,8,8,5,-4,1,0,-8,-3,8,-1,-3,-11,thankyou
19.92390251159668,0,11,10,23,13,10,18,1,-13,6,11,5,0,3,thankyou
19.94072961807251,17,17,16,47,14,14,23,2,-1,7,9,18,9,24,thankyou
19.94072961807251,33,8,12,32,7,3,19,1,21,18,8,23,21,37,thankyou
19.954832792282104,34,-6,9,-9,-7,-10,3,0,35,17,17,29,26,35,thankyou
19.954832792282104,31,0,1,-16,-10,-15,-18,3,25,0,30,35,26,22,thankyou
19.97064328193665,28,20,14,15,8,-9,-19,6,7,-1,31,33,17,14,thankyou
19.97064328193665,21,21,15,27,20,-5,-7,-2,-3,4,27,22,9,12,thankyou
19.987065076828003,7,13,0,13,11,-6,-11,-11,-16,-1,22,8,6,7,thankyou
20.00068235397339,-6,5,2,8,0,0,-16,-6,-26,-15,7,-3,-3,-1,thankyou
20.00068235397339,-20,-6,-9,9,0,6,-5,-2,-18,-14,-7,-18,-17,-14,thankyou
20.015910387039185,-27,-11,-14,1,8,17,11,0,-6,-2,-15,-31,-17,-23,thankyou
20.015910387039185,-33,-15,-14,-7,7,27,23,3,-3,5,-20,-38,-7,-22,thankyou
20.03076839447021,-46,-30,-25,-17,-7,14,18,3,-4,0,-34,-44,-14,-21,thankyou
20.03076839447021,-46,-31,-18,-29,-15,-3,8,2,0,-4,-49,-44,-28,-29,thankyou
20.04617953300476,-24,-18,-16,-24,-6,0,12,0,3,1,-39,-33,-24,-26,sil
20.04617953300476,-2,-9,1,-10,-1,10,14,-3,-2,-3,-25,-16,-12,-4,sil
20.06227278709412,9,-1,12,0,-7,0,6,0,-1,-11,-19,-2,-4,10,sil
20.06227278709412,22,6,6,3,-10,-15,-3,4,14,0,2,10,8,11,sil
20.07802724838257,36,13,18,7,-2,-15,-15,6,24,14,33,34,22,14,sil
20.07802724838257,38,17,18,11,5,-12,-16,4,22,18,42,45,28,23,sil
20.101081371307373,26,14,7,0,0,-17,-27,-2,6,13,27,38,18,18,sil
20.101081371307373,16,13,9,-1,-5,-13,-42,-10,-18,0,14,23,7,2,sil
20.101081371307373,16,15,9,9,3,0,-21,-5,-22,-10,17,13,7,0,sil
20.109086513519287,6,7,2,-3,12,6,8,3,-11,-4,15,10,2,-2,sil
20.124062538146973,-21,-6,-20,-23,4,7,7,0,-10,-3,-1,-3,-13,-17,sil
20.124062538146973,-38,-7,-19,-3,0,11,2,0,-8,-12,-20,-26,-26,-26,sil
20.140103816986084,-33,-4,-8,15,4,22,20,9,8,-3,-25,-32,-15,-15,sil
20.140103816986084,-30,-15,-22,-6,-2,15,28,4,16,12,-24,-27,-7,-1,sil
20.156152963638306,-30,-29,-17,-30,-18,-1,15,-3,9,4,-22,-21,-16,1,sil
20.156152963638306,-13,-22,-6,-16,-13,-2,7,-1,11,0,-17,-8,-8,10,sil
20.17221307754517,8,-3,0,-2,-3,2,3,0,9,-1,-9,2,10,20,sil
20.17221307754517,17,4,10,-11,-9,-8,-6,-3,-4,-17,3,13,13,15,sil
20.1878182888031,31,10,13,0,-6,-17,-5,0,-3,-17,20,29,16,13,sil
20.1878182888031,46,26,29,22,11,-7,0,4,6,0,30,42,23,16,sil
20.202861547470093,38,32,27,30,21,-6,-8,0,1,8,36,27,19,12,sil
20.202861547470093,19,25,14,29,19,-15,-23,-5,-17,4,35,8,10,5,sil
20.21837282180786,4,14,10,29,14,-9,-24,-6,-29,0,20,0,0,-2,sil
20.21837282180786,-11,0,-4,22,7,4,-14,-10,-26,-3,1,-12,-8,-17,sil
20.234376668930054,-15,-3,1,17,1,14,2,-5,-16,2,-7,-18,-9,-15,sil
20.234376668930054,-12,-5,0,10,2,19,26,10,0,18,-14,-13,-3,0,sil
20.25011968612671,-17,-20,-15,-8,0,17,37,14,23,23,-24,-18,-6,-3,sil
20.25011968612671,-20,-27,-12,-23,-10,14,34,6,35,16,-27,-23,-9,-12,sil
20.265162229537964,-14,-20,-16,-28,-16,6,25,1,28,6,-16,-10,-1,-1,sil
20.265162229537964,-4,-11,-7,-34,-17,-11,2,-2,5,-12,-6,0,0,-1,sil
20.281051874160767,4,-1,0,-28,-17,-15,-23,-5,-17,-31,-2,-1,-10,-21,sil
20.281051874160767,3,8,-4,-6,-8,-7,-26,0,-20,-24,1,-2,-15,-23,sil
20.29579401016236,1,11,3,7,7,0,-16,7,-9,-5,9,5,-6,0,sil
20.29579401016236,11,10,3,19,20,8,-3,2,2,6,9,9,6,19,sil
20.311930894851685,17,7,6,18,16,10,6,0,9,13,-5,5,4,23,sil
20.311930894851685,13,-1,2,0,2,-3,1,-1,11,15,-13,2,1,18,sil
20.32786345481873,14,-6,-5,-5,-4,-10,-13,-6,9,4,0,11,15,16,sil
20.32786345481873,18,2,7,4,0,-8,-20,-6,5,-2,14,27,26,20,sil
20.34362840652465,4,11,2,2,2,-14,-17,-3,0,-4,21,18,14,7,sil
20.34362840652465,-17,4,-7,-14,-3,-17,-16,-3,-8,-19,11,-4,-6,-18,sil
20.358639240264893,-32,-3,-13,-14,-5,-4,-12,-1,-11,-25,-5,-19,-18,-32,sil
20.358639240264893,-39,-7,-18,-3,0,11,2,1,-14,-9,-19,-30,-27,-31,sil
20.373666524887085,-40,-15,-2,6,0,22,23,4,-12,2,-25,-30,-33,-29,sil
20.373666524887085,-37,-23,-2,1,-8,22,38,3,-2,7,-21,-21,-17,-20,sil
20.389763593673703,-25,-25,-14,-20,-12,9,36,1,2,10,-19,-19,1,-4,sil
20.40544557571411,-1,-10,-4,-17,-1,2,24,3,15,17,-12,-14,7,11,sil
20.40544557571411,26,9,14,12,9,3,18,4,34,26,9,9,20,30,sil
20.40544557571411,41,17,32,10,2,0,4,0,28,18,22,30,28,36,sil
20.42105460166931,40,12,12,-7,-5,-15,-20,-5,2,0,21,29,15,23,sil
20.42105460166931,38,14,5,0,-1,-23,-40,-5,-13,-8,28,35,9,15,sil
20.436800241470337,37,25,26,17,5,-15,-40,-4,-19,-6,38,47,22,17,sil
20.45260643959045,32,29,22,27,8,-9,-29,-4,-16,-2,36,37,25,15,sil
20.45260643959045,17,23,11,27,12,-4,-16,0,-18,-4,23,13,4,1,sil
20.45260643959045,0,8,-3,18,15,7,-1,1,-21,-8,8,0,-9,-12,sil
20.46821975708008,-8,-1,-6,11,12,18,13,4,-9,-3,-6,-8,-8,-16,sil
20.46821975708008,-19,-7,-6,12,5,23,25,6,1,1,-24,-21,-13,-15,sil
20.48281931877136,-34,-23,-30,1,-2,18,24,0,-5,-9,-40,-43,-30,-22,sil
20.48281931877136,-38,-36,-31,-24,-11,6,20,0,-3,-9,-46,-46,-34,-24,sil
20.499754190444943,-31,-30,-20,-33,-9,-1,27,8,28,11,-29,-28,-14,-9,sil
20.51432228088379,-15,-16,-10,-22,-9,-4,21,3,39,11,-9,-11,0,5,sil
20.515319347381592,-2,-9,0,-18,-18,-14,-1,-4,15,-2,-10,-7,0,1,sil
20.53008317947388,-6,-4,-11,-27,-18,-22,-18,-2,6,-5,-13,-13,0,-15,sil
20.53008317947388,0,4,-2,-26,-6,-13,-20,0,10,-4,6,-2,2,-17,sil
20.545080184936523,18,19,14,-3,0,-4,-15,-2,-1,-4,31,24,10,3,sil
20.545080184936523,16,24,10,15,1,-11,-15,-3,-16,-5,26,27,13,14,sil
20.56062650680542,4,19,16,17,10,-3,-17,-1,-14,-4,8,9,8,5,sil
20.56062650680542,4,10,11,18,21,14,-8,-2,-14,0,7,4,0,1,sil
20.57597804069519,1,3,6,23,12,14,0,-5,-23,-2,3,6,-7,4,sil
20.57597804069519,-2,0,4,23,0,9,6,0,-20,-4,-9,0,-1,8,sil
20.591450214385983,-1,-5,0,16,4,12,14,4,-2,10,-12,-8,2,12,sil
20.591450214385983,-6,-13,-2,5,2,11,15,1,4,15,-9,-6,-2,11,sil
20.607046127319336,-3,-17,-12,-4,-14,0,8,0,12,15,-10,0,2,7,sil
20.607046127319336,11,-10,1,-17,-16,-8,1,10,19,15,-2,8,13,10,sil
20.62411904335022,16,-5,2,-20,-6,-5,-3,6,16,10,13,13,13,13,sil
20.62411904335022,9,-2,-9,-11,-5,-9,-9,-3,8,-1,17,12,10,9,sil
20.62411904335022,12,9,8,-8,-3,-11,-15,-2,1,-12,10,16,3,0,sil
20.63870334625244,17,14,9,-9,5,-2,-12,-3,-4,-16,13,10,-7,-10,sil
20.65384531021118,7,9,2,-4,9,1,-4,-5,-7,-12,12,0,-10,-16,sil
20.65384531021118,-6,9,5,11,14,0,1,0,-3,-4,8,0,-5,-15,sil
20.67004561424256,-11,6,-2,19,19,6,5,1,-3,-2,1,-4,-9,-14,sil
20.67004561424256,-15,-2,-2,9,11,12,5,0,-11,-6,-16,-24,-16,-13,sil
20.685948848724365,-22,-3,-4,7,2,13,13,0,-6,-2,-22,-29,-10,-4,sil
20.685948848724365,-16,-5,-6,13,0,13,26,0,10,10,-15,-17,0,0,sil
20.700682878494263,-13,-14,-12,-1,-3,8,25,2,22,19,-16,-14,1,3,sil
20.700682878494263,-17,-14,-19,-15,-7,0,13,3,27,24,-13,-12,8,8,sil
20.71566700935364,-8,-9,-3,-13,-8,-8,3,0,21,14,0,0,18,7,sil
20.71566700935364,5,-13,-5,-19,-17,-23,-9,-2,1,-10,0,6,13,0,sil
20.730972051620483,11,-2,-2,-23,-21,-26,-27,-3,-16,-27,-1,11,2,-4,sil
20.730972051620483,16,19,13,-6,-11,-15,-32,-5,-21,-25,11,23,1,-6,sil
20.746655225753784,12,18,8,4,-4,-14,-28,-2,-21,-17,25,22,0,-6,sil
20.746655225753784,12,18,15,12,1,-8,-19,6,-14,-2,26,18,-2,0,sil
20.762168169021606,22,26,19,26,16,6,-5,7,-2,8,25,23,7,7,sil
20.762168169021606,16,18,12,17,16,6,0,1,-8,1,18,12,4,3,sil
20.77806115150452,-3,6,7,5,5,8,6,1,-13,0,2,-11,-16,-9,sil
20.77806115150452,-5,-2,-12,16,8,19,22,0,-2,5,-13,-23,-18,-5,sil
20.79372787475586,-6,-18,-9,9,10,20,21,-4,-9,0,-26,-17,-9,9,sil
20.79372787475586,-19,-21,-9,-8,1,14,13,-5,-19,0,-23,-16,-12,5,sil
20.80889368057251,-14,-12,-10,-6,0,11,16,1,2,12,-15,-14,-9,0,sil
20.80889368057251,3,-3,2,6,3,13,17,5,30,17,-18,-8,2,6,sil
20.824024200439453,-1,-4,-4,1,-2,5,10,0,28,16,-17,-9,1,7,sil
20.824024200439453,-15,-16,-6,-23,-11,-7,1,-5,17,9,-7,-7,-1,1,sil
20.84011697769165,-8,-21,-4,-29,-9,-10,0,0,22,7,0,0,8,3,sil
20.84011697769165,5,-6,-1,-2,-7,-4,4,2,28,15,3,7,16,10,sil
20.8553626537323,12,7,9,7,-14,-10,-9,-1,12,6,12,14,13,15,sil
20.8553626537323,8,0,0,-10,-16,-25,-32,-3,-15,-13,18,14,12,11,sil
20.87094497680664,2,0,-3,-18,-9,-18,-28,-1,-30,-22,13,11,10,-1,sil
20.87094497680664,5,14,3,0,2,3,-4,4,-13,-18,9,12,7,-3,sil
20.88686871528625,16,17,7,12,11,2,2,7,13,-10,10,13,6,4,sil
20.88686871528625,15,14,12,0,6,-9,-7,3,9,-9,9,12,0,0,sil
20.90289640426636,3,11,1,-6,2,-8,-13,-6,-15,-19,8,8,-7,-16,sil
20.90289640426636,-4,7,2,3,6,1,-7,-8,-24,-19,-2,-4,-13,-21,sil
20.91839957237244,-9,2,0,15,12,10,0,-3,-12,-3,-17,-16,-17,-19,sil
20.91839957237244,-15,-4,-17,13,11,9,3,0,-7,0,-12,-25,-17,-19,sil
20.9339566230774,-20,-7,-7,0,6,4,5,2,-12,-6,0,-26,-15,-16,sil
20.9339566230774,-18,-2,-1,1,2,7,6,0,-5,0,-4,-17,-10,-7,sil
20.949805974960327,-3,3,1,21,3,9,9,0,-1,14,-7,1,-1,0,sil
20.949805974960327,1,0,4,23,4,6,20,3,-1,20,3,10,4,4,sil
20.96542716026306,-1,-13,-5,0,0,3,25,1,15,28,5,2,5,13,sil
20.96542716026306,7,-13,5,-12,-4,0,15,2,33,31,0,7,14,26,sil
20.98134446144104,19,-7,9,-14,-8,-15,0,0,21,11,0,15,19,21,sil
20.98134446144104,11,-8,2,-25,-12,-17,-18,-5,-4,-15,-3,8,1,-1,sil
20.996602058410645,0,0,0,-27,-10,-5,-23,-6,-11,-17,8,10,-2,-9,sil
20.996602058410645,2,12,2,-1,0,-3,-13,-2,-5,-7,24,17,10,2,sil
21.011658668518063,3,20,10,25,6,0,-3,3,-11,-13,0,3,2,0,sil
21.011658668518063,-6,12,-3,21,11,19,10,8,-10,-7,-15,-15,-9,-3,sil
21.027244329452515,-20,-7,-13,-5,6,25,27,4,11,14,0,-22,-3,2,sil
21.027244329452515,-24,-20,-8,-18,-6,13,25,0,22,20,-6,-25,0,0,sil
21.043952703475952,-8,-13,-10,-3,-9,2,10,4,21,15,-18,-18,1,-1,sil
21.044952869415283,11,-2,4,3,-6,-8,-3,3,13,3,-1,2,5,4,sil
21.0590877532959,15,2,4,0,-9,-20,-15,-8,-3,-12,14,16,8,0,sil
21.0590877532959,15,11,1,0,-8,-19,-24,-7,-16,-19,17,20,8,-8,sil
21.074041843414307,19,17,11,1,1,-13,-23,0,-15,-18,10,20,-2,-4,sil
21.074041843414307,8,8,0,4,8,-6,-13,-5,-22,-22,-6,2,-18,-3,sil
21.0906023979187,-2,0,0,13,3,7,-4,-1,-33,-16,-14,-9,-20,0,sil
21.0906023979187,-2,0,4,17,3,18,5,7,-13,5,-7,-9,-5,10,sil
21.106026649475098,-2,1,0,15,5,14,13,2,19,22,-7,-5,4,18,sil
21.106026649475098,1,0,9,16,3,10,11,-2,24,26,-3,1,9,24,sil
21.120892763137817,7,-10,1,-1,0,1,4,0,10,25,10,7,19,21,sil
21.137120723724365,0,-12,-5,-25,-1,-9,0,0,10,11,12,7,19,0,sil
21.137120723724365,-7,-5,-10,-29,-7,-7,-3,-1,13,-9,-3,-1,-1,-17,sil
21.152246475219727,-11,-12,-17,-35,-11,-4,-1,-3,0,-17,-16,-11,-18,-19,sil
21.152246475219727,-11,-11,-7,-41,-8,-9,1,-3,-7,-12,-7,-8,-11,-17,sil
21.152246475219727,-1,6,-5,-15,1,-17,-1,-1,-2,-11,6,1,-3,-12,sil
21.16839337348938,10,13,4,3,4,-18,-6,1,-8,-19,8,8,-2,-10,sil
21.182977437973022,7,13,10,5,4,-4,-5,2,-16,-17,12,12,-1,-12,sil
21.182977437973022,-2,23,4,23,10,9,-1,4,-9,-5,8,1,-9,-10,sil
21.19999051094055,-12,11,6,29,12,11,-6,4,-8,0,-10,-13,-14,-11,sil
21.200679063797,-14,-14,0,16,8,12,-9,0,-12,3,-12,-12,-1,-9,sil
21.214207887649536,-3,-4,2,17,5,22,2,0,-2,12,0,-1,4,6,thankyou
21.214207887649536,6,12,9,30,7,23,18,5,15,25,1,1,4,18,thankyou
21.229833841323853,5,-1,0,26,6,13,14,-2,19,28,-1,-2,8,13,thankyou
21.229833841323853,0,-10,-1,2,-2,1,3,-5,16,17,-3,0,9,8,thankyou
21.24559545516968,-9,-9,-12,-23,-13,-4,11,3,22,15,0,2,12,12,thankyou
21.24559545516968,-9,-17,-9,-32,-18,-6,14,4,17,9,0,2,9,12,thankyou
21.26168131828308,1,-15,1,-21,-16,-11,2,-1,7,-4,2,9,9,6,thankyou
21.26168131828308,13,0,-1,-10,-12,-24,-7,1,5,-10,18,21,19,6,thankyou
21.26267957687378,13,9,7,-3,-6,-20,-14,2,-8,-16,23,13,6,-3,thankyou
21.27675485610962,0,5,1,-3,1,-4,-17,-5,-22,-23,4,-11,-17,-18,thankyou
21.29184412956237,-6,7,0,-1,10,-3,-9,-6,-17,-16,-4,-14,-15,-12,thankyou
21.29184412956237,0,19,16,19,14,2,5,2,-12,-7,3,0,-5,4,thankyou
21.307473182678223,3,13,7,29,8,16,15,0,-13,-9,-1,-6,-12,6,thankyou
21.307473182678223,-1,-1,-4,5,0,13,8,-2,-16,-7,-18,-16,-14,-2,thankyou
21.32309937477112,0,0,-8,1,8,9,2,-2,-9,12,-11,-9,0,0,thankyou
21.32309937477112,12,3,2,16,13,17,9,0,4,24,0,0,8,10,thankyou
21.3386914730072,18,-5,7,2,3,13,11,-1,8,11,-3,5,6,13,thankyou
21.3386914730072,9,-14,-6,-15,-4,-3,-2,0,6,1,-1,11,12,10,thankyou
21.35404896736145,-5,-15,-3,-20,-7,-11,-13,0,12,1,-3,9,11,3,thankyou
21.35404896736145,-11,-21,-10,-22,-15,-10,-9,0,12,0,-15,-1,-1,-9,thankyou
21.37015414237976,-7,-15,-17,-26,-20,-12,-9,1,5,-7,-16,-5,-7,-20,thankyou
21.37015414237976,-2,6,-1,-18,-12,-10,-12,3,10,-10,5,9,0,-12,thankyou
21.385810136795044,0,18,3,-2,0,-13,-9,0,14,-7,21,19,1,-4,thankyou
21.385810136795044,-6,13,7,0,0,-15,-12,0,-2,-10,6,5,-11,-19,thankyou
21.40111231803894,-15,7,0,-5,-6,-9,-16,0,-15,-9,1,-8,-19,-26,thankyou
21.40111231803894,-2,11,3,0,-2,-2,-9,-1,-12,-2,15,1,-8,-3,thankyou
21.416797876358032,5,15,17,12,4,1,-6,-1,-15,-10,2,6,-8,4,thankyou
21.416797876358032,-6,2,-2,14,6,6,-4,-3,-24,-20,-24,-16,-17,-8,thankyou
21.43187546730041,0,-2,3,24,12,17,9,0,-8,1,-11,-15,-2,5,thankyou
21.43187546730041,22,5,20,37,19,25,22,6,20,35,17,11,25,36,thankyou
21.44799208641052,10,0,0,26,13,19,14,5,14,31,3,6,22,26,thankyou
21.44799208641052,-9,-12,-7,9,6,9,6,0,-10,1,-17,-13,0,3,thankyou
21.463820457458496,-10,-14,-15,-1,4,3,15,-3,-11,-2,-7,-17,-1,2,thankyou
21.463820457458496,-11,-13,-12,-12,-2,3,27,1,-2,11,-4,-20,2,5,thankyou
21.478672742843628,-12,-10,-5,-7,-4,8,29,2,13,22,-10,-18,4,6,thankyou
21.478672742843628,-6,-10,-9,-2,-3,3,18,-2,32,20,2,-5,6,7,thankyou
21.49380087852478,-6,-13,-8,-20,-7,-10,1,1,24,3,9,2,2,-4,thankyou
21.49380087852478,-2,-5,-8,-21,0,-8,-1,7,9,-9,5,5,1,-8,thankyou
21.508840322494507,6,4,0,-11,-2,-9,-4,2,9,-8,13,15,4,0,thankyou
21.508840322494507,2,2,4,-13,-18,-23,-15,-1,7,-6,17,16,0,-9,thankyou
21.52409338951111,-2,1,-3,-22,-17,-24,-17,0,-10,-17,5,5,-9,-22,thankyou
21.52409338951111,8,11,5,-26,0,-3,-8,-2,-22,-24,2,11,-6,-16,thankyou
21.540102005004883,27,26,14,0,10,-4,-11,-5,-16,-9,17,28,10,1,thankyou
21.540102005004883,34,38,26,40,10,-17,-29,-1,-11,0,25,36,18,15,thankyou
21.55566716194153,27,30,26,40,6,-2,-36,-1,-13,-7,16,22,8,12,thankyou
21.55566716194153,18,13,10,17,12,14,-23,-3,-8,-6,0,1,1,3,thankyou
21.570836067199707,8,10,13,19,22,12,-2,0,-1,6,-9,-2,0,2,thankyou
21.587882041931152,-12,-1,-4,20,11,6,5,0,0,8,-15,-9,-7,-3,thankyou
21.587882041931152,-29,-27,-22,0,-11,8,5,-1,-4,-2,-26,-29,-20,-16,thankyou
21.587882041931152,-32,-31,-16,-15,-12,10,13,0,-8,-6,-34,-37,-22,-16,thankyou
21.60297703742981,-30,-24,-19,-12,-2,10,28,3,0,2,-24,-30,-17,-4,thankyou
21.60297703742981,-19,-23,-4,-6,-7,16,31,5,14,13,-8,-17,-12,9,thankyou
21.61812472343445,-6,-19,-3,-5,-11,15,28,0,18,19,-3,-6,-2,12,thankyou
21.61812472343445,-2,-16,-11,-13,-9,2,18,-5,17,16,-5,-4,8,6,thankyou
21.634027004241943,0,-12,-7,-22,-13,-3,4,-1,17,7,-3,-2,6,5,thankyou
21.634027004241943,4,-3,-8,-15,-15,-5,-2,-1,8,-6,0,0,0,4,thankyou
21.6506929397583,9,0,1,-5,-11,-13,-10,0,-2,-19,6,8,5,0,thankyou
21.6506929397583,12,0,6,-3,-5,-19,-23,0,-4,-17,5,11,16,4,thankyou
21.666073322296143,22,15,7,-3,5,-17,-34,-2,-12,-11,7,18,16,10,thankyou
21.666073322296143,33,35,17,3,17,-13,-30,-1,-13,-5,27,33,13,12,thankyou
21.68193483352661,22,37,10,19,16,-13,-25,5,-1,3,36,27,11,2,thankyou
21.68193483352661,-1,24,4,24,14,-8,-18,3,-9,-1,6,-2,-2,-19,thankyou
21.69707083702088,-17,10,-4,11,18,7,8,-1,-20,-9,-7,-20,-17,-30,thankyou
21.69707083702088,-25,-3,-8,-2,10,18,26,1,-14,-4,-3,-17,-24,-18,thankyou
21.713801622390747,-34,-10,-4,1,-1,14,19,3,-20,-2,-18,-20,-30,-19,thankyou
21.713801622390747,-31,-11,-9,13,0,15,24,0,-9,4,-19,-23,-15,-17,thankyou
21.72823572158813,-9,-2,5,14,6,22,37,3,28,31,8,0,16,11,thankyou
21.72823572158813,13,4,12,10,0,9,25,9,40,43,13,18,26,33,thankyou
21.745057821273804,8,-4,-3,3,-6,-3,7,3,21,17,-17,0,1,15,thankyou
21.745057821273804,-6,-17,-2,-7,-3,5,8,1,12,-8,-34,-12,-10,0,thankyou
21.759686946868896,-1,-23,-9,-21,-9,2,7,0,11,-6,-18,0,-1,6,thankyou
21.776068210601807,11,-25,-7,-35,-23,-20,-14,-6,-3,-13,-10,0,-4,7,thankyou
21.776068210601807,19,-8,0,-27,-18,-24,-35,-11,-13,-28,-3,4,-2,0,thankyou
21.776068210601807,25,13,7,-3,-2,-12,-32,-6,-8,-14,28,26,22,7,thankyou
21.791050672531128,29,18,23,3,2,-5,-20,1,0,10,52,43,37,21,thankyou
21.80667281150818,27,16,10,4,9,-4,-12,4,9,17,44,33,29,16,thankyou
21.80667281150818,13,17,-3,4,13,-5,-12,2,4,3,25,14,9,0,thankyou
21.80667281150818,-12,10,-4,2,8,-3,-13,-1,-10,-8,11,-2,-9,-15,thankyou
21.823808670043945,-27,-5,-12,0,3,0,0,-2,-16,-8,-4,-18,-21,-25,thankyou
21.823808670043945,-22,-9,-5,1,0,5,20,2,-16,-8,-21,-29,-25,-28,thankyou
21.838693857193,-18,-4,-3,9,-1,11,18,0,-16,-12,-17,-31,-17,-17,thankyou
21.838693857193,-17,-2,-3,16,2,13,8,-5,-5,0,-3,-19,-6,-4,thankyou
23.646560430526733,-2,8,5,38,17,20,21,-2,2,23,0,1,5,17,sil
23.646560430526733,-8,-5,5,6,3,17,16,1,-8,10,-14,-6,-2,9,sil
23.662270069122314,0,-12,-1,-12,-1,10,18,4,-10,-1,-16,-11,-7,4,sil
23.662270069122314,2,-2,1,-5,-1,5,18,2,1,10,-13,-5,-6,13,sil
23.677992582321167,8,-1,0,1,-1,3,8,1,11,15,-8,-1,0,18,sil
23.677992582321167,16,-3,-2,-14,-6,-5,2,4,11,0,-4,0,4,8,sil
23.69359803199768,7,-5,-1,-28,-11,-14,1,1,16,-10,-7,0,0,-1,sil
23.69359803199768,-6,-10,-14,-29,-12,-16,-16,-6,12,-18,-12,-5,0,-8,sil
23.70866775512696,-5,-11,-14,-37,-14,-20,-34,-6,0,-20,-4,-4,2,-12,sil
23.70866775512696,2,-1,-5,-34,-12,-24,-25,2,3,-5,14,17,8,-8,sil
23.724004983901978,8,13,10,-2,-3,-14,-6,5,5,-6,18,21,3,0,sil
23.724004983901978,8,21,16,19,4,4,1,2,-4,-19,9,-1,-3,-3,sil
23.73968625068665,0,8,0,16,8,1,1,2,-13,-10,8,-10,-1,-7,sil
23.73968625068665,-6,0,0,16,9,-6,1,3,-20,-3,11,3,-3,-5,sil
23.755019903182983,-6,9,3,31,13,3,6,-3,-16,-4,8,2,-6,-5,sil
23.755019903182983,-9,4,-1,30,10,9,6,-4,-3,5,0,-14,0,-5,sil
23.770623445510864,-8,-13,-4,9,0,4,6,1,2,24,-8,-11,7,6,sil
23.770623445510864,3,-9,-3,1,0,11,16,2,7,35,0,9,13,25,sil
23.78567886352539,5,1,3,6,0,19,14,-2,4,22,-1,5,5,23,sil
23.78567886352539,-13,-19,-9,-1,-5,13,2,-5,-9,-1,-20,-19,-8,-2,sil
23.80087971687317,-21,-31,-18,-25,-4,4,-1,-4,-10,-3,-17,-19,-8,-14,sil
23.80087971687317,0,0,-1,-20,2,-1,-7,0,10,9,10,8,7,0,sil
23.81672477722168,13,18,4,-5,4,-7,-17,0,13,0,20,15,12,7,sil
23.831997394561768,5,4,6,-22,-1,-10,-15,0,-4,-18,12,13,2,-6,sil
23.831997394561768,3,9,4,-24,-8,-11,-6,0,-2,-9,15,16,0,-14,sil
23.848052263259888,13,19,12,1,-3,-7,-8,2,11,4,10,9,0,-7,sil
23.848052263259888,15,15,21,9,7,0,-6,3,4,0,2,9,-2,-2,sil
23.848052263259888,11,15,10,8,12,-1,2,0,-5,-12,3,13,-3,-2,sil
23.86412048339844,3,12,4,19,5,-2,4,0,-9,-17,-5,-1,-12,-2,sil
23.86412048339844,-5,-11,-8,18,0,6,4,0,-7,-8,-16,-12,-18,0,sil
23.88187360763549,-5,-25,-7,-1,-6,9,7,1,-2,0,-11,-8,-8,6,sil
23.88187360763549,-3,-13,3,1,-10,5,8,0,2,3,-13,-10,-1,7,sil
23.895684957504272,-4,-1,-11,20,-1,7,12,0,10,9,-19,-12,-1,2,sil
23.91182279586792,-1,0,-8,8,1,6,9,1,9,7,-8,-1,0,4,sil
23.91182279586792,-5,-7,-11,-14,-7,-2,4,0,1,-3,-6,-6,-2,4,sil
23.91182279586792,-9,-6,-10,-8,-10,-7,6,-1,1,-1,-16,-20,-1,0,sil
23.92745065689087,0,7,7,5,1,-3,9,4,15,16,4,2,17,2,sil
23.92745065689087,4,4,3,4,6,-8,0,5,18,13,32,26,30,8,sil
23.94367408752441,14,-7,11,2,4,-6,-5,1,10,2,31,29,27,13,sil
23.94367408752441,27,9,12,2,9,1,0,0,11,11,35,32,31,12,sil
23.9596951007843,9,25,0,0,3,-3,-9,-1,-3,1,23,15,11,-3,sil
23.9596951007843,-10,7,3,0,-2,0,-9,-3,-27,-22,-11,-16,-26,-16,sil
23.97499370574951,0,-5,-1,10,11,16,18,-2,-20,-1,-21,-26,-26,-7,sil
23.97499370574951,-3,-2,-3,-2,13,20,18,0,-12,8,-26,-23,-19,-5,sil
23.99120545387268,-35,-17,-26,-23,-3,5,-7,-1,-13,-8,-41,-35,-25,-19,sil
23.99120545387268,-42,-33,-31,-26,-11,-13,-18,-5,-5,-7,-29,-30,-14,-16,sil
24.00600862503052,-18,-13,6,-23,-8,-19,-26,1,-3,-2,-3,-5,-2,-7,sil
24.02167010307312,3,4,-6,-21,-5,-14,-24,1,-1,-7,6,2,-1,-3,sil
24.02167010307312,9,6,-3,-13,-13,-18,-15,0,-5,-17,7,1,0,-1,sil
24.02167010307312,-4,6,11,-9,-21,-19,-17,-6,-22,-31,-3,-2,-16,-14,sil
24.037113904953003,-15,2,-5,-8,-10,-8,-22,-11,-35,-35,-15,-18,-36,-27,sil
24.037113904953003,-3,1,8,5,4,6,-10,2,-26,-16,-8,-17,-22,-15,sil
24.05230474472046,5,-4,3,22,4,17,10,6,-1,7,5,0,5,10,sil
24.05230474472046,9,-1,3,14,0,22,22,-3,17,23,9,16,14,29,sil
24.06895923614502,18,13,19,21,5,21,23,0,37,41,16,25,26,29,sil
24.06895923614502,29,15,0,47,18,12,27,12,64,59,36,38,53,32,sil
24.08500909805298,38,8,15,25,11,5,23,14,59,45,47,53,56,36,sil
24.08500909805298,39,5,13,-4,2,-1,24,5,43,23,49,54,45,28,sil
24.09909081459045,47,10,-8,20,19,-3,36,-4,47,28,63,63,53,27,sil
24.100090503692627,30,18,33,24,19,-5,10,-1,13,5,39,42,21,12,sil
0.039457082748413,-25,5,19,-17,-7,-15,-30,2,-46,-50,-32,-33,-51,-30,sil
0.039457082748413,-44,-10,-34,-18,-7,-3,-21,-2,-53,-50,-63,-62,-62,-37,sil
0.0554778575897216,-19,-3,1,11,9,18,4,-2,-33,-16,-41,-34,-26,-7,sil
0.0554778575897216,-22,-7,3,-3,7,14,6,-5,-32,-13,-37,-36,-25,-4,sil
0.0706164836883544,-34,-29,-40,-34,-4,4,0,-10,-27,-12,-55,-49,-33,-16,sil
0.0706164836883544,-25,-21,-10,-26,-17,5,-5,-5,-9,-4,-48,-39,-17,-13,sil
0.0865633487701416,-19,-7,-4,-13,-22,-6,-14,-3,1,-3,-17,-24,-3,-8,sil
0.0865633487701416,-13,-11,-19,-27,-21,-20,-18,-2,-1,-4,-3,-3,0,-9,sil
0.1021227836608886,3,-2,1,-27,-16,-9,-9,5,5,5,8,14,11,-9,sil
0.1021227836608886,15,11,-2,-7,-2,-5,-3,4,24,14,28,19,24,-1,sil
0.1182293891906738,16,14,7,1,7,-14,-19,0,2,1,29,30,16,2,sil
0.1182293891906738,16,19,16,21,14,-7,-19,1,-16,-3,27,34,10,5,sil
0.1335914134979248,16,21,9,43,16,1,0,2,0,6,25,16,7,6,sil
0.1335914134979248,6,14,21,33,5,-1,-4,2,1,1,5,0,-9,-3,sil
0.1491725444793701,-8,0,-4,17,3,0,-10,0,-11,-6,-7,-13,-17,-17,sil
0.1491725444793701,-13,-8,-11,12,10,13,14,1,-6,0,0,-15,-5,-6,sil
0.1645503044128418,-14,-13,-4,0,3,21,41,4,9,14,3,-6,0,12,sil
0.1645503044128418,-16,-30,-26,-26,-14,6,33,0,22,13,-4,-8,-5,9,sil
0.1801173686981201,-9,-31,-9,-36,-16,-2,10,1,23,0,-18,-12,-10,1,sil
0.1801173686981201,10,-1,6,-9,-2,0,4,0,24,0,-8,2,7,11,sil
0.1961817741394043,29,17,14,2,3,-10,-4,-5,16,2,18,25,23,26,sil
0.1961817741394043,30,16,17,-1,2,-19,-16,-1,0,-1,28,29,17,22,sil
0.2119386196136474,15,14,1,6,5,-8,-14,0,-15,-13,7,7,-1,-2,sil
0.2119386196136474,-7,5,-5,0,1,6,-9,-1,-30,-33,-37,-24,-31,-25,sil
0.2276875972747802,-23,-9,-19,-10,0,14,0,-1,-22,-18,-42,-37,-33,-19,sil
0.2276875972747802,-8,-4,-3,12,6,17,22,6,8,24,4,-4,2,8,sil
0.2432930469512939,5,4,19,23,0,12,22,6,18,34,20,14,24,19,sil
0.2432930469512939,0,-5,-3,-4,-16,-3,-10,-7,-3,0,-8,-3,11,0,sil
0.2588727474212646,1,-1,0,-12,-18,-14,-32,-10,-22,-22,-3,5,4,-9,sil
0.2588727474212646,14,19,12,10,-1,-12,-22,-1,-14,-11,32,28,16,-3,sil
0.2744894027709961,11,13,8,12,6,-5,-13,0,-9,0,27,12,12,-6,sil
0.2744894027709961,-11,-7,5,-4,0,2,-11,0,-19,-2,-8,-16,-7,-17,sil
0.2901303768157959,-26,-13,-11,-9,-2,10,3,-1,-16,0,-23,-23,-17,-10,sil
0.2901303768157959,-8,-4,-3,-3,3,13,24,1,9,17,-5,0,0,9,sil
0.305255651473999,8,0,1,-1,7,7,23,4,28,25,6,15,13,17,sil
0.305255651473999,-2,-5,-7,-21,0,-5,-1,0,22,11,1,5,7,0,sil
0.3206005096435547,-13,0,0,-24,2,-14,-20,-2,10,-4,5,4,0,-16,sil
0.3206005096435547,0,14,7,2,12,-9,-16,0,-5,-14,9,9,-3,-12,sil
0.3367159366607666,14,17,10,20,13,0,-1,-1,-22,-20,-1,1,-13,1,sil
0.3367159366607666,7,12,5,24,11,10,13,-3,-15,-15,0,-3,-12,5,sil
0.3523261547088623,0,4,0,30,15,18,27,4,9,0,1,-4,-2,1,sil
0.3523261547088623,-5,-10,-7,20,14,19,35,12,23,15,-18,-15,0,6,sil
0.3674390316009521,-10,-22,-20,0,0,9,32,4,26,17,-31,-26,-3,10,sil
0.382889986038208,0,-18,-5,-10,-19,-1,17,0,26,10,-14,-11,0,14,sil
0.382889986038208,10,-7,1,-14,-21,-7,5,2,25,8,4,5,9,15,sil
0.4000048637390136,5,-4,-9,-15,-17,-15,-5,2,13,3,0,6,8,2,sil
0.4000048637390136,0,-4,-5,-21,-21,-16,-20,0,2,-1,0,7,3,-2,sil
0.4000048637390136,9,2,0,-18,-22,-14,-23,-3,-1,-3,15,15,2,3,sil
0.4151937961578369,16,9,11,-7,-11,-16,-21,-3,-16,-9,20,19,0,-2,sil
0.4151937961578369,6,9,14,0,4,-10,-17,0,-18,-7,18,11,2,-10,sil
0.4306888580322265,0,6,6,0,9,-1,-11,0,-2,0,17,4,4,-6,sil
0.4306888580322265,-3,2,1,0,2,-5,-20,-1,-12,-11,3,-3,-11,-16,sil
0.447136640548706,-14,-2,-7,-3,-3,-12,-32,-10,-34,-23,-13,-21,-21,-29,sil
0.447136640548706,-23,-1,-3,-3,0,-4,-21,-10,-30,-20,-16,-24,-15,-23,sil
0.460371732711792,-15,0,0,6,12,8,-2,0,-15,-11,-11,-13,-12,-7,sil
0.4760923385620117,0,1,4,19,16,14,8,6,-11,0,-6,-6,-6,1,sil
0.4760923385620117,3,8,11,26,16,21,14,-1,-11,2,-1,0,1,3,sil
0.491147518157959,2,11,3,24,22,23,14,-6,-9,0,2,5,2,5,thankyou
0.491147518157959,11,10,3,17,17,17,16,2,-4,10,5,8,6,17,thankyou
0.5068316459655762,15,6,3,13,1,16,26,9,10,27,8,11,20,27,thankyou
0.5068316459655762,4,-4,0,5,-5,11,25,4,16,24,4,8,20,21,thankyou
0.5224535465240479,-4,-13,-3,-7,-4,0,11,0,8,14,-2,0,9,11,thankyou
0.5224535465240479,-8,-16,-18,-17,-9,-7,4,-2,6,11,-6,-5,11,7,thankyou
0.5385386943817139,-15,-19,-15,-30,-20,-10,0,-1,11,4,-10,-1,3,0,thankyou
0.5385386943817139,-20,-19,-14,-35,-22,-14,-6,0,16,-4,-14,-7,-12,-8,thankyou
0.5542693138122559,-3,-10,-9,-21,-9,-8,-9,1,13,-7,-10,-9,-10,-7,thankyou
0.5542693138122559,20,8,18,-3,0,-1,-7,4,16,1,8,14,11,2,thankyou
0.570357084274292,19,22,16,8,-2,-8,-2,1,19,5,20,28,20,4,thankyou
0.570357084274292,2,14,2,4,-1,-10,-3,0,3,-15,9,11,0,-9,thankyou
0.5855035781860352,3,9,3,1,13,1,-1,0,-7,-23,7,3,-12,-15,thankyou
0.5855035781860352,7,24,9,18,22,1,4,0,-3,-1,15,8,-4,-7,thankyou
0.6013431549072266,-4,22,11,33,14,0,6,0,-3,3,7,0,-6,-7,thankyou
0.6013431549072266,-11,-6,0,22,4,10,7,5,3,-1,-3,-15,-7,0,thankyou
0.6168186664581299,1,-17,-4,1,-3,8,8,2,16,9,-10,-19,1,17,thankyou
0.6168186664581299,11,-15,-7,-15,-10,-9,-1,-9,8,11,-18,-14,0,14,thankyou
0.6324388980865479,0,-26,-18,-34,-18,-20,-14,-12,-12,-4,-27,-17,-11,-6,thankyou
0.6324388980865479,-16,-28,-12,-42,-23,-13,-21,-4,-19,-15,-22,-14,-13,-18,thankyou
0.6475310325622559,-6,-3,-7,-18,-10,-3,-13,2,-3,-3,3,3,-4,-12,thankyou
0.6475310325622559,9,15,4,3,5,-3,-6,4,-1,0,19,16,0,-5,thankyou
0.6629800796508789,5,16,7,5,6,-9,-12,0,-15,-11,15,14,0,-4,thankyou
0.6629800796508789,0,10,4,8,6,0,-10,-1,-13,-7,15,11,1,0,thankyou
0.6781141757965088,10,9,18,24,15,11,3,5,0,8,18,13,9,8,thankyou
0.6781141757965088,9,8,12,29,14,9,13,8,-3,8,2,0,7,11,thankyou
0.6946415901184082,-2,1,3,5,7,14,11,0,-10,-1,-19,-18,-6,7,thankyou
0.6946415901184082,-7,-7,0,-4,11,30,15,-2,-4,3,-13,-15,-5,0,thankyou
0.7101938724517822,-9,-5,-7,18,13,26,19,0,-5,12,0,0,4,-3,thankyou
0.7101938724517822,-6,3,0,31,0,8,11,0,-5,6,-9,1,0,5,thankyou
0.7253308296203613,2,3,0,8,-19,-2,2,0,8,-2,-14,-4,-7,12,thankyou
0.7253308296203613,2,-2,-1,-13,-21,-7,0,0,11,-3,-3,-2,-6,5,thankyou
0.7411181926727295,-6,-8,-6,-13,-10,-6,-1,-5,-6,-3,-8,-1,-3,0,thankyou
0.7411181926727295,-14,-14,-20,-13,-2,-3,0,-3,-5,-2,-11,-9,0,-2,thankyou
0.756166934967041,-20,-14,-16,-27,2,-2,8,3,22,5,4,-7,13,-7,thankyou
0.756166934967041,-25,-8,-16,-23,7,-3,5,4,30,12,11,0,20,-14,thankyou
0.7721788883209229,-13,0,-8,1,2,-13,-13,0,0,0,8,3,9,-16,thankyou
0.7721788883209229,9,9,7,6,-2,-23,-29,-3,-18,-20,24,16,6,-6,thankyou
0.7882437705993652,24,14,14,-2,-2,-23,-31,-3,-4,-13,41,32,16,15,thankyou
0.7882437705993652,35,20,26,2,-4,-17,-23,0,4,-1,31,32,16,27,thankyou
0.8042700290679932,37,21,12,8,-5,-13,-10,3,4,-4,9,18,4,12,thankyou
0.8042700290679932,22,13,3,0,0,-3,-1,3,-2,-9,-8,1,-10,-6,thankyou
0.8203356266021729,1,7,15,1,5,17,8,2,-5,9,-11,-2,-12,-3,thankyou
0.8203356266021729,-8,0,1,9,6,29,27,-1,0,28,-10,-12,-5,3,thankyou
0.8364238739013672,-13,-16,-7,3,2,25,31,-2,-1,14,-29,-24,-18,-1,thankyou
0.8364238739013672,-14,-27,-4,-4,-1,15,21,0,-3,-2,-37,-24,-22,-1,thankyou
0.851963996887207,-4,-18,-1,-13,-5,0,14,2,9,2,-10,-4,2,13,thankyou
0.851963996887207,9,0,6,-10,-3,-6,6,4,16,10,14,14,13,11,thankyou
0.8678450584411621,9,4,2,0,0,-5,-18,0,3,-1,10,7,-3,-11,thankyou
0.8678450584411621,-6,3,0,-1,0,-6,-34,-4,-8,-19,0,-8,-17,-27,thankyou
0.8826394081115723,-11,13,-4,5,11,-4,-9,0,-1,-11,4,-11,-10,-22,thankyou
0.8826394081115723,-6,12,-8,25,21,5,11,4,5,6,7,-7,0,-12,thankyou
0.8986337184906006,-10,-1,0,20,11,14,7,2,-5,1,-8,-9,-4,-7,thankyou
0.8986337184906006,-7,-4,-4,11,1,17,16,-6,-8,0,-13,-7,-2,2,thankyou
0.914207935333252,2,-7,0,13,0,13,26,-4,1,8,-9,0,7,16,thankyou
0.914207935333252,-3,-17,-6,0,-11,-1,6,2,6,9,-15,-6,6,16,thankyou
0.9297935962677002,-13,-16,-24,-19,-17,-5,-2,1,15,9,-10,-15,4,12,thankyou
0.9297935962677002,-11,-13,-12,-27,-9,0,4,0,24,9,0,-11,10,5,thankyou
0.94545578956604,-11,-18,-13,-23,-3,-9,0,2,7,0,-7,-8,9,-1,thankyou
0.94545578956604,0,-4,-5,-15,-5,-21,-12,0,-16,-11,-3,6,6,0,thankyou
0.9614756107330322,19,12,14,-7,-5,-13,-14,-1,-15,-13,11,27,9,4,thankyou
0.9614756107330322,14,8,10,-6,0,-6,-16,2,-14,-19,7,23,1,0,thankyou
0.9770717620849608,3,9,4,-3,6,-8,-19,0,-20,-16,7,15,-6,-7,thankyou
0.9770717620849608,6,17,4,0,5,-15,-14,-8,-18,-14,21,17,0,-8,thankyou
0.9931023120880128,8,12,13,0,-3,-21,-15,-7,-27,-31,12,9,-11,-11,thankyou
0.9931023120880128,3,8,12,1,0,-8,-18,-1,-30,-24,2,1,-18,-13,thankyou
1.0082378387451172,2,14,4,10,9,2,-11,0,-6,5,18,5,2,-5,thankyou
1.0082378387451172,5,16,14,14,3,0,0,6,10,16,28,8,17,4,thankyou
1.0242674350738523,1,2,3,10,-4,0,2,10,10,17,17,4,9,10,thankyou
1.0242674350738523,-2,-7,0,7,-2,8,0,5,7,19,0,-2,0,7,thankyou
1.0401804447174072,0,0,9,13,-2,13,6,1,11,11,-7,-9,-3,5,thankyou
1.0401804447174072,2,8,3,21,-2,19,16,-1,19,13,-1,-11,-6,11,thankyou
1.0553617477416992,-2,3,4,24,9,27,19,-1,13,16,-6,-13,-9,7,thankyou
1.0553617477416992,-5,-2,-3,23,17,27,19,0,1,7,-12,-18,-7,-2,thankyou
1.0710618495941162,-1,-8,-10,14,10,19,23,0,5,8,-3,-9,5,1,thankyou
1.0710618495941162,0,-12,-1,-3,5,15,29,-1,16,19,1,7,14,11,thankyou
1.0868523120880127,1,-15,-5,-13,3,10,25,1,15,15,-14,-1,3,6,thankyou
1.0868523120880127,0,-13,-6,-12,-1,4,14,5,10,3,-30,-15,-8,-1,thankyou
1.1025817394256592,-7,-8,-15,-10,-5,1,13,0,8,0,-28,-12,-8,-2,sil
1.1025817394256592,-10,-7,-14,-16,-8,0,10,-2,3,-12,-21,-6,-9,-4,sil
1.118109941482544,-4,-11,3,-19,-9,-10,-7,0,4,-15,-14,-1,-5,-8,sil
1.118109941482544,-2,-9,-1,-20,-8,-23,-21,-3,11,-3,-6,2,1,-9,sil
1.1335411071777344,-3,-3,-6,-28,-12,-29,-19,-3,10,-5,-1,0,0,-12,sil
1.1335411071777344,-2,-4,-9,-29,-11,-23,-15,-1,9,-5,6,-1,7,-10,sil
1.1489028930664062,0,-7,-12,-23,-5,-16,-21,0,2,5,7,8,17,-1,sil
1.1489028930664062,5,8,0,-11,-6,-17,-27,2,-8,1,13,22,12,5,sil
1.1654186248779297,13,22,10,4,0,-22,-22,-2,-7,-6,39,32,16,12,sil
1.1654186248779297,10,19,16,7,11,-18,-18,-12,-19,-9,40,29,19,2,sil
1.1805260181427002,-3,10,4,1,0,-6,-28,-6,-55,-32,0,0,-11,-22,sil
1.1805260181427002,-7,10,-2,12,-4,1,-25,4,-56,-46,-11,-14,-32,-20,sil
1.1961517333984375,8,18,13,26,11,7,1,6,-16,-13,10,9,-6,7,sil
1.1961517333984375,6,12,0,24,13,13,16,4,7,16,8,7,6,9,sil
1.2111937999725342,-10,0,0,16,0,16,3,3,-7,0,-10,-22,-11,-6,sil
1.2111937999725342,0,2,15,20,6,16,3,1,-15,-7,0,-11,-7,4,sil
1.2283642292022705,18,6,10,28,20,13,17,1,0,15,17,10,10,25,sil
1.2283642292022705,1,-2,0,15,5,11,17,2,7,15,0,-8,-1,10,sil
1.2423923015594482,-23,-14,-14,0,-10,12,12,0,0,-3,-17,-33,-15,-12,sil
1.2423923015594482,-18,-15,-10,-3,-2,16,15,4,5,0,-13,-23,-11,-5,sil
1.2596197128295898,-5,-9,-1,0,8,16,23,11,21,26,0,-4,-2,8,sil
1.2596197128295898,-1,-3,-4,4,2,7,27,3,27,31,3,0,4,8,sil
1.2753775119781494,2,-3,6,6,-9,0,15,-5,21,14,-5,0,2,3,sil
1.2904765605926514,7,-9,1,-7,-8,-1,0,-7,15,5,-14,0,-2,0,sil
1.2904765605926514,5,-7,-8,-17,0,0,0,-4,13,8,-15,1,2,-3,sil
1.2904765605926514,-3,-3,-5,-10,0,-3,4,-2,9,4,-15,-1,3,-3,sil
1.304165601730347,0,-3,-1,-8,-3,-7,3,0,8,0,-10,-1,1,0,sil
1.304165601730347,22,5,11,-6,5,-2,1,5,12,9,2,18,16,11,sil
1.3215410709381104,26,9,5,-1,10,-6,-1,3,12,8,7,24,22,16,sil
1.3350975513458252,8,-2,-4,-19,-6,-19,-9,-6,1,-15,0,5,3,5,sil
1.3350975513458252,0,-8,-1,-32,-19,-18,-16,-8,-6,-30,0,5,-4,-2,sil
1.3511359691619873,0,0,-3,-14,-8,-9,-15,-4,-6,-18,10,15,8,0,sil
1.3511359691619873,-10,6,3,-7,-5,-8,-12,0,-8,-10,13,9,11,-10,sil
1.3681955337524414,-27,-1,-7,-17,-11,-6,-13,-1,-19,-13,9,-2,-3,-26,sil
1.3681955337524414,-23,-11,-12,-11,-7,-2,-21,-1,-31,-12,6,-6,-12,-24,sil
1.3681955337524414,0,1,4,5,2,-2,-27,1,-25,-9,9,2,-7,-7,sil
1.38558030128479,7,20,4,18,3,-8,-19,2,-7,-8,16,3,-2,0,sil
1.38558030128479,-1,17,8,15,0,-6,-12,1,-6,-8,13,-5,-8,-10,sil
1.3981072902679443,-1,5,8,12,5,8,-4,0,-5,-3,4,-10,-10,-15,sil
1.4144878387451172,0,2,-2,17,17,20,8,-1,-1,1,-2,-4,-8,-2,sil
1.4144878387451172,-1,12,0,30,22,25,25,2,-2,13,-3,-1,-3,12,sil
1.4295287132263184,15,18,8,44,19,27,34,9,14,28,3,2,10,29,sil
1.4295287132263184,30,5,18,38,8,14,30,11,33,28,4,8,18,35,sil
1.4454116821289062,13,-13,1,8,-1,-1,18,5,22,20,-8,-2,3,23,sil
1.4454116821289062,-3,-14,-11,-11,-2,0,19,0,10,18,-24,-20,-7,14,sil
1.4609496593475342,-6,-11,-7,-18,-2,9,25,-2,14,8,-30,-21,-3,9,sil
1.4609496593475342,-15,-21,-23,-33,-12,0,9,-2,9,0,-24,-12,0,0,sil
1.4765853881835938,-18,-20,-16,-40,-17,-16,-20,-2,2,1,-8,0,2,-5,sil
1.4765853881835938,-7,-3,1,-24,-12,-22,-37,-6,-4,-3,5,6,2,-11,sil
1.4924697875976562,0,3,-4,-15,-9,-25,-40,-8,-30,-30,7,1,-8,-34,sil
1.4924697875976562,-2,7,0,-16,-8,-19,-33,-2,-47,-49,-2,-3,-22,-46,sil
1.5077390670776367,-5,4,0,-3,-3,-5,-18,-4,-34,-39,-12,-6,-21,-29,sil
1.5077390670776367,-5,-5,3,10,5,1,-4,-4,-20,-23,-9,-9,-18,-12,sil
1.5233018398284912,-8,-4,5,14,19,11,9,0,-9,-7,0,-3,-12,-6,sil
1.5233018398284912,-12,1,1,19,18,19,20,0,3,14,8,2,0,5,sil
1.5385174751281738,0,0,15,17,0,11,21,3,14,31,13,13,15,20,sil
1.5385174751281738,19,2,10,10,-5,1,23,10,28,39,29,18,37,28,sil
1.554548740386963,15,2,0,-4,-6,2,18,3,29,29,22,6,32,25,sil
1.554548740386963,0,-1,-6,-16,-13,-3,1,-1,15,6,0,-3,9,17,sil
1.5702025890350342,11,6,-8,-5,-1,-10,-1,3,16,-1,5,15,13,19,sil
1.5702025890350342,29,23,10,10,14,3,8,6,25,9,24,33,26,21,sil
1.5861163139343262,20,17,10,6,9,8,7,0,15,7,22,20,16,11,sil
1.5861163139343262,11,10,11,0,6,-1,-1,-2,0,-8,19,13,2,4,sil
1.601670265197754,14,16,16,12,17,1,0,2,-6,-7,17,9,-1,0,sil
1.601670265197754,0,4,-7,21,9,10,4,2,-11,-1,-10,-21,-12,-11,sil
1.6176741123199463,-25,-18,-9,13,-8,10,5,-2,-15,-2,-43,-37,-27,-16,sil
1.6176741123199463,-24,-22,-3,0,-9,7,4,-4,-4,-7,-42,-20,-26,-8,sil
1.6334831714630127,-15,-25,-9,-23,-12,-2,-11,-4,0,-15,-35,-13,-22,-10,sil
1.6334831714630127,-13,-28,-16,-33,-25,-9,-21,-6,-2,-11,-34,-13,-18,-17,sil
1.6485178470611572,-8,-16,-20,-18,-20,-12,-12,-4,2,8,-12,-4,-2,-14,sil
1.6485178470611572,-1,2,0,-6,-3,-15,-24,0,-5,2,17,4,6,-16,sil
1.664301872253418,0,10,9,-4,-1,-17,-41,0,-17,-10,27,11,4,-17,sil
1.664301872253418,0,14,3,-3,-2,-10,-22,0,-10,-4,17,11,2,-5,sil
1.679443359375,0,18,1,1,7,-1,3,5,-3,-3,12,9,0,0,sil
1.679443359375,-2,12,0,14,15,-5,5,2,-10,-13,11,1,-4,-4,sil
1.6955368518829346,-7,0,7,14,6,-3,0,0,-13,-13,-3,-9,-12,-8,sil
1.6955368518829346,-13,-10,-2,7,0,11,10,0,-4,-3,-17,-19,-10,-5,sil
1.7106940746307373,-7,-7,-5,10,10,25,34,2,6,10,-7,-12,0,11,sil
1.7106940746307373,6,4,7,17,19,27,43,0,13,23,1,0,10,27,sil
1.7267415523529053,14,4,0,16,13,17,30,-2,10,23,-1,1,15,26,sil
1.7267415523529053,18,-7,1,0,0,3,15,0,7,16,-9,0,11,24,sil
1.742475509643555,11,-13,-4,-22,-6,0,2,1,10,6,-12,-4,5,19,sil
1.742475509643555,9,-2,-8,-17,-6,-7,-12,-3,7,-1,-3,-3,8,9,sil
1.7583558559417725,20,9,14,4,-4,-14,-12,-1,4,1,16,19,18,9,sil
1.7583558559417725,23,11,8,6,-1,-12,0,4,11,9,32,41,21,13,sil
1.7744746208190918,14,13,2,-4,0,-12,-4,1,6,0,32,35,14,7,sil
1.7744746208190918,2,10,6,-11,-3,-15,-15,0,-9,-17,20,13,2,-8,sil
1.7903759479522705,-14,-2,-2,-12,-8,-11,-13,3,-15,-18,3,-2,-12,-23,sil
1.7903759479522705,-22,-2,-2,-1,-2,0,-13,0,-18,-15,-10,-15,-25,-30,sil
1.805481195449829,-26,0,-10,11,0,7,-15,-5,-21,-18,-22,-32,-28,-30,sil
1.805481195449829,-32,-7,-10,7,-2,14,-2,-1,-13,-10,-24,-35,-26,-23,sil
1.821439266204834,-22,-9,-2,6,5,21,15,1,7,16,-11,-14,-11,-6,sil
1.821439266204834,-6,-4,-7,8,7,18,17,0,24,27,-4,-7,7,6,sil
1.8364243507385247,2,-1,3,-5,-5,8,5,0,25,16,-11,-10,9,6,sil
1.8364243507385247,10,0,5,-8,-11,-10,-1,1,14,10,-2,-2,6,5,sil
1.8515191078186035,10,-5,0,-9,-9,-26,-8,0,-2,-2,6,7,4,2,sil
1.8515191078186035,4,-6,-4,-26,-7,-21,-9,-4,-9,-19,3,7,3,-6,sil
1.8674979209899905,10,5,-2,-24,-1,-11,-5,-6,-12,-19,5,12,4,-4,sil
1.8674979209899905,14,16,10,-3,0,-10,-9,-1,-23,-17,9,20,0,0,sil
1.8828823566436768,8,10,2,0,0,-7,-15,0,-19,-17,7,16,-4,-2,sil
1.8828823566436768,8,7,5,10,10,8,-1,0,5,0,9,9,0,1,sil
1.8985517024993896,10,9,18,37,24,25,20,6,20,15,9,3,4,12,sil
1.8985517024993896,3,0,3,34,19,21,20,4,11,16,-2,-10,0,15,sil
1.914567232131958,-5,-9,-1,15,9,11,12,0,0,10,-15,-13,-6,9,sil
1.914567232131958,-10,-12,-3,16,7,11,17,0,4,14,-11,-6,2,7,sil
1.9306650161743164,-14,-15,-9,7,-1,6,17,0,12,18,-8,-13,7,9,sil
1.9306650161743164,-16,-21,-13,-9,-12,6,11,-1,7,12,-11,-18,0,3,sil
1.946216583251953,-9,-16,-20,-11,-4,5,10,-1,5,2,-6,-5,-2,0,sil
1.946216583251953,0,-4,-1,-22,-3,-4,0,0,8,-4,0,7,0,2,sil
1.962080955505371,4,0,0,-30,-17,-12,-10,5,9,-4,0,7,4,3,sil
1.962080955505371,8,1,-3,-17,-18,-13,-13,3,2,-8,0,8,6,0,sil
1.977425575256348,19,14,12,0,-3,-18,-31,-4,-8,-13,9,21,10,0,sil
1.977425575256348,18,23,9,7,6,-20,-42,-5,-12,-3,31,21,10,-2,sil
1.9934735298156736,2,21,8,12,8,-4,-27,0,-9,1,28,9,0,-14,sil
1.9934735298156736,-5,17,6,22,7,7,0,0,-15,-5,0,-6,-10,-16,sil
2.0171146392822266,-7,5,-2,22,4,10,22,0,-27,-10,-17,-14,-16,-5,sil
2.0171146392822266,-17,-12,-2,1,-3,15,32,-2,-24,-5,-19,-15,-21,-2,sil
2.0171146392822266,-29,-24,-11,-22,-13,6,19,-10,-6,-4,-20,-17,-16,-7,sil
2.024801731109619,-18,-20,-10,-24,-11,-10,0,0,12,-3,-12,-7,0,-7,sil
2.040441036224365,11,2,-3,-4,0,-9,-4,12,29,7,15,18,22,3,sil
2.040441036224365,37,28,13,14,6,-8,-18,4,24,14,40,37,30,15,sil
2.056842088699341,34,28,27,18,3,-19,-34,-4,-8,0,32,27,10,6,sil
2.056842088699341,13,13,7,16,6,-15,-14,-4,-28,-14,7,0,-8,-3,sil
2.072843074798584,3,7,5,20,18,12,14,1,-14,-7,-1,-13,-5,-2,sil
2.072843074798584,-3,1,2,13,19,31,22,6,3,3,-5,-14,2,0,sil
2.0885698795318604,-17,-17,-23,-13,3,17,25,1,14,8,-25,-29,-7,-5,sil
2.0885698795318604,-21,-27,-21,-34,-7,3,27,0,22,12,-38,-38,-15,-7,sil
2.1042160987854004,-13,-22,-18,-27,-5,5,16,3,26,18,-22,-21,0,5,sil
2.1042160987854004,-8,-19,-12,-30,-8,-2,-4,1,14,6,-9,-2,11,8,sil
2.119544506072998,-4,-16,-4,-42,-16,-15,-16,0,0,-10,-4,6,5,-4,sil
2.119544506072998,6,0,-1,-28,-9,-13,-15,5,1,-6,16,16,1,0,sil
2.134803295135498,14,13,11,-5,0,-7,-18,2,4,-1,29,25,5,12,sil
2.134803295135498,1,8,6,1,-1,-4,-15,-4,-7,-13,11,10,0,-3,sil
2.1504061222076416,-9,3,6,16,6,11,0,-2,-16,-14,-6,-4,-10,-12,sil
2.1504061222076416,-11,7,12,41,16,21,8,-1,-19,0,-10,-8,-16,-2,sil
2.166137218475342,-12,0,0,45,11,12,8,-7,-30,0,-18,-11,-23,-3,sil
2.166137218475342,-4,-6,7,37,1,12,16,-4,-20,10,-13,-3,-19,1,sil
2.182222604751587,4,-3,6,25,-1,9,16,2,16,36,10,8,4,23,sil
2.182222604751587,1,-1,0,6,-5,-3,0,0,24,28,12,13,6,24,sil
2.1977219581604004,2,-4,3,2,-5,-3,-2,-2,7,-5,-5,8,-7,1,sil
2.1977219581604004,5,0,1,9,-4,-5,-2,0,4,-17,-11,0,-7,-12,sil
2.213371753692627,2,11,3,1,-5,-15,-5,-1,0,-14,-3,-1,-21,-8,sil
2.213371753692627,3,12,-7,-9,-4,-5,0,-2,-8,-10,6,3,-11,-2,sil
2.2285542488098145,8,1,-11,-20,-5,0,4,1,-2,-4,5,3,58,-6,sil
2.2285542488098145,5,1,-1,-28,-5,-4,1,2,5,-2,0,0,78,-6,sil
2.24462366104126,1,7,-6,-17,1,-4,3,1,12,1,7,2,9,2,thankyou
2.24462366104126,6,6,0,-14,8,-5,-5,6,14,5,12,8,-16,6,thankyou
2.2602851390838623,10,4,2,-13,7,-13,-16,4,16,8,14,10,13,3,thankyou
2.2602851390838623,14,5,3,0,7,-11,-8,-1,10,4,17,3,13,7,thankyou
2.2758803367614746,11,1,8,5,6,1,-3,0,-4,-4,11,-2,-9,6,thankyou
2.2758803367614746,-1,-6,-3,-1,-2,-3,-9,0,-17,-11,0,-6,-12,-6,thankyou
2.2906055450439453,-6,-9,1,0,-11,-8,-13,-7,-15,-12,-1,-1,-4,-11,thankyou
2.2906055450439453,-2,-3,0,0,-3,5,-7,-4,-8,-4,2,-1,0,-2,thankyou
2.3071439266204834,-5,1,-8,-4,3,17,-3,2,-11,-4,-3,-10,-9,-3,thankyou
2.3071439266204834,-2,6,7,9,2,12,4,5,-12,-6,-5,-3,-9,-3,thankyou
2.3221681118011475,9,10,9,28,5,2,16,0,-1,8,10,12,7,13,thankyou
2.3221681118011475,0,2,0,18,1,-2,6,0,-4,12,7,6,1,8,thankyou
2.337297916412353,-26,-7,-9,-3,-7,-3,-15,0,-24,-8,-9,-6,-18,-14,thankyou
2.3534374237060547,-17,-8,-11,-6,-4,0,-9,2,-19,-5,-1,0,-6,-8,thankyou
2.3534374237060547,2,-2,9,0,3,6,14,4,3,16,3,4,7,1,thankyou
2.3534374237060547,0,0,5,2,4,1,14,-1,11,16,-13,-7,-7,-9,thankyou
2.3705484867095947,-8,1,3,0,0,-1,0,-5,5,0,-20,-14,-24,-10,thankyou
2.3705484867095947,-7,-1,0,-8,-2,3,2,-1,8,-4,-14,-10,-20,0,thankyou
2.3842437267303467,-3,-6,-8,-10,0,5,15,1,17,5,-10,-9,-16,2,thankyou
2.399431705474853,-3,-3,-1,0,4,6,20,4,15,4,-9,-8,-17,0,thankyou
2.399431705474853,-19,-4,-11,-1,4,7,13,0,4,-7,-17,-18,-13,-5,thankyou
2.414456844329834,-22,-9,-13,-12,-1,6,0,-6,-1,-9,-24,-21,-3,-6,thankyou
2.414456844329834,6,-4,-1,0,-2,7,2,-4,6,1,-8,-2,11,5,thankyou
2.429804563522339,18,1,0,10,5,1,10,0,6,-3,0,6,14,11,thankyou
2.429804563522339,0,-5,0,-8,3,-2,4,0,-4,-14,-8,-4,7,3,thankyou
2.4452719688415527,0,-11,-4,-11,-4,0,0,-1,0,0,1,-1,19,6,thankyou
2.4452719688415527,23,2,7,13,-7,0,0,4,17,15,23,27,35,21,thankyou
2.460775136947632,31,13,18,16,-2,-1,-3,7,29,22,28,40,32,26,thankyou
2.460775136947632,13,0,3,-1,0,-6,-12,2,21,24,24,19,21,16,thankyou
2.476362466812134,0,-2,3,6,0,-8,-20,1,-1,8,18,6,10,-1,thankyou
2.476362466812134,3,8,1,18,0,-7,-14,1,-9,-4,13,13,1,-6,thankyou
2.4924490451812744,2,6,-2,0,-3,-10,-8,-2,-7,-8,7,12,-6,0,thankyou
2.4924490451812744,-4,-1,0,-19,-8,-14,-17,-5,-20,-15,6,1,-6,-7,thankyou
2.507385492324829,0,2,0,-14,-3,-8,-20,0,-20,-12,6,0,0,-15,thankyou
2.507385492324829,5,11,6,-5,0,-7,-10,0,-5,-5,-2,2,0,-8,thankyou
2.522934913635254,0,8,-7,0,-1,-9,-7,-3,-7,-7,-6,-1,-8,-1,thankyou
2.522934913635254,-4,0,-14,0,-6,-4,-7,-1,-14,-10,1,-9,-10,-6,thankyou
2.5384349822998047,-2,0,4,-7,0,5,5,5,1,-3,1,-9,-8,-11,thankyou
2.5384349822998047,-4,3,1,1,10,10,19,5,12,8,-7,-8,-10,-7,thankyou
2.5544841289520264,-3,6,0,10,12,11,13,-1,-2,5,-9,-5,-12,-2,thankyou
2.5544841289520264,1,14,3,6,4,2,2,-4,-11,-3,5,-1,0,0,thankyou
2.570193290710449,4,16,8,6,3,-7,3,1,-5,0,10,5,10,4,thankyou
2.570193290710449,0,2,9,7,6,-2,4,2,-6,5,0,4,0,4,thankyou
2.585146427154541,-5,-7,-5,3,-1,0,-3,-8,-12,-4,-3,-9,-11,-4,thankyou
2.585146427154541,-4,-4,4,0,-5,2,-10,-6,-9,-13,-4,-10,-12,-13,thankyou
2.6007273197174072,-8,-8,2,-1,1,9,-2,3,-4,-5,-11,-5,-11,-12,thankyou
2.6007273197174072,-10,-19,-12,-8,3,6,8,2,-2,0,-16,-12,-11,-1,thankyou
2.6158766746521,1,-10,-1,-5,1,4,17,2,9,3,-1,-5,0,14,thankyou
2.6158766746521,8,-1,-2,1,2,16,22,4,19,7,10,0,12,19,thankyou
2.631131172180176,-8,-8,-6,1,-1,16,17,0,1,0,-9,-16,-3,1,thankyou
2.631131172180176,-18,-10,-2,2,-5,5,9,-2,-3,-6,-25,-21,-18,-11,thankyou
2.64719820022583,-7,-1,0,3,0,1,4,-2,18,4,-4,2,0,-2,thankyou
2.64719820022583,-7,0,-2,-4,-1,2,-3,0,13,7,0,9,11,1,thankyou
2.6628012657165527,-13,-4,-16,-9,-6,0,-13,0,-9,-1,-12,-5,0,0,thankyou
2.6628012657165527,0,-6,0,-10,-2,-5,-14,0,-2,-2,-8,0,0,4,thankyou
2.678242921829224,9,-1,8,-5,2,-1,-4,-3,16,12,4,15,14,13,thankyou
2.678242921829224,2,1,-4,6,3,6,6,0,15,23,1,15,18,15,thankyou
2.69429349899292,8,0,5,8,0,11,9,4,10,21,0,11,13,12,thankyou
2.69429349899292,16,0,5,3,-1,-3,5,0,12,11,6,13,12,9,thankyou
2.7100818157196045,16,8,2,5,1,-15,0,0,10,3,15,23,16,11,thankyou
2.7100818157196045,17,13,7,9,0,-11,-3,3,3,5,14,17,12,7,thankyou
2.725260734558105,13,1,0,2,-7,-12,-4,2,-4,-1,7,0,3,-1,thankyou
2.725260734558105,6,-3,2,-10,-6,-11,-4,1,-2,-6,10,1,3,-9,thankyou
2.7413792610168457,0,-3,-6,-17,-1,-7,-3,3,15,3,10,0,-1,-16,thankyou
2.7413792610168457,-7,-5,-8,-20,-8,-17,-17,0,8,-8,-10,-17,-25,-21,thankyou
2.757242679595948,-6,3,0,-14,-9,-21,-24,-3,-21,-36,-12,-9,-27,-15,thankyou
2.757242679595948,3,12,1,-4,1,-7,-12,-1,-25,-27,13,6,-1,-1,thankyou
2.772418737411499,11,18,19,8,9,5,0,0,-15,-5,22,8,7,11,thankyou
2.772418737411499,13,23,18,24,10,6,1,-4,-12,-4,15,7,0,9,thankyou
2.7880868911743164,2,11,-1,19,8,0,0,-4,-8,-9,3,0,-8,-10,thankyou
2.7880868911743164,-21,-11,-14,-5,0,0,-7,0,-15,-14,-12,-21,-22,-29,thankyou
2.803110361099243,-28,-15,-21,-11,-4,-3,-13,-4,-32,-14,-16,-26,-24,-28,thankyou
2.803110361099243,-5,0,5,8,3,0,-7,-5,-22,-8,0,-6,-4,-11,thankyou
2.818636178970337,6,7,16,26,9,14,6,3,0,1,16,11,16,7,thankyou
2.818636178970337,-7,0,1,17,5,18,13,3,-3,4,5,7,10,14,thankyou
2.8358986377716064,-15,-9,-6,-3,0,16,14,-2,-5,10,-9,-4,3,13,thankyou
2.8358986377716064,-6,-8,-11,-8,0,15,19,-2,13,15,-3,-6,12,14,thankyou
2.8506834506988525,-2,-7,0,0,-1,15,14,1,15,11,-8,-4,2,11,thankyou
4.082135438919067,6,-9,-10,-5,0,12,12,1,7,13,-16,-16,12,8,thankyou
4.082135438919067,-9,-10,-4,-8,1,12,13,3,3,12,-21,-19,-1,0,thankyou
4.097568035125732,-12,-18,0,-14,-7,2,7,2,11,12,-10,-12,2,3,thankyou
4.097568035125732,-2,-18,-4,-17,-17,-10,-10,0,15,1,-3,-1,10,6,thankyou
4.11311936378479,8,-1,5,-19,-15,-10,-13,0,11,5,0,9,7,6,thankyou
4.11311936378479,14,2,0,-12,-2,-6,-7,0,10,7,5,15,9,5,thankyou
4.128198385238648,15,-3,2,-4,0,-10,-13,0,11,-8,8,17,6,3,thankyou
4.128198385238648,16,1,7,-4,-3,-10,-13,-3,9,-11,17,18,3,0,thankyou
4.144319772720337,6,6,-1,-11,1,-3,-2,-1,0,-6,19,14,1,-1,thankyou
4.144319772720337,-2,6,2,-12,0,-7,-3,2,-14,-19,12,11,-6,-6,thankyou
4.159559488296509,1,15,0,2,-3,-10,-5,0,-16,-23,16,4,-4,-10,thankyou
4.159559488296509,9,21,7,16,6,2,1,0,-10,-6,17,5,0,-7,thankyou
4.175440073013306,1,12,13,27,17,15,12,3,-2,10,5,4,-2,-1,thankyou
4.175804853439331,-8,4,4,32,11,8,17,3,2,15,1,-3,0,5,thankyou
4.19151496887207,-6,9,7,26,14,10,19,3,1,9,0,-2,0,6,thankyou
4.19151496887207,-7,6,-3,23,24,25,23,2,0,7,-12,-4,-11,2,thankyou
4.207187652587891,-7,-1,-6,21,10,23,26,0,14,18,-13,-7,-5,8,thankyou
4.207187652587891,3,-2,2,14,-1,14,25,3,36,25,1,0,14,21,thankyou
4.222723484039307,5,-3,-7,0,1,5,13,1,30,17,2,1,14,16,thankyou
4.222723484039307,-7,-11,-10,-22,-2,-12,-7,-8,-1,-2,-14,-7,-2,-2,thankyou
4.238295555114746,-13,-17,-14,-29,-9,-21,-18,-9,-21,-13,-19,-7,-8,-15,thankyou
4.238295555114746,-7,-17,-9,-20,-5,-9,-8,-1,-9,-8,-15,-8,-5,-15,thankyou
4.254334449768066,-3,-6,1,-15,0,-1,-3,2,1,0,-13,-10,-2,-9,thankyou
4.254334449768066,1,6,-4,-9,1,-8,-9,0,-3,-1,-1,1,2,-3,thankyou
4.269682884216309,6,1,3,-9,-8,-16,-22,-2,-18,-10,7,12,3,-7,thankyou
4.269682884216309,2,-11,0,-12,-22,-23,-34,-6,-17,-18,-1,4,0,-11,thankyou
4.285280704498291,1,-4,2,-3,-16,-15,-30,-5,-11,-15,-7,2,-2,-2,thankyou
4.285280704498291,7,6,8,6,-3,0,-16,-1,-12,-3,6,8,2,5,thankyou
4.301294803619385,6,0,-6,2,-5,-2,-6,0,-7,-3,17,0,4,4,thankyou
4.301294803619385,7,-4,3,-3,-2,-3,3,2,1,-13,14,3,2,2,thankyou
4.317358493804932,8,8,15,3,10,12,14,6,11,-1,20,16,8,5,thankyou
4.317358493804932,5,21,6,18,11,17,13,3,12,10,27,15,10,10,thankyou
4.333386182785034,3,22,4,25,6,7,3,1,1,-1,15,6,-1,3,thankyou
4.333386182785034,0,13,0,11,9,0,-4,3,-6,-12,0,-2,-9,-6,thankyou
4.349456548690796,-7,2,5,-5,7,0,-7,4,-5,-1,0,-8,-8,-4,thankyou
4.349456548690796,-15,-5,0,1,-2,3,2,1,0,7,-4,-15,-10,0,thankyou
4.365508317947388,-15,-10,-13,6,-5,9,16,0,1,9,-18,-27,-15,-5,thankyou
4.365508317947388,-16,-16,-9,-15,-3,19,18,-1,1,10,-30,-34,-17,-12,thankyou
4.381126880645752,-23,-25,-19,-29,-11,15,6,-6,-1,11,-41,-33,-13,-13,thankyou
4.381126880645752,-16,-26,-12,-20,-17,0,0,-1,-2,7,-35,-15,0,0,thankyou
4.396465301513672,12,-8,6,-8,-6,-1,12,7,7,11,3,19,19,26,thankyou
4.396465301513672,33,12,13,-2,8,6,21,1,24,17,28,41,30,35,thankyou
4.412182807922363,27,19,17,2,14,-1,6,-3,17,13,23,34,30,18,thankyou
4.412182807922363,12,14,5,12,12,-13,0,1,13,10,28,18,22,1,thankyou
4.427794933319092,6,13,8,20,10,-8,0,2,13,-1,18,4,0,-9,thankyou
4.427794933319092,5,15,4,23,9,-2,-4,-2,-1,-16,0,-4,-12,-13,thankyou
4.444375991821289,3,9,-6,20,7,-1,-1,-2,-15,-11,0,-3,-8,-6,thankyou
4.444375991821289,0,1,7,15,7,5,1,3,-11,0,2,0,-6,0,thankyou
4.460036039352417,-6,-6,2,15,6,11,2,1,-7,3,-7,-5,-5,3,thankyou
4.460036039352417,-9,-13,-9,4,-5,1,4,-6,-6,3,-16,-3,-2,8,thankyou
4.4752278327941895,-9,-14,-9,-14,-12,-12,1,-8,3,-2,-15,3,0,2,thankyou
4.4752278327941895,-10,-17,-17,-36,-15,-19,-14,-5,7,-10,-4,1,6,-8,thankyou
4.491286039352417,-7,-17,-9,-42,-25,-23,-28,-2,-2,-14,3,0,4,-13,thankyou
4.491286039352417,-1,-3,-6,-25,-22,-21,-28,0,-10,-23,6,-1,-5,-13,thankyou
4.506449937820435,-1,9,0,-12,-2,-10,-25,2,-10,-27,5,-2,-10,-14,thankyou
4.506449937820435,3,17,6,-1,6,1,-15,2,-1,-12,5,4,-5,-7,thankyou
4.522501468658447,14,24,6,23,9,0,-1,3,0,-1,6,8,-4,-1,thankyou
4.522501468658447,0,14,13,25,11,0,-6,4,-19,-7,-1,-5,-19,-13,thankyou
4.537243127822876,-24,-6,0,0,10,9,-12,0,-24,-7,-18,-26,-28,-22,thankyou
4.537243127822876,-15,-9,-4,-1,11,15,6,0,-7,0,-18,-24,-15,-12,thankyou
4.553272247314453,0,-1,6,18,6,15,22,3,-3,8,-2,-5,1,3,thankyou
4.553272247314453,1,-3,0,22,-4,18,18,4,-1,19,3,-1,7,15,thankyou
4.568440437316895,5,-4,0,3,-6,22,17,4,10,23,-3,-6,3,15,thankyou
4.568440437316895,1,-2,-1,-4,-3,18,24,1,12,17,-9,-3,4,11,thankyou
4.58451247215271,0,-5,-1,7,-6,9,21,-2,7,14,-5,2,7,20,thankyou
4.58451247215271,14,-3,4,17,-1,15,21,0,19,22,0,8,7,28,thankyou
4.600176572799683,16,0,-6,7,8,19,28,3,34,31,5,12,18,29,thankyou
4.600176572799683,9,0,0,-5,10,1,21,2,31,20,17,21,31,29,thankyou
4.616241455078125,3,-5,0,-10,4,-14,4,-1,16,-4,15,14,23,13,thankyou
4.616241455078125,-2,-8,-6,-26,-10,-19,-14,-11,-6,-24,-5,-4,-3,-10,thankyou
4.631283044815064,-4,-5,0,-38,-19,-24,-27,-8,-18,-27,-10,-3,-16,-14,thankyou
4.631283044815064,1,0,-2,-18,-1,-21,-20,1,-10,-14,8,7,-1,-6,thankyou
4.64614725112915,4,11,8,3,13,-6,-12,6,4,5,22,10,17,-9,thankyou
4.662390232086182,0,14,9,4,5,-7,-16,3,15,15,24,10,20,-9,thankyou
4.662390232086182,-2,6,-5,0,-1,-19,-17,0,6,6,14,8,7,-6,thankyou
4.662390232086182,0,5,4,1,0,-14,-11,-4,-12,-7,1,5,-1,-14,thankyou
4.677094459533691,1,6,3,1,-1,-5,-8,-7,-14,-11,3,0,-5,-21,thankyou
4.69463849067688,-3,-1,-3,-1,-7,-7,-11,-4,-13,-18,-2,-8,-12,-19,thankyou
4.695149183273315,-10,-3,-6,-1,-11,-5,-8,-2,-19,-24,-19,-14,-17,-10,thankyou
4.695149183273315,-5,5,-7,-1,-1,1,0,1,-11,-15,-12,-6,-13,-5,thankyou
4.70925235748291,2,9,2,2,10,5,1,4,-6,-5,1,1,-11,-5,sil
4.70925235748291,0,2,3,15,7,8,0,0,-12,0,-1,-3,-6,0,sil
4.726440668106079,-6,-3,7,17,-3,8,4,0,-11,4,-2,-2,3,9,sil
4.726440668106079,0,-1,3,15,-3,1,10,7,-2,6,5,7,3,13,sil
4.740997314453125,3,1,-10,14,0,-1,0,7,-4,-4,-6,-2,-13,2,sil
4.757650136947632,-8,-3,-3,0,-3,4,-10,-2,-8,-18,-29,-23,-29,-10,sil
4.757650136947632,-14,-12,-4,-9,-2,11,-1,-6,-3,-12,-23,-21,-21,-13,sil
4.757650136947632,0,-4,2,2,7,15,13,1,3,5,-9,-3,-2,1,sil
4.77225399017334,9,3,8,15,14,21,19,3,10,17,-4,0,4,17,sil
4.7884039878845215,0,-7,-4,11,10,18,12,-3,8,15,-3,-5,5,14,sil
4.7884039878845215,-9,-13,0,-2,4,13,12,0,2,10,-1,-5,7,4,sil
4.80348539352417,-4,-6,1,-11,3,16,23,4,14,19,3,-2,6,8,sil
4.80348539352417,0,-3,3,-7,5,10,19,1,24,22,4,0,0,13,sil
4.818166494369507,-2,-3,1,0,4,-4,3,1,16,12,0,1,3,8,sil
4.818166494369507,0,0,-10,-2,0,-14,0,-1,16,9,6,8,14,8,sil
4.833357810974121,12,0,0,-11,-6,-11,1,-4,12,6,11,16,15,7,sil
4.833357810974121,14,1,0,-8,-7,-8,-1,-3,-3,0,6,13,12,1,sil
4.84861159324646,9,4,0,0,-7,-5,-6,0,0,3,7,6,16,1,sil
4.84861159324646,3,2,2,-9,-11,-9,-6,0,16,6,10,3,18,0,sil
4.864601135253906,-1,-6,-12,-23,-13,-17,-6,-1,10,-3,4,3,13,-7,sil
4.864601135253906,0,-2,-4,-21,-8,-13,-11,0,-7,-15,6,3,2,-15,sil
4.879532337188721,-5,5,-1,-16,-4,-4,-16,0,-14,-17,8,0,-5,-15,sil
4.879532337188721,-5,4,-9,-16,-8,-9,-18,-3,-16,-20,2,1,-9,-13,sil
4.894756555557251,12,12,8,1,-5,-15,-18,0,-15,-15,12,19,1,-5,sil
4.894756555557251,19,20,17,22,3,-12,-13,5,-6,-1,27,27,15,4,sil
4.909893989562988,11,13,17,19,3,-4,-13,1,-8,-3,12,11,1,7,sil
4.909893989562988,9,5,6,19,1,0,-13,-3,-13,-12,-1,0,-14,3,sil
4.925449848175049,4,3,0,23,8,2,-6,0,-8,-2,1,1,-10,3,sil
4.925895929336548,-2,3,9,17,13,8,3,0,3,4,0,-1,-6,2,sil
4.940491676330566,-6,5,0,13,8,10,8,0,5,-1,-12,-15,-13,-4,sil
4.940491676330566,-14,-3,-6,2,2,4,5,3,-8,-11,-23,-22,-21,-13,sil
4.95607590675354,-21,-14,-11,-6,2,7,11,4,-10,-9,-24,-23,-18,-13,sil
4.95607590675354,-18,-8,-11,1,2,12,20,0,0,0,-21,-24,-13,-11,sil
4.971636056900024,-18,-5,-1,7,2,10,20,0,1,5,-20,-24,-16,-10,sil
4.971636056900024,-21,-16,-4,-2,3,10,20,0,1,7,-16,-25,-18,-2,sil
4.986538410186768,-18,-16,1,-8,1,17,18,0,7,8,-13,-22,-15,0,sil
4.986538410186768,-7,-9,0,-3,0,18,13,0,3,12,-12,-9,-3,0,sil
5.002220153808594,3,-6,-5,4,0,8,12,-1,1,15,-5,1,14,10,sil
5.002220153808594,9,-2,4,-1,-3,-1,5,-1,3,4,-3,9,16,14,sil
5.018111705780029,3,-7,-11,-21,-10,-11,-8,-3,0,0,-11,10,4,5,sil
5.018111705780029,4,-10,-8,-27,-9,-17,-12,0,2,5,0,14,12,10,sil
5.034550905227661,18,5,10,-9,-3,-14,-5,2,13,11,27,29,30,23,sil
5.034550905227661,24,16,0,1,-4,-15,-14,-1,4,-1,33,35,25,14,sil
5.050158739089966,14,13,3,-4,-6,-20,-36,0,-11,-16,22,29,9,-2,sil
5.050158739089966,11,17,7,3,0,-11,-32,5,-5,-8,31,19,13,1,sil
5.066075801849365,21,21,11,13,7,1,-8,4,8,6,39,16,20,8,sil
5.066075801849365,14,16,11,9,10,4,0,-1,7,3,23,9,11,0,sil
5.080684661865234,-1,10,-1,12,14,9,2,-3,-4,-4,2,-6,-2,-11,sil
5.080684661865234,-1,6,0,26,18,23,15,3,-5,5,-3,-11,-7,-5,sil
5.096478223800659,1,-4,-3,21,14,25,26,2,10,21,-1,-2,0,10,sil
5.096478223800659,-10,-20,-8,-5,0,9,25,-3,16,17,-11,-6,0,12,sil
5.1115148067474365,-20,-24,-10,-27,-17,-2,13,-1,10,4,-26,-23,-12,-7,sil
5.127455234527588,-14,-16,-12,-30,-18,-6,-1,0,13,-9,-23,-23,-19,-25,sil
5.127455234527588,-1,-1,9,-17,-7,-9,-5,-2,8,-20,-12,0,-11,-18,sil
5.127455234527588,0,5,4,-7,-10,-19,-4,0,-7,-17,0,11,0,-7,sil
5.144580125808716,-10,2,-7,-9,-17,-23,-14,0,-25,-19,0,-5,-9,-11,sil
5.144580125808716,-14,0,4,0,-8,-9,-22,-1,-34,-26,-10,-19,-22,-12,sil
5.159186363220215,-3,4,5,23,5,4,-10,0,-22,-8,-15,-15,-15,-1,sil
5.175109624862671,-8,0,0,21,11,16,5,0,-7,9,-15,-14,-8,2,sil
5.175109624862671,-17,-11,-14,-2,8,17,12,0,4,14,-15,-19,-7,1,sil
5.175109624862671,0,-7,-11,-10,-4,0,5,0,20,13,-5,-4,1,9,sil
5.191524028778076,22,10,13,1,-8,-16,-5,0,21,7,10,25,14,13,sil
5.191524028778076,21,15,15,14,5,-15,-9,0,4,0,26,32,19,7,sil
5.206073522567749,23,16,18,12,9,-12,-13,0,-2,0,37,31,19,8,sil
5.220202922821045,20,20,11,12,2,-8,-17,-2,0,0,33,25,18,10,sil
5.220202922821045,0,9,0,16,6,3,-5,-2,-13,-5,8,3,1,1,sil
5.236255645751953,-10,-8,2,9,9,19,16,4,-16,-2,-11,-14,-16,0,sil
5.236255645751953,-10,-16,-10,-5,0,20,29,6,8,11,-22,-19,-13,6,sil
5.236255645751953,-14,-17,-10,-12,-3,14,27,0,11,15,-35,-22,-11,-2,sil
5.251810550689697,-18,-18,-14,-8,3,22,27,-6,-3,7,-36,-28,-15,-16,sil
5.2694597244262695,-12,-18,-22,-12,3,20,21,-5,7,6,-13,-23,-1,0,sil
5.2694597244262695,5,-10,-4,-20,-4,2,1,2,18,1,8,3,17,17,sil
5.2694597244262695,11,0,0,-17,-2,-9,-14,0,-2,-12,14,23,17,4,sil
5.283089637756348,1,5,0,-12,0,-14,-23,-4,-23,-21,10,13,7,-14,sil
5.298341274261475,2,4,4,-6,-3,-21,-32,0,-20,-16,19,8,8,-11,sil
5.298341274261475,8,6,2,4,-4,-22,-30,1,-12,-7,27,17,14,-7,sil
5.313482046127319,-1,13,9,7,0,-9,-20,0,-14,-10,19,17,4,-12,sil
5.313482046127319,-9,11,2,8,2,0,-7,1,-10,-8,9,2,-11,-13,sil
5.329462289810181,-4,2,2,11,5,0,2,0,-2,1,-1,-9,-19,-7,sil
5.329462289810181,-5,3,2,13,3,3,7,1,12,17,-9,-11,-14,4,sil
5.345482110977173,-1,5,-3,18,-1,9,15,6,26,23,-9,-6,-4,19,sil
5.345482110977173,2,-2,5,10,-5,11,27,5,20,16,-15,-9,0,17,sil
5.360538005828857,-5,-10,-1,-6,-8,3,27,-3,12,10,-20,-18,-1,4,sil
5.360538005828857,2,-4,0,-8,-7,-1,12,-3,21,19,-9,-2,4,9,sil
5.37575364112854,20,2,15,-5,0,1,7,2,33,25,5,17,23,20,sil
5.37575364112854,13,0,7,-20,-3,0,1,1,29,13,14,17,25,11,sil
5.391422510147095,5,0,2,-26,-5,-5,-12,0,10,-2,11,16,4,-5,sil
5.391422510147095,12,3,0,-8,1,-9,-13,0,-11,-16,9,11,-5,-10,sil
5.406574249267578,11,7,1,4,0,-13,-13,0,-26,-31,8,1,-7,-8,sil
5.406574249267578,0,14,6,12,-2,-6,-22,-1,-28,-31,0,-1,-14,-11,sil
5.422441244125366,0,13,2,27,16,7,-12,-1,-18,-11,-5,0,-12,-4,sil
5.422441244125366,0,3,10,30,30,21,7,0,-16,-6,-9,-8,-6,0,sil
5.437860250473023,-19,-10,-8,16,16,23,15,0,-19,-7,-14,-20,-9,-6,sil
5.437860250473023,-32,-23,-24,0,-2,11,12,-3,-10,1,-18,-23,-12,-11,sil
5.453397512435913,-21,-23,-9,-6,-7,5,9,-2,2,10,-17,-14,-4,0,sil
5.453397512435913,-8,-15,-9,-7,-4,1,3,0,10,8,-12,-12,4,5,sil
5.46940016746521,-3,-9,-7,-16,-10,-13,-7,-1,13,0,-5,-7,6,0,sil
5.46940016746521,0,-4,-9,-18,-18,-23,-10,-5,13,-2,-2,0,5,-2,sil
5.4852988719940186,5,-3,-9,-17,-15,-21,-13,0,-2,-7,-1,4,0,0,sil
5.4852988719940186,10,0,6,-13,-1,-13,-16,4,-13,-14,13,20,2,1,sil
5.500823974609375,13,11,8,-1,11,-6,-1,0,-7,-6,31,31,17,2,sil
5.500823974609375,6,15,10,7,9,0,7,0,-7,7,26,15,10,1,sil
5.516401767730713,-1,11,5,12,0,0,-1,2,-14,9,18,-1,-7,0,sil
5.516401767730713,1,12,6,23,-1,4,0,3,-14,8,13,0,-2,0,sil
5.532408952713013,4,10,13,21,-2,17,11,4,-5,12,-4,-7,1,0,sil
5.532408952713013,-6,-9,-7,-4,-8,18,11,0,5,11,-20,-25,-6,0,sil
5.548455715179443,-12,-20,-13,-31,-7,4,5,-5,12,7,-16,-17,-4,-5,sil
5.548455715179443,0,-5,-4,-28,0,-7,2,-5,15,2,-4,3,4,-2,sil
5.564533948898315,13,11,3,-4,3,-9,-7,0,13,-7,4,17,5,9,sil
5.564533948898315,15,23,18,14,6,0,-9,5,7,-8,13,25,4,6,sil
5.58017635345459,14,25,13,20,17,8,0,3,10,6,17,22,6,0,sil
5.58017635345459,9,13,13,17,19,15,6,2,8,9,2,4,-3,7,sil
5.595411777496338,-3,0,4,14,6,18,11,1,0,2,-15,-8,-14,7,sil
5.595411777496338,-13,-10,-13,6,-3,8,15,-3,2,5,-13,-12,-6,0,sil
5.610681533813477,-10,-20,-10,-15,-6,-2,8,-3,12,2,-8,-9,4,0,sil
5.610681533813477,-5,-21,-18,-23,-8,-7,-2,-1,12,-10,-12,-9,4,0,sil
5.6263720989227295,-4,-11,-9,-13,-8,-12,-10,-2,0,-19,-3,-6,2,-6,sil
5.6263720989227295,-7,-1,6,-3,0,-14,-13,2,-6,-13,15,2,2,-11,sil
5.642463445663452,-5,8,2,10,8,-6,-7,5,-7,-6,17,8,1,-11,sil
5.642463445663452,1,17,11,29,12,10,3,3,1,5,4,9,3,-1,sil
5.658218383789063,4,6,6,32,9,19,15,2,3,19,-5,-4,4,11,sil
5.658218383789063,-1,-14,-4,12,0,8,11,2,-4,11,-24,-23,-5,12,sil
5.673343896865845,-11,-22,-8,-10,-11,-5,0,-2,-7,1,-34,-22,-11,4,sil
5.673343896865845,-11,-22,-14,-25,-19,-14,-7,-10,-7,5,-21,-11,-7,-3,sil
5.688516616821289,0,-18,-6,-32,-24,-17,-18,-11,-14,-2,-3,-5,-3,-12,sil
5.688516616821289,9,-4,-3,-26,-17,-16,-21,-5,-11,-13,10,1,1,-7,sil
5.704192638397217,11,7,2,-15,-13,-17,-16,0,-7,-7,17,12,5,3,sil
5.704192638397217,8,7,7,-15,-14,-17,-12,-1,-10,-6,19,17,5,3,sil
5.719537973403931,6,3,-2,-15,0,-6,-5,-1,-1,0,28,21,12,4,sil
5.719537973403931,12,15,8,4,21,7,5,6,6,10,32,27,8,7,sil
5.735521554946899,9,25,6,20,21,8,9,7,2,1,15,15,-3,-3,sil
5.735521554946899,-8,9,-4,0,7,1,0,0,-1,-20,-5,-5,-15,-19,sil
5.750164747238159,-14,-5,-3,-15,0,1,-5,-1,-4,-24,-15,-8,-18,-15,sil
5.76541543006897,-5,0,-5,0,2,8,-1,2,-6,-14,-17,-7,-14,-2,sil
5.76541543006897,-2,9,7,12,6,13,10,3,-3,-8,-11,-7,-9,0,sil
5.76541543006897,0,10,10,23,10,11,18,2,4,0,6,0,2,0,sil
5.780842781066895,11,14,8,47,18,10,16,3,11,11,9,5,13,9,sil
5.780842781066895,12,20,14,49,21,21,16,3,17,20,0,2,11,16,sil
5.7969934940338135,-3,5,-2,25,12,23,17,0,15,28,-1,-10,6,4,sil
5.7969934940338135,-10,-12,0,12,0,12,8,1,3,24,-4,-14,1,0,sil
5.811171293258667,3,-12,9,14,-2,7,7,2,3,20,-4,-1,4,18,sil
5.829185485839844,9,-7,0,-1,-6,0,3,-5,6,14,1,7,13,27,sil
5.829185485839844,-6,-13,-8,-21,-14,-10,-11,-6,-4,-4,-9,-2,5,5,sil
5.829185485839844,-20,-21,-21,-21,-12,-11,-9,-1,-7,-13,-23,-14,-6,-11,sil
5.8424293994903564,-11,-16,-8,-12,-6,-9,1,-1,6,-1,-10,-5,-2,-9,sil
6.450530767440796,0,0,-2,0,0,-17,4,0,29,15,10,11,11,0,sil
6.450530767440796,16,3,8,12,2,-20,-1,7,27,20,25,19,27,12,sil
6.450530767440796,23,1,6,0,-7,-20,-9,8,9,6,33,31,30,20,sil
6.465064287185669,30,4,19,-6,-7,-9,-2,7,-6,1,30,44,26,28,sil
6.480088949203491,27,4,8,-5,1,-3,-2,1,-6,1,19,29,24,16,sil
6.480088949203491,17,3,2,-6,3,-11,-15,-2,-4,-9,9,11,13,-2,sil
6.4954047203063965,14,19,13,3,2,-9,-18,0,-4,-11,13,19,6,0,sil
6.4954047203063965,14,24,6,11,4,0,-13,0,-9,-4,7,15,3,6,sil
6.510756969451904,2,5,0,-3,6,0,-15,-10,-25,-22,-17,-12,-14,-12,sil
6.510756969451904,-19,-6,-7,-5,5,0,-18,-12,-41,-40,-21,-33,-34,-29,sil
6.526121139526367,-27,-1,-8,4,5,13,-9,-5,-36,-27,-9,-26,-30,-24,sil
6.526121139526367,-18,0,-8,1,5,26,9,1,-18,-8,-11,-16,-20,-21,sil
6.542201995849609,-20,-4,-13,-8,0,16,7,1,-15,-13,-24,-29,-26,-27,sil
6.542201995849609,-34,-6,-5,-3,-7,-2,-11,-3,-27,-25,-34,-40,-36,-30,sil
6.557362079620361,-31,-2,-2,10,-4,-4,-6,-5,-22,-14,-28,-27,-28,-22,sil
6.557362079620361,-14,1,4,13,2,9,14,2,4,14,-9,-11,-9,-6,sil
6.572502851486206,-4,-2,3,7,2,19,24,6,19,30,0,-9,5,7,sil
6.572502851486206,-9,-15,-8,6,2,17,18,2,11,19,-5,-5,6,12,sil
6.588551044464111,-10,-13,5,7,0,15,12,3,15,11,-6,4,2,16,sil
6.588551044464111,8,-4,10,3,-1,7,16,4,36,29,13,17,21,32,sil
6.604562520980835,30,-3,6,-3,-3,-6,14,0,46,44,35,36,43,48,sil
6.604562520980835,30,0,8,-6,0,-11,5,0,40,32,36,45,44,46,sil
6.620117902755737,18,8,0,0,1,-12,9,4,26,12,24,32,35,29,sil
6.620117902755737,13,7,3,-3,-3,-11,5,2,2,-3,15,10,11,0,sil
6.63616681098938,16,2,-3,-8,0,-1,-3,-3,4,-5,7,1,-6,-11,sil
6.63616681098938,23,4,0,-9,6,3,0,0,21,2,4,9,2,2,sil
6.6521875858306885,21,5,10,-8,-2,-5,-3,0,8,1,4,13,8,5,sil
6.6521875858306885,5,3,-8,-7,-11,-15,-21,-3,-12,-4,-7,-4,-10,-12,sil
6.667380332946777,-10,0,-9,-7,-3,-14,-26,2,-14,-12,-29,-20,-25,-27,sil
6.667380332946777,-22,-5,-10,-11,-4,-13,-16,2,-19,-15,-26,-24,-29,-29,sil
6.6834447383880615,-18,-6,-9,-8,-11,-8,-13,-6,-27,-19,-7,-17,-31,-26,sil
6.6834447383880615,2,13,14,12,2,0,-6,-4,-21,-18,0,0,-17,-13,sil
6.699504613876343,14,23,11,26,21,2,0,0,-22,-14,4,9,3,4,sil
6.699504613876343,1,6,3,16,10,3,-9,0,-32,-19,3,2,3,8,sil
6.715088605880737,-12,-9,-2,4,-7,7,-9,0,-25,-17,-3,-12,-7,0,sil
6.715088605880737,-9,-10,-3,11,-3,8,14,0,-1,9,-1,-11,2,5,sil
6.731120586395264,0,-4,8,19,8,16,34,0,19,34,11,4,25,21,sil
6.731120586395264,0,-12,-3,3,1,17,23,-1,27,26,9,4,21,17,sil
6.747179985046387,-7,-19,-12,-21,-13,0,3,-8,12,5,0,0,7,2,sil
6.747179985046387,-7,-2,-7,-20,-7,-9,-7,-8,-4,-2,9,9,13,-4,sil
6.763039588928223,-1,13,-3,-4,4,-9,-16,0,-1,-7,16,10,10,-10,sil
6.763039588928223,1,13,7,-5,3,-11,-17,8,6,-13,3,0,-5,-17,sil
6.778565406799316,-4,11,2,1,8,-1,0,7,13,-4,0,-3,-6,-15,sil
6.778565406799316,-19,12,0,13,17,12,11,7,13,1,0,-8,-7,-14,sil
6.794517278671265,-28,-1,-5,5,8,12,6,6,3,1,-11,-19,-16,-17,sil
6.794517278671265,-25,-23,-14,-5,-10,3,4,0,-13,0,-29,-29,-18,-15,sil
6.810080528259277,-13,-24,-1,-3,-14,5,8,0,-20,-6,-31,-25,-18,-2,sil
6.810080528259277,1,-10,0,0,-1,6,10,3,-5,-4,-21,-10,-15,11,sil
6.825604200363159,18,-4,2,-5,-1,-1,3,2,12,4,-13,4,-1,17,sil
6.825604200363159,27,-4,9,-14,-11,-8,-1,0,24,7,0,19,17,21,sil
6.841309785842896,33,7,7,-11,-7,-11,-3,-4,21,2,20,32,25,27,sil
6.841309785842896,32,24,16,-1,0,-12,-16,-7,-6,-9,20,30,9,14,sil
6.857407808303833,24,15,11,-2,1,-14,-29,-8,-39,-27,6,13,-8,-8,sil
6.857407808303833,17,2,11,2,1,-9,-16,-5,-44,-26,3,5,-11,-5,sil
6.872652769088745,10,7,12,24,9,6,5,-3,-28,-4,3,0,-5,9,sil
6.872652769088745,-2,5,-9,27,17,21,17,-1,-3,19,0,-10,4,10,sil
6.887807607650757,-10,-13,-9,0,4,17,17,6,31,39,1,-5,20,9,sil
6.887807607650757,-10,-20,-10,-19,-8,0,15,10,61,46,3,11,26,13,sil
6.903485298156738,-4,-2,-9,-12,-3,-11,8,6,60,35,11,16,21,8,sil
6.903485298156738,-5,9,-1,-5,-1,-13,-2,4,33,15,26,9,16,-8,sil
6.919215679168701,-17,1,-13,-13,-8,-14,-19,1,4,-5,17,-3,0,-31,sil
6.919215679168701,-18,0,-7,-11,-4,-7,-22,1,-12,-22,-1,-7,-20,-30,sil
6.934296369552612,-6,11,1,11,6,11,-2,3,-18,-17,4,-1,-11,-5,sil
6.934296369552612,-9,8,0,15,2,17,5,0,-31,-20,0,-12,-10,-2,sil
6.950248956680298,-18,-4,2,5,-1,11,0,-6,-34,-28,-22,-23,-28,-14,sil
6.950248956680298,-1,-1,4,24,6,6,7,-3,-13,-6,-14,-13,-18,0,sil
6.965603590011597,16,4,15,34,11,8,16,0,-9,8,-2,0,-3,13,sil
6.965603590011597,8,-8,3,7,0,8,1,-6,-27,-8,-17,-10,-10,4,sil
6.981580257415772,-5,-21,-12,-16,-10,-3,-8,-12,-30,-21,-31,-24,-13,0,sil
6.981580257415772,0,-7,-1,-13,-5,-5,6,-6,-7,-1,-20,-12,0,6,sil
6.997608661651611,4,-4,-2,-11,-2,0,16,-1,15,21,0,0,14,8,sil
6.997608661651611,-8,-19,-4,-28,-16,-10,-6,-1,15,13,-3,-3,7,0,sil
7.013206958770752,-10,-10,-10,-25,-19,-16,-15,1,12,-3,-9,0,0,-4,sil
7.013206958770752,11,13,-9,0,0,0,6,8,30,9,15,26,18,4,sil
7.028452396392822,15,14,11,7,12,8,9,8,35,19,38,34,26,4,sil
7.028452396392822,2,8,10,2,10,-5,-5,4,19,2,31,18,9,-4,sil
7.044434070587158,12,21,10,3,16,-7,-7,4,10,-2,21,19,8,-4,sil
7.044434070587158,15,26,9,6,19,-3,-9,0,4,0,21,24,20,-1,sil
7.059748411178589,-3,12,0,8,2,-15,-20,-5,-14,-14,11,4,3,-9,sil
7.059748411178589,-8,3,5,6,-4,-13,-23,-1,-31,-21,-6,-11,-18,-15,sil
7.0757153034210205,-1,0,2,9,6,5,-8,1,-27,-8,-12,-11,-12,-5,sil
7.0757153034210205,0,-7,1,13,8,13,6,0,-21,-6,-13,-10,-6,5,sil
7.091433763504028,2,-13,-1,9,-7,4,6,-3,-26,-11,-18,-14,-15,3,sil
7.091433763504028,0,-12,-11,-1,-15,5,6,-3,-19,-1,-18,-20,-14,8,sil
7.107084274291992,-7,-8,-6,-6,-8,17,17,1,8,18,-12,-11,-3,23,sil
7.107084274291992,-10,-10,-14,-6,0,13,27,3,22,23,-14,-8,-3,16,sil
7.122543573379517,-8,-15,-10,-18,-7,1,17,0,12,7,-22,-10,-12,-1,sil
7.122543573379517,-7,-14,-3,-26,-11,0,4,2,13,2,-20,-11,-7,-1,sil
7.13811182975769,-3,-3,-11,-14,-6,-1,3,4,25,12,-7,-6,8,2,sil
7.13811182975769,8,11,7,2,0,-6,9,5,25,11,12,7,13,2,sil
7.153527498245239,16,15,12,6,5,-3,4,3,15,-4,28,18,6,0,sil
7.153527498245239,9,8,5,1,7,-7,-14,-3,0,-13,21,16,0,-5,sil
7.169584512710571,2,9,13,5,5,-7,-18,-8,-6,-8,13,16,4,-9,sil
7.169584512710571,3,14,11,14,11,5,-1,0,1,0,21,15,7,-4,sil
7.184609889984131,1,12,12,19,14,14,9,5,1,-1,18,5,-1,-4,sil
7.184609889984131,-3,0,1,19,13,13,11,0,-11,-3,1,-3,-10,-8,sil
7.201140880584717,-3,-10,-4,11,11,10,11,-2,-14,6,-6,-5,-1,0,sil
7.201140880584717,0,-11,0,1,0,1,4,2,4,21,-6,2,10,15,sil
7.216217756271362,-3,-14,-7,-9,-14,-10,-10,-4,10,15,-8,1,14,11,sil
7.216217756271362,-14,-19,-7,-27,-17,-17,-30,-11,-13,-8,-8,-4,7,-7,sil
7.232851982116699,-11,-9,-8,-20,-12,-21,-33,-4,-25,-14,6,2,9,-12,sil
7.232851982116699,0,7,-3,-2,-9,-23,-29,1,-20,-10,15,11,10,-7,sil
7.247153282165527,-3,13,3,-7,-14,-20,-34,-1,-26,-27,0,-1,-7,-16,sil
7.247153282165527,-8,8,-7,-12,-16,-12,-26,-6,-29,-37,-14,-20,-25,-19,sil
7.263436317443848,1,11,0,11,0,10,10,0,-11,-10,-4,-9,-13,-3,sil
7.263436317443848,3,10,1,27,15,34,40,6,6,19,0,-7,0,9,sil
7.278595685958862,-2,-5,-13,5,5,26,40,5,20,24,-15,-23,-6,6,sil
7.278595685958862,7,-10,-1,-8,0,7,33,5,36,21,-15,-12,-4,10,sil
7.293267011642456,20,0,5,5,7,5,29,6,44,28,-2,5,11,23,sil
7.30843448638916,7,-3,2,2,1,5,13,1,32,20,-7,-2,4,15,sil
7.30843448638916,-6,-16,-12,-21,-8,-7,-5,-5,8,-3,-16,-13,-10,-7,sil
7.325151205062866,-2,-6,-15,-25,-8,-23,-21,-7,-8,-25,-10,0,-11,-10,sil
7.325151205062866,6,8,9,-12,-5,-21,-28,-1,-21,-35,3,18,-7,-6,sil
7.340561866760254,11,10,7,2,0,-10,-21,2,-21,-24,18,25,0,-6,sil
7.341561794281006,15,16,10,16,11,0,-7,5,-14,-12,22,22,3,3,sil
7.341561794281006,16,23,19,26,21,13,5,7,0,-1,21,20,5,18,sil
7.356460332870483,8,17,12,31,26,18,15,9,10,15,21,17,10,17,sil
7.356460332870483,-8,4,8,22,17,9,9,2,1,12,9,5,5,2,sil
7.373174428939819,-24,-5,-4,9,5,7,3,-4,-12,0,0,-6,0,-7,sil
7.373174428939819,-20,-8,1,10,3,18,7,-1,-6,15,1,-8,4,-1,sil
7.389066934585571,-11,-6,4,5,0,16,16,0,9,29,0,-10,5,0,sil
7.40320873260498,-17,-17,-10,-19,-8,3,19,-5,14,20,-11,-18,-1,-8,sil
7.40320873260498,-13,-21,-6,-27,-12,4,14,0,7,14,-20,-13,-2,-7,sil
7.420778036117554,1,-10,-4,-10,-10,0,5,0,1,9,-14,-7,5,0,sil
7.420778036117554,1,-7,-6,-18,-16,-19,-9,-5,-2,-8,-8,-7,2,-2,sil
7.420778036117554,-5,-12,-5,-29,-13,-22,-23,-9,-7,-19,-8,-9,-4,-4,sil
7.434431552886963,4,-5,-6,-10,-1,-11,-23,-7,-4,-9,-2,-1,0,1,sil
7.450323104858398,18,5,6,0,-5,-11,-13,-5,5,-1,8,14,12,4,sil
7.450323104858398,11,4,-5,-8,-15,-10,-5,0,11,-4,11,12,12,0,sil
7.4654364585876465,4,4,-11,-3,-3,0,-2,4,9,-6,10,2,3,-1,sil
7.4654364585876465,11,12,11,10,10,1,0,5,5,-2,11,10,-2,1,sil
7.480489730834961,9,10,6,11,4,-11,-3,1,-4,-11,1,7,-8,-1,sil
7.480489730834961,0,4,-2,0,-5,-10,-17,0,-25,-31,-12,-8,-16,-16,sil
7.4961748123168945,-1,8,-2,0,-4,-2,-21,-2,-25,-26,-3,-7,-15,-16,sil
7.4961748123168945,1,11,4,12,0,-3,-3,-1,-9,-3,5,0,-8,0,sil
7.511741399765015,0,10,7,21,5,2,12,7,4,11,0,-5,-6,4,sil
7.511741399765015,-13,0,-2,19,8,14,10,9,3,12,-6,-16,-9,-1,sil
7.527740478515625,-22,-11,-2,4,8,14,0,0,-14,-3,-20,-16,-16,-7,sil
7.527740478515625,-12,-8,-13,2,8,12,1,-2,-20,-10,-27,-11,-13,-7,sil
7.543440580368042,4,-1,-12,11,4,12,9,0,-6,1,-7,3,0,8,sil
7.543440580368042,12,-4,13,8,0,15,16,2,10,21,16,24,13,26,sil
7.558580875396728,11,-4,6,-2,5,16,13,1,25,34,21,20,21,28,sil
7.558580875396728,3,-3,0,-8,8,7,6,0,30,29,12,4,15,21,sil
7.574295997619629,0,-6,5,-7,0,0,17,0,31,22,3,0,8,15,sil
7.574295997619629,6,-3,3,-4,-3,2,34,0,36,23,4,4,15,8,sil
7.589803457260132,3,-2,-2,-19,-10,0,19,0,26,10,9,9,24,0,sil
7.589803457260132,-9,-14,-13,-47,-24,-25,-10,-1,-2,-18,5,12,14,-9,sil
7.605575799942017,0,-3,2,-38,-22,-36,-22,0,-23,-35,0,8,-5,-17,sil
7.605575799942017,15,28,15,10,0,-18,-23,0,-23,-28,2,5,-12,-15,sil
7.62108588218689,11,33,9,30,11,-8,-26,0,-19,-14,5,2,-6,-9,sil
7.62108588218689,3,14,9,12,8,-9,-24,-1,-24,-15,0,-1,-6,-6,sil
7.63632869720459,-2,2,-7,6,8,-4,-19,-5,-29,-25,-4,-10,-8,-7,sil
7.63632869720459,-5,0,-3,12,9,0,-14,0,-23,-18,-2,-12,-5,-9,sil
7.652429819107056,-4,0,8,13,11,11,0,1,-8,2,-1,-9,0,-9,sil
7.652429819107056,-11,0,-2,18,16,19,14,-3,-2,12,-7,-18,-5,-7,sil
7.668100357055664,-24,-4,-9,11,8,15,23,0,-6,4,-16,-30,-20,-16,thankyou
7.668100357055664,-26,-17,-19,-5,-5,6,25,1,0,3,-13,-28,-16,-19,thankyou
7.683444738388061,-11,-18,-3,-16,-8,6,14,0,13,14,-3,-5,-2,-1,thankyou
7.683444738388061,9,-4,14,0,-4,7,0,3,31,27,8,17,13,20,thankyou
7.699550867080688,18,1,7,17,-2,0,-3,5,37,28,14,19,22,28,thankyou
7.699550867080688,3,-4,5,13,0,4,-2,4,16,17,1,3,5,17,thankyou
7.714682579040527,-10,-12,-13,-9,0,6,0,0,-3,1,-20,-12,-14,0,thankyou
7.714682579040527,-8,-15,-21,-30,-11,1,0,-6,-11,-12,-32,-13,-15,-4,thankyou
7.730070829391479,-1,-11,-4,-26,-17,0,6,-6,-7,-11,-13,-1,-2,0,thankyou
7.730070829391479,6,-1,2,-9,-10,-1,15,-1,9,0,13,13,7,8,thankyou
7.745634317398071,17,9,9,-2,-7,-4,6,0,14,1,17,22,9,13,thankyou
7.745634317398071,18,5,1,-6,-8,-8,-7,-3,0,-5,7,17,7,12,thankyou
7.761533975601196,11,1,-1,-11,-5,-20,-18,-5,-10,-11,9,9,6,5,thankyou
7.761533975601196,13,13,6,1,1,-22,-23,-1,-9,-10,21,16,12,4,thankyou
7.779175281524658,20,21,7,19,10,-9,-13,0,-7,1,23,23,17,7,thankyou
7.779175281524658,12,11,12,10,5,-7,-8,0,-6,0,8,13,8,-6,thankyou
7.792196989059448,0,5,1,-6,-3,-10,-9,5,6,-6,5,3,-2,-23,thankyou
7.792196989059448,1,8,-3,0,2,6,0,8,16,-6,11,3,0,-18,thankyou
7.807521820068359,0,11,5,13,20,22,11,7,12,-2,8,0,2,-3,thankyou
7.807521820068359,-14,6,0,18,23,14,10,7,-1,4,0,-11,-3,0,thankyou
7.823058843612671,-15,1,3,10,13,12,13,6,-12,9,-5,-12,-11,-2,thankyou
7.823058843612671,-4,6,1,18,13,22,17,-2,-12,0,-4,-8,-2,0,thankyou
7.839439630508423,0,10,5,36,16,11,8,-8,-11,-1,-1,-6,0,7,thankyou
7.839439630508423,-3,0,9,25,2,-6,-6,-2,-15,5,-9,-11,-12,6,thankyou
7.85512638092041,-18,-19,-15,-7,-13,-9,-12,-1,-14,-1,-25,-25,-20,0,thankyou
7.870526552200317,-27,-34,-20,-23,-13,0,-4,-3,-3,-11,-32,-29,-19,-11,thankyou
7.870526552200317,-24,-34,-11,-24,-6,3,9,-3,3,-1,-29,-24,-16,-18,thankyou
7.870526552200317,-20,-25,-15,-33,-11,0,10,-1,8,7,-22,-22,-10,-15,thankyou
7.886059284210205,-16,-19,-13,-32,-18,-4,5,0,15,12,-18,-20,-4,-9,thankyou
7.886059284210205,-9,-11,-14,-10,-15,-5,1,-1,5,11,-14,-9,0,-6,thankyou
7.901084661483765,7,4,2,0,-13,-7,-6,-4,-12,-3,-1,7,7,0,thankyou
7.901084661483765,21,10,10,-12,-9,-14,-9,-5,-2,-10,11,19,20,12,thankyou
7.916481733322143,24,7,9,-21,0,-18,-10,0,16,-2,13,27,21,15,thankyou
7.916481733322143,28,16,24,-8,7,-8,-15,4,7,0,29,42,17,9,thankyou
7.933124303817749,28,25,17,5,6,1,-15,4,-9,-3,49,42,19,12,thankyou
7.933124303817749,19,20,11,13,4,5,-7,1,-16,-12,27,22,8,10,thankyou
7.94839596748352,13,16,13,31,7,9,5,2,-13,-11,3,9,-4,7,thankyou
7.94839596748352,4,8,2,38,3,11,17,-1,-11,-1,3,-2,-3,12,thankyou
7.963583707809448,-10,-4,-4,9,-5,9,13,-1,-10,2,0,-11,0,10,thankyou
7.978165864944458,-4,-6,-7,2,2,10,13,5,7,12,2,-5,5,13,thankyou
7.978165864944458,13,5,5,23,13,4,14,7,34,20,9,1,8,21,thankyou
7.995766639709473,6,3,3,15,9,-5,3,1,48,22,6,0,11,10,thankyou
7.996429920196533,0,-4,-12,-11,4,-7,-7,2,48,26,17,9,16,-5,thankyou
7.996429920196533,4,4,2,-9,5,-2,-12,2,25,14,21,13,4,-14,thankyou
8.012472152709961,-2,10,-3,0,3,-3,-12,-5,-4,-10,0,-5,-13,-32,thankyou
8.012472152709961,-21,-3,-19,-6,6,-3,-12,-8,-26,-20,-15,-24,-18,-41,thankyou
8.02540111541748,-31,-10,-12,-6,10,7,-8,-3,-44,-27,-27,-28,-26,-29,thankyou
8.052406311035156,-32,-11,-10,0,0,12,1,-3,-46,-28,-42,-33,-35,-21,thankyou
8.052406311035156,-21,-16,-1,0,-8,9,16,0,-16,-4,-34,-26,-22,-11,thankyou
8.053406238555908,-7,-12,-3,-1,-6,10,20,6,15,21,-11,-12,0,9,thankyou
8.053406238555908,0,-7,-3,-8,-9,7,9,4,19,19,-6,-2,3,19,thankyou
8.072110652923584,3,-9,6,-17,-14,-1,1,2,13,3,-12,6,2,13,thankyou
8.072110652923584,6,-9,1,-13,-16,-10,5,1,9,-2,-10,8,7,15,thankyou
8.087254047393799,4,-6,4,-12,-15,-12,8,-1,-3,-5,-1,7,11,16,thankyou
8.087254047393799,3,-8,1,-16,-10,-14,-4,-4,-19,-15,1,5,3,8,thankyou
8.103346347808838,11,-1,2,-13,-6,-17,-18,-7,-22,-25,0,8,-4,1,thankyou
8.103346347808838,23,11,7,0,-1,-11,-10,-4,-5,-5,8,21,8,6,thankyou
8.119111061096191,27,9,0,4,4,-7,-2,1,5,20,20,18,18,11,thankyou
8.119111061096191,14,9,10,2,1,-12,-18,0,-13,3,12,7,0,2,thankyou
8.134215831756592,0,16,10,12,1,-9,-24,-7,-29,-20,8,5,-6,-11,thankyou
8.134215831756592,-2,12,1,12,10,2,-15,-6,-17,-15,13,4,2,-15,thankyou
8.149457216262817,-1,8,1,0,10,6,-14,2,-1,-5,10,-1,-2,-15,thankyou
8.149457216262817,-8,14,-4,3,8,6,-5,3,8,2,12,2,-3,-10,thankyou
8.164575338363647,-3,18,8,24,20,19,15,7,27,24,27,11,15,0,thankyou
8.164575338363647,8,21,14,36,32,25,30,13,37,38,37,9,26,8,thankyou
8.180177211761475,2,10,3,33,21,16,30,6,17,19,18,-1,13,7,thankyou
8.180177211761475,-12,-15,0,13,0,10,25,-3,-12,-5,-18,-13,-6,4,thankyou
8.195298433303833,-17,-30,-19,-1,-6,9,15,-8,-23,-15,-40,-25,-23,0,thankyou
8.195298433303833,-23,-24,-24,-6,-8,7,2,-2,-17,-20,-48,-38,-37,-17,thankyou
8.211410522460938,-31,-26,-19,-13,-13,6,-1,0,-2,-19,-44,-40,-34,-20,thankyou
8.211410522460938,-11,-20,-11,-16,-11,2,0,1,28,8,-18,-13,-4,4,thankyou
8.227112770080566,18,6,13,-7,-2,-3,1,6,59,40,15,20,22,25,thankyou
8.227112770080566,24,18,11,1,-3,-11,0,7,51,38,19,18,25,20,thankyou
8.24318528175354,13,2,2,-4,-8,-14,-9,0,12,10,0,0,10,7,thankyou
8.24318528175354,9,-7,-1,-18,-9,-12,-16,-7,-7,-1,0,3,5,3,thankyou
8.258514165878296,10,-10,-6,-27,-15,-16,-11,-10,-12,-7,12,14,15,4,sil
8.258514165878296,4,-4,4,-29,-21,-23,-11,-9,-29,-23,6,13,14,0,sil
8.274160861968994,-4,1,3,-20,-11,-14,-12,-3,-25,-25,2,6,0,-12,sil
8.274160861968994,0,2,0,-6,2,0,0,5,1,-8,16,13,-2,-14,sil
8.289483547210693,8,10,1,1,9,3,9,9,16,7,29,28,14,0,sil
8.289483547210693,3,17,1,-1,10,-3,-2,5,-1,0,24,25,12,1,sil
8.30541443824768,-3,5,13,-2,4,-9,-16,0,-33,-26,1,3,-12,-7,sil
8.30541443824768,0,-4,2,8,0,-1,-7,-5,-29,-26,-8,-7,-12,0,sil
8.320608377456665,3,3,0,18,7,12,5,1,-1,2,-2,-1,-2,6,sil
8.320608377456665,0,13,5,20,17,19,7,6,-2,6,-8,-5,-18,-3,sil
8.33654499053955,-3,7,-4,23,12,11,5,-5,-20,-6,-21,-20,-29,-8,sil
8.33654499053955,-1,5,4,27,6,7,4,-6,-19,-6,-16,-18,-20,-1,sil
8.352067708969116,0,7,5,28,14,11,2,0,-14,0,-7,-5,-7,0,sil
8.352067708969116,-5,0,-2,17,7,6,0,-7,-22,0,-9,-6,-3,-1,sil
8.368126153945923,-15,-17,-7,-5,-11,-2,-2,-7,-21,-2,-17,-19,-10,-11,sil
8.368126153945923,-16,-18,-18,-15,-9,0,-3,5,-2,-1,-22,-25,-17,-14,sil
8.38452959060669,-7,-2,-4,0,0,10,1,7,10,8,-11,-12,-2,1,sil
8.38452959060669,-7,-6,-1,3,-7,7,6,0,13,19,2,-8,11,4,sil
8.40015172958374,-15,-21,-13,-14,-11,-2,4,2,24,18,3,-14,8,-5,sil
8.40015172958374,-4,-8,-1,-18,0,0,15,7,48,26,8,2,18,9,sil
8.4152090549469,15,7,4,-3,5,8,25,5,60,36,18,18,35,27,sil
8.4152090549469,17,0,2,-7,-5,2,11,3,44,18,10,14,26,14,sil
8.430767059326172,11,-4,-2,-12,-7,-6,2,2,34,9,5,12,15,6,sil
8.430767059326172,12,3,1,-11,0,-11,2,1,31,17,10,18,19,12,sil
8.446680307388306,8,4,9,-12,-3,-16,-6,0,8,-3,6,13,8,0,sil
8.446680307388306,0,0,1,-18,-8,-18,-16,-7,-17,-35,1,4,-6,-8,sil
8.462780475616455,6,4,10,-12,0,-12,-21,-11,-30,-35,3,10,-4,1,sil
8.462780475616455,15,11,11,9,4,-11,-26,-5,-34,-23,11,16,0,2,sil
8.478198766708374,7,9,0,15,-3,-17,-25,-4,-35,-25,16,8,-3,-8,sil
8.478198766708374,-5,6,3,-1,-6,-9,-21,-9,-38,-23,12,1,-3,-13,sil
8.493393421173096,-7,3,-6,-4,-3,-1,-19,-6,-44,-16,0,-1,-5,-15,sil
8.493393421173096,-5,7,-3,9,-2,-6,-11,3,-41,-21,-12,-8,-21,-23,sil
8.50952935218811,-6,11,2,14,10,1,6,8,-11,-13,-6,-3,-20,-13,sil
8.50952935218811,1,11,-2,16,27,20,29,9,27,19,9,6,0,10,sil
8.524574041366577,6,10,5,18,21,23,32,10,35,35,2,-1,4,8,sil
8.524574041366577,-2,2,3,21,8,17,17,7,18,23,-8,-15,-7,-5,sil
8.540085315704346,-6,-3,0,12,9,17,13,4,3,11,-6,-6,-13,-2,sil
8.540085315704346,-12,-11,-10,-1,5,14,18,1,-2,11,-12,-2,-10,4,sil
8.55655837059021,-25,-29,-22,-10,-9,4,6,-4,-11,0,-28,-25,-12,0,sil
8.55655837059021,-24,-32,-6,-10,-17,2,-6,-7,-18,-17,-34,-32,-22,-4,sil
8.571170330047607,-6,-12,1,-3,-6,6,3,-3,-6,-6,-24,-16,-17,6,sil
8.571170330047607,4,-6,2,0,0,7,11,-1,14,17,-9,0,6,24,sil
8.586278200149536,7,-13,0,-7,-9,-1,0,-3,29,26,2,4,30,23,sil
8.586278200149536,12,-9,-1,-15,-14,-9,-4,-5,29,22,12,8,37,8,sil
8.601447105407715,22,6,18,-5,-5,-8,-7,-1,13,9,20,22,24,4,sil
8.618590593338013,20,15,14,6,0,-12,-15,0,0,-4,23,26,7,2,sil
8.618590593338013,10,14,0,0,-1,-16,-13,-1,0,-9,18,12,8,-1,sil
8.632305145263672,0,8,-4,-16,-3,-10,0,0,2,-12,12,0,14,-3,sil
8.632305145263672,-1,0,-11,-16,-1,-5,-1,2,4,-14,8,-1,5,-5,sil
8.648668050765991,0,4,1,-1,3,-3,-3,7,11,-4,8,2,-2,-6,sil
8.648668050765991,-1,10,0,2,2,-3,3,3,8,2,13,7,0,-2,sil
8.665376424789429,-10,5,-5,-9,-5,-10,0,-2,-11,-3,9,2,-5,-8,sil
8.665376424789429,-8,4,1,-12,-3,-6,-12,-1,-25,-9,0,0,-13,-19,sil
8.678871393203735,0,6,-5,5,4,0,-9,1,-23,-7,-7,-3,-15,-13,sil
8.678871393203735,0,7,3,15,4,-5,-8,-3,-29,-21,-20,-10,-21,-4,sil
8.694299697875977,-2,5,5,19,5,-1,-10,-5,-33,-29,-15,-8,-21,-7,sil
8.694299697875977,0,0,1,17,9,16,-4,1,-17,-12,-3,2,-9,-7,sil
8.710264682769775,1,-8,8,10,8,20,1,2,9,8,-6,1,0,2,sil
8.710264682769775,0,-6,4,10,6,11,6,0,19,16,-11,-8,7,6,sil
8.726232767105103,-3,0,4,16,4,12,11,0,7,15,-11,-5,2,5,sil
8.726232767105103,-3,0,0,12,4,17,19,-1,6,17,-8,-8,0,9,sil
8.741330862045288,-4,-7,-6,-3,2,10,21,3,19,16,-2,-17,3,10,sil
8.741330862045288,-4,-3,0,-7,-3,1,17,13,28,14,0,-6,6,5,sil
8.756463050842285,-2,-4,-7,-5,-4,-5,10,1,23,8,2,7,4,5,sil
8.756463050842285,-4,-11,-1,-16,-6,-10,1,-11,8,0,6,8,3,5,sil
8.772072792053223,-2,-12,-4,-21,-11,-12,-2,-2,0,-1,8,7,8,5,sil
8.772072792053223,5,-9,-11,-15,-13,-18,-10,2,0,-1,6,11,13,2,sil
8.788177967071533,9,1,4,-21,-11,-19,-17,-3,0,-5,12,18,13,-5,sil
8.788177967071533,13,15,4,-12,0,-12,-11,0,-6,-1,25,24,9,0,sil
8.803305625915527,13,20,6,7,11,-4,-4,4,-15,-1,19,16,0,7,sil
8.803305625915527,0,10,3,11,11,0,-5,-1,-21,-9,-3,-7,-6,-2,sil
8.81850552558899,-2,-2,-3,13,4,3,-4,-7,-18,-8,-22,-27,-10,-12,sil
8.81850552558899,5,0,7,26,4,19,3,-2,-6,3,-20,-15,-10,0,sil
8.83441948890686,4,1,3,13,4,25,15,0,9,16,-6,0,-1,11,sil
8.83441948890686,-2,-13,-3,-23,-8,0,3,0,10,10,-3,0,1,7,sil
8.849240779876709,-2,-13,-4,-33,-19,-18,-22,0,0,-3,-5,-8,-3,-5,sil
8.849240779876709,1,8,-5,-11,-9,-7,-23,-1,-8,-12,4,-3,-1,-12,sil
8.865529298782349,4,20,5,5,1,0,-5,4,-7,-10,17,9,2,-10,sil
8.865529298782349,-5,4,-2,10,3,-1,0,7,2,-2,15,0,-2,-11,sil
8.880809307098389,-17,-3,-5,13,6,3,3,3,0,-3,1,-17,-12,-10,sil
8.880809307098389,-17,2,5,15,13,12,16,3,-15,-7,-7,-11,-10,-3,sil
8.895859479904175,-19,-4,-4,11,11,12,23,1,-7,-4,-11,-6,-9,-2,sil
8.895859479904175,-19,-14,0,7,1,15,19,0,5,1,-10,-4,-8,-1,sil
8.911123037338257,-9,-7,1,11,-4,8,11,-3,9,5,0,3,4,6,sil
8.911123037338257,-1,-5,-1,8,-9,-7,5,-8,16,10,-6,3,11,7,sil
8.92630386352539,4,-6,-1,-3,-11,-7,2,-8,18,12,-16,0,5,7,sil
8.927304029464722,16,-5,-4,-10,-6,-4,-1,-1,11,6,-3,7,10,19,sil
8.941929578781128,19,-6,5,-16,-7,-10,-9,0,3,-7,6,18,13,22,sil
8.941929578781128,12,-5,4,-16,-7,-12,-13,0,0,-11,2,18,7,11,sil
8.958724975585938,16,7,7,-10,-7,-7,-11,3,-3,-6,7,12,3,0,sil
8.958724975585938,26,20,14,-3,-2,-6,-11,5,-3,-4,16,10,0,-11,sil
8.973260641098022,22,19,5,4,11,-6,-10,0,0,-1,20,12,-2,-10,sil
8.973260641098022,11,22,10,13,23,0,-4,1,0,2,20,17,0,0,sil
8.989668846130371,3,22,3,18,20,4,1,5,-1,4,21,15,-1,0,sil
8.989668846130371,-6,12,-3,16,16,2,-2,5,-6,2,12,0,-5,-8,sil
9.004536151885986,-18,0,1,12,16,7,-7,0,-15,-5,-8,-19,-7,-15,sil
9.019837856292725,-21,-12,-15,3,8,16,5,-4,-12,-5,-19,-25,-8,-14,sil
9.020839214324951,-17,-16,-17,-8,-5,19,15,0,3,9,-17,-16,-5,0,sil
9.020839214324951,-15,-14,-14,-12,-13,7,12,1,10,15,-19,-23,0,6,sil
9.035974979400637,-9,-22,-16,-19,-12,-5,9,0,2,8,-24,-34,0,0,sil
9.035974979400637,0,-25,-2,-34,-13,-5,8,-1,0,6,-23,-21,-4,4,sil
9.050721883773804,-1,-16,-4,-30,-19,-6,-2,-7,-1,1,-19,-6,-3,12,sil
9.067695379257202,-2,-7,-5,-15,-16,-8,-13,-7,0,-5,-7,-5,2,6,sil
9.067695379257202,0,-1,-2,-12,-6,-3,-2,1,10,2,5,-6,14,1,sil
9.067695379257202,0,3,3,-11,-4,-11,4,4,10,4,6,1,12,1,sil
9.0832200050354,0,7,14,0,-2,-13,-5,3,-3,-13,14,20,4,-4,sil
9.0832200050354,2,13,3,12,7,0,-6,2,-5,-14,30,23,8,-12,sil
9.098247051239014,-5,18,9,24,12,0,-3,0,-8,-7,17,9,3,-15,sil
9.113382816314695,-11,12,15,33,12,0,-2,0,-16,-8,0,7,-6,-14,sil
9.113382816314695,0,0,3,37,12,21,10,0,-4,3,2,10,-3,-3,sil
9.129009246826172,12,0,7,35,3,31,23,-1,11,21,-3,5,0,7,sil
9.129009246826172,8,0,1,20,-6,9,11,-2,12,19,-10,0,0,12,sil
9.144506454467772,7,0,-2,-2,-11,-9,-9,-2,3,2,0,8,5,12,sil
9.144506454467772,20,2,6,-8,-4,-11,-17,-1,3,-8,10,21,9,11,sil
9.160343408584597,24,10,5,-2,4,-14,-14,0,4,-13,13,20,4,8,sil
9.160343408584597,14,19,2,0,6,-11,-11,4,-4,-18,12,11,-4,0,sil
9.176125526428224,0,14,-6,-2,5,-5,-8,2,-22,-22,4,0,-15,-4,sil
9.176125526428224,-8,-1,-2,-5,9,1,-1,0,-22,-13,-8,-10,-21,0,sil
9.193159341812134,-8,-6,5,1,10,14,15,1,6,8,-8,-10,-11,13,sil
9.193159341812134,-2,-5,1,10,4,22,26,6,28,29,2,-6,3,16,sil
9.193159341812134,-5,-14,-4,-8,-3,14,19,3,22,31,0,-7,-2,4,sil
9.208229780197144,-15,-22,-23,-34,-11,-9,0,-5,8,10,-13,-17,-19,-10,sil
9.223409414291382,-11,-15,-17,-40,-17,-27,-22,-6,0,-17,-17,-14,-13,-18,sil
9.223409414291382,1,-1,6,-27,-12,-19,-21,1,0,-14,1,1,-8,-12,sil
9.240657091140749,5,8,4,-8,-2,-12,-10,-1,0,-1,20,7,-10,-1,sil
9.240657091140749,-2,8,6,-3,-1,-16,-20,-9,-19,-18,8,0,33,-13,sil
9.240657091140749,-8,2,-1,1,4,0,-18,-5,-27,-25,-5,-6,82,-21,sil
9.253355503082275,-1,1,-2,20,14,18,10,7,-6,0,-2,-5,41,0,sil
9.269166946411133,7,5,12,28,8,20,26,9,4,15,0,-1,-16,10,sil
9.269166946411133,5,-1,4,14,0,17,24,0,0,13,-5,-6,-10,1,sil
9.285254001617432,-3,-9,0,8,7,19,21,0,-6,10,-19,-10,-11,2,sil
9.285254001617432,-12,-4,-6,15,7,14,10,-2,-9,2,-28,-11,-36,0,sil
9.300602197647097,-16,-7,-10,2,-11,11,4,-5,-6,-1,-23,-13,-31,-10,sil
9.300602197647097,-11,-14,-3,-10,-12,15,11,1,3,6,-8,-8,-12,0,sil
9.31582760810852,0,-5,-5,0,1,3,10,7,12,14,0,2,0,19,sil
9.31582760810852,8,5,2,0,0,-16,-1,2,18,11,2,9,9,19,sil
9.331465005874634,7,-1,-1,-15,-10,-18,-10,-2,21,6,0,4,5,4,sil
9.331465005874634,7,-2,-7,-13,-9,-12,-15,-1,17,1,3,1,0,-8,sil
9.347538709640505,10,7,6,-5,-3,-15,-14,0,18,3,20,13,11,-4,sil
9.347538709640505,12,9,6,-7,-1,-24,-10,-3,17,3,34,28,22,11,sil
9.363595724105837,15,8,11,-8,-4,-23,-17,-4,1,-9,26,32,11,13,sil
9.363595724105837,10,14,11,-3,-1,-6,-15,0,-6,-19,16,19,0,0,sil
9.37915849685669,3,16,2,5,12,8,-1,0,0,-10,20,4,2,-3,sil
9.37915849685669,7,17,10,17,20,9,0,2,0,0,21,6,5,5,sil
9.394360780715942,9,19,4,26,13,3,0,4,-3,0,10,5,3,7,sil
9.394360780715942,0,8,1,21,8,2,1,4,-13,-10,0,-3,0,0,sil
9.409493446350098,-6,-6,-1,3,4,2,-8,0,-23,-13,-5,-3,2,-2,sil
9.409493446350098,-7,-9,-8,-5,0,1,-9,-3,-21,-1,-16,-8,1,0,sil
9.425206899642944,-10,0,1,1,0,1,1,-3,-19,-1,-23,-20,-17,-9,sil
9.425206899642944,-18,-9,-8,11,0,3,2,-3,-26,-13,-15,-23,-27,-24,sil
9.440170764923096,-15,-15,-11,3,-3,9,5,0,-22,-13,-5,-10,-13,-17,sil
9.440170764923096,-5,-9,1,-2,-1,11,17,2,-6,3,-7,-3,-1,0,sil
9.456243753433228,-14,-15,-4,-5,0,3,17,0,-9,2,-22,-16,-12,-3,sil
9.456243753433228,-23,-23,-7,-14,-2,7,14,0,-10,-7,-31,-26,-22,-15,sil
9.4722900390625,-7,-11,-12,-19,1,11,19,0,17,12,-10,-12,-3,-7,sil
9.4722900390625,5,-2,-2,-16,-2,1,12,0,31,33,9,2,17,11,sil
9.487388372421265,-1,-7,1,-14,-11,0,11,0,17,21,0,-2,11,12,sil
9.487388372421265,-5,-9,-7,-16,-8,5,14,0,17,7,-14,-8,-3,0,sil
9.503450632095335,0,-3,4,-17,-11,-4,-1,0,16,0,-9,3,-8,-1,sil
9.503450632095335,7,3,6,-5,-16,-14,-16,-1,0,-7,-3,9,-7,0,sil
9.51907467842102,15,10,6,8,-10,-6,-12,0,0,-8,0,8,0,4,sil
9.51907467842102,23,15,11,11,-2,0,-12,1,14,1,10,15,16,10,sil
9.534730195999146,24,15,6,16,3,-4,-17,-2,18,7,21,21,28,18,thankyou
9.534730195999146,22,15,19,23,6,-9,-15,-1,12,4,18,21,24,23,thankyou
9.550360441207886,16,8,7,20,7,-3,-9,0,16,3,15,16,23,19,thankyou
9.550360441207886,12,3,-11,7,10,-1,-3,3,17,0,13,15,19,12,thankyou
9.56613802909851,10,11,-1,2,16,-8,-3,4,4,-5,13,24,7,5,thankyou
9.56613802909851,3,11,-2,3,16,-12,-10,0,-7,-3,24,16,0,-4,thankyou
9.581291675567629,-5,1,0,-8,8,-11,-17,-2,-18,-7,23,2,0,-21,thankyou
9.581291675567629,-11,5,0,-7,6,-11,-11,-1,-29,-18,10,-5,-8,-29,thankyou
9.59650731086731,-8,12,-5,10,12,-2,3,-5,-30,-16,5,-15,-19,-22,thankyou
9.59650731086731,-9,8,0,10,7,14,9,0,-20,-2,1,-19,-24,-12,thankyou
9.612069845199583,-18,-2,-11,1,0,15,4,3,-12,2,-12,-19,-18,-4,thankyou
9.612069845199583,-23,-10,-6,5,-1,10,4,-1,-15,0,-26,-21,-13,3,thankyou
9.62813949584961,-22,-12,0,0,-7,16,15,0,-9,4,-22,-19,-10,7,thankyou
9.62813949584961,-21,-16,-6,-11,-16,15,24,9,7,16,-12,-19,-5,0,thankyou
9.643229961395264,-14,-19,-3,-12,-12,8,20,4,9,17,-16,-22,-4,-6,thankyou
9.643229961395264,0,-16,1,-3,-4,10,14,-3,4,12,-21,-11,-2,3,thankyou
9.659106016159058,8,-7,2,1,-6,7,15,-1,14,7,-12,5,7,15,thankyou
9.659106016159058,7,-10,-3,-14,-15,-1,15,0,11,0,-5,10,14,14,thankyou
9.675573110580444,2,-16,-4,-32,-16,-11,0,-5,-4,-12,-12,6,0,1,thankyou
9.675573110580444,2,-4,1,-11,-3,-12,-6,-6,-1,-11,-13,4,-15,-13,thankyou
9.69022822380066,7,6,1,10,6,-7,0,0,14,0,0,7,-1,-6,thankyou
9.69022822380066,16,2,6,-5,-1,-1,-3,5,16,2,8,16,18,7,thankyou
9.706314086914062,12,-1,-2,-21,-3,-3,-17,1,11,-8,9,20,14,0,thankyou
9.706314086914062,0,8,-4,-6,6,-8,-22,-1,1,-19,2,8,0,-10,thankyou
9.721336603164673,1,18,12,14,9,-5,-18,0,-10,-17,7,0,-4,-6,thankyou
9.721336603164673,9,14,-1,18,9,-1,-11,-1,-10,0,24,0,5,1,thankyou
9.737091302871704,4,5,0,0,4,-6,-13,-3,-6,0,19,4,6,-3,thankyou
9.737091302871704,-1,8,14,1,-1,-17,-20,-2,-10,-12,6,2,-5,-15,thankyou
9.754524946212769,1,14,4,16,3,-13,-16,0,-15,-8,13,0,-12,-4,thankyou
9.754524946212769,9,14,12,20,16,7,-5,8,0,8,16,5,3,15,thankyou
9.767839670181274,14,14,9,27,17,13,4,9,23,24,14,10,17,22,thankyou
9.767839670181274,9,8,1,25,6,5,7,0,15,27,9,8,8,14,thankyou
9.78415584564209,-6,-3,0,7,0,6,10,-1,-7,14,0,-2,0,0,thankyou
9.78415584564209,-20,-14,-11,0,-1,6,15,0,-12,3,-7,-18,-4,-12,thankyou
9.800107955932615,-19,-13,-7,1,-3,8,19,1,-10,6,-18,-23,-11,-8,thankyou
9.800107955932615,-13,-13,-9,0,0,19,30,2,-1,13,-24,-20,-5,7,thankyou
9.815489530563354,-9,-18,-10,-4,0,15,34,0,14,18,-12,-16,8,15,thankyou
9.832520484924316,-10,-18,-9,-17,-8,1,21,-4,16,10,-17,-11,1,5,thankyou
9.832520484924316,-7,-12,-11,-20,-12,1,4,-8,8,-8,-34,-3,-9,-5,thankyou
9.832520484924316,4,-7,4,-19,-11,0,-9,-1,11,-12,-15,9,2,0,thankyou
9.849241733551024,12,-1,6,-21,-13,-12,-15,3,19,-1,20,20,21,11,thankyou
9.849241733551024,16,11,4,-10,-14,-21,-15,0,7,-9,24,21,12,9,thankyou
9.862780094146729,16,15,9,-2,-8,-15,-20,-3,-13,-23,11,14,-5,-4,thankyou
9.862780094146729,7,3,-5,-9,2,-10,-17,-1,-11,-10,21,9,0,-7,thankyou
9.878512144088743,8,6,0,-6,5,-6,-4,4,6,1,34,21,11,0,thankyou
9.895125150680542,7,8,0,0,0,-1,-2,2,7,-3,16,13,3,-1,thankyou
9.89551329612732,-12,-9,-9,-11,-6,0,-11,-2,-12,-19,-22,-19,-21,-22,thankyou
9.89551329612732,-21,-8,-3,-10,0,0,-16,-2,-28,-32,-37,-22,-39,-34,thankyou
9.911205530166626,-2,11,1,15,16,0,-12,-3,-28,-24,-13,-2,-25,-20,thankyou
9.911205530166626,5,11,10,24,13,-2,-7,-3,-21,-4,2,0,-4,-5,thankyou
9.927293062210085,0,1,6,17,2,-4,-6,0,-13,6,-4,-8,0,0,thankyou
9.927293062210085,4,5,0,13,9,-3,-2,0,-3,14,-5,-5,2,8,thankyou
9.943326473236084,5,9,8,10,12,2,8,3,1,16,5,-2,10,12,thankyou
9.943326473236084,-9,-6,-3,5,1,9,20,4,-7,6,1,-10,2,0,thankyou
9.958459854125977,-22,-12,-5,6,1,17,23,1,-11,1,-12,-13,-7,-4,thankyou
9.958459854125977,-19,-1,1,12,5,22,26,4,7,15,-3,-3,1,8,thankyou
9.97309136390686,-7,0,-7,4,0,14,20,7,26,27,9,1,11,15,thankyou
9.97309136390686,6,-3,0,-5,1,5,12,0,19,16,3,3,6,10,thankyou
9.990354299545288,12,2,8,-1,5,2,8,-5,12,4,-2,10,3,10,thankyou
9.990354299545288,8,3,8,0,-2,-2,1,-1,15,2,0,8,5,9,thankyou
10.004473686218262,2,0,0,0,-8,-5,-5,1,21,10,3,-2,7,7,thankyou
10.018535852432253,0,-4,-5,0,-10,-6,-8,-2,22,12,2,0,8,10,thankyou
10.018535852432253,0,-5,4,-9,-16,-8,-8,-5,8,4,5,14,13,8,thankyou
10.035234212875366,2,-3,-5,-17,-8,-6,-5,-3,-1,-1,12,11,12,0,thankyou
10.036241054534912,2,-4,-2,-13,0,-5,-13,-1,-5,-10,-1,-4,0,-6,thankyou
10.056329011917114,2,-10,0,-2,-9,-9,-20,-1,-8,-14,-10,-10,-5,-7,thankyou
10.056329011917114,11,-6,-8,3,-16,-5,-1,1,-3,-10,4,-3,3,-5,thankyou
10.056329011917114,14,0,1,-6,-3,5,15,5,0,-9,4,1,0,-7,thankyou
10.065448760986328,4,0,0,-11,3,8,8,2,0,-7,-4,1,-6,-6,thankyou
10.081478357315063,2,8,0,8,3,1,0,2,11,1,3,8,1,0,thankyou
10.081478357315063,7,14,5,10,8,-3,-2,7,8,-2,8,10,2,0,thankyou
10.099558591842651,1,0,-7,-10,8,-8,-7,1,-13,-11,2,1,-9,-5,sil
10.099558591842651,-3,-1,-3,-11,4,-5,-11,-3,-17,-9,7,5,-13,-5,sil
10.113168001174929,-1,8,0,0,3,-7,-7,0,-2,-5,13,13,-1,0,sil
10.113168001174929,-3,5,-2,-3,1,-12,-7,-1,-11,-10,0,0,2,-1,sil
10.128241539001465,-5,7,5,1,3,-1,-5,-2,-21,-6,-5,-2,2,-1,sil
10.128241539001465,0,9,2,17,7,7,-2,0,-2,7,3,8,8,5,sil
10.144261598587036,0,5,5,15,4,0,-10,-1,1,4,-1,8,-5,-2,sil
10.144261598587036,-8,8,7,13,4,-3,-12,-2,-10,-1,-6,-4,-19,-13,sil
10.159352779388428,-7,0,6,10,8,7,1,-2,-9,5,0,-11,-4,-4,sil
10.159352779388428,-12,-18,-1,-7,-2,6,9,-4,-10,1,-16,-18,-3,-5,sil
10.175167083740234,-27,-22,-16,-10,-17,0,9,-4,-26,-17,-36,-28,-24,-18,sil
10.175167083740234,-14,-7,-1,8,-8,13,15,0,-22,-10,-21,-21,-18,-9,sil
10.190199613571169,6,1,5,16,5,28,22,1,5,20,3,-10,2,9,sil
10.190199613571169,7,1,0,9,5,17,22,3,26,30,8,-3,8,18,sil
10.20626449584961,1,4,8,7,5,6,19,6,36,21,5,2,9,21,sil
10.20626449584961,0,0,-2,0,6,4,12,3,34,19,0,0,10,14,sil
10.22162127494812,0,-7,-9,-15,-5,0,-1,1,22,13,-4,-4,8,2,sil
10.22162127494812,3,-11,-8,-28,-13,-12,-8,1,12,0,0,3,13,1,sil
10.237519264221191,0,-12,-7,-30,-14,-27,-10,-2,0,-7,1,9,12,1,sil
10.237519264221191,5,-1,2,-20,-17,-30,-20,-1,-14,-19,4,12,3,0,sil
10.252256155014038,17,9,-1,-9,-10,-16,-24,0,-17,-29,13,16,2,-4,sil
10.252256155014038,11,9,3,-7,2,-4,-17,2,-10,-22,15,12,0,-9,sil
10.267670392990112,1,12,11,12,10,1,-8,4,0,-3,10,5,-6,-3,sil
10.267670392990112,7,20,7,35,15,10,1,4,4,0,5,2,-4,2,sil
10.28355836868286,2,10,7,20,13,25,13,3,-3,-1,-2,0,1,0,sil
10.28355836868286,-4,-11,-2,0,5,25,23,-1,2,11,-2,-3,7,12,sil
10.29943299293518,7,-10,1,6,0,13,24,-5,23,26,2,3,9,20,sil
10.29943299293518,15,1,6,10,0,7,16,-2,29,29,8,10,12,10,sil
10.314608335494995,6,2,-4,1,-2,-3,2,1,15,16,7,5,8,3,sil
10.314608335494995,-1,-1,-1,-12,-3,-25,-15,-1,-8,-12,0,3,-8,-7,sil
10.330081939697266,-4,-2,1,-16,-2,-28,-27,-7,-26,-33,0,5,-13,-17,sil
10.330081939697266,0,3,9,0,0,-12,-22,-5,-29,-26,8,9,-2,-6,sil
10.346221685409546,0,7,13,19,0,2,-7,-1,-23,-9,0,1,-1,0,sil
10.346221685409546,-16,-3,-5,10,0,6,9,-2,-13,2,-18,-15,-7,-11,sil
10.361244916915894,-22,-17,-12,-13,6,10,21,0,-4,14,-23,-23,-6,-11,sil
10.361244916915894,-17,-18,-19,-16,4,7,13,2,0,20,-16,-24,-4,-3,sil
10.377325773239136,-14,-10,-8,-10,-9,-9,-12,0,3,12,-14,-17,-5,-2,sil
10.377325773239136,-3,0,1,-17,-14,-19,-25,0,7,-4,-4,3,1,-4,sil
10.392842531204224,5,6,-10,-18,-2,-14,-21,0,-1,-18,18,14,10,-4,sil
10.392842531204224,10,17,6,3,8,-1,-17,0,-5,-16,29,12,8,0,sil
10.40869688987732,8,22,14,26,9,8,-6,3,6,-3,17,2,1,0,sil
10.40869688987732,-5,6,0,15,0,8,6,2,8,-5,-5,-15,-13,-12,sil
10.42428994178772,-10,-3,-1,3,-8,13,9,1,5,-4,-13,-18,-18,-11,sil
10.42428994178772,5,4,0,20,2,21,12,3,12,13,-3,-1,-3,13,sil
10.439509391784668,7,3,4,22,10,26,22,1,-1,16,-8,5,-2,17,sil
10.439509391784668,-7,-14,-11,0,4,21,30,-1,-13,7,-14,-2,-11,6,sil
10.455108404159546,-5,-18,-18,-11,0,6,27,1,8,10,-8,-6,-4,13,sil
10.455108404159546,9,-6,7,-5,0,-4,19,3,28,14,-6,5,6,20,sil
10.470526456832886,16,-3,10,-4,-8,-15,5,-1,19,7,-1,14,16,11,sil
10.470526456832886,12,-2,1,-15,-10,-27,-19,-4,-6,-12,5,9,13,0,sil
10.487385511398315,4,4,-6,-26,-6,-30,-34,-4,-33,-40,1,2,-3,-14,sil
10.487385511398315,1,10,0,-18,-2,-16,-23,-4,-40,-41,6,6,-7,-19,sil
10.502947807312012,4,11,19,7,4,0,-10,0,-23,-11,22,8,4,-1,sil
10.517597913742064,1,6,6,19,8,5,-3,0,-4,14,16,-2,6,4,sil
10.517597913742064,-6,1,1,11,3,14,7,0,3,23,-3,-12,0,-3,sil
10.517597913742064,-10,-3,3,7,3,18,20,1,13,32,-6,-9,1,4,sil
10.533116340637209,-10,-13,-4,1,2,7,13,2,30,29,-4,1,10,13,sil
10.533116340637209,-6,-14,0,-12,-7,0,1,6,32,10,-4,8,16,6,sil
10.548252582550049,3,-4,-3,-17,-10,-5,1,2,18,0,8,11,19,1,sil
10.548252582550049,12,1,0,-15,-2,-14,-5,-3,4,-6,16,13,10,-3,sil
10.564858675003052,11,10,6,-5,2,-12,-19,-1,-1,-10,11,11,0,-7,sil
10.564858675003052,8,18,2,9,2,-7,-20,2,-3,-7,8,7,-1,-1,sil
10.58160138130188,5,16,6,13,0,-7,-17,0,-5,-12,7,8,-3,0,sil
10.58160138130188,0,10,0,17,0,0,-12,-5,-10,-18,1,0,-11,-7,sil
10.595574617385864,-6,1,1,22,7,11,-2,-1,-21,-10,-8,-12,-21,-12,sil
10.612492799758911,-14,-4,0,17,12,21,9,3,-16,-1,-21,-19,-21,-6,sil
10.612492799758911,-13,-6,-16,14,10,26,15,4,3,4,-24,-19,-12,2,sil
10.627100706100464,-6,-6,-9,8,1,22,17,3,10,15,-19,-16,-3,6,sil
10.627100706100464,-6,-16,-13,-8,-5,5,18,0,4,16,-13,-15,3,6,sil
10.641640424728394,-6,-26,-15,-26,-10,-12,9,-3,3,6,-11,-11,6,3,sil
10.641640424728394,-1,-19,-3,-28,-18,-20,-4,-3,1,-1,-11,-9,-1,-6,sil
10.657467365264893,0,-2,-2,-22,-17,-19,-6,-5,-4,-9,-6,-6,-3,-10,sil
10.657467365264893,1,2,5,-13,-8,-14,1,-3,-3,-15,9,7,2,-4,sil
10.673179864883425,0,1,2,-10,-1,-14,0,0,-1,-11,23,13,0,-4,sil
10.673179864883425,-2,10,3,-8,0,-11,-3,1,-7,-5,21,10,-3,-6,sil
10.690657377243042,0,17,12,1,6,2,-2,4,-7,-5,17,14,1,0,sil
10.690657377243042,0,11,9,12,14,9,-1,2,-5,-5,12,9,-3,1,sil
10.690657377243042,0,12,11,19,15,9,-4,-1,-15,-8,3,0,-14,-2,sil
10.704385995864868,6,16,2,24,11,10,0,-3,-12,0,4,8,-2,1,sil
10.720227479934692,9,5,3,28,9,10,5,-2,3,12,1,10,11,12,sil
10.720227479934692,3,-2,12,21,6,10,4,1,11,18,-5,2,11,11,sil
10.735190391540527,0,-7,-1,8,-2,9,0,1,13,20,-3,0,13,12,sil
10.735190391540527,7,-9,-2,-2,-9,6,3,0,19,27,-2,2,17,21,sil
10.751100301742554,13,-4,-2,0,-5,5,13,6,32,34,0,2,20,25,sil
10.751100301742554,13,1,-1,1,0,0,14,8,33,24,5,8,19,17,sil
10.766661167144775,12,0,5,-11,0,-5,3,-1,14,1,-6,10,8,1,sil
10.766661167144775,6,-7,-7,-26,-8,-8,-9,-10,-5,-19,-16,-3,-7,-11,sil
10.782427072525024,-5,-15,-11,-35,-14,-19,-18,-2,-19,-35,-7,-11,-12,-21,sil
10.782427072525024,-12,-11,-10,-31,-8,-27,-17,3,-21,-35,1,-2,-9,-23,sil
10.797685861587524,-9,3,-11,-16,-3,-15,-15,-2,-13,-22,3,1,-11,-20,sil
10.797685861587524,-8,13,3,2,0,0,-12,-4,-17,-17,3,-5,-12,-18,sil
10.813421487808228,-11,10,1,17,10,4,-3,3,-27,-18,0,-10,-11,-20,sil
10.813421487808228,-10,6,4,19,17,14,4,3,-18,-10,-3,-11,-16,-14,sil
10.829087018966677,-7,3,9,17,11,23,9,-3,0,1,-7,-15,-21,0,sil
10.829087018966677,-10,-3,-3,12,2,15,8,0,2,10,-16,-20,-16,3,sil
10.844240427017212,-8,-8,-4,5,0,7,1,1,0,16,-15,-10,-4,6,sil
10.844240427017212,0,-12,-2,6,-1,4,1,-8,8,21,-4,-2,8,15,sil
10.860129594802856,0,-16,1,0,-10,-5,0,-8,12,11,-2,-5,6,10,sil
10.860129594802856,-6,-14,-6,-19,-20,-15,-4,0,11,2,0,0,4,3,sil
10.875648021697998,3,-3,-11,-18,-12,-17,0,2,20,11,7,13,20,13,sil
10.875648021697998,22,10,10,2,-1,-9,3,8,26,16,13,25,29,18,sil
10.89128851890564,19,15,10,7,0,-2,2,12,17,6,25,27,24,13,sil
10.89128851890564,7,10,5,-9,0,-5,3,1,0,-4,29,22,15,4,sil
10.907351016998293,4,11,9,-7,4,-8,-2,-4,-14,-12,16,8,6,-8,sil
10.907351016998293,6,16,8,17,6,-2,-9,1,-21,-11,12,2,0,-8,sil
10.922931671142578,1,12,9,27,11,11,0,0,-18,-4,10,6,-6,-1,sil
10.922931671142578,-7,0,-6,16,11,17,8,-8,-14,-8,-8,-14,-21,-8,sil
10.938392877578735,-10,-4,-11,5,3,18,11,0,-14,-10,-30,-33,-31,-11,sil
10.938392877578735,-5,-6,-6,-1,0,22,23,7,-1,5,-30,-19,-18,-1,sil
10.953551530838013,-5,-16,-15,-12,0,7,20,-4,12,12,-16,-5,-2,0,sil
10.953551530838013,-1,-13,-4,-16,-4,-12,0,-4,11,5,-8,0,2,1,sil
10.969379186630247,13,2,4,-2,0,-8,-6,3,14,7,3,15,14,13,sil
10.969379186630247,17,6,2,0,3,-4,-6,-2,11,2,12,21,16,11,sil
10.985600471496582,0,-1,-1,-10,2,-13,-17,-2,-5,-12,0,6,0,-10,sil
10.985600471496582,-9,1,-7,-7,6,-8,-16,9,-3,-7,1,-2,-6,-17,sil
11.001084804534912,-1,13,13,7,8,2,-5,8,3,3,19,4,-1,-8,sil
11.001084804534912,2,14,16,24,5,6,0,-4,-5,5,15,7,0,-1,sil
11.016566038131714,-6,-1,4,24,0,7,5,-2,-11,4,-6,-4,-2,3,sil
11.016566038131714,-17,-18,0,2,-7,7,6,4,-4,5,-15,-16,-8,1,sil
11.032580375671388,-15,-24,-13,-8,-16,2,2,0,3,8,-21,-23,-9,-1,sil
11.032580375671388,-8,-22,-8,-19,-19,6,1,-8,16,11,-27,-16,-4,5,sil
11.048548698425291,-5,-23,-6,-35,-14,1,0,-7,26,10,-10,-8,2,8,sil
11.048548698425291,1,-15,-10,-37,-14,-19,-13,-4,10,-5,8,0,6,0,sil
11.064735889434814,7,2,0,-26,-22,-27,-27,-3,-16,-24,3,11,4,1,sil
11.064735889434814,7,14,-1,-11,-9,-18,-13,-4,-19,-21,7,18,6,4,sil
11.080451726913452,13,21,9,2,12,-10,2,4,-6,-8,26,19,10,1,sil
11.080451726913452,10,23,11,4,5,-5,-3,10,-6,-8,20,12,2,-6,sil
11.095638275146484,-1,15,0,0,-3,-2,-9,1,-16,-16,-1,1,-6,-17,sil
11.095638275146484,5,18,10,22,15,4,3,0,-9,-13,5,0,2,-8,sil
11.111408472061155,15,24,6,43,29,11,6,5,6,-7,17,3,9,7,sil
11.111408472061155,6,16,11,36,19,14,-3,0,-2,-9,0,0,-3,1,sil
11.126505136489868,3,9,11,33,16,22,8,0,-14,5,-2,-1,-2,0,sil
11.126505136489868,7,6,0,39,23,24,30,7,3,32,11,1,5,13,sil
11.142474174499512,0,-3,2,19,12,14,25,6,10,22,-3,-2,-6,11,sil
11.142474174499512,-11,-18,-9,-7,-8,3,18,-3,-1,3,-21,-12,-10,1,sil
11.15723729133606,-18,-28,-17,-25,-16,-1,15,-6,-2,8,-23,-20,-4,-1,sil
11.15723729133606,-22,-28,-15,-27,-13,-2,0,-1,3,11,-22,-19,-10,-10,sil
11.172516107559204,-18,-22,-15,-13,-14,-3,-12,0,9,5,-9,-13,-7,-7,sil
11.172516107559204,-5,-11,0,-9,-10,-1,-5,1,22,11,6,-1,9,7,sil
11.18824028968811,4,-1,-1,-16,0,-2,11,0,31,15,6,5,13,12,sil
11.18824028968811,8,-2,-4,-21,-1,-5,9,-1,23,6,2,9,6,8,sil
11.204288959503174,6,-6,5,-15,-11,-8,-6,-1,21,11,11,16,16,10,sil
11.204288959503174,10,0,3,-6,-10,-12,-15,0,19,18,15,18,25,9,sil
11.220104217529297,12,7,3,-7,-1,-16,-22,-4,0,-5,3,14,7,-7,sil
11.220104217529297,0,3,-2,-15,0,-22,-32,-6,-17,-31,-4,4,-11,-21,sil
11.23564839363098,-3,4,0,-11,-3,-18,-24,-1,-22,-24,2,2,-13,-16,sil
11.23564839363098,0,12,4,0,0,-3,-6,0,-31,-19,9,0,-12,-14,sil
11.251347541809082,-10,8,-4,5,6,2,-3,-1,-45,-33,-7,-14,-27,-26,sil
11.251347541809082,-16,5,6,15,12,8,-3,0,-47,-32,-24,-17,-34,-22,sil
11.267117977142334,-3,5,5,25,17,20,9,0,-26,-3,-7,-9,-13,0,sil
11.267117977142334,0,1,0,22,9,25,18,0,-5,10,-2,-12,0,11,sil
11.282240867614746,0,-1,1,15,0,18,14,2,5,5,-12,-14,-4,6,sil
11.282240867614746,0,0,-6,7,-1,11,15,3,26,20,6,0,9,17,sil
11.298263549804688,6,3,10,3,-1,10,22,8,43,36,24,15,34,35,sil
11.298263549804688,11,2,5,4,-3,7,20,2,37,16,11,10,26,23,sil
11.313302516937256,8,-8,-10,-9,-5,-6,5,-4,12,-9,-2,-1,1,0,thankyou
11.314303874969482,4,-3,0,-24,-11,-15,-3,-1,-4,-7,2,7,8,0,thankyou
11.329348802566528,11,9,1,-10,-10,-12,-6,-1,-10,-1,17,21,25,6,thankyou
11.345552921295166,18,15,9,-3,3,-8,-13,-1,-10,-12,18,19,8,-4,thankyou
11.345552921295166,11,18,13,6,11,-8,-10,5,2,-6,8,7,-9,-11,thankyou
11.345552921295166,5,14,10,24,7,-9,-8,3,11,-1,-1,0,-6,-6,thankyou
11.361198425292969,-1,0,7,17,1,-7,-21,-5,-4,-13,-11,-5,-12,-12,thankyou
11.361198425292969,-13,-7,-12,5,1,-3,-24,-9,-22,-13,-18,-11,-22,-18,thankyou
11.375488758087158,-17,-12,-13,0,-4,0,-7,-3,-17,2,-18,-13,-12,-8,thankyou
11.375488758087158,-17,-25,-12,-17,-8,3,0,0,-7,11,-12,-12,0,0,thankyou
11.391523599624634,-18,-20,-17,-12,-2,7,0,-2,-5,14,-14,-13,-8,-2,thankyou
11.391523599624634,-16,-5,-5,9,0,14,10,-1,2,14,-16,-13,-16,0,thankyou
11.407547235488892,-9,-8,-5,-2,-4,10,18,7,23,21,1,-2,6,14,thankyou
11.407547235488892,1,-10,0,-19,-2,-5,4,7,36,28,24,14,35,23,thankyou
11.423089265823364,10,2,6,0,6,-8,-1,4,29,24,28,21,35,19,thankyou
11.440131902694702,18,11,10,12,7,1,10,5,15,7,26,24,21,13,thankyou
11.440131902694702,24,12,19,-2,3,4,14,3,1,-12,27,27,7,3,thankyou
11.440131902694702,10,3,2,-13,4,2,9,0,-12,-22,7,0,-11,-6,thankyou
11.454329252243042,-9,-6,-4,-11,3,9,15,2,-19,-16,-23,-29,-26,-11,thankyou
11.470390558242798,-7,-1,-6,6,4,19,25,0,-12,-5,-32,-26,-24,-9,thankyou
11.470390558242798,0,5,-8,24,5,15,22,-4,0,-5,-24,-14,-18,-3,thankyou
11.470390558242798,-7,0,1,4,-1,1,4,-3,0,-13,-26,-14,-13,-3,thankyou
11.487330198287964,-13,-19,-13,-24,-16,-14,-15,-10,-10,-20,-29,-17,-7,-10,thankyou
11.487330198287964,-2,-18,-12,-24,-23,-25,-30,-12,-18,-24,-16,-5,-5,-15,thankyou
11.50286078453064,10,11,9,-3,-5,-18,-29,-3,-7,-11,12,17,8,-9,thankyou
11.50286078453064,10,28,3,5,14,-7,-21,0,-2,-1,23,17,13,-5,thankyou
11.518794536590576,-9,10,-1,4,9,-2,-20,0,-17,-8,1,-7,-10,-13,thankyou
11.518794536590576,-25,-1,-3,5,5,0,-10,3,-11,0,-3,-18,-16,-10,thankyou
11.534421443939207,-14,0,0,4,8,6,4,6,4,15,2,-8,-1,4,thankyou
11.534421443939207,-8,-12,-2,1,-9,9,7,3,5,13,-5,-11,-5,4,thankyou
11.550144910812378,-12,-25,-8,-4,-20,1,5,1,16,19,-4,-13,2,4,thankyou
11.564274549484251,7,-5,11,-17,-5,-3,2,2,28,27,17,14,29,19,thankyou
11.564274549484251,29,15,16,-17,-1,-5,-9,-2,13,10,32,35,29,18,thankyou
11.579413652420044,21,14,8,0,-9,-9,-19,-7,-5,-11,25,25,11,2,thankyou
11.579413652420044,19,15,12,9,0,-8,-11,-1,-10,-11,24,19,12,0,thankyou
11.596536874771118,28,23,10,13,11,-2,1,3,-11,-1,34,30,18,6,thankyou
11.596536874771118,21,24,20,28,13,2,2,4,-16,-5,28,32,9,6,thankyou
11.612062215805054,9,17,14,44,15,10,6,5,-14,-7,6,17,2,6,thankyou
11.612062215805054,5,9,5,42,13,17,18,1,-15,-2,-3,1,-2,4,thankyou
11.612062215805054,-5,0,-1,29,4,17,24,0,-1,8,-8,-4,-6,0,thankyou
11.629477500915527,-16,-14,-18,21,2,16,28,3,24,20,-11,-11,-2,2,thankyou
11.629477500915527,-11,-19,-4,8,2,12,25,3,27,15,-17,-9,-8,7,thankyou
11.642233610153198,-5,-13,-1,-2,-3,0,10,-1,12,3,-22,-7,-15,9,thankyou
11.657457113265991,-3,-13,-14,-10,-5,-6,1,-1,12,3,-30,-16,-9,5,thankyou
11.657457113265991,-6,-19,-4,-15,-1,-1,6,0,17,8,-28,-21,-5,1,thankyou
11.673123836517334,-14,-19,-14,-18,-3,0,0,-5,8,2,-15,-20,-7,-1,thankyou
11.673123836517334,-13,-11,-17,-29,-8,-5,-21,-5,-1,-5,-13,-15,-8,-10,thankyou
11.688275337219238,-6,-9,-10,-44,-10,-10,-22,-1,1,-8,-19,-15,-8,-17,thankyou
11.688275337219238,-11,-16,-16,-51,-16,-20,-13,0,6,-10,-18,-22,-8,-15,thankyou
11.704365491867064,-19,-16,-16,-45,-18,-15,-14,2,1,-15,-10,-17,-6,-16,thankyou
11.704365491867064,-14,-10,-17,-46,-8,-4,-5,0,-8,-18,-8,-8,-9,-21,thankyou
11.72019338607788,-6,0,-6,-47,0,-4,2,-1,-17,-22,-11,-10,-11,-19,thankyou
11.72019338607788,-2,15,-5,-18,9,-2,-8,-1,-12,-12,7,-5,5,-9,thankyou
11.735195875167848,4,24,2,15,19,5,-16,0,-4,4,30,9,20,-1,thankyou
11.735195875167848,8,20,22,18,20,5,-7,0,-20,0,21,12,5,-3,thankyou
11.75045680999756,3,17,11,17,12,0,-2,-3,-30,-13,6,0,-13,-10,thankyou
11.75045680999756,4,17,10,25,1,2,-6,-5,-19,-11,8,-4,-15,-7,thankyou
11.766120433807371,8,9,18,30,0,13,0,2,0,0,14,5,0,0,thankyou
11.766120433807371,4,-2,10,35,3,12,15,8,16,11,12,13,9,5,thankyou
11.781692266464232,2,-1,18,37,0,6,18,7,21,27,17,21,11,18,thankyou
11.781692266464232,10,8,20,46,0,8,15,3,12,42,36,27,27,35,thankyou
11.797643899917604,25,16,25,56,2,9,7,-3,0,30,31,32,35,37,thankyou
11.797643899917604,27,11,19,51,0,3,0,-3,-7,10,0,22,15,27,thankyou
11.812454462051392,8,-7,-11,17,-6,-4,3,1,-3,4,-15,2,0,20,thankyou
11.812454462051392,-6,-23,-13,-21,-11,-9,4,1,10,0,-22,-1,1,5,thankyou
11.828381061553957,-6,-26,-10,-31,-15,-7,1,-1,19,-6,-22,0,0,-4,thankyou
11.828381061553957,0,-14,-5,-24,-12,-3,10,-1,15,0,-1,5,1,5,thankyou
11.844440937042236,7,-1,-3,-28,-6,-2,13,-1,7,-3,10,8,5,7,thankyou
11.844440937042236,8,4,-16,-31,-8,-14,-7,-2,0,-22,0,3,-2,-6,thankyou
11.86035418510437,5,10,-1,-15,-2,-22,-22,3,0,-14,11,8,-6,-10,thankyou
11.86035418510437,7,18,3,0,9,-16,-19,4,3,0,28,12,2,-6,thankyou
11.875537633895874,0,9,-6,-7,2,-10,-23,0,-10,-20,0,-10,-12,-15,thankyou
11.875537633895874,-21,-8,-5,-19,-3,-3,-20,-1,-31,-36,-25,-29,-36,-28,thankyou
11.891169548034668,-29,-14,-8,-8,12,10,0,0,-23,-21,-20,-24,-28,-26,thankyou
11.891169548034668,-11,2,-4,7,20,21,8,0,-7,-5,-24,-20,-15,-10,thankyou
11.907286405563354,0,9,-1,14,13,18,7,0,-2,7,-25,-22,-13,-3,sil
11.907286405563354,-6,-5,0,10,15,21,9,-3,-1,15,-16,-23,-11,-7,sil
11.923340559005736,-18,-8,-3,2,20,27,9,-4,6,16,-11,-18,-2,-1,sil
11.923340559005736,-22,-5,-17,-5,5,16,8,-5,7,16,-4,-19,6,2,sil
11.939443349838257,-17,-17,-4,-5,-17,7,8,-1,0,14,-1,-18,9,0,sil
11.939443349838257,-2,-11,3,4,-14,8,9,7,10,17,0,-4,19,5,sil
11.955169916152954,17,9,3,4,0,-4,3,11,18,23,14,19,30,18,sil
11.955169916152954,20,7,6,-13,-10,-20,1,7,9,16,13,26,25,16,sil
11.970313310623167,3,-13,-9,-30,-19,-21,6,0,9,1,-9,5,4,-3,sil
11.970313310623167,-5,-10,-5,-21,-9,-14,7,2,18,-13,-9,-3,-9,-18,sil
11.985556602478027,3,7,2,0,-6,-9,1,2,19,-18,15,6,-3,-7,sil
11.985556602478027,11,8,0,-2,-8,-12,-4,-1,9,-16,20,21,5,8,sil
12.001101732254028,11,7,15,-4,-2,-17,-14,-3,0,-16,14,26,1,4,sil
12.001101732254028,16,15,19,20,1,-9,-12,-3,-3,-5,26,20,2,2,sil
12.017090559005736,14,16,11,31,4,-1,-11,-5,-20,-2,20,13,6,4,sil
12.017090559005736,-1,7,-3,16,14,-4,-22,-5,-44,-9,3,6,-1,4,sil
12.0321147441864,-6,6,0,21,21,0,-23,0,-36,-1,9,1,-9,7,sil
12.0321147441864,-4,9,14,26,12,10,-13,6,-17,2,6,-1,-12,2,sil
12.047334909439089,-17,-4,-8,8,0,15,-3,3,-17,-4,-15,-16,-21,-8,sil
12.047334909439089,-15,-16,-8,1,-2,22,15,-1,-15,-6,-28,-25,-22,-4,sil
12.070839405059814,3,-11,6,8,1,20,37,-2,7,4,-23,-12,-6,6,sil
12.070839405059814,9,-7,-3,-1,2,2,33,-1,30,21,-9,0,13,13,sil
12.070839405059814,0,-9,-2,-25,0,1,14,0,31,33,1,4,18,14,sil
12.078584671020508,-3,-11,-5,-25,-13,6,6,-2,19,22,-5,-2,8,3,sil
12.094151973724363,4,-9,1,-13,-15,-10,0,-1,10,1,-13,-7,-1,-3,sil
12.094151973724363,13,4,9,-7,2,-17,-9,3,19,0,0,3,4,0,sil
12.110411167144775,17,15,1,-4,6,-12,-18,0,20,-1,17,16,14,1,sil
12.127077102661133,20,11,9,-4,-10,-14,-15,-4,4,-11,23,20,15,0,sil
12.127077102661133,13,1,4,-12,-10,-9,0,-1,-6,-12,23,19,13,-1,sil
12.127077102661133,-1,0,-5,-16,0,0,2,1,-12,-12,6,10,1,-10,sil
12.140170812606812,-13,3,-7,-1,-2,-1,-9,-2,-18,-17,-3,-7,-9,-19,sil
12.140170812606812,-15,0,-8,11,0,-1,-15,-3,-21,-17,-4,-20,-10,-15,sil
12.157366037368774,-5,6,5,24,19,12,-1,5,-18,-7,-15,-15,-10,-10,sil
12.157366037368774,-4,12,-2,39,18,21,14,10,-5,8,-13,-6,-5,0,sil
12.17238998413086,-20,0,-15,22,0,19,16,8,6,12,0,-12,0,10,sil
12.17238998413086,-25,-18,-5,-1,0,25,18,6,1,-1,-6,-22,-7,2,sil
12.188461303710938,-12,-20,-5,2,11,16,21,0,-1,-5,-23,-23,-22,-11,sil
12.189462900161743,-11,-8,-6,-8,-3,-6,0,-7,-6,-8,-28,-17,-24,-12,sil
12.204296112060549,-13,-1,-10,-27,-19,-22,-24,-5,-14,-15,-15,-6,-12,-3,sil
12.204296112060549,1,-2,-1,-15,-12,-19,-14,-1,-8,-4,-1,6,3,2,sil
12.218579292297363,9,-3,13,-6,-6,-10,-1,-1,7,18,1,15,9,8,sil
12.218579292297363,5,-7,2,-17,-10,-12,-6,-1,15,22,7,13,11,11,sil
12.234602689743042,8,-8,1,-21,-12,-12,-10,2,15,12,17,19,14,6,sil
12.25208330154419,13,6,-3,-13,-2,-4,-2,2,20,10,23,17,13,1,sil
12.25208330154419,14,22,-1,0,14,-1,0,-1,19,3,27,12,8,5,sil
12.25208330154419,17,25,20,11,14,-2,-4,-2,9,-1,34,23,10,9,sil
12.265548944473268,16,24,15,21,7,2,0,-2,2,6,29,21,14,9,sil
12.282131910324097,5,23,8,33,20,12,5,1,-5,8,11,1,5,7,sil
12.282131910324097,-6,10,1,27,27,8,0,1,-16,-3,0,-12,-7,-3,sil
12.282131910324097,-10,-4,-6,10,6,0,0,-1,-22,-14,-13,-26,-19,-21,sil
12.298239469528198,-5,-5,3,15,0,7,13,0,-17,-15,-30,-30,-21,-18,sil
12.298239469528198,2,-7,4,19,7,18,22,0,-2,0,-27,-13,-4,4,sil
12.312784433364868,10,-10,7,0,1,12,19,-4,11,19,-4,8,18,25,sil
12.312784433364868,7,-13,-2,-9,-11,5,13,2,14,18,3,10,26,25,sil
12.329869985580444,-11,-29,-25,-22,-26,-2,1,2,4,-1,-17,-6,4,6,sil
12.34664511680603,-16,-32,-11,-44,-33,-11,-10,-3,1,-17,-30,-8,-12,-9,sil
12.34664511680603,0,-12,0,-34,-17,-18,-11,3,15,-10,-3,3,2,-4,sil
12.34664511680603,5,0,-1,-16,-3,-16,-15,12,15,0,18,13,12,1,sil
12.361233472824097,2,5,-3,-11,0,-10,-19,4,3,0,14,16,3,-3,sil
12.361233472824097,13,20,6,8,7,-8,-10,0,-1,-3,14,19,-3,-2,sil
12.375354290008543,7,24,17,27,10,0,-7,1,-16,-6,18,12,-11,-5,sil
12.39244818687439,-16,1,-5,15,5,10,-6,0,-31,-9,3,-7,-19,-21,sil
12.39244818687439,-20,-12,-9,0,2,16,9,-5,-15,-2,-18,-19,-20,-18,sil
12.40707278251648,-8,-7,1,-1,0,18,21,-7,6,10,-23,-16,-13,4,sil
12.40707278251648,-5,-9,-9,-11,-4,6,6,-8,3,3,-13,-9,0,4,sil
12.422390460968018,0,-6,-4,-19,-6,-9,-6,-2,-8,-12,1,1,5,-11,sil
12.422390460968018,7,12,1,-2,0,-14,-5,0,-12,-11,14,6,5,-8,sil
12.437566041946411,6,26,8,12,5,-10,-10,-1,-19,-7,10,1,0,0,sil
12.437566041946411,1,22,13,19,10,0,-12,-1,-22,-13,3,-1,-3,-6,sil
12.453063488006592,0,12,0,30,17,11,-1,-4,-14,-4,4,1,0,-6,sil
12.453063488006592,-7,1,2,30,13,12,7,0,0,12,0,-8,2,6,sil
12.46910047531128,-9,-8,0,12,4,6,11,5,22,27,-10,-19,2,14,sil
12.46910047531128,0,-15,-7,-8,0,-1,11,0,36,25,-14,-11,3,14,sil
12.48462462425232,2,-20,-6,-26,-9,-6,4,0,25,4,-17,0,2,13,sil
12.48462462425232,-3,-16,-10,-30,-14,-6,0,6,16,-5,-6,0,2,7,sil
12.500543117523192,-6,0,-1,-24,-5,-7,-5,4,7,-6,12,0,5,-5,sil
12.500543117523192,2,10,-4,-6,0,-10,-8,0,0,-6,22,11,8,-12,sil
12.516120433807371,13,13,3,14,0,-2,-2,5,8,0,25,20,7,-2,sil
12.516120433807371,4,14,23,23,7,13,3,6,15,9,15,13,0,0,sil
12.53114104270935,-6,0,-2,16,11,15,6,1,2,7,-6,-11,-7,-4,sil
12.53114104270935,5,-16,-6,7,2,14,9,4,0,12,-13,-13,-4,9,sil
12.54723620414734,13,-10,3,4,-7,11,14,1,19,23,0,7,10,22,sil
12.54723620414734,7,-2,-2,-1,-6,0,9,-5,19,9,-1,15,10,11,sil
12.56259274482727,11,-5,2,-12,-1,-10,0,-5,-3,-14,-5,10,-1,0,sil
12.56259274482727,12,-3,3,-25,-3,-15,-7,-6,-14,-16,8,8,1,0,sil
12.578116655349731,1,5,5,-22,-7,-18,-14,-6,-19,-10,13,15,8,0,sil
12.578116655349731,3,16,4,3,-2,-12,-15,-3,-29,-18,8,18,0,1,sil
12.593570232391356,14,20,5,23,4,0,-5,-3,-33,-21,6,6,-7,4,sil
12.593570232391356,3,10,11,14,7,10,5,0,-32,-8,-2,-8,-9,-6,sil
12.609095335006714,-26,-9,-9,-4,4,14,13,-1,-23,5,-18,-25,-15,-18,sil
12.609095335006714,-27,-18,-12,-13,-1,10,13,-5,0,11,-20,-26,-8,-4,sil
12.625386238098145,4,-8,1,-5,0,0,4,-1,26,17,-5,-2,14,9,sil
12.625386238098145,9,2,1,0,0,-19,-13,5,16,5,2,8,18,-3,sil
12.640530347824097,-11,7,0,-6,-6,-18,-25,6,-12,-21,2,0,-4,-20,sil
12.640530347824097,-6,12,-1,11,7,7,-5,9,-7,-7,10,3,-6,-3,sil
12.656572341918944,4,10,3,33,21,25,14,8,13,22,7,4,5,13,sil
12.656572341918944,-16,-8,-7,6,0,13,3,-1,12,10,-15,-21,-5,0,sil
12.672577381134031,-31,-30,-29,-32,-25,-12,-15,-5,3,-11,-26,-37,-19,-16,sil
12.672577381134031,-5,-15,-7,-26,-13,-18,-16,0,5,-7,-10,-6,-8,-12,sil
12.688595294952393,10,9,3,0,3,-9,-9,-2,3,-9,2,6,-4,-9,sil
12.688595294952393,-6,10,0,2,1,-6,-11,-5,-9,-23,-9,-13,-22,-22,sil
12.70474123954773,-16,-1,1,5,1,6,1,1,-4,-6,-16,-19,-22,-18,sil
12.70474123954773,0,-8,-3,14,7,25,23,3,19,25,1,-1,3,10,sil
12.720252513885498,13,-6,3,4,0,17,28,0,30,27,12,12,19,28,sil
12.720252513885498,11,-1,1,-9,-13,-5,10,-3,16,9,9,14,17,20,sil
12.73559856414795,14,2,3,-11,-12,-13,-7,-4,-2,-6,12,16,12,11,sil
12.73559856414795,19,8,17,-6,2,-8,-7,-1,-9,-16,22,29,9,3,sil
12.75106930732727,16,13,15,7,13,-3,2,0,-10,-11,21,30,4,0,sil
12.75106930732727,7,17,17,20,11,3,5,0,-19,-1,15,17,2,5,sil
12.766201496124268,2,17,3,23,12,8,8,0,-16,9,19,12,5,10,sil
12.766201496124268,0,5,-2,19,10,9,15,6,1,17,7,5,6,11,sil
12.781862258911133,-8,-12,-1,4,-1,13,15,6,8,14,-17,-11,1,9,sil
12.781862258911133,-11,-21,-13,-10,-8,11,17,-1,9,11,-17,-18,5,8,sil
12.796914100646973,-3,-17,-6,-17,-11,3,14,0,11,11,-11,-11,9,6,sil
12.796914100646973,1,-14,-10,-13,-12,-8,-5,3,12,10,-19,-12,4,2,sil
12.812652826309204,6,-8,-10,-17,-7,-22,-26,1,7,0,-5,-5,2,-1,sil
12.812652826309204,19,9,17,-16,0,-17,-25,0,5,-4,23,19,16,1,sil
12.828180074691772,20,19,12,4,6,-6,-16,-1,0,-5,23,16,16,0,sil
12.828180074691772,4,15,0,16,9,-7,-18,-5,-16,-19,0,-5,-12,-21,sil
12.844276666641235,-11,8,-7,3,7,-9,-22,-4,-27,-36,-10,-15,-31,-34,sil
12.844276666641235,-15,9,-9,-4,4,-5,-21,2,-23,-36,-8,-12,-25,-21,sil
12.859804153442385,-18,11,2,9,4,4,-12,8,-16,-18,-7,-12,-21,-12,sil
12.859804153442385,-28,-1,-2,15,1,10,0,1,-15,-7,-23,-24,-28,-19,sil
12.875507354736328,-31,-20,-1,-1,-4,10,6,-2,-13,-8,-45,-33,-33,-22,sil
12.875507354736328,-16,-21,-6,-14,-4,15,22,0,3,6,-26,-20,-15,-3,sil
12.891217470169067,1,-9,-9,-9,-3,16,39,2,26,31,9,3,12,22,sil
12.891217470169067,11,-2,9,1,-5,11,35,1,27,28,16,18,23,32,sil
12.9067964553833,13,-4,3,5,-2,1,18,-6,14,17,6,16,18,24,sil
12.9067964553833,8,-5,-5,-5,0,-7,0,-7,3,8,3,12,15,14,sil
12.922476768493652,9,3,-2,-9,2,-6,-12,-1,2,6,11,21,18,10,sil
12.922476768493652,24,13,4,1,0,-3,-11,1,12,10,24,35,25,12,sil
12.937446355819702,29,10,16,1,-10,-14,-13,1,11,10,32,40,24,9,sil
12.937446355819702,13,0,7,-1,-14,-22,-15,0,2,2,31,27,11,1,sil
12.953482151031494,3,3,7,0,-5,-10,-10,0,-5,-8,18,11,-7,-1,sil
12.953482151031494,0,8,4,2,2,-2,-8,0,-12,-16,3,-3,-17,-11,sil
12.96958041191101,-17,-1,-14,6,5,-2,-13,-2,-24,-17,-7,-27,-17,-23,sil
12.96958041191101,-32,-8,-7,7,9,6,-7,-4,-24,-11,-16,-43,-18,-24,sil
12.985190868377686,-24,-3,-8,9,15,20,13,1,-9,0,-22,-36,-16,-17,sil
12.985190868377686,-9,0,-3,15,14,27,37,8,6,14,-26,-21,-9,-6,sil
13.00028657913208,-1,-2,5,10,6,28,48,6,19,21,-21,-16,2,7,sil
13.00028657913208,2,0,-3,-4,-1,11,30,1,20,12,-9,-18,7,12,sil
13.016094446182253,4,0,0,-8,-3,-6,1,0,3,-5,-10,-8,2,4,sil
13.016094446182253,2,-5,-7,-3,0,-12,-9,-3,1,-10,-9,2,6,4,sil
13.031522274017334,6,-5,-5,-8,0,-14,-16,0,11,-10,0,8,13,11,sil
13.031522274017334,11,-4,4,-16,-11,-16,-23,3,12,-14,0,12,6,8,sil
13.047239303588867,11,-8,-6,-17,-15,-13,-21,0,10,-7,3,16,3,5,sil
13.047239303588867,15,1,4,-16,-7,-9,-16,-1,0,0,22,26,12,2,sil
13.062325477600098,13,15,12,-2,-2,-8,-11,-2,-15,-8,26,27,11,-3,sil
13.062325477600098,-1,12,6,11,-7,-7,-11,-2,-23,-22,4,9,-6,-13,sil
13.078548192977903,-10,7,4,8,-5,-7,-15,-1,-20,-16,0,1,-12,-12,sil
13.078548192977903,-2,11,4,6,5,-5,-14,-3,-15,1,22,6,-1,2,sil
13.0937340259552,8,18,19,22,15,6,-8,0,-14,8,21,11,-1,9,sil
13.109127283096312,7,19,7,37,20,16,0,7,-6,14,0,8,-6,3,sil
13.109127283096312,-10,-3,-11,11,10,15,5,6,0,15,-11,-7,-11,-4,sil
13.12720799446106,-29,-30,-11,-24,0,18,10,0,1,5,-14,-25,-21,-10,sil
13.12720799446106,-22,-28,-15,-24,2,18,22,-5,2,7,-13,-22,-15,-4,sil
13.12720799446106,-10,-15,-2,-12,0,10,29,-6,1,11,-18,-14,-5,3,sil
13.140230655670166,-16,-12,-4,-12,-11,4,16,-3,0,0,-28,-26,-14,-3,sil
13.155588626861572,-5,-5,-11,-10,-13,-2,5,0,1,-1,-18,-21,-13,-2,sil
13.155588626861572,19,7,7,1,-4,-7,14,2,21,22,9,9,15,17,sil
13.17251467704773,15,3,4,13,0,-5,15,3,34,27,19,15,31,20,sil
13.17251467704773,0,-4,0,5,-4,-7,-8,2,15,0,2,2,14,0,sil
13.17251467704773,3,-1,-2,-8,-3,-11,-19,-2,0,-13,-4,1,9,-7,sil
13.186538934707642,16,8,-3,2,6,-9,-4,-3,13,-1,5,13,25,4,thankyou
13.202466011047363,25,17,15,17,11,-6,6,3,15,7,17,28,25,13,thankyou
13.202466011047363,20,15,6,8,4,-6,3,2,-1,-11,12,20,5,-1,thankyou
13.21710991859436,2,8,-4,-6,0,-5,-6,-4,-18,-34,-4,0,-14,-22,thankyou
13.21710991859436,-9,3,-6,-15,-1,-3,-8,-3,-20,-22,-2,-4,-10,-20,thankyou
13.232712507247925,-8,-1,-12,-15,-3,-1,-3,0,-15,-2,10,-4,1,-9,thankyou
13.232712507247925,-8,0,0,-3,-8,3,-8,3,-17,-12,0,-10,-10,-12,thankyou
13.248308897018433,-9,6,2,11,-4,6,-13,3,-15,-12,-4,-9,-18,-12,thankyou
13.248308897018433,0,14,12,28,13,9,-9,4,1,6,7,4,-1,3,thankyou
13.263461351394652,6,14,16,39,21,12,-2,3,11,13,8,6,4,17,thankyou
13.263461351394652,-7,0,-5,21,3,12,1,-1,2,13,-5,-9,-2,14,thankyou
13.278555870056152,-18,-14,-7,-1,-4,11,9,0,5,21,-12,-15,-4,4,thankyou
13.278555870056152,-13,-27,-10,-7,0,1,14,1,14,18,-14,-16,-6,3,thankyou
13.294517278671265,-6,-35,-13,-24,-12,-11,3,-1,3,-3,-17,-12,-9,6,thankyou
13.294517278671265,-2,-24,1,-30,-20,-9,-8,-4,1,-11,-8,7,0,6,thankyou
13.309822082519531,0,-5,6,-17,-6,-5,-8,0,8,-6,5,20,6,1,thankyou
13.309822082519531,8,6,5,-15,3,-7,-2,4,-3,-7,18,16,3,-1,thankyou
13.325143098831177,18,15,2,-8,7,-3,2,1,-14,-2,27,13,7,0,thankyou
13.325143098831177,17,16,16,9,7,-1,2,-2,-10,0,14,9,5,0,thankyou
13.341084718704224,8,4,14,11,0,0,0,-2,-13,-10,-6,4,-6,-2,thankyou
13.341084718704224,2,-1,-5,5,-2,3,-1,-5,-8,-7,-10,-5,-9,1,thankyou
13.3572039604187,-6,1,0,7,-5,7,1,-3,8,12,-12,-15,-3,2,thankyou
13.3572039604187,-13,-1,-9,4,-5,5,11,2,18,22,-18,-15,0,0,thankyou
13.373257160186768,-4,-5,-15,-15,-3,0,16,3,12,9,-17,-9,1,1,thankyou
13.373257160186768,3,0,-4,-30,-8,-8,4,-2,-2,-5,-9,-4,4,0,thankyou
13.389363288879396,0,-1,-11,-17,-11,-11,-4,-6,-18,-15,0,3,1,-3,thankyou
13.389363288879396,1,0,1,-5,0,-8,-11,-3,-19,-19,6,15,-1,-9,thankyou
13.405592441558838,13,20,13,10,18,-1,-8,0,0,-7,27,18,7,-7,thankyou
13.405592441558838,14,31,10,34,28,8,3,3,12,7,30,4,6,1,thankyou
13.421122789382936,-1,13,7,33,18,12,3,10,3,7,-1,-12,-9,0,thankyou
13.421122789382936,-15,-8,-7,17,6,9,-2,8,-1,9,-15,-19,-7,-5,thankyou
13.436197519302368,-14,-8,-1,14,3,17,7,3,12,19,-3,-9,5,4,thankyou
13.436197519302368,-18,-7,-7,10,4,19,14,0,19,14,-7,-14,1,6,thankyou
13.452269792556764,-21,-17,-19,-3,0,0,0,-7,7,2,-21,-20,-8,-4,thankyou
13.452269792556764,-10,-18,-3,-19,-8,-10,-12,-7,5,4,-15,-3,0,-2,thankyou
13.468337774276732,-2,-11,-7,-35,-16,-8,-9,0,9,-1,-3,1,10,-5,thankyou
13.468337774276732,-5,-2,-7,-31,-16,-15,-14,3,-6,-25,1,-1,-6,-25,thankyou
13.48443055152893,0,6,1,-7,-14,-23,-15,-2,-10,-24,13,13,-10,-22,thankyou
13.48443055152893,25,13,10,0,-11,-17,-9,-1,3,-1,27,35,17,8,thankyou
13.499780416488647,39,16,21,4,-4,-5,-8,1,-10,-7,26,38,25,22,thankyou
13.499780416488647,24,11,14,18,1,0,-5,-1,-30,-24,17,24,2,10,thankyou
13.515469789505005,13,8,23,24,9,3,12,4,-13,-11,12,13,-2,8,thankyou
13.515469789505005,17,12,19,28,21,17,32,12,13,15,10,9,9,21,thankyou
13.531530618667604,8,3,-5,26,13,20,28,0,14,25,0,-1,7,22,thankyou
13.531530618667604,-11,-10,-8,1,-5,11,12,-6,0,21,-16,-14,-7,8,thankyou
13.54669189453125,-16,-13,-18,-13,-3,6,12,1,-2,15,-22,-19,-10,6,thankyou
13.54669189453125,-10,-9,-15,-8,0,4,12,0,3,8,-18,-17,-9,12,thankyou
13.562305927276611,-5,-8,-5,-8,-7,1,0,-3,13,12,-1,-3,-1,5,thankyou
13.562305927276611,0,-6,-11,-11,-8,-2,-10,0,20,13,16,4,8,-4,thankyou
13.578323364257812,-1,-4,-4,-12,-3,-7,-17,0,6,-11,12,1,0,-12,thankyou
13.578323364257812,-16,-2,-5,-10,-1,-13,-23,0,-11,-30,0,-8,-14,-25,thankyou
13.594430208206177,-22,-1,-1,-10,3,-8,-22,0,-16,-21,-11,-17,-15,-31,thankyou
13.594430208206177,-25,-9,1,-7,7,2,-12,-1,-23,-9,-25,-27,-19,-22,thankyou
13.609520435333252,-21,-11,-7,0,5,4,-1,-4,-22,-2,-32,-30,-18,-8,thankyou
13.609520435333252,-1,2,5,2,4,4,5,0,2,14,-22,-14,0,3,thankyou
13.625262260437012,8,5,2,0,2,3,15,0,18,22,-11,-4,12,6,thankyou
13.625262260437012,8,-6,0,0,-1,-2,16,0,3,2,-10,-5,1,2,thankyou
13.640176057815552,11,-7,8,-9,-7,-3,3,0,0,-13,-3,5,1,1,thankyou
13.640176057815552,12,0,1,-21,-10,-1,-8,-2,5,-8,8,20,11,4,thankyou
13.655275106430054,10,10,6,-13,-7,-10,-12,-3,-4,-10,9,21,2,1,thankyou
13.655275106430054,11,20,2,2,0,-13,-8,-1,-13,-17,10,13,-3,-3,thankyou
13.670687913894652,9,17,-2,3,3,-2,-7,1,0,-11,23,14,9,0,thankyou
13.670687913894652,6,12,5,6,4,2,-10,7,6,-4,29,21,17,1,thankyou
13.686278581619264,5,12,2,23,5,-1,-7,3,-2,-7,16,10,0,-6,thankyou
13.686278581619264,0,8,6,23,6,4,-1,0,-13,-11,0,-2,-19,-7,thankyou
13.702681064605711,-3,1,-1,15,6,11,0,3,-1,1,0,0,-6,4,thankyou
13.702681064605711,-2,0,-2,18,5,11,14,6,11,21,6,6,7,11,thankyou
13.71751832962036,-1,-1,11,19,5,22,30,3,10,26,6,4,3,11,thankyou
13.71751832962036,-1,-4,-1,7,2,23,27,0,8,23,4,-2,9,13,thankyou
13.73355507850647,1,-3,0,1,-5,0,14,0,12,22,1,0,19,14,thankyou
13.749417066574097,2,-4,-3,13,-9,-11,9,-5,10,19,-3,-3,8,12,thankyou
13.749417066574097,1,-15,-16,0,-6,-7,-1,-7,4,10,-11,-15,-6,12,thankyou
13.749417066574097,1,-20,-3,-28,-5,-7,-5,-1,10,3,-5,-10,0,8,thankyou
13.764398097991943,0,-6,0,-25,-3,-14,1,1,24,5,17,2,14,-1,thankyou
13.764398097991943,-4,3,0,-9,-1,-14,-8,2,21,2,21,5,13,-9,thankyou
15.041074752807615,-6,-7,-6,0,14,18,13,0,6,0,-2,-7,-7,-1,thankyou
15.041074752807615,-13,-9,-14,0,7,16,19,0,12,9,-13,-27,-10,-1,thankyou
15.056511640548706,-10,-5,-4,6,0,11,26,1,7,11,-23,-26,-8,10,thankyou
15.056511640548706,-7,-18,-7,-4,-4,3,21,-5,6,11,-14,-11,2,15,thankyou
15.072149991989136,0,-18,1,-21,-3,0,6,-2,17,17,5,7,19,10,thankyou
15.08816695213318,0,-13,-5,-26,-1,-2,0,1,24,18,5,0,20,9,thankyou
15.08816695213318,-8,-18,-11,-24,-6,-9,-4,0,16,5,-8,-14,5,9,thankyou
15.08816695213318,0,-13,-3,-19,-15,-13,-15,-1,9,-9,-4,-4,-1,0,thankyou
15.10254168510437,8,-1,-3,-20,-14,-15,-17,0,1,-15,12,11,3,-5,thankyou
15.118672609329224,2,4,6,-22,-5,-15,-14,1,-15,-11,14,10,2,0,thankyou
15.118672609329224,0,9,5,-8,-6,-11,-19,0,-25,-6,7,2,-2,-6,thankyou
15.13339352607727,2,9,3,2,-13,-3,-16,-5,-15,-6,9,3,-4,-15,thankyou
15.13339352607727,0,12,2,1,0,0,-4,-4,-2,-5,13,9,-4,-7,thankyou
15.149948835372925,-5,18,0,13,16,0,-7,-2,-4,-5,10,8,-7,-9,thankyou
15.149948835372925,0,21,12,34,15,1,-10,0,-12,-1,11,15,-3,-12,thankyou
15.149948835372925,8,19,12,33,8,5,4,1,-12,6,11,15,0,0,thankyou
15.16510248184204,1,10,10,24,5,9,16,1,-14,4,-4,0,-7,4,thankyou
15.180164337158203,-6,-4,10,24,0,13,12,0,-18,-4,-20,-14,-17,-3,thankyou
15.180164337158203,-7,-13,-7,10,-4,7,6,0,-17,-7,-28,-23,-19,-6,thankyou
15.19655966758728,-10,-7,-1,0,-5,9,5,3,-10,0,-32,-19,-14,-5,thankyou
15.19655966758728,0,-1,1,12,9,19,18,8,12,21,-6,5,8,15,thankyou
15.212096452713013,17,-1,5,16,18,14,26,11,32,32,14,19,23,38,thankyou
15.212096452713013,6,-4,3,0,2,0,18,4,28,13,-5,3,7,21,thankyou
15.227190017700195,-11,-14,-23,-16,-10,-7,7,-6,17,-2,-20,-10,-7,-1,thankyou
15.227190017700195,-12,-23,-21,-30,-11,-12,-2,-4,10,-7,-12,-10,-6,-5,thankyou
15.242279767990112,-13,-21,-20,-34,-9,-11,-5,0,10,-8,-13,-19,0,-7,thankyou
15.242279767990112,-12,-11,-21,-29,-4,-7,-5,-2,15,-2,-8,-19,7,-10,thankyou
15.257441520690918,0,-2,2,-24,-1,-4,-10,-4,15,1,13,-1,7,-9,thankyou
15.257441520690918,0,-4,-1,-21,-7,-8,-17,-6,1,-2,16,1,4,-12,thankyou
15.272759437561035,-1,-2,-4,-16,-10,-15,-23,-4,-15,-14,0,-4,1,-14,thankyou
15.272759437561035,11,4,7,-3,0,-12,-24,-2,-16,-14,7,3,5,-8,thankyou
15.288350343704224,19,7,12,6,10,-3,-16,0,1,1,32,19,14,0,thankyou
15.288350343704224,19,14,18,1,6,-2,-10,6,8,9,37,29,16,7,thankyou
15.304443836212158,22,26,16,4,0,-8,-7,5,-2,-3,27,27,9,9,thankyou
15.304443836212158,17,27,14,25,5,-4,-1,0,-20,-19,13,15,0,2,thankyou
15.32050609588623,12,22,8,39,17,8,12,-1,-33,-21,-1,7,-7,0,thankyou
15.32050609588623,12,18,7,35,11,11,18,0,-31,-14,-3,4,-9,3,thankyou
15.336517095565796,-6,4,11,22,-8,2,5,-2,-20,-11,-2,-5,-11,2,thankyou
15.336517095565796,-24,-11,-7,10,-9,3,0,-2,-8,-2,-14,-13,-12,-2,thankyou
15.352114915847778,-13,-5,-6,2,1,20,12,3,6,18,-11,-5,-8,0,thankyou
15.352114915847778,-12,-1,-7,-1,0,17,16,5,16,25,-1,-8,-6,0,thankyou
15.368103981018066,-29,-13,-16,-4,-7,0,1,1,8,6,-14,-26,-12,-7,thankyou
15.368103981018066,-19,-8,0,-3,-1,7,1,2,6,9,-17,-15,-3,-3,thankyou
15.383321046829224,-11,-3,-8,-3,2,13,9,1,17,26,-6,-1,9,6,thankyou
15.383321046829224,-23,-25,-18,-22,-4,1,1,0,5,7,-28,-13,-4,0,thankyou
15.398478031158447,-14,-28,-7,-21,-5,0,2,0,1,0,-33,-19,-8,-2,thankyou
15.398478031158447,7,-7,-1,-1,2,4,13,1,17,22,0,-3,13,6,thankyou
15.413636922836304,9,-3,6,-4,4,0,8,0,13,10,4,2,13,5,thankyou
15.413636922836304,4,-5,-1,-13,0,-6,0,0,-2,-17,-6,-3,0,-2,thankyou
15.429173231124878,9,1,0,-6,-3,-12,0,-4,0,-9,3,1,7,5,thankyou
15.429173231124878,17,0,7,-10,-5,-15,-7,-5,8,5,19,20,22,17,thankyou
15.444314002990724,22,-1,0,-14,0,-12,-10,0,9,2,23,25,15,11,thankyou
15.444314002990724,23,22,16,4,8,-9,-5,5,9,-2,13,16,0,0,thankyou
15.460168361663818,24,33,19,21,12,-2,2,3,15,-3,11,13,0,-1,thankyou
15.460168361663818,22,13,6,11,6,3,2,0,7,-9,17,16,0,-1,thankyou
15.47511339187622,7,1,0,0,4,0,-8,0,-9,-14,12,8,-8,-8,thankyou
15.47511339187622,0,10,-6,14,9,-1,-9,-3,-7,-4,12,0,-7,-4,thankyou
15.490567684173584,1,12,4,21,4,0,-1,-4,-11,-7,13,8,0,-4,thankyou
15.490567684173584,-7,-5,0,-5,-5,-7,-11,-3,-21,-18,-2,6,-3,-18,thankyou
15.50653910636902,-20,-10,-10,-19,-5,-11,-22,0,-12,-5,-13,-10,-7,-13,thankyou
15.50653910636902,-16,0,0,3,1,6,-4,7,1,11,-1,-12,-1,1,thankyou
15.52222466468811,-9,2,-5,17,1,14,5,5,0,7,0,-7,0,-1,thankyou
15.52222466468811,-2,3,1,8,-7,2,-9,-3,-7,0,-4,-1,-3,-2,thankyou
15.538361072540283,2,6,6,5,-5,-1,-8,-3,-8,0,4,3,2,11,thankyou
15.538361072540283,1,0,0,0,0,-1,10,1,-11,2,2,0,7,14,thankyou
15.553455352783203,-8,-8,-3,-2,-4,1,12,2,-8,9,-15,-8,-2,1,thankyou
15.553455352783203,-17,-15,-12,7,-11,6,5,-1,-1,10,-19,-12,-10,-3,thankyou
15.56903839111328,-15,-19,-4,7,-13,8,7,-5,-3,-3,-12,-9,-8,0,thankyou
15.56903839111328,-15,-16,-4,-4,-10,6,12,-4,-14,-10,-12,-17,-5,0,thankyou
15.585669040679932,-28,-20,-15,-18,-3,4,7,-4,-25,-17,-33,-38,-20,-17,thankyou
15.585669040679932,-36,-29,-12,-29,-11,4,-1,-3,-23,-26,-55,-49,-37,-26,thankyou
15.600481510162354,-23,-27,-23,-31,-25,-2,-1,1,7,-8,-40,-37,-17,-16,thankyou
15.600481510162354,-5,-14,-12,-29,-25,-14,-5,6,26,8,-8,-11,8,-5,thankyou
15.615634679794312,0,-7,0,-29,-14,-19,-15,2,9,-6,0,4,3,-5,thankyou
15.615634679794312,6,0,-3,-25,-3,-9,-15,0,1,-11,6,11,0,-4,thankyou
15.63149070739746,18,15,9,-11,6,3,-8,2,12,2,25,23,14,-3,thankyou
15.63149070739746,30,29,16,17,23,3,-1,0,16,9,38,33,26,3,thankyou
16.830302238464355,-8,-18,-5,-14,-4,4,4,-5,-4,1,-23,-16,-6,4,thankyou
16.830302238464355,-1,-15,-8,0,3,8,3,3,9,18,-8,-10,7,6,thankyou
16.84542942047119,-1,-18,-11,-5,2,1,2,0,9,15,-7,-7,12,4,thankyou
16.84542942047119,-10,-16,-11,-25,-12,-6,-1,-6,4,1,-3,-2,10,3,thankyou
16.861133813858032,-7,-9,-10,-21,-12,-8,0,-4,10,4,0,-2,11,4,thankyou
16.861133813858032,1,-1,3,-17,-4,-4,0,0,17,6,-1,0,15,2,thankyou
16.876289129257202,0,0,1,-20,-8,0,-13,3,17,0,11,9,18,7,thankyou
16.876289129257202,4,1,2,-6,-11,-1,-20,4,10,-1,23,15,16,11,thankyou
16.893330812454224,13,3,4,0,-9,-4,-12,1,10,0,12,10,17,0,thankyou
16.893330812454224,14,7,3,-7,-6,-2,-7,4,15,1,6,7,13,-5,thankyou
16.908101081848145,12,13,15,0,0,0,-7,4,3,-4,15,14,2,-3,thankyou
16.908101081848145,10,10,5,4,0,-12,-3,-5,-21,-18,17,11,-2,-7,thankyou
16.92420482635498,7,3,1,-3,2,-18,0,-4,-25,-16,7,13,-2,-8,thankyou
16.92420482635498,11,14,9,0,19,-1,10,2,-7,-4,9,19,-2,-2,thankyou
16.940354824066162,10,19,2,2,19,5,16,0,-2,-10,9,5,-10,-7,thankyou
16.940354824066162,0,10,7,-1,3,-3,1,1,-8,-14,0,-1,-21,-11,thankyou
16.954436540603638,-2,9,5,8,2,-7,-3,7,0,0,5,8,-13,0,thankyou
16.954436540603638,1,10,5,13,5,2,2,3,10,6,5,8,-3,6,thankyou
16.970311164855957,-3,7,3,9,7,10,3,0,8,3,-3,-5,-2,5,thankyou
16.98518705368042,-11,1,-10,20,11,6,3,0,3,11,-3,-15,2,3,thankyou
16.98518705368042,-12,-5,1,20,6,11,9,0,2,14,0,-12,8,5,thankyou
17.00161123275757,-9,-12,-1,11,5,21,16,-4,4,16,0,-4,6,11,thankyou
17.00161123275757,-11,-11,-10,5,6,10,7,1,-8,5,-11,-6,-9,6,thankyou
17.017669677734375,-20,-14,-8,-3,-3,-4,-11,1,-27,-12,-30,-24,-23,-7,thankyou
17.017669677734375,-24,-26,-17,-12,-11,-7,-15,-9,-23,-10,-33,-36,-15,-11,thankyou
17.032268524169922,-20,-31,-11,-21,-16,-8,-10,-12,-15,-5,-32,-23,-13,-11,thankyou
17.032268524169922,-17,-22,-12,-25,-22,-8,-7,-5,-12,-9,-27,-13,-18,-13,thankyou
17.047324180603027,0,-4,-7,-10,-14,1,0,-2,-1,0,-5,-8,-3,0,thankyou
17.047324180603027,21,8,11,11,-1,7,10,0,15,10,8,3,16,12,thankyou
17.062479972839355,14,5,0,7,0,0,9,0,20,4,0,7,15,7,thankyou
17.062479972839355,4,7,-1,-3,-3,-3,0,1,18,5,-4,6,7,-1,thankyou
17.078555822372437,18,15,9,2,-2,-1,-2,7,23,14,11,16,17,5,thankyou
17.078555822372437,19,7,8,2,-1,-4,0,6,20,1,15,21,21,10,thankyou
17.09423589706421,-3,-5,1,-17,-2,-10,-2,1,1,-18,5,12,0,-6,thankyou
17.09423589706421,-6,-3,-10,-27,-3,-10,-6,1,-1,-9,10,6,-6,-17,thankyou
17.10971164703369,11,9,4,-9,-3,-2,-3,4,6,0,22,8,6,-7,thankyou
17.10971164703369,18,11,13,9,0,0,2,1,5,-9,15,6,6,-1,thankyou
17.12539529800415,6,8,4,7,5,-3,2,-1,4,-5,8,4,-1,0,thankyou
17.12539529800415,0,13,10,2,10,-1,-1,-1,0,5,19,10,-1,6,thankyou
17.141207695007324,5,12,1,12,5,0,-4,-2,-14,0,15,3,-2,2,thankyou
17.141207695007324,11,5,2,14,0,0,-10,0,-20,-9,0,-4,-6,0,thankyou
17.156675577163696,5,9,10,7,6,2,-14,2,-19,-11,7,6,0,7,thankyou
17.156675577163696,-8,5,-2,6,16,2,-10,-5,-26,-19,7,5,-5,4,thankyou
17.172035217285156,-16,-7,-7,0,12,5,-2,-3,-28,-13,-15,-12,-13,-4,thankyou
17.172035217285156,-10,-10,-10,0,6,18,11,7,-11,15,-13,-12,0,2,thankyou
17.187422275543213,0,-1,4,9,4,20,21,4,0,23,0,0,14,14,thankyou
17.187422275543213,3,4,16,19,6,14,19,-1,8,18,0,0,10,13,thankyou
17.202550411224365,4,6,1,15,12,14,20,2,20,30,11,0,12,11,thankyou
17.202550411224365,2,1,4,8,9,13,21,3,25,34,14,7,15,8,thankyou
17.218270778656006,-2,-5,0,3,-2,-1,7,-6,18,13,-8,3,0,1,thankyou
17.218270778656006,-2,-7,-7,-2,-9,-14,-6,-4,20,2,-21,1,-12,3,thankyou
17.233296632766724,0,-8,-5,-9,-5,-8,-1,4,34,12,-9,-1,-3,3,thankyou
17.233296632766724,-11,-20,-9,-18,-11,-4,-1,0,22,6,-7,-13,-2,-12,thankyou
17.249319791793823,-20,-22,-6,-23,-17,-14,-13,-8,-8,-21,-23,-18,-11,-18,thankyou
17.249319791793823,-16,-12,-19,-18,-12,-25,-17,-8,-15,-27,-23,-15,-5,-9,thankyou
17.265241861343384,-9,-13,-21,-25,-14,-20,-18,-2,-7,-17,-9,-11,0,-12,thankyou
17.265241861343384,-2,-10,-5,-32,-19,-12,-20,3,-5,-22,-5,3,-1,-18,thankyou
17.280425786972046,4,4,-2,-12,-5,-18,-15,1,-5,-20,-4,9,-1,-12,thankyou
17.280425786972046,7,11,11,0,4,-13,-17,0,-19,-13,7,3,-1,-9,thankyou
17.29557776451111,5,7,8,2,0,9,-9,0,-29,-15,17,4,0,-9,thankyou
17.29557776451111,4,4,1,13,-5,12,13,1,-20,-14,2,1,-3,-1,thankyou
17.311116933822632,1,2,9,18,-2,6,19,2,-13,-10,-15,-11,-16,0,thankyou
17.311116933822632,-2,2,-1,11,2,18,14,0,-7,-1,-12,-15,-12,1,thankyou
17.326226949691772,2,5,2,6,5,24,23,1,11,19,-2,-5,5,7,thankyou
17.326226949691772,19,7,9,8,10,12,29,2,26,32,10,8,17,15,thankyou
17.34166979789734,28,13,7,10,12,1,6,0,18,20,27,18,16,13,thankyou
17.34166979789734,17,18,8,3,8,-2,-17,-1,4,3,30,22,2,1,thankyou
17.358479976654053,3,16,3,1,9,-8,-21,-2,-7,-7,21,13,-13,-3,thankyou
17.358479976654053,1,19,16,15,11,-7,-11,-2,-17,-13,18,9,-16,0,thankyou
17.373032093048096,0,18,10,31,8,0,0,-2,-15,-4,18,6,-16,7,thankyou
17.373032093048096,-5,2,-9,35,9,4,5,-3,-7,9,3,-3,-21,12,thankyou
17.387624740600586,-17,-11,-6,20,12,12,9,3,0,13,-15,-17,-16,5,thankyou
17.387624740600586,-26,-25,-14,-8,4,20,15,9,11,15,-17,-21,-23,0,thankyou
17.40445590019226,-23,-30,-10,-24,-7,14,16,3,17,15,-13,-10,-19,7,thankyou
17.40445590019226,-10,-15,-7,-18,-7,4,11,-1,14,16,-11,-1,64,13,thankyou
18.601581811904907,25,0,10,0,-5,-16,-4,1,27,17,2,18,27,35,thankyou
18.601581811904907,17,-4,5,-26,-13,-15,-8,-2,11,-6,-6,19,12,10,thankyou
18.61769127845764,13,7,-1,-12,-2,-4,0,-1,6,-10,14,26,7,0,thankyou
18.61769127845764,21,19,17,18,8,-14,0,0,-5,-14,23,27,3,0,thankyou
18.63439178466797,9,4,4,2,0,-29,-15,-7,-20,-26,4,7,-6,-10,thankyou
18.63439178466797,-5,-2,-5,-23,-6,-16,-22,-8,-15,-19,12,3,-3,-19,thankyou
18.650163173675537,4,15,4,1,2,3,-8,1,0,5,38,23,14,-2,thankyou
18.650163173675537,6,18,1,23,4,1,-3,4,1,5,21,14,10,2,thankyou
18.666292428970337,-12,2,-4,0,-4,-3,-13,0,-11,-12,-6,-13,-10,-10,thankyou
18.666292428970337,-17,1,-11,-2,0,1,-9,-2,-12,-4,-10,-22,-9,-10,thankyou
18.68149781227112,-8,3,-4,13,10,5,-3,0,-7,3,-19,-18,-8,-7,thankyou
18.68149781227112,-18,-9,-4,1,9,6,-7,2,-11,-4,-32,-26,-25,-13,thankyou
18.69628643989563,-27,-15,-10,-13,4,11,0,-3,-17,-8,-27,-31,-27,-12,thankyou
18.712773084640503,-16,-7,-1,-10,3,21,22,-1,-12,-2,-23,-19,-17,-4,thankyou
18.712773084640503,-8,-16,-12,-7,2,25,31,0,0,-1,-26,-18,-17,-5,thankyou
18.712773084640503,-10,-25,-9,-12,2,14,17,-1,-2,0,-25,-23,-19,-8,thankyou
18.72781181335449,-5,-7,10,-3,4,8,14,2,-6,16,-10,-8,-4,3,thankyou
18.74448251724243,15,8,5,11,0,13,27,8,17,30,10,12,16,27,thankyou
18.74448251724243,29,4,6,8,-6,6,15,6,38,21,16,17,23,29,thankyou
18.75914621353149,8,-8,-1,-9,-11,-11,-12,0,27,8,8,5,13,13,thankyou
18.75914621353149,-5,-12,-1,-16,-14,-16,-15,0,19,7,1,1,7,10,thankyou
18.77426767349243,9,-7,2,-14,-15,-9,-3,4,20,3,2,6,12,8,thankyou
18.77426767349243,8,-4,-11,-18,-16,-15,-8,-2,7,-3,5,5,10,-6,thankyou
18.789483308792114,-7,0,0,-12,-9,-21,-15,-7,-5,-7,7,9,2,-15,thankyou
18.789483308792114,-1,8,3,5,4,-10,-7,-3,-6,-14,13,14,1,-16,thankyou
18.805333137512207,8,12,1,8,9,-1,-1,0,-8,-18,18,12,2,-15,thankyou
18.805333137512207,6,16,11,0,5,-3,-2,3,-7,-6,21,18,2,-5,thankyou
18.82062005996704,2,14,6,7,6,-7,-9,7,-9,-5,16,12,-2,-4,thankyou
18.82062005996704,-5,4,4,16,3,-3,-23,0,-30,-27,0,-5,-19,-14,thankyou
18.836148738861084,-13,0,-2,14,0,-1,-16,-3,-29,-20,-4,-12,-20,-9,thankyou
18.836148738861084,-7,1,-3,13,6,3,7,3,-16,0,-7,-8,-7,4,thankyou
18.85123610496521,0,13,11,25,15,17,18,-1,-28,-10,-19,-8,-4,3,thankyou
18.85123610496521,4,20,4,41,9,19,13,-15,-33,-17,-12,-5,-6,3,thankyou
18.866331815719604,12,8,4,32,1,10,8,-8,0,11,2,7,6,19,thankyou
18.866331815719604,14,-3,5,7,5,12,12,5,36,38,8,11,25,30,thankyou
18.88152885437012,0,-2,-8,-4,9,8,9,5,36,29,-1,-1,19,16,thankyou
18.88152885437012,-15,-7,-13,-11,-1,-7,-6,0,17,8,-18,-16,0,-3,thankyou
18.89730715751648,-13,-23,-10,-27,-19,-14,-8,0,14,6,-15,-12,-2,-4,thankyou
18.89730715751648,-2,-22,0,-29,-18,-5,4,2,27,12,0,3,7,3,thankyou
18.91234254837036,1,-9,-8,-17,-9,0,4,3,29,12,7,3,10,4,thankyou
18.91234254837036,0,-5,-11,-21,-8,-9,-8,2,6,0,1,-5,3,-5,thankyou
18.92747163772583,1,-4,5,-29,-4,-18,-13,0,-10,-9,1,0,-1,-13,thankyou
18.92747163772583,4,0,1,-22,3,-16,-9,-2,0,-3,11,6,0,-6,thankyou
18.943601369857788,8,10,7,-10,0,-8,-2,-2,-6,-8,13,10,-4,-5,thankyou
18.943601369857788,18,24,15,1,0,2,5,-2,-15,-15,16,20,0,-3,thankyou
18.9592924118042,23,19,9,13,17,12,6,1,-1,1,27,22,9,12,thankyou
18.9592924118042,7,8,12,16,18,15,-1,8,-1,5,18,9,1,12,thankyou
18.974522590637207,-8,6,2,26,5,9,-1,4,-12,-3,-5,0,-10,1,thankyou
18.974522590637207,-3,4,7,27,2,11,7,1,0,0,-16,-2,-6,2,thankyou
18.989957571029663,-4,-8,1,9,3,18,8,0,1,0,-18,-14,-9,0,thankyou
18.989957571029663,-17,-20,-23,-4,-4,13,4,0,-21,-15,-21,-23,-18,-8,thankyou
19.005532026290894,-17,-12,-8,4,-8,9,10,1,-20,-6,-19,-16,-12,-4,thankyou
19.00590467453003,-20,-4,-10,13,0,0,17,0,-1,4,-19,-24,-5,-11,thankyou
19.020806074142456,-28,-15,-17,-7,-3,-9,8,-1,0,-5,-26,-32,-11,-24,thankyou
19.020806074142456,-13,-18,-5,-22,-15,-4,1,0,7,1,-14,-12,-4,-15,thankyou
19.036550283432007,5,0,-4,-8,-6,-4,-1,0,23,20,5,8,16,1,thankyou
19.036550283432007,3,4,-1,-8,2,-13,-16,-4,17,7,2,7,17,2,thankyou
19.05243825912476,-3,-11,-10,-24,-7,-15,-24,-6,-1,-11,-6,-2,0,0,thankyou
19.05243825912476,-1,-9,-4,-22,-16,-17,-15,-4,-12,-11,3,2,-6,2,thankyou
19.06858277320861,7,6,12,-7,-7,-13,-12,-3,-12,-4,22,17,4,3,thankyou
19.06858277320861,18,14,7,9,3,-1,-14,-3,-8,-3,27,15,15,1,thankyou
19.08459711074829,22,22,16,15,8,-3,-13,0,-13,-9,17,9,9,3,thankyou
19.08459711074829,20,23,20,12,5,-9,-13,0,-16,-7,15,18,4,8,thankyou
19.100093603134155,20,14,16,23,5,0,-6,-6,-9,-1,17,23,4,10,thankyou
19.100093603134155,11,10,17,39,18,16,15,3,2,2,6,10,0,10,thankyou
19.11547327041626,-5,-2,-2,22,17,17,27,12,18,12,-5,-8,-4,12,thankyou
19.11547327041626,-19,-18,-12,-10,-3,15,23,6,23,16,-19,-16,-15,7,thankyou
19.131213665008545,-19,-20,-19,-12,-11,15,27,0,16,8,-27,-15,-21,-1,thankyou
19.131213665008545,-11,-15,-14,-14,-4,5,24,1,14,1,-23,-7,-8,-2,thankyou
19.14640951156616,-2,-6,4,-24,0,1,4,7,26,7,0,11,10,8,thankyou
19.14640951156616,14,7,4,-3,7,0,-4,4,26,14,28,20,21,11,thankyou
19.16203022003174,20,16,7,15,7,-7,-11,0,4,3,24,13,11,-5,thankyou
19.16203022003174,2,11,-1,2,-1,-10,-16,0,-8,-10,4,0,-4,-18,thankyou
19.17713713645935,-1,6,-8,-2,0,0,-8,1,-10,-5,4,-2,-1,-8,thankyou
19.17713713645935,7,10,9,9,5,5,0,0,-19,1,11,-4,5,2,thankyou
19.194169282913208,0,8,7,19,2,0,-2,-3,-19,0,0,-12,0,0,sil
19.20924425125122,-11,-1,0,10,0,3,4,-5,-10,0,-19,-15,-3,-2,sil
19.20924425125122,-18,-18,-18,-17,-7,3,8,-6,-9,0,-23,-16,0,0,sil
19.225531339645386,-24,-28,-26,-37,-22,-11,-7,-6,-9,-4,-20,-20,-3,-3,sil
19.225531339645386,-12,-14,-2,-24,-23,-13,-17,-3,-4,-5,-12,-9,0,-4,sil
19.225531339645386,11,3,2,-9,-7,-4,-6,-3,1,-1,2,10,14,3,sil
19.24114155769348,20,5,5,-17,2,-8,-5,0,3,-2,14,22,13,1,sil
19.24114155769348,9,3,10,-14,0,-14,-17,5,4,-6,19,22,3,-12,sil
19.2562472820282,0,10,5,13,3,-7,-13,6,0,-8,18,14,-4,-14,sil
19.257248163223267,0,12,9,30,14,9,4,5,-9,-7,5,0,-18,-10,sil
19.271520614624023,-6,0,0,20,17,23,19,2,-12,-6,-13,-19,-27,-14,sil
19.271520614624023,-13,-7,-1,11,10,23,23,0,-7,-5,-24,-26,-19,-7,sil
19.287338256835938,-4,-3,1,18,5,15,25,-1,1,4,-18,-16,-5,10,sil
19.30146193504333,-1,-11,-8,5,0,0,15,0,10,9,-11,-11,0,19,sil
19.30146193504333,5,-18,0,-11,-8,-8,0,0,16,8,0,0,8,23,sil
19.317105531692505,27,1,2,4,-1,-11,-9,-1,21,14,25,24,28,27,sil
19.317105531692505,16,16,5,8,0,-15,-23,-5,4,-2,23,26,19,9,sil
19.332737922668457,-14,0,3,-23,-12,-20,-36,-4,-27,-34,-3,1,-15,-19,sil
19.332737922668457,-7,-6,-5,-23,-5,-9,-16,0,-25,-17,-5,0,-18,-18,sil
19.348859786987305,5,9,6,15,10,16,17,5,3,16,6,8,2,2,sil
19.348859786987305,-16,4,-7,19,7,25,24,0,7,12,-9,-14,-5,0,sil
19.36355352401733,-31,-17,-21,-9,-6,10,15,-2,-1,2,-30,-34,-22,-13,sil
19.36355352401733,-10,-10,-4,-16,-6,1,17,0,21,20,-10,-9,0,0,sil
19.37942934036255,7,0,-2,-7,-4,-1,10,0,38,25,16,14,24,13,sil
19.37942934036255,9,0,3,-7,-9,-11,-11,0,17,6,22,20,22,6,sil
19.39556622505188,13,9,9,-1,-1,-17,-21,3,3,0,24,24,18,0,sil
19.39556622505188,19,20,11,3,9,-14,-19,0,3,-3,20,21,13,-2,sil
19.41113781929016,20,16,15,1,4,-7,-20,-3,-10,-13,9,15,3,-4,sil
19.41113781929016,15,9,9,12,-1,-4,-18,-3,-25,-14,7,6,-2,0,sil
19.426316738128666,2,8,11,19,5,5,0,0,-25,-12,-6,-5,-14,1,sil
19.426316738128666,0,3,0,18,19,24,25,3,-9,0,-21,-11,-11,6,sil
19.44235849380493,3,-8,-8,9,13,32,38,0,2,16,-16,-14,0,18,sil
19.44235849380493,-13,-27,-10,-17,-8,17,24,-1,3,10,-19,-24,-10,7,sil
19.4578378200531,-30,-34,-26,-37,-17,-2,4,-2,2,-5,-25,-25,-13,-9,sil
19.4578378200531,-11,-6,-11,-23,-6,-10,-6,-2,0,-11,-5,-1,6,-4,sil
19.47347855567932,8,16,0,1,0,-17,-11,1,-2,-13,20,15,18,-3,sil
19.47347855567932,7,13,6,10,-4,-24,-19,7,-7,-11,25,17,8,-11,sil
19.48854732513428,-2,14,15,10,0,-11,-24,2,-8,-2,21,9,-1,-13,sil
19.48854732513428,-13,16,0,13,11,7,-12,-2,-6,0,10,-9,-10,-16,sil
19.5044059753418,-8,10,3,27,18,18,7,1,-5,1,-6,-18,-14,-11,sil
19.5044059753418,2,6,7,37,15,22,25,0,0,14,-7,-7,-1,9,sil
19.51993703842163,0,-2,-4,19,5,12,26,-2,11,14,-10,-3,0,12,sil
19.51993703842163,-6,-14,0,-3,-4,2,15,0,15,3,-21,-9,-10,0,sil
19.53533172607422,-2,-15,-3,-11,-4,1,4,-4,9,10,-9,-7,-2,1,sil
19.53533172607422,-2,-17,-7,-30,-8,-9,-14,-12,-7,3,-1,-1,0,-1,sil
19.55134677886963,-3,-23,-12,-50,-20,-23,-25,-4,-15,-19,-18,-4,-17,-11,sil
19.55134677886963,2,-15,-13,-36,-17,-18,-10,6,10,-17,-20,-3,-12,0,sil
19.5674216747284,8,-2,2,-18,-9,-4,-2,8,36,0,1,12,11,11,sil
19.5674216747284,12,0,5,-14,-8,-6,-8,0,30,3,17,23,23,4,sil
19.58294653892517,14,3,11,-2,-8,-7,-6,-2,1,-1,24,21,19,1,sil
19.58294653892517,0,12,7,7,-1,0,0,-2,-22,-8,21,11,7,3,sil
19.59887146949768,-10,8,-4,7,2,0,-2,-2,-32,-15,2,-4,-7,-2,sil
19.59887146949768,0,8,11,18,4,0,3,3,-24,-6,0,-1,-5,-5,sil
19.61350584030152,8,13,7,33,12,14,17,5,-6,19,18,10,10,9,sil
19.61350584030152,7,9,7,22,23,20,12,0,9,34,9,9,13,25,sil
19.62911629676819,14,9,15,21,21,13,-4,-3,15,24,-4,7,7,16,sil
19.62911629676819,18,17,0,31,9,0,-12,-3,4,6,9,15,9,3,sil
19.644789457321167,7,14,1,8,0,-13,-14,-4,-24,-10,15,15,6,0,sil
19.644789457321167,-12,-3,-6,-15,-1,-13,-13,0,-41,-27,-14,-10,-14,-14,sil
19.660478591918945,-23,-13,-15,-1,-2,6,7,4,-23,-21,-31,-35,-29,-20,sil
19.660478591918945,-17,-11,-9,8,-1,20,38,6,16,10,-13,-25,-8,0,sil
19.676459550857544,-10,-16,-20,-17,-7,7,32,1,37,23,0,-12,10,4,sil
19.676459550857544,-8,-16,-13,-33,-14,-8,-2,2,25,-6,-3,-11,-1,-15,sil
19.692073106765747,-7,-2,-2,-16,-6,-14,-19,0,11,-25,0,-2,-14,-21,sil
19.692073106765747,-8,5,0,-2,1,-7,-11,-1,5,-19,0,0,-14,-11,sil
19.70755648612976,-7,0,1,-2,1,11,2,3,3,-8,-10,-12,-13,-7,sil
19.70755648612976,-6,-7,-1,0,0,17,15,0,6,2,-20,-20,-11,-7,sil
19.723083019256592,-4,-9,3,-6,-3,3,8,-6,8,4,-22,-9,-9,-5,sil
19.723083019256592,2,-8,-3,-9,-3,-3,-3,0,14,10,0,10,9,8,sil
19.73910927772522,20,2,4,-3,2,-6,-13,3,12,17,31,28,29,22,sil
19.73910927772522,34,23,30,4,6,-14,-29,-2,-10,3,35,37,20,13,sil
19.755329370498657,31,26,24,21,9,-16,-36,-5,-35,-7,19,24,6,10,sil
19.755329370498657,14,13,13,28,6,-1,-13,-3,-30,11,9,2,6,20,sil
19.77058243751526,-5,0,-5,13,0,13,18,-2,-2,34,2,-8,7,10,sil
19.77058243751526,-14,-7,-11,2,0,19,29,0,13,25,-7,-6,5,0,sil
19.78611731529236,-9,-9,3,0,2,15,24,2,16,8,-11,-2,1,6,sil
19.78611731529236,0,-8,-7,-12,-1,-1,17,2,15,0,-7,-6,1,6,sil
19.801336765289307,0,-9,-9,-25,-10,-17,0,1,2,-17,-3,0,0,-6,sil
19.801336765289307,-7,-7,-7,-23,-14,-19,-11,0,-20,-38,4,9,0,-6,sil
19.817077159881592,-5,1,-7,-10,-11,-19,-6,1,-27,-36,10,3,-2,-10,sil
19.817077159881592,0,7,8,2,-6,-14,-7,1,-26,-27,3,-5,-15,-23,sil
19.83309841156006,-2,3,0,4,-6,-4,-15,0,-26,-23,-7,-11,-22,-14,sil
19.83309841156006,-4,2,0,9,0,7,-2,0,-10,-8,-7,-4,-15,5,sil
19.84834361076355,2,7,6,32,22,23,19,0,11,13,-1,3,-8,4,sil
19.864287614822388,2,4,-3,34,25,26,15,-2,17,21,-7,-6,-10,0,sil
19.864287614822388,-3,-4,-2,3,7,11,0,4,23,24,-14,-8,0,4,sil
19.864287614822388,-5,-6,-3,-6,2,0,0,4,36,37,2,7,22,11,sil
19.87986207008361,-2,-5,0,-6,0,-8,-1,-2,24,27,13,14,21,6,sil
19.87986207008361,0,-6,-5,-17,-8,-12,-10,-1,6,0,1,3,8,-2,sil
19.89546585083008,1,-2,-14,-21,-8,-6,-10,0,7,-6,0,5,6,-7,sil
19.89546585083008,-1,8,0,-13,-5,0,-9,-4,-1,-13,7,8,-3,-17,sil
19.911566495895386,-15,1,-6,-9,-12,-7,-13,-5,-22,-31,-6,-16,-26,-36,sil
19.911566495895386,-21,-10,-12,-8,-7,-2,-8,0,-25,-31,-23,-33,-28,-36,sil
19.927262783050537,-14,-3,3,1,6,16,10,8,-8,-3,-10,-16,-3,-9,sil
19.927262783050537,-2,0,7,11,8,19,22,7,2,11,0,-2,9,13,sil
19.94236969947815,6,-7,11,13,2,10,18,0,1,10,-2,0,3,20,sil
19.94236969947815,12,-5,2,10,0,4,12,-3,2,10,-1,0,4,25,sil
19.95754837989807,18,1,3,0,-1,0,3,-1,4,6,-2,9,10,29,sil
19.95754837989807,29,3,12,-14,-1,-3,-8,-2,7,1,3,25,19,28,sil
19.9745991230011,39,12,12,-5,0,-12,-14,-7,6,3,25,30,29,30,sil
19.9745991230011,35,28,21,11,2,-18,-15,-1,-10,0,33,25,19,30,sil
19.990628004074097,18,25,7,10,6,-15,-15,1,-17,-3,26,21,8,15,sil
19.990628004074097,0,8,0,4,3,-11,-17,0,-1,0,19,8,3,-6,sil
20.00430679321289,-13,-1,3,9,0,1,-4,3,0,3,0,-15,-13,-20,sil
20.01953077316284,-28,-10,-16,13,5,18,18,3,-9,3,-19,-34,-30,-22,sil
20.01953077316284,-34,-19,-17,5,9,21,30,0,0,1,-27,-29,-27,-26,sil
20.01953077316284,-29,-20,-11,-1,1,15,29,1,19,7,-20,-22,-12,-21,sil
20.03613471984864,-20,-19,-11,-10,-10,6,23,7,26,15,-11,-16,-1,-7,sil
20.05037426948548,-16,-16,-4,-20,-17,-8,11,7,22,9,-8,-8,1,-4,sil
20.05037426948548,-7,-9,-11,-22,-13,-22,-5,0,2,-11,-7,-2,1,-10,sil
20.065922021865845,6,6,0,-16,-4,-17,-24,-2,-17,-27,2,12,4,-11,sil
20.065922021865845,19,21,14,0,0,-10,-31,-2,-15,-22,16,26,6,-7,sil
20.08250069618225,18,20,13,4,0,-10,-25,-3,-19,-16,11,18,-1,-3,sil
20.08250069618225,5,13,14,1,3,0,-19,-4,-31,-20,-4,6,-12,-3,sil
20.08250069618225,0,8,2,19,6,13,-10,-6,-19,-10,-3,0,-5,2,sil
20.10313606262207,0,0,6,29,2,17,-2,-4,-8,13,3,0,4,17,sil
20.10313606262207,-1,-8,0,15,3,17,0,-4,-12,21,0,2,4,22,sil
20.112182140350345,0,-7,-13,7,11,16,16,-4,1,17,-9,-1,3,17,sil
20.12736558914185,4,-7,-4,1,14,16,38,5,30,30,-4,-5,11,18,sil
20.12736558914185,2,-10,-8,-9,8,8,39,11,40,39,5,0,22,16,sil
20.143474578857425,-1,-10,-9,-15,0,-6,18,3,37,18,5,7,19,5,sil
20.143474578857425,-7,-10,-10,-21,-7,-12,5,1,34,0,1,11,6,-5,sil
20.1587073802948,-6,-10,-13,-25,-11,-9,-3,6,26,-3,0,6,0,-13,sil
20.1587073802948,1,0,5,-17,-12,-12,-18,2,6,-16,-1,0,-3,-16,sil
20.174331665039062,4,9,4,-5,-10,-19,-21,-9,-12,-30,0,-8,-10,-16,sil
20.174331665039062,0,10,0,-6,-9,-17,-17,-14,-33,-38,-3,-10,-24,-20,sil
20.190390825271606,0,10,0,-4,-4,-9,-19,-5,-48,-40,-11,-14,-34,-23,sil
20.190390825271606,0,11,-1,5,2,-2,-23,1,-42,-26,-4,-14,-28,-15,sil
20.206517934799194,0,15,14,14,3,1,-21,0,-25,-2,11,0,-6,0,sil
20.206517934799194,4,15,13,24,10,5,-12,-4,-17,8,19,4,8,11,sil
20.22210383415222,7,9,11,29,18,12,1,0,-22,2,5,-3,1,11,sil
20.22210383415222,3,3,9,23,11,18,18,6,-10,5,-8,-5,0,9,sil
20.23751950263977,0,-3,-1,14,2,10,27,6,18,22,-7,0,8,18,sil
20.23751950263977,0,-14,4,3,5,10,31,10,38,37,1,1,16,22,sil
20.25317072868347,-6,-28,-7,-9,2,16,35,10,42,41,3,-2,19,10,sil
20.25317072868347,-20,-30,-17,-20,-11,5,23,0,27,26,-6,-13,10,-5,sil
20.26925730705261,-19,-13,-4,-16,-18,-5,2,-4,9,0,-15,-13,-1,-4,sil
20.26925730705261,2,1,0,-8,-8,-2,-1,0,8,-8,-2,6,7,8,sil
20.28427004814148,13,3,6,-14,-2,-1,0,0,12,-1,12,25,20,11,sil
20.28427004814148,5,0,0,-18,-10,-11,-8,-5,8,-1,5,16,15,5,sil
20.300068378448486,9,4,0,-11,-14,-17,-18,-4,1,-9,-3,9,3,5,sil
20.300068378448486,20,11,7,0,-4,-14,-24,-1,-6,-12,9,18,0,-1,sil
20.31617474555969,14,15,2,8,10,-12,-28,0,-8,-2,23,15,0,-12,sil
20.31617474555969,12,20,12,14,17,-4,-29,0,-19,-4,15,7,-6,-8,sil
20.33132791519165,11,18,5,22,13,0,-23,-3,-35,-19,8,5,-12,-1,sil
20.33132791519165,-1,7,-6,24,10,2,-6,-2,-21,-15,9,2,-8,-3,sil
20.34739708900452,-17,0,1,18,18,16,22,3,7,5,0,-6,-9,-7,sil
20.34739708900452,-26,-10,-12,16,14,27,41,4,12,6,-23,-22,-19,-13,sil
20.36349105834961,-26,-18,-16,5,-3,22,32,3,9,0,-39,-24,-20,-15,sil
20.36349105834961,-16,-21,-16,-18,-12,7,18,-2,24,10,-28,-14,-6,-6,sil
20.37911105155945,-4,-16,-15,-31,-9,-12,8,-3,20,10,-10,-5,2,-1,sil
20.37911105155945,2,-2,1,-25,-10,-19,0,4,4,0,1,7,10,0,sil
20.39452290534973,7,2,2,-23,-11,-14,-8,-1,0,-4,12,17,16,3,sil
20.39452290534973,6,0,7,-25,-11,-20,-23,-9,-18,-18,12,5,1,-1,sil
20.40940976142884,2,9,6,-5,-4,-20,-29,0,-36,-28,3,-3,-10,-9,sil
20.40940976142884,1,21,0,15,8,-2,-20,4,-28,-16,3,-2,-10,0,sil
20.425329446792603,3,14,12,15,13,11,-9,1,-20,-3,8,-9,-10,2,sil
20.425329446792603,3,4,6,17,10,16,2,2,-22,0,-5,-19,-9,0,sil
20.44062232971192,0,0,0,29,8,17,9,2,-18,1,-28,-16,-11,5,sil
20.44062232971192,-3,-9,-2,26,1,16,16,-1,0,16,-13,-10,-3,10,sil
20.4561574459076,-6,-18,-12,2,-4,7,27,-2,21,34,9,-5,17,11,thankyou
20.4561574459076,-9,-15,-1,-20,-3,2,21,4,32,26,-3,0,19,9,thankyou
20.47168231010437,-8,-12,0,-17,-3,-1,-3,6,34,8,-7,0,12,6,thankyou
20.47168231010437,3,-9,1,-7,-11,-11,-18,3,30,2,18,4,15,6,thankyou
20.48721432685852,4,-5,-1,-10,-16,-9,-11,0,22,4,23,16,15,5,thankyou
20.48721432685852,0,-4,-7,-12,-11,-3,2,0,16,10,11,17,14,7,thankyou
20.502870082855225,8,4,8,-5,0,-2,10,0,9,10,17,20,17,7,thankyou
20.502870082855225,17,17,7,1,1,-7,8,-3,-6,-6,17,16,1,-6,thankyou
20.518566370010376,13,20,8,0,-2,-5,0,-8,-26,-30,-1,8,-21,-16,thankyou
20.518566370010376,17,16,12,-2,0,-1,-2,-4,-30,-35,-5,7,-22,-6,thankyou
20.534162521362305,19,8,1,-3,4,-3,-8,0,-22,-27,0,4,-17,-1,thankyou
20.534162521362305,8,8,6,2,5,-1,-16,-1,-17,-21,-7,-4,-21,-9,thankyou
20.54953145980835,0,11,1,16,12,3,-9,1,-3,-8,-6,-2,-12,-1,thankyou
20.54953145980835,-3,8,2,23,23,13,1,7,14,16,7,8,6,15,thankyou
20.565062284469604,-6,6,4,26,26,20,6,3,21,33,11,6,18,16,thankyou
20.565062284469604,-13,0,-12,24,16,15,10,0,18,28,-1,-11,17,5,thankyou
20.58016562461853,-22,-18,-11,3,-3,7,11,1,18,26,-13,-21,9,1,thankyou
20.58016562461853,-18,-22,-7,-13,-14,0,10,1,26,34,-1,-11,18,0,thankyou
20.59534406661988,-5,-11,-5,-19,-9,-11,3,1,22,16,9,1,21,-7,thankyou
20.61206841468811,-7,-8,-8,-33,-8,-16,-13,0,-11,-22,-6,-2,-2,-27,thankyou
20.61206841468811,-17,-9,-15,-26,-7,-15,-18,-6,-33,-31,-15,-15,-16,-31,thankyou
20.61206841468811,-9,1,3,7,0,-9,-4,0,-21,-17,-2,-10,-7,-14,thankyou
20.627644777297974,0,3,4,18,-1,-3,-2,5,-17,-15,-2,0,-7,0,thankyou
20.627644777297974,0,0,2,5,-5,-4,-12,-3,-35,-24,-15,-4,-21,0,thankyou
20.645544290542603,4,0,12,6,-3,0,-4,-9,-36,-19,-21,-12,-23,0,thankyou
20.645544290542603,5,-7,0,5,-9,7,3,-5,-18,-4,-22,-14,-12,6,thankyou
20.657427072525024,5,-12,1,-4,-13,10,0,-3,1,6,-16,0,-10,12,thankyou
20.67299199104309,13,-2,4,2,0,11,6,0,24,23,0,14,0,19,thankyou
20.67299199104309,20,1,0,-1,3,2,12,5,28,27,9,18,15,22,thankyou
20.68981647491455,19,2,8,-16,-3,-5,5,6,19,11,13,19,15,18,thankyou
20.68981647491455,15,8,0,-13,0,-6,1,0,20,0,24,16,11,15,thankyou
20.68981647491455,6,7,-5,-13,0,-8,1,1,17,-2,25,9,11,3,thankyou
20.70432615280152,-3,5,-11,-22,-3,-6,4,1,9,-7,21,7,4,-10,thankyou
20.72039031982422,-8,12,-15,-14,0,2,10,0,6,-9,15,1,-10,-18,thankyou
20.72039031982422,-22,16,-1,5,10,7,1,1,-8,-18,-4,-19,-28,-35,thankyou
20.73641562461853,-38,6,-8,15,9,4,-8,3,-22,-23,-23,-38,-33,-41,thankyou
20.73641562461853,-29,0,-6,17,4,5,0,0,-19,-11,-17,-29,-18,-18,thankyou
20.73641562461853,-5,7,7,30,9,10,8,0,-19,0,0,-7,4,2,thankyou
20.75245404243469,3,3,9,33,6,10,0,1,-13,6,4,2,15,8,thankyou
20.75245404243469,6,-13,11,-2,-9,6,0,0,14,21,-5,8,16,19,thankyou
20.767486572265625,16,-21,3,-20,-11,0,4,0,35,30,-9,15,22,29,thankyou
20.78506875038147,26,-3,13,0,3,-7,-8,1,24,22,6,25,30,31,thankyou
20.78506875038147,30,11,18,7,6,-16,-19,-1,11,15,29,40,31,30,thankyou
20.80009293556213,37,13,9,-1,4,-18,-16,-11,-1,7,39,41,23,26,thankyou
20.80009293556213,35,17,22,8,8,-9,-21,-13,-29,-8,27,21,5,13,thankyou
20.814324378967285,3,3,8,10,9,0,-16,-9,-42,-20,-4,-13,-10,-4,thankyou
20.814324378967285,-26,-21,-10,-6,1,12,10,1,-17,-3,-28,-33,-13,-15,thankyou
20.83014488220215,-26,-22,-12,-7,0,20,34,14,24,30,-17,-29,0,-15,thankyou
20.83014488220215,-22,-16,-23,-5,1,7,27,6,36,27,-7,-24,6,-14,thankyou
20.84518313407898,-17,-17,-16,-21,-11,-12,5,0,18,-6,-11,-6,5,-12,thankyou
20.84518313407898,0,0,-9,-17,-20,-16,0,5,12,-16,3,17,8,-6,thankyou
20.86117124557495,1,14,1,-4,-6,-9,3,5,2,-27,3,11,-5,-16,thankyou
20.86117124557495,-23,-1,0,-10,2,-2,-1,-1,-23,-49,-23,-16,-35,-36,thankyou
20.8772714138031,-33,-14,-18,-2,-11,-1,-8,0,-24,-30,-26,-25,-41,-32,thankyou
20.8772714138031,-18,-6,-5,13,-21,2,-7,4,-8,0,-16,-15,-30,-6,thankyou
20.89338159561157,-4,-3,0,4,-6,11,-4,1,2,9,-15,-5,-16,12,thankyou
20.89338159561157,7,0,0,-8,5,5,-6,1,17,15,-2,3,1,19,thankyou
20.910447359085083,24,19,15,2,1,-8,-12,-1,18,9,16,20,15,22,thankyou
20.910447359085083,34,32,15,16,5,-14,-17,-8,-2,-5,31,32,17,22,thankyou
20.925503969192505,30,29,18,15,19,-5,-20,-9,-22,-8,37,32,10,13,thankyou
20.925503969192505,10,20,6,14,28,5,-10,-4,-25,0,18,11,0,2,thankyou
20.94027733802796,-7,5,-3,15,16,7,5,-3,-25,2,-7,-16,-14,-4,thankyou
20.94027733802796,-18,-8,-1,11,-4,6,13,-4,-23,1,-15,-26,-22,-19,thankyou
20.95746803283692,-25,-19,-21,-1,-8,14,22,0,-10,4,-23,-36,-24,-28,thankyou
20.95746803283692,-21,-20,-15,-13,0,23,33,7,12,19,-32,-40,-21,-15,thankyou
20.95746803283692,0,-14,0,-1,-1,18,34,7,32,26,-10,-22,2,6,thankyou
20.971645832061768,17,-14,0,-1,-7,4,23,1,30,13,8,2,25,15,thankyou
20.98770570755005,15,-13,-2,-24,-2,0,11,3,18,1,0,8,20,10,thankyou
20.98770570755005,3,-6,-4,-23,0,1,3,4,17,7,0,8,19,15,thankyou
21.003336429595947,5,0,10,0,-10,-2,-8,3,26,13,16,27,35,27,thankyou
21.003336429595947,10,-3,5,-11,-17,-18,-21,2,23,0,19,36,37,22,thankyou
21.018426656723022,14,-2,-1,-25,-13,-28,-26,-3,0,-17,9,25,17,9,thankyou
21.018426656723022,25,13,19,-1,-1,-21,-23,-8,-23,-19,14,25,8,10,thankyou
21.034578800201416,23,22,16,17,9,-15,-22,-9,-23,-9,24,26,17,12,thankyou
21.034578800201416,1,14,5,8,14,-14,-23,-8,-21,-15,16,9,9,-2,thankyou
21.05023217201233,-12,10,-5,5,14,-8,-16,-5,-24,-16,2,-6,-11,-22,thankyou
21.05023217201233,-16,8,-13,6,8,-2,-5,1,-16,-7,-2,-12,-19,-30,thankyou
21.06847071647644,-25,0,0,-2,0,2,6,9,-1,-6,-6,-13,-15,-26,sil
21.06847071647644,-28,-4,-4,4,3,11,20,9,11,2,-2,-14,-14,-12,sil
21.06847071647644,-14,1,-1,16,7,18,23,7,9,10,0,-13,-21,-8,sil
21.08168268203736,-5,5,3,9,4,17,16,7,5,3,1,-6,-19,-14,sil
21.09736943244934,-7,0,-9,-1,-1,7,10,3,1,-3,-2,-4,-9,-10,sil
21.09736943244934,-7,-1,-2,1,0,4,5,1,-3,-2,-10,-6,-8,1,sil
21.113454341888428,3,2,0,15,6,6,0,-1,-3,-2,-11,-7,-11,6,sil
21.113454341888428,8,0,2,11,-1,1,-12,-6,-11,-4,-17,-5,-15,1,sil
21.12927508354187,-1,-9,2,-2,-18,0,-10,-5,-18,-2,-32,-10,-18,0,sil
21.12927508354187,-1,-11,-6,-1,-12,7,7,-1,0,10,-27,-12,-7,8,sil
21.144837141036987,13,-6,6,9,2,5,9,0,9,19,-4,1,12,21,sil
21.144837141036987,18,-5,7,9,0,0,-4,-3,-1,16,9,11,24,30,sil
21.160378217697144,11,-6,1,0,-4,2,-7,-5,-1,14,7,1,19,25,sil
21.160378217697144,0,-7,-5,-13,0,6,0,-1,9,18,-2,-13,7,6,sil
21.17554545402527,-12,-13,-16,-18,0,-4,5,0,20,17,-7,-14,2,-3,sil
21.17554545402527,-13,-14,-8,-21,-11,-5,11,3,31,5,0,-1,6,-2,sil
21.191121101379395,-9,-10,-13,-23,-10,2,6,4,27,-8,0,-4,1,-15,sil
21.191121101379395,-13,-5,-14,-26,0,-1,0,0,6,-23,-6,-12,-15,-37,sil
21.2072172164917,-7,0,-2,-28,0,-12,7,2,1,-22,-1,3,-14,-29,sil
21.2072172164917,4,8,-5,-15,-7,-15,11,3,4,-13,7,14,3,-7,sil
21.22329068183899,9,15,5,1,-1,-13,-11,-2,-13,-21,12,19,5,-1,sil
21.22329068183899,16,22,17,13,9,-8,-17,-1,-18,-18,24,28,8,4,sil
21.239256381988525,26,26,22,19,10,-2,-2,4,-3,0,30,29,14,13,sil
21.239256381988525,25,20,23,25,9,1,-10,0,-10,1,22,19,8,9,sil
21.254233360290527,12,9,3,24,13,-3,-26,-8,-28,-10,17,8,5,6,sil
21.254233360290527,8,11,7,17,11,-3,-16,-4,-22,-5,12,7,9,6,sil
21.26951837539673,6,11,7,19,5,3,0,1,-10,3,7,4,5,5,sil
21.26951837539673,-2,0,0,18,4,7,1,1,-14,7,0,-4,-1,6,sil
21.28506183624268,-8,-2,10,12,3,9,6,-1,-7,14,-10,-9,0,6,sil
21.28506183624268,-8,-3,1,7,1,14,20,1,13,25,-5,-6,1,5,sil
21.30113840103149,-16,-14,-9,-2,1,16,24,11,20,28,0,-10,0,2,sil
21.30113840103149,-24,-19,-21,-14,0,10,18,7,8,15,-14,-20,-9,0,sil
21.31670403480529,-19,-16,-18,-18,-7,3,12,-1,5,1,-28,-17,-15,-3,sil
21.31670403480529,-7,-11,-1,-16,-13,0,6,4,18,5,-9,-7,-5,-1,sil
21.332274675369263,4,-4,-6,-7,-14,-10,-3,5,25,11,3,-5,6,4,sil
21.332274675369263,8,-1,0,-2,-11,-13,-9,-5,7,-1,-20,-11,-6,3,sil
21.347640991210938,-1,-10,-3,-11,-8,-8,-8,-8,-12,-18,-39,-19,-24,-6,sil
21.347640991210938,-2,-13,-12,-16,-6,-14,-15,-5,-17,-27,-19,-12,-16,-11,sil
21.36430716514588,7,3,5,-8,-3,-16,-26,-8,-16,-32,3,14,1,-8,sil
21.36430716514588,10,19,7,5,7,0,-20,-11,-16,-25,14,22,6,-8,sil
21.380027294158936,0,19,4,12,17,13,-4,-1,-17,-14,18,5,1,-12,sil
21.380027294158936,-11,10,1,14,17,19,9,4,-3,2,13,0,1,-10,sil
21.395081520080566,-10,3,-7,16,16,26,20,6,16,20,5,3,5,1,sil
21.395081520080566,-5,1,5,17,13,33,27,14,22,23,3,-1,9,9,sil
21.411073446273804,-17,-10,0,8,-1,20,32,12,17,20,0,-16,4,4,sil
21.411073446273804,-21,-29,-9,-17,-21,-3,15,-3,10,10,-14,-18,-8,0,sil
21.426167964935303,-6,-28,-6,-36,-27,-21,-6,-9,5,-3,-19,-9,-6,0,sil
21.426167964935303,5,-11,-7,-30,-21,-28,-15,-6,0,-10,-5,-3,2,-1,sil
21.441776037216187,16,0,5,-16,-14,-23,-20,0,-12,-13,7,10,-1,-2,sil
21.441776037216187,23,5,10,-9,-6,-14,-17,0,-15,-12,11,28,0,-2,sil
21.45745730400085,20,14,10,-7,2,-14,-5,-1,-2,-1,13,36,10,2,sil
21.45745730400085,23,21,10,1,5,-18,-7,-1,-2,2,21,32,12,13,sil
21.472992420196533,32,21,6,11,3,-15,-19,-2,-12,-2,23,23,10,14,sil
21.472992420196533,24,23,18,24,13,0,-13,0,-5,0,17,15,13,11,sil
21.48876190185547,7,25,8,40,29,23,9,6,18,24,24,10,19,16,sil
21.48876190185547,-3,9,-2,38,21,24,19,6,24,36,16,0,11,11,sil
21.5042417049408,-14,-9,-2,21,3,9,9,2,2,16,-14,-20,-7,-3,sil
21.5042417049408,-14,-6,-10,19,6,7,5,1,-10,-1,-18,-25,-14,-6,sil
21.51972222328186,-7,2,-2,15,13,17,13,1,-1,-1,-2,-15,-11,-5,sil
21.51972222328186,-18,-10,-6,-2,5,11,15,1,1,0,-12,-26,-15,-11,sil
21.53527593612671,-24,-19,-12,-13,-6,1,12,2,-2,-3,-27,-35,-11,-7,sil
21.53527593612671,-6,-12,-4,-16,-12,5,14,-1,6,1,-17,-12,6,1,sil
21.551140546798703,-4,-20,-16,-36,-16,-5,0,-9,10,-4,-14,-6,3,-7,sil
21.551140546798703,-19,-25,-14,-61,-24,-26,-25,-9,-16,-33,-26,-15,-23,-27,sil
21.5666732788086,-13,-1,-3,-43,-24,-21,-25,-3,-30,-44,-13,-9,-24,-25,sil
21.5666732788086,5,17,4,-3,-11,-5,-11,0,-22,-30,10,4,-3,-7,sil
21.58236265182495,14,19,20,16,5,1,-10,0,-17,-15,16,17,4,5,sil
21.58236265182495,18,18,15,33,17,8,-10,1,-3,4,18,26,9,20,sil
21.597546815872192,15,12,12,39,15,16,0,2,16,22,12,15,7,24,sil
21.597546815872192,0,-3,-1,21,7,15,4,0,17,14,-4,-3,-2,9,sil
21.61322546005249,-15,-14,-16,2,4,6,4,-3,11,2,-15,-8,-8,-2,sil
21.61322546005249,-21,-19,-10,-11,1,6,12,0,18,11,-16,-10,-1,-1,sil
21.6287488937378,-22,-26,-16,-28,-7,5,20,2,25,24,-13,-21,3,0,sil
21.6287488937378,-6,-15,-9,-30,-11,-8,11,3,18,14,-6,-8,1,0,sil
21.64451265335083,10,4,0,-14,-3,-15,1,1,7,7,10,23,7,2,sil
21.64451265335083,12,10,4,-8,0,-13,-1,1,-1,7,29,32,20,1,sil
21.659825801849365,10,12,22,-10,-4,-17,-12,1,-13,-3,29,23,18,-6,sil
21.659825801849365,14,18,18,5,0,-21,-16,0,-19,-8,19,17,6,-7,sil
21.67600679397583,15,17,11,23,5,-6,-11,-3,-26,-3,12,12,-4,-4,sil
21.691545486450195,17,15,8,31,7,12,-2,-1,-24,-1,9,6,-7,-5,sil
21.691545486450195,18,14,1,35,9,20,11,1,-12,0,6,3,0,5,sil
21.691545486450195,10,0,7,26,6,22,19,5,-6,8,-3,3,5,24,sil
21.70710825920105,0,-14,0,4,-4,12,11,0,0,8,-19,-6,0,22,sil
21.721259117126465,0,-12,-1,-7,-10,-1,-1,-3,17,7,-27,-9,-1,9,sil
21.721259117126465,6,-4,1,-4,-4,-1,-6,-1,31,12,-11,3,12,16,sil
21.736939430236816,7,-4,-10,-2,0,-2,-2,0,32,8,4,11,19,20,sil
21.736939430236816,-9,-5,-7,-10,-2,-10,0,0,21,-10,-1,-3,2,-5,sil
21.754539012908936,-27,-5,-16,-23,-9,-17,-4,-2,5,-27,-6,-27,-13,-32,sil
21.754539012908936,-22,-4,-20,-26,-8,-15,-4,0,-5,-26,1,-34,-18,-35,sil
21.754539012908936,-10,0,-3,-2,1,-2,2,2,-11,-20,11,-20,-16,-27,sil
21.767603635787964,-10,5,0,22,10,2,5,4,-10,-12,13,-10,-7,-18,sil
21.782742500305176,-12,9,2,17,12,6,0,4,-13,-5,2,-15,-11,-14,sil
21.782742500305176,-9,9,0,13,13,8,-3,0,-19,-1,-12,-18,-22,-10,sil
21.800780534744263,-5,3,5,25,14,4,-2,-5,-26,-1,-13,-9,-18,0,sil
21.800780534744263,-7,-1,14,17,11,9,2,-6,-25,1,-13,-1,-9,8,sil
21.814608335494995,-8,-11,-4,-12,0,15,5,-4,-12,3,-26,-8,-12,3,sil
21.814608335494995,1,-17,-5,-35,-9,8,0,1,9,8,-20,1,0,18,sil
21.830218076705933,21,-11,0,-29,-6,1,0,8,39,37,14,31,43,41,sil
21.830218076705933,34,1,7,-16,0,-4,-1,4,42,44,29,42,56,35,sil
21.846205711364743,30,5,11,-22,-6,-12,-16,-1,15,11,11,28,26,11,sil
21.846205711364743,9,-4,-4,-39,-13,-15,-26,-5,-1,-9,4,10,7,-1,sil
21.86123728752136,-5,-6,-2,-36,-13,-14,-18,-1,-12,-19,4,1,-4,-20,sil
21.86123728752136,-8,8,-1,-3,-8,-12,-2,0,-20,-30,2,-2,-21,-32,sil
21.87714648246765,-3,18,0,22,0,0,13,1,-9,-14,1,0,-20,-15,sil
21.87714648246765,-2,13,12,30,6,18,28,3,-2,5,0,-4,-12,0,sil
21.893159866333008,-13,2,-1,29,0,21,26,0,-21,-5,-12,-21,-17,-5,sil
21.893159866333008,-17,-4,-6,20,-6,17,13,-2,-19,-10,-27,-23,-24,-7,sil
21.90843415260315,-6,-8,-6,13,-1,10,10,4,13,8,-20,-8,-11,2,sil
21.90843415260315,-2,-9,-9,8,0,-6,3,3,20,7,0,1,7,8,sil
21.92444539070129,0,-6,6,1,-7,-15,-12,-3,4,-5,7,7,13,7,sil
21.92444539070129,16,0,7,11,-4,-12,-11,-3,20,10,17,22,20,15,sil
21.93949317932129,29,10,11,22,8,-8,-4,0,31,24,38,37,36,22,sil
21.93949317932129,20,15,10,14,11,-6,-7,0,11,8,41,32,36,16,sil
21.955363035202023,8,8,0,7,10,-6,-9,2,-7,-2,20,6,13,3,sil
21.955363035202023,3,2,4,10,14,3,0,0,-10,1,-3,-6,-6,-6,sil
21.971256017684937,-10,-4,-6,10,10,20,17,-1,-7,4,-20,-15,-11,-14,sil
21.971256017684937,-25,-16,-13,-8,1,17,24,-1,0,1,-27,-26,-15,-16,sil
21.986899614334103,-20,-20,-14,-28,-4,1,10,-1,5,0,-20,-24,-14,-10,sil
21.986899614334103,-2,-12,-14,-28,-8,-10,-2,0,7,-4,-6,-8,-4,-5,sil
22.002524375915527,6,2,5,-18,-8,-9,-7,8,5,-5,6,9,0,-2,sil
22.002524375915527,2,13,7,-6,0,-11,-13,2,-5,-4,14,11,-7,0,sil
22.018147945404053,-2,13,3,3,5,-9,-19,-6,-20,-11,3,-1,-19,-3,sil
22.018147945404053,-9,1,0,4,0,3,-10,-4,-25,-9,-13,-18,-19,-10,sil
22.034263610839844,-12,-9,-6,-9,-3,4,3,-1,-16,1,-19,-24,-7,0,sil
22.034263610839844,-3,-7,3,-21,-5,-5,-2,0,-8,1,-15,-16,1,14,sil
22.050134420394897,2,-1,-3,-17,-8,-13,-24,0,-9,-16,-5,-3,3,3,sil
22.050134420394897,3,4,-1,-11,-8,-8,-31,-4,-10,-28,3,10,0,-11,sil
22.06540870666504,10,19,11,0,3,2,-9,-1,1,-13,13,19,5,-1,sil
22.06540870666504,11,20,1,14,14,10,11,4,7,3,13,6,6,2,sil
22.080434799194336,-4,0,3,20,8,21,20,5,-1,3,0,-10,-6,-2,sil
22.080434799194336,-11,-10,0,18,2,30,32,1,6,12,-9,-11,-4,7,sil
22.096071481704712,2,-8,-4,15,4,21,33,0,25,29,-6,-1,10,15,sil
22.096071481704712,3,-12,2,5,0,6,19,0,27,26,0,3,16,5,sil
22.11758732795716,-5,-18,-6,-3,-11,-7,10,0,26,23,7,4,20,8,sil
22.118587255477905,0,-9,-3,-13,-19,-16,0,-1,27,19,8,11,22,8,sil
22.118587255477905,8,1,0,-11,-13,-11,-11,-2,16,1,5,15,16,-2,sil
22.12710309028625,7,4,0,-5,-6,-11,-11,1,-6,-19,7,10,1,-9,sil
22.14313292503357,7,6,7,-7,-5,-17,-10,-1,-25,-25,7,9,-9,-12,sil
22.14313292503357,9,8,0,-6,5,-13,-14,-9,-34,-23,0,12,-10,-11,sil
22.15861988067627,9,9,5,5,11,-3,-20,-5,-34,-26,-3,13,-16,-6,sil
22.15861988067627,2,9,0,17,0,0,-21,2,-18,-19,0,5,-19,-2,sil
22.1741590499878,-3,6,-3,12,0,0,-7,1,4,6,2,0,-7,0,sil
22.1741590499878,-4,1,9,6,15,5,12,3,9,20,-3,-4,0,4,sil
22.18995475769043,-7,1,1,12,19,11,18,3,2,9,-9,-12,-9,2,sil
22.18995475769043,-10,0,1,11,8,13,13,5,3,1,-9,-14,-16,0,sil
22.20515012741089,-8,-9,-2,3,0,8,12,7,11,14,-8,-12,-17,3,sil
22.20515012741089,-7,-10,-9,6,2,5,10,1,8,23,-12,-17,-8,10,sil
22.22024631500244,-7,-2,0,2,0,9,9,0,6,16,-7,-14,12,11,sil
22.22024631500244,-6,-10,-9,-14,-11,2,16,0,22,12,2,-4,27,10,sil
22.236342430114743,-5,-18,-8,-13,-18,-9,13,-1,23,9,-9,-6,15,4,sil
22.236342430114743,-1,-4,-4,-5,-7,-2,-1,-1,14,4,-19,-10,6,2,sil
22.25149965286255,6,8,-8,-13,0,0,-14,1,13,-2,7,2,15,9,sil
22.25149965286255,14,10,10,-17,-3,-14,-25,-4,-5,-16,27,20,13,0,sil
22.26750946044922,12,5,11,-9,-5,-25,-32,-13,-32,-23,18,18,1,-18,thankyou
22.26750946044922,8,6,5,-6,-2,-17,-29,-5,-34,-25,11,12,-3,-13,thankyou
22.283615350723267,4,11,1,0,5,-3,-17,0,-28,-25,17,14,-3,-10,thankyou
22.283615350723267,1,13,-2,8,12,2,-4,0,-25,-16,24,9,0,-20,thankyou
22.29916405677796,5,15,9,7,12,6,3,2,-11,-7,23,5,0,-12,thankyou
22.29916405677796,2,6,3,16,11,15,13,1,2,1,11,4,0,1,thankyou
22.31425642967224,-7,-11,0,14,10,22,25,0,7,18,2,4,9,8,thankyou
22.31425642967224,-8,-17,0,4,6,15,29,5,12,27,3,0,12,15,thankyou
22.330090045928955,-9,-13,-10,5,-3,0,19,2,11,18,-8,-18,-4,13,thankyou
22.330090045928955,-12,-12,-2,0,-9,-1,7,-3,6,4,-30,-26,-17,0,thankyou
22.346222400665283,-6,-11,-3,-13,-7,0,0,-2,9,-2,-25,-11,-10,-1,thankyou
22.346222400665283,0,-9,-9,-26,-19,-11,-12,-3,0,-5,-14,-8,-11,-2,thankyou
22.3623731136322,-6,-10,-12,-38,-26,-21,-29,-4,-18,-22,-29,-23,-24,-20,thankyou
22.378849267959595,-1,0,-9,-25,0,-19,-31,0,-19,-38,-37,-14,-23,-26,thankyou
22.378849267959595,21,23,20,13,13,-7,-15,4,-3,-13,1,17,0,1,thankyou
22.378849267959595,31,31,25,33,0,2,0,7,11,28,46,36,25,29,thankyou
22.39140558242798,14,19,12,22,4,12,2,6,15,22,23,24,13,20,thankyou
22.40753483772278,-8,1,4,10,15,21,6,0,10,1,-25,-1,-14,2,thankyou
22.40753483772278,-21,-15,-14,10,-5,17,16,-3,5,12,-27,-20,-14,4,thankyou
22.42332673072815,-21,-12,-6,15,-14,13,23,3,12,23,-13,-13,-4,7,thankyou
22.42332673072815,-15,0,-2,21,3,20,35,6,26,17,-19,-5,-4,6,thankyou
22.42332673072815,-5,-7,-6,8,2,13,33,-1,17,2,-24,-11,-4,3,thankyou
22.437525749206543,3,-14,0,-11,-3,-2,11,-3,8,0,-13,-6,8,0,thankyou
22.453118562698364,12,1,-5,-9,7,-10,4,-1,21,13,11,10,29,0,thankyou
22.453118562698364,19,8,2,-6,2,-15,1,0,21,8,30,17,26,2,thankyou
22.46816658973694,20,-3,1,-17,-7,-23,-15,0,4,-11,27,12,12,1,thankyou
22.46816658973694,13,-2,-4,-21,-1,-24,-29,0,-8,-13,20,15,11,2,thankyou
22.48421621322632,3,18,11,-8,4,-18,-26,-3,-30,-16,25,18,4,-3,thankyou
22.48421621322632,1,19,10,4,6,-15,-23,-7,-44,-29,29,8,-8,-12,thankyou
22.49946117401123,0,7,6,3,9,-5,-26,-5,-35,-26,24,1,-10,-12,thankyou
22.49946117401123,-11,2,-2,0,8,5,-25,-2,-32,-14,12,-1,-5,-18,thankyou
22.515161991119385,-19,0,-12,0,3,7,-12,-4,-41,-12,-3,-12,-8,-25,thankyou
22.515161991119385,-18,-10,-5,3,0,13,5,-1,-27,-7,-8,-16,-8,-14,thankyou
22.531188249588013,-22,-16,-11,0,2,23,19,5,0,7,-4,-18,-1,-4,thankyou
22.531188249588013,-25,-17,-15,-4,0,13,21,7,10,17,-7,-23,2,-6,thankyou
22.546913146972656,-16,-17,-10,0,-4,3,18,9,17,23,-8,-14,7,0,thankyou
22.546913146972656,0,-10,0,5,0,11,19,8,36,27,-1,0,16,17,thankyou
22.56261658668518,22,5,15,5,0,9,17,4,40,26,3,12,22,28,thankyou
22.56261658668518,28,2,5,0,-10,-7,6,-1,27,23,-1,11,17,28,thankyou
22.57822346687317,18,-10,6,-11,-19,-11,-5,-5,12,4,-20,4,-2,19,thankyou
22.57822346687317,14,-1,8,-14,-9,-5,-6,-3,11,-6,-14,6,-6,12,thankyou
22.593652963638306,22,14,-4,-15,-3,-12,-8,-2,6,-5,7,15,1,8,thankyou
22.593652963638306,23,19,10,-12,-8,-22,-23,-5,-21,-23,1,16,-9,-8,thankyou
22.60953187942505,16,22,19,16,2,-8,-25,-2,-38,-44,-8,8,-25,-16,thankyou
22.60953187942505,10,23,17,40,20,13,-7,5,-18,-20,-3,3,-21,0,thankyou
22.62508130073548,-5,8,4,26,12,13,9,2,2,13,-4,-9,-15,2,thankyou
22.62508130073548,-24,-10,-16,3,0,4,15,-3,4,10,-11,-20,-20,-10,thankyou
22.64109826087952,-28,-9,-11,2,4,15,19,0,4,6,-11,-13,-15,-6,thankyou
22.64109826087952,-26,-2,-14,12,12,23,30,2,12,24,-6,-13,-13,0,thankyou
22.65624451637268,-28,-14,-15,3,-1,8,20,6,11,18,-12,-22,-32,-13,thankyou
22.65624451637268,-27,-23,-11,-24,-21,-8,-6,4,5,-10,-18,-14,-34,-24,thankyou
22.67187142372132,-14,-11,-12,-34,-12,-18,-15,-2,11,-12,-7,1,-18,-17,thankyou
22.67187142372132,2,3,4,-23,1,-17,-9,-2,13,-4,4,10,-19,-8,thankyou
22.68744134902954,11,0,2,-19,-7,-15,-12,-1,0,-13,12,16,27,0,thankyou
22.68744134902954,15,2,6,-11,-11,-16,-16,-3,-16,-21,21,23,124,7,thankyou
22.70300579071045,16,14,20,6,6,-4,-4,0,-20,-18,22,19,131,10,thankyou
22.70300579071045,7,7,5,14,12,9,1,3,-18,-7,12,-1,32,7,thankyou
22.718137502670288,8,4,9,20,6,9,0,2,-19,3,6,-6,-27,11,thankyou
22.718137502670288,20,14,13,41,14,10,5,0,-11,12,6,3,-15,23,thankyou
22.73476767539978,20,7,3,38,19,18,14,-3,-2,14,0,3,-10,25,thankyou
22.73476767539978,8,-5,4,14,9,11,8,-1,4,24,-3,0,-13,14,thankyou
22.75052070617676,0,-11,-5,0,-1,-4,0,-3,14,34,5,0,-4,1,thankyou
22.75052070617676,-4,-14,-7,-16,-8,-4,-2,-8,18,21,1,0,-1,0,thankyou
22.76609349250793,-8,-14,-17,-27,-6,3,2,-3,21,5,-8,-5,-4,-1,thankyou
22.76609349250793,-19,-11,-23,-29,-7,0,4,4,21,0,-10,-11,-12,-18,thankyou
22.782187938690186,-23,-5,-4,-30,-12,-9,0,7,17,-5,-2,-4,-22,-27,thankyou
22.782187938690186,-8,0,-3,-23,-8,-13,-1,4,17,-6,12,1,-13,-10,thankyou
22.79770064353943,0,2,-5,-17,-4,-18,-12,1,1,-20,15,-1,-8,-10,thankyou
22.79770064353943,-2,4,-8,-10,-9,-20,-34,-1,-25,-38,4,-3,-16,-28,thankyou
22.813374042510983,3,12,0,14,-2,-8,-36,1,-28,-21,8,7,-10,-17,thankyou
22.813374042510983,13,22,26,32,12,9,-16,7,-17,-4,8,10,-7,1,thankyou
22.829099416732788,10,16,17,31,15,14,-1,-2,-25,-14,-9,-4,-17,5,thankyou
22.829099416732788,14,15,14,32,10,13,6,-9,-32,-7,-9,-2,-11,18,thankyou
22.84474444389344,17,18,18,32,12,20,22,-1,-23,16,4,11,8,31,thankyou
22.84474444389344,3,1,5,14,9,19,33,3,-8,15,-7,2,8,21,thankyou
22.860322952270508,-3,-14,4,-4,0,14,34,2,13,13,-23,-7,3,13,thankyou
22.860322952270508,-3,-12,-3,-5,0,16,37,3,41,34,-13,-11,14,17,thankyou
24.10554599761963,1,-10,-4,-19,-8,-17,-22,-2,-4,-3,-10,0,2,9,thankyou
24.10554599761963,0,-8,-6,-28,-9,-20,-17,-6,-6,-5,8,11,13,3,thankyou
24.128154516220093,12,7,5,-5,-13,-18,-9,-4,1,-2,17,17,16,-2,thankyou
24.128154516220093,8,2,0,-1,-17,-27,-17,3,1,-6,16,6,4,-10,thankyou
24.128154516220093,-1,-4,-3,-17,-8,-20,-24,4,-5,-16,12,6,-3,-11,thankyou
24.137186765670776,5,2,-5,-11,3,1,-12,-2,-2,-15,17,17,0,-5,thankyou
24.152449369430546,10,7,11,3,6,2,-9,0,5,-3,19,17,-1,-5,thankyou
24.152449369430546,8,10,20,8,9,0,-12,0,2,0,15,12,-8,-11,thankyou
24.16750884056092,9,14,1,13,16,11,1,-1,2,0,16,4,-1,-10,thankyou
24.16750884056092,4,9,5,15,15,12,12,2,0,3,10,0,0,-2,thankyou
24.18315315246582,-1,11,2,20,15,3,3,1,-6,5,13,4,4,5,thankyou
24.18315315246582,0,18,2,31,21,5,0,-2,-5,5,22,9,13,11,thankyou
24.19830632209778,-6,4,7,22,14,10,9,4,-5,1,0,-6,1,4,thankyou
24.19830632209778,-25,-21,-12,0,-1,4,16,5,-14,-5,-37,-33,-20,-9,thankyou
24.21434116363525,-24,-23,-9,-10,-10,7,23,-3,-11,-5,-40,-29,-17,-8,thankyou
24.21434116363525,-11,-11,-5,-7,-8,11,31,-5,5,13,-22,-8,6,12,thankyou
24.22947120666504,-6,-14,-9,-11,-11,-2,23,2,10,24,-15,-3,15,22,thankyou
24.22947120666504,-2,-16,0,-18,-18,-7,7,5,5,7,-20,-6,4,11,thankyou
24.24515175819397,0,-8,-4,-13,-18,0,1,-3,5,-13,-25,-9,-6,1,thankyou
24.24515175819397,-1,-4,-6,-17,-16,-6,-8,-4,8,-17,-19,-5,-6,-4,thankyou
24.26117205619812,1,-1,-3,-30,-16,-16,-22,1,5,-10,3,8,5,-11,thankyou
24.26117205619812,12,1,0,-25,-7,-15,-26,-1,-8,-15,17,20,2,-11,thankyou
24.275434255599976,9,4,10,-2,-4,-12,-34,-8,-24,-24,10,11,-18,-13,thankyou
24.291139602661133,2,9,6,10,-1,-4,-29,-3,-15,-10,10,2,-15,-15,thankyou
24.291139602661133,10,18,12,21,21,18,2,7,2,16,21,13,4,5,thankyou
24.292142868041992,12,14,13,36,33,31,28,4,4,23,16,10,5,25,thankyou
24.30726194381714,4,0,1,29,10,15,15,-6,3,11,-1,-6,-2,9,thankyou
24.30726194381714,6,-4,0,1,0,-5,0,-5,11,4,0,-5,6,-1,thankyou
24.32271337509156,9,0,-5,-9,8,-16,0,1,14,7,16,3,18,8,thankyou
24.33792781829834,10,7,0,-6,6,-12,-5,0,6,2,19,10,15,4,thankyou
24.33792781829834,9,19,0,3,0,-4,-10,0,3,0,24,22,15,-7,thankyou
24.35509395599365,2,22,1,25,10,1,-3,3,0,5,24,13,10,-2,thankyou
24.35540199279785,-8,7,8,24,13,10,5,6,-7,2,-9,-17,-16,-5,thankyou
24.370194673538208,-19,-13,-14,-5,-1,14,15,1,-4,-3,-34,-33,-29,-14,thankyou
24.370194673538208,-17,-16,-16,-15,-15,5,14,1,4,-1,-18,-20,-12,-4,thankyou
24.370194673538208,-12,-12,-7,-6,-14,-4,2,2,11,1,-5,-7,1,10,thankyou
24.385115385055546,-13,-21,-20,-26,-14,-16,-9,-1,4,-6,-19,-9,0,0,thankyou
24.40255641937256,-10,-11,-6,-32,-13,-20,-19,-2,-21,-26,-20,-4,-11,-21,thankyou
24.40255641937256,-5,5,2,0,-2,-2,-12,0,-38,-33,-2,-1,-15,-22,thankyou
24.40255641937256,-12,-5,0,2,1,19,10,0,-22,-7,-3,-8,-10,-1,thankyou
24.416239500045776,-20,-15,0,-8,2,22,24,2,2,22,-17,-14,-1,10,thankyou
24.416239500045776,-12,-4,-5,5,6,6,16,2,12,20,-19,-10,1,9,thankyou
24.432653427124023,5,-1,5,2,-2,-4,6,0,13,4,-6,4,3,11,thankyou
24.432653427124023,27,3,9,-2,-5,-4,6,0,19,13,18,20,19,22,thankyou
24.448517560958862,34,15,14,11,6,-4,5,3,18,20,33,30,34,27,thankyou
24.463533878326416,20,6,15,5,6,-6,0,0,8,4,24,29,28,20,thankyou
24.463533878326416,12,-3,3,-9,0,-5,-11,-5,0,-1,13,18,12,7,thankyou
24.47909092903137,16,10,13,-3,2,-1,-17,-2,0,0,13,10,2,-6,thankyou
24.47909092903137,15,19,10,3,5,-3,-12,1,6,0,22,6,7,-11,thankyou
24.49423456192017,4,12,2,1,1,-10,-12,-3,7,0,21,5,9,-8,thankyou
24.49423456192017,-10,5,5,0,0,-9,-22,-5,-8,-9,2,0,-7,-14,thankyou
24.51008176803589,-19,-1,-5,2,1,0,-18,-3,-16,-16,-8,-11,-20,-19,thankyou
24.51008176803589,-13,0,-3,12,0,8,-1,-1,-11,-6,-4,-16,-17,-17,thankyou
24.5256462097168,-12,4,-7,19,0,9,9,0,-5,5,-3,-15,-15,-14,thankyou
24.5256462097168,-18,-10,-15,4,-6,8,14,5,-10,-7,-18,-21,-19,-9,thankyou
24.54124426841736,-8,-19,-3,-4,-7,11,19,5,-10,-15,-23,-12,-11,0,thankyou
24.54124426841736,10,0,-4,11,0,10,21,-3,2,0,-12,4,-1,11,thankyou
24.5565037727356,16,10,1,18,1,7,11,-3,9,9,-10,3,-2,13,thankyou
24.5565037727356,8,-6,-1,0,-4,2,0,3,5,5,-13,-5,0,14,thankyou
24.571714878082275,0,-17,-13,-15,-4,-6,-4,1,3,-4,-10,0,0,10,thankyou
24.571714878082275,-1,-1,-7,-13,0,-7,0,0,10,0,-6,10,6,1,thankyou
24.587257862091064,4,2,-4,-5,-2,-6,1,5,18,15,6,11,23,2,thankyou
24.587257862091064,5,-3,2,-14,-4,-17,-14,2,4,2,16,14,17,0,thankyou
24.60240793228149,-4,-1,-1,-23,0,-21,-17,-4,-14,-24,9,15,-7,-13,thankyou
24.60240793228149,-14,-1,-11,-13,2,-5,-2,0,-13,-18,-1,0,-19,-20,thankyou
24.618529081344604,-17,-4,-2,0,0,11,0,3,-18,-4,-6,-18,-24,-13,thankyou
24.618529081344604,-12,0,0,9,12,16,2,-4,-23,-2,0,-13,-22,-5,thankyou
24.63417196273804,0,9,11,17,21,16,13,-2,-7,5,4,0,-6,2,thankyou
24.63417196273804,3,8,16,19,9,12,10,6,4,16,-1,-2,6,3,thankyou
24.64929699897766,-1,4,6,16,0,6,3,2,-1,15,-10,-13,7,1,thankyou
24.64929699897766,0,0,4,9,0,9,9,0,1,20,-4,-14,10,12,thankyou
24.665583610534668,6,-1,-6,-1,-4,1,7,0,19,30,7,-11,21,22,thankyou
24.665583610534668,16,2,3,-10,-7,-17,-12,-2,22,18,16,0,29,21,thankyou
24.680663347244263,15,8,15,-5,0,-17,-17,-5,21,7,18,17,26,17,thankyou
24.680663347244263,11,3,-2,-8,0,-4,-3,-3,21,5,4,3,12,15,thankyou
24.695831060409542,10,-2,-4,-25,-10,-5,-5,2,7,-11,-1,-9,6,6,thankyou
24.695831060409542,0,-7,-9,-27,-18,-12,-10,4,-6,-28,14,0,8,-8,thankyou
24.711652755737305,-8,-5,-7,-13,-8,-6,1,0,-7,-21,13,6,-4,-23,thankyou
24.711652755737305,-2,0,2,-3,6,1,11,0,-2,-12,0,1,-17,-20,thankyou
24.727394104003903,-5,-2,-3,-3,3,-1,-1,1,-3,-16,0,1,-17,-14,thankyou
24.727394104003903,-14,0,4,5,0,1,-12,2,-7,-10,0,7,-18,-18,thankyou
24.743483543396,-11,7,3,25,9,13,-5,0,-6,0,-5,3,-18,-18,thankyou
24.743483543396,-7,3,0,31,3,6,1,-3,-15,-2,-10,-5,-17,-7,thankyou
24.758129596710205,-7,-6,4,22,-9,1,9,-5,-20,-8,-20,-6,-16,0,thankyou
24.758129596710205,-5,-13,-2,6,-5,14,21,-1,-1,0,-26,1,-5,9,thankyou
24.77441501617432,-3,-12,0,-4,0,20,25,3,11,10,-20,5,3,13,thankyou
24.77441501617432,3,-2,-6,6,0,9,20,-1,8,18,-6,3,10,15,thankyou
24.790196418762207,17,4,-4,15,0,0,7,-6,15,25,9,14,24,25,thankyou
24.790196418762207,22,2,9,-6,2,-8,-14,3,16,18,15,26,29,19,thankyou
24.805570602416992,12,0,-2,-24,1,-21,-35,2,-5,-5,9,14,11,-6,thankyou
24.805887937545776,5,6,-2,-14,-3,-23,-39,-7,-21,-18,13,7,0,-15,thankyou
0.010014533996582,2,-10,-8,-9,8,6,11,0,19,30,15,8,5,14,thankyou
0.0250401496887207,9,-7,19,-19,-1,0,4,3,9,15,9,15,-2,7,thankyou
0.0250401496887207,6,0,12,-9,-7,-5,-1,0,9,4,-1,9,-2,7,thankyou
0.0409843921661376,13,0,14,-9,-3,-8,-2,1,5,4,-4,26,0,11,thankyou
0.0409843921661376,18,-5,10,-15,-6,-7,-6,1,3,1,0,25,7,9,thankyou
0.0560352802276611,7,-8,5,-22,-13,-4,0,-3,6,-2,-3,5,6,0,thankyou
0.0560352802276611,0,-2,10,-25,-6,-3,6,-1,5,0,-2,11,5,0,thankyou
0.072131872177124,11,6,10,-12,13,-8,1,4,3,12,15,30,12,9,thankyou
0.072131872177124,23,13,21,4,20,-5,1,6,-3,7,22,31,9,12,thankyou
0.0882174968719482,10,10,15,6,1,-3,0,-2,-13,-17,-1,10,-7,-6,thankyou
0.0882174968719482,-5,2,0,-5,-8,-5,-10,-5,-13,-24,-18,-8,-23,-22,thankyou
0.102851390838623,-5,0,7,-8,0,3,-8,-1,-13,-9,-12,-8,-29,-14,thankyou
0.102851390838623,-9,5,1,7,4,7,-6,-4,-23,-18,-16,-17,-33,-15,thankyou
0.118427038192749,-12,8,-8,23,4,1,-4,-3,-24,-35,-21,-21,-33,-22,thankyou
0.118427038192749,-5,1,-9,26,6,13,14,1,0,-10,-6,-10,-10,-8,thankyou
0.1341784000396728,-2,-7,-16,12,-5,22,22,2,16,17,0,-5,14,11,thankyou
0.1341784000396728,-2,-9,-16,-2,-15,4,7,5,14,14,-6,-5,22,21,thankyou
0.1493611335754394,8,-3,-9,0,0,-8,0,5,24,18,5,5,32,23,thankyou
0.1493611335754394,19,1,4,4,9,-9,0,0,32,28,19,16,39,17,thankyou
0.1649386882781982,6,8,6,0,4,-17,-8,-4,10,8,14,10,25,0,thankyou
0.1649386882781982,-16,3,-3,-1,0,-15,-8,-2,-19,-11,2,-5,3,-13,thankyou
0.180469274520874,-27,-12,-11,-4,-4,5,4,5,-19,4,-4,-19,-6,-13,thankyou
0.180469274520874,-23,-21,-19,-10,-4,15,13,1,2,24,-5,-28,-2,-4,thankyou
0.1962771415710449,-7,-15,-4,-15,-1,6,7,-2,15,16,-1,-14,5,3,thankyou
0.1962771415710449,9,-5,5,-19,-6,0,-4,-1,10,2,4,10,12,4,thankyou
0.2118465900421142,11,1,-3,-18,-10,-10,-18,-4,-4,-11,9,8,4,-5,thankyou
0.2118465900421142,3,6,8,-10,-5,-22,-29,-2,-17,-31,12,3,-9,-9,thankyou
0.2269647121429443,6,15,10,2,3,-19,-21,0,-16,-28,11,5,-12,-5,thankyou
0.2269647121429443,5,24,0,16,10,-3,-10,2,-20,-23,2,-2,-14,-8,thankyou
0.2430095672607422,-3,22,3,22,15,10,-2,-2,-20,-21,0,-6,-14,-14,thankyou
0.2430095672607422,0,12,14,24,11,11,0,-5,-5,-6,12,5,-2,-5,thankyou
0.2591121196746826,3,7,17,22,2,4,-7,-2,-3,3,4,4,-3,3,thankyou
0.2591121196746826,-7,2,-3,18,0,7,-3,0,-9,4,-18,-10,-18,-4,thankyou
0.2753562927246094,-4,1,0,13,-1,17,19,0,0,15,-18,-4,-13,0,thankyou
0.2753562927246094,7,-3,9,7,1,21,27,0,12,27,0,13,3,19,thankyou
0.2909364700317383,3,-12,-6,-1,5,14,12,-3,8,21,-3,6,0,16,thankyou
0.2909364700317383,0,-12,-3,-8,1,10,6,-1,12,14,-18,-1,-4,11,thankyou
0.3068625926971435,5,-11,0,-6,-2,13,18,4,24,15,-7,3,5,19,thankyou
0.3068625926971435,1,-16,-6,-15,-5,0,16,6,14,3,1,4,5,14,thankyou
0.3228962421417236,-5,-17,-7,-30,-13,-22,4,7,-2,-15,-8,-2,-3,-6,thankyou
0.3228962421417236,-7,-18,-10,-29,-21,-31,-1,2,0,-17,-12,-4,1,-8,thankyou
0.3391141891479492,-3,-20,-5,-18,-23,-19,0,4,8,-10,-4,0,9,3,thankyou
0.3391141891479492,-3,-12,-5,-17,-15,-6,0,4,8,-5,-5,-5,3,-2,thankyou
0.354191780090332,-2,1,-2,-20,-1,-6,-4,0,3,-4,-6,-11,0,-18,thankyou
0.354191780090332,7,8,6,-7,7,-6,-17,-4,3,1,12,5,10,-10,thankyou
0.370281457901001,10,15,5,6,14,3,-10,0,10,8,33,21,18,3,thankyou
0.370281457901001,0,24,10,9,18,9,1,7,2,-1,26,17,8,0,thankyou
0.3858914375305176,5,26,8,18,18,0,-5,-2,-7,-6,14,8,-2,-5,thankyou
0.4009401798248291,15,19,7,23,11,-8,-20,-13,-14,1,17,8,1,0,thankyou
0.4009401798248291,2,15,13,19,4,-1,-17,-5,-24,1,18,6,9,-1,thankyou
0.4009401798248291,0,15,2,26,6,6,1,1,-16,-1,11,4,8,-1,thankyou
0.4161336421966553,8,10,5,27,14,15,10,-1,0,4,0,6,0,10,thankyou
0.4161336421966553,4,4,3,16,13,15,2,-1,-3,6,-17,-3,-7,8,thankyou
0.4322829246520996,-7,0,-11,7,1,6,0,1,-15,3,-25,-20,-10,-6,thankyou
0.4322829246520996,-19,-7,-17,1,-2,11,18,3,-3,7,-24,-23,-15,-9,thankyou
0.4478182792663574,-29,-20,-28,-14,-7,13,29,2,6,4,-35,-29,-27,-9,thankyou
0.4478182792663574,-16,-25,-15,-28,-18,0,12,0,3,-10,-48,-34,-26,-6,thankyou
0.4622197151184082,-3,-18,-5,-20,-21,-1,0,-2,6,-7,-25,-24,-3,2,thankyou
0.4773716926574707,-4,-15,-3,-10,-16,-2,0,1,19,17,13,-5,12,10,thankyou
0.4773716926574707,0,-12,5,-13,-15,-7,-2,7,23,19,24,7,17,18,thankyou
0.493065595626831,10,-3,0,-7,-4,-9,-14,-1,9,-3,12,10,17,14,sil
0.493065595626831,10,-2,0,0,3,-17,-26,-9,-5,-15,7,11,4,-1,sil
0.5088460445404053,10,-8,8,-2,-4,-23,-26,-3,-4,-14,13,17,-5,-4,sil
0.5088460445404053,15,0,13,-2,-9,-17,-16,-1,-4,-20,17,22,0,1,sil
0.5240218639373779,16,10,16,-7,0,-12,-12,-2,-18,-20,13,22,2,-2,sil
0.5240218639373779,7,6,2,-5,6,-11,-10,-2,-15,-3,16,11,0,-8,sil
0.5395522117614746,2,11,8,15,10,0,-4,2,-5,0,23,11,3,-2,sil
0.5395522117614746,2,23,14,20,15,9,-2,3,-9,-4,14,16,9,-4,sil
0.5548415184020996,-4,10,-3,0,5,6,-1,0,-19,-8,-4,0,-1,-15,sil
0.5548415184020996,-15,0,-2,2,-1,12,5,1,-19,-8,-9,-16,-20,-15,sil
0.5704147815704346,-15,7,-5,22,13,27,21,4,-7,1,-7,-13,-17,-8,sil
0.5704147815704346,-8,4,-1,9,16,24,30,5,6,17,-18,-8,-3,0,sil
0.586113691329956,-9,-2,4,-3,3,22,32,3,21,29,-14,-7,4,7,sil
0.586113691329956,-15,-2,-6,2,2,23,29,1,27,32,0,-10,9,9,sil
0.6011602878570557,-12,0,-4,4,3,11,21,1,21,21,-5,-13,6,3,sil
0.6011602878570557,-2,-3,-5,-3,-4,0,13,1,20,15,-9,-11,6,1,sil
0.6172258853912354,4,-18,-10,-23,-9,-3,10,3,28,20,-4,-2,7,11,sil
0.6172258853912354,6,-22,-13,-30,-5,-6,4,1,20,6,-8,-1,0,16,sil
0.6334621906280518,7,-5,-13,-5,0,-13,-3,-7,4,-10,-6,-2,-3,6,sil
0.6334621906280518,17,4,11,5,0,-8,-7,-2,-2,-14,0,4,1,4,sil
0.6492409706115723,29,2,17,2,0,-3,-8,1,-5,-12,0,10,5,10,sil
0.6492409706115723,24,5,9,13,-3,-15,-18,-4,-12,-13,4,17,9,9,sil
0.6652586460113525,8,6,5,9,-13,-28,-33,-9,-23,-18,12,22,10,1,sil
0.6652586460113525,1,0,-3,-4,-14,-31,-34,-2,-24,-16,11,13,3,0,sil
0.681267261505127,3,7,8,5,-6,-17,-26,6,-10,-8,6,7,-4,1,sil
0.681267261505127,2,12,8,20,1,0,-18,0,-2,-3,6,9,-3,-2,sil
0.6967966556549072,2,6,2,7,7,-1,-11,-8,-5,-6,11,9,4,-2,sil
0.6967966556549072,-3,7,6,-1,10,-2,-7,0,-4,-8,13,4,0,-3,sil
0.7128665447235107,-13,7,-1,8,6,3,-6,0,-2,-2,2,-7,-14,-17,sil
0.7128665447235107,-14,2,-1,0,0,12,-2,-7,-13,0,-11,-15,-17,-19,sil
0.7281315326690674,-18,-7,-9,-18,0,19,8,-2,-14,-2,-12,-19,-13,-12,sil
0.7281315326690674,-25,-16,-20,-14,2,17,19,4,-10,-8,-12,-21,-18,-13,sil
0.7441473007202148,-18,-14,-11,0,0,12,27,3,-4,1,-17,-19,-11,-10,sil
0.7441473007202148,-13,-13,-18,-8,-4,15,35,2,9,14,-15,-21,1,-6,sil
0.7594261169433594,-13,-14,-16,-16,-4,17,34,7,18,20,-11,-17,1,0,sil
0.7594261169433594,-5,-15,-8,-11,-4,5,17,3,13,19,-11,-11,4,6,sil
0.7751164436340332,-3,-17,-9,-18,-17,-12,-7,-4,3,4,-17,-11,4,0,sil
0.7751164436340332,-3,-10,2,-27,-19,-11,-20,-1,3,-15,-6,0,-2,-10,sil
0.7911303043365479,12,11,11,-6,3,-3,-15,0,17,-8,24,23,10,-1,sil
0.7911303043365479,27,29,29,18,18,-9,-9,1,16,6,38,32,22,12,sil
0.8061649799346924,19,31,30,26,11,-14,-7,2,-7,-4,24,20,5,4,sil
0.8061649799346924,16,25,14,33,14,1,2,1,-10,-7,16,9,0,1,sil
0.8217601776123047,24,20,17,39,27,23,13,3,5,22,17,20,14,23,sil
0.8217601776123047,10,7,4,27,17,14,14,3,9,36,5,14,11,29,sil
0.8372015953063965,-5,-8,-6,5,-9,-2,9,3,0,13,-8,-9,0,13,sil
0.8372015953063965,2,-11,-8,-1,-7,3,12,4,10,5,-2,-6,8,12,sil
0.8523557186126709,7,-10,-10,-2,9,6,5,0,24,9,2,6,15,18,sil
0.8523557186126709,-1,-11,0,-17,-1,-7,-18,-6,5,-9,-6,5,2,3,sil
0.8684074878692627,0,-6,-5,-24,-16,-20,-26,-7,-16,-22,-3,1,-6,-14,sil
0.8684074878692627,0,2,-1,-9,-3,-20,-21,-5,-25,-24,0,1,-15,-16,sil
0.8842780590057373,-14,0,5,5,1,-8,-13,-2,-31,-28,-15,-13,-30,-15,sil
0.8842780590057373,-22,-19,-9,-1,-11,0,-1,-2,-23,-14,-27,-28,-31,-15,sil
0.8992855548858643,-11,-20,-7,-15,-15,5,13,0,7,7,-19,-17,-8,-3,sil
0.8992855548858643,-4,-5,-6,-15,-7,3,12,0,22,13,-10,-6,4,0,sil
0.9149134159088136,-2,0,-9,-15,-10,-11,-2,1,6,3,-2,0,0,-6,sil
0.9149134159088136,8,3,0,-10,-6,-13,-10,4,-4,-7,12,14,5,0,sil
0.9306941032409668,20,12,8,3,11,0,-2,1,1,-6,21,21,17,10,sil
0.9306941032409668,13,22,15,7,13,7,0,-3,0,-2,17,18,7,0,sil
0.9462234973907472,-3,14,2,0,2,-5,-10,-9,-23,-10,9,8,-5,-21,sil
0.9462234973907472,-11,1,-2,0,0,-8,-13,-8,-37,-22,0,-5,-10,-26,sil
0.962242841720581,-8,1,4,11,0,15,2,-1,-17,-11,-4,-13,-6,-9,sil
0.962242841720581,-10,0,-4,16,-2,29,20,4,8,10,-11,-17,0,0,sil
0.977924108505249,-17,-12,-4,8,-6,16,18,8,10,12,-24,-19,-6,-5,sil
0.977924108505249,-11,-10,-1,11,2,15,20,6,17,17,-13,-15,-8,3,sil
0.9929006099700928,1,-3,-5,16,12,20,22,1,28,29,2,-4,9,21,sil
0.9929006099700928,3,-9,-9,-2,4,0,6,1,18,19,-5,0,15,18,sil
1.0086736679077148,3,-13,-12,-14,-6,-16,-7,3,16,9,0,-1,8,12,sil
1.0086736679077148,13,0,8,-9,-1,-10,-6,6,27,18,13,6,11,14,sil
1.023930311203003,5,4,1,-12,1,-9,-8,2,16,16,6,6,11,0,sil
1.023930311203003,-4,-4,-15,-20,-8,-17,-17,-4,-7,-9,3,2,2,-7,sil
1.0397720336914062,3,5,0,-10,-8,-9,-15,-1,-10,-24,16,9,0,0,sil
1.0552849769592283,12,25,7,6,10,-1,-5,1,-5,-10,23,17,1,1,sil
1.0552849769592283,14,24,21,13,14,-4,-1,0,-11,0,26,28,6,6,sil
1.0552849769592283,13,12,16,11,5,-2,0,-1,-13,-6,20,26,9,11,sil
1.0708529949188232,0,7,-5,6,6,-6,0,-3,-11,-16,0,0,-6,-7,sil
1.0708529949188232,-6,6,0,5,6,-5,-2,-4,-14,-21,-9,-11,-22,-20,sil
1.0870585441589355,7,0,8,13,4,8,6,-3,-7,-9,-1,2,-7,-2,sil
1.10315203666687,12,-1,10,14,8,11,15,4,2,6,0,4,8,14,sil
1.10315203666687,-11,-10,-1,0,0,3,6,1,-2,2,-12,-12,-3,3,sil
1.10315203666687,-21,-18,-7,-6,-10,8,2,-4,-4,-6,-25,-20,-20,-11,sil
1.1172254085540771,0,-14,9,-3,-6,18,11,0,2,7,-25,-9,-14,-2,sil
1.1328942775726318,-1,-18,-1,-8,-9,3,2,0,0,15,-20,-10,-2,3,sil
1.1328942775726318,-18,-26,-15,-25,-27,-17,-13,-3,-6,-2,-19,-18,-1,-6,sil
1.1328942775726318,-6,-13,-7,-24,-21,-11,-5,1,7,1,-8,-6,5,-1,sil
1.147939682006836,14,2,-3,-4,0,-2,4,1,18,17,1,6,15,8,sil
1.147939682006836,8,3,3,-3,0,-11,-10,-2,5,3,1,10,6,-4,sil
1.16526198387146,-5,1,-6,-12,-6,-15,-20,-2,-5,-8,4,3,-4,-23,sil
1.16526198387146,-4,8,-6,-2,4,-2,-11,-1,-7,-3,5,1,-4,-13,sil
1.1809000968933103,0,18,7,20,17,9,0,0,-8,-7,9,6,0,0,sil
1.1809000968933103,0,14,6,25,13,9,5,3,-6,-11,19,6,0,-1,sil
1.1948187351226809,-5,6,6,17,9,6,7,7,-4,-6,14,1,-3,0,sil
1.211899757385254,-9,5,-3,20,9,13,14,2,2,4,0,-8,-1,5,sil
1.2128984928131104,-6,3,-9,15,7,24,22,3,14,15,-1,-11,3,5,sil
1.227534532546997,-2,-1,-8,1,6,25,20,3,18,12,-1,-8,4,7,sil
1.227534532546997,-7,-12,-17,-11,0,6,9,-3,13,5,-6,-12,2,8,sil
1.242112398147583,-6,-17,-8,-18,-16,-9,-3,0,5,9,-10,-11,2,7,sil
1.242112398147583,9,-4,0,-8,-11,-13,-8,0,6,21,2,4,7,9,sil
1.2571742534637451,23,10,7,4,5,-15,-7,-5,4,11,14,23,14,12,sil
1.2571742534637451,16,13,13,-2,5,-11,-11,-3,-2,-14,9,28,10,5,sil
1.2723383903503418,2,4,0,-15,-7,-14,-23,-2,-4,-24,6,14,0,-3,sil
1.2723383903503418,-1,0,4,-21,-16,-24,-30,-6,-8,-16,5,3,-5,-8,sil
1.288383722305298,4,0,8,-20,-11,-19,-18,0,-6,-9,3,2,-6,-11,sil
1.288383722305298,12,7,7,-3,-3,-2,-6,5,-1,-10,7,7,0,-5,sil
1.304349660873413,17,17,20,21,2,10,1,0,-5,-5,15,16,10,11,sil
1.304349660873413,18,14,14,30,12,9,13,0,-13,1,10,9,8,13,sil
1.3199005126953125,8,1,6,15,12,3,17,1,-20,-10,-11,-10,-18,-5,sil
1.3199005126953125,-8,-9,-8,-1,3,0,10,1,-26,-30,-38,-29,-42,-22,sil
1.3350794315338137,-16,-12,-15,-1,4,5,8,1,-17,-19,-40,-33,-30,-19,sil
1.3350794315338137,-14,-3,0,11,8,19,12,5,2,15,-10,-20,-2,-3,sil
1.3502140045166016,-13,-1,-6,12,0,21,17,3,15,42,13,-7,11,6,sil
1.3502140045166016,-12,-14,-6,0,-7,2,9,1,18,41,12,3,14,11,sil
1.3662164211273191,-9,-16,0,-4,-4,-2,-2,-3,16,21,4,8,17,12,sil
1.3662164211273191,0,-8,0,-5,-2,4,1,-6,13,-4,0,6,12,15,sil
1.382277488708496,3,-9,0,-9,-3,7,9,-2,8,-22,-11,2,-3,13,sil
1.382277488708496,-10,-14,-18,-11,0,0,1,-2,4,-16,-24,-8,-16,-3,sil
1.398176670074463,-16,-6,-21,-13,5,0,-4,0,7,2,-13,-8,-7,-16,sil
1.398176670074463,-3,0,-8,-9,3,0,-3,2,21,30,13,2,11,-9,sil
1.4132812023162842,0,-3,-3,-9,-9,-13,-11,-3,20,34,19,1,13,-9,sil
1.4132812023162842,-3,0,4,-19,-20,-23,-22,-4,3,3,0,-1,2,-16,sil
1.4288532733917236,2,12,7,-12,-8,-10,-13,-1,0,-7,5,10,9,-6,sil
1.4288532733917236,9,18,17,7,9,1,3,2,-2,-10,24,21,17,2,sil
1.444786548614502,-1,13,5,6,10,-2,1,2,-16,-36,13,8,6,-6,sil
1.444786548614502,-12,7,-11,-5,4,-11,-14,-3,-23,-40,-5,-8,-7,-10,sil
1.4601686000823977,6,15,15,0,5,-3,-19,0,-16,0,0,1,-9,0,sil
1.4601686000823977,26,16,18,20,7,4,-12,4,-12,16,8,8,-4,9,sil
1.4756689071655271,24,3,3,19,0,0,-7,0,-20,-3,-3,6,-2,15,sil
1.4756689071655271,19,1,8,8,-10,-2,0,-3,-21,-10,-1,12,2,21,sil
1.4913277626037598,14,11,9,12,-6,5,5,0,-11,-6,9,11,5,19,sil
1.4913277626037598,6,14,9,21,7,15,10,9,0,-6,1,5,0,11,sil
1.5068354606628418,2,10,0,23,15,16,27,7,15,4,-1,0,0,1,sil
1.5068354606628418,-2,3,-7,18,10,7,29,2,18,14,0,-15,-6,-4,sil
1.522942304611206,-16,-6,-14,11,6,9,18,0,2,11,-13,-32,-24,-9,sil
1.522942304611206,-21,-21,-20,3,0,8,23,-5,0,10,-20,-32,-22,-14,sil
1.5381906032562256,-13,-26,-4,-8,-9,0,21,-7,2,5,-7,-18,-5,-5,sil
1.5381906032562256,-6,-26,-7,-15,-5,0,9,-2,2,3,-6,-13,-4,4,sil
1.5532219409942627,-10,-29,-19,-19,-3,2,0,0,10,6,-19,-13,-5,3,sil
1.5532219409942627,-15,-22,-9,-19,-16,-2,-16,-3,17,10,-8,-2,10,3,sil
1.568852186203003,-7,-2,-7,-14,-11,-7,-29,-2,13,8,8,10,24,5,sil
1.568852186203003,8,1,-2,-27,5,-9,-27,4,6,-6,-3,13,13,0,sil
1.584010362625122,11,-6,0,-35,0,-15,-27,0,-3,-20,-10,8,-1,-7,sil
1.584010362625122,10,1,8,-18,-22,-18,-24,-7,-18,-25,3,10,-7,-5,sil
1.5991957187652588,20,20,23,1,-12,-6,-3,0,-9,-13,14,21,0,4,sil
1.5991957187652588,18,18,8,5,11,4,12,9,16,11,24,23,14,6,sil
1.614832878112793,-6,4,3,-3,10,1,5,7,17,17,24,13,12,-5,sil
1.614832878112793,-25,-1,-1,-16,3,-4,2,-2,-2,0,4,-5,-3,-22,sil
1.6303057670593262,-22,1,-7,-6,10,0,7,-6,-8,-6,-7,-14,-12,-23,sil
1.6303057670593262,-13,11,5,18,8,6,0,-1,-1,6,1,-3,-7,-12,sil
1.6469128131866455,-1,15,6,27,4,0,-13,-1,2,17,15,6,2,-4,sil
1.6469128131866455,19,15,14,24,14,-1,-17,-2,-2,9,20,16,12,6,sil
1.6619579792022705,29,18,18,30,17,3,-8,3,-3,1,20,18,20,19,sil
1.6619579792022705,19,12,9,24,1,-2,6,4,1,4,13,9,16,19,sil
1.677293062210083,10,1,6,2,-11,-5,16,-1,-5,-2,-8,0,0,14,sil
1.677293062210083,2,0,-1,2,-8,0,12,-7,-28,-20,-29,-9,-11,4,sil
1.694164514541626,-3,0,-7,13,-6,5,6,0,-33,-24,-26,-16,-11,-5,sil
1.694164514541626,-4,-6,-9,2,-1,17,12,8,-9,-8,-8,-12,-7,-4,sil
1.7090024948120115,-3,-14,-10,-12,1,13,14,9,3,0,0,-11,-7,1,sil
1.7090024948120115,-12,-12,-3,-7,-1,0,6,4,-1,-5,-15,-16,-15,-3,sil
1.724142074584961,-19,-9,-21,5,0,0,10,-5,7,-4,-29,-24,-18,-13,sil
1.724142074584961,-17,-8,-20,0,7,8,13,-2,22,5,-18,-20,-9,-6,sil
1.7408905029296875,-16,-6,-5,-4,0,8,5,2,23,11,-4,-7,-1,3,sil
1.7408905029296875,-11,-10,-10,-3,-8,3,-1,-5,18,12,-7,-4,2,0,sil
1.7551765441894531,0,-12,-2,-11,-7,1,-4,-7,16,11,-9,-9,5,0,sil
1.7551765441894531,-2,-12,2,-20,-8,-1,-6,-4,8,0,-1,-9,-1,0,sil
1.7712295055389404,-7,-10,-1,-22,-13,-8,-9,0,-2,-7,6,1,-8,1,thankyou
1.7712295055389404,5,2,0,-15,-8,-9,-9,2,-4,1,19,15,5,8,thankyou
1.7868099212646484,19,12,2,0,5,-10,-5,3,1,7,30,21,22,12,thankyou
1.787811279296875,21,8,23,5,1,-13,-5,3,0,3,28,30,21,13,thankyou
1.801894187927246,18,4,21,1,-9,-7,-13,-1,-4,9,22,32,15,11,thankyou
1.8172249794006348,14,5,9,2,0,0,-17,-5,-6,5,14,20,9,4,thankyou
1.8172249794006348,12,2,4,7,11,-2,-10,-4,-16,-15,13,13,3,-1,thankyou
1.833235263824463,15,4,2,7,11,-8,-5,-7,-25,-14,16,13,3,0,thankyou
1.833235263824463,15,18,17,10,8,0,-3,0,-11,3,8,14,2,0,thankyou
1.8488616943359373,1,10,4,11,6,6,0,8,10,4,-7,0,-4,-15,thankyou
1.8488616943359373,-15,-7,-18,-5,2,0,4,5,5,-7,-20,-17,-15,-21,thankyou
1.8639004230499268,-15,0,-9,-15,2,0,7,7,0,-4,-12,-9,-9,-7,thankyou
1.8639004230499268,-8,6,-9,0,-8,-2,6,7,2,1,-5,-5,1,-4,thankyou
1.8799452781677248,-11,-4,-16,-1,-19,-6,0,0,-5,-11,-26,-29,-9,-15,thankyou
1.8799452781677248,-13,-5,-15,-13,2,4,5,-2,1,-10,-30,-39,-15,-10,thankyou
1.895844459533692,-4,0,0,-5,21,19,19,8,25,11,-3,-10,3,4,thankyou
1.895844459533692,-3,1,11,6,10,12,16,6,14,10,0,5,8,1,thankyou
1.911868572235108,-12,-2,-3,4,0,-1,1,-10,-8,-13,-17,-10,-14,-9,thankyou
1.911868572235108,-14,-8,-4,-1,-2,0,-5,-9,-8,-19,-16,-18,-24,-6,thankyou
1.927251100540161,-11,-9,-5,2,0,8,-2,1,-5,-1,-5,-10,-12,-4,thankyou
1.927251100540161,-6,0,-5,17,5,4,-3,-2,-12,8,0,-5,-6,-3,thankyou
1.943272829055786,0,7,13,18,0,1,0,-9,-11,7,5,3,-7,7,thankyou
1.943272829055786,6,-1,12,0,-11,8,8,-3,5,11,7,9,0,12,thankyou
1.9585623741149905,0,-8,2,-4,-13,6,5,6,17,14,0,10,13,9,thankyou
1.9585623741149905,-8,-11,-3,-4,-14,-7,-8,3,15,7,8,15,21,10,thankyou
1.974069356918335,6,-8,5,-19,-14,-20,-12,-3,7,6,22,26,25,15,thankyou
1.974069356918335,33,7,26,-17,-7,-17,-10,-1,2,6,27,38,25,20,thankyou
1.9892325401306152,37,25,20,18,5,-15,-10,1,0,2,39,36,23,20,thankyou
1.9892325401306152,33,36,21,42,15,-12,-6,0,-9,-4,49,32,25,15,thankyou
2.0098178386688232,30,35,19,31,18,0,1,-1,-18,-11,33,23,18,2,thankyou
2.010817289352417,10,11,-4,15,11,10,8,1,-18,-17,-1,0,-7,-10,thankyou
2.010817289352417,-9,-8,-14,12,11,16,16,8,-9,-20,-29,-25,-29,-8,thankyou
2.0203752517700195,-10,-9,-14,15,11,26,28,4,7,-6,-29,-28,-15,0,thankyou
2.035555124282837,-15,-22,-19,-4,-6,21,22,0,15,19,-23,-26,-3,1,thankyou
2.035555124282837,-33,-36,-36,-28,-16,3,2,-4,6,29,-32,-39,-14,-5,thankyou
2.0513570308685303,-33,-32,-40,-33,-6,-3,-7,0,5,10,-34,-39,-16,-13,thankyou
2.0513570308685303,-12,-20,-12,-41,-5,-7,-11,6,12,1,-15,-12,0,-10,thankyou
2.067049503326416,-2,-18,-9,-44,-8,-14,-11,-1,2,1,-6,-6,-2,-6,thankyou
2.067049503326416,-10,-12,-14,-29,-2,-15,-8,-8,-13,-17,-21,-22,-22,-15,thankyou
2.083317279815674,-17,-8,-9,-24,-8,-14,-12,0,-10,-19,-23,-17,-24,-24,thankyou
2.083317279815674,-15,-9,-12,-33,-20,-14,-17,1,-1,-7,-7,-4,-8,-20,thankyou
2.0988845825195312,-10,-1,-2,-27,-13,-7,-13,0,-2,-22,-3,-6,-7,-17,thankyou
2.0988845825195312,-3,10,8,-3,2,-1,-15,0,-1,-21,-1,-1,-7,-14,thankyou
2.1140029430389404,10,24,20,18,11,-1,-9,1,4,8,17,23,9,2,thankyou
2.1143510341644287,23,39,33,38,16,7,8,4,3,10,32,39,21,17,thankyou
2.1301088333129883,24,38,29,48,21,11,7,1,-1,-1,27,32,11,11,thankyou
2.1301088333129883,20,25,30,38,18,0,-2,0,-4,0,25,30,9,10,thankyou
2.145865201950073,20,19,26,24,9,0,5,0,5,10,32,28,19,18,thankyou
2.145865201950073,15,17,15,22,0,7,11,1,2,14,23,13,9,16,thankyou
2.1615326404571533,12,12,15,33,0,9,6,0,-7,12,9,1,-2,9,thankyou
2.1615326404571533,16,6,12,39,6,12,14,0,0,9,12,8,11,16,thankyou
2.177051782608032,11,-9,0,16,0,11,10,-3,10,6,11,9,16,23,thankyou
2.177051782608032,-12,-29,-21,-11,-16,-1,-5,0,1,-6,-7,-15,-1,3,thankyou
2.193177461624145,-22,-28,-21,-19,-16,-5,-1,2,-8,-15,-26,-27,-11,-13,thankyou
2.193177461624145,-9,-11,-8,-5,2,9,23,-1,0,0,-23,-11,-5,-3,thankyou
2.2091431617736816,-3,-6,-11,-1,6,11,26,-3,8,13,-11,-3,0,1,thankyou
2.2091431617736816,-13,-11,-12,-17,-9,-7,0,4,1,16,-10,-8,3,-3,thankyou
2.2243592739105225,-12,-9,-18,-18,-6,-11,-9,2,1,20,-7,-4,8,2,thankyou
2.2243592739105225,0,-2,-5,0,4,1,-1,-7,8,15,-1,4,5,14,thankyou
2.239914894104004,-4,-7,3,-6,-5,1,-6,-8,-4,-4,-16,-2,-10,-2,sil
2.239914894104004,-17,-17,-19,-29,-17,-11,-16,-3,-14,-17,-25,-21,-20,-27,sil
2.255582094192505,-7,-10,-15,-25,-7,-9,-4,3,0,-12,-1,-13,-4,-12,sil
2.255582094192505,4,0,-7,-12,5,-1,2,0,6,-4,15,4,13,7,sil
2.271591663360596,3,1,-9,-14,5,-6,-10,-5,-5,-10,10,6,6,0,sil
2.271591663360596,6,4,5,-13,0,-10,-15,0,-2,-13,13,4,0,-9,sil
2.286799669265747,7,4,11,-8,1,-5,-3,5,11,-3,13,0,4,-3,sil
2.286799669265747,5,5,9,-8,6,0,-1,1,3,-4,-2,-1,-4,0,sil
2.3034372329711914,11,16,-1,1,11,-2,-2,0,-6,-13,-3,2,-10,-2,sil
2.3034372329711914,11,16,0,-1,4,-4,-6,0,-11,-26,-11,0,-15,-12,sil
2.3189914226531982,-5,1,1,-9,-8,-8,-13,0,-20,-35,-43,-21,-37,-21,sil
2.3189914226531982,-13,-1,-1,12,-5,-9,-6,2,-14,-13,-31,-22,-28,-15,sil
2.3342301845550537,0,9,16,33,8,6,9,7,4,23,16,11,10,4,sil
2.3342301845550537,2,10,13,25,6,16,13,4,8,28,24,16,13,5,sil
2.3502235412597656,-9,-1,1,18,-4,3,4,1,-1,7,7,-3,-4,-2,sil
2.3502235412597656,-6,-4,5,17,-1,8,8,4,4,6,18,5,11,5,sil
2.365313768386841,0,-1,5,10,5,22,18,4,18,26,33,21,28,14,sil
2.365313768386841,4,6,20,15,2,19,17,5,19,36,22,15,18,17,sil
2.381335020065308,14,11,16,37,7,13,13,0,20,31,10,9,17,24,sil
2.381335020065308,9,0,-2,21,9,5,3,-11,9,7,3,7,14,16,sil
2.3959827423095703,-12,-11,-12,-17,-5,-6,-8,-12,-8,-10,-10,-9,-6,-1,sil
2.3959827423095703,-17,-11,-17,-19,-10,-6,-1,-7,-4,-7,-18,-23,-9,-3,sil
2.4120519161224365,0,-9,2,-9,-4,1,1,-1,-2,-10,-18,-9,0,1,sil
2.4120519161224365,1,-15,-12,-17,-7,-4,-9,-2,-14,-14,-14,-2,-6,-3,sil
2.4278271198272705,-2,-11,-26,-22,-9,-16,-16,-6,-12,-6,-11,-4,-11,-7,sil
2.4278271198272705,7,3,3,-13,-1,-7,-3,3,2,-4,-2,5,1,2,sil
2.443365335464477,6,2,-7,-8,3,1,4,3,6,-5,5,3,8,4,sil
2.443365335464477,-9,-12,-6,-16,-3,-7,-8,-1,-5,-5,-2,-2,-2,-8,sil
2.4594311714172363,-6,-12,4,-23,-11,-18,-16,1,-2,-2,-3,3,-3,-15,sil
2.4594311714172363,9,1,4,-15,-3,-16,-3,6,6,0,5,10,2,-2,sil
2.475062847137451,14,12,13,0,3,-3,2,4,-3,-3,6,9,-2,1,sil
2.475062847137451,12,6,0,4,5,2,1,1,-8,-5,8,3,0,-4,sil
2.49045467376709,9,3,5,-14,1,0,-2,7,1,-1,13,7,4,0,sil
2.49045467376709,4,20,9,-4,2,2,0,4,6,-2,13,13,0,7,sil
2.506439685821533,9,34,3,39,10,2,2,-3,-1,-3,19,11,0,3,sil
2.506439685821533,13,25,23,48,12,2,0,0,-16,-1,21,11,1,5,sil
2.522045612335205,-7,2,-8,30,11,6,0,-2,-14,0,0,-8,-8,-3,sil
2.522045612335205,-26,-9,-25,12,5,11,0,-8,-9,-14,-35,-36,-30,-22,sil
2.537803649902344,-22,-14,-4,3,-2,14,6,-6,-6,-10,-45,-31,-29,-16,sil
2.537803649902344,-19,-23,-21,1,-4,16,13,-5,6,17,-28,-19,-1,0,sil
2.553306579589844,-13,-24,-6,-12,-5,12,7,1,10,15,-21,-16,6,6,sil
2.553306579589844,-3,-17,-5,-24,-7,0,4,0,10,2,-16,-13,3,5,sil
2.5694174766540527,3,-8,-24,-14,-5,-11,5,0,15,5,4,0,15,5,sil
2.5694174766540527,13,0,30,-7,-4,-12,-2,10,12,4,20,28,26,13,sil
2.585437536239624,15,6,45,-6,-4,-8,-1,14,13,4,26,34,26,16,sil
2.585437536239624,8,10,-9,0,0,-7,3,2,20,14,30,11,19,6,sil
2.6012394428253174,0,6,0,0,5,-4,-1,0,2,6,18,-2,2,-6,sil
2.6012394428253174,-9,0,8,2,8,3,-3,0,-17,-5,5,-2,-7,-8,sil
2.6169915199279785,-11,-3,-15,2,-3,3,0,-3,-13,-1,-3,-8,-10,-4,sil
2.6169915199279785,-7,-4,0,-9,-20,-2,3,-2,-5,-2,-22,-15,-22,-7,sil
2.6321358680725098,-6,-13,-7,-8,-10,1,9,0,2,-2,-25,-16,-20,-5,sil
2.6321358680725098,0,-13,-10,-2,4,7,7,-1,10,11,-5,-1,0,7,sil
2.647416591644287,12,7,20,-3,1,-1,-4,-1,8,11,8,21,16,11,sil
2.647416591644287,18,21,5,1,-3,-10,-15,-5,1,-8,17,24,15,5,sil
2.6629984378814697,18,17,4,-4,-2,-10,-27,-2,-9,-17,20,15,1,1,sil
2.6629984378814697,6,11,6,-9,5,-1,-25,0,-7,-5,13,8,-6,-11,sil
2.6787121295928955,-1,9,-5,5,11,0,-13,0,0,-1,5,2,-5,-14,sil
2.6943767070770264,2,12,9,15,10,-3,-11,0,-9,-8,2,2,2,0,sil
2.6943767070770264,4,12,-1,12,14,-2,-7,-3,-24,-7,3,-3,0,0,sil
2.6943767070770264,-5,7,-3,16,15,6,5,-3,-33,-12,-10,-11,-22,-12,sil
2.709100246429444,-11,1,0,24,7,16,24,2,-22,-13,-26,-19,-23,-12,sil
2.725837469100952,-7,-10,-16,19,1,12,30,1,3,4,-22,-21,0,1,sil
2.725837469100952,-7,-13,-1,6,4,9,16,3,12,17,-14,-5,-2,11,sil
2.725837469100952,-10,-12,-8,3,0,10,12,1,11,14,-10,-2,-9,9,sil
2.7389795780181885,-5,-16,-14,-2,-10,6,17,-3,12,3,-6,-7,5,7,sil
2.754342555999756,-5,-15,-3,0,-12,-1,11,0,14,-1,-4,-4,14,4,sil
2.754342555999756,-2,-18,-10,-10,-13,-6,-3,2,13,-2,0,1,9,1,sil
2.7699756622314453,12,-24,5,-51,-16,-3,-2,0,17,0,11,19,16,16,sil
2.7699756622314453,14,-15,9,-47,-12,-6,4,-3,17,4,19,24,21,18,sil
2.786048889160156,0,1,-1,-5,-13,-17,-6,0,6,1,18,13,15,0,sil
2.786048889160156,0,11,-2,0,-12,-15,-18,3,4,-2,13,11,8,-7,sil
2.801201581954956,12,17,-5,-1,0,-7,-13,0,0,-2,5,8,0,-2,sil
2.801201581954956,12,27,22,18,9,-2,-12,2,-5,-3,7,6,-5,0,sil
2.817305564880371,0,22,24,19,13,5,-8,5,7,8,16,10,1,-1,sil
2.817305564880371,-4,10,4,3,12,3,0,0,4,11,2,0,-2,-8,sil
2.833237409591675,-3,11,7,9,8,-1,-3,-6,-20,-1,-9,-20,-15,-18,sil
2.833237409591675,-11,8,-1,14,2,0,-7,-11,-30,-9,-7,-23,-23,-21,sil
2.8483874797821045,-17,-5,-4,2,-1,-5,-11,-5,-28,-14,-16,-18,-26,-15,sil
2.8483874797821045,-9,-10,-2,2,2,0,-1,2,-15,-1,-14,-16,-13,0,sil
2.8639402389526367,0,-8,-3,8,9,15,18,5,7,23,-4,-12,2,10,sil
2.8639402389526367,-4,-8,-4,1,1,11,17,6,11,17,-13,-11,0,7,sil
2.879158735275269,-2,-11,-13,-9,-7,-5,3,1,7,7,-18,-9,1,4,sil
2.879158735275269,5,-13,-8,-16,-7,-2,4,-1,17,27,-2,2,14,10,sil
2.895047187805176,0,-12,-8,-18,-4,4,7,0,18,11,8,7,19,5,sil
2.895047187805176,0,-6,-4,-16,-1,-1,-1,0,0,-39,7,10,14,1,sil
2.9107677936553955,18,7,14,-3,4,0,-4,-2,-6,-26,11,24,12,3,sil
2.9107677936553955,21,15,11,7,6,0,-2,-6,0,15,17,24,7,-1,sil
2.926388025283813,4,12,5,1,-1,-8,-13,2,-6,-6,14,16,0,-5,sil
2.926388025283813,0,16,4,7,0,-4,-10,7,-6,-17,13,15,0,0,sil
2.943939208984375,0,17,5,21,9,6,3,4,5,9,7,5,-4,4,sil
2.943939208984375,-15,-2,1,12,0,1,2,3,-3,-9,-17,-15,-26,-9,sil
2.957521677017212,-24,-15,-16,-1,-13,-1,6,0,-19,-40,-32,-27,-34,-22,sil
2.957521677017212,-6,-4,-9,10,0,14,19,-1,-3,-14,-12,-17,-13,-3,sil
2.973051786422729,2,-1,0,18,14,24,20,2,12,10,4,-3,7,12,sil
2.973051786422729,0,-7,-3,5,1,8,5,-2,0,-5,-7,-2,4,6,sil
2.989087104797364,3,-3,2,0,0,-5,-6,-10,-8,-10,-10,-2,-3,5,sil
2.989087104797364,9,-3,0,0,5,-1,-1,-11,3,18,7,3,6,13,sil
3.005009651184082,7,-4,0,-4,-9,0,5,-5,13,34,12,11,17,12,sil
3.005009651184082,1,-1,-4,-7,-19,-15,-10,-6,4,18,1,0,9,4,sil
3.0203664302825928,3,-5,-5,-19,-5,-24,-25,0,-3,5,4,-3,5,5,sil
3.0203664302825928,9,-8,5,-38,0,-12,-13,8,4,13,14,14,16,10,sil
3.036195039749145,2,0,5,-21,-2,-2,-8,5,12,12,9,15,13,1,sil
3.036195039749145,-3,16,4,13,3,0,-14,5,1,-2,11,1,-1,-11,sil
3.052203893661499,0,16,2,13,12,0,-5,6,-10,-6,17,2,0,-12,sil
3.052203893661499,2,2,7,-1,6,-3,-1,0,-12,-14,-5,0,-3,-14,sil
3.0682592391967773,0,3,15,10,0,2,-2,-2,-12,-20,-22,-10,-15,-17,sil
3.0682592391967773,0,6,1,24,6,12,16,4,0,0,-5,-8,-9,-5,sil
3.08325719833374,-4,-8,-8,2,4,10,27,4,15,21,-10,-8,0,2,sil
3.08325719833374,-12,-16,-15,-9,-8,8,19,0,20,14,-25,-18,-1,-2,sil
3.09839391708374,-7,-4,-16,-2,-11,1,5,1,17,3,-9,-7,-1,1,sil
3.09839391708374,0,0,0,-8,-10,-10,-10,1,9,3,4,14,6,10,sil
3.114138603210449,-2,-2,0,-16,-9,-13,-15,-3,-1,0,2,17,12,2,sil
3.114138603210449,-4,0,0,-12,-2,-10,-10,0,-9,-14,8,8,4,-5,sil
3.1297335624694824,-4,7,0,-6,3,-4,-5,1,-15,-28,11,0,-6,-10,sil
3.1297335624694824,-6,10,0,5,3,6,2,-7,-28,-29,-3,-11,-14,-11,sil
3.145171403884888,0,4,6,14,5,16,13,-5,-29,-22,-11,-13,-16,0,sil
3.145171403884888,5,-5,1,7,5,8,18,2,-3,0,-6,-9,-8,13,sil
3.160935878753662,9,-6,4,2,0,-3,18,4,17,25,0,-3,1,16,sil
3.160935878753662,12,0,6,0,-3,-4,2,-1,12,23,12,7,10,13,sil
3.1758058071136475,7,3,-5,-9,1,-5,-24,-4,-2,-3,19,13,10,1,sil
3.1758058071136475,0,10,-1,-1,11,-2,-28,-2,-15,-17,11,6,-1,-11,sil
3.191829204559326,-2,12,4,21,17,10,-6,-5,-16,0,6,-5,-9,-15,sil
3.191829204559326,-7,3,8,25,11,22,7,-1,-3,14,6,-10,-6,-7,sil
3.2079572677612305,-15,-7,1,15,7,20,14,6,15,20,-1,-10,0,-2,sil
3.2079572677612305,-12,-12,-5,6,5,8,14,5,21,22,-15,-9,0,0,sil
3.224127531051636,6,-4,8,-2,-6,0,2,0,16,15,-8,8,3,9,sil
3.2245194911956787,15,0,3,0,-12,-3,-3,0,16,0,6,25,13,19,sil
3.2392258644104004,7,-6,-5,0,-10,-9,-6,2,7,-10,0,18,13,15,sil
3.2392258644104004,2,-7,-2,-10,-7,-9,0,-1,-5,-4,-14,0,3,5,sil
3.254927396774292,0,-6,-8,-14,-1,-10,6,-10,-3,-1,-10,-6,-1,-5,sil
3.254927396774292,-1,-8,-7,-11,-4,-11,-5,-3,-1,-9,-9,0,0,-8,sil
3.2702133655548096,3,-6,-8,-9,-12,-6,-18,5,-4,-9,-5,0,2,0,sil
3.2702133655548096,7,1,-3,-14,-6,-5,-4,4,1,5,6,1,4,3,sil
3.286193609237671,3,8,3,-15,1,-6,3,3,14,15,21,9,10,0,sil
3.300868034362793,7,15,2,-1,2,-3,-3,2,13,0,21,11,10,0,sil
3.300868034362793,11,17,10,6,3,0,0,1,-5,-27,4,9,0,4,sil
3.300868034362793,1,9,3,-2,3,-5,6,-1,-16,-20,3,6,-4,2,sil
3.3162777423858643,-3,0,2,-6,0,-9,0,0,-9,4,10,0,-3,-2,sil
3.3162777423858643,-8,-1,2,6,0,-5,-5,1,-17,-1,-6,-14,-19,-10,sil
3.332336187362671,-17,0,-10,20,0,-3,-2,3,-25,-14,-20,-20,-24,-17,sil
3.332336187362671,-11,0,1,12,-1,4,-4,0,-11,-3,-8,-12,-10,-13,sil
3.348008632659912,0,-1,5,6,8,16,1,-10,0,1,-7,-15,-8,-11,sil
3.348008632659912,0,4,-3,18,18,19,19,-4,-3,0,-15,-19,-13,-10,sil
3.365272283554077,-2,6,1,14,6,19,28,5,7,13,-3,-8,0,3,sil
3.365272283554077,-9,-10,-4,-6,-5,13,16,-1,18,18,2,-5,13,14,sil
3.3788020610809326,-11,-17,-2,-2,-2,7,1,-3,11,6,-10,-7,6,5,sil
3.3788020610809326,-8,-14,-4,-6,-1,6,1,3,7,0,-16,-5,0,-4,sil
3.3941104412078857,-8,-29,-16,-55,-20,-2,-1,1,9,-6,-15,-5,0,0,sil
3.411156415939331,-2,-27,-10,-62,-26,-18,-15,0,10,-8,-4,8,6,9,sil
3.411156415939331,12,5,4,-7,-4,-18,-19,2,4,0,21,31,21,9,sil
3.426805257797241,19,25,24,19,9,-7,-17,1,-9,0,33,33,17,3,sil
3.426805257797241,15,27,18,25,11,0,-12,-1,-9,-5,29,16,2,2,sil
3.441826105117798,15,30,8,36,15,-1,-5,0,0,0,23,8,0,3,sil
3.443331241607666,13,27,16,30,19,4,1,4,1,9,14,11,1,6,sil
3.443331241607666,2,9,5,25,18,13,11,4,3,17,4,3,-2,3,sil
3.45808482170105,-11,-10,-4,19,6,10,16,2,0,3,-11,-11,-14,-5,sil
3.45808482170105,-24,-22,-14,-5,-10,0,8,-1,-10,-13,-25,-15,-18,-12,sil
3.473182916641236,-17,-15,-13,-13,-5,-1,2,-5,-1,6,-12,-7,-2,0,sil
3.488466739654541,5,-1,5,-1,2,6,7,0,15,26,3,0,10,17,sil
3.489459753036499,6,-3,-9,-2,-11,-2,0,-4,10,7,-1,-4,6,9,sil
3.503934621810913,-3,-4,-16,-8,-18,-14,-13,-11,-6,-9,-10,-3,0,-4,sil
3.503934621810913,2,2,0,-2,-1,-5,-8,-4,-3,2,-1,2,5,-3,sil
3.503934621810913,16,1,0,-2,1,0,2,3,10,12,8,1,11,4,sil
3.5191235542297363,18,0,2,-7,-6,-5,1,2,7,0,4,3,9,6,sil
3.5353808403015137,12,2,2,-1,0,-10,-3,0,0,-17,0,10,4,-3,sil
3.5353808403015137,6,4,5,-2,9,-12,-7,1,-10,-23,5,9,-2,-13,sil
3.9745476245880127,3,7,0,6,-3,-16,-14,-2,-4,-19,16,4,5,-7,sil
3.9745476245880127,-13,1,-3,0,-9,-17,-18,0,-9,-11,17,-8,-2,-15,sil
3.990166187286377,-23,-6,-1,-5,-10,0,-11,0,-21,-21,-8,-17,-20,-22,sil
3.990166187286377,-15,-7,-3,7,1,15,13,0,-10,-15,-22,-20,-18,-16,sil
4.011368751525879,-11,6,2,22,17,25,35,0,4,8,-7,-17,-3,-10,sil
4.011368751525879,-16,2,-5,17,14,28,34,-2,0,10,-5,-13,-1,-14,sil
4.011368751525879,-6,-5,-2,14,0,19,23,0,-1,6,-17,-2,-2,0,sil
4.020997047424316,2,-1,3,22,-2,13,17,5,11,19,-10,0,5,17,sil
4.036161661148071,-6,-10,-2,7,0,6,8,1,12,16,-8,-3,0,6,sil
4.036161661148071,-11,-18,-4,-15,-8,-5,-1,-4,-2,0,-20,-5,-11,4,sil
4.051295518875122,-3,-10,-16,-17,-14,-19,-5,-2,0,3,-10,-5,-4,16,sil
4.051295518875122,0,-7,-10,-18,-11,-17,-3,5,16,13,5,-2,0,15,sil
4.067308187484741,7,-5,0,-20,-8,-8,-10,4,8,4,3,7,-1,9,sil
4.067308187484741,14,-2,0,-11,-6,-8,-18,-4,-17,-14,0,10,4,4,sil
4.083014965057373,14,0,5,-10,-2,-9,-15,-6,-21,-18,5,9,9,-3,sil
4.083014965057373,11,4,3,-11,0,-4,-6,0,5,-6,15,9,9,0,sil
4.09911036491394,12,11,11,-5,0,-1,-6,3,12,-5,19,16,8,8,sil
4.09911036491394,10,12,17,2,3,-3,-10,-1,-6,-11,15,21,3,-3,sil
4.115208387374878,0,6,0,6,5,-6,-16,-6,-16,-11,5,5,-6,-15,sil
4.115208387374878,-10,6,0,6,3,-6,-19,-5,-12,-12,-7,-11,-13,-17,sil
4.131226301193237,-9,10,2,5,9,0,-5,-1,-3,-6,0,-10,-2,-17,sil
4.131226301193237,3,9,5,6,19,6,4,4,0,12,14,1,7,-9,sil
4.147265434265137,3,8,2,17,15,9,6,7,-1,14,0,-3,-2,0,sil
4.147265434265137,-7,7,-8,27,2,12,18,1,-5,3,-23,-18,-11,-1,sil
4.163034915924072,-6,5,1,23,4,21,30,3,8,12,-7,-13,0,4,sil
4.163034915924072,0,-2,-2,15,15,22,27,6,24,29,19,-2,15,16,sil
4.1779625415802,-2,-13,-8,4,0,2,17,3,14,23,5,-1,11,14,sil
4.1779625415802,-11,-17,-9,-9,-22,-10,1,0,-1,5,-18,-7,-3,5,sil
4.19301700592041,-10,-17,-19,-15,-16,-6,-11,-8,2,0,-15,-8,-3,3,sil
4.19301700592041,2,-11,-9,-19,-2,-1,-7,-4,15,6,-1,5,15,9,sil
4.208142757415772,0,-12,-5,-28,-5,-6,1,0,11,-3,-5,9,9,3,sil
4.208142757415772,-6,-14,-1,-27,-11,-8,0,0,-5,-35,-17,0,-20,-4,sil
4.224186897277832,8,0,13,-13,-4,0,-3,-1,-4,-31,-2,11,-4,5,sil
4.224186897277832,21,6,7,-8,2,1,-1,0,17,15,24,25,31,6,sil
4.239284515380859,5,4,6,-14,-3,-8,-14,0,2,14,17,11,-1,-16,sil
4.239284515380859,-1,13,14,-1,-5,-8,-21,-1,-32,-39,2,0,-46,-18,sil
4.255250453948975,12,21,19,20,8,2,-3,2,-24,-48,9,2,-13,3,sil
4.255250453948975,6,14,11,25,11,11,13,7,5,1,6,-5,27,1,sil
4.270175695419312,-14,1,-11,17,-2,9,18,3,9,31,-7,-20,9,-8,sil
4.270175695419312,-16,-3,-2,14,-7,2,12,0,-3,24,-12,-15,-14,0,sil
4.2862536907196045,-9,-8,-1,9,0,0,5,-2,0,17,-11,-11,-7,7,sil
4.2862536907196045,-3,-8,-12,-5,-1,-6,0,-1,8,15,-10,-6,2,2,sil
4.301977634429932,5,1,1,-12,0,-8,-6,-4,4,0,3,8,4,0,sil
4.302977800369263,9,7,5,-2,8,-8,-18,-11,-9,-9,20,16,4,-6,sil
4.317666053771973,10,6,4,7,9,-7,-20,-4,-19,-9,14,17,4,-4,sil
4.333351135253906,8,9,1,10,5,-2,-15,1,-23,-12,1,8,0,-4,sil
4.333351135253906,0,6,0,16,8,2,-7,0,-22,-8,-2,-3,-4,-5,sil
4.348783731460571,0,0,7,22,8,11,10,6,-8,3,-7,-5,-5,4,sil
4.348783731460571,0,-8,-4,12,0,10,22,6,11,8,-9,-15,-2,9,sil
4.363967418670654,-5,-11,-13,-7,-6,5,15,1,25,9,-10,-21,4,4,sil
4.363967418670654,0,-13,-10,-18,-7,4,12,5,31,17,-4,1,15,11,sil
4.379231929779053,7,-16,-10,-22,-2,-5,2,3,25,13,9,17,12,13,sil
4.379231929779053,-3,-6,-1,-27,-4,-19,-17,-4,0,-7,16,12,-2,0,sil
4.380232334136963,-15,5,-2,-13,-11,-9,-16,-6,-14,-13,9,7,-3,-10,sil
4.396851778030396,-11,8,1,0,-8,5,-5,0,-12,-10,3,1,-2,-12,sil
4.396851778030396,-8,7,0,2,0,10,2,1,-6,-9,0,-12,-14,-15,sil
4.410881996154785,-17,2,-12,7,4,16,16,1,-1,0,-10,-22,-19,-13,sil
4.410881996154785,-17,-8,-2,-1,6,18,16,1,5,11,-20,-21,-10,-3,sil
4.426586389541626,-8,-15,-6,-14,2,5,2,-1,12,8,-22,-22,-4,0,sil
4.441338777542114,-1,-6,-8,-11,-3,-9,-1,-2,9,3,-23,-17,-9,3,sil
4.441338777542114,7,3,5,-4,0,-9,-3,2,6,0,-10,0,-4,13,sil
4.456480264663696,17,0,8,-6,-1,-10,-6,2,10,-6,9,17,15,15,sil
4.456480264663696,19,-1,16,-6,-11,-8,-5,1,5,-7,20,24,23,8,sil
4.47162652015686,25,14,18,8,0,1,0,-1,-2,1,29,29,20,5,sil
4.47162652015686,29,29,20,21,18,0,0,1,-3,-5,29,34,15,6,sil
4.487179756164551,14,19,19,16,10,-10,-10,1,-13,-24,8,23,5,0,sil
4.487179756164551,9,5,9,15,0,-12,-15,-3,-22,-17,0,4,0,-2,sil
4.502333402633667,14,13,15,22,3,0,-10,-1,-16,-3,7,5,0,3,sil
4.502333402633667,-1,7,3,16,5,8,-3,2,-8,0,2,-1,-4,0,sil
4.517916917800903,-14,-12,-13,4,0,11,4,2,-4,8,-8,-15,-5,-4,sil
4.517916917800903,-6,-11,-7,4,0,17,18,-1,3,17,-9,-10,0,0,sil
4.533963203430176,-13,-7,-14,9,0,7,19,-4,8,19,-13,-10,-5,-6,sil
4.533963203430176,-27,-16,-16,0,-2,2,14,0,1,19,-18,-19,-14,-9,sil
4.549859523773193,-18,-18,-12,-8,-2,11,18,-1,-2,15,-13,-18,-13,-5,sil
4.549859523773193,-6,-10,-9,-2,-3,12,16,-6,-8,5,-11,-15,-12,-3,sil
4.564905166625977,-10,-5,-4,2,-1,8,13,2,1,12,-6,-12,-1,3,sil
4.564905166625977,-9,-7,-10,-2,0,0,7,6,24,24,7,-1,18,11,sil
4.580323219299316,3,-8,-1,-16,-7,-21,-14,0,26,9,13,12,18,7,sil
4.580323219299316,3,-3,-7,-29,-15,-29,-20,-2,12,-5,10,8,5,0,sil
4.595872163772583,-4,-7,-19,-40,-22,-24,-11,-2,-1,-15,2,-2,1,-3,sil
4.595872163772583,3,-2,2,-31,-22,-16,-16,2,-8,-29,-1,4,1,0,sil
4.611038684844971,17,12,10,-9,0,-6,-23,0,-4,-25,5,19,2,4,sil
4.611038684844971,14,17,8,-2,13,-5,-25,-2,-8,-18,5,16,-1,-5,sil
4.626992702484131,3,15,3,0,3,-10,-26,-3,-16,-26,0,5,-12,-19,sil
4.626992702484131,9,21,5,13,8,-6,-14,0,-2,-22,10,1,-13,-8,sil
4.643045663833618,11,20,18,19,21,5,-1,0,8,-4,16,6,-1,6,sil
4.643045663833618,-2,5,4,21,18,15,0,1,-1,3,0,0,1,0,sil
4.658303737640381,-11,0,-1,22,6,18,8,4,-14,-1,-10,-10,0,-8,sil
4.658303737640381,-7,1,4,18,1,17,22,3,-10,-3,-8,-12,-2,-2,sil
4.674372911453247,-6,-4,0,11,0,12,20,2,-1,6,-3,-7,-3,1,sil
4.674372911453247,-5,-3,4,4,1,10,10,1,-2,21,0,-3,-1,3,sil
4.689807653427124,-3,0,4,10,3,7,15,-3,-4,21,0,-9,-1,5,sil
4.689807653427124,0,-3,9,10,2,4,19,-2,-1,7,-12,-9,-13,5,sil
4.705789566040039,4,-3,7,5,0,4,8,1,-1,-2,-16,-1,-15,5,sil
4.705789566040039,1,-6,-6,-1,0,3,3,0,-4,2,-6,0,0,5,sil
4.720940828323364,0,-11,0,-9,0,5,11,1,5,14,-1,5,7,8,sil
4.720940828323364,6,-11,-2,-14,-1,9,15,0,20,21,-2,5,13,13,sil
4.736074686050415,6,-11,-5,-12,-6,5,5,0,23,21,-3,-1,19,12,sil
4.736074686050415,0,-12,-5,-9,-5,2,1,3,22,19,3,0,22,7,sil
4.752120971679688,-3,-10,-11,-10,-6,-8,-6,0,19,11,12,5,19,0,sil
4.752120971679688,-7,-4,-4,-15,-12,-18,-21,-3,8,0,7,4,7,-4,sil
4.76731538772583,-9,-3,-9,-11,-7,-16,-16,-1,2,-4,0,2,-1,-8,sil
4.76731538772583,5,0,-6,0,-2,-13,-6,-1,-1,-4,3,8,0,-3,sil
4.782949447631836,12,7,6,0,-9,-16,-15,-4,-14,-14,8,7,0,-3,sil
4.782949447631836,-8,3,-5,-17,-13,-22,-22,0,-21,-26,-1,-4,-10,-18,sil
4.798240423202515,-16,5,-4,-20,-11,-15,-12,4,-17,-26,-5,-2,-15,-23,sil
4.798240423202515,7,22,5,3,-3,-2,0,0,0,-8,10,11,-3,-4,sil
4.813791036605835,20,24,11,22,6,0,5,1,9,-3,15,14,5,10,sil
4.813791036605835,5,8,10,17,7,8,3,8,0,-11,5,5,3,6,sil
4.829197406768799,0,5,0,14,11,17,8,3,-5,-4,4,-1,5,4,sil
4.829197406768799,9,18,5,21,28,13,14,-5,-4,0,0,2,0,7,sil
4.844402074813843,3,8,-3,13,26,4,4,-6,-8,-11,-10,-3,-12,-2,sil
4.860258340835571,-13,-19,-13,-8,-2,-1,-12,0,-10,-12,-10,-15,-16,-11,sil
4.860258340835571,-12,-15,3,-7,-10,-2,-15,2,-5,0,0,-10,-11,-5,sil
4.860258340835571,0,3,4,14,11,4,-3,-1,-4,5,0,-3,-10,-1,sil
4.875965595245361,0,0,4,13,12,10,3,-3,-6,7,-7,1,-9,-2,sil
4.875965595245361,-1,-1,2,4,-4,10,10,0,0,10,0,3,0,1,sil
4.893046855926514,3,4,-1,6,-1,10,15,2,0,13,7,-1,3,8,sil
4.893046855926514,0,-3,0,-1,5,7,6,-2,-2,10,-8,-11,-2,3,sil
4.908255338668823,-14,-21,-14,-14,-4,-4,-1,-4,-2,4,-20,-19,-6,-10,sil
4.908255338668823,-9,-19,-9,-11,-14,-6,2,6,5,4,-4,-7,3,-1,sil
4.923805952072144,0,-9,4,-11,-12,0,8,6,13,10,6,4,12,11,sil
4.923805952072144,0,-2,3,-14,-11,-5,2,-2,11,12,2,1,14,6,sil
4.939177513122559,-3,-2,3,-10,-12,-13,-10,-1,2,1,0,-1,11,2,sil
4.939177513122559,-6,-16,-11,-16,-10,-13,-17,0,-5,-13,-9,-7,-1,-1,sil
4.955222845077515,2,-8,-3,-20,-5,-6,-3,1,-1,-16,-13,-5,-8,0,sil
4.955222845077515,20,19,12,1,0,5,12,6,17,2,6,11,7,11,sil
4.970870971679688,20,16,6,17,4,1,0,4,21,10,23,13,18,11,sil
4.987824440002441,6,1,6,4,2,-9,-7,2,1,-8,15,8,9,2,sil
4.987824440002441,-5,5,-2,-5,3,-4,2,-2,0,-9,4,7,0,-2,sil
4.987824440002441,-10,4,0,-3,3,8,1,-5,9,7,-2,4,-3,-9,sil
5.001306772232056,0,7,13,15,14,16,2,2,7,20,5,9,4,-1,sil
5.018348693847656,5,14,3,25,21,10,14,-1,-1,19,19,15,17,4,sil
5.018348693847656,-4,10,0,15,11,5,7,-12,-5,1,6,12,5,-6,sil
5.018348693847656,-2,7,1,19,6,10,0,-4,-5,-10,-7,6,-9,-8,sil
5.034152984619141,1,1,0,11,3,4,0,4,-11,-9,-3,2,-8,-1,sil
5.034152984619141,-11,-10,-5,-13,-7,-4,0,-2,-15,-7,-6,-9,-12,-11,sil
5.048205852508545,-12,-10,-12,-5,-6,-4,-7,-5,-5,-7,-15,-19,-18,-12,sil
5.0639307498931885,4,1,-6,4,0,-4,-14,3,-10,-11,-12,-11,-18,2,sil
5.0639307498931885,10,0,-6,-9,-4,-7,-11,3,-19,-9,-4,-7,-11,5,sil
5.081043481826782,11,-4,5,-6,-7,-6,1,0,-3,1,0,-3,1,8,sil
5.081043481826782,3,-6,6,1,-6,-1,2,-1,1,0,-3,-6,0,7,sil
5.081043481826782,-11,-12,-18,-12,-7,-1,-3,-7,-12,-11,-22,-24,-17,-6,sil
5.094864368438721,-9,-12,-8,-18,-6,0,4,-2,-3,-10,-25,-18,-8,-1,sil
5.110352754592896,1,-14,0,-13,-8,0,14,3,23,6,2,3,13,12,sil
5.110352754592896,-1,-10,-5,-13,-10,-4,3,4,25,13,8,6,12,1,sil
5.1260154247283936,-7,6,1,-5,0,-6,-11,6,2,1,-6,0,0,-11,sil
5.1260154247283936,-1,10,2,2,2,-6,-16,4,-1,-4,12,5,5,-2,sil
5.142099618911743,6,0,6,-2,-5,-9,-6,1,11,10,41,19,18,12,sil
5.142099618911743,10,4,3,-2,-3,-8,3,2,20,17,31,19,23,12,sil
5.157298803329468,11,11,0,6,4,-5,-3,3,6,-4,8,8,9,-1,sil
5.157298803329468,9,11,13,11,1,-6,-12,1,-11,-16,6,8,0,-10,sil
5.172874927520752,9,13,15,9,3,-2,4,-3,-8,-1,14,18,12,-2,sil
5.172874927520752,8,12,21,10,17,16,17,-4,0,7,11,18,12,3,sil
5.188214063644409,0,7,9,16,20,23,7,-3,-8,2,-2,-1,-6,-3,sil
5.188214063644409,-6,0,-6,14,8,5,-1,-1,-22,-3,-18,-15,-19,-7,sil
5.203912973403931,-8,0,0,8,0,6,0,3,-16,-4,-23,-15,-19,0,sil
5.203912973403931,-8,0,-1,7,4,17,4,0,1,5,-13,-17,-12,0,sil
5.219204902648926,-2,0,0,4,11,9,1,-2,2,11,-7,-14,-8,0,sil
5.219204902648926,-3,-6,-6,0,8,1,0,-5,-7,4,-10,-8,-6,-1,sil
5.235255241394043,-9,-12,-16,-5,-1,3,-1,-2,0,5,-2,-4,1,2,sil
5.235255241394043,-3,-7,-2,-9,-7,0,-2,1,8,7,4,1,3,8,sil
5.252862453460693,-5,-11,-9,-13,-10,-4,0,0,-2,-2,-11,-4,-13,-4,sil
5.252862453460693,-14,-19,-9,-22,-8,-2,4,0,-2,-9,-19,-11,-14,-13,sil
5.265889406204224,-5,-8,4,-10,-2,2,12,2,24,12,5,3,12,7,thankyou
5.265889406204224,4,3,2,13,-4,0,17,2,29,26,14,11,20,22,thankyou
5.281145095825195,1,0,-1,9,-7,-5,7,0,3,5,-5,0,0,6,thankyou
5.281145095825195,-1,-7,-14,-9,-3,-7,0,-2,-2,-16,-7,-11,-5,-5,thankyou
5.296590089797974,-4,-5,-16,-21,-6,-7,0,0,-5,-25,-1,-2,0,-1,thankyou
5.296590089797974,-4,6,0,-7,-8,-1,3,0,-4,-18,-5,9,1,0,thankyou
5.312127590179443,3,11,3,11,0,-1,1,0,7,-3,-4,1,3,-5,thankyou
5.312127590179443,5,1,3,-1,-2,-7,-6,5,6,-7,0,-4,0,-9,thankyou
5.328147888183594,2,-3,-5,-15,-5,-7,-11,4,2,-11,4,6,0,-4,thankyou
5.328147888183594,12,7,6,3,2,-2,-11,-2,6,8,10,18,10,5,thankyou
5.344037294387817,19,13,21,11,3,-2,-15,2,-4,13,13,8,13,3,thankyou
5.344037294387817,11,5,5,-3,-1,-10,-23,1,-21,-10,13,-1,0,-5,thankyou
5.359391450881958,11,7,11,-1,-4,-8,-20,-7,-18,-13,14,15,-2,0,thankyou
5.359391450881958,16,9,15,5,-2,0,-1,-4,-1,5,16,23,10,8,thankyou
5.3747851848602295,11,1,4,0,1,0,5,4,8,8,14,9,7,2,thankyou
5.3747851848602295,9,3,10,3,10,-3,-1,0,6,3,21,13,3,2,thankyou
5.390133619308472,13,13,13,21,14,-3,-1,-1,-1,5,27,22,10,12,thankyou
5.390133619308472,4,8,7,22,16,6,5,6,-10,-1,8,6,0,8,thankyou
5.406161308288574,-14,-6,-8,10,13,13,9,0,-12,-3,-10,-15,-17,-6,thankyou
5.406161308288574,-19,-14,-8,3,0,10,4,-8,-16,0,-17,-24,-21,-13,thankyou
5.422202348709106,-19,-10,-8,1,-2,10,0,-1,-23,-2,-28,-28,-25,-17,thankyou
5.422202348709106,-27,-4,-26,-1,6,16,5,1,-11,1,-34,-35,-26,-21,thankyou
5.437338829040527,-26,-9,-12,-6,7,15,13,0,6,11,-31,-29,-15,-11,thankyou
5.437338829040527,-21,-14,-8,-6,1,9,14,-1,9,9,-29,-22,-6,0,thankyou
5.453407287597656,-20,-13,-18,-14,-7,0,8,-2,8,0,-28,-21,-3,3,thankyou
5.453407287597656,-12,-11,-5,-22,-18,-4,4,4,16,2,-18,-11,3,4,thankyou
5.468954801559448,4,-8,1,-4,-13,-5,1,7,22,15,0,0,19,9,thankyou
5.468954801559448,18,11,7,15,-2,-8,-1,1,22,25,17,19,33,18,thankyou
5.484142780303955,13,15,6,1,-2,0,2,0,15,14,22,22,27,16,thankyou
5.484142780303955,3,-5,0,-19,-1,3,10,1,2,-26,9,10,5,3,thankyou
5.499307155609131,11,1,8,-3,0,-4,5,2,2,-39,5,16,3,4,thankyou
5.499307155609131,27,22,12,19,0,-1,0,-3,10,3,26,28,19,11,thankyou
5.515295028686523,18,8,11,6,0,7,2,-2,1,10,27,18,10,5,thankyou
5.515295028686523,-5,-9,-5,-7,-1,-1,-1,-2,-13,-25,1,-4,-14,-10,thankyou
5.530804634094238,-9,-4,-13,-1,-4,-13,-11,-6,-16,-13,-1,-8,-13,-13,thankyou
5.530804634094238,3,3,10,-5,-5,-6,-10,-2,-14,15,8,7,0,-2,thankyou
5.547146558761597,6,1,4,-12,1,-5,-6,0,-7,1,0,10,-2,0,thankyou
5.547146558761597,7,7,2,0,12,-6,-11,1,-2,-9,0,9,0,0,thankyou
5.561648607254028,14,17,14,5,10,-4,-15,3,6,7,20,16,7,6,thankyou
5.561648607254028,13,11,2,1,0,-5,-14,1,11,8,17,11,0,-1,thankyou
5.578433990478516,6,1,-1,7,2,0,-6,-1,0,-2,-5,2,-7,-9,thankyou
5.578433990478516,-4,0,-4,17,10,0,4,0,-12,-1,-9,-7,-3,-4,thankyou
5.594523906707764,-21,-4,-10,4,2,-6,3,2,-11,0,-12,-25,-12,-10,thankyou
5.594523906707764,-32,-13,-10,-14,-7,-4,0,-1,-8,-2,-24,-34,-20,-17,thankyou
5.608218431472778,-24,-21,-10,-21,-12,5,1,-7,-10,-7,-25,-24,-16,-8,thankyou
5.624013423919678,-11,-17,-1,-13,-9,11,4,-2,-7,-11,-23,-11,-12,-3,thankyou
5.6250176429748535,-13,-15,-11,-5,-8,1,1,0,-3,-12,-21,-15,-13,-9,thankyou
5.6391215324401855,-15,-16,-13,-8,-11,-3,-2,0,-4,-11,-13,-15,-10,-4,thankyou
5.6391215324401855,-3,-3,7,5,0,16,0,4,-3,-2,-1,-1,0,2,thankyou
5.6543128490448,9,9,10,26,13,17,6,6,3,12,8,10,13,0,thankyou
5.6543128490448,14,12,12,16,4,-12,1,5,17,21,24,20,23,8,thankyou
5.669916152954102,21,17,6,13,5,-9,6,3,28,24,36,28,34,29,thankyou
5.669916152954102,33,23,11,30,20,17,19,5,24,18,30,26,32,36,thankyou
5.685222387313843,27,18,18,24,15,14,14,2,10,10,19,18,16,20,sil
5.685222387313843,11,7,4,4,3,-2,1,-5,0,8,14,9,10,11,sil
5.700824737548828,5,5,4,-1,0,-4,-6,-4,-10,-1,5,4,4,11,sil
5.700824737548828,1,1,1,-1,-1,-2,-9,-1,-11,-6,-3,-1,-4,0,sil
5.716885566711426,1,0,-3,-1,-2,0,-2,-1,-2,0,-7,-2,-8,-6,sil
5.716885566711426,3,0,-2,-6,-4,4,1,-2,2,-1,-1,3,-6,0,sil
5.732990264892578,-9,-11,-14,-21,-10,-4,-6,-5,-4,-7,0,-5,-7,-13,sil
5.732990264892578,-19,-17,-8,-29,-10,-13,-12,0,-13,-7,-13,-14,-13,-30,sil
5.748128652572632,-12,-7,-2,-14,-3,-4,-4,2,-4,-4,-15,-6,-12,-18,sil
5.748128652572632,-10,0,-5,-9,0,2,0,0,-1,-10,-6,-5,-8,-4,sil
5.763878583908081,-19,-5,-9,-17,0,2,0,-1,-11,-16,-16,-17,-16,-11,sil
5.763878583908081,-18,-11,-16,-12,5,3,2,-2,0,-10,-27,-24,-18,-13,sil
5.77985692024231,-6,-6,-1,-6,1,2,6,0,24,1,-20,-13,-3,-3,sil
5.77985692024231,-4,0,-4,-10,-14,-4,7,5,17,7,-12,-11,0,-5,sil
5.7948157787323,-18,-10,-18,-11,-14,-12,3,2,-5,3,-11,-18,-7,-13,sil
5.7948157787323,-21,-12,0,-5,0,-4,-4,0,-6,-1,0,-7,0,-5,sil
5.810884714126587,3,0,4,0,6,7,-2,-2,6,0,16,6,12,13,sil
5.810884714126587,17,4,9,6,3,7,4,0,0,-2,9,5,4,16,sil
5.826979875564575,1,3,11,14,3,0,-2,-1,-14,-17,-8,-2,-9,-3,sil
5.826979875564575,1,10,0,21,1,-1,-11,-2,-12,-14,0,7,-2,-8,sil
5.843078136444092,19,17,6,21,-1,0,2,1,0,9,21,28,14,16,sil
5.843078136444092,18,12,7,22,5,4,17,3,7,17,16,25,19,23,sil
5.858394622802734,17,11,15,25,15,4,10,2,7,6,7,23,15,18,sil
5.858394622802734,30,16,26,26,12,-1,4,1,10,13,24,34,21,22,sil
5.874044179916382,25,5,11,18,1,-5,0,1,8,21,28,18,15,9,sil
5.874044179916382,0,-8,1,2,-3,0,-13,0,-11,-2,0,-8,-10,-8,sil
5.889049530029297,-6,-5,-9,0,0,-2,-15,-1,-22,-10,-8,-10,-16,-5,sil
5.889049530029297,1,0,-6,-5,-2,-9,-9,0,-6,7,3,0,0,0,sil
5.9051055908203125,-2,-4,-2,-18,-13,-7,-10,0,7,7,5,-4,1,-5,sil
5.9051055908203125,-15,-15,-10,-24,-14,-3,-11,-4,2,-5,0,-11,0,-8,sil
5.92089056968689,-11,-12,-6,-22,-8,0,-8,0,-7,-1,4,-3,3,-3,sil
5.92089056968689,-7,-1,-5,-14,-2,5,0,5,-4,2,5,0,2,0,sil
5.936548709869385,-8,4,-1,-5,7,4,6,0,0,-6,-6,-3,-4,2,sil
5.936548709869385,-5,7,2,-1,12,5,8,-1,1,-8,-11,-7,-1,-2,sil
5.952117204666138,-1,3,-4,0,4,6,10,-1,8,4,0,-4,5,-7,sil
5.952117204666138,0,0,3,3,3,3,7,0,9,6,0,1,0,-1,sil
5.967183828353882,0,1,0,2,6,0,-1,-2,2,-12,-12,-5,-6,-4,sil
5.967183828353882,0,3,-5,0,-1,0,-2,-3,0,-17,-11,-12,-6,-10,sil
5.983264684677124,0,0,-3,-3,-4,3,8,-1,3,2,-4,-3,-10,-6,sil
5.983264684677124,0,-3,-7,-1,6,9,13,0,5,9,-7,-3,-15,-3,sil
5.999072790145874,5,2,7,8,7,10,9,0,0,-5,-13,-6,-10,-3,sil
5.999072790145874,3,2,5,10,0,1,4,0,-5,-11,-11,-6,-5,-1,sil
6.020398855209351,-10,-10,-5,-2,-3,-4,4,2,-7,-4,-13,-10,-5,-1,sil
6.020398855209351,-19,-13,0,-9,-5,0,3,3,-2,-1,-15,-12,-1,0,sil
6.020398855209351,-10,-11,-6,-3,-11,-3,-2,-1,4,0,-12,-8,2,1,sil
6.030272722244263,-4,-14,-2,-3,-15,-17,-11,0,6,1,-6,0,-1,4,sil
6.0458760261535645,-8,-12,-2,-3,-8,-11,-9,0,0,-1,0,0,-1,3,sil
6.0458760261535645,-1,-3,-5,-7,-5,1,-4,-7,-12,-2,3,1,2,6,sil
6.061113595962524,13,4,6,-3,-6,5,2,-1,-2,11,11,16,9,12,sil
6.061113595962524,15,6,0,6,-2,-4,6,2,15,24,16,17,17,11,sil
6.076817035675049,8,10,-3,2,1,-13,-5,0,7,10,15,10,16,4,sil
6.076817035675049,13,20,8,-2,8,-7,-7,6,0,4,33,23,18,5,sil
6.092292308807373,20,19,13,0,9,-3,-3,6,0,9,42,29,18,3,sil
6.092292308807373,11,13,9,1,0,-8,-20,-1,-14,-11,19,17,1,-6,sil
6.108334541320801,5,22,2,10,4,0,-19,-6,-22,-21,10,15,-1,-8,sil
6.108334541320801,7,30,15,27,25,19,2,5,-11,-1,8,9,5,-2,sil
6.123271942138672,-8,5,4,17,16,16,2,5,-10,-2,-20,-20,-10,-10,sil
6.123271942138672,-28,-22,-18,0,2,4,6,-1,-7,-15,-34,-36,-29,-15,sil
6.139214992523193,-20,-12,-3,7,17,16,29,2,11,1,-17,-22,-18,-3,sil
6.139214992523193,-11,-3,-1,17,20,19,27,3,19,19,-9,-19,-8,1,sil
6.155149459838867,-11,-21,-5,1,-8,-1,7,0,4,7,-14,-18,-18,5,sil
6.155149459838867,-4,-25,-3,-12,-21,-6,3,-5,5,-3,-19,-7,-13,8,sil
6.16994047164917,3,-14,-11,-12,-12,2,5,-9,19,1,-20,-6,4,2,sil
6.16994047164917,9,-11,0,-13,-14,1,3,-1,20,7,-2,2,17,6,sil
6.185408353805542,16,-7,3,-3,-12,-6,-1,1,13,16,20,20,26,21,sil
6.185408353805542,23,7,2,1,-1,-8,-13,-3,1,7,16,23,22,14,sil
6.201253890991211,18,8,0,-5,-2,-3,-16,-4,-9,-14,9,10,4,-1,sil
6.201253890991211,1,-8,-4,-17,-11,-9,-16,0,-5,-14,20,6,6,-1,sil
6.216411352157593,-5,-6,5,-21,-10,-15,-14,3,7,4,19,12,17,2,sil
6.216411352157593,-3,6,2,-17,-1,-9,-3,1,7,4,3,-2,2,-7,sil
6.232300519943237,-12,6,-9,-13,0,-7,-3,0,-9,-21,-9,-18,-23,-22,sil
6.248255491256714,-20,4,-8,-12,0,-7,-11,0,-22,-29,-14,-14,-22,-25,sil
6.248255491256714,-7,5,-3,-2,-1,-3,-8,-3,-25,-9,-11,-9,-8,-19,sil
6.248255491256714,0,12,11,11,-1,-3,-7,-4,-33,-10,-5,0,-12,-13,sil
6.263187885284424,-5,16,5,12,8,-7,-13,-2,-29,-17,0,7,-18,-12,sil
6.263187885284424,-3,6,3,6,14,-1,-8,0,-3,0,2,4,-9,-2,sil
6.278326511383057,8,3,8,14,8,12,9,4,14,16,2,5,2,10,sil
6.278326511383057,12,6,-1,25,9,11,22,11,22,18,3,9,6,13,sil
6.294668436050415,2,0,2,10,8,5,12,5,15,1,-5,-1,0,3,sil
6.310360670089722,-7,-10,1,1,3,16,10,-7,0,-9,-17,-20,-5,-7,sil
6.310360670089722,-2,-8,-3,10,7,28,32,-1,-2,5,-15,-13,0,2,sil
6.325960874557495,2,-1,1,11,7,22,36,7,12,20,-2,5,2,19,sil
6.325960874557495,-3,-1,-5,5,-1,10,18,0,14,12,1,1,0,10,sil
6.325960874557495,0,0,4,7,0,7,11,2,6,10,1,0,6,8,sil
6.342060327529907,5,0,3,8,1,7,4,6,12,17,3,12,15,19,sil
6.357271909713745,-1,-12,-12,-8,-13,-1,-5,-3,17,10,1,2,12,10,sil
6.35827374458313,-2,-11,-6,-21,-16,-4,4,-3,17,12,8,-5,14,7,sil
6.35827374458313,9,4,-2,-9,-4,-7,0,1,16,21,15,4,23,19,sil
6.37487268447876,13,14,4,9,-2,-19,-31,-1,2,9,10,16,18,14,sil
6.37487268447876,10,9,13,10,-5,-19,-31,-2,-2,0,14,16,11,4,sil
6.389976739883423,13,1,9,-1,-1,-10,-10,0,0,0,17,15,14,6,sil
6.389976739883423,6,-3,2,-15,-2,-9,-14,-1,-11,-11,0,6,3,-3,sil
6.403208494186401,-6,-11,-15,-17,-3,-12,-17,-4,-22,-24,-8,-7,-16,-20,sil
6.418879747390747,-9,-9,-9,-14,0,-10,-8,0,-18,-20,0,-8,-16,-19,sil
6.418879747390747,-6,-8,-5,-20,1,-12,-8,-1,-17,-21,1,-6,-9,-18,sil
6.43425178527832,-8,-9,-11,-24,0,-14,-11,-3,-18,-27,-2,-15,-20,-26,sil
6.43425178527832,-11,3,5,-13,0,-5,-11,0,-20,-27,-8,-18,-32,-29,sil
6.45004940032959,-16,9,0,-1,0,-2,-11,1,-19,-27,-10,-13,-25,-25,sil
6.45004940032959,-9,0,-5,0,3,-2,-7,0,-11,-25,-6,-1,-15,-11,sil
6.465128183364868,5,7,7,18,7,10,0,-1,0,-2,2,1,-6,0,sil
6.465128183364868,3,11,5,29,7,19,11,0,1,11,-4,-8,-4,-4,sil
6.48125433921814,-2,-1,4,11,4,20,27,6,2,7,-18,-4,-9,-2,sil
6.48125433921814,0,-4,2,8,1,14,31,3,9,14,-10,5,0,12,sil
6.497168302536011,0,4,2,17,-2,4,12,-3,10,19,-2,1,8,18,sil
6.497168302536011,-5,7,0,11,0,12,4,-3,8,15,-9,-5,5,12,sil
6.5131824016571045,-8,0,-5,6,7,23,20,0,14,22,-9,-5,1,10,sil
6.5131824016571045,-4,-8,6,7,3,14,22,4,17,26,-5,0,6,10,sil
6.52827787399292,9,-5,7,1,1,6,13,0,16,18,-3,5,17,13,sil
6.52827787399292,21,-4,5,-7,3,6,7,-1,14,13,4,14,20,19,sil
6.543689489364624,6,-8,-1,-13,-9,-5,-1,3,7,6,7,12,13,15,sil
6.543689489364624,-7,-9,-16,-17,-23,-22,-9,3,11,4,12,6,21,7,sil
6.558861017227173,1,0,-3,-19,-13,-18,-13,4,19,10,24,8,27,7,sil
6.558861017227173,14,6,1,-13,0,-6,-16,0,16,8,24,10,11,-2,sil
6.574230670928955,19,20,6,8,2,-3,-15,-1,-2,-3,19,15,4,-7,sil
6.574230670928955,14,27,14,20,7,-4,-9,2,-18,-13,22,17,8,4,sil
6.589321613311768,1,12,-2,11,15,-2,0,1,-20,-16,11,4,0,3,sil
6.589321613311768,-2,4,1,10,13,3,10,-2,-18,-9,-9,-1,-11,-3,sil
6.604859590530396,-6,1,3,17,0,5,7,-8,-16,1,-17,-12,-14,-7,sil
6.604859590530396,-16,-16,-11,-2,-14,-6,-2,-9,-14,-10,-19,-31,-21,-13,sil
6.620282173156738,-13,-28,-11,-27,-21,-13,-4,-1,-7,-21,-21,-22,-13,-7,sil
6.620282173156738,-2,-23,-10,-23,-14,-11,-8,3,4,-9,-12,2,0,0,sil
6.635819911956787,2,-10,0,-12,-3,-6,-15,3,17,-4,5,12,0,1,sil
6.635819911956787,3,2,4,-8,6,-2,-6,2,15,-15,16,7,2,-2,sil
6.651270151138306,0,3,-3,-13,0,-15,-15,-2,-12,-25,0,-2,-7,-15,sil
6.651270151138306,-1,6,2,-9,-11,-18,-34,-6,-36,-30,-20,-4,-31,-27,sil
6.667284965515137,1,18,6,18,6,4,-13,-1,-20,-9,-2,3,-19,-15,sil
6.667284965515137,3,22,14,37,25,24,19,3,0,20,18,4,4,3,sil
6.683293342590332,-4,10,0,26,14,22,20,3,-2,21,7,-7,0,2,sil
6.683293342590332,-9,2,-8,8,3,9,8,1,0,10,-3,-9,-2,-1,sil
6.698875427246094,-4,0,6,2,7,4,6,1,14,14,0,0,6,5,sil
6.698875427246094,-3,-9,-3,2,5,5,12,-2,16,21,0,-5,9,6,sil
6.713932275772095,-6,-14,-15,-3,-1,6,14,0,5,14,-10,-14,0,0,sil
6.713932275772095,-7,-12,-8,-10,-2,5,8,0,-1,6,-13,-9,-4,0,sil
6.729527235031128,-6,-8,-1,-1,-5,1,2,-3,-1,3,-12,-3,-2,1,sil
6.729527235031128,-4,-2,10,1,-9,4,9,0,7,2,-7,0,2,1,sil
6.744816303253174,-4,-4,-1,-7,-1,6,17,3,14,6,-2,-1,7,4,sil
6.744816303253174,-7,-12,-10,-16,-4,1,8,0,-2,-2,-13,-8,0,9,sil
6.760979652404785,-8,-11,-10,-16,-9,-2,-2,-1,-13,-16,-21,-10,-13,1,sil
6.760979652404785,4,-1,-5,-5,0,-4,-1,0,6,-8,0,-2,-3,-4,sil
6.776109457015991,21,11,17,6,5,-2,0,5,21,9,18,17,19,6,sil
6.776109457015991,17,12,14,8,-4,-6,-11,2,8,6,16,24,21,14,sil
6.79214882850647,5,3,2,-3,-7,-15,-21,-1,-1,-4,16,21,11,9,sil
6.79214882850647,11,5,2,-1,3,-5,-7,1,8,5,21,24,12,8,sil
6.807286024093628,23,13,4,9,8,10,10,1,20,18,14,19,15,11,sil
6.807286024093628,18,12,17,8,0,7,5,0,14,7,8,9,10,7,sil
6.823257923126221,8,3,6,4,-1,-3,0,0,1,-2,12,2,4,-1,sil
6.823257923126221,1,0,-7,3,0,-7,0,-4,-10,0,4,-2,0,-2,sil
6.839033603668213,-2,-2,-6,-19,-4,-5,-6,-5,-17,-4,-5,-3,0,-2,sil
6.839033603668213,-6,-11,-11,-34,-9,-7,-5,-5,-17,-18,-1,-6,-7,-11,sil
6.854661703109741,-8,-7,-5,-7,0,-3,0,0,-17,-22,1,-8,-15,-14,sil
6.854661703109741,-11,2,-2,13,5,-1,-5,2,-6,-9,0,-6,-6,-5,sil
6.871039390563965,-8,1,2,4,-1,-4,-16,0,-2,-4,0,0,0,1,sil
6.871039390563965,-4,2,9,11,-5,0,-10,-4,-9,-6,2,3,-1,0,sil
6.885514974594116,-4,6,-6,25,3,3,-1,-2,-7,1,4,0,-2,-3,sil
6.901459693908691,-3,0,0,6,5,-2,-9,1,-5,0,-7,-7,-8,-3,sil
6.901459693908691,-3,0,6,2,2,-4,-16,0,-11,-8,-13,-9,-9,-6,sil
6.916232585906982,-1,4,3,11,5,1,-5,0,-12,-2,-3,-4,-4,-9,sil
6.916232585906982,-2,0,2,0,4,4,2,3,0,1,0,-6,-8,-10,sil
6.93189263343811,-4,-5,-6,-4,6,2,9,5,16,3,-8,-15,-12,-8,sil
6.932892084121704,0,-2,0,2,9,5,18,3,17,6,-14,-9,-7,0,sil
6.947020769119263,2,1,0,3,1,9,7,-2,-3,-1,-17,-6,-12,-2,sil
6.947020769119263,-2,1,-3,2,0,1,-5,0,-11,-10,-20,-10,-19,-11,sil
6.963313341140747,-1,1,1,-1,8,4,15,8,6,5,-16,-6,-10,-6,sil
6.963313341140747,-4,-4,-11,-13,0,11,33,4,13,14,-8,-5,1,1,sil
6.9811718463897705,-10,-11,-11,-15,-18,1,7,0,-5,-1,1,0,5,3,sil
6.9811718463897705,-3,-9,-2,-6,-16,-7,-9,-3,-16,-3,12,10,6,4,sil
6.9811718463897705,5,0,0,0,-1,-1,1,-8,-3,7,8,8,6,4,sil
6.99479866027832,0,4,2,4,3,7,8,-2,10,2,-3,0,3,1,sil
7.010828495025635,-4,-5,-2,3,3,4,6,5,24,11,3,2,12,14,sil
7.01183032989502,5,-7,5,-1,-1,3,11,4,36,31,23,14,30,36,sil
7.026406288146973,9,-2,3,-7,-2,10,12,0,35,24,17,16,30,29,sil
7.026406288146973,0,-10,-14,-14,2,5,0,2,16,-1,-2,6,8,3,sil
8.845167875289917,-8,-6,-14,-14,-9,-5,0,-1,7,-5,-13,-8,-5,1,thankyou
8.845167875289917,-10,-8,-9,-17,-11,0,0,0,0,1,-13,-2,-1,5,thankyou
8.860803127288818,-6,-16,4,-13,-15,0,-3,0,0,9,-9,4,9,10,thankyou
8.860803127288818,-1,-13,-1,-16,-9,-8,-7,0,0,-7,0,0,8,1,thankyou
8.876908779144287,5,-1,5,-25,-11,-13,-15,0,-9,-29,9,6,3,-5,thankyou
8.876908779144287,10,-2,1,-20,-16,-16,-20,-5,-13,-29,11,13,7,-11,thankyou
8.893051385879517,10,3,-1,0,-3,-20,-20,-5,-5,-18,10,11,1,-14,thankyou
8.893051385879517,12,20,14,19,12,-10,-16,4,-2,-11,21,14,-7,-12,thankyou
8.908628225326538,8,16,9,23,12,-1,-10,2,-4,-8,23,8,-3,-10,thankyou
8.908628225326538,-9,4,6,16,5,0,-7,-2,-9,-7,5,-7,-8,-15,thankyou
8.923930168151855,-19,7,0,25,14,9,7,-2,-3,5,0,-14,-16,-15,thankyou
8.924280881881714,-10,8,0,36,28,22,25,1,4,24,0,-11,-9,-1,thankyou
8.939891815185547,-3,0,0,20,15,24,25,1,3,23,-6,-3,0,11,thankyou
8.939891815185547,-6,-10,-15,6,-6,7,14,-2,0,10,-10,-3,0,11,thankyou
8.954967498779297,-6,-12,-4,5,-6,-2,8,-7,-3,3,-20,-10,-1,9,thankyou
8.954967498779297,-2,-9,-1,-1,-5,0,5,-4,-4,7,-24,-13,-5,6,thankyou
8.970093488693237,1,-7,-13,-17,-18,6,6,5,8,6,-8,-2,0,6,thankyou
8.970093488693237,6,-6,-9,-23,-15,8,12,9,21,4,0,5,16,14,thankyou
8.98517370223999,6,-6,-7,-22,-1,2,8,5,12,1,-5,0,16,11,thankyou
8.98517370223999,2,-7,-5,-28,-4,-5,-8,3,-7,-6,-10,2,-6,-1,thankyou
9.000267267227173,-2,-3,-6,-27,-15,-11,-18,0,-17,-13,-8,1,-18,-10,thankyou
9.000267267227173,0,0,3,-21,-7,-16,-17,0,-6,-9,0,0,-5,-8,thankyou
9.015889644622805,14,8,21,-4,11,-9,-12,5,14,6,17,11,14,4,thankyou
9.015889644622805,16,11,13,22,21,2,-6,2,19,23,34,15,20,10,thankyou
9.03193187713623,-2,4,9,28,14,0,-3,0,2,14,24,7,9,0,thankyou
9.03193187713623,-13,-8,0,9,5,-2,0,1,-5,-1,1,0,0,-9,thankyou
9.04725432395935,-5,-15,-11,-6,0,1,1,-1,-6,-5,-10,-8,-4,-11,thankyou
9.04725432395935,-4,-10,-2,-7,-6,0,1,-4,-14,-11,-4,-10,-8,-14,thankyou
9.06330418586731,-8,0,-5,4,-7,-1,1,-4,-5,-10,7,-8,-5,-13,thankyou
9.06330418586731,0,12,6,19,1,8,4,-1,13,2,5,0,2,0,thankyou
9.078894138336182,2,18,13,15,14,13,8,-3,13,1,-4,3,6,10,thankyou
9.078894138336182,-3,15,-9,-7,3,-4,0,-4,5,-10,-3,0,0,11,thankyou
9.093966007232666,0,19,-5,-18,-18,-15,-6,0,1,-8,5,5,-4,9,thankyou
9.093966007232666,3,16,9,2,-8,-5,3,0,-5,-3,0,5,-2,3,thankyou
9.109140396118164,1,0,8,12,8,-1,6,0,-15,-18,-17,-7,-5,-3,thankyou
9.109140396118164,2,-10,0,-2,2,-4,-6,1,-9,-13,-12,-2,0,0,thankyou
9.12478756904602,9,-14,-1,-7,-6,-3,-2,0,-1,6,13,13,9,8,thankyou
9.12478756904602,11,-15,7,0,-3,2,4,-1,-5,0,15,13,3,1,thankyou
9.140841007232666,6,0,-2,5,4,4,-2,0,-1,-2,4,7,0,-6,thankyou
9.140841007232666,8,20,0,17,8,2,-2,0,0,9,7,14,7,6,thankyou
9.156018018722534,8,21,4,22,5,7,9,0,-6,10,11,12,6,10,thankyou
9.156018018722534,0,5,-6,5,10,9,14,3,5,13,9,1,0,0,thankyou
9.172072649002075,0,1,3,-4,15,8,8,9,25,19,1,0,-2,0,thankyou
9.172072649002075,2,3,1,9,6,7,-7,2,12,7,-8,-7,-5,0,thankyou
9.187268495559692,-2,-3,-4,18,-4,0,-17,-6,-10,-3,-13,-18,-10,-9,thankyou
9.20335865020752,-10,-14,1,6,-6,-7,-7,-1,-11,0,-13,-16,-14,-7,thankyou
9.20335865020752,-20,-32,-12,-14,-17,-7,-1,0,-9,-5,-26,-22,-20,-8,thankyou
9.20335865020752,-32,-41,-16,-32,-25,0,0,-4,-15,-8,-34,-32,-20,-16,thankyou
9.219017505645752,-25,-20,-7,-23,-6,9,9,-2,-4,6,-22,-21,-5,-9,thankyou
9.219017505645752,-4,3,2,-5,5,8,12,2,15,12,-15,-3,5,6,thankyou
9.234754085540771,0,-9,-3,-12,-9,1,1,3,15,1,-8,0,8,5,thankyou
9.234754085540771,-7,-27,-24,-32,-19,-5,-1,0,4,-1,8,-2,12,-2,thankyou
9.24937891960144,-4,-4,-11,-28,-10,-8,-3,3,-5,0,14,7,10,0,thankyou
9.266413450241089,6,19,7,0,1,-5,-6,6,-3,-7,10,14,7,4,thankyou
9.266413450241089,12,13,10,9,9,-2,0,1,3,-11,12,9,10,3,thankyou
9.266413450241089,17,10,12,11,7,0,1,-4,5,-2,17,13,11,7,thankyou
9.280945062637327,19,13,8,25,4,-5,-8,-10,-3,-3,19,14,6,7,thankyou
9.280945062637327,10,14,14,24,10,-10,-12,-4,-11,-14,15,6,0,-3,thankyou
9.297083854675291,0,18,5,10,16,-3,0,1,0,-1,15,2,2,-8,sil
9.311513900756836,9,16,7,6,7,7,13,2,17,13,21,11,9,5,sil
9.311513900756836,16,7,20,9,2,14,12,5,17,9,14,17,2,17,sil
9.32726526260376,6,3,-1,11,9,3,0,0,5,0,3,9,-2,12,sil
9.32726526260376,7,10,-6,5,4,-15,-17,-3,-8,-2,4,10,3,8,sil
9.344893455505373,11,16,0,-8,-1,-19,-21,-1,-13,-1,2,7,6,4,sil
9.344893455505373,-1,12,-7,-12,0,-8,-5,0,-5,3,-9,-3,0,0,sil
9.344893455505373,-10,2,-3,-12,-6,0,6,-3,2,1,-14,-3,-8,-5,sil
9.35951018333435,-6,-14,-2,-23,-16,0,10,-1,4,-6,-11,-4,-10,-10,sil
9.35951018333435,-11,-29,-2,-22,-13,0,4,4,-6,-13,-19,-10,-12,-12,sil
9.37395191192627,-15,-22,-2,0,-5,10,-1,4,-13,-11,-22,-9,-13,-10,sil
9.389985799789429,-5,0,-1,16,1,13,0,1,-5,-4,-10,-3,-9,-6,sil
9.389985799789429,7,12,16,18,10,3,-1,0,-4,-4,-1,1,-5,0,sil
9.406042575836182,6,4,6,17,4,-1,-6,-2,-1,3,1,-6,1,0,sil
9.406042575836182,-7,-7,-7,2,-7,3,3,2,15,17,3,-20,6,0,sil
9.422139644622805,-13,-7,-12,-2,0,11,20,8,24,18,1,-17,-1,-3,sil
9.422139644622805,-6,-1,-11,8,17,10,21,2,14,13,-4,-8,-8,-5,sil
9.43923020362854,-1,1,1,1,13,7,15,-1,5,10,-4,-3,2,0,sil
9.43923020362854,-6,-2,-6,-11,2,7,8,-4,0,2,0,-1,6,1,sil
9.43923020362854,-4,-1,-8,-4,1,3,-2,-3,-10,0,0,3,-1,3,sil
9.4550461769104,0,4,4,8,0,-1,-9,0,-16,2,0,8,0,7,sil
9.47009563446045,-6,-2,-6,2,-8,-14,-15,-5,-19,-6,5,-2,0,0,sil
9.47109317779541,-9,-9,-4,-3,-14,-15,-24,-8,-25,-18,0,-10,-5,-8,sil
9.47109317779541,5,0,7,3,-7,0,-12,-2,-18,-5,4,0,2,0,sil
9.485304832458496,12,0,11,5,0,2,0,3,0,5,11,8,9,7,sil
9.485304832458496,0,-15,1,-1,-2,0,-1,2,6,-3,2,-1,-4,-1,sil
9.503806352615356,-4,-22,-7,-3,-5,-1,-4,-3,2,-8,-7,-9,-13,-9,sil
9.503806352615356,3,-15,5,-2,-6,0,-3,0,4,0,-5,0,-2,-1,sil
9.516899585723875,1,-1,-1,-2,-2,1,0,2,18,5,1,4,9,2,sil
9.532902956008911,2,13,-3,0,2,1,9,1,17,1,3,4,8,5,sil
9.532902956008911,15,19,10,0,2,0,18,2,6,-3,0,18,6,12,sil
9.532902956008911,14,7,0,-7,0,-6,10,2,7,-4,0,26,14,11,sil
9.549085140228271,2,0,-1,-17,-6,-12,-4,4,4,0,-1,19,15,12,sil
9.549085140228271,5,9,4,-8,-4,-9,-1,3,5,7,0,10,16,15,sil
9.563416004180908,16,16,8,9,1,-3,9,1,21,11,9,12,22,11,sil
9.578815698623655,19,12,13,3,6,0,2,2,25,13,15,19,20,9,sil
9.578815698623655,9,1,-1,-13,10,-2,-4,1,5,8,13,8,3,3,sil
9.59486198425293,0,11,2,0,13,-4,-6,-1,-10,-1,4,0,-11,-10,sil
9.59486198425293,-4,26,3,18,10,-1,-10,-1,-10,-2,-3,-8,-14,-15,sil
9.611897230148315,-10,4,-12,-2,0,-7,-12,-1,-16,-10,-9,-22,-16,-17,sil
9.611897230148315,-14,-21,-6,-22,-2,-6,-2,-1,-20,-26,-11,-24,-24,-22,sil
9.6275954246521,-10,-17,-3,0,4,11,7,0,-7,-15,-9,-21,-24,-17,sil
9.6275954246521,-13,-2,-7,17,1,17,0,-2,-9,-5,-14,-31,-26,-14,sil
9.6438946723938,-26,3,-12,7,-10,3,-15,-7,-33,-19,-18,-35,-35,-22,sil
9.644290447235107,-21,4,-10,3,-8,4,-9,-6,-33,-13,-6,-18,-25,-13,sil
9.644290447235107,-5,-4,3,4,0,19,13,3,-6,9,1,-2,-2,3,sil
9.658973217010498,-7,-21,-4,-9,0,17,18,4,9,11,-5,-6,0,0,sil
9.658973217010498,-8,-11,-7,-9,-4,11,11,2,7,3,-7,-3,1,3,sil
9.675211429595947,0,4,-1,15,-4,8,13,1,8,14,4,10,15,14,sil
9.675211429595947,0,-3,5,18,-1,-1,13,2,18,27,12,15,21,12,sil
9.690939903259276,2,-6,16,-1,4,0,4,4,25,20,10,17,17,13,sil
9.690939903259276,14,7,3,3,8,0,-1,-2,20,8,10,18,21,16,sil
9.705068826675417,27,11,3,11,5,-15,-7,-1,8,1,13,22,26,12,sil
9.720530271530151,30,6,14,1,1,-20,-14,3,6,2,21,31,22,14,sil
9.720530271530151,24,0,9,-6,0,-14,-17,-3,0,5,23,31,13,17,sil
9.736183166503906,16,-4,18,-5,0,-10,-17,-7,-14,-2,17,24,8,8,sil
9.736183166503906,4,-11,8,0,0,-2,-3,0,-16,-17,4,2,0,-7,sil
9.751309633255005,-12,-19,-10,-1,-1,3,7,0,-8,-23,-20,-24,-20,-22,sil
9.751309633255005,-22,-13,-10,-3,0,9,14,1,-1,-10,-36,-30,-28,-22,sil
9.766876697540283,-11,-6,-3,4,7,9,16,1,7,9,-23,-16,-7,-4,sil
9.766876697540283,0,-3,3,7,-2,4,5,1,11,15,-9,-8,7,12,sil
9.782017707824709,-2,0,-10,-1,-20,0,-2,2,8,5,-8,-11,7,12,sil
9.782017707824709,-3,4,-10,-8,-15,-2,-1,4,11,0,-9,-4,8,6,sil
9.79738998413086,-1,3,-4,-9,0,-4,0,2,20,9,-2,3,7,6,sil
9.79738998413086,-2,10,-16,-8,5,-6,-1,-1,14,4,6,5,2,2,sil
9.812272787094116,0,23,-4,-6,1,-7,-6,0,-14,-21,8,7,-5,-9,sil
9.812272787094116,-3,7,0,-14,-4,-15,-15,-4,-32,-26,5,-1,-10,-22,sil
9.827840328216553,-9,-13,-9,-22,-6,-19,-16,-5,-19,-13,5,-9,-11,-19,sil
9.827840328216553,-4,3,0,-9,1,-3,-9,-2,-5,-13,8,-2,-15,-11,sil
9.843938112258911,0,28,0,10,12,4,-7,-5,-6,-13,6,-7,-14,-12,sil
9.843938112258911,6,22,6,13,12,0,-5,-2,-8,0,1,-6,-6,-7,sil
9.859228372573853,11,8,11,10,7,7,5,2,-7,11,3,7,0,0,sil
9.859228372573853,3,0,6,5,0,13,5,1,-12,6,-4,5,-6,0,sil
9.874959230422974,-2,-3,7,1,-6,7,-1,0,-12,-2,-14,-3,-9,0,sil
9.874959230422974,1,-1,5,1,-3,10,9,3,-1,3,0,1,0,5,sil
9.889975547790527,4,0,8,2,1,19,24,6,4,21,8,6,4,10,sil
9.889975547790527,0,-3,3,9,7,18,25,6,10,21,0,-3,5,13,sil
9.905389070510864,2,-7,3,19,7,8,22,1,20,12,-2,-4,9,15,sil
9.905389070510864,3,-9,12,12,0,0,15,-1,20,11,0,6,12,11,sil
9.920936822891235,-8,-22,-6,-3,-6,-3,0,-4,7,8,-4,-1,7,2,sil
9.920936822891235,-14,-20,-11,0,-2,2,-2,-1,1,3,-6,-7,2,5,sil
9.936857223510742,0,-5,0,12,7,5,3,2,11,7,8,8,8,13,sil
9.936857223510742,10,-9,-2,5,5,-7,-5,1,14,9,14,16,12,5,sil
9.952245235443115,0,-11,0,-6,-6,-13,-18,-1,1,-1,0,4,5,-3,sil
9.952245235443115,-4,0,-6,-3,-7,-9,-15,-3,0,-14,-5,-2,0,-3,sil
9.968206644058228,0,-3,-12,-12,-6,-12,-12,0,-2,-19,-2,0,0,-5,sil
9.968206644058228,-5,-15,-14,-28,-7,-14,-14,-1,-7,-11,-3,-1,-1,-9,sil
9.98303747177124,-3,-1,-3,-14,-3,-12,-10,-1,-4,-4,6,-2,1,-5,sil
9.98303747177124,8,21,19,0,0,-12,-10,1,2,-11,20,12,5,-3,sil
9.99864912033081,2,24,7,-5,2,-10,-9,-2,-2,-16,15,15,0,-9,sil
9.99864912033081,0,20,5,0,9,3,-7,-3,-16,-17,1,0,-11,-13,sil
10.014375925064089,10,21,14,24,12,15,-3,1,-19,-12,0,0,-16,-7,sil
10.039918661117554,8,13,1,26,6,9,1,-4,-13,-2,-10,1,-17,0,sil
10.039918661117554,-5,0,-3,5,0,9,10,-8,-7,4,-28,-10,-17,0,sil
10.039918661117554,-11,-9,-12,-6,-5,14,14,0,6,16,-20,-20,-3,-2,sil
10.039918661117554,-15,-13,-19,-16,-13,3,4,6,19,23,-8,-18,6,0,sil
10.060625791549684,-16,-14,-12,-24,-15,0,1,3,15,13,-16,-18,1,3,sil
10.060625791549684,0,-11,-6,-17,-10,-3,11,0,8,3,-13,-13,5,1,sil
10.060625791549684,11,0,5,-14,-8,-16,7,4,0,-3,1,1,8,5,sil
10.076335430145264,5,2,0,-18,-6,-17,-1,3,-9,-8,12,9,1,5,sil
10.094865560531616,0,0,7,-4,0,0,7,1,-8,-2,18,12,0,2,sil
10.094865560531616,4,12,22,15,9,7,9,0,-1,0,16,12,4,0,sil
10.094865560531616,5,17,7,25,14,5,-4,0,-7,-4,10,4,-3,-10,sil
10.107083797454834,4,11,8,35,19,15,0,2,-18,-1,12,7,-6,-9,sil
10.122889757156372,6,7,8,43,20,22,17,3,-4,7,13,8,3,5,sil
10.122889757156372,7,0,1,28,11,11,10,1,13,14,2,1,11,20,sil
10.13780951499939,0,-16,0,-4,-1,2,-4,-3,2,14,-12,-2,3,15,sil
10.13780951499939,-10,-25,-12,-20,-6,-2,-7,-9,-10,0,-22,-13,-9,0,sil
10.152946949005129,-3,-16,-8,-13,-1,-5,-3,-1,4,-3,-18,-10,-5,6,sil
10.152946949005129,5,-13,-5,-6,0,0,5,4,30,21,0,5,19,22,sil
10.168557405471802,1,-21,-12,-18,-12,-2,4,0,29,13,8,10,24,11,sil
10.168557405471802,-1,-4,1,-18,-19,-12,-11,0,14,-16,10,11,5,-3,sil
10.183833837509155,8,17,7,-1,-4,-13,-16,1,9,-5,11,13,0,-2,sil
10.183833837509155,14,14,8,-1,1,-10,-12,-1,0,0,2,7,-6,-9,sil
10.199867010116575,2,9,-2,-3,-5,-7,-17,-6,-15,-21,-4,-4,-12,-22,sil
10.199867010116575,-6,23,-7,7,-1,-5,-18,-5,-17,-20,-4,-7,-6,-19,sil
10.21500277519226,-3,26,5,6,8,-1,-10,-1,-11,-9,-2,-3,-5,-11,sil
10.21500277519226,-9,4,2,-4,8,0,-6,-1,-5,-11,0,-6,-11,-14,sil
10.230152130126951,-12,-1,1,-1,3,0,-4,3,-8,-8,1,-9,-10,-12,sil
10.230152130126951,0,9,1,13,4,3,6,4,-16,-2,4,-5,-7,-5,sil
10.245815515518188,-1,-1,-9,4,1,2,17,-2,-17,-1,1,-4,-8,-2,sil
10.245815515518188,-19,-24,-8,-20,-6,1,12,-2,0,7,-6,-7,-3,-1,sil
10.261537075042725,-9,-18,-3,-7,-3,3,8,1,20,23,0,-1,11,7,sil
10.261537075042725,12,1,12,14,2,9,15,3,15,20,11,10,10,24,sil
10.276962041854858,4,0,3,0,-4,11,16,1,2,7,0,1,-4,13,sil
10.276962041854858,-14,-13,-19,-15,-7,2,8,1,0,2,-19,-22,-4,-8,sil
10.292330741882324,-10,-13,-4,-5,2,2,7,1,1,0,-17,-16,2,-4,sil
10.292330741882324,3,-4,4,8,3,12,12,1,0,-3,-5,3,1,7,sil
10.30791711807251,11,0,6,13,0,8,11,6,1,0,0,10,5,9,sil
10.30791711807251,7,-3,6,7,3,-2,3,6,8,6,-2,4,15,7,sil
10.323896646499634,-3,-7,-8,-4,3,-16,-15,-6,2,-2,-3,0,7,-4,sil
10.323896646499634,-1,0,-5,-3,-5,-21,-30,-9,-9,-18,5,9,-2,-7,sil
10.339649677276611,13,10,2,7,-2,-10,-14,-1,-6,-11,18,13,8,13,sil
10.339649677276611,21,12,12,5,3,0,0,0,0,-1,11,12,14,20,sil
10.354797601699827,16,20,12,3,3,4,3,0,0,-2,0,11,1,4,sil
10.354797601699827,10,21,0,7,4,3,8,0,6,6,7,8,-2,2,sil
10.37000322341919,0,10,5,-2,2,-1,3,5,14,20,11,4,0,9,sil
10.37000322341919,-12,-2,-4,-15,-4,-7,-14,0,0,9,2,-2,-5,-4,sil
10.3861882686615,-10,-7,-12,-12,-11,-5,-23,-8,-19,-20,-9,-9,-16,-16,sil
10.3861882686615,2,0,2,-4,-9,4,-11,-5,-15,-27,-10,-2,-11,-5,sil
10.401214361190796,2,-1,1,-4,0,5,0,0,-2,-2,2,-1,-3,0,sil
10.401214361190796,-2,-5,1,-5,3,0,-1,-2,-3,3,4,-7,-7,-8,sil
10.41689920425415,0,1,-1,8,0,3,-3,-2,2,-1,-3,-6,-2,-9,sil
10.41689920425415,0,3,0,17,4,6,0,1,13,9,1,0,4,-2,sil
10.432922124862673,-1,-5,10,5,12,9,6,0,10,21,10,2,2,-4,sil
10.432922124862673,0,-10,5,4,9,7,16,0,6,14,8,1,3,-3,sil
10.448786973953249,0,-7,4,9,9,2,17,7,4,5,0,1,5,-2,sil
10.448786973953249,-7,-11,-10,0,5,0,12,8,-3,5,-6,-7,1,-5,sil
10.463810443878174,-15,-18,-23,-13,-6,-8,4,1,-13,5,-12,-17,-4,-2,sil
10.463810443878174,-22,-8,-5,-12,-8,-6,-2,1,-11,3,-13,-15,-12,0,sil
10.479022026062012,-24,2,-7,-12,-4,0,-3,1,-5,-8,-17,-18,-16,-9,sil
10.479022026062012,-19,4,-8,-12,-10,-2,-4,-2,-4,-20,-19,-13,-11,-12,sil
10.496164560317991,-4,8,-4,4,-6,0,0,2,6,-7,-3,2,0,2,sil
10.496164560317991,18,20,2,20,2,8,10,5,25,6,9,14,16,20,sil
10.51080083847046,27,20,13,15,4,9,16,0,22,0,9,19,21,23,sil
10.51080083847046,13,0,4,6,1,0,5,-7,0,-12,10,11,9,8,sil
10.526017427444458,10,0,6,7,0,-6,-4,-1,-13,-12,6,6,0,0,sil
10.526017427444458,15,10,8,4,-1,-10,-7,-1,-4,-2,-2,6,1,0,sil
10.54108738899231,3,-7,-4,-12,-1,-10,-15,-11,-1,0,-9,1,-3,-1,sil
10.556214570999146,-3,-24,3,-21,-4,-2,-19,-9,-10,-6,-6,5,-3,4,sil
10.556214570999146,9,-10,8,-7,0,0,0,4,1,-4,9,16,15,18,sil
10.571811437606812,14,0,5,-4,3,-3,11,11,15,1,15,14,18,12,sil
10.571811437606812,0,-7,-3,-18,-7,-3,-4,1,3,9,4,0,0,-7,sil
10.58685040473938,-3,-8,-12,-13,-9,-2,-9,-2,0,16,3,-10,-4,-9,sil
10.58685040473938,2,1,-4,1,2,2,1,1,8,6,4,-1,2,-1,sil
10.602150440216064,-2,0,-10,10,6,5,-2,-1,-7,-12,0,-1,-5,-8,sil
10.602150440216064,-7,-1,-1,4,0,-1,-11,0,-24,-10,0,-6,-16,-12,sil
10.618074417114258,2,14,17,3,0,-2,0,5,-8,11,6,0,-6,0,sil
10.618074417114258,0,18,8,11,3,2,8,1,5,11,2,2,0,1,sil
10.633098602294922,-8,8,2,11,-4,4,1,0,-5,-3,-2,0,-6,0,sil
10.633098602294922,-2,6,-1,2,-2,0,1,-2,-11,6,3,0,1,1,sil
10.649225950241089,0,3,2,0,8,-6,0,-7,-6,14,3,0,5,0,sil
10.649225950241089,-10,1,5,8,7,-2,-6,0,-7,-6,-4,-8,-8,-6,sil
10.664801836013794,-11,3,-1,12,2,8,1,2,-5,-13,-5,-14,-6,-8,sil
10.664801836013794,-3,0,1,5,8,14,13,0,0,-4,0,-7,4,-4,sil
11.13314151763916,-3,-7,-8,-8,-5,3,-2,0,-1,5,-8,-10,-42,-2,sil
11.148598194122314,-16,-21,-21,-21,-7,7,6,-1,-7,-12,-29,-29,-68,-17,sil
11.14959979057312,-20,-18,-7,-20,-9,1,1,-3,-24,-25,-31,-27,-61,-21,sil
11.14959979057312,-11,-21,-9,-6,-7,1,4,-2,-13,-2,-19,-15,-46,-3,sil
11.163425207138062,10,-17,-4,0,-1,4,7,7,10,21,-5,1,-24,20,sil
11.17893934249878,20,-12,8,-6,-3,-5,-8,10,19,15,3,10,57,24,sil
11.17893934249878,8,-15,2,-19,-11,-19,-22,3,20,0,5,7,138,10,sil
11.196854829788208,2,-4,6,-25,-14,-17,-14,2,20,-5,5,9,136,3,sil
11.196854829788208,5,19,5,-9,-9,-7,0,1,8,-14,14,11,114,1,sil
11.2102530002594,2,30,3,5,-4,0,0,0,-7,-15,18,6,76,-3,sil
11.2102530002594,-9,15,-2,4,0,9,0,3,-10,-6,4,-3,-8,-10,sil
11.226244926452637,-15,-7,-8,3,7,12,14,3,-1,3,-6,-7,-54,-7,sil
11.226244926452637,-3,-9,10,24,10,14,21,1,5,13,0,3,-34,1,sil
11.241832971572876,7,0,12,44,14,13,14,-2,7,19,7,1,-29,7,sil
11.241832971572876,9,0,4,31,21,6,15,-2,15,13,4,0,-31,14,sil
11.260421752929688,12,0,2,5,18,3,24,1,25,16,11,18,-5,20,sil
11.260421752929688,16,1,-1,0,10,1,18,2,27,28,26,30,11,18,sil
11.260421752929688,20,8,14,0,9,-2,3,4,15,15,18,22,0,8,sil
11.273057699203491,15,13,11,-3,4,-10,-1,-2,-2,-8,-2,10,-16,-1,sil
11.288265705108644,0,2,-5,-10,-6,-21,-10,-8,-17,-16,-5,5,-17,-7,sil
11.288265705108644,-11,-7,-6,-14,-13,-23,-25,-1,-18,-13,3,4,-10,-10,sil
11.304195880889893,-6,-3,-7,-8,-10,-16,-25,3,-12,-14,3,1,-11,-10,sil
11.304195880889893,0,5,3,-1,-7,-7,-20,0,-20,-15,0,0,-16,-8,sil
11.319636344909668,-6,6,4,3,-5,-1,-21,-5,-26,-13,-1,-5,-15,-9,sil
11.319636344909668,-11,3,-4,4,0,2,-15,-5,-12,-6,-10,-12,-13,-11,sil
11.33574676513672,-15,0,-8,-4,0,2,-9,1,0,-6,-19,-21,-14,-15,sil
11.33574676513672,-23,-7,-22,-11,-7,-1,-14,2,-5,-19,-21,-33,-19,-23,sil
11.35157823562622,-11,1,-7,-7,-9,5,-7,2,-7,-18,-14,-19,-14,-12,sil
11.35157823562622,6,17,14,0,-2,16,15,2,4,-3,3,4,8,10,sil
11.367260456085203,1,6,11,6,0,10,15,-6,-1,-4,3,0,16,15,sil
11.367260456085203,-8,-5,1,10,-1,7,1,-11,-25,0,-10,-9,2,8,sil
11.383368730545044,-3,-9,-11,0,-11,13,9,-3,-28,16,-4,-2,2,4,sil
11.383368730545044,0,-23,-6,-14,-13,14,14,4,-11,9,-2,-1,4,0,sil
11.398962497711182,-3,-32,-5,-9,5,15,14,3,7,8,-18,-14,0,-4,sil
11.398962497711182,0,-12,-7,3,16,14,24,5,22,33,-16,-17,6,-4,sil
11.414271593093872,7,3,1,1,3,5,22,10,29,28,0,-5,15,6,sil
11.414271593093872,6,-8,-9,-11,-1,-5,8,4,34,9,4,2,20,18,sil
11.430247783660889,2,-10,-7,-15,6,-16,0,0,35,12,6,7,27,13,sil
11.430247783660889,3,4,2,-7,9,-20,-6,-3,24,9,9,7,16,-3,sil
11.445411682128906,7,5,0,-5,2,-18,-17,-7,7,-10,12,7,0,-8,sil
11.445411682128906,12,7,7,-8,1,-14,-18,1,3,-12,23,21,4,1,sil
11.461442947387695,20,24,11,1,11,-8,-8,4,11,5,36,31,17,4,sil
11.461442947387695,23,26,15,10,11,-6,-11,-3,-2,-3,29,31,3,0,sil
11.47716212272644,7,16,12,12,2,-7,-21,-8,-31,-28,11,20,-16,-5,sil
11.47716212272644,-9,7,4,18,2,-1,-5,-3,-39,-21,-4,-2,-21,-10,sil
11.492192268371582,-12,2,13,21,1,14,19,0,-24,-6,-17,-13,-14,-6,sil
11.492192268371582,-12,0,1,13,-5,21,23,-4,-11,-10,-21,-15,-12,0,sil
11.507402896881104,-15,-8,-10,1,-7,14,13,-4,-8,-6,-27,-27,-18,0,sil
11.507402896881104,-13,-13,-6,3,-3,10,17,7,5,6,-28,-22,-11,2,sil
11.522989511489868,-7,-9,-6,7,-7,1,14,6,22,7,-10,1,9,12,sil
11.522989511489868,0,-2,5,-2,-14,-6,-3,3,20,10,11,14,18,15,sil
11.538165807724,6,-7,2,-6,-8,-5,-12,2,12,16,18,9,14,8,sil
11.538165807724,8,-5,-4,-2,-2,-7,-18,1,2,0,9,18,6,2,sil
11.554359912872314,6,7,5,-3,-7,-17,-28,0,-4,-10,14,26,4,0,sil
11.554359912872314,11,15,11,4,-7,-16,-21,1,7,0,33,20,16,0,sil
11.56953501701355,14,20,18,18,2,0,-7,2,3,0,30,22,14,-1,sil
11.56953501701355,5,18,7,21,10,8,-5,-4,-22,-7,12,15,-8,-6,sil
11.585225820541382,-2,1,0,18,6,5,-1,-6,-25,2,0,-7,-18,-6,sil
11.585225820541382,-9,-10,-3,11,1,15,7,-2,-11,5,-17,-25,-16,-11,sil
11.600354671478271,-18,-13,-20,4,4,16,9,-5,-16,-6,-31,-31,-17,-17,sil
11.600354671478271,-11,-11,-13,-1,5,6,17,-2,-11,0,-28,-24,-12,0,sil
11.616007328033447,-2,-9,-11,-12,0,6,27,2,13,18,-28,-20,-6,5,sil
11.616007328033447,-8,-17,-23,-30,-6,3,17,4,18,2,-36,-33,-8,-6,sil
11.632132291793823,-10,-26,-23,-46,-1,2,10,4,13,-15,-32,-34,-6,-4,sil
11.632132291793823,-8,-25,-30,-57,0,3,13,5,21,-3,-19,-23,0,0,sil
11.648094654083252,-8,-15,-19,-65,-5,-10,-7,4,18,-3,-17,-15,-5,-7,sil
11.648094654083252,0,-3,-6,-50,-3,-19,-22,0,4,-12,-13,-10,-4,-6,sil
11.663073778152466,12,3,4,-28,4,-10,-4,-6,0,2,10,4,8,6,sil
11.663073778152466,15,15,21,-12,3,-8,0,-1,-2,13,35,18,16,9,sil
11.678293704986572,13,21,16,10,4,-13,-22,0,-13,-1,34,21,12,-2,sil
11.678293704986572,17,25,20,37,13,-7,-30,-1,-20,-5,33,33,14,0,sil
11.693815231323242,22,33,29,59,20,-2,-17,-1,-7,11,51,47,25,18,sil
11.693815231323242,20,29,31,67,19,-3,-4,0,7,20,50,38,19,12,sil
11.709905624389648,4,11,24,49,3,3,2,-5,-5,3,20,11,-3,-7,sil
11.709905624389648,-11,1,1,25,-12,7,12,-11,-21,-6,-1,-6,-14,-9,sil
11.725188732147217,-14,2,0,24,-10,8,24,0,-7,-6,-8,-1,-11,-2,sil
11.725188732147217,-17,-2,3,25,-6,16,25,4,8,-9,-16,-1,-10,-8,sil
11.740724802017212,-26,-13,-11,15,-12,14,11,1,3,-13,-27,-16,-12,-11,sil
11.740724802017212,-23,-11,-3,9,-8,10,11,9,0,-7,-25,-16,-10,0,sil
11.755990266799929,-12,-12,-2,0,-3,16,27,13,12,2,-13,-5,-1,9,sil
11.755990266799929,-7,-21,-7,-17,-9,10,21,7,14,8,-13,-2,9,16,sil
11.77151083946228,1,-15,-6,-13,-10,-5,-6,-1,8,12,-16,5,12,22,sil
11.77151083946228,13,-6,-12,-8,-6,-19,-24,-6,3,1,-9,8,6,15,sil
11.786813497543337,11,-7,-6,-30,-8,-13,-22,-2,5,-6,-4,5,3,8,sil
11.786813497543337,13,-2,-2,-29,0,0,-11,0,11,8,2,4,12,14,sil
11.802939414978027,27,7,5,-11,5,1,-14,-5,5,16,9,9,14,11,sil
11.81902527809143,25,11,6,-11,7,-4,-21,-6,-5,3,10,9,9,-4,sil
11.81902527809143,16,9,-5,-10,11,-4,-10,-3,-7,-2,15,5,10,-7,sil
11.81902527809143,10,12,5,-7,5,-5,-1,1,-7,-6,19,6,3,-1,sil
11.833351612091064,-7,3,-1,-16,0,-9,-2,-1,-8,-13,9,-3,-11,-14,sil
11.84937620162964,-17,-5,-15,-19,1,-7,1,-1,-2,-18,-2,-18,-21,-30,sil
11.84937620162964,-13,-5,-11,-14,-6,-5,6,4,-3,-21,-6,-23,-24,-33,sil
11.866310358047484,-27,-11,-16,-14,-20,-15,1,2,-10,-17,-12,-32,-26,-33,sil
11.866310358047484,-34,-13,-7,-8,-10,-12,-4,1,-15,-15,-15,-29,-22,-26,sil
11.866310358047484,-2,1,5,12,13,5,-1,0,-3,-6,2,-2,-8,-3,sil
11.881881713867188,25,20,20,35,23,10,4,0,7,10,22,18,8,19,sil
11.881881713867188,20,21,28,44,17,8,9,3,4,22,15,16,13,23,sil
11.89784049987793,7,9,5,36,12,13,9,7,3,24,1,4,7,15,sil
11.89784049987793,2,5,-1,18,8,16,2,2,0,17,-9,1,0,15,sil
11.91106390953064,-7,2,-2,9,4,12,0,-10,-11,2,-18,-1,-3,12,sil
11.9262797832489,-9,-7,-4,5,1,5,4,-10,-14,-1,-16,-4,-1,7,sil
11.9262797832489,1,-7,4,7,1,11,13,0,1,12,0,-1,7,12,sil
11.94179916381836,0,0,-4,7,0,14,16,1,5,17,0,0,10,8,sil
11.94179916381836,-16,-6,-17,-9,-12,5,8,-1,-5,3,-18,-10,-4,-3,sil
11.957074880599976,-26,-19,-22,-23,-17,0,5,3,-1,-2,-24,-19,-13,-11,sil
11.957074880599976,-18,-14,-13,-23,-8,4,11,7,21,3,-5,-4,0,-6,sil
11.972349166870115,-2,0,10,-18,1,4,14,6,37,12,10,16,21,5,sil
11.972349166870115,8,-4,6,-11,2,-6,3,-1,30,13,6,9,24,9,sil
11.987812519073486,10,-9,0,-17,-11,-22,-11,-6,7,-3,3,0,14,0,sil
11.987812519073486,16,1,-3,-31,-16,-20,-11,-1,-2,-15,16,11,10,0,sil
12.0033278465271,31,9,8,-21,0,-13,-7,8,7,-4,27,24,12,9,sil
12.0033278465271,31,11,21,-2,0,-16,-11,5,6,-4,23,24,6,8,sil
12.01893401145935,7,7,5,-1,-15,-22,-20,-11,-15,-23,10,11,-2,-4,sil
12.01893401145935,-12,0,2,-2,-8,-20,-32,-13,-30,-30,-2,4,-14,-10,sil
12.041123628616331,-9,4,5,14,7,-14,-38,-2,-24,-20,-4,1,-18,-14,sil
12.041123628616331,0,11,0,28,3,-1,-23,1,-13,-13,1,-9,-8,-19,sil
12.041123628616331,0,5,15,22,-1,14,-1,1,-7,-8,7,-5,-4,-10,sil
12.04924464225769,-4,2,8,20,8,13,7,2,-2,-2,7,0,-12,-4,sil
12.065313577651978,-5,1,-2,15,11,9,3,0,-9,-6,-5,-12,-23,-16,sil
12.065313577651978,-8,-9,-4,0,4,16,8,0,-9,-4,-15,-16,-19,-10,sil
12.080897331237791,-13,-15,-13,-5,0,11,17,2,-1,2,-11,-13,-9,7,sil
12.080897331237791,-4,2,-5,9,1,2,14,3,-2,2,-9,-8,-2,2,sil
12.095970630645752,10,13,3,18,5,6,13,0,1,7,-3,0,9,2,sil
12.095970630645752,14,5,4,6,2,12,17,0,19,24,8,12,25,25,sil
12.11202096939087,7,0,0,3,2,13,16,3,18,28,6,7,17,24,sil
12.11202096939087,-3,0,-8,9,10,5,11,0,2,18,-15,-7,-4,0,sil
12.127203941345217,-14,-3,-4,-3,6,3,6,0,-2,15,-25,-11,-5,0,sil
12.127203941345217,-7,-2,-11,-11,0,11,3,-5,8,16,-5,0,10,14,sil
12.143300771713257,11,7,-7,6,6,9,8,-2,15,14,12,12,17,21,sil
12.143300771713257,7,5,3,9,2,-1,10,4,12,10,9,7,12,15,sil
12.160886287689207,-12,-12,-12,-14,-12,-12,3,1,12,0,-3,-14,-2,-2,sil
12.160886287689207,-11,-21,-14,-26,-15,-12,-5,-1,8,-14,-17,-14,-17,-15,sil
12.174021244049072,0,-8,-6,-12,-2,-6,-6,0,0,-12,-9,0,-5,-14,sil
12.174021244049072,3,2,2,-6,0,-9,-4,-2,-6,-6,9,1,9,-8,sil
12.190041065216064,7,-2,7,-14,-8,-19,-10,-5,-17,-12,7,4,3,-6,sil
12.190041065216064,0,-9,-3,-12,-14,-19,-21,-6,-25,-11,3,6,2,-7,sil
12.20599365234375,-3,0,7,-1,-8,-5,-23,1,-14,-6,20,11,8,-3,sil
12.20599365234375,11,10,12,0,2,1,-8,7,5,0,33,20,9,9,sil
12.222037553787231,19,5,5,-11,6,0,0,0,-1,0,18,17,4,16,sil
12.222037553787231,-1,0,7,-14,0,1,-8,-5,-18,-6,-5,0,-7,-4,sil
12.23705554008484,-19,0,-4,-8,-4,3,-9,1,-12,-13,-10,-14,-18,-30,sil
12.23705554008484,-13,0,-2,-9,0,1,-1,3,-3,-13,-6,-8,-16,-23,sil
12.25309705734253,-7,8,3,0,4,-2,-1,0,-4,-16,-16,-5,-16,-10,sil
12.25309705734253,-5,13,2,12,7,-6,-2,2,3,-13,-21,-13,-16,-7,sil
12.268202304840088,0,7,13,10,12,3,7,8,16,1,-4,-13,-7,2,sil
12.268202304840088,1,2,11,22,10,16,15,3,18,9,-4,-11,-4,8,sil
12.284252882003784,4,5,8,40,0,17,16,2,12,15,-20,-10,-7,6,sil
12.284252882003784,5,-1,1,31,1,18,24,1,16,29,-9,-4,3,13,sil
12.29993772506714,0,-13,-6,11,4,14,21,0,20,28,7,0,9,17,sil
12.29993772506714,0,-11,-1,2,-3,3,5,-1,13,14,3,2,7,13,sil
12.315399885177612,11,-9,-7,0,-10,-1,2,-2,11,13,5,9,26,16,sil
12.315399885177612,19,-12,-4,-14,-7,-6,0,-1,9,2,13,16,32,15,sil
12.330984115600586,11,-2,-5,-15,-1,-14,-18,-3,-5,-18,8,18,8,0,sil
12.330984115600586,3,3,-15,-13,-5,-16,-25,-1,-20,-22,7,14,1,-6,sil
12.34681749343872,2,0,-7,-31,-17,-15,-11,3,-17,-11,20,20,12,-4,sil
12.34681749343872,2,2,0,-28,-12,-20,-8,-4,-19,-8,26,19,4,-1,sil
12.362980365753174,1,10,7,3,0,-21,-20,-11,-37,-22,8,11,-13,-1,sil
12.362980365753174,-5,10,3,15,3,-8,-9,-4,-39,-26,-10,-1,-16,-9,sil
12.378634691238403,-11,4,-6,12,6,8,11,0,-19,-7,-12,-11,-9,-14,sil
12.378634691238403,-3,8,10,20,15,19,10,0,-6,7,-4,-3,-3,-4,sil
12.394790410995483,-2,6,4,17,18,18,6,4,0,7,0,-2,-2,1,thankyou
12.394790410995483,-15,-5,-6,2,11,17,12,3,11,12,-1,-13,-6,0,thankyou
12.41028904914856,-17,-8,2,1,4,22,14,1,21,19,-3,-12,0,-3,thankyou
12.41028904914856,-8,0,0,0,2,11,8,0,16,9,-5,-11,3,-5,thankyou
12.42635726928711,-6,0,-6,-9,1,-5,0,0,9,-7,-14,-20,-7,-4,thankyou
12.42635726928711,-2,-2,-7,-5,1,-4,0,0,13,0,-12,-20,-10,0,thankyou
12.44087266921997,8,2,7,12,2,6,8,5,22,26,4,0,2,7,thankyou
12.44087266921997,9,9,14,16,1,8,9,9,29,30,8,7,10,10,thankyou
12.45694065093994,-5,0,-9,-3,-3,-1,1,0,27,11,-6,-11,1,0,thankyou
12.45694065093994,-6,-11,-5,-14,-4,-8,-2,0,9,-1,-13,-15,-5,0,thankyou
12.472981691360474,12,-5,-1,-5,0,-6,0,6,0,2,-2,7,4,6,thankyou
12.472981691360474,17,-3,-6,-9,-7,-6,-2,2,0,5,4,10,10,4,thankyou
12.489253044128418,0,-8,-2,-25,-23,-10,-9,-4,-4,-8,1,-1,-4,0,thankyou
12.489253044128418,-5,-11,-3,-24,-19,-14,-13,-6,-13,-16,3,1,-9,0,thankyou
12.50388789176941,0,-9,4,-17,-9,-16,-20,-3,-21,-4,6,14,2,0,thankyou
12.51926302909851,5,-4,3,-10,-7,-9,-25,-3,-19,7,6,16,3,-1,thankyou
12.51926302909851,4,3,0,-5,-5,-2,-17,-1,-10,-6,4,13,-3,-2,thankyou
12.51926302909851,2,14,14,1,0,0,-3,0,-12,-30,2,13,-2,-8,thankyou
12.536306858062744,-3,9,7,8,0,1,-1,-6,-28,-40,-5,1,-6,-16,thankyou
12.55181646347046,-5,4,3,11,3,4,0,-2,-34,-41,-10,-1,-11,-8,thankyou
12.55181646347046,4,18,6,22,17,16,13,5,-14,-28,0,1,0,4,thankyou
12.55181646347046,8,20,4,38,26,23,28,2,12,0,0,-4,5,3,thankyou
12.567922830581663,-3,0,1,34,14,17,31,4,22,29,-8,-10,0,8,thankyou
12.567922830581663,-14,-18,-15,11,-1,3,21,5,21,43,-8,-13,3,17,thankyou
12.582976579666138,-12,-16,-13,-5,-9,-4,0,2,16,26,-9,-13,6,5,thankyou
12.58404779434204,-5,-6,-4,-9,-2,-6,-10,-1,6,0,-8,-5,3,-6,thankyou
12.599090576171877,4,-1,-5,-6,6,-7,-6,0,7,1,5,3,8,3,thankyou
12.599090576171877,9,0,-1,-5,0,-4,-5,0,11,15,11,11,14,10,thankyou
12.615851163864136,5,2,-3,-2,-10,-6,-7,-4,7,12,11,12,9,2,thankyou
12.615851163864136,6,3,9,-3,-2,-5,-8,-2,4,-2,16,18,2,0,thankyou
12.629936933517456,9,0,16,-8,6,0,-5,0,2,1,20,23,0,0,thankyou
12.629936933517456,7,0,1,-6,0,-2,0,-1,-8,10,24,15,0,0,thankyou
12.64514136314392,11,6,5,1,0,-8,5,-2,-9,1,24,11,6,9,thankyou
12.661226034164429,6,5,2,4,3,-7,8,-3,3,-3,16,3,12,8,thankyou
12.661226034164429,-7,1,-4,-7,0,-7,1,0,0,-1,1,-16,1,-5,thankyou
12.661226034164429,-18,-5,-10,-23,-3,0,-4,2,-11,-10,-19,-30,-17,-17,thankyou
12.677333116531372,-24,-14,-22,-26,-5,3,0,1,-3,-13,-35,-33,-21,-21,thankyou
12.694275617599487,-20,0,-7,-11,-3,6,2,1,0,-5,-25,-22,-8,-15,thankyou
12.694275617599487,-3,16,2,6,9,17,1,7,-6,-4,-5,-8,-2,-3,thankyou
12.694275617599487,10,9,5,15,14,18,2,4,-3,-2,-2,1,-7,1,thankyou
12.709796667099,8,4,9,18,0,5,-1,-2,1,7,-4,0,-7,1,thankyou
12.709796667099,3,12,11,24,-3,0,-6,-1,-1,8,0,3,-2,3,thankyou
12.724414110183716,4,9,19,25,6,1,-5,2,-16,-9,0,9,-6,3,thankyou
12.740000247955322,-2,-10,-8,8,1,-5,-3,-7,-22,-17,-13,-5,-16,-10,thankyou
12.740000247955322,-6,-17,-20,-3,-6,-4,1,-5,-2,3,-21,-16,-13,-11,thankyou
12.75519323348999,2,-1,8,5,2,5,10,4,15,20,-14,-2,0,8,thankyou
12.75519323348999,3,-3,6,5,5,-1,4,0,12,1,-3,7,8,12,thankyou
12.771538019180298,-3,-18,-3,-12,-9,-9,-2,0,12,-7,3,4,8,2,thankyou
12.771538019180298,-4,-13,-3,-9,-9,1,9,3,27,17,12,1,11,12,thankyou
12.785833835601808,0,-7,-2,-3,-3,4,12,2,17,13,13,4,9,18,thankyou
12.785833835601808,3,-4,-2,-14,-6,0,-1,-1,-10,-20,10,12,5,0,thankyou
12.801913976669312,5,2,-8,-12,-5,0,-6,-2,-15,-17,7,10,8,-7,thankyou
12.801913976669312,2,3,-2,-10,-5,0,-4,0,-3,4,1,4,6,3,thankyou
12.818991899490356,-7,-3,-5,-14,-8,-4,-2,0,9,14,3,1,10,9,sil
12.818991899490356,0,2,-6,-3,-7,-8,-4,-4,10,7,2,1,10,1,sil
12.833260774612429,19,16,9,9,0,-7,-10,-1,2,1,3,8,3,-1,sil
12.833260774612429,14,8,6,4,10,-5,-5,-2,-1,1,18,13,6,-4,sil
12.848801136016846,-6,-1,6,-5,5,-4,-5,-3,-13,-4,11,2,3,-11,sil
12.848801136016846,-6,0,1,-7,-4,-2,-8,1,-12,-6,-4,-7,-8,-11,sil
12.863896369934082,7,6,0,-1,3,0,3,7,9,9,6,2,0,5,sil
12.863896369934082,7,10,12,6,16,2,14,7,11,6,10,15,11,13,sil
12.879066467285156,-4,1,-3,2,7,-2,1,0,-12,-12,-10,0,-4,-5,sil
12.879066467285156,-12,-6,-6,0,-4,-8,-13,0,-21,-18,-20,-13,-24,-16,sil
12.894250392913818,-8,2,1,6,0,0,-5,2,-6,-20,-9,-8,-20,-8,sil
12.894250392913818,3,9,-1,-3,5,7,11,0,5,-19,-2,-6,-8,0,sil
12.910029411315918,9,5,5,-16,0,2,12,-1,2,-6,0,-3,-2,5,sil
12.910029411315918,0,2,4,15,4,0,3,0,-1,4,4,2,0,0,sil
12.925115585327148,0,2,2,41,12,2,-1,0,0,5,5,2,3,-6,sil
12.925115585327148,1,0,0,26,5,5,0,-1,2,6,0,-4,1,-1,sil
12.941140174865724,-3,-5,-3,10,2,9,0,0,2,8,-3,-6,-2,0,sil
12.941140174865724,-4,0,4,9,10,15,4,1,4,17,0,-1,0,-1,sil
12.95699954032898,0,6,-6,7,7,10,7,0,5,25,6,-3,7,2,sil
12.95699954032898,-7,-1,-11,0,-7,0,0,-1,-3,11,-1,-9,0,7,sil
12.972193241119385,-14,-13,-5,-5,-15,2,-2,0,-7,2,-11,-12,-11,-1,sil
12.972193241119385,-14,-20,-8,-16,-10,3,3,-4,-5,9,-11,-15,-8,-13,sil
12.988225221633911,-10,-11,-1,-24,-3,-1,2,-3,-13,-3,-19,-15,-14,-9,sil
12.988225221633911,-4,0,-4,-15,-5,-1,-2,-3,-17,-29,-23,-9,-15,2,sil
13.003786087036133,1,-2,-6,-5,-13,-2,0,-2,-4,-18,0,4,10,15,sil
13.003786087036133,4,-1,4,-9,-6,0,11,4,12,16,20,12,27,22,sil
13.01886510848999,7,5,4,-6,5,2,19,6,26,19,6,5,11,11,sil
13.01886510848999,5,-5,4,-7,0,-2,4,3,26,2,-2,3,-1,-4,sil
13.03494668006897,3,-22,-6,-24,-15,-14,-6,0,20,5,6,9,4,-3,sil
13.03494668006897,14,-11,-5,-26,-14,-21,-1,1,20,9,9,17,18,10,sil
13.050027132034302,16,5,9,-6,-8,-17,-13,3,16,-1,1,19,12,5,sil
13.050027132034302,3,3,6,0,-7,-10,-33,-2,0,-7,0,8,-1,-10,sil
13.065192461013794,10,12,15,0,2,-1,-23,-5,-7,-4,15,13,9,0,sil
13.065192461013794,24,28,17,20,17,3,-2,0,0,3,32,27,26,13,sil
13.08120846748352,9,23,6,33,19,3,-6,1,-7,-4,13,15,3,2,sil
13.095794439315796,-6,10,4,21,10,4,-13,-4,-25,-20,-7,-2,-18,-9,sil
13.095794439315796,0,7,0,13,10,2,-2,-2,-28,-21,-1,-6,-12,-11,sil
13.095794439315796,2,11,7,14,14,0,6,4,-22,-17,-1,-3,-13,-9,sil
13.111339330673218,-12,9,0,8,13,4,7,0,-15,-14,-5,-12,-13,-12,sil
13.111339330673218,-22,-5,-18,2,3,7,6,-4,-19,-5,-7,-21,-6,-19,sil
13.128413677215576,-19,-12,-14,0,-4,5,2,0,-25,-5,-20,-16,-13,-15,sil
13.128413677215576,-17,-12,-10,-9,-3,2,0,2,-16,-9,-21,-13,-17,-5,sil
13.143023252487184,-14,-11,4,-6,-3,6,10,1,-1,-1,-9,-15,-6,-1,sil
13.143023252487184,-6,-4,4,10,-3,16,24,1,14,15,-3,-8,4,5,sil
13.158296823501589,0,-3,-11,6,-1,9,24,3,32,27,5,2,9,17,sil
13.158296823501589,-1,-10,-9,-12,-3,-7,10,3,25,22,3,-3,1,18,sil
13.175036191940308,-4,-10,-6,-9,-10,-11,0,-4,11,13,-9,-11,-6,9,sil
13.175036191940308,6,-4,3,-4,-10,0,-2,-1,18,10,-4,1,0,11,sil
13.191178798675535,13,-2,0,-8,-4,6,4,3,29,8,1,8,6,8,sil
13.191178798675535,7,-3,-7,-8,-1,-2,11,2,27,8,-1,2,8,4,sil
13.205841302871704,12,-1,9,-13,-3,-12,3,5,20,8,8,11,15,10,sil
13.205841302871704,12,-3,1,-13,-8,-15,-15,1,4,-2,21,16,13,3,sil
13.221218585968018,5,2,0,-7,-5,-13,-31,-6,-21,-21,13,10,-1,-13,sil
13.221218585968018,7,12,16,-4,0,-5,-26,-4,-21,-15,14,14,-3,-11,sil
13.23629665374756,6,12,14,4,4,2,-9,1,-9,-3,22,13,3,-3,sil
13.23629665374756,-1,21,14,32,13,16,0,2,-16,-1,13,2,0,-7,sil
13.252931594848633,0,25,7,47,29,31,9,-1,-13,16,5,-3,2,-3,sil
13.267122983932495,2,3,1,23,18,27,15,-9,-3,27,-4,-8,4,7,sil
13.267122983932495,-14,-17,-11,-4,-8,4,9,-6,-13,4,-33,-26,-14,-1,sil
13.284122467041016,-29,-21,-25,-14,-13,-9,7,1,-21,-5,-53,-39,-23,-20,sil
13.284122467041016,-23,-18,-19,-24,-7,-9,5,0,-3,4,-36,-20,-2,-11,sil
13.299547910690308,-5,-17,-16,-30,-10,-14,-6,-6,11,-2,-5,3,13,3,sil
13.299547910690308,13,-7,-1,-20,-10,-17,-13,0,12,-14,13,16,13,11,sil
13.31382155418396,18,6,11,-4,0,-1,0,11,11,-7,14,15,10,10,sil
13.314209461212158,9,10,3,-1,2,-5,0,6,6,-11,7,9,1,0,sil
13.329864263534546,5,5,16,-6,-3,-26,-18,0,-5,-24,6,15,-5,-4,sil
13.329864263534546,8,7,16,0,-4,-16,-14,0,-6,-15,15,18,0,1,sil
13.345016479492188,12,14,7,13,12,6,0,0,0,-2,19,9,1,8,sil
13.345016479492188,10,18,9,19,24,12,-2,0,-1,-3,16,10,-3,9,sil
13.3610258102417,0,10,0,18,11,7,-2,-2,-9,-8,4,10,-7,0,sil
13.3610258102417,-2,0,2,13,-4,8,6,0,-10,-10,-4,0,-7,-5,sil
13.376203060150146,0,-3,1,10,-1,5,5,1,0,0,0,-11,-1,0,sil
13.376203060150146,-6,-4,-8,4,1,-1,-1,1,-1,-1,0,-12,-6,3,sil
13.39160442352295,-11,-9,-6,-1,-4,0,0,3,-3,-7,-7,-7,-14,-6,sil
13.39160442352295,-8,-11,-8,0,-3,2,3,0,10,10,-8,-12,-3,-14,sil
13.407265424728394,-15,-5,-5,-2,-4,2,4,-3,9,22,-12,-23,1,-9,sil
13.407265424728394,-26,-9,-12,-14,-15,8,7,-3,-4,9,-19,-30,-8,-6,sil
13.423299551010132,-17,-17,-14,-21,-19,10,18,0,4,9,-11,-18,-4,-3,sil
13.423299551010132,0,-4,-1,-9,-3,13,32,2,32,19,1,4,12,13,sil
13.438865661621094,8,5,-4,2,6,16,28,6,38,21,2,7,17,22,sil
13.438865661621094,13,0,1,2,-1,1,6,11,23,21,1,8,11,13,sil
13.45478892326355,20,5,11,4,2,-9,0,9,13,14,12,21,15,8,sil
13.45478892326355,26,19,10,8,20,-4,4,-1,5,5,19,24,19,8,sil
13.470710515975952,19,16,11,3,12,-9,-10,-6,-17,-3,15,15,4,-4,sil
13.470710515975952,3,10,2,2,-4,-26,-33,-10,-38,-20,9,9,-7,-16,sil
13.48620319366455,0,14,10,7,1,-21,-35,-7,-36,-30,0,6,-5,-9,sil
13.48620319366455,-4,3,6,7,11,-2,-21,-3,-23,-21,-7,-7,-8,-8,sil
13.501957654953005,-15,-15,-12,3,3,0,-14,-2,-18,-13,-15,-21,-18,-15,sil
13.501957654953005,-12,-11,-2,-1,-3,5,-4,-1,-14,-5,-20,-13,-17,-7,sil
13.517624616622925,-3,-4,-4,0,-2,10,8,-4,0,10,-14,-7,-3,8,sil
13.517624616622925,-5,-17,-11,-6,-6,0,3,-6,4,14,-4,-8,2,8,sil
13.533090829849243,-3,-19,-5,-13,-6,-4,-3,3,11,15,0,0,8,3,sil
13.533090829849243,12,-5,3,-12,0,0,4,12,24,21,13,16,22,15,sil
13.549067735671995,15,-1,13,-16,-4,-2,-1,7,15,10,16,19,17,15,sil
13.549067735671995,-5,-7,0,-22,-19,-12,-19,-4,-8,-9,0,0,-10,-14,sil
13.564351797103882,-12,2,-2,-16,-12,-6,-4,-5,-18,-21,-6,-4,-23,-27,sil
13.564351797103882,0,19,4,1,7,5,17,3,-13,-24,7,6,-9,-10,sil
13.580309629440308,-2,14,-4,15,10,4,9,3,-14,-22,6,-1,-6,-8,sil
13.580309629440308,-11,3,3,24,9,10,5,-2,-12,-10,-5,-13,-12,-8,sil
13.595391511917114,-3,9,6,36,17,23,22,-3,9,6,1,-10,1,10,sil
13.595391511917114,1,12,-1,30,10,18,22,3,27,9,9,-3,12,18,sil
13.611238718032835,-1,0,-4,10,-2,10,15,7,29,2,0,0,5,13,sil
13.611238718032835,0,-8,-10,-1,0,6,15,0,26,0,-7,2,8,16,sil
13.62602949142456,1,-7,-3,-4,-1,1,2,-4,15,-1,-8,1,10,17,sil
13.62602949142456,2,-7,-4,-9,-11,-6,-11,-1,8,-1,-12,0,2,9,sil
13.641666412353516,9,-10,-3,-17,-10,-14,-12,1,7,6,-13,4,-3,2,sil
13.641666412353516,4,-10,0,-26,-7,-14,-8,3,-1,12,-7,1,-3,-8,sil
13.657114028930664,-3,-5,-8,-24,-6,-12,-1,3,-8,10,0,-9,-2,-17,sil
13.657114028930664,3,2,7,-14,-4,-11,-1,6,-6,1,9,0,0,-10,sil
13.672296285629272,15,7,16,-3,1,-5,-5,3,-6,4,20,19,8,-1,sil
13.672296285629272,24,11,12,2,4,-3,-3,-2,-6,10,29,21,15,2,sil
13.688219785690308,18,22,15,13,7,-8,-12,-5,-6,-3,29,18,10,2,sil
13.688219785690308,0,21,4,30,12,-7,-24,-8,-14,-15,15,12,-1,-4,sil
13.702953338623049,-5,10,5,26,10,0,-15,-7,-22,-9,-2,4,-7,-5,sil
13.702953338623049,-11,-1,-2,3,3,1,-5,-2,-19,-10,-17,-11,-13,-8,sil
13.718109130859377,-23,-10,-16,-3,0,0,-9,-2,-19,-18,-29,-27,-26,-17,sil
13.733268976211548,-21,-7,-5,7,0,8,-2,0,-14,-2,-23,-21,-23,-14,sil
13.733268976211548,-14,-6,-7,10,0,13,13,1,-1,18,-8,-13,-7,-4,sil
13.749344825744627,-14,-14,-11,0,-3,13,18,4,8,20,-9,-12,0,1,sil
13.749344825744627,-7,-14,-7,-2,-2,20,21,7,13,21,-7,-10,6,6,sil
13.749344825744627,-3,-10,-6,1,5,18,17,0,17,26,-5,-13,8,7,sil
13.765394687652588,-11,-14,-4,-6,0,5,6,-5,10,14,-17,-17,0,5,sil
13.781233072280884,-10,-14,-10,-18,-11,-2,4,-1,4,-1,-12,-8,1,4,sil
13.781233072280884,3,0,2,-7,-6,-5,0,1,4,-14,4,6,9,9,sil
13.781233072280884,13,4,10,1,-1,-8,-4,0,7,-24,4,11,7,13,sil
13.797261238098145,15,-5,0,-26,-10,-12,3,6,17,-16,6,16,13,16,sil
13.797261238098145,18,0,5,-41,-12,-8,4,12,20,-3,20,23,22,12,sil
13.813095569610596,16,15,5,0,-1,-9,-7,-1,1,-5,11,11,6,0,sil
13.813095569610596,13,17,11,22,4,-12,-7,-7,-13,-10,-3,3,-6,-6,sil
13.828295946121216,14,14,10,6,5,-4,3,0,-2,2,14,16,6,0,sil
13.828295946121216,9,12,-5,-2,5,0,2,1,7,8,34,22,13,3,sil
13.845182180404665,-3,3,3,-7,0,-2,-7,0,0,-3,15,18,0,-1,sil
13.845182180404665,-4,0,7,-1,0,0,-6,1,0,-3,0,11,0,-4,sil
13.859333992004396,7,8,3,15,9,0,-8,1,9,7,10,8,0,-1,sil
13.859333992004396,5,7,-1,12,10,-3,-19,-3,-3,3,12,2,-11,-3,sil
13.875082731246948,-9,-3,-6,0,0,-3,-16,-9,-22,-9,-7,-15,-16,-9,sil
13.875082731246948,-9,-4,2,5,-4,2,-1,-3,-19,-11,-21,-22,-11,-10,sil
13.892122507095335,-2,-3,0,12,0,5,-2,-4,-9,-3,-11,-14,-8,-12,sil
13.892122507095335,-6,-2,0,7,3,1,-16,-5,-14,-2,0,-11,-14,-17,sil
13.907872915267944,-8,4,2,13,8,6,-4,4,-18,-2,-3,-13,-14,-11,sil
13.907872915267944,-5,8,-5,21,9,9,20,10,-1,3,0,-9,-2,5,sil
13.92292618751526,-6,4,6,8,3,11,24,8,9,13,4,0,4,15,sil
13.92292618751526,-9,-11,0,-6,0,13,23,1,0,16,-8,-4,1,1,sil
13.938145399093628,-13,-24,-21,-11,-5,7,22,-1,-4,2,-33,-23,-12,-11,sil
13.938145399093628,-14,-13,-9,-9,-10,4,10,0,3,-10,-29,-23,-20,-7,sil
13.954624652862549,-7,-4,-3,-1,-7,7,1,0,7,-1,-12,-11,-11,0,sil
13.954624652862549,-1,-10,-3,-4,-1,3,2,0,7,7,-9,-5,-2,5,sil
13.970520257949827,0,-4,-5,-5,0,-1,0,-1,20,12,0,2,4,10,sil
13.970520257949827,12,3,5,1,-5,-7,-6,2,21,12,16,21,15,17,sil
13.985174894332886,21,6,16,2,-12,-10,-9,3,9,4,9,29,16,25,sil
13.9861741065979,17,5,-1,0,-7,-9,-1,-4,10,4,1,14,15,21,sil
14.00032114982605,13,-1,-4,-3,-4,-9,-1,-8,10,12,11,9,21,9,sil
14.00032114982605,2,-8,-2,-13,-8,-12,-10,-3,-1,1,19,15,20,-1,sil
14.015928030014038,0,0,3,-7,0,-9,-7,1,-4,-11,17,13,19,-5,sil
14.031121015548706,13,11,17,1,9,-2,-1,2,2,-6,14,10,23,-1,sil
14.031121015548706,9,6,-2,-15,0,-12,-11,-1,-7,-10,3,0,12,-6,sil
14.051247835159302,-10,1,-10,-23,-8,-16,-17,-1,-20,-26,0,-1,0,-13,sil
14.051247835159302,-8,4,0,-3,2,0,-1,5,-7,-14,16,7,11,-7,sil
14.051247835159302,1,10,4,4,16,2,0,1,-3,-1,10,9,12,-1,sil
14.061853885650637,2,19,7,-1,14,-5,-13,-5,-17,-17,-13,-1,-6,-11,sil
14.07707405090332,-1,9,0,-1,2,1,-10,-2,-11,-7,-16,-18,-12,-17,sil
14.07707405090332,-9,-8,-1,-3,-6,8,0,5,-2,14,-13,-26,-13,-10,sil
14.093210458755491,-9,0,-1,-1,0,11,4,3,-8,11,-9,-14,-12,0,sil
14.093210458755491,4,14,2,17,19,19,8,1,-10,0,10,4,-3,7,sil
14.109293460845947,5,7,23,23,20,23,15,3,-5,-5,1,2,-13,4,sil
14.109293460845947,-10,-2,8,17,9,16,19,1,5,-7,-29,-17,-35,-6,sil
14.124891996383669,-14,-1,-10,14,6,10,19,4,14,0,-11,-14,-28,-4,sil
14.124891996383669,-9,-7,-13,7,1,6,12,6,13,13,19,0,-19,3,sil
14.14031147956848,0,-14,-9,6,-10,0,1,0,12,14,9,0,-37,6,sil
14.14031147956848,7,-7,7,19,-9,-1,0,-3,15,16,-1,1,-43,15,sil
14.15595245361328,0,-10,0,13,-3,0,6,-5,16,21,0,-2,-15,14,sil
14.15595245361328,-6,-23,-5,-14,-9,-1,11,-6,13,14,-13,-9,4,3,sil
14.171082019805908,0,-16,0,-18,-12,-2,6,-1,5,2,-20,-3,1,1,sil
14.171082019805908,3,-10,-13,-11,-12,-7,-1,-1,-9,-8,-6,5,-1,4,sil
14.187155485153198,0,-14,-11,-15,-19,-19,-13,-3,-17,-14,0,12,16,2,thankyou
14.187155485153198,0,-6,-4,-10,-16,-21,-17,-2,-2,-1,6,9,53,-2,thankyou
14.20319962501526,4,9,2,-2,-1,-7,-12,1,9,10,13,4,63,-4,thankyou
14.20319962501526,9,17,7,-5,4,0,-11,-1,-2,1,12,10,43,-2,thankyou
14.219231367111206,8,7,2,-12,-3,-14,-19,-11,-17,-11,6,20,30,-3,thankyou
14.219231367111206,1,0,3,-22,-13,-18,-21,-4,-19,-20,8,20,24,-4,thankyou
14.235273122787476,-3,1,-5,-19,-4,-3,-3,6,-5,-21,10,4,14,-7,thankyou
14.235273122787476,-4,4,0,-2,9,7,8,5,9,-12,1,-9,0,-13,thankyou
14.250945806503296,3,18,20,14,17,12,6,4,12,2,2,-2,-10,-11,thankyou
14.250945806503296,15,26,11,31,20,3,1,9,4,8,16,5,-7,3,thankyou
14.266016721725464,17,20,13,32,17,-4,-5,10,-7,-9,14,8,-2,18,thankyou
14.266016721725464,13,16,15,22,13,5,-5,5,-3,-15,5,8,-4,18,thankyou
14.281732082366943,3,14,2,11,8,11,1,1,4,4,-1,0,-16,8,thankyou
14.281732082366943,-9,8,0,10,4,7,0,-1,-7,10,-16,-19,-31,-2,thankyou
14.297145128250122,-7,0,-7,10,3,6,2,-5,-18,-1,-23,-24,-30,-8,thankyou
14.297145128250122,-6,-10,-13,-9,-4,6,20,-6,-6,0,-22,-11,-18,-7,thankyou
14.312284231185911,-25,-23,-21,-24,-16,3,21,-7,0,0,-24,-17,-22,-11,thankyou
14.312284231185911,-39,-29,-23,-15,-13,2,5,-6,-11,-8,-26,-39,-32,-24,thankyou
14.327868700027466,-27,-19,-13,-12,-4,8,6,2,-11,-2,-19,-34,-23,-20,thankyou
14.327868700027466,0,-9,-10,-7,4,11,16,5,15,23,-5,-7,0,4,thankyou
14.344093799591064,18,-4,10,12,14,7,14,6,41,46,10,16,20,29,thankyou
14.344524145126345,19,-5,14,14,11,5,9,6,35,43,18,24,26,29,thankyou
14.3592050075531,13,-5,-1,-7,0,2,1,0,15,10,13,14,15,13,thankyou
14.3592050075531,2,-6,6,-26,-7,-3,-9,-4,1,-6,13,8,9,3,thankyou
14.374358415603638,-5,-13,3,-32,-7,-13,-13,-8,-7,0,21,13,19,4,thankyou
14.374358415603638,4,-2,2,-26,-5,-12,-18,-7,-22,-8,20,23,22,5,thankyou
14.390288829803469,16,20,7,0,0,-1,-17,-1,-15,-18,14,27,11,1,thankyou
14.390288829803469,10,19,2,22,0,-4,-11,2,3,-9,8,13,6,-4,thankyou
14.405191421508787,4,1,5,8,-8,-15,-11,2,1,-13,-4,1,2,-5,thankyou
14.405191421508787,0,-4,3,-1,-4,-14,-12,0,-8,-21,-10,-2,-2,-6,thankyou
14.421060562133787,-7,5,2,9,5,-3,-5,2,-1,-14,-2,-4,-7,-10,thankyou
14.421060562133787,-7,10,-3,17,1,-1,1,0,6,-7,-1,-1,-7,-8,thankyou
14.436259746551514,-2,4,-8,12,-5,-8,6,-2,-5,-3,-7,-2,-8,-5,thankyou
14.436259746551514,0,5,6,14,-1,-1,9,-2,-21,-4,-10,-9,-10,-7,thankyou
14.451805591583252,-7,1,1,11,-3,7,11,-8,-18,-12,-9,-17,-10,-15,thankyou
14.451805591583252,-12,-10,-6,-13,-12,3,3,-8,-1,-12,-15,-14,-14,-14,thankyou
14.468892335891724,-7,-9,-4,-20,-5,0,0,6,13,0,-7,-4,-5,-5,thankyou
14.468892335891724,1,2,-2,5,5,0,3,12,21,8,9,2,12,3,thankyou
14.482912302017212,13,10,14,24,2,1,0,9,11,12,10,7,10,9,thankyou
14.482912302017212,20,5,8,14,1,7,0,3,0,9,1,2,1,8,thankyou
14.498952388763428,15,0,-1,-1,6,6,7,3,3,10,9,1,7,10,thankyou
14.498952388763428,2,0,4,-4,6,2,8,2,4,19,20,9,11,12,thankyou
14.514986038208008,-6,-1,-3,0,4,-2,1,-7,-7,8,5,3,0,0,thankyou
14.514986038208008,-7,-2,-3,0,3,0,-8,-5,-16,-9,-15,-6,-13,-11,thankyou
14.53000545501709,-7,0,-7,0,1,4,-15,0,-14,5,-15,-10,-20,-3,thankyou
14.53000545501709,-5,0,-6,3,0,2,-11,-3,-12,17,-4,-7,-10,6,thankyou
14.54599142074585,0,0,6,3,-1,5,0,-1,-2,6,-1,7,8,14,thankyou
14.54599142074585,4,2,-2,2,0,11,5,3,11,8,0,6,13,17,thankyou
14.561031103134155,0,0,-7,-2,6,12,7,1,6,7,-2,-7,1,12,thankyou
14.561031103134155,-10,-4,-10,-6,5,11,10,-3,0,-1,-7,-13,-2,9,thankyou
14.577051877975464,-13,-14,-11,-20,-8,0,1,-7,4,-4,-8,-7,0,4,thankyou
14.591989994049072,-3,-12,1,-30,-10,-10,-9,-2,13,-11,-3,1,3,-5,thankyou
14.591989994049072,13,7,6,-12,11,0,0,3,25,-8,15,13,16,-1,thankyou
14.591989994049072,21,17,15,0,17,0,4,4,24,0,30,28,25,7,thankyou
14.609057188034058,14,6,10,-9,1,-19,-12,0,2,-13,23,22,15,-4,thankyou
14.609057188034058,6,2,4,-11,-8,-25,-20,0,-12,-23,13,11,0,-16,thankyou
14.623832941055298,-5,0,10,-6,-11,-10,-6,0,-13,-15,10,6,-7,-20,sil
14.623832941055298,-20,-13,-4,-8,-8,-1,5,-4,-24,-11,0,-8,-12,-32,sil
14.637874603271484,-15,-7,-4,3,2,3,8,0,-35,-9,-9,-18,-16,-24,sil
14.653331756591797,-11,5,-2,19,8,17,10,1,-24,0,-10,-16,-18,-8,sil
14.653331756591797,-22,-2,-14,12,5,17,9,1,-6,6,-21,-23,-20,-9,sil
14.669302225112917,-15,-7,-7,9,1,9,8,9,3,15,-19,-22,-15,1,sil
14.669302225112917,2,0,-2,24,-5,3,13,11,18,18,-18,-14,-7,19,sil
14.685277223587036,2,-3,0,18,-17,0,13,5,17,4,-47,-17,-11,15,sil
14.685277223587036,4,-6,-4,3,-11,0,14,-1,19,13,-45,-11,-5,11,sil
14.700024604797363,12,-4,-8,9,3,3,11,-6,29,31,-2,2,13,17,sil
14.700024604797363,9,0,5,7,0,-5,-1,-8,15,9,6,9,12,9,sil
14.716140508651732,9,2,4,-6,-5,-21,-16,-6,-7,-13,6,14,5,-2,sil
14.716140508651732,21,6,8,-7,-1,-18,-22,-1,-7,-14,28,28,11,0,sil
14.731815576553345,19,10,16,1,0,0,-13,1,0,-9,41,31,14,12,sil
14.731815576553345,10,11,5,0,-1,3,0,2,1,2,33,20,11,11,sil
14.747321128845217,8,7,2,-17,-3,-2,-4,1,1,10,22,18,8,2,sil
14.747321128845217,-3,2,-7,-25,-5,-8,-19,-2,-7,-3,13,7,4,-7,sil
14.762850284576416,-14,1,-7,-9,-2,-7,-20,-1,-11,-23,9,-5,0,-12,sil
14.762850284576416,-8,4,3,4,6,0,-14,0,-1,-19,5,-7,3,-10,sil
14.777969360351562,0,7,3,5,14,1,-8,-6,0,3,5,-5,8,-2,sil
14.777969360351562,5,10,14,18,16,1,-1,0,-9,13,14,1,9,5,sil
14.79399824142456,6,9,11,27,14,10,9,3,-6,1,14,3,4,0,sil
14.79399824142456,0,2,3,12,7,16,9,-1,-4,-4,3,-4,-1,-7,sil
14.810028791427612,-7,0,3,6,3,9,0,-3,-16,1,0,-5,-5,-6,sil
14.810028791427612,-9,-6,-7,5,8,5,3,1,-12,3,-5,-7,-8,-2,sil
14.826128244400024,-9,-11,-5,-7,7,16,27,7,0,0,-15,-9,-11,2,sil
14.826128244400024,-10,-7,-11,-11,-2,18,30,4,5,1,-22,-8,-13,7,sil
14.841259241104126,-6,-10,-17,-10,-11,-3,11,-2,3,3,-27,-5,-11,4,sil
14.841259241104126,-5,-17,-7,-23,-10,-9,9,-1,5,6,-27,-6,-7,0,sil
14.856842517852783,-11,-18,-12,-27,-11,0,12,1,3,8,-28,-15,-8,3,sil
14.856842517852783,-16,-18,-15,-25,-21,1,-3,2,0,6,-39,-21,-16,0,sil
14.872931241989136,-11,-16,-14,-15,-16,1,-5,0,5,5,-29,-15,-8,-6,sil
14.872931241989136,2,-2,-1,-1,0,0,0,1,12,-2,0,1,5,0,sil
14.888793468475342,10,9,12,3,0,-12,-14,4,9,-14,6,5,4,1,sil
14.888793468475342,6,6,-1,4,0,-18,-18,0,6,-5,0,-4,2,-9,sil
14.904028415679932,9,8,5,5,7,-6,-1,-5,4,4,7,4,6,-5,sil
14.904028415679932,19,19,19,15,7,3,1,-2,6,0,25,23,7,10,sil
14.919817447662354,17,17,13,21,4,-4,-7,1,12,-11,30,23,9,12,sil
14.919817447662354,5,1,10,6,2,-17,-13,1,4,-16,24,21,9,0,sil
14.935523986816406,-1,-5,0,-1,-2,-18,-12,0,-4,-13,16,9,0,-15,sil
14.935523986816406,4,7,9,15,-1,-8,-1,6,1,-1,14,-2,1,-11,sil
14.951217651367188,11,20,17,24,11,5,8,0,0,8,23,4,14,7,sil
14.951217651367188,9,9,1,13,17,3,-1,-7,-17,3,22,12,11,7,sil
14.966216087341309,-1,-2,-2,2,3,-2,-14,-4,-28,-11,-1,-3,-10,-8,sil
14.966216087341309,-18,-3,-9,0,-5,8,2,-1,-21,-7,-27,-27,-22,-14,sil
14.981872320175173,-24,-7,-9,-8,-2,26,25,2,-7,15,-28,-25,-15,-4,sil
14.981872320175173,-14,-14,-7,-12,-1,26,27,4,7,32,-10,-6,-2,5,sil
14.997823476791382,-5,-12,-12,-5,-8,9,16,-5,10,27,-1,0,6,12,sil
14.997823476791382,-1,-5,-6,-6,-6,0,5,-3,11,9,-6,1,12,18,sil
15.013333082199097,5,-4,-10,-18,0,-5,0,4,25,6,7,12,21,19,sil
15.013333082199097,13,0,-2,-16,0,-13,-10,2,16,6,24,26,23,12,sil
15.029393672943115,17,10,12,8,4,-9,-16,0,0,0,19,26,9,0,sil
15.029393672943115,10,7,6,15,5,-2,-16,0,-1,-10,7,6,-6,-12,sil
15.0455219745636,-2,1,5,-5,-9,-13,-29,-6,-12,-19,1,0,-14,-14,sil
15.0455219745636,-3,7,0,-6,-8,-22,-33,-10,-28,-18,0,-2,-18,-13,sil
15.06133198738098,5,12,5,9,3,-3,-8,-2,-20,-12,-5,-10,-20,-6,sil
15.06133198738098,0,9,14,11,0,15,9,5,-11,-16,-17,-13,-19,-4,sil
15.076884508132936,-12,0,-1,7,-2,8,9,2,-10,-18,-22,-11,-17,-12,sil
15.076884508132936,-9,-6,-5,8,8,4,12,2,-6,-7,-19,-12,-8,-9,sil
15.09306001663208,0,-7,-4,2,5,14,18,1,-2,-4,-15,-18,0,2,sil
15.09306001663208,0,-11,-4,-3,-7,12,14,0,0,-9,-15,-16,-1,3,sil
15.1081862449646,-3,-9,-2,-2,0,11,11,-1,6,4,-18,-9,0,1,sil
15.1081862449646,2,-2,-4,-2,13,8,15,1,16,29,-9,-4,16,9,sil
15.12333369255066,7,0,10,-9,8,8,15,4,15,32,16,11,27,22,sil
15.12333369255066,7,-3,4,-7,2,13,15,1,23,25,29,22,28,24,sil
15.13905119895935,0,-9,-9,-12,-1,1,8,1,25,16,6,7,18,15,sil
15.13905119895935,-12,-12,-7,-21,-10,-19,-4,2,14,3,-10,-6,1,4,sil
15.154704332351685,-9,-8,-9,-13,-8,-22,-7,0,13,-2,3,0,1,2,sil
15.154704332351685,4,0,1,-1,0,-9,-8,1,17,-3,15,11,10,1,sil
15.169851064682009,-5,0,-3,-3,-2,-6,-19,0,2,-5,10,1,0,-15,sil
15.169851064682009,-14,2,-15,-5,-7,-15,-25,-3,-15,-11,4,-9,-14,-25,sil
15.185109376907349,0,17,-1,2,0,-16,-13,-1,-14,-9,4,3,-12,-16,sil
15.185109376907349,4,11,-2,2,0,-11,-9,0,-11,-3,4,9,-8,-15,sil
15.200618028640749,0,1,0,-7,-8,-6,-10,0,-10,-7,2,5,-9,-15,sil
15.200618028640749,15,15,14,5,0,5,4,5,1,-1,16,15,1,1,sil
15.215918779373167,19,22,16,26,14,8,12,1,6,2,16,13,4,9,sil
15.215918779373167,-4,3,6,10,1,-1,-7,-2,-12,-14,-13,-10,-14,-8,sil
15.231974601745604,-21,-6,-7,0,-4,0,-18,-7,-29,-23,-26,-23,-26,-24,sil
15.248076438903809,-10,2,8,15,10,11,0,-6,-32,-11,-7,-8,-17,-9,sil
15.248076438903809,0,0,17,19,13,17,16,0,-21,-1,1,-1,-3,6,sil
15.248076438903809,0,-9,1,7,-1,15,18,0,-4,9,-3,-5,0,4,sil
15.264212131500244,0,-2,1,16,0,19,12,-10,0,10,-4,-3,-7,2,sil
15.264212131500244,2,3,-1,30,10,15,15,-6,1,6,-1,0,-1,13,sil
15.280166625976562,7,-2,1,21,4,5,18,8,17,18,0,8,10,29,sil
15.280166625976562,15,-2,9,12,-1,2,8,8,33,27,7,19,16,37,sil
15.295787572860718,20,-3,0,8,-2,-8,-5,0,25,12,13,16,21,28,sil
15.295787572860718,10,-13,-6,-12,-12,-21,-12,-1,6,1,4,9,22,15,sil
15.311272382736206,0,-10,-11,-28,-16,-13,-6,0,5,4,0,10,19,9,sil
15.311272382736206,8,1,-2,-20,-9,-3,-1,1,7,0,6,14,20,4,sil
15.326960802078249,12,6,3,-13,-9,-9,-7,2,-1,-14,3,7,10,-8,sil
15.326960802078249,-1,2,-5,-23,-9,-16,-18,-3,-10,-22,-5,-8,-8,-23,sil
15.34298610687256,-5,4,1,-22,0,-5,-17,-1,-7,-19,-2,-13,-9,-23,sil
15.34298610687256,0,7,-3,-8,4,4,-2,5,-4,-18,-5,-13,-5,-16,sil
15.359021425247192,-7,3,-10,-12,0,-1,-3,6,-11,-27,-20,-19,-18,-12,sil
15.359021425247192,-14,0,-6,-21,0,-5,-8,0,-13,-21,-14,-17,-21,-10,sil
15.375080585479736,-15,-6,-9,-15,8,2,-1,-1,0,2,0,-16,-5,-15,sil
15.375080585479736,-21,-4,-7,-11,5,10,9,4,5,14,-9,-24,-5,-20,sil
15.390548944473268,-23,-5,-16,-15,7,4,9,0,0,11,-11,-28,-12,-10,sil
15.390548944473268,-18,-10,-18,-19,15,3,5,-6,0,19,1,-12,-2,4,sil
15.406543970108032,-11,-5,-5,-11,15,16,11,1,15,32,1,0,8,4,sil
15.406543970108032,-2,1,0,10,10,17,21,7,21,36,0,0,5,2,sil
15.42216444015503,4,-1,13,17,5,5,13,3,4,23,4,4,-2,10,sil
15.42216444015503,0,-7,8,13,0,2,0,-3,-13,1,2,4,-9,3,sil
15.437194347381592,2,-1,5,24,-4,4,1,-6,-7,-8,0,5,-13,-5,sil
15.437194347381592,12,2,22,36,-6,4,11,0,14,3,7,19,-3,7,sil
15.453218460083008,8,-6,14,25,-10,0,17,3,22,13,5,22,8,15,sil
15.453218460083008,7,-8,5,16,-11,-11,8,0,5,0,0,15,13,10,sil
15.469321727752686,19,11,11,27,-7,-13,-7,-5,-3,-16,6,19,18,11,sil
15.469321727752686,25,22,11,24,-7,-10,-17,-5,-6,-29,9,23,19,11,sil
15.484842538833618,16,12,2,1,-7,-12,-16,-1,-12,-23,3,21,11,7,sil
15.484842538833618,4,-1,-10,-12,-7,-11,-16,0,-10,-8,8,15,5,2,sil
15.500364542007446,0,0,-1,-11,-12,-11,-19,0,-1,-21,10,8,0,-4,sil
15.500364542007446,8,9,4,-6,-6,-18,-20,-1,0,-27,10,4,-1,-11,sil
15.516355514526367,15,15,6,-1,8,-16,-21,-9,-7,-1,18,5,0,-3,sil
15.516355514526367,11,17,12,6,10,-2,-16,-3,-15,3,19,2,-3,4,sil
15.53187894821167,1,8,1,7,7,2,-3,3,-18,-11,4,-9,-8,-5,sil
15.53187894821167,-6,-2,-4,-7,7,4,2,0,-22,-9,-9,-15,-11,-13,sil
15.547372579574583,-16,-2,-7,-9,7,17,3,-4,-21,2,-12,-17,-14,-8,sil
15.547372579574583,-22,5,-9,9,12,27,10,8,-6,9,-14,-26,-12,-5,sil
15.56273102760315,-17,-2,-2,11,17,29,21,14,5,18,-19,-26,-8,-2,sil
15.56273102760315,-17,-21,-19,-6,6,23,28,0,15,30,-17,-19,-7,1,sil
15.578410625457764,-18,-18,-21,-20,-5,13,21,0,19,22,-15,-18,-3,4,sil
15.578410625457764,-6,-6,-5,-17,0,7,11,10,26,12,-7,-12,7,6,sil
15.595032691955566,5,-9,-3,-12,1,-3,4,2,29,20,5,4,17,13,sil
15.595032691955566,0,-11,-8,-17,-14,-13,-8,-4,16,20,0,9,11,13,sil
15.609577417373655,-8,-9,-14,-21,-19,-11,-5,-2,6,4,-15,-2,1,6,sil
15.609577417373655,0,-9,0,-19,-6,-6,8,1,9,-2,-12,-3,2,7,sil
15.625214576721191,7,-8,6,-15,-5,-5,9,0,7,-3,-8,0,4,0,sil
15.625214576721191,-2,-12,-4,-14,-11,-6,-3,-3,-3,-12,-15,-6,-4,-20,sil
15.641241550445557,-4,-10,0,-10,0,-8,-6,0,-7,-17,-6,-4,-6,-24,sil
15.641241550445557,9,5,9,1,6,-10,-5,0,-6,-14,10,8,4,-7,sil
15.656939029693604,13,9,15,5,-3,-10,-15,-6,-10,-16,9,14,4,0,sil
15.656939029693604,8,8,13,8,-4,-10,-15,-4,-10,-9,11,9,0,-5,sil
15.67290496826172,10,20,9,23,10,-3,0,1,-1,-1,23,11,3,-5,sil
15.67290496826172,3,17,13,18,11,7,4,-3,-2,-16,14,15,0,-1,sil
15.688289165496826,-5,2,-1,3,0,4,-1,-10,-9,-22,1,11,-7,-3,sil
15.688289165496826,5,8,3,14,-3,-3,-2,0,-9,-3,11,17,1,0,sil
15.703815460205078,11,19,13,23,2,0,-2,9,-1,9,21,22,10,12,sil
15.703815460205078,-2,14,1,9,5,0,-3,4,0,8,11,8,2,12,sil
15.720268964767456,-4,2,1,1,3,0,-8,-3,-7,5,-3,-3,-8,2,sil
15.720268964767456,0,-7,-2,6,3,0,-14,-7,-11,3,-6,-11,-11,-3,sil
15.734786033630373,-1,-1,-4,6,3,6,-12,3,-7,3,0,-10,-12,0,sil
15.734786033630373,0,11,-3,20,9,11,1,8,-1,7,4,0,-11,5,sil
15.751334190368652,-4,0,-5,24,16,13,15,2,-1,4,-2,-6,-7,3,sil
15.751334190368652,-11,-20,-4,1,5,16,22,1,0,5,-16,-21,-6,0,sil
15.76512885093689,-6,-15,-12,-5,-6,15,23,0,4,12,-14,-20,0,0,sil
15.780605554580688,0,-1,-4,-3,-4,1,17,2,14,10,-7,-10,9,8,sil
15.780605554580688,-3,-12,-5,-22,-6,-14,7,2,29,4,-1,-5,16,6,sil
15.795793771743774,-1,-19,-14,-28,-12,-18,-5,-1,28,5,10,5,23,0,sil
15.795793771743774,13,6,8,-7,-6,-10,-12,3,5,5,20,21,25,5,sil
15.810973644256592,18,21,15,8,1,-9,-8,3,-3,0,18,14,14,1,sil
15.810973644256592,6,11,10,1,4,-8,-7,-6,-10,-13,6,1,-1,-14,sil
15.826884984970093,-8,2,1,-2,0,1,-8,-7,-32,-19,-18,-13,-17,-20,sil
15.826884984970093,-16,-12,-13,0,-13,9,0,-3,-38,-10,-35,-28,-27,-14,sil
15.842936038970947,-8,-14,-3,0,-11,18,10,0,-8,5,-20,-15,-13,0,sil
15.842936038970947,9,3,-2,5,7,22,17,4,29,29,3,6,14,17,sil
15.858575582504272,10,-2,-2,-5,-1,2,6,7,31,27,-2,5,11,18,sil
15.858575582504272,-6,-20,-6,-25,-19,-15,-9,-2,12,-5,-14,4,-1,2,sil
15.874157667160034,-1,-2,-10,-14,0,-8,-6,-6,7,-23,0,15,10,2,sil
15.874157667160034,11,18,13,-2,8,0,0,1,3,-17,8,12,9,11,sil
15.88981294631958,-4,4,-4,-8,-11,-11,-4,0,-8,-11,0,-10,-11,-4,sil
15.88981294631958,-10,-5,-7,-11,-6,-11,-6,-4,-13,-11,-1,-5,-14,-18,sil
15.904974699020386,10,2,22,-9,18,3,-4,0,-3,-9,8,19,-2,-4,sil
15.904974699020386,2,-2,3,-15,13,-2,-10,-1,5,-2,9,13,0,-3,sil
15.921082735061646,-13,-7,-2,-16,-5,-13,-24,2,0,-6,0,0,-4,-13,sil
15.921082735061646,-2,3,-4,2,4,-3,-14,0,1,-4,0,-2,-3,-3,sil
15.93714690208435,5,6,-1,12,20,1,4,-3,-3,0,4,-4,-3,0,sil
15.93714690208435,0,3,13,8,6,4,9,0,-14,2,7,0,-3,-7,sil
15.953373908996582,0,0,-5,10,-7,2,12,2,-5,8,15,0,1,-1,sil
15.953373908996582,1,6,3,15,-2,-3,11,4,-6,2,2,-1,-5,1,sil
15.96934461593628,0,14,3,22,4,2,10,5,-13,-2,-10,-5,-15,-6,sil
15.96934461593628,8,15,-2,21,5,11,12,2,7,16,9,2,0,7,sil
15.98414397239685,15,10,24,15,1,6,6,3,15,24,24,18,10,30,sil
15.984533309936523,1,6,1,23,1,-3,-3,-4,-9,0,-2,0,-15,9,sil
15.999194622039797,-10,3,-12,20,0,-8,-12,-9,-25,-23,-18,-18,-29,-12,sil
15.999194622039797,-4,0,11,6,-6,2,-4,-1,-10,-3,3,0,5,5,sil
16.434021472930908,-30,-18,-10,-20,-15,0,2,1,-28,-10,-30,-35,-34,-15,sil
16.434021472930908,-6,-3,3,6,2,17,11,7,-4,11,-1,-10,-2,4,sil
16.44907808303833,5,5,0,14,8,13,12,0,3,7,0,0,1,6,sil
16.44907808303833,-7,-2,-8,1,0,10,7,-6,-17,-10,-26,-19,-25,-8,sil
16.46433162689209,-6,-7,-3,9,1,16,14,0,-12,1,-21,-17,-15,-5,sil
16.46433162689209,13,0,13,11,2,14,21,7,20,23,4,3,9,11,sil
16.479854583740234,13,-6,0,-3,-4,6,14,3,24,21,4,1,8,8,sil
16.479854583740234,-4,-21,-17,-18,-10,-1,0,1,10,5,-4,-2,5,1,sil
16.495428323745728,-11,-17,-9,-19,-7,-5,-7,3,15,1,0,8,6,6,sil
16.495428323745728,-4,-7,-2,-9,-10,-1,-8,1,16,0,-2,14,1,7,sil
16.51110529899597,3,-11,5,-2,-15,-3,-4,-1,9,1,-3,13,5,4,sil
16.51110529899597,3,-11,3,-3,-9,-11,5,-2,20,11,3,8,17,11,sil
16.527120351791382,9,-1,3,-10,-1,-5,11,-3,24,10,0,5,14,20,sil
16.527120351791382,21,7,7,-3,0,7,11,1,9,5,5,17,14,14,sil
16.543231964111328,20,11,2,5,0,-5,1,0,-1,0,17,19,18,-1,sil
16.543231964111328,4,10,0,-2,5,-23,-19,-4,-10,-18,9,7,2,-9,sil
16.55915069580078,0,6,1,-9,9,-16,-30,-4,-13,-21,12,4,-4,-6,sil
16.55915069580078,5,11,8,0,7,-11,-19,-1,-8,-7,26,11,7,-6,sil
16.574671745300293,-2,15,7,6,2,-18,-9,-4,-8,-16,17,5,3,-13,sil
16.574671745300293,-4,11,-9,2,4,-11,-7,-7,-5,-18,11,-1,-7,-13,sil
16.589292526245117,5,9,1,5,10,7,-4,3,4,4,15,1,-5,-2,sil
16.589292526245117,-3,8,1,10,13,11,-3,4,2,7,-5,-10,-6,-3,sil
16.605196475982666,-17,9,-11,6,7,0,-6,0,-10,-7,-19,-23,-17,-11,sil
16.605196475982666,-1,15,1,7,1,0,-7,6,-17,-4,0,-10,-11,-8,sil
16.6212477684021,7,8,10,9,2,0,-2,9,-10,5,5,0,1,0,sil
16.6212477684021,-5,-3,4,1,0,1,0,4,-8,0,-14,-7,-6,3,sil
16.637295722961426,-14,-4,-11,2,-5,13,6,0,-5,-2,-17,-13,-15,-2,sil
16.637295722961426,0,-1,-6,-1,-3,19,16,1,2,2,-2,-2,-1,3,sil
16.65329885482788,18,-5,21,-10,1,15,23,3,13,17,4,9,15,24,sil
16.65329885482788,16,-8,18,7,2,14,23,1,19,30,0,9,15,25,sil
16.668867588043213,2,-6,6,27,-4,14,17,-3,7,18,-9,2,0,7,sil
16.668867588043213,-8,-14,-7,4,-8,8,5,-4,-12,-5,-13,-2,-10,-4,sil
16.68438482284546,-7,-23,-10,-21,0,1,-1,-1,-10,-6,-3,-5,-4,0,sil
16.68438482284546,1,-11,7,-5,6,2,2,3,8,6,0,0,4,10,sil
16.700073957443237,0,-4,0,5,-2,-4,5,-2,8,4,-16,-2,0,2,sil
16.700073957443237,-20,-15,-19,-16,-10,-13,-1,-8,-3,-7,-27,-17,-14,-14,sil
16.715768098831177,-26,-19,-25,-22,-11,-6,-4,-6,2,-13,-10,-17,-12,-13,sil
16.715768098831177,-15,-10,-20,-9,-13,-6,-5,-3,10,-8,0,-4,1,-5,sil
16.73080539703369,-6,0,-1,-8,-8,-13,-10,-2,1,-2,-5,-1,5,-9,sil
16.73080539703369,1,7,4,-2,0,-10,-11,-1,0,-1,6,0,7,-11,sil
16.746809005737305,14,10,6,2,1,-1,-11,0,0,-5,27,15,15,0,sil
16.746809005737305,18,17,6,0,8,-2,-6,2,-2,-7,25,26,19,6,sil
16.7622971534729,13,21,5,5,9,-12,-4,8,-5,-10,15,19,13,1,sil
16.7622971534729,11,16,17,2,-1,-14,-10,6,-8,-15,18,18,5,-1,sil
16.7781879901886,8,11,6,-3,0,-12,-5,-3,-8,-11,21,12,-1,-3,sil
16.7781879901886,-2,5,2,4,5,-8,3,-1,-12,-8,-2,-10,-21,-9,sil
16.793214559555054,-11,3,5,17,2,8,10,6,-13,1,-20,-22,-23,-9,sil
16.793214559555054,0,3,-7,15,4,23,18,3,0,17,-3,-10,0,4,sil
16.80878233909607,7,-4,-3,10,3,17,18,1,15,20,1,0,5,17,sil
16.80878233909607,-4,-17,0,0,-7,6,2,2,20,13,-20,-11,-10,8,sil
16.824225187301636,-7,-10,0,-13,-6,1,-11,0,18,17,-20,-6,-5,1,sil
16.824225187301636,9,2,0,-11,9,2,-12,0,11,18,9,18,14,5,sil
16.83961319923401,16,10,0,2,17,0,-11,-4,1,9,22,23,17,4,sil
16.83961319923401,11,21,10,13,11,-5,-15,-2,-5,4,18,13,5,2,sil
16.855037450790405,4,13,3,15,7,-4,-12,1,-4,4,15,5,0,0,sil
16.855037450790405,-3,-4,-2,5,0,8,0,1,-5,-4,0,-4,-6,-5,sil
16.87167477607727,-8,-8,0,-4,-5,16,13,-5,-14,-13,-20,-15,-13,-5,sil
16.87167477607727,-6,-12,-10,-5,-3,9,25,-4,-8,-4,-19,-15,-6,1,sil
16.886231422424316,-10,-19,-13,-7,-5,6,27,7,11,3,-6,-8,6,7,sil
16.886231422424316,-14,-19,-18,-16,-11,3,16,3,22,2,-7,-16,5,7,sil
16.902268648147583,-5,-17,-14,-18,-11,-4,1,-6,9,-5,-22,-22,-5,1,sil
16.902268648147583,1,-12,3,-17,-14,-14,-12,-3,-5,-21,-20,-2,-4,-5,sil
16.917847394943237,0,-2,4,-11,-18,-22,-21,-2,-10,-32,5,14,4,-8,sil
16.917847394943237,6,14,13,1,-2,-14,-14,-5,-10,-25,26,20,5,-4,sil
16.933329343795776,12,23,11,12,13,-1,-3,-1,-11,-8,27,18,2,2,sil
16.933329343795776,2,9,2,8,4,-6,-5,3,-13,-1,15,6,1,3,sil
16.949460744857788,-2,8,18,17,3,0,-1,7,-8,7,3,-1,-1,0,sil
16.949460744857788,-6,11,9,31,16,15,7,1,-1,21,-5,-14,-14,-6,sil
16.96362829208374,-24,-13,-13,4,5,6,2,-3,-7,18,-27,-33,-28,-23,sil
16.979804515838623,-27,-28,-23,-23,-7,0,-3,0,-8,8,-37,-33,-15,-21,sil
16.979804515838623,0,-7,-2,-13,0,4,1,1,8,9,-9,-2,9,6,sil
16.979804515838623,20,9,20,1,0,1,4,4,17,9,15,20,17,17,sil
16.996801137924194,18,6,9,-1,-1,-8,0,1,9,0,12,18,18,6,sil
16.996801137924194,13,11,8,-2,2,-16,-3,1,6,-4,16,27,25,5,sil
17.010364294052124,11,22,15,4,1,-14,-4,-1,6,-3,28,37,21,0,sil
17.02597999572754,9,23,13,15,5,-1,-1,-1,-1,-4,20,20,5,-12,sil
17.02597999572754,9,16,12,12,11,7,1,5,1,-7,8,3,-4,-3,sil
17.043067693710327,1,0,-1,9,3,7,7,4,15,3,9,4,-5,7,sil
17.043067693710327,-2,-13,1,6,-5,10,12,0,4,10,2,3,-3,14,sil
17.043067693710327,-2,-10,-3,3,-2,16,9,-5,-9,7,-10,-10,-7,13,sil
17.058622121810913,-7,-6,-28,0,0,9,0,-4,-3,3,-20,-26,-17,0,sil
17.073268175125122,-19,-18,-27,-12,-9,4,-6,0,0,0,-24,-24,-20,-7,sil
17.073268175125122,-14,-27,-25,-21,-13,9,2,0,5,0,-15,-15,-6,1,sil
17.090087175369263,7,-8,-12,-4,-2,7,13,1,20,18,-5,-3,6,15,sil
17.090087175369263,10,4,-1,9,7,0,7,6,21,26,-2,-2,6,12,sil
17.104113578796387,-13,-9,-21,-10,0,-8,-5,-1,1,3,-6,-16,-1,-5,sil
17.104113578796387,-19,-16,-23,-34,-10,-9,-17,-9,-14,-23,-12,-10,-6,-17,sil
17.119849920272827,-3,-7,-15,-25,-6,-12,-20,-7,-24,-29,-15,0,-6,-15,sil
17.119849920272827,-1,0,-6,-11,0,-10,-14,-4,-25,-27,-7,0,-6,-14,sil
17.13540291786194,-5,12,0,-10,-2,-5,-7,-1,-19,-26,3,0,0,-15,sil
17.13540291786194,3,19,9,-1,-7,-18,-10,1,-13,-20,14,10,9,-7,sil
17.15109395980835,15,23,28,17,2,-20,-9,7,-8,-8,28,25,12,8,sil
17.15109395980835,14,21,17,22,21,2,0,3,0,2,35,26,11,14,sil
17.166202068328857,13,15,14,26,25,13,8,1,1,9,25,9,9,7,sil
17.166202068328857,10,13,37,41,13,9,14,1,3,17,8,0,4,1,sil
17.181820392608643,0,-7,21,18,-2,9,13,0,9,23,-8,-4,0,0,sil
17.181820392608643,0,-33,10,-24,-10,9,9,0,11,18,-15,-2,-3,2,sil
17.197027444839478,6,-12,22,-4,0,17,19,4,18,25,0,5,6,13,sil
17.197027444839478,5,11,33,30,6,19,23,3,20,29,4,1,5,19,sil
17.21317195892334,0,-2,27,9,0,0,8,1,13,8,-14,-14,-8,10,sil
17.21317195892334,-2,-18,1,-18,-5,-12,-1,3,7,-11,-19,-15,-7,0,sil
17.228312492370605,-10,-7,-15,-24,-11,-9,-9,0,-4,-27,-11,-3,-2,-3,sil
17.228312492370605,-10,2,-31,-16,-16,-11,-17,-9,-5,-34,0,-1,0,-6,sil
17.243961811065674,1,9,-30,-5,-9,-16,-16,-6,8,-17,10,5,6,-11,sil
17.243961811065674,2,12,-11,-2,0,-4,-7,3,3,-2,8,17,0,-14,sil
17.25907015800476,-7,3,-21,-4,4,0,-3,2,-18,-5,-1,6,-13,-19,sil
17.25907015800476,-7,0,-21,-1,4,-6,-7,-4,-27,-6,-4,-9,-13,-22,sil
17.275059700012207,-6,4,-14,0,2,-2,-10,-10,-27,-2,-3,-9,-12,-16,sil
17.275059700012207,-11,3,-14,4,6,4,-12,-8,-27,1,-2,-5,-10,-3,sil
17.290598154067993,-7,1,-7,12,6,13,-7,4,-11,13,-5,-5,-5,3,sil
17.290598154067993,-6,-5,-13,12,0,17,11,6,6,25,-9,-10,-7,3,sil
17.306577920913696,-7,-4,-3,11,1,15,32,6,11,23,-6,-5,-2,9,sil
17.306577920913696,-1,1,3,7,5,12,30,5,17,12,0,-1,12,14,sil
17.322190284729004,0,-14,-8,-8,-8,2,10,1,21,6,-1,-5,15,14,sil
17.322190284729004,4,-24,4,-13,-21,-5,1,-1,17,6,2,5,14,22,sil
17.337846517562866,16,-8,12,3,-6,-3,3,1,22,12,20,20,25,27,sil
17.337846517562866,16,0,13,0,5,-2,-6,6,22,5,18,16,25,16,sil
17.353501558303833,9,-3,14,-16,2,-13,-18,1,5,-5,6,8,9,1,sil
17.353501558303833,16,5,13,-10,3,-21,-14,-3,-10,-17,7,7,-2,-2,sil
17.36918568611145,20,17,19,1,4,-10,-9,-1,-6,-19,13,12,-1,-1,sil
17.36918568611145,10,11,4,0,2,0,-3,0,5,-4,12,4,2,-3,sil
17.384137630462646,2,3,1,-7,3,-5,-1,-3,0,-3,1,-3,-4,-5,sil
17.384137630462646,-3,5,8,-7,0,-6,-4,-3,-13,-21,-7,-1,-6,-7,sil
17.399391889572144,-5,6,3,-1,-4,-4,-4,-4,-14,-21,-8,-3,-1,-10,sil
17.399391889572144,-5,5,0,-3,-1,-3,-3,-5,-18,-11,-20,-15,-19,-22,sil
17.41512703895569,-15,0,-17,-13,2,0,-10,-6,-26,-20,-41,-30,-36,-33,sil
17.41512703895569,-15,-5,-16,-14,2,5,-9,-1,-18,-20,-31,-18,-17,-15,sil
17.43124222755432,-1,-1,5,-1,6,13,5,8,0,3,5,2,4,7,sil
17.43124222755432,-4,0,1,7,4,12,11,5,3,13,9,-5,-2,-3,sil
17.446085929870605,-17,0,2,5,-7,5,7,1,0,3,-9,-12,-10,-12,sil
17.446085929870605,-11,-3,4,6,-7,8,15,0,5,13,5,4,7,7,sil
17.46212887763977,4,-5,3,15,3,14,17,1,7,20,23,11,11,15,sil
17.46212887763977,0,0,4,25,3,12,3,-1,-5,3,4,5,-3,0,sil
17.47780179977417,-7,3,2,31,0,6,0,0,1,3,3,8,2,-5,sil
17.47780179977417,6,4,10,25,2,4,7,7,16,22,19,13,17,8,sil
17.49338388442993,9,1,0,18,4,-3,1,3,6,22,8,5,6,13,sil
17.49338388442993,-2,-7,-8,7,-1,-8,-10,-2,-3,8,-9,1,-8,11,sil
17.50881814956665,1,-8,3,-1,-3,-3,-7,0,2,6,-1,5,-2,15,sil
17.50881814956665,12,3,1,3,0,-2,4,1,9,11,9,1,11,19,sil
17.525266885757446,6,9,0,5,4,0,7,2,11,10,5,1,10,17,sil
17.525266885757446,-1,0,-12,-7,3,6,7,0,14,9,-2,-3,1,4,sil
17.539801120758057,0,-7,-21,-22,-3,-2,1,-3,12,1,-7,-12,4,-8,sil
17.540799379348755,4,-3,-5,-31,-9,-12,-4,-6,15,-6,-4,-1,12,-4,sil
17.55495262145996,6,-1,-6,-31,-8,-9,-3,-6,15,-1,0,4,10,0,sil
17.55495262145996,2,-6,-7,-29,-13,-14,-7,0,0,-1,-2,1,6,-7,sil
17.57104516029358,1,-7,-3,-29,-17,-24,-18,1,-12,-20,0,9,3,-13,sil
17.57104516029358,5,1,4,-17,-5,-25,-21,-4,-14,-36,8,14,0,-7,sil
17.58829379081726,3,17,16,6,6,-3,-15,-1,-15,-29,8,6,0,0,sil
17.58829379081726,-3,10,0,13,10,10,-4,0,-14,-17,-4,-7,-9,0,sil
17.601807832717896,-10,-11,-9,-2,2,7,0,-3,-19,-21,-18,-18,-22,-13,sil
17.601807832717896,-12,-17,-4,-7,1,8,4,-2,-17,-18,-10,-21,-20,-18,sil
17.61826753616333,-11,-7,2,1,11,14,15,4,-1,4,1,-15,-11,-9,sil
17.61826753616333,-4,0,6,6,9,13,21,6,-6,12,-10,-8,-18,-7,sil
17.63482141494751,1,3,-3,9,-3,5,11,0,-19,0,-21,-9,-20,-9,sil
17.63482141494751,3,6,8,11,-2,0,0,0,-5,-4,-7,0,-5,3,sil
17.64931869506836,0,7,18,11,11,1,-6,3,7,5,8,11,8,11,sil
17.66498064994812,0,11,5,13,13,0,-13,0,-1,8,5,8,10,3,sil
17.66498064994812,3,20,10,22,4,-4,-9,0,2,13,10,13,12,4,sil
17.680391788482666,5,17,6,30,1,0,4,4,26,31,29,20,23,13,sil
17.680391788482666,5,4,2,14,3,8,10,6,31,33,31,18,31,19,sil
17.696624517440796,6,-1,2,-3,-3,5,4,2,21,18,18,12,23,20,sil
17.697625160217285,2,-7,-2,0,-12,-4,-3,-5,5,6,8,1,1,7,sil
17.697625160217285,-4,-5,6,6,-5,0,-4,-5,-3,0,-3,-5,-12,-12,sil
17.711432456970215,-2,3,0,-3,7,17,6,2,4,0,-5,-6,-6,-8,sil
17.727010250091553,7,0,-7,-15,2,8,10,2,0,-2,0,1,-4,7,sil
17.727010250091553,7,-9,-1,-5,-5,-11,-2,-3,-26,-21,-13,-2,-16,1,sil
17.743234395980835,-1,-7,-10,4,-5,-14,-10,-8,-25,-28,-23,-12,-14,-6,sil
17.74423885345459,-2,-8,-8,-11,-7,0,0,-2,-2,-11,-10,-8,-1,-3,sil
17.759615182876587,-4,-13,-6,-20,-7,5,14,0,3,1,0,-5,0,-5,sil
17.759615182876587,-10,-7,-1,-4,-2,0,12,4,0,0,-5,-6,-1,-2,sil
17.773823022842407,-4,0,-1,0,-2,3,2,4,5,5,-11,-3,-2,3,sil
17.77423620223999,2,-3,-15,-7,-7,0,-1,-5,4,7,-12,-11,-8,-6,sil
17.78980016708374,0,-8,-4,-6,-11,-17,-5,-3,-10,0,-14,-14,-9,-11,sil
17.78980016708374,-6,-6,0,1,-2,-11,-3,2,0,5,-5,-6,5,0,sil
17.804820775985718,-7,-3,-5,0,8,8,0,0,19,14,0,-5,6,-1,sil
17.804820775985718,-14,0,-4,-6,10,8,-3,0,7,-7,-6,-10,-4,-11,sil
17.820946216583252,-13,4,-9,-2,5,-9,-7,0,-10,-28,-3,-4,0,-5,thankyou
17.820946216583252,4,9,10,2,1,-14,-9,-2,-2,-12,12,17,8,7,thankyou
17.836190462112427,17,10,21,4,4,3,-1,1,12,11,21,29,15,16,thankyou
17.836190462112427,11,10,5,2,8,6,3,5,7,8,9,16,12,8,thankyou
17.852245807647705,2,13,-1,-2,4,-4,0,2,-4,-1,2,4,0,-8,thankyou
17.852245807647705,7,10,0,3,5,0,5,1,8,4,16,10,7,-3,thankyou
17.868266105651855,11,6,9,15,11,10,6,3,22,15,24,22,16,11,thankyou
17.868266105651855,2,2,4,2,4,0,-6,3,0,12,13,8,0,2,thankyou
17.88345718383789,0,-1,-3,-14,-8,-15,-14,-1,-20,-3,0,-7,-12,-7,thankyou
17.88345718383789,1,-1,5,-6,-8,-2,-4,-4,-18,-25,-6,-7,-10,-2,thankyou
17.899016618728638,-4,0,-4,6,-3,8,2,-6,-17,-19,-14,-10,-7,-1,thankyou
17.899016618728638,0,1,-1,10,0,6,2,-1,-9,6,-5,-4,0,10,thankyou
17.914052963256836,11,2,7,7,1,3,4,0,8,11,11,5,3,16,thankyou
17.914052963256836,0,-5,1,-3,0,0,3,-3,1,-6,-1,-7,-7,-5,thankyou
17.929320573806763,-12,-10,-1,-11,-10,6,1,-2,-12,-3,-23,-20,-14,-12,thankyou
17.929320573806763,-4,-12,-13,-5,-10,8,1,0,-4,8,-9,-3,-1,4,thankyou
17.94521141052246,0,-13,-10,-8,-10,-8,0,2,-3,-8,6,3,0,0,thankyou
17.94521141052246,-8,-8,-2,-18,-11,-17,-11,3,-6,-19,-6,-8,-6,-15,thankyou
17.960857391357422,-8,2,-4,-9,0,-7,-14,1,1,-1,-10,-9,-3,-12,thankyou
17.960857391357422,2,12,15,12,9,5,-2,3,4,3,6,11,6,1,thankyou
17.976264238357544,11,16,15,21,11,10,9,2,5,2,17,16,10,4,thankyou
17.976264238357544,4,10,0,8,10,0,9,0,6,11,4,3,0,2,thankyou
17.99227213859558,-4,0,0,8,6,-7,1,-1,-1,14,-4,0,-6,3,thankyou
17.99227213859558,-1,0,3,17,3,4,2,-4,-3,7,1,1,0,2,thankyou
18.00837206840515,0,4,11,13,7,10,8,-1,4,1,4,2,2,0,thankyou
18.00837206840515,-7,-2,2,5,2,1,11,5,4,0,-1,-5,-4,0,thankyou
18.023266315460205,-2,-5,2,7,-5,2,8,7,2,0,0,0,3,6,thankyou
18.023266315460205,11,7,6,13,1,13,4,1,6,0,8,10,17,13,thankyou
18.03930306434632,1,0,-14,6,9,3,0,-10,3,0,6,4,3,2,thankyou
18.03930306434632,-9,-12,-8,-1,2,-1,1,-3,0,5,0,1,-5,-4,thankyou
18.05528926849365,2,0,1,11,2,10,14,4,10,24,0,6,11,5,thankyou
18.05528926849365,6,2,-8,6,0,12,15,0,13,20,-11,-7,13,5,thankyou
18.076157331466675,-6,-13,-18,-23,-11,0,1,-7,7,3,-20,-16,-2,-3,thankyou
18.076157331466675,-4,-16,-15,-24,-14,-10,-10,-2,20,8,-14,-7,-1,-2,thankyou
18.076157331466675,0,-13,-3,-22,-13,-9,-16,5,22,4,-15,-5,0,-2,thankyou
18.08618974685669,-6,-11,-11,-36,-14,-13,-16,0,3,-18,-15,-13,-5,-8,thankyou
18.101863145828247,0,-1,-12,-28,-8,-19,-13,-9,-9,-30,-4,-7,-9,-4,thankyou
18.101863145828247,4,6,3,-13,1,-13,-16,-3,-18,-31,-2,3,-10,-5,thankyou
18.11754465103149,-2,6,-3,-19,4,-9,-20,4,-22,-27,0,-1,-7,-14,thankyou
18.11754465103149,2,10,3,-20,0,-16,-14,5,-19,-16,10,-3,-6,-11,thankyou
18.133352041244507,13,10,8,-8,1,-12,-4,0,-19,-9,13,0,-6,-3,thankyou
18.133352041244507,8,5,8,0,4,-3,-7,-1,-23,-6,20,4,0,-3,thankyou
18.14828872680664,3,12,21,18,5,0,-9,3,-19,0,22,8,0,-3,thankyou
18.14828872680664,-5,9,6,23,3,5,2,4,-10,0,5,0,-10,-3,thankyou
18.16401982307434,-15,0,0,8,2,14,10,1,-4,2,0,-3,-6,1,thankyou
18.16401982307434,-5,8,11,23,10,22,14,0,5,11,5,4,6,6,thankyou
18.17920732498169,5,7,11,38,11,15,20,0,10,14,0,6,0,6,thankyou
18.17920732498169,0,-5,10,15,1,6,14,0,6,17,1,9,0,12,thankyou
18.194998264312744,-1,-5,2,5,1,5,6,0,14,25,13,16,16,18,thankyou
18.194998264312744,2,0,7,18,0,7,9,4,15,11,0,15,12,13,thankyou
18.210190534591675,3,-5,8,19,-9,10,14,2,5,-2,-6,9,1,10,thankyou
18.210190534591675,6,-9,-1,10,-7,4,14,-2,9,11,7,5,8,12,thankyou
18.22628092765808,9,0,0,1,-3,-1,9,-2,17,18,7,4,9,5,thankyou
18.22628092765808,1,2,-9,3,-5,-3,2,-1,7,0,-3,-3,0,-5,thankyou
18.241851806640625,-2,0,-10,1,-4,-2,-7,0,-6,-12,-12,-9,-2,-5,sil
18.241851806640625,0,1,-8,-10,0,0,-9,0,1,0,-5,-1,2,-3,sil
18.25720739364624,5,0,-13,-10,3,1,-1,-2,15,12,10,4,9,-1,sil
18.25720739364624,1,-1,-1,-6,2,0,-4,-3,3,-1,-1,-4,2,0,sil
18.27334499359131,-12,-8,-11,-20,0,-10,-18,-6,-22,-20,-30,-26,-16,-9,sil
18.27334499359131,-15,-13,-16,-26,1,-8,-12,-3,-19,-13,-22,-22,-19,-13,sil
18.28897857666016,-3,-2,-4,-5,4,6,3,2,3,-1,0,-2,-2,-3,sil
18.28897857666016,-3,4,-4,1,8,0,0,-2,5,-3,-4,-6,1,-1,sil
18.30416440963745,-6,0,3,-6,6,-12,-10,0,0,2,-5,-14,-4,-3,sil
18.30416440963745,3,-2,5,-2,2,-5,-3,6,6,12,7,0,0,0,sil
18.320200443267822,14,3,8,1,6,0,0,1,0,-1,4,8,5,0,sil
18.320200443267822,12,7,9,-1,4,-7,-2,-1,-12,-19,-1,3,0,-4,sil
18.33587217330933,-1,-5,-7,-8,-9,-13,-3,1,-9,-21,0,0,-10,-10,sil
18.33587217330933,-16,-15,-7,-18,-19,-10,-3,2,-9,-20,-8,0,-17,-17,sil
18.35190463066101,-16,-9,-7,-21,-16,-4,-4,2,-2,-7,-9,-3,-4,-15,sil
18.35190463066101,-5,2,-1,-5,-9,0,-2,4,9,12,10,2,12,2,sil
18.367795944213867,3,11,12,13,1,7,4,0,4,15,26,16,14,20,sil
18.367795944213867,11,10,4,18,2,8,12,0,-1,16,19,11,10,22,sil
18.383835554122925,13,5,11,13,-2,7,13,5,0,18,6,5,12,21,sil
18.383835554122925,7,7,13,22,1,9,12,0,-3,16,9,7,14,12,sil
18.39833617210388,-1,3,-3,14,2,2,5,-8,-5,1,5,-1,0,-5,sil
18.39833617210388,-8,-2,-6,-13,-3,0,-3,-3,0,-15,-14,-12,-17,-12,sil
18.41429734230041,-7,-4,0,-9,-2,10,3,0,0,-15,-20,-9,-13,-3,sil
18.41429734230041,-3,-6,6,2,-2,11,10,5,9,-1,-10,0,-7,0,sil
18.42999291419983,-1,-7,-3,-12,0,3,0,4,21,-2,-3,-1,-4,0,sil
18.42999291419983,9,0,0,-7,8,-1,-11,-8,5,-12,6,2,1,6,sil
18.44590377807617,20,12,23,20,5,-2,-8,-6,-6,2,22,19,11,13,sil
18.44590377807617,13,11,8,17,6,-3,-1,5,8,22,19,18,16,5,sil
18.459954500198364,3,6,-2,-1,20,-5,-9,2,0,2,0,0,0,-8,sil
18.475107431411743,-3,5,-5,0,18,-8,-19,-6,-22,-18,-11,-6,-21,-17,sil
18.475107431411743,-2,4,-5,8,3,-5,-4,0,-3,-1,0,1,-7,-5,sil
18.490571975708008,10,4,5,4,4,6,11,5,21,18,14,8,22,15,sil
18.490571975708008,12,2,-1,0,7,3,3,-1,6,14,9,1,15,8,sil
18.50630259513855,-5,0,-9,0,-2,-6,-8,-1,-14,-4,-18,-11,-8,-13,sil
18.50630259513855,-16,-8,-13,0,-12,-7,-3,-1,-17,-13,-27,-15,-13,-16,sil
18.5218472480774,-10,-16,-15,-4,-16,-13,0,-2,-17,-6,-8,-12,-8,-8,sil
18.5218472480774,-5,-7,5,-4,-16,-8,0,0,-17,0,0,-5,-6,-5,sil
18.536983728408813,-7,1,3,4,-3,11,7,0,-6,4,-1,-4,-1,0,sil
18.536983728408813,-5,-5,0,3,4,17,16,0,3,6,0,1,0,7,sil
18.55304837226868,-7,-13,0,-4,-4,7,13,1,7,1,-1,-1,-1,2,sil
18.55304837226868,-16,-11,-11,-5,-14,3,0,-2,-1,-8,-11,-17,-4,-7,sil
18.56852912902832,-14,-3,-5,-5,-2,5,-10,-1,-6,-3,-9,-15,-2,-1,sil
18.56852912902832,-1,-1,2,-3,12,7,1,6,16,11,3,-1,9,11,sil
18.584359169006348,8,-3,6,0,10,12,20,9,42,24,4,3,17,16,sil
18.584359169006348,7,-5,-1,-4,-1,11,20,5,41,26,0,9,15,16,sil
18.599905490875244,0,-11,-19,-24,-9,-8,5,0,17,3,-3,7,9,11,sil
18.599905490875244,0,-2,-3,-27,-10,-20,-2,-4,-8,-23,-4,7,4,0,sil
18.61516308784485,7,9,6,-9,-6,-15,-4,-7,-12,-25,5,13,1,-9,sil
18.61516308784485,6,4,2,-8,-7,-23,-15,-2,-5,-20,12,10,-7,-15,sil
18.631264448165894,8,10,7,-2,-6,-27,-25,0,-13,-23,8,7,-9,-15,sil
18.631264448165894,13,24,12,23,9,-8,-24,-7,-20,-15,18,14,-1,-7,sil
18.64686226844788,7,17,10,23,15,1,-27,-3,-17,-12,23,9,-6,-7,sil
18.64686226844788,1,5,0,4,0,-5,-28,0,-18,-12,6,-4,-16,-15,sil
18.6629638671875,8,8,9,9,-2,-7,-12,0,-24,-1,-4,0,-11,-3,sil
18.6629638671875,16,13,27,22,8,8,9,7,-4,13,3,11,0,19,sil
18.678109169006348,16,16,12,25,12,22,19,9,22,12,5,6,7,22,sil
18.678109169006348,9,16,7,11,7,24,11,0,3,1,-5,-2,0,10,sil
18.693249702453613,-6,0,-7,-2,6,20,10,-2,-22,7,-7,-10,-3,0,sil
18.693249702453613,-13,-14,-19,-1,1,14,18,2,-5,24,0,-10,12,0,sil
18.709030389785767,-13,-13,-8,1,0,11,13,1,22,28,1,-5,18,6,sil
18.709030389785767,-17,-14,-10,-4,4,10,8,1,27,26,-2,-9,5,1,sil
18.72425436973572,-11,-11,-1,-3,7,8,16,7,25,23,-6,-9,3,0,sil
18.72425436973572,-1,-3,0,3,2,0,21,8,18,14,-8,-6,4,2,sil
18.74022340774536,-5,-8,-13,-5,-5,-10,11,-4,-1,2,-14,-9,-6,-5,sil
18.74022340774536,-13,-15,-9,-15,-9,-4,-2,-9,-12,-11,-20,-12,-15,-17,sil
18.755854845047,-15,-17,-11,-12,-3,-1,-2,-3,-7,-17,-16,-17,-10,-13,sil
18.755854845047,-10,-9,-5,-4,-4,-9,0,1,-3,-10,-8,-13,-6,-3,sil
18.771390676498413,-5,-3,-8,0,-13,-12,-7,-3,-7,-13,-11,-6,-7,-7,sil
18.771390676498413,-4,-7,-13,-4,-15,-16,-17,-5,-10,-17,-8,0,0,-5,sil
18.78689670562744,0,-4,2,-14,-7,-15,-5,3,-1,-6,10,13,10,13,sil
18.78689670562744,5,1,4,-12,2,-6,1,2,8,-9,16,18,9,12,sil
18.80199193954468,9,0,6,-5,4,-4,-13,-5,-4,-26,0,12,-1,-2,sil
18.80199193954468,19,4,13,1,-1,-2,-18,-5,-18,-15,4,17,1,6,sil
18.81725788116455,22,8,7,-1,-8,0,-5,1,-1,3,14,17,8,11,sil
18.81725788116455,7,5,10,-13,-4,3,0,1,13,4,6,8,1,-4,sil
18.83285880088806,-1,5,6,0,8,13,4,-1,16,14,11,6,8,-1,sil
18.83285880088806,4,9,4,9,7,7,2,0,14,16,19,11,14,7,sil
18.84851098060608,5,9,3,-5,-6,-13,-10,0,1,-3,7,4,0,-2,sil
18.84851098060608,4,11,0,0,-1,-11,-9,-1,-10,-11,1,0,-9,-7,sil
18.86382007598877,10,17,9,25,17,10,1,8,-4,-1,6,4,-5,1,sil
18.86382007598877,5,10,5,20,11,7,-2,7,2,1,4,0,0,0,sil
18.87902045249939,0,0,7,8,-4,-7,-9,-2,0,5,4,-1,1,-4,sil
18.89506864547729,0,7,15,19,5,0,1,1,0,10,14,5,6,0,sil
18.89506864547729,0,15,0,21,19,10,9,4,-1,6,12,-5,1,2,sil
18.89506864547729,-6,3,-6,8,8,9,1,0,-7,-1,-7,-17,-9,0,sil
18.91051769256592,-13,-11,-14,1,-3,8,7,-4,-4,1,-19,-18,-11,-4,sil
18.9267213344574,-14,-9,-13,-1,-3,2,17,-2,-2,7,-19,-20,-12,-3,sil
18.9267213344574,-9,-3,-2,-1,-4,0,8,-3,-12,-2,-25,-14,-18,0,sil
18.9267213344574,-10,-15,-14,-7,-11,0,-1,-4,-15,-15,-30,-6,-13,-2,sil
18.941391706466675,-15,-23,-15,-29,-13,2,0,0,-10,-6,-24,-8,-3,-8,sil
18.95660638809204,-14,-13,-10,-25,-2,3,6,0,-8,5,-14,-17,-7,-12,sil
18.95660638809204,-9,-6,0,5,4,0,5,0,-4,4,-7,-15,-7,-3,sil
18.973218202590942,0,-3,10,4,0,7,11,3,14,14,2,4,15,14,sil
18.973218202590942,14,-3,4,-3,1,11,15,2,27,30,14,18,27,18,sil
18.98981595039368,11,-3,4,5,6,2,1,0,11,10,11,10,9,4,sil
18.98981595039368,0,-4,-2,-1,3,-2,-2,0,0,-11,4,-5,0,-4,sil
18.98981595039368,0,-2,-7,-15,-3,-5,5,0,5,-10,2,0,3,-3,sil
19.003947496414185,11,6,10,1,-6,-13,0,1,13,-11,6,18,7,1,sil
19.003947496414185,15,10,8,10,-5,-14,-15,3,16,-7,13,19,12,9,sil
19.019171476364136,18,9,6,-9,-2,-4,-17,0,12,9,19,18,21,14,sil
19.03467011451721,11,8,0,-8,-3,-9,-10,-1,2,5,15,16,14,9,sil
19.03467011451721,0,-4,-7,-2,-7,-16,-9,-1,-6,-20,2,7,-6,-2,sil
19.05428910255432,-1,-9,1,-16,-1,0,-5,2,-4,-14,2,9,-5,-3,sil
19.05428910255432,3,2,2,-12,6,6,3,0,1,12,15,12,10,2,sil
19.05428910255432,3,16,11,5,1,-8,0,0,-9,3,13,4,0,0,sil
19.06530809402465,5,17,11,10,0,-4,-6,6,-10,-9,8,3,-9,-6,sil
19.081153392791748,10,11,1,8,7,6,-1,6,10,5,15,12,5,1,sil
19.081153392791748,0,2,6,4,0,0,-4,-1,1,0,4,3,0,2,sil
19.09620952606201,-16,-3,-3,0,-3,-7,-18,-7,-23,-21,-17,-20,-22,-13,sil
19.09620952606201,-10,0,-2,5,8,1,-17,-3,-21,-15,-19,-20,-20,-16,sil
19.11121964454651,-6,2,1,15,11,7,-6,-5,-18,-8,-16,-15,-15,-13,sil
19.11121964454651,-23,-4,-12,9,-2,2,0,-11,-23,-14,-30,-35,-27,-22,sil
19.12641143798828,-21,-1,-8,4,-3,4,9,-4,-9,-4,-31,-35,-23,-18,sil
19.12641143798828,-4,-1,-1,13,8,12,12,0,0,12,-9,-14,-3,-4,sil
19.1429386138916,-8,-12,-2,10,8,13,5,0,-7,14,-1,-9,2,-2,sil
19.1429386138916,-11,-11,-7,4,2,10,11,1,4,16,-5,-13,0,0,sil
19.1588237285614,0,-3,-10,6,0,12,24,6,25,16,-4,-5,8,13,sil
19.1588237285614,5,0,6,2,0,16,24,13,28,13,3,9,17,24,sil
19.174214839935303,3,0,2,0,0,10,20,7,23,20,12,13,20,27,sil
19.174214839935303,9,-1,2,3,0,3,18,1,16,19,11,17,15,23,sil
19.18934202194214,13,-4,7,0,-5,2,17,7,14,8,3,15,11,17,sil
19.18934202194214,12,-9,-1,-11,-6,-8,10,2,18,10,-1,3,10,16,sil
19.205447673797607,12,-9,0,-22,-7,-19,-9,-7,14,6,-2,3,5,10,sil
19.205447673797607,9,-4,-2,-20,-7,-13,-18,-7,7,-3,8,12,7,0,sil
19.22113037109375,4,0,-4,-18,-9,-14,-11,0,0,-7,19,14,10,-4,sil
19.22113037109375,1,-3,-1,-31,-18,-27,-20,-4,-17,-22,5,12,-3,-16,sil
19.23628115653992,0,-5,-4,-31,-18,-27,-34,-14,-30,-34,0,12,-17,-28,sil
19.23628115653992,5,11,13,-10,0,-11,-25,-2,-23,-19,16,18,-4,-18,sil
19.2522361278534,6,24,12,4,13,-2,-15,3,-15,-10,19,15,6,-9,sil
19.2522361278534,0,16,4,4,11,-4,-20,-4,-20,-20,4,9,-1,-13,sil
19.267058610916138,0,11,17,12,5,6,-13,-1,-19,-11,9,9,-6,-4,sil
19.267058610916138,3,15,9,29,14,20,1,3,-7,5,15,0,0,5,sil
19.283145904541016,-6,15,-3,27,21,16,7,0,-7,1,-10,-21,-4,-1,sil
19.283145904541016,-20,3,-14,14,11,10,13,0,-3,0,-32,-37,-14,-10,sil
19.29906153678894,-18,-6,-14,12,0,14,17,9,7,2,-24,-30,-14,-3,sil
19.29906153678894,-11,-7,0,9,1,10,8,8,11,3,-11,-14,-7,3,sil
19.31416416168213,-15,-9,-7,-3,0,-2,4,-3,8,9,-10,-18,-2,0,sil
19.3145215511322,-12,-12,-8,-9,-11,-2,9,-1,7,4,-17,-18,-7,0,sil
19.33027052879333,0,-11,-6,-2,-5,8,13,5,9,0,-15,-7,-6,5,sil
19.33027052879333,10,-6,-1,3,4,5,14,3,16,11,1,-1,7,9,sil
19.34587836265564,12,0,16,12,3,5,19,1,23,20,15,5,13,13,sil
19.34587836265564,8,-4,6,8,0,7,17,0,22,16,5,11,7,16,sil
19.361927032470703,4,-15,0,-11,-7,-1,0,3,7,10,-2,10,7,14,sil
19.361927032470703,7,-9,0,-14,-9,-7,-4,1,0,9,10,13,10,7,sil
19.3782320022583,12,1,-1,3,0,-6,0,-7,0,2,23,17,8,3,sil
19.3782320022583,13,9,10,7,4,-6,-4,-8,-5,-2,21,21,6,8,sil
19.39392399787903,4,8,1,2,3,-9,-9,-2,-12,0,8,11,0,1,sil
19.39392399787903,-6,0,-3,-6,-3,-12,-16,0,-18,-10,-11,-8,-13,-15,sil
19.40919256210327,-10,1,-2,-10,-14,-10,-24,-2,-17,-23,-18,-13,-16,-17,sil
19.40919256210327,-4,5,-6,-1,-10,-7,-11,0,-4,-10,-4,0,-2,-4,sil
19.4251401424408,4,4,3,5,3,0,2,4,6,4,4,9,2,-1,sil
19.4251401424408,3,5,1,6,9,11,1,0,4,5,4,-4,4,-6,sil
19.440144538879395,-3,7,-1,6,5,8,0,-3,-5,-3,-5,-10,3,-4,sil
19.440144538879395,0,6,4,4,4,0,3,0,-6,-5,-5,5,5,0,sil
19.45608901977539,2,0,0,-9,2,0,3,0,10,3,8,11,13,0,sil
19.45608901977539,-6,-9,-4,-26,-5,1,-3,2,13,7,0,-1,8,0,sil
19.47116184234619,-12,-14,-13,-20,-7,0,-7,0,-8,-8,-19,-14,-4,-5,sil
19.47116184234619,-4,-8,-6,-4,-1,0,-6,-4,-16,-19,-8,-6,-5,-5,sil
19.48626971244812,-4,-2,4,-7,-1,-1,-1,1,-3,-7,8,-3,0,0,sil
19.48626971244812,-3,-5,-1,-9,-1,-10,4,1,0,2,4,-7,-1,3,sil
19.501818418502808,4,0,3,1,5,-2,7,0,-3,-4,1,0,0,8,sil
19.501818418502808,2,2,0,2,2,6,4,-1,1,-7,5,4,3,4,sil
19.5178861618042,0,0,1,-4,-8,-1,-4,0,4,1,2,2,0,-1,sil
19.5178861618042,9,0,14,1,-4,-2,-5,2,3,5,7,10,-1,5,sil
19.533881187438965,8,2,7,10,3,3,5,7,8,9,10,11,4,10,sil
19.533881187438965,4,5,9,14,3,11,15,9,11,17,5,7,0,0,sil
19.548431873321533,4,10,0,22,9,13,9,0,4,18,0,-1,-12,-7,sil
19.54943084716797,-1,9,-11,20,13,2,1,-4,-10,-9,-9,-17,-24,-16,sil
19.56411123275757,-4,10,3,11,8,0,8,0,-16,-21,-12,-13,-20,-15,sil
19.580050945281982,0,9,7,11,2,9,16,0,-1,4,-5,-1,-4,0,sil
19.580050945281982,0,-2,4,2,-3,-1,1,-4,3,11,-18,-10,-6,0,sil
19.59463238716125,-6,-7,-4,-5,-10,-19,-18,-2,-5,-3,-18,-12,-12,-7,sil
19.59463238716125,-5,-8,-12,-11,-9,-18,-21,-1,-9,-3,1,6,-1,1,sil
19.61019229888916,-5,-8,-3,-17,-11,0,-11,-1,-3,0,-3,11,1,4,sil
19.61019229888916,-2,0,2,-7,-10,7,-2,1,7,-2,-11,0,0,0,sil
19.62587571144104,7,15,17,12,3,2,-3,4,13,3,8,6,13,11,sil
19.62587571144104,5,15,8,18,16,2,-4,2,8,5,18,10,28,18,sil
19.640958309173584,-4,1,-12,1,11,10,2,0,7,1,14,2,27,7,thankyou
19.640958309173584,-7,-8,-9,-17,0,5,5,1,2,-2,8,-6,9,-8,thankyou
19.656085729599,-15,-19,-21,-18,-5,-12,-3,-4,-13,-10,-11,-21,-11,-23,thankyou
19.656085729599,-16,-21,-18,-8,0,-11,-11,-5,-17,-10,-20,-18,-12,-11,thankyou
19.67160677909851,0,-13,-1,3,4,4,1,-1,0,1,5,7,12,12,thankyou
19.67160677909851,11,0,7,15,4,4,21,1,12,19,29,23,33,21,thankyou
19.68694758415222,14,18,14,16,2,4,26,1,13,27,27,23,29,23,thankyou
19.68694758415222,13,7,2,6,0,8,16,0,13,14,13,10,9,13,thankyou
19.70306897163391,13,-9,3,-4,-3,2,6,0,4,-2,0,1,-3,0,thankyou
19.70306897163391,14,3,11,0,0,1,10,5,11,3,0,5,4,4,thankyou
19.718950510025024,9,12,0,9,8,1,8,5,22,8,5,5,5,4,thankyou
19.718950510025024,-1,-3,0,-2,0,-5,-7,0,6,-2,0,-3,-15,-8,thankyou
19.73416233062744,-5,-11,-6,-16,-10,-12,-11,-3,-14,-7,-8,-10,-20,-11,thankyou
19.73458671569824,0,-5,-3,-14,-16,-14,-12,-3,-21,-11,-13,-6,-16,-7,thankyou
19.7502670288086,0,-5,2,-20,-20,-13,-24,-2,-20,-16,-15,-4,-22,-10,thankyou
19.7502670288086,-3,-8,-2,-28,-12,-10,-22,-3,-19,-15,-14,-7,-25,-9,thankyou
19.76583480834961,-4,0,3,-10,4,0,-9,-1,-20,-16,-17,-5,-23,-8,thankyou
19.76583480834961,-7,5,0,4,6,4,-7,-1,-18,-20,-18,-8,-18,-9,thankyou
19.781249046325684,-3,3,-1,0,-4,-3,-11,0,-7,-17,-8,-6,-9,-4,thankyou
19.781249046325684,4,7,10,2,0,-1,-4,6,7,-1,10,8,6,1,thankyou
19.79703140258789,0,11,10,9,6,5,0,6,17,15,14,14,18,3,thankyou
19.79703140258789,-9,8,13,4,0,7,-3,1,5,13,-3,0,7,0,thankyou
19.81313157081604,-11,2,-3,5,2,7,-2,-7,-5,1,-7,-13,-3,-9,thankyou
19.81313157081604,-9,-1,-12,5,15,8,5,-5,0,-3,7,-8,2,-9,thankyou
19.82914090156555,-15,-2,-7,1,6,5,2,1,0,-3,3,-2,8,-1,thankyou
19.82914090156555,-14,0,-8,11,-3,-1,-4,-3,-5,-1,-2,-5,4,0,thankyou
19.844356775283813,2,8,9,20,7,0,5,0,-1,0,9,3,2,1,thankyou
19.844741344451904,13,10,8,20,19,10,28,7,13,7,10,7,4,6,thankyou
19.86027479171753,9,1,-6,15,10,11,30,2,18,15,-3,0,3,9,thankyou
19.86027479171753,4,1,-3,10,0,6,12,0,5,10,2,2,6,11,thankyou
19.875186443328857,1,0,-9,6,0,6,4,7,3,2,13,6,10,8,thankyou
19.875186443328857,2,-12,-4,-5,-4,4,4,7,17,5,3,7,6,5,thankyou
19.890896797180176,4,-11,0,-11,-7,-2,4,-1,17,12,0,10,1,5,thankyou
19.890896797180176,9,-1,-3,-8,2,-7,7,-3,0,14,-1,3,0,4,thankyou
19.905978202819824,12,0,3,-5,3,-6,7,0,-4,11,0,-1,1,5,thankyou
19.905978202819824,8,-2,0,-4,-12,-7,3,-4,0,10,11,8,10,6,thankyou
19.92158269882202,3,-2,0,-5,-11,0,1,-4,0,8,2,4,8,6,thankyou
19.92158269882202,-4,-7,-4,-8,9,8,0,0,0,-7,-20,-16,-8,-4,thankyou
19.93651390075684,-7,-6,-7,-10,4,-5,-12,0,-5,-19,-10,-11,-11,-16,thankyou
19.93651390075684,0,5,7,-4,-15,-16,-17,0,-5,-8,20,14,7,-6,thankyou
19.95210695266724,3,4,5,0,-12,-10,-8,-2,7,-1,24,8,17,6,thankyou
19.95210695266724,2,0,5,-1,-6,-7,-9,0,4,-13,-5,-11,0,3,thankyou
19.967841386795044,0,-3,3,-5,-11,-2,-18,0,-14,-12,-28,-13,-14,-3,thankyou
19.967841386795044,-5,-7,-3,-5,-8,-2,-16,-4,-20,-3,-17,-11,-15,-6,thankyou
19.983378410339355,-9,0,-2,-10,-1,-3,-9,-1,-18,-15,0,-3,-12,-6,thankyou
19.983378410339355,-5,0,-11,-12,3,0,-6,0,-16,-17,3,1,-3,0,thankyou
19.999003410339355,-2,-5,0,-3,2,1,-7,3,-12,-3,5,2,0,5,thankyou
19.999003410339355,-2,4,15,8,4,-3,-3,3,-1,4,9,7,-3,0,thankyou
20.01414585113525,-1,14,6,12,12,-2,-1,0,2,-1,-2,0,-10,-12,thankyou
20.014446020126343,-4,5,4,7,12,5,-6,-5,-6,-6,-15,-10,-14,-17,thankyou
20.03019046783448,-8,2,-1,6,4,8,-4,-2,-9,0,-4,-2,-11,-12,thankyou
20.03019046783448,0,4,1,2,0,10,7,3,1,8,3,14,0,0,thankyou
20.046803951263428,6,4,2,3,5,20,16,1,12,1,-1,11,11,12,sil
20.046803951263428,-1,0,-9,5,8,12,12,-1,10,-2,-6,-2,9,6,sil
20.06082272529602,-10,-3,-3,-1,0,-2,7,5,9,8,-7,-3,1,0,sil
20.082977056503296,-2,-5,-5,0,-2,-1,13,10,20,17,0,-4,3,3,sil
20.082977056503296,4,0,-8,13,0,-1,10,2,20,5,2,-7,7,7,sil
20.082977056503296,1,0,-2,5,0,-3,4,-2,11,1,0,-2,6,0,sil
20.09186100959778,9,-4,-2,-6,5,4,16,-6,17,13,11,11,11,8,sil
20.108543395996094,21,1,13,1,9,7,17,-2,18,14,22,23,18,23,sil
20.108543395996094,8,2,5,5,-3,-4,2,0,4,11,11,10,13,8,sil
20.124186754226685,-11,-10,-11,-16,-13,-7,0,1,-3,9,-7,-10,-3,-11,sil
20.124186754226685,-16,-14,-10,-30,-10,1,1,-1,-7,-1,-18,-19,-19,-15,sil
20.124186754226685,-4,-2,-6,-3,-6,0,-1,-1,-11,-6,-18,-19,-18,-13,sil
20.140209197998047,17,9,17,18,-4,-4,0,4,-9,-1,0,-1,-1,0,sil
20.140209197998047,25,11,19,5,-1,0,0,3,1,1,29,21,17,21,sil
20.15481662750244,13,7,4,-6,2,2,0,0,5,-1,29,25,21,19,sil
20.170929193496704,2,5,2,1,3,-2,-3,-1,-8,-8,7,13,5,0,sil
20.170929193496704,-6,-1,-10,-1,0,-14,-24,-7,-27,-18,0,-5,-2,-10,sil
20.170929193496704,-13,-4,-4,-11,-4,-19,-37,-6,-26,-31,0,-10,-3,-15,sil
20.187105178833008,-10,5,3,0,-5,-14,-20,0,-8,-23,-6,-8,-10,-18,sil
20.187105178833008,-8,4,-3,4,-7,-5,-6,-2,-8,-6,-19,-18,-24,-19,sil
20.2011947631836,-8,-3,-3,0,-3,4,-8,-1,-18,-8,-20,-20,-25,-12,sil
20.21722173690796,-2,-2,-3,0,3,4,-7,4,-7,-2,-3,-2,-2,0,sil
20.21722173690796,0,4,8,8,6,4,-1,6,11,23,14,16,20,11,sil
20.235050439834595,-1,9,9,21,16,17,7,2,17,30,20,14,20,12,sil
20.235050439834595,-6,2,-8,23,18,15,12,-3,6,6,4,0,-2,0,sil
20.235050439834595,-11,-14,-12,-3,0,0,9,-1,-12,-17,-26,-13,-29,-16,sil
20.25008010864257,-10,-21,-16,-20,-2,0,8,0,-15,-21,-42,-24,-30,-11,sil
20.25008010864257,-3,-9,-3,-7,1,2,8,2,2,-7,-29,-18,-10,6,sil
20.264260292053223,-8,-7,-1,-5,-5,0,9,-1,10,1,-13,-10,-7,6,sil
20.27981948852539,-13,-11,-7,-13,-8,0,12,-1,6,5,-1,-9,-10,0,sil
20.27981948852539,7,3,11,3,4,7,15,6,24,29,28,15,22,18,sil
20.2958619594574,34,16,18,26,8,6,13,8,50,51,49,41,53,36,sil
20.2958619594574,35,2,14,12,-6,0,0,0,30,25,25,33,28,19,sil
20.31427574157715,17,-3,10,-10,-10,-4,-17,-7,-2,-6,-6,12,0,-3,sil
20.31427574157715,0,0,-3,-18,0,-7,-16,-7,-11,-15,-13,-1,5,-7,sil
20.31427574157715,-3,0,-3,-24,-5,-8,-6,-4,-10,-11,-9,-5,10,0,sil
20.32708549499512,0,0,-5,-14,-12,-4,3,0,-1,1,7,7,16,7,sil
20.34302258491516,6,9,1,0,0,0,9,6,9,10,25,27,25,11,sil
20.34302258491516,5,16,8,-3,6,-1,0,6,2,1,25,19,16,0,sil
20.35841393470764,-6,7,0,-6,0,-16,-19,0,-14,-17,9,-6,-10,-22,sil
20.35841393470764,-11,2,1,7,0,-7,-16,0,-18,-30,-8,-16,-32,-29,sil
20.373984575271606,-1,15,0,28,19,21,7,1,-7,-24,-16,-21,-34,-15,sil
20.373984575271606,-1,22,3,37,26,27,16,-1,-5,-10,-19,-28,-31,-4,sil
20.389481782913208,-17,1,0,23,14,17,15,0,-19,-5,-24,-27,-33,-8,sil
20.389481782913208,-21,-26,-24,-4,-9,7,18,0,-20,6,-19,-19,-21,-6,sil
20.40561008453369,-5,-27,-10,-16,-27,-6,9,-1,-2,20,0,0,5,13,sil
20.40561008453369,2,-16,2,-9,-22,-16,-9,-4,2,13,6,10,22,18,sil
20.421352863311768,2,-15,-2,-11,-9,-15,-16,-1,-2,1,3,9,18,4,sil
20.421352863311768,4,-8,-4,-16,-5,-15,-12,0,10,7,16,13,16,0,sil
20.43689727783203,0,0,-6,-8,-3,-19,-16,-3,19,11,22,11,11,-4,sil
20.43689727783203,0,1,6,-5,-4,-11,-28,0,-6,-13,1,0,-9,-16,sil
20.452916622161865,5,11,7,3,1,2,-19,3,-19,-30,-5,-6,-16,-18,sil
20.452916622161865,3,14,1,14,15,10,7,0,-4,-11,0,-12,-11,-3,sil
20.468257665634155,-14,0,1,5,15,17,21,-2,4,10,-14,-17,-15,4,sil
20.468257665634155,-20,-14,-13,-6,3,15,20,2,8,9,-28,-18,-13,1,sil
20.48413848876953,-1,-7,-4,-2,1,5,15,5,13,5,-28,-10,0,5,sil
20.48413848876953,9,1,3,-5,2,-4,6,-1,8,5,-13,1,10,9,sil
20.49933648109436,11,4,-1,-11,-5,-17,-9,-3,0,-11,8,14,14,5,sil
20.49933648109436,16,12,12,1,-10,-14,-17,8,5,-18,26,29,23,8,sil
20.51482391357422,17,20,18,18,2,3,-1,8,13,7,35,31,30,22,sil
20.51482391357422,11,22,19,15,16,15,11,-2,7,20,32,32,26,24,sil
20.53033852577209,8,18,13,14,14,10,7,-3,-1,7,25,30,19,8,sil
20.53033852577209,9,6,4,20,4,4,1,-1,0,12,20,13,13,1,sil
20.545878171920776,8,0,5,18,-2,10,8,1,5,21,10,-3,0,6,sil
20.545878171920776,0,-8,-11,2,-2,6,13,0,5,12,-3,-17,-15,0,sil
20.56153130531311,-18,-23,-17,-15,-6,-2,6,-1,0,3,-19,-28,-19,-17,sil
20.56153130531311,-37,-33,-21,-28,-17,-2,-7,-5,-9,-7,-37,-36,-25,-23,sil
20.57723307609558,-32,-33,-29,-42,-22,-10,-21,-5,-20,-27,-45,-31,-28,-19,sil
20.57723307609558,0,-16,-9,-45,-11,-22,-23,1,-17,-28,-29,-4,-10,-10,sil
20.59288668632508,22,17,7,-9,2,-15,-14,4,-3,-10,3,16,10,-3,sil
20.59288668632508,18,33,17,20,9,-2,-13,2,-8,-7,18,14,0,-3,sil
20.6078839302063,3,17,11,16,9,6,-6,4,-6,-3,11,4,-13,-8,sil
20.6078839302063,-5,5,-1,10,6,17,19,2,11,5,1,-4,-9,-7,sil
20.62329387664795,-9,8,8,18,12,23,26,-2,7,3,-2,-11,-9,-1,sil
20.62329387664795,-11,1,3,24,17,17,12,-7,-12,0,-4,-15,-15,0,sil
20.63939952850341,-5,-6,1,19,5,6,9,0,-9,-3,-6,-6,-13,2,sil
20.63939952850341,0,-8,0,4,-6,-1,10,2,0,-5,-13,-1,-6,8,sil
20.655433416366577,-7,-14,-14,-6,-4,-3,0,0,1,4,-13,-13,2,5,sil
20.655433416366577,-10,-11,-2,0,1,1,0,6,14,25,7,-1,21,13,sil
20.671065092086792,1,-1,0,6,6,0,9,6,32,39,28,19,38,26,sil
20.671065092086792,7,-5,-9,-12,-6,-17,0,-7,24,24,18,14,29,15,sil
20.686841249465942,6,-9,-8,-27,-23,-23,-11,-4,4,-7,1,3,9,-1,sil
20.686841249465942,15,-1,0,-13,-16,-14,-3,2,-1,-14,8,12,10,0,sil
20.70298266410828,14,-1,16,-10,-5,-7,-3,-1,-4,-6,9,15,14,3,sil
20.70298266410828,1,-5,3,-20,-10,-8,-15,-11,-7,-10,0,1,6,-9,sil
20.718084573745728,8,11,-2,-7,-4,-8,-16,-3,-3,-6,11,9,5,-10,sil
20.718084573745728,24,32,16,19,13,-2,-7,5,0,3,28,27,10,5,sil
20.733248472213745,9,18,7,18,14,0,-4,0,-3,-5,12,10,-2,5,sil
20.733248472213745,-11,0,0,-5,0,2,-7,-5,-14,-27,-16,-9,-24,-8,sil
20.748526096344,-13,-1,0,-5,-6,7,-8,0,-17,-30,-22,-11,-32,-14,sil
20.748526096344,-10,0,-1,9,-1,3,-6,3,-17,-19,-22,-15,-32,-18,sil
20.76438045501709,-15,1,-2,14,6,8,0,1,-17,-7,-22,-19,-23,-18,sil
20.76438045501709,-22,4,-16,9,12,18,4,1,-14,-1,-16,-18,-9,-12,sil
20.779884815216064,-11,0,-7,6,10,18,7,5,-4,7,-12,-12,-2,0,sil
20.779884815216064,6,-3,7,14,8,20,25,3,14,29,0,-1,5,17,sil
20.79523253440857,12,-4,6,12,7,19,32,1,27,36,11,8,15,25,sil
20.79523253440857,7,-6,3,0,2,6,17,2,26,21,8,3,13,16,sil
20.811261415481567,2,-7,-2,-5,0,-3,8,1,24,13,2,-7,8,6,sil
20.811261415481567,0,-7,-1,-4,-4,-5,1,0,12,8,0,-2,4,4,sil
20.826667308807373,-2,-11,-11,-16,-12,-13,-10,-3,-4,-3,2,2,3,0,sil
20.826667308807373,6,-7,-9,-27,-15,-23,-14,-6,-7,-6,13,6,11,-6,sil
20.842204570770264,19,8,12,-15,-8,-13,-12,0,-5,-5,18,20,11,-2,sil
20.842204570770264,15,14,7,4,2,-5,-11,0,-6,-4,7,17,1,0,sil
20.85745048522949,0,9,4,1,5,-10,-9,0,-10,-13,-2,0,-7,-4,sil
20.85745048522949,-11,6,4,-9,0,-10,-13,-1,-17,-22,-4,-7,-12,-17,sil
20.872917652130127,-8,4,-2,0,1,0,-13,-1,-17,-17,-5,-7,-15,-19,sil
20.872917652130127,-8,3,6,8,9,13,-3,3,-13,-11,-12,-9,-18,-9,sil
20.888856887817383,-21,-5,-4,5,6,10,4,0,-5,-8,-14,-14,-13,-2,sil
20.888856887817383,-17,-10,-9,13,1,4,14,-2,3,7,-3,-8,1,7,sil
20.90481662750244,-1,-2,-3,22,7,12,25,0,14,26,6,-1,13,15,sil
20.90481662750244,0,-4,-9,12,5,15,26,0,20,22,0,-7,9,10,sil
20.920292139053345,-1,-10,0,3,-3,4,18,-4,23,14,-8,-5,5,10,sil
20.920292139053345,5,-8,2,2,-7,-1,14,-2,23,17,-3,7,9,13,sil
20.93721318244934,9,-10,-1,-10,-12,-8,2,3,12,10,0,15,10,7,sil
20.93721318244934,10,-7,-4,-17,-17,-12,-10,5,0,-8,4,13,10,0,sil
20.95124745368957,13,0,-2,-9,-10,-8,-13,-1,-5,-13,12,12,9,2,sil
20.966399669647217,13,1,15,-9,-2,-6,-13,0,-1,0,15,19,6,5,sil
20.966399669647217,9,-1,6,-14,-2,-13,-22,2,-1,0,7,14,2,-2,sil
20.983093738555908,3,0,-4,-14,-7,-15,-31,-1,-13,-19,-6,0,-6,-12,sil
20.983093738555908,0,10,4,-6,0,-1,-21,-4,-14,-17,-6,-6,-12,-10,sil
20.98381757736206,-2,16,0,0,13,5,-3,-3,-7,-5,3,-4,-9,-4,sil
20.99890303611756,-5,10,-4,-4,11,1,-5,0,-15,-14,0,-4,-10,-7,sil
20.99990463256836,-5,9,-2,0,3,1,-4,0,-8,-5,-5,-7,-9,-11,sil
21.012967348098755,-1,18,4,10,7,5,8,1,7,10,4,-6,0,-5,sil
21.02830052375793,0,11,5,8,7,8,11,1,-1,0,4,-4,0,0,sil
21.02830052375793,-3,-5,-8,8,0,8,10,0,-7,-2,-4,-8,-1,-1,sil
21.043890476226807,-2,-6,-1,11,0,7,16,0,5,16,-1,-3,2,0,sil
21.04430603981018,-5,-4,0,6,3,2,12,3,2,15,6,1,2,0,sil
21.06001114845276,-2,-5,1,7,2,-5,1,0,-12,-4,1,-1,-8,-2,sil
21.06001114845276,4,8,12,16,5,1,8,-1,-8,-7,-2,-4,-16,-1,sil
21.07518243789673,2,12,0,17,10,10,12,1,1,0,-1,-4,-10,0,sil
21.07518243789673,-1,0,-2,10,2,4,-3,3,0,0,-3,0,0,4,sil
21.09125661849976,1,-2,0,5,-3,3,-3,0,1,0,0,10,6,11,sil
21.09125661849976,2,-2,0,-1,-1,1,6,0,8,10,3,10,4,15,sil
21.107306241989136,-7,-13,1,-12,-8,-3,0,-1,0,5,-10,-10,2,4,sil
21.107306241989136,-13,-23,-9,-19,-14,-1,-6,-4,-4,-15,-19,-21,1,-8,sil
21.12343955039978,0,-4,1,-6,-1,4,0,0,4,-13,-5,1,4,0,sil
21.12343955039978,11,4,6,2,6,2,0,4,11,6,6,12,11,17,sil
21.139057636260983,-3,-14,-10,-13,-4,-7,-5,0,13,12,0,-1,13,6,sil
21.139057636260983,-10,-17,-5,-25,-10,-7,-1,0,19,7,-7,-4,6,-3,sil
21.154321670532227,6,2,-1,-4,0,2,10,0,24,19,0,3,2,2,sil
21.154321670532227,10,2,-3,4,1,3,7,0,13,17,4,4,0,2,sil
21.169650554656982,-11,-12,-9,-13,-8,-8,-10,-1,-6,-7,-4,-4,-5,-12,sil
21.169650554656982,-13,-9,-11,-17,-9,-12,-18,0,-15,-17,-8,-11,-9,-16,sil
21.18521404266357,8,10,14,2,1,0,-9,2,-7,0,9,5,0,-1,sil
21.18521404266357,12,18,13,11,7,-2,3,0,3,16,27,21,13,8,sil
21.20081090927124,8,16,6,5,6,-6,8,-2,5,8,21,18,7,5,sil
21.20081090927124,14,19,7,10,8,0,6,-3,-1,-8,0,10,-8,-3,sil
21.216907501220703,8,14,-3,11,4,-7,-1,0,-12,-15,-12,1,-9,-3,sil
21.216907501220703,1,8,3,1,-1,-7,-10,7,-6,-1,2,4,7,10,sil
21.23300838470459,12,3,6,7,2,10,-6,6,10,12,23,14,18,10,sil
21.23300838470459,10,-2,3,10,4,2,-2,-1,4,0,12,6,5,-5,sil
21.248815774917603,-6,-6,1,-3,-2,-13,-4,-6,-10,-16,4,-6,-6,-9,sil
21.248815774917603,-16,-9,-8,-11,-8,-5,-6,-9,-22,-23,6,-6,-7,-5,sil
21.264004468917847,-16,-6,-2,-8,-13,1,-8,-5,-36,-26,-10,-8,-16,-14,sil
21.264004468917847,-4,2,0,3,-5,3,0,-2,-26,-17,-20,-11,-19,-12,sil
21.27918291091919,5,3,2,13,7,9,3,-1,-3,-5,-7,-2,-11,2,sil
21.27918291091919,-10,-3,-7,3,8,13,0,0,-3,-7,-12,-8,-11,-2,sil
21.29514217376709,-24,-6,-20,-5,10,15,9,3,-2,0,-25,-28,-14,-13,sil
21.29514217376709,-12,0,-3,4,12,23,21,9,3,6,-19,-20,-8,-4,sil
21.31098175048828,-6,0,2,9,4,15,16,4,2,9,-6,-8,0,-1,sil
21.31098175048828,-6,-10,-4,-7,0,2,14,0,10,19,-1,-10,2,-2,sil
21.32623791694641,-1,-10,1,-18,1,7,18,0,21,23,-10,-13,-1,5,sil
21.32623791694641,-1,-8,-5,-2,-3,4,4,0,15,9,-18,-12,-2,8,sil
21.34174370765686,5,-2,0,10,-10,-4,-3,0,11,1,-6,3,7,14,sil
21.34174370765686,16,3,2,13,-5,-5,5,3,24,8,12,20,17,24,sil
21.3571138381958,7,-3,-2,2,-8,-15,-2,3,23,10,14,13,18,16,sil
21.3571138381958,0,-9,6,-12,-15,-26,-20,4,10,12,12,8,17,6,sil
21.37216067314148,3,-7,0,-18,-8,-20,-11,0,8,16,17,15,15,6,thankyou
21.37216067314148,2,-1,-3,-19,-5,-10,-8,-7,9,6,15,21,10,3,thankyou
21.38737225532532,12,9,2,-8,-3,-5,-16,-3,7,-4,13,23,17,2,thankyou
21.38737225532532,34,22,16,10,13,-3,-12,0,1,-2,22,28,18,9,thankyou
21.402907848358154,34,28,27,13,17,-5,-10,-1,-5,0,27,28,7,4,thankyou
21.402907848358154,10,25,7,7,4,-13,-22,-6,-15,-2,19,15,1,-11,thankyou
21.41843056678772,0,22,9,15,7,-8,-25,0,-25,-7,6,2,-4,-15,thankyou
21.41843056678772,1,16,11,19,17,5,-11,0,-21,-10,4,-4,-11,-12,thankyou
21.43381905555725,-10,0,-5,8,7,7,4,-5,-22,-15,1,-12,-13,-16,thankyou
21.43381905555725,-27,-11,-9,3,-7,12,22,-6,-32,-28,-13,-20,-18,-14,thankyou
21.449291467666622,-26,-11,-14,7,-5,20,35,0,-19,-22,-17,-26,-18,-10,thankyou
21.449291467666622,-22,-11,-18,0,1,17,26,7,-7,-3,-19,-29,-16,-11,thankyou
21.465181350708008,-29,-19,-20,-14,0,14,11,2,-12,-1,-33,-31,-19,-13,thankyou
21.465181350708008,-24,-26,-22,-18,-8,13,11,1,2,-1,-32,-22,-14,-3,thankyou
21.480222463607788,-4,-13,-3,-15,-12,1,8,7,23,9,-15,-5,-2,10,thankyou
21.480222463607788,1,-5,-3,-12,-3,-8,0,1,18,12,-13,-7,0,8,thankyou
21.49629259109497,1,-15,0,-11,-2,-3,2,0,8,2,-14,-5,0,6,thankyou
21.49629259109497,9,-14,7,-7,-12,6,10,5,20,3,1,16,8,20,thankyou
21.511800289154053,18,0,1,-3,-10,0,2,3,22,1,9,17,13,17,thankyou
21.511800289154053,17,5,10,-5,4,-13,-8,0,5,-6,8,9,9,0,thankyou
21.52720165252685,17,8,17,-1,12,-13,-5,0,2,0,22,22,10,-1,thankyou
21.52720165252685,20,14,17,7,5,-3,-8,-1,3,9,24,28,7,9,thankyou
21.542906284332275,12,17,12,17,2,0,-16,-4,-8,10,10,11,0,5,thankyou
21.542906284332275,0,9,-1,20,8,0,-3,-1,-4,19,5,-2,-2,-4,thankyou
21.558322191238403,-15,0,-5,14,4,4,3,3,4,13,-3,-13,-11,-7,thankyou
21.558322191238403,-27,-9,-15,12,-1,11,-7,-2,-5,0,-14,-24,-19,-7,thankyou
21.574249982833862,-15,-4,-7,13,4,7,0,-5,0,7,-12,-15,-5,1,thankyou
21.574249982833862,0,-4,1,-2,3,0,17,-3,14,11,-24,-14,3,7,thankyou
21.590287923812863,-7,-18,-17,-21,-14,-15,1,-8,2,-12,-34,-25,-3,-2,thankyou
21.590287923812863,-5,-8,-7,-21,-15,-18,-25,-6,-10,-18,1,3,10,-1,thankyou
21.604900360107425,15,10,3,-26,0,-8,-20,0,0,-1,32,31,30,2,thankyou
21.6204092502594,22,15,2,-22,-1,-2,-7,1,1,-6,20,19,17,-6,thankyou
21.6204092502594,18,23,14,9,0,0,-8,2,-3,-12,19,20,8,-5,thankyou
21.636512756347656,21,25,14,26,13,-1,-9,5,0,-4,35,30,17,4,thankyou
21.636512756347656,15,13,12,7,4,-8,-7,5,-11,-12,33,24,13,3,thankyou
21.651072025299072,-1,10,3,1,-7,-5,-2,2,-16,-8,22,8,5,0,thankyou
21.651072025299072,-11,9,-3,8,2,5,6,2,-1,11,6,-5,-2,1,thankyou
21.66761374473572,-12,1,3,10,11,11,10,3,4,12,-3,-12,-8,-1,thankyou
21.66856813430786,-13,-7,0,13,3,0,6,1,-1,4,-2,-13,-7,-8,thankyou
21.68462872505188,-16,-12,-2,1,-2,-4,2,-1,-3,2,-16,-18,-21,-15,thankyou
21.68462872505188,-17,-12,-11,-5,1,11,10,-1,-8,-13,-38,-30,-39,-17,thankyou
21.68522429466248,-11,-15,-13,-1,3,17,17,-2,-17,-25,-33,-24,-27,-8,thankyou
21.69827175140381,-4,-19,4,-4,-5,7,16,1,-9,-10,-15,-11,-6,-4,thankyou
21.71430611610413,-4,-15,-2,-5,-2,9,18,3,2,4,-15,-8,-3,-2,thankyou
21.71430611610413,1,1,-1,7,10,20,26,6,6,12,-18,3,1,15,thankyou
21.72965955734253,14,8,3,12,11,17,24,3,10,21,-4,15,13,27,thankyou
21.72965955734253,5,-4,-6,0,0,0,3,-5,9,18,-1,2,11,11,thankyou
21.74575161933899,-8,-12,-3,-12,-10,-9,-14,-9,4,1,-7,-8,0,-3,thankyou
21.74675154685974,-3,-9,-3,-20,-11,-4,-6,-4,9,-7,-2,-4,-3,0,thankyou
21.76091694831848,0,-4,-1,-19,-8,-3,-1,3,6,-14,-7,-6,-8,5,thankyou
21.76091694831848,-4,2,-4,0,-6,-7,-10,0,1,-6,-8,-5,-5,0,thankyou
21.776973724365234,5,3,-5,13,-4,-9,-9,-2,7,16,16,4,10,0,sil
21.776973724365234,15,2,7,2,0,-7,-7,0,11,22,22,19,18,13,sil
21.79319548606873,11,6,1,0,3,-10,-16,-1,13,20,12,19,19,13,sil
21.79319548606873,16,7,8,8,-1,-12,-19,-4,12,14,25,15,23,7,sil
21.809186697006226,16,5,19,5,-1,-7,-13,-1,3,0,28,13,17,7,sil
21.810187101364136,1,0,0,-1,1,-10,-15,0,-7,-12,5,9,0,0,sil
21.82481479644776,0,0,0,-6,0,-9,-16,1,-6,-14,2,11,-8,-4,sil
21.82481479644776,8,1,6,-13,0,0,-6,3,6,-4,18,8,0,-4,sil
21.840909004211422,4,0,2,-22,0,-4,-7,-1,0,1,7,1,-1,-10,sil
21.840909004211422,-2,0,-2,-16,-4,-4,-11,-3,-25,-14,-7,0,-16,-18,sil
21.85651016235352,-5,1,-9,0,-2,3,-2,-3,-28,-27,-5,-9,-19,-20,sil
21.85651016235352,-15,0,-4,2,2,4,7,0,-18,-15,-4,-17,-12,-16,sil
21.87217235565185,-18,1,-4,0,5,3,17,8,-7,-6,-7,-7,-2,-4,sil
21.87217235565185,-2,12,0,14,10,9,29,8,1,-13,-9,2,2,5,sil
21.8873929977417,5,12,9,24,9,9,30,3,3,-5,-7,-4,5,1,sil
21.8873929977417,0,1,2,22,2,4,26,2,9,16,5,-2,12,2,sil
21.902994632720947,-2,7,5,19,2,11,18,2,13,15,9,6,9,4,sil
21.902994632720947,-10,5,-9,11,3,12,-3,-7,-6,-1,-9,-11,-9,-9,sil
21.918217420578003,-20,-11,-21,0,0,6,-13,-7,-22,-1,-25,-33,-24,-18,sil
21.918217420578003,-18,-8,-6,0,0,11,1,0,-5,7,-22,-27,-18,-8,sil
21.933802604675293,-16,-9,-8,-1,-1,12,4,-2,7,4,-14,-15,-6,0,sil
21.934210777282715,-9,-19,-5,-12,-6,6,-8,0,3,4,-5,-7,0,10,sil
21.94983601570129,6,-6,-1,-8,0,6,-3,4,8,26,1,-3,6,19,sil
21.94983601570129,15,2,3,-1,0,0,-1,0,14,24,2,2,14,19,sil
21.965935707092285,13,-6,11,-9,-13,-15,-13,-3,4,-11,-2,9,4,9,sil
21.965935707092285,12,-5,4,-16,-7,-14,-4,-1,-4,-25,-6,2,-9,0,sil
21.981114864349365,14,6,9,-2,6,0,12,0,1,-3,0,7,0,1,sil
21.981114864349365,12,9,8,10,3,-1,5,1,10,9,10,24,13,3,sil
21.99821257591248,7,0,2,3,-6,-19,-8,1,3,2,12,23,9,1,sil
21.99821257591248,10,-1,12,-10,-3,-13,-4,-1,3,2,15,18,13,11,sil
22.013277292251587,17,-2,2,-11,0,-4,1,0,15,10,24,18,22,14,sil
22.013277292251587,10,-1,0,0,-4,-11,-2,6,10,4,15,14,7,1,sil
22.02886986732483,-4,-3,2,2,-4,-8,-7,2,-1,-8,2,4,-3,-7,sil
22.02886986732483,-6,-7,-10,-11,0,-6,-11,-4,-2,-10,0,0,0,-10,sil
22.04402780532837,0,-2,-3,-20,0,-13,-16,-1,-6,-6,1,3,-4,-11,sil
22.04402780532837,0,8,2,0,0,-9,-10,-4,-10,-5,3,7,-6,-10,sil
22.06006622314453,-1,16,5,13,5,0,-8,0,-13,-10,9,2,-1,-7,sil
22.06006622314453,-4,14,3,7,6,4,-12,3,-8,-9,9,-5,0,-8,sil
22.076169967651367,-5,7,-2,8,4,12,-2,0,-1,0,-1,-8,0,-3,sil
22.076169967651367,-3,5,4,20,4,16,11,0,-6,4,-8,-4,-5,7,sil
22.09703516960144,-3,6,0,28,6,13,12,4,-9,2,-3,-9,-7,6,sil
22.09703516960144,-6,2,-1,15,5,13,6,0,-2,0,-8,-16,-6,0,sil
22.09703516960144,-12,-8,-5,-3,0,7,5,-3,-2,1,-19,-19,-9,-1,sil
22.10708689689636,-17,-26,-20,-12,-7,1,8,-3,-8,3,-17,-21,-13,-7,sil
22.123189210891724,-13,-24,-15,-9,-3,18,22,2,1,7,-13,-17,-7,-4,sil
22.123189210891724,-8,-10,-15,-7,4,30,37,5,20,8,-15,-13,-1,4,sil
22.139058589935303,-8,-7,-8,-14,0,7,23,-2,17,-1,-17,-11,-3,6,sil
22.139058589935303,-4,-5,0,-20,-11,-21,-2,-5,0,-10,-9,-5,0,0,sil
22.154348134994507,0,0,-8,-20,-12,-25,-16,2,-9,-3,3,-1,5,-7,sil
22.154348134994507,0,4,4,-20,-5,-13,-19,6,-8,-2,9,1,2,-11,sil
22.170308113098145,13,15,15,-5,5,-5,-17,-4,0,-6,10,11,5,-6,sil
22.170308113098145,21,27,11,15,13,-6,-13,-5,4,0,12,19,9,-1,sil
22.185832738876343,6,20,9,18,10,-1,-9,4,1,8,12,16,0,-4,sil
22.185832738876343,-2,2,2,15,4,11,-1,2,-1,4,11,5,-6,0,sil
22.201440572738647,8,1,11,22,7,16,7,-3,-1,0,7,3,-5,9,sil
22.201440572738647,12,4,4,24,6,8,14,-3,0,10,0,1,-1,10,sil
22.217560529708862,6,-2,-4,14,0,6,11,4,5,19,-4,0,7,11,sil
22.217560529708862,5,-6,7,10,-2,7,6,7,12,13,-1,6,18,16,sil
22.232914924621586,2,-7,1,5,-1,-6,7,-2,12,9,5,9,21,12,sil
22.232914924621586,3,-9,0,-9,-12,-19,0,-1,9,4,9,11,17,9,sil
22.248945951461792,14,-5,6,-10,-12,-13,-7,3,12,-5,11,18,11,14,sil
22.248945951461792,21,-2,8,-6,-2,-14,-17,0,11,-17,9,21,0,7,sil
22.265151977539062,12,0,7,-15,-6,-23,-29,-1,3,-21,9,19,-3,-7,sil
22.265151977539062,0,1,-2,-15,-7,-12,-21,1,0,-13,14,14,0,-8,sil
22.280436992645264,-1,4,6,-4,5,3,-2,-1,-8,-11,11,9,-8,-3,sil
22.280436992645264,-4,0,3,-5,0,-5,-3,-1,-28,-21,-6,-8,-21,-13,sil
22.296067237854004,-17,-7,-11,-10,-17,-19,-10,-1,-38,-27,-24,-24,-27,-22,sil
22.296067237854004,-23,-9,-5,-8,-8,0,0,-4,-29,-18,-25,-22,-26,-19,sil
22.31216311454773,-14,-2,-10,-3,7,21,15,-5,-11,-2,-16,-20,-14,-11,sil
22.31216311454773,-4,8,-4,9,14,23,17,3,0,15,-12,-17,1,0,sil
22.32733583450317,-6,16,4,27,19,20,12,7,11,30,-7,-9,9,6,sil
22.32733583450317,-17,6,-11,18,14,16,13,1,14,31,-5,-17,4,-2,sil
22.343363285064697,-27,-10,-27,-12,0,14,15,-3,1,10,-18,-32,-10,-14,sil
22.343363285064697,-28,-17,-31,-19,-4,15,10,-6,-7,-1,-26,-32,-11,-9,sil
22.358896493911743,-14,-11,-7,-14,0,5,2,0,-1,7,-12,-16,4,6,sil
22.358896493911743,-3,-7,-4,-18,-1,-6,-1,2,7,21,-2,-9,10,8,sil
22.37504434585572,3,-6,-10,-14,0,-3,0,1,19,14,2,-3,11,5,sil
22.37504434585572,22,1,14,-3,2,0,2,5,27,3,22,24,25,23,sil
22.39111924171448,27,6,11,-4,1,-10,-6,6,19,5,33,41,28,29,sil
22.39111924171448,19,7,8,-6,-1,-20,-20,0,4,-1,24,35,13,11,sil
22.40584444999695,21,17,27,7,-1,-18,-21,-5,-2,-16,25,32,5,0,sil
22.40584444999695,22,19,21,25,0,-12,-12,-4,-9,-19,29,22,0,-5,sil
22.42193913459778,18,17,16,34,3,3,1,2,-15,-15,17,9,-11,-8,sil
22.42193913459778,8,12,8,32,5,18,17,1,-14,-15,4,0,-16,-7,sil
22.43707799911499,-4,0,0,23,-1,16,16,-1,-12,-14,-8,-7,-19,-8,sil
22.43707799911499,-7,-3,0,26,-4,15,12,1,-2,0,-18,-14,-13,-8,sil
22.453016996383667,-1,-5,-3,19,4,15,16,1,12,16,-16,-16,0,0,sil
22.453016996383667,-7,-15,-2,-7,2,3,12,0,9,11,-20,-14,0,3,sil
22.46850562095642,-11,-16,-13,-16,-5,-8,0,-2,0,5,-21,-10,-4,0,sil
22.46850562095642,0,-9,-9,-11,-8,-17,-10,-4,10,11,-4,4,2,5,sil
22.48402452468872,6,-6,4,-22,-12,-21,-18,-2,10,0,5,12,10,5,sil
22.48402452468872,1,-3,-6,-25,-7,-17,-12,0,-5,-18,-1,1,3,-6,sil
22.499759674072266,-3,6,-4,-28,0,-13,-6,4,-14,-22,-2,0,-10,-15,sil
22.499759674072266,-4,5,1,-28,0,-14,-15,0,-7,-9,10,11,-7,-11,sil
22.51529145240784,2,0,5,-8,-3,-6,-21,-2,-6,1,15,13,3,2,sil
22.51529145240784,4,9,13,8,3,9,-13,4,-7,4,6,12,4,9,sil
22.530792951583862,-9,5,0,0,5,9,-4,2,-3,2,0,1,0,0,sil
22.530792951583862,-11,-3,-1,0,2,4,0,-4,0,4,-2,-10,0,-1,sil
22.54619073867798,-2,0,0,21,12,17,17,0,9,14,-1,-13,2,11,sil
22.54619073867798,-2,1,-5,26,15,21,33,5,10,16,-1,-8,0,8,sil
22.56220388412476,-5,-8,-8,6,0,9,28,3,1,7,-11,-5,0,0,sil
22.56220388412476,-5,-14,-16,-6,-4,0,6,-2,1,2,-14,-15,-1,9,sil
22.57756805419922,-8,-11,-7,-6,-2,0,-9,-5,8,0,-12,-18,-2,12,sil
22.57756805419922,-7,-9,-4,-4,-8,0,-5,-3,11,1,-8,-10,9,0,sil
22.593114137649536,6,-4,-3,-3,-6,-2,-1,1,15,11,6,5,28,-1,sil
22.593114137649536,18,11,11,-3,0,-9,-11,4,9,6,23,20,23,3,sil
22.60904335975647,11,16,2,2,-3,-16,-17,-7,-5,-14,19,17,6,-5,sil
22.60904335975647,5,11,1,3,-2,-8,-12,-9,-20,-22,12,11,1,-13,sil
22.624975204467773,5,10,6,-1,1,1,-5,-1,-23,-13,13,7,1,-14,sil
22.624975204467773,-4,1,-3,-3,0,-7,-1,1,-22,-13,0,-10,-9,-19,sil
22.63998556137085,-18,-9,-3,-3,3,-2,0,2,-30,-19,-22,-25,-30,-23,sil
22.63998556137085,-17,-6,-5,0,8,16,9,0,-23,-8,-22,-25,-33,-16,sil
22.65591287612915,-5,4,-1,8,7,21,27,0,-1,5,-7,-12,-17,0,sil
22.65591287612915,0,1,0,6,4,18,32,3,11,13,0,-1,-4,12,sil
22.670576810836792,0,-9,-5,-5,-4,2,9,3,9,8,0,1,-3,10,sil
22.670576810836792,7,0,6,-6,-15,-20,-10,5,11,1,-2,11,0,11,sil
22.68622899055481,20,13,6,8,-5,-15,-2,5,32,10,13,26,13,20,sil
22.68622899055481,28,10,9,9,5,0,1,3,36,18,28,31,16,14,sil
22.701794862747192,19,5,15,0,0,-7,-17,-1,8,1,15,17,3,2,sil
22.701794862747192,7,5,10,6,1,-16,-22,-6,-13,-14,0,1,-14,0,sil
22.71718978881836,0,4,16,21,10,2,-2,-1,-10,-10,0,1,-26,0,sil
22.71718978881836,-13,0,0,15,13,21,9,1,-4,0,-12,-6,-25,-6,sil
22.73306131362915,-23,-6,-14,-1,9,17,9,-1,-2,8,-37,-26,-14,-8,sil
22.73306131362915,-19,-9,-9,-1,4,16,15,-3,3,10,-34,-25,3,0,sil
22.748802423477173,-10,-11,-13,3,2,17,17,0,12,15,-13,-13,25,5,sil
22.748802423477173,-4,-10,-6,-3,1,6,7,0,20,18,-6,-9,31,6,sil
22.76435661315918,-9,-16,-13,-17,-3,-9,0,-6,22,13,-4,-11,29,0,sil
22.76435661315918,-8,-18,-12,-24,-16,-18,-9,-1,12,1,1,1,34,2,sil
22.779045581817627,11,1,7,-10,-15,-17,-17,5,0,-5,18,19,34,9,sil
22.78004622459412,20,14,5,0,-2,-17,-12,0,-4,-8,31,18,15,1,sil
22.795238494873047,4,0,-1,-29,-10,-13,-11,0,-9,-19,17,10,-6,-2,sil
22.796237230300903,-9,-17,-6,-50,-24,-11,-19,5,-13,-18,5,1,-12,-4,sil
22.809870958328247,-5,-7,0,-15,-17,-11,-20,-1,-19,-8,15,1,-9,-9,sil
22.809870958328247,0,9,11,16,0,-4,-8,-8,-27,-7,15,12,-11,-6,sil
22.825007677078247,0,8,-3,5,2,-1,0,-4,-27,-16,-1,9,-17,-3,sil
22.84099173545837,5,9,2,-1,0,-2,0,6,-13,-15,-3,0,-20,-5,sil
22.84099173545837,11,21,17,18,4,3,7,10,5,0,10,9,-7,0,sil
22.85622000694275,12,17,9,24,9,7,13,2,7,3,12,15,1,2,sil
22.85622000694275,7,10,5,15,8,5,4,-1,-5,-7,0,0,-7,-2,sil
22.871363639831543,6,10,3,25,9,5,0,-5,-3,-5,1,-6,-5,-2,sil
22.871363639831543,11,9,14,33,11,7,4,-6,2,10,16,7,9,6,sil
22.88726568222046,6,0,9,15,8,10,0,-3,-9,12,7,4,3,3,sil
22.88726568222046,-6,-5,-5,1,9,5,-8,0,-20,-1,-18,-14,-14,-2,sil
22.90221333503723,-6,-3,-1,9,13,3,-2,-1,-10,-5,-20,-12,-12,3,sil
22.90221333503723,-2,-1,0,15,8,7,8,-1,4,8,-10,-6,-2,5,sil
22.9175193309784,-12,-1,-2,1,2,16,18,4,18,11,-20,-10,-7,-3,sil
22.9175193309784,-14,-1,-10,-3,10,27,30,10,32,14,-19,-10,-3,-2,sil
22.93312430381775,-3,-2,-11,5,9,20,33,5,27,22,-5,-12,8,5,sil
22.93312430381775,-3,-1,3,1,-6,0,18,-3,6,12,-5,-12,8,2,sil
22.94826459884644,-10,-10,-14,-21,-14,-10,7,-4,12,7,-10,-9,4,0,sil
22.94826459884644,-11,-21,-28,-32,-11,-6,2,4,27,15,-16,-10,1,4,sil
22.964141368865967,-15,-18,-20,-17,-12,-5,-6,3,15,3,-15,-17,0,0,sil
22.964141368865967,-16,-16,-20,-13,-13,-12,-19,-3,-10,-17,-11,-20,-5,-11,sil
22.979126930236816,-9,-19,-7,-37,-8,-15,-27,-2,-23,-21,-23,-18,-15,-19,sil
22.979126930236816,-3,-15,-7,-39,-5,-10,-23,-3,-17,-24,-29,-16,-17,-14,sil
22.994365453720093,2,-2,0,-5,-1,-6,-14,0,-4,-15,-1,2,1,-2,sil
22.994365453720093,8,8,15,13,4,-5,-6,3,11,9,28,24,19,2,sil
23.009856700897217,16,10,14,5,1,-7,0,1,17,16,34,31,19,10,sil
23.009856700897217,25,15,27,-1,-6,-9,0,5,9,9,34,39,19,22,sil
23.02538537979126,24,17,23,4,0,-12,-4,2,-2,4,34,35,19,13,sil
23.02538537979126,18,11,16,10,4,-13,-8,-5,-16,-10,28,22,11,3,sil
23.040907621383667,26,17,23,14,-2,0,2,-1,-17,-12,28,28,12,17,sil
23.040907621383667,20,16,17,14,-2,3,9,1,-4,-1,23,24,14,13,sil
23.056193351745605,-2,1,5,0,-4,-1,-3,-1,-3,-7,10,1,0,-7,sil
23.056193351745605,-3,3,-4,-7,-5,2,-12,1,-1,-1,9,0,-3,-1,sil
23.07175207138061,8,13,3,7,2,9,-5,6,10,10,12,14,1,13,sil
23.07175207138061,-3,7,2,19,4,6,-1,-1,6,-1,-1,3,-6,0,sil
23.086849212646484,-23,-4,-24,5,0,0,-1,-9,-8,-16,-16,-21,-21,-19,sil
23.086849212646484,-23,-7,-16,-5,1,2,-4,-6,-19,-22,-23,-25,-29,-20,sil
23.101884365081787,-19,-6,-8,7,1,5,-6,0,-15,-20,-28,-25,-28,-20,sil
23.101884365081787,-16,-1,-13,16,7,6,0,2,-3,-2,-24,-27,-18,-19,sil
23.117183446884155,-10,2,-3,7,17,12,6,0,-1,15,-8,-18,-5,-7,sil
23.117183446884155,-6,0,-7,3,11,11,8,-9,-12,11,3,-11,5,3,sil
23.13235855102539,0,-3,-4,4,0,3,4,-2,-18,0,-3,-8,4,3,sil
23.14795684814453,2,-6,3,5,5,12,17,8,-5,3,-13,-9,-5,-2,sil
23.14795684814453,8,-9,7,4,9,19,33,9,15,22,-6,-5,0,4,sil
23.163116931915283,16,-1,7,3,5,6,26,6,22,24,-6,2,12,15,thankyou
23.163116931915283,4,-6,-9,-2,0,-9,6,-1,11,2,-20,-6,5,4,thankyou
23.17894411087036,-11,-20,-8,-12,-7,-11,1,-4,3,-3,-18,-10,-3,-4,thankyou
23.17894411087036,-3,-13,-2,-8,-5,-2,5,0,5,9,-1,5,3,0,thankyou
23.194522380828857,2,0,-2,-5,-2,-1,3,0,3,0,-6,3,5,0,thankyou
23.194522380828857,-7,-1,0,-15,-13,-5,0,4,0,-14,-16,-8,-2,-5,thankyou
23.20997738838196,-16,-10,-9,-18,-19,-5,-5,4,0,0,-5,-11,-6,-8,thankyou
23.20997738838196,-6,0,-3,-11,-4,-3,-9,0,4,11,10,-1,2,1,thankyou
23.225179433822632,13,13,10,-2,7,-1,-8,1,17,9,25,21,20,20,thankyou
23.225179433822632,19,8,7,2,2,-5,-11,4,23,6,27,32,20,21,thankyou
23.24073266983032,6,0,6,-3,-2,-7,-24,-4,4,-4,15,19,0,5,thankyou
23.24073266983032,3,1,2,-11,-3,-12,-24,-10,-3,-15,13,8,2,2,thankyou
23.256843328475952,14,6,5,-9,-7,-11,-12,0,2,-10,15,14,10,12,thankyou
23.256843328475952,10,11,2,-2,-5,0,-2,4,0,1,10,14,2,9,thankyou
23.272953510284424,0,5,-7,2,0,1,1,1,-11,0,6,3,-4,-2,thankyou
23.272953510284424,0,-2,10,-4,-5,-7,-2,-1,-14,-8,9,4,-7,-7,thankyou
23.28901243209839,0,1,10,-2,-1,-3,-3,-4,-1,-8,14,3,-4,-2,thankyou
23.28901243209839,6,14,3,13,13,9,7,0,10,-2,10,1,6,5,thankyou
23.304319143295288,12,18,8,21,16,9,17,5,6,3,5,4,10,4,thankyou
23.304319143295288,0,1,0,9,1,-4,7,2,-2,4,2,2,0,-7,thankyou
23.3193576335907,-11,-11,0,3,-5,-9,-5,2,-3,-2,-8,-5,-6,-11,thankyou
23.3193576335907,-10,-7,-8,3,3,-4,-11,-1,-4,-6,-15,-17,-9,-16,thankyou
23.33502054214477,-15,-5,-14,-4,5,-4,-16,-5,-12,-13,-18,-26,-20,-27,thankyou
23.33502054214477,-21,-9,-5,-5,-3,1,-9,0,-14,-18,-21,-21,-23,-24,thankyou
23.35057592391968,-7,-5,2,9,0,10,7,-4,-8,-1,-10,-4,-5,-4,thankyou
23.35057592391968,8,5,12,14,9,8,11,-9,-12,12,1,5,3,6,thankyou
23.365837574005127,5,4,0,10,4,4,0,0,-14,2,-8,-7,-2,4,thankyou
23.365837574005127,-2,0,-12,8,0,10,0,2,-9,-3,-23,-18,-3,1,thankyou
23.38185739517212,0,6,1,0,10,20,10,-1,-6,1,-13,-5,-1,0,thankyou
23.38185739517212,1,5,0,1,11,18,22,1,-4,1,0,1,0,-3,thankyou
23.397905588150024,0,-7,-2,9,-8,11,16,6,0,1,-5,0,4,-2,thankyou
23.397905588150024,-6,-11,-2,6,-11,3,11,1,4,13,-7,-1,4,4,thankyou
23.41314959526062,-8,-8,-1,-1,4,-4,15,-1,0,9,0,-3,0,9,thankyou
23.41314959526062,-9,-10,0,-6,2,-4,10,0,-3,-5,1,0,4,8,thankyou
23.428285598754883,-10,-12,-10,-12,-13,-6,-1,2,5,-1,8,4,9,7,thankyou
23.428285598754883,-4,-10,-4,-17,-10,-15,-6,4,19,10,14,6,3,5,thankyou
23.44386410713196,0,-6,-4,-18,1,-8,-5,0,31,14,5,-1,0,1,thankyou
23.44386410713196,2,1,-9,-20,1,6,-4,0,36,16,-2,-4,1,5,thankyou
23.459275245666504,12,9,1,-17,-8,0,-8,5,29,6,5,9,0,16,thankyou
23.459275245666504,16,0,5,-6,-15,-17,-13,2,18,3,14,18,3,16,thankyou
23.474412202835083,15,-4,10,7,-10,-15,-13,0,4,12,9,13,6,10,thankyou
23.474412202835083,15,4,5,19,1,-4,-9,-2,-9,-3,5,9,1,5,thankyou
23.49013447761536,9,3,-4,5,1,-6,-9,-9,-11,-24,11,9,2,-1,thankyou
23.49013447761536,6,6,6,-10,0,-7,-7,-2,-1,-3,18,13,16,-2,thankyou
23.505820274353027,12,24,10,2,9,0,3,4,3,16,15,12,20,1,thankyou
23.505820274353027,13,25,11,12,9,5,6,0,-5,-5,7,9,5,0,thankyou
23.52097463607788,4,7,5,-4,-4,-1,-1,-3,-17,-25,4,7,-4,-10,thankyou
23.52097463607788,-7,-2,-4,-10,-4,-10,-6,1,-19,-16,0,0,-6,-16,thankyou
23.53717350959778,-26,-5,-3,2,7,-4,-11,0,-21,-14,-10,-10,-15,-23,thankyou
23.53717350959778,-21,0,-4,14,13,8,-12,-4,-22,-18,-15,-14,-21,-24,thankyou
23.55222225189209,6,14,12,17,16,15,-1,0,-15,-11,-1,-5,-9,-4,thankyou
23.55222225189209,14,20,20,24,20,14,6,4,0,3,6,0,3,5,thankyou
23.568804264068604,-1,6,0,21,13,8,3,-1,-1,5,-7,-5,-3,-6,thankyou
23.568804264068604,-12,-5,-7,4,-3,10,11,0,-9,2,-18,-11,-11,-4,thankyou
23.5839319229126,-14,-9,-9,-4,-9,14,30,6,-2,11,-9,-17,-2,4,thankyou
23.5839319229126,-14,-15,-4,-15,-10,5,25,3,7,13,-14,-25,-5,-2,thankyou
23.599161863327023,-9,-24,-7,-22,-13,-3,11,-1,8,9,-21,-24,-14,-5,sil
23.60016131401062,-4,-23,-15,-10,-9,-3,4,-2,8,11,-13,-16,-4,3,sil
23.61484432220459,-5,-16,-6,-4,-7,-6,-8,-1,4,2,-19,-7,-3,12,sil
23.61484432220459,-1,-13,-7,-6,-11,-8,-13,-5,6,-1,-19,-2,-5,11,sil
23.631234169006348,4,-8,-7,1,-6,1,-5,-4,14,4,0,1,6,8,sil
23.631234169006348,-2,-5,-7,1,0,7,-4,-1,9,-1,0,2,8,3,sil
23.64698052406311,-5,-11,-13,-12,-3,-6,-5,-2,2,-11,-9,2,3,0,sil
23.64698052406311,7,-5,0,-14,-7,-9,0,0,4,-5,4,13,16,5,sil
23.662001132965088,10,16,8,2,7,1,2,2,11,8,30,29,26,17,sil
23.677150011062626,10,23,15,8,12,-3,0,1,11,11,40,41,24,18,sil
23.677150011062626,10,6,15,0,-1,-20,-4,0,2,9,33,33,17,4,sil
23.69423031806945,0,-1,-2,-5,-6,-16,-11,0,-8,1,11,8,-1,-9,sil
23.69423031806945,1,8,2,0,2,-2,-14,5,-8,-7,-1,2,-16,-12,sil
23.69423031806945,17,13,8,0,7,-1,-9,8,1,-5,14,12,0,-9,sil
23.709826231002808,9,6,6,0,5,0,-11,3,0,0,27,12,7,-6,sil
23.709826231002808,0,5,6,11,5,5,-12,0,-6,0,10,0,-4,-1,sil
23.7248592376709,5,3,7,14,4,9,2,0,-9,-5,-9,-16,-8,-2,sil
23.7248592376709,2,0,4,0,0,15,16,0,-12,-7,-11,-21,-7,-2,sil
23.740882635116577,-7,-1,-6,0,0,14,9,-4,-18,-10,-6,-21,-13,-11,sil
23.740882635116577,-11,5,-4,14,0,0,3,-6,-19,-10,-15,-24,-21,-22,sil
23.754909992218018,-8,9,0,7,-1,0,17,0,1,1,-20,-20,-14,-8,sil
23.77043128013611,-5,6,-13,-5,1,8,25,3,20,13,-16,-13,1,13,sil
23.77043128013611,-9,-2,-8,-4,0,5,12,1,11,11,-22,-16,1,10,sil
23.78598427772522,-16,-12,-8,0,-7,-2,0,-5,-6,0,-27,-21,-11,-3,sil
23.78598427772522,-3,-11,-2,-1,-3,0,2,-7,-10,-15,-14,-6,-6,2,sil
23.801825761795044,9,-3,8,2,2,4,2,-1,0,-10,-1,6,11,19,sil
23.801825761795044,1,-1,-6,6,-1,-3,-1,1,13,10,-1,3,14,16,sil
23.81788420677185,-2,1,-1,0,-4,-5,-4,3,21,14,7,11,8,9,sil
23.81788420677185,11,7,10,3,9,2,0,3,30,17,34,31,23,11,sil
23.83415985107422,21,7,14,2,14,0,-9,2,21,15,37,34,27,8,sil
23.834612607955933,10,4,9,-16,2,-10,-23,2,-8,-10,13,23,0,-5,sil
23.849196910858154,0,1,1,-15,2,-12,-14,0,-29,-29,3,11,-19,-18,sil
23.849196910858154,0,0,12,6,1,-9,-4,-1,-31,-22,3,6,-16,-16,sil
23.86516785621643,-4,-3,0,10,-10,-4,-5,-6,-21,-7,-3,-4,-9,-7,sil
23.86516785621643,-8,-9,-5,3,-11,8,2,-3,-3,6,-9,-10,-9,-3,sil
23.88117003440857,-4,-12,0,5,0,17,12,1,4,12,-9,-7,-13,0,sil
23.88117003440857,-9,-17,-18,0,5,9,5,0,12,13,-8,-17,-2,2,sil
23.896759748458862,-14,-17,-13,-17,-1,0,-1,2,21,14,-3,-13,12,6,sil
23.896759748458862,-7,-9,-11,-18,-8,-3,8,2,19,11,-2,0,11,9,sil
23.911906957626343,1,-1,-10,-9,-9,-12,11,-1,4,-2,-11,3,3,8,sil
23.911906957626343,9,0,8,-13,-8,-13,-6,1,-5,-10,-3,8,7,2,sil
23.927414178848267,9,0,-3,-20,-8,-14,-16,-1,-5,-2,15,12,18,-7,sil
23.927414178848267,4,8,7,-8,-6,-15,-10,-3,-2,-1,14,12,15,-9,sil
23.942971229553223,2,12,12,13,4,0,-2,1,4,1,10,2,4,-4,sil
23.942971229553223,5,9,5,16,14,4,-6,3,2,7,14,-10,0,-5,sil
23.958817720413208,10,15,11,11,7,-5,-14,0,-11,-2,6,-16,-1,-5,sil
23.958817720413208,3,15,-5,13,-3,-2,-13,-5,-17,-10,-5,-16,-10,-4,sil
23.973952054977417,-4,4,0,8,-1,12,-2,1,-23,-11,-10,-11,-16,-5,sil
23.973952054977417,-14,-2,-6,3,5,17,15,3,-26,-9,-18,-22,-19,-10,sil
23.98934864997864,-25,-4,-23,3,6,16,21,-2,-12,-4,-35,-32,-28,-15,sil
23.98934864997864,-17,1,5,7,4,27,16,1,5,3,-35,-14,-23,-5,sil
24.00451254844665,0,6,-4,19,8,24,25,4,25,17,-11,-2,2,9,sil
24.00451254844665,1,-2,-4,2,7,7,20,2,29,15,2,6,5,14,sil
24.0203504562378,0,-7,7,-14,4,3,6,0,25,10,6,19,2,12,sil
24.0203504562378,5,-5,-8,-3,2,-4,0,0,18,10,15,16,17,13,sil
24.03581690788269,13,-1,10,-1,-2,-20,-5,5,2,-6,18,20,18,16,sil
24.03581690788269,19,1,5,-2,0,-20,0,3,0,-10,23,30,12,18,sil
24.05124020576477,18,0,0,-9,-1,-11,-5,0,-1,-1,24,21,10,13,sil
24.05124020576477,0,-4,23,-18,-14,-9,-19,1,-10,-10,16,14,-1,1,sil
24.06686425209045,-11,-9,1,-14,-14,-9,-10,-5,-7,-19,9,4,-14,-14,sil
24.06686425209045,-5,-2,11,-3,-3,-3,-1,-7,-8,-20,4,0,-21,-15,sil
24.08301687240601,5,4,34,23,6,11,2,0,-6,-17,1,10,-20,6,sil
24.08301687240601,9,5,-21,45,11,13,14,-8,6,9,-2,0,-5,13,sil
2.0772154331207275,-6,0,-8,-11,-10,-12,1,-1,-4,-19,-8,-7,5,-1,sil
2.0772154331207275,3,3,0,-2,-15,-16,-11,-9,-12,-20,-12,-2,0,-3,sil
2.092221736907959,7,1,-8,-10,-10,-10,-18,-6,-10,-12,-8,4,0,-5,sil
2.092221736907959,2,0,-10,-15,-5,-1,-18,-2,-10,-9,-2,8,0,-5,sil
2.108041286468506,0,4,5,-4,0,2,-10,1,-2,-8,3,10,-1,2,sil
2.108041286468506,0,6,3,-2,8,-2,-6,1,1,-8,13,7,-4,4,sil
2.1236608028411865,5,11,5,-4,10,-10,-14,0,-9,-7,20,15,-2,-1,sil
2.1236608028411865,14,16,5,10,9,-12,-16,0,-7,0,24,25,8,-1,sil
2.139340400695801,14,15,12,15,5,-11,-5,6,5,6,27,24,14,5,sil
2.139340400695801,7,13,24,3,1,-8,-3,4,-1,0,28,19,5,4,sil
2.15446138381958,3,8,16,10,1,-7,-12,-4,-17,-6,27,17,-4,-7,sil
2.15446138381958,5,11,21,24,5,0,-8,-2,-9,1,18,14,-5,-9,sil
2.169424295425415,0,11,13,23,9,10,7,0,1,12,3,-1,-4,-3,sil
2.185349702835083,-9,0,0,14,6,14,9,-2,-5,0,-10,-18,-11,-8,sil
2.185349702835083,-14,-9,-5,7,2,17,2,1,-9,-11,-20,-19,-14,-16,sil
2.185349702835083,-15,-10,-16,0,7,14,10,3,0,-4,-26,-22,-11,-9,sil
2.201364755630493,-10,-8,-11,-4,3,5,17,0,3,3,-32,-26,-14,0,sil
2.201364755630493,-8,-14,-14,-6,-6,5,17,0,7,8,-37,-31,-14,-2,sil
2.216339111328125,-12,-25,-26,-18,-8,9,13,1,8,4,-41,-41,-11,-3,sil
2.216339111328125,-12,-23,-20,-21,-6,5,6,-1,7,-6,-31,-32,-7,1,sil
2.2324023246765137,-1,-11,-14,-6,-4,0,11,0,18,4,-1,-4,15,12,sil
2.2324023246765137,12,0,6,-2,-2,5,18,1,28,27,20,20,38,28,sil
2.2480952739715576,17,4,15,-1,0,7,4,0,18,23,24,28,27,25,sil
2.2480952739715576,7,3,5,3,-3,-13,-21,-2,-1,-2,13,18,4,0,sil
2.262345552444458,0,10,6,0,-8,-21,-30,0,-10,-20,6,11,1,-12,sil
2.279646635055542,9,21,2,3,1,-4,-12,-3,-6,-12,19,22,12,0,sil
2.279646635055542,15,19,11,13,9,0,0,-1,-6,3,27,32,12,5,sil
2.279646635055542,-4,2,8,5,0,-6,0,3,-8,5,9,6,0,-2,sil
2.292781352996826,-18,-7,-9,-1,-2,0,-1,1,-6,-4,-8,-21,-14,-10,sil
2.3079445362091064,-9,-10,-4,2,0,10,1,-2,-12,-10,-14,-18,-20,-5,sil
2.3079445362091064,-5,-16,-5,0,-3,9,1,0,-13,3,-17,-12,-14,0,sil
2.323935508728028,-5,-14,-6,-7,-7,1,-1,3,0,14,-18,-9,-1,5,sil
2.323935508728028,1,-3,0,-9,-8,-6,-4,0,10,7,0,4,7,6,sil
2.3395791053771973,11,5,4,-11,-4,-19,-7,-2,8,-3,23,16,10,6,sil
2.3395791053771973,23,17,16,-6,4,-18,-8,0,-1,-6,32,24,9,7,sil
2.3551595211029053,25,21,10,5,3,-9,-8,-2,-9,-4,25,22,2,0,sil
2.3551595211029053,11,13,6,3,2,-5,-7,0,-11,-5,13,19,-3,-6,sil
2.371169328689575,-2,7,5,-5,13,-1,0,3,-9,-8,0,5,-5,-5,sil
2.371169328689575,-9,0,-5,0,6,1,8,0,-5,-11,-18,-20,-16,-8,sil
2.386667013168335,-21,-8,-1,9,-4,6,7,-1,-3,-15,-28,-32,-29,-19,sil
2.386667013168335,-31,-11,-14,6,2,12,4,0,-8,-7,-23,-28,-21,-28,sil
2.4019596576690674,-20,-8,-22,5,6,13,7,0,-3,6,-14,-24,-6,-22,sil
2.4019596576690674,-2,-1,-2,17,3,18,24,8,16,6,-7,-11,3,4,sil
2.4179723262786865,7,-3,3,15,2,19,26,3,20,-1,-3,5,13,24,sil
2.4179723262786865,14,-5,5,-1,0,9,5,-2,10,0,0,8,15,21,sil
2.433018922805786,16,0,2,-3,0,0,0,0,25,16,3,3,13,13,sil
2.433018922805786,10,-7,0,-11,-6,-3,0,4,32,16,5,5,15,12,sil
2.44903302192688,0,-15,0,-28,-21,-14,-20,-1,-1,-2,1,5,6,1,sil
2.44903302192688,-1,0,-1,-17,-8,-23,-32,-9,-19,-14,6,4,0,-9,sil
2.464442491531372,7,20,19,1,14,-7,-17,-1,-3,0,22,18,10,-1,sil
2.464442491531372,7,21,14,10,14,8,-2,2,0,8,23,16,11,1,sil
2.479965209960937,-9,4,-8,11,5,5,1,0,-15,1,-6,-11,-14,-9,sil
2.479965209960937,-14,-3,-9,5,4,7,11,0,-11,13,-24,-17,-17,-9,sil
2.495573043823242,-2,-4,-11,2,0,13,24,5,6,33,-3,0,8,10,sil
2.495573043823242,2,-2,-3,4,-7,3,18,1,8,21,6,9,16,27,sil
2.5110650062561035,0,-6,-1,-2,-11,-7,2,-2,5,3,-2,5,9,19,sil
2.5110650062561035,0,-12,-5,-21,-14,-17,-12,-2,-3,-7,0,3,2,-5,sil
2.526313781738281,0,-2,5,-16,-12,-17,-19,-2,-23,-26,11,6,-6,-15,sil
2.526313781738281,4,11,7,7,1,-10,-16,-6,-19,-25,11,1,-6,-9,sil
2.542212963104248,1,12,6,13,6,-7,-13,-1,-7,-19,-4,-7,-15,-12,sil
2.542212963104248,-11,2,0,9,3,-3,-6,1,-15,-22,-20,-19,-28,-19,sil
2.5578713417053223,-13,-4,-6,11,3,7,6,1,-12,-6,-13,-16,-12,-8,sil
2.5578713417053223,-3,-5,-3,1,-2,13,7,5,12,9,1,0,7,6,sil
2.573352575302124,1,-1,-11,-4,-3,9,6,3,31,10,0,0,8,9,sil
2.573352575302124,6,3,2,4,8,6,12,3,35,10,-2,0,9,9,sil
2.589438199996948,9,0,7,-6,8,2,1,1,20,6,4,11,12,1,sil
2.589438199996948,9,-3,0,-20,-2,-7,-20,-6,-13,-12,11,13,3,-7,sil
2.6049792766571045,12,11,18,1,1,-10,-16,-9,-35,-17,9,15,-8,-2,sil
2.6049792766571045,12,18,11,23,14,-1,0,-3,-26,-6,5,12,-8,0,sil
2.6204729080200195,-3,2,-6,13,12,7,7,2,-19,-10,-3,-3,-7,-6,sil
2.6204729080200195,-24,-8,-12,2,3,11,16,4,-11,-13,-18,-24,-15,-10,sil
2.636543273925781,-28,-15,-17,0,-7,10,28,3,9,6,-26,-33,-19,-9,sil
2.636543273925781,-11,-16,-3,-10,-16,11,23,5,24,27,-16,-19,-7,1,sil
2.652360677719116,0,-13,-4,-13,-12,13,14,2,23,25,-2,-2,6,14,sil
2.652360677719116,0,-9,-7,-12,-5,5,14,0,20,17,1,1,10,13,sil
2.667368173599243,2,-3,0,-7,-3,-3,7,1,20,16,7,0,12,8,sil
2.667368173599243,5,0,0,0,0,-13,-11,-2,18,15,15,11,18,12,sil
2.6833786964416504,16,8,13,1,6,-13,-15,1,23,15,26,30,32,18,sil
2.6833786964416504,28,8,13,-1,10,-7,-7,3,28,21,35,27,38,17,sil
2.699403762817383,16,1,4,-5,2,-18,-22,-3,2,3,23,10,16,4,sil
2.699403762817383,0,6,1,-12,-4,-24,-38,-6,-27,-27,3,7,-4,-9,sil
2.715051412582397,2,14,2,-11,-1,-8,-23,-3,-25,-24,0,7,-6,-14,sil
2.715051412582397,5,12,17,1,0,3,-12,0,-23,-12,-2,1,-14,-14,sil
2.73128342628479,-1,5,7,9,1,0,-14,-3,-34,-17,-4,-5,-26,-14,sil
2.73128342628479,-4,1,-4,12,1,0,-6,-4,-31,-22,-4,-4,-18,-7,sil
2.746406555175781,-5,1,3,22,0,14,5,0,-15,-13,-9,1,-5,-1,sil
2.746406555175781,-7,0,-4,30,1,15,14,1,-1,-3,-14,-7,-7,-5,sil
2.762050151824951,-12,-8,-8,12,5,11,22,0,4,0,-21,-21,-14,-8,sil
2.762050151824951,-15,-9,-13,2,2,15,25,1,2,3,-22,-20,-5,-6,sil
2.7773382663726807,-11,1,-9,13,0,13,21,4,-2,7,-13,-12,2,0,sil
2.7773382663726807,-11,1,-5,8,-1,5,11,1,0,6,-11,-12,-6,1,sil
2.793149471282959,-17,-14,-21,-16,-7,-1,0,-2,1,0,-15,-19,-12,0,sil
2.793149471282959,-2,-7,-1,-19,-3,-1,2,3,12,0,-6,-5,4,10,sil
2.808702230453491,6,3,12,-5,0,0,12,5,27,6,1,3,17,15,sil
2.808702230453491,-5,-13,-13,-23,-12,-10,0,0,14,0,-2,-4,3,0,sil
2.8240737915039062,-6,-16,-10,-41,-11,-12,-16,0,-5,-6,1,1,-3,-2,sil
2.8240737915039062,16,6,10,-11,6,-6,-11,-1,2,3,19,20,13,12,sil
2.839320659637451,30,17,22,13,9,-9,-12,-6,11,6,25,33,20,12,sil
2.839320659637451,16,10,10,0,-2,-18,-29,-4,0,-3,23,29,9,-2,sil
2.8548526763916016,3,0,3,-8,-5,-20,-29,1,-3,-9,19,14,-3,-10,sil
2.870481014251709,6,0,11,0,0,-6,-4,0,-1,-2,14,8,-7,-6,sil
2.870481014251709,6,7,0,11,5,13,17,-1,4,14,11,6,0,-2,sil
2.870481014251709,-2,9,0,14,8,17,12,4,2,14,8,-3,0,-1,sil
2.885988235473633,-6,6,6,13,10,12,1,5,-5,4,0,-11,-6,-4,sil
2.885988235473633,-1,0,0,16,7,16,14,1,-3,5,-6,-12,-2,-3,sil
2.9019887447357178,-1,-4,3,16,5,22,25,2,4,8,-14,-12,-5,0,sil
2.9019887447357178,-2,-3,0,15,10,13,18,0,6,8,-11,-14,-2,7,sil
2.917566061019897,3,0,0,12,3,1,11,0,0,4,-10,-9,4,10,sil
2.917566061019897,1,-3,-11,4,-8,0,8,0,-2,0,-21,-14,-4,0,sil
2.933279275894165,-13,-14,-26,-6,-9,-6,2,1,-3,2,-22,-23,-12,-6,sil
2.933279275894165,-14,-10,-2,-9,-4,-11,1,3,-3,1,-4,-2,6,4,sil
2.948317766189575,3,0,7,-7,-1,-2,6,-1,2,-5,6,21,19,16,sil
2.9659855365753174,11,-4,0,-18,-4,1,4,-9,10,-3,6,19,9,14,sil
2.9659855365753174,0,-14,-10,-30,-19,-10,-11,-3,3,-4,4,3,6,1,sil
2.9659855365753174,-11,-12,-19,-37,-22,-21,-31,-2,-7,-19,-5,-3,6,-13,sil
2.979459047317505,-3,1,5,-33,-1,-12,-30,-3,-3,-19,0,8,0,-12,sil
2.995354175567627,3,11,16,-10,8,-7,-14,2,3,-9,25,14,1,-4,sil
2.995354175567627,0,13,9,13,0,-15,-14,7,-8,-17,23,4,0,-10,sil
3.0104055404663086,-1,19,11,20,2,-10,-17,0,-16,-17,5,2,-6,-12,sil
3.0104055404663086,1,14,8,18,12,0,-4,-8,-6,-1,5,4,-7,-4,sil
3.0274057388305664,1,8,11,20,8,9,0,-2,-8,0,2,0,-12,-5,sil
3.0274057388305664,3,12,9,27,8,15,-4,1,-12,-4,-2,0,-12,-5,sil
3.042482852935791,9,9,6,25,11,11,-3,1,-11,0,-6,4,-2,4,sil
3.042482852935791,1,-4,-1,6,-1,9,0,-1,-17,3,-22,-4,-7,3,sil
3.0581960678100586,-11,-18,-18,-4,-10,13,2,-4,-14,7,-28,-20,-22,-7,sil
3.0581960678100586,-7,-12,-7,0,-1,12,12,0,1,11,-13,-15,-13,0,sil
3.0733470916748047,0,1,-5,4,5,7,24,3,22,20,0,0,8,14,sil
3.0733470916748047,0,-1,-12,-2,1,5,19,3,25,27,-2,-1,7,13,sil
3.0885109901428223,-4,-10,-2,-8,-3,6,5,3,12,16,-12,-16,-7,-1,sil
3.0885109901428223,-7,-7,-8,-4,0,-2,5,0,6,-1,-11,-19,-5,-6,sil
3.1045591831207275,-3,3,-4,-3,3,-8,12,1,16,0,6,0,11,7,sil
3.1045591831207275,5,2,-2,-2,0,0,21,4,23,16,19,9,24,16,sil
3.1201701164245605,9,-8,0,-2,0,3,22,4,22,16,11,3,24,13,sil
3.1201701164245605,3,-6,13,-6,0,-2,13,8,19,0,6,7,19,10,sil
3.135221481323242,1,0,4,-7,0,-6,7,6,10,-3,17,11,17,4,sil
3.135221481323242,11,4,4,-2,1,-7,5,2,4,2,23,17,15,3,sil
3.1513824462890625,18,10,6,2,5,-5,2,0,3,-4,17,20,10,1,sil
3.1513824462890625,9,4,0,-1,-3,-10,-11,-4,-11,-19,10,8,1,-9,sil
3.1670846939086914,0,0,10,-8,-16,-17,-31,-8,-31,-24,0,1,-9,-18,sil
3.1670846939086914,-1,6,8,2,-9,-17,-39,-10,-24,-14,0,5,-13,-14,sil
3.1831634044647217,0,12,6,10,2,-12,-34,-3,-17,-12,9,7,-8,-7,sil
3.1831634044647217,-6,0,-2,2,0,-8,-24,0,-25,-25,-3,-2,-15,-7,sil
3.198747396469116,-20,-14,-21,-1,-5,0,-10,1,-25,-28,-34,-24,-31,-13,sil
3.198747396469116,-24,-12,-14,-5,-1,19,7,-1,-12,-9,-37,-32,-30,-11,sil
3.214263200759888,-17,-12,-12,-12,-2,22,18,-3,2,13,-21,-25,-9,-1,sil
3.214263200759888,-8,-15,-8,-9,-6,17,16,-3,13,22,-19,-14,-3,8,sil
3.2293689250946045,-2,-4,-4,1,2,17,10,-1,18,29,-12,-6,-2,15,sil
3.2293689250946045,7,2,-5,1,15,10,0,-4,9,26,5,3,5,9,sil
3.2449307441711426,18,2,7,-4,8,-1,-12,-4,-2,2,9,18,7,1,sil
3.2449307441711426,13,0,5,-10,-2,-9,-9,-2,5,-3,11,22,6,1,sil
3.261570453643799,2,-1,8,-15,-8,-9,2,0,17,11,18,13,13,4,sil
3.261570453643799,1,6,14,0,-2,-4,1,3,3,7,16,9,16,0,sil
3.27747654914856,7,20,9,24,6,-3,-1,5,-12,-12,14,11,8,-1,sil
3.27747654914856,13,23,21,19,10,-2,5,8,0,-9,22,15,6,5,sil
3.293560028076172,14,14,16,0,4,-4,7,4,13,2,29,13,18,5,sil
3.293560028076172,11,13,9,3,2,-13,0,1,0,-2,19,11,15,-3,sil
3.3091399669647217,8,18,11,20,8,-8,-3,2,-21,-15,-2,6,-5,-7,sil
3.3091399669647217,0,6,-7,25,13,6,3,-1,-20,-19,-22,-10,-20,-7,sil
3.324319839477539,-14,-7,-14,16,3,10,8,-1,-12,-8,-28,-24,-18,-10,sil
3.324319839477539,-20,-11,-16,11,-2,8,7,0,-5,0,-23,-24,-13,-10,sil
3.340019941329956,-23,-17,-20,-2,-2,8,1,1,-1,-2,-31,-26,-14,-4,sil
3.340019941329956,-21,-24,-12,-15,-8,9,4,0,6,4,-36,-26,-8,0,sil
3.35521936416626,-13,-24,-13,-8,-13,5,13,-1,18,19,-10,-20,3,3,sil
3.35521936416626,-12,-18,-8,-9,-10,0,2,0,17,7,5,-11,2,5,sil
3.3703453540802,-5,-11,-10,-17,-2,3,-8,1,15,2,1,-4,0,5,thankyou
3.3703453540802,11,-1,-1,-8,1,0,2,5,20,15,5,6,7,12,thankyou
3.386140823364258,10,4,11,-2,-2,-8,16,6,23,19,12,19,15,18,thankyou
3.386140823364258,-1,-4,-4,-17,-7,0,8,-1,19,14,6,17,10,8,thankyou
3.4024136066436768,4,-6,-1,-20,-3,7,-7,-6,3,-2,2,14,-6,0,thankyou
3.4024136066436768,17,5,5,-1,0,-2,-5,-3,-13,-14,8,15,-8,-1,thankyou
3.4179556369781494,18,9,3,9,0,-7,-1,-3,-6,6,16,19,13,0,thankyou
3.4179556369781494,15,13,18,3,6,-2,-13,-2,11,18,26,21,19,2,thankyou
3.434011936187744,13,15,17,1,8,-8,-18,-1,10,1,29,14,8,7,thankyou
3.434011936187744,12,11,10,6,4,-15,-13,1,-7,-3,12,9,7,5,thankyou
3.44938325881958,6,5,-1,4,3,-7,-14,-2,-23,-2,0,4,2,-4,thankyou
3.44938325881958,0,1,-10,-4,-2,-8,-8,-4,-28,-12,2,-8,-8,-10,thankyou
3.465467929840088,-11,0,0,-8,-10,-9,6,1,-26,-20,3,-12,-7,-5,thankyou
3.465467929840088,-22,-4,-3,-3,-2,0,7,0,-21,-19,-7,-8,-4,-10,thankyou
3.4812331199646,-13,0,-2,-3,0,5,-2,-5,-20,-21,-12,-6,-8,-16,thankyou
3.4812331199646,3,12,5,1,0,1,-1,0,-14,-17,-7,-3,-5,-12,thankyou
3.497149705886841,4,9,1,11,3,0,2,3,-5,-7,-9,-4,-3,-6,thankyou
3.497149705886841,0,0,3,7,6,3,0,0,1,-4,-6,-4,-4,0,thankyou
3.512502908706665,-1,0,0,0,3,2,0,0,10,0,1,-3,-2,4,thankyou
3.512502908706665,-5,-2,7,1,2,4,2,6,16,0,-5,-3,-4,4,thankyou
3.528208017349243,0,0,13,12,5,10,4,7,15,1,-14,-5,-6,8,thankyou
3.528208017349243,1,-1,-5,10,6,8,2,-2,5,8,-11,-12,-8,3,thankyou
3.543276786804199,-5,-6,-9,0,2,6,1,-1,-7,4,-17,-16,-19,-8,thankyou
3.543276786804199,-13,-4,-17,0,0,11,8,0,-9,-5,-25,-24,-20,-11,thankyou
3.5586094856262207,-16,-11,-18,-11,-1,7,4,-4,-1,0,-26,-26,-14,-7,thankyou
3.5586094856262207,-9,-20,-6,-11,-3,7,-2,-3,4,20,-12,-10,-3,0,thankyou
3.574176788330078,8,-5,0,15,3,9,4,1,11,31,15,13,19,11,thankyou
3.574176788330078,10,6,6,9,0,1,9,5,14,23,18,23,27,12,thankyou
3.589378595352173,-3,-5,-3,-10,-9,-6,0,0,15,12,1,13,16,5,thankyou
3.589378595352173,7,-2,5,8,-6,-7,0,1,21,9,18,20,20,14,thankyou
3.605086088180542,27,15,24,23,-1,-7,13,7,30,15,43,37,32,25,thankyou
3.605086088180542,18,7,1,0,0,-9,14,6,27,13,20,22,18,17,thankyou
3.6201138496398926,-1,-5,-8,-16,0,-3,3,0,3,-4,-6,1,0,1,thankyou
3.6201138496398926,-5,-6,-8,-16,-7,-4,-3,-5,-11,-13,6,5,0,-8,thankyou
3.635412454605103,2,1,-1,-11,-11,-17,-11,-2,-8,-12,21,11,3,-8,thankyou
3.635412454605103,10,10,13,0,1,-16,-14,0,-7,-10,17,11,4,-3,thankyou
3.651491403579712,1,8,5,6,6,-2,-10,-5,-11,-7,17,5,5,-5,thankyou
3.6520164012908936,-6,6,0,-1,6,3,-12,-8,-19,-14,9,-6,-7,-14,thankyou
3.667523145675659,-15,10,-6,-6,11,4,-12,-5,-26,-18,-12,-28,-25,-25,thankyou
3.667523145675659,-28,6,-16,-4,3,2,-5,-5,-26,-12,-31,-40,-28,-22,thankyou
3.683318138122559,-21,0,-5,1,-6,7,9,0,-10,-5,-27,-27,-15,-2,thankyou
3.698361158370972,-1,-8,0,5,-2,14,24,6,7,6,-18,-15,0,7,thankyou
3.698361158370972,-1,-19,0,-3,-4,11,16,5,3,8,-29,-20,-8,4,thankyou
3.698361158370972,-6,-17,-4,-7,-8,5,1,4,-1,-3,-28,-18,-11,6,thankyou
3.7149271965026855,8,-7,-3,-1,-2,0,0,3,16,3,0,7,6,16,thankyou
3.7149271965026855,18,-5,8,-14,-9,-11,-6,0,20,8,8,26,4,12,thankyou
3.729260206222534,13,-9,0,-34,-22,-25,-24,-9,-9,-20,-8,18,-19,-3,thankyou
3.74493670463562,16,3,9,-17,-12,-24,-28,-9,-33,-39,-2,13,-16,-6,thankyou
3.74493670463562,15,17,15,13,7,-14,-23,-4,-25,-23,12,12,1,-5,thankyou
3.74493670463562,8,16,7,18,11,-7,-16,1,-8,-6,17,13,7,-5,thankyou
3.7620270252227774,20,19,27,21,13,10,0,7,11,12,31,29,19,12,thankyou
3.7620270252227774,22,19,22,34,24,22,15,4,30,35,35,27,31,23,thankyou
3.776997804641724,-2,9,0,26,22,14,9,2,19,27,9,-1,13,1,sil
3.776997804641724,-15,8,-6,15,15,13,7,0,6,22,4,-8,3,-8,sil
3.792165279388428,-8,5,-4,17,18,18,15,0,6,27,15,0,14,0,sil
3.792165279388428,-13,-5,-4,5,9,12,12,1,-2,7,0,-8,2,-5,sil
3.808288097381592,-24,-11,-20,-3,-5,7,12,2,-5,-2,-14,-20,-14,-13,sil
3.808288097381592,-19,-12,-16,-5,-8,5,22,4,10,8,-8,-16,-7,-5,sil
3.823425054550171,-16,-16,-7,-13,-1,1,20,2,12,2,-13,-14,-3,-5,sil
3.839935064315796,-19,-21,-18,-21,-7,0,4,-4,-5,-9,-20,-21,-10,-9,sil
3.839935064315796,-12,-17,-10,-18,-19,-1,1,-1,-11,-8,-15,-14,-3,-1,sil
3.839935064315796,0,-4,-4,-2,-14,-4,9,3,0,-11,-15,-6,4,7,sil
3.854490280151367,8,0,1,0,-9,-7,11,0,6,-16,-23,-5,-5,8,sil
3.871005535125733,1,-10,0,-17,-17,-7,-3,-1,3,-4,-19,-3,-8,3,sil
3.871005535125733,1,-7,-6,-19,-15,-12,-20,-5,2,5,-3,3,0,1,sil
3.871005535125733,17,17,11,8,-1,-8,-24,-5,-2,-2,10,17,-1,7,sil
3.885409355163574,25,19,7,18,4,-2,-20,-3,-12,-7,23,24,-5,7,sil
3.9011425971984863,15,-2,0,-1,3,-3,-19,-2,-8,-1,21,14,4,3,sil
3.9011425971984863,2,-6,8,-7,3,0,-7,-3,3,0,3,-1,5,3,sil
3.9165120124816895,-5,0,-2,-1,-1,0,5,0,1,0,-2,-7,-1,-2,sil
3.9165120124816895,-4,-3,-1,-10,-7,-8,4,4,-2,0,3,-2,-1,-5,sil
3.932110071182251,-2,-2,-3,-13,2,-4,8,4,13,5,7,-2,4,-2,sil
3.932110071182251,-7,3,-7,-4,8,0,14,2,20,15,4,-2,6,-2,sil
3.948089361190796,-7,6,4,0,2,0,7,4,3,10,3,5,6,-2,sil
3.948089361190796,0,4,3,0,3,-4,-2,0,-8,-11,4,8,3,-1,sil
3.9632763862609854,6,5,4,-4,4,-4,-12,-5,-12,-25,0,4,-6,-4,sil
3.9632763862609854,3,7,7,0,3,-2,-14,-1,-16,-15,-4,2,-7,-3,sil
3.979312896728516,6,5,10,12,6,-5,-11,2,-16,-5,-3,4,-1,2,sil
3.979312896728516,12,5,18,10,0,-8,-20,-1,-12,-6,1,7,-1,1,sil
3.994939804077149,10,12,10,9,-1,-4,-24,-3,-11,-5,6,5,-4,-1,sil
3.994939804077149,9,19,14,21,6,4,-8,0,-15,-3,3,7,-3,0,sil
4.0110180377960205,8,16,12,34,6,14,2,-3,-14,-1,4,10,5,0,sil
4.0110180377960205,2,7,3,33,4,15,0,-5,-5,8,13,7,12,-1,sil
4.0312676429748535,0,2,0,16,10,12,7,4,8,18,13,0,12,0,sil
4.032397985458374,-6,-1,-17,3,8,15,25,8,24,20,4,-8,12,4,sil
4.032397985458374,-14,-5,-12,8,4,25,37,13,29,23,0,-10,8,3,sil
4.041403770446777,-20,-12,-5,3,3,24,36,10,21,26,-8,-15,-1,-5,sil
4.056636810302734,-23,-22,-21,-16,-1,8,27,-3,16,18,-23,-26,-11,-10,sil
4.056636810302734,-22,-21,-22,-25,-6,1,17,-6,18,1,-23,-21,-14,-1,sil
4.072049379348755,-16,-25,-21,-28,-12,-4,7,-1,15,-7,-17,-11,-10,5,sil
4.072049379348755,-1,-36,-11,-41,-26,-17,-2,1,4,-7,-18,-7,-6,9,sil
4.087469100952148,8,-28,-2,-42,-27,-18,-5,-1,5,1,-11,-1,-1,16,sil
4.087469100952148,9,-12,-2,-28,-13,-14,-9,-5,5,-5,0,5,-1,12,sil
4.102157831192017,11,-2,7,-16,-6,-18,-22,-1,-11,-29,1,15,-5,1,sil
4.102157831192017,22,19,5,3,0,-17,-21,-2,-24,-27,10,20,3,0,sil
4.117574691772461,28,38,9,13,13,-11,-15,-6,-24,-12,19,21,11,1,sil
4.117574691772461,17,25,18,11,16,-10,-13,-1,-22,-13,16,13,4,-7,sil
4.133553743362427,0,13,12,19,9,-8,-5,0,-22,-16,5,1,-8,-16,sil
4.133553743362427,-12,24,10,23,4,2,-3,-4,-27,-13,-4,-5,-17,-18,sil
4.1482343673706055,-17,21,-1,19,4,6,-9,-6,-27,-6,-6,-14,-14,-22,sil
4.1482343673706055,-12,4,-2,23,7,12,0,3,-4,15,0,-16,1,-10,sil
4.163360595703125,-9,-1,1,23,10,30,25,15,31,43,4,-10,16,6,sil
4.163360595703125,-9,-6,-8,7,5,31,24,6,50,41,1,-2,15,8,sil
4.1798317432403564,0,-15,0,-7,0,7,1,-2,35,16,0,4,6,10,sil
4.1798317432403564,1,-17,-5,-12,-3,-10,-13,-5,5,1,0,4,7,12,sil
4.194854259490967,0,-16,-13,-17,-11,-16,-19,0,-4,-5,-6,2,6,3,sil
4.194854259490967,7,-12,0,-24,-15,-13,-16,6,4,-11,0,12,0,4,sil
4.209989547729492,13,-6,2,-24,-9,-13,-7,1,4,-10,10,12,-1,7,sil
4.209989547729492,0,0,4,-16,-8,-11,-11,-3,-14,-14,2,1,-3,-3,sil
4.227524518966675,-5,4,0,-4,-1,-6,-14,-3,-17,-17,-2,-3,-5,-10,sil
4.227524518966675,-1,7,3,2,10,-4,-5,-1,-15,-20,2,-6,-4,-6,sil
4.242065191268921,3,14,14,17,9,1,1,0,-18,-17,4,-4,-1,-2,sil
4.242065191268921,13,17,9,37,4,9,5,2,-9,-1,0,3,3,0,sil
4.257088661193848,15,12,13,33,7,12,13,5,5,5,-3,10,0,4,sil
4.257088661193848,-1,1,1,17,11,19,22,2,6,2,-9,-3,-8,-2,sil
4.272433042526245,-15,-8,-16,3,2,20,18,1,-1,6,-12,-18,-10,-6,sil
4.272433042526245,-11,-13,-9,-5,-8,7,13,0,2,13,-6,-8,0,2,sil
4.289056062698364,-13,-17,-19,-8,-11,-1,19,-4,11,16,0,-6,7,0,sil
4.289056062698364,-20,-18,-18,-15,-7,-2,21,-5,5,16,-7,-18,0,-4,sil
4.304645299911499,-6,-9,-1,-22,-1,-6,11,4,12,17,-2,-5,0,8,sil
4.321499586105347,19,6,11,-14,0,-13,-1,4,31,23,26,31,17,25,sil
4.321499586105347,35,22,25,3,0,-10,-10,0,17,15,40,49,25,20,sil
4.321499586105347,36,28,19,18,5,-9,-8,2,-8,-6,29,37,13,9,sil
4.335919618606567,29,25,17,18,5,-6,-6,7,-9,-15,18,31,1,10,sil
4.335919618606567,10,17,13,11,5,5,-12,-4,-4,-9,16,27,1,4,sil
4.350485563278198,-6,4,3,10,9,9,-12,-13,-14,-10,3,0,-5,-10,sil
4.366394281387329,-13,-7,-3,8,3,7,-10,-5,-24,-18,-20,-30,-25,-17,sil
4.366394281387329,-23,-17,-25,2,0,8,-6,-5,-22,-8,-30,-43,-28,-23,sil
4.383182764053345,-32,-24,-28,-7,1,5,4,-2,-10,1,-29,-39,-14,-20,sil
4.383182764053345,-36,-26,-20,-15,-1,1,12,4,1,1,-38,-38,-11,-15,sil
4.383182764053345,-35,-24,-25,-18,-16,-5,2,0,0,-7,-48,-46,-19,-20,sil
4.397292613983154,-28,-20,-14,-26,-19,-12,-6,-1,3,-8,-36,-35,-13,-17,sil
4.4130566120147705,-12,-17,-13,-32,-7,-13,-3,1,16,-4,-12,-14,1,0,sil
4.4130566120147705,5,-7,-6,-24,-1,-11,-5,0,14,0,-4,0,13,12,sil
4.428513765335083,17,4,7,-18,-1,-5,-5,-1,8,10,2,14,23,15,sil
4.428513765335083,20,5,6,-30,1,-2,2,5,17,15,23,26,27,18,sil
4.444255352020264,22,8,15,-26,4,-5,-2,13,16,0,33,33,21,18,sil
4.444255352020264,24,17,18,0,2,-7,-16,1,2,-7,30,33,17,12,sil
4.45931601524353,21,15,19,14,4,-3,-17,-8,-6,-1,28,27,11,5,sil
4.45931601524353,9,13,16,21,0,0,-13,-3,-16,-11,19,9,-3,-6,sil
4.47490382194519,-8,15,-2,29,-10,2,-15,-3,-25,-23,0,-8,-21,-25,sil
4.47490382194519,-8,14,5,26,0,13,-5,0,-23,-12,1,1,-24,-24,sil
4.490033388137817,8,16,17,36,17,24,18,5,-8,4,19,16,-6,-5,sil
4.490033388137817,13,18,17,55,8,19,25,4,0,8,17,11,1,9,sil
4.505174398422241,1,9,7,43,0,10,13,4,-4,7,-2,2,-10,7,sil
4.505174398422241,-6,-4,-10,18,2,4,9,1,-7,9,-11,-5,-21,0,sil
4.521265745162964,-4,-4,1,14,2,8,17,-2,3,12,-5,-5,-8,5,sil
4.521265745162964,1,0,6,19,5,15,26,-4,19,25,2,0,13,16,sil
4.536975622177124,2,-7,-8,4,6,2,18,-3,13,23,-3,-4,15,11,sil
4.536975622177124,-2,-15,-12,-15,-2,-11,0,-1,2,5,-17,-12,0,4,sil
4.55213189125061,-5,-14,-17,-19,-4,-7,-1,1,8,1,-15,-10,3,9,sil
4.55213189125061,-1,-11,-7,-21,1,0,6,4,12,6,-5,-2,15,13,sil
4.56755805015564,-1,-11,-6,-24,2,-4,8,1,11,7,3,-1,15,9,sil
4.56755805015564,0,-12,-9,-24,0,-10,4,1,12,0,3,0,10,6,sil
4.582954406738281,1,-11,-1,-24,-2,-8,0,-1,8,-8,-5,-1,6,5,sil
4.582954406738281,-3,-8,-7,-22,0,-11,-5,-4,10,-5,-9,-6,2,0,sil
4.598594665527344,-4,-1,-3,-25,-1,-17,-16,0,16,3,-1,0,0,-4,sil
4.598594665527344,-3,0,0,-25,-14,-14,-25,1,4,0,2,3,1,-10,sil
4.614233732223511,-7,-10,-7,-19,-16,-10,-19,-1,-8,-16,0,-1,-5,-19,sil
4.614233732223511,-10,-8,-4,-19,-8,-6,-16,-1,-21,-32,-8,-1,-21,-25,sil
4.629732131958008,-5,2,-5,-12,-7,-6,-21,-6,-34,-34,-10,-4,-21,-24,sil
4.629732131958008,1,15,11,3,-6,-8,-19,-5,-32,-25,0,0,-5,-13,sil
4.645151615142822,4,20,18,4,-2,-6,-12,-1,-19,-12,8,11,-1,-7,sil
4.645151615142822,0,14,3,4,0,-2,-11,-2,-22,-10,0,1,-13,-14,sil
4.661170482635498,3,16,12,21,5,8,-1,1,-23,-7,-2,-2,-12,-14,sil
4.661170482635498,9,17,11,31,12,21,8,6,-5,5,10,1,2,0,sil
4.67713737487793,7,9,8,20,11,22,0,5,-3,4,10,-1,4,10,sil
4.67713737487793,3,11,6,22,13,20,-6,0,-7,1,0,-4,2,6,sil
4.693171501159668,0,6,0,33,20,15,9,0,3,23,-2,-6,6,6,sil
4.693171501159668,-8,-11,2,24,18,19,27,0,20,39,0,-10,1,14,sil
4.708491325378418,-12,-9,-6,17,12,27,36,1,34,34,12,-5,-1,15,sil
4.708491325378418,0,3,-6,14,6,12,30,4,35,29,12,7,3,13,sil
4.724335432052612,-2,-8,-3,-2,-4,-5,18,4,21,21,-4,2,0,12,sil
4.724335432052612,-11,-25,-14,-16,-14,-9,15,0,11,1,-12,-7,-2,9,sil
4.73935866355896,2,-10,0,-6,-11,-3,20,3,20,-2,0,8,9,13,sil
4.73935866355896,14,0,3,-2,-7,-1,19,9,26,1,4,13,18,13,sil
4.755884170532227,-1,-16,-10,-21,-15,-11,1,0,7,-10,-6,2,8,0,sil
4.755884170532227,-6,-17,-9,-25,-17,-20,-17,-10,-9,-22,-9,2,6,-4,sil
4.771518230438232,13,-3,0,-14,-8,-17,-19,-10,-2,-7,4,7,15,7,sil
4.771518230438232,26,6,13,-16,-6,-17,-16,2,1,0,10,15,13,13,sil
4.787046909332275,20,15,9,-7,0,-21,-15,3,-3,-7,7,18,2,0,sil
4.787046909332275,8,18,6,7,8,-11,-17,-4,-10,-16,4,1,-5,-9,sil
4.802202463150024,-4,4,2,-3,-2,0,-25,-6,-27,-23,-9,-14,-15,-18,sil
4.802202463150024,-18,-9,-20,-12,-13,-2,-29,-7,-34,-27,-24,-18,-24,-29,sil
4.817393064498901,-18,0,-10,6,0,3,-17,-6,-28,-17,-20,-20,-25,-23,sil
4.818393468856812,-14,3,-1,19,11,15,0,-3,-17,5,-11,-22,-19,-11,sil
4.834186553955078,-11,-6,-5,9,5,16,7,2,-6,23,-4,-14,-8,-4,sil
4.834186553955078,-3,-5,-3,-1,2,16,15,10,9,24,4,-2,8,3,sil
4.84822678565979,1,0,-6,-3,4,4,14,6,15,11,6,1,15,6,sil
4.84822678565979,5,0,3,-12,-4,-17,-3,0,7,1,3,9,4,0,sil
4.863422393798828,9,0,8,-14,-8,-15,-10,0,10,4,19,18,7,0,sil
4.879987955093384,14,10,12,-2,5,-1,1,1,12,4,35,26,22,9,sil
4.879987955093384,14,23,29,10,15,-2,2,-2,0,-4,26,31,17,8,sil
4.879987955093384,9,22,19,13,11,-5,-10,-1,-12,-12,12,16,0,-1,sil
4.896639347076416,0,13,13,14,8,1,-10,3,-14,-19,4,0,-13,-4,sil
4.896639347076416,-3,10,3,21,14,15,15,3,-5,-8,5,0,-10,0,sil
4.9102842807769775,0,10,-7,26,17,29,39,1,13,19,8,4,1,5,sil
4.9102842807769775,-1,0,0,14,9,31,30,4,16,25,-6,-1,1,9,sil
4.9255571365356445,-20,-19,-17,-9,-2,12,14,1,3,1,-30,-23,-13,0,sil
4.941424131393433,-26,-29,-28,-28,-11,0,11,2,2,-9,-37,-38,-20,-13,sil
4.941424131393433,-22,-25,-20,-20,-14,0,5,0,4,-3,-33,-36,-16,-12,sil
4.956839323043823,-20,-23,-18,-8,-15,-10,-7,-8,-3,-1,-30,-28,-11,-2,sil
4.956839323043823,-5,-18,-5,-13,-16,-18,-14,-10,-5,-4,-18,-10,-3,3,sil
4.972948312759399,7,-7,-2,-9,-12,-12,-14,-5,-1,-2,-5,2,6,1,sil
4.97394871711731,7,0,2,2,-7,-7,-12,2,-6,-3,0,3,9,3,sil
4.97394871711731,9,4,5,11,-6,-6,-5,5,0,1,8,10,15,16,sil
4.990042448043823,18,4,3,13,-4,-6,-3,0,12,14,19,21,24,25,sil
4.990042448043823,15,1,13,3,-1,-5,-10,-1,7,12,12,17,18,14,sil
5.007143259048462,4,0,3,-4,-1,-7,-15,3,1,-1,2,3,1,-2,sil
5.007143259048462,2,2,1,-1,-2,-4,-14,0,4,-7,7,4,-2,-4,sil
5.021199703216553,4,4,6,0,3,6,-6,0,7,4,20,11,7,2,sil
5.037128210067749,5,4,0,-6,9,6,2,3,9,14,18,10,16,3,sil
5.037128210067749,13,11,14,-2,8,4,14,3,9,10,17,15,14,2,sil
5.037128210067749,21,18,16,13,9,9,21,-3,0,0,23,12,6,1,sil
5.053309440612793,13,7,6,8,8,0,4,-2,-15,-12,3,-1,-10,-6,sil
5.053309440612793,-5,-2,-1,-5,2,-9,-12,-2,-20,-17,-17,-9,-24,-20,sil
5.067451477050781,-11,0,-9,-3,0,-6,-6,-10,-14,-4,-4,-4,-13,-23,sil
5.083117723464966,-7,2,-4,-4,0,0,3,-1,-7,-3,6,2,-4,-11,sil
5.083117723464966,-8,1,-8,-6,1,1,6,7,-1,-7,0,1,-7,-6,sil
5.098579168319702,-9,4,-4,0,4,0,7,2,-2,-6,-3,0,-7,-7,sil
5.098579168319702,-2,11,10,2,6,3,6,-1,-4,-4,-3,4,0,-1,sil
5.114210605621338,0,9,0,5,6,2,8,5,9,0,0,3,1,7,sil
5.114210605621338,0,0,-2,2,-4,-5,3,6,6,-2,-1,-7,-6,6,sil
5.129299640655518,-8,-10,-4,-2,-10,-10,-5,0,-9,-8,-12,-15,-11,-1,sil
5.129299640655518,-9,-7,-3,0,0,-1,-4,0,-3,0,-13,-9,-4,-1,sil
5.145364046096802,-1,-1,9,3,6,12,-1,6,9,8,-8,-4,0,7,sil
5.145364046096802,-2,-10,-3,-2,0,10,-9,-2,0,-3,-14,-19,-5,3,sil
5.161596775054932,-16,-19,-10,-6,-6,3,-15,-12,-14,-17,-16,-25,-9,-6,sil
5.161596775054932,-24,-15,-10,3,-4,8,-9,-4,-14,-10,-10,-16,-6,-9,sil
5.598200082778931,-4,-11,-2,-23,-13,-4,2,-1,22,14,-6,0,4,1,sil
5.598200082778931,6,0,0,6,-5,-5,1,1,24,30,4,9,18,13,sil
5.613392114639282,6,-4,-5,3,0,0,0,0,12,13,13,15,22,11,sil
5.613392114639282,1,-1,6,-28,-4,-4,-6,-2,-2,-14,11,20,11,-2,sil
5.628941535949707,9,8,7,-15,-8,-18,-17,-7,-9,-16,14,19,3,-4,sil
5.628941535949707,11,4,3,8,-11,-28,-22,-6,-21,-16,13,12,-2,-7,sil
5.644144535064697,1,3,-2,3,-15,-22,-15,-2,-24,-23,3,4,-3,-11,sil
5.659785270690918,6,6,9,-8,-13,-13,-15,2,-13,-11,12,11,7,0,sil
5.659785270690918,18,9,24,-8,-3,-6,-21,0,-10,-4,28,28,15,9,sil
5.659785270690918,5,21,8,7,12,0,-15,-4,-10,-9,18,14,5,1,sil
5.676218986511231,-10,28,-2,18,21,10,1,-1,-8,-4,-3,-10,-8,-6,sil
5.676218986511231,-3,18,2,20,18,12,10,0,-6,0,-6,-14,-9,-6,sil
5.6913251876831055,8,12,15,31,17,8,9,1,-3,-2,0,0,-3,4,sil
5.6913251876831055,7,7,16,30,16,13,13,8,7,7,-1,5,0,9,sil
5.707046508789063,0,-6,-5,9,6,16,26,5,22,18,-10,-9,0,0,sil
5.722224712371826,-3,-15,-8,-4,-4,11,23,0,15,10,-16,-18,-11,0,sil
5.722224712371826,-11,-18,-20,-12,-8,8,12,-1,0,11,-16,-10,-11,3,sil
5.738263130187988,-13,-18,-20,-19,-5,10,10,0,2,18,-8,-1,2,2,sil
5.738263130187988,0,-8,9,1,0,14,15,6,23,18,4,3,10,10,sil
5.754887104034424,5,-5,0,10,0,4,14,0,26,22,7,-1,10,10,sil
5.754887104034424,-8,-15,-15,-22,-13,-10,-1,-4,13,12,-9,-7,4,-1,sil
5.754887104034424,-5,-10,-11,-28,-11,-11,-13,0,14,-5,-13,-8,3,-3,sil
5.769953966140747,15,1,-2,-1,2,-6,-10,0,18,-4,0,0,9,7,sil
5.785935163497925,12,0,7,1,3,-7,-9,-1,5,0,6,5,3,4,sil
5.785935163497925,-4,-9,-3,-16,-6,-11,-19,-3,-13,-19,3,-2,-10,-11,sil
5.785935163497925,-8,-9,-7,-27,-9,-19,-28,-7,-36,-38,0,0,-15,-14,sil
5.800321817398071,-4,-2,-5,-14,0,-20,-20,-8,-47,-36,2,7,-14,-9,sil
5.815808534622192,-2,7,0,3,2,-16,-7,2,-29,-19,1,0,-14,-14,sil
5.815808534622192,0,20,18,3,-3,-5,-3,10,-10,-3,0,4,-3,-11,sil
5.831329107284546,0,19,14,12,-3,0,-1,4,-7,3,5,16,5,0,sil
5.831329107284546,3,14,9,25,6,7,2,1,-9,-2,8,6,-2,2,sil
5.846218109130859,0,14,6,23,13,21,8,-2,-7,-6,0,-8,-10,-3,sil
5.846218109130859,-9,2,-6,18,9,22,15,-8,-9,0,-7,-13,-4,-8,sil
5.861354827880859,-13,-9,-6,13,-1,11,11,-1,-7,4,-12,-11,-1,-4,sil
5.861354827880859,-6,-8,-6,9,-5,10,7,4,8,17,-6,-14,0,5,sil
5.876973867416382,11,-1,1,8,-1,16,13,5,20,25,-1,-9,6,13,sil
5.876973867416382,13,-3,4,5,2,8,16,2,31,23,1,1,21,18,sil
5.893019437789917,-2,-12,-8,-10,0,-13,1,-1,34,16,2,4,25,15,sil
5.893019437789917,-3,-13,-2,-23,-5,-22,-11,-1,15,3,0,7,8,5,sil
5.908396482467651,12,-3,1,-19,-3,-13,-7,-3,1,-6,8,17,7,4,sil
5.908396482467651,19,7,11,-10,1,-8,-8,-3,3,-2,25,30,18,10,sil
5.923963308334351,10,12,17,-2,0,-9,-17,1,1,2,22,24,10,2,sil
5.923963308334351,-1,15,0,3,4,-1,-8,1,-1,-2,9,1,-4,-8,sil
5.93998122215271,-7,10,0,8,11,16,11,0,0,0,2,-10,-9,-3,sil
5.93998122215271,-9,-5,-7,6,5,21,13,0,-1,12,-10,-17,-16,-3,sil
5.95503306388855,-11,-19,-14,-3,-8,8,2,-1,0,6,-25,-18,-21,-6,sil
5.95503306388855,-5,-18,-2,-15,-13,0,2,-2,1,-9,-22,-9,-8,0,sil
5.971057176589966,5,-9,-1,-15,-7,-4,3,0,0,-8,-11,-2,0,0,sil
5.971057176589966,8,2,4,-14,-7,-14,-6,8,0,-12,-1,10,0,-1,sil
5.98664665222168,0,9,0,-7,-9,-20,-17,1,-6,-15,11,18,3,-7,sil
5.98664665222168,0,11,-1,11,2,-6,-14,-4,-17,-7,9,2,1,-13,sil
6.002433300018311,0,15,7,26,19,17,5,5,-17,-4,-4,-8,-10,-11,sil
6.002433300018311,-10,7,-6,18,16,22,25,3,-10,-9,-12,-13,-18,-5,sil
6.01752495765686,-16,-11,-9,2,0,11,17,-3,-13,-3,-18,-17,-17,0,sil
6.01752495765686,0,-14,-5,0,-5,-2,3,0,-3,10,-10,-8,0,7,sil
6.039926528930664,14,-2,-2,-6,-6,-16,-3,5,14,13,7,10,19,17,sil
6.039926528930664,15,0,8,-17,-12,-19,-12,0,21,1,17,17,19,14,sil
6.039926528930664,9,0,6,-7,-6,-8,-15,0,14,-5,21,12,8,3,sil
6.049018859863281,2,13,15,14,9,5,-2,6,4,4,23,12,7,1,sil
6.064404726028442,-2,18,10,30,21,16,9,1,0,14,10,-1,7,4,sil
6.064404726028442,-2,1,-7,25,12,15,5,-12,-6,6,-10,-19,-2,0,sil
6.080402851104736,0,-9,-1,7,-1,6,-1,-8,-12,6,-13,-13,-5,3,sil
6.080402851104736,-1,-7,0,-4,-5,-6,-2,-1,-3,13,0,0,5,14,sil
6.096279621124268,-2,-8,-3,-13,-7,-9,-3,-3,0,-6,-3,-1,4,7,sil
6.096279621124268,-3,-12,-12,-18,-15,-3,-3,-5,-6,-26,-17,-11,-9,-18,sil
6.111430644989014,-3,-10,-17,-18,-13,-9,-2,0,0,-11,-12,-3,-11,-25,sil
6.111430644989014,-2,0,-2,-21,-5,-16,-10,6,7,-1,4,14,-2,-9,sil
6.127423048019409,-4,0,-4,-17,-1,-7,-12,3,1,-6,14,16,3,-3,sil
6.127423048019409,-5,-3,1,-5,6,5,-5,0,-7,-8,8,5,0,-9,sil
6.142393589019775,-12,3,3,0,10,9,-5,-1,-13,-10,-6,-7,-18,-18,sil
6.142393589019775,-21,10,-8,-2,-1,3,-3,0,-17,-16,-19,-23,-26,-24,sil
6.157528162002564,-14,5,2,5,0,2,11,1,-13,-7,-15,-16,-8,-14,sil
6.157528162002564,0,4,6,23,18,12,24,3,2,14,1,0,10,5,sil
6.1732237339019775,2,4,4,21,13,17,20,4,10,21,2,-2,3,12,sil
6.1732237339019775,5,-1,6,5,-3,16,20,-1,19,27,-5,-5,0,11,sil
6.189269304275513,18,-2,7,3,-1,8,21,-1,39,40,3,7,26,27,sil
6.189269304275513,31,5,19,9,-1,-7,4,7,41,30,26,30,43,41,sil
6.205424070358276,31,1,10,-7,-10,-19,-17,1,19,0,28,34,24,28,sil
6.205928802490234,25,-2,7,-27,-10,-15,-20,-2,0,-13,14,27,3,13,sil
6.22118091583252,18,8,14,-6,0,-9,-13,7,-7,-7,18,22,4,13,sil
6.22118091583252,8,14,2,25,6,-5,-13,3,-12,-15,17,8,-1,5,sil
6.236493825912476,-1,7,0,22,4,2,-6,-5,-16,-22,-7,-3,-24,-6,sil
6.236493825912476,-11,-1,-6,4,0,2,5,-3,-16,-11,-12,-13,-23,-16,sil
6.252038955688477,-14,-7,-16,0,0,1,6,1,-14,-5,-3,-22,-8,-20,sil
6.252038955688477,-10,-2,-9,3,5,15,7,-1,-5,-3,-13,-19,-7,-10,sil
6.267403364181519,-15,-4,-14,2,3,16,12,-6,8,12,-21,-16,-7,-4,sil
6.283970594406128,-26,-20,-17,-13,-7,0,0,-2,1,9,-23,-22,-3,-14,sil
6.283970594406128,-23,-20,-21,-21,-6,-2,-7,0,-7,-2,-26,-24,-5,-18,sil
6.283970594406128,-8,-6,-10,-16,1,-5,-2,-3,-2,-4,-13,-8,-1,-7,sil
6.298068523406982,0,-1,4,-17,-4,-21,-10,-3,-1,-3,1,10,8,0,sil
6.298068523406982,0,-1,0,-15,-9,-22,-24,-4,-9,-7,5,13,9,-3,sil
6.31332802772522,2,12,11,0,2,-8,-25,-5,-19,-16,11,12,-2,-7,sil
6.31332802772522,2,20,10,9,10,0,-18,-2,-30,-22,21,5,-11,-12,sil
6.331265211105347,-2,11,0,11,4,8,-2,0,-31,-13,12,-3,-13,-13,sil
6.331265211105347,0,4,9,20,1,22,18,3,-11,5,-1,-3,-4,0,sil
6.344420671463013,6,0,3,19,0,19,28,8,15,14,-1,-2,5,15,sil
6.359447479248047,1,-7,0,-3,-8,11,25,12,28,13,-3,-4,7,17,sil
6.359447479248047,0,-11,-1,-9,-6,10,29,10,32,21,-7,-2,9,15,sil
6.375146389007568,13,-9,-4,7,2,1,28,1,34,28,-7,3,14,18,sil
6.375146389007568,16,-7,2,4,0,-10,7,-2,25,12,-7,5,12,15,sil
6.390250205993652,0,-12,-8,-13,-10,-15,-12,-3,7,-1,-3,0,6,0,sil
6.390250205993652,-4,-7,-1,-14,-7,-13,-11,0,-2,0,12,3,0,-4,sil
6.4062113761901855,5,8,13,-4,8,-4,0,-1,0,-3,19,12,-1,0,sil
6.4062113761901855,5,15,5,0,16,-2,-3,-5,-5,-18,3,11,-2,-5,sil
6.42130970954895,-5,18,5,6,0,-8,-19,0,-15,-19,-3,3,-4,-11,sil
6.42130970954895,-4,20,1,9,-8,-3,-19,0,-5,-9,6,-1,-3,-5,sil
6.437166213989258,5,13,1,3,9,8,-11,0,0,-6,14,1,-2,-1,sil
6.437166213989258,2,7,2,7,22,7,-8,0,-4,0,14,6,0,-5,sil
6.452430725097656,2,5,0,21,13,1,0,2,0,6,7,1,1,0,sil
6.452775716781616,7,-4,3,16,4,11,9,3,4,6,-8,-7,-3,10,sil
6.468393802642822,-7,-19,-13,-4,4,12,10,0,0,7,-21,-19,-12,0,sil
6.468393802642822,-21,-23,-15,-19,-1,7,8,-2,-5,5,-19,-18,-12,-4,sil
6.483426809310913,-9,-13,-3,-13,-11,9,16,-1,3,11,-8,-6,1,5,sil
6.483426809310913,-1,-10,-3,-5,-13,1,16,-4,10,27,-3,-5,11,8,sil
6.499290704727173,-7,-12,1,-14,-7,-1,3,-2,6,23,-12,-8,0,0,sil
6.499290704727173,-3,-6,-3,-17,-4,0,-1,0,9,2,-6,0,-3,0,sil
6.5147764682769775,16,9,1,-8,-8,-10,-5,0,9,-14,16,19,12,6,sil
6.5147764682769775,26,15,15,0,-9,-24,-17,-3,-4,-22,27,30,22,6,sil
6.5311572551727295,11,7,10,0,-12,-26,-24,-9,-19,-24,14,19,7,-6,sil
6.5311572551727295,0,8,12,0,-14,-26,-26,-3,-26,-26,2,12,-9,-14,sil
6.546658039093018,3,13,6,0,-5,-14,-22,3,-21,-22,1,14,-5,-8,sil
6.546658039093018,3,14,2,15,7,6,-7,7,-6,-9,7,9,7,0,sil
6.562484979629517,-3,9,6,22,9,12,5,6,-3,1,12,2,7,3,sil
6.562484979629517,-7,-3,-7,10,1,1,3,1,-9,2,6,-4,-2,0,sil
6.57802152633667,-10,-10,-6,1,2,6,5,0,-9,0,-7,-11,-15,-7,sil
6.57802152633667,-11,-3,-8,7,17,20,15,0,0,2,-11,-18,-16,-8,sil
6.593953847885132,-8,-5,-10,11,15,13,13,1,0,-1,-15,-22,-13,-6,sil
6.593953847885132,-5,-8,-4,4,1,7,12,3,1,0,-19,-14,-13,-4,sil
6.60949444770813,5,-4,-6,9,8,19,26,2,16,23,-3,-4,-1,4,sil
6.60949444770813,16,0,6,13,12,23,22,2,21,32,2,1,9,19,sil
6.625088691711426,8,1,4,8,0,9,7,0,15,13,-11,-2,6,13,sil
6.625088691711426,-3,-2,-12,-3,-1,-1,7,0,13,7,-14,-7,0,0,sil
6.640128612518311,-3,0,-6,-6,0,0,6,0,18,15,-1,-3,6,5,sil
6.640128612518311,-5,-4,-8,-9,-5,0,-1,-5,11,4,-9,-13,3,1,sil
6.655330181121826,-16,-16,-11,-31,-11,-10,0,-3,-2,-13,-30,-24,-14,-14,sil
6.655330181121826,-20,-19,-13,-44,-13,-15,0,1,2,-11,-24,-20,-13,-13,sil
6.67102837562561,-10,-9,-13,-31,-12,-20,-11,-5,9,-3,-5,-7,2,0,sil
6.67102837562561,3,0,-1,-17,-6,-18,-17,-4,-3,-5,1,7,7,0,sil
6.685966968536377,13,7,6,-10,4,-5,-11,3,-5,2,20,18,15,1,sil
6.685966968536377,8,10,18,-7,7,-1,-14,3,3,3,43,25,26,8,sil
6.701352834701538,-1,6,11,-10,-1,-8,-20,-5,-8,-14,37,18,16,1,sil
6.701352834701538,0,1,0,-4,-6,-14,-22,-6,-24,-25,16,7,-2,-10,sil
6.716699123382568,5,9,15,7,-3,-11,-22,-1,-22,-16,14,16,-12,-7,sil
6.716699123382568,9,16,14,18,0,-3,-11,0,-10,-3,26,31,-5,3,sil
6.732821941375732,17,20,20,33,3,3,0,2,-7,0,26,29,2,8,sil
6.733827352523804,19,20,26,44,6,9,3,3,-5,-2,12,12,0,2,sil
6.748429298400879,6,11,5,34,7,9,9,1,-6,-9,-3,-4,-10,-6,sil
6.748429298400879,0,9,5,26,9,13,15,1,-7,-7,-14,0,-9,-3,sil
6.763988494873047,3,12,9,38,13,17,18,2,3,8,-5,3,2,6,sil
6.763988494873047,4,1,3,26,13,20,21,5,19,27,5,0,9,16,sil
6.779815435409546,0,-7,-5,2,10,20,26,7,25,40,-1,-6,5,15,sil
6.779815435409546,-10,-13,-18,-3,-1,11,24,1,20,27,-26,-24,-5,0,sil
6.7957048416137695,-14,-18,-20,-11,-15,4,17,-2,11,0,-35,-30,-13,-6,sil
6.7957048416137695,-7,-23,-28,-21,-14,1,8,-7,0,-4,-19,-16,-5,-1,sil
6.810249328613281,-9,-27,-23,-26,-17,-8,-4,-6,-14,-1,-21,-12,-5,-3,sil
6.810249328613281,-16,-22,-12,-31,-20,-13,-11,2,-16,-10,-31,-20,-14,-11,sil
6.825359344482422,-6,-9,-10,-23,-4,-12,-5,2,1,-5,-7,-9,0,-4,sil
6.842067956924439,0,-5,4,-14,4,-9,-6,-4,13,9,14,7,13,2,sil
6.842067956924439,-7,-15,-2,-21,-4,-9,-11,-6,9,7,0,0,2,-3,sil
6.842067956924439,-3,-8,-7,-24,-5,-9,-8,1,0,-13,-16,-6,-3,-2,sil
6.8564817905426025,6,3,1,-20,-2,-6,-13,2,-10,-22,0,4,8,5,sil
6.872175455093384,-1,-2,-7,-19,-8,-12,-28,-3,-14,-14,17,7,14,-1,sil
6.872175455093384,-6,0,7,-15,-10,-20,-30,-2,-16,-16,4,2,0,-16,sil
6.887147665023804,5,16,18,-1,1,-6,-9,3,-6,-9,2,1,-4,-7,sil
6.887147665023804,12,22,7,11,14,13,6,5,12,8,22,9,3,14,sil
6.902476787567139,12,29,8,22,19,12,0,-1,12,-3,24,19,8,15,sil
6.902476787567139,13,34,9,30,23,-3,-10,-10,-12,-22,9,12,0,-2,sil
6.917961120605469,16,26,24,31,28,2,2,-1,-17,0,16,7,0,-6,sil
6.917961120605469,8,21,17,40,25,22,21,5,6,19,23,5,5,-1,sil
8.711312770843506,-3,0,-1,1,7,0,-3,0,-3,-7,-3,-2,-3,-12,thankyou
8.711312770843506,0,13,2,20,17,4,2,2,-5,-8,1,-1,0,-7,thankyou
8.72700834274292,5,14,1,31,16,8,11,0,1,4,15,2,15,4,thankyou
8.72700834274292,3,0,7,14,0,4,6,0,0,10,11,2,20,8,thankyou
8.742119073867798,-6,-9,0,0,-13,0,-4,-1,-20,-2,-4,-8,7,0,thankyou
8.742119073867798,-13,-5,0,4,-9,4,0,-3,-29,-8,-13,-21,-1,-4,thankyou
8.757746934890747,-11,-5,0,4,-1,19,17,0,-6,4,-15,-22,2,0,thankyou
8.757746934890747,-8,-15,-8,-2,-5,21,18,5,11,17,-17,-17,8,5,thankyou
8.773413896560669,-4,-13,-2,-7,-10,8,11,2,5,19,-6,-3,10,15,thankyou
8.773413896560669,1,-5,1,-1,-2,3,15,-1,10,17,1,2,12,19,thankyou
8.78893780708313,-1,-5,4,-7,0,6,13,3,13,8,-7,-7,4,10,thankyou
8.78893780708313,-16,-15,-11,-26,-12,0,0,2,5,-1,-14,-23,-6,-1,thankyou
8.805022716522217,-13,-21,-23,-30,-20,-9,-3,-5,14,-6,-5,-20,-2,-1,thankyou
8.805022716522217,9,-11,3,-15,-8,-3,1,-1,25,5,6,5,15,10,thankyou
8.820118427276611,14,-1,1,-8,-2,-10,0,5,8,19,9,17,21,15,thankyou
8.820118427276611,0,-11,-14,-25,-12,-16,-9,0,-2,0,-4,11,0,1,thankyou
8.837252855300903,-1,-13,0,-21,-10,-4,-17,-8,6,-20,-13,8,-11,-5,thankyou
8.837252855300903,13,5,10,2,4,-1,-17,-6,9,-14,0,10,2,2,thankyou
8.852378368377686,17,16,13,3,6,-12,-16,1,1,-8,9,14,6,2,thankyou
8.852378368377686,4,10,-3,-8,2,-13,-14,0,-3,-11,10,15,-8,-12,thankyou
8.867457151412964,3,13,2,-2,11,-9,-3,2,-4,-1,14,22,-8,-6,thankyou
8.867457151412964,15,21,18,6,13,-4,10,5,1,7,20,25,7,5,thankyou
8.881845951080322,10,15,6,5,1,-3,8,-3,-3,2,15,8,3,-6,thankyou
8.897407293319702,-2,6,4,3,1,-7,-4,-2,-20,-8,5,0,-14,-20,thankyou
8.897407293319702,0,8,5,14,10,-4,-6,1,-18,-13,7,0,-12,-14,thankyou
8.913257122039795,5,15,4,27,9,6,0,1,-7,-8,10,-3,-3,-7,thankyou
8.91425609588623,-1,14,4,24,12,18,1,-1,-10,0,2,-6,-9,-10,thankyou
8.91425609588623,-4,3,0,25,18,13,-2,-4,-8,4,-4,-6,-9,-11,thankyou
8.92834758758545,1,1,7,27,10,3,-2,0,-1,9,-5,-4,-2,-4,thankyou
8.943994998931885,-7,0,-4,17,2,8,2,0,-3,12,-3,-9,-1,-2,thankyou
8.943994998931885,-15,-4,-13,4,4,14,6,-3,-9,2,-4,-12,-3,-2,thankyou
8.959086418151855,-9,-4,5,9,0,12,10,0,1,-2,-4,-1,6,11,thankyou
8.959086418151855,-8,-4,-1,7,-6,4,19,5,14,2,-1,-2,11,23,thankyou
8.974645614624023,-13,-12,-8,-10,-11,1,17,1,2,-1,-12,-15,-3,14,thankyou
8.974645614624023,-5,-10,-7,-8,-11,9,14,0,5,5,-14,-15,-7,8,thankyou
8.990262269973755,4,-1,-4,4,-8,7,6,4,25,18,-4,-3,9,12,thankyou
8.990262269973755,0,-4,0,-6,-8,-5,-6,3,15,3,-3,2,14,7,thankyou
9.005401134490967,-3,-18,-15,-28,-10,-2,-1,-5,-8,-3,-5,1,6,2,thankyou
9.005401134490967,-1,-26,-13,-35,-19,0,9,-10,-10,2,-15,-3,-1,6,thankyou
9.0210120677948,-7,-22,-11,-34,-21,-3,0,-4,2,-9,-29,-20,-14,-2,thankyou
9.0210120677948,-7,-10,-10,-23,-8,-1,-9,2,15,-17,-16,-18,-10,-9,thankyou
9.03644347190857,3,-3,0,-11,0,-2,-10,6,17,-4,6,4,8,2,thankyou
9.03644347190857,6,-5,-7,-16,-8,-21,-20,-1,3,0,10,8,11,0,thankyou
9.052380084991457,6,5,3,-13,-6,-27,-26,0,-11,-6,14,6,2,-6,thankyou
9.052380084991457,16,22,22,7,14,-16,-8,3,-15,0,26,18,4,0,thankyou
9.06800365447998,15,13,13,7,17,-9,0,0,-13,1,22,19,2,-1,thankyou
9.06800365447998,5,5,12,-4,2,-4,-6,-1,-15,-9,4,10,-2,-7,thankyou
9.083033800125122,4,17,10,12,10,-2,-7,1,-6,-13,0,0,-2,-6,thankyou
9.083033800125122,8,22,11,27,26,2,1,5,13,3,3,1,0,-5,thankyou
9.099155902862549,4,9,4,17,18,12,8,4,21,21,8,10,4,-4,thankyou
9.099155902862549,-3,3,0,13,5,6,5,-4,1,15,9,4,0,-2,thankyou
9.11434245109558,-8,7,7,17,2,0,0,-10,-15,0,1,-4,-11,-4,sil
9.11434245109558,-12,0,-8,7,-1,3,-1,-6,-11,-1,-7,-11,-7,-10,sil
9.130321025848389,-10,-11,-8,-2,-7,7,-2,0,-9,0,-7,-7,-3,-3,sil
9.130321025848389,-1,0,3,6,1,13,5,0,-5,2,3,3,-1,8,sil
9.144977569580078,0,3,-5,8,5,15,18,-1,1,0,-1,0,-1,7,sil
9.144977569580078,-5,-9,-7,-6,-3,6,19,3,5,-9,-20,-10,-7,2,sil
9.161094903945925,-9,-14,-13,-11,-5,4,19,2,12,-1,-13,-10,0,3,sil
9.161094903945925,-6,-10,-7,-6,-2,9,19,0,11,12,-3,-4,9,5,sil
9.176378726959229,1,-8,6,0,-1,13,13,7,8,16,-6,1,7,11,sil
9.176378726959229,16,-2,3,2,4,5,5,11,21,22,11,16,26,24,sil
9.192272663116457,23,4,8,-4,0,-10,-4,1,18,14,26,29,37,21,sil
9.192272663116457,9,2,1,-15,-22,-24,-19,-10,-10,-16,4,17,10,-2,sil
9.207661628723145,-1,0,-5,-13,-26,-29,-29,-4,-26,-38,-9,2,-13,-17,sil
9.207661628723145,-4,1,2,-6,-15,-26,-33,2,-27,-33,1,0,-18,-22,sil
9.223360300064089,-12,-2,0,3,-11,-13,-26,0,-21,-14,1,-6,-23,-25,sil
9.223360300064089,-6,8,12,23,3,8,-9,0,-1,3,2,-1,-14,-5,sil
9.239006757736206,16,28,22,53,31,21,7,2,17,12,21,6,3,13,sil
9.239006757736206,19,22,10,49,29,18,11,-1,11,12,20,1,3,11,sil
9.257068872451782,3,4,0,10,5,13,7,-1,1,11,0,-3,0,8,sil
9.257068872451782,-2,-2,-9,-6,3,8,12,0,3,9,-6,-7,0,4,sil
9.270225048065186,-4,-3,-6,0,8,6,14,-5,-3,3,-16,-17,-5,-2,sil
9.270225048065186,-14,-7,-13,-8,2,5,3,-6,-9,-2,-31,-31,-16,-6,sil
9.285395622253418,-19,-19,-21,-30,-7,-4,-3,0,-4,-10,-33,-31,-17,-9,sil
9.285395622253418,-21,-29,-14,-42,-14,-11,0,3,-3,-10,-23,-20,-10,-12,sil
9.301977634429932,-21,-28,-23,-35,-11,-4,5,5,-2,-3,-20,-23,-3,-9,sil
9.302986145019531,-13,-15,-13,-29,-4,-2,8,6,7,0,-19,-18,-1,-1,sil
9.317018032073976,-1,-11,-4,-37,-6,-7,3,0,16,5,0,1,10,8,sil
9.318017959594728,8,-10,-5,-39,-13,-17,-10,-3,11,9,19,19,23,14,sil
9.33284068107605,16,6,5,-23,-11,-16,-20,0,3,-2,23,28,12,8,sil
9.34946322441101,17,17,8,-8,-1,-3,-17,-3,0,-10,26,26,0,-2,sil
9.34946322441101,5,16,13,-1,2,2,-7,-1,-4,-2,26,15,1,-7,sil
9.34946322441101,-1,17,15,13,9,0,0,3,-8,3,14,8,4,-5,sil
9.364015340805054,3,14,12,29,19,2,5,3,-5,1,4,6,2,-3,sil
9.380043268203735,2,11,19,33,16,17,10,1,-11,0,0,1,0,-2,sil
9.381042242050173,-6,4,4,42,8,21,15,0,-7,5,-5,-3,-1,0,sil
9.381042242050173,0,0,2,46,11,17,23,3,12,15,0,7,4,11,sil
9.395169973373411,8,0,13,35,11,13,30,4,27,20,11,19,16,21,sil
9.411925077438354,8,0,9,22,-3,0,16,-2,28,17,9,18,16,20,sil
9.411925077438354,12,1,7,12,-11,-14,-9,-3,17,2,5,25,11,9,sil
9.411925077438354,13,9,-5,4,-4,-18,-22,-3,-2,-13,7,19,7,-10,sil
9.427386283874512,10,13,-2,2,-4,-16,-25,-5,-23,-16,0,-3,-6,-19,sil
9.428387641906738,9,14,9,11,0,-4,-14,0,-17,-5,0,-10,-8,-9,sil
9.443418264389038,0,2,-5,7,3,5,0,1,-11,-10,-2,-15,-10,-10,sil
9.443418264389038,-13,-10,-7,-7,-4,8,2,-4,-24,-20,-25,-28,-27,-14,sil
9.457911729812622,-8,-12,-6,-10,-6,7,4,-2,-15,0,-21,-20,-17,5,sil
9.457911729812622,1,-12,-11,-12,-1,2,3,3,13,18,1,1,4,23,sil
9.473937273025513,-4,-15,-11,-32,-11,-8,-11,2,9,-4,-5,-3,0,8,sil
9.473937273025513,-6,-10,-8,-41,-15,-21,-20,-4,-18,-28,-12,-11,-6,-6,sil
9.48802661895752,0,7,8,-24,-1,-11,-9,-3,-21,-25,7,2,-2,-5,sil
9.505642652511597,-5,10,0,0,9,15,9,2,0,0,13,0,-1,-2,sil
9.505642652511597,-16,-3,-5,4,4,21,18,10,7,20,-3,-17,0,1,sil
9.505642652511597,-16,-15,-6,-12,-8,4,5,5,5,15,-13,-17,-1,3,sil
9.519460916519163,-12,-17,-22,-28,-13,-3,-7,-4,9,5,-10,-7,-3,3,sil
9.535365104675291,-2,-9,-6,-29,-10,-1,-10,-3,1,5,0,5,0,3,sil
9.535365104675291,6,2,8,-5,0,-3,-7,-3,0,0,9,11,3,-6,sil
9.550444841384888,4,16,6,21,16,0,-2,-3,9,-6,10,3,0,-14,sil
9.550444841384888,1,17,9,27,26,11,5,5,11,3,7,1,-1,-5,sil
9.566133260726929,2,3,4,24,16,6,15,7,8,19,2,1,0,0,sil
9.566133260726929,0,-3,7,23,5,0,18,1,10,15,-9,-3,2,-1,sil
9.581297397613524,-7,-2,-4,13,3,7,18,-6,2,5,-15,-8,-1,-5,sil
9.581297397613524,-11,-9,-19,-3,0,4,14,-8,-10,0,-17,-11,-7,-5,sil
9.597060203552246,-6,-11,-4,-9,-4,-6,1,-1,-3,-5,-22,-8,-2,1,sil
9.597060203552246,7,-4,1,-1,0,-12,-5,3,17,-3,-8,4,12,8,sil
9.61235785484314,22,4,13,4,2,-9,-2,7,24,2,17,24,25,20,sil
9.61235785484314,23,11,16,0,-2,-11,-5,4,14,0,25,25,26,22,sil
9.62831974029541,15,4,3,-7,-12,-20,-14,1,1,-9,19,12,13,5,sil
9.62831974029541,14,0,4,-8,-18,-16,-13,3,-10,-7,16,12,1,-1,sil
9.64396357536316,7,4,0,-8,-10,-2,-10,-3,-18,-7,14,7,0,-3,sil
9.64396357536316,-2,11,1,-8,-2,6,-12,-4,-24,-18,11,0,-4,-14,sil
9.659071922302246,-1,11,5,0,3,13,-3,1,-18,-10,15,7,-6,-14,sil
9.659071922302246,3,9,7,11,8,11,7,-2,-5,13,13,4,1,-3,sil
9.674331188201904,-4,9,10,11,4,5,4,-6,-5,8,-4,-11,-7,-7,sil
9.674331188201904,-20,0,-5,7,2,10,-1,-3,-13,-7,-15,-20,-27,-16,sil
9.690433025360107,-21,-7,-4,2,5,10,-3,1,-16,-7,-15,-14,-24,-11,sil
9.690433025360107,-10,-1,4,8,3,0,0,4,-2,1,-9,-3,-6,0,sil
9.70643663406372,-5,0,-3,17,0,0,5,2,5,6,-5,-1,-2,8,sil
9.70643663406372,-8,-5,-3,5,1,13,12,-1,1,8,-14,-5,-8,11,sil
9.72224235534668,-1,-7,-11,0,3,14,15,-3,2,7,-16,-7,-5,12,sil
9.72224235534668,9,-9,-6,1,0,1,14,0,13,7,-4,1,5,19,sil
9.738246440887451,6,-14,-1,2,0,-2,16,5,19,13,0,0,13,19,sil
9.738246440887451,4,-11,-9,0,4,0,12,0,15,13,-5,-5,12,11,sil
9.753429889678957,12,-3,4,-7,-1,-6,0,0,11,4,-5,4,10,12,sil
9.753429889678957,3,-9,0,-23,-17,-15,-14,0,10,-4,-3,6,11,8,sil
9.768426656723022,-10,-17,-17,-32,-25,-13,-26,-4,-6,-19,-11,-3,-2,-11,sil
9.768426656723022,-7,-4,-13,-26,-12,-11,-24,-2,-17,-24,-7,-3,-14,-23,sil
9.78397250175476,0,10,-2,-10,5,-11,-9,-1,-2,-7,12,5,0,-16,sil
9.78397250175476,1,11,13,-7,3,-7,-8,-1,2,0,21,10,11,-9,sil
9.79915189743042,4,7,6,-8,-1,-6,-14,0,-4,-10,14,7,5,-13,sil
9.79915189743042,3,15,3,2,6,-8,-8,0,-3,-12,11,2,-2,-13,sil
9.81525993347168,-1,24,10,16,13,-2,1,0,0,1,16,3,-2,-6,sil
9.81525993347168,-1,16,2,18,9,0,4,5,3,10,19,5,1,-6,sil
9.831299781799316,1,5,10,14,6,4,-3,3,0,-3,8,1,-4,-7,sil
9.831299781799316,0,3,9,21,9,13,0,-5,-9,-8,-8,-10,-11,-2,sil
9.846370935440063,2,2,0,25,12,21,18,1,-8,7,-10,-10,-7,1,sil
9.846370935440063,8,1,4,19,12,29,27,9,4,25,3,1,7,11,sil
9.862204790115356,4,-1,-4,13,5,22,21,0,12,30,2,-1,16,21,sil
9.862204790115356,0,-8,1,9,-3,5,12,-2,7,18,-16,-12,2,14,sil
9.877567291259766,0,-7,7,6,-3,4,13,2,3,10,-14,-6,-2,5,sil
9.877567291259766,0,-6,0,0,-4,9,17,5,9,23,0,3,12,18,sil
9.8939847946167,0,-12,-4,-11,-13,0,11,2,17,23,-1,2,12,29,sil
9.8939847946167,-1,-22,-20,-20,-16,-10,0,-3,7,-10,-12,-8,-5,6,sil
9.90813446044922,-9,-15,-12,-22,-8,-13,-2,0,-5,-34,-18,-7,-13,-11,sil
9.90813446044922,-5,-3,0,-17,0,-13,-3,5,-1,-21,-10,3,-7,-1,sil
9.923326253890991,0,-8,-5,-20,-2,-14,-14,-4,-2,-13,-6,5,-8,0,sil
9.924325466156006,-8,-15,-9,-28,-13,-16,-25,-10,-14,-24,-14,1,-14,-16,sil
9.93934726715088,-9,-2,-9,-16,-12,-15,-22,-6,-6,-16,-1,2,-3,-15,sil
9.93934726715088,0,10,4,-6,-1,-10,-19,-1,0,-9,11,2,5,-2,sil
9.955183744430542,-3,0,0,-23,-7,-11,-22,-4,-14,-19,-5,-6,-7,-18,sil
9.955183744430542,-5,-2,-6,-23,-12,-11,-20,-1,-23,-16,-7,-5,-12,-30,sil
9.970300674438477,13,23,19,10,6,0,-6,4,-14,1,26,13,5,-9,sil
9.970300674438477,23,37,19,40,21,8,5,2,0,14,41,18,15,6,sil
9.985490083694458,13,23,10,39,14,7,2,4,-1,11,32,16,14,5,sil
10.001034259796144,6,17,9,31,15,6,2,5,-12,5,34,20,19,11,sil
10.001034259796144,5,15,5,24,24,7,16,0,-4,4,23,10,15,18,sil
10.018842220306396,4,9,12,22,18,12,22,0,15,13,-4,-1,3,11,sil
10.018842220306396,0,1,1,17,5,10,3,0,18,23,-8,-6,0,2,sil
10.018842220306396,-11,-13,-7,-4,-3,0,-15,-5,1,11,-9,-11,-2,-1,sil
10.032402276992798,-19,-19,-7,-15,-6,0,-4,-1,-2,-5,-19,-15,-7,-4,sil
10.053977251052856,-13,-12,-14,-3,-2,11,18,2,13,1,-16,-13,-3,-1,sil
10.054978370666504,-5,-9,-5,-8,0,9,18,0,22,9,-11,-8,-5,0,sil
10.054978370666504,-6,-17,-6,-19,-2,5,10,0,15,0,-17,-13,-16,-6,sil
10.063058853149414,-6,-13,-7,-9,-8,4,9,1,7,-1,-21,-15,-22,-5,sil
10.079155206680298,-9,-6,-9,-4,-12,3,4,3,-1,-2,-28,-14,-19,-1,sil
10.079155206680298,-10,-12,-16,-13,-9,0,0,-2,-11,-16,-26,-12,-11,-5,sil
10.094332456588743,1,-9,1,-8,-4,-4,5,0,-5,-10,-8,1,-1,1,sil
10.094332456588743,9,1,7,8,-2,-5,5,0,3,3,0,9,4,10,sil
10.10999608039856,12,8,6,15,-2,-4,-2,0,-5,0,2,5,11,11,sil
10.10999608039856,20,11,10,10,-1,-4,1,4,-9,3,20,15,23,19,sil
10.125488996505736,21,9,-3,6,2,-2,9,5,5,23,27,20,21,19,sil
10.125488996505736,14,2,2,0,1,0,1,6,9,17,20,12,5,11,sil
10.141135931015016,0,-7,5,-11,-12,-4,-7,0,4,2,10,-1,3,0,sil
10.141135931015016,-20,-19,-12,-27,-16,-8,-17,-7,-5,-12,-6,-14,2,-15,sil
10.158554792404177,-19,-11,-10,-20,0,-6,-22,-1,-13,-18,-4,-7,-2,-16,sil
10.158554792404177,1,8,0,2,7,-9,-12,2,0,-1,17,7,3,-5,sil
10.172974109649658,7,10,8,2,2,-7,-9,-2,11,4,20,8,5,-5,sil
10.172974109649658,-2,6,-3,-5,4,-3,-17,-5,-2,-10,8,0,-3,-12,sil
10.188990354537964,-2,8,-7,-3,4,-8,-18,-3,-20,-21,-3,-3,-10,-13,sil
10.188990354537964,7,15,17,4,3,-3,-7,-1,-11,-13,0,3,-7,-5,sil
10.205044984817505,14,20,17,17,16,9,4,-3,5,6,16,12,6,4,sil
10.205044984817505,8,19,11,12,15,5,0,-4,1,5,7,10,3,1,sil
10.221072912216188,-4,11,1,-4,2,-5,-7,-2,-15,-12,-7,0,-9,-5,sil
10.221072912216188,-4,7,0,1,3,0,0,-1,-18,-12,-5,-3,-6,-3,sil
10.236833810806274,2,6,15,13,6,11,13,2,-10,-4,-14,-1,-5,0,sil
10.236833810806274,0,-4,7,9,0,20,20,4,8,5,-14,1,-4,5,sil
10.252087116241457,-2,-12,-2,8,3,23,24,10,24,18,-5,4,2,10,sil
10.252087116241457,-5,-10,-6,16,7,15,23,10,24,17,-17,-8,-3,2,sil
10.268191814422607,-14,-9,-12,12,2,4,19,4,15,10,-22,-20,-7,-4,sil
10.268191814422607,-19,-20,-6,-6,-5,7,17,2,5,13,-2,-14,7,1,sil
10.284709215164185,-21,-33,-18,-21,-16,0,12,-4,-2,12,2,-16,9,4,sil
10.284709215164185,-15,-23,-17,-16,-23,-14,0,-6,-6,3,-4,-16,-2,2,sil
10.284709215164185,-1,-5,-3,2,-14,-4,-3,1,1,4,-10,-4,0,5,sil
10.299702882766724,6,-5,-7,6,-2,4,-5,0,6,5,-8,-4,3,9,sil
10.299702882766724,3,-11,-6,-14,-10,-9,-18,-10,-1,-4,-1,0,-4,7,sil
10.31564211845398,3,-7,-5,-19,-16,-19,-24,-6,-5,-17,1,9,-4,0,sil
10.33131456375122,20,10,7,-5,4,-8,-6,6,9,-12,10,23,7,3,sil
10.33131456375122,37,29,18,1,18,-1,9,6,17,5,40,36,21,11,sil
10.346364498138428,23,20,2,-1,0,-15,-4,0,-5,-3,43,27,14,2,sil
10.346364498138428,0,4,5,-1,-13,-27,-26,-1,-23,-28,8,6,-6,-11,sil
10.361252784729004,0,11,6,0,4,-9,-20,-6,-7,-15,-4,-2,-12,-11,sil
10.361252784729004,7,16,8,5,15,9,-8,-2,0,7,1,-2,-3,0,sil
10.376967668533323,0,2,3,1,2,7,-4,10,-14,1,-7,-7,-1,-1,sil
10.376967668533323,-14,-6,-13,-9,-4,1,7,2,-11,-10,-22,-20,-10,-15,sil
10.392056703567505,-10,6,-2,-2,2,7,17,-4,0,-10,-17,-22,-14,-15,sil
10.392056703567505,-3,15,4,15,13,12,9,0,1,1,0,-11,-3,-6,sil
10.40749168395996,-4,1,3,16,12,8,-1,-1,-4,9,6,-2,5,-4,sil
10.40749168395996,2,0,13,14,7,6,-8,-5,-7,13,10,11,11,3,sil
10.422732591629028,15,10,10,23,10,7,-12,-3,3,27,25,25,18,21,sil
10.422732591629028,6,6,6,14,6,3,-9,0,5,18,8,16,2,13,sil
10.43829083442688,-16,-12,-8,-6,-10,0,0,0,-7,-9,-25,-11,-19,-13,sil
10.43829083442688,-25,-22,-15,-17,-25,0,10,1,-13,-16,-30,-23,-17,-17,sil
10.45394515991211,-24,-14,-7,-14,-15,9,23,7,0,-7,-22,-16,-7,-5,thankyou
10.45394515991211,-21,-8,-16,-9,4,17,26,8,11,-9,-25,-19,-9,-6,thankyou
10.469968318939207,-12,-11,-6,-15,5,9,17,3,11,-8,-16,-15,-8,-6,thankyou
10.469968318939207,-2,-10,-1,-10,-1,0,18,0,15,8,0,-3,5,7,thankyou
10.485501289367676,5,0,-3,8,2,-1,16,3,25,18,4,4,19,17,thankyou
10.485501289367676,13,3,11,13,4,-6,1,2,20,12,9,17,21,14,thankyou
10.50101351737976,21,0,8,0,2,-11,-6,-8,7,2,21,26,16,13,thankyou
10.50101351737976,27,1,5,-2,1,-5,-6,-5,8,7,28,28,16,20,thankyou
10.516414403915403,19,-1,-1,-2,-6,-6,-13,3,16,20,29,24,22,16,thankyou
10.516414403915403,6,-7,-7,-16,-11,-21,-30,-1,7,6,20,14,12,0,thankyou
10.531941652297974,10,8,8,-10,0,-13,-28,-2,-4,-13,9,11,-4,-3,thankyou
10.531941652297974,18,22,12,13,9,0,-4,0,-3,1,10,12,-5,2,thankyou
10.547375440597534,5,3,3,2,0,-9,1,-2,-19,3,8,0,-8,0,thankyou
10.547375440597534,-16,-10,-9,-18,-6,-11,-15,-9,-50,-30,-10,-25,-24,-20,thankyou
10.56295919418335,-20,0,-14,0,-1,-1,-19,-3,-50,-40,-27,-35,-28,-31,thankyou
10.56295919418335,-12,6,4,24,-1,0,-4,0,-24,-16,-28,-24,-23,-21,thankyou
10.57855224609375,-17,1,-1,20,0,7,17,-1,-3,-4,-26,-23,-20,-10,thankyou
10.57855224609375,-21,-7,-8,1,3,24,27,4,6,-2,-28,-28,-13,-8,thankyou
10.59368658065796,-13,-16,-9,-5,3,26,25,10,22,11,-21,-23,-4,0,thankyou
10.609283208847046,0,3,-11,1,3,13,24,3,33,24,-8,-7,5,9,thankyou
10.609283208847046,8,12,7,0,0,2,11,-1,19,7,-4,12,17,13,thankyou
10.609283208847046,9,-33,4,-22,-21,-13,-14,-6,-6,-17,0,18,17,7,thankyou
10.625374794006348,14,-21,7,-24,-20,-16,-23,-2,-3,-7,17,22,14,6,thankyou
10.625374794006348,27,58,25,9,13,4,-9,8,20,18,41,36,27,13,thankyou
10.64144778251648,21,52,13,17,18,4,-7,2,10,5,31,30,19,13,thankyou
10.64144778251648,8,0,6,-2,1,-7,-11,-1,-13,-18,7,20,-8,3,thankyou
10.657562494277954,9,11,6,14,11,-1,-3,2,-6,-5,21,22,0,-2,thankyou
10.657562494277954,2,18,4,36,13,3,0,3,-2,4,34,10,7,-2,thankyou
10.6736478805542,-14,-3,0,15,1,0,3,-1,-13,0,10,-8,-7,-3,thankyou
10.6736478805542,-19,-11,-12,-2,7,3,14,-4,-2,6,-10,-13,-7,-5,thankyou
10.689321517944336,-16,-20,-15,-10,0,6,9,-2,7,11,-15,-10,-2,-1,thankyou
10.689321517944336,-16,-28,-22,-15,-11,2,0,-1,5,3,-22,-19,-11,0,thankyou
10.705264568328856,-14,-14,-15,-10,-4,-2,0,-1,-1,9,-20,-28,-7,-8,thankyou
10.705264568328856,-11,-9,2,-8,1,1,6,-1,0,25,-9,-24,4,-6,thankyou
10.720285177230837,-6,-15,-7,-10,0,5,10,-1,9,21,-4,-15,4,2,thankyou
10.720285177230837,-3,-8,-4,-11,0,-1,-5,0,2,0,-7,-5,-2,0,thankyou
10.73637843132019,-5,-6,-2,-10,-4,-8,-15,-1,-11,1,-9,-1,0,-5,thankyou
10.73637843132019,0,-13,0,-13,-9,-6,-3,-2,-3,7,-1,2,12,3,thankyou
10.752143621444702,5,-3,12,-6,-3,0,0,0,10,-2,6,8,12,12,thankyou
10.752143621444702,7,10,10,9,0,-1,-2,0,2,-13,-3,3,-4,2,thankyou
10.767633438110352,13,7,7,8,-6,-5,5,0,-13,-25,-24,0,-24,-5,thankyou
10.767633438110352,5,-4,-6,-12,-15,-3,9,3,-12,-32,-14,1,-18,-2,thankyou
10.783278703689575,-3,-5,-8,-14,-13,-3,5,3,0,-22,8,4,0,1,thankyou
10.783278703689575,7,7,14,4,0,0,10,6,2,-15,9,10,0,0,thankyou
10.799314737319946,13,11,6,10,12,0,7,2,0,-10,2,7,-3,-5,thankyou
10.799314737319946,1,1,0,2,10,-5,-13,0,-1,2,4,0,1,-9,thankyou
10.815390348434448,-1,-1,0,4,5,-1,-23,-1,-1,8,4,0,5,-8,thankyou
10.815390348434448,5,10,-1,14,8,6,-13,-5,-1,2,8,4,8,1,thankyou
10.83140754699707,10,22,9,25,8,12,1,-3,4,1,15,11,10,11,thankyou
10.83140754699707,11,24,11,29,8,11,5,3,13,18,13,14,6,10,thankyou
10.84715175628662,18,20,15,21,6,6,1,4,8,22,11,17,3,14,sil
10.84715175628662,13,10,8,14,3,1,0,-3,0,3,14,12,4,15,sil
10.863327980041504,-9,-4,-11,8,0,0,2,-4,1,-9,1,-6,-5,-1,sil
10.863327980041504,-17,-7,-7,-4,-1,0,1,0,2,-2,-12,-15,-11,-9,sil
10.87944722175598,-3,-7,-7,-10,-1,-3,-2,-5,0,6,-1,-5,1,-5,sil
10.87944722175598,-2,-13,-7,-11,-4,-7,-2,-2,-3,2,4,0,10,-4,sil
10.894991159439089,-14,-6,-2,-5,-5,-6,6,3,-3,0,-8,-6,4,-3,sil
10.894991159439089,-12,-1,-4,-5,-6,-6,13,0,0,6,-13,-10,0,0,sil
10.910080432891846,-2,-5,-2,-22,-9,-6,3,-1,4,14,-4,-3,2,4,sil
10.910080432891846,-6,-8,-9,-24,-5,-5,-4,5,12,13,5,-1,8,3,sil
10.925316333770752,-11,-7,-3,-9,4,-2,-1,4,11,9,5,-2,7,1,sil
10.925316333770752,-6,-12,-1,-19,1,0,-3,3,-1,6,0,-4,1,0,sil
10.940494775772097,-1,-20,-14,-43,-10,-2,-7,1,-9,-2,-2,-9,0,-2,sil
10.940494775772097,-1,-9,-3,-27,-1,3,2,0,-1,-6,0,-5,0,1,sil
10.956116676330566,-2,1,-8,5,4,6,7,-5,-4,-5,-7,-5,-5,0,sil
10.956116676330566,-9,-6,-16,-1,-15,-8,-7,-7,-26,-24,-25,-20,-24,-14,sil
10.971390008926392,-6,-7,2,-12,-17,0,-5,-1,-22,-29,-22,-18,-25,-16,sil
10.9719717502594,10,9,10,14,14,22,16,4,11,0,5,6,-1,0,sil
10.987059354782104,16,16,12,31,24,19,12,4,10,2,13,19,6,2,sil
10.987059354782104,9,12,7,27,12,8,-3,-1,-11,-18,0,8,-3,-7,sil
11.002190828323364,10,15,15,28,13,6,-5,-2,-9,-14,3,9,-5,-3,sil
11.018355131149292,12,11,23,20,13,4,-7,0,-1,1,17,17,0,1,sil
11.018355131149292,2,0,0,12,2,-2,-12,-1,-10,0,8,1,-1,-6,sil
11.018355131149292,0,4,1,10,-9,-14,-12,-2,-10,-2,-9,-4,-4,-6,sil
11.032004594802856,0,0,4,0,-11,-26,-12,-5,0,-4,-11,6,-2,1,sil
11.0473735332489,0,-8,-5,-3,-9,-19,-15,-7,-2,-5,-3,7,0,2,sil
11.0473735332489,0,2,4,10,-4,4,-2,3,-10,7,2,12,6,7,sil
11.063034296035768,4,15,9,15,0,7,15,13,8,26,9,18,17,19,sil
11.063034296035768,7,6,10,4,2,-1,10,6,26,21,12,5,14,18,sil
11.078117370605469,-1,-2,-4,0,0,4,5,0,17,9,10,-8,7,5,sil
11.078117370605469,-10,-2,-18,-1,-1,6,14,2,8,10,0,-6,4,0,sil
11.093239307403564,-4,-1,-2,-3,-7,0,12,6,12,11,-6,-4,0,3,sil
11.093239307403564,1,-6,0,-4,-9,0,7,2,22,15,5,-6,5,10,sil
11.109261512756348,-2,-11,-7,-16,0,6,20,1,27,20,9,-1,9,11,sil
11.109261512756348,-14,-13,-18,-20,0,5,20,-4,15,4,-14,-14,-8,-3,sil
11.125332593917848,-16,-15,-19,-19,-6,-4,-2,-6,-2,-21,-31,-33,-25,-19,sil
11.125332593917848,-1,-4,-2,-23,1,0,-9,1,0,-16,-10,-13,-6,-9,sil
11.141067028045654,11,2,0,-8,11,1,3,0,14,7,14,11,20,2,sil
11.141067028045654,12,0,7,6,4,-4,4,-2,7,1,11,13,23,4,sil
11.156370878219604,8,-1,9,0,0,-2,-1,-1,-10,-15,4,11,13,6,sil
11.156370878219604,0,0,-7,-10,1,0,-9,-7,-24,-21,3,4,0,-2,sil
11.171964406967165,-9,0,-5,-13,-3,-5,-23,-10,-32,-22,-7,-2,-14,-21,sil
11.171964406967165,-2,0,-2,-8,-2,-8,-24,-2,-25,-16,-4,2,-16,-18,sil
11.18798804283142,8,7,4,3,4,-3,-18,4,-16,-4,10,13,-9,0,sil
11.18798804283142,5,18,13,14,9,1,-16,1,-10,2,15,15,-1,0,sil
11.204046964645386,-1,13,8,12,6,-1,-10,-1,-4,6,14,8,4,-1,sil
11.204046964645386,0,0,8,3,-1,-6,-11,0,-18,-7,7,-1,-8,-3,sil
11.220133066177368,-3,2,1,3,-1,-2,-11,0,-37,-29,-10,-13,-27,-16,sil
11.220133066177368,-9,7,1,12,8,3,6,0,-24,-17,-21,-17,-22,-15,sil
11.235771656036375,-11,-2,1,15,2,10,17,2,-4,8,-18,-20,-6,0,sil
11.235771656036375,-11,-14,-7,3,-11,10,12,0,-1,14,-17,-19,-5,2,sil
11.251154661178589,-7,-11,0,-8,-8,8,18,1,18,15,-13,-1,-3,10,sil
11.251154661178589,0,-5,-1,-3,0,7,29,1,46,25,-4,7,10,19,sil
11.266164779663086,7,-2,-5,7,-9,2,16,1,41,28,0,1,20,14,sil
11.266164779663086,12,0,5,7,-10,0,1,4,25,22,8,8,24,18,sil
11.281702756881714,18,2,4,2,6,1,6,5,27,19,18,26,29,32,sil
11.281702756881714,23,8,8,-1,11,1,6,3,21,15,23,30,22,22,sil
11.29687237739563,12,8,-3,-1,0,-7,-11,-1,2,-3,19,16,4,-3,sil
11.29687237739563,1,9,-5,6,2,-12,-26,0,-11,-29,9,2,-7,-13,sil
11.312385559082031,6,18,15,17,16,0,-11,5,-9,-18,11,5,-2,-7,sil
11.312385559082031,3,19,6,21,20,11,8,0,-1,10,20,3,4,-6,sil
11.328219890594482,-14,2,-4,12,8,8,10,-10,-8,0,0,-18,-11,-14,sil
11.328219890594482,-34,-21,-18,-2,-9,7,11,-8,-16,-16,-33,-45,-29,-21,sil
11.343689203262327,-36,-34,-28,-23,-22,2,13,1,-6,-4,-37,-42,-19,-19,sil
11.343689203262327,-14,-22,-4,-22,-14,-5,9,6,11,7,-18,-15,0,0,sil
11.359471797943115,5,-12,3,-6,-3,-7,4,1,15,8,-12,-5,0,13,sil
11.359471797943115,0,-20,-1,-15,-11,-12,-3,0,1,0,-17,-8,-9,3,sil
11.375060081481934,-4,-17,-3,-31,-14,-14,-12,-1,-4,-12,-7,1,-1,-4,sil
11.375060081481934,9,4,4,-21,-3,-9,-16,-2,-1,-10,9,23,11,2,sil
11.391172170639038,20,15,14,-5,1,-8,-17,0,-1,-4,13,31,11,7,sil
11.391172170639038,13,11,-1,-1,1,-13,-13,0,-4,-6,12,19,9,2,sil
11.406237840652466,8,11,3,-1,0,-7,-11,-2,-17,-12,12,13,8,-3,sil
11.406237840652466,7,11,10,-3,-2,-1,-17,-5,-26,-14,9,10,2,-6,sil
11.421392440795898,2,8,0,3,1,-5,-17,-4,-16,-6,5,0,-6,-2,sil
11.421392440795898,0,15,3,17,4,4,-6,0,-13,-4,1,-1,-14,0,sil
11.437005758285522,3,18,4,20,2,15,0,0,-15,-6,6,8,-7,-4,sil
11.437005758285522,5,14,6,17,7,8,0,4,-8,-4,11,12,4,-1,sil
11.452988862991331,0,11,6,22,19,5,9,9,4,8,6,5,8,6,sil
11.452988862991331,-3,3,1,19,19,12,22,4,11,17,0,-5,3,3,sil
11.468077898025513,-4,-4,4,5,7,21,25,0,7,13,0,-8,0,-1,sil
11.468077898025513,-6,-2,-4,9,6,23,24,0,8,10,0,-10,-1,1,sil
11.484331846237184,-6,-2,-4,15,9,11,18,0,13,9,-3,-13,0,8,sil
11.484331846237184,-5,-8,-2,8,4,1,9,-1,20,15,0,-12,4,9,sil
11.499339580535889,-2,-10,-10,-1,-1,5,7,0,28,22,1,-8,9,10,sil
11.499339580535889,-6,-13,-4,-6,-7,3,2,2,20,12,-11,-9,-3,6,sil
11.515416383743286,-17,-20,-13,-11,-10,-10,-3,-3,0,3,-28,-18,-19,-9,sil
11.53100299835205,-18,-21,-18,-27,-11,-14,-6,-7,-6,4,-21,-13,-12,-10,sil
11.53100299835205,-6,-21,-7,-37,-15,-8,-6,2,0,-7,-6,-2,0,2,sil
11.546993017196655,1,-11,-5,-22,-14,-12,-8,1,-4,-19,-5,-3,0,-1,sil
11.54799199104309,6,6,6,-6,-7,-13,-8,-2,2,-3,-1,3,5,-8,sil
11.54799199104309,13,9,6,-3,-1,-7,-4,-1,18,10,12,19,13,2,sil
11.56305766105652,24,11,11,0,-2,-7,-4,5,9,-3,21,26,14,15,sil
11.56305766105652,31,24,19,2,-8,-7,-7,4,-9,-15,21,31,16,11,sil
11.579118490219116,20,16,3,-3,-4,-7,-6,-1,-11,-7,19,21,9,0,sil
11.579118490219116,1,2,5,-3,3,-5,-10,0,-13,-9,12,1,-12,-10,sil
11.595211744308472,-7,9,3,10,4,2,-16,0,-22,-14,0,-7,-17,-15,sil
11.595211744308472,-10,7,-3,19,1,6,-14,-7,-28,-19,-10,-6,-8,-10,sil
11.611263275146484,-13,-4,3,13,3,3,-5,-8,-27,-18,-10,-6,-10,-5,sil
11.611263275146484,-13,-3,0,13,7,5,2,1,-12,-1,-5,-12,-10,-4,sil
11.6273090839386,-13,-1,0,11,8,16,12,7,0,15,-13,-12,-4,0,sil
11.6273090839386,-17,-11,-8,2,5,23,21,4,13,19,-24,-16,-3,0,sil
11.643056869506836,-15,-15,-18,-8,0,11,19,0,22,9,-23,-25,-7,-1,sil
11.643056869506836,-5,-7,-8,-7,0,-1,12,-1,23,5,-12,-17,-4,2,sil
11.65858006477356,0,-3,-5,1,1,-5,12,0,20,9,0,3,8,7,sil
11.65858006477356,11,3,7,2,1,-9,6,3,17,5,11,20,20,7,sil
11.6739981174469,21,15,11,-1,1,-8,-4,0,8,-4,17,17,16,8,sil
11.6739981174469,10,10,-2,-3,0,-9,-20,-8,-11,-14,10,1,0,0,sil
11.68934178352356,3,0,1,-6,0,-15,-26,-3,-21,-13,13,8,1,-2,sil
11.68934178352356,22,15,9,0,6,-12,-9,3,-1,4,39,30,26,12,sil
11.705280780792236,25,27,20,18,10,1,0,5,5,4,39,21,20,11,sil
11.705280780792236,-7,3,5,13,0,4,-3,1,-18,-14,2,-12,-14,-13,sil
11.721388816833496,-26,-25,-16,-12,-6,2,6,2,-21,-5,-20,-25,-23,-15,sil
11.721388816833496,-11,-22,-2,-12,0,16,26,5,3,16,-21,-6,-7,10,sil
11.736246347427368,0,-8,1,13,-1,18,24,0,13,20,-16,2,-2,17,sil
11.736246347427368,-2,-10,-8,2,-13,0,2,-1,3,9,-11,2,-6,2,sil
11.751428604125977,-12,-17,-14,-31,-16,-9,-11,-3,4,2,-10,-2,-6,-6,sil
11.768094301223757,-8,-10,-11,-33,-1,-4,-10,-6,11,3,-7,-4,-2,-5,sil
11.768094301223757,7,6,8,-8,6,2,-2,0,8,6,5,11,1,-4,sil
11.768094301223757,6,11,0,4,2,2,-3,0,-2,-4,14,12,2,-13,sil
11.783226251602173,-7,7,0,0,0,-4,-11,-1,-13,-20,4,-6,-4,-24,sil
11.783226251602173,0,15,14,10,7,0,-5,3,-8,-8,0,-7,-3,-13,sil
11.79833722114563,8,17,9,30,10,8,4,0,-5,0,1,-3,0,0,sil
11.79833722114563,-3,1,3,25,0,8,5,-4,-12,-4,-9,-17,-13,0,sil
11.81444215774536,-7,-10,-8,10,0,15,12,1,1,7,-13,-25,-12,2,sil
11.81444215774536,6,-6,-7,7,9,23,20,5,27,22,-8,-9,10,21,sil
11.830154418945312,6,-4,1,2,7,12,9,4,29,8,-11,0,17,29,sil
11.830154418945312,0,-15,-4,-8,-1,-15,-2,2,20,6,-3,1,15,19,sil
11.845996379852297,8,-9,2,-14,-9,-28,0,2,11,11,17,14,21,14,sil
11.845996379852297,11,7,2,-10,-11,-25,0,-3,-4,-3,20,20,19,12,sil
11.86117172241211,1,8,5,-10,-11,-28,-11,-2,-14,-16,10,15,6,4,sil
11.877416849136353,-1,0,5,-17,-10,-26,-21,0,-11,-13,6,12,1,-5,sil
11.877416849136353,0,0,-12,-11,0,-8,-18,-4,-9,-16,3,3,-2,-13,sil
11.87841820716858,-1,7,-4,0,7,9,-9,-6,-16,-16,-2,1,-13,-12,sil
11.8930184841156,-6,10,4,6,7,7,-7,-4,-16,-6,-3,0,-10,-12,sil
11.907063484191896,-7,9,2,7,1,0,-15,-5,-18,-13,-7,-11,-9,-17,sil
11.907063484191896,-8,5,0,8,-3,5,-18,-4,-15,-16,-12,-13,-21,-18,sil
11.92294716835022,-10,-2,-13,2,-3,8,0,1,3,4,-7,-5,-11,-11,sil
11.92294716835022,-8,-12,1,-5,1,13,22,6,16,17,2,4,7,0,sil
11.937973260879517,-5,-13,9,-3,1,19,23,2,9,9,3,3,6,4,sil
11.937973260879517,-5,-11,-7,-4,-7,5,9,0,-1,0,-10,-5,-5,-4,sil
11.95351243019104,-2,-4,-8,-7,-4,-2,8,2,-2,-1,-13,-3,-7,-11,sil
11.95351243019104,1,-7,-7,-7,1,0,4,0,0,0,-1,-5,-8,-7,sil
11.969078302383425,1,-7,1,-7,-7,-8,-10,0,-5,-6,-5,-6,-18,-3,sil
11.969078302383425,8,4,11,0,-6,-10,-1,5,0,-5,-2,3,-13,4,sil
11.985169410705566,22,15,10,13,10,2,15,5,18,14,18,10,1,15,sil
11.985169410705566,24,16,11,19,19,11,11,5,14,19,24,6,8,17,sil
12.00032901763916,14,17,0,21,17,9,9,1,5,11,20,2,14,14,sil
12.00032901763916,9,16,0,14,11,7,12,0,9,11,11,0,19,15,sil
12.016382217407228,4,6,0,6,6,5,2,-1,4,8,-6,-3,13,8,sil
12.016382217407228,0,0,-2,8,7,0,1,-1,-1,1,-5,-1,8,3,sil
12.031947135925291,0,2,8,5,4,-3,8,0,0,1,9,3,10,10,sil
12.031947135925291,0,0,0,3,1,-1,7,-1,-4,4,3,1,8,6,sil
12.04734206199646,-4,-5,0,2,-2,0,0,1,-13,0,-6,2,7,0,sil
12.04734206199646,-9,-10,-3,-6,-13,-6,-12,0,-10,-7,-3,1,4,2,sil
12.067991495132446,-16,-20,-14,-21,-14,-15,-23,-7,-6,-10,-5,-6,-5,0,sil
12.067991495132446,-18,-16,3,-21,-2,-4,-23,-4,-4,-4,-5,-1,-5,-8,sil
12.067991495132446,-13,-7,-3,-10,-3,0,-17,0,0,2,0,0,0,-13,sil
12.078047513961792,-13,-11,-14,-12,-9,-7,-12,-6,-4,-6,-7,-11,-11,-20,sil
12.093278408050535,-13,-8,-2,-10,0,-2,0,-3,2,-12,-14,-9,-12,-12,sil
12.093278408050535,-3,1,-3,-1,2,6,10,1,15,-1,-9,-2,0,1,sil
12.108948469161987,0,-1,0,-3,-13,-1,1,0,8,1,-13,-2,-3,-1,sil
12.108948469161987,-2,-9,1,-9,-16,-7,-6,-3,5,0,-14,-4,-8,-12,sil
12.124221086502075,2,1,1,-2,-6,1,0,0,10,2,-3,0,-2,-8,sil
12.124221086502075,8,12,2,8,1,13,5,0,9,0,1,2,2,0,sil
12.14025616645813,9,4,-1,15,10,11,0,3,10,-1,5,6,8,5,sil
12.14025616645813,10,0,6,7,8,2,-2,10,13,3,11,13,8,12,sil
12.15592098236084,9,7,4,0,-1,-1,12,6,15,7,10,7,3,13,sil
12.15592098236084,10,4,5,6,-2,0,29,4,12,5,5,6,2,10,sil
12.171065330505373,1,-4,1,-6,-2,-4,13,5,-6,-4,5,11,-3,2,sil
12.171065330505373,-12,-4,-18,-27,-13,-24,-11,-3,-23,-19,3,-2,-19,-11,sil
12.18720245361328,0,11,-1,-13,-9,-23,-14,-3,-18,-15,5,-6,-11,-6,sil
12.18720245361328,16,21,11,15,13,-2,-2,4,-5,5,16,11,9,6,sil
12.20236325263977,5,10,0,14,14,0,-3,-2,-24,0,10,10,5,-2,sil
12.20236325263977,-4,5,0,3,0,-2,-15,-11,-57,-26,-11,-5,-10,-15,sil
12.218345880508425,3,12,1,10,5,6,-12,-2,-54,-20,-9,-10,-6,-7,sil
12.218345880508425,10,12,12,17,17,13,-1,5,-14,3,8,0,3,5,sil
12.233960390090942,8,3,13,18,11,13,2,0,12,5,13,1,4,5,sil
12.233960390090942,0,-2,1,10,1,11,3,-6,13,7,6,-3,2,1,sil
12.25000786781311,-3,-8,2,-1,2,12,10,0,19,24,0,-5,2,3,sil
12.25000786781311,-1,-11,-2,-6,10,10,11,4,25,22,-5,-10,0,4,sil
12.265233516693115,-3,-6,-1,0,7,4,6,4,13,8,-7,-4,-1,6,sil
12.265233516693115,-3,-1,0,11,9,6,13,4,13,20,5,7,5,10,sil
12.281209707260132,0,-4,-2,8,15,2,20,1,23,25,0,4,6,4,sil
12.281209707260132,-11,-15,-4,-10,-6,-5,3,-4,8,-7,-30,-8,-9,-8,sil
12.297314882278442,-25,-23,-22,-23,-31,-9,-11,-8,-8,-21,-39,-20,-18,-12,sil
12.297314882278442,-14,-11,-12,-15,-17,-4,-2,0,5,1,-23,-17,-11,0,sil
12.31227993965149,-5,-1,-1,0,0,0,1,2,29,14,-10,-7,0,3,sil
12.31227993965149,-9,-7,-7,0,-6,-3,-12,-3,18,-1,0,-6,7,-5,sil
12.327931880950928,2,0,9,-11,-13,-9,-20,-2,-8,-16,20,10,17,0,sil
12.327931880950928,17,11,12,-6,-11,-5,-8,-1,-7,-3,32,31,24,12,sil
12.344021558761597,7,3,2,-2,-13,0,-5,-1,-2,0,19,19,12,1,sil
12.344021558761597,-4,-3,-5,-7,-7,0,0,3,-6,-15,6,-6,0,-14,sil
12.35959506034851,-1,3,-5,-10,-2,-5,10,4,-1,-6,4,-5,1,-13,thankyou
12.35959506034851,2,4,4,-10,-5,-6,5,4,-1,5,-3,5,0,0,thankyou
12.37531852722168,3,-2,-2,-4,1,-2,0,0,-10,-26,-8,1,-5,5,thankyou
12.37531852722168,4,-1,2,0,10,0,0,-1,-8,-46,-3,1,-6,3,thankyou
12.39038109779358,2,3,6,3,7,5,-5,2,-1,4,-3,1,-3,-1,thankyou
12.39038109779358,1,7,-5,11,5,1,-8,2,2,47,-5,-1,0,-3,thankyou
12.406358003616331,9,14,9,14,11,0,0,3,7,23,0,5,-5,1,thankyou
12.406358003616331,16,17,14,22,18,4,9,0,2,0,6,8,-7,9,thankyou
12.42239260673523,10,12,6,24,15,6,8,-2,-6,3,9,2,1,8,thankyou
12.42297863960266,0,3,4,8,3,1,-3,0,-1,7,13,0,4,0,thankyou
12.438031435012816,0,0,-2,2,0,0,-7,-1,6,7,15,0,-2,-2,thankyou
12.438031435012816,2,5,1,8,0,3,1,-1,9,5,4,4,-1,1,thankyou
12.453108072280884,-8,-2,-9,-7,-6,-5,5,-1,8,4,-6,3,1,-5,thankyou
12.467239618301392,-20,-23,-18,-28,-16,-17,-2,-5,-13,-7,-8,-9,-9,-12,thankyou
12.467239618301392,-9,-17,0,-13,-11,0,2,-4,-26,-18,-2,-5,-13,-1,thankyou
12.482385635375977,5,1,1,7,3,9,17,2,-5,-6,0,2,4,8,thankyou
12.482385635375977,3,0,0,-3,1,-7,0,5,-5,0,-6,-2,5,0,thankyou
12.498337984085085,-3,-6,-7,-11,-7,-7,-16,2,-18,-15,-9,-12,-6,-12,thankyou
12.498337984085085,0,1,-6,2,0,3,-10,0,-1,-20,-2,-6,0,-3,thankyou
12.513439655303957,9,8,15,10,9,4,-7,-2,7,-4,6,5,13,13,thankyou
12.513439655303957,14,8,13,6,12,1,-7,0,-6,6,9,0,3,11,thankyou
12.528953790664673,9,7,5,2,9,7,4,2,-1,8,0,-5,-8,0,thankyou
12.528953790664673,-10,2,-4,-1,0,12,8,-1,1,3,-9,-9,-9,-6,thankyou
12.544156312942505,-18,-6,-4,-7,-10,0,-4,-8,-15,-5,-9,-13,-7,-4,thankyou
12.544156312942505,-2,-5,10,-5,-1,-6,-2,-2,-11,-4,-9,-3,-1,2,thankyou
12.559742450714111,0,-4,-3,-1,10,6,11,1,17,9,-9,2,4,-1,thankyou
12.559742450714111,-13,-11,-10,1,6,10,13,3,25,14,-8,-2,0,-10,thankyou
12.575305461883543,-15,-6,-10,1,-1,0,1,6,19,5,-8,-1,0,-8,thankyou
12.575305461883543,-5,4,-11,-9,-5,-6,-5,4,20,4,-7,2,4,-1,thankyou
12.591167688369753,-3,0,2,-19,-10,-1,-1,-1,11,4,-4,0,0,0,thankyou
12.591167688369753,-5,-10,-4,-7,-14,0,8,-4,4,0,2,0,-3,3,thankyou
12.606101989746094,4,-2,-5,4,-10,-2,13,3,7,-2,7,6,7,7,thankyou
12.606101989746094,11,12,5,10,0,0,9,8,7,5,16,15,15,9,thankyou
12.621145009994509,2,10,6,15,3,0,-3,1,1,11,26,12,10,4,thankyou
12.621145009994509,0,0,10,9,4,0,-12,-1,0,3,17,7,2,-2,thankyou
12.636645317077637,7,0,1,2,7,-1,0,-1,0,0,1,0,2,0,thankyou
12.636645317077637,10,0,0,-2,0,-3,-3,0,-12,0,2,2,5,3,thankyou
12.652060985565186,3,-1,2,1,-10,-9,-20,-1,-27,-8,10,9,0,-1,thankyou
12.652568340301514,2,2,4,15,-2,-5,-14,-9,-34,-15,0,0,-11,-8,thankyou
12.66767716407776,6,10,12,11,4,1,0,-2,-30,-18,-16,-3,-12,-4,thankyou
12.66767716407776,9,3,2,-5,-2,-6,0,4,-8,-13,-8,4,-2,3,thankyou
12.683273077011108,11,0,3,-1,-4,0,5,3,22,2,9,11,5,13,thankyou
12.683273077011108,6,8,6,13,8,21,22,7,39,17,12,7,12,17,thankyou
12.699325323104858,-1,1,-12,2,14,16,17,4,25,8,0,-2,10,7,thankyou
12.699325323104858,-5,-10,-4,-14,2,0,2,-1,7,-4,-1,-4,5,0,thankyou
12.715404033660889,-4,0,2,-3,2,-1,7,-3,4,3,12,3,13,8,thankyou
12.715404033660889,2,10,1,8,8,-4,8,0,-2,15,11,8,10,14,thankyou
12.731247663497925,4,-5,-4,-3,-3,-10,-10,-1,-17,5,-11,-2,-11,0,sil
12.731247663497925,-9,-18,-11,-17,-11,-14,-19,-5,-14,-3,-19,-20,-19,-22,sil
12.74736499786377,-14,-8,0,-15,0,-11,-18,-6,-7,-5,-10,-17,-11,-20,sil
12.74736499786377,-5,-2,-3,-6,4,-4,-24,-7,-11,-4,-9,-8,-10,-10,sil
12.762938499450684,-5,-8,-10,-4,0,0,-16,1,-15,-3,-14,-10,-14,-8,sil
12.762938499450684,-11,-4,2,-8,0,7,3,5,-8,-5,-13,-16,-11,-10,sil
12.778291702270508,-11,-3,-11,-16,-4,4,3,-2,-6,-15,-19,-25,-10,-20,sil
12.778291702270508,-12,-9,-16,-26,-14,-3,-10,-2,-17,-26,-24,-19,-21,-27,sil
12.793536901474,-8,-2,-8,-13,1,3,-2,4,-3,-18,-7,-5,-18,-14,sil
12.793536901474,2,9,3,10,11,11,12,8,21,3,7,0,0,4,sil
12.809555530548096,7,15,16,7,0,8,19,8,19,24,10,8,10,12,sil
12.809555530548096,7,13,8,-1,-1,5,20,1,9,15,18,17,13,14,sil
12.825129985809326,10,9,13,13,5,2,11,0,11,0,19,23,18,20,sil
12.825129985809326,9,9,13,29,1,3,2,1,9,16,9,18,14,17,sil
12.840213060379028,9,11,9,26,-2,4,2,-2,0,10,3,8,3,9,sil
12.840213060379028,11,10,18,30,1,3,8,-1,-2,-23,9,10,10,11,sil
12.856335401535034,0,5,8,35,4,6,8,2,-1,1,16,11,23,12,sil
12.856335401535034,-15,-4,0,18,0,6,3,2,1,41,7,2,11,5,sil
12.87196660041809,-10,-13,-7,4,-3,1,4,-5,8,18,-6,-2,-1,1,sil
12.87196660041809,7,-10,-11,2,0,-1,6,-7,9,-1,-8,0,2,6,sil
12.886937379837036,4,-6,-3,-8,2,-1,5,0,7,17,0,5,4,9,sil
12.886937379837036,-3,-13,-14,-21,0,-2,3,4,19,13,10,7,7,6,sil
12.902937173843384,10,-10,-9,-22,-1,-7,-4,4,23,-13,11,9,14,4,sil
12.902937173843384,17,-1,-2,-21,-3,-15,-16,1,17,-7,8,10,10,3,sil
12.918426275253296,0,-8,-15,-26,-13,-26,-19,0,1,-2,0,-1,-5,-9,sil
12.918426275253296,-8,-10,-7,-33,-21,-21,-22,0,-24,-36,-10,-10,-21,-24,sil
12.933175802230837,0,7,0,-19,-8,-11,-20,0,-27,-44,-4,-3,-19,-16,sil
12.933175802230837,14,22,15,3,7,-5,-15,-3,-18,-6,8,12,-4,0,sil
12.949265956878662,8,17,21,14,13,-4,-14,-5,-30,0,0,3,-6,-8,sil
12.949265956878662,-12,9,0,15,13,0,-8,-7,-30,-23,-13,-22,-22,-23,sil
12.965411186218262,-12,7,0,18,11,13,3,-3,-9,-10,-5,-20,-18,-14,sil
12.979918241500854,-3,-3,1,14,2,14,3,-1,-12,5,0,-12,-5,-6,sil
12.979918241500854,-7,-12,0,-3,-3,4,-3,-3,-25,-1,-14,-20,-9,-5,sil
12.979918241500854,-9,-1,-2,-3,2,12,8,-1,-10,7,-25,-18,-10,1,sil
12.99702000617981,-9,-2,-16,5,7,18,14,-3,1,16,-18,-12,-6,0,sil
12.99702000617981,-18,-15,-9,0,0,7,7,0,-9,1,-16,-13,-12,-4,sil
13.012963771820068,-10,-8,-1,-1,0,6,20,5,-4,7,-12,-8,-7,6,sil
13.027463674545288,7,1,2,2,7,13,35,13,21,26,0,5,12,21,sil
13.027463674545288,5,-2,2,0,1,15,25,12,38,29,13,11,28,20,sil
13.043041944503784,0,-3,-3,-3,-3,13,19,7,50,34,15,5,34,17,sil
13.043041944503784,5,0,1,-5,-6,0,12,7,49,25,4,6,24,13,sil
13.043041944503784,6,-2,-5,-9,-11,-17,-10,2,19,-2,-2,8,12,1,sil
13.05933403968811,5,-4,-2,-13,-20,-24,-26,-2,-2,-18,8,16,12,0,sil
13.05933403968811,13,0,13,-18,-21,-18,-22,0,5,-14,22,27,16,10,sil
13.074966669082642,17,5,7,-6,-6,-10,-20,-3,11,-12,20,23,9,10,sil
13.074966669082642,16,18,16,14,9,-7,-21,-7,-4,-15,17,20,0,2,sil
13.08906102180481,10,19,11,13,6,-9,-21,-4,-14,-14,16,10,-6,-6,sil
13.105068445205688,1,8,-5,0,1,-8,-24,-7,-21,-16,11,0,-10,-19,sil
13.105068445205688,0,10,8,8,13,-1,-12,-10,-26,-17,10,5,-14,-20,sil
13.120204210281372,-1,13,13,24,22,6,11,-6,-18,-7,3,0,-17,-10,sil
13.120204210281372,-9,2,0,22,14,16,18,0,-6,-1,-14,-19,-19,-5,sil
13.135729551315308,-17,-3,-15,18,11,17,20,4,0,1,-19,-25,-16,-12,sil
13.135729551315308,-20,-7,-21,12,10,7,26,2,-1,9,-21,-21,-15,-15,sil
13.151270627975464,-20,-15,-9,0,0,8,27,4,0,15,-29,-23,-12,-3,sil
13.151270627975464,-17,-22,-14,-13,-9,9,19,4,12,18,-26,-26,-5,2,sil
13.16722321510315,-10,-24,-9,-23,-14,-5,3,6,16,10,-22,-13,-3,0,sil
13.16722321510315,1,-13,0,-21,-17,-16,-10,1,0,-4,-10,6,5,7,sil
13.182290315628052,20,6,9,-3,-10,-13,-8,2,-7,-1,16,26,25,20,sil
13.182290315628052,33,21,25,10,4,-9,-1,6,0,17,34,39,33,26,sil
13.197487115859984,22,13,12,8,5,-12,-9,-7,-5,12,29,30,22,17,sil
13.197487115859984,2,-2,-1,-12,-12,-16,-23,-17,-28,-25,10,5,0,-3,sil
13.212560415267944,-8,-7,-5,-26,-12,-7,-22,-8,-34,-44,-4,-9,-16,-20,sil
13.212560415267944,-6,-3,-8,-12,0,8,-15,-1,-23,-26,-5,-16,-20,-16,sil
13.228436470031738,-1,2,0,2,1,14,-16,2,-21,-10,-5,-16,-15,-5,sil
13.228436470031738,-2,7,-3,11,6,12,0,8,-2,3,-1,-11,-5,1,sil
13.243948936462402,-1,9,2,22,8,19,27,10,20,23,0,-3,4,7,sil
13.243948936462402,-1,6,2,24,3,28,31,5,25,31,-2,-6,6,6,sil
13.259530067443848,-8,0,-13,5,6,17,18,0,33,26,-8,-13,4,0,sil
13.259530067443848,-12,-8,-7,-13,-1,0,10,0,40,22,-11,-6,2,0,sil
13.275079250335692,-14,-22,-11,-20,-19,-5,9,0,29,14,-18,-8,2,0,sil
13.275079250335692,-9,-24,-8,-16,-7,-4,7,2,23,4,-15,-11,2,-1,sil
13.291141271591188,1,-7,7,-9,12,-1,1,3,21,1,0,0,3,1,sil
13.291141271591188,6,-2,3,-12,1,-11,-11,-4,3,-7,4,10,6,3,sil
13.307070970535278,10,0,9,-13,-14,-23,-27,-7,-14,-16,5,22,8,4,sil
13.307070970535278,19,13,10,2,-4,-22,-35,-10,-18,-14,26,34,9,2,sil
13.322335720062256,24,19,8,10,8,-15,-34,-10,-20,-16,38,32,4,0,sil
13.322335720062256,27,19,18,6,10,-11,-21,-1,-18,-20,27,29,7,2,sil
13.337387323379517,22,23,16,10,6,-8,-3,3,-9,-7,18,19,11,2,sil
13.337387323379517,0,18,11,7,-1,-3,0,0,-12,-3,10,-4,-3,-10,sil
13.353381156921388,-16,3,-4,6,0,6,2,-2,-18,-12,-4,-19,-17,-17,sil
13.353381156921388,-8,-3,-5,12,12,13,19,4,-13,-8,-10,-9,-6,-3,sil
13.369402885437012,-6,-2,1,5,9,12,28,10,-7,5,-7,-6,-4,0,sil
13.369402885437012,-17,-3,-10,3,2,13,22,5,-4,11,-12,-21,-18,-7,sil
13.385337352752686,-13,0,2,25,11,20,21,6,6,16,-13,-14,-13,0,sil
13.385337352752686,0,5,3,33,16,24,28,6,21,32,0,-1,7,13,sil
13.401378870010376,0,-2,-16,3,0,14,18,0,14,25,-4,-11,0,4,sil
13.401378870010376,-14,-13,-13,-16,-10,1,6,-1,0,-3,-31,-26,-23,-8,sil
13.417195081710815,-19,-20,-14,-8,-8,0,7,0,-1,-17,-39,-28,-27,-10,sil
13.417195081710815,-11,-19,-14,-12,-12,3,0,0,-3,-11,-31,-17,-17,-3,sil
13.432748317718506,-10,-8,-13,-19,-14,-2,-12,-1,0,-2,-16,-10,-5,0,sil
13.432748317718506,-2,-4,-5,-3,-11,-13,-13,-5,6,4,0,-1,7,6,sil
13.44838571548462,14,-4,10,4,-7,-9,-13,-1,10,7,8,15,19,17,sil
13.44838571548462,12,-4,-1,-12,-2,-12,-16,0,8,-1,8,21,19,13,sil
13.46408486366272,-1,-9,-5,-28,-7,-27,-20,-1,-6,-15,0,11,2,-1,sil
13.46408486366272,-1,-9,1,-19,-19,-24,-23,-6,-19,-13,0,7,-4,-7,sil
13.479241132736206,3,-1,1,-5,-8,-2,-11,-4,-3,2,19,10,10,-6,sil
13.479241132736206,2,7,10,-3,15,10,5,3,15,9,30,17,26,-2,sil
13.494753122329712,11,15,9,3,16,2,7,2,21,14,31,23,28,3,sil
13.494753122329712,29,23,23,14,-1,-3,0,1,11,11,36,26,26,7,sil
13.51042103767395,21,18,25,7,-6,0,-2,4,3,-1,30,21,19,6,sil
13.51042103767395,-1,1,0,-5,1,-2,-1,2,3,-7,6,4,4,3,sil
13.52596926689148,-1,3,-3,-2,6,-1,-1,1,-1,-13,-8,-8,-12,-3,sil
13.52596926689148,6,12,1,12,8,9,1,2,-11,-24,-9,-14,-17,-10,sil
13.54148817062378,1,6,3,11,13,10,2,0,-15,-21,-12,-13,-15,-6,sil
13.54148817062378,-7,-2,-5,0,10,4,2,-6,-22,-9,-21,-15,-20,-6,sil
13.55661654472351,-6,-1,-10,-1,0,7,0,-7,-25,-6,-20,-16,-22,-10,sil
13.55661654472351,4,9,12,12,4,11,0,0,-1,5,0,2,-5,6,sil
13.571955680847168,7,9,6,19,20,9,7,2,16,29,13,7,13,19,sil
13.571955680847168,-7,-5,-12,7,7,0,4,0,0,27,-3,-5,9,4,sil
13.587467193603516,-13,-7,-5,3,-7,1,0,2,-3,9,-9,-5,0,0,sil
13.587467193603516,-5,0,1,10,2,7,8,1,14,6,0,-2,0,7,sil
13.602638006210327,-7,0,-3,5,11,6,14,-1,6,9,-7,-9,-9,0,sil
13.603643894195557,-18,-18,-21,-7,0,0,8,-5,-7,5,-10,-15,-18,-18,sil
13.61826229095459,-22,-26,-18,-18,-17,-6,0,-2,-2,-1,-6,-16,-14,-14,sil
13.634729146957396,-16,-14,0,-16,-20,-3,0,2,0,-4,-12,-8,-6,-4,sil
13.634729146957396,-1,-6,-5,-6,-11,-2,4,5,0,0,-8,-2,-4,-5,sil
13.634729146957396,5,-8,-1,-9,-6,-4,7,6,5,-3,-4,-3,-2,-2,sil
13.649718761444092,0,-5,-1,-9,-7,-2,5,-1,8,-10,-12,0,0,2,sil
13.649718761444092,5,5,-3,0,-7,-1,0,-3,4,-10,-4,10,4,8,sil
13.664870738983154,21,10,10,1,-4,-4,-3,5,6,0,17,22,14,18,sil
13.682354211807253,20,9,11,4,1,-6,-4,5,7,10,18,19,20,16,sil
13.682354211807253,9,5,11,5,3,-3,-13,-1,0,7,7,17,18,4,sil
13.697392225265505,3,0,0,-5,0,-5,-15,-2,0,0,9,9,17,-2,sil
13.697392225265505,3,1,-2,-10,0,-11,-9,0,0,-2,9,1,12,-1,sil
13.714099168777466,7,15,10,2,2,-4,-8,-3,-8,-13,5,8,0,0,sil
13.714099168777466,6,13,4,10,5,0,-9,-7,-13,-24,1,2,-8,-6,sil
13.714099168777466,-5,4,5,5,5,-2,-5,-4,-9,-16,-6,-11,-11,-7,sil
13.728257656097412,-11,6,6,7,3,2,0,-1,-1,2,-4,-9,-5,-6,sil
13.744335174560549,-1,9,0,11,0,6,0,0,-1,4,4,0,-2,-9,sil
13.744335174560549,4,6,4,8,3,10,1,4,0,3,6,3,-6,-2,sil
13.744335174560549,0,-3,-8,1,9,16,14,5,13,14,3,0,0,7,sil
13.759841203689575,-4,-17,-11,-11,4,10,16,7,9,7,-2,-5,4,0,sil
13.759841203689575,-15,-22,-12,-22,-6,-2,-2,0,-11,-7,-11,-18,-7,-8,sil
13.775551557540894,-16,-18,-15,-14,-12,-10,-11,-8,-14,-3,-17,-22,-18,-2,sil
13.79130482673645,2,-8,0,-2,-7,-7,-3,0,-2,0,-8,-6,-4,1,sil
13.79130482673645,10,2,-2,3,5,0,0,6,9,3,11,8,21,7,sil
13.807063102722168,4,6,0,7,9,0,-1,1,13,18,20,17,23,18,sil
13.807063102722168,0,0,5,0,-1,0,5,0,8,16,7,9,0,10,sil
13.807063102722168,-9,-7,-7,-8,-5,0,16,-2,0,-1,-2,-10,-14,-10,sil
13.82236123085022,-8,0,-1,1,0,3,16,-2,0,-2,0,-7,-8,-7,sil
13.83831524848938,7,7,4,18,6,6,10,1,2,5,2,3,4,7,sil
13.83831524848938,8,5,7,7,5,5,0,1,-1,-2,-2,0,2,6,sil
13.852966070175173,-7,3,7,-5,0,5,-3,-2,-6,-7,-11,-4,-11,-6,sil
13.852966070175173,-4,4,1,-2,-2,0,-3,-4,-5,-8,-13,-4,-19,-13,sil
13.868995904922484,7,4,8,-2,-3,-3,-2,0,-9,-13,-7,1,-10,-9,sil
13.868995904922484,4,1,6,-2,0,-6,-2,0,-10,-5,2,5,4,-4,sil
13.885034561157228,6,2,4,0,1,-15,-13,0,0,5,11,16,12,4,sil
13.885034561157228,15,6,8,2,-3,-12,-20,0,2,4,15,25,12,14,sil
13.901062965393066,9,5,2,6,-3,1,-5,3,9,10,10,20,14,14,sil
13.901062965393066,4,7,8,12,1,7,2,6,9,10,5,12,15,4,sil
13.916258573532104,3,6,0,13,-1,1,-6,-2,-7,-9,8,2,8,-3,sil
13.916258573532104,-2,-4,-5,2,-8,-3,-9,-6,-14,-22,-2,-11,-3,-5,sil
13.93187379837036,-8,-12,-3,-6,0,-1,4,0,0,-11,-15,-14,-5,-1,sil
13.93187379837036,-6,-10,-13,-4,7,0,12,1,5,2,-7,-16,0,-1,sil
13.948975801467896,-7,-5,-4,1,0,8,7,0,4,3,-5,-18,-4,-3,sil
13.948975801467896,-10,-1,1,6,4,13,2,0,13,4,-8,-11,-7,-3,sil
13.948975801467896,-6,-2,-6,2,12,3,1,0,3,6,-6,-6,-5,-4,sil
13.96324872970581,-4,-5,-12,-9,-1,1,6,-1,-6,3,-9,-11,-9,-7,sil
13.97910475730896,-10,-5,-17,-8,-13,6,14,-2,-1,-1,-12,-13,-12,-6,sil
13.97910475730896,-11,0,-2,-5,-4,3,14,-3,0,0,-12,-4,-13,-3,sil
13.994232177734377,-5,0,-1,-4,3,3,16,0,3,11,-8,-2,-6,0,sil
13.994232177734377,0,-5,-6,-3,2,5,17,1,18,20,1,-2,5,12,sil
14.009828805923462,-1,-9,-1,-8,-2,-2,1,1,11,11,10,3,6,20,sil
14.009828805923462,-3,-11,-15,-17,-11,-16,-19,0,-9,-1,3,2,0,0,sil
14.025411367416382,6,-3,-2,-17,-9,-16,-21,5,-5,-4,-1,4,2,-5,sil
14.025411367416382,20,4,16,-6,1,-7,-11,1,16,0,11,10,14,11,sil
14.041622400283812,17,0,8,-2,-3,-12,-12,-3,17,0,18,14,11,10,sil
14.041622400283812,12,4,11,-4,-11,-14,-13,1,0,-2,14,20,5,1,sil
14.058161497116089,15,13,9,-1,-2,-3,-9,0,-10,-6,15,15,10,0,sil
14.058161497116089,5,12,3,0,4,0,-16,-5,-26,-21,7,5,6,-12,sil
14.078532695770264,-10,16,0,3,9,-5,-22,-3,-39,-31,0,0,-8,-22,sil
14.079532146453856,-7,21,6,20,18,-2,-5,0,-27,-22,0,-6,-11,-18,sil
14.079532146453856,-3,14,14,25,16,13,10,2,-13,-9,-3,-11,-9,-15,sil
14.08904790878296,-11,0,-2,11,5,18,13,0,-4,2,-7,-10,-9,-10,sil
14.1050124168396,-13,-4,-1,5,0,10,11,0,1,7,-8,-1,-7,3,sil
14.1050124168396,-1,4,11,19,5,7,7,3,4,4,-3,7,0,10,sil
14.120474100112917,8,0,4,18,4,4,9,4,12,7,9,9,10,11,sil
14.120474100112917,15,-7,9,1,-1,1,14,2,28,21,16,10,16,20,sil
14.136157035827637,16,-2,7,7,0,2,10,0,26,22,12,13,11,26,sil
14.136157035827637,13,0,7,15,0,-2,-5,0,10,5,7,17,4,19,sil
14.151312828063965,5,-1,4,5,-5,-2,-2,2,10,7,5,14,9,11,sil
14.151312828063965,-1,-2,-7,-2,0,6,11,1,14,19,1,0,9,5,sil
16.034237384796143,-12,1,-6,5,-1,2,-1,-5,-7,-12,-1,1,1,-2,thankyou
16.034237384796143,-21,2,1,4,-2,-1,-1,-1,-1,-1,-5,-4,0,0,thankyou
16.04938244819641,-18,-1,1,7,4,8,8,7,2,10,-3,-1,3,0,thankyou
16.04938244819641,-12,-3,-6,9,10,9,10,3,1,8,6,5,7,-2,thankyou
16.064937114715576,-14,1,5,12,3,-3,6,1,3,0,11,7,4,-2,thankyou
16.064937114715576,-18,-3,-7,5,-2,-3,7,0,1,-4,4,-2,0,-2,thankyou
16.087122440338135,-15,-3,-11,2,0,12,12,0,0,0,0,-1,0,4,thankyou
16.087122440338135,-1,10,3,13,6,19,23,0,11,5,3,7,4,16,thankyou
16.087122440338135,-3,2,2,2,6,9,23,0,12,7,0,0,-1,9,thankyou
16.09754514694214,-22,-13,-7,-19,8,4,5,-1,-4,-2,-12,-17,-15,-7,thankyou
16.113640785217285,-19,-8,-13,-12,10,7,-7,-2,-13,-9,-18,-20,-19,-10,thankyou
16.113640785217285,0,0,-4,-3,5,4,-7,0,-15,1,-13,-13,-11,1,thankyou
16.129178524017334,-3,-11,-9,-19,0,-2,-6,0,-10,15,-11,-17,-5,0,thankyou
16.129178524017334,-12,-18,-15,-30,-12,-15,-10,0,3,8,-10,-20,-5,-10,thankyou
16.144291162490845,6,-3,9,-14,-28,-20,-17,-1,5,-5,0,0,0,-5,thankyou
16.144291162490845,21,1,9,7,-25,-15,-17,-6,1,-3,10,13,6,6,thankyou
16.160320043563843,10,-12,1,4,-9,-5,-11,-7,4,2,0,0,-3,0,thankyou
16.160320043563843,4,-16,0,-6,-6,2,0,0,12,4,-1,-4,-7,-10,thankyou
16.175471782684326,12,-6,-3,-7,-15,3,10,6,15,-1,13,13,9,0,thankyou
16.175471782684326,14,2,6,-6,-8,1,12,1,15,-5,14,23,14,7,thankyou
16.19132161140442,13,3,0,-7,9,-2,8,0,18,5,7,6,8,6,thankyou
16.19132161140442,14,5,-3,-8,5,-5,1,5,14,9,2,2,11,10,thankyou
16.207037925720215,12,10,3,-3,-3,-4,-2,3,-2,0,-2,12,11,3,thankyou
16.207037925720215,10,12,2,7,7,-4,-3,0,-11,-1,-3,9,5,-1,thankyou
16.222405195236206,16,16,16,8,13,-1,0,6,0,3,2,8,5,7,thankyou
16.222405195236206,19,15,11,0,3,0,2,0,0,-2,3,12,4,6,thankyou
16.238104581832886,12,8,5,0,0,-5,-8,-10,-19,-19,1,13,-1,0,thankyou
16.238104581832886,6,5,10,4,5,-4,-22,-8,-24,-17,7,8,0,4,thankyou
16.254145860671997,1,2,0,2,9,-4,-19,-8,-15,0,8,1,4,-1,thankyou
16.254145860671997,-3,2,0,4,10,-1,-4,0,-14,1,-2,0,-6,-10,thankyou
16.269736528396606,-13,3,-8,15,13,9,4,8,-6,-2,-11,-13,-20,-9,thankyou
16.269736528396606,-19,4,-8,22,10,13,8,9,8,5,-8,-27,-16,-10,thankyou
16.28538680076599,-3,11,11,18,5,9,8,1,14,10,14,-4,1,-2,thankyou
16.28538680076599,4,11,5,14,7,10,9,-6,4,0,23,10,5,1,thankyou
16.30125594139099,-19,0,-9,11,8,11,3,-3,-18,-17,-6,-18,-19,-13,thankyou
16.30125594139099,-35,-9,-16,11,8,17,6,2,-25,-11,-25,-39,-26,-21,thankyou
16.316519021987915,-15,-17,-4,9,2,21,20,1,0,11,-9,-20,-2,0,thankyou
16.316519021987915,0,-19,7,-3,-8,9,18,-1,19,21,-4,-1,12,19,thankyou
16.33238697052002,-7,-18,-12,-20,-17,-7,3,-1,16,6,-11,1,9,14,thankyou
16.33238697052002,-3,-12,-8,-26,-16,-13,-3,0,11,-7,-1,12,13,6,thankyou
16.34765362739563,9,0,2,-14,-11,-20,-6,3,10,-9,19,23,20,2,thankyou
16.34765362739563,6,0,2,-11,-11,-22,-14,1,1,-9,15,16,6,-4,thankyou
16.3632972240448,-1,3,9,-9,-14,-4,-10,2,0,-1,-2,3,-7,-4,thankyou
16.3632972240448,1,10,5,6,-4,7,3,5,0,6,-2,-6,-3,1,thankyou
16.3783118724823,0,2,0,9,0,0,2,0,-7,0,-4,-4,-5,0,thankyou
16.3783118724823,-13,-17,-12,-5,-7,-1,0,-4,-8,5,-15,-1,-11,-6,thankyou
16.395103454589844,-10,-24,-16,-11,-3,4,10,0,15,31,-15,-6,-3,0,thankyou
16.395103454589844,1,-10,3,-7,-1,8,11,3,30,34,-9,-1,8,21,thankyou
16.40915036201477,8,-4,2,-2,-12,-3,-1,-3,22,22,-3,8,22,30,thankyou
16.40915036201477,12,-3,-3,-3,-6,-11,-7,0,12,5,0,9,20,16,thankyou
16.424412965774536,17,3,-5,-7,10,-5,-6,-1,1,-15,3,4,6,0,thankyou
16.424412965774536,17,9,-5,-11,8,-7,-13,-8,-11,-28,2,1,-2,-10,thankyou
16.4399197101593,9,12,11,-15,1,-17,-19,-4,-15,-28,4,8,-7,-16,thankyou
16.4399197101593,2,15,9,-4,8,-11,-5,2,-11,-17,16,8,-11,-15,thankyou
17.838404178619385,5,-17,-3,-23,-6,-5,-12,-5,17,8,9,1,7,13,thankyou
17.838404178619385,9,3,4,-2,0,-8,-29,-3,6,-4,3,3,5,3,thankyou
17.85400676727295,13,11,3,0,3,-12,-21,2,5,0,14,13,12,3,thankyou
17.85400676727295,18,8,14,1,0,-12,-9,3,2,10,21,30,19,14,thankyou
17.869715690612793,16,7,5,0,-4,-15,-15,0,-3,2,18,31,21,12,thankyou
17.869715690612793,9,11,9,6,-4,-18,-19,0,-8,-14,17,18,10,-1,thankyou
17.88506555557251,6,18,19,13,2,-13,-12,-1,-12,-13,19,13,0,-9,thankyou
17.88506555557251,6,15,11,6,3,-10,-10,-6,-17,-12,19,13,4,-6,thankyou
17.901127815246582,8,9,15,2,1,-5,-8,-6,-21,-30,18,16,6,-2,thankyou
17.901127815246582,9,8,8,18,12,6,4,-4,-15,-25,16,11,0,0,thankyou
17.916937828063965,3,9,2,19,16,13,11,2,-13,-10,3,-1,-10,-3,thankyou
17.916937828063965,-4,7,1,6,6,12,11,7,-10,-9,-9,-9,-15,-8,thankyou
17.932098865509033,-5,0,-7,1,3,17,14,2,-1,-2,-13,-14,-16,-8,thankyou
17.932098865509033,-12,-6,-8,0,4,22,15,3,-2,1,-24,-24,-24,-11,thankyou
17.948097467422485,-23,-7,-16,0,0,12,15,1,-8,-3,-26,-32,-26,-15,thankyou
17.948097467422485,-14,-2,-7,7,-2,2,10,0,-5,4,-6,-14,-10,-5,thankyou
17.963223218917847,0,1,4,13,0,5,0,3,1,18,4,-1,1,7,thankyou
17.963223218917847,-2,-2,-4,8,0,1,-2,5,15,18,-9,-12,1,9,thankyou
17.97877788543701,-5,-5,-1,1,-4,0,1,2,28,19,-16,-15,1,7,thankyou
17.97877788543701,-1,-3,-5,3,2,4,6,0,18,20,-14,-8,1,2,thankyou
17.994574069976807,-3,-8,-14,-6,5,2,8,-3,0,4,-20,-9,-7,-6,thankyou
17.994574069976807,-8,-19,-15,-29,-10,-4,9,-4,-4,-3,-22,-13,-9,-12,thankyou
18.01045823097229,-9,-20,-21,-30,-15,-3,3,-6,1,4,-13,-10,0,-7,thankyou
18.01045823097229,-3,-3,-6,-13,0,3,-2,-1,5,3,-7,0,3,3,thankyou
18.026073217391968,0,0,0,-11,-2,1,-4,-1,9,-3,-4,1,0,5,thankyou
18.026073217391968,-3,-13,-1,-26,-29,-13,-11,-4,0,-9,-7,-6,-2,0,thankyou
18.04122972488404,0,-11,-1,-26,-31,-18,-22,-3,-8,-18,-7,-2,-2,-1,thankyou
18.04122972488404,9,6,-1,1,-1,-9,-14,0,3,-4,11,13,10,8,thankyou
18.056357622146606,15,16,23,12,15,0,1,7,15,18,30,33,25,17,thankyou
18.056357622146606,14,4,26,-2,8,-2,1,7,13,19,31,36,27,16,thankyou
18.07197427749633,16,1,16,-2,0,-15,-9,0,5,0,31,33,20,12,thankyou
18.07197427749633,24,22,23,19,3,-12,-13,-2,-1,1,34,41,16,12,thankyou
18.096064805984497,23,30,15,28,14,0,-9,0,-6,11,30,35,11,5,thankyou
18.096064805984497,10,19,13,17,16,2,-3,5,-1,1,22,13,3,-1,thankyou
18.102538108825684,3,22,8,21,15,0,3,2,-4,-15,22,2,3,-3,thankyou
18.102538108825684,4,17,1,28,10,-6,0,-3,-26,-20,12,-3,0,-9,thankyou
18.11832928657532,-7,-3,3,18,2,-1,-7,-2,-38,-22,-9,-18,-18,-15,thankyou
18.11832928657532,-26,-14,-13,11,4,11,4,-1,-27,-33,-18,-32,-28,-20,thankyou
18.13446354866028,-22,-6,-13,20,10,20,19,-1,-13,-24,-13,-26,-18,-17,thankyou
18.13446354866028,-8,-11,-10,20,1,20,21,1,6,13,-10,-19,-7,-5,thankyou
18.14943671226501,-10,-23,-18,-3,-8,14,20,3,22,31,-22,-22,-10,0,thankyou
18.165043592453003,-12,-15,-13,-19,-2,18,23,5,17,15,-29,-20,-8,1,thankyou
18.165043592453003,-3,-7,-15,-12,8,24,28,3,17,15,-18,-16,2,15,thankyou
18.16604495048523,-4,-15,-14,-18,-2,7,13,2,21,24,-20,-20,0,20,thankyou
18.18212842941284,-15,-19,-18,-39,-26,-16,-10,-1,12,16,-35,-22,-4,1,thankyou
18.18212842941284,-15,-11,-22,-47,-27,-26,-19,-7,2,-4,-27,-13,-1,-9,thankyou
18.19775104522705,-2,-6,-4,-40,-9,-20,-18,-5,-7,-26,-10,-1,-2,-7,thankyou
18.2132534980774,8,-1,-1,-19,-2,-11,-16,-4,-4,-12,-1,6,4,-7,thankyou
18.2132534980774,13,11,6,-5,-4,-6,-7,-3,8,9,10,17,17,1,thankyou
18.2132534980774,7,14,10,-7,0,-11,-14,-2,0,-4,19,19,8,4,thankyou
18.229416131973267,1,8,3,-1,2,-19,-32,0,-29,-28,11,10,-11,-11,thankyou
18.229416131973267,5,16,29,23,4,-7,-20,3,-29,-19,8,18,-11,-9,thankyou
18.243980407714844,16,23,37,44,12,10,10,3,-3,0,20,28,0,13,thankyou
18.243980407714844,21,19,23,39,14,19,19,2,6,6,30,26,2,12,thankyou
18.25945806503296,12,7,12,25,7,21,15,7,8,17,27,18,3,0,thankyou
18.27550387382508,-1,-12,-4,8,-2,11,11,1,17,18,11,4,8,4,sil
18.27550387382508,-1,-18,-4,1,-9,-1,3,-4,21,7,-1,-1,7,14,sil
18.27550387382508,0,-2,-1,7,-4,0,5,-1,16,12,0,-2,4,8,sil
18.291135549545288,-8,-2,-4,2,1,5,6,2,7,18,-4,-7,1,0,sil
18.291135549545288,-10,-16,-15,-20,-3,0,-3,0,2,3,-13,-11,3,0,sil
18.30714607238769,1,-7,-16,-26,-10,-18,-20,-8,-5,-14,-7,-8,7,0,sil
18.30714607238769,12,20,9,-9,-3,-27,-30,-4,-22,-22,6,5,5,-4,sil
18.32347702980041,14,33,12,9,13,-7,-16,0,-18,-16,20,15,2,-2,sil
18.339151620864868,6,14,3,14,18,8,0,1,-5,-16,17,3,0,0,sil
18.339151620864868,-13,-2,0,6,8,7,1,0,-14,-12,-4,-15,-14,-15,sil
18.35468602180481,-26,-3,-14,4,5,1,7,1,-17,9,-17,-28,-27,-25,sil
18.35468602180481,-19,-4,-9,2,6,7,28,9,-3,14,-15,-27,-24,-14,sil
18.3702290058136,-11,-14,-11,-1,4,15,36,7,8,6,-13,-18,-8,-1,sil
18.3702290058136,-11,-17,-13,-7,0,15,29,1,12,18,-11,-9,1,5,sil
18.3702290058136,-9,-11,2,-8,-2,15,21,0,16,24,-8,-7,5,8,sil
18.386817932128903,0,-5,2,0,0,9,11,-2,16,11,-9,-7,11,8,sil
18.40103220939636,5,-8,4,0,-5,-5,-5,-7,8,2,-11,2,8,13,sil
18.40103220939636,5,-15,-2,-5,-13,-17,-17,-8,-3,-9,-7,8,1,15,sil
18.41616892814636,10,-7,-6,-2,-10,-13,-20,-3,-9,-19,0,13,7,10,sil
18.41616892814636,12,1,7,-2,-6,-8,-24,0,-3,-13,0,19,7,5,sil
18.43133044242859,5,-2,-2,-16,-11,-13,-22,0,-1,-7,-2,10,-4,-4,sil
18.43133044242859,12,6,1,-10,-7,-9,-13,1,-1,0,12,15,3,-1,sil
18.44699263572693,23,26,14,11,3,6,0,4,10,12,28,32,29,11,sil
18.44699263572693,12,11,7,6,1,4,5,3,20,6,19,19,22,7,sil
18.462188959121704,0,-2,4,-12,-1,-8,0,6,14,-7,11,2,0,0,sil
18.462188959121704,-5,7,-1,-8,5,-6,-3,0,8,-7,6,0,-8,-7,sil
18.478189945220947,-11,8,-3,2,8,1,0,-4,-2,-11,-8,-10,-14,-21,sil
18.478189945220947,-5,7,-4,9,5,1,0,0,-8,-7,-7,-16,-14,-20,sil
18.493324041366577,-3,10,-6,9,0,0,-8,2,-10,-1,2,-10,-10,-7,sil
18.493324041366577,-15,0,2,-1,-7,-1,-16,-1,-28,-14,-9,-10,-23,-13,sil
18.50883340835572,-13,-12,-7,1,-2,0,-5,-6,-37,-19,-17,-20,-30,-22,sil
18.50883340835572,-3,-7,-3,11,8,7,8,0,-21,-7,-5,-19,-14,-11,sil
18.52440857887268,-4,0,9,13,7,15,12,1,-10,1,-1,-9,-2,2,sil
18.52440857887268,7,4,8,17,4,8,13,0,-5,15,1,1,3,16,sil
18.540218114852905,22,9,21,25,11,4,20,3,9,29,11,16,19,33,sil
18.540218114852905,11,5,11,17,11,6,24,2,19,22,10,10,24,34,sil
18.556318759918213,0,-5,-3,-3,0,4,7,-2,17,12,-5,-4,11,22,sil
18.556318759918213,0,-7,-2,-10,-5,2,-4,0,27,22,-3,2,11,16,sil
18.57134795188904,-8,-6,-12,-13,-3,-5,-3,1,31,22,10,7,17,0,sil
18.57134795188904,-11,-7,-11,-23,-7,-9,-1,-1,17,1,7,3,8,-15,sil
18.587156772613525,-1,-13,-10,-25,-7,3,2,2,15,-2,4,4,8,-11,sil
18.587156772613525,-6,-14,-5,-23,-2,5,6,7,16,4,15,9,14,-6,sil
18.602283239364624,-12,-3,1,-21,-1,-10,-6,4,-4,-3,12,5,1,-22,sil
18.602283239364624,-1,4,0,-7,-2,-15,-23,-6,-19,-17,-6,-7,-18,-31,sil
18.617664575576782,5,11,6,10,0,-1,-17,-6,-16,-23,-11,-5,-23,-13,sil
18.617664575576782,4,14,7,23,6,9,1,-1,-10,-14,-2,4,-13,5,sil
18.633289337158203,3,3,1,19,3,9,8,-2,-16,-4,-15,-2,-15,5,sil
18.633289337158203,0,-8,-4,3,-6,-2,3,-7,-16,-8,-39,-20,-28,2,sil
18.648446798324585,0,-5,-9,0,-7,-12,5,-7,-7,-10,-26,-13,-13,10,sil
18.648446798324585,17,0,7,-1,-4,-12,0,-1,-2,-6,1,9,10,20,sil
18.664092302322388,25,3,3,-3,-4,-11,-17,0,-5,-9,8,11,12,18,sil
18.664092302322388,18,12,3,2,-1,-8,-25,4,-8,-7,11,15,10,9,sil
18.67963933944702,4,17,20,11,4,-2,-22,6,-10,1,21,20,10,0,sil
18.67963933944702,-15,4,-2,10,9,-1,-5,1,-13,-8,8,-3,-5,-17,sil
18.69492602348328,-25,-3,-15,9,12,15,23,2,-9,-13,-10,-17,-13,-19,sil
18.69492602348328,-18,-5,-8,13,13,31,41,8,13,16,-5,-5,5,1,sil
18.7100636959076,-10,-13,-9,-1,-2,11,24,5,34,34,0,-4,15,6,sil
18.7100636959076,-13,-22,-9,-32,-20,-7,0,4,28,17,-1,-8,6,-13,sil
18.726677179336548,-10,-16,-9,-40,-12,-2,-6,-2,18,9,12,0,6,-16,sil
18.741341590881348,4,2,8,-9,6,-1,-10,-5,6,9,25,11,8,6,sil
18.741341590881348,8,12,9,18,6,-2,-9,-2,-18,-3,6,1,-2,8,sil
18.741341590881348,2,2,-4,16,-1,8,12,-1,-19,-1,-17,-12,-7,0,sil
18.75724577903748,5,-4,4,1,-2,13,30,-2,12,16,-18,-9,0,8,sil
18.75724577903748,5,-5,-2,-4,-3,-2,8,-1,22,10,-10,-5,0,11,sil
18.7723171710968,8,0,1,-4,-6,-11,-17,4,8,-7,0,3,0,7,sil
18.7723171710968,24,17,19,5,0,-2,-18,4,13,0,25,22,15,13,sil
18.78754758834839,19,22,13,10,4,-6,-20,0,12,8,33,19,19,7,sil
18.80292224884033,2,13,9,0,2,-11,-25,-1,-11,-1,14,9,7,-2,sil
18.80292224884033,7,19,6,10,15,3,-8,0,-16,-4,15,13,3,0,sil
18.818995237350464,2,18,5,18,15,6,-2,0,-21,-15,10,5,-11,-3,sil
18.81999588012696,-25,-7,-9,-3,-3,-7,-11,-3,-36,-32,-22,-18,-29,-28,sil
18.83395838737488,-32,-23,-29,-13,-2,-1,0,-8,-22,-20,-36,-32,-29,-34,sil
18.83395838737488,-17,-11,-11,3,11,14,21,0,1,-2,-21,-22,-24,-14,sil
18.84914541244507,-10,-6,-2,11,3,13,28,4,1,1,-14,-13,-16,1,sil
18.84914541244507,-10,-14,-2,0,-8,8,24,-2,-3,2,-19,-9,-1,2,sil
18.86432719230652,-7,-11,-1,-8,-5,8,25,-1,2,0,-17,-5,2,4,sil
18.86432719230652,2,-2,-6,-4,-4,-3,24,3,13,0,-8,0,4,14,sil
18.880455255508423,10,-12,5,-14,-14,-18,5,3,15,12,-5,6,11,17,sil
18.880455255508423,1,-24,0,-32,-18,-18,-18,-2,9,10,-1,4,15,8,sil
18.895976781845093,5,-9,0,-18,-11,-8,-27,1,4,-1,16,12,17,8,sil
18.895976781845093,25,10,14,4,0,0,-19,4,8,1,33,31,22,15,sil
18.911163568496704,25,9,9,5,6,-7,-18,1,6,4,29,26,18,3,sil
18.911163568496704,14,8,7,2,2,-15,-20,0,-9,-6,17,10,3,-7,sil
18.92706155776977,17,18,5,3,5,-1,-4,0,-4,0,14,12,1,0,sil
18.92706155776977,11,19,6,1,9,12,11,0,8,8,9,10,3,4,sil
18.94207644462585,-13,12,7,13,7,6,0,-1,-3,0,-2,-6,-10,-7,sil
18.94207644462585,-22,5,-7,29,6,0,-7,-2,-18,-5,-11,-20,-20,-20,sil
18.957424879074097,-8,2,-2,22,4,10,2,0,-11,0,-9,-15,-12,-8,sil
18.957424879074097,-7,-1,-6,9,0,18,12,2,5,13,-2,-10,-3,6,sil
18.973042011260983,-17,-9,-22,-4,-2,12,11,1,10,16,-17,-14,-12,0,sil
18.973042011260983,-13,-14,-9,-13,-7,6,13,0,3,-4,-34,-18,-19,-8,sil
18.98912143707276,-6,-17,-11,-14,-9,6,15,0,5,-6,-20,-18,-6,-1,sil
18.98912143707276,-8,-17,-7,-19,-6,4,10,1,21,18,0,-4,8,9,sil
19.005247116088867,3,-5,6,-5,-4,-1,0,-3,22,15,9,13,17,15,sil
19.005247116088867,22,8,14,14,-1,-12,-17,-9,2,-8,21,23,22,14,sil
19.02136540412903,15,8,10,0,3,-23,-31,-3,-7,-12,22,20,15,2,sil
19.02136540412903,0,3,-2,-18,0,-20,-24,-2,-11,-12,15,6,2,-11,sil
19.03700304031372,0,8,5,0,0,-5,-9,0,-22,-20,13,1,0,-13,sil
19.03700304031372,1,16,7,18,7,0,0,3,-19,-18,10,2,4,-11,sil
19.05205464363098,-2,12,0,15,12,0,10,6,-10,-7,-1,-6,0,-8,sil
19.05205464363098,-11,4,8,11,11,9,24,11,-15,-5,-11,-12,-14,-4,sil
19.067869186401367,-15,-1,-1,9,8,13,28,8,-2,0,-17,-17,-17,-11,sil
19.067869186401367,-15,-9,-8,0,-4,3,23,2,10,9,-28,-28,-14,-14,sil
19.0833957195282,-11,-14,-6,-10,-10,0,18,1,4,15,-26,-26,-9,0,sil
19.0833957195282,0,-12,-7,-14,-4,0,8,-1,6,13,-8,-1,-1,14,sil
19.09925675392151,16,-7,3,-23,-6,-7,-9,-9,14,1,3,23,4,18,sil
19.09925675392151,20,-3,6,-20,-10,-14,-18,-11,7,-4,13,27,13,12,sil
19.11426091194153,17,4,14,-12,-3,-13,-25,-2,0,-1,24,25,18,7,sil
19.11426091194153,14,10,14,-6,1,-7,-31,-1,-1,2,28,22,11,7,sil
19.12965178489685,11,8,1,7,2,1,-19,-4,-9,0,21,14,0,5,sil
19.12965178489685,9,11,11,21,9,16,0,0,-14,-6,14,12,-1,2,sil
19.145108222961422,-2,9,0,20,10,17,2,0,-10,-14,3,0,-8,-1,sil
19.145108222961422,-21,-5,-16,6,1,6,-2,-4,-13,-9,-17,-22,-21,-10,sil
19.16116452217102,-13,-10,-7,8,0,14,11,5,-2,11,-21,-22,-12,-8,sil
19.16116452217102,5,-2,-4,18,8,22,26,7,20,26,-7,-7,7,9,sil
19.17647075653076,-1,-8,-8,3,0,7,16,0,27,14,-11,-4,3,10,sil
19.17647075653076,-20,-21,-22,-18,-15,-5,1,-2,21,3,-21,-14,-7,-6,sil
19.19200229644776,-20,-18,-19,-23,-15,-4,0,6,21,5,-16,-15,0,-8,sil
19.19200229644776,-8,-4,-3,-17,-3,-8,1,10,23,9,-6,-3,17,0,sil
19.207512140274048,5,0,0,-4,-1,-12,-2,4,19,5,5,7,19,3,sil
19.207512140274048,16,9,10,-1,-6,-9,-9,0,3,-12,11,15,7,4,sil
19.22307848930359,10,18,4,-7,-3,-9,-11,-5,-12,-20,5,11,-6,-3,sil
19.22307848930359,-1,18,3,-2,1,-14,-11,-8,-26,-19,5,4,-15,-14,sil
19.23851227760315,2,16,19,13,8,-8,-9,0,-28,-17,11,5,-5,-5,sil
19.23851227760315,8,12,6,19,12,-1,-2,0,-14,-5,3,-1,4,0,sil
19.254628896713257,0,0,0,12,5,2,4,-3,-14,2,-5,-9,-5,-5,sil
19.254628896713257,-3,-3,3,12,0,14,16,1,-18,3,0,-9,-9,-7,sil
19.269756317138672,0,-2,0,8,5,18,23,2,-8,5,0,-9,1,-2,sil
19.269756317138672,-6,-6,-1,2,4,7,18,-1,-6,7,-7,-6,2,0,sil
19.285635709762573,-7,-13,-7,1,-4,0,9,-4,-6,4,-2,-6,-2,0,sil
19.285635709762573,0,-13,4,-3,-8,-1,2,-2,4,-1,0,0,0,2,sil
19.3011441230774,2,-12,4,-12,-9,-10,-4,-1,8,-5,2,9,2,5,sil
19.3011441230774,9,-7,0,-12,-15,-23,-19,-1,1,-3,14,20,5,3,sil
19.31684422492981,22,5,17,-5,-14,-21,-27,1,3,-1,28,32,13,3,sil
19.31684422492981,26,17,16,2,0,-6,-16,1,9,-1,35,38,20,10,sil
19.332958221435547,14,19,15,14,13,6,-6,4,5,0,33,30,11,16,sil
19.34900164604187,-4,12,10,17,13,9,-9,0,-6,-7,15,8,0,8,sil
19.34900164604187,-16,1,-8,7,7,7,-11,-3,-15,-14,-8,-7,-7,-1,sil
19.34900164604187,-4,6,-7,4,9,19,3,2,-4,1,-20,-4,-5,4,sil
19.36480164527893,7,13,-8,14,17,31,24,4,18,26,-17,-6,1,8,sil
19.36480164527893,-7,0,-9,2,10,14,23,3,10,15,-23,-26,-11,-4,sil
19.380407094955444,-31,-15,-16,-16,0,-3,7,0,-3,-2,-39,-45,-29,-18,sil
19.380407094955444,-29,-17,-26,-16,0,1,5,-2,9,7,-38,-43,-18,-13,sil
19.395119190216064,-12,-17,-14,-20,0,8,9,-1,22,21,-18,-25,0,-1,sil
19.395119190216064,-6,-20,-18,-29,-6,-5,1,1,17,17,-6,-19,0,3,sil
19.411165475845337,-3,-15,-17,-31,-12,-18,-4,3,14,4,-16,-21,-2,4,sil
19.411165475845337,-4,-12,-13,-30,-14,-15,0,-2,10,-9,-32,-23,-7,-7,sil
19.42734122276306,-15,-16,-17,-32,-16,-11,-1,-8,-3,-15,-20,-18,-7,-23,sil
19.42734122276306,-15,-8,3,-27,-12,-7,-7,1,-10,-5,12,7,2,-13,sil
19.44244337081909,9,7,16,-1,0,-3,-6,2,-2,0,25,24,11,0,sil
19.44244337081909,27,15,19,21,3,-2,-8,-4,0,-10,11,22,14,-1,sil
19.45716118812561,21,17,25,18,4,-1,-11,1,-3,-11,23,28,18,5,sil
19.45716118812561,19,15,19,12,7,-5,-12,2,-11,-7,46,39,17,13,sil
19.47233414649964,18,13,22,23,0,-9,-12,-5,-23,-18,31,33,3,1,sil
19.48820948600769,10,10,14,30,-2,-6,-3,-4,-22,-20,6,16,-10,-7,sil
19.48820948600769,11,11,11,26,2,2,8,5,-12,-9,14,15,-11,3,sil
19.503415822982788,21,21,21,40,7,13,11,7,-4,0,34,29,6,15,sil
19.503415822982788,14,22,16,52,6,15,7,1,2,13,29,24,17,15,sil
19.518932342529297,0,4,14,38,3,10,0,0,-5,15,7,3,6,8,sil
19.518932342529297,-2,0,-1,30,10,14,10,0,-8,12,-2,-8,0,3,sil
19.53408122062683,3,6,-8,32,13,23,30,1,9,20,-12,-9,3,7,sil
19.53408122062683,0,-8,-8,0,-5,13,26,6,15,17,-27,-10,-1,14,sil
19.54930019378662,-17,-32,-29,-37,-19,-4,7,1,4,3,-29,-19,-4,7,sil
19.54930019378662,-30,-29,-29,-42,-6,-6,1,-7,7,5,-29,-28,-7,-3,sil
19.56473994255066,-28,-20,-24,-34,0,-2,1,-3,21,11,-28,-28,-6,-11,sil
19.56473994255066,-21,-20,-28,-40,-7,-7,-6,1,14,0,-15,-19,-3,-11,sil
19.58135199546814,-12,-12,-11,-36,-3,-12,-21,-1,-1,-3,-1,-7,-2,-7,sil
19.58135199546814,0,0,-1,-21,3,-18,-26,-6,0,-7,4,0,-2,-6,sil
19.596349239349365,1,3,5,-22,0,-17,-16,0,7,-19,2,4,-5,-6,sil
19.596349239349365,-3,4,0,-28,-5,-11,-10,0,-1,-21,-2,-2,-10,-15,sil
19.61199951171875,-3,7,0,-23,-1,-14,-19,-5,-21,-22,-6,-10,-10,-21,sil
19.61199951171875,0,11,9,-11,1,-15,-16,1,-22,-20,0,-1,-7,-14,sil
19.627077102661133,5,13,1,3,3,0,-2,3,-5,0,11,2,-1,-6,sil
19.627077102661133,13,20,12,12,8,12,-6,3,3,13,17,4,1,1,sil
19.64248967170716,17,20,26,13,12,10,-10,2,0,8,22,14,10,10,sil
19.64248967170716,9,6,11,13,4,3,2,1,-7,6,18,14,12,9,sil
19.658360958099365,9,4,6,17,-2,5,18,1,-14,3,0,6,2,8,sil
19.658360958099365,14,9,4,35,4,12,29,0,-2,7,-7,0,0,12,sil
19.673268795013428,6,0,3,40,8,16,23,0,6,10,-3,-4,0,12,sil
19.673268795013428,-9,-15,-4,17,1,14,8,-1,1,2,-6,-8,-4,4,sil
19.688629150390625,-16,-23,-15,0,-3,5,10,-3,0,-1,-23,-15,-9,-1,sil
19.688629150390625,-13,-17,-5,3,-4,3,19,-1,10,3,-31,-16,-4,1,sil
19.70454478263855,-9,-8,-9,10,-7,11,20,4,22,15,-10,-8,7,11,sil
19.70454478263855,-3,-14,-11,-5,-8,12,12,7,19,16,8,3,15,10,sil
19.720091819763184,0,-22,-6,-21,-4,0,0,1,15,3,10,9,14,0,thankyou
19.720091819763184,0,-10,-5,-9,-2,-5,-13,-4,18,-2,9,11,11,-5,thankyou
19.735939979553223,5,6,16,3,-2,0,-13,0,11,-1,7,17,7,-2,thankyou
19.735939979553223,9,3,12,-11,0,-5,-12,0,-4,-10,1,10,0,-4,thankyou
19.751320838928223,2,1,-3,-24,-6,-13,-25,-4,-19,-24,2,9,-4,-10,thankyou
19.751320838928223,0,16,3,-2,-10,-14,-26,0,-16,-18,14,19,-2,-9,thankyou
19.76686406135559,11,24,9,14,2,-21,-4,2,1,4,23,20,0,0,thankyou
19.76686406135559,17,18,16,7,11,-22,4,-1,5,9,15,15,0,1,thankyou
19.78229308128357,2,10,5,5,3,-8,-5,-6,-18,-10,0,2,-9,-4,thankyou
19.78229308128357,-7,4,-4,13,2,0,-4,-2,-32,-15,-8,-14,-17,-3,thankyou
19.79809260368347,-4,0,-5,9,9,10,13,3,-10,7,-10,-18,-12,2,thankyou
19.79809260368347,-11,-11,-18,-8,2,17,15,0,10,17,-13,-19,-2,1,thankyou
19.81334400177002,-14,-17,-11,-23,-7,2,-4,0,4,0,-16,-19,-4,-1,thankyou
19.81334400177002,0,-3,-3,-10,-7,-6,-12,0,4,-7,-4,-7,2,0,thankyou
19.8293616771698,4,0,-4,-9,-6,0,-6,-2,7,-6,11,5,13,0,thankyou
19.8293616771698,-2,0,2,-25,-7,-3,-6,-3,0,-9,20,11,8,0,thankyou
19.845372438430783,9,12,2,-4,4,-10,-3,4,-1,-1,21,8,3,1,thankyou
19.845372438430783,20,24,13,18,18,-1,-1,9,0,6,11,3,6,6,thankyou
19.861467123031616,3,10,5,2,13,5,0,4,-15,0,-5,-5,0,0,thankyou
19.861467123031616,-13,-4,-8,-1,1,3,0,0,-28,-10,-24,-16,-18,-12,thankyou
19.876638650894165,-22,-5,-3,18,4,17,12,0,-13,-5,-31,-28,-21,-8,thankyou
19.876638650894165,-23,-10,-12,18,13,27,29,0,6,13,-18,-33,-10,0,thankyou
19.892646312713623,-16,-12,-4,7,3,15,25,0,4,20,-11,-19,-7,0,thankyou
19.892646312713623,-3,-6,8,6,-11,1,5,-1,5,15,-16,-6,-6,2,thankyou
19.90742301940918,9,-9,3,-1,-11,2,1,-1,19,15,-11,1,6,8,thankyou
19.90742301940918,9,-12,1,-9,-3,4,9,4,18,10,5,14,18,6,thankyou
19.923014163970947,-1,-4,-6,-4,-2,-4,2,1,8,0,12,17,15,0,thankyou
19.93903589248657,0,-2,-2,-6,-7,-13,-7,-1,7,-3,5,7,7,0,thankyou
19.93903589248657,6,-12,0,-15,-11,-6,-6,-1,9,-6,0,2,-3,-2,thankyou
19.93903589248657,2,-8,2,-6,-8,-11,-5,1,2,-10,1,6,-9,-6,thankyou
19.95418071746826,13,11,21,10,-2,-18,-9,0,1,-6,12,25,6,9,thankyou
19.95418071746826,27,18,15,18,4,-1,-1,-2,16,10,27,36,28,26,thankyou
19.97136330604553,18,6,6,6,10,12,2,2,24,17,32,30,28,21,thankyou
19.97136330604553,8,4,9,4,10,3,-4,1,12,14,28,25,17,13,thankyou
19.98593711853028,13,10,4,13,10,-4,-6,-13,-6,-2,14,14,6,8,thankyou
19.98593711853028,12,9,3,5,7,-1,-6,-12,-24,-25,-8,0,-5,-4,thankyou
19.999978065490723,-7,-4,-17,-22,-7,-5,-12,-2,-28,-29,-16,-12,-15,-18,thankyou
20.015965700149536,-29,-13,-26,-36,-22,-7,-19,0,-23,-30,-20,-23,-24,-24,thankyou
20.015965700149536,-27,-6,-15,-15,-14,0,-11,5,-14,-26,-26,-28,-23,-26,thankyou
20.033350467681885,-10,4,-7,3,0,0,3,11,2,2,-9,-19,-4,-18,thankyou
20.033350467681885,-6,4,5,-3,-1,-4,9,5,12,24,9,-6,4,-4,thankyou
20.03434705734253,-6,-1,-3,-1,0,0,3,0,3,9,2,-7,0,-1,thankyou
20.047691345214844,5,1,-3,11,1,0,-6,0,-6,-6,-4,-4,1,0,thankyou
20.06342935562133,6,9,10,8,-4,0,-10,1,-9,-5,0,-2,2,0,thankyou
20.06342935562133,-6,4,1,4,-1,2,1,-1,-8,-1,0,-8,-7,-1,thankyou
20.080528259277344,-8,0,1,5,12,4,13,0,-5,1,-13,-8,-20,-2,thankyou
20.080528259277344,-3,1,-2,4,15,3,9,-1,-4,1,-13,-5,-20,-7,thankyou
20.080528259277344,-3,0,-7,1,9,4,3,1,0,2,-4,-4,-16,-4,thankyou
20.102731943130493,0,-2,0,5,11,12,11,7,6,14,5,0,-4,10,thankyou
20.102731943130493,4,-2,1,13,14,14,18,1,11,22,20,2,11,18,thankyou
20.11124563217163,3,-2,14,2,2,10,10,1,13,17,21,1,19,18,thankyou
20.12702989578247,0,-4,5,-11,-3,1,3,4,21,18,4,-2,17,14,thankyou
20.12702989578247,6,-2,0,-5,3,-6,3,-3,14,11,-3,0,12,6,thankyou
20.143299341201782,13,8,16,9,4,-5,1,-7,-2,-3,4,16,10,11,sil
20.143299341201782,9,12,4,4,-8,-2,-3,-6,-13,-9,2,19,5,11,sil
20.143299341201782,3,1,-4,-9,-14,0,-13,-5,-21,-14,-17,4,-8,-7,sil
20.157726526260376,0,-4,-1,0,-6,-1,-12,0,-14,-18,-18,-6,-10,-15,sil
20.17343807220459,-2,-2,0,5,0,-6,-2,1,1,-13,-5,-4,0,-1,sil
20.17343807220459,-1,-7,2,-8,-5,-6,-2,-3,4,-5,-2,3,0,1,sil
20.18894100189209,-1,-19,-13,-17,-12,-2,-9,-3,5,3,-1,0,2,0,sil
20.18894100189209,-4,-12,-9,0,-8,0,-4,2,14,8,1,-2,13,6,sil
20.20437073707581,-8,-5,-3,6,-10,0,4,0,15,0,0,0,8,0,sil
20.20437073707581,-11,-16,-9,-16,-17,-10,-2,-1,4,-4,-2,-3,-6,-12,sil
20.220317363739014,-4,-8,-1,-23,-11,-6,-11,3,-2,-2,1,-1,-6,-14,sil
20.220317363739014,5,11,-3,1,0,3,3,3,5,-1,7,6,1,-9,sil
20.235670804977417,5,9,-2,2,2,-1,12,1,8,-5,3,10,0,-3,sil
20.235670804977417,4,4,0,-11,6,-6,0,2,-3,-8,2,11,-2,0,sil
20.25115466117859,12,16,1,7,16,1,0,1,-11,-3,8,11,-1,-2,sil
20.25115466117859,14,26,19,28,23,11,11,4,-3,8,11,10,0,1,sil
20.26656222343445,10,21,19,24,27,8,13,1,7,15,16,12,7,10,sil
20.26656222343445,4,9,8,12,16,0,1,0,-2,0,7,10,1,7,sil
20.28149175643921,0,4,-1,7,0,-4,-7,0,-15,-6,-5,-3,-8,-2,sil
20.28149175643921,-2,5,-3,9,0,0,-7,-2,-10,6,0,-15,-4,-1,sil
20.29714560508728,-13,-1,8,6,1,8,-3,-3,-9,3,-3,-17,-8,2,sil
20.29714560508728,-35,-27,-14,-9,-14,9,-2,-4,-24,-12,-32,-39,-26,-9,sil
20.312206983566284,-30,-36,-25,-16,-21,3,-2,-1,-16,-7,-40,-50,-21,-11,sil
20.312206983566284,-8,-16,-8,-4,-4,5,4,2,16,17,-12,-20,8,7,sil
20.327574968338013,-2,-11,-12,-11,0,1,1,-5,27,24,5,2,21,14,sil
20.327574968338013,2,-11,-5,-23,-12,-6,-11,-4,16,8,14,12,14,6,sil
20.343644857406616,18,5,7,-4,0,-2,-5,2,15,6,31,28,16,8,sil
20.343644857406616,20,14,16,2,10,-1,0,5,11,7,27,32,16,7,sil
20.3592050075531,13,8,10,-12,0,-8,-9,3,-1,-7,8,18,4,-4,sil
20.3592050075531,11,13,-3,-8,0,-14,-10,0,-5,-16,7,9,-2,-4,sil
20.374987840652462,7,22,8,6,0,-13,-2,-1,-10,-17,6,9,-6,0,sil
20.374987840652462,1,10,4,9,-11,-5,-7,-4,-19,-19,-4,1,-11,-12,sil
20.390454053878784,-1,0,-1,6,-3,2,-7,-3,-19,-21,-8,-7,-11,-16,sil
20.390454053878784,-2,4,10,6,10,8,9,0,-9,-12,-8,-7,-8,-4,sil
20.406382083892822,-2,1,1,11,4,7,19,2,-1,0,-10,-10,-4,-1,sil
20.406382083892822,-2,-4,-2,13,2,7,18,4,0,0,-11,-10,-4,-4,sil
20.4219617843628,-6,0,-4,17,11,13,24,3,4,4,-8,-8,-1,0,sil
20.4219617843628,-7,-5,-7,10,3,15,23,3,14,20,-9,-7,2,5,sil
20.43704843521118,-9,-17,-6,-10,-9,5,10,4,12,18,-16,-7,-1,3,sil
20.43704843521118,-15,-22,-13,-24,-12,-9,-3,-4,-3,-2,-23,-13,-16,-2,sil
20.45225691795349,-10,-17,-4,-21,-16,-10,-19,-12,-14,-9,-18,-9,-13,-1,sil
20.45225691795349,4,-9,-5,-12,-9,-3,-19,-5,1,5,1,5,15,14,sil
20.467790126800537,11,0,-4,-3,5,-5,-6,2,25,18,16,16,29,22,sil
20.467790126800537,12,12,17,1,7,-8,-2,8,29,14,20,23,19,9,sil
20.482925415039062,16,14,6,0,5,-7,-5,4,14,5,24,22,14,2,sil
20.482925415039062,13,16,2,2,10,-5,-8,0,-5,-5,21,16,11,5,sil
20.498396396636963,8,21,11,15,15,0,-5,-1,-15,-7,17,7,0,-3,sil
20.498396396636963,3,14,7,23,14,4,3,1,-10,5,16,1,-4,-9,sil
20.51437330245972,-1,0,5,19,6,15,16,3,-7,12,5,-3,-6,0,sil
20.5299391746521,-11,-16,-6,5,-4,21,20,-2,1,9,-10,-18,-11,-1,sil
20.5299391746521,-20,-20,-14,-15,-13,9,5,0,11,9,-19,-24,-13,-10,sil
20.5299391746521,-17,-11,-18,-26,-13,-7,-10,2,7,6,-12,-11,-5,-3,sil
20.54512643814087,0,-4,-13,-18,-8,-15,-6,0,2,-8,0,2,3,4,sil
20.54512643814087,12,3,13,-11,-10,-15,-4,-1,4,-17,5,13,8,0,sil
20.56123781204224,7,7,11,0,-9,-17,-15,-5,0,-10,14,19,15,0,sil
20.56123781204224,8,2,6,3,-1,-16,-16,-5,-14,-17,20,19,11,2,sil
20.57673716545105,8,6,10,1,5,-6,-15,-1,-17,-31,14,10,-3,-3,sil
20.59262466430664,1,19,2,12,9,2,-13,-3,-17,-25,-1,-3,-16,-15,sil
20.59262466430664,0,20,8,30,12,8,-1,-1,-20,-10,-9,-3,-16,-12,sil
20.59262466430664,0,3,3,23,8,12,9,2,-14,-1,-10,-5,-8,-7,sil
20.60917353630066,-11,-13,-3,-3,-1,13,8,2,-6,3,-26,-22,-11,-5,sil
20.60917353630066,-19,-17,-11,-10,0,18,12,4,-2,8,-38,-29,-22,-2,sil
20.62357378005981,-18,-17,-22,-4,4,17,13,2,-8,2,-29,-23,-18,-4,sil
20.62357378005981,-17,-12,-6,-9,-3,6,1,-1,-8,-3,-20,-18,-10,-4,sil
20.639222860336304,-11,-6,-5,-5,-7,4,2,-1,12,11,-15,-17,-7,-1,sil
20.640222787857056,0,-1,-6,0,0,3,12,1,25,28,-6,-8,1,3,sil
20.654354333877563,3,0,4,-9,0,0,10,2,17,21,2,2,13,10,sil
20.654354333877563,8,-2,4,-9,-2,-2,4,-3,19,13,17,11,22,20,sil
20.66982889175415,14,-1,8,-3,-8,-4,1,-3,21,14,28,25,32,28,sil
20.68545651435852,16,0,4,-1,-7,-6,1,0,14,16,28,29,33,27,sil
20.68545651435852,12,1,1,0,0,-2,2,2,14,15,23,19,24,19,sil
20.701069116592407,11,1,3,-3,3,-2,0,0,15,8,22,16,22,7,sil
20.701069116592407,8,1,-4,-3,0,-13,-3,-3,6,-1,22,16,15,0,sil
20.716116666793823,5,4,4,3,2,-9,-7,1,-4,-10,13,14,-1,-9,sil
20.716116666793823,5,11,4,3,5,-1,-4,1,-2,-11,4,8,-6,-16,sil
20.731268882751465,12,16,4,1,3,-9,0,0,0,-16,3,7,-7,-11,sil
20.731268882751465,10,18,18,13,4,-13,-2,1,-6,-21,6,7,-13,-5,sil
20.746649026870728,-5,12,-1,14,3,-10,-15,1,-19,-22,0,-6,-16,-12,sil
20.746649026870728,-10,1,-10,0,-2,-10,-20,1,-23,-25,-12,-13,-19,-18,sil
20.76200795173645,-6,1,-3,3,0,0,-10,0,-19,-18,-15,-11,-18,-12,sil
20.76200795173645,-10,1,1,6,4,9,-7,-6,-23,-7,-11,-11,-10,-5,sil
20.777550220489506,-12,-4,7,-5,0,6,-12,-10,-25,-6,-15,-6,-9,0,sil
20.777550220489506,-10,-15,-4,-2,-9,0,-7,-4,-12,-2,-20,-9,-11,-2,sil
20.793455123901367,-12,-9,-4,7,-3,7,7,4,-4,4,-18,-17,-13,-7,sil
20.793455123901367,-14,-3,-9,1,4,17,16,1,-3,9,-13,-17,-15,-9,sil
20.808959007263184,-11,-12,-18,-8,-2,7,11,-2,5,12,-16,-14,-14,-4,sil
20.808959007263184,-2,-14,-2,0,-11,0,9,7,10,11,-16,-6,-2,3,sil
20.824997425079346,4,-4,0,9,0,12,18,11,12,16,0,0,12,10,sil
20.824997425079346,1,-4,-2,0,7,14,16,1,14,21,11,-2,16,16,sil
20.84101247787476,-1,-8,-2,-9,-1,1,0,-7,12,19,2,-2,11,18,sil
20.84101247787476,3,-5,0,-1,-7,-5,-2,-5,9,6,-1,0,12,11,sil
20.856704711914062,3,-3,10,-6,-6,0,2,3,13,-2,3,-3,11,2,sil
20.856704711914062,0,-4,0,-13,-4,-1,2,2,23,3,10,-2,12,1,sil
20.87203025817871,16,3,3,-6,5,-2,0,5,30,14,22,23,27,17,sil
20.87245488166809,25,13,13,2,12,2,0,8,26,13,30,41,32,21,sil
20.887964963912964,11,9,1,-5,3,-3,-7,-1,2,-5,16,20,7,-1,sil
20.887964963912964,6,10,8,-13,2,-13,-13,-8,-16,-20,5,13,-7,-10,sil
20.90304589271545,9,17,9,0,13,-7,-3,-6,-11,-9,18,18,5,1,sil
20.90304589271545,5,20,6,16,10,0,-1,-2,-11,-3,21,10,4,0,sil
20.919059991836548,4,18,2,19,5,2,-5,0,-21,-14,8,0,-12,-12,sil
20.919059991836548,-5,3,-13,5,6,-3,-7,-3,-21,-19,-3,-11,-19,-19,sil
20.93510675430298,-25,-13,-10,-3,-3,-7,-7,-6,-23,-18,-22,-23,-23,-24,sil
20.93510675430298,-18,-12,-10,0,-10,0,3,-2,-21,-13,-30,-23,-23,-15,sil
20.95126247406006,-3,-11,-9,-3,-7,6,17,1,-7,-1,-24,-13,-15,3,sil
20.95126247406006,-14,-21,-8,-15,-13,1,9,2,2,7,-23,-11,-7,3,sil
20.96640181541443,-13,-19,-10,-11,-16,-8,-2,3,16,11,-14,-6,4,-1,sil
20.96640181541443,8,0,8,-6,-10,-12,-7,8,26,5,8,16,15,10,sil
20.98210334777832,11,6,8,-4,-3,-11,-13,4,15,-1,16,20,6,9,sil
20.98210334777832,0,6,0,2,0,-9,-14,-2,-10,-11,0,-1,-11,-11,sil
20.997244834899902,0,15,15,8,0,0,-13,-3,-23,-21,-11,-11,-20,-23,sil
20.997244834899902,0,16,13,15,8,3,-13,-3,-18,-14,-14,-10,-19,-20,sil
21.01337742805481,-5,6,7,19,21,12,-2,-1,-11,7,-13,-10,-12,-3,sil
21.01337742805481,-3,3,0,20,18,22,17,2,1,24,-3,-8,4,13,sil
21.029343843460083,3,0,0,21,3,18,24,4,15,27,11,-2,19,18,sil
21.029343843460083,0,-7,-1,17,2,14,24,2,15,30,11,-1,18,12,sil
21.044535875320435,-5,-13,-18,-1,5,14,28,3,19,30,5,-2,17,13,sil
21.044535875320435,5,-12,-10,-16,-4,3,20,9,31,22,8,9,26,28,sil
21.06119179725647,13,-11,-4,-14,-10,-9,3,0,26,4,12,18,25,28,sil
21.06119179725647,3,-13,-13,-21,-9,-13,-13,-15,-1,-16,4,7,5,2,sil
21.07624864578247,-3,-5,0,-27,-8,-10,-20,-7,-13,-21,4,1,-3,-9,sil
21.07624864578247,0,4,4,-8,-3,-9,-11,2,-6,-10,15,3,3,0,sil
21.09245347976685,3,6,3,5,-5,-7,-11,-7,-13,-15,8,6,0,1,sil
21.09245347976685,8,9,2,0,-8,0,-15,-11,-22,-20,0,5,-9,0,sil
21.107972621917725,17,14,5,-5,0,0,0,4,-4,-4,4,7,0,2,sil
21.107972621917725,12,14,13,0,2,-1,11,16,11,5,2,12,2,1,sil
21.122920274734497,-5,2,-2,12,4,0,1,7,6,1,-8,1,-10,-7,sil
21.122920274734497,-1,0,1,13,10,1,-1,2,0,0,-5,0,-13,-8,sil
21.13795018196106,11,1,10,0,8,-2,5,0,2,3,4,3,0,-9,sil
21.13795018196106,-5,-10,-7,-9,-6,-5,-1,-3,-3,0,-9,-14,-3,-22,sil
21.15307855606079,-27,-17,-8,-13,-11,0,-15,-3,-19,-11,-26,-23,-21,-26,sil
21.15307855606079,-15,-1,-3,-6,0,-4,-11,-6,-13,-12,-6,-8,-13,-11,sil
21.16864228248596,1,11,4,0,7,-10,-7,-4,0,-10,0,1,0,-2,sil
21.16864228248596,0,13,7,-4,3,-1,-6,0,1,-4,-10,0,-2,-5,sil
21.185102224349976,-8,2,-3,-8,0,0,-4,-2,-4,0,-1,-1,-2,-2,sil
21.185102224349976,-10,-3,-1,-1,3,0,-5,-1,-11,-1,3,-1,0,2,sil
21.200135707855225,-7,-1,-8,8,5,12,-2,3,-6,-2,-2,-6,0,-4,sil
21.200135707855225,-7,-2,-5,3,5,15,3,3,5,9,7,-5,-1,-4,sil
21.215505599975582,-3,-5,5,1,0,3,10,-1,5,12,16,-3,0,5,sil
21.215505599975582,5,0,3,21,-1,3,17,-2,-5,1,2,-2,2,7,sil
21.232357263565063,6,4,10,23,3,11,17,2,-3,-3,-6,-1,0,5,sil
21.232771396636963,-1,-1,0,6,9,11,12,0,7,2,-7,-12,-2,8,sil
21.246956825256348,2,-1,-3,12,7,9,20,-1,13,12,-6,-6,2,17,sil
21.2621591091156,19,8,8,27,3,10,29,7,15,21,4,17,16,26,sil
21.2621591091156,19,3,-3,13,-1,0,16,5,14,20,7,15,15,21,sil
21.277390003204346,9,-6,-2,-11,-13,-12,-2,0,10,7,-2,1,4,9,sil
21.277390003204346,7,-7,-2,-18,-18,-17,-9,0,12,8,0,9,8,4,sil
21.277390003204346,2,-8,-12,-20,-19,-11,-11,0,9,7,1,7,9,3,sil
21.29323434829712,-6,-5,-6,-16,-12,5,-4,-1,2,1,-5,-4,1,3,sil
21.29323434829712,1,0,3,0,1,13,9,1,11,9,0,1,10,6,sil
21.309674739837646,12,-4,8,-8,0,-1,1,7,13,3,9,18,21,6,sil
21.309674739837646,3,-9,-6,-27,-11,-18,-21,0,0,-17,5,21,14,1,sil
21.32467770576477,-4,-4,-13,-26,-15,-27,-35,-9,-19,-26,0,10,-8,-13,sil
21.339728355407715,-14,-1,-1,-21,-9,-22,-35,-6,-36,-32,-4,-3,-29,-31,sil
21.339728355407715,-24,0,-6,-11,1,-9,-23,-2,-33,-36,-8,-16,-30,-33,sil
21.35528945922852,-10,19,5,13,15,0,-8,0,-13,-13,0,-6,-17,-17,sil
21.35528945922852,1,30,10,24,18,1,-5,-1,-3,2,18,1,-5,-8,sil
21.37139916419983,-5,15,2,14,12,0,-9,-4,-9,-6,16,-7,-1,-11,sil
21.37139916419983,0,13,14,24,15,12,1,1,-8,0,2,-6,-2,-5,sil
21.38743019104004,12,17,10,35,20,19,13,1,-4,9,0,-3,-3,0,sil
21.38743019104004,0,-2,2,11,5,6,6,1,-12,-5,0,-9,-4,0,sil
21.38842964172364,-9,-19,0,-6,-4,2,8,2,-8,0,0,-9,0,0,sil
21.40304183959961,1,-11,-3,-1,4,13,22,1,10,25,-2,-2,6,9,sil
21.41809558868408,2,-1,5,3,4,8,23,0,17,14,-9,0,3,9,sil
21.41809558868408,0,-3,4,9,-6,-1,11,4,17,2,-6,0,1,7,sil
21.43329334259033,7,-4,5,0,-1,4,6,4,20,16,2,4,7,15,sil
21.43329334259033,10,-4,-1,-25,7,11,13,0,23,22,1,3,6,15,sil
21.44908547401428,1,-6,-12,-14,0,4,21,0,21,12,0,-1,2,9,sil
21.44908547401428,0,-1,0,0,-8,-3,8,2,7,-2,-1,8,2,7,sil
21.465144634246823,0,0,-6,-16,-9,-9,-2,-2,-4,-17,-15,2,-2,-2,sil
21.465144634246823,-7,-10,-17,-22,-12,-9,-2,-2,-9,-21,-26,-16,-14,-13,sil
21.48097014427185,-11,-4,-5,6,-16,-7,-1,-1,-8,-9,-18,-16,-9,-9,sil
21.48097014427185,-5,3,3,16,-15,-9,-4,-5,0,2,-3,-2,3,-1,sil
21.496331453323364,4,3,9,2,-5,0,-5,0,5,6,7,14,13,7,sil
21.496331453323364,8,5,0,7,3,3,-5,2,-1,2,17,19,18,9,sil
21.5120656490326,6,3,-3,9,0,-8,-16,-6,-9,-1,8,3,10,5,sil
21.51243615150452,0,-8,-4,-5,-11,-9,-23,-4,-4,-4,-7,-12,1,-2,sil
21.52799820899964,-8,-15,-13,-13,-6,3,-11,0,-6,-5,-6,-10,0,-10,sil
21.52799820899964,-10,-4,1,-7,7,5,4,3,-7,-2,4,4,-1,-5,sil
21.54326558113098,-1,1,2,-2,12,0,3,1,4,7,11,5,0,2,sil
21.54326558113098,0,0,0,-5,7,1,-7,1,0,6,9,0,1,-3,sil
21.55894684791565,-2,1,6,-2,8,9,-9,3,-10,2,10,4,0,-8,sil
21.55894684791565,4,7,0,11,15,12,2,1,4,17,18,10,6,3,sil
21.574239253997803,9,9,5,12,10,8,9,-4,5,10,4,5,0,6,sil
21.574239253997803,-2,1,-1,0,3,1,2,-3,-10,-12,-18,-8,-24,-10,sil
21.58938980102539,-4,5,-5,6,5,-2,0,2,-10,-10,-11,-10,-29,-13,sil
21.58938980102539,2,14,5,17,4,-1,1,1,-1,2,6,3,-8,0,sil
21.605313777923584,1,5,0,7,-3,-9,-2,-2,-1,-9,2,5,-1,5,thankyou
21.605313777923584,8,-1,10,-7,-11,-17,-6,0,0,-19,-2,7,-13,4,thankyou
21.621408224105835,10,6,10,-2,-9,-8,6,0,5,1,0,0,-20,1,thankyou
21.621408224105835,-4,10,-3,2,0,3,12,-1,0,9,-8,-16,-14,-1,thankyou
21.63696336746216,0,10,7,10,8,7,14,-1,-2,1,0,1,16,9,thankyou
21.63696336746216,19,9,8,12,5,8,23,1,16,13,35,28,52,24,thankyou
21.65216565132141,7,2,1,0,-5,0,9,5,19,19,32,16,41,12,thankyou
21.65216565132141,-9,-6,-6,-5,-5,-13,-12,3,6,0,6,-4,22,-4,thankyou
21.66726136207581,-1,-13,-7,-8,-1,-15,-15,1,12,-8,0,-4,27,0,thankyou
21.66726136207581,-5,-17,-1,-23,-8,-7,-17,3,8,-7,-8,-9,6,-3,thankyou
21.68252968788147,-27,-18,-16,-26,-11,-8,-24,-5,-15,-11,-27,-26,-27,-20,thankyou
21.682934045791622,-23,-15,-11,-25,-2,-3,-12,-7,-21,-20,-28,-20,-27,-17,thankyou
21.698128700256348,-1,-12,1,-25,-2,5,0,0,-9,-24,-12,-5,-12,-6,thankyou
21.698128700256348,8,-7,-1,0,-4,5,2,3,-5,-5,0,2,-3,-1,thankyou
21.7141706943512,3,-1,6,18,4,9,3,0,0,20,-2,12,0,4,thankyou
21.7141706943512,-6,-7,0,0,8,13,1,-2,0,9,-16,1,-15,-2,thankyou
21.73026895523072,-7,-8,-3,-5,-1,5,0,-2,-3,-13,-16,-7,-25,-13,thankyou
21.73026895523072,3,8,2,14,0,6,12,-1,4,4,0,5,-7,-4,thankyou
21.7460458278656,9,16,2,21,1,8,13,-1,0,11,1,9,0,1,thankyou
21.7460458278656,12,22,8,35,0,2,3,-1,-6,-3,-7,4,-7,5,thankyou
21.76115345954895,19,28,4,48,8,4,11,1,10,5,0,12,4,16,thankyou
21.76115345954895,8,10,0,19,11,5,11,5,7,1,1,11,9,12,thankyou
21.776453495025635,-9,0,-8,7,4,5,3,5,-15,-11,-4,-7,0,1,thankyou
21.776453495025635,0,-7,-4,-5,4,4,4,1,-3,14,1,-11,3,7,thankyou
21.79208374023437,17,-23,16,-63,-1,-5,0,0,15,31,15,0,11,9,thankyou
21.79208374023437,6,-6,2,-47,-11,-8,-3,0,12,18,25,0,13,4,thankyou
21.80799865722656,-7,31,-2,30,-1,1,4,0,8,18,27,-3,13,5,thankyou
21.80799865722656,-5,3,4,14,4,-1,0,0,1,10,13,-3,7,0,thankyou
21.823065996170044,-10,-40,-14,-39,-4,-17,-20,-6,-13,-12,-4,-11,-2,-11,thankyou
21.823065996170044,-20,-7,-10,-21,-8,-14,-22,-4,-19,-26,-11,-13,-9,-16,thankyou
21.839107036590576,-15,23,-8,10,1,-7,-8,-3,-13,-25,-7,-11,-11,-15,thankyou
21.839107036590576,0,1,-8,3,6,-8,-3,-3,-4,-14,-3,-6,-5,-6,thankyou
21.854616403579712,4,-7,2,-5,0,1,-6,2,1,-4,4,7,5,2,thankyou
21.854616403579712,-2,-2,-5,0,-4,4,-8,3,1,-1,10,11,9,0,thankyou
21.87031054496765,-6,-5,-1,2,-6,0,-5,0,0,-6,0,7,2,0,thankyou
21.87031054496765,8,1,14,11,7,6,7,0,12,-2,-3,11,0,10,thankyou
21.886496782302856,22,11,18,23,18,14,19,5,19,9,5,17,3,13,thankyou
21.886496782302856,8,3,8,10,2,3,10,2,11,12,11,15,6,4,thankyou
21.9011344909668,-3,-6,-8,-7,-10,-6,0,-2,6,5,8,9,4,-1,thankyou
21.9011344909668,7,0,5,1,-1,-4,4,2,4,5,-1,11,-1,0,thankyou
21.916245222091675,12,6,13,17,0,-4,5,2,0,6,-6,6,-6,-3,thankyou
21.916245222091675,-1,0,-2,3,-8,-4,-6,-5,-7,-2,-6,-9,-8,-11,thankyou
21.93237066268921,-11,0,-5,-10,-3,3,-6,-3,-12,-2,-11,-16,-9,-11,thankyou
21.93237066268921,-6,8,-3,-1,7,4,10,0,-5,0,-10,-9,-4,0,thankyou
21.94847822189331,2,5,6,8,0,-3,10,1,7,-7,-5,-1,-1,8,thankyou
21.96433472633361,1,0,-2,-5,-11,-6,-4,1,7,-7,-8,-10,0,4,thankyou
21.96433472633361,-5,-5,-13,-25,-9,-3,-10,-2,-9,-4,-9,-17,-2,0,thankyou
21.96433472633361,-4,-8,-4,-18,0,1,-8,-3,-21,-8,-3,-12,-6,0,thankyou
21.9804048538208,-1,-4,-10,-1,4,9,-5,-5,-14,-2,-3,-9,-3,-5,thankyou
21.9804048538208,6,9,2,11,12,15,5,3,5,11,9,8,13,6,thankyou
21.99523401260376,15,12,20,20,15,6,13,14,24,22,31,31,31,25,thankyou
22.010418176651,6,-4,7,3,-4,-12,-4,6,17,11,10,11,13,7,thankyou
22.010418176651,-5,-10,-5,-14,-19,-9,-11,-1,-1,-6,-22,-11,-16,-12,thankyou
22.011417627334595,-1,-9,-13,-1,0,9,11,0,-2,0,-12,-6,-11,0,thankyou
22.026306629180908,-6,-17,-6,-6,6,7,15,1,-8,2,-12,-8,-8,-3,thankyou
22.026306629180908,-20,-17,-4,-32,-10,-4,-2,-2,-17,-15,-27,-21,-19,-28,thankyou
22.04297471046448,-3,-4,-3,-16,-6,-2,0,0,-1,-16,-2,-3,-3,-15,sil
22.04297471046448,13,9,13,12,10,3,7,3,13,-6,23,20,13,10,sil
22.0574312210083,-7,6,0,6,6,-5,-5,-11,-7,-14,3,-1,-4,0,sil
22.058431386947632,-25,-3,-14,-8,-5,-12,-19,-20,-34,-23,-14,-27,-19,-19,sil
22.074951171875,-5,5,-1,2,3,0,-11,-3,-24,-2,4,-8,-1,-6,sil
22.08798098564148,9,17,8,22,13,1,-8,3,-8,15,18,12,9,9,sil
22.08798098564148,7,17,16,26,6,0,-16,-2,-11,10,4,10,0,8,sil
22.10997772216797,9,12,3,22,4,14,0,0,3,14,1,11,6,12,sil
22.10997772216797,4,0,-6,11,0,17,19,9,29,24,5,12,13,14,sil
22.10997772216797,-15,-18,-10,-4,-16,2,12,6,25,16,-7,-4,-5,0,sil
22.119384050369263,-13,-15,-16,-4,-14,0,10,0,26,16,-9,-7,-5,0,sil
22.1355242729187,17,6,7,5,4,8,24,4,42,26,14,21,20,25,sil
22.1355242729187,21,7,11,0,5,-5,10,0,32,13,28,25,26,16,sil
22.15112519264221,4,0,4,-8,-4,-28,-18,-1,1,-13,21,9,8,-12,sil
22.15112519264221,12,6,11,-5,-6,-23,-20,0,-7,-27,18,14,6,-6,sil
22.168662071228027,23,11,4,-2,-8,-11,-6,1,-1,-26,13,15,15,5,sil
22.168662071228027,10,7,8,-6,-4,-10,-7,2,-8,-20,2,0,8,-7,sil
22.168662071228027,-1,6,7,0,8,0,-2,0,-11,-14,0,-10,-10,-16,sil
22.18214178085327,0,9,2,10,11,12,11,-2,-11,-15,-1,-5,-18,-2,sil
22.197510480880737,1,11,10,14,7,9,9,0,-21,-5,0,5,-7,9,sil
22.197510480880737,-3,0,2,11,7,0,-3,-4,-26,10,1,0,-3,2,sil
22.21316695213318,-16,-17,-3,-2,0,0,-10,-7,-22,3,-23,-22,-20,-9,sil
22.21316695213318,-26,-22,-13,-13,-2,6,-5,0,-17,-2,-43,-37,-25,-13,sil
22.228676319122314,-14,-15,-19,-14,6,11,1,0,-10,10,-25,-23,-13,-1,sil
22.228676319122314,0,-5,-6,-8,10,14,5,-1,1,20,-10,-2,-3,13,sil
22.24465775489807,-6,-11,-9,-10,4,10,4,5,12,19,-22,-9,0,7,sil
22.24465775489807,-15,-17,-10,-25,-1,5,8,10,24,18,-30,-24,0,-3,sil
22.26098132133484,-12,-13,-12,-30,-7,5,19,2,25,12,-20,-20,-3,-8,sil
22.26098132133484,-11,-9,-18,-23,-14,-4,8,-7,7,-1,-12,-13,-4,-15,sil
22.27660036087036,-6,-2,-4,-10,-12,-9,-6,-1,3,-7,-5,-9,1,-11,sil
22.27660036087036,4,5,1,9,0,-3,-1,1,15,-2,17,1,11,2,sil
22.29200506210327,7,5,4,8,-6,-7,-2,2,2,-9,29,14,4,0,sil
22.29200506210327,0,0,1,-3,-17,-12,-19,-1,-13,-19,20,13,-1,-11,sil
22.30741047859192,7,2,4,7,-6,-7,-15,-3,-3,-9,21,19,18,0,sil
22.30741047859192,22,12,20,17,1,-3,-4,-1,2,-7,32,40,32,17,sil
22.322535037994385,19,20,7,10,-4,-8,-6,-5,-7,-14,25,38,16,13,sil
22.322535037994385,14,19,9,13,-3,-3,-10,-6,-17,-19,14,24,-2,5,sil
22.338261365890503,21,20,26,28,12,3,-7,0,-13,-16,20,24,-1,4,sil
22.338261365890503,12,21,15,28,15,-4,-1,1,-13,-7,21,17,3,5,sil
22.354347944259644,-7,11,9,21,7,0,4,-1,-13,7,5,3,0,3,sil
22.354347944259644,-3,3,5,26,16,21,20,1,6,22,0,-3,1,2,sil
22.370067596435547,5,0,3,19,20,19,21,5,16,15,-8,-17,-5,0,sil
22.370067596435547,-8,-12,-8,-3,1,2,7,2,0,0,-25,-29,-17,-3,sil
22.3851318359375,-18,-25,-16,-14,-7,6,6,-2,-1,5,-28,-23,-13,-1,sil
22.3851318359375,-11,-18,1,-8,0,9,15,1,16,21,-24,-14,-8,2,sil
22.40127301216125,-12,-14,-13,-15,-6,-5,7,2,12,13,-29,-23,-13,-7,sil
22.40127301216125,-15,-17,-30,-31,-17,-10,-8,-2,1,-5,-29,-22,-15,-14,sil
22.416937589645386,-1,-7,-8,-25,-9,0,-9,-2,9,-1,-12,-5,-6,0,sil
22.416937589645386,13,2,4,-7,4,-1,-1,3,17,14,3,6,8,12,sil
22.4321129322052,18,10,11,0,10,-7,0,7,11,14,12,22,22,10,sil
22.4321129322052,14,17,13,1,6,-4,-8,0,5,7,24,28,24,2,sil
22.448103427886963,6,8,11,-3,-6,-10,-20,-6,-3,-3,21,12,11,-4,sil
22.448103427886963,0,1,1,-12,-15,-16,-19,-3,-17,-21,3,-2,-2,-9,sil
22.46360445022583,-6,4,-12,-4,-2,-11,-2,0,-14,-22,0,-4,-5,-9,sil
22.46360445022583,-13,1,1,7,11,3,7,4,-11,-13,0,-3,-5,-5,sil
22.479668140411377,-15,-6,-2,15,11,15,4,3,-12,-1,-1,-10,-6,-5,sil
22.479668140411377,-9,-4,-15,15,3,17,4,-1,-10,9,1,-10,-7,-3,sil
22.49535322189331,-9,-2,-7,8,1,16,10,-1,-8,4,6,-6,-8,2,sil
22.49535322189331,-15,-14,-16,-2,-1,5,7,2,-3,-5,0,-13,-7,3,sil
22.51144433021545,-8,-20,-8,-10,-9,-1,0,7,11,5,6,-9,1,6,sil
22.51144433021545,0,-13,0,-6,-5,4,7,6,29,21,27,3,11,11,sil
22.52710175514221,1,-9,-5,-10,4,5,15,-1,29,6,15,5,5,5,sil
22.52710175514221,3,-8,0,-17,0,-5,2,-2,14,-11,-17,3,0,1,sil
22.54238748550415,12,-3,3,-9,-10,-14,-8,-5,-1,-2,-18,2,7,6,sil
22.542803287506104,17,0,9,-4,-6,-11,-4,-5,-8,6,-5,9,14,6,sil
22.557953596115112,16,13,8,-4,9,-3,1,-1,-12,-3,-7,15,12,-4,sil
22.557953596115112,12,26,6,0,-2,-14,-10,-7,-25,-25,-17,3,-8,-16,sil
22.57314968109131,3,12,16,-10,-35,-21,-25,-14,-30,-32,-17,-8,-28,-18,sil
22.57314968109131,0,5,11,-14,-8,-1,-7,-6,-3,-5,4,3,-4,-6,sil
22.588664770126343,9,37,17,23,37,13,10,8,14,17,23,28,22,11,sil
22.588664770126343,18,48,17,45,20,5,0,2,-1,8,16,28,10,12,sil
22.60435795783997,6,13,2,19,0,-1,-8,-1,-11,-6,5,3,-6,1,sil
22.60435795783997,-11,-4,1,2,24,4,0,8,-3,0,0,-9,-4,-3,sil
22.6199734210968,-12,-4,-5,18,13,7,1,7,-1,7,-4,-9,-2,-7,sil
22.6199734210968,-2,-8,-1,23,-15,8,3,2,-7,-1,-5,-2,-9,-4,sil
22.63604736328125,-5,-13,-2,14,-3,17,13,2,0,-7,-7,-5,-11,0,sil
22.63604736328125,-14,-22,-20,-2,0,14,15,0,7,-3,-22,-25,-13,-5,sil
22.652162790298465,-14,-31,-15,-28,-25,1,9,1,10,0,-32,-34,-18,-3,sil
22.652162790298465,-9,-23,-8,-20,-22,0,9,2,17,9,-15,-13,-2,13,sil
22.667543649673465,-3,-4,1,11,-2,2,9,2,23,27,6,6,20,21,sil
22.667543649673465,-7,0,-4,11,4,0,3,5,21,27,11,-1,16,7,sil
22.68334150314331,-14,-17,-21,-15,2,-2,-4,1,13,9,2,-15,0,-5,sil
22.68334150314331,-8,-20,-5,-24,1,-4,-10,-3,4,1,-1,-4,3,3,sil
22.69945478439331,1,-2,0,-14,1,-7,-11,-7,1,4,0,2,5,6,sil
22.69945478439331,0,0,-9,-13,-1,-9,-12,-8,-1,1,3,0,-3,-9,sil
22.715232372283936,0,-2,-2,-11,0,0,-5,-3,-4,-1,17,8,2,-12,sil
22.715232372283936,13,11,0,-1,15,-5,0,0,-1,0,35,21,16,2,sil
22.731140613555908,24,19,11,1,11,-20,-6,0,-5,-6,28,24,9,6,sil
22.731140613555908,19,7,6,-6,-3,-17,-17,-4,-14,-14,9,15,0,-7,sil
22.7459774017334,6,1,-4,-13,-4,-2,-13,-2,-13,-10,4,3,0,-13,sil
22.7459774017334,11,15,11,-6,2,1,1,5,-5,-6,14,9,3,0,sil
22.76201891899109,16,25,20,5,3,0,9,5,-5,-13,15,15,4,7,sil
22.76201891899109,0,13,17,4,0,2,1,2,-14,-21,0,3,-4,0,sil
22.777657508850098,-11,7,4,10,0,3,0,4,-13,-7,-3,-1,-9,-6,sil
22.777657508850098,4,14,7,19,0,3,5,5,-12,0,-1,9,-5,0,sil
22.793667554855347,8,12,17,20,0,10,9,0,-16,-5,-16,4,-7,2,sil
22.793667554855347,-7,1,4,24,2,12,9,-9,-9,-1,-23,-12,-9,1,sil
22.809281587600708,-11,-2,2,23,5,11,4,-3,0,7,-16,-11,-3,1,sil
22.809281587600708,-7,-9,-3,10,3,17,1,0,1,5,-14,-13,-5,-2,sil
22.82468819618225,-10,-19,-16,-3,0,10,7,-2,5,5,-17,-22,-10,0,sil
22.82468819618225,-11,-16,-10,-8,-3,-2,9,-1,8,8,-17,-16,-3,4,sil
22.84121870994568,-14,-16,-19,-3,-5,-6,2,-1,7,8,-17,-15,-3,-1,sil
22.84121870994568,-14,-14,-11,-3,-6,-1,3,1,9,7,-16,-22,-14,-2,sil
22.85633063316345,-7,-11,-7,-12,-6,4,15,5,19,10,-15,-16,-4,7,sil
22.85633063316345,-6,-16,-18,-23,-5,0,12,3,25,10,-11,-5,12,9,sil
22.87209296226501,-7,-16,-11,-24,-8,-5,-5,-2,19,-2,0,-1,9,1,sil
22.87209296226501,2,-3,-9,-14,-6,-8,-11,-5,19,-6,8,-2,5,-5,sil
22.88750004768372,13,7,-1,-9,2,-8,-7,3,16,0,6,0,14,-2,sil
22.88750004768372,13,9,2,-7,4,-9,-11,3,4,-2,4,11,18,4,sil
22.90231990814209,14,11,1,0,0,-7,-13,-2,-4,0,19,21,14,7,sil
22.90231990814209,25,16,21,3,1,3,-8,1,-2,14,38,33,16,10,sil
22.918444395065308,26,15,20,5,9,3,-7,4,3,16,42,34,27,10,sil
22.918444395065308,15,12,16,9,8,-9,-8,0,-2,1,34,32,17,3,sil
22.93394184112549,3,14,12,14,5,-10,0,-1,-24,-12,19,23,-12,-9,sil
22.93394184112549,-9,3,-2,8,-1,-10,0,-3,-39,-29,-2,-1,-32,-25,sil
22.949472188949585,-19,-6,3,1,-9,-16,-9,-1,-31,-31,-12,-11,-26,-23,sil
22.949472188949585,-16,-2,4,0,-4,-7,-7,0,-9,-5,-4,-6,-10,-4,sil
22.96549725532532,-11,0,2,0,0,8,-1,-3,0,4,-4,-9,-7,-1,sil
22.96549725532532,-11,-3,1,6,0,15,-5,0,-2,0,-8,-17,-13,-13,sil
22.981109142303467,0,0,-4,13,3,15,-1,5,-2,3,-7,-14,-10,-3,sil
22.981109142303467,9,5,7,13,6,13,6,2,1,4,-4,0,0,15,sil
22.99720907211304,7,3,5,13,3,9,9,-2,0,4,-1,3,6,16,sil
22.99720907211304,2,-1,-2,12,5,9,15,-1,-5,12,-4,-2,10,12,sil
23.01272845268249,-6,-5,-6,0,9,15,25,-3,0,15,-9,-10,9,6,sil
23.013349056243896,-14,-9,-16,-12,0,5,17,-7,0,6,-12,-22,-2,-8,sil
23.02841114997864,-5,-5,-6,-10,-8,-4,3,0,-7,-10,-19,-23,-15,-11,sil
23.02841114997864,0,0,-8,-3,-2,-1,6,1,0,-21,-17,-7,-8,1,sil
23.043972492218018,-4,-7,-12,-13,0,0,10,-1,25,-11,-9,4,5,4,sil
23.043972492218018,-5,-12,0,-21,-2,-2,4,3,30,5,-8,0,3,-2,sil
23.06005907058716,0,-6,-4,-5,0,-1,0,4,17,9,-9,-11,-9,-5,sil
23.06005907058716,2,4,0,0,0,-1,-6,-3,5,3,-6,-2,-6,-4,sil
23.07523775100708,5,2,0,-6,0,-6,-10,-4,8,6,4,10,14,2,sil
23.07523775100708,0,-9,-4,-17,0,-9,-11,1,3,2,11,6,16,9,sil
23.0903844833374,-8,-7,3,-18,-4,-5,-15,-1,-12,-6,5,6,1,3,sil
23.0903844833374,4,6,2,0,-10,-3,-10,-4,-13,-4,8,17,8,3,sil
23.10629749298096,20,13,11,14,-3,-7,-1,9,3,0,22,28,19,13,sil
23.10629749298096,18,12,10,9,4,-5,1,14,11,7,23,15,9,4,sil
23.12215733528137,14,7,0,4,3,1,2,2,0,13,5,-2,-2,-6,sil
23.12316417694092,9,7,0,5,-1,5,-2,0,-5,14,0,-1,0,2,sil
23.137625217437744,3,6,-4,8,0,-2,-10,2,10,21,20,10,18,14,sil
23.138625144958496,2,3,9,7,2,-11,-8,0,16,15,24,13,19,8,sil
23.15371012687683,-3,-3,5,-1,-3,-4,0,-3,-1,-12,0,-1,-2,-6,sil
23.15371012687683,-11,-7,-12,-1,-3,0,1,0,-12,-28,-15,-19,-22,-18,sil
23.169755220413208,-8,1,2,9,3,-4,0,-1,-15,-20,-20,-16,-27,-16,sil
23.169755220413208,-11,0,6,4,2,-3,1,-9,-19,-16,-21,-12,-24,-11,sil
23.18468260765076,-6,-7,3,-1,0,6,3,-5,-16,-11,-9,-7,-12,-2,sil
23.19925284385681,4,0,5,8,0,8,1,-2,-6,3,9,12,8,12,sil
23.19925284385681,-2,8,0,7,-1,1,-2,-5,-4,9,22,22,21,15,sil
23.214370489120483,-13,1,2,-9,-3,2,-6,0,-6,-1,16,10,7,-2,sil
23.214370489120483,-13,-5,-13,-10,2,6,-2,4,0,-16,-7,-19,-19,-27,sil
23.229780197143555,-17,-5,-17,-5,2,3,1,0,-12,-33,-32,-40,-42,-37,sil
23.229780197143555,-14,0,-4,5,0,6,9,0,-23,-32,-28,-28,-34,-25,sil
23.245789527893063,5,0,1,19,5,18,21,1,-5,-1,-6,-1,-4,1,sil
23.245789527893063,18,3,15,18,13,23,24,8,14,33,0,12,17,26,sil
23.2610776424408,14,3,6,15,14,14,15,7,13,45,0,2,21,31,sil
23.2610776424408,8,-4,-3,4,0,1,9,-2,16,30,2,0,22,22,sil
23.27713298797608,6,-16,-6,-23,-9,-5,8,-1,38,20,12,11,27,15,sil
23.27713298797608,4,-16,-14,-37,-6,-12,0,2,40,16,13,10,20,10,sil
23.29327416419983,2,-3,0,-19,-8,-14,-15,2,12,-1,1,3,4,2,sil
23.29327416419983,10,7,4,0,-11,-16,-16,-4,2,-10,1,8,3,0,sil
23.308728218078613,16,11,7,0,-1,-23,-18,-4,0,-2,10,19,5,-2,sil
23.308728218078613,5,10,10,-4,0,-15,-25,0,-21,-11,4,11,-9,-9,sil
23.323978900909424,-10,0,-5,-4,-1,0,-14,0,-28,-18,-12,-10,-20,-14,sil
23.323978900909424,-18,-10,-7,-2,0,6,3,0,-12,0,-22,-19,-14,-11,sil
23.33900809288025,-18,-9,-10,-2,2,10,8,0,-3,14,-13,-14,-6,-5,sil
23.33900809288025,-8,-5,-1,1,1,12,8,1,5,8,0,-4,2,7,sil
23.35413384437561,1,-2,10,1,-1,1,8,0,24,2,1,6,16,21,sil
23.35413384437561,6,-1,-8,-11,-11,-15,0,-3,20,4,4,9,20,16,sil
23.370248317718502,10,8,0,-15,-12,-18,-13,0,-4,-6,16,16,13,7,sil
23.370248317718502,11,19,12,8,5,-10,-16,1,-11,-20,24,17,8,0,sil
23.386287927627563,3,12,3,15,13,-4,-13,-1,-11,-23,15,3,-3,-13,sil
23.386287927627563,-2,8,7,1,6,3,-8,0,-18,-18,4,-2,-21,-19,sil
23.40240812301636,1,14,8,9,12,14,3,2,-17,-14,8,-3,-19,-16,sil
23.40240812301636,4,14,8,21,12,12,13,0,-8,-1,15,0,0,-7,sil
23.4184353351593,-8,0,-3,12,-4,10,16,2,0,14,8,-3,8,0,sil
23.4184353351593,-14,-13,-8,12,-5,11,9,0,-6,11,-11,-10,-4,-1,sil
23.434438943862915,0,0,8,25,10,12,6,-3,-16,1,-16,-3,-9,0,sil
23.434438943862915,6,6,6,21,8,9,14,-6,-1,8,0,2,-1,5,sil
23.45000910758972,-2,-5,0,4,-9,2,13,0,13,11,-1,-2,-4,8,sil
23.45000910758972,0,-14,-9,-4,-10,0,4,2,4,5,-15,-11,-9,6,sil
23.46519160270691,-2,-16,-17,-12,-5,-3,0,-5,-2,2,-24,-16,-12,1,sil
23.46519160270691,-19,-19,-9,-20,-11,0,-4,-8,0,-7,-29,-16,-24,-9,sil
23.481401205062863,-18,-15,-19,-18,-9,2,-1,0,8,-9,-27,-20,-23,-17,sil
23.481401205062863,-9,-9,-18,-24,-4,0,2,8,7,0,-27,-22,-8,-11,sil
23.497000694274902,-10,-12,-7,-25,-3,1,0,2,5,0,-21,-8,4,-1,sil
23.497000694274902,0,-6,-1,-9,-1,0,-5,1,17,-1,6,14,19,6,sil
23.51251983642578,20,13,13,-4,0,-10,-6,13,26,15,34,30,32,15,sil
23.51251983642578,20,15,9,-3,0,-16,-5,7,20,24,30,27,31,20,sil
23.52850770950317,13,5,11,0,1,-15,-12,-2,13,9,16,22,21,17,thankyou
23.52850770950317,15,12,15,1,2,-13,-18,-3,8,2,22,20,15,6,thankyou
23.54353380203247,13,19,7,7,2,-15,-12,-4,-7,-4,31,16,11,0,thankyou
23.54353380203247,5,6,14,8,5,-12,-7,-4,-26,-24,16,7,-1,-2,thankyou
23.559160470962524,0,-1,3,0,14,-3,-3,-3,-26,-22,0,-7,-11,-12,thankyou
23.559160470962524,0,13,0,11,17,9,8,-2,-11,0,0,-10,-3,-9,thankyou
23.57436394691468,-5,15,7,22,4,17,11,0,-3,5,0,-5,4,1,thankyou
23.57436394691468,-15,-13,-7,-3,-8,6,-7,-1,-15,-7,-9,-12,-2,0,thankyou
23.589887380599976,-12,-21,-7,-17,-6,3,-12,-3,-22,-13,-11,-12,-9,0,thankyou
23.589887380599976,-2,0,-4,4,1,15,10,0,0,-1,-2,-9,0,5,thankyou
23.60504007339477,3,10,0,15,4,10,20,8,26,10,0,-10,5,6,thankyou
23.60504007339477,5,6,5,11,0,0,11,8,31,20,5,2,0,3,thankyou
23.62110137939453,5,0,3,10,0,1,16,0,19,30,11,14,1,2,thankyou
23.62110137939453,3,-5,6,4,2,11,23,2,-1,14,0,6,1,2,thankyou
23.63637065887451,0,-7,-6,1,3,5,11,2,-14,-8,-12,-4,-9,-1,thankyou
23.63637065887451,-4,-8,-14,-2,-7,-8,-6,-6,-16,-14,-18,-5,-22,-13,thankyou
23.65141558647156,-11,-5,0,-11,-9,-4,-8,-6,-12,-12,-22,-6,-25,-20,thankyou
23.65141558647156,-9,-2,-1,-3,0,4,0,-3,-1,-12,-19,-9,-17,-12,thankyou
23.6673595905304,3,2,0,0,-2,2,-2,-4,4,-8,-5,1,-5,4,thankyou
23.6673595905304,13,8,0,-8,-7,-4,-11,-1,-1,4,6,11,7,13,thankyou
23.68239736557007,7,1,0,-7,-2,-7,-18,1,-13,8,3,6,11,4,thankyou
23.68239736557007,-4,-8,0,-6,-9,-9,-20,0,-9,-6,0,6,2,-2,thankyou
23.698359727859497,-9,-11,-13,-11,-18,-6,-11,3,6,-22,1,0,-1,-5,thankyou
23.698359727859497,-5,-3,-3,-4,0,1,0,6,7,-14,-5,-6,-3,-12,thankyou
23.71429944038391,-4,2,2,10,16,1,11,4,4,4,-8,-7,-4,-10,thankyou
23.71429944038391,-6,4,-5,5,2,-8,5,2,16,15,8,-4,2,3,thankyou
23.72935461997986,-4,2,1,-10,-6,-12,-12,-1,13,4,17,2,8,3,thankyou
23.72935461997986,-6,-1,-1,-13,0,-6,-17,-9,-10,-8,4,1,1,-11,thankyou
23.744415283203125,-11,0,2,-4,3,3,0,0,-14,-5,-3,-7,-1,-4,thankyou
23.744415283203125,0,8,8,16,7,12,14,6,9,10,7,-4,12,13,thankyou
23.76035022735596,17,8,4,25,7,6,13,0,17,22,20,14,19,19,thankyou
23.76035022735596,17,4,12,9,-3,-4,1,-3,-2,9,8,19,6,11,thankyou
23.775502681732178,5,0,-3,0,0,-6,-5,-5,-23,-17,-14,-11,-10,-4,thankyou
23.775502681732178,0,-6,-10,0,11,1,0,-2,-22,-16,-16,-20,-9,-8,thankyou
23.792410373687744,0,-4,1,2,7,12,16,3,4,28,11,5,15,9,thankyou
23.792410373687744,2,9,6,11,7,12,19,1,15,38,20,9,24,14,thankyou
23.808001279830933,5,14,7,13,13,0,2,0,-6,-9,-8,-6,0,0,thankyou
23.808001279830933,0,0,-4,-2,2,-6,-6,1,-8,-26,-21,-9,-9,-4,thankyou
23.822163581848145,-6,-16,-8,-21,-11,0,0,0,14,0,-4,-3,-2,0,thankyou
23.83729910850525,-9,-13,-3,-17,-8,7,7,1,30,14,5,-1,0,0,thankyou
23.83729910850525,-4,-8,-4,-8,-8,0,3,3,18,3,0,-1,0,-1,thankyou
23.85299777984619,4,-5,7,-12,-12,-7,-4,-1,-5,-10,-2,7,-5,1,thankyou
23.85299777984619,11,2,4,-6,-4,-1,-4,-6,-12,-4,11,16,-2,2,thankyou
23.868536949157715,9,7,1,4,2,7,-4,0,-1,0,14,19,3,1,thankyou
23.868536949157715,2,3,8,0,-2,7,-2,7,4,-2,1,13,2,2,thankyou
23.88415575027465,4,0,5,-1,-7,-3,3,3,10,9,5,1,1,6,thankyou
23.88415575027465,5,7,4,5,-2,-10,0,1,7,12,12,-2,-5,0,thankyou
23.899364948272705,-5,3,-5,1,1,-8,-11,-1,-8,-7,-4,-13,-22,-19,thankyou
23.899364948272705,-7,-1,-3,2,1,-4,-10,-4,-20,-16,-21,-17,-21,-17,thankyou
23.915393590927124,8,10,10,21,7,0,-3,-5,-17,-10,-7,0,-1,4,thankyou
23.915393590927124,8,12,0,25,11,0,-6,0,-6,-2,3,8,6,7,thankyou
23.93056535720825,-3,0,-6,10,5,0,-3,7,0,-4,-10,-6,1,-9,thankyou
23.93056535720825,-4,0,-13,2,3,8,10,0,3,-6,-10,-12,3,-10,thankyou
23.946436882019043,-3,1,-9,-6,6,8,7,-7,7,0,9,2,8,2,thankyou
23.946436882019043,-11,-5,1,-14,0,3,0,-1,1,3,0,4,1,0,thankyou
23.96206831932068,-20,-18,-10,-11,-6,-1,4,-2,-13,-11,-35,-14,-11,-14,thankyou
23.96206831932068,-25,-24,-13,-23,-12,-8,0,-6,-18,-17,-33,-14,-14,-15,thankyou
23.977389574050903,-18,-15,-12,-27,-12,-3,-2,-3,-5,-1,-5,0,-1,-3,thankyou
23.977389574050903,-6,-1,-5,-6,-5,0,5,0,3,5,6,1,8,5,thankyou
23.99253368377685,0,4,10,5,-3,-5,6,6,8,10,13,7,10,7,sil
23.99253368377685,11,5,5,0,-6,-9,0,7,13,23,26,10,14,11,sil
24.00816893577576,22,4,14,0,-11,-1,-6,1,6,22,26,10,14,17,sil
24.00816893577576,17,10,22,12,-3,1,-6,0,0,6,23,12,6,17,sil
24.0233793258667,18,17,13,22,10,-4,0,4,0,0,20,17,2,11,sil
24.0233793258667,21,14,12,14,7,-5,-4,5,-1,1,9,14,0,5,sil
24.03938579559326,6,0,2,6,0,0,-16,1,-4,-7,2,4,0,-2,sil
24.03938579559326,6,6,4,10,9,4,-8,4,3,-3,7,5,4,4,sil
24.055349588394165,19,16,4,10,15,5,6,-2,9,16,12,6,8,11,sil
24.055349588394165,3,2,-6,2,5,5,6,-11,-1,8,0,-9,-3,-8,sil
24.07040548324585,-16,-6,-2,4,5,15,11,0,-2,-7,-10,-19,-12,-19,sil
24.07040548324585,-7,0,-4,13,13,15,22,5,7,8,-3,-13,-2,-6,sil
24.085942268371586,0,3,-2,9,15,3,11,0,0,0,-4,-11,-4,-5,sil
24.085942268371586,-17,-1,-7,-3,11,0,-3,-6,-11,-29,-29,-19,-17,-14,sil
24.1012921333313,-28,-15,-23,-21,-1,-3,-1,-3,-5,-19,-40,-25,-19,-11,sil
24.1012921333313,-17,-18,-8,-29,-14,-3,7,2,10,1,-22,-16,-8,-4,sil
24.1251003742218,-6,-8,-4,-18,-7,1,14,2,28,1,-5,-4,1,1,sil
24.1251003742218,-11,-8,-10,-17,-4,0,3,-3,15,-3,-9,-1,-6,4,sil
24.1251003742218,-19,-21,-13,-30,-15,-4,-16,-7,-15,-11,-17,-6,-13,-6,sil
24.132142305374146,-13,-18,-15,-30,-16,-5,-18,-3,-17,-14,-15,-12,-1,-14,sil
24.147448778152462,3,3,4,-4,-6,-2,-2,5,0,-2,-1,0,10,3,sil
24.147448778152462,21,13,8,19,-1,1,2,5,4,10,13,15,18,21,sil
24.162992238998413,27,0,4,2,-9,-3,-6,-2,-2,12,13,23,18,14,sil
24.162992238998413,13,-8,13,-15,-12,-10,-17,-4,-14,5,10,17,7,2,sil
24.18001127243042,1,1,14,9,-3,-9,-17,0,-12,1,17,8,1,1,sil
24.194918632507324,11,12,16,30,1,-2,-8,5,0,5,19,16,3,7,sil
24.194918632507324,12,7,0,15,0,1,2,2,3,15,13,22,5,6,sil
24.194918632507324,0,1,-3,7,0,0,3,1,-1,5,12,16,4,0,sil
24.210347414016724,0,10,5,18,2,1,0,1,0,-11,17,14,1,-1,sil
24.210347414016724,6,17,0,25,12,2,2,0,9,4,20,11,3,2,sil
24.226588249206543,7,20,9,23,15,4,8,3,9,14,15,3,5,1,sil
24.226588249206543,5,16,8,11,11,2,13,0,3,-2,4,-1,6,-7,sil
24.243662118911743,7,10,-1,0,9,-2,12,-2,-1,-4,-4,-1,-2,-6,sil
24.243662118911743,5,11,6,1,7,-1,3,0,-6,1,-9,-1,-16,0,sil
24.257774114608765,-3,6,5,-1,5,-2,-1,1,-10,-11,-9,-11,-14,-8,sil
24.257774114608765,-11,-11,0,-8,2,0,4,0,-5,-15,-5,-18,-1,-11,sil
24.272236347198486,-12,-18,-10,-5,0,10,16,2,8,-4,-6,-18,1,0,sil
24.272236347198486,-11,-6,-8,-1,0,9,5,1,11,-3,-16,-15,-6,3,sil
24.2889370918274,-5,-1,6,1,2,4,-13,0,3,5,-13,-4,-6,5,sil
24.2889370918274,0,-12,-5,4,0,4,-3,-5,2,23,4,0,3,11,sil
24.30498194694519,-7,-26,-12,-10,-9,-2,0,-10,0,13,-7,-11,2,7,sil
24.319350957870483,-15,-31,-16,-26,-17,-14,-21,-5,-6,-3,-30,-20,-5,-4,sil
24.319350957870483,-4,-17,-19,-27,-19,-19,-27,-1,-3,-3,-13,-6,0,-6,sil
24.336334228515625,6,3,0,-25,-10,-9,-3,-2,-4,-3,11,14,11,1,sil
24.336334228515625,0,7,1,-18,2,0,10,-2,-11,-14,10,10,7,0,sil
24.336334228515625,-8,8,1,-7,2,-3,1,5,-9,-19,2,0,-8,-10,sil
24.352185249328613,-10,14,-2,2,5,1,-3,8,1,-6,4,-6,-11,-24,sil
24.352558135986328,-1,10,-4,15,16,14,8,5,8,10,3,-9,0,-14,sil
24.36657691001892,7,4,11,18,12,18,21,6,3,9,0,-1,4,11,sil
24.36657691001892,0,-1,0,5,-4,8,15,0,-3,0,-8,0,-2,8,sil
24.382127046585083,-15,-17,-12,-11,-13,4,3,-8,-6,-7,-20,-11,-16,-11,sil
24.383199214935303,-10,-14,-2,-11,-8,9,8,-2,11,1,-17,-11,-10,-2,sil
24.3972442150116,13,6,9,5,-1,4,10,3,27,17,0,11,10,18,sil
24.41281032562256,31,12,24,11,-5,-3,-8,4,19,12,13,33,19,22,sil
24.41281032562256,30,5,13,0,-9,-8,-20,2,4,-3,24,25,14,11,sil
24.427992582321167,16,5,4,-6,0,-14,-20,0,-9,-19,25,16,5,1,sil
24.427992582321167,0,6,6,8,7,-15,-23,-7,-22,-25,12,8,-7,-2,sil
24.44400310516357,-4,4,5,29,7,0,-11,-6,-20,-4,0,-4,-13,0,sil
24.44400310516357,0,7,10,29,14,18,19,6,0,26,0,-4,-1,10,sil
24.459139585494995,-4,2,-11,6,15,12,29,6,19,34,0,-3,8,3,sil
24.459139585494995,-11,-7,-21,-16,-1,-6,2,1,18,9,-3,-5,3,-6,sil
24.475341081619263,5,0,4,-5,-8,-10,-11,3,3,-9,9,10,12,4,sil
24.475341081619263,21,16,10,13,0,-8,-4,0,-3,-4,31,22,27,10,sil
24.49038863182068,0,13,4,2,5,-7,-3,-5,-17,-6,6,0,3,-14,sil
24.49038863182068,-25,-1,-8,-3,3,1,-4,-4,-28,-23,-33,-30,-30,-31,sil
24.50631833076477,-14,-5,-5,6,-2,11,3,0,-18,-14,-28,-26,-26,-14,sil
24.50631833076477,0,-3,-2,9,-6,7,9,0,5,18,0,0,1,8,sil
24.52148461341858,-1,-9,-12,-1,0,0,7,0,24,30,3,8,18,14,sil
24.52148461341858,-2,-13,0,-23,0,-4,0,0,19,6,-2,4,13,5,sil
24.536932229995728,1,-6,1,-27,-8,-12,-5,-2,2,-11,-1,3,0,-11,sil
24.536932229995728,2,-2,-5,-12,-9,-20,-12,0,-8,-20,0,5,-11,-16,sil
24.55297803878784,1,0,3,-3,-2,-11,-11,3,-7,-22,0,5,-9,-4,sil
24.55297803878784,-5,0,-3,-1,0,1,1,1,-5,-14,3,-4,-7,0,sil
24.56863784790039,-16,-4,-5,3,-1,8,5,-1,-13,0,-4,-17,-21,-3,sil
24.56863784790039,-16,-2,-2,7,2,16,5,0,-11,12,-10,-22,-21,-3,sil
24.58441281318665,-4,-1,0,6,5,17,9,1,4,10,-5,-10,0,2,sil
24.58441281318665,4,-7,5,3,1,11,12,7,12,4,0,4,10,12,sil
24.599990129470825,8,-6,-1,3,6,12,13,6,12,14,0,4,13,17,sil
24.599990129470825,5,3,0,3,9,8,11,1,18,18,-4,0,11,13,sil
24.615069150924683,-2,-5,-4,-8,-2,0,4,-1,16,7,-10,-4,4,2,sil
24.615069150924683,0,-12,-9,-16,-6,-6,1,0,4,2,-8,-3,3,0,sil
24.631110668182373,12,5,10,-3,4,-5,1,6,7,5,6,11,17,9,sil
24.631110668182373,17,11,7,1,0,-8,-3,-1,11,5,24,18,26,13,sil
24.647002935409542,7,0,4,-12,-11,-13,-18,-10,-9,-10,18,9,6,0,sil
24.647002935409542,-1,5,0,-16,-12,-13,-32,-5,-30,-29,-1,-5,-21,-25,sil
24.662033319473267,-1,18,-4,-2,-6,-9,-25,0,-21,-21,-7,-13,-24,-33,sil
24.662033319473267,5,23,11,10,3,-6,-3,-1,-7,-4,10,4,-7,-10,sil
24.677287101745605,14,21,11,21,15,0,1,0,-5,0,25,24,6,6,sil
24.677287101745605,6,17,7,15,10,7,-8,1,-9,-5,3,16,1,2,sil
24.693362712860107,-7,6,-2,2,0,6,-4,0,-8,-7,-23,-5,-11,-5,sil
24.693362712860107,-13,-8,-13,7,0,-1,10,0,0,-4,-16,-16,-14,-7,sil
24.70894384384156,-7,-9,4,22,5,10,18,8,18,9,0,-7,-1,2,sil
24.70894384384156,-2,-3,3,23,10,28,21,3,31,21,8,1,7,15,sil
24.72435832023621,-4,-13,-5,6,3,17,15,-4,10,8,7,4,4,15,sil
24.72435832023621,-7,-23,-2,-2,-9,0,10,-1,-4,3,0,-1,6,12,sil
24.74033570289612,0,-16,-4,-2,-10,-1,11,1,9,22,0,-7,12,16,sil
24.74033570289612,7,-10,-2,-10,-1,0,4,-1,11,24,1,-4,5,7,sil
24.75538420677185,-7,-16,-16,-18,0,-4,-2,-5,-6,0,-11,-14,-7,-16,sil
24.75538420677185,-15,-12,-17,-16,0,-10,-2,-1,-7,-12,-14,-12,-3,-12,sil
24.771126985549927,2,3,5,-14,3,-12,-5,3,2,-2,1,14,11,12,sil
24.771126985549927,13,5,7,-16,-3,-20,-21,-1,-3,-4,3,19,12,8,sil
24.786333322525024,12,7,12,-9,-19,-26,-31,-8,-18,-18,0,15,4,-5,sil
24.786333322525024,11,14,11,1,-10,-20,-22,-7,-15,-14,12,19,3,-7,sil
24.80204486846924,-5,9,-1,-6,1,-6,-14,1,-15,-12,1,-1,-8,-22,sil
24.80204486846924,-18,3,-9,-11,-3,7,-8,8,-21,-23,-17,-23,-25,-35,sil
24.81713628768921,0,6,-5,12,-2,12,7,9,-8,-14,-8,-15,-16,-13,sil
24.81713628768921,13,7,13,18,3,10,19,8,0,-3,-3,-2,-8,4,sil
24.83233666419983,3,6,8,7,2,10,17,0,-9,-9,-14,-7,-15,3,sil
24.83233666419983,-7,0,-5,8,7,17,17,-3,-6,-4,-15,-14,-15,9,sil
24.84746217727661,-15,-6,-5,13,19,25,24,0,13,17,-2,-13,0,13,sil
24.862628698349,-19,-8,-14,12,19,19,26,2,29,32,9,-9,16,5,sil
24.862628698349,-14,-4,-3,6,7,6,18,5,29,31,11,0,16,7,sil
24.878426551818848,-3,-2,-3,3,0,9,14,7,35,35,12,3,10,14,sil
24.878426551818848,12,-3,-6,2,0,8,10,1,46,39,18,11,20,14,sil
24.894155025482178,15,0,4,-6,-4,-5,-7,-7,30,18,14,23,24,12,sil
24.894155025482178,3,1,-5,-17,-10,-19,-24,-12,4,-2,6,22,10,7,sil
24.894155025482178,11,4,-1,-9,-6,-22,-32,-5,0,-1,7,18,4,2,sil
24.909539937973022,22,4,9,-7,-5,-21,-27,0,-3,-1,6,7,5,-5,sil
24.925278186798096,3,-6,0,-34,-13,-21,-12,-1,-15,-18,0,-1,-2,-18,sil
24.925278186798096,-8,-6,-3,-44,-10,-11,-5,0,-26,-31,-5,0,-11,-20,sil
24.925278186798096,5,10,4,-9,5,1,-12,0,-33,-29,-6,0,-11,-12,sil
24.94042658805847,20,21,27,24,13,1,-13,0,-31,-26,-12,5,-10,-1,sil
24.95539212226868,20,17,27,29,10,0,-6,2,-21,-26,-9,13,-8,0,sil
24.95539212226868,9,8,7,21,3,3,-3,0,-17,-20,4,3,-8,-3,sil
24.97156238555908,-4,0,10,14,0,9,1,-5,-21,-15,5,-8,-13,-5,sil
24.97156238555908,-19,-14,-7,6,-2,0,7,-5,-23,-16,-7,-19,-12,-7,sil
24.98694539070129,-28,-20,-23,-4,-8,-3,6,0,-23,-12,-11,-25,-8,-9,sil
24.98694539070129,-27,-12,-14,1,-9,4,12,2,-6,11,0,-17,-3,0,sil
25.00307512283325,-14,-5,-8,19,0,1,18,3,17,24,2,-9,2,9,sil
25.00307512283325,0,0,2,19,3,0,13,5,19,15,-3,-5,6,11,sil
25.01914381980896,4,-1,-4,2,2,15,13,5,18,19,-1,-3,5,16,sil
25.01914381980896,-2,-12,-9,-14,0,18,9,0,18,22,-4,-5,0,15,sil
25.03519916534424,-6,-7,-9,-7,4,12,0,-1,14,18,-10,-6,0,1,sil
25.03519916534424,1,4,-8,14,15,13,3,2,18,27,-3,0,6,0,sil
25.05129909515381,5,9,15,12,14,10,10,10,30,29,8,9,14,9,sil
25.05129909515381,0,1,8,-11,-5,-4,1,1,26,8,6,1,17,1,sil
25.067015171051025,0,-6,-4,-19,-19,-20,-8,-5,10,-5,-3,0,8,-4,sil
25.067015171051025,3,-5,-1,-5,-11,-13,-3,1,7,3,-1,12,3,5,sil
25.08206796646118,4,-2,-7,-6,0,-2,3,-1,11,7,10,11,10,5,sil
25.08206796646118,12,6,7,-14,1,0,2,-7,2,-5,14,11,9,-3,sil
25.09814691543579,20,14,15,0,0,-5,-3,-5,-4,-6,14,26,4,-5,sil
25.09814691543579,11,6,4,0,-9,-13,-13,-1,-13,-13,2,16,-4,-8,sil
25.113295793533325,-7,-3,-8,-29,-17,-14,-22,-1,-25,-39,-21,-16,-25,-23,sil
25.113295793533325,-12,0,-14,-23,-7,-7,-11,0,-20,-38,-23,-22,-28,-25,sil
25.12926197052002,2,10,6,1,4,0,2,0,-11,-11,0,4,-6,-5,sil
25.12926197052002,9,13,9,4,10,2,0,1,-8,0,10,6,9,8,sil
25.144073009490967,0,3,-2,-2,12,-1,-8,6,-8,0,6,-5,7,4,sil
25.144073009490967,-3,2,0,4,9,0,-13,5,-6,1,11,3,0,-1,sil
25.160191535949707,1,11,0,23,11,5,-10,-6,-9,-5,20,10,-4,0,sil
25.160191535949707,2,13,12,38,19,10,1,-4,-14,-10,15,7,-8,7,sil
25.176219940185547,-2,3,10,30,11,10,14,3,-11,1,2,3,-6,6,sil
25.176219940185547,-8,-14,-4,0,-8,4,9,-2,-9,5,-16,-7,-8,0,sil
25.191590070724487,-12,-21,-3,-8,-9,3,4,-1,-5,5,-22,-11,-10,1,sil
25.191590070724487,-7,-11,-7,7,4,7,12,5,9,21,-8,-9,0,4,sil
25.207152128219604,-5,0,-7,3,7,7,10,3,20,24,-8,-9,2,4,sil
25.207152128219604,-18,-10,-14,-17,-5,0,0,-5,10,0,-24,-21,-9,-3,sil
25.22252106666565,-19,-19,-16,-22,-17,-6,-5,-8,-1,-11,-28,-26,-13,-10,sil
25.22252106666565,8,-3,6,-9,-9,3,7,0,7,3,-4,-5,3,5,sil
25.23799657821656,21,2,5,0,2,8,21,4,27,23,21,9,21,19,sil
25.23799657821656,2,-10,-3,-6,-4,-4,16,4,21,13,12,-1,13,2,sil
25.25366258621216,-4,-9,-4,-9,-11,-8,2,2,7,0,-1,-4,8,-8,sil
25.25366258621216,4,3,-2,-1,-2,-5,-5,2,7,-3,9,9,19,-2,sil
25.26947331428528,8,7,15,-1,0,-10,-10,1,0,-12,13,14,13,-4,sil
25.26947331428528,9,8,14,-1,-2,-13,-11,-4,-4,-17,4,9,1,-3,sil
25.285070180892944,10,10,9,2,-6,-10,-16,-2,0,-4,9,17,6,10,sil
25.285070180892944,8,6,6,0,-5,-5,-21,0,-2,6,20,22,13,12,sil
25.301119089126587,16,11,7,4,3,3,-12,-1,-2,2,24,19,13,6,sil
25.301119089126587,24,24,23,22,13,13,0,2,4,0,22,20,7,7,sil
25.31693649291992,12,17,8,22,12,4,-1,0,-1,0,12,9,-2,2,sil
25.31693649291992,-4,4,-6,3,8,-10,-9,-3,-20,-7,0,-6,-10,-9,sil
25.332022666931152,-12,7,-2,6,8,0,0,0,-30,-10,-7,-11,-14,-14,sil
25.332022666931152,-14,2,-9,24,11,17,20,0,-25,-2,-13,-12,-19,-6,sil
25.34716033935547,-15,-5,-8,20,13,21,27,-3,-9,9,-18,-8,-16,4,sil
25.34716033935547,-21,-12,-18,-4,4,11,18,0,7,11,-26,-17,-13,-2,sil
25.36322927474976,-31,-23,-24,-27,-11,-3,6,3,11,3,-38,-37,-27,-16,sil
25.36322927474976,-29,-24,-17,-24,-11,0,3,4,12,5,-31,-33,-23,-11,sil
25.378798961639404,-6,-9,-9,-5,0,10,6,-2,13,6,-6,-5,7,3,sil
25.378798961639404,12,-2,7,-4,-6,0,-4,-3,2,-14,-2,7,14,5,sil
25.39395117759705,7,-12,-1,-21,-19,-20,-20,-1,-6,-21,-18,-5,-9,-7,sil
25.39395117759705,2,-16,-10,-28,-13,-21,-14,1,-2,-12,-19,-9,-17,-11,sil
25.40899395942688,9,-3,0,-14,-2,-2,-3,0,2,-11,0,7,3,0,sil
25.40899395942688,10,4,-3,-2,-3,0,-7,-1,8,0,21,16,17,5,sil
25.42438006401062,7,5,7,-5,-3,-6,-8,2,13,23,29,19,14,8,sil
25.42438006401062,3,2,7,-4,1,0,6,3,17,26,32,22,19,12,sil
25.44041085243225,-2,1,0,1,0,5,14,-1,7,4,26,21,16,6,sil
25.44041085243225,6,12,18,7,0,1,5,-1,0,0,24,22,5,3,sil
25.456073999404907,20,16,20,18,6,-2,-2,1,-1,6,28,19,6,7,sil
25.456073999404907,6,5,12,12,0,-5,-9,1,-10,-5,9,1,1,0,sil
25.472129106521606,-2,6,3,8,0,0,-3,0,-10,-22,-14,-15,-9,-8,sil
25.472129106521606,3,11,6,13,10,4,0,1,-2,-18,-20,-18,-9,-3,sil
25.487653732299805,-3,0,15,6,10,2,-9,-1,-19,-12,-21,-21,-12,-8,sil
25.487653732299805,-11,0,0,0,5,0,-12,-8,-29,-11,-15,-26,-14,-15,sil
25.503275394439697,1,18,1,8,16,4,2,-2,-11,-2,-2,-10,3,1,sil
25.503275394439697,12,23,9,17,17,8,10,5,3,11,4,8,18,16,sil
25.51933479309082,6,6,0,20,3,0,4,4,9,20,8,13,16,13,sil
25.51933479309082,-2,-7,-4,8,0,2,2,7,17,20,9,11,14,12,sil
25.535202503204346,-9,-14,-13,-2,-4,3,4,2,15,17,1,-3,5,4,sil
25.535202503204346,-14,-19,-17,0,-9,1,4,-7,-1,7,-9,-17,-12,-8,sil
25.551236629486084,-21,-22,-25,-2,-6,1,3,-8,-12,-1,-18,-15,-15,-12,sil
25.551236629486084,-18,-21,-25,-20,-8,2,7,1,-11,-3,-17,-7,-7,-6,sil
25.56726694107056,1,-10,3,-17,-11,0,14,11,11,1,-3,10,-2,5,sil
25.56726694107056,15,-2,2,-1,-3,-4,16,6,43,14,13,23,8,11,sil
25.58320617675781,13,0,-1,-3,0,-11,3,0,41,11,14,23,16,4,sil
25.58320617675781,11,0,6,-18,-3,-10,-16,-1,11,-9,4,16,3,-2,sil
25.599299669265747,7,0,-2,-22,-5,-9,-25,-7,-16,-29,0,2,-13,-10,sil
25.599299669265747,6,14,10,-12,-5,-6,-18,-5,-29,-25,8,5,-4,-8,sil
25.614497900009155,13,23,21,8,0,1,-7,0,-23,-8,25,14,9,1,sil
25.614497900009155,4,10,14,13,7,0,-6,0,-18,-4,10,1,-5,1,sil
25.631176948547363,-12,1,0,8,6,0,5,-1,-19,-5,-11,-17,-20,-7,sil
25.631176948547363,-15,-4,-16,4,0,12,24,-1,-13,1,-11,-23,-13,-7,sil
25.64626979827881,-23,-16,-10,1,-3,19,20,-2,-3,8,-17,-28,-19,-7,sil
25.64626979827881,-27,-16,-9,0,3,16,11,0,8,11,-33,-31,-24,-7,sil
25.662171840667725,-9,-3,-7,5,5,3,5,1,16,14,-30,-22,-7,4,sil
25.662171840667725,3,-2,-1,7,-3,-5,-1,-3,11,8,-16,-8,5,11,sil
25.678207874298096,3,-10,-2,-2,-6,-4,-4,-4,13,5,0,1,13,8,sil
25.678207874298096,6,-6,6,-16,-6,-1,-10,6,16,2,11,6,21,8,sil
25.69432258605957,7,7,0,-3,-3,-1,-18,7,7,0,13,9,18,6,sil
25.69432258605957,11,19,4,18,6,1,-15,0,-1,0,13,23,12,3,sil
25.7104389667511,18,18,19,7,8,0,-12,-1,-4,-1,17,27,13,4,sil
25.7104389667511,10,4,7,-10,1,-15,-14,0,-6,-5,18,10,10,1,sil
25.72601222991944,4,1,2,-6,2,-12,-10,0,-8,-7,16,11,0,-2,sil
25.72601222991944,4,6,3,3,5,-1,1,-3,-8,-12,8,15,-3,-2,sil
25.7411744594574,-2,3,-1,-3,0,-4,8,0,-8,-21,-12,-3,-10,-3,sil
25.7411744594574,-6,3,2,-6,0,-2,13,7,-3,-11,-13,-7,-9,-6,sil
25.756229639053345,1,2,-3,1,6,2,20,1,4,10,6,5,7,-5,sil
25.756229639053345,0,-7,-2,-4,0,-5,12,-1,3,6,1,2,6,-1,sil
25.772398233413696,-9,-13,-8,-16,-6,-8,-5,-1,-4,-9,-11,-18,-10,-9,sil
25.772398233413696,-4,-7,-9,-4,0,0,-11,-2,-1,-4,0,-18,-10,-13,sil
25.788541316986084,3,3,9,12,4,8,-1,5,14,11,10,0,2,1,sil
25.788541316986084,1,0,6,8,0,8,5,6,24,16,5,0,7,8,sil
25.803232192993164,-1,-7,-1,0,-4,5,4,-2,10,12,0,-6,8,2,sil
25.803232192993164,1,0,-1,7,1,9,4,-3,-8,10,10,3,9,2,sil
25.818389654159542,8,11,1,13,7,7,1,1,-8,6,12,12,1,3,sil
25.818389654159542,12,8,15,6,5,0,-2,1,-6,1,-1,9,-3,3,sil
25.83396697044373,5,0,8,4,0,-2,3,-3,-12,-3,-2,7,1,9,sil
25.83396697044373,-2,4,-3,8,-2,-2,6,0,-20,-12,3,8,2,8,sil
25.84998655319214,-9,4,-13,4,-8,0,0,1,-11,-14,-7,0,-3,-4,sil
25.84998655319214,-11,-3,-14,-1,-9,-2,-2,-1,2,-1,-17,-11,-4,-6,sil
25.865642547607425,-7,-7,-3,-3,-8,-1,0,-1,0,5,-13,-12,-7,0,sil
25.865642547607425,-12,-10,-12,-4,-7,0,0,-4,-9,0,-9,-10,-17,-4,sil
25.88126802444458,-13,-8,-5,-2,0,1,2,-1,-5,-5,-3,-5,-12,-4,sil
25.88126802444458,3,1,13,9,13,9,11,5,8,0,7,3,0,9,sil
25.896345853805546,8,2,3,11,15,13,12,1,18,14,6,5,0,15,sil
25.896345853805546,-1,-7,0,-3,8,11,10,1,24,23,-6,0,-7,7,sil
25.91150617599488,-3,-8,3,-5,3,7,5,3,24,14,-11,-9,-13,0,sil
25.91150617599488,-3,-6,4,-4,-5,-3,-9,-2,15,0,-8,-14,-21,-5,sil
25.928273677825928,-9,-11,-6,-16,-17,-14,-22,-8,2,-6,-8,-13,-18,-10,sil
25.928273677825928,-7,-9,-13,-21,-15,-9,-19,-6,-10,-11,-13,-16,0,-16,sil
25.943389892578125,4,5,0,-2,-4,0,-4,0,-14,-15,-12,-9,12,-11,sil
25.943389892578125,11,12,-1,8,1,0,0,5,0,0,6,11,24,3,sil
25.95895504951477,8,1,0,-3,0,-4,-6,6,5,5,19,23,29,7,sil
25.95895504951477,5,-1,10,-8,-1,0,-4,0,-7,-16,11,13,23,0,sil
25.97415852546692,3,2,-1,-7,-3,-1,2,-3,-15,-26,4,0,21,-2,sil
25.97415852546692,-3,-3,-8,-24,-4,-12,-5,2,-16,-10,1,-2,12,-4,sil
25.990179777145386,0,-6,-3,-22,0,-17,-11,2,-7,0,2,0,-1,-7,sil
25.990179777145386,16,5,10,1,1,-12,-1,-3,1,-1,10,11,-2,5,sil
26.005320072174072,22,13,14,6,0,-5,1,-3,5,1,13,21,1,15,sil
26.02191591262817,6,7,2,7,5,-1,-5,0,0,12,12,10,0,5,sil
26.02191591262817,-4,10,6,15,11,0,-10,2,-9,6,10,0,-1,1,sil
26.03747606277465,2,16,7,17,11,0,0,-1,-3,0,10,5,0,2,sil
26.03747606277465,10,13,7,11,9,3,8,2,13,9,15,10,0,0,sil
26.03747606277465,-4,11,13,5,8,8,10,12,18,10,12,1,0,0,sil
26.05323100090027,-17,9,0,3,5,9,11,1,6,0,-2,-11,-4,-1,sil
26.05323100090027,-16,-2,-6,2,0,0,8,-8,-10,-6,-14,-15,-20,-10,sil
26.0688374042511,-21,-16,-11,-2,-9,-14,0,-6,-19,-6,-16,-17,-26,-16,sil
26.0688374042511,-9,-7,-6,2,-6,0,-3,0,-14,-1,-13,-9,-16,-2,sil
26.08579993247986,18,9,13,26,9,30,7,3,-5,3,-2,8,-1,14,sil
26.08579993247986,17,1,3,31,13,26,13,0,2,3,0,12,1,7,sil
26.102322101593018,3,-5,-2,20,0,13,10,4,13,7,-7,7,0,0,sil
26.102322101593018,3,-3,-7,19,-4,18,18,8,20,12,-10,8,8,7,sil
26.11600947380066,1,-14,-15,7,-1,11,28,0,15,4,-16,12,6,7,sil
26.11600947380066,-1,-17,1,-10,-1,0,14,-2,4,1,-13,8,0,0,sil
0.0405521392822265,-10,-7,-5,-10,3,-4,0,0,0,11,0,-9,2,-5,sil
0.0405521392822265,-21,-14,-19,-19,-5,-6,-6,-4,-9,0,-9,-27,0,-6,sil
0.0563087463378906,-16,-20,-13,-36,-15,-2,-13,-2,-10,-9,-22,-31,-9,0,sil
0.0563087463378906,-4,-12,-9,-32,-9,-10,-18,-3,0,-2,-6,-21,-2,2,sil
0.0714912414550781,-6,-9,3,-23,-14,-28,-15,-6,1,-8,3,-11,-1,2,sil
0.0714912414550781,-7,-7,0,-20,-17,-23,-13,-5,-2,-22,-5,-12,-7,-4,sil
0.0872395038604736,5,3,-4,-13,-6,-9,-19,2,-2,-15,0,-6,0,-10,sil
0.0872395038604736,19,19,11,-3,-4,-11,-22,6,-1,-2,28,11,14,-6,sil
0.1031219959259033,12,26,10,3,-2,-13,-18,-2,-6,-8,35,12,11,-2,sil
0.1031219959259033,0,22,12,14,9,-3,-5,-3,-16,-13,12,7,-2,0,sil
0.1191411018371582,-5,11,3,19,15,8,5,2,-18,-4,-9,3,-9,3,sil
0.1191411018371582,-1,-5,-5,7,5,15,13,4,0,6,-15,-5,-6,8,sil
0.1341872215270996,11,-7,7,1,2,21,20,7,37,30,1,4,10,22,sil
0.1341872215270996,15,0,5,6,8,13,18,7,57,48,16,21,27,20,sil
0.1499350070953369,3,0,0,-3,2,-6,-2,1,29,24,11,13,18,0,sil
0.1499350070953369,4,3,1,-11,0,-9,-9,-4,1,0,13,12,13,-3,sil
0.1655011177062988,19,21,7,0,10,-4,-3,-6,-8,-5,23,29,17,2,sil
0.1655011177062988,19,21,19,1,8,-10,-10,-6,-24,-18,16,29,0,-5,sil
0.1811275482177734,9,6,12,-1,0,-12,-13,-3,-30,-30,11,10,-11,-12,sil
0.1811275482177734,-1,0,1,8,4,0,0,2,-15,-19,10,1,0,-2,sil
0.1967999935150146,-17,-5,-10,10,5,5,6,4,-2,1,-3,-8,0,-6,sil
0.1967999935150146,-20,-11,-10,5,-2,1,1,0,-10,-1,-19,-25,-13,-20,sil
0.21278977394104,-16,-4,1,14,-3,5,4,0,-19,-14,-26,-26,-19,-18,thankyou
0.21278977394104,-17,-4,-8,15,0,12,13,2,-6,0,-23,-21,-17,-7,thankyou
0.227687120437622,-13,-6,-10,0,0,11,11,5,1,13,-12,-14,-15,-1,thankyou
0.227687120437622,-5,-1,-4,4,0,10,8,0,-3,0,-7,-4,-7,1,thankyou
0.2428419589996338,-5,-5,-4,13,0,9,14,-2,-1,-7,-12,0,-6,3,thankyou
0.2428419589996338,-6,-10,-1,0,-5,0,12,-2,-3,-2,-16,-5,-10,2,thankyou
0.2588620185852051,0,-5,-7,-7,-6,-4,2,-7,-8,4,-14,-7,-4,4,thankyou
0.2588620185852051,8,0,0,0,-3,1,-4,-5,0,9,-7,4,1,7,thankyou
0.2749805450439453,10,3,3,4,0,2,-10,1,14,4,3,14,2,8,thankyou
0.2749805450439453,5,0,-7,-2,-1,-5,-15,1,10,-1,10,3,6,7,thankyou
0.2900152206420898,1,-8,-1,-20,-10,-8,-9,1,5,1,7,-1,8,6,thankyou
0.2900152206420898,-4,-15,-7,-26,-9,-4,4,1,19,14,2,1,7,4,thankyou
0.3061189651489258,-5,-12,-8,-16,-3,-3,4,6,30,16,0,1,1,4,thankyou
0.3061189651489258,6,0,8,1,-5,-5,-4,5,16,5,5,2,1,5,thankyou
0.3217315673828125,18,11,9,4,-1,-2,-5,-4,-1,-6,14,6,9,4,thankyou
0.3217315673828125,7,4,5,-9,4,3,2,-5,-1,-8,5,5,11,2,thankyou
0.3371908664703369,-4,-4,-3,-12,5,4,5,-1,0,-4,3,0,6,0,thankyou
0.3371908664703369,0,1,0,0,7,0,1,0,-2,0,10,0,3,0,thankyou
0.3531563282012939,0,4,7,4,7,-2,0,4,-2,0,2,-1,0,0,thankyou
0.3531563282012939,-5,1,2,-2,-1,-6,-2,3,-4,-10,-9,-7,-8,-7,thankyou
0.3678376674652099,1,5,5,0,-6,-3,-10,-3,-14,-9,-5,-9,-8,-11,thankyou
0.3678376674652099,2,8,2,7,4,8,-7,-8,-8,13,7,-3,2,-7,thankyou
0.3838911056518554,3,9,6,10,13,8,2,0,5,25,15,7,14,2,thankyou
0.3838911056518554,11,15,10,15,11,2,10,8,6,10,11,9,15,8,thankyou
0.3989357948303222,7,9,-4,16,4,0,5,7,0,-9,0,-2,5,1,thankyou
0.3989357948303222,3,1,4,3,0,0,1,4,-4,-18,-3,2,0,0,thankyou
0.414696455001831,10,5,8,2,4,-1,11,1,4,-2,6,16,5,8,thankyou
0.414696455001831,8,1,-1,14,1,0,15,0,3,6,3,6,6,4,thankyou
0.4298031330108642,-3,-7,0,1,-1,-1,1,-5,-8,-4,-7,-8,-7,-5,thankyou
0.4301512241363525,-11,-13,-9,-15,-4,-11,-10,-9,-7,-12,-3,-14,-15,-11,thankyou
0.4459753036499023,-20,-15,-10,-17,-20,-17,-17,0,0,-12,-3,-13,-16,-9,thankyou
0.4610493183135986,-25,-6,-11,-7,-22,-12,-13,4,-4,-9,-9,-6,-13,-7,thankyou
0.4610493183135986,-17,0,-11,-11,-6,-7,-10,-5,-8,-2,-3,1,-3,-5,thankyou
0.4762144088745117,-6,-4,-3,-18,-4,-5,-27,-14,-16,-6,-1,3,-6,-6,thankyou
0.4762144088745117,0,-5,0,-7,-4,0,-37,-9,-29,-16,-17,1,-20,-12,thankyou
0.4917969703674316,6,9,7,6,9,12,-19,0,-26,-6,-15,11,-13,-6,thankyou
0.4917969703674316,5,13,0,2,10,15,1,3,-12,6,4,14,3,0,thankyou
0.5088889598846436,-4,0,-11,-3,1,3,8,3,0,1,0,2,-4,-4,thankyou
0.5088889598846436,0,0,8,13,12,3,20,12,26,12,-4,5,-5,0,thankyou
0.5246367454528809,14,10,14,29,15,13,32,15,47,33,12,13,23,17,thankyou
0.5246367454528809,3,2,5,9,-6,4,27,8,22,16,9,2,24,14,thankyou
0.5246367454528809,-9,-5,-4,-5,-10,0,17,-2,-4,-5,-1,-12,2,2,thankyou
0.539376974105835,3,0,-2,7,9,7,20,-1,7,8,11,-7,9,12,thankyou
0.5549092292785645,11,0,8,11,9,9,17,2,9,14,8,-2,11,16,thankyou
0.5549092292785645,-7,-16,-10,-7,-5,-3,0,-8,-11,-3,-20,-20,-10,-4,thankyou
0.5700075626373291,-12,-21,-8,-21,-4,-3,0,-9,-9,-12,-23,-28,-17,-8,thankyou
0.5700075626373291,4,-6,8,-10,0,9,13,5,17,-5,-6,-8,-1,4,thankyou
0.585482120513916,17,1,7,9,-2,6,9,7,26,5,0,7,8,7,thankyou
0.585482120513916,20,8,14,19,0,-2,-8,-1,11,13,14,15,13,14,thankyou
0.6011838912963867,19,14,11,22,14,-1,-8,-6,0,6,26,10,14,20,thankyou
0.6011838912963867,8,5,3,8,8,1,-7,-2,-7,-5,13,2,3,7,thankyou
0.6167550086975098,-4,-4,-8,-10,-3,4,-8,2,-3,-2,5,0,2,-1,thankyou
0.6167550086975098,-10,-3,-18,-13,-4,0,-3,1,0,-1,7,0,5,-4,thankyou
0.6328012943267822,-11,-5,-9,-15,-9,-11,-2,1,2,-3,-1,2,0,-14,thankyou
0.6328012943267822,-9,-10,-15,-26,-14,-15,-2,1,11,5,-9,0,2,-15,thankyou
0.6488356590270996,-9,-4,-12,-28,-9,-15,-4,3,7,3,-13,-6,-1,-8,thankyou
0.6488356590270996,-19,0,-4,-11,-5,-16,-18,2,-18,-20,-17,-9,-20,-21,thankyou
0.6640863418579102,-17,0,-10,-1,-7,-13,-26,-6,-26,-23,-11,-8,-22,-24,thankyou
0.6640863418579102,1,6,7,-6,-7,-2,-12,-3,-14,-5,-5,0,-11,0,thankyou
0.6799347400665283,11,7,15,-9,-2,1,-1,0,-10,-1,2,10,-1,11,thankyou
0.6799347400665283,18,11,14,5,9,1,-3,0,-10,-9,15,15,5,8,thankyou
0.6952223777770996,28,22,21,22,17,7,-5,-4,-7,-4,15,18,7,12,thankyou
0.6952223777770996,19,18,12,20,12,3,-12,-11,-8,6,12,20,7,9,thankyou
0.7110922336578369,3,13,17,16,17,-3,-22,-12,-16,0,15,18,7,-4,thankyou
0.7110922336578369,-5,14,10,26,21,4,-8,-4,-19,-11,6,1,-4,-15,thankyou
0.7261021137237549,-15,1,-3,30,3,14,21,4,-16,-5,-11,-15,-20,-13,thankyou
0.7261021137237549,-23,-11,-6,12,-7,17,39,9,3,14,-13,-18,-8,1,thankyou
0.7422230243682861,-21,-16,-18,-3,-4,17,36,8,34,36,-4,-18,14,10,thankyou
0.7422230243682861,-16,-25,-19,-13,-14,5,15,7,38,26,-7,-13,11,0,thankyou
2.0802316665649414,6,-13,-5,-15,-11,6,16,0,26,23,-6,5,0,28,thankyou
2.0802316665649414,10,-17,-1,-18,-16,-2,1,-9,7,12,-6,2,-3,16,thankyou
2.096229791641236,5,-14,1,-11,-15,-17,-10,-8,-3,0,-10,-1,-5,0,thankyou
2.096229791641236,2,-6,3,-11,-16,-25,-16,0,0,-7,-5,7,-8,-2,thankyou
2.1117653846740723,3,-5,-1,-20,-15,-21,-17,1,0,-20,5,18,-9,-3,thankyou
2.1117653846740723,6,0,-7,-15,-4,-17,-11,0,-12,-17,21,19,12,-8,thankyou
2.1268458366394043,10,22,16,5,1,-11,-1,7,-5,0,33,23,36,-1,thankyou
2.1268458366394043,12,30,22,24,1,1,2,10,7,0,30,22,32,3,thankyou
2.1419787406921387,8,24,12,28,10,9,-2,-2,-4,-10,21,15,24,0,thankyou
2.1419787406921387,3,26,10,32,25,10,-4,-11,-20,-1,19,11,24,-1,thankyou
2.157577514648437,2,17,0,30,23,7,6,-3,-9,12,9,0,21,0,thankyou
2.157577514648437,-1,-4,-5,6,6,6,9,5,-1,0,-13,-15,4,0,thankyou
2.1737256050109863,-11,-11,-13,-5,-3,1,0,0,-12,-20,-34,-28,-16,-6,thankyou
2.1737256050109863,-17,-14,-14,0,-4,0,-7,-7,-26,-19,-46,-30,-34,-7,thankyou
2.1892611980438232,-22,-22,-9,-9,-1,13,-1,-5,-29,-1,-43,-24,-35,-5,thankyou
2.1892611980438232,-20,-22,-18,-26,-1,15,1,-7,-21,4,-26,-26,-29,-9,thankyou
2.205042600631714,-13,-12,-8,-25,-9,0,-4,-12,-8,-5,-17,-22,-29,-10,thankyou
2.205042600631714,-16,-8,-7,-2,-9,-3,-1,-4,12,2,-11,-7,-12,-5,thankyou
2.2210562229156494,-12,-13,-8,1,-2,0,5,10,31,25,2,5,11,0,thankyou
2.2210562229156494,4,-7,7,-17,-9,-9,5,11,31,14,13,16,13,3,thankyou
2.236830711364746,6,1,0,-22,-19,-23,0,4,18,-12,15,18,7,1,thankyou
2.236830711364746,10,10,2,0,-12,-19,-4,9,8,-13,20,21,7,1,thankyou
2.2525219917297363,28,21,15,14,3,-8,-9,3,1,-10,25,22,4,3,thankyou
2.2525219917297363,25,21,15,10,12,-5,-10,-9,-8,-17,27,17,0,0,thankyou
2.268232583999634,8,11,13,2,11,-4,-8,-1,-12,-5,25,10,1,0,thankyou
2.268232583999634,3,3,0,4,4,0,-6,5,-3,14,17,0,6,4,thankyou
2.283745527267456,1,7,5,16,5,10,2,4,4,12,3,-2,2,6,thankyou
2.283745527267456,1,9,6,30,15,24,20,4,4,6,-4,-3,-1,6,thankyou
2.299265146255493,5,0,-3,24,8,19,20,2,3,14,-8,-9,-2,6,thankyou
2.299265146255493,0,-10,2,-3,-9,4,4,-2,1,16,-7,-8,2,9,thankyou
2.3149962425231934,-8,-16,-1,-17,-5,4,3,-9,-4,7,-9,-7,6,6,thankyou
2.3149962425231934,-4,-8,-2,-4,10,16,10,-3,-7,2,-18,-4,3,0,thankyou
2.3305726051330566,6,-1,0,0,12,14,10,5,16,19,-5,10,19,2,thankyou
2.3305726051330566,11,-12,-5,-22,-2,-1,12,5,50,36,19,19,42,17,thankyou
2.345366954803467,2,-13,2,-31,-16,-6,6,4,45,22,15,14,32,15,thankyou
2.345366954803467,-4,2,3,0,-5,-8,-6,4,11,-5,-2,2,3,0,thankyou
2.3609864711761475,2,13,2,12,7,-14,-15,-2,-22,-37,-5,0,-15,-6,thankyou
2.377023935317993,1,14,-2,2,1,-15,-17,-11,-39,-53,0,0,-19,-13,thankyou
2.377023935317993,-8,11,-8,4,-2,-14,-16,-8,-43,-42,-3,-7,-19,-19,thankyou
2.392101287841797,-6,8,1,3,1,-12,-9,-1,-39,-26,-14,-13,-26,-15,thankyou
2.392101287841797,-3,4,-5,0,0,-7,-2,-4,-26,-17,-13,-17,-28,-17,thankyou
2.407625436782837,-11,0,-1,7,-5,-3,-13,-7,-13,-10,-8,-16,-22,-21,thankyou
2.407625436782837,-11,-1,9,10,0,3,-25,-2,-11,-9,-13,-11,-22,-16,thankyou
2.407625436782837,-7,-6,-10,0,3,7,-13,-1,-9,0,-18,-9,-19,-5,thankyou
2.423236608505249,-9,-10,-13,-1,-2,5,7,3,0,17,-7,0,-1,4,thankyou
2.424236536026001,-6,-8,-4,8,-2,11,16,7,13,28,11,7,14,10,thankyou
2.439289331436157,-4,-5,-1,13,7,17,17,5,25,33,9,2,11,4,thankyou
2.455259323120117,-13,-10,-6,-1,6,13,20,3,23,28,-7,-12,-1,0,thankyou
2.455259323120117,-14,-15,-12,-17,-3,8,24,4,20,11,-9,-13,-2,0,thankyou
2.471804141998291,5,-5,2,-15,-9,9,31,9,25,5,0,6,10,11,thankyou
2.471804141998291,13,0,-1,-13,-9,0,31,2,22,15,-1,9,16,16,thankyou
2.471804141998291,3,-7,-8,-21,-14,-20,9,-3,3,10,3,-1,11,6,thankyou
2.4869754314422607,7,-2,10,-15,-10,-14,-8,1,-1,3,24,16,22,11,thankyou
2.4869754314422607,22,5,10,-1,0,-3,-14,0,12,9,28,32,28,19,thankyou
2.5011355876922607,11,2,7,-3,-1,-18,-33,-4,5,-7,8,12,1,-2,sil
2.5172135829925537,3,7,4,-3,-2,-24,-43,-5,-11,-25,5,0,-8,-16,sil
2.5172135829925537,24,23,11,7,3,-7,-30,-6,-10,-17,26,23,10,7,sil
2.532816171646118,30,26,26,17,8,-3,-21,-4,-12,-9,29,31,14,18,sil
2.532816171646118,5,15,9,19,7,-8,-17,-1,-28,-14,5,0,-3,-2,sil
2.5497188568115234,-5,12,3,11,4,4,-5,0,-33,-28,-12,-14,-14,-12,sil
2.5497188568115234,-1,10,2,18,5,17,8,3,-17,-26,-4,-5,-8,-5,sil
2.5497188568115234,-3,5,-1,33,13,19,17,6,-1,2,1,-7,1,0,sil
2.5667879581451416,-5,3,4,27,17,23,24,7,2,22,-11,-9,2,4,sil
2.5667879581451416,-8,-4,-9,7,15,21,31,2,7,11,-24,-12,-6,0,sil
2.57985782623291,-17,-21,-15,0,5,13,35,1,15,5,-26,-24,-17,-6,sil
2.595273733139038,-20,-28,-18,-11,-6,10,33,0,19,11,-23,-29,-14,-6,sil
2.595273733139038,-18,-27,-26,-38,-15,1,18,-3,13,3,-30,-22,-7,-5,sil
2.610974073410034,-13,-21,-12,-46,-13,-5,-4,-1,1,-11,-38,-14,-14,-12,sil
2.610974073410034,-2,-10,-6,-21,0,-3,-17,-3,5,-4,-13,-6,-11,-10,sil
2.6260666847229004,8,1,0,-4,9,-6,-19,-1,17,16,29,16,16,7,sil
2.6260666847229004,18,12,12,0,4,-14,-20,0,14,25,47,39,37,18,sil
2.641231060028076,21,19,14,12,0,-20,-15,0,-1,10,32,27,19,11,sil
2.641231060028076,8,19,14,6,0,-20,-9,1,-7,-9,15,9,-7,-4,sil
2.656895637512207,-8,8,-3,-8,-7,-14,-7,0,-4,-11,11,1,-11,-20,sil
2.656895637512207,-15,-3,-4,-3,-13,-10,-8,0,-7,-7,0,-7,-10,-19,sil
2.6719353199005127,-17,-4,4,8,-6,-2,-9,3,-11,0,-14,-16,-11,-6,sil
2.6719353199005127,-14,-4,2,8,-1,12,-8,-1,-17,6,-14,-15,-11,0,sil
2.6871304512023926,-1,-10,7,3,-10,18,0,-7,-19,0,-13,-6,-12,6,sil
2.6871304512023926,3,-16,-7,-3,-17,5,8,-4,-7,-5,-15,-4,-1,13,sil
2.702931404113769,0,-12,-9,-10,-12,-3,0,-1,-4,-10,-8,1,8,10,sil
2.702931404113769,1,-1,8,-5,0,0,-5,-3,-12,-19,1,15,1,2,sil
2.719036102294922,13,11,4,0,9,0,1,-3,-9,-18,6,18,0,0,sil
2.719036102294922,22,19,6,2,9,3,11,8,-2,-9,14,17,12,3,sil
2.733830213546753,15,15,9,18,9,8,11,10,8,0,18,13,14,9,sil
2.733830213546753,1,3,6,25,9,9,15,5,17,11,2,0,3,8,sil
2.749252796173096,-2,-3,-3,8,8,10,25,4,16,18,-12,-15,0,4,sil
2.749252796173096,-6,-9,-23,-1,3,6,17,2,16,24,-9,-21,6,2,sil
2.7644805908203125,-8,-10,-9,-4,0,0,-1,0,19,16,-3,-10,5,-3,sil
2.7644805908203125,0,0,-1,-3,3,-6,-8,-1,24,3,3,0,6,-9,sil
2.780181169509888,7,7,-5,-7,0,-15,-14,-3,11,-4,13,4,9,-5,sil
2.780181169509888,0,5,1,-5,-3,-11,-19,-1,-16,-7,15,2,0,-9,sil
2.795762777328491,-7,0,-5,7,6,6,-3,-1,-27,-4,2,-16,-19,-21,sil
2.795762777328491,-9,-6,-1,6,10,16,4,-2,-12,0,-19,-29,-19,-15,sil
2.810976505279541,-6,-9,-2,-8,-3,4,3,-2,8,6,-23,-12,-1,2,sil
2.810976505279541,4,0,-2,-12,-8,-11,2,0,17,6,-3,12,9,15,sil
2.827414035797119,13,15,16,-2,0,-13,-3,2,9,0,18,28,16,19,sil
2.827414035797119,17,26,21,11,4,-4,-11,1,3,4,31,34,24,16,sil
2.841567039489746,24,29,28,19,6,0,-15,0,2,8,25,33,16,14,sil
2.841567039489746,15,21,18,13,8,-1,-13,0,-12,-9,7,12,-8,7,sil
2.8581655025482178,-8,3,-3,6,5,1,0,-2,-29,-23,-10,-11,-24,-6,sil
2.8581655025482178,-19,-12,-9,1,0,12,17,4,-11,-2,-17,-10,-18,-8,sil
2.8727314472198486,-17,-23,-13,-12,-2,14,31,7,16,11,-10,-4,-1,0,sil
2.8727314472198486,-22,-26,-10,-20,-5,3,27,1,10,-3,-11,-12,-3,0,sil
2.8888070583343506,-25,-30,-14,-22,-15,-4,2,-5,-4,-13,-24,-21,-17,-10,sil
2.8888070583343506,-11,-31,-19,-30,-22,-12,-15,-8,-4,-5,-22,-17,-12,-11,sil
2.9041337966918945,0,-18,-6,-27,-19,-17,-17,-6,-11,-8,-10,-6,-3,-8,sil
2.9200704097747803,-6,-3,-11,-14,-11,-12,-15,-6,-18,-14,-5,-5,-12,-15,sil
2.9200704097747803,-4,9,-1,-4,-2,-1,-14,-1,-12,-17,-5,-5,-14,-22,sil
2.9200704097747803,8,22,13,16,11,7,-3,1,-6,-8,0,-7,0,-15,sil
2.935222625732422,9,17,5,33,20,10,3,0,-7,4,4,-9,2,0,sil
2.9362242221832275,8,7,7,20,11,7,0,2,-10,13,5,4,3,17,sil
2.951148509979248,8,5,2,15,0,5,0,0,-5,16,9,14,20,23,sil
2.9522955417633057,4,0,0,15,0,4,0,0,14,19,7,10,26,19,sil
2.967803955078125,7,-4,5,3,-1,1,2,3,37,24,18,14,26,17,sil
2.967803955078125,16,1,5,-2,-7,-6,5,1,32,20,33,23,26,15,sil
2.9837820529937744,15,10,11,0,-7,-9,3,1,12,0,22,20,10,4,sil
2.9837820529937744,4,7,0,-6,0,-7,-1,4,2,-15,2,2,-7,-12,sil
2.9977993965148926,-11,-1,-8,-15,0,-6,-1,2,-7,-17,-8,-17,-19,-21,sil
3.0153472423553467,-16,4,0,-4,0,7,8,1,-16,-13,-14,-22,-22,-18,sil
3.0153472423553467,-5,12,-2,16,12,23,17,0,-9,0,-14,-12,-11,-9,sil
3.0163466930389404,-3,-1,-2,17,14,14,15,0,5,13,-10,-1,-1,2,sil
3.028977155685425,-5,-16,-8,2,3,1,5,-1,22,20,-3,0,7,11,sil
3.0441486835479736,6,-2,-1,1,4,-1,-8,0,27,17,8,9,19,13,sil
3.0441486835479736,21,13,12,8,8,-8,-20,-1,4,1,20,23,17,8,sil
3.060198307037353,13,9,5,8,10,-14,-15,-5,-16,-5,21,14,8,0,sil
3.060702323913574,-2,3,5,2,10,1,-5,-3,-18,-3,5,-4,-1,-1,sil
3.075734615325928,-9,0,-2,0,0,15,1,-2,-9,-6,-18,-14,-18,-1,sil
3.075734615325928,-7,-10,-9,-7,-17,5,8,0,-6,-12,-30,-17,-21,0,sil
3.090965032577514,-3,-15,-3,-23,-17,-5,14,7,4,0,-14,-9,0,10,sil
3.090965032577514,5,-5,-7,-28,-5,-12,13,5,14,5,4,8,12,14,sil
3.1065661907196045,11,8,4,-15,-6,-15,0,1,-2,-15,1,14,0,4,sil
3.1065661907196045,0,10,9,3,-4,-6,-6,1,-19,-26,-2,-1,-13,-9,sil
3.1222033500671387,-13,3,0,14,4,5,-3,0,-16,-11,-4,-11,-15,-13,sil
3.1222033500671387,-6,-1,3,7,0,11,7,-1,-8,1,-13,-5,-15,0,sil
3.137715101242065,0,-12,-3,-7,-7,5,13,-5,-4,6,-13,-4,-6,3,sil
3.137715101242065,-3,-14,-1,-12,-7,-1,-1,-9,0,4,-2,3,5,-9,sil
3.1533939838409424,-2,-6,3,-9,-7,-8,-25,-5,0,0,10,16,11,-19,sil
3.1533939838409424,0,-3,-1,-21,-7,-15,-35,0,-6,-9,22,12,8,-13,sil
3.169067621231079,-2,3,0,-5,3,-9,-23,1,-22,-21,12,-1,-6,-9,sil
3.169067621231079,-13,7,-9,32,11,7,1,0,-19,-18,-18,-15,-20,-14,sil
3.184957265853882,-22,-9,-7,23,0,17,12,1,4,3,-29,-23,-15,-10,sil
3.184957265853882,-19,-18,-7,-1,-5,10,11,1,24,30,-5,-19,4,3,sil
3.2007720470428467,-10,-9,-11,0,3,2,17,1,31,39,7,-13,12,13,sil
3.2007720470428467,3,-2,0,-1,5,2,17,3,31,30,3,1,14,18,sil
3.2165777683258057,25,5,3,-5,1,-5,5,2,23,25,19,27,28,22,sil
3.2165777683258057,32,17,13,3,-1,-20,-8,0,6,13,31,38,23,18,sil
3.2326834201812744,16,15,17,2,-1,-18,-22,-1,0,-5,17,17,4,0,sil
3.2326834201812744,11,14,9,9,4,-6,-24,-1,-1,-11,12,8,2,-2,sil
3.2478578090667725,25,24,25,25,11,0,-4,4,0,-6,23,24,8,10,sil
3.2478578090667725,20,26,17,24,11,9,10,0,-2,-6,15,8,0,7,sil
3.2637510299682617,0,12,-6,10,9,21,4,-6,-22,-24,-12,-25,-14,-9,sil
3.2637510299682617,-11,-5,-16,6,6,24,5,-1,-28,-37,-28,-26,-21,-14,sil
3.279102087020874,-15,-23,-22,-5,1,16,16,3,-10,-18,-29,-22,-16,-6,sil
3.279102087020874,-17,-18,-9,-20,0,13,23,4,0,10,-31,-26,-8,3,sil
3.295203685760498,-14,-8,-11,-19,0,8,30,6,11,18,-21,-17,1,8,sil
3.295203685760498,-4,-10,-10,-17,-8,-1,26,9,26,16,0,3,11,9,sil
3.310849666595459,2,-6,0,-13,-9,-6,3,4,18,18,10,17,17,12,sil
3.310849666595459,2,-8,-5,-11,-7,-13,-15,-8,3,9,6,14,15,7,sil
3.3260302543640137,5,-10,2,-18,-13,-19,-20,-5,-2,-8,12,17,8,-2,sil
3.3260302543640137,11,1,9,-8,-7,-15,-23,-1,-7,-14,23,22,4,-4,sil
3.342029094696045,5,8,10,9,0,-20,-33,-10,-22,-17,13,13,-6,-10,sil
3.342029094696045,0,11,10,13,-1,-21,-29,-12,-31,-25,0,0,-23,-20,sil
3.356680154800415,1,21,5,23,8,1,-2,0,-17,-18,-3,-5,-26,-18,sil
3.356680154800415,-3,15,10,23,18,14,13,4,-8,-8,-10,-14,-24,-16,sil
3.372761011123657,-26,-9,-10,0,2,8,8,-5,-14,-7,-20,-27,-27,-26,sil
3.372761011123657,-42,-24,-28,-18,-11,10,1,-3,-17,-7,-28,-36,-28,-31,sil
3.389333248138428,-28,-15,-11,-13,-9,19,7,7,-3,4,-25,-26,-19,-14,sil
3.389333248138428,-1,-6,-3,-4,0,13,18,8,18,26,-5,-6,7,12,sil
3.4048948287963867,7,-1,10,-2,3,0,15,5,29,37,7,11,28,29,sil
3.4048948287963867,7,1,12,1,0,-3,5,5,29,34,8,14,28,27,sil
3.42010235786438,15,1,8,2,-5,1,3,4,32,31,12,15,33,27,sil
3.42010235786438,19,1,17,1,0,6,6,4,39,33,21,23,44,36,sil
3.436087846755981,21,5,5,8,8,-6,-1,-1,29,21,25,23,34,31,sil
3.436087846755981,27,8,-1,7,-2,-20,-14,-5,1,-10,15,18,13,14,sil
3.451936721801758,18,0,-4,-2,-7,-16,-14,-1,-13,-32,0,9,3,0,sil
3.451936721801758,5,-3,-7,-5,2,-8,-8,-4,-11,-24,0,2,-2,-10,sil
3.467782497406006,0,6,0,-5,0,-9,-12,-9,-21,-20,8,-1,-14,-23,sil
3.467782497406006,-13,3,-8,-14,-5,-11,-20,-11,-37,-32,0,-13,-26,-31,sil
3.482957363128662,-17,-1,-6,-12,3,-1,-15,0,-33,-33,-11,-18,-28,-28,sil
3.482957363128662,0,9,3,9,11,8,2,7,-10,-10,-1,-2,-12,-18,sil
3.499004364013672,6,18,5,26,12,6,13,5,3,1,10,6,0,-5,sil
3.499004364013672,2,12,16,16,14,5,11,4,1,-6,4,3,-3,2,sil
3.514758825302124,0,1,6,5,12,14,6,2,0,0,0,0,-2,7,sil
3.514758825302124,-5,-1,0,5,0,16,0,1,0,8,1,4,2,7,sil
3.530096530914306,-15,-3,-6,1,-6,7,0,1,0,7,-2,-1,0,5,sil
3.530096530914306,-14,-12,-15,-3,-5,3,14,0,4,15,-16,-15,-2,7,sil
3.545743465423584,-5,-16,0,-3,-8,8,16,-1,2,23,-24,-12,-2,9,sil
3.545743465423584,-3,-15,-5,-3,-13,2,2,-4,-8,0,-18,-11,-14,0,sil
3.560925006866455,-7,-12,-16,-11,-8,-4,-4,-3,-18,-23,-18,-19,-19,-8,sil
3.560925006866455,-6,0,-6,0,4,8,6,4,-3,0,-15,-16,-3,-3,sil
3.5770299434661865,2,2,3,14,10,18,15,8,23,30,3,-1,6,2,sil
3.5770299434661865,12,0,12,7,4,4,11,7,29,22,16,10,10,5,sil
3.5928187370300293,12,4,3,7,4,-6,15,0,22,8,10,12,19,6,sil
3.5928187370300293,6,3,5,9,1,-6,17,-5,17,11,3,8,17,5,sil
3.608853340148926,0,-11,5,-15,-14,-5,-4,-2,11,9,3,3,5,3,sil
3.608853340148926,-7,-20,-14,-41,-28,-12,-26,-3,1,-1,0,1,3,-4,sil
3.6248295307159424,-8,-5,-5,-30,-20,-22,-26,-9,-10,-15,-1,6,4,-7,sil
3.6248295307159424,0,7,5,-7,0,-24,-19,-5,-5,-13,7,12,9,0,sil
3.63993501663208,13,5,6,-5,5,-15,-17,5,13,3,21,14,18,13,sil
3.63993501663208,22,7,11,-6,1,-6,-14,3,11,5,22,22,16,14,sil
3.655973672866821,17,18,0,5,4,-7,-15,-6,-10,-11,7,16,0,0,sil
3.655973672866821,5,24,0,6,13,-8,-24,-2,-23,-23,-6,0,-18,-11,sil
3.671927690505981,-2,19,1,12,14,-1,-15,0,-17,-19,-4,-9,-18,-12,sil
3.671927690505981,-4,10,3,19,4,7,7,0,-18,-21,-2,-9,-16,-13,sil
3.687258720397949,-11,3,4,9,-2,8,11,2,-31,-31,-15,-18,-29,-25,sil
3.687258720397949,-20,-4,-11,0,0,3,4,5,-33,-25,-16,-28,-30,-27,sil
3.7028884887695312,-14,-10,-2,9,4,12,10,7,-20,-3,0,-14,-7,-9,sil
3.7028884887695312,-5,-8,2,21,10,27,23,5,-3,11,4,-3,8,2,sil
3.718038320541382,-5,-3,-6,21,17,29,29,-3,4,18,-2,-9,4,4,sil
3.718038320541382,-5,-2,0,18,14,25,34,-2,17,34,-2,-6,5,11,sil
3.734141349792481,0,-10,-6,3,0,16,34,2,38,46,-1,0,17,22,sil
3.734141349792481,6,-18,-8,-18,-8,1,18,4,41,33,-3,5,20,29,sil
3.750206470489502,16,-12,0,-21,-8,-5,0,0,31,15,11,21,21,28,sil
3.750206470489502,23,1,9,-6,-3,-11,-16,0,24,7,21,30,23,19,sil
3.766336679458618,19,7,21,-2,-4,-14,-28,0,12,3,10,24,11,11,sil
3.766336679458618,11,3,6,-2,-7,-9,-31,-8,-1,-1,6,15,-1,1,sil
3.7822554111480713,3,2,-2,-3,-9,-8,-23,-8,-10,-13,7,9,-8,-6,sil
3.7822554111480713,-12,-1,-6,-16,-11,-11,-9,0,-18,-22,-4,-4,-13,-16,sil
3.797821283340454,-21,-9,-10,-19,-12,-7,-5,3,-17,-12,-18,-19,-11,-25,sil
3.797821283340454,-15,-6,-5,-11,-7,-4,-1,1,-3,-6,-18,-14,-9,-20,sil
3.812997341156006,-19,-6,-16,-14,-3,-7,5,0,4,-8,-15,-15,-16,-13,sil
3.812997341156006,-21,-5,-9,-14,-3,-5,0,0,-8,-11,-14,-19,-19,-18,sil
3.829040050506592,-6,1,0,4,0,-4,-4,-1,-25,-11,-9,-7,-9,-11,sil
3.829040050506592,-3,0,-11,10,6,-9,3,-2,-31,-17,-12,-10,-11,0,sil
3.84475040435791,-6,-6,2,4,5,1,4,0,-22,-24,-13,-19,-15,-1,sil
3.84475040435791,8,5,14,20,8,15,4,0,1,-12,3,-3,3,1,sil
3.859855890274048,21,17,15,29,10,6,7,0,17,10,13,20,22,19,sil
3.859855890274048,23,22,13,25,12,-2,5,3,21,24,14,21,22,25,sil
3.875813484191896,23,20,4,21,16,3,5,-1,12,18,17,9,17,12,sil
3.875813484191896,9,8,6,10,9,2,2,-7,-3,1,6,1,6,0,sil
3.890949487686157,1,1,4,3,0,-2,0,-3,0,0,5,1,1,1,sil
3.890949487686157,12,6,7,2,1,2,4,6,12,19,24,19,17,13,sil
3.907180070877075,10,0,2,-4,2,8,9,5,7,30,27,24,27,16,thankyou
3.907180070877075,-4,-11,-14,-14,-4,2,3,0,2,23,15,3,14,3,thankyou
3.921762228012085,-9,-9,0,-17,-10,1,-2,7,8,7,7,-6,0,-8,thankyou
3.921762228012085,-8,-3,-3,-14,-8,2,-5,0,7,-9,-7,-11,-11,-15,thankyou
3.937156200408936,-19,-9,-25,-29,-14,-3,-7,-9,-6,-19,-27,-28,-28,-21,thankyou
3.952556610107422,-33,-20,-20,-51,-25,-6,-8,-3,-14,-20,-32,-32,-32,-23,thankyou
3.952556610107422,-22,-16,-12,-32,-14,-3,-7,-1,-4,-20,-24,-15,-17,-12,thankyou
3.96812105178833,7,2,6,3,1,1,-7,0,2,-21,-12,8,-5,4,thankyou
3.96812105178833,15,8,17,15,0,3,-10,3,3,-4,6,20,5,11,thankyou
3.98417329788208,7,4,17,23,1,0,-16,1,0,10,20,17,7,7,thankyou
3.98417329788208,15,15,22,37,19,3,-10,-4,-4,18,15,15,0,5,thankyou
3.98417329788208,23,17,17,33,22,12,9,-2,-4,20,11,14,6,9,thankyou
4.000193595886231,12,1,14,16,3,6,15,0,-5,0,9,15,9,7,thankyou
4.000193595886231,-3,-6,-5,10,0,-2,8,0,-10,-19,0,7,-4,-1,thankyou
4.021141290664673,-9,-6,-22,6,9,-2,10,0,0,-7,-6,-9,-11,-11,thankyou
4.021141290664673,-11,-8,-6,2,12,4,17,2,18,6,-3,-18,-5,-14,thankyou
4.031727075576782,-16,-13,-9,-5,1,-1,10,2,12,-1,-14,-18,-4,-19,thankyou
4.031727075576782,-20,-20,-13,-23,-12,-15,-5,2,-6,-10,-24,-13,-6,-14,thankyou
4.047222137451172,-18,-14,-15,-26,-14,-18,-6,0,-9,-10,-8,-8,2,-2,thankyou
4.063671112060547,-2,2,-10,-11,-4,-6,8,1,-11,-9,4,-1,13,6,thankyou
4.063671112060547,12,8,8,-7,-4,5,9,2,-17,-6,-2,3,9,13,thankyou
4.063671112060547,8,3,0,-4,-6,3,-4,-1,-5,2,-8,-2,0,13,thankyou
4.0792529582977295,7,7,0,9,0,1,-8,0,12,9,0,0,3,13,thankyou
4.0792529582977295,20,14,16,18,9,7,-3,2,18,20,16,14,15,24,thankyou
4.094765186309815,17,15,9,19,13,6,-8,0,13,27,12,8,8,22,thankyou
4.094765186309815,3,16,5,20,11,6,-13,-1,3,24,4,-2,0,8,thankyou
4.112917423248291,1,8,-3,9,0,10,-3,-5,3,14,11,-2,3,2,thankyou
4.112917423248291,-3,-6,-10,-17,-6,0,5,-9,-7,-8,-4,-7,-3,-5,thankyou
4.1262524127960205,-16,-13,-15,-23,-8,-6,11,-4,-21,-17,-26,-15,-15,-18,thankyou
4.141149997711182,-21,-11,-19,-15,-10,-1,17,1,-3,-2,-12,-13,-8,-18,thankyou
4.141149997711182,-25,-14,-7,-24,-12,-3,6,6,9,-8,-6,-11,-9,-16,thankyou
4.157701253890991,-23,-19,-12,-33,-10,-10,-2,7,0,-23,-16,-13,-17,-25,thankyou
4.157701253890991,-4,-14,-3,-24,-9,-6,0,2,1,-13,-6,-4,-5,-21,thankyou
4.174100399017334,8,-3,17,-7,-7,0,3,2,8,-7,5,4,3,-2,thankyou
4.174100399017334,10,8,16,4,-3,-3,5,0,4,-12,14,16,3,9,thankyou
4.174100399017334,26,21,29,19,4,-2,3,0,14,0,32,36,20,19,thankyou
4.189028978347778,40,20,30,36,14,2,-7,0,30,17,36,40,36,24,thankyou
4.189028978347778,40,17,25,41,14,-2,-25,-1,19,19,30,41,26,24,thankyou
4.204440116882324,40,29,30,35,15,-12,-36,-3,1,13,44,47,17,21,thankyou
4.204440116882324,29,25,18,35,19,-12,-35,-5,-12,6,42,26,14,8,thankyou
4.218776226043701,0,7,8,24,11,-1,-25,-9,-32,-1,11,-1,-4,-10,thankyou
4.234175443649292,-20,-1,-12,4,2,6,-12,-8,-41,-12,-11,-13,-28,-22,thankyou
4.234175443649292,-22,-6,-22,-6,6,10,8,2,-29,-19,-27,-25,-29,-23,thankyou
4.249693155288696,-24,-9,-15,-8,5,21,31,8,-15,-12,-38,-33,-23,-19,thankyou
4.249693155288696,-40,-20,-33,-19,-7,18,28,1,-8,-4,-43,-44,-29,-18,thankyou
4.265745401382446,-56,-38,-41,-37,-18,6,13,2,-7,-8,-52,-56,-31,-22,thankyou
4.265745401382446,-48,-32,-33,-31,-14,9,23,4,4,5,-48,-50,-15,-16,thankyou
4.280896425247192,-18,-12,-14,-13,-8,12,34,1,17,16,-25,-21,0,3,thankyou
4.280896425247192,-4,-7,0,-14,-11,8,29,3,15,1,-12,-3,6,19,thankyou
4.297002792358398,-6,-14,-7,-27,-15,2,25,3,9,0,-13,-11,7,16,thankyou
4.297002792358398,0,-6,-2,-24,-10,0,6,1,4,11,-13,-1,0,12,thankyou
4.312146902084351,21,5,7,3,0,-6,-11,2,10,9,0,17,6,19,thankyou
4.312146902084351,40,12,14,27,8,-11,-17,-1,24,8,28,28,22,28,thankyou
4.327729940414429,44,19,29,25,9,-6,-32,-5,16,14,45,44,26,28,thankyou
4.327729940414429,32,21,19,26,12,-3,-40,-3,-2,14,34,46,20,13,thankyou
4.342913627624512,14,8,10,15,7,-14,-22,0,-3,3,15,17,13,-7,thankyou
4.342913627624512,2,-3,-1,-13,-1,-17,-2,-3,7,-2,10,-1,8,-18,thankyou
5.65080714225769,23,5,12,-3,12,-3,-11,-4,-3,-11,6,18,4,18,thankyou
5.65080714225769,23,5,7,0,12,-10,-28,-1,0,-4,10,25,7,21,thankyou
5.666858434677124,32,12,14,9,4,-13,-28,2,8,-2,25,43,16,28,thankyou
5.666858434677124,32,9,12,4,-1,-15,-26,2,13,3,26,36,22,28,thankyou
5.682335615158081,18,7,18,-8,-4,-13,-29,4,0,1,14,16,12,13,thankyou
5.682335615158081,3,7,4,-5,0,-3,-17,-1,-11,-5,3,6,0,-8,thankyou
5.698182582855225,-6,0,-10,-1,4,0,-3,-4,-4,-3,5,1,-3,-22,thankyou
5.698182582855225,-9,2,-3,-4,2,2,-2,1,1,6,20,6,0,-19,thankyou
5.713849306106567,0,18,3,10,12,9,6,3,4,18,27,9,9,-4,thankyou
5.713849306106567,9,27,17,25,27,8,14,6,5,16,20,7,13,5,thankyou
5.728827714920044,-2,13,5,22,21,1,8,5,0,0,8,-6,-1,-4,thankyou
5.728827714920044,-26,-8,-18,9,-1,2,3,-6,-20,-20,-13,-28,-23,-21,thankyou
5.7442028522491455,-25,-16,-14,-1,-12,8,11,-8,-27,-18,-32,-31,-23,-14,thankyou
5.7442028522491455,-7,-11,-8,-8,-3,9,20,-1,-8,8,-23,-22,-4,4,thankyou
5.760233402252197,1,0,4,1,0,2,14,0,-7,17,-13,-19,0,6,thankyou
5.760233402252197,3,4,5,15,-3,-1,8,-4,-23,0,-10,-13,0,4,thankyou
5.775809288024902,3,-8,4,2,-6,0,9,-4,-13,0,-4,3,9,14,thankyou
5.775809288024902,0,-13,10,-10,-6,0,4,-1,2,16,-7,3,4,13,thankyou
5.790979385375977,-7,-8,-10,0,-8,0,-5,0,0,8,-18,-16,-11,-2,thankyou
5.790979385375977,-16,-13,-15,-2,-11,7,-12,3,4,-12,-28,-17,-14,-10,thankyou
5.806074380874634,-23,-25,-14,-29,-13,7,-6,4,20,-8,-29,-13,-5,-10,thankyou
5.806074380874634,-14,-24,-18,-24,-10,1,6,4,28,12,-14,-12,6,-1,thankyou
5.821202516555786,0,-5,0,1,-3,6,13,4,31,17,1,4,15,14,thankyou
5.821202516555786,1,1,3,0,5,5,0,-2,21,0,10,13,11,8,thankyou
5.836733818054199,4,5,1,-7,9,-4,0,0,3,-9,17,8,4,-5,thankyou
5.836733818054199,15,9,0,1,7,0,20,5,3,-4,19,10,7,0,thankyou
5.853310585021973,10,1,-5,-4,0,-4,11,-1,8,-9,7,5,-1,2,thankyou
5.853310585021973,6,1,12,-12,-4,-18,-20,-3,1,-13,0,4,-16,-7,thankyou
5.867883682250977,22,16,11,8,6,-14,-16,1,0,1,14,12,-5,-5,thankyou
5.883911609649658,29,15,5,10,9,-9,-3,3,0,0,19,18,5,7,thankyou
5.883911609649658,20,16,12,6,2,-11,-13,1,0,-6,21,27,10,9,thankyou
5.883911609649658,25,27,21,27,5,-3,-16,0,2,6,38,40,23,6,thankyou
5.900433778762817,26,21,25,27,12,4,-9,1,1,15,43,36,24,10,thankyou
5.900433778762817,1,2,2,5,6,0,-13,0,-10,3,24,7,4,4,thankyou
5.9160475730896,-15,0,-4,-7,-5,-3,-22,-7,-26,-13,0,-7,-12,-11,thankyou
5.9160475730896,-13,0,0,-13,-2,3,-11,-1,-26,-5,-8,-3,-9,-15,thankyou
5.931990623474121,-17,-6,-4,0,8,9,7,1,-12,7,-5,-5,-4,-9,thankyou
5.931990623474121,-28,-6,-2,16,2,7,8,-1,-11,-6,-18,-18,-19,-8,thankyou
5.948037385940552,-30,-14,-15,-3,-11,3,11,-4,-4,-12,-36,-34,-26,-10,thankyou
5.948037385940552,-25,-28,-22,-24,-11,7,27,1,16,4,-40,-38,-13,-5,thankyou
5.962310791015625,-22,-20,-16,-11,-6,11,32,2,15,6,-36,-33,-9,0,thankyou
5.962310791015625,-19,-11,-21,-4,-7,1,17,-2,-4,0,-33,-30,-12,2,thankyou
5.978137493133545,-7,-6,-5,-8,-3,1,8,-2,-12,1,-29,-15,-6,6,thankyou
5.978137493133545,8,6,3,0,1,10,5,-1,-7,-3,-20,-2,2,7,thankyou
5.994760274887085,12,10,-1,2,-1,0,-6,1,-8,-6,-9,-1,3,1,thankyou
5.994760274887085,7,2,2,-1,-2,-10,-20,0,-5,1,5,8,8,2,thankyou
6.009786367416382,10,0,1,6,1,-9,-20,-7,3,6,16,17,12,6,thankyou
6.009786367416382,21,2,7,9,-3,-9,-16,-7,3,0,14,13,8,0,thankyou
6.032199382781982,16,0,5,11,1,-2,-9,1,9,3,17,11,15,-3,thankyou
6.034200429916382,5,0,3,9,18,6,4,10,27,14,24,15,17,5,thankyou
6.041062116622925,3,-1,2,-8,11,2,11,12,29,12,21,12,8,4,thankyou
6.041062116622925,2,-9,-15,-19,-9,-10,3,7,13,1,16,3,7,-2,thankyou
6.056262731552124,0,-2,-2,-16,-9,-10,0,5,3,-3,11,7,7,1,thankyou
6.056262731552124,7,8,13,-7,0,0,9,3,1,-5,9,11,3,10,thankyou
6.072817087173462,15,12,16,1,0,-1,6,0,0,1,17,10,11,12,sil
6.072817087173462,14,14,24,2,0,-1,-6,1,1,15,26,13,16,9,sil
6.088977336883545,8,8,7,-6,1,3,-1,0,-1,6,17,7,2,0,sil
6.088977336883545,3,3,5,0,2,2,1,-4,-8,-21,1,1,-13,-3,sil
6.10217547416687,-6,10,5,12,8,0,-7,-5,-15,-25,3,1,-16,-12,sil
6.117226600646973,-22,3,-8,6,7,-1,-17,-8,-31,-20,-4,-16,-25,-34,sil
6.117226600646973,-31,-13,-7,4,-1,2,-16,-12,-47,-38,-34,-34,-44,-43,sil
6.133134126663208,-27,-7,-7,24,0,14,-1,-8,-25,-27,-37,-23,-36,-21,sil
6.133134126663208,-14,7,-5,33,8,27,24,10,16,22,-15,-1,-5,4,sil
6.149172306060791,-6,-1,-7,21,8,22,31,15,40,48,-11,-4,11,19,sil
6.149172306060791,-3,-17,-13,2,0,2,12,-1,36,32,-15,-10,12,19,sil
6.164759397506714,-2,-18,-4,-18,-10,-5,0,-5,24,12,-8,0,12,12,sil
6.164759397506714,-1,-15,-13,-27,-11,-7,4,1,19,10,-1,3,17,13,sil
6.180774927139282,7,-12,-7,-19,-10,-17,6,5,8,6,0,10,22,24,sil
6.180774927139282,21,-6,5,-12,-13,-19,-1,3,-6,-2,1,23,16,22,sil
6.195899724960327,21,0,-1,-18,-13,-14,-7,-1,-13,-7,-3,14,0,7,sil
6.195899724960327,17,9,10,-19,-7,-9,-10,-4,-11,-3,0,7,-2,0,sil
6.211440324783325,16,7,12,-6,-4,-9,-14,-7,-17,-4,14,10,0,-9,sil
6.211440324783325,11,3,6,-5,0,-14,-30,-11,-33,-24,14,1,-9,-21,sil
6.22705864906311,1,16,7,-5,5,-12,-36,-7,-34,-29,6,-17,-20,-26,sil
6.22705864906311,-2,20,1,16,12,1,-19,2,-17,-3,4,-21,-14,-21,sil
6.242670059204102,-3,12,4,33,16,19,1,10,-5,11,3,-6,-4,-4,sil
6.242670059204102,-17,0,-6,20,11,20,11,6,3,3,-3,-7,0,5,sil
6.257562875747681,-31,-13,-18,1,3,12,23,5,19,4,-16,-24,0,0,sil
6.257562875747681,-19,-14,-10,1,1,19,43,11,35,21,-14,-19,4,4,sil
6.272861242294312,1,-10,-4,0,-6,16,36,4,34,18,-1,3,15,20,sil
6.272861242294312,6,-16,4,-15,-12,-3,2,0,13,0,2,17,13,14,sil
6.289029836654663,2,-6,-1,-13,1,-12,-9,-1,2,-2,12,19,11,0,sil
6.289029836654663,14,18,7,8,9,-10,-6,0,4,0,28,24,17,5,sil
6.304546356201172,31,27,30,12,6,-9,-14,0,1,-10,30,36,15,15,sil
6.304546356201172,26,21,15,7,13,-5,-12,-8,-11,-13,21,24,3,6,sil
6.319774627685547,0,19,2,11,10,0,-4,-10,-20,-10,7,2,-7,-10,sil
6.319774627685547,-21,7,-5,10,-4,2,1,-3,-12,-11,-3,-11,-14,-21,sil
6.335761308670044,-21,-13,-12,-2,-5,5,11,3,-8,-14,-17,-19,-21,-25,sil
6.335761308670044,-15,-17,-4,-5,2,12,15,5,-12,-7,-30,-22,-27,-21,sil
6.350743532180786,-16,-9,-12,3,-1,13,7,3,-2,11,-21,-20,-19,-5,sil
6.350743532180786,-19,-16,-14,-4,-11,12,5,4,12,25,-3,-13,-4,2,sil
6.366944074630737,-18,-22,-11,-17,-9,8,11,0,17,24,-5,-14,0,0,sil
6.366944074630737,-4,-9,-5,-8,-8,-5,1,-6,22,15,-14,-11,2,4,sil
6.382548332214356,15,2,10,1,-10,-14,-8,-1,25,12,0,4,16,18,sil
6.382548332214356,21,-3,6,-4,-5,-7,-5,3,19,12,13,11,22,23,sil
6.398269176483154,10,-8,2,-13,-6,-6,-9,0,0,-6,-1,5,6,12,sil
6.398269176483154,9,-2,-1,-16,-10,-18,-23,-8,-20,-23,-8,8,-1,1,sil
6.414152145385742,20,3,4,-17,1,-24,-21,0,-14,-13,6,20,4,3,sil
6.414152145385742,25,15,24,-2,9,-12,-12,6,-6,-8,8,21,4,1,sil
6.429207801818848,14,15,11,14,2,-3,-10,-8,-18,-19,0,4,-2,-10,sil
6.429207801818848,-6,2,-3,-2,-1,-6,-10,-12,-30,-21,-5,-4,-9,-15,sil
6.44520115852356,-21,0,-10,-16,1,-3,-5,-1,-26,-12,-6,-6,-14,-17,sil
6.44520115852356,-14,7,-17,9,3,5,1,2,-10,-4,0,-5,-8,-11,sil
6.459939002990723,4,12,4,33,11,17,11,5,4,7,12,4,4,9,sil
6.459939002990723,10,17,11,33,24,20,20,9,13,26,17,5,11,16,sil
6.475755453109741,-1,11,2,22,18,19,22,10,13,26,3,-7,5,4,sil
6.475755453109741,-17,-8,-8,11,4,22,23,5,15,10,-5,-12,2,2,sil
6.491138458251953,-12,-14,-13,6,0,19,22,1,12,10,0,-10,8,6,sil
6.491138458251953,-2,-4,3,4,-6,6,10,3,2,20,-3,-2,6,10,sil
6.507198095321655,-12,-13,-3,-5,-15,-4,-8,0,0,11,-12,-5,-2,5,sil
6.507198095321655,-11,-20,-8,-14,-15,-10,-21,-9,0,-11,-9,-9,-3,-9,sil
6.523431777954102,5,-6,0,-13,-12,-11,-11,-6,0,-25,2,-2,0,-18,sil
6.523431777954102,4,-2,-6,-16,-9,-9,-1,-4,-3,-26,5,4,-8,-16,sil
6.53882622718811,2,1,7,-17,1,-7,-3,-2,-4,-21,8,13,-6,-9,sil
6.53882622718811,11,15,14,-1,10,-9,-2,0,2,-13,20,17,8,0,sil
6.553972959518433,4,13,4,6,4,-8,0,4,0,-8,11,4,0,1,sil
6.553972959518433,-5,3,0,1,2,6,2,5,-6,4,-9,-10,-13,-2,sil
6.570156812667847,-4,-7,-8,-2,0,11,8,0,0,16,-14,-18,-7,-3,sil
6.570156812667847,-7,-18,-8,-7,-9,2,7,1,11,12,-14,-15,-5,0,sil
6.586236238479614,1,-6,-4,-6,-2,5,12,6,31,24,-9,0,6,13,sil
6.586236238479614,19,6,5,-7,9,3,20,2,39,33,5,11,29,29,sil
6.601953268051148,18,4,15,-12,0,-9,3,-1,23,15,21,20,22,26,sil
6.601953268051148,15,10,10,1,-3,-16,-16,-2,1,-2,26,28,7,13,sil
6.617046356201172,22,26,21,13,0,-20,-26,-5,-19,-11,17,35,6,3,sil
6.617046356201172,12,19,6,4,-4,-28,-43,-8,-42,-25,4,20,-4,-10,sil
6.632441997528076,-7,0,-14,0,-2,-15,-50,-8,-52,-39,-9,-8,-31,-28,sil
6.632441997528076,-23,-3,-6,0,8,10,-20,-7,-48,-38,-28,-28,-42,-36,sil
6.648035287857056,-28,-5,-8,5,6,21,11,-3,-35,-19,-33,-34,-32,-31,sil
6.664444208145142,-17,-10,-5,15,0,18,21,7,-9,-1,-18,-25,-15,-13,sil
6.664444208145142,-13,-11,-7,10,5,16,24,11,11,7,-5,-15,0,-3,sil
6.664444208145142,-21,-9,-12,0,5,17,24,4,20,20,-4,-9,12,0,sil
6.679721832275391,-12,-7,2,3,0,18,23,5,25,28,-2,-5,19,15,sil
6.68007493019104,2,-13,0,8,0,11,25,8,25,18,0,-6,16,23,sil
6.694862604141235,1,-12,-4,1,-5,5,22,7,14,5,-4,-4,1,15,sil
6.694862604141235,-5,-9,-9,-8,-10,3,5,0,11,8,-14,-5,-6,4,sil
6.712036609649658,-2,-14,-10,-13,-6,-1,-7,-2,22,24,-6,-5,6,7,sil
6.712036609649658,18,0,12,0,1,-4,-3,2,30,31,19,20,32,28,sil
6.725210428237915,37,25,15,17,5,-5,-5,1,26,19,37,40,39,33,sil
6.742091655731201,21,17,8,0,-4,-17,-28,-7,2,-8,23,19,10,2,sil
6.742091655731201,0,-4,2,-21,-13,-23,-33,-14,-20,-23,3,-2,-13,-20,sil
6.742091655731201,6,1,0,-8,-3,-16,-8,-6,-15,-11,12,9,0,-8,sil
6.755984783172607,13,17,6,1,5,-6,5,4,1,1,24,25,14,0,sil
6.772089242935181,-1,4,-5,-6,2,-5,1,0,3,-1,11,8,0,-14,sil
6.772089242935181,-9,-7,-2,-15,-1,-10,-4,-10,-14,-19,-7,-6,-12,-19,sil
6.788183689117432,-4,4,5,-11,-2,-9,-4,-6,-26,-27,-6,-3,-12,-15,sil
6.788183689117432,-2,12,-4,0,1,0,2,2,-25,-24,-1,-5,-13,-12,sil
6.803802967071533,-3,2,4,8,6,10,14,9,-20,-19,-8,-10,-16,-1,sil
6.804804563522339,-9,-6,0,0,0,10,18,1,-15,-17,-17,-10,-15,0,sil
6.804804563522339,-14,-7,-9,-9,-8,2,12,0,-5,-6,-16,-6,-12,-2,sil
6.819024085998535,-4,0,5,2,-1,4,5,8,6,13,1,-2,-1,2,sil
6.8351240158081055,12,9,12,23,11,12,3,1,5,23,13,1,1,11,sil
6.8351240158081055,21,19,14,26,14,11,-4,-5,-2,6,0,8,-2,10,sil
6.850325345993042,12,10,0,18,10,0,-25,0,1,-7,-6,3,1,3,sil
6.850325345993042,0,-4,-6,6,3,-8,-35,6,13,1,1,-5,5,-1,sil
6.866227149963379,-4,-3,-3,1,4,0,-12,0,13,9,0,-3,1,0,sil
6.866227149963379,-9,-7,-12,1,3,9,10,-6,1,5,-13,-9,-1,-1,sil
6.8821282386779785,-21,-16,-9,-9,-8,5,1,-3,-13,0,-25,-21,-8,-13,sil
6.8821282386779785,-18,-12,-12,-10,-8,3,8,0,-4,3,-16,-16,-7,-9,sil
6.897750854492188,-3,-5,-6,0,4,12,34,4,14,6,-1,-5,0,4,sil
6.897750854492188,-5,-5,9,-1,1,14,30,8,23,12,-2,-1,0,4,sil
6.913172483444214,-7,-3,3,-2,-3,2,7,6,32,25,0,1,11,9,sil
6.913172483444214,10,0,8,0,0,-1,0,3,31,31,19,13,24,21,sil
6.929187059402466,18,3,10,3,0,-3,3,-1,9,28,23,12,20,12,sil
6.929187059402466,7,2,0,0,-8,-8,2,-5,-6,7,2,2,3,0,sil
6.943998336791992,2,-3,-6,-7,-14,-8,-10,-6,-14,-23,-8,6,-7,0,sil
6.943998336791992,0,-13,-16,-16,-16,-9,-28,-10,-30,-39,-5,4,-10,-6,sil
6.9592673778533936,-5,-6,-2,-18,-10,-13,-28,-7,-27,-31,-5,3,-5,-7,sil
6.9592673778533936,-5,2,0,-14,0,-7,-5,-2,1,-5,2,8,2,0,sil
6.975190877914429,0,0,-8,-6,2,-4,0,0,7,9,14,7,7,0,sil
6.975190877914429,2,7,4,4,0,-2,-2,9,-8,3,15,5,7,-2,sil
6.990756511688232,4,11,6,5,3,0,9,8,-2,-1,16,2,6,-1,sil
6.990756511688232,8,1,6,-5,2,-7,8,-3,6,-6,11,0,0,-2,sil
7.006295442581177,10,0,8,-3,0,-9,-7,-2,0,-14,-7,-7,-8,-8,sil
7.006295442581177,0,1,-2,5,1,0,-1,5,-10,-15,-26,-17,-19,-13,sil
7.021836757659912,-10,-4,-7,0,3,12,13,3,-16,-16,-23,-21,-20,-11,sil
7.021836757659912,-3,-3,-10,0,6,6,12,-5,-6,-10,-2,-9,0,0,sil
7.037928819656372,3,4,4,2,2,-1,6,-2,4,6,6,3,13,3,sil
7.037928819656372,0,3,7,5,-4,-1,-1,-3,3,18,0,3,5,-2,sil
7.053064584732056,-1,2,-2,11,0,-6,-18,-11,-10,-1,-1,2,-3,-5,sil
7.053064584732056,6,11,10,17,5,-8,-28,-6,-11,-25,4,13,-3,2,sil
7.069177865982056,8,11,5,19,1,-2,-20,3,8,-7,9,13,0,7,sil
7.069177865982056,-1,-1,3,12,-4,-2,-11,11,14,11,6,10,3,1,sil
7.085049152374268,-5,-2,9,4,1,2,3,10,8,7,2,13,4,4,sil
7.085049152374268,5,7,2,12,13,18,25,7,13,20,7,11,9,15,sil
7.100736856460571,10,14,3,25,13,23,25,10,12,37,14,9,13,12,sil
7.100736856460571,0,4,-7,11,8,17,12,3,0,26,14,0,8,-2,sil
7.116847038269043,-5,-4,-9,-14,5,16,12,-2,2,12,6,-9,-2,-1,sil
7.116847038269043,0,1,4,-8,0,15,14,1,4,1,-1,-11,-11,6,sil
7.132281064987183,0,-4,-1,-5,-7,4,7,0,-2,-9,-10,-16,-13,0,sil
7.132281064987183,-10,-25,-10,-38,-6,0,1,-6,-7,-7,-17,-19,-13,-4,sil
7.147789001464844,-15,-24,-14,-44,-1,3,0,-10,-12,0,-17,-18,-16,0,sil
7.147789001464844,-1,-4,-2,-9,0,1,-4,-10,-12,-6,-18,-12,-14,-1,sil
7.162960052490234,11,9,9,9,0,-5,-3,-3,4,-10,-15,-6,-5,-6,sil
7.162960052490234,9,5,4,10,0,-17,-2,5,23,0,0,-3,6,0,sil
7.179038763046265,0,-5,8,-4,-8,-20,-4,8,20,8,5,0,9,5,sil
7.179038763046265,-15,-19,-5,-21,-15,-13,0,0,15,0,-5,-3,4,-5,sil
7.194102764129639,-20,-14,-17,-10,-10,-10,4,-3,5,-9,-3,-2,7,-12,sil
7.194102764129639,-10,3,-4,13,-5,-8,0,0,-16,-8,2,12,12,-3,sil
7.209230184555054,-5,7,-10,10,-8,-8,-5,-5,-28,-13,-4,9,3,0,sil
7.209230184555054,-4,1,-3,-4,-12,-12,-8,-5,-13,-22,-2,4,0,-2,sil
7.224816083908081,4,4,10,0,-4,-11,-16,0,0,-8,12,14,9,3,sil
7.224816083908081,10,8,9,12,2,-10,-27,0,-6,0,14,18,8,11,sil
7.239876508712768,14,12,15,14,7,-3,-20,5,-5,3,13,18,8,12,sil
7.240241050720215,22,15,9,9,12,8,-1,6,2,16,17,20,15,11,sil
7.255102872848511,19,11,11,6,8,10,3,0,-9,10,1,14,-1,7,sil
7.255102872848511,10,6,6,7,6,11,10,-2,-10,-2,-2,0,-14,-3,sil
7.270839691162109,5,2,-6,6,14,16,19,0,5,0,3,-8,-6,-18,sil
7.270839691162109,-7,-4,-6,2,16,14,15,-2,3,0,-11,-13,-10,-24,sil
7.287321090698242,-20,-11,-13,2,11,8,12,-2,4,2,-21,-22,-11,-14,sil
7.287321090698242,-16,-8,-8,1,3,8,8,7,20,12,-5,-18,0,-2,sil
7.302038669586182,-10,-8,-7,-7,-5,0,-12,5,13,5,2,-10,0,-4,sil
7.302038669586182,-15,-18,-17,-23,-11,-14,-23,-1,-3,-3,-5,-15,-10,-8,sil
7.318129301071167,-12,-13,-9,-23,-10,-7,-4,2,-5,-5,-11,-18,-13,-2,sil
7.318129301071167,-2,-3,-8,-11,-11,2,13,4,2,0,-5,-15,0,5,sil
7.334219455718994,2,-4,1,-14,-12,3,11,2,1,2,2,-5,5,13,sil
7.334219455718994,5,0,14,-10,-5,4,4,0,-4,0,7,11,-2,17,sil
7.349818229675293,16,11,16,12,-1,1,7,-2,-6,-4,10,18,-1,17,sil
7.349818229675293,26,16,27,16,0,0,2,0,-3,0,21,24,14,19,sil
7.365949869155884,25,11,13,3,6,0,-16,-4,-2,0,22,27,17,16,sil
7.365949869155884,13,15,4,2,9,-5,-29,-6,-12,-15,6,21,3,4,sil
7.380068778991699,11,25,16,20,5,-2,-10,0,-3,-16,5,10,4,0,sil
7.395339488983154,10,14,9,27,5,-1,7,-1,11,-3,12,0,7,-7,sil
7.395339488983154,-6,-7,-2,4,0,-6,1,-4,0,-9,-7,-9,-4,-17,sil
7.411974191665649,-24,-6,-17,-3,0,0,3,-1,-10,-12,-13,-16,-12,-17,sil
7.411974191665649,-22,2,-14,10,6,8,13,0,0,3,1,-9,-6,-9,sil
7.411974191665649,-18,-4,-8,1,3,7,11,2,8,14,0,-4,-1,-8,sil
7.426996231079102,-21,-16,-21,-24,-7,-1,9,3,11,9,-14,-10,-2,-7,sil
7.4422008991241455,-15,-13,-11,-18,-7,-1,13,3,21,6,-12,-4,-1,-1,sil
7.4422008991241455,0,-4,-2,5,4,8,15,4,28,17,-3,2,7,4,sil
7.459305047988892,12,1,2,8,14,9,11,7,13,21,-7,1,6,10,thankyou
7.459305047988892,8,2,7,3,10,0,4,1,-5,13,-11,1,-1,10,thankyou
7.459808111190796,3,0,2,10,1,-4,0,-6,-7,18,0,6,0,6,thankyou
7.474871158599853,9,0,7,6,0,-1,-4,-5,-13,14,0,10,2,7,thankyou
7.474871158599853,5,0,0,0,0,-1,-17,-8,-24,0,-11,-2,-5,2,thankyou
7.489027976989746,-3,-3,-4,1,-2,-9,-23,-6,-18,-2,-8,-9,-5,-6,thankyou
7.504745006561279,-2,-9,1,1,-3,-9,-13,1,-5,2,7,6,7,0,thankyou
7.504745006561279,-1,-15,-12,-12,-4,-4,-4,3,1,4,11,0,14,5,thankyou
7.520050048828125,-7,-10,-3,-30,-11,-3,-3,6,9,0,-1,-24,0,-11,thankyou
7.520050048828125,-8,-1,-2,-27,-14,0,1,6,12,-5,-9,-22,-11,-22,thankyou
7.535099744796753,-3,0,-12,-14,-12,0,0,-1,0,-15,-9,-6,-10,-8,thankyou
7.535099744796753,-2,-1,-5,-14,-11,0,-9,-1,-8,-18,-7,-4,-9,-7,thankyou
7.550112962722778,-8,-5,-7,-20,-12,0,-7,0,-6,-12,-2,-8,-8,-12,thankyou
7.550112962722778,-10,-8,-1,-17,-11,-3,-5,-5,-9,-15,-1,0,-7,0,thankyou
7.565357208251953,0,-1,12,-3,-6,-5,-7,-7,-10,-20,0,5,-2,10,thankyou
7.565357208251953,16,6,16,11,0,-5,-2,0,-1,-11,13,15,5,11,thankyou
7.580980539321899,27,15,23,28,7,-3,1,3,0,-8,33,34,14,22,thankyou
7.580980539321899,28,28,10,43,15,0,-3,-5,-7,-20,35,29,14,17,thankyou
7.595997095108032,21,27,8,35,22,10,-1,-3,-5,-32,13,8,1,-4,thankyou
7.595997095108032,7,7,8,14,17,11,8,0,3,-38,3,7,-2,-9,thankyou
7.612101793289185,-3,0,0,17,4,0,12,0,6,-42,12,13,7,-2,thankyou
7.612101793289185,-3,13,7,27,7,0,10,5,8,-11,12,12,9,0,thankyou
7.628122329711914,-1,11,4,19,18,9,14,9,22,50,10,6,6,3,thankyou
7.628122329711914,-3,-2,-1,6,13,11,12,5,18,73,8,0,8,5,thankyou
7.643845081329346,-5,-1,-7,3,7,9,9,2,5,53,-2,-1,9,3,thankyou
7.643845081329346,-3,1,-7,-5,6,0,4,0,6,36,-13,0,5,2,thankyou
7.659914493560791,-4,-3,10,-18,0,-2,-1,0,5,27,-12,-1,1,4,thankyou
7.659914493560791,-8,-5,-1,-10,2,10,7,1,-2,24,-7,-11,-3,2,thankyou
7.675080060958862,-10,-4,-14,-10,2,13,18,0,-3,22,-19,-20,-17,0,thankyou
7.675080060958862,-10,-12,-8,-23,-18,0,8,-6,-4,8,-37,-30,-26,0,thankyou
7.690462589263916,-12,-21,-19,-32,-33,-11,-5,-12,-16,-10,-41,-38,-25,-10,thankyou
7.690462589263916,-16,-23,-22,-39,-28,-12,-5,-10,-24,-23,-38,-36,-26,-21,thankyou
7.706168413162231,-15,-23,-22,-40,-18,-13,-7,-6,-21,-33,-34,-33,-23,-22,thankyou
7.706168413162231,-9,-17,-10,-23,-9,-16,-24,-2,-14,-31,-13,-13,-6,-14,thankyou
7.722211599349976,0,3,4,-5,0,-10,-29,4,4,-14,14,14,10,-6,thankyou
7.722211599349976,6,19,6,6,9,-4,-12,10,23,-6,18,16,12,-4,thankyou
7.737797021865845,6,15,19,23,14,6,1,14,23,-4,17,9,10,0,thankyou
7.737797021865845,5,3,12,32,11,20,12,9,24,14,27,12,22,14,thankyou
7.753280878067017,6,-2,2,20,6,14,25,3,20,31,21,13,25,25,thankyou
7.753280878067017,7,-3,3,5,0,-1,20,4,6,20,6,14,17,23,thankyou
7.76923131942749,7,-3,-2,0,-13,-9,0,1,12,-1,12,21,20,15,thankyou
7.76923131942749,10,-1,8,1,-13,-6,-13,-4,11,-18,22,30,19,10,thankyou
7.784818410873413,14,1,12,9,2,-5,-19,-10,-10,-18,19,29,6,1,thankyou
7.784818410873413,18,6,8,8,7,-15,-28,-14,-30,-22,14,21,-7,-12,thankyou
7.800047636032104,14,14,14,10,4,-18,-33,-11,-39,-39,13,11,-18,-21,thankyou
7.800047636032104,9,20,7,29,12,-3,-18,-4,-37,-26,12,0,-16,-16,thankyou
7.815477848052978,8,22,8,27,16,13,0,0,-20,6,3,-4,-6,-7,thankyou
7.815477848052978,-1,17,0,8,6,16,7,1,-5,11,0,-3,-7,-1,thankyou
7.830761909484863,-9,7,-7,4,5,11,16,1,0,10,0,-5,-10,8,thankyou
7.830761909484863,-8,0,-4,1,10,15,23,5,8,20,-10,-16,-2,12,thankyou
7.846956729888916,-20,-9,-19,-9,3,11,21,6,11,20,-26,-32,-5,-1,sil
7.846956729888916,-31,-17,-20,-16,-9,2,16,5,5,12,-34,-29,-20,-3,sil
7.861472368240356,-19,-15,-14,-21,-15,4,15,1,3,4,-34,-18,-14,4,sil
7.861472368240356,-1,-15,-6,-27,-15,1,11,2,9,-1,-24,-13,4,6,sil
7.877127408981323,1,-16,7,-21,-14,-5,11,10,22,8,-5,0,16,11,sil
7.877127408981323,0,-9,-4,-10,-10,-7,10,0,27,13,2,6,15,13,sil
7.892767906188965,5,1,0,-9,-2,-4,6,-3,17,0,4,2,12,8,sil
7.908259153366089,13,3,9,-11,7,-4,3,0,12,-7,17,8,17,3,sil
7.908259153366089,5,-5,-2,-9,9,-8,-11,-4,5,-10,20,5,11,-7,sil
7.908259153366089,0,0,4,-4,4,-5,-24,-9,-16,-22,10,0,-9,-24,sil
7.923901557922363,6,17,12,7,10,-1,-14,-1,-19,-14,14,3,-9,-20,sil
7.923901557922363,5,14,11,10,10,-6,-12,4,-12,-6,8,5,-2,-13,sil
7.94066309928894,-2,1,6,8,3,-2,-9,1,-12,-9,-6,0,-9,-17,sil
7.94066309928894,-2,3,-2,11,2,4,4,0,-4,-2,-6,-3,-13,-11,sil
7.9545698165893555,-6,3,0,9,-5,2,-4,3,2,10,-6,0,-11,-1,sil
7.969870805740356,-8,-9,-3,6,-17,-2,-17,0,0,18,-14,-1,-8,0,sil
7.969870805740356,3,-10,2,1,-11,0,-1,0,0,18,-8,6,4,11,sil
7.985138893127441,12,-1,3,0,-1,4,10,2,10,18,7,16,25,32,sil
7.985138893127441,11,-5,-9,3,0,3,6,-2,9,21,14,14,29,31,sil
8.00083065032959,7,-9,0,7,-3,1,1,-7,1,10,3,10,9,18,sil
8.00083065032959,2,-2,-1,-2,-4,-4,-8,-7,-6,-14,-2,4,-5,1,sil
8.016302585601807,6,5,1,-10,0,-12,-19,-7,-17,-28,6,2,-6,-9,sil
8.016302585601807,7,14,10,-2,7,-4,-15,-3,-23,-27,13,3,-8,-12,sil
8.037447690963745,-11,9,-8,6,12,5,-6,0,-23,-24,0,-10,-18,-17,sil
8.037447690963745,-25,0,-10,11,10,12,1,7,-15,-14,-20,-26,-25,-23,sil
8.037447690963745,-22,-2,-2,12,9,15,18,6,9,8,-15,-23,-12,-13,sil
8.04712462425232,-15,2,-3,10,11,20,35,4,27,22,-3,-14,5,4,sil
8.062587976455688,-10,2,-7,5,9,25,39,7,25,22,-4,-8,10,9,sil
8.062587976455688,-7,-7,-17,-8,-4,12,23,3,24,18,-6,-4,9,1,sil
8.07926344871521,3,-14,-4,-29,-17,-12,-2,-4,25,8,-5,0,11,3,sil
8.07926344871521,24,-1,10,-19,-12,-22,-9,-4,22,4,5,10,17,18,sil
8.09537386894226,33,10,12,-1,-8,-24,-8,-1,-1,-3,19,27,17,22,sil
8.09537386894226,20,10,11,-3,-12,-26,-20,-3,-30,-22,20,27,0,7,sil
8.11013126373291,8,11,5,0,-4,-19,-23,-2,-26,-15,17,8,-12,-6,sil
8.11013126373291,7,14,15,10,3,-5,-13,5,-8,-1,12,0,-9,-5,sil
8.126205921173096,0,6,1,11,4,4,-5,0,-13,-9,0,-3,-8,-2,sil
8.126205921173096,-5,1,-6,13,9,11,5,-7,-9,-7,-9,-7,-9,-3,sil
8.141807079315186,-2,4,11,16,15,17,14,4,11,15,-3,-2,0,-4,sil
8.141807079315186,-10,-11,-6,8,8,9,8,4,7,16,-8,-16,1,-13,sil
8.157418489456177,-30,-31,-17,-15,-2,1,1,-2,-8,0,-21,-27,-4,-16,sil
8.157418489456177,-24,-27,-8,-31,-1,4,1,0,4,0,-7,-9,5,-6,sil
8.173088312149048,3,-10,-4,-13,2,-2,-8,5,14,-1,13,8,13,-1,sil
8.173088312149048,10,0,6,-7,-5,-13,-15,3,1,-8,7,14,1,-2,sil
8.188259840011597,-2,-2,5,-32,-10,-9,0,-2,-1,1,0,13,0,0,sil
8.188259840011597,0,6,14,-18,0,-2,6,1,-3,0,10,10,3,5,sil
8.20386528968811,14,22,19,33,5,3,-1,4,-10,-14,10,11,0,9,sil
8.20386528968811,15,19,5,44,1,6,0,-3,-2,-9,-4,11,-2,14,sil
8.220050811767578,8,10,5,27,4,10,8,-4,6,10,-12,8,1,18,sil
8.220050811767578,0,0,-6,17,3,11,9,0,5,18,-9,-6,4,15,sil
8.235057592391968,-8,-17,-14,-1,-13,6,0,-1,0,7,-20,-18,-8,3,sil
8.235057592391968,-11,-17,-17,-14,-18,0,-5,-3,1,1,-25,-16,-15,-9,sil
8.250275135040283,-7,-2,-25,-8,-9,-7,-3,-3,1,2,-13,-12,-3,-9,sil
8.250275135040283,-1,4,-5,-9,-8,-2,-1,-5,-2,-1,-5,-3,2,-3,sil
8.265349388122559,4,7,0,-4,0,1,3,0,5,-6,6,2,4,-4,sil
8.265349388122559,5,6,-3,-4,9,-3,5,7,13,-5,22,5,5,-9,sil
8.280535459518433,1,8,2,-10,9,-10,0,1,1,-6,21,3,0,-9,sil
8.280535459518433,6,11,7,-1,14,-6,-5,-6,-9,-8,11,1,-6,-7,sil
8.296178102493286,2,3,14,4,12,4,-5,1,-11,-14,5,-1,-9,-9,sil
8.296178102493286,-18,-13,0,-7,-1,11,1,3,-16,-14,-4,-14,-12,-14,sil
8.311798334121704,-21,-11,-8,-8,0,10,12,2,-12,3,-13,-17,-3,0,sil
8.311798334121704,-1,-2,0,8,9,12,17,7,5,22,-1,2,9,24,sil
8.32788348197937,11,-10,4,13,-1,0,5,4,16,23,10,13,13,21,sil
8.32788348197937,18,-8,12,0,-13,-18,-13,2,17,17,9,15,16,13,sil
8.343080043792725,15,-3,3,-7,-8,-18,-23,-1,19,10,8,13,18,14,sil
8.343080043792725,-2,-8,-6,-11,-8,-13,-23,-9,1,-12,3,3,1,0,sil
8.359064817428589,-7,2,4,-10,-12,-13,-22,-6,-23,-27,-1,3,-13,-18,sil
8.359064817428589,6,26,8,11,0,-5,-7,-2,-16,-16,9,10,-4,-16,sil
8.375004291534424,9,30,13,25,13,5,7,-2,-2,-1,17,3,0,-5,sil
8.375004291534424,-5,13,-2,17,10,10,12,0,-16,2,3,-10,-6,-8,sil
8.390162706375122,-17,0,-14,4,5,18,12,3,-29,-4,-21,-14,-19,-12,sil
8.390162706375122,-13,-4,-1,1,6,26,21,6,1,1,-28,-10,-19,-2,sil
8.405832052230835,1,-8,0,6,4,16,27,3,40,32,-10,-7,2,18,sil
8.405832052230835,9,-14,2,1,-1,1,11,3,31,36,0,0,16,23,sil
8.420995473861694,-2,-17,-10,-18,-8,-8,-5,1,6,0,-10,-7,2,4,sil
8.43664026260376,-8,-14,-18,-25,-9,-15,-9,-5,9,-12,-13,-6,0,-1,sil
8.43664026260376,6,-2,6,-14,-1,-7,-3,-6,16,-2,9,19,19,10,sil
8.437640905380249,10,1,4,-11,0,-1,-1,0,2,-4,25,23,23,6,sil
8.45215654373169,2,5,0,-12,0,-8,-11,6,-16,-19,8,9,5,-4,sil
8.45215654373169,2,12,5,0,1,-9,-15,0,-24,-26,0,7,-3,-10,sil
8.467995882034302,0,8,4,10,4,1,-1,-4,-17,-19,10,0,-6,-15,sil
8.467995882034302,-8,1,7,12,3,10,13,2,-5,-4,-2,-15,-10,-12,sil
8.483707904815674,-3,7,3,26,6,10,16,3,0,8,-26,-17,-12,-1,sil
8.500157356262207,6,11,5,26,0,7,13,0,0,11,-18,-5,-9,1,sil
8.500157356262207,1,-1,0,6,-5,5,8,0,6,14,2,-4,-3,0,sil
8.500157356262207,-6,-13,-8,-3,-3,4,0,1,12,18,0,-8,0,3,sil
8.515860557556152,0,-7,7,-2,-4,-1,-4,1,9,15,-4,2,1,15,sil
8.515860557556152,1,-6,-1,-7,-9,-13,-7,-5,6,6,4,4,6,14,sil
8.531007289886475,-7,-18,-15,-21,-13,-16,-20,-9,-4,-4,0,-5,0,-3,sil
8.531007289886475,-3,-10,-7,-19,-7,-5,-22,-2,-6,-3,0,3,0,-3,sil
8.546553134918213,13,6,-6,-8,1,-5,-10,0,0,-3,15,15,8,9,sil
8.546553134918213,3,0,-11,-16,-3,-14,-15,-2,-9,-17,8,4,-1,-2,sil
8.563781976699829,-14,-11,-19,-25,-9,-10,-22,-1,-18,-12,-5,-6,-13,-22,sil
8.563781976699829,1,2,5,-7,4,0,-9,5,-7,0,4,2,-4,-11,sil
8.579315423965454,14,14,23,10,14,5,4,8,2,-1,15,11,6,3,sil
8.579315423965454,5,12,9,13,15,11,15,1,17,4,14,12,12,6,sil
8.59371542930603,5,18,20,20,24,18,22,5,27,19,17,18,12,12,sil
8.59371542930603,8,25,15,30,25,14,22,6,10,6,14,5,7,6,sil
8.608266830444336,-3,14,0,24,9,1,15,0,-7,-13,-6,-17,-6,-9,sil
8.624256134033203,-13,-2,2,11,-3,-3,9,-5,-12,-18,-20,-20,-20,-14,sil
8.624256134033203,-11,-10,-3,5,-12,4,2,-9,-17,-12,-12,-11,-17,-8,sil
8.641871452331543,-8,-6,-7,-1,-13,11,-3,-4,-22,-7,-10,-9,-11,-4,sil
8.64287281036377,-8,-3,-13,2,-1,3,-4,0,-14,-3,-13,-16,-13,-6,sil
8.654911994934082,-3,-7,-7,12,0,0,0,0,-4,-1,-11,-13,-7,0,sil
8.654911994934082,3,-6,4,1,-10,11,10,2,12,10,-5,4,9,17,sil
8.670213460922241,0,-9,-9,-11,-10,9,17,4,27,29,0,10,18,24,sil
8.670213460922241,-6,-14,-9,-18,-7,-8,4,3,8,15,-7,0,7,8,sil
8.686179637908936,-2,-8,-5,-16,-6,-7,-6,-1,-10,-3,-15,-6,2,-4,sil
8.686179637908936,5,-1,-6,-19,0,4,-2,-3,-5,0,-13,-2,9,0,sil
8.702248096466064,5,-9,0,-24,0,0,-5,-1,2,9,0,7,13,6,sil
8.702248096466064,8,-7,3,-12,0,-13,-10,0,9,14,17,10,17,6,sil
8.718297719955444,17,10,16,5,2,-11,-1,3,18,13,21,15,21,7,sil
8.718297719955444,6,6,2,-5,1,-7,-2,0,17,-4,6,9,10,1,sil
8.733829736709595,-3,-7,-9,-27,-7,-17,-20,-7,4,-18,1,5,0,-6,sil
8.733829736709595,13,7,21,-5,-1,-17,-18,-1,0,-1,21,25,6,-1,sil
8.749370813369751,14,15,16,18,10,-7,-2,3,3,6,23,23,1,-4,sil
8.749370813369751,-11,-7,-7,0,1,-6,-7,3,-2,-14,-3,-9,-24,-17,sil
8.764934539794922,-17,-13,-11,-9,-12,-4,-10,-1,-12,-27,-14,-25,-27,-20,sil
8.764934539794922,-2,3,-5,12,-6,10,1,-3,-11,-17,0,-15,-17,-11,sil
8.7808518409729,0,11,4,24,8,16,8,-1,-10,-13,3,-2,-22,-1,sil
8.7808518409729,-3,9,5,18,9,7,4,0,-8,-10,0,-2,-20,0,sil
8.796099662780762,-2,15,11,17,3,8,1,0,-8,-2,-2,-7,-10,1,sil
8.796099662780762,0,22,8,22,11,15,7,3,-3,2,0,-4,-4,3,sil
8.812153100967407,-5,12,-7,16,21,7,13,2,5,3,1,-1,2,-1,sil
8.812153100967407,-8,6,1,4,11,2,5,4,2,11,0,2,10,1,sil
8.82816219329834,1,9,1,14,1,7,6,3,-6,26,0,0,15,13,sil
8.82816219329834,2,-4,0,11,-2,10,12,1,-5,26,-4,-8,8,13,sil
8.844085931777954,-5,-21,-5,-15,-6,7,9,-1,10,14,-15,-7,0,4,sil
8.844085931777954,-8,-24,-18,-31,-13,-1,1,-9,6,-2,-21,-5,-1,4,sil
8.860110998153687,-1,-22,-6,-23,-19,-11,-6,-6,-13,-13,-16,-4,5,6,sil
8.860110998153687,9,-19,-1,-11,-11,-10,-5,-2,-10,4,3,6,22,6,sil
8.875861406326294,13,-9,-3,-15,-1,-15,-7,0,0,4,18,22,19,0,sil
8.875861406326294,6,2,0,-19,-2,-20,-12,1,0,-16,14,18,1,-8,sil
8.891967296600342,6,9,3,-2,0,-8,-3,2,2,-4,14,9,2,-3,sil
8.891967296600342,13,14,19,19,10,7,7,2,2,7,20,13,5,1,sil
8.907105207443237,5,10,5,23,15,13,2,0,0,-9,10,0,-8,-7,sil
8.907105207443237,-13,0,-10,11,12,14,0,1,8,-9,-15,-19,-20,-14,sil
8.923187494277954,-22,-6,-5,2,6,15,13,6,18,11,-27,-19,-10,-10,sil
8.923187494277954,-11,-8,-13,3,0,11,20,2,15,13,-21,-17,0,0,sil
8.940928936004639,-2,-11,-13,-9,-10,5,10,0,3,-7,-29,-23,-7,2,sil
8.940928936004639,-10,-14,-12,-20,-20,-1,0,0,2,-10,-32,-26,-11,-1,sil
8.95501971244812,-10,-4,-5,-11,-18,-5,-9,-1,7,0,-7,-11,5,0,sil
8.95501971244812,8,10,11,-7,-13,-8,-15,-1,5,-2,24,12,21,12,sil
8.971529006958008,21,14,10,-9,-7,-14,-10,-1,1,-10,39,29,23,17,sil
8.971529006958008,17,13,16,-1,2,-13,-10,0,0,0,34,37,16,13,sil
8.987346410751343,0,6,9,0,7,-12,-17,0,-4,5,14,23,0,-6,sil
8.987346410751343,-11,0,-1,-9,0,-18,-18,-3,-14,-12,-4,-2,-20,-26,sil
8.987346410751343,-3,7,7,-8,-3,-14,-16,-5,-15,-14,0,-2,-19,-18,sil
9.001747608184814,10,13,10,3,3,-2,-8,0,-3,4,18,12,-2,-2,sil
9.016887187957764,14,10,19,16,11,3,3,8,9,16,23,14,7,5,sil
9.016887187957764,6,6,8,20,13,6,11,2,6,13,11,3,2,4,sil
9.032959938049316,-3,-4,-11,2,2,0,6,-5,-12,-3,-1,-6,-11,-3,sil
9.032959938049316,-1,-8,0,0,0,0,4,1,-18,-12,-6,-5,-13,-2,sil
9.048123121261597,4,7,5,24,18,16,11,4,-5,8,0,0,1,9,sil
9.048123121261597,0,12,0,33,25,24,14,-1,-5,19,-4,-1,4,13,sil
9.063870668411257,-9,-7,-8,20,8,12,11,-7,-19,-5,-21,-19,-7,-2,sil
9.063870668411257,-7,-19,-14,8,4,4,8,-2,-20,-16,-28,-25,-13,-13,sil
9.079012393951416,0,-5,0,2,11,9,16,9,-8,0,-16,-5,-5,3,sil
9.079012393951416,3,4,0,4,0,5,22,5,7,7,0,7,8,15,sil
9.094827890396118,1,1,1,3,-10,3,15,-1,18,-1,0,9,14,11,sil
9.094827890396118,0,-5,-2,-3,-3,11,8,-1,17,5,-9,-2,5,11,sil
9.11000108718872,-11,-18,-19,-17,-9,3,-1,-1,12,11,-28,-27,-7,5,sil
9.11000108718872,-18,-21,-14,-32,-30,-9,-15,-2,15,-2,-27,-24,-10,-5,sil
9.12566089630127,-10,-9,-13,-25,-23,-6,-8,2,20,-5,0,-1,3,-1,sil
9.12566089630127,-2,-7,-7,-13,-11,-5,-5,2,9,5,6,1,9,2,sil
9.140743255615234,-4,-15,-3,-16,-21,-12,-18,-2,4,6,-2,-5,5,-5,sil
9.140743255615234,-3,-11,-13,-26,-25,-16,-25,-4,11,-2,3,-4,8,-10,sil
9.156829595565796,0,0,-1,-23,-10,-12,-15,0,2,-7,15,6,5,-10,sil
9.156829595565796,1,4,1,-10,0,-5,-6,-2,-7,0,20,16,0,-14,sil
9.171994924545288,6,9,6,-6,0,0,-3,0,2,6,28,23,8,-8,sil
9.171994924545288,18,25,18,2,8,0,1,4,17,4,32,23,15,2,sil
9.18764305114746,20,28,9,19,17,-8,-1,0,0,-3,15,12,5,3,sil
9.18764305114746,2,18,10,19,16,-6,-13,-2,-27,-10,2,5,-6,-1,sil
9.202765703201294,-3,13,8,19,19,4,-12,-1,-20,-8,14,11,-1,-3,sil
9.202765703201294,7,9,6,27,23,2,-1,-1,-7,-10,10,9,0,-2,sil
9.218872547149658,0,-3,8,14,14,-3,1,-1,-19,-19,-16,-5,-17,-8,sil
9.218872547149658,-8,-13,4,-3,2,0,6,1,-10,-8,-16,-6,-21,-7,sil
9.234060287475586,13,-2,15,-1,0,5,15,8,7,11,3,9,-3,15,sil
9.234060287475586,12,0,5,3,2,0,18,5,-5,11,0,0,-1,18,sil
9.25005316734314,-12,-8,-5,-2,0,0,11,-3,-27,-5,-13,-15,-11,-1,sil
9.25005316734314,-6,0,5,-3,-2,5,6,-3,-20,-1,-2,-2,2,0,sil
9.265317678451538,11,9,5,9,2,7,7,0,0,12,6,5,21,13,sil
9.265317678451538,7,7,9,18,9,14,5,1,14,10,-6,-5,9,8,sil
9.28097915649414,-2,4,-2,13,9,19,2,1,21,3,-15,-15,-1,-1,sil
9.28097915649414,-4,1,-18,3,1,6,0,0,16,-4,-13,-15,-6,-4,sil
9.29722023010254,-3,-4,-5,5,-3,0,1,0,7,-6,-14,-10,-8,-3,sil
9.29722023010254,-5,-11,-8,0,-6,4,1,1,3,7,-11,-11,-3,-4,sil
9.312989234924316,-14,-15,-13,-8,-13,1,-3,0,0,13,-9,-13,-4,-7,sil
9.312989234924316,-21,-8,-12,1,-11,-2,-3,0,2,4,-1,-11,-5,-1,sil
9.328004360198976,-11,0,-12,3,-4,0,0,1,12,6,10,-4,3,8,thankyou
9.328004360198976,-3,0,-3,-17,-11,0,3,2,10,10,10,8,11,7,thankyou
9.343153476715088,-3,-5,-6,-17,-14,-7,0,-1,-1,-1,0,10,1,0,thankyou
9.343153476715088,0,-7,-4,-9,-6,-13,-4,-5,-5,-8,-13,1,-10,4,thankyou
9.3592689037323,4,-8,-5,-17,-7,-3,3,-4,11,10,-7,0,0,6,thankyou
9.3592689037323,1,-5,-3,-9,-1,2,10,0,17,18,6,6,8,0,thankyou
9.375367403030396,2,-1,6,-6,6,-2,-5,0,-10,-14,1,7,-2,-7,thankyou
9.375367403030396,5,-5,-6,-18,-1,-10,-15,0,-13,-24,0,0,0,-5,thankyou
9.391450643539429,12,-4,4,-7,-6,-15,-12,1,3,0,11,6,15,0,thankyou
9.391450643539429,12,-1,19,10,3,-9,-16,-1,-1,-1,16,15,15,2,thankyou
9.40722393989563,3,-1,3,0,4,2,-14,-2,-10,-14,10,13,10,0,thankyou
9.40722393989563,3,6,3,-4,0,4,2,6,1,-6,3,12,7,0,thankyou
9.422869682312012,8,16,6,7,7,-4,5,5,6,-1,0,3,0,-3,thankyou
9.422869682312012,7,12,11,0,7,-3,0,-2,0,-1,7,0,-2,-8,thankyou
9.43798851966858,9,16,16,0,5,7,2,-1,8,8,19,13,4,1,thankyou
9.43798851966858,8,17,8,10,7,3,0,0,13,9,16,15,4,9,thankyou
9.453230142593384,-4,9,5,3,2,-5,-13,0,-1,-5,0,0,-11,-1,thankyou
9.453230142593384,-9,5,-6,0,1,-7,-9,0,-16,-13,-2,-8,-14,-10,thankyou
9.469931364059448,3,9,-1,18,5,-3,0,-4,-23,-17,0,-1,-6,-4,thankyou
9.469931364059448,2,2,7,19,1,6,0,-1,-32,-20,-16,-13,-14,-7,thankyou
9.484504461288452,-16,-13,-6,2,0,12,0,-2,-30,-7,-33,-35,-26,-18,thankyou
9.484504461288452,-18,-7,-5,3,5,11,8,-2,-13,10,-15,-25,-19,-14,thankyou
9.500556707382202,-9,6,-3,14,8,14,16,-2,-2,9,-1,-12,-7,-5,thankyou
9.500556707382202,-11,-1,-7,4,4,19,16,1,2,0,-16,-18,-8,-5,thankyou
9.516281604766846,-9,-14,-2,-3,0,9,6,5,12,11,-13,-9,-3,0,thankyou
9.516281604766846,0,-8,-5,10,-2,-3,0,2,15,20,5,3,6,14,thankyou
9.530797719955444,0,1,1,17,-1,0,7,3,8,6,7,9,8,16,thankyou
9.546006441116331,2,2,0,11,5,11,23,7,18,19,11,13,18,19,thankyou
9.546006441116331,3,-5,-9,0,2,4,24,3,23,31,11,10,23,28,thankyou
9.56360125541687,-5,-13,-9,-17,-11,-7,5,-1,9,4,-5,-2,10,18,thankyou
9.56360125541687,-5,-15,-14,-19,-15,-9,-6,-1,2,-6,-11,-9,0,0,thankyou
9.56360125541687,2,-10,-4,-14,-11,-2,-4,1,15,8,-6,2,6,1,thankyou
9.577234268188477,5,-7,0,-16,-2,0,3,0,31,14,7,15,24,13,thankyou
9.592764377593994,12,-5,6,-15,0,-7,0,2,28,6,24,21,29,13,thankyou
9.592764377593994,14,0,12,-11,-9,-20,-16,4,6,-4,9,18,7,0,thankyou
9.607991218566896,4,-1,0,-16,-17,-21,-23,-3,-6,-11,-5,6,-5,-15,thankyou
9.607991218566896,1,0,6,-18,-14,-11,-16,-6,-9,-9,9,7,0,-10,thankyou
9.624005317687988,1,4,6,-8,-9,-5,-13,-5,-20,-17,8,4,-1,-11,thankyou
9.624005317687988,1,3,-1,-5,2,-8,-18,-8,-26,-24,-8,-4,-8,-16,thankyou
9.640044450759888,10,14,14,0,11,-6,-21,-3,-18,-16,2,4,-10,-7,thankyou
9.640552043914797,10,20,6,6,2,-6,-18,-5,-22,-16,1,5,-20,-9,thankyou
9.659152269363403,-1,7,-5,0,-5,-9,-7,-4,-28,-26,-23,-17,-32,-19,thankyou
9.659152269363403,-3,0,-5,-2,3,-3,5,1,-18,-24,-15,-19,-25,-12,thankyou
9.659152269363403,2,8,0,16,13,4,6,2,-11,-14,5,0,-12,-5,thankyou
9.67220139503479,1,10,7,28,14,12,9,2,-5,0,6,2,-2,-1,thankyou
9.687806606292725,-6,4,-8,18,13,14,13,7,12,14,5,-9,3,2,thankyou
9.687806606292725,-9,6,-4,11,10,9,2,7,9,9,5,-8,0,2,thankyou
9.687806606292725,-4,12,11,27,15,16,2,5,8,11,7,2,3,10,thankyou
9.706042528152466,-2,0,2,28,19,23,17,6,22,28,8,0,10,14,thankyou
9.706042528152466,-13,-12,0,4,7,14,14,0,8,24,0,-10,1,-3,thankyou
9.719335317611694,-15,-5,-2,7,0,15,14,-10,-5,11,0,-13,-5,-10,thankyou
9.735281705856323,-1,-1,1,21,2,20,24,-6,3,11,-5,-3,0,2,thankyou
9.735281705856323,2,-7,1,0,-2,9,22,2,9,14,-12,2,9,11,thankyou
9.750880002975464,0,-14,-9,-26,-12,-1,14,0,7,11,-5,5,16,14,sil
9.750880002975464,0,-12,1,-24,-14,-2,2,-1,6,4,-2,12,13,13,sil
9.751877307891846,-1,-11,0,-12,-14,-10,-7,1,7,4,-6,7,7,2,sil
9.766055583953856,3,-8,-3,-14,-13,-17,-6,5,20,21,-1,2,13,6,sil
9.781182050704956,8,-2,3,-18,-5,-13,-6,6,25,22,-2,5,13,11,sil
9.781182050704956,0,-1,-6,-10,-2,-20,-18,-4,-6,-19,-8,-9,-2,-6,sil
9.796804666519163,-5,-8,-3,-11,-13,-24,-24,-12,-42,-64,-11,-19,-15,-16,sil
9.796804666519163,-5,-18,-4,-27,-18,-15,-17,-6,-37,-53,-8,-5,-10,-7,sil
9.811989307403564,-7,-14,-11,-27,-9,-9,-12,1,-11,-10,0,2,-1,-2,sil
9.811989307403564,-5,0,-8,-7,-1,-2,-13,-1,1,6,10,2,0,-3,sil
9.827582836151125,7,13,-5,9,5,6,-9,-2,11,8,8,3,0,0,sil
9.827582836151125,23,22,15,17,13,6,0,5,15,12,13,12,3,7,sil
9.843158960342407,16,13,10,13,7,-1,1,3,7,14,22,13,2,9,sil
9.843158960342407,1,1,-5,0,0,-2,4,1,1,4,15,10,0,6,sil
9.859296321868896,3,15,9,1,2,8,14,8,11,1,13,21,8,11,sil
9.859296321868896,4,21,9,15,9,5,9,3,12,-2,11,16,8,3,sil
9.874830961227415,3,11,7,14,6,-5,-7,0,-5,-12,-11,-7,-11,-11,sil
9.874830961227415,11,14,6,19,9,3,0,1,-7,1,-15,-17,-14,-12,sil
9.889875888824465,4,13,2,18,10,12,11,-4,-2,13,0,-6,-6,-9,sil
9.889875888824465,-10,0,-2,-2,1,1,0,-7,-12,-3,-1,-4,-11,-15,sil
9.905889749526978,-9,-2,-11,-1,0,-6,-6,-2,-14,-9,-5,-12,-13,-12,sil
9.905889749526978,-8,0,3,19,4,0,-1,0,-8,-1,0,-8,-8,-7,sil
9.921865224838257,-10,-2,7,17,8,8,0,-1,-11,-3,0,-6,-7,-6,sil
9.921865224838257,-8,-13,-7,0,3,5,2,0,-9,-2,-13,-12,-7,-1,sil
9.937344312667848,-10,-20,-9,-5,-7,5,6,2,0,0,-25,-11,-4,0,sil
9.937344312667848,-10,-15,-11,0,-4,10,11,1,5,10,-14,-9,7,0,sil
9.95328426361084,-4,-7,-1,3,2,12,17,4,11,23,3,-3,19,12,sil
9.95328426361084,0,-9,1,-3,-3,5,14,0,20,20,5,4,18,21,sil
9.968819618225098,11,-9,0,-12,-8,-2,3,-4,19,8,0,8,18,19,sil
9.968819618225098,18,0,8,-20,-5,-3,-6,0,6,0,4,18,18,13,sil
9.983991622924805,7,-3,0,-25,-12,-12,-14,0,-2,-10,17,27,10,3,sil
9.983991622924805,9,-4,1,-15,-14,-18,-18,-1,-2,-14,20,23,1,-1,sil
9.999817132949827,11,9,9,2,1,-3,-9,4,2,-5,16,12,2,0,sil
9.999817132949827,-4,13,1,8,10,6,3,1,0,-3,8,-2,0,-3,sil
10.015151023864746,-15,0,3,-1,1,3,5,-5,-16,-8,-10,-13,-12,-10,sil
10.015151023864746,-12,-11,-8,-8,-3,7,6,0,-17,-8,-28,-21,-21,-11,sil
10.031089305877686,-10,-10,-13,-13,-7,6,5,4,0,-3,-28,-14,-17,0,sil
10.031089305877686,-10,-7,-7,-17,-6,-5,-3,1,14,6,-14,-4,3,10,sil
10.053611755371094,-7,-2,-12,-19,-4,-21,-16,-4,5,-2,-2,-6,8,-1,sil
10.053611755371094,3,10,0,-9,-3,-20,-16,-3,-11,-24,4,-5,-15,-17,sil
10.053611755371094,9,18,7,9,8,-1,-2,-2,-12,-17,13,-3,-26,-18,sil
10.062735557556152,-5,11,0,15,16,11,6,0,-6,0,3,-12,-15,-10,sil
10.07784914970398,-16,4,-5,18,8,11,7,2,-3,6,-10,-16,-7,0,sil
10.07784914970398,0,1,-5,26,3,1,6,1,9,20,-1,-5,3,11,sil
10.0931658744812,18,0,10,13,0,-4,6,5,23,29,8,13,22,19,sil
10.0931658744812,21,-1,7,-6,-7,-4,0,3,21,20,12,20,33,16,sil
10.109087705612184,18,8,6,0,0,-7,-8,-1,5,3,17,17,23,3,sil
10.109087705612184,25,22,18,24,16,-6,-9,0,-4,0,26,26,8,-4,sil
10.12428593635559,21,14,11,34,16,3,-2,0,-4,4,23,25,5,-5,sil
10.12428593635559,-4,-4,1,12,0,13,0,-6,-10,0,-2,0,0,0,sil
10.140089988708496,-18,-15,-10,-6,-5,15,8,-5,-6,-1,-17,-14,-4,6,sil
10.140089988708496,-4,-16,-8,-11,-5,6,13,2,9,9,-7,1,3,11,sil
10.155764102935793,4,-10,4,-16,-12,-6,3,6,21,10,0,21,8,14,sil
10.155764102935793,3,1,-2,-10,-12,-9,0,3,19,-4,2,19,3,7,sil
10.17096209526062,1,8,7,0,-2,-8,-5,5,0,-22,5,8,-1,-8,sil
10.17096209526062,-7,5,10,0,1,-7,-10,1,-18,-26,6,-5,-8,-17,sil
10.186413049697876,-8,4,0,-1,3,0,-7,-8,-31,-22,5,-14,-11,-12,sil
10.186413049697876,-1,6,2,7,0,11,0,-9,-39,-14,0,-12,-10,-5,sil
10.202423810958862,-12,-5,-10,5,0,11,4,-3,-26,-1,-15,-23,-14,-6,sil
10.202423810958862,-26,-16,-19,0,5,13,10,0,-5,0,-31,-35,-24,-11,sil
10.218014001846312,-26,-14,-17,2,6,17,10,-3,-6,-12,-36,-33,-27,-19,sil
10.218014001846312,-19,-12,-14,0,-2,3,11,-2,-1,-5,-28,-23,-18,-15,sil
10.233135223388672,-6,-13,-1,-11,-5,-6,12,6,25,15,-14,-6,-1,5,sil
10.233135223388672,5,-10,-5,-18,-3,-7,3,8,30,19,-5,3,11,18,sil
10.24884033203125,11,-2,0,-22,-2,-7,-7,5,10,11,4,9,15,17,sil
10.26491379737854,16,7,8,-16,-1,-8,-6,-1,7,10,18,14,18,12,sil
10.26491379737854,15,10,0,-8,-2,-12,-7,-3,12,6,13,9,15,1,sil
10.26491379737854,4,9,6,-16,-3,-13,-14,1,4,-2,5,12,5,-6,sil
10.281001567840576,3,13,4,-16,0,-7,-13,-2,-2,0,21,22,9,-1,sil
10.281001567840576,12,14,4,-4,3,-3,-15,-1,-4,-3,16,19,12,1,sil
10.297573328018188,15,10,13,4,7,-3,-16,4,-1,-4,1,3,0,-2,sil
10.297573328018188,9,5,7,7,8,-2,-9,0,4,7,14,0,0,0,sil
10.312068223953249,5,2,5,9,4,2,0,-2,0,13,16,5,2,10,sil
10.312068223953249,0,-2,1,18,4,6,10,0,-12,0,-3,-5,-6,0,sil
10.328153610229492,-13,-11,1,20,6,9,19,-2,-12,-6,-4,-16,-12,-13,sil
10.328153610229492,-19,-10,-6,20,2,16,17,0,0,3,-2,-12,-4,-9,sil
10.34391450881958,-13,-10,-18,18,-8,16,13,2,3,9,-13,-14,0,1,sil
10.34391450881958,-5,-12,1,10,-12,8,18,2,11,14,-6,-7,4,13,sil
10.359070301055908,-1,-8,5,9,0,6,25,5,30,27,9,9,17,21,sil
10.359070301055908,3,-1,-7,8,3,2,14,8,34,15,2,18,16,15,sil
10.375272750854492,6,0,-5,-3,-6,-8,-4,5,21,-8,-1,21,8,5,sil
10.375272750854492,3,0,-2,-15,-12,-20,-16,-4,8,-11,4,18,5,0,sil
10.390737295150757,1,4,9,-15,-12,-24,-22,-5,-12,-19,4,14,0,-3,sil
10.405171394348145,6,7,13,-11,-8,-20,-28,-3,-25,-29,3,16,0,-8,sil
10.405171394348145,19,17,13,0,0,-9,-25,-6,-22,-22,4,16,-3,-7,sil
10.420321464538574,24,33,18,14,9,0,-10,-7,-27,-16,4,8,-14,-5,sil
10.420321464538574,7,31,6,22,18,5,0,-4,-31,-21,1,-9,-17,-7,sil
10.43601679801941,0,15,2,14,23,16,4,0,-26,-18,-2,-21,-12,-8,sil
10.43601679801941,4,5,-2,5,17,23,12,0,-15,1,0,-21,-4,-4,sil
10.451188564300535,-2,0,-10,3,9,17,14,-2,-10,11,-5,-17,-4,-4,sil
10.451188564300535,-25,-9,-12,-3,2,9,6,-2,-12,2,-25,-21,-17,-16,sil
10.46723699569702,-28,-20,-25,-17,-4,4,12,1,-10,-1,-33,-33,-22,-19,sil
10.46723699569702,-14,-24,-17,-21,-6,6,18,8,5,5,-23,-28,-14,-3,sil
10.483328580856323,-11,-23,-9,-15,-4,5,2,2,20,11,-8,-13,-4,1,sil
10.483328580856323,-15,-23,-8,-12,-14,-5,-16,-3,17,16,0,-5,1,0,sil
10.499048233032228,-11,-18,-1,-8,-18,-7,-11,2,20,21,0,-1,9,9,sil
10.499048233032228,-8,-13,-11,-10,-7,-1,1,2,29,15,-3,0,12,12,sil
10.514770984649658,-12,-15,-9,-19,-7,-8,-3,0,19,6,0,0,8,5,sil
10.514770984649658,-2,-14,2,-16,-15,-9,-2,1,7,8,8,5,12,12,sil
10.530736446380615,17,-4,10,-4,-10,0,5,2,12,6,11,20,17,19,sil
10.530736446380615,26,9,21,3,0,-6,-5,1,10,-1,8,32,14,12,sil
10.546152114868164,27,24,18,13,6,-14,-16,1,8,3,18,29,16,8,sil
10.546152114868164,28,29,16,8,9,-5,-7,2,8,0,30,31,17,7,sil
10.561795473098757,16,19,8,-3,3,-2,-1,-3,0,-12,28,30,9,-4,sil
10.561795473098757,3,13,4,6,2,-4,0,-1,4,-4,21,13,4,-12,sil
10.576748371124268,2,15,15,16,8,0,10,9,9,1,12,0,1,-6,sil
10.576748371124268,-5,5,0,5,5,-5,15,0,-12,-14,-1,-10,-5,-11,sil
10.592278957366943,-11,-1,-9,-1,0,-9,8,-9,-26,-19,-11,-17,-8,-11,sil
10.592278957366943,-1,1,-2,9,1,4,5,0,-6,-1,-2,-3,-1,6,sil
10.607995510101318,6,2,4,20,9,14,2,-2,-8,6,0,7,0,13,sil
10.607995510101318,1,4,7,20,8,11,-1,-8,-28,0,-11,-5,-11,0,sil
10.622890949249268,-7,4,-3,13,5,8,-5,-1,-16,-7,-20,-18,-16,-10,sil
10.622890949249268,-4,-3,-10,8,5,6,-8,6,0,-1,-14,-7,-10,-8,sil
10.639004945755005,1,-6,-11,10,12,8,-1,3,-6,13,-2,3,-1,2,sil
10.639004945755005,-5,-6,-8,7,8,7,0,-4,-12,13,-2,-4,-1,4,sil
10.654988288879396,-12,-10,0,1,-4,0,-1,-7,-10,-4,-13,-11,-7,-3,sil
10.654988288879396,-9,-10,-11,-7,-5,-1,7,0,0,-8,-16,-14,-8,-8,sil
10.670256853103638,-13,-9,-15,-23,-4,6,17,7,16,3,-11,-22,-8,-7,sil
10.670256853103638,-19,-16,-7,-27,-10,10,14,3,19,6,-13,-24,-6,-9,sil
10.68579363822937,-14,-18,-6,-16,-11,4,5,-5,6,-8,-20,-19,-5,-9,sil
10.68579363822937,-2,-5,-2,-19,-8,-3,-7,0,0,-15,-11,-5,-7,0,sil
10.701074838638306,11,8,2,-13,-7,-11,-16,1,8,-4,15,15,4,11,sil
10.701074838638306,16,10,11,0,-14,-18,-25,-3,0,-15,20,23,10,12,sil
10.716184139251707,9,3,12,0,-16,-19,-28,0,-11,-27,7,14,2,0,sil
10.716184139251707,13,2,6,-6,-3,-12,-8,8,-1,-1,19,21,9,-1,sil
10.731822729110718,18,14,15,5,8,-3,0,8,4,15,34,31,14,8,sil
10.731822729110718,10,19,11,22,14,1,-10,0,0,7,28,13,3,5,sil
10.747847080230711,8,16,9,27,21,12,0,-3,-2,15,18,-1,2,5,sil
10.747847080230711,5,12,6,27,19,19,28,-3,-2,31,5,-7,7,12,sil
10.763134002685549,-13,1,-12,18,8,10,24,-6,0,27,-11,-19,0,2,sil
10.763134002685549,-30,-12,-14,-2,-1,2,11,0,13,13,-19,-20,-4,-11,sil
10.779165029525757,-26,-17,-20,-17,-5,2,17,5,23,11,-14,-15,3,-13,sil
10.779165029525757,-4,-11,-12,-15,-8,-2,18,7,21,15,-12,-8,11,0,sil
10.795019626617432,7,-8,6,-13,-13,-5,9,5,19,8,-17,6,8,12,sil
10.795019626617432,2,-13,1,-17,-14,-1,5,1,18,-4,-13,13,5,11,sil
10.811084032058716,2,-18,-3,-29,-12,-9,1,2,0,-15,-1,7,4,4,sil
10.811084032058716,10,-17,-7,-31,-10,-25,-10,-1,-18,-23,-1,0,-1,-3,sil
10.826732635498049,14,0,7,-12,-3,-17,-21,-7,-28,-29,-9,3,-14,-11,sil
10.826732635498049,10,7,16,8,4,4,-20,-6,-27,-21,0,3,-12,-5,sil
10.841838836669922,1,-1,1,8,2,0,-25,-6,-20,-10,13,-3,-1,-7,sil
10.841838836669922,5,11,7,4,0,-13,-39,-6,-12,-10,10,8,0,-13,sil
10.857382774353027,19,40,11,26,13,0,-26,-6,-4,-5,23,25,7,2,sil
10.857382774353027,11,32,12,36,25,19,0,0,-2,-4,32,15,10,14,sil
10.873209953308104,-7,10,5,20,18,27,14,5,-1,-7,11,-3,0,0,sil
10.873209953308104,-11,4,-13,7,12,21,22,6,2,0,-5,-8,-5,-8,sil
10.888844013214111,-8,1,-1,1,2,3,21,5,-1,-3,-8,-4,-11,0,sil
10.888844013214111,-11,-8,-4,-1,-9,-8,15,2,0,-3,-13,-8,-16,-2,sil
10.903938293457031,-15,-12,-7,-2,-5,0,13,7,10,12,-14,-10,-11,-7,sil
10.903938293457031,-15,-6,0,3,6,8,8,8,9,17,-9,-3,-10,-6,sil
10.920002222061155,-3,-1,-6,19,8,1,7,-1,2,13,-7,-6,-13,-5,sil
10.920002222061155,4,0,4,19,1,0,6,-2,1,13,-10,-10,-6,1,sil
10.935617923736572,-4,0,-3,6,0,4,5,-3,5,21,-3,-5,11,12,sil
10.935617923736572,-1,-5,-8,-2,-2,0,-1,-11,-1,19,0,0,14,16,sil
10.95110535621643,2,-10,1,-6,-12,-4,-10,-8,-12,5,-6,-6,1,7,sil
10.95110535621643,-13,-15,-20,-10,-15,-7,-6,-4,-5,4,-6,-17,4,-2,sil
10.966498613357544,-16,-10,-6,-21,-12,-5,2,2,8,8,-6,-12,11,0,sil
10.967499256134031,-1,-15,0,-29,-10,-1,6,2,17,2,-10,-8,1,0,sil
10.982030391693115,4,-16,-9,-24,-6,-5,-1,3,20,-1,2,0,0,-1,sil
10.982030391693115,14,6,14,-11,-5,-4,-6,8,20,0,24,24,18,13,sil
10.99807333946228,23,16,7,-1,-2,-2,-1,1,17,0,24,26,25,18,sil
10.99807333946228,18,0,6,-14,-4,-7,-4,-1,-1,-12,5,11,4,3,sil
11.013229131698608,2,-7,0,-25,-7,-10,-6,0,-11,-18,0,2,-8,-7,sil
11.013229131698608,-3,-1,-13,-12,-2,-8,2,-4,-6,-18,10,0,-8,-10,sil
11.0292546749115,5,10,15,3,5,0,3,-2,-22,-33,5,7,-18,-10,sil
11.04480528831482,7,14,2,7,4,-1,-13,1,-39,-42,-12,0,-26,-15,sil
11.04480528831482,0,8,-5,3,0,-15,-31,3,-24,-24,-9,0,-12,-15,sil
11.060402870178224,5,12,28,15,12,-3,-29,3,1,0,9,12,5,-1,sil
11.060402870178224,9,19,6,36,29,16,-11,-3,11,14,9,0,8,2,sil
11.060402870178224,3,13,-2,27,18,15,1,-5,-1,13,-3,-6,2,0,sil
11.075978994369509,-1,14,27,13,0,11,10,0,-13,7,-6,9,1,1,sil
11.091994047164915,-2,11,2,15,0,11,19,-1,-6,17,1,10,10,5,sil
11.091994047164915,-3,-4,-17,6,0,4,27,0,10,36,11,7,26,14,sil
11.091994047164915,-11,-11,-3,-5,-5,7,24,7,15,32,5,1,18,8,sil
11.107407808303831,-24,-10,-21,-1,-4,10,18,2,10,11,-12,-24,-10,-16,sil
11.124274253845217,-30,-21,-18,-3,0,7,13,1,8,-2,-24,-31,-22,-19,sil
11.124274253845217,-25,-25,-6,-10,0,0,7,1,5,-7,-24,-18,-14,-6,sil
11.124274253845217,-9,-19,-13,-5,-9,-11,-3,-4,-2,-6,-16,-15,-7,0,sil
11.139286756515505,9,-12,12,0,-7,-11,-5,-1,-2,-4,0,-2,8,11,sil
11.13981866836548,19,-8,12,7,0,0,7,2,14,0,17,6,22,23,sil
11.15515661239624,22,0,5,7,0,1,7,-1,20,9,19,7,13,20,sil
11.15515661239624,22,14,18,-1,0,-3,-15,0,7,9,14,11,2,9,sil
11.170718908309937,18,22,-5,0,3,-11,-28,-2,-2,-8,11,9,-7,0,sil
11.170718908309937,9,24,4,-4,1,-12,-30,-2,-14,-24,11,16,-17,0,sil
11.187740564346312,-4,24,6,-15,7,-3,-20,0,-17,-7,17,17,-12,0,thankyou
11.20278525352478,-13,14,-14,-8,10,6,5,1,-9,6,7,-2,-11,-4,thankyou
11.20278525352478,-14,2,0,8,3,20,27,5,0,1,-12,-15,-27,-9,thankyou
11.20278525352478,-15,-13,-13,6,0,17,26,2,3,5,-18,-18,-22,-9,thankyou
11.217227935791016,-10,-24,-18,-13,-4,-5,15,0,6,16,-17,-12,1,-2,thankyou
11.233237266540527,-6,-23,-6,-20,-12,-14,8,-1,17,15,-18,-1,20,0,thankyou
11.233237266540527,-4,-26,-15,-19,-19,-9,-4,-4,12,-6,-13,0,21,-4,thankyou
11.233237266540527,3,-26,-2,-27,-24,-10,-15,-1,-1,-28,-1,3,16,-2,thankyou
11.250165224075316,13,-6,5,-9,-14,-16,-12,-4,0,-19,8,12,25,-1,thankyou
11.250165224075316,17,14,16,5,-4,-15,-16,-4,-8,-17,5,17,15,-10,thankyou
11.264734983444214,12,19,18,2,0,-3,-22,1,-21,-24,0,9,-15,-13,thankyou
11.264734983444214,10,18,6,11,9,2,-19,2,-15,-8,5,3,-19,-1,thankyou
11.280763387680054,12,20,18,26,18,-1,-20,-1,-15,7,16,12,2,7,thankyou
11.296788930892944,4,18,11,25,11,3,-13,-4,-19,3,19,6,5,5,thankyou
11.296788930892944,-1,13,6,14,4,14,2,0,-10,2,5,-10,-5,5,thankyou
11.296788930892944,-3,7,2,12,10,12,16,5,0,10,-5,-14,-3,4,thankyou
11.311848163604736,-16,-6,-15,9,12,3,19,4,-2,2,-12,-16,-6,-10,thankyou
11.327930212020874,-25,-5,-4,6,9,10,19,5,-2,1,-12,-14,-11,-18,thankyou
11.327930212020874,-10,6,1,13,11,23,26,4,15,19,-6,-4,0,-3,thankyou
11.327930212020874,6,0,-2,6,10,15,26,1,18,18,-9,1,1,8,thankyou
11.342104196548462,0,-17,-2,-12,0,3,10,0,1,2,-12,0,-1,7,thankyou
11.357818841934204,-7,-18,-8,-9,-9,1,6,-1,5,10,0,-2,9,16,thankyou
11.357818841934204,4,-2,7,3,-9,1,15,-1,24,22,8,7,17,30,thankyou
11.373837232589722,9,1,2,0,-2,0,4,-2,22,16,5,9,6,17,thankyou
11.373837232589722,-1,-8,-14,-16,-9,-8,-17,-4,5,0,0,-3,-2,3,thankyou
11.389813661575316,-6,-13,-13,-22,-20,-17,-18,-1,1,-12,-4,-6,0,6,thankyou
11.389813661575316,-2,-11,-12,-19,-17,-12,-6,-4,-3,-17,-10,-1,-2,-1,thankyou
11.4052734375,-1,-4,-1,-17,-9,-3,-5,-5,-12,-14,0,3,-3,-7,thankyou
11.4052734375,1,3,4,-10,-6,-5,-1,2,0,1,26,11,10,2,thankyou
11.420418739318848,4,0,0,-12,-3,-7,0,5,10,2,15,9,10,-2,thankyou
11.420418739318848,-4,-9,-3,-16,2,-6,-6,-2,0,-11,-7,-2,-12,-23,thankyou
11.436197519302368,-5,2,-3,2,7,-9,-3,-2,0,-7,3,-1,-16,-21,thankyou
11.436197519302368,13,23,13,25,13,-2,1,10,19,6,23,13,3,0,thankyou
11.45175290107727,18,20,8,20,18,7,0,9,22,4,15,11,12,0,thankyou
11.45175290107727,3,9,2,8,13,3,-4,0,-1,-7,-3,-5,-2,-14,thankyou
11.466997385025024,-1,9,9,6,5,-2,-11,-7,-28,-15,-14,-13,-13,-20,thankyou
11.466997385025024,1,4,-4,5,0,-2,-18,-13,-31,-11,-10,-8,-7,-9,thankyou
11.482070922851562,2,0,0,2,-1,-5,-20,-7,-26,-9,0,0,-5,0,thankyou
11.482070922851562,5,7,16,18,8,0,-7,3,-12,-2,3,6,0,6,thankyou
11.498172521591188,13,11,16,30,13,6,9,7,2,14,4,11,10,17,thankyou
11.498172521591188,10,0,4,15,1,0,11,2,1,19,0,10,11,20,thankyou
11.51377558708191,-2,-8,-9,-2,-7,-3,0,-7,-14,-1,-7,2,0,6,thankyou
11.51377558708191,-13,-7,-8,-3,-9,6,-4,-3,-15,-10,-10,0,-1,0,thankyou
11.529964447021484,-15,-3,-8,0,-6,14,1,7,4,8,-1,-2,5,2,thankyou
11.529964447021484,-6,-4,-2,-9,-3,11,7,6,14,14,0,-8,-3,-1,thankyou
11.545044660568236,-7,-9,-1,-13,-7,9,10,-1,8,-1,-10,-14,-16,-10,thankyou
11.545044660568236,-25,-18,-21,-13,-19,1,11,-2,0,-17,-25,-30,-19,-16,thankyou
11.560954332351685,-27,-22,-19,-31,-23,-10,9,0,-6,-22,-34,-34,-20,-13,thankyou
11.560954332351685,-4,-16,-8,-29,-14,-5,12,0,-5,-7,-21,-13,-8,0,thankyou
11.576525688171388,8,0,3,0,-1,10,17,0,0,4,-3,4,6,9,thankyou
11.576525688171388,7,13,12,4,7,16,13,2,10,5,0,3,6,11,thankyou
11.592204809188845,3,6,0,-12,4,5,-1,-1,15,9,7,0,5,8,sil
11.592204809188845,4,0,1,-10,0,-5,-10,-1,13,16,23,8,15,10,sil
11.60772705078125,17,14,11,11,13,-3,0,1,24,26,31,24,28,26,sil
11.60772705078125,27,23,10,22,26,0,10,6,31,24,29,24,29,28,sil
11.623121738433838,13,9,9,12,14,-4,0,3,10,1,23,11,15,3,sil
11.623121738433838,-1,-5,1,1,0,-8,-13,-7,-9,-9,12,4,1,-13,sil
11.639326572418211,-4,-14,0,0,-2,-10,-14,-7,-11,0,2,3,0,-12,sil
11.639326572418211,-9,-16,-7,0,-4,-14,-16,-2,-4,-1,2,0,0,-15,sil
11.65525722503662,-6,-4,-8,-1,1,-6,-15,0,4,-3,6,7,-2,-6,sil
11.65525722503662,4,5,8,1,9,7,0,4,7,5,2,17,-3,1,sil
11.67092514038086,9,2,7,10,3,1,9,3,0,4,-2,9,-3,-4,sil
11.67092514038086,14,0,15,12,-1,-5,0,0,-10,-7,-5,10,-2,2,sil
11.686456680297852,17,5,10,5,0,-2,-10,-1,-21,-12,-1,10,0,3,sil
11.686456680297852,2,8,-8,-5,-1,-1,-12,0,-29,-17,-6,-8,-14,-18,sil
11.702420949935911,-17,11,-11,-7,-1,0,-8,2,-27,-24,-17,-19,-29,-23,sil
11.702420949935911,-18,7,-10,4,2,1,-2,1,-13,-19,-17,-18,-20,-13,sil
11.718137502670288,-6,2,0,10,0,-4,0,2,-4,-9,-8,-13,-9,-4,sil
11.718137502670288,0,5,0,5,-1,-2,3,2,-5,0,0,-6,-4,3,sil
11.73309087753296,-6,0,-9,4,2,4,9,-1,-4,-1,-1,-13,-3,0,sil
11.73309087753296,-12,-8,-2,9,0,11,9,1,0,-7,-9,-21,-5,-4,sil
11.748209476470947,-11,-12,-7,8,-6,14,15,1,8,3,-10,-19,1,5,sil
11.748209476470947,-10,-11,-12,-10,-16,4,21,-5,9,10,-12,-15,1,2,sil
11.763322353363035,-8,-4,-8,-20,-15,-6,10,-6,9,5,-13,-7,-2,-4,sil
11.763322353363035,1,5,-2,-8,-4,0,0,0,16,9,-3,1,4,8,sil
11.778868913650513,10,6,10,0,0,11,4,4,20,21,6,7,16,25,sil
11.778868913650513,10,-2,3,0,1,5,13,4,21,31,16,17,26,24,sil
11.794741868972778,12,-9,7,-1,4,0,2,2,21,33,19,27,32,20,sil
11.794741868972778,10,-9,16,-9,0,0,-12,-3,16,20,12,14,20,13,sil
11.81084966659546,0,-9,1,-14,-6,-4,-14,-9,5,1,1,-3,2,0,sil
11.81084966659546,-5,-10,-3,-14,-7,-12,-13,-4,-10,-14,-7,3,-4,-3,sil
11.82694411277771,-1,-11,-4,-21,-5,-13,-15,-1,-25,-28,-6,6,-11,-7,sil
11.82694411277771,6,-6,1,-24,-5,-14,-15,2,-18,-25,2,1,-16,-17,sil
11.842095613479614,10,2,9,-9,-2,-8,-7,6,0,-12,14,11,-5,-16,sil
11.842095613479614,0,9,5,2,8,1,-1,2,-3,-10,13,16,-1,-8,sil
11.857794761657717,-9,15,7,9,18,8,-2,0,-13,-10,0,5,-9,-11,sil
11.857794761657717,-2,21,0,18,16,5,-4,-1,0,0,3,0,-3,-10,sil
11.873147010803224,4,23,3,27,16,1,4,-1,0,0,15,7,2,0,sil
11.873147010803224,2,19,13,34,21,5,14,1,-15,-10,7,2,-5,1,sil
11.8897545337677,0,7,0,36,12,8,12,0,-11,0,-5,-14,-6,1,sil
11.8897545337677,7,3,0,30,2,10,9,0,-1,14,-3,-8,2,7,sil
11.903762340545654,8,1,-3,22,5,13,17,3,7,12,0,2,4,8,sil
11.903762340545654,0,-12,-8,3,1,10,17,2,14,8,-9,-7,-3,3,sil
11.91901993751526,-9,-21,-5,-18,-8,0,6,2,19,14,-12,-14,-6,4,sil
11.935813188552856,-7,-14,-16,-18,-11,-5,4,6,28,16,-10,-12,6,8,sil
11.935813188552856,-3,-10,-8,-16,-17,-13,0,4,21,4,-15,-2,10,8,sil
11.935813188552856,0,-13,-3,-21,-20,-21,-14,-9,3,-1,-6,2,4,5,sil
11.951491594314575,0,-11,-8,-29,-15,-22,-22,-11,-5,-11,7,3,4,0,sil
11.951491594314575,-1,-1,0,-26,-11,-13,-24,1,-18,-19,5,4,1,-11,sil
11.967020273208618,-7,2,-3,-9,-8,-5,-20,-1,-34,-16,0,0,-9,-19,sil
11.9812273979187,-6,7,6,1,-2,3,-7,-4,-25,-15,6,0,-13,-10,sil
11.9812273979187,0,15,14,10,7,13,7,5,-1,-8,10,-1,-1,0,sil
11.997726917266846,4,16,7,26,15,15,9,4,2,11,1,-3,4,3,sil
11.997726917266846,-4,2,2,20,5,11,0,-5,-14,17,-9,-5,0,0,sil
12.012221097946169,-15,-11,-11,-1,-7,1,-3,-10,-28,1,-18,-18,-9,-2,sil
12.012221097946169,-6,-13,-6,-9,-6,0,11,0,-15,-4,-25,-16,-9,2,sil
12.028196573257446,1,-12,0,-9,-3,3,21,3,13,2,-21,-3,-2,5,sil
12.028196573257446,-1,-13,-7,-13,-6,-2,10,2,34,9,-7,-4,3,-1,sil
12.043166637420654,2,-4,-2,-16,-2,-2,1,7,40,9,9,4,13,0,sil
12.043166637420654,12,5,3,-12,5,4,1,8,38,10,20,19,16,7,sil
12.063990116119385,12,10,15,-6,7,-4,-6,1,15,0,15,17,5,0,sil
12.063990116119385,14,17,18,8,10,-13,-14,-6,-5,-10,16,19,6,-1,sil
12.063990116119385,16,22,9,20,15,-4,-6,-9,-19,-6,32,25,14,5,sil
12.074084997177124,7,22,15,19,8,2,1,-4,-32,-6,31,17,6,3,sil
12.089118003845217,0,17,3,23,2,4,4,0,-27,-14,15,4,0,-3,sil
12.089118003845217,0,11,0,29,9,11,4,3,0,-9,4,0,-6,-3,sil
12.103992462158203,0,0,2,25,15,17,9,7,24,13,2,-1,-10,0,sil
12.103992462158203,0,-13,-8,11,12,12,11,5,28,24,-3,-8,-4,2,sil
12.119245767593384,-10,-23,-12,-8,1,8,3,2,12,8,-27,-22,-6,0,sil
12.119245767593384,-27,-30,-27,-24,-13,3,-2,-1,0,-3,-46,-40,-21,-8,sil
12.134900331497192,-25,-28,-24,-34,-21,-8,-3,0,2,0,-35,-24,-19,-6,sil
12.134900331497192,-8,-15,-6,-30,-13,-9,-4,1,3,0,-13,4,-2,2,sil
12.15096402168274,9,-5,-5,-13,-5,-9,-8,-5,-5,-4,-8,7,1,5,sil
12.15096402168274,19,4,7,-8,-10,-16,-18,-5,-16,-9,-2,10,0,6,sil
12.166290998458862,14,10,10,-13,-12,-20,-18,0,-17,-15,19,20,6,4,sil
12.166290998458862,5,8,6,-10,-2,-20,-8,0,-15,-15,26,16,4,-6,sil
12.181865692138672,2,12,11,2,5,-15,-5,-3,-18,-10,11,4,-4,-14,sil
12.181865692138672,1,17,12,23,6,-5,2,0,-13,-3,4,-2,0,-4,sil
12.1975417137146,0,5,10,20,3,6,14,4,0,3,6,-5,8,6,sil
12.1975417137146,-7,-8,-4,-4,2,16,12,0,4,19,1,-11,8,-1,sil
12.215087413787842,-10,-4,-4,0,5,24,8,-1,-9,22,-5,-10,1,-9,sil
12.215087413787842,-2,8,6,28,10,27,17,2,-13,13,-7,1,0,1,sil
12.229130506515505,-3,4,-10,20,5,14,19,0,0,2,-4,-1,0,6,sil
12.229130506515505,-10,-9,-7,-9,-11,2,5,0,9,0,0,-3,2,4,sil
12.245156526565552,-4,-9,-1,-5,-16,-1,-3,5,17,10,-2,0,10,10,sil
12.245156526565552,1,0,-6,4,-12,-6,-7,4,27,6,-11,-6,9,14,sil
12.260720252990724,3,5,0,2,-8,-4,-8,0,30,-7,-8,-4,2,8,sil
12.260720252990724,7,-1,-4,-3,-3,-4,-10,-1,20,-7,5,3,6,0,sil
12.27674674987793,9,-3,-1,-12,0,-9,-17,2,4,-6,11,10,9,-4,sil
12.27674674987793,12,10,9,0,7,-4,-9,4,0,-5,22,17,9,5,sil
12.29214596748352,18,21,13,20,18,0,0,-1,2,-1,30,22,7,8,sil
12.29214596748352,18,22,17,20,18,-2,-7,-6,-11,-10,14,16,-1,-7,sil
12.308183908462524,6,13,1,12,17,-2,-11,-3,-20,-16,2,6,-5,-15,sil
12.308183908462524,-11,-3,0,-1,16,3,0,4,-13,-1,2,-2,-10,-6,sil
12.323955774307253,-29,-25,-6,-24,0,7,8,0,-16,3,-16,-25,-27,-17,sil
12.323955774307253,-35,-39,-27,-33,-20,1,20,-5,-21,-6,-45,-45,-38,-35,sil
12.33950400352478,-24,-32,-12,-25,-19,8,32,0,-1,-5,-44,-31,-27,-14,sil
12.33950400352478,-3,-11,-2,-8,0,9,32,3,27,13,-13,-2,0,18,sil
12.354934692382812,10,0,1,-6,-3,-10,4,2,19,18,7,13,15,20,sil
12.354934692382812,13,4,10,-9,-8,-16,-22,0,1,15,16,25,16,10,sil
12.371002197265623,13,16,11,-1,7,-4,-20,-6,-1,10,26,29,13,12,sil
12.371002197265623,14,26,11,10,14,-2,-15,-1,-4,-8,26,21,4,3,sil
12.386151313781738,3,22,0,21,9,0,-12,4,-15,-23,4,0,-9,-10,sil
12.386151313781738,-7,12,0,22,14,11,0,-2,-20,-14,-19,-19,-14,-3,sil
12.402190685272217,-7,-1,-2,8,3,7,9,-6,-14,1,-20,-24,-3,3,sil
12.402190685272217,-3,-21,-10,-2,-20,-2,6,-2,1,9,-13,-21,4,5,sil
12.417720556259155,-1,-24,1,-2,-18,0,4,3,12,4,-17,-7,6,8,sil
12.417720556259155,9,-4,-1,-2,-6,-4,0,3,20,2,0,9,16,7,sil
12.433802127838137,27,14,1,-4,-9,-9,-3,3,28,7,29,29,26,12,sil
12.433802127838137,24,15,10,-3,-4,-5,-1,5,16,0,28,28,18,13,sil
12.44920253753662,0,0,-1,-2,7,-7,-5,-2,-6,-14,10,6,1,-5,sil
12.44920253753662,-10,0,3,1,8,-2,-10,-1,-7,-7,10,1,0,-14,sil
12.46456217765808,-7,5,0,7,4,9,-6,1,1,6,12,1,5,-9,sil
12.46456217765808,-14,0,-8,10,-1,1,-12,-4,-12,0,-1,-10,-6,-13,sil
12.47986388206482,-19,-3,-3,9,-9,-3,-12,-9,-31,-10,-12,-14,-20,-16,sil
12.47986388206482,-14,-8,-5,1,-9,6,2,-2,-26,-3,-14,-10,-15,-11,sil
12.495609045028688,-15,-14,-1,-8,-7,12,12,2,-14,-1,-21,-10,-15,-9,sil
12.495609045028688,-9,-2,0,7,7,14,16,-1,0,6,-17,-10,-16,-3,sil
12.511036396026611,6,7,3,25,18,14,22,1,11,22,0,-6,-1,10,sil
12.511036396026611,8,0,4,12,9,7,18,8,18,23,4,0,11,19,sil
12.527213096618652,0,-4,-7,-6,-1,-3,9,8,31,13,2,1,14,18,sil
12.527213096618652,6,1,0,-13,-3,-7,-1,7,32,8,4,1,6,13,sil
12.54271936416626,6,-3,-2,-15,0,-3,-6,0,15,7,1,-2,-1,6,sil
12.54271936416626,-3,-11,-13,-18,0,-2,-5,-3,-1,-2,-10,-8,-1,-1,sil
12.558070659637451,-3,-8,-2,-16,-4,-4,-8,1,-2,-17,-6,-1,3,-7,sil
12.558070659637451,0,-3,-4,-7,-1,-6,-10,0,-1,-17,5,5,7,-9,sil
12.574636220932009,6,6,3,0,5,-3,-4,-6,-5,-6,4,7,7,0,sil
12.574636220932009,12,12,7,-1,6,-3,0,-4,-6,-5,4,7,0,2,sil
12.589873790740969,6,2,-5,-11,0,-13,-10,-4,-10,-17,2,6,-6,-8,sil
12.589873790740969,2,2,3,-11,0,-13,-14,-4,-15,-13,1,13,0,-4,sil
12.605772018432615,13,17,6,0,8,-3,-1,-1,-4,3,14,21,7,8,sil
12.605772018432615,12,19,7,5,6,-4,8,5,2,0,10,11,-4,0,sil
12.621010065078735,-3,4,5,5,-2,-2,3,4,-9,-17,0,-1,-11,-12,sil
12.621010065078735,-4,-4,3,5,-6,1,-2,-2,-13,-15,7,-1,-6,-6,sil
12.638047218322754,0,4,11,3,-3,3,0,-5,-11,-8,0,1,-11,-2,sil
12.638047218322754,-6,9,4,16,0,1,2,-4,-17,-5,-23,-13,-14,-10,sil
12.652803897857666,-9,0,1,20,0,2,-1,0,-20,-2,-11,-17,-3,-4,sil
12.652803897857666,-1,-7,2,8,3,9,0,4,0,9,13,0,6,6,sil
12.667827129364014,2,0,0,4,10,15,13,5,16,20,9,2,8,4,sil
12.667827129364014,3,1,7,12,0,18,14,5,9,22,0,-1,2,5,sil
12.684635400772097,2,-8,-2,15,-5,14,9,2,9,29,9,-1,3,17,sil
12.684635400772097,0,-4,-2,13,3,10,10,1,28,37,13,-1,18,18,sil
12.700133323669434,0,3,-1,11,1,10,12,2,34,26,0,-1,21,11,sil
12.700133323669434,-10,-12,-17,-1,-8,2,9,0,19,5,-14,-8,0,3,sil
12.71592664718628,-21,-30,-13,-22,-8,-4,0,-1,7,1,-22,-13,-8,-2,sil
12.71592664718628,-23,-31,-22,-30,-12,-7,-8,-6,4,1,-25,-20,-3,-11,sil
12.732004880905151,-11,-24,-23,-27,-21,-13,-14,-8,0,-12,-25,-15,-8,-7,sil
12.732004880905151,3,-13,-5,-24,-12,-19,-16,-1,-8,-23,-5,5,-5,2,sil
12.747492551803589,2,-4,-3,-21,0,-19,-15,0,-15,-22,11,14,9,0,sil
12.747492551803589,-9,0,3,-13,-1,-8,-11,1,-12,-19,2,5,4,-11,sil
12.76240301132202,-2,11,3,0,5,2,-2,4,2,-6,-5,0,-2,-9,sil
12.777019739151,19,26,7,4,12,-5,0,3,10,5,4,11,6,3,sil
12.777019739151,28,33,20,-1,9,-11,4,2,1,-1,14,27,8,12,sil
12.777019739151,19,17,7,-1,8,-5,10,0,-12,-12,7,15,-1,8,sil
12.793787717819214,11,3,3,6,8,4,2,-4,-28,-17,-4,0,-13,-2,sil
12.793787717819214,9,15,7,17,11,6,-4,-2,-18,-9,6,1,-10,-8,sil
12.80796241760254,6,20,8,18,8,-1,-5,2,-1,-2,22,7,-3,-9,sil
12.823092460632324,-3,-2,8,9,-3,-4,-10,0,-3,-6,14,0,-6,-16,sil
12.823092460632324,-8,-9,-3,5,-1,4,-8,0,-6,-6,6,-7,-7,-15,sil
12.83917784690857,-1,8,6,9,9,11,-2,1,0,3,10,-2,0,0,sil
12.83917784690857,0,14,10,19,0,4,-3,0,0,9,13,-7,3,1,sil
12.855176210403442,-2,6,0,21,-4,0,-8,-8,-12,3,1,-12,-9,-9,sil
12.855176210403442,-6,2,0,11,5,8,-6,-6,-16,-4,-11,-8,-17,-8,sil
12.870394468307495,-9,-3,-11,3,4,7,2,-1,-1,0,-12,-10,-4,1,sil
12.870394468307495,-8,-11,-6,2,-6,0,12,5,12,15,-12,-9,1,3,sil
12.88616132736206,-6,-12,0,-1,-7,7,18,6,10,16,-15,-7,-2,1,sil
12.88616132736206,-8,-13,-5,-15,-8,8,13,2,7,-1,-12,-9,0,6,sil
12.901740550994871,-8,-9,0,-21,-8,3,10,2,13,2,-6,1,10,18,sil
12.901740550994871,-3,-6,-2,-9,5,11,23,4,26,29,-3,12,19,25,sil
12.917304515838625,3,-14,3,0,9,18,35,9,34,29,1,8,22,22,sil
12.917304515838625,6,-20,0,-1,-1,7,23,4,25,6,6,4,15,11,sil
12.932870864868164,6,-8,-8,-3,-2,-10,5,-6,11,0,-1,6,6,5,sil
12.932870864868164,7,0,5,-4,0,-12,-3,-3,3,1,-7,10,8,9,sil
12.9479660987854,3,-10,-4,-14,-8,-12,-9,0,-1,0,0,9,12,5,sil
12.9479660987854,-6,-15,-15,-23,-18,-20,-21,-6,-17,-9,0,3,0,-6,sil
12.963190793991089,-1,-5,-8,-19,-9,-15,-30,-9,-17,-9,0,-1,-4,-10,sil
12.963190793991089,13,3,0,-10,0,-4,-22,0,0,-1,11,5,7,0,sil
12.979274988174438,16,18,19,-1,1,-6,-8,7,6,1,16,22,11,8,sil
12.979274988174438,12,28,6,6,4,-15,-9,0,2,-1,10,19,1,2,sil
12.994968175888062,6,19,-9,0,0,-16,-27,-3,-11,-17,1,1,-16,-16,sil
12.994968175888062,-5,3,-8,-8,-13,-15,-31,-3,-35,-41,-11,-14,-30,-32,sil
13.010863304138184,-12,-5,-10,-3,-11,-11,-14,-4,-40,-39,-18,-18,-25,-33,sil
13.010863304138184,-7,-1,5,8,8,4,0,0,-21,-18,-7,-12,-16,-21,sil
13.026874780654907,-3,12,9,21,20,17,9,0,-6,-8,7,-12,-10,-11,sil
13.026874780654907,-3,18,5,24,14,16,15,-1,-1,-1,8,-10,-5,-8,sil
13.042035818099976,-7,8,8,20,9,17,14,0,3,6,1,-3,-4,-6,sil
13.042035818099976,-9,-3,4,20,5,13,10,1,4,9,0,-6,-6,-1,sil
13.058095693588257,-2,0,9,12,0,7,7,1,-1,9,5,-7,0,5,sil
13.058095693588257,0,5,1,1,2,10,5,1,-3,15,0,-8,0,5,sil
13.074190378189089,-4,-2,-3,4,4,10,3,2,-4,11,-11,-15,-8,2,sil
13.074190378189089,0,-7,-1,9,0,4,2,3,-1,10,-6,-10,-2,9,sil
13.089722156524658,1,-1,-10,8,4,5,8,0,20,29,6,3,14,13,sil
13.089722156524658,-9,-1,-4,0,8,13,18,0,31,33,0,6,15,12,sil
13.105798959732056,-11,-7,-4,-1,3,9,23,0,17,14,-11,-1,10,16,sil
13.105798959732056,4,-5,-2,-6,-4,0,14,0,2,-4,-9,3,10,18,sil
13.121110200881958,12,0,7,-15,-10,-4,1,-1,10,-7,2,22,17,13,sil
13.121110200881958,7,0,-1,-5,0,-3,2,1,31,7,20,23,30,16,sil
13.137191534042358,1,-6,2,2,4,-3,6,5,33,17,9,8,17,16,sil
13.137191534042358,0,-12,0,-18,-1,-4,0,1,10,-2,-13,0,-13,0,sil
13.153231859207152,8,-10,-5,-36,-4,-10,-8,-4,-4,-21,-9,5,-14,-7,thankyou
13.153231859207152,18,-4,10,-17,-8,-9,-7,-1,1,-7,8,14,8,8,thankyou
13.169367551803589,7,-13,1,-8,-15,-3,-3,0,2,4,11,8,12,8,thankyou
13.169367551803589,0,-18,-5,-23,-12,-10,-6,3,-10,-11,0,1,-1,-7,thankyou
13.18497347831726,6,-1,-3,-7,-6,-22,-6,0,-15,-19,3,2,-2,-12,thankyou
13.18497347831726,5,6,-1,13,-12,-25,-12,-7,-16,-10,8,0,-4,-10,thankyou
13.200992345809937,-4,3,2,-1,-18,-13,-29,-9,-30,-20,-8,-10,-22,-20,thankyou
13.200992345809937,-13,2,-8,-10,-8,-1,-37,-4,-43,-36,-30,-22,-33,-33,thankyou
13.216861248016356,-9,11,0,7,6,-1,-27,1,-43,-21,-16,-13,-24,-22,thankyou
13.216861248016356,3,22,13,23,6,-3,-12,0,-23,10,19,11,0,4,thankyou
13.23242974281311,9,22,5,22,3,5,4,-1,-1,16,21,13,13,9,thankyou
13.23242974281311,0,16,4,13,16,18,19,6,6,3,1,0,2,-3,thankyou
13.248106956481934,-4,10,-4,12,18,17,25,7,23,18,8,-2,3,0,thankyou
13.248106956481934,-1,3,-4,9,9,7,21,0,30,33,18,5,21,14,thankyou
13.262885332107544,-3,0,-1,4,16,4,15,-1,23,21,8,1,20,5,thankyou
13.262885332107544,-7,-3,-8,-1,17,1,3,0,20,0,-6,-16,-4,-7,thankyou
13.279006004333496,-10,-10,0,-6,0,0,-10,-1,14,-3,-16,-19,-13,-7,thankyou
13.279006004333496,-9,-10,0,0,0,9,-3,-3,3,3,-16,-13,-2,-4,thankyou
13.295098304748535,-8,-3,4,5,2,17,4,-6,-6,0,-11,-9,-3,-3,thankyou
13.295098304748535,-2,3,6,1,-1,13,2,-4,-14,-9,0,1,-7,0,thankyou
13.31075358390808,5,2,-3,4,0,5,8,-1,-9,-4,9,8,2,4,thankyou
13.31075358390808,3,-2,5,12,-3,1,14,4,0,-7,-1,1,1,6,thankyou
13.32581090927124,-8,-9,-2,5,-10,0,4,1,-5,-19,-16,-9,-12,-6,thankyou
13.32581090927124,-8,-8,-10,-7,-4,0,-3,0,-13,-19,-13,-6,-12,-9,thankyou
13.34141731262207,1,0,-2,-4,-1,0,-4,2,-3,0,-1,0,2,8,thankyou
13.34141731262207,9,-2,-4,0,-8,-6,-1,2,4,10,-1,-2,10,13,thankyou
13.35731029510498,13,-4,3,-2,-2,-1,10,6,4,3,-1,4,6,11,thankyou
13.35731029510498,13,0,6,-2,10,4,17,5,13,14,14,19,11,18,thankyou
13.37313723564148,6,0,1,0,7,-4,6,1,21,28,17,12,13,13,thankyou
13.37313723564148,-2,-8,-2,-5,-4,-11,0,-1,8,12,0,-1,0,0,thankyou
13.389253854751589,-3,-6,-9,-10,-6,-6,2,-2,5,0,3,2,0,-1,thankyou
13.389253854751589,1,-2,2,-23,-6,-5,-7,-4,11,4,13,11,2,0,thankyou
13.404807806015016,1,-8,0,-24,-11,-3,-16,0,10,0,0,2,2,0,thankyou
13.404807806015016,0,-7,-1,-3,-12,0,-9,3,4,0,-11,-1,1,3,thankyou
13.420142889022827,4,2,8,-1,-8,-3,-5,0,1,10,-1,6,0,0,thankyou
13.420142889022827,2,0,-3,-18,-4,-1,-5,-1,-4,0,1,-1,-1,-6,thankyou
13.436158895492554,2,1,3,-12,-4,0,-14,0,-11,-15,2,-5,-1,-3,thankyou
13.436158895492554,2,6,10,4,-3,-5,-28,-2,-13,-15,0,0,-4,0,thankyou
13.452104091644289,0,2,3,-2,-3,-14,-28,-8,-16,-20,-12,2,-9,-2,thankyou
13.452104091644289,4,10,10,0,4,-5,-6,-2,-10,-15,0,10,0,-1,thankyou
13.468112707138062,10,20,0,23,14,-1,7,0,-3,4,17,10,5,-6,thankyou
13.468112707138062,-2,9,-5,16,10,-11,-1,0,-13,-1,7,-2,-6,-22,thankyou
13.484169483184814,-15,7,-1,5,10,-8,0,-2,-16,-14,0,-8,-9,-25,thankyou
13.484169483184814,0,23,8,27,22,4,16,-2,-9,-5,20,6,0,-5,thankyou
13.499553203582764,14,23,17,41,19,8,16,4,-16,-4,27,19,2,4,thankyou
13.499553203582764,1,11,1,30,5,8,8,0,-22,-10,6,1,0,-4,thankyou
13.515326738357544,-19,3,-9,13,0,9,7,-3,-14,-7,-19,-21,-12,-10,thankyou
13.515326738357544,-22,-11,-12,1,-3,13,12,0,0,-1,-26,-25,-16,-9,thankyou
13.530667066574097,-12,-20,-16,3,-1,18,18,2,11,3,-24,-22,-1,0,thankyou
13.530667066574097,-5,-13,-2,1,-3,16,19,3,16,12,-22,-16,1,15,thankyou
13.54622745513916,-5,-17,-7,-8,-11,12,15,3,25,27,-10,-12,2,23,thankyou
13.54622745513916,-1,-24,-9,-15,-9,12,9,5,30,30,-7,-7,11,21,thankyou
13.56141471862793,10,-14,-2,-15,0,7,7,7,34,29,-4,5,21,24,sil
13.56141471862793,18,-1,-1,-18,3,3,10,6,45,38,16,17,29,28,sil
13.577030897140505,14,0,7,-17,0,4,5,2,41,28,22,16,24,18,sil
13.577030897140505,1,-7,-4,-17,-4,-11,-16,-4,6,-6,0,2,2,-9,sil
13.592194318771362,-4,-15,-7,-30,-8,-25,-34,-8,-18,-23,-7,0,-11,-22,sil
13.592194318771362,-4,-6,1,-31,0,-10,-15,-3,-12,-11,-1,0,-9,-13,sil
13.608224868774414,-11,-2,-12,-17,-4,-8,-1,-4,-17,-17,-8,-18,-20,-20,sil
13.608224868774414,-18,-10,-8,-16,-18,-20,-20,-6,-38,-34,-12,-20,-34,-32,sil
13.623843431472778,-5,-7,2,-15,-7,-13,-22,-6,-31,-24,2,5,-14,-16,sil
13.623843431472778,14,7,13,4,4,-3,-5,-2,-6,-9,14,21,8,8,sil
13.63888168334961,14,18,15,23,-2,-8,-10,1,-3,-11,11,12,3,7,sil
13.63888168334961,5,21,6,17,0,-7,-16,2,-8,-7,8,1,-2,0,sil
13.654064178466797,7,24,17,11,11,7,0,2,1,0,13,12,3,7,sil
13.655063390731812,6,13,15,20,7,5,11,0,11,1,18,21,7,14,sil
13.669914722442629,3,0,8,21,0,-5,5,2,5,2,12,13,4,8,sil
13.669914722442629,8,4,14,15,4,2,0,4,-2,1,3,7,7,4,sil
13.685243368148804,1,13,-2,18,12,13,2,-1,0,0,0,2,5,1,sil
13.685243368148804,-10,11,-4,16,6,9,9,0,2,8,-4,0,-1,0,sil
13.70092272758484,0,10,1,17,8,8,18,2,0,23,-5,1,2,4,sil
13.70092272758484,9,5,2,18,9,8,11,0,-14,11,-8,0,2,0,sil
13.71697211265564,-1,0,0,11,1,7,-3,-4,-25,1,-16,-13,-11,-8,sil
13.71697211265564,-7,-4,-17,2,-1,5,3,-3,-14,10,-17,-23,-14,-3,sil
13.73277473449707,-1,-12,-12,0,0,5,25,8,7,11,-16,-16,-1,7,sil
13.73277473449707,1,-18,-7,-3,0,6,35,12,33,8,-13,-12,9,9,sil
13.749213933944702,4,-18,-8,-21,-11,-2,16,0,34,11,-4,-9,13,6,sil
13.749213933944702,6,-9,1,-33,-21,-15,-10,-6,7,1,6,7,14,3,sil
13.76429295539856,1,-2,-3,-18,-9,-9,-10,0,0,-5,18,15,14,0,sil
13.76429295539856,-2,-4,-3,-13,3,-1,-6,1,7,-9,15,6,1,-4,sil
13.779796361923218,-10,-8,-10,-29,-6,-11,-26,-4,-6,-27,-1,-1,-11,-15,sil
13.779796361923218,-10,-4,-9,-24,-11,-17,-33,-9,-20,-35,-4,-2,-13,-21,sil
13.795197010040283,-4,1,9,-4,2,-1,-16,-6,-11,-22,3,-3,-9,-15,sil
13.79619812965393,-11,-4,-2,3,8,3,-8,-2,-11,-9,2,-12,-12,-16,sil
13.811285257339478,-20,-7,-7,3,2,1,-14,3,-24,-6,-6,-14,-16,-17,sil
13.82688593864441,-13,2,1,11,3,10,-6,5,-9,4,-5,-8,-3,-3,sil
13.82688593864441,-3,3,0,17,8,21,11,5,27,29,0,-5,11,12,sil
13.82688593864441,0,-1,9,12,4,17,22,10,37,35,-5,0,4,21,sil
13.84198522567749,2,-1,3,6,0,5,27,6,27,17,-12,2,-1,17,sil
13.85919427871704,7,-1,0,-2,-3,-1,24,0,17,8,-7,1,4,11,sil
13.85919427871704,5,-2,0,-9,-2,-7,5,-2,8,9,0,2,7,8,sil
13.859750270843506,7,1,-7,-8,-1,-19,-9,-5,-1,-7,1,4,-1,0,sil
13.87307858467102,21,14,10,-1,-4,-19,-10,-4,-11,-19,14,22,0,-3,sil
13.88974118232727,28,22,17,6,-1,-12,-11,-2,-20,-6,29,33,16,6,sil
13.88974118232727,21,22,15,13,3,-12,-17,-1,-25,-8,28,22,16,9,sil
13.88974118232727,14,20,13,16,10,-10,-10,-1,-16,-12,21,11,3,4,sil
13.904208183288574,3,7,-1,11,8,0,-1,-2,-3,4,16,3,4,2,sil
13.905207872390749,-10,-5,-1,-1,-3,5,1,4,-5,4,4,-6,3,-5,sil
13.92219066619873,-11,-1,-3,-1,-4,9,8,6,-9,-7,-5,-16,-13,-16,sil
13.92219066619873,-3,1,0,6,2,18,9,1,-9,-6,-19,-15,-28,-12,sil
13.934837341308594,-4,-7,4,3,0,24,3,-2,-11,-4,-27,-14,-27,-9,sil
13.950913429260254,-7,-14,-5,0,-2,18,2,-1,-4,-2,-15,-13,-11,-8,sil
13.950913429260254,-7,-9,-3,4,1,13,8,2,4,14,-3,0,4,6,sil
13.967190027236938,-10,-8,-7,1,6,16,14,1,10,27,-10,1,8,16,sil
13.967190027236938,-10,-10,-9,-5,1,10,10,1,13,16,-20,-10,7,11,sil
13.96770453453064,-9,-10,1,0,0,0,8,4,18,8,-8,-9,10,11,sil
13.982288360595703,-6,-9,-8,4,7,-8,19,0,24,13,6,0,15,13,sil
13.99803352355957,6,-4,-3,-10,2,-15,9,-6,17,-2,-2,0,6,8,sil
13.99803352355957,4,-8,-6,-22,-13,-22,-22,-3,0,-27,-14,-6,-7,-8,sil
14.013237476348875,-5,-14,-11,-15,-18,-24,-32,1,-9,-23,-9,-3,-8,-21,sil
14.013237476348875,1,0,2,-9,-10,-14,-9,1,0,-2,1,9,5,-10,sil
14.029137134552002,5,11,-5,-13,-5,-4,2,-1,7,0,15,10,14,-3,sil
14.029137134552002,-4,10,-4,-12,-6,-8,-15,0,-3,-5,17,7,4,-15,sil
14.044013023376465,0,9,0,0,-4,-14,-32,-2,-15,-8,9,6,-2,-18,sil
14.044013023376465,13,16,4,4,2,-6,-23,-8,-14,-9,10,4,0,0,sil
14.064897775650024,22,21,21,13,11,7,-10,-2,-5,-5,16,11,5,16,sil
14.064897775650024,20,17,14,24,11,3,-3,3,-1,3,11,12,1,13,sil
14.064897775650024,2,6,7,17,3,-2,1,9,-8,0,1,2,-12,0,sil
14.07492709159851,-10,-1,4,11,2,11,12,9,-7,0,4,1,-12,-5,sil
14.090237855911257,-4,0,2,16,11,23,23,7,9,10,3,5,0,6,sil
14.090237855911257,-4,5,3,9,11,15,32,5,11,11,-6,-1,-3,7,sil
14.105756044387816,-23,-10,-17,-5,-2,6,23,-2,-2,-4,-19,-25,-22,-14,sil
14.105756044387816,-29,-27,-20,-16,-13,4,9,-2,-11,-8,-27,-34,-24,-21,sil
14.120909452438354,-12,-18,-6,-9,-4,7,15,0,-3,13,-16,-21,-5,0,sil
14.120909452438354,-2,-7,-5,-2,0,1,19,-5,8,25,0,-11,3,14,sil
14.136428356170654,0,-10,0,-15,-7,-2,-1,-11,6,3,4,-2,2,10,sil
14.136428356170654,9,-4,-3,-13,-5,-2,-7,-7,5,-2,6,8,17,11,sil
14.15193223953247,22,7,9,0,4,-8,0,0,10,5,11,18,28,19,sil
14.15193223953247,26,14,19,2,2,-14,-13,2,8,1,18,25,25,13,sil
14.167126893997192,23,14,8,1,0,-11,-28,-1,-3,-8,23,28,18,2,sil
14.167126893997192,16,18,17,4,5,-3,-24,0,-11,-9,22,32,10,0,sil
14.18280792236328,6,16,15,10,10,-3,-18,1,-8,-12,18,22,0,-3,sil
14.18280792236328,-2,5,3,12,11,1,-14,1,-9,-17,0,-2,-9,-11,sil
14.198275089263916,-12,0,-2,8,11,13,4,3,-7,-7,-21,-23,-16,-12,sil
14.198275089263916,-18,-2,-14,5,3,15,21,1,2,5,-29,-30,-15,-9,sil
14.214326620101929,-24,-12,-13,0,-9,8,15,0,2,4,-31,-27,-19,-6,sil
14.214326620101929,-24,-27,-23,-15,-15,4,6,0,-7,5,-29,-28,-25,-10,sil
14.23012924194336,-17,-24,-17,-17,-14,2,4,-1,-3,6,-29,-25,-23,-14,sil
14.23012924194336,-15,-9,-3,1,-6,3,3,-2,7,0,-24,-12,-12,-11,sil
14.245211362838743,-5,-3,-9,5,0,0,0,0,10,1,-1,4,9,0,sil
14.245211362838743,15,-1,4,-2,0,-1,-3,6,9,4,14,17,20,15,sil
14.261136054992676,17,0,7,1,1,0,-1,1,10,7,8,8,16,16,sil
14.261136054992676,7,0,2,0,0,-7,0,0,7,12,6,1,15,11,sil
14.276816844940186,16,5,10,-10,-6,-12,-1,4,5,12,17,17,22,14,sil
14.276816844940186,25,12,7,0,0,-7,8,0,10,7,27,25,21,18,sil
14.292038917541504,15,18,12,10,4,-6,8,-3,2,5,31,26,16,12,sil
14.292038917541504,0,10,3,-5,-5,-14,-10,-1,-9,-3,23,21,6,-1,sil
14.307565689086914,-3,0,-7,-14,-10,-13,-17,-3,-15,-18,6,5,-6,-13,sil
14.307565689086914,8,14,14,7,2,3,0,2,-6,-12,9,9,0,-5,sil
14.323413372039797,13,25,12,19,11,8,4,1,4,2,18,17,14,3,sil
14.323413372039797,-5,4,-6,-1,3,-5,-3,-9,-2,-6,0,0,-7,-7,sil
14.339049100875854,-28,-8,-17,-12,0,-7,0,-6,-14,-21,-24,-26,-37,-23,sil
14.339049100875854,-31,-7,-11,-4,1,2,9,1,-5,-21,-29,-29,-34,-21,sil
14.353771448135376,-16,-8,0,-2,-1,3,10,1,5,-11,-16,-18,-15,-7,sil
14.353771448135376,0,-2,-6,0,0,3,10,0,4,3,1,-12,0,2,sil
14.36975359916687,1,1,-1,4,9,8,0,5,-9,3,-3,-13,-5,-1,sil
14.370758771896362,-10,-9,-7,0,3,5,-16,0,-19,-12,-17,-21,-20,-13,sil
14.385328769683838,2,-9,-3,8,0,0,-13,-3,-5,-5,-2,-8,-4,-3,sil
14.401037216186523,27,12,28,28,10,7,-1,3,5,13,20,24,24,22,sil
14.401037216186523,22,6,15,20,10,16,0,0,6,19,16,22,23,26,sil
14.402036905288696,6,-14,-3,-5,0,13,0,-1,9,14,-5,-2,4,10,sil
14.416436433792114,-5,-10,-6,-15,-4,6,3,7,7,13,-20,-13,-6,-3,sil
14.416436433792114,-13,-6,-14,-11,-4,-3,-4,4,-3,3,-18,-18,-12,-11,sil
14.432624816894531,-7,-10,-5,-7,-2,-2,-6,-3,-10,-4,-9,-11,-7,-9,sil
14.447253465652466,0,-3,0,-1,4,7,14,-2,-2,8,2,4,8,0,sil
14.447253465652466,0,6,7,-2,1,5,17,0,1,15,11,14,12,7,sil
14.46429705619812,3,2,8,-3,-7,-4,0,-2,2,0,9,8,1,3,sil
14.46429705619812,-2,-1,-3,5,-2,-8,1,-1,0,-11,-1,-1,-3,-4,sil
14.46429705619812,-9,6,2,1,2,-6,10,7,3,0,-4,3,3,0,sil
14.47982668876648,-1,6,-1,-11,-3,-8,8,4,17,12,1,6,8,4,sil
14.47982668876648,1,-2,0,-15,-10,-12,-4,-2,20,9,1,3,2,6,sil
14.494413375854492,1,0,9,-5,-8,-8,-14,-1,12,1,2,9,9,13,sil
14.509854793548584,8,0,1,2,-8,-7,-10,-1,5,-3,6,15,17,15,sil
14.510276079177856,9,0,1,2,-8,-6,-4,-2,1,-5,5,12,6,3,sil
14.52522087097168,0,3,-7,0,-2,2,-5,-6,1,-4,3,0,0,-12,sil
14.52522087097168,0,1,-5,0,0,4,0,-2,0,-4,5,-2,0,-13,sil
14.541077375411987,9,1,4,8,5,6,11,5,-4,-5,7,1,-2,0,sil
14.541077375411987,5,0,-9,7,12,3,12,2,-9,-8,0,-7,-7,-1,sil
14.556907892227173,-9,-4,-9,-7,2,-7,2,0,-16,-17,-9,-18,-13,-15,sil
14.556907892227173,-11,-7,-6,-12,-5,-9,3,0,-12,-17,-3,-9,-8,-12,sil
14.571821928024292,-2,-4,0,-11,-1,0,1,2,-1,-8,4,1,0,0,sil
14.571821928024292,1,3,10,-10,-1,0,-9,1,-2,-8,0,3,-2,2,sil
14.587157487869264,7,11,4,10,0,-5,-15,-3,-10,-10,0,5,-4,0,sil
14.587157487869264,15,20,18,32,6,-2,-23,-3,-17,-4,9,16,1,3,sil
14.60229468345642,14,28,22,35,12,0,-28,-1,-6,11,15,19,10,8,sil
14.60229468345642,15,22,9,22,13,6,-13,-2,9,23,11,14,12,13,sil
14.618811130523682,9,7,8,9,8,11,-2,-1,-1,13,4,8,0,7,sil
14.618811130523682,-12,-4,-7,4,0,5,-3,0,-29,-8,-4,-12,-17,-13,sil
14.634859085083008,-29,-10,-14,0,0,12,10,3,-24,-4,-17,-29,-21,-23,sil
14.634859085083008,-27,-18,-18,-4,8,31,36,10,6,22,-23,-30,-11,-14,sil
14.650929927825928,-25,-24,-24,-11,4,20,38,8,18,18,-23,-30,-5,-5,sil
14.650929927825928,-24,-24,-11,-20,-7,2,27,5,17,6,-23,-27,-4,0,sil
14.666799068450928,-16,-29,-9,-21,-8,4,23,0,31,23,-17,-15,1,6,sil
14.666799068450928,-5,-27,-4,-24,-7,0,14,-3,30,15,-14,-1,4,10,sil
14.682521104812622,2,-15,-5,-27,-13,-16,-1,-3,12,-16,-4,3,1,3,sil
14.682521104812622,20,0,0,-14,-8,-21,-14,0,11,-11,12,13,4,3,sil
14.698829174041748,36,22,25,7,4,-16,-19,0,16,6,28,32,12,13,sil
14.698829174041748,23,28,21,9,2,-18,-27,-7,5,4,31,29,15,13,sil
14.714822053909302,5,16,10,0,-5,-15,-32,-6,-15,-14,17,10,10,8,sil
14.714822053909302,5,11,2,8,1,1,-11,-2,-22,-18,3,1,4,3,sil
14.730108499526978,-2,1,-12,13,5,12,13,-1,-12,-5,-7,-6,-4,-5,sil
14.730108499526978,-18,-15,-13,-15,-9,6,13,3,1,1,-22,-15,-12,-7,sil
14.745271682739258,-9,-16,-15,-26,-21,-9,9,7,9,-2,-17,-8,0,0,sil
14.745271682739258,10,-3,4,-10,-18,-20,2,7,7,-12,4,11,12,3,sil
14.761565685272217,11,8,14,1,-7,-13,-8,0,0,-20,11,16,3,-3,sil
14.761565685272217,8,17,0,12,7,0,-8,-8,-12,-14,13,8,0,-11,sil
14.77765703201294,15,26,15,26,20,0,-7,-1,-20,1,26,22,7,-8,sil
14.77765703201294,13,22,19,29,18,-2,-10,5,-13,4,27,24,8,-2,sil
14.793096542358398,4,8,12,20,7,2,-8,0,-13,-3,4,1,-2,0,sil
14.793096542358398,5,9,13,19,8,17,-1,-1,-21,1,-2,-1,-5,0,sil
14.808253049850464,9,11,3,26,16,24,3,-4,-13,14,8,6,-2,1,sil
14.808253049850464,0,0,-1,18,9,18,6,-6,-6,10,1,0,-1,5,sil
14.8237886428833,-14,-9,-10,0,1,8,6,-5,-17,1,-12,-14,0,5,sil
14.8237886428833,-14,-10,-9,-4,3,5,6,1,-12,2,-13,-16,-5,0,sil
14.839806079864502,-15,-12,-9,-2,2,6,14,2,17,11,-14,-19,-11,-1,sil
14.839806079864502,-24,-17,-23,-10,-2,1,16,1,37,24,-16,-26,-3,-1,sil
14.855103969573976,-22,-12,-16,-23,-4,1,12,8,27,21,-15,-21,-2,0,sil
14.855103969573976,-17,-11,-14,-23,-4,8,11,5,24,6,-17,-17,-11,0,sil
14.871303081512451,-17,-19,-15,-17,-11,0,8,1,24,0,-21,-19,-8,0,sil
14.871303081512451,-15,-24,-6,-22,-19,-9,1,4,18,3,-22,-13,-2,-2,sil
14.887279033660889,-12,-20,-12,-27,-12,-2,-2,-1,16,2,-10,-7,-3,-5,sil
14.887279033660889,-6,-8,1,-16,-3,1,-5,-9,15,-5,0,4,0,-9,sil
14.90279984474182,11,0,9,3,-5,-6,-7,-3,3,-14,2,16,5,-4,sil
14.90279984474182,31,4,8,5,-7,-15,-14,0,-13,-15,7,22,10,15,sil
14.918858051300049,35,12,21,2,0,-13,-19,-3,-17,-7,31,34,26,29,sil
14.918858051300049,31,22,17,10,9,-9,-5,-2,-12,-3,43,31,29,16,sil
14.934246301651,21,19,13,10,8,-13,-4,2,-21,-9,16,6,0,-2,sil
14.934246301651,3,7,-3,0,0,-17,-16,1,-28,-17,-7,-10,-17,-15,sil
14.949955701828005,-2,3,-11,-3,-4,-16,-14,1,-11,-22,0,1,-7,-16,sil
14.949955701828005,3,14,13,2,0,-5,-6,9,0,-14,17,15,2,-5,sil
14.96552586555481,0,16,6,6,3,2,-4,3,-5,-1,14,2,-2,-4,thankyou
14.96552586555481,-11,5,-5,2,5,5,2,-3,-8,0,-2,-8,-12,-9,thankyou
14.98092555999756,-12,1,-1,4,9,11,12,-5,-8,-2,-6,-4,-13,-9,thankyou
14.98092555999756,-6,3,0,7,7,12,6,-3,-14,-4,-15,-7,-14,-10,thankyou
14.997015237808228,0,3,7,1,3,9,5,-1,-6,1,-24,-8,-9,-2,thankyou
14.997015237808228,4,1,8,7,5,12,14,0,14,27,0,0,11,15,thankyou
15.012162446975708,0,0,4,8,2,14,8,0,8,28,12,1,12,15,thankyou
15.012162446975708,-7,-3,-4,5,0,11,-1,0,-13,3,-2,-5,-4,1,thankyou
15.02826738357544,0,-6,0,19,6,13,9,1,-4,3,-2,0,0,8,thankyou
15.02826738357544,5,-8,12,17,4,17,15,4,18,15,4,3,9,14,thankyou
15.043959140777588,-6,-17,-17,-6,-8,4,5,-1,20,8,-7,-10,3,3,thankyou
15.043959140777588,-9,-16,-22,-12,-8,-5,2,0,16,7,-15,-10,4,4,thankyou
15.059916019439695,-7,-6,-2,0,0,-2,3,3,23,14,-8,-2,10,8,thankyou
15.059916019439695,-9,-5,-7,1,3,-5,2,1,24,8,2,0,10,2,thankyou
15.074838161468506,2,0,-1,2,3,-3,9,5,26,10,17,8,17,7,thankyou
15.074838161468506,8,4,-3,-1,0,-1,6,0,23,14,19,7,17,5,thankyou
15.09056043624878,-2,-2,-11,-18,-8,-13,-14,-9,-3,-1,0,-3,0,-10,thankyou
15.09056043624878,0,-2,-6,-20,-15,-20,-18,-1,-20,-17,-4,1,-5,-13,thankyou
15.105157375335692,11,3,-1,-15,-16,-16,-12,0,-12,-30,5,12,-1,-4,thankyou
15.105157375335692,10,5,10,-20,-9,-14,-13,-5,-13,-45,5,14,-6,-4,thankyou
15.12118649482727,9,5,6,-19,-3,-14,-10,-3,-16,-31,1,11,-12,-12,thankyou
15.12118649482727,0,5,2,-7,-6,-12,-13,0,-16,-5,-3,1,-22,-18,thankyou
15.136879205703735,-6,8,12,10,2,-2,-23,-2,-29,-7,-9,-4,-26,-17,thankyou
15.136879205703735,2,14,14,29,22,9,-12,0,-27,-10,-4,0,-9,-6,thankyou
15.152315378189089,0,9,12,24,16,13,6,5,-4,4,2,0,-3,0,thankyou
15.152315378189089,-23,-7,-12,5,3,9,8,1,4,13,-8,-23,-16,-5,thankyou
15.167648077011108,-28,-18,-17,1,5,10,5,1,-11,7,-21,-36,-19,-8,thankyou
15.167648077011108,-9,-9,2,7,5,21,16,5,-10,13,-13,-16,0,4,thankyou
15.182774782180786,-8,-5,-8,6,3,23,24,0,6,20,-9,-10,3,6,thankyou
15.182774782180786,-17,-15,-11,-2,2,10,14,-3,4,6,-22,-24,-8,-1,thankyou
15.197926759719849,0,-12,-6,-2,1,6,14,4,10,15,-5,-13,11,13,thankyou
15.197926759719849,30,6,3,6,1,8,20,6,34,40,30,17,42,35,thankyou
15.213271856307983,32,15,19,6,0,0,11,3,27,22,26,27,30,23,thankyou
15.213271856307983,14,1,7,-8,-6,-16,-1,1,2,-14,1,11,12,4,thankyou
15.229182958602903,9,-3,1,-19,-12,-23,-5,-1,3,-22,2,11,10,6,thankyou
15.229182958602903,12,6,0,-10,-10,-15,-10,-4,11,-11,18,21,7,6,thankyou
15.244520664215088,0,6,-4,-7,-10,-9,-23,-7,0,-15,11,17,2,-2,thankyou
15.26020336151123,-11,-3,0,-18,-16,-11,-31,-4,-13,-29,-7,3,-6,-16,thankyou
15.26020336151123,-11,-2,-6,-13,-15,-13,-23,0,-12,-23,-11,-3,-19,-22,thankyou
15.275035619735718,0,10,4,0,1,0,-5,7,2,-1,0,8,-10,-10,thankyou
15.275035619735718,15,20,17,12,19,6,2,6,14,10,18,21,12,7,thankyou
15.275035619735718,20,20,8,20,18,-1,5,2,6,5,25,19,20,15,thankyou
15.29228448867798,4,12,3,16,9,4,10,2,-1,-2,10,11,4,5,thankyou
15.29228448867798,-4,0,-3,6,6,16,12,-1,0,2,0,-6,-9,-10,thankyou
15.30716609954834,-3,-7,-2,1,1,7,8,0,-5,13,0,-18,-13,-10,thankyou
15.30716609954834,-9,-6,-4,5,-1,-1,8,-1,-19,6,-1,-12,-12,-7,thankyou
15.322288274765016,-12,-1,-5,13,3,-2,5,-7,-21,-5,-2,-7,-14,-14,thankyou
15.340237140655518,0,-1,13,16,4,-1,-5,-5,-19,1,-1,-3,-8,-3,thankyou
15.340237140655518,6,-4,9,16,1,0,-7,0,-10,10,-2,-1,1,15,thankyou
15.340237140655518,4,-2,2,7,2,0,-1,3,-2,8,-5,-6,2,10,thankyou
15.35294485092163,-7,-1,-4,-4,3,0,-3,1,-9,7,-13,-15,-4,-5,sil
15.369014978408812,-21,-9,-16,-6,0,4,-4,-7,-14,3,-25,-20,-14,-10,sil
15.369014978408812,-17,-9,-7,0,0,16,9,-5,4,5,-17,-10,-8,2,sil
15.385114192962646,-8,-7,-14,-3,1,19,22,1,26,18,-1,-6,8,9,sil
15.385114192962646,-14,-17,-22,-24,-7,2,9,0,21,8,-15,-13,6,-1,sil
15.401169300079346,-22,-20,-12,-34,-17,-5,-1,0,15,-11,-25,-16,-8,-11,sil
15.401169300079346,-17,-13,-15,-26,-10,0,5,0,21,-10,-8,-12,-3,-5,sil
15.401169300079346,-9,-13,-10,-20,-6,5,13,0,20,-9,-6,-2,6,-3,sil
15.417159795761108,0,-14,0,-14,-4,0,5,0,13,-5,-9,4,7,0,sil
15.433878898620604,16,0,14,-4,2,-10,-15,2,6,2,8,13,10,10,sil
15.433878898620604,29,12,18,1,-1,-16,-28,2,-4,-2,21,22,14,14,sil
15.433878898620604,28,13,7,3,-12,-20,-14,1,-1,-10,21,20,10,6,sil
15.447982788085938,28,20,22,5,-6,-15,-5,4,0,-15,20,25,6,4,sil
15.463239669799805,31,31,18,13,9,-5,-9,-1,-18,-23,19,34,8,4,sil
15.463239669799805,27,27,7,21,13,-4,-4,-3,-37,-23,19,27,6,2,sil
15.47826600074768,12,16,15,13,4,-7,2,5,-29,-11,19,8,-2,-1,sil
15.47826600074768,-8,5,-2,3,0,-10,-4,4,-13,-4,5,-9,-13,-13,sil
15.493796586990356,-16,2,-10,5,0,-3,-11,0,-9,-2,-8,-15,-21,-17,sil
15.493796586990356,-11,8,-4,23,8,13,0,0,6,7,1,-14,-12,-5,sil
15.509357452392578,-12,6,0,23,13,22,7,2,23,19,13,-13,0,2,sil
15.509357452392578,-12,-1,9,5,7,16,3,2,15,28,2,-8,0,3,sil
15.525312662124634,-1,-1,0,6,3,14,12,-3,0,25,-3,-6,0,3,sil
15.525312662124634,0,1,-1,15,6,18,21,-7,-10,4,-4,-1,0,2,sil
15.539994478225708,-12,-10,-2,3,3,11,6,-7,-23,-4,-9,-5,-8,-3,sil
15.539994478225708,-10,-19,-7,-10,-6,-3,-1,-4,-9,11,-12,-12,-6,-3,sil
15.556082010269163,-1,-10,-1,-6,-7,-2,10,4,20,23,-12,-1,6,7,sil
15.556082010269163,1,-7,0,-6,-3,0,9,0,23,19,-8,12,17,19,sil
15.572177648544312,4,-12,0,-16,-3,-8,-1,-4,17,17,-3,11,16,18,sil
15.572177648544312,0,-14,-12,-21,-5,-11,0,-2,25,8,-9,1,6,4,sil
15.587212562561035,-5,-16,-22,-21,-9,-7,-1,1,14,-10,-17,-5,-3,-7,sil
15.587212562561035,0,-7,1,-17,-9,-3,-5,4,-8,-21,-7,-1,0,-2,sil
15.60275149345398,5,2,3,-11,0,-7,1,3,-5,-20,3,1,6,-1,sil
15.60275149345398,2,2,0,-11,4,-10,-4,3,-6,-27,8,2,0,-15,sil
15.61778211593628,3,8,4,-3,4,-1,-11,-1,-16,-28,18,3,-4,-19,sil
15.61778211593628,-1,13,-3,12,4,5,-3,-5,-17,-15,9,-2,-2,-8,sil
15.633177042007446,-9,7,0,14,3,12,0,-1,-12,-7,-4,-3,-5,-5,sil
15.633177042007446,-1,2,0,13,8,14,0,3,-2,1,0,-3,-7,-8,sil
15.649205923080444,0,0,3,9,5,2,0,1,5,8,-7,-12,-12,-3,sil
15.649205923080444,-14,-5,0,1,-8,-4,-7,-1,8,10,-19,-20,-13,3,sil
15.665189266204834,-14,-15,-10,-8,-18,-2,-6,-2,0,9,-11,-15,-2,6,sil
15.665189266204834,-2,-12,1,-17,-17,-5,0,-1,-11,1,-7,0,4,7,sil
15.680873394012451,4,0,0,-13,-9,-8,0,0,-9,-3,-1,11,6,9,sil
15.680873394012451,13,10,1,0,-3,-4,-1,-3,0,-2,11,16,9,10,sil
15.69624638557434,24,16,14,13,0,-1,-2,-2,6,0,17,19,7,8,sil
15.69624638557434,26,19,11,13,9,-6,-3,1,5,0,16,15,0,2,sil
15.712103366851808,8,15,7,5,13,-6,-5,7,-6,-4,8,5,-5,-5,sil
15.712103366851808,-10,2,-4,6,5,3,-1,1,-9,-3,0,-9,-10,-16,sil
15.727139472961426,-5,0,-2,18,3,14,10,1,8,11,0,-9,-9,-9,sil
15.727139472961426,2,8,9,24,14,22,21,6,16,21,5,1,1,10,sil
15.7430579662323,-2,2,-4,21,20,13,16,0,15,23,12,1,12,14,sil
15.7430579662323,1,-1,0,11,13,6,10,-3,21,27,24,8,20,11,sil
15.758980989456177,15,2,9,7,9,9,9,-1,27,30,23,18,31,16,sil
15.758980989456177,6,-6,0,-3,1,-2,-4,0,12,14,1,8,25,13,sil
15.774468421936035,-12,-20,-9,-27,-19,-26,-23,-1,-14,-17,-14,-7,-2,-5,sil
15.774468421936035,-15,-15,-15,-33,-23,-30,-25,-4,-33,-39,-10,-6,-19,-18,sil
15.79019331932068,-4,0,2,-15,-5,-9,-10,0,-29,-35,-4,1,-17,-15,sil
15.79019331932068,-6,3,0,-1,0,12,9,7,-13,-10,-14,-11,-21,-13,sil
15.805212259292604,-20,-10,-18,-7,-8,14,18,1,-15,-4,-32,-28,-28,-15,sil
15.821285724639893,-20,-13,-14,-13,-11,10,18,-8,-21,-17,-41,-24,-21,-9,sil
15.821285724639893,-1,-11,-2,-15,-6,3,14,-6,-4,-16,-37,-15,-7,1,sil
15.821285724639893,7,-12,11,-23,-7,-6,2,6,11,-7,-14,3,10,13,sil
15.836842060089111,12,-4,10,-14,-4,-10,-4,4,14,0,22,29,29,20,sil
15.836842060089111,20,11,9,8,3,-7,-9,-5,14,7,29,27,25,9,sil
15.853260040283203,8,19,14,11,7,-6,-24,0,12,1,8,6,2,-14,sil
15.853260040283203,-6,18,2,14,12,-1,-26,1,13,1,14,0,0,-21,sil
15.868300676345823,1,23,12,33,19,7,-9,-2,13,21,30,8,7,2,sil
15.868300676345823,9,14,12,28,11,7,0,-6,0,26,16,-1,2,10,sil
15.883992195129396,-7,-14,-16,2,-9,0,1,-3,-4,13,-2,-20,-6,-2,sil
15.883992195129396,-13,-21,-19,-5,-16,5,10,4,5,15,-6,-15,-4,2,sil
15.899778127670288,0,-7,-15,-6,-2,8,17,5,11,19,-5,-2,0,13,sil
15.899778127670288,8,0,0,-15,0,-4,10,0,-1,0,0,8,-2,3,sil
15.916134595870972,18,5,14,-8,0,-7,7,0,-2,-10,17,23,1,1,sil
15.916134595870972,24,15,10,10,11,0,11,1,-4,-12,23,21,2,9,sil
15.930203199386597,1,10,8,8,6,-4,2,-2,-31,-32,-6,4,-21,-2,sil
15.94621229171753,-21,-8,-10,-4,-13,-15,-12,-5,-48,-43,-32,-13,-36,-20,sil
15.94621229171753,-15,-10,-11,-7,-11,-6,-13,0,-31,-29,-29,-19,-20,-11,sil
15.94621229171753,-11,0,0,4,7,17,4,4,0,-3,-11,-17,0,2,sil
15.962178468704224,-20,-4,-6,12,11,20,15,3,18,16,-2,-15,6,-1,sil
15.962178468704224,-8,-1,2,13,5,11,1,7,24,24,1,-1,12,0,sil
15.97630500793457,8,13,3,21,4,6,-15,2,23,30,14,8,23,14,sil
15.9927716255188,6,6,0,15,0,0,-16,-2,20,31,14,5,25,15,sil
15.99377179145813,-1,-13,-1,-5,-4,0,-2,0,17,15,0,-2,16,1,sil
15.99377179145813,-5,-19,-15,-17,-8,0,6,-3,13,0,-13,-8,4,-8,sil
16.008853673934937,-3,-10,-10,-19,-9,-3,5,-3,7,-3,-10,-6,0,-9,sil
16.024922847747803,6,-4,-3,-20,0,0,10,1,17,0,4,3,10,-1,sil
16.024922847747803,10,-1,3,-15,3,0,14,1,22,2,16,11,15,2,sil
16.024922847747803,2,2,9,-12,-2,-12,2,-3,-5,-12,13,8,-3,-3,sil
16.04010272026062,0,1,3,-19,-8,-19,-11,-2,-32,-31,1,3,-17,-8,sil
16.055856227874756,8,3,13,-17,-6,-8,-13,-1,-34,-31,0,10,-15,-5,sil
16.05685591697693,13,16,15,5,1,-3,-4,-7,-26,-14,9,12,-11,-3,sil
16.05685591697693,16,21,11,24,6,-10,0,-4,-18,-9,8,11,-10,0,sil
16.081410884857178,19,17,22,29,8,-2,-5,3,-4,-3,6,18,1,13,sil
16.082412004470825,14,15,14,33,18,12,-1,3,8,20,17,17,17,19,sil
16.082412004470825,1,9,10,21,21,23,9,3,4,31,7,4,7,9,sil
16.105101585388184,-14,-6,0,8,9,18,6,1,-1,18,-18,-12,-12,-1,sil
16.105101585388184,-22,-18,-17,1,-4,3,-1,-2,-1,10,-23,-23,-13,-3,sil
16.105101585388184,-15,-15,-17,-4,-8,-1,4,1,7,12,-16,-20,-3,2,sil
16.11917996406555,-9,-16,-24,-8,-7,0,12,2,24,12,-16,-20,1,3,sil
16.11917996406555,-15,-19,-21,-17,-7,-5,2,0,32,12,-12,-24,3,-3,sil
16.133782148361206,-15,-12,-20,-24,-12,-7,-3,0,19,6,-7,-21,0,-14,sil
16.1489896774292,-9,-7,-21,-21,-17,-9,-2,0,-1,-12,-9,-11,-6,-14,sil
16.1489896774292,-6,-8,-11,-30,-11,-8,-3,-2,-15,-34,-8,-2,-8,-7,sil
16.163917779922485,-4,-12,-13,-41,-5,-6,-8,-6,-28,-40,0,0,-2,-10,sil
16.163917779922485,0,3,5,-22,-13,-11,-15,-1,-37,-33,6,7,0,-15,sil
16.17906641960144,7,21,19,10,-8,-6,-10,4,-26,-20,6,15,-5,-7,sil
16.17906641960144,15,18,13,22,13,7,2,9,-2,-9,7,12,-3,3,sil
16.19419264793396,24,18,26,26,18,8,2,10,5,-4,16,18,7,13,sil
16.19419264793396,27,31,26,44,14,0,-4,2,9,10,27,27,18,18,sil
16.210069179534912,17,30,25,52,21,9,-2,0,15,24,24,25,12,17,sil
16.210069179534912,4,16,21,39,22,18,3,2,12,26,11,16,4,8,sil
16.225548267364502,-1,2,2,18,8,10,4,-4,4,18,0,2,0,0,sil
16.225548267364502,-14,-10,-4,0,-1,7,5,-7,6,15,-13,-9,-5,-3,sil
16.24110198020935,-30,-26,-18,-13,-5,7,14,-4,16,20,-16,-18,-4,-4,sil
16.24110198020935,-23,-27,-18,-17,-9,0,15,-2,18,17,-7,-10,4,0,sil
16.256256341934204,-5,-19,-4,-15,-8,0,16,0,15,12,-3,-2,8,10,sil
16.256256341934204,-3,-22,-10,-15,-3,0,19,-1,5,9,-11,-14,0,7,sil
16.272177934646606,-5,-25,-9,-15,-7,-6,8,-2,-3,-4,-14,-17,-7,0,sil
16.272177934646606,3,-16,-6,-9,-10,-5,-3,0,-2,-16,0,0,0,0,sil
16.28823971748352,16,-2,3,-7,-8,-6,-8,4,-3,-10,11,11,8,8,sil
16.28823971748352,23,10,8,-2,-8,-11,-14,2,-11,-2,12,11,8,7,sil
16.303826332092285,25,16,3,4,-3,-9,-11,-1,-11,-4,15,16,13,3,sil
16.303826332092285,17,14,10,3,3,-4,-7,-1,-4,-7,19,20,10,4,sil
16.320030689239502,0,5,-1,-8,3,-7,-25,-5,-8,-10,0,0,-6,-6,sil
16.320030689239502,-7,3,-11,-21,1,-9,-30,-6,-16,-12,-27,-20,-21,-23,sil
16.33510708808899,-2,16,0,-8,9,3,-2,1,-7,-7,-19,-14,-17,-18,sil
16.33510708808899,-8,17,-7,7,12,10,11,4,0,-2,0,-12,-6,-10,sil
16.35117506980896,-26,2,-9,-13,1,3,0,0,-12,-9,-8,-24,-11,-22,sil
16.35117506980896,-25,1,-13,-28,0,0,2,0,-12,-6,-16,-26,-15,-23,sil
16.366788625717163,-10,8,-10,-3,5,3,15,3,0,-5,-6,-14,-9,-6,sil
16.366788625717163,-4,0,5,9,0,6,5,4,-2,-17,-3,-4,-7,0,sil
16.38186001777649,-11,-12,-2,-2,-10,0,-4,1,-7,-18,-9,-6,-8,-6,sil
16.38186001777649,-12,-10,-1,-9,-12,-6,-2,2,4,-3,-5,-3,0,3,sil
16.39754033088684,0,-2,9,4,0,0,7,4,21,18,6,7,14,21,sil
16.39754033088684,19,2,12,22,9,6,12,1,26,33,17,24,21,24,sil
16.412747144699097,26,7,20,30,4,4,7,5,21,33,26,40,22,23,sil
16.412747144699097,23,5,15,31,0,-4,-2,2,15,29,34,36,26,29,sil
16.428820848464966,24,3,16,30,7,-5,-12,-7,12,25,31,31,28,29,sil
16.428820848464966,23,4,12,27,12,3,-11,-10,11,19,26,29,23,13,sil
16.444727659225464,9,0,5,15,1,4,-2,-4,0,7,17,12,9,0,sil
16.444727659225464,-10,-10,1,-1,-8,-3,4,-1,-20,-13,-10,-11,-9,-12,sil
16.460861444473267,-24,-14,-23,-11,-8,-2,4,-4,-28,-28,-33,-30,-28,-32,sil
16.460861444473267,-26,-12,-22,-19,-9,1,7,3,-21,-26,-31,-28,-37,-35,sil
16.476001262664795,-27,-15,-10,-32,-11,4,14,1,-12,-25,-25,-21,-28,-27,sil
16.476001262664795,-21,-15,-10,-31,-9,3,10,-7,-6,-28,-29,-24,-19,-23,sil
16.492122411727905,-3,-3,0,-16,-10,0,1,-1,-6,-23,-28,-17,-21,-3,sil
16.492122411727905,0,0,-8,-11,-10,-4,1,3,-4,-10,-18,-3,-14,12,sil
16.508166313171387,-1,5,-1,-5,3,2,1,1,-2,0,-10,1,-2,10,sil
16.508166313171387,15,22,19,14,17,14,2,4,3,10,9,10,8,15,sil
16.523828983306885,35,26,15,20,13,3,1,5,14,22,39,26,28,34,sil
16.523828983306885,31,18,12,4,8,-9,-9,0,18,26,38,27,41,37,sil
16.540011644363403,18,9,3,11,14,-11,-20,-3,15,26,16,7,29,22,sil
16.540011644363403,8,3,-1,18,12,-9,-22,-1,5,16,9,1,9,6,sil
16.555747270584106,-4,0,-7,2,2,-2,-11,0,1,4,12,-1,7,-3,sil
16.555747270584106,-25,-16,-24,-16,-1,0,-1,-5,-1,-6,-5,-25,-1,-23,sil
16.570982694625854,-36,-28,-22,-25,-5,-5,-2,-5,-10,-12,-26,-41,-24,-41,sil
16.570982694625854,-20,-5,-11,-7,-4,0,5,2,-2,0,-4,-23,-13,-29,sil
16.586593627929688,3,15,7,19,4,6,18,7,25,10,26,9,20,0,sil
16.586593627929688,4,3,11,10,3,6,12,5,18,2,18,17,16,3,sil
16.601784229278564,-7,-13,-6,-16,-12,4,-1,-2,-21,-8,-10,-1,-14,-13,sil
16.601784229278564,-7,-6,2,-16,-16,4,-4,-4,-31,-15,-23,-2,-24,-12,sil
16.61781597137451,2,0,7,0,-3,0,0,-1,-10,-11,-13,10,-14,0,sil
16.61781597137451,10,0,8,0,0,-1,0,0,-6,-2,-8,8,-12,7,sil
16.63307547569275,7,-2,13,-3,-7,2,0,-1,-6,-3,-9,5,-8,9,sil
16.63307547569275,9,0,5,6,0,1,3,1,12,5,2,12,8,18,sil
16.649136304855347,21,5,15,15,7,0,1,6,20,13,13,20,15,23,sil
16.649136304855347,14,6,11,10,6,3,2,-2,9,0,5,10,4,12,sil
16.66521143913269,-4,1,-4,3,3,4,11,-5,4,-10,-5,-4,-2,1,sil
16.66521143913269,-7,0,-7,-3,2,-1,11,6,7,7,-4,1,3,2,sil
16.681187391281128,-10,-2,-19,-9,0,-12,0,5,0,8,-3,1,5,-7,sil
16.681187391281128,-22,-11,-19,-9,-7,-10,-3,0,-12,-12,-14,-19,-7,-22,sil
16.696727991104126,-29,-15,-17,-12,-9,-2,-3,0,-8,-13,-17,-32,-13,-24,sil
16.696727991104126,-20,-9,-14,-23,-11,-5,-10,-1,-6,-6,-9,-22,-10,-21,sil
16.712199211120605,1,9,5,-10,-4,-9,-10,0,-10,-8,0,-1,-1,-8,sil
16.712199211120605,18,17,7,10,6,-2,-6,1,-8,-10,13,11,7,7,sil
16.728232860565186,17,8,10,10,1,1,-19,-4,-9,-13,18,19,0,5,sil
16.728232860565186,21,8,15,19,1,4,-16,-6,-5,-1,22,20,0,8,sil
16.743733406066895,29,16,14,31,15,9,5,-1,12,25,22,20,15,33,sil
16.743733406066895,21,13,18,16,9,8,12,-1,10,30,11,17,16,33,sil
16.759105682373047,5,0,3,2,1,3,8,-4,-3,16,4,1,1,3,sil
16.759105682373047,-3,0,0,6,9,2,6,2,-3,2,1,-10,-1,-3,sil
16.77429723739624,-13,0,-3,1,9,1,3,0,2,-8,-7,-22,-1,-1,sil
16.77429723739624,-19,-10,-19,-16,-2,0,6,-5,4,-9,-21,-33,-6,-12,sil
16.790018320083618,-7,-11,-8,-17,-3,3,13,5,12,0,-7,-16,0,-9,sil
16.790018320083618,0,-3,0,3,5,8,19,10,28,10,16,1,17,0,sil
16.8055317401886,-18,-6,-1,0,0,2,12,4,20,4,2,-10,7,-11,sil
16.8055317401886,-32,-11,-11,-17,-14,-3,-2,1,0,1,-19,-21,-15,-27,sil
16.821163415908813,-11,-4,-12,-2,-5,-2,-6,-1,-10,4,-4,-3,-9,-11,sil
16.821163415908813,14,10,16,15,7,1,-3,0,-10,-1,5,20,7,15,sil
16.837199449539185,16,6,14,7,-2,-6,-10,0,-11,-8,0,20,0,13,sil
16.837199449539185,6,-8,0,-4,-13,-14,-19,-2,-14,-6,-2,11,-13,-1,sil
16.852891445159912,2,0,1,1,-1,-5,-9,-4,-15,-2,0,14,-6,1,sil
16.852891445159912,8,7,5,10,5,2,-1,-2,-5,1,0,19,0,9,sil
16.868807077407837,20,2,17,8,1,5,-6,2,3,8,5,25,1,10,sil
16.868807077407837,18,0,7,8,5,7,-2,-1,0,9,4,27,7,9,sil
16.884464263916016,-1,0,-8,1,6,4,0,-7,-6,0,-9,13,1,0,sil
16.884464263916016,-19,-11,-17,-22,-5,0,-1,0,-3,-10,-18,-16,-12,-14,sil
16.900496244430542,-23,-21,-23,-32,-12,-3,10,10,10,-2,-15,-37,-13,-16,sil
16.900496244430542,-21,-10,-4,-19,-4,5,22,11,17,2,-14,-26,-5,-5,sil
16.916061639785767,-18,-6,-9,-16,-1,13,12,0,14,-2,-15,-20,0,0,sil
16.916061639785767,-12,-17,-22,-29,-13,-1,0,-4,6,-8,-15,-31,0,-2,sil
16.932104110717773,-1,-8,-7,-23,-14,-16,0,1,1,-9,-11,-21,-2,0,thankyou
16.932104110717773,15,14,5,3,-3,-16,-6,-1,-3,-12,7,7,6,7,thankyou
16.94820785522461,28,19,18,9,0,-12,-13,-5,-2,-15,31,23,20,10,thankyou
16.94820785522461,20,9,9,-1,5,-8,-13,0,6,-2,28,12,17,0,thankyou
16.964243412017822,8,15,3,8,15,-4,-15,1,4,7,10,2,1,-12,thankyou
16.964243412017822,23,36,25,34,14,-1,-14,-1,-2,7,23,20,7,-1,thankyou
16.979859352111816,38,37,24,42,11,-1,-6,-4,-8,5,44,32,21,16,thankyou
16.979859352111816,17,18,16,30,6,-5,-14,-9,-31,-5,24,19,4,11,thankyou
16.99589991569519,-9,6,3,21,4,2,-14,-5,-38,-5,3,0,-11,-2,thankyou
16.99589991569519,-10,-7,-3,-3,3,20,15,9,0,15,6,-1,-3,0,thankyou
17.011417388916016,-18,-20,-4,-26,-4,22,31,14,29,14,-5,-6,-8,-1,thankyou
17.011417388916016,-38,-17,-23,1,-3,12,17,3,11,-6,-30,-25,-22,-21,thankyou
17.027294635772705,-28,-11,-15,29,4,15,17,6,1,2,-29,-25,-13,-16,thankyou
17.027294635772705,-10,-17,-1,3,0,16,36,8,22,26,-10,-10,3,3,thankyou
17.042784452438354,-15,-21,-8,-15,0,1,27,-5,17,16,-13,-9,0,4,thankyou
17.042784452438354,-10,-14,-5,1,2,-7,9,-8,-9,-2,-28,-12,-11,0,thankyou
17.05828332901001,6,-12,-3,2,-4,-6,10,0,1,4,-15,-3,-2,9,thankyou
17.05828332901001,12,-1,5,-11,-3,-8,-3,4,20,9,6,9,11,17,thankyou
17.07439661026001,12,11,8,0,7,-14,-30,-1,3,0,10,14,8,16,thankyou
17.07439661026001,13,6,-1,7,1,-18,-31,-5,-6,-1,7,9,2,6,thankyou
17.09101676940918,10,5,6,-7,-8,-6,-21,0,-7,-10,2,7,0,-1,thankyou
17.09101676940918,6,12,2,-7,0,4,-22,-3,-17,-22,0,4,-8,0,thankyou
17.1050283908844,1,2,0,-8,3,2,-18,-10,-24,-17,0,0,-16,-1,thankyou
17.1050283908844,-5,-5,-2,-15,0,2,-4,-4,-16,-4,-2,-4,-6,-10,thankyou
17.120185136795044,-7,-1,-12,-11,-1,4,0,1,-10,-10,-9,-6,-2,-16,thankyou
17.120185136795044,-5,-2,-4,-12,-9,2,0,7,-5,-10,-3,-2,-4,-11,thankyou
17.136844158172607,-11,-13,-2,-23,-13,3,7,5,8,9,3,-3,0,-10,thankyou
17.136844158172607,-17,-13,-4,-22,-5,2,12,0,9,5,-12,-8,-1,-13,thankyou
17.15107822418213,-14,-1,-4,-9,-1,-1,5,-2,0,-13,-18,-3,0,-10,thankyou
17.15207839012146,2,7,-5,1,-3,-6,-1,-5,-5,-16,-1,6,9,0,thankyou
17.16620922088623,23,9,13,6,0,-10,0,-3,-6,-16,4,13,11,13,thankyou
17.183823108673096,26,4,9,4,-2,-11,0,0,-3,-7,11,14,16,18,thankyou
17.183823108673096,19,8,7,8,-2,-1,2,5,8,15,35,19,25,16,thankyou
17.183823108673096,15,19,17,30,13,16,16,5,24,31,42,17,22,17,thankyou
17.198904275894165,11,18,1,37,27,19,20,1,28,32,23,5,18,15,thankyou
17.198904275894165,13,15,3,19,17,4,2,4,18,21,13,5,21,8,thankyou
17.213976621627808,11,12,5,8,4,-7,-8,2,15,14,18,5,16,6,thankyou
17.229871034622192,-5,-4,-9,0,1,-6,-5,0,14,17,0,-14,-2,2,thankyou
17.229871034622192,-28,-22,-18,-10,0,1,1,1,3,1,-28,-35,-26,-17,thankyou
17.245920658111572,-33,-25,-22,-8,-6,-1,3,1,0,-22,-26,-34,-32,-33,thankyou
17.245920658111572,-24,-16,-3,-10,-18,-6,-4,-5,-11,-12,-17,-19,-26,-27,thankyou
17.245920658111572,-23,-9,-1,-13,-17,-6,-5,-6,-29,0,-24,-16,-30,-21,thankyou
17.260226726531982,-27,-12,-8,-9,-12,-7,0,-4,-38,-26,-29,-14,-36,-19,thankyou
17.276214838027954,-5,-6,8,-1,-11,0,-3,-4,-32,-37,-13,5,-25,0,thankyou
17.276214838027954,28,13,19,10,0,6,0,-2,-12,-6,7,26,-3,27,thankyou
17.291106939315796,33,21,19,19,10,4,8,5,8,8,10,29,7,32,thankyou
17.291106939315796,17,6,0,8,4,0,1,4,8,2,3,15,3,15,thankyou
17.30677080154419,14,0,-1,-2,0,0,-12,-1,-2,0,1,3,-6,6,thankyou
17.30677080154419,20,16,25,13,10,0,-15,2,1,11,13,12,6,16,thankyou
17.32176399230957,16,17,8,20,21,1,-11,4,18,23,24,18,40,15,sil
17.32176399230957,2,-4,-13,-10,8,1,-5,3,13,13,9,5,37,1,sil
17.337286233901978,-17,-16,-16,-24,-1,3,3,0,-2,-6,-8,-6,9,-11,sil
17.337286233901978,-30,-14,-16,-10,0,0,2,1,-2,-6,-6,-9,5,-21,sil
17.35282015800476,-22,-13,-11,-14,-5,0,-1,4,2,-1,-1,-10,11,-24,sil
17.35282015800476,-8,-8,-10,-15,-9,8,16,0,5,3,0,-12,14,-10,sil
17.36912202835083,-2,8,1,6,3,14,38,-1,4,14,4,-7,15,2,sil
17.36912202835083,-5,9,-4,3,6,6,26,-1,0,7,0,-6,0,0,sil
17.384161949157715,-6,-2,-13,-18,-3,-7,0,-5,-1,-17,-15,-14,-24,-6,sil
17.384161949157715,-1,0,10,-8,-7,-5,-6,-2,0,-24,-15,-9,-21,-1,sil
17.399834632873535,0,1,8,7,-6,-3,-3,0,0,-8,-4,-5,-9,-2,sil
17.399834632873535,4,-2,-1,0,-8,-9,-8,0,0,-1,4,0,-9,-2,sil
17.415801286697388,18,6,8,6,5,0,-7,0,12,1,13,9,-3,11,sil
17.415801286697388,24,14,14,25,13,6,-11,-5,6,0,5,10,0,16,sil
17.430882930755615,8,4,16,17,0,-1,-30,-8,-18,-2,-8,7,-6,3,sil
17.430882930755615,0,-2,1,7,-4,-2,-24,-1,-21,3,2,14,0,0,sil
17.446994066238403,-1,-8,-4,5,2,3,0,3,-7,5,5,11,3,2,sil
17.446994066238403,-15,-9,-4,-2,-2,0,6,2,0,2,-10,-10,-6,-9,sil
17.462716341018677,-17,-2,-13,-9,-8,-4,7,2,8,11,-6,-18,-4,-11,sil
17.462716341018677,-7,0,-3,-11,-1,0,14,14,22,21,2,-6,3,5,sil
17.477933168411255,-9,-8,-5,-9,5,0,15,11,24,16,0,-3,3,8,sil
17.477933168411255,-4,-5,-5,-9,2,-8,6,-3,5,-1,-4,-2,1,0,sil
17.493765115737915,6,-4,1,-12,-8,-14,0,-9,-16,-21,-12,-2,-5,-3,sil
17.493765115737915,3,-15,-7,-12,-19,-13,-4,-3,-19,-26,-15,-4,-12,-5,sil
17.50941014289856,7,-4,3,-9,-9,-4,0,1,-17,-19,0,11,0,0,sil
17.50941014289856,33,17,14,7,7,4,6,0,-8,-1,22,30,23,12,sil
17.52480697631836,42,21,18,21,4,5,0,1,7,17,32,27,29,19,sil
17.52480697631836,25,16,24,16,1,6,-12,4,19,24,31,24,22,18,sil
17.540246963500977,6,15,4,8,11,4,-7,2,17,14,20,17,10,4,sil
17.540246963500977,-4,6,-4,0,8,0,-1,0,-1,-7,0,1,-7,-13,sil
17.556099891662598,-15,-1,-13,-12,1,0,-4,-4,-11,-22,-15,-16,-19,-21,sil
17.556099891662598,-23,2,-14,-7,4,1,-4,-4,-3,-13,-9,-20,-19,-17,sil
17.57122778892517,-21,10,2,12,7,8,8,5,0,8,3,-8,-10,-9,sil
17.57122778892517,-12,4,1,26,13,15,23,1,0,18,6,-7,0,-1,sil
17.5872859954834,-12,1,-2,27,16,11,19,-10,0,4,-7,-18,-1,1,sil
17.5872859954834,-21,-1,-7,16,4,4,6,-8,-9,-7,-20,-24,-8,-1,sil
17.60295534133911,-21,-18,-18,-6,-8,0,0,-1,-18,-4,-23,-25,-7,-1,sil
17.60295534133911,-14,-28,-10,-21,-14,4,1,2,-3,1,-26,-22,-5,7,sil
17.619149684906006,-12,-25,-11,-21,-18,4,-1,0,6,-1,-26,-17,-6,10,sil
17.619149684906006,-5,-17,-5,-20,-14,-2,-2,0,3,-6,-16,-6,-4,1,sil
17.6343834400177,7,-4,0,-15,-1,-5,-2,1,14,0,3,10,7,-2,sil
17.6343834400177,16,4,4,-5,6,-11,-16,4,23,8,18,22,15,0,sil
17.649926900863647,18,5,11,-8,-1,-19,-31,1,11,3,16,22,11,2,sil
17.649926900863647,9,-1,0,-19,-15,-20,-25,-6,-2,-9,9,8,7,-3,sil
17.665453910827637,3,-3,7,-18,-14,-13,-14,0,-15,-17,10,10,4,-6,sil
17.665453910827637,13,9,17,1,2,-2,-2,8,-9,-2,27,29,10,2,sil
17.681334972381592,18,15,9,15,10,2,9,1,8,18,33,22,17,8,sil
17.681334972381592,10,11,16,10,7,4,9,0,1,12,14,3,1,0,sil
17.697364568710327,8,19,8,17,10,7,8,1,-8,-1,3,1,-11,-8,sil
17.697364568710327,10,18,6,22,13,6,12,-3,-4,-8,-6,1,-11,-7,sil
17.712517023086548,0,5,6,15,6,5,12,-8,-9,-9,-21,-11,-18,-11,sil
17.712517023086548,-10,0,-5,17,2,9,15,-1,-16,-5,-23,-17,-27,-7,sil
17.728052139282227,-8,2,-3,25,2,15,22,8,-4,2,-19,-7,-15,15,sil
17.728052139282227,3,-6,-7,20,1,18,27,4,13,13,-12,-1,10,33,sil
17.743807554244995,13,-13,-5,9,-2,7,19,0,23,20,-4,6,18,31,sil
17.743807554244995,9,-9,5,1,-11,-9,0,5,21,15,0,7,8,19,sil
17.758841037750244,-4,-11,-10,-10,-16,-18,-20,0,8,3,-2,-5,3,0,sil
17.758841037750244,-17,-11,-21,-29,-8,-11,-28,-9,-8,-7,-7,-11,3,-16,sil
17.774067640304565,-19,-10,-22,-31,1,-1,-20,-4,-7,-12,-9,-9,2,-16,sil
17.774067640304565,-11,-6,-7,-18,0,0,-9,2,2,-7,0,-5,1,-8,sil
17.789740800857544,-9,0,0,-17,-1,0,-4,-1,0,-4,11,-1,0,-14,sil
17.806334733963013,-15,0,-13,-20,0,-6,-4,-4,-5,-8,11,0,-1,-20,sil
17.806334733963013,-11,0,-4,-18,2,-9,1,2,-2,-9,8,1,0,-11,sil
17.821226119995117,-4,4,-2,-20,3,-6,2,1,-6,-5,4,-3,0,-8,sil
17.821226119995117,-6,0,-4,-27,-7,-8,-9,-2,-17,-11,-1,-11,-6,-13,sil
17.83673620223999,-4,0,9,-14,-11,-5,-15,-1,-11,-8,-2,-1,-3,-2,sil
17.83673620223999,8,7,9,10,7,6,-1,0,0,7,2,2,3,12,sil
17.83673620223999,19,7,14,18,18,12,-1,0,-5,1,10,0,-1,16,sil
17.85380744934082,21,7,15,22,8,5,-8,0,-1,-2,21,6,0,13,sil
17.85380744934082,29,17,19,33,6,1,0,3,22,25,22,14,16,16,sil
17.8692729473114,26,23,24,41,9,8,10,3,28,42,17,13,16,15,sil
17.88402271270752,2,3,4,30,0,8,6,-5,3,15,13,2,-3,-2,sil
17.88402271270752,-11,-7,0,1,-3,3,6,-2,-16,-10,-3,-2,-13,-15,sil
17.900569438934326,-11,-2,-4,-10,1,9,15,1,-11,-7,-22,-7,-9,-11,sil
17.900569438934326,-19,-12,-20,0,1,13,17,0,-3,-4,-26,-13,-11,-10,sil
17.900569438934326,-20,-17,-11,9,1,11,20,3,-3,-5,-20,-9,-10,-9,sil
17.914258241653442,-13,-10,-8,14,6,4,21,3,1,-2,-15,-7,-2,-1,sil
17.929713010787964,-16,-13,-6,3,0,-3,9,0,9,0,-17,-4,-3,1,sil
17.929713010787964,-16,-19,-6,-15,-19,-8,-2,0,5,-1,-19,-1,-2,0,sil
17.944761514663696,0,-12,-4,-12,-24,-14,-5,1,0,-5,-13,2,6,4,sil
17.944761514663696,16,-3,12,0,-14,-15,-4,3,7,-7,0,18,12,18,sil
17.96075940132141,26,2,9,0,-7,-13,-1,9,22,5,19,35,18,27,sil
17.96075940132141,35,21,16,9,-3,-8,-2,8,18,5,32,42,25,27,sil
17.976261377334595,37,33,24,20,5,-8,-17,-4,4,-4,37,41,29,22,sil
17.976261377334595,23,23,7,10,5,-20,-31,-10,-4,-5,29,23,19,8,sil
17.992110013961792,9,15,2,-2,-2,-18,-33,-3,-16,-6,13,6,-1,-6,sil
17.992110013961792,6,11,-1,0,3,2,-20,-3,-23,-13,6,-1,-9,-15,sil
18.00712561607361,-2,3,-6,-5,14,10,-8,-9,-24,-18,-10,-14,-12,-20,sil
18.00712561607361,-24,-5,-13,-19,8,4,-2,-8,-18,-16,-38,-40,-31,-31,sil
18.02311515808105,-37,-18,-27,-33,-1,7,1,-2,-11,-10,-48,-58,-43,-39,sil
18.02311515808105,-38,-26,-23,-44,-3,15,8,0,-18,-8,-45,-54,-31,-37,sil
18.0390100479126,-32,-18,-26,-41,7,16,20,-4,-18,0,-36,-46,-12,-23,sil
18.0390100479126,-20,-7,-14,-28,16,14,19,2,9,25,-9,-32,-2,0,sil
18.05450749397278,-14,-8,-3,-14,5,13,13,15,30,40,8,-19,1,15,sil
18.05450749397278,-2,-11,-5,-4,-1,12,21,6,21,25,6,-9,5,16,sil
18.0698790550232,19,5,13,4,9,16,31,0,16,18,20,11,12,25,sil
18.0698790550232,25,15,16,19,14,12,21,1,30,39,43,22,23,31,sil
18.09179782867432,12,1,7,19,-2,-4,-3,2,29,40,34,14,23,18,sil
18.09179782867432,3,-3,11,8,-14,-13,-19,-1,9,8,24,17,17,5,sil
18.09179782867432,0,3,5,15,-6,-15,-18,-2,0,-8,33,27,18,5,sil
18.101160526275635,0,-1,7,16,-6,-16,-19,0,-1,-14,25,28,13,0,sil
18.116724967956543,0,-8,1,8,-17,-18,-19,0,-3,-26,10,18,4,-8,sil
18.116724967956543,0,-1,0,7,-18,-23,-17,0,-18,-35,7,12,0,-16,sil
18.132179975509644,0,3,12,17,-8,-16,-13,0,-25,-31,0,17,-8,-18,sil
18.132179975509644,0,4,7,25,0,0,-1,-5,-24,-30,-15,13,-21,-17,sil
18.14771556854248,2,8,10,32,6,8,4,-8,-35,-43,-30,1,-35,-15,sil
18.14771556854248,7,2,11,40,8,14,11,-2,-33,-38,-37,-4,-31,-6,sil
18.163193941116333,10,-7,7,33,7,18,26,6,-7,0,-37,-1,-14,11,sil
18.163193941116333,9,0,6,14,10,16,33,8,19,29,-29,2,-1,24,sil
18.17881226539612,13,10,-4,3,9,9,18,5,36,29,-13,0,10,28,sil
18.17881226539612,18,16,2,-1,0,0,-1,4,28,23,-3,4,23,28,sil
18.19479393959045,8,11,-3,-20,-6,-12,-15,-3,0,13,0,8,20,14,sil
18.19479393959045,-1,-2,-16,-45,-13,-22,-19,-8,-9,-1,4,2,5,1,sil
18.20995020866394,2,0,0,-48,-12,-15,-12,1,0,-3,12,6,9,2,sil
18.20995020866394,0,10,0,-34,-2,-3,-6,0,0,4,15,3,16,-6,sil
18.225292205810547,-21,3,-11,-35,-5,-2,-11,-3,0,4,9,-15,2,-22,sil
18.225292205810547,-27,-1,-14,-33,-7,0,-16,1,6,4,11,-24,1,-21,sil
18.24108028411865,-12,6,-12,-11,6,7,-3,3,14,10,17,-20,13,-10,sil
18.24108028411865,-9,-1,-9,-7,10,11,14,1,8,6,8,-22,0,-8,sil
18.256247520446777,-14,-20,-21,-6,0,8,19,-2,-2,1,-5,-27,-18,-12,sil
18.256247520446777,-6,-19,-4,7,-1,6,10,-5,-9,-3,-6,-14,-14,-6,sil
18.271803617477417,0,-8,13,13,7,9,4,0,3,-1,7,-3,-2,3,sil
18.271803617477417,-3,-9,1,9,14,8,3,7,17,10,12,-8,0,1,sil
18.287866353988647,2,-8,2,22,12,6,1,5,12,16,3,2,-1,-2,sil
18.287866353988647,18,2,10,36,9,0,-3,-5,1,3,6,22,1,4,sil
18.30302309989929,28,13,24,29,11,-7,-14,-5,-9,-7,11,30,0,13,sil
18.30302309989929,21,11,19,20,8,-7,-17,0,-20,-5,1,20,-6,9,sil
18.318254470825195,2,0,-4,12,-2,-7,-6,-5,-20,-10,-11,1,-10,0,sil
18.318254470825195,-5,-1,0,2,-6,-7,5,-2,-8,-14,-13,0,-5,0,sil
18.334293127059937,-4,0,0,0,0,0,12,2,0,0,-7,0,-1,5,sil
18.334293127059937,-13,-4,-6,0,0,4,7,3,-3,-1,-10,-11,-4,-1,sil
18.35029911994934,-15,-7,-2,-4,-3,7,6,5,-4,-6,-8,-6,0,-5,sil
18.36553883552552,-6,-6,-11,-10,-4,0,13,2,7,9,-1,3,8,0,sil
18.36553883552552,-11,-9,-10,-25,-18,-11,6,-5,-2,-3,-18,-10,-11,-8,sil
18.36553883552552,-13,-10,-8,-27,-29,-15,-7,-6,-24,-33,-34,-23,-28,-17,sil
18.38106918334961,4,-1,0,-9,-12,-8,-5,0,-20,-21,-14,-1,-9,0,sil
18.38106918334961,10,7,6,0,1,-1,-2,-1,0,3,9,20,10,13,sil
18.39624333381653,0,2,-6,-6,-5,0,-14,-2,2,2,12,6,10,0,sil
18.411853313446045,2,4,3,-8,-2,8,-11,7,1,0,9,0,8,-4,sil
18.411853313446045,13,20,12,6,21,16,12,10,24,16,18,15,17,8,sil
18.427180290222168,8,21,6,13,20,10,23,5,36,23,16,17,20,16,sil
18.427180290222168,1,8,2,8,1,4,8,4,24,15,5,5,16,9,sil
18.444212198257446,3,4,0,3,0,0,-2,0,19,7,4,1,15,1,sil
18.444212198257446,5,1,12,-1,-3,-7,-7,-3,15,2,11,7,9,0,sil
18.444212198257446,2,-5,8,1,-11,-9,-5,-1,1,7,13,3,6,-2,sil
18.4592387676239,-2,-10,-1,4,-4,-3,-6,-1,-6,6,4,-4,4,-3,sil
18.47621488571167,-10,-11,0,-8,0,5,-6,-1,-9,-4,-3,-4,-5,1,sil
18.47621488571167,-9,-9,-14,-9,-4,2,-3,-3,-15,-13,-5,-5,-12,0,sil
18.47621488571167,-1,0,-6,6,-7,-11,-8,-1,-19,-17,-4,-2,-10,-8,sil
18.490795135498047,6,5,7,13,0,-6,-7,0,-12,-9,0,-1,-12,-3,sil
18.50631618499756,21,13,8,19,9,12,7,1,6,11,12,4,-9,8,sil
18.50631618499756,28,19,17,31,19,14,9,0,11,19,13,15,1,10,sil
18.52259063720703,6,9,6,22,18,0,-3,-7,-4,7,8,5,0,0,sil
18.52259063720703,-11,-3,-6,-6,10,0,-2,-9,-14,-5,0,-10,-11,-11,sil
18.52259063720703,-10,-9,-16,-28,5,0,0,-5,-11,-13,-20,-19,-23,-23,sil
18.537147760391235,-18,-20,-23,-28,-2,-11,-7,-1,-16,-16,-35,-29,-32,-22,sil
18.554211139678955,-24,-16,-5,-14,-10,-11,-10,4,-16,-12,-21,-21,-15,-8,sil
18.554211139678955,-10,0,-3,-1,-7,2,7,6,2,-7,0,-1,9,0,sil
18.554211139678955,-4,-5,-10,-10,-8,4,18,6,10,-12,0,0,6,-2,sil
18.57077050209045,-15,-15,-10,-23,-9,0,14,3,0,-7,-18,-10,0,-6,sil
18.57077050209045,-15,-8,-9,-18,-6,-4,3,0,-6,2,-23,-8,4,-3,sil
18.584879875183105,7,4,12,-3,-3,0,4,2,2,6,2,15,12,17,sil
18.60009765625,25,12,13,12,7,7,22,6,18,16,29,29,21,31,sil
18.60009765625,15,5,4,9,9,2,13,4,16,21,11,14,12,19,sil
18.615095853805546,3,0,8,11,-3,-3,-17,3,9,17,0,0,0,9,sil
18.615095853805546,15,14,14,31,1,1,-21,0,8,21,21,14,13,16,sil
18.63122940063477,20,22,23,31,19,8,-9,-4,2,14,20,22,14,12,sil
18.63122940063477,0,2,0,4,7,0,-14,-11,-3,-4,1,-2,-3,-6,sil
18.64673089981079,-17,-5,-13,-5,-13,-7,-16,-12,-8,-14,-3,-15,-12,-17,sil
18.64673089981079,-13,-1,-5,-1,-11,0,-3,-4,-9,-19,-14,-8,-6,-15,sil
18.661861181259155,-12,-10,-13,-4,-2,9,11,1,1,-15,-16,-13,0,-12,sil
18.661861181259155,-12,-13,-11,-10,-6,6,22,6,9,0,0,-14,5,-8,sil
18.677409648895264,-5,0,-10,-6,-9,0,20,5,5,4,4,-7,3,-5,sil
18.677409648895264,0,0,-1,-4,-5,0,7,7,3,0,-3,-5,4,-1,sil
18.69255447387696,4,1,11,-1,-2,2,1,7,13,5,7,6,17,3,sil
18.69255447387696,13,9,9,7,1,-4,-9,1,19,17,21,18,22,12,sil
18.707417964935303,23,8,14,3,5,-11,-21,-4,-2,0,9,16,4,17,sil
18.707417964935303,20,-1,7,-12,3,-9,-16,-8,-31,-24,-1,8,-4,7,sil
18.722732305526733,9,-3,2,-21,-4,-12,-14,-10,-34,-17,3,6,1,-3,sil
18.722732305526733,12,13,14,-7,0,-13,-17,-3,-17,1,19,15,8,1,sil
18.739372730255127,14,18,2,14,14,-3,-1,1,-4,1,19,15,3,5,sil
18.739372730255127,-4,2,-2,8,9,6,9,1,-1,-4,-10,0,-15,-6,sil
18.75498342514038,-18,-8,-1,-3,1,13,5,0,2,-3,-27,-17,-29,-12,sil
18.75498342514038,-14,-11,-5,-2,7,14,11,1,6,-11,-20,-20,-27,-11,sil
18.7698438167572,-21,-17,-12,-2,2,11,20,2,10,-8,-19,-18,-28,-20,sil
18.7698438167572,-29,-15,-28,-3,-3,3,16,1,22,14,-15,-17,-29,-22,sil
18.78534388542176,-11,-1,-8,5,0,2,10,6,24,17,-4,-7,-21,-3,sil
18.78534388542176,0,-1,8,13,0,4,7,9,4,2,-3,-2,-25,6,sil
18.801414012908936,-9,-12,-5,0,-10,-4,-2,-1,-13,1,-10,-5,-32,2,sil
18.801414012908936,-4,-8,-8,-10,-9,-10,-7,-9,-16,0,-9,-5,-35,1,sil
18.817010164260864,5,5,-4,1,0,0,-5,-6,-9,-5,-5,-7,-50,-1,thankyou
18.817010164260864,9,12,10,13,4,7,-7,4,-2,3,0,4,-33,6,thankyou
18.832116842269897,23,16,14,14,7,2,-10,5,5,20,22,34,64,27,thankyou
18.832116842269897,33,16,9,12,4,-7,-3,-2,8,20,35,35,132,26,thankyou
18.84786868095398,10,3,11,2,-1,-6,7,-2,1,1,7,7,101,5,thankyou
18.84786868095398,-14,-13,-10,-8,-2,-2,9,0,1,-5,-13,-11,84,-1,thankyou
18.86307454109192,-14,-20,-17,-22,-7,-6,-2,0,-6,-7,-4,-7,83,0,thankyou
18.86307454109192,-11,-16,-7,-23,-12,-6,-11,1,-16,-11,1,-7,15,-7,thankyou
18.8792531490326,-12,-7,-10,-12,-8,-5,-10,2,-6,-6,-2,-14,-49,-11,thankyou
18.8792531490326,-6,4,1,-6,-7,-5,-11,2,5,6,4,-4,-40,-8,thankyou
18.89531373977661,-5,6,8,-1,-8,-1,-8,-4,3,2,10,0,-26,-6,thankyou
18.89531373977661,-1,6,8,5,0,1,-9,-9,-3,-19,-1,-7,-40,-4,thankyou
18.91140937805176,10,15,10,8,10,7,-7,-1,-2,-14,0,-2,-31,0,thankyou
18.91140937805176,19,21,9,16,19,14,6,4,0,9,20,13,-5,8,thankyou
18.927056312561035,18,20,23,27,22,17,16,5,9,12,22,24,0,18,thankyou
18.927056312561035,14,11,14,21,18,10,12,2,22,11,13,15,-5,11,thankyou
18.94225287437439,10,1,0,5,11,4,12,1,15,16,8,3,-11,-3,thankyou
18.94225287437439,2,0,-8,-2,3,8,20,0,0,3,0,-2,-17,-9,thankyou
18.958953142166138,-9,-11,-22,-15,-6,4,17,0,1,-13,-19,-9,-22,-8,thankyou
18.958953142166138,-11,-16,-10,-20,-13,-1,6,2,5,-10,-26,-7,-14,-3,thankyou
18.97414207458496,-3,-9,-3,-5,-10,-8,6,8,10,0,-14,3,0,1,thankyou
18.97414207458496,-9,-14,-2,-3,-9,-15,6,4,11,-2,-12,0,-7,-2,thankyou
18.990230083465576,-16,-19,-1,-12,-13,-12,-8,-6,-9,-12,-26,-11,-16,-7,thankyou
18.99060225486756,0,-7,-10,-1,-7,-6,-14,-11,-31,-12,-22,-7,0,0,thankyou
19.006305932998657,16,0,5,3,0,-4,-4,-3,-27,-11,-2,5,9,8,thankyou
19.006305932998657,8,1,9,0,3,-1,0,-2,-12,-4,8,5,5,3,thankyou
19.02221703529358,0,-1,-3,-3,-1,-3,-7,-4,-15,1,5,-6,4,0,thankyou
19.02221703529358,0,-5,0,-5,-2,-7,-13,3,-17,1,0,-8,8,0,thankyou
19.037760734558105,1,0,4,1,4,-1,-11,7,2,10,12,3,20,7,thankyou
19.037760734558105,10,17,11,13,7,8,-10,2,21,24,28,18,30,11,thankyou
19.05286169052124,1,16,0,10,5,6,-12,-2,10,12,16,3,14,0,thankyou
19.05286169052124,-19,0,-16,-1,0,-7,-20,-8,-10,-6,-5,-18,-6,-17,thankyou
19.0689389705658,-16,-1,-5,-5,0,-5,-14,-5,0,2,2,-10,1,-15,thankyou
19.0689389705658,-10,0,-7,0,3,7,1,2,15,10,9,-6,9,-15,thankyou
19.0850350856781,-26,-3,-16,-3,-4,-2,0,4,-1,-16,-24,-24,-15,-31,thankyou
19.0850350856781,-28,-5,-22,-16,-13,-13,-4,-1,-8,-25,-32,-18,-19,-24,thankyou
19.1005859375,0,0,-4,-6,2,3,16,0,17,8,11,17,13,11,thankyou
19.1005859375,15,13,25,17,19,18,33,8,24,27,25,28,20,29,thankyou
19.115808725357056,10,13,13,16,7,11,28,2,10,11,-2,3,0,13,thankyou
19.115808725357056,10,0,7,-2,-7,5,17,0,2,-1,-8,0,-1,12,thankyou
19.13394856452942,11,-4,12,0,-6,4,8,1,-8,-3,7,16,0,21,thankyou
19.13394856452942,8,-1,1,2,0,0,-2,0,-20,-13,-4,4,-15,5,thankyou
19.14700508117676,11,1,5,-2,5,5,-5,-2,-16,-24,-25,-8,-24,-5,thankyou
19.14700508117676,17,3,6,9,5,10,1,-1,-1,-2,0,0,-10,5,thankyou
19.16224193572998,13,0,7,10,-2,1,0,3,0,16,21,9,3,14,thankyou
19.16224193572998,5,-5,0,-4,-9,-11,-5,7,2,1,2,3,0,1,thankyou
19.17782926559448,0,-6,-5,-3,-6,-15,4,4,10,-10,-6,-2,-5,-6,thankyou
19.17782926559448,1,-2,12,3,0,0,16,3,13,4,10,5,3,1,thankyou
19.19311285018921,0,-2,2,-2,2,6,8,-1,8,15,9,1,11,4,thankyou
19.19311285018921,-6,-5,-14,-5,0,-4,-5,-7,0,0,-4,-7,0,-4,thankyou
19.20890545845032,-12,-7,-8,-3,2,0,-5,-2,3,1,10,0,5,2,thankyou
19.20890545845032,-5,-9,-9,-11,0,5,-4,-1,11,19,19,0,22,12,thankyou
19.225000381469727,2,-4,-3,-16,-7,-8,-17,0,8,12,-8,-9,10,0,sil
19.225000381469727,6,0,-3,-8,-3,-17,-24,-1,0,-7,-17,0,0,-10,sil
19.24102759361267,6,7,5,0,0,-18,-27,-5,-14,-19,3,11,4,-10,sil
19.24102759361267,5,16,13,3,-5,-17,-31,-8,-32,-27,8,4,-6,-16,sil
19.25648331642151,3,18,-2,5,0,-7,-19,-8,-35,-24,1,0,-19,-18,sil
19.25648331642151,-1,14,0,6,13,11,1,0,-21,-12,5,5,-8,-6,sil
19.272403717041016,-8,6,2,19,12,20,12,3,-4,1,7,-1,0,0,sil
19.272403717041016,-12,-2,2,27,10,18,18,6,13,20,0,-6,0,5,sil
19.28793978691101,-15,-6,2,12,5,21,26,6,20,33,-12,-8,-4,6,sil
19.28793978691101,-16,-12,-10,1,0,19,33,3,15,23,-16,-18,-7,-2,sil
19.30431222915649,-9,-12,-2,0,0,12,33,4,10,13,-9,-8,0,3,sil
19.30431222915649,-8,-9,-7,-4,-1,4,21,0,12,10,-13,-3,-2,11,sil
19.320118188858032,-13,-17,-25,-22,-12,-8,0,-9,6,-9,-39,-20,-16,-6,sil
19.320118188858032,-7,-21,-14,-30,-17,-20,-13,-3,1,-19,-35,-12,-6,-14,sil
19.33419966697693,1,-9,-9,-25,-18,-19,-12,0,6,-9,3,6,15,0,sil
19.35073184967041,2,1,-2,-22,-21,-15,-18,0,2,-18,14,8,10,1,sil
19.35073184967041,5,3,0,-21,-6,-10,-22,4,-4,-30,5,6,1,-7,sil
19.35073184967041,11,10,4,-19,2,-7,-19,5,-10,-18,10,11,0,-8,sil
19.365817070007324,17,29,24,3,0,-7,-12,2,-15,-2,20,19,0,0,sil
19.365817070007324,23,34,26,36,13,-5,-3,2,-10,7,26,20,13,13,sil
19.380655765533447,17,16,23,35,23,3,2,4,-7,10,27,11,19,18,sil
19.39653444290161,0,5,10,22,15,13,6,0,-6,7,18,3,6,7,sil
19.39653444290161,-2,5,3,29,12,4,8,0,-1,8,10,1,0,2,sil
19.41249966621399,1,0,10,19,9,2,8,5,4,8,4,-4,-2,1,sil
19.41249966621399,-1,-10,-5,1,4,16,12,0,7,11,0,-10,-10,0,sil
19.41249966621399,-4,-6,-9,11,3,24,13,-4,0,9,-10,-3,-17,1,sil
19.42749619483948,-5,-5,-6,14,0,11,4,-3,-2,3,-17,-4,-17,-2,sil
19.444597482681274,-9,-15,-16,-6,-7,-4,-1,-4,5,0,-13,-17,-11,-13,sil
19.444597482681274,-3,-11,-3,-19,-12,-5,1,-6,1,0,-3,-10,-7,-5,sil
19.444597482681274,7,0,3,-6,-12,-2,-2,-5,-1,0,2,3,1,12,sil
19.45895791053772,14,0,6,0,-6,0,-7,2,7,7,7,15,16,21,sil
19.474194049835205,16,0,5,0,5,2,0,2,10,12,12,23,20,17,sil
19.474194049835205,14,1,-4,-10,4,-5,1,-2,1,0,10,15,14,6,sil
19.48989176750183,1,-5,2,-14,-6,-5,0,5,6,-6,-4,2,11,0,sil
19.48989176750183,-14,-16,-5,-6,-3,8,14,9,16,5,-27,-16,6,-2,sil
19.505193948745728,-20,-20,-13,-14,-2,5,18,-1,7,-1,-37,-28,-8,-10,sil
19.505193948745728,-12,-16,-5,-23,-9,-5,3,-7,-5,-23,-22,-20,-14,-17,sil
19.520868062973022,-6,-4,-6,-13,-4,-5,-1,0,0,-9,-2,-4,-4,-6,sil
19.520868062973022,-3,8,-2,-7,0,-1,-2,7,18,8,2,5,6,3,sil
19.5364956855774,-1,10,-8,-8,-4,-5,-18,-1,11,1,4,1,9,-7,sil
19.5364956855774,-3,9,-6,-5,-3,-16,-34,-7,-17,-6,4,0,0,-16,sil
19.55222511291504,-3,11,2,-7,1,-18,-26,-1,-31,-1,8,16,-3,-4,sil
19.55222511291504,2,11,1,0,6,-7,-11,-2,-19,0,16,20,6,2,sil
19.567811489105225,2,11,8,10,6,4,-6,-1,-12,-7,9,2,6,-1,sil
19.567811489105225,-10,3,-5,0,5,1,0,1,-16,-13,0,-12,-12,-8,sil
19.58302354812622,-12,-5,-11,-10,1,-8,8,1,-16,-17,0,-12,-23,-10,sil
19.58302354812622,-2,2,12,3,-1,-2,2,-1,-2,-7,1,-3,-15,-9,sil
19.59910678863525,-2,11,8,10,-3,0,0,-2,9,1,0,-7,-9,-7,sil
19.59910678863525,0,2,5,7,0,-2,4,2,1,-5,-1,-8,-12,1,sil
19.614415407180783,15,5,12,28,8,4,9,4,0,-2,6,3,-2,13,sil
19.614415407180783,17,18,15,42,17,11,11,3,6,14,17,18,13,15,sil
19.63012909889221,7,14,15,30,18,14,13,8,8,17,20,21,18,18,sil
19.63012909889221,7,1,5,25,13,20,14,7,5,11,8,3,7,19,sil
19.64539623260498,8,0,7,22,5,20,11,0,0,7,-10,-3,-7,7,sil
19.64539623260498,0,-8,-4,4,-2,14,5,-3,-3,4,-14,-2,-9,-4,sil
19.661184072494507,-7,-28,-19,-10,-12,4,0,-4,-6,1,-13,-7,0,-7,sil
19.661184072494507,-5,-30,-7,-10,-19,0,3,-2,-4,0,-16,-8,3,-2,sil
19.67722797393799,0,-11,-8,-3,-14,-2,6,-2,7,6,-8,-2,7,0,sil
19.67722797393799,0,-1,-2,-4,-7,0,2,-2,16,18,0,0,10,4,sil
19.69213104248047,-1,-9,-3,-9,-4,4,1,-3,15,15,1,0,11,7,sil
19.69213104248047,0,-15,-9,-16,0,1,1,-2,17,4,3,2,11,8,sil
19.70825457572937,6,-3,7,-16,3,0,0,2,17,4,4,7,9,6,sil
19.70825457572937,8,2,3,-9,3,-6,0,1,18,8,2,6,7,2,sil
19.723927974700928,3,0,-6,-15,-5,-19,-7,0,12,-5,0,3,0,1,sil
19.723927974700928,0,1,-8,-31,-12,-22,-15,-1,5,-17,1,0,-3,-5,sil
19.73897099494934,3,5,-14,-28,-7,-23,-13,1,-2,-13,5,-2,-2,-13,sil
19.73897099494934,7,14,-1,-19,1,-20,-21,3,-14,-8,11,2,0,-7,sil
19.754733324050903,3,21,3,-11,8,-11,-24,-4,-16,-7,17,6,2,0,sil
19.754733324050903,0,15,7,-3,6,-1,-9,0,-12,-10,5,5,0,-1,sil
19.770113945007324,-1,9,8,1,6,7,5,11,-12,-11,-7,0,-5,0,sil
19.770113945007324,-7,6,1,0,13,12,4,1,-9,-3,-10,-12,-8,2,sil
19.78574824333191,-15,-4,1,-1,7,6,-1,-8,-11,-4,-20,-21,-18,-13,sil
19.78574824333191,-22,-15,-10,0,-9,-4,-4,-8,-25,-23,-25,-27,-30,-31,sil
19.801307916641235,-15,-11,-4,11,-14,-6,-4,-4,-28,-30,-15,-16,-26,-19,sil
19.801307916641235,0,-2,13,21,-2,6,5,2,-12,-8,-7,3,-9,-2,sil
19.816877841949463,-1,0,7,16,2,18,17,1,-3,12,-4,1,0,0,sil
19.816877841949463,-6,2,5,13,0,14,12,-2,-5,7,0,-4,0,4,sil
19.83201742172241,-1,5,-6,25,1,1,0,-4,1,4,4,0,3,0,sil
19.83201742172241,1,0,-9,24,1,-2,-2,2,9,14,8,1,8,-1,sil
19.84823036193848,0,0,6,12,-1,5,2,5,11,20,13,2,12,9,sil
19.84823036193848,0,1,1,11,1,8,7,1,14,22,15,6,13,14,sil
19.86279392242432,-2,-2,-2,8,9,8,5,4,12,17,10,6,5,4,sil
19.87792682647705,0,0,-1,7,10,8,8,2,14,11,6,6,6,2,sil
19.87792682647705,19,7,11,11,7,3,17,1,23,8,13,21,23,15,sil
19.87792682647705,27,6,22,1,5,5,19,6,31,8,19,30,22,20,sil
19.89365863800049,1,-6,-4,-9,2,1,8,4,20,0,1,2,0,5,sil
19.89465594291687,-4,-11,-5,-11,-2,-12,-8,-2,-4,-14,-17,-8,-9,0,sil
19.910160541534424,18,-1,3,-1,-9,-15,-10,-3,-8,-5,0,13,6,13,sil
19.910160541534424,20,4,-2,0,-8,-5,0,-2,1,10,18,17,19,19,sil
19.92620754241944,-5,0,-3,-9,-3,0,1,0,0,4,0,-1,8,4,sil
19.92620754241944,-15,-13,-15,-22,-5,-9,-12,-1,-5,-5,-16,-11,-3,-8,sil
19.94177556037903,-1,-8,-11,-22,-8,-15,-21,-8,-10,-7,-14,-5,-6,-9,sil
19.94177556037903,3,5,-1,-6,-2,-1,-13,-7,-17,-12,-12,-9,-13,-11,sil
19.957072019577023,0,7,0,3,0,12,-6,-2,-21,-16,-14,-13,-25,-19,sil
19.958076000213623,0,4,4,-6,-1,12,-2,1,-11,-3,-5,-4,-17,-15,sil
19.971770763397217,-3,0,-6,-15,0,1,7,1,3,8,6,-10,-4,-7,sil
19.98692297935486,-10,-2,-4,-11,-4,-9,8,7,12,0,1,-22,-6,-7,sil
19.98692297935486,0,2,2,-4,-3,-3,3,7,7,-8,-2,-8,-5,-4,sil
20.001569986343384,15,11,7,1,7,0,0,1,-1,-3,6,13,6,10,sil
20.001569986343384,8,7,11,2,10,-5,-8,-6,-2,0,9,12,8,9,sil
20.01718711853028,-12,-4,-6,0,4,-8,-14,-10,5,0,0,-6,2,-11,sil
20.01718711853028,-13,-4,-2,-1,1,-1,-3,1,5,-1,-3,-11,0,-14,sil
20.03277897834778,-4,3,10,0,1,0,3,7,0,-1,-3,1,1,4,sil
20.03277897834778,-8,-5,-1,-3,0,-7,-1,-6,-10,-8,-5,2,1,8,sil
20.04820919036865,-18,-17,-7,-11,-8,-7,-3,-8,-27,-15,-9,-4,-9,-1,sil
20.04820919036865,-10,-8,-10,0,-11,0,5,4,-18,-1,-6,-3,-7,0,sil
20.06377863883972,3,2,0,16,1,5,5,8,0,5,0,4,4,7,sil
20.06377863883972,0,-9,1,2,1,6,-6,-2,-4,-7,0,0,-2,0,sil
20.07911992073059,-10,-21,-11,-16,-15,0,-9,-6,-11,-14,-6,-11,-12,-14,sil
20.07911992073059,0,0,6,-1,-9,0,5,4,8,0,-1,3,1,-4,sil
20.100260496139526,13,16,10,18,10,9,15,4,27,18,15,18,18,15,sil
20.100260496139526,11,9,3,14,8,2,0,-2,14,16,14,15,14,11,sil
20.100260496139526,10,15,13,23,6,-1,-8,0,-2,-1,7,16,9,0,sil
20.109850883483887,27,27,18,40,22,11,6,7,6,10,21,25,15,12,sil
20.125731468200684,31,18,18,24,22,17,19,10,22,39,27,26,16,24,sil
20.125731468200684,3,0,-2,6,5,2,11,0,15,21,9,1,0,4,sil
20.140803337097168,-12,-3,-10,6,2,-1,2,-6,0,-9,-6,-19,-22,-14,sil
20.140803337097168,-5,1,0,1,9,8,3,-6,-7,-4,-13,-16,-20,-10,sil
20.1568386554718,-7,3,-11,-5,1,1,0,-3,-7,0,-14,-12,-5,-7,sil
20.1568386554718,-15,-1,-6,-6,-6,-1,-1,2,-6,-7,-13,-15,-1,-10,sil
20.1727352142334,-7,-6,-4,-5,0,14,13,2,0,2,-13,-14,0,-2,sil
20.1727352142334,3,-10,-6,-8,0,14,24,1,5,7,-10,-10,2,10,sil
20.187954425811768,0,-10,-2,-16,-9,-1,6,3,6,0,-2,-6,1,10,sil
20.187954425811768,-6,-9,-13,-18,-15,-6,-14,-2,1,0,-1,-7,2,1,sil
20.20313286781311,-3,-9,-6,-21,-14,-9,-21,-6,-7,0,-4,-5,1,0,sil
20.20313286781311,1,-11,0,-15,-12,-16,-15,0,-3,-3,5,-2,5,7,sil
20.21918034553528,3,-13,-2,-7,-9,-9,-4,3,11,0,15,5,15,9,sil
20.21918034553528,9,-5,-1,-4,-7,0,1,4,15,3,13,20,19,6,sil
20.234246492385864,15,0,-2,-3,-6,-10,-5,-2,0,-8,2,18,8,1,sil
20.234246492385864,7,-1,3,-6,-9,-21,-21,-7,-13,-29,-7,7,-9,-7,sil
20.250244855880737,-6,-7,-1,-16,-7,-18,-21,-6,-13,-28,0,3,-16,-20,sil
20.250244855880737,-14,-9,-3,-18,-4,-14,-13,-6,-16,-11,7,0,-14,-25,sil
20.265965700149536,-15,2,9,-6,0,-9,-11,-4,-25,-11,-12,-7,-21,-21,sil
20.265965700149536,-17,9,-3,0,7,-9,-14,-1,-25,-18,-25,-13,-28,-20,sil
20.28178262710572,-18,8,-1,-6,0,-11,-20,1,-18,-16,-8,-5,-20,-16,sil
20.28178262710572,-11,14,13,-4,-6,-1,-14,0,-4,-6,4,0,-2,-5,sil
20.296875715255737,-2,12,5,8,-3,7,1,-1,2,6,-3,-7,2,0,sil
20.296875715255737,-1,1,-1,3,-6,4,8,-1,-16,4,-13,-9,-6,-3,sil
20.312901735305783,-3,0,-7,0,-3,7,7,0,-15,-3,-2,-4,-5,-2,sil
20.312901735305783,0,10,2,11,12,15,6,9,10,0,3,-3,9,7,sil
20.328922986984253,6,13,11,27,19,15,8,11,19,8,-1,-6,11,14,sil
20.328922986984253,20,13,12,39,25,20,21,0,17,21,9,2,7,22,sil
20.344512224197388,39,22,26,46,34,33,41,3,31,41,31,31,25,40,sil
20.344512224197388,36,24,17,47,30,33,53,13,44,47,36,35,43,43,sil
20.36021852493286,33,26,18,54,36,32,62,14,45,39,28,28,44,38,sil
20.36021852493286,41,28,23,56,53,42,65,10,52,47,30,34,40,42,sil
20.375746965408325,15,-7,-9,12,25,18,33,1,35,37,18,13,19,18,sil
20.375746965408325,-32,-47,-32,-39,-26,-16,-13,-8,-6,0,-14,-27,-19,-21,sil
20.391154050827023,-35,-38,-35,-41,-32,-9,-22,-11,-18,-16,-29,-36,-27,-24,sil
20.391154050827023,-17,-24,-29,-40,-23,-10,-22,-10,-14,-14,-21,-16,-11,-10,sil
20.40718388557434,-30,-42,-29,-61,-40,-48,-48,-12,-37,-30,-21,-14,-13,-23,sil
20.40718388557434,-36,-48,-33,-61,-49,-58,-61,-17,-45,-46,-31,-27,-29,-38,sil
20.423033952713013,-10,-22,-6,-41,-37,-33,-48,-7,-22,-40,-27,-14,-27,-28,sil
20.423033952713013,1,-8,4,-31,-28,-28,-39,3,-9,-26,-4,2,-9,-17,sil
20.439133882522583,-4,-2,2,-28,-20,-29,-38,6,-19,-30,5,2,-2,-15,sil
20.439133882522583,0,20,13,-10,-2,-9,-22,0,-18,-33,1,5,-7,-10,sil
20.45521783828736,9,35,17,14,12,1,-3,-4,-10,-19,3,8,-11,-6,sil
20.45521783828736,5,26,19,16,6,0,-2,-2,-27,-20,6,3,-16,-12,sil
20.470874309539795,0,17,9,20,5,11,0,-1,-33,-11,6,0,-12,-10,sil
20.470874309539795,7,20,9,40,21,22,18,2,-9,19,5,1,0,4,sil
20.48696970939636,8,11,9,32,17,15,21,5,11,34,0,-5,6,12,sil
20.48696970939636,-9,-12,-13,-1,-6,6,9,1,21,30,-2,-13,10,9,sil
20.50216484069824,-17,-13,-7,-6,-6,11,10,5,30,25,-3,-6,3,8,sil
20.50216484069824,-12,0,0,8,6,14,19,9,37,15,-10,-5,-7,3,sil
20.51812744140625,-8,0,-3,3,0,8,16,4,32,11,-10,-6,-3,1,sil
20.51812744140625,8,6,15,7,3,7,18,2,15,17,7,14,16,12,sil
20.53407502174377,32,20,17,32,24,4,23,0,-1,6,23,31,27,21,sil
20.53407502174377,29,19,11,27,27,2,15,-3,-7,-5,18,26,21,24,sil
20.54913640022278,6,5,3,1,11,11,12,-1,-6,4,13,11,16,17,sil
20.54913640022278,0,-5,-4,-2,7,13,9,-2,-2,9,9,-1,12,3,sil
20.56491684913636,7,-1,0,8,17,6,1,-1,7,1,-2,-2,1,-1,sil
20.56491684913636,10,-1,-5,10,13,3,2,5,14,4,-5,-1,-2,-1,sil
20.580153465271,0,-12,-5,-10,-7,-6,-3,3,0,-3,-3,-6,-5,-5,sil
20.580153465271,-11,-15,-6,-26,-21,-15,-22,-7,-8,-24,-7,-12,-11,-10,sil
20.595780611038208,-5,-6,-6,-12,-16,-9,-17,-5,3,-18,-5,-4,-5,-7,sil
20.595780611038208,0,2,1,-6,-6,-3,-1,2,5,0,0,6,1,0,sil
20.61097550392151,-3,1,-5,-14,-3,-8,-8,-1,-4,0,-3,2,0,0,sil
20.61097550392151,1,-1,-3,-15,-8,-10,-13,-2,-9,-4,-5,3,-7,2,sil
20.62700581550598,10,0,-1,-3,-9,-2,4,5,2,8,7,12,4,9,sil
20.62700581550598,0,-2,-8,-4,1,1,15,5,11,16,15,1,14,9,sil
20.64273142814636,-14,-10,1,-11,0,2,4,-1,4,2,-4,-15,-4,-1,sil
20.65926671028137,-18,-16,-6,-11,-10,-6,-8,-4,-6,-6,-19,-18,-20,-16,sil
20.65926671028137,-19,-18,-11,-11,-15,-15,-18,-2,-19,-16,-12,-12,-11,-24,sil
20.65926671028137,-16,-13,-1,-10,-12,-3,-15,-2,-26,-29,-9,-15,-9,-21,sil
20.674839973449707,-8,-7,-6,-8,-5,4,-2,-6,-20,-18,-15,-18,-16,-14,sil
20.674839973449707,-1,1,2,1,4,0,-3,-1,-9,-2,-6,-1,-8,-7,sil
20.690083265304565,3,13,5,20,6,0,-6,3,0,0,11,11,9,1,sil
20.690083265304565,8,17,4,20,-3,1,-4,6,8,9,13,12,16,11,sil
20.706247568130493,5,11,7,6,-4,-2,-3,4,3,21,5,6,8,1,sil
20.706247568130493,0,4,4,13,8,-1,4,-1,-3,10,6,0,-2,-9,sil
20.72172498703003,11,17,16,26,15,4,13,0,0,4,17,9,0,5,sil
20.72172498703003,20,30,16,25,15,0,4,0,3,14,25,24,9,18,sil
21.1261248588562,0,1,3,-3,1,-4,-5,0,9,1,4,8,7,6,sil
21.1261248588562,-2,-3,-6,-7,-3,-2,9,2,30,12,8,2,14,8,sil
21.14222240447998,6,0,4,0,-1,7,18,5,39,27,22,6,17,16,sil
21.14222240447998,20,7,10,12,11,9,14,0,18,16,22,14,9,13,sil
21.157755613327023,21,2,3,4,9,-8,3,-3,2,0,11,13,13,7,sil
21.157755613327023,15,1,13,-6,-2,-9,-4,2,1,6,6,16,19,9,sil
21.17387580871582,16,9,11,9,0,0,-7,1,-7,17,11,21,16,9,sil
21.17387580871582,19,11,12,28,10,-1,-8,0,-18,9,14,25,12,8,sil
21.190115213394165,12,8,12,24,7,-5,-10,0,-14,-4,9,25,1,9,sil
21.190115213394165,3,1,1,16,-2,-5,-15,-4,-13,-16,-1,9,-15,-2,sil
21.205151796340942,-1,-2,5,5,-11,-3,-12,-6,-13,-24,-10,-4,-20,-15,sil
21.205151796340942,-3,-1,1,0,-7,0,4,-2,7,-10,-3,2,-7,-5,sil
21.22159218788147,0,0,2,0,-1,3,3,5,18,0,5,13,-2,4,sil
21.22159218788147,0,0,7,1,-2,1,-10,6,5,-2,4,5,-5,0,sil
21.23766183853149,-2,0,-1,0,1,1,-8,-1,-6,-9,-4,-8,-7,-6,sil
21.23766183853149,4,6,4,1,10,4,1,-1,-10,-14,-4,-5,-11,-7,sil
21.253258228302,0,8,-3,2,7,1,0,0,-20,-17,-2,-9,-16,-8,sil
21.253258228302,-19,-1,-12,-1,0,0,-3,-5,-36,-19,-22,-25,-23,-4,sil
21.26937174797058,-24,-8,-13,-1,0,14,8,-4,-33,-6,-31,-34,-19,-3,sil
21.26937174797058,-17,-6,-21,0,0,24,20,-2,-6,11,-13,-28,0,-7,sil
21.28505063056945,-15,-7,-13,-13,-10,8,15,-4,8,1,-11,-17,2,-6,sil
21.28505063056945,-18,-18,-13,-23,-9,-4,5,-6,10,-7,-23,-21,-5,-4,sil
21.300126314163208,-15,-15,-12,-15,0,-3,2,1,22,23,-11,-22,3,-1,sil
21.300126314163208,-1,-2,-5,-8,0,0,2,4,35,42,10,-6,20,6,sil
21.315717697143555,13,0,-4,-6,-5,-4,4,1,26,19,13,3,10,10,sil
21.315717697143555,15,0,8,-5,-1,-5,4,2,9,4,6,6,0,7,sil
21.3307843208313,0,2,5,-5,3,0,8,6,5,16,9,10,14,7,sil
21.3307843208313,-3,0,1,-8,0,0,12,7,6,13,11,12,20,6,sil
21.34688115119934,9,0,11,-9,-2,-3,0,3,3,-2,5,17,10,1,sil
21.34688115119934,13,-1,4,-4,0,-12,-15,1,3,-1,6,20,15,0,sil
21.36241817474365,6,-7,6,-6,-4,-15,-17,3,2,7,10,21,18,3,sil
21.36241817474365,11,0,3,-4,-3,-5,-12,1,7,0,14,21,10,9,sil
21.37803053855896,20,11,7,7,5,-5,-16,-4,7,-13,12,22,4,7,sil
21.37803053855896,15,19,23,20,9,-10,-17,-4,-2,-17,8,18,0,-4,sil
21.39395499229431,5,20,9,23,11,-3,-7,0,-9,-14,8,3,-7,-12,sil
21.39395499229431,3,17,7,17,10,2,0,8,-5,-10,10,3,-12,-6,sil
21.40896224975586,1,12,9,19,3,3,2,8,0,-6,14,3,-8,-1,sil
21.40896224975586,-4,9,1,22,2,7,4,-4,-12,-15,9,-12,-11,-8,sil
21.42430710792541,-17,0,0,12,3,13,8,-10,-31,-28,-8,-20,-23,-15,sil
21.42430710792541,-18,-11,-10,0,-1,10,10,-8,-19,-11,-18,-15,-21,-10,sil
21.43997550010681,-2,-4,-5,2,1,13,8,-1,-1,10,-10,-8,-7,2,sil
21.43997550010681,2,2,-4,10,10,16,7,-2,-12,0,-11,-7,-5,3,sil
21.45526695251465,-8,-11,-14,0,0,1,9,-4,-21,-11,-26,-15,-13,-8,sil
21.45526695251465,-15,-16,-7,-13,-13,-2,8,1,-6,0,-27,-13,-9,-8,sil
21.471186876297,-10,-7,-10,-9,-7,2,1,0,7,14,-13,-6,0,5,sil
21.471186876297,-2,-5,-4,-7,-6,-2,-4,-2,0,18,-3,-3,5,13,sil
21.486732959747314,4,-5,4,-12,-9,-10,-2,-1,-1,18,0,-1,8,10,sil
21.486732959747314,4,-9,-5,-16,-6,-9,-6,-1,12,11,-2,0,7,7,sil
21.502774238586422,1,-12,-5,-16,-9,-4,-12,0,14,3,-4,-1,3,7,sil
21.502774238586422,4,-6,-4,-8,-10,-4,-3,5,6,4,4,0,11,10,sil
21.518794298172,7,-6,-2,-7,-3,-2,4,6,5,0,4,1,19,11,sil
21.518794298172,7,-7,-3,-10,-3,3,2,3,12,0,0,7,16,7,sil
21.53412771224976,3,-1,-3,-2,-2,-1,1,2,16,9,13,12,11,2,sil
21.53412771224976,-4,6,8,3,4,-11,-2,2,8,7,17,9,2,-4,sil
21.55027651786804,-5,9,0,0,9,-6,-5,0,0,-3,9,0,-5,-15,sil
21.55027651786804,9,19,5,1,6,0,-1,2,0,-5,18,10,0,-15,sil
21.56578779220581,11,30,20,19,14,4,0,0,6,-2,27,20,7,-6,sil
21.56578779220581,-5,26,11,29,23,11,-1,-2,2,-2,11,4,-1,-4,sil
21.58120799064636,-9,9,9,15,11,11,0,3,-3,-4,-9,-8,-19,-8,sil
21.58120799064636,-9,-10,-11,-6,0,3,7,0,-7,-8,-19,-20,-25,-14,sil
21.59671711921692,-18,-17,-20,-13,4,5,12,-5,-9,-8,-21,-30,-19,-10,sil
21.59671711921692,-12,-5,1,6,7,18,16,-1,-3,1,-13,-16,-6,2,sil
21.612712621688843,5,-4,2,17,-1,14,13,-2,1,10,-5,5,0,8,sil
21.612712621688843,7,-16,-4,-7,-13,-1,1,-4,3,5,-7,11,5,12,sil
21.628231048583984,4,-20,-4,-26,-15,-12,-3,0,13,5,0,6,22,22,sil
21.629233360290527,15,-8,7,-20,-13,-16,-7,-3,10,4,11,15,28,19,sil
21.64335298538208,22,3,18,-10,-13,-15,-12,-9,-9,-8,12,29,18,7,sil
21.64335298538208,14,11,5,0,-9,-14,-14,-2,-13,-12,13,21,15,1,sil
21.658913135528564,9,17,11,-1,-6,-14,-22,1,-10,-16,7,5,3,-5,sil
21.658913135528564,4,11,3,-6,0,-12,-25,-1,-7,-17,0,-2,-11,-11,sil
21.67413187026977,1,1,-10,2,9,-6,-12,3,3,-1,5,-2,-8,-7,sil
21.690186738967896,0,9,2,20,8,5,-1,7,4,10,12,2,-6,-8,sil
21.69119071960449,-2,16,3,25,5,11,-1,-2,-14,-1,-2,-5,-14,-17,sil
21.70687890052796,-4,8,1,20,10,7,3,0,-21,-10,-13,-12,-14,-9,sil
21.70687890052796,-7,-3,-7,15,13,6,18,8,-4,4,0,-11,-8,2,sil
21.70687890052796,-17,-6,-17,8,4,7,23,4,2,10,-5,-16,-12,-1,sil
21.72260880470276,-23,0,-2,7,0,11,15,0,-6,2,-21,-19,-15,0,sil
21.72260880470276,-18,-3,-4,12,3,10,13,-1,-5,7,-15,-15,-7,9,sil
21.737315893173218,-20,-23,-11,-1,-3,3,16,1,4,17,-15,-17,-4,4,sil
21.75184631347656,-21,-31,-16,-26,-11,4,15,4,16,19,-22,-23,-2,-4,sil
21.75184631347656,-2,-13,-14,-21,-3,8,9,5,29,18,-5,-6,11,6,sil
21.76701831817627,18,2,7,-1,0,2,1,3,29,10,17,23,22,19,sil
21.76701831817627,13,-4,1,-8,-9,-9,-5,-5,9,-7,9,16,9,7,sil
21.7827365398407,0,-10,-4,-27,-16,-5,-4,-2,-6,-25,-5,-1,-3,-2,sil
21.7827365398407,9,3,5,-16,-3,5,3,2,3,-9,5,5,5,2,sil
21.797847509384155,19,13,6,7,5,0,0,-5,8,7,18,13,11,2,sil
21.797847509384155,8,12,10,5,0,-9,-13,-9,-17,-9,5,10,0,-6,sil
21.81298518180847,4,8,6,0,1,-3,-10,-3,-20,-12,7,14,5,-4,sil
21.81298518180847,11,5,8,1,4,-1,-7,0,-3,5,18,16,14,2,sil
21.829091787338257,0,0,3,-4,0,-7,-19,-1,-9,-2,7,3,0,-2,sil
21.829091787338257,-11,-5,-9,-12,-2,-10,-25,-2,-12,-16,-2,-5,-9,-11,sil
21.84513783454895,-2,-3,2,-5,0,-11,-17,-1,2,-7,0,3,-1,-3,sil
21.84513783454895,5,5,7,5,-1,-8,-7,0,9,2,3,6,4,7,sil
21.861302375793457,8,15,14,6,0,-1,0,4,7,5,5,3,2,5,sil
21.861302375793457,12,15,16,2,5,1,5,5,6,1,7,5,0,0,sil
21.877363681793213,3,-1,-7,-5,2,-8,1,-6,-2,-6,-3,-1,-8,-6,sil
21.877363681793213,-6,-10,-7,-10,-8,-8,-4,-6,-14,-6,-17,-10,-14,-9,sil
21.892497539520264,0,0,0,6,0,6,0,0,-5,4,-9,-6,-1,-2,sil
21.892497539520264,2,6,0,17,12,13,6,3,2,2,-1,0,4,6,sil
21.908084630966187,-7,0,0,8,7,13,1,2,-7,-5,-6,-6,-6,0,sil
21.908084630966187,-4,-1,-2,11,4,14,6,9,-5,0,-3,-8,-6,0,sil
21.924055337905884,10,5,10,20,9,17,26,12,13,14,11,7,9,18,sil
21.924055337905884,10,6,3,19,8,14,33,0,23,25,22,11,15,25,sil
21.93916344642639,-5,0,-7,12,0,8,21,-3,8,15,9,0,2,4,sil
21.93916344642639,-13,-4,-4,2,-2,6,13,0,-3,0,-11,-4,-13,-10,sil
21.95497918128968,-10,-7,-16,1,1,0,12,0,2,4,-12,-11,-11,-9,sil
21.95497918128968,-9,-10,-9,-4,4,-11,3,0,1,12,-5,-12,0,-7,sil
21.97124528884888,-16,-7,-6,-13,0,-13,-8,-3,-6,-4,-8,-13,-2,-10,sil
21.97124528884888,-19,-5,-15,-13,-6,-2,-13,-7,-6,-19,-15,-24,-8,-11,sil
21.98718309402465,-15,-7,-6,-8,-5,-2,-17,-1,-2,-11,-14,-18,0,-10,sil
21.98718309402465,-14,-14,-8,-19,-10,-13,-23,-3,-10,-8,-14,-8,1,-12,sil
22.002190589904785,-13,-12,-6,-31,-20,-10,-24,-8,-14,-15,-14,-7,-9,-11,sil
22.002190589904785,0,-3,1,-17,-11,-1,-14,1,0,0,-2,-1,0,-2,sil
22.017797231674194,17,4,9,4,2,0,-5,12,11,13,16,17,19,12,sil
22.017797231674194,20,12,14,5,0,0,0,8,3,1,18,25,11,15,sil
22.033731937408447,9,5,2,-6,-4,0,9,0,7,-6,6,19,0,2,sil
22.033731937408447,9,0,7,-9,0,-3,8,0,12,0,4,19,3,0,sil
22.04942226409912,19,9,7,2,0,-2,-1,-1,0,-4,10,15,3,4,sil
22.04942226409912,20,12,2,13,0,-5,-3,-8,-7,-8,7,7,-4,0,sil
22.06489062309265,19,11,17,16,4,-4,0,-4,-4,-4,5,10,-5,4,sil
22.06489062309265,21,16,8,20,4,0,0,1,-4,2,12,8,4,16,sil
22.08105754852295,15,12,7,21,-2,0,0,5,-2,11,19,7,11,14,sil
22.08105754852295,0,1,12,16,4,8,7,1,2,12,18,8,7,3,sil
22.10240578651428,-9,-1,-4,8,12,10,8,-4,-4,-2,1,-8,-8,-4,sil
22.10240578651428,-16,-3,-5,0,0,-1,1,0,-14,-14,-18,-17,-18,-7,sil
22.10240578651428,-18,-9,-3,-1,-6,-2,2,3,-1,0,-11,-8,-9,-1,sil
22.1124107837677,-14,-9,-2,-6,0,2,4,1,8,7,-1,1,3,3,sil
22.12819647789001,-12,-7,-5,-13,2,1,-1,-1,3,1,-4,0,8,0,sil
22.12819647789001,-10,-11,-10,-13,0,2,-6,-1,0,0,-2,-5,3,-7,sil
22.14395785331726,2,-3,3,-2,8,14,3,3,7,7,-2,-1,0,0,sil
22.14395785331726,13,4,1,5,21,18,17,2,16,17,0,0,11,10,sil
22.1590793132782,4,-1,-6,-4,11,6,12,0,13,16,0,-5,16,6,sil
22.1590793132782,-12,-7,-11,-17,-7,0,1,0,3,6,-8,-11,2,-8,sil
22.174230098724365,-16,-9,-18,-15,-10,-4,0,-2,-3,-3,-20,-16,-11,-10,sil
22.174230098724365,-3,-10,-2,-12,-5,-5,0,0,-9,-9,-25,-14,-17,-2,sil
22.18985271453857,6,-4,0,-9,-3,2,0,3,-2,-2,-16,-10,-11,-2,sil
22.18985271453857,2,-1,-5,-2,0,1,-2,1,6,6,0,-6,0,-6,sil
22.20511674880981,-1,0,-2,0,0,-10,-11,-1,0,0,6,-4,0,-6,sil
22.20511674880981,3,5,-1,4,-6,-13,-12,0,-10,-10,0,-4,0,0,sil
22.220877647399902,10,15,14,8,-6,-4,-4,-1,-13,-19,-2,3,-3,4,sil
22.220877647399902,0,6,2,0,-4,-2,0,-7,-12,-22,0,3,-12,-9,sil
22.23693299293518,-9,-3,-13,-10,-7,-3,-4,-4,-12,-14,4,-2,-13,-22,sil
22.23693299293518,-5,9,12,7,-2,0,-5,6,-6,1,20,10,4,-1,sil
22.252161026000977,0,21,20,33,1,-7,-8,3,4,9,27,25,13,11,sil
22.252161026000977,0,12,14,23,-2,-13,-13,-6,4,0,14,21,3,2,sil
22.267736196517944,0,2,5,10,-2,0,0,-3,-1,-3,9,9,3,0,sil
22.267736196517944,-2,-2,-2,9,4,12,14,1,-2,7,8,6,8,5,sil
22.28318738937378,-7,-1,2,1,4,9,8,0,1,5,-2,11,2,8,sil
22.28318738937378,-2,-3,-4,-1,2,3,6,1,11,-1,-10,5,0,5,sil
22.299413204193115,0,-10,-5,0,4,6,15,10,15,10,-9,-4,5,3,sil
22.299413204193115,-2,-11,-4,-5,8,5,5,5,8,21,-2,-7,8,4,sil
22.31488585472107,3,-3,0,-2,8,-7,-12,-3,2,3,4,-1,5,2,sil
22.31488585472107,7,0,2,-2,0,-7,-10,1,5,-11,0,1,0,0,sil
22.331015825271606,-1,-9,-14,-11,-6,0,3,0,9,-2,-12,-12,-6,0,sil
22.331015825271606,-4,-7,-5,-10,-3,0,5,0,4,0,-10,-15,-12,1,sil
22.3464412689209,7,3,2,-1,-1,0,0,-1,5,-5,5,4,-4,1,sil
22.3464412689209,19,7,1,2,0,-2,-1,-6,17,6,15,13,9,10,sil
22.36151576042176,20,12,13,6,6,4,-2,-1,8,17,11,6,9,19,sil
22.37708020210266,10,11,1,4,7,10,0,2,-16,9,0,0,0,10,sil
22.37708020210266,2,2,-5,-5,1,3,1,0,-35,-8,-5,-2,0,-1,sil
22.37708020210266,5,2,9,-2,1,0,4,-1,-26,-1,4,1,5,-3,sil
22.39295768737793,6,6,8,3,0,3,8,0,-6,15,9,0,2,-1,sil
22.39295768737793,-1,-3,-1,-7,-5,3,9,1,1,1,-3,-6,-6,-3,sil
22.40907382965088,-7,-15,-11,-12,-2,4,8,0,-1,-20,-8,-10,-3,-9,sil
22.4247624874115,0,-7,3,-7,3,5,0,-3,-9,-11,-11,-5,1,-11,sil
22.4247624874115,0,0,8,-8,-2,-1,-1,-4,-8,0,-15,-1,-5,-8,sil
22.4247624874115,-8,-9,-13,-14,-7,-14,1,-4,-2,-9,-7,-3,-10,-9,sil
22.43986463546753,-6,-11,-5,-10,-1,-12,-6,0,-5,-14,-7,-7,-11,-16,sil
22.43986463546753,-4,0,-5,2,0,-1,-18,-1,-8,-9,-17,-15,-18,-22,sil
22.455856800079346,-10,0,-12,7,-7,-1,-18,-1,0,-9,-13,-15,-12,-18,sil
22.455856800079346,-5,0,-1,4,-3,-4,-9,5,23,-3,2,-3,3,-5,sil
22.47125244140625,4,2,0,7,0,-1,0,6,32,14,6,-1,6,7,sil
22.48675799369812,-1,5,3,10,2,10,6,4,16,13,0,-1,1,13,sil
22.48675799369812,-12,3,0,20,8,10,9,2,10,7,8,7,7,11,sil
22.48675799369812,-11,2,0,25,6,-5,11,2,13,15,16,18,13,14,sil
22.50188684463501,-5,3,9,5,-5,-10,3,4,2,12,5,17,9,17,sil
22.51797127723694,-8,-2,0,-15,-7,-1,-3,3,-3,0,0,4,7,9,sil
22.51797127723694,-17,-11,-2,-18,-7,1,-4,-1,-6,-3,8,0,4,0,sil
22.53346872329712,-19,-4,1,-1,-7,-4,-6,-9,-12,-4,9,0,-1,0,sil
22.53346872329712,-11,5,5,2,1,-6,-8,-6,-9,-5,2,4,-5,2,sil
22.53346872329712,0,14,7,3,11,5,2,2,4,6,8,16,1,7,sil
22.54981374740601,11,19,3,18,17,14,15,1,6,17,23,17,13,15,sil
22.54981374740601,10,17,16,20,14,8,7,-4,0,4,17,10,13,15,sil
22.564308643341064,-7,-1,5,-3,-2,1,-3,-3,2,-4,-5,-4,0,0,sil
22.564308643341064,-23,-20,-16,-22,-17,0,-5,-1,-2,-1,-22,-18,-16,-21,sil
22.579747438430783,-20,-17,-9,-15,-9,0,-6,-1,-23,-6,-25,-17,-23,-28,sil
22.595182180404663,-7,-6,-8,-6,1,0,-3,-1,-29,-18,-19,-14,-16,-17,sil
22.595182180404663,11,0,0,-4,2,0,5,3,-7,-9,0,-3,0,1,sil
22.61113786697388,32,5,6,1,0,0,13,6,18,13,22,18,19,9,sil
22.61113786697388,35,3,1,0,0,-10,5,2,16,7,13,11,16,4,sil
23.07733416557312,10,3,2,-10,-5,0,8,2,3,0,4,13,0,0,sil
23.07733416557312,6,8,9,1,0,0,5,6,-2,-2,18,11,0,5,sil
23.09277367591858,-2,10,2,10,7,0,0,0,-5,-5,16,1,-8,4,sil
23.09277367591858,-10,8,-6,6,0,4,-7,-3,-7,-7,5,-1,-12,-9,sil
23.108845710754395,-14,2,-18,6,-8,0,-10,-2,-9,-9,-3,-13,-6,-22,sil
23.108845710754395,-12,1,-4,9,0,-2,-8,-2,-8,-14,-9,-18,-3,-17,sil
23.1250548362732,-1,10,8,17,14,11,-1,0,6,7,1,-4,6,1,sil
23.1250548362732,4,11,6,15,8,17,8,6,20,21,7,2,13,13,sil
23.140145540237427,-6,0,4,5,-1,7,10,7,15,3,-7,-8,1,0,sil
23.157118320465088,-13,0,-5,9,7,9,7,3,5,4,-10,-14,0,-8,sil
23.157118320465088,6,8,11,19,17,21,15,5,9,26,6,9,14,11,sil
23.157118320465088,18,5,14,16,13,20,27,0,8,19,14,21,14,23,sil
23.171515226364136,-1,-8,-12,-1,3,5,18,-8,-12,-8,-4,-2,-9,0,sil
23.171515226364136,-20,-15,-16,-21,-6,-1,6,-2,-21,-11,-26,-25,-25,-14,sil
23.188064098358154,-17,-23,-12,-23,-12,-4,12,3,-7,2,-29,-25,-18,-4,sil
23.202609300613403,-13,-21,-3,-12,-10,-10,8,1,-4,0,-24,-16,-11,0,sil
23.202609300613403,-13,-15,-10,-11,-7,-10,-5,0,0,0,-12,-7,-7,-4,sil
23.21820306777954,-6,-15,-13,-18,-5,-6,-8,0,14,9,-5,0,0,0,sil
23.21820306777954,5,-8,6,-14,-6,-4,-8,0,20,13,-9,2,2,7,sil
23.21820306777954,5,-3,0,-7,-9,-6,-15,-6,20,4,-7,-6,0,-2,sil
23.233872175216675,-2,-11,-8,-17,-17,-13,-17,-11,8,-16,-2,-4,-12,-13,sil
23.249903678894043,2,-4,-2,-19,-16,-13,-14,-5,-5,-18,-1,11,-6,-6,sil
23.249903678894043,20,13,3,5,0,-5,-9,1,-9,-6,9,14,16,2,sil
23.268043756484985,25,18,16,18,7,-1,-3,-1,-4,-10,22,15,20,5,sil
23.268043756484985,15,10,8,1,1,-4,-4,-6,-5,-12,21,20,11,8,sil
23.268043756484985,3,7,3,-12,-2,-8,-17,0,-18,-3,12,13,9,5,sil
23.28225302696228,0,9,4,2,3,-12,-17,5,-23,-3,16,1,3,-3,sil
23.28225302696228,0,6,-3,13,10,-11,-1,1,-8,-5,23,2,-4,-4,sil
23.29682207107544,-2,5,9,1,6,0,-1,3,-3,-6,13,10,-2,-2,sil
23.312772035598755,0,10,13,1,6,8,-2,10,-5,-5,6,9,4,-1,sil
23.312772035598755,2,5,9,9,11,11,10,13,5,3,7,7,2,0,sil
23.32823157310486,-10,0,0,2,3,9,11,5,8,7,2,-1,-2,-6,sil
23.32823157310486,-15,9,-10,6,0,7,0,-3,0,-1,0,-11,0,-11,sil
23.344624757766724,6,23,8,32,13,19,5,0,1,1,1,-3,9,5,sil
23.344624757766724,7,7,6,42,14,26,19,0,4,13,2,0,8,14,sil
23.35892367362976,-11,-10,-6,23,1,16,17,-6,3,10,-2,-11,0,2,sil
23.35892367362976,-13,-8,-5,3,-1,12,11,-5,3,1,-13,-18,-2,1,sil
23.37479329109192,-7,-7,-10,-1,-6,10,11,0,2,3,-27,-16,-6,4,sil
23.37479329109192,-6,-9,-7,-8,-16,0,3,-1,-2,4,-31,-8,-14,1,sil
23.390135049819943,-4,-14,-15,-19,-17,-8,-3,-5,0,5,-22,-8,-12,5,sil
23.390135049819943,0,-20,-16,-25,-9,-5,6,1,10,16,-10,-10,-4,11,sil
23.4051513671875,0,-10,2,-21,0,-5,16,8,13,20,-9,-2,-4,2,sil
23.4051513671875,-4,-2,-6,-18,0,-15,1,0,3,5,-12,-5,-12,-9,sil
23.42082452774048,-2,-10,-6,-24,-14,-22,-19,-4,0,-11,-3,-3,-16,-8,sil
23.42082452774048,11,-8,1,-23,-9,-19,-18,0,14,-10,17,16,-3,1,sil
23.43622088432312,21,4,9,-17,0,-16,-18,2,11,-5,22,26,9,3,sil
23.43622088432312,18,16,21,-6,1,-12,-27,-1,-15,-16,18,19,3,-6,sil
23.45177412033081,7,20,13,15,11,0,-14,-3,-22,-18,20,9,-7,-12,sil
23.45177412033081,-3,12,9,26,19,13,5,0,-9,-1,11,3,-1,-5,sil
23.46852397918701,-5,0,-1,19,12,21,15,-1,0,8,1,-4,13,-2,sil
23.46852397918701,0,-4,-9,12,3,17,16,-5,0,8,0,-7,21,-3,sil
23.48380732536316,-3,-10,1,4,0,6,11,0,3,10,-8,-8,23,2,sil
23.48380732536316,-6,-11,-3,-7,-3,-4,1,0,7,5,-11,-12,23,1,sil
23.49887657165528,2,2,0,-9,-4,-6,-3,0,3,-9,3,3,11,-1,sil
23.49887657165528,12,13,2,0,-4,-4,-6,-1,-7,-16,13,20,0,3,sil
23.514752864837646,13,9,2,8,-2,-8,-12,0,-7,-16,7,16,-1,6,sil
23.514752864837646,11,14,18,15,2,-7,-17,6,-2,-16,7,10,-7,1,sil
23.52981424331665,1,14,5,16,2,2,-13,5,-6,-7,4,-4,-15,-6,sil
23.52981424331665,-16,0,-5,11,1,9,3,-2,-17,-1,-12,-26,-26,-15,sil
23.545153856277462,-22,-1,-9,14,14,16,25,-1,-15,3,-20,-21,-23,-9,sil
23.545153856277462,-19,0,-21,16,18,15,28,3,-5,9,-17,-12,-6,3,sil
23.56092000007629,-23,-11,-13,-2,-2,3,13,9,4,10,-24,-21,-6,4,sil
23.56092000007629,-22,-22,-13,-18,-15,-1,6,8,20,20,-22,-22,-11,5,sil
23.57639241218567,-8,-19,-9,-27,-13,1,7,1,24,21,-5,0,0,17,sil
23.57639241218567,-1,-14,-2,-28,-10,-1,8,-2,19,15,7,17,17,17,sil
23.59207034111023,0,-10,-5,-19,-6,-12,-1,-2,13,11,10,14,19,6,sil
23.59207034111023,10,-3,4,-15,-13,-17,-18,-1,3,1,9,16,11,2,sil
23.60758876800537,26,5,14,-9,-14,-14,-13,0,2,-1,22,23,17,6,sil
23.60758876800537,35,17,25,7,5,-6,-5,0,8,2,37,31,23,10,sil
23.6230697631836,27,15,21,6,8,0,-15,-1,-4,-8,25,23,10,2,sil
23.6230697631836,14,4,0,-6,-6,-1,-17,-5,-21,-22,0,0,-2,-11,sil
23.638213872909542,6,11,9,10,-1,-1,-11,-3,-22,-22,0,-5,-5,-9,sil
23.638213872909542,-2,15,6,29,6,0,-15,-5,-22,-20,7,-3,-9,-12,sil
23.65418028831482,-11,5,-2,11,2,5,-12,-3,-18,-11,0,-12,-15,-19,sil
23.65418028831482,-6,7,1,9,7,14,2,2,1,2,-11,-17,-11,-9,sil
23.669894218444824,-6,5,-2,25,10,12,10,4,9,4,-11,-19,-13,-3,sil
23.669894218444824,-15,-11,-5,9,3,2,4,0,0,-7,-19,-21,-23,-13,sil
23.685789108276367,-18,-16,-17,-9,6,4,6,-5,1,-3,-26,-20,-19,-14,sil
23.685789108276367,-14,-11,-18,-13,12,16,18,-2,9,14,-21,-16,-10,-8,sil
23.701125383377075,-5,-10,0,-9,7,15,23,3,5,19,-15,-3,-4,0,sil
23.701125383377075,8,-5,-1,4,3,2,17,0,7,7,-7,14,12,15,sil
23.71719002723694,13,1,3,3,1,0,9,0,17,6,8,24,29,27,sil
23.71719002723694,6,0,0,-8,1,6,9,3,28,29,20,14,32,25,sil
23.73331952095032,9,-3,-3,-13,-1,-3,3,4,22,28,14,7,24,17,sil
23.73331952095032,12,-2,7,-16,-8,-28,-7,6,5,1,8,16,19,9,sil
23.748120546340942,0,-1,-3,-20,-9,-31,-8,2,-8,-11,16,11,10,0,sil
23.748120546340942,-13,3,-4,-12,-6,-13,-4,-3,-23,-23,16,0,-10,-15,sil
23.7630615234375,-13,5,0,0,-9,-7,-5,-2,-32,-31,-1,-11,-27,-28,sil
23.7630615234375,-13,3,-2,3,-14,-7,-5,0,-25,-20,-16,-22,-27,-23,sil
23.77896499633789,-7,9,8,7,-5,7,1,2,-13,-7,-8,-8,-17,-2,sil
23.77896499633789,6,11,12,25,13,20,8,-1,0,0,6,11,-1,7,sil
23.794413566589355,10,5,16,29,15,16,7,4,10,12,7,6,2,9,sil
23.794413566589355,1,1,4,16,1,9,3,5,15,21,0,-5,0,12,sil
23.8114333152771,1,-1,-9,9,-1,8,-1,-5,12,21,0,-2,11,15,sil
23.8114333152771,9,-5,0,1,0,4,-11,-6,5,9,0,1,22,14,sil
23.825974941253666,6,-9,-4,-11,-6,-6,-17,0,8,0,-1,-2,15,7,sil
23.84255170822144,1,-13,-4,-19,-13,-11,-13,0,13,-7,-7,-1,3,-1,sil
23.84255170822144,3,-14,-1,-29,-11,-12,-11,-4,0,-17,-8,2,-4,-6,sil
23.84255170822144,-3,-10,-7,-31,-6,-22,-21,-2,-22,-28,-4,0,-9,-13,sil
23.859110832214355,-8,3,3,-13,0,-18,-23,0,-28,-24,0,4,-10,-19,sil
23.859110832214355,0,16,0,11,11,0,-3,-4,-19,-15,0,8,-13,-15,sil
23.87254810333252,-1,11,-5,16,14,4,4,-1,-15,-21,-7,-1,-23,-15,sil
23.888099431991577,-19,0,-3,12,8,10,8,6,-3,-5,-8,-16,-16,-19,sil
23.888099431991577,-13,-4,-5,11,3,18,23,1,11,31,0,-17,0,-2,sil
23.90614438056945,7,0,4,14,1,17,27,-2,14,35,0,0,4,21,sil
23.90614438056945,7,1,1,18,1,12,17,1,19,19,2,10,7,20,sil
23.90614438056945,4,0,0,4,-2,7,7,5,24,16,6,10,13,11,sil
23.91996121406555,11,7,2,-9,-2,0,0,1,10,10,7,11,13,7,sil
23.935101747512817,13,14,6,0,8,-3,-5,-3,2,2,19,13,16,2,sil
23.935101747512817,14,16,23,7,16,0,-4,2,11,4,34,17,18,2,sil
23.951744318008423,4,9,8,-1,10,0,-4,1,3,-1,18,5,2,-1,sil
23.951744318008423,-15,-7,-11,-4,0,1,-4,-4,-20,-15,-15,-20,-18,-10,sil
23.951744318008423,-16,-15,-6,4,-2,14,10,1,-16,0,-19,-25,-12,-2,sil
23.966087579727173,-6,-16,-12,1,-5,17,28,5,9,30,-3,-13,8,8,sil
23.981274604797363,-13,-22,-8,-13,-16,0,21,0,8,18,-15,-11,1,2,sil
23.981274604797363,-18,-24,-11,-16,-22,-12,5,-4,-5,-20,-38,-21,-19,-2,sil
23.996915817260746,-2,-8,-7,-14,-13,-14,0,0,-5,-25,-30,-8,-14,8,sil
23.996915817260746,10,8,9,-12,-3,-13,-3,0,0,-7,0,23,10,16,sil
24.01250982284546,5,3,0,-3,-10,-21,-14,-6,-3,-9,13,23,16,3,sil
24.01250982284546,1,-3,-1,-4,-14,-24,-28,-2,-10,-21,0,5,0,-10,sil
24.028305530548096,10,4,4,-6,2,-9,-26,3,0,-8,4,6,0,-9,sil
24.028305530548096,22,18,10,8,15,3,-16,2,16,4,28,19,13,7,sil
24.0439715385437,15,21,14,18,7,0,-15,2,10,1,34,22,18,12,sil
24.0439715385437,0,9,-3,2,0,0,-9,1,-11,-3,15,6,6,-9,sil
24.05911660194397,5,7,0,-8,12,4,5,0,-2,1,7,0,-5,-19,sil
24.05911660194397,11,15,9,7,20,3,6,1,18,10,17,-1,-1,-5,sil
24.074946641922,-10,0,0,11,8,-2,-2,0,-1,-1,6,-12,-1,-7,sil
24.074946641922,-23,-11,-1,-4,2,2,2,0,-26,-14,-13,-14,-15,-19,sil
24.09022617340088,-7,-3,-3,2,8,13,13,0,-14,-3,-10,-10,-14,-9,sil
24.09063005447388,-11,-2,0,9,0,11,5,-4,-7,1,-14,-14,-13,1,sil
24.111762762069706,-24,-16,-3,-3,-10,4,-1,-8,-16,-6,-22,-15,-20,-1,sil
24.111762762069706,-6,-10,-4,2,-2,4,7,-2,-8,-1,-13,-5,-17,0,sil
24.111762762069706,5,4,5,17,0,9,9,2,0,3,-17,-3,-15,0,sil
24.120802879333496,-8,-5,-14,6,-6,4,0,0,2,8,-25,-11,-16,-6,sil
24.13608813285828,-2,-14,-11,-11,-5,1,0,1,6,15,-5,0,-1,2,sil
24.13608813285828,23,4,12,-2,6,9,13,4,9,16,11,11,12,22,sil
24.151732444763184,21,18,6,15,5,6,12,2,15,10,1,-1,5,18,sil
24.151732444763184,3,7,-3,11,-8,0,2,1,25,11,-5,-6,4,9,sil
24.167340755462646,2,-4,-6,-1,-7,3,11,2,26,13,3,4,21,16,sil
24.167340755462646,6,-3,3,-5,0,0,8,3,9,8,12,12,23,17,sil
24.18313479423523,1,0,2,-1,-1,-7,-6,1,-2,3,11,11,14,7,sil
24.18313479423523,-5,-7,-11,-7,-4,-4,-2,-2,-1,1,4,6,14,0,sil
24.19818019866944,-11,-12,-4,-16,-7,-4,5,0,-4,-2,2,5,13,-3,sil
24.19818019866944,-10,-10,-7,-14,-5,-13,0,0,-12,-7,9,-1,10,-8,sil
24.213749170303345,0,-4,-7,-8,4,-11,0,-2,-5,0,9,-1,6,-5,sil
24.213749170303345,4,2,8,-8,8,0,2,1,5,6,4,10,6,3,sil
24.229236125946045,0,4,9,-6,-3,-3,-14,-1,1,-6,6,13,6,1,sil
24.229236125946045,0,3,8,1,-8,-11,-32,-6,-16,-30,6,6,0,-8,sil
24.245115041732788,10,4,6,0,0,-10,-28,-6,-13,-29,6,7,0,-6,sil
24.245115041732788,18,6,12,-7,4,-6,-8,2,4,-11,7,14,5,0,sil
24.261064767837524,11,10,10,-3,-2,-1,-1,7,8,-5,0,9,-1,-7,sil
24.261064767837524,-1,9,-4,9,0,-1,-7,2,4,-3,-6,-11,-13,-12,sil
24.276793003082275,-2,10,7,3,5,-1,-9,0,-1,-8,-4,-15,-21,-4,sil
24.276793003082275,0,9,1,-2,3,0,-3,-4,-13,-17,-6,-9,-26,-12,sil
24.29178094863892,-6,2,-12,3,5,5,2,-2,-14,-6,-9,-12,-23,-18,sil
24.29178094863892,-12,-1,-3,15,8,18,17,4,0,17,-3,-13,-18,-2,sil
24.30780243873596,-11,-12,-9,15,0,16,25,0,-1,14,-3,-11,-17,0,sil
24.30780243873596,-13,-14,-9,4,-5,1,7,-7,-17,-5,-17,-14,-15,-11,sil
24.322943925857544,-13,0,-3,8,1,3,-3,-2,-11,-1,-16,-16,-7,-10,sil
24.33810138702393,-3,5,0,10,2,8,0,0,1,8,0,-2,0,4,sil
24.33810138702393,9,-1,7,0,0,1,1,0,1,10,8,20,9,17,sil
24.354793787002563,15,2,3,2,5,0,8,4,7,16,10,17,16,19,sil
24.354793787002563,7,0,2,-1,3,7,11,6,15,18,2,0,13,12,sil
24.354793787002563,-12,-12,-7,-19,-6,5,0,3,9,14,0,-8,8,2,sil
24.3689706325531,-8,-8,-10,-9,-3,0,0,1,4,13,3,-6,9,1,sil
24.3689706325531,11,4,11,11,6,-1,14,5,17,10,6,8,15,10,sil
24.3857364654541,9,0,2,5,7,-5,15,2,29,6,10,14,21,17,sil
24.40083742141724,4,-3,0,-6,2,-8,6,1,14,0,8,7,15,16,sil
24.40083742141724,7,0,5,-4,-2,-4,1,0,0,-6,-8,-1,0,0,sil
24.41687846183777,-6,0,-5,-5,-5,-2,0,-4,0,-5,-20,-9,-8,-14,sil
24.41687846183777,-13,0,-5,-7,-3,-2,-3,-3,-5,-5,-10,-7,-6,-8,sil
24.41687846183777,0,0,-3,3,-3,-1,-8,0,-15,-11,0,1,0,0,sil
24.433980226516724,12,4,5,16,-6,0,-13,0,-19,-16,-4,7,0,0,sil
24.433980226516724,10,9,11,16,-3,2,-12,-3,-20,-13,-7,4,-2,0,sil
24.44714331626892,2,1,0,2,0,-1,-7,-6,-17,-12,-1,0,-3,-1,sil
24.463161945343018,-5,-4,-3,-11,1,-3,-7,-1,-6,-3,4,0,0,-7,sil
24.463161945343018,-14,-8,-17,-11,2,1,-5,-4,1,7,2,-11,1,-18,sil
24.47881007194519,-18,-15,-13,-14,-7,-3,-7,-8,-6,-1,-6,-22,-8,-21,sil
24.47881007194519,-13,-12,0,-22,-14,-12,-7,-1,-11,-6,-1,-6,-11,-9,sil
24.47996711730957,0,-3,-4,-19,-5,-7,-1,3,0,8,12,13,0,0,sil
24.49642014503479,10,-2,8,-7,0,5,2,2,12,9,18,18,7,5,sil
24.49642014503479,16,0,16,3,-1,10,6,6,26,5,21,17,11,14,sil
24.509958744049072,16,6,11,3,-1,0,10,11,28,13,13,18,8,17,sil
24.526200771331787,6,8,7,1,2,-3,6,5,6,2,0,9,-1,5,sil
24.526200771331787,1,9,3,9,10,5,1,-3,-4,-11,2,-3,-5,0,sil
24.54076099395752,4,11,11,17,15,6,1,-1,0,-6,4,-2,-6,5,sil
24.54076099395752,2,8,-1,12,8,-4,-2,-3,-8,-5,-3,-3,-9,0,sil
24.555831909179688,-3,3,-5,3,-3,-5,-14,-5,-14,-13,-5,-8,-10,-5,sil
24.555831909179688,-3,2,0,-2,-7,-1,-16,0,-5,-10,0,-3,-5,-2,sil
24.5717453956604,-3,4,-14,0,3,-4,-4,2,0,-2,-1,-8,3,-6,sil
24.5717453956604,0,11,-2,13,11,7,4,4,1,0,-5,-11,8,-5,sil
24.58688473701477,0,1,2,16,5,19,13,2,15,13,-8,-6,8,5,sil
24.58688473701477,-4,-12,-15,-2,-1,5,16,1,18,16,-15,-5,3,5,sil
24.60286831855774,-1,-2,-9,-11,0,-1,10,3,5,6,-10,-1,1,0,sil
24.60286831855774,7,8,1,5,3,0,5,-3,-8,-1,6,6,8,4,sil
24.61897206306457,4,0,14,11,4,-4,1,-5,-15,-3,2,5,5,7,sil
24.61897206306457,-9,-6,3,6,1,-7,1,0,-8,2,-8,-7,-4,-7,sil
25.0411536693573,2,10,14,12,14,9,0,1,-14,1,10,0,-9,-4,sil
25.0411536693573,-2,6,2,21,13,8,8,7,-9,7,6,-4,-4,-1,sil
25.05552101135254,-8,-4,2,10,0,2,9,3,-2,1,-12,-17,-13,4,sil
25.05552101135254,-4,-6,0,10,0,11,9,0,4,2,-18,-21,-12,10,sil
25.071401596069336,10,1,3,30,9,16,24,4,19,29,2,0,9,24,sil
25.071401596069336,12,-3,-1,11,0,11,33,5,27,40,7,12,18,32,sil
25.087039470672607,9,-15,-15,-17,-10,6,19,-3,26,26,0,12,21,28,sil
25.087039470672607,13,-5,0,-6,-7,0,0,-7,21,10,0,18,21,19,sil
25.10291361808777,9,-1,-6,-3,-8,-8,-9,-6,1,-13,-13,3,0,-5,sil
25.10291361808777,-2,-13,-20,-21,-10,-10,-15,-7,-19,-38,-26,-12,-16,-26,sil
25.11794924736023,-4,-5,-7,-14,-8,-7,-15,-1,-13,-29,2,2,5,-14,sil
25.11794924736023,-1,13,-5,-8,-4,-8,-5,4,1,-4,24,8,16,-6,sil
25.13392281532288,-14,12,-7,-13,5,-6,-4,1,-5,-11,-3,-13,-12,-25,sil
25.13392281532288,-28,1,-9,2,11,-2,-11,-5,-14,-18,-21,-23,-21,-32,sil
25.14896297454834,-19,3,-1,14,5,-2,-6,1,-11,-2,-3,-13,0,-16,sil
25.1656460762024,-6,16,10,4,5,0,0,6,-11,0,2,-5,-3,-7,sil
25.1656460762024,1,23,3,12,13,3,-5,0,-8,-2,-1,-5,-12,-4,sil
25.1656460762024,17,19,19,28,16,7,-9,4,4,13,6,8,3,13,sil
25.181485414505005,21,8,21,26,11,11,-7,6,4,23,20,18,15,29,sil
25.181485414505005,7,-4,0,6,5,9,-9,-8,-20,2,7,0,-5,14,sil
25.197020292282104,0,-11,4,-1,2,4,-6,-13,-29,-9,-16,-16,-22,-6,sil
25.2111713886261,-6,-12,1,-1,-2,-2,9,-5,-15,-7,-19,-15,-19,-11,sil
25.2111713886261,-19,-21,-9,-15,-17,-6,19,0,-11,-13,-15,-10,-22,-8,sil
25.227186679840088,-20,-26,-15,-25,-16,1,28,4,-1,-5,-10,-4,-17,-3,sil
25.227186679840088,0,-14,-4,-11,-5,4,32,9,21,12,2,9,5,15,sil
25.24226784706116,14,0,9,-3,-8,-5,14,8,32,13,10,20,16,27,sil
25.24226784706116,3,-2,-2,-6,-12,-7,-4,1,32,9,11,10,13,11,sil
25.25779128074646,-3,-7,2,-3,-4,0,-3,2,33,18,16,6,21,6,sil
25.25779128074646,5,-5,0,-2,4,0,1,2,28,20,18,11,30,17,sil
25.27391505241394,6,0,-10,-7,1,-10,-6,-5,9,4,1,5,22,6,sil
25.27391505241394,4,9,7,-1,-4,-10,-14,-3,-5,-7,-4,7,13,-3,sil
25.289063692092896,15,14,13,7,0,-4,-10,2,0,-1,12,20,15,0,sil
25.289063692092896,19,14,8,0,4,0,-13,3,-2,1,17,18,6,-5,sil
25.304725885391235,10,16,4,2,7,2,-17,-2,-19,-8,7,3,-6,-13,sil
25.304725885391235,3,15,0,25,14,5,-8,0,-17,-8,4,-6,-7,-7,sil
25.32076501846313,-5,2,2,17,7,11,2,4,-7,-2,-8,-15,-12,-9,sil
25.32076501846313,-20,-15,-12,-6,-9,9,10,-6,-6,-1,-23,-28,-19,-16,sil
25.33636927604676,-18,-20,-18,-10,-14,2,14,-6,-1,0,-25,-20,-14,-9,sil
25.33636927604676,-10,-9,-9,0,-8,3,11,3,4,7,-17,-6,-4,0,sil
25.351584672927856,-8,-4,-8,-8,-4,0,0,-2,0,2,-6,-3,0,1,sil
25.351584672927856,4,0,2,-17,1,-8,-6,-5,0,-10,4,6,4,2,sil
25.367260217666622,21,7,4,-5,7,-11,0,2,2,-6,14,16,12,10,sil
25.367260217666622,18,11,7,-2,1,-12,-5,0,-12,-8,19,11,9,9,sil
25.38275599479676,3,6,8,-13,-1,-12,-16,-7,-27,-28,12,1,-9,-4,sil
25.38275599479676,0,5,-2,-5,7,-7,-15,-2,-20,-27,-5,-6,-20,-11,sil
25.39907693862915,0,12,7,17,15,0,-9,5,-11,-11,-6,-2,-10,0,sil
25.39907693862915,-3,14,7,21,13,8,-7,4,-10,-8,0,-3,-6,0,sil
25.41497302055359,-17,1,-4,10,4,11,-1,2,-5,-6,-16,-19,-22,-13,sil
25.41497302055359,-28,-4,-9,13,2,16,4,0,3,6,-28,-24,-25,-14,sil
25.43023633956909,-19,-4,-11,19,7,20,11,-4,10,17,-8,-12,-7,-1,sil
25.43023633956909,-3,-10,0,8,3,15,16,6,16,17,0,-7,0,5,sil
25.44557356834412,-8,-18,-8,-1,-5,5,21,6,23,22,-10,-12,0,1,sil
25.44557356834412,-17,-20,-17,-4,-6,4,30,0,21,32,-7,-11,7,4,sil
25.46131801605225,-5,-13,-3,-7,-8,9,29,8,23,35,5,0,22,15,sil
25.46131801605225,11,-6,0,-6,-14,2,15,6,33,27,3,5,32,17,sil
25.477437496185303,18,-1,4,-10,-13,-13,3,-9,24,12,2,9,20,8,sil
25.477437496185303,12,-1,-1,-17,-14,-24,-3,-6,1,1,17,16,11,2,sil
25.493040800094604,9,-3,-2,-20,-16,-19,-11,3,-14,-7,13,23,11,6,sil
25.493040800094604,22,0,18,-8,-5,-13,-14,0,-12,-14,2,26,5,8,sil
25.509323358535767,37,16,21,7,8,-13,-11,-2,0,-8,24,34,4,11,sil
25.509323358535767,39,28,24,19,11,-11,-18,0,-2,-2,48,47,17,15,sil
25.525288581848145,14,17,13,15,2,-7,-31,-9,-21,-16,28,32,13,0,sil
25.525288581848145,-16,0,-6,-5,-9,-13,-40,-12,-34,-38,-8,-3,-13,-31,sil
25.54118061065674,-17,4,2,-10,-5,-10,-25,2,-30,-31,-12,-10,-23,-31,sil
25.54118061065674,-3,13,8,8,8,3,1,6,-13,-7,7,0,-4,-8,sil
25.55679512023925,-8,6,9,15,7,11,9,3,-2,-4,3,0,0,-1,sil
25.55679512023925,-14,-1,0,4,2,10,4,0,-4,-9,-6,-9,-12,-6,sil
25.57250595092773,-11,-2,-9,2,9,14,5,-4,-3,-5,-5,-14,-17,-7,sil
25.57250595092773,-10,-5,-8,4,9,18,10,-3,-4,-5,-12,-19,-18,-5,sil
25.58823680877685,-8,-7,-11,4,5,13,15,3,-2,2,-21,-23,-15,2,sil
25.58823680877685,-6,-5,-4,1,4,11,17,7,3,10,-15,-19,-4,13,sil
25.603894233703613,-8,-4,-7,0,3,16,19,0,16,9,-7,-18,3,11,sil
25.603894233703613,-5,-6,-21,-1,0,11,21,1,17,16,-16,-24,0,4,sil
25.619073390960693,2,-7,-14,-7,0,3,10,10,20,29,-30,-19,0,5,sil
25.619073390960693,6,-8,-5,-13,5,4,3,6,29,27,-19,-11,11,10,sil
25.633946895599365,3,-7,-4,-15,3,1,1,-1,22,11,-9,-11,9,7,sil
25.633946895599365,-13,-11,-15,-20,-4,-7,-2,-1,7,1,-17,-13,0,-7,sil
25.649465322494507,-24,-21,-25,-31,-11,-11,-1,-4,6,0,-15,-12,-3,-16,sil
25.649465322494507,-9,-18,-9,-34,-16,-13,2,-1,12,1,-3,-4,-6,-10,sil
25.665111303329468,3,-1,-4,-18,-15,-20,-9,0,5,0,0,3,-2,-10,sil
25.665111303329468,3,9,1,-4,-4,-20,-28,-3,-17,-16,5,6,0,-8,sil
25.68134021759033,7,12,14,2,3,-8,-24,-4,-26,-21,17,5,-2,0,sil
25.68134021759033,15,18,19,18,4,-5,-11,-2,-13,-5,27,19,3,1,sil
25.697347164154053,18,29,29,36,6,-5,-5,0,-15,-1,38,42,14,4,sil
25.697347164154053,20,29,27,37,13,0,-3,-3,-24,-13,43,44,12,7,sil
25.713063955307007,15,15,24,32,9,1,-7,-1,-24,-14,31,33,0,2,sil
25.713063955307007,6,11,22,40,0,-4,-10,-1,-18,-6,25,31,0,1,sil
25.728209018707275,3,13,15,40,-1,0,-2,-3,-14,0,19,23,8,4,sil
25.728209018707275,0,0,9,16,-2,17,11,0,-11,1,-4,0,0,2,sil
25.743895292282104,-7,-22,-16,0,-3,23,27,8,0,7,-21,-18,-10,1,sil
25.743895292282104,-7,-24,-19,-7,-8,16,33,9,19,12,-21,-16,-2,5,sil
25.75905203819275,-7,-17,-6,-12,-9,8,27,5,31,17,-20,-14,3,4,sil
25.75905203819275,-13,-19,-12,-17,0,4,20,1,33,19,-18,-20,1,2,sil
25.774901390075684,-7,-20,-16,-29,0,3,17,4,30,14,-19,-24,0,1,sil
25.774901390075684,0,-9,-21,-29,-2,-1,4,0,22,8,-16,-20,0,0,sil
25.790087699890137,5,4,-5,-10,0,-4,-11,-2,17,0,0,-4,0,3,sil
25.790087699890137,13,14,13,1,6,-1,-10,1,25,0,18,12,17,13,sil
25.80615448951721,5,7,3,-8,-1,-12,-15,1,18,0,17,12,21,3,sil
25.80615448951721,-8,0,0,-20,-13,-26,-35,-4,-12,-14,1,1,-1,-11,sil
25.822176456451416,-5,3,2,-13,-6,-21,-34,-13,-28,-18,0,0,-4,-8,sil
25.822176456451416,6,13,8,-3,6,-12,-18,-8,-20,-9,10,14,9,2,sil
25.83781099319458,8,8,5,-3,8,-9,-15,1,-16,-9,11,16,0,0,sil
25.83781099319458,5,2,-5,0,6,-6,-16,2,-20,-11,-1,3,-16,-7,sil
25.85312914848328,9,10,6,5,5,2,-8,0,-27,-18,-7,3,-15,-5,sil
25.85312914848328,0,9,-4,7,7,14,6,-1,-25,-19,-8,-9,-20,-14,sil
25.86920714378357,-22,-9,-14,1,7,24,18,0,-18,-9,-19,-40,-32,-30,sil
25.86920714378357,-26,-13,-8,2,6,20,19,4,-10,1,-19,-34,-22,-21,sil
25.884299516677856,-8,4,-9,17,4,8,17,5,-7,6,-3,-3,0,3,sil
25.884299516677856,-4,3,1,15,-1,11,15,2,-13,1,-5,1,0,10,sil
25.90040063858032,-12,-19,-10,-1,-5,13,18,-3,-6,2,-10,-13,-8,0,sil
25.90040063858032,-3,-17,-10,-1,0,0,18,-1,9,15,-1,-7,-3,3,sil
25.914994955062863,8,5,7,15,1,0,10,4,16,27,5,8,13,19,sil
25.914994955062863,4,4,2,11,-5,1,0,0,22,31,6,5,21,16,sil
25.930102109909058,1,0,9,-4,-6,0,0,0,26,19,0,2,10,8,sil
25.930102109909058,4,-2,-2,-2,0,0,7,1,23,6,-11,4,5,12,sil
25.947147607803345,0,-14,-6,-10,-8,0,1,0,13,0,-12,2,9,12,sil
25.947147607803345,-3,-16,5,-29,-15,-6,-9,0,5,0,-1,0,4,-1,sil
25.96281862258911,0,-4,-9,-16,-6,-14,-8,1,13,0,7,-1,3,-11,sil
25.96281862258911,4,0,7,0,-1,-8,-12,4,22,0,11,6,10,-1,sil
25.97694420814514,9,2,15,6,-2,0,-11,4,25,9,21,18,19,6,sil
25.97694420814514,14,8,8,13,0,-10,-6,0,15,3,25,24,16,2,sil
25.99249505996704,10,13,15,14,1,-17,-6,-5,-3,-13,17,21,6,0,sil
25.99249505996704,7,20,-2,13,6,-7,-1,-7,-7,-9,16,8,8,0,sil
26.009138584136963,19,31,11,13,17,2,-4,1,-4,-6,13,8,13,-1,sil
26.009138584136963,15,20,11,11,15,0,-15,0,-8,-22,2,8,0,-6,sil
26.02424049377441,4,1,-5,1,5,-7,-12,-4,-10,-19,0,0,-7,-7,sil
26.04110741615296,11,7,16,-6,3,1,7,0,-3,0,2,1,-3,3,sil
26.04110741615296,3,4,-5,-3,3,5,19,-2,-5,-5,-3,-12,-8,1,sil
26.04110741615296,-15,-9,-12,-7,-7,-5,-2,-3,-22,-30,-17,-21,-23,-11,sil
26.05913472175598,-12,-6,4,-5,-8,-2,-9,-1,-28,-28,-13,-5,-20,-8,sil
26.05913472175598,-4,-1,-5,0,-2,7,5,0,-22,-3,0,0,-10,2,sil
26.07167339324951,-13,-4,4,-7,-9,8,1,7,-20,8,-2,0,-10,5,sil
26.07167339324951,-29,-19,-15,-10,-13,9,-2,0,-27,2,-19,-14,-23,-6,sil
26.087234258651733,-33,-29,-33,-11,-4,11,6,-2,-26,-2,-24,-27,-25,-15,sil
26.102760791778564,-21,-19,-4,-11,3,15,15,9,-15,13,-7,-14,-13,-4,sil
26.102760791778564,-20,-22,-22,4,4,22,26,-1,-31,23,0,-20,-23,-1,sil
26.102760791778564,-15,-30,-29,3,-2,11,15,-9,-22,9,-7,-22,-20,-8,sil
0.0413005352020263,9,-2,18,-11,-6,-5,-5,7,39,13,0,15,21,3,thankyou
0.0413005352020263,19,18,16,2,0,-8,-5,3,57,22,13,26,36,12,thankyou
0.057140827178955,13,18,0,16,6,-13,-5,-6,39,13,1,7,22,7,thankyou
0.057140827178955,22,21,20,7,5,-11,-8,2,46,11,0,18,24,13,thankyou
0.0721371173858642,24,16,5,4,2,-2,-2,2,39,22,12,18,28,12,thankyou
0.0721371173858642,7,3,-1,-2,0,-10,-12,0,17,15,11,2,20,2,thankyou
0.0881280899047851,-1,1,14,-15,0,-14,-18,1,5,-5,4,6,12,-1,thankyou
0.0881280899047851,11,6,0,-9,-1,-4,-6,-9,-8,-21,3,8,7,0,thankyou
0.1031339168548584,24,16,13,-1,0,0,-3,-6,-16,-25,6,6,0,3,thankyou
0.1031339168548584,10,11,12,12,14,6,1,3,-10,-13,5,0,-2,1,thankyou
0.1185064315795898,-5,0,-5,24,16,16,14,0,-8,-3,-4,-9,-6,-2,thankyou
0.1185064315795898,-7,-1,7,18,10,19,19,0,-7,4,-16,-8,-12,1,thankyou
0.1341660022735595,-8,-7,-14,1,1,5,18,0,8,19,-18,-19,-12,3,thankyou
0.1341660022735595,-13,-24,-18,-23,-14,-6,7,0,17,8,-24,-27,-11,-5,thankyou
0.1492695808410644,-24,-28,-16,-42,-26,-7,-2,2,9,-14,-27,-20,-13,-17,thankyou
0.1492695808410644,-13,-12,-21,-31,-13,-6,0,3,1,-12,-10,0,-1,-5,thankyou
0.165079116821289,18,14,18,0,6,-6,1,2,-4,-3,20,29,14,11,thankyou
0.165079116821289,15,18,17,23,6,-11,-10,-3,-18,-11,33,29,8,-2,thankyou
0.1814353466033935,-5,8,10,9,-9,-20,-30,-3,-34,-25,23,14,-8,-17,thankyou
0.1814353466033935,1,14,17,1,-2,-11,-26,0,-28,-18,19,13,-8,-8,thankyou
0.1989755630493164,6,18,0,28,16,5,-6,-4,-24,-12,16,1,-9,-6,thankyou
0.1989755630493164,-4,9,5,41,13,13,0,-5,-32,-19,2,-10,-16,-5,thankyou
0.2123570442199707,-3,0,-2,26,4,15,3,-3,-13,-2,-1,-10,-8,5,thankyou
0.2123570442199707,0,-7,-9,11,3,13,11,0,8,19,-5,-9,0,8,thankyou
0.2276842594146728,-12,-10,-6,2,1,14,18,5,15,20,-6,-13,0,2,thankyou
0.2276842594146728,-21,-17,-28,-8,-6,13,21,0,22,19,-6,-18,1,3,thankyou
0.2436206340789795,-10,-14,-11,-10,-12,4,11,-1,15,11,-17,-8,1,6,thankyou
0.2436206340789795,0,-5,0,-1,-5,-4,3,1,6,2,-16,0,3,6,thankyou
0.2592546939849853,8,-6,-3,-11,0,-2,4,6,21,21,5,4,15,12,thankyou
0.2592546939849853,12,-5,7,-27,-5,3,5,4,32,43,17,14,28,18,thankyou
0.274946928024292,10,-8,0,-30,-12,-5,0,-4,18,26,4,15,19,10,thankyou
0.274946928024292,8,-12,3,-33,-13,-16,-18,-1,0,-7,-10,8,0,-1,thankyou
0.2903144359588623,5,-3,5,-26,-6,-9,-19,3,-2,-14,-9,5,-3,-10,thankyou
0.2903144359588623,2,3,1,-15,-2,-11,-6,0,-4,-15,0,5,-4,-13,thankyou
0.3063406944274902,3,5,11,-9,-2,-17,-5,0,-7,-22,10,12,-3,-7,thankyou
0.3063406944274902,13,16,13,2,7,-9,-9,2,-2,-20,15,22,6,2,thankyou
0.3219330310821533,20,26,21,18,21,1,-3,5,1,-8,20,25,12,12,thankyou
0.3219330310821533,4,23,6,27,22,0,-3,0,-2,-3,14,5,0,2,thankyou
0.3379538059234619,-18,12,-13,22,14,-1,-11,-2,-14,-19,-11,-19,-22,-20,thankyou
0.3379538059234619,-20,3,-4,12,5,5,-3,0,-15,-14,-18,-25,-19,-24,thankyou
0.3540012836456299,-12,-3,-4,12,0,13,14,-1,-3,15,-3,-23,-3,-9,thankyou
0.3540012836456299,-16,-2,-7,16,3,13,15,-4,-18,4,-17,-27,-17,-7,thankyou
0.3691663742065429,-14,0,-13,17,9,12,12,-4,-27,-13,-30,-27,-28,-8,thankyou
0.3691663742065429,-4,-5,-9,13,3,13,22,-1,3,9,-9,-14,-2,3,thankyou
0.3843498229980469,-10,-12,-1,0,-7,6,18,-1,17,23,-3,-9,8,6,thankyou
0.3843498229980469,-12,-14,-10,-8,-9,-6,0,-3,3,3,-17,-12,-1,0,thankyou
0.3998966217041015,6,-10,0,-5,-6,-1,-4,-1,7,1,-4,2,6,7,thankyou
0.3998966217041015,14,-1,6,-3,-7,6,3,0,16,10,19,19,23,11,thankyou
0.4158024787902832,12,1,2,-4,-8,-3,-3,-1,0,1,17,16,16,12,thankyou
0.4158024787902832,18,0,8,-3,-7,-10,-11,4,0,-2,8,18,8,18,thankyou
0.4313900470733642,12,0,4,-3,-3,-5,-8,4,9,6,11,15,10,8,thankyou
0.4313900470733642,2,0,3,-2,0,-1,-6,4,0,5,8,0,2,-3,thankyou
0.4461252689361572,7,0,2,-1,-3,4,-1,2,0,-2,4,-2,-1,0,thankyou
0.4461252689361572,9,-1,-3,-10,-6,4,0,-1,9,-2,4,6,0,4,thankyou
0.4621334075927734,1,3,0,-13,1,-2,-7,0,7,0,5,12,2,0,sil
0.4621334075927734,0,4,1,2,9,-3,-3,4,11,2,13,6,5,-2,sil
0.4772717952728271,0,-2,2,6,0,-2,4,0,5,-1,9,0,0,-5,sil
0.4772717952728271,-7,-3,-4,-1,-6,-7,-2,-3,-15,-11,-10,-8,-13,-10,sil
0.4921000003814697,-8,1,-8,-1,-1,-7,-11,0,-18,-5,-15,-7,-14,-9,sil
0.4921000003814697,-3,0,4,-5,3,0,0,1,-3,0,3,8,0,-1,sil
0.507237434387207,-1,2,5,-5,4,0,11,0,3,-3,13,14,8,3,sil
0.5225028991699219,2,9,10,2,2,0,-1,0,0,-2,5,6,2,5,sil
0.5225028991699219,-2,5,4,1,0,-1,-8,-3,0,1,-2,-3,-1,0,sil
0.5382018089294434,-16,-6,-13,-14,-6,-4,2,-7,-5,-9,-15,-14,-9,-14,sil
0.5382018089294434,-8,-6,-5,-13,-9,-5,0,-3,-17,-18,-15,-12,-15,-14,sil
0.5549602508544922,7,2,2,2,2,0,-7,0,-11,-4,0,0,-5,0,sil
0.5549602508544922,1,3,3,3,11,5,1,5,0,0,-1,5,-1,1,sil
0.5549602508544922,-10,-3,1,-5,8,7,12,7,0,-4,-12,-1,-3,-2,sil
0.570993185043335,-11,-8,-6,-3,6,0,9,0,-6,-5,-10,-11,-5,-2,sil
0.570993185043335,-4,2,0,16,7,-2,8,-2,0,-2,-6,-18,-8,-3,sil
0.5855247974395752,4,18,2,39,12,7,13,0,14,7,1,-10,2,2,sil
0.6013021469116211,11,14,5,27,12,19,16,4,16,18,9,3,18,15,sil
0.6013021469116211,8,0,2,1,-1,19,8,0,5,25,3,1,11,16,sil
0.6170799732208252,4,-1,-1,9,-12,4,0,-4,7,33,1,-1,4,11,sil
0.6170799732208252,3,-1,3,14,-10,-7,-2,-1,11,29,5,5,13,8,sil
0.6321244239807129,5,-10,-9,-11,-12,-11,-9,2,15,12,1,9,19,7,sil
0.6321244239807129,14,-10,-8,-26,-13,-15,-28,1,20,0,1,17,15,10,sil
0.6474165916442871,16,-2,4,-13,-5,-15,-37,-1,16,-4,11,21,11,3,sil
0.6474165916442871,9,-1,2,-6,0,-8,-20,-1,-1,-11,20,17,7,-7,sil
0.6630158424377441,9,5,10,-10,-1,0,2,0,-15,-17,23,15,3,-8,sil
0.6630158424377441,2,13,4,-3,4,3,14,3,-23,-21,9,0,-7,-13,sil
0.6781504154205322,-15,1,-2,-3,5,7,14,3,-32,-29,-21,-27,-30,-21,sil
0.6781504154205322,-27,-14,0,-8,0,10,11,-3,-30,-30,-28,-32,-34,-19,sil
0.6942110061645508,-25,-11,-6,-1,3,7,0,-12,-27,-21,-19,-24,-23,-14,sil
0.6942110061645508,-22,-3,-5,7,3,3,-10,-7,-33,-14,-28,-23,-27,-15,sil
0.7103269100189209,-21,-7,-9,5,-1,6,-4,-1,-25,-6,-27,-20,-29,-15,sil
0.7103269100189209,-12,-10,-8,0,-2,9,4,1,1,4,-6,-4,-12,0,sil
0.7259345054626465,0,-4,-6,1,1,1,5,8,27,20,2,5,7,21,sil
0.7259345054626465,6,-2,-12,0,0,-9,9,12,36,32,4,5,17,24,sil
0.7410781383514404,11,-2,7,-5,-6,-4,20,11,36,27,14,17,21,18,sil
0.7410781383514404,15,0,9,-6,-4,4,23,4,38,15,23,26,26,21,sil
0.7566637992858887,14,0,-4,-7,3,-6,9,-3,30,7,16,16,25,14,sil
0.7566637992858887,9,5,-1,-16,2,-17,-6,-4,13,0,9,7,20,0,sil
0.7719995975494385,11,13,2,-8,0,-13,-5,0,13,3,20,11,18,0,sil
0.7719995975494385,23,20,19,10,5,-3,-3,2,15,10,25,23,18,5,sil
0.7872018814086914,23,28,27,22,11,-3,-17,-4,1,0,21,27,14,4,sil
0.7872018814086914,11,27,16,15,5,-12,-33,-11,-19,-11,16,11,3,0,sil
0.8032875061035156,1,13,7,7,-4,-8,-31,-7,-28,-8,5,-1,-11,-4,sil
0.8032875061035156,-2,4,-4,10,-6,6,-10,-1,-22,-8,-2,-8,-16,-5,sil
0.818932056427002,-13,1,0,7,0,14,11,5,-17,-16,-10,-13,-18,-5,sil
0.818932056427002,-20,-3,1,4,2,15,24,5,-15,-4,-23,-21,-18,-9,sil
0.8340620994567871,-12,-10,-6,5,0,16,15,0,-13,6,-31,-25,-16,-14,sil
0.8340620994567871,-10,-16,-11,-1,-4,14,2,0,-15,1,-23,-18,-15,-12,sil
0.8495299816131592,-20,-22,-18,-5,-1,6,2,0,-16,3,-19,-11,-7,-2,sil
0.8495299816131592,-16,-18,-8,0,0,-1,0,-4,-12,1,-22,-12,-5,-1,sil
0.8653402328491211,-5,-14,-12,-5,-3,0,0,0,-2,-12,-18,-17,-10,-6,sil
0.8653402328491211,-2,-10,-21,-12,-3,5,6,2,8,-8,-12,-7,-4,0,sil
0.8810286521911621,0,-1,-3,-5,6,0,11,2,21,2,-8,5,6,3,sil
0.8810286521911621,2,-3,-3,-5,4,-13,3,0,23,-1,-3,-1,4,-3,sil
0.8961851596832275,6,-8,0,-13,-7,-16,-5,3,11,0,6,0,4,2,sil
0.8961851596832275,13,-1,7,-11,-4,-5,-2,3,8,10,24,22,21,16,sil
0.9120814800262452,7,0,0,-12,0,-9,-1,0,10,0,23,17,21,4,sil
0.9120814800262452,-2,1,12,-12,-7,-16,-15,-1,-6,-17,11,1,0,-16,sil
0.9276092052459716,-1,5,9,-1,-4,-14,-27,-3,-11,-9,19,3,-5,-14,sil
0.9276092052459716,0,3,0,-2,-1,-10,-24,-3,-4,-6,28,12,0,-2,sil
0.943467140197754,0,9,5,5,0,1,-9,-1,-9,-11,18,10,-3,-2,sil
0.943467140197754,4,21,9,27,8,18,6,3,-15,-1,5,2,-9,0,sil
0.9583127498626708,3,20,12,30,10,19,17,6,-5,14,-4,0,-8,9,sil
0.9583127498626708,0,12,4,31,11,13,27,0,7,20,-10,-5,-1,11,sil
0.9739274978637696,5,6,8,26,14,18,33,-1,12,20,-9,-1,3,15,sil
0.9739274978637696,5,-5,2,-4,8,21,28,0,20,21,-1,2,9,25,sil
0.989018440246582,0,-14,-18,-18,0,8,14,-2,22,15,-5,-3,9,21,sil
0.989018440246582,-1,-9,-6,-1,-7,0,0,0,7,1,-22,-7,0,9,sil
1.0060503482818604,1,-7,0,-2,-11,-4,-4,1,5,3,-11,-3,3,9,sil
1.0210769176483154,13,-6,0,-13,-11,-11,-3,1,18,13,15,6,16,12,sil
1.0210769176483154,14,-2,0,-11,-9,-13,-12,3,10,3,15,10,15,0,sil
1.0210769176483154,-5,-7,-14,-20,-6,-14,-26,-2,-9,-3,2,0,3,-20,sil
1.036320686340332,-7,-2,-5,-27,-1,-13,-24,-3,-14,-9,0,1,-1,-18,sil
1.036320686340332,12,15,6,-5,0,-10,-12,0,-10,-16,4,13,0,-8,sil
1.052485466003418,12,16,7,10,2,-6,-12,-2,-17,-23,8,7,-5,-14,sil
1.0534930229187012,-4,6,6,7,8,-4,-11,-3,-26,-23,7,-1,-17,-18,sil
1.068213701248169,-9,6,-4,12,8,-3,0,1,-9,-11,0,-3,-10,-9,sil
1.068213701248169,-9,8,3,14,1,4,2,6,0,-4,-14,-7,-6,-8,sil
1.084479570388794,-14,0,1,13,5,18,0,0,-10,-7,-19,-15,-17,-13,sil
1.084479570388794,-16,-10,-10,11,12,15,9,-2,-15,-4,-16,-17,-18,-8,sil
1.0991127490997314,-22,-13,-7,2,5,4,14,1,-6,6,-14,-16,-10,-5,sil
1.0991127490997314,-24,-15,-10,-7,-6,2,15,-1,0,7,-19,-17,-12,-5,sil
1.1156814098358154,-10,-18,-4,-17,-13,0,19,-4,2,0,-17,-9,-8,5,sil
1.1156814098358154,-1,-16,-5,-19,-19,-10,6,-2,4,-3,-7,-5,3,11,sil
1.1311461925506592,3,-5,-1,-11,-18,-13,-10,-2,4,2,4,1,12,7,sil
1.1311461925506592,23,8,17,-1,-2,0,0,2,18,19,26,26,24,16,sil
1.147362232208252,23,9,4,-5,2,3,6,5,28,20,33,25,26,18,sil
1.147362232208252,4,3,2,-12,-6,-6,-11,4,9,-5,15,8,7,0,sil
1.1619646549224854,9,13,10,4,6,1,-12,5,0,-12,18,12,6,-1,sil
1.1619646549224854,25,29,11,27,27,15,5,2,8,8,30,19,14,6,sil
1.1789448261260986,13,27,18,28,22,11,1,-3,5,9,12,5,2,0,sil
1.1789448261260986,-2,5,5,21,15,2,-3,-6,-10,-8,-8,-10,-2,-5,sil
1.1929736137390137,-6,-8,-5,12,12,4,0,-1,-22,-12,-17,-14,-5,0,sil
1.1929736137390137,-7,-5,-11,6,0,9,4,-1,-13,5,-27,-14,-15,0,sil
1.2085657119750977,-8,-5,-14,10,-6,6,18,3,10,19,-23,-10,-10,5,sil
1.2246463298797607,-15,-17,-2,-2,-8,3,22,10,17,12,-14,-5,-2,12,sil
1.2246463298797607,-22,-32,-15,-27,-19,-7,0,0,9,4,-17,-12,-5,0,sil
1.2393221855163574,-6,-26,-17,-31,-25,-19,-16,-2,9,3,-5,-3,1,-2,sil
1.2393221855163574,6,-7,-3,-15,-14,-19,-15,6,10,4,12,15,14,5,sil
1.2549846172332764,4,-2,-4,-13,-8,-18,-17,-2,-7,-9,3,8,0,-6,sil
1.2549846172332764,6,-1,6,-16,-12,-15,-17,-10,-24,-23,-4,0,-11,-12,sil
1.270439624786377,10,4,7,-8,-1,0,0,-7,-14,-10,14,11,7,2,sil
1.270439624786377,12,15,14,2,10,6,3,-4,-4,2,26,21,18,10,sil
1.2859656810760498,17,25,21,13,11,2,-3,0,-5,0,20,11,7,3,sil
1.2859656810760498,17,16,3,13,10,2,-8,1,-8,-6,13,0,0,0,sil
1.301095485687256,6,2,-2,1,10,3,-10,-2,-4,-10,7,0,-7,0,sil
1.301095485687256,-5,3,-3,0,10,0,-1,0,6,-4,1,-6,-5,-7,sil
1.3163576126098633,-10,6,0,3,10,6,9,10,11,8,-2,-12,-4,-11,sil
1.3163576126098633,-9,2,-1,0,4,20,16,8,7,6,-9,-8,-11,-12,sil
1.3320035934448242,-11,-2,-13,-1,-1,11,20,0,3,-3,-15,-10,-15,-14,sil
1.3320035934448242,-12,2,-1,3,4,0,15,2,-2,-7,-19,-14,-14,-11,sil
1.347036838531494,-4,5,4,8,15,9,8,0,-3,1,-9,-7,-10,-3,sil
1.347036838531494,0,0,3,11,4,6,6,-1,0,6,5,4,1,2,sil
1.3630776405334473,-2,2,11,17,-4,-5,2,0,-7,0,4,8,8,5,sil
1.3630776405334473,-8,2,5,22,3,1,3,-4,-7,1,-4,-3,3,2,sil
1.3789663314819336,-9,-11,0,0,-1,8,1,-3,7,12,-4,0,6,2,sil
1.3789663314819336,-2,-16,-9,-15,-17,-11,-9,3,17,14,2,13,18,9,sil
1.3942384719848633,2,-6,-9,-5,-16,-22,-17,1,2,1,0,3,14,9,sil
1.3942384719848633,-6,-5,3,-7,-15,-6,-13,-1,-10,-5,-11,-13,0,0,sil
1.4100775718688965,-14,-12,-7,-15,-14,4,-2,1,-1,2,-14,-14,0,0,sil
1.4100775718688965,3,-7,-4,-6,-4,0,3,5,15,7,-5,0,7,14,sil
1.4261343479156494,14,-5,-4,-9,-4,-6,0,3,15,0,2,4,3,10,sil
1.4261343479156494,7,-7,-8,-17,-10,-12,-7,-2,6,-9,2,0,-5,0,sil
1.442410230636597,11,3,8,-3,-2,-5,-3,-3,3,-7,0,5,0,0,sil
1.442410230636597,19,13,6,3,5,0,-2,-5,-6,-8,6,12,5,0,sil
1.4584288597106934,15,15,5,0,8,-6,-11,-5,-27,-17,16,15,-3,-8,sil
1.4584288597106934,13,19,5,11,16,-1,-10,-4,-29,-13,22,13,-8,-5,sil
1.4736442565917969,7,11,-1,12,21,5,-4,-2,-16,-7,13,0,-5,-3,sil
1.4736442565917969,-1,5,5,4,20,7,1,0,-9,-10,4,-4,-6,-8,sil
1.4894142150878906,-2,10,5,24,18,14,13,4,-1,6,9,0,-2,-1,sil
1.4894142150878906,-6,0,6,33,5,20,18,7,0,19,-2,-6,-2,5,sil
1.5049710273742676,-23,-21,-7,2,-9,14,12,1,-6,9,-27,-19,-6,-3,sil
1.5049710273742676,-28,-22,-25,-12,-7,9,15,-1,11,13,-21,-18,-1,-4,sil
1.5210559368133545,-12,-3,-2,2,0,11,21,4,32,31,-3,-1,6,15,sil
1.5210559368133545,0,-8,0,5,-1,3,11,3,27,24,-3,-1,11,18,sil
1.536370038986206,-4,-26,-12,-25,-17,-15,-10,0,12,0,-9,-11,0,0,sil
1.536370038986206,-2,-14,-9,-36,-20,-22,-12,0,18,0,-3,-4,-5,-9,sil
1.5519585609436035,15,5,1,-16,-4,-13,0,-1,24,7,4,10,5,-4,sil
1.5519585609436035,22,8,15,-10,0,-7,-4,0,6,-4,4,21,11,1,sil
1.5673928260803225,12,10,4,-17,-5,-12,-14,0,-16,-20,11,17,1,-1,sil
1.5673928260803225,6,19,1,-10,-4,-17,-10,-7,-23,-25,16,5,-5,-10,sil
1.5834033489227295,0,16,5,1,1,-10,-7,-5,-14,-21,7,-4,-7,-12,sil
1.5834033489227295,-10,0,-1,1,3,5,-6,1,-8,-9,-5,-5,-2,-2,sil
1.599006414413452,-7,1,14,4,5,11,-2,3,-12,-7,-6,4,5,4,sil
1.599006414413452,1,5,11,12,5,-1,-2,0,-9,-12,-3,2,4,0,sil
1.6141202449798584,-2,0,-2,5,0,-5,-4,1,-1,-5,-6,-8,-6,-1,sil
1.6141202449798584,-6,0,2,2,0,11,1,2,0,0,-4,-5,-11,0,sil
1.6302378177642822,1,4,3,17,7,17,8,-2,-1,-1,1,1,-2,-2,sil
1.6302378177642822,5,2,2,16,-1,0,6,-4,-3,4,12,7,4,1,sil
1.6461846828460691,0,-2,-6,7,-8,-2,4,0,0,14,20,14,8,10,sil
1.6461846828460691,-2,-2,-6,14,-1,7,2,3,-6,5,9,5,3,3,sil
1.6612744331359863,0,4,3,17,0,4,-3,-4,-12,3,-4,-6,-1,-9,sil
1.6612744331359863,2,3,-1,15,2,-6,-1,-10,0,25,1,-2,3,-3,sil
1.6765878200531006,5,0,5,10,9,0,4,1,12,19,1,1,1,5,sil
1.6765878200531006,-5,0,-3,2,9,15,6,3,4,-4,-14,-13,-11,-3,sil
1.6922597885131836,-5,-1,-12,-3,1,10,0,-2,1,-6,-14,-12,-6,-2,sil
1.6926405429840088,11,1,6,-2,2,-2,-2,5,12,5,4,9,12,19,sil
1.7082643508911133,11,0,0,-6,8,-6,3,6,14,6,8,1,16,18,sil
1.7082643508911133,0,-6,-5,-12,6,1,9,0,6,3,-5,-8,4,0,sil
1.724388599395752,0,-6,-3,-12,0,2,8,0,6,10,-5,3,2,0,sil
1.724388599395752,0,-9,-6,-15,-5,0,7,3,7,6,0,6,5,4,sil
1.7404942512512207,-11,-16,-7,-22,-6,2,1,5,-1,-15,-15,-8,-7,-2,sil
1.7404942512512207,-22,-21,-17,-26,-12,-4,-14,0,-15,-30,-30,-27,-27,-19,sil
1.75652813911438,-21,-14,-6,-21,-17,-20,-19,-3,-14,-23,-23,-27,-29,-20,sil
1.75652813911438,-5,0,5,0,-6,-14,-2,3,3,-7,-2,-8,-10,-5,sil
1.772252321243286,6,8,3,12,0,-3,1,5,9,0,9,6,0,-1,sil
1.772252321243286,3,9,9,8,-4,-4,-5,-4,-4,-4,4,8,-2,-6,sil
1.787367582321167,-2,8,-1,11,0,-5,-3,-14,-10,-8,0,0,-3,-9,thankyou
1.787367582321167,-4,3,-3,4,1,-5,-7,-6,-14,-11,5,0,-1,-9,thankyou
1.8034627437591555,0,1,3,-4,-3,-3,-9,2,-10,0,12,11,5,1,thankyou
1.8034627437591555,14,6,6,13,4,5,5,3,7,18,23,23,21,23,thankyou
1.8190455436706543,26,14,16,21,9,17,14,-1,16,22,24,27,26,31,thankyou
1.8190455436706543,20,4,6,5,3,21,14,-3,12,15,13,11,17,19,thankyou
1.8341619968414309,5,-6,2,-10,7,19,12,2,6,9,1,3,7,6,thankyou
1.8341619968414309,5,1,7,-9,16,10,10,8,7,8,1,12,7,6,thankyou
1.849707841873169,8,9,3,3,7,-3,7,2,5,7,0,6,6,8,thankyou
1.849707841873169,-7,-1,2,1,-10,-8,-1,1,-6,0,-8,-9,-5,-3,thankyou
1.8648216724395752,-18,-9,-8,-20,-18,-6,-6,4,-5,-5,-6,-9,-5,-15,thankyou
1.8648216724395752,-5,-3,-5,-22,-10,-11,-4,3,4,1,5,6,4,-7,thankyou
1.8803589344024656,-5,2,2,-2,-2,-18,-15,0,-4,1,5,2,-3,-7,thankyou
1.8803589344024656,-13,7,-4,8,0,-13,-30,-9,-16,-10,-1,-12,-16,-13,thankyou
1.8959500789642327,1,17,7,15,0,1,-17,-11,-11,-13,1,-2,0,-1,thankyou
1.8959500789642327,13,12,7,19,2,7,7,-8,1,0,10,8,13,3,thankyou
1.9120357036590576,3,0,1,13,7,6,11,1,15,8,4,0,0,-3,thankyou
1.9120357036590576,0,1,3,10,10,4,1,8,15,7,-2,-6,0,0,thankyou
1.927601337432861,4,0,-2,10,4,0,-1,1,-3,-1,0,-5,6,0,thankyou
1.927601337432861,6,0,8,12,-2,-6,0,-1,-21,-18,2,0,-7,-3,thankyou
1.944042444229126,2,0,2,14,0,-2,-4,0,-14,-20,-8,1,-20,-1,thankyou
1.944042444229126,-7,-5,-18,1,2,6,0,1,-3,-7,-29,-11,-18,0,thankyou
1.9595859050750728,-17,-13,-16,-10,5,15,8,2,0,0,-31,-21,-18,-12,thankyou
1.9595859050750728,-21,-19,-17,-8,7,11,8,0,4,-5,-8,-22,-11,-18,thankyou
1.974953889846801,-12,-16,-11,-18,0,2,0,-2,6,-2,1,-11,0,-5,thankyou
1.974953889846801,-5,-8,-8,-23,-9,-1,0,0,0,3,-13,-6,0,7,thankyou
1.989987134933472,-7,-8,-6,-18,-10,-5,0,0,-17,-8,-28,-14,-14,2,thankyou
1.989987134933472,-1,-2,2,-8,-6,-2,3,-7,-14,-4,-10,-5,-9,0,thankyou
2.014101266860962,13,10,0,6,0,5,17,-8,7,26,21,13,18,14,thankyou
2.014101266860962,7,5,1,5,1,5,12,0,3,22,10,4,13,9,thankyou
2.015101671218872,-12,-11,-4,-8,0,0,0,1,-8,-2,-14,-15,-11,-8,thankyou
2.0364701747894287,0,-7,0,-1,4,0,1,3,7,7,-2,-3,-2,0,thankyou
2.0364701747894287,27,10,22,13,8,0,0,11,29,22,14,18,19,23,thankyou
2.0526366233825684,17,7,12,9,-2,-3,-6,9,24,14,13,16,22,21,thankyou
2.0526366233825684,-8,-6,0,-3,-14,-9,-1,4,4,1,9,9,12,2,thankyou
2.0536417961120605,-13,-8,2,-11,-11,-5,7,3,1,-3,7,3,2,-9,thankyou
2.0673084259033203,0,-1,2,-10,-2,2,12,3,20,3,10,1,6,-5,thankyou
2.082991123199463,7,4,5,-3,-3,0,10,3,28,11,23,23,26,8,thankyou
2.082991123199463,9,4,0,-1,-10,-14,-4,0,20,3,30,39,29,15,thankyou
2.082991123199463,18,5,9,-1,-9,-17,-21,0,5,-14,16,28,4,8,thankyou
2.0983920097351074,21,14,9,0,3,-11,-27,-6,-13,-22,0,14,-9,0,thankyou
2.113953828811645,7,18,-2,3,12,-13,-28,-11,-26,-24,0,5,-5,-9,thankyou
2.113953828811645,-1,15,9,4,9,-7,-30,-5,-31,-19,5,2,-8,-14,thankyou
2.1289803981781006,1,20,11,14,12,3,-27,-9,-42,-11,10,1,-10,-10,thankyou
2.1289803981781006,16,34,19,24,15,7,-18,-15,-44,-10,17,8,-1,5,thankyou
2.144408702850342,25,39,27,33,14,12,0,-1,-15,3,20,10,10,15,thankyou
2.144408702850342,-3,10,-4,21,13,14,12,5,0,11,-3,-15,-4,-5,thankyou
2.159676551818848,-43,-26,-27,-11,1,14,22,0,-2,-6,-42,-43,-33,-33,thankyou
2.159676551818848,-41,-32,-32,-19,-7,25,45,5,12,-2,-43,-47,-27,-30,thankyou
2.175074815750122,-25,-23,-24,-6,0,27,53,16,17,13,-31,-43,-17,-15,thankyou
2.175074815750122,-27,-26,-17,0,2,7,33,11,0,1,-41,-39,-28,-13,thankyou
2.191118001937866,-17,-22,-16,2,-5,-7,12,-2,0,0,-38,-19,-18,0,thankyou
2.191118001937866,2,-9,0,1,-13,-6,0,-3,4,14,-13,0,3,20,thankyou
2.206339120864868,6,-12,-2,-1,-9,0,-3,0,7,16,0,-1,10,19,thankyou
2.206339120864868,0,-19,-8,-5,-2,1,0,1,24,20,0,0,20,15,thankyou
2.221435785293579,-1,-18,0,-19,-4,0,-4,-1,28,17,3,6,22,17,thankyou
2.221435785293579,8,-15,-2,-21,-7,-6,-15,-6,4,-3,5,5,2,7,thankyou
2.237144947052002,20,-3,8,-14,-6,-13,-22,-4,-9,-14,13,16,0,-1,thankyou
2.237144947052002,13,2,9,-13,-5,-18,-22,-6,0,-5,23,22,11,-4,thankyou
2.2528061866760254,0,-2,1,-16,-10,-23,-17,-1,-3,-13,14,9,1,-9,thankyou
2.2528061866760254,3,1,6,-15,-9,-14,-8,10,-5,-17,7,13,-3,-3,thankyou
2.268462419509888,15,18,3,0,1,-3,4,11,12,4,26,24,17,9,sil
2.268462419509888,18,32,17,17,9,0,7,4,17,8,32,23,22,8,sil
2.2840824127197266,4,33,16,21,9,0,-2,1,-5,-10,11,9,0,-5,sil
2.2840824127197266,-8,17,0,10,8,-4,-11,1,-15,-16,-10,-3,-13,-10,sil
2.2996580600738525,-1,10,2,11,9,2,-1,-1,0,-5,-8,0,0,3,sil
2.2996580600738525,7,13,0,17,3,9,0,-6,-1,3,8,6,14,14,sil
2.314949512481689,-2,4,1,8,-2,2,-16,-2,-13,6,12,4,3,4,sil
2.314949512481689,-4,-1,4,3,7,5,-11,1,0,9,10,1,0,-7,sil
2.33103084564209,10,2,6,6,18,16,8,1,17,10,16,1,3,0,sil
2.33103084564209,6,-1,6,7,9,13,10,3,0,2,7,-2,-6,4,sil
2.34633731842041,-7,-12,-8,6,-1,0,3,-5,-14,-2,-9,-9,-15,-1,sil
2.34633731842041,3,-3,0,4,0,1,13,-5,-2,3,-7,-5,-3,0,sil
2.3614397048950195,11,6,7,3,6,10,25,4,5,8,-2,-2,0,5,sil
2.3614397048950195,-8,-1,-5,-1,2,8,20,4,-4,2,-21,-16,-12,-1,sil
2.3770976066589355,-16,-14,-1,-11,-5,8,11,-5,-18,0,-38,-21,-19,-9,sil
2.3770976066589355,-13,-15,-7,-9,-11,1,6,-10,-16,-5,-34,-19,-15,-9,sil
2.392164945602417,-20,-15,-15,-14,-21,-14,0,-3,-14,-18,-36,-23,-12,-10,sil
2.4092071056365967,-24,-16,-11,-21,-25,-15,-4,0,-13,-16,-31,-21,-8,-13,sil
2.4092071056365967,-9,-11,-8,-14,-13,-1,-1,-1,-4,-6,-5,-5,0,-5,sil
2.4092071056365967,7,1,4,0,3,1,-1,1,9,0,12,13,8,11,sil
2.424168109893799,11,9,0,9,7,-3,0,4,22,13,13,16,15,17,sil
2.424168109893799,4,1,-4,1,3,-4,-4,1,18,10,8,10,12,4,sil
2.440184593200684,-2,-5,-6,-11,2,-2,-13,0,6,-4,13,8,10,-1,sil
2.440184593200684,1,2,-8,-6,3,-7,-12,0,14,7,24,11,20,7,sil
2.4558401107788086,17,15,9,4,4,-6,-11,4,22,21,29,23,25,12,sil
2.4558401107788086,18,9,5,0,5,-4,-9,7,16,12,26,21,17,0,sil
2.471387386322021,0,-5,-3,-10,-2,-10,-8,3,7,0,14,2,0,-15,sil
2.471387386322021,-8,-13,0,-12,-8,-10,-15,0,-4,-16,0,-8,-10,-15,sil
2.4863080978393555,4,-11,1,-1,0,-5,-16,0,-16,-24,6,0,-7,-7,sil
2.4863080978393555,16,6,14,17,7,2,0,1,-12,-6,19,17,-4,-3,sil
2.502947330474853,11,22,13,29,17,14,15,0,0,8,11,7,-8,0,sil
2.502947330474853,5,17,10,28,20,21,15,1,4,8,-7,-9,-11,7,sil
2.5169715881347656,2,11,10,22,7,21,6,3,0,9,-16,-10,-12,7,sil
2.5169715881347656,-7,5,-5,21,1,12,4,-1,-8,5,-22,-16,-14,2,sil
2.53240966796875,-10,-1,1,15,3,10,10,0,-6,-3,-18,-16,-5,11,sil
2.5493948459625244,-5,-5,1,0,0,8,15,0,0,2,-7,-7,3,17,sil
2.550394058227539,-8,-9,-12,-19,-12,-6,6,-9,-14,-1,-19,-8,-4,4,sil
2.550394058227539,-9,-13,-12,-27,-23,-16,0,-10,-19,-14,-28,-6,-7,0,sil
2.5652804374694824,-1,-12,-16,-20,-20,-15,2,-1,-2,-6,-7,-2,7,0,sil
2.5652804374694824,-1,-8,-8,-27,-10,-17,-6,0,-2,-3,1,0,6,-9,sil
2.579079389572144,-7,-1,-4,-32,-10,-15,-14,0,-6,-8,2,6,2,-16,sil
2.594282627105713,0,9,0,-15,-10,-4,-6,2,5,-3,15,12,12,-9,sil
2.594282627105713,6,10,12,0,-1,-2,-7,3,4,-2,19,11,10,-3,sil
2.6103720664978027,-3,0,-3,0,6,-8,-17,1,-9,-11,7,1,-3,-7,sil
2.6103720664978027,-8,5,1,7,15,4,-5,5,0,-3,3,0,-4,-1,sil
2.6263983249664307,0,12,15,31,20,25,21,7,16,24,10,3,7,7,sil
2.6263983249664307,0,-2,1,26,14,25,26,3,13,28,4,-1,7,2,sil
2.641282081604004,-4,-14,-5,1,8,16,18,0,5,5,-9,-6,-4,-1,sil
2.641282081604004,2,-6,-4,1,3,6,18,-6,17,5,-10,-6,-7,8,sil
2.6568944454193115,16,-2,4,6,-2,-3,10,-5,22,12,-3,0,-3,14,sil
2.6568944454193115,20,-1,4,0,0,-7,-9,0,14,2,5,10,3,8,sil
2.672456741333008,13,5,0,-2,-2,-14,-22,2,8,-2,11,14,10,0,sil
2.672456741333008,9,8,11,-8,-12,-21,-27,2,-2,-8,6,7,1,-9,sil
2.6879262924194336,5,2,3,-11,-5,-18,-26,-4,-20,-26,-1,-1,-11,-17,sil
2.6879262924194336,-4,-2,0,-9,-3,-10,-21,-9,-38,-35,-8,-6,-14,-12,sil
2.7030904293060303,-17,-3,-4,-3,-7,1,-7,-1,-42,-21,-12,-13,-10,-8,sil
2.7030904293060303,-14,1,-11,6,4,13,10,4,-26,-5,-6,-17,-6,-6,sil
2.718890190124512,-1,6,9,16,14,19,17,1,-7,4,0,-5,-1,3,sil
2.718890190124512,-2,-1,5,14,7,19,18,-6,0,17,0,-2,2,7,sil
2.734527111053467,-9,-14,-9,5,5,11,15,0,12,25,-2,-5,5,9,sil
2.734527111053467,-2,-12,-8,2,6,4,8,9,31,26,0,0,13,17,sil
2.7501139640808105,4,-3,-7,0,-2,0,-1,1,35,23,3,8,20,16,sil
2.7501139640808105,4,0,6,-8,-13,-8,-6,0,27,16,11,17,19,9,sil
2.765794515609741,3,-10,1,-19,-19,-14,-1,4,29,10,13,19,15,9,sil
2.765794515609741,2,-10,-8,-24,-19,-18,-5,1,23,2,1,11,4,2,sil
2.7815017700195312,0,7,-6,-17,-5,-15,-16,-3,0,-6,0,5,-3,-10,sil
2.7815017700195312,2,14,-4,-2,4,-7,-12,0,-14,-12,12,2,0,-12,sil
2.796943426132202,8,11,9,5,0,-3,-6,1,-17,-24,11,4,-3,-9,sil
2.796943426132202,2,17,6,8,0,-8,-8,0,-18,-32,4,2,-11,-9,sil
2.812220573425293,0,17,1,12,12,-3,-2,2,-23,-27,5,-9,-15,-8,sil
2.812220573425293,4,13,7,16,12,14,3,3,-28,-15,3,-14,-15,-6,sil
2.827746629714966,0,12,-1,27,14,16,7,-3,-19,-2,-2,-12,-15,-6,sil
2.827746629714966,-15,4,0,25,18,14,20,-2,-9,6,-13,-12,-20,-3,sil
2.843343496322632,-19,-8,-3,9,8,19,26,0,-3,13,-20,-22,-18,-2,sil
2.843343496322632,-7,-12,-10,0,-1,18,15,-2,-1,11,-20,-22,-10,0,sil
2.858989953994751,-5,-8,-2,1,2,11,11,-1,-4,7,-18,-12,-9,0,sil
2.858989953994751,-13,-13,-11,-4,0,-1,9,-2,-5,2,-22,-10,-12,0,sil
2.875098466873169,-2,-19,-2,-17,-15,-7,0,0,4,2,-17,0,-1,8,sil
2.875098466873169,16,-15,10,-18,-14,2,0,8,25,12,3,19,16,25,sil
2.891221523284912,13,-7,5,-15,-4,0,4,5,30,12,11,17,26,19,sil
2.891221523284912,1,-5,2,-15,-7,-10,-4,0,12,1,4,7,21,0,sil
2.907201766967773,0,-13,-8,-29,-17,-10,-11,-5,1,0,3,2,16,-8,sil
2.907201766967773,3,-8,0,-40,-19,-13,-12,-4,5,2,7,4,19,-1,sil
2.9229485988616943,9,12,11,-14,-5,-18,-13,0,12,3,11,14,27,5,sil
2.9229485988616943,17,20,10,14,2,-14,-19,1,7,2,8,19,21,5,sil
2.938478469848633,17,13,12,11,0,-4,-25,-4,-6,-5,7,17,5,-2,sil
2.938478469848633,8,11,2,7,5,-5,-15,-6,-3,-2,21,11,1,-5,sil
2.9538965225219727,0,9,0,9,11,-3,-4,4,8,2,22,8,1,-1,sil
2.9538965225219727,-1,5,-2,11,8,0,-7,4,0,-6,8,3,-1,-2,sil
2.9700021743774414,0,4,-6,21,7,-2,-5,-1,-8,-17,6,0,-4,-7,sil
2.9700021743774414,-2,9,6,17,9,0,1,3,-4,-15,9,0,-9,-11,sil
2.9852747917175293,-13,5,-2,7,10,9,3,2,-5,-9,3,-5,-17,-12,sil
2.9852747917175293,-17,-2,-6,9,6,14,1,-1,-13,-8,-11,-13,-18,-6,sil
3.000340223312378,-13,-2,-4,15,8,17,6,1,-3,1,-16,-12,-9,2,sil
3.000340223312378,-10,0,-10,10,13,13,15,1,3,15,-3,-11,-1,7,sil
3.0154733657836914,-2,1,3,7,11,9,17,-2,-10,14,-1,-6,-5,7,sil
3.0154733657836914,6,-3,5,11,3,10,16,-4,-22,0,-13,-10,-15,3,sil
3.031034231185913,5,-4,1,5,-3,5,11,-4,-22,-12,-19,-15,-16,2,sil
3.031034231185913,-4,-2,-1,-5,-9,0,16,0,-12,-8,-17,-11,-12,4,sil
3.0463669300079346,-6,-13,-14,-15,-15,-3,22,3,0,11,-15,-9,-15,2,sil
3.0463669300079346,-3,-14,-2,-18,-20,-5,13,1,9,13,-10,-10,-14,1,sil
3.062063217163086,-1,-3,2,-7,-15,-5,-2,-4,16,9,1,-8,-2,1,sil
3.062063217163086,0,-3,-1,-3,-5,-1,-11,0,14,17,4,-5,-4,-1,sil
3.077961206436157,-4,-11,-8,-16,-6,-3,-13,5,11,11,-1,-2,-11,-2,sil
3.077961206436157,-3,-12,-10,-11,-6,-7,-12,4,21,-1,4,4,7,0,sil
3.0930886268615723,9,-2,7,1,0,0,-6,4,21,-1,13,17,32,2,sil
3.1091740131378174,9,2,0,-5,5,2,0,-1,6,-4,0,14,27,-4,sil
3.1091740131378174,0,1,-5,-17,3,-2,2,-3,0,-13,-6,5,18,-5,sil
3.124411106109619,5,1,12,-11,3,-2,0,1,3,-5,11,12,27,0,sil
3.124411106109619,7,3,2,-4,3,-6,-6,0,-2,3,14,12,32,-4,sil
3.124411106109619,1,4,6,-5,0,-5,-14,-5,-13,-6,0,7,21,-4,sil
3.1400368213653564,6,11,13,4,0,2,-7,-1,-7,-4,9,13,17,12,sil
3.1400368213653564,9,14,0,6,-1,-2,-2,0,-4,1,11,13,2,13,sil
3.155953884124756,2,11,0,2,3,-6,-9,0,-9,-5,-7,3,-21,0,sil
3.1731526851654053,0,8,1,10,9,0,-6,0,-1,-7,-3,-2,-18,0,sil
3.1731526851654053,-5,4,1,9,1,1,0,1,5,-1,4,-3,-12,1,sil
3.1731526851654053,-8,5,-2,2,0,1,5,4,5,-4,-5,-6,-24,-5,sil
3.1872689723968506,7,11,6,11,8,4,5,1,2,-3,3,5,-12,4,sil
3.1872689723968506,18,11,14,14,2,0,0,-2,-8,3,20,16,5,13,sil
3.203368663787842,3,-2,-5,3,-7,-6,-6,-6,-18,1,7,0,-2,-2,sil
3.203368663787842,-6,-6,0,4,-2,-7,-5,0,-10,-2,-7,-10,-15,-12,sil
3.219003438949585,-13,-11,-2,2,3,-2,-1,2,-1,-4,-4,-12,-12,-15,sil
3.2347447872161865,-17,-21,-19,-10,0,1,0,-1,-6,-9,-6,-18,-11,-19,sil
3.2347447872161865,-6,-14,-6,-8,-4,9,1,-4,-10,-6,-14,-15,-8,-6,sil
3.2347447872161865,-3,-5,-3,0,0,5,1,-3,-1,4,-12,-13,-3,2,sil
3.251314878463745,-10,-4,-3,0,-2,-2,1,2,0,3,-7,-15,-1,-6,sil
3.251314878463745,-1,3,1,4,-7,0,5,4,-4,-3,1,-6,2,-4,sil
3.2659788131713867,2,2,-3,1,-5,2,7,1,4,4,4,1,6,4,sil
3.2659788131713867,-2,-2,6,-8,1,5,7,7,16,18,-1,8,3,2,sil
3.2820398807525635,6,6,6,11,14,17,17,9,21,27,2,8,9,7,sil
3.297184467315674,17,15,6,22,15,12,19,0,18,13,4,9,11,19,sil
3.297184467315674,5,4,1,0,2,-2,6,-1,8,-6,-4,8,0,9,sil
3.3129372596740723,-6,-8,-9,-13,-6,-4,0,-1,1,-6,-9,0,-3,-4,sil
3.3129372596740723,0,-5,-1,-8,-5,6,5,-1,2,7,0,1,5,5,sil
3.3129372596740723,10,0,-1,-6,-1,4,5,0,0,9,8,9,10,15,sil
3.3289589881896973,11,-1,0,-4,-2,-8,-1,-3,0,0,4,9,9,10,sil
3.3289589881896973,4,0,7,7,0,-3,-2,-8,11,7,1,8,15,7,sil
3.343268394470215,-3,-5,-8,8,4,3,-4,-9,1,5,2,1,8,0,sil
3.3588638305664062,-10,-13,-8,-9,0,-7,-15,-2,-25,-27,-1,-11,-11,-17,sil
3.3588638305664062,-10,-7,-3,-10,-3,-11,-17,0,-12,-30,0,-12,-8,-16,sil
3.374958276748657,-4,3,1,-1,-1,-3,-10,3,12,1,4,-1,6,0,sil
3.374958276748657,-6,1,1,-11,-5,-4,-6,6,4,4,0,-1,-1,-1,sil
3.3910350799560547,-8,0,-3,-13,-7,-11,-1,4,-4,-6,-1,-7,-9,-8,sil
3.3910350799560547,1,8,9,0,-2,-7,-6,1,-1,-2,7,1,0,-1,sil
3.406205177307129,9,15,1,5,0,-1,-17,-3,-8,0,6,4,0,-1,sil
3.406205177307129,5,10,0,0,0,-1,-15,-4,-21,-8,-7,-1,-14,-6,sil
3.4225032329559326,2,4,12,-1,5,0,-10,-1,-25,-8,-8,3,-10,-2,sil
3.4225032329559326,3,1,3,4,5,-4,-6,-2,-14,0,7,12,7,-2,sil
3.4384260177612305,7,5,7,4,0,0,3,0,5,7,13,17,7,2,sil
3.4384260177612305,0,4,8,6,0,8,16,3,16,7,-3,3,-7,5,sil
3.4545693397521973,-11,-2,-4,3,-1,0,15,3,8,-8,-24,-13,-17,-5,sil
3.4545693397521973,-4,0,0,-1,0,2,18,7,12,-6,-14,-2,-4,0,sil
3.4545693397521973,8,3,1,0,8,15,26,7,22,14,8,6,13,17,sil
3.4695045948028564,-4,-7,-2,0,6,9,13,-1,1,6,0,-8,-1,1,sil
3.4845690727233887,-19,-12,-11,-3,0,2,3,-6,-12,-9,-13,-24,-16,-18,sil
3.4845690727233887,2,-5,-7,3,1,7,10,0,5,2,0,-5,4,2,sil
3.5004711151123047,17,0,8,13,0,9,3,6,19,16,15,11,20,20,sil
3.5004711151123047,-5,-6,-8,6,-4,2,-10,0,6,9,9,-3,6,0,sil
3.515376329421997,-10,-4,-12,0,0,0,-9,-6,-8,-3,-3,-11,-5,-13,sil
3.515376329421997,10,1,0,4,2,-7,-11,-6,-8,-4,2,8,2,-1,sil
3.531031608581543,12,2,5,0,-2,-11,-17,-2,-5,0,9,13,11,4,sil
3.531031608581543,4,6,9,-3,-1,0,-2,1,-11,-6,-5,2,1,0,sil
3.54614520072937,5,4,-3,3,2,0,10,2,-2,-2,-8,-1,-2,0,sil
3.54614520072937,4,-1,2,2,-4,-5,4,8,15,10,7,3,8,7,sil
3.562303304672241,4,6,14,0,-4,4,6,5,15,13,14,9,13,9,sil
3.562303304672241,6,8,1,8,3,1,7,-8,-6,0,5,1,-2,1,sil
3.5777792930603027,-2,-8,-4,0,-1,-14,-9,-9,-15,-12,-1,-7,-15,-6,sil
3.5777792930603027,-14,-16,-12,-10,-9,-8,-12,0,0,-12,0,-7,-4,-8,sil
3.5938467979431152,-8,-2,-2,0,-1,4,-5,0,-2,-2,-2,1,-2,-5,sil
3.5938467979431152,-4,4,9,3,8,0,-14,-7,-15,3,-3,5,-6,-2,sil
3.609606504440308,-7,0,0,-5,5,-6,-14,-3,-4,4,1,6,2,0,sil
3.609606504440308,-5,2,3,-5,0,0,3,4,9,0,0,8,4,3,sil
3.6254665851593018,-6,3,-4,0,2,2,10,0,4,-6,-11,-9,-4,-2,sil
3.6254665851593018,-10,-5,-11,-11,0,2,2,0,-3,-4,-13,-20,-6,-5,sil
4.156183481216431,0,3,0,17,10,11,13,0,26,18,4,0,3,13,sil
4.156183481216431,2,0,1,15,4,0,6,0,17,17,6,5,6,11,sil
4.17235279083252,3,-5,-6,4,-3,-4,6,-3,19,19,0,2,12,10,sil
4.17235279083252,4,-2,0,-1,-4,2,10,0,31,13,-4,1,16,19,sil
4.17235279083252,9,1,-2,3,-2,3,10,1,34,17,8,7,23,26,sil
4.187979221343994,14,-2,-1,0,-7,-11,3,0,26,23,17,17,29,19,sil
4.2040956020355225,5,-12,-2,-16,-8,-17,0,0,22,21,10,13,24,10,sil
4.2040956020355225,3,-10,-6,-13,-3,-12,1,1,12,11,5,9,16,6,sil
4.2040956020355225,18,4,7,-7,-8,-19,-12,-5,-12,-9,13,20,9,-1,sil
4.218252420425415,14,8,-1,-15,-12,-24,-33,-9,-30,-25,13,9,-4,-14,sil
4.233420372009277,-1,1,-7,-9,-3,-11,-31,-3,-26,-19,2,-7,-16,-19,sil
4.233420372009277,-2,5,4,-2,1,5,-13,2,-19,-17,0,0,-13,-15,sil
4.249006509780884,0,9,1,-6,4,2,-4,1,-18,-24,3,5,-11,-14,sil
4.249006509780884,2,7,12,0,12,0,-6,5,-16,-20,1,4,-15,-10,sil
4.26416802406311,0,5,8,4,11,2,-8,1,-16,-8,0,-1,-16,-8,sil
4.26416802406311,-10,1,-7,-4,1,0,-11,-6,-22,-4,-4,-8,-11,-10,sil
4.279505014419556,-11,0,-7,-3,-2,-6,-11,-2,-21,-4,-4,0,-6,-11,sil
4.279505014419556,-8,-5,-8,2,-3,-3,-3,2,-8,-2,-6,-3,-12,-12,sil
4.294696569442749,-20,-15,-5,-6,-6,7,7,1,-3,-8,-17,-26,-25,-16,sil
4.294696569442749,-20,-6,-3,-1,1,21,22,0,3,-7,-20,-28,-20,-9,sil
4.311222076416016,-2,6,0,14,8,17,30,1,10,4,-11,-13,-8,2,sil
4.311222076416016,0,1,3,17,2,4,24,5,3,5,-7,-10,-5,2,sil
4.327298164367676,-4,-4,-7,15,3,3,23,2,2,0,0,-12,1,2,sil
4.327298164367676,0,4,2,11,11,12,24,0,7,12,3,0,11,16,sil
4.342978239059448,-2,1,4,9,1,8,13,4,10,26,-2,0,16,18,sil
4.342978239059448,0,-11,-3,2,-17,-6,-3,3,16,12,-7,-2,18,10,sil
4.358191967010498,7,-5,8,-2,-12,-6,-9,0,24,3,4,11,23,17,sil
4.358191967010498,7,2,1,-3,1,0,-4,0,23,12,11,20,26,19,sil
4.373155832290649,6,-2,-1,-6,-4,-3,-4,0,14,10,0,16,12,7,sil
4.373155832290649,12,-5,2,-8,-6,-4,-11,-2,5,1,1,9,1,0,sil
4.388736963272095,12,2,4,-5,3,-3,-21,-7,0,-4,15,9,5,0,sil
4.388736963272095,16,15,13,-1,6,-5,-22,-3,-1,-9,20,22,5,4,sil
4.403949499130249,22,19,8,2,7,-11,-15,-2,-2,-1,20,23,0,10,sil
4.403949499130249,8,14,3,0,7,-9,-11,0,-16,-8,13,5,-7,-1,sil
4.4200215339660645,-4,11,-3,-3,2,0,-5,-3,-34,-27,1,-4,-16,-17,sil
4.4200215339660645,-3,1,-3,0,3,0,3,-5,-34,-21,-8,-8,-17,-13,sil
4.435316562652588,-10,-11,8,0,2,6,7,2,-23,1,-21,-15,-13,-11,sil
4.435316562652588,-19,-13,-8,-1,0,19,16,1,-3,12,-19,-22,-5,-11,sil
4.451598405838013,-16,-12,-14,-1,0,17,21,0,15,18,-6,-20,0,-2,sil
4.451598405838013,-18,-17,-7,1,-3,5,12,6,28,24,-10,-15,0,-5,sil
4.467324256896973,-21,-22,-16,-2,-15,-4,7,7,28,21,-16,-15,4,-7,sil
4.467324256896973,-9,-17,-9,-13,-14,-5,9,2,24,14,-3,-3,13,11,sil
4.483408689498901,0,-8,0,-15,-7,-6,4,0,15,2,4,9,16,17,sil
4.483408689498901,8,2,7,-7,-9,-15,-10,-1,-3,-12,2,12,8,0,sil
4.499002456665039,19,19,8,3,-4,-13,-13,0,-11,-16,13,14,7,-2,sil
4.499002456665039,29,24,4,11,6,-7,-8,-1,-2,-11,25,23,8,4,sil
4.514616966247559,23,12,18,6,3,-9,-14,-2,-3,-11,15,28,-1,3,sil
4.514616966247559,7,0,10,0,0,-10,-14,-2,-6,-12,4,7,-6,-1,sil
4.530338764190674,1,3,-3,0,5,-5,-8,-4,-7,-15,-2,-9,-9,-3,sil
4.530338764190674,0,5,-2,4,9,2,-10,-3,-19,-23,-12,-11,-24,-5,sil
4.546151161193848,-11,0,-7,4,2,1,-11,1,-25,-20,-18,-16,-30,-7,sil
4.546151161193848,-14,1,0,-1,2,4,-1,5,-12,-11,-13,-13,-16,-5,sil
4.561224699020386,-4,5,0,0,10,19,12,2,3,0,-2,0,-5,-4,sil
4.561224699020386,-1,0,-3,11,11,23,23,4,10,13,6,1,0,0,sil
4.576448202133179,-4,0,0,14,7,12,25,10,10,23,15,1,9,9,sil
4.576448202133179,3,4,0,21,9,3,17,4,11,29,18,10,22,15,sil
4.592155456542969,7,2,10,11,1,0,2,-5,0,12,8,14,20,10,sil
4.592155456542969,-8,-9,-4,-16,-11,-1,-2,-11,-13,0,-1,-6,7,-1,sil
4.607126951217651,-19,-15,-20,-24,-6,2,0,-7,-16,4,-6,-20,-2,-12,sil
4.607126951217651,-14,-5,-2,-2,2,11,3,0,-3,11,-7,-7,-4,-10,sil
4.623316049575806,-9,0,-2,8,-3,3,6,1,9,10,-7,-5,0,0,sil
4.623316049575806,0,1,-2,2,-9,-3,0,0,12,7,-7,-3,0,5,sil
4.638500452041626,12,4,4,2,-1,-7,-12,0,8,0,-1,7,0,3,sil
4.638500452041626,9,-1,4,-1,-1,-10,-12,-1,5,-7,3,3,2,0,sil
4.653139114379883,9,0,14,-2,-2,0,1,1,16,-1,5,2,11,3,sil
4.653139114379883,19,8,9,7,6,7,16,4,26,8,7,9,10,9,sil
4.668224811553955,14,4,6,0,4,-3,12,5,9,3,0,6,-1,5,sil
4.686813116073608,0,-8,-3,-17,-6,-8,0,0,-7,-7,-12,-4,-10,0,sil
4.686813116073608,-8,-17,-16,-22,-10,-7,-11,-1,-7,-12,-19,-14,-14,-3,sil
4.686813116073608,-9,-12,-7,-16,-7,-8,-14,6,-4,-12,-15,-15,-12,-8,sil
4.699488639831543,-10,-4,-7,-7,-2,-11,-13,0,-3,-9,-7,-7,0,-7,sil
4.7160749435424805,-14,-5,-5,-14,-6,-16,-19,-13,-16,-19,-14,-2,-5,-9,sil
4.7160749435424805,-21,-7,-7,-25,-15,-12,-24,-11,-25,-34,-16,-6,-20,-14,sil
4.7160749435424805,-13,0,-11,-6,-11,0,-10,3,-7,-17,4,1,-4,-4,sil
4.730129241943359,0,6,7,9,-1,7,8,7,3,12,21,15,19,7,sil
4.7456114292144775,6,4,7,0,3,1,11,0,2,26,25,15,26,10,sil
4.7456114292144775,21,13,14,5,10,8,4,3,4,20,31,22,24,17,sil
4.761384725570679,32,23,22,30,20,20,6,5,4,13,30,29,21,22,sil
4.761384725570679,20,14,6,29,16,3,8,-3,0,4,16,13,10,7,sil
4.777100086212158,12,13,9,16,5,-9,3,0,5,4,13,9,3,0,sil
4.777100086212158,10,21,10,28,9,2,2,5,11,11,16,7,1,1,sil
4.7921435832977295,-1,10,2,23,8,6,0,2,4,-2,0,-7,-11,-4,sil
4.7921435832977295,-7,-7,-8,-4,-1,0,4,5,1,-15,-16,-17,-26,-18,sil
4.808224201202393,-5,-11,-15,-11,1,5,18,0,2,-4,-17,-17,-27,-21,sil
4.808224201202393,-7,-6,0,1,10,10,15,-6,-8,-2,-26,-18,-20,-8,sil
4.82427716255188,-6,-8,-3,6,2,1,-1,-5,-11,-8,-22,-15,-7,0,sil
4.82427716255188,-1,-12,-6,1,-6,-2,-10,-1,-2,-1,-7,-7,0,0,sil
4.839524745941162,-9,-9,-2,-2,-3,2,-8,-3,-7,-2,-15,-11,-7,-1,sil
4.839524745941162,-12,-5,-8,-5,2,4,-4,-2,-7,-2,-19,-14,-5,0,sil
4.854804992675781,4,4,2,1,6,10,12,1,12,21,11,9,16,17,sil
4.854804992675781,11,5,1,7,3,7,22,-1,20,31,34,22,27,26,sil
4.8703320026397705,-3,-3,-4,-4,-8,-4,8,-1,0,7,8,2,8,10,sil
4.8703320026397705,-15,-8,0,-19,-15,0,0,0,-10,-2,-16,-2,-5,-2,sil
4.886087417602539,-15,-13,-17,-21,-7,3,1,-3,-2,4,-12,0,0,-4,sil
4.886087417602539,-17,-25,-18,-35,-11,-14,-8,1,0,-4,-13,-14,1,-11,sil
4.901095151901245,-16,-28,-14,-43,-25,-20,-15,6,4,-17,-18,-24,-3,-15,sil
4.901095151901245,-6,-19,-11,-30,-27,-20,-17,1,-1,-23,-15,-10,-11,-13,sil
4.917076826095581,2,-1,6,-17,-14,-27,-27,-2,-15,-23,-5,7,-11,-13,sil
4.917076826095581,10,16,13,-9,-4,-22,-28,-1,-10,-12,13,13,5,-10,sil
4.9321370124816895,20,28,25,3,0,-9,-19,2,-3,-4,33,28,16,0,sil
4.9321370124816895,23,31,26,29,10,-3,-12,0,-14,-5,34,34,6,4,sil
4.947538614273071,13,25,14,34,17,0,-6,-7,-23,-10,14,17,-7,-1,sil
4.947538614273071,7,20,14,18,16,11,0,0,-13,-11,1,4,-12,-1,sil
4.962954759597778,9,21,10,26,20,20,12,7,6,3,13,5,0,8,sil
4.962954759597778,13,27,16,48,29,26,27,6,19,23,17,6,10,18,sil
4.978094577789307,3,13,-1,38,24,35,30,1,20,24,0,-5,5,13,sil
4.978094577789307,-15,-13,-22,6,6,28,25,2,20,15,-15,-25,-7,0,sil
4.993229150772095,-19,-20,-14,-12,-1,13,28,10,23,18,-24,-28,-7,2,sil
4.993229150772095,-11,-21,-25,-12,2,4,25,3,24,22,-28,-26,1,7,sil
5.008561611175537,-18,-31,-24,-13,-4,0,6,-4,13,7,-20,-25,0,-1,sil
5.008561611175537,-22,-26,-11,-17,-12,-1,0,-3,13,1,0,-8,4,-4,sil
5.024240970611572,3,-7,-5,-5,-4,0,8,0,18,16,16,13,26,12,sil
5.024240970611572,21,-1,13,1,0,-3,0,2,4,13,19,24,23,14,sil
5.0403454303741455,9,-6,12,-4,-7,-20,-12,-2,-9,-3,8,16,0,0,sil
5.0403454303741455,8,0,8,-6,-8,-21,-9,-9,-17,-14,-5,7,-5,-2,sil
5.055513143539429,11,10,8,2,-6,-10,-14,-7,-31,-20,-10,5,-3,-1,sil
5.055513143539429,3,5,-2,2,-7,-15,-28,-6,-36,-24,-7,1,-10,-10,sil
5.072011232376099,6,2,0,0,-6,-13,-24,-2,-16,-15,0,6,-6,-6,sil
5.072011232376099,6,3,2,1,0,2,0,4,3,-4,7,6,3,0,sil
5.086715459823608,-2,0,4,-1,-2,1,4,5,2,-8,0,0,-2,-1,sil
5.102495431900024,0,2,8,-4,-2,-7,-7,-1,-4,-6,0,0,-7,-1,sil
5.102495431900024,4,9,2,-1,0,-7,-14,-6,-8,-2,11,2,-1,-1,sil
5.102495431900024,-3,7,0,-4,-4,-1,-10,-3,-9,-14,0,-2,-7,-12,sil
5.119042873382568,-13,-2,-16,-14,-4,2,-4,0,-5,-9,-7,-12,-10,-17,sil
5.119042873382568,-13,-6,-16,-25,-1,-1,0,3,0,7,3,-6,-5,-8,sil
5.135039329528809,-8,2,1,-23,0,0,5,3,3,2,8,1,-2,-1,sil
5.135039329528809,-9,9,-3,-1,10,9,11,-1,12,-1,1,-4,0,0,sil
5.151060581207275,-13,1,-1,7,16,14,10,0,5,5,0,-7,0,3,sil
5.151060581207275,-12,-4,-1,2,7,10,4,1,-5,5,-1,-4,-2,1,sil
5.166071891784668,-3,0,5,4,1,5,0,1,-6,1,-5,-3,-7,0,sil
5.166071891784668,6,7,17,14,5,6,-1,4,-2,-3,-11,2,-6,5,sil
5.182119131088257,13,5,6,19,4,1,3,1,0,-1,-10,6,0,11,sil
5.182119131088257,10,1,3,11,0,0,1,1,4,11,-6,5,3,11,sil
5.197351932525635,2,0,-2,6,-1,0,-1,0,5,16,0,-1,7,5,sil
5.197351932525635,0,-6,-5,10,0,2,3,0,-1,0,0,-13,4,0,sil
5.2126007080078125,0,-12,3,11,0,11,14,0,4,7,-2,-17,-1,1,sil
5.228389024734497,-8,-15,-9,0,-1,9,17,2,26,31,0,-11,3,5,sil
5.228389024734497,-10,-12,-8,-7,-9,-6,2,2,22,12,0,2,6,0,sil
5.228389024734497,10,0,3,2,-7,-3,0,0,3,-9,-7,10,3,0,sil
5.244992017745972,28,9,9,10,3,7,9,-5,3,0,4,13,11,10,sil
5.244992017745972,18,13,15,1,5,-2,1,-3,5,1,22,19,18,4,sil
5.260449409484863,8,9,4,4,2,-12,-12,-2,3,-4,24,22,20,-2,sil
5.260449409484863,14,9,2,11,5,-5,-1,2,7,5,20,25,27,9,sil
5.275049209594727,8,5,0,-2,5,-3,7,5,10,12,12,15,25,10,sil
5.290204286575317,-11,-5,-15,-17,0,-10,2,1,1,0,-7,-9,0,-11,sil
5.290204286575317,-17,-3,-9,-12,-4,-2,-1,-1,-16,-21,-15,-19,-18,-21,sil
5.305156230926514,-10,2,-7,-5,0,2,-4,-2,-16,-23,-7,-15,-16,-13,sil
5.305156230926514,-11,-2,0,-10,1,0,-4,-1,-3,-12,-7,-9,-11,-6,sil
5.321255207061768,-13,-13,-2,-16,-3,0,-2,-4,-11,-18,-11,-6,-20,-5,sil
5.321255207061768,-9,-15,-9,-12,-11,-5,-14,-10,-35,-25,-17,-10,-27,-5,sil
5.337038278579712,-2,-6,5,-12,-11,-9,-28,-3,-31,-5,-15,-1,-15,0,sil
5.337038278579712,1,2,5,-1,-2,-5,-16,3,-4,14,5,8,1,2,sil
5.352052688598633,2,4,3,7,0,-4,-7,2,-1,3,7,2,-4,0,sil
5.352052688598633,-9,-1,0,-2,-5,-3,-9,0,-12,-14,-7,-9,-18,-3,sil
5.367663145065308,-15,-8,-13,-15,-5,2,1,1,-7,-11,-9,-14,-15,-1,sil
5.367663145065308,0,0,-2,0,7,9,18,6,6,3,0,-3,0,5,sil
5.382819890975952,8,11,0,13,10,7,19,2,7,10,1,0,3,4,sil
5.382819890975952,-2,6,-3,2,-1,4,9,-2,0,2,-1,-5,-8,-2,sil
5.39846396446228,0,2,7,7,4,12,8,0,7,6,1,-3,-6,0,sil
5.39846396446228,12,6,11,19,15,15,6,0,30,21,14,9,11,4,sil
5.414355516433716,7,3,13,4,5,9,-2,1,41,25,15,16,12,4,sil
5.414355516433716,0,0,-2,0,6,5,0,2,40,27,12,9,13,5,sil
5.430373907089233,6,5,-3,6,13,-3,3,3,24,25,10,1,19,6,sil
5.430373907089233,10,7,9,7,0,-9,0,-1,-1,7,3,-2,11,1,sil
5.4457526206970215,6,-2,0,5,-11,-6,-1,-9,-19,-14,1,-1,2,-3,sil
5.4457526206970215,3,-2,4,-1,-6,-5,1,-3,-30,-24,0,2,0,-4,sil
5.461435317993164,2,9,6,-2,-5,-11,-2,0,-29,-20,-9,7,2,0,sil
5.461435317993164,4,7,2,10,-10,-7,-6,-2,-23,-11,-6,17,6,7,sil
5.477284669876099,8,-2,11,15,-7,4,0,0,-11,1,14,25,11,12,sil
5.477284669876099,6,-2,8,12,1,5,11,10,5,13,22,9,16,10,sil
5.492525339126587,3,1,3,5,3,2,5,7,17,4,2,0,13,5,sil
5.492525339126587,1,-3,-9,0,-3,2,-3,-3,11,-8,-6,3,4,2,sil
5.508033752441406,-2,-8,-15,-6,-6,2,0,-1,-4,-8,-1,-2,0,0,sil
5.508033752441406,-9,-8,-8,-12,-2,2,5,7,-4,-3,-8,-11,0,-4,sil
5.523980379104614,-16,-13,-19,-16,1,-1,2,0,6,-1,-20,-21,-1,-12,sil
5.523980379104614,-15,-10,-10,-17,1,-3,-3,-4,4,-6,-23,-21,-7,-17,sil
5.539456844329834,-6,3,0,-9,3,5,0,-1,3,-3,-11,-11,-1,-8,sil
5.539456844329834,2,7,-3,3,12,6,3,-2,8,4,0,-1,7,5,sil
5.554874420166016,-2,0,-3,3,12,-6,-5,0,0,-2,-1,-2,3,2,sil
5.554874420166016,-19,-8,-13,-16,-4,-16,-18,-1,-14,-15,-10,-15,-11,-15,sil
5.569956541061401,-21,-12,-13,-38,-12,-10,-13,-4,-17,-11,-17,-22,-27,-24,sil
5.569956541061401,-16,-8,-8,-26,0,3,3,-5,-10,0,-22,-22,-29,-19,sil
5.586010217666626,-11,-5,-5,0,6,4,8,-1,2,9,-14,-18,-17,-9,thankyou
5.586010217666626,-2,-3,6,1,1,0,-2,1,6,10,1,-1,-11,0,thankyou
5.601479768753052,0,1,1,-4,3,1,0,-2,1,9,9,9,-11,5,thankyou
5.601479768753052,0,5,11,0,0,0,2,0,-2,2,6,9,-16,7,thankyou
5.617477893829346,8,2,21,7,-13,-8,-3,7,3,0,11,8,-21,8,thankyou
5.617477893829346,19,6,13,14,-9,-6,0,5,13,4,20,14,-18,9,thankyou
5.633044481277466,32,25,26,27,3,9,12,1,14,15,28,34,-13,23,thankyou
5.633044481277466,37,31,19,40,11,11,8,3,1,16,36,40,-10,30,thankyou
5.648516178131104,23,14,11,36,6,3,-4,2,-11,0,30,24,-13,13,thankyou
5.648516178131104,13,9,18,33,1,5,-5,-1,-6,-6,27,22,-20,5,thankyou
5.6644446849823,13,9,8,21,-2,-1,-1,-4,-2,-1,22,27,-6,14,thankyou
5.6644446849823,3,0,-1,-7,-7,-8,-3,0,-8,-5,4,15,53,8,thankyou
5.680398464202881,0,1,-3,-4,1,8,3,3,6,0,0,-1,113,2,thankyou
5.680398464202881,6,5,-2,5,10,15,20,5,27,16,2,-6,106,7,thankyou
5.695996284484863,-10,-15,-19,-19,0,2,20,2,10,8,-14,-16,77,0,thankyou
5.695996284484863,-26,-27,-31,-30,-2,-6,-3,-5,-13,-13,-30,-25,70,-16,thankyou
5.711373567581177,-19,-11,-6,-13,-1,-12,-23,-4,-14,-20,-37,-23,22,-24,thankyou
5.711373567581177,-21,-17,-12,-25,-12,-19,-16,-3,-15,-16,-47,-34,-54,-30,thankyou
5.726787567138672,-27,-30,-25,-34,-15,-14,-5,-1,-23,-15,-38,-40,-72,-29,thankyou
5.726787567138672,-18,-15,-8,-14,-4,0,-4,-1,-20,-15,-19,-21,-49,-23,thankyou
5.742406606674194,-15,-5,-7,-14,-3,3,-6,-7,-7,-9,-17,-13,-49,-17,thankyou
5.742406606674194,-12,-10,-3,-22,-4,3,-3,-3,4,2,-14,-7,-48,-4,thankyou
5.757471561431885,3,0,3,1,8,8,3,3,21,14,3,3,-26,8,thankyou
5.757471561431885,15,11,7,23,11,5,5,4,24,8,14,8,-13,13,thankyou
5.773041486740112,9,8,12,16,4,0,4,8,26,9,17,13,-9,16,thankyou
5.773041486740112,5,4,6,13,8,3,15,9,33,30,26,19,0,17,thankyou
5.788201332092285,7,10,11,19,14,8,13,1,10,21,26,19,0,11,thankyou
5.803617715835571,0,13,4,20,6,5,0,-5,-21,-7,18,7,-4,2,thankyou
5.804617643356323,0,8,-1,9,-1,1,0,-2,-17,-6,14,0,-1,2,thankyou
5.804617643356323,11,7,6,-2,0,4,12,1,1,7,14,7,5,6,thankyou
5.819493532180786,5,9,-6,-2,0,0,0,-1,-1,-3,2,6,0,0,thankyou
5.819493532180786,-8,2,-4,-2,-11,-10,-23,-1,-13,-20,-12,-4,-12,-10,thankyou
5.835421085357666,-4,-5,0,-8,-13,-9,-22,0,-7,-11,-13,-9,-4,-13,thankyou
5.835421085357666,6,-2,-2,-12,-4,-7,-12,-2,-3,-3,-11,-1,6,-8,thankyou
5.851977348327637,13,8,9,-3,0,-9,-6,-2,-12,-7,-3,11,10,3,thankyou
5.851977348327637,16,11,8,10,1,-8,5,-3,-11,0,14,16,23,14,thankyou
5.867276906967163,7,1,5,3,2,0,10,0,-2,0,10,12,27,13,thankyou
5.867276906967163,0,-3,2,-10,0,4,5,2,1,-7,0,8,17,15,thankyou
5.882929086685181,11,1,6,1,2,0,10,3,6,8,13,13,19,23,thankyou
5.882929086685181,11,5,17,25,5,0,16,8,11,23,16,14,17,15,thankyou
5.898106098175049,-9,-6,-6,14,1,4,7,5,13,5,-5,-9,0,-4,thankyou
5.898106098175049,-25,-21,-19,-17,-4,1,-5,-1,-3,-17,-23,-31,-17,-21,thankyou
5.915270090103149,-21,-15,-9,-18,0,9,0,-3,-19,-7,-20,-25,-14,-22,thankyou
5.915270090103149,-4,0,-4,4,7,14,11,0,0,21,0,-11,4,-5,thankyou
5.929311037063599,5,4,5,1,2,4,6,1,23,26,9,-2,8,0,thankyou
5.945370435714722,0,-2,-4,-7,-4,4,-5,-4,11,3,-1,-7,-6,-16,thankyou
5.945370435714722,-4,-1,-4,0,1,7,-9,-6,-5,-11,-12,-8,-16,-16,thankyou
5.945370435714722,0,8,7,4,6,-2,-2,3,0,-2,-4,-1,-8,3,thankyou
5.961034059524536,1,4,3,-2,-2,-8,0,3,2,9,1,1,0,4,thankyou
5.961034059524536,0,-4,6,-3,-5,1,-4,-7,0,7,-2,4,0,1,thankyou
5.978389501571655,-3,-8,0,1,0,0,-3,-12,-4,-6,-5,0,-7,2,thankyou
5.991399049758911,-13,-10,-13,-4,-5,-14,-9,-4,-17,-28,-16,-16,-14,-8,thankyou
5.991399049758911,-21,-9,-16,-15,-12,-16,-20,4,-18,-33,-22,-17,-12,-13,thankyou
6.007940053939819,-9,-3,-13,-9,-7,-3,-12,2,4,-9,0,3,0,0,thankyou
6.007940053939819,12,0,6,3,0,7,3,2,18,14,22,24,13,11,thankyou
6.007940053939819,10,2,0,7,1,5,5,3,13,12,13,15,14,12,thankyou
6.02951455116272,-3,7,-5,3,0,-2,5,10,7,0,0,0,1,6,thankyou
6.02951455116272,5,4,7,1,1,-2,12,12,11,5,17,13,10,7,thankyou
7.393949270248413,9,12,14,16,9,5,-3,3,-4,5,21,13,9,14,thankyou
7.393949270248413,-4,6,-1,3,0,0,-6,0,4,-6,1,-4,-4,5,thankyou
7.409035682678223,-10,-3,-10,-18,-12,-7,-9,-5,10,-8,-3,-4,-9,-8,thankyou
7.409035682678223,0,4,4,-4,-2,-4,-11,-8,-2,-2,4,10,2,-5,thankyou
7.425153970718384,12,23,13,34,15,5,-4,-2,-8,-2,11,15,10,7,thankyou
7.425153970718384,17,26,17,36,21,9,3,4,1,-5,4,15,11,8,thankyou
7.440311670303345,3,14,2,8,23,7,10,2,6,-3,-1,7,11,3,thankyou
7.440311670303345,-14,2,-3,-2,12,3,9,0,-2,-1,-5,-9,3,3,thankyou
7.456389188766479,-12,0,-2,1,-9,0,6,2,-3,0,-12,-20,-2,-2,thankyou
7.456389188766479,0,2,-9,7,-3,0,5,1,13,9,-9,-14,4,-7,thankyou
7.471644639968872,0,11,1,4,18,0,1,4,8,14,-1,0,5,0,thankyou
7.471644639968872,-9,0,-3,-13,4,-4,-9,0,-26,3,-4,0,-1,-1,thankyou
7.487291574478149,-3,-19,-8,-24,-16,-3,-11,-6,-42,-8,-10,-6,-10,-12,thankyou
7.487291574478149,-1,-11,0,-13,-7,1,-3,-6,-27,-15,-14,-12,-25,-18,thankyou
7.503463506698608,-15,-5,-12,-9,-1,0,-1,-7,-7,-11,-20,-19,-31,-24,thankyou
7.503463506698608,-15,-12,-12,-23,-9,1,0,0,6,-1,-13,-16,-16,-18,thankyou
7.519448757171631,-5,-9,-11,-21,-6,7,2,5,17,0,0,-12,-5,-9,thankyou
7.519448757171631,-5,-4,-8,-4,-1,0,-1,2,11,-13,-5,-16,-10,-14,thankyou
7.53437614440918,-5,-7,2,-4,-3,-4,-12,0,4,-10,-21,-12,-13,-11,thankyou
7.53437614440918,-3,-12,0,-10,-5,-5,-9,-2,-2,1,-16,-4,-6,1,thankyou
7.549976348876953,-2,-12,2,-11,-10,-2,5,-3,-15,-3,-2,4,-1,6,thankyou
7.549976348876953,6,-4,3,0,-1,4,26,4,-2,0,11,14,10,12,thankyou
7.565141677856445,15,1,7,16,10,5,30,10,13,19,22,22,19,23,thankyou
7.565141677856445,8,1,15,24,6,2,13,3,4,9,17,24,10,23,thankyou
7.581186532974243,5,0,1,14,-4,6,1,-2,4,-8,1,13,2,14,thankyou
7.581186532974243,21,8,11,9,-4,3,-2,2,21,5,5,14,10,11,thankyou
7.59619927406311,28,19,21,25,4,-1,-9,4,23,17,23,20,16,11,thankyou
7.59619927406311,15,19,8,33,12,-6,-8,-1,14,0,18,12,10,9,thankyou
7.612251758575439,6,13,5,18,12,-6,0,-1,8,0,11,3,8,11,thankyou
7.612251758575439,-3,1,-7,0,1,-6,-2,-3,-3,10,18,-1,10,3,thankyou
7.627490282058716,-20,-2,-10,-13,-11,-6,-15,-5,-22,-5,3,-13,-2,-15,thankyou
7.627490282058716,-19,-1,-6,-8,-7,-4,-9,-7,-23,-10,-9,-19,-9,-22,thankyou
7.643085241317749,-1,-1,-7,-3,0,-6,0,-4,-7,3,3,-10,4,-6,thankyou
7.643085241317749,3,0,5,-8,-5,-9,-9,1,-9,-9,5,2,11,2,thankyou
7.658790349960327,0,4,3,3,1,-6,-15,2,-14,-12,-3,5,6,-2,thankyou
7.658790349960327,0,11,-1,7,14,4,-12,0,-1,11,1,6,3,-5,thankyou
7.674375534057617,-9,2,-7,-13,2,8,-10,-1,1,10,1,1,-1,-7,thankyou
7.674375534057617,-17,-10,-13,-23,-11,-3,-4,-3,-16,-9,-19,-11,-13,-11,thankyou
7.689981698989868,-7,-4,1,-9,-2,-1,5,-1,-17,-8,-24,-8,-17,-5,thankyou
7.689981698989868,0,2,0,-1,3,10,15,0,0,0,-4,-2,-12,0,thankyou
7.7050933837890625,-8,-5,-2,-4,-2,9,18,3,0,-5,-7,-7,-14,-6,thankyou
7.7050933837890625,-6,-6,2,0,0,10,21,6,3,1,-13,-5,-7,-7,thankyou
7.72112774848938,13,3,2,5,9,23,24,3,28,15,5,3,1,7,thankyou
7.72112774848938,12,6,7,5,11,19,12,1,20,5,5,2,-5,6,thankyou
7.736966371536255,-9,-3,-6,2,2,-5,-1,0,-2,-5,-12,-9,-10,-9,thankyou
7.736966371536255,-6,-15,-9,-3,-8,-14,0,0,5,1,-3,-3,-2,0,thankyou
7.752472639083862,10,-12,4,-2,-5,-1,0,-1,14,11,4,5,0,15,thankyou
7.752472639083862,7,-4,0,5,3,-1,-5,1,3,5,-5,1,0,10,thankyou
7.768200159072876,-2,-10,-3,-1,0,-1,-5,6,8,-2,-8,-4,3,4,thankyou
7.768200159072876,-3,-14,-8,-12,-3,6,1,0,24,1,-5,-15,3,3,thankyou
7.784310340881348,1,0,-4,-2,0,0,0,0,17,9,0,-11,6,7,thankyou
7.784310340881348,6,7,1,1,-8,-14,-3,2,0,1,9,9,11,9,thankyou
7.800406455993652,1,-6,-5,-4,-14,-17,-8,-6,-9,-18,-1,1,-1,-4,thankyou
7.800406455993652,1,-2,9,1,0,-3,-3,-6,-12,-23,-16,-6,-10,-6,thankyou
7.816067695617676,19,19,12,17,7,6,9,0,0,6,13,20,21,15,thankyou
7.816067695617676,25,18,7,10,0,2,1,0,8,22,36,36,37,19,thankyou
7.831112861633301,10,6,12,1,2,1,-12,0,-2,-1,15,19,11,0,thankyou
7.831112861633301,-1,6,2,2,14,3,-2,-5,-18,-22,0,1,-1,-13,thankyou
7.846323490142822,-10,3,0,-4,4,-4,0,-11,-26,-17,-1,-6,-1,-14,thankyou
7.846323490142822,-18,-3,-3,-12,-4,-18,-13,-4,-17,-2,3,-5,-2,-11,thankyou
7.862406730651855,-16,-1,-8,-11,-2,-22,-8,1,-3,6,15,1,3,-8,thankyou
7.862406730651855,-10,3,2,-7,-5,-9,0,0,-3,5,13,-1,0,-12,thankyou
7.878396272659302,-10,2,-1,-2,-10,-5,-16,0,-11,-2,-5,-19,-17,-18,sil
7.878396272659302,-12,-4,-4,-5,-8,-6,-26,4,-15,-7,-18,-16,-21,-15,sil
7.894011497497559,-7,-7,-4,-13,-3,4,-2,8,-9,0,-10,0,-8,-3,sil
7.894011497497559,3,3,-2,-1,0,9,11,6,-5,1,-3,5,-4,6,sil
7.910046577453613,10,15,9,22,1,9,0,1,-8,-12,-9,7,-7,7,sil
7.910046577453613,13,10,5,23,8,15,0,-3,-6,-11,-3,8,-3,2,sil
7.925252676010132,21,7,12,17,17,15,17,3,4,12,12,15,6,15,sil
7.925252676010132,18,10,13,27,18,14,22,7,19,28,20,17,15,28,sil
7.941287040710449,0,0,-6,19,11,22,19,-1,28,26,10,1,11,12,sil
7.941287040710449,-8,-7,-10,0,9,21,20,-3,25,15,-3,-10,0,-3,sil
7.956801414489746,-8,-4,-13,6,8,6,16,0,22,6,-11,-13,-5,0,sil
7.956801414489746,-12,-8,-4,4,0,0,0,-1,5,-3,-13,-18,-9,0,sil
7.97195839881897,-14,-16,-4,-10,-10,0,-3,-3,-7,-9,-10,-18,-8,-7,sil
7.97195839881897,-12,-16,-14,-10,-19,-4,6,0,-1,-9,-12,-17,-5,-5,sil
7.987492084503174,-12,-15,-5,-13,-22,-5,1,2,5,-4,-22,-17,-11,-7,sil
7.987492084503174,-8,-16,-9,-19,-11,-6,-4,2,11,4,-16,-16,-7,-9,sil
8.003029346466064,1,-9,-9,-13,0,-8,2,2,14,6,-2,0,5,6,sil
8.003029346466064,0,-7,0,-15,0,-9,0,-1,4,2,0,4,5,12,sil
8.01905369758606,-3,-12,-3,-21,-6,-15,-12,-10,-7,-4,-3,-4,0,-1,sil
8.01905369758606,8,-3,6,-8,-6,-13,-11,-1,-2,-11,0,6,7,1,sil
8.043325424194336,17,3,7,0,0,0,0,5,7,-6,15,22,19,10,sil
8.043325424194336,14,8,9,-2,0,-4,-11,0,1,0,21,23,17,5,sil
8.043325424194336,18,22,20,2,0,-13,-25,-2,-5,2,26,24,14,3,sil
8.050324440002441,24,24,11,5,8,-9,-15,-3,0,10,35,24,19,0,sil
8.067394733428955,18,16,13,0,21,4,-3,-3,-6,8,26,24,17,-3,sil
8.067394733428955,11,23,9,4,18,6,-5,-4,-24,-8,11,20,9,0,sil
8.082380056381226,8,18,6,7,5,-6,-9,-1,-30,-21,3,1,-2,-2,sil
8.097431659698486,-1,1,5,0,1,-8,0,2,-28,-26,-8,-16,-21,-18,sil
8.097431659698486,-21,0,-11,1,0,0,7,4,-27,-25,-22,-19,-27,-22,sil
8.097431659698486,-31,-1,-6,4,-12,6,7,8,-23,-15,-30,-20,-25,-19,sil
8.113064527511597,-23,-9,-8,7,-19,12,6,6,-7,-1,-32,-23,-25,-14,sil
8.113064527511597,-16,-10,-15,13,-4,15,10,-1,1,0,-29,-19,-22,1,sil
8.127146005630493,-13,-3,-7,14,11,18,19,-1,10,12,-20,-9,-8,16,sil
8.127146005630493,-3,-2,-6,9,4,10,19,2,29,26,-9,-7,4,13,sil
8.144006490707397,0,-12,0,3,-15,-2,1,0,36,21,-3,-3,4,8,sil
8.144006490707397,0,-17,-2,0,-10,-3,-1,0,31,25,9,5,10,15,sil
8.15801215171814,11,-6,-5,-5,5,3,9,3,34,33,28,18,26,24,sil
8.173633337020874,18,11,6,-7,0,4,-2,1,23,5,33,27,23,12,sil
8.173633337020874,4,9,0,0,-1,-5,-22,-8,-9,-18,25,10,-2,-11,sil
8.189357042312622,0,2,3,14,11,-5,-11,-2,-19,-5,13,-3,-16,-12,sil
8.189357042312622,1,1,9,14,13,1,8,5,1,11,5,-3,-3,0,sil
8.205405235290527,-3,0,3,1,3,6,17,5,16,15,0,-8,7,1,sil
8.205405235290527,-8,-6,-4,-2,1,11,19,4,17,15,-6,-18,5,-2,sil
8.22160530090332,-16,-23,-26,-15,-3,3,2,-6,2,-1,-16,-19,0,-9,sil
8.22160530090332,-15,-25,-17,-41,-18,-15,-16,-12,-23,-23,-24,-4,0,-11,sil
8.23793911933899,6,-1,4,-34,-16,-15,-8,-6,-35,-29,-12,7,9,-8,sil
8.23793911933899,20,12,9,-3,-1,-7,-8,-4,-35,-27,3,7,8,-9,sil
8.23793911933899,15,10,15,-5,2,-8,-24,-3,-33,-25,7,12,-6,-3,sil
8.25221848487854,19,17,9,-3,5,-7,-14,1,-13,-10,9,20,-3,11,sil
8.26750373840332,23,27,14,24,14,-2,-3,6,0,-4,10,25,1,15,sil
8.26750373840332,16,24,16,37,20,0,-13,4,0,-5,6,20,-8,9,sil
8.28260588645935,4,9,0,20,16,0,-8,1,0,0,4,1,-9,6,sil
8.28260588645935,-9,0,2,8,6,3,4,1,0,2,-1,-14,0,2,sil
8.300433158874512,-23,-5,-4,8,1,9,17,0,7,2,-9,-19,0,-2,sil
8.300433158874512,-30,-17,-17,-3,1,14,33,5,30,20,-12,-23,-6,-6,sil
8.313964605331421,-37,-26,-18,-13,-2,14,35,10,44,40,-11,-28,-1,-12,sil
8.313964605331421,-31,-27,-13,-7,-12,6,16,3,35,33,-11,-27,0,-14,sil
8.329325437545776,-10,-15,0,-13,-17,-6,1,-5,14,11,-10,-8,0,-3,sil
8.329325437545776,1,-8,-8,-22,-16,-14,0,-9,0,4,-8,0,2,5,sil
8.34526252746582,12,-4,-2,-6,-15,-7,5,0,0,0,0,5,4,11,sil
8.34526252746582,25,2,15,1,-15,2,5,5,1,-14,11,19,6,14,sil
8.361113548278809,21,0,7,-12,-15,-8,-7,-3,-3,-20,9,20,4,7,sil
8.361113548278809,17,2,10,-14,-12,-16,-22,-2,-7,-13,4,20,-1,4,sil
8.376604795455933,23,18,10,0,0,-12,-29,0,-19,-15,11,24,1,9,sil
8.376604795455933,20,26,6,7,5,-13,-38,-9,-42,-29,4,14,0,5,sil
8.392141580581665,14,27,14,17,11,-1,-38,-8,-45,-30,1,6,-14,-6,sil
8.392141580581665,12,26,9,36,21,20,-16,1,-22,-6,14,7,-8,-7,sil
8.408148050308228,-4,12,7,31,26,29,9,4,-9,17,10,0,4,1,sil
8.408148050308228,-26,-10,-8,12,24,28,22,0,4,35,0,-19,0,-4,sil
8.424152374267578,-33,-22,-26,-3,11,15,23,0,17,26,-7,-31,-7,-19,sil
8.424152374267578,-31,-19,-22,-15,-5,0,21,4,20,5,-19,-24,-3,-14,sil
8.439486980438232,-20,-14,-19,-21,-9,-4,23,8,31,10,-8,-12,5,-6,sil
8.439486980438232,-5,-7,-4,-19,-5,-6,11,8,37,17,13,4,16,-11,sil
8.455386877059937,0,0,2,-7,-2,-14,0,0,23,3,21,16,23,-6,sil
8.455386877059937,9,9,8,1,1,-18,-2,-3,3,-2,21,17,19,6,sil
8.47018814086914,19,19,23,6,3,-13,-6,1,-8,-7,11,11,3,1,sil
8.47018814086914,10,11,11,15,0,-5,-10,0,-19,-22,-7,-1,-13,-6,sil
8.48616337776184,2,1,9,17,0,5,-4,-3,-26,-25,-18,-4,-19,6,sil
8.48616337776184,5,-1,6,7,0,8,4,-2,-22,-13,-26,-7,-16,15,sil
8.501297950744629,2,-8,-6,-1,-4,4,6,-2,-15,-8,-35,-18,-17,8,sil
8.501297950744629,0,-8,-5,3,-4,11,11,-1,-5,1,-23,-13,-15,14,sil
8.516990900039673,-3,-8,-14,9,0,12,18,-2,6,14,-8,-8,-5,20,sil
8.516990900039673,-8,-19,-14,-4,-1,0,10,0,12,9,-13,-14,0,7,sil
8.532122135162354,-7,-19,-12,-24,-9,-2,0,1,13,1,-8,-3,2,2,sil
8.532122135162354,0,-11,-13,-24,-8,-3,-7,1,10,10,11,10,12,9,sil
8.547677993774414,2,-3,6,-12,-1,-7,-8,2,7,8,21,14,18,2,sil
8.547677993774414,7,4,10,0,0,-4,3,0,16,5,28,17,23,-5,sil
8.563275575637817,11,11,2,-2,-4,-4,6,0,14,6,24,16,13,-3,sil
8.563275575637817,0,1,-6,-23,-2,-12,-12,0,-2,-8,1,-1,-5,-13,sil
8.57909631729126,-8,-4,-8,-26,1,-19,-20,-6,-11,-26,-2,-9,-13,-22,sil
8.57909631729126,1,7,14,-3,0,-12,-18,-2,-6,-12,11,8,-6,-7,sil
8.594161748886108,12,19,15,14,0,0,-21,0,-1,5,8,9,-7,-1,sil
8.594161748886108,1,11,6,8,0,0,-27,-3,-9,0,-8,-2,-16,-9,sil
8.610004901885986,-9,1,4,2,0,2,-19,0,-15,-1,-2,-1,-7,-8,sil
8.610004901885986,0,3,6,9,10,14,-1,2,-4,7,13,4,12,0,sil
8.625097513198853,8,12,15,14,10,16,10,0,4,7,12,7,12,4,sil
8.625097513198853,1,8,1,17,-1,6,14,1,3,7,4,5,6,2,sil
8.640304803848267,2,4,0,21,3,9,20,5,0,9,5,7,13,3,sil
8.640304803848267,14,15,14,27,17,16,23,5,1,5,6,7,14,13,sil
8.656880378723145,12,13,3,24,7,0,13,-1,0,2,0,0,3,15,sil
8.656880378723145,-6,-12,-2,3,-11,-7,4,0,0,-3,-10,-5,-3,2,sil
8.671011209487915,-27,-26,-17,-13,-9,0,6,0,0,-10,-13,-9,-5,-8,sil
8.686229944229126,-25,-14,-24,-9,1,4,10,1,2,-2,-20,-19,-10,-7,sil
8.686229944229126,-7,0,-7,-1,7,4,11,-1,1,2,-27,-21,-12,-1,sil
8.703074932098389,0,-2,-7,-2,3,4,9,-3,4,-2,-17,-16,-7,-1,sil
8.703074932098389,3,-3,-2,-3,-2,2,2,0,5,-3,-1,-2,-5,2,sil
8.703074932098389,3,-6,-4,-3,-4,1,0,0,7,14,5,4,0,6,sil
8.717456579208374,-8,-17,-13,-21,-10,-8,-8,-5,-1,5,-4,-5,0,-2,sil
8.733028173446655,-9,-8,-3,-27,-9,-16,-12,-1,-7,-22,-13,-14,-10,-13,sil
8.733028173446655,12,10,2,-3,2,-12,-4,1,-4,-18,0,0,-4,-3,sil
8.748186349868774,14,2,4,-6,-2,-10,-9,1,-9,-2,5,11,2,0,sil
8.748186349868774,-11,-16,-4,-30,-16,-9,-17,0,-16,-6,-4,-3,-6,-12,sil
8.763521194458008,-12,-8,-2,-15,-3,-7,-13,-1,-13,-9,-2,-9,-10,-7,sil
8.763521194458008,16,16,19,18,12,-3,-5,0,-1,0,16,11,3,13,sil
8.779251337051392,20,17,11,23,6,0,-2,-2,2,3,19,14,12,16,sil
8.779251337051392,1,2,4,8,-1,4,1,0,0,0,7,8,3,7,sil
8.79532265663147,0,0,3,7,3,11,11,5,5,11,14,13,0,3,sil
8.79532265663147,2,3,0,7,6,12,15,4,11,16,16,9,2,2,sil
8.81041693687439,0,3,14,5,0,3,7,0,0,2,-3,0,0,2,sil
8.81041693687439,2,2,5,14,0,-1,3,0,9,11,-5,2,6,4,sil
8.826053142547607,7,5,-6,13,4,3,8,1,33,25,8,8,16,6,sil
8.826053142547607,0,2,-9,0,0,9,5,2,25,14,4,3,14,0,sil
8.842128992080688,-1,-1,-4,0,-1,5,-5,1,4,4,1,4,12,0,sil
8.842128992080688,4,5,12,3,5,7,-10,2,5,12,12,15,14,9,sil
8.857714653015137,-3,8,2,1,5,0,-9,-2,8,10,8,4,9,5,sil
8.857714653015137,-8,-5,0,-7,-6,-17,-11,-2,-10,-14,-7,-12,-7,-8,sil
8.873390197753906,1,-6,0,-13,-8,-19,-10,0,-23,-29,-9,-5,-12,-6,sil
8.873390197753906,6,4,-5,-5,-1,-1,-1,-3,-14,-16,-2,0,-2,0,sil
8.88945746421814,0,0,0,-5,-4,8,4,-4,-10,-6,-8,-4,-3,-9,sil
8.88945746421814,-9,-18,-7,-21,-13,0,5,-1,-20,-21,-22,-10,-19,-20,sil
8.90506887435913,-15,-20,-13,-28,-14,-11,0,-2,-25,-30,-29,-17,-28,-18,sil
8.90506887435913,-9,-10,-6,-8,-5,-1,-3,-3,-6,-9,-12,-16,-18,-8,sil
8.920222043991089,0,0,-6,3,5,8,2,0,8,6,5,-6,-2,-2,sil
8.920222043991089,4,6,8,7,10,5,9,3,5,1,3,-3,1,0,sil
8.935350894927979,6,8,7,17,7,0,10,2,6,4,3,-4,8,10,sil
8.935350894927979,7,8,0,15,4,0,3,1,11,15,13,4,13,16,sil
8.951310873031616,2,9,2,6,7,-1,0,1,8,14,16,13,9,6,sil
8.951310873031616,-1,2,0,7,7,0,0,-1,4,10,13,6,5,-4,sil
8.966476678848267,-6,-1,1,0,0,0,-2,-1,-2,2,-3,-5,-4,-4,sil
8.966476678848267,-9,0,-5,-10,-6,-7,-11,-1,-13,-8,-19,-12,-14,-5,sil
8.982125043869019,-1,0,-2,1,0,-10,-6,0,-13,-6,-5,-3,-2,-4,sil
8.982125043869019,12,3,9,14,5,8,5,0,-1,4,11,10,12,4,sil
8.997604608535767,14,8,0,18,9,17,15,1,7,2,6,9,6,10,sil
8.997604608535767,6,7,8,8,11,10,15,9,8,0,3,9,1,10,sil
9.01348614692688,-1,-1,4,-3,5,4,4,2,6,11,9,10,5,5,sil
9.01348614692688,-1,-6,-3,-4,-7,0,-13,-6,-8,0,0,2,-3,0,sil
9.0291485786438,-1,-4,7,0,-11,-2,-12,3,-16,-19,-14,-3,-15,2,sil
9.0291485786438,-12,-5,-6,-6,-4,0,2,4,4,-4,-16,-13,-12,-1,sil
9.044313669204712,-8,-4,-7,-14,-1,2,1,0,25,19,-1,-4,1,0,sil
9.044313669204712,14,6,10,0,0,0,0,4,24,20,20,17,21,18,sil
9.05994200706482,19,7,6,6,-2,-5,-1,3,12,7,16,11,19,16,sil
9.05994200706482,0,-5,-7,0,-7,-8,-10,-2,0,-4,-6,-9,-1,-7,sil
9.075013875961304,-11,-9,-18,-3,-6,-8,-13,-9,-4,-2,-10,-14,-4,-12,sil
9.075013875961304,-8,-4,-7,-6,-6,-10,-3,-10,-9,2,-6,-7,0,-8,sil
9.091219186782835,-11,-2,-10,-7,-6,-1,2,-3,-17,-8,-9,-6,-4,-16,sil
9.091219186782835,-8,0,-10,4,0,9,4,7,-8,-14,-7,-5,-6,-15,sil
9.10529637336731,2,1,11,13,5,13,13,7,6,4,0,3,3,-1,sil
9.10529637336731,3,-7,2,-1,1,6,19,-1,3,13,3,3,9,5,sil
9.12107539176941,-4,-14,-1,-17,-2,1,4,-3,-9,-11,-10,-4,-3,1,sil
9.12107539176941,-4,-4,2,-10,0,-1,-13,-5,-14,-26,-19,-6,-19,-9,sil
9.137208223342896,0,0,-3,-2,3,-8,-14,-8,-9,-9,-2,1,-12,-9,sil
9.137208223342896,8,0,12,-8,1,-7,-6,-2,0,6,17,14,8,8,sil
9.153390645980837,18,5,17,-2,0,-1,3,1,19,19,29,19,26,23,sil
9.153390645980837,22,20,15,8,4,0,5,8,29,24,28,17,23,21,sil
9.16769552230835,13,18,9,5,7,-1,3,8,19,8,21,16,8,6,sil
9.183828592300417,-3,0,-9,-8,5,-8,-1,0,0,-9,10,4,-4,-10,sil
9.183828592300417,-13,1,-5,-8,6,-11,-12,2,-15,-11,-6,-11,-13,-18,sil
9.199480056762695,-6,16,2,14,14,2,-6,1,-16,-12,-13,-15,-13,-13,sil
9.199480056762695,2,10,7,22,14,10,7,-1,-5,-17,-6,1,-7,0,sil
9.213157892227173,-1,-4,1,10,2,9,14,7,1,-7,-3,5,0,8,sil
9.213157892227173,-9,-3,-14,11,-4,11,11,1,-5,6,-8,-9,1,2,sil
9.2282612323761,-9,0,-3,9,-6,8,5,-6,-14,1,-15,-16,-6,-1,sil
9.2282612323761,-10,-4,-2,-2,-12,0,-2,-4,-7,-6,-16,-18,-14,-2,sil
9.243435144424438,-12,-11,-5,-9,-19,-5,-10,0,-6,-7,-18,-19,-15,-5,sil
9.243435144424438,-7,-15,-5,-9,-16,-5,-13,-6,-16,-13,-20,-9,-17,-7,sil
9.259477615356444,0,-19,-15,-12,-9,-11,-9,-8,-12,-8,-9,-3,-10,-5,sil
9.259477615356444,6,-6,1,-7,-10,-9,-6,0,0,6,11,5,9,0,sil
9.27538251876831,11,7,13,8,-1,0,-4,5,12,16,23,16,19,14,sil
9.27538251876831,12,8,4,15,13,3,-1,6,19,12,13,15,11,16,sil
9.291091918945312,5,7,2,1,9,2,1,1,24,16,7,13,10,4,sil
9.291091918945312,6,7,-2,-5,1,8,13,2,28,32,17,13,23,0,sil
9.30629849433899,14,3,5,0,6,18,22,9,21,25,13,10,20,5,sil
9.30629849433899,10,0,0,5,10,16,19,2,3,5,4,0,7,1,sil
9.322324991226196,0,1,-2,2,0,1,8,-4,-11,-1,1,-3,2,0,sil
9.322324991226196,-2,0,2,-4,-4,-2,1,-1,-17,-4,-3,-4,1,0,sil
9.33841586112976,-6,-5,-11,-7,2,-3,0,-2,-10,-13,-10,-11,-5,-6,sil
9.33841586112976,-8,-4,-2,-4,5,-9,-7,0,1,-6,-5,-1,-9,-4,sil
9.353503227233888,-10,-3,-1,-4,0,-13,-18,0,2,1,-4,1,-8,-2,sil
9.353503227233888,-16,-7,-12,-13,-6,-16,-22,-3,-11,-19,-16,-12,-15,-12,sil
9.369282722473145,-11,0,4,-9,-2,-13,-12,0,-16,-35,-14,-5,-17,-7,sil
9.369282722473145,0,9,9,4,3,-3,-1,0,-3,-8,3,7,-3,7,sil
9.385064363479614,5,11,10,11,1,0,1,-2,-2,10,9,2,2,6,thankyou
9.385064363479614,9,10,6,13,-1,1,5,-1,-13,-6,5,-1,-1,0,thankyou
9.400170803070068,6,0,-7,0,-4,0,8,-1,-15,-23,0,-2,-7,-2,thankyou
9.400170803070068,-6,-9,-5,-16,-8,0,6,-4,0,-14,-6,-3,-10,-4,thankyou
9.415308475494385,-8,-7,1,-1,-1,3,5,0,18,7,-2,-4,1,-1,thankyou
9.415308475494385,1,-3,11,17,6,9,2,8,19,14,1,-2,7,0,thankyou
9.431335210800173,1,-1,1,1,8,11,1,5,19,16,3,1,0,-2,thankyou
9.431335210800173,-4,0,-14,-7,8,2,1,1,23,25,9,3,6,0,thankyou
9.447095155715942,-1,2,4,7,2,0,-1,0,13,22,3,2,12,3,thankyou
9.447095155715942,0,0,3,14,-3,3,-1,0,0,1,-8,-3,0,0,thankyou
9.462180376052856,2,0,-4,-2,-1,8,-2,1,-6,-8,-8,-2,-9,0,thankyou
9.462180376052856,7,3,0,-2,4,8,0,1,-2,-1,0,1,0,2,thankyou
9.477707862854004,9,0,1,6,0,2,2,0,-6,-12,-4,-1,2,4,thankyou
9.477707862854004,5,-5,1,-6,-11,-3,-1,0,-20,-22,-14,0,-6,4,thankyou
9.49326753616333,0,-1,-7,-15,-12,-3,1,0,-17,6,0,5,6,5,thankyou
9.49326753616333,5,-1,4,-4,-5,-3,13,-1,0,23,23,11,22,9,thankyou
9.509283542633057,5,0,11,-1,-2,-11,7,2,1,4,15,8,12,9,thankyou
9.509283542633057,-1,2,-8,-4,-2,-16,-3,-1,-3,1,-2,-2,0,3,thankyou
9.525075435638428,-1,4,-5,-1,1,-8,-4,-3,1,11,-2,0,0,2,thankyou
9.525075435638428,1,-1,-3,-2,6,2,-4,0,4,6,6,7,3,0,thankyou
9.541130065917969,0,-5,-1,-7,1,1,-10,1,2,-2,7,12,3,0,thankyou
9.541130065917969,0,0,11,0,-1,-2,-10,-1,0,-13,5,11,-2,-4,thankyou
9.556441068649292,2,8,8,9,6,-1,-5,-5,0,-21,5,4,-5,-11,thankyou
9.556441068649292,7,15,11,9,13,2,-3,-1,6,-9,13,7,1,-2,thankyou
9.571967840194702,6,17,4,9,9,1,-8,-3,7,5,25,8,6,2,thankyou
9.571967840194702,-2,14,0,11,4,-2,-17,-8,-9,-11,6,-9,-8,-14,thankyou
9.587989807128906,-10,6,0,4,3,0,-10,-3,-26,-29,-25,-22,-20,-26,thankyou
9.587989807128906,-11,-11,-16,0,4,3,7,2,-20,-15,-27,-22,-14,-16,thankyou
9.604045629501345,-10,-14,-10,-2,0,5,15,9,-13,0,-20,-17,-15,-9,thankyou
9.604045629501345,-15,-7,-6,0,-5,11,14,7,-10,1,-26,-22,-18,-13,thankyou
9.620160818099976,-20,-20,-16,-5,-17,7,6,-1,-6,1,-29,-29,-15,-10,thankyou
9.620160818099976,-19,-23,-9,-11,-26,0,0,0,6,8,-15,-17,-9,7,thankyou
9.635438919067385,-7,-6,-2,-1,-12,5,12,4,30,25,1,0,6,25,thankyou
9.635438919067385,2,-1,1,5,3,16,24,5,39,24,-3,4,11,19,thankyou
9.651454210281372,1,-8,-6,0,0,2,9,2,27,1,-12,-1,1,9,thankyou
9.651454210281372,6,-3,-6,-6,-4,-13,-4,1,20,5,3,7,9,15,thankyou
9.666974782943726,17,7,13,-5,7,-4,2,1,22,30,24,24,27,21,thankyou
9.666974782943726,18,5,7,-1,13,-1,5,0,8,21,26,19,23,8,thankyou
9.68300986289978,16,5,11,0,7,-12,-5,-1,-10,0,15,11,5,-4,thankyou
9.68300986289978,18,11,13,6,7,-1,0,-2,-5,-1,12,18,0,0,thankyou
9.698482751846312,17,12,5,15,10,13,7,-2,2,0,17,22,4,10,thankyou
9.698482751846312,11,9,17,5,5,3,-5,1,-7,-6,15,14,5,5,thankyou
9.714407205581663,3,6,14,0,7,-2,-10,0,-14,-5,10,3,1,-5,thankyou
9.714407205581663,0,9,10,5,10,4,0,0,-13,0,13,8,-1,-1,thankyou
9.729430437088013,-1,7,6,0,-2,-3,-7,-1,-20,-5,7,12,2,0,thankyou
9.729430437088013,-10,-6,-7,-17,-15,-19,-25,-8,-29,-18,-12,-6,0,-11,thankyou
9.744938611984251,-16,-4,-8,-6,-5,-11,-17,-2,-20,-23,-17,-16,-10,-13,thankyou
9.744938611984251,-13,5,-7,19,0,-1,8,7,7,-9,-1,-10,-4,-3,thankyou
9.76143765449524,0,0,4,19,-6,-4,9,4,12,-5,1,0,2,-2,thankyou
9.76143765449524,11,-2,9,9,-6,0,0,-3,-1,-11,0,3,0,-2,thankyou
9.777170419692991,2,-4,-8,0,-2,5,0,-6,-3,-11,0,-4,-3,-2,thankyou
9.777170419692991,-18,-12,-19,-2,-9,0,-4,-2,-4,-8,-17,-14,-11,-7,thankyou
9.79231882095337,-23,-17,-31,1,-14,2,-10,-2,-10,-1,-29,-22,-14,-11,thankyou
9.79231882095337,-10,-9,-19,-10,-8,7,-4,0,-1,2,-12,-17,-4,-3,thankyou
9.808170080184937,3,-1,2,-24,0,3,0,6,13,6,5,0,7,10,thankyou
9.808170080184937,8,0,-1,-9,4,2,3,4,14,11,0,5,7,12,thankyou
9.823306560516356,1,3,1,-1,5,1,3,-1,1,3,-13,-1,-5,0,thankyou
9.823306560516356,1,4,-2,-14,3,-7,0,-5,-1,-1,-12,-12,-9,-6,thankyou
9.839349508285522,8,0,-3,-19,5,-6,0,0,6,10,-2,-14,-1,-1,sil
9.839349508285522,-4,-8,-1,-19,3,1,2,3,6,14,-4,-16,0,-1,sil
9.854052543640137,-15,-10,-12,-21,-2,0,4,0,0,8,-11,-21,-1,-10,sil
9.854052543640137,6,5,9,-5,1,0,10,3,3,9,2,-3,0,-5,sil
9.869555234909058,17,15,18,11,12,5,13,3,14,14,21,16,2,0,sil
9.885488510131836,2,3,6,7,8,-1,-2,0,5,3,13,13,-3,0,sil
9.885488510131836,0,1,15,9,0,-1,-16,0,-6,0,8,16,-2,6,sil
9.901130437850952,6,9,13,26,6,9,-10,-1,-1,2,25,27,8,16,sil
9.901130437850952,1,8,7,24,11,6,-3,-2,-3,-6,19,26,9,9,sil
9.901130437850952,5,4,7,24,8,-2,0,-1,-7,-11,6,19,6,3,sil
9.917953491210938,14,8,12,30,2,0,3,1,-1,-5,11,16,11,11,sil
9.917953491210938,1,7,12,20,0,6,8,4,0,-3,12,11,12,13,sil
9.933939695358276,-12,-1,-5,4,-5,2,17,4,-4,3,4,-1,2,1,sil
9.933939695358276,-11,-7,-5,0,-11,-1,19,6,0,7,-3,-9,-6,-2,sil
9.947963237762451,-12,-8,-8,-4,-7,-1,12,2,2,-7,-11,-12,-8,-1,sil
9.964024305343628,-22,-8,-18,-10,-5,0,3,-4,-5,-22,-22,-15,-17,-11,sil
9.964024305343628,-20,-4,-11,-9,-11,2,0,-1,-4,-10,-35,-20,-25,-19,sil
9.964024305343628,-13,-6,-14,-1,-9,8,1,0,11,12,-31,-23,-14,-12,sil
9.979556798934937,-11,-11,-9,-7,-2,6,1,-2,14,7,-20,-14,0,-6,sil
9.997220516204834,-6,-8,-5,-18,-4,-1,-3,-4,3,-10,-14,-8,1,-8,sil
9.997220516204834,10,-1,-1,-7,-5,-3,-7,0,3,0,0,-2,11,0,sil
9.997220516204834,30,9,18,10,3,0,-12,4,1,19,25,18,28,21,sil
10.012390375137327,35,14,13,12,11,-4,-18,-5,-6,16,32,29,33,31,sil
10.012390375137327,23,8,9,-1,6,-14,-23,-12,-17,-3,18,18,17,14,sil
10.027155637741089,10,7,6,-7,0,-10,-15,-3,-16,-9,16,14,7,0,sil
10.027155637741089,6,4,-5,-5,-1,-4,3,2,-4,-1,19,11,5,1,sil
10.04823088645935,1,-9,-4,-24,-7,-5,6,6,2,-5,0,-1,-4,-3,sil
10.04823088645935,-12,-20,-14,-37,-9,-11,0,6,0,-15,-13,-15,-17,-20,sil
10.058738470077516,-15,-8,-11,-21,0,-10,0,4,0,-12,-10,-12,-20,-20,sil
10.058738470077516,1,9,3,1,12,0,5,1,8,-2,-1,-7,-17,-13,sil
10.074299573898315,9,10,6,6,14,5,-5,-3,4,-2,0,-12,-15,-14,sil
10.074299573898315,0,0,11,4,6,2,-15,-3,-8,-1,-3,-9,-14,-6,sil
10.08994436264038,6,-1,1,14,10,8,4,1,-2,15,0,-5,-6,6,sil
10.104302883148192,21,0,-3,24,13,19,22,4,11,22,0,-6,0,12,sil
10.104302883148192,11,-2,9,20,-3,12,7,-1,3,4,-8,-5,-1,11,sil
10.120306968688965,0,0,8,15,-14,-3,-10,-8,-8,4,-7,0,5,12,sil
10.120306968688965,9,3,5,14,-6,1,-4,-3,-2,20,0,7,15,17,sil
10.136136054992676,3,-8,-11,0,-5,9,4,-2,12,14,-2,5,15,15,sil
10.136136054992676,-6,-15,-14,-23,-8,0,6,0,21,-1,-2,10,15,9,sil
10.151183843612673,-2,0,0,-21,-3,-3,12,8,18,-8,7,21,18,0,sil
10.151183843612673,-9,10,-7,-9,-4,-4,12,7,6,-16,0,1,5,-17,sil
10.166652917861938,-19,9,1,-9,-1,-10,4,0,-4,-26,-1,-9,-9,-17,sil
10.166652917861938,-17,11,3,-1,9,-3,0,0,-6,-22,15,13,-5,-6,sil
10.182049989700316,-30,9,-4,12,8,8,-2,1,-18,-19,6,10,-8,-16,sil
10.182049989700316,-56,1,-4,10,-1,6,-4,-1,-35,-17,-24,-24,-28,-31,sil
10.197242975234984,-59,-8,-12,2,-5,-3,-7,-6,-37,-17,-27,-35,-35,-29,sil
10.197242975234984,-37,-11,0,7,-2,-5,-11,-3,-25,-12,-16,-13,-23,-12,sil
10.213308334350586,-16,0,9,24,7,4,3,0,1,12,-4,0,0,10,sil
10.213308334350586,-8,1,7,20,15,5,8,0,14,26,8,6,9,25,sil
10.228939056396484,0,0,15,9,7,-4,-6,2,14,20,21,18,14,32,sil
10.228939056396484,10,9,11,14,0,-8,-7,3,28,32,34,26,29,36,sil
10.2444326877594,11,8,6,3,0,-1,0,2,30,41,22,18,27,26,sil
10.2444326877594,3,0,-3,-11,1,5,1,0,11,22,-1,0,8,4,sil
10.259589433670044,10,0,-2,-6,-2,7,9,0,2,7,0,0,5,-3,sil
10.259589433670044,18,-2,0,-15,-11,3,11,1,0,2,3,0,0,-6,sil
10.274739742279053,20,-20,-21,-39,-16,-4,3,-3,-5,-6,-20,-18,-17,-17,sil
10.274739742279053,40,-18,-9,-33,-14,-4,2,0,0,-18,-24,-23,-14,-17,sil
10.291136264801024,81,0,12,-3,0,9,10,5,13,-16,0,-1,3,0,sil
10.291136264801024,115,4,4,7,15,10,9,1,13,-6,5,10,7,11,sil
10.30651044845581,119,0,1,2,4,0,-1,0,1,-5,1,12,8,12,sil
10.30651044845581,134,0,-3,0,-4,-6,-8,0,-3,-2,7,9,16,10,sil
10.322126388549805,154,0,0,2,0,-7,-5,0,0,0,3,4,8,3,sil
10.322126388549805,39,1,4,4,-3,-13,-5,-3,-6,-4,-2,-1,-4,-6,sil
10.337608814239502,-147,2,0,2,-8,-17,-18,-5,-16,-6,0,-7,0,-5,sil
10.337608814239502,-183,6,5,1,0,-6,-26,-3,-16,-8,3,-1,7,0,sil
10.353612422943115,-115,4,-5,4,6,-1,-19,-10,-13,-13,8,5,3,-6,sil
10.353612422943115,-107,-1,-9,-1,6,-3,-9,-7,-15,-6,2,1,-5,-11,sil
10.36943793296814,-107,-1,-4,-1,5,5,0,5,-4,3,-8,-2,-7,-9,sil
10.36943793296814,-70,0,-11,2,4,11,5,4,9,-1,-12,-12,-14,-12,sil
10.385137796401978,-42,0,-2,-2,5,1,6,1,7,-9,-8,-17,-25,-14,sil
10.385137796401978,-30,-1,1,-4,4,-5,6,3,0,-6,-3,-12,-21,-13,sil
10.40122675895691,-18,-3,2,-2,-2,1,2,1,-4,-2,-8,-1,-15,-10,sil
10.40122675895691,0,2,6,-2,-3,9,6,3,1,1,-2,4,-4,1,sil
10.417016744613647,18,5,2,5,3,10,18,3,13,12,15,5,11,11,sil
10.417016744613647,31,5,11,18,1,3,17,0,9,14,17,7,12,13,sil
10.432365417480469,41,7,4,16,-4,-3,4,-1,0,5,7,8,0,11,sil
10.432365417480469,41,0,-6,2,-7,-3,-2,0,-2,-2,-5,4,-6,5,sil
10.447733879089355,29,-9,-4,-2,-8,0,-6,-2,-18,-6,-24,-6,-7,-2,sil
10.447733879089355,20,-15,-4,-3,-7,-2,-13,-6,-32,-7,-24,-19,-7,-7,sil
10.46298122406006,26,-10,9,-6,-2,0,-10,0,-21,-13,-7,-5,-4,-3,sil
10.46298122406006,37,8,6,13,12,16,5,5,6,7,16,17,15,12,sil
10.479070901870728,39,25,4,37,20,16,15,6,25,39,38,22,34,26,sil
10.479070901870728,28,20,14,16,6,0,8,1,26,34,30,18,27,19,sil
10.495185613632202,17,0,-1,-14,-9,-10,2,1,16,7,0,7,6,0,sil
10.495185613632202,8,-8,-9,-13,-6,-3,9,10,12,0,-5,-1,-1,-6,sil
10.511232852935793,-2,-9,-5,-4,4,6,20,5,21,8,5,-5,3,-2,sil
10.511232852935793,-6,-9,-6,-14,3,5,12,-5,15,0,-3,-7,0,0,sil
10.525832653045654,-3,-3,-6,-14,-3,0,-1,-1,0,-16,-16,-11,-9,-4,sil
10.525832653045654,-7,-5,-13,-3,-2,-4,-5,1,-5,-18,-10,-14,-5,-7,sil
10.541422605514526,-8,-8,-2,-14,-5,-10,-9,-3,-1,-10,-9,-7,-5,-5,sil
10.541422605514526,-4,-7,5,-21,-8,-7,-12,-1,-2,-8,-11,-3,-9,0,sil
10.557031631469728,-4,-5,2,-4,-3,-2,-20,-4,-11,-13,-11,-10,-10,0,sil
10.557031631469728,-10,-1,6,1,0,-1,-25,-10,-26,-17,-16,-12,-9,-2,sil
10.572235584259031,-9,0,-2,-4,1,-1,-8,-10,-24,-9,-11,0,4,0,sil
10.572235584259031,-1,-1,2,0,0,0,4,0,-11,0,4,13,14,4,sil
10.588584423065186,-6,0,6,4,-1,-2,-2,-1,-3,7,4,4,1,0,sil
10.588584423065186,-16,3,-3,2,0,-1,-5,-4,5,17,0,-3,0,-6,sil
10.603213787078856,-13,4,2,2,2,3,-1,3,8,16,9,10,10,0,sil
10.603213787078856,-12,1,-3,1,-1,0,3,3,6,9,21,12,7,0,sil
10.61860966682434,-15,0,-3,-2,-3,-5,13,0,8,7,17,2,0,-2,sil
10.61860966682434,-12,4,-1,0,-2,-2,17,6,20,10,12,6,5,-1,sil
10.634442329406738,-6,4,-10,0,-4,-5,9,5,18,0,7,3,1,-2,sil
10.634442329406738,0,5,7,0,0,-6,1,1,0,-14,3,3,-8,-2,sil
10.649949312210085,15,12,14,12,12,-3,-4,4,-7,-9,15,13,-2,1,sil
10.649949312210085,22,7,4,13,9,-9,-18,6,-7,-7,12,14,-4,2,sil
10.666029214859009,13,1,5,4,0,-11,-29,0,-13,-22,-3,1,-14,-2,sil
10.666029214859009,11,6,9,12,0,1,-20,-7,-16,-20,0,0,-4,-3,sil
10.68196988105774,12,10,15,16,3,18,0,-4,-19,-2,4,4,1,2,sil
10.68196988105774,2,0,1,5,5,26,15,0,-16,-3,-12,-4,-9,0,sil
10.698339939117432,0,0,-1,10,6,19,17,1,-3,-10,-17,-9,-12,0,sil
10.698339939117432,7,10,3,23,8,11,12,0,-3,1,-4,-1,2,6,sil
10.71344542503357,1,1,-8,12,8,13,17,-4,-9,15,-7,-10,8,4,sil
10.71344542503357,-12,-12,-9,0,2,13,24,3,3,9,-25,-25,-3,-1,sil
10.728950262069702,-22,-21,-21,-2,-5,-1,22,6,26,14,-25,-30,-13,-2,sil
10.744322299957275,-22,-28,-25,-17,-9,-5,15,1,31,27,-15,-27,-6,1,sil
10.744322299957275,-8,-18,-4,-22,-4,3,17,4,31,28,-2,-5,12,14,sil
10.744322299957275,7,0,0,0,0,2,18,7,39,31,19,11,29,24,sil
10.760111808776855,5,2,0,-3,-7,-7,3,2,27,21,19,5,19,10,sil
10.760111808776855,-5,-11,-7,-31,-21,-18,-18,-4,2,0,-7,-5,-2,-14,sil
10.77631139755249,-2,-13,-8,-36,-20,-24,-34,-7,-15,-16,-16,1,-7,-17,sil
10.792014122009276,10,1,8,-23,-5,-10,-32,-6,-18,-16,6,21,3,-4,sil
10.792014122009276,15,9,6,-14,0,-2,-23,-9,-18,-15,17,18,4,-2,sil
10.792014122009276,10,5,10,-13,-8,-18,-31,-9,-31,-26,0,2,-7,-10,sil
10.806569576263428,4,10,10,-11,-8,-22,-38,-5,-39,-34,-3,0,-10,-11,sil
10.823074102401732,10,17,9,-1,0,0,-18,0,-25,-23,6,15,2,0,sil
10.823074102401732,13,14,19,11,4,11,3,4,-10,-7,3,11,8,5,sil
10.838101625442505,-4,0,0,10,8,9,12,7,-4,2,0,-14,-2,-3,sil
10.838101625442505,-19,-5,-9,3,15,12,17,8,2,9,4,-11,-11,-9,sil
10.853354454040527,-14,-7,-2,7,7,9,16,4,14,0,5,2,-6,-6,sil
10.853354454040527,-9,-8,0,9,-4,-5,10,-1,10,-19,0,-2,-1,-6,sil
10.869264602661133,-4,2,3,16,1,-2,10,0,3,-6,-1,-3,-1,-2,sil
10.870264291763306,0,7,-7,23,11,10,13,-1,12,14,0,0,-1,0,sil
10.870264291763306,2,3,0,17,5,9,12,0,18,13,0,-1,-1,6,sil
10.884416818618774,9,14,11,27,11,5,18,4,26,26,17,16,16,23,sil
10.899078369140623,21,21,10,42,20,4,15,5,32,41,24,24,26,27,sil
10.899078369140623,14,9,8,19,8,0,0,1,7,11,1,12,0,10,sil
10.914629936218262,0,0,-4,5,-1,-2,-6,-9,-18,-6,1,6,-4,4,sil
10.914629936218262,4,6,1,10,1,4,-4,-3,-14,5,20,12,15,13,sil
10.93025255203247,13,8,4,1,6,5,-7,8,-3,4,13,7,14,11,sil
10.93025255203247,4,0,-5,-10,2,-4,-9,0,-2,-2,-7,-2,0,0,sil
10.946254968643188,-5,-10,2,-12,-6,-2,-2,-8,0,1,-17,-8,-6,-8,sil
10.946254968643188,-11,-18,-5,-23,-8,13,12,1,4,0,-16,-17,-6,-9,sil
10.961476564407349,-17,-23,-15,-31,-5,18,13,7,4,-9,-17,-23,-13,-12,sil
10.961476564407349,-27,-23,-16,-26,-12,2,0,-1,0,-7,-25,-25,-20,-18,sil
10.977356672286987,-30,-21,-26,-27,-19,-11,-2,-6,-3,-5,-28,-28,-19,-18,sil
10.977356672286987,-17,-14,-11,-28,-17,-10,1,0,-7,-14,-18,-18,-11,-12,sil
10.993446588516235,-6,-10,-5,-19,-14,-9,-8,0,-15,-20,-8,-12,-8,-7,sil
10.993446588516235,0,-2,-3,-6,-9,-18,-21,-2,-23,-12,-1,-6,-7,-2,sil
11.008979082107544,14,15,10,11,-1,-18,-15,0,-12,-1,10,7,5,2,sil
11.008979082107544,20,16,9,18,0,-7,-5,1,-2,0,12,8,11,6,sil
11.024426937103271,7,3,10,2,0,0,-9,2,-16,-10,0,1,-4,1,sil
11.024426937103271,2,6,5,0,4,4,-9,0,-18,-10,-2,8,-8,-4,sil
11.040448427200316,8,13,10,15,9,10,2,-6,-1,-1,6,17,5,0,sil
11.040448427200316,9,5,15,11,7,9,11,-5,2,1,9,19,13,3,sil
11.057055950164797,8,-3,-1,-1,3,0,8,3,7,4,5,17,14,6,sil
11.057055950164797,9,3,6,2,0,-4,1,8,23,10,8,18,18,15,sil
11.073036193847656,0,4,6,4,0,-2,2,1,31,12,18,10,17,12,sil
11.073036193847656,-11,-8,-9,-11,0,-4,1,-5,23,10,11,-1,2,-4,sil
11.088476419448853,-11,-7,-4,-16,0,0,-1,-5,15,10,-3,-9,-9,-12,sil
11.088476419448853,0,5,0,5,11,5,5,0,18,15,2,-12,-8,-5,sil
11.103604316711426,13,10,6,11,18,9,9,8,19,17,16,0,-1,11,sil
11.103604316711426,13,4,2,3,10,4,0,4,8,12,12,10,4,16,sil
11.119125127792358,5,2,-2,7,-2,-1,-7,-2,-9,1,0,2,6,4,sil
11.119125127792358,1,11,9,17,-1,7,2,2,-12,-1,-2,0,6,1,sil
11.134351015090942,2,13,5,20,12,17,11,1,-6,-3,0,0,4,3,sil
11.134351015090942,0,6,1,14,10,5,-5,-11,-21,-16,-10,-4,-7,-2,sil
11.149765491485596,0,-3,-1,10,-2,-5,-13,-9,-29,-15,-9,-3,-5,-4,thankyou
11.149765491485596,-1,-5,-4,10,-1,-1,6,3,-12,6,4,0,6,0,thankyou
11.165467977523804,-8,0,-2,4,0,2,17,7,-8,4,-4,-3,-2,0,thankyou
11.165467977523804,-17,-6,-15,-7,-7,-2,8,0,-9,-9,-21,-16,-16,-6,thankyou
11.181143522262571,-9,-16,-11,-21,-14,-1,5,3,6,-3,-14,-14,-7,-5,thankyou
11.181143522262571,-5,-15,-8,-25,-11,0,6,5,17,5,-5,-6,0,-1,thankyou
11.197060108184814,-13,-13,-19,-22,-8,-6,1,0,11,-3,-10,-13,-3,-2,thankyou
11.197060108184814,-14,-9,-4,-22,-9,-11,0,-1,1,-12,-7,-5,-7,-2,thankyou
11.212435960769652,-3,0,5,-11,-11,-11,-5,-3,1,-1,9,15,0,0,thankyou
11.212435960769652,12,9,17,3,-4,-10,-13,0,3,7,17,21,8,3,thankyou
11.228368997573853,15,7,15,6,0,-3,-11,2,3,2,12,9,0,0,thankyou
11.228368997573853,1,-5,-5,-8,-5,2,-9,-4,-8,-16,-1,-2,-16,-14,thankyou
11.243963718414308,0,-6,1,-12,-1,3,-11,-5,-17,-26,-13,-1,-17,-13,thankyou
11.243963718414308,12,9,9,14,11,6,-7,0,-10,-9,-5,3,-1,5,thankyou
11.260055303573608,8,10,5,27,8,7,-8,-2,-9,0,6,5,5,8,thankyou
11.260055303573608,-1,0,0,10,2,6,-2,-3,-8,0,10,3,7,-1,thankyou
11.275216817855837,0,-1,-8,0,4,0,8,4,1,8,9,-1,11,1,thankyou
11.275216817855837,0,1,-1,0,0,-3,0,10,-2,14,3,-1,10,8,thankyou
11.29125475883484,-7,-6,-6,-1,0,1,-3,1,-2,11,0,0,13,1,thankyou
11.29125475883484,-3,-7,-5,0,8,4,8,1,16,9,2,1,20,-3,thankyou
11.30702543258667,1,2,4,5,6,3,9,7,24,9,0,0,15,-2,thankyou
11.30702543258667,-4,2,-5,6,0,-2,1,0,10,6,-9,-9,-2,-7,thankyou
11.323102235794067,-11,-2,-4,-8,-3,-7,2,-5,-3,-9,-16,-12,-23,-13,thankyou
11.323102235794067,-1,0,-1,-16,-7,-3,3,-4,0,-12,-8,-9,-22,-6,thankyou
11.338690519332886,11,6,6,0,-3,-3,4,0,13,2,1,-1,-7,10,thankyou
11.338690519332886,16,16,15,9,5,0,11,2,10,7,6,5,0,18,thankyou
11.354268789291382,16,19,4,12,15,12,11,-1,3,6,13,4,5,11,thankyou
11.354268789291382,14,15,11,21,21,14,0,-7,0,18,16,15,11,13,thankyou
11.36943769454956,9,11,10,20,16,1,-8,-8,-5,18,12,20,5,19,thankyou
11.36943769454956,0,0,-3,-7,-1,-5,-9,-6,-20,-6,0,1,-8,6,thankyou
11.385028600692747,-14,-17,-5,-22,-14,-4,-6,-7,-22,-18,-16,-9,-15,-14,thankyou
11.385028600692747,-20,-22,-14,-15,-13,-3,-1,-6,-9,-8,-17,-12,-12,-21,thankyou
11.400068521499634,-9,-9,-7,-12,-9,2,4,8,6,-2,-5,-7,-3,-10,thankyou
11.400068521499634,-2,-2,-2,-8,-7,4,11,15,20,0,2,-3,7,-1,thankyou
11.415982961654665,-8,-9,-9,-9,-8,-4,7,2,18,-6,0,-5,5,-1,thankyou
11.415982961654665,-9,-9,-3,-12,-4,0,2,4,10,-11,0,0,0,0,thankyou
11.432181119918823,-1,-2,-1,0,2,7,6,12,11,6,2,9,8,4,thankyou
11.432181119918823,6,4,5,14,0,0,0,9,5,9,0,9,13,3,thankyou
11.447505712509155,11,8,4,11,-6,-5,-15,-1,-2,-7,6,6,4,1,thankyou
11.447505712509155,6,0,-3,1,-7,-8,-21,-4,-12,-5,12,4,-4,1,thankyou
11.462660074234009,0,-2,7,-6,-9,-8,-20,0,-24,-1,2,2,0,0,thankyou
11.462660074234009,2,6,6,2,-7,-7,-9,-2,-12,-3,0,1,11,1,thankyou
11.478575229644775,1,11,3,12,-1,-5,1,-6,0,2,-3,4,4,1,thankyou
11.478575229644775,-8,3,-1,3,4,0,0,-8,-10,3,-13,-1,-8,-5,thankyou
11.494162797927856,-8,0,-3,1,12,4,-1,-7,-15,-4,-10,-8,-6,-5,thankyou
11.494162797927856,2,2,11,10,17,5,4,-1,-1,1,0,-1,-1,0,thankyou
11.509603500366213,8,2,4,14,16,3,10,0,0,4,-4,-1,-3,1,sil
11.509603500366213,2,-3,-7,4,5,-3,1,0,-15,-17,-11,-8,-11,-2,sil
11.525315046310425,-10,-13,-17,-13,-6,-4,-6,0,-20,-22,-12,-16,-18,-15,sil
11.525315046310425,-17,-16,-23,-23,-5,2,7,2,1,8,-8,-18,-5,-16,sil
11.541040897369385,-2,-3,0,-8,2,8,23,6,27,32,10,4,15,4,sil
11.541040897369385,7,0,0,0,1,4,14,0,23,19,22,11,12,10,sil
11.55718207359314,-2,-7,-6,-15,0,-1,0,-2,0,-4,1,-10,-6,-1,sil
11.55718207359314,-6,-5,0,-6,1,1,-4,1,-2,-8,-9,-14,-6,-7,sil
11.57270050048828,3,4,1,14,2,7,-5,0,8,-1,3,1,3,-4,sil
11.57270050048828,8,9,14,11,1,7,1,0,11,0,16,12,9,5,sil
11.587483406066896,11,17,21,13,0,0,3,8,11,3,22,19,11,18,sil
11.587483406066896,25,31,27,15,-1,-8,-9,5,5,0,13,24,3,19,sil
11.603110790252686,28,27,26,0,4,-1,-11,-4,-2,-3,1,22,2,15,sil
11.618654012680054,9,7,0,-3,6,5,-3,-3,0,5,9,10,9,11,sil
11.618654012680054,-3,2,1,4,-2,7,-4,0,-3,0,7,-1,-3,0,sil
11.633444547653198,-7,-1,-1,0,0,6,2,-6,-8,-3,-7,-9,-14,-6,sil
11.633444547653198,-16,-23,-20,-10,0,-2,12,-3,2,0,-12,-12,-9,-3,sil
11.649160861968994,-21,-25,-22,-9,-15,-9,1,5,8,-6,-14,-14,-11,-7,sil
11.649160861968994,-16,-17,-22,-6,-17,-10,-7,-2,-1,-12,-20,-15,-11,-16,sil
11.6672523021698,-15,-20,-12,-15,-4,-6,0,-6,-9,1,-23,-8,-4,-14,sil
11.6672523021698,-21,-16,-14,-13,0,0,5,0,-4,8,-22,-14,-6,-13,sil
11.6672523021698,-13,-4,-11,0,-2,0,4,3,-5,2,-14,-19,-7,-12,sil
11.681398153305054,6,0,10,7,-2,-2,5,6,-6,1,0,0,7,4,sil
11.697752237319946,14,1,7,2,2,1,7,4,1,2,5,12,18,16,sil
11.697752237319946,9,3,3,1,1,0,-3,0,5,0,0,9,10,11,sil
11.698752641677856,5,4,1,5,0,-1,-8,-3,3,0,4,7,8,9,sil
11.712075471878052,7,6,4,4,7,0,-1,-4,4,6,24,11,17,7,sil
11.727532863616943,10,14,15,10,16,5,1,1,12,22,42,19,26,2,sil
11.727532863616943,14,17,7,25,15,6,1,3,12,29,41,18,24,5,sil
11.745496988296509,7,6,3,13,0,0,-3,0,-7,1,17,4,1,3,sil
11.745496988296509,-4,-6,-1,-17,-15,-11,-19,-5,-25,-27,-9,-7,-16,-12,sil
11.762024641036987,-2,-1,-2,-19,-10,-15,-21,-4,-17,-24,-23,-6,-18,-13,sil
11.762024641036987,6,11,15,0,-3,0,-2,0,-3,-13,-20,4,-16,0,sil
11.77509069442749,1,1,5,-4,0,3,5,2,1,-7,-13,0,-11,0,sil
11.77509069442749,-8,-8,-4,-12,1,0,5,5,1,-8,-16,-13,-6,-5,sil
11.79307222366333,-12,-1,-8,1,3,7,17,3,8,-6,-4,-12,-4,-3,sil
11.79307222366333,-15,-1,-14,6,-1,4,16,0,15,-2,18,-4,1,0,sil
11.79307222366333,-7,-2,-4,-9,-3,0,-1,3,3,-2,11,-1,1,1,sil
11.80647587776184,15,13,3,0,6,0,-4,0,-5,-1,-4,3,-3,8,sil
11.822008848190308,40,30,23,25,18,-3,-5,-4,-9,0,8,18,0,19,sil
11.822008848190308,32,22,28,32,17,-3,-6,-5,-16,-3,16,21,5,17,sil
11.838099241256714,-1,-4,-2,15,2,0,3,-7,-20,-5,-8,-5,-8,-4,sil
11.839099645614624,-27,-27,-17,-3,-5,5,9,-5,-20,6,-22,-23,-18,-17,sil
11.853382110595703,-37,-30,-24,-4,-2,14,6,-3,-11,18,-8,-21,-9,-12,sil
11.853382110595703,-44,-28,-23,-2,-3,21,3,-2,7,13,-11,-24,-6,-19,sil
11.869444131851196,-39,-23,-19,-12,-7,11,3,0,25,12,-20,-32,-4,-24,sil
11.869444131851196,-10,-13,-18,-22,-7,-8,0,2,24,14,-8,-15,9,-2,sil
11.884978771209717,20,1,3,-25,-11,-21,-12,5,13,-6,1,18,13,17,sil
11.884978771209717,31,8,9,-23,-15,-17,-18,3,9,-25,8,29,4,13,sil
11.900388717651367,29,17,15,-12,-7,-7,-10,2,10,-16,16,27,0,6,sil
11.900388717651367,23,25,31,-2,3,0,-3,5,4,-6,12,20,0,-1,sil
11.916441679000854,0,11,9,-7,6,1,-1,2,-1,2,1,0,0,-11,sil
11.916441679000854,-15,-2,-3,-7,3,1,8,1,1,21,5,-6,10,-4,sil
11.932158470153809,-1,6,0,25,7,7,15,0,11,33,14,5,20,11,sil
11.932158470153809,13,12,5,44,9,10,10,1,4,16,1,8,10,19,sil
11.948031425476074,1,-4,0,18,4,9,-2,-1,-20,-4,-13,-2,-1,14,sil
11.948031425476074,-10,-17,-16,2,2,3,-3,-6,-23,-2,-7,-14,0,7,sil
11.963254451751707,-3,-6,-3,8,1,0,4,0,0,3,-1,-10,0,5,sil
11.963254451751707,4,0,4,9,-1,-3,15,5,21,4,-4,-1,0,3,sil
11.978827476501465,6,-3,2,0,-4,-8,18,2,24,3,0,7,7,-2,sil
11.978827476501465,4,-2,3,-14,-6,-9,10,2,23,1,12,19,11,-2,sil
11.994635820388794,0,-3,-7,-28,-6,-11,-5,-1,12,-1,16,15,11,-2,sil
11.994635820388794,-4,-3,-2,-18,-2,-14,-20,-8,-16,-12,10,7,4,-5,sil
12.010303974151611,0,4,3,4,3,-5,-23,-9,-33,-17,9,6,-4,-3,sil
12.010303974151611,13,18,9,15,5,6,-20,-4,-26,-12,10,6,-5,3,sil
12.025463819503784,21,22,23,12,1,3,-14,-1,-17,-10,2,3,-1,6,sil
12.025463819503784,3,4,9,4,0,-3,-1,-2,-14,-14,-9,-6,-6,-2,sil
12.041153192520142,-8,-4,4,1,4,6,10,0,-16,-16,-12,-6,-19,-10,sil
12.041153192520142,-6,8,4,12,9,12,13,0,-15,-14,-8,-1,-25,-12,sil
12.062707901000977,-14,2,-12,11,7,0,6,0,-15,-6,-12,-21,-22,-19,sil
12.062707901000977,-24,-11,-16,-6,4,1,3,8,-10,1,-11,-33,-11,-22,sil
12.062707901000977,-13,-4,-21,-5,7,14,11,7,6,8,5,-16,1,-7,sil
12.072227239608765,-4,-4,-12,-1,2,1,1,-3,8,5,0,-10,0,2,sil
12.087768077850342,-5,-18,-10,-13,-9,-15,-16,-4,0,1,-30,-20,-13,-2,sil
12.087768077850342,1,-11,-22,-17,-17,-5,-8,1,10,5,-27,-8,-7,0,sil
12.103381872177124,6,1,-7,-9,-17,10,3,2,26,12,0,12,5,15,sil
12.103381872177124,-6,-5,0,-9,-9,6,3,2,24,15,-2,-1,1,8,sil
12.118941307067873,-18,-15,-2,-15,-5,0,-1,3,9,2,-23,-24,-12,-13,sil
12.118941307067873,-14,-9,0,-11,-9,0,-1,-1,4,-5,-9,-7,-6,-12,sil
12.134010791778564,0,-2,8,-5,-11,-2,-2,-1,12,0,20,20,15,7,sil
12.134010791778564,17,3,25,0,-1,-1,-3,4,16,11,33,34,31,20,sil
12.149505853652954,28,15,21,13,9,-1,0,1,19,18,36,36,40,26,sil
12.149505853652954,28,15,16,16,6,-12,-2,0,11,7,26,39,35,28,sil
12.165610790252686,23,7,21,5,-1,-15,-10,3,-3,-11,10,27,12,16,sil
12.165610790252686,16,7,14,11,3,-3,-2,0,-6,-7,15,10,0,2,sil
12.18120288848877,9,21,15,27,16,6,7,0,-1,5,19,10,3,-4,sil
12.18120288848877,-2,24,0,27,20,9,6,0,-8,4,8,0,-2,-9,sil
12.196366310119627,-8,15,-4,24,24,17,12,0,-13,3,0,-9,-14,-2,sil
12.196366310119627,-1,4,0,23,30,25,26,0,-13,5,-4,-5,-15,8,sil
12.212103366851808,-4,-10,-18,7,18,14,21,-1,-19,-2,-22,-17,-16,0,sil
12.212103366851808,-21,-26,-22,-18,-5,1,8,-4,-23,-7,-37,-36,-19,-17,sil
12.227334976196287,-24,-29,-24,-28,-19,0,6,-5,-8,7,-24,-33,-6,-12,sil
12.227334976196287,-11,-24,-18,-28,-23,-1,5,-2,4,8,-7,-18,7,1,sil
12.242932319641112,-3,-18,-3,-25,-24,-5,0,0,10,0,-4,-3,9,1,sil
12.242932319641112,-4,-14,-11,-20,-22,-10,-10,-1,10,1,-2,-2,6,-8,sil
12.258596658706663,-5,-8,-7,-27,-18,-15,-23,0,3,-4,-1,0,4,-10,sil
12.258596658706663,2,0,-1,-21,-4,-9,-14,4,6,-7,0,9,7,-3,sil
12.274354934692385,19,14,8,5,8,-3,0,6,17,-1,10,17,9,7,sil
12.274354934692385,23,23,23,16,5,-10,-3,5,11,-11,14,17,0,9,sil
12.289455652236938,3,13,6,4,-6,-19,-15,-6,-11,-28,2,5,-15,-8,sil
12.289455652236938,-11,0,0,-4,-14,-18,-20,-12,-23,-31,-14,-5,-29,-22,sil
12.305082321166992,-12,0,4,-7,-4,-7,-15,-1,-13,-24,-17,-4,-27,-14,sil
12.305082321166992,-5,6,3,-1,11,0,-9,4,-6,-12,-8,1,-15,-4,sil
12.321041822433472,0,11,9,18,10,1,-13,6,-14,-3,0,0,-4,-2,sil
12.321041822433472,0,10,3,26,7,2,-11,0,-8,4,14,0,6,1,sil
12.33660626411438,0,8,4,16,15,14,4,2,6,18,25,7,11,12,sil
12.33660626411438,0,5,5,17,13,20,12,0,5,19,13,1,4,9,sil
12.35231614112854,0,0,-3,25,2,15,7,-2,-1,7,-2,-9,-2,-1,sil
12.35231614112854,9,3,2,16,0,14,12,0,0,9,4,4,4,4,sil
12.368447065353394,7,0,-4,-2,-2,11,17,2,0,17,19,10,16,9,sil
12.383038759231567,-10,-14,-5,-12,-7,1,10,1,-8,6,2,-5,6,0,sil
12.383038759231567,-8,-13,-2,0,0,2,10,0,0,5,-13,-7,0,3,sil
12.383038759231567,7,0,-7,6,7,4,17,0,18,13,-8,-2,6,14,sil
12.399121284484863,0,-2,-3,-10,5,1,10,2,21,9,-12,-6,0,4,sil
12.399121284484863,-15,-13,-11,-20,1,1,8,1,23,10,-19,-12,-4,-6,sil
12.41522455215454,-1,-8,-5,-13,1,4,13,0,31,16,-6,-1,9,4,sil
12.41522455215454,19,6,12,-6,4,6,9,0,26,14,11,15,20,20,sil
12.431190729141235,20,9,11,-3,0,-3,-1,-3,6,6,11,15,13,15,sil
12.431190729141235,13,3,10,-1,-5,-19,-12,-6,-14,-13,-3,8,-1,1,sil
12.447253227233888,4,0,1,-1,0,-19,-15,-7,-23,-33,-3,3,-6,-5,sil
12.447253227233888,-9,-7,-3,-14,-4,-13,-9,-3,-15,-23,8,7,0,-6,sil
12.461435556411743,-22,-13,-7,-23,-15,-9,0,1,-6,-4,4,2,5,-9,sil
12.476952314376833,-19,-14,-14,-8,-11,-7,-3,-3,-11,-4,-9,-12,-4,-13,sil
12.476952314376833,-7,-6,0,2,-6,-5,-15,-2,-19,-9,-10,-10,-16,-14,sil
12.477952003479004,1,1,-2,2,-5,-4,-11,1,-9,0,0,0,-10,-10,sil
12.492181301116943,10,12,-4,13,0,0,2,8,5,3,11,4,3,0,sil
12.509105682373049,17,21,11,26,3,9,3,10,7,0,19,9,8,9,sil
12.509105682373049,11,16,10,27,5,7,-3,4,6,7,12,1,0,6,sil
12.509105682373049,0,4,9,14,8,4,-6,2,5,11,-4,-9,-13,-9,sil
12.523293733596802,-8,-2,-7,-4,6,6,-1,0,3,0,-9,-15,-15,-20,sil
12.538448810577393,-14,-10,-19,-24,0,1,-4,-4,-7,-13,-17,-21,-14,-20,sil
12.538448810577393,-19,-9,-8,-26,-6,0,-9,-2,-16,-12,-29,-20,-21,-13,sil
12.554306268692017,-5,-2,-2,-2,-7,0,0,-2,-6,0,-13,0,-6,8,sil
12.554306268692017,15,0,15,2,-3,-2,5,-2,3,0,11,21,18,28,sil
12.57007646560669,10,3,15,-2,1,-3,-2,-1,-4,-12,11,16,14,13,sil
12.57007646560669,2,14,1,12,9,9,5,1,-6,-3,8,11,4,4,sil
12.585160493850708,7,17,3,29,18,17,23,6,13,17,20,20,18,21,sil
12.585160493850708,-3,0,-6,13,11,4,10,0,8,8,17,4,15,9,sil
12.601299524307253,-11,-10,-2,-7,-2,-2,-7,-8,-16,-8,-2,-12,-5,-14,sil
12.601299524307253,3,-3,4,0,-4,2,2,-1,-6,7,-2,-4,-1,-4,sil
12.616392135620115,9,2,0,5,-4,-6,2,0,8,9,1,1,5,4,sil
12.616392135620115,5,0,6,-3,-11,-20,-19,-7,-4,-9,-3,-1,-3,-3,sil
12.632042407989502,9,-3,2,-2,-5,-14,-20,-2,-1,0,8,3,0,-2,sil
12.632042407989502,-3,-5,-5,0,6,0,1,12,9,11,13,1,5,0,sil
12.647994041442873,-30,-8,-19,-11,3,8,10,4,3,0,-10,-13,-5,-6,sil
12.647994041442873,-19,-5,-18,-16,0,5,10,-3,10,2,-23,-10,-9,-6,sil
12.663137674331663,9,0,8,-4,0,6,14,5,14,0,-17,6,-7,0,sil
12.663137674331663,7,-4,2,-4,-2,1,7,1,-6,-19,-20,-6,-16,-7,sil
12.67894983291626,0,-7,1,-10,-8,-4,-7,-1,-17,-18,-17,-14,-15,-11,sil
12.67894983291626,9,11,12,11,0,4,-1,4,8,5,0,8,2,5,sil
12.694401502609251,12,18,5,29,14,11,18,4,25,20,6,8,5,18,sil
12.694401502609251,2,0,1,7,10,8,18,0,10,12,0,-6,-4,10,sil
12.709972381591797,-5,-11,-5,-9,-3,4,5,-2,4,4,3,0,6,6,sil
12.709972381591797,-3,-10,-2,-9,-9,-1,-1,-3,11,10,19,14,19,11,sil
12.72600531578064,2,-5,4,-8,-6,-6,-9,0,7,20,22,10,15,6,sil
12.72600531578064,0,-9,-4,-13,-9,-11,-16,-2,-9,10,9,-3,6,-8,sil
12.74216604232788,-1,-3,2,-12,-6,-9,-13,-3,-18,-8,8,-3,3,-12,sil
12.74216604232788,3,14,7,11,11,0,-4,0,-10,-7,18,1,9,-6,sil
12.757920742034912,11,18,7,28,15,0,-4,2,-4,0,6,1,9,0,sil
12.757920742034912,8,1,7,9,-1,-3,-2,-1,-9,-5,-8,-1,-1,0,sil
12.77301263809204,-8,-8,-6,-4,-7,-3,2,-5,-13,-17,-10,-5,-12,-8,sil
12.77301263809204,-20,-6,-6,-8,-2,-5,-8,-4,-9,-26,-14,-5,-14,-11,sil
12.78859519958496,-9,-10,-10,-20,-2,-6,-20,-1,2,-13,-3,1,-3,-2,sil
12.78859519958496,0,-7,-7,-21,-5,-4,-13,2,5,4,5,5,1,3,sil
12.804306507110596,-7,9,-1,0,-2,-2,2,4,-1,0,-10,-1,-7,-4,sil
12.804306507110596,-4,15,-4,15,3,-2,8,0,-1,-12,-17,-9,-9,-9,sil
12.819413185119627,8,11,9,11,5,0,-1,0,-5,-13,-9,-3,-9,-3,sil
12.819413185119627,8,14,7,10,3,0,-4,5,-6,0,0,6,-4,2,sil
12.835062980651855,9,14,2,12,6,2,11,4,8,15,13,18,15,13,sil
12.835062980651855,14,6,5,3,8,15,25,2,21,21,20,22,22,20,sil
12.850128650665283,0,-7,-11,-8,2,15,20,0,6,8,0,0,0,6,sil
12.850128650665283,-15,-12,-4,-11,-6,4,0,-2,-16,-8,-12,-12,-12,-8,sil
12.8653666973114,-8,-4,9,-2,-3,6,-5,-3,-19,-5,0,-5,-6,-9,sil
12.8653666973114,1,0,6,5,1,10,-2,-3,-9,-1,6,-3,-8,-1,sil
12.881496667861938,7,4,7,12,-1,0,-5,1,-5,-2,2,-1,-5,10,sil
12.881496667861938,14,1,0,14,-6,-16,-13,0,-3,2,10,1,4,15,sil
12.897596836090088,12,-5,-1,4,-7,-10,-12,0,2,3,10,2,0,1,sil
12.897596836090088,-3,-13,-6,-3,0,13,5,4,8,1,-3,-4,-7,-7,sil
12.915621280670166,-11,-17,-13,-2,10,19,22,4,7,10,-11,-15,-9,-6,sil
12.915621280670166,-1,-10,0,5,14,11,24,-1,10,21,-8,-13,-1,-1,sil
12.92963719367981,-2,-5,-6,11,7,7,17,-6,23,25,-1,-7,10,2,sil
12.92963719367981,-21,-8,-11,-3,-1,-1,1,0,21,11,-18,-15,1,-5,sil
12.945184469223022,-26,-7,-10,-12,-2,-11,-6,3,12,-4,-31,-21,-8,-18,sil
12.945184469223022,-5,4,0,1,0,-16,-1,0,24,2,0,-1,12,0,sil
12.961224794387816,6,8,18,-4,-2,-9,-1,0,28,6,22,27,27,22,sil
12.961224794387816,-3,-5,0,-28,-12,-4,-6,0,5,-12,-3,20,6,7,sil
12.97669529914856,-6,-11,-8,-31,-15,-8,-6,0,-15,-23,-18,2,-4,-6,thankyou
12.97669529914856,7,0,11,-18,-8,-8,-6,0,-11,-10,8,13,14,2,thankyou
12.992220640182495,26,10,19,-9,0,-6,-13,0,-6,-1,30,30,27,9,thankyou
12.992220640182495,30,11,21,-5,0,-8,-23,-2,-15,-12,21,25,9,6,thankyou
13.007631301879885,15,4,0,-7,-9,-13,-25,-11,-30,-17,5,2,-9,-6,thankyou
13.007631301879885,2,2,-9,-14,-19,-12,-23,-8,-37,-19,1,-3,-14,-20,thankyou
13.02344560623169,0,18,1,-1,-7,-3,-15,2,-27,-13,14,4,-7,-15,thankyou
13.02344560623169,3,30,5,28,17,2,-5,0,-20,-7,20,3,-3,-5,thankyou
13.038954973220823,8,24,12,45,25,2,1,-1,-23,-15,10,-6,-6,-2,thankyou
13.038954973220823,5,20,5,42,23,5,16,6,-13,-7,2,-11,-5,-1,thankyou
13.055103302001951,-7,17,-4,30,19,14,28,8,0,15,-2,-12,-11,2,thankyou
13.055103302001951,-28,-4,-12,15,6,18,26,6,7,11,-21,-21,-24,0,thankyou
13.070175409317017,-32,-26,-21,6,-3,19,20,2,16,-3,-39,-30,-26,-9,thankyou
13.070175409317017,-9,-21,-2,6,0,23,18,0,16,11,-33,-20,-12,0,thankyou
13.08585262298584,2,-13,-3,3,4,16,12,-1,14,28,-17,-11,-2,10,thankyou
13.08585262298584,-10,-22,-15,-17,-1,5,3,-3,21,16,-18,-15,-8,5,thankyou
13.101184129714966,-13,-27,-8,-30,-6,4,5,-1,31,14,-12,-1,-2,11,thankyou
13.101184129714966,0,-17,-6,-9,0,0,10,4,38,36,12,13,29,23,thankyou
13.116315603256226,2,-5,4,0,4,-3,3,6,26,28,21,14,38,15,thankyou
13.117316007614136,2,-5,2,-11,-4,-2,-4,0,6,-2,12,6,18,1,thankyou
13.132401466369627,13,-7,-2,-17,-14,-8,-5,-1,0,-9,8,9,11,2,thankyou
13.132401466369627,21,-1,9,-6,-9,-10,-9,0,8,5,15,23,18,7,thankyou
13.149036169052124,10,3,6,-1,-4,-9,-19,-5,2,2,18,16,12,0,thankyou
13.149036169052124,8,10,8,-6,-5,-15,-22,-9,-12,-11,14,9,-2,-6,thankyou
13.16322660446167,19,18,15,1,-1,-15,-4,-7,-7,-7,17,22,0,-3,thankyou
13.16322660446167,14,16,9,3,-3,-14,2,-2,-4,-3,10,18,-1,-3,thankyou
13.178659677505491,-1,12,0,-6,-10,-14,-6,4,-23,-22,-8,-4,-20,-12,thankyou
13.194318056106567,-5,9,-10,0,0,-1,-2,2,-29,-32,-10,-10,-18,-16,thankyou
13.194318056106567,-7,4,3,10,5,8,3,0,-23,-24,-5,-3,-1,-9,thankyou
13.211092472076416,-19,-1,0,-4,-5,1,-11,3,-29,-21,-14,-15,-9,-14,thankyou
13.211092472076416,-21,-3,-12,-15,-6,-8,-22,1,-28,-21,-15,-23,-21,-23,thankyou
13.211092472076416,-16,-6,-2,-4,-1,-1,-12,-1,-13,-10,-10,-16,-10,-16,thankyou
13.226389408111572,-15,-12,-10,-4,-1,9,0,-3,1,2,-15,-20,0,-1,thankyou
13.226389408111572,-6,-12,-6,-13,0,7,4,4,9,7,-8,-16,0,6,thankyou
13.243059873580933,0,-1,1,0,0,3,4,6,6,3,7,-1,5,3,thankyou
13.243059873580933,-1,5,-2,12,3,7,5,0,2,0,1,1,4,3,thankyou
13.25616192817688,9,15,13,22,21,19,21,-1,15,8,0,13,6,22,thankyou
13.272007703781128,29,24,16,36,25,18,29,0,35,33,19,27,20,35,thankyou
13.272007703781128,18,9,7,18,3,2,7,4,31,32,16,18,10,20,thankyou
13.2869770526886,0,-12,2,-5,0,0,0,4,22,15,2,6,0,3,thankyou
13.2869770526886,1,-8,0,4,12,5,16,-2,16,10,6,1,9,4,thankyou
13.302178621292114,3,3,0,3,1,0,5,-5,0,8,-2,-3,5,0,thankyou
13.302178621292114,-2,0,-9,-15,-9,-8,-13,-6,-13,7,-9,-6,-4,-9,thankyou
13.318296670913696,1,-6,-4,-9,-2,-6,-10,-5,-11,5,1,2,1,-1,thankyou
13.318296670913696,0,-5,-2,1,4,-4,-4,-1,-11,-4,5,2,5,-1,thankyou
13.334392070770264,-2,0,-5,3,9,-7,-1,1,-11,-12,0,-2,0,-10,thankyou
13.334392070770264,6,9,17,11,11,0,5,2,-5,-6,0,1,-1,-3,thankyou
13.350141048431396,5,6,8,11,0,5,1,-2,1,-2,-1,-3,-6,0,thankyou
13.350141048431396,-5,-10,-13,-5,-14,-4,-9,-2,2,-6,-2,-11,-14,-6,thankyou
13.36570930480957,-13,-14,-13,-19,-22,-14,-6,3,-2,-14,-7,-7,-17,-9,thankyou
13.36570930480957,-20,-15,-21,-29,-28,-8,0,0,-7,-25,-22,-14,-16,-6,thankyou
13.381125688552856,-15,-19,-7,-30,-22,0,-2,4,-1,-17,-18,-10,-7,0,thankyou
13.381125688552856,0,-5,2,-1,-5,1,0,8,9,12,3,6,3,3,thankyou
13.396146535873411,10,11,1,15,0,3,0,0,6,14,9,11,1,1,thankyou
13.396146535873411,11,10,5,5,5,10,-3,-2,-1,-5,2,7,0,0,thankyou
13.412397384643556,4,7,4,4,12,8,1,2,0,-1,0,1,5,6,thankyou
13.412397384643556,-4,11,9,5,5,0,2,0,-6,0,-4,-1,0,4,thankyou
13.42836618423462,-3,6,0,2,0,-3,-8,-8,-10,-6,1,0,-3,-3,thankyou
13.42836618423462,-1,-2,-3,2,5,-8,-12,-2,-6,3,10,0,5,-5,thankyou
13.44396948814392,-3,5,11,13,8,0,-3,4,-4,13,17,6,15,0,thankyou
13.44396948814392,3,18,10,19,11,8,4,2,0,10,28,19,18,5,thankyou
13.459636926651,9,10,6,7,9,1,2,0,5,6,20,17,6,6,thankyou
13.459636926651,-1,-7,-5,-5,0,-6,-3,-2,-1,-1,-1,-8,-8,0,thankyou
13.475284576416016,-7,-14,-10,-11,-6,-4,-5,-1,-9,-12,-10,-17,-7,-8,sil
13.475284576416016,5,-4,4,-13,0,-2,3,5,3,-1,0,1,9,0,sil
13.490454196929932,16,0,3,-7,7,0,16,2,22,16,11,10,21,15,sil
13.490454196929932,8,-1,5,-1,2,5,12,0,19,10,0,6,6,8,sil
13.50639820098877,-6,-5,5,-5,-5,3,2,0,4,0,-14,0,-5,-5,sil
13.50639820098877,-4,-3,-3,-7,-3,-2,1,1,-1,-5,-11,-6,0,-1,sil
13.52236557006836,4,3,2,-1,-3,3,3,1,-3,-12,-14,-10,-5,-1,sil
13.5228750705719,0,0,-10,0,-10,7,-2,-3,-5,-5,-21,-16,-16,-16,sil
13.537417650222778,-4,-8,-10,-3,-8,0,-9,-3,-5,0,-9,-6,-6,-13,sil
13.537417650222778,3,2,0,5,5,-4,-3,0,1,-2,0,8,6,6,sil
13.55299997329712,10,15,0,23,12,-4,5,0,11,1,-3,5,7,15,sil
13.55299997329712,11,8,8,19,3,2,10,-1,9,8,-1,6,4,9,sil
13.569025754928589,0,-6,-4,3,0,6,8,-3,1,-4,4,1,-3,-2,sil
13.569025754928589,-13,-8,-8,-9,-3,-3,-2,-3,-14,-25,-6,-14,-21,-11,sil
13.584187984466553,-15,-4,-3,-14,-10,-10,-12,-1,-23,-19,-14,-18,-24,-12,sil
13.584187984466553,-18,-11,-10,-16,-9,-5,-11,0,-7,2,-2,-12,-9,-5,sil
13.599767684936523,-19,-9,2,-11,0,0,-10,4,4,7,4,-5,-1,1,sil
13.599767684936523,-10,2,5,0,5,0,-5,0,-2,0,1,1,-2,-2,sil
13.615029096603394,-5,5,0,4,4,1,-2,-2,-4,4,8,7,-2,-8,sil
13.615029096603394,-4,2,-2,1,3,6,-5,1,3,9,18,5,4,0,sil
13.630236625671388,3,1,-8,4,2,3,-2,1,0,2,14,-1,8,5,sil
13.630236625671388,12,8,9,12,2,0,6,1,-4,7,12,6,6,6,sil
13.645527839660645,17,12,17,25,11,6,11,1,1,22,25,18,12,13,sil
13.645527839660645,12,6,9,27,14,10,10,0,-3,13,9,7,8,12,sil
13.661075830459597,-1,-2,-2,7,1,4,8,-4,-11,-3,-21,-13,-7,0,sil
13.661075830459597,-1,-10,-12,-11,-9,-7,2,0,3,-1,-23,-10,-4,0,sil
13.676051139831545,13,-8,3,-15,-8,-5,1,4,16,1,-9,9,7,5,sil
13.676051139831545,16,0,9,-5,-6,3,10,4,22,0,0,14,14,9,sil
13.691467046737673,9,0,0,-12,-14,-2,4,4,26,11,6,16,24,14,sil
13.691467046737673,8,-10,-4,-39,-18,-15,-13,3,20,8,10,20,24,9,sil
13.707539558410645,7,-4,-4,-30,-6,-16,-21,-3,-2,-16,13,9,2,-11,sil
13.723336935043337,7,17,14,5,4,-11,-22,-1,-24,-28,15,9,-7,-14,sil
13.723336935043337,7,26,12,19,9,-3,-14,0,-19,-9,19,14,6,0,sil
13.739378929138184,-2,12,0,11,10,0,-2,-3,-7,-3,5,-2,-2,-8,sil
13.739378929138184,-18,3,0,14,10,4,1,-1,-11,-17,-15,-21,-30,-22,sil
13.739378929138184,-19,3,-13,15,10,15,7,1,-11,-17,-15,-24,-23,-11,sil
13.755269765853882,-9,0,-6,11,9,23,15,2,-1,-3,-9,-17,-4,3,sil
13.755269765853882,-6,-4,-3,13,3,15,20,2,2,11,-12,-11,-7,4,sil
13.771262645721436,-6,-10,-10,3,-3,2,18,-1,3,13,-15,-10,-9,4,sil
13.771262645721436,-9,-15,-4,-11,-6,3,12,-1,1,1,-21,-22,-5,0,sil
13.787264585494995,-15,-20,-11,-14,0,7,10,-1,3,1,-24,-31,-6,-6,sil
13.787264585494995,-5,-9,-2,-5,2,8,10,0,8,15,-13,-7,-7,0,sil
13.802976131439207,6,-1,5,1,-2,3,6,0,9,21,0,10,1,7,sil
13.802976131439207,1,-9,-2,-1,-7,-12,-2,0,1,6,-1,-1,4,0,sil
13.817462921142578,-5,-8,1,-12,-10,-17,-16,-1,-5,-12,-11,-7,-7,-5,sil
13.817462921142578,-5,-6,-3,-11,-11,-13,-19,-3,-3,-8,-5,3,-7,-6,sil
13.8337082862854,-1,-10,-3,-9,-11,-11,-8,0,0,3,12,15,12,0,sil
13.8337082862854,5,0,3,-4,-3,-5,-6,1,5,0,18,19,18,2,sil
13.84935450553894,14,17,8,12,9,-4,-18,-1,4,0,13,21,7,0,sil
13.84935450553894,22,19,22,13,15,-3,-15,0,1,6,25,35,13,7,sil
13.863486289978027,21,14,15,1,6,4,3,-1,4,7,40,34,27,21,sil
13.88009762763977,7,4,4,-7,-4,0,1,-3,-4,0,21,12,17,17,sil
13.88009762763977,-10,-3,-8,-11,-10,-12,-10,0,-13,-4,0,-1,0,0,sil
13.88009762763977,-18,-5,-23,-14,-13,-9,-5,5,-3,-9,-2,-9,-6,-11,sil
13.894272089004517,-5,3,-3,-6,-5,1,1,7,5,-11,0,-7,-8,-9,sil
13.909436225891112,6,9,2,4,8,6,-1,0,1,0,1,-1,-1,-5,sil
13.909436225891112,0,4,0,0,9,5,-5,-3,-8,0,2,-3,-4,-7,sil
13.925362825393677,-6,5,5,6,4,3,2,1,-10,-5,0,-10,-12,-7,sil
13.925362825393677,5,10,3,29,7,0,10,3,-1,-3,-2,-8,-11,0,sil
13.941429615020752,16,13,10,30,9,4,5,0,1,-8,-4,-2,-9,3,sil
13.941429615020752,9,8,4,20,7,11,0,-3,-9,-7,0,-4,-1,1,sil
13.95781111717224,6,9,5,24,12,15,14,0,-7,1,-2,-2,6,6,sil
13.95781111717224,11,10,7,24,16,22,31,3,9,2,-19,-1,0,8,sil
13.973302602767944,0,-9,-12,0,3,14,19,-1,11,0,-25,-14,-12,-2,sil
13.973302602767944,-17,-28,-10,-28,-11,0,-1,-2,-5,1,-19,-17,-13,-8,sil
13.988454341888428,-14,-22,-3,-24,-10,-9,0,-2,-2,5,-9,-4,-3,5,sil
13.988454341888428,0,-9,-1,-4,-4,-8,6,1,8,5,-1,0,3,13,sil
14.004499912261965,-4,-7,1,-11,-6,-5,-1,4,5,7,-7,-5,0,0,sil
14.004499912261965,-18,-15,-10,-21,-3,-1,-3,-2,4,12,-12,-9,-1,-10,sil
14.02017307281494,-16,-15,-6,-13,-3,1,1,-5,3,10,-3,-2,2,-5,sil
14.02017307281494,-16,-10,-11,-11,-12,-4,0,0,3,5,-1,-2,4,-1,sil
14.03519368171692,-15,-15,-11,-26,-14,-14,-9,2,3,6,-7,-8,2,-7,sil
14.03519368171692,0,-9,9,-15,-6,-9,-15,0,4,6,4,1,3,-4,sil
14.0514075756073,12,9,7,8,-2,-1,-14,-4,9,5,21,16,7,1,sil
14.0514075756073,17,16,9,6,-1,-6,-10,0,11,2,25,23,13,10,sil
14.07444429397583,13,8,6,-1,4,-5,-5,2,5,-3,26,21,23,12,sil
14.075443506240845,5,7,-1,-1,6,0,-1,1,2,-12,22,18,16,1,sil
14.075443506240845,4,17,8,1,0,0,0,6,1,-13,14,21,1,-6,sil
14.081945419311523,5,14,3,5,-3,-6,-4,1,-16,-12,7,13,0,-4,sil
14.097980260849,-1,7,-2,0,-5,-11,-18,-5,-35,-28,-12,-6,-11,-11,sil
14.097980260849,0,10,0,1,1,-5,-16,-2,-23,-32,-22,-8,-21,-18,sil
14.113363027572632,15,16,6,24,13,5,9,3,0,-5,1,8,-8,0,sil
14.113363027572632,20,20,19,31,14,13,27,3,6,12,16,10,0,15,sil
14.129167795181274,8,6,9,22,11,8,19,0,4,14,2,-6,0,9,sil
14.129167795181274,4,-6,4,20,10,11,10,0,0,13,-2,-6,3,12,sil
14.144018411636353,4,-3,0,18,5,17,12,-1,0,13,-1,-2,1,15,sil
14.144018411636353,-2,0,-10,11,2,11,13,0,3,11,-12,-15,-7,4,sil
14.159855842590332,-11,-7,-7,3,2,6,10,8,6,14,-15,-15,-6,0,sil
14.159855842590332,-22,-19,-15,-10,-4,2,4,1,14,15,-9,-18,0,0,sil
14.175304174423218,-21,-30,-17,-34,-18,-9,-10,-9,8,0,-19,-24,-7,-4,sil
14.175304174423218,-10,-31,-13,-48,-19,-13,-23,-7,-7,-13,-18,-12,-7,-11,sil
14.19100546836853,-9,-23,-18,-43,-14,-14,-24,-3,-11,-10,-2,-4,-1,-19,sil
14.19100546836853,-12,-6,-5,-25,-8,-18,-21,-3,-13,-17,-1,-7,-8,-22,sil
14.20609211921692,-3,10,3,-1,5,-9,-14,0,-19,-25,-1,-3,-8,-15,sil
14.20609211921692,6,19,14,10,13,-4,-8,0,-15,-12,10,6,1,-3,sil
14.222019910812378,7,22,21,17,12,-3,-2,-1,-8,0,20,12,8,5,sil
14.222019910812378,11,22,13,26,11,7,3,1,-3,4,24,14,13,9,sil
14.23747205734253,12,17,16,30,11,22,8,7,1,12,17,14,11,9,sil
14.23747205734253,4,5,4,26,8,26,23,6,11,18,5,6,6,12,sil
14.253439664840698,-3,-3,-6,14,0,18,37,3,26,17,-4,0,4,15,sil
14.253439664840698,-7,-10,-9,-4,-9,7,27,7,33,18,-14,-2,3,10,sil
14.269049406051636,-2,-15,-15,-13,-2,1,14,10,31,24,-10,-1,7,9,sil
14.269049406051636,8,-12,2,-6,-2,0,8,4,23,17,0,6,5,11,sil
14.284536123275757,3,-12,-3,-10,-16,-12,-8,-9,5,0,-6,0,-7,-3,sil
14.284536123275757,-6,-10,-13,-23,-14,-24,-20,-7,-14,-20,-18,-8,-17,-20,sil
14.300132513046265,1,1,8,-23,-3,-15,-9,0,-9,-21,-5,6,-8,-10,sil
14.300132513046265,14,8,10,-6,-8,-6,-4,-7,3,-8,9,15,4,3,sil
14.315316438674929,9,9,11,5,-10,-8,-15,-4,-2,-6,13,12,7,1,sil
14.315316438674929,3,9,5,5,2,-11,-14,3,-8,-7,16,10,5,-1,sil
14.331360340118408,3,0,-6,-11,5,-8,-11,0,-7,-10,10,2,1,-3,sil
14.331360340118408,-3,-4,-2,-17,-2,0,-18,-1,-17,-15,-10,-6,-1,-7,sil
14.347495794296265,-10,1,-3,2,-1,4,-14,-3,-20,-9,-17,-11,-1,-10,sil
14.347495794296265,0,5,0,10,8,2,1,-4,-9,0,-2,0,0,0,sil
14.361946105957031,5,4,0,3,12,3,16,1,5,9,12,5,7,9,sil
14.361946105957031,4,10,0,7,14,7,21,8,11,18,17,4,15,11,sil
14.378015995025637,4,18,17,22,17,8,14,6,1,16,15,5,8,8,sil
14.378015995025637,-2,7,5,24,8,1,-3,-5,-13,3,4,-5,-8,0,sil
14.394307374954224,-8,-1,-6,10,-7,0,-11,-8,-21,-9,-7,-17,-19,-7,sil
14.394307374954224,-4,0,-5,2,-5,2,-1,-2,-22,-14,-11,-15,-19,-11,sil
14.40867519378662,-12,-10,-12,-2,-3,0,2,1,-20,-13,-18,-20,-20,-16,sil
14.40867519378662,-17,-17,-9,-5,-5,8,4,10,-4,-5,-16,-17,-13,-10,sil
14.424380540847778,-1,-5,-2,6,4,18,15,8,22,15,2,0,3,5,sil
14.424380540847778,4,-4,9,6,4,8,13,0,23,24,4,10,10,12,sil
14.44040322303772,0,-10,5,-2,0,0,0,-2,9,11,-2,7,5,7,sil
14.44040322303772,0,-7,-4,-1,0,0,-5,-1,3,-4,-2,2,0,1,sil
14.456468105316162,2,0,5,-2,-1,0,-12,-3,3,-6,-1,3,1,0,sil
14.456468105316162,9,5,0,1,0,1,-2,-3,14,6,11,9,18,9,sil
14.472538232803345,12,3,-4,1,6,-2,3,2,16,7,14,11,17,13,sil
14.472538232803345,-3,-7,-6,-14,3,-6,-1,4,3,-4,-4,0,-1,0,sil
14.487183570861816,-13,-6,-10,-17,0,-5,-1,-1,1,-2,-3,-3,-1,-6,sil
14.487183570861816,0,4,5,-1,-2,-11,-3,-2,4,3,4,3,1,-2,sil
14.503262042999268,0,-3,-3,-5,-5,-17,-13,-2,-5,-9,-12,-11,-11,-8,sil
14.503262042999268,-11,-12,-11,-22,-4,-9,-12,-2,-11,-28,-24,-20,-17,-12,sil
14.51841926574707,-4,-1,4,-14,2,1,1,0,2,-10,-3,0,-1,0,sil
14.534043312072754,9,13,9,8,9,1,12,4,21,31,19,7,12,8,sil
14.534043312072754,13,16,12,8,1,0,13,9,18,36,19,5,15,4,sil
14.550139665603638,4,4,0,-11,-10,0,4,1,-6,3,4,5,4,0,sil
14.550139665603638,-1,-4,-1,-14,-12,-7,-1,-6,-22,-13,-3,4,-7,4,sil
14.550139665603638,1,4,12,1,-6,0,-1,-4,-15,-8,1,5,-3,2,sil
14.566283226013184,4,11,2,9,-1,9,2,0,-6,-6,0,2,1,-6,sil
14.566283226013184,7,6,4,7,-1,9,5,2,-3,-10,-10,2,-8,-4,sil
14.582382678985596,15,6,4,13,-6,7,3,0,4,-5,-6,3,-7,5,sil
14.583386421203612,12,4,0,13,-13,7,0,0,4,2,4,0,0,0,sil
14.597944259643556,-9,-9,-4,-5,-19,3,0,0,-10,-2,0,-5,-9,-12,sil
14.597944259643556,-22,-20,-17,-18,-15,-6,-5,-5,-16,-11,-10,-11,-15,-16,sil
14.61300539970398,-6,-6,-3,-10,-6,-9,-12,-4,-6,-7,-4,-6,0,-3,sil
14.61300539970398,3,5,2,11,-2,-2,-5,0,0,-1,7,0,13,5,sil
14.62751603126526,-4,1,-6,17,0,0,0,-1,-4,-11,2,1,5,0,sil
14.642714977264404,-10,0,-1,4,2,0,1,-1,0,-4,-1,4,3,1,sil
14.642714977264404,-9,-2,-5,-2,1,3,2,1,7,10,8,1,10,5,sil
14.658626317977903,-12,-8,-4,-5,4,3,0,1,-6,0,1,-7,0,-2,sil
14.658626317977903,-9,-1,-1,2,15,0,-2,0,-11,-2,-6,-6,-4,-3,sil
14.674182891845703,10,14,6,22,24,7,5,3,13,19,12,11,8,12,sil
14.674182891845703,19,15,20,28,27,14,7,11,29,28,22,23,15,17,sil
14.68933081626892,8,2,9,22,28,4,2,5,20,20,7,10,11,6,sil
14.68933081626892,9,0,8,15,30,-6,-2,2,13,15,1,4,4,4,sil
14.704961776733398,20,0,11,4,34,-4,-3,3,16,15,11,11,0,9,sil
14.704961776733398,16,-1,3,1,33,-4,0,0,20,14,11,11,3,15,sil
14.720999479293823,1,0,1,1,26,-3,1,-2,7,0,3,2,0,7,sil
14.720999479293823,-4,1,-9,-6,19,-2,-4,-5,-16,-13,1,-7,-10,-8,sil
14.737066745758057,4,1,1,-7,23,-2,-9,-5,-26,-8,3,-2,-4,-5,sil
14.737066745758057,2,-4,0,-1,15,-5,-4,-2,-23,-8,-9,-4,0,-3,sil
14.75223684310913,-18,-17,-26,-15,-11,-9,-1,-4,-24,-25,-35,-25,-19,-20,sil
14.75223684310913,-23,-19,-17,-35,-13,-4,8,-3,-14,-23,-38,-23,-26,-23,sil
14.767283916473389,-20,-24,-14,-38,-22,-4,13,0,-4,-11,-29,-20,-19,-20,sil
14.767283916473389,-32,-14,-24,-50,-67,-17,-5,-3,-30,-33,-37,-37,-27,-31,sil
14.783395051956177,-27,13,-14,-54,-78,-9,-10,-5,-29,-36,-34,-29,-19,-20,thankyou
14.783395051956177,-6,-3,-7,-40,-98,16,8,0,5,-4,-19,-11,-1,0,thankyou
14.79899549484253,1,-27,4,-19,-130,24,10,5,11,10,-1,-5,3,2,thankyou
14.79899549484253,11,26,11,23,-46,14,7,3,16,20,37,12,24,15,thankyou
14.814200639724731,22,58,18,51,33,5,2,2,32,28,41,30,31,20,thankyou
14.814200639724731,15,12,16,33,-25,9,-3,3,22,15,10,20,4,4,thankyou
14.830299377441406,15,0,15,29,-38,12,2,3,18,12,18,17,7,12,thankyou
14.830299377441406,17,20,21,37,26,2,5,5,22,9,27,22,19,25,thankyou
14.846370220184326,5,-1,1,13,32,-6,-3,-2,13,-4,7,10,5,13,thankyou
14.846370220184326,0,-21,0,0,26,-6,-7,-6,1,0,7,7,3,9,thankyou
14.86207914352417,6,-8,11,11,55,-2,-6,1,-3,14,20,13,13,13,thankyou
14.86207914352417,7,-1,2,12,62,-4,0,1,0,8,16,9,11,8,thankyou
14.878050088882446,10,2,10,14,62,-8,1,-3,1,-3,9,17,8,6,thankyou
14.878050088882446,7,7,6,26,65,-14,-13,-3,-7,0,7,19,4,2,thankyou
14.893168926239014,5,3,-2,12,53,-12,-10,2,-8,9,2,10,0,0,thankyou
14.893168926239014,11,0,6,-4,43,0,5,4,-3,10,-2,14,1,4,thankyou
14.908270359039308,3,0,0,0,36,2,-1,-2,-14,-2,-8,3,-1,-6,thankyou
14.908270359039308,-11,-5,-6,-5,21,0,-9,-2,-21,-15,-9,-15,-15,-19,thankyou
14.923377990722656,-17,-9,-16,-16,6,3,3,0,-6,-9,-11,-21,-16,-15,thankyou
14.923377990722656,-19,-12,-24,-15,-2,5,8,0,-2,-4,-19,-25,-13,-19,thankyou
14.939047813415527,-23,-6,-17,-21,-12,0,1,5,-2,-9,-18,-29,-14,-23,thankyou
14.939047813415527,-21,-8,-23,-26,-26,-8,-1,3,1,-6,-13,-21,-19,-13,thankyou
14.95426869392395,-14,-10,-10,-14,-35,-6,-6,-4,-15,-10,-21,-15,-26,-13,thankyou
14.95426869392395,-7,1,2,2,-28,5,0,-5,-27,-18,-14,-20,-15,-19,thankyou
14.96985125541687,-2,9,-1,3,-19,8,10,1,-5,-5,4,-11,6,-3,thankyou
14.96985125541687,0,6,1,-4,-27,4,11,8,11,9,3,0,10,11,thankyou
14.98525047302246,8,2,0,-5,-37,4,8,2,14,7,-4,-6,5,10,thankyou
14.98525047302246,12,7,9,-2,-33,3,1,-1,14,2,0,-4,6,11,thankyou
15.00113582611084,4,7,10,2,-27,2,-2,-1,7,9,5,12,11,15,thankyou
15.00113582611084,4,0,5,8,-27,7,4,0,6,16,10,16,15,15,thankyou
15.017045497894289,13,0,18,6,-16,10,4,-1,14,11,10,13,10,17,thankyou
15.017045497894289,10,5,7,10,2,7,-5,-6,11,7,6,12,4,10,thankyou
15.033160209655762,6,3,4,2,3,5,-6,-2,0,5,11,19,9,9,thankyou
15.033160209655762,10,0,11,-6,-8,0,-1,0,0,4,13,22,13,15,thankyou
15.048763513565063,1,-4,2,-2,-3,-13,-7,-3,-9,-11,-8,1,-5,2,thankyou
15.048763513565063,-8,-4,-1,0,8,-11,-9,-1,-19,-26,-15,-6,-19,-7,thankyou
15.063990354537964,-6,-2,-5,1,9,-1,1,5,1,-10,9,6,-2,0,thankyou
15.063990354537964,3,5,1,4,8,0,8,6,16,6,11,8,8,-1,thankyou
15.080114364624023,8,7,8,2,17,3,11,0,7,6,0,0,6,-6,thankyou
15.080114364624023,5,-3,0,-1,16,0,15,-3,7,14,9,1,10,0,thankyou
15.095829725265505,-1,-11,-2,-5,5,-15,1,-3,5,13,0,0,0,-3,thankyou
15.095829725265505,-8,-8,-19,-13,0,-21,-19,-2,-13,-18,-26,-22,-18,-21,thankyou
15.111080169677734,-10,-4,-23,-16,1,-11,-24,0,-14,-30,-18,-27,-14,-25,thankyou
15.111080169677734,-8,0,-7,-4,11,2,-2,5,6,-2,8,-5,5,-5,thankyou
15.126617193222046,-4,0,-6,1,18,2,5,2,6,6,8,1,4,1,thankyou
15.126617193222046,-3,-3,-2,-3,9,-2,-7,0,-7,-7,-2,-3,-8,-2,thankyou
15.142005920410156,0,-1,0,2,13,3,3,0,10,7,13,8,4,7,thankyou
15.142005920410156,12,7,8,16,25,9,21,7,25,30,24,23,20,23,thankyou
15.15741515159607,3,10,8,4,10,3,1,1,-5,4,0,7,0,7,thankyou
15.173084020614624,-14,5,-4,-2,-4,-5,-15,-7,-25,-24,-16,-12,-23,-15,thankyou
15.173084020614624,-3,13,15,14,1,-3,-1,0,-10,-12,-4,1,-13,-9,thankyou
15.173084020614624,15,19,20,23,4,0,-5,0,-1,7,10,13,4,4,thankyou
15.188228607177734,9,7,7,17,-3,2,-19,-6,-14,-1,10,1,0,3,thankyou
15.204369068145752,-3,0,7,24,-1,7,-3,-1,-16,-4,-2,-5,-6,-1,thankyou
15.204369068145752,-6,-7,-7,10,-2,12,18,1,-4,10,-16,-9,0,2,thankyou
15.204369068145752,-6,-20,-8,-27,-15,18,24,1,0,8,-19,-15,-1,10,thankyou
15.219007015228271,-11,-16,-8,-17,-17,18,28,2,-1,-6,-18,-19,-11,3,thankyou
15.23418378829956,-13,-7,-18,4,-12,7,22,1,-1,-10,-24,-21,-12,-7,thankyou
15.23418378829956,-4,0,-10,-4,-10,0,4,0,5,-2,-16,-9,-2,-4,thankyou
15.250271320343018,5,8,0,-5,-4,0,-5,-1,10,5,7,4,8,0,thankyou
15.250271320343018,5,6,5,0,-1,-4,-17,-3,0,5,9,9,10,-4,thankyou
15.266654014587402,0,-9,0,-9,-7,-12,-28,-3,-1,5,0,9,10,-2,thankyou
15.266654014587402,4,-8,-2,-7,-8,-14,-19,0,19,15,8,15,18,7,thankyou
15.281179666519163,4,6,6,-2,-1,-1,0,5,23,20,16,12,15,7,sil
15.281179666519163,0,0,-5,-11,1,2,5,0,10,13,11,-2,4,0,sil
15.29694366455078,8,-5,0,-13,0,-11,-3,-3,3,0,12,-1,2,3,sil
15.29694366455078,18,1,10,-2,0,-16,-3,-1,3,-7,22,11,5,5,sil
15.313021421432495,13,4,9,0,8,-3,6,0,15,0,24,16,10,5,sil
15.313021421432495,15,6,12,-7,6,1,7,0,21,4,19,19,18,16,sil
15.328383445739746,15,1,-2,-16,-4,-6,2,-2,0,-5,13,17,13,8,sil
15.328383445739746,0,-8,-3,-18,-7,-11,0,2,-25,-31,-2,4,-10,-18,sil
15.344313144683838,-11,-2,4,-3,2,-3,0,6,-16,-38,-15,-5,-23,-19,sil
15.344313144683838,-8,10,1,13,4,2,0,1,-3,-13,-12,-8,-19,-2,sil
15.359685897827148,-7,10,10,20,1,7,-5,-1,-12,6,-7,-2,-15,0,sil
15.359685897827148,-9,4,2,28,8,9,-7,-1,-15,2,-7,-6,-15,0,sil
15.375211238861084,-15,2,-10,21,7,9,-3,-5,-17,-9,-24,-18,-20,-1,sil
15.375211238861084,-25,-5,-12,5,0,9,2,-5,-20,-7,-39,-30,-24,-15,sil
15.391239643096924,-22,-16,-17,5,1,5,11,0,-8,7,-26,-33,-14,-16,sil
15.391239643096924,-7,-10,-3,2,9,6,15,6,7,18,-1,-13,4,5,sil
15.407244682312012,6,-2,1,-4,8,6,8,2,5,8,3,9,18,15,sil
15.407244682312012,16,-1,4,0,0,-7,-7,0,0,0,3,20,19,9,sil
15.424776554107666,15,0,6,0,-7,-20,-15,3,4,9,16,24,17,4,sil
15.424776554107666,4,6,-1,-9,-1,-15,-19,-2,0,-1,19,19,11,-3,sil
15.439109563827516,2,14,10,-1,1,0,-22,-7,-16,-22,8,7,3,-10,sil
15.439109563827516,2,14,9,15,1,12,-11,-1,-11,-3,2,-5,-2,-13,sil
15.454523086547852,-6,1,-5,10,2,15,4,5,6,17,-7,-22,-13,-11,sil
15.454523086547852,-11,-6,-9,-1,6,21,20,4,19,16,-18,-23,-12,2,sil
15.470420837402344,-3,-3,-13,-2,4,29,34,4,33,27,-3,-11,7,19,sil
15.470420837402344,2,-4,-2,-4,-2,17,30,9,29,23,1,-4,11,16,sil
15.485964059829712,0,-8,-3,-7,-9,-5,16,1,19,0,-7,-12,-1,4,sil
15.485964059829712,2,-5,-10,-9,-10,-17,4,-4,19,-1,0,-3,3,5,sil
15.50140905380249,16,1,2,-11,-8,-14,0,1,19,9,17,21,17,16,sil
15.50140905380249,14,0,1,-5,-9,-11,0,1,15,6,22,24,17,14,sil
15.516756057739258,1,-9,0,-9,-9,-15,-11,-8,0,-5,23,13,6,-1,sil
15.516756057739258,0,-1,1,-14,-3,-21,-27,-10,-22,-16,22,15,-4,-14,sil
15.532043218612673,3,12,10,-1,0,-16,-23,-5,-37,-24,8,15,-12,-14,sil
15.5324604511261,0,13,16,12,0,-11,-23,-2,-35,-27,-7,8,-10,-12,sil
15.547434568405151,-2,-2,3,0,0,-14,-31,-2,-32,-25,-1,2,-4,-11,sil
15.547434568405151,-2,-8,8,-11,-1,-3,-18,2,-27,-13,3,4,-5,-5,sil
15.56259560585022,-3,-1,4,0,3,11,2,4,-15,0,-6,-2,-8,0,sil
15.56259560585022,-2,5,-2,11,14,10,10,0,-1,1,-15,-7,-6,3,sil
15.578291177749634,7,10,8,11,12,13,20,2,12,8,-5,2,1,11,sil
15.578291177749634,13,8,0,4,3,15,24,0,17,18,5,7,10,13,sil
15.593633651733398,5,3,0,-2,1,7,18,0,4,13,0,0,5,6,sil
15.593633651733398,-6,0,0,-5,3,9,18,2,5,6,-8,-7,0,-5,sil
15.60950779914856,-12,0,-13,0,3,7,14,2,16,5,-15,-17,-5,-12,sil
15.60950779914856,-9,0,-2,9,2,0,4,3,4,-6,-19,-12,-8,-1,sil
15.624377012252808,-1,0,1,10,1,3,6,1,-4,-10,-13,-5,0,8,sil
15.624377012252808,0,-11,-6,0,-1,5,0,0,0,0,-13,-10,1,-1,sil
15.64042901992798,-11,-16,-14,-8,-1,0,-15,0,7,7,-14,-16,-7,-11,sil
15.64042901992798,-12,-8,-15,-1,0,-5,-12,0,11,6,-1,-11,-6,-2,sil
15.656182050704956,-7,0,0,0,-2,-4,-6,0,10,-1,5,-1,-1,0,sil
15.656182050704956,-11,-8,-6,-2,-5,-1,-11,-5,2,-9,1,-6,-2,-7,sil
15.671282768249512,0,-6,-1,0,-4,-2,-14,-6,0,-2,2,-5,2,0,sil
15.671282768249512,18,12,13,11,-4,-1,-3,1,1,9,16,5,12,7,sil
15.687390565872192,10,15,9,17,0,1,8,5,-4,5,19,9,12,1,sil
15.687390565872192,2,2,9,6,3,5,7,0,-9,0,10,8,7,0,sil
15.702966213226318,5,0,0,0,0,0,2,-6,-8,0,5,6,4,3,sil
15.702966213226318,3,4,0,0,-2,-4,0,1,-6,-1,2,5,2,1,sil
15.718700170516968,2,7,11,4,-1,0,-2,10,1,3,5,11,3,5,sil
15.718700170516968,7,1,3,4,-1,-2,-5,-1,5,13,9,13,1,10,sil
15.734106302261353,9,0,2,-3,-3,-8,-2,-7,0,0,1,10,-4,1,sil
15.734106302261353,-1,0,-1,-7,0,-1,3,2,1,-2,0,-1,-2,-6,sil
15.749325513839722,-15,-11,-8,-14,0,3,2,7,7,10,0,-10,-2,-2,sil
15.749325513839722,-12,-14,-4,-25,-1,-3,-2,1,3,3,-4,-1,-6,1,sil
15.764974117279053,2,-3,-4,-13,0,-9,1,1,4,-4,2,5,0,1,sil
15.764974117279053,7,3,5,-3,-1,-6,10,1,1,0,6,2,4,0,sil
15.78018045425415,-4,2,-6,-12,-2,-1,7,-5,-6,-4,-11,-7,-5,-5,sil
15.795409679412842,-12,-8,-18,-11,0,0,-4,-7,-21,-22,-22,-13,-15,-10,sil
15.795409679412842,-4,-6,0,1,0,5,-4,-2,-17,-15,-6,0,-6,0,sil
15.795409679412842,5,4,4,2,1,11,4,0,6,9,8,11,12,10,sil
15.812589406967165,7,10,7,4,0,3,-2,4,15,9,2,5,9,6,sil
15.812589406967165,10,10,12,22,0,-4,-8,1,10,0,0,-4,0,2,sil
15.826319217681885,16,12,11,20,4,2,2,-6,12,-1,0,0,0,7,sil
15.842931747436523,9,4,11,1,6,7,5,-1,8,-5,-5,6,-3,4,sil
15.842931747436523,0,-7,0,2,3,-2,-3,3,0,-7,-5,2,-6,-1,sil
15.842931747436523,0,-3,3,6,3,-2,-6,1,-1,-1,-3,-1,2,-1,sil
15.857564449310305,-9,0,-5,-3,0,4,-1,-1,-9,-6,-14,-10,0,-12,sil
15.857564449310305,-14,-6,-16,-3,0,3,1,0,-13,-4,-14,-9,-10,-17,sil
15.874133586883543,0,0,3,6,4,4,6,1,-5,10,6,0,2,0,sil
15.874133586883543,-2,0,-5,2,0,0,7,-2,-3,7,13,-2,13,0,sil
15.889598846435549,-12,-7,-15,-11,-10,-10,-1,0,-9,-7,0,-9,0,-11,sil
15.889598846435549,-12,-3,-5,-12,-6,-7,-9,3,-8,-3,-8,-7,-11,-11,sil
15.90373992919922,-11,-2,-5,-6,0,-5,-8,1,-7,-1,-2,-12,-10,-10,sil
15.919594049453735,-9,-5,1,-5,-1,-3,-8,0,-2,-2,10,-1,-5,-9,sil
15.919594049453735,8,6,6,9,6,8,5,3,17,15,25,19,13,10,sil
15.93529725074768,18,18,15,18,12,10,19,4,21,17,23,18,25,25,sil
15.93529725074768,3,11,10,9,1,0,8,-1,0,-6,11,5,13,9,sil
15.951301336288452,0,2,-3,5,-5,-6,-10,-4,-13,-13,5,4,0,1,sil
15.951301336288452,13,5,8,10,-3,-6,-8,-1,-7,3,1,8,0,12,sil
15.965940952301024,5,1,3,0,-3,-5,1,0,7,13,0,-4,0,8,sil
15.965940952301024,-7,-9,-4,-12,-8,2,-2,2,19,12,-2,-10,-4,-2,sil
15.981136560440063,4,-8,-1,-4,0,10,-5,7,21,14,-8,4,-5,2,sil
15.981136560440063,11,-2,-5,2,9,5,-3,0,7,5,-13,3,-8,6,sil
15.996567487716677,0,0,2,0,3,4,0,-3,-7,-13,-17,-10,-16,-2,sil
15.996567487716677,0,-2,0,0,2,8,11,0,-3,-7,-7,-5,-1,-1,sil
16.012120485305786,4,1,-2,0,8,3,19,1,5,8,0,7,14,4,sil
16.012120485305786,-6,2,-5,-2,0,0,7,1,-9,0,-10,-2,-3,-4,sil
16.027252674102783,-15,-4,-16,-4,-14,-2,-4,-3,-24,-13,-18,-17,-19,-17,sil
16.027252674102783,-3,0,-3,-8,-13,-1,-3,-4,-14,-8,-5,0,0,-4,sil
16.043327569961548,1,1,0,-1,2,4,0,-1,2,6,7,12,14,5,sil
16.043327569961548,-5,-9,-8,1,6,2,-8,-3,0,6,1,-1,1,-3,sil
16.05892324447632,-7,-10,0,-8,-1,-8,-17,-9,-9,-9,-9,-13,-13,-9,sil
16.05892324447632,0,-1,-1,-3,-1,-10,-2,-5,-2,-12,-2,-5,-5,0,sil
16.080244541168213,4,-1,6,5,1,-3,10,2,8,0,10,9,8,9,sil
16.080244541168213,0,-7,4,-2,0,-1,5,2,10,0,6,0,5,3,sil
16.08124089241028,-5,-9,-2,-14,-2,-6,-5,4,3,-12,-8,-17,-3,-4,sil
16.090301990509033,-4,-1,6,-16,-3,-4,-3,8,2,-14,-5,-3,0,-2,sil
16.106077194213867,0,8,2,-12,-4,2,8,3,9,3,14,16,10,3,sil
16.106077194213867,8,11,7,0,0,6,9,6,15,21,25,17,14,5,sil
16.121675491333008,10,13,10,14,9,3,1,7,17,20,24,15,18,7,sil
16.121675491333008,6,15,6,10,8,-3,-5,-4,5,4,12,19,13,5,sil
16.137502908706665,5,9,12,3,-4,-9,-8,-5,-13,-2,-1,8,0,-4,sil
16.137502908706665,6,-2,-1,15,-1,-6,-5,-3,-18,0,-7,-12,-10,-13,sil
16.15266251564026,2,0,-5,12,5,1,-3,-4,-17,-14,-18,-15,-21,-13,sil
16.15266251564026,3,7,-5,-4,1,0,-4,-2,-15,-23,-17,-7,-16,-7,sil
16.16869807243347,10,3,-5,1,0,-8,-7,3,-2,-2,7,1,7,2,sil
16.16869807243347,0,1,3,9,0,-5,-8,2,-1,2,13,11,9,8,sil
16.184035062789917,-13,0,-5,-1,-2,0,0,-2,-11,-12,-3,0,-8,0,sil
16.184035062789917,-13,-2,-5,0,-2,5,5,1,-4,-11,-5,-11,-14,-9,sil
16.19912552833557,-8,2,-3,9,2,13,3,5,8,7,2,-7,-7,-5,sil
16.19912552833557,-8,0,-10,4,5,9,9,2,13,16,5,-1,0,1,sil
16.214360237121582,-4,-10,6,-1,2,7,16,2,10,14,9,5,6,6,sil
16.214360237121582,-3,-6,5,8,1,11,9,0,3,18,9,3,6,8,sil
16.230407238006592,0,3,1,10,2,9,5,0,-4,16,-3,-1,3,10,sil
16.230407238006592,9,3,4,6,4,7,11,0,2,8,-7,0,4,9,sil
16.246058702468872,5,-2,-3,-1,0,1,4,-8,1,0,-5,-2,0,3,sil
16.246058702468872,-5,-4,-3,-9,-2,-6,-9,-9,-15,-2,-13,-9,-6,-1,sil
16.261236429214478,-6,-5,-9,-4,-1,-1,-10,-7,-7,2,-18,-10,0,-1,sil
16.261236429214478,6,-2,0,3,0,3,-8,-2,14,5,-8,0,13,4,sil
16.277339458465576,18,6,13,5,2,-1,-6,8,18,1,9,13,12,13,sil
16.277339458465576,9,2,-4,-7,0,-9,-1,4,8,-6,7,4,-3,7,sil
16.29341721534729,-10,-13,-9,-34,-16,-12,-5,-1,1,-12,-15,-16,-15,-8,sil
16.29341721534729,-15,-16,-8,-32,-14,-8,-6,0,1,-9,-18,-21,-8,-19,sil
16.30906891822815,-3,-6,-1,-8,0,0,0,6,0,-4,-1,-10,0,-15,sil
16.30906891822815,-5,-6,-2,-10,-1,5,8,0,-6,-11,1,-6,-5,-12,sil
16.324268579483032,-16,-13,-12,-23,-6,2,6,-6,-7,-19,-5,-11,-16,-19,sil
16.324268579483032,-11,-5,4,-10,-4,0,-1,0,-6,-17,-3,-2,-17,-16,sil
16.340355157852173,0,6,7,7,2,-3,-3,3,-3,-4,8,8,0,0,sil
16.340355157852173,6,7,6,9,9,-2,0,1,2,9,18,16,15,14,sil
16.355497121810913,13,12,21,18,10,4,5,0,6,21,25,32,18,22,sil
16.372597455978394,20,20,10,33,11,0,9,0,8,22,29,31,20,23,sil
16.372597455978394,17,17,0,23,13,-6,6,-1,1,1,11,15,1,11,sil
16.372597455978394,3,4,-2,6,7,-5,0,-2,-6,-11,-12,1,-19,-1,sil
16.387213468551636,-4,-2,-1,0,-6,-6,-2,1,-7,-3,-15,0,-13,-2,sil
16.387213468551636,2,0,7,5,-9,-3,-3,9,6,10,-3,3,6,3,sil
16.405306100845337,10,5,3,11,-2,1,2,4,15,11,1,1,13,1,sil
16.405306100845337,0,0,1,-3,-10,-4,0,0,-5,-4,0,-1,11,-5,sil
16.418365478515625,-6,-5,-9,-10,-14,-5,-3,0,-16,-12,1,-6,15,-8,sil
16.418365478515625,0,-2,-8,6,0,8,0,1,3,0,6,-3,17,-1,sil
16.43349599838257,3,9,15,14,5,17,1,2,13,14,15,9,14,6,sil
16.4344961643219,-4,9,6,4,0,6,-12,-2,5,13,19,7,11,5,sil
16.449004650115967,-3,0,0,-2,0,-6,-21,-5,-6,-11,3,-10,-1,-6,sil
16.466416835784912,3,1,1,-3,1,-6,-15,-4,-22,-27,-3,-10,-12,-13,sil
16.466416835784912,4,8,-4,-1,5,-3,-10,-5,-24,-14,0,1,-2,-6,sil
16.466416835784912,-2,0,-1,-2,5,0,-12,-7,-14,-9,-11,-2,0,0,sil
16.48008441925049,-8,-12,-7,-10,-3,0,-6,-5,-7,-13,-21,-16,-13,-1,sil
16.48008441925049,-8,-6,-4,-17,-1,1,5,0,-4,-6,-19,-14,-24,-4,sil
16.49559998512268,-12,-4,-8,-20,12,8,13,3,3,4,-29,-13,-27,-8,sil
16.513011693954468,-16,-16,-18,-20,13,11,19,12,14,13,-31,-21,-21,-4,sil
16.513011693954468,-8,-10,0,-8,2,13,21,15,22,28,-6,-12,-5,11,sil
16.513011693954468,-2,-1,-5,10,2,13,18,0,20,30,9,-7,-1,10,sil
16.52803611755371,-10,-9,-17,5,0,9,8,-7,0,1,-9,-16,-23,-9,sil
16.52803611755371,-15,-14,-11,-7,-2,2,6,-3,-10,-15,-21,-19,-37,-18,sil
16.542420148849487,-11,-14,-11,-9,-6,-4,12,-2,0,-2,-7,-14,-30,-7,sil
16.557993412017822,0,-9,2,-5,-13,-7,7,2,13,5,6,2,-17,4,sil
16.557993412017822,16,8,14,11,-8,-5,-1,5,23,4,22,26,11,10,sil
16.573177337646484,29,19,25,25,5,-3,-1,0,21,14,35,38,47,21,sil
16.573177337646484,21,9,22,15,6,-5,1,-1,10,24,35,31,57,22,sil
16.589257955551147,9,4,1,6,-6,-18,-14,-3,1,7,29,22,46,9,sil
16.589257955551147,8,12,6,7,-14,-28,-28,-3,-8,-15,17,22,36,4,sil
16.604448318481445,11,13,6,2,-7,-15,-16,-3,-19,-16,2,16,30,4,thankyou
16.604448318481445,16,9,5,0,0,-2,0,3,-16,-5,3,11,25,0,thankyou
16.620035886764526,21,8,14,3,-2,4,5,11,0,0,19,17,28,6,thankyou
16.620035886764526,12,5,13,4,0,10,8,5,10,2,15,13,24,12,thankyou
16.63500189781189,-5,0,10,0,9,13,3,0,-1,-4,-13,0,-7,-1,thankyou
16.63500189781189,-19,0,-9,-5,5,5,-3,-2,-13,-20,-28,-13,-38,-19,thankyou
16.651079654693604,-20,-5,-19,-14,-7,-2,0,-1,-16,-28,-28,-24,-43,-20,thankyou
16.651079654693604,-13,-12,-10,-20,-5,-1,5,-2,-18,-20,-27,-25,-37,-12,thankyou
16.666336059570312,-13,-18,-18,-14,1,-3,-3,-13,-17,-10,-21,-24,-38,-15,thankyou
16.666336059570312,-11,-12,-6,-9,0,0,-19,-8,-9,-5,-11,-14,-33,-16,thankyou
16.68203067779541,0,8,0,7,0,10,-18,2,5,9,8,-1,-9,-3,thankyou
16.68203067779541,10,18,2,25,0,11,-15,1,12,19,20,2,9,7,thankyou
16.697983503341675,6,7,14,22,1,7,-13,0,10,10,4,-1,7,9,thankyou
16.697983503341675,-7,-1,-2,10,20,6,6,4,15,7,-11,-8,1,5,thankyou
16.713042974472046,-13,-1,-10,3,23,0,27,6,11,9,-5,-6,0,0,thankyou
16.713042974472046,-7,-5,-2,-1,4,0,18,3,0,9,3,-7,4,-1,thankyou
16.72907853126526,-2,-5,-3,-6,0,7,0,2,2,16,0,-3,11,1,thankyou
16.72907853126526,-5,-2,-4,-10,6,9,2,0,4,9,-7,4,3,2,thankyou
16.745194673538208,-5,-9,-9,-10,-4,1,6,-5,-6,-9,-10,-6,-11,-3,thankyou
16.745194673538208,2,-12,-1,-10,-14,-5,1,-4,-16,-7,-6,-13,-10,-6,thankyou
16.76031470298767,4,-4,-5,-12,-10,-13,0,-2,-17,-3,-1,0,0,-3,thankyou
16.76031470298767,3,1,-8,-11,-9,-23,-2,-6,-19,-16,-3,6,-3,-2,thankyou
16.77595567703247,14,11,14,2,-6,-11,-1,-1,-9,-7,8,11,2,2,thankyou
16.77595567703247,21,15,13,18,3,3,3,6,15,17,34,27,24,17,thankyou
16.792437076568604,13,7,11,13,4,3,-1,4,20,15,37,31,25,24,thankyou
16.792437076568604,9,2,9,6,0,0,-4,-1,11,12,21,10,16,9,thankyou
16.807461500167847,1,0,-9,3,1,1,4,0,4,9,-1,-10,3,-5,thankyou
16.807461500167847,-11,-6,-6,-9,0,1,4,2,2,-13,-22,-9,-15,-5,thankyou
16.823408126831055,-11,-4,0,-9,-4,-1,4,0,11,-11,-9,0,-2,0,thankyou
16.823408126831055,-5,4,2,-2,-4,-3,12,4,14,5,4,1,16,0,thankyou
16.838989734649658,-10,4,-2,-3,-2,3,16,6,6,-4,-13,-2,1,-6,thankyou
16.838989734649658,-13,-6,-8,-7,-1,5,10,1,4,-17,-23,-10,-11,-9,thankyou
16.854124307632446,-8,-9,0,-8,-3,-3,-2,3,11,-7,-3,-11,0,-3,thankyou
16.854124307632446,0,0,3,0,0,-3,-7,1,10,0,5,-5,7,1,thankyou
16.869251489639282,10,5,12,10,0,3,-5,-3,-5,-7,-1,6,0,2,thankyou
16.869251489639282,7,-1,5,7,-2,3,-10,-1,-19,-10,0,3,-8,0,thankyou
16.884955883026123,0,-5,-11,-3,-2,0,-17,-5,-21,0,2,-9,-10,-4,thankyou
16.884955883026123,11,7,8,1,2,8,-9,-9,-15,9,-5,-2,-6,0,thankyou
16.901593685150146,20,20,17,23,12,15,1,-6,0,19,7,14,3,11,thankyou
16.901593685150146,15,15,12,30,14,7,-1,-1,6,26,25,18,10,15,thankyou
16.917202949523926,7,3,6,13,5,0,-16,-6,-15,7,14,14,0,2,thankyou
16.917202949523926,-3,-11,-15,-7,2,-5,-21,-9,-29,-14,0,4,-11,-6,thankyou
16.932418823242188,-10,-13,-5,-7,4,-8,-10,2,-10,-4,-1,0,-9,-2,thankyou
16.932418823242188,-11,-2,-1,1,0,-9,4,10,13,17,-8,-2,0,0,thankyou
16.947924613952637,-18,-11,-20,-11,-8,-3,10,7,19,9,-13,-16,-5,-8,thankyou
16.947924613952637,-27,-20,-19,-24,-8,5,10,7,15,-8,-8,-20,-9,-13,thankyou
16.96333956718445,-12,-1,-5,-8,0,2,14,3,10,-2,0,-10,0,-3,thankyou
16.96333956718445,8,9,6,-4,-1,-10,12,-2,-2,-7,-3,-5,0,0,thankyou
16.97909951210022,-1,0,-7,-14,-4,-12,2,-8,-24,-38,-16,-14,-11,-17,thankyou
16.97909951210022,-10,0,-15,-11,-2,-5,-6,-7,-36,-42,-20,-13,-13,-22,thankyou
16.994935989379883,7,9,3,-1,0,-5,-3,2,-19,-11,-11,-3,-2,-3,thankyou
16.994935989379883,12,3,4,4,0,-3,4,4,1,7,-1,0,8,2,thankyou
17.011601209640503,3,5,7,5,2,7,4,0,10,14,5,11,15,6,thankyou
17.011601209640503,2,9,7,6,2,12,0,3,24,24,14,16,16,12,thankyou
17.027161836624146,4,0,0,10,0,5,0,4,30,19,13,5,10,11,sil
17.027161836624146,10,2,10,16,5,5,9,4,20,11,13,13,14,18,sil
17.042430877685547,16,9,11,18,10,7,17,6,19,17,21,27,19,27,sil
17.042430877685547,3,-2,5,3,0,6,5,6,23,10,9,12,4,13,sil
17.05810236930847,-13,-16,-10,-12,-5,5,-3,0,15,1,-10,-11,-9,-7,sil
17.05810236930847,-13,-15,-19,-15,-6,0,-1,-2,-4,-4,-15,-18,-11,-12,sil
17.07342028617859,-5,-7,0,-10,-12,-6,-1,-3,-14,-21,-10,-8,-12,-8,sil
17.07342028617859,2,0,2,0,-9,-7,-1,-7,-1,-15,-3,0,-11,-4,sil
17.089003801345825,6,7,7,9,0,-10,0,0,0,1,0,1,-8,-2,sil
17.089003801345825,1,0,8,0,6,-2,-2,-2,-8,3,5,3,1,0,sil
17.104149103164673,3,-8,-4,-9,9,2,-6,-10,-4,1,10,7,15,6,sil
17.104149103164673,12,2,7,-1,-1,-4,-17,-5,-11,0,10,8,10,3,sil
17.12001061439514,8,10,8,5,-8,-9,-30,-5,-24,-1,14,2,0,-3,sil
17.12001061439514,4,5,6,0,4,2,-26,-5,-19,10,21,11,8,5,sil
17.13704562187195,6,1,11,4,11,11,-6,1,-8,16,9,14,13,12,sil
17.13704562187195,4,3,0,6,2,4,11,6,0,3,-11,-3,6,0,sil
17.15018892288208,2,4,0,-3,0,-1,22,12,18,10,-4,-7,8,-4,sil
17.15018892288208,-6,0,0,-5,3,0,21,10,19,14,12,-4,7,1,sil
17.16541290283203,-21,0,-4,1,5,1,11,2,-5,-17,-2,-13,-13,-7,sil
17.181004285812378,-22,3,-8,0,2,0,9,1,-17,-34,-23,-20,-28,-23,sil
17.181004285812378,-16,2,-13,-2,0,0,5,0,-12,-17,-20,-22,-29,-25,sil
17.196412324905396,-10,1,-1,4,0,2,0,-1,-14,-16,-15,-16,-33,-16,sil
17.196412324905396,-6,0,-8,10,1,7,6,-2,-16,-20,-18,-11,-30,-6,sil
17.21204423904419,-7,-7,-16,1,-4,5,7,0,-13,-10,-29,-18,-24,-4,sil
17.21204423904419,-8,-7,-6,0,-9,6,0,-1,-14,-8,-36,-19,-20,-7,sil
17.227943181991577,0,-6,-8,3,-6,4,-1,-8,0,0,-14,-3,1,4,sil
17.227943181991577,11,-8,1,-3,-5,-2,-10,-5,27,22,15,19,30,24,sil
17.24303126335144,11,-7,4,-3,-3,-8,-26,0,38,33,18,23,36,23,sil
17.24303126335144,2,-14,-5,-1,-6,-14,-20,1,22,9,-2,6,19,8,sil
17.258180141448975,0,-19,-5,-16,-14,-14,-7,7,11,-2,0,8,14,8,sil
17.258180141448975,10,-9,3,-17,-6,-4,0,5,26,26,33,28,32,18,sil
17.2733473777771,16,3,17,-9,3,0,6,-2,33,39,41,36,33,14,sil
17.2733473777771,2,4,4,-8,1,-3,8,0,20,11,19,18,7,-3,sil
17.289448976516724,-6,4,-7,-6,0,0,5,3,2,-10,6,6,-9,-15,sil
17.289448976516724,-2,12,3,-2,5,10,5,-1,-12,-15,8,8,-9,-12,sil
17.30513334274292,0,9,2,-4,4,0,8,-3,-28,-26,1,-2,-9,-12,sil
17.30513334274292,6,8,9,1,0,-18,2,0,-38,-37,-12,-14,-16,-15,sil
17.321390628814697,13,16,13,11,6,-13,-2,-1,-39,-26,-8,-10,-15,-12,sil
17.321390628814697,14,18,10,10,14,5,-4,-2,-24,-5,5,-5,-2,0,sil
17.337332010269165,17,23,18,22,21,19,-5,4,3,11,15,-2,11,16,sil
17.337332010269165,23,34,15,52,29,20,0,3,23,22,26,9,25,25,sil
17.353373289108276,24,31,24,57,28,18,13,6,26,23,24,23,24,32,sil
17.353373289108276,14,9,16,29,16,15,21,7,23,23,9,12,11,31,sil
17.36898899078369,-4,-13,-14,0,0,2,16,1,9,23,-2,-12,0,12,sil
17.36898899078369,-21,-19,-17,-14,-10,-1,11,1,-7,12,-15,-20,-8,-3,sil
17.384978771209717,-21,-19,-21,-12,-9,5,11,0,-1,5,-19,-17,-7,-6,sil
17.384978771209717,-11,-22,-16,-11,-11,0,3,-3,5,0,-18,-11,-6,-9,sil
17.40044927597046,-12,-22,-10,-25,-22,-15,-4,-4,4,-2,-21,-10,-8,-14,sil
17.40044927597046,-34,-33,-26,-46,-35,-22,-14,-7,-9,-19,-35,-27,-19,-27,sil
17.416404485702515,-56,-53,-30,-64,-51,-24,-38,-13,-45,-51,-50,-42,-44,-51,sil
17.416404485702515,-48,-46,-29,-51,-45,-23,-44,-14,-58,-57,-47,-44,-56,-55,sil
17.43233561515808,-16,-10,-11,-17,-12,-9,-18,-6,-28,-28,-27,-23,-32,-27,sil
17.43233561515808,1,13,6,1,6,3,-1,0,1,-4,0,4,0,-4,sil
17.447035551071167,9,17,13,11,4,0,-9,4,5,4,22,22,17,6,sil
17.447035551071167,26,21,26,23,10,0,-12,9,5,15,28,37,23,23,sil
17.46312952041626,33,20,16,23,25,12,2,8,22,29,26,39,27,32,sil
17.46312952041626,16,15,5,12,23,12,7,3,32,25,21,25,20,22,sil
17.47916007041931,-2,15,6,10,7,2,3,0,18,2,12,7,5,6,sil
17.47916007041931,-1,13,2,13,9,6,11,1,8,-1,7,-1,-1,0,sil
17.49429178237915,17,14,16,16,24,17,21,4,17,14,18,9,10,11,sil
17.49429178237915,17,10,7,21,14,13,18,0,18,20,26,14,22,13,sil
17.509455680847168,-4,0,-10,7,-4,3,11,-1,3,6,10,0,9,-2,sil
17.509455680847168,-6,-2,-4,-11,-3,3,11,2,-9,-5,-4,-7,-3,-10,sil
17.52539324760437,15,-3,0,-2,1,5,17,0,-10,-3,-2,1,2,5,sil
17.52539324760437,26,0,11,7,0,8,22,1,0,1,1,15,7,22,sil
17.54015326499939,13,1,2,3,3,11,21,4,19,8,0,6,3,13,sil
17.54015326499939,4,-3,-7,-3,2,0,0,-1,13,2,-7,-10,-8,0,sil
17.557343244552612,10,0,9,0,-3,-15,-23,-5,-9,-4,0,2,-6,9,sil
17.557343244552612,15,7,8,8,-1,-20,-24,-3,-10,3,20,21,17,21,sil
17.571395874023438,2,-3,3,7,0,-18,-15,3,1,12,19,12,23,9,sil
17.571395874023438,-9,-8,-1,0,0,-14,-10,8,7,2,2,-2,6,0,sil
17.587337255477905,-8,0,-7,-8,-8,-18,-12,2,5,-7,-1,-5,-3,-1,sil
17.587337255477905,-9,4,-4,-12,-12,-17,-15,-1,0,-11,-6,-5,-8,-12,sil
17.603347063064575,-16,-2,-8,-8,0,0,-4,-3,0,-16,-12,-11,-10,-17,sil
17.603347063064575,-10,1,0,-1,9,8,8,-1,0,-13,-8,-12,-5,-13,sil
17.619356632232666,-4,9,2,0,4,3,11,-1,-14,-6,-6,-14,-9,-20,sil
17.619356632232666,-14,1,-9,-7,-2,1,2,-3,-35,-15,-20,-24,-28,-34,sil
17.634747982025146,-19,-7,-8,-15,-10,6,-9,-2,-42,-30,-39,-29,-43,-34,sil
17.634747982025146,-14,-4,-7,-1,-8,7,-5,-6,-29,-21,-29,-22,-33,-26,sil
17.651045083999634,-2,4,4,11,3,11,11,-2,-14,4,4,0,-3,-6,sil
17.651045083999634,3,2,11,14,8,17,8,1,-8,18,13,3,13,13,sil
17.666930437088013,0,-11,3,13,0,15,-8,-1,-7,18,-6,-5,7,11,sil
17.666930437088013,-2,-15,7,4,-6,11,-7,-1,7,23,-5,4,8,14,sil
17.68196940422058,3,-6,-1,4,0,6,5,3,31,33,14,19,33,30,sil
17.68196940422058,9,0,0,6,4,1,5,6,32,26,14,19,40,32,sil
17.697378158569336,2,-7,-6,-1,0,5,8,4,27,12,10,14,25,17,sil
17.697378158569336,-7,-18,-24,-19,-10,2,20,2,37,11,9,2,9,5,sil
17.71275782585144,-8,-18,-12,-31,-13,-11,18,3,33,10,-6,-2,-3,-2,sil
17.71275782585144,-5,-13,-12,-34,-10,-17,4,-2,5,-7,-19,-7,-19,-10,sil
17.72796320915222,-4,-7,-16,-28,-8,-14,-7,-6,-17,-36,-19,-14,-32,-14,sil
17.72796320915222,0,6,-4,-10,-6,-16,-12,-4,-16,-39,-3,-5,-25,-14,sil
17.743187427520752,7,12,4,1,-1,-21,-14,-5,-12,-24,17,8,-10,-12,sil
17.743187427520752,14,11,22,0,4,-16,-13,-1,-16,-21,21,13,-6,-3,sil
17.758715629577637,24,24,29,15,16,0,-7,4,-2,-8,33,22,12,18,sil
17.758715629577637,34,36,34,44,24,8,-12,5,17,14,52,34,34,32,sil
17.77441692352295,29,32,30,46,20,10,-25,1,10,18,37,22,24,18,sil
17.77441692352295,14,19,11,29,16,8,-20,0,-5,13,6,6,7,4,sil
17.79014229774475,0,5,4,11,6,3,-5,2,-13,1,-9,3,0,0,sil
17.79014229774475,-17,-15,-13,-9,-9,-2,1,0,-22,-13,-28,-14,-18,-23,sil
17.80595898628235,-19,-20,-20,-19,-14,0,13,0,-18,-7,-35,-25,-19,-27,sil
17.80595898628235,-7,-4,-4,-4,-4,12,31,6,3,13,-11,-3,5,-1,sil
17.821184873580933,-5,-1,-8,5,1,9,31,4,10,20,0,0,10,6,sil
17.821184873580933,-12,-10,-10,-1,1,4,15,0,-1,9,-18,-16,-4,-3,sil
17.836140155792236,-20,-12,-16,-4,-1,3,7,-3,-2,1,-26,-22,-6,-10,sil
17.85228419303894,-23,-14,-17,-10,-13,-3,1,-6,-7,-10,-25,-25,-13,-16,sil
17.85228419303894,-15,-15,-12,-22,-13,-1,1,-6,-16,-19,-25,-25,-25,-16,sil
17.86779522895813,-2,-8,-18,-17,0,7,11,-2,-4,-6,-12,-12,-12,-3,sil
17.86779522895813,5,4,8,0,2,5,8,3,9,9,0,8,5,15,sil
17.88339853286743,11,12,24,12,3,1,-5,2,17,11,13,13,11,23,sil
17.88339853286743,17,14,8,13,10,1,-19,-3,16,7,20,11,16,17,sil
17.884398937225342,20,16,8,11,6,-2,-24,0,6,14,21,19,23,19,sil
17.898953676223755,13,11,4,14,1,-10,-14,3,7,18,24,19,18,20,sil
17.914988040924072,0,1,5,7,7,-5,0,1,20,9,21,11,7,4,sil
17.915987968444824,-1,-5,3,-3,5,3,9,2,23,5,8,4,2,-8,sil
17.915987968444824,-3,-11,-4,-10,-5,-1,9,1,6,-5,-8,-9,-8,-16,sil
17.931005001068115,-15,-10,-5,-19,-11,-5,2,-4,-17,-27,-18,-15,-22,-25,sil
17.932313680648804,-17,-11,-11,-21,-11,-4,-2,-8,-24,-21,-4,-9,-13,-18,sil
17.94697380065918,-2,-9,-2,-11,-11,-9,-3,1,-14,-10,3,-1,-2,-5,sil
17.94697380065918,0,0,1,-6,-9,-8,0,4,-7,-11,-2,0,-7,-1,sil
17.962144374847412,1,0,-3,-5,-4,0,3,1,-5,-8,-5,2,-5,2,sil
17.977356672286987,8,-4,8,1,-3,5,-4,2,-6,-8,0,4,0,7,sil
17.977356672286987,5,0,4,3,0,0,-9,-2,-1,-2,4,0,4,8,sil
17.977356672286987,4,9,4,2,8,-2,-5,-3,8,20,17,11,16,17,sil
17.993126153945923,14,13,11,14,15,3,-6,4,14,25,28,26,22,19,sil
18.008171319961548,14,10,4,21,9,2,-9,1,5,2,12,15,11,5,sil
18.008171319961548,7,9,10,14,0,-3,0,-1,0,2,0,5,4,0,sil
18.023300409317017,0,3,1,13,0,-3,1,0,1,19,7,6,7,0,sil
18.023300409317017,-11,0,-8,1,0,-3,-11,-3,-13,5,-1,0,-5,-13,sil
18.038724899291992,-17,0,-8,-10,0,-2,-8,-4,-24,-19,-24,-14,-18,-24,sil
18.038724899291992,-14,-5,-17,-5,0,2,5,0,-13,-19,-25,-24,-18,-22,sil
18.0540463924408,-13,-11,-8,-7,0,6,8,2,-8,-10,-21,-19,-19,-17,sil
18.0540463924408,-9,-7,-5,-14,-1,3,18,0,-1,-9,-25,-14,-18,-10,sil
18.069336652755737,0,-2,0,-3,-1,3,28,1,9,-9,-24,-19,-12,0,sil
18.069336652755737,1,-1,6,3,0,13,20,4,7,-7,-16,-19,-7,4,sil
18.092315435409542,3,-2,0,-1,0,13,11,0,4,-5,-6,-7,-1,4,sil
18.092315435409542,9,0,7,0,0,3,4,0,6,-5,-1,7,3,13,sil
18.092315435409542,14,5,7,12,5,3,-3,2,11,4,6,10,12,19,sil
18.1003201007843,15,8,6,18,11,4,-4,3,16,28,23,10,22,23,sil
18.11541652679444,8,6,4,5,4,-4,-4,-2,17,34,30,13,20,22,sil
18.11541652679444,-1,0,-15,-6,-2,-13,-10,-5,13,17,18,8,11,8,sil
18.13131523132324,0,1,-4,0,-4,-2,-11,2,7,5,14,13,7,-2,sil
18.13131523132324,0,0,0,3,-6,-2,-7,0,5,8,12,11,4,-3,sil
18.147177696228027,-14,-12,-17,-22,-13,-17,-14,-4,-1,-1,-5,-9,-3,-11,sil
18.147177696228027,-18,-9,-3,-24,-10,-11,-15,2,-13,-12,-7,-10,-4,-16,sil
18.16231775283813,-5,2,7,3,4,0,1,2,-15,-9,6,2,-2,-11,sil
18.16231775283813,-2,0,2,-5,0,-5,5,-3,-18,-15,0,-4,-13,-16,sil
18.1779899597168,-6,-9,-5,-28,-16,-10,-9,-2,-26,-21,-9,-16,-11,-17,sil
18.1779899597168,1,-2,6,-11,-10,0,-8,1,-20,-8,-3,-1,2,-4,sil
18.19310188293457,16,16,28,17,12,11,5,4,-1,5,0,18,5,9,sil
18.19310188293457,26,27,25,31,23,9,8,1,4,5,10,24,7,22,sil
18.208595275878903,24,24,26,30,17,2,0,0,-4,0,20,27,11,22,sil
18.208595275878903,8,6,7,23,12,9,-2,-3,-2,5,12,15,7,5,sil
18.224597454071045,-4,-12,-16,14,7,10,5,-3,12,18,-1,-5,0,0,sil
18.224597454071045,-10,-17,-9,-6,-5,0,5,2,15,3,-7,-12,-8,-2,sil
18.24122095108032,-13,-15,-20,-25,-11,-8,-2,2,5,-16,-6,-14,-18,-18,sil
18.24122095108032,-12,-12,-20,-20,-5,-2,1,1,2,-12,-10,-17,-21,-19,sil
18.25637459754944,-13,-9,-12,-8,-7,4,12,1,10,0,-18,-18,-15,-9,sil
18.25637459754944,-17,-9,-19,-4,-15,0,11,2,14,-2,-14,-19,-2,-10,sil
18.272140741348267,-10,-1,-4,-8,-11,0,14,6,11,-4,-4,-11,9,-1,sil
18.27246117591858,-1,-1,0,-14,-3,4,17,4,8,6,-1,-4,14,15,sil
18.28809952735901,0,-7,-1,-13,-1,2,3,-1,0,14,0,0,9,14,sil
18.28809952735901,0,5,4,12,5,0,-1,-3,1,12,-4,0,0,8,sil
18.303256511688232,5,16,4,29,9,0,-1,0,0,-2,-10,-1,-8,6,sil
18.303256511688232,19,12,20,20,5,-6,-20,-3,-18,-14,3,11,0,3,sil
18.318460941314697,30,14,19,16,8,-12,-28,-12,-33,-7,28,21,16,8,sil
18.318460941314697,22,12,10,14,12,-2,-15,-10,-23,-1,17,15,14,15,sil
18.33428359031677,0,1,0,0,6,7,-7,-2,-3,0,-6,5,0,4,sil
18.33428359031677,-14,-6,-15,-13,0,0,-4,-1,-1,5,-10,-4,-9,-17,sil
18.35036301612854,-11,0,-2,-6,-1,-6,1,4,-9,-2,-8,-2,-12,-13,sil
18.35036301612854,-3,-1,1,0,-1,2,12,7,6,-2,-2,2,0,5,sil
18.3660249710083,-12,-15,-5,-10,-3,6,11,4,23,17,8,-2,8,3,sil
18.3660249710083,-22,-16,-12,-25,-7,4,1,1,13,17,3,-10,2,-14,sil
18.38138055801392,-11,-2,-15,-15,-10,2,2,1,2,-5,-6,-10,0,-17,sil
18.38138055801392,7,7,6,4,-6,3,13,3,1,-9,0,2,-2,-1,sil
18.39702153205872,11,2,11,7,0,0,10,2,8,8,12,16,0,7,sil
18.39702153205872,7,-6,5,-13,-2,-8,-4,1,8,4,4,12,2,3,sil
18.412129402160645,8,-1,10,-18,-5,-6,-7,-1,-4,-6,0,3,-3,-2,sil
18.412129402160645,12,9,4,14,6,0,-1,-4,-10,-1,8,0,-5,1,sil
18.42822909355164,20,19,16,29,13,-1,-10,0,0,-4,17,6,6,12,sil
18.42822909355164,19,15,16,15,10,-1,-16,4,8,-4,18,10,18,14,sil
18.443957328796387,1,0,-2,9,8,5,-1,0,3,2,1,-2,4,3,sil
18.443957328796387,-18,-10,-8,9,4,12,14,-3,1,0,-22,-22,-17,-7,sil
18.460476875305176,-25,-9,-21,-4,-1,1,11,-4,2,-5,-24,-27,-17,-15,sil
18.460476875305176,-14,-3,-13,-15,-8,-8,-3,1,-6,-4,-12,-9,-5,-10,sil
18.476197242736816,0,-2,-4,-5,-9,-1,0,6,-4,-8,0,0,1,-3,thankyou
18.476197242736816,-4,-10,-7,-4,-4,4,11,1,8,-5,2,-5,-1,-8,thankyou
18.49123191833496,-19,-13,-6,-21,-2,1,4,0,1,4,-6,-9,-12,-15,thankyou
18.49123191833496,-15,-7,-8,-16,-7,-3,-13,-1,-16,0,-10,-5,-13,-11,thankyou
18.50660991668701,0,0,2,0,-12,-9,-18,-2,-19,-15,-2,4,-4,0,thankyou
18.50660991668701,1,2,-2,0,-8,-8,-9,-2,-12,-12,-1,6,0,5,thankyou
18.522608518600464,0,5,-6,2,0,-3,-1,0,-7,5,-1,1,4,7,thankyou
18.522608518600464,10,13,22,17,4,0,1,1,0,12,14,16,15,17,thankyou
18.53844308853149,20,18,23,25,9,0,7,0,13,16,22,25,21,24,thankyou
18.53844308853149,15,9,4,13,12,3,11,-1,15,12,-5,7,6,14,thankyou
18.55297875404358,4,-8,-7,-2,5,7,5,-5,0,4,-22,-11,-1,1,thankyou
18.55297875404358,7,-4,-4,-3,0,6,1,-5,-3,6,4,-3,7,3,thankyou
18.569111585617065,16,19,16,5,5,10,21,1,16,16,26,14,16,9,thankyou
18.569111585617065,7,10,2,6,10,7,26,5,33,22,14,3,14,6,thankyou
18.583337545394897,-10,-16,-6,-4,0,-7,-7,3,13,10,-2,-15,0,-4,thankyou
18.5985119342804,-13,-16,-2,-2,-3,-6,-23,0,-9,-7,-6,-10,-12,-14,thankyou
18.5985119342804,-8,-5,-8,0,3,4,-3,1,-7,-9,0,1,-2,-8,thankyou
18.61561417579651,-2,-7,-4,-9,1,-1,-5,1,-1,-5,-1,3,2,-1,thankyou
18.61561417579651,-1,-1,-5,-6,-2,-5,-17,-3,-11,-18,-7,-6,-12,-12,thankyou
18.630253314971924,2,12,4,10,1,5,-1,-5,-14,-21,0,0,-8,-8,thankyou
18.630253314971924,8,11,13,6,1,6,7,2,-4,-4,11,14,6,11,thankyou
18.64540004730225,5,0,-3,-7,0,-5,-4,1,-7,-9,0,10,-4,4,thankyou
18.64540004730225,7,11,5,5,7,-2,-4,0,-10,-10,5,14,-5,-1,thankyou
18.66059184074402,14,19,11,21,11,3,5,2,8,13,34,28,20,14,thankyou
18.66059184074402,0,-5,-5,-2,-4,-7,-6,7,7,5,10,7,7,5,thankyou
18.675965309143063,-26,-21,-15,-27,-13,-16,-15,1,-18,-28,-29,-24,-27,-23,thankyou
18.675965309143063,-22,-12,-12,-18,-11,-10,1,-2,-11,-18,-18,-24,-20,-18,thankyou
18.69124436378479,-3,-11,-1,-14,-15,-1,11,0,6,2,-11,-8,-2,-1,thankyou
18.69124436378479,-12,-15,-17,-27,-12,1,3,-3,1,0,-25,-18,-7,-13,thankyou
18.706979036331177,-26,-11,-19,-30,-6,5,1,-5,-1,0,-22,-31,-18,-23,thankyou
18.706979036331177,-11,-5,6,-15,-6,8,6,-1,11,14,-11,-19,-13,-10,thankyou
18.72211146354676,3,-4,8,-1,-1,-1,2,0,12,12,-6,-5,0,0,thankyou
18.72211146354676,0,-1,10,0,0,-8,-6,2,-1,0,0,-3,0,6,thankyou
18.73805356025696,0,6,2,14,2,4,-1,0,-4,8,2,1,0,9,thankyou
18.73805356025696,19,20,5,35,10,12,1,-3,-2,13,2,16,6,11,thankyou
18.75318050384521,22,27,21,41,14,8,-2,-1,-4,-1,9,18,7,10,thankyou
18.75318050384521,7,12,6,31,12,12,1,-1,-1,-1,13,2,2,5,thankyou
18.768573760986328,2,0,-1,21,6,9,5,0,2,15,7,1,10,8,thankyou
18.768573760986328,8,6,5,19,2,-3,2,4,6,10,7,10,17,13,thankyou
18.78418159484864,10,7,2,13,2,-4,4,2,9,-1,12,9,15,12,thankyou
18.78418159484864,7,-1,1,0,1,6,2,0,8,1,13,11,16,11,thankyou
18.79922556877136,0,-5,-5,-5,0,4,1,-1,8,5,12,4,15,12,thankyou
18.79922556877136,-1,-1,-1,-11,1,1,17,2,15,10,7,-2,10,13,thankyou
18.81500101089477,5,-2,-5,-12,3,6,23,3,27,25,5,6,15,19,thankyou
18.81500101089477,12,-4,-7,-3,0,-1,0,1,25,17,4,16,17,12,thankyou
18.830047607421875,8,-2,5,-6,0,-16,-13,0,1,-9,0,11,5,-7,thankyou
18.830047607421875,0,-4,-3,-21,-3,-21,-9,-1,-11,-12,0,4,-2,-14,thankyou
18.84617495536804,-5,-8,-8,-27,-8,-19,-19,-1,-13,-16,-3,3,-12,-13,sil
18.84617495536804,-7,-12,-5,-27,-12,-18,-29,-4,-24,-34,-10,0,-20,-23,sil
18.862468004226685,-11,-9,-6,-22,-9,-18,-17,-9,-28,-32,-8,-8,-17,-28,sil
18.862468004226685,-7,3,5,-10,0,-5,-5,-1,-17,-16,-1,-6,-15,-17,sil
18.875235557556152,-4,4,0,-2,0,2,-6,5,-12,-12,0,-6,-16,-9,sil
18.875235557556152,-8,1,2,2,-4,-2,-2,1,-22,-14,-1,-4,-13,-6,sil
18.89134001731873,-4,14,14,20,5,7,15,1,-10,-4,1,3,-3,0,sil
18.90696096420288,1,14,2,24,10,27,18,4,8,13,4,-2,1,3,sil
18.907962322235107,-5,-2,-5,7,0,21,1,1,0,15,-3,-13,-7,-3,sil
18.907962322235107,-16,-9,-10,7,0,6,0,-2,-11,2,-7,-16,-15,-5,sil
18.9220986366272,-11,-6,-3,10,6,12,7,0,-1,-2,-6,-13,-8,1,sil
18.93804121017456,-3,-3,1,1,-1,17,7,3,9,5,-10,-16,-2,0,sil
18.93804121017456,-2,-2,-4,4,0,3,3,-2,10,15,-12,-18,0,-3,sil
18.955638885498047,-1,-2,5,6,9,0,0,-4,0,13,-11,-6,3,5,sil
18.955638885498047,2,0,0,-2,4,1,-3,-3,-9,-2,-14,-1,0,5,sil
18.955638885498047,7,5,-5,0,-3,-3,-2,0,0,-10,-20,-7,-3,0,sil
18.969261407852173,3,3,2,8,-3,-3,1,0,22,3,-13,-4,0,5,sil
18.985032320022583,2,0,-3,0,3,1,8,1,24,15,3,3,9,16,sil
18.985032320022583,13,5,5,-6,3,-2,9,1,5,7,17,15,9,13,sil
19.002111434936523,10,5,4,-2,-7,-10,1,-3,2,3,16,14,8,3,sil
19.002111434936523,1,-4,-4,0,-14,-13,-6,-3,6,1,3,7,9,0,sil
19.002111434936523,7,-4,8,4,-6,-6,-3,2,9,0,0,16,12,4,sil
19.01660180091858,10,0,8,0,0,0,4,3,18,7,9,26,16,7,sil
19.03238201141357,8,1,6,-15,0,0,7,7,15,13,17,28,20,12,sil
19.03282141685486,12,1,3,-2,2,2,4,6,2,13,23,23,20,16,sil
19.047942638397217,5,-5,-1,7,0,1,-1,0,-2,1,16,12,7,4,sil
19.047942638397217,-7,-4,0,-13,3,0,-4,0,-1,-8,9,6,-1,-4,sil
19.0635769367218,-3,-2,-3,-17,8,1,0,1,-4,-1,18,1,2,0,sil
19.0635769367218,5,-2,4,8,-1,-2,0,-2,-8,3,17,-1,1,0,sil
19.07919955253601,0,7,0,13,-6,-10,-6,-6,-3,2,9,-3,-3,-4,sil
19.07919955253601,-5,12,-8,1,5,-7,-5,-4,0,2,8,-6,0,0,sil
19.094347715377808,-9,-3,-5,0,0,-1,-7,0,-7,-7,-2,-16,-3,-2,sil
19.094347715377808,-18,-15,-18,-4,-13,-6,-13,-2,-14,-20,-22,-28,-19,-20,sil
19.10981392860413,-16,0,-10,-15,-5,0,-9,0,-11,-19,-19,-23,-27,-25,sil
19.10981392860413,-5,9,3,-10,8,8,-3,0,-11,-19,-10,-15,-22,-18,sil
19.1256000995636,-5,5,0,0,4,-1,-10,-4,-19,-29,-20,-19,-20,-21,sil
19.1256000995636,-1,7,4,1,-3,-3,-10,0,-22,-23,-29,-10,-18,-18,sil
19.14114189147949,6,5,3,0,-3,8,2,3,-12,0,-16,-1,-8,-3,sil
19.14114189147949,1,-1,5,2,0,6,8,0,-10,-2,-7,-5,-6,2,sil
19.15716528892517,-4,3,6,10,9,7,9,0,-12,-10,-8,-1,-6,1,sil
19.15716528892517,3,5,-1,23,19,16,9,4,0,8,-3,10,5,9,sil
19.17333722114563,5,0,6,18,12,12,3,4,18,25,1,13,10,17,sil
19.17333722114563,-6,-2,1,8,5,3,9,3,15,13,0,2,3,11,sil
19.18851423263549,-13,-6,-4,2,1,3,15,1,0,1,-7,-5,2,4,sil
19.18851423263549,-12,-16,-7,-2,-1,4,13,-1,9,13,-12,-8,9,7,sil
19.2042715549469,-6,-22,-14,-11,-8,-3,17,0,28,28,-9,-11,9,7,sil
19.2042715549469,2,-7,-1,-13,-13,-8,13,0,25,26,-3,0,7,6,sil
19.22021532058716,14,2,2,-12,-10,-6,-1,-4,13,12,10,14,16,13,sil
19.22021532058716,21,-3,3,-23,-8,-14,-13,-3,6,-7,20,23,21,14,sil
19.235506772994995,7,-6,5,-31,-15,-23,-18,0,-4,-21,16,23,9,-2,sil
19.235506772994995,-2,4,1,-15,-18,-22,-21,-2,-8,-14,20,17,0,-14,sil
19.251082181930546,16,27,17,8,-2,-4,-13,0,-2,-4,34,23,3,-1,sil
19.251082181930546,27,34,19,21,19,14,-3,0,-2,2,36,17,12,8,sil
19.266255855560303,9,18,8,25,25,16,-5,-2,-10,13,21,0,7,4,sil
19.266255855560303,2,5,6,32,15,16,-1,0,-9,17,12,-1,0,6,sil
19.28187155723572,12,2,0,33,12,18,15,4,6,15,5,4,3,12,sil
19.28187155723572,7,-6,-1,16,9,13,26,8,21,12,-12,-7,0,9,sil
19.29742860794068,-8,-20,-15,2,-4,2,25,5,29,11,-20,-21,-5,2,sil
19.29742860794068,-14,-22,-22,-13,-21,-6,12,-2,18,3,-17,-20,-3,1,sil
19.31258988380432,-12,-21,-12,-37,-25,-17,-8,-6,-7,-18,-21,-18,-11,-6,sil
19.31258988380432,-11,-22,-18,-34,-12,-22,-18,-7,-22,-40,-22,-19,-26,-24,sil
19.328287839889526,-16,-5,-6,-20,0,-6,-17,-2,-25,-34,-16,-5,-26,-32,sil
19.328287839889526,-28,9,-3,-21,0,-1,-20,0,-25,-22,-8,-1,-17,-34,sil
19.344252586364743,-20,5,-2,-13,-6,-15,-31,-5,-28,-36,-3,-5,-21,-29,sil
19.344252586364743,2,13,21,10,0,-11,-26,-1,-29,-32,2,8,-16,-11,sil
19.359790325164795,8,24,16,23,13,6,-1,5,-15,8,11,18,5,7,sil
19.359790325164795,0,15,7,24,16,10,5,7,8,30,5,5,13,15,sil
19.37538981437683,0,3,7,29,16,13,0,6,16,28,-5,-7,10,13,sil
19.37538981437683,4,0,1,20,16,13,14,2,7,31,-4,-7,15,14,sil
19.391494274139404,1,-2,-2,0,3,7,32,0,10,21,-4,-3,13,18,sil
19.391494274139404,-3,-8,-11,-1,-5,8,30,0,21,12,-13,-2,6,12,sil
19.40719103813172,4,-9,1,9,0,16,24,3,25,21,-15,3,8,13,sil
19.40719103813172,9,-8,4,-4,1,15,18,0,21,17,-9,1,2,11,sil
19.42219614982605,-3,-9,-10,-26,-15,-2,-1,-10,8,-4,-7,-8,-12,-6,sil
19.42219614982605,0,-3,-4,-18,-20,-16,-15,-10,-6,-14,4,0,-5,-13,sil
19.437450170516968,11,-4,-3,-7,-9,-22,-18,-1,-12,-13,19,9,7,-2,sil
19.437450170516968,8,-8,-5,-22,-12,-16,-19,3,-14,-23,16,5,1,-3,sil
19.45296573638916,8,7,1,-19,-4,0,-6,3,-7,-17,20,11,3,-4,sil
19.45296573638916,16,21,6,7,17,1,6,2,1,-6,28,18,16,5,sil
19.469002962112427,7,11,14,6,6,-15,-10,2,-3,-13,18,8,11,4,sil
19.469002962112427,0,6,4,1,-8,-15,-14,-1,-3,-4,19,5,3,0,sil
19.485204935073853,4,13,8,20,9,2,4,-2,-1,9,17,9,0,3,sil
19.485204935073853,-7,8,10,28,18,14,4,-1,-10,-5,-8,-6,-10,-4,sil
19.50038480758667,-21,-8,-7,8,3,13,-1,-3,-17,-18,-28,-24,-21,-13,sil
19.50038480758667,-15,-12,-7,-3,0,9,9,0,-8,0,-22,-14,-16,-2,sil
19.51609683036804,-12,-11,-12,0,1,5,12,3,9,20,-14,-14,-2,0,sil
19.51609683036804,-10,-15,-11,1,-4,7,6,2,23,27,-10,-17,2,-1,sil
19.53209018707276,-1,-10,4,1,-4,9,12,3,27,26,0,4,6,8,sil
19.53209018707276,0,-5,-2,-2,-1,-1,11,1,24,18,2,15,12,13,sil
19.547006368637085,3,-4,-1,-15,-4,-11,-5,0,10,7,-2,10,9,11,sil
19.547006368637085,21,0,3,-20,-6,-15,-13,-1,-5,-2,0,14,2,8,sil
19.5631844997406,28,9,10,-7,-2,-19,-13,0,-12,-12,6,14,-2,-1,sil
19.5631844997406,15,22,16,9,2,-12,-14,0,-8,-12,10,13,-7,-9,sil
19.57822585105896,5,23,5,17,6,-4,-16,-2,-4,-8,13,12,-6,-5,sil
19.57822585105896,3,14,9,10,4,0,-16,-5,-19,-17,2,2,-12,-8,sil
19.594284296035767,-6,8,0,15,10,12,-4,-7,-33,-15,-7,-9,-13,-14,sil
19.594284296035767,-16,4,-13,21,14,23,7,0,-23,2,-2,-10,0,-5,sil
19.60948801040649,-14,-3,-5,6,4,23,14,6,-1,19,2,-7,12,5,sil
19.60948801040649,-12,-13,-9,-9,-6,13,21,5,16,25,-1,-13,12,6,sil
19.625036478042603,-14,-14,-12,-9,-8,7,20,5,22,14,-13,-19,3,0,sil
19.64041852951049,-21,-17,-18,-9,-9,8,13,0,15,-4,-25,-31,-13,-15,sil
19.641417264938354,-25,-24,-19,-27,-17,-7,0,-5,-1,-25,-30,-33,-24,-22,sil
19.641417264938354,-17,-20,-8,-32,-20,-21,-8,-1,-5,-28,-26,-19,-9,-10,sil
19.657521963119507,2,-11,-7,-15,-8,-10,0,3,12,-3,-10,-1,12,7,sil
19.657521963119507,17,-4,7,-8,0,-2,8,3,23,12,9,16,19,16,sil
19.672393321990967,15,2,13,-7,-5,-7,1,5,16,5,19,23,19,14,sil
19.672393321990967,11,3,4,2,-3,-12,-6,4,11,1,15,16,16,7,sil
19.687578916549683,11,3,9,1,6,-13,-13,0,6,1,20,20,3,3,sil
19.688579082489014,17,11,7,0,6,-10,-20,-7,-3,-6,32,26,1,3,sil
19.70414137840271,31,25,20,17,6,0,-20,-3,-9,-8,29,28,9,10,sil
19.70414137840271,27,22,25,22,17,0,-13,-1,-13,0,20,24,9,9,sil
19.72011375427246,3,5,5,6,12,-6,-8,-7,-22,0,12,6,0,-2,sil
19.72011375427246,-4,9,1,3,0,3,1,-5,-29,-14,-1,-5,-15,-10,sil
19.73430037498474,-3,21,1,18,9,11,8,0,-23,-13,-12,-11,-25,-11,sil
19.749720573425293,-6,14,1,17,18,4,10,0,-15,-1,-12,-12,-21,-7,sil
19.749720573425293,-9,1,-1,8,12,10,19,0,-5,11,0,-4,-7,2,sil
19.76487302780152,-14,-3,-8,1,7,15,18,2,0,15,0,-6,-3,0,sil
19.76487302780152,-17,-6,1,0,2,10,0,6,-1,1,-15,-17,-10,-12,sil
19.78001189231873,-9,-8,-6,5,-1,4,0,3,2,-1,-23,-18,-10,-7,sil
19.78001189231873,-3,-16,-6,1,-6,6,14,0,5,8,-16,-6,-4,4,sil
19.79594087600708,-6,-19,0,-10,-13,9,5,-1,0,6,-10,-1,4,7,sil
19.79594087600708,-6,-14,-12,-10,-16,0,-5,-6,2,2,-6,-8,5,4,sil
19.81138515472412,-1,-10,-6,-3,-13,-3,1,-3,15,8,-10,-10,-4,2,sil
19.81138515472412,3,-9,-4,1,-6,5,6,0,24,10,-9,-9,4,7,sil
19.827101945877075,2,-5,-5,0,-3,0,-2,2,29,9,3,2,24,17,sil
19.827101945877075,-1,-6,-7,-12,-7,-16,-13,7,31,7,9,13,22,12,sil
19.84246826171875,3,-5,-14,-14,-2,-14,-8,4,28,8,10,13,16,0,sil
19.84246826171875,13,10,2,-2,7,-1,2,3,25,19,23,20,23,6,sil
19.85802006721497,7,10,2,-3,4,-1,4,1,16,17,21,17,13,3,sil
19.85802006721497,-1,-1,-3,-15,-8,-9,-4,0,-7,-11,1,0,-6,-15,sil
19.87362694740296,0,7,6,-13,-7,-10,-5,-3,-26,-27,0,3,-2,-21,sil
19.87362694740296,0,11,2,-9,0,-9,0,-5,-25,-18,5,7,4,-16,sil
19.889631509780884,0,-6,4,-16,-2,-4,-8,-3,-28,-24,-6,-8,-9,-16,sil
19.889631509780884,0,-8,4,-11,-4,-1,-17,-2,-27,-28,-9,-15,-16,-14,sil
19.90521693229676,0,9,7,5,2,0,-11,-2,-15,-15,0,-2,-9,-3,sil
19.90521693229676,8,18,16,17,7,8,-2,1,-11,-1,5,7,-3,7,sil
19.92122507095337,12,11,3,21,5,6,-4,5,-15,1,6,9,-3,9,sil
19.92122507095337,10,11,7,26,7,0,-4,5,-13,-2,0,10,-8,4,sil
19.936352729797363,7,12,13,35,17,9,7,2,-1,0,0,1,-6,4,sil
19.936352729797363,-4,0,0,25,17,16,11,-3,-2,2,-1,-13,-9,1,sil
19.951716661453247,-19,-8,-6,6,7,13,6,-9,-7,2,-16,-18,-21,-3,sil
19.951716661453247,-18,-3,-12,5,6,11,12,-3,3,11,-16,-19,-16,-3,sil
19.96713137626648,-14,-5,-9,1,3,10,24,6,15,18,-8,-14,-4,-1,sil
19.96713137626648,-20,-18,-11,-14,-9,3,18,2,11,7,-11,-12,-6,-1,sil
19.9825246334076,-20,-20,-14,-21,-17,-11,2,-3,10,3,-16,-14,-3,1,sil
19.9825246334076,-9,-10,-7,-22,-19,-23,-2,4,17,9,-10,-9,6,2,sil
19.99854421615601,0,-9,-13,-25,-19,-21,1,2,12,4,0,-1,10,2,sil
19.99854421615601,11,-10,0,-24,-7,-8,3,-1,3,-2,-1,9,13,13,sil
20.014456033706665,19,-1,13,-19,-1,-5,1,0,10,-1,0,20,20,14,sil
20.014456033706665,17,1,8,-7,-9,-15,-12,1,9,-8,19,25,21,2,sil
20.02997303009033,21,7,21,6,0,-9,-28,0,-4,-14,34,40,21,8,sil
20.02997303009033,38,25,23,21,27,8,-17,0,6,10,40,46,31,27,sil
20.045466661453247,31,26,12,13,24,7,-13,0,15,21,32,26,23,17,sil
20.045466661453247,-2,8,-4,1,2,-3,-26,0,-8,-2,12,-3,-5,-13,sil
20.06010365486145,-13,8,-2,19,4,3,-17,-1,-22,-11,3,-15,-16,-23,sil
20.06010365486145,-4,11,14,32,12,23,6,-3,-14,4,-1,-17,-11,-15,sil
20.076234817504883,-27,-11,-16,3,1,22,16,0,-8,2,-24,-32,-22,-24,sil
20.076234817504883,-38,-18,-30,-14,-5,8,17,2,-6,-7,-35,-34,-31,-30,sil
20.099346160888672,-9,0,1,8,-1,11,14,1,-2,2,-12,-10,-11,-7,sil
20.099346160888672,2,0,4,14,-4,14,11,-4,0,12,0,-4,3,8,sil
20.099346160888672,-3,-6,3,-3,-5,6,18,0,3,1,-11,-10,-1,5,sil
20.10747075080872,5,7,3,0,3,3,26,5,4,-2,-8,-2,0,4,sil
20.123393297195435,16,9,0,7,4,-2,20,3,4,5,7,10,11,17,sil
20.123393297195435,12,-4,-3,-1,-4,-19,8,3,6,7,12,16,15,25,sil
20.13941264152527,1,-13,-7,-13,-13,-32,-9,-3,-1,-4,0,8,4,13,sil
20.13941264152527,0,-11,4,-13,-14,-26,-24,-5,-8,-15,-15,0,-5,0,sil
20.15538787841797,8,-2,1,0,-5,-8,-15,1,14,-1,-6,7,3,6,sil
20.15538787841797,13,1,-1,0,-1,0,-1,7,32,7,7,20,13,12,sil
20.17148780822754,0,-8,1,-23,-5,1,-6,-1,11,-4,1,9,0,-2,sil
20.17148780822754,-16,-16,-17,-29,-7,-1,-12,-12,-6,-12,-8,-15,-12,-21,sil
20.187232971191406,-20,-7,-16,-21,-10,-8,-17,-8,-12,-21,-11,-19,-17,-24,sil
20.187232971191406,-18,0,-10,-23,-5,-9,-17,-2,-16,-25,-1,-9,-15,-26,sil
20.20226764678955,-14,3,-4,-21,6,0,-11,0,-19,-9,5,-2,-11,-28,sil
20.20226764678955,-9,15,8,6,16,11,-4,4,-19,0,5,-1,-15,-23,sil
20.217724323272705,-12,21,1,30,18,13,3,4,-18,-5,1,-9,-18,-16,sil
20.217724323272705,-16,5,3,19,11,11,9,3,-20,-2,-6,-13,-14,-9,sil
20.233274221420288,-5,-2,7,17,6,17,9,1,-16,4,-12,-12,-3,3,sil
20.233274221420288,17,5,11,39,14,18,8,0,6,15,3,2,14,25,sil
20.24928855895996,27,8,23,34,15,7,13,2,19,26,22,20,29,39,sil
20.24928855895996,20,0,6,12,3,-1,13,3,4,15,10,6,17,32,sil
20.26443719863892,18,7,5,11,-1,3,9,4,7,8,0,-1,5,23,sil
20.26443719863892,16,9,9,4,-4,5,9,7,38,29,11,13,22,25,sil
20.27946281433105,9,-12,0,-17,-13,-13,3,1,38,29,3,13,26,25,sil
20.27946281433105,9,-12,0,-6,-6,-9,1,-2,10,1,-6,8,11,11,sil
20.295068740844727,13,5,0,7,4,8,10,-2,10,4,14,20,15,-1,sil
20.31114745140076,5,0,3,-15,-6,-3,2,-5,14,15,21,21,17,-2,sil
20.31114745140076,-2,-12,0,-20,-18,-26,-18,-13,-1,-4,-3,3,4,-3,sil
20.31114745140076,-4,-7,-12,-2,-9,-19,-18,-6,-10,-25,-15,-9,-5,-10,sil
20.32625699043274,-7,-6,-3,-18,-4,0,-4,7,-3,-19,-1,-3,-10,-19,sil
20.343396186828613,-19,-8,-9,-26,-9,-2,0,0,-2,-10,4,-3,-17,-29,thankyou
20.343396186828613,-22,-2,-16,-9,-9,-5,0,-5,-14,-31,-12,-14,-26,-35,thankyou
20.343396186828613,-13,0,-10,-4,-1,2,-2,3,-21,-31,-20,-17,-22,-23,thankyou
20.35849356651306,0,5,-5,-3,8,2,-3,3,-19,-1,4,-5,-2,-3,thankyou
20.35849356651306,7,14,11,3,17,0,-7,-1,-14,0,13,2,0,4,thankyou
20.37400484085083,2,9,2,0,10,0,-6,-2,-9,-14,-6,-7,-11,2,thankyou
20.37400484085083,0,5,-1,0,0,-1,-3,-1,-10,1,-9,-8,-10,6,thankyou
20.38936424255371,7,17,9,21,7,6,-1,0,-6,15,9,8,1,10,thankyou
20.38936424255371,0,16,-4,19,15,19,3,4,-1,-1,8,6,0,3,thankyou
20.40551853179932,-12,-5,-6,-4,1,12,4,4,-7,-14,-11,-10,-9,0,thankyou
20.40551853179932,-4,-10,1,0,-1,0,0,-1,-5,-2,-9,-10,-5,3,thankyou
20.421055555343628,8,1,13,24,8,3,5,1,10,18,2,3,4,7,thankyou
20.421055555343628,-3,-4,8,19,3,10,19,7,11,16,-5,-5,-1,0,thankyou
20.435261964797974,-26,-22,-16,-7,-11,0,9,-5,3,0,-22,-28,-12,-15,thankyou
20.450401067733765,-26,-17,-10,-12,-12,-3,-6,-3,7,10,-13,-18,-1,-12,thankyou
20.450401067733765,-13,-6,-5,4,-1,1,2,6,15,31,3,2,13,3,thankyou
20.46587181091309,0,-8,-1,4,1,0,9,4,11,18,0,2,6,9,thankyou
20.46587181091309,15,-2,13,-1,-1,2,1,-2,14,6,-1,5,4,13,thankyou
20.48137617111206,19,3,7,4,-2,3,0,-3,30,19,12,14,18,14,thankyou
20.48137617111206,15,1,5,1,-3,-5,-2,0,22,12,13,20,17,4,thankyou
20.497345209121704,16,-2,0,-11,-11,-12,-9,-1,0,-8,4,18,10,2,thankyou
20.497345209121704,20,-9,-2,-21,-15,-11,-11,-1,-6,-17,4,12,9,11,thankyou
20.51539921760559,11,-10,4,-20,-10,-10,-10,1,0,-21,4,10,2,7,thankyou
20.51539921760559,-1,0,-6,-12,-1,-12,-2,2,-1,-23,0,4,-3,-6,thankyou
20.51539921760559,0,16,0,-10,5,-3,6,2,-7,-16,4,4,0,-5,thankyou
20.52893781661988,10,22,6,-3,14,2,7,3,-4,-2,22,13,13,5,thankyou
20.54409646987915,9,17,3,4,14,-7,-6,-2,-9,-1,27,18,17,0,thankyou
20.54409646987915,-3,12,7,0,9,-11,-21,-10,-22,-16,7,6,-4,-14,thankyou
20.559751749038696,-9,13,0,-1,8,-2,-17,-7,-17,-16,-5,-13,-24,-19,thankyou
20.559751749038696,-3,17,6,15,9,0,-6,1,-12,-6,-4,-11,-18,-9,thankyou
20.57477450370789,-2,14,2,24,7,4,-1,0,-20,-7,-2,-2,-6,-5,thankyou
20.57477450370789,-9,1,-9,12,0,8,0,-2,-20,-8,-13,-16,-12,-9,thankyou
20.59038543701172,-16,-9,-1,8,-5,12,8,-1,-15,-1,-22,-23,-21,-9,thankyou
20.59038543701172,-14,-11,-3,18,0,17,21,-4,-4,14,-5,-13,-5,0,thankyou
20.605952739715576,-2,-10,-1,13,3,17,27,2,11,20,3,-7,7,8,thankyou
20.605952739715576,5,-8,3,4,1,13,19,11,17,15,-10,-8,1,11,thankyou
20.62146496772766,3,-3,-2,16,5,9,14,6,16,22,-6,-6,1,14,thankyou
20.62146496772766,0,-8,2,10,0,7,14,2,21,30,4,-1,9,16,thankyou
20.637110710144043,-7,-17,-5,-13,-11,1,11,0,18,17,-10,-6,0,5,thankyou
20.637110710144043,-5,-14,-4,-20,-14,0,3,0,2,2,-25,-11,-5,-4,thankyou
20.652637720108032,-3,-7,-3,-15,-7,-1,-3,-1,0,0,-18,-10,1,-3,thankyou
20.652637720108032,-6,-11,-16,-22,-5,-11,-13,-4,3,-8,-10,-5,3,-1,thankyou
20.66828179359436,-1,-11,-1,-25,-12,-21,-21,-1,1,-8,0,9,7,0,thankyou
20.66828179359436,11,-6,3,-13,-16,-18,-21,1,7,4,16,19,17,4,thankyou
20.684105157852173,13,1,-1,-11,-7,-9,-16,-1,17,2,17,20,13,10,thankyou
20.684105157852173,4,6,-1,-15,0,-5,-9,-2,15,-7,11,16,8,7,thankyou
20.699132442474365,6,6,0,-7,0,-2,-6,2,6,-8,15,11,6,-3,thankyou
20.699132442474365,14,9,10,2,4,0,-10,6,0,-9,24,17,0,-4,thankyou
20.71435642242432,9,12,1,4,6,-7,-9,1,-6,-15,29,21,1,1,thankyou
20.71435642242432,2,13,2,1,-1,-15,-10,-1,-10,-20,15,13,-2,-1,thankyou
20.730430364608765,0,19,11,7,3,-4,-12,-2,-16,-21,-1,2,-20,-16,thankyou
20.730430364608765,-12,16,0,19,22,7,-1,-9,-26,-17,-8,-9,-28,-25,thankyou
20.746026515960693,-16,5,0,21,19,11,8,-6,-29,-16,-15,-13,-21,-20,thankyou
20.746026515960693,-2,1,0,15,6,13,14,4,-11,0,-13,-9,-9,-6,thankyou
24.18537974357605,8,-4,13,12,5,12,17,-1,21,7,-9,0,5,13,thankyou
24.18537974357605,15,0,11,20,-1,-1,15,-6,20,5,-3,8,5,8,thankyou
24.201456308364868,14,-5,5,11,-14,-14,8,-6,13,7,5,15,11,9,thankyou
24.201456308364868,15,-2,14,13,-14,-6,4,0,22,9,13,25,21,24,thankyou
24.217421293258667,20,0,10,13,-7,-7,0,-1,21,3,26,32,31,24,thankyou
24.217421293258667,21,3,14,0,-3,-13,-9,-1,-2,0,37,38,25,9,thankyou
24.23330855369568,11,16,6,-4,-4,-9,-15,5,-10,-3,30,29,6,-3,thankyou
24.23330855369568,3,14,-2,-1,-11,-15,-15,4,2,-16,15,14,-1,-9,thankyou
24.248286485672,1,4,0,1,-11,-17,-13,-4,-5,-13,10,8,-2,-6,thankyou
24.248286485672,0,12,2,14,2,-2,-15,-2,-26,-6,3,4,-11,-5,thankyou
24.264381408691406,8,28,13,18,13,4,-17,8,-19,-11,2,6,-10,-6,thankyou
24.264381408691406,18,25,9,19,11,3,-11,2,0,5,24,14,9,0,thankyou
24.28038668632508,12,10,7,23,14,14,0,-5,0,25,29,12,13,11,thankyou
24.28038668632508,0,2,4,11,18,24,15,1,-6,4,0,-6,-2,7,thankyou
24.295615434646606,-14,-3,-19,0,9,13,19,3,0,-7,-17,-27,-9,-4,thankyou
24.295615434646606,-26,-13,-15,0,-2,12,12,0,0,2,-21,-29,-12,-8,thankyou
24.311129570007324,-24,-17,-14,-10,-3,20,12,0,0,8,-27,-29,-7,-5,thankyou
24.311129570007324,-13,-19,-21,-28,-5,3,11,-1,3,4,-28,-27,1,-3,thankyou
24.32653546333313,-12,-22,-8,-24,-10,-14,2,-3,6,4,-17,-15,0,0,thankyou
24.32653546333313,-10,-18,-8,-17,-7,-9,3,-1,16,8,-10,-9,0,5,thankyou
24.342031955719,-5,-13,-6,-31,-6,-4,2,1,15,5,-7,-3,5,0,thankyou
24.342031955719,-7,-5,0,-32,-6,-9,-4,0,-4,-6,0,6,1,-10,thankyou
24.35739302635193,0,7,6,-12,0,-12,-12,-3,-15,-20,0,9,-5,-12,thankyou
24.35739302635193,14,11,8,-3,1,-14,-17,-2,-12,-23,-1,7,-6,-4,thankyou
24.37338137626648,10,1,-2,-7,-1,-17,-16,-2,-16,-18,4,10,-4,1,thankyou
24.37338137626648,0,6,4,-4,-4,-14,-10,0,-19,-23,15,14,-4,0,thankyou
24.388431787490845,-3,12,2,6,2,-2,-6,4,-12,-27,9,5,-7,-11,thankyou
24.388431787490845,-3,0,-3,11,12,6,-2,2,-7,-12,0,-7,-15,-16,thankyou
24.40397024154663,-1,2,11,22,11,10,0,2,-12,0,0,-11,-13,-11,thankyou
24.40397024154663,-4,6,2,32,3,10,0,0,-10,0,-2,-17,-7,-9,thankyou
24.42005586624145,-12,-7,-6,16,0,16,6,0,6,10,-17,-20,-10,-7,thankyou
24.42005586624145,-12,-13,0,5,3,16,17,-1,27,24,-15,-9,-6,0,thankyou
24.43559765815735,-2,-1,1,17,3,6,18,2,32,31,-1,-1,7,8,thankyou
24.43559765815735,12,7,11,15,-2,5,6,2,20,29,-1,0,10,17,thankyou
24.45120072364807,25,10,5,8,0,0,0,-6,7,19,-1,4,10,23,thankyou
24.45120072364807,23,10,4,4,0,-11,1,-1,1,5,8,17,19,26,thankyou
24.466697454452515,16,2,7,-7,-4,-6,8,4,8,15,17,25,28,27,thankyou
24.466697454452515,12,-12,-5,-21,-11,0,10,0,7,21,12,14,22,16,thankyou
24.482169151306152,6,-14,-3,-17,-9,1,2,0,-3,-8,3,10,6,4,thankyou
24.482169151306152,2,-2,-2,-2,-5,4,-4,0,-6,-21,11,15,9,3,thankyou
24.498034477233887,0,5,3,-2,-4,-6,-13,-3,-2,2,17,16,13,0,thankyou
24.498034477233887,-4,5,4,-12,-2,-16,-16,1,7,9,10,10,3,-3,thankyou
24.51315927505493,-5,0,-5,-9,0,-5,-9,2,15,-5,8,2,-3,-3,thankyou
24.51315927505493,-1,0,2,1,0,5,-2,0,1,-10,0,-8,-10,-7,thankyou
24.529168367385864,-5,1,-5,4,2,2,-1,0,-8,-6,-11,-20,-18,-11,thankyou
24.529168367385864,-5,-1,-6,-1,2,-4,2,2,-3,-7,-5,-13,-15,-7,thankyou
24.545227766036987,2,0,6,-1,7,0,9,0,-5,-10,2,0,-3,-7,thankyou
24.545227766036987,3,7,0,11,15,5,5,-2,-11,-16,-7,-4,0,-12,thankyou
24.560312032699585,-4,13,3,18,10,9,-2,0,-19,-22,-10,-4,-4,-11,thankyou
24.560312032699585,-4,10,4,11,1,9,-3,-3,-19,-13,3,1,-3,-8,thankyou
24.575714349746704,0,8,1,11,7,2,-1,-2,-6,0,1,-4,0,-4,thankyou
24.575714349746704,-7,3,2,11,7,1,1,2,-2,4,-16,-12,-4,0,thankyou
24.59125566482544,-23,-14,-13,-2,-4,6,5,-2,-1,5,-22,-17,-16,0,thankyou
24.59125566482544,-24,-24,-10,-17,-9,2,4,-6,5,5,-20,-14,-15,-1,thankyou
24.607364892959595,-14,-16,-7,-15,-10,-10,1,0,16,10,-13,-8,0,0,thankyou
24.607364892959595,-5,-19,-9,-23,-23,-20,-6,3,9,6,-2,-2,3,0,thankyou
24.623116493225098,2,-20,0,-33,-26,-14,-17,0,-1,-8,9,10,1,0,thankyou
24.623116493225098,20,1,4,-13,-4,-5,-14,1,2,-4,31,28,20,3,thankyou
24.638140439987183,30,25,17,7,11,-3,-9,7,7,10,42,37,23,12,thankyou
24.638140439987183,14,22,8,4,7,-7,-12,1,-9,-3,23,19,-3,1,thankyou
24.65328478813172,0,6,-9,-1,-5,-9,-9,-9,-31,-29,-3,-9,-24,-19,sil
24.65328478813172,-1,2,0,10,-4,0,5,-8,-23,-16,-11,-16,-28,-13,sil
24.668848514556885,3,6,2,28,15,21,22,-1,-2,17,-7,-10,-22,4,sil
24.668848514556885,11,11,8,27,27,32,28,3,3,28,-8,-5,0,13,sil
24.684378385543823,7,4,0,17,17,24,22,1,8,21,-10,-9,17,14,sil
24.684378385543823,-9,-8,-16,10,0,4,9,2,18,16,-14,-18,11,10,sil
24.69996166229248,-11,-8,-4,2,-4,0,5,6,20,14,-16,-13,9,5,sil
24.69996166229248,0,-3,-1,-3,0,-2,4,0,16,6,-10,-3,17,2,sil
24.71608328819275,-2,-6,-6,-6,0,-7,-2,0,11,-7,-8,0,11,-1,sil
24.71608328819275,-13,-6,-7,-8,-3,-5,-4,0,12,-7,-7,0,6,-2,sil
24.731232166290283,-14,-7,-7,-13,0,-5,0,0,6,-1,-3,-3,8,-5,sil
24.731232166290283,-8,-7,6,-16,-2,-5,-2,0,-11,-13,0,0,0,-13,sil
24.748098850250244,-5,-4,3,-13,-9,-2,-6,-2,-13,-17,3,4,-6,-8,sil
24.748098850250244,5,3,14,-7,-7,-2,-4,2,6,0,12,13,1,15,sil
24.763376474380493,26,13,26,11,2,-4,5,11,24,20,31,31,20,35,sil
24.763376474380493,30,7,13,18,8,-3,6,1,17,21,30,32,21,28,sil
24.77796244621277,13,-3,10,0,0,0,-7,-10,-8,1,5,15,-1,3,sil
24.77796244621277,0,-3,0,-12,-9,2,-10,-4,-13,-8,2,0,-12,-16,sil
24.79343295097351,0,0,-5,-11,-5,-3,-2,1,0,-6,14,1,-5,-13,sil
24.79343295097351,2,0,-1,-10,-4,-11,-11,0,-4,-8,11,6,-4,-3,sil
24.80995273590088,-2,0,-8,-9,-10,-13,-27,-2,-16,-9,0,0,-11,-11,sil
24.80995273590088,-11,4,-7,-2,-5,-3,-22,-2,-19,-12,-7,-9,-17,-23,sil
24.82506418228149,-9,4,-11,2,3,3,-8,-4,-14,-17,-10,-12,-12,-19,sil
24.84023094177246,0,3,-2,2,2,-1,-3,-2,-9,-16,-6,-9,-4,-9,sil
24.84023094177246,0,7,7,3,2,-4,-5,-3,-16,-15,-1,-5,-3,-5,sil
24.855369329452515,-9,7,-10,12,9,2,-1,-6,-19,-12,-4,-11,-3,-6,sil
24.855369329452515,-13,0,-7,11,8,10,13,0,-14,-5,-13,-13,-7,-8,sil
24.87311863899231,-8,-4,-2,5,1,11,21,7,0,4,-12,-12,-12,-4,sil
24.87311863899231,-3,-2,-5,10,0,13,13,5,8,7,-10,-15,-9,4,sil
24.87311863899231,-4,-1,2,14,8,20,9,1,9,7,-18,-13,-6,6,sil
24.887146711349487,-4,-2,1,10,11,17,20,1,10,12,-13,-6,-2,5,sil
24.902442693710327,5,3,2,3,0,6,20,4,14,12,0,3,6,15,sil
24.902442693710327,5,-1,-3,2,-7,2,8,4,11,10,-3,0,7,19,sil
24.91808319091797,-6,-16,-7,-4,-5,0,2,1,2,9,-13,-3,1,12,sil
24.91808319091797,-2,-7,4,-7,-1,-1,7,1,12,17,1,9,13,12,sil
24.93321990966797,11,4,5,1,2,-1,15,1,32,23,18,17,25,15,sil
24.93321990966797,10,-4,7,3,0,-1,11,1,31,12,9,13,9,8,sil
24.94851446151733,2,-15,-3,-9,-7,-6,-2,0,12,6,3,5,0,-2,sil
24.94851446151733,1,-9,-12,-17,-6,-15,-14,-7,-2,13,8,0,4,-6,sil
24.96489930152893,2,-1,7,-12,-1,-19,-19,-4,-1,12,10,6,12,-1,sil
24.96489930152893,2,2,6,-6,-2,-16,-18,-1,4,-1,10,7,16,0,sil
24.980446338653564,0,9,2,-11,-4,-10,-18,0,0,-13,9,5,7,-4,sil
24.980446338653564,6,14,4,-12,3,-6,-12,1,-12,-17,13,10,5,-7,sil
24.99554800987244,15,10,3,-6,6,-8,-11,-4,-19,-16,17,10,9,-6,sil
24.99554800987244,6,10,11,-4,2,-5,-20,-9,-25,-23,9,7,-7,-8,sil
25.011202573776245,-2,18,8,4,10,3,-17,-2,-22,-24,1,7,-16,-6,sil
25.011202573776245,2,21,13,19,14,2,-5,4,-17,-16,1,7,-10,0,sil
25.02716398239136,-4,7,7,18,1,1,0,0,-19,-10,0,-3,-14,-1,sil
25.02716398239136,-21,-12,-11,10,-4,11,6,1,-12,-2,-9,-21,-13,-3,sil
25.04292678833008,-15,-18,-6,7,0,20,22,7,3,9,-15,-21,-5,-2,sil
25.04292678833008,-6,-14,-12,5,-2,16,35,0,8,12,-16,-20,-9,-5,sil
25.05781841278076,-8,-13,-16,-5,-9,4,23,-1,2,0,-23,-18,-13,-3,sil
25.05781841278076,-13,-17,-15,-15,-12,-1,0,0,5,0,-31,-17,-9,-3,sil
25.073865175247192,-21,-23,-23,-23,-17,-8,-10,-2,6,0,-26,-24,-9,-15,sil
25.073865175247192,-6,-9,-3,-11,-9,-2,2,2,12,-2,-2,-6,1,-3,sil
25.089067935943604,26,18,13,15,11,10,15,4,30,11,24,28,27,24,sil
25.089067935943604,31,19,15,11,11,2,3,-2,19,9,21,36,21,21,sil
25.105169534683228,8,4,6,-10,-5,-14,-9,-1,-7,-14,3,12,0,-1,sil
25.105169534683228,6,7,-2,0,-1,-6,-6,3,-9,-9,7,1,0,-4,sil
25.120502710342407,13,19,14,17,9,5,-7,3,-7,9,14,12,2,4,sil
25.120502710342407,1,11,10,18,9,5,-11,0,-11,5,6,7,-4,5,sil
25.13634276390076,-3,1,2,20,7,12,3,0,-1,5,3,-3,-1,8,sil
25.13634276390076,0,-1,8,21,4,23,17,0,6,21,4,-3,2,13,sil
25.151501893997192,-11,-12,-10,2,-3,8,3,-5,5,21,-8,-11,-4,7,sil
25.151501893997192,-16,-21,-17,-20,-7,-12,-7,-4,6,5,-23,-16,-5,-3,sil
25.16713500022888,-2,-18,-10,-25,-4,-14,0,0,13,2,-11,-5,6,-4,sil
25.16713500022888,1,-9,-5,-21,-7,-10,-2,1,4,0,6,1,5,-5,sil
25.18270373344421,-2,1,0,-20,-6,-16,-18,-1,-14,-13,6,-1,-5,-18,sil
25.18270373344421,3,12,7,-4,7,-14,-14,1,-17,-21,1,0,-4,-22,sil
25.198092222213745,3,16,17,13,15,3,0,-2,-8,-12,5,4,0,-10,sil
25.198092222213745,-10,7,-3,16,8,14,10,-5,-3,2,3,0,-5,0,sil
25.214274168014526,-5,-2,-14,4,0,7,20,3,3,8,-6,-2,-2,7,sil
25.214274168014526,14,0,10,1,-4,2,22,7,20,10,-1,9,17,25,sil
25.228743076324463,15,2,6,4,-9,-7,3,-2,24,11,14,12,24,26,sil
25.243725299835205,7,-1,-1,0,-9,-20,-19,-5,1,-2,12,3,6,5,sil
25.243725299835205,11,4,3,-3,-3,-14,-14,0,-14,-20,10,8,0,-5,sil
25.243725299835205,15,14,7,-8,0,-3,-4,0,-15,-24,15,16,6,-5,sil
25.26040863990784,3,10,7,-14,0,-6,-14,0,-25,-24,3,2,-6,-13,sil
25.260483503341675,-12,0,-5,-1,2,0,-10,-4,-26,-18,-12,-17,-22,-21,sil
25.27504181861877,-19,-1,-1,11,10,17,9,2,-10,-5,-14,-14,-14,-14,sil
25.27504181861877,-21,-7,2,5,11,15,7,7,0,4,-14,-9,-3,-6,sil
25.290510177612305,-14,-15,-5,-2,-2,2,0,1,6,15,-16,-14,-3,0,sil
25.306215524673465,-5,-13,0,1,-9,6,8,1,19,23,-5,-5,0,12,sil
25.306215524673465,-5,-11,-8,1,0,10,8,2,24,23,0,0,0,12,sil
25.306215524673465,-8,-15,-9,-7,0,4,-1,0,7,16,-16,-6,-9,0,sil
25.32131338119507,-1,-7,2,-3,-5,0,3,-1,0,10,-21,-5,-10,1,sil
25.34007453918457,8,2,2,11,0,1,15,0,7,7,0,5,5,15,sil
25.34007453918457,7,3,-5,3,-1,1,8,0,9,7,5,12,10,13,sil
25.34007453918457,-1,1,-16,-10,-8,-3,-4,0,1,1,-4,2,3,-3,sil
25.35209584236145,0,5,1,-5,-5,-4,-11,0,-3,-15,0,2,1,-4,sil
25.367233991622925,5,7,11,1,0,0,-8,-2,0,-17,19,11,13,11,sil
25.367233991622925,7,6,-1,-2,0,-5,-1,-6,8,1,31,11,20,13,sil
25.38298535346985,16,12,9,3,4,-4,0,3,16,12,31,15,17,2,sil
25.38298535346985,21,16,12,19,8,-1,-4,8,13,4,21,16,9,-6,sil
25.39907956123352,7,7,3,6,2,-10,-14,0,-3,-12,2,2,-8,-14,sil
25.39907956123352,0,0,0,-13,1,-12,-18,-2,-21,-22,-6,-10,-21,-22,sil
25.414292097091675,3,7,-2,5,10,-1,-6,-3,-28,-17,-1,-9,-13,-17,sil
25.414292097091675,4,13,13,28,9,1,6,-2,-29,-20,-3,-4,-10,-3,sil
25.43034839630127,2,6,10,15,4,6,9,-2,-25,-23,-16,-4,-16,-1,sil
25.43034839630127,0,-1,0,6,3,19,14,1,-13,-6,-16,-8,-8,-1,sil
25.446429014205933,-13,-13,-7,9,3,20,24,1,7,16,-6,-15,4,7,sil
25.446429014205933,-21,-27,-17,-4,0,11,25,0,26,27,-4,-19,5,11,sil
25.46196937561035,-9,-17,-5,-13,-5,9,18,4,20,25,-5,-6,3,9,sil
25.46196937561035,-5,-2,-7,-1,-6,4,11,0,8,18,-7,-3,5,5,sil
25.47715473175049,-17,-14,-21,-13,-10,-9,-4,-4,5,3,-25,-17,-4,0,sil
25.47715473175049,-20,-23,-14,-37,-16,-13,-21,0,3,-4,-30,-11,-10,-1,sil
25.49241828918457,-9,-12,-10,-33,-16,-10,-18,-1,-1,-2,-9,1,0,0,sil
25.49241828918457,0,-5,-2,-23,-8,-11,-15,-6,-1,-6,2,4,0,-2,sil
25.50828528404236,6,-1,3,-13,0,-13,-12,0,2,-5,7,7,2,-2,sil
25.50828528404236,17,11,10,-2,1,-6,-3,8,7,8,21,23,19,7,sil
25.52352547645569,25,25,26,2,2,1,0,7,17,20,35,39,27,13,sil
25.52352547645569,27,28,23,10,9,-1,-6,0,18,13,39,35,21,7,sil
25.539146661758423,21,21,26,21,9,-11,-8,0,1,-2,29,23,13,0,sil
25.539146661758423,6,8,15,25,2,-10,-8,2,-10,-10,16,10,0,-4,sil
25.55420160293579,-4,0,-3,10,-2,-4,-11,-5,-21,-21,1,-3,-14,-11,sil
25.55420160293579,0,2,-1,1,-5,0,-8,-6,-30,-32,-9,-11,-17,-9,sil
25.56976437568665,0,6,-6,11,0,3,0,1,-17,-18,-13,-16,-8,-1,sil
25.56976437568665,-20,-2,-9,14,4,7,6,5,-5,-4,-18,-20,-10,-4,sil
25.58551979064941,-24,-5,-12,10,5,13,14,0,-6,-3,-18,-19,-15,-5,sil
25.58551979064941,-10,-1,-12,12,14,17,14,-2,-4,1,-10,-15,-9,0,sil
25.60103750228882,-14,-5,-7,2,14,13,2,1,-2,5,-14,-13,-8,-6,sil
25.60103750228882,-19,-10,-16,-6,3,13,5,2,1,8,-12,-10,-8,-7,sil
25.61634731292725,0,-2,-1,0,2,20,17,0,10,17,0,1,-1,10,sil
25.61634731292725,11,1,6,8,6,9,15,-4,14,17,0,1,2,9,sil
25.6320903301239,8,-4,-1,0,-5,-10,6,-1,8,1,-7,-5,0,-1,sil
25.6320903301239,14,-11,6,-14,-13,-11,2,5,2,0,0,2,4,2,sil
25.647074937820435,13,-10,0,-13,-9,-6,-1,1,6,12,4,5,11,7,sil
25.647074937820435,3,-9,-1,-9,-11,-6,-5,0,19,11,-2,2,8,9,sil
25.662963151931763,2,-6,0,-14,-12,-1,0,0,18,4,-1,6,3,8,sil
25.662963151931763,4,0,-3,-13,-4,-1,-2,-4,7,3,10,14,7,0,sil
25.67830228805542,9,6,11,-1,4,-5,-7,-1,10,4,16,21,13,1,sil
25.67830228805542,13,5,4,2,10,-3,-5,0,10,-1,15,17,12,3,sil
25.693501949310303,0,7,-2,-3,4,-9,-10,0,-16,-17,15,1,0,-17,sil
25.693501949310303,-20,8,-2,-9,-4,-14,-15,0,-35,-27,5,-12,-16,-30,sil
25.70900797843933,-19,0,-6,-12,-6,-4,-5,0,-24,-24,-16,-15,-22,-14,sil
25.70900797843933,0,4,6,0,-2,7,0,-1,-19,-23,-19,-6,-16,-3,sil
25.72537612915039,0,9,5,28,4,9,4,1,-13,-3,3,-2,-3,-4,sil
25.72537612915039,-9,2,4,30,8,12,13,7,0,26,4,-8,4,9,sil
25.74026775360108,-6,0,2,12,5,15,12,1,6,23,-11,-4,7,26,sil
25.74026775360108,0,-1,-8,5,1,7,5,-4,7,2,-7,1,14,19,sil
25.756324291229248,-1,-11,0,-1,-1,2,7,2,14,10,-4,-1,14,9,sil
25.756324291229248,1,-17,-3,-8,-6,-1,8,0,18,23,-9,-12,13,11,sil
25.7719783782959,12,-7,-4,-8,-9,-8,-2,-10,8,7,2,1,14,10,sil
25.7719783782959,18,5,2,-7,-1,-5,-2,0,9,-2,16,19,13,3,sil
25.78728127479553,17,2,-1,-11,1,-9,4,9,15,-1,5,11,5,4,sil
25.78728127479553,13,-2,10,-11,-5,-24,-5,5,7,-6,0,12,-1,4,sil
25.803024768829346,5,2,2,-7,-2,-22,-19,-3,0,-12,11,16,-3,-9,sil
25.82005882263184,-6,7,-4,-6,3,-15,-23,-4,-12,-19,6,1,-18,-22,sil
25.82005882263184,-10,12,6,2,3,-4,-15,3,-18,-19,-1,-4,-28,-19,sil
25.82005882263184,-8,14,-5,12,9,8,-3,5,-7,-5,4,-7,-15,-15,sil
25.83429193496704,-16,8,-2,2,12,13,-3,-2,-11,-7,-1,-14,-14,-22,sil
25.83429193496704,-22,-1,-4,3,5,11,-4,-7,-23,-13,-10,-14,-25,-24,sil
25.85038042068481,-11,-6,-1,17,-1,12,-2,2,-15,-4,-4,-6,-22,-6,sil
25.8659827709198,-3,-2,9,13,-5,12,3,4,-1,7,-1,0,-4,9,sil
25.8659827709198,-2,-7,-10,-4,-2,6,7,-7,-3,6,-4,-3,12,6,sil
25.8659827709198,2,-15,-6,-13,3,10,8,-4,-7,1,-7,-5,11,1,sil
25.88044285774231,3,-4,4,7,9,18,18,3,11,18,-1,-2,7,8,sil
25.895997762680054,7,12,11,23,2,7,16,1,23,31,3,6,16,18,sil
25.895997762680054,17,12,18,10,-1,-4,2,-1,14,21,11,16,25,22,sil
25.91114640235901,17,0,-7,1,3,0,9,-1,13,15,17,10,22,15,sil
25.91114640235901,6,-6,0,-2,-2,4,13,3,4,2,0,2,7,7,sil
25.9267418384552,-2,-5,1,-7,-20,-7,-5,-1,-14,-13,-25,-3,-8,0,sil
25.9267418384552,-3,-10,-11,-10,-17,-22,-16,-5,-9,-13,-18,-4,-9,-1,sil
25.94210386276245,0,-9,5,-13,2,-6,0,3,8,-10,4,4,4,2,sil
25.94210386276245,0,-1,-2,-1,7,7,17,1,10,-13,10,4,11,1,sil
25.95749998092652,0,3,2,4,-4,0,7,2,0,-9,2,0,3,-3,sil
25.95749998092652,-2,-3,-2,-9,-4,-6,-4,5,5,4,-1,-9,-3,-6,sil
25.973621606826782,-9,-11,-21,-22,4,-3,1,-2,16,7,-2,-15,-5,-7,sil
25.973621606826782,-5,4,6,-9,5,1,6,0,15,0,0,3,0,-3,sil
25.98938512802124,4,14,-1,13,6,3,4,4,12,12,8,13,6,5,sil
25.98938512802124,2,1,-5,8,-1,-5,-4,1,-4,8,4,4,-7,6,sil
26.004985094070435,-13,-8,-4,-19,-16,-15,-16,-5,-24,-23,-13,-12,-26,-13,sil
26.004985094070435,-17,-9,-23,-23,-11,-12,-18,-10,-23,-29,-21,-25,-25,-25,sil
26.0212504863739,0,2,10,0,8,0,-14,-4,-15,-8,-9,-3,0,-1,sil
26.0212504863739,12,11,16,17,9,0,-6,-1,-3,5,3,13,21,17,sil
26.0363450050354,11,7,6,5,-5,-6,-9,0,1,6,5,8,16,8,sil
26.0363450050354,6,13,14,4,0,4,-17,4,-4,3,7,6,5,-3,sil
26.052191734313965,1,16,-11,18,11,9,-12,-1,-14,3,8,3,3,-6,sil
26.052191734313965,3,10,6,14,7,1,-1,1,-12,1,8,6,0,0,sil
26.06724190711975,10,5,17,5,8,5,10,8,12,8,20,14,5,0,sil
26.06724190711975,3,6,-10,14,12,10,13,1,20,10,21,1,-3,-12,sil
26.08297777175904,-14,0,-3,16,7,13,11,0,-2,-1,2,-9,-27,-14,sil
26.08297777175904,-18,-15,-12,0,3,15,18,4,0,-3,2,-10,-18,0,sil
26.0984799861908,-10,-19,-22,0,-3,13,17,11,23,6,9,-19,-14,3,sil
26.0984799861908,-5,-7,14,6,-10,10,6,11,17,3,-7,-13,-14,0,sil
0.0431113243103027,0,-7,21,-16,-5,5,5,-2,4,4,-23,4,19,9,thankyou
0.0431113243103027,0,-15,-11,-27,-5,-9,3,-15,4,16,-16,5,32,12,thankyou
0.0574138164520263,2,-10,1,-11,-10,-17,-7,-9,-7,1,-15,6,10,9,thankyou
0.0724413394927978,7,-1,11,-6,-6,-10,-7,0,-18,-17,-12,13,13,6,thankyou
0.0724413394927978,4,0,-6,-10,-4,-13,-2,-3,-16,-13,0,8,15,2,thankyou
0.088038682937622,12,10,14,-9,-2,-19,-6,0,-10,-15,0,15,3,9,thankyou
0.088038682937622,25,17,7,1,5,-7,-1,2,8,-3,13,19,5,15,thankyou
0.1030817031860351,11,7,-3,8,3,0,0,1,12,15,22,0,3,3,thankyou
0.1030817031860351,-8,0,3,9,-2,0,2,0,-9,0,-3,-14,-15,-1,thankyou
0.1183643341064453,-11,-2,-16,15,0,5,12,0,-11,-9,-24,-20,-20,0,thankyou
0.1183643341064453,-6,-9,-1,3,-3,5,7,5,0,13,-16,-14,-5,0,thankyou
0.1339435577392578,0,-11,-2,-9,-12,-6,-4,0,4,13,-2,-6,2,-1,thankyou
0.1339435577392578,1,-8,-21,-16,-11,-18,-18,-9,-4,-23,10,0,-8,-9,thankyou
0.150038480758667,-2,0,-1,-20,-6,-11,-25,-4,-7,-29,16,8,-21,-22,thankyou
0.150038480758667,-4,10,-9,-8,8,0,-12,-3,0,-1,8,2,-13,-28,thankyou
0.1651918888092041,1,21,9,18,22,8,-4,0,0,0,9,4,-1,-14,thankyou
0.1651918888092041,2,24,23,32,26,15,0,8,8,4,21,7,7,2,thankyou
0.1804056167602539,-10,6,-10,11,18,16,4,5,11,19,9,-8,9,1,thankyou
0.1804056167602539,-23,-7,-6,-7,0,20,4,0,-9,8,-17,-18,-2,-8,thankyou
0.1955640316009521,-23,-12,-11,0,-1,19,16,-2,-11,1,-20,-18,-7,-9,thankyou
0.1955640316009521,-14,-15,-10,-2,2,7,26,2,6,9,-17,-18,-1,-4,thankyou
0.2114803791046142,-9,-19,-3,-8,-5,4,18,2,1,3,-27,-17,-1,-4,thankyou
0.2114803791046142,0,-12,-7,6,-11,3,9,-1,-3,0,-20,-9,0,4,thankyou
0.2265496253967285,16,8,20,13,-2,5,10,0,12,9,1,13,9,24,thankyou
0.2265496253967285,17,11,8,0,2,2,4,-1,18,8,9,17,15,24,thankyou
0.2422089576721191,11,-2,-1,-1,-6,-7,-15,0,5,0,0,7,12,12,thankyou
0.2422089576721191,25,2,16,14,-14,-10,-16,6,21,13,16,24,22,24,thankyou
0.2572376728057861,29,12,10,10,-7,-9,0,5,39,29,37,33,31,32,thankyou
0.2572376728057861,10,9,14,-10,0,-11,-1,2,5,9,20,16,10,8,thankyou
0.2722139358520508,1,1,0,-9,-1,-10,-8,-5,-22,-18,1,2,-3,-11,thankyou
0.2871432304382324,3,-5,-8,-8,-8,-14,-9,-6,-20,-34,2,7,-4,-10,thankyou
0.2871432304382324,-2,-8,-1,-26,-9,-18,-14,0,-23,-40,-3,3,-13,-10,thankyou
0.3025069236755371,0,-4,-8,-17,-4,-12,-7,-2,-11,-19,-4,-5,-11,-11,thankyou
0.3025069236755371,4,3,10,5,5,-2,1,0,4,2,6,-1,-1,-7,thankyou
0.3195459842681885,-2,1,8,1,11,-4,-2,3,1,1,9,0,-1,-5,thankyou
0.3195459842681885,-5,2,-3,-9,7,-4,-3,0,-10,-10,0,-2,-8,-2,thankyou
0.3195459842681885,-7,10,0,0,7,5,0,-1,-24,-17,-16,-9,-19,-6,thankyou
0.3360912799835205,-19,0,-15,6,10,5,-1,-3,-29,-16,-26,-21,-23,-18,thankyou
0.3510620594024658,-19,-8,-8,3,6,5,-7,-2,-19,-9,-16,-14,-13,-19,thankyou
0.3510620594024658,-17,-2,0,6,8,10,-6,-1,-4,3,-7,-8,-8,-11,thankyou
0.3652243614196777,-14,1,-4,7,7,5,2,-1,0,15,-2,-12,-7,-5,thankyou
0.3652243614196777,0,6,1,15,1,5,6,2,6,23,13,-1,3,3,thankyou
0.3800728321075439,0,-3,-10,7,-1,7,1,2,11,27,19,3,6,6,thankyou
0.3800728321075439,-11,-26,-9,-31,-10,7,5,4,11,25,4,-5,-5,6,thankyou
0.3954741954803467,0,-12,4,-26,-12,12,20,2,14,18,6,-5,2,9,thankyou
0.3954741954803467,14,15,12,26,-1,12,13,-3,9,3,11,5,15,5,thankyou
0.4110138416290283,9,11,7,29,4,10,2,-3,4,-4,0,11,8,5,thankyou
0.4110138416290283,14,0,-6,10,4,13,12,0,18,3,-6,9,8,14,thankyou
0.4266092777252197,27,16,10,21,0,3,11,3,23,3,-4,11,13,16,thankyou
0.4266092777252197,13,11,5,12,0,-6,5,0,12,-1,-6,6,8,7,thankyou
0.4421837329864502,-7,-11,-17,-16,-6,-9,5,0,3,-6,-14,-7,-1,-3,thankyou
0.4421837329864502,-9,-15,-1,-16,-16,-6,-3,0,-2,-14,-22,-6,-5,-8,thankyou
0.4574623107910156,-6,-7,0,2,-6,-2,-4,-1,-2,-9,-15,-4,0,-4,thankyou
0.4574623107910156,-8,-6,-4,-5,0,-5,0,-2,-1,2,-5,-7,3,-3,thankyou
0.4724931716918945,-6,-8,-3,-24,-10,-18,-8,-2,-2,0,0,-4,5,-6,thankyou
0.4724931716918945,5,0,-1,-14,-7,-12,-9,0,2,-2,9,6,13,4,thankyou
0.4880187511444092,11,11,11,2,8,2,-2,5,9,6,19,10,14,14,thankyou
0.4880187511444092,0,0,-2,-6,0,-4,-11,1,0,2,10,-1,0,3,thankyou
0.5040419101715088,-4,-6,-4,-22,-8,-12,-19,-3,-8,-17,3,3,-7,-2,sil
0.5040419101715088,8,14,9,-3,2,-6,-9,4,-6,-17,19,20,4,3,sil
0.5191788673400879,12,22,2,19,8,-8,-7,3,-15,-9,20,14,0,0,sil
0.5191788673400879,0,5,4,15,6,-8,-8,-1,-26,-18,1,0,-18,-8,sil
0.5347447395324707,-5,0,6,0,12,0,-3,0,-11,-17,2,0,-13,-9,sil
0.5347447395324707,7,12,7,7,16,5,-2,2,-5,-2,5,0,-5,-7,sil
0.5506293773651123,14,16,8,26,14,6,0,1,-9,11,1,-1,-7,-3,sil
0.5506293773651123,2,1,1,20,9,8,7,1,4,24,7,1,1,3,sil
0.5662994384765625,-11,-11,6,2,1,14,7,0,7,21,1,3,2,3,sil
0.5662994384765625,-21,-13,-4,0,0,23,12,-1,-3,15,-18,-15,-11,-4,sil
0.5824344158172607,-24,-19,-16,-10,-3,21,21,-1,3,18,-27,-33,-11,-1,sil
0.5824344158172607,-18,-20,-13,-22,-7,9,15,0,19,18,-22,-22,1,0,sil
0.5972506999969482,-5,-15,-16,-20,-7,-4,1,0,14,2,-14,-3,4,-3,sil
0.5972506999969482,-5,-15,-11,-28,-8,-12,-6,-6,-1,-17,-11,0,-1,-9,sil
0.6133570671081543,-9,-12,-11,-25,-13,-13,-9,-9,-3,-24,-5,-4,-7,-18,sil
0.6133570671081543,4,5,1,-3,-12,-13,-8,2,0,-16,8,5,-4,-13,sil
0.6286342144012451,18,20,16,10,-6,-9,-5,7,0,-3,21,20,6,5,sil
0.629636287689209,8,16,3,13,-4,0,-4,-4,-9,-3,8,6,2,4,sil
0.644232988357544,1,11,2,14,0,5,-1,0,-14,-9,-6,-7,-11,-3,sil
0.644232988357544,5,9,9,19,5,1,11,6,-3,0,5,0,1,13,sil
0.6595032215118408,9,4,12,23,4,1,16,0,4,10,11,9,18,25,sil
0.6595032215118408,2,-5,3,10,-1,5,7,-4,2,1,-11,0,5,10,sil
0.6750774383544922,-1,-14,-13,-7,-3,-3,3,0,1,0,-18,-4,-1,3,sil
0.6750774383544922,8,-8,9,-3,0,-8,4,2,2,3,2,12,13,18,sil
0.6910045146942139,15,1,11,1,0,-3,-3,-1,0,0,14,20,20,11,sil
0.6910045146942139,1,-3,-11,-17,-5,-7,-20,-2,-3,-8,5,1,2,-15,sil
0.7064893245697021,-6,4,0,-17,-1,-8,-21,1,-7,-8,4,-2,-5,-17,sil
0.7064893245697021,3,28,17,17,17,6,-1,2,3,3,13,1,5,4,sil
0.721635103225708,7,27,14,38,30,22,16,1,21,21,11,-1,6,10,sil
0.7372150421142578,-1,3,-7,31,23,27,20,4,29,33,4,-7,0,3,sil
0.7372150421142578,-7,-10,-13,8,6,18,16,6,24,26,-5,-10,-2,5,sil
0.7372150421142578,-7,-8,-4,-14,0,0,8,0,17,11,-19,-10,-6,12,sil
0.7532463073730469,-1,-4,-15,-17,-3,-13,-6,-8,0,-7,-16,-6,-7,1,sil
0.7692694664001465,0,-6,-8,-16,-13,-16,-27,-6,-24,-28,-2,0,-12,-23,sil
0.7692694664001465,-1,-4,0,-19,-13,-12,-26,0,-25,-27,9,1,-8,-29,sil
0.7692694664001465,4,4,0,-15,-7,-9,-6,1,-10,-13,16,13,5,-5,sil
0.7853419780731201,3,5,7,-15,-6,-6,-5,0,-14,-14,12,17,0,2,sil
0.7853419780731201,-9,-6,-2,-15,-3,-1,-15,3,-16,-15,-1,-4,-14,-10,sil
0.8008008003234863,-2,-2,3,3,0,-4,-6,8,-7,0,-6,-8,-6,-3,sil
0.8008008003234863,4,-1,7,14,0,-6,6,1,-6,7,-1,0,0,6,sil
0.8162093162536621,-17,-20,-14,-9,-2,2,8,-3,-5,0,-16,-16,-11,-6,sil
0.8316500186920166,-28,-29,-15,-24,-9,13,19,1,9,-1,-32,-26,-9,-8,sil
0.8316500186920166,-11,-16,-10,-11,-12,6,28,-1,27,13,-18,-10,6,3,sil
0.8469038009643555,-3,-7,-3,-7,-7,-5,9,-8,20,16,0,0,10,4,sil
0.8469038009643555,0,1,2,-1,1,0,-8,-5,2,4,7,3,6,1,sil
0.8469038009643555,13,19,7,10,14,3,-4,0,-1,1,20,15,13,4,sil
0.8640151023864746,16,28,17,6,17,-1,0,0,0,3,26,21,16,3,sil
0.8640151023864746,3,19,13,12,8,-5,0,0,-3,0,17,5,6,2,sil
0.8800840377807617,0,12,16,31,4,1,0,0,-16,-2,0,-6,-6,2,sil
0.8800840377807617,6,9,10,30,4,7,-3,-1,-19,-3,-9,-2,-6,6,sil
0.8946866989135742,15,0,-4,22,4,11,-1,-3,-2,0,0,8,3,17,sil
0.9110934734344482,17,-6,8,23,10,16,9,1,13,15,8,18,15,24,sil
0.9110934734344482,4,-8,5,9,0,2,3,0,5,13,1,12,12,6,sil
0.9110934734344482,0,-7,-1,-12,-22,-18,-16,-2,-13,-21,-9,3,-6,-12,sil
0.9269909858703612,11,4,7,-9,-22,-16,-13,0,-9,-33,-1,8,-10,-11,sil
0.942603588104248,11,13,2,-2,-5,-9,2,0,4,-10,11,10,0,-7,sil
0.942603588104248,0,12,0,-7,0,-9,-2,2,0,-8,7,4,-4,-14,sil
0.942603588104248,-5,8,-8,0,5,5,-5,5,-9,-17,0,-9,-12,-17,sil
0.956413745880127,-12,0,-11,9,14,23,8,6,-3,6,-1,-16,-8,-9,sil
0.9721190929412842,-19,-9,-9,6,9,22,14,5,7,28,-8,-13,-6,3,sil
0.9721190929412842,-15,-11,-17,5,0,4,6,1,11,10,-12,-13,-9,9,sil
0.9883193969726562,-11,-13,-11,0,-8,-2,1,0,8,-4,-12,-12,-6,6,sil
0.9893195629119872,-15,-20,-20,-20,-11,0,1,-1,14,10,-21,-16,-2,0,sil
1.0064353942871094,-15,-24,-22,-29,-8,-7,0,-6,10,11,-32,-25,-10,-9,sil
1.0064353942871094,-4,-15,-1,-24,0,-16,-2,-4,-2,-5,-17,-15,-11,-6,sil
1.0064353942871094,0,-1,0,-19,4,-10,4,0,0,-1,9,1,7,3,sil
1.0213720798492432,6,9,6,-20,5,-1,1,0,10,10,23,12,23,12,sil
1.0213720798492432,15,17,12,-6,9,-1,-12,2,11,15,34,19,29,17,sil
1.0370194911956787,15,19,11,1,8,-5,-23,5,3,5,29,13,20,7,sil
1.037363052368164,2,12,15,-9,1,-8,-22,0,-5,-11,8,5,1,-12,sil
1.051111936569214,0,5,9,-18,5,-4,-8,-1,-4,-8,13,6,0,-10,sil
1.0662713050842283,10,9,15,-4,11,4,9,0,3,5,22,13,8,6,sil
1.0662713050842283,7,10,7,9,1,7,15,-2,0,0,2,3,0,0,sil
1.0815730094909668,-11,-4,-8,7,-11,6,10,-1,-14,-7,-16,-10,-12,-12,sil
1.0815730094909668,-15,-13,0,9,-6,12,12,1,-19,-1,-15,-11,-11,-2,sil
1.0973336696624756,-2,-10,0,18,1,11,15,-4,-12,2,-16,-10,-4,4,sil
1.0973336696624756,-2,-8,0,15,-3,10,8,0,0,1,-23,-12,-5,1,sil
1.11240816116333,-5,-6,-6,14,-6,13,6,4,12,5,-17,-11,-5,4,sil
1.11240816116333,13,2,-1,25,0,0,4,2,15,5,-1,7,4,16,sil
1.1285028457641602,32,11,20,26,-2,-14,-1,0,8,-4,15,39,14,18,sil
1.1285028457641602,20,6,7,16,-10,-15,-1,-3,5,-6,29,41,15,3,sil
1.144009351730347,5,2,4,9,-6,-11,0,-3,-2,-7,21,26,3,-6,sil
1.144009351730347,11,12,12,13,3,-8,-7,-1,-15,-16,5,18,-9,-9,sil
1.159428596496582,1,9,-2,11,1,-6,-16,-4,-30,-29,-2,-3,-16,-20,sil
1.159428596496582,-28,-6,-13,-8,-5,-6,-28,-3,-41,-36,-15,-25,-23,-30,sil
1.1761670112609863,-32,-7,-15,-7,0,-1,-23,1,-23,-14,-24,-23,-21,-17,sil
1.1761670112609863,-7,-3,-3,5,9,9,-2,1,4,14,-16,-12,-5,5,sil
1.1913833618164062,-6,-10,-2,-5,8,14,9,0,10,23,-10,-18,0,9,sil
1.1913833618164062,-21,-16,-18,-23,0,6,12,4,11,14,-16,-29,-10,2,sil
1.20647931098938,-8,-13,-12,-23,-8,7,19,9,24,11,-11,-15,-2,7,sil
1.20647931098938,4,-9,-12,-22,-5,12,21,0,29,19,0,-7,13,12,sil
1.2224626541137695,0,-2,-7,-25,-4,0,5,-7,15,8,-4,-8,9,4,sil
1.2224626541137695,1,2,1,-14,-4,-6,-1,-1,8,-8,-1,5,8,0,sil
1.2384352684020996,8,1,0,-13,6,2,-2,2,11,1,17,20,15,2,sil
1.2384352684020996,4,6,11,-29,11,-8,-20,3,6,14,30,19,11,1,sil
1.254462480545044,10,16,10,-17,3,-26,-30,0,0,4,30,19,14,3,sil
1.254462480545044,20,23,10,17,0,-19,-16,-1,-3,-4,24,22,20,6,sil
1.2700855731964111,5,12,12,19,-2,-3,-5,-1,-5,-8,7,6,4,-3,sil
1.2700855731964111,-7,-3,-2,0,-1,0,3,1,-1,0,0,-10,-6,-10,sil
1.286219596862793,6,9,7,14,17,16,31,9,7,19,13,1,0,3,sil
1.286219596862793,14,22,11,40,24,22,40,7,-2,15,12,9,3,13,sil
1.3014507293701172,3,0,4,32,6,9,16,-6,-34,-10,-13,-4,-4,9,sil
1.3014507293701172,0,-14,8,17,0,8,-3,-5,-36,-12,-20,-9,-7,4,sil
1.317159652709961,-12,-13,-4,9,9,12,-7,2,4,5,-5,-11,-8,-4,sil
1.317159652709961,-30,-22,-19,-11,-1,3,-6,3,28,7,-17,-24,-17,-17,sil
1.3321053981781006,-26,-23,-24,-13,-13,0,0,-3,23,3,-32,-33,-18,-18,sil
1.3321053981781006,-15,-13,-15,-9,-13,-3,0,-7,7,-8,-25,-23,-16,-13,sil
1.347378492355347,-8,-11,-3,-23,-19,-5,4,-4,-4,-14,-11,-1,-12,-4,sil
1.347378492355347,7,-5,-4,-16,-19,-2,19,1,0,-1,1,8,4,8,sil
1.3624815940856934,21,10,10,9,-5,-3,12,4,11,7,11,16,18,17,sil
1.3624815940856934,22,13,14,10,1,-4,-6,0,8,2,15,24,21,13,sil
1.3780255317687988,21,7,7,-1,0,-8,-17,-5,-7,-7,16,23,15,4,sil
1.3780255317687988,17,7,14,-2,0,-20,-26,-2,-22,-27,9,15,0,0,sil
1.3935556411743164,12,8,7,0,-4,-22,-27,0,-13,-31,8,13,-1,0,sil
1.3935556411743164,14,11,10,2,-5,-7,-22,1,-5,-16,14,20,4,-2,sil
1.4094319343566897,2,9,7,-3,2,0,-15,-2,-23,-15,-2,6,-8,-15,sil
1.4094319343566897,-22,-4,-16,-14,5,1,-3,-11,-32,-14,-29,-19,-25,-27,sil
1.4244732856750488,-28,-6,-15,-10,0,11,1,-4,-10,4,-20,-18,-14,-16,sil
1.4244732856750488,-11,3,-3,6,2,9,-1,8,10,21,2,-4,2,2,sil
1.440063714981079,0,7,11,11,4,0,0,12,10,14,5,0,4,2,sil
1.440063714981079,-6,8,5,9,7,10,8,4,13,11,-2,-5,1,-3,sil
1.4551050662994385,-11,-1,-13,6,14,20,21,2,22,19,0,-14,0,4,sil
1.4551050662994385,-3,-13,-1,-1,13,14,29,7,22,24,11,-4,1,22,sil
1.4714024066925049,4,-5,1,6,5,0,22,1,13,20,16,3,13,21,sil
1.4714024066925049,1,3,-1,15,-1,0,13,-2,1,17,6,-2,14,8,sil
1.4864451885223389,-5,-6,-6,0,-5,11,16,2,1,19,0,-7,1,1,sil
1.4864451885223389,-11,-21,-15,-17,-9,4,7,2,2,3,-9,-11,-6,3,sil
1.5022437572479248,-6,-15,-7,-15,-9,-10,-10,-4,-7,-24,-27,-13,-10,4,sil
1.5022437572479248,2,0,-5,-3,0,-6,-7,-9,-9,-18,-18,-4,-3,2,sil
1.5179667472839355,8,4,0,5,2,-6,-3,-6,0,6,10,9,4,0,sil
1.5179667472839355,11,4,11,11,-3,-15,-7,0,3,6,23,17,10,-2,sil
1.5334455966949463,16,4,7,6,0,-13,-5,1,2,-2,23,21,16,0,sil
1.5334455966949463,12,8,9,-1,8,-1,0,3,0,-6,22,26,11,0,sil
1.549058437347412,4,7,2,-1,4,1,-4,0,-4,-16,14,13,-2,-7,sil
1.5651092529296875,7,8,5,1,-5,-4,-15,0,-10,-25,5,-1,-12,-15,sil
1.5651092529296875,9,14,23,8,-1,-6,-18,4,-13,-16,5,0,-11,-6,sil
1.5651092529296875,0,10,13,13,7,0,-8,2,-5,0,-1,-1,-7,2,sil
1.580543041229248,-2,-4,-2,1,2,13,1,0,3,10,-20,-17,-6,3,sil
1.5961072444915771,-1,-17,-11,-14,-5,16,8,-1,11,14,-22,-24,-1,4,sil
1.5961072444915771,-7,-18,-13,-24,-9,2,15,-2,10,12,-21,-17,1,8,sil
1.5961072444915771,-3,-9,-4,-25,-9,-1,12,-1,9,10,-19,0,7,13,sil
1.6123268604278564,10,-2,1,-16,-6,-1,1,0,12,8,1,15,19,11,sil
1.6123268604278564,12,3,11,-9,-2,-3,-9,-1,5,-4,12,19,12,-1,sil
1.627429485321045,0,13,0,0,7,2,-6,-4,0,-10,6,10,-3,-14,sil
1.627429485321045,-5,14,-7,8,11,0,-8,-3,-5,-12,5,3,-4,-18,sil
1.643472671508789,-9,5,1,8,0,-12,-17,-1,-17,-29,0,1,-3,-18,sil
1.643472671508789,-13,3,-7,13,0,-3,-5,-1,-17,-33,-11,-11,-14,-14,sil
1.6590917110443115,-12,2,-9,12,10,15,9,1,-9,-9,-12,-19,-22,-9,sil
1.6741278171539309,-18,-4,-11,2,4,5,1,2,-16,6,-6,-19,-20,-16,sil
1.6741278171539309,-21,-9,-10,8,-3,-5,1,0,-18,5,-8,-16,-17,-18,sil
1.69024920463562,-8,-10,-1,13,-1,10,21,3,-4,10,-15,-8,-12,0,sil
1.69024920463562,-2,-14,-6,0,-4,15,24,6,6,24,-10,-3,3,15,sil
1.69024920463562,-5,-11,0,0,-6,-1,10,5,7,18,-4,-2,12,21,sil
1.7053875923156738,-2,-2,6,13,0,-4,5,1,5,7,-4,-1,7,19,sil
1.7053875923156738,0,-1,1,2,2,2,2,0,10,16,5,4,14,16,sil
1.721409559249878,10,-1,3,-12,-1,-1,-7,0,18,26,21,15,29,21,sil
1.721409559249878,18,4,0,-4,-2,-10,-7,-2,17,13,14,16,23,21,sil
1.739372491836548,19,9,4,0,-5,-12,-5,-2,2,-2,2,10,3,6,sil
1.739372491836548,16,9,12,-5,-4,-14,-11,0,1,-3,20,11,2,-4,sil
1.7524490356445312,18,8,10,-4,1,-13,-13,3,10,-1,41,18,10,-2,sil
1.7704799175262451,19,11,13,-4,1,-9,-7,3,8,-7,32,22,7,3,sil
1.7704799175262451,17,10,4,-7,0,-6,-3,-5,1,-12,17,16,0,0,sil
1.7704799175262451,13,10,6,-2,8,1,-6,-5,-2,-11,12,7,-1,-3,sil
1.7843153476715088,3,9,11,7,17,12,0,7,-8,-8,6,-1,-3,-2,sil
1.7994818687438965,-10,0,-3,3,8,4,2,1,-14,-9,-5,-15,-11,-8,sil
1.7994818687438965,-15,-4,-8,-4,-2,0,-1,-12,-15,-18,-17,-15,-19,-16,sil
1.815413236618042,-11,0,-7,7,1,14,0,-6,-10,-14,-23,-11,-16,-14,thankyou
1.815413236618042,-15,-4,-5,13,10,22,3,7,-2,2,-29,-19,-12,-7,thankyou
1.8325273990631104,-27,-18,-10,-6,0,10,5,2,0,6,-25,-22,-13,-8,thankyou
1.8325273990631104,-21,-14,-12,-7,-8,6,9,-4,-1,1,-12,-11,-3,-7,thankyou
1.8325273990631104,3,0,6,12,-3,14,14,1,14,10,-1,-2,13,5,thankyou
1.8471271991729736,7,-9,0,7,-1,12,18,1,27,21,-3,-8,12,9,thankyou
1.8623285293579104,-6,-22,-11,-15,-12,0,10,-3,4,8,-20,-13,-10,0,thankyou
1.8623285293579104,-6,-5,-9,-8,-10,-3,0,0,-10,-3,-23,-8,-16,0,thankyou
1.878450870513916,6,10,1,11,0,-6,0,-2,-2,-6,-5,5,2,11,thankyou
1.878450870513916,12,2,14,0,-2,-20,-6,-9,-9,-4,6,18,13,8,thankyou
1.893982410430908,1,-6,0,-16,-8,-26,-16,-4,-14,3,6,16,10,0,thankyou
1.894981861114502,-11,-2,-15,-25,-4,-18,-15,4,-3,-4,0,7,0,-8,thankyou
1.894981861114502,-8,0,-7,-21,0,-13,-11,4,-3,-21,-4,2,-9,-11,thankyou
1.9120221138000488,5,4,4,-4,0,-11,-12,2,-8,-20,3,9,0,-8,thankyou
1.9120221138000488,14,16,19,8,5,-3,-6,5,-1,-8,16,20,13,3,thankyou
1.9250409603118896,18,23,16,13,9,3,0,2,12,10,23,13,18,16,thankyou
1.9404940605163568,10,11,8,16,5,7,-1,1,16,28,27,3,13,17,thankyou
1.9404940605163568,-5,0,-6,15,4,10,0,0,8,27,21,4,7,5,thankyou
1.956503868103028,-8,4,-8,13,5,10,4,0,0,14,3,-3,0,-4,thankyou
1.956503868103028,-3,3,6,9,0,14,9,3,-6,5,-7,-20,-14,-11,thankyou
1.9724054336547847,-9,-8,-8,4,0,16,11,1,-8,6,-7,-25,-17,-16,thankyou
1.9724054336547847,-10,-10,-11,2,0,8,9,-2,0,5,-9,-18,-14,-5,thankyou
1.9882051944732664,0,-9,0,4,-3,0,14,0,18,-4,-10,-13,-7,11,thankyou
1.9882051944732664,8,-13,-4,0,-5,-5,16,0,28,-8,0,-2,1,16,thankyou
2.0094690322875977,1,-9,3,-16,-14,-11,-2,0,19,-6,0,6,3,7,thankyou
2.010469913482666,-7,-7,-3,-22,-16,-14,-11,-6,3,-8,-3,0,2,-2,thankyou
2.010469913482666,6,-1,3,-12,0,-10,-10,-1,-17,-17,4,12,8,-4,thankyou
2.0189754962921143,26,15,15,9,12,0,-13,5,-32,-14,22,33,12,1,thankyou
2.034390687942505,13,18,2,25,11,4,-3,-4,-29,-2,21,17,3,5,thankyou
2.034390687942505,-3,5,7,13,8,5,10,-9,-28,-7,-1,-8,-8,5,thankyou
2.0503640174865723,-4,-5,-3,0,9,6,11,-2,-18,-8,-22,-16,-14,-1,thankyou
2.0503640174865723,-9,-7,-9,0,10,9,11,1,1,0,-24,-14,-11,-7,thankyou
2.0660929679870605,-17,0,-1,-2,9,8,14,0,12,7,-17,-8,-1,-3,thankyou
2.0660929679870605,-10,-4,-7,-17,0,-1,-1,0,15,12,-1,-1,13,-3,thankyou
2.080988645553589,0,-8,2,-27,-14,-7,-25,3,7,1,4,10,13,-7,thankyou
2.080988645553589,4,4,-1,-13,-13,-9,-30,0,1,-12,1,16,1,-10,thankyou
2.0963289737701416,7,16,6,-6,-7,-14,-27,-1,-2,-15,-1,10,-3,-10,thankyou
2.0963289737701416,3,14,21,-7,-6,-12,-25,1,0,-4,8,8,1,-8,thankyou
2.112171173095703,1,19,4,22,10,-1,-8,0,16,13,25,11,10,5,thankyou
2.112171173095703,8,23,15,43,19,9,4,3,18,22,22,11,10,20,thankyou
2.127448081970215,-2,0,-4,14,0,11,10,1,0,12,0,-9,-4,11,thankyou
2.1278321743011475,-20,-29,-28,-17,-14,10,21,1,-6,-1,-22,-30,-17,-3,thankyou
2.1434152126312256,-18,-30,-12,-13,-5,18,29,7,9,5,-29,-26,-17,-5,thankyou
2.1434152126312256,-13,-20,-21,4,0,12,29,0,17,21,-23,-27,-13,-6,thankyou
2.1584722995758057,-7,-8,-1,1,-3,0,23,-4,6,7,-13,-22,-13,0,thankyou
2.1584722995758057,2,-1,8,-3,0,3,20,-3,11,-4,-3,-2,-3,12,thankyou
2.174001455307007,3,-7,-12,-4,0,-4,5,-3,9,4,-3,2,9,3,thankyou
2.174001455307007,0,-12,6,-18,-11,-19,-15,0,-10,2,-6,4,7,-4,thankyou
2.189155340194702,0,-7,-2,-19,-13,-15,-6,-4,-11,-10,6,9,7,1,thankyou
2.189155340194702,17,4,3,0,-6,-6,3,-3,-3,-9,19,22,18,12,thankyou
2.2047455310821533,33,24,31,12,6,-2,-5,6,-3,1,22,32,24,21,thankyou
2.2047455310821533,32,23,7,10,15,-4,-11,6,4,0,25,29,20,13,thankyou
2.220011711120605,23,16,18,0,4,-8,-11,3,1,-16,27,27,8,0,thankyou
2.220011711120605,7,14,27,5,-1,-4,-13,1,-13,-15,18,15,-1,-9,thankyou
2.237262010574341,-4,8,-31,15,7,-3,-13,-8,-16,-1,11,-11,-6,-15,thankyou
2.237262010574341,-9,3,-20,4,7,-3,-20,-5,-23,-8,1,-16,-15,-17,thankyou
2.251398801803589,-13,2,12,-5,6,2,-26,0,-35,-22,-7,-5,-19,-17,thankyou
2.251398801803589,-12,-2,-14,11,8,2,-16,-3,-29,-19,-2,-4,-5,-10,thankyou
3.620026826858521,-3,8,-4,-1,0,13,3,0,19,21,-4,-13,-8,-2,thankyou
3.621026515960693,-6,0,-10,-5,-4,8,12,-4,5,14,-8,-17,-10,-9,thankyou
3.635202884674072,6,1,4,7,1,15,24,-4,3,12,7,-3,5,4,thankyou
3.635202884674072,8,2,6,13,7,17,19,-6,-4,0,6,-1,4,9,thankyou
3.650862693786621,-1,-4,4,6,1,6,5,-4,-16,-16,-20,-13,-15,-5,thankyou
3.650862693786621,-5,-12,-7,4,-2,5,3,0,2,-8,-29,-19,-18,-10,thankyou
3.6663899421691895,-4,-17,-13,-3,-9,0,-1,2,24,1,-14,-12,-6,-4,thankyou
3.6663899421691895,-4,-14,-2,-15,-17,-17,-17,0,28,-2,-5,-10,-3,-3,thankyou
3.681993007659912,0,-4,0,-3,-12,-22,-15,2,31,0,1,-7,0,0,thankyou
3.681993007659912,11,2,12,7,-2,-10,-1,12,31,8,10,15,10,11,thankyou
3.6971395015716553,13,-1,6,-2,0,-8,1,2,11,0,8,18,7,9,thankyou
3.6971395015716553,1,-6,-10,-15,1,-12,-4,-8,-19,-15,2,-2,-3,-3,thankyou
3.712415218353272,-11,-6,-5,-16,4,-5,-7,0,-25,-13,5,-1,-3,-13,thankyou
3.712415218353272,-14,-7,-9,-18,0,-2,-2,4,-12,-3,1,-1,-3,-16,thankyou
3.728055953979492,-5,-2,0,-18,-5,0,0,-2,-23,-13,-7,-11,-11,-14,thankyou
3.728055953979492,-1,5,5,0,5,5,4,-4,-33,-19,0,-7,-3,-6,thankyou
3.74414324760437,-2,12,0,16,13,0,1,-1,-24,-7,11,-1,2,1,thankyou
3.74414324760437,-8,14,4,15,3,-2,-9,1,-36,-7,1,-3,-5,0,thankyou
3.7593095302581774,-15,7,0,12,-1,8,-7,-1,-51,-8,-15,-8,-8,-3,thankyou
3.7593095302581774,-6,3,2,14,1,11,9,-2,-38,15,-13,-1,0,7,thankyou
3.775404691696167,8,3,6,14,6,11,17,0,-34,24,0,4,5,23,thankyou
3.775404691696167,8,-5,-2,3,2,13,10,1,-45,7,-1,0,7,19,thankyou
3.790994644165039,5,-14,0,-9,-6,11,5,2,-26,13,-4,-1,14,9,thankyou
3.790994644165039,9,-12,-6,-4,-6,2,3,0,10,28,4,3,20,11,thankyou
3.8066494464874254,14,-7,-1,1,-5,-3,-1,0,26,5,0,8,13,12,thankyou
3.8066494464874254,15,-1,4,-5,-6,-6,-4,0,31,-3,-2,12,6,3,thankyou
3.822111129760742,9,1,0,-5,0,-7,-7,-2,36,3,17,11,9,-5,thankyou
3.822111129760742,0,4,3,1,4,-5,-12,-1,29,-14,22,8,6,-10,thankyou
3.8374006748199454,-4,3,-4,-1,0,-8,-2,-2,18,-19,9,4,-1,-14,thankyou
3.8377745151519775,-6,1,-1,-16,0,-13,-1,-4,9,-8,-1,1,-14,-21,thankyou
3.852900266647339,-7,3,1,-17,0,-10,-14,-1,19,-19,-9,-3,-21,-21,thankyou
3.852900266647339,-8,10,-6,0,0,-9,-11,1,59,-13,-1,-5,-14,-10,thankyou
3.8686447143554688,-10,12,3,15,4,-2,-1,5,95,4,11,0,-10,-7,thankyou
3.8686447143554688,-10,4,-3,10,5,4,-5,5,88,0,0,-4,-14,-12,thankyou
3.8843159675598153,-5,1,-1,0,0,5,0,3,104,-3,-19,-10,-13,-4,thankyou
3.8843159675598153,5,8,17,8,8,14,20,1,167,15,-3,1,2,14,thankyou
3.899444341659546,11,3,3,15,14,21,20,1,110,29,13,6,20,23,thankyou
3.899444341659546,1,-9,-6,1,4,12,12,6,-90,18,-3,-2,14,16,thankyou
3.915004014968872,-9,-9,0,0,-3,6,16,1,-194,5,-14,-10,-1,7,thankyou
3.915004014968872,-3,-6,5,2,-9,7,14,-4,-151,2,-5,-5,-6,12,thankyou
3.9303479194641113,1,-10,-1,-6,-17,0,1,-3,-121,1,-4,1,0,15,thankyou
3.9303479194641113,-2,-12,-16,-10,-13,-7,-2,0,-105,-1,-8,-3,0,3,thankyou
3.9463956356048575,0,-9,2,-9,-6,-5,-5,4,-50,5,-10,-4,-2,0,thankyou
3.9463956356048575,9,-2,7,-7,-3,-4,-8,2,-6,19,-2,4,12,6,thankyou
3.96200442314148,12,5,0,0,-1,-10,-12,-2,-4,8,12,15,23,0,thankyou
3.96200442314148,10,9,4,-2,-2,-12,-13,-1,-9,-16,16,18,10,-10,thankyou
3.977084159851074,8,10,3,-5,0,-13,-8,-1,-10,-21,7,5,-3,-11,thankyou
3.977084159851074,8,17,11,6,7,-12,-11,-4,-19,-14,6,-3,-6,-8,thankyou
3.992677688598633,2,11,0,18,8,-7,-13,-12,-23,-18,12,-2,-1,-11,thankyou
3.992677688598633,-5,-5,-13,8,6,-4,-10,-14,-13,-36,7,0,-7,-15,thankyou
4.016416549682617,-5,-3,0,5,14,4,-5,-1,6,-28,-3,1,-16,-8,thankyou
4.016416549682617,-9,0,-3,4,11,11,3,8,31,2,-5,-2,-11,-2,thankyou
4.016416549682617,-20,-11,-7,-10,-9,8,13,4,37,4,-8,-15,-8,-7,thankyou
4.023568630218506,-19,-20,-4,-10,-12,9,17,0,31,-12,-11,-20,-14,-5,thankyou
4.039035081863403,-5,-14,-3,0,-2,13,12,1,37,0,-9,-9,-9,5,sil
4.054998159408569,0,-4,-1,-1,-3,13,12,2,40,20,-6,-3,0,5,sil
4.054998159408569,-6,0,-8,-1,-1,13,18,0,33,17,-7,-12,0,0,sil
4.054998159408569,-7,-3,0,0,3,5,10,0,35,11,-15,-11,-1,2,sil
4.070620536804199,-5,-8,-3,-15,-1,-9,-11,1,40,11,-18,-8,1,0,sil
4.070620536804199,1,0,-14,-15,-4,-12,-15,2,38,11,-4,-1,16,2,sil
4.086163520812988,20,11,5,4,4,0,-2,5,34,14,20,21,29,19,sil
4.086163520812988,24,11,11,6,5,-4,0,1,21,18,29,30,29,23,sil
4.102417469024658,19,10,11,-6,-2,-21,-2,1,3,12,25,28,24,11,sil
4.102417469024658,27,21,19,1,2,-17,0,5,2,5,39,41,29,11,sil
4.117451429367065,24,25,10,18,7,-5,-5,1,-3,-3,40,38,19,10,sil
4.117451429367065,-2,17,3,10,-1,0,-20,-4,-27,-12,3,7,-12,-7,sil
4.13212513923645,-19,8,-3,2,0,4,-12,-2,-33,-10,-15,-20,-27,-21,sil
4.149308919906616,-10,1,4,5,9,9,1,2,-32,-15,-14,-23,-27,-17,sil
4.150307655334473,-14,-8,2,5,3,9,8,-1,-37,-14,-20,-15,-27,-14,sil
4.150307655334473,-29,-19,-14,0,-3,9,6,-7,-32,0,-27,-18,-22,-15,sil
4.164695501327515,-25,-20,-5,0,-5,13,1,-1,-21,1,-28,-20,-18,-3,sil
4.164695501327515,-6,-12,-1,11,-5,16,4,2,-10,1,-16,-8,-9,9,sil
4.180302381515503,9,-4,1,18,4,15,13,0,2,19,8,6,9,14,sil
4.180302381515503,12,0,7,10,13,1,11,-1,4,20,6,1,14,15,sil
4.196384429931641,2,-4,-8,-4,0,-14,2,-5,-10,-3,-15,-13,0,7,sil
4.196384429931641,0,-10,-4,-16,-11,-9,3,-1,-21,-18,-7,-5,-7,-3,sil
4.210378885269165,3,-8,-2,-14,-5,0,7,-1,-14,-12,4,3,2,-8,sil
4.2262351512908936,2,-1,-4,-5,-2,-7,-1,-6,-8,-6,-4,0,5,-5,sil
4.2262351512908936,6,-1,0,-8,-10,-14,-13,-1,-5,-2,2,5,5,1,sil
4.241398811340332,5,-3,-8,-17,-11,-10,-14,4,6,0,20,7,11,0,sil
4.241398811340332,-3,0,-5,-22,-7,-8,-16,0,5,-16,7,-2,3,-12,sil
4.257102489471436,-8,0,-1,-28,-10,-13,-14,0,5,-20,-7,-7,-3,-14,sil
4.257102489471436,3,-1,0,-31,-8,-15,-6,5,18,0,0,1,7,2,sil
4.272984027862549,18,14,8,-12,5,0,1,6,16,4,21,13,17,13,sil
4.272984027862549,14,22,4,19,15,9,1,-2,-1,-8,27,8,7,2,sil
4.288381338119507,-1,11,7,28,2,1,-11,-3,-10,-16,-4,-4,-15,-6,sil
4.288381338119507,-9,6,4,25,1,6,-6,1,-4,-9,-26,-18,-27,-6,sil
4.304171323776245,-9,5,-2,24,17,22,20,2,8,11,-10,-18,-19,-7,sil
4.304171323776245,-15,-2,0,27,19,21,29,3,22,30,4,-9,-4,-5,sil
4.320276975631714,-13,-8,-9,25,7,13,19,3,31,31,3,-3,4,8,sil
4.320276975631714,-3,-13,-3,1,0,12,16,3,34,29,-6,1,7,18,sil
4.335418939590454,-11,-27,-6,-24,-6,5,6,0,26,19,-19,-2,0,2,sil
4.335418939590454,-14,-25,-11,-23,-5,-6,-8,-4,11,-2,-11,-4,0,-4,sil
4.35092568397522,10,3,10,-9,2,-9,-4,-1,1,-7,11,21,17,9,sil
4.35092568397522,30,23,9,0,1,-12,-4,-1,-4,-1,22,39,25,7,sil
4.366464376449585,24,24,13,10,-3,-13,-20,-3,-13,-7,21,32,13,-5,sil
4.366464376449585,17,23,20,19,1,-6,-20,-1,-13,-5,28,29,13,6,sil
4.381992101669312,12,19,9,18,5,-3,-3,4,-12,6,24,22,11,16,sil
4.381992101669312,0,8,3,9,0,2,9,3,-23,0,-1,1,-7,0,sil
4.398013591766357,-17,-4,-8,2,0,10,15,-2,-20,-4,-17,-20,-17,-8,sil
4.398013591766357,-16,-16,-6,-7,0,9,12,4,-2,3,-15,-19,-12,3,sil
4.413375616073608,-10,-19,-5,-16,-4,5,6,9,12,8,-16,-15,-4,4,sil
4.413375616073608,-11,-18,-18,-26,-9,-6,-1,-3,9,-5,-21,-27,-2,-11,sil
4.429034471511841,-7,-18,-8,-34,-19,-21,-18,-12,-6,-24,-16,-22,-8,-16,sil
4.429034471511841,2,-4,-3,-19,-11,-15,-16,-5,-14,-23,-1,-4,-10,-10,sil
4.44465708732605,4,13,3,0,9,-3,-7,0,-19,-16,9,0,-9,-10,sil
4.44465708732605,-5,15,11,10,15,0,-11,-1,-19,-14,9,-1,-8,-10,sil
4.460653781890869,-6,8,2,18,8,0,-8,0,-9,-11,0,0,-5,-3,sil
4.460653781890869,2,1,2,13,1,7,9,5,-1,-2,-10,-2,-2,3,sil
4.47625732421875,9,-8,0,2,-6,15,19,3,3,13,-7,-6,1,10,sil
4.47625732421875,7,-11,-5,1,-9,13,13,0,8,24,-4,0,10,15,sil
4.492257833480835,3,-6,-6,2,-5,9,8,-1,7,18,-9,2,11,11,sil
4.492257833480835,7,-7,-8,1,0,7,7,-4,10,9,-7,2,11,3,sil
4.507524251937866,11,-3,2,-1,0,1,0,-3,11,4,5,11,14,3,sil
4.507524251937866,5,4,-2,-5,0,-11,-6,0,2,0,18,15,9,3,sil
4.523351192474365,3,8,2,-3,-5,-18,-3,0,-6,-6,19,11,-2,-1,sil
4.523351192474365,0,2,10,-6,-5,-9,-4,-3,-14,-22,12,7,-10,-15,sil
4.538479804992676,-12,-8,-12,-15,-2,-8,-16,-5,-21,-27,0,-2,-12,-23,sil
4.538479804992676,-9,1,0,0,1,-4,-15,6,-16,-11,0,0,-11,-9,sil
4.553796291351318,-3,22,14,30,16,7,5,12,5,14,9,5,-2,3,sil
4.553796291351318,-13,12,-1,24,24,17,20,6,19,22,3,-7,2,0,sil
4.569345474243164,-13,-3,-5,3,15,22,23,6,24,27,-12,-13,1,4,sil
4.569345474243164,0,0,-5,8,4,12,22,2,32,33,-9,-8,1,17,sil
4.5849997997283936,0,0,-3,5,-6,-3,6,-3,27,15,-11,-8,0,14,sil
4.5849997997283936,-4,-10,-5,-11,-9,-4,-1,-2,18,3,-14,-16,5,5,sil
4.600985765457153,6,-3,0,-12,0,0,-1,1,20,8,0,-5,17,10,sil
4.600985765457153,17,7,7,-4,2,-3,-11,0,22,-2,11,9,14,12,sil
4.616509914398193,6,0,-3,-12,-6,-13,-24,-3,11,-15,8,3,2,-3,sil
4.616509914398193,-3,-9,3,-22,-13,-20,-23,1,-3,-10,7,3,0,-12,sil
4.632641077041626,0,-3,11,-12,-4,-13,-18,2,-13,-11,11,13,-3,-8,sil
4.632641077041626,1,7,4,-1,1,-6,-12,-8,-30,-26,7,6,-15,-14,sil
4.64870285987854,-2,9,8,0,0,-3,-5,-7,-46,-33,0,0,-22,-22,sil
4.64870285987854,-2,5,4,6,3,0,3,0,-31,-18,0,8,-8,-15,sil
4.664426803588867,3,6,6,8,2,4,9,-1,-9,-2,4,11,4,-4,sil
4.664426803588867,-2,1,1,0,-5,11,6,-3,-14,-3,-2,1,-5,-2,sil
4.680089473724365,-17,-13,-11,-4,-10,11,-2,1,-31,-10,-26,-13,-22,-6,sil
4.680089473724365,-10,-14,0,5,-4,10,2,0,-24,-3,-34,-12,-14,3,sil
4.696127653121948,11,-1,3,24,4,8,22,0,5,22,-11,4,10,24,sil
4.696127653121948,13,0,2,21,4,8,28,8,23,35,2,10,16,28,sil
4.711229562759399,0,-3,-2,6,2,13,14,8,23,29,-1,-2,13,14,sil
4.711229562759399,4,-2,-12,2,4,3,3,0,19,24,6,-3,16,9,sil
4.727132081985474,17,1,5,4,-1,-11,5,1,16,27,23,18,19,18,sil
4.727132081985474,15,3,5,1,-8,-10,13,3,17,20,33,25,27,17,sil
4.742287874221802,11,4,2,-4,0,-4,6,1,8,-8,27,18,28,6,sil
4.742287874221802,8,0,-2,-15,1,-13,-14,-1,-14,-32,11,3,7,-6,sil
4.757622718811035,-4,-4,-21,-20,-11,-22,-27,-10,-31,-29,-2,-13,-9,-21,sil
4.757622718811035,-14,5,-8,-7,-6,-1,-18,-6,-25,-15,1,-9,-7,-18,sil
4.773398160934448,-8,12,4,7,14,16,-6,2,-13,-4,13,-1,0,-8,sil
4.773398160934448,-4,4,4,7,12,3,-9,0,-15,-6,-8,-16,-12,-11,sil
4.789147615432739,-12,0,0,4,-1,-1,-7,-1,-16,-9,-47,-34,-35,-16,sil
4.789147615432739,-17,-5,-13,-1,5,12,7,3,0,0,-44,-40,-36,-9,sil
4.80475664138794,-20,-12,-12,-12,12,18,12,5,17,2,-27,-32,-25,-8,sil
4.80475664138794,-16,-13,-13,-12,1,0,1,-1,27,0,-31,-24,-22,-13,sil
4.820407152175903,-4,-7,-6,-6,-7,-16,-10,-2,42,2,-25,-14,-12,-2,sil
4.820407152175903,-2,-3,2,-9,-4,-9,-14,-1,43,1,0,3,0,4,sil
4.836032867431641,-3,0,-5,-13,-1,0,-4,-5,37,-1,15,16,5,0,sil
4.8519439697265625,11,5,7,-20,-9,-7,0,0,48,0,28,28,13,7,sil
4.8519439697265625,18,10,20,-7,-6,-9,-3,0,39,0,41,35,22,11,sil
4.8519439697265625,9,11,21,11,8,0,-3,0,-16,-6,38,30,14,0,sil
4.867133378982544,11,13,21,15,13,6,1,1,-52,-4,29,25,8,0,sil
4.867133378982544,13,11,5,17,3,0,4,-1,-40,1,18,10,8,6,sil
4.88275146484375,-2,5,5,23,0,-1,1,0,-38,3,0,-5,2,5,sil
4.88275146484375,-13,0,3,20,1,10,3,10,-36,13,1,-1,8,5,sil
4.898375034332275,-3,-1,-2,17,-5,18,7,4,-18,19,5,8,11,11,sil
4.898375034332275,6,0,5,19,-1,15,18,-1,-12,14,-9,4,3,12,sil
4.913402318954468,5,-3,2,15,7,9,35,1,-4,16,-11,-4,6,10,sil
4.913402318954468,0,-9,-3,3,-1,7,30,1,9,11,-11,-9,0,5,sil
4.92951250076294,-12,-16,-19,-11,-14,1,8,-5,2,-11,-32,-22,-24,-12,sil
4.92951250076294,-14,-21,-27,-27,-16,-11,-1,-2,-3,-22,-36,-23,-24,-19,sil
4.94610857963562,6,-5,1,-19,-9,-9,1,7,22,1,-7,3,5,3,sil
4.94610857963562,25,6,5,0,3,-1,-1,3,51,23,10,16,24,18,sil
4.9604010581970215,19,0,0,-5,8,-9,-8,-1,33,6,2,8,11,12,sil
4.9604010581970215,13,0,-2,-18,-2,-17,-18,-4,-1,-19,1,11,1,10,sil
4.976274728775024,16,0,-4,-18,-8,-21,-30,-4,-8,-13,21,18,13,8,sil
4.992868900299072,9,1,6,-17,-1,-17,-34,0,0,-2,25,12,15,-2,sil
4.992868900299072,-7,7,4,0,9,-2,-18,-2,-1,-11,7,-5,0,-15,sil
4.993869066238403,-8,9,6,11,10,5,-8,-10,-21,-19,-3,-9,-14,-19,sil
5.0083770751953125,-1,8,7,2,7,0,-12,-5,-26,-10,5,-1,-7,-13,sil
5.0083770751953125,-6,3,-7,-2,3,-7,-14,0,-19,-4,8,-4,-3,-14,sil
5.0244200229644775,-16,-3,-2,4,-2,0,-6,0,-28,-11,-5,-13,-13,-22,sil
5.0244200229644775,-11,-6,2,11,-7,7,1,0,-31,-11,-12,-18,-15,-16,sil
5.040001392364502,-6,0,0,7,-4,8,4,3,-12,-5,-9,-13,-12,-2,sil
5.040001392364502,-19,0,-11,0,0,13,7,6,-1,4,-8,-10,-12,-2,sil
5.055460214614868,-26,-7,-22,-4,3,18,17,4,-2,6,-9,-15,-10,-3,sil
5.056459665298462,-11,0,3,5,7,19,26,4,-3,1,-9,-6,-9,2,sil
5.0690083503723145,0,8,9,19,10,12,23,0,-12,5,-8,1,-14,0,sil
5.084564447402954,-1,1,0,11,4,2,10,-1,-15,7,-6,0,-12,0,sil
5.084564447402954,-3,-5,2,-3,0,3,5,0,1,3,0,0,-2,5,sil
5.0997045040130615,0,-3,-1,-3,0,5,10,-2,19,11,1,1,7,9,sil
5.0997045040130615,7,6,8,7,-5,-1,10,0,28,20,0,1,10,11,sil
5.11640191078186,10,10,4,10,-3,-6,8,1,42,17,4,5,16,20,sil
5.11640191078186,0,-2,-4,1,6,-2,5,1,49,16,10,11,26,25,sil
5.132125854492188,1,-13,1,-4,6,3,1,0,50,23,7,15,26,18,sil
5.132125854492188,14,-9,-2,-1,-1,0,2,1,57,26,1,9,14,9,sil
5.147341966629028,17,1,4,-2,-5,-4,-2,0,46,5,0,2,7,2,sil
5.147341966629028,15,7,4,0,0,-4,-12,-1,43,-10,8,5,11,0,sil
5.163151502609253,23,2,-2,-1,9,-8,-8,2,66,-7,17,13,14,6,sil
5.163151502609253,16,0,3,-14,2,-14,-6,2,41,-9,12,13,3,8,sil
5.178706169128418,-8,-6,-6,-23,-15,-21,-21,-7,-55,-22,-5,-6,-15,-17,sil
5.178706169128418,-12,-7,-4,-19,-21,-14,-25,-6,-111,-27,-16,-9,-23,-26,sil
5.194332599639893,5,6,8,-6,-9,0,-1,1,-73,-11,4,9,0,0,sil
5.194332599639893,11,13,13,2,0,3,6,0,-41,6,22,13,15,13,sil
5.209555864334106,0,8,15,2,2,3,-6,-1,-48,8,5,3,4,-1,sil
5.209555864334106,-5,0,1,-1,-2,0,-5,-2,-45,-3,-5,-3,-9,-12,sil
5.22541069984436,-2,0,-2,-6,-11,-10,0,-5,-39,-21,-1,-2,-17,-11,sil
5.22541069984436,-1,-1,-9,-5,-10,-6,-1,0,-37,-24,-1,-4,-14,-9,sil
5.2404069900512695,-1,-6,-15,1,-1,0,-7,1,-20,-15,-8,-9,-9,-11,sil
5.2404069900512695,-7,-7,-4,1,3,-5,-14,-3,-7,-20,-15,-14,-16,-20,sil
5.256251573562622,-16,-1,-8,1,6,-2,-10,-5,-4,-25,-12,-18,-18,-14,sil
5.256251573562622,-15,2,-1,10,7,6,2,4,5,-9,-4,-8,-3,3,sil
5.271689176559448,-8,-1,0,18,6,8,11,8,21,15,0,-1,9,6,sil
5.271689176559448,-5,-4,-8,19,7,12,15,5,33,27,2,-7,9,0,sil
5.287407875061035,-8,-1,3,14,6,20,14,6,31,16,-1,-7,-1,-1,sil
5.287407875061035,-9,-3,3,11,7,11,10,5,26,8,-6,-2,-7,-4,sil
5.3024516105651855,-1,-3,1,5,7,5,13,0,21,12,-4,2,0,0,sil
5.3024516105651855,-4,2,0,-2,3,11,14,-5,8,9,1,8,4,3,sil
5.318085432052612,-12,4,-8,-1,0,7,3,-7,-6,0,2,9,0,4,sil
5.318085432052612,1,10,1,3,3,0,-5,-2,3,7,0,14,5,14,sil
5.333142995834351,15,12,4,5,9,2,-1,-3,27,24,11,12,19,18,sil
5.333142995834351,10,1,4,1,8,8,5,0,30,29,18,3,20,14,sil
5.349323987960815,4,-4,1,-1,6,13,6,8,22,27,6,-2,6,13,sil
5.349323987960815,1,-6,-10,-9,-3,0,-2,3,11,6,-12,-13,-8,3,sil
5.364346265792847,6,-3,3,-15,-13,-14,-11,-1,1,-20,-17,-16,-12,-5,sil
5.364346265792847,15,0,8,-6,-4,-10,0,3,4,-11,-4,-6,-3,0,sil
5.380115985870361,9,-1,5,0,0,-11,2,4,4,6,0,3,-1,2,sil
5.380115985870361,5,-1,8,-4,-13,-11,0,-2,-1,0,-5,4,1,2,sil
5.395146131515503,11,1,0,-7,-10,-3,6,-6,0,-2,-2,4,11,8,sil
5.395146131515503,9,3,2,-7,0,-2,11,0,-1,0,8,10,11,5,sil
5.4106504917144775,2,1,0,0,0,-9,3,0,-3,-9,5,5,9,-2,sil
5.4106504917144775,4,2,-3,4,-2,-9,-3,0,-2,-19,-1,0,7,0,sil
5.42699122428894,4,4,9,-3,0,-6,-7,-2,-5,-15,11,9,0,0,sil
5.442375659942627,-1,-1,0,-8,0,-12,-9,-7,-8,-6,21,10,1,-11,sil
5.442375659942627,-5,-12,-7,-15,-10,-16,-20,-2,-20,-17,3,3,-1,-14,sil
5.442375659942627,-10,-14,-11,-17,-19,-14,-29,-2,-29,-21,0,6,-9,-10,sil
5.457874059677124,-9,-1,-3,-12,-13,-7,-22,-3,-23,-12,12,9,-7,-7,sil
5.458456993103027,-1,6,8,-7,-6,6,-6,6,-18,-7,11,6,-3,-5,sil
5.4739837646484375,-4,3,-1,-1,0,15,1,4,-22,-6,0,-4,-9,-9,sil
5.489036321640015,-9,9,1,16,12,16,0,-4,-27,-8,-9,-11,-18,-12,sil
5.489036321640015,-4,12,0,34,15,13,3,0,-21,-5,-14,-15,-18,-9,sil
5.489036321640015,-9,1,-7,30,10,12,9,5,-8,7,-19,-21,-15,-4,sil
5.505052804946899,-20,-7,-1,16,7,16,14,4,4,17,-34,-28,-16,-3,sil
5.505052804946899,-16,-13,-12,3,2,8,17,0,21,17,-38,-28,-9,-3,sil
5.520208597183228,-7,-19,-9,-7,0,0,17,3,37,22,-13,-6,10,9,sil
5.520208597183228,-1,-10,-3,-6,1,1,10,4,36,22,14,12,23,23,sil
5.536319255828857,15,13,3,7,7,-2,-1,-2,20,16,26,20,26,18,sil
5.536319255828857,29,24,18,9,9,-11,-6,-3,9,11,33,30,26,13,sil
5.551523447036743,13,8,4,-5,3,-12,-3,2,7,-1,22,20,14,3,thankyou
5.551523447036743,-1,0,0,-15,-2,-5,-3,2,3,-17,-1,0,-8,-11,thankyou
5.567516565322876,3,13,7,-3,7,9,0,-4,5,-9,0,3,-9,-6,thankyou
5.567516565322876,7,16,2,10,16,17,5,-5,-1,3,13,6,0,6,thankyou
5.583112955093384,-5,0,4,10,0,12,-2,-2,-30,-6,-8,-13,-17,-1,thankyou
5.583112955093384,-13,-8,0,12,-9,7,0,0,-30,-9,-26,-28,-24,-9,thankyou
5.600008487701416,-1,-7,0,7,-6,6,14,4,7,7,-9,-11,0,3,thankyou
5.600008487701416,2,-11,-1,-3,-9,0,13,4,26,21,1,2,15,12,thankyou
5.615033864974976,0,-15,-9,-4,-9,-7,4,0,17,16,-3,-6,5,4,thankyou
5.631410598754883,10,-3,3,2,2,-3,7,4,16,9,0,2,3,7,thankyou
5.631410598754883,16,2,2,1,5,-3,3,2,17,9,11,21,15,13,thankyou
5.631410598754883,7,-3,-1,-6,-9,-16,-14,-2,1,-4,5,16,12,6,thankyou
5.647158145904541,3,-6,-3,-12,-14,-15,-15,-2,-5,-15,0,2,6,0,thankyou
5.647158145904541,6,0,-10,-13,-5,-6,-8,-6,0,-6,4,0,11,5,thankyou
5.662383079528809,1,0,0,-19,-9,-6,-11,-6,-3,-5,2,3,5,0,thankyou
5.663382530212402,-9,-8,-4,-31,-13,-3,-6,0,-9,-14,0,0,-7,-13,thankyou
5.679036617279053,-12,-6,-5,-27,-4,0,-1,1,-12,-23,0,-3,-15,-19,thankyou
5.692574739456177,-7,2,4,-13,0,-6,-11,-1,-13,-27,-6,-2,-16,-18,thankyou
5.692574739456177,-9,0,-2,-17,-4,-15,-16,0,-10,-8,-10,-6,-9,-15,thankyou
5.692574739456177,-11,-1,3,-27,-2,-11,-11,7,-16,0,0,-2,-1,-9,thankyou
5.710418939590454,-5,12,6,-5,5,-6,-12,0,-17,-14,10,2,-4,-11,thankyou
5.710418939590454,2,23,7,26,12,-3,-11,-2,-2,-8,7,1,-5,-13,thankyou
5.724989414215088,7,26,17,42,20,14,2,1,8,21,11,5,5,3,thankyou
5.739515542984009,10,25,7,49,27,25,19,-1,3,24,15,12,14,19,thankyou
5.739515542984009,8,16,6,41,19,18,23,-3,-6,0,-2,9,3,9,thankyou
5.754924297332764,0,3,0,33,6,14,17,0,-16,-3,-12,-3,-6,0,thankyou
5.754924297332764,0,-4,-6,32,4,15,15,3,-18,8,-3,-8,-6,7,thankyou
5.770713806152344,1,-6,2,24,6,12,17,5,3,10,-1,-3,-2,7,thankyou
5.770713806152344,-9,-14,-5,4,-4,9,15,3,30,14,-10,-13,1,1,thankyou
5.786296606063843,-22,-28,-15,-14,-18,11,6,0,30,20,-20,-25,-5,2,thankyou
5.786296606063843,-22,-30,-23,-20,-17,1,-4,-2,7,6,-23,-27,-18,-4,thankyou
5.801745176315308,-15,-23,-20,-28,-14,-11,-7,-8,-8,-12,-16,-19,-12,-8,thankyou
5.801745176315308,0,-11,2,-29,-6,-6,6,-2,-7,0,-5,-1,4,4,thankyou
5.8171916007995605,11,0,4,-6,7,-1,9,0,-1,14,0,7,10,7,thankyou
5.8171916007995605,7,8,6,3,5,-10,-11,0,2,1,0,4,5,0,thankyou
5.833415269851685,4,4,5,-13,-2,-8,-16,-1,11,-8,1,8,7,0,thankyou
5.833415269851685,5,0,-4,-19,-2,-6,-6,0,12,0,6,11,11,1,thankyou
5.851872444152832,3,0,-2,-15,-9,-10,-11,0,8,1,9,7,7,0,thankyou
5.851872444152832,6,0,-5,-12,-13,-8,-9,2,23,1,16,8,9,5,thankyou
5.851872444152832,20,4,6,-7,0,-1,7,7,27,13,28,20,16,15,thankyou
5.86633825302124,22,15,13,-3,11,-5,12,5,10,12,30,30,18,12,thankyou
5.882360219955444,10,11,5,-7,0,-14,-1,0,-5,-14,17,21,7,0,thankyou
5.882360219955444,1,5,11,-5,-10,-7,-20,-1,-15,-27,3,9,-5,-1,thankyou
5.897976636886597,0,6,3,4,-1,0,-31,0,-16,0,2,5,0,0,thankyou
5.897976636886597,5,10,9,9,4,-3,-28,0,-16,0,3,9,0,-2,thankyou
5.897976636886597,6,15,14,15,1,-2,-9,-6,-24,-30,1,8,-15,-5,thankyou
5.914997100830078,0,9,-6,18,1,0,9,-12,-29,-33,-3,-2,-22,-9,thankyou
5.914997100830078,-5,-3,-7,10,4,4,16,-3,-25,-12,-15,-12,-13,-19,thankyou
5.92970085144043,-8,-8,-3,4,6,14,21,6,-11,-4,-19,-25,-12,-18,thankyou
5.94530200958252,-12,-3,-2,4,9,20,27,9,4,3,-16,-28,-13,-5,sil
5.94530200958252,-16,0,-3,5,9,17,20,4,9,15,-9,-22,-3,-4,sil
5.9605231285095215,-13,-2,-8,5,3,7,2,-2,1,10,-6,-18,-2,-9,sil
5.9605231285095215,-12,-5,3,8,-2,2,-4,-1,-7,3,-12,-13,-11,-5,sil
5.976966381072998,-20,-8,-7,11,0,4,4,-3,-12,9,-13,-14,-6,-2,sil
5.976966381072998,-19,-8,-15,6,3,2,8,-6,-5,4,-8,-15,2,1,sil
5.991474628448486,3,-2,4,4,2,7,5,-2,17,3,-5,-2,8,17,sil
5.991474628448486,19,1,4,14,5,12,16,0,40,30,0,5,18,30,sil
6.007132530212402,1,-4,-3,4,2,2,10,0,27,31,0,3,14,18,sil
6.007132530212402,-18,-16,-16,-23,-7,-14,-14,0,1,1,0,0,0,-5,sil
6.03117036819458,-7,-11,-12,-31,-11,-15,-19,1,0,-9,8,1,-1,-8,sil
6.03117036819458,10,1,10,-11,-4,-1,-3,5,17,4,16,16,11,9,sil
6.03117036819458,10,-2,7,-3,-4,-5,-5,3,13,13,10,22,19,10,sil
6.038747310638428,7,-7,2,-19,-8,-16,-19,3,-11,0,1,15,7,-2,sil
6.053842306137085,12,1,1,-15,-7,-10,-16,0,-16,-19,4,5,-3,-2,sil
6.053842306137085,14,2,6,-1,-11,-2,-10,-6,-7,-21,4,6,-2,2,sil
6.069277048110962,10,0,9,0,-11,0,-4,-1,-1,-6,0,13,1,1,sil
6.069277048110962,8,2,-6,-1,0,0,5,2,5,3,0,7,0,-2,sil
6.08455491065979,10,5,2,-2,2,-2,4,-1,8,1,2,0,-6,-5,sil
6.08455491065979,10,8,9,-3,1,-2,1,0,5,0,4,3,-3,-3,sil
6.100188732147217,6,10,0,-1,0,-1,2,8,1,1,6,5,3,-1,sil
6.100188732147217,0,5,4,0,0,-4,-1,4,-5,-3,6,0,0,-2,sil
6.115333080291748,-3,6,0,6,6,-4,0,-4,-6,-10,10,1,0,-5,sil
6.115333080291748,2,23,5,21,15,3,8,0,-2,-8,17,13,5,-4,sil
6.130978107452393,2,29,9,25,15,6,6,2,-9,-6,17,9,0,-5,sil
6.130978107452393,-9,12,-1,22,10,-3,0,-5,-20,-11,11,-10,-14,-5,sil
6.146074295043945,-24,-5,-8,16,0,0,-1,-5,-25,-17,-7,-18,-14,-8,sil
6.146074295043945,-28,-12,-22,10,0,8,-7,-3,-21,-10,-26,-22,-12,-15,sil
6.1621994972229,-16,-8,-3,6,11,8,-4,-1,-10,0,-20,-19,-12,-6,sil
6.1621994972229,0,-2,16,5,9,14,13,2,2,10,-7,-6,-1,11,sil
6.177338838577271,3,-8,2,0,0,16,18,2,11,16,-15,-3,5,17,sil
6.177338838577271,1,-18,-3,-13,-7,7,4,-1,12,3,-26,-13,-6,6,sil
6.192536354064941,-1,-24,-9,-23,-11,0,4,-5,13,0,-18,-25,-12,-3,sil
6.192536354064941,2,-15,2,-16,-5,8,17,2,13,20,-5,-8,4,8,sil
6.208229303359985,9,-2,12,-6,2,9,16,5,16,37,2,12,17,24,sil
6.208229303359985,3,-6,-2,-14,-5,-4,-2,-4,6,15,0,0,12,12,sil
6.223393678665161,-1,-10,-2,-17,-14,-9,-12,-2,0,-2,-3,-2,13,0,sil
6.223393678665161,3,2,-3,-4,-3,-2,-3,1,17,5,1,12,21,2,sil
6.239337205886841,2,3,-9,-11,0,-2,-6,0,19,0,1,8,6,0,sil
6.239337205886841,-4,-7,-8,-19,-9,-6,-15,2,0,-11,3,7,0,-2,sil
6.254944324493408,-2,0,-4,0,-7,-6,-9,6,0,0,21,23,14,1,sil
6.254944324493408,2,16,6,8,2,-10,-4,1,1,0,25,24,7,-2,sil
6.270995855331421,0,12,-1,-3,5,-13,-9,-3,-13,-25,11,9,-12,-18,sil
6.270995855331421,0,10,-2,2,3,-11,-11,1,-14,-23,9,2,-11,-14,sil
6.286700010299683,7,20,9,21,3,-6,-6,5,-4,-1,17,4,0,1,sil
6.286700010299683,13,15,4,22,2,-7,-1,3,-5,2,15,6,1,0,sil
6.302243709564209,10,3,12,13,0,-11,-4,2,-14,-7,8,4,-3,-7,sil
6.302243709564209,0,1,3,13,2,-5,-11,-8,-16,-5,2,-10,-10,-7,sil
6.317183494567871,-10,-1,-12,12,0,6,-7,-12,-16,-3,-15,-22,-13,-9,sil
6.317183494567871,-7,-3,-1,6,0,20,8,0,-6,-2,-25,-15,-13,-11,sil
6.332535266876221,2,-1,1,6,7,20,21,4,9,10,-13,-11,-9,-2,sil
6.332535266876221,3,-6,7,1,8,11,8,0,4,6,-16,-12,-10,3,sil
6.348363161087036,-3,-13,3,-3,0,6,4,0,-4,-6,-26,-15,-8,0,sil
6.348363161087036,-5,-18,-8,-14,-8,7,20,-3,-1,2,-24,-12,0,3,sil
6.363478899002075,0,-18,-2,-19,-11,4,19,-3,10,14,-14,2,9,13,sil
6.363478899002075,5,-1,0,-7,-4,-7,0,1,21,5,6,16,16,14,sil
6.3787760734558105,12,15,3,0,0,-16,-5,7,19,1,27,25,19,11,sil
6.39445686340332,11,10,1,-7,-1,-8,-5,5,2,3,30,23,17,6,sil
6.39445686340332,6,5,3,-2,7,0,-8,1,-2,-4,19,9,4,2,sil
6.39445686340332,-1,15,9,14,19,7,0,0,0,-7,9,0,-11,-2,sil
6.410123109817505,-12,10,-8,15,12,14,7,-2,-9,-2,-3,-12,-15,-12,sil
6.428321599960327,-20,-6,-8,1,0,13,1,0,-17,0,-15,-18,-11,-12,sil
6.428321599960327,-19,-7,-4,1,1,8,6,1,3,18,-7,-8,0,3,sil
6.428321599960327,-13,-4,-7,3,0,5,12,0,20,28,3,-3,10,13,sil
6.440810680389404,-12,-12,0,-13,-14,-2,0,-1,6,1,-4,-7,6,5,sil
6.456647634506226,-13,-21,-17,-27,-18,-13,-4,-2,0,-12,-15,-14,-3,-4,sil
6.456647634506226,-4,-13,-13,-27,-9,-13,-1,1,7,-3,-5,-9,0,-2,sil
6.4724225997924805,10,6,10,-14,0,-5,-6,1,15,0,14,13,18,8,sil
6.4724225997924805,26,18,16,5,4,-9,-14,-2,8,-1,22,30,28,12,sil
6.489002466201782,31,13,20,9,-1,-16,-21,-1,-8,-5,11,23,9,3,sil
6.490003347396851,18,4,6,3,-8,-17,-19,-2,-16,-14,4,10,-7,-3,sil
6.490003347396851,9,4,2,0,-3,-12,-11,-1,-21,-22,0,8,-10,-5,sil
6.5050270557403564,6,6,5,0,-1,-3,-10,2,-27,-22,-10,0,-13,-10,sil
6.5050270557403564,-2,1,-5,0,-7,3,-12,-1,-22,-21,-16,-17,-22,-17,sil
6.519033908843994,-9,0,-1,8,-2,12,-2,-4,-7,-14,-7,-16,-19,-20,sil
6.5344014167785645,-7,-3,-4,14,8,15,8,-1,3,3,0,-6,-4,-14,sil
6.5344014167785645,-2,-9,-9,11,10,5,9,0,0,19,-4,-4,2,0,sil
6.549805641174316,-6,-5,-4,14,8,2,14,3,-2,21,-7,-6,0,7,sil
6.549805641174316,-15,0,-6,15,7,14,21,6,11,23,0,-10,-3,4,sil
6.565500020980835,-12,-4,0,4,6,19,22,6,20,25,0,-8,-2,2,sil
6.565500020980835,0,-1,2,10,11,17,29,0,19,24,1,0,5,10,sil
6.581423997879028,10,6,8,19,12,10,29,2,22,20,9,11,14,21,sil
6.581423997879028,6,-1,3,-1,2,-5,3,1,16,6,6,14,13,18,sil
6.596331834793091,0,-10,-18,-26,-5,-18,-12,-5,4,-3,3,7,11,0,sil
6.596331834793091,7,3,0,-25,-5,-14,-13,-1,-1,-7,13,13,11,-4,sil
6.611975431442261,15,15,11,-11,-6,-10,-21,-1,-8,-17,13,12,4,-3,sil
6.611975431442261,8,11,2,-3,-5,-10,-27,-7,-21,-29,-1,-1,-6,-7,sil
6.627011775970459,2,6,5,2,0,-3,-12,0,-18,-19,-8,-6,-11,-4,sil
6.627011775970459,-3,-3,0,4,-1,2,6,4,0,-1,-5,-11,-6,-3,sil
6.642203569412232,-14,-17,-2,-6,-11,9,11,-1,10,-1,-14,-14,-5,-4,sil
6.642203569412232,-19,-20,-6,-15,-16,3,7,0,11,-3,-21,-13,-8,1,sil
6.65819787979126,-14,-17,-13,-19,-15,-12,-6,1,0,-8,-16,-11,-13,4,sil
6.65819787979126,0,-3,2,-13,-8,-8,-14,-1,-3,-13,1,9,-5,0,sil
6.674208879470825,11,18,6,2,5,0,-12,-4,-5,-6,20,23,5,0,sil
6.674208879470825,-1,24,4,14,11,0,-12,-1,-19,-5,12,4,-3,-9,sil
6.689423561096191,-13,13,3,23,13,9,4,4,-14,1,2,-10,-7,-14,sil
6.689423561096191,0,1,0,21,13,25,28,8,12,30,4,1,8,6,sil
6.704973936080933,1,-12,-3,-4,5,19,22,7,18,33,-2,4,13,19,sil
6.704973936080933,-7,-15,-16,-18,2,-1,0,0,5,2,-7,-10,5,3,sil
6.720404624938965,5,0,0,-8,0,-24,-13,-8,-6,-14,2,-1,3,-5,sil
6.720404624938965,20,10,13,-6,-9,-25,-21,-11,-16,-11,10,13,3,-5,sil
6.736170053482056,8,8,8,0,-3,-5,-11,1,-13,-1,13,9,6,-4,sil
6.736170053482056,-1,13,14,17,7,9,1,13,-3,10,12,8,8,3,sil
6.751667261123657,-3,8,2,20,5,4,0,0,0,13,0,-1,0,1,sil
6.751667261123657,-12,-12,-7,6,-1,1,0,-4,4,0,-25,-21,-13,-9,sil
6.767341613769531,-14,-20,-7,-2,-3,8,13,2,13,2,-28,-18,-8,-3,sil
6.767341613769531,6,-14,-8,-1,-5,5,17,1,19,13,-8,1,5,12,sil
6.782934188842773,24,-6,8,-4,-6,-6,3,1,21,1,5,15,11,17,sil
6.782934188842773,17,-1,4,-9,-2,-9,0,0,19,-7,8,14,11,14,sil
6.798426866531372,6,1,-3,-8,0,-4,-1,-5,0,-9,0,6,-1,0,sil
6.798426866531372,2,6,-1,-4,0,0,-3,-1,-14,-13,0,-1,-13,-15,sil
6.814483404159546,1,8,-3,-5,3,0,0,0,-7,-9,15,0,-4,-11,sil
6.814483404159546,-1,7,9,1,9,0,1,-1,-9,-1,13,1,-1,-7,sil
6.830255031585693,-8,9,3,18,10,2,-4,-2,-17,-1,0,-8,-11,-13,sil
6.830255031585693,-5,10,-4,21,6,7,-2,1,-8,-1,3,-9,-9,-5,sil
6.845377206802368,-3,-1,0,11,6,14,11,1,0,-1,6,-3,-3,7,sil
6.845377206802368,-12,-12,-7,-3,-3,15,16,-3,-5,-6,-12,-13,-7,4,sil
6.861084699630737,-14,-7,-1,-11,-13,11,10,0,-1,1,-18,-12,-1,1,sil
6.876193284988403,-3,0,2,3,0,5,11,3,18,24,2,5,15,10,sil
6.876193284988403,6,0,3,13,7,-3,6,1,24,28,11,12,20,19,sil
6.876193284988403,8,-2,-1,-6,-6,-9,-10,-4,10,9,0,11,11,16,sil
6.891473770141602,0,-5,-13,-20,-7,-11,-19,-5,0,-5,-1,11,4,4,sil
6.891473770141602,0,-6,-1,-17,-6,-17,-20,1,-9,-20,0,9,0,-3,sil
6.9073805809021,0,-5,-1,-21,-13,-22,-23,1,-15,-24,-3,-1,0,-11,sil
6.9073805809021,-5,-2,-7,-25,-8,-13,-23,-1,-18,-19,-9,-8,-5,-20,sil
6.922428846359253,-3,9,1,-5,3,-4,-13,3,-14,-10,-2,-2,-10,-17,sil
6.922428846359253,0,11,-2,10,1,-7,-3,3,-6,-1,8,0,-9,-8,sil
6.937977075576782,-5,2,5,2,0,-2,0,1,-2,7,3,-1,-10,-6,sil
6.953386306762695,3,7,18,19,11,9,7,2,-1,4,2,0,-4,0,sil
6.953386306762695,15,16,12,40,12,9,9,-1,-1,-3,7,5,4,8,sil
6.969456195831299,-4,2,1,19,2,13,5,-2,-4,0,-2,-1,-1,0,sil
6.969456195831299,-18,-11,-13,1,3,22,9,0,-3,9,-17,-21,-14,-5,sil
6.969456195831299,-3,-8,-1,10,7,22,20,4,6,12,-17,-19,-13,-1,sil
6.986471652984619,-2,-7,-1,0,1,13,30,2,20,17,-11,-12,1,1,sil
6.986471652984619,-14,-20,-17,-24,-6,-1,19,-3,15,15,-13,-18,5,0,sil
7.0005247592926025,-6,-18,-2,-24,-14,-12,0,-5,1,-1,-14,-11,-5,-1,sil
7.017418622970581,8,0,3,-6,-14,-7,1,-2,8,-2,-3,7,0,1,sil
7.017418622970581,10,0,2,-6,-12,-6,1,1,15,0,8,14,17,13,sil
7.032470464706421,4,-9,0,-17,-9,-10,-12,-1,7,-5,15,12,20,9,sil
7.032470464706421,10,8,-1,-2,1,-3,-7,0,4,-1,20,15,14,2,sil
7.047113656997681,25,38,14,16,18,8,1,5,1,7,27,28,17,15,sil
7.047113656997681,23,25,14,5,19,3,-4,3,0,1,36,29,28,17,sil
7.062495708465576,11,4,7,-6,9,-9,-12,2,4,-6,34,25,27,4,sil
7.062495708465576,5,9,2,1,6,-14,-10,3,4,-4,20,19,11,4,sil
7.078537464141846,1,6,-2,5,7,-7,-9,0,-6,-5,2,1,-6,1,sil
7.078537464141846,1,-2,6,5,7,5,-5,-1,-6,-7,-5,-2,-14,-4,sil
7.094242811203003,4,9,4,25,7,7,3,-3,-3,-4,-7,0,-15,0,sil
7.094242811203003,-5,8,2,22,2,0,0,-3,-20,-7,-22,-14,-28,-6,sil
7.109528064727783,-19,-9,-3,4,-4,3,-2,0,-20,1,-18,-19,-26,-14,sil
7.109528064727783,-12,-10,-9,11,-2,14,10,0,3,20,1,-11,-3,-3,sil
7.124532699584961,-12,-13,-3,11,-3,11,14,0,1,2,-22,-22,-16,-4,sil
7.124532699584961,-34,-32,-24,-14,-13,8,1,-7,-18,-21,-58,-43,-42,-24,sil
7.140212774276733,-35,-33,-35,-29,-18,5,0,-9,-4,-5,-41,-35,-28,-20,sil
7.140212774276733,-17,-23,-16,-23,-14,-4,1,0,12,12,-20,-18,-1,-6,sil
7.15625262260437,-6,-20,-10,-17,-17,-17,-4,3,8,0,-12,-4,7,-3,sil
7.15625262260437,5,-3,7,-18,-15,-16,-5,3,4,-6,10,17,16,6,sil
7.172363042831421,10,13,6,-18,-3,-14,-7,0,3,0,17,17,14,2,sil
7.172363042831421,7,12,-1,-11,-3,-17,-17,-1,-5,-9,8,5,6,-12,sil
7.188482999801636,26,21,20,7,1,-9,-14,5,-5,-9,31,27,24,0,sil
7.188482999801636,39,34,25,25,17,0,-1,3,-2,5,52,38,38,20,sil
7.203999042510986,22,28,22,23,16,2,-7,-5,-16,-4,32,21,13,12,sil
7.203999042510986,7,19,9,18,15,8,-4,-1,-19,-11,14,10,-3,5,sil
7.2200212478637695,3,14,3,10,22,14,13,5,-1,7,5,0,1,9,sil
7.2200212478637695,0,7,6,9,15,21,24,5,15,19,0,-13,3,8,sil
7.236117601394653,0,0,-5,19,9,21,29,3,25,16,2,-13,0,8,sil
7.236117601394653,-5,-11,-4,5,4,11,24,1,15,6,-12,-10,-8,4,sil
7.251317262649536,-22,-22,-8,-17,-12,0,5,0,-3,0,-33,-16,-20,-6,sil
7.251317262649536,-21,-21,-15,-13,-15,-3,0,1,-8,3,-30,-14,-19,-8,sil
7.267016887664795,-8,-13,-2,-4,-5,1,8,1,3,1,-19,-7,-8,-1,sil
7.267342805862427,-8,-13,-5,-15,-9,0,1,-8,12,-5,-11,-4,0,-1,sil
7.282116413116455,-5,-11,-5,-23,-10,-8,-15,-2,11,0,-1,4,3,0,sil
7.282116413116455,4,-5,-3,-9,-1,-2,-6,2,14,8,6,7,13,8,sil
7.297374486923218,12,-7,0,-1,-3,-2,3,0,13,9,9,6,17,12,sil
7.297374486923218,9,-5,5,-10,-6,-15,-10,-3,1,2,4,14,5,3,sil
7.313493251800537,3,3,-2,-8,0,-16,-17,-2,-2,-9,1,9,0,-7,sil
7.313493251800537,10,11,5,8,3,-5,-9,1,0,-13,8,6,4,-5,sil
7.329399824142456,17,12,8,8,0,-2,-8,1,-8,-8,15,16,4,-7,sil
7.329399824142456,9,13,-7,3,5,-4,-7,0,-14,-10,12,16,0,-12,sil
7.344704866409302,4,21,10,15,12,0,0,0,-1,-1,18,15,7,0,sil
7.344704866409302,-1,16,16,21,6,0,-2,-1,3,15,26,7,11,1,sil
7.360141754150391,-13,1,5,8,-4,-7,-18,-2,-17,-6,3,-13,-12,-18,sil
7.360141754150391,-9,4,0,11,0,0,-13,2,-19,-25,-11,-19,-22,-12,sil
7.376238346099853,0,7,-3,16,11,18,7,5,-1,5,8,-10,0,7,sil
7.376238346099853,-7,-4,-1,0,8,23,14,0,-5,18,0,-17,0,6,sil
7.392045021057129,-18,-9,-8,-2,-1,11,14,-6,-18,-6,-33,-29,-26,-5,sil
7.392045021057129,-13,-5,-7,4,-4,4,15,-1,-13,-10,-36,-18,-27,-6,sil
7.407325506210327,-10,-10,-9,-1,-1,4,7,3,-7,0,-23,-13,-9,-3,sil
7.407325506210327,-14,-16,-24,-12,-2,-3,6,-1,-4,-4,-27,-23,-6,-1,sil
7.423347234725952,-5,-12,-6,-14,-5,-1,16,0,9,1,-24,-5,-1,4,sil
7.423347234725952,7,-9,-2,-12,0,8,21,0,29,18,-3,11,12,13,sil
7.439431190490723,5,-13,-7,-15,-4,0,7,2,32,17,8,9,17,15,thankyou
7.439431190490723,1,-10,2,-20,-17,-8,-9,8,21,12,16,13,14,11,thankyou
7.4555463790893555,13,1,3,-13,-11,-9,-22,0,8,14,24,20,13,3,thankyou
7.4555463790893555,18,7,6,-5,-2,-11,-23,-10,1,0,21,15,10,-7,thankyou
7.471458435058594,11,7,6,-3,0,-6,-5,0,1,-16,17,12,7,-8,thankyou
7.471458435058594,15,16,16,4,4,-4,4,9,-7,-21,15,15,2,1,thankyou
7.486578464508057,17,14,23,12,4,-15,-5,0,-26,-21,5,10,-7,-1,thankyou
7.486578464508057,2,0,0,13,5,-13,-8,-9,-21,-16,-8,-4,-9,-8,thankyou
7.502185583114624,0,7,10,13,15,5,-4,0,-3,-5,-2,0,1,4,thankyou
7.502185583114624,12,24,22,22,13,8,-2,6,6,9,20,19,17,17,thankyou
7.517216205596924,7,11,3,17,0,3,1,1,0,8,13,8,9,8,thankyou
7.517216205596924,-16,-7,-7,1,-2,14,6,-2,-8,0,-17,-14,-9,0,thankyou
7.532513856887817,-21,-9,-11,0,-2,12,5,-3,-6,4,-16,-17,-7,-1,thankyou
7.532513856887817,-10,-10,-7,2,-3,0,2,1,-4,8,-5,-8,0,-3,thankyou
7.548161029815674,-17,-15,-19,-4,-1,8,7,1,-4,1,-18,-18,-6,-5,thankyou
7.548161029815674,-26,-12,-22,-11,0,16,11,-3,6,3,-24,-27,-11,-6,thankyou
7.564278841018677,-9,-5,-4,-4,2,9,11,-1,23,10,-7,-11,-1,-4,thankyou
7.564278841018677,6,-7,-8,-4,2,0,15,5,33,12,4,3,7,1,thankyou
7.579986572265625,9,0,0,-10,-4,-12,4,8,35,20,9,12,13,5,thankyou
7.579986572265625,14,15,9,-4,-1,-22,-20,2,19,25,26,14,14,5,thankyou
7.59663462638855,12,8,3,-2,2,-21,-33,-5,-11,2,26,6,5,-1,thankyou
7.59663462638855,0,-4,2,-14,-1,-11,-19,-4,-28,-26,4,4,-7,-12,thankyou
7.6122353076934814,3,0,0,-10,0,-8,-2,-3,-15,-18,0,11,-6,-11,thankyou
7.6122353076934814,22,3,17,-3,-1,-8,1,0,-5,-3,16,18,2,2,thankyou
7.628168106079102,15,0,13,-10,-3,1,10,2,-10,-6,15,10,0,3,thankyou
7.628168106079102,-14,1,-17,-1,2,8,11,0,-18,-17,-9,-9,-14,-5,thankyou
7.64422607421875,-22,2,-7,17,0,7,-9,-2,-21,-25,-24,-10,-19,-6,thankyou
7.64422607421875,-6,2,8,22,-6,10,-14,-6,-10,-18,-7,-1,-9,-5,thankyou
7.65967321395874,0,11,6,16,1,16,3,-5,-3,-6,-3,-3,-12,-6,thankyou
7.65967321395874,-10,5,-6,11,3,12,11,0,-3,-3,-22,-13,-15,-8,thankyou
7.675334692001343,-20,-16,-17,-2,-8,4,9,2,2,-1,-25,-20,-7,-10,thankyou
7.675334692001343,-15,-15,-7,-6,-1,10,14,0,4,4,-19,-17,-8,-4,thankyou
7.691405534744263,0,3,0,10,17,8,13,1,-2,6,-15,-15,-4,3,thankyou
7.691405534744263,6,6,10,15,12,-2,0,4,1,18,2,-1,14,13,thankyou
7.707295656204224,7,0,7,10,2,2,-4,4,12,31,19,9,24,22,thankyou
7.707295656204224,6,1,-11,10,1,4,-1,0,9,13,1,1,11,13,thankyou
7.723399877548218,0,-1,0,-2,-8,-11,0,0,5,-8,-15,-4,-1,0,thankyou
7.723399877548218,3,-10,3,-17,-12,-15,6,0,12,3,3,5,3,7,thankyou
7.738771915435791,12,-8,0,-18,-6,-10,10,1,15,14,23,15,16,15,thankyou
7.738771915435791,8,-4,4,-18,-12,-8,-1,1,9,1,16,15,19,1,thankyou
7.754815816879272,4,-1,-3,-16,-12,-8,-12,0,6,-1,11,12,22,0,thankyou
7.754815816879272,20,9,9,-10,4,-2,-10,2,11,5,25,26,27,18,thankyou
7.770387411117554,27,15,17,0,12,-1,-7,1,17,8,33,31,25,13,thankyou
7.770387411117554,7,6,7,0,10,-3,-8,-3,10,1,19,13,9,-5,thankyou
7.786397218704224,-11,7,6,-6,10,0,-13,-3,-4,-4,5,-1,-5,-11,thankyou
7.786397218704224,-7,16,7,12,7,-2,-10,0,-12,-5,1,-10,-13,-8,thankyou
7.802347898483276,0,7,7,28,0,-2,0,0,-21,-16,-13,-17,-20,-6,thankyou
7.802347898483276,-10,-13,-16,10,-6,10,9,-6,-25,-20,-32,-20,-27,-8,thankyou
7.817381143569946,-19,-16,-25,-1,-6,19,13,-6,-17,-8,-34,-22,-28,-10,thankyou
7.817381143569946,-9,-3,-3,11,-1,14,19,2,-4,0,-25,-19,-24,-5,thankyou
7.83305287361145,-6,-10,-9,6,0,10,20,0,0,-1,-24,-14,-21,-5,thankyou
7.83305287361145,-15,-26,-18,-21,-4,4,2,-1,-1,-3,-20,-7,-21,-9,thankyou
9.221039295196531,17,-3,0,0,-5,-1,1,0,22,5,14,8,12,7,thankyou
9.221039295196531,12,2,1,0,1,-3,-1,0,12,1,11,10,3,2,thankyou
9.236634492874146,0,2,-3,0,0,-2,0,-1,14,-3,0,0,3,0,thankyou
9.236634492874146,-3,-6,-6,-10,-12,-1,-1,-1,9,-2,0,-3,4,-2,thankyou
9.251779794692991,7,-1,-6,-5,-7,0,1,0,5,12,21,9,10,4,thankyou
9.251779794692991,12,9,10,1,0,4,6,2,3,10,24,20,11,14,thankyou
9.267300844192505,-3,2,1,0,-3,-4,-2,0,-9,-11,5,9,0,0,thankyou
9.267300844192505,-8,-3,-6,-10,-8,-19,-17,-5,-22,-23,-8,-1,-12,-15,thankyou
9.283294916152954,0,0,5,-24,-13,-8,-12,-4,-26,-25,-15,-8,-17,-13,thankyou
9.283294916152954,-7,0,-4,-27,-14,6,-1,-3,-27,-24,-15,-17,-17,-15,thankyou
9.298728942871094,-7,5,-1,-5,0,0,-5,0,-22,-14,-12,-10,-13,-12,thankyou
9.298728942871094,4,14,5,10,12,-4,-11,1,-3,-3,-4,-2,0,-1,thankyou
9.314524412155151,9,13,4,4,10,0,-7,0,12,3,6,0,12,0,thankyou
9.314524412155151,9,13,22,8,13,0,-7,4,20,17,19,12,17,3,thankyou
9.33007311820984,6,10,13,16,20,0,-1,2,14,11,17,12,7,7,thankyou
9.33007311820984,-2,0,2,12,19,6,9,1,-2,0,2,0,-3,0,thankyou
9.346133470535278,-4,4,9,19,18,7,9,3,-8,10,4,2,0,-2,thankyou
9.346133470535278,-3,6,9,23,5,-2,-1,0,-11,13,7,1,0,-4,thankyou
9.361360788345335,-18,-11,-7,1,-11,-5,-4,-6,-25,-14,-19,-14,-21,-19,thankyou
9.361360788345335,-31,-22,-28,-8,-11,0,0,-7,-30,-30,-41,-25,-34,-27,thankyou
9.37708592414856,-16,-6,-8,3,-2,8,6,0,-20,-18,-25,-13,-22,-9,thankyou
9.37708592414856,-1,-4,-1,1,-4,11,5,3,-8,-2,-5,-5,-8,4,thankyou
9.392601490020752,0,-10,-14,2,0,7,11,1,0,-1,-2,-9,-3,5,thankyou
9.392601490020752,10,4,8,23,10,13,21,3,11,2,4,0,3,12,thankyou
9.407782793045044,17,5,9,20,7,22,26,9,33,31,18,13,21,24,thankyou
9.407782793045044,13,-8,-1,1,-1,13,22,7,41,45,16,13,25,29,thankyou
9.423518180847168,13,-1,0,10,2,0,15,-1,32,28,12,10,18,26,thankyou
9.423518180847168,14,4,-4,9,4,1,8,-1,28,16,15,10,18,15,thankyou
9.439196109771729,8,0,3,-15,-8,0,2,4,29,25,8,14,20,11,thankyou
9.439196109771729,3,0,-3,-15,-12,-10,-1,-1,20,19,-4,0,11,9,thankyou
9.454365968704224,-1,-7,-13,-18,-16,-18,-15,-8,0,-12,-16,-13,-4,-7,thankyou
9.454365968704224,-5,-15,-7,-36,-22,-17,-19,-3,-1,-17,-9,0,0,-12,thankyou
9.47038507461548,-1,-7,-3,-26,-9,-16,-12,-1,3,2,14,21,16,4,thankyou
9.47038507461548,-6,-3,2,-14,-1,-12,-19,-1,-13,-12,14,14,7,-4,thankyou
9.486389875411987,-15,-8,-5,-25,-8,-12,-27,-5,-23,-31,-5,-8,-9,-26,thankyou
9.486389875411987,-5,0,0,-26,-5,-14,-23,-4,-10,-13,-5,-7,-7,-13,thankyou
9.501430034637451,2,6,8,-9,1,-9,-17,-1,-12,-11,3,5,-5,-6,thankyou
9.501430034637451,-2,5,-1,1,-1,-2,-17,0,-24,-24,3,-1,-7,-22,thankyou
9.51626706123352,-1,12,8,2,-2,-7,-16,-1,-24,-13,3,-5,-6,-17,thankyou
9.51626706123352,0,17,6,4,7,-12,-12,0,-24,-10,0,-5,-14,-7,thankyou
9.531866073608398,-6,12,1,14,11,0,0,1,-24,-29,-13,-18,-27,-12,thankyou
9.547064304351808,-3,8,14,25,14,20,18,0,-11,-15,-10,-16,-21,-2,thankyou
9.547064304351808,3,8,6,30,21,29,26,1,3,15,1,-1,-1,11,thankyou
9.5480694770813,0,11,4,28,17,21,17,7,1,12,2,3,2,11,thankyou
9.562634468078612,0,10,1,28,10,14,12,4,-2,6,3,-2,0,6,thankyou
9.562634468078612,7,3,-1,20,7,17,13,3,3,17,0,-3,0,7,thankyou
9.578036546707152,9,0,4,12,4,19,13,8,16,16,-5,1,0,9,sil
9.578036546707152,1,-4,-7,3,-3,1,12,2,17,10,-3,0,4,8,sil
9.594069719314575,-3,-13,-8,-15,-13,-14,5,-3,6,5,-4,0,1,3,sil
9.594069719314575,-2,-19,-6,-19,-7,-3,0,-5,2,-2,-3,3,0,-3,sil
9.610254049301147,5,-12,-5,-5,0,8,2,-7,2,0,0,7,1,0,sil
9.62466597557068,10,-1,4,-5,-3,-2,2,-1,5,11,-5,8,4,6,sil
9.62466597557068,0,-3,-7,-13,-3,-15,0,1,13,9,-5,0,7,1,sil
9.62466597557068,-6,-7,-6,-14,-3,-10,-6,0,10,3,4,0,8,-2,sil
9.641424179077148,0,-2,-3,-6,-8,-4,-9,-1,0,0,2,4,3,1,sil
9.641424179077148,0,-1,-3,1,-10,-7,-5,-4,-2,-10,-6,1,-6,0,sil
9.658092975616457,-5,-3,9,-2,-10,-4,-2,-4,0,-16,0,0,-6,-2,sil
9.658092975616457,-9,-9,0,-11,-10,0,-4,-1,6,2,10,0,6,0,sil
9.671214818954468,-8,-11,-3,-1,0,1,1,2,9,11,7,-2,11,0,sil
9.686445236206056,-3,6,4,13,16,11,15,4,12,5,6,1,10,0,sil
9.686445236206056,0,12,-1,10,14,3,3,1,8,2,9,1,8,-1,sil
9.702306509017944,2,2,3,0,0,-9,-15,0,-14,2,3,-2,2,0,sil
9.702306509017944,16,9,12,12,1,0,0,1,-14,12,12,7,12,16,sil
9.717552185058594,25,21,21,18,9,9,12,6,6,12,21,21,21,23,sil
9.717552185058594,10,9,4,1,0,0,-1,4,7,-1,0,8,7,3,sil
9.733091592788696,-9,-7,-20,-17,-7,0,-1,0,-7,-10,-23,-12,-5,-9,sil
9.733091592788696,-15,-12,-11,-26,-2,1,3,-1,-14,-17,-21,-14,-11,-10,sil
9.74916410446167,-15,-18,-15,-28,-6,-12,-10,-6,-14,-22,-17,-18,-20,-15,sil
9.74916410446167,-11,-10,-9,-15,-10,-14,-23,-6,-9,-13,-15,-14,-18,-14,sil
9.764304399490356,-2,10,7,11,1,-2,-13,-1,0,-3,-3,0,-7,-5,sil
9.764304399490356,2,11,0,22,10,-4,-5,0,2,-1,5,0,-5,-5,sil
9.78040599822998,4,2,3,3,5,-3,-4,5,4,1,9,2,-4,-1,sil
9.78040599822998,5,4,1,-7,2,3,0,5,10,1,16,15,1,7,sil
9.796605587005615,7,9,0,2,3,3,3,0,8,6,9,7,-1,5,sil
9.796605587005615,7,8,8,13,5,3,4,-3,0,9,0,-5,-12,-3,sil
9.812159538269045,-1,-2,-1,4,-1,3,1,-4,-7,-1,2,-8,-18,-7,sil
9.812159538269045,-12,-7,-5,-11,-15,0,-5,0,-16,-13,-1,-3,-18,-8,sil
9.827629566192629,-9,0,-5,-4,-10,1,0,1,-16,-6,-7,-1,-5,-8,sil
9.827629566192629,0,-2,0,6,0,0,8,-1,-3,-2,-1,1,5,-2,sil
9.843093156814575,6,-6,9,0,1,-3,4,-1,6,0,0,12,3,4,sil
9.843093156814575,12,0,4,1,0,0,2,0,7,17,0,13,7,9,sil
9.858067512512209,11,6,12,13,1,6,6,0,-1,19,0,8,16,11,sil
9.858067512512209,4,4,9,20,5,7,9,-1,-10,6,3,5,16,5,sil
9.874144792556764,0,0,4,11,6,4,9,1,-11,0,0,2,8,0,sil
9.874144792556764,-2,0,9,0,4,5,8,4,2,2,-2,-3,4,3,sil
9.890180349349976,-2,2,-1,3,8,9,14,3,25,6,4,-6,15,9,sil
9.890180349349976,7,8,3,16,11,9,11,4,28,2,10,4,20,10,sil
9.906267642974854,7,3,3,8,6,-1,-4,5,11,-3,1,4,9,7,sil
9.906267642974854,-1,-11,-10,-14,-5,-5,-11,1,-2,-3,-11,-14,-1,0,sil
9.922353506088257,-11,-18,-10,-26,-18,0,0,-3,-11,-5,-17,-22,-9,-10,sil
9.922353506088257,-23,-19,-21,-22,-16,0,2,-7,-17,-11,-14,-16,-16,-14,sil
9.937944650650024,-18,-7,-15,-12,-5,-5,-2,0,-6,-4,-4,-6,-10,-4,sil
9.937944650650024,2,12,-1,5,3,0,-4,2,12,9,9,4,8,12,sil
9.95378303527832,8,14,0,13,9,0,-4,-3,15,9,18,10,12,16,sil
9.95378303527832,-2,0,0,-2,0,-12,-3,0,6,-4,4,6,0,2,sil
9.969331979751589,-18,-17,-15,-22,-19,-18,-5,0,3,-12,-17,-11,-13,-16,sil
9.969331979751589,-21,-22,-15,-29,-20,-14,-13,-4,0,-14,-21,-16,-21,-22,sil
9.984864711761476,-7,-10,-3,-22,-4,-5,-4,-1,0,-4,-4,-3,-10,-15,sil
9.984864711761476,13,3,4,-4,2,0,5,3,4,3,7,4,8,-4,sil
10.000499725341797,28,20,21,8,6,0,-5,1,0,1,15,22,9,5,sil
10.000499725341797,36,32,23,21,17,-3,-9,1,1,13,34,36,13,19,sil
10.016510486602783,39,27,23,22,14,-7,-2,3,0,21,38,29,15,24,sil
10.016510486602783,19,13,16,12,5,-6,-12,-1,-11,-1,15,8,-4,8,sil
10.03208041191101,-9,0,-2,3,2,0,-14,-5,-18,-21,-9,-9,-22,-11,sil
10.03208041191101,-11,-1,0,11,6,14,5,-1,-13,-11,-13,-9,-16,-11,sil
10.05285930633545,0,0,1,24,13,23,23,0,-13,3,-10,-9,-8,-4,sil
10.053858995437622,-6,-6,-4,12,7,19,22,-2,-21,3,-23,-14,-13,-5,sil
10.053858995437622,-23,-16,-13,-8,-5,16,20,0,-12,3,-32,-21,-15,-8,sil
10.063458919525146,-24,-17,-23,-11,-9,13,9,2,11,14,-23,-21,-7,-7,sil
10.078991889953612,-13,-12,-3,-3,-10,0,-10,6,26,14,-9,-4,9,3,sil
10.078991889953612,-3,-8,-3,-5,-14,-15,-19,-1,21,0,12,7,22,7,sil
10.095021963119509,2,0,-3,-11,-9,-14,-15,-6,3,-5,22,9,16,-3,sil
10.095021963119509,11,13,16,-1,4,-1,-5,-3,-13,-6,12,13,8,-8,sil
10.111056089401243,9,15,12,14,12,6,5,-3,-21,-11,5,4,6,0,sil
10.111056089401243,-7,4,5,12,5,7,13,0,-21,-13,2,-12,-2,5,sil
10.126580715179443,-18,-8,-4,2,1,9,20,4,5,5,-3,-15,-3,3,sil
10.126580715179443,-4,-13,-9,-5,0,6,14,6,36,23,0,1,12,11,sil
10.14228868484497,8,-11,-4,-16,-7,-6,-4,9,37,18,8,12,19,18,sil
10.14228868484497,3,-11,-13,-21,-13,-20,-13,1,14,-3,5,3,8,5,sil
10.157277345657349,7,0,0,-12,-10,-19,-8,-3,-5,-17,3,5,0,-5,sil
10.157277345657349,16,18,10,0,1,-13,-5,2,-8,-8,5,15,0,0,sil
10.172727584838867,6,12,1,2,6,-7,-6,1,-8,-5,-1,7,-8,0,sil
10.172727584838867,-6,-4,-3,2,-2,9,2,-2,-9,-6,-10,-1,-10,-5,sil
10.188622951507568,-4,-3,-2,5,-4,19,19,-2,0,5,-7,-2,2,6,sil
10.188622951507568,0,1,4,-2,1,10,17,0,12,13,-11,0,8,11,sil
10.20425534248352,2,-2,-1,-15,3,-3,-4,-1,13,4,-7,0,7,2,sil
10.20425534248352,7,-2,-2,-18,-1,-17,-27,-4,-1,-11,10,5,6,-3,sil
10.219748258590698,9,10,13,-8,-5,-21,-32,-6,-22,-22,16,9,0,-12,sil
10.219748258590698,8,20,5,14,7,-7,-16,-4,-20,-11,9,1,-7,-18,sil
10.236225843429564,3,17,7,26,20,7,-2,1,-8,4,5,-1,-11,-11,sil
10.236225843429564,-3,8,7,17,11,7,0,0,-12,5,0,-4,-20,-6,sil
10.251782178878784,-12,-7,-11,9,-5,5,5,0,-18,-5,-15,-23,-32,-13,sil
10.251782178878784,-20,-17,-9,2,-6,13,13,4,-13,-15,-29,-36,-38,-14,sil
10.267119884490969,-12,-5,-5,7,4,17,18,5,0,-1,-15,-19,-28,0,sil
10.267119884490969,6,6,1,15,6,11,16,5,8,14,0,0,-13,11,sil
10.282571077346802,0,-2,0,9,5,4,8,0,5,12,-1,-4,-2,5,sil
10.282571077346802,-14,-11,-7,0,6,0,7,-3,8,11,-6,-10,11,0,sil
10.29837155342102,-4,-1,4,6,0,2,15,0,20,16,-6,0,19,6,sil
10.29837155342102,3,-3,-3,8,-5,5,16,0,16,8,-2,1,13,5,sil
10.314470052719116,-2,-13,-9,-13,-4,1,1,-3,4,1,2,2,14,9,sil
10.314470052719116,-2,-9,0,-20,-2,-4,-5,0,15,14,15,18,34,18,sil
10.33042860031128,6,1,4,-2,0,-6,-3,0,19,17,21,22,40,15,sil
10.33042860031128,11,4,10,0,0,-3,-8,0,8,0,15,19,27,9,sil
10.3466215133667,9,-1,-3,-13,-1,-2,-13,2,13,0,11,18,24,10,sil
10.3466215133667,9,-9,-8,-19,-7,-9,-9,2,19,12,14,21,30,11,sil
10.362401485443115,11,-6,2,-19,-11,-13,-6,6,9,8,18,23,26,6,sil
10.362401485443115,10,2,0,-18,-10,-11,-9,1,0,-6,14,15,7,-4,sil
10.377389430999756,3,11,5,-17,-6,-8,-8,-5,-15,-26,0,5,-17,-16,sil
10.377389430999756,0,7,4,-15,-12,-11,-9,-7,-31,-35,-6,0,-27,-20,sil
10.392622709274292,5,2,8,-10,-12,-13,-15,-3,-31,-20,0,0,-21,-12,sil
10.392622709274292,1,12,16,3,4,-6,-20,-2,-33,-11,-1,-3,-24,-11,sil
10.40870189666748,-17,11,-2,18,11,1,-21,-1,-35,-26,-18,-25,-39,-23,sil
10.40870189666748,-19,1,-1,15,4,8,-8,2,-23,-21,-23,-33,-38,-21,sil
10.424493789672852,-3,6,6,19,7,13,12,1,-2,7,-13,-17,-15,-3,sil
10.424493789672852,0,6,-1,29,12,14,23,0,0,6,-20,-15,-11,0,sil
10.4404034614563,-14,-6,-11,26,6,19,25,-1,-6,-10,-29,-27,-29,-4,sil
10.4404034614563,-17,-2,-13,18,7,29,34,1,5,3,-11,-22,-16,1,sil
10.45630383491516,0,7,4,17,15,27,33,6,25,30,4,-1,19,19,sil
10.45630383491516,8,-2,1,20,16,10,28,4,37,43,13,2,34,26,sil
10.471988916397097,3,-12,-10,10,1,-5,20,-1,31,33,12,-1,19,16,sil
10.471988916397097,0,-8,-5,-7,-8,-12,3,1,17,9,-1,4,4,6,sil
10.487387657165527,-1,-8,-12,-22,-5,-17,-9,1,13,-1,1,9,9,0,sil
10.487387657165527,-4,-15,-8,-33,-16,-19,-20,-2,9,-5,15,10,13,-5,sil
10.503453254699709,0,-16,-1,-35,-27,-14,-25,-5,-2,-12,7,3,5,-7,sil
10.503453254699709,19,1,4,-18,-6,-10,-24,-4,-9,-12,7,13,3,2,sil
10.51915454864502,36,29,24,7,17,-6,-21,4,-2,-2,24,39,13,15,sil
10.51915454864502,27,28,14,12,14,0,-14,5,0,0,16,29,8,8,sil
10.534244537353516,0,0,0,-8,0,0,-6,-1,-13,-13,-10,-8,-11,-10,sil
10.534244537353516,-20,-16,-6,-19,0,1,-7,-5,-23,-20,-15,-21,-18,-20,sil
10.549439907073976,-24,-7,-6,-1,11,7,-8,-1,-16,-8,-12,-13,-10,-15,sil
10.549439907073976,-16,4,4,17,7,2,1,0,-15,-2,-15,-8,-6,-6,sil
10.565540313720703,-9,-3,-7,18,-4,-3,12,0,-7,2,-11,-14,-4,0,sil
10.565540313720703,-7,-14,-7,5,-11,5,20,4,12,15,-7,-14,-1,8,sil
10.581193447113035,-8,-8,4,1,-14,11,24,1,29,23,-10,-5,6,9,sil
10.581193447113035,-1,-2,2,1,-15,0,18,-4,25,17,0,1,20,4,sil
10.59633994102478,6,-2,6,-4,-5,0,8,-2,15,10,23,19,23,9,sil
10.59633994102478,2,1,0,-7,1,2,0,2,7,0,31,32,16,9,sil
10.611483097076416,2,4,1,-13,-11,-10,-18,3,-7,-24,13,25,4,-1,sil
10.611483097076416,20,11,12,-9,-11,-14,-21,-1,-15,-23,10,19,3,-1,sil
10.627007961273192,28,18,8,3,9,-3,-3,-3,-3,7,20,20,9,7,sil
10.627007961273192,8,13,4,-1,16,3,3,8,3,15,12,8,1,2,sil
10.64169216156006,-8,0,-9,-13,11,2,-5,2,-3,-5,0,-11,-13,-12,sil
10.658432245254517,-10,-1,-9,-5,5,0,-18,-10,-24,-25,-18,-18,-26,-20,sil
10.658432245254517,-4,8,3,13,0,4,-20,-3,-32,-25,-25,-20,-24,-17,sil
10.658432245254517,5,15,3,24,0,8,-1,1,-9,-3,-9,-18,-9,-7,sil
10.67282223701477,9,8,12,22,5,8,13,0,2,10,-5,-7,-4,2,sil
10.67282223701477,0,-5,0,16,9,9,15,0,0,8,-13,-11,-5,7,sil
10.689270973205566,-9,-12,-16,10,11,12,20,3,7,15,-8,-20,-1,6,sil
10.705288171768188,-15,-10,-11,2,9,11,27,3,19,20,-3,-18,0,3,sil
10.705288171768188,-10,-5,-7,6,10,5,19,0,16,17,-4,-13,-1,5,sil
10.720108032226562,0,-3,7,11,4,2,8,0,7,13,-2,-4,0,10,sil
10.720108032226562,-1,-13,0,0,-9,-3,2,0,7,7,-6,-1,-1,3,sil
10.73697280883789,-5,-18,-9,-13,-17,-14,-4,0,8,-4,-6,0,1,-1,sil
10.73697280883789,0,-9,0,-17,-10,-12,-8,-1,8,-3,4,13,10,5,sil
10.73697280883789,-1,-7,-4,-12,-9,-9,-8,-4,0,1,6,13,5,6,sil
10.75257158279419,-9,-11,-3,-20,-15,-14,-18,-1,-8,-15,-5,0,-9,-7,sil
10.75257158279419,-13,-14,-7,-38,-15,-12,-19,0,-5,-30,-12,-6,-8,-21,sil
10.767215013504028,-11,-9,-15,-43,-14,-8,-13,0,-7,-24,-6,2,-2,-17,sil
10.78226375579834,3,7,0,-19,-8,-4,-6,5,-6,-5,12,20,3,0,sil
10.78226375579834,17,22,6,6,9,0,3,7,5,9,26,27,21,11,sil
10.797527551651,14,24,12,13,15,-1,2,0,5,1,15,21,28,6,sil
10.797527551651,15,21,12,12,3,-3,-8,-1,-5,-8,11,10,13,0,sil
10.812990188598633,18,18,9,17,1,-3,-12,0,-11,-1,18,2,2,1,sil
10.812990188598633,11,15,17,25,8,0,-8,0,-12,3,12,3,2,3,sil
10.828317165374756,2,10,3,29,8,1,-3,0,-3,-1,7,-1,0,0,sil
10.828317165374756,0,8,7,23,5,4,3,1,1,-2,8,-3,-7,-1,sil
10.844060182571411,5,12,15,16,9,12,10,-1,0,3,1,2,-4,1,sil
10.844060182571411,9,6,0,17,8,14,12,-5,-1,10,-10,-2,-3,3,sil
10.859202146530151,-2,-8,-4,10,1,10,7,-1,-5,2,-18,-8,-14,0,sil
10.859202146530151,-17,-16,-8,-1,1,12,6,0,-5,0,-12,-8,-12,0,sil
10.875319242477415,-13,-12,-5,-6,2,16,10,0,1,7,-7,-12,0,6,sil
10.875319242477415,-12,-9,-4,-8,-1,6,13,0,3,15,-7,-14,1,5,sil
10.890520572662354,-18,-14,-11,-10,-7,-2,8,4,5,8,-7,-14,-1,-3,sil
10.890520572662354,-9,-17,-4,-9,-6,5,5,7,14,14,-4,-11,0,0,sil
10.90552568435669,2,-15,-9,-11,-2,7,11,0,14,24,-1,-5,0,3,sil
10.90552568435669,-2,-13,-12,-29,-7,-3,7,-3,1,1,-10,-4,-9,-2,sil
10.921397924423218,-12,-11,-9,-26,-7,-5,1,-1,3,-12,-20,-12,-14,-7,sil
10.921397924423218,-8,-8,-11,-7,0,-5,2,1,22,5,-10,-9,-1,-1,sil
10.93645691871643,0,-4,4,-8,0,-7,-3,0,22,7,2,7,7,0,sil
10.93645691871643,3,2,10,-3,-4,-3,-8,-3,6,-8,3,10,6,0,sil
10.951630115509031,10,10,11,10,-2,-5,-5,-2,0,-11,4,12,9,5,sil
10.951630115509031,13,6,9,3,0,-13,-13,1,-13,-15,3,14,8,0,sil
10.967052936553957,6,0,-5,-6,1,-13,-26,-4,-25,-20,0,6,0,-9,sil
10.967052936553957,10,10,9,1,5,-12,-20,-3,-12,-8,13,15,3,-1,sil
10.98308515548706,20,19,14,9,0,-13,-6,1,1,0,25,28,14,6,sil
10.98308515548706,13,15,4,9,-1,-6,0,2,-11,-17,7,14,2,0,sil
10.998310327529907,4,14,0,11,1,-1,0,-1,-21,-28,0,2,-14,-6,sil
10.998310327529907,8,14,0,10,0,-7,-9,-7,-13,-12,17,10,-1,0,sil
11.01436972618103,12,7,15,5,-7,-3,-14,-1,-13,0,20,12,7,5,sil
11.01436972618103,0,0,3,6,-3,8,-3,4,-10,-1,1,-6,-3,0,sil
11.03000521659851,-14,-1,-16,9,8,8,7,4,-6,-5,-6,-24,-15,-11,sil
11.03000521659851,-17,1,-4,5,10,8,5,5,0,1,0,-17,-8,-7,sil
11.045030355453491,-16,0,-8,7,9,19,-1,2,11,23,1,-6,3,6,sil
11.045030355453491,-18,-5,-10,10,13,27,2,2,13,29,-9,-11,1,2,sil
11.060490369796751,-23,-7,-5,7,13,21,22,5,4,24,-15,-25,-6,-8,sil
11.060490369796751,-22,-13,-8,-1,4,8,27,3,5,23,-14,-24,-8,-8,sil
11.076063871383669,-12,-15,-7,-7,-1,8,22,-1,13,16,-15,-13,0,1,sil
11.076063871383669,0,-14,-8,-11,-5,7,27,-4,17,9,-8,-7,4,11,sil
11.092110872268677,7,-10,5,-18,-12,-1,19,0,18,8,-6,0,0,11,sil
11.092110872268677,7,-3,5,-10,-9,-6,3,3,25,6,-7,3,3,5,sil
11.108272314071655,8,-4,-5,-2,-4,-7,-3,-3,21,2,0,3,10,7,sil
11.108272314071655,15,-2,4,-11,-8,-8,-13,-7,0,-3,1,14,10,12,sil
11.123318433761597,21,4,5,-11,-13,-10,-18,-6,-14,-12,0,14,8,5,sil
11.123318433761597,12,4,9,-2,-14,-14,-12,2,-13,-16,-3,2,3,-6,sil
11.139050245285034,-2,0,2,-4,-11,-16,-10,4,-7,-14,0,2,0,-6,sil
11.139050245285034,-7,0,-12,-12,-6,-18,-14,-5,-8,-17,5,6,0,-2,sil
11.154674291610718,-1,3,2,-13,-2,-17,-16,-10,-23,-28,0,11,-8,-11,sil
11.154674291610718,8,3,5,0,1,-12,-13,-3,-27,-24,0,13,-10,-13,sil
11.170036792755129,13,4,8,3,2,-7,-12,3,-14,-13,15,14,-2,-2,sil
11.187169790267944,7,7,15,1,7,-1,-10,2,-1,-4,21,18,0,1,sil
11.187169790267944,1,6,9,11,15,6,-6,1,2,2,12,11,-3,-1,sil
11.187169790267944,0,7,9,24,16,12,-4,3,8,10,7,0,-2,-2,sil
11.20319151878357,0,14,3,27,16,14,0,4,12,13,7,-6,0,0,sil
11.20319151878357,2,15,8,23,15,17,14,1,6,10,2,-2,0,3,sil
11.21826195716858,0,4,4,11,5,20,24,0,0,10,2,-2,0,8,thankyou
11.21826195716858,-7,-5,-18,4,0,14,17,0,-1,15,0,-13,5,4,thankyou
11.23328948020935,-12,-2,-11,4,-1,8,0,-1,-2,5,-18,-21,-4,-2,thankyou
11.23328948020935,-20,-6,-8,-3,-2,2,-6,-9,-15,-7,-27,-26,-19,-9,thankyou
11.249372720718384,-20,-7,-12,-6,1,0,6,-3,-9,4,-10,-13,-6,-1,thankyou
11.264599084854126,3,8,-1,8,10,9,25,13,25,29,14,15,25,24,thankyou
11.264599084854126,17,6,-3,9,7,15,21,8,44,29,18,16,31,32,thankyou
11.28014039993286,3,-19,-8,-13,-10,5,3,-1,27,13,0,-6,8,6,thankyou
11.28014039993286,-9,-30,-19,-28,-18,-5,6,-3,17,1,-12,-12,-2,-14,thankyou
11.28014039993286,-6,-18,-10,-30,-14,-13,8,-1,2,-11,-14,-2,-2,-13,thankyou
11.296090364456177,2,-4,4,-29,-20,-22,-10,0,-26,-15,-7,3,1,-8,thankyou
11.296090364456177,11,2,0,-14,-21,-25,-20,1,-25,-11,9,11,9,-2,thankyou
11.311373949050903,11,6,15,-3,1,-13,-17,3,-12,-28,16,18,0,1,thankyou
11.326483964920044,-1,5,11,-5,13,-11,-29,0,-22,-30,9,2,-15,-10,thankyou
11.326483964920044,-10,4,-9,-3,6,-24,-32,-6,-25,-9,-2,-22,-23,-27,thankyou
11.344055414199827,-9,10,0,12,9,-12,-5,-4,-4,-6,-14,-21,-25,-21,thankyou
11.344055414199827,-7,12,6,22,5,12,11,1,2,-10,-7,-5,-15,-2,thankyou
11.344055414199827,-2,6,6,15,-14,18,9,4,-4,4,2,3,0,9,thankyou
11.35725450515747,0,1,3,12,0,20,19,2,3,21,-7,-6,0,7,thankyou
11.373306035995483,-8,-2,1,16,21,20,23,-3,14,17,-22,-22,-16,-5,thankyou
11.373306035995483,-11,-9,0,5,0,8,4,-5,8,9,-15,-17,-9,-6,thankyou
11.388442277908323,-3,-18,-12,-11,-20,-2,-7,-4,0,2,-7,-5,6,2,thankyou
11.388442277908323,4,-6,6,-8,-9,-4,-6,-3,-3,-13,-3,7,5,7,thankyou
11.404093503952026,12,8,20,6,5,1,0,-2,0,-19,10,24,8,13,thankyou
11.404093503952026,13,6,-1,0,14,6,4,0,6,-6,7,21,17,17,thankyou
11.41931128501892,9,2,-3,-9,6,0,-3,6,3,4,-9,8,8,9,thankyou
11.41931128501892,10,2,5,-1,-9,-10,-10,5,2,14,0,8,7,8,thankyou
11.43538212776184,9,-6,9,0,-9,-8,-3,6,7,22,22,20,19,13,thankyou
11.43538212776184,2,-8,-1,-9,5,-2,4,3,13,15,26,22,19,2,thankyou
11.450629949569702,11,10,1,9,13,-4,8,-2,10,6,24,16,15,1,thankyou
11.450629949569702,32,28,29,34,9,3,10,0,0,6,31,26,20,21,thankyou
11.466321229934692,23,13,12,29,5,14,11,0,4,11,34,28,17,19,thankyou
11.466321229934692,-2,-1,-12,2,1,7,2,0,9,0,17,12,4,-1,thankyou
11.48212456703186,-10,0,-13,-5,-3,-11,-5,-2,0,-15,0,-7,0,-6,thankyou
11.48212456703186,-7,-1,-14,-6,-10,-20,-8,-5,-14,-16,-3,-16,-4,-4,thankyou
11.497141122817991,-5,-5,-1,-12,-8,-8,-11,-1,-9,-4,-5,-9,-11,-6,thankyou
11.497141122817991,-6,0,-2,-9,-1,4,-8,1,-5,-4,-11,-16,-14,-17,thankyou
11.512332439422607,-20,-5,-15,-14,-5,1,-15,0,-25,-28,-25,-39,-30,-30,thankyou
11.512332439422607,-28,-10,-18,-22,-6,-6,-17,-1,-26,-24,-30,-35,-31,-23,thankyou
11.52854609489441,-14,-3,-19,-14,9,0,0,2,10,14,-12,-10,-3,-6,thankyou
11.52854609489441,-11,-4,-9,-13,14,13,8,6,20,15,-9,-19,-6,-12,thankyou
11.544132709503174,-29,-14,-18,-18,0,7,-3,-1,-12,-17,-37,-48,-38,-31,thankyou
11.544132709503174,-28,-7,-9,-1,-2,1,0,-7,-30,-18,-45,-36,-38,-29,thankyou
11.55971360206604,-3,10,13,15,5,12,8,-1,-18,-1,-14,-9,-17,-10,thankyou
11.55971360206604,11,10,9,17,4,14,7,2,0,0,7,0,-3,3,thankyou
11.57551336288452,3,1,11,20,5,13,20,2,17,14,0,8,7,14,thankyou
11.57551336288452,-3,-4,5,18,13,16,34,0,35,39,-1,14,19,23,thankyou
11.591012001037598,11,-13,5,0,0,3,26,1,38,39,5,20,24,34,thankyou
11.591012001037598,29,-13,17,-10,-15,-6,12,0,14,9,5,31,27,39,thankyou
11.606455087661743,21,-2,7,-2,-15,-8,0,-7,-12,-13,4,18,21,29,sil
11.606455087661743,9,0,5,-8,-17,-22,-17,-3,-13,-14,12,10,13,16,sil
11.622262716293337,3,-12,-1,-17,-19,-34,-22,3,9,3,23,19,20,5,sil
11.622262716293337,1,-8,-1,-9,-8,-21,-13,2,20,12,30,19,22,-6,sil
11.638561964035034,5,13,12,10,2,0,-9,1,8,1,24,13,5,-10,sil
11.638561964035034,8,18,3,18,11,4,-7,1,-3,-2,12,10,0,-5,sil
11.65445113182068,11,9,5,8,11,0,-13,0,-7,2,7,17,5,-2,sil
11.65445113182068,15,14,12,5,3,2,-19,-5,-14,-3,13,22,5,0,sil
11.669347047805786,15,20,5,15,0,3,-10,-8,-20,-17,14,14,-1,5,sil
11.669347047805786,12,19,8,20,5,0,5,1,-8,-14,11,7,-3,5,sil
11.68538212776184,6,9,0,9,11,5,12,2,3,-7,3,-1,-1,0,sil
11.68538212776184,-4,-1,-5,-8,1,5,2,1,0,-20,-13,-15,-10,-12,sil
11.700989961624146,-13,-6,-14,-13,-10,-4,-7,2,-3,-22,-16,-21,-22,-19,sil
11.700989961624146,-16,-5,-18,-7,-3,-9,-10,2,-2,-3,-7,-24,-22,-15,sil
11.716103076934814,-21,-2,-3,-9,7,5,-4,-1,-14,0,-15,-26,-17,-16,sil
11.716103076934814,-23,-4,-5,-10,6,11,4,-2,-17,-9,-25,-27,-16,-21,sil
11.73184609413147,-23,-9,-8,-7,1,4,12,1,0,-1,-17,-24,-13,-11,sil
11.73184609413147,-23,-9,-11,-2,5,8,19,3,10,20,-4,-18,1,0,sil
11.74748182296753,-14,-4,-10,6,9,18,22,-1,2,27,-4,-7,10,5,sil
11.74748182296753,3,0,9,13,7,13,13,-1,-2,13,-8,6,2,16,sil
11.762361526489258,12,0,2,11,1,1,1,-1,8,16,-3,6,1,22,sil
11.762361526489258,8,-7,-2,-3,-6,-4,-2,-4,8,14,-4,1,4,15,sil
11.778034925460815,3,-9,0,-14,-9,-5,0,-3,3,-1,-11,0,4,12,sil
11.778034925460815,0,-11,-11,-12,-9,-5,0,-1,9,-5,-9,-1,3,9,sil
11.7941312789917,0,-11,-6,-12,-15,-11,-9,0,12,1,-2,0,1,-4,sil
11.7941312789917,3,-4,-1,-12,-15,-21,-14,0,5,-1,4,6,1,-13,sil
11.80932068824768,9,-2,3,-14,-10,-16,-16,2,-2,-6,6,19,4,-3,sil
11.80932068824768,12,-1,6,-14,-8,-3,-12,2,-1,-3,14,28,12,6,sil
11.82547640800476,15,11,7,2,-3,-5,-5,0,4,-5,31,27,17,0,sil
11.82547640800476,14,27,25,23,7,-1,-4,5,0,-9,35,20,7,-9,sil
11.840452194213867,10,19,21,16,19,11,8,7,-3,1,28,7,2,-9,sil
11.840452194213867,9,9,11,12,18,14,20,1,1,9,18,0,5,-1,sil
11.855497121810911,2,15,10,30,14,7,3,-6,-11,-3,1,-4,-5,-5,sil
11.872100591659546,-2,13,0,37,12,6,-9,-2,-22,-9,-11,-15,-17,-5,sil
11.872100591659546,0,6,4,22,12,15,12,7,-8,2,-10,-13,-8,11,sil
11.872100591659546,-10,-4,-9,6,9,19,24,2,5,6,-15,-21,-1,10,sil
11.88629937171936,-26,-23,-25,-11,-3,3,1,-6,0,-3,-32,-42,-14,-11,sil
11.887407541275024,-19,-27,-14,-23,-22,-6,-5,-1,1,-2,-27,-28,-18,-7,sil
11.902926445007324,-5,-16,-11,-19,-20,1,7,0,20,15,-9,2,-3,13,sil
11.91715121269226,-1,-8,-3,-17,-6,2,3,0,25,14,-4,11,5,18,sil
11.91715121269226,0,-5,-9,-12,-1,-11,-10,0,14,0,-1,5,10,9,sil
11.932382345199583,0,-3,-11,-15,-4,-23,-17,-2,1,-6,0,7,6,0,sil
11.932382345199583,1,0,8,-25,-3,-20,-17,-1,1,0,2,14,4,-4,sil
11.947665214538574,7,4,9,-19,-2,-10,-7,1,0,0,15,17,13,0,sil
11.947665214538574,12,9,9,-2,-3,-5,-3,0,-16,-6,20,23,6,0,sil
11.963387489318848,8,11,5,2,0,-4,-7,-1,-24,-16,8,18,-7,-8,sil
11.963387489318848,1,8,2,-1,1,-4,-6,-4,-16,-22,0,4,-6,-13,sil
11.979023218154907,2,10,12,0,1,0,-1,-4,-15,-17,4,5,-2,-7,sil
11.979023218154907,2,11,6,11,4,3,3,-2,-13,-4,6,3,-2,0,sil
11.994632720947266,-3,3,0,17,8,7,8,5,-6,-2,-3,-11,-4,-3,sil
11.994632720947266,-7,-1,-4,18,9,15,12,5,-1,0,-5,-19,-4,-6,sil
12.009881496429443,-2,-1,-6,21,4,20,14,1,8,9,-5,-13,-2,2,sil
12.009881496429443,-2,0,3,17,0,18,15,3,18,9,-14,-11,0,8,sil
12.025435447692873,-5,0,-3,17,2,14,13,4,11,14,-11,-15,0,0,sil
12.025435447692873,0,-4,-1,20,6,14,9,2,3,24,-2,-6,0,3,sil
12.041141748428345,2,-7,-1,10,8,9,8,-1,17,23,-3,-1,3,16,sil
12.041141748428345,-4,-7,-11,-5,6,-1,7,0,31,15,-3,-11,10,12,sil
12.062382698059082,-8,-9,-8,-21,-6,-10,-6,-1,5,4,-7,-7,7,0,sil
12.062382698059082,-4,-12,-12,-26,-18,-16,-23,-11,-22,-6,-7,1,0,-5,sil
12.062382698059082,4,-6,0,-24,-14,-22,-25,-7,-15,-14,10,2,6,-3,sil
12.071779251098633,11,5,11,-13,-2,-18,-15,5,5,-8,33,7,20,1,sil
12.087204217910768,14,12,8,0,2,-12,-6,2,2,-2,37,23,15,3,sil
12.087204217910768,17,12,16,5,0,-13,-10,-1,-10,-7,21,33,0,0,sil
12.10239863395691,1,6,6,-4,-9,-17,-16,0,-19,-17,4,15,-11,-11,sil
12.10239863395691,-9,6,4,-6,-6,-8,-10,4,-19,-13,0,-1,-12,-7,sil
12.118388414382936,4,14,16,22,12,14,11,4,-3,5,1,2,-11,9,sil
12.118388414382936,8,5,-1,32,18,23,24,-1,7,13,-11,0,-11,8,sil
12.133047103881836,-6,-11,-8,3,2,17,19,0,9,5,-18,-10,-5,0,sil
12.133047103881836,-12,-18,-11,-8,-3,20,18,1,24,11,-9,-13,1,5,sil
12.1490478515625,-17,-25,-18,-12,-4,15,10,0,21,6,-23,-20,-12,-4,sil
12.1490478515625,-23,-22,-11,-21,-8,-2,-6,-2,-3,-15,-34,-20,-23,-24,sil
12.164565801620483,-5,-4,-5,-9,-4,-10,-5,-4,-2,-10,-7,-1,0,-12,sil
12.164565801620483,8,0,3,-10,-4,-8,0,-3,0,-1,9,12,11,3,sil
12.180395364761353,2,0,-1,-26,-10,-16,-18,-6,-21,-15,2,2,0,-7,sil
12.180395364761353,13,24,9,0,1,-11,-23,-1,-19,-21,11,3,5,-10,sil
12.19543957710266,30,38,27,32,20,9,4,8,6,3,23,23,18,9,sil
12.19543957710266,11,8,2,16,15,14,18,5,4,15,5,7,3,14,sil
12.211201906204224,-13,-6,-9,0,5,12,6,0,-14,0,-15,-19,-12,1,sil
12.211201906204224,-13,4,-8,20,8,20,11,0,-2,0,-12,-19,-8,0,sil
12.227254629135132,-9,-1,-6,18,1,11,19,1,10,16,-12,-14,-4,7,sil
12.227254629135132,-11,-13,0,-3,-9,-2,7,1,2,15,-17,-13,0,3,sil
12.242838859558104,0,-4,-5,-4,-5,-3,1,0,8,7,-2,-4,11,4,sil
12.242838859558104,6,-2,0,-6,-7,-10,0,1,17,9,8,6,12,13,sil
12.258234739303589,-8,-13,-4,-20,-15,-23,-3,2,2,2,2,1,2,3,sil
12.258234739303589,-12,-14,-12,-24,-11,-23,-10,0,-6,-14,0,-1,0,-14,sil
12.27427887916565,7,0,4,-15,-5,-15,-14,3,4,-8,11,12,11,-4,sil
12.27427887916565,18,9,9,-4,-2,-13,-13,2,14,7,24,30,18,13,sil
12.290029525756836,15,15,14,1,0,-13,-15,-4,3,-4,27,30,11,11,sil
12.308731317520142,12,19,17,8,0,-4,-22,-10,-13,-23,25,14,1,1,sil
12.308731317520142,4,9,7,14,0,4,-21,-9,-25,-19,16,2,-6,-6,sil
12.308731317520142,-3,2,2,13,8,15,-5,-1,-29,-12,1,3,-10,-15,sil
12.32145380973816,-3,5,-5,16,12,25,12,5,-17,-3,-6,-5,-5,-16,sil
12.32145380973816,0,3,5,19,7,24,16,4,0,7,-9,-11,-9,-8,sil
12.335509538650513,0,0,6,20,9,15,15,0,15,26,-7,-1,-8,3,sil
12.35137701034546,0,0,-8,14,12,12,17,2,20,34,-4,-3,1,10,sil
12.352376699447632,-3,-8,-2,1,-2,12,12,5,14,19,-14,-12,0,4,sil
12.352376699447632,-7,-16,-6,-3,-9,7,11,0,16,7,-19,-17,-1,-2,sil
12.36648154258728,-3,-15,-9,-8,0,0,11,0,16,5,-15,-10,-2,0,sil
12.382448196411133,0,-14,-4,-16,0,-11,2,3,7,-4,-14,-5,-3,4,sil
12.382448196411133,0,-16,-10,-20,-3,-24,-5,0,0,-16,-11,-5,0,2,sil
12.39733910560608,-1,-14,-10,-23,-2,-21,-9,-3,0,-16,-3,1,-2,2,sil
12.39733910560608,0,-2,-8,-20,-2,-9,-3,0,0,-8,1,5,-9,0,sil
12.41339111328125,8,17,9,-4,2,-9,0,1,-3,-9,10,8,0,-4,sil
12.41339111328125,12,22,18,8,15,-10,-6,0,-15,-17,20,9,5,-8,sil
12.429011344909668,-8,5,-3,10,10,-2,-17,-2,-25,-13,8,-7,-8,-12,sil
12.429011344909668,-27,0,-3,5,-7,5,-14,-2,-31,-10,-10,-21,-19,-12,sil
12.445027589797974,-21,1,-5,2,-12,4,-8,-3,-30,-9,-11,-15,-11,-3,sil
12.445027589797974,-8,-3,-9,0,-5,7,-1,-4,-11,4,-6,-6,0,6,sil
12.46158218383789,-5,-4,1,2,-7,15,7,0,14,20,-1,0,8,8,sil
12.46158218383789,0,0,-2,-5,-12,10,8,2,26,22,1,2,11,7,sil
12.47610592842102,10,0,-1,-30,-8,1,7,4,22,17,0,3,14,12,sil
12.47610592842102,10,-7,-1,-29,-7,-6,2,0,18,5,3,9,19,5,sil
12.49102020263672,1,-1,5,-8,-11,-15,-12,0,7,-10,9,19,10,-7,sil
12.49102020263672,7,15,16,2,-1,-9,-14,0,3,-7,17,24,1,-3,sil
12.507097482681274,21,26,13,15,8,-1,-1,-4,-2,-5,17,11,0,0,sil
12.507097482681274,18,22,23,32,5,0,-3,-4,-27,-24,-2,-2,-11,-6,sil
12.523072719573976,5,10,13,28,10,14,4,0,-24,-20,-8,-5,-13,-1,sil
12.523072719573976,6,2,-5,20,18,26,26,3,9,7,4,1,2,6,sil
12.538227319717407,7,0,-3,28,8,23,32,7,21,22,1,2,6,6,sil
12.538227319717407,-2,-12,-10,17,0,11,24,4,16,29,-8,-9,2,5,sil
12.553521871566772,-9,-22,-5,-3,0,0,17,0,18,32,-5,-8,6,8,sil
12.553521871566772,-7,-21,-7,-2,5,-1,11,-2,20,24,0,-5,11,11,sil
12.569430828094482,-4,-21,-15,-4,4,-4,-2,0,15,16,-3,-7,8,13,sil
12.569430828094482,-1,-18,-1,-18,-3,-21,-21,3,3,5,-1,4,3,9,sil
12.58502745628357,-2,-5,-3,-19,-6,-31,-32,1,-6,-7,6,13,1,0,sil
12.58502745628357,-9,3,-5,-17,-4,-20,-30,0,-16,-17,8,0,-4,-13,sil
12.600473403930664,-9,7,0,-19,0,-11,-15,-1,-21,-23,6,-2,-9,-22,sil
12.600473403930664,0,8,2,-12,7,-5,0,-3,-16,-26,4,10,-3,-13,sil
12.616389274597168,2,8,2,-7,5,-3,-3,-5,-13,-25,0,10,-3,-2,sil
12.616389274597168,-3,5,-9,-7,-7,-11,-16,-5,-15,-18,-7,-6,-15,-8,sil
12.632153272628784,1,6,1,0,-10,-2,-12,2,-13,-20,-10,-5,-20,-11,sil
12.632153272628784,11,12,14,11,0,17,2,4,0,-19,0,6,-3,-3,sil
12.647355794906616,9,13,6,18,3,10,5,1,7,-4,12,0,7,0,sil
12.647355794906616,4,11,9,15,-1,-1,-1,0,0,7,5,-5,-2,1,sil
12.662401914596558,-2,5,0,12,0,8,0,-5,-9,8,0,-3,-7,0,sil
12.662401914596558,-10,2,-5,8,0,14,9,-2,-9,6,-9,-8,-5,-3,sil
12.678492307662964,-12,1,0,9,4,17,18,7,2,11,-19,-18,-8,0,sil
12.678492307662964,-11,-9,-2,6,6,19,15,0,8,19,-16,-21,-1,5,sil
12.694508075714111,-6,-17,0,-5,0,7,5,-5,0,17,-8,-12,4,0,sil
12.694508075714111,-2,-7,-6,0,-3,0,7,2,-1,10,-7,-10,1,-2,sil
12.710054159164429,-5,-1,-3,12,0,6,12,2,8,9,-9,-9,1,5,sil
12.710054159164429,-8,-15,-1,-5,-6,6,9,3,16,10,-6,-3,4,9,sil
12.726125478744509,-6,-28,-16,-34,-13,0,8,4,20,6,-3,0,2,3,sil
12.726125478744509,-1,-17,-5,-29,-11,3,14,1,26,14,0,6,9,9,sil
12.742227554321287,6,3,1,-1,0,2,16,-1,29,23,11,14,19,21,sil
12.742227554321287,15,9,1,0,1,-10,0,-1,10,2,14,18,15,13,sil
12.757401704788208,20,5,7,-11,-4,-16,-14,-7,-13,-21,16,24,11,0,sil
12.757401704788208,21,11,2,-1,0,-14,-14,-7,-4,-12,25,27,18,2,sil
12.773092031478882,17,14,10,3,6,-16,-19,2,3,-4,19,23,13,7,sil
12.773092031478882,13,5,9,-3,5,-13,-27,0,-9,-9,5,12,0,-6,sil
12.788429021835327,12,6,6,-2,5,-10,-19,-1,-13,-13,6,7,-6,-11,sil
12.788429021835327,7,14,6,-1,2,-17,-10,6,-5,-13,14,8,-10,-1,sil
12.803998947143556,-2,4,-1,-2,-1,-18,-10,2,-14,-14,10,-5,-12,-7,sil
12.803998947143556,-4,0,6,5,3,-3,-8,0,-19,-10,0,-10,-8,-16,sil
12.819133758544922,-6,7,2,18,13,3,-6,1,-11,-2,-5,-3,-5,-14,sil
12.819133758544922,-14,0,-11,16,10,0,-9,0,-17,-8,-10,-13,-17,-14,sil
12.835179328918455,-19,-6,-5,11,1,8,-2,-1,-16,-11,-16,-17,-22,-15,sil
12.835179328918455,-17,0,-8,10,0,20,12,3,8,1,-18,-13,-9,-9,sil
12.851295232772827,-11,0,-5,8,6,20,21,3,17,8,-19,-13,-6,-1,sil
12.851295232772827,-7,0,-3,16,9,15,26,-3,2,5,-22,-16,-9,1,sil
12.866939067840576,-10,0,-4,13,-1,9,17,-6,-11,0,-21,-16,-9,0,sil
12.866939067840576,-11,-5,0,-1,-17,0,-4,-1,-16,-6,-11,-12,-7,0,sil
12.88204836845398,-1,-6,-5,-2,-17,-4,-5,-3,-4,2,5,-5,3,10,sil
12.88204836845398,10,2,7,2,-6,4,15,3,14,19,13,7,18,21,sil
12.89723253250122,16,1,20,1,4,16,26,10,26,24,16,18,27,27,sil
12.89723253250122,15,-2,8,7,9,6,11,3,19,17,20,13,24,24,sil
12.912407875061035,9,0,4,5,1,-2,-2,0,2,1,7,5,8,10,sil
12.912407875061035,6,-6,-7,-9,-5,5,4,0,9,1,2,6,7,2,sil
12.9284348487854,3,-16,-12,-26,-4,4,6,-1,9,7,5,7,6,2,sil
12.9284348487854,-10,-17,-14,-30,-5,-11,-11,-7,-8,-6,-9,-6,-12,-12,sil
12.944117784500122,-19,-12,-14,-18,-4,-16,-18,-7,-6,-15,-20,-13,-21,-20,sil
12.944117784500122,-4,-1,8,-5,0,-1,-2,0,10,3,-1,2,-4,-2,sil
12.959381103515623,5,5,3,-6,0,0,5,5,16,13,7,6,5,6,thankyou
12.959381103515623,5,0,-4,-12,-9,-10,-7,5,11,0,-1,-2,3,0,thankyou
12.976211786270142,7,2,4,-6,-9,-9,-17,-1,3,-5,0,0,5,0,thankyou
12.976211786270142,9,8,3,-4,0,-4,-11,-4,-3,2,8,8,11,4,thankyou
12.990669012069702,3,7,4,-12,3,-3,-7,0,-6,9,9,9,13,0,thankyou
12.990669012069702,-4,-2,-3,-11,0,-1,0,0,-10,2,5,2,4,-5,thankyou
13.006392002105711,-6,-3,1,-4,-5,-5,0,-1,-19,-10,-2,1,-8,-6,thankyou
13.006392002105711,-9,4,6,1,-8,-13,-14,-1,-28,-20,-6,-3,-17,-15,thankyou
13.02141785621643,-9,7,-10,11,-1,-4,-17,-8,-22,-23,-7,-14,-19,-24,thankyou
13.037362575531006,8,18,7,23,12,12,8,0,1,-12,0,0,-6,-1,thankyou
13.037362575531006,19,30,22,37,22,11,23,15,20,6,17,20,13,20,thankyou
13.037362575531006,11,17,6,29,16,0,6,8,19,9,16,10,7,7,thankyou
13.053128242492676,9,3,-4,8,9,0,-3,-3,11,-4,-2,-5,-4,-4,thankyou
13.053128242492676,10,6,-5,10,10,0,-3,-1,3,-10,0,-3,-4,2,thankyou
13.069365739822388,1,1,5,7,3,-1,-7,3,-7,-5,8,6,-1,3,thankyou
13.069365739822388,-14,-9,-7,-9,-7,-3,-11,-2,-12,0,-3,-5,-3,-9,thankyou
13.082767724990845,-28,-14,-26,-19,-12,-9,-13,-11,-18,-15,-26,-29,-16,-23,thankyou
13.098647117614746,-26,-16,-14,-10,-6,-1,-6,-1,-18,-16,-23,-23,-25,-16,thankyou
13.098647117614746,-6,-14,0,3,9,18,19,7,-1,13,-3,-6,0,4,thankyou
13.113688230514526,6,-4,19,14,14,23,31,3,3,15,3,3,14,15,thankyou
13.113688230514526,1,-5,13,6,0,7,16,0,-2,-4,3,7,0,12,thankyou
13.129335403442385,-1,-11,-1,-9,-11,-2,7,0,-2,2,0,8,-3,10,thankyou
13.129335403442385,4,0,7,-2,-6,2,12,0,10,17,0,17,13,10,thankyou
13.144970178604126,7,0,0,5,-3,2,7,-2,15,14,8,16,17,7,thankyou
13.144970178604126,-1,-12,-1,-4,-10,0,0,1,0,8,1,-5,3,3,thankyou
13.160642623901367,-7,-8,1,1,-6,11,11,2,2,14,-9,-18,-2,0,thankyou
13.160642623901367,5,0,2,15,1,10,12,1,26,30,2,3,8,8,thankyou
13.176303625106812,18,2,4,1,-1,-3,-6,2,26,32,18,23,23,20,thankyou
13.176303625106812,12,3,-10,-8,-6,-5,-16,-4,4,3,5,1,11,9,thankyou
13.191467046737673,5,3,-7,-6,-8,-4,-11,-4,-4,-21,-14,-17,-9,-8,thankyou
13.191467046737673,0,-1,-3,-18,-10,-12,-10,0,0,-12,-14,-12,-4,-13,thankyou
13.207111835479736,-7,0,-14,-25,0,-11,-9,0,0,0,-2,-5,1,-11,thankyou
13.207111835479736,-11,6,-8,-19,5,0,-4,-1,-6,-18,-4,-6,-14,-15,thankyou
13.22321343421936,-12,0,-7,-16,-5,-4,-4,-1,-14,-35,-13,-13,-19,-19,thankyou
13.22321343421936,-11,-1,-3,-15,-8,-10,-11,-3,-18,-23,-4,-7,-6,-13,thankyou
13.23837924003601,-5,8,5,-2,7,-4,-5,0,-5,4,12,6,7,0,thankyou
13.23837924003601,2,12,5,5,16,0,8,4,8,14,13,9,9,10,thankyou
13.254153490066528,11,10,19,6,11,2,3,3,8,1,11,17,5,13,thankyou
13.254153490066528,18,13,21,18,12,4,0,2,14,5,28,28,14,19,thankyou
13.27026891708374,21,14,15,23,13,0,4,7,16,16,29,24,17,19,thankyou
13.27026891708374,10,4,2,10,3,-12,-9,0,-2,1,4,6,-1,4,thankyou
13.286319017410278,-5,-8,-7,0,-9,-16,-27,-11,-16,-15,-4,1,-9,-6,thankyou
13.286319017410278,-10,-8,6,1,-10,-3,-15,-4,-7,-9,3,7,-1,-8,thankyou
13.302160739898682,-9,-2,-2,0,2,9,3,0,-6,-6,-3,-7,-6,-14,thankyou
13.302160739898682,-11,-6,-15,-2,6,6,-2,-9,-21,-21,-27,-28,-25,-20,thankyou
13.317193031311035,-7,-7,-6,2,2,6,-4,-2,-24,-16,-23,-17,-18,-13,thankyou
13.317193031311035,6,2,-3,15,6,12,16,8,-3,14,1,1,8,0,thankyou
13.332500219345093,10,6,5,19,6,13,24,10,13,22,11,5,15,4,thankyou
13.332500219345093,-5,-4,0,19,0,15,13,0,4,0,-3,-5,-5,-4,thankyou
13.348514080047607,-12,-9,-6,8,-5,9,8,-2,-13,-14,-24,-16,-25,-14,thankyou
13.348514080047607,-5,-6,-5,-7,-10,-1,4,0,-9,-12,-23,-13,-18,-13,thankyou
13.364089250564575,-4,-9,-13,-11,-11,-10,-1,0,4,-3,-5,-6,-1,-3,sil
13.364089250564575,0,-10,-2,-10,-6,-8,-3,-1,2,-8,-4,0,-2,6,sil
13.378998756408691,8,-1,4,-7,-4,-1,0,-1,5,-5,-8,4,-4,9,sil
13.378998756408691,1,1,4,-4,-5,5,3,1,12,13,6,10,9,13,sil
13.3940908908844,-2,3,6,-6,-1,9,9,7,15,27,23,14,23,20,sil
13.3940908908844,5,3,-9,-4,0,0,3,1,19,23,20,1,15,15,sil
13.410220861434937,6,1,-3,0,-2,0,-7,-5,9,7,0,-9,0,1,sil
13.410220861434937,-3,-1,1,-3,-2,1,1,-4,-5,4,-5,-9,4,2,sil
13.426241159439089,-2,-2,-4,-7,2,-5,18,-1,0,15,2,0,17,13,sil
13.426241159439089,4,2,2,-2,8,-2,16,3,16,20,-1,2,14,8,sil
13.441317319869995,0,0,0,2,14,2,4,5,14,9,-10,-3,7,-6,sil
13.441317319869995,-6,-6,2,0,7,-10,-8,0,-8,-8,-8,-1,0,-6,sil
13.458376169204712,-8,-6,1,-10,-9,-15,-17,-4,-24,-15,-7,0,-8,-1,sil
13.458376169204712,0,2,-5,-10,-12,-4,-19,-2,-12,-10,-4,-4,-7,-1,sil
13.472304344177246,15,11,11,11,1,0,-14,2,2,-10,11,5,1,1,sil
13.472304344177246,8,8,11,14,4,-2,-7,0,0,-10,24,23,4,1,sil
13.48797869682312,-5,0,0,-17,-3,0,0,3,2,-1,19,19,0,-2,sil
13.48797869682312,-1,3,-2,-20,0,3,2,4,15,4,11,3,-1,-2,sil
13.504009008407593,8,9,5,10,7,0,0,1,10,0,7,3,0,-1,sil
13.504009008407593,7,6,15,13,1,-2,-2,-1,-5,-4,8,14,0,0,sil
13.519048929214478,6,2,1,3,0,0,-4,-7,-11,-3,12,8,3,4,sil
13.53507161140442,6,6,4,4,0,-2,-11,-4,-14,-9,9,1,1,0,sil
13.53507161140442,2,4,5,4,0,-3,-7,1,-9,-11,0,6,-2,-9,sil
13.53507161140442,-1,-5,-12,1,1,0,4,2,-1,-3,-7,0,-3,-7,sil
13.551151990890505,-9,-1,-6,9,0,2,1,3,-5,0,-11,-13,-10,-6,sil
13.551151990890505,-18,5,-9,19,6,0,-1,1,-7,-1,-11,-19,-18,-12,sil
13.56929636001587,-18,-1,-14,10,13,10,8,-1,-6,0,-20,-25,-17,-11,sil
13.56929636001587,-14,-15,-7,0,7,24,17,-1,0,5,-26,-27,-7,-1,sil
13.58245086669922,-5,-15,-13,-1,-3,9,11,-2,11,6,-17,-17,0,5,sil
13.58245086669922,2,-12,-8,-6,-8,-13,-5,-2,10,-4,-11,0,4,3,sil
13.598165035247805,7,-10,1,-13,-8,-15,-12,-4,2,-9,-5,4,5,-4,sil
13.598165035247805,12,-1,9,-16,-8,-8,-4,-4,1,-8,3,8,1,-6,sil
13.614203929901125,9,4,5,-17,-7,-8,0,0,0,-10,6,10,-4,-6,sil
13.614203929901125,0,2,-4,-8,-4,-2,0,2,-1,-2,6,1,-5,-5,sil
13.631229400634766,-1,8,12,8,1,11,6,4,-5,9,5,-3,-3,4,sil
13.6453754901886,3,9,11,17,3,14,10,1,-11,18,0,-4,0,12,sil
13.6453754901886,2,-6,1,6,-4,7,13,1,-3,16,-7,-1,6,15,sil
13.6453754901886,-3,-10,-2,-6,-6,13,23,4,16,18,-2,2,9,23,sil
13.66105031967163,-5,-5,-12,-4,0,12,24,1,27,22,5,2,11,16,sil
13.66105031967163,-2,-7,-2,-10,-9,-10,-1,0,8,2,0,5,8,-3,sil
13.677215337753296,-6,-4,-2,-21,-18,-24,-28,-1,-14,-19,-3,5,0,-11,sil
13.677215337753296,-1,9,-3,-13,-5,-13,-30,-1,-21,-20,8,8,-3,-7,sil
13.69337248802185,16,24,20,13,19,0,-15,2,-10,-12,27,20,4,-2,sil
13.69337248802185,11,26,15,35,26,0,-8,1,-5,-7,24,9,4,-2,sil
13.708012342453005,-7,15,2,33,15,4,-4,-2,-12,-1,1,-6,-5,-2,sil
13.708012342453005,-1,5,-1,23,15,18,13,-1,-4,5,-1,-1,3,8,sil
13.723453044891356,5,-6,-3,6,14,14,22,1,14,15,1,-4,9,16,sil
13.723453044891356,-5,-11,0,-8,0,3,10,2,27,23,-3,-14,0,9,sil
13.740777015686035,-2,-5,-4,-9,-3,4,4,3,33,20,0,-5,5,7,sil
13.740777015686035,5,-5,-1,-15,-1,-5,0,3,28,4,-4,4,10,7,sil
13.75408673286438,-3,-16,-8,-30,-9,-21,-1,2,14,-1,-21,-5,-4,-1,sil
13.769230127334597,-4,-17,-13,-27,-12,-16,-1,0,1,2,-16,-2,-5,-8,sil
13.769230127334597,3,-4,6,-17,-9,-8,-9,-1,-12,-4,1,15,1,-12,sil
13.784383773803713,3,2,1,-11,-7,-11,-19,-7,-13,-14,8,10,2,-14,sil
13.784383773803713,13,8,1,0,-3,-8,-16,-2,-7,-14,11,8,3,-5,sil
13.799514055252075,24,11,10,13,-2,-4,-12,1,-10,-15,19,19,1,0,sil
13.799514055252075,13,10,3,18,-1,-7,-9,-4,-16,-19,14,8,-7,-3,sil
13.815039157867432,0,15,5,16,5,1,-2,-7,-19,-17,-1,-8,-15,-8,sil
13.815039157867432,-7,9,-2,15,5,11,8,-3,-23,-16,-12,-18,-20,-14,sil
13.830487489700316,-19,-12,-9,4,-6,8,8,0,-28,-25,-24,-24,-27,-17,sil
13.830487489700316,-31,-23,-11,-2,-9,10,0,0,-20,-14,-25,-22,-20,-14,sil
13.846072435379028,-24,-13,-9,3,0,16,2,1,-8,8,-7,-12,-4,-5,sil
13.846072435379028,-11,-2,9,13,8,17,10,7,1,19,1,-3,2,7,sil
13.861989736557009,-6,-4,3,12,17,12,15,4,13,26,2,-3,8,14,sil
13.861989736557009,0,-3,0,5,14,7,20,0,29,37,5,1,14,19,sil
13.878003358840942,2,1,3,1,2,9,24,3,39,37,2,9,17,23,sil
13.878003358840942,-3,-5,-13,-12,-3,3,18,5,34,20,-10,1,9,16,sil
13.894072771072388,-2,-7,-8,-30,-12,-9,8,2,20,0,-16,-5,-5,2,sil
13.894072771072388,4,-1,-6,-26,-20,-16,0,-3,2,-10,-3,-1,-6,-2,sil
13.909372091293337,3,-4,-6,-20,-17,-15,-20,-3,-11,-12,4,4,6,-3,sil
13.909372091293337,7,0,5,-14,-5,-14,-29,-3,-15,-12,6,11,17,-4,sil
13.925483226776125,23,17,16,2,2,-15,-19,-11,-10,-8,16,15,17,0,sil
13.925483226776125,30,25,27,6,1,-15,-12,-6,-6,-7,28,20,10,2,sil
13.941073656082152,21,21,14,4,2,-6,-10,1,0,0,31,24,8,2,sil
13.941073656082152,15,19,7,22,13,3,-7,1,-2,0,26,22,9,2,sil
13.956540822982788,13,18,12,33,19,3,-8,0,-16,-12,16,13,0,0,sil
13.956540822982788,1,11,-1,20,10,0,-5,1,-21,-19,0,-4,-15,-11,sil
13.972161293029783,-6,6,0,13,8,8,5,5,-12,-13,-12,-10,-19,-11,sil
13.972161293029783,-3,1,-2,23,15,14,15,5,1,1,-7,-6,-2,2,sil
13.987444162368774,-6,-9,-13,13,7,7,13,4,10,13,-13,-17,-1,3,sil
13.987444162368774,-19,-18,-8,-6,1,12,11,2,9,8,-28,-27,-17,-6,sil
14.002618312835692,-22,-19,-10,-10,0,19,16,0,8,2,-24,-25,-14,-4,sil
14.002618312835692,-16,-19,-8,-17,-13,6,12,0,4,8,-21,-19,-6,0,sil
14.018238306045532,-16,-21,-11,-29,-20,-6,2,-3,-3,6,-23,-18,-12,-2,sil
14.018238306045532,-19,-26,-15,-30,-12,-9,-4,-4,-2,-6,-18,-17,-14,-6,sil
14.033469438552856,-16,-21,-2,-22,-16,-4,-4,3,14,-2,-14,-6,-2,-3,sil
14.033469438552856,-3,-12,-4,-10,-14,2,-1,5,26,16,0,9,10,4,sil
14.04915714263916,11,-1,1,0,-4,1,-3,0,16,16,17,22,14,13,sil
14.04915714263916,15,9,6,1,0,0,-2,-1,12,6,17,24,18,17,sil
14.071099519729614,11,13,1,3,3,0,8,1,14,12,18,25,23,16,sil
14.071099519729614,6,9,7,3,6,0,7,0,2,9,19,19,13,8,sil
14.071099519729614,5,9,5,14,6,-4,-2,-6,-4,-2,9,2,0,-2,sil
14.080102682113647,15,20,14,26,15,2,6,-1,0,0,17,7,3,0,sil
14.096229314804075,19,16,8,8,12,0,16,4,-3,1,25,10,13,4,sil
14.096229314804075,3,0,-11,-17,-7,-22,-9,-2,-16,-21,0,-8,0,-10,sil
14.111589908599854,-6,0,0,-13,-10,-24,-36,-9,-26,-32,-5,-6,-11,-16,sil
14.111589908599854,0,3,5,1,-2,-7,-23,-5,-16,-6,15,8,3,-4,sil
14.127437829971312,-1,2,0,-4,-6,-4,-15,2,-11,-3,5,2,1,-6,sil
14.127437829971312,-17,2,-6,-11,-7,-13,-28,1,-32,-26,-22,-17,-19,-28,sil
14.142907619476318,-15,-2,-9,-9,-5,-17,-30,-8,-48,-34,-21,-24,-22,-36,sil
14.142907619476318,2,-2,9,-3,-4,-7,-16,-3,-28,-25,-4,-3,-12,-11,sil
14.158472061157228,12,8,8,12,4,5,3,7,-2,-9,7,8,-2,12,sil
14.158472061157228,12,9,4,23,13,16,21,8,1,9,2,1,2,10,sil
14.174067497253418,0,2,6,23,13,26,26,5,7,20,-3,-1,1,3,sil
14.174067497253418,-6,6,0,26,18,27,24,2,18,23,-4,-1,0,10,sil
14.189661026000977,0,4,7,23,21,22,20,3,20,21,-12,-6,-5,16,sil
14.189661026000977,0,-12,-1,7,8,19,12,2,22,15,-18,-16,-9,5,sil
14.205207586288452,-14,-15,-8,-1,-4,16,14,1,27,17,-10,-16,-5,-2,sil
14.205207586288452,-8,2,1,4,0,22,31,2,36,31,2,-1,10,8,sil
14.220296144485474,2,1,-8,4,10,19,37,1,47,34,11,7,23,20,sil
14.235450267791748,2,-10,-7,-9,-1,-3,17,0,31,13,7,4,16,17,sil
14.235450267791748,0,-10,-5,-8,-13,-18,0,-1,10,4,-1,1,9,7,sil
14.235450267791748,-2,-10,-8,-8,-11,-17,-8,0,4,1,-7,0,4,0,sil
14.251490592956545,-6,-19,-8,-32,-13,-19,-20,-2,-8,-13,-7,-1,-3,-2,sil
14.251490592956545,-4,-21,-15,-41,-24,-21,-30,-11,-31,-28,-5,-3,-12,-8,sil
14.267311096191406,2,-5,0,-22,-20,-11,-23,-7,-32,-29,-2,1,-14,-13,sil
14.267311096191406,9,9,6,-1,0,-3,-3,2,-10,-16,5,8,-2,-3,sil
14.282421112060549,11,12,5,3,8,-5,1,1,-4,-10,8,10,5,6,sil
14.298311233520508,9,9,9,3,0,-3,-9,-3,-17,-9,5,8,0,1,sil
14.298311233520508,5,7,3,8,0,-6,-15,-3,-14,1,9,4,1,-1,sil
14.298311233520508,3,6,10,2,0,-8,-12,1,0,7,11,13,10,1,sil
14.314349174499512,5,5,7,-4,0,-1,-5,3,9,3,14,20,12,0,sil
14.314349174499512,0,3,-2,-1,5,4,0,1,9,7,15,7,10,-2,sil
14.329988718032835,-10,0,5,1,3,2,0,2,-2,4,1,-3,2,-4,sil
14.344128608703612,-9,0,4,0,-4,-5,-4,-2,-20,-10,-8,-8,-11,-12,sil
14.344128608703612,0,4,3,1,-4,-9,-6,1,-21,-11,-8,-9,-13,-14,sil
14.35979151725769,-2,6,-6,-1,3,0,-1,7,-7,1,-3,-6,0,-3,sil
14.3607919216156,2,7,-7,6,7,3,2,2,4,4,5,7,9,9,sil
14.375517845153809,10,14,18,34,5,3,0,-1,8,0,11,14,7,10,sil
14.375517845153809,-2,7,2,31,4,4,-2,-4,5,3,0,-7,-4,0,sil
14.391019821166992,-16,-5,-13,0,6,7,-1,-3,-1,-1,-15,-19,-14,-9,sil
14.391019821166992,-10,-5,-4,-6,5,7,1,-2,2,-8,-17,-7,-7,-9,sil
14.407068490982056,-8,-7,-7,-8,-2,0,0,-1,7,-9,-13,-12,-6,-7,sil
14.407068490982056,-13,-15,-5,-21,-8,-1,0,-1,0,-9,-14,-22,-13,-10,sil
14.422222137451172,-4,-12,-8,-10,-1,7,7,-4,-6,-5,-9,-14,-8,-15,sil
14.422222137451172,5,-8,-1,0,2,11,12,-2,-8,-6,-8,-5,-6,-8,sil
14.437495470046995,9,-3,8,0,4,7,15,1,-1,-3,-6,-1,-2,11,sil
14.437495470046995,10,7,6,9,5,5,17,2,14,11,6,5,11,23,sil
14.45271921157837,3,2,3,6,-4,8,7,7,13,13,11,7,10,14,sil
14.45271921157837,-3,-6,-10,-2,-4,5,7,9,3,5,9,0,2,2,sil
14.468337059020996,3,2,-3,4,15,7,20,4,5,14,17,7,9,6,sil
14.468337059020996,11,9,11,14,17,10,19,3,6,17,16,17,10,12,sil
14.484459400177002,4,2,0,11,1,0,4,2,3,10,1,8,1,3,sil
14.484459400177002,0,7,1,4,0,-8,0,0,6,14,5,7,3,1,sil
14.50001096725464,5,8,1,0,0,-8,-2,-5,12,17,14,10,10,7,sil
14.50001096725464,8,0,5,0,-6,-8,-4,-2,11,8,0,2,6,12,sil
14.516239643096924,5,6,6,0,-3,-2,0,2,9,6,-8,-2,0,11,sil
14.516239643096924,-2,3,-7,-5,-7,-3,1,0,4,-1,-9,-6,-4,4,sil
14.531318187713625,-5,-9,-1,-12,-19,-13,-11,-3,-8,-18,-18,-6,-11,-3,sil
14.531318187713625,-5,-6,-2,-9,-10,-10,-29,-3,-14,-13,-12,-5,-4,-8,sil
14.54663634300232,-3,0,-5,-8,-3,-10,-37,-4,-17,-7,-2,-1,-2,-11,sil
14.54663634300232,0,-7,5,-15,-11,-17,-29,-3,-16,-11,-4,10,-8,-8,sil
14.56255030632019,5,-11,0,-15,-11,-11,-11,-3,-2,-7,1,12,-1,-2,sil
14.56255030632019,4,-5,4,-13,-7,-4,-12,-4,-4,-14,6,7,0,-7,sil
14.57819366455078,-3,0,-1,-9,-5,-6,-18,-2,-19,-26,-5,1,-8,-18,sil
14.57819366455078,-11,-2,-12,-4,0,0,-11,1,-18,-20,-12,-6,-10,-16,sil
14.593562841415403,-7,-2,0,1,8,16,2,-2,-1,-7,3,-6,-2,-1,sil
14.593562841415403,-4,-1,4,11,13,17,16,-4,4,-3,12,-4,0,0,sil
14.609142780303957,-7,6,7,15,14,4,15,6,-4,-2,-1,-4,0,-4,sil
14.609142780303957,-1,12,6,9,11,0,10,10,0,7,4,3,6,0,sil
14.625238418579102,8,9,-1,-1,0,2,11,2,15,21,27,10,24,8,sil
14.625238418579102,5,5,2,3,0,8,17,7,16,19,19,3,25,7,sil
14.640422582626345,0,0,0,13,10,13,23,7,9,9,0,-3,16,7,sil
14.640422582626345,2,-2,0,4,12,12,24,0,5,7,-3,0,7,10,sil
14.656375169754028,0,2,-5,-2,4,3,12,-2,-1,2,-9,-12,-9,0,sil
14.656375169754028,-4,-1,-12,-5,1,-2,2,1,1,-5,-13,-22,-19,-8,sil
14.672159194946287,-4,-11,0,-11,0,4,6,4,10,-4,-6,-7,-5,-2,sil
14.672159194946287,-5,-1,-2,5,-4,1,6,0,4,-1,-4,0,0,0,sil
14.687237739562988,0,9,4,23,0,-8,-4,-1,-6,0,-4,0,-13,0,sil
14.687237739562988,2,1,5,9,2,-5,-7,-3,-3,8,2,4,-10,4,sil
14.702611684799194,-2,-4,-8,-3,-6,-5,-8,-7,-7,8,3,0,-6,0,sil
14.702611684799194,-5,6,0,5,-9,-8,-15,-2,-17,0,0,-6,-13,-8,sil
14.718470573425291,-1,3,-4,11,0,1,-10,0,-2,7,1,-4,-5,-8,sil
14.718470573425291,1,-4,-10,-3,-1,7,-2,0,10,10,-5,-6,0,0,sil
14.7339768409729,2,2,0,-9,-7,6,0,3,12,1,-14,-6,-3,9,sil
14.7339768409729,4,6,4,2,0,6,0,1,15,1,-10,0,0,8,sil
14.749386548995972,5,0,9,5,8,5,7,0,23,16,-2,8,11,5,thankyou
14.749386548995972,7,-3,3,0,6,0,5,1,20,18,4,10,21,10,thankyou
14.764915704727173,13,-4,10,-9,-3,-14,-10,0,-4,-8,9,20,14,14,thankyou
14.764915704727173,13,-6,13,-20,-14,-26,-12,-2,-20,-21,19,34,12,11,thankyou
14.780562162399292,13,-5,3,-15,-11,-20,-3,-3,-5,-7,29,35,19,8,thankyou
14.780562162399292,15,8,16,1,-1,-6,-16,-3,-9,-14,23,26,8,0,thankyou
14.796115636825562,5,16,8,5,6,-3,-27,-7,-35,-30,11,10,-10,-13,thankyou
14.796115636825562,-5,6,0,4,8,1,-15,-3,-32,-22,0,2,-12,-19,thankyou
14.811304569244385,-3,3,10,10,3,13,-3,2,-11,-12,-9,-4,-10,-16,thankyou
14.811304569244385,-11,0,-10,11,-2,12,7,2,-8,-12,-20,-30,-17,-18,thankyou
14.827420949935911,-26,-15,-24,0,-4,12,22,7,-5,-12,-34,-42,-24,-17,thankyou
14.827420949935911,-26,-21,-24,-5,2,19,28,6,9,0,-36,-31,-18,-7,thankyou
14.842838764190674,-22,-19,-21,-5,6,24,26,1,19,14,-29,-31,-8,-1,thankyou
14.842838764190674,-19,-12,-10,-6,0,21,24,0,23,24,-18,-29,0,3,thankyou
14.859399795532228,-1,-3,-5,-1,-2,-1,15,0,29,25,0,-12,13,15,thankyou
14.859399795532228,11,0,6,-6,-3,-25,-1,-2,13,16,5,2,17,16,thankyou
14.873788356781006,4,-3,-1,-15,-3,-16,-8,-2,0,14,3,4,16,6,thankyou
14.890475034713743,2,3,-5,-6,4,0,-7,0,2,21,19,11,19,10,thankyou
14.890475034713743,5,9,9,3,13,0,-9,4,3,14,27,20,10,11,thankyou
14.890475034713743,-4,-10,0,-18,-3,-8,-17,1,-7,-8,2,1,-9,-10,thankyou
14.90503478050232,-9,-15,-2,-44,-30,-16,-23,-8,-19,-20,-12,-8,-17,-27,thankyou
14.90503478050232,4,9,2,-22,-14,-15,-4,-6,-10,-5,6,7,-5,-10,thankyou
14.921041011810305,20,20,5,10,16,-4,13,5,9,4,23,22,8,16,thankyou
14.921041011810305,29,27,24,24,14,1,7,11,16,-2,31,28,19,25,thankyou
14.936394691467283,31,36,22,40,4,3,3,5,17,0,42,36,27,21,thankyou
14.936394691467283,11,24,9,38,10,10,8,3,10,4,25,29,9,8,thankyou
14.952019691467283,-14,2,-5,11,10,10,-1,-2,-12,-8,-8,-2,-20,-17,thankyou
14.952019691467283,-19,-1,-9,5,1,-1,-16,-8,-22,-14,-13,-20,-25,-29,thankyou
14.96822190284729,-9,5,2,15,-1,-5,-9,-4,-14,-9,-5,-7,-13,-13,thankyou
14.96822190284729,0,2,0,19,0,-4,-4,-3,-12,-14,-13,-2,-12,0,thankyou
14.98324966430664,20,6,16,22,-2,-6,-11,-2,-10,-14,-10,3,-2,10,thankyou
14.98425030708313,32,14,25,24,-2,0,-7,1,0,1,5,17,12,19,thankyou
14.999073028564451,6,0,0,11,4,7,0,3,-1,4,0,0,5,6,thankyou
15.014110088348389,-27,-24,-13,-13,3,6,-5,3,-2,-1,-24,-31,-13,-19,thankyou
15.014110088348389,-36,-39,-30,-30,-10,7,0,0,13,7,-25,-36,-12,-24,thankyou
15.015109777450562,-21,-35,-23,-32,-15,12,18,1,14,17,-11,-19,-1,-5,thankyou
15.02926230430603,-7,-21,-3,-19,-4,11,18,-1,-6,9,-14,-11,-1,4,thankyou
15.04534387588501,-4,-13,-5,-11,0,3,4,-11,-19,-13,-31,-16,-12,-1,thankyou
15.04534387588501,-3,-4,-2,-12,-2,0,3,-4,-10,-18,-23,-7,-7,0,thankyou
15.06077265739441,0,3,-1,-13,0,-1,11,6,9,3,2,0,10,2,thankyou
15.06077265739441,-3,0,0,-14,0,-1,7,3,11,17,-1,-6,11,-6,thankyou
15.075464963912964,-12,-9,1,-11,-2,3,5,0,0,13,-9,-5,8,-4,thankyou
15.075464963912964,-10,-7,-4,-11,0,9,15,1,0,14,10,8,18,12,thankyou
15.09134817123413,8,2,5,-8,6,8,10,0,3,6,19,20,13,17,thankyou
15.09134817123413,25,9,7,13,4,-2,-6,0,12,0,22,25,9,16,thankyou
15.106462478637695,32,16,9,34,3,-11,-14,3,31,14,37,32,17,27,thankyou
15.106462478637695,27,21,12,26,13,-2,-8,3,33,22,35,24,12,22,thankyou
15.122387647628784,4,8,-5,3,12,-1,-4,2,16,5,11,-3,-6,0,thankyou
15.122387647628784,-10,-3,-4,-10,-11,-12,-4,4,3,-9,-3,-7,-18,-5,thankyou
15.13802433013916,-1,0,-5,-7,-12,-12,3,-2,-4,-19,-3,6,-11,0,thankyou
15.13802433013916,4,5,-6,-7,3,-12,6,-8,-22,-30,-7,3,-5,-7,thankyou
15.153838396072388,-4,2,2,-16,-1,-15,-8,-7,-34,-30,-10,-5,-12,-18,thankyou
15.153838396072388,-6,5,0,-1,-8,-10,-18,-5,-21,-13,0,-4,-5,-21,thankyou
15.169020891189575,1,12,7,12,3,-7,-17,1,-4,0,1,1,5,-20,sil
15.169020891189575,-6,0,-3,-7,2,-12,-19,1,1,0,-10,1,-2,-17,sil
15.185055494308472,-22,-16,-16,-34,-13,-9,-23,-3,-10,-14,-11,-5,-19,-17,sil
15.185055494308472,-13,1,2,-14,-7,6,-8,2,-16,-16,5,-6,-10,-10,sil
15.201177835464478,3,21,11,32,16,14,8,8,2,7,18,0,12,2,sil
15.201177835464478,0,13,13,45,18,7,2,3,7,16,7,-1,16,3,sil
15.217496395111084,-6,9,8,31,6,11,0,0,-9,8,-4,-8,3,0,sil
15.217496395111084,9,8,6,21,0,23,13,-2,-13,7,-5,-7,0,9,sil
15.233394145965576,15,-1,10,17,-2,20,16,0,-3,5,0,-3,4,16,sil
15.233394145965576,1,-7,-3,11,-3,11,13,0,5,16,1,-6,6,13,sil
15.249094724655151,-2,-5,-2,0,-1,16,16,-1,7,22,-2,-3,2,16,sil
15.249094724655151,0,-12,-5,-13,-7,12,11,-1,-2,0,-7,-1,-2,10,sil
15.264224290847778,1,-11,-10,-14,-14,0,7,0,-1,-12,-2,-3,-5,1,sil
15.264224290847778,5,-1,7,-2,-10,0,13,2,11,5,-1,0,-1,6,sil
15.279408931732178,0,-9,-2,0,-7,-4,5,0,9,7,-13,-5,0,1,sil
15.279408931732178,-5,-21,-16,-21,-11,-13,-11,-1,0,-7,-23,-11,-17,-14,sil
15.294998168945312,-7,-17,-12,-36,-12,-6,-8,-1,7,-7,-22,-6,-24,-12,sil
15.294998168945312,-5,-11,-9,-19,-1,0,3,0,19,3,-12,0,-4,0,sil
15.310061693191528,8,0,7,2,7,0,9,5,21,18,6,17,20,9,sil
15.310061693191528,12,5,1,2,5,-4,12,8,23,19,16,20,27,13,sil
15.32530403137207,0,-6,-9,-15,-7,-13,3,0,10,-10,-3,1,6,1,sil
15.32530403137207,-4,-11,0,-15,-8,-13,-3,-6,-5,-21,-7,-1,-6,-11,sil
15.340463638305664,3,0,8,-1,8,-5,-1,-1,-2,-1,16,16,1,-3,sil
15.340463638305664,5,9,10,2,16,-8,-10,2,-1,-1,15,15,2,5,sil
15.35652995109558,7,15,0,6,9,-13,-17,3,-4,-6,9,2,3,1,sil
15.35652995109558,11,16,6,9,12,-5,-10,4,0,8,32,15,21,9,sil
15.37207317352295,6,6,9,-4,16,-2,-14,0,5,6,38,21,15,10,sil
15.37207317352295,-8,7,-11,-5,18,-3,-22,-12,-3,-13,9,-3,-11,-18,sil
15.387367725372314,-15,24,0,21,35,6,-10,-7,-18,-15,0,-11,-14,-29,sil
15.387367725372314,-4,20,11,27,37,2,-4,0,-25,-14,6,0,-6,-11,sil
15.402887344360352,2,3,6,2,15,-7,-11,-2,-31,-25,-1,0,-11,-3,sil
15.402887344360352,-3,16,5,2,18,8,-3,-4,-35,-10,-7,-5,-5,-4,sil
15.41878628730774,-7,26,-2,21,19,18,0,1,-29,9,-9,-21,0,-7,sil
15.41878628730774,-13,-1,-6,8,-13,6,-6,5,-11,-1,-26,-31,-19,-8,sil
15.434407711029053,-27,-28,-18,-5,-16,15,8,0,14,10,-28,-24,-23,2,sil
15.434407711029053,-4,-31,-5,12,-4,26,29,1,20,29,-16,-11,2,9,sil
15.45011830329895,29,-42,16,5,-38,14,30,7,19,11,-21,-5,13,7,sil
15.45011830329895,10,-32,-5,-34,-59,-1,31,1,31,9,-17,0,9,14,sil
15.46518850326538,-18,19,-10,-25,-35,-8,19,0,21,17,4,6,11,13,sil
15.46518850326538,-6,23,-3,7,-46,-9,-3,2,-10,-11,12,6,2,0,sil
15.480681896209717,1,-26,-6,-14,-84,-12,-16,-4,-26,-34,0,1,-12,-11,sil
15.480681896209717,2,-18,0,-30,-55,-17,-21,-7,-14,-17,0,7,-4,-10,sil
15.498095273971558,17,25,7,15,0,-9,-15,2,4,0,17,15,5,0,sil
15.498095273971558,16,18,16,23,6,4,-2,8,12,0,12,17,-2,9,sil
15.512253284454346,5,-1,12,-7,21,7,6,3,19,2,1,8,3,8,sil
15.512253284454346,14,6,4,9,58,7,12,2,35,26,11,6,22,17,sil
15.529628276824951,12,12,7,40,38,15,15,10,31,41,14,13,14,25,sil
15.529628276824951,-6,0,-9,16,3,8,7,-1,4,26,0,-1,1,10,sil
15.543182373046877,-9,-17,-13,-17,18,-9,-3,-13,-12,3,-7,-18,0,-2,sil
15.543182373046877,-8,-18,-11,-11,34,-8,-4,-8,-8,-4,-5,-10,-3,-3,sil
15.55903458595276,-14,-9,-13,-19,22,-5,1,0,7,-6,-11,-4,-7,-7,sil
15.55903458595276,-1,-3,-2,-47,10,-10,1,-1,9,-7,-11,-2,0,-12,sil
15.57638430595398,11,7,-4,-27,6,-10,-8,-4,-4,-15,5,7,1,-15,sil
15.57638430595398,9,25,13,8,17,-3,-19,2,-12,-23,22,24,0,-9,sil
15.591453313827516,10,26,35,14,29,-7,-17,12,-3,-2,34,31,17,7,sil
15.591453313827516,8,8,12,16,17,-13,-11,4,-7,9,22,13,18,6,sil
15.608008861541748,-7,3,-8,12,2,-4,-12,-6,-27,-18,-10,-13,-15,-18,sil
15.608008861541748,-13,1,-11,1,2,7,-4,-8,-30,-32,-12,-22,-26,-21,sil
15.622287034988403,-5,-5,0,0,-4,11,13,-3,-23,-19,-1,-11,-12,-4,sil
15.622287034988403,-14,-9,0,3,-12,13,21,0,-16,-7,-17,-12,-11,-7,sil
15.638949871063232,-25,-10,-11,7,-7,11,11,0,-2,3,-29,-20,-12,-14,sil
15.638949871063232,-11,-7,2,15,-5,7,6,1,2,10,-16,-15,-6,0,sil
15.655069351196287,1,-5,-1,19,-11,5,12,2,-1,14,-7,-11,-1,9,sil
15.655069351196287,1,-3,-6,17,-17,7,12,4,5,20,-8,-7,3,14,sil
15.671254634857178,0,-7,-2,5,-15,6,9,7,21,20,-4,-1,14,21,sil
15.671254634857178,0,-15,-12,-23,-9,-1,4,3,20,17,0,0,17,14,sil
15.684823513031006,-1,-11,-6,-37,-12,-4,-9,-2,9,10,-4,0,1,1,sil
15.684823513031006,0,1,-6,-17,-19,-7,-18,-8,9,-2,-12,-2,-11,-3,sil
15.702382802963257,13,8,-3,0,-14,-14,-14,-1,13,-5,0,3,-7,-6,sil
15.702382802963257,26,13,13,6,0,-5,-9,3,16,0,31,26,4,0,sil
15.716559886932371,17,5,3,0,0,0,-10,0,14,-8,39,26,9,1,sil
15.73332691192627,3,-6,3,-19,-8,-7,-12,0,-1,-15,18,16,1,-2,sil
15.73332691192627,9,7,16,-5,-2,-2,-6,-2,-14,-7,16,19,2,5,sil
15.73332691192627,21,29,22,28,8,3,-2,-4,-16,-6,26,21,11,15,sil
15.748482704162598,12,28,15,26,5,-3,-5,2,-9,-6,13,12,9,5,sil
15.748482704162598,-7,9,-7,9,3,-2,-3,0,-10,-4,-14,-12,-9,-12,sil
15.76249623298645,-27,-8,-8,0,3,12,0,-7,-25,-13,-33,-35,-28,-24,sil
15.778072595596312,-30,-12,-9,-4,5,17,10,-2,-24,-11,-29,-34,-19,-17,sil
15.778072595596312,-10,-5,-10,-1,15,17,28,4,0,10,-14,-11,4,11,sil
15.793273210525513,0,-9,0,4,12,14,36,13,24,33,-7,6,15,25,sil
15.793273210525513,-10,-23,-11,-10,-4,-1,24,13,31,37,-9,-2,11,9,sil
15.808696269989014,-13,-23,-8,-27,-13,-11,9,5,24,12,-12,-15,6,-2,sil
15.808696269989014,-8,-8,-2,-8,-6,-4,11,-1,21,-6,-9,-8,10,0,sil
15.824228286743164,-6,-1,-8,0,0,-5,6,0,18,-2,-7,-1,9,-3,sil
15.824228286743164,0,-2,-2,-17,4,-11,-13,-1,4,-3,0,2,0,-6,sil
15.840171337127686,14,3,3,-4,12,-7,-14,-8,0,-2,23,15,5,-1,sil
15.840171337127686,21,16,14,12,9,-8,-10,-7,0,4,32,24,11,0,sil
15.8565571308136,19,12,14,0,-3,-17,-27,-2,-19,-5,15,11,-3,-3,sil
15.8565571308136,16,5,8,4,-3,-14,-34,-5,-33,-15,13,6,-13,-3,sil
15.872455596923828,7,14,16,17,7,-2,-17,-7,-33,-14,16,14,-9,-4,sil
15.872455596923828,-10,5,-4,3,4,0,-7,-2,-27,-18,-6,-2,-14,-12,sil
15.888352632522585,-13,-5,-10,1,-2,13,0,5,-17,-18,-17,-17,-16,-8,sil
15.888352632522585,0,8,6,32,6,29,16,5,2,4,-2,-4,-4,5,sil
15.904370069503784,3,10,2,29,7,22,23,1,19,20,-2,-3,5,13,sil
15.904370069503784,0,-11,-4,-12,-9,2,12,1,27,17,-7,-4,11,13,sil
15.921066522598268,-1,-18,-13,-27,-11,-7,1,-1,23,14,2,0,14,6,sil
15.921066522598268,-1,-9,-5,-20,-10,-14,-14,-7,0,-3,0,2,0,-4,sil
15.921066522598268,5,3,7,-18,-8,-11,-19,-4,-16,-24,-2,10,-5,-4,sil
15.937214136123655,15,14,4,-3,5,-1,-4,2,-13,-14,9,20,0,2,sil
15.937214136123655,4,6,7,16,8,2,3,10,-3,1,1,6,-7,2,sil
15.951309442520142,-20,-7,-3,15,0,6,6,4,2,6,-14,-22,-15,-9,sil
15.96738314628601,-26,-9,-14,0,3,8,17,-1,5,17,-15,-27,-7,-10,sil
15.96738314628601,-11,-10,-14,-5,7,5,24,0,10,21,-6,-15,4,6,sil
15.982759952545166,0,-16,-18,-11,-3,-4,10,3,20,14,-2,-11,15,17,sil
15.982759952545166,0,-6,2,-11,-11,-7,-4,2,16,5,0,2,16,10,sil
15.99847173690796,12,7,11,3,-6,-1,-4,-1,3,-2,10,20,11,0,sil
15.99847173690796,25,18,9,16,0,-1,-3,1,-6,-22,16,20,0,-6,sil
16.014060020446777,10,24,14,8,5,-6,-11,3,-16,-37,9,10,-14,-11,sil
16.014060020446777,-9,14,6,4,6,0,-7,-3,-23,-27,2,-1,-16,-15,sil
16.030057668685913,-11,0,8,13,5,14,0,-5,-24,-8,-6,-14,-14,-18,sil
16.030057668685913,-15,-4,-2,17,9,19,4,-4,-13,10,-9,-23,-12,-11,sil
16.04645562171936,-15,-7,-11,3,2,14,7,-4,0,18,-6,-18,-2,3,sil
16.04645562171936,2,-8,1,-5,-6,8,8,0,9,9,-12,-4,4,14,sil
16.06151580810547,9,-6,-4,0,-1,0,3,2,15,5,-18,-1,3,17,sil
16.06151580810547,3,-5,-5,-7,0,-5,0,3,22,16,-8,5,7,19,sil
16.083136558532715,1,-6,-3,-23,-10,-9,1,4,22,16,-1,9,10,10,sil
16.083136558532715,0,-7,0,-28,-12,-11,-2,-2,4,6,0,6,0,-3,sil
16.083136558532715,0,-4,7,-16,-6,-8,-7,-6,-10,8,13,11,0,-7,sil
16.093231201171875,2,-1,-4,-9,-5,-14,-8,0,-7,6,17,5,5,-10,sil
16.1086483001709,0,-4,-1,-18,-10,-20,-9,3,0,-17,4,-1,-2,-11,sil
16.1086483001709,3,-3,5,-14,-9,-7,0,5,11,-16,13,11,8,5,sil
16.124387979507446,20,4,5,6,0,0,5,3,20,14,30,28,34,23,sil
16.124387979507446,19,8,14,9,1,-6,-6,0,12,16,20,27,26,19,sil
16.140065670013428,4,3,2,-1,1,-5,-6,-4,3,0,6,18,6,6,sil
16.140065670013428,3,8,-1,3,12,2,4,0,4,1,12,17,11,1,sil
16.156397581100464,7,19,1,18,16,1,0,-2,-6,7,18,8,12,-4,sil
16.156397581100464,0,17,-1,22,5,-2,-12,-3,-26,-16,0,-15,-16,-21,sil
16.171414375305176,-10,5,-3,10,1,-3,-13,1,-32,-49,-27,-28,-40,-34,sil
16.171414375305176,-21,-6,-20,0,6,2,-7,-2,-28,-54,-30,-30,-37,-29,sil
16.18775987625122,-27,-8,-14,3,4,9,-8,-2,-33,-32,-21,-24,-32,-15,sil
16.18775987625122,-14,0,6,10,7,12,-4,6,-21,1,-22,-12,-23,-3,sil
16.202444791793823,5,4,9,17,13,20,12,7,4,21,-14,-7,-8,7,sil
16.202444791793823,9,6,16,27,13,31,26,5,11,24,-2,-6,0,17,sil
16.218008518218994,-1,3,4,30,12,24,25,0,12,31,-2,-10,7,12,sil
16.218008518218994,-6,-3,-3,10,3,11,18,-3,24,33,0,-11,11,3,sil
16.233421325683594,0,-3,0,-1,-9,3,9,-1,20,17,5,-6,9,7,sil
16.233421325683594,-3,-9,-8,-8,-13,-13,-4,-5,-2,-5,-7,-6,1,7,sil
16.249073028564453,-10,-19,-2,-25,-12,-20,-14,-5,-10,-13,-20,-2,-6,1,sil
16.249073028564453,2,-11,2,-19,-10,-5,-4,0,5,3,0,5,4,9,sil
16.265191555023193,21,4,4,-2,-12,1,7,2,15,14,18,16,23,20,sil
16.265191555023193,12,3,-2,-13,-12,-3,9,-1,8,5,11,16,14,8,sil
16.280431509017944,-3,-8,-13,-21,-4,-5,0,-5,2,0,6,5,0,-5,sil
16.280431509017944,0,-10,1,-12,-2,-4,-6,0,3,2,10,2,6,0,sil
16.296063899993896,0,-8,-1,-14,-9,-4,-4,1,13,7,8,6,15,3,sil
16.296063899993896,-1,-10,-12,-28,-8,-6,-2,2,19,-4,0,10,2,-2,sil
16.311525583267212,1,-8,-2,-21,0,-8,-7,4,4,-23,-1,8,-9,-8,sil
16.311525583267212,1,-2,-3,-1,1,-8,-5,1,-12,-17,0,0,-5,-13,sil
16.32688069343567,0,3,2,-1,0,-8,3,0,-13,-6,-3,3,-3,-13,sil
16.32688069343567,2,1,1,-5,-2,-6,7,1,-2,-8,-3,1,-7,-8,sil
16.342439651489258,-1,3,-1,-5,-2,-2,0,2,-5,-8,-5,-9,-9,-6,sil
16.342439651489258,-3,15,6,2,2,0,-10,2,-7,-1,-2,-2,-5,-5,sil
16.358450651168823,2,17,5,22,8,0,-9,0,2,4,13,8,6,1,sil
16.358450651168823,11,15,19,33,14,5,-4,0,9,20,24,16,18,14,sil
16.37403964996338,15,24,21,30,20,9,-3,3,11,27,26,20,20,17,sil
16.37403964996338,9,20,5,25,13,0,-7,-1,3,9,17,8,11,4,sil
16.39015507698059,0,4,1,14,0,-3,-15,-6,-9,-8,2,-3,0,-5,sil
16.39015507698059,-6,-2,-5,-2,1,0,-11,-6,-13,-10,-3,-6,-6,-2,sil
16.406264543533325,-9,0,-1,-4,7,3,-2,-3,-15,-13,-10,-6,-7,0,sil
16.406264543533325,-13,-1,-3,7,3,10,-2,-6,-18,-14,-20,-12,-11,-12,sil
16.42143201828003,-15,-9,-8,0,0,7,0,0,-12,-5,-20,-14,-18,-19,sil
16.42143201828003,-12,-7,3,-9,-3,-5,6,6,-8,-2,-13,-9,-16,-5,sil
16.436654806137085,-8,-3,-4,4,-9,-8,8,0,-4,-5,-7,-5,-3,7,sil
16.436654806137085,4,0,-1,15,-1,4,14,2,2,0,0,-1,1,12,sil
16.45231866836548,17,0,5,8,7,16,24,10,10,14,7,1,7,15,sil
16.45231866836548,10,-1,-6,2,0,9,18,4,19,18,8,1,11,8,sil
16.467565536499023,4,-4,-2,-8,-9,4,10,-1,15,7,-2,-2,-1,-2,sil
16.467960834503174,5,-8,-3,-14,-7,7,16,0,5,4,-11,-12,-12,-2,sil
16.482990980148315,-5,-16,-12,-18,-9,3,13,0,0,0,-11,-14,-12,-3,sil
16.482990980148315,-23,-17,-19,-22,-12,0,-1,-7,-1,-13,-19,-16,-19,-18,sil
16.49839210510254,-19,-12,-18,-16,-4,2,-6,-11,-9,-19,-26,-24,-21,-21,sil
16.49839210510254,0,-2,3,-7,-2,0,-2,-1,-10,-3,-6,-8,0,0,sil
16.513545036315918,8,0,5,-4,-6,0,-2,2,2,15,13,10,21,14,sil
16.513545036315918,4,-4,3,0,-1,-2,-11,0,4,13,6,8,17,15,sil
16.52948522567749,0,0,0,6,6,-9,-11,0,0,5,0,7,11,11,sil
16.52948522567749,7,5,-6,2,5,-16,-1,1,5,4,1,12,14,4,sil
16.54504418373108,12,1,8,-2,0,-6,0,0,7,0,2,16,12,3,sil
16.560302734375,2,-8,6,-7,0,3,-1,0,6,6,14,17,11,7,sil
16.560302734375,-1,-5,1,-10,2,-4,-4,0,11,11,15,15,8,7,sil
16.560302734375,4,4,6,0,2,-12,-8,-1,10,-10,2,12,3,2,sil
16.576232194900513,7,8,3,2,0,-8,-10,0,0,-18,11,13,5,3,sil
16.592352151870728,7,13,20,-1,4,-4,-9,7,1,4,23,19,5,0,sil
16.592352151870728,3,22,18,8,9,-4,-4,7,10,18,19,15,4,-7,sil
16.592352151870728,-1,20,4,13,2,-6,-3,0,7,0,14,3,0,-11,sil
16.60798144340515,0,11,6,-5,-4,-5,-7,-1,-1,-19,12,-1,-9,-10,sil
16.60798144340515,2,7,1,-3,0,-4,-9,-2,-8,-14,4,-2,-9,-12,sil
16.623478889465332,-2,11,4,16,3,-2,-12,-9,-27,-12,-5,-8,-6,-9,sil
16.624477863311768,-5,7,0,23,0,0,-12,-12,-29,-10,-5,-11,-1,-3,sil
16.63954520225525,10,5,0,29,3,13,3,-2,-6,4,7,4,7,6,sil
16.63954520225525,22,12,12,33,12,27,20,8,1,11,13,14,9,13,sil
16.65520477294922,0,3,-5,15,12,16,18,6,-4,-1,-6,-12,-5,0,thankyou
16.65520477294922,-14,-16,-14,-8,0,4,9,4,0,-4,-29,-31,-20,-11,thankyou
16.670469522476196,-4,-15,-9,-2,-7,5,12,6,3,0,-19,-20,-18,-4,thankyou
16.670469522476196,-7,-6,-13,2,-8,1,13,2,-5,-7,-14,-18,-11,-3,thankyou
16.687013626098633,-22,-12,-12,-11,-5,2,8,-1,-8,-5,-28,-22,-12,-4,thankyou
16.702455759048462,-18,-23,-20,-17,-2,8,7,0,2,12,-19,-16,-9,0,thankyou
16.703455686569214,-13,-20,-16,-11,-6,6,7,0,1,14,-7,-6,-8,-3,thankyou
16.703455686569214,-19,-13,-14,-23,-11,1,2,-3,-6,1,-17,-18,-14,-9,thankyou
16.718452215194702,-13,-19,-16,-41,-8,-4,0,-6,3,1,-20,-23,-10,-2,thankyou
16.718452215194702,2,-15,0,-29,-4,-12,-2,-1,18,8,-2,2,5,8,thankyou
16.733991622924805,16,1,5,-1,0,-11,-2,-1,15,9,13,20,14,16,thankyou
16.733991622924805,21,8,14,3,2,-5,2,0,6,1,11,12,15,18,thankyou
16.74935007095337,6,0,8,-4,-1,0,4,-1,4,-3,0,7,11,9,thankyou
16.74935007095337,-6,-7,-5,-8,-6,0,-4,-8,-1,-1,0,9,4,0,thankyou
16.764654636383057,2,0,10,0,0,-3,-6,0,0,4,15,19,10,2,thankyou
16.781294107437134,10,15,16,15,14,-3,5,7,16,5,19,24,25,10,thankyou
16.781294107437134,4,17,16,14,9,-3,-1,0,11,-9,7,20,14,6,thankyou
16.79537558555603,6,10,16,9,1,-4,-18,-5,-4,-9,9,15,5,1,thankyou
16.79537558555603,14,8,8,14,3,-5,-15,0,-2,5,16,16,14,4,thankyou
16.81050705909729,11,11,9,7,3,0,-10,8,0,4,13,16,9,3,thankyou
16.81050705909729,3,13,2,10,6,2,-9,5,-6,0,11,5,0,0,thankyou
16.826041221618652,13,19,6,26,7,1,-3,1,-6,0,10,2,1,1,thankyou
16.826041221618652,16,13,4,14,0,3,0,0,0,1,10,8,0,2,thankyou
16.84202814102173,-4,-4,-16,-13,-5,0,-6,-5,-1,0,7,-2,-5,-9,thankyou
16.84202814102173,-17,-8,-5,-17,-8,-3,-7,-3,-10,-8,-6,-16,-12,-20,thankyou
16.85714817047119,-9,-6,0,-5,-8,-1,1,-1,-9,-15,-13,-17,-14,-15,thankyou
16.85714817047119,-2,-9,-9,-6,-3,1,5,3,0,-5,-7,-15,-13,-4,thankyou
16.87243890762329,-7,-6,-9,-10,0,-3,0,4,-6,-9,-8,-18,-16,-10,thankyou
16.87243890762329,-12,-4,-12,-3,-1,-10,0,1,-11,-22,-10,-20,-14,-16,thankyou
16.88836979866028,-7,-5,-1,1,-5,0,4,2,-3,-14,-1,-7,-4,-5,thankyou
16.88836979866028,-5,-4,-3,1,2,7,1,0,0,-2,0,-2,-8,-5,thankyou
16.903524160385132,-15,-7,-8,0,6,1,-5,-1,-6,-2,-10,-13,-20,-16,thankyou
16.903524160385132,-10,-2,1,3,1,5,2,0,-2,12,-7,-14,-10,-3,thankyou
16.919504642486572,9,7,1,17,8,15,20,-2,9,25,0,0,6,12,thankyou
16.919504642486572,15,11,7,18,15,13,20,-5,5,14,-4,14,9,12,thankyou
16.93502116203308,5,8,6,9,5,5,16,-2,9,16,0,12,14,13,thankyou
16.93502116203308,-2,-1,0,-1,-5,2,8,0,10,14,-4,-2,8,11,thankyou
16.95044469833374,-4,-9,3,-11,-11,0,1,0,0,-3,-20,-9,-4,4,thankyou
16.95044469833374,-3,-6,-3,-15,-11,0,0,-1,10,5,0,2,7,10,thankyou
16.966492176055908,0,0,-2,0,0,4,0,-1,12,16,16,14,19,16,thankyou
16.966492176055908,4,-1,0,17,7,8,0,2,-2,0,-1,10,9,11,thankyou
16.98245644569397,13,-9,3,0,-3,3,3,6,2,1,-7,9,8,13,thankyou
16.98245644569397,5,-14,3,-28,-13,-8,0,4,6,1,-4,7,1,2,thankyou
16.998329877853394,-13,-15,-21,-26,-12,-18,-4,-5,-18,-24,-16,-14,-18,-23,thankyou
16.998329877853394,-14,-10,-15,-12,-3,-13,-2,-3,-16,-21,-10,-19,-12,-14,thankyou
17.01333785057068,1,3,4,0,8,-2,-4,3,15,17,19,4,17,16,thankyou
17.01333785057068,16,19,9,10,9,-3,-8,7,22,24,36,23,32,24,thankyou
17.02928900718689,23,24,23,8,0,-9,-9,5,9,3,35,27,24,15,thankyou
17.02928900718689,15,17,13,0,1,-8,-13,-4,-1,0,23,15,6,0,thankyou
17.044843673706055,2,10,2,0,5,-4,-20,-10,-25,-12,4,2,-9,-16,thankyou
17.044843673706055,-1,4,-5,-7,-2,-5,-19,-5,-30,-31,-2,-2,-15,-25,thankyou
17.060165405273438,0,5,-7,-3,-5,-2,-15,3,-6,-26,0,-7,-15,-24,thankyou
17.060165405273438,0,15,16,20,7,9,-4,7,-2,-14,-3,-4,-17,-16,thankyou
17.075440406799316,-14,3,3,21,13,14,10,0,-13,-12,-22,-14,-19,-11,thankyou
17.075440406799316,-29,-18,-19,-6,-1,10,9,-5,-17,-5,-34,-30,-22,-13,thankyou
17.090458154678345,-21,-22,-10,-2,-3,11,6,-4,-5,13,-22,-22,-11,-7,thankyou
17.090458154678345,-8,-20,-6,7,5,9,18,0,16,22,-8,-13,2,1,thankyou
17.106595993041992,-13,-26,-10,-17,-6,2,23,5,29,12,-16,-20,0,0,sil
17.106595993041992,-14,-22,-17,-25,-18,-6,10,0,22,0,-20,-18,-7,-6,sil
17.121997594833374,2,-8,-1,-11,-9,-13,0,-7,4,-9,-2,5,-3,-3,sil
17.121997594833374,17,7,14,-10,0,-6,1,-1,1,-6,21,26,13,12,sil
17.138001918792725,22,23,11,-5,0,-4,0,0,3,-1,28,30,22,22,sil
17.138001918792725,25,25,19,10,6,-12,-11,0,-2,-2,19,28,7,11,sil
17.15355110168457,20,22,14,21,11,-9,-16,6,-3,9,22,20,5,11,sil
17.15355110168457,14,25,14,24,10,2,-10,8,1,19,28,12,15,23,sil
17.169405937194824,12,21,17,27,11,10,1,4,0,10,17,10,9,13,sil
17.169405937194824,6,4,-3,30,11,14,17,1,0,11,0,3,0,0,sil
17.184431552886963,-3,-5,-7,21,6,15,18,0,-1,11,-15,-5,-8,1,sil
17.184431552886963,-13,-12,-12,5,1,12,7,-3,-7,-1,-19,-16,-14,-4,sil
17.20008111000061,-11,-14,-13,2,-2,11,6,-1,0,0,-12,-15,-4,-5,sil
17.20008111000061,-4,-6,-4,1,-8,10,8,0,13,17,-4,-3,9,7,sil
17.21603560447693,-8,-13,-15,-14,-12,-2,0,-4,8,11,-9,-6,6,1,sil
17.21603560447693,-10,-19,-12,-32,-16,-14,-5,-1,-4,-6,-16,-8,0,-10,sil
17.231178998947144,-4,-7,-8,-28,-12,-11,-2,3,-3,-8,-5,-3,7,-4,sil
17.231178998947144,-1,-5,-8,-29,-10,-11,-10,0,-5,-15,2,-2,11,-2,sil
17.247146606445312,-5,-15,0,-35,-16,-18,-24,-4,-13,-32,-4,0,0,-14,sil
17.247146606445312,-7,-6,2,-23,-10,-11,-14,-4,-15,-28,0,0,-9,-20,sil
17.262961626052856,-1,9,12,-10,5,0,0,1,-14,-14,11,2,-5,-14,sil
17.262961626052856,3,12,10,0,9,-7,-10,3,-11,-12,8,3,-2,-7,sil
17.27847671508789,2,6,4,19,6,-15,-19,1,-1,-6,0,0,-7,-2,sil
17.27847671508789,-2,7,14,32,14,4,-1,0,8,12,0,-1,-9,2,sil
17.294036388397217,-4,11,6,32,19,23,15,-4,8,25,5,-1,-2,3,sil
17.309226036071777,-5,3,-2,24,11,20,16,-1,5,24,2,-6,0,7,sil
17.309226036071777,-10,-10,-13,7,0,11,17,0,10,20,-10,-16,-7,14,sil
17.309226036071777,-4,-11,-16,-8,-7,6,13,4,13,11,-21,-16,-5,16,sil
17.32480788230896,5,-4,0,-15,-4,6,10,4,15,1,-15,-6,6,14,sil
17.32480788230896,6,-7,-5,-15,-2,0,14,-1,23,4,-2,-2,6,6,sil
17.340445518493652,8,-5,0,-15,-5,-16,0,1,16,1,7,9,-2,-2,sil
17.357609272003174,18,9,13,-7,0,-19,-17,3,-6,-10,20,26,6,-3,sil
17.357609272003174,24,21,12,7,6,-12,-17,-7,-21,-16,23,23,16,0,sil
17.357609272003174,21,19,13,12,2,-12,-19,-10,-27,-21,12,15,1,-4,sil
17.37229323387146,11,10,1,7,4,-6,-17,-2,-19,-14,10,11,-3,-14,sil
17.37229323387146,1,4,1,3,5,6,0,2,-5,0,10,11,6,-9,sil
17.38761806488037,-2,2,6,4,0,9,8,6,-1,3,1,9,6,4,sil
17.38761806488037,-2,0,-2,4,0,6,6,5,-9,-3,-4,0,-8,3,sil
17.403351068496704,-5,0,-1,5,3,12,3,4,-7,-6,-4,0,-12,-2,sil
17.403351068496704,-10,-1,0,8,0,8,5,3,3,-2,-3,-4,0,-4,sil
17.420503616333008,-9,-7,2,3,-7,0,5,4,7,-1,-9,-12,-1,-5,sil
17.420503616333008,-6,-2,0,2,-4,6,5,4,6,5,-9,-11,-8,-2,sil
17.434358835220337,-6,-3,-5,6,1,14,7,-5,13,12,-4,-10,-5,2,sil
17.449377298355103,-6,-10,7,1,0,11,11,-9,19,5,-13,-14,-4,4,sil
17.449377298355103,-9,-13,-7,-6,-3,10,9,-3,13,3,-17,-14,-1,3,sil
17.466081857681274,-18,-14,-20,-18,-1,2,0,0,10,12,-4,-11,6,1,sil
17.466081857681274,-14,-11,-6,-15,0,-3,-3,-1,14,19,0,-11,11,4,sil
17.483173608779907,0,-4,-6,2,-3,-9,-1,-3,12,18,2,-5,12,11,sil
17.483173608779907,5,-3,-1,-1,-7,-15,-4,0,-3,7,9,10,12,10,sil
17.483173608779907,0,-7,-4,-18,-2,-9,-2,1,-9,5,9,9,10,0,sil
17.499123334884644,-2,-3,-5,-14,0,-2,0,0,-7,5,-6,-2,2,-11,sil
17.499123334884644,0,-1,-2,-16,-12,-12,-8,-1,-17,-9,-15,-1,-11,-22,sil
17.512702226638794,0,-2,-10,-26,-18,-22,-18,-5,-24,-29,-3,3,-17,-22,sil
17.51370072364807,10,11,6,-6,0,-12,-17,-2,-18,-32,8,14,-4,-5,sil
17.530182123184204,17,27,18,22,13,-1,-10,4,-9,-18,17,27,6,8,sil
17.530182123184204,9,21,13,19,7,-5,-3,4,-19,-14,11,15,-2,3,sil
17.54336643218994,1,12,15,13,3,-2,0,0,-26,-21,-2,-6,-13,0,sil
17.558478832244873,7,17,6,29,11,7,3,2,-3,-10,0,-6,0,8,sil
17.558478832244873,15,19,8,36,18,19,7,6,16,12,13,8,7,18,sil
17.57404589653015,8,5,3,25,18,24,14,3,10,22,8,2,-5,10,sil
17.57404589653015,0,-9,-8,13,9,16,20,0,7,18,-11,-10,-14,2,sil
17.589237451553345,4,-10,-1,4,0,12,20,-1,20,14,-20,-8,-6,8,sil
17.589237451553345,3,-13,-5,-9,-1,7,17,-4,28,14,-13,-7,3,12,sil
17.60486388206482,-7,-24,-11,-30,-8,-1,7,-1,24,10,-4,-3,7,3,sil
17.60486388206482,-9,-24,-14,-32,-16,-4,-3,4,22,10,11,4,16,-7,sil
17.62069606781006,4,-6,-8,-18,-6,-7,-12,1,22,13,24,5,22,-8,sil
17.62069606781006,6,5,9,-16,0,-12,-18,-2,6,1,15,4,14,-3,sil
17.636325120925903,-7,3,2,-18,-7,-9,-13,-5,-10,-10,7,5,6,-9,sil
17.636325120925903,-7,6,3,-9,0,-6,-8,-4,-17,-15,7,5,1,-17,sil
17.652153491973877,2,20,11,5,13,-6,-14,-2,-21,-17,2,4,-7,-15,sil
17.652153491973877,-2,19,7,20,6,-9,-14,-1,-25,-16,-7,-4,-20,-10,sil
17.667328119277954,-20,1,7,16,-4,0,-3,1,-23,-9,-10,-14,-22,-10,sil
17.667328119277954,-26,-13,-9,3,-1,8,0,3,-11,-6,-6,-21,-12,-10,sil
17.68272352218628,-15,-12,-9,3,-2,9,4,4,0,-4,-14,-17,-10,0,sil
17.68272352218628,-6,-5,0,12,-8,3,10,2,1,1,-19,-6,-12,6,sil
17.69836688041687,-4,-9,-4,7,-10,2,12,1,0,5,-12,-4,-1,9,sil
17.69836688041687,6,-1,5,1,-6,14,21,6,8,19,0,3,18,24,sil
17.71411967277527,18,6,1,6,5,17,28,5,23,34,6,10,30,36,sil
17.71411967277527,15,-4,-4,1,3,-1,5,-3,9,12,2,6,13,17,sil
17.729358434677124,8,-13,0,-11,-7,-11,-8,-6,-10,-14,-3,4,-9,-3,sil
17.729358434677124,4,-8,-9,-18,-4,-1,-3,-6,-6,-12,-2,5,-10,-5,sil
17.745463848114014,2,-4,-5,-22,-2,-5,-10,-1,6,-6,0,7,1,-5,sil
17.745463848114014,4,3,3,-10,-3,-18,-16,0,10,-3,8,10,11,-4,sil
17.761094331741333,10,17,6,4,6,-13,-8,1,4,3,20,18,12,1,sil
17.761094331741333,10,19,3,0,11,-1,-5,6,0,1,21,16,8,-1,sil
17.777183294296265,1,10,-6,-3,7,-7,-10,1,-1,-11,11,1,2,-11,sil
17.777183294296265,-6,11,2,7,1,-12,-13,-3,-10,-22,0,-4,-9,-12,sil
17.79248356819153,-10,10,-2,12,0,-1,-6,-6,-22,-16,-6,-10,-18,-15,sil
17.79248356819153,-6,0,-4,9,1,13,6,-2,-20,-4,-9,-14,-16,-13,sil
17.807661056518555,2,0,12,17,9,22,11,3,-12,1,-12,-7,-16,-2,sil
17.807661056518555,-1,0,2,22,11,17,10,1,-9,3,-19,-13,-20,-5,sil
17.82352328300476,-24,-9,-8,4,5,7,9,0,-5,4,-25,-27,-21,-12,sil
17.82352328300476,-20,-11,-8,0,3,11,14,1,16,18,-9,-19,0,1,sil
17.83898401260376,12,-2,4,18,2,16,18,6,35,37,14,10,28,29,sil
17.83898401260376,19,-4,13,8,-3,11,13,5,31,36,18,26,31,36,sil
17.85457181930542,-1,-15,-8,-21,-9,0,7,-2,17,17,4,4,13,23,sil
17.85457181930542,-1,-8,-6,-21,-7,-5,1,-4,1,-1,-3,-6,7,11,sil
17.870116710662842,10,2,1,-2,-6,-10,-5,0,-7,-11,0,3,13,4,sil
17.870116710662842,5,1,-3,-11,-12,-23,-18,-4,-4,-13,2,1,1,-5,sil
17.886223793029785,-1,1,2,-26,-10,-24,-20,-6,-1,-23,0,-3,-10,-13,sil
17.886223793029785,2,5,4,-16,0,-7,-7,0,0,-24,7,8,1,-12,sil
17.90155005455017,12,10,12,1,4,1,1,4,7,-5,21,25,16,-4,sil
17.90155005455017,11,8,11,10,2,-1,0,0,14,8,24,20,10,-1,sil
17.917214393615723,3,0,0,-1,0,-4,-5,1,12,3,15,7,1,-2,sil
17.917214393615723,0,-1,4,-17,-3,-5,-10,11,3,0,8,6,1,0,sil
17.932231664657593,-6,0,-4,-6,-2,-7,-8,5,-3,5,1,0,0,0,sil
17.932231664657593,-12,-3,-8,5,-5,-6,-9,0,-18,0,-10,-11,-12,-3,sil
17.947368144989014,-7,0,-1,7,-2,-1,-7,1,-23,-8,-9,-7,-15,-4,sil
17.947368144989014,0,7,0,13,6,2,2,-7,-21,-12,0,-3,-8,-3,sil
17.962982177734375,0,1,4,9,2,8,1,-11,-33,-18,-4,-7,-13,-7,sil
17.962982177734375,-8,-8,-5,2,-2,9,-3,-1,-36,-16,-16,-15,-22,-14,sil
17.978036642074585,-9,-2,3,9,6,6,3,1,-13,-3,-21,-14,-21,-10,sil
17.994054555892944,-3,7,10,22,15,5,8,0,0,0,-21,-8,-13,0,sil
17.994054555892944,-5,-4,-11,4,7,4,4,1,-2,-5,-27,-14,-10,-4,sil
18.009207010269165,-18,-15,-16,-21,0,8,10,6,7,0,-29,-20,-10,-7,sil
18.009207010269165,-15,0,-13,-5,3,13,15,2,21,21,-10,-11,0,0,sil
18.02442741394043,2,9,0,16,7,5,8,-1,18,27,7,4,13,8,sil
18.02442741394043,7,3,5,1,0,-4,5,-2,15,14,11,14,17,10,sil
18.03998708724976,3,1,-7,-2,-2,-1,7,-4,16,6,11,14,18,10,sil
18.040987491607662,8,9,5,12,0,8,6,0,7,2,6,9,14,10,sil
18.05654191970825,8,2,6,4,-3,5,3,-2,5,1,1,1,6,7,sil
18.05654191970825,8,-5,0,-6,-7,-2,-3,-2,18,4,7,5,11,11,sil
18.05654191970825,14,-1,7,4,0,0,-6,2,22,10,18,22,23,19,sil
18.071130514144897,11,-2,5,10,6,3,1,3,14,14,22,19,20,17,sil
18.09307336807251,1,-6,7,0,0,4,0,1,8,4,14,3,3,6,sil
18.09307336807251,-1,-3,-1,-8,-7,0,-7,0,7,-3,3,1,4,0,sil
18.09307336807251,6,0,-3,-9,-6,-7,0,2,1,1,4,9,11,5,sil
18.102123975753784,22,8,14,-2,0,-9,7,4,-5,6,15,14,4,9,sil
18.11817622184753,24,10,7,3,0,-9,-1,1,-8,-3,9,5,-10,-2,sil
18.11817622184753,3,-2,-2,-12,-7,-14,-10,0,-15,-18,-8,-6,-26,-18,sil
18.133511781692505,-13,-11,-12,-30,-13,-16,-12,-3,-15,-11,-5,-11,-25,-19,sil
18.133511781692505,-10,-8,-13,-23,-6,-12,-18,-6,-12,-3,3,-7,-6,-14,sil
18.149369478225708,-10,-3,0,-12,0,-14,-20,-1,-17,-13,-4,-10,0,-20,sil
18.149369478225708,-27,-7,-14,-16,-5,-17,-10,1,-23,-26,-14,-24,-9,-27,sil
18.164395570755005,-26,-8,-11,-14,-8,-5,-2,1,-21,-20,-8,-14,-10,-16,sil
18.164395570755005,-2,6,8,8,9,14,5,2,1,2,2,4,6,3,sil
18.18040442466736,5,19,12,24,21,14,4,-3,10,10,0,3,8,4,sil
18.18040442466736,-10,14,8,16,10,5,-4,-4,-14,-11,-15,-5,-13,-7,sil
18.19642448425293,-19,-1,-2,9,2,10,-2,0,-20,-17,-19,-9,-22,-3,sil
18.19642448425293,-7,-2,5,14,4,16,6,4,2,7,-9,-1,-6,10,sil
18.212353467941284,0,4,3,20,5,17,14,1,15,23,-1,0,4,7,sil
18.212353467941284,0,1,-5,11,6,15,21,-1,19,15,-3,-13,0,2,sil
18.22803568840027,7,-3,4,-2,0,7,15,-2,23,2,-7,-11,0,10,sil
18.22803568840027,16,-3,-1,-5,-10,-6,2,-4,18,2,6,13,14,15,sil
18.243372917175293,26,9,4,0,0,-11,-3,2,9,7,28,35,22,18,sil
18.243372917175293,27,21,14,9,9,-10,0,5,3,0,18,26,7,12,sil
18.259440183639526,12,10,-1,13,0,-11,-1,1,-12,-17,-3,-2,-6,-5,sil
18.259440183639526,0,0,1,3,-5,-1,-7,2,-29,-17,0,-5,-8,-7,sil
18.275038480758667,-1,1,4,9,3,9,-3,0,-24,-5,10,5,-5,1,sil
18.275038480758667,-7,0,-1,20,6,14,11,0,-8,0,-7,-2,-5,-1,sil
18.290143489837646,-16,-13,-10,10,1,19,18,0,5,16,-20,-19,0,-5,sil
18.290143489837646,-16,-25,-15,-6,-5,13,4,-2,9,26,-14,-18,3,-1,sil
18.30612683296204,-11,-26,-3,-16,-11,0,-3,0,14,20,-13,-2,6,3,sil
18.30612683296204,-6,-18,-12,-20,-7,0,4,1,28,20,-7,0,13,6,sil
18.32107710838318,-2,-11,-16,-25,-10,-7,-4,-1,27,15,1,2,12,4,sil
18.32107710838318,0,-8,-3,-29,-16,-20,-17,3,15,9,11,11,13,3,sil
18.33610892295837,2,-3,0,-21,0,-19,-6,2,10,12,16,9,16,0,sil
18.33610892295837,8,9,10,-3,15,-3,1,-4,0,-1,5,-1,-2,-12,sil
18.351449489593502,12,15,8,5,2,2,-4,-5,-4,-14,5,-1,-12,-13,sil
18.351449489593502,10,7,3,-2,-5,-5,-8,-1,-3,-10,17,8,2,3,sil
18.36722540855408,2,3,1,-13,0,-10,-8,-4,-21,-23,9,10,2,2,sil
18.36722540855408,2,6,0,-6,2,-6,-6,-1,-22,-28,0,1,-12,-11,sil
18.382322072982788,9,10,15,3,0,0,0,6,-1,-10,2,0,-13,-6,sil
18.382322072982788,2,6,4,5,0,-2,6,3,-2,-10,-1,0,-10,2,sil
18.39837884902954,-2,2,-3,8,0,-10,4,0,-15,-20,-3,1,-7,8,sil
18.39837884902954,6,12,13,21,2,0,0,-1,-4,-5,11,9,9,7,sil
18.41448163986206,0,12,0,22,9,13,1,-6,7,3,8,-1,11,-6,sil
18.41448163986206,-14,-3,-3,1,0,7,-1,0,5,-7,-15,-18,-9,-13,sil
18.43005418777465,-7,-5,2,0,0,-3,-8,7,8,2,-8,-11,-4,0,sil
18.43005418777465,3,0,-2,10,6,-1,-10,1,4,22,12,3,8,6,sil
18.44610071182251,-4,0,0,4,0,5,-8,-1,-12,8,0,1,-8,-7,thankyou
18.44610071182251,-14,-2,-2,3,-2,0,-5,2,-21,-15,-16,-10,-25,-12,thankyou
18.46126627922058,-10,0,0,10,1,0,3,2,-15,-11,-8,-6,-17,-2,thankyou
18.46126627922058,-8,0,-2,5,5,17,21,0,-8,6,3,2,0,4,thankyou
18.47720980644226,-3,4,-1,1,4,21,22,1,-5,6,1,4,11,8,thankyou
18.47720980644226,9,13,15,11,0,12,9,5,-5,0,-7,4,4,11,thankyou
18.493242740631104,11,3,3,12,-2,2,8,-1,-4,2,-10,-1,0,8,thankyou
18.493242740631104,0,-8,-11,-11,-6,-8,1,-1,-1,6,-10,-5,5,0,thankyou
18.508352756500244,-9,-10,-13,-24,-8,-5,-8,0,5,14,-13,-6,4,-4,thankyou
18.508352756500244,-9,-13,-11,-16,-5,3,0,-4,13,12,-13,-13,-4,-7,thankyou
18.52445697784424,-2,-13,-3,-17,-5,0,2,-4,10,-7,-12,-11,-7,-3,thankyou
18.52445697784424,2,-4,-9,-11,-9,-8,-6,0,7,0,-8,-3,1,1,thankyou
18.54004979133606,8,2,4,2,-3,0,0,4,11,22,3,5,15,12,thankyou
18.54004979133606,12,2,15,6,10,11,15,2,25,21,17,13,20,19,thankyou
18.556214332580566,15,-3,0,1,14,7,8,-1,34,14,11,8,10,10,thankyou
18.556214332580566,17,-7,3,3,3,-4,2,-1,31,17,0,7,8,0,thankyou
18.57198715209961,13,-4,1,5,0,-14,4,0,26,6,12,15,18,7,thankyou
18.57198715209961,10,0,3,-3,0,-21,-7,-3,8,-13,23,25,13,5,thankyou
18.58731865882873,6,-1,5,-6,-2,-20,-14,-7,-17,-16,17,19,0,-11,thankyou
18.58731865882873,-8,-8,-8,-3,-7,-13,-11,-4,-28,-12,3,-7,-11,-23,thankyou
18.60273027420044,-23,-9,-6,-11,-8,-9,-23,-2,-28,-19,-5,-19,-21,-21,thankyou
18.60273027420044,-22,-2,-8,-18,-10,-11,-31,-7,-30,-25,-2,-12,-21,-20,thankyou
18.61848020553589,-15,0,-13,-15,-18,-5,-14,0,-28,-30,0,-9,-12,-14,thankyou
18.61848020553589,-7,6,-1,-1,-8,10,7,14,-7,-19,2,-4,-4,0,thankyou
18.634021520614624,7,16,10,16,17,18,12,9,18,10,17,9,7,10,thankyou
18.634021520614624,6,17,19,17,20,11,3,0,9,13,18,11,6,8,thankyou
18.649115800857544,-13,5,1,0,8,2,-8,-2,-17,-8,-5,-3,-9,-2,thankyou
18.649115800857544,-6,10,0,6,11,9,-5,5,-14,-7,-8,0,-7,0,thankyou
18.665167093276978,16,20,15,23,12,13,10,11,4,5,8,9,11,14,thankyou
18.665167093276978,5,1,-4,7,-3,-2,10,-1,-1,1,-3,-7,4,8,thankyou
18.68127417564392,-10,-5,-9,-5,-8,-1,0,-7,-18,-5,-23,-17,-11,-3,thankyou
18.68127417564392,0,9,0,11,2,20,7,0,-6,4,-10,-7,-1,0,thankyou
18.696404695510864,10,5,5,14,2,15,13,1,0,15,-4,-3,8,7,thankyou
18.696404695510864,8,-3,8,1,-3,0,8,1,0,21,-7,2,6,7,thankyou
18.71232342720032,5,3,3,4,1,4,16,3,10,26,5,7,7,8,thankyou
18.71232342720032,3,0,12,5,6,3,19,0,11,10,2,6,0,1,thankyou
18.728450536727905,9,-7,7,0,-1,-6,4,-8,2,-12,-8,6,-9,0,thankyou
18.728450536727905,16,-3,-4,0,-9,-8,-2,-4,8,-8,-5,8,-7,6,thankyou
18.743046045303345,4,-3,-1,2,-2,0,1,3,19,11,-5,0,-6,5,thankyou
18.743046045303345,-11,-15,-12,-1,0,0,-1,-2,10,6,-10,-8,-8,-6,thankyou
18.758235692977905,-15,-18,-17,-20,-11,-5,-11,-9,-2,-18,-15,-11,-11,-12,thankyou
18.758235692977905,-13,-12,-16,-26,-8,-1,-4,-2,3,-13,-16,-17,-10,-7,thankyou
18.773301601409912,-13,-16,-11,-11,5,0,1,3,17,10,-12,-21,-4,-3,thankyou
18.78998732566833,-16,-16,-3,-7,0,-11,-13,-1,6,5,-12,-14,0,-9,thankyou
18.78998732566833,-12,-2,-13,-12,-5,-13,-21,-8,-7,-10,-7,-4,3,-15,thankyou
18.80405807495117,1,7,-2,-5,2,0,-8,3,-3,-3,8,11,12,-3,thankyou
18.80405807495117,5,3,4,0,9,-1,2,13,5,11,26,20,19,4,thankyou
18.819180011749268,2,0,-4,-2,3,-11,5,5,6,9,28,17,20,3,thankyou
18.819180011749268,11,7,8,0,0,-5,6,-2,0,2,25,25,20,10,thankyou
18.835274696350098,12,10,8,8,1,-2,3,-3,-6,6,25,23,21,13,thankyou
18.835274696350098,0,3,3,2,0,-8,-8,0,-10,-7,11,1,10,0,thankyou
18.850427389144897,-5,0,3,-9,-8,-9,-16,0,-8,-24,-1,-12,-3,-9,thankyou
18.850427389144897,0,2,4,-9,-6,-3,-6,1,-1,-11,8,-5,-3,-1,thankyou
18.866129398345947,11,12,20,-1,0,3,1,7,2,0,16,12,0,6,thankyou
18.866129398345947,10,14,9,7,-1,4,-5,0,-7,-11,5,7,-1,1,thankyou
18.882095336914062,3,5,3,8,-6,2,-11,-7,-24,-15,0,-3,-7,-1,thankyou
18.882095336914062,6,5,11,12,0,11,-3,-1,-12,0,2,0,-7,2,thankyou
18.897417545318604,3,9,0,20,6,10,-2,2,4,4,-6,1,-10,0,thankyou
18.897417545318604,0,5,5,19,3,0,-1,0,-3,-3,-20,-10,-18,-3,thankyou
18.9131543636322,1,-1,2,14,1,5,14,-1,-10,-1,-10,-11,-21,-2,sil
18.9131543636322,0,-1,-4,10,5,20,22,0,-2,6,-1,-1,-13,-1,sil
18.92817974090576,-2,2,-5,9,10,25,18,5,3,13,-4,-2,0,1,sil
18.92817974090576,-6,-6,-11,4,9,19,17,0,2,20,-13,-19,-2,1,sil
18.943421840667725,-15,-16,-6,-5,4,9,10,-6,-6,9,-29,-25,-17,-6,sil
18.943421840667725,-15,-8,-8,-7,8,-3,1,-3,-4,1,-26,-10,-9,-3,sil
18.95917296409607,-3,0,-9,-3,3,-13,5,5,14,8,-4,2,6,10,sil
18.95917296409607,-4,-6,-8,-7,-3,-1,13,2,19,8,-8,-4,-1,2,sil
18.97525882720948,-12,-11,-19,-7,2,7,11,-5,16,0,-16,-17,-4,-8,sil
18.97525882720948,-1,0,2,-4,4,-10,-1,-4,16,0,5,2,13,5,sil
18.99096870422364,11,3,14,-1,-5,-21,-10,-1,13,1,21,24,24,13,sil
18.99096870422364,12,-4,-1,-8,-10,-9,-11,1,8,1,5,14,16,0,sil
19.00665140151977,6,-9,-5,-17,-11,-7,-11,6,8,3,1,6,11,2,sil
19.00665140151977,0,-9,-4,-16,-10,-18,-10,1,2,-6,14,8,13,5,sil
19.02234268188477,0,0,5,-13,-8,-15,-13,-2,0,-20,11,12,11,-6,sil
19.02234268188477,0,10,3,-12,-6,-10,-14,3,4,-11,2,11,0,-10,sil
19.03854250907898,2,7,0,-7,-3,-16,-18,3,-10,-4,3,9,-11,-6,sil
19.03854250907898,0,1,9,-1,0,-11,-21,-4,-30,-15,10,10,-11,-13,sil
19.05410051345825,-2,8,3,0,1,2,-11,-5,-29,-15,15,7,-3,-15,sil
19.05410051345825,-1,14,4,8,3,8,-3,1,-24,-8,11,4,-2,-2,sil
19.06920337677002,1,13,10,19,2,9,-2,1,-17,-3,8,2,-1,6,sil
19.06920337677002,6,10,9,26,2,16,5,0,-4,8,5,-1,4,10,sil
19.085301637649536,11,8,8,30,9,25,26,6,9,24,0,-5,7,14,sil
19.085301637649536,11,2,-8,22,13,24,38,0,24,27,-3,-13,5,10,sil
19.10105061531067,-5,-10,-8,-3,2,11,29,0,24,12,-13,-21,-2,0,sil
19.10105061531067,-25,-23,-6,-18,-7,0,12,1,13,1,-23,-21,-9,-7,sil
19.116177797317505,-14,-20,-14,-6,-4,-1,2,-1,13,8,-15,-16,-5,-1,sil
19.116177797317505,8,-8,-1,-4,-7,0,-8,-1,14,6,-2,-7,0,8,sil
19.13124990463257,6,-5,-2,-14,-13,-12,-17,0,12,-3,0,-1,7,6,sil
19.13124990463257,0,1,-2,-11,-4,-22,-19,-1,-1,-10,0,1,7,-5,sil
19.14643621444702,4,12,0,0,10,-10,-15,-3,-21,-17,2,1,-4,-14,sil
19.14643621444702,5,10,0,6,12,1,-5,-2,-29,-20,5,2,-7,-11,sil
19.162559509277344,1,10,14,7,10,4,2,-2,-32,-11,4,9,-2,0,sil
19.162559509277344,-1,7,3,14,12,9,4,-6,-32,-9,-5,0,-12,1,sil
19.17863702774048,-2,-2,-7,15,6,13,5,-3,-14,-8,-12,-7,-16,0,sil
19.17863702774048,0,-6,0,7,0,8,11,4,18,18,0,4,5,14,sil
19.19455647468567,-3,-6,-1,-7,-5,0,8,4,28,30,8,11,16,19,sil
19.19455647468567,-5,-5,1,-17,-7,-2,1,0,6,2,-5,7,-2,4,sil
19.20998597145081,0,-2,1,-14,-7,-2,4,-1,-1,-6,-10,5,-8,-3,sil
19.20998597145081,2,-4,0,-17,-11,-9,2,1,7,0,-1,11,2,-1,sil
19.22541737556457,1,0,0,-18,-9,-14,-9,7,8,-10,9,17,3,-5,sil
19.22541737556457,5,12,1,-1,0,-12,-17,1,0,-16,20,11,0,-8,sil
19.241119623184204,5,19,18,15,4,-3,-20,-2,-5,-8,11,4,-6,-13,sil
19.241119623184204,0,14,8,20,13,4,-14,0,0,0,-1,1,-8,-10,sil
19.25849175453186,0,4,-4,19,20,10,9,7,16,19,0,0,5,10,sil
19.25849175453186,0,-4,0,11,9,16,26,7,25,34,4,-4,16,17,sil
19.27200484275818,-2,-10,-9,5,0,15,19,0,24,23,-7,-19,5,1,sil
19.27200484275818,-6,-11,-5,0,-2,4,9,0,22,10,-25,-29,0,0,sil
19.28742456436157,-10,-16,-10,-5,-9,-7,9,0,11,12,-20,-32,9,5,sil
19.28742456436157,-8,-19,-18,-17,-16,-14,0,-6,-9,-1,-5,-25,5,-3,sil
19.303441047668457,1,-9,-7,-17,-12,-12,-16,-3,-19,-22,0,-5,-5,-9,sil
19.303441047668457,3,-2,-9,-13,-7,-8,-14,-2,-20,-22,2,2,-3,-9,sil
19.319406747818,0,0,-1,-17,-9,-3,-5,-1,-28,-18,3,4,-2,-13,sil
19.319406747818,-1,6,7,-10,-5,-3,-4,0,-27,-15,8,6,-5,-14,sil
19.334763288497925,-1,13,3,-3,-2,-8,-7,-3,-21,-13,11,7,-6,-9,sil
19.334763288497925,1,18,9,-1,0,0,-7,-1,-19,-19,8,15,-4,-1,sil
19.35075664520264,11,17,9,10,13,6,-7,0,-9,-17,5,16,-3,0,sil
19.35075664520264,6,6,10,14,14,4,-4,-4,0,0,1,6,-7,0,sil
19.36630821228028,-4,0,0,15,5,15,6,0,7,22,1,-1,0,10,sil
19.36630821228028,-1,1,-3,28,11,20,9,2,15,32,2,0,12,22,sil
19.382604837417603,-7,-10,2,13,4,3,-2,-3,17,17,-7,-2,10,16,sil
19.382604837417603,-11,-26,-11,-14,-16,-9,-2,-2,16,7,-8,0,6,8,sil
19.39700508117676,11,-10,0,-12,-10,0,8,11,14,7,11,21,8,15,sil
19.39700508117676,18,6,11,0,7,2,5,7,10,-2,18,35,9,10,sil
19.41303062438965,7,3,1,-6,4,-7,0,2,6,-13,6,24,8,-3,sil
19.41303062438965,19,13,17,2,5,-5,3,10,1,-4,11,18,4,-2,sil
19.429011583328247,25,29,21,31,19,8,14,0,5,7,18,10,0,0,sil
19.429011583328247,5,19,11,37,19,13,18,-3,8,6,0,-4,-6,0,sil
19.44510006904602,-7,-1,3,23,11,11,18,6,2,10,-14,-15,-6,0,sil
19.44510006904602,-16,-14,-13,5,2,2,5,2,-6,9,-19,-29,-15,-4,sil
19.46125054359436,-31,-20,-20,-11,-16,-4,-12,-9,-13,-4,-39,-40,-32,-20,sil
19.46125054359436,-34,-21,-25,-22,-30,-12,-10,-13,-14,-13,-48,-39,-28,-21,sil
19.47605013847351,-15,-15,-12,-27,-24,-20,-1,-6,-8,-15,-21,-24,-6,-6,sil
19.49214243888855,6,-7,-1,-31,-10,-13,-5,0,5,-12,12,0,10,4,sil
19.49214243888855,15,-1,-5,-26,-6,-1,-11,0,8,1,23,19,17,5,sil
19.49214243888855,17,8,8,-9,-4,-4,-13,-1,-6,3,23,22,16,0,sil
19.50838327407837,14,14,8,3,4,-15,-21,1,-16,-6,21,5,11,-2,sil
19.50838327407837,1,7,2,0,10,-11,-21,4,-14,-12,3,-7,0,-2,sil
19.524001121521,-9,3,2,-2,5,5,-6,2,-8,-13,-12,-7,-9,-9,sil
19.524001121521,-5,6,-8,3,5,14,8,-2,-2,-3,-10,-12,-2,-11,sil
19.538614749908447,0,3,-1,4,8,22,16,3,-1,8,-5,-16,3,1,sil
19.55482721328736,-7,-7,-5,1,8,26,20,5,4,18,-1,-12,0,8,sil
19.55482721328736,-18,-13,-13,0,0,14,14,-2,10,20,-9,-11,-5,0,sil
19.55482721328736,-17,-13,-10,-8,-10,2,3,-2,14,24,-19,-11,-1,0,sil
19.570478916168213,-6,-14,-12,-8,-6,2,4,2,24,25,-2,-2,9,11,sil
19.58549332618713,8,-5,5,-3,6,-2,0,0,25,12,19,20,17,16,sil
19.58549332618713,15,8,16,3,1,-17,-12,-6,9,-6,22,34,18,9,sil
19.602574825286865,19,10,16,4,-8,-25,-23,-10,-11,-23,19,35,9,5,sil
19.602574825286865,21,5,17,0,-5,-15,-18,-8,-24,-33,17,36,-6,0,sil
19.602574825286865,10,6,-2,0,-4,-7,-7,1,-25,-27,19,26,-13,-10,sil
19.61718201637268,2,16,9,18,-3,-1,0,10,-5,-8,24,21,-1,-2,sil
19.61718201637268,1,19,21,30,4,1,10,7,15,2,19,17,7,5,sil
19.63236427307129,-10,7,2,6,5,-4,11,4,5,-4,-2,-2,-4,-8,sil
19.648332357406616,-16,1,-1,-2,6,-1,5,7,-12,-4,-11,-17,-17,-16,sil
19.648332357406616,0,6,3,28,18,18,11,2,-2,12,-2,-12,-5,-1,sil
19.648332357406616,8,6,4,36,17,26,22,1,10,14,-13,-9,0,8,sil
19.66248178482056,-4,0,-6,16,7,21,25,2,5,2,-30,-22,-10,2,sil
19.67847752571106,-5,-3,-12,11,5,14,19,-2,0,4,-27,-30,-15,-2,sil
19.67847752571106,4,-9,0,3,1,8,9,-4,-1,9,-18,-21,-5,2,sil
19.694360494613647,1,-19,-8,-17,-12,-5,1,-6,-2,4,-18,-19,2,8,sil
19.694360494613647,-7,-24,-14,-25,-21,-10,-3,-4,-7,-4,-20,-19,1,2,sil
19.70945453643799,-8,-21,-16,-26,-17,-4,-15,0,-3,0,-15,-5,5,0,sil
19.70945453643799,0,-14,-13,-23,-9,-9,-26,2,10,14,-3,4,14,6,sil
19.72508692741394,11,-1,5,-14,0,-15,-23,3,15,15,8,10,12,8,sil
19.72508692741394,8,1,0,-9,1,-7,-5,1,6,0,16,12,9,4,sil
19.740408897399902,-1,-2,-1,-20,-8,-7,-3,-1,-4,-10,13,10,5,1,sil
19.740408897399902,-4,1,3,-19,-7,-12,-14,-2,-3,-2,12,6,-1,-6,sil
19.7567298412323,0,9,-3,-10,1,-10,-13,0,4,4,22,1,1,-10,sil
19.7567298412323,3,6,9,-8,0,-3,-4,0,9,0,24,4,13,-1,sil
19.772703647613525,-1,0,9,-12,0,-1,0,-5,0,-9,10,0,1,-1,sil
19.772703647613525,-9,2,1,-20,0,-1,-1,-4,-15,-20,-2,-7,-17,-18,sil
19.78741407394409,-6,13,3,-2,3,4,1,1,-12,-19,3,-1,-3,-14,sil
19.78741407394409,9,20,6,33,15,10,1,1,0,0,12,10,13,8,sil
19.802425146102905,14,16,12,34,13,7,-1,0,-8,6,8,17,0,11,sil
19.802425146102905,-1,0,0,5,0,0,-2,-1,-25,-12,0,6,-11,-8,sil
19.81848454475403,-8,-8,-2,2,0,1,2,-3,-26,-26,-11,-5,-17,-17,sil
19.81848454475403,-3,-1,8,23,4,11,13,-1,-9,-12,-10,-2,-21,-3,sil
19.834025382995605,-7,3,-6,23,2,11,19,1,16,7,1,1,-6,3,sil
19.834025382995605,-9,-1,-8,2,0,4,7,2,18,0,-4,-3,3,-2,sil
19.84999942779541,0,0,0,6,0,0,-4,1,4,1,-14,-1,0,-3,sil
19.84999942779541,9,12,7,26,5,1,0,2,0,19,-7,8,3,10,sil
19.8660855293274,12,14,8,18,4,2,3,3,0,20,0,6,8,18,sil
19.8660855293274,6,-2,-8,-1,-4,-1,10,0,4,10,-7,-6,4,11,sil
19.88101363182068,-1,-14,-1,-5,-3,2,20,4,16,19,-7,-4,3,9,sil
19.88101363182068,-4,-13,0,-1,10,8,16,8,18,25,0,-1,4,8,sil
19.89660906791687,-3,-13,-8,-7,6,2,2,3,11,9,-5,-6,-1,0,sil
19.89660906791687,-4,-13,-1,-16,-8,-2,0,-1,10,1,-7,-4,-5,-3,sil
19.9122314453125,-9,-18,-4,-19,-14,-5,-2,-5,6,2,0,-11,-3,-2,sil
19.9122314453125,-9,-15,-3,-16,-16,-9,-12,-1,0,-4,-3,-13,0,-5,sil
19.928314685821533,0,1,-7,-5,-11,-5,-6,2,6,0,0,-2,11,-1,sil
19.928314685821533,7,9,-8,-1,1,0,3,2,12,15,15,3,20,10,sil
19.944372177124023,6,4,8,0,8,2,3,6,12,12,19,10,17,11,sil
19.944372177124023,0,1,-2,0,1,0,3,1,9,-2,11,9,11,0,sil
19.96001553535461,-2,-1,-9,-8,-5,-9,-1,-9,-7,-19,0,0,0,-6,sil
19.96001553535461,0,-3,-1,-9,-5,-7,-10,-10,-25,-27,-2,0,-5,-4,sil
19.9750874042511,4,3,6,-2,-2,0,-14,-5,-22,-18,1,7,-1,-6,sil
19.9750874042511,0,6,8,-11,-10,-1,-15,-8,-26,-21,-7,-1,-12,-11,sil
19.99068069458008,0,0,0,-15,-14,-11,-16,-10,-33,-31,-17,-15,-24,-11,sil
19.99068069458008,10,2,9,-2,-1,-15,-15,0,-21,-21,-7,0,-16,-8,sil
20.00627279281616,10,14,7,1,11,-5,-9,6,-3,-2,1,10,-4,-6,sil
20.00627279281616,6,13,-5,4,14,5,0,2,1,7,13,11,7,3,sil
20.022141456604004,8,12,16,13,11,5,3,2,13,13,27,24,16,16,sil
20.022141456604004,0,7,11,11,6,-1,-4,0,21,5,11,15,0,4,sil
20.03707194328308,-11,-1,-4,-2,0,-1,-9,1,-4,-8,-12,-11,-17,-8,sil
20.03707194328308,-6,-1,-3,1,7,6,3,7,-12,4,-2,-8,-6,-4,sil
20.05308699607849,-6,3,-1,10,12,6,9,6,9,14,8,4,3,-5,sil
20.05308699607849,-11,1,5,7,4,0,0,4,11,3,2,2,0,-8,sil
20.068390607833862,-3,0,2,11,3,7,5,0,3,8,6,-6,5,0,sil
20.068390607833862,7,0,3,15,7,12,17,-1,7,13,9,-5,9,13,sil
20.083414793014526,8,1,4,12,0,10,11,0,1,1,0,0,7,12,sil
20.083414793014526,4,0,-5,13,-1,10,7,0,-4,-1,-5,0,6,4,sil
20.10712170600891,0,-6,0,6,0,10,10,3,0,1,-11,-9,-1,2,sil
20.108126163482662,-6,-15,-7,-11,-6,2,8,0,2,7,-13,-14,-4,3,sil
20.108126163482662,-7,-10,-10,-12,-10,0,7,-4,1,10,-11,-9,1,2,sil
20.11423969268799,-5,2,-2,1,0,5,10,0,2,3,-10,-7,0,2,sil
20.12939739227295,-10,0,-7,1,3,4,11,0,8,5,-8,-9,-2,2,sil
20.12939739227295,-10,-8,-3,-8,-9,0,8,-2,7,11,-6,-6,0,-1,sil
20.145501375198364,-5,-7,-10,-3,-17,-5,2,-3,2,4,-4,-6,-4,-5,sil
20.145501375198364,0,-8,-10,1,-12,-8,-4,0,0,-4,-4,-4,-8,-2,sil
20.162290811538696,0,-14,1,-8,-6,0,-5,0,0,-5,-10,1,-7,0,sil
20.162290811538696,0,-8,-9,-13,-4,-1,0,-1,0,-4,-14,-1,0,-1,sil
20.176315546035767,6,1,0,-9,-1,-10,0,0,1,-1,-4,9,3,0,sil
20.19156050682068,10,-1,8,-3,7,-10,-3,-1,7,5,9,22,7,3,sil
20.19156050682068,7,-3,0,1,10,-9,-12,0,4,1,13,10,10,1,sil
20.20701313018799,6,7,4,1,2,-11,-17,1,-2,-3,15,9,11,2,sil
20.20701313018799,3,9,4,-5,0,-12,-15,0,-2,-2,22,18,11,1,sil
20.22410535812378,2,6,8,-6,3,-5,-13,3,0,-1,20,17,8,-2,sil
20.22410535812378,10,13,3,0,2,0,-9,3,2,-5,14,11,4,-4,sil
20.22410535812378,11,15,5,0,-3,-7,-14,0,-3,-12,14,9,-1,-4,sil
20.240073442459103,0,10,16,-1,-7,-12,-22,0,-13,-14,15,3,-4,-11,sil
20.240073442459103,-7,2,0,-4,-1,-2,-17,-2,-16,-9,1,-10,-10,-17,sil
20.255159616470337,-5,3,-1,-2,9,7,0,0,-16,-9,-7,-18,-17,-9,sil
20.272218465805054,3,10,6,13,19,16,15,7,-3,-4,5,-10,-5,5,sil
20.272218465805054,7,7,0,17,9,16,19,1,9,4,0,-5,2,10,sil
20.272218465805054,2,-1,3,2,-6,8,10,-6,1,2,-26,-6,-7,5,sil
20.725101470947266,0,0,-2,-6,-2,1,2,8,12,11,8,-1,9,0,sil
20.725101470947266,-8,-11,-13,-14,-13,-8,-6,0,1,0,0,-8,0,-3,sil
20.74122142791748,-12,-15,-10,-16,-13,-15,-8,-7,-17,-23,-23,-15,-18,-16,sil
20.74122142791748,-4,-9,-10,-10,-3,-3,4,0,-3,-15,-14,-7,-8,-10,sil
20.75663661956787,0,-1,-4,-5,0,5,2,6,16,-3,3,-2,1,2,sil
20.75663661956787,-4,-1,3,-9,-8,-5,-11,2,-3,-17,-4,-8,-10,-4,sil
20.772337675094604,-10,-8,-11,-13,-13,-11,-5,-3,-22,-18,-5,-11,-11,-13,sil
20.772337675094604,0,-1,3,-7,-4,2,2,1,-1,4,16,10,10,0,sil
20.78846001625061,13,13,19,13,8,11,1,3,12,13,28,26,23,11,sil
20.78846001625061,11,13,8,22,11,0,-1,-1,0,1,19,20,13,11,sil
20.80397129058838,5,4,2,8,2,-5,-6,0,1,4,11,18,1,12,sil
20.80397129058838,7,1,1,-1,0,-1,-6,2,12,16,16,16,6,11,sil
20.82006001472473,15,8,15,2,4,2,0,0,7,8,14,9,11,6,sil
20.82006001472473,15,15,14,6,13,0,0,-2,0,-3,1,5,5,3,sil
20.83612966537476,5,11,4,7,10,-2,-7,-4,-2,-8,-9,5,-1,2,sil
20.83612966537476,-3,6,6,6,4,1,-8,-1,-6,-5,-6,0,-2,0,sil
20.85140919685364,-14,5,-9,3,8,4,-1,0,-7,3,-1,-13,-6,-8,sil
20.85140919685364,-21,-3,-10,-4,6,1,0,0,-6,-1,-14,-20,-19,-15,sil
20.867074489593502,-10,-7,3,-2,-3,1,0,-1,0,-11,-15,-17,-12,-14,sil
20.867074489593502,9,1,6,9,-1,6,10,3,14,7,3,-4,9,0,sil
20.882030248641968,8,2,2,8,1,6,14,4,12,21,4,5,6,5,sil
20.882030248641968,-10,-11,-18,-2,-4,0,3,-7,-7,0,-13,-11,-9,-10,sil
20.898104429244995,-7,-5,-9,1,-4,0,0,-6,-16,-17,-19,-21,-9,-11,sil
20.898104429244995,6,5,5,13,1,3,6,3,-7,-4,-11,-4,-4,3,sil
20.91361188888549,-4,-10,-12,2,-4,-4,5,1,-4,3,-12,-8,-9,-1,sil
20.91361188888549,-23,-25,-19,-18,-16,-5,0,-2,-10,-4,-20,-21,-7,-15,sil
20.92924952507019,-16,-13,-17,-13,-10,3,8,-2,-1,3,-9,-14,0,-5,sil
20.92924952507019,-2,-3,-6,-5,-7,0,10,0,7,13,0,1,-1,8,sil
20.945212364196777,-7,-9,3,-7,-11,-2,2,5,17,3,-1,0,1,10,sil
20.945212364196777,-8,-11,1,-7,-3,5,5,3,27,2,3,-3,13,6,sil
20.960044622421265,3,0,5,-8,3,4,1,0,19,8,8,3,11,3,sil
20.960044622421265,7,2,1,-10,-2,-8,-16,0,1,-3,3,12,2,4,sil
20.975473642349243,12,2,10,-4,-3,-16,-23,0,0,-7,11,23,8,8,sil
20.975473642349243,29,14,21,4,8,-7,-11,-1,-4,0,32,33,17,13,sil
20.991414308547974,31,19,9,6,16,1,-6,-5,-27,-6,31,21,5,8,sil
20.991414308547974,9,10,11,2,13,2,-9,-2,-35,-17,15,7,-8,0,sil
21.00663590431213,3,11,10,7,13,3,-3,3,-14,-9,14,10,0,-2,sil
21.00663590431213,14,24,9,20,17,10,8,9,1,0,16,13,6,4,sil
21.02202320098877,8,21,10,27,17,15,16,7,1,4,2,5,-2,7,sil
21.02202320098877,-7,5,-4,22,7,9,19,0,2,13,-9,-3,-7,3,sil
21.03698182106018,-8,0,-2,11,-4,7,17,0,10,11,-12,-2,0,3,sil
21.03698182106018,-5,-6,-7,0,-7,8,13,0,12,7,-12,-11,4,2,sil
21.052551746368408,-12,-16,-17,-13,-11,-1,0,-4,0,2,-23,-24,-6,-3,sil
21.052551746368408,-18,-17,-11,-18,-20,-15,-14,-4,1,0,-29,-17,-14,-11,sil
21.068389654159542,-13,-15,-14,-12,-19,-15,-12,-1,21,5,-11,-4,3,-8,sil
21.068389654159542,-4,-22,-6,-20,-15,-6,-7,-4,23,6,1,2,16,-1,sil
21.08340191841125,-7,-26,-8,-29,-15,-6,-15,-7,6,-4,-4,-1,0,-11,sil
21.08340191841125,-6,-10,-7,-22,-12,-18,-20,0,0,-19,-8,-4,-11,-21,sil
21.099639177322388,7,11,10,-6,0,-15,-6,7,4,-20,9,12,2,-6,sil
21.099639177322388,12,15,3,1,6,0,2,1,6,-7,21,18,10,3,sil
21.116257667541504,3,12,6,1,6,1,-1,-2,1,1,14,4,-6,-1,sil
21.116257667541504,1,16,12,12,14,-1,0,0,-4,3,12,-3,-14,-4,sil
21.13035607337952,0,8,4,20,18,0,0,0,-17,5,10,-9,-5,-2,sil
21.147029638290405,-4,0,5,10,13,14,4,4,-27,9,1,-10,0,0,sil
21.147029638290405,-2,5,0,8,13,23,15,4,-22,8,-8,-11,-4,4,sil
21.147029638290405,-6,5,-3,13,8,17,12,0,-24,-6,-24,-21,-22,-3,sil
21.162634134292603,-11,-1,-6,13,0,11,5,-3,-31,-11,-24,-24,-23,-11,sil
21.162634134292603,-1,-4,-6,9,0,9,9,-3,-14,5,-3,-6,1,2,sil
21.177445888519287,0,-9,1,0,-3,2,5,-2,3,10,-5,1,9,14,sil
21.177445888519287,-3,-14,-7,-8,-13,-6,0,-2,13,6,-16,-7,0,10,sil
21.19397449493408,6,-7,1,-7,-11,-5,0,7,20,13,-2,3,14,16,sil
21.19397449493408,12,1,9,-4,-10,-2,-1,8,18,8,12,19,26,18,sil
21.21006989479065,2,0,-2,-2,-11,-10,-5,-3,9,-12,6,10,9,3,sil
21.21006989479065,3,0,3,-6,-4,-10,-2,-3,14,-8,3,10,1,0,sil
21.22320795059204,13,-1,2,-13,0,-8,-2,0,23,6,19,23,20,9,sil
21.23844265937805,20,4,8,-5,0,-10,-9,3,18,-7,31,34,32,16,sil
21.23844265937805,19,11,19,1,7,-4,-6,4,12,-14,24,28,17,11,sil
21.254408836364743,1,1,0,-13,6,0,-4,-2,-1,-7,0,1,-12,-13,sil
21.254408836364743,-11,-2,-4,-12,0,0,-8,-3,-23,-17,-17,-10,-33,-34,sil
21.269620656967163,-8,9,-4,14,9,1,0,1,-22,-20,-6,-5,-25,-26,sil
21.269620656967163,-11,13,-5,21,15,5,4,0,-10,-9,3,-5,-10,-12,sil
21.28509521484375,-8,6,2,20,13,8,5,-1,-4,0,2,-6,-5,-6,sil
21.28509521484375,5,4,2,29,14,12,21,1,8,21,0,-4,0,1,sil
21.300294399261475,0,5,2,21,9,14,28,1,9,30,-6,-8,0,3,sil
21.300294399261475,-23,-2,-14,5,0,10,10,-3,-5,16,-17,-25,-5,-3,sil
21.315444469451904,-23,-13,-19,-1,-6,6,-2,-7,-5,13,-18,-30,-5,0,sil
21.315444469451904,0,-8,-5,-6,-10,4,-1,-3,7,17,-8,-14,0,10,sil
21.33049154281616,7,0,-4,-4,-8,-2,-3,3,10,9,0,-2,4,10,sil
21.33049154281616,0,-8,0,-13,-10,-3,-8,7,8,0,-3,0,2,6,sil
21.346609592437744,-5,-23,-1,-26,-14,-2,-2,0,16,4,-7,0,6,10,sil
21.346609592437744,3,-16,-1,-25,-14,-9,-1,-2,12,-1,1,7,14,14,sil
21.36258578300476,13,0,10,-14,-10,-16,-14,0,-4,-11,13,24,14,11,sil
21.36258578300476,8,0,4,-12,-8,-22,-22,0,-10,-5,13,24,5,4,sil
21.378243446350098,1,-3,7,-19,-9,-22,-21,-4,-12,-9,0,10,-4,-8,sil
21.378243446350098,0,0,4,-22,-6,-11,-13,-6,-23,-25,-7,0,-6,-20,sil
21.39433145523072,7,7,4,-11,2,2,0,2,-19,-18,5,4,-1,-13,sil
21.39433145523072,16,14,17,5,6,6,0,9,-1,0,22,16,0,0,sil
21.410420417785645,10,10,1,10,3,-3,-9,-1,-2,-7,18,7,0,-3,sil
21.410420417785645,0,5,-2,5,4,-7,-8,-5,-18,-20,0,-8,-1,-6,sil
21.42557644844055,-2,12,2,14,11,7,2,0,-14,-17,-4,-15,-8,-6,sil
21.42557644844055,-4,16,0,30,17,17,7,1,0,-7,0,-16,-13,-11,sil
21.441617727279663,-9,8,3,28,17,22,12,5,2,6,0,-10,-9,-5,sil
21.441617727279663,-9,-1,-8,20,12,28,19,2,4,18,-1,-7,-1,4,sil
21.457177877426147,-12,-2,-6,17,9,19,22,0,8,10,-14,-11,0,-1,sil
21.457177877426147,-15,3,0,19,8,8,25,2,13,5,-22,-11,-1,-7,sil
21.47230362892151,-8,-1,-8,12,0,7,24,1,17,16,-15,-6,-1,0,sil
21.47230362892151,-5,-16,-8,-5,-8,6,14,-3,10,19,-11,-6,-5,6,sil
21.48836350440979,-7,-20,-8,-14,-7,0,14,-3,11,15,-11,-11,0,12,sil
21.48836350440979,0,-12,0,-15,-4,-1,15,2,16,12,-7,-4,6,16,sil
21.504382848739624,10,-4,0,-6,-3,-6,2,2,12,10,0,5,5,15,sil
21.504382848739624,15,-4,-5,1,0,-16,-8,0,10,9,8,10,11,13,sil
21.51951146125793,13,-7,9,-6,-7,-18,-12,2,18,9,10,14,19,9,sil
21.51951146125793,4,-5,-4,-19,-20,-20,-16,0,10,0,2,9,14,1,sil
21.535033702850345,1,0,-15,-22,-15,-24,-27,-6,-16,-20,3,11,5,0,sil
21.535033702850345,6,3,2,-20,-4,-20,-31,-2,-25,-20,18,27,3,0,sil
21.550645112991333,9,11,9,-10,-5,-17,-26,0,-11,-13,20,24,0,-7,sil
21.550645112991333,10,20,17,1,-2,-13,-24,-2,-3,-17,13,16,-7,-12,sil
21.56628131866455,6,18,11,0,2,-8,-19,-6,-11,-10,19,17,-2,-4,sil
21.56628131866455,4,14,10,5,5,-2,-10,-1,-25,-3,21,14,0,3,sil
21.58224201202393,3,12,12,23,13,13,0,5,-26,-10,8,0,-1,0,sil
21.58224201202393,-11,3,-2,17,14,27,8,1,-9,-4,-5,-20,-1,-10,sil
21.59712266921997,-21,-3,-2,1,2,26,17,0,3,7,-15,-28,-5,-15,sil
21.59712266921997,-10,-1,-2,13,5,21,23,5,6,9,-14,-23,-7,-9,sil
21.61261415481568,-2,0,-3,18,14,17,23,6,6,13,-12,-16,-2,-1,sil
21.61261415481568,-10,-8,-7,-4,4,18,16,0,1,19,-14,-12,0,0,sil
21.628611087799072,-14,-19,-19,-12,-7,9,3,-3,0,5,-13,-18,-4,-3,sil
21.628611087799072,-4,-16,-4,-8,-9,-1,-1,3,5,-18,-18,-22,-16,-4,sil
21.644136667251587,-3,-8,-1,-9,-1,1,10,3,14,-13,-20,-22,-18,-2,sil
21.644136667251587,-7,-13,-11,-17,0,2,10,-6,8,1,-16,-11,-10,0,sil
21.65903615951538,0,-14,0,-19,-9,-8,-4,-8,2,2,-6,6,2,7,sil
21.65903615951538,9,-7,0,-10,-13,-12,0,1,12,4,9,15,14,19,sil
21.67436647415161,6,-4,2,-2,-9,-9,10,6,17,10,16,19,11,19,sil
21.67436647415161,4,3,2,6,-1,-10,1,0,7,13,13,24,7,7,sil
21.691444396972656,17,24,9,19,7,-9,-8,0,2,12,22,29,18,6,sil
21.691444396972656,21,28,20,15,9,-7,-9,3,1,-1,34,21,15,3,sil
21.70610833168029,1,8,-2,-7,0,-12,-18,-5,-12,-20,16,-1,-8,-18,sil
21.70610833168029,-3,2,-5,-12,0,-11,-25,-5,-26,-28,-6,-4,-16,-24,sil
21.7214584350586,16,13,7,11,7,-5,-10,4,-18,-20,0,10,0,0,sil
21.7214584350586,17,13,7,19,12,-2,1,5,-1,3,0,8,3,13,sil
21.73734879493713,-9,3,3,11,8,10,4,0,2,22,-18,-10,-6,0,sil
21.73734879493713,-19,-1,-8,22,8,25,14,-4,2,18,-20,-22,-11,-12,sil
21.753044605255127,-3,2,0,28,11,22,20,-3,0,2,-10,-16,-5,0,sil
21.753044605255127,-6,2,0,10,2,13,12,0,-11,-6,-16,-11,0,10,sil
21.769282579422,-24,-16,-17,-3,-12,1,1,-1,-9,-1,-20,-11,-2,0,sil
21.769282579422,-16,-28,-5,-11,-17,0,0,0,12,14,-12,-1,6,0,sil
21.78437662124633,0,-20,-4,-22,-11,-3,9,2,29,21,-9,-6,17,7,sil
21.78437662124633,-1,-11,-5,-30,-7,-9,3,2,17,3,-7,-12,8,0,sil
21.80005121231079,4,-7,3,-19,-6,-9,-11,0,5,-3,17,8,8,-2,sil
21.80005121231079,14,-6,1,-16,-12,-10,-13,-2,-1,-5,38,24,22,9,sil
21.81509304046631,6,-4,0,-26,-19,-18,-12,-6,-10,-21,26,16,17,7,sil
21.81509304046631,2,3,-1,-11,-11,-16,-17,-4,-7,-27,14,9,7,0,sil
21.83025097846985,6,11,7,4,3,-2,-19,3,-2,-14,10,6,0,-1,sil
21.84628319740296,0,9,4,1,11,6,-9,3,-4,2,6,3,-3,-3,sil
21.84628319740296,2,8,-6,-1,12,6,10,-2,1,19,18,11,7,-2,sil
21.84628319740296,13,10,14,1,13,3,19,1,8,16,22,18,6,0,sil
21.862797498703003,1,10,10,8,17,4,10,5,4,-4,-5,-2,-18,-10,sil
21.862797498703003,-16,6,-4,17,16,10,0,-2,-8,-16,-30,-20,-35,-18,sil
21.877258777618408,-16,0,-2,11,4,9,-4,-3,-19,-12,-19,-14,-33,-16,sil
21.89315962791443,-8,0,-5,3,-3,0,0,1,-13,-5,-5,-15,-30,-12,sil
21.89315962791443,3,15,11,21,3,0,8,10,-3,2,-2,-7,-25,1,sil
21.90841054916382,18,24,22,38,15,13,12,9,0,17,3,9,-15,14,sil
21.90841054916382,15,8,10,20,9,14,11,3,4,18,3,4,-10,12,sil
21.92398452758789,-1,-4,-3,1,-1,9,14,-1,6,1,-7,-11,-8,2,sil
21.92398452758789,-8,-4,-13,6,-1,0,3,-6,0,0,-9,-13,5,0,sil
21.940075874328613,-2,-5,-4,1,-7,-9,-18,-7,-6,4,-10,-5,20,3,sil
21.940075874328613,-3,-14,-10,-11,-12,-6,-19,-6,1,0,-14,-3,25,8,sil
21.95512628555298,-5,-21,-17,-17,-11,0,-8,-4,5,-5,-15,-6,21,7,sil
21.95512628555298,0,-10,-1,-12,-13,-2,-7,-1,-1,0,-8,-1,21,8,sil
21.970314264297485,2,0,-2,0,-13,-9,-1,0,0,5,0,9,30,12,sil
21.970314264297485,-1,-5,-3,-2,-5,-9,7,0,7,2,0,14,25,8,sil
21.986080646514893,-8,-16,-10,-22,-5,-2,6,0,14,2,0,4,9,0,sil
21.986080646514893,-7,-13,-14,-22,-6,3,7,1,14,10,7,1,3,0,sil
22.00142288208008,-3,-3,-1,-12,0,3,11,-2,5,3,7,8,0,0,sil
22.00142288208008,-4,-7,-7,-19,0,-7,3,-7,0,-4,1,0,-9,-5,sil
22.017430543899536,0,-9,-2,-20,-2,-12,-5,3,3,3,0,-7,-10,-1,sil
22.017430543899536,8,0,6,0,0,-11,-2,7,-1,-3,4,-3,-5,0,sil
22.033260107040405,5,8,4,2,0,-9,-2,0,-12,-34,3,-4,-11,-10,sil
22.033260107040405,0,5,9,-3,0,0,-8,5,-7,-31,1,-3,-11,-13,sil
22.048380613327023,2,9,7,0,10,9,0,7,10,5,6,2,0,-4,sil
22.048380613327023,12,26,15,12,23,12,10,2,13,18,16,11,3,4,sil
22.06442713737488,15,28,12,24,21,6,0,1,2,5,21,16,6,1,sil
22.06442713737488,0,9,1,16,7,-5,-14,-4,-4,1,10,4,2,-12,sil
22.080037355422974,-7,0,11,-1,0,-5,-10,-7,-9,0,-6,-7,-14,-14,sil
22.080037355422974,-5,-1,-2,0,-1,6,-1,-1,-11,-7,-10,-10,-24,-10,sil
22.09520053863525,-8,-7,-7,5,-9,4,-4,0,-14,-13,-4,-2,-20,-9,sil
22.09520053863525,0,3,8,6,-7,0,0,-1,-7,0,1,4,-8,1,sil
22.116371870040894,9,10,6,15,1,6,6,-2,-9,-3,-1,1,0,7,sil
22.116371870040894,-1,-3,2,15,-1,9,-2,-1,-30,-16,-5,0,0,0,sil
22.116371870040894,-11,-7,-4,6,-3,1,0,0,-21,9,11,-4,10,3,sil
22.12647247314453,-1,0,-4,0,2,-6,7,3,9,30,11,-5,15,14,sil
22.14246368408203,0,0,-1,2,0,-6,4,4,11,11,-3,-1,3,9,sil
22.14246368408203,-2,-7,-2,6,-1,-3,5,2,11,16,4,8,3,9,sil
22.15845394134521,5,-1,4,0,0,3,8,2,24,28,9,13,12,16,sil
22.15845394134521,6,0,-7,-7,3,10,6,0,20,7,-5,4,5,14,sil
22.17309665679932,3,-2,-8,0,0,5,8,-1,10,-6,-14,1,-1,9,sil
22.17309665679932,5,0,9,6,-3,1,1,-1,9,-4,-12,7,5,7,sil
22.188755750656128,9,8,3,11,1,0,-3,-3,10,-3,-4,8,13,8,sil
22.188755750656128,14,15,5,17,7,-2,-2,-1,6,-4,4,7,8,10,sil
22.204424142837524,5,0,0,9,-5,-4,-5,-1,-3,-5,-3,-2,0,-3,sil
22.204424142837524,-6,-20,-7,-8,-14,-3,-8,-2,-12,-10,-21,-14,-5,-16,sil
22.22031617164612,-5,-11,-3,-6,0,2,0,-1,-3,-8,-16,-6,-5,-9,sil
22.22031617164612,-11,-7,-11,-8,3,0,-4,-5,-4,-7,-4,-8,-6,-13,sil
22.23629069328308,-19,-19,-13,-32,-7,-12,-24,-7,-24,-18,-11,-22,-14,-27,sil
22.23629069328308,-9,-9,-13,-27,-6,-9,-14,0,-15,-16,-10,-17,-6,-19,sil
22.25200247764588,-2,0,-9,-16,1,4,8,8,0,-3,0,-6,0,-4,sil
22.25200247764588,-14,-7,-4,-32,2,7,5,3,-7,1,-6,-13,-9,-7,sil
22.2670419216156,-16,-9,-15,-35,1,-1,-3,-1,-6,-3,-18,-24,-16,-11,sil
22.267427444458008,-10,-4,-7,-34,-6,-3,5,7,12,-7,-9,-18,-11,-8,sil
22.283079147338867,-16,-8,-4,-40,-12,5,20,9,20,1,5,-10,-3,-9,sil
22.283079147338867,-10,0,-7,-19,0,5,12,-1,7,18,20,0,4,-2,sil
22.29920744895935,10,21,17,13,10,-5,-8,-4,-4,18,36,19,9,10,thankyou
22.29920744895935,19,23,29,26,7,-8,-12,-1,0,2,33,21,10,10,thankyou
22.31467318534851,17,18,28,33,3,6,6,6,8,2,10,15,12,11,thankyou
22.31467318534851,19,18,16,43,0,15,24,7,10,19,7,22,10,23,thankyou
22.330105781555176,26,16,11,48,0,3,15,1,3,12,20,32,9,27,thankyou
22.330105781555176,30,15,28,51,8,0,1,4,1,-4,22,37,17,23,thankyou
22.345202207565308,16,7,9,43,14,2,7,-1,8,4,12,24,16,14,thankyou
22.345202207565308,-2,-3,-6,16,4,-2,2,-11,0,0,-4,2,-1,0,thankyou
22.3613383769989,-2,-3,-5,4,-3,-7,-16,-7,-14,-23,-15,-2,-9,-7,thankyou
22.3613383769989,12,0,-1,19,-6,-9,-14,0,-9,-12,-7,8,0,1,thankyou
22.376375913619995,16,0,5,16,-12,-8,-1,-1,2,13,-1,12,1,10,thankyou
22.376375913619995,-5,-8,-11,-4,-10,-7,-4,-2,6,13,-12,-6,-6,0,thankyou
22.39207625389099,-25,-14,-22,-19,0,-6,-14,0,-1,-1,-21,-19,-15,-19,thankyou
22.39207625389099,-26,-13,-17,-22,6,-5,-15,0,-11,-6,-11,-18,-13,-26,thankyou
22.4082510471344,-22,-13,-17,-26,4,-1,-12,-1,-14,-7,-3,-19,-5,-17,thankyou
22.4082510471344,-9,-7,-4,-25,0,2,-5,1,-9,-2,-4,-14,2,0,thankyou
22.42273449897766,8,0,-1,-16,0,2,5,2,0,5,0,-10,9,6,thankyou
22.42273449897766,6,0,-1,-17,-1,0,1,3,0,6,-1,-12,0,-2,thankyou
22.438432693481445,-17,-2,-3,-24,-5,1,-5,0,-4,3,-8,-16,-10,-17,thankyou
22.438432693481445,-29,-13,-19,-30,1,7,-2,-10,-7,-1,-7,-23,-10,-21,thankyou
22.453968048095703,-16,-11,-6,-23,16,15,1,-4,-5,-13,-4,-13,-5,-11,thankyou
22.453968048095703,-2,5,9,1,15,15,5,2,4,-13,5,5,0,3,thankyou
22.46911382675171,0,12,14,12,-1,1,3,1,8,-13,10,8,3,11,thankyou
22.48430824279785,11,8,17,7,-15,-2,0,-1,-1,-8,0,6,0,13,thankyou
22.48430824279785,29,8,18,9,-15,3,3,1,-5,2,-4,11,3,14,thankyou
22.50110936164856,28,6,20,8,-6,4,11,5,-1,-8,-3,7,3,7,thankyou
22.50110936164856,12,0,-1,7,9,4,16,3,2,-11,-2,-1,0,0,thankyou
22.51730394363404,5,0,-5,13,13,6,12,3,12,15,10,9,6,7,thankyou
22.51730394363404,-5,6,6,13,0,3,5,4,14,20,17,13,9,9,thankyou
22.51730394363404,-22,1,-11,12,-1,0,10,0,0,-1,3,-6,-7,-8,thankyou
22.53284072875977,-12,1,-12,13,6,0,12,0,-1,2,-5,-6,-10,-12,thankyou
22.547091484069824,5,2,-5,12,0,-7,5,2,21,24,0,7,7,3,thankyou
22.547468900680546,11,-6,-5,-3,-11,-13,2,1,26,25,-2,0,4,12,thankyou
22.564032077789307,8,-14,1,-14,-10,-1,7,1,11,16,-14,-8,-9,8,thankyou
22.564032077789307,-3,-15,-10,-10,-5,-4,4,1,9,7,-10,-4,0,1,thankyou
22.564032077789307,-7,-5,-10,-7,-6,-18,-6,0,19,0,0,6,12,3,thankyou
22.57830786705017,0,5,-4,-6,-4,-16,-15,0,6,-5,2,9,9,4,thankyou
22.594358921051025,4,5,1,-1,-3,-11,-18,-5,-26,-10,0,4,1,-2,thankyou
22.594358921051025,3,5,13,3,-2,-5,-13,-10,-35,-12,4,7,-1,0,thankyou
22.61001443862915,3,4,8,2,3,7,-8,-6,-15,-8,4,7,0,2,thankyou
22.61001443862915,-3,0,1,-3,4,4,-13,0,-9,-14,-4,0,-1,-12,thankyou
22.62509250640869,-9,0,-4,-5,0,-7,-21,-2,-14,-18,0,0,-2,-16,thankyou
22.62509250640869,0,2,-2,1,3,-5,-19,0,-5,-4,14,5,4,-1,thankyou
22.641185522079468,4,6,13,5,8,5,-12,3,-3,1,17,5,8,2,thankyou
22.641185522079468,0,4,5,4,11,8,-5,-2,-7,-1,13,-4,5,-3,thankyou
22.656349420547485,0,1,5,5,9,10,0,-2,-3,0,7,-3,3,-5,thankyou
22.656349420547485,0,0,3,-2,1,6,11,3,0,0,-1,-2,-3,-5,thankyou
22.67215251922608,-13,-10,-12,-18,-6,0,13,3,-9,-9,-13,-17,-16,-8,sil
22.67215251922608,-12,-8,-1,-16,-3,8,6,4,-8,-7,-5,-10,-11,-6,sil
22.68753695487976,5,3,7,0,6,15,15,6,13,13,18,9,13,3,sil
22.68753695487976,8,1,4,0,5,1,18,5,19,12,8,4,8,8,sil
22.703062534332275,0,-2,-5,8,0,-10,0,2,3,-4,-15,-9,-16,-3,sil
22.703062534332275,7,6,-5,21,5,-5,-5,-1,-5,-5,-10,-6,-16,-2,sil
22.71863341331482,12,11,9,12,2,7,8,-1,-2,0,-3,2,-5,11,sil
22.71863341331482,0,3,-1,4,-1,14,18,0,6,4,-10,-2,-7,6,sil
22.734156131744385,-2,0,0,6,0,5,14,0,10,11,-14,-7,-11,-2,sil
22.734156131744385,2,5,11,7,-4,0,6,-1,-2,3,-14,-5,-15,0,sil
22.74945092201233,-1,4,0,4,-15,1,0,-4,-7,-5,-10,-2,-9,3,sil
22.74945092201233,-8,-4,-2,-7,-10,-1,0,0,4,5,0,3,12,12,sil
22.764795064926147,-8,-12,-10,-14,0,-5,-1,0,9,14,8,0,22,10,sil
22.764795064926147,-7,-7,-14,-5,-1,-6,-6,-2,2,2,3,-5,4,-1,sil
22.78075122833252,-9,-2,-1,1,-3,0,-5,-1,10,1,-6,-2,0,-6,sil
22.78075122833252,-2,-9,-3,0,0,0,-1,0,26,17,0,4,21,0,sil
22.796283960342407,10,-2,4,0,0,-4,-4,2,20,10,17,18,30,9,sil
22.796283960342407,9,6,1,2,0,-5,-6,1,4,-3,14,15,15,11,sil
22.811999559402462,-1,-9,-11,-6,0,0,0,0,-3,-6,-7,-3,-1,2,sil
22.811999559402462,0,-21,-6,-19,0,1,4,1,1,3,-5,-1,3,2,sil
22.82703709602356,11,-3,2,-5,4,-3,2,1,6,6,17,15,19,13,sil
22.82703709602356,18,13,16,6,5,-7,-9,-1,-16,-14,13,18,2,4,sil
22.84306192398072,10,10,7,-4,3,-11,-16,-8,-38,-29,0,3,-19,-19,sil
22.84306192398072,0,8,-7,-13,2,-14,-18,-7,-30,-17,4,-7,-14,-26,sil
22.85846781730652,-8,10,0,-5,-1,-8,-18,2,-13,-14,1,-7,-13,-14,sil
22.85846781730652,-16,0,-1,4,-7,-3,-13,3,-10,-24,-16,-9,-26,-16,sil
22.87443685531616,-7,-1,4,15,-4,0,-3,2,-13,-15,-15,-4,-21,-14,sil
22.87443685531616,6,11,13,26,7,12,17,8,-4,8,6,2,0,3,sil
22.89003300666809,-1,6,2,16,11,24,29,4,7,20,1,-4,4,9,sil
22.89003300666809,-18,-15,-12,0,1,24,18,-4,8,12,-22,-14,-10,1,sil
22.90656065940857,-14,-14,-18,-4,-7,9,12,-7,2,0,-21,-13,-7,4,sil
22.90656065940857,0,0,2,-4,-6,-5,10,3,4,1,-4,0,9,9,sil
22.92204999923706,0,-5,3,-9,-7,-9,-5,3,12,9,3,3,13,2,sil
22.92204999923706,0,-11,-8,-11,-11,-9,-14,-2,19,7,12,2,10,1,sil
22.937294960021973,15,13,9,-4,-1,-5,-5,3,20,3,24,13,15,13,sil
22.937294960021973,20,24,9,2,14,-1,-1,6,16,9,26,9,12,13,sil
22.95229840278625,6,5,9,2,13,1,-5,0,4,8,12,-6,0,-1,sil
22.95229840278625,-1,2,8,3,12,6,-3,-6,-1,5,1,-8,-4,-10,sil
22.967788457870483,0,8,-3,9,21,8,2,-4,-2,-1,-1,-4,-2,-5,sil
22.967788457870483,2,1,2,3,16,9,7,4,-7,-13,-10,-5,-6,0,sil
22.98357844352722,-1,-4,2,-5,0,6,9,4,-9,-10,-12,-10,-14,-5,sil
22.98357844352722,-10,-3,-1,-5,-9,-4,0,-3,-21,-10,-10,-8,-22,-15,sil
22.999353885650635,-15,-6,-4,4,-9,-4,-1,-6,-24,-4,-8,0,-12,-12,sil
22.999353885650635,-10,-9,-9,3,-9,2,8,-2,-6,15,-3,8,3,2,sil
23.014508962631226,-2,-8,-2,-6,-13,-1,3,0,1,13,-6,3,2,14,sil
23.014508962631226,-2,-12,-11,-8,-10,-5,-7,-3,0,-4,-16,-6,2,10,sil
23.030439853668213,0,-14,-11,-9,-3,1,-2,-3,12,0,-12,0,12,7,sil
23.030439853668213,3,-7,0,-10,-4,4,7,4,33,13,0,11,15,13,sil
23.04554748535156,2,-1,-1,-3,-8,-9,2,3,33,15,10,13,20,17,sil
23.04554748535156,9,6,7,1,-8,-16,-12,0,8,1,14,22,25,10,sil
23.060688972473145,19,17,7,9,-3,-9,-16,-1,-19,-13,12,25,13,-8,sil
23.060688972473145,18,19,8,15,5,-3,-5,0,-27,-19,8,12,-7,-19,sil
23.0779972076416,11,12,13,8,11,0,2,0,-13,-13,16,10,-6,-11,sil
23.0779972076416,2,7,0,6,10,1,-1,1,0,-2,23,10,5,0,sil
23.09313464164734,-5,10,0,12,8,5,-11,2,-8,-1,7,-2,-6,-6,sil
23.09313464164734,-6,9,0,15,8,10,-2,2,-11,-4,-7,-9,-21,-15,sil
23.107237577438354,1,4,2,18,9,8,15,4,7,2,0,0,-7,0,sil
23.12458896636963,1,-1,6,10,5,6,17,6,13,12,4,-1,7,16,sil
23.12458896636963,-11,-15,-13,-13,-4,2,3,-1,-6,2,-19,-27,-6,5,sil
23.12458896636963,-16,-21,-9,-20,-14,-2,-2,-6,-6,-8,-36,-36,-26,-2,sil
23.13800573348999,-12,-12,-5,-6,-11,-1,1,0,18,1,-24,-22,-17,1,sil
23.156583786010746,-14,-16,-17,-16,-4,1,3,0,19,4,-19,-21,-5,0,sil
23.157098054885864,-13,-24,-10,-31,-3,0,2,-1,8,0,-16,-24,-5,2,sil
23.157098054885864,-1,-12,-5,-17,-6,-1,7,-3,10,4,-1,-17,0,9,sil
23.17073917388916,2,-2,1,-9,-6,0,5,-5,0,-1,0,-1,6,0,sil
23.185279846191406,0,-2,1,-2,2,1,2,-3,-5,-6,8,13,13,0,sil
23.185279846191406,9,6,0,10,8,0,2,1,7,11,26,20,20,9,sil
23.20130586624145,11,16,11,7,6,0,-7,4,2,14,15,13,11,-1,sil
23.20130586624145,2,14,3,-6,7,-3,-19,0,-18,-1,1,9,0,-20,sil
23.217061042785645,3,16,6,-5,4,-7,-15,1,-16,-4,21,22,6,-10,sil
23.217061042785645,7,16,13,9,-3,-10,-8,2,-7,-3,33,25,11,1,sil
23.23239588737488,4,13,4,14,-2,-10,-17,-3,-20,-19,10,9,-5,-9,sil
23.23239588737488,0,13,2,3,3,-10,-26,-7,-31,-23,-6,2,-15,-20,sil
23.24844121932984,-3,8,-5,4,7,-6,-10,-3,-13,-2,0,1,-6,-8,sil
23.24844121932984,-2,0,-3,11,5,2,9,4,-1,-1,-5,-8,-7,0,sil
23.264095783233643,-3,-4,1,6,0,10,13,5,-4,-9,-24,-18,-8,0,sil
23.264095783233643,-6,-11,-1,2,-1,10,10,1,0,1,-22,-10,0,2,sil
23.279372930526733,-3,-15,2,0,2,10,11,2,6,9,-16,1,0,6,sil
23.279372930526733,1,-10,-5,6,3,7,19,3,10,6,-16,-4,-5,5,sil
23.29543828964233,8,0,3,18,0,11,26,3,21,17,-5,-1,-1,16,sil
23.29543828964233,10,2,11,13,0,20,26,1,34,28,8,10,6,22,sil
23.31113719940185,0,-7,-4,-6,-3,10,17,1,26,24,4,1,7,9,sil
23.31113719940185,0,-7,0,-10,-9,0,6,-1,11,16,-1,-6,5,8,sil
23.327178239822388,9,3,2,0,-6,0,-2,-9,11,13,5,0,14,18,sil
23.327178239822388,8,1,-1,-4,-5,-6,-12,-8,13,1,13,12,20,14,sil
23.342454195022583,-3,-10,-3,-18,-7,-19,-13,2,4,-10,14,14,10,1,sil
23.342454195022583,-6,-12,-11,-22,-6,-21,-19,0,-1,-8,9,4,2,-6,sil
23.35759401321411,0,-5,-2,-13,-7,-21,-34,-1,-9,-7,6,4,-1,-11,sil
23.35759401321411,1,0,-3,-4,-3,-16,-28,0,-17,-14,16,10,-3,-10,sil
23.3731632232666,5,11,0,-1,2,-5,-6,4,-12,-10,22,7,1,-8,sil
23.3731632232666,11,22,13,7,2,-3,0,5,-8,-8,10,4,2,-7,sil
23.38830280303955,4,21,3,18,3,-2,-2,1,-20,-26,-6,-4,-10,-10,sil
23.38830280303955,-10,7,-2,4,9,8,2,0,-26,-33,-20,-16,-22,-15,sil
23.403828382492065,-23,-4,-9,-4,14,19,11,0,-6,-6,-20,-19,-18,-17,sil
23.403828382492065,-19,0,-7,11,14,20,15,1,5,6,-12,-18,-12,-11,sil
23.41986560821533,0,10,9,23,10,20,17,4,1,4,-4,-10,-4,1,sil
23.41986560821533,8,0,-2,11,0,10,17,0,-1,14,0,-6,1,13,sil
23.43556261062622,0,-11,-6,-2,-15,-1,5,-7,-3,9,-13,-11,-3,7,sil
23.43556261062622,-9,-11,-2,-1,-9,5,5,-8,-2,-6,-28,-16,-9,-4,sil
23.45117998123169,-12,-21,-10,-10,3,12,16,-7,-5,-6,-24,-19,-6,-3,sil
23.45117998123169,-17,-29,-13,-24,0,2,4,-4,-5,1,-9,-14,-2,-2,sil
23.4662663936615,-12,-12,-10,-8,-6,-12,-16,4,6,5,0,-1,3,-2,sil
23.4662663936615,8,9,11,8,0,-15,-12,9,20,13,4,16,12,9,sil
23.482115030288696,28,15,19,7,0,-10,0,2,25,25,22,28,24,23,sil
23.482115030288696,31,11,13,4,0,-9,-4,1,27,27,27,31,30,21,sil
23.497122287750244,23,5,11,-8,0,-7,-7,10,15,16,7,23,15,12,sil
23.497122287750244,3,-6,-9,-32,-3,-6,-7,0,-5,-1,0,1,-5,-6,sil
23.512305736541748,-11,-10,-7,-25,-4,-6,-10,-9,-17,-19,4,-2,-12,-23,sil
23.512305736541748,-1,10,5,4,4,-1,-2,-1,-4,-12,14,11,1,-9,sil
23.528392553329468,16,26,8,8,6,0,1,3,10,3,24,20,13,10,sil
23.528392553329468,7,11,15,0,-5,-5,-8,0,-1,-6,21,13,1,2,sil
23.543986797332764,-8,-1,0,15,-6,-4,-6,-1,-18,-15,9,1,-4,-6,sil
23.543986797332764,-6,2,1,21,2,9,-1,-1,-20,-7,0,-4,-6,0,sil
23.56000280380249,-14,0,5,0,3,15,-7,-4,-26,-17,-19,-17,-27,-10,sil
23.56000280380249,-28,-7,-9,-2,-1,8,3,-2,-26,-29,-35,-35,-38,-22,sil
23.575453996658325,-10,2,0,18,0,7,23,3,0,-7,-25,-20,-13,0,sil
23.575453996658325,11,5,1,26,5,8,17,2,29,20,-2,0,11,23,sil
23.59112048149109,9,-3,-5,7,3,3,0,3,25,21,3,7,12,21,sil
23.59112048149109,0,-7,-5,-5,-1,-2,1,4,9,15,6,7,10,9,sil
23.607277870178223,-3,-10,-9,-1,0,-4,5,-1,1,4,7,1,8,-1,sil
23.607277870178223,-1,-6,0,2,3,3,0,-1,0,-2,0,-4,4,-6,sil
23.623231649398804,1,0,0,3,2,3,3,0,2,8,0,-1,7,-1,sil
23.623231649398804,2,0,-3,0,0,-4,6,0,8,16,9,5,8,1,sil
23.63882637023925,4,-1,-5,-2,3,1,3,1,6,8,14,5,8,2,sil
23.63882637023925,6,2,-9,-1,6,7,3,-2,0,2,7,1,12,0,sil
23.654478549957275,1,0,4,-4,0,-7,1,-1,-6,-2,0,4,4,-5,sil
23.654478549957275,-2,-6,2,-16,-7,-19,-7,0,-5,-2,0,5,-1,-6,sil
23.670101404190063,8,-1,-2,-16,-11,-10,-11,-1,-2,-1,-1,1,0,0,sil
23.670101404190063,9,0,2,-9,-12,0,-10,-1,-5,-11,-10,-2,-6,-4,sil
23.685497283935547,-12,-8,-6,-22,-10,0,-8,0,-2,-11,-18,-16,-14,-9,sil
23.685497283935547,-12,-8,3,-26,-4,0,-5,2,4,-2,-13,-13,-14,-5,sil
23.701542377471924,4,1,9,4,9,1,0,2,9,0,-1,0,-11,0,sil
23.701542377471924,4,8,2,22,12,0,0,1,0,-2,0,-2,-8,3,sil
23.717241048812863,0,12,4,13,6,5,2,0,-9,-2,-5,-8,-5,9,sil
23.717241048812863,-1,10,-2,13,2,9,7,-2,-10,-7,-5,-10,-6,0,sil
23.732288360595703,-7,0,1,4,-2,2,-1,-2,-10,-16,-5,-5,-4,-9,sil
23.732288360595703,-3,-2,6,0,-1,3,0,0,-1,-4,7,6,10,0,sil
23.747422456741333,7,2,3,9,6,12,10,0,11,14,18,13,15,7,sil
23.747422456741333,1,6,3,12,6,7,6,-3,8,8,10,11,5,3,sil
23.76249670982361,-8,1,-7,2,2,0,-1,-2,-1,0,6,4,7,4,sil
23.76249670982361,-7,-3,-3,-6,4,0,1,6,1,6,2,0,8,3,sil
23.77915954589844,-7,-2,-2,-11,2,-3,-2,2,7,6,-7,-5,0,-5,sil
23.77915954589844,-5,0,-4,-7,-5,-19,-13,-6,-5,-2,-7,-4,-3,-6,sil
23.793604850769043,5,0,5,-3,-12,-16,-9,0,-18,-6,0,3,-2,0,sil
23.79460620880127,8,-3,-2,-5,-7,-6,4,3,-6,-3,-2,-2,0,1,sil
23.80900382995605,0,-4,-3,-7,-3,-1,11,1,0,-1,-8,-10,-4,2,sil
23.80900382995605,1,-2,0,-5,-8,1,3,2,-7,-2,-7,-1,-6,0,sil
23.82503461837769,12,-3,0,-1,-10,-1,0,2,1,-1,0,10,-1,0,sil
23.82503461837769,13,-4,11,-3,-4,-5,4,1,19,7,6,20,6,9,sil
23.841095209121704,3,-2,0,0,3,0,5,-1,21,18,10,17,13,11,sil
23.841095209121704,0,3,-5,6,6,4,0,4,17,16,12,7,8,5,sil
23.85699987411499,2,8,3,10,4,1,-2,7,19,16,12,7,2,1,sil
23.85699987411499,0,5,3,9,3,-4,-6,-6,5,11,13,8,3,-1,sil
23.871541023254395,-3,3,9,9,7,-1,-17,-11,-23,-12,5,-1,-4,-6,sil
23.871541023254395,-11,2,0,10,7,6,-15,-8,-30,-29,-9,-18,-22,-13,sil
23.88626790046692,-5,2,-5,6,0,7,-9,-5,-17,-23,-8,-14,-18,-18,sil
23.90237331390381,6,11,3,16,0,3,-3,1,-10,-2,13,1,4,-3,sil
23.90237331390381,5,14,6,30,8,3,1,1,-8,4,19,1,11,10,sil
23.91832733154297,2,6,15,20,10,11,3,-1,0,5,10,4,10,11,sil
23.91832733154297,7,-1,5,6,11,13,6,1,8,14,14,11,14,10,sil
23.93435573577881,0,-9,-5,-2,2,2,9,1,8,3,2,-4,2,4,sil
23.93435573577881,-15,-15,-10,-20,-9,0,10,-1,1,-10,-22,-21,-10,-9,sil
23.951090812683105,-11,-13,-21,-33,-7,8,17,2,-1,3,-21,-15,0,-5,sil
23.951090812683105,-3,-11,-6,-27,-3,8,19,7,1,7,-12,-7,0,4,sil
23.951090812683105,-11,-15,-4,-15,-4,-1,8,0,2,-7,-24,-17,-11,-4,sil
23.965462923049927,-16,-13,-13,-14,-8,-3,1,0,-1,-7,-41,-26,-14,-13,sil
23.98099565505981,-9,-3,-12,-19,-10,0,3,2,0,-4,-41,-17,-12,-2,sil
23.98099565505981,-5,-4,-16,-20,-7,-6,-1,0,11,-8,-25,-5,-5,0,sil
23.99653005599976,-4,-11,-3,-27,-12,-21,-13,-2,13,-5,-7,0,3,-2,sil
23.99653005599976,2,-10,-1,-24,-14,-22,-11,-3,15,5,5,5,11,0,sil
24.012434482574463,18,4,7,-2,4,-9,-8,-1,17,8,19,23,13,6,sil
24.012434482574463,27,22,26,7,18,-2,-14,1,7,0,29,36,11,2,sil
24.02858638763428,12,22,7,0,5,-10,-14,1,-5,-9,27,18,0,-6,sil
24.02858638763428,4,17,6,12,0,-14,-7,4,-11,-7,19,10,-10,-5,sil
24.044501781463623,20,21,25,39,12,-3,-2,6,-12,-2,24,21,-4,5,sil
24.044501781463623,18,22,22,37,10,4,-3,-1,-16,-4,27,15,1,5,sil
24.06009268760681,-9,14,11,28,-1,7,-1,-6,-22,0,11,-3,-1,-4,sil
24.06009268760681,-16,0,0,28,1,12,8,-2,-18,17,4,-12,-3,-5,sil
24.076106786727905,-2,-2,0,17,11,21,14,5,-5,27,10,-5,0,0,sil
24.076106786727905,-5,1,-7,17,10,22,18,2,2,14,0,-7,3,1,sil
24.09136652946472,-6,-8,-8,22,0,11,11,-2,4,0,-16,-13,4,5,sil
24.09136652946472,5,-21,8,0,-12,6,0,1,8,3,-5,-1,2,16,sil
24.106508016586304,-2,-13,-6,-15,-13,2,-1,-1,12,2,0,1,0,8,sil
24.106508016586304,-21,-4,-14,-14,-13,-8,-2,-5,0,-13,-18,-10,-6,-6,sil
24.13100528717041,-16,-13,-12,-17,-8,-9,-9,-1,-6,-9,-16,-8,-4,-3,thankyou
24.13100528717041,-1,-11,-13,-12,5,0,-3,1,10,6,-6,1,1,7,thankyou
24.13100528717041,2,0,4,-3,13,3,4,0,21,-7,-11,3,7,8,thankyou
24.138103246688843,0,-5,0,-8,3,-4,0,0,8,-17,-4,-2,8,1,thankyou
24.154098510742188,3,-16,-12,-21,-9,-9,0,0,-5,-2,0,-5,3,0,thankyou
24.154098510742188,1,-10,-11,-27,-8,-8,0,-1,-7,5,-9,-6,0,-6,thankyou
24.16965126991272,-8,0,-12,-24,0,-11,-3,-5,-14,0,-3,-9,-4,-19,thankyou
24.16965126991272,-3,8,5,-6,2,-7,-6,-4,-15,5,7,3,-6,-9,thankyou
24.18534517288208,13,14,15,14,0,0,-4,0,3,8,14,16,5,9,thankyou
24.18534517288208,19,10,12,9,0,0,-9,0,10,0,18,22,16,14,thankyou
24.200457096099854,13,9,8,0,4,-1,-6,1,11,5,21,25,15,10,thankyou
24.200457096099854,9,8,1,0,4,1,6,4,24,17,14,17,9,6,thankyou
24.216293334960938,5,3,7,1,0,4,8,11,24,4,-3,3,-3,-4,thankyou
24.216293334960938,2,3,2,4,4,6,4,6,9,-7,-10,-1,-8,-11,thankyou
24.231337785720825,9,14,5,20,11,3,1,0,0,-4,0,0,-3,-4,thankyou
24.231337785720825,10,17,9,29,3,1,3,0,-10,-7,4,-1,-6,3,thankyou
24.24740934371948,0,4,-1,8,-4,-1,6,-1,-29,-22,-8,-16,-17,-4,thankyou
24.24740934371948,-15,-4,-2,-13,-11,-7,0,-3,-39,-37,-27,-29,-22,-18,thankyou
24.263113021850582,-25,-8,-15,-7,-6,-1,-1,-2,-22,-20,-22,-30,-19,-18,thankyou
24.263113021850582,-30,-18,-18,-5,4,9,2,1,-4,9,-7,-22,-18,-16,thankyou
24.27878713607788,-33,-26,-6,-18,1,7,-1,2,-2,8,-12,-19,-16,-24,thankyou
24.27878713607788,-22,-10,-12,-6,-5,0,-2,0,2,0,-7,-18,0,-14,thankyou
24.29440999031067,0,9,0,11,1,5,5,-1,8,12,13,0,13,13,thankyou
24.29440999031067,7,2,6,5,6,7,8,-1,3,14,14,10,10,21,thankyou
24.310120344161987,3,-12,1,-16,-4,0,1,-4,-5,1,-1,6,3,10,thankyou
24.310120344161987,3,-6,8,-16,-4,4,-6,-4,-10,-3,-6,1,0,6,thankyou
24.326181411743164,1,0,1,13,8,13,-3,0,-4,-1,-6,-1,-6,4,thankyou
24.326181411743164,3,0,1,28,8,8,4,3,12,5,-3,3,4,11,thankyou
24.34144616127014,14,8,2,13,-5,-9,-2,4,24,23,15,20,28,25,thankyou
24.34144616127014,26,15,7,4,-10,-20,-16,4,22,23,29,36,32,27,thankyou
24.357006788253784,31,15,20,13,4,-5,-5,1,16,2,16,34,17,20,thankyou
24.357006788253784,21,8,6,8,10,0,8,-6,3,-4,5,15,10,12,thankyou
24.372159242630005,9,3,0,-3,-1,-8,1,-2,-6,-1,11,10,9,2,thankyou
24.372159242630005,1,7,-1,0,-4,-7,-5,3,0,-4,11,10,4,-6,thankyou
24.388086318969727,-6,0,-10,0,-1,-8,-9,0,3,-6,6,0,1,-8,thankyou
24.388086318969727,-7,-8,0,-9,-6,-14,-11,-2,-1,3,14,2,6,-4,thankyou
24.403233766555783,6,0,3,-3,-1,-2,0,0,1,15,15,8,8,0,thankyou
24.403233766555783,7,4,-1,0,7,6,9,7,7,10,-1,1,-4,-3,thankyou
24.418474674224854,-9,-12,-12,-11,1,-1,5,3,2,-9,-12,-7,-18,-12,thankyou
24.418474674224854,-14,-20,-15,-16,-6,-3,2,-1,1,-19,-22,-18,-16,-13,thankyou
24.43399930000305,-10,-6,1,-17,-2,10,6,4,4,-10,-30,-18,-15,-12,thankyou
24.43399930000305,-20,-3,-5,-13,0,9,11,2,-5,-3,-25,-23,-24,-23,thankyou
24.44932866096497,-24,-9,-9,-10,-8,-3,2,-8,-25,-16,-26,-27,-27,-28,thankyou
24.44932866096497,-18,-8,-3,-11,-12,0,-10,-8,-17,-13,-21,-15,-13,-12,thankyou
24.46436905860901,-12,-1,-2,-7,-1,9,-5,0,6,6,0,-4,0,2,thankyou
24.46436905860901,0,7,9,9,7,15,8,2,6,11,4,-7,0,1,thankyou
24.48004651069641,7,9,4,23,7,10,4,0,-7,3,1,-12,0,0,thankyou
24.48004651069641,4,3,6,20,5,2,-5,0,-9,0,8,0,5,9,thankyou
24.49510097503662,6,4,7,8,7,4,4,2,2,0,16,12,10,18,thankyou
24.49510097503662,7,1,-8,0,5,2,9,3,2,-6,10,3,4,9,thankyou
24.51122689247132,1,-3,-2,1,0,-6,-3,1,-12,-7,0,0,-2,2,thankyou
24.51122689247132,0,0,0,5,2,-3,-5,-1,-13,0,1,2,3,4,thankyou
24.526455402374268,0,1,-4,0,4,-1,-1,-7,-10,-3,0,1,1,0,thankyou
24.542508363723755,-5,-3,-2,-7,-6,-11,-9,-5,-11,-14,-8,-6,-14,-12,thankyou
24.542508363723755,-2,-3,-5,-2,-13,-14,-8,3,0,-8,-7,-6,-11,-5,thankyou
24.542508363723755,13,8,7,5,-3,0,1,8,5,0,2,15,5,14,thankyou
24.55812644958496,27,18,15,6,8,3,4,-1,7,4,24,36,21,19,thankyou
24.55812644958496,20,17,17,7,9,0,-1,0,14,10,30,28,23,13,thankyou
24.574164628982544,4,10,17,12,5,1,-2,7,3,15,13,15,12,11,sil
24.58832573890686,3,7,3,14,4,6,8,0,-4,19,7,16,13,9,sil
24.58832573890686,4,0,0,-1,0,7,9,-5,10,16,3,9,11,1,sil
24.60635209083557,-7,-15,-10,-16,-6,1,0,0,17,8,-12,-15,-5,-10,sil
24.60635209083557,-10,-15,-11,-16,-8,-6,2,4,9,5,-18,-22,-11,-12,sil
24.60635209083557,-1,2,5,-2,0,-2,5,2,21,6,-10,-2,0,-2,sil
24.62099266052246,-4,0,-1,-1,1,0,-8,-2,20,1,-7,-2,0,-1,sil
24.636617183685303,-11,-13,-2,-16,-6,-4,-16,-2,-6,-4,-10,-10,-6,-5,sil
24.636617183685303,-5,-3,-4,-8,-2,0,2,0,-7,-5,-5,-3,-1,-2,sil
24.636617183685303,7,1,-7,10,4,5,10,0,3,-1,7,6,3,3,sil
24.65219044685364,4,-5,5,3,-2,0,-4,-1,-4,0,12,5,0,5,sil
24.66810846328736,-8,-8,-4,-4,-4,-5,-13,-4,-6,-10,0,-6,-4,-3,sil
24.66810846328736,-9,0,-7,5,3,-3,-5,2,-1,-17,0,-13,-8,-13,sil
24.68334436416626,-7,-1,-7,4,5,4,0,5,-11,-12,4,-17,-11,-11,sil
24.68334436416626,-11,-8,-19,-7,0,3,3,-4,-17,-6,-6,-17,-8,-9,sil
24.70135521888733,0,-1,-5,-4,-1,-5,9,-6,-9,-3,-5,-1,1,-2,sil
24.70135521888733,8,1,0,0,-4,-5,10,4,0,1,8,1,5,5,sil
24.70135521888733,-3,-4,0,-11,-13,2,4,7,0,-2,-5,-9,-5,6,sil
24.71744632720948,-3,0,6,-4,-4,2,5,0,1,1,-17,-3,-5,0,sil
24.71744632720948,6,10,6,19,13,0,11,1,5,13,0,7,3,0,sil
24.730271816253666,-2,8,5,12,9,9,6,2,0,5,2,5,-2,0,sil
24.730271816253666,-9,-1,-1,-3,-3,8,0,-5,-5,-1,-5,3,-5,-2,sil
24.74730682373047,0,0,5,0,-3,-3,-6,-4,-10,0,-5,9,-2,-3,sil
24.761335611343384,2,6,10,7,0,-2,-7,0,-12,-1,-5,3,-4,0,sil
24.761335611343384,-2,0,-1,2,0,2,-5,-4,-4,-2,-8,-4,0,5,sil
24.7773072719574,0,-6,1,-3,-2,0,-7,-1,1,-1,0,8,6,6,sil
24.7773072719574,10,3,0,2,1,-4,-8,0,5,5,17,21,10,7,sil
24.793732166290283,19,11,4,9,9,-6,-9,-5,9,12,13,14,10,14,sil
24.793732166290283,9,0,7,-6,0,-8,-10,-3,2,-7,-8,0,0,8,sil
24.8078887462616,-6,-17,-12,-26,-12,-11,-9,1,-10,-26,-14,-6,-6,-11,sil
24.8078887462616,-1,-2,-3,-13,-4,-4,-5,5,-4,-4,-1,1,0,-14,sil
24.823453187942505,4,10,6,3,6,3,1,3,14,14,11,1,5,-4,sil
24.823453187942505,-4,-3,-1,-14,0,-1,4,4,18,0,13,-7,0,-3,sil
24.839033842086792,-1,0,2,-18,-4,-8,1,8,12,-9,16,0,4,1,sil
24.839033842086792,19,27,15,24,10,2,6,6,11,10,33,10,18,13,sil
24.854622840881348,23,28,26,40,25,16,18,3,0,16,28,-1,11,4,sil
24.854622840881348,1,4,0,15,14,12,15,0,-9,1,0,-23,-6,-6,sil
24.87069630622864,-6,0,-12,6,0,4,1,-1,-5,-4,-4,-16,-11,1,sil
24.87069630622864,-5,2,0,16,1,9,0,-2,1,5,0,-1,-6,1,sil
24.88631749153137,-17,-11,-11,14,2,12,4,-4,0,10,-19,-13,-9,-10,sil
24.88631749153137,-20,-22,-14,0,-6,7,1,-7,-9,1,-32,-13,-11,0,sil
24.90145754814148,-9,-16,-10,-1,-7,9,4,-10,-7,9,-10,6,3,13,sil
24.90145754814148,-3,-9,-9,-4,-4,7,9,-4,0,23,-3,11,10,9,sil
24.917189598083496,0,-5,2,-9,-6,-2,8,3,5,12,-13,7,6,10,sil
24.917189598083496,0,-13,-4,-13,-10,-8,7,6,13,-1,-12,8,10,12,sil
24.93242192268372,0,-22,-10,-25,-17,-13,3,3,10,-2,-11,7,4,0,sil
24.93242192268372,-5,-12,-13,-33,-20,-22,-6,0,0,-7,-10,-1,-10,-18,sil
24.947897911071777,-9,-2,-7,-26,-15,-27,-18,0,1,-20,-3,-3,-10,-23,sil
24.947897911071777,-2,4,9,-7,0,-13,-20,7,14,-14,9,9,4,-10,sil
24.96411228179932,17,12,8,4,7,0,-11,5,6,-4,18,13,12,2,sil
24.96411228179932,19,12,11,0,2,-1,-13,-2,-17,-18,10,3,0,0,sil
24.979435205459595,2,7,6,-3,4,-7,-20,-4,-20,-25,1,1,-15,-10,sil
24.979435205459595,2,7,0,4,7,-4,-12,-3,-15,-16,0,2,-15,-5,sil
24.99520301818848,8,12,13,13,0,1,-1,-4,-22,-18,-2,0,-12,0,sil
24.99520301818848,4,18,8,22,6,7,1,-5,-9,-3,2,-2,-3,0,sil
25.01133179664612,5,18,7,21,22,14,3,0,6,17,3,2,4,0,sil
25.01133179664612,-3,0,0,2,9,10,1,-3,-8,4,-5,-6,-5,-6,sil
25.026471614837646,-30,-23,-21,-15,-5,0,-1,-7,-32,-21,-16,-29,-25,-18,sil
25.026471614837646,-28,-12,-7,-7,5,5,2,5,-22,-15,-16,-25,-15,-9,sil
25.04238772392273,-2,2,1,12,14,14,15,14,4,12,2,-5,10,2,sil
25.04238772392273,6,0,3,17,5,10,15,5,17,30,26,5,21,13,sil
25.05793190002441,5,1,7,13,0,5,15,1,19,32,27,8,21,24,sil
25.05793190002441,4,3,-1,13,3,5,20,7,21,24,11,2,12,18,sil
25.073341846466064,0,0,-1,8,0,2,18,6,18,19,-1,0,-3,4,sil
25.073341846466064,-6,-5,-6,3,-6,-1,11,-4,15,19,0,-1,0,5,sil
25.08861494064331,6,-3,-1,0,-9,-4,3,-5,19,15,10,1,14,13,sil
25.08861494064331,23,7,10,-5,-6,-6,-2,3,24,11,10,9,15,19,sil
25.10463094711304,20,5,3,-8,-8,-9,-5,1,21,5,-2,9,13,20,sil
25.10463094711304,7,-8,0,-17,-14,-8,-3,-2,10,-5,-11,1,7,5,sil
25.120145082473755,0,-10,-1,-22,-8,-3,-2,-2,8,-1,-4,1,6,-4,sil
25.120145082473755,5,2,6,-13,0,-7,-5,-1,11,5,0,16,13,0,sil
25.135538339614868,13,6,12,-6,0,-9,-12,-1,-4,-11,-2,23,5,-5,sil
25.135538339614868,7,0,-4,-7,0,-4,-22,-6,-31,-33,1,10,-10,-20,sil
25.1514060497284,-6,0,0,-7,-2,-5,-28,-8,-46,-37,0,0,-16,-23,sil
25.1514060497284,-19,0,-1,2,0,-8,-21,-3,-36,-26,-5,-6,-21,-23,sil
25.16645693778992,-18,8,-7,18,12,3,-3,3,-13,-6,-3,-9,-21,-20,sil
25.16645693778992,-11,14,0,24,12,16,9,3,0,4,-5,-10,-14,-9,sil
25.18207359313965,-12,-4,-9,13,5,15,17,0,-1,-1,-20,-23,-16,-6,sil
25.18207359313965,-12,-19,-7,-1,9,19,23,3,0,-2,-27,-28,-17,-2,sil
25.19805335998535,-15,-14,-9,-9,7,18,18,2,4,7,-21,-18,-3,3,sil
25.19805335998535,-15,-16,-13,-17,-11,-6,-6,0,1,-7,-13,-9,0,0,sil
25.213684797286987,4,-11,6,-7,-17,-19,-18,1,5,-20,-1,6,3,6,sil
25.213684797286987,26,7,7,5,-3,-7,-7,-1,13,2,16,21,23,22,sil
25.22938108444214,13,7,-1,-11,-4,-9,-10,-4,0,9,24,19,19,11,sil
25.22938108444214,-12,-2,-6,-20,-12,-14,-21,-1,-18,-14,13,2,-5,-14,sil
25.2450692653656,-13,1,-1,-1,-4,-6,-15,-2,-21,-15,0,-6,-15,-20,sil
25.2450692653656,3,12,14,10,9,0,0,1,-15,6,8,0,-5,-6,sil
25.25999689102173,7,10,5,17,14,2,14,5,-1,21,14,0,1,3,sil
25.25999689102173,-2,0,0,22,8,17,28,8,11,25,-1,-9,-1,8,sil
25.27609705924988,0,-2,5,16,7,24,34,4,15,32,-3,-3,2,17,sil
25.27609705924988,15,0,3,12,9,12,29,0,21,27,5,6,18,22,sil
25.29169774055481,9,3,0,3,-1,4,17,-2,18,11,0,4,15,14,sil
25.29169774055481,0,0,-8,-9,-12,0,12,-1,10,9,1,0,6,9,sil
25.30709433555603,8,-1,5,-11,-3,-5,5,0,10,10,5,8,12,13,sil
25.32384395599365,12,0,11,-1,0,-4,0,0,20,3,1,12,22,12,sil
25.32384395599365,4,0,-3,-5,-7,-7,-3,-2,16,-4,4,5,18,5,sil
25.32384395599365,2,-1,-2,-20,-8,-18,-16,-2,-1,-13,5,6,4,-7,sil
25.338132858276367,5,0,-3,-20,-4,-25,-34,-3,-11,-20,3,7,-6,-21,sil
25.338132858276367,8,5,8,-3,-6,-19,-41,-1,-10,-24,6,11,-9,-16,sil
25.35424280166626,3,13,14,8,0,-6,-30,1,-12,-29,6,9,-8,-7,sil
25.35424280166626,-9,8,-4,10,12,2,-14,1,-14,-19,0,-8,-12,-13,sil
25.37109899520874,-5,10,7,11,16,11,-3,4,-5,0,0,-6,-12,-13,sil
25.37109899520874,4,21,13,16,15,17,1,4,1,0,5,6,-8,-2,sil
25.38519811630249,-7,12,-3,15,10,12,7,-1,-5,-7,-4,-4,-17,-2,sil
25.38519811630249,-23,-5,-13,13,5,8,13,1,-10,0,-14,-20,-18,-8,sil
25.40174031257629,-14,-10,-15,11,3,7,15,2,-2,10,-14,-20,-5,-4,sil
25.40174031257629,-8,-14,-4,0,-4,5,12,-3,-4,4,-21,-17,-11,0,sil
25.41633367538452,-18,-24,-4,-8,-14,4,7,-10,-13,0,-24,-17,-22,-1,sil
25.43278169631958,-15,-25,-11,-9,-16,1,-1,-3,-11,2,-14,-14,-12,0,sil
25.43278169631958,-4,-22,-14,-22,-8,0,-4,2,-2,8,-5,-11,0,5,sil
25.44714426994324,0,-19,-16,-32,-2,5,7,-1,4,12,0,-2,6,14,sil
25.44765019416809,10,-7,10,-20,-4,8,17,1,5,5,7,15,14,19,sil
25.464216947555546,14,1,10,-3,0,6,16,4,9,1,7,14,23,10,sil
25.464216947555546,0,0,-5,-1,2,0,12,-7,10,3,-7,0,15,-4,sil
25.464216947555546,-6,-1,-1,-4,-8,-8,9,-10,9,7,-18,-2,6,-6,sil
25.48128914833069,4,3,2,2,-5,-13,3,3,12,11,-3,6,17,1,sil
25.48128914833069,13,15,11,11,11,-9,-4,6,10,5,9,19,23,4,sil
25.49451470375061,9,13,6,9,2,-11,-13,-1,6,-6,12,17,13,0,sil
25.51061701774597,5,4,1,-3,-18,-17,-20,0,2,-7,7,7,4,-4,sil
25.51061701774597,9,9,7,-4,-10,-11,-13,4,-2,-6,8,8,0,0,sil
25.51061701774597,12,17,5,9,6,-4,0,2,-1,-6,22,8,0,4,sil
25.525349855422974,12,13,6,8,4,-6,0,3,6,-3,22,3,0,-3,sil
25.5413191318512,0,2,-1,-3,0,-8,-13,2,5,-3,9,-3,-8,-17,sil
25.5413191318512,-9,0,-4,-4,4,-6,-19,0,-6,-8,9,-1,-12,-9,sil
25.556472301483154,-2,8,3,5,9,-1,-15,0,-21,-16,15,7,-3,5,sil
25.556472301483154,0,12,0,13,14,2,-5,-5,-22,-21,11,6,-3,2,sil
25.57244658470153,0,6,11,19,13,7,-3,-1,-14,-9,11,1,-13,1,sil
25.57244658470153,4,7,15,26,7,8,-2,5,-5,8,10,0,-12,10,sil
25.58803701400757,2,7,-1,19,5,11,4,3,6,11,-2,-7,-4,11,sil
25.58803701400757,-4,0,-1,4,6,15,13,1,10,14,-11,-9,0,7,sil
25.60312795639038,-2,-6,-6,5,0,8,13,-2,0,18,-9,-4,2,1,sil
25.60312795639038,-1,-12,-10,-2,-9,4,4,-6,-16,2,-18,-8,-8,-8,sil
25.61870551109314,-14,-22,-14,-16,-8,13,7,-2,-7,-4,-27,-20,-14,-14,sil
25.61870551109314,-20,-22,-18,-14,-1,16,20,1,9,9,-21,-17,0,-7,sil
25.634447813034058,-6,-6,0,-4,0,12,20,4,14,20,-7,2,9,0,sil
25.634447813034058,10,1,6,-4,1,3,12,5,17,21,2,8,12,3,sil
25.65061092376709,11,1,2,-11,0,-7,7,3,16,5,1,0,10,1,sil
25.65061092376709,-5,-5,-2,-14,-9,-10,2,0,7,-14,-9,-4,1,0,sil
25.66621041297913,-12,-13,0,-11,-15,-1,-5,-7,-3,-16,-18,-6,-7,-3,sil
25.66621041297913,1,-8,13,-7,-7,7,-7,-3,-7,-6,-13,-1,-9,0,sil
25.68211841583252,6,2,0,-4,2,4,-2,0,0,-5,-2,0,-3,8,sil
25.68211841583252,0,0,-8,-7,-2,-13,-5,-7,-6,-18,-13,-2,-7,3,sil
25.697248458862305,-5,-9,-10,-11,-13,-18,-9,-11,-19,-24,-24,-1,-10,-7,sil
25.697248458862305,-8,-7,-9,-6,-2,-4,-5,0,-3,-1,-3,0,0,-7,sil
25.7127013206482,-4,4,7,0,9,0,-4,7,12,21,16,2,11,1,sil
25.7127013206482,2,0,-2,2,2,-5,-6,0,9,12,10,2,14,4,sil
25.727994680404663,0,-3,-10,0,-6,-9,-8,-1,3,-10,3,4,9,-3,sil
25.727994680404663,-6,7,-5,2,0,-6,-9,4,3,-1,16,8,8,-10,sil
25.74402928352356,0,9,-6,4,2,-4,-9,1,-1,12,29,6,13,-4,sil
25.74402928352356,14,5,10,0,-1,-6,-7,-2,-5,-4,20,8,8,-1,sil
25.759161233901978,15,11,12,12,1,-6,0,0,1,-12,16,9,3,0,sil
25.759161233901978,10,13,13,17,7,-2,3,6,6,8,26,11,8,11,sil
25.774731159210205,14,7,18,2,1,-2,2,7,5,16,32,14,10,12,sil
25.774731159210205,20,11,5,-1,0,-5,0,1,0,3,21,9,4,0,sil
25.789833068847656,11,16,9,9,0,-6,-5,3,-9,-3,6,3,0,5,sil
25.789833068847656,-1,11,1,14,0,-3,-4,3,-12,-2,7,2,-2,12,sil
25.80629110336304,0,10,-2,14,6,3,-4,0,-13,-7,0,0,-7,0,sil
25.80629110336304,-1,7,2,12,12,9,-8,-3,-22,-24,-31,-18,-26,-17,sil
25.82135343551636,-16,-5,-9,9,10,9,0,-4,-19,-20,-47,-38,-40,-14,sil
25.82135343551636,-16,-13,-3,2,8,20,19,3,0,6,-24,-18,-25,0,sil
25.837295293807983,-3,-13,-7,-7,6,26,29,2,16,22,-8,0,0,4,sil
25.837295293807983,-6,-15,-10,-18,-6,12,15,-2,5,5,-20,-10,-1,1,sil
25.85270404815674,-15,-6,3,-5,-10,7,6,0,5,4,-21,-4,-2,10,sil
25.85270404815674,-8,0,0,11,0,11,21,0,26,30,0,13,17,18,sil
25.8680419921875,-5,-8,0,-3,0,11,20,-2,22,27,2,6,21,4,sil
25.8680419921875,-16,-16,-12,-18,-3,7,-4,-6,2,1,-7,-11,1,-15,sil
25.88381052017212,-9,-8,-8,-11,-1,-3,-18,-5,-3,-14,-3,-3,-6,-16,sil
25.88381052017212,11,3,12,2,2,-3,0,1,4,-5,12,17,5,-3,sil
25.899608373641968,17,5,-1,13,7,1,12,0,17,11,21,20,18,6,sil
25.899608373641968,13,5,10,7,6,-6,1,1,8,9,14,14,10,10,sil
25.916239738464355,5,2,7,-10,0,-19,-9,-1,-12,-8,1,0,-1,3,sil
25.916239738464355,-5,-10,-15,-24,-8,-21,-15,-4,-23,-24,-12,-16,-9,-8,sil
25.931017875671387,-12,-20,-10,-26,-19,-11,-16,0,-18,-26,-19,-16,-17,-19,sil
25.931017875671387,-13,-19,-22,-20,-24,-2,-4,1,-6,-12,-11,-17,-14,-18,sil
25.946614980697632,-5,-5,-6,-19,-16,-2,-5,1,-7,-5,-4,-9,-3,-1,sil
25.946614980697632,8,8,8,-3,-3,-5,-14,-3,-10,-1,1,5,6,9,sil
25.962318897247314,21,10,4,14,0,-9,-8,-2,-2,0,14,11,11,11,sil
25.962318897247314,18,13,16,13,0,-8,1,2,5,-5,16,10,9,9,sil
25.97752594947815,0,8,-2,1,-1,-6,-1,1,0,-11,6,0,1,-2,sil
25.97752594947815,-4,4,4,-1,-10,-7,-12,2,-12,-3,1,-1,-1,-7,sil
25.993064641952515,9,14,12,14,0,-2,-8,1,0,14,15,9,12,7,sil
25.993064641952515,14,14,4,27,17,0,0,-1,17,20,25,10,23,14,sil
26.009196519851685,7,10,27,21,11,-1,1,3,18,10,17,16,13,10,sil
26.009196519851685,2,8,0,17,6,-2,0,2,18,8,4,9,3,4,sil
26.02441382408142,0,3,-8,5,11,7,-1,3,8,2,-10,-5,-6,-3,sil
26.02441382408142,0,5,10,3,10,20,10,6,0,-1,-13,-10,-9,-4,sil
26.039034605026245,0,-2,-14,5,0,11,18,-6,-3,0,-5,-8,-4,0,sil
26.039034605026245,-6,-15,-3,-10,-3,3,1,-7,-13,-8,-3,0,-5,-3,sil
26.054517030715942,-9,-3,-2,-8,10,18,0,0,-11,-3,0,5,-1,-5,sil
26.054517030715942,0,7,-5,8,22,21,12,0,-1,1,0,2,-2,1,sil
26.07063627243042,0,2,9,5,16,10,16,-2,0,-5,-5,0,-13,0,sil
26.07063627243042,-1,3,-4,4,9,4,15,3,6,0,0,-3,-9,-6,sil
26.08533453941345,-2,10,5,8,6,6,11,12,6,13,2,4,-3,1,sil
26.10041117668152,-9,3,6,3,0,3,11,1,4,18,1,8,-4,6,sil
26.10041117668152,-24,-15,-15,-11,-7,-9,5,-7,7,12,-2,-3,-9,-1,sil
26.11638879776001,-39,-27,-2,-37,-15,-14,-1,0,-8,0,-14,-3,-25,-10,sil
26.11638879776001,-28,-20,-2,-30,-17,-1,0,1,-11,3,-24,-6,-22,-9,sil
0.0400118827819824,3,-9,-22,0,-17,0,-1,-5,3,1,-21,-23,0,0,sil
0.0400118827819824,15,-10,-9,-1,-16,-4,-8,-5,-5,-16,-8,-22,7,-2,sil
0.0560832023620605,8,-7,5,-10,-8,0,-2,-4,-15,-8,2,-7,16,-3,sil
0.0560832023620605,13,-3,-11,1,0,-4,-3,-5,-5,12,7,-4,30,10,sil
0.0722012519836425,16,0,3,2,-3,-19,-22,-1,-5,-1,5,-1,21,17,sil
0.0722012519836425,10,3,7,-2,-9,-17,-24,-2,3,-19,0,0,12,6,sil
0.088320255279541,3,0,-16,-6,-5,-10,-8,0,31,-13,-4,-8,9,-4,sil
0.088320255279541,3,0,6,-14,-5,-10,-10,8,26,-12,0,4,-1,-7,sil
0.1039063930511474,5,3,3,-2,-7,-9,-16,1,0,-5,9,8,-3,-13,thankyou
0.1039063930511474,5,14,2,13,0,0,-1,0,-12,1,18,12,2,-9,thankyou
0.1189930438995361,12,22,25,23,13,12,14,5,-9,1,30,30,9,10,thankyou
0.1189930438995361,12,8,3,31,9,11,11,-4,-10,6,19,15,3,15,thankyou
0.1341743469238281,2,-1,11,20,-2,13,13,-1,-3,9,-10,-1,-10,10,thankyou
0.1341743469238281,4,3,4,0,4,13,27,9,24,13,-6,7,-1,15,thankyou
0.1502976417541504,3,0,-11,-13,16,-5,8,2,20,7,18,13,12,7,thankyou
0.1502976417541504,-5,0,9,-16,5,-15,-23,-1,-11,-9,22,13,0,-14,thankyou
0.1665229797363281,-4,10,-2,-4,-2,-8,-25,0,-22,-24,7,6,-10,-17,thankyou
0.1665229797363281,0,14,0,0,4,-5,-19,-1,-27,-26,-9,-3,-13,-6,thankyou
0.1820108890533447,-5,7,5,-1,12,1,-17,-5,-31,-9,-9,-11,-13,-10,thankyou
0.1820108890533447,-9,3,-1,5,7,11,-12,-4,-27,0,-10,-9,-17,-11,thankyou
0.1981186866760254,-6,6,13,12,3,13,0,2,-17,-9,-28,-6,-19,0,thankyou
0.1981186866760254,-11,-2,-1,11,6,11,19,4,14,5,-25,-15,-12,3,thankyou
0.2136871814727783,-17,-16,-4,0,-4,20,20,6,35,27,-1,-14,-4,-2,thankyou
0.2136871814727783,-20,-14,-8,-6,-13,19,17,1,22,27,-1,-12,-4,-3,thankyou
0.2294673919677734,-13,-6,-17,2,-1,7,26,-2,9,17,-16,-14,-2,3,thankyou
0.2294673919677734,10,-3,9,5,3,8,30,2,10,6,-15,1,10,20,thankyou
0.2461678981781005,19,-11,-6,0,-3,5,28,0,14,6,-3,3,19,24,thankyou
0.2461678981781005,0,-14,-15,-7,-3,-5,19,-2,17,17,-4,-5,14,11,thankyou
0.2621347904205322,-8,-7,-4,-4,1,-6,8,3,20,20,-4,0,15,2,thankyou
0.2621347904205322,1,-4,-11,0,0,-7,0,2,23,18,10,6,21,4,thankyou
0.277050256729126,14,2,8,-1,-2,-15,-13,0,14,10,31,16,25,8,thankyou
0.277050256729126,17,11,9,7,7,-15,-20,-3,7,-1,31,20,22,6,thankyou
0.2929315567016601,15,3,5,0,6,-11,-15,-3,7,-10,8,12,5,0,thankyou
0.2929315567016601,4,-7,6,-24,-10,-13,-16,0,6,-10,2,2,-3,-5,thankyou
0.3080549240112304,-1,-8,-11,-16,-19,-19,-19,0,-3,-13,11,-7,-1,-14,thankyou
0.3080549240112304,-1,-3,-7,-7,-10,-17,-16,-1,-27,-25,0,-11,-16,-27,thankyou
0.3236281871795654,-12,0,-6,-19,-3,-8,-12,-6,-36,-30,-12,-16,-31,-31,thankyou
0.3236281871795654,-17,1,-4,-30,-8,-10,-24,-10,-34,-35,-6,-9,-19,-24,thankyou
0.3392152786254883,-9,0,2,-21,-12,-11,-27,-6,-42,-36,1,0,-10,-20,thankyou
0.3392152786254883,-6,2,-1,-1,-4,-4,-12,0,-43,-26,0,0,-21,-19,thankyou
0.3553478717803955,-1,17,15,21,12,8,-2,7,-24,-6,0,4,-19,-4,thankyou
0.3553478717803955,9,31,15,38,23,21,2,7,-8,11,0,14,0,9,thankyou
0.3709330558776855,18,24,11,40,18,21,11,4,-7,2,-7,7,-3,8,thankyou
0.3709330558776855,15,11,17,31,7,15,20,4,1,-1,-5,1,-5,14,thankyou
0.3864040374755859,5,0,-1,20,2,14,19,0,19,28,14,9,18,29,thankyou
0.3864040374755859,-2,-8,0,11,0,15,6,0,12,34,10,13,25,27,thankyou
0.4025037288665771,-1,-7,-2,12,6,14,6,0,16,19,-1,6,13,18,thankyou
0.4025037288665771,4,0,-4,13,9,15,18,5,40,30,5,5,17,21,thankyou
0.4181013107299804,0,-8,1,0,2,16,16,7,41,28,0,0,10,17,thankyou
0.4181013107299804,-10,-23,-11,-13,0,8,15,1,26,9,-22,-16,-9,4,thankyou
0.4338750839233398,-7,-14,-5,-20,-1,-3,14,0,23,15,-14,-14,-2,0,thankyou
0.4338750839233398,-9,-4,-3,-15,-8,-8,2,1,10,6,-1,-7,6,-3,thankyou
0.4499812126159668,-20,-9,-14,-14,-11,-8,-3,-2,-12,-26,-19,-17,-11,-13,thankyou
0.4499812126159668,-13,-8,-6,-17,-6,-7,4,-2,-4,-10,-19,-19,-9,-11,thankyou
0.4660942554473877,5,-1,-2,-13,-5,-9,4,-4,11,9,-4,-9,4,-3,thankyou
0.4660942554473877,6,-3,0,-18,-8,-10,-7,-7,-5,-20,-13,-7,-7,-8,thankyou
0.4813528060913086,0,-5,-7,-21,-6,-8,-7,-4,-15,-21,-8,-5,-9,-11,thankyou
0.4813528060913086,6,0,-5,-4,0,-7,-3,0,0,7,16,9,12,-3,thankyou
0.4972009658813476,12,6,9,5,0,-9,-10,-1,-3,-7,17,14,11,-2,thankyou
0.4972009658813476,3,6,1,-1,-6,-12,-21,-6,-20,-27,8,6,0,-10,thankyou
0.5124812126159668,8,11,14,3,-10,-10,-28,-2,-20,-10,18,16,0,-6,thankyou
0.5124812126159668,19,15,26,18,-1,-4,-22,1,-7,3,24,22,0,-3,thankyou
0.5284020900726318,6,1,1,4,4,-3,-10,3,-2,0,6,1,-4,-10,thankyou
0.5284020900726318,-11,-4,-10,-11,4,-5,0,6,-3,-1,0,-6,-1,-3,thankyou
0.5439951419830322,-8,2,-5,1,9,0,9,4,-1,-2,7,-2,2,3,thankyou
0.5439951419830322,0,10,7,11,13,8,16,2,-2,-3,2,-6,-5,-6,thankyou
0.5592126846313477,2,11,3,12,13,10,16,0,0,3,0,-2,-4,-6,sil
0.5592126846313477,2,3,-6,8,7,-1,3,-3,0,7,5,8,6,10,sil
0.5747082233428955,-2,-4,-2,1,-2,-5,-8,-1,0,1,0,15,6,12,sil
0.5747082233428955,-3,-2,-5,-1,-2,6,-1,-1,7,6,-2,12,3,8,sil
0.5901780128479004,0,0,2,3,2,9,6,0,7,8,-3,1,2,8,sil
0.5901780128479004,-4,0,5,8,0,2,0,0,-10,-7,-10,-12,-7,-1,sil
0.6069173812866211,-7,1,-2,12,-1,6,-1,-3,-24,-14,-14,-14,-21,-5,sil
0.6069173812866211,3,5,5,13,6,13,5,0,-15,0,-4,-1,-12,13,sil
0.6220057010650635,8,2,0,11,6,8,2,5,6,9,9,2,7,21,sil
0.6220057010650635,-2,-9,-6,2,-3,6,0,4,19,8,3,-4,6,4,sil
0.6374597549438477,-10,-18,-2,-2,-6,7,8,4,23,15,-3,-8,1,-3,sil
0.6374597549438477,-3,-8,0,3,0,6,13,3,21,22,1,-8,8,1,sil
0.6553137302398682,-2,0,0,-1,0,5,4,0,5,6,-9,-10,0,0,sil
0.6553137302398682,-12,-13,-14,-22,-4,-1,7,-3,-2,0,-28,-17,-15,-9,sil
0.6688327789306641,-15,-23,-17,-29,-10,-9,15,0,0,0,-22,-15,-8,-9,sil
0.6688327789306641,-9,-9,-7,-20,-14,-3,5,-2,-2,-3,-8,-3,2,-7,sil
0.6852593421936035,0,0,-1,-15,-12,-2,-4,-6,0,-4,0,6,5,-5,sil
0.7003574371337891,9,0,16,-15,-8,-9,-3,0,7,-5,4,17,10,6,sil
0.7003574371337891,13,6,7,-9,-6,-10,-3,3,4,-11,9,20,9,8,sil
0.7003574371337891,10,13,3,-6,-3,-15,-20,-2,-3,-9,10,18,0,-4,sil
0.7163691520690918,16,18,20,3,2,-16,-33,-5,-1,-4,18,21,2,-5,sil
0.7163691520690918,23,22,19,13,10,-7,-26,-3,-6,-13,23,21,10,0,sil
0.7329361438751221,15,18,14,8,10,-3,-12,0,-15,-14,16,14,4,-2,sil
0.7329361438751221,7,11,1,16,10,0,-3,1,-7,0,11,3,1,-4,sil
0.7486584186553955,6,13,1,33,18,7,6,2,5,1,9,0,-1,1,sil
0.7486584186553955,-2,10,4,32,20,14,22,4,3,1,0,-12,-11,2,sil
0.7625491619110107,-15,-11,-12,14,5,14,20,0,-1,14,-12,-32,-10,-1,sil
0.7625491619110107,-19,-31,-16,-8,-10,7,6,-2,1,12,-21,-37,-10,-7,sil
0.7789947986602783,-23,-32,-20,-21,-12,-1,4,0,6,3,-19,-21,-7,-5,sil
0.7799990177154541,-15,-14,-16,-17,-7,-4,5,5,7,7,-5,0,9,8,sil
0.7936997413635254,3,3,0,-11,0,1,1,5,5,7,11,13,20,14,sil
0.7946982383728027,11,11,4,0,8,7,1,0,0,0,17,13,9,1,sil
0.8097116947174072,5,16,10,17,16,8,5,1,-13,-4,9,11,0,-3,sil
0.8097116947174072,-7,9,0,20,15,0,1,0,-21,-8,-9,-3,-9,-6,sil
0.826113224029541,-17,-8,-14,0,-1,-8,-7,-10,-16,-16,-26,-23,-18,-12,sil
0.826113224029541,-6,-11,-6,-14,-14,-5,-11,-5,-4,-6,-16,-12,-6,0,sil
0.8412575721740723,5,-10,-8,-20,-18,-6,-7,1,10,7,0,4,8,11,sil
0.8412575721740723,4,-16,0,-34,-30,-18,-15,-1,0,-8,-2,3,0,-4,sil
0.8564083576202393,6,-4,11,-21,-22,-15,-17,-6,-15,-22,2,3,-5,-13,sil
0.8564083576202393,12,13,13,16,9,10,7,2,0,2,18,13,3,4,sil
0.8743791580200195,3,9,15,26,19,32,34,16,28,31,9,8,4,15,sil
0.8743791580200195,-5,-1,-1,1,2,22,30,9,27,27,-11,-6,-5,7,sil
0.8892810344696045,-3,-8,-4,-12,-11,-3,0,-2,5,4,-12,0,-7,3,sil
0.8892810344696045,0,-8,-3,-9,-17,-18,-19,-6,-3,-5,0,15,7,1,sil
0.9039602279663086,4,2,-2,-10,-10,-18,-15,-4,-3,-8,8,17,14,-7,sil
0.9193730354309082,4,14,5,-7,2,-10,-6,-1,-11,-24,6,7,-4,-20,sil
0.920374870300293,0,12,-2,8,12,0,-3,-1,-9,-29,3,-1,-13,-13,sil
0.920374870300293,7,11,9,24,17,9,5,3,7,2,11,5,6,13,sil
0.9348917007446288,15,15,25,33,20,16,12,0,11,29,19,17,20,22,sil
0.9515185356140136,1,10,4,31,16,11,-2,-4,-6,14,5,0,7,4,sil
0.9515185356140136,-13,-3,-10,9,5,0,-16,-1,-22,-2,-12,-19,-7,-5,sil
0.9515185356140136,-15,-14,-17,-3,0,-5,-2,0,-8,12,-5,-16,-4,0,sil
0.9662692546844482,-7,-9,-9,1,1,7,16,2,13,26,1,-4,2,9,sil
0.9662692546844482,-2,-2,-4,0,5,19,21,7,26,19,-6,-4,4,13,sil
0.9826316833496094,-5,-8,-11,-12,5,7,13,0,19,1,-14,-16,0,-2,sil
0.9969754219055176,-11,-9,-7,-19,1,-5,0,-6,5,-8,-20,-21,-9,-20,sil
0.9969754219055176,-10,-5,-6,-20,-3,-8,0,-1,12,-8,-19,-22,-11,-21,sil
1.0123114585876465,3,-7,3,-24,-14,-15,-4,2,12,-16,-1,-11,-1,-7,sil
1.0123114585876465,20,-3,14,-16,-22,-20,-18,0,-11,-24,16,18,13,7,sil
1.0279252529144287,23,8,11,-1,-16,-18,-20,-3,-26,-11,16,34,17,10,sil
1.0279252529144287,18,23,22,8,0,-13,-5,0,-15,-1,13,23,4,4,sil
1.0433573722839355,13,23,9,17,7,-3,0,2,-5,-8,21,9,-2,4,sil
1.0433573722839355,-1,5,-1,10,1,1,-7,1,-11,-11,15,3,-2,3,sil
1.059253215789795,-18,-2,0,-1,-2,5,-3,0,-21,0,0,-6,-6,-5,sil
1.059253215789795,-6,0,-6,5,3,13,13,2,-17,7,-4,-12,-11,-7,sil
1.0749404430389404,5,-3,0,16,6,17,16,5,-5,4,-6,-3,-11,2,sil
1.0749404430389404,-8,-12,-6,9,0,7,3,-4,0,5,-9,-3,-6,4,sil
1.0901310443878174,-19,-14,-22,-8,-11,0,-1,-10,1,10,-9,-12,0,0,sil
1.0901310443878174,-15,-13,-15,-21,-12,2,1,-1,2,1,-19,-8,0,-2,sil
1.1052696704864502,-14,-18,-20,-24,-8,1,-2,1,11,-8,-26,-6,-8,-9,sil
1.1052696704864502,-5,-16,-10,-26,-13,-1,-12,0,16,-10,-14,-5,-7,-8,sil
1.12090802192688,8,-5,5,-15,-10,-4,-8,1,19,0,3,5,6,0,sil
1.12090802192688,16,7,13,-1,2,-8,-1,2,11,-1,14,21,10,2,sil
1.1372110843658447,15,16,17,5,8,-3,-2,1,1,-5,21,28,3,-4,sil
1.1372110843658447,3,17,8,21,14,4,0,1,2,7,15,13,2,-8,sil
1.1524102687835691,-3,15,11,32,25,7,5,5,0,16,-1,-2,0,0,sil
1.1524102687835691,4,11,12,30,24,6,6,0,-7,9,4,-4,2,6,sil
1.16810941696167,11,9,8,29,14,9,13,-5,-5,7,14,-2,5,8,sil
1.16810941696167,1,2,3,22,10,11,22,0,2,9,-5,-5,1,12,sil
1.184223175048828,-8,-10,-16,0,1,1,20,0,1,10,-23,-17,-1,11,sil
1.184223175048828,-10,-12,-10,-9,-9,-8,6,-1,-3,5,-20,-22,-2,0,sil
1.1999871730804443,-4,-4,-2,-4,-1,-4,6,0,9,2,-1,-7,3,0,sil
1.1999871730804443,4,0,-6,-10,5,-3,3,5,25,11,19,7,16,12,sil
1.2161965370178225,8,0,4,-23,-6,-9,-14,3,9,6,12,12,10,8,sil
1.2161965370178225,4,1,-2,-19,-17,-13,-26,-6,-15,-20,-3,9,-4,-6,sil
1.231682062149048,4,5,1,-13,-13,-16,-27,-8,-20,-35,8,13,0,-6,sil
1.231682062149048,6,5,9,-14,-11,-15,-25,-1,-14,-16,24,17,9,-3,sil
1.2469329833984375,-5,0,0,-12,-9,-7,-21,1,-17,-4,4,0,-4,-10,sil
1.2469329833984375,-18,-1,1,-13,-5,2,-11,0,-19,-15,-16,-16,-24,-17,sil
1.2621164321899414,-9,0,3,-1,0,9,5,0,-1,-6,-5,-10,-14,-11,sil
1.2621164321899414,8,0,8,15,6,14,14,2,3,7,3,2,0,0,sil
1.27716064453125,2,0,2,21,9,17,12,1,-11,4,-8,-2,-8,4,sil
1.27716064453125,-9,-6,-11,12,7,16,18,-1,-7,5,-14,-13,-7,1,sil
1.2932708263397217,0,-7,0,3,0,13,25,1,21,16,-6,-6,7,10,sil
1.2932708263397217,9,-3,-1,0,-9,2,15,4,35,20,0,0,9,14,sil
1.3092517852783203,4,-4,-5,-6,-11,-7,3,4,30,15,5,7,8,9,sil
1.3092517852783203,1,-5,-1,-11,-4,-5,-1,1,21,4,12,7,17,3,sil
1.324723482131958,2,0,-6,-8,2,-6,-8,-6,1,-16,4,0,4,-8,sil
1.324723482131958,3,5,4,4,6,-9,-14,-6,-16,-23,0,5,-12,-17,sil
1.339867353439331,5,17,6,19,11,0,-13,-3,-18,-6,11,10,0,-6,sil
1.339867353439331,5,23,5,23,13,0,-12,-1,-22,-2,11,4,3,0,sil
1.3560948371887207,0,16,10,22,13,0,-1,2,-24,-9,0,3,-12,-3,sil
1.3560948371887207,-4,4,0,25,12,9,10,0,-11,0,-6,-2,-9,0,sil
1.3712754249572754,-6,-6,-3,16,0,16,11,0,1,9,-17,-19,-3,9,sil
1.3712754249572754,-10,-23,-13,-11,-10,2,11,0,13,11,-22,-23,-3,10,sil
1.3868558406829834,-16,-28,-17,-38,-13,-12,8,0,19,8,-11,-9,1,9,sil
1.3868558406829834,-10,-15,-8,-33,-10,-9,-1,1,12,3,0,4,6,0,sil
1.4024059772491455,-1,-6,-8,-7,-4,-6,-3,1,10,2,2,1,4,-6,sil
1.4024059772491455,-1,-11,-4,-16,-8,-10,-9,0,6,-3,-5,-3,0,-2,sil
1.4180402755737305,-8,-14,-8,-36,-12,-13,-22,-2,-3,-10,-12,-3,-2,-8,sil
1.4180402755737305,0,1,2,-23,0,-7,-8,0,-6,-1,1,5,1,-15,sil
1.432750225067139,17,23,23,9,12,4,14,0,0,13,26,21,10,0,sil
1.432750225067139,16,18,11,20,4,1,1,0,5,8,27,18,9,4,sil
1.4484426975250244,2,9,8,10,0,-6,-20,3,1,-3,6,6,-5,-6,sil
1.4494426250457764,3,16,13,11,12,5,-12,1,-7,-1,4,0,-11,-4,sil
1.4649810791015625,13,20,13,17,13,12,0,-4,-16,-4,14,6,-1,3,sil
1.4649810791015625,9,12,13,14,3,3,4,-1,-15,-12,6,6,5,1,sil
1.4802064895629885,-3,0,-7,11,0,10,17,-1,-10,-1,-11,-11,3,0,sil
1.4802064895629885,-9,-5,-8,4,0,20,20,0,-12,3,-19,-25,-7,0,sil
1.494859218597412,-14,-10,-9,-6,-7,6,10,5,-9,-7,-19,-22,-12,0,sil
1.494859218597412,-19,-20,-25,-11,-19,-6,2,1,0,-9,-27,-20,-11,0,sil
1.5100297927856443,-10,-20,-12,-11,-21,5,8,1,13,1,-31,-19,-7,4,sil
1.5100297927856443,11,-5,-2,-3,-4,8,19,9,32,18,-7,-5,11,17,sil
1.5252525806427002,24,3,9,6,9,-2,8,7,35,21,16,16,25,27,sil
1.5403852462768557,13,3,10,6,0,-11,-19,-4,13,5,18,27,16,16,sil
1.5403852462768557,3,1,0,-1,-10,-20,-29,-7,-2,-7,15,22,8,0,sil
1.5560152530670166,11,7,14,0,0,-15,-17,-2,0,-7,25,29,12,-2,sil
1.5560152530670166,16,16,20,15,16,0,-7,-5,0,-6,38,30,14,1,sil
1.5712826251983645,7,15,15,13,14,-1,-11,0,-16,-11,33,22,3,-10,sil
1.5712826251983645,-3,8,3,1,9,-10,-13,3,-29,-14,19,12,-9,-20,sil
1.5869550704956057,-13,2,-9,1,3,-4,-6,-3,-21,-17,7,-3,-16,-13,sil
1.5869550704956057,-20,-1,-2,9,-1,5,0,-3,-15,-12,-4,-13,-17,-7,sil
1.6019673347473145,-21,-6,-10,5,3,10,5,0,-14,-2,-16,-18,-20,-13,sil
1.6019673347473145,-15,-12,-13,-3,6,9,9,-1,-7,-4,-28,-31,-27,-15,sil
1.617527723312378,-10,-13,-6,-3,0,12,15,-1,1,0,-32,-34,-21,-3,sil
1.617527723312378,-8,-9,-13,-6,0,13,21,-3,7,16,-23,-19,-7,5,sil
1.633164405822754,-2,0,-4,-10,3,8,16,-1,16,23,-20,-10,0,6,sil
1.633164405822754,10,0,2,2,3,5,11,7,26,26,-18,-12,10,7,sil
1.6488606929779053,13,-11,-3,-3,-1,3,3,6,18,29,-12,-5,15,13,sil
1.6488606929779053,-2,-27,-16,-46,-14,0,-6,-1,9,21,-18,-6,6,1,sil
1.664534091949463,-11,-23,-16,-45,-14,-6,-2,1,21,15,-17,-15,5,-7,sil
1.664534091949463,5,2,8,-4,-3,-4,11,9,25,8,0,0,11,9,sil
1.6805076599121094,11,7,-3,0,-6,-8,12,0,7,-7,5,11,10,16,sil
1.6805076599121094,-5,-2,-11,-13,-13,-12,1,-4,-9,-21,3,6,5,1,sil
1.6951632499694824,-7,5,15,1,-7,-6,-1,0,-10,-18,17,15,7,0,sil
1.6951632499694824,2,16,12,18,-4,-6,-3,-1,-10,-13,20,17,1,-3,sil
1.710310935974121,4,13,7,12,-3,-9,-11,-2,-18,-20,8,10,-7,-11,sil
1.710310935974121,7,14,8,16,7,-1,-12,0,-16,-15,15,16,0,-2,sil
1.726264715194702,17,15,11,21,9,-8,-14,-1,-4,-4,26,27,12,8,sil
1.726264715194702,16,13,18,16,-1,-18,-19,-1,-2,-4,23,23,8,2,sil
1.7422888278961182,3,8,3,9,-1,-7,-13,-2,-10,-6,20,7,0,-6,sil
1.7422888278961182,-1,6,1,8,7,2,-11,0,-12,-6,13,1,-4,-4,sil
1.757878303527832,7,10,8,22,10,1,-16,0,2,-3,11,8,3,6,sil
1.757878303527832,19,10,10,24,6,2,-18,-1,4,3,13,13,11,16,sil
1.7739574909210205,9,7,10,4,6,13,-17,-1,-16,7,5,1,2,7,sil
1.7739574909210205,-9,0,-4,-3,10,23,-6,-3,-15,3,-6,-18,-9,-6,sil
1.789848566055298,-14,-12,-5,-3,7,19,11,0,-1,-3,-21,-24,-17,-13,sil
1.789848566055298,-13,-11,-9,-9,3,21,24,5,0,-1,-27,-19,-21,-13,sil
1.8048803806304927,-14,-7,-16,-13,6,30,25,3,5,12,-17,-14,-13,-8,sil
1.8048803806304927,-10,-12,-3,-11,6,16,22,4,9,13,-12,-9,-5,-5,sil
1.820961236953736,-13,-12,-10,-5,0,-8,24,5,1,5,-19,-16,-9,-7,sil
1.820961236953736,-16,-5,-11,-4,0,-1,31,1,0,5,-22,-22,-11,0,sil
1.8371353149414065,-9,-12,-10,-12,-1,6,27,-2,6,6,-14,-17,0,13,sil
1.8371353149414065,-7,-24,-20,-19,-11,-13,11,1,9,1,-7,-13,8,10,sil
1.8530142307281487,-5,-14,-5,-13,-16,-23,1,2,15,1,-9,-7,7,3,sil
1.8530142307281487,4,0,1,4,-7,-9,2,-5,29,12,-5,-2,12,5,sil
1.868050575256348,12,3,1,1,-5,-7,0,-5,26,16,2,4,17,7,sil
1.868050575256348,1,-4,0,-16,-12,-18,-13,2,8,3,6,15,11,1,sil
1.883063077926636,0,-7,0,-13,-11,-24,-25,0,-8,-13,9,17,6,-2,sil
1.883063077926636,16,3,11,3,-3,-19,-22,-4,-19,-21,11,20,3,0,sil
1.8991155624389648,22,15,8,11,0,-11,-16,-1,-21,-22,6,21,-4,0,sil
1.8991155624389648,16,20,13,10,0,-5,-23,0,-12,-22,6,25,-5,0,sil
1.9151573181152344,14,19,22,8,7,5,-24,-1,0,-6,16,26,7,2,sil
1.9151573181152344,4,8,4,0,11,9,-12,-5,2,6,16,8,8,-1,sil
1.9311072826385496,-4,5,3,1,7,7,-6,0,1,-1,11,1,-3,-3,thankyou
1.9311072826385496,0,14,6,16,4,3,-7,3,4,-1,18,7,-6,0,thankyou
1.946646928787232,-1,9,1,18,2,1,-6,2,0,10,12,-3,-8,-2,thankyou
1.946646928787232,-11,-3,-7,6,0,12,5,0,-9,14,0,-21,-9,-5,thankyou
1.9626743793487549,-11,-7,-12,2,2,24,23,3,-10,11,-5,-22,-2,0,thankyou
1.9626743793487549,-4,0,0,6,5,20,24,9,-10,6,-19,-19,-6,0,thankyou
1.978251457214356,0,3,-7,5,6,15,24,1,0,6,-22,-24,-6,0,thankyou
1.978251457214356,0,-3,-12,6,5,14,28,-8,6,12,-11,-19,2,3,thankyou
1.993382215499878,-9,-17,-1,0,-2,3,13,-7,-5,5,-10,-10,3,0,thankyou
1.993382215499878,-21,-24,-13,-27,-14,-12,-2,-2,-3,-1,-8,-10,0,-9,thankyou
2.016073226928711,-17,-20,-13,-45,-18,-14,-3,0,7,-7,-5,-2,2,-8,thankyou
2.016073226928711,-9,-10,-7,-22,-11,-11,-5,-1,3,-18,-10,3,2,-5,thankyou
2.016073226928711,0,0,0,-4,-4,-14,-11,2,6,-15,4,15,6,0,thankyou
2.024683713912964,17,10,17,-10,0,-9,-7,11,26,2,37,38,18,11,thankyou
2.040367364883423,23,17,17,0,5,-5,-4,4,27,12,44,39,23,11,thankyou
2.040367364883423,23,22,21,20,10,-7,-8,0,5,3,25,25,10,6,thankyou
2.0554001331329346,20,16,13,19,11,-10,-7,0,-10,-8,12,12,-4,2,thankyou
2.0554001331329346,8,4,0,6,8,-13,-10,-2,-21,-23,1,-2,-13,-2,thankyou
2.0710549354553223,2,3,8,9,3,-4,-14,-3,-28,-21,-12,-4,-16,-1,thankyou
2.0710549354553223,7,7,6,25,2,15,-1,-3,-17,-4,-22,-4,-17,7,thankyou
2.0862481594085693,5,2,0,19,3,20,10,-2,-8,0,-28,-15,-15,2,thankyou
2.1019067764282227,-6,-11,-10,0,1,12,6,-2,-10,3,-29,-18,-16,-11,thankyou
2.1019067764282227,-17,-10,-15,3,2,7,1,0,-2,10,-24,-14,-16,-11,thankyou
2.1019067764282227,-21,0,-2,11,1,11,7,6,8,14,-16,-17,-7,0,thankyou
2.117165327072144,-24,-12,-16,-5,-3,6,9,2,4,13,-8,-26,2,-1,thankyou
2.1325278282165527,-16,-22,-18,-20,-9,0,3,-1,0,7,-11,-19,3,-3,thankyou
2.1325278282165527,-9,-8,-6,-11,-10,4,2,0,11,2,-15,-9,4,0,thankyou
2.148329019546509,-15,-5,-10,-10,-9,0,0,1,7,0,-7,-12,5,-4,thankyou
2.148329019546509,-13,-3,-3,-14,-9,-10,-8,-2,-2,-5,11,0,12,0,thankyou
2.148329019546509,7,10,2,3,-1,-7,-1,-5,10,1,24,18,24,10,thankyou
2.1648972034454346,18,11,11,9,6,-1,7,-1,13,6,11,14,19,8,thankyou
2.17897629737854,15,6,15,-4,11,-2,7,0,2,5,12,10,13,5,thankyou
2.17897629737854,17,5,5,-13,8,-4,1,-1,0,5,31,18,16,4,thankyou
2.194671392440796,10,-7,1,-24,0,0,-7,-1,-7,-7,17,14,-2,-2,thankyou
2.194671392440796,0,-14,-6,-29,-9,-2,-4,1,-7,-17,0,-3,-10,-4,thankyou
2.194671392440796,4,-4,-1,-16,-11,-3,1,2,4,0,12,-1,10,1,thankyou
2.210338592529297,5,3,5,1,-4,1,2,1,8,10,14,7,9,-3,thankyou
2.226469278335572,-4,0,-3,7,-1,0,-1,2,8,-9,-13,-7,-15,-13,thankyou
2.226469278335572,-1,4,5,12,-3,-7,-1,8,10,-24,-19,-12,-17,-6,thankyou
2.242093324661255,3,14,4,28,3,-2,4,4,12,0,-1,6,-3,1,thankyou
2.242093324661255,0,20,4,39,12,0,6,0,11,19,0,16,-5,0,thankyou
2.2573513984680176,4,15,14,24,10,-1,-6,-1,-1,8,4,12,-10,0,thankyou
2.2573513984680176,8,7,8,13,7,-10,-13,-2,-9,4,21,13,-8,9,thankyou
2.2728660106658936,3,8,7,16,3,-6,-11,0,-11,1,11,18,-13,11,thankyou
2.2728660106658936,3,6,0,18,4,8,-9,-1,-17,-4,1,15,-20,6,thankyou
2.288262128829956,9,0,0,19,7,16,-5,-4,-20,-1,13,13,-18,6,thankyou
2.288262128829956,5,-4,9,10,0,8,0,-1,-17,4,11,12,8,12,thankyou
2.304352283477783,1,-9,0,-6,-4,0,1,0,-14,-4,-1,-1,45,14,thankyou
2.304352283477783,3,-10,0,-10,0,5,5,-2,-14,-14,-6,-10,32,7,thankyou
2.320000648498535,-8,-14,-8,-7,-5,11,7,-4,-12,-10,-16,-22,-3,-6,thankyou
2.320000648498535,-20,-23,-22,-24,-18,6,2,-2,-3,1,-23,-33,-2,-12,thankyou
2.335139513015747,-12,-17,-10,-34,-11,3,6,0,14,9,-9,-18,15,0,thankyou
2.335139513015747,-1,-2,-5,-23,3,3,16,1,28,19,6,-2,14,5,thankyou
2.350399971008301,-3,-4,-5,-19,0,-4,10,6,29,25,0,-4,6,0,thankyou
2.350399971008301,-16,-19,-18,-35,-10,-15,-3,3,22,4,-18,-16,0,-17,thankyou
2.366065263748169,-23,-18,-23,-51,-9,-18,-14,-5,7,-24,-17,-17,-15,-33,thankyou
2.366065263748169,-15,4,-5,-42,1,-14,-14,-1,-7,-23,-7,-9,-23,-34,thankyou
2.3812382221221924,-12,17,-7,-10,9,-11,-6,0,-17,-17,-22,-21,-26,-31,thankyou
2.3812382221221924,-14,16,1,13,8,-2,0,0,-20,-20,-39,-28,-27,-18,thankyou
2.3970792293548584,-3,19,11,27,9,13,9,3,-9,-2,-23,-16,-15,0,sil
2.3970792293548584,3,15,-4,35,13,20,16,1,-5,6,-12,-13,-8,1,sil
2.4131925106048584,6,5,0,36,15,18,16,-3,-16,-10,-22,-11,-16,1,sil
2.4131925106048584,15,3,9,38,8,8,12,0,-5,-5,-13,5,-11,18,sil
2.4288482666015625,18,2,21,32,-7,-1,1,7,12,10,9,21,3,25,sil
2.4288482666015625,8,-5,16,21,-13,-2,-7,1,18,13,29,28,13,17,sil
2.4449167251586914,5,-10,2,9,-8,-5,-7,-2,20,17,45,34,26,15,sil
2.4449167251586914,21,-2,19,0,-12,-9,-4,4,27,27,59,51,43,22,sil
2.4601449966430664,38,9,25,7,-6,-7,0,6,33,27,72,65,52,30,sil
2.4601449966430664,30,11,17,6,3,-13,-4,0,21,18,62,53,38,26,sil
2.4752323627471924,6,6,9,-10,1,-16,-20,-3,9,11,37,22,14,7,sil
2.4752323627471924,2,0,0,-4,0,-2,-16,-3,-2,-2,16,0,-2,-9,sil
2.491284132003784,2,3,0,11,2,12,0,-3,-29,-24,-10,-11,-18,-12,sil
2.491284132003784,-14,5,-15,4,8,16,3,-6,-45,-27,-36,-31,-32,-11,sil
2.5064353942871094,-20,-2,-21,-4,11,15,6,-7,-30,-14,-38,-33,-28,-8,sil
2.5064353942871094,-10,-11,-11,-4,2,10,13,-1,-15,-4,-32,-19,-10,-1,sil
2.5220088958740234,-10,-14,-17,-20,-7,-3,10,0,-13,-2,-34,-23,-4,0,sil
2.5220088958740234,-11,-20,-13,-43,-12,-10,0,0,-9,-7,-31,-23,-11,-2,sil
2.537407398223877,-9,-23,-14,-40,-15,-9,-5,-1,0,-4,-12,-9,-1,1,sil
2.537407398223877,-8,-12,-11,-19,-12,-8,-9,3,10,3,1,1,11,2,sil
2.552948236465454,-3,0,0,-8,0,0,-13,7,15,2,9,12,12,-5,sil
2.552948236465454,4,8,7,0,9,-3,-13,3,17,5,12,13,12,-12,sil
2.568245649337769,2,18,17,6,5,-13,-8,1,6,-1,6,0,2,-11,sil
2.568245649337769,-1,20,5,13,5,-4,0,0,0,-11,0,-12,-15,-12,sil
2.5848734378814697,3,12,7,22,9,12,8,1,0,-1,8,-5,-17,-8,sil
2.5848734378814697,2,11,19,24,13,12,10,5,-1,5,10,0,-8,-4,sil
2.600104808807373,-8,10,-1,21,14,6,8,1,-3,-10,-5,-17,-9,-9,sil
2.600104808807373,-4,2,-4,21,2,12,6,-5,-1,-11,-15,-23,-8,-7,sil
2.615255832672119,0,-12,-2,9,-4,14,9,-6,-3,9,-11,-13,0,0,sil
2.615255832672119,-3,-16,-8,-10,0,7,19,-1,-2,14,-19,-8,-1,7,sil
2.6309027671813965,-2,-8,-2,-11,0,8,27,5,10,14,-22,-2,3,11,sil
2.6309027671813965,-10,-13,-13,-13,-12,3,19,4,18,23,-2,0,16,10,sil
2.646923065185547,-16,-20,-13,-25,-14,-5,5,-1,10,14,0,3,6,5,sil
2.661594867706299,1,-4,-1,-11,-2,-9,-1,-1,1,0,-14,6,-5,4,sil
2.661594867706299,13,1,0,0,-8,-12,-15,-1,-2,0,-11,6,0,3,sil
2.676977634429932,8,-5,0,-10,-15,-12,-23,0,0,0,7,15,7,4,sil
2.676977634429932,12,2,-2,-6,0,-10,-16,-1,0,-11,19,24,12,8,sil
2.6931605339050293,12,13,7,2,4,-19,-21,-2,-8,-21,15,22,8,5,sil
2.6931605339050293,8,13,14,1,-3,-15,-24,-1,-4,-16,21,20,10,2,sil
2.6931605339050293,16,14,8,4,4,0,-2,3,14,0,37,26,17,8,sil
2.7073991298675537,16,18,10,9,13,4,11,5,9,1,27,19,7,3,sil
2.7230944633483887,2,13,5,15,8,2,-1,-4,-12,-6,5,2,-7,-8,sil
2.7230944633483887,-3,8,12,14,5,0,-19,-7,-26,-9,6,-2,-10,-10,sil
2.74020791053772,-11,0,7,4,0,0,-21,0,-21,-8,5,-12,-14,-19,sil
2.74020791053772,-23,-13,-12,-3,-3,1,-8,2,-9,-11,-19,-35,-27,-31,sil
2.74020791053772,-19,-14,-6,-2,-2,12,3,1,0,-4,-27,-29,-27,-19,sil
2.755276679992676,-10,-4,-5,6,-2,14,15,0,-1,9,-11,-15,-11,0,sil
2.772812604904175,-5,-5,-5,8,-3,14,24,4,-3,8,-13,-15,-5,10,sil
2.772812604904175,-5,-13,-3,3,1,16,30,7,5,1,-16,-13,-4,12,sil
2.772812604904175,-5,-7,-9,0,1,7,22,0,13,8,-2,-5,7,8,sil
2.7863929271698,5,3,3,3,-2,0,11,-3,15,18,3,0,18,13,sil
2.8019444942474365,22,7,3,13,5,3,17,3,29,29,8,5,30,26,sil
2.8019444942474365,26,2,0,8,7,1,17,5,33,31,17,19,38,29,sil
2.8180577754974365,12,-8,0,-14,-5,-10,-3,-1,9,8,7,23,18,16,sil
2.8180577754974365,0,-13,-9,-19,-7,-17,-19,-8,-10,-17,-8,3,-5,-3,sil
2.8180577754974365,0,-2,1,-12,1,-9,-15,-3,-10,-18,-3,-1,-3,-14,sil
2.8341381549835205,3,0,3,-25,0,-5,-10,0,-2,-1,11,9,5,-7,sil
2.835139036178589,10,1,5,-23,-4,-13,-12,3,0,2,17,17,6,6,sil
2.849289894104004,13,21,14,9,5,-9,-9,2,-1,-9,15,21,5,8,sil
2.866159439086914,2,30,-2,18,12,0,-4,-1,-9,-14,5,7,-4,-6,sil
2.866159439086914,-13,5,-4,-7,0,-4,-16,-7,-32,-19,-14,-15,-22,-28,sil
2.866159439086914,-27,-8,-3,-11,-9,-6,-22,-13,-42,-23,-23,-23,-28,-35,sil
2.8816561698913574,-25,0,-6,2,-6,-1,-11,-5,-24,-13,-14,-15,-25,-22,sil
2.896005392074585,-9,1,2,9,4,7,-1,6,0,3,-7,-8,-14,-6,sil
2.896005392074585,-4,-9,0,10,12,17,8,3,8,10,-8,-11,-1,1,sil
2.9120922088623047,-8,-9,2,10,3,20,13,0,7,5,-10,-15,-8,0,sil
2.9120922088623047,-11,-5,-1,11,-7,14,7,0,4,2,-8,-13,-17,-4,sil
2.928277969360352,-7,-11,-10,2,-7,11,10,1,8,4,-8,-7,-6,5,sil
2.9292783737182617,-1,-11,-4,-4,-3,11,21,6,17,12,-9,-5,6,17,sil
2.9464142322540283,0,-5,-6,-1,-3,3,21,8,20,16,-7,-5,12,12,sil
2.9464142322540283,3,-5,-2,-3,-7,-2,14,6,22,11,0,7,20,10,sil
2.9464142322540283,11,-5,2,-5,-2,-3,14,3,28,12,13,19,28,13,sil
2.961465120315552,17,1,4,0,2,-9,3,-2,14,13,19,21,22,7,sil
2.961465120315552,13,8,6,-8,-3,-16,-14,-3,-13,-1,12,22,7,-5,sil
2.975369930267334,9,8,-2,-18,-8,-21,-23,-6,-17,-18,13,18,1,-10,sil
2.9949488639831543,12,8,7,-9,-1,-25,-20,-5,-3,-19,19,13,0,-2,sil
2.9949488639831543,9,11,10,-4,4,-21,-17,-2,0,-13,18,11,1,0,sil
2.9949488639831543,4,14,2,0,8,-12,-20,0,-1,-8,13,7,2,0,sil
3.006335020065308,11,22,20,20,12,-3,-11,0,-10,-11,6,7,-2,3,sil
3.0218608379364014,12,14,10,27,10,7,5,-1,-16,-8,-5,0,-3,5,sil
3.0218608379364014,-3,-7,-6,6,1,13,3,0,-18,1,-8,-10,-1,2,sil
3.0372068881988525,-12,-8,-3,0,2,14,-1,0,-12,12,4,-11,0,0,sil
3.0372068881988525,-5,3,0,21,8,16,13,0,-1,13,10,-12,0,0,sil
3.0527679920196533,0,2,5,24,5,19,25,1,8,11,-1,-12,-2,2,sil
3.0527679920196533,-7,-8,-10,9,0,18,25,3,12,11,-12,-20,-8,0,sil
3.0686519145965576,-17,-18,-17,-8,-2,13,10,1,4,10,-15,-24,-7,-5,sil
3.0686519145965576,-21,-19,-7,-12,-3,9,-6,-1,2,12,-10,-13,0,-1,sil
3.0834829807281494,-9,-7,-5,-4,-4,3,-3,0,12,9,-3,-2,-1,3,sil
3.0834829807281494,-1,-4,-3,-17,-12,0,7,1,8,-3,-14,-2,-8,0,sil
3.09907603263855,-10,-14,-16,-31,-15,-7,-2,-1,-14,-17,-37,-13,-17,-7,sil
3.09907603263855,-6,-11,-12,-22,-10,-14,-24,-8,-28,-29,-35,-10,-25,-11,sil
3.114408493041992,7,-1,3,-15,-14,-19,-25,-2,-16,-29,-3,10,-12,-6,sil
3.114408493041992,8,0,0,-18,-12,-16,-8,5,1,-11,14,19,6,-1,sil
3.1302695274353027,8,8,9,-7,5,-10,1,7,8,-6,6,16,6,-4,sil
3.1302695274353027,10,14,12,2,15,-11,-6,0,9,-10,8,12,4,-9,sil
3.14528751373291,3,12,6,6,10,-8,-13,1,9,-1,23,12,8,-8,sil
3.14528751373291,3,18,9,19,10,11,0,5,4,7,26,16,11,1,sil
3.16098690032959,9,19,7,32,15,22,24,1,2,13,13,7,12,10,sil
3.16098690032959,5,6,14,26,15,18,30,1,7,21,0,-2,7,9,sil
3.1760175228118896,-10,-5,3,12,10,17,23,0,13,31,0,-8,5,6,sil
3.1760175228118896,-12,-6,-11,5,0,6,9,-9,2,25,-3,-11,3,7,sil
3.1921374797821045,2,-4,-4,5,-9,-5,0,-13,-1,14,0,1,7,11,sil
3.1921374797821045,7,-13,-4,-4,-12,-3,3,-5,11,15,9,12,17,14,sil
3.208303451538086,1,-15,1,-21,-13,-2,1,0,10,9,1,6,16,14,sil
3.208303451538086,9,-1,3,-12,-7,-11,0,1,0,-6,-2,1,10,10,sil
3.2238965034484863,13,0,-4,-13,-4,-18,-3,1,-1,-14,5,7,6,-1,sil
3.2238965034484863,0,-5,-3,-29,-10,-15,-10,5,-10,-10,3,5,-3,-13,sil
3.2399492263793945,-5,4,-7,-9,-2,-7,-11,4,-12,-8,2,0,-9,-6,sil
3.2399492263793945,3,15,6,13,8,0,-10,2,-6,-16,5,8,-4,2,sil
3.255094289779663,5,14,13,13,7,1,-12,2,-5,-14,4,9,-7,-2,sil
3.255094289779663,3,14,3,17,14,4,-6,1,-1,-1,9,0,-10,-7,sil
3.271118640899658,-6,3,0,14,19,2,-5,0,-6,-11,3,-13,-17,-17,sil
3.271118640899658,-26,-16,-10,-7,1,-8,-18,-6,-24,-36,-22,-32,-31,-37,sil
3.287372350692749,-21,-10,-3,-8,-9,-6,-17,-3,-21,-29,-30,-26,-30,-29,sil
3.287372350692749,8,8,3,12,0,11,0,2,3,3,0,0,-5,6,sil
3.303295850753784,19,8,0,23,2,12,11,1,9,15,14,7,7,24,sil
3.303295850753784,3,0,8,18,-4,1,11,-5,-12,-4,-13,-8,-2,8,sil
3.3179819583892822,-14,-4,-5,14,-2,5,4,-7,-23,-7,-33,-25,-15,-11,sil
3.3179819583892822,-17,-9,-10,5,-2,13,0,0,-8,7,-16,-20,-7,-9,sil
3.333129405975342,-13,-17,-8,-11,-7,10,7,5,19,15,2,-5,12,7,sil
3.333129405975342,-15,-26,-21,-22,-8,5,12,1,24,12,-4,-8,17,14,sil
3.3486196994781494,-9,-22,-7,-19,-5,12,14,4,10,19,-19,-10,4,10,sil
3.3486196994781494,0,-10,0,-13,-3,17,20,3,23,32,-5,0,9,10,sil
3.364264488220215,0,-8,-6,-19,-4,2,11,-2,38,26,7,8,18,8,sil
3.364264488220215,0,-1,-4,-19,-1,-10,0,-2,21,12,9,14,15,0,sil
3.379875421524048,17,16,2,-5,4,-11,3,2,9,8,20,27,15,2,sil
3.379875421524048,28,27,18,1,-1,-16,1,5,14,4,30,42,14,17,sil
3.3959639072418213,26,17,16,-3,-7,-23,-8,0,3,0,22,33,10,15,sil
3.3959639072418213,27,11,12,-8,0,-16,-6,-2,-7,-4,12,20,10,8,sil
3.4111990928649902,22,16,11,-5,5,-8,-6,0,-6,-11,14,18,9,8,sil
3.4111990928649902,3,7,0,-4,-1,-10,-19,-3,-17,-22,12,13,0,-3,sil
3.426835298538208,-8,-3,6,-13,-5,-9,-18,0,-30,-30,0,-1,-15,-20,sil
3.4271931648254395,-8,0,1,-1,4,-5,-3,6,-16,-20,-2,-13,-14,-15,sil
3.4419169425964355,-4,11,3,29,16,1,0,1,-6,-5,7,-6,-4,-6,sil
3.4419169425964355,-4,9,16,31,13,10,-10,-6,-18,-10,8,-1,-9,-11,sil
3.458037137985229,-6,0,4,14,2,5,-9,-9,-18,-8,1,-11,-14,-13,sil
3.458037137985229,-7,0,0,18,1,4,2,-2,-6,2,-4,-13,-6,-7,sil
3.4741547107696533,-14,1,-4,28,10,17,10,0,-3,0,-16,-14,-10,-13,sil
3.4741547107696533,-17,0,-10,20,14,18,1,-1,-9,-11,-24,-24,-23,-17,sil
3.490117311477661,0,3,1,15,15,9,-1,2,-1,5,-11,-13,-6,0,sil
3.490117311477661,9,2,-1,20,14,8,11,9,14,30,0,1,17,15,sil
3.5045833587646484,0,-8,-4,10,1,4,11,5,6,13,-5,0,10,8,sil
3.520709991455078,-18,-15,-15,-8,-12,-1,-3,-3,-3,-5,-10,-10,0,0,sil
3.520709991455078,-19,-19,-22,-27,-21,-1,-2,-5,3,0,-13,-19,-1,0,sil
3.520709991455078,-6,-14,0,-26,-21,4,9,-1,8,9,-18,-15,-11,1,sil
3.536391019821167,0,-12,-5,-8,-15,0,13,-4,5,10,-15,-5,-9,5,sil
3.5524332523345947,-6,-12,-12,-11,-13,-4,11,-3,11,8,-10,-1,0,5,sil
3.5524332523345947,-4,-6,-10,-22,-10,2,16,2,18,6,-5,-1,2,3,sil
3.5524332523345947,5,-3,-7,-16,-4,-2,12,6,14,3,4,4,3,7,sil
3.566411018371582,11,-6,1,-14,-4,-10,0,2,8,-1,11,14,6,8,thankyou
3.582303047180176,15,-2,0,-13,0,-5,-4,-2,10,0,8,17,10,7,thankyou
3.582303047180176,15,6,5,-7,1,-6,-10,2,3,-2,0,14,9,4,thankyou
3.597163438796997,3,2,4,-6,-6,-13,-21,3,-9,-12,-2,5,0,-6,thankyou
3.597656488418579,-4,-4,-7,-10,-8,-7,-20,-4,-7,-12,4,3,-5,-10,thankyou
3.6123743057250977,2,5,10,-4,4,3,-10,-1,2,1,22,14,5,0,thankyou
3.6123743057250977,11,20,21,14,17,0,-1,4,3,11,35,15,21,9,thankyou
3.627875566482544,12,18,22,14,10,-2,-4,1,-7,3,20,8,14,6,thankyou
3.627875566482544,5,10,12,1,1,1,-13,-1,-5,-11,3,6,0,-4,thankyou
3.643292188644409,3,9,4,12,7,-1,-5,1,6,-15,16,5,1,-8,thankyou
3.643292188644409,9,13,18,25,12,-4,9,3,4,0,24,7,4,0,thankyou
3.658934354782105,4,5,6,10,1,-3,4,-1,-11,1,4,2,-4,-3,thankyou
3.658934354782105,0,7,-1,3,-1,-3,-5,-4,-19,-13,-10,-3,-14,-9,thankyou
3.6743710041046143,3,15,8,16,11,9,6,2,-10,-8,0,-4,-9,0,thankyou
3.6743710041046143,-7,-2,-8,5,9,14,12,1,-7,1,-4,-13,-5,-5,thankyou
3.689987897872925,-20,-12,-12,-8,-6,0,-4,-1,-15,-3,-22,-17,-12,-14,thankyou
3.689987897872925,-5,0,-6,7,-1,-3,-4,-4,-6,7,-15,0,-7,1,thankyou
3.705146551132202,2,-3,0,10,7,3,6,-1,6,23,-2,8,3,14,thankyou
3.705146551132202,-14,-13,-6,-6,0,4,0,-1,-5,10,-11,-7,1,0,thankyou
3.721267461776733,-18,-12,-18,-7,-7,0,-1,-4,-9,8,-16,-18,0,-4,thankyou
3.721267461776733,0,-13,-3,-9,-3,5,15,2,15,20,-7,-6,6,9,thankyou
3.737314224243164,5,-9,-2,-10,0,8,11,7,25,14,1,-2,11,12,thankyou
3.737314224243164,-4,0,-7,0,-2,1,-7,0,3,-1,-3,-7,0,-1,thankyou
3.752742290496826,-11,-5,-4,-1,-8,2,1,-2,-3,-5,-21,-9,-14,-11,thankyou
3.752742290496826,-16,-17,-18,-14,-11,8,21,3,8,-11,-27,-22,-20,-11,thankyou
3.768336296081543,-10,-6,-8,-9,-2,6,12,5,10,-22,-21,-21,-14,-12,thankyou
3.768336296081543,0,4,1,2,5,0,0,-1,4,-14,-10,-1,-5,-5,thankyou
3.783928155899048,8,2,4,-1,-3,-2,-3,-6,-7,-6,3,11,-6,2,thankyou
3.783928155899048,11,5,14,1,-5,-5,-12,-4,-20,-14,17,18,-8,0,thankyou
3.799031019210816,10,12,6,12,9,-8,-12,-4,-20,-13,23,14,5,-5,thankyou
3.799031019210816,10,12,6,6,9,-1,-3,1,-10,0,23,13,17,9,thankyou
3.814529895782471,16,7,8,2,-3,3,3,6,6,11,24,19,19,25,thankyou
3.814529895782471,20,0,6,5,0,-5,1,1,18,10,11,18,16,18,thankyou
3.8294389247894287,11,3,15,4,7,-8,-7,2,18,11,4,12,14,7,thankyou
3.8294389247894287,1,3,3,5,2,-5,-12,2,20,19,13,3,15,1,thankyou
3.845326662063599,-4,-1,-5,3,-1,-9,-10,0,16,7,3,-2,6,-4,thankyou
3.845326662063599,-12,-3,-10,-5,-3,-10,-2,-2,4,-9,-7,-1,-5,-5,thankyou
3.860383272171021,-6,-8,-10,-9,-3,-2,8,1,3,0,5,4,-5,0,thankyou
3.860383272171021,3,-11,0,-9,-4,1,8,4,-1,12,11,1,4,0,thankyou
3.876396894454956,-2,-4,-6,-9,-3,-1,-2,-2,-11,11,0,-7,8,-4,thankyou
3.876396894454956,-3,5,0,-7,0,1,-2,-4,-5,0,-2,-3,-3,-4,thankyou
3.891934633255005,2,5,6,0,7,11,8,0,10,-3,-2,-1,-10,0,thankyou
3.891934633255005,-2,0,-2,0,6,1,3,5,6,-1,-3,-10,0,2,thankyou
3.908008337020874,-10,-1,5,-13,-4,-10,-9,1,-21,-11,-8,-16,-5,-7,thankyou
3.908008337020874,-9,0,-2,-15,-15,-8,-11,-8,-36,-24,-19,-23,-27,-23,thankyou
3.923523426055908,-2,4,-3,-3,-10,-1,-8,-7,-25,-15,-23,-17,-25,-17,thankyou
3.923523426055908,11,16,7,14,9,6,-1,0,-2,7,4,4,6,5,thankyou
3.93923592567444,20,17,8,22,22,12,5,3,12,18,31,19,27,17,thankyou
3.93923592567444,8,10,12,14,13,8,0,5,12,12,16,15,13,9,thankyou
3.954681634902954,-9,0,0,1,4,0,0,2,4,0,-8,0,-2,-3,thankyou
3.954681634902954,-12,-8,-6,-6,4,-1,12,0,2,-10,-11,-2,1,-3,thankyou
3.9699394702911377,-11,-9,0,-4,-2,2,13,-1,1,-7,-3,7,9,3,thankyou
3.9699394702911377,-14,-7,-6,3,-13,5,2,-3,-4,-6,-6,2,-3,0,thankyou
3.985975503921509,-10,-11,-5,0,-12,7,-4,-3,-11,-23,-22,-5,-24,-7,thankyou
3.985975503921509,-5,-18,-11,-8,-5,9,-4,-4,-15,-22,-25,-7,-26,-15,thankyou
4.001221895217896,-2,-10,-7,0,0,6,0,-2,-12,3,-8,-5,-16,-14,thankyou
4.001221895217896,3,6,5,17,5,5,5,1,6,13,0,0,-8,-1,thankyou
4.025988340377808,9,7,1,20,3,0,6,1,17,1,0,7,1,10,thankyou
4.027004241943359,9,-2,5,5,-5,-7,1,1,1,2,9,10,12,14,thankyou
4.027004241943359,6,-4,0,0,0,-5,0,1,0,13,17,1,15,10,thankyou
4.032388210296631,7,6,-1,9,10,3,1,0,11,14,9,-3,5,5,sil
4.048470735549927,14,16,16,16,9,3,3,2,15,22,11,9,8,13,sil
4.065216541290283,18,9,10,10,4,-4,6,8,28,30,20,9,23,23,sil
4.065216541290283,8,0,3,-3,-3,-6,1,5,24,17,7,-6,14,10,sil
4.065216541290283,-6,-2,-10,-10,-11,-7,-1,-2,0,4,-6,-9,0,-5,sil
4.0799336433410645,-6,-9,-15,-15,-10,-12,0,-4,-6,-6,-5,-3,2,-7,sil
4.0799336433410645,1,-13,-3,-18,-5,-10,-4,-1,0,-17,1,-5,4,-4,sil
4.095939159393311,-6,-7,-10,-19,-2,-11,-10,-3,-8,-13,0,-9,-1,-9,sil
4.095939159393311,-16,2,-8,-21,-5,-19,-14,0,-20,-13,-18,-3,-8,-12,sil
4.113022565841675,-6,5,-2,-22,-6,-8,-9,0,-10,-18,-16,0,-1,-6,sil
4.113022565841675,1,0,-2,-25,-5,5,-5,-5,-3,-14,3,2,5,-1,sil
4.1291327476501465,-2,-2,2,-27,-7,-2,-11,-4,-16,-20,2,7,-7,-7,sil
4.1291327476501465,-5,7,-3,-9,0,-8,-8,1,-15,-18,0,2,-14,-9,sil
4.14370584487915,4,15,8,16,16,11,0,7,6,1,11,0,-1,4,sil
4.14370584487915,13,10,17,36,21,25,-1,8,12,9,17,9,6,10,sil
4.160470962524414,11,9,13,47,17,12,-1,2,-1,4,18,8,1,3,sil
4.160470962524414,0,8,16,28,12,2,8,0,-8,5,11,-4,-3,0,sil
4.176051378250122,-17,-10,-7,0,1,5,10,-3,-5,9,-15,-22,-14,-10,sil
4.176051378250122,-20,-20,-14,0,-4,14,11,0,3,16,-27,-23,-17,-14,sil
4.191027879714966,-13,-7,-6,13,-1,19,25,2,21,31,-6,-8,0,0,sil
4.206976413726807,-18,-7,-13,2,-4,13,31,2,27,26,0,-5,4,3,sil
4.206976413726807,-19,-16,-5,-13,-8,5,16,1,15,10,-18,-2,-1,-3,sil
4.206976413726807,4,-5,3,-7,0,0,3,-3,14,4,-10,9,8,8,sil
4.222477197647095,28,11,10,-1,-1,-16,-8,-3,0,-6,12,26,18,23,sil
4.23848032951355,27,15,16,2,-11,-27,-20,0,-27,-24,17,35,9,15,sil
4.23848032951355,20,9,8,1,-13,-19,-23,0,-38,-31,7,26,0,2,sil
4.23848032951355,18,7,8,-5,-5,-5,-22,-1,-33,-28,2,15,-4,-2,sil
4.254536867141724,13,12,2,5,9,4,-11,-8,-23,-16,6,3,-6,-5,sil
4.254536867141724,6,10,4,23,19,6,0,-7,-4,-5,4,-3,-5,-2,sil
4.270140886306763,0,3,6,23,12,9,-2,0,7,1,0,-2,0,1,sil
4.270140886306763,-3,-2,-10,11,1,8,-3,0,4,12,-3,-6,3,2,sil
4.286254405975342,-9,-14,-13,-13,-7,-5,6,0,4,11,-13,-21,-1,0,sil
4.286254405975342,-20,-34,-23,-37,-16,-21,6,0,9,-1,-29,-33,-11,-13,sil
4.300998687744141,-17,-29,-19,-33,-16,-17,0,1,13,-3,-20,-25,-9,-18,sil
4.316906452178955,-3,-5,-1,-18,-5,-1,1,5,25,9,8,-4,7,-5,sil
4.316906452178955,-7,3,-2,-13,0,-3,-1,4,26,9,19,1,17,-1,sil
4.316906452178955,-14,4,3,-9,0,-11,-10,0,6,-7,12,0,8,-7,sil
4.33269739151001,-1,14,2,0,2,-6,0,-1,-3,-5,12,-2,1,-3,sil
4.33269739151001,15,18,5,11,4,6,15,7,-2,7,7,-6,0,6,sil
4.347778797149658,6,5,6,6,0,22,21,12,-3,7,-7,-11,-3,12,sil
4.347778797149658,-2,-10,-9,-10,-1,26,24,0,5,10,-14,-9,-4,16,sil
4.36299729347229,17,-5,0,-12,1,14,17,-4,13,15,-9,5,0,21,sil
4.36299729347229,29,5,9,8,7,2,-3,-1,12,9,5,18,8,17,sil
4.378144264221191,12,9,8,14,12,0,-22,-4,3,1,23,26,13,9,sil
4.378144264221191,8,24,26,22,19,0,-20,-1,-8,5,30,32,9,6,sil
4.394257307052612,13,34,22,48,23,-1,-8,0,-14,7,21,17,3,-2,sil
4.410482883453369,-7,11,4,41,14,1,-7,-2,-19,-6,-4,-3,-10,-19,sil
4.410482883453369,-39,-17,-19,5,2,9,-7,-3,-26,-15,-29,-20,-27,-28,sil
4.425098896026611,-47,-24,-31,-11,-8,8,1,-4,-23,-12,-34,-30,-27,-25,sil
4.425098896026611,-33,-23,-19,-11,-17,5,15,-1,-6,-5,-27,-23,-15,-16,sil
4.440316677093506,-18,-25,-21,-21,-16,-1,19,3,9,4,-18,-10,-4,-9,sil
4.440316677093506,-10,-22,-14,-34,-13,-9,7,3,11,2,-11,0,0,-5,sil
4.455985069274902,-2,-16,-5,-26,-14,-9,1,-2,5,-15,-4,8,4,2,sil
4.455985069274902,5,-11,0,-15,-14,-11,3,1,4,-17,0,15,8,10,sil
4.471362352371216,6,-4,11,-19,-15,-16,-8,7,-1,-7,1,12,6,3,sil
4.471362352371216,9,-1,5,-18,-15,-17,-19,-3,-9,-8,6,0,1,-5,sil
4.486959934234619,33,11,20,-2,-5,-9,-11,-5,0,-7,19,12,11,6,sil
4.486959934234619,53,36,40,19,7,-1,0,2,16,10,36,41,30,30,sil
4.502196788787842,46,36,30,31,14,-6,-7,0,11,15,40,33,27,30,sil
4.502196788787842,28,23,23,22,15,-13,-20,-5,-4,1,38,18,10,14,sil
4.5174853801727295,19,27,10,21,17,-6,-13,0,-1,2,39,18,12,10,sil
4.5174853801727295,9,22,8,27,12,1,0,2,0,6,14,5,6,3,sil
4.533152341842651,-13,1,0,23,4,6,2,0,-5,-5,-11,-18,-13,-14,sil
4.533152341842651,-30,-13,-21,14,2,18,12,0,1,-4,-12,-25,-16,-19,sil
4.548925876617432,-32,-16,-18,7,3,27,26,2,6,5,-23,-29,-14,-15,sil
4.548925876617432,-36,-17,-25,0,0,18,24,0,-6,-4,-50,-50,-30,-26,sil
4.564244985580444,-39,-22,-29,-16,-3,11,6,-2,-14,-14,-55,-49,-35,-24,sil
4.564244985580444,-24,-21,-19,-23,-3,19,5,-1,-1,4,-34,-27,-12,0,sil
4.579376697540283,-2,-15,-16,-19,-2,14,9,0,9,18,-15,-12,3,12,sil
4.579376697540283,4,-10,-4,-23,-4,-7,-6,3,5,6,-8,1,5,13,sil
4.594961166381836,10,-9,-1,-27,-5,-17,-16,3,8,11,3,12,14,18,sil
4.594961166381836,29,0,8,-20,-1,-13,-5,5,28,27,25,21,25,31,sil
4.610154867172241,36,9,19,-14,-1,-14,-10,6,28,12,32,29,25,30,sil
4.610154867172241,5,0,-7,-16,-5,-19,-25,-5,-6,-11,13,7,4,-4,sil
4.6253039836883545,-23,-4,-17,-19,-2,-8,-16,-8,-34,-25,-11,-20,-27,-45,sil
4.6253039836883545,-24,1,-13,-12,6,9,1,-2,-24,-24,-14,-17,-30,-42,sil
4.641410827636719,-12,14,0,13,13,20,12,2,-7,-13,2,-2,-3,-13,sil
4.641410827636719,-7,19,22,39,15,18,22,3,-4,3,12,3,2,-4,sil
4.6571221351623535,-5,6,16,39,14,11,27,-2,-3,9,0,0,-10,-13,sil
4.6571221351623535,0,0,12,22,5,9,23,-5,3,6,-4,4,-6,-2,sil
4.672569513320923,4,2,4,16,-5,6,19,1,22,18,5,15,18,22,sil
4.672569513320923,4,-6,-2,5,-13,-5,7,6,25,24,7,13,21,23,sil
4.688281059265137,12,-6,9,1,-17,-10,-6,1,10,8,2,10,8,7,sil
4.688281059265137,18,0,9,7,-17,-13,-12,-3,5,0,7,16,13,12,sil
4.703230857849121,10,-10,4,-5,-13,-20,-20,0,3,0,3,19,17,21,sil
4.703230857849121,5,-14,-3,-19,-8,-17,-19,2,-4,-8,0,13,7,12,sil
4.718907356262207,10,3,1,-8,-3,-10,-6,-4,-15,-20,5,11,2,0,sil
4.718907356262207,7,10,9,-5,1,-6,-4,-8,-27,-24,5,9,-1,-4,sil
4.734252214431763,0,-1,-7,-14,3,-8,-14,-5,-19,-21,6,1,-4,-4,sil
4.734252214431763,1,2,1,-12,0,-13,-18,0,3,-13,11,4,-3,-5,sil
4.7502641677856445,3,15,8,0,5,-9,-8,0,6,-8,9,2,-4,-10,sil
4.7502641677856445,0,16,-6,16,14,0,-1,1,-9,-7,9,-4,-4,-8,sil
4.766346454620361,0,16,1,21,11,9,-10,7,-17,-8,7,-6,-5,-1,sil
4.766346454620361,-7,8,-1,11,6,14,-13,0,-7,0,-6,-15,-9,-6,sil
4.782347679138184,-8,-1,-2,5,9,16,8,1,0,8,-11,-17,-6,-5,sil
4.782347679138184,-6,-1,1,4,7,18,29,7,4,11,-1,-11,0,3,sil
4.797885417938232,-9,-4,-6,-1,0,11,21,0,3,6,-10,-17,-4,0,sil
4.813029527664185,-5,-10,-3,-5,-5,5,6,-2,3,2,-27,-13,-7,-1,sil
4.813029527664185,0,-8,-5,1,0,9,1,2,2,7,-20,-10,-2,1,sil
4.813029527664185,-8,-9,-8,-3,7,12,-4,0,-1,8,-15,-17,-4,-5,sil
4.828877210617065,-17,-13,-8,-12,2,6,-3,-8,3,15,-14,-17,-7,-8,sil
4.828877210617065,-10,-12,-15,-9,-8,0,8,-4,11,12,-10,-12,-4,0,sil
4.84496808052063,0,-8,-1,-5,-10,2,11,5,4,0,-7,-3,-4,0,sil
4.84496808052063,2,-4,2,-3,-2,4,12,4,6,11,5,3,3,2,sil
4.859623432159424,0,-3,0,-5,0,2,10,0,12,24,11,4,6,4,sil
4.87691593170166,-1,-4,-2,-4,-1,-4,4,0,3,5,0,3,-6,1,sil
4.877262353897095,8,0,-1,1,-2,-8,3,1,4,-1,3,15,-4,8,sil
4.877262353897095,21,8,14,1,2,0,1,2,14,9,16,23,17,15,sil
4.891321182250977,10,2,1,-2,3,0,-8,-2,5,-1,6,6,18,0,sil
4.891321182250977,-1,-4,-9,-8,-8,-9,-14,-5,-7,-18,-6,0,4,-5,sil
4.906876564025879,5,0,3,-7,-12,-10,-7,1,1,-9,5,11,15,6,sil
4.921314477920532,6,0,1,-1,-1,-10,0,0,10,0,17,8,23,2,sil
4.921314477920532,-7,0,-1,-10,-4,-18,-3,-3,-3,-14,1,0,1,-9,sil
4.93707275390625,-3,6,-6,-12,-9,-18,-6,0,-10,-16,-1,9,-3,-2,sil
4.93707275390625,16,13,7,9,5,-7,0,8,-2,-1,19,23,13,17,sil
4.953980207443237,15,14,20,17,11,0,1,4,-4,1,23,19,9,16,sil
4.953980207443237,-5,3,-4,3,-2,-3,-4,-5,-13,-11,0,-1,-14,-6,sil
4.953980207443237,-7,3,-3,3,-1,0,0,-4,-5,-10,-5,-7,-29,-12,sil
4.970638275146484,6,17,11,19,10,7,7,1,5,1,8,-1,-18,0,sil
4.970638275146484,5,13,8,17,4,4,0,1,-6,-7,2,-1,-12,-5,sil
4.984323501586914,-13,-8,2,0,-2,-2,-10,-4,-19,-15,-19,-8,-19,-17,sil
4.999918699264526,-19,-13,-9,-4,5,1,-12,-9,-13,-3,-22,-20,-12,-16,sil
4.999918699264526,0,4,7,8,12,8,-10,-2,-6,0,-6,-8,2,0,sil
5.015345811843872,16,13,18,19,12,9,-2,2,-1,5,9,14,13,11,sil
5.015345811843872,2,-6,-5,-1,0,8,-4,0,-3,6,7,3,11,0,sil
5.032393932342529,-16,-19,-11,-19,-16,8,-15,0,-15,-14,-7,-19,0,-13,sil
5.032393932342529,-9,-3,-2,-1,-4,8,-5,2,-5,-9,-10,-13,0,-1,sil
5.032393932342529,2,3,9,6,11,9,13,4,19,26,-3,2,8,10,sil
5.047083854675293,0,-5,0,-2,7,8,14,4,22,30,0,0,10,6,sil
5.062113761901856,-3,-8,-13,-2,-3,1,5,3,9,10,-5,-10,3,2,sil
5.062113761901856,-1,-3,-2,-6,-11,-2,4,1,0,1,-11,-6,-4,1,sil
5.078199625015259,-1,-6,-7,-7,-9,-2,14,-3,0,0,-5,0,-4,1,sil
5.078199625015259,-2,-8,-5,-2,-1,0,22,-1,0,0,-9,-4,-3,2,sil
5.094287633895874,-4,-7,-4,-3,2,3,22,0,7,4,-15,-9,-11,-1,sil
5.094287633895874,4,-1,-6,0,9,7,19,0,18,11,4,0,-1,1,sil
5.109957456588745,15,7,3,11,8,7,9,4,23,17,20,13,16,12,sil
5.109957456588745,0,2,-11,9,-4,-4,-8,5,11,13,2,1,11,6,sil
5.125039339065552,-7,-2,-11,-5,-8,-12,-20,-1,-4,1,0,-2,7,3,sil
5.125039339065552,8,2,5,-10,1,-5,-17,-6,1,5,22,16,26,17,sil
5.140317678451538,10,0,4,-11,-3,-15,-18,-9,0,0,18,13,21,9,sil
5.140317678451538,-2,-7,6,-21,-21,-32,-24,-6,-16,-25,-3,0,-9,-13,sil
5.15606427192688,-4,-1,-2,-26,-16,-20,-12,0,-12,-24,0,5,-13,-16,sil
5.15606427192688,1,6,0,-15,0,-3,6,3,2,-7,10,13,-9,-8,sil
5.1720380783081055,5,8,17,-6,7,0,12,4,6,-11,6,10,-23,-11,sil
5.1720380783081055,5,7,9,-3,3,3,7,8,7,-17,-2,4,-35,-13,sil
5.18700098991394,0,12,3,6,0,6,3,7,-7,-18,-12,0,-35,-9,sil
5.18700098991394,-4,6,0,19,0,-2,-3,-9,-31,-23,-11,-13,-25,-12,sil
5.202366828918457,-3,-1,0,20,0,0,-7,-10,-29,-11,-1,-14,-1,-10,sil
5.202366828918457,0,0,7,21,6,18,-1,1,-10,7,3,-6,14,0,sil
5.217881202697754,-7,0,0,26,15,17,-4,-3,-5,7,-1,-17,5,-2,sil
5.217881202697754,-6,0,6,28,16,10,-8,-5,-13,1,-6,-15,1,-2,sil
5.233991384506226,14,14,10,37,14,19,14,7,8,20,7,9,30,25,sil
5.233991384506226,21,12,7,30,5,13,21,7,33,35,15,17,45,44,sil
5.249003410339356,1,-7,4,-2,-5,-4,-1,-2,19,31,2,8,30,26,sil
5.249003410339356,-6,-17,-12,-20,-2,-1,-1,-2,4,27,-4,3,21,11,sil
5.265040636062622,-5,-15,-13,-23,1,8,11,0,6,10,-13,-4,12,2,sil
5.265040636062622,-15,-11,-17,-23,-1,-1,5,-1,4,-10,-25,-22,-1,-13,sil
5.280916452407837,-11,-7,-21,-20,0,-12,2,1,2,-15,-16,-17,-11,-14,thankyou
5.280916452407837,6,-4,-4,-17,-3,-8,5,4,8,-8,3,12,-11,0,thankyou
5.296136379241943,10,-5,0,-20,-13,-5,-1,3,7,-7,9,21,-2,5,thankyou
5.296136379241943,1,-2,6,-24,-12,-10,-10,5,2,-6,6,15,-4,-2,thankyou
5.311591625213623,-4,-1,0,-21,-7,-12,-14,0,-6,-6,9,9,-14,-15,thankyou
5.311591625213623,-14,-3,-7,-12,-5,-11,-20,-11,-28,-16,11,-1,-17,-32,thankyou
5.327171325683594,-19,6,4,2,0,-6,-22,-6,-28,-23,7,-11,-18,-35,thankyou
5.327171325683594,-7,19,2,18,7,-1,-10,0,-2,-17,1,-8,-22,-17,thankyou
5.343080520629883,8,23,11,19,5,1,0,4,0,-9,2,1,-16,2,thankyou
5.343080520629883,11,18,19,19,4,12,9,5,-7,8,8,8,0,14,thankyou
5.357923984527588,8,6,9,23,2,20,25,3,7,34,1,8,8,20,thankyou
5.357923984527588,3,-8,5,11,-4,15,25,-1,20,23,-16,-2,1,19,thankyou
5.373271226882935,-5,-17,-11,-6,-6,0,2,-4,11,1,-25,-27,-3,4,thankyou
5.373271226882935,0,-9,-8,-8,-4,-11,-8,0,5,4,-20,-30,0,-4,thankyou
5.3892903327941895,9,-2,0,1,0,-5,2,2,13,8,-9,-11,5,0,thankyou
5.3892903327941895,16,-1,-3,8,2,-3,1,-3,11,-5,0,0,8,10,thankyou
5.40532660484314,22,2,8,3,3,-9,-9,-2,0,-3,12,15,16,14,thankyou
5.40532660484314,14,0,3,-2,1,-5,0,1,4,14,33,30,32,10,thankyou
5.420851945877075,1,-3,0,-6,-4,3,7,2,4,5,36,28,29,0,thankyou
5.420851945877075,2,3,5,0,0,8,0,0,-8,-11,24,17,8,-8,thankyou
5.436376094818115,0,7,0,5,12,6,0,-4,-14,-12,13,3,-5,-8,thankyou
5.436376094818115,-15,1,-1,0,7,0,1,-3,-20,-17,-3,-7,-13,-9,thankyou
5.451857566833496,-25,-2,-12,-1,-4,-2,-3,-1,-31,-22,-22,-18,-24,-12,thankyou
5.451857566833496,-17,-1,-8,9,1,8,2,0,-27,-10,-25,-15,-21,-1,thankyou
5.467101097106934,-8,0,3,19,13,18,11,1,-5,9,-19,-5,-3,11,thankyou
5.467101097106934,-16,-11,-12,3,9,9,5,1,9,17,-21,-11,-5,0,thankyou
5.482610940933228,-23,-20,-16,-17,0,0,-3,5,18,12,-27,-24,-18,-13,thankyou
5.482610940933228,-10,-7,-13,-9,0,3,0,4,29,16,-14,-17,-5,-2,thankyou
5.4992148876190186,7,1,-3,-2,0,0,2,1,27,16,0,0,10,7,thankyou
5.4992148876190186,11,-4,6,-18,-11,-10,-8,-1,8,-7,-4,5,2,3,thankyou
5.514359474182129,8,-4,0,-22,-20,-19,-21,0,-3,-24,-3,7,3,4,thankyou
5.514359474182129,16,4,10,-13,-11,-10,-15,2,-4,-11,21,28,22,13,thankyou
5.52890682220459,19,8,9,-8,0,-7,1,0,1,7,40,36,26,12,thankyou
5.529908418655396,10,7,4,0,-1,-14,0,-6,0,8,26,16,6,0,thankyou
5.544365882873535,0,6,14,3,-5,-1,-6,-2,-5,4,7,-1,-6,-9,thankyou
5.560495376586914,1,11,10,9,3,9,4,2,0,9,11,-1,0,-2,thankyou
5.560495376586914,6,21,16,19,9,0,4,3,4,3,18,11,5,7,thankyou
5.560495376586914,0,18,10,22,7,-2,-3,0,-2,-7,8,3,-1,-3,thankyou
5.575307607650757,-13,2,-3,10,0,0,1,-1,-9,-10,-15,-21,-21,-25,thankyou
5.590956449508667,-7,-1,0,6,-7,0,3,-1,-11,-15,-22,-22,-25,-19,thankyou
5.590956449508667,9,-2,-3,3,-2,1,-1,-3,-7,-15,-10,-8,-4,0,thankyou
5.606034755706787,9,-3,-1,-5,2,5,0,0,0,-2,-10,-3,4,7,thankyou
5.606034755706787,1,0,-3,-1,0,6,4,4,5,4,-12,-1,0,9,thankyou
5.62120795249939,3,-3,-9,-2,-1,7,1,3,1,3,6,6,9,14,thankyou
5.62120795249939,7,-9,0,-9,3,9,3,2,1,7,15,9,14,9,thankyou
5.637293577194214,0,-3,-7,1,2,2,4,-1,3,8,0,0,1,-3,thankyou
5.637293577194214,-3,0,-5,7,-1,1,-1,-2,-7,3,-5,-7,-8,-4,thankyou
5.652462959289551,0,-4,-2,2,2,2,-6,-1,-16,0,-2,-6,-4,0,thankyou
5.652462959289551,-8,-9,-5,0,4,-11,-8,-3,-10,-4,-7,-6,0,-7,thankyou
5.66761326789856,-18,-6,0,-6,-2,-13,-4,-1,-5,-8,-7,2,0,-6,thankyou
5.66761326789856,-8,-5,-10,-3,-5,2,3,0,2,0,0,7,3,5,thankyou
5.682935953140259,-7,-6,-8,3,0,5,0,0,3,-2,-8,-5,0,2,thankyou
5.682935953140259,-24,-10,-3,-4,7,2,1,-1,-4,-1,-15,-19,-12,-14,thankyou
5.698996543884277,-22,-9,-9,-15,10,6,14,3,-2,9,-7,-16,-15,-14,thankyou
5.698996543884277,0,3,0,-5,3,6,16,4,11,12,0,1,-3,4,thankyou
5.71429443359375,7,15,4,8,1,3,11,0,19,9,12,16,9,12,sil
5.71429443359375,11,7,8,5,4,7,9,0,11,11,21,16,13,9,sil
5.730034112930298,11,0,6,-1,1,6,0,2,6,10,10,4,5,9,sil
5.730034112930298,5,-5,-1,-1,-3,-5,-5,-1,10,2,-1,-3,-1,3,sil
5.745181322097778,7,0,9,0,-4,-11,-4,-1,11,2,-2,1,0,-2,sil
5.745181322097778,9,5,1,3,-4,-7,0,1,7,5,-3,0,0,-1,sil
5.760882616043091,13,7,1,8,-3,-4,1,1,8,0,0,0,0,9,sil
5.776999473571777,16,8,13,6,-4,0,0,0,14,-2,12,13,13,18,sil
5.776999473571777,4,1,2,-5,-7,-2,-3,0,11,2,15,15,20,12,sil
5.777469635009766,3,0,3,-13,-7,-12,-4,1,6,0,11,12,11,4,sil
5.792903184890747,14,2,0,-13,-4,-20,-6,-1,0,-11,13,11,7,0,sil
5.792903184890747,0,1,-5,-15,-6,-24,-24,-6,-25,-27,7,1,0,-14,sil
5.80832314491272,-15,1,0,-9,-3,-11,-31,-4,-46,-40,-8,-6,-21,-23,sil
5.80832314491272,-4,11,0,8,1,5,-9,-3,-35,-33,-23,-10,-27,-16,sil
5.824400663375855,0,13,6,12,2,16,6,0,-27,-16,-22,-14,-17,-10,sil
5.824400663375855,-21,-1,-1,0,1,15,3,0,-23,0,-5,-19,-11,-13,sil
5.840137720108032,-27,-17,-16,-7,0,9,-2,-1,-18,-5,-13,-24,-17,-15,sil
5.840137720108032,-9,-10,-10,5,-2,16,1,1,-11,-9,-24,-15,-13,-6,sil
5.856209754943848,4,2,-3,27,4,22,10,2,6,16,0,1,5,10,sil
5.856209754943848,9,0,7,25,10,14,13,2,24,38,9,5,13,19,sil
5.872187376022339,9,-11,4,9,11,4,12,5,29,36,-6,-2,10,9,sil
5.872187376022339,7,-12,-2,-8,8,0,5,2,29,30,4,8,16,4,sil
5.887294054031372,5,-5,2,-16,5,-7,-4,-1,23,18,22,25,22,10,sil
5.887294054031372,11,3,1,-6,4,-20,-10,-4,9,0,17,18,16,7,sil
5.902574300765991,14,12,14,-3,0,-22,-15,-4,-7,-12,13,20,5,0,sil
5.902574300765991,5,10,12,-8,-8,-8,-15,0,-15,-13,18,19,-2,0,sil
5.918209791183472,-1,9,0,9,1,5,0,2,-8,0,11,0,-8,1,sil
5.918209791183472,-4,19,5,33,18,12,12,4,-2,6,-3,-4,-9,0,sil
5.933705806732178,-10,11,-7,20,8,10,17,0,0,3,-7,-2,-5,0,sil
5.933705806732178,-17,-9,-12,-7,-9,8,24,3,8,10,-5,-18,-7,0,sil
5.949643850326538,-23,-15,-13,-17,-8,7,30,6,11,8,-18,-35,-14,-7,sil
5.949643850326538,-24,-23,-26,-20,-9,0,18,-2,4,-14,-38,-34,-17,-11,sil
5.965338468551636,-18,-31,-16,-26,-19,-1,4,-6,4,-17,-34,-17,-13,-3,sil
5.965338468551636,-3,-14,-9,-11,-5,2,5,1,24,8,-4,0,10,6,sil
5.980970144271851,16,11,3,7,10,0,6,9,40,15,20,13,36,17,sil
5.980970144271851,24,19,14,11,3,-6,0,7,34,10,28,21,33,15,sil
5.996155500411987,16,7,3,4,-8,-11,-12,0,11,5,17,11,13,0,sil
5.996155500411987,11,0,5,-3,-10,-15,-22,-4,-7,-7,5,7,0,-2,sil
6.012227296829224,7,0,4,-5,-2,-17,-19,-8,-22,-20,9,12,-2,1,sil
6.012227296829224,0,0,4,-9,0,-12,-16,-9,-37,-22,6,6,-9,-12,sil
6.03522539138794,-5,-4,2,-12,-7,-7,-22,-4,-42,-21,-11,-7,-23,-25,sil
6.036226272583008,-7,-7,-6,-15,-16,-7,-21,0,-40,-30,-20,-12,-34,-20,sil
6.036226272583008,-5,-4,5,-14,-3,-1,-11,0,-40,-31,-14,-5,-27,-13,sil
6.043354034423828,2,6,8,2,13,2,-5,-6,-26,-6,0,0,-4,-4,sil
6.059344291687012,14,23,12,22,11,1,-8,-4,-6,9,16,14,11,12,sil
6.059344291687012,21,26,25,24,6,9,-6,5,0,10,22,27,17,21,sil
6.0748724937438965,18,9,15,20,9,16,8,3,1,20,14,19,14,13,sil
6.0748724937438965,11,1,11,15,8,17,19,1,5,20,4,5,3,7,sil
6.090849161148071,1,0,0,9,11,20,16,0,9,6,0,-3,1,1,sil
6.090849161148071,-7,-7,-4,6,12,16,12,1,12,8,0,-7,10,0,sil
6.1060075759887695,-11,-3,-2,9,12,11,14,2,14,19,0,-3,10,5,sil
6.1060075759887695,-17,-1,-19,9,11,8,4,1,11,10,-14,-17,-3,0,sil
6.121274471282959,-23,-13,-16,-5,-2,0,-3,1,6,-1,-30,-32,-16,-9,sil
6.121274471282959,-18,-16,-12,-8,-15,-1,9,2,25,14,-18,-24,-4,0,sil
6.13724160194397,-8,-9,-20,-1,-9,1,19,8,48,30,-3,-2,12,15,sil
6.13724160194397,-10,-11,-18,-13,-9,-4,13,11,45,20,0,4,11,12,sil
6.152866125106812,-15,-22,-23,-32,-21,-18,6,-1,21,1,-4,-7,0,0,sil
6.153867483139038,-2,-21,-7,-32,-20,-22,-2,-6,-1,-18,-18,-7,-12,-8,sil
6.168917179107666,12,-1,6,-16,-11,-20,-12,-1,-15,-36,-7,10,-8,-10,sil
6.168917179107666,13,16,7,-8,-7,-19,-18,-6,-28,-36,21,22,3,-8,sil
6.184356451034546,13,22,10,-3,-1,-15,-16,-5,-28,-19,28,19,2,-5,sil
6.184356451034546,19,18,8,5,3,-6,-3,1,-13,-7,21,7,-1,-5,sil
6.199610471725464,13,12,18,11,6,2,1,5,-10,-8,16,4,0,-4,sil
6.216198682785034,5,16,21,21,16,7,-5,0,-12,-3,15,6,5,-1,sil
6.216198682785034,9,24,16,31,20,9,-7,-4,-6,10,14,3,4,2,sil
6.216198682785034,8,14,17,22,10,14,1,-1,-7,11,6,4,2,7,sil
6.23040246963501,-5,-5,-7,9,7,14,3,-1,-4,6,-4,-2,-2,1,sil
6.23040246963501,-20,-12,-16,3,7,9,-1,-2,-5,0,-20,-16,-20,-9,sil
6.246031284332275,-24,-11,-10,0,1,5,0,-2,-8,-2,-28,-16,-22,-12,sil
6.261330604553223,-11,-8,-8,-1,2,5,13,-2,4,5,-14,-9,0,0,sil
6.261330604553223,3,-5,3,-3,5,5,15,0,13,16,-2,-2,11,10,sil
6.279076099395752,2,-9,-2,0,0,2,4,2,8,20,-1,0,12,9,sil
6.279076099395752,0,-7,-1,2,-3,0,-1,4,11,19,3,5,14,8,sil
6.293493032455444,0,-3,1,-2,-5,-7,-5,0,17,13,8,9,14,12,sil
6.293493032455444,0,-11,-7,-17,-14,-16,-14,-5,1,-4,1,7,4,4,sil
6.309525489807129,7,-10,2,-18,-20,-14,-17,-1,-12,-20,-2,5,-1,-6,sil
6.309525489807129,13,1,3,-8,-8,-4,-9,2,-12,-18,3,4,0,-2,sil
6.324166297912598,7,1,1,-11,0,-5,-13,3,-19,-18,2,5,-3,0,sil
6.324166297912598,1,-5,0,-14,-5,-9,-22,0,-25,-26,-2,0,-15,-9,sil
6.340917348861694,1,0,-1,-1,-5,1,-6,-1,-11,-20,0,-5,-14,-13,sil
6.340917348861694,1,14,13,11,7,21,17,7,5,0,0,-6,-5,0,sil
6.340917348861694,1,13,10,11,9,21,27,12,17,20,0,-10,-1,6,sil
6.3553853034973145,0,6,3,8,3,7,21,4,18,24,0,-7,0,3,sil
6.37090802192688,-16,0,-6,9,2,6,18,-4,5,7,-4,-14,-6,-4,sil
6.37090802192688,-32,-10,-29,0,0,13,26,-5,7,0,-23,-34,-10,-10,sil
6.386980056762695,-16,-11,-15,-11,0,12,32,3,34,13,-33,-25,-4,-1,sil
6.386980056762695,1,-6,-5,-8,0,0,19,2,48,25,-11,0,8,12,sil
6.402276039123535,4,-3,-8,-8,0,-17,-3,-4,27,13,10,13,18,16,sil
6.402276039123535,13,8,4,-11,0,-23,-18,-3,0,-3,21,33,23,12,sil
6.418284177780151,17,12,3,-1,-3,-21,-26,-3,-19,-14,23,33,14,1,sil
6.418284177780151,7,0,3,-5,-12,-19,-35,-5,-32,-26,17,16,-1,-13,sil
6.434048175811768,4,1,11,-5,-4,-11,-28,-4,-20,-19,14,10,0,-13,sil
6.434048175811768,7,13,21,15,9,-6,-13,2,-7,-1,15,16,11,0,sil
6.449207544326782,8,13,21,26,7,-8,-8,4,-8,2,14,22,7,6,sil
6.449207544326782,14,10,5,20,5,-4,-8,-4,-17,-3,11,14,-4,2,sil
6.464579343795776,8,3,8,10,3,5,-10,-6,-30,-13,0,-4,-14,0,sil
6.464579343795776,-12,-11,-1,0,0,8,-13,0,-29,-11,-13,-18,-17,-7,sil
6.479621171951294,-12,-9,-11,0,4,9,-3,2,-9,-4,-17,-18,-18,-10,sil
6.479621171951294,0,7,2,14,12,17,17,2,5,1,-9,-14,-10,-3,sil
6.49516749382019,0,8,-6,16,12,17,27,1,12,12,3,-13,6,1,sil
6.49516749382019,0,0,-9,8,8,8,19,5,15,13,5,-8,13,5,sil
6.51121997833252,-2,-3,-4,5,0,5,18,2,7,0,-1,-8,1,0,sil
6.51121997833252,-20,-11,-8,-4,-11,4,13,-4,-4,3,-11,-15,-6,-9,sil
6.526216983795166,-19,-12,-3,-10,-4,6,1,0,-3,15,-14,-14,-3,-4,sil
6.526216983795166,-3,-6,-10,-1,4,7,-1,4,6,15,-3,-5,0,8,sil
6.541970729827881,-4,-11,-5,-4,-7,1,3,0,6,7,5,2,0,7,sil
6.541970729827881,-11,-16,-1,-20,-18,0,5,-3,12,5,-2,-3,0,-1,sil
6.557479381561279,-5,-8,-11,-24,-7,4,13,2,31,9,-16,-8,1,-1,sil
6.557479381561279,2,0,-3,-18,0,2,11,6,31,11,-12,6,7,6,sil
6.57331395149231,4,-7,-4,-16,-5,-14,-6,-2,3,1,-1,10,6,6,sil
6.57331395149231,0,-11,-4,-28,-13,-26,-28,-5,-22,-27,-5,3,-8,-7,sil
6.5884668827056885,0,2,4,-26,-8,-20,-27,3,-17,-32,1,8,-5,-12,sil
6.5884668827056885,13,21,10,-1,5,-8,-9,5,0,-5,20,11,11,-1,sil
6.604062557220459,22,28,24,21,15,0,-4,0,1,6,10,11,1,3,sil
6.604062557220459,14,22,18,33,14,5,-3,-2,0,-3,-5,4,-14,3,sil
6.620112180709839,13,14,11,33,6,6,4,0,4,0,0,0,-2,5,sil
6.620112180709839,9,3,7,19,0,8,8,1,-4,10,3,-2,5,8,sil
6.6362080574035645,-3,-7,-7,5,-2,10,4,-4,-10,5,-8,-5,-3,7,sil
6.6362080574035645,-1,-11,-1,1,0,10,9,-5,0,-3,-16,-4,-7,6,sil
6.650747299194336,1,-15,-7,-5,-1,5,16,-5,6,1,-11,-4,0,4,sil
6.650747299194336,-5,-18,-15,-25,-12,-6,9,-1,0,2,-3,-6,0,0,sil
6.666318416595459,-4,-9,-6,-26,-10,-10,1,4,4,-4,8,8,5,0,sil
6.666318416595459,1,0,-2,-5,0,-10,-1,1,10,-1,23,22,17,2,sil
6.682177305221558,0,2,7,-5,0,-11,-10,-3,-4,-4,27,17,10,0,sil
6.682177305221558,-1,11,1,-10,0,-9,-14,-1,-14,-13,25,9,10,-8,sil
6.697876930236816,2,12,3,5,7,-8,-8,4,-4,-8,21,12,18,-8,sil
6.697876930236816,1,10,11,21,8,-6,-9,3,-1,0,12,5,6,-5,sil
6.712952613830566,-4,10,-4,27,9,2,-9,-1,-7,1,0,-7,-6,-6,sil
6.712952613830566,-4,7,0,22,8,9,-3,0,-6,1,-5,-2,0,-2,sil
6.7290332317352295,0,2,5,14,3,4,-2,0,0,14,3,2,9,3,sil
6.7290332317352295,0,0,0,14,0,2,-6,-3,-8,12,5,-2,2,4,sil
6.744637727737427,-14,-3,-9,9,-3,2,-9,-6,-24,-13,-16,-14,-18,-9,sil
6.744637727737427,-22,-6,-22,-8,-7,0,-5,-5,-20,-24,-28,-27,-29,-26,sil
6.760165214538574,-6,1,-1,-5,0,12,6,5,3,4,-6,-14,-12,-12,sil
6.760165214538574,7,5,12,17,9,16,14,10,14,29,6,0,-1,4,sil
6.77624249458313,2,1,0,15,6,4,9,0,2,12,-23,-17,-24,-4,sil
6.77624249458313,0,1,0,-4,3,9,15,0,4,-1,-38,-20,-28,-3,sil
6.792214870452881,10,-3,1,-8,1,16,29,5,22,9,-1,0,9,20,sil
6.792214870452881,13,-10,2,-8,-8,5,22,4,24,11,12,10,23,26,sil
6.807141780853272,-6,-13,-5,-18,-13,-3,6,-1,9,-4,-16,-6,-5,1,sil
6.822484016418457,-22,-21,-18,-33,-14,-7,-7,-5,-10,-17,-38,-29,-27,-20,sil
6.822484016418457,-8,-12,-3,-27,-11,-4,-12,-1,-13,-11,-21,-14,-11,-7,sil
6.822484016418457,17,10,5,7,3,-1,-2,3,8,11,18,23,24,23,sil
6.839268207550049,24,11,13,18,9,-7,-5,5,8,14,36,32,34,27,sil
6.839268207550049,2,-12,-1,-22,-1,-9,-8,0,0,-2,15,13,15,8,sil
6.854357004165649,-15,-28,-18,-60,-4,-9,5,-1,14,-3,0,1,5,0,sil
6.855356216430664,-12,-17,-2,-45,0,-16,2,1,16,-3,3,0,3,-2,sil
6.869963884353638,-4,0,0,-5,4,-10,-4,-1,0,-12,-4,-4,-5,-8,sil
6.869963884353638,0,6,1,1,0,6,7,-2,0,-11,-10,-1,-10,-3,sil
6.884992837905884,6,4,12,2,-5,10,5,0,9,6,15,6,5,0,sil
6.9009199142456055,9,15,10,36,-1,2,-11,-1,11,15,36,18,21,-2,thankyou
6.901920557022095,8,31,20,57,9,5,-8,-2,2,5,21,31,17,0,thankyou
6.901920557022095,5,23,13,36,13,2,0,-8,-7,0,1,18,7,0,thankyou
6.916016578674316,2,7,3,20,3,-7,-8,-6,-13,-1,-5,-3,-5,-8,thankyou
6.931586980819702,5,7,2,26,-2,-7,-10,4,-10,-8,-5,-6,-11,-4,thankyou
6.931586980819702,13,6,-2,14,-6,-6,-4,1,-7,-5,0,0,-4,3,thankyou
6.931586980819702,8,1,3,-5,-9,-11,-7,-2,-20,-14,0,0,-7,1,thankyou
6.948899030685425,-6,-2,-3,-3,-6,-2,-12,-2,-39,-39,-7,-3,-16,-2,thankyou
6.948899030685425,-5,-6,-4,3,-3,8,-12,-1,-47,-40,-9,-3,-13,-4,thankyou
6.962925672531128,-3,0,3,4,-4,5,-4,1,-34,-7,2,3,-1,-10,thankyou
6.97806715965271,-13,1,-11,4,-1,0,1,5,0,24,20,1,9,-15,thankyou
6.97806715965271,-5,-6,-5,-5,0,4,-2,6,31,37,20,0,14,0,thankyou
6.993198156356812,16,-6,5,-8,7,3,0,8,36,40,14,5,22,21,thankyou
6.993198156356812,13,0,4,-1,9,1,13,8,26,32,14,5,25,26,thankyou
7.008864164352417,-9,-8,-7,-15,0,4,22,-1,11,8,3,-5,5,9,thankyou
7.008864164352417,-17,-14,-23,-26,0,2,15,-6,3,-8,-11,-16,-14,-2,thankyou
7.024940013885498,-7,-4,-8,-12,8,5,10,2,11,0,-11,-12,-11,-1,thankyou
7.024940013885498,-10,-1,-9,-8,8,13,14,5,28,16,-9,-13,-7,-9,thankyou
7.040085315704346,-20,-9,-19,-22,2,4,14,1,27,2,-22,-22,-24,-20,thankyou
7.040085315704346,-15,-9,-6,-16,0,-6,5,0,12,-7,-34,-20,-34,-11,thankyou
7.055249214172363,-2,-8,-4,-4,-1,-3,0,-7,-7,-4,-36,-19,-23,0,thankyou
7.055249214172363,2,0,2,-10,0,0,-5,-13,-31,-19,-37,-16,-17,-3,thankyou
7.071319341659546,10,13,11,11,7,-1,-12,-7,-37,-28,-21,-3,-9,0,thankyou
7.071319341659546,16,15,9,46,12,-2,-10,1,-24,-11,2,10,8,6,thankyou
7.086991310119629,12,13,16,27,6,1,-2,6,-9,-4,6,9,13,5,thankyou
7.086991310119629,8,8,3,-6,-1,2,2,3,3,-13,-6,-7,-3,-1,thankyou
7.102473497390747,1,-2,-4,0,-5,0,0,2,4,-18,-15,-16,-13,-9,thankyou
7.102473497390747,-6,2,1,15,-9,-1,-2,-1,-1,-13,-12,-11,-3,-14,thankyou
7.118565559387207,0,9,12,-7,-11,-2,-4,-5,2,2,-2,-1,5,-5,thankyou
7.118565559387207,0,-6,9,-23,-3,0,-1,0,13,17,24,20,18,5,thankyou
7.134352922439575,-12,-17,-5,0,4,4,5,0,17,30,60,44,36,14,thankyou
7.134352922439575,1,2,16,14,0,3,5,-1,17,35,65,52,39,26,thankyou
7.150253534317017,12,4,17,1,-12,2,0,-2,12,25,36,33,23,22,thankyou
7.150253534317017,0,-14,-12,-10,-16,-3,-5,1,-1,6,9,10,7,6,thankyou
7.165364027023315,0,-8,0,-12,-13,-14,-8,7,-8,-3,10,17,6,6,thankyou
7.165364027023315,12,4,5,-1,-6,-15,-6,4,0,0,21,24,16,16,thankyou
7.180917739868164,13,0,-1,0,-6,-7,-10,0,-1,-6,14,7,9,9,thankyou
7.180917739868164,7,-1,-4,-8,-7,-3,-15,0,-16,-26,-3,-3,-6,-9,thankyou
7.1959991455078125,-1,0,-13,-7,-1,-8,-8,0,-14,-28,-15,-7,-12,-15,thankyou
7.1959991455078125,-6,-3,-7,0,4,-7,0,-1,0,-11,-20,-14,-15,-5,thankyou
7.211289405822754,-3,-5,-5,0,8,0,3,0,0,-4,-23,-23,-16,-8,thankyou
7.211289405822754,-2,0,-7,0,10,6,9,0,-8,-8,-21,-20,-17,-21,thankyou
7.226987361907959,-3,6,-1,6,13,10,11,1,-2,6,-9,-13,-12,-15,thankyou
7.226987361907959,0,9,0,13,18,5,8,0,13,23,0,-13,-2,-4,thankyou
7.242389917373657,0,12,6,18,19,0,7,1,9,8,-8,-14,-2,-2,thankyou
7.242389917373657,0,10,-2,19,10,4,10,-1,-1,-7,-15,-17,-5,0,thankyou
7.257903575897217,-4,3,-2,5,2,6,0,-6,-8,-5,-18,-18,-8,-1,thankyou
7.257903575897217,-8,2,4,0,6,8,-8,0,-9,-3,-13,-10,-8,-11,thankyou
7.273290157318115,-2,8,-3,7,9,9,2,2,2,6,5,1,4,-5,thankyou
7.273290157318115,2,7,3,9,3,2,5,0,10,14,16,8,10,9,thankyou
7.289231061935425,-4,0,1,3,-3,-4,-8,-3,0,4,8,6,0,12,thankyou
7.289231061935425,-3,-4,2,0,-5,1,-8,2,-6,2,3,7,-5,13,thankyou
7.305338382720947,2,-3,7,-7,-5,12,5,1,3,8,3,8,-4,9,thankyou
7.305338382720947,-10,-16,-15,-16,-15,1,6,-6,4,-4,-11,-9,-15,-7,thankyou
7.321058988571167,-17,-23,-13,-21,-20,0,0,-3,-6,-12,-25,-12,-16,-10,thankyou
7.321058988571167,-1,-8,-1,-13,-4,11,5,2,0,11,-10,4,5,7,thankyou
7.337384223937988,8,0,-2,-1,5,3,6,3,12,17,12,11,19,15,thankyou
7.337384223937988,6,-10,0,-4,-6,-11,4,6,17,4,11,10,14,13,thankyou
7.352449178695679,11,-10,0,-14,-13,-14,5,2,15,0,0,7,13,13,thankyou
7.352449178695679,16,1,9,-18,-11,-18,-8,0,0,-14,0,15,21,8,thankyou
7.367974758148193,17,7,8,-15,-10,-27,-27,-1,-10,-22,21,24,26,2,sil
7.367974758148193,17,11,7,-10,-8,-27,-31,-5,-18,-18,28,15,10,-7,sil
7.383524179458618,8,20,21,7,2,-10,-19,-4,-30,-23,14,2,-15,-20,sil
7.383524179458618,-5,11,1,22,20,14,3,0,-24,-19,3,-1,-16,-21,sil
7.398852825164795,-10,0,-7,13,23,28,18,6,-7,-4,-6,-10,-8,-12,sil
7.398852825164795,-10,0,0,11,6,16,16,1,-1,0,-13,-19,-16,-10,sil
7.41495418548584,-15,0,-3,22,0,0,12,-1,7,8,-11,-17,-25,-14,sil
7.41495418548584,-16,-6,-4,11,4,7,13,0,20,19,-12,-14,-15,-11,sil
7.430915832519531,-20,-13,-12,-5,3,17,13,-1,17,19,-14,-18,0,-3,sil
7.430915832519531,-23,-11,-8,0,0,11,4,-1,5,12,-8,-13,-1,0,sil
7.445927143096924,-7,1,-3,15,2,6,0,1,5,19,5,-3,0,6,sil
7.461711645126343,11,7,-5,5,0,0,0,2,11,14,6,-1,13,15,sil
7.461711645126343,6,0,3,-11,-8,-7,-5,-1,6,-6,-12,-1,9,12,sil
7.461711645126343,0,-5,1,-7,-4,-8,-12,-4,8,0,-9,3,4,11,sil
7.477000951766968,17,0,10,-9,-2,-12,-5,0,12,15,5,21,15,25,sil
7.477000951766968,26,5,13,-13,-5,-16,-3,3,6,2,3,32,23,26,sil
7.493046760559082,16,4,-3,0,-1,-15,-9,0,-5,-10,9,12,15,6,sil
7.493046760559082,10,0,5,2,-4,-8,-4,0,-10,-8,20,-2,5,-2,sil
7.509235858917236,13,0,4,-8,-4,0,10,1,-3,-5,12,4,3,0,sil
7.509235858917236,11,10,0,-4,9,5,12,0,4,-2,8,18,0,-2,sil
7.52326226234436,-3,11,2,-1,8,3,1,1,0,-7,9,15,-8,-10,sil
7.539020299911499,-12,6,-4,-3,-3,1,-6,0,-13,-17,1,6,-11,-16,sil
7.539020299911499,-7,10,0,1,3,7,-4,-1,-15,-10,1,2,-10,-9,sil
7.539020299911499,-15,6,-4,7,9,4,-4,-3,-9,-1,0,-14,-11,-11,sil
7.554003477096558,-16,0,-1,15,3,1,-14,-2,-9,-4,-7,-24,-10,-15,sil
7.5686726570129395,1,2,12,35,11,6,-15,-5,-15,4,5,-4,-1,0,sil
7.5686726570129395,3,-5,0,28,7,3,-5,-11,-18,18,7,-2,0,10,sil
7.585431575775146,-4,-17,-9,-3,-12,-1,5,0,-14,6,-18,-21,-9,1,sil
7.585431575775146,-5,-13,-16,-11,-7,2,14,7,0,-8,-29,-25,-12,-1,sil
7.585431575775146,-5,-11,-10,-1,1,4,14,3,8,-4,-21,-14,0,3,sil
7.600045919418335,-5,-11,-1,-4,-3,9,12,2,7,8,-14,-5,2,4,sil
7.615208387374878,-4,-14,-15,-14,-8,6,9,0,13,10,-9,-7,-1,-1,sil
7.615208387374878,-4,-15,-5,-25,-9,-10,-4,-4,14,-2,-1,0,1,-3,sil
7.630394458770752,2,-1,2,-19,-7,-6,-7,1,16,2,13,11,18,4,sil
7.630394458770752,10,8,2,-14,0,4,4,9,22,9,16,16,17,3,sil
7.646401166915893,3,7,15,-21,2,-7,5,6,21,-5,7,14,2,-8,sil
7.646401166915893,0,9,12,-8,0,-17,3,1,8,-13,10,7,-4,-10,sil
7.6619696617126465,1,13,12,12,1,0,1,1,-12,-11,7,0,-14,-7,sil
7.6619696617126465,0,7,6,6,5,8,0,1,-21,-8,0,0,-11,-6,sil
7.677461385726929,0,1,4,-1,6,5,-1,0,-14,0,-4,3,0,4,sil
7.677461385726929,2,6,15,20,6,10,5,-1,-10,5,-15,4,-2,11,sil
7.692991733551025,6,4,2,33,4,5,12,-2,-4,8,-14,2,-1,5,sil
7.692991733551025,-1,-6,-9,1,-2,-6,4,-1,0,10,-5,0,3,6,sil
7.708876371383667,-14,-13,-11,-18,-6,-1,-8,0,3,3,-5,-4,-1,7,sil
7.708876371383667,0,-7,-9,0,-7,-2,-8,0,15,1,0,0,5,10,sil
7.7242591381073,24,3,6,6,-11,-14,-12,1,23,11,16,17,24,23,sil
7.7242591381073,23,5,5,-3,-7,-13,-29,-6,14,11,26,24,25,21,sil
7.740375995635986,16,12,5,2,3,-9,-29,-7,-2,-3,25,19,11,0,sil
7.740375995635986,4,20,0,16,10,-9,-18,-4,-17,-14,17,7,0,-15,sil
7.756422758102417,-19,11,-15,9,14,-3,-11,-5,-25,-18,2,-12,-10,-28,sil
7.756422758102417,-26,3,-4,1,9,8,1,-1,-21,-17,-7,-20,-18,-29,sil
7.771865606307983,-17,0,-3,4,0,13,18,0,-8,-3,-17,-28,-18,-14,sil
7.771865606307983,-20,-13,-4,-4,-8,8,16,2,-7,1,-33,-36,-17,-7,sil
7.787414073944092,-12,-19,-6,-9,-12,10,22,8,5,10,-27,-28,-8,-7,sil
7.787414073944092,7,-13,-11,-3,-6,17,41,5,31,25,1,-5,9,6,sil
7.803435802459717,9,-10,1,-9,6,12,31,1,26,18,15,13,20,16,sil
7.803435802459717,3,-9,0,-14,10,-8,3,1,3,-2,13,14,16,10,sil
7.81907844543457,9,-1,3,-9,0,-14,-9,0,-6,-10,15,17,3,6,sil
7.81907844543457,17,13,17,-3,-4,0,-9,-1,-11,-9,20,26,0,5,sil
7.834782361984253,16,15,13,7,-1,0,-13,-1,-15,-7,14,20,-3,1,sil
7.834782361984253,4,7,13,16,1,-1,-21,0,-19,-10,-5,2,-17,-2,sil
7.85031533241272,-11,-3,-3,12,6,3,-22,-6,-25,-19,-23,-17,-28,-12,sil
7.85031533241272,-20,-7,-17,12,9,8,-6,-9,-21,-16,-27,-26,-25,-16,sil
7.866452217102051,-17,-4,-8,13,8,14,13,0,0,5,-23,-17,-11,-5,sil
7.866452217102051,-3,-3,-2,3,1,5,16,5,14,19,-12,-8,4,3,sil
7.882092714309692,13,-2,8,-3,-8,-10,3,4,17,10,0,2,12,11,sil
7.882092714309692,14,0,2,-3,-8,-4,2,3,29,15,5,9,22,29,sil
7.897106170654297,5,0,0,-8,-3,5,10,5,35,25,9,10,33,31,sil
7.897106170654297,-1,-4,4,-19,-6,-5,1,3,26,14,10,11,28,5,sil
7.91261625289917,-5,-9,-8,-18,-7,-18,-7,-1,19,3,10,3,13,-9,sil
7.91261625289917,-1,-5,-1,-14,-2,-8,-2,0,7,0,8,4,3,-6,sil
7.9277732372283936,1,1,6,-10,-3,-1,0,0,-1,-6,5,8,1,-12,sil
7.9277732372283936,1,6,2,-11,-8,-4,-5,0,-4,-12,3,5,0,-13,sil
7.942914247512817,3,10,2,-13,-6,-6,-4,-2,-12,-14,5,7,-5,-3,sil
7.942914247512817,2,7,-6,-10,-3,-11,-4,-8,-21,-23,0,6,-16,-11,sil
7.958136081695557,0,9,3,0,0,-16,-11,-3,-22,-23,-4,0,-24,-16,sil
7.958136081695557,2,19,10,22,12,-5,-9,2,-14,0,11,0,-9,-1,sil
7.974174499511719,1,18,1,31,18,4,-9,1,-13,5,12,-5,0,-1,sil
7.974174499511719,-1,7,5,18,7,6,-7,2,-18,-11,-6,-13,-11,-7,sil
7.989295721054077,0,0,2,6,-1,8,3,1,-11,-7,-5,-8,-8,2,sil
7.989295721054077,1,-6,-1,9,-1,11,7,-3,-6,13,0,0,2,8,sil
8.005318403244019,-6,-8,-9,14,7,15,5,-6,-17,10,-8,-3,-11,0,sil
8.005318403244019,-16,-7,-11,9,11,14,9,-7,-26,-8,-18,-17,-25,-6,sil
8.0214102268219,-13,-2,1,3,1,11,7,-1,-21,-16,-22,-23,-16,-9,sil
8.0214102268219,-3,0,-5,10,4,14,13,3,0,-1,-15,-14,-2,0,sil
8.044053792953491,4,0,-1,8,9,16,24,9,26,21,0,1,8,20,sil
8.045056104660034,1,-9,0,-8,-1,2,16,7,39,31,5,8,17,24,sil
8.045056104660034,-2,-18,-8,-9,-11,-10,4,3,38,25,6,8,20,13,sil
8.052155494689941,5,-9,4,2,-3,-5,6,2,40,14,10,12,20,12,sil
8.06788444519043,9,-5,3,1,0,0,5,-1,45,21,10,4,21,9,sil
8.06788444519043,-2,-19,-6,-16,-9,-6,-8,0,29,17,0,-3,13,0,sil
8.08310842514038,-8,-21,-9,-24,-18,-14,-16,0,1,-8,-6,-2,6,-2,sil
8.08310842514038,0,-9,-7,-23,-11,-17,-14,-6,-16,-25,-3,-3,5,-3,sil
8.0993332862854,11,-2,8,-26,-3,-10,-12,-4,-17,-15,4,7,1,-3,sil
8.1149160861969,11,3,0,-21,-3,-6,-11,0,-14,-8,10,12,2,-4,sil
8.1149160861969,1,8,0,-14,-7,-13,-19,-1,-23,-19,4,4,0,-11,sil
8.1149160861969,0,13,14,-7,-6,-8,-12,1,-23,-21,4,8,-5,-13,sil
8.1292405128479,7,19,7,5,5,5,5,2,-5,-5,16,17,-4,-7,sil
8.130240440368652,9,24,9,15,15,8,5,1,1,-2,19,17,-1,-4,sil
8.145905256271362,9,21,7,17,11,1,-11,-1,-3,-1,15,12,1,-3,sil
8.16185975074768,10,22,5,21,9,-1,-13,0,-2,11,13,8,2,2,sil
8.16185975074768,0,23,12,27,14,0,0,1,-1,8,8,0,0,4,sil
8.16185975074768,-7,12,3,26,8,2,5,-1,-7,-4,0,-8,-3,2,sil
8.176058292388916,-7,0,2,15,0,9,5,-3,-12,-6,-14,-13,-13,0,sil
8.191293239593506,-9,-6,-5,6,4,12,12,1,-8,4,-19,-16,-16,-3,sil
8.191293239593506,-10,-12,-5,3,2,10,18,8,0,6,-18,-15,-7,0,sil
8.207027673721313,-8,-15,4,-6,-9,6,14,3,1,-1,-26,-11,-9,2,sil
8.207027673721313,-15,-22,-12,-21,-15,-3,6,-6,-2,-9,-33,-20,-22,-7,sil
8.223020553588867,-19,-27,-16,-31,-15,-6,-2,-4,-9,-11,-28,-23,-24,-8,sil
8.223020553588867,-12,-20,-18,-21,-10,1,1,-1,-1,-4,-14,-16,-10,0,sil
8.23807668685913,0,-7,-13,-1,-3,-1,7,0,9,-1,-9,-8,-2,1,sil
8.23807668685913,5,1,6,8,0,-7,-3,7,8,1,-6,0,-2,0,sil
8.253562927246094,-1,0,0,2,1,1,-10,6,2,8,3,0,1,-6,sil
8.253562927246094,-1,0,-2,0,6,6,-2,0,-1,7,12,4,6,-5,sil
8.269609689712524,10,7,5,10,10,1,4,-2,6,3,25,15,15,6,sil
8.269609689712524,17,11,9,14,11,0,8,0,17,10,30,24,26,18,sil
8.28612995147705,16,15,16,15,11,3,10,2,15,18,23,27,27,20,sil
8.28612995147705,18,16,9,21,8,1,2,4,15,17,25,24,24,23,sil
8.301326036453247,19,9,7,11,5,2,-2,2,12,12,28,20,23,20,sil
8.301326036453247,4,-1,-3,-5,7,2,2,-3,0,8,7,3,10,3,sil
8.317047357559204,-15,-11,-20,-14,0,-3,-2,-6,-9,-2,-16,-21,-9,-15,sil
8.317047357559204,-17,-16,-12,-24,-14,-5,-15,-1,-3,-11,-22,-25,-11,-21,sil
8.332999229431152,-7,-18,-15,-29,-18,-3,-7,0,10,-5,-18,-17,-2,-13,sil
8.332999229431152,-6,-12,-7,-20,-14,-8,0,0,11,-8,-14,-15,-10,-7,sil
8.348071098327637,-8,-3,2,-12,-15,-8,-7,0,2,-10,-7,-8,-9,-3,sil
8.348071098327637,-2,-2,-2,-15,-15,-9,-13,0,-3,-3,0,10,7,5,sil
8.363437414169312,5,0,6,-17,-6,-13,-12,-3,-7,-5,11,31,10,4,sil
8.363437414169312,8,9,9,2,2,-7,-7,-1,-11,-3,26,26,6,-3,sil
8.37952446937561,5,12,14,23,5,6,0,5,-14,1,23,10,5,0,sil
8.37952446937561,3,16,17,28,6,7,5,2,-7,1,5,6,1,8,sil
8.395322561264038,9,19,8,21,8,-2,-1,-2,-2,-1,-1,3,-3,1,sil
8.395322561264038,13,17,11,14,7,-3,-8,2,-14,-8,0,1,-8,-1,sil
8.410997152328491,6,14,6,19,8,4,0,0,-22,-11,1,3,-6,0,sil
8.410997152328491,2,11,6,20,9,4,6,-7,-12,-7,0,3,-6,0,sil
8.427035093307495,0,0,3,0,4,0,1,0,-1,-8,-2,-5,-18,-6,sil
8.427035093307495,-5,-7,-12,-15,3,4,5,5,0,-17,-8,-14,-23,-11,sil
8.443023204803467,-4,0,-4,0,12,14,19,2,3,-13,-15,-11,-10,-8,sil
8.443023204803467,-12,-7,-9,6,6,9,17,0,11,3,-21,-21,0,-2,sil
8.458228588104248,-19,-27,-21,-15,-10,3,4,1,15,11,-23,-32,-6,-4,sil
8.458228588104248,-10,-22,-9,-21,-8,7,1,0,9,6,-16,-19,-8,-9,sil
8.47424602508545,-6,-10,-1,-7,-2,2,0,3,0,10,-8,-10,-4,-5,sil
8.47424602508545,-11,-16,2,-14,-15,-5,-10,0,-8,10,-10,-11,-6,0,sil
8.489867687225342,-13,-21,-12,-19,-14,-2,-12,-9,-8,1,-10,-12,-5,-1,sil
8.489867687225342,-19,-13,-21,-14,-4,1,-4,-6,-11,-4,-10,-13,-5,-14,sil
8.504957675933838,-24,-4,0,-11,-5,9,1,5,-10,4,-7,-11,-4,-12,sil
8.504957675933838,-4,8,8,13,5,12,10,1,7,16,8,1,7,9,sil
8.52085256576538,24,27,17,40,21,5,17,0,22,17,18,27,25,28,sil
8.52085256576538,31,27,11,34,12,-1,8,5,26,22,25,40,38,33,sil
8.535927057266235,20,9,3,4,-6,-9,-7,3,28,25,36,30,39,31,sil
8.535927057266235,16,3,7,-6,-5,-7,-5,-1,17,13,29,22,25,20,sil
8.551209449768066,17,9,-1,7,4,0,10,-7,3,2,6,14,10,5,sil
8.551209449768066,14,2,1,4,0,-4,13,-6,10,0,-8,6,3,2,sil
8.566970109939575,6,-9,-2,-13,-8,-7,10,0,15,-7,-11,0,-2,2,sil
8.566970109939575,5,-6,-10,-12,-1,-6,7,3,-3,-20,-7,1,-10,-5,sil
8.582930088043213,11,8,3,-3,6,-11,0,10,-18,-23,9,12,-3,-5,sil
8.582930088043213,15,5,5,-3,9,-10,-6,8,-2,-3,36,21,14,5,sil
8.598095178604126,10,-2,8,-3,1,-6,-13,5,2,3,31,11,9,1,thankyou
8.598095178604126,-5,2,0,0,-9,-13,-25,-4,-18,-19,-5,-8,-17,-18,thankyou
8.613259077072144,-13,13,-8,0,0,-14,-23,-10,-23,-30,-19,-9,-21,-22,thankyou
8.613259077072144,-8,9,8,1,11,1,-13,-2,-12,-9,-3,-1,-5,-14,thankyou
8.628917217254639,-21,-11,-3,-1,1,3,-18,-5,-16,0,-4,-15,-11,-21,thankyou
8.628917217254639,-37,-14,-13,-7,-6,4,-25,-10,-22,-12,-19,-24,-27,-29,thankyou
8.64499807357788,-28,-1,-6,-4,0,9,-14,-3,-15,-13,-20,-20,-26,-22,thankyou
8.64499807357788,-19,-9,-5,-2,-3,-4,-9,0,-22,-9,-21,-26,-26,-15,thankyou
8.660135507583618,-19,-18,0,-8,-14,-5,-6,0,-26,-10,-22,-16,-19,-6,thankyou
8.660135507583618,-2,-2,0,0,-6,17,15,1,-2,-1,-1,1,5,10,thankyou
8.676161289215088,13,0,3,0,0,18,25,5,5,0,4,1,7,18,thankyou
8.676161289215088,13,0,10,-1,1,5,17,3,1,4,-3,-2,0,13,thankyou
8.69207501411438,12,13,6,5,7,12,20,0,19,23,7,2,15,11,thankyou
8.69207501411438,14,19,10,14,11,20,23,8,31,33,21,6,23,14,thankyou
8.706981420516968,7,2,1,8,4,6,9,5,18,22,2,-5,5,7,thankyou
8.706981420516968,0,-10,-3,-5,-7,-5,0,-6,6,1,-21,-13,-9,-1,thankyou
8.722396612167358,-6,-5,-2,-7,-9,0,5,-7,4,-8,-10,-1,-1,1,thankyou
8.722396612167358,0,3,-7,3,4,3,13,0,11,4,12,11,15,10,thankyou
8.737486839294434,11,4,3,8,9,0,8,2,21,21,8,13,19,12,thankyou
8.753680229187012,10,-5,-1,9,1,-5,2,7,29,23,-3,6,13,13,thankyou
8.753680229187012,0,-10,-8,8,-2,-11,0,7,23,11,-5,1,4,6,thankyou
8.753680229187012,-6,-13,-4,-6,-2,-8,0,-1,3,0,-6,-4,-5,-4,thankyou
8.769075393676758,6,-11,-4,-4,1,0,7,-4,-5,0,-3,-3,1,1,thankyou
8.769075393676758,22,7,12,17,5,3,4,0,-8,0,7,12,16,14,thankyou
8.787839889526367,6,7,0,12,-2,-1,-8,0,-7,-8,16,12,10,3,thankyou
8.787839889526367,-11,-8,-15,-10,-5,-1,-9,0,-6,-15,12,-1,-3,-7,thankyou
8.800864696502686,0,5,7,1,5,9,2,3,0,-8,10,9,-2,-1,thankyou
8.800864696502686,12,25,9,24,11,6,0,0,3,8,19,26,9,0,thankyou
8.816385984420776,6,13,2,9,6,-9,-14,-5,-5,6,15,23,8,-5,thankyou
8.832284688949585,-4,-3,-4,-13,4,-13,-15,-9,-24,-21,-10,2,-11,-10,thankyou
8.832284688949585,-11,-6,-6,-24,-6,-12,-14,-9,-36,-38,-25,-11,-29,-20,thankyou
8.832284688949585,-18,-7,-2,-30,-22,-13,-26,-2,-25,-19,-9,-9,-24,-27,thankyou
8.847853422164917,-26,-8,-10,-28,-18,-11,-29,-3,-12,-2,3,-12,-13,-24,thankyou
8.847853422164917,-15,1,2,-14,0,-5,-12,1,-9,-13,0,-13,-12,-15,thankyou
8.862976789474487,11,15,17,4,11,4,6,8,7,-4,13,2,0,0,thankyou
8.862976789474487,24,16,13,14,10,6,8,1,19,14,24,16,16,20,thankyou
8.879036903381348,13,15,13,12,11,2,1,-1,-2,1,10,10,9,24,thankyou
8.879036903381348,0,9,-3,4,8,2,6,7,-9,-6,-7,-8,-5,3,thankyou
8.895070552825928,-7,-7,-11,-1,-7,10,18,11,15,19,-19,-25,-4,-3,thankyou
8.895070552825928,-13,-22,-10,0,-13,15,22,0,19,27,-24,-29,-1,2,thankyou
8.910234928131104,-13,-22,-15,0,-6,11,20,-6,-2,7,-26,-24,-8,2,thankyou
8.910234928131104,-7,-14,-8,-6,-7,10,22,-1,-1,2,-25,-15,-7,1,thankyou
8.927193403244019,0,-5,-8,-1,-3,1,18,2,27,13,-11,-4,11,8,thankyou
8.927193403244019,5,-1,4,3,1,-11,-4,0,31,4,4,11,19,7,thankyou
8.942294836044312,10,0,13,-6,-4,-15,-19,-2,9,-15,9,19,13,0,thankyou
8.959053993225098,15,7,10,-5,-2,-15,-16,0,0,-9,15,14,12,0,thankyou
8.959053993225098,16,18,16,10,7,-10,-18,3,-2,8,24,20,13,0,thankyou
8.959053993225098,1,11,-1,14,7,0,-21,-6,-22,-1,20,12,0,-6,thankyou
8.973099708557129,-8,-2,-4,2,4,10,-12,-15,-47,-31,0,-8,-20,-10,thankyou
8.973099708557129,0,1,7,19,11,15,0,-10,-35,-18,-9,-12,-16,0,thankyou
8.98892593383789,1,10,0,32,12,14,14,1,-1,15,-4,-7,0,6,thankyou
8.98892593383789,-13,0,-5,8,3,10,21,11,12,20,-9,-8,0,0,thankyou
9.003979206085205,-20,-15,-16,-5,-1,7,14,6,10,14,-15,-14,-9,-1,thankyou
9.02004337310791,-8,-17,-12,-9,-5,4,4,0,16,11,-11,-8,-6,-1,thankyou
9.02004337310791,0,-12,2,-18,-5,1,3,4,22,6,0,5,0,0,thankyou
9.036123752593994,0,-4,0,-3,0,-4,1,1,10,0,7,14,1,6,thankyou
9.036123752593994,6,8,11,16,2,0,0,-1,-1,-3,9,23,8,14,thankyou
9.036123752593994,23,14,13,7,7,8,7,3,7,1,17,27,19,19,thankyou
9.052959203720093,20,5,6,-11,3,-6,9,9,16,7,17,24,15,13,thankyou
9.052959203720093,3,-1,0,-18,-10,-21,-3,0,9,-5,6,16,11,2,thankyou
9.069132566452026,0,-8,-12,-18,-19,-23,-14,-7,4,-17,0,-4,6,-5,thankyou
9.069132566452026,0,-10,-2,-22,-18,-21,-22,-2,1,-14,-3,-18,-14,-24,thankyou
9.083590507507324,0,3,-1,-19,-4,-12,-18,-4,1,0,0,-9,-17,-29,sil
9.098975896835327,4,15,0,-5,11,0,-5,-5,-8,2,8,-2,1,-6,sil
9.098975896835327,0,11,4,3,3,0,-4,0,-27,-9,4,-10,-2,-4,sil
9.113348960876465,-19,4,-12,1,-4,0,-8,0,-28,-11,-4,-19,-15,-21,sil
9.113348960876465,-17,1,-4,-2,6,5,0,0,-9,0,-4,-8,-4,-4,sil
9.130316019058228,-4,0,5,11,12,5,11,5,3,4,-4,-3,0,9,sil
9.130316019058228,-5,3,-3,30,2,0,7,1,2,-1,-10,-7,-9,0,sil
9.144908905029297,-6,7,-4,29,2,11,8,0,-1,1,-13,-6,-11,4,sil
9.144908905029297,0,-3,-5,13,3,20,14,0,-7,0,-18,-12,-6,9,sil
9.16005253791809,3,-14,3,0,-5,12,7,-2,-14,-8,-27,-12,-8,0,sil
9.16005253791809,-3,-15,-1,-8,-8,6,2,0,-10,2,-17,-1,-2,1,sil
9.175976514816284,-6,-13,-9,-15,-6,5,-1,1,5,21,0,2,10,10,sil
9.175976514816284,2,-3,7,-10,-2,0,-8,1,12,13,0,4,10,4,sil
9.191182374954224,10,7,3,-2,3,-13,-9,-1,8,-1,2,12,4,-2,sil
9.191182374954224,9,9,2,-13,-2,-18,-15,-4,1,-9,14,20,5,-5,sil
9.207000970840454,3,10,13,-14,-10,-15,-26,-5,-7,-18,24,16,5,-6,sil
9.207000970840454,5,13,12,10,6,-4,-8,-1,-10,-20,23,9,4,0,sil
9.222299098968506,11,10,12,20,23,17,20,5,-4,-8,15,8,3,3,sil
9.222299098968506,-4,-3,-1,3,9,18,23,8,7,10,5,0,1,-1,sil
9.238308429718018,-17,-11,1,1,0,5,23,8,13,19,0,-6,1,3,sil
9.238308429718018,0,-2,7,19,7,14,31,0,15,22,2,-4,5,17,sil
9.25391173362732,11,-1,-5,13,2,12,18,-2,16,19,-1,-8,4,19,sil
9.25391173362732,2,-10,-4,-7,-11,-6,1,5,21,13,-5,-3,6,15,sil
9.26916766166687,7,-2,-4,-5,-3,-4,4,3,30,16,7,9,20,14,sil
9.26916766166687,21,9,-3,-2,4,-4,-3,-3,19,8,19,19,19,8,sil
9.285177946090698,11,-1,-2,-13,-4,-24,-26,-6,-2,-8,15,17,5,-3,sil
9.285177946090698,0,-7,-8,-7,-10,-23,-32,-7,-11,-9,10,9,0,-8,sil
9.30064845085144,9,13,7,10,4,-3,-27,-1,-15,-10,5,7,-7,-7,sil
9.30064845085144,7,20,7,13,16,-4,-23,0,-21,-29,-7,-2,-21,-13,sil
9.316357851028442,-6,4,-3,2,5,-9,-11,-5,-16,-27,-16,-12,-26,-19,sil
9.316357851028442,-19,-3,-5,1,-7,7,9,-1,-5,-2,-15,-16,-17,-15,sil
9.332334518432615,-39,-15,-18,-7,-10,13,10,1,-9,-1,-32,-34,-18,-22,sil
9.332334518432615,-51,-30,-19,-28,-14,3,-2,4,-20,-15,-53,-45,-28,-36,sil
9.34730100631714,-35,-22,-15,-24,-11,8,12,3,-9,-5,-33,-25,-18,-20,sil
9.34730100631714,-11,-7,-5,-4,-5,16,37,1,2,11,-3,-8,1,6,sil
9.363209247589111,0,-3,2,1,-5,11,31,-1,-1,15,-6,-12,8,9,sil
9.363209247589111,8,-3,0,1,-3,0,13,0,0,12,-10,-9,8,9,sil
9.378331422805786,15,-3,11,-6,-5,-9,-1,0,5,6,7,13,9,19,sil
9.378331422805786,19,2,10,-8,-9,-13,-14,0,8,11,24,26,14,18,sil
9.393933296203612,32,16,11,4,-1,-7,-16,1,13,13,28,29,20,16,sil
9.393933296203612,45,27,23,17,8,0,-20,0,11,2,30,41,19,24,sil
9.40989112854004,34,22,10,15,11,-11,-34,-6,-3,-5,28,36,12,18,sil
9.40989112854004,16,19,13,9,15,-12,-34,-3,-17,-18,17,26,0,0,sil
9.42504620552063,3,20,11,7,19,4,-11,0,-18,-29,10,13,-6,-12,sil
9.42504620552063,-11,8,-11,0,15,9,0,-1,-20,-23,-1,-11,-15,-24,sil
9.44034481048584,-19,-1,-10,-1,12,4,1,2,-13,-8,-7,-20,-18,-22,sil
9.44034481048584,-10,2,0,9,12,12,17,7,9,5,7,-4,0,-3,sil
9.456481695175173,-8,0,4,17,2,21,32,5,20,13,6,-8,5,5,sil
9.456481695175173,-24,-20,-12,3,-9,12,33,-1,13,11,-21,-32,-10,-2,sil
9.472172737121582,-26,-24,-22,-6,-11,0,29,-4,8,9,-29,-32,-15,-4,sil
9.472172737121582,-9,-11,1,1,-5,5,27,3,11,14,-10,-10,4,11,sil
9.487857580184937,0,-5,-1,3,-1,10,20,4,16,17,-2,-3,19,19,sil
9.487857580184937,-1,-7,-6,-11,-7,1,5,0,17,13,-5,-2,15,12,sil
9.502951622009276,4,-9,3,-11,-6,-7,1,0,25,19,8,10,17,17,sil
9.502951622009276,19,-4,10,3,2,-15,-1,3,36,31,22,20,23,26,sil
9.51820707321167,22,7,13,7,1,-18,-21,0,17,16,10,19,12,11,sil
9.51820707321167,16,12,0,7,-4,-14,-31,-7,-7,-4,4,17,6,-3,sil
9.533965110778809,12,2,1,-1,-6,-8,-22,-5,-17,-13,9,16,6,-2,sil
9.533965110778809,-2,-9,-7,-23,-7,-3,-23,-1,-17,-20,0,0,-7,-17,sil
9.549620628356934,-24,-14,-22,-31,-7,-6,-24,-3,-21,-28,-15,-21,-23,-41,sil
9.549620628356934,-22,-5,-2,-22,-3,-8,-11,-2,-22,-27,-18,-20,-25,-36,sil
9.565340518951416,-6,3,2,-13,0,-3,-3,-2,-24,-20,-9,-12,-21,-23,sil
9.565340518951416,4,11,0,-1,5,-2,-8,-2,-29,-20,-5,-2,-16,-14,sil
9.581132173538208,3,14,6,11,4,-5,-3,1,-27,-16,-1,3,-6,-2,sil
9.581132173538208,-1,3,0,8,-4,0,2,2,-21,-5,-1,-5,-7,-1,sil
9.596283197402954,-1,-1,8,2,-6,4,0,2,-15,-5,-8,-4,-12,-4,sil
9.596283197402954,0,0,3,9,2,3,5,3,-5,-10,-4,5,-5,9,sil
9.612030506134031,1,1,0,12,6,10,9,0,0,-3,5,5,0,20,sil
9.612030506134031,6,9,12,14,8,23,10,0,0,9,10,7,6,18,sil
9.627203941345217,8,13,5,22,13,20,13,3,14,20,11,12,16,21,sil
9.627203941345217,4,3,3,23,8,12,10,4,32,26,7,5,19,21,sil
9.643320560455322,0,5,0,22,6,14,4,-2,29,28,2,-4,16,11,sil
9.643320560455322,1,10,-1,22,11,16,14,-1,16,18,0,-5,6,5,sil
9.65879726409912,1,-1,-4,10,5,15,26,0,18,16,-5,-7,-4,3,sil
9.65879726409912,-9,-21,-21,-14,-4,5,20,-2,29,26,-13,-17,-3,-3,sil
9.674835205078123,-26,-29,-19,-39,-15,-8,8,0,17,8,-19,-17,-4,-14,sil
9.689854383468628,-26,-26,-17,-32,-20,-12,3,0,2,-10,-15,-16,-12,-19,sil
9.689854383468628,-10,-16,-10,-16,-13,-11,-4,-1,1,-5,-3,-11,-3,-11,sil
9.689854383468628,-1,-8,3,-22,-7,-17,-13,0,1,-5,3,5,8,-2,sil
9.70525574684143,2,-1,-2,-29,-11,-23,-11,1,-3,-16,7,13,7,0,sil
9.721482515335085,17,11,11,-15,-10,-22,-13,1,-7,-14,14,17,6,9,sil
9.721482515335085,22,17,22,-5,0,-16,-18,0,-4,-9,24,26,12,17,sil
9.736221551895142,20,9,11,-7,6,-11,-19,0,-4,-14,19,25,7,9,sil
9.736221551895142,27,12,16,8,11,-4,-18,2,-11,-11,9,16,0,2,sil
9.752521276474,27,21,19,36,16,0,-12,1,-16,3,15,10,1,2,sil
9.752521276474,19,21,20,35,13,0,-9,0,-17,3,17,13,4,2,sil
9.76732063293457,12,12,4,20,9,0,-6,-1,-16,-4,3,10,7,0,sil
9.76732063293457,-1,4,-8,14,9,9,3,-2,-3,0,-8,-3,1,-3,sil
9.783259630203249,-17,0,3,13,8,21,14,5,8,8,-11,-10,-10,-10,sil
9.783259630203249,-21,-3,-10,8,11,21,16,2,3,3,-13,-11,-11,-15,sil
9.798866510391235,-23,-14,-24,-2,6,12,15,-3,-4,-3,-16,-14,-8,-17,sil
9.798866510391235,-31,-23,-20,-13,-10,3,10,-2,-2,-4,-14,-25,-16,-20,sil
9.814400911331177,-29,-18,-16,-17,-23,-3,2,0,-1,0,-10,-28,-14,-15,sil
9.814400911331177,-16,-8,-8,-23,-21,-1,-1,-2,-4,0,-11,-13,-6,-4,sil
9.831340312957764,-7,-8,-16,-16,-12,5,2,-7,-4,-13,-18,-13,-12,-4,sil
9.832340478897097,0,-7,-2,-3,-7,1,6,-2,-11,-21,-17,-18,-11,0,sil
9.832340478897097,11,4,13,4,-3,-1,4,3,-6,-3,6,1,12,19,sil
9.849000215530396,17,8,6,2,0,0,-1,-2,-1,12,20,15,22,24,sil
9.849000215530396,17,6,12,4,8,6,0,-4,1,14,9,11,10,17,sil
9.86234188079834,15,13,16,18,23,10,7,5,20,24,18,13,13,22,sil
9.8778395652771,14,11,15,26,19,2,0,7,25,27,23,17,15,22,sil
9.8778395652771,4,0,4,14,0,-7,-14,-1,5,8,-2,8,0,2,sil
9.89487075805664,-7,-5,-10,-2,-5,-3,-11,0,3,0,-13,1,-7,-8,sil
9.89487075805664,-10,0,0,-9,0,2,1,8,17,9,-6,3,0,-6,sil
9.89487075805664,-16,-8,-9,-11,-4,-4,4,3,8,2,-16,-12,-4,-18,sil
9.908987283706663,-31,-20,-23,-24,-16,-16,-6,-4,-8,-18,-23,-30,-24,-31,sil
9.92481017112732,-29,-16,-14,-31,-13,-14,-10,-1,-4,-19,-13,-20,-21,-19,sil
9.92481017112732,-1,-2,-7,-8,-1,-8,0,1,4,-3,-1,1,0,-3,sil
9.940324306488035,26,7,16,11,0,-6,8,5,6,5,10,19,9,7,sil
9.940324306488035,30,6,17,6,-2,0,7,3,3,10,20,22,16,19,sil
9.956344604492188,26,4,6,-2,0,6,7,1,-1,-1,12,14,17,19,sil
9.956344604492188,24,8,11,-2,1,1,3,-1,-5,-22,11,17,11,11,sil
9.97223663330078,17,4,4,-2,1,-2,-5,-8,0,-13,18,17,14,6,sil
9.97223663330078,6,1,4,-8,0,0,-12,-9,-1,-2,6,7,6,0,sil
9.987138986587524,-1,10,-2,0,0,-1,-10,-4,-10,-9,0,-1,-10,-7,sil
9.987138986587524,-2,14,-6,12,4,-3,-8,0,-12,-8,13,-3,-10,-5,sil
10.00248885154724,0,8,4,16,11,6,0,4,-11,2,13,0,0,-3,sil
10.00248885154724,-9,5,-3,12,11,8,5,4,-10,0,0,-2,-5,-9,sil
10.018360614776611,-13,9,-2,12,4,2,-3,4,-7,-6,-4,-5,-18,-11,sil
10.018360614776611,1,14,10,22,8,0,-7,2,-5,-1,5,0,-8,-3,sil
10.033868074417114,8,6,17,25,14,2,3,0,-1,9,10,5,8,6,sil
10.033868074417114,-3,-3,6,12,4,14,18,0,10,21,-1,-1,5,8,sil
10.055942058563232,-16,-18,-20,0,-6,17,22,1,16,25,-20,-19,-6,0,sil
10.055942058563232,-24,-32,-15,-13,-13,4,11,-2,-1,11,-32,-25,-8,-5,sil
10.055942058563232,-29,-32,-15,-25,-17,-1,2,-3,-10,-3,-34,-25,-5,-4,sil
10.065957307815552,-17,-20,-23,-26,-14,0,0,-3,2,-3,-24,-16,-2,1,sil
10.082072973251345,1,-4,1,-23,-5,-3,-6,-1,7,1,-4,4,8,6,sil
10.082072973251345,8,1,4,-18,0,-11,-13,-3,1,4,9,8,21,4,sil
10.0979483127594,0,2,-4,-17,0,-14,-18,0,-3,-5,6,-1,9,-8,sil
10.0979483127594,0,2,-4,-11,-2,-18,-20,0,-8,-17,1,0,-6,-13,sil
10.113379001617432,15,13,7,7,2,-12,-8,1,-2,-8,9,13,0,0,sil
10.113379001617432,20,24,22,20,14,6,5,9,12,3,15,15,11,4,sil
10.128535747528076,1,12,4,14,14,14,8,9,19,6,4,-3,2,0,sil
10.128535747528076,-7,0,-4,5,3,9,7,0,8,5,-15,-19,-17,0,sil
10.144341707229614,-7,-1,-2,9,-1,11,14,-3,0,5,-19,-21,-24,0,sil
10.144341707229614,-10,-13,-14,0,-7,5,16,-1,5,2,-5,-15,-12,0,sil
10.159873008728027,-3,-19,-5,-12,-13,-7,7,0,20,5,4,10,3,10,sil
10.159873008728027,13,-2,3,-5,-6,-8,8,0,17,6,10,27,14,18,sil
10.175947427749634,21,6,9,-1,-5,-10,0,0,-6,-10,12,21,8,3,sil
10.175947427749634,18,6,14,-7,-13,-18,-17,-1,-20,-28,18,25,2,-9,sil
10.191205024719238,15,15,8,7,1,-10,-16,-2,-16,-26,24,37,7,1,sil
10.191205024719238,10,23,14,24,21,0,-8,-1,-20,-16,16,25,4,8,sil
10.207441329956056,0,10,8,5,11,-7,-18,-3,-30,-8,-1,-5,-7,-10,sil
10.207441329956056,-7,-1,4,-2,-1,-5,-19,-4,-31,-3,-7,-13,-16,-17,sil
10.223265171051024,-2,4,7,27,6,17,4,3,-15,6,6,0,-10,0,sil
10.223265171051024,0,3,-6,37,12,22,19,2,7,19,16,0,8,7,sil
10.238234519958496,-2,-9,-1,8,0,12,15,0,12,15,0,-9,13,5,sil
10.238234519958496,-6,-16,-1,-4,-6,15,11,0,12,13,-11,-15,2,3,sil
10.253293514251707,-11,-15,-13,-4,0,13,13,0,24,21,-5,-22,2,0,sil
10.253293514251707,-10,-9,-11,-8,0,8,10,-2,30,24,-7,-15,9,2,sil
10.26889443397522,0,-3,-10,-11,-5,6,-1,-5,28,20,-12,0,13,8,sil
10.26889443397522,2,0,0,-21,-6,-6,-14,0,22,10,0,0,11,6,sil
10.2842915058136,0,0,-2,-22,0,-19,-10,3,15,2,11,-1,7,1,sil
10.2842915058136,0,-3,-3,-14,0,-15,-8,1,-1,-9,0,4,0,-1,sil
10.300110816955566,0,-3,3,-17,-7,-11,-20,-3,-20,-24,-16,3,-6,-7,thankyou
10.300110816955566,-1,1,-11,-20,-8,-13,-14,-2,-24,-21,-16,-10,-16,-11,thankyou
10.315309286117554,2,13,-6,-10,2,-6,4,4,-17,-14,-13,-7,-21,-10,thankyou
10.315309286117554,0,12,0,-2,10,6,12,7,-7,-17,-13,-10,-15,-10,thankyou
10.331007957458496,-12,0,-9,-10,7,12,12,2,-2,-10,-15,-21,-12,-10,thankyou
10.331007957458496,-14,-5,-5,-13,7,13,14,2,-7,1,-15,-14,-14,-4,thankyou
10.3466477394104,-5,1,-5,8,9,9,11,2,-14,-1,-5,-5,-9,-2,thankyou
10.3466477394104,-2,0,2,28,0,3,2,0,-12,-5,0,-3,0,1,thankyou
10.362358808517456,-7,-10,0,12,-7,0,9,0,7,8,0,-1,1,8,thankyou
10.362358808517456,-5,-15,-5,-2,-5,-7,14,1,25,17,2,1,0,1,thankyou
10.377874374389648,4,-5,13,4,-8,-15,-5,0,14,3,10,8,3,-6,thankyou
10.377874374389648,5,-2,12,1,-18,-19,-24,-8,0,-5,20,21,12,-1,thankyou
10.393473863601685,11,-1,12,-2,-14,-12,-19,-5,-2,-9,28,33,16,4,thankyou
10.393473863601685,25,14,19,19,0,-5,-12,-2,-7,-10,29,38,18,3,thankyou
10.409554243087769,23,23,15,29,4,-7,-14,0,-3,-5,21,24,18,3,thankyou
10.409554243087769,8,15,12,11,5,4,-5,3,4,2,11,8,7,7,thankyou
10.42604374885559,3,13,2,18,14,20,6,2,-2,0,8,1,-3,5,thankyou
10.42604374885559,2,16,1,32,21,16,3,1,-15,-5,0,-1,-11,1,thankyou
10.441030502319336,-8,5,-4,24,15,6,4,2,-4,8,-12,-10,-5,2,thankyou
10.441030502319336,-12,-10,-14,6,6,5,14,-2,5,24,-13,-13,4,6,thankyou
10.456079959869385,-5,-11,-1,-3,0,8,12,-3,2,23,-9,-3,2,11,thankyou
10.456079959869385,-5,-9,-6,-2,-3,10,7,1,4,25,-10,-7,0,15,thankyou
10.471924543380736,-6,-17,-12,-10,-5,3,7,1,12,25,-14,-16,2,9,thankyou
10.471924543380736,2,-15,-4,-25,-6,0,6,-1,15,7,-10,-7,3,0,thankyou
10.486981868743896,11,-7,-3,-30,-13,-1,0,-3,2,-12,-1,5,7,1,thankyou
10.487454652786257,7,-7,1,-33,-17,-7,-5,-1,-8,-20,2,6,3,2,thankyou
10.503039121627808,-1,-11,-8,-38,-7,-10,-5,0,2,-16,9,-2,1,-5,thankyou
10.503039121627808,-1,-2,-7,-31,0,-4,1,0,9,-9,11,1,5,-7,thankyou
10.518238306045532,0,10,4,-16,-3,2,1,-1,1,-9,0,4,0,-8,thankyou
10.518238306045532,-6,6,-8,-9,-1,-10,-18,-3,-1,-22,-15,-15,-18,-20,thankyou
10.53339982032776,-15,-1,-10,-12,0,-23,-31,2,-11,-35,-21,-29,-29,-31,thankyou
10.53339982032776,-12,1,-6,-6,-1,-16,-20,1,-14,-13,-5,-15,-16,-22,thankyou
10.549002647399902,0,17,5,16,1,-2,-6,0,-3,15,15,3,-2,-5,thankyou
10.549002647399902,7,24,21,37,14,8,-5,3,0,12,16,10,-3,-3,thankyou
10.565134763717651,0,10,8,36,20,12,-1,1,-11,-4,4,1,-11,-12,thankyou
10.565134763717651,-7,0,4,22,11,9,12,0,-21,-5,0,0,-12,-3,thankyou
10.580731630325316,-1,0,5,19,3,9,29,2,-13,1,3,0,-3,16,thankyou
10.595256090164185,-1,-7,-1,17,0,9,27,1,-1,0,-7,-8,0,13,thankyou
10.595256090164185,-6,-13,-2,6,-7,7,13,0,2,7,-16,-9,-1,0,thankyou
10.612029790878296,1,-6,1,9,-1,7,22,6,14,29,-4,0,11,8,thankyou
10.612029790878296,10,0,10,10,5,11,28,5,26,31,-5,10,20,24,thankyou
10.626270055770874,1,-3,-5,0,0,7,9,-3,23,16,-13,8,17,17,thankyou
10.626270055770874,0,-10,-16,-10,-10,0,2,-8,15,7,-6,7,17,9,thankyou
10.641967058181764,8,-9,3,-15,-4,0,6,-3,13,1,0,8,14,14,thankyou
10.641967058181764,3,-6,-1,-18,7,-2,-9,-6,10,-6,0,2,11,6,thankyou
10.657199382781982,-3,-1,-5,-19,1,-8,-26,-3,5,-4,4,3,14,-5,thankyou
10.657199382781982,-2,-1,-5,-17,-10,-12,-23,2,8,3,12,7,9,-6,thankyou
10.67214560508728,0,-2,-6,-12,-10,-15,-25,-1,4,0,15,7,-2,-8,thankyou
10.67214560508728,13,10,18,-2,-4,-14,-29,-1,-11,-15,18,18,-1,-3,thankyou
10.688258409500122,24,19,17,5,-3,-12,-17,2,-15,-13,20,27,7,11,thankyou
10.688258409500122,14,10,4,0,0,-10,-9,1,-17,-8,16,16,1,6,thankyou
10.703969955444336,0,7,-1,2,5,-4,-11,-5,-29,-19,5,-2,-14,-16,thankyou
10.703969955444336,-4,14,-2,16,9,-5,-6,-6,-29,-24,0,-16,-19,-20,thankyou
10.71914553642273,-8,11,1,11,6,-3,0,0,-10,-9,5,-8,-11,-4,thankyou
10.71914553642273,-11,1,-4,3,3,5,3,4,2,2,2,-6,-8,0,thankyou
10.734769582748411,-1,0,6,11,2,13,9,4,-6,0,-11,-19,-17,-5,thankyou
10.734769582748411,-3,-3,3,11,0,13,11,2,-14,0,-18,-29,-21,-10,thankyou
10.750529289245604,-21,-15,-22,-10,-9,7,5,1,-14,-1,-26,-34,-26,-17,thankyou
10.750529289245604,-19,-13,-10,-15,-8,12,9,7,-6,-1,-34,-27,-30,-14,thankyou
10.766149044036863,-1,-1,1,6,4,19,27,5,13,9,-17,-8,-7,0,thankyou
10.766149044036863,4,1,3,6,8,8,31,0,25,17,0,6,17,14,thankyou
10.781322956085203,7,2,9,0,5,2,26,-1,21,22,1,8,21,19,sil
10.781322956085203,13,0,6,3,1,10,23,1,22,26,2,12,22,21,sil
10.796936750411987,7,-9,7,-1,-4,7,9,0,28,17,10,26,26,21,sil
10.796936750411987,-3,-9,-7,-11,0,-5,-3,-4,25,12,13,18,21,13,sil
10.811983108520508,-5,-7,-12,-17,1,-7,-5,-3,15,9,4,-1,13,3,sil
10.811983108520508,-2,-15,-1,-22,-10,-2,-4,0,12,-1,0,-1,12,0,sil
10.828034162521362,-2,-17,-9,-18,-13,-17,-16,0,5,-11,5,6,7,-2,sil
10.828034162521362,-2,-1,-5,-14,-6,-29,-33,-5,-20,-24,5,4,-6,-16,sil
10.84309697151184,-4,1,-1,-12,-9,-18,-33,-5,-27,-29,2,1,-7,-25,sil
10.84309697151184,0,1,3,0,-4,-4,-21,1,-13,-19,4,1,-1,-19,sil
10.858585119247437,9,14,10,17,11,0,-16,1,-15,-17,7,2,-9,-11,sil
10.858585119247437,9,22,3,26,19,-6,-11,-6,-21,-15,6,0,-13,-2,sil
10.874361515045166,7,23,12,33,14,-5,-4,0,-6,1,5,4,0,7,sil
10.874361515045166,9,23,14,40,12,8,0,7,0,12,10,10,11,11,sil
10.889856100082396,6,12,4,26,11,18,4,2,-7,9,6,3,7,7,sil
10.889856100082396,-1,-4,3,6,4,18,10,-1,-3,19,-8,-4,-1,5,sil
10.905289888381958,-5,-11,-5,5,-1,15,22,0,4,25,-17,-10,-10,3,sil
10.905289888381958,-2,-5,-4,2,-2,9,27,0,0,8,-17,-7,-14,2,sil
10.920494079589844,-6,-2,-9,-15,-5,0,15,0,-2,-1,-18,-12,-14,0,sil
10.920494079589844,-7,-10,-17,-26,-14,-8,-1,0,9,-2,-19,-9,-10,0,sil
10.93610906600952,2,-8,-1,-21,-13,-4,1,7,24,4,-5,11,2,10,sil
10.93610906600952,11,2,6,-18,-4,0,12,8,22,12,15,15,14,10,sil
10.952214241027832,2,2,4,-18,-6,-6,0,0,-3,-10,13,-1,0,-11,sil
10.952214241027832,-7,0,-6,-6,-1,-7,-14,-4,-24,-34,1,-8,-17,-20,sil
10.967950582504272,-2,2,-3,10,15,3,1,2,-19,-16,7,-3,-3,-2,sil
10.967950582504272,-1,0,13,15,16,8,12,3,-17,1,5,-5,3,6,sil
10.983516216278076,-15,-7,-7,9,0,0,6,-6,-13,0,-15,-17,-9,-1,sil
10.983516216278076,-10,-8,-8,0,-9,3,1,-3,0,3,-22,-16,-8,-1,sil
10.999188661575316,5,-5,4,-5,-5,10,-1,0,21,15,-2,0,14,5,sil
10.999188661575316,3,-10,-6,-11,0,0,-8,-5,30,20,13,10,28,7,sil
11.014281272888184,-1,-11,-4,-26,-10,-18,-12,-2,21,8,19,17,25,11,sil
11.014281272888184,1,-3,0,-26,-23,-26,-24,0,4,-13,17,12,11,5,sil
11.029898405075071,1,2,5,-15,-16,-23,-37,-1,-9,-27,6,4,-3,-11,sil
11.029898405075071,6,12,13,-1,1,-8,-20,3,1,-10,11,14,0,-6,sil
11.045032024383543,15,20,10,18,11,3,3,4,13,2,20,18,3,7,sil
11.062255382537842,5,16,10,27,14,10,1,-1,-5,-12,2,1,-12,-4,sil
11.062255382537842,-9,4,-1,13,15,16,5,0,-16,-16,-8,-7,-10,-18,sil
11.062255382537842,-5,-1,-2,8,10,19,25,4,-3,6,-3,-4,-1,-6,sil
11.08084797859192,-3,0,1,26,8,19,27,3,-6,11,-19,-17,-17,-3,sil
11.08084797859192,-7,0,-2,30,12,11,18,0,-8,9,-29,-26,-16,-5,sil
11.092225313186646,2,-4,7,13,5,5,19,0,12,30,-3,-1,11,16,sil
11.107240438461304,7,-8,-2,1,0,10,18,-3,18,32,5,6,17,26,sil
11.107240438461304,0,-13,-14,-6,-1,4,3,-4,2,9,-13,-9,6,9,sil
11.124206066131592,2,-6,-1,-7,0,-6,-1,2,9,12,-7,-3,12,5,sil
11.124206066131592,10,2,0,-1,0,-10,-1,3,22,17,9,11,12,7,sil
11.124206066131592,0,0,-3,-14,-8,-16,-22,0,1,-11,0,10,-6,-3,sil
11.138216257095335,-8,-5,-15,-24,-17,-21,-37,-3,-20,-21,-1,6,-9,-8,sil
11.154173851013184,5,7,-2,-10,-7,-13,-19,-2,-19,-8,15,14,0,1,sil
11.154173851013184,16,19,18,-3,4,-7,-6,0,-24,-19,17,16,-5,-1,sil
11.168871879577637,0,4,0,-8,0,-14,-14,-5,-32,-33,4,-3,-15,-21,sil
11.168871879577637,-22,-6,-7,-7,-2,-6,-5,-5,-26,-20,-6,-14,-19,-29,sil
11.18490433692932,-27,-2,-4,0,6,17,20,1,-9,-4,-7,-14,-14,-20,sil
11.18490433692932,-18,-4,-6,0,3,21,22,4,-1,-4,-7,-19,-10,-6,sil
11.200397729873655,-4,-8,3,5,-6,11,14,5,8,4,-6,-10,-2,8,sil
11.200397729873655,7,-5,-1,6,-3,9,16,1,20,21,-2,1,15,17,sil
11.21590542793274,14,0,0,0,-1,5,5,0,22,14,-1,4,24,16,sil
11.21590542793274,11,0,2,-2,-6,-8,-13,0,12,-6,2,5,11,3,sil
11.231873750686646,2,1,0,-7,-6,-17,-24,0,-4,-21,7,6,-5,-13,sil
11.231873750686646,-3,5,4,-3,3,-8,-18,3,-15,-19,0,0,-8,-13,sil
11.246966361999512,0,11,2,17,12,2,0,2,-4,5,0,-7,0,2,sil
11.246966361999512,2,7,10,18,6,8,11,0,8,23,-1,-6,0,10,sil
11.262367248535156,1,-4,6,2,0,13,12,-2,13,15,-10,-4,0,11,sil
11.262367248535156,5,-2,-5,0,-1,5,9,0,23,15,0,4,11,17,sil
11.2782301902771,12,4,3,-3,-5,-10,-4,1,22,9,15,20,19,15,sil
11.2782301902771,9,3,0,-11,-3,-18,-13,0,5,-7,17,16,11,8,sil
11.294241189956663,9,10,5,0,12,-7,0,2,2,-10,18,11,6,9,sil
11.294241189956663,9,16,15,15,19,9,9,4,12,4,15,13,6,6,sil
11.310338258743286,-3,0,2,17,7,14,7,-2,-2,8,-4,0,-3,-3,sil
11.310338258743286,-13,-6,2,13,0,14,14,-4,-26,6,-16,-7,-15,-4,sil
11.326061487197876,-5,-5,-5,0,0,11,18,0,-10,9,-14,-9,-7,0,sil
11.326061487197876,-4,-17,-13,-26,-13,0,-2,2,5,1,-20,-13,-3,-5,sil
11.341322422027588,-10,-20,-7,-27,-15,-12,-12,5,5,0,-13,-6,-3,-8,sil
11.341322422027588,-3,-9,-2,-8,0,-13,-2,0,12,7,11,6,9,-6,sil
11.357014179229736,2,0,1,0,0,-9,-9,-5,7,1,15,11,12,-5,sil
11.357014179229736,0,1,-11,-4,0,-6,-21,-4,-8,-18,1,0,-3,-12,sil
11.372581720352173,2,5,-5,-4,4,-3,-15,0,-12,-24,-1,-5,-15,-20,sil
11.372581720352173,2,11,7,15,10,3,0,4,-11,-12,0,-4,-13,-18,sil
11.388631343841553,-8,7,-6,26,7,10,9,-1,-10,-1,-1,-9,-9,-5,sil
11.388631343841553,-14,-6,-6,6,1,13,14,-4,-3,4,-5,-10,-4,2,sil
11.404218435287476,-5,-5,-9,-1,3,11,18,-1,0,13,-1,-5,2,9,sil
11.404218435287476,0,1,-10,4,0,5,12,3,-9,10,-8,-9,0,14,sil
11.420210838317873,-10,-8,1,-7,-15,-4,-1,0,-22,0,-21,-16,-2,11,sil
11.420210838317873,-12,-14,0,-24,-27,-15,-7,-5,-23,-1,-8,-10,2,4,sil
11.43647050857544,4,0,3,-23,-17,-14,-8,-1,-16,-9,6,8,2,1,sil
11.43647050857544,18,9,7,-10,0,-5,-7,0,0,-14,9,17,0,2,sil
11.451515674591064,21,9,17,0,6,-4,-1,1,11,-3,21,23,12,8,sil
11.451515674591064,19,11,24,0,3,-9,-5,7,15,1,30,29,17,5,sil
11.466755628585815,8,7,3,0,1,-15,-19,1,10,-13,9,9,0,-10,sil
11.466755628585815,3,7,2,6,0,-14,-24,-6,3,-26,-10,-5,-17,-15,sil
11.482231616973875,2,13,3,13,1,-1,-13,-3,0,-15,-6,-3,-15,-10,sil
11.482231616973875,-8,7,-7,12,5,9,-4,0,-8,-7,-12,-12,-18,-17,sil
11.498344659805298,-18,-1,-7,10,9,17,7,2,-5,-5,-20,-25,-21,-17,sil
11.498344659805298,-5,-3,-8,7,9,21,26,4,25,16,-4,-13,1,3,sil
11.513853788375854,8,0,6,7,5,19,31,7,43,39,13,14,29,27,sil
11.513853788375854,9,5,13,21,4,17,24,7,28,37,17,19,28,30,sil
11.528970718383787,2,5,4,25,2,8,14,1,10,27,5,3,12,12,sil
11.528970718383787,-4,0,0,4,-4,0,0,-3,2,18,-5,-5,5,-3,sil
11.544633150100708,-5,-7,-12,-1,0,3,-5,-9,0,12,2,-4,7,0,sil
11.544633150100708,0,-7,-3,5,8,2,1,-2,-4,10,8,2,4,15,sil
11.559975147247314,-2,-12,0,-8,3,-3,5,2,-13,3,-5,2,0,11,sil
11.559975147247314,-8,-21,-16,-25,-5,-7,3,-1,-15,-11,-15,-4,-4,-5,sil
11.576083421707152,-7,-15,-9,-21,-3,0,6,0,-9,-23,-7,-2,-6,-2,sil
11.576083421707152,-1,-6,-5,-13,-1,0,12,5,-1,-15,1,2,0,8,sil
11.590892553329468,-4,-13,-2,-18,-11,-10,0,5,-5,-11,-4,0,-1,-3,sil
11.590892553329468,-16,-16,-3,-24,-12,-18,-15,-2,-13,-16,-15,-10,-11,-24,sil
11.607107162475586,-13,-2,-9,-18,-6,-15,-24,-4,-16,-16,-9,-14,-10,-23,sil
11.607107162475586,8,9,6,-8,-1,-8,-28,-2,-11,-13,4,-1,-4,-6,sil
11.62265968322754,22,11,12,10,1,-8,-18,-8,0,-4,10,10,4,2,sil
11.62265968322754,20,15,14,17,0,-6,-7,-6,4,3,11,21,9,5,sil
11.638316869735718,13,14,14,2,-2,0,-10,0,4,6,13,23,6,10,sil
11.638316869735718,3,2,0,-8,0,-3,-9,-5,3,3,6,6,-7,1,sil
11.653859853744509,-3,1,-1,0,0,-3,1,-5,-3,0,0,-8,-22,-15,sil
11.653859853744509,0,15,0,16,5,7,10,2,0,1,7,-5,-10,-13,sil
11.66919207572937,10,21,8,22,16,10,11,6,14,11,17,6,14,8,sil
11.66919207572937,5,12,9,17,9,2,8,8,18,12,13,4,18,14,sil
11.685226678848268,-11,-2,-12,5,-1,4,4,7,10,1,-1,-12,6,0,sil
11.685226678848268,-15,-11,-10,-8,0,9,5,8,3,0,-13,-16,2,-5,sil
11.700859785079956,-9,-9,-10,-14,3,2,8,5,0,1,-12,-8,1,-7,sil
11.700859785079956,-9,-4,-6,-8,-4,1,1,0,-2,-8,-17,-14,-12,-12,sil
11.717062711715698,-10,0,-1,1,-5,11,-5,-2,-6,-20,-26,-21,-21,-14,sil
11.717062711715698,-5,0,-12,8,3,10,-1,0,-4,-6,-13,-13,-7,-5,sil
11.732551574707031,4,1,9,9,2,0,10,0,-4,5,3,8,4,8,sil
11.732551574707031,10,1,19,11,-5,-5,17,-2,-10,-2,7,16,-2,13,sil
11.748295307159424,4,-3,-1,5,-10,-12,0,-7,-22,-14,0,8,-13,5,sil
11.748295307159424,0,-8,-3,-4,-9,-11,-16,-2,-24,-7,-5,6,-5,2,sil
11.763951778411863,4,-6,1,2,-3,-2,-11,0,-14,2,0,5,1,4,sil
11.763951778411863,7,0,8,13,0,4,-5,-2,-4,3,0,5,-2,2,sil
11.779079914093018,2,4,5,8,0,8,-2,-3,6,12,9,9,10,6,sil
11.779079914093018,2,1,0,-2,11,7,5,1,14,19,25,13,30,17,sil
11.794107675552368,2,0,2,0,15,9,6,2,14,13,16,9,20,12,sil
11.794107675552368,-4,-1,-8,-1,6,9,1,-1,15,13,-1,-4,3,0,sil
11.809319019317629,-8,-3,-1,-14,4,6,7,3,21,23,1,-3,7,6,sil
11.825178384780884,-3,-2,1,-10,7,6,13,4,25,25,5,1,10,14,sil
11.825178384780884,-2,-6,-10,-6,0,-2,0,0,12,1,-14,-9,-7,-1,sil
11.841793060302734,-2,-9,-5,-19,-7,-19,-9,-1,-8,-21,-20,-19,-17,-14,sil
11.842795372009276,0,0,-2,-9,-3,-17,-2,-5,-10,-9,-4,-7,0,-6,sil
11.842795372009276,2,11,6,7,0,-7,3,-5,-5,0,1,5,4,0,sil
11.857081413269045,0,5,4,-4,-6,-4,0,0,-8,-18,0,-2,-9,-6,sil
11.857081413269045,-3,-6,-6,-13,-14,-2,-5,-1,-4,-20,-3,-14,-14,-13,sil
11.872094869613647,0,-2,3,0,-6,0,-4,-1,1,-2,0,0,-2,-11,sil
11.889100074768066,6,-2,-1,6,0,-3,0,3,3,1,8,6,8,-5,sil
11.889100074768066,5,-9,-4,-1,-1,0,1,4,0,-3,8,0,4,0,sil
11.905160665512083,0,-2,-1,-3,0,7,0,6,9,4,7,1,1,-1,sil
11.905160665512083,-3,2,-7,-1,3,0,1,7,15,12,2,4,4,-7,sil
11.905160665512083,-8,-1,-3,-8,-2,-3,-7,1,2,1,-10,0,-2,-8,sil
11.920204401016235,-10,2,-6,-6,0,1,-12,-3,0,-5,-8,0,-8,-2,sil
11.920204401016235,1,15,1,1,5,1,-2,1,8,0,5,13,-2,2,sil
11.936017036437988,11,17,12,7,0,0,3,3,1,0,12,21,4,6,sil
11.936017036437988,4,11,3,10,-1,-1,-2,-3,-8,-11,11,2,3,4,sil
11.951375722885132,1,9,14,11,1,0,-5,-1,-11,-11,3,-3,0,3,sil
11.967080116271973,11,7,18,15,1,5,7,0,-13,-1,8,8,4,10,sil
11.967080116271973,15,2,7,18,3,1,8,-5,-22,-15,10,6,-4,11,sil
11.98285150527954,3,0,0,13,9,-9,-10,-10,-45,-38,-22,-14,-27,-6,thankyou
11.98285150527954,-7,0,-5,9,6,-10,-19,-11,-51,-24,-37,-21,-26,-15,thankyou
11.98285150527954,-2,1,7,14,0,2,-6,0,-23,5,0,-5,-5,-3,thankyou
11.999853372573853,0,-1,1,9,0,12,5,5,2,15,15,-1,0,1,thankyou
11.999853372573853,-8,-14,-10,-8,0,9,9,0,7,22,-8,-13,-3,0,thankyou
12.014321565628052,-17,-19,-10,-11,-5,8,13,-1,11,33,-15,-15,0,-1,thankyou
12.014321565628052,-17,-16,-15,1,-7,7,19,5,28,34,-2,-14,10,1,thankyou
12.03048038482666,-3,-9,-1,-3,0,4,20,12,47,29,0,-4,22,16,thankyou
12.046119928359984,6,-6,0,-9,6,3,17,9,49,31,3,12,26,25,thankyou
12.046119928359984,0,-6,-11,-11,-1,-1,5,2,25,18,7,15,14,12,thankyou
12.046119928359984,-8,1,-6,-9,-6,-3,-6,-1,6,-1,3,11,5,2,thankyou
12.06721305847168,4,11,-1,4,0,1,-4,-5,9,-12,6,14,13,8,thankyou
12.06721305847168,25,7,12,9,-1,3,-10,-3,7,-10,16,28,18,21,thankyou
12.076217651367188,19,0,6,-2,-4,-1,-20,-3,-6,0,13,20,7,13,thankyou
12.091353416442873,0,-1,-7,-14,-2,-2,-15,-7,-19,-10,-10,-6,-12,-19,thankyou
12.091353416442873,-3,0,-4,-20,0,3,0,-4,-15,-33,-23,-16,-21,-35,thankyou
12.1071457862854,0,0,-7,-21,4,0,6,0,-1,-28,-8,-14,-12,-21,thankyou
12.107577800750732,-1,1,0,-15,-3,-12,4,6,0,-8,0,-14,-8,-15,thankyou
12.122187852859495,-3,0,3,-9,-10,-17,3,7,0,-3,2,-10,-9,-14,thankyou
12.122187852859495,0,1,0,-2,0,-14,-1,3,0,-11,6,0,-6,-4,thankyou
12.13778519630432,1,4,10,0,0,-13,-11,1,-9,-18,0,2,-7,-5,thankyou
12.13778519630432,-2,0,2,0,-7,-17,-19,0,-10,-7,-2,-2,-5,-9,thankyou
12.152984619140623,-3,1,0,3,1,-10,-15,3,-5,4,8,0,0,1,thankyou
12.152984619140623,-8,4,0,3,9,0,-9,-1,-8,1,12,4,1,0,thankyou
12.1683030128479,-21,-4,-4,-2,-1,-1,-11,-5,-15,0,0,-6,-3,-10,thankyou
12.1683030128479,-14,1,11,10,0,3,-4,0,-12,6,-2,-3,1,0,thankyou
12.184334754943848,3,19,14,46,18,18,15,3,-3,16,14,3,11,15,thankyou
12.184334754943848,0,10,9,38,13,27,21,0,-7,13,10,1,4,10,thankyou
12.199875831604004,-1,-6,2,0,2,27,20,-1,0,11,-3,2,3,12,thankyou
12.199875831604004,11,-5,-6,-2,0,13,21,-3,13,15,0,2,6,17,thankyou
12.216008186340332,2,-1,-1,13,-10,1,4,-9,-5,3,-14,-14,-14,0,thankyou
12.216008186340332,-15,-9,-13,3,-9,8,2,-6,-16,-10,-45,-27,-28,-10,thankyou
12.231277465820312,0,-9,-10,-6,7,13,25,4,17,7,-28,-6,-4,3,thankyou
12.231277465820312,23,0,6,5,9,5,24,8,40,27,17,15,15,18,thankyou
12.24651837348938,23,2,0,2,0,-2,2,0,30,13,25,24,16,15,thankyou
12.24651837348938,25,0,7,-14,0,-9,-3,2,22,-5,15,35,19,11,thankyou
12.26239252090454,29,0,10,-9,-3,-19,-8,2,10,-13,14,28,18,4,thankyou
12.26239252090454,11,-1,0,-7,-10,-20,-16,-3,-4,-16,6,8,1,-2,thankyou
12.278292655944824,-1,-3,-1,-19,-1,-10,-11,-1,0,-7,7,8,0,0,thankyou
12.278292655944824,2,2,-4,-7,5,-17,-14,1,2,-1,13,10,10,3,thankyou
12.2943115234375,-1,4,0,9,-7,-25,-38,-4,-21,-16,-3,-5,-2,-4,thankyou
12.2943115234375,-19,0,-7,6,-12,-10,-42,-5,-33,-18,-9,-19,-13,-14,thankyou
12.3095543384552,-20,3,-7,1,-3,1,-21,2,-19,-2,5,-14,-4,-12,thankyou
12.3095543384552,-18,7,-3,2,-2,0,-6,3,-18,-8,-4,-14,-12,-23,thankyou
12.325170993804932,-29,-6,-20,-4,-8,5,-1,0,-25,-19,-30,-34,-33,-40,thankyou
12.325170993804932,-25,-13,-8,-13,-2,23,8,0,-15,-9,-26,-29,-25,-21,thankyou
12.341141700744627,-6,-1,4,-1,9,31,24,1,4,12,-6,-1,0,6,thankyou
12.341141700744627,2,2,4,4,15,19,31,5,12,20,0,1,7,10,thankyou
12.356847763061523,0,0,9,-1,11,6,31,5,18,24,0,-5,5,11,thankyou
12.356847763061523,-7,-3,0,-14,3,1,29,1,31,31,-1,0,9,15,thankyou
12.372177362442017,-3,-9,-2,-34,-7,-10,7,0,31,15,0,12,12,6,thankyou
12.372177362442017,1,-9,-4,-37,-13,-25,-13,0,13,-16,5,7,12,-10,thankyou
12.387579202651978,3,3,4,-8,0,-16,-12,-3,-4,-25,5,0,7,-10,thankyou
12.387579202651978,8,15,22,21,15,10,0,-1,-7,-4,8,6,0,4,thankyou
12.403254985809326,9,8,11,31,13,13,7,-3,-6,8,9,4,-6,9,thankyou
12.403254985809326,2,-3,1,24,1,0,7,0,-13,1,-5,-7,-6,4,thankyou
12.41935920715332,6,-4,-1,14,0,0,8,1,-7,0,-5,-5,0,14,thankyou
12.41935920715332,19,0,-5,8,-5,5,4,-3,13,8,10,8,9,24,thankyou
12.43460488319397,12,-4,0,-1,-9,-1,-8,-4,9,2,3,14,8,9,sil
12.43460488319397,1,-2,-3,-6,-8,-13,-21,-1,-5,-6,-4,11,6,-5,sil
12.450257062911987,14,12,10,3,-10,-16,-23,0,-8,-4,13,20,5,0,sil
12.450257062911987,26,22,14,18,-4,-7,-16,-1,-7,0,29,25,1,3,sil
12.466304779052734,12,15,-3,19,8,0,-9,-4,-16,-7,21,9,-3,-10,sil
12.466304779052734,-1,9,2,14,13,3,-2,2,-23,-17,3,-2,-12,-15,sil
12.48229694366455,-1,9,8,25,16,11,14,9,-10,-4,-2,-7,-16,-4,sil
12.48229694366455,1,5,3,28,20,24,28,5,6,12,-1,-7,-9,6,sil
12.497848510742188,-11,-8,-8,5,7,23,22,2,17,13,-9,-12,-1,7,sil
12.497848510742188,-27,-27,-25,-27,-14,3,9,2,17,8,-27,-27,-5,0,sil
12.51305603981018,-21,-26,-17,-39,-20,-12,-5,-1,9,6,-31,-22,-4,-4,sil
12.51305603981018,-17,-10,-13,-20,-11,-17,-15,-8,0,-4,-24,-9,0,-7,sil
12.52823519706726,-21,-8,-10,-14,-5,-10,-14,-8,0,-11,-25,-9,-2,-12,sil
12.52823519706726,-11,-15,-7,-27,-5,1,-7,-1,6,1,-11,-3,6,-6,sil
12.54376459121704,-3,-10,-7,-26,-6,-1,-7,-2,8,1,8,6,20,1,sil
12.54376459121704,-8,1,2,-13,-1,-10,-10,-2,1,-11,8,5,5,-6,sil
12.559175968170166,3,9,0,-5,4,-2,0,2,4,0,16,2,1,-11,sil
12.559175968170166,23,13,10,-3,3,1,4,6,12,11,33,17,16,3,sil
12.575259685516356,17,12,22,-5,-3,-7,-6,2,6,4,28,25,17,10,sil
12.575259685516356,6,9,3,3,0,-11,-14,-1,-5,0,12,10,5,0,sil
12.59030818939209,9,14,11,19,6,-1,0,3,-11,-8,0,0,-9,0,sil
12.59030818939209,11,12,16,22,8,8,14,6,-12,-18,-3,1,-16,7,sil
12.605942726135254,11,7,8,17,7,13,14,4,-12,-4,4,4,-8,8,sil
12.605942726135254,5,8,9,20,8,16,13,-1,-15,4,0,1,-6,2,sil
12.62123155593872,-11,-2,-4,15,2,10,12,-9,-16,-11,-20,-15,-20,-4,sil
12.622230768203735,-16,-19,-7,-4,-7,3,6,-7,-20,-22,-31,-25,-24,-5,sil
12.63683819770813,-7,-18,-11,-5,-4,3,7,0,-7,0,-14,-14,-5,2,sil
12.63683819770813,-3,-13,-13,1,-1,1,8,2,6,20,0,-4,4,9,sil
12.652942180633543,-4,-13,-4,-3,-8,0,1,-1,5,17,-4,-7,0,3,sil
12.65394115447998,-6,-5,-8,-5,-7,-2,-4,-6,2,8,-14,-15,-3,-2,sil
12.66921615600586,-1,0,-2,-3,0,-3,-7,-1,12,10,-6,-3,4,0,sil
12.66921615600586,4,-5,-1,-8,-1,-3,-7,2,30,21,13,12,18,0,sil
12.683362007141112,8,-2,-5,-5,-1,-3,-4,3,35,22,22,17,25,-1,sil
12.698856115341188,15,19,15,6,8,0,-1,11,25,10,24,26,23,7,sil
12.698856115341188,19,25,14,2,14,0,-2,5,10,0,28,32,22,9,sil
12.71425199508667,9,11,2,-8,4,-14,-12,-5,-9,-16,17,24,12,-1,sil
12.71425199508667,2,13,1,0,0,-17,-15,-5,-24,-30,1,7,-7,-9,sil
12.729405641555786,2,21,6,17,0,-11,-13,0,-23,-26,0,-3,-17,-11,sil
12.729405641555786,-4,13,10,14,-6,-10,-11,-1,-19,-14,0,-2,-12,-11,sil
12.74492645263672,-10,0,0,4,-4,0,-1,0,-10,2,0,-6,-8,-3,sil
12.74492645263672,-4,-3,2,6,9,22,17,7,0,10,-4,-12,-9,2,sil
12.7600359916687,-7,-12,0,14,12,30,23,2,11,8,-14,-19,-11,1,sil
12.7600359916687,-22,-23,-22,0,1,17,16,-4,10,9,-22,-33,-10,0,sil
12.775180339813232,-25,-25,-21,-27,-4,6,8,1,0,3,-30,-32,-10,1,sil
12.775180339813232,-12,-21,-13,-23,-2,-1,6,0,0,-1,-23,-16,-4,4,sil
12.790540218353271,2,-14,1,-8,-2,-7,1,-4,12,2,1,1,9,9,sil
12.790540218353271,10,-8,0,-10,-8,-6,-6,-2,11,2,10,9,17,8,sil
12.806034803390505,10,-5,-9,-17,-14,-14,-15,0,-4,-13,0,9,7,0,sil
12.806034803390505,10,5,5,-11,-7,-18,-18,0,-25,-21,0,16,-8,-10,sil
12.821240425109863,3,12,2,4,5,-2,-5,-3,-29,-19,1,9,-10,-13,sil
12.821240425109863,0,4,0,15,5,10,10,-2,-5,-12,-8,-5,-5,-5,sil
12.836532592773438,-1,-1,3,12,0,12,14,0,12,10,-13,-10,-1,0,sil
12.836532592773438,-9,-5,-8,1,-5,6,6,-5,1,20,-17,-10,-3,-1,sil
12.852425575256348,-6,-3,0,-3,-8,2,1,0,-1,9,-12,0,3,6,sil
12.852425575256348,17,7,12,1,0,0,2,6,19,15,23,26,31,24,sil
12.867892742156982,27,14,14,-2,4,-7,0,1,24,17,42,35,38,20,sil
12.867892742156982,9,7,11,-14,-7,-17,-10,-2,3,-2,22,19,13,-1,sil
12.883270740509031,0,4,3,-6,-7,-17,-16,2,-6,-9,14,7,-2,-11,sil
12.883270740509031,3,14,12,3,7,-5,-18,1,-13,-3,25,6,-3,-12,sil
12.899384498596191,0,15,4,3,9,0,-17,-6,-20,-6,19,0,-9,-19,sil
12.899384498596191,-7,8,0,9,3,0,-10,1,-18,-7,1,-5,-15,-12,sil
12.914947509765623,0,13,15,26,11,9,2,13,0,2,4,5,-7,9,sil
12.914947509765623,10,15,8,31,19,12,15,7,14,7,7,2,0,16,sil
12.93050456047058,2,1,-1,13,8,8,13,0,9,-4,-16,-11,-11,5,sil
12.93050456047058,-16,-7,-18,4,2,9,10,-2,1,-9,-29,-21,-27,-4,sil
12.94625163078308,-16,-8,-22,10,9,13,20,-3,8,1,-13,-20,-20,-3,sil
12.94625163078308,-7,-11,-2,7,4,10,22,0,19,11,-8,-11,-12,2,sil
12.96193528175354,-8,-13,-8,-1,-3,1,11,2,20,16,-14,-8,-16,0,sil
12.96193528175354,-5,-13,-8,-8,0,3,11,0,15,19,-16,-6,-8,0,sil
12.977206707000732,-1,-18,-10,-17,-3,6,13,0,12,7,-21,-11,10,2,sil
12.977206707000732,-7,-20,-19,-25,-16,-4,-3,-2,-1,-10,-23,-20,13,0,sil
12.993528366088867,-9,-16,-8,-23,-15,-6,-18,-3,-22,-15,-13,-13,8,-5,sil
12.993528366088867,-6,-16,-8,-16,-5,0,-10,-4,-20,-6,-6,-2,9,-4,sil
13.008196115493774,1,-7,0,-14,-6,-4,0,1,-1,0,-1,6,15,0,sil
13.008196115493774,12,4,8,-9,-11,-15,-1,3,0,5,13,14,26,6,sil
13.023428678512571,13,0,4,-5,-10,-21,-15,0,-15,-1,18,15,25,3,sil
13.023428678512571,8,2,8,-8,-5,-14,-27,-5,-19,-16,13,18,11,-2,sil
13.039199590682983,10,15,5,-1,-7,0,-14,-4,-4,-10,22,19,7,-4,sil
13.039199590682983,13,18,10,1,-10,0,-4,2,-6,1,24,13,6,-3,sil
13.056094646453856,5,13,13,-5,0,-11,-15,-1,-18,-9,5,6,1,-5,sil
13.056094646453856,2,12,7,4,9,-18,-19,-8,-22,-27,-1,7,-2,-4,sil
13.071801662445068,8,18,10,21,6,-4,-5,0,-6,-12,8,12,-10,1,sil
13.071801662445068,1,14,0,14,6,13,7,9,20,17,14,2,-9,3,sil
13.087932586669922,-7,2,0,7,13,10,6,8,22,15,2,-5,-7,1,sil
13.087932586669922,0,1,11,21,19,7,7,3,7,3,-1,-3,-13,4,sil
13.1020245552063,2,11,3,26,22,17,16,1,9,9,5,0,-9,8,sil
13.1020245552063,-7,7,0,19,17,24,24,2,13,13,2,0,-3,5,sil
13.117145776748655,-13,-6,-7,17,9,16,20,-1,2,3,-11,-9,-16,-3,sil
13.133528470993042,-7,-12,-5,0,1,4,7,-7,-7,-6,-19,-16,-24,-5,sil
13.133528470993042,-4,-8,2,-16,-7,0,6,-1,-2,1,-9,-9,-5,3,sil
13.133528470993042,-3,-11,-2,-5,-11,-1,13,3,13,17,0,-3,8,10,sil
13.14805555343628,-1,-13,-4,3,-9,0,9,1,15,11,-7,-4,2,3,sil
13.163219928741457,-4,-12,-16,-4,-5,1,0,-2,13,2,-16,-9,0,0,sil
13.163219928741457,0,-4,-10,-9,-5,2,5,3,22,15,-4,-1,11,7,sil
13.1783926486969,14,4,7,0,-7,2,10,7,26,18,11,13,22,15,sil
13.1783926486969,14,0,-1,-2,-7,-12,-4,-4,5,-2,9,11,17,11,sil
13.194147825241089,0,-11,0,-27,-11,-24,-25,-8,-21,-23,-2,2,4,-4,sil
13.194147825241089,-7,-10,-1,-38,-14,-20,-26,-1,-25,-21,0,0,2,-17,sil
13.209217309951782,0,-2,-8,-21,-9,-14,-19,0,-17,-16,8,-1,-2,-17,sil
13.209217309951782,1,3,1,-6,1,-8,-17,-3,-14,-15,1,0,-13,-17,sil
13.22455096244812,-3,9,3,3,6,-2,-14,-3,-12,-8,0,2,-7,-20,sil
13.22455096244812,1,12,10,6,1,-2,-13,1,-13,-10,0,0,-2,-10,sil
13.240626573562622,0,9,0,6,4,0,-9,0,-16,-17,-11,-14,-13,-7,sil
13.240626573562622,-17,2,-11,7,10,7,-3,-4,-17,-12,-27,-24,-21,-22,sil
13.255903244018556,-20,2,0,12,11,17,0,0,-12,0,-17,-13,-13,-21,sil
13.255903244018556,-7,0,-3,12,9,17,11,3,-6,0,-2,-8,0,-2,sil
13.271490097045898,0,-7,0,4,5,10,21,0,0,9,-2,-7,5,11,sil
13.271490097045898,5,0,6,9,2,14,21,0,8,24,0,1,9,21,sil
13.287194728851318,9,4,3,21,1,17,22,2,15,16,-4,7,5,23,sil
13.287194728851318,3,-1,0,5,-3,9,22,4,18,4,-14,0,0,12,sil
13.302338123321531,-1,-10,-14,-13,-5,-1,18,2,30,22,4,0,6,12,sil
13.302338123321531,6,-6,0,-4,0,-6,13,5,33,35,29,17,24,30,sil
13.317867279052734,15,-2,12,4,2,-7,8,3,19,23,26,27,30,32,sil
13.317867279052734,14,0,5,-6,0,-8,0,2,11,9,21,23,22,17,sil
13.333901166915894,13,5,6,-12,0,-9,-8,5,9,1,30,26,9,9,sil
13.333901166915894,8,8,0,-5,-5,-16,-20,-3,2,-8,29,22,1,3,sil
13.34950590133667,3,6,2,-6,-17,-24,-35,-7,-14,-27,10,8,-3,-8,sil
13.34950590133667,3,5,9,-7,-12,-21,-35,-3,-21,-30,3,3,-9,-16,sil
13.365339756011965,6,8,5,0,3,-9,-20,-8,-20,-15,10,1,-13,-14,sil
13.365339756011965,3,13,8,3,7,2,-11,-7,-28,-18,-2,-4,-14,-15,sil
13.380904197692873,-13,4,-9,1,0,2,-3,-1,-36,-31,-26,-21,-19,-21,sil
13.380904197692873,-24,-10,-14,0,-1,4,5,-2,-25,-21,-34,-33,-25,-21,sil
13.396344661712646,-17,-9,0,4,2,14,12,-2,-2,0,-20,-23,-10,-15,sil
13.396344661712646,-6,1,0,13,2,14,13,0,7,10,-5,-16,2,-12,sil
13.41208529472351,-6,3,3,12,0,11,13,1,7,8,-10,-18,-5,-10,sil
13.41208529472351,-9,-4,0,6,2,13,14,2,12,10,-13,-14,-9,-4,sil
13.42723512649536,-6,-6,-1,6,6,14,11,2,15,18,-3,0,4,5,sil
13.42723512649536,0,-1,4,10,8,12,5,1,10,17,0,7,9,9,sil
13.443169116973875,0,-1,0,2,1,0,0,0,5,10,-1,9,2,5,sil
13.443169116973875,2,-4,7,-3,-6,-2,-1,6,5,11,0,11,3,5,sil
13.459232091903688,9,-2,3,7,-1,5,0,6,12,13,1,3,12,9,sil
13.459232091903688,10,-2,-3,11,10,7,4,1,14,8,-1,3,14,17,sil
13.475260257720947,5,-3,-2,-2,9,8,11,-1,10,4,0,13,9,21,sil
13.475260257720947,2,-2,-9,-5,-2,0,4,0,3,-1,-1,8,0,9,sil
13.49127984046936,4,-1,-3,-7,-10,-21,-8,0,-9,-15,-3,5,-8,0,sil
13.49127984046936,7,-5,-7,-18,-7,-25,-7,0,-4,-11,14,10,0,6,sil
13.506319284439089,8,-6,-11,-25,-6,-18,-8,-5,2,-4,14,5,13,9,sil
13.506319284439089,1,3,0,-19,-7,-18,-13,-3,-7,-8,-4,1,5,1,sil
13.522027015686035,-1,8,-3,-11,-5,-16,-5,-1,-15,-15,2,1,-1,-8,sil
13.522027015686035,0,7,4,-11,-4,-4,-2,-1,-11,-20,14,-2,-2,-16,sil
13.53732419013977,-3,7,7,-8,2,9,0,1,0,-7,1,-14,-5,-12,sil
13.53732419013977,-14,2,-7,-3,9,18,5,4,5,4,-15,-24,-14,-10,sil
13.552965879440308,-23,-4,-7,-1,4,14,-4,0,-4,3,-23,-27,-21,-20,sil
13.552965879440308,-26,-10,-11,-4,0,6,-10,-2,-11,12,-24,-32,-17,-23,sil
13.568092823028564,-22,-15,-11,-12,0,8,10,3,1,20,-19,-27,-15,-9,sil
13.568092823028564,-10,-16,-11,-12,-2,8,21,4,12,10,-9,-13,-9,0,sil
13.584137201309204,2,-7,-3,-1,0,0,8,-4,9,9,6,4,5,4,sil
13.584137201309204,13,6,21,8,-6,-7,-1,-4,0,5,15,24,14,14,sil
13.599268913269045,23,17,19,17,-14,-15,-4,-1,-6,-15,16,34,12,17,sil
13.599268913269045,35,19,20,20,-5,-19,-7,2,-1,-16,36,45,23,14,sil
13.614603281021118,32,17,23,21,3,-8,-7,4,3,1,56,51,34,17,sil
13.614603281021118,19,18,16,27,0,-1,-14,1,-7,-5,40,36,20,13,sil
13.630321741104126,18,26,24,37,8,0,-16,1,-20,-14,20,23,2,4,sil
13.630321741104126,18,24,13,48,26,7,-1,0,-6,9,25,15,6,4,sil
13.64719557762146,0,7,1,37,23,20,6,0,0,9,5,-5,0,0,sil
13.64719557762146,-23,-9,-8,10,6,13,1,-1,-5,-14,-32,-29,-19,-17,sil
13.662947177886965,-22,-16,-18,-3,0,0,3,-1,2,-5,-34,-30,-15,-19,sil
13.662947177886965,-15,-14,-6,-6,2,10,13,-1,17,15,-24,-21,-6,-6,sil
13.677083730697632,-29,-19,-21,-17,0,18,17,-4,13,5,-37,-34,-20,-9,sil
13.692673444747925,-32,-22,-30,-27,-12,7,12,0,4,-1,-44,-38,-29,-14,sil
13.692673444747925,-9,-12,-5,-21,-9,8,12,4,12,16,-14,-13,-4,0,sil
13.708365201950071,0,-13,1,-17,3,3,8,-2,21,22,0,-2,12,16,sil
13.708365201950071,0,-18,-3,-19,-1,-10,-1,-3,15,1,-16,-5,-2,16,sil
13.708365201950071,5,-9,-8,-17,-11,-7,0,0,4,-8,-21,-6,-10,8,sil
13.723872184753418,0,-9,-9,-25,-10,-11,0,-3,-9,-11,-14,-10,-2,-2,thankyou
13.739090204238892,-3,-15,-9,-32,-17,-22,-11,-5,-20,-17,-15,-8,0,-4,thankyou
13.739090204238892,9,0,-6,-16,-18,-13,-6,0,-13,-7,0,9,8,9,thankyou
13.754206895828249,12,15,9,-2,-2,1,0,4,-7,1,22,21,17,11,thankyou
13.754206895828249,3,13,0,-2,5,3,-11,2,-6,0,21,12,14,-4,thankyou
13.770198583602903,12,11,1,-2,-3,-3,-15,2,0,4,23,17,16,0,thankyou
13.770198583602903,22,15,16,1,-4,-4,-7,2,5,15,41,37,26,19,thankyou
13.786221981048584,11,13,9,10,5,-3,-1,1,1,4,38,31,15,5,thankyou
13.786221981048584,1,10,11,10,11,0,-1,4,-11,-14,9,7,-9,-19,thankyou
13.801846504211426,0,11,6,4,9,-3,2,0,-13,-11,0,0,-8,-17,thankyou
13.801846504211426,6,14,7,14,9,-9,6,-3,-6,-2,10,6,2,-8,thankyou
13.817071676254272,2,11,13,20,11,-6,1,3,0,0,8,6,-4,-10,thankyou
13.817071676254272,-11,2,-11,7,1,-3,-3,2,2,-1,0,-11,-17,-11,thankyou
13.833087682724,-12,8,-6,8,-5,1,-5,-4,5,-5,-9,-20,-14,-9,thankyou
13.833087682724,-3,7,6,28,7,9,-4,-1,10,-5,-7,-9,-3,-7,thankyou
13.84822702407837,-2,-8,-3,19,12,9,-1,1,11,0,-4,-4,0,-2,thankyou
13.84822702407837,-5,-11,-3,-1,2,13,6,0,7,2,-10,-13,-6,1,thankyou
13.8643217086792,-7,-6,-7,1,0,16,12,-3,7,2,-14,-25,-13,0,thankyou
13.8643217086792,-8,-10,-4,11,1,2,1,0,-1,4,-9,-16,-8,0,thankyou
13.879904747009276,-12,-11,-3,7,1,-2,-3,1,-19,-3,-16,-9,-8,1,thankyou
13.879904747009276,-19,-13,-11,-8,0,9,4,-2,-21,-13,-31,-18,-23,0,thankyou
13.896538257598875,-15,-17,-6,-17,-5,11,11,-2,-6,-2,-24,-15,-19,1,thankyou
13.896538257598875,-3,-10,-2,-4,-4,0,6,-2,2,17,-1,3,4,8,thankyou
13.914453268051147,6,0,6,5,0,0,0,1,3,17,6,15,16,20,thankyou
13.914453268051147,12,-2,2,-1,-7,8,7,6,12,17,16,17,20,27,thankyou
13.92758846282959,11,-8,-8,-12,-11,5,13,4,16,22,19,9,24,19,thankyou
13.92758846282959,6,-2,5,-21,-8,-3,1,1,1,1,2,2,11,3,thankyou
13.943538665771484,5,2,5,-14,-5,-2,-9,0,-1,-9,2,8,6,-2,thankyou
13.943538665771484,6,1,4,-4,0,-1,-5,-5,3,0,10,18,13,0,thankyou
13.958256483078005,6,0,5,-7,-2,-13,-2,-7,7,5,4,14,17,5,thankyou
13.958256483078005,12,3,5,-9,-10,-22,-4,0,13,0,4,5,18,4,thankyou
13.974319219589232,16,9,16,0,-6,-11,-1,8,13,-4,11,10,12,-3,thankyou
13.974319219589232,11,7,1,1,2,-7,-2,-1,2,-1,7,8,0,-10,thankyou
13.989861965179443,8,7,-5,-2,1,-14,-9,-7,-5,-1,1,4,-5,-5,thankyou
13.989861965179443,6,13,4,1,9,-8,-2,0,0,-6,4,7,-4,-2,thankyou
14.004984378814695,1,9,-5,8,20,0,5,-1,3,-10,9,6,-4,-9,thankyou
14.004984378814695,-3,3,-2,2,6,-2,-6,-3,-9,-15,4,0,-13,-16,thankyou
14.020145177841188,-6,9,0,0,-6,-3,-13,0,-23,-24,-8,-12,-25,-19,thankyou
14.020145177841188,-4,8,0,9,0,5,-4,3,-22,-21,-11,-13,-24,-12,thankyou
14.036153554916382,-4,-1,1,13,9,13,0,1,-16,-10,-4,-7,-11,-3,thankyou
14.036153554916382,-7,0,-9,6,7,11,-2,0,-13,-1,-8,-14,-4,-6,thankyou
14.051272630691528,0,11,0,11,1,5,-5,2,-11,1,-7,-14,0,-2,thankyou
14.051272630691528,-2,2,5,19,0,7,-1,2,-2,5,9,-1,11,8,thankyou
14.073837995529177,-16,-12,-1,5,0,13,3,1,3,15,2,-1,7,7,thankyou
14.073837995529177,-21,-12,-6,-8,-1,15,4,-2,-1,23,-18,-11,-8,-1,thankyou
14.073837995529177,-19,-11,-15,-2,-3,7,4,-6,-3,9,-16,-16,-12,-4,thankyou
14.082883358001707,-17,-16,-8,-4,-4,2,5,0,4,-7,-6,-10,-2,1,thankyou
14.09792137145996,-9,-17,-8,-9,-3,3,8,4,20,7,-4,-8,2,7,thankyou
14.09792137145996,0,-14,-8,-6,-2,0,11,1,20,13,-12,-12,-6,0,thankyou
14.113019227981567,1,-8,4,-2,-3,-3,12,3,8,1,-15,-5,-10,-3,thankyou
14.113019227981567,3,-6,0,-3,0,0,11,2,11,9,-2,4,5,10,thankyou
14.129748106002808,5,-2,0,-6,6,2,8,2,20,17,9,11,17,20,thankyou
14.129748106002808,8,3,2,-3,5,-6,6,0,20,7,16,11,16,10,thankyou
14.144691944122314,11,5,1,-5,-6,-17,-3,-2,12,3,19,14,16,4,thankyou
14.144691944122314,14,8,13,-10,-8,-17,-10,-1,2,0,19,30,17,10,thankyou
14.16017460823059,22,14,10,-3,-1,-15,-7,-3,-1,-12,21,36,13,11,thankyou
14.16017460823059,23,10,13,0,-7,-15,-18,-4,-10,-24,8,15,-2,-5,thankyou
15.577544689178469,-14,-16,-24,-42,-13,-13,-13,0,12,-17,-7,-4,-4,-18,thankyou
15.578065872192385,-2,3,-6,-12,9,-9,-18,-7,-2,-21,6,6,-9,-13,thankyou
15.592127799987791,7,17,7,10,15,-8,-15,-2,-8,-14,8,4,-6,-3,thankyou
15.592127799987791,4,14,3,-1,0,-5,-9,3,-10,-6,12,2,2,-7,thankyou
15.607300519943236,8,18,10,5,0,2,-1,2,-16,1,27,19,7,-6,thankyou
15.62283420562744,13,22,7,35,12,8,11,-2,-20,2,28,22,7,9,thankyou
15.623835563659668,5,11,9,35,6,8,9,-3,-28,-8,0,3,0,7,thankyou
15.637996196746826,0,8,14,35,0,7,3,1,-31,-5,-4,-1,0,-5,thankyou
15.637996196746826,3,10,14,39,3,5,11,2,-15,14,14,8,4,4,thankyou
15.65314507484436,0,0,13,14,0,1,13,0,2,18,12,12,3,21,thankyou
15.65314507484436,-2,-10,-1,4,-3,6,9,-1,13,18,0,0,7,19,thankyou
15.668850183486938,6,-3,3,15,0,13,17,6,26,24,1,0,19,20,thankyou
15.668850183486938,9,-4,2,-5,-1,7,19,9,44,27,14,18,32,31,thankyou
15.684377908706663,0,-16,-11,-30,-9,-3,2,0,41,16,11,16,33,23,thankyou
15.684377908706663,-2,-18,-1,-27,-7,-3,-10,-5,12,-9,-10,-5,6,-2,thankyou
15.700389385223389,3,-8,-3,-18,0,-9,-9,0,0,-20,-12,-8,-13,-12,thankyou
15.700389385223389,18,12,3,-3,4,-18,-12,7,3,-8,12,18,0,-2,thankyou
15.71598196029663,25,23,11,9,6,-10,-14,3,3,1,21,22,10,1,thankyou
15.71598196029663,15,10,2,-3,6,-5,-9,-2,2,-3,13,0,-1,0,thankyou
15.733851909637451,6,9,11,-12,5,-7,-10,0,-3,-7,14,0,-7,-2,thankyou
15.733851909637451,0,11,6,0,1,-1,-12,-2,-23,-9,8,-1,-7,-8,thankyou
15.747298002243042,-10,-3,-5,-7,-4,5,-12,-5,-27,-18,-9,-20,-22,-14,thankyou
15.747298002243042,-9,-4,-5,1,-2,7,-7,0,-8,-17,-13,-19,-24,-11,thankyou
15.762646436691284,-9,6,-7,28,5,7,1,0,-8,-2,-17,-10,-14,-7,thankyou
15.762646436691284,-18,-4,-6,12,3,10,16,-2,-15,1,-27,-12,-15,-9,thankyou
15.778181314468384,-19,-19,-12,-9,0,12,30,0,5,0,-20,-13,-8,-8,thankyou
15.778181314468384,-11,-13,-6,2,0,9,25,3,14,7,-14,-9,4,-1,thankyou
15.794193983078005,-11,-7,-3,3,0,2,1,0,-2,10,-20,-13,1,-4,thankyou
15.794193983078005,-14,-11,-16,-11,-5,-4,-10,-9,-8,5,-18,-16,-4,-12,thankyou
15.810255527496338,-10,-12,-5,-11,-14,-7,-5,-6,-6,3,-12,-5,0,-9,thankyou
15.810255527496338,-6,-6,-3,-4,-11,-3,0,0,-3,14,0,3,8,-1,thankyou
15.826268196105955,-2,3,-4,-3,6,2,4,1,8,18,12,6,13,2,thankyou
15.826268196105955,1,7,5,2,10,1,9,1,13,7,6,8,8,7,thankyou
15.842262268066406,2,0,-7,0,0,-8,2,3,11,-2,1,5,0,3,thankyou
15.842262268066406,6,1,-1,-13,0,-9,-13,4,7,-9,12,14,-1,-1,thankyou
15.857157468795776,15,17,16,-2,6,-1,-12,0,0,-12,25,22,5,4,thankyou
15.857157468795776,19,18,14,9,3,-1,-5,1,-7,-20,20,13,1,4,thankyou
15.87194323539734,6,5,5,-9,-7,-8,-9,-2,-15,-26,2,0,-14,-9,thankyou
15.87194323539734,-2,0,3,-14,-15,-8,-13,-13,-23,-26,-4,-3,-13,-9,thankyou
15.887511491775513,6,6,16,13,-6,2,-3,0,-17,-15,-3,-2,-4,9,thankyou
15.887511491775513,8,5,1,22,7,8,7,10,0,2,-4,-8,-2,18,thankyou
15.903557062149048,-2,-8,-10,6,3,1,6,0,2,15,-7,-14,0,12,thankyou
15.903557062149048,2,-4,8,6,2,9,9,-2,12,23,-1,-4,7,14,thankyou
15.919394969940186,14,0,1,13,8,20,19,4,41,39,7,-1,16,20,thankyou
15.919394969940186,8,-9,-6,-1,-4,4,15,6,33,33,4,-3,18,16,thankyou
15.935383319854736,-2,-14,-5,-15,-15,-16,0,2,0,6,-7,0,12,3,thankyou
15.935383319854736,0,-9,-4,-9,-1,-12,-4,-1,-2,-3,-2,12,8,-3,thankyou
15.950260877609251,9,0,10,-5,3,-1,-2,2,13,1,22,25,15,0,thankyou
15.950260877609251,4,8,4,-10,0,-2,-3,6,12,6,28,20,17,0,thankyou
15.965287685394289,-3,8,0,-3,7,-5,-9,0,-6,0,8,8,0,-6,thankyou
15.965287685394289,0,11,1,20,16,-1,-9,-5,-23,-17,4,6,-6,-12,thankyou
15.98045253753662,1,19,2,30,15,0,-3,-3,-16,-23,11,4,-2,-13,thankyou
15.98045253753662,-8,14,6,12,7,0,-4,0,-8,-11,0,-2,-9,-13,thankyou
15.996328353881836,-21,-6,-11,-3,-1,0,-4,-4,-23,-12,-15,-18,-21,-14,thankyou
15.996328353881836,-23,-12,-13,-5,-4,0,-3,-6,-36,-30,-27,-26,-26,-16,thankyou
16.011306762695312,-17,0,-1,5,2,13,6,0,-11,-16,-24,-17,-23,-9,thankyou
16.011306762695312,-6,4,-3,10,5,21,20,2,17,17,-8,-9,-15,2,thankyou
16.027316570281982,0,-5,4,0,-5,12,14,-1,20,27,-7,-5,-7,7,sil
16.027316570281982,0,-14,2,-11,-7,10,8,-2,18,22,-6,-2,5,8,sil
16.043370008468628,0,-13,0,-18,-2,10,8,-2,20,17,-4,-2,11,8,sil
16.043370008468628,2,-11,-1,-17,-6,0,-1,-2,15,4,-13,-6,2,4,sil
16.058555603027344,9,-8,-1,-11,-10,-15,-16,2,11,-2,-7,5,6,7,sil
16.058555603027344,15,1,9,-13,-13,-20,-18,7,9,0,17,27,21,12,sil
16.082244396209717,4,-3,-2,-16,-21,-14,-17,-2,0,-5,18,10,11,-3,sil
16.082244396209717,-5,-12,-5,-13,-19,-11,-16,-3,-17,-24,-3,-8,-13,-16,sil
16.082244396209717,4,5,8,0,-6,-12,-3,5,-19,-26,0,9,-8,-6,sil
16.106462001800537,11,16,-1,9,1,-11,4,3,-8,-9,17,17,10,-3,sil
16.106462001800537,0,4,-1,2,7,-4,0,-1,-18,-9,5,-4,0,-13,sil
16.106462001800537,-4,2,0,7,19,1,1,-3,-27,-9,-6,-15,-12,-4,sil
16.122141361236572,0,13,0,28,25,12,17,1,-4,13,3,-2,1,15,sil
16.122141361236572,2,10,1,29,18,28,27,6,16,32,5,-2,8,15,sil
16.138046503067017,1,-3,-10,13,11,21,15,1,15,28,-7,-16,2,7,sil
16.138046503067017,4,-5,0,0,8,0,-1,0,13,21,-4,-7,7,13,sil
16.153536796569824,6,0,4,-2,1,-4,-1,4,27,24,8,11,17,16,sil
16.153536796569824,11,8,2,2,-4,-7,-2,-2,22,14,17,20,14,9,sil
16.169576168060303,12,18,9,1,-2,-16,-16,-8,-4,-5,24,25,8,-1,sil
16.169576168060303,-6,10,-4,-8,-3,-11,-18,-8,-25,-28,5,0,-7,-19,sil
16.1851863861084,-27,-10,-13,-12,-7,7,-5,-8,-39,-49,-38,-34,-33,-29,sil
16.1851863861084,-23,-14,-14,-2,0,12,8,-2,-37,-34,-40,-30,-30,-16,sil
16.20088243484497,-7,-6,-9,4,0,6,13,8,-1,7,-10,0,-3,0,sil
16.20088243484497,-3,-8,6,1,-8,7,12,11,32,21,-7,6,11,10,sil
16.216321229934692,-3,-16,2,-10,-14,0,10,3,33,12,-6,0,16,18,sil
16.216321229934692,7,-9,6,-18,-11,-12,0,3,14,4,9,12,14,13,sil
16.23210883140564,14,3,11,-8,-3,-14,-15,4,9,-6,21,22,7,2,sil
16.24789071083069,8,2,3,-4,-3,-14,-25,0,6,-19,21,14,-1,-1,sil
16.24789071083069,2,0,9,-12,-9,-14,-22,-2,-14,-16,12,6,-8,-8,sil
16.24789071083069,1,9,6,-3,2,-2,-8,-3,-29,-3,6,-3,-8,-18,sil
16.262454986572266,6,18,11,12,20,12,5,0,-13,0,10,-10,-10,-12,sil
16.278842210769653,2,12,4,17,16,12,3,0,-1,-4,4,-9,-14,-1,sil
16.278842210769653,-13,0,-10,18,5,2,-2,-2,-8,2,-10,-14,-16,-3,sil
16.278842210769653,-17,-5,0,13,2,8,6,0,1,15,-16,-14,-8,-3,sil
16.293869256973267,-10,-11,-7,4,1,18,21,0,29,26,-12,-9,3,3,sil
16.293869256973267,-3,-14,-11,0,-3,12,19,0,25,20,-13,-7,7,6,sil
16.308905363082886,5,-3,1,1,-3,6,21,1,20,13,-6,0,10,8,sil
16.308905363082886,17,3,0,-2,0,5,23,2,24,17,9,15,18,16,sil
16.324363708496094,17,2,3,-9,-1,0,2,0,6,17,13,27,19,12,sil
16.341480255126953,9,2,3,-2,0,-12,-11,-6,-3,0,13,18,16,0,sil
16.341480255126953,6,5,3,0,3,-17,-10,-3,-3,-13,10,7,9,0,sil
16.356091022491455,3,10,3,-5,0,-12,-20,1,-24,-15,6,5,0,0,sil
16.356091022491455,-2,13,-2,1,0,-9,-30,-3,-44,-24,0,-1,-5,-6,sil
16.371395111083984,-12,7,-2,9,3,0,-18,-6,-40,-32,-12,-14,-17,-13,sil
16.371395111083984,-19,-8,-15,0,4,9,4,0,-22,-9,-25,-26,-20,-8,sil
16.388867378234863,-14,-19,-14,-9,-3,7,16,6,4,15,-22,-23,-4,2,sil
16.388867378234863,0,-16,2,-6,-9,0,11,5,17,7,-9,-5,6,6,sil
16.388867378234863,7,-15,-2,-4,-9,-2,0,-2,8,-2,0,5,5,3,sil
16.40354037284851,11,-7,0,-5,-6,-2,1,1,7,5,5,16,9,5,sil
16.417863368988037,10,5,0,-1,-3,-7,4,6,17,16,17,17,17,13,sil
16.417863368988037,2,1,0,-4,-5,-11,-5,-1,12,-1,15,3,6,8,sil
16.433974981307983,2,0,6,-10,-1,-4,-8,-3,8,-12,11,7,-5,-5,sil
16.433974981307983,12,17,6,5,14,4,5,4,21,10,25,22,7,-4,sil
16.45103621482849,19,32,23,18,20,6,3,1,11,14,27,20,10,6,sil
16.45103621482849,6,21,14,16,9,1,-8,-9,-18,-18,4,0,-10,-5,sil
16.45103621482849,-16,0,-12,7,0,-2,-12,-1,-33,-34,-19,-18,-29,-29,sil
16.46624779701233,-26,-7,-9,3,-1,0,-7,10,-28,-18,-28,-27,-33,-27,sil
16.481389045715332,-23,-6,-10,3,0,5,4,2,-14,0,-29,-39,-26,-14,sil
16.481389045715332,-27,-14,-17,-7,-2,12,15,-2,0,5,-31,-38,-13,-9,sil
16.496954202651978,-32,-20,-24,-16,-3,16,14,1,5,1,-30,-29,-9,-6,sil
16.496954202651978,-20,-13,-15,-6,-5,10,8,-4,3,-2,-25,-23,-11,-2,sil
16.51293396949768,-1,-9,3,-9,-13,0,1,-2,8,3,-10,-3,0,10,sil
16.51293396949768,8,-14,0,-28,-16,-10,-6,3,16,9,3,17,19,21,sil
16.52860426902771,20,-2,8,-18,-5,-14,-13,0,16,4,8,24,20,16,sil
16.52860426902771,30,17,23,11,5,-6,-11,-8,18,8,31,35,19,12,sil
16.544190645217896,29,20,23,19,8,0,-1,-1,19,22,62,52,25,17,sil
16.544190645217896,32,24,29,19,12,0,7,2,4,16,55,46,23,15,sil
16.55959177017212,34,30,21,28,18,3,6,-4,-11,4,25,20,15,7,sil
16.55959177017212,19,17,18,23,13,6,3,-1,-19,1,8,9,4,0,sil
16.57829713821411,-6,-7,1,9,0,5,7,8,-15,5,0,4,-6,-2,sil
16.57829713821411,-14,-17,-14,13,-3,1,11,11,0,9,-6,-5,-3,5,sil
16.57829713821411,-6,-11,-2,15,0,4,9,8,20,15,-8,-10,8,15,sil
16.591649293899536,-16,-12,-14,0,0,5,8,0,32,19,-14,-21,8,8,sil
16.60721445083618,-24,-19,-24,-19,-8,0,2,-4,22,1,-23,-22,0,-1,sil
16.60721445083618,-7,-16,-11,-18,-15,-7,-5,-3,1,-22,-21,-6,-1,-9,sil
16.622008562088013,4,-11,-15,-20,-17,-18,-11,-7,-20,-34,-13,-5,-5,-18,sil
16.622008562088013,-1,-5,-12,-35,-18,-22,-17,-7,-33,-36,-7,-7,-15,-18,sil
16.637362957000732,-3,2,-7,-27,-11,-18,-17,-5,-28,-29,0,0,-6,-12,sil
16.637362957000732,4,13,5,-2,0,-15,-20,0,-23,-14,-1,8,1,-6,sil
16.6533100605011,20,32,19,15,15,-1,-17,5,-16,0,8,11,0,7,sil
16.6533100605011,24,36,11,19,27,15,-3,2,1,3,19,1,0,10,sil
16.66872215270996,-2,10,3,4,20,14,0,-1,1,-7,-2,-18,-10,-11,sil
16.66872215270996,-34,-8,-15,-10,8,6,-5,0,-11,-16,-24,-33,-31,-26,sil
16.68471336364746,-31,-10,-17,-9,4,11,5,8,-4,-7,-16,-29,-32,-21,sil
16.68471336364746,-22,-17,-5,-5,0,19,19,4,4,9,-13,-18,-21,-20,sil
16.699659824371338,-22,-22,-9,-4,0,15,21,-6,5,25,-14,-14,-10,-14,sil
16.699659824371338,-11,-8,0,3,-1,9,16,0,12,27,-3,-8,2,0,sil
16.71527123451233,-1,-4,-3,7,-8,3,6,4,19,20,3,-5,8,4,sil
16.71527123451233,-3,-8,-10,0,-8,-3,0,-1,11,17,0,-2,8,6,sil
16.730955839157104,-1,-1,7,0,-3,-3,4,-2,7,17,1,6,15,16,sil
16.730955839157104,9,0,11,9,-4,-3,13,0,9,6,9,8,16,21,sil
16.74701714515686,23,0,18,5,-5,-4,11,0,-4,-6,10,18,7,21,sil
16.747525215148926,22,4,11,5,-3,-5,2,-2,-16,-9,9,27,8,17,sil
16.7625994682312,17,10,4,16,-2,-1,-2,-2,-6,-7,14,23,11,14,sil
16.7625994682312,27,17,20,23,7,6,0,4,16,9,29,34,20,26,sil
16.77824068069458,37,12,18,18,11,1,-1,3,27,17,31,44,33,33,sil
16.77824068069458,19,-3,5,1,-4,-9,-18,-5,11,-4,4,23,17,11,sil
16.793494939804077,-8,-7,-8,-7,-10,-3,-21,-4,-2,-11,-13,-1,-5,-11,sil
16.793494939804077,-14,-3,-13,-9,-4,-3,-9,2,-7,-2,-3,-5,-10,-18,sil
16.808658123016357,-5,-1,-5,-13,-2,-11,1,4,-9,-11,0,-3,-9,-13,sil
16.808658123016357,-6,0,-10,-17,1,-11,10,0,0,-12,-4,-4,-4,-10,sil
16.82426881790161,-13,4,-3,-15,4,-5,5,4,14,-1,0,-3,0,-11,sil
16.82426881790161,-13,12,0,3,5,0,-3,5,15,0,3,-6,-2,-11,sil
16.84000253677368,-4,9,-5,17,7,1,-1,1,4,-2,-2,-15,-6,-11,sil
16.84000253677368,0,-1,-5,-4,0,2,-3,-4,-12,-11,-13,-19,-15,-16,sil
16.856096267700195,-4,-2,-8,-16,0,1,-12,-10,-19,-22,-15,-19,-19,-11,sil
16.856096267700195,0,6,8,0,5,0,-12,-4,-19,-16,-7,-10,-11,0,sil
16.871151447296143,9,5,16,6,4,0,-1,0,-19,0,0,0,-1,0,sil
16.871151447296143,7,0,0,2,0,0,0,1,-14,12,1,1,0,2,sil
16.886712312698364,-1,-3,0,2,-1,0,-7,4,-2,11,-2,0,0,13,sil
16.886712312698364,-7,-17,-9,-3,-4,0,-10,0,5,7,0,-6,0,6,sil
16.902236461639404,-6,-16,-6,-12,-10,-1,-6,-3,3,12,0,-10,0,-5,sil
16.902236461639404,-4,0,4,-1,-6,1,0,2,4,18,3,-4,5,-2,sil
16.917321920394897,-3,3,0,9,0,3,5,2,5,4,10,1,4,1,sil
16.917321920394897,-3,0,6,5,5,6,4,-1,0,-8,5,5,-1,0,sil
16.93283224105835,-4,1,-3,0,5,11,5,-2,-5,-1,-1,-1,2,0,sil
16.93283224105835,-8,0,-14,0,1,12,14,-5,-5,2,-9,-12,1,0,sil
16.94887089729309,-11,-5,-8,4,5,11,22,-1,-8,-2,-19,-13,-15,-7,sil
16.94887089729309,-9,-15,-10,-2,6,8,21,1,-7,-3,-22,-13,-21,-13,sil
16.964402675628662,-6,-16,-5,-17,-3,6,22,2,1,-3,-17,-2,-9,-1,sil
16.964402675628662,-2,-5,-5,-5,0,5,22,-1,9,0,-10,9,1,7,sil
16.980234146118164,8,4,3,15,10,-2,12,0,13,10,0,9,6,7,sil
16.980234146118164,24,6,13,10,0,-12,-1,2,14,8,13,14,13,10,sil
16.996294498443604,21,0,0,-6,-11,-17,-17,-1,7,-6,15,19,19,9,sil
16.996294498443604,8,0,6,-14,-8,-16,-29,0,-4,-17,6,14,14,2,sil
17.012311220169067,7,7,9,-6,-8,-17,-25,2,1,-12,17,10,11,0,sil
17.012311220169067,11,12,4,2,-13,-21,-16,4,13,-1,30,11,8,0,sil
17.028321504592896,2,11,11,7,-2,-4,-13,3,11,3,19,9,0,0,sil
17.028321504592896,-13,8,6,11,9,5,-4,0,-1,-2,-2,-10,-9,-4,sil
17.044206857681274,-23,2,-1,4,6,1,1,0,-18,-17,-20,-25,-22,-11,sil
17.044206857681274,-19,0,-11,3,7,17,12,1,-12,0,-14,-18,-15,-3,sil
17.05935001373291,-4,1,-6,14,17,35,20,-3,5,28,0,0,3,8,sil
17.05935001373291,5,0,12,15,11,21,15,0,13,30,0,6,8,13,sil
17.074867725372314,7,-1,0,1,-2,0,10,5,22,27,0,10,10,19,sil
17.074867725372314,6,-4,-5,-14,-10,-3,1,2,28,30,2,20,18,20,sil
17.089958667755127,9,-3,-1,-17,-11,-8,-12,-4,12,15,6,15,15,5,sil
17.089958667755127,23,3,7,-7,-8,-17,-15,-5,-1,-7,18,13,11,1,sil
17.10604500770569,27,7,16,-9,-4,-13,-10,-1,-2,-15,27,26,15,11,sil
17.10604500770569,10,-3,0,-19,-7,-13,-18,-3,-12,-20,16,17,4,2,sil
17.120845079421997,0,-1,0,-8,-6,-12,-21,-1,-18,-24,2,-1,-11,-16,sil
17.120845079421997,5,10,7,13,4,2,-5,2,-2,-13,-3,-7,-8,-14,sil
17.13716435432434,0,2,-2,11,9,3,3,0,-4,-7,-11,-16,-10,-12,sil
17.13716435432434,-16,-7,-7,1,1,-7,-1,-2,-33,-21,-16,-24,-26,-27,sil
17.152915239334106,-18,-1,-13,7,3,-5,0,-2,-37,-24,-14,-25,-24,-26,sil
17.152915239334106,-11,4,-6,7,8,5,7,1,-21,-19,-17,-24,-13,-13,sil
17.167092084884644,-14,0,-4,-1,4,11,10,2,-15,-11,-15,-22,-13,-9,sil
17.183002471923828,-23,-4,-8,8,1,7,13,-1,-21,-8,-10,-23,-16,-14,sil
17.183002471923828,-22,-4,-3,16,3,6,9,-4,-23,-16,-17,-22,-15,-18,sil
17.198164463043213,-22,-9,-13,1,4,6,3,-2,-5,-1,-15,-17,-10,-12,sil
17.198164463043213,-21,-14,-5,-9,1,13,7,2,15,34,-1,-4,-3,8,sil
17.213589429855347,-6,-7,12,0,0,26,18,5,27,42,5,9,9,23,sil
17.213589429855347,11,0,0,2,1,20,20,1,33,27,1,13,21,23,sil
17.228732347488403,12,-1,-4,-6,-2,-1,7,0,30,20,-3,14,15,18,sil
17.228732347488403,4,-6,-7,-7,-9,-12,-3,2,21,15,-1,14,11,17,sil
17.244346141815186,3,-9,-3,-12,-12,-9,-7,5,18,8,-1,14,17,18,sil
17.244346141815186,8,-7,2,-19,-11,-9,-8,3,21,5,-3,10,14,10,sil
17.25941300392151,14,-5,0,-14,-10,-11,-10,-2,14,-1,6,2,6,2,sil
17.25941300392151,18,-2,14,-6,-11,-6,-10,-2,2,-6,12,9,6,9,sil
17.274917602539062,17,4,12,1,-1,-2,-3,2,9,8,9,20,11,15,sil
17.274917602539062,21,18,6,8,11,0,6,3,24,18,17,19,18,12,sil
17.29026436805725,26,24,16,8,12,2,12,-1,7,0,24,14,18,7,sil
17.29026436805725,13,12,6,8,4,-4,0,-8,-16,-20,8,9,0,-6,sil
17.306328296661377,4,5,6,5,0,-12,-13,0,-12,-12,1,9,-9,-12,sil
17.306328296661377,3,3,-1,-1,-2,-11,-5,2,2,0,19,2,0,-5,sil
17.322328329086304,-3,-1,-10,-9,-7,-6,-4,0,-8,-13,22,-9,-4,-12,sil
17.322328329086304,-12,4,0,-2,0,1,-16,-3,-24,-22,8,-10,-17,-20,sil
17.33798623085022,-10,13,0,11,6,0,-11,-4,-19,-9,6,-5,-9,-12,sil
17.33798623085022,-14,8,4,7,8,-1,-6,-2,-16,-9,0,0,-6,-11,sil
17.353076934814453,-24,2,3,2,16,4,-10,-1,-28,-17,-6,-4,-15,-21,sil
17.353076934814453,-16,12,3,16,20,7,-9,-1,-34,-14,-6,-12,-21,-19,sil
17.368480443954468,-2,14,7,29,12,11,0,3,-25,-11,-5,-12,-19,-9,sil
17.368480443954468,-7,-5,-15,16,6,19,13,4,-13,-6,-14,-17,-12,0,sil
17.384015560150146,-16,-19,-16,-3,-1,11,22,0,-3,1,-26,-18,-6,4,thankyou
17.384015560150146,-14,-18,-7,-9,-13,-4,14,-1,8,7,-29,-13,-1,3,thankyou
17.39957046508789,-2,-22,-14,-16,-21,-11,0,0,15,9,-21,-9,3,4,thankyou
17.39957046508789,12,-15,0,-14,-16,0,2,5,20,22,-7,1,10,21,thankyou
17.41534972190857,14,0,4,1,-2,3,12,5,29,30,-1,11,13,26,thankyou
17.41534972190857,4,-6,1,-2,-2,-1,3,1,20,14,-14,5,6,5,thankyou
17.43094563484192,3,-15,0,-14,-9,0,-5,-1,7,1,-14,0,2,-1,thankyou
17.43094563484192,5,-3,2,-4,-8,0,-3,-2,14,7,3,3,8,11,thankyou
17.447126865386963,3,5,6,0,-5,-5,-4,-1,19,13,7,5,13,10,thankyou
17.447126865386963,3,-1,-4,-4,0,-1,1,0,14,18,4,2,15,2,thankyou
17.46269726753235,3,-5,0,-11,0,3,14,6,0,2,0,1,8,7,thankyou
17.46269726753235,0,-2,0,-16,-2,3,16,0,-2,-12,-2,2,3,7,thankyou
17.47822880744934,4,0,-6,-6,5,4,11,-9,3,-9,7,3,5,0,thankyou
17.47822880744934,3,7,6,9,9,5,4,-5,-2,-17,13,4,0,-5,thankyou
17.493277072906494,-2,12,-1,7,0,-5,-7,-5,-13,-19,17,3,-1,-4,thankyou
17.493277072906494,3,6,-7,-9,-4,-21,-22,-2,0,1,28,13,8,-1,thankyou
17.50888705253601,10,4,2,-9,1,-20,-27,5,14,10,28,16,7,-2,thankyou
17.50888705253601,2,5,1,8,6,-9,-19,0,-3,0,6,1,-12,-10,thankyou
17.524985313415527,-5,5,8,14,5,-1,-5,-4,-30,-13,-4,-2,-23,-15,thankyou
17.524985313415527,-5,6,2,6,8,7,9,3,-19,-17,4,-3,-15,-14,thankyou
17.540894031524658,0,11,3,2,15,15,15,8,0,-11,3,-9,-10,-12,thankyou
17.540894031524658,-2,7,7,5,10,10,8,1,-3,-6,-5,-3,-9,-11,thankyou
17.556310176849365,-8,1,-2,11,1,-5,-6,0,-3,0,0,5,-1,-8,thankyou
17.556310176849365,-1,10,11,20,1,-8,-20,3,2,7,6,4,1,0,thankyou
17.572152853012085,0,8,4,14,0,0,-21,0,-7,0,-7,-8,-1,1,thankyou
17.572152853012085,-14,-15,-14,-2,-4,0,-9,-6,-27,-19,-23,-22,-10,-7,thankyou
17.587982654571533,-12,-17,-6,-1,0,3,6,-3,-28,-15,-18,-14,-14,-5,thankyou
17.587982654571533,0,-2,-4,2,0,14,21,0,-10,4,-12,-6,-4,7,thankyou
17.60308337211609,0,-3,1,-7,-6,20,21,3,1,12,-19,-11,2,10,thankyou
17.60308337211609,-4,-9,4,-4,-5,13,9,4,21,28,-11,-8,4,8,thankyou
17.618277549743652,4,-6,4,4,-5,3,5,8,40,41,3,3,13,16,thankyou
17.618277549743652,4,-6,0,-10,-8,13,16,4,35,20,-7,2,15,21,thankyou
17.63384771347046,-1,-11,-12,-22,-4,10,14,-8,18,-2,-17,-4,9,12,thankyou
17.63384771347046,10,-3,5,-7,-6,-15,-7,-6,13,4,13,17,18,15,thankyou
17.650038957595825,22,6,12,6,-7,-19,-7,0,9,10,27,30,24,23,thankyou
17.650038957595825,9,-1,-10,-6,-2,-1,5,-9,-9,-11,-7,6,0,8,thankyou
17.665926933288574,0,-9,-15,-19,-7,0,2,-3,-7,-17,-15,0,-8,-4,thankyou
17.665926933288574,5,0,-6,-5,-7,-11,-4,8,19,4,25,19,19,4,thankyou
17.679713249206543,9,10,7,4,1,-18,-9,5,15,4,25,18,17,1,thankyou
17.695980548858643,3,13,0,0,7,-16,-9,-1,-10,-14,-3,-1,-9,-19,thankyou
17.695980548858643,0,6,-8,-6,6,-11,-6,1,-8,-13,6,-4,-7,-22,thankyou
17.695980548858643,-2,5,8,-3,2,-6,-13,1,-1,-8,21,0,0,-19,thankyou
17.712228059768677,-6,10,6,7,0,-11,-18,-7,-16,-14,9,-1,-11,-22,thankyou
17.712228059768677,1,19,10,19,7,-9,-5,-3,-24,-15,11,1,-9,-8,thankyou
17.727258682250977,14,18,15,27,23,8,4,7,-16,-3,21,10,2,11,thankyou
17.744054317474365,7,3,5,21,20,16,0,3,-10,5,4,1,-2,9,thankyou
17.744054317474365,-9,-1,6,9,8,10,-1,-1,-11,7,-13,-10,-11,-5,thankyou
17.744054317474365,-18,0,-5,12,7,4,6,0,-14,0,-17,-21,-14,-14,thankyou
17.758981943130493,-21,-8,-17,6,5,8,6,2,-22,-19,-29,-29,-27,-17,thankyou
17.758981943130493,-28,-23,-19,-13,-2,13,0,-1,-16,-17,-35,-28,-33,-13,thankyou
17.773364067077637,-27,-22,-14,-17,-9,7,1,-4,-1,3,-25,-22,-21,-5,thankyou
17.78929615020752,-11,-8,1,-7,-14,8,8,-1,8,14,-16,-16,-9,0,thankyou
17.78929615020752,1,-6,-4,-4,-12,13,11,-2,14,16,-10,-15,2,6,thankyou
17.804880380630493,0,-14,-6,-8,-11,6,8,-4,13,14,-9,-10,6,8,thankyou
17.804880380630493,-3,-17,-4,-22,-21,-1,6,-1,15,13,-9,-1,4,7,thankyou
17.819968938827515,2,-10,-6,-28,-19,-2,4,2,28,16,1,8,18,15,thankyou
17.819968938827515,12,3,12,-3,-1,1,5,5,34,13,12,24,32,26,thankyou
17.83510446548462,20,11,10,12,1,3,6,4,31,10,16,28,26,19,thankyou
17.83510446548462,31,12,9,-2,-3,-6,-5,2,19,9,23,29,20,10,thankyou
17.850988626480103,27,14,18,-2,3,-9,-10,3,2,-5,31,34,25,12,thankyou
17.850988626480103,11,11,1,1,10,-6,-1,-4,-9,-22,24,27,19,6,thankyou
17.866194248199463,7,6,6,-15,2,-15,-8,-5,-22,-23,11,18,5,-1,sil
17.866194248199463,9,9,15,0,-2,-21,-23,0,-21,-18,10,11,1,-5,sil
17.882124662399292,6,12,10,30,6,-10,-17,5,-6,-16,8,1,-4,-8,sil
17.882124662399292,3,9,2,10,15,0,-1,2,-7,-10,3,-2,-12,-4,sil
17.89725923538208,-10,1,-13,-8,13,0,0,-3,-22,-4,0,-13,-14,-4,sil
17.89725923538208,-26,-1,-5,13,5,3,-2,-5,-20,-8,-12,-23,-19,-18,sil
17.912837743759155,-17,0,0,32,0,6,6,0,0,6,-15,-18,-14,-19,sil
17.912837743759155,-3,-3,-9,13,0,10,10,2,3,22,-11,-11,-10,0,sil
17.92890214920044,-10,-12,-10,-4,5,20,6,-1,-4,17,-16,-17,-16,2,sil
17.92890214920044,-13,-14,-11,0,4,10,11,-2,0,17,-16,-20,-9,0,sil
17.944962978363037,0,-3,3,7,-2,-2,12,4,14,20,-5,-3,5,7,sil
17.944962978363037,6,0,2,1,-2,1,4,5,15,11,9,11,9,9,sil
17.96096134185791,2,-8,-10,-14,-2,-3,-2,0,5,-1,15,10,8,1,sil
17.96096134185791,3,-1,-1,-19,-8,-16,-7,0,2,-4,8,9,10,-2,sil
17.976048469543457,8,10,0,-7,-7,-16,-6,-4,2,-6,7,8,12,-4,sil
17.976048469543457,9,14,10,8,0,-9,-2,-1,-6,-16,11,8,8,-5,sil
17.992064237594604,0,13,11,15,2,0,-1,4,-12,-17,1,-3,-2,-8,sil
17.992064237594604,-12,0,-7,2,2,4,-3,0,-11,-9,-19,-20,-19,-14,sil
18.00834059715271,-19,-18,-8,-12,-2,9,-4,-2,-13,-12,-27,-22,-22,-11,sil
18.00834059715271,-12,-14,-8,-1,-8,19,4,-5,-5,-2,-18,-13,-8,2,sil
18.02433013916016,0,-1,0,14,-2,20,17,-2,8,20,-7,-1,2,14,sil
18.02433013916016,4,-3,0,4,6,9,21,-1,14,18,0,1,8,14,sil
18.03920817375183,0,-5,0,-11,0,-3,8,0,15,-3,0,-5,2,8,sil
18.03920817375183,5,-1,5,-24,-14,-15,-6,0,17,-8,-11,2,-2,7,sil
18.05521345138549,12,-5,-10,-29,-14,-19,-9,1,16,1,-1,18,8,6,sil
18.05521345138549,10,-2,-5,-26,-10,-12,-13,1,2,0,16,19,10,0,sil
18.07124209403992,2,11,7,-16,-6,-5,-15,3,-3,-11,12,12,-2,-4,sil
18.07124209403992,-1,15,-1,-9,4,-4,-11,3,-1,-12,4,7,-4,-3,sil
18.09228754043579,-3,9,5,-5,13,-1,-12,0,-6,-6,14,7,0,-7,sil
18.09228754043579,-7,1,7,4,8,-5,-16,-6,-13,-8,17,0,-3,-10,sil
18.09228754043579,-1,3,10,21,2,1,-2,1,-12,-8,5,-5,-10,2,sil
18.10197854042053,4,12,16,35,11,20,16,9,-9,4,0,-4,-3,12,sil
18.117995262146,0,3,2,31,19,20,17,1,-12,7,-2,-6,3,-1,sil
18.117995262146,-8,-12,0,11,12,13,9,-1,-11,5,-7,-4,0,-6,sil
18.133535146713257,-3,-9,0,5,9,14,16,-2,2,27,-3,0,6,7,sil
18.133535146713257,2,-1,0,11,7,4,12,-4,11,35,-6,2,17,12,sil
18.149099588394165,7,-4,3,10,-1,-5,-1,3,10,15,-8,-1,10,6,sil
18.149099588394165,15,-4,-1,2,-10,-5,-2,7,15,4,5,1,11,6,sil
18.164388418197632,21,2,6,-3,-11,-6,-1,-4,11,0,20,19,19,4,sil
18.164388418197632,16,4,4,-2,-8,-16,-13,-14,0,-9,21,17,11,-3,sil
18.179929971694943,-3,1,-2,-3,-8,-22,-22,-4,-9,-18,6,-6,-11,-17,sil
18.179929971694943,-24,-10,-13,-17,-12,-11,-18,0,-29,-31,-18,-23,-29,-30,sil
18.195967197418213,-26,-19,-30,-17,-13,1,-4,-6,-25,-24,-34,-29,-29,-24,sil
18.195967197418213,-9,-3,-6,-2,-8,6,13,2,14,8,-21,-14,-9,5,sil
18.21113157272339,0,9,1,1,-2,3,17,12,36,29,1,5,12,20,sil
18.21113157272339,0,1,-8,-11,0,-4,3,0,10,2,12,6,10,7,sil
18.22692847251892,4,9,1,-12,6,-4,0,-2,-1,-17,17,6,0,0,sil
18.22692847251892,12,27,4,7,16,6,11,8,4,-1,22,10,0,3,sil
18.242610216140747,10,19,9,18,13,12,9,8,-6,4,14,9,0,4,sil
18.242610216140747,-2,-1,7,13,3,12,1,0,-14,-1,1,-1,-5,4,sil
18.25820660591125,-11,-4,-2,1,6,20,11,1,-2,1,-14,-12,-10,0,sil
18.25820660591125,-4,-4,2,-1,10,21,20,1,7,7,-29,-12,-8,1,sil
18.273223638534542,3,-13,1,-5,-1,-1,7,-8,13,8,-18,0,3,10,sil
18.273223638534542,1,-17,4,-18,-20,-26,-17,-7,5,0,-2,17,11,3,sil
18.28927183151245,-3,-3,0,-14,-14,-22,-27,0,-8,-14,-2,18,3,-13,sil
18.28927183151245,-1,7,-4,0,2,-10,-22,1,-7,-11,4,7,0,-11,sil
18.30476236343384,2,3,11,1,1,-11,-17,-4,-3,-2,16,0,0,-3,sil
18.30476236343384,-3,0,0,-1,-4,-13,-19,-6,-7,-8,1,-8,-5,-8,sil
18.32036280632019,-6,5,-4,8,1,0,-15,1,-12,-12,-13,-14,-10,-8,sil
18.32036280632019,0,7,6,21,11,13,4,1,-10,0,1,-10,1,0,sil
18.33617877960205,4,0,0,24,10,16,26,0,0,15,11,-9,10,6,sil
18.33617877960205,4,-3,0,17,6,20,29,7,10,22,-1,-6,5,13,sil
18.35187649726868,-2,-8,-10,0,5,17,26,0,10,24,-14,-13,-2,9,sil
18.35187649726868,-20,-25,-20,-29,-8,1,11,-9,4,5,-23,-23,-11,-8,sil
18.36786794662476,-25,-35,-22,-43,-28,-11,-6,-1,4,-9,-16,-11,-4,-10,sil
18.36786794662476,0,-22,-13,-29,-20,-15,-11,5,6,-1,10,10,16,5,sil
18.38327431678772,25,7,20,-6,0,-9,-4,4,15,8,30,31,25,15,sil
18.38327431678772,29,23,25,7,10,-1,-4,4,24,8,30,32,18,11,sil
18.39893651008606,16,16,13,6,9,-4,-15,0,6,-2,12,18,1,0,sil
18.39893651008606,12,12,10,1,5,-8,-11,-2,-11,-17,0,10,-8,-4,sil
18.414082050323486,17,15,6,9,1,-1,1,0,-9,-12,9,14,-1,1,sil
18.414082050323486,6,13,14,12,0,0,-2,0,-15,-3,17,14,0,-1,sil
18.43020510673523,-4,12,11,4,-2,-4,-8,-4,-31,-18,5,1,-11,-11,sil
18.43020510673523,1,17,11,6,-8,-3,0,-2,-31,-30,-5,-5,-14,-7,sil
18.44629144668579,-2,11,7,17,0,4,3,2,-15,-14,-5,-3,-3,-2,sil
18.44629144668579,-20,-2,-13,16,13,6,0,0,2,3,-5,-6,0,-3,sil
18.461504459381104,-18,-9,-7,4,6,8,-1,0,2,4,-11,-9,-3,0,sil
18.461504459381104,-10,-6,-5,2,-4,13,1,-1,0,6,-12,-15,-7,0,sil
18.47714471817017,-10,-5,-12,1,0,11,7,1,5,11,-11,-19,-5,-2,sil
18.47714471817017,-12,-7,-10,0,1,10,10,0,11,11,-15,-19,-6,-4,sil
18.492443323135376,-9,-5,-14,6,0,13,12,-4,17,18,-16,-17,-8,-6,sil
18.492443323135376,0,0,-5,2,2,11,7,0,21,20,-5,-6,0,-3,sil
18.50816965103149,4,0,-8,-6,10,0,6,7,18,12,2,0,14,6,sil
18.50816965103149,0,-2,-13,-1,9,-6,10,1,11,4,1,2,15,16,sil
18.52325367927552,6,0,-9,1,0,-6,9,-2,10,10,0,8,5,15,sil
18.52325367927552,4,-7,-18,-11,-3,-8,1,1,2,5,3,0,0,1,sil
18.539381742477417,-4,-14,-3,-17,-1,-10,-4,0,-4,-10,0,-4,-1,-4,sil
18.539381742477417,-3,-10,8,-5,0,-12,-3,-4,0,-14,0,-1,-1,-1,sil
18.55494236946106,0,-9,5,-5,-8,-13,-8,-2,0,-8,-2,-1,-3,-5,sil
18.55494236946106,0,-9,14,-16,-12,-7,-13,2,-9,-7,-5,1,-1,-5,sil
18.57094645500183,4,-1,8,-14,-9,-5,-11,0,-3,-3,4,11,7,3,sil
18.58716344833374,7,4,6,-2,-9,-12,-8,3,-3,0,10,12,3,5,sil
18.58716344833374,4,3,4,5,-1,-6,-5,4,-12,3,8,6,-1,2,sil
18.58716344833374,3,1,1,2,0,4,-2,-1,-12,2,10,7,2,1,sil
18.601224660873413,0,6,12,-6,-13,2,-1,-3,-6,-8,8,8,7,0,sil
18.616882801055908,0,8,6,-3,-4,0,4,-3,3,0,4,4,10,1,sil
18.616882801055908,11,5,6,5,11,7,2,0,3,9,3,6,5,1,sil
18.63233637809753,15,6,8,6,2,6,-8,-2,-7,0,0,0,-4,-7,sil
18.63233637809753,7,10,3,2,0,-2,-3,-2,-10,-9,-3,-5,-5,-5,sil
18.6479070186615,4,9,5,2,9,10,12,4,-4,-13,-1,7,-3,6,sil
18.6479070186615,0,1,-4,5,8,22,10,0,-4,-15,-7,3,-8,2,sil
18.66331601142884,-5,0,0,1,-1,2,-6,-4,-4,-10,-11,-10,-7,-10,sil
18.66331601142884,-2,8,8,3,5,-6,-10,1,6,0,6,3,1,-5,sil
18.67897057533264,3,7,-2,8,13,4,-4,4,6,-1,19,13,3,4,sil
18.67897057533264,0,-2,-2,3,1,-2,-10,0,-9,-8,-2,-2,-6,-2,sil
18.69505000114441,-9,-6,-4,3,-5,-14,-12,-1,-8,-10,-15,-13,-10,-8,sil
18.69505000114441,-4,3,2,12,2,-1,-1,0,5,4,0,0,0,0,sil
18.710205078125,0,14,10,17,14,9,9,0,8,23,16,7,11,4,sil
18.710205078125,-7,3,-7,11,17,3,14,2,6,24,12,-6,11,-2,sil
18.725345611572266,-11,-11,-12,3,4,9,17,3,11,12,-2,-13,0,-3,sil
18.725345611572266,-6,-8,-10,3,0,16,20,0,18,10,-1,-9,-2,0,sil
18.741087913513184,-3,-1,-7,1,1,3,17,0,13,8,-1,-8,-5,4,sil
18.741087913513184,-5,-9,-9,-10,-11,-7,2,3,0,2,-19,-12,-8,0,sil
18.7562997341156,-7,-19,-19,-18,-24,-10,-12,-4,-8,0,-17,-10,-6,-7,sil
18.7562997341156,-6,-15,-2,-9,-12,-10,-12,-6,-14,-9,-4,0,-2,0,sil
18.77211236953736,-5,-10,-4,-2,-6,-7,-6,0,-16,-12,-14,-3,-2,5,sil
18.77211236953736,-5,-6,-9,-13,-11,-1,-3,0,-14,-4,-24,-12,-8,0,sil
18.78725790977478,6,5,10,-15,-2,0,5,-1,0,4,-3,4,-1,2,sil
18.78725790977478,16,9,9,-1,0,-5,9,1,14,7,13,10,12,6,sil
18.802870273590088,4,0,4,-3,-11,-6,-1,4,7,-2,1,-2,4,0,sil
18.802870273590088,-3,-2,-4,-9,-1,3,0,2,6,-1,-2,-3,0,3,sil
18.81891894340515,6,1,-5,-5,9,10,5,2,20,14,9,8,13,9,sil
18.81891894340515,7,1,9,-3,2,10,-4,0,14,14,12,13,14,4,sil
18.834092378616333,-5,0,4,0,1,2,-12,-8,-1,-9,3,4,0,-7,sil
18.834092378616333,-3,3,1,5,8,-2,-8,-7,-4,-15,0,0,-8,-14,sil
18.85016131401062,6,7,1,5,9,0,0,0,-7,0,6,4,-7,-7,sil
18.85016131401062,11,3,1,2,5,0,3,0,-11,-4,9,12,-4,0,sil
18.866381883621216,10,0,7,-3,4,0,4,4,0,-13,4,7,-1,0,sil
18.866381883621216,1,0,2,-3,6,0,5,5,8,-1,2,0,2,0,sil
18.882341623306274,1,8,12,9,6,-4,2,0,-6,2,9,9,8,4,sil
18.882341623306274,11,10,14,15,6,0,0,-3,-20,-8,12,11,10,8,sil
18.898396730422974,10,1,0,2,0,-4,-3,-1,-6,-4,3,0,5,7,sil
18.898396730422974,4,-3,7,-1,-5,-11,-4,6,11,6,0,2,3,3,sil
18.9139883518219,7,6,6,13,-3,-4,-1,2,14,9,3,7,8,3,sil
18.9139883518219,3,12,5,16,-3,-2,-11,-2,0,0,3,2,5,1,sil
18.92910361289978,-9,2,-2,4,-12,-15,-21,-2,-7,-9,1,2,0,-7,sil
18.92910361289978,-10,-1,-9,11,-8,-12,-13,1,0,-5,0,2,-2,-9,sil
18.94425320625305,-1,7,0,20,0,4,-5,2,0,-1,0,4,-3,0,sil
18.94425320625305,-8,0,-9,1,-10,3,-1,0,-11,-11,3,2,-4,-3,sil
18.959842205047607,-15,-13,-4,-13,-19,2,5,0,-14,-14,-5,-5,-8,-7,sil
18.959842205047607,-9,-6,4,0,0,16,15,3,-2,5,-11,-10,-5,0,sil
18.97589659690857,-5,0,-12,5,8,13,19,-2,2,12,-3,-11,0,0,sil
18.97589659690857,0,0,-6,-1,-1,0,12,-7,-3,4,-1,-6,0,-2,sil
18.99125027656555,9,5,2,5,8,6,7,-4,-2,14,-1,-7,0,5,sil
18.99125027656555,6,7,1,2,20,12,5,-3,-2,13,-9,-14,-3,8,sil
19.0071189403534,-7,-3,-8,-13,6,3,-1,-3,-10,-7,-22,-16,-14,-3,sil
19.0071189403534,-13,-14,-17,-25,0,-3,-11,1,-7,-8,-16,-12,-13,-11,sil
19.023213624954224,-10,-14,-8,-32,9,4,-7,6,1,3,-7,-12,-12,-8,sil
19.023213624954224,-13,-11,-13,-26,7,11,3,3,9,6,-16,-20,-14,-10,sil
19.03891611099243,-13,-14,-15,-25,1,5,9,6,22,10,-20,-16,-5,-6,sil
19.03891611099243,-5,-17,-5,-39,0,3,10,11,29,18,-9,-6,2,5,sil
19.054011583328247,-3,-10,-9,-30,-4,-1,8,0,24,18,0,-10,2,3,sil
19.054011583328247,-7,2,0,-1,-9,-7,6,0,12,0,0,-11,0,-5,sil
19.069148302078247,-5,3,0,7,-5,-6,7,2,3,-13,0,0,0,-4,sil
19.069148302078247,6,-2,7,7,-6,-6,1,-1,-5,-7,10,10,2,2,sil
19.08519577980041,18,5,29,26,-7,-5,-7,-6,-12,1,27,24,11,9,sil
19.08519577980041,29,26,29,62,7,0,-2,-6,-4,-1,31,33,20,16,sil
19.100971698760983,37,32,27,70,12,5,1,-1,3,-4,21,36,23,23,sil
19.100971698760983,21,10,8,35,-5,2,-5,-1,-1,-1,16,27,21,16,sil
19.116860151290894,5,-1,-5,6,-17,-9,-11,-3,-12,-11,6,16,11,1,sil
19.116860151290894,9,11,5,18,-8,-12,-6,-1,-6,-31,-4,16,2,0,sil
19.13191056251526,8,11,-5,20,1,-7,2,3,2,-23,-1,9,1,1,sil
19.13191056251526,-5,-4,-9,-13,1,-8,3,8,-1,-1,0,-2,-1,-5,sil
19.14812922477722,-11,-5,-3,-26,0,-8,-7,0,-3,2,2,-3,0,-6,sil
19.14812922477722,-4,1,-2,-20,-7,-8,-21,-10,-5,1,17,6,5,3,sil
19.163244247436523,3,-2,4,-23,-10,-9,-20,-1,-5,7,19,14,6,2,sil
19.163244247436523,0,-9,1,-22,0,-4,-6,9,2,12,4,5,3,-5,sil
19.17852807044983,-11,-9,0,-23,4,5,-3,1,0,8,-2,-4,-6,-2,sil
19.17852807044983,-7,-3,1,-23,2,5,-10,-4,-8,0,-1,-5,-16,-6,sil
19.70923113822937,-1,-7,-7,-31,-7,-15,0,0,10,-8,6,8,0,0,sil
19.70923113822937,-8,-17,-16,-35,-13,-20,-12,-8,4,-9,-6,-3,-8,-5,sil
19.72525978088379,17,10,10,0,0,-8,-5,5,8,1,9,12,8,4,sil
19.72525978088379,32,31,18,20,10,-11,-6,10,0,-1,23,21,15,7,sil
19.741303205490112,21,21,16,7,3,-22,-24,1,-9,-6,7,11,0,4,sil
19.741303205490112,28,20,15,17,1,-12,-23,2,-4,4,13,12,0,15,sil
19.757214546203613,34,28,14,37,10,0,-15,0,-6,8,35,17,10,15,sil
19.757214546203613,6,22,13,28,11,0,-17,-7,-33,-13,13,-1,-1,-3,sil
19.77242684364319,-15,8,-9,20,8,6,-9,-10,-45,-26,-18,-25,-19,-15,sil
19.77242684364319,-13,0,-10,29,10,18,3,-1,-29,-13,-13,-20,-16,-13,sil
19.788249015808105,-12,-9,-5,20,6,19,8,-3,-19,-2,-10,-13,-11,-8,sil
19.788249015808105,-20,-20,-13,-1,-4,9,9,-7,-20,-3,-33,-24,-17,-7,sil
19.80434226989746,-19,-19,-10,-14,-12,6,5,-1,-6,-3,-36,-18,-15,-10,sil
19.80434226989746,-13,-19,-16,-25,-9,3,0,3,17,5,-13,0,0,-2,sil
19.820283889770508,-15,-22,-13,-39,-10,-7,-3,2,16,0,-4,6,9,1,sil
19.820283889770508,-21,-18,-5,-41,-17,-14,-3,0,6,-16,-3,9,8,-9,sil
19.8365490436554,-12,-6,-3,-28,-12,-7,3,5,7,-10,11,11,1,-13,sil
19.8365490436554,7,2,15,-16,0,3,6,7,1,11,22,9,-5,-7,sil
19.852255821228027,7,2,9,-2,4,4,4,-2,-13,2,11,0,-10,-12,sil
19.852255821228027,-3,4,4,12,8,3,2,-8,-23,-19,-2,-6,-11,-10,sil
19.86788821220398,0,11,11,21,15,9,3,-1,-14,-5,0,-5,0,5,sil
19.86788821220398,10,4,3,16,6,8,2,0,3,22,2,-2,12,15,sil
19.88303565979004,11,0,7,13,-1,0,2,3,22,32,-1,5,13,19,sil
19.88303565979004,11,3,4,23,6,3,9,4,31,37,-1,5,14,24,sil
19.89847302436829,8,1,-5,18,11,14,11,-1,28,26,-3,-5,9,18,sil
19.89847302436829,-1,-4,-12,0,2,10,2,-3,26,5,-12,-17,-2,3,sil
19.914141416549683,-3,-5,-17,-9,-3,-6,-3,0,23,-2,-9,-11,0,0,sil
19.914141416549683,9,3,0,-5,-4,-14,0,5,14,-5,6,11,13,5,sil
19.929373264312744,12,10,4,-1,-5,-15,-1,2,10,-13,13,18,5,0,sil
19.929373264312744,-2,2,0,-15,-10,-20,-20,0,2,-23,8,7,-10,-15,sil
19.94492483139038,-6,-4,5,-30,-12,-21,-24,0,-6,-27,13,10,-9,-15,sil
19.94492483139038,6,6,5,-9,-3,-9,-4,1,-7,-14,25,16,0,0,sil
19.96045470237732,12,23,18,19,1,1,1,4,-12,-2,19,13,-2,8,sil
19.96045470237732,6,19,13,26,2,5,-1,0,-15,3,8,9,0,2,sil
19.97627544403076,-3,0,-1,9,2,4,2,-3,-15,3,2,0,2,-4,sil
19.97627544403076,-19,-15,-9,-5,3,8,3,-2,-24,1,-10,-15,-4,-7,sil
19.991594076156616,-23,-16,-21,3,2,13,5,-3,-33,0,-23,-25,-9,-11,sil
19.991594076156616,-12,-7,-2,13,3,10,11,-4,-26,0,-23,-19,-11,-11,sil
20.00723934173584,-8,-5,2,0,5,8,11,-4,-12,7,-19,-14,-7,-5,sil
20.00723934173584,-13,-11,-14,-13,2,12,8,-2,0,9,-17,-16,1,0,sil
20.02240467071533,-7,-8,-3,-4,2,13,12,4,9,5,-12,-8,8,5,sil
20.02240467071533,7,-2,2,0,6,1,13,6,20,9,0,5,15,13,sil
20.03820037841797,18,-2,2,-13,0,-7,3,2,25,11,6,14,18,11,sil
20.03820037841797,17,1,-1,-18,-8,-14,-9,-1,18,0,10,16,10,6,sil
20.0537166595459,17,11,0,-1,-7,-21,-25,-1,1,-5,20,22,5,8,sil
20.0537166595459,22,18,14,8,0,-19,-27,2,-5,-4,26,28,12,9,sil
20.06935858726501,23,21,12,6,4,-6,-11,-1,5,-3,20,21,15,7,sil
20.06935858726501,20,24,19,11,5,1,0,0,11,-11,10,15,0,8,sil
20.08491897583008,1,14,11,14,0,3,0,5,-2,-13,0,3,-15,0,sil
20.08491897583008,-24,-9,-12,3,-7,0,-5,-2,-18,-13,-22,-20,-29,-16,sil
20.10902976989746,-27,-20,-10,-2,-11,7,-6,-6,-15,-14,-26,-23,-33,-19,sil
20.10902976989746,-12,-12,-10,9,1,22,4,1,2,0,-3,-17,-17,-9,sil
20.10902976989746,-6,-7,-6,14,13,20,14,6,15,20,1,-20,-1,0,sil
20.11608624458313,-17,-15,-6,-3,0,7,19,0,20,23,-14,-25,-3,-2,sil
20.1323401927948,-28,-22,-18,-20,-11,3,21,0,19,9,-23,-29,-7,-10,sil
20.1323401927948,-18,-12,-10,-23,-7,2,14,3,12,0,-18,-21,-2,-12,sil
20.147019624710083,-2,-6,-9,-15,-3,-10,1,-3,0,-3,0,-5,7,-5,sil
20.163864135742188,2,-4,-6,-13,-5,-21,-12,-7,-15,-8,12,7,8,-2,sil
20.163864135742188,4,8,1,-9,0,-16,-18,-3,-22,-12,10,12,3,-6,sil
20.163864135742188,15,15,6,-3,3,-9,-15,-3,-14,-9,10,15,8,-4,sil
20.177953720092773,27,15,28,3,6,-8,-9,3,-6,1,19,28,16,6,sil
20.177953720092773,25,21,26,18,7,-9,-7,4,-12,4,19,25,13,10,sil
20.19414186477661,13,20,10,22,1,-4,-9,-4,-25,-4,6,15,4,8,sil
20.19414186477661,7,9,10,20,2,12,1,-3,-14,1,8,24,6,20,sil
20.20831823348999,10,4,10,28,13,25,26,6,17,26,21,29,14,33,sil
20.22435140609741,4,-2,11,18,8,18,25,5,18,26,3,8,11,21,sil
20.22435140609741,-14,-20,-14,-8,-8,5,1,-6,3,9,-20,-17,-1,0,sil
20.240260124206543,-22,-27,-24,-18,-11,3,-4,-5,14,4,-13,-18,-7,-2,sil
20.240260124206543,-8,-14,-8,-18,0,6,1,2,25,10,0,-3,1,0,sil
20.257468938827515,-1,-6,-13,-20,1,0,-1,0,9,1,-1,-6,1,-5,sil
20.257468938827515,-3,-2,-7,-17,-8,-11,-8,-2,-2,-23,-9,-14,-14,-18,sil
20.257468938827515,-4,6,-4,-5,-7,-6,-6,2,1,-27,-4,-9,-17,-22,sil
20.273940563201904,-11,6,-10,-10,2,-5,-7,4,-6,-18,-3,-11,-13,-19,sil
20.273940563201904,-15,4,-2,-13,3,-13,-7,2,-23,-24,-9,-17,-20,-18,sil
20.2888708114624,-6,9,-1,2,0,-12,-1,0,-20,-23,-14,-14,-17,-9,sil
20.2888708114624,6,9,4,7,-3,1,-1,0,-8,-7,-21,-7,-11,7,sil
20.302952766418457,11,3,6,7,3,7,0,5,2,2,-17,-9,-7,13,sil
20.31814217567444,15,9,6,23,12,6,13,3,7,12,0,0,1,10,sil
20.31814217567444,21,12,15,32,10,12,19,4,9,25,16,20,16,21,sil
20.333657026290894,25,0,8,18,3,10,12,4,19,35,27,22,29,30,sil
20.333657026290894,13,-3,6,3,-4,0,3,2,23,30,23,16,29,17,sil
20.34921836853028,-13,-10,-5,-5,-10,-5,-1,-5,10,11,6,3,14,-4,sil
20.34921836853028,-24,-25,-14,-15,-11,-11,-12,-11,1,-3,-4,-7,0,-14,sil
20.364363193511963,-15,-18,0,-21,-12,-13,-16,-9,4,-4,0,2,0,-14,sil
20.364363193511963,-11,1,-7,-22,-13,-7,-10,-5,-1,-8,9,11,5,-20,sil
20.37988471984864,-6,11,-4,-14,-1,-3,-6,0,-14,-18,6,0,-5,-30,sil
20.37988471984864,-4,12,2,6,11,-3,-5,-1,-23,-16,-2,-14,-19,-28,sil
20.396409273147583,-11,5,-3,20,9,0,-2,-3,-26,-13,-12,-23,-20,-17,sil
20.396409273147583,-8,0,5,8,7,9,1,0,-22,-17,-16,-17,-19,-4,sil
20.41130518913269,5,0,4,4,11,14,5,0,-10,-12,-7,-6,-11,4,sil
20.41130518913269,13,-3,4,14,2,13,3,2,-15,-7,0,1,1,14,sil
20.42689847946167,17,1,11,19,1,14,4,3,-10,4,9,17,18,29,sil
20.42689847946167,22,9,11,10,12,10,15,0,21,30,22,27,31,44,sil
20.44227123260498,21,5,11,0,9,2,18,4,42,45,19,23,29,43,sil
20.44227123260498,15,-2,-1,-5,-2,-3,10,10,39,37,11,10,24,30,sil
20.45763921737671,5,-9,-6,-20,-13,-8,0,0,29,20,6,12,23,19,sil
20.45763921737671,-10,-19,-14,-38,-17,-11,-9,-6,7,1,-2,12,8,2,sil
20.47330498695373,-20,-21,-29,-34,-12,-13,-13,-2,-17,-22,-12,-5,-20,-25,sil
20.47330498695373,-17,0,-6,-15,-1,-10,-17,2,-22,-35,-14,-13,-34,-42,sil
20.48898959159851,-16,8,1,-7,0,-10,-15,0,-14,-26,-9,-16,-31,-38,sil
20.48898959159851,-20,-2,-11,-8,-5,-8,-7,0,-18,-20,-11,-26,-34,-32,sil
20.50436043739319,-17,-1,-4,8,-2,9,5,3,-20,-22,-16,-28,-33,-27,sil
20.50436043739319,-9,10,1,29,11,22,15,2,-12,-13,-16,-22,-20,-11,sil
20.5202853679657,-3,0,7,20,8,12,11,-1,-11,-10,-25,-21,-13,3,sil
20.5202853679657,7,-5,6,13,-6,5,8,-5,-3,-2,-20,-12,-4,10,sil
20.5363245010376,23,8,11,17,-5,7,13,0,20,16,2,6,6,19,sil
20.5363245010376,21,10,11,5,2,1,5,1,28,24,10,16,13,21,sil
20.55187702178955,15,3,0,1,1,-13,-10,-4,23,17,14,24,29,12,sil
20.55187702178955,26,14,16,13,-1,-18,-15,-3,18,13,37,46,42,8,sil
20.56712818145752,24,19,16,8,5,-10,-14,0,5,5,39,37,31,8,sil
20.56712818145752,3,11,6,0,18,0,-16,-1,-14,-8,18,8,12,2,sil
20.58256435394287,-3,16,11,11,18,1,-9,0,-19,-7,12,8,6,0,sil
20.58256435394287,-6,10,-4,9,4,2,7,1,-4,4,12,2,3,0,sil
20.59817123413086,-19,-13,-10,-14,0,15,25,10,12,16,-4,-18,0,0,sil
20.59817123413086,-31,-28,-15,-17,0,18,28,10,17,24,-21,-29,-2,0,sil
20.613301515579224,-32,-27,-25,-9,-10,-2,7,-3,-1,5,-33,-22,-18,-4,sil
20.613301515579224,-23,-20,-12,-14,-19,-11,-3,-3,-15,-13,-26,-16,-27,-8,sil
20.629298210144043,-11,-16,-13,-16,-10,1,8,4,0,3,-7,-21,-10,-5,sil
20.629298210144043,0,-16,-11,-12,-3,3,10,5,9,10,-9,-16,0,1,sil
20.644855976104736,5,-12,-4,-10,-6,-9,-1,-1,-1,-11,-14,-2,-3,3,sil
20.644855976104736,13,-4,0,-13,-9,-19,-11,-4,-6,-12,-4,6,0,5,sil
20.660094738006592,19,0,11,-10,-8,-11,-16,-3,1,1,4,16,8,10,sil
20.660094738006592,19,5,7,1,-4,0,-17,-9,5,0,11,23,13,10,sil
20.675987243652344,21,14,9,12,0,3,-18,-9,0,-9,22,20,9,6,sil
20.675987243652344,19,18,5,11,6,0,-21,-1,-9,-12,23,15,3,-1,sil
20.691462993621823,7,14,1,5,10,0,-20,3,-13,-13,14,8,-1,-13,sil
20.691462993621823,5,20,18,8,9,0,-8,2,-10,-11,15,5,-4,-16,sil
20.707162141799927,5,22,8,14,11,0,3,0,0,0,20,2,0,-9,sil
20.707162141799927,-7,6,-5,0,10,2,6,3,0,0,5,0,-3,-10,sil
20.722994804382324,-14,2,0,0,11,8,12,2,-9,-8,-2,0,-12,-15,sil
20.722994804382324,-6,7,3,18,10,10,20,-2,-13,-10,0,-6,-9,-9,sil
20.7382652759552,-13,-5,3,5,-3,2,11,0,-13,-4,-18,-16,-6,-2,sil
20.753886938095093,-26,-19,-7,-18,-12,-1,3,4,-2,6,-29,-17,-6,-5,sil
20.753886938095093,-16,-9,-1,-3,-3,9,8,6,8,13,-18,-7,-6,-2,sil
20.753886938095093,-3,2,5,20,1,19,16,4,4,9,-10,-5,-4,5,sil
20.769986629486084,5,-2,-1,12,0,7,12,-4,8,9,0,-3,1,15,sil
20.769986629486084,17,-3,12,-1,-3,1,1,-4,20,17,6,4,9,23,sil
20.785027503967285,16,0,9,10,1,1,2,-2,13,21,-1,0,10,19,sil
20.785027503967285,8,0,-4,13,1,-8,9,-1,4,15,-10,-3,3,8,sil
20.801174879074097,0,-8,-9,-12,-4,-8,6,-1,9,2,-7,0,2,11,sil
20.81690812110901,-9,-11,-24,-21,-5,-4,-1,3,8,-4,-11,-3,5,13,sil
20.81690812110901,-10,-3,-13,-9,-6,-10,-6,8,3,-7,-14,-3,0,0,sil
20.83096170425415,-11,-5,-8,-5,-4,-9,-7,5,20,3,-1,-1,0,-11,sil
20.83096170425415,-10,-12,-12,-11,2,-1,-3,2,30,14,13,-2,6,-8,sil
20.848145723342896,-5,-10,-5,-16,2,-2,-3,-1,7,2,11,2,0,-6,sil
20.848145723342896,-3,-2,-6,-9,-3,-3,-5,-6,-9,-17,2,3,-8,-13,sil
20.848145723342896,0,3,2,0,-2,2,-3,0,-12,-11,8,5,1,-6,sil
20.862271070480347,6,-1,2,-5,-2,-1,-1,2,-11,9,19,9,17,4,sil
20.87744426727295,5,-5,0,-20,-4,-7,-8,-4,-14,0,12,6,6,-2,sil
20.87744426727295,12,11,15,-3,2,-1,-14,-3,-16,-20,6,6,-8,-10,sil
21.408193349838257,-6,6,0,-9,3,1,-7,4,16,13,26,4,13,-5,sil
21.408193349838257,-20,0,-5,-18,0,0,-17,4,3,-16,13,-1,-3,-12,sil
21.42367458343506,-9,5,-3,-9,-6,-2,-17,-2,-8,-17,10,1,-5,-7,sil
21.42367458343506,-1,8,6,10,6,-6,-17,-4,-16,-8,3,0,-7,-7,sil
21.43952250480652,-1,6,17,13,15,-1,-12,3,-12,-8,-3,0,-14,0,sil
21.43952250480652,20,15,13,21,14,15,15,4,14,16,14,16,7,25,sil
21.454049348831177,38,16,19,30,13,21,30,2,33,43,24,28,30,46,sil
21.46923470497132,18,-2,3,13,8,14,19,1,30,29,1,8,21,34,sil
21.46923470497132,-2,-13,-11,-8,-2,6,7,0,17,4,-10,0,11,5,sil
21.484856128692627,7,3,2,-1,-3,-1,0,-3,15,1,7,13,15,-4,sil
21.484856128692627,14,19,2,10,6,-8,-3,0,14,4,16,8,7,-8,sil
21.50153946876526,-4,10,-1,0,6,-6,-5,3,-6,-13,0,-4,-10,-20,sil
21.50153946876526,-16,0,-9,-4,0,-3,-2,0,-22,-29,-12,-7,-23,-24,sil
21.51642155647278,-14,-1,-19,5,2,0,9,0,-5,-14,-17,-22,-27,-20,sil
21.51642155647278,-30,-17,-13,-3,0,12,20,9,8,2,-28,-38,-24,-22,sil
21.53195309638977,-41,-34,-20,-21,-9,9,15,7,4,6,-22,-32,-8,-14,sil
21.53195309638977,-15,-22,-11,-15,-14,-5,4,0,4,4,-7,-11,6,3,sil
21.547892332077023,4,-14,-3,-12,-15,-13,0,-6,2,-3,-8,-6,6,4,sil
21.547892332077023,8,-16,0,-17,-12,-12,-4,-5,-5,-10,-3,0,3,2,sil
21.56342363357544,24,5,16,-7,-4,-11,-14,0,-11,-5,18,30,10,13,sil
21.56342363357544,29,20,14,-1,-1,-19,-31,-3,-22,-12,20,37,11,11,sil
21.57905530929565,18,12,14,-4,0,-23,-32,-6,-29,-25,4,10,-1,-1,sil
21.57905530929565,16,16,20,13,8,-8,-13,-1,-17,-11,7,8,0,0,sil
21.59468960762024,14,17,10,29,7,3,-10,-3,-9,1,12,16,2,12,sil
21.59468960762024,0,7,8,17,3,13,-14,-3,-11,0,4,7,-4,11,sil
21.610680103302,-4,8,1,14,15,27,12,3,8,16,7,-1,1,7,sil
21.610680103302,-9,2,0,12,11,23,31,7,17,18,0,-10,0,0,sil
21.626209259033203,-28,-20,-11,-4,-7,6,19,3,5,0,-26,-26,-18,-14,sil
21.626209259033203,-33,-26,-32,-21,-11,1,9,-1,7,3,-34,-31,-22,-18,sil
21.64231753349304,-16,-13,-19,-27,-7,1,9,-1,15,18,-18,-12,-10,-11,sil
21.64231753349304,-2,0,-2,-19,-6,-5,6,0,18,17,5,4,6,-4,sil
21.65820407867432,10,12,15,0,0,-8,0,1,21,13,28,22,24,7,sil
21.65820407867432,26,27,24,16,13,-1,1,4,18,11,40,32,28,19,sil
21.673631191253666,24,27,10,29,16,3,7,1,0,2,31,21,12,16,sil
21.673631191253666,11,16,8,38,9,6,4,2,-24,-8,3,5,-5,6,sil
21.68921446800232,1,0,-1,25,1,10,0,0,-29,-7,-14,-7,-6,1,sil
21.68921446800232,-4,-19,-10,-6,-5,11,2,-4,-8,2,-13,-13,4,4,sil
21.704325675964355,-1,-16,-6,-18,-3,6,0,-1,4,5,-11,-9,11,11,sil
21.704325675964355,4,-5,-8,-6,1,-4,-9,0,3,0,-11,-6,6,10,sil
21.720027446746823,-1,-10,-2,-9,-7,-12,-20,0,-2,-7,-1,0,4,-1,sil
21.720027446746823,-11,-13,-10,-24,-15,-10,-21,-1,-2,-14,6,3,5,-15,sil
21.73519396781921,-6,0,-11,-20,-7,-12,-16,1,0,-22,3,-5,-6,-23,sil
21.73519396781921,-3,7,5,-6,0,-15,-12,2,0,-24,1,-9,-20,-21,sil
21.7508385181427,-6,4,0,7,5,-2,-1,-1,-1,-5,5,-9,-16,-16,sil
21.7508385181427,-6,2,0,14,9,19,15,-1,-4,9,-5,-7,-12,-13,sil
21.765979528427124,-13,-2,-5,10,1,20,27,0,0,7,-23,-16,-18,-7,sil
21.765979528427124,-19,-8,-10,-8,-6,8,24,1,2,-1,-26,-23,-21,-2,sil
21.781554222106934,-7,-9,2,-25,-7,3,10,0,6,-2,-19,-9,-9,0,sil
21.781554222106934,10,-10,2,-21,-9,-10,0,0,11,4,-12,8,7,11,sil
21.79736852645874,22,-3,14,-6,-4,-21,1,2,13,7,0,24,17,27,sil
21.79736852645874,28,4,17,5,1,-12,-1,0,5,-1,16,32,14,28,sil
21.813119649887085,20,2,8,1,0,-10,-22,-7,-6,-12,18,29,10,15,sil
21.813119649887085,13,8,16,-1,0,-17,-30,0,-5,-5,18,26,16,10,sil
21.828011989593502,17,19,9,12,6,-10,-15,3,6,12,31,22,24,14,sil
21.828011989593502,9,15,0,18,9,-2,-2,4,1,14,28,14,16,3,sil
21.843698740005493,-12,5,-7,6,6,-2,4,3,-5,6,11,2,1,-16,sil
21.843698740005493,-17,6,-13,6,7,0,3,0,-2,2,0,-11,-9,-27,sil
21.85931301116944,-15,11,-6,12,10,10,0,-1,-8,0,0,-19,-18,-28,sil
21.85931301116944,-25,3,-11,15,9,19,6,0,-12,-2,-2,-24,-16,-25,sil
21.874964714050293,-28,-4,-6,11,2,20,10,0,-11,-10,-18,-33,-18,-20,sil
21.874964714050293,-15,-5,-1,7,0,17,2,-4,-12,-9,-23,-26,-17,-13,sil
21.890141248703003,0,-2,1,14,6,15,8,1,-8,5,-2,-4,-2,2,sil
21.890141248703003,7,-1,12,6,0,11,19,7,1,6,-4,-1,-1,19,sil
21.90529131889344,0,-14,-7,-19,-20,3,13,-2,1,-6,-26,-24,-14,9,sil
21.90529131889344,0,-21,-13,-29,-23,4,-4,-9,-6,-6,-19,-21,-9,1,sil
21.920883655548096,8,-6,8,-6,-4,7,-9,-5,0,8,0,8,5,18,sil
21.920883655548096,18,0,14,3,5,-1,0,-6,9,13,4,21,12,31,sil
21.93686890602112,26,0,13,2,5,0,9,0,20,15,12,29,24,32,sil
21.93787312507629,20,6,-6,7,9,7,14,7,36,28,19,27,39,30,sil
21.952467679977417,0,2,-15,-3,8,-3,8,2,36,25,4,7,29,14,sil
21.967551469802856,-6,-10,-2,-16,-1,-15,-1,2,14,7,-1,-1,14,-4,sil
21.967551469802856,-2,-13,-5,-10,-7,-17,-8,1,0,-2,1,4,14,-13,sil
21.967551469802856,-17,-9,-8,-19,-10,-20,-15,1,-6,-9,-2,4,2,-24,sil
21.98237109184265,-28,-7,-15,-35,-12,-17,-16,-1,-15,-19,-4,-6,-13,-29,sil
21.98237109184265,-11,0,-7,-21,-13,-15,-8,-2,-24,-30,0,-5,-15,-18,sil
21.99903249740601,5,11,8,3,-8,-12,-1,-1,-25,-30,2,4,-8,-11,sil
21.99903249740601,9,16,6,9,2,-6,6,1,-13,-12,5,0,-6,-13,sil
22.013245105743408,14,14,21,7,9,-1,7,5,-3,-10,2,0,-18,-4,sil
22.02929878234864,20,16,19,16,5,0,0,0,0,-20,-1,5,-26,3,sil
22.02929878234864,14,17,4,20,1,3,-7,-4,-2,-16,0,1,-21,2,sil
22.045965671539307,7,10,8,17,5,9,-13,-1,1,3,5,2,-11,7,sil
22.045965671539307,10,5,9,24,8,4,-22,3,10,15,15,11,-5,11,sil
22.045965671539307,4,7,11,18,6,0,-25,0,0,3,16,8,-12,0,sil
22.0605890750885,-12,3,0,4,6,4,-12,-7,-15,-3,4,-6,-15,-8,sil
22.0605890750885,-18,-3,-11,0,12,11,1,-4,-7,10,-7,-15,0,-3,sil
22.07626676559448,-17,-2,-7,1,10,14,7,5,6,19,-7,-15,14,-3,sil
22.0928761959076,-20,-2,-15,0,0,9,10,5,3,11,-4,-10,15,-7,sil
22.0928761959076,-14,-8,-8,-3,-3,5,13,3,0,3,-11,-4,9,0,sil
22.0928761959076,-12,-20,-8,-11,0,7,16,0,0,2,-15,-12,5,0,sil
22.113858222961422,-14,-26,-19,-20,-5,6,14,-6,-7,0,-15,-19,2,-8,sil
22.113858222961422,-7,-14,-9,-16,-15,5,11,-3,-12,0,-18,-8,3,-1,sil
22.12288475036621,6,0,-8,-1,-6,7,19,0,6,8,-14,0,16,10,sil
22.13853859901428,22,3,6,8,2,5,26,4,23,22,3,10,30,21,sil
22.13853859901428,23,4,18,3,0,0,13,2,17,17,13,13,21,23,sil
22.153568506240845,9,2,7,-3,-7,-6,-5,0,5,-1,0,2,0,12,sil
22.153568506240845,6,0,11,-3,-11,-9,-7,1,8,-1,0,9,-1,7,sil
22.1689236164093,13,0,5,3,-4,-8,3,2,22,12,17,22,15,13,sil
22.1689236164093,11,-3,1,-1,3,-4,7,3,15,8,17,16,9,11,sil
22.184467554092407,3,-2,-3,-12,5,0,6,0,2,-2,5,2,-2,0,sil
22.184467554092407,-2,0,-8,-7,3,-4,1,-2,0,-10,4,-4,-4,-8,sil
22.19966101646424,-11,0,-4,-4,-1,-13,-12,-1,-10,-21,1,-3,-11,-15,sil
22.19966101646424,-20,-9,-20,-16,-9,-17,-27,-4,-16,-25,-5,-8,-21,-21,sil
22.21531796455384,-21,-6,-17,-22,-14,-13,-36,-6,-12,-23,-12,-12,-23,-21,sil
22.21531796455384,-5,11,9,-2,-9,-8,-30,-1,-20,-15,-10,-4,-18,-14,sil
22.2312068939209,9,22,11,18,4,-4,-15,1,-27,-5,0,2,-11,-6,sil
22.2312068939209,9,17,14,25,17,10,-4,3,-9,-2,7,0,-9,0,sil
22.245984315872192,6,6,8,20,19,16,1,0,5,0,11,-5,-8,1,sil
22.245984315872192,11,6,6,10,13,-4,0,-1,-4,-2,16,10,0,0,sil
22.26211214065552,13,13,13,13,14,-12,-6,1,-12,-3,17,27,14,0,sil
22.26211214065552,7,11,7,21,12,9,0,4,4,5,16,16,19,10,sil
22.277872323989868,0,4,9,12,1,23,10,7,16,18,12,3,7,15,sil
22.277872323989868,-5,1,4,9,-1,18,15,0,10,23,6,2,5,7,sil
22.29323434829712,-7,-3,0,17,-1,18,21,-4,0,23,-3,0,12,3,sil
22.29323434829712,-5,-10,0,12,-7,19,25,-1,3,17,-16,-7,5,7,sil
22.309308528900143,-5,-16,-8,-2,-10,2,19,0,17,11,-21,-18,0,8,sil
22.309308528900143,-4,-18,0,-18,-11,-4,10,0,19,7,-16,-18,0,0,sil
22.32508015632629,-2,-17,-6,-20,-11,-4,6,-3,12,2,-13,-14,2,-6,sil
22.32508015632629,0,-13,-17,-14,-12,-17,-1,-10,-2,-12,-20,-15,-3,-7,sil
22.33995032310486,-4,-9,-14,-19,-18,-22,-13,-11,-23,-33,-30,-10,-17,-10,sil
22.33995032310486,-11,-11,-23,-33,-14,-11,-11,-2,-26,-40,-26,-3,-19,-13,sil
22.355397939682007,0,-7,-12,-36,-2,-9,-3,4,-4,-23,-11,0,-6,-6,sil
22.355397939682007,15,2,-5,-28,2,-13,0,3,5,-1,6,2,3,3,sil
22.371124505996704,11,11,-2,-24,0,-12,-13,1,-7,-4,11,8,0,2,sil
22.371124505996704,0,19,9,-12,6,-3,-21,7,-8,-11,9,8,-1,0,sil
22.387179851531982,-7,14,-3,0,22,7,-3,8,13,6,14,-6,5,-3,sil
22.387179851531982,-14,3,-7,-3,22,9,6,5,16,21,10,-11,4,-7,sil
22.402916431427,-16,3,5,3,11,8,-1,3,3,16,6,-1,0,-10,sil
22.402916431427,-8,6,14,22,10,11,0,1,3,12,19,7,4,-3,sil
22.418054342269897,6,5,22,25,9,17,16,3,9,14,28,18,11,11,sil
22.418054342269897,16,7,9,33,0,12,20,3,13,23,22,24,16,23,sil
22.43411612510681,5,3,10,40,-6,-1,4,0,6,15,11,18,8,13,sil
22.43411612510681,-10,-6,10,27,-7,-7,-10,-9,-7,-9,1,6,-5,-4,sil
22.449851751327515,0,-5,4,25,-6,-1,-11,-10,-9,-1,2,5,-6,0,sil
22.449851751327515,25,10,19,35,-4,4,-4,-2,-8,15,9,13,1,14,sil
22.46501350402832,22,11,5,26,0,5,-3,-6,-21,-7,0,0,0,4,sil
22.46501350402832,-2,0,-10,2,0,9,-3,-8,-27,-28,-24,-19,-10,-4,sil
22.48020648956299,-9,-2,-7,-7,-2,11,5,5,0,-2,-16,-14,-1,0,sil
22.48020648956299,0,-8,-8,-10,-7,-1,11,9,17,10,-2,-5,9,0,sil
22.496297121047974,-1,-13,-8,-21,-8,-6,1,-1,4,-7,-20,-13,-2,-8,thankyou
22.496297121047974,-12,-9,-17,-22,0,0,0,-3,11,0,-26,-23,-9,-7,thankyou
22.511854648590088,-4,-7,-10,-17,5,-4,4,7,33,14,-9,-11,5,4,thankyou
22.511854648590088,1,-12,-6,-24,1,-9,8,7,20,4,-1,-3,11,3,thankyou
22.527049779891968,-9,-15,-17,-34,-3,-13,2,-6,-8,-14,-8,-12,-10,-15,thankyou
22.527049779891968,-11,-4,-2,-26,-3,-15,-3,-2,-16,-21,-11,0,-17,-13,thankyou
22.543213605880737,-2,2,2,-13,-2,-10,-1,2,-12,-16,-7,11,-2,-1,thankyou
22.543213605880737,-3,0,0,-18,-10,-13,-5,-3,-19,-18,-6,-3,-13,-11,thankyou
22.55788373947144,0,5,6,-12,-11,-11,-15,-3,-17,-17,1,-3,-21,-12,thankyou
22.55788373947144,18,16,7,9,0,0,-14,0,-2,7,27,26,10,15,thankyou
22.574161767959595,26,18,20,9,2,0,-11,0,0,21,37,37,26,26,thankyou
22.574161767959595,16,8,16,0,0,-5,-12,-5,-1,2,18,15,11,7,thankyou
22.590850830078125,3,1,6,11,8,6,0,-2,8,-2,4,3,8,3,thankyou
22.590850830078125,-3,2,1,16,13,22,15,7,14,15,12,7,13,10,thankyou
22.604941606521606,-10,0,-12,2,6,16,16,8,17,19,14,2,7,0,thankyou
22.60594201087952,-4,1,4,4,5,12,9,3,20,4,6,0,4,-9,thankyou
22.62197494506836,3,0,14,21,12,11,6,0,12,1,7,1,4,-2,thankyou
22.62197494506836,0,-1,3,20,10,5,0,1,-7,-3,3,0,-1,-2,thankyou
22.63705444335937,-8,5,-1,19,4,5,-5,-1,-15,-7,-5,-5,-4,-12,thankyou
22.63705444335937,-9,5,-9,27,4,4,-4,-6,-18,-1,-6,-14,-8,-9,thankyou
22.653237104415894,-8,-4,-4,8,0,0,-8,-1,-32,-6,-14,-12,-22,-5,thankyou
22.653237104415894,-10,-2,-4,-7,-5,0,-5,0,-18,-6,-19,-10,-19,-6,thankyou
22.667983055114743,-2,0,-7,-1,-3,6,9,-2,13,9,-15,-16,-6,5,thankyou
22.6860773563385,9,-5,-2,-1,-7,7,14,2,18,9,-14,-11,-3,17,thankyou
22.6860773563385,7,-11,-12,-12,-19,-5,4,3,4,-1,-21,-5,-1,10,thankyou
22.6860773563385,-3,-7,-8,-13,-14,-12,1,0,0,4,-23,-7,0,6,thankyou
22.69848275184632,-10,-6,-8,-10,1,0,13,2,13,19,-12,-11,2,2,thankyou
22.7140154838562,-10,-10,-13,-12,4,3,23,0,21,16,-2,-10,4,-7,thankyou
22.7140154838562,-6,-3,0,-11,-2,-9,14,-4,1,-8,0,-5,3,-10,thankyou
22.729143857955933,-4,0,-3,-5,-5,-17,-7,-3,-18,-29,0,-5,0,-5,thankyou
22.729143857955933,0,-8,0,-13,-11,-18,-16,5,-2,-18,1,0,-1,-6,thankyou
22.745052576065063,3,-10,5,-26,-14,-16,-5,9,22,4,16,13,10,0,thankyou
22.745052576065063,6,0,4,-16,-7,-16,-5,3,18,6,31,20,18,8,thankyou
22.760568380355835,11,11,17,4,1,-8,-22,-3,-4,0,20,25,7,4,thankyou
22.760568380355835,7,16,8,11,9,1,-23,-10,-16,0,8,19,1,-4,thankyou
22.77594780921936,6,18,6,12,14,4,-15,-6,-22,-8,16,10,0,-2,thankyou
22.77594780921936,17,19,16,17,7,-4,-21,-2,-23,-20,18,15,-4,0,thankyou
22.79198288917541,20,10,12,11,2,-7,-19,-6,-21,-26,4,13,-9,-4,thankyou
22.79198288917541,9,7,19,8,14,14,0,1,-10,-14,-1,4,-4,2,thankyou
22.80789828300476,0,9,11,25,23,32,13,6,8,16,1,-1,0,14,thankyou
22.80789828300476,-2,0,-2,21,3,26,15,1,12,27,-2,-5,0,9,thankyou
22.82327890396118,-9,-11,-8,3,-7,23,28,2,14,22,-8,-8,2,5,thankyou
22.82327890396118,-18,-20,-17,-2,3,21,30,1,18,23,-15,-14,-1,0,thankyou
22.83934116363525,-22,-18,-10,-11,1,6,8,-4,5,11,-25,-19,-10,-8,thankyou
22.83934116363525,-6,-3,-7,-8,-3,-1,6,-1,8,5,-12,-10,1,5,thankyou
22.854982137680054,14,0,-1,4,0,-4,16,5,25,13,1,3,16,19,thankyou
22.854982137680054,5,-9,-4,-3,-1,-11,6,5,15,1,-3,0,11,2,thankyou
22.87044596672058,-7,-9,-19,-22,-9,-12,-6,1,1,-12,0,-1,8,-5,thankyou
22.87044596672058,0,2,-5,-23,-13,-11,-12,4,-5,-16,12,13,7,-1,thankyou
22.88609552383423,3,6,4,-8,-8,-17,-11,0,-16,-17,17,15,2,-11,thankyou
22.88609552383423,6,16,9,10,5,-16,-5,-6,-12,-7,21,10,3,-5,thankyou
22.90125703811645,12,23,10,14,8,-10,-9,-5,-9,1,17,6,1,5,thankyou
22.90125703811645,-8,2,-12,-5,-9,-14,-18,-3,-25,-10,-5,-16,-17,-15,thankyou
22.916383981704712,-26,-12,-10,-13,-15,-6,-14,0,-27,-24,-24,-26,-30,-32,thankyou
22.916383981704712,-8,-3,0,6,-1,8,-4,-1,-4,-15,-22,-18,-25,-17,thankyou
22.93230104446411,3,1,0,7,0,6,0,2,9,-1,-19,-18,-18,-5,thankyou
22.93230104446411,-8,-3,-4,-12,-8,1,10,11,12,9,-14,-15,-11,-2,thankyou
22.948325395584103,-4,-6,-12,-6,-3,4,16,5,13,10,0,0,2,6,thankyou
22.948325395584103,13,-2,5,10,4,8,7,-1,0,0,5,17,6,11,thankyou
22.96337580680847,9,-3,14,6,7,9,2,-2,-5,3,0,14,2,6,thankyou
22.96337580680847,3,-6,6,-2,6,11,12,0,7,16,-3,3,5,9,thankyou
22.979273319244385,15,8,12,9,10,17,22,0,15,20,8,16,16,25,thankyou
22.979273319244385,14,14,3,17,16,8,9,-2,5,13,16,15,18,20,thankyou
22.994263648986816,2,0,-1,2,6,-7,-14,-3,-2,2,7,-2,7,0,thankyou
22.994263648986816,3,2,8,4,-1,-5,-14,-2,0,1,11,2,7,2,thankyou
23.009855270385746,2,10,9,11,3,0,-6,-3,-5,0,11,7,8,6,thankyou
23.009855270385746,-12,-3,-5,-14,-3,-12,-20,-2,-21,-18,-15,-10,-9,-16,thankyou
23.025309085845947,-25,-18,-24,-25,-18,-15,-31,-4,-15,-29,-22,-17,-20,-29,thankyou
23.025309085845947,-16,-5,-1,0,-5,2,-8,1,4,-6,0,2,-5,-5,thankyou
23.04098629951477,-1,5,10,13,11,11,16,4,13,20,10,10,14,11,thankyou
23.04098629951477,-4,0,-10,0,4,0,9,1,7,10,6,-1,9,0,thankyou
23.05602121353149,-13,0,-4,-10,0,-2,-4,3,2,-18,0,-14,-8,-14,sil
23.05602121353149,-5,0,2,-6,0,4,6,2,7,-13,0,-17,-5,-3,sil
23.07207989692688,10,0,7,1,-6,3,19,1,18,14,4,0,9,18,sil
23.07207989692688,20,6,13,5,-3,-2,14,2,21,21,6,16,13,19,sil
23.08809900283813,21,6,1,0,4,-3,7,0,0,-2,3,8,1,5,sil
23.08809900283813,10,0,2,0,0,0,5,-2,-21,-11,0,2,-9,0,sil
23.10420060157776,2,1,2,12,1,3,9,-2,-1,16,6,6,0,-3,sil
23.10420060157776,5,0,1,3,3,1,0,-2,7,21,6,12,10,-1,sil
23.11996078491211,3,-12,-6,-15,-2,-7,-13,0,-11,0,1,14,3,3,sil
23.11996078491211,-2,-14,-12,-9,-4,-10,-5,1,-6,0,4,7,-1,0,sil
23.135152101516724,0,-3,2,0,-6,0,3,0,14,9,-2,0,1,0,sil
23.135152101516724,0,2,0,0,0,7,0,1,8,9,-25,-13,0,2,sil
23.151235580444336,0,6,-2,3,9,1,0,4,-6,-1,-20,-15,-9,0,sil
23.151235580444336,-2,2,3,-1,0,-5,-3,1,-11,-39,5,-5,-9,-6,sil
23.16692447662353,-13,-12,-16,-21,-19,-12,-18,-6,-19,-53,-1,-8,-8,-13,sil
23.16692447662353,-16,-9,-10,-17,-13,-14,-22,-3,-21,-5,-17,-8,-6,-16,sil
23.18315887451172,0,12,8,5,7,-2,-5,1,0,18,5,10,0,-3,sil
23.18315887451172,11,16,14,6,15,3,0,2,7,-17,13,12,-3,3,sil
23.19784712791443,0,10,7,1,10,-2,-12,-1,-11,-27,-2,-3,-8,-5,sil
23.19784712791443,-1,17,0,21,5,-3,-4,-1,-12,6,8,0,3,-6,sil
23.212921142578125,8,19,12,32,0,7,9,1,1,12,19,10,5,6,sil
23.212921142578125,0,0,0,14,0,13,5,-4,-1,1,0,-7,-6,2,sil
23.228047370910645,-15,-11,-18,6,1,8,-2,-10,-16,3,-18,-28,-17,-11,sil
23.243195295333862,-11,0,-5,18,5,5,3,0,-7,7,-16,-18,-11,-6,sil
23.243195295333862,-7,-1,-7,15,3,10,15,6,18,12,-3,-11,0,3,sil
23.243195295333862,-5,-17,-5,-10,-1,12,14,6,30,19,0,-4,4,5,sil
23.26030158996582,2,-12,0,-18,-2,14,14,5,30,22,0,6,10,7,sil
23.275018215179443,6,-3,-2,-9,1,11,19,3,26,20,3,7,19,18,sil
23.275018215179443,0,-13,4,-9,1,3,22,0,18,17,0,6,15,20,sil
23.275018215179443,2,-15,0,-18,-6,-3,21,-3,17,15,0,12,14,10,sil
23.29151964187622,10,-2,0,-25,-13,-10,1,-1,5,3,8,15,15,4,sil
23.29151964187622,5,0,0,-23,-12,-18,-26,-1,-15,-14,11,7,2,-2,sil
23.30827069282532,2,2,3,-13,-5,-20,-32,-3,-16,-21,9,5,-5,-8,sil
23.30827069282532,11,15,23,-3,0,-9,-17,0,-7,-16,16,13,-1,0,sil
23.321279287338257,12,10,11,4,1,-1,-14,-2,-19,-13,11,9,-5,0,sil
23.337283611297607,-1,-1,-1,9,3,2,-13,-5,-36,-16,-11,-3,-17,-17,sil
23.337283611297607,-17,0,-4,12,8,7,-1,-2,-31,-11,-19,-11,-16,-10,sil
23.337283611297607,-14,-4,-3,19,7,8,13,4,-1,3,-9,-8,0,8,sil
23.35194230079651,4,-3,10,24,4,8,23,11,27,18,-5,0,16,12,sil
23.36815404891968,11,1,0,18,5,6,18,4,36,26,-3,1,22,13,sil
23.36815404891968,4,-6,-9,-11,-1,-6,-1,-2,18,6,1,2,17,13,sil
23.383299350738525,0,-9,-8,-27,-9,-23,-13,0,3,-14,3,9,9,-5,sil
23.383299350738525,4,10,-6,-3,-3,-20,-9,1,0,-8,5,7,2,-12,sil
23.39844965934753,11,23,11,13,3,-7,-9,2,-2,-1,13,12,-2,3,sil
23.39844965934753,11,15,6,2,2,-7,-16,-2,-9,-14,10,7,-13,-1,sil
23.414209604263306,-1,6,-7,-6,-1,-9,-26,-10,-25,-29,-9,-15,-31,-32,sil
23.414209604263306,-21,1,-11,-2,0,0,-21,-8,-31,-27,-13,-23,-31,-35,sil
23.429351091384888,-25,-2,-12,0,1,5,-1,-2,-15,-16,-5,-15,-20,-17,sil
23.429351091384888,-14,0,-1,1,0,10,10,5,-3,-5,-12,-15,-25,-9,sil
23.44487714767456,-7,3,1,8,0,16,11,3,-2,7,-4,-15,-16,0,sil
23.44487714767456,-2,-3,6,12,3,17,17,-2,6,21,13,-1,3,16,sil
23.46036624908448,0,-6,7,6,2,19,31,0,15,22,6,-1,7,15,sil
23.46036624908448,-2,-6,-9,-1,0,14,29,3,8,16,-7,-14,6,9,sil
23.476055145263672,4,-7,0,3,0,4,16,0,1,16,-4,-7,11,12,sil
23.476055145263672,11,-3,7,17,2,5,10,0,8,16,1,12,14,12,sil
23.491238594055176,4,-4,0,2,-3,3,1,2,14,9,0,15,15,8,sil
23.491238594055176,0,-16,-5,-25,-14,-4,-7,-1,13,7,-5,7,19,11,sil
23.50691533088684,6,-18,-6,-21,-9,0,0,-2,17,13,0,5,20,16,sil
23.5073471069336,11,-2,7,-6,2,8,3,5,17,10,7,14,18,14,sil
23.522096872329712,9,2,1,-3,2,0,-3,4,12,7,7,12,15,6,sil
23.522096872329712,5,-2,-3,-11,-2,-15,-4,-1,6,4,3,4,11,0,sil
23.53741979598999,4,1,10,-15,-2,-21,-7,-1,-2,-9,5,8,0,-8,sil
23.53741979598999,0,10,0,-7,0,-18,-19,-5,-20,-28,3,4,-9,-17,sil
23.553322076797485,-3,11,-3,0,3,-13,-22,-4,-27,-36,-11,-4,-13,-21,sil
23.553322076797485,-3,10,0,0,6,-10,-16,1,-17,-29,-13,-4,-14,-21,sil
23.56896734237671,-7,14,2,6,3,-9,-17,1,-12,-20,-1,0,-21,-17,sil
23.56896734237671,-6,14,9,15,1,-2,-12,0,-12,-11,7,-1,-18,-6,sil
23.584094047546387,-1,4,4,9,3,7,-1,0,-6,-2,9,-2,-6,0,sil
23.584094047546387,0,1,5,2,3,13,2,3,-2,8,4,0,-6,4,sil
23.599530696868896,0,8,1,19,6,13,8,1,3,21,3,2,-2,8,sil
23.599530696868896,0,2,-7,23,8,10,17,1,9,20,2,-4,5,10,sil
23.61605381965637,0,-8,-3,-1,0,7,18,7,9,9,-6,-14,5,10,sil
23.61605381965637,-5,-12,-8,-8,-5,9,17,0,12,19,-10,-13,5,7,sil
23.63141942024231,-9,-12,-6,-4,-9,5,10,-7,13,22,-8,-3,1,0,sil
23.63141942024231,-4,-11,-8,-8,-11,-9,-7,-3,10,6,-3,-2,0,-2,sil
23.647077798843384,9,-6,0,-4,-5,-15,-8,0,11,0,13,2,14,6,sil
23.66228437423706,13,0,17,4,1,-2,2,-4,8,4,16,15,22,12,sil
23.66228437423706,4,-3,3,1,1,0,0,-7,-2,-2,1,11,6,0,sil
23.66228437423706,3,-5,-2,-8,0,-8,-8,-1,-18,-21,5,9,0,-7,sil
23.678237915039062,3,0,0,-9,0,-8,-5,3,-21,-27,19,16,7,0,sil
23.678237915039062,1,6,-3,-2,0,-10,-10,1,-14,-17,6,8,-2,-4,sil
23.69485330581665,0,7,4,0,-5,-8,-19,3,-8,-11,-11,-4,-18,-14,sil
23.69485330581665,-1,4,0,-4,-6,3,-3,3,-6,-10,-15,-13,-21,-15,sil
23.70908164978028,-7,3,-2,-6,-1,14,12,2,-11,-15,-23,-16,-29,-15,sil
23.72524929046631,-5,7,0,11,8,16,16,0,-11,-18,-28,-17,-28,-12,sil
23.72524929046631,1,12,2,34,21,19,17,1,-1,-1,-16,-9,-9,3,sil
23.72524929046631,4,13,8,33,20,21,19,3,1,18,0,1,1,17,sil
23.739398956298828,-2,6,-1,19,8,14,18,-2,6,26,8,-1,5,14,sil
23.756084203720093,-2,-5,0,1,-2,5,9,-4,17,26,5,-8,12,9,sil
23.756084203720093,0,-15,-1,-9,-7,3,0,0,29,31,3,-2,16,10,sil
23.756084203720093,-2,-17,-13,-15,-9,1,0,0,31,27,5,3,18,15,sil
23.77187275886536,-10,-18,-12,-30,-9,-4,-1,-4,17,7,4,0,16,5,sil
23.77187275886536,-20,-32,-27,-53,-15,-21,-11,-3,2,-6,-1,-16,2,-18,sil
23.78633713722229,-17,-34,-20,-60,-21,-27,-18,1,-3,-9,-1,-11,-1,-19,sil
23.80237650871277,2,-1,9,-25,-4,-6,-8,4,5,0,15,18,19,5,sil
23.803377866744995,18,24,15,13,11,1,-4,1,10,4,22,26,27,14,sil
23.803377866744995,9,17,8,14,0,-17,-19,0,-4,-7,5,5,7,-3,sil
23.818995475769043,-1,11,-2,11,-4,-18,-21,-1,-15,-15,4,0,0,-12,sil
23.818995475769043,10,26,17,21,12,1,-2,0,-6,-11,14,13,0,0,sil
23.838010787963867,15,23,23,19,14,1,5,-1,-5,-9,3,15,-4,0,sil
23.838010787963867,-2,0,-1,6,-5,-12,-7,-3,-23,-13,-16,0,-18,-11,sil
23.848623752594,-3,0,14,8,-8,-5,-13,1,-32,-21,-14,1,-24,-7,sil
23.86465620994568,16,19,17,28,11,7,1,-1,-12,-10,-1,13,-16,7,sil
23.86465620994568,20,15,10,28,12,6,5,-6,-7,2,-3,13,-7,11,sil
23.86465620994568,2,-1,1,5,-2,3,0,-1,-15,-7,-12,0,-9,2,sil
23.880194664001465,-5,-9,-13,0,4,7,8,0,-1,-6,-10,-12,-6,1,sil
23.89608335494995,4,1,4,20,18,19,22,4,17,20,1,-3,7,13,sil
23.89608335494995,7,6,-4,28,13,21,25,4,23,31,8,1,11,16,sil
23.91215419769287,-9,-10,-20,0,-3,7,10,1,14,11,0,-12,0,0,sil
23.91215419769287,-21,-23,-18,-18,-11,1,0,1,3,3,-11,-23,-7,-15,sil
23.927618741989136,-17,-16,-18,-8,-1,10,8,1,0,5,-14,-24,-9,-14,sil
23.92855024337769,-9,-5,3,-1,5,14,21,2,10,1,-9,-13,-5,0,sil
23.943333625793457,-7,-7,-7,-7,-7,0,9,-4,15,2,1,-7,2,2,sil
23.943333625793457,-6,-14,-14,-24,-22,-17,-16,-6,0,-5,1,-3,2,-3,sil
23.959190607070923,-2,-6,9,-35,-10,-6,-11,3,0,-16,3,9,7,-2,sil
23.959190607070923,7,0,0,-22,3,0,7,0,19,0,19,13,22,7,sil
23.97485327720642,17,0,9,-24,-6,-12,-10,0,7,7,29,22,24,14,sil
23.97485327720642,8,-1,0,-37,-12,-21,-23,1,-16,-1,26,23,17,6,sil
23.990069150924683,-7,0,-7,-28,-2,-18,-17,-1,-24,-12,8,2,1,-9,sil
23.990069150924683,-5,14,16,8,6,-1,-14,-3,-25,-11,0,-5,-11,-13,sil
24.00615358352661,7,21,6,38,10,3,-6,-4,-17,1,7,-2,-4,-8,sil
24.00615358352661,8,13,18,35,7,0,0,1,-9,0,-2,1,-6,-8,sil
24.02191281318665,-3,3,9,27,10,7,1,1,-5,-6,-27,-11,-24,-17,sil
24.02191281318665,-13,-8,-18,21,10,15,1,-4,-6,-3,-36,-33,-31,-20,sil
24.037659406661987,-23,-16,-5,0,-7,9,0,-4,-6,-3,-30,-26,-20,-14,sil
24.037659406661987,-24,-12,-21,-7,-14,0,3,0,6,-3,-23,-15,-9,-9,sil
24.053196907043457,-7,-3,-3,6,-2,-1,0,4,10,-6,-22,-12,-9,-3,sil
24.053196907043457,7,3,17,21,3,1,6,4,11,9,-1,12,6,19,sil
24.069282054901123,12,3,-7,8,2,1,14,0,22,32,20,37,27,37,sil
24.069282054901123,12,0,9,-23,-2,0,-1,1,11,13,8,22,14,28,sil
24.08536624908448,24,10,6,-16,-7,0,0,-1,-1,-11,2,7,2,16,sil
24.08536624908448,38,21,0,5,0,0,16,0,7,-3,22,20,20,17,sil
24.102325201034542,26,19,23,7,9,4,19,6,33,16,30,27,34,21,sil
24.102325201034542,15,14,-2,20,8,1,34,4,58,33,38,27,43,37,sil
24.10332489013672,12,3,-20,15,3,-7,25,2,33,23,29,13,28,25,sil
0.0284349918365478,-16,-16,6,-23,-5,-8,-26,0,-28,-5,-9,-19,-14,-24,sil
0.0284349918365478,-37,-19,-7,-34,-5,-1,-35,-4,-37,-15,-21,-28,-26,-47,sil
0.0439972877502441,-20,-6,-19,-11,3,0,-10,0,-12,-16,-8,-17,-18,-31,sil
0.0439972877502441,-3,0,16,-2,2,-4,-13,3,-21,-21,-3,-7,-19,-17,sil
0.0600204467773437,-7,-3,0,-2,-4,-8,-22,-5,-34,-19,-1,-3,-17,-16,sil
0.0600204467773437,-8,-4,-8,-4,0,-10,-21,-7,-30,-28,-7,-10,-20,-17,sil
0.0759804248809814,4,6,23,5,4,-1,-13,0,-14,-26,-4,-1,-14,-3,sil
0.0759804248809814,5,6,4,19,1,4,5,0,0,1,11,2,0,6,sil
0.0914435386657714,-5,-4,-3,10,1,4,14,7,-5,2,-1,-10,-7,-5,sil
0.0914435386657714,-9,-10,-6,3,2,9,17,1,-13,-8,-24,-18,-16,-11,sil
0.1065893173217773,-3,-10,-18,-1,-1,12,17,-8,-8,9,-14,-10,0,4,sil
0.1065893173217773,1,-6,11,-13,-8,12,14,2,9,32,6,8,15,21,sil
0.1223149299621582,3,-8,-1,-5,-11,-1,10,3,32,27,5,18,22,21,sil
0.1223149299621582,5,-6,-7,0,-8,-18,-15,-6,15,-3,-13,14,7,1,sil
0.1374192237854004,11,8,9,-2,0,-13,-34,-6,-9,-17,-1,15,-5,-9,sil
0.1374192237854004,9,15,1,2,1,-5,-18,-1,1,-3,24,19,0,0,sil
0.1528217792510986,-2,8,15,4,2,0,0,2,9,2,13,10,1,0,sil
0.1528217792510986,-8,6,0,12,15,16,9,1,0,3,-3,-15,-4,-4,sil
0.1693727970123291,-5,13,-7,18,14,21,8,-1,-6,1,-2,-21,-5,-2,thankyou
0.1693727970123291,-10,7,0,16,2,11,11,1,0,1,-7,-16,-3,0,thankyou
0.1840877532958984,-14,-7,-20,11,1,4,14,1,14,12,-16,-21,2,1,thankyou
0.1994941234588623,0,-6,-1,-4,0,5,11,6,21,18,-14,-13,9,6,thankyou
0.1994941234588623,2,-8,-4,-25,-5,4,16,3,22,14,-6,-10,9,2,thankyou
0.2153539657592773,-6,-19,-19,-30,-9,-3,11,-3,11,-3,-17,-15,-1,-7,thankyou
0.2153539657592773,-5,-12,-3,-14,-7,-7,-3,-3,0,-12,-24,0,-5,-1,thankyou
0.2301180362701416,10,2,0,-4,0,-3,0,0,13,7,11,20,20,17,thankyou
0.2301180362701416,16,5,14,-16,-5,-9,-1,4,10,7,41,33,35,23,thankyou
0.2452671527862548,11,6,6,-7,-9,-23,-17,3,-16,-16,24,27,5,5,thankyou
0.2452671527862548,20,15,5,11,1,-19,-16,1,-29,-19,11,18,-12,-3,thankyou
0.2604258060455322,22,19,23,5,6,-3,-2,0,-18,-2,21,13,2,5,thankyou
0.2604258060455322,-6,1,-7,-6,-10,-8,-9,-7,-17,-10,8,-4,-6,-2,thankyou
0.2763230800628662,-22,-12,-12,-3,-12,-15,-22,-7,-26,-32,-17,-20,-39,-29,thankyou
0.2763230800628662,-9,-5,-2,5,6,-2,-8,0,-11,-16,-14,-15,-27,-28,thankyou
0.2913522720336914,-1,2,0,9,12,10,6,3,7,15,4,0,2,-6,thankyou
0.2913522720336914,-3,3,17,17,11,19,9,0,0,16,4,5,-1,-1,thankyou
0.3070893287658691,1,-3,8,23,12,16,9,-6,0,7,-1,0,-8,-8,thankyou
0.3070893287658691,11,-8,1,6,0,9,1,-1,14,7,1,0,2,3,thankyou
0.3221254348754883,8,0,0,-5,-7,6,-3,3,7,2,0,4,5,14,thankyou
0.3221254348754883,-4,7,-1,0,0,1,-2,1,-13,-14,-10,0,-3,0,thankyou
0.3370101451873779,-5,4,11,9,5,1,1,0,-5,-10,-4,-1,-2,-3,thankyou
0.3370101451873779,1,4,4,13,6,7,13,1,15,19,13,4,11,10,thankyou
0.3527002334594726,-2,6,1,4,0,2,12,4,7,24,8,8,18,13,thankyou
0.3527002334594726,-12,0,-1,-6,0,-3,1,4,-2,4,-4,-2,12,3,thankyou
0.3683347702026367,-5,-1,-9,-5,6,-3,-2,0,0,-2,-4,-7,7,6,thankyou
0.3683347702026367,1,-4,-1,-8,0,-1,-4,-3,-5,-6,-7,1,5,9,thankyou
0.3834145069122314,-2,-13,-7,-16,-9,0,-6,-8,-4,-8,-10,-2,0,-2,thankyou
0.3834145069122314,0,-11,-4,-10,-1,0,-2,-5,4,-6,-2,-7,-2,-2,thankyou
0.3990538120269775,3,-3,-6,2,2,1,0,0,3,0,0,-2,0,4,thankyou
0.3990538120269775,-1,-5,-14,3,0,5,0,1,3,6,-8,-3,0,0,thankyou
0.4151122570037842,0,-1,4,1,3,3,6,2,4,3,-18,-3,-4,-1,thankyou
0.4151122570037842,0,0,0,-3,0,-6,11,0,2,-7,-9,-3,-2,0,thankyou
0.4311432838439941,-9,-12,-14,-17,-17,-10,11,0,3,-4,-6,-11,-5,-8,thankyou
0.4311432838439941,-17,-13,-16,-15,-12,-1,17,5,13,13,-16,-19,-12,-17,thankyou
0.4461872577667236,-7,-3,-10,-1,-1,1,15,7,20,14,-10,-11,-8,-9,thankyou
0.4461872577667236,7,1,4,-1,-7,-6,-1,1,15,5,11,7,0,0,thankyou
0.462205171585083,12,9,9,0,-5,-10,-13,-5,3,8,29,19,9,3,thankyou
0.462205171585083,17,22,17,12,4,-8,-19,-4,-5,2,35,28,15,11,thankyou
0.4773855209350586,19,25,18,11,4,-11,-14,0,-9,-8,36,31,14,12,thankyou
0.4773855209350586,7,18,2,-4,0,-15,-10,1,-20,-11,19,16,0,-3,thankyou
0.4931104183197021,0,14,7,-7,-2,-10,-20,-2,-31,-23,-2,5,-17,-17,thankyou
0.4931104183197021,11,20,10,11,8,0,-22,-4,-17,-34,-4,2,-20,-13,thankyou
0.5092189311981201,12,18,14,24,17,8,-14,0,-5,-19,2,2,-7,-1,thankyou
0.5092189311981201,-9,-1,7,9,9,13,-8,1,-14,0,-2,-6,1,-1,thankyou
0.5243597030639648,-23,-22,-12,-8,4,13,0,-5,-20,2,-23,-23,-7,-7,thankyou
0.5243597030639648,-21,-20,-10,-5,3,16,8,-4,-11,0,-30,-24,-16,0,thankyou
0.5404014587402344,-18,-15,-10,5,-6,15,7,1,7,17,-8,-18,0,8,thankyou
0.5404014587402344,-13,-22,-8,-1,-7,7,15,10,23,35,0,-17,15,6,thankyou
0.5561373233795166,-9,-24,-2,-15,2,11,29,6,22,25,-17,-15,9,4,thankyou
0.5561373233795166,-5,-16,-10,-10,-1,16,21,-4,15,12,-14,-6,2,7,thankyou
0.5711779594421387,4,-1,-2,-6,-9,4,8,0,14,11,9,8,9,9,thankyou
0.5711779594421387,16,10,0,-1,-1,-2,14,7,18,11,16,17,20,9,thankyou
0.5866804122924805,21,14,4,6,4,-4,16,2,12,3,12,18,17,11,thankyou
0.5866804122924805,19,13,16,16,0,-14,4,-1,1,-3,18,18,6,8,thankyou
0.6022021770477295,12,5,10,12,-1,-13,1,0,-4,-21,10,10,0,-2,thankyou
0.6183280944824219,5,0,4,1,4,1,-1,2,-7,-36,-8,3,-9,-6,thankyou
0.6183280944824219,0,-1,-6,0,10,-5,-6,0,-6,-22,-4,0,-11,-2,thankyou
0.6183280944824219,0,-3,-4,0,0,-18,-8,-4,-2,0,4,1,-2,-3,thankyou
0.6330206394195557,0,-2,4,-8,-6,-5,-7,0,3,9,0,1,0,-4,thankyou
0.6494669914245605,-7,5,-3,-4,1,0,-13,-3,5,6,-5,-2,-1,-1,thankyou
0.6494669914245605,-11,3,-5,0,-1,-9,-22,-11,-4,-4,-13,-4,-10,-8,thankyou
0.6655054092407227,-16,-7,-13,-10,-10,-9,-26,-6,-21,-12,-18,-10,-16,-16,thankyou
0.6655054092407227,-19,-2,-12,-17,-5,0,-18,2,-26,-13,-6,-11,-14,-9,thankyou
0.6822178363800049,-9,5,-2,-9,-4,-4,-12,0,-17,-12,0,-5,-5,-6,thankyou
0.6822178363800049,0,0,-1,-2,-8,-8,-8,-1,-4,0,-1,-6,-1,-8,thankyou
0.6822178363800049,7,4,17,5,3,6,5,6,0,17,9,2,4,2,thankyou
0.6953792572021484,16,18,14,22,15,16,13,3,2,22,25,12,14,16,sil
0.7114579677581787,18,17,5,28,9,9,5,-1,3,15,20,12,13,12,sil
0.7114579677581787,13,6,21,20,1,6,8,2,9,13,13,15,9,7,sil
0.7285311222076416,7,-2,13,13,0,11,22,2,18,15,8,10,5,8,sil
0.7285311222076416,0,-8,-3,-3,-1,13,23,1,13,2,-10,0,-3,6,sil
0.7285311222076416,-8,-10,-18,-16,-2,9,21,1,7,-6,-15,-8,-2,1,sil
0.7436785697937012,-2,-7,-16,-9,0,0,12,1,10,-2,-2,-9,2,0,sil
0.7436785697937012,0,-3,2,2,3,0,1,5,16,6,0,-1,0,1,sil
0.7582812309265137,-14,-8,-8,-1,0,0,0,1,6,1,-12,-6,-1,-6,sil
0.7752697467803955,-27,-19,-17,-18,-10,-7,-8,-5,-15,-22,-26,-23,-8,-18,sil
0.7752697467803955,-15,-13,-10,-14,-10,-12,-14,-4,-16,-25,-22,-23,-18,-13,sil
0.7752697467803955,5,2,-1,1,1,-4,-2,-2,-1,-3,-1,0,-1,1,sil
0.7893681526184082,4,4,4,0,5,-4,0,-2,-3,0,12,13,16,5,sil
0.8049921989440918,-3,-2,-6,-10,0,-10,-9,-4,-7,-6,7,2,2,-1,sil
0.8049921989440918,7,2,2,-3,0,-5,-4,2,1,1,0,0,-6,0,sil
0.8200664520263672,21,8,9,1,0,1,0,3,4,7,6,10,8,9,sil
0.8200664520263672,6,1,-2,-10,-4,-1,-9,-3,-2,-1,9,5,7,2,sil
0.8358535766601562,-3,0,5,-10,-7,-3,-11,-1,-9,-5,3,-3,-4,-1,sil
0.8358535766601562,15,11,8,11,1,3,-1,4,0,4,15,7,6,7,sil
0.8521578311920166,22,12,11,7,5,3,-1,1,3,8,19,17,7,7,sil
0.8521578311920166,-1,3,8,-9,0,-3,-6,-4,0,5,1,5,-6,-8,sil
0.8673548698425293,-14,0,-2,-2,-1,-3,-4,-1,-9,0,0,-2,-7,-14,sil
0.8673548698425293,-3,6,5,3,4,0,-4,4,-12,-5,5,4,0,-6,sil
0.8831040859222412,0,6,4,3,8,1,0,0,0,-1,4,5,0,-1,sil
0.8831040859222412,-2,2,5,14,8,4,7,0,7,0,1,0,-1,0,sil
0.8981268405914307,-7,2,5,29,11,8,4,2,0,-6,0,-6,-6,-1,sil
0.8981268405914307,-8,5,-1,28,12,4,-2,-1,-9,-7,-11,-13,-7,-8,sil
0.9134252071380616,0,8,6,21,10,5,1,0,-3,0,-17,-1,-1,0,sil
0.9134252071380616,2,0,-2,20,5,8,12,1,9,5,-4,5,2,11,sil
0.9291043281555176,-3,-15,-7,7,-2,2,18,0,16,14,0,1,6,15,sil
0.9291043281555176,0,-16,-2,-7,-12,1,23,0,20,25,-6,-1,11,19,sil
0.9451906681060792,6,-11,-11,-10,-14,6,22,1,27,21,-11,-6,11,16,sil
0.9451906681060792,-9,-22,-11,-18,-15,2,9,2,20,3,-18,-14,0,0,sil
0.9603314399719238,-23,-29,-22,-34,-19,-5,0,0,3,-3,-20,-16,-5,-5,sil
0.9603314399719238,-8,-12,-19,-35,-18,-4,0,0,-3,-1,-1,-4,4,-1,sil
0.9763195514678956,6,3,1,-16,-3,0,-1,0,-1,-4,13,4,11,-1,sil
0.9763195514678956,0,3,2,-3,5,-9,-11,-5,-9,-8,6,1,3,-3,sil
0.9923696517944336,1,4,6,-8,0,-19,-28,-6,-29,-15,1,5,-4,-3,sil
0.9923696517944336,11,9,-1,-6,-4,-14,-34,-4,-26,-22,7,11,-5,-8,sil
1.0081701278686523,3,3,-9,-3,-1,-9,-27,-2,-15,-27,3,1,-11,-14,sil
1.0081701278686523,0,5,8,-4,1,-8,-22,0,-20,-21,5,2,-17,-15,sil
1.02344012260437,14,20,17,9,12,-1,-10,0,-14,-2,24,19,-10,-1,sil
1.02344012260437,28,30,24,30,19,7,0,0,5,8,26,26,-6,13,sil
1.0391473770141602,22,20,12,30,15,7,5,1,7,12,12,15,-7,9,sil
1.0391473770141602,8,4,0,11,7,0,1,1,-10,4,4,0,-4,-5,sil
1.0541884899139404,-11,-3,0,-3,0,2,4,1,-13,-6,-2,-9,-1,-12,sil
1.0541884899139404,-22,-4,-7,0,0,11,21,2,4,0,-9,-18,-1,-11,sil
1.069364309310913,-11,-4,3,7,7,11,35,7,18,14,-5,-14,3,-3,sil
1.069364309310913,-7,-6,1,1,6,9,28,7,22,17,0,-5,12,1,sil
1.0853455066680908,-13,-6,-9,-3,-3,10,17,0,25,16,-8,-11,4,2,sil
1.0853455066680908,-9,-1,-3,5,-5,11,15,0,19,15,-16,-16,-3,5,sil
1.1005234718322754,-9,-5,-10,3,-6,4,7,-1,3,4,-16,-15,4,5,sil
1.1005234718322754,-15,-14,-11,-15,-8,0,-1,-3,-2,-5,-22,-16,8,2,sil
1.1159934997558594,-7,-14,-6,-10,-2,10,5,-2,5,2,-19,-15,4,2,sil
1.1159934997558594,3,-10,-2,3,3,5,10,1,14,16,-7,-4,4,4,sil
1.1325278282165527,7,-5,5,-5,-1,-9,-3,5,17,9,0,11,6,10,sil
1.1325278282165527,16,-2,-4,-16,-9,-16,-18,-1,18,0,15,21,16,18,sil
1.1484663486480713,23,0,2,-15,-8,-19,-27,-5,1,-2,23,26,21,17,sil
1.1484663486480713,10,2,13,-4,-2,-24,-26,0,-12,-5,9,22,7,3,sil
1.163431167602539,0,2,1,1,-1,-20,-15,1,-8,-12,-3,11,-4,-5,sil
1.163431167602539,6,4,6,0,-6,-8,-11,-6,-9,-23,0,10,-2,-4,sil
1.1795175075531006,2,9,2,-3,-3,-5,-14,-10,-20,-28,13,6,0,-8,sil
1.1795175075531006,-6,12,0,-1,0,-2,-18,-1,-24,-18,16,6,-4,-11,sil
1.194754123687744,-2,14,8,7,4,0,-13,0,-23,-7,14,11,-10,-7,sil
1.194754123687744,2,15,5,19,11,-6,-6,-4,-27,-10,6,4,-15,-11,sil
1.2104222774505615,0,16,9,19,14,0,-4,-1,-25,-11,3,2,-16,-16,sil
1.2104222774505615,-1,16,0,18,13,21,2,5,-15,3,11,0,-6,-6,sil
1.225456476211548,-5,6,0,22,12,27,15,2,-15,14,5,-8,-2,3,sil
1.225456476211548,-8,-11,2,15,7,21,17,-1,-9,14,-14,-21,-9,0,sil
1.2409794330596924,-5,-18,-11,1,-2,14,12,-1,6,13,-18,-26,-11,-3,sil
1.256640911102295,0,-6,-3,2,-2,12,22,6,18,16,-8,-14,-1,6,sil
1.256640911102295,2,-4,-2,9,7,17,40,5,28,22,-7,-8,2,10,sil
1.256640911102295,-3,-19,-16,-9,1,12,34,2,32,16,-22,-21,-5,1,sil
1.2722759246826172,-9,-15,-14,-29,-13,1,12,3,22,0,-26,-20,-7,-3,sil
1.2722759246826172,-3,-2,-7,-10,-12,-6,3,5,22,-4,-5,-3,4,2,sil
1.2877542972564695,-3,-9,-2,-6,-6,-7,5,7,25,5,2,1,12,3,sil
1.305206298828125,-14,-24,-17,-31,-9,-7,6,2,21,11,-8,-8,7,-2,sil
1.305206298828125,-7,-15,-11,-24,-15,-15,-6,-3,8,-7,-13,-7,-1,-5,sil
1.305206298828125,5,1,13,0,-16,-19,-26,-6,-4,-28,-8,5,-6,-1,sil
1.3193190097808838,0,0,-1,-11,-9,-13,-27,-8,-13,-22,0,10,-2,-1,sil
1.3193190097808838,0,-1,2,-18,1,-5,-14,-7,-16,-6,6,14,2,0,sil
1.3354620933532717,17,13,17,9,12,-6,-7,-7,-8,2,16,18,15,9,sil
1.3354620933532717,25,20,11,12,11,-7,-11,-2,-3,7,22,20,20,15,sil
1.3520987033843994,19,15,13,-4,2,-4,-12,8,-4,7,26,24,17,17,sil
1.3666887283325195,17,13,13,6,2,0,-5,7,3,14,30,22,25,19,sil
1.3666887283325195,12,10,16,15,5,0,-9,0,10,16,24,16,19,12,sil
1.3822321891784668,1,13,5,3,0,-5,-13,-3,0,2,12,7,0,-2,sil
1.3822321891784668,5,25,0,8,0,-10,-3,-1,-11,0,12,10,-1,-3,sil
1.3822321891784668,5,19,4,15,4,-3,1,1,-12,2,13,11,3,-4,sil
1.3964762687683103,-18,-5,-11,0,0,-1,-2,-2,-19,-17,-10,-14,-18,-25,sil
1.412522554397583,-29,-9,-7,-5,-3,1,3,0,-27,-34,-35,-29,-36,-32,sil
1.412522554397583,-17,0,3,10,4,16,15,3,-16,-22,-23,-15,-25,-22,sil
1.427779197692871,-15,-10,-6,10,7,20,13,-2,-4,-8,-9,-13,-16,-18,sil
1.427779197692871,-12,-17,-7,-1,2,14,6,-1,-9,-4,-15,-16,-15,-9,sil
1.4433608055114746,1,-8,-9,6,10,16,7,0,-2,2,-12,-11,0,4,sil
1.4433608055114746,9,-1,5,17,15,12,8,0,13,10,-1,-1,11,14,sil
1.4591209888458252,7,0,13,19,6,0,9,5,23,19,6,6,13,17,sil
1.4591209888458252,2,-5,-9,7,-4,0,8,0,13,15,-5,-4,2,7,sil
1.4747378826141355,-4,-13,-13,-13,-10,4,4,-8,-5,-3,-33,-23,-20,-8,sil
1.4747378826141355,-6,-10,-12,-13,-5,3,12,-4,-7,-7,-19,-15,-13,0,sil
1.490433931350708,6,-4,-3,-4,0,0,14,3,7,5,21,11,14,24,sil
1.490433931350708,9,-6,1,-9,-10,0,-3,2,18,17,17,11,15,21,sil
1.5061213970184326,-7,-7,-7,-10,-20,-3,-22,-4,15,17,-4,-4,0,0,sil
1.5061213970184326,-11,0,0,-7,-9,-1,-21,1,12,10,6,1,2,0,sil
1.5220906734466553,0,-6,-1,-12,0,-1,-2,5,16,10,20,12,20,10,sil
1.5220906734466553,-1,-13,-5,-17,-8,-11,1,0,7,0,5,6,13,0,sil
1.5370936393737793,-11,0,-4,-14,-5,-9,-7,-4,-10,-16,-6,-4,-9,-17,sil
1.5370936393737793,-8,8,-7,-9,5,-1,-11,0,-16,-17,-8,-12,-14,-23,sil
1.5529098510742188,0,3,7,-5,4,-9,-7,2,-13,-17,-9,-2,-2,-14,sil
1.5529098510742188,11,8,12,3,5,-15,-3,0,-5,-8,0,13,5,2,sil
1.567979097366333,26,21,16,20,15,-4,-2,4,1,7,16,23,10,16,sil
1.567979097366333,30,26,20,26,14,0,-2,8,1,3,22,21,13,14,sil
1.584024429321289,11,15,1,5,1,-10,0,0,0,-7,16,10,6,4,sil
1.584024429321289,1,6,5,-11,-6,-7,1,-5,0,-7,4,4,-6,0,sil
1.6000404357910156,7,8,9,2,-3,2,1,0,2,-1,1,3,-3,-1,sil
1.6000404357910156,8,7,5,11,1,1,0,3,6,2,6,2,2,-3,sil
1.6154239177703855,0,4,3,1,5,4,1,0,-4,3,0,1,-3,-2,sil
1.6154239177703855,-6,1,-6,8,7,11,11,-7,-26,-4,-15,-11,-15,-5,sil
1.6313481330871582,-15,-5,0,19,4,14,17,-3,-27,-10,-25,-22,-18,-9,sil
1.6313481330871582,-24,-14,-5,11,0,20,20,4,0,0,-19,-20,-16,-7,sil
1.6472742557525637,-27,-22,-23,-9,-2,18,21,4,22,14,-13,-21,-14,-1,sil
1.6472742557525637,-23,-16,-11,-7,-4,10,20,2,25,17,-9,-17,0,4,sil
1.6622989177703855,-8,-10,-10,6,-5,7,13,-2,22,22,0,-5,21,9,sil
1.6622989177703855,0,-16,-12,-12,-9,-1,-5,-5,11,19,1,2,19,7,sil
1.6781034469604492,0,-21,-10,-30,-9,-16,-23,-4,-2,4,1,3,13,1,sil
1.6781034469604492,8,-9,2,-10,-3,-22,-27,-5,-1,-1,11,13,22,2,sil
1.6931135654449463,15,1,12,-3,-7,-18,-25,-4,0,-1,18,26,15,0,sil
1.6931135654449463,5,0,-3,-21,-9,-18,-23,-6,-12,-16,12,18,0,-4,sil
1.708247423171997,5,4,6,-15,-4,-17,-21,-1,-20,-35,2,6,-6,-12,sil
1.708247423171997,8,16,18,7,-2,-9,-20,1,-20,-38,-2,-1,-16,-15,sil
1.723750352859497,2,16,6,11,0,-3,-15,3,-19,-25,1,-2,-15,0,sil
1.723750352859497,11,16,13,6,11,8,0,9,-9,-1,8,8,1,13,sil
1.7394187450408936,21,22,10,27,22,20,18,8,8,16,8,3,3,7,sil
1.7394187450408936,17,26,10,39,26,24,24,4,6,10,6,0,-2,8,sil
1.7551724910736084,9,15,10,15,14,21,18,0,0,7,6,9,6,18,sil
1.7551724910736084,0,-1,-5,-6,0,11,17,-2,6,17,0,0,3,9,sil
1.771087408065796,-14,-5,-8,-1,1,7,21,-1,3,10,-9,-12,-12,-6,sil
1.771087408065796,-23,-7,-20,-2,3,4,14,1,-4,-4,-15,-17,-16,-16,sil
1.7862331867218018,-20,-18,-19,-19,-11,-7,-5,2,0,-5,-24,-20,-13,-17,sil
1.7862331867218018,-12,-12,-3,-11,-12,-13,-8,0,14,9,-12,-12,-5,-3,sil
1.802228212356568,-7,-4,-3,4,0,-4,2,-2,19,14,6,0,6,7,sil
1.802228212356568,-7,-9,-2,0,0,3,4,0,13,2,0,-2,4,1,sil
1.8169193267822263,-11,-12,-10,-2,-4,0,-1,-1,8,0,-9,-10,-1,-5,sil
1.8169193267822263,-10,-5,-7,7,0,-6,-7,-5,8,11,0,-3,1,-4,sil
1.8324923515319824,0,0,4,6,-4,-6,-6,1,12,22,3,3,13,3,sil
1.8324923515319824,5,-5,0,-3,-13,-4,0,1,7,13,3,1,14,9,sil
1.8480591773986816,4,-6,6,-6,-9,-7,0,-2,-10,-7,0,0,0,2,sil
1.8480591773986816,3,-2,0,-3,-5,-11,0,-5,-18,-18,-11,-2,-8,-7,sil
1.864140272140503,6,0,0,-4,-8,-8,7,-3,-12,-17,-17,-6,-4,-9,sil
1.864140272140503,9,-1,7,-9,-3,0,5,0,-10,-14,-3,3,0,0,sil
1.8801863193511963,15,-3,2,-7,2,0,-3,0,-11,-5,13,15,2,8,sil
1.8801863193511963,19,6,12,0,5,2,-4,0,-11,0,13,18,4,8,sil
1.8954427242279053,13,19,6,6,15,15,2,0,0,-2,11,14,5,3,sil
1.8954427242279053,4,15,0,4,17,13,-1,1,7,-10,10,11,2,0,sil
1.910965919494629,-2,7,10,-5,1,-2,-13,0,-2,-14,3,9,-6,-7,sil
1.910965919494629,-1,8,3,-3,-1,-1,-12,0,-2,-7,0,4,-7,-6,sil
1.926682949066162,4,10,6,0,1,3,-7,3,5,0,4,10,2,0,sil
1.926682949066162,-1,0,0,-5,-2,-9,-7,5,6,5,12,10,9,3,sil
1.943004846572876,-8,-10,-10,-10,-4,-13,-5,2,6,7,12,-2,3,0,thankyou
1.943004846572876,-1,-4,1,1,2,10,4,1,9,14,7,-2,0,5,thankyou
1.958085298538208,0,0,-3,14,2,20,15,0,8,24,3,0,7,15,thankyou
1.9733641147613523,-5,-1,-9,9,-5,0,6,-3,0,11,-4,-6,11,14,thankyou
1.9733641147613523,-7,1,-4,7,-2,-11,-9,-4,-8,-8,-1,-8,9,2,thankyou
1.9733641147613523,0,6,2,18,8,-5,-5,1,-2,0,12,2,7,0,thankyou
1.990386247634888,1,7,4,12,0,-4,-2,0,-4,4,3,-1,0,0,thankyou
1.990386247634888,-12,-6,-16,-6,-16,-12,-14,-12,-25,-17,-21,-31,-16,-16,thankyou
2.0104188919067383,-14,-12,-7,-10,-9,-3,-9,-1,-22,-20,-23,-31,-18,-18,thankyou
2.011419773101806,-2,-2,2,-5,7,11,13,11,5,-4,-8,-8,-6,-12,thankyou
2.020991086959839,-1,-1,-4,-12,0,7,9,1,8,-8,-6,-5,-6,-16,thankyou
2.037016153335572,1,-1,6,-8,-2,2,1,-1,3,-5,-9,4,-9,-3,thankyou
2.037016153335572,11,5,4,11,15,5,16,9,18,16,-5,14,0,12,thankyou
2.037016153335572,7,6,2,14,17,1,21,4,9,7,-3,3,-1,0,thankyou
2.052548408508301,0,0,1,1,0,-1,10,-5,-6,-9,-4,-1,-11,-8,thankyou
2.069308280944824,0,-4,-6,-2,0,-1,6,-2,8,8,-3,1,-8,4,thankyou
2.069308280944824,-5,-3,3,1,7,4,4,1,9,21,-1,-5,-6,0,thankyou
2.069308280944824,-15,-2,0,10,5,9,1,-5,-12,1,-4,-13,-12,-15,thankyou
2.085247755050659,-12,-13,-6,0,-9,3,-5,-7,-21,-20,-14,-13,-16,-12,thankyou
2.085247755050659,-4,-14,-3,-13,-19,-5,-9,-4,-10,-13,-7,-4,-6,3,thankyou
2.099374294281006,0,0,0,0,-13,-9,-3,-2,3,4,5,2,8,8,thankyou
2.099374294281006,8,2,9,11,-7,-3,-3,3,12,11,4,6,13,11,thankyou
2.115307092666626,14,0,4,5,2,7,-1,8,19,24,20,16,25,25,thankyou
2.115307092666626,26,10,12,9,13,16,14,9,34,45,47,41,50,42,thankyou
2.1314451694488525,31,9,15,5,8,11,14,11,40,35,34,39,42,35,thankyou
2.132444381713867,8,-12,-17,-13,-8,-6,-9,0,1,-7,0,5,3,2,thankyou
2.146114587783813,-10,-10,-15,-20,-13,-12,-15,-6,-32,-36,-4,-1,-12,-15,thankyou
2.161463975906372,-4,3,-2,-11,0,-3,0,-3,-8,-26,0,1,0,-8,thankyou
2.161463975906372,2,5,0,-12,3,-5,0,-2,4,-12,-8,-5,6,-4,thankyou
2.177643299102783,-3,6,2,-9,0,-9,-10,-5,-13,-6,-6,-3,0,-7,thankyou
2.177643299102783,-9,4,-5,-3,0,-10,-14,-5,-11,-5,2,-3,-4,-6,thankyou
2.177643299102783,-12,-2,1,-17,-4,-20,-28,-2,-11,-27,-6,-13,-12,-17,thankyou
2.192373752593994,-13,-5,2,-17,-8,-21,-29,-2,-24,-34,-19,-18,-21,-32,thankyou
2.20825743675232,-7,0,0,-2,-3,-4,-9,0,-19,-17,-12,-10,-17,-24,thankyou
2.20825743675232,-1,8,6,-5,4,3,-7,1,-5,-6,1,0,-9,-10,thankyou
2.2233753204345703,1,16,1,0,13,0,-12,0,0,-3,5,1,-7,-7,thankyou
2.2233753204345703,8,26,10,27,17,11,2,4,4,8,3,2,-7,0,thankyou
2.23848295211792,5,18,8,36,14,21,24,6,9,23,9,2,-1,11,thankyou
2.23848295211792,-6,-5,-5,17,3,13,28,2,2,20,1,-6,-5,6,thankyou
2.2540392875671387,-13,-13,-4,2,-8,10,24,1,-5,6,-10,-10,-11,0,thankyou
2.2540392875671387,-5,-4,-12,6,-6,12,24,1,3,17,0,-5,0,6,thankyou
2.270132303237915,2,-5,-5,11,0,9,20,2,10,24,1,-2,5,10,thankyou
2.270132303237915,-2,-8,-1,11,-1,1,9,0,-1,0,-16,-6,-5,0,thankyou
2.285321950912476,-1,-3,-4,10,0,0,2,-1,-2,-1,-9,0,-1,4,thankyou
2.285321950912476,8,2,6,12,9,6,2,2,13,25,10,7,16,18,thankyou
2.3013737201690674,7,-1,-1,4,4,6,-1,-2,12,15,4,0,14,7,thankyou
2.3013737201690674,1,-5,-2,-8,-5,-2,-6,-2,1,-9,-9,-4,1,-7,thankyou
2.3170673847198486,2,-6,2,-8,-2,-3,-1,1,9,-2,-8,-1,2,0,thankyou
2.3170673847198486,-1,-16,-1,-13,-3,0,-1,-4,7,-1,-4,-1,1,4,thankyou
2.332044839859009,-3,-17,0,-20,-14,-3,-12,-8,-7,-21,-8,0,0,0,thankyou
2.332044839859009,5,-2,-6,-3,-10,-11,-4,-3,-1,-17,-7,1,5,1,thankyou
2.3481454849243164,6,2,0,-1,-1,-14,1,-1,0,-4,-1,4,5,7,thankyou
2.3481454849243164,-1,-6,2,-24,-8,-6,-11,-2,-10,-3,2,6,2,4,thankyou
2.36352276802063,0,-12,-4,-24,-13,0,-14,1,-11,-5,5,0,6,-2,thankyou
2.36352276802063,3,0,6,1,0,-1,1,6,1,0,10,4,3,-2,thankyou
2.3791375160217285,5,11,3,11,9,-8,8,6,19,14,21,15,9,0,thankyou
2.3791375160217285,10,13,3,0,2,-11,0,4,19,20,24,19,19,5,thankyou
2.394298791885376,8,15,7,2,3,-5,-3,4,2,5,22,19,11,9,thankyou
2.394298791885376,-4,13,1,6,8,-5,-6,1,-4,-8,16,8,-5,0,thankyou
2.410015821456909,-7,7,8,-2,1,-10,-15,-3,0,-7,1,0,-12,-14,thankyou
2.410015821456909,0,6,1,-2,2,-4,-12,-2,1,0,-1,-1,-6,-8,thankyou
2.4252583980560303,0,3,-6,-6,4,4,-10,-1,-14,-17,-1,-4,-15,-11,thankyou
2.4252583980560303,-13,-2,-4,-23,-9,3,-18,-12,-43,-45,-11,-14,-35,-31,thankyou
2.440760374069214,-17,-4,-7,-13,-8,2,-11,-18,-39,-30,-17,-21,-32,-26,thankyou
2.440760374069214,-4,5,4,14,12,16,9,0,-9,2,-12,-16,-11,-5,thankyou
2.456770420074463,3,8,3,26,21,27,25,7,7,12,-5,-7,3,4,thankyou
2.456770420074463,1,1,1,24,12,22,29,4,12,11,-2,-1,10,14,thankyou
2.472397327423096,-5,-5,0,16,4,18,26,12,19,18,-9,-11,4,14,sil
2.472397327423096,-8,-8,-13,7,1,18,17,13,28,27,-14,-21,0,3,sil
2.4881534576416016,0,-5,1,4,2,12,12,9,32,31,-9,-2,12,11,sil
2.4881534576416016,5,-6,1,5,0,1,14,8,31,29,-4,11,19,19,sil
2.5034613609313965,1,-10,-9,-3,-13,-9,9,-2,15,15,-4,6,12,9,sil
2.5034613609313965,4,-6,1,-11,-13,-13,-4,-11,-2,0,0,10,13,9,sil
2.519007921218872,13,0,-2,-4,-3,-17,-14,-9,-8,-10,2,10,15,11,sil
2.519007921218872,17,8,5,0,-7,-23,-17,-6,-8,-13,8,12,8,2,sil
2.5344862937927246,13,11,8,-1,-12,-25,-16,-4,-14,-10,20,13,7,-5,sil
2.5344862937927246,1,1,-8,-13,-7,-19,-24,0,-34,-21,9,-1,-8,-13,sil
2.5501182079315186,-11,-2,-5,-12,-5,-11,-34,-4,-49,-32,-7,-7,-32,-21,sil
2.5501182079315186,-8,12,4,12,-2,-4,-21,-8,-37,-15,3,0,-16,-14,sil
2.5657713413238525,1,19,14,24,6,6,6,0,-10,4,13,3,7,5,sil
2.5657713413238525,0,2,5,13,14,17,19,5,5,12,0,-1,1,9,sil
2.582074880599976,-12,-15,-8,5,10,20,16,1,9,12,-9,-10,-8,0,sil
2.582074880599976,-12,-18,-4,-2,-2,18,19,5,17,5,-14,-17,-5,-4,sil
2.597219467163086,-6,-21,-17,-19,-10,9,21,1,27,-2,-18,-14,-1,-2,sil
2.597219467163086,-7,-20,-11,-27,-8,-3,5,0,21,-6,-15,0,-5,0,sil
2.6124234199523926,-7,-12,0,-27,-6,-13,-9,4,13,-3,-2,5,1,5,sil
2.6124234199523926,0,-4,-6,-22,-5,-19,-14,2,13,-1,13,7,10,4,sil
2.628385305404663,16,10,11,-2,0,-14,-11,0,9,-3,22,22,8,3,sil
2.628385305404663,29,22,22,12,7,-4,-2,0,14,2,25,30,12,12,sil
2.643992185592652,26,16,15,0,4,-3,-4,0,12,5,25,26,11,12,sil
2.643992185592652,8,8,4,-6,4,0,-13,0,-1,0,20,15,-3,0,sil
2.661334753036499,-2,8,-1,13,15,11,2,-2,-9,-1,4,-6,-13,-6,sil
2.661334753036499,-9,8,8,17,19,21,23,-3,-7,4,-10,-21,-13,-11,sil
2.675248861312866,-18,-1,0,7,10,14,21,-1,-12,2,-13,-24,-12,-21,sil
2.675248861312866,-16,-6,-5,7,4,4,4,4,-14,1,-8,-23,-4,-13,sil
2.6896259784698486,-8,2,-1,23,6,8,-4,5,1,16,-1,-15,4,2,sil
2.6896259784698486,-4,9,-4,27,5,10,-1,0,16,23,1,-5,9,0,sil
2.706688642501831,0,6,4,7,0,6,6,-3,7,10,-5,0,10,-2,sil
2.706688642501831,-1,0,-5,-1,-3,6,7,-8,-12,0,-15,-8,1,1,sil
2.7212469577789307,-9,-7,-16,0,-16,2,-1,-7,-24,-8,-26,-17,-12,-2,sil
2.7222492694854736,-13,-14,-15,-10,-23,-6,-1,-1,-21,-26,-32,-18,-10,-5,sil
2.737717390060425,-8,-14,-18,-23,-14,-11,0,-2,-14,-27,-23,-7,3,6,sil
2.737717390060425,2,-7,1,-18,-10,-13,-4,-2,-10,-11,-9,15,5,17,sil
2.7524526119232178,11,-5,0,-13,-8,-12,-4,-2,0,2,0,21,2,13,sil
2.769965410232544,12,-8,-5,-15,-3,-11,-6,0,7,9,0,15,7,5,sil
2.769965410232544,16,0,15,-8,-2,-14,-20,6,3,7,15,21,14,5,sil
2.769965410232544,23,17,19,9,0,-13,-23,8,10,5,45,26,13,12,sil
2.783422470092773,24,20,22,11,6,-6,-16,4,20,7,48,27,10,9,sil
2.798801898956299,10,13,16,8,9,-2,-11,0,13,8,28,20,8,-1,sil
2.798801898956299,-8,0,2,7,5,1,-2,0,-2,0,14,1,-5,-5,sil
2.8157060146331787,-17,-10,-5,6,2,11,9,0,-6,-7,-2,-14,-21,-10,sil
2.8157060146331787,-12,-8,-16,8,6,12,19,0,2,-6,-23,-22,-12,-12,sil
2.8157060146331787,-5,-6,-4,6,1,10,25,3,10,0,-26,-19,-6,0,sil
2.830350160598755,-7,-13,-3,-6,-10,9,26,4,9,0,-18,-17,-15,4,sil
2.8460280895233154,-2,-12,-9,-17,-12,2,14,0,3,-6,-8,-11,-12,-3,sil
2.8460280895233154,15,5,1,-12,1,2,6,0,9,-3,3,8,9,3,sil
2.861500740051269,21,13,-2,-2,14,4,2,-1,19,9,14,15,21,13,sil
2.861500740051269,2,6,-1,-3,7,-6,-10,-5,0,-1,9,4,6,0,sil
2.8774569034576416,-12,2,0,-11,0,-17,-14,-2,-22,-20,3,0,-7,-19,sil
2.8774569034576416,-6,11,3,-6,6,-6,-3,0,-19,-7,6,6,-2,-16,sil
2.893127202987671,0,24,14,17,13,8,0,2,-10,7,9,7,3,-7,sil
2.893127202987671,-10,15,-1,31,9,13,-1,0,-13,-5,-2,-13,-3,-15,sil
2.90850830078125,-26,-4,-11,16,1,11,-2,-2,-23,-17,-27,-38,-22,-24,sil
2.90850830078125,-28,-12,-8,1,-4,7,-3,-1,-17,1,-28,-34,-23,-15,sil
2.9236598014831543,-15,-11,-5,4,-4,2,0,-1,0,18,-13,-13,-11,-1,sil
2.9236598014831543,-2,-8,3,6,0,1,3,-4,1,10,-11,-4,-5,4,sil
2.93947434425354,0,-10,-7,0,0,-2,-4,-5,-4,10,-4,-5,1,11,sil
2.93947434425354,1,-14,-2,-9,-12,-11,-16,0,0,13,7,2,10,18,sil
2.954496383666992,10,-9,7,-11,-13,-8,-7,5,14,9,7,14,15,17,sil
2.954496383666992,24,0,6,2,0,0,8,4,25,11,6,18,18,21,sil
2.9704201221466064,31,6,19,4,6,2,6,4,26,15,13,24,18,31,sil
2.9704201221466064,23,2,6,-7,1,1,6,2,23,18,20,25,23,33,sil
2.9860551357269287,17,2,0,-11,-2,-2,9,2,17,16,18,28,31,26,sil
2.9860551357269287,8,4,5,-2,-6,-5,2,0,6,-5,3,17,13,9,sil
3.002148151397705,-10,-6,-10,-12,-14,-7,-5,-2,-12,-30,-14,-7,-17,-20,sil
3.002148151397705,-14,-12,-10,-27,-18,-5,-5,1,-18,-21,-10,-2,-17,-27,sil
3.0174081325531006,0,0,-3,-18,-9,-1,5,2,0,-1,3,9,0,-12,sil
3.0174081325531006,0,6,0,-9,-2,-5,6,-1,3,-17,-9,-4,-14,-15,sil
3.0331528186798096,-10,0,-1,-9,-1,-10,-7,-4,-13,-39,-14,-14,-27,-25,sil
3.0331528186798096,-5,2,-6,1,6,-4,-9,-7,-8,-20,8,-7,-5,-12,sil
3.048205137252808,3,11,9,19,14,5,1,0,6,2,17,-1,8,0,sil
3.048205137252808,1,11,8,26,15,3,0,3,2,7,12,-2,5,0,sil
3.0643444061279297,2,8,6,17,17,-3,-10,1,-6,7,15,4,4,1,sil
3.0643444061279297,8,10,9,12,15,0,-4,0,-5,6,9,9,1,4,sil
3.0797793865203857,0,4,-5,18,2,6,6,1,-1,4,-3,-6,-2,-5,sil
3.0797793865203857,-11,0,0,16,0,10,9,4,-2,1,-6,-12,-2,-8,sil
3.0957722663879395,-9,4,6,14,10,15,9,0,-1,0,3,0,2,3,sil
3.0957722663879395,-5,1,-5,13,7,6,3,-5,-11,-1,-4,-4,-1,5,sil
3.110595703125,-14,-7,-10,0,-4,-2,-7,-5,-27,0,-22,-21,-12,-7,sil
3.110595703125,-20,-11,-17,-11,-4,3,-13,-7,-24,4,-20,-24,-13,-9,sil
3.126190662384033,-12,-11,-6,-8,-6,8,-7,-3,-5,5,-17,-18,-10,1,sil
3.126190662384033,-4,-11,-1,-1,-9,7,9,6,14,8,-19,-15,-8,3,sil
3.142258644104004,2,-10,-2,-5,0,10,21,10,35,20,0,-3,0,5,sil
3.142258644104004,5,-11,0,-17,0,4,19,5,39,23,6,8,5,12,sil
3.158188819885254,0,-13,-13,-22,-13,-15,5,-1,16,2,-13,3,2,9,sil
3.158188819885254,4,-9,-1,-21,-22,-22,-9,0,-7,-13,-14,4,3,3,sil
3.173520088195801,16,-1,8,-13,-10,-9,-5,1,-4,-3,16,12,15,3,sil
3.173520088195801,15,7,0,-4,1,0,0,-1,4,3,26,20,17,5,sil
3.1886236667633057,11,6,2,-10,0,-8,-12,-6,-4,-6,6,24,5,8,sil
3.1886236667633057,12,-1,0,-12,-2,-17,-27,-7,-20,-19,1,10,-1,0,sil
3.2043163776397705,7,7,13,4,-1,-12,-22,-2,-16,-23,15,5,0,-12,sil
3.2043163776397705,2,22,21,17,1,-7,-14,0,0,-14,28,22,5,-6,sil
3.2191321849823,6,16,5,13,7,-6,-11,2,0,-4,29,23,3,0,sil
3.2191321849823,10,14,12,12,10,3,-8,6,-6,-5,22,10,0,-3,sil
3.2361807823181152,2,20,10,23,12,12,4,6,0,1,7,1,1,-5,sil
3.2361807823181152,-6,12,1,28,13,15,21,8,7,10,-11,-3,-4,2,sil
3.2505836486816406,-6,1,-3,20,15,23,30,9,16,19,-13,-10,0,7,sil
3.2505836486816406,-3,0,-5,9,13,15,27,6,28,29,-2,-13,8,3,sil
3.2666285037994385,-6,-4,1,6,3,7,22,0,19,23,-8,-10,0,2,sil
3.2666285037994385,-14,-13,-11,1,-4,14,24,-9,-1,8,-23,-22,-14,-2,sil
3.2821621894836426,-20,-25,-20,-24,-10,8,10,-11,-19,-7,-35,-36,-18,-12,sil
3.2821621894836426,-21,-25,-12,-31,-12,-5,-6,-5,-20,-16,-31,-29,-17,-13,sil
3.297409772872925,-8,-12,-8,-5,-10,-5,-1,-6,-4,-5,-14,-10,-4,0,sil
3.297409772872925,4,-5,6,1,-9,0,2,-4,5,3,-6,4,10,10,sil
3.312996864318848,3,-6,0,-11,-6,-3,-4,0,2,0,-1,5,13,11,sil
3.312996864318848,0,-8,-7,-18,-4,-7,-8,0,1,3,3,5,6,12,sil
3.328568696975708,-4,-12,-8,-24,-12,-13,-14,-1,3,3,1,5,1,4,sil
3.3295679092407227,-3,-10,-14,-23,-17,-19,-28,-3,-4,-14,1,0,0,-12,sil
3.3446836471557617,8,3,4,-11,-6,-9,-24,1,-13,-26,7,5,-1,-15,sil
3.3446836471557617,12,3,6,-4,1,1,-9,0,-10,-16,13,15,2,-3,sil
3.3613412380218506,4,0,0,-3,2,-2,-9,-2,-5,-10,16,10,6,1,sil
3.3613412380218506,11,18,13,6,9,-7,-11,1,0,-5,24,17,8,-1,sil
3.375382900238037,17,28,10,18,11,-9,-6,5,8,7,27,23,4,-2,sil
3.375382900238037,10,21,16,28,10,-9,-5,6,3,10,25,14,-2,3,sil
3.3925321102142334,12,24,19,38,19,-2,0,4,0,2,24,13,1,9,sil
3.4071269035339355,13,22,11,28,19,4,6,3,0,-1,14,13,0,2,sil
3.4071269035339355,0,15,4,22,10,9,3,4,-7,3,0,-2,-11,-7,sil
3.4071269035339355,-6,10,-6,35,9,14,6,1,-5,7,-6,-12,-9,0,sil
3.423246145248413,-1,-1,3,11,1,18,12,0,-3,0,-20,-7,-6,8,sil
3.423246145248413,-10,-16,-3,-19,-6,19,14,2,-7,0,-32,-20,-14,-1,sil
3.4387402534484863,-19,-12,-18,-5,0,11,15,0,-1,10,-31,-33,-17,-12,sil
3.4387402534484863,-11,-3,-9,3,-1,8,17,-6,9,8,-23,-21,-9,-5,sil
3.453080892562866,-8,-15,-17,-16,-15,8,14,-9,7,-1,-15,-19,-3,2,sil
3.468163251876831,-14,-22,-11,-23,-14,0,7,0,6,1,-15,-21,0,1,sil
3.468163251876831,-10,-14,-1,-14,-1,-4,9,5,14,17,-11,-10,5,0,sil
3.483407020568848,-3,-14,-9,-21,-4,-1,4,-1,7,11,-3,-4,5,-1,sil
3.483407020568848,-7,-18,-8,-29,-17,-7,-7,-5,-8,-5,-7,-2,0,-5,sil
3.499431133270264,-7,-8,-3,-15,-8,-10,-3,-4,-1,2,-2,6,8,-1,sil
3.499431133270264,3,0,7,-3,4,-3,0,1,12,14,17,24,23,12,sil
3.5150609016418457,9,-5,4,-9,1,-1,-11,0,10,6,26,28,27,18,sil
3.5150609016418457,15,-2,3,-5,-2,-4,-16,-1,8,2,21,25,21,15,sil
3.530649423599243,19,11,18,5,0,-3,-12,-1,1,-2,17,25,14,13,sil
3.530649423599243,5,5,2,5,-1,-12,-17,-1,-14,-12,11,15,6,3,sil
3.546309232711792,-4,-4,-4,-4,-7,-9,-17,0,-24,-19,2,3,-6,-8,sil
3.546309232711792,2,3,2,-4,-2,1,-2,1,-13,-24,-3,-1,-12,-9,sil
3.562184333801269,9,12,0,3,4,-4,5,1,-1,-22,0,-3,-6,-2,sil
3.562184333801269,5,11,10,11,3,-7,1,7,1,-8,8,0,-7,0,sil
3.577302932739258,-2,8,2,13,2,-5,0,8,4,-2,0,-6,-13,-9,sil
3.577302932739258,0,5,-4,7,3,-5,-1,1,4,-12,-12,-12,-13,-13,sil
3.5925939083099365,9,6,5,1,1,1,4,0,6,-7,-3,-1,-7,-3,sil
3.5925939083099365,4,6,4,1,0,4,13,-3,7,6,0,-1,-9,0,sil
3.608199119567871,-3,5,4,8,8,4,8,-3,2,15,-6,-6,-7,-2,thankyou
3.608199119567871,3,5,3,21,16,14,3,2,9,21,9,4,8,-1,thankyou
3.6234095096588135,6,9,7,20,11,9,0,0,9,14,23,7,9,0,thankyou
3.6234095096588135,-9,6,0,9,5,0,-8,-8,-14,-3,1,-10,-11,-7,thankyou
3.6394646167755127,-19,-4,-21,2,5,6,-11,-11,-22,-6,-17,-24,-16,-11,thankyou
3.6394646167755127,-6,-4,-4,1,3,12,0,2,-3,6,0,-6,4,0,thankyou
3.6545352935791016,9,4,9,8,8,7,7,6,0,19,19,13,19,14,thankyou
3.6545352935791016,5,2,6,7,6,1,7,-1,-17,10,-9,1,1,9,thankyou
3.670380353927612,-12,-8,-7,-12,-8,0,3,-6,-20,-11,-37,-20,-16,-4,thankyou
3.670380353927612,-19,-16,-24,-23,-14,-2,2,-2,1,-4,-12,-18,-2,-3,thankyou
3.686036109924317,-6,-8,-2,-7,-7,1,9,7,17,16,5,0,17,10,thankyou
3.686036109924317,0,-1,2,6,-7,4,13,6,14,15,-5,6,14,11,thankyou
3.702193975448608,-4,-10,-11,-9,-14,0,2,-2,2,-6,-9,5,0,3,thankyou
3.702193975448608,0,-11,-3,-17,-11,0,-1,0,9,-4,6,10,3,8,thankyou
3.717897891998291,4,-3,-3,0,-4,0,5,3,23,17,11,1,6,12,thankyou
3.717897891998291,-2,-6,-1,0,-6,-9,0,1,10,9,-7,-5,-9,0,thankyou
3.733099937438965,-4,-6,0,-8,-7,-9,-13,0,-6,-12,-10,0,-10,-8,thankyou
3.733099937438965,4,0,0,-7,0,-7,-15,-5,-8,-20,0,2,4,-3,thankyou
3.748087167739868,8,2,4,-12,-2,-9,-12,-10,-6,-23,-5,0,0,-2,thankyou
3.748087167739868,2,-2,-2,-16,-5,-7,-12,-3,-9,-16,-12,0,-11,-7,thankyou
3.764402389526367,-2,0,4,-6,0,-4,-13,2,-16,-7,-2,2,-10,-11,thankyou
3.764402389526367,1,10,10,10,4,-3,-1,1,-9,-7,6,5,-2,-8,thankyou
3.779573917388916,18,12,9,13,4,0,15,6,14,3,15,13,7,4,thankyou
3.779573917388916,17,0,11,-7,3,4,14,10,16,11,18,20,10,6,thankyou
3.795052289962769,-6,-15,-6,-20,3,0,0,-1,-2,-5,0,0,1,-9,thankyou
3.795052289962769,-8,-2,-1,-7,5,-6,-6,-2,-7,-12,-4,-12,-6,-12,thankyou
3.811111211776733,11,17,12,12,12,-2,-2,0,5,4,17,5,4,4,thankyou
3.811111211776733,14,12,5,18,13,0,-1,-1,16,9,31,15,22,15,thankyou
3.826289176940918,2,0,6,5,1,0,-7,0,6,0,17,5,13,8,thankyou
3.826289176940918,-2,2,-1,5,2,2,-9,0,-15,-3,-2,-7,-9,-1,thankyou
3.842288255691528,-6,8,-1,16,6,11,0,0,-26,-7,-10,-8,-14,-4,thankyou
3.842288255691528,-12,5,-2,17,0,12,5,-1,-14,-1,-5,-6,-2,-9,thankyou
3.8575592041015625,-7,1,-6,8,1,6,6,-5,-3,13,0,-6,0,-12,thankyou
3.8575592041015625,5,14,7,14,16,14,13,-1,5,19,2,2,-4,2,thankyou
3.873170137405396,5,18,3,22,13,14,19,5,20,19,5,5,2,12,thankyou
3.873170137405396,-3,-5,-3,5,-5,-5,9,2,18,14,0,-2,5,5,thankyou
3.889183282852173,-3,-16,-7,-5,-13,-5,8,1,11,9,-6,-1,0,7,thankyou
3.889183282852173,0,-8,-17,-1,-6,3,17,4,14,7,-7,0,1,16,thankyou
3.904054641723633,-3,-6,-2,0,-2,2,12,3,16,7,-11,-2,4,8,thankyou
3.904054641723633,-7,-10,1,-5,-5,3,4,-3,10,7,-12,-9,2,-3,thankyou
3.920125961303711,-13,-11,-7,-10,-14,2,4,-8,-5,-5,-20,-18,-10,-12,thankyou
3.9353103637695312,-15,-12,-8,-12,-15,-3,1,-4,-25,-23,-39,-26,-26,-16,thankyou
3.9353103637695312,-5,-13,-12,-14,-7,-8,-10,-5,-27,-19,-37,-22,-19,-5,thankyou
3.9353103637695312,0,-10,-5,-21,-8,-18,-28,-5,-22,-14,-9,-3,0,1,thankyou
3.950347423553467,-1,-8,-6,-22,-11,-25,-31,-4,-10,-14,11,6,12,-7,thankyou
3.950347423553467,9,0,0,-11,0,-11,-18,1,7,-2,11,11,14,-1,thankyou
3.9663937091827393,22,11,12,-3,11,0,-11,1,12,1,14,24,13,13,thankyou
3.9834043979644775,15,15,4,0,8,-3,-9,2,0,-5,30,23,11,4,thankyou
3.9834043979644775,8,15,13,-2,0,-9,-13,12,-8,-7,34,16,5,-7,thankyou
3.9834043979644775,9,10,15,-4,1,-8,-19,8,-6,0,24,14,2,0,thankyou
3.998057365417481,11,11,10,6,8,-1,-14,0,-4,0,14,11,-1,3,thankyou
3.998057365417481,8,22,18,27,15,12,2,4,1,-8,11,6,-9,0,thankyou
4.023243188858032,0,15,5,27,15,15,17,2,8,-5,8,0,-9,-1,thankyou
4.023243188858032,-14,-6,-1,0,3,9,15,-7,-1,1,-3,-6,-10,-6,thankyou
4.024247646331787,-23,-16,-5,-12,-7,15,21,-5,-14,1,-14,-10,-13,-10,thankyou
4.044050693511963,-15,-12,-9,-2,-6,23,34,0,-7,-1,-21,-13,-10,0,thankyou
4.044050693511963,0,-4,0,4,0,20,35,-1,11,19,-21,-11,0,12,thankyou
4.059197425842285,5,-3,-3,10,4,10,22,-3,26,38,-5,-7,13,19,thankyou
4.059197425842285,4,-3,4,20,3,7,10,0,32,16,3,2,18,22,thankyou
4.074334859848023,4,0,1,22,6,5,7,5,29,0,0,3,16,11,thankyou
4.074334859848023,5,0,-15,6,7,-2,2,3,16,10,1,-6,12,0,thankyou
4.090092420578003,0,-13,-8,-19,-3,-10,-8,0,-1,8,-4,-4,2,-4,thankyou
4.090092420578003,-19,-27,-20,-32,-19,-18,-19,-9,-19,-15,-26,-10,-17,-22,thankyou
4.105274438858032,-30,-24,-29,-30,-27,-30,-23,-3,-23,-37,-32,-22,-31,-36,thankyou
4.105274438858032,-16,-7,-16,-23,-20,-27,-18,4,-11,-31,-13,-8,-16,-19,thankyou
4.120795488357544,1,6,3,-12,-9,-12,-13,2,-5,-4,3,13,5,-1,thankyou
4.120795488357544,9,17,22,-8,-1,-1,-16,0,-13,2,15,19,8,-2,thankyou
4.136398077011108,11,22,13,0,10,-5,-12,-2,-6,-1,25,14,8,0,thankyou
4.136398077011108,17,27,15,19,12,-13,-11,0,0,2,25,16,7,9,thankyou
4.152158737182617,24,29,22,34,9,-4,-9,3,-5,12,26,23,4,12,thankyou
4.152158737182617,23,16,10,27,18,15,3,3,-1,8,27,16,6,10,thankyou
5.348320722579956,0,9,0,19,16,18,7,-1,-3,11,-1,11,-10,-4,thankyou
5.348320722579956,2,12,-8,18,6,13,9,-3,-9,-4,0,5,-5,-8,thankyou
5.364468574523926,1,13,8,22,-2,8,8,0,-6,2,0,0,-1,0,thankyou
5.364468574523926,0,2,8,20,2,4,0,-1,-5,11,0,2,1,6,thankyou
5.380517959594727,0,-3,-2,9,1,6,-2,-3,-9,3,-2,0,2,2,thankyou
5.380517959594727,-3,-5,-10,0,-2,14,6,0,-2,9,-3,-11,6,1,thankyou
5.396517753601074,-16,-13,-23,-1,0,11,9,-3,3,3,-10,-27,-2,0,thankyou
5.396517753601074,-13,-13,-10,4,0,8,10,-2,2,-4,-21,-22,-13,-2,thankyou
5.4120848178863525,0,-8,-2,6,4,9,26,2,11,23,-10,-6,5,8,thankyou
5.4120848178863525,0,-13,-2,-3,0,0,24,5,20,35,1,-7,14,16,thankyou
5.427468299865723,-1,-15,-5,-14,-14,-12,8,6,20,10,-4,-10,1,10,thankyou
5.427468299865723,0,-18,-17,-22,-19,-11,7,3,21,1,-8,-2,2,9,thankyou
5.44313383102417,-7,-25,-5,-31,-18,-10,6,5,17,-2,-4,0,3,9,thankyou
5.443576335906982,-6,-17,-2,-24,-18,-10,-1,3,13,-7,2,0,3,3,thankyou
5.458238363265991,3,-7,-5,-16,-6,-13,-10,-2,9,-9,1,11,7,0,thankyou
5.458238363265991,2,-7,1,-21,0,-15,-22,-4,-1,-17,-8,14,2,-3,thankyou
5.473399639129639,8,5,2,-10,-3,-10,-18,-4,-7,-13,-2,6,3,-3,thankyou
5.473399639129639,29,24,19,3,1,0,-12,0,-7,-9,17,17,10,-1,thankyou
5.489328861236572,22,20,16,-1,6,-3,-19,-2,-10,-20,19,23,9,0,thankyou
5.489328861236572,2,11,4,-6,0,-12,-20,-5,-9,-17,13,13,6,0,thankyou
5.5050270557403564,8,19,12,3,4,-5,-10,-1,1,3,20,10,6,-3,thankyou
5.5050270557403564,12,21,8,12,15,5,-6,2,-1,9,21,5,0,-10,thankyou
5.520051002502441,0,16,9,12,11,1,-5,2,-22,0,4,2,-11,-9,thankyou
5.520051002502441,-1,16,9,22,10,-1,3,0,-16,-1,0,3,-13,-2,thankyou
5.536015748977661,1,15,5,29,16,9,10,2,11,9,4,5,0,3,thankyou
5.536015748977661,-1,8,10,19,12,16,11,7,13,26,3,5,10,9,thankyou
5.551052570343018,-7,-6,-4,2,4,8,9,2,-1,16,0,-6,3,1,thankyou
5.551052570343018,-11,-11,-7,0,0,3,2,0,-6,-7,-4,-13,-11,-10,thankyou
5.567228078842163,-12,-1,-5,6,-2,6,3,-1,-7,-10,-9,-7,-12,-13,thankyou
5.567228078842163,-12,-5,-13,-1,-4,3,8,-4,-17,-5,-15,-14,-14,-12,thankyou
5.5823071002960205,-13,-11,-7,-8,-3,3,7,1,-21,-5,-18,-24,-20,-7,thankyou
5.583011150360107,-6,-6,-4,4,-3,5,4,2,0,3,-9,-15,-5,9,thankyou
5.599145650863648,1,-8,0,2,-8,2,0,-8,9,0,-9,-2,2,15,thankyou
5.599145650863648,-4,-15,-9,-9,-6,4,-4,-12,-10,-19,-18,-13,-8,0,thankyou
5.613286256790161,-11,-10,-17,2,2,6,0,-1,-19,-20,-19,-22,-11,-6,thankyou
5.62939190864563,0,0,7,8,5,6,8,3,-4,-2,-10,-4,2,8,thankyou
5.62939190864563,9,0,8,2,2,4,17,0,11,18,5,8,11,15,thankyou
5.62939190864563,3,-2,-4,2,3,4,20,3,21,26,12,5,13,6,thankyou
5.645628452301025,-5,-9,-12,-6,-1,0,12,6,28,22,4,1,16,0,thankyou
5.66210675239563,-5,-18,-18,-28,-15,-6,5,1,33,20,6,-2,15,1,thankyou
5.66210675239563,0,-8,-1,-22,-16,-9,6,3,37,20,11,4,11,-1,thankyou
5.66210675239563,0,0,1,-4,-7,-13,-1,1,23,9,0,7,8,-9,thankyou
5.675654172897339,-4,-16,-5,-29,-16,-21,-26,-6,-4,-7,-8,0,0,-5,thankyou
5.691282033920288,-2,-20,-2,-40,-20,-20,-34,-2,-11,-12,4,6,0,4,thankyou
5.691282033920288,3,7,6,4,0,-9,-17,1,-3,-10,11,20,4,4,thankyou
5.707713603973389,11,27,22,25,8,-2,-2,2,-7,-13,6,19,0,0,thankyou
5.707713603973389,18,21,12,3,3,-6,-7,-1,-7,-10,9,9,0,4,thankyou
5.722307443618774,21,17,11,4,2,-7,-18,-6,-8,-7,11,11,0,7,thankyou
5.722307443618774,19,22,23,22,8,4,-12,-7,-21,-11,7,14,-5,0,thankyou
5.737620830535889,16,19,4,20,11,6,-2,-4,-27,-12,8,11,-8,-3,thankyou
5.737620830535889,5,9,-5,7,10,0,-4,0,-19,-13,7,9,-8,0,thankyou
5.75359034538269,-7,3,-7,2,8,9,0,1,-9,-11,1,-1,-9,0,thankyou
5.75359034538269,-6,3,0,3,6,12,8,7,-7,-4,-6,-10,-5,-8,thankyou
5.769224166870117,0,1,7,4,5,0,7,10,-9,-2,-7,-3,0,-15,thankyou
5.769224166870117,-5,2,-4,10,10,-6,1,1,1,1,4,-8,0,-18,thankyou
5.785294055938721,-1,12,7,17,14,3,-1,4,10,2,9,-12,2,-4,thankyou
5.785294055938721,9,10,12,23,13,18,7,10,8,2,1,-3,4,12,thankyou
5.80041766166687,0,-10,-4,11,2,19,19,1,2,2,-8,-6,0,10,thankyou
5.80041766166687,-15,-20,-10,-10,-7,11,19,-5,2,8,-16,-16,-4,3,thankyou
5.816004991531372,-9,-12,-17,-14,-8,4,18,-2,11,18,-18,-13,-2,9,thankyou
5.816004991531372,-8,-12,-10,-5,-5,5,19,0,14,17,-22,-12,-6,3,thankyou
5.831078290939331,-36,-26,-13,-13,-6,3,10,-1,9,10,-30,-28,-13,-14,thankyou
5.831078290939331,-43,-32,-28,-37,-15,-3,-5,-4,5,8,-22,-30,-8,-15,thankyou
5.846765518188477,-18,-21,-17,-40,-18,0,-5,-4,4,11,-1,-8,0,-5,thankyou
5.846765518188477,-3,-11,-1,-10,-7,2,7,-4,4,13,4,0,0,-2,thankyou
5.862445116043091,0,-7,10,2,-4,-4,1,1,1,5,0,5,5,4,thankyou
5.862445116043091,7,-3,-1,-14,-11,-13,-12,-1,-1,-7,0,11,8,7,thankyou
5.877969980239868,15,1,-10,-22,-7,-20,-9,-8,-3,-14,5,15,4,0,thankyou
5.877969980239868,21,17,18,3,2,-17,-2,0,2,-5,22,26,15,1,thankyou
5.8931097984313965,25,28,23,23,5,-2,-5,4,19,10,41,33,32,19,sil
5.8931097984313965,25,16,14,7,3,-2,-11,2,16,6,23,26,19,16,sil
5.909172058105469,15,9,7,0,0,-19,-16,1,-9,-16,0,7,0,0,sil
5.909172058105469,8,18,4,17,4,-19,-18,0,-17,-23,12,-2,1,-2,sil
5.924993753433228,18,24,18,27,13,6,-8,-1,-3,-12,27,11,4,3,sil
5.924993753433228,19,18,14,27,13,12,2,-2,-1,-4,18,16,3,7,sil
5.9401161670684814,5,9,9,34,7,3,-1,0,-23,-10,1,6,-4,6,sil
5.9401161670684814,0,2,6,32,11,11,-7,3,-24,-2,-5,3,-10,0,sil
5.956241130828857,-5,-3,-9,11,9,15,0,1,-11,5,-11,-6,-15,-9,sil
5.956241130828857,-20,-10,-10,0,-7,8,7,-5,-20,-10,-28,-25,-30,-12,sil
5.971408367156982,-22,-19,-15,-2,-13,6,8,-7,-24,-11,-36,-29,-30,-11,sil
5.971408367156982,-16,-25,-14,-23,-10,8,7,1,0,11,-23,-16,-7,-4,sil
5.987067937850952,-20,-18,-11,-31,-13,6,11,7,26,10,-7,-9,5,3,sil
5.987067937850952,-12,-4,-16,-10,-7,1,13,2,36,3,2,-2,10,8,sil
6.002523183822632,11,0,6,-7,2,-4,5,7,32,23,18,20,22,12,sil
6.002523183822632,17,0,8,-16,4,-7,2,8,24,24,27,22,22,5,sil
6.025116205215454,3,8,0,-7,6,-9,0,0,9,-7,9,1,-1,-7,sil
6.025116205215454,-1,13,1,-1,7,-15,-8,-4,-11,-20,-7,-7,-15,-15,sil
6.025116205215454,0,2,-5,-8,1,-14,-12,-5,-20,-10,-6,-9,-9,-18,sil
6.034601211547852,-8,-1,-4,-11,0,0,-7,-3,-18,-16,-11,-20,-14,-19,sil
6.050459146499634,-17,0,-9,-7,6,8,-6,-1,-15,-17,-22,-26,-18,-16,sil
6.050459146499634,-11,-7,-8,-3,7,8,-3,1,-8,0,-21,-19,-10,-8,sil
6.065988302230835,-4,-3,3,3,7,17,10,1,2,18,-11,-10,-4,0,sil
6.065988302230835,-6,-1,-13,2,3,19,17,-2,13,24,-7,-12,0,7,sil
6.081059217453003,-8,-16,-13,-26,-11,4,9,0,12,17,-10,-9,4,9,sil
6.081059217453003,-4,-19,0,-31,-18,-2,8,0,9,17,-8,-1,6,9,sil
6.095984935760498,5,-3,10,-1,-13,-4,9,-2,0,10,-5,6,8,11,sil
6.111503601074219,16,5,17,12,-11,-7,1,-1,0,1,3,21,17,14,sil
6.111503601074219,20,8,13,10,-8,-10,-3,1,10,3,32,31,26,16,sil
6.111503601074219,21,16,22,18,0,-13,-6,7,13,-4,45,36,27,13,sil
6.126659870147705,15,17,14,23,0,-16,-13,2,-8,-27,27,27,17,3,sil
6.126659870147705,14,12,8,19,-5,-18,-20,-5,-27,-28,15,18,2,2,sil
6.143083095550537,21,19,25,21,0,-10,-13,3,-17,-10,24,24,-3,14,sil
6.157529830932617,13,16,9,27,13,5,0,8,-1,-1,20,15,-2,13,sil
6.157529830932617,0,4,-2,27,18,20,4,-1,0,0,1,0,-3,3,sil
6.157529830932617,0,4,0,30,23,28,7,-5,0,4,2,-2,0,2,sil
6.17340350151062,-7,0,-9,22,24,24,7,-2,4,13,1,-12,-2,-1,sil
6.17340350151062,-29,-19,-19,-3,5,14,1,-5,6,13,-17,-24,-11,-13,sil
6.19034481048584,-28,-26,-27,-17,-9,0,3,-9,18,16,-21,-21,-2,-12,sil
6.19034481048584,-9,-15,-8,-14,-4,-4,7,0,24,12,-10,-7,7,-4,sil
6.205724954605103,-4,-10,-5,-22,-3,-4,0,3,16,4,-5,-2,2,-5,sil
6.205724954605103,-17,-18,-26,-41,-14,-17,-8,1,2,-9,-9,-12,-9,-17,sil
6.221343517303467,-17,-9,-12,-40,-16,-20,-8,3,-22,-30,-23,-20,-22,-31,sil
6.235441446304321,1,13,6,-5,-4,-3,-7,2,-30,-27,-25,-10,-21,-23,sil
6.235441446304321,11,17,11,4,2,-2,-13,0,-19,-5,-3,3,-11,-7,sil
6.251135110855103,1,9,-1,-5,0,-12,-11,0,-7,1,8,2,-12,-6,sil
6.251135110855103,0,7,-8,3,1,-4,2,3,0,0,-7,-13,-13,-3,sil
6.266100168228149,6,0,11,12,2,6,17,5,0,8,-26,-19,-9,6,sil
6.266100168228149,-2,-14,2,-6,-3,11,24,-2,-1,8,-21,-16,-7,9,sil
6.281430006027222,-4,-16,-9,-24,-10,11,15,-7,0,2,-11,-5,0,16,sil
6.281430006027222,6,-6,0,-16,-8,-2,-3,-3,1,0,3,6,14,25,sil
6.297488451004028,16,3,5,-8,-2,-14,-16,-9,-6,-7,26,22,20,18,sil
6.297488451004028,22,14,17,-1,4,0,-16,-1,-9,-16,28,31,16,5,sil
6.313112735748291,5,11,7,3,6,2,-10,9,-8,-19,9,9,7,-13,sil
6.313112735748291,-22,0,-5,4,0,0,-3,6,-8,-17,-2,-13,-7,-24,sil
6.329092264175415,-21,-2,0,14,2,19,14,1,4,8,-2,-10,-2,-5,sil
6.329092264175415,1,3,0,25,13,25,34,7,31,41,2,0,16,14,sil
6.345208644866943,14,3,5,15,9,6,28,7,42,38,12,13,20,18,sil
6.345208644866943,14,1,4,9,1,-1,7,-1,38,26,26,27,20,21,sil
6.360707759857178,19,10,8,14,2,-9,-4,-3,24,16,30,29,28,19,sil
6.360707759857178,26,21,22,10,1,-20,-11,0,-2,-6,21,25,14,5,sil
6.375761985778809,9,11,6,9,1,-14,-17,-4,-21,-23,9,6,-18,-8,sil
6.375761985778809,-18,-7,-5,10,3,5,-19,-7,-27,-20,-9,-13,-32,-14,sil
6.392230749130249,-30,-16,-16,10,1,16,-8,-2,-22,-4,-26,-23,-17,-11,sil
6.392230749130249,-21,-20,-14,3,-1,11,0,0,-10,7,-29,-22,-6,-4,sil
6.40764594078064,-9,-22,2,-14,-7,-2,-3,-3,2,4,-14,-9,0,4,sil
6.40764594078064,0,-20,-1,-27,-16,-12,-7,-2,9,-3,3,2,14,6,sil
6.423416614532471,11,-8,0,-20,-11,-10,-4,0,2,0,11,10,18,5,sil
6.423416614532471,14,9,-3,-8,4,-4,-2,0,-1,10,12,10,5,0,sil
6.438444375991821,1,14,-10,-9,2,-9,-6,2,-2,0,7,2,-4,-11,sil
6.438444375991821,-11,10,0,-3,-5,-12,-5,6,-12,-8,0,-8,-7,-19,sil
6.454649448394775,-11,10,-4,7,0,2,0,-3,-22,-3,-8,-22,-16,-16,sil
6.454649448394775,-10,5,-5,5,4,21,8,-5,-20,-9,-25,-29,-30,-15,sil
6.470404148101807,-19,-9,-9,0,0,22,22,1,-6,-16,-34,-32,-31,-16,sil
6.470404148101807,-24,-15,-16,-7,-5,10,24,5,11,-5,-33,-31,-23,-11,sil
6.48537802696228,-11,-6,-3,-11,-7,4,11,3,21,0,-28,-15,-12,0,sil
6.48537802696228,10,-1,2,1,-3,-4,3,-1,25,0,-8,5,6,15,sil
6.500987768173218,27,4,14,8,2,-11,0,1,24,8,21,28,29,27,sil
6.500987768173218,28,13,15,0,4,-11,-10,6,19,12,38,43,42,29,sil
6.5161452293396,19,11,4,0,5,-15,-22,1,5,-1,33,36,31,18,sil
6.5161452293396,20,13,18,10,9,-15,-16,-1,-11,-20,22,29,8,6,sil
6.532148838043213,23,19,17,15,12,-7,6,0,-11,-15,22,24,1,-2,sil
6.532148838043213,11,15,7,8,10,0,15,0,-13,0,17,11,0,-10,sil
6.547426700592041,1,5,4,11,10,7,3,1,-14,8,13,2,-5,-10,sil
6.547426700592041,3,5,3,22,11,6,-5,0,-3,14,14,4,0,0,sil
6.562608957290649,-6,2,6,19,5,1,-9,-1,-3,6,0,4,0,0,sil
6.562608957290649,-27,-11,-12,-1,-3,0,-8,-2,-20,-9,-19,-20,-12,-10,sil
6.57851243019104,-26,-24,-21,-25,-14,-2,-6,-1,-27,-10,-32,-43,-19,-12,sil
6.57851243019104,-18,-24,-16,-28,-22,0,0,0,-14,0,-33,-35,-14,-3,sil
6.594512224197388,-16,-21,-21,-19,-21,12,4,-4,3,4,-18,-16,-4,0,sil
6.594512224197388,-11,-16,-4,-20,-11,21,6,-2,14,12,-8,-9,0,5,sil
6.610107660293579,-6,-6,2,-17,-1,17,5,0,15,13,-15,-10,-3,5,sil
6.610107660293579,-7,0,2,-4,-1,6,3,-2,6,0,-17,-5,-7,0,sil
6.625292062759399,-9,-2,1,-5,-3,2,5,-7,0,-1,-5,-5,-4,-1,sil
6.625292062759399,-4,-8,-12,-13,-3,0,6,-2,8,8,0,-9,1,-1,sil
6.641036748886108,4,-6,-2,-10,-4,-4,0,6,16,13,0,3,5,-1,sil
6.641036748886108,5,-2,2,0,0,-3,-6,3,12,9,3,7,7,-3,sil
6.6562416553497314,4,0,0,4,10,-4,-1,1,12,0,2,-4,8,-2,sil
6.6562416553497314,15,8,8,4,7,-11,1,7,27,0,10,10,17,7,sil
6.672281503677368,25,13,8,13,2,-14,2,3,30,11,27,30,24,14,sil
6.672281503677368,24,16,17,16,5,-5,0,0,11,2,26,30,14,9,sil
6.688139915466309,21,21,10,17,9,0,0,5,4,-3,25,26,8,8,sil
6.688139915466309,16,17,-3,11,8,-7,2,3,-1,-1,26,23,6,9,sil
6.703284978866577,4,11,5,2,6,-12,1,-6,-22,-17,5,10,-4,-3,sil
6.703284978866577,1,19,7,8,8,-13,-6,-6,-28,-29,0,1,-9,-13,sil
6.719305038452148,4,23,11,18,7,-11,-20,2,-19,-9,18,11,-3,3,sil
6.719305038452148,-4,10,2,9,2,-2,-20,0,-24,0,11,4,-4,4,sil
6.735400199890137,-17,0,-9,0,0,7,-8,-3,-29,-11,-10,-15,-13,-14,sil
6.735400199890137,-14,0,1,11,2,14,5,2,-16,-7,-9,-14,-16,-9,sil
6.751434803009033,-11,-2,-1,13,6,10,7,-3,-9,-4,-10,-10,-17,-2,sil
6.751434803009033,-22,-12,-7,5,0,5,-2,-11,-25,-16,-31,-22,-26,-17,sil
6.767223119735718,-24,-11,-8,10,-4,12,7,-1,-19,-4,-29,-26,-21,-19,sil
6.767223119735718,-1,-7,-2,16,-2,18,30,11,13,21,-6,-11,0,0,sil
6.78350830078125,5,-16,9,7,-11,10,18,7,22,14,-5,-2,10,9,sil
6.78350830078125,-11,-28,-10,-2,-21,-1,1,-3,10,0,-23,-12,1,5,sil
6.799032926559448,-9,-27,-11,-17,-18,1,5,-2,11,6,-29,-13,-2,0,sil
6.799032926559448,0,-21,-7,-28,-15,10,4,0,12,6,-15,-4,7,0,sil
6.814209938049316,-3,-18,-12,-21,-17,0,-5,-1,6,0,0,-3,17,3,sil
6.814209938049316,9,-4,7,-7,-7,-7,-1,-2,14,7,6,7,20,14,sil
6.829638481140137,29,9,11,0,9,0,4,-2,26,15,16,22,22,20,sil
6.829638481140137,26,15,2,-12,9,-4,-9,1,9,5,18,24,18,17,sil
6.845691919326782,16,15,3,-19,3,-19,-20,2,2,4,15,17,12,9,sil
6.845691919326782,12,10,-1,-22,8,-13,-10,-2,14,8,16,9,9,4,sil
6.860841035842896,2,0,-8,-46,12,-4,0,0,10,-1,7,0,0,1,sil
6.860841035842896,-15,-13,-28,-68,1,-12,-3,0,4,-11,-4,-15,-10,-10,sil
6.876594305038452,-27,-15,-22,-57,-7,-18,-12,0,4,-11,-11,-28,-18,-22,sil
6.876594305038452,-23,-4,-2,-31,0,-6,-10,6,1,-5,-8,-29,-17,-20,sil
6.892163276672363,-13,7,0,-9,11,0,-1,3,-1,-1,4,-16,-8,-13,sil
6.892163276672363,-11,16,9,12,10,-3,-2,-3,-12,-8,15,1,-6,-14,sil
6.907021522521973,-12,16,10,28,4,-1,-11,-3,-31,-15,16,4,-7,-13,sil
6.907021522521973,-3,8,10,40,0,7,-9,1,-32,-6,15,5,-5,-4,sil
6.923003196716309,12,14,22,66,7,14,2,0,-18,6,15,19,0,3,sil
6.923003196716309,24,31,24,88,16,16,9,-3,-12,11,9,26,4,7,sil
6.938091278076172,29,30,33,82,9,19,9,-2,-18,6,4,28,2,11,sil
6.938091278076172,30,14,21,74,5,25,17,-1,-13,13,13,32,5,20,sil
6.954225301742554,30,10,17,71,9,23,30,3,5,22,14,28,11,25,sil
6.954225301742554,15,4,15,45,0,15,27,7,13,4,-10,7,-2,11,sil
6.968585729598999,-11,-20,-20,2,-15,0,13,0,14,-8,-29,-16,-14,-5,sil
6.984316110610962,-18,-27,-26,-26,-18,-11,10,3,19,-3,-23,-16,-1,1,sil
6.984316110610962,-19,-19,-18,-33,-13,-11,11,6,16,-11,-29,-22,-1,3,sil
7.000807046890259,-30,-27,-26,-41,-13,-10,-2,0,0,-26,-46,-37,-20,-18,sil
7.000807046890259,-26,-32,-22,-59,-15,-11,-10,-4,5,-12,-31,-27,-11,-20,sil
7.015177249908447,-17,-27,-25,-64,-13,-14,-7,-7,17,5,-10,-18,6,-4,sil
7.015177249908447,-14,-17,-12,-52,-12,-16,-18,-4,3,-4,-13,-17,0,-2,sil
7.030179738998413,3,0,-1,-36,-6,-13,-21,0,0,-9,3,1,5,0,sil
7.030179738998413,18,3,-2,-36,0,-13,-13,0,2,3,23,14,18,7,sil
7.045324563980103,7,-2,1,-39,1,-10,-10,-1,-5,6,15,6,9,0,sil
7.045324563980103,4,5,5,-17,4,2,-6,1,-4,1,23,4,10,0,sil
7.060960054397583,17,25,17,11,9,10,-4,5,6,3,45,23,27,16,sil
7.060960054397583,14,24,13,21,16,2,-7,-2,1,9,35,27,22,17,sil
7.077060222625732,3,12,4,17,18,-5,-10,-7,-14,5,10,6,5,0,sil
7.077060222625732,10,15,22,22,8,0,-13,2,-14,1,8,5,0,-5,sil
7.092234611511231,15,17,14,32,5,6,-9,4,7,15,16,17,1,0,sil
7.092234611511231,-3,3,-1,19,9,5,-5,3,15,22,5,6,-1,0,sil
7.108097314834595,-21,-6,-12,0,4,10,-1,4,1,12,-6,-8,-5,-11,sil
7.108097314834595,-16,-2,-17,0,-6,6,7,0,-5,-7,-15,-17,-17,-17,sil
7.123382329940796,-10,0,-2,5,-13,-2,8,-1,-11,-23,-31,-24,-34,-21,sil
7.123382329940796,-3,-1,4,8,-5,0,10,0,-8,-12,-23,-17,-22,-11,sil
7.654393672943115,-11,-21,-18,-34,-22,-13,-5,3,18,6,6,2,14,-3,sil
7.672040462493896,-2,-10,0,-26,-8,-8,-2,7,15,3,12,12,19,0,sil
7.672040462493896,1,1,-3,-16,1,-15,-3,3,18,11,26,25,22,0,sil
7.672040462493896,2,6,4,-13,-4,-16,-10,-1,1,3,31,24,18,0,sil
7.685782194137573,11,13,6,7,0,-4,-6,0,0,3,28,21,18,11,sil
7.685782194137573,16,16,14,31,14,3,-1,4,1,-6,16,14,9,16,sil
7.700427055358887,0,4,8,21,14,1,-4,1,-15,-27,-2,-12,-9,-3,sil
7.716194152832031,-15,-4,-10,8,5,4,0,1,-19,-23,-17,-32,-17,-14,sil
7.716194152832031,-6,0,-1,15,5,14,15,3,-2,-6,-20,-18,-13,0,sil
7.732384920120239,-2,0,1,22,7,12,17,-3,-7,-2,-18,-16,-16,0,sil
7.732384920120239,-9,-6,-2,14,1,3,7,-9,-31,-11,-29,-31,-25,-16,sil
7.74737286567688,-9,-12,-8,1,-3,0,1,-7,-25,-13,-38,-31,-20,-18,sil
7.74737286567688,1,-11,-12,-9,-7,-3,-3,-6,2,5,-9,-7,0,0,sil
7.763038635253906,14,0,10,-3,-9,-11,-19,-1,13,26,29,22,21,15,sil
7.763038635253906,8,8,6,4,-6,-11,-24,0,3,9,24,19,16,3,sil
7.779029130935669,0,4,-2,-13,-5,-7,-14,3,0,-11,0,5,-3,-14,sil
7.779029130935669,0,7,4,-23,0,0,-2,6,6,-6,5,10,-6,-9,sil
7.794009208679199,-3,7,0,-3,10,7,6,1,3,-4,0,5,-3,-2,sil
7.794009208679199,-5,0,1,3,7,19,20,4,0,-6,-23,-7,-11,-2,sil
7.809223175048828,4,-3,-1,6,3,23,37,8,8,14,-13,-2,-1,11,sil
7.809223175048828,20,3,8,16,3,17,40,1,17,28,4,13,17,29,sil
7.824787855148315,22,1,21,7,-1,0,12,-6,19,15,-3,14,17,24,sil
7.824787855148315,2,-11,-2,-15,-7,-19,-28,-10,6,3,-10,-1,1,9,sil
7.839667320251465,-4,-13,-10,-21,-10,-24,-38,-7,-14,-6,-1,-1,-3,3,sil
7.839667320251465,11,-3,-6,-15,-8,-10,-17,-5,-10,-10,13,13,6,4,sil
7.855632543563843,8,3,-4,-17,-3,-9,-17,-2,-5,-18,15,12,4,-2,sil
7.855632543563843,-16,7,-3,-13,-4,-16,-31,0,-18,-28,4,-2,-13,-19,sil
7.871465682983398,-22,6,-5,3,-5,-9,-14,2,-5,-15,7,-7,-11,-23,sil
7.871465682983398,-10,8,9,13,2,6,5,7,17,6,18,5,1,-9,sil
7.886293649673462,-4,12,4,18,17,11,9,9,16,14,20,8,6,1,sil
7.886293649673462,-5,7,-7,18,15,4,8,12,5,7,9,-7,0,-1,sil
7.902462005615234,-7,1,4,14,6,6,20,9,1,6,-2,-17,-4,-3,sil
7.902462005615234,-2,0,1,18,9,15,35,0,5,17,-7,-9,2,4,sil
7.918093681335449,-1,-3,-2,14,6,16,32,0,8,17,-8,-1,3,2,sil
7.918093681335449,-13,-13,-9,-3,-9,15,19,2,1,7,-12,-9,-7,-2,sil
7.933653116226196,-14,-22,-12,-15,-11,14,15,-5,-11,5,-17,-18,-9,1,sil
7.933653116226196,0,-15,0,-12,1,10,11,-8,-9,1,-17,-12,-1,3,sil
7.9494545459747314,8,-5,-3,0,1,0,-4,-8,4,0,-8,-5,4,1,sil
7.9494545459747314,10,-1,3,1,-6,-8,-24,-2,6,4,-2,1,5,10,sil
7.965213775634766,12,-4,6,-9,-5,-15,-36,0,-1,3,0,6,7,10,sil
7.965213775634766,11,0,1,-13,0,-22,-37,-4,-7,-8,6,8,11,-2,sil
7.980706453323364,6,11,11,-5,0,-22,-28,-9,-13,-16,8,17,7,-11,sil
7.980706453323364,1,11,5,-2,-1,-16,-14,-5,-15,-9,11,17,1,-12,sil
7.996294736862183,4,10,4,-8,-3,-12,-1,2,-6,-10,15,12,1,-7,sil
7.996294736862183,9,17,2,-10,-7,-6,5,2,-1,-10,13,11,0,-1,sil
8.011441469192505,4,13,-8,-2,-8,-1,7,-2,-8,-12,2,2,-9,-8,sil
8.011441469192505,-4,1,1,5,-6,-1,1,0,-20,-27,-5,-2,-15,-14,sil
8.03436017036438,-10,2,1,10,1,-6,0,2,-17,-34,-7,-9,-16,-4,sil
8.03436017036438,-5,6,2,7,7,1,1,2,-9,-15,-12,-11,-15,0,sil
8.03436017036438,3,4,7,17,8,15,6,3,1,10,-6,-4,-3,2,sil
8.042479515075684,6,-3,0,24,8,15,8,2,11,22,2,0,5,11,sil
8.058466911315918,3,-8,3,10,5,13,12,2,15,22,0,-2,-2,15,sil
8.058466911315918,-1,-13,-2,0,3,19,18,3,24,25,-8,-8,-2,10,sil
8.07397174835205,-2,-17,-5,-2,5,22,17,3,30,30,-4,-3,12,12,sil
8.07397174835205,-1,-17,-4,-8,2,14,15,0,22,27,2,4,17,17,sil
8.089404821395874,-4,-14,-13,-7,-1,5,10,-1,14,17,4,2,10,15,sil
8.089404821395874,-6,-5,-6,-7,0,3,5,10,19,13,0,2,12,12,sil
8.105629920959473,-4,0,-9,-11,1,2,2,9,24,11,2,2,13,5,sil
8.105629920959473,0,1,-7,-12,-5,-8,-3,-3,14,-1,4,1,5,-4,sil
8.121261835098267,0,6,8,-9,-4,-19,-9,-9,2,-15,0,7,3,-10,sil
8.121261835098267,-1,10,8,-1,1,-20,-7,-6,-5,-17,5,7,0,-14,sil
8.135346412658691,0,10,8,3,-2,-17,-15,0,-23,-27,3,-2,-15,-23,sil
8.135346412658691,-8,0,-12,-14,-10,-18,-26,-2,-42,-42,-24,-22,-30,-33,sil
8.151389837265015,-22,-7,-16,-33,-8,-13,-24,-4,-50,-39,-36,-31,-32,-31,sil
8.151389837265015,-9,11,16,-4,5,2,-7,-1,-35,-5,0,-10,-13,-11,sil
8.16805100440979,16,25,20,35,12,8,2,-1,-6,20,29,10,10,13,sil
8.16805100440979,22,14,14,34,1,1,-3,-1,-2,12,13,17,13,22,sil
8.182249069213867,16,10,7,32,2,9,-2,0,-7,9,9,17,8,18,sil
8.197990655899048,17,9,5,33,13,23,14,1,4,23,19,16,10,18,sil
8.197990655899048,10,-8,6,5,5,21,18,1,16,22,5,12,9,17,sil
8.19899296760559,0,-25,-5,-19,-7,0,6,2,20,11,-10,3,6,7,sil
8.21433138847351,-2,-18,-7,-20,-12,-11,0,5,23,12,-3,1,5,0,sil
8.21433138847351,-5,-9,-16,-13,-15,-8,2,3,24,9,5,-1,6,-6,sil
8.22937822341919,-9,-7,-20,-14,-12,-14,-2,-2,19,-8,0,-2,3,-11,sil
8.244056463241577,-14,-2,-2,-19,-3,-21,-16,-1,3,-21,-3,-1,-5,-14,sil
8.244056463241577,-19,0,-4,-20,0,-10,-19,-1,-18,-28,0,-9,-14,-18,sil
8.260057210922241,-10,4,2,-6,0,4,-7,-2,-22,-29,0,-12,-16,-14,sil
8.260057210922241,3,19,13,18,13,12,3,-2,-9,-7,4,-3,-8,-3,sil
8.276611089706421,5,20,5,29,22,9,6,-2,-13,6,2,-5,-2,-3,sil
8.276611089706421,8,3,7,15,6,4,6,0,-25,-8,-15,-10,-6,2,sil
8.29116415977478,8,-9,1,5,-4,7,14,0,-6,0,-16,-5,-2,17,sil
8.29116415977478,-6,-11,0,8,0,14,20,0,14,17,-6,-3,3,15,sil
8.306302547454834,-13,-12,-7,0,0,10,21,0,10,4,-21,-9,0,3,sil
8.306302547454834,-4,-17,-19,-20,-8,0,18,1,10,-2,-34,-13,-3,3,sil
8.321450471878052,1,-16,-5,-32,-7,1,11,2,23,15,-10,-1,3,8,sil
8.321450471878052,3,-5,-2,-17,-2,0,1,-1,25,23,18,10,17,11,sil
8.337073564529419,6,1,0,-3,-3,-8,-10,0,5,3,17,15,15,0,sil
8.337073564529419,0,4,5,1,1,-6,-9,1,0,-6,8,13,0,-13,sil
8.352145433425903,1,10,3,6,10,-2,-1,-1,11,3,22,13,1,-6,sil
8.352145433425903,15,18,14,7,4,-7,-8,3,9,13,33,19,18,5,sil
8.368046998977661,16,16,7,3,-4,-19,-17,5,-4,0,10,9,6,-4,sil
8.368046998977661,5,10,5,1,-2,-20,-17,0,-11,-16,-11,-1,-13,-10,sil
8.383301734924316,-2,6,6,2,1,0,-12,0,-10,-4,7,0,-2,3,sil
8.383301734924316,-6,5,-4,8,0,7,-13,-2,-15,3,21,0,4,9,sil
8.399079322814941,1,11,10,25,0,-1,-14,-2,-27,-11,7,0,-5,3,sil
8.399079322814941,13,14,17,37,7,5,-5,0,-24,-6,11,11,3,4,sil
8.414209365844727,2,1,1,22,12,18,-1,-1,-11,5,12,8,10,5,sil
8.414209365844727,-10,-12,-6,3,4,12,-3,-5,-10,-8,-11,-10,-7,-2,sil
8.429768562316895,-2,-11,-6,4,0,10,10,-5,-8,-7,-17,-21,-11,-1,sil
8.429768562316895,-3,-10,-1,-5,0,19,19,0,0,11,-17,-18,0,0,sil
8.445089340209961,-28,-29,-26,-35,-9,8,6,0,13,9,-32,-24,-8,-13,sil
8.445089340209961,-29,-35,-29,-40,-13,-4,2,2,25,5,-27,-21,-12,-15,sil
8.463169813156128,-3,-10,1,-19,-4,4,16,4,34,10,-8,0,0,5,sil
8.463169813156128,0,-3,-5,-12,-3,4,18,0,26,1,-9,0,0,7,sil
8.476106882095337,-9,-15,-12,-27,-10,-8,13,-1,9,-8,-19,-9,-10,-7,sil
8.476106882095337,-1,-9,-10,-25,-10,-13,11,0,3,-2,-11,-1,-4,-11,sil
8.492156028747559,12,9,0,-7,-10,-20,-3,-1,-5,-10,3,11,2,-4,sil
8.492156028747559,14,18,22,7,-1,-20,-14,0,-15,-20,15,18,0,1,sil
8.507317781448364,8,18,13,16,12,-8,-3,2,-12,-7,19,15,0,0,sil
8.507317781448364,7,19,8,16,10,-1,-8,3,-16,-5,6,8,-4,-4,sil
8.523194313049316,13,20,10,14,4,-2,-23,-1,-25,-19,1,7,-11,-2,sil
8.523194313049316,8,16,5,8,10,-4,-23,-5,-22,-17,6,4,-10,0,sil
8.538765668869019,0,16,10,14,16,-2,-12,0,-12,-2,10,1,0,-1,sil
8.538765668869019,2,15,8,34,14,4,-1,2,-1,10,15,5,7,3,sil
8.554443359375,-1,5,4,30,7,11,8,0,7,14,8,2,0,1,sil
8.554443359375,-13,-2,-6,13,3,16,22,1,7,20,-2,-12,3,-1,sil
8.569966793060303,-9,-10,-14,12,3,17,32,3,17,37,1,-11,21,13,sil
8.569966793060303,1,-20,0,7,-2,14,25,5,35,39,4,1,20,29,sil
8.5850830078125,2,-21,-8,-12,-12,3,13,1,39,20,0,0,15,21,sil
8.5850830078125,4,-17,-9,-42,-17,-5,6,2,26,6,0,0,22,12,sil
8.600608587265015,8,-20,0,-47,-16,-9,-1,0,19,7,11,7,27,9,sil
8.600608587265015,7,-9,2,-22,-12,-21,-18,-7,1,-6,10,8,15,-3,sil
8.616613388061523,10,11,10,-3,-11,-26,-32,-6,-26,-34,0,15,-2,-16,sil
8.616613388061523,12,12,5,1,-3,-9,-31,-3,-30,-33,6,15,-5,-12,sil
8.632333517074585,5,9,8,11,7,10,-28,-1,-20,-19,12,3,-4,-6,sil
8.632333517074585,-4,11,10,19,14,11,-18,-2,-23,-14,0,-1,-11,-6,sil
8.647305965423584,-11,-1,-6,11,11,8,4,-4,-29,-14,-22,-9,-25,-7,sil
8.647305965423584,-22,-14,-9,0,0,15,22,2,-24,-16,-36,-30,-38,-11,sil
8.663833379745483,-31,-12,-20,-7,-5,13,19,9,-1,-3,-31,-42,-35,-16,sil
8.663833379745483,-20,-6,-14,-8,-2,2,11,7,26,20,-12,-24,-13,-7,sil
8.67803430557251,-6,-4,0,-7,0,2,14,3,37,34,2,-2,4,4,sil
8.693382740020752,-4,-4,-11,-5,0,0,13,-4,22,24,5,-3,4,0,sil
8.693382740020752,-1,5,-3,1,0,-8,2,-7,-2,-4,2,0,-1,-6,sil
8.70868992805481,6,16,5,6,6,-4,0,-3,-10,-16,4,9,0,-2,sil
8.70868992805481,9,10,7,0,0,-5,0,1,0,4,7,18,10,8,sil
8.725510120391846,13,5,14,-2,-5,-8,-5,4,1,13,3,16,14,9,sil
8.725510120391846,15,11,9,10,3,0,-2,2,-7,-3,-4,7,0,1,sil
8.725510120391846,17,17,12,22,9,6,0,0,-19,-11,-1,14,-7,6,sil
8.740100383758545,17,10,2,16,0,-4,-9,-5,-21,-8,11,21,-2,10,sil
8.755302906036377,9,-3,-1,-3,-6,-14,-23,-5,-10,-10,8,10,-7,4,sil
8.755302906036377,3,-6,10,-8,-2,-3,-15,-2,10,0,0,9,-8,8,sil
8.77080225944519,6,0,2,9,5,11,1,-2,18,12,0,5,1,14,sil
8.77080225944519,-3,-4,-3,5,6,10,4,-2,-1,-8,-5,-9,-18,-2,sil
8.78660249710083,-21,-9,-11,-5,0,-1,5,0,-5,-17,-5,-16,-22,-16,thankyou
8.78660249710083,-13,-6,-9,0,-3,0,12,6,13,10,8,-5,44,0,thankyou
8.801459550857544,0,-2,5,3,3,7,15,14,24,22,14,-1,91,9,thankyou
8.801459550857544,-9,-7,-11,-11,3,0,11,5,17,6,5,-13,43,-3,thankyou
8.817429304122925,-16,-12,-12,-20,-6,-6,4,0,10,0,-6,-17,-14,-13,thankyou
8.817429304122925,-4,-4,-2,-7,-7,-1,0,3,7,7,-12,-15,-16,-8,thankyou
8.832514524459839,-4,0,-9,-2,-5,-4,-5,0,0,-1,-13,-19,-6,-12,thankyou
8.832514524459839,-11,-1,-8,-17,-6,-5,-4,0,1,-12,-4,-10,-16,-18,thankyou
8.848113775253296,0,-1,-2,-16,0,8,5,0,11,0,5,3,-15,0,thankyou
8.848113775253296,11,7,10,0,4,6,0,-1,-2,11,4,12,-7,13,thankyou
8.863197326660156,5,7,10,6,-3,-8,-19,-10,-23,1,13,17,-11,4,thankyou
8.863197326660156,9,8,10,11,-6,-12,-19,-11,-14,-2,26,18,-8,5,thankyou
8.87867784500122,20,13,23,22,1,-5,-5,-1,-6,0,12,17,6,18,thankyou
8.87867784500122,0,-2,0,9,1,-2,0,0,-13,0,-10,2,4,8,thankyou
8.89428973197937,-14,-15,-9,-12,-7,3,8,-4,-11,1,-11,-3,-4,0,thankyou
8.89428973197937,5,2,4,0,-1,7,20,0,-2,1,2,12,0,9,thankyou
8.910381317138672,15,11,6,14,8,1,11,5,-1,-8,3,15,0,0,thankyou
8.910381317138672,0,1,5,1,3,3,-2,5,0,-13,-9,-1,-14,-11,thankyou
8.926339149475098,-6,-3,-10,-3,1,9,0,0,1,-4,-11,-8,-14,-3,thankyou
8.926339149475098,0,0,-4,2,2,2,-2,1,0,-8,-6,-2,-11,1,thankyou
8.942589044570923,3,5,12,4,0,0,-10,3,1,-6,-4,-3,-8,-3,thankyou
8.942589044570923,10,10,1,5,4,2,-4,4,4,7,0,-8,3,0,thankyou
8.957775592803955,13,8,0,9,12,0,-3,1,-2,1,3,1,9,4,thankyou
8.957775592803955,4,3,0,10,10,0,-11,-7,-11,-6,5,2,4,0,thankyou
8.973209381103516,0,3,0,6,6,6,-5,-6,-2,1,3,-3,3,-1,thankyou
8.973209381103516,-2,-2,1,1,3,5,5,0,5,8,0,-2,8,2,thankyou
8.988750696182251,-14,-18,-10,-12,-3,-8,-1,-2,0,3,-5,-7,6,-3,thankyou
8.988750696182251,-25,-23,-16,-24,-8,-11,-8,0,-1,-2,-19,-21,-4,-14,thankyou
9.004345417022705,-24,-13,-23,-13,0,0,7,2,11,0,-19,-23,-4,-14,thankyou
9.004345417022705,-13,-1,-3,2,6,5,21,6,26,13,5,-1,12,0,thankyou
9.02045488357544,-1,4,10,-2,0,-2,12,4,25,16,21,10,20,4,thankyou
9.02045488357544,0,0,-8,-10,-9,-12,4,0,13,3,6,-2,7,-1,thankyou
9.036048412322998,1,-6,2,-5,-5,-5,7,0,4,4,-3,-3,-1,0,thankyou
9.036048412322998,2,0,5,2,-3,3,8,0,-2,12,3,1,-1,5,thankyou
9.05141258239746,0,1,-6,0,-14,-3,-2,-8,-21,-4,-3,-3,-9,0,thankyou
9.05141258239746,0,0,6,-9,-20,-7,-9,-8,-25,-21,-14,0,-15,-4,thankyou
9.067468881607056,8,2,10,0,-8,0,-4,-5,-12,-9,-3,9,-8,-2,thankyou
9.067468881607056,11,5,13,11,3,7,-6,-4,-15,-6,0,11,-4,2,thankyou
9.083503484725952,1,3,7,5,4,10,-5,-1,-15,-4,0,9,0,7,thankyou
9.083503484725952,6,10,6,10,3,5,-2,1,-1,6,11,16,13,8,thankyou
9.099092721939089,27,25,18,31,4,1,-8,5,13,14,26,27,25,14,thankyou
9.099092721939089,25,17,7,25,7,5,-8,6,22,16,26,20,25,22,thankyou
9.114386796951294,-6,-8,-5,-8,1,4,2,6,14,6,5,3,2,7,thankyou
9.114386796951294,-28,-24,-21,-31,-4,-4,6,1,-4,-11,-19,-15,-22,-17,thankyou
9.13032054901123,-23,-19,-26,-29,-5,-10,0,0,-8,-23,-27,-24,-25,-16,thankyou
9.13032054901123,-5,-5,-3,-11,1,-6,1,5,2,-15,-10,-8,-6,0,thankyou
9.14624834060669,8,3,0,2,8,0,5,5,14,3,10,7,5,4,thankyou
9.14624834060669,11,3,2,0,3,1,0,5,15,12,10,3,0,0,thankyou
9.162495136260986,6,7,4,4,1,-1,0,2,7,0,-1,-8,-5,-4,thankyou
9.162495136260986,0,9,-2,8,7,0,5,1,4,-14,-10,-12,-4,-6,thankyou
9.177608251571655,0,6,4,1,9,2,4,1,1,-14,-5,-3,-6,-4,thankyou
9.177608251571655,6,3,4,5,4,-9,-5,-9,-6,0,9,0,0,-1,thankyou
9.193338632583618,9,2,6,6,-4,-19,-23,-20,-30,-3,14,1,3,0,thankyou
9.193338632583618,2,0,5,0,-3,-3,-24,-13,-42,-18,8,3,0,1,thankyou
9.209068775177002,0,0,3,12,11,12,4,-1,-22,-8,3,0,0,1,thankyou
9.209068775177002,-3,0,8,20,18,14,19,2,-1,12,-6,-7,-2,-1,thankyou
9.22400426864624,-18,-9,-10,11,7,14,18,5,2,23,-11,-15,-5,-4,thankyou
9.22400426864624,-21,-15,-11,-5,-6,14,22,8,9,28,-8,-14,2,0,thankyou
9.24002981185913,-10,-9,0,-15,-10,5,19,2,24,28,-5,-6,11,5,thankyou
9.24002981185913,-7,-6,-6,-11,-10,0,7,-1,24,20,-7,-2,7,4,thankyou
9.255225419998167,-2,-4,-1,-3,-10,2,1,4,16,15,-9,7,6,5,thankyou
9.255225419998167,4,-2,0,-7,-11,-1,-5,2,12,6,-4,14,14,2,thankyou
9.271375179290771,5,0,1,-17,-16,-12,-18,-1,2,-11,-1,14,13,-1,thankyou
9.271375179290771,6,3,5,-10,-18,-14,-16,0,-2,-19,0,16,5,0,thankyou
9.285723447799684,6,6,-3,-1,-7,-13,-15,-4,-5,-20,4,15,0,-2,thankyou
9.286724090576172,1,4,0,-15,0,-13,-32,-9,-28,-36,0,9,-13,-17,thankyou
9.302333354949951,2,5,-1,-11,6,-5,-31,-6,-30,-36,2,0,-15,-18,thankyou
9.303369522094728,8,13,3,12,11,1,-6,0,0,-8,15,-4,-3,-3,thankyou
9.318081378936768,2,16,10,15,6,1,4,1,-3,0,14,-1,-3,0,thankyou
9.333394289016724,-10,5,-3,8,4,3,2,1,-18,-8,-3,-13,-13,-7,thankyou
9.333394289016724,-10,-1,0,15,11,10,19,6,0,1,-16,-25,-14,0,thankyou
9.333394289016724,-1,-5,-2,14,6,11,41,11,25,29,-10,-17,-5,13,thankyou
9.34752368927002,1,-13,-14,1,0,14,36,10,23,30,-4,-4,-2,15,thankyou
9.363139152526855,0,-13,-6,1,4,20,19,6,21,16,-6,-3,-1,11,thankyou
9.363139152526855,4,-2,0,10,3,7,14,1,21,13,0,0,6,12,thankyou
10.5311758518219,0,-1,1,1,3,0,6,5,0,-3,4,6,6,1,thankyou
10.5311758518219,0,2,7,11,5,4,15,0,1,2,5,9,2,1,thankyou
10.546410322189333,-2,0,0,5,8,5,12,-3,8,4,8,6,-1,0,thankyou
10.546410322189333,1,-2,0,1,2,0,0,0,4,-4,9,2,0,-2,thankyou
10.562488555908203,-1,-4,-7,0,-7,-6,-10,1,0,2,3,-6,0,-6,thankyou
10.562488555908203,-3,-3,5,0,-5,-3,-6,5,8,12,2,1,2,0,thankyou
10.578090906143188,11,4,15,12,11,8,10,6,18,12,21,23,22,19,thankyou
10.578090906143188,23,9,9,22,13,11,11,5,18,23,31,23,28,26,thankyou
10.5943706035614,12,3,6,8,-2,1,-3,2,8,19,12,7,9,11,thankyou
10.5943706035614,0,-3,-5,-7,-4,-7,-4,-6,-7,-11,-9,-3,-5,1,thankyou
10.608815908432009,-2,-9,-1,-16,-2,-7,-1,-7,-20,-33,-21,-10,-15,-5,thankyou
10.624043464660645,-13,-13,-5,-22,-9,-5,-8,0,-23,-28,-21,-16,-21,-17,thankyou
10.624043464660645,-15,-7,-12,-16,-5,-2,-3,-2,-11,-16,-16,-19,-9,-16,thankyou
10.64106273651123,-2,10,2,0,1,5,7,-1,-1,-11,-15,-18,-1,-8,thankyou
10.64106273651123,-1,7,-3,1,-1,1,4,3,-5,-8,-18,-20,-10,-13,thankyou
10.64106273651123,-5,-3,-4,-15,-6,-12,0,5,-8,-3,-16,-13,-8,-13,thankyou
10.655361413955688,-4,-1,0,-16,-1,-11,1,0,-2,3,-3,-1,2,-7,thankyou
10.670488119125366,-4,1,-5,7,0,-5,-5,-6,-8,2,8,1,0,-9,thankyou
10.670488119125366,-4,0,1,7,-1,-4,-13,-9,-20,0,4,0,-8,-10,thankyou
10.686108589172363,1,0,0,-12,2,-2,-5,-5,-5,10,4,9,3,3,thankyou
10.686108589172363,10,9,6,0,4,2,-2,4,11,16,23,27,20,17,thankyou
10.701285362243652,6,12,9,27,1,1,-11,1,9,9,29,27,17,9,thankyou
10.701285362243652,1,1,3,22,1,-4,-7,-2,7,10,10,12,5,3,thankyou
10.71736216545105,13,4,18,15,8,8,8,5,15,21,10,22,11,24,thankyou
10.71736216545105,15,13,13,26,7,16,9,5,11,19,25,27,20,28,thankyou
10.73297905921936,-2,-6,-4,2,-3,0,-7,-5,-9,-5,2,1,-3,1,thankyou
10.73297905921936,-10,-19,-11,-15,-2,0,-10,-8,-17,-22,-27,-17,-26,-10,thankyou
10.748459339141846,-2,-2,-11,2,3,10,0,-2,-4,-16,-18,-16,-18,-6,thankyou
10.748459339141846,0,3,-1,-2,-4,0,0,5,3,-5,3,-10,-7,-6,thankyou
10.76449465751648,0,-6,-4,-10,-1,5,7,7,19,6,9,-5,3,1,thankyou
10.76449465751648,2,-5,-3,7,17,25,21,3,36,13,-6,-3,11,12,thankyou
10.780455827713013,-5,-1,-2,0,5,11,13,1,21,7,-16,-10,0,4,thankyou
10.780455827713013,-13,-9,-16,-22,-16,-14,-1,1,-3,-1,-5,-19,-4,-6,thankyou
10.796454429626465,-6,-2,-4,-8,-2,-8,4,7,-7,-13,-5,-18,-2,-9,thankyou
10.796454429626465,-4,4,-1,5,13,2,18,3,-2,-18,-18,-19,-11,-12,thankyou
10.812469482421877,-1,0,-2,0,3,-4,18,0,-1,-5,-8,-12,-8,-6,thankyou
10.812469482421877,1,-3,1,-5,-4,-6,7,1,3,7,1,-4,0,0,thankyou
10.828028678894045,-6,-3,-11,-6,-7,-5,-2,-4,3,2,-9,-14,-9,-8,thankyou
10.828028678894045,-7,-2,0,-9,-11,-4,-6,-12,-14,-7,-13,-10,-13,-12,thankyou
10.842923164367676,4,3,12,-10,-6,-1,-3,-7,-21,-3,0,5,3,-1,thankyou
10.842923164367676,6,5,9,-9,-2,-6,-5,0,-10,6,2,12,6,5,thankyou
10.857950925827026,13,8,18,4,-4,-9,-8,1,1,14,6,25,11,16,thankyou
10.857950925827026,26,11,13,16,0,-6,-6,1,3,8,23,37,26,21,thankyou
10.87399411201477,14,5,9,-2,0,-3,-10,5,0,-2,22,30,15,9,thankyou
10.87399411201477,-3,-3,1,-14,-3,-3,-13,1,0,5,13,13,4,0,thankyou
10.889370918273926,-1,-5,-6,-2,-1,-6,-15,-8,-3,3,2,2,3,-4,thankyou
10.889370918273926,-1,1,-5,1,0,-3,-17,-5,-14,-16,-5,4,-9,-14,thankyou
10.904907941818236,0,6,-10,-1,0,0,-13,2,-17,-17,8,13,-6,-12,thankyou
10.904907941818236,9,7,2,3,1,-7,-11,1,-18,-16,23,16,5,2,thankyou
10.920676946640016,3,8,7,10,4,-6,-6,0,-19,-25,5,1,-1,-1,thankyou
10.920676946640016,-10,8,-3,16,10,9,4,6,-3,-5,-3,-10,-4,-12,thankyou
10.936242580413818,-6,10,6,30,19,22,14,8,10,22,5,-4,7,-1,thankyou
10.936242580413818,-5,1,0,34,16,17,15,0,5,16,0,-10,4,8,thankyou
10.952364444732666,-14,-7,-1,21,6,17,18,0,3,2,-18,-26,-8,0,thankyou
10.952364444732666,-16,-11,-1,9,7,28,26,0,19,7,-14,-26,-5,-5,thankyou
10.967410564422607,-15,-20,-12,-5,2,16,18,-4,22,10,-14,-20,-1,2,thankyou
10.967410564422607,-15,-26,-9,-27,-14,1,2,-2,9,2,-32,-14,-9,8,thankyou
10.98301887512207,-5,-16,-10,-19,-15,1,6,0,19,13,-24,-8,-2,9,thankyou
10.98301887512207,4,-8,-5,-12,-4,-9,4,0,30,21,-2,-4,8,10,thankyou
10.999057531356812,-2,-11,-7,-30,-15,-26,-9,-3,16,9,-5,-5,0,3,thankyou
10.999057531356812,-2,-6,-13,-34,-23,-22,-9,-4,2,0,-9,-3,-7,0,thankyou
11.014238595962524,22,7,7,-9,-5,-5,0,2,4,0,10,12,-1,12,thankyou
11.014238595962524,34,13,12,8,9,1,-1,5,4,0,19,18,2,15,thankyou
11.030343770980837,22,13,11,4,2,-3,-6,0,-7,-5,10,16,-3,2,thankyou
11.030343770980837,10,9,7,-4,-3,-12,-12,-5,-18,-13,13,15,-8,-2,thankyou
11.045402526855469,0,3,-10,-10,0,-13,-13,-4,-22,-26,8,1,-16,-11,thankyou
11.045402526855469,0,11,6,0,4,-2,0,5,-11,-19,-2,-3,-15,-17,thankyou
11.061153650283812,14,23,21,21,10,0,11,5,2,3,14,13,7,-4,thankyou
11.061153650283812,13,13,12,16,5,-5,3,-1,-9,0,24,21,21,-1,thankyou
13.939114809036257,-9,1,-12,-3,1,1,7,-4,-16,-18,-22,-18,-23,-10,thankyou
13.939114809036257,-10,-8,-10,-1,-2,1,11,-1,-19,-33,-35,-22,-31,-8,thankyou
13.954638719558716,-11,-4,4,5,0,7,17,0,-8,-15,-9,-11,-11,3,thankyou
13.954638719558716,-8,-2,-4,8,0,10,18,-2,-5,9,10,-9,-1,2,thankyou
13.970256328582764,-11,-6,-8,2,-4,10,10,-4,-16,1,-3,-16,-15,-11,thankyou
13.970256328582764,-13,-9,-11,2,-6,12,10,-4,-14,-3,0,-14,-11,-4,thankyou
13.98527693748474,3,0,2,13,0,19,24,3,11,23,20,8,13,22,thankyou
13.98527693748474,21,10,16,18,6,16,24,12,35,36,9,22,31,37,thankyou
14.00076985359192,11,-3,-1,1,-2,-6,0,1,25,17,-16,2,21,18,thankyou
14.00076985359192,-5,-21,-7,-13,-18,-15,-14,-5,9,19,-20,-10,3,-2,thankyou
14.015985250473022,-10,-20,-9,-18,-9,-1,-1,1,17,24,-14,-11,2,0,thankyou
14.015985250473022,-8,-21,-8,-27,-2,-3,0,0,13,-13,-25,-12,0,1,thankyou
14.03251814842224,0,-19,0,-28,-13,-15,-11,-1,-4,-31,-17,-1,-5,-2,thankyou
14.03251814842224,12,0,3,-12,-6,-9,-6,7,4,4,20,20,9,7,thankyou
14.054428577423096,9,8,10,-3,9,0,1,11,17,11,27,26,16,12,thankyou
14.054428577423096,-1,-2,-3,-10,0,-1,-5,-4,2,-8,0,8,-2,-6,thankyou
14.054428577423096,-9,-6,-8,-21,-15,-7,-19,-7,-12,-4,-6,0,-11,-16,thankyou
14.064046382904053,-7,7,1,-18,-3,-3,-17,0,-5,2,9,12,-2,-6,thankyou
14.08010482788086,6,18,6,8,13,1,1,0,11,4,17,25,7,2,thankyou
14.08010482788086,22,22,24,24,14,2,11,-1,7,3,15,23,10,7,thankyou
14.09542989730835,13,16,12,11,11,-3,3,-2,-10,-3,9,8,4,0,thankyou
14.09542989730835,3,11,-7,4,10,-5,-2,0,-18,-11,5,3,4,-5,thankyou
14.11090326309204,13,20,7,23,9,0,-3,2,-12,-13,12,10,10,2,thankyou
14.11090326309204,8,22,8,32,5,-2,-8,-3,-14,-17,15,0,1,0,thankyou
14.12606430053711,-5,10,0,15,0,-10,-16,-5,-25,-17,1,-14,-12,-16,thankyou
14.12606430053711,0,0,-1,11,0,-6,-10,1,-15,-3,-3,-16,-8,-13,thankyou
14.14209270477295,-3,-11,-4,8,-2,0,-1,1,-1,0,-6,-17,-10,-5,thankyou
14.14209270477295,-21,-17,-6,-6,-6,2,0,-1,-8,-9,-12,-17,-17,-9,thankyou
14.15814757347107,-17,-16,-14,-10,-6,4,-2,-3,-5,-5,-12,-19,-6,-8,thankyou
14.15814757347107,-6,-13,-4,-8,-8,7,-3,0,10,12,-13,-19,0,2,thankyou
14.173044681549072,-16,-16,-7,-15,-11,7,2,5,11,21,-17,-17,-7,1,thankyou
14.173044681549072,-23,-20,-16,-17,-2,10,6,0,-3,4,-20,-17,-15,-9,thankyou
14.18823766708374,-13,-11,-2,-5,11,16,7,-1,-5,-10,-18,-7,-15,-6,thankyou
14.18823766708374,0,-2,-3,4,10,14,17,1,18,7,-2,4,0,9,thankyou
14.203705072402954,12,0,0,0,1,3,21,2,32,28,3,8,13,16,thankyou
14.203705072402954,10,-2,2,-9,-3,-4,15,-2,23,14,-8,1,2,11,thankyou
14.220333576202393,6,-7,-4,-11,-8,-7,16,1,21,5,-3,0,3,12,thankyou
14.220333576202393,13,-2,9,-10,-11,-6,11,7,25,13,17,17,25,17,thankyou
14.235740661621094,12,11,7,-8,-6,-13,-9,-4,6,0,28,32,26,11,thankyou
14.236740112304688,7,24,6,-7,-1,-22,-29,-4,-24,-29,24,30,4,0,thankyou
14.250458717346191,14,27,14,2,7,-14,-26,5,-30,-31,25,21,-2,-5,thankyou
14.250458717346191,17,19,11,20,15,0,-10,0,-27,-11,18,10,-1,-2,thankyou
14.266075134277344,2,12,13,27,12,11,1,-4,-30,-11,-3,0,-10,-2,thankyou
14.266075134277344,-4,11,1,27,8,13,6,2,-16,-11,-10,-7,-9,-7,thankyou
14.282371759414673,9,10,1,25,9,10,9,6,8,18,8,-1,7,1,thankyou
14.282371759414673,14,7,6,19,4,13,16,3,13,42,16,6,23,17,thankyou
14.298022747039797,-4,-7,-13,3,0,8,13,-1,-3,12,-6,-5,9,8,thankyou
14.298022747039797,-22,-21,-15,-15,-8,0,0,-5,-10,-23,-29,-24,-15,-11,thankyou
14.313416957855225,-18,-17,-6,-17,-10,2,2,-3,8,-5,-22,-24,-11,-6,thankyou
14.328038215637209,-8,-9,1,-9,-3,8,10,0,22,16,-12,-15,0,3,thankyou
14.328038215637209,-11,-13,-5,-14,-5,-3,-1,-2,12,2,-23,-18,-14,-10,thankyou
14.328038215637209,-12,-22,-22,-22,-14,-14,-15,-7,6,-2,-20,-20,-20,-20,thankyou
14.344064235687256,0,-16,-5,-14,-7,-11,-14,0,11,4,6,4,0,-8,thankyou
14.344064235687256,1,-5,1,-4,0,-6,-8,2,11,2,12,13,7,-4,thankyou
14.362084150314333,-5,-5,-3,-9,-3,-3,-3,1,4,-2,-5,-4,0,-6,thankyou
14.362084150314333,-3,-5,1,-17,-7,-4,-5,2,0,-9,0,0,1,-5,thankyou
14.375609397888184,0,-2,-3,-14,-2,-12,-15,0,-9,-25,12,16,1,-7,thankyou
14.392154216766356,2,5,9,-3,0,-15,-21,0,-26,-24,6,11,-9,-2,thankyou
14.392154216766356,2,14,11,10,4,-8,-12,1,-18,3,0,-3,-10,0,thankyou
14.392154216766356,-2,14,1,12,8,0,-3,0,-2,10,3,-4,-1,-5,thankyou
14.40759539604187,-3,11,4,13,12,17,9,2,1,1,12,9,1,7,thankyou
14.40759539604187,-2,6,0,22,17,31,33,6,3,15,11,7,7,24,thankyou
14.422186374664308,-1,5,0,21,11,21,31,4,6,23,-5,-1,9,13,thankyou
14.437482595443726,8,8,0,23,5,4,13,1,3,16,-2,5,9,12,thankyou
14.437482595443726,22,6,4,20,2,-3,5,0,3,14,18,17,16,25,thankyou
14.45316767692566,21,-1,11,0,-7,-7,1,-5,9,11,15,13,20,15,thankyou
14.45316767692566,13,-9,-3,-12,-11,-7,-6,-9,6,-1,-1,4,7,1,thankyou
14.468403100967407,5,-5,-4,-18,-9,-5,-9,-1,0,-26,-8,3,-5,-4,thankyou
14.468403100967407,3,1,-2,-30,-12,-8,-7,3,0,-26,1,6,2,-11,thankyou
14.48410677909851,13,7,2,-21,-6,-13,-5,1,1,-4,15,13,12,-1,thankyou
14.48410677909851,12,11,21,-1,3,-5,-7,1,-14,-12,6,12,-5,6,thankyou
14.49919867515564,-1,6,5,5,3,4,-14,-1,-20,-30,-10,-9,-24,-12,thankyou
14.49919867515564,-8,6,-4,14,5,1,-10,-2,-15,-18,-5,-16,-16,-18,thankyou
14.514337301254272,-11,12,-2,22,11,2,8,0,-11,3,1,-11,0,-4,thankyou
14.514337301254272,-19,1,-10,6,3,8,19,2,-8,5,-15,-26,-7,-12,thankyou
14.530428886413574,-21,-9,-2,0,-4,8,7,-2,-4,-4,-30,-33,-21,-20,thankyou
14.530428886413574,-20,-9,-5,11,0,7,0,-5,1,-1,-19,-26,-15,-11,thankyou
14.5460844039917,-17,-14,-13,0,3,10,3,2,10,18,-9,-17,-5,-2,thankyou
14.5460844039917,-12,-17,-12,-9,4,7,8,9,17,28,-3,-6,1,1,thankyou
14.561356544494627,-5,-11,-3,3,3,0,3,2,9,15,4,1,9,8,sil
14.561356544494627,1,-5,13,6,1,3,0,0,2,17,7,0,6,7,sil
14.57648253440857,4,-6,0,-2,0,0,5,-1,14,30,4,-4,3,1,sil
14.57648253440857,2,-9,-7,-5,-2,-9,6,-3,19,14,-3,1,7,2,sil
14.592581510543823,2,-8,2,-9,-6,-4,0,1,9,-5,-7,12,6,8,sil
14.592581510543823,4,-4,-6,-16,-8,-4,-6,3,6,-1,2,13,5,5,sil
14.60820698738098,6,3,0,-13,-11,-9,-7,0,5,2,13,18,7,5,sil
14.60820698738098,11,4,5,-6,-9,-1,-4,-4,0,-3,14,22,9,11,sil
14.623209953308104,16,1,6,-7,-2,4,-1,0,-1,-6,10,20,6,12,sil
14.623209953308104,16,5,10,-8,-2,0,-1,1,0,-5,9,19,3,8,sil
14.638338088989258,17,10,6,-1,-2,-4,-1,-2,2,-4,13,18,2,6,sil
14.638338088989258,15,14,11,5,4,-6,0,-1,-4,-17,12,16,2,1,sil
14.65349555015564,2,13,1,2,2,-11,-9,0,-18,-30,2,8,0,-4,sil
14.65349555015564,-10,1,-6,-10,-10,-15,-23,-3,-26,-27,-6,-8,-10,-10,sil
14.669262647628784,-16,-7,-5,-15,-6,-12,-21,-2,-24,-19,-11,-22,-20,-18,sil
14.669262647628784,-14,0,-13,-1,10,-6,-4,0,-17,-15,-14,-26,-16,-22,sil
14.685453653335571,-10,8,1,6,12,3,0,1,-12,-9,-10,-10,-8,-13,sil
14.685453653335571,-6,7,3,12,11,9,-2,1,0,0,-2,-4,-1,-2,sil
14.700331687927246,-3,2,-2,18,16,10,7,4,19,13,1,-13,9,3,sil
14.700331687927246,1,8,9,17,12,19,23,8,23,26,9,-3,17,11,sil
14.716008424758911,4,13,5,16,2,19,24,0,8,19,12,10,11,10,sil
14.716008424758911,12,12,9,20,3,6,11,-2,0,2,1,13,6,6,sil
14.73202896118164,14,7,9,17,6,-1,5,0,4,12,0,8,11,5,sil
14.73202896118164,-2,-8,-5,1,-4,0,-1,-4,0,16,1,-2,-4,0,sil
14.747342824935911,-17,-14,-7,-2,-8,2,-5,-3,-12,-7,-13,-16,-24,-11,sil
14.762524843215942,-8,-6,-8,3,1,6,2,4,-7,-7,-15,-20,-11,-4,sil
14.762524843215942,1,-4,-2,1,-1,7,7,7,5,15,-2,-4,4,8,sil
14.762524843215942,0,-12,-6,0,-12,2,4,1,9,18,1,4,5,8,sil
14.778992652893066,-4,-14,-11,0,-8,0,2,-1,2,6,-6,-7,0,1,sil
14.778992652893066,-9,-11,-1,-12,-3,0,2,0,-1,0,-13,-15,-8,-4,sil
14.795102834701538,-9,-13,-8,-19,-8,-7,0,-2,2,-3,-8,-9,-5,-3,sil
14.810251474380491,0,-10,-3,-14,-9,-12,-4,-3,0,-6,1,0,0,2,sil
14.810251474380491,8,-4,2,-13,0,-6,-7,-3,0,1,6,8,3,0,sil
14.826897144317629,7,0,1,-6,10,-4,-2,0,9,8,4,13,7,0,sil
14.826897144317629,8,5,14,-3,0,-9,-3,3,10,-1,5,18,6,8,sil
14.826897144317629,6,7,1,-10,-11,-6,-6,0,17,0,13,16,10,7,sil
14.841525554656982,5,7,-5,-17,0,-2,-4,0,19,0,6,7,11,0,sil
14.841525554656982,1,7,0,-14,7,-8,-8,2,2,-18,-5,-1,-5,-9,sil
14.856426239013672,-10,1,-9,-14,-9,-18,-20,-4,-20,-33,-3,-8,-18,-28,sil
14.872443675994871,-12,0,0,-11,-11,-10,-21,-6,-30,-33,0,-3,-12,-28,sil
14.872443675994871,0,9,6,3,7,5,-7,-2,-27,-31,0,1,-8,-9,sil
14.889245986938477,3,17,9,14,14,9,0,0,-22,-12,2,1,-10,1,sil
14.889245986938477,2,17,15,23,12,9,8,3,-14,15,11,1,0,9,sil
14.889245986938477,7,7,7,34,10,14,18,5,-1,19,12,2,10,18,sil
14.9053373336792,5,0,8,29,4,21,21,6,8,15,0,1,7,18,sil
14.9053373336792,-1,-6,-2,12,5,25,26,1,17,31,-4,-3,14,21,sil
14.919851303100586,-1,-14,-3,1,2,18,24,0,27,40,-4,-4,19,26,sil
14.935800075531006,-2,-20,4,-1,-8,0,1,0,25,20,-15,0,5,13,sil
14.935800075531006,0,-15,-9,-2,-8,-12,-11,-3,11,-2,-9,2,0,-2,sil
14.95243501663208,10,2,-5,-4,0,-16,-8,-3,-2,-9,14,13,6,-4,sil
14.95243501663208,10,8,1,-7,-4,-20,-13,-3,-11,-6,15,11,0,-9,sil
14.95243501663208,0,0,-1,-13,-11,-23,-27,-3,-15,-13,0,-1,-8,-20,sil
14.968077182769775,-2,5,2,-14,-8,-15,-21,0,-16,-20,2,-1,-10,-22,sil
14.968077182769775,-3,14,-2,0,0,0,-4,2,-18,-13,5,-6,-10,-19,sil
14.983359098434448,-8,5,2,15,5,7,-2,1,-17,-7,-4,-16,-10,-8,sil
14.99850082397461,-6,1,-2,22,7,9,0,1,-4,2,-8,-15,-6,1,sil
14.999019861221312,-7,2,-6,11,4,14,14,3,1,8,-14,-13,-12,-2,sil
15.013283967971802,-14,-1,0,1,0,24,27,4,6,3,-23,-8,-17,-3,sil
15.013283967971802,-4,-8,-5,4,2,20,30,2,19,2,-17,-5,-7,8,sil
15.028333187103271,6,-13,-6,-4,0,3,18,0,25,7,-11,-8,0,10,sil
15.028333187103271,-1,-17,-13,-20,-5,-4,12,2,28,21,1,-5,14,10,sil
15.04347324371338,0,-11,-9,-18,-1,-8,13,7,34,30,18,12,31,23,sil
15.04347324371338,16,0,12,-13,-3,-12,0,1,27,10,15,22,24,23,sil
15.05946660041809,16,2,5,-9,-6,-16,-18,-4,10,-12,10,10,13,8,sil
15.05946660041809,2,0,0,-7,0,-20,-20,0,-6,-13,9,10,11,-2,sil
15.074306011199951,-8,-2,-5,-19,0,-18,-24,-2,-25,-13,1,14,-3,-16,sil
15.074306011199951,-10,1,-7,-19,-5,-14,-31,-12,-33,-27,0,4,-21,-28,sil
15.089947700500488,-1,14,14,2,3,-8,-23,-7,-27,-30,7,0,-18,-21,sil
15.089947700500488,2,16,11,16,10,0,-12,-5,-18,-9,6,4,-9,-14,sil
15.105345487594604,0,12,5,13,1,10,-16,0,-22,2,-2,2,-2,-11,sil
15.105345487594604,0,17,5,16,1,13,-9,2,-24,-6,0,-7,-1,0,sil
15.121053457260132,1,7,3,20,6,16,8,-1,-18,-13,1,-12,-8,6,sil
15.121053457260132,5,-3,9,15,2,23,16,0,-13,3,-6,-6,-5,5,sil
15.135987997055054,6,-1,3,14,-1,20,18,6,0,27,-2,-2,12,14,sil
15.135987997055054,1,-1,2,6,-2,7,23,4,16,25,-2,0,12,22,sil
15.15261960029602,-2,-8,0,0,1,5,26,0,18,11,-15,-6,-2,11,sil
15.15261960029602,-3,-12,-11,0,6,6,22,-1,19,12,-10,-11,-7,0,sil
15.168322563171388,-3,-14,-3,-6,-1,0,13,0,23,16,3,2,2,2,sil
15.168322563171388,-8,-18,-12,-20,-8,-9,2,2,24,12,1,0,12,1,sil
15.184422492980955,-4,-10,-12,-17,-2,-13,-5,0,23,7,0,-7,13,-1,sil
15.184422492980955,9,8,7,4,1,-6,-1,4,21,-4,13,10,14,2,sil
15.200506687164308,11,16,4,11,0,-5,2,3,7,-18,20,17,10,0,sil
15.200506687164308,0,7,-1,-10,0,-15,-10,1,-10,-17,10,0,-2,-11,sil
15.216034650802612,-4,2,-5,-15,-5,-18,-25,-3,-16,-10,6,-1,-8,-10,sil
15.216034650802612,5,12,5,8,-3,-3,-17,-3,-13,-10,4,11,-3,0,sil
15.23116159439087,8,14,17,23,9,11,2,-1,-11,-12,-2,4,-13,-3,sil
15.23116159439087,-3,0,-4,13,10,12,9,-5,-15,-12,-14,-15,-28,-16,sil
15.246400356292725,-10,-9,-8,0,0,11,7,-5,-19,-5,-24,-14,-22,-5,sil
15.246400356292725,-9,-15,-10,-6,-5,9,7,0,-2,12,-26,-6,-4,6,sil
15.262463331222534,-12,-24,-14,-10,-8,1,6,5,17,22,-22,-9,0,2,sil
15.262463331222534,-12,-19,-4,-16,-12,-3,0,5,15,18,-12,-4,1,2,sil
15.277692794799805,-3,-12,-5,-20,-11,-12,-13,0,4,12,-7,2,10,7,sil
15.277692794799805,2,-10,-1,-22,-13,-23,-25,-2,0,-2,-2,8,14,5,sil
15.293551206588743,5,0,5,-9,-9,-20,-21,-1,6,-3,21,15,18,5,sil
15.293551206588743,14,17,10,1,4,-8,-11,2,1,-1,35,18,18,5,sil
15.308560371398926,20,25,18,5,11,-1,-4,0,-13,-18,22,14,4,-1,sil
15.308560371398926,11,22,9,8,7,2,0,-7,-23,-28,13,4,-5,-10,sil
15.32401180267334,0,13,8,4,2,5,-4,0,-20,-17,10,0,-7,-12,sil
15.32401180267334,-3,10,0,10,8,3,-4,5,-10,-7,7,-3,-2,-8,sil
15.339579820632936,3,20,1,34,19,5,8,0,0,0,7,-3,1,-1,sil
15.339579820632936,4,18,13,30,19,17,16,0,3,11,2,-1,0,3,sil
15.35545039176941,-1,-2,-7,6,12,15,17,4,7,15,0,-6,0,2,sil
15.35545039176941,-3,-7,-7,14,10,8,22,1,11,14,0,-9,-1,5,sil
15.370797872543337,-1,1,4,26,7,18,20,0,12,19,-3,-3,0,11,sil
15.370797872543337,-6,-8,-9,7,-1,25,14,0,12,18,-11,-9,-6,3,sil
15.386869192123411,-10,-21,-11,-8,-7,12,12,-1,0,1,-18,-16,-22,-5,sil
15.386869192123411,-6,-13,-9,-8,-5,4,13,-4,-5,0,-22,-18,-23,0,sil
15.402504444122314,0,-4,0,-13,-8,7,12,0,9,8,-20,-8,-2,9,sil
15.402504444122314,0,-16,-1,-20,-10,0,9,4,23,7,-7,2,15,12,sil
15.418048858642578,-2,-25,-10,-22,-6,-14,0,1,16,0,0,2,12,9,sil
15.418048858642578,-1,-10,-1,-28,-10,-19,-18,-1,1,-3,-1,4,5,0,sil
15.43317198753357,-2,0,-2,-27,-17,-27,-29,-5,-1,-11,6,9,14,-6,sil
15.43317198753357,-1,-6,0,-25,-18,-40,-31,0,-5,-21,7,15,18,0,sil
15.449615240097046,0,-2,2,-20,-11,-33,-27,4,-6,-16,3,18,11,0,sil
15.449615240097046,5,8,2,-5,-4,-14,-21,0,-10,-5,5,15,7,-13,sil
15.465147495269775,10,13,14,8,-3,-7,-15,-2,-22,-7,5,10,2,-14,sil
15.465147495269775,7,12,5,11,-1,-5,-4,-3,-18,-5,12,5,0,-8,sil
15.48017954826355,-5,7,0,5,4,4,0,0,-8,0,15,1,-3,-11,sil
15.48017954826355,-10,8,9,10,9,15,-4,4,-15,-4,-1,-4,-11,-14,sil
15.49621295928955,0,10,2,24,10,14,-7,0,-15,-6,-4,-9,-19,-4,sil
15.49621295928955,7,10,8,23,13,16,5,-1,1,0,10,-4,-15,7,sil
15.51222848892212,-1,10,2,21,19,30,24,3,3,2,0,-7,-10,5,sil
15.51222848892212,-14,4,-13,16,9,28,22,3,-11,-2,-26,-22,-18,-1,sil
15.52802324295044,-11,-11,-14,-3,-4,17,13,-2,0,-3,-28,-27,-20,-2,sil
15.52802324295044,0,-14,-7,-11,-2,7,18,-1,35,9,-13,-12,-3,5,sil
15.543066501617432,10,-4,7,0,3,-5,17,5,37,14,-6,7,8,13,sil
15.558427810668944,11,0,-1,3,4,-17,2,1,18,13,1,8,10,11,sil
15.558427810668944,15,-2,-2,-3,0,-17,-8,-2,13,17,22,14,23,13,sil
15.558427810668944,19,0,12,-11,-1,-12,-15,0,11,17,38,34,31,17,sil
15.575087308883669,10,4,0,-5,5,-10,-19,0,-2,0,28,21,13,3,sil
15.575087308883669,0,15,1,8,15,4,-9,2,-8,-10,10,0,-2,-9,sil
15.5911762714386,-2,12,4,20,11,14,10,4,0,1,9,0,-1,-5,sil
15.5911762714386,-4,1,0,21,2,11,23,5,1,12,4,-6,2,3,sil
15.60535454750061,-6,0,6,16,0,13,30,6,-3,16,-3,-14,5,12,sil
15.60535454750061,-14,-9,-4,2,-7,3,27,-5,-18,6,-12,-18,-4,2,sil
15.62081217765808,-28,-25,-17,-17,-25,-12,0,-18,-40,-23,-35,-24,-27,-23,sil
15.637474775314333,-30,-25,-19,-19,-26,-5,-19,-9,-25,-19,-38,-21,-20,-23,sil
15.637474775314333,-5,-4,-6,-6,-10,3,-5,3,8,6,-9,0,4,6,sil
15.637474775314333,11,7,9,-3,-1,-3,1,1,16,0,4,19,9,14,sil
15.65355372428894,5,0,-1,-11,-4,-11,-11,-1,18,-9,5,19,7,0,thankyou
15.668203592300417,7,0,5,-12,-4,-9,-18,7,21,-1,6,15,10,0,thankyou
15.668203592300417,24,16,15,-8,-1,-9,-12,7,6,-3,7,16,13,14,thankyou
15.68538212776184,25,7,4,-11,-5,-15,-8,-4,-3,-7,8,14,13,13,thankyou
15.686381340026855,13,-1,8,-11,-1,-7,-6,-5,-10,-2,11,12,4,-1,thankyou
15.686381340026855,2,7,4,5,10,3,-8,-4,-18,-5,9,0,-7,-17,thankyou
15.699472665786743,-9,8,0,4,7,-6,-24,-3,-26,-28,-5,-13,-21,-29,thankyou
15.715060949325562,-16,-1,-2,-12,-2,-14,-29,0,-15,-28,-14,-13,-19,-23,thankyou
15.715060949325562,-3,0,-4,-15,0,1,-9,4,3,-1,-5,-4,0,-2,thankyou
15.730200052261353,2,3,0,-7,2,12,3,10,7,8,0,-2,3,0,thankyou
15.730200052261353,-8,-2,-11,0,1,0,5,5,3,-1,-2,-16,-10,-10,thankyou
15.7453453540802,-10,-4,-7,3,8,0,10,0,11,6,-2,-21,-6,0,thankyou
15.7453453540802,-1,-1,1,11,10,15,19,2,17,22,0,-8,6,11,thankyou
15.760504484176636,0,-7,-6,12,9,19,22,2,5,21,2,-3,3,9,thankyou
15.760504484176636,-5,-12,-1,2,13,13,16,-3,0,17,0,-3,-5,7,thankyou
15.77647852897644,-7,-2,-5,2,13,12,13,-7,1,5,-4,-6,-12,-2,thankyou
15.77647852897644,-6,5,-2,15,8,16,14,-3,-6,-8,-9,-6,-14,-9,thankyou
15.792402267456056,-7,0,10,21,0,11,11,5,-12,1,0,4,0,4,thankyou
15.792402267456056,-5,-3,6,15,-9,-4,0,2,-7,16,8,13,7,11,thankyou
15.807476043701172,4,1,10,10,-3,-5,1,-2,0,12,10,17,4,9,thankyou
15.807476043701172,14,0,5,10,0,7,12,-3,10,14,13,16,15,15,thankyou
15.823151350021362,12,0,0,13,-8,5,11,0,13,11,4,10,16,13,thankyou
15.823151350021362,10,4,3,13,-7,-3,8,0,4,-9,-9,0,0,6,thankyou
15.83901596069336,15,0,-5,5,-3,0,6,1,9,-9,-4,0,2,8,thankyou
15.83901596069336,13,-1,4,-4,-11,-1,-4,5,21,4,8,12,12,7,thankyou
15.854583263397217,0,2,-1,-1,-5,-11,-15,0,20,8,9,11,8,3,thankyou
15.854583263397217,-3,0,-13,-8,3,-16,-16,-1,1,-2,-3,-5,2,3,thankyou
15.870237827301024,0,0,1,-22,-8,-18,-17,2,-10,-16,-9,-1,2,2,thankyou
15.870237827301024,-2,4,1,-19,-13,-20,-17,-6,-11,-22,0,5,0,-1,thankyou
15.885637044906616,-13,0,-9,-26,-1,-9,-19,-10,-16,-20,0,-8,-8,-18,thankyou
15.885637044906616,-15,-6,-17,-33,0,0,-19,-2,-17,-17,-3,-21,-6,-31,thankyou
15.90226411819458,-5,-1,-2,-17,-10,-9,-16,-1,-17,-22,-1,-3,-1,-16,thankyou
15.90226411819458,10,13,16,-1,-10,-14,-11,-1,-16,-16,5,18,0,1,thankyou
15.917316675186155,18,15,7,2,1,-1,-2,6,-3,10,17,15,6,2,thankyou
15.917316675186155,14,10,13,11,14,9,0,6,5,20,20,8,5,2,thankyou
15.933526515960692,8,14,15,18,18,6,-2,0,11,2,14,6,2,0,thankyou
15.933912754058838,4,6,2,6,10,0,1,0,15,-2,1,-3,0,-7,thankyou
15.949042797088625,-6,-10,-3,-10,2,6,9,1,-2,-7,-22,-21,-24,-10,thankyou
15.949042797088625,-15,-17,-11,-5,2,14,13,1,-16,-13,-30,-28,-35,-14,thankyou
15.964295148849487,-11,-7,0,7,3,14,14,3,-3,-1,-11,-13,-12,-14,thankyou
15.964295148849487,-13,-6,-3,4,5,12,11,0,1,10,-5,-5,-2,-8,thankyou
15.979897260665894,-15,-8,-14,4,11,10,7,0,-4,10,-10,-9,-4,1,thankyou
15.979897260665894,0,-3,0,15,9,9,12,6,-3,17,-1,1,11,18,thankyou
15.995056867599487,2,-7,-2,16,4,12,20,2,-1,27,5,10,20,21,thankyou
15.995056867599487,-7,-11,-2,14,8,14,20,1,2,26,2,4,9,9,thankyou
16.010215044021606,-3,-2,5,16,6,10,18,4,14,27,0,-6,6,3,thankyou
16.010215044021606,0,-3,-3,5,-9,-2,11,-2,11,18,-10,-17,5,4,thankyou
16.02570915222168,0,-5,-2,-3,-17,-11,0,-10,6,0,-12,-6,0,8,thankyou
16.02570915222168,1,0,-6,-9,-10,-13,-11,-9,8,-12,2,10,0,6,thankyou
16.041391372680664,-5,-8,-12,-31,-16,-18,-21,-4,0,-27,2,3,0,-6,thankyou
16.041391372680664,-13,-11,-4,-25,-18,-19,-16,-1,2,-21,-7,-9,1,-8,thankyou
16.064643144607544,3,6,6,5,-2,-12,-8,0,15,3,5,4,12,7,thankyou
16.064643144607544,24,14,15,1,-2,-10,-19,-1,8,4,29,29,14,11,thankyou
16.064643144607544,22,0,4,-15,-17,-12,-23,-4,3,-7,28,28,9,5,thankyou
16.072160243988037,13,0,1,-11,-14,-6,-10,-7,-1,-15,4,13,0,1,thankyou
16.087440729141235,1,8,3,-10,0,6,-9,-1,-20,-30,-5,1,-17,-8,thankyou
16.087440729141235,0,13,-5,-6,4,11,-10,3,-18,-25,0,-3,-19,-15,thankyou
16.10299825668335,10,24,10,10,7,6,1,7,1,4,8,11,0,-1,thankyou
16.103371381759644,9,26,10,18,18,4,14,8,10,17,11,20,5,5,thankyou
16.11807632446289,-2,8,3,14,22,8,15,10,-1,0,5,3,-5,0,thankyou
16.11807632446289,-3,4,10,21,19,9,8,5,-15,-14,-1,-9,-14,-1,thankyou
16.13501524925232,0,10,6,29,17,5,8,-3,-4,-8,-2,-15,-14,1,thankyou
16.149426221847534,0,5,7,26,10,8,13,0,0,7,-5,-12,-8,2,thankyou
16.149426221847534,2,-1,0,23,4,13,16,2,-12,23,-8,-11,0,3,thankyou
16.149426221847534,-10,-14,-13,6,1,5,9,-5,-19,14,-13,-21,-2,-4,thankyou
16.165284395217896,-29,-29,-16,-19,-5,-5,-2,-6,-12,-1,-19,-28,-9,-15,thankyou
16.165284395217896,-17,-24,-19,-18,-11,-10,-6,0,-2,5,-12,-19,-4,-5,thankyou
16.18074655532837,8,-10,0,-11,-15,-11,0,4,10,17,-2,-1,11,10,thankyou
16.18074655532837,3,-14,0,-25,-21,-14,-3,2,19,4,-9,1,20,3,thankyou
16.19685959815979,-10,-17,-14,-40,-24,-14,-19,-1,14,-9,-16,0,13,-6,thankyou
16.213448762893677,-2,0,-5,-33,-12,-7,-20,-3,11,-2,0,7,13,-3,sil
16.213448762893677,3,6,-2,-20,1,-3,-9,-5,10,2,23,15,19,-9,sil
16.213448762893677,0,9,7,-12,6,0,-10,-1,-3,-7,21,21,6,-10,sil
16.22805953025818,0,23,19,9,13,10,-4,3,-8,-11,8,22,-5,-3,sil
16.22805953025818,6,16,14,28,18,14,10,1,3,-1,7,9,-1,0,sil
16.24524188041687,0,-10,5,17,3,9,17,0,1,7,0,-1,-2,2,sil
16.24524188041687,-5,-15,-9,7,-9,6,22,0,-5,7,-10,-5,0,13,sil
16.25927472114563,3,-1,0,16,0,9,25,0,1,0,-11,-4,5,17,sil
16.25927472114563,18,2,2,20,10,14,20,0,13,5,-1,-3,2,20,sil
16.274742364883423,16,0,-8,12,7,8,11,2,22,30,4,-3,3,22,sil
16.274742364883423,1,0,0,-1,-1,-7,-1,1,19,24,3,0,8,12,sil
16.291370153427124,-1,-1,-5,-9,-5,-24,-17,-4,-1,-11,6,7,7,-3,sil
16.291370153427124,9,4,-4,-7,-9,-27,-29,0,-23,-29,12,15,0,-10,sil
16.307018756866455,7,10,5,-1,-17,-18,-34,3,-21,-21,12,13,-8,-9,sil
16.307018756866455,-10,2,-2,-5,-15,-11,-26,0,-12,-15,4,-1,-23,-16,sil
16.321099281311035,-16,1,2,-5,3,-4,-11,-1,-10,-11,-2,-9,-33,-23,sil
16.336995601654053,-10,6,1,5,14,4,-4,-2,-6,-3,-7,-17,-28,-18,sil
16.336995601654053,-10,3,-2,6,7,8,-4,0,-6,-9,-11,-20,-22,-10,sil
16.352063179016113,-12,3,1,2,9,14,8,6,-1,-12,-12,-11,-16,-7,sil
16.352063179016113,-9,3,0,9,15,17,25,3,-1,-1,-15,-13,-9,-5,sil
16.367748975753784,-6,-2,3,13,5,18,29,-3,-9,6,-21,-22,-10,-1,sil
16.367748975753784,-1,-8,0,4,1,22,31,0,6,19,-6,-9,3,8,sil
16.383368730545044,9,0,5,4,8,20,30,6,28,29,9,14,29,27,sil
16.383368730545044,15,0,10,5,5,4,12,2,17,16,6,17,36,32,sil
16.398504734039307,8,-13,-9,-20,-10,-13,-9,-4,4,5,2,5,31,15,sil
16.398504734039307,3,-15,-5,-38,-21,-21,-19,0,2,0,4,7,20,3,sil
16.414001941680908,0,-3,-2,-20,-12,-21,-22,-5,-13,-18,0,11,6,-3,sil
16.414001941680908,4,3,0,-8,0,-20,-23,-9,-23,-24,2,15,5,-6,sil
16.429757356643677,17,14,8,-8,1,-15,-14,3,-3,-2,26,28,18,5,sil
16.429757356643677,23,19,4,9,9,-9,-5,4,6,5,36,24,17,10,sil
16.44537353515625,7,11,10,20,13,0,-6,0,-11,-9,7,5,-2,-2,sil
16.44537353515625,-11,1,-1,16,0,13,6,0,-12,-7,-19,-16,-17,-16,sil
16.461048126220703,-21,-8,-21,3,-12,21,18,-3,5,10,-25,-29,-23,-18,sil
16.461048126220703,-21,-15,-15,-6,-5,19,7,-1,17,22,-15,-21,-17,-10,sil
16.476195096969604,-10,-11,-7,-1,0,9,1,5,22,20,-1,-6,0,-1,sil
16.476195096969604,0,-6,-1,0,-6,-4,2,5,24,8,0,1,9,0,sil
16.492292881011963,0,-3,0,-11,-6,-18,-5,1,16,5,6,6,2,-2,sil
16.492292881011963,1,6,9,-7,-1,-20,-10,0,-2,-5,18,11,-4,-6,sil
16.507473945617676,2,10,19,5,-2,-6,-9,-4,-19,-26,8,11,-8,-8,sil
16.507473945617676,-3,0,-2,15,2,6,-6,-6,-21,-17,-9,0,-14,-5,sil
16.5231192111969,-10,-1,-1,23,9,7,5,0,-18,0,-14,-14,-22,-3,sil
16.5231192111969,-6,0,6,15,2,7,17,2,-11,0,-10,-18,-14,-1,sil
16.538458824157715,7,-3,0,-1,0,9,15,1,2,10,-2,-7,5,13,sil
16.538458824157715,15,0,5,0,4,11,18,6,13,27,0,2,16,25,sil
16.554595232009888,3,0,-4,-2,-1,7,18,0,12,13,-7,-5,13,15,sil
16.554595232009888,0,-13,-4,-20,-12,-8,-3,-3,3,-9,-9,-5,9,5,sil
16.570493459701538,11,-7,1,-22,-2,-22,-26,0,0,-8,3,11,13,6,sil
16.570493459701538,10,7,0,-4,3,-23,-25,-1,-2,-3,16,16,14,4,sil
16.586058378219604,0,10,8,1,0,-13,-15,-5,-4,-9,15,10,0,-4,sil
16.586058378219604,-10,8,-2,0,8,-1,-2,0,5,-7,10,-1,-10,-14,sil
16.601442575454712,-13,10,-7,-1,15,13,1,5,7,-3,7,-6,-7,-16,sil
16.601442575454712,-7,11,-3,6,8,26,0,2,1,-2,1,2,-6,-6,sil
16.617401838302612,-3,4,-6,16,8,18,2,1,1,0,-6,1,-9,1,sil
16.617401838302612,-4,0,2,15,8,4,8,2,-3,-1,-10,-3,-8,4,sil
16.632940769195557,1,1,1,9,0,6,12,0,-10,-3,-7,-1,0,8,sil
16.632940769195557,8,0,0,0,-5,7,12,-2,3,7,-5,0,8,13,sil
16.64881443977356,-1,-15,0,-11,-9,-1,10,-5,18,15,-6,-3,7,5,sil
16.64881443977356,-11,-18,-12,-17,-13,-8,3,-5,6,2,-7,-5,-3,-6,sil
16.664458751678467,0,-4,-2,-20,-14,-4,-3,2,-7,-13,-4,0,-2,-3,sil
16.664458751678467,13,0,4,-16,-15,-14,-8,-1,-14,-23,2,1,0,-3,sil
16.67996907234192,11,0,6,-5,-11,-27,-16,-11,-38,-33,3,5,-15,-18,sil
16.67996907234192,7,10,8,10,4,-13,-18,-1,-49,-19,7,8,-14,-18,sil
16.69539213180542,7,17,3,31,18,12,-3,6,-20,13,12,0,5,0,sil
16.69539213180542,-1,6,11,34,17,21,9,0,0,26,2,-5,6,6,sil
16.711429595947266,-7,-9,0,17,6,14,8,-2,4,23,-3,-5,0,2,sil
16.711429595947266,0,-14,-11,1,-5,6,7,3,25,26,0,0,7,10,sil
16.727346181869507,0,-5,-6,-13,-9,-2,8,4,45,28,5,8,18,17,sil
16.727346181869507,-8,-12,-13,-34,-6,-19,-2,-1,33,9,1,1,17,2,sil
16.742655754089355,-5,-16,-3,-39,-10,-23,-17,1,6,-19,-4,-4,7,-9,sil
16.742655754089355,1,2,4,-17,-11,-7,-12,2,2,-13,3,5,4,-6,sil
16.7581946849823,4,15,5,0,0,3,-3,1,5,0,15,11,5,-3,sil
16.7581946849823,6,9,13,12,13,8,2,4,0,0,8,1,2,-2,sil
16.774315118789673,0,3,2,26,15,17,15,5,1,9,-3,-7,-2,5,sil
16.774315118789673,-6,0,-1,23,9,23,19,1,10,20,-9,-5,-6,12,sil
16.789727210998535,0,-1,0,12,9,17,12,0,19,14,-5,-1,0,13,sil
16.789727210998535,5,0,0,0,5,0,3,0,12,1,0,2,5,14,sil
16.805029153823853,-3,-1,0,-14,-9,-19,-7,0,-8,-17,0,8,-3,6,sil
16.805029153823853,-9,-3,-13,-20,-14,-23,-10,-3,-13,-29,-4,1,-9,-10,sil
16.820449113845825,-5,6,0,-9,-3,-12,-7,-2,-11,-20,-7,-3,-10,-20,sil
16.820449113845825,0,20,11,13,6,0,-9,0,-22,-12,3,0,-15,-15,sil
16.83612370491028,10,23,3,28,17,9,-7,-4,-17,-11,17,4,-17,-1,sil
16.83612370491028,8,13,7,23,17,13,1,-7,-6,-6,3,-1,-12,2,sil
16.852237701416016,-5,-4,-1,12,0,6,6,-9,-22,-1,-19,-17,-11,-10,sil
16.852237701416016,-13,-17,-9,-2,-15,1,4,-3,-35,-2,-22,-16,-17,-11,sil
16.867403030395508,-9,-17,-10,-14,-12,5,8,4,-8,4,-17,-5,-9,5,sil
16.867403030395508,-5,-20,-11,-16,-12,0,14,4,19,11,-19,-10,9,10,sil
16.883122205734253,-5,-21,-1,-26,-22,-9,4,3,15,-1,-17,-11,14,1,sil
16.883122205734253,-3,-11,-5,-32,-18,-14,-10,3,16,-7,-3,0,11,0,sil
16.898604154586792,8,3,2,-16,-5,-10,-11,5,18,4,9,11,13,0,sil
16.898604154586792,18,11,9,3,4,-1,0,0,7,6,20,15,18,-5,sil
16.913971662521362,8,4,-5,2,8,0,-1,0,0,-1,27,11,19,-4,sil
16.913971662521362,0,0,4,-9,4,-7,-13,4,1,3,22,7,11,6,sil
16.92909836769104,7,12,11,5,6,-4,-14,-2,0,15,24,10,6,9,sil
16.945000410079956,17,21,12,32,16,7,-3,-3,-1,12,28,18,6,3,sil
16.945000410079956,6,16,10,32,22,16,5,5,0,5,18,12,3,1,sil
16.945000410079956,-7,1,-3,16,17,16,5,-2,-4,-1,-3,-5,-1,6,sil
16.960072994232178,-13,-8,-3,7,2,13,1,-8,-18,-5,-24,-13,-11,2,sil
16.960072994232178,-16,-17,-8,0,-3,10,7,-1,-13,4,-27,-15,-15,-5,sil
16.975318670272827,-10,-15,-6,-4,0,6,20,3,14,20,-19,-14,-5,0,sil
16.991356134414673,0,-10,0,-9,-2,1,22,4,34,17,-16,-9,0,8,sil
16.991356134414673,-3,-12,-9,-16,-12,-6,5,0,27,4,-10,-9,-4,3,sil
17.00753402709961,2,-6,2,-13,-9,-10,-4,0,10,3,4,4,0,-1,sil
17.00753402709961,21,7,6,-1,1,-9,0,2,12,7,11,20,12,3,sil
17.022225618362427,26,17,6,0,2,-9,-1,3,15,-1,15,22,12,11,sil
17.022225618362427,17,20,17,2,0,-9,-9,0,3,-14,26,28,9,9,sil
17.03737783432007,10,14,7,5,0,-11,-10,-2,-12,-12,23,23,7,-4,sil
17.03737783432007,-2,0,1,-7,-7,-15,-22,-3,-33,-21,0,0,-15,-21,sil
17.053422451019287,-21,-7,-8,-10,-19,-14,-30,-9,-45,-35,-14,-22,-37,-30,sil
17.053422451019287,-30,-11,-16,0,-21,-8,-17,-10,-41,-31,-29,-34,-34,-29,sil
17.068748712539673,-25,-8,-6,-1,-10,8,1,-3,-27,-19,-40,-31,-23,-20,sil
17.068748712539673,-14,-2,-8,-1,7,28,16,4,-14,-12,-23,-17,-16,-4,sil
17.084068298339844,-7,5,-2,16,13,24,16,9,-5,0,-5,-3,-2,5,sil
17.084068298339844,-4,10,0,26,8,9,10,6,8,21,-3,-6,12,6,sil
17.09921646118164,-1,5,-3,5,10,9,10,1,23,24,0,-8,14,15,sil
17.09921646118164,5,1,5,0,15,10,11,1,29,16,4,0,11,24,sil
17.114445447921753,13,1,2,12,7,-1,7,2,28,21,15,7,25,17,sil
17.114445447921753,16,-3,6,0,-1,-5,5,1,22,22,21,18,32,10,sil
17.130457639694214,9,-9,-4,-20,-1,-4,1,0,10,3,14,16,17,6,sil
17.130457639694214,7,-6,-13,-12,-2,-11,-5,-1,0,-12,6,7,1,-2,sil
17.14628005027771,15,2,15,-1,-5,-10,-4,1,0,-7,11,21,6,-2,sil
17.14628005027771,12,5,14,-2,-1,-8,-5,-2,9,6,23,30,15,7,sil
17.161473274230957,6,4,1,-1,0,-15,-13,-3,10,5,21,15,10,5,sil
17.161473274230957,2,3,-3,-1,0,-8,-9,1,1,4,9,0,0,-3,sil
17.17739748954773,-12,-4,-11,-8,0,7,-1,1,-7,1,-10,-17,-16,-11,sil
17.17739748954773,-25,-12,-5,-11,-3,5,-5,-2,-14,-14,-31,-33,-30,-19,sil
17.19260811805725,-17,-9,-8,0,-1,-1,0,-1,-9,-18,-30,-29,-25,-13,sil
17.19260811805725,-3,-6,-4,2,0,10,13,5,-7,-2,-20,-12,-12,0,sil
17.20826029777527,0,-9,0,3,-2,25,20,2,-4,9,-13,-9,-6,5,sil
17.20826029777527,1,-11,-2,5,-2,17,20,-3,6,14,-8,-10,-1,5,sil
17.223981142044067,1,-6,5,-6,0,4,11,1,14,12,-4,6,6,12,sil
17.223981142044067,0,-4,-3,-16,-5,-6,-5,-1,3,7,0,13,13,7,sil
17.23958992958069,4,0,-3,-10,-10,-15,-20,-8,-12,-1,8,11,8,-2,sil
17.23958992958069,12,9,10,-3,3,-11,-18,-1,-8,-12,26,19,7,0,sil
17.255436420440674,14,21,9,-1,17,-6,-14,-1,-1,-13,29,20,10,1,sil
17.255436420440674,9,27,15,5,9,-14,-20,-4,-16,-13,6,9,-3,-8,sil
17.271015644073486,5,19,11,18,8,-14,-12,0,-21,-14,1,4,-6,-4,sil
17.271015644073486,6,15,8,26,16,-1,1,7,0,-4,21,8,5,5,sil
17.286458253860474,-4,18,9,20,9,3,-1,0,-2,-1,13,-1,-7,-8,sil
17.286458253860474,-24,1,-8,13,-3,1,-8,-6,-30,-11,-25,-26,-33,-27,sil
17.302595615386963,-20,-15,-7,19,-5,13,5,0,-28,-7,-35,-26,-23,-12,sil
17.302595615386963,-6,-10,-4,24,-1,27,24,6,6,14,-4,-5,1,12,sil
17.318231105804443,-7,-7,-7,7,-3,19,26,4,30,24,8,-1,9,13,sil
17.318231105804443,-10,-17,-4,-13,-11,3,18,5,32,19,-6,-12,3,2,sil
17.334219694137573,-7,-23,-12,-15,-12,0,10,5,32,14,-10,-14,6,0,thankyou
17.334219694137573,0,-13,0,-7,-3,2,11,3,31,2,0,7,14,6,thankyou
17.34927201271057,9,-1,0,-3,0,-4,11,0,26,-2,0,18,13,11,thankyou
17.34927201271057,17,-3,-6,-13,-14,-18,-1,-4,6,-5,-8,6,6,4,thankyou
17.364481449127197,17,-5,4,-23,-21,-15,-14,-9,-8,-7,-1,7,8,0,thankyou
17.364481449127197,19,3,5,-16,-9,-8,-14,-9,-4,-2,11,18,16,7,thankyou
17.380002737045288,24,10,6,-13,-1,-12,-24,-4,-11,-4,15,23,11,10,thankyou
17.380002737045288,18,9,0,-10,3,-10,-26,-3,-21,-6,19,19,5,3,thankyou
17.39523410797119,1,9,-5,-3,11,-4,-10,0,-7,4,18,8,7,3,thankyou
17.39523410797119,-5,7,1,-6,7,-5,-2,5,2,4,4,-6,0,0,thankyou
17.41069459915161,-4,3,-6,-7,6,0,-2,1,-8,-5,-5,-16,-12,-16,thankyou
17.41069459915161,-8,5,-2,6,19,8,6,3,-12,-9,-8,-14,-13,-15,thankyou
17.427735805511475,-10,11,0,22,26,12,14,7,0,-7,0,-10,-7,0,thankyou
17.427735805511475,-12,4,-3,16,15,14,12,1,-1,-3,0,-15,-13,-1,thankyou
17.443116426467896,-27,-10,-1,-3,1,18,11,0,-11,4,-23,-24,-23,-16,thankyou
17.443116426467896,-36,-18,-13,-8,-4,13,15,4,-6,9,-32,-32,-21,-19,thankyou
17.458231925964355,-22,-15,-3,-1,-8,11,13,2,0,1,-20,-24,-19,-11,thankyou
17.458231925964355,-11,-13,1,-1,-9,11,9,-4,2,1,-18,-12,-13,0,thankyou
17.473413467407227,-9,-11,-13,-3,-5,0,7,-5,7,10,-14,-11,-4,3,thankyou
17.47408127784729,2,-1,3,2,-3,-9,1,0,6,11,0,3,3,5,thankyou
17.489114999771118,19,6,13,12,0,-9,-6,0,4,14,11,20,21,12,thankyou
17.489114999771118,24,5,11,7,0,-6,-17,-2,1,5,16,28,29,19,thankyou
17.504351139068604,22,4,11,1,-6,-7,-25,-4,-6,-17,24,31,21,15,thankyou
17.504351139068604,21,4,5,3,-10,-14,-25,-7,-7,-23,24,27,13,6,thankyou
17.520383834838867,17,6,11,1,-6,-18,-17,-3,2,-4,15,23,11,0,thankyou
17.520383834838867,3,8,3,0,-3,-12,-5,0,4,0,14,14,5,-7,thankyou
17.53702664375305,-3,7,0,1,-2,-7,-7,4,-1,-12,12,6,-6,-8,thankyou
17.53702664375305,8,9,10,3,3,-5,-12,7,4,-4,13,10,-4,1,thankyou
17.551090955734253,19,12,5,7,11,-2,-2,5,9,6,23,14,5,9,thankyou
17.56634283065796,6,8,0,16,7,4,9,2,-8,-3,15,4,-6,0,thankyou
17.56634283065796,-10,1,-7,20,1,8,11,0,-23,-13,-10,-13,-24,-12,thankyou
17.583158254623413,-11,2,-1,10,1,12,16,1,-17,-9,-25,-19,-20,-6,thankyou
17.583158254623413,-9,-3,0,-6,-4,20,26,2,-6,-1,-22,-14,-8,2,thankyou
17.598313808441162,-15,-20,-26,-14,-10,18,26,-3,0,7,-24,-23,-4,0,thankyou
17.598313808441162,-12,-17,-18,-9,0,14,20,-2,12,17,-29,-29,0,-2,thankyou
17.598313808441162,-4,0,-3,0,11,13,16,0,23,28,-12,-18,11,7,thankyou
17.61499810218811,0,1,-3,-3,8,5,3,1,25,29,0,-2,18,20,thankyou
17.61499810218811,4,-5,7,-7,0,0,-11,1,24,20,1,8,21,19,thankyou
17.63002347946167,9,-8,10,-1,0,1,-12,-1,29,19,11,11,26,11,thankyou
17.645237922668457,7,-5,7,-6,1,-1,-3,-3,15,8,8,10,15,3,thankyou
17.645237922668457,-3,-6,-11,-23,-1,-13,0,-1,0,-9,-10,-2,-3,-9,thankyou
17.66038417816162,-10,-15,-17,-40,-13,-21,0,1,-4,-24,-10,-12,-13,-18,thankyou
17.66038417816162,-5,-12,1,-36,-20,-16,-1,4,-10,-32,0,2,-14,-12,thankyou
17.675992488861084,0,2,0,-12,-8,-10,-2,0,-19,-30,-4,13,-13,-13,thankyou
17.675992488861084,-1,11,1,0,2,-10,-8,-3,-18,-14,4,8,-6,-18,thankyou
17.692267894744873,-6,13,2,5,8,-9,-10,0,-2,0,26,3,1,-12,thankyou
17.692267894744873,-6,12,0,17,12,0,-12,0,-2,0,15,0,-6,-10,thankyou
17.707220554351807,-4,7,6,18,2,1,-23,-1,-26,-10,-3,-4,-19,-13,thankyou
17.707220554351807,0,6,0,14,-3,-4,-25,-6,-31,-9,3,-7,-9,-7,thankyou
17.7227783203125,3,14,8,27,7,1,-17,-4,-18,-7,2,-9,-7,0,thankyou
17.7227783203125,0,15,8,35,11,7,-14,-2,-24,-15,-16,-16,-20,-4,thankyou
17.74142837524414,-5,4,-3,27,3,7,-6,-3,-29,-7,-16,-13,-12,0,thankyou
17.74142837524414,1,-2,9,18,4,10,9,-1,-9,15,0,3,9,17,thankyou
17.753457069396973,9,-5,4,12,3,8,22,3,13,26,4,12,16,24,thankyou
17.753457069396973,12,-5,3,7,0,5,32,12,26,24,7,13,17,27,thankyou
17.768980741500854,18,-1,12,5,4,15,40,12,39,34,14,15,24,34,thankyou
17.768980741500854,14,-4,0,-9,0,8,31,5,38,33,9,8,20,22,thankyou
17.785026788711548,0,-14,-12,-34,-19,-7,9,2,21,10,-2,2,9,1,thankyou
17.785026788711548,-6,-11,-19,-32,-14,-5,0,-1,18,6,0,3,8,-3,thankyou
17.801046133041382,1,0,-3,-20,-1,-2,0,-5,13,3,4,12,2,-1,thankyou
17.801046133041382,5,0,6,-16,-4,-5,-1,-3,-4,-21,0,13,-4,-8,thankyou
17.817130088806152,1,-1,-3,-11,-3,-7,-10,-2,-14,-31,0,4,-1,-14,thankyou
17.817130088806152,3,5,4,-2,8,-1,-17,-1,-6,-15,7,5,-1,-7,thankyou
17.833004236221313,8,12,4,2,12,9,-10,0,3,-11,10,7,-3,-3,thankyou
17.833004236221313,-1,4,1,-2,1,5,-10,-1,-1,-21,-1,-6,-9,-15,thankyou
17.848023653030396,-22,-9,-4,-5,0,-5,-22,-3,-17,-26,-18,-25,-19,-23,sil
17.848023653030396,-27,-17,-15,3,1,-4,-19,-4,-16,-10,-16,-26,-16,-11,sil
17.863075494766235,-20,-12,-6,9,-3,4,6,5,5,21,-7,-13,0,0,sil
17.863075494766235,-16,-8,-9,2,-6,9,25,8,20,34,-13,-18,4,1,sil
17.87836480140686,-5,-9,-6,-2,-6,5,15,4,5,13,-19,-22,-3,3,sil
17.87836480140686,6,0,7,-4,-14,-7,-3,-1,-7,-9,-7,-1,-3,4,sil
17.893880128860474,4,10,-1,-2,-15,-23,-14,-3,-3,-13,0,7,4,2,sil
17.893880128860474,6,16,8,5,-4,-19,-10,0,-4,-9,3,8,9,0,sil
17.909140586853027,14,14,11,10,11,-6,0,-1,-10,0,22,17,8,-4,sil
17.909140586853027,9,11,0,6,15,1,3,-1,-11,0,24,17,0,-8,sil
17.924267292022705,8,23,12,21,13,6,6,4,-2,1,15,15,2,7,sil
17.924267292022705,20,29,18,40,21,8,22,1,2,19,23,15,15,23,sil
17.940316677093506,16,3,13,19,19,14,20,-3,-8,25,13,7,3,13,sil
17.940316677093506,1,-15,-2,1,5,20,10,-3,-8,19,-11,-5,-5,6,sil
17.956080675125122,0,-12,-8,1,0,15,9,0,14,21,-12,-6,4,19,sil
17.956080675125122,-4,-17,-6,-11,-6,3,3,1,13,12,-7,-5,1,9,sil
17.971424341201782,-21,-29,-22,-29,-18,-7,-8,-1,-7,-12,-23,-16,-14,-15,sil
17.971424341201782,-17,-23,-12,-31,-18,-13,-19,-2,-5,-23,-25,-13,-12,-16,sil
17.986997365951538,-1,-7,-3,-24,-11,-12,-23,0,6,-16,-1,-1,3,-7,sil
17.986997365951538,0,7,-7,-16,-6,-14,-27,1,1,-17,8,2,5,-11,sil
18.002092838287354,-9,15,1,-14,-3,-16,-30,0,-7,-29,0,0,-10,-19,sil
18.002092838287354,-10,6,0,-12,-4,-11,-19,0,-10,-27,0,-6,-18,-25,sil
18.01845145225525,-4,6,4,-2,-2,-3,-1,3,-11,-13,1,-3,-12,-21,sil
18.01845145225525,0,14,13,11,11,4,0,3,-10,-11,-3,-1,-10,-10,sil
18.03420400619507,0,9,9,29,18,11,2,-1,-2,-13,-8,-7,-13,-9,sil
18.03420400619507,0,3,8,35,10,20,22,-1,9,6,-5,-2,-5,-1,sil
18.04871821403504,2,-1,-4,18,5,17,32,0,21,34,1,5,7,22,sil
18.04871821403504,7,-9,-3,0,3,8,29,1,16,38,5,8,16,34,sil
18.074488162994385,13,-10,2,1,0,17,35,4,28,42,15,13,28,38,sil
18.074488162994385,19,-4,2,8,2,17,34,9,53,49,31,25,44,46,sil
18.074488162994385,23,1,11,3,0,-3,13,11,34,25,26,32,35,33,sil
18.08154797554016,14,3,-4,-11,-3,-14,-9,0,-10,-14,6,16,12,2,sil
18.09760856628418,2,-3,-10,-34,-6,-15,-29,-5,-26,-36,2,0,-1,-13,sil
18.09760856628418,-3,-4,0,-31,-8,-23,-37,-3,-27,-33,4,-3,-8,-17,sil
18.111247062683105,-9,4,-4,-3,-13,-22,-30,-12,-44,-31,-13,-15,-26,-23,sil
18.111247062683105,-19,9,1,7,-10,-5,-18,-12,-47,-32,-26,-27,-37,-26,sil
18.12727737426757,-16,4,2,13,3,4,0,0,-20,-6,-9,-18,-13,-11,sil
18.12727737426757,-3,-1,0,21,12,8,14,4,2,23,2,0,10,7,sil
18.143247842788696,-7,-5,-2,18,10,14,15,0,7,21,-2,-5,3,7,sil
18.143247842788696,-16,-6,-9,5,5,9,4,-4,11,8,-9,-26,-6,-5,sil
18.15843415260315,-2,-5,1,-10,-1,-4,-8,-1,17,9,-9,-13,0,-5,sil
18.174824476242065,9,-2,0,-17,-6,-19,-17,0,10,8,-1,14,10,-3,sil
18.174824476242065,3,1,0,-9,-10,-24,-25,-1,-13,-10,1,13,0,-12,sil
18.174824476242065,2,4,13,0,-11,-3,-21,-4,-21,-23,0,6,-15,-20,sil
18.190495491027832,2,2,1,3,-1,17,6,2,0,-4,0,0,-9,-14,sil
18.190495491027832,0,1,-4,6,6,25,31,13,13,7,-4,-8,-4,0,sil
18.206998109817505,1,0,-2,15,8,25,35,2,14,7,-7,-5,-1,11,sil
18.206998109817505,2,-2,-3,6,4,12,30,-2,21,13,-4,4,7,13,sil
18.22253656387329,-2,-4,-6,-22,-4,-4,12,6,21,7,-5,5,9,10,sil
18.23714017868042,1,0,-9,-24,-7,-9,-12,4,13,-7,7,8,6,6,sil
18.23714017868042,14,20,16,6,5,-9,-19,-1,1,-10,27,22,7,3,sil
18.23714017868042,4,28,14,23,17,-10,-7,2,-10,-15,17,11,0,0,sil
18.253294944763184,-14,2,-13,12,9,-1,-1,3,-21,-24,-14,-16,-21,-8,sil
18.26876783370972,-15,-21,-11,1,-1,10,1,-1,-17,-7,-26,-28,-25,-12,sil
18.26876783370972,-8,-23,-7,-5,-2,8,6,-6,-2,10,-16,-24,-10,-7,sil
18.26876783370972,-1,-10,3,-9,0,-2,2,-4,7,11,0,0,0,10,sil
18.28345561027527,12,-1,11,-3,0,-11,-6,-1,5,13,10,17,10,22,sil
18.299071073532104,13,-5,3,-11,-4,-15,-17,-2,-2,7,6,9,13,7,sil
18.299071073532104,3,0,3,-27,-9,-10,-18,-2,-4,-3,8,12,14,-5,sil
18.314239501953125,12,18,6,-5,0,-6,-8,-2,4,4,33,29,26,4,sil
18.314239501953125,24,28,22,33,11,-1,0,5,3,16,47,29,32,12,sil
18.329808235168457,6,13,16,31,9,10,5,8,-6,12,24,6,16,7,sil
18.329808235168457,-14,-7,-11,3,-2,16,17,1,-1,13,-6,-12,0,2,sil
18.34544897079468,-13,-12,-9,-1,-2,14,28,0,8,18,-13,-13,0,-1,sil
18.34544897079468,-13,-11,-11,1,5,11,25,0,6,10,-14,-16,-4,-9,sil
18.360483407974243,-21,-15,-10,-12,-4,5,2,-2,-3,-11,-33,-23,-16,-15,sil
18.360483407974243,-10,-15,-4,-17,-15,-4,-7,-6,0,-19,-33,-19,-10,-10,sil
18.37628817558289,4,-9,-10,-16,-7,-10,1,0,13,-10,-5,-8,4,0,sil
18.37628817558289,-1,-5,-8,-24,-5,-10,-6,2,4,-16,-7,-5,-1,-5,sil
18.39240264892578,-6,1,-10,-12,-9,-16,-28,-3,-17,-34,-15,-7,-14,-16,sil
18.39240264892578,13,16,5,12,-3,-23,-29,-5,-23,-34,7,6,-9,-4,sil
18.40852689743042,21,23,21,22,6,-9,-7,0,-12,-11,22,23,-1,8,sil
18.40852689743042,5,12,11,25,13,7,9,1,-11,8,1,12,-9,2,sil
18.4241271018982,-6,1,7,29,12,11,1,0,-18,4,-15,-5,-25,-3,sil
18.4241271018982,-15,-5,-10,17,2,11,-10,-3,-13,-8,-16,-16,-27,-5,sil
18.43927812576294,-13,-10,-13,-1,-3,12,0,-1,0,0,-10,-11,-18,0,sil
18.43927812576294,3,-4,3,-1,0,14,17,5,17,26,1,5,-8,13,sil
18.4544529914856,12,0,0,4,2,12,13,0,30,30,11,14,7,22,sil
18.4544529914856,10,-3,3,-8,-5,1,2,0,31,20,13,15,6,14,sil
18.470012426376343,10,-1,2,-18,-7,-4,0,6,25,18,22,19,-5,6,sil
18.470012426376343,9,8,3,-15,-1,-6,-6,8,16,12,31,18,22,3,sil
18.486026287078857,5,9,9,-15,2,-16,-13,0,1,-6,25,12,65,-4,sil
18.486026287078857,0,1,0,-11,0,-24,-12,-4,-11,-16,2,0,49,-15,sil
18.502272605896,-9,3,1,-6,-2,-5,-5,0,-13,-14,-17,-13,0,-17,sil
18.502272605896,-12,3,1,0,13,20,9,4,-1,4,-5,-16,-23,-6,sil
18.51773190498352,-4,0,1,17,27,24,27,5,4,15,8,-10,-21,4,sil
18.51773190498352,-3,0,0,30,17,14,26,0,-5,2,-8,-7,6,4,sil
18.532527446746823,-10,-4,-18,15,1,7,15,-7,-14,-3,-29,-16,30,-2,sil
18.532527446746823,-4,-13,-8,-8,-4,3,11,-6,-6,4,-23,-11,0,5,sil
18.548041582107544,6,-10,1,-9,-8,-4,7,0,7,6,-5,1,-22,14,sil
18.548041582107544,3,-9,-9,-12,-12,-14,-10,-2,0,-6,-4,1,-7,1,sil
18.56359839439392,-5,-8,-9,-25,-18,-18,-25,-3,-14,-22,-13,-4,-15,-9,sil
18.56359839439392,5,5,-2,-14,-17,-15,-17,0,-11,-28,0,4,-20,-3,sil
18.57927393913269,26,24,20,7,-5,-4,-8,2,-2,-19,26,22,13,2,sil
18.57927393913269,17,18,18,6,3,-1,-9,-1,-2,-3,20,11,27,-5,sil
18.594996452331543,-12,0,-6,-6,0,-7,-11,0,-15,-6,-4,-12,-13,-16,sil
18.594996452331543,-18,-2,-1,0,0,2,0,4,-22,-16,-11,-8,-39,-11,sil
18.61053466796875,-1,3,0,26,3,16,18,0,-1,5,-4,1,-14,3,sil
18.61053466796875,-1,-3,0,30,1,14,25,0,21,32,-6,-1,2,6,sil
18.62615394592285,-20,-13,-6,1,0,8,14,6,24,29,-2,-11,1,0,sil
18.62615394592285,-19,-14,-15,-20,-3,-5,0,3,20,21,7,-13,6,4,sil
18.64221692085266,1,-11,0,-18,-9,-17,-14,-1,11,5,9,3,9,11,sil
18.64221692085266,13,-4,4,-4,0,-7,-18,-4,9,-6,8,18,12,14,sil
18.657034635543823,18,6,8,-3,9,0,-13,-3,6,1,15,19,13,14,sil
18.657034635543823,12,7,3,-12,2,-12,-18,-1,-11,3,14,13,0,-2,sil
18.673288583755493,-7,-1,-9,-17,-11,-21,-29,-2,-23,-19,0,3,-10,-24,sil
18.673288583755493,-3,8,9,1,-1,-7,-21,0,-12,-23,-3,4,-3,-14,sil
18.68827247619629,21,21,19,30,19,7,-4,2,-3,-2,11,12,4,7,sil
18.68827247619629,17,14,11,31,19,12,1,2,-7,0,13,11,0,9,sil
18.704314470291138,-7,5,-1,15,12,19,12,2,-2,-7,-7,-4,-5,0,sil
18.704314470291138,-14,0,-15,9,18,29,28,1,2,1,-22,-26,-3,-7,sil
18.71946692466736,-9,0,-1,9,14,35,40,2,7,14,-16,-25,0,-6,sil
18.71946692466736,-10,1,0,11,0,28,46,3,15,21,-11,-16,1,2,sil
18.73550295829773,-11,-7,-10,2,-7,11,26,0,7,17,-24,-16,-1,6,sil
18.73550295829773,-7,-14,-6,-7,-12,3,5,0,-1,8,-23,-12,-5,0,sil
18.75107145309448,4,-5,-2,-6,-10,-1,10,-1,13,8,0,3,7,9,sil
18.75107145309448,20,0,11,-6,-8,-14,8,-1,23,9,16,20,24,25,sil
18.76622629165649,21,-7,5,-13,-9,-24,-12,0,9,0,13,20,22,14,sil
18.76622629165649,11,-6,-1,-13,-12,-27,-23,3,0,-9,3,14,7,-3,sil
18.781420946121216,5,-6,-1,-17,-14,-27,-19,0,1,-11,5,17,3,1,sil
18.781420946121216,0,-15,-11,-26,-17,-23,-18,-6,0,-12,14,11,5,0,sil
18.797504663467407,-2,-3,1,-19,-9,-15,-23,-3,-11,-17,13,6,-1,-16,sil
18.797504663467407,2,14,6,-5,2,-15,-22,-1,-18,-15,11,6,-6,-15,sil
18.814217805862427,-1,11,-6,-6,0,-15,-20,-5,-29,-27,4,-3,-15,-12,sil
18.814217805862427,-15,8,-3,-2,1,-6,-16,-1,-34,-35,-5,-14,-27,-19,sil
18.82925295829773,-17,9,-5,2,11,1,-6,1,-13,-8,0,-14,-19,-15,sil
18.82925295829773,-21,1,-2,-6,9,6,-4,1,-6,7,-8,-19,-14,-13,sil
18.844331979751587,-27,2,-1,1,8,17,0,1,-20,-9,-22,-24,-19,-15,sil
18.86040496826172,-14,7,-1,19,15,26,17,3,-13,-6,-9,-17,-11,-2,sil
18.86040496826172,-4,-2,-1,8,12,26,21,4,7,21,-7,-21,-5,-1,sil
18.8770694732666,-6,-9,-9,6,4,21,15,1,16,35,-17,-24,-4,-6,sil
18.8770694732666,8,4,8,27,7,21,21,-2,20,35,0,8,10,14,sil
18.8770694732666,23,8,18,23,10,19,23,-5,22,29,14,25,24,33,sil
18.89555621147156,18,-5,7,3,7,6,12,-4,18,17,2,10,18,20,sil
18.89555621147156,17,-8,7,1,-3,0,2,3,23,11,4,14,18,15,sil
18.9080617427826,14,-3,-3,3,-18,-3,-4,0,25,8,4,13,18,17,sil
18.9080617427826,0,-7,0,-3,-18,-6,0,0,16,0,-11,-2,3,8,sil
18.923106908798218,2,-12,2,-10,-5,-5,14,7,17,0,-8,2,2,5,sil
18.923106908798218,7,-16,-13,-19,-4,-11,7,6,15,-3,-1,8,7,7,sil
18.940147876739506,-3,-10,-5,-26,-11,-18,-18,2,-6,-24,-8,-2,-6,-5,sil
18.940147876739506,-5,4,3,-3,-5,-9,-19,4,-10,-14,3,2,-7,-15,sil
18.95543932914734,9,18,8,14,0,-7,-8,4,-5,-1,26,21,8,-3,sil
18.95543932914734,9,20,10,13,0,-21,-13,-2,-20,-19,27,23,10,0,sil
18.97045302391052,1,18,5,15,0,-25,-21,-9,-32,-22,24,19,1,-4,sil
18.97045302391052,11,21,20,21,-4,-15,-20,-5,-25,-5,27,30,0,0,sil
18.985986948013306,11,14,14,17,-4,-5,-13,-4,-23,-15,15,21,-7,-8,sil
18.98698830604553,-6,1,-2,10,5,0,-4,-3,-31,-32,-7,-5,-23,-20,sil
19.00250816345215,-12,-3,-7,12,10,6,10,1,-19,-12,-7,-7,-10,-4,sil
19.00250816345215,0,-5,-5,17,7,19,26,4,14,20,7,1,15,12,sil
19.019058227539062,1,-11,0,4,10,29,28,3,26,32,0,-9,15,11,sil
19.019058227539062,-9,-20,-14,-13,9,21,18,0,10,30,-19,-32,4,6,sil
19.034120321273804,-11,-18,-16,-20,0,10,5,-4,8,24,-22,-31,4,6,sil
19.034120321273804,-5,-6,-5,-28,-5,5,-2,-4,18,11,-17,-17,5,5,sil
19.05023074150085,-6,0,-19,-38,-2,-5,-9,-3,13,0,-14,-21,1,-1,sil
19.05023074150085,-7,3,-12,-34,0,-5,-10,3,0,0,-14,-22,-10,-14,sil
19.0663743019104,-7,7,-9,-31,6,7,-2,5,1,0,-19,-18,-26,-20,sil
19.0663743019104,-15,2,-12,-32,6,7,2,1,0,-11,-25,-25,-37,-17,sil
19.081340074539185,-22,0,-6,-8,5,5,8,0,-5,-21,-23,-33,-32,-13,thankyou
19.081340074539185,-27,-6,-12,10,7,9,11,4,-1,-8,-26,-36,-17,-12,thankyou
19.097028255462646,-26,-19,-6,-5,-2,0,0,4,3,3,-29,-23,-9,-7,thankyou
19.097028255462646,-1,-10,6,0,-11,-6,2,-3,14,9,-4,3,3,9,thankyou
19.11321592330933,31,4,14,18,-6,-2,8,0,26,14,23,26,19,20,thankyou
19.11321592330933,29,-1,17,7,-12,-10,-15,5,11,3,27,39,21,8,thankyou
19.130447149276733,16,-2,15,2,-19,-25,-30,-2,-8,-13,30,47,18,0,thankyou
19.130447149276733,25,19,34,25,-7,-19,-11,-4,-8,-7,37,52,17,6,thankyou
19.143983602523804,21,24,26,37,0,-9,-10,0,-21,-6,33,43,12,3,thankyou
19.15901041030884,5,14,3,21,-8,-12,-21,-4,-44,-32,25,29,2,-4,thankyou
19.15901041030884,5,13,12,17,-5,-8,-5,-2,-31,-34,21,25,0,-2,thankyou
19.15901041030884,8,9,9,32,9,0,11,2,-1,4,18,17,5,4,thankyou
19.174192428588867,6,3,1,28,8,5,12,6,5,24,16,13,12,17,thankyou
19.189366817474365,5,0,-5,7,-1,14,15,0,3,17,14,7,11,19,thankyou
19.189366817474365,-4,-8,-12,2,2,17,16,-4,4,5,-5,-15,0,3,thankyou
19.204418897628784,-19,-18,-11,0,8,12,13,-2,4,0,-28,-37,-12,-8,thankyou
19.204418897628784,-24,-19,-28,-14,2,11,17,0,12,13,-19,-36,-8,-6,thankyou
19.220059633255005,-11,-12,-20,-16,3,14,14,1,20,24,-11,-24,-2,0,thankyou
19.220059633255005,0,-7,-5,-10,10,6,-3,0,19,17,-22,-23,-1,6,thankyou
19.23611879348755,-2,-6,-8,-17,0,-8,-14,0,6,5,-20,-18,3,5,thankyou
19.23611879348755,1,1,7,-28,-8,-9,-10,0,-10,-8,-3,5,3,0,thankyou
19.25248885154724,11,7,9,-25,0,-1,0,0,-8,-27,3,11,-2,-7,thankyou
19.25248885154724,8,6,0,-21,8,-3,3,0,0,-27,-1,-1,-9,-16,thankyou
19.26761269569397,3,14,3,-8,8,-5,2,8,9,2,0,0,-2,-12,thankyou
19.26761269569397,11,22,10,16,13,0,-2,7,14,22,14,9,9,0,thankyou
19.28235936164856,5,12,9,24,13,4,-17,-1,7,11,13,7,6,2,thankyou
19.28235936164856,-12,0,-7,14,6,4,-22,-3,0,3,-2,-6,0,-2,thankyou
19.29840040206909,-11,-2,0,8,-4,1,-13,1,-1,8,-12,-8,2,0,thankyou
19.29840040206909,0,0,6,13,-10,2,7,0,-1,6,-10,-2,4,5,thankyou
19.31403017044068,-1,-5,-12,6,-6,9,25,-4,-1,4,-7,-6,0,6,thankyou
19.31403017044068,-3,-10,-3,-4,-4,9,26,1,1,9,-4,-5,0,12,thankyou
19.329291343688965,-7,-14,-2,-6,-12,-4,17,-4,-11,-1,-16,-9,-10,5,thankyou
19.329291343688965,-18,-22,-19,-18,-16,-15,4,-14,-30,-34,-36,-23,-31,-10,thankyou
19.344805002212524,-10,-20,-13,-33,-9,-8,-2,-5,-14,-30,-17,-12,-21,-9,thankyou
19.344805002212524,9,-7,-1,-21,-4,-4,-7,2,23,7,18,11,6,2,thankyou
19.360499620437626,12,3,10,-5,-5,-13,-23,1,22,5,23,19,11,3,thankyou
19.360499620437626,4,2,3,-6,-7,-12,-28,0,-1,-14,21,18,8,0,thankyou
19.37639260292053,4,-2,2,-14,-8,-4,-16,1,-8,-13,22,14,1,-9,thankyou
19.37639260292053,3,2,11,-12,-3,-8,-17,0,-14,-8,7,7,-11,-21,thankyou
19.39208221435547,0,11,3,3,1,-9,-17,-1,-24,-10,1,2,-6,-21,thankyou
19.39208221435547,-4,20,11,14,3,2,0,0,-24,-16,9,7,-4,-13,thankyou
19.407245635986328,0,25,9,24,9,4,8,-1,-18,-18,11,9,-10,-7,thankyou
19.407245635986328,5,17,2,27,11,1,4,-3,-17,0,3,1,-1,2,thankyou
19.423142910003666,0,8,5,21,8,13,4,2,-9,14,0,-1,12,8,thankyou
19.423142910003666,-8,5,-2,24,17,18,11,1,10,11,4,-2,15,4,thankyou
19.43904137611389,0,0,3,32,15,16,19,4,27,22,7,3,12,16,thankyou
19.43904137611389,2,-10,4,24,0,21,25,9,31,39,0,0,11,23,thankyou
19.45463752746582,-3,-9,-8,8,3,16,21,6,31,31,-11,-9,11,9,thankyou
19.45463752746582,-3,-5,-6,-2,9,8,19,8,33,18,-8,-5,10,5,thankyou
19.47067356109619,-4,-22,-14,-22,-4,4,23,6,27,13,-6,-9,0,8,thankyou
19.47067356109619,-7,-31,-11,-37,-14,-1,13,-1,5,0,-24,-24,-13,0,thankyou
19.48649883270264,0,-7,-5,-18,-1,-4,0,-6,-1,-3,-25,-16,-7,-2,thankyou
19.48649883270264,14,9,0,2,1,-9,-3,-4,10,8,5,12,11,12,thankyou
19.5026376247406,20,4,17,-4,-8,-16,-7,-3,5,-1,17,20,7,16,thankyou
19.5026376247406,16,0,10,-17,-5,-17,-14,-3,-6,-17,0,0,-10,4,thankyou
19.518078088760376,13,5,4,-13,0,-15,-20,0,0,-10,0,3,-8,2,thankyou
19.518078088760376,18,14,5,0,1,-17,-24,-3,2,-4,20,22,5,8,thankyou
19.533419609069824,16,15,2,8,3,-17,-25,-5,-13,-15,20,19,9,-1,thankyou
19.533419609069824,3,16,7,6,1,-9,-23,0,-21,-25,6,10,5,-12,thankyou
21.40310215950012,-10,-5,-6,-19,-2,-12,-32,-3,-15,-18,0,-5,-15,-19,sil
21.40310215950012,-11,0,-11,-14,0,-10,-34,1,-22,-22,-1,-4,-12,-24,sil
21.418863773345947,-9,2,1,-13,2,0,-23,3,-15,-13,-4,-9,-17,-24,sil
21.418863773345947,-8,6,4,4,8,13,-1,0,-16,-12,-12,-19,-28,-16,sil
21.43431687355041,-7,8,2,28,13,20,14,-2,-15,-4,-19,-20,-21,-10,sil
21.43431687355041,-4,0,0,23,11,25,24,-2,1,15,-8,-7,0,-1,sil
21.449954509735107,-4,-8,-14,11,0,19,27,-1,20,36,6,0,15,9,sil
21.449954509735107,-4,-9,-4,2,-14,-2,14,0,14,20,-5,-3,13,11,sil
21.465022802352905,3,-9,2,-5,-14,-13,0,0,3,-11,-10,-2,12,13,sil
21.465022802352905,17,-5,2,-4,-2,-9,0,0,8,-11,10,13,14,16,sil
21.48110723495484,21,4,12,1,0,-4,6,5,23,13,22,27,15,21,sil
21.48110723495484,18,5,3,0,-2,-3,13,7,30,23,14,20,15,23,sil
21.497162342071533,14,4,0,-2,0,-8,1,3,15,6,6,12,11,10,sil
21.497162342071533,0,2,1,-2,-3,-15,-12,-2,-6,-13,3,5,3,-10,sil
21.51219058036804,-13,-7,-7,-16,-11,-15,-14,-4,-15,-20,0,-2,-6,-15,sil
21.51219058036804,-9,-3,-4,-22,-7,-6,0,3,-7,-8,3,0,-6,-5,sil
21.52726674079895,0,14,0,0,2,-6,8,6,-1,4,7,5,6,-1,sil
21.52726674079895,-2,10,7,10,0,-15,-7,0,-9,-5,0,1,-2,-3,sil
21.543486833572388,-6,0,0,2,0,-8,-22,-7,-22,-21,-9,-7,-21,-7,sil
21.543486833572388,-1,7,-6,3,11,0,-15,-6,-20,-16,-7,-13,-16,-11,sil
21.55901432037353,-1,13,11,7,6,-2,-14,-1,-12,-12,-3,-7,-6,-12,sil
21.55901432037353,-6,0,4,3,-2,0,-14,-5,-4,-8,-5,-8,-10,-15,sil
21.574589014053345,-6,-6,0,1,6,12,-4,0,-2,1,-7,-12,-9,-10,sil
21.574589014053345,-8,-2,-2,-2,9,15,-1,2,-6,3,-3,-8,-1,-1,sil
21.59060788154602,-9,-7,-9,-8,-1,8,0,-1,-9,-1,0,-7,2,3,sil
21.59060788154602,2,-6,7,-4,2,10,8,0,-2,7,3,2,9,11,sil
21.606205940246586,7,0,5,0,8,11,12,2,10,18,8,12,14,14,sil
21.606205940246586,5,0,-3,-2,-1,8,10,1,6,8,4,7,5,6,sil
21.621299743652344,15,0,0,2,-1,1,12,5,3,11,3,2,1,3,sil
21.621299743652344,23,4,9,12,7,-2,15,4,13,20,7,10,2,10,sil
21.636448860168457,6,-2,14,-2,-7,-1,9,-2,11,1,-1,9,-7,6,sil
21.636448860168457,-11,-13,-7,-14,-23,1,0,-7,0,-16,-6,-7,-7,-4,sil
21.652565240859985,-1,1,-8,5,-6,6,0,-1,0,-2,2,-1,5,0,sil
21.652565240859985,12,20,10,32,9,10,14,4,8,12,5,12,11,14,sil
21.66808843612671,6,5,0,23,6,9,19,3,17,17,4,5,9,17,sil
21.66808843612671,2,-7,-1,2,6,7,10,2,14,16,9,2,10,9,sil
21.68330836296081,4,-1,-4,1,10,-4,-1,1,3,5,6,3,8,3,sil
21.68330836296081,-3,1,-3,4,0,-15,-16,1,-6,-7,-2,0,1,0,sil
21.699262380599976,-9,-2,0,1,-2,-1,-17,-2,-10,-9,-1,-3,-2,-4,sil
21.699262380599976,-14,-6,-16,-7,0,0,-11,-8,-10,-13,-11,-16,-10,-18,sil
21.71446180343628,-29,-11,-17,-17,-9,-15,-14,0,-16,-25,-34,-28,-20,-29,sil
21.71446180343628,-32,-10,-16,-13,-9,-5,-10,5,-13,-17,-29,-22,-15,-23,sil
21.729989290237427,-11,-3,-9,-14,0,5,3,0,0,0,-11,-9,-6,-9,sil
21.729989290237427,2,-2,4,-21,0,0,7,-1,12,-1,-7,0,-1,0,sil
21.745099306106567,0,-6,0,-8,-1,0,0,0,10,-6,0,3,0,2,sil
21.745099306106567,4,-1,4,-2,-2,-6,-3,0,4,2,4,4,0,-1,sil
21.761137008666992,13,5,8,-9,-3,-14,0,2,12,15,11,8,7,-4,sil
21.761137008666992,13,3,9,-11,-3,-15,0,2,11,4,16,13,10,-1,sil
21.77736806869507,8,0,14,-7,-9,-14,-13,-2,-6,-10,12,14,-2,-1,sil
21.77836775779724,9,5,5,2,-10,-11,-11,-7,-10,-4,11,9,-5,-1,sil
21.79244351387024,18,13,12,15,2,2,0,-1,1,4,20,14,4,7,sil
21.79244351387024,20,17,16,22,15,12,3,3,3,7,24,17,9,15,sil
21.80841827392578,14,16,5,21,15,13,2,2,0,9,19,11,11,16,sil
21.80841827392578,7,12,7,19,10,16,3,1,-1,9,15,7,9,14,sil
21.8241126537323,-1,6,0,16,3,13,1,-2,-11,5,4,0,-1,8,sil
21.8241126537323,-10,0,-3,11,2,4,4,0,-24,-5,-9,-10,-15,9,sil
21.839215993881226,-13,-2,-7,7,4,4,4,1,-24,-13,-10,-16,-13,8,sil
21.839215993881226,-13,0,-11,6,-1,8,-1,-2,-16,-5,-11,-17,-5,0,sil
21.854999780654907,-13,-1,-3,1,-2,13,6,0,-3,4,-27,-17,-2,-3,sil
21.854999780654907,-11,-15,-15,-12,3,4,19,3,10,10,-37,-24,0,-1,sil
21.870784997940063,-5,-21,-12,-21,-1,-4,15,0,18,7,-28,-16,2,0,sil
21.870784997940063,-1,-16,-7,-20,-12,-2,3,-4,22,4,-15,-1,9,0,sil
21.886541604995728,-10,-24,-23,-34,-17,-9,-7,-6,8,-7,-15,-7,4,-16,sil
21.886541604995728,-12,-18,-9,-38,-14,-17,-14,-1,-13,-18,-7,-1,-3,-21,sil
21.903255701065063,15,10,12,1,4,-4,0,6,10,1,31,30,16,1,sil
21.90360403060913,34,21,24,24,16,0,2,8,34,16,51,41,29,11,sil
21.91740846633911,8,9,9,4,7,-12,-20,0,4,-6,25,16,-1,-13,sil
21.918407201766968,-13,0,-6,-7,-2,-13,-23,-4,-20,-23,1,-5,-29,-24,sil
21.93302345275879,-7,0,8,0,-5,-2,-8,-2,-13,-21,2,-4,-18,-11,sil
21.93302345275879,-2,6,10,10,-1,-5,-7,-6,-9,-25,0,-2,-8,-10,sil
21.94910979270935,-3,14,8,14,4,-4,-6,-1,-15,-15,-9,0,-14,-11,sil
21.94910979270935,9,18,11,21,14,12,12,8,2,15,0,7,-1,7,sil
21.9631826877594,24,15,8,30,21,20,26,6,34,37,23,17,25,32,sil
21.979698181152344,12,7,13,26,8,14,15,4,27,38,17,12,22,30,sil
21.98069715499878,-10,-1,-3,9,-7,9,-1,0,-6,24,-9,-12,0,4,sil
21.99387097358704,-10,-7,-15,-4,-3,7,0,-3,-10,6,-21,-22,-6,-5,sil
21.99387097358704,-4,-13,-7,-10,-1,8,12,-1,3,5,-17,-10,-4,2,sil
22.00901961326599,-13,-17,-13,-10,-13,0,11,2,0,10,-14,-11,0,2,sil
22.00901961326599,-12,-8,-4,-10,-16,-3,1,3,-4,2,-5,-9,5,2,sil
22.02509021759033,-1,-3,-9,-11,-6,1,-1,0,-1,-4,0,-3,-1,4,sil
22.02509021759033,-4,-6,-13,-13,-3,-1,0,-6,-12,-15,-10,-13,-15,-6,sil
22.041186094284058,-7,-5,2,-17,-6,-6,-2,-4,-16,-23,-11,-10,-9,-11,sil
22.041186094284058,-4,-8,-5,-19,-8,-9,-1,-1,-4,-22,-6,-4,-1,-6,sil
22.0566463470459,-2,-10,-11,-23,-9,-15,-9,0,-2,-19,-18,-10,-11,-8,sil
22.0566463470459,6,-3,-7,-9,0,-10,-12,-1,0,-6,-3,-4,-4,-1,sil
22.072454929351807,14,2,1,0,2,-7,-14,-3,2,2,22,17,14,7,sil
22.072454929351807,10,4,12,-6,0,-16,-20,-1,1,1,16,22,15,3,sil
22.093064785003666,9,12,10,1,5,-13,-12,0,0,0,13,17,9,3,sil
22.093064785003666,11,24,17,27,17,8,2,0,0,-3,25,27,8,2,sil
22.093064785003666,5,25,10,33,21,14,10,0,4,-3,18,22,3,-6,sil
22.10344099998474,3,16,3,15,16,7,5,5,1,1,0,3,-3,-7,sil
22.119053602218628,3,7,10,12,5,12,6,8,-8,-1,-4,-1,-2,0,sil
22.119053602218628,-5,0,0,23,1,12,13,0,0,6,-1,0,1,4,sil
22.134196996688843,-8,-9,-3,13,1,5,14,0,9,21,-6,-4,-5,7,sil
22.134196996688843,-2,-13,-6,-5,0,8,14,0,4,15,-15,-11,-9,3,sil
22.14960193634033,-5,-20,-17,-12,-5,3,9,-2,3,4,-8,-16,0,-2,sil
22.14960193634033,-12,-23,-5,-22,-14,-9,-6,-2,2,1,-4,-7,0,-7,sil
22.16423773765564,-6,-12,-5,-25,-15,-11,-10,-2,0,-2,-12,-1,-8,-12,sil
22.16423773765564,4,0,-3,-18,-8,-6,-5,3,5,-7,-5,3,0,-1,sil
22.17942190170288,7,0,3,-17,-3,-6,-9,6,14,1,16,12,15,13,sil
22.17942190170288,7,2,6,-14,-1,-8,-14,1,3,6,21,13,14,7,sil
22.195067167282104,9,14,13,0,2,-1,-9,0,-16,-5,10,8,2,-2,sil
22.195067167282104,4,17,7,9,7,2,3,0,-22,-12,3,-4,-6,-1,sil
22.21021008491516,3,13,11,12,9,3,12,-1,-16,-11,0,-8,-10,1,sil
22.21021008491516,0,17,12,24,12,8,11,-1,-9,-11,1,-11,-7,-3,sil
22.22549533843994,-14,9,-1,31,6,13,6,-2,-5,-5,-2,-28,-10,-12,sil
22.22549533843994,-15,-4,-1,22,0,13,9,-2,0,9,-15,-26,-16,-8,sil
22.242345809936523,0,0,-5,24,8,11,13,-1,14,20,-6,-1,-3,7,sil
22.242345809936523,2,-2,-3,22,4,1,0,-1,15,7,3,6,7,13,sil
22.256454706192017,-11,-21,-7,-5,-15,-8,-14,-1,0,-4,-8,-8,0,4,sil
22.256454706192017,-14,-24,-21,-22,-14,-6,-1,-1,2,7,-19,-13,0,-1,sil
22.27220749855041,-1,-11,-7,-11,-2,0,9,4,19,17,-9,1,10,0,sil
22.27220749855041,3,-15,-10,-16,-10,-4,-5,2,15,2,-1,5,6,1,sil
22.28749227523804,-2,-18,-16,-35,-22,-11,-20,0,2,-8,-6,2,-3,-1,sil
22.28749227523804,0,-3,-1,-22,-15,-2,-8,1,6,-1,-7,10,1,0,sil
22.303972482681274,5,0,-1,-6,-5,0,0,1,3,1,0,9,8,0,sil
22.303972482681274,3,-2,2,-9,0,-4,-6,0,-12,-6,7,11,0,-3,sil
22.318523168563843,7,8,4,-3,10,-1,0,0,-7,-5,17,25,5,2,sil
22.318523168563843,20,17,9,1,15,-1,10,-1,3,-3,19,29,14,12,sil
22.33628535270691,20,16,18,-1,5,-6,2,0,1,-2,19,22,10,11,sil
22.33728647232056,12,15,8,5,1,-5,0,3,3,9,24,19,10,11,sil
22.34938621520996,7,13,7,0,7,0,0,6,1,11,13,13,8,5,sil
22.36520910263061,0,3,1,-13,6,-3,-5,-1,-8,-2,-5,-4,-7,-11,sil
22.36520910263061,-9,1,-2,0,0,-10,-8,-6,-13,-13,-16,-20,-22,-16,sil
22.380781888961792,-14,12,4,18,5,0,-4,-3,-13,-14,-20,-29,-24,-10,sil
22.380781888961792,-16,9,-4,13,14,15,0,-3,-16,-11,-18,-35,-19,-13,sil
22.380781888961792,-14,-1,-2,0,13,10,3,-2,-18,-5,-8,-24,-14,-18,sil
22.396432161331177,-10,-5,-3,2,4,0,1,0,-18,-7,0,-12,-10,-17,sil
22.412299156188965,0,1,-2,16,-4,0,-1,-2,-17,-12,-3,-10,-7,-12,sil
22.412299156188965,9,7,13,21,-2,9,4,-1,-7,-5,-5,-1,0,-1,sil
22.427727222442627,9,0,4,16,0,10,8,2,2,1,3,4,6,6,sil
22.427727222442627,2,-11,0,10,-6,0,-2,1,0,0,5,3,5,7,sil
22.44305992126465,-1,-6,2,12,-10,-1,-8,-2,4,6,0,0,9,6,sil
22.44305992126465,-6,-6,-8,7,3,7,2,1,20,16,2,0,18,12,sil
22.458982706069943,-8,-14,-6,-1,10,9,16,11,23,9,3,8,11,19,sil
22.458982706069943,-5,-9,-6,5,0,6,20,4,22,14,3,10,5,18,sil
22.474385499954224,0,-1,2,9,-6,8,14,0,25,25,1,3,7,11,sil
22.474385499954224,1,-7,3,-6,-5,7,10,0,29,24,-5,-1,8,8,sil
22.49046301841736,0,-14,-9,-22,-12,-2,6,-4,26,16,-13,-3,3,5,sil
22.49046301841736,0,-11,-8,-32,-19,-10,-9,-5,7,1,-17,0,-1,0,sil
22.506325721740723,2,-8,-12,-32,-15,-17,-18,0,-1,-8,-3,6,0,3,sil
22.506325721740723,11,0,-4,-22,-10,-19,-11,5,1,-1,18,19,11,13,sil
22.521337747573853,4,-2,0,-22,-12,-19,-12,1,1,1,15,17,10,3,sil
22.521337747573853,-4,-9,-9,-31,-13,-23,-22,-5,-12,-13,1,0,-7,-24,sil
22.537429571151733,11,14,12,-11,1,-11,-9,-1,-16,-16,13,6,-15,-24,sil
22.537429571151733,23,40,21,20,20,2,11,1,-6,-1,31,22,0,-2,sil
22.55341029167176,7,25,9,12,16,-3,-3,-4,-9,-5,19,12,2,-3,sil
22.55341029167176,-2,10,5,4,7,-5,-20,-5,-24,-16,5,-4,-10,-18,sil
22.568976402282715,0,17,8,29,15,2,-11,0,-23,-12,0,-10,-16,-16,sil
22.568976402282715,-9,14,13,36,18,7,-4,4,-19,-13,-12,-15,-15,-9,sil
22.58507013320923,-15,0,-7,18,9,13,-1,0,-22,-28,-18,-24,-13,-4,sil
22.58507013320923,-7,-7,-17,7,6,13,9,-2,-19,-20,-18,-24,-11,2,sil
22.601162672042847,-7,-14,-4,-1,0,13,14,-1,-10,7,-22,-18,-7,1,sil
22.601162672042847,-9,-19,-8,-12,-8,15,14,1,0,16,-19,-15,0,-2,sil
22.61699342727661,0,-5,-1,-7,-5,14,20,0,11,9,-14,-2,6,7,sil
22.61699342727661,2,5,0,4,2,12,22,-2,18,20,-4,12,11,20,sil
22.632088899612427,-2,-1,-5,5,5,12,13,2,19,24,8,10,16,12,sil
22.632088899612427,-2,-5,-2,0,3,3,3,4,15,1,6,0,8,0,sil
22.64765954017639,0,0,-6,-1,-1,-11,-1,0,10,-2,-4,-4,0,2,sil
22.64765954017639,0,0,5,3,-7,-10,-7,4,2,1,-1,4,2,12,sil
22.66320252418518,-5,-2,7,10,-9,-6,-7,1,-1,-7,5,12,5,6,sil
22.66320252418518,-8,-3,1,5,-6,-9,-10,-6,-2,-15,1,6,-1,-6,sil
22.678712129592896,6,0,7,0,1,-4,-9,1,3,1,0,1,0,-6,sil
22.678712129592896,19,4,2,6,3,0,-1,6,8,13,6,6,5,0,sil
22.69476819038391,16,6,9,8,-1,-1,0,-2,4,4,11,14,2,2,sil
22.69476819038391,4,0,3,-3,-6,-1,-3,-3,5,5,16,9,2,0,sil
22.710492372512817,-4,-13,-13,-17,-7,1,0,1,10,17,6,-1,4,0,sil
22.710492372512817,0,-7,-3,-14,-1,5,4,2,12,16,-2,-1,1,2,sil
22.7255642414093,7,4,0,-1,7,3,6,-4,10,9,4,0,2,4,sil
22.7255642414093,0,0,0,-9,1,-3,1,-2,-2,3,1,-5,1,0,sil
22.741129875183105,-11,-5,-5,-25,-10,-5,0,3,-6,-2,-9,-14,-4,-5,sil
22.741129875183105,-10,-3,-10,-15,-5,-5,1,4,6,-2,-5,-15,-6,-6,sil
22.756325483322144,-3,0,1,-3,4,-8,-3,-1,1,-8,-1,-6,-7,-9,sil
22.756325483322144,0,2,-2,-8,2,-12,-9,-7,-11,-19,-10,-5,-13,-13,sil
22.77132558822632,2,7,2,-8,-7,-11,-9,-1,-15,-21,-19,-7,-15,-9,sil
22.77132558822632,1,4,9,2,-3,0,-2,2,-8,-9,-6,2,0,0,sil
22.78704833984375,-2,-8,-1,-2,5,4,1,1,-1,-1,12,9,11,8,sil
22.78704833984375,-3,-12,-1,-16,0,-1,-1,0,-7,-5,13,12,6,10,sil
22.80331301689148,0,1,0,3,1,-6,-3,-1,-10,-8,14,15,2,9,sil
22.80331301689148,8,16,12,30,10,0,-2,0,-5,-3,16,17,6,11,sil
22.818380117416385,5,13,13,25,5,5,-8,1,-3,1,9,9,3,3,sil
22.818380117416385,-3,2,-9,14,2,0,-10,-3,-6,-11,2,-1,-3,-10,sil
23.37928414344788,-7,-18,-7,-18,-10,-7,-3,0,-3,-5,-2,-1,-3,-8,sil
23.37928414344788,6,-10,-6,-10,-14,-8,-8,1,5,0,15,9,9,0,sil
23.39432048797608,15,4,12,0,-11,-6,-12,-1,10,1,23,22,13,5,sil
23.39432048797608,12,15,13,3,0,0,-3,0,2,0,28,21,9,2,sil
23.410016536712646,6,10,8,-5,9,-1,-3,5,2,-2,25,12,4,1,sil
23.410016536712646,1,7,8,-6,1,-13,-22,2,0,-10,14,8,3,-5,sil
23.425216674804688,0,9,3,0,-6,-25,-28,-6,-6,-13,8,4,3,-13,sil
23.425216674804688,-1,4,6,-8,-2,-21,-20,-1,-4,-7,5,3,-2,-12,sil
23.441258668899536,-6,0,-5,-19,1,-6,-14,3,-8,-9,0,-2,-9,-13,sil
23.441258668899536,-5,9,-1,1,5,3,-9,0,-21,-14,-5,-7,-10,-10,sil
23.45643949508667,7,20,21,26,14,7,1,-1,-12,2,4,0,1,5,sil
23.45643949508667,21,15,17,24,19,11,13,3,12,28,21,13,20,22,sil
23.47254633903504,18,10,13,17,12,16,18,7,9,15,16,19,15,25,sil
23.47254633903504,1,8,-1,22,6,8,18,0,-10,-3,-2,4,-5,9,sil
23.488481998443604,-9,1,-9,19,2,4,15,-5,-14,0,-18,-13,-16,-7,sil
23.488481998443604,-9,-4,-5,6,0,11,14,-1,-10,-5,-22,-7,-13,-8,sil
23.504067182540894,-4,-9,-14,0,0,4,15,1,-8,-17,-15,-1,-8,0,sil
23.504067182540894,-6,-9,-6,-5,-1,0,13,1,-4,-1,-14,-10,-11,-3,sil
23.52015805244445,-15,-3,-7,-7,0,12,12,0,8,15,-20,-19,-14,-11,sil
23.52015805244445,-17,-6,-12,-9,-1,13,11,1,14,7,-15,-17,-10,-10,sil
23.536232471466064,-9,-16,-5,-18,-12,2,2,1,11,0,-3,-10,-2,-1,sil
23.536232471466064,-8,-20,-14,-20,-16,-1,-9,-4,11,2,0,-8,0,-1,sil
23.552255868911743,-10,-20,-9,-17,-4,-6,-12,-5,1,-2,-10,-6,-1,-4,sil
23.552255868911743,-11,-18,-4,-18,-3,-10,-9,-2,-3,-7,-10,-8,-1,-3,sil
23.56805920600891,-4,-9,-5,-12,-12,-12,-15,-2,0,-5,0,-9,0,0,sil
23.56805920600891,11,2,8,5,-5,-12,-18,2,5,4,8,0,7,9,sil
23.58409547805786,18,9,8,11,9,-7,-5,6,14,10,8,9,17,18,sil
23.58409547805786,11,12,9,-1,6,-2,2,0,12,0,5,10,15,11,sil
23.600103855133057,5,12,10,0,0,0,0,-2,0,-9,9,7,9,3,sil
23.600103855133057,9,9,9,8,3,0,-1,0,-4,-8,18,11,9,6,sil
23.616161823272705,15,10,13,8,9,0,1,0,-4,-7,15,16,8,9,sil
23.616161823272705,14,10,0,6,7,0,3,-3,-9,-1,6,4,0,0,sil
23.631181001663208,8,7,4,3,-1,-7,-6,-1,-7,4,5,0,-5,-11,sil
23.631181001663208,10,10,18,11,-1,-13,-12,0,0,5,16,21,0,-3,sil
23.646238088607788,17,19,14,27,8,-5,-1,1,3,7,19,29,6,4,sil
23.646238088607788,4,17,3,16,6,8,1,2,0,4,5,8,-2,-3,sil
23.66227149963379,-15,0,-13,-3,-2,2,-9,-2,-12,-2,-2,-12,-8,-12,sil
23.66227149963379,-13,-6,-4,1,-1,1,-4,0,-24,-7,-5,-10,-6,-6,sil
23.67793011665344,-8,-2,1,14,5,20,15,4,-18,1,-8,-2,-3,0,sil
23.67793011665344,-17,-12,-14,5,1,24,22,1,-1,11,-11,-12,0,2,sil
23.69308304786682,-16,-21,-15,-11,-7,11,19,1,8,17,-14,-19,0,4,sil
23.69308304786682,-15,-18,-22,-9,-6,3,17,3,16,19,-18,-19,1,1,sil
23.70911931991577,-15,-17,-14,-10,-7,-3,4,0,15,8,-17,-10,-5,0,sil
23.70911931991577,-5,-22,0,-27,-11,-4,-2,-1,16,0,-7,1,-4,6,sil
23.725074529647827,-2,-20,-8,-35,-13,-3,-3,-1,19,-3,-4,2,4,0,sil
23.725074529647827,-10,-7,-5,-30,-15,-11,-15,-1,5,-21,-15,-1,-1,-18,sil
23.74030423164368,2,1,0,-29,-3,-18,-13,0,0,-30,-8,1,-11,-12,sil
23.74030423164368,29,6,8,-30,11,-17,0,3,7,-11,14,16,0,5,sil
23.755463123321533,27,19,18,-5,5,-12,-10,0,4,-2,23,23,11,5,sil
23.755463123321533,5,30,6,31,0,-3,-21,-6,-7,-12,7,5,1,-4,sil
23.77112865447998,-2,28,11,43,14,9,-3,-1,-12,-12,0,-8,-6,-5,sil
23.77112865447998,5,23,14,31,15,11,9,1,-11,0,14,-4,0,3,sil
23.78637886047364,11,13,6,25,1,2,0,0,-22,-3,17,0,0,7,sil
23.78637886047364,0,0,-2,30,3,5,0,-1,-28,-11,1,-2,-5,0,sil
23.80241131782532,-5,-5,-4,23,14,14,11,0,-7,4,1,0,0,1,sil
23.80241131782532,-1,-2,12,8,7,16,3,-1,0,16,5,0,0,10,sil
23.81814932823181,-3,0,1,14,4,8,-6,-5,-6,14,-3,-7,-7,0,sil
23.81814932823181,1,0,-7,20,10,0,5,1,8,25,1,1,2,-1,sil
23.83328628540039,13,-3,5,1,5,-4,12,7,32,33,18,15,22,16,sil
23.83328628540039,-2,-14,-10,-18,-13,-16,-6,-3,18,9,6,-7,7,7,sil
23.849384546279907,-19,-13,-11,-28,-19,-12,-13,-9,-8,-13,-21,-23,-17,-12,sil
23.849384546279907,-13,-12,-3,-26,-4,5,7,-2,-7,-4,-29,-12,-12,-11,sil
23.865121126174927,-11,-22,-13,-21,-1,2,14,1,-4,2,-24,-10,-7,-10,sil
23.865121126174927,-12,-18,-8,-19,-14,-5,7,4,-6,-1,-18,-6,-9,-9,sil
23.88020634651184,0,0,0,-9,-11,2,13,6,8,2,-9,3,3,2,sil
23.88020634651184,4,0,9,-3,0,4,10,5,17,1,-3,6,7,5,sil
23.89627695083618,-5,-8,1,-11,-5,0,-1,0,5,-7,0,2,0,-3,sil
23.89627695083618,-7,-8,-12,-17,-11,-7,-6,-2,2,-8,-1,0,5,-1,sil
23.91236925125122,6,0,-1,-9,-3,-10,-6,2,15,-3,0,2,10,12,sil
23.91236925125122,19,10,4,8,4,-2,-5,1,19,4,19,14,11,21,sil
23.92802691459656,24,27,18,21,7,9,2,2,10,6,36,32,15,17,sil
23.92802691459656,18,27,16,15,8,5,2,3,6,-3,22,29,11,4,sil
23.9431540966034,0,7,-8,0,1,-10,-11,0,-3,-7,-3,-1,-3,-7,sil
23.9431540966034,-12,2,-6,-2,-4,-6,-20,-2,-22,-4,-9,-21,-12,-16,sil
23.95867228507996,-3,12,3,11,4,5,-6,-4,-11,-1,6,-13,0,-11,sil
23.95867228507996,8,11,8,9,9,-1,1,-6,0,-11,12,2,6,0,sil
23.974438190460205,-1,-1,-2,-9,0,-12,-9,-5,-22,-30,-2,1,-13,-3,sil
23.974438190460205,-11,-9,-10,-15,-1,-7,-12,0,-26,-28,-12,-9,-18,-15,sil
23.991094827651978,2,-3,12,2,8,4,1,2,2,7,5,2,4,-3,sil
23.991094827651978,10,0,8,17,11,4,4,-2,2,22,24,12,9,6,sil
24.006579399108887,0,1,1,17,6,-1,-8,-5,-24,-1,4,2,-9,-1,sil
24.021164894104004,-5,2,7,18,6,6,0,-1,-12,-1,-13,-2,-9,-1,sil
24.021164894104004,-2,-4,-3,11,4,17,19,0,12,20,0,1,1,2,sil
24.021164894104004,-7,-12,-8,-7,-2,13,12,0,4,14,1,-3,-1,0,sil
24.03628945350647,-13,-10,-11,-10,-10,-3,-4,4,-5,3,-16,-16,-6,-5,sil
24.05142974853516,-12,-6,-12,-2,-14,-10,-9,1,0,3,-19,-13,-3,-3,sil
24.05142974853516,-11,-4,-9,-3,-5,3,-2,0,5,1,-3,-1,4,0,sil
24.06692790985108,-6,-8,-11,-9,1,7,5,1,5,0,0,-4,6,5,sil
24.06692790985108,1,-4,9,-4,-4,-1,4,2,3,1,-4,-5,0,5,sil
24.08257746696472,7,9,11,14,0,0,2,1,9,7,0,0,0,7,sil
24.08257746696472,6,8,3,15,11,7,10,5,13,14,-1,1,0,10,sil
24.09808611869812,5,0,7,-2,3,6,14,6,10,5,-7,0,-1,10,sil
24.09808611869812,9,8,3,4,2,-2,11,4,15,8,4,1,4,10,sil
24.11437726020813,12,13,6,10,5,0,9,2,11,13,8,3,4,5,sil
24.11437726020813,3,-1,1,-7,-3,5,13,-5,0,-3,-5,-3,0,1,sil
24.13039612770081,0,-9,-3,-18,-13,-5,11,-4,-1,-19,-13,-6,0,3,sil
24.13039612770081,3,-7,-3,-18,-16,-18,-3,1,4,-12,-6,-1,0,-5,sil
24.147481679916385,-2,-12,-13,-23,-14,-17,-14,-6,0,-11,-4,-2,-4,-20,sil
24.147481679916385,0,-3,0,-13,-3,-2,-13,-8,1,-11,-3,8,-1,-9,sil
24.147481679916385,14,8,6,3,7,10,-7,1,12,0,12,23,9,4,sil
24.16409969329834,9,2,0,-4,5,0,-15,0,0,-6,17,12,5,-3,sil
24.16409969329834,-10,-5,1,-18,-4,-18,-27,-5,-18,-25,4,0,-10,-17,sil
24.17748665809632,-10,0,-8,-10,-2,-10,-22,0,-15,-18,10,7,-5,-12,sil
24.19303584098816,0,6,0,4,10,2,-9,3,-8,0,23,13,7,-1,sil
24.19303584098816,-10,3,0,12,14,4,-3,0,-7,15,12,-1,6,0,sil
24.208990573883057,-19,-1,-8,9,5,4,-1,0,-11,15,-5,-13,-4,-3,sil
24.208990573883057,-11,2,4,8,3,5,0,2,-23,-4,-6,-13,-11,-1,sil
24.2242751121521,-8,9,0,17,4,0,0,-2,-22,-7,0,-15,-8,-1,sil
24.2242751121521,0,11,3,22,3,4,4,0,-8,9,-1,-8,-3,2,sil
24.23958134651184,9,11,10,23,4,22,14,4,0,15,-2,2,2,12,sil
24.23958134651184,3,-1,-2,19,1,22,26,2,10,13,-3,-1,10,14,sil
24.25571060180664,0,-14,-1,1,-2,10,29,0,21,12,-12,-7,8,13,sil
24.25571060180664,6,-10,0,-11,-2,0,19,-2,21,11,-18,-4,0,15,sil
24.27139377593994,10,-2,4,-7,-9,-14,1,0,10,5,-11,7,0,14,sil
24.27139377593994,15,1,7,-4,-14,-26,-7,7,8,1,2,17,6,15,sil
24.28727674484253,14,1,-1,-9,-6,-22,-8,7,12,-4,8,12,6,5,sil
24.28727674484253,3,1,4,-11,0,0,-9,0,6,-12,5,13,0,-12,sil
24.303353548049927,3,3,4,-2,3,6,-4,-3,-3,-7,11,12,1,-14,sil
24.303353548049927,3,3,1,-2,0,-4,-8,-2,-16,-8,12,0,-2,-14,sil
24.318986892700195,-7,7,-5,1,0,-1,-16,-2,-21,-17,1,-7,-11,-23,sil
24.318986892700195,-12,5,-7,12,5,9,-10,-3,-12,-11,0,-7,-8,-14,sil
24.33500385284424,-14,-7,0,6,6,8,0,-1,2,1,0,-12,-3,-1,sil
24.33500385284424,-21,-21,-15,-8,0,6,0,-1,7,0,-9,-24,-9,-10,sil
24.35031199455261,-12,-13,-15,-6,-2,12,9,0,-4,-4,-24,-23,-15,-12,sil
24.35031199455261,4,0,3,5,0,18,23,3,-3,7,-17,-11,-7,4,sil
24.36562180519104,8,-6,-6,3,0,6,20,1,16,18,1,-4,7,15,sil
24.36562180519104,11,-8,-1,-5,0,-1,12,4,27,18,9,10,18,22,sil
24.38135838508606,18,3,4,0,4,0,7,5,26,20,11,25,24,28,sil
24.38135838508606,16,7,3,-3,0,-11,-5,0,18,6,16,25,20,17,sil
24.397406101226807,7,0,3,-20,-5,-22,-19,-3,1,-9,18,21,9,1,sil
24.397406101226807,5,5,2,-11,0,-20,-16,-2,-7,-1,14,14,5,-1,sil
24.41301441192627,0,17,20,2,6,-19,-14,-2,-16,0,5,4,0,-5,sil
24.41301441192627,-15,9,11,-4,-1,-13,-18,-6,-24,-18,-3,-5,-13,-18,sil
24.42843008041382,-23,-2,-9,-5,-10,0,-15,-4,-29,-20,-14,-15,-25,-25,sil
24.42843008041382,-15,2,1,10,0,10,-3,-1,-32,-12,-20,-18,-28,-22,sil
24.44443082809448,-11,3,4,15,8,14,8,0,-24,-13,-16,-16,-17,-11,sil
24.44443082809448,-18,-6,-3,0,-1,18,9,1,-3,-3,-15,-13,-6,-2,sil
24.460479736328125,-23,-9,-15,-4,-9,15,10,4,10,11,-19,-17,-5,0,sil
24.460479736328125,-5,-8,-8,0,-3,9,15,3,15,8,-12,-13,-1,4,sil
24.476086139678955,17,-3,8,1,2,10,19,4,20,2,1,2,12,13,sil
24.476086139678955,17,2,-7,0,5,4,15,3,28,15,7,6,22,17,sil
24.49119520187378,16,3,-6,3,3,-5,1,2,26,18,8,15,19,19,sil
24.49119520187378,30,-1,9,5,1,-8,-7,3,10,5,21,30,16,19,sil
24.50648856163025,25,-6,3,-11,-3,-12,-11,1,-1,-4,23,20,9,10,sil
24.50648856163025,3,-4,-2,-25,-16,-17,-17,-3,-6,-18,6,0,-1,-4,sil
24.522116661071777,0,2,-6,-5,-13,-15,-19,-7,-13,-24,3,1,-2,-15,sil
24.522116661071777,7,11,11,19,7,-3,-6,2,-11,-14,15,13,2,-9,sil
24.538044214248657,7,21,16,26,15,6,3,3,0,2,13,7,1,-1,sil
24.538044214248657,-4,21,1,21,7,0,-1,-5,-7,4,-1,-10,-9,-7,sil
24.55331420898437,-13,11,5,9,3,-1,-4,-1,-21,-2,-7,-13,-14,-13,sil
24.55331420898437,-16,-3,0,5,2,8,6,3,-11,1,0,-13,-6,-11,sil
24.568554878234863,-17,-13,-2,4,1,15,9,0,-7,8,-5,-17,-9,-9,sil
24.568554878234863,-14,-10,-5,3,6,14,12,-3,2,17,-16,-8,-8,0,sil
24.584165811538696,-5,-10,-11,3,7,9,21,-3,21,25,-11,2,5,12,sil
24.584165811538696,-6,-15,-1,-6,-3,5,11,0,11,16,-7,-1,2,11,sil
24.59927463531494,-13,-16,-6,-18,-10,-4,-1,1,-1,6,-10,-13,-6,3,sil
24.59927463531494,-3,-8,-10,-17,0,-13,0,0,8,7,-8,-6,0,4,sil
24.615296840667725,7,-6,-2,-8,6,-5,6,-1,15,4,4,6,10,10,sil
24.615296840667725,5,-6,0,-5,-3,0,1,-2,6,-3,14,6,12,8,sil
24.63024950027465,8,1,10,-5,-11,-4,-5,1,-1,-3,4,13,9,2,sil
24.63024950027465,14,6,2,-8,0,-6,-5,1,-4,-5,0,13,3,3,sil
24.64576029777527,12,1,-3,-19,0,-3,-11,-5,-7,-26,6,5,-3,1,sil
24.64576029777527,9,4,2,-15,-13,-9,-26,-2,-9,-38,-2,5,-8,-7,sil
24.661325693130493,12,13,1,7,-5,-9,-19,1,0,-18,-7,10,-2,-4,sil
24.661325693130493,21,18,19,15,7,4,6,2,13,6,25,21,14,13,sil
24.67699670791626,20,14,15,5,4,6,8,1,10,9,37,20,19,14,sil
24.67699670791626,1,9,1,3,0,-3,-7,3,-6,-6,-10,-4,-4,-6,sil
24.69236969947815,-11,12,8,18,7,0,0,2,-14,-12,-32,-18,-17,-16,sil
24.69236969947815,-16,7,-4,19,8,4,6,-1,-14,-5,-1,-16,-2,-14,sil
24.708299160003666,-26,-8,-16,-8,-2,0,-6,0,-15,-8,-11,-23,-8,-23,sil
24.708299160003666,-30,-14,-19,-17,-4,2,-2,2,-5,-1,-35,-29,-23,-25,sil
24.72340965270996,-20,-8,-12,0,1,7,4,1,-6,10,-14,-17,-15,-10,sil
24.739550590515137,-10,-2,0,6,0,6,0,0,-15,8,9,-5,0,0,sil
24.739550590515137,-3,0,-2,2,-3,5,7,1,1,13,7,-5,7,2,sil
24.739550590515137,-1,-5,0,6,0,8,14,1,17,20,1,-4,4,5,sil
24.75519847869873,-6,-13,-3,10,5,10,7,-4,14,16,5,-2,0,8,sil
24.75519847869873,0,-9,-3,3,14,7,11,-4,20,20,9,1,6,12,sil
24.771072387695312,8,-2,8,0,16,5,14,4,25,24,8,10,9,11,sil
24.771072387695312,0,-9,-1,-1,0,0,4,2,11,9,0,9,-1,7,sil
24.78657054901123,-3,-12,-4,-12,-21,-17,-2,-4,-3,-5,-7,5,0,8,sil
24.78657054901123,7,-6,-3,-14,-23,-24,-6,-2,-3,-7,-5,6,8,7,sil
24.80211424827576,23,1,0,-2,-7,-13,-9,1,5,-7,2,14,7,7,sil
24.817569971084595,25,9,14,-3,0,-5,-7,0,1,-15,10,27,7,12,sil
24.817569971084595,11,9,2,-15,-6,-15,-10,-7,-12,-24,12,20,8,6,sil
24.817569971084595,12,5,7,-13,-8,-11,-17,-6,-16,-21,12,14,3,3,sil
24.833261728286743,29,15,23,7,5,4,-4,-1,-6,-7,19,21,10,8,sil
24.833261728286743,23,21,13,18,12,5,6,2,-6,-2,20,15,13,-2,sil
24.84841537475586,2,10,14,11,6,4,1,8,-10,0,11,7,0,-11,sil
24.864802598953247,0,7,6,18,11,14,1,5,1,12,10,4,0,0,sil
24.864802598953247,0,13,0,25,15,11,3,0,0,7,1,-7,0,-5,sil
24.88071036338806,-13,7,-6,14,2,0,-1,0,-6,-2,-18,-27,-11,-19,sil
24.88071036338806,-26,-9,-20,-2,-8,1,5,3,2,2,-23,-30,-20,-11,sil
24.88071036338806,-25,-20,-17,-20,-6,4,12,4,5,1,-26,-27,-20,-7,sil
24.895629405975345,-26,-18,-18,-22,-1,3,8,-2,0,-4,-37,-37,-19,-18,sil
24.895629405975345,-22,-8,-8,-6,2,6,8,-3,9,2,-22,-24,-8,-6,sil
24.912171602249146,-7,-5,-4,-7,8,8,7,2,14,11,5,3,9,9,sil
24.926448106765747,-3,-13,-17,-26,1,-4,-4,0,-1,1,2,0,8,0,sil
24.926448106765747,-8,-9,-4,-15,-7,-19,-17,-6,-11,-7,-8,-11,-5,-6,sil
24.943070888519287,-3,1,0,10,-4,-14,-18,-3,-3,-2,0,-2,-3,-1,sil
24.943070888519287,6,3,0,12,0,-3,-13,-1,0,-3,4,5,3,1,sil
24.943070888519287,2,5,13,6,0,4,-3,-1,-4,-2,1,0,0,0,sil
24.958173274993896,-10,4,1,2,-5,7,1,0,-3,9,7,-2,0,0,sil
24.97509384155273,-2,3,2,-1,-3,8,2,5,3,6,12,9,4,8,sil
24.97509384155273,10,7,8,5,0,7,5,2,8,-7,4,19,4,12,sil
24.98920702934265,3,3,8,9,-1,3,0,-4,-2,-7,-6,11,1,2,sil
24.98920702934265,4,1,10,1,-4,3,-3,-5,-13,-2,2,13,3,0,sil
25.006694316864014,22,3,1,0,1,2,7,0,-1,0,18,19,9,11,sil
25.006694316864014,19,-1,4,2,0,0,14,5,7,3,8,15,9,8,sil
25.006694316864014,9,-3,6,6,1,-1,14,4,4,8,5,9,6,4,sil
25.02030062675476,21,3,6,7,8,0,10,1,0,3,10,8,2,10,sil
25.036052227020264,20,0,9,1,4,0,-1,5,1,1,0,5,0,5,sil
25.036052227020264,0,-9,-7,-1,-3,-9,-3,5,5,5,-3,-5,0,-4,sil
25.054193019866943,0,-2,-5,-3,-8,-7,0,0,11,4,-2,-5,-2,-4,sil
25.054193019866943,0,0,-4,-10,-7,1,1,-1,18,2,-5,-1,-3,-1,sil
25.054193019866943,-7,-2,-13,-12,-2,-2,2,0,11,5,0,-2,-4,0,sil
25.06794261932373,-11,5,-4,-1,0,-7,-2,-1,-3,3,3,-5,-8,0,sil
25.08327841758728,-5,10,0,18,5,1,-1,-6,-3,4,0,-10,0,0,sil
25.08378481864929,-5,0,5,16,8,4,0,-3,1,2,0,-4,9,-2,sil
25.099355459213257,-13,-12,-2,-11,-1,-8,-11,0,0,-5,4,0,7,-6,sil
25.099355459213257,-12,-12,-11,-22,-4,-17,-19,-2,0,-6,-1,-3,0,-9,sil
25.117412328720093,-5,-5,4,-11,3,-3,-5,0,0,0,-5,-2,0,-8,sil
25.117412328720093,-7,0,0,-4,4,11,2,0,-5,-2,-1,-4,3,-10,sil
25.117412328720093,-8,7,-3,-2,3,10,-5,-2,-17,-10,-2,-9,-3,-12,sil
25.131133556365967,-2,9,-1,-2,5,-1,-14,-3,-25,-11,0,-5,-9,-3,sil
25.13213562965393,2,0,-2,-4,0,-6,-10,0,-16,-5,7,0,0,0,sil
25.14626622200012,5,0,9,3,0,1,1,0,-7,-5,0,1,2,-5,sil
25.161417484283447,0,10,-1,8,1,2,8,-3,-3,-8,-7,-3,-7,-6,sil
25.161417484283447,-4,6,-7,0,-4,-8,0,-1,-7,-13,-7,-2,-12,0,sil
25.17721366882324,0,0,0,3,-4,-2,-7,4,-12,-10,-6,3,-11,5,sil
25.17721366882324,6,7,1,19,7,14,0,4,-9,-3,-7,1,-6,8,sil
25.192370176315308,7,10,12,15,6,18,13,4,2,7,0,2,4,13,sil
25.192370176315308,1,0,5,8,-2,10,15,6,15,19,5,0,6,12,sil
25.2080352306366,-2,-6,0,12,-3,4,8,5,16,14,-7,-6,-7,2,sil
25.2080352306366,-1,-1,3,11,0,4,15,1,10,5,-19,-13,-9,-4,sil
25.22399091720581,-4,-9,-5,-10,-4,1,20,-2,11,6,-14,-9,0,0,sil
25.22399091720581,-5,-18,-2,-30,-14,-5,4,0,16,2,-5,2,4,6,sil
25.23904180526733,3,-10,2,-16,-7,-9,-1,0,20,0,6,11,13,7,sil
25.23904180526733,15,4,8,0,2,-6,-2,-3,16,4,21,17,22,5,sil
25.25510096549988,9,1,7,0,0,-4,-6,-1,3,6,24,17,16,5,sil
25.25510096549988,-2,-8,-10,-1,-5,-8,-6,-1,-7,2,8,4,0,0,sil
25.270309925079346,-1,-2,-4,-2,0,-3,-4,-4,-9,0,-4,-4,-8,-5,sil
25.270309925079346,0,0,-5,-2,1,3,-3,-5,-2,-2,-1,-6,-4,-6,sil
25.28634786605835,-4,0,0,5,3,1,0,1,-1,-2,5,1,-2,-5,sil
25.28634786605835,11,15,19,19,14,5,3,6,-1,10,19,19,4,5,sil
25.302369117736816,29,22,10,29,21,12,8,3,4,25,25,22,17,16,sil
25.302369117736816,7,1,0,11,7,3,0,-3,-4,0,0,5,0,1,sil
25.3181049823761,-21,-8,-14,-13,-6,-5,-11,-8,-17,-25,-16,-11,-19,-18,sil
25.3181049823761,-17,-6,-21,-23,-9,-6,-14,-2,-13,-11,-11,-17,-9,-11,sil
25.334383487701416,-4,-9,-5,-17,-7,-2,-10,2,1,0,-12,-9,3,-2,sil
25.334383487701416,-3,0,0,-3,0,0,-2,2,9,-1,-7,-2,8,-2,sil
25.34951066970825,-1,9,5,6,1,0,-3,6,3,0,1,0,9,-1,sil
25.34951066970825,-5,-5,-4,-1,-7,-7,-7,3,-3,0,-3,-7,0,-3,sil
25.3651385307312,-7,-12,-14,-15,-8,-11,1,0,0,-1,-4,-8,-6,-3,sil
25.3651385307312,0,1,4,-11,-1,-3,9,4,7,2,4,-1,-3,0,sil
25.38025403022766,0,3,7,-5,-3,0,8,0,8,0,0,0,-4,0,sil
25.38025403022766,2,0,6,-7,0,0,7,-6,2,-2,-6,4,0,7,sil
25.39628958702088,14,7,6,4,4,-3,3,-1,-3,-4,2,12,8,12,sil
25.39628958702088,14,5,2,14,0,-10,-8,1,-9,-13,1,1,-3,0,sil
25.41242790222168,0,0,5,1,0,-3,-8,0,-13,-20,-4,-13,-14,-7,sil
25.41242790222168,-3,0,-2,-1,6,4,-4,-1,-6,-11,-2,-13,-3,-9,sil
25.428454637527462,3,-1,3,10,1,1,-8,0,-3,-5,-1,0,-4,-8,sil
25.428454637527462,3,-1,3,10,0,9,-2,-3,-1,0,1,7,-8,-1,sil
25.44406175613404,-6,1,-9,9,7,14,6,-2,2,8,10,0,0,-2,sil
25.44406175613404,-14,0,1,7,7,0,0,2,0,9,6,-1,0,-7,sil
25.4596586227417,-8,-5,0,-1,-1,0,0,1,0,9,2,1,1,3,sil
25.4596586227417,0,5,-1,0,-4,12,8,3,11,17,9,8,14,15,sil
25.475467920303345,7,10,12,22,6,10,14,8,14,31,19,17,21,16,sil
25.475467920303345,9,-3,9,15,13,1,14,1,-1,19,10,14,9,11,sil
25.490578651428223,0,-10,-1,-24,-8,-3,6,-4,-18,-19,-17,0,-11,0,sil
25.490578651428223,-17,-1,-12,-26,-21,-10,4,-6,-13,-27,-24,-12,-16,-13,sil
25.50623607635498,-13,11,-6,6,1,-4,10,-3,0,4,-11,-5,-7,-7,sil
25.50623607635498,-8,17,-1,14,18,6,7,1,3,13,-10,-2,-7,-1,sil
25.521291255950928,-17,-4,-13,-7,-5,-3,-10,-3,-7,-7,-19,-19,-13,-12,sil
25.521291255950928,-5,-28,1,-15,-17,-7,-20,-6,-9,-13,-16,-18,-9,-9,sil
25.53646755218506,12,-12,4,-2,1,3,-14,0,6,0,-9,-6,0,5,sil
25.53646755218506,5,10,-2,-7,-3,-2,-9,3,13,0,-12,-5,-1,8,sil
25.55211329460144,4,3,3,-11,-17,-8,-1,6,8,2,1,3,7,11,sil
25.55211329460144,27,-5,3,19,8,12,14,6,13,20,26,16,30,21,sil
25.567702770233154,32,6,11,31,24,24,17,6,14,12,23,17,28,18,sil
25.567702770233154,12,10,2,4,2,4,4,0,17,-4,14,15,9,9,sil
25.58315372467041,6,-5,-1,-6,0,-9,-3,-2,16,-5,15,11,0,7,sil
25.58315372467041,14,-14,7,1,7,0,-4,1,3,-1,2,-1,1,-1,sil
25.598345041275024,3,-4,-5,0,-3,2,-2,-2,-1,2,-3,-7,10,-7,sil
25.598345041275024,-11,10,-4,-2,-3,-7,-2,-1,3,8,9,9,8,0,sil
25.613980054855347,-10,8,0,-1,6,-11,-2,3,1,5,18,17,3,0,sil
25.613980054855347,-7,-7,-5,-8,-9,-8,-1,1,-11,-5,6,1,-3,-14,sil
25.629746913909912,-17,-12,-7,-22,-25,-11,-8,-4,-22,-10,-7,-9,-14,-25,sil
25.629746913909912,-18,-4,-12,-26,-9,-15,-13,-3,-16,-2,-1,-9,-8,-18,sil
25.645448207855225,-7,6,-4,-15,7,-5,-7,0,-7,0,12,-3,0,-5,sil
25.645448207855225,-10,4,-6,-2,4,0,1,-4,-14,-12,4,-7,-14,-10,sil
25.661049365997314,-9,-3,-4,-1,2,-10,0,-8,-15,-15,-11,-4,-23,-13,sil
25.661049365997314,4,0,15,3,8,-7,-5,0,-2,-6,-10,4,-6,1,sil
25.67641496658325,0,8,4,5,5,6,-7,3,0,-5,-9,-7,-4,2,sil
25.67641496658325,-7,7,0,0,0,7,0,3,0,-3,-14,-16,-13,-2,sil
25.69208526611328,13,11,16,14,7,8,11,3,9,5,-4,1,1,10,sil
25.69208526611328,18,12,12,30,7,11,12,0,8,3,0,8,19,15,sil
25.70883011817932,-2,3,0,9,-3,9,3,0,-4,-1,-12,-7,10,1,sil
25.70883011817932,-9,-1,-12,-3,0,6,4,3,0,-1,-15,-15,-4,-3,sil
25.72296571731568,0,-4,0,5,3,7,4,2,-3,-4,-5,-5,-12,0,sil
25.72296571731568,0,-8,4,7,-1,7,0,-6,-13,-3,-8,-2,-12,-2,sil
25.740063667297363,-3,-9,-11,-1,0,3,4,-7,-9,-1,-16,-9,-9,-6,sil
25.740063667297363,0,-8,0,-4,0,0,11,0,-2,-8,-7,3,-5,-1,sil
25.75617218017578,1,-8,6,1,-8,-1,7,1,-1,-5,7,13,2,8,sil
25.75617218017578,6,1,6,10,-5,0,1,0,5,7,12,12,10,13,sil
25.77077865600586,12,13,11,17,5,2,2,0,21,23,21,17,19,17,sil
25.786426544189453,18,4,7,15,1,0,2,2,21,23,26,18,18,22,sil
25.786426544189453,17,-5,6,3,-9,-3,-4,3,12,8,13,12,5,15,sil
25.786426544189453,4,0,-6,-1,-4,-3,-5,0,16,10,11,6,4,0,sil
25.80239033699036,-7,2,-5,0,1,0,0,0,17,16,14,7,9,-1,sil
25.80239033699036,-2,0,5,7,1,0,2,5,9,5,4,2,1,0,sil
25.81748580932617,8,0,-2,5,4,-4,-7,5,5,4,0,0,0,0,sil
25.833335638046265,0,2,-8,-12,2,-5,-17,0,0,8,4,2,8,0,sil
25.833335638046265,-18,-1,-18,-18,2,0,-12,-2,-8,-6,-3,-8,7,-9,sil
25.85027837753296,-17,-4,-15,-15,6,0,-5,0,-14,-15,-23,-25,-7,-15,sil
25.85027837753296,-6,-4,-9,-25,5,0,1,3,-11,1,-14,-13,-5,-7,sil
25.85027837753296,-6,-5,-10,-31,0,4,15,3,2,12,6,-4,7,0,sil
25.86463022232056,-5,-6,-1,-24,-8,0,11,0,0,-11,-9,-18,-1,-10,sil
25.86463022232056,-3,-10,-6,-25,-12,-8,0,-9,-16,-24,-34,-27,-18,-19,sil
25.881187438964844,-7,-11,-8,-26,-3,-4,0,-10,-17,-9,-16,-14,-14,-12,sil
25.881187438964844,-12,-5,4,-13,4,1,0,-4,-10,-4,9,0,-4,-6,sil
25.8967068195343,-9,-3,1,-1,-1,-3,-4,0,-7,-11,8,2,-4,-10,sil
25.91307663917541,4,-2,8,-4,-7,-3,-4,3,7,-6,3,11,-4,-1,sil
25.91307663917541,18,1,13,6,-4,-1,0,1,18,0,9,23,1,15,sil
25.91307663917541,24,12,13,25,-4,-5,-3,-3,2,-8,12,30,11,18,sil
25.92749619483948,16,17,19,26,-5,-6,-10,-1,-7,-12,11,28,11,3,sil
25.943405389785767,3,13,9,22,-1,-6,-15,0,-12,-14,7,12,-3,-9,sil
25.943405389785767,0,13,6,28,1,-10,-10,0,-26,-22,0,0,-20,-12,sil
25.943405389785767,0,16,3,32,5,-3,3,4,-17,-11,-1,-6,-13,-3,sil
25.95843529701233,-2,16,3,29,7,9,9,8,7,6,0,-8,-2,2,sil
25.9732666015625,-4,15,11,35,10,14,3,3,4,6,-4,-11,-6,0,sil
25.9732666015625,-5,5,2,35,10,16,3,-2,-8,9,-7,-17,-10,0,sil
25.988760471344,-5,-1,-2,19,12,24,20,3,2,23,-4,-11,0,10,sil
25.988760471344,0,-2,-7,15,21,24,27,5,29,29,-1,-2,5,18,sil
26.00439763069153,-5,-9,-16,8,14,12,10,0,30,31,-3,-15,2,11,sil
26.00439763069153,-14,-17,-11,-18,-5,3,5,1,19,34,-9,-21,5,1,sil
26.020055770874023,-11,-15,-13,-31,-3,2,23,2,30,31,-16,-14,16,7,sil
26.020055770874023,-1,-13,-7,-31,-2,-3,20,0,31,17,-12,-2,16,17,sil
26.03508377075196,4,-12,-5,-33,-16,-12,-2,-5,15,8,2,13,14,14,sil
26.03508377075196,11,-12,-2,-38,-18,-17,-22,-10,0,-2,6,18,13,3,sil
26.05060386657715,11,-15,2,-45,-13,-22,-39,-7,-19,-25,-3,7,3,-6,sil
26.05060386657715,10,-8,-3,-34,-14,-23,-42,-1,-32,-34,0,7,-3,-10,sil
26.06695413589477,13,4,10,-7,-3,-12,-27,0,-19,-22,15,26,5,-6,sil
26.06695413589477,17,8,16,4,4,0,-7,-1,-14,-17,24,34,15,0,sil
26.08236718177796,10,0,1,-4,-2,1,4,1,-21,-22,19,18,5,-2,sil
26.08236718177796,0,0,2,-8,-8,0,6,5,-25,-18,19,12,-9,-5,sil
26.097994565963745,0,4,-6,0,-11,-1,0,1,-33,-23,29,31,-8,0,sil
26.097994565963745,-1,7,-2,0,-4,-4,-4,2,-19,-15,28,22,-2,-6,sil
1.550774097442627,2,7,0,-1,9,6,8,-2,1,-5,-12,-3,-2,0,thankyou
1.550774097442627,-9,0,-4,0,4,0,0,-4,-9,-16,-23,-19,-21,-12,thankyou
1.550774097442627,-15,-5,-1,-11,-7,0,0,-1,-12,-10,-18,-21,-19,-14,thankyou
1.564467191696167,1,-3,1,-3,0,8,11,0,0,-6,-10,-9,0,-3,thankyou
1.579775094985962,15,3,12,13,9,10,17,0,11,-7,-6,-1,0,2,thankyou
1.579775094985962,7,2,0,15,1,8,3,1,12,5,-2,-4,-3,3,thankyou
1.5952327251434326,0,0,-4,5,-5,6,-11,2,6,12,0,1,2,1,thankyou
1.5952327251434326,2,-1,0,10,4,0,-8,1,5,4,9,15,9,7,thankyou
1.6112957000732422,7,1,2,14,9,0,2,3,18,19,18,13,19,20,thankyou
1.6112957000732422,6,0,8,1,0,13,15,10,26,41,12,5,26,22,thankyou
1.6272704601287842,6,-7,0,0,0,11,23,4,26,32,6,7,17,17,thankyou
1.6272704601287842,3,-12,1,4,-2,-6,10,0,14,-1,7,15,2,6,thankyou
1.6421301364898682,-11,-12,-6,-16,-17,-10,-11,-5,-10,-21,3,3,-10,-15,thankyou
1.6421301364898682,-20,-10,-17,-29,-19,-8,-21,-7,-23,-23,-10,-14,-19,-27,thankyou
1.6572599411010742,-5,-1,1,-16,-2,-9,-17,-1,-11,-19,-19,-7,-16,-12,thankyou
1.6572599411010742,4,0,3,-2,6,-6,-6,-2,-2,-9,-11,0,-7,-1,thankyou
1.6730635166168213,4,1,2,-1,0,0,0,-4,-5,-4,0,1,0,5,thankyou
1.6730635166168213,9,12,6,3,4,0,-4,1,5,0,5,7,8,12,thankyou
1.689420223236084,6,8,-3,1,10,-7,-12,0,7,7,0,0,6,4,thankyou
1.689420223236084,-6,-3,-1,-6,0,-11,-12,-7,-15,0,-7,-12,-8,-7,thankyou
1.7050158977508545,-12,1,-3,-5,-7,-10,-8,-7,-29,-13,-1,-9,-4,-10,thankyou
1.7050158977508545,-2,8,-1,-2,1,-5,-6,-1,-22,-12,6,-1,6,-8,thankyou
1.7207372188568115,6,3,2,1,3,3,1,2,-13,0,15,0,7,-3,thankyou
1.7207372188568115,5,5,-2,8,0,5,9,2,-5,4,11,3,3,4,thankyou
1.7359261512756348,-5,10,5,3,0,5,11,3,0,1,-1,7,0,3,thankyou
1.7359261512756348,-6,-1,-3,0,1,7,15,4,2,4,-2,3,0,-4,thankyou
1.7510616779327393,0,-11,-5,3,0,0,13,5,0,0,0,1,-2,-9,thankyou
1.7510616779327393,0,-1,8,-2,-1,-1,2,5,0,-10,-3,-1,-8,-7,thankyou
1.7663061618804932,2,5,3,-1,-3,9,0,0,10,4,-3,-5,-3,3,thankyou
1.7663061618804932,11,4,8,16,0,16,6,2,21,26,0,7,6,20,thankyou
1.7821848392486572,10,4,4,20,5,2,9,1,22,20,9,16,12,18,thankyou
1.7821848392486572,1,1,0,7,1,-10,0,-5,11,0,15,2,5,1,thankyou
1.7977118492126465,0,0,7,5,0,0,1,-4,1,-4,2,0,0,-2,thankyou
1.7977118492126465,4,0,3,17,6,9,7,0,6,4,0,10,6,5,thankyou
1.8128283023834229,8,0,1,10,2,0,-3,2,6,7,12,10,12,9,thankyou
1.8128283023834229,0,-11,-8,-6,-9,-7,-14,2,0,0,6,-6,0,0,thankyou
1.8289480209350584,-6,-10,-12,-10,-10,-1,-4,0,-4,-8,-16,-18,-13,-13,thankyou
1.8289480209350584,-3,6,2,4,3,13,5,1,0,-6,-19,-9,-13,-5,thankyou
1.844449520111084,-4,8,-1,3,10,10,8,2,2,3,-4,-4,-1,7,thankyou
1.844449520111084,-12,-6,-8,-20,-3,-4,0,0,0,-2,-6,-7,0,0,thankyou
1.860207796096801,-14,-7,-17,-24,-10,-5,-10,-1,-6,-18,-15,-12,-11,-15,thankyou
1.860207796096801,-9,1,-12,-7,0,0,-11,-5,-9,-11,-11,-7,-14,-10,thankyou
1.875199794769287,1,5,14,1,4,0,-2,-6,-4,6,-2,6,0,4,thankyou
1.875199794769287,5,0,6,-2,-4,-2,2,-3,-1,3,-6,7,1,5,thankyou
1.8910956382751465,-8,-13,-11,-22,-13,-9,0,0,-8,-14,-15,-6,-14,-9,thankyou
1.8910956382751465,-18,-16,-14,-29,-4,-7,0,0,-14,-17,-3,-14,-16,-18,thankyou
1.9062016010284424,-1,-4,1,-12,9,-4,0,-2,-10,-4,6,-3,0,-8,thankyou
1.9062016010284424,14,2,25,0,3,-2,-7,0,-10,3,-1,12,8,6,thankyou
1.922794342041016,9,0,12,2,-5,-4,-17,-5,-10,4,9,12,9,8,thankyou
1.922794342041016,8,8,7,12,4,-4,-8,-1,-1,8,37,11,19,6,thankyou
1.938194990158081,25,17,16,23,13,1,8,6,18,22,32,23,28,17,thankyou
1.938194990158081,22,7,9,20,0,0,5,3,24,23,6,15,18,22,thankyou
1.953144073486328,0,-1,1,5,-8,-6,-4,-1,4,0,-4,-7,1,3,thankyou
1.953144073486328,-8,1,-8,1,0,-5,2,1,7,-6,0,-16,0,-9,thankyou
1.9682137966156008,1,3,-2,1,5,5,11,7,27,6,4,-5,0,0,thankyou
1.9682137966156008,2,-2,-1,0,0,8,9,6,22,9,5,0,0,1,thankyou
1.9847509860992432,-3,-6,-12,-1,-1,0,6,-1,0,0,0,-5,-1,-6,thankyou
1.9847509860992432,-1,0,-1,1,2,1,7,-2,-12,-7,-7,-1,-13,-3,thankyou
1.999770164489746,-2,8,-2,7,1,4,4,3,-13,-16,-9,2,-19,-1,thankyou
1.999770164489746,-10,6,-5,9,-3,-2,-6,2,-16,-18,-12,1,-14,-9,thankyou
2.026287317276001,-10,2,0,7,2,7,-7,-3,-17,-12,-13,-1,-8,-12,sil
2.026287317276001,-5,-2,-5,2,4,17,-1,-7,-17,-5,-5,-2,-5,-5,sil
2.026287317276001,-8,-5,-1,-4,-8,4,0,-1,-17,-2,1,0,-3,0,sil
2.03183913230896,-5,0,-6,0,-4,3,7,-1,-4,6,1,0,2,5,sil
2.0470988750457764,3,1,-4,8,6,13,17,3,13,17,-3,1,6,8,sil
2.0470988750457764,-2,-5,3,1,-1,4,2,3,10,9,-7,-1,2,0,sil
2.062211036682129,-15,-15,-8,-8,-7,-6,-9,-4,3,-2,-7,-10,0,-12,sil
2.077727794647217,-5,-12,3,-11,-1,1,0,0,9,4,-1,-4,2,-1,sil
2.077727794647217,2,-3,7,-5,4,9,11,5,13,14,0,0,2,15,sil
2.077727794647217,-3,1,-4,0,3,0,4,0,5,0,-11,-8,-2,4,sil
2.0934407711029053,-5,1,-5,-10,-7,-6,-6,-5,2,-13,-13,-5,-3,-10,sil
2.109862804412842,1,-1,-5,-16,-7,-10,-10,-5,8,-1,4,2,5,0,sil
2.109862804412842,12,0,8,-9,3,-8,-6,0,12,4,9,11,17,18,sil
2.126316785812378,23,0,9,-1,3,-7,-2,3,15,4,9,18,24,17,sil
2.126316785812378,26,1,5,-9,-3,-19,-11,1,6,3,21,20,15,4,sil
2.126316785812378,16,11,17,-10,-1,-29,-22,1,-6,1,31,21,6,-1,sil
2.140141725540161,15,22,11,4,3,-25,-17,1,-15,0,32,17,9,4,sil
2.1551761627197266,22,23,12,18,5,-6,-12,-1,-21,-5,23,13,2,5,sil
2.1551761627197266,14,20,10,28,6,9,-4,1,-20,-12,9,3,-14,-5,sil
2.171215772628784,-8,11,-2,21,7,13,7,3,-24,-12,-8,-15,-22,-14,sil
2.171215772628784,-27,-1,-11,2,4,18,9,-2,-29,-18,-23,-30,-25,-18,sil
2.1871957778930664,-27,-17,-19,0,4,20,4,-7,-12,-19,-27,-30,-25,-22,sil
2.1871957778930664,-15,-26,-5,3,2,9,4,0,2,-10,-29,-22,-23,-22,sil
2.20280385017395,-16,-21,-5,-1,-4,1,10,3,4,2,-23,-21,-15,-10,sil
2.20280385017395,-18,-5,-11,-3,-3,4,14,4,14,16,-6,-12,5,10,sil
2.221047163009644,-4,2,4,-1,1,8,9,3,16,6,-3,5,15,14,sil
2.221047163009644,-4,-6,-3,-4,-6,1,2,-4,1,-9,-15,0,0,-5,sil
2.221047163009644,-9,-11,-3,-8,-14,0,3,-3,3,0,-11,-7,-6,-3,sil
2.2355704307556152,4,-1,4,-4,-1,4,11,1,18,24,9,13,17,19,sil
2.2499494552612305,11,0,-3,-2,2,-4,10,0,16,23,10,13,25,18,sil
2.2499494552612305,0,-6,-3,-9,-11,-4,1,0,8,12,0,-2,5,1,sil
2.265541076660156,0,-6,-7,-7,-8,6,0,0,18,18,11,3,5,3,sil
2.265541076660156,8,-3,-2,-7,3,5,4,0,18,19,22,19,19,12,sil
2.280952215194702,5,0,4,-10,0,0,1,4,9,9,6,8,11,8,sil
2.280952215194702,0,9,-1,2,1,0,-4,1,2,-3,-3,-1,-2,2,sil
2.296292543411255,7,16,8,19,12,0,-4,-4,-10,-15,5,12,-6,0,sil
2.296292543411255,6,9,5,9,4,-6,-1,-6,-17,-12,5,10,-3,-8,sil
2.3123693466186523,-3,0,3,-8,-12,-11,-8,-2,-12,-5,-8,-4,-5,-11,sil
2.3123693466186523,-1,-1,7,-1,-6,-2,-7,0,-4,-7,-6,0,-3,-5,sil
2.3288934230804443,5,1,0,11,9,1,-2,0,-2,-6,2,6,-2,0,sil
2.3288934230804443,3,3,1,8,10,-10,-12,1,-6,-7,1,0,-6,-2,sil
2.344035625457764,0,3,-2,0,1,-17,-18,0,-4,-13,8,-1,-3,-1,sil
2.344035625457764,7,8,-1,0,0,-8,-9,0,-2,-13,15,5,6,2,sil
2.35976505279541,14,11,7,0,2,-3,-6,4,-6,-12,5,4,7,5,sil
2.35976505279541,7,2,-3,-4,-5,-10,-12,7,-4,-7,0,-4,0,1,sil
2.3748576641082764,0,0,1,-8,-11,-9,-14,3,-8,-5,7,0,-3,-6,sil
2.3748576641082764,1,7,6,5,0,6,-9,-2,-11,-3,10,8,0,-4,sil
2.3898961544036865,4,9,9,18,12,17,3,0,-4,7,6,7,4,8,sil
2.3898961544036865,0,3,14,15,4,15,12,4,-2,15,2,0,3,5,sil
2.405749797821045,-7,-6,-4,11,-3,7,10,-4,-18,-4,-5,-16,-9,-13,sil
2.405749797821045,-12,-12,-4,0,0,9,11,-8,-19,-14,-19,-22,-16,-10,sil
2.4210798740386963,-16,-11,-6,-7,8,19,25,0,5,11,-16,-14,-2,3,sil
2.4210798740386963,-18,-8,-16,-1,7,19,28,0,15,20,-13,-12,-4,-2,sil
2.43715500831604,-18,-7,-10,0,0,11,18,0,8,11,-21,-17,-22,-13,sil
2.43715500831604,-15,-7,-9,-14,-2,5,17,3,10,15,-20,-12,-16,-3,sil
2.4529013633728027,-7,-8,-2,-19,-5,0,15,0,17,13,-12,0,2,5,sil
2.4529013633728027,0,-7,-2,-4,-7,-5,4,-4,20,9,-11,-2,6,4,sil
2.467895030975342,7,-8,-3,-1,-7,-8,-5,-4,15,6,-13,-5,1,3,sil
2.467895030975342,14,-4,7,-9,-3,-5,-5,0,12,-3,-2,14,10,12,sil
2.4833343029022217,22,4,3,0,1,-9,-5,1,21,0,20,27,28,24,sil
2.4833343029022217,21,4,5,1,-1,-19,-11,2,18,5,21,15,23,16,sil
2.498754978179932,6,-1,0,-9,-8,-22,-14,0,1,-6,3,3,3,-1,sil
2.498754978179932,0,5,-9,-4,-5,-20,-17,0,-11,-12,8,4,1,-5,sil
2.514839172363281,2,13,7,6,-6,-16,-24,1,-19,-10,25,11,7,-2,sil
2.514839172363281,-2,2,3,0,-4,-7,-24,0,-15,-15,24,11,4,-5,sil
2.5302202701568604,-12,-5,-3,-12,0,0,-17,0,-9,-21,10,2,-4,-10,sil
2.5302202701568604,-4,3,1,-5,-1,-1,-8,0,-10,-11,3,-5,-7,-16,sil
2.5459699630737305,7,11,1,9,0,0,4,1,-12,-1,1,-3,-6,-11,sil
2.5459699630737305,2,6,5,1,10,12,11,2,-4,-3,0,5,-3,0,sil
2.5610952377319336,-4,0,-2,-3,13,23,9,-3,1,0,3,-1,0,0,sil
2.5610952377319336,2,5,4,8,8,17,3,-2,-3,5,5,-3,-3,-1,sil
2.5771398544311523,5,9,12,17,8,12,-1,3,-4,-3,6,7,-1,1,sil
2.5771398544311523,-2,1,0,10,7,8,-1,0,-1,-4,2,1,0,1,sil
2.5931668281555176,-1,1,4,11,0,2,2,-3,-10,12,-10,-5,-8,0,sil
2.5931668281555176,0,7,4,26,0,1,15,-6,-10,14,-13,-6,-7,6,sil
2.6092240810394287,-2,0,1,27,10,7,25,0,3,9,-7,-8,6,10,sil
2.6092240810394287,-13,-13,-6,7,3,12,23,8,4,13,-18,-15,2,2,sil
2.624924898147583,-19,-18,-20,-14,-17,1,10,-2,1,10,-29,-21,-11,-3,sil
2.624924898147583,-13,-15,-5,-21,-15,-12,-5,-4,12,3,-16,-13,-6,-3,sil
2.6398892402648926,-3,-8,-3,-14,-1,-12,-14,3,18,6,-2,-2,7,0,sil
2.6398892402648926,4,0,-7,-5,-2,0,-6,1,9,5,-3,1,6,4,sil
2.6550397872924805,15,7,8,3,0,6,1,-3,1,1,0,9,-1,7,sil
2.6550397872924805,19,8,8,9,9,0,-5,-3,1,3,4,14,0,5,sil
2.6709227561950684,10,0,4,-6,5,-5,-5,0,0,-4,2,9,-4,5,sil
2.6709227561950684,0,-10,-10,-24,-4,-5,1,2,-4,-12,2,1,-19,2,sil
2.6864936351776123,0,-11,-12,-19,-7,-5,-1,4,-5,-12,7,6,-8,0,sil
2.6864936351776123,13,8,13,-4,-2,0,0,5,6,-9,13,18,19,5,sil
2.701737880706787,11,12,11,2,5,0,10,2,12,-10,17,12,20,4,sil
2.701737880706787,-6,-2,0,-5,0,-8,2,0,-6,-11,9,0,2,-5,sil
2.717773675918579,-9,-5,-13,-13,-11,-7,-6,-6,-12,-7,0,-4,1,-12,sil
2.717773675918579,0,3,-6,-7,-8,-1,-9,-7,-8,-7,-4,-3,2,-15,sil
2.732918739318848,0,8,13,12,4,0,-4,-3,-11,-9,-2,0,-4,-12,sil
2.732918739318848,-10,2,0,17,9,0,5,-1,-2,-3,1,-8,-8,-5,sil
2.748953342437744,-14,-8,-4,-5,1,0,0,-2,0,-1,-4,-18,-7,-10,sil
2.748953342437744,-7,-7,3,-3,0,-4,-12,0,-11,1,-6,-11,0,-8,sil
2.764228343963623,1,7,5,19,3,-6,-7,6,0,20,2,2,3,9,sil
2.764228343963623,3,14,6,17,0,-1,0,10,19,25,6,7,7,14,sil
2.780148267745972,1,2,-5,3,-2,0,-1,0,15,12,5,1,15,3,sil
2.780148267745972,0,-2,-1,0,-5,0,0,-2,11,8,2,-4,13,-2,sil
2.79680609703064,-6,-1,1,-1,-1,2,0,2,10,6,-4,-7,0,-8,sil
2.79680609703064,-6,-3,-3,-2,1,3,-2,1,0,-4,-7,-5,-9,-9,sil
2.8112404346466064,2,-4,4,-1,0,4,-2,1,-5,-4,6,5,-4,5,sil
2.8112404346466064,12,0,1,7,-1,10,12,3,-1,5,22,12,7,20,sil
2.82715106010437,13,0,5,7,0,10,19,0,-8,0,7,11,3,15,sil
2.82715106010437,-1,-4,0,-7,0,7,4,-3,-7,-6,-16,0,-14,3,sil
2.84379243850708,-12,-3,-14,-6,1,12,4,0,6,-1,-14,-8,-10,1,sil
2.84379243850708,2,6,1,11,4,12,11,4,7,3,3,4,6,7,sil
2.8578851222991943,8,3,2,5,0,-5,0,-2,0,7,6,7,6,5,sil
2.8578851222991943,-5,-6,-3,-16,-6,-14,-10,-5,-6,0,-10,-6,-7,-2,sil
2.8730952739715576,-6,-1,0,-11,3,-3,0,2,0,-8,-18,-10,-11,-9,sil
2.8877410888671875,5,7,0,6,17,1,0,1,3,0,-4,-2,-2,-6,sil
2.8877410888671875,7,4,8,7,8,0,-2,-3,-3,4,0,1,2,2,sil
2.9038541316986084,0,-1,0,0,-2,0,0,-4,-11,-8,-2,-1,1,1,sil
2.9038541316986084,-2,-1,-6,-5,-3,-5,-8,-4,-13,-15,-2,-7,-2,-6,sil
2.9199767112731934,-4,-3,0,-1,0,-5,-11,-1,-10,-4,0,-4,-3,-7,sil
2.9199767112731934,-6,-8,-6,1,0,0,2,1,-4,-1,0,1,0,-5,sil
2.935007333755493,0,-4,-1,1,-2,0,4,2,0,-10,1,8,-1,-2,sil
2.935007333755493,0,-5,-7,-3,-11,-7,-9,-2,6,-7,0,4,-2,1,sil
2.9497711658477783,-9,-12,-5,-11,-13,-15,-15,-2,3,-1,0,0,0,0,sil
2.9501214027404785,-1,3,13,-3,0,-7,-5,1,0,-1,17,9,8,-1,sil
2.965343475341797,12,17,5,7,7,4,8,0,4,7,22,10,15,5,sil
2.965343475341797,8,1,4,-2,0,6,5,-1,0,3,-2,0,1,4,sil
2.9807121753692627,2,-8,4,-6,-3,0,0,0,-9,-6,-11,-4,-5,-2,sil
2.9807121753692627,6,6,4,3,0,2,0,3,0,7,3,3,3,0,sil
2.9958598613739014,8,18,10,1,2,10,1,8,12,23,4,13,9,4,sil
2.9958598613739014,2,6,-2,-1,0,8,2,3,13,9,0,2,1,2,sil
3.011013984680176,-5,-4,-1,0,-1,5,8,1,7,0,-3,-10,-4,-3,sil
3.011013984680176,-12,0,2,0,3,4,8,1,2,4,-6,-18,-6,-9,sil
3.026618719100952,-13,0,-5,-6,3,-2,2,0,1,-1,-13,-22,-15,-9,sil
3.026618719100952,-11,-1,-10,-5,-1,-4,6,3,9,-9,-6,-11,-13,1,sil
3.0418365001678467,-1,4,-9,15,3,3,18,6,16,5,13,2,10,13,sil
3.0418365001678467,9,15,9,22,7,6,12,4,12,16,15,4,19,10,sil
3.0570857524871826,0,6,2,0,0,0,-4,1,3,11,4,-1,3,0,sil
3.0570857524871826,-6,-7,-15,-6,-3,-6,-9,-1,3,2,4,2,2,-1,sil
3.071872472763061,5,-5,0,11,0,-1,-6,-3,5,0,3,9,10,1,sil
3.071872472763061,9,-6,0,13,3,-1,-2,-8,-5,0,0,5,5,2,sil
3.088027238845825,2,-15,0,-8,-4,-13,-4,-4,-20,-3,-2,5,0,1,sil
3.088027238845825,2,-14,3,-14,-4,-13,-7,1,-13,-8,-3,5,0,0,sil
3.1037096977233887,0,-6,-1,-1,2,0,-10,-1,-8,-11,-9,0,-10,-6,sil
3.1037096977233887,-5,-5,2,-2,-1,4,-13,-11,-30,-19,-17,-1,-17,-10,sil
3.118782520294189,-5,-6,-4,-9,-14,-2,-10,-10,-35,-23,-16,0,-10,-5,sil
3.118782520294189,0,0,2,-11,-16,-7,-10,0,-21,-15,-7,0,-9,0,sil
3.134751319885254,-1,2,7,-10,-12,-5,-10,2,-9,-2,1,3,-9,-1,sil
3.134751319885254,0,1,0,-1,-1,2,-1,1,3,0,6,-2,6,-1,sil
3.1499812602996826,6,9,7,9,11,16,7,6,14,1,5,-3,13,7,sil
3.1499812602996826,5,14,-5,16,20,19,12,-1,14,10,9,2,4,10,sil
3.165112495422364,1,15,-6,16,19,8,18,-5,15,20,15,2,3,1,sil
3.1816940307617188,2,14,4,15,8,-2,15,6,16,15,13,-5,6,-1,sil
3.1816940307617188,-3,-2,-11,0,-2,-10,1,3,7,2,-1,-15,-3,-6,sil
3.198093891143799,-15,-11,-10,-14,-1,-7,0,-5,-3,-4,-16,-9,-9,-11,sil
3.198093891143799,-3,5,1,-5,0,1,6,0,1,0,-5,4,0,-1,sil
3.198093891143799,20,12,10,6,-2,2,1,6,14,10,12,18,7,15,sil
3.213146924972534,17,0,8,-1,-1,-6,-6,0,10,5,3,11,5,12,thankyou
3.213146924972534,-4,-9,-3,-14,-1,-6,-5,-1,-3,-8,-15,-8,-3,0,thankyou
3.2271761894226074,-3,-5,8,-8,-6,7,0,8,-1,-9,-5,0,-5,4,thankyou
3.2428011894226074,3,-1,5,0,-2,11,8,4,11,4,7,11,5,8,thankyou
3.2428011894226074,-7,-5,-8,-8,1,5,4,0,9,5,-3,-5,5,-5,thankyou
3.257951498031616,-13,-6,-4,-7,3,3,-2,2,1,0,-6,-13,0,-6,thankyou
3.257951498031616,-2,-1,0,11,4,-2,-1,3,6,1,8,1,6,5,thankyou
3.2734687328338623,-7,-9,0,3,-5,-7,0,0,2,-1,0,-1,2,-4,thankyou
3.2734687328338623,-23,-19,-16,-17,-15,0,-3,-4,-10,-3,-14,-23,-15,-25,thankyou
3.2890899181365967,-12,-2,-9,-5,0,0,-4,-4,-21,-3,-9,-13,-14,-17,thankyou
3.2890899181365967,15,21,15,18,12,0,1,0,-13,-7,8,17,4,1,thankyou
3.304720163345337,22,19,7,27,8,9,11,1,2,-1,22,20,15,9,thankyou
3.304720163345337,11,11,11,16,2,3,4,0,2,12,17,14,11,12,thankyou
3.3202826976776123,6,6,12,6,4,-4,-2,-3,-1,12,0,8,5,7,thankyou
3.3202826976776123,8,-1,0,1,0,0,-1,-5,-3,0,-9,-6,-5,-3,thankyou
3.336049318313598,6,0,-2,0,-6,0,-5,-3,-10,-3,-1,-5,-10,-1,thankyou
3.336049318313598,2,2,-10,-5,-10,-17,-9,-1,-13,1,13,8,2,7,thankyou
3.3517441749572754,4,0,1,-10,-8,-18,-6,1,-5,5,9,9,6,7,thankyou
3.3517441749572754,4,-1,6,-7,-4,-4,0,2,3,2,-4,1,-1,2,thankyou
3.3672423362731934,-4,-8,-8,-14,-4,-2,-1,0,5,-9,-4,-3,-2,0,thankyou
3.3672423362731934,-11,-16,-9,-21,-4,-3,-4,0,1,-16,-1,-4,0,0,thankyou
3.3827950954437256,-4,-7,-10,-7,0,0,-1,0,4,-3,-12,-6,-2,-3,thankyou
3.3827950954437256,1,4,1,4,0,3,0,4,7,0,-18,-2,-8,-4,thankyou
3.39883041381836,-2,6,10,6,6,11,2,1,7,0,0,3,-2,0,thankyou
3.39883041381836,-2,5,4,14,11,11,7,0,7,6,7,1,3,7,thankyou
3.4141335487365723,0,0,0,7,1,5,1,-1,1,-1,-13,-11,-7,-1,thankyou
3.4141335487365723,-15,-16,-18,-14,-4,0,-1,-3,-3,-16,-20,-24,-19,-20,thankyou
3.431938648223877,-19,-10,-14,-14,3,1,0,2,-7,-17,-9,-16,-14,-17,thankyou
3.431938648223877,-2,12,1,13,11,3,-1,5,-3,-5,-8,-4,-8,-1,thankyou
3.445725917816162,5,12,0,25,9,2,-1,-2,0,4,-5,-3,-1,0,thankyou
3.445725917816162,-1,0,4,4,4,1,3,0,-2,7,15,3,9,-5,thankyou
3.461090087890625,-6,-1,0,0,4,0,0,2,-8,6,22,5,17,1,thankyou
3.461090087890625,-4,1,3,13,6,0,-7,0,-10,9,7,3,8,11,thankyou
3.4766170978546143,0,3,14,10,3,0,0,0,1,9,13,11,6,15,thankyou
3.4766170978546143,5,0,6,-2,-7,0,7,2,12,6,24,13,12,11,thankyou
3.492711067199707,6,-2,8,-11,-15,-3,3,2,6,4,4,2,5,3,thankyou
3.492711067199707,4,-2,1,-13,-10,-1,2,0,0,5,-8,-1,0,7,thankyou
3.5092437267303467,10,-1,0,-10,-4,2,10,1,15,9,0,4,13,14,thankyou
3.5092437267303467,8,-1,2,-8,-2,5,13,3,21,8,-1,5,10,3,thankyou
3.5248167514801025,-1,0,-8,-13,-2,-1,-2,0,4,-1,-16,0,-10,-6,thankyou
3.5248167514801025,6,2,0,-11,-7,-7,-14,0,1,0,-9,13,-3,4,thankyou
3.540846347808838,21,2,3,0,-6,-6,-6,-4,6,7,6,17,18,9,thankyou
3.540846347808838,8,1,2,-4,0,-5,-7,-10,-9,-7,0,1,1,-10,thankyou
3.556724548339844,0,0,3,-5,3,-4,-5,-1,-14,-21,-1,4,-12,-16,thankyou
3.556724548339844,9,1,-5,3,1,-5,12,1,7,0,21,12,6,0,thankyou
3.5718023777008057,0,1,0,-2,-6,-9,3,0,-3,0,16,0,0,-8,thankyou
3.5718023777008057,-16,0,-3,-1,-4,-10,-22,-2,-31,-27,-14,-17,-24,-27,thankyou
3.5877273082733154,-6,1,-2,14,8,-2,-17,1,-19,-19,-9,-14,-13,-12,thankyou
3.5877273082733154,0,6,10,15,12,9,-4,0,2,7,12,1,2,3,thankyou
3.603031635284424,-9,3,-2,8,12,11,-3,0,-4,4,6,0,-6,0,thankyou
3.603031635284424,-3,5,0,20,16,6,3,3,-10,-9,-5,-10,-13,0,thankyou
3.619126319885254,3,9,4,33,8,11,16,2,1,-4,-9,-11,-6,3,thankyou
3.619126319885254,-7,0,-5,18,-4,20,14,-2,0,2,-16,-14,-7,4,thankyou
3.6350271701812735,-18,-12,-7,-2,-3,21,14,2,-5,9,-20,-22,-7,10,thankyou
3.6350271701812735,-12,-16,-12,-5,2,18,24,5,10,18,-11,-19,3,9,thankyou
3.650893211364746,1,-7,0,-4,0,7,20,2,22,14,-7,0,13,9,thankyou
3.650893211364746,9,2,3,-7,-3,-11,7,2,20,14,-1,9,16,12,thankyou
3.666504383087158,0,-5,-7,-10,-6,-19,-1,-1,19,20,8,8,11,3,thankyou
3.666504383087158,-10,-10,-2,-13,-6,-11,-8,-2,9,5,9,8,4,-4,thankyou
3.682295083999634,-9,-2,-7,-13,-6,-14,-14,-1,-7,-13,0,2,3,-4,sil
3.682295083999634,0,0,-1,-8,-4,-18,-17,-1,-18,-14,0,2,-4,-9,sil
3.698044776916504,9,2,10,2,2,-3,-12,-1,-7,-1,14,16,-7,-3,sil
3.698044776916504,16,10,7,7,4,5,-6,1,2,0,18,17,7,9,sil
3.714123964309693,15,8,9,-6,-2,0,-4,0,-6,-8,4,0,8,6,sil
3.714123964309693,12,4,4,-10,-3,-2,0,-4,-4,-5,0,-3,-3,-1,sil
3.7299935817718506,10,8,4,0,-4,2,0,1,11,-2,-7,4,-5,1,sil
3.7299935817718506,0,-1,0,-2,-10,0,-6,6,13,-1,-10,-1,1,0,sil
3.745004177093506,-14,-23,-16,-28,-12,-9,-11,0,3,0,-6,-16,-2,-10,sil
3.745004177093506,-16,-27,-8,-39,-11,-10,-13,-6,-4,-8,-15,-5,-12,-12,sil
3.7607128620147705,-11,-8,-5,-14,-4,1,-1,-6,-11,-17,-15,0,-7,-7,sil
3.7607128620147705,0,10,2,11,5,8,9,2,-9,-7,2,-1,0,-5,sil
3.7757887840271,10,18,10,15,11,4,8,8,5,6,16,10,2,-2,sil
3.7757887840271,9,14,4,9,16,-1,3,2,17,15,27,19,17,6,sil
3.791130781173706,4,10,12,10,18,0,1,0,9,11,30,15,25,9,sil
3.791130781173706,0,8,7,15,10,1,-4,-2,-6,-3,12,4,7,-2,sil
3.8067760467529297,1,13,8,20,8,0,-3,-2,-18,-5,3,2,-8,-4,sil
3.8067760467529297,7,16,13,28,11,-1,1,0,-23,0,11,6,-2,2,sil
3.821833372116089,0,3,-5,26,0,-3,-1,-2,-24,-8,0,-2,-5,-2,sil
3.821833372116089,-7,-3,0,15,-9,4,5,0,-17,-8,-15,-6,-18,-4,sil
3.837336540222168,3,0,3,11,1,13,17,2,-9,4,-7,0,-11,6,sil
3.837336540222168,6,-6,-5,7,-2,13,3,1,-13,1,-18,-10,-6,2,sil
3.852631092071533,-4,-12,-5,0,-13,20,-1,1,-10,-3,-35,-27,-14,-1,sil
3.852631092071533,-6,-10,-10,-2,-1,20,20,2,16,12,-17,-21,-2,11,sil
3.867802858352661,-3,-14,-6,-12,1,2,22,1,35,25,-3,-5,12,18,sil
3.867802858352661,-12,-22,-11,-20,-9,-1,13,0,44,33,-7,-9,14,9,sil
3.883723020553589,-15,-17,-13,-14,-7,6,14,0,42,31,-5,-12,17,2,sil
3.883723020553589,-10,-3,-6,-7,0,-2,1,-4,22,8,0,-1,19,-3,sil
3.899769306182861,-5,3,-11,-4,-2,-19,-21,-4,2,-11,1,1,0,-12,sil
3.899769306182861,2,1,0,-9,1,-18,-18,4,-1,-12,1,6,-11,-9,sil
3.9151203632354736,4,-6,0,-25,5,-7,-2,2,-4,-8,3,9,-5,-8,sil
3.9151203632354736,-2,-13,-9,-34,-5,-5,-5,-9,-9,-21,0,0,-15,-17,sil
3.931077241897583,2,3,10,-6,-9,-7,-14,-2,-6,-23,8,4,-21,-8,sil
3.931077241897583,23,24,20,23,0,-15,-10,5,0,-1,28,23,5,19,sil
3.946200609207153,30,16,19,7,-5,-22,-6,4,3,6,34,30,22,30,sil
3.946200609207153,19,3,10,-12,-9,-14,-6,1,9,-2,26,23,16,18,sil
3.9629335403442383,8,8,1,-3,0,0,-4,2,0,-8,11,8,6,4,sil
3.9629335403442383,-2,4,0,-6,0,5,-4,-1,-26,-25,-16,-7,-12,-12,sil
3.978167772293091,-19,-9,-13,-20,-2,1,-6,-12,-30,-34,-27,-15,-21,-26,sil
3.978167772293091,-20,-2,-5,-9,2,0,-8,-5,-16,-12,-12,-10,-8,-18,sil
3.9927477836608887,-9,12,2,12,10,-1,-8,7,-12,8,-8,-10,-2,-4,sil
3.9927477836608887,-3,9,-3,20,15,1,-4,3,-18,0,-13,-14,-4,-2,sil
4.008747100830078,1,6,9,24,16,11,1,-1,-24,-10,-4,-4,1,-3,sil
4.034875869750977,6,12,10,35,17,16,11,0,-15,0,10,0,11,0,sil
4.034875869750977,5,13,4,30,14,8,9,2,-4,15,7,-3,4,0,sil
4.034875869750977,-4,3,-2,20,3,8,1,0,0,19,-2,-8,-3,-3,sil
4.034875869750977,-4,0,-4,17,0,13,8,1,6,20,-2,-7,0,0,sil
4.041012525558472,5,6,10,12,10,17,18,2,20,26,3,6,7,14,sil
4.057095050811768,7,-3,0,0,5,15,13,2,31,31,6,15,11,17,sil
4.057095050811768,4,-13,-4,-6,-10,6,5,4,26,22,5,14,7,14,sil
4.074105978012085,1,-10,5,-9,-15,0,11,-1,14,9,1,12,3,11,sil
4.074105978012085,-8,-21,-9,-21,-14,-2,11,-6,10,2,-4,2,2,4,sil
4.0877087116241455,-11,-24,-7,-23,-15,-4,1,0,12,1,-4,2,1,1,sil
4.104151010513306,-7,-13,-4,-10,-12,-5,-2,-2,15,-2,-2,5,2,0,sil
4.104151010513306,-13,-21,-9,-16,-18,-8,-3,-8,11,-17,-13,-2,-2,-8,sil
4.104151010513306,-16,-26,-9,-21,-15,-5,1,-2,5,-19,-15,-6,-5,-9,sil
4.11879563331604,-5,-6,-12,-6,3,-2,5,0,0,-7,-6,-4,-2,-1,sil
4.11879563331604,1,0,0,-7,7,-9,-6,0,-7,-13,-9,-6,-10,-9,sil
4.134436845779419,1,-1,-3,-12,-6,-19,-14,-1,-8,-21,-5,-7,-12,-15,sil
4.15208888053894,4,6,-2,-1,-7,-13,-8,1,-4,-6,4,1,0,-7,sil
4.15208888053894,11,19,11,5,7,3,-1,5,-2,2,7,4,3,0,sil
4.15208888053894,22,23,9,9,15,4,0,3,-1,0,20,3,4,9,sil
4.165220499038696,24,19,12,5,5,-5,-2,1,-6,-1,31,1,7,12,sil
4.182730913162232,5,12,2,-4,-5,-16,-16,0,-16,-2,17,-20,4,-1,sil
4.182730913162232,-3,9,-3,-6,-3,-17,-23,-2,-18,-8,0,-41,-5,-11,sil
4.182730913162232,5,13,6,1,3,-2,-13,0,-13,-6,2,-18,-7,-5,sil
4.196141719818115,11,11,2,6,4,-2,-4,7,-12,-1,9,5,-1,0,sil
4.211494207382202,2,8,11,8,4,-6,-13,3,-23,-9,-3,7,-6,0,sil
4.211494207382202,-10,0,9,9,10,6,-12,-7,-22,-16,-18,0,-14,-2,sil
4.22705864906311,-13,-7,-4,5,9,16,6,-4,-1,-2,-17,5,-6,-3,sil
4.22705864906311,-2,-3,6,12,8,18,19,8,18,17,-3,22,7,7,sil
4.241834402084351,-1,1,1,20,9,21,18,4,17,24,2,23,8,13,sil
4.241834402084351,-9,-2,-8,6,0,16,11,0,8,11,-6,13,4,6,sil
4.257401704788208,-4,-2,-6,0,0,12,11,0,6,5,-9,11,12,3,sil
4.257401704788208,2,2,-2,10,5,12,14,-2,6,19,1,11,11,2,sil
4.272870779037476,-1,1,4,9,1,9,11,-1,4,20,9,9,0,0,sil
4.272870779037476,-5,-3,-3,0,1,1,10,0,13,6,9,4,7,10,sil
4.289053916931152,-5,-4,0,-3,2,-10,3,0,15,0,0,-4,11,7,sil
4.289053916931152,-9,-8,-4,-8,-6,-20,-4,-4,3,4,-7,-15,-7,-14,sil
4.304744482040405,-11,-14,-14,-4,-7,-12,-2,-3,1,2,-4,-19,-16,-15,sil
4.304744482040405,-7,-14,-2,-6,-5,-2,1,1,5,-10,-4,-12,-8,-2,sil
4.320171356201172,-6,-17,-6,-19,-15,-11,-4,0,2,-15,-7,-13,-7,-8,sil
4.320171356201172,-2,-13,-6,-22,-20,-9,-8,0,-2,-12,-7,-7,-10,-11,sil
4.33573055267334,9,3,2,-3,-5,13,0,2,2,-2,5,12,7,7,sil
4.33573055267334,25,13,4,7,6,14,7,0,6,3,23,17,23,18,sil
4.351724863052368,19,5,14,1,0,-1,1,-3,-7,-2,10,0,6,3,sil
4.351724863052368,-1,-6,1,-9,-12,-10,-11,-4,-18,-15,-15,-12,-12,-9,sil
4.366923332214356,-2,-4,-2,-13,-11,-13,-17,-2,-14,-16,-13,-3,-12,0,sil
4.366923332214356,9,4,4,0,0,-14,-18,-1,-9,-6,1,2,-2,5,sil
4.382356882095337,8,0,-5,3,0,-9,-15,1,-15,0,1,-9,2,0,sil
4.382356882095337,3,0,4,-1,4,1,1,6,-4,6,6,0,7,0,sil
4.397973299026489,8,9,9,2,14,8,16,2,18,13,14,12,9,2,sil
4.397973299026489,4,7,5,6,13,3,6,0,12,7,-3,-2,0,-6,sil
4.413155317306519,-7,1,3,4,2,3,-2,2,-5,-3,-19,-16,-15,-10,sil
4.413155317306519,-13,6,-10,12,2,11,4,0,-2,-7,-5,-6,-16,-6,sil
4.42878270149231,-4,11,0,13,8,9,10,0,1,-5,11,7,-2,-3,sil
4.42878270149231,0,4,3,5,10,2,14,2,0,5,13,13,11,8,sil
4.443922519683838,-7,0,-1,0,6,1,9,1,0,9,-3,11,8,12,sil
4.443922519683838,-10,7,-1,-2,4,5,1,-1,3,3,-6,8,0,0,sil
4.459935426712036,-1,11,-7,5,3,0,2,0,7,11,15,1,8,-1,sil
4.459935426712036,-1,1,1,5,-4,-5,0,5,-1,10,17,0,10,4,sil
4.475117444992065,-7,-6,0,-2,-15,-8,-13,3,-8,-5,3,0,2,2,sil
4.475117444992065,-1,-4,-2,-5,-13,-9,-16,-5,0,-12,-5,0,0,0,sil
4.4907286167144775,2,-3,1,-6,-3,-1,-9,-5,3,-6,-15,-2,-1,0,sil
4.4907286167144775,-2,-15,-12,-12,-3,0,-1,0,0,-2,-20,-14,-5,-1,sil
4.505804300308228,0,-14,-5,-12,-8,-5,-1,0,0,-2,-11,-14,-6,0,sil
4.505804300308228,7,-1,3,0,-4,0,-6,-3,2,2,0,-1,0,-1,sil
4.5217156410217285,7,-1,-2,0,0,2,-7,-4,1,10,5,7,3,-1,sil
4.5217156410217285,2,-3,3,-3,0,-2,0,2,-2,6,2,-1,0,0,sil
4.5367431640625,3,3,3,6,1,0,7,3,0,-1,3,-6,-1,-3,sil
4.5367431640625,13,14,6,15,10,8,6,0,9,0,9,14,0,0,sil
4.55373740196228,9,8,2,6,10,2,0,-1,3,-3,7,21,0,8,sil
4.55373740196228,-9,-5,-7,-2,1,-9,-2,-2,-14,-21,-5,-2,-14,0,sil
4.568219661712647,-6,0,8,1,0,-6,1,0,-20,-26,-12,-9,-15,-8,sil
4.569219589233398,10,6,9,3,2,3,7,-2,-11,-4,-5,0,0,-3,sil
4.583777666091919,1,-3,3,-1,1,2,5,0,-10,3,-1,0,-3,0,sil
4.583777666091919,-13,-6,-4,-3,0,3,5,0,-6,4,1,-2,-5,-3,sil
4.599812269210815,-5,4,-3,5,2,8,12,1,9,21,10,0,8,-3,sil
4.599812269210815,1,6,13,7,0,14,13,6,9,20,8,0,8,0,sil
4.616708993911743,-8,-3,0,0,-2,10,9,3,-2,1,-4,-11,-8,0,sil
4.616708993911743,-11,-4,-8,-1,0,4,10,-1,-1,-2,-15,-14,-10,0,sil
4.632128477096558,-5,3,-2,4,2,4,9,1,15,5,-9,-2,7,4,sil
4.632128477096558,-1,0,-7,3,-1,0,0,3,24,6,0,0,15,10,sil
4.64653205871582,1,-5,2,-6,-4,-6,-9,-1,20,5,3,1,10,7,sil
4.64653205871582,10,-8,2,0,4,-8,-2,-1,23,17,9,8,15,8,sil
4.6632161140441895,14,-5,0,3,5,-7,0,1,17,16,11,12,17,16,sil
4.6632161140441895,8,0,-2,-6,-5,-11,-12,0,1,0,4,7,5,11,sil
4.680095672607422,2,-4,-16,-11,-9,-16,-24,-5,2,-6,2,3,3,0,sil
4.680095672607422,2,-6,-8,-9,-9,-13,-23,-2,1,-2,5,6,11,0,sil
4.693113088607788,-5,-6,-3,-19,-13,-10,-21,-2,-17,-10,-2,1,3,-6,sil
4.708954334259033,-11,0,0,-26,-12,-10,-16,-1,-24,-25,-9,1,-10,-20,sil
4.708954334259033,1,12,8,-5,0,0,-3,2,-12,-18,11,14,-2,-16,sil
4.725319147109985,5,16,1,9,8,5,0,2,-11,-5,25,6,5,-7,sil
4.725319147109985,-10,9,1,-2,4,-1,-11,0,-25,-14,0,-14,-14,-15,sil
4.726321697235107,-8,7,2,0,6,-3,-11,-3,-20,-18,-6,-12,-23,-15,sil
4.740006446838379,12,14,14,27,11,7,9,-1,-7,-3,7,7,-12,0,sil
4.75513482093811,14,23,24,39,9,21,27,0,-10,0,-3,6,-10,8,sil
4.75513482093811,0,14,0,23,6,18,25,-2,-12,-2,-20,-10,-15,4,sil
4.771106958389282,-2,-5,-8,5,3,15,16,0,-6,1,-19,-15,-15,2,sil
4.771106958389282,-10,-13,-6,6,0,12,15,0,-1,7,-26,-21,-15,0,sil
4.7860095500946045,-20,-14,-9,0,-3,4,11,-3,0,0,-38,-26,-14,-3,sil
4.7860095500946045,-9,-12,-2,-9,-3,4,8,4,15,0,-21,-8,0,4,sil
4.801751613616943,7,-11,-3,-12,-6,1,11,9,38,20,6,9,21,17,sil
4.801751613616943,6,-16,0,-24,-14,-14,0,0,29,24,8,10,20,17,sil
4.8168041706085205,0,-17,-7,-25,-13,-16,-15,-5,8,8,5,3,7,4,sil
4.8168041706085205,4,-3,-5,0,-2,2,-8,1,16,13,26,14,16,1,sil
4.8328375816345215,8,6,13,9,9,5,1,7,26,27,37,27,29,7,sil
4.8328375816345215,0,-3,-3,-3,10,-14,-8,0,-1,8,13,0,9,-3,sil
4.848002195358276,-6,-6,-5,-7,0,-19,-20,-1,-23,-22,-5,-21,-12,-16,sil
4.848002195358276,0,6,6,3,1,0,-9,0,-8,-17,5,0,0,-8,sil
4.863333702087402,8,14,6,19,12,9,3,-2,0,8,17,14,9,8,sil
4.863333702087402,10,15,17,20,12,4,8,2,0,16,12,9,2,14,sil
4.878942251205444,2,7,4,2,4,3,9,4,2,0,1,5,0,1,sil
4.878942251205444,-7,-5,-9,-15,-4,-1,-4,-2,-6,-24,-16,-5,-12,-15,sil
4.894733428955078,-11,-6,-11,-15,-8,-10,-20,-8,-26,-35,-32,-21,-28,-18,sil
4.894733428955078,-6,2,-6,-2,-4,-11,-10,-2,-21,-27,-22,-12,-16,-8,sil
4.909989356994629,1,7,9,0,-6,0,4,2,0,-6,8,15,8,2,thankyou
4.909989356994629,10,4,4,-1,-5,2,9,-1,8,17,26,17,15,8,thankyou
4.925294160842896,12,8,2,3,2,2,10,0,3,12,3,1,2,1,thankyou
4.925294160842896,0,4,-1,10,3,5,7,3,4,0,-10,-1,-1,-4,thankyou
4.9413001537323,-8,-8,-13,2,0,4,0,0,9,11,11,2,10,2,thankyou
4.9413001537323,0,-3,0,-4,5,3,-4,-1,7,22,16,7,17,6,thankyou
4.956868410110474,3,4,5,5,4,0,-4,0,5,10,-5,1,10,3,thankyou
4.956868410110474,0,2,2,8,-5,-1,0,3,7,5,-9,-1,5,7,thankyou
4.972007751464844,-5,0,-1,-1,-1,9,12,9,12,10,5,0,6,9,thankyou
4.972007751464844,-1,0,-4,0,7,11,15,-1,10,6,4,0,3,4,thankyou
4.987385034561157,8,10,12,14,8,3,7,-10,-1,-3,0,5,0,5,thankyou
4.987385034561157,11,13,8,10,5,3,2,-1,-6,-6,6,5,1,3,thankyou
5.003218650817871,0,-6,-7,-11,-2,-1,-6,2,-14,-14,-1,-7,-3,-8,thankyou
5.003218650817871,-16,-20,-9,-23,-10,-10,-15,-7,-29,-25,-26,-18,-24,-20,thankyou
5.018840551376343,-23,-19,-17,-29,-14,-12,-9,-8,-19,-28,-31,-29,-36,-22,thankyou
5.018840551376343,-16,-22,-8,-33,-24,-14,-8,7,-4,-26,-22,-28,-28,-15,thankyou
5.034157991409302,-13,-24,-12,-15,-20,-13,-17,4,-9,-12,-18,-15,-17,-12,thankyou
5.034157991409302,-22,-13,-12,5,-6,-11,-20,-5,-17,-3,-12,-13,-19,-15,thankyou
5.0497660636901855,-5,6,11,15,0,-6,-10,-2,-8,-2,5,-3,-13,-2,thankyou
5.050770044326782,27,14,16,17,1,2,3,1,7,9,21,19,9,20,thankyou
5.065648078918457,28,7,18,7,4,11,2,5,14,20,13,25,18,22,thankyou
5.065648078918457,13,11,12,16,11,5,-2,4,13,17,9,14,8,9,thankyou
5.082097053527832,19,20,8,29,18,3,7,0,6,15,19,15,0,7,thankyou
5.082097053527832,15,13,9,8,12,16,18,-1,1,15,20,15,-3,7,thankyou
5.096613645553589,-2,9,0,2,10,15,16,0,5,6,9,4,4,1,thankyou
5.096613645553589,0,17,5,21,16,9,19,3,12,5,6,10,21,7,thankyou
5.112077474594116,0,0,-3,6,5,9,22,3,16,22,16,15,27,12,thankyou
5.112077474594116,-3,-17,-9,-16,-4,6,6,1,15,22,15,5,17,5,thankyou
5.12777590751648,0,-1,8,-2,10,6,0,1,7,-3,-3,0,7,0,thankyou
5.12777590751648,0,10,0,6,18,0,2,-4,1,-11,-17,-4,8,0,thankyou
5.142910718917847,-2,-4,-8,-7,0,-14,-3,-4,2,1,-12,-9,11,-2,thankyou
5.158129215240479,0,-15,-7,-21,-9,-14,-8,0,5,5,-5,-8,12,0,thankyou
5.158129215240479,-1,-10,-14,-24,-7,-10,-10,-1,0,-5,-11,-5,5,0,thankyou
5.173908233642578,-4,-1,-3,-11,-10,-11,-17,-1,-12,-19,-17,-4,-2,-6,thankyou
5.173908233642578,0,2,0,2,-6,-7,-11,2,-13,-14,-10,-7,-1,-8,thankyou
5.189022541046143,2,4,0,-11,-3,-4,-2,5,-5,-3,-1,-2,2,-3,thankyou
5.189022541046143,-3,1,-6,-20,-9,-9,-4,-1,-4,-8,4,0,-1,-1,thankyou
5.2047178745269775,-4,-1,-14,-1,-10,-3,0,-3,-4,-9,7,-8,-9,-3,thankyou
5.2047178745269775,1,0,6,5,-2,12,8,1,-2,5,7,-1,-4,0,thankyou
5.219929456710815,-5,-2,9,0,0,11,5,0,-4,0,3,-3,-6,-5,thankyou
5.219929456710815,-20,-3,-3,-1,0,5,-1,-6,-16,-33,-14,-22,-34,-19,thankyou
5.235986471176148,-25,-1,-6,4,3,9,3,-4,-14,-27,-22,-21,-45,-23,thankyou
5.235986471176148,-17,-6,-4,2,-6,0,3,1,2,4,-4,-3,-19,-10,thankyou
5.251180410385132,0,0,10,4,-13,-10,-6,3,6,11,12,12,0,4,thankyou
5.251180410385132,10,13,13,25,-1,0,-4,0,1,12,19,24,5,15,thankyou
5.267027854919434,4,1,9,23,0,4,0,-2,0,17,14,19,5,11,thankyou
5.267027854919434,0,-14,-4,-2,-3,-2,1,1,2,6,4,0,-1,0,thankyou
5.282089948654175,11,-3,-8,0,5,-4,10,0,7,4,6,0,1,1,thankyou
5.282089948654175,18,11,14,19,14,0,6,1,8,11,7,14,14,11,thankyou
5.297201156616211,10,1,4,10,11,2,-9,5,10,11,3,10,17,14,thankyou
5.297201156616211,5,-7,-7,-4,5,0,-10,3,14,16,-1,-1,13,11,thankyou
5.312726736068726,4,2,6,-3,0,0,0,-1,3,11,-15,-7,4,0,thankyou
5.312726736068726,7,11,3,-1,0,2,-2,-5,-14,-14,-20,-4,-4,-3,thankyou
5.328807353973389,14,12,7,-4,6,7,-5,-1,-17,-18,0,15,1,9,thankyou
5.328807353973389,14,5,0,0,3,12,4,0,-3,4,10,16,15,18,thankyou
5.344720840454102,3,1,-6,3,-1,1,15,0,0,5,-4,-9,7,4,thankyou
5.344720840454102,-3,3,0,0,1,-3,10,-1,-3,-4,-5,-16,-6,-8,thankyou
5.359901666641235,-3,-2,-7,-7,3,0,0,-4,1,0,8,-7,0,-8,thankyou
5.359901666641235,-1,-12,-5,-9,-5,-2,0,-1,2,-4,7,-2,6,-3,thankyou
5.375103235244751,-7,-2,-2,0,-4,-10,5,3,2,-10,1,-1,0,-2,thankyou
5.375103235244751,-5,6,-5,-3,5,-3,6,5,3,-4,-6,-3,-2,-2,thankyou
5.390726804733276,-4,-7,0,-21,1,8,4,5,3,-1,-11,-4,0,-5,sil
5.390726804733276,-20,-22,-9,-23,-8,6,4,3,6,0,-5,-7,-2,-11,sil
5.406791925430298,-26,-12,-6,-12,-8,5,0,0,3,0,-3,-5,-7,-9,sil
5.406791925430298,-4,4,-1,0,0,2,-1,-3,2,3,2,-1,0,-5,sil
5.421929597854614,8,11,4,10,4,-12,-6,-4,-1,2,9,5,0,-3,sil
5.421929597854614,-5,5,9,7,-2,-18,-18,-1,-12,-11,-1,4,-8,-4,sil
5.4380388259887695,-13,-7,-4,-7,-14,-11,-25,-1,-9,-15,-8,-5,-8,-6,sil
5.4380388259887695,0,-5,1,-8,-15,-8,-24,-2,-6,-3,0,-3,-3,-6,sil
5.4537193775177,5,0,3,1,-3,-3,-12,-2,-12,-2,2,3,-8,-5,sil
5.4537193775177,3,0,-6,2,3,1,8,6,7,-1,0,6,-2,0,sil
5.468914270401001,21,7,11,6,4,4,18,14,29,7,10,15,14,10,sil
5.468914270401001,25,15,7,18,9,0,0,-5,-3,3,7,12,9,5,sil
5.484198808670044,2,10,2,22,10,0,-6,-13,-31,-6,-7,0,-9,-1,sil
5.484198808670044,0,10,7,17,10,11,15,5,0,14,0,0,0,7,sil
5.499726295471191,5,3,-2,2,6,18,19,9,26,29,14,2,13,11,sil
5.499726295471191,-6,-9,-5,-14,-6,11,1,-1,8,5,7,-1,0,1,sil
5.515402793884277,-8,-5,-1,0,-5,4,1,-6,0,0,0,-1,-7,5,sil
5.515402793884277,0,0,0,11,5,3,9,1,9,13,-4,0,0,8,sil
5.532087564468384,-10,-8,-9,-3,4,2,3,6,6,1,-7,-9,-1,-3,sil
5.532087564468384,-18,-13,-13,-12,-3,-4,-1,-1,-12,-16,-7,-16,-9,-6,sil
5.547110557556152,-8,-2,8,3,-1,-3,0,-5,-19,-2,-6,-10,-5,2,sil
5.547110557556152,1,7,6,21,7,10,16,0,2,21,3,-4,11,8,sil
5.562777757644653,9,7,3,13,10,15,23,4,16,14,12,2,23,15,sil
5.562777757644653,11,1,6,-4,0,2,2,1,4,-8,6,7,14,15,sil
5.578028917312622,10,-5,-2,-7,-12,-15,-7,-4,-5,-10,1,4,2,4,sil
5.578028917312622,6,-7,0,-13,-14,-21,-8,-6,-13,-12,-6,0,-3,-3,sil
5.593269348144531,0,-8,-7,-27,-15,-20,-21,-8,-22,-35,-26,-10,-16,-11,sil
5.593269348144531,0,-8,-1,-20,-14,-15,-23,-3,-12,-32,-22,-8,-16,-11,sil
5.60924243927002,8,0,10,-4,-2,1,-1,2,13,5,6,7,7,0,sil
5.60924243927002,3,6,-3,-9,10,5,3,2,18,18,16,7,14,-2,sil
5.62434720993042,1,12,4,-11,11,-5,-10,4,0,1,7,9,-1,-16,sil
5.62434720993042,6,11,4,2,4,-9,-16,2,-6,0,12,21,-1,-16,sil
5.6399242877960205,3,8,1,13,7,-1,-11,0,-2,4,11,11,4,-6,sil
5.6399242877960205,-2,10,8,20,16,10,0,0,-2,6,0,-5,-2,-2,sil
5.656029939651489,-6,1,-4,23,9,13,8,0,0,12,-9,-15,-9,-2,sil
5.656029939651489,-13,-10,-8,7,-7,8,12,1,0,7,-17,-14,-15,0,sil
5.671793222427368,-13,-11,-5,2,-5,13,23,4,0,7,-11,-7,-7,9,sil
5.672791242599487,0,-4,-3,2,0,11,22,1,5,7,-1,4,10,19,sil
5.687328100204468,3,-1,4,-4,-6,0,0,0,8,-5,2,14,13,14,sil
5.687328100204468,-2,-2,-3,-9,-6,-12,-12,-3,8,-6,9,11,8,0,sil
5.703441858291626,-1,-1,-2,-13,-4,-14,-15,-3,1,-1,12,9,8,-6,sil
5.703441858291626,1,3,0,-10,-6,-9,-19,-2,-3,-11,12,9,2,-6,sil
5.7200024127960205,-6,4,-1,-3,0,-3,-11,-1,-6,-16,5,-5,-13,-12,sil
5.7200024127960205,-16,0,4,-5,9,6,8,2,-8,-9,-7,-26,-24,-17,sil
5.738133907318115,-9,-1,-1,6,13,18,18,3,1,-2,-1,-22,-13,-2,sil
5.738133907318115,1,7,6,30,11,15,16,7,9,1,4,-2,0,10,sil
5.750133037567139,-3,4,0,16,2,3,9,4,3,5,-12,-11,-7,1,sil
5.750133037567139,-3,-7,-13,-11,-4,1,3,0,4,7,-24,-21,-9,0,sil
5.766666412353516,8,-8,2,-10,-7,5,2,-1,12,11,-11,4,8,16,sil
5.766666412353516,7,-5,-1,-5,-12,-2,5,-1,18,26,2,18,18,20,sil
5.781700849533081,5,-8,-6,-10,-10,-2,4,-2,10,23,4,6,11,13,sil
5.781700849533081,16,0,4,3,5,4,1,-1,-3,3,8,7,12,8,sil
5.797086715698242,13,8,1,6,7,-16,-7,-4,-20,-10,10,13,13,-1,sil
5.814107179641724,0,5,-1,-17,-11,-37,-26,-6,-33,-18,6,13,3,-9,sil
5.814107179641724,8,9,1,-10,-7,-23,-24,-4,-27,-21,13,17,0,0,sil
5.814107179641724,23,13,17,11,9,-1,-10,0,-11,-15,18,17,4,3,sil
5.830161809921265,6,0,12,1,4,0,-12,2,-10,-13,0,-4,-3,-18,sil
5.830161809921265,-16,-7,-4,-5,-2,-2,-12,0,-16,-14,-17,-22,-14,-28,sil
5.846860647201538,-11,2,10,16,9,15,9,0,-1,1,-5,-7,-6,-7,sil
5.846860647201538,-3,3,4,26,17,28,29,0,19,25,8,-1,8,7,sil
5.861746072769165,-8,-4,-5,15,6,19,24,2,21,25,0,-13,4,3,sil
5.877392768859863,-13,-6,-1,7,0,11,16,7,20,20,-10,-15,-1,4,sil
5.877392768859863,-9,-6,-11,2,-2,5,11,1,24,16,-7,-10,0,8,sil
5.877392768859863,0,-4,-8,-3,-5,0,1,-2,16,2,-7,-3,0,9,sil
5.892060041427612,2,-4,-9,-10,-9,-1,-2,-5,4,-2,-11,0,0,9,sil
5.892060041427612,0,-7,-9,-17,-11,-3,-1,-2,7,0,-10,2,0,9,sil
5.907667875289917,3,-3,0,-13,-4,0,2,1,16,-3,0,13,2,6,sil
5.924085378646851,10,0,0,-11,0,-2,5,2,11,-7,13,19,8,1,sil
5.924085378646851,12,6,11,-13,0,-13,-5,0,-4,-1,22,23,9,0,sil
5.924085378646851,13,14,8,-1,6,-17,-23,-2,-10,0,13,18,0,-2,sil
5.938900232315064,0,5,-2,-6,-1,-18,-30,-3,-20,-20,-11,-1,-21,-18,sil
5.954121112823486,-17,-1,-5,-25,-13,-18,-25,-3,-33,-40,-21,-13,-30,-32,sil
5.955121040344238,-17,4,-9,-8,4,-5,-8,-1,-27,-35,0,-11,-19,-24,sil
5.955121040344238,-12,5,3,9,9,8,0,2,-23,-25,0,-10,-19,-22,sil
5.970734596252441,-17,-2,0,3,-8,6,0,0,-27,-21,-12,-19,-27,-27,sil
5.98780632019043,-11,-1,-4,2,0,8,8,-2,-17,-3,-1,-13,-9,-4,sil
5.98780632019043,3,1,12,12,15,19,19,7,3,26,16,9,23,21,sil
5.98780632019043,12,0,6,15,6,15,13,10,20,36,15,17,32,24,sil
6.002437353134155,19,4,10,18,1,5,0,1,23,21,14,13,19,23,sil
6.002437353134155,21,12,15,31,7,0,0,-4,16,16,16,10,18,21,sil
6.017067193984985,13,5,2,25,0,-5,-1,-2,7,23,6,4,21,14,sil
6.038227558135986,6,-4,0,0,-6,0,-4,6,7,19,0,0,14,17,sil
6.038227558135986,-1,-12,-5,-10,-5,5,5,0,10,11,0,-4,8,16,sil
6.038227558135986,-10,-16,-4,-5,-8,7,12,-2,4,3,-18,-11,-1,2,sil
6.047747373580933,-11,-10,-8,-6,-1,9,13,1,9,0,-21,-15,-10,-7,sil
6.063718318939209,-5,-2,-16,-1,9,5,19,5,22,12,-6,-10,-6,-7,sil
6.063718318939209,-7,-6,-8,1,3,-7,17,1,9,11,-7,-8,-7,-7,sil
6.080188989639282,-16,-12,-14,-7,-6,-11,2,-5,-1,-4,-9,-13,-9,-11,sil
6.080188989639282,-13,-5,-6,-11,-2,-3,0,-1,8,-10,-3,-6,-1,-10,sil
6.095134258270264,0,3,1,-2,3,0,9,0,14,-5,-6,1,0,0,sil
6.095134258270264,9,4,0,-4,2,-5,0,-6,-1,-9,-5,2,-3,6,sil
6.1112282276153564,21,11,15,-8,3,-4,-17,-4,-10,-8,10,19,7,7,sil
6.1112282276153564,30,16,12,1,5,-3,-18,-1,-9,0,22,31,19,12,sil
6.126803159713745,17,7,4,-6,-7,-16,-25,-6,-22,-14,7,16,4,3,sil
6.126803159713745,0,0,3,-25,-17,-24,-30,-6,-29,-27,-3,2,-11,-12,sil
6.142775535583496,1,2,3,-12,-1,-8,-10,1,-11,-13,11,8,-2,-4,sil
6.142775535583496,11,7,16,11,9,8,2,1,-2,-3,18,11,4,5,sil
6.159767389297485,0,8,1,10,0,0,-9,-1,-10,-10,-4,-8,-6,-10,sil
6.159767389297485,-15,1,-10,-2,-4,-5,-17,4,-11,-12,-15,-14,-20,-21,sil
6.175401210784912,-14,-3,-1,1,3,11,0,7,0,-5,2,0,-9,-13,sil
6.175401210784912,-7,0,0,12,1,15,6,0,1,3,13,-2,6,-7,sil
6.175401210784912,-7,4,8,16,1,4,0,4,-1,18,7,-8,3,-4,sil
6.190264940261841,-13,0,-2,10,12,9,10,8,2,14,1,-10,-5,-3,sil
6.205053091049194,-18,-10,-11,0,4,18,19,1,7,-9,-13,-17,-9,-5,sil
6.205053091049194,-12,-8,0,0,-12,15,11,-2,3,-6,-22,-15,-5,-3,sil
6.219926834106445,-3,-6,-7,4,-6,2,8,-1,4,19,-9,-3,0,0,sil
6.219926834106445,-5,-11,-5,-7,-4,-7,8,0,6,13,-8,0,-4,1,sil
6.234990835189819,-3,-9,-3,-11,-8,-5,6,0,7,2,-13,-3,-7,6,sil
6.234990835189819,11,0,5,3,3,2,9,0,6,9,6,8,1,16,sil
6.250778198242188,18,8,13,10,11,3,10,2,10,13,23,28,9,19,sil
6.250778198242188,7,8,-2,9,3,-4,1,-1,7,2,5,9,1,10,sil
6.26570987701416,0,2,-4,0,-3,-11,-9,-1,-10,-11,-4,-11,-3,1,sil
6.26570987701416,-2,-3,-7,-10,-4,-8,-7,1,-7,-5,6,-1,9,5,sil
6.281793832778931,6,0,-8,-10,-1,0,0,1,13,11,4,12,16,10,sil
6.281793832778931,8,3,7,-1,2,1,-3,-1,11,11,-7,3,8,1,sil
6.296932220458984,-6,-1,0,0,-1,-8,-9,-2,-2,-6,-9,-9,2,-10,sil
6.296932220458984,-4,0,-2,-3,-4,-9,-7,0,-4,-11,-9,0,0,-6,sil
6.312087535858154,14,4,4,3,4,1,2,1,0,0,-1,11,7,5,sil
6.312087535858154,19,4,9,13,11,7,8,0,7,6,11,12,19,13,sil
6.327616453170776,17,10,12,9,10,5,7,-1,9,1,17,14,14,10,sil
6.327616453170776,12,13,-5,11,6,0,0,-2,-1,0,19,3,2,0,sil
6.342965126037598,-2,0,-1,8,1,-2,-4,4,-10,-5,7,-11,-6,-7,sil
6.342965126037598,-17,-11,-1,-11,-2,-1,-5,0,-8,-12,-14,-16,-11,-14,sil
6.359034061431885,-18,-12,-14,-21,-8,-7,-6,-10,-15,-13,-21,-18,-15,-18,sil
6.359034061431885,-7,0,-1,-4,-11,-9,-9,-4,-23,-14,-8,-11,-17,-10,sil
6.375001192092896,5,7,8,8,-8,0,-7,5,-4,0,5,3,-3,6,sil
6.375001192092896,5,0,9,-5,-7,0,-10,4,3,14,7,8,5,2,sil
6.390456914901733,-10,-9,-6,-14,0,1,-7,-1,-5,1,-3,-8,-7,-14,sil
6.390456914901733,-12,2,-15,2,9,6,5,0,-4,-9,-9,-15,-19,-9,sil
6.406273603439331,1,9,7,8,5,8,12,2,1,3,0,3,-5,9,sil
6.406273603439331,0,-7,2,-6,0,4,9,0,3,10,8,7,6,10,sil
6.4211859703063965,-11,-16,-4,-12,2,3,8,0,5,-3,-10,-8,-3,-5,sil
6.4211859703063965,-9,-3,1,0,0,4,14,3,7,-2,-25,-14,-9,-9,sil
6.437123775482178,-1,0,-6,2,-4,2,15,1,10,7,-8,-4,0,0,sil
6.437123775482178,-4,0,-1,-1,0,4,5,1,17,2,6,8,4,2,sil
6.452133893966675,-2,4,0,6,6,3,1,0,17,5,8,18,6,7,sil
6.467937231063843,14,9,6,9,0,-2,0,-2,0,2,9,24,4,14,sil
6.467937231063843,16,3,12,-3,-7,-5,-10,-2,-12,-21,12,17,0,6,sil
6.467937231063843,3,-2,3,-12,-5,-2,-7,0,-5,-12,14,2,3,0,sil
6.483990430831909,5,0,5,-4,1,-1,2,4,9,23,13,1,14,3,sil
6.483990430831909,8,0,-5,8,2,-5,-9,1,8,19,7,-1,11,0,sil
6.499694585800171,-1,0,-7,7,-2,-12,-25,-2,-5,-6,2,-6,-1,-6,sil
6.499694585800171,-3,2,9,-2,-1,-5,-11,0,-3,-1,2,2,0,-1,sil
6.515783548355103,5,0,3,4,4,2,0,2,2,5,0,2,8,0,sil
6.515783548355103,11,2,4,15,4,3,-1,0,-6,-6,-1,0,8,2,sil
6.5308756828308105,4,8,3,9,3,1,1,-1,-4,0,11,10,12,8,sil
6.5308756828308105,-4,1,-3,-5,1,0,2,0,3,12,11,10,10,4,sil
6.546902656555176,-10,-4,-7,-8,-2,-4,-9,-2,-10,-1,-12,-9,-4,-7,sil
6.546902656555176,-15,-5,-13,-2,-3,-11,-11,-7,-22,-20,-26,-22,-15,-14,sil
6.562702894210815,-16,-4,-1,-8,-2,-8,0,-2,-10,-17,-19,-8,-13,-15,sil
6.562702894210815,-3,0,-2,-6,0,4,10,0,0,-7,-3,-1,-7,-6,sil
6.579246997833252,7,4,-2,8,-7,11,8,-5,-2,-11,2,-6,-6,5,thankyou
6.579246997833252,3,3,5,11,-9,10,5,0,-8,-13,-5,-5,-10,7,thankyou
6.5938215255737305,-3,0,-11,0,3,5,13,9,-4,4,-13,-8,-12,1,thankyou
6.5938215255737305,1,0,-1,6,14,7,15,4,0,13,-6,-6,-7,4,thankyou
6.609936237335205,12,7,12,27,15,16,19,0,10,12,2,-2,2,9,thankyou
6.609936237335205,10,7,-2,17,13,11,21,1,15,21,0,-9,0,6,thankyou
6.624739170074463,-6,-3,-5,-12,0,-4,1,-1,9,10,-10,-13,-12,-1,thankyou
6.624739170074463,-15,-13,-5,-14,-9,-9,-19,-7,0,-15,-14,-8,-12,-8,thankyou
6.640915632247925,-8,-8,1,-3,-2,-4,-13,0,-6,-12,-7,-1,-1,-8,thankyou
6.640915632247925,-6,-4,2,-7,-1,-3,0,5,-5,4,0,3,2,-2,thankyou
6.655169725418091,-1,-7,-1,-10,-9,-1,0,8,9,8,7,10,9,3,thankyou
6.671902894973755,10,-2,7,-2,0,4,-3,9,24,15,17,19,21,12,thankyou
6.671902894973755,12,0,2,-2,8,0,-1,0,22,26,19,19,25,16,thankyou
6.671902894973755,10,-1,8,-11,-1,-7,0,0,10,16,13,16,16,9,thankyou
6.687987804412842,10,0,10,-16,-8,-3,0,0,4,-3,15,12,9,0,thankyou
6.705271244049072,2,0,-10,-17,-1,-5,-4,-8,-2,-16,6,0,2,-10,thankyou
6.705271244049072,-1,-2,-8,-14,-4,-11,-8,-5,-17,-11,-4,1,-2,-13,thankyou
6.705271244049072,0,2,0,0,-8,-6,-2,1,-4,1,9,10,1,0,thankyou
6.717900037765503,0,10,6,0,-3,-6,-6,-1,5,-9,10,4,1,0,thankyou
6.733415603637695,-3,13,7,3,3,-6,-17,-4,-6,-15,-4,-4,-5,-10,thankyou
6.733415603637695,1,13,0,18,2,2,-7,0,-9,3,-2,0,-3,-1,thankyou
6.749039173126221,6,5,7,8,-4,6,1,-1,-1,2,4,7,0,9,thankyou
6.749039173126221,0,-2,1,-5,-2,-3,-6,-4,-7,-14,6,5,0,3,thankyou
6.763619422912598,-3,1,0,6,1,-8,-13,-2,-14,-12,5,4,3,-1,thankyou
6.763619422912598,-1,7,0,18,0,-4,-7,0,-11,-3,0,-1,3,-2,thankyou
6.779219150543213,-9,-2,-11,5,-1,0,-3,-2,-8,-11,-7,-15,-8,-8,thankyou
6.779219150543213,-10,-10,-2,-3,7,8,5,6,-3,-17,-12,-14,-21,-9,thankyou
6.794856071472168,0,-1,-3,2,10,17,16,3,0,-5,-14,-11,-19,-8,thankyou
6.794856071472168,-1,1,-7,11,5,14,16,-6,-5,-3,-14,-17,-14,-5,thankyou
6.810085296630859,0,0,3,13,5,10,21,0,0,-4,-9,-8,-10,7,thankyou
6.810085296630859,7,0,0,11,14,7,24,8,11,12,-2,-2,-3,11,thankyou
6.826096057891846,-2,0,4,11,13,5,4,0,-2,16,-6,-5,-2,0,thankyou
6.826096057891846,-8,-1,3,14,2,1,-7,-2,-8,14,0,-2,3,1,thankyou
6.842066526412964,3,-5,0,2,-8,-8,-4,0,2,20,6,0,8,14,thankyou
6.842066526412964,-1,-9,3,-14,-9,-8,-8,-1,0,7,-13,-6,0,1,thankyou
6.8581647872924805,-14,-5,-11,-7,-1,3,-4,0,-1,-4,-22,-9,-2,-13,thankyou
6.8581647872924805,-5,-1,-7,-4,-4,8,7,4,9,7,1,-1,6,-4,thankyou
6.873358488082886,0,-6,-5,-12,-8,0,11,1,16,20,7,-1,10,3,thankyou
6.873358488082886,0,-8,-8,-17,-3,-3,8,0,21,23,-1,1,15,6,thankyou
6.88899040222168,8,-5,2,-17,-5,-3,2,3,16,12,7,9,15,11,thankyou
6.88899040222168,7,-3,0,-13,-13,-4,-2,-1,-4,-19,6,1,-1,3,thankyou
6.904988050460815,6,9,7,0,-5,2,0,-3,-6,-29,-2,10,-7,-2,thankyou
6.904988050460815,16,22,11,14,7,9,7,2,12,2,18,26,12,10,thankyou
6.91975736618042,17,14,3,10,8,0,3,4,16,19,28,17,21,18,thankyou
6.920108795166016,10,9,8,-2,5,-6,-6,3,7,3,8,7,7,9,thankyou
6.934788227081299,5,10,2,-2,8,-5,-16,-5,-6,-6,2,11,0,0,thankyou
6.934788227081299,-1,0,0,-3,3,-11,-24,-8,-27,-13,4,5,0,-6,thankyou
6.950879335403442,-9,-12,-3,-12,-1,-14,-18,-2,-20,-9,-3,-2,-2,-12,thankyou
6.950879335403442,-9,-7,-1,-7,0,-6,-8,1,2,-2,-6,-2,-7,-11,thankyou
6.966756820678711,-5,0,4,0,-3,0,-7,0,0,-13,-3,0,-6,-6,thankyou
6.966756820678711,-4,-7,-12,-4,-6,-5,-5,-2,-4,-12,1,-2,-3,-7,thankyou
6.981847047805786,-4,-6,-3,-6,-6,-8,0,0,5,-1,2,0,-5,-12,thankyou
6.981847047805786,0,2,8,0,-7,-4,0,7,14,-4,3,5,-4,-7,thankyou
6.997948169708252,4,3,0,2,-7,0,2,3,4,-8,10,1,0,1,thankyou
6.997948169708252,4,4,10,4,-2,1,5,-1,-15,-9,3,-4,-5,0,thankyou
7.013878107070923,-2,5,1,3,-1,0,0,-2,-23,-16,-15,-17,-18,-11,thankyou
7.013878107070923,-16,-2,-10,-4,-5,1,-4,-3,-20,-10,-21,-21,-18,-11,thankyou
8.355245113372803,-10,-19,-22,-14,-14,-13,-13,-7,-1,-17,-18,-14,-17,-14,thankyou
8.355245113372803,10,9,6,16,2,-6,-7,0,-1,8,2,3,4,0,thankyou
8.37134838104248,13,12,14,10,-3,-1,-6,7,-3,20,9,15,18,10,thankyou
8.37134838104248,0,-2,-5,-4,-11,1,-4,-1,-3,0,-4,5,11,8,thankyou
8.387132167816162,-6,-5,-5,-6,-1,-1,5,-6,0,0,0,6,7,0,thankyou
8.387132167816162,-4,-4,-12,-7,0,-7,6,0,0,2,-3,6,-2,-8,thankyou
8.40274953842163,3,2,0,-3,-4,0,5,6,6,-11,-23,-2,-11,-4,thankyou
8.40274953842163,11,12,12,6,7,14,17,4,18,-7,-8,-3,5,8,thankyou
8.41787338256836,2,9,-3,6,18,10,17,0,13,5,12,-1,10,2,thankyou
8.41787338256836,-7,3,-3,-1,10,0,3,-3,-2,0,3,-1,-2,-6,thankyou
8.433140516281128,1,2,0,-5,-2,0,0,-3,3,1,4,3,5,4,thankyou
8.433140516281128,10,2,6,0,-7,-2,-4,0,2,10,15,5,13,7,thankyou
8.449287414550781,-1,0,2,2,-4,-10,-22,-2,-30,4,12,-3,-1,-5,thankyou
8.449287414550781,-7,-5,-4,-1,-1,-7,-20,0,-29,-1,11,-5,-5,-3,thankyou
8.464868068695068,10,1,10,0,1,3,3,4,14,-1,14,9,4,10,thankyou
8.464868068695068,10,1,4,0,1,4,9,-1,15,-2,-3,-2,-2,4,thankyou
8.480104923248291,-15,-14,-12,-19,-6,5,1,-4,-21,-17,-28,-31,-29,-18,thankyou
8.480104923248291,-23,-6,-15,-24,0,15,13,2,-18,-27,-26,-30,-37,-28,thankyou
8.495733499526978,-6,3,-3,-7,9,17,24,2,5,-16,-20,-13,-17,-15,thankyou
8.495733499526978,-3,-13,17,-7,-3,6,3,1,5,1,-22,-2,-1,0,thankyou
8.511041641235352,-9,-13,2,-2,-6,-3,-13,0,12,18,0,0,4,6,thankyou
8.511041641235352,-5,6,-3,14,5,-6,-11,0,16,25,20,4,6,6,thankyou
8.52707028388977,-3,3,4,13,5,-3,0,3,0,7,13,5,6,4,thankyou
8.52707028388977,-5,-10,-2,-1,0,-9,-3,0,-14,-17,0,2,4,-2,thankyou
8.542216062545776,-3,-2,3,-1,-3,-15,-20,-4,-18,-17,-4,3,-6,-12,thankyou
8.542216062545776,-1,3,1,1,-5,-7,-26,-2,-15,-4,-9,3,-10,-9,thankyou
8.558106184005737,2,0,-1,-1,-1,1,-14,-2,-5,-5,-1,4,0,6,thankyou
8.558106184005737,13,5,5,1,1,1,-1,-2,3,0,11,12,9,13,thankyou
8.573193788528442,18,12,2,12,2,-5,3,0,8,13,12,17,11,10,thankyou
8.573193788528442,13,9,4,5,0,-7,5,7,6,11,10,19,16,16,thankyou
8.589022636413574,10,1,-2,-3,-2,-3,8,4,7,11,16,14,24,20,thankyou
8.589022636413574,17,2,-1,1,-1,-4,6,2,10,12,14,9,21,14,thankyou
8.604734420776367,22,6,5,10,3,-4,6,2,20,6,10,14,18,11,thankyou
8.604734420776367,11,0,-7,0,0,4,13,-3,27,2,7,6,12,0,thankyou
8.620858430862427,-3,0,-1,-13,-4,9,2,-7,0,-8,-5,-9,-15,-18,thankyou
8.620858430862427,-4,7,7,5,3,4,-5,-5,-24,-19,-10,-4,-26,-13,thankyou
8.636310577392578,0,12,8,28,9,6,6,1,-13,-7,1,8,-5,2,thankyou
8.636310577392578,-1,6,9,18,0,10,12,3,1,11,10,4,2,-2,thankyou
8.652302026748657,-8,0,-4,9,-5,-3,0,0,-3,1,6,-10,-6,-11,thankyou
8.652302026748657,-7,0,3,15,0,-7,-8,0,-19,-10,-3,-8,-8,-6,thankyou
8.66788387298584,-9,-1,2,6,2,6,-4,1,-16,3,-8,-6,0,-3,thankyou
8.66788387298584,-12,-13,-12,-12,-5,8,3,0,1,12,-13,-15,-2,-1,thankyou
8.68299412727356,-11,-18,-10,-18,-4,7,14,3,9,1,-24,-20,-10,5,thankyou
8.68299412727356,-16,-20,-20,-23,3,10,10,4,2,-1,-28,-22,-10,3,thankyou
8.699060916900635,-20,-18,-12,-32,1,2,0,0,2,4,-14,-20,-2,-2,thankyou
8.699060916900635,-6,-1,0,-18,0,-2,1,0,13,3,9,-12,5,-2,thankyou
8.714345693588257,6,10,-1,-6,0,-2,-1,0,12,-4,6,-7,0,-6,thankyou
8.714345693588257,-5,-1,0,-19,0,0,-18,-3,-1,-18,-19,-11,-17,-16,thankyou
8.73035216331482,-17,-9,-11,-17,7,0,-10,-5,-1,-16,-16,-15,-15,-15,thankyou
8.73035216331482,0,3,-3,0,9,-6,4,1,8,0,7,0,5,-1,thankyou
8.74515676498413,14,14,7,12,-3,-9,-1,5,10,9,19,16,12,1,thankyou
8.74515676498413,7,4,4,14,-11,-6,-10,3,4,6,16,12,6,-1,thankyou
8.761730432510376,2,0,11,8,-7,-2,-6,0,-10,0,0,7,2,0,thankyou
8.761730432510376,3,1,8,8,-1,-4,3,-7,-11,0,-4,12,4,7,thankyou
8.776758670806885,11,5,8,10,2,-2,6,-4,-9,-3,7,16,2,15,thankyou
8.79175877571106,12,7,7,8,0,1,-6,-1,-29,-18,0,9,-7,7,thankyou
8.79175877571106,8,8,2,5,-1,-1,-18,-6,-33,-15,-7,7,-9,-2,thankyou
8.79175877571106,21,10,21,10,6,0,-7,-2,4,14,20,28,14,17,thankyou
8.80787205696106,29,10,19,20,12,6,6,5,23,25,36,31,29,33,thankyou
8.80787205696106,11,0,3,12,10,8,8,7,5,12,6,13,6,13,thankyou
8.825515270233154,-8,-9,-7,-2,6,2,17,7,12,16,-8,5,-1,2,thankyou
8.825515270233154,-8,-6,-10,-3,0,-2,20,2,26,16,9,3,14,10,thankyou
8.840502262115479,1,0,5,1,-6,1,4,-1,12,0,15,3,10,1,sil
8.840502262115479,-4,-5,-3,-3,-10,4,0,0,5,0,-1,-8,-2,-13,sil
8.854839086532593,-16,-13,-13,-9,-12,-1,10,1,12,10,-15,-22,-6,-10,sil
8.854839086532593,-8,-10,-3,-8,-7,1,8,3,8,3,-8,-12,-3,0,sil
8.869887351989746,-6,-7,-14,-11,-3,1,-1,0,-3,-12,-4,-8,-5,-9,sil
8.869887351989746,-26,-13,-22,-22,-9,-7,-5,-3,-14,-34,-19,-23,-20,-31,sil
8.886414289474487,-27,-17,-23,-28,-12,-9,-7,-7,-11,-31,-22,-22,-23,-30,sil
8.887415409088135,-4,-2,-6,-15,-5,-6,-15,-4,-8,-14,-10,-8,-10,-10,sil
8.900849342346191,4,18,6,2,5,-6,-27,-2,-24,-12,-9,-5,-8,-7,sil
8.915873289108276,5,19,-1,16,16,-4,-21,-6,-21,-5,0,-2,-4,-5,sil
8.915873289108276,13,16,16,19,17,5,-5,-1,1,10,19,11,15,11,sil
8.931336641311646,15,20,21,15,8,1,-2,4,5,13,24,14,23,19,sil
8.931336641311646,11,10,7,5,-1,-13,-10,1,-8,5,6,6,5,8,sil
8.947212219238281,8,0,8,5,-1,-3,-5,2,0,3,-5,-1,-9,2,sil
8.947212219238281,0,2,-1,10,2,9,8,6,16,6,-4,-11,-5,0,sil
8.96277141571045,-9,0,-2,1,0,6,14,4,12,12,-4,-8,2,-5,sil
8.96277141571045,-12,-1,-1,4,1,11,19,0,8,16,0,-2,6,-5,sil
8.978153705596924,-3,-2,-4,14,11,26,28,3,5,9,6,-3,1,2,sil
8.978153705596924,0,-6,1,8,15,30,30,4,-3,1,0,-5,-5,3,sil
8.993324756622314,-10,-11,-8,3,11,17,18,-3,-9,3,-11,-12,-1,-1,sil
8.993324756622314,-13,-12,-3,5,-3,0,0,-6,-8,10,-10,-5,0,4,sil
9.009178638458252,0,-12,0,0,-13,-4,0,2,2,11,-2,6,0,20,sil
9.009178638458252,11,-13,-6,-15,-8,-4,5,1,13,1,-1,8,7,22,sil
9.0248281955719,14,-7,2,-24,-8,-16,-7,-7,9,-4,-2,14,9,12,sil
9.0248281955719,15,-1,5,-16,-13,-32,-18,-12,7,-5,5,24,12,11,sil
9.03986668586731,22,-1,8,-16,-9,-30,-19,-2,10,-12,10,29,13,13,sil
9.03986668586731,21,3,4,-25,-5,-17,-18,1,5,-17,16,28,7,3,sil
9.055910587310793,7,13,-1,-12,-5,-15,-18,1,-3,-17,24,16,0,-10,sil
9.055910587310793,-3,13,11,1,0,-6,-17,5,-14,-24,11,3,-7,-15,sil
9.071875810623167,-13,2,-1,-4,5,-1,-13,4,-24,-20,-2,-12,-15,-19,sil
9.071875810623167,-18,4,-7,-2,1,-3,-8,3,-24,-9,0,-17,-17,-23,sil
9.08729863166809,-7,13,3,24,3,15,4,4,0,0,8,-5,-10,-15,sil
9.08729863166809,-2,4,-3,26,12,28,13,0,8,0,-7,-13,-10,-11,sil
9.103142976760864,-16,-6,-2,-4,5,13,9,-2,-6,-5,-33,-30,-23,-21,sil
9.103142976760864,-19,-4,-3,-1,-1,7,12,0,0,3,-25,-21,-19,-14,sil
9.118138074874878,-5,0,-1,15,0,13,17,2,19,20,-5,0,-1,2,sil
9.118138074874878,-2,-6,-1,6,1,3,3,0,18,22,-4,-2,6,3,sil
9.134190082550049,-4,-9,-13,0,-3,-7,-10,-3,5,12,0,-7,4,1,sil
9.134190082550049,1,0,-1,10,-7,-3,-7,-3,-6,6,5,1,8,11,sil
9.150163173675535,4,1,3,4,-1,-1,-1,-7,-7,11,-1,0,14,11,sil
9.150163173675535,1,0,-1,-7,3,-2,0,-2,-2,13,-2,-4,11,5,sil
9.165808200836182,1,4,2,5,5,5,9,4,-6,2,6,4,11,9,sil
9.165808200836182,7,1,3,13,5,8,12,-1,-9,0,6,9,16,11,sil
9.181401014328005,16,-2,14,0,1,6,10,2,2,12,6,8,16,14,sil
9.181401014328005,16,1,5,3,5,8,18,12,17,24,19,10,21,22,sil
9.197065830230711,11,1,2,15,8,8,20,3,18,15,19,13,18,24,sil
9.197065830230711,9,-3,5,1,-2,3,3,-7,10,-5,2,11,4,11,sil
9.212090492248535,4,-5,-8,-10,-11,-6,-8,-2,7,-10,-4,3,0,0,sil
9.212090492248535,-2,-5,-3,-10,-6,-10,-12,2,0,-10,-5,3,-4,-2,sil
9.22756314277649,-9,-7,-1,-14,-2,-6,-12,-3,-3,-14,-9,-1,-16,-7,sil
9.22756314277649,-4,2,-4,-16,0,-9,-6,-3,-3,-18,-10,-6,-20,-11,sil
9.243099212646484,0,15,8,-7,2,-12,-8,2,-8,-24,-5,4,-18,-8,sil
9.243099212646484,-4,3,-1,-3,-5,-19,-22,1,-22,-34,-7,0,-30,-18,sil
9.258071660995483,-9,-10,-7,-12,-13,-16,-25,0,-23,-29,-13,-13,-33,-24,sil
9.258071660995483,-3,0,-3,-7,0,1,-9,2,0,-4,5,-2,-1,-8,sil
9.27412486076355,-1,7,0,-1,11,4,0,2,13,9,23,8,19,1,sil
9.27412486076355,-7,0,-1,-3,3,-6,0,0,1,6,7,-1,2,-9,sil
9.289353609085085,-11,-4,-15,-4,-1,-1,5,-6,-6,2,-13,-17,-7,-11,sil
9.289353609085085,-3,1,-6,0,1,10,10,0,1,10,-4,-12,8,2,sil
9.304729461669922,8,10,5,12,8,9,13,4,11,21,16,3,19,4,sil
9.304729461669922,5,8,4,17,9,0,9,-3,3,12,6,6,6,-7,sil
9.321155071258543,-1,0,8,7,0,-1,0,-7,-7,-3,-14,-1,-4,-4,sil
9.321155071258543,-1,-2,2,2,-3,6,1,0,-5,3,0,-6,0,2,sil
9.337146759033203,-6,-1,6,5,0,7,1,4,-6,2,9,-3,0,-4,sil
9.337146759033203,-15,-8,0,1,-5,2,-5,0,-13,-12,-9,-6,-10,-7,sil
9.352111101150513,-8,-8,-11,-1,-13,2,-1,0,-10,-8,-15,-9,-11,3,sil
9.352111101150513,1,0,10,2,-3,16,11,1,0,4,-7,0,-6,14,sil
9.367640256881714,1,-2,11,9,12,22,19,0,10,20,-3,7,8,24,sil
9.367640256881714,8,-9,2,5,9,8,19,3,20,27,1,7,18,28,sil
9.38329005241394,18,-3,3,-3,-2,-2,8,5,22,16,6,8,11,18,sil
9.398842334747314,15,0,0,-5,-5,-8,-3,-1,16,1,3,7,5,7,sil
9.398842334747314,7,0,2,-6,-7,-8,-11,-5,6,-2,2,11,5,0,sil
9.398842334747314,4,0,-4,-12,-8,-9,-14,-2,4,-12,6,10,4,-8,sil
9.414420366287231,6,3,-5,-18,-3,-6,-16,0,1,-21,10,8,1,-9,sil
9.432298183441162,4,9,1,-10,1,-8,-13,1,-7,-16,12,7,-3,-6,sil
9.432298183441162,0,13,-5,2,2,-17,-10,1,-16,-14,4,2,-9,-13,sil
9.432298183441162,-1,14,3,12,5,-9,-7,3,-15,-10,2,3,-2,-14,sil
9.44530439376831,1,11,5,24,10,6,0,0,-8,4,11,2,4,-3,sil
9.46381425857544,3,8,3,28,8,10,0,1,-8,9,3,-4,-1,0,sil
9.46381425857544,-1,6,2,19,11,12,3,2,-10,0,-14,-15,-9,-1,sil
9.46381425857544,-10,-4,-9,9,13,10,16,-7,-1,5,-11,-22,-6,3,sil
9.476242303848268,-7,-14,-5,4,2,5,25,-4,8,18,0,-13,3,9,sil
9.49272394180298,-11,-15,-5,0,-4,0,19,5,11,16,-12,-11,10,6,sil
9.49272394180298,-22,-21,-11,-16,-9,-6,5,1,5,0,-34,-20,-2,0,sil
9.49272394180298,-14,-22,-7,-28,-18,-5,-4,-5,2,1,-24,-7,-5,-1,sil
9.50685453414917,1,-9,-9,-23,-15,1,-10,-5,14,11,1,11,12,1,sil
9.5222909450531,0,-1,1,-16,-9,-4,-12,0,15,0,3,11,4,0,sil
9.5222909450531,0,0,0,-8,-4,-10,-4,2,4,-11,1,7,-6,-7,sil
9.538809537887571,14,7,0,-6,4,0,0,0,-1,-8,11,10,5,-5,sil
9.538809537887571,10,9,8,-9,6,2,-5,-1,-1,-11,10,7,7,0,sil
9.555697441101074,-1,4,0,0,2,0,-1,4,0,-17,4,0,-1,-3,sil
9.555697441101074,5,7,1,5,5,5,3,5,0,-9,5,1,1,-1,sil
9.555697441101074,4,4,1,-4,0,-1,-5,-3,-12,0,10,4,5,0,sil
9.569945573806764,-9,-6,-2,-9,-14,-15,-15,-7,-22,-2,12,1,-4,-9,sil
9.5850088596344,-13,-3,4,1,-9,-7,-7,0,-14,-1,4,-2,-13,-14,sil
9.5850088596344,-6,3,1,7,7,3,5,0,-1,8,-5,-6,-12,-2,sil
9.601168394088743,6,12,11,16,14,5,5,0,-3,5,0,5,-7,7,sil
9.601168394088743,20,19,15,30,8,5,2,5,-9,-3,14,17,-2,11,sil
9.616806507110596,8,7,1,13,-3,0,-1,7,-6,-7,4,0,-17,3,sil
9.616806507110596,-9,0,4,-11,-4,0,-9,0,-7,-15,-13,-15,-40,-10,sil
9.632321119308472,-2,4,2,2,7,4,-11,-4,-8,-8,-9,-7,-28,-6,sil
9.632321119308472,9,1,5,18,5,4,0,0,-1,7,1,3,-6,11,sil
9.647953271865845,5,-5,-1,0,-1,1,6,0,11,11,0,1,-22,9,sil
9.647953271865845,3,0,-13,-15,1,0,4,-2,16,3,-3,-1,0,1,sil
9.66310715675354,9,1,4,-6,5,0,7,0,11,2,-4,5,90,10,sil
9.66310715675354,9,0,4,11,5,2,22,2,18,13,3,9,116,11,sil
9.678999185562134,2,0,-7,7,2,2,18,2,20,19,4,6,33,1,sil
9.678999185562134,-4,-8,-10,-7,-2,1,0,0,9,16,1,0,-4,0,sil
9.694082736968994,-14,-20,-16,-11,-4,-3,-6,0,0,8,1,-7,13,-2,sil
9.694082736968994,-19,-13,-5,-5,-7,-6,-14,0,0,-4,-3,-7,-11,-9,sil
9.709699392318726,-13,0,-3,2,-9,-6,-19,-6,-6,-14,-16,-11,-39,-9,sil
9.709699392318726,-1,3,0,12,1,0,-4,-5,-10,-12,-16,-9,-22,0,sil
9.724817037582396,2,2,6,14,5,13,12,4,-5,-1,4,2,-9,3,sil
9.724817037582396,0,0,-1,4,-3,16,8,-3,-6,5,16,2,-16,4,sil
9.740363359451294,1,3,5,-1,-4,6,5,-5,-6,8,11,0,-8,8,sil
9.740363359451294,2,6,0,0,3,2,18,6,8,9,7,4,1,7,sil
9.75600290298462,-4,-3,0,-10,2,0,13,7,8,0,-5,0,-16,-1,sil
9.75600290298462,-11,-15,3,-19,-4,-4,-5,0,0,-4,-21,-11,-21,-3,sil
9.771130800247192,-7,-12,-9,-13,-9,-4,-3,1,4,2,-14,-10,11,-1,sil
9.771130800247192,0,1,1,-5,-7,-1,0,2,4,-4,-5,3,19,-9,sil
9.787190437316896,5,11,6,1,1,0,-3,-6,0,-7,0,10,0,-4,sil
9.787190437316896,8,9,-1,1,4,-1,-1,-6,0,4,10,5,-4,4,sil
9.803188800811768,0,1,-5,-4,-3,-3,-1,0,-5,0,5,1,-8,-6,sil
9.803188800811768,-4,-5,-11,-2,-1,-11,-14,-5,-8,-13,-11,-7,-15,-20,sil
9.819202423095703,1,-4,-1,-7,4,-12,-26,-6,-8,-15,-14,-6,-11,-11,sil
9.819202423095703,8,7,0,0,8,-9,-20,3,-7,-5,3,6,-1,0,sil
9.83484935760498,12,14,0,16,10,-7,-8,7,-6,0,12,9,0,1,sil
9.83484935760498,6,6,12,4,4,-7,-4,1,-2,-9,1,-3,-4,-3,sil
9.8499858379364,-4,-3,3,-8,-4,-10,-3,-1,-3,-20,0,-12,-5,-1,sil
9.8499858379364,4,4,4,1,-3,-6,4,2,-11,-3,17,7,7,8,sil
9.865811824798584,15,14,11,6,0,6,14,2,-7,11,27,19,20,10,sil
9.865811824798584,2,4,7,-1,-5,8,8,0,6,1,10,3,19,3,sil
9.880962371826172,-5,-5,10,0,-8,2,-2,1,6,5,4,1,21,7,sil
9.880962371826172,-4,-6,0,-2,-1,5,-1,3,0,22,12,4,20,12,sil
9.897006750106812,-7,-6,-5,-7,0,11,6,2,2,10,1,-1,8,6,sil
9.897006750106812,-7,-8,-9,-1,0,15,4,-3,3,0,-13,-5,1,-3,sil
9.913052797317505,-3,-2,-9,5,4,14,6,-10,3,5,-5,0,1,-7,sil
9.913052797317505,0,6,9,9,10,12,14,1,11,6,5,6,4,0,sil
9.929146766662598,5,7,6,18,10,2,11,6,24,11,4,6,5,6,sil
9.929146766662598,8,2,8,19,4,-5,0,1,18,11,-3,0,-7,2,sil
9.94473147392273,4,0,1,9,1,3,4,0,0,-4,-8,-1,-15,1,sil
9.94473147392273,-4,-2,-15,1,3,9,9,1,-7,-17,-13,-2,-13,-1,sil
9.960726737976074,-16,-3,-6,-5,-2,-3,-4,-3,-16,-21,-27,-15,-27,-15,sil
9.960726737976074,-20,-9,-8,-10,-13,-13,-10,-7,-23,-18,-30,-28,-34,-22,sil
9.975918054580688,-7,-8,-6,-8,-10,-3,-1,0,-19,-9,-15,-12,-14,-12,sil
9.975918054580688,6,3,1,0,1,1,5,5,-3,8,1,8,4,3,sil
9.99150323867798,13,4,-2,-1,2,-1,7,5,6,20,8,9,8,17,sil
9.99150323867798,11,0,4,-10,-6,0,6,7,8,14,9,12,10,18,sil
10.007174253463743,4,0,0,-2,-5,3,1,0,4,5,12,7,7,8,sil
10.007174253463743,4,1,0,5,6,1,-2,-6,1,1,6,0,0,9,sil
10.02299165725708,2,-2,3,-2,10,3,-1,-2,8,0,0,-1,2,9,sil
10.02299165725708,-8,-8,-8,-15,2,-4,-7,-5,11,4,1,-5,5,-3,sil
10.038156270980837,-7,-8,-6,-13,0,-14,-20,-7,1,4,0,-7,0,-8,sil
10.038156270980837,0,0,-2,-1,3,-11,-19,-7,0,-1,-1,-4,1,-5,sil
10.062153577804564,-1,6,3,6,3,-2,-11,0,2,-3,0,-1,3,-7,sil
10.062153577804564,-3,8,8,9,-4,0,-3,4,0,1,6,6,7,-3,sil
10.062153577804564,1,2,-3,8,-9,-8,5,3,5,4,15,6,17,-1,sil
10.06970238685608,-1,-5,0,0,-11,-14,3,5,4,0,13,0,10,-13,sil
10.085051774978638,-10,-5,-2,0,-11,-10,-4,3,-7,-9,-2,-5,-8,-19,sil
10.085051774978638,-7,0,-3,5,-6,-5,-5,-2,-14,-18,-12,-8,-15,-13,sil
10.1013605594635,-4,-4,6,-8,-2,0,-3,-2,-12,-19,-5,0,-7,-8,sil
10.1013605594635,-7,-6,0,-22,-1,9,-2,0,-10,-3,5,6,2,-1,sil
10.115393161773682,0,8,10,-4,7,15,5,0,-8,4,7,8,4,9,sil
10.115393161773682,18,18,14,20,15,12,16,0,0,-2,8,10,4,16,sil
10.131261110305786,21,4,7,13,4,7,15,2,-1,-4,7,14,7,20,sil
10.1461820602417,10,-1,7,-8,-2,8,6,4,1,9,7,16,6,22,sil
10.147181987762451,5,2,-6,-13,-2,0,-1,0,5,9,3,5,-3,8,thankyou
10.161786079406738,3,0,-2,-7,-5,-5,-8,0,-4,-12,-15,-9,-18,-8,thankyou
10.162784337997437,-10,-8,-1,3,4,9,0,0,-9,-14,-29,-21,-21,-10,thankyou
10.162784337997437,-11,-1,-6,7,16,14,6,-5,2,1,-21,-15,-13,-4,thankyou
10.17681097984314,9,13,4,0,6,0,1,0,14,7,-4,0,-2,-3,thankyou
10.192742586135864,8,12,0,0,3,-4,0,10,26,6,6,0,8,1,thankyou
10.192742586135864,-6,1,-3,10,12,8,7,7,30,12,3,-3,14,7,thankyou
10.207932472229004,0,3,-5,15,8,9,2,-2,14,18,0,5,12,4,thankyou
10.207932472229004,15,6,-1,15,-1,-7,-3,0,1,24,10,16,13,7,thankyou
10.223064184188845,13,0,12,8,-1,-7,4,0,2,19,19,19,12,13,thankyou
10.223064184188845,-3,-10,-1,0,0,4,15,-8,-2,0,8,3,2,5,thankyou
10.237924575805664,-11,-12,-6,-10,-5,0,8,-8,-17,-13,-8,-6,-3,-2,thankyou
10.237924575805664,-1,-9,0,-9,-10,-11,-2,-2,-21,-7,-5,0,-1,0,thankyou
10.25306224822998,0,-7,-5,2,-8,-12,-1,-5,-13,0,-1,-2,-1,-2,thankyou
10.25306224822998,-7,-2,-1,1,-8,-10,-4,-2,-11,-7,-10,-11,-8,-7,thankyou
10.2692711353302,-11,0,-6,-8,-7,-14,-15,2,-16,-10,-7,-9,-8,-7,thankyou
10.2692711353302,-6,-3,-3,-10,-2,-14,-25,1,-23,-13,0,-5,-8,-9,thankyou
10.283951044082642,-12,-4,-2,-1,-4,-5,-22,-2,-14,-19,-4,-11,-13,-12,thankyou
10.283951044082642,-16,0,-10,1,-1,1,-7,0,7,-13,-6,-13,-12,-13,thankyou
10.300243854522703,-10,-4,-1,-8,3,5,2,6,19,0,-1,-8,-7,-14,thankyou
10.300243854522703,-11,-12,-4,-15,-2,7,4,3,18,5,0,-14,-1,-10,thankyou
10.316133975982666,-9,0,-3,-8,0,10,0,0,14,4,2,-5,7,-1,thankyou
10.316133975982666,7,11,7,5,14,6,-1,4,5,3,10,17,16,0,thankyou
10.331811904907228,15,2,3,6,4,-5,-1,1,-4,10,10,15,13,0,thankyou
10.331811904907228,10,0,7,-2,-11,-1,3,0,-6,8,4,5,7,6,thankyou
10.347858667373655,13,9,2,-1,-3,7,7,0,1,-3,6,9,6,14,thankyou
10.347858667373655,18,7,5,3,0,0,5,0,6,-3,6,13,2,16,thankyou
10.364485025405884,13,3,14,8,-7,-1,5,0,7,6,0,6,0,15,thankyou
10.364485025405884,8,6,6,16,0,9,9,0,13,2,1,1,0,11,thankyou
10.379722833633425,6,5,10,11,8,10,11,0,7,-8,8,6,-1,6,thankyou
10.379722833633425,0,0,0,0,12,4,6,-2,-5,-4,4,7,-2,0,thankyou
10.395808696746826,-4,-2,-6,-2,12,4,-1,0,-12,0,-5,0,-4,-2,thankyou
10.395808696746826,-3,0,3,-6,6,8,-8,-2,-11,-4,-9,-3,-6,-3,thankyou
10.411749362945557,-3,-1,-3,-11,6,6,-7,-3,-11,-1,-8,-3,-5,-5,thankyou
10.411749362945557,-2,3,3,-1,12,0,-4,2,-3,13,-6,1,-1,-3,thankyou
10.427234649658203,-1,11,2,14,10,-7,5,3,14,21,0,0,5,0,thankyou
10.427234649658203,-6,3,-10,6,-1,-15,9,1,19,6,-4,-7,4,-1,thankyou
10.443139791488647,-10,-9,-5,-14,-13,-16,2,2,3,-3,-12,-7,-2,-7,thankyou
10.443139791488647,-6,-4,-5,-11,-15,-12,3,1,-1,0,-4,-4,-1,-7,thankyou
10.458758354187012,3,7,2,8,-6,1,11,0,6,5,2,1,1,4,thankyou
10.458758354187012,8,5,3,19,5,16,11,0,8,16,1,4,6,14,thankyou
10.474712610244753,0,-11,-8,0,0,9,0,-1,-1,9,0,-4,1,7,thankyou
10.474712610244753,-9,-16,-5,-9,-13,0,-4,-3,-15,-14,-1,-6,-5,0,thankyou
10.489835500717165,-4,-9,-6,0,-10,1,-4,-7,-18,-17,0,0,1,0,thankyou
10.489835500717165,2,-8,-4,-6,-4,-3,-12,-6,-18,-7,0,-5,2,-6,thankyou
10.505735158920288,2,-9,-4,-16,-4,-9,-15,0,-15,-8,0,-11,-4,-8,thankyou
10.505735158920288,5,-5,-6,-5,-5,-8,-4,2,-4,-8,5,-1,1,-1,thankyou
10.52084183692932,1,-5,0,-13,-16,-11,-4,4,1,-12,-2,4,2,-3,thankyou
10.52084183692932,-7,-5,-8,-22,-14,-16,-17,3,6,-15,-7,-1,-5,-8,thankyou
10.536114692687988,1,12,6,2,11,-4,-14,6,12,-8,6,6,0,-1,sil
10.536114692687988,8,25,15,19,21,6,0,6,18,0,17,15,6,0,sil
10.551167964935305,-5,9,0,0,5,0,0,1,5,-1,9,0,-4,-8,sil
10.551167964935305,-7,3,8,-3,5,1,-9,-1,-11,-5,4,-1,-11,-9,sil
10.566760301589966,0,15,9,18,21,14,0,-4,-6,-2,8,2,-3,0,sil
10.566760301589966,-8,3,2,13,12,11,7,-5,-6,-1,-6,-15,-14,-3,sil
10.58211088180542,-19,-13,-1,3,-1,3,3,-3,-12,4,-19,-25,-21,-10,sil
10.58211088180542,-2,-1,2,20,3,7,12,-2,3,20,-1,1,0,7,sil
10.598182439804075,22,13,17,32,8,13,24,3,18,27,13,27,23,28,sil
10.598182439804075,24,4,9,22,1,10,23,7,23,40,11,20,30,32,sil
10.61407732963562,9,-6,1,1,-5,1,14,3,30,40,6,9,24,27,sil
10.61407732963562,0,-16,-3,-19,-13,-4,6,-2,20,1,-4,1,5,10,sil
10.629152059555054,5,-14,-13,-28,-19,-12,-3,-8,-4,-25,-12,0,0,-8,sil
10.629152059555054,15,8,2,-22,-17,-17,-13,0,-15,-16,2,14,2,-14,sil
10.64696478843689,1,12,-2,-20,-10,-16,-17,1,-17,-17,11,15,-11,-18,sil
10.64696478843689,-10,-1,-5,-10,0,-8,-14,-2,-21,-21,1,1,-18,-15,sil
10.661001205444336,-1,7,9,11,12,3,-2,0,-14,-3,3,3,0,0,sil
10.661001205444336,-2,11,-6,16,17,6,0,2,-6,1,1,0,4,-3,sil
10.67570686340332,-20,-9,-16,0,11,1,-6,0,-10,-13,-17,-21,-14,-19,sil
10.67570686340332,-25,-16,-15,-9,8,8,3,-3,-2,-8,-21,-31,-14,-9,sil
10.691718339920044,-17,-8,-15,-5,4,24,18,0,4,6,-13,-23,-1,5,sil
10.691718339920044,-11,-6,-8,0,-1,18,11,4,1,4,-10,-17,-3,0,sil
10.707860469818115,-10,-10,-8,0,-5,-1,6,2,0,2,-12,-25,-11,-11,sil
10.707860469818115,-8,-12,0,-12,-13,-4,6,0,6,3,-22,-22,-14,-7,sil
10.723018646240234,5,-1,2,-9,-13,-2,0,2,13,8,-10,0,1,10,sil
10.723018646240234,28,13,8,14,-2,-6,-8,2,14,18,24,25,26,29,sil
10.737183094024658,32,7,23,12,1,-3,-9,-1,16,15,25,28,26,30,sil
10.75379490852356,17,-6,9,-6,-2,-9,-13,-1,12,-10,4,15,11,7,sil
10.75379490852356,11,2,9,-5,-5,-25,-20,1,-8,-29,11,15,0,-6,sil
10.75379490852356,12,14,12,1,0,-19,-21,-3,-27,-19,25,18,-1,-5,sil
10.768064498901367,7,14,9,2,6,-3,-16,-9,-24,-9,16,10,-2,-6,sil
10.783217906951904,0,14,10,9,5,8,-3,-1,-15,-7,8,6,-7,-8,sil
10.783217906951904,-11,2,-6,16,4,16,15,0,-9,0,1,-2,-14,-9,sil
10.798808097839355,-17,-7,-7,11,4,13,22,-2,-5,5,-14,-13,-14,-6,sil
10.798808097839355,-12,-2,-5,13,9,9,17,0,6,18,-17,-11,-2,5,sil
10.81477427482605,-5,-5,-14,8,4,12,11,6,21,30,-8,-3,9,13,sil
10.81477427482605,-2,-14,-7,-15,-15,8,5,8,22,16,-9,3,6,7,sil
10.83081340789795,0,-11,-9,-25,-14,0,4,1,24,6,-6,1,4,5,sil
10.83081340789795,5,0,0,-8,6,3,8,0,31,11,5,0,14,6,sil
10.84597873687744,5,9,5,0,8,0,5,3,26,7,15,7,16,-2,sil
10.84597873687744,-2,9,-3,-13,-6,-23,-9,-2,0,-12,10,3,-2,-16,sil
10.862055778503418,-1,2,5,-22,-13,-34,-23,-6,-27,-27,-4,-4,-16,-18,sil
10.862055778503418,4,4,4,-4,-3,-17,-12,-1,-28,-27,-3,-4,-7,-10,sil
10.877002239227297,3,11,5,8,6,-3,0,0,-21,-26,6,0,-1,-10,sil
10.877002239227297,0,11,9,16,11,0,-4,-6,-19,-22,9,1,0,-10,sil
10.892553806304932,0,6,0,25,9,5,-4,-7,-13,-4,11,1,3,0,sil
10.892553806304932,0,3,1,24,8,13,6,6,-7,12,9,0,0,11,sil
10.909053087234495,-5,-4,-4,18,2,20,10,7,-7,17,2,0,-1,10,sil
10.909053087234495,-9,-16,-5,9,-5,17,0,-1,-5,12,-3,-3,-5,6,sil
10.92448091506958,-11,-15,-2,-5,-2,7,-1,0,0,8,-14,-13,-10,4,sil
10.92448091506958,-12,-7,-12,-11,2,3,8,0,3,8,-26,-24,-12,4,sil
10.939897537231444,-8,-5,-6,-7,-1,7,9,0,6,15,-22,-15,-6,10,sil
10.939897537231444,-6,-7,-7,-6,1,9,2,-1,9,20,-2,0,8,9,sil
10.955344676971436,-2,-10,-8,-15,3,5,-2,0,8,5,0,2,10,0,sil
10.955344676971436,4,-9,0,-22,-10,0,0,0,11,-4,-10,-1,0,-2,sil
10.971303939819336,16,0,1,-5,-9,-4,14,3,25,12,-4,4,3,4,sil
10.971303939819336,18,6,9,3,4,0,12,6,22,9,3,14,10,4,sil
10.986916303634644,2,-1,-1,-11,0,-5,-4,0,9,-14,0,5,4,-4,sil
10.986916303634644,0,0,-5,-17,-10,-18,-8,-5,-2,-17,-2,-1,-1,-4,sil
11.0026113986969,12,10,14,3,-1,-14,-2,-3,-9,-7,0,6,0,0,sil
11.0026113986969,9,4,8,8,0,-7,-9,-3,-4,-7,5,4,2,-4,sil
11.018203973770142,-1,-4,5,-15,-13,-8,-18,-1,0,-11,5,3,4,-5,sil
11.018203973770142,0,0,2,-12,-10,-3,-10,0,0,-6,3,9,3,-1,sil
11.034138917922974,10,11,1,13,2,-1,0,3,0,-3,7,11,2,1,sil
11.034138917922974,13,14,9,16,2,-7,-3,5,1,-7,12,12,3,0,sil
11.049933671951294,0,7,0,1,0,-13,-9,0,-7,-8,7,3,-2,-8,sil
11.049933671951294,-5,6,2,3,7,-1,-4,0,-17,0,2,0,-11,-9,sil
11.06555151939392,4,15,6,20,11,13,11,1,-5,7,11,11,-2,2,sil
11.06555151939392,6,16,1,25,14,11,16,0,-1,8,16,13,6,8,sil
11.081130027770996,-5,2,-1,7,16,5,11,0,-9,4,8,-2,0,0,sil
11.081130027770996,-14,-13,-14,-7,5,8,4,-1,-11,-3,0,-19,-9,-5,sil
11.096798419952393,-15,-11,-7,-2,-8,4,-10,-2,-13,-9,-8,-14,-12,-7,sil
11.096798419952393,-9,-1,-4,5,-7,0,-14,-2,-19,5,0,-5,-5,-5,sil
11.111948251724243,-7,-10,-11,-4,-5,5,-5,-3,-16,9,1,-17,-3,-4,sil
11.111948251724243,-16,-18,-4,-12,-11,4,-6,-5,-16,-22,-17,-27,-14,-7,sil
11.12746000289917,-10,0,-4,7,0,0,0,0,-4,-25,-14,-8,-4,-1,sil
11.12746000289917,9,14,6,20,9,4,9,8,15,7,9,12,14,15,sil
11.1435067653656,1,2,9,9,3,6,8,2,17,21,5,-1,8,14,sil
11.1435067653656,-12,-2,-4,6,7,4,12,-4,9,16,-8,-17,0,0,sil
11.159096479415894,3,8,6,16,19,13,26,7,26,25,-3,3,10,5,sil
11.159096479415894,16,0,0,7,8,9,23,13,42,28,0,10,19,18,sil
11.174853086471558,4,-19,-5,-18,-10,-8,4,2,23,20,-7,-2,5,9,sil
11.174853086471558,-2,-18,2,-21,-12,-10,-1,-2,9,11,-9,-5,-5,-4,sil
11.190092325210571,-2,-10,-5,-11,-13,-3,-3,-3,13,-10,-17,-5,-9,-11,sil
11.190092325210571,-4,-12,-5,-20,-18,-3,-5,-2,6,-20,-26,-1,-10,-10,sil
11.205289602279665,-2,-11,-5,-27,-9,-5,0,0,0,0,-8,6,3,3,sil
11.205289602279665,-1,-13,-7,-28,-4,-7,-7,-1,-4,-1,5,4,15,11,sil
11.22100043296814,-5,-16,-9,-32,-14,-10,-14,-4,-9,-20,-3,-1,2,-3,sil
11.22100043296814,0,-5,-6,-26,-14,-10,-10,-6,-14,-17,-8,1,-4,-7,sil
11.23613142967224,12,10,14,-13,-3,-5,-16,0,-18,-15,9,17,4,3,sil
11.23613142967224,17,13,8,-2,0,-5,-24,0,-18,-20,21,18,0,-1,sil
11.252282857894896,14,20,3,13,5,-14,-18,-3,-20,-18,7,9,-17,-12,sil
11.252282857894896,19,37,20,32,18,-7,-9,0,-20,-11,10,16,-12,0,sil
11.266851902008057,20,32,15,36,21,9,-3,4,-5,4,34,22,9,7,sil
11.266851902008057,4,16,11,32,9,9,0,4,0,12,22,9,3,-6,sil
11.282833099365234,-10,12,0,31,7,4,3,0,1,5,-6,-8,-8,-15,sil
11.282833099365234,-11,6,-2,18,13,11,10,-1,3,0,1,-9,4,0,sil
11.299015998840332,-4,0,8,7,14,13,15,1,-1,8,18,0,17,15,sil
11.299015998840332,0,0,0,21,7,8,23,0,0,20,9,0,10,12,sil
11.314827919006348,-2,3,-1,27,0,10,27,-2,17,19,0,0,1,7,sil
11.314827919006348,-4,-3,-6,9,1,7,21,0,21,19,12,0,0,2,sil
11.330708265304564,-1,-18,-12,-7,-3,-3,7,3,1,13,3,-11,-9,-2,sil
11.330708265304564,-8,-19,-7,-17,-15,-3,-2,3,-5,-8,-26,-25,-25,-9,sil
11.345815896987917,-18,-11,-17,-21,-11,0,-2,-1,3,-13,-28,-27,-25,-16,sil
11.361987590789797,-13,-14,-8,-21,-2,-2,-6,-2,1,0,-14,-15,-8,-10,sil
11.361987590789797,-7,-19,-2,-20,-9,-4,-9,1,-7,0,-13,-3,4,1,sil
11.361987590789797,-8,-12,-8,-23,-14,-2,-6,0,-5,-7,-17,-4,0,0,sil
11.376240491867064,-5,-7,-2,-24,-2,-1,-2,-4,-1,-13,-16,-6,-2,-5,sil
11.39385175704956,4,-1,1,-9,6,-4,-2,-1,0,-13,-8,-3,9,0,sil
11.39385175704956,12,14,15,12,0,-7,-2,4,1,-9,0,8,11,4,sil
11.39385175704956,8,16,11,13,-7,-5,-3,-2,0,-3,-1,8,0,0,sil
11.408015012741089,3,1,-9,-4,-3,-1,-7,-5,-2,0,-1,0,2,-1,sil
11.408015012741089,8,0,2,-5,2,1,-8,5,0,5,9,7,16,6,sil
11.424594163894652,12,8,7,16,5,0,-2,2,3,12,17,17,17,12,sil
11.424594163894652,8,5,4,15,0,-3,0,0,7,3,11,12,11,11,sil
11.438772201538086,5,-1,2,0,0,4,3,2,11,1,8,5,8,8,sil
11.439776420593262,0,-4,-1,-5,1,6,4,0,5,7,10,2,3,4,sil
11.455711364746094,-3,-7,3,-6,-5,1,-1,-3,1,0,7,6,0,3,sil
11.47070598602295,-2,-8,-9,-5,-1,1,-3,-1,4,-5,3,0,2,0,sil
11.47070598602295,-1,1,-8,0,11,-1,-4,0,-4,0,0,-5,-7,-12,sil
11.47070598602295,-10,4,-2,0,7,-9,-3,-3,-13,-1,-1,-6,-19,-23,sil
11.487727403640749,-22,-11,-19,-7,-1,-5,0,-5,-12,-11,-12,-11,-21,-16,sil
11.487727403640749,-18,-11,-7,-11,-1,2,5,3,-9,-8,-18,-11,-17,-3,sil
11.503717422485352,0,0,6,-10,0,2,10,7,9,9,0,-5,-6,1,sil
11.503717422485352,6,-2,6,-8,-2,5,12,4,22,17,10,2,4,2,sil
11.516949892044067,6,6,9,4,1,9,12,5,6,13,-1,10,3,11,sil
11.53380274772644,15,20,10,19,11,3,6,0,-1,12,-3,8,-5,18,sil
11.53380274772644,13,9,10,9,6,3,-1,-3,-3,2,-8,-3,-11,6,sil
11.53380274772644,3,0,-2,0,-4,7,-5,-4,-19,-10,-16,-7,-4,-6,sil
11.550157070159912,14,9,6,12,-6,1,-3,-2,-23,-11,0,6,7,0,sil
11.550157070159912,17,12,17,20,-2,0,-3,-1,-6,-3,15,12,15,10,sil
11.563825607299805,-7,-3,-7,11,0,0,-6,-3,0,-5,2,-4,8,0,sil
11.579861402511597,-18,-8,-7,0,0,-6,-9,-2,-4,-14,-1,-6,-4,-12,sil
11.579861402511597,-6,0,-1,4,-1,-9,0,1,6,-5,14,4,3,-2,sil
11.596702814102173,1,5,0,12,-5,-6,6,2,21,10,20,12,22,10,sil
11.596702814102173,2,6,4,9,0,-2,0,0,20,14,20,17,23,9,sil
11.596702814102173,0,4,-5,-3,4,-7,-4,0,5,-1,21,15,14,1,sil
11.61111569404602,5,3,5,-11,-5,-14,-4,3,-6,-20,6,10,0,-5,sil
11.626736879348757,11,2,14,-1,-8,-12,-4,1,-6,-16,0,3,-13,-13,sil
11.626736879348757,8,-3,2,3,0,0,0,-2,-8,-7,2,0,-10,-10,sil
11.6420578956604,4,-1,0,-1,5,9,6,0,-2,-2,2,2,6,6,sil
11.6420578956604,2,-3,-2,-4,1,4,5,2,15,15,0,0,12,14,sil
11.65802240371704,-8,-11,0,-8,-2,-3,-4,0,7,13,-11,-13,-5,1,sil
11.65802240371704,-18,-10,-6,-5,0,2,-6,-2,-16,-11,-18,-19,-18,-15,sil
11.673590183258057,-17,-6,-20,-3,4,14,1,-1,-7,-3,-21,-18,-11,-16,sil
11.673590183258057,-16,-4,-13,-8,3,11,2,4,5,14,-30,-22,-11,-13,sil
11.68911075592041,-17,-3,-17,-6,0,-2,-2,2,-6,2,-30,-28,-19,-19,sil
11.68911075592041,-11,-1,-11,-7,2,-1,-3,0,-12,0,-14,-20,-13,-17,sil
11.704289436340332,-1,0,-6,-9,8,14,8,-1,3,18,-6,-11,-1,4,sil
11.704289436340332,0,-4,-6,-8,5,7,12,0,8,14,-15,-17,-3,17,sil
11.719813585281372,-6,-9,0,-23,-6,-7,0,-1,-7,-9,-25,-18,-14,6,sil
11.719813585281372,-8,-11,-12,-30,-5,0,-2,-6,-7,-6,-12,-10,-6,3,sil
11.735742092132568,6,-6,-4,-11,0,7,9,0,7,13,12,0,7,14,sil
11.735742092132568,8,-5,12,2,-5,0,12,5,12,9,18,11,9,14,sil
11.750824689865112,0,-4,8,-1,-9,-2,1,0,3,-17,12,21,5,9,sil
11.750824689865112,7,6,15,5,0,1,-1,-2,0,-20,21,29,7,9,sil
11.766539812088013,13,10,13,25,1,0,2,1,6,5,31,27,12,2,sil
11.766539812088013,9,7,14,30,-7,-4,-3,5,15,13,29,32,19,0,sil
11.782020092010498,19,12,26,24,-5,-6,-11,4,24,11,35,41,30,9,sil
11.782020092010498,26,17,22,24,5,-5,-7,1,13,11,38,32,25,11,sil
11.797178745269775,13,13,18,20,5,-2,-5,0,-15,-8,16,17,0,-2,sil
11.797178745269775,1,10,-3,12,0,-3,-3,-3,-25,-30,-3,1,-9,-13,sil
11.812945365905762,5,11,-8,7,1,-8,0,-5,-16,-25,-11,-3,-5,-9,sil
11.812945365905762,5,5,1,-1,0,-8,-2,-1,-16,-9,-10,2,-3,-1,sil
11.828978300094604,-8,-6,-5,-7,-1,-5,-7,-2,-13,0,-3,-4,-3,0,sil
11.828978300094604,-11,-1,-4,8,4,0,-1,0,0,7,-9,-16,-10,-5,sil
11.844104766845703,-2,4,-12,11,5,5,11,2,5,16,-19,-16,-10,-3,sil
11.844104766845703,-5,-5,-16,-16,-1,7,11,-3,-1,10,-20,-18,-7,-4,sil
11.860289573669434,-13,-12,-7,-27,0,5,0,-5,-2,-5,-20,-24,-14,-12,thankyou
11.860289573669434,-6,-9,-7,-12,4,0,-1,2,6,-3,-17,-21,-10,-8,thankyou
11.875783920288086,2,-3,5,-6,2,0,9,6,12,5,0,-6,6,5,thankyou
11.875783920288086,1,4,4,1,5,6,9,-2,18,8,10,0,13,13,thankyou
11.891865730285645,0,9,-4,14,7,7,-4,-2,10,8,-1,-5,6,12,thankyou
11.891865730285645,1,3,0,1,-4,-1,-12,4,-5,7,-6,-3,1,5,thankyou
11.907103300094604,-3,-5,-7,-19,-13,-14,-8,-2,-7,0,2,2,0,-2,thankyou
11.907103300094604,-15,-5,0,-21,-9,-12,-11,-8,-5,-10,0,2,-3,-6,thankyou
11.9230694770813,-14,-7,0,-15,-5,1,-8,1,-6,-8,-4,-5,-2,-7,thankyou
11.9230694770813,-4,-12,-13,-15,-7,4,4,5,1,-1,-10,-8,-5,-4,thankyou
11.93912959098816,-4,-10,-7,-10,-3,2,11,3,13,-4,-12,-4,-7,0,thankyou
11.93912959098816,-9,-4,-6,-1,7,8,6,3,7,-2,2,-8,-2,-7,thankyou
11.954741477966309,-1,-3,0,0,11,14,-1,3,-10,6,9,-5,-1,-10,thankyou
11.954741477966309,5,-2,5,8,3,2,0,0,-14,3,4,7,0,0,thankyou
11.970007181167604,10,2,5,17,0,-8,5,-1,-3,-5,6,14,4,4,thankyou
11.970007181167604,12,7,8,13,8,0,9,1,1,-10,8,15,0,1,thankyou
11.986000537872314,7,3,-6,7,12,4,7,3,1,-9,1,11,0,6,thankyou
11.986000537872314,5,-2,0,3,0,-11,0,6,0,0,2,11,6,6,thankyou
12.001192808151243,3,0,11,0,-10,-13,-5,-1,-1,10,7,12,6,-2,thankyou
12.001192808151243,-2,3,4,3,-4,-2,-1,-7,-1,8,1,3,-2,-3,thankyou
12.016709327697754,0,2,9,7,-2,3,0,-1,-1,3,0,-1,-7,5,thankyou
12.016709327697754,3,1,-2,3,-8,6,-1,-2,1,10,7,-6,-3,4,thankyou
12.031962871551514,-4,4,-6,-3,-8,1,-3,-6,0,0,0,-14,-6,-3,thankyou
12.031962871551514,-7,9,4,0,0,-2,-4,-4,-9,-5,-8,-14,-4,-2,thankyou
12.04700207710266,1,7,5,8,7,2,0,-1,-4,6,-1,-3,9,6,thankyou
12.04700207710266,11,7,12,4,7,8,8,-1,11,10,5,11,13,15,thankyou
12.07107162475586,5,4,3,1,5,0,6,-3,6,-2,7,8,3,4,thankyou
12.072071075439451,-3,-5,-1,-9,-2,-9,-4,-1,-15,-15,-1,-3,-4,-12,thankyou
12.072071075439451,-6,-10,3,-12,-9,-2,-4,3,-8,-9,-4,-4,0,-8,thankyou
12.079084157943726,-1,-4,0,1,0,4,-1,2,16,4,-3,1,7,1,thankyou
12.094701051712036,4,3,7,4,10,1,-6,1,14,7,-3,4,6,3,thankyou
12.094701051712036,14,5,0,3,4,0,0,3,9,9,5,8,9,17,thankyou
12.110714673995972,16,1,-5,7,-3,6,7,7,15,8,7,14,13,21,thankyou
12.110714673995972,0,0,-3,7,1,4,7,5,8,-3,-10,2,4,0,thankyou
12.125767469406128,-6,0,-11,0,6,0,10,-4,1,-5,-9,-8,-4,-6,thankyou
12.125767469406128,4,-4,-4,-13,0,0,10,-1,6,2,3,3,-3,2,thankyou
12.140957117080688,0,-7,-8,-16,-1,-5,0,4,7,3,-4,3,-2,-8,thankyou
12.15702986717224,-11,-4,-11,-3,-2,-12,-6,1,0,0,-7,-9,-9,-19,thankyou
12.15702986717224,-2,0,1,0,-7,-7,-1,-2,-1,-1,10,1,-8,-10,thankyou
12.15702986717224,-3,-4,-6,-10,-8,-8,-6,-4,-7,-9,3,0,-9,-11,thankyou
12.17311978340149,-21,-13,-7,-20,-3,-15,-22,-4,-32,-22,-27,-27,-28,-20,thankyou
12.17311978340149,-16,-6,-1,-11,-1,-4,-13,-4,-29,-15,-18,-18,-17,-8,thankyou
12.18921709060669,5,8,8,1,0,6,6,2,1,0,7,9,17,11,thankyou
12.18921709060669,5,8,6,4,5,7,-1,7,6,4,0,5,14,13,thankyou
12.204730749130247,-8,-2,-15,0,8,5,-8,1,-4,2,-9,-9,-4,1,thankyou
12.204730749130247,-5,1,1,0,-2,4,0,-3,0,-1,1,-1,2,0,thankyou
12.220983505249023,0,6,16,6,-6,0,0,-4,-2,-9,14,4,8,0,thankyou
12.236021518707275,1,5,8,14,2,-2,-6,-5,-18,-5,16,5,0,1,thankyou
12.236021518707275,14,13,12,27,7,0,0,-1,-10,10,21,18,5,9,thankyou
12.236021518707275,18,12,5,25,6,1,8,1,10,15,24,17,15,14,thankyou
13.58818244934082,-11,0,-4,14,3,0,9,-1,8,10,3,7,3,5,thankyou
13.58818244934082,-2,0,-4,1,2,-2,11,0,5,6,-6,4,-1,7,thankyou
13.603342533111572,-2,-2,-4,-14,12,1,10,0,1,2,-15,-1,-5,0,thankyou
13.603342533111572,-7,-2,0,-8,9,1,4,0,9,17,-5,1,3,1,thankyou
13.618993997573853,-3,-8,-5,-9,-11,-7,-5,-1,26,25,7,9,18,10,thankyou
13.618993997573853,0,-15,-15,-31,-19,-25,-20,-4,19,7,10,5,20,0,thankyou
13.634878158569336,-3,-4,4,-37,-12,-30,-34,0,-11,-21,5,2,7,-15,thankyou
13.634878158569336,-3,10,6,-8,-9,-14,-33,-2,-19,-23,11,0,0,-16,thankyou
13.64986538887024,4,13,7,4,-12,-4,-20,-5,-14,-16,22,2,2,-7,thankyou
13.64986538887024,8,16,20,0,-5,-6,-14,0,-24,-24,14,4,-3,-6,thankyou
13.664992332458496,2,18,2,18,3,0,-11,-1,-29,-21,-2,-6,-17,-8,thankyou
13.664992332458496,1,9,0,32,0,17,0,-5,-20,-1,-4,-6,-17,-1,thankyou
13.680317163467407,3,-1,0,16,1,21,7,0,-12,6,0,-3,-7,2,thankyou
13.680317163467407,9,2,0,13,17,17,12,6,-9,4,-7,-8,0,3,thankyou
13.695989608764648,13,9,11,28,16,13,11,4,-3,5,-8,-1,0,9,thankyou
13.695989608764648,1,0,0,19,0,1,4,-1,0,6,0,3,-1,13,thankyou
13.711167812347412,-3,-8,-1,-7,-4,0,2,4,6,11,-1,2,-2,6,thankyou
13.711167812347412,0,-4,3,-9,5,12,19,15,22,18,2,6,7,4,thankyou
13.727200746536257,0,-1,0,1,13,11,23,7,34,10,8,11,5,9,thankyou
13.727200746536257,0,0,5,1,4,0,10,-5,24,-1,-1,8,-2,3,thankyou
13.74317216873169,1,0,-1,-2,-4,0,6,-4,11,2,0,3,5,0,thankyou
13.74317216873169,0,-3,-9,-8,0,1,3,4,7,6,7,4,10,0,thankyou
13.759133577346802,-8,-5,-13,-11,6,-8,-7,1,0,-12,-2,-3,-2,-6,thankyou
13.759133577346802,-10,-5,-10,-7,-6,-14,-11,-6,-14,-32,-18,-17,-13,-14,thankyou
13.774464130401611,-6,-7,0,-8,-22,-3,-7,-4,-20,-17,-13,-13,-9,-8,thankyou
13.774464130401611,-3,-7,-11,-9,-12,0,-2,-5,-14,8,-5,-8,0,0,thankyou
13.790257930755615,0,0,-4,-3,1,-2,0,-2,-5,1,-9,-7,-4,0,thankyou
13.790257930755615,4,7,4,0,7,0,6,0,2,-4,-12,0,-4,-3,thankyou
13.80571222305298,-3,0,-3,-1,9,0,6,-2,9,11,-6,0,7,-7,thankyou
13.80571222305298,-14,-3,2,-7,1,-4,-3,-3,4,2,-10,-12,0,-11,thankyou
13.821703672409058,-11,-2,-1,-9,-8,-3,-7,-1,0,-10,-11,-19,-9,-7,thankyou
13.821703672409058,6,4,4,0,-4,-5,0,3,0,13,11,5,7,10,thankyou
13.837409257888794,16,9,10,15,4,-8,2,7,5,32,29,25,19,26,thankyou
13.837409257888794,4,-2,-2,8,0,-4,-1,0,1,7,19,7,4,15,thankyou
13.853211879730225,-2,-10,3,-3,-4,3,-2,-3,-7,-11,7,0,-1,0,thankyou
13.853211879730225,0,-8,0,-1,2,6,2,-2,-4,-1,4,1,0,-1,thankyou
13.868906497955322,0,-9,-5,-6,2,2,0,-5,0,0,0,-6,-5,1,thankyou
13.868906497955322,0,0,3,0,-2,1,-3,-1,2,-1,8,1,2,4,thankyou
13.88405728340149,3,19,10,19,1,0,-1,5,0,2,15,17,7,6,thankyou
13.88405728340149,1,13,15,6,2,0,-2,1,-11,-2,0,10,-5,0,thankyou
13.90031385421753,-2,-6,1,-12,-5,3,-10,-6,-15,-10,-7,-3,-3,-7,thankyou
13.90031385421753,-5,-6,-9,-5,-11,-1,-18,-4,-13,-12,-17,-2,0,-11,thankyou
13.915764808654783,-5,0,-7,-5,-11,-8,-15,1,-13,-14,-23,0,-11,-14,thankyou
13.915764808654783,-3,0,-12,-11,-3,0,-1,3,0,-7,0,-4,-3,-11,thankyou
13.93170952796936,3,10,6,0,7,11,6,11,20,-1,12,0,11,-3,thankyou
13.93170952796936,19,22,14,15,9,4,11,5,32,6,9,16,16,7,thankyou
13.94711136817932,23,18,9,15,5,-4,18,1,33,17,22,22,16,12,thankyou
13.94711136817932,8,6,5,0,6,-4,14,7,13,9,23,9,6,3,thankyou
13.963100671768188,2,-3,-8,-8,7,0,-1,0,-9,-7,6,-5,-4,-6,thankyou
13.963100671768188,7,0,3,2,4,0,-10,-9,-15,-12,0,-5,-6,-2,thankyou
13.97822880744934,0,4,7,16,5,-1,-1,-2,-6,-2,-3,-9,-6,2,thankyou
13.97822880744934,-5,-4,1,13,8,1,7,7,0,4,-17,-15,-7,2,thankyou
13.993762969970703,-3,-6,0,9,8,8,5,2,-1,5,-14,-7,-7,1,thankyou
13.993762969970703,-8,0,-10,12,5,8,0,-7,-11,0,0,-5,-6,0,thankyou
14.009131669998167,-10,-1,-3,8,2,7,-2,-7,-22,-2,-1,-3,0,3,thankyou
14.009131669998167,-9,-5,-5,0,2,12,0,-4,-20,2,-9,-2,0,6,thankyou
14.02430295944214,-18,-8,-18,-8,-6,5,7,-5,-16,0,-17,-14,-16,-4,thankyou
14.03987956047058,-24,-16,-11,-16,-15,0,16,-1,-3,1,-22,-23,-18,-10,thankyou
14.03987956047058,-17,-26,-15,-24,-12,3,20,1,14,15,-18,-17,0,0,thankyou
14.03987956047058,-10,-24,-8,-29,-13,2,6,3,12,16,-13,-5,4,5,thankyou
14.054929971694946,-7,-11,-1,-16,-17,-7,-9,4,9,9,-11,-2,3,1,thankyou
14.076605081558228,4,0,1,-1,-9,-11,-9,1,22,7,-6,2,9,9,thankyou
14.076605081558228,20,7,18,1,-4,-4,-3,1,25,4,10,21,13,13,thankyou
14.076605081558228,22,8,11,1,-1,-3,-9,0,16,3,24,21,13,1,thankyou
14.085508823394775,12,7,3,-4,0,-11,-19,0,1,-8,10,11,4,-7,thankyou
14.101129531860352,8,8,4,-7,-5,-12,-12,0,-4,-17,12,23,4,-6,thankyou
14.101129531860352,13,9,4,0,-7,-10,0,0,1,-9,35,27,12,-1,thankyou
14.117039442062378,10,8,14,-2,2,-10,-12,0,-6,-13,19,10,-1,-3,thankyou
14.117039442062378,0,2,8,-5,5,-12,-25,-4,-22,-24,-2,2,-13,-8,thankyou
14.132479429244995,5,5,6,3,5,-9,-10,0,-12,-12,13,9,3,-3,sil
14.132479429244995,11,16,3,20,17,-1,7,2,5,0,22,4,12,1,sil
14.14814019203186,3,17,-2,29,22,8,11,0,-2,-9,0,-7,-4,-1,sil
14.14814019203186,-3,6,6,22,13,13,8,0,-16,-9,-9,-13,-14,-4,sil
14.163807153701782,-17,-4,-11,9,10,8,5,1,-8,9,-4,-26,-9,-11,sil
14.163807153701782,-25,-4,-16,4,6,5,0,0,-5,10,-4,-24,-9,-15,sil
14.178800582885742,-7,0,1,8,0,13,8,2,-10,1,-6,-5,-4,0,sil
14.178800582885742,5,-4,-4,2,-1,12,15,4,2,5,-10,-4,2,13,sil
14.194092750549316,-4,-10,-5,-4,-4,6,7,6,14,9,-15,-10,-1,6,sil
14.194092750549316,-8,-1,0,3,-1,8,9,2,10,8,-9,-4,-3,-1,sil
14.21008038520813,2,7,7,9,8,17,19,-3,12,12,-2,1,5,6,sil
14.21008038520813,6,3,6,3,8,17,16,-1,14,17,-3,3,6,16,sil
14.225285291671751,2,-6,-8,-5,-4,0,5,-3,-1,11,-8,1,0,11,sil
14.225285291671751,3,-9,-5,-17,-16,-12,1,-6,-15,0,-5,2,0,4,sil
14.240553855895996,-3,-10,-8,-24,-21,-7,-6,-7,-11,1,-1,0,0,3,sil
14.240553855895996,-17,-17,-10,-29,-20,-11,-20,-3,-4,0,-15,-12,-7,-4,sil
14.25618052482605,-14,-17,-3,-33,-14,-19,-21,-1,1,-11,-25,-13,-12,-11,sil
14.25618052482605,4,-6,-5,-16,-5,-12,-7,1,23,-11,-2,6,0,0,sil
14.271897792816162,22,5,15,0,0,-9,-8,4,28,-2,25,38,22,14,sil
14.271897792816162,17,12,19,0,1,-15,-18,-1,5,-7,29,40,22,8,sil
14.287453889846802,1,9,0,-5,0,-15,-21,-5,-31,-22,8,14,-8,-14,sil
14.287453889846802,0,6,2,8,0,-4,-12,2,-46,-19,0,-1,-26,-23,sil
14.303423166275024,5,12,6,37,11,12,9,6,-14,3,15,-6,-5,-4,sil
14.303423166275024,0,10,2,36,20,27,33,5,19,19,8,-9,5,7,sil
14.318231105804443,-16,-10,-13,4,10,21,37,3,20,17,-10,-15,-1,-1,sil
14.318231105804443,-23,-23,-20,-11,-4,6,18,1,11,11,-16,-26,-4,-10,sil
14.333180904388428,-12,-6,-4,1,-6,3,4,4,19,16,-8,-17,4,1,sil
14.333180904388428,8,6,-1,7,7,1,6,2,30,24,16,11,25,19,sil
14.349187850952148,23,10,12,0,14,-2,1,0,22,15,32,26,35,21,sil
14.349187850952148,16,9,11,-5,3,-12,-19,-3,-4,-8,17,11,15,1,sil
14.363877534866331,6,5,-5,-8,-5,-26,-41,-10,-35,-31,3,1,-5,-15,sil
14.363877534866331,7,10,11,-8,-1,-21,-43,-8,-43,-36,5,6,-10,-13,sil
14.37983250617981,6,15,16,8,5,0,-21,-4,-24,-25,3,-1,-13,-6,sil
14.37983250617981,0,11,10,22,3,5,0,-1,-11,-13,-12,-12,-22,-9,sil
14.39451813697815,-8,3,0,15,-1,7,6,0,-11,-10,-23,-11,-24,-14,sil
14.39451813697815,-10,0,-5,7,-1,16,16,5,-4,-11,-20,-12,-20,-4,sil
14.41085720062256,-7,-2,4,5,2,16,28,9,5,-7,-21,-12,-16,7,sil
14.425904273986816,-14,-10,-9,0,2,6,29,2,17,13,-24,-12,-9,7,sil
14.425904273986816,-12,-22,-18,-17,-4,7,21,0,18,24,-18,-6,-2,8,sil
14.439967155456545,1,-16,-6,-13,-3,13,19,4,11,27,-5,1,11,21,sil
14.439967155456545,7,0,-2,4,1,9,17,-2,5,27,4,5,18,20,sil
14.455219745635986,2,-3,0,0,-3,4,6,-9,8,15,11,6,10,5,sil
14.455219745635986,-1,-17,-9,-19,-8,-3,0,0,19,13,15,4,19,0,sil
14.471295595169067,0,-10,-5,-21,-7,-14,-5,4,20,22,14,9,26,2,sil
14.471295595169067,5,3,2,-10,-2,-11,-13,-3,12,8,11,14,10,0,sil
14.486984968185425,2,0,-10,-10,-3,-8,-23,-4,4,-12,8,3,1,-7,sil
14.486984968185425,-2,-5,0,-23,-11,-17,-25,9,-2,-12,11,0,5,-12,sil
14.502774477005005,-3,6,7,-16,-6,-15,-14,5,-5,-6,16,9,7,-6,sil
14.502774477005005,0,14,4,2,1,-4,-10,-5,-9,-16,4,11,2,-5,sil
14.518862009048462,-1,8,2,2,0,-3,-22,-4,-22,-29,-8,-5,-14,-19,sil
14.518862009048462,-9,2,-3,1,0,-8,-20,-2,-28,-35,-12,-25,-31,-28,sil
14.534048318862917,-12,8,12,15,8,0,-1,-2,-29,-30,-14,-17,-25,-20,sil
14.534048318862917,-5,13,8,25,9,8,7,-2,-20,-9,-4,0,-6,-6,sil
14.549738645553589,8,10,4,26,11,11,7,1,-5,7,8,7,1,10,sil
14.549738645553589,17,12,16,26,14,12,15,1,-2,8,10,12,0,19,sil
14.565502166748049,7,7,-1,21,7,10,16,0,0,13,3,2,0,10,sil
14.565502166748049,0,-2,-7,14,2,9,6,1,6,20,-4,-5,0,11,sil
14.581172227859495,10,-4,4,11,7,8,6,3,9,23,-2,4,6,19,sil
14.581172227859495,12,-6,8,1,7,7,14,1,12,20,0,8,4,16,sil
14.5970299243927,2,-8,2,-3,0,10,16,0,22,12,-10,-4,-1,14,sil
14.5970299243927,-4,-8,-14,2,-7,1,11,-1,14,0,-18,-14,-4,3,sil
14.61306118965149,-5,-14,-6,-6,-17,-7,0,0,2,0,-14,-6,-6,-9,sil
14.61306118965149,0,-18,-3,-20,-15,-1,0,0,18,15,1,1,7,3,sil
14.629170656204224,5,-9,-11,-26,-8,0,4,-2,22,12,7,6,21,16,sil
14.629170656204224,1,1,-4,-28,-13,-12,-6,0,1,-15,0,9,9,-3,sil
14.644802808761597,0,0,-5,-20,-11,-18,-13,1,-1,-25,3,5,1,-14,sil
14.644802808761597,1,2,0,-11,0,-11,-5,5,5,-12,13,5,8,0,sil
14.660163879394531,0,12,3,-6,0,-3,0,4,1,-4,14,5,8,5,sil
14.660163879394531,1,16,0,3,0,-4,-3,0,-2,-3,17,2,1,-4,sil
14.675231456756592,-4,6,2,1,7,-9,-14,-1,-8,-8,11,-1,-6,-17,sil
14.675231456756592,-19,-5,-9,-8,7,-7,-20,-2,-18,-15,-3,-11,-15,-26,sil
14.691336393356323,-8,6,2,2,6,2,-12,0,-19,-12,-7,-6,-12,-19,sil
14.691336393356323,4,17,13,25,10,0,-6,0,-16,-6,0,8,-2,-9,sil
14.70696187019348,-4,0,0,21,6,-8,-10,-2,-16,-8,-1,3,-1,-11,sil
14.70696187019348,-4,-3,7,7,2,7,3,1,-10,0,-3,-2,-2,-1,sil
14.721967458724976,6,5,8,12,10,25,24,6,8,26,6,-2,9,15,sil
14.721967458724976,-4,-2,1,8,8,11,14,1,5,22,-3,-9,9,9,sil
14.737530708312988,-23,-16,-10,-4,-1,2,2,-8,-12,-1,-28,-22,-10,-1,sil
14.737530708312988,-21,-20,-20,-7,-1,12,15,-8,-10,0,-30,-29,-21,0,sil
14.752966403961182,-8,-17,-4,-6,-2,11,17,3,6,18,-14,-19,-11,-1,sil
14.752966403961182,0,-2,0,-1,-3,4,6,2,5,14,-4,-8,-5,-2,sil
14.76866865158081,7,3,3,0,0,6,6,-7,-7,-6,-7,-2,-7,8,sil
14.76866865158081,11,0,6,-2,-3,9,15,-4,3,1,-4,5,6,16,sil
14.783833265304564,10,-1,0,-2,-9,0,10,1,24,21,7,18,26,15,sil
14.783833265304564,11,2,9,-3,-9,-11,-5,4,25,11,13,27,26,18,sil
14.79897665977478,18,-1,9,0,-6,-16,-12,0,24,0,21,27,20,15,sil
14.79897665977478,25,-1,5,1,-4,-14,-14,0,22,0,30,24,19,12,sil
14.815070867538452,21,7,7,-1,0,-8,-18,2,12,-2,25,16,14,15,sil
14.815070867538452,8,8,-6,-2,0,-10,-13,5,6,-2,14,6,3,10,sil
14.831171989440918,0,7,0,-4,-5,-17,-12,2,-1,-7,3,4,-14,-9,sil
14.831171989440918,-5,4,-1,-11,-6,-20,-22,-7,-23,-29,0,0,-31,-31,sil
14.847008228302002,-3,0,-5,-11,-6,-20,-23,-9,-42,-43,-8,-2,-36,-32,sil
14.847008228302002,-5,0,0,-4,-8,-10,-13,-1,-42,-34,-18,-2,-33,-25,sil
14.862066984176636,-18,0,-13,0,0,6,-7,0,-27,-23,-19,-13,-27,-25,sil
14.862066984176636,-14,5,-4,4,13,22,0,1,-6,-13,-6,-8,-8,-17,sil
14.877350568771362,0,13,5,22,20,25,19,10,20,13,12,8,19,4,sil
14.877350568771362,5,14,7,34,18,19,26,11,31,37,14,8,28,20,sil
14.892729997634888,8,13,15,24,18,19,25,6,19,30,5,5,23,25,sil
14.892729997634888,9,6,6,10,15,15,23,2,9,11,4,0,22,19,sil
14.908086776733398,0,0,0,9,1,2,11,-1,3,5,-2,-9,13,7,sil
14.908086776733398,-5,0,-1,10,1,1,7,-4,0,11,-6,-14,2,0,sil
14.924128770828249,-3,-3,-3,-1,7,4,10,-2,-2,6,-7,-13,-8,-9,sil
14.924128770828249,-18,-15,-7,-19,-6,-5,0,-5,-16,-11,-26,-26,-25,-24,sil
14.939157247543337,-26,-22,-25,-26,-20,-13,-7,-16,-29,-12,-34,-36,-24,-22,sil
14.939157247543337,-3,-17,-9,-15,-12,-5,0,-3,-8,9,-7,-13,0,-1,sil
14.95472526550293,1,-10,3,-1,-3,0,5,13,16,25,7,0,16,10,sil
14.95472526550293,-13,-11,-12,-11,-8,-6,-4,6,12,15,-4,-13,10,9,sil
14.970991849899292,-15,-16,-6,-32,-11,-5,-12,-1,4,4,-4,-11,3,9,sil
14.970991849899292,-6,-17,-2,-32,-5,-1,-13,-1,11,5,11,6,14,9,sil
14.98558259010315,0,-1,3,-14,-1,-5,-11,0,9,-3,12,16,21,9,sil
15.00277590751648,13,9,11,2,-3,-5,-5,1,2,-14,10,19,7,12,sil
15.00277590751648,22,4,8,2,-4,-7,-6,0,-3,-10,11,22,-6,3,sil
15.00277590751648,17,8,13,2,-2,-6,-12,-3,-15,-15,8,25,-11,-7,sil
15.016223907470703,20,18,14,23,4,0,-4,0,-8,-12,13,25,-4,2,sil
15.01722526550293,34,21,24,31,8,2,5,5,8,3,21,31,3,17,sil
15.033220052719116,24,20,16,23,7,3,7,4,14,10,18,27,4,14,sil
15.033220052719116,-6,11,-10,23,12,9,10,0,7,0,0,-4,-8,0,sil
15.046851396560667,-23,-2,-11,14,12,13,4,-1,-2,-10,-17,-28,-20,-15,sil
15.061907768249512,-20,-9,-17,-6,-1,6,0,-3,-9,-14,-21,-26,-17,-19,sil
15.061907768249512,-10,-6,-11,-12,-11,0,0,0,-1,0,-12,-9,-5,-8,sil
15.07790994644165,0,0,2,-1,0,0,0,2,10,14,-1,0,3,-4,sil
15.07790994644165,-2,-3,-6,2,1,-6,-7,-7,0,0,-6,-6,0,-11,sil
15.093979597091677,-8,-7,-4,-4,-5,-8,-5,-10,-18,-20,-17,-9,-12,-10,sil
15.093979597091677,-4,-8,-4,-14,-7,-2,2,-4,-10,-11,-14,-6,-7,-7,sil
15.109288454055786,0,-5,-4,-14,-8,-1,2,0,2,0,-9,-4,0,-7,sil
15.109288454055786,-2,4,1,-1,-4,0,4,2,-1,-3,-4,-2,2,0,sil
15.12483835220337,-3,8,-5,3,6,0,4,2,-5,-2,7,1,7,6,sil
15.12483835220337,-1,1,5,-11,5,-9,-5,6,-6,1,14,11,10,0,sil
15.140862941741943,3,0,9,-14,0,-9,-7,6,3,8,17,18,13,4,sil
15.140862941741943,15,7,10,5,3,0,4,5,12,14,19,11,16,11,sil
15.156874179840088,17,14,13,12,8,9,2,2,5,10,13,6,9,4,sil
15.156874179840088,8,10,0,9,9,2,-6,0,-1,1,12,6,0,-2,sil
15.172718048095703,6,4,4,4,5,-1,-7,4,-6,-5,13,5,-2,-1,sil
15.172718048095703,1,-3,0,6,4,6,5,3,-11,0,1,-5,-2,0,sil
15.187769412994385,-3,-7,-6,9,6,15,16,-3,-1,11,-9,-14,-4,7,sil
15.187769412994385,-3,-7,0,12,2,15,15,-1,12,11,-8,-15,-3,13,sil
15.20386528968811,-15,-15,-13,5,-1,8,6,1,5,0,-9,-25,-6,0,sil
15.20386528968811,-24,-15,-12,-2,0,8,0,-2,0,-1,-20,-28,-10,-10,sil
15.219305992126465,-7,0,-4,0,-4,8,2,-5,1,2,-17,-17,-2,0,sil
15.219305992126465,0,0,-8,-2,-17,-1,-1,-6,-4,-3,-8,-11,-2,5,sil
15.234955072402954,-8,-8,-3,-16,-13,-3,-6,-8,-7,-5,-11,-5,-7,0,sil
15.234955072402954,-2,-5,-1,-6,2,0,-1,-4,3,9,-6,6,7,2,sil
15.251155614852903,10,0,5,9,2,-6,2,4,12,12,8,20,18,13,sil
15.251155614852903,5,1,5,0,-5,-9,1,6,18,1,16,26,11,14,sil
15.266735553741457,7,4,1,-7,-4,-5,0,0,15,1,10,22,12,7,sil
15.266735553741457,15,6,10,-7,-4,-3,-4,0,5,-3,5,20,13,1,sil
15.28186845779419,9,0,-4,-19,-9,-14,-10,0,9,-12,4,15,0,-1,sil
15.28186845779419,4,2,-2,-28,-12,-23,-14,1,5,-8,0,10,-10,-6,sil
15.297038316726685,3,8,4,-9,-4,-13,-12,0,-14,-1,2,3,-7,-15,sil
15.297038316726685,-1,8,0,6,7,0,-7,1,-16,-8,6,0,-2,-13,sil
15.312216758728027,-3,8,8,2,9,0,-2,3,-8,-9,4,3,-3,-2,sil
15.312216758728027,-7,1,2,-2,0,0,3,-3,-13,-1,-2,-1,-5,-8,sil
15.327794551849363,-10,-5,2,-4,0,7,1,-1,-20,-9,-11,-4,-10,-14,sil
15.327794551849363,-4,1,10,8,9,10,0,6,-8,-4,-2,0,-5,-3,sil
15.342947006225586,0,5,0,19,16,7,7,0,0,13,9,-7,3,1,sil
15.342947006225586,-6,-4,0,7,11,3,10,-7,-5,3,-9,-20,-5,-1,sil
15.358121395111084,-7,-7,-4,5,4,-3,-2,-4,-9,-10,-26,-26,-18,-5,sil
15.358121395111084,-1,-2,-2,13,0,-7,-9,-1,-8,-7,-3,-14,-11,-4,sil
15.37410831451416,1,-4,-2,7,-6,1,-1,-1,0,-5,16,-1,1,2,sil
15.37410831451416,0,-6,-10,0,-5,4,5,1,9,-3,4,-7,1,4,sil
15.389896154403688,1,2,0,3,3,4,6,6,12,-2,-10,-14,-1,0,sil
15.389896154403688,1,5,-2,10,9,8,8,4,9,0,-10,-7,0,2,sil
15.404855966567991,4,0,-4,10,7,10,5,0,10,12,1,6,7,10,sil
15.404855966567991,8,2,4,6,6,10,1,5,13,20,12,15,12,8,sil
15.420098304748535,4,0,-5,0,0,11,0,2,7,10,0,6,5,3,sil
15.420098304748535,0,-8,-4,-13,-12,4,0,0,-1,3,-8,3,-3,3,sil
15.43576431274414,0,-9,-1,-16,-14,-4,2,-5,4,7,17,17,8,10,thankyou
15.45131516456604,1,0,5,-3,-10,-3,0,-7,6,4,26,18,18,11,thankyou
15.45131516456604,6,8,9,3,-5,0,-3,-5,-10,-3,1,6,4,0,thankyou
15.45131516456604,13,11,-2,5,2,-1,5,0,-5,5,-1,4,4,0,thankyou
15.466974973678589,9,11,7,5,4,-3,11,9,15,23,12,11,18,7,thankyou
15.466974973678589,1,5,3,4,-1,-6,4,8,19,24,14,7,14,2,thankyou
15.482172966003418,-1,-2,-4,-8,-3,-6,-3,1,2,3,5,1,3,-3,thankyou
15.482172966003418,-7,0,10,-16,-3,-1,-8,-1,-11,-9,-4,1,0,1,thankyou
15.497860670089722,-7,0,2,-6,-2,-7,-2,0,-8,-10,-8,-2,-5,0,thankyou
15.497860670089722,2,-3,-2,-3,0,-12,5,0,0,-10,-7,-4,-12,-5,thankyou
15.512995719909668,-4,-3,-4,-6,4,-2,5,-3,-1,-10,-7,-9,-14,-6,thankyou
15.512995719909668,-17,-2,-6,-5,1,1,-4,-7,-11,-15,-12,-20,-21,-9,thankyou
15.530132532119753,-9,-4,0,-6,0,-1,-10,-1,-12,-19,-10,-12,-18,-9,thankyou
15.530132532119753,-8,-9,-5,-10,-1,-4,-10,0,-4,-12,-1,0,-9,-8,thankyou
15.544772863388062,-20,-7,-6,-9,-7,-7,-16,-3,-13,-17,-9,-10,-17,-19,thankyou
15.560941457748411,-12,-1,-5,-3,-2,-5,-15,-5,-26,-28,-22,-20,-18,-20,thankyou
15.560941457748411,5,1,0,1,9,6,-3,-3,-9,-10,-10,-6,2,0,thankyou
15.560941457748411,8,0,13,7,9,15,3,2,19,14,7,8,14,14,thankyou
15.575966119766235,9,1,1,12,4,11,10,7,23,12,5,4,12,11,thankyou
15.594139575958252,14,5,0,7,0,2,13,9,13,2,-1,1,6,13,thankyou
15.594139575958252,7,3,-1,2,-5,-1,2,0,4,9,4,4,2,10,thankyou
15.594139575958252,-4,-5,-12,4,-8,0,-3,-2,-4,11,0,0,-1,-2,thankyou
15.607776403427124,-8,-9,2,5,-2,12,2,0,-6,5,-23,-9,-5,-7,thankyou
15.622287511825562,-3,-3,5,10,5,14,9,-3,13,24,-8,-3,2,4,thankyou
15.622287511825562,10,7,8,14,10,2,6,0,18,30,33,20,24,17,thankyou
15.637840270996094,15,13,10,12,8,-7,0,3,0,1,36,26,22,10,thankyou
15.637840270996094,3,3,-4,6,1,-14,-3,-6,-12,-11,8,3,-5,-6,thankyou
15.652976989746094,1,4,1,2,4,-8,1,-1,-3,2,3,3,-5,-7,thankyou
15.652976989746094,4,7,2,-3,4,-1,5,7,3,5,8,8,12,1,thankyou
15.668141603469849,-2,-7,-3,-16,-12,-9,-5,0,-9,-7,-4,-2,0,-1,thankyou
15.668141603469849,-4,-5,-2,-10,-13,-12,-6,-3,-18,-13,-5,-4,-12,-7,thankyou
15.683863401412964,7,13,-2,4,1,0,0,1,-5,-12,4,1,0,-1,thankyou
15.683863401412964,14,12,8,2,0,3,1,2,1,-3,5,5,3,4,thankyou
15.699235439300535,5,-1,1,-6,-10,0,3,1,5,13,7,3,4,5,thankyou
15.699235439300535,-8,-6,-6,-11,-6,4,3,0,9,5,-3,-8,-1,0,thankyou
15.714882612228394,-9,-6,-2,-10,-2,5,0,1,4,-13,-19,-11,-12,-1,thankyou
15.714882612228394,0,-9,-7,-9,0,-1,3,1,6,-1,0,2,0,4,thankyou
15.730104684829712,0,-4,-1,-13,0,-4,0,0,8,3,12,4,9,7,thankyou
15.730104684829712,-7,2,-5,-3,6,4,-3,-2,2,-7,-5,-10,-2,-4,thankyou
15.745771169662476,-5,5,-4,15,13,16,9,0,0,-7,-11,-8,-4,-11,thankyou
15.745771169662476,-9,0,0,9,3,10,8,-3,-3,1,0,0,0,-6,thankyou
15.761844396591188,-14,-10,-8,-1,-2,-3,-2,-6,-8,-1,-4,-8,-7,-5,thankyou
15.761844396591188,-6,-5,4,7,9,0,-1,2,-1,-5,-10,-4,-5,-1,thankyou
15.777887105941772,0,2,8,11,11,6,0,0,9,-1,1,9,6,7,thankyou
15.777887105941772,3,0,1,-3,-11,-7,-12,-6,0,0,5,6,3,3,thankyou
15.79314112663269,3,0,6,-8,-15,-11,-16,1,-10,1,-3,-5,-10,-4,thankyou
15.79314112663269,0,9,-3,10,9,0,-5,6,-5,8,-8,-14,-16,-6,thankyou
15.808786153793337,-3,5,-1,13,11,1,-8,0,-9,1,-14,-10,-15,-8,thankyou
15.808786153793337,-1,-7,1,-3,-10,-11,-12,-1,-12,-10,-10,-4,-11,-9,thankyou
15.824377298355104,2,-7,3,-13,-11,-14,-6,1,2,-5,3,0,0,-1,thankyou
15.824377298355104,11,2,11,-7,2,1,2,2,13,9,10,10,15,4,thankyou
15.839004516601562,12,3,-1,-1,3,7,12,-1,12,21,4,11,19,4,thankyou
15.839004516601562,9,1,2,0,0,0,15,1,10,17,1,10,15,10,thankyou
15.854766607284546,5,1,6,-2,2,-3,5,4,2,-1,6,13,11,11,thankyou
15.854766607284546,5,2,-5,-1,7,-3,-1,0,-9,-10,9,11,2,3,thankyou
15.870283603668211,10,6,4,7,8,2,6,-1,-3,4,9,9,1,5,sil
15.870283603668211,4,3,3,10,2,5,8,-2,12,14,7,3,10,6,sil
15.885776042938232,-12,-7,-5,-7,-6,1,0,1,0,-6,-7,-8,0,-5,sil
15.885776042938232,-21,-13,-17,-13,-9,1,0,0,-18,-19,-20,-19,-15,-12,sil
15.900915622711182,-14,-7,-24,-1,-9,7,6,-7,-14,-8,-13,-21,-10,-6,sil
15.900915622711182,-11,-2,-4,-4,-13,4,3,-6,-7,-4,-7,-11,-5,-4,sil
15.916959285736084,-9,-1,2,-4,-6,0,1,-4,-1,-6,-5,0,-3,2,sil
15.916959285736084,5,3,6,3,1,-1,0,-1,0,-10,-1,7,0,15,sil
15.933305025100708,20,10,11,8,2,0,0,4,4,-3,17,9,9,16,sil
15.933305025100708,13,4,1,7,5,0,-1,4,13,13,31,5,13,8,sil
15.94888973236084,0,-3,2,3,7,-1,0,4,15,15,18,6,3,0,sil
15.94888973236084,0,-1,1,1,1,-1,-4,2,7,6,10,5,4,-4,sil
15.964058876037598,6,5,8,1,-1,-4,-10,0,2,11,21,14,13,0,sil
15.964058876037598,6,6,15,3,4,-4,-12,0,2,5,16,14,2,0,sil
15.979801654815674,0,2,1,4,7,-7,-9,-1,-1,-13,-3,-4,-9,-10,sil
15.979801654815674,-9,0,2,1,-1,-10,-8,2,-8,-19,-12,-7,-8,-17,sil
15.994906187057495,-11,0,-2,-2,-6,-4,-5,3,-10,-14,-13,-4,-14,-11,sil
15.994906187057495,-1,4,-3,3,3,5,-1,1,-5,-8,-18,-10,-19,-3,sil
16.011135578155518,10,15,6,19,15,12,3,0,1,3,-9,-1,-10,-3,sil
16.011135578155518,6,6,-3,15,17,14,8,-1,-1,1,-2,0,-7,-8,sil
16.026233434677124,-2,-7,-4,0,5,12,7,-3,-16,-8,-23,-12,-8,-2,sil
16.041882276535034,0,-2,-7,-1,-5,2,7,-4,-10,7,-28,-8,0,5,sil
16.041882276535034,-1,-6,-6,-7,-7,-3,9,1,7,22,-7,-6,2,2,sil
16.057931661605835,-10,-21,-4,-20,-5,5,10,5,7,10,-10,-16,-5,-2,sil
16.057931661605835,-7,-18,-14,-11,-8,3,9,0,4,2,-14,-7,0,0,sil
16.083099126815796,4,-2,1,-1,-10,0,9,-1,11,10,9,14,16,14,sil
16.083099126815796,5,1,4,0,0,7,9,1,19,24,21,13,24,22,sil
16.083099126815796,0,-2,-9,-7,0,2,4,1,16,17,5,0,17,14,sil
16.083099126815796,-2,-5,-4,-14,-9,-9,-2,-1,4,-9,-6,-1,0,4,sil
16.09002947807312,-3,-8,-5,-15,-14,-16,-11,-12,-8,-22,-7,-1,-9,-5,sil
16.104140996932983,-6,-6,-2,-18,-11,-15,-27,-12,-11,-15,0,3,-2,-15,sil
16.120078802108765,-3,0,-3,-17,-2,-13,-25,0,-3,-10,19,7,9,-11,sil
16.120078802108765,3,5,-1,-10,4,-17,-15,2,-6,-17,19,7,6,-1,sil
16.120078802108765,8,8,16,-3,1,-18,-18,-1,-16,-21,11,9,0,-2,sil
16.136231660842896,7,17,16,12,3,-7,-13,0,-11,-6,23,8,5,0,sil
16.136231660842896,5,20,14,29,12,6,5,6,-6,0,19,5,1,3,sil
16.15172004699707,-1,12,4,29,12,17,11,5,-8,-8,-2,-1,-8,0,sil
16.15172004699707,-8,4,-4,22,3,13,6,4,-6,-2,-4,-6,-10,-3,sil
16.169262886047363,-4,4,11,22,4,13,19,6,-5,9,0,-1,-18,-1,sil
16.169262886047363,5,7,10,26,12,15,35,5,2,11,-3,1,-12,4,sil
16.18439292907715,9,7,9,19,6,6,26,3,17,15,0,3,5,12,sil
16.199005603790283,1,-5,-1,-2,-1,0,5,0,15,16,0,-1,4,10,sil
16.199005603790283,-1,-21,-17,-15,-3,0,-1,-4,-4,6,-20,-17,-11,-1,sil
16.216081619262695,9,-10,0,-4,-5,1,0,-6,-5,8,-22,-8,-3,0,sil
16.216081619262695,13,7,2,9,0,2,0,-3,18,24,12,14,22,13,sil
16.216081619262695,5,0,-4,-1,10,1,-7,0,20,11,18,12,21,15,sil
16.229721546173096,-1,-12,-8,-17,2,0,-10,-1,5,-7,-6,-4,1,-2,sil
16.2452449798584,-5,-15,-17,-18,-9,0,-8,-5,7,-4,-18,-11,-5,-13,sil
16.2452449798584,-4,-11,-7,-18,-7,0,-9,1,12,-4,-13,-3,0,-5,sil
16.260380744934082,0,-5,-3,-21,-6,-6,-5,2,0,-18,-9,-7,0,-6,sil
16.260380744934082,-7,-2,-7,-20,-15,-10,-3,-4,-14,-22,-14,-19,-13,-21,sil
16.275925397872925,-18,-1,-8,-9,-13,-6,-9,-1,-6,-7,-10,-16,-12,-26,sil
16.275925397872925,-11,3,1,-2,-4,-5,-10,2,8,4,9,2,7,-10,sil
16.291356086730957,2,14,15,-3,4,0,0,1,5,1,21,17,15,5,sil
16.291356086730957,2,14,1,4,13,0,5,-1,-6,-6,13,7,0,0,sil
16.30696964263916,-7,1,-1,17,9,-1,0,2,-12,-2,0,-2,-9,-11,sil
16.30696964263916,-16,-6,0,15,0,7,10,5,-10,9,-2,0,-2,1,sil
16.32274293899536,-8,-3,-14,12,-1,12,28,-3,0,17,0,1,1,19,sil
16.32274293899536,12,-1,3,7,0,1,18,-4,0,1,-7,1,-1,23,sil
16.338114500045776,21,-3,6,-1,1,-8,-2,0,-2,-8,-5,6,3,20,sil
16.338114500045776,16,2,2,-2,3,-13,-6,-1,-6,-13,7,9,2,12,sil
16.35376763343811,9,13,20,3,0,-11,-12,-5,-15,-21,10,12,-12,-1,sil
16.35376763343811,-1,8,7,1,1,-8,-22,-1,-20,-20,7,6,-12,-13,sil
16.369281768798828,-6,2,-2,-6,5,0,-19,2,-19,-9,1,-2,-7,-18,sil
16.369281768798828,-6,4,1,5,6,10,-6,-1,-9,5,-5,-11,-7,-13,sil
16.384806871414185,-8,0,3,11,6,15,3,1,6,30,-2,-8,3,0,sil
16.384806871414185,-12,-10,8,-5,-1,12,9,9,19,40,3,-1,19,13,sil
16.399942874908447,-5,-9,-1,-12,-15,4,7,3,23,21,-5,-7,15,14,sil
16.399942874908447,10,-7,0,0,-16,-6,0,0,26,8,-11,-3,7,12,sil
16.415106058120728,14,-9,-1,0,-12,-14,0,0,23,7,3,8,15,14,sil
16.415106058120728,7,-9,-9,-16,-16,-15,-4,-6,0,-16,6,6,11,4,sil
16.43025255203247,6,-2,-1,-22,-8,-9,-16,-5,-17,-36,0,7,-9,-15,sil
16.43025255203247,8,7,0,-5,3,-1,-7,2,-2,-12,14,12,-10,-16,sil
16.44608783721924,11,20,8,11,7,7,11,5,10,7,23,8,4,-1,sil
16.44608783721924,9,22,8,20,16,17,14,0,-3,-5,9,0,0,-2,sil
16.461726427078247,-2,12,-7,23,28,19,14,1,-14,-9,-2,-4,-12,-10,sil
16.461726427078247,-9,4,-2,18,26,23,28,6,-2,9,-2,-6,-5,0,sil
16.476967573165894,-9,-5,-4,10,13,15,29,0,6,17,-7,-12,-1,11,sil
16.476967573165894,-12,-17,-5,-1,-4,-9,6,-3,-3,-4,-26,-16,-12,3,sil
16.49271035194397,-13,-13,-8,-6,-10,-13,-4,-1,-1,-9,-21,-10,-3,-5,sil
16.49271035194397,-2,-1,-7,6,3,0,6,-1,15,11,4,-1,11,1,sil
16.507845640182495,2,2,8,7,2,-1,2,-2,10,10,3,3,2,1,sil
16.507845640182495,-8,-1,-6,-9,-11,-16,-10,-5,-4,-4,-9,-2,-6,-9,sil
16.52352547645569,-14,-5,-15,-22,-10,-10,-13,0,-3,-4,-6,-6,-1,-5,sil
16.52352547645569,-9,-6,-8,-16,-10,0,-13,5,3,7,-3,-4,1,0,sil
16.539093494415283,-9,-12,-12,-17,-17,-9,-21,-1,0,13,-7,-4,0,-7,sil
16.55473566055298,-4,-11,0,-23,-10,-9,-22,-6,-2,4,-1,11,5,0,sil
16.55473566055298,11,0,9,-15,0,4,-8,0,0,-5,10,20,15,13,sil
16.55473566055298,19,6,10,-6,-3,4,-4,2,-5,-6,12,10,14,9,sil
16.569833993911743,16,1,10,-1,-5,-4,-13,-1,-9,-2,7,5,7,3,sil
16.569833993911743,22,7,11,15,0,-4,-14,-5,-10,-4,7,12,3,5,sil
16.58592391014099,24,22,27,29,8,0,-8,-1,-20,-16,9,15,-5,0,sil
16.58592391014099,6,17,11,11,10,0,-10,1,-23,-26,5,1,-20,-13,sil
16.601158380508423,-9,0,-6,-8,-2,-6,-11,5,-12,-23,-2,-10,-30,-21,sil
16.601158380508423,-9,-1,0,6,-1,-4,0,4,-2,-13,-4,-15,-24,-18,sil
16.61721181869507,-9,7,0,28,12,3,12,0,0,-5,-3,-19,-13,-8,sil
16.61721181869507,-19,7,-4,18,13,16,22,2,2,2,-8,-20,-12,-1,sil
16.63275647163391,-22,-7,-19,6,4,24,36,3,14,18,-13,-21,-4,4,sil
16.63275647163391,-7,-18,-11,4,2,16,43,2,32,30,-4,-11,15,22,sil
16.648730754852295,6,-4,10,3,8,12,37,3,38,36,12,14,22,34,sil
16.648730754852295,7,0,-5,4,12,13,23,1,33,42,17,23,19,17,sil
16.664960145950317,5,-6,-5,-5,0,3,1,-2,16,20,3,17,19,1,sil
16.664960145950317,1,-6,-2,-13,-6,-7,-10,-6,0,-9,-7,13,15,3,sil
16.68105459213257,3,-2,-8,-15,-2,-14,-8,-4,-5,-12,-8,8,4,2,sil
16.68105459213257,13,-5,4,-20,-10,-20,-9,3,0,6,4,9,7,1,sil
16.695720434188843,9,-4,4,-20,-18,-23,-17,2,-1,1,15,8,12,2,sil
16.695720434188843,3,1,0,-9,-11,-13,-18,0,-17,-20,0,3,0,-7,sil
16.710955381393433,3,4,-2,-5,-5,-3,-8,2,-19,-14,-2,0,0,-7,sil
16.727046251296997,-2,0,-4,-11,-9,-4,-7,-2,-17,-4,10,-3,3,2,sil
16.727046251296997,-12,0,4,-6,-7,-2,-15,-10,-20,-15,3,-14,-12,-9,sil
16.727046251296997,-10,7,6,8,2,2,-12,-10,-12,-15,-10,-24,-24,-28,sil
16.743714809417725,-2,13,11,12,6,-1,-7,1,-7,-6,-5,-9,-16,-18,sil
16.743714809417725,2,10,0,15,5,-1,-6,3,-13,-5,0,3,-8,-4,sil
16.75777268409729,0,2,-11,14,8,9,-1,1,-6,-4,-5,-2,-5,-5,sil
16.758771419525146,-5,0,8,8,10,7,2,3,3,-5,-8,-5,-6,-1,sil
16.772904872894287,1,3,5,17,10,0,5,4,12,0,-3,-5,-1,5,sil
16.789063930511475,8,4,1,14,4,8,14,4,18,14,-2,0,7,10,sil
16.789063930511475,0,-4,-1,-6,0,14,16,1,16,16,2,8,12,13,sil
16.789063930511475,-6,-13,-10,-9,0,0,0,-3,2,0,2,3,8,6,sil
16.806644439697266,-2,-9,1,-1,0,-2,-8,-3,-3,-9,-9,0,0,-1,sil
16.806644439697266,3,-1,1,1,-2,6,0,-1,1,0,-7,5,0,3,sil
16.820053339004517,7,2,2,7,-5,10,3,0,0,2,-1,7,0,6,sil
16.836088180541992,4,-1,3,2,1,3,1,2,0,0,-6,-1,-4,-3,sil
16.836088180541992,-3,-11,-12,-15,5,-5,2,-1,8,4,-5,-8,-6,-5,sil
16.85315775871277,-5,-8,-1,-13,-5,-8,-1,0,7,5,7,0,0,0,sil
16.85315775871277,1,2,5,1,-12,-8,-3,1,2,2,18,6,6,2,sil
16.85315775871277,1,2,-4,-3,-5,-10,-1,0,0,5,8,0,0,1,sil
16.867752075195312,-14,-8,-16,-20,-2,-3,-1,0,-4,5,-6,-15,-10,-3,sil
16.884315729141235,-22,-5,-19,-17,0,2,-4,2,-3,-1,-7,-15,-8,-11,sil
16.884315729141235,-3,15,7,2,5,1,-1,3,8,1,-2,2,2,-4,sil
16.884315729141235,14,20,13,19,4,-2,5,0,9,8,8,12,11,9,sil
16.89911389350891,14,7,5,11,2,-1,8,-6,-9,0,20,11,6,13,sil
16.914067029953003,6,0,5,-4,3,1,7,-6,-17,-6,6,11,-5,3,sil
16.914067029953003,0,-2,1,-3,-2,3,10,-1,-7,0,-6,6,-6,-3,sil
16.929222106933594,1,-1,11,4,-3,3,10,5,-7,0,-1,5,1,0,sil
16.929222106933594,1,0,4,4,7,7,11,6,-6,2,4,3,8,4,sil
16.945170879364014,0,0,2,2,11,5,13,4,6,6,3,0,8,4,sil
16.945170879364014,4,5,9,13,7,0,3,-1,10,-9,0,1,5,3,sil
16.96022367477417,0,0,-8,8,-3,-10,-12,-8,1,-21,-7,-5,2,0,sil
16.96022367477417,-8,-15,-12,-22,-21,-13,-23,-4,-4,-11,-9,-14,-4,-9,sil
16.97574520111084,-11,-18,-13,-22,-17,-5,-17,-1,0,-3,0,-13,-6,-12,sil
16.97574520111084,-1,-2,-6,4,1,3,-8,-4,5,-10,0,-6,0,-9,sil
16.991097450256348,14,8,17,10,7,4,-8,-1,3,-2,-1,6,6,0,sil
16.991097450256348,18,6,8,0,4,-3,-9,4,5,17,3,8,7,8,sil
17.00695562362671,0,-5,-5,-7,-5,-4,-3,4,7,14,-1,-4,-2,0,sil
17.00695562362671,-15,-10,-12,-5,-7,9,6,1,4,1,-4,-7,-2,-6,sil
17.022817611694336,-7,1,0,5,6,20,9,4,0,5,2,8,8,3,sil
17.022817611694336,4,15,20,17,12,5,0,4,-4,12,0,16,7,7,sil
17.038134336471558,2,11,5,20,0,-15,-3,0,-1,6,0,7,-1,2,sil
17.038134336471558,0,0,0,11,-4,-3,1,2,0,-2,8,6,-6,5,sil
17.054070711135864,-1,-2,0,-2,-2,11,-1,2,-18,-9,0,-1,-15,-5,sil
17.054070711135864,-7,2,-11,-4,-8,-6,-8,-5,-33,-9,-12,-9,-21,-16,sil
17.069183111190796,1,12,5,8,-2,-17,5,1,-5,3,13,11,0,2,sil
17.069183111190796,10,12,9,10,12,0,16,2,25,14,35,17,18,14,sil
17.084957122802734,0,0,1,-6,9,4,0,-3,6,0,3,-7,0,0,sil
17.084957122802734,-4,-2,-4,-7,0,-1,-7,-5,-14,-11,-20,-13,-12,0,sil
17.100024461746216,2,0,-9,6,6,5,4,0,-1,-1,-12,-6,-1,10,sil
17.1004159450531,0,-2,-4,-6,8,8,8,2,5,-2,-13,-17,-3,2,sil
17.116139888763428,-7,-10,-13,-27,-1,2,9,0,6,-9,-17,-25,-7,-11,thankyou
17.116139888763428,-7,-9,-12,-21,-5,5,7,-1,5,-12,-14,-9,-3,-13,thankyou
17.131776094436646,-6,-6,-7,-9,0,3,2,0,1,-10,-16,-2,-3,-10,thankyou
17.131776094436646,-12,-15,-14,-22,-6,-9,0,0,4,-2,-15,-14,-5,-10,thankyou
17.147732257843018,-12,-20,-8,-34,-15,-9,0,-1,12,6,-2,-6,-1,-8,thankyou
17.147732257843018,-1,-8,-2,-17,-11,-2,-5,-4,2,9,8,6,9,1,thankyou
17.16303825378418,6,1,8,-3,-4,-6,-10,-3,-9,7,11,9,14,12,thankyou
17.16303825378418,8,6,11,4,0,0,-5,1,11,11,21,16,14,17,thankyou
17.179123878479004,13,11,10,19,9,14,7,1,29,16,27,23,20,18,thankyou
17.179123878479004,13,7,26,21,6,9,6,4,5,10,12,17,14,11,thankyou
17.194748163223267,6,0,8,17,1,0,0,5,-10,4,5,4,0,-1,thankyou
17.194748163223267,6,8,3,29,9,6,7,0,-1,-1,14,4,1,0,thankyou
17.20993661880493,3,15,19,35,10,9,2,-1,-8,-7,10,10,6,3,thankyou
17.20993661880493,-8,1,0,19,-1,-8,-19,0,-23,-8,-4,0,-9,-5,thankyou
17.225109577178955,-11,-6,-7,2,-11,-15,-22,-1,-18,-14,-15,-9,-21,-8,thankyou
17.225109577178955,-3,1,-2,1,-6,-1,-2,-2,2,-9,-7,0,0,-3,thankyou
17.24083948135376,0,7,-3,7,1,2,6,2,13,8,2,4,10,-1,thankyou
17.24083948135376,0,6,1,7,2,0,5,5,5,9,0,-1,-6,1,thankyou
17.2564218044281,-7,0,-10,-4,-1,2,1,0,-4,-1,-8,-12,-16,-4,thankyou
17.2564218044281,-12,-11,-14,-27,0,-1,-7,0,-14,-6,-18,-18,-16,-20,thankyou
17.27215886116028,-3,-8,-5,-19,4,-7,-4,-4,-17,-4,-10,-7,-14,-16,thankyou
17.27215886116028,16,5,8,0,1,-9,2,-5,-9,-9,3,13,-2,1,thankyou
17.28770136833191,22,4,14,1,-3,-6,-2,0,5,-4,4,19,8,11,thankyou
17.28770136833191,10,-2,0,3,0,0,-6,2,15,10,5,7,11,9,thankyou
17.30317521095276,9,6,7,12,3,5,0,0,6,7,13,9,11,9,thankyou
17.30317521095276,15,10,4,2,1,3,6,1,-1,-5,9,11,12,11,thankyou
17.319226026535034,12,0,-8,-8,0,3,11,3,6,1,0,0,10,12,thankyou
17.319226026535034,0,-5,-2,-5,2,9,11,3,14,17,-1,-8,0,1,thankyou
17.33513069152832,-15,-7,-10,-3,3,2,0,-2,6,12,-6,-14,-9,-13,thankyou
17.33513069152832,-16,-8,-8,-11,-7,-9,-7,-3,-8,-12,-14,-17,-8,-14,thankyou
17.35027503967285,-13,-5,-11,-18,-16,-8,-3,-6,-20,-30,-13,-20,-11,-9,thankyou
17.35027503967285,-14,-7,-20,-18,-10,1,2,-9,-17,-13,-9,-22,-10,-5,thankyou
17.36589741706848,-17,-8,-5,-15,0,8,7,0,-1,7,-6,-13,-3,-2,thankyou
17.36589741706848,-22,-2,-1,-13,2,6,5,8,4,-1,-10,-9,-8,-6,thankyou
17.381970643997192,-15,-2,0,-5,0,8,1,6,7,-2,-7,-1,-4,-1,thankyou
17.381970643997192,2,-2,9,9,6,13,10,3,25,21,16,12,23,18,thankyou
17.39799666404724,8,1,9,18,12,1,13,3,30,19,23,6,25,14,thankyou
17.39799666404724,4,6,13,10,4,-10,0,4,7,1,5,-1,0,-1,thankyou
17.413700342178345,7,2,6,3,-2,-6,-7,0,2,16,11,10,4,4,thankyou
17.413700342178345,14,2,3,2,0,1,-5,-3,13,21,27,22,20,15,thankyou
17.429060459136963,17,10,6,11,9,-4,-7,-2,8,1,11,15,8,5,thankyou
17.444761753082275,6,11,1,7,8,-14,-9,-6,-15,-15,-20,-1,-15,-10,thankyou
17.444761753082275,-8,-2,1,-11,-10,-12,-15,-8,-33,-24,-27,-5,-23,-15,thankyou
17.444761753082275,-5,-8,2,-8,-12,-1,-16,-6,-23,-14,0,8,-4,-4,thankyou
17.459796905517578,7,8,17,14,2,0,-13,0,-6,4,22,25,10,6,thankyou
17.459796905517578,11,19,14,26,6,-1,-7,4,-3,5,10,17,4,2,thankyou
17.475874185562134,12,7,-10,16,2,3,1,1,-2,-6,-4,-1,-3,-4,thankyou
17.49211812019348,9,0,-5,3,1,9,9,-1,-1,-14,-4,-1,-3,-8,thankyou
17.49211812019348,1,-2,-1,1,0,5,7,0,-5,-15,-4,0,-3,-12,thankyou
17.49211812019348,0,-7,-8,-1,2,1,1,4,-5,-13,-11,-8,-8,-7,thankyou
17.50649118423462,1,-4,-6,-1,6,0,1,6,-1,0,-7,-11,-6,1,sil
17.50649118423462,0,0,-4,8,1,-1,11,2,3,13,-2,-5,3,6,sil
17.523353099822998,0,-1,1,9,0,-2,15,3,5,10,-6,-2,0,8,sil
17.537898302078247,-5,-4,-7,0,0,-1,9,3,8,5,-3,-8,-4,9,sil
17.537898302078247,-10,-5,-8,-2,-3,1,9,0,8,2,-1,-15,-5,3,sil
17.553011417388916,-16,-15,-3,-17,-9,6,9,-6,2,-3,-10,-18,-10,-4,sil
17.553011417388916,-24,-25,-15,-36,-13,-1,-1,-10,-6,-5,-15,-23,-19,-14,sil
17.56781792640686,-16,-12,-4,-24,-11,-4,-8,0,-7,0,-4,-14,-9,-9,sil
17.56781792640686,-2,7,4,5,0,3,2,5,4,15,12,0,13,7,sil
17.583868741989136,0,1,-1,2,-4,7,0,1,3,17,12,1,10,9,sil
17.583868741989136,0,0,0,-3,-3,7,-5,0,-1,0,2,4,0,0,sil
17.599159717559814,15,18,10,14,13,9,-1,0,12,2,13,23,18,12,sil
17.599159717559814,19,16,11,3,10,1,-4,0,20,17,26,33,32,22,sil
17.61410689353943,5,-4,-8,-22,-4,-10,-7,-2,8,5,13,16,16,7,sil
17.61410689353943,0,-4,-5,-14,-3,-10,3,0,0,-7,0,0,8,-5,sil
17.6297550201416,1,0,8,-6,-5,-8,2,2,1,-11,-2,0,8,-9,sil
17.6297550201416,0,-3,2,-18,-6,-7,-14,0,7,-11,7,5,4,-9,sil
17.644749879837036,7,12,10,0,8,-5,-11,2,5,-1,19,9,6,0,sil
17.644749879837036,14,26,13,31,14,-3,0,2,-4,1,11,2,4,0,sil
17.659836530685425,-1,13,5,17,2,-5,-12,-1,-17,-18,-12,-9,-16,-19,sil
17.659836530685425,-8,-1,3,-3,0,-4,-19,-1,-19,-17,-20,-12,-26,-22,sil
17.67472505569458,0,-1,3,7,6,0,-2,0,-11,1,-13,-9,-15,-6,sil
17.67472505569458,-4,2,9,14,5,2,2,-3,-18,-5,-15,-7,-15,-3,sil
17.69042134284973,-5,0,-6,13,2,5,2,-1,-23,-10,-15,-8,-18,-4,sil
17.69042134284973,7,-5,-14,11,1,15,12,5,-11,0,-10,-4,-10,5,sil
17.7060866355896,7,-8,1,7,3,18,19,5,3,6,-6,-2,-3,14,sil
17.7060866355896,0,-5,0,12,14,10,23,-2,18,22,0,0,8,20,sil
17.721269607543945,2,-7,0,4,11,11,22,0,26,36,2,3,14,23,sil
17.721269607543945,-5,-17,-11,-13,-9,4,13,1,21,16,-5,-4,0,7,sil
17.736884832382202,-13,-19,-14,-14,-20,-11,8,0,15,-3,-11,-13,-7,-5,sil
17.736884832382202,-4,-8,-1,-9,-9,-9,3,-1,14,1,-1,5,7,1,sil
17.753053188323975,0,-7,-7,-14,-5,-5,-10,-4,3,0,12,18,10,-3,sil
17.753053188323975,-1,-3,-3,-16,-9,-14,-19,-1,-9,-19,16,11,1,-14,sil
17.768189668655396,4,12,-1,-6,-6,-17,-17,1,-5,-16,19,13,9,-4,sil
17.768189668655396,6,21,3,-2,-6,-14,-23,-2,-9,-11,17,19,8,-4,sil
17.783166885375977,1,20,13,0,-7,-8,-28,-2,-28,-24,1,4,-12,-15,sil
17.783166885375977,1,18,5,16,3,-1,-16,1,-23,-21,-1,-10,-11,-6,sil
17.79902720451355,4,13,12,20,10,3,-7,1,-13,-5,9,2,5,8,sil
17.79902720451355,0,5,7,17,5,10,0,-2,-14,4,6,5,6,9,sil
17.81407904624939,-5,-2,-2,11,6,18,8,-6,-14,8,-13,-15,-5,0,sil
17.830069541931152,-12,-11,-3,-8,6,18,15,-3,-3,13,-17,-24,-8,0,sil
17.830069541931152,-13,-20,-19,-23,0,11,24,0,12,19,-7,-22,0,0,sil
17.84607434272766,-2,-17,-4,-17,-5,9,31,9,26,17,-13,-15,1,0,sil
17.84607434272766,0,-11,-2,-10,-3,8,29,11,41,20,-14,-8,4,5,sil
17.84607434272766,-1,-10,-11,-17,-2,-1,12,6,42,15,-1,-3,8,5,sil
17.8616943359375,1,-2,5,-14,-7,-10,-6,2,23,0,5,5,6,0,sil
17.877748489379883,5,1,-1,10,0,-10,-5,-2,16,6,10,13,13,3,sil
17.877748489379883,10,3,11,13,9,-6,-8,-4,13,6,12,17,11,8,sil
17.894449472427368,14,5,11,0,1,-9,-21,-5,0,-17,4,9,-4,-2,sil
17.894449472427368,7,5,-10,5,-1,-13,-15,-3,-8,-15,0,0,-14,-10,sil
17.894449472427368,3,7,7,11,5,1,2,5,-11,1,3,5,-5,-1,sil
17.908111095428467,0,2,-3,2,3,6,7,2,-23,-6,1,4,0,0,sil
17.908111095428467,-4,0,0,0,0,-3,-3,-1,-40,-25,-2,-1,-7,-5,sil
17.923192024230957,1,11,12,16,9,-2,-3,-2,-28,-8,5,4,-5,-1,sil
17.939135551452637,13,16,0,25,15,1,2,-1,-7,14,19,13,15,8,sil
17.939135551452637,9,9,21,10,5,0,-5,6,-11,4,18,18,16,16,sil
17.955585718154907,-10,1,0,0,-5,-2,-12,3,-10,-5,2,3,-8,1,sil
17.955585718154907,-19,-1,-17,-4,-16,-7,-17,-4,-2,-5,-23,-17,-23,-17,sil
17.955585718154907,-14,-8,9,-14,-17,-3,-20,-5,-5,-7,-29,-17,-17,-13,sil
17.969739198684692,-19,-20,-19,-23,-7,2,-5,-6,0,0,-10,-13,-9,-7,sil
17.985007286071777,-16,-14,-10,-23,-6,5,3,2,3,3,-4,-4,-5,-9,sil
17.985007286071777,3,5,25,-4,0,9,8,6,7,2,-3,5,2,0,sil
18.001192569732666,15,10,-24,19,16,10,21,-6,15,6,6,0,13,10,sil
18.001192569732666,16,5,-20,12,17,6,20,-7,11,0,5,-1,9,8,sil
18.01676630973816,3,-1,27,-8,2,6,8,0,3,-6,-7,4,1,2,sil
18.01676630973816,-8,-6,-4,-9,-4,0,4,-2,10,1,-8,-3,4,0,sil
18.03184151649475,2,-5,-6,1,-3,-5,0,0,5,-6,-6,-4,3,1,sil
18.03184151649475,15,1,13,7,0,0,3,5,2,-13,-2,4,0,0,sil
18.04751944541931,5,0,-13,6,0,3,13,1,15,8,8,1,1,1,sil
18.04751944541931,-2,-8,0,-6,-2,0,8,5,13,15,7,-2,1,0,sil
18.06320571899414,-1,-10,4,-9,0,0,2,2,6,7,1,-2,0,-4,sil
18.06320571899414,4,0,-6,1,0,-4,-2,0,4,4,6,0,3,1,sil
18.085192680358887,3,7,15,5,-4,-9,-10,4,-3,0,11,10,2,9,sil
18.085192680358887,-2,0,-5,2,-9,-4,-5,2,-2,8,11,6,0,0,sil
18.085192680358887,-5,-2,-7,-1,-8,2,-5,0,0,11,2,-4,-5,-2,sil
18.094776153564453,-14,0,2,-4,-4,0,-12,-1,-11,-1,-15,-13,-13,-4,sil
18.110769748687744,-14,-5,-7,-4,-5,-11,-10,-2,-21,-8,-19,-14,-14,-12,sil
18.110769748687744,1,-1,14,-4,-5,-9,-2,0,-18,-12,-6,-2,-9,-9,sil
18.125932216644287,0,5,6,3,0,-1,1,-4,-4,-10,1,0,0,0,sil
18.125932216644287,-2,5,0,7,5,0,0,-5,3,0,3,2,9,2,sil
18.141570806503296,6,3,8,-1,7,1,-7,-1,1,5,8,13,11,0,sil
18.141570806503296,3,0,-9,-6,5,-2,-8,-4,-3,-4,11,8,7,0,sil
18.15712571144104,0,6,4,0,1,-5,-2,0,-5,-8,7,2,2,5,sil
18.15712571144104,2,9,1,10,5,3,3,4,-1,0,3,2,3,5,sil
18.17318844795227,-2,3,-5,5,6,7,1,1,0,-1,1,2,5,8,sil
18.17318844795227,0,7,6,1,9,8,5,3,2,5,12,6,12,13,sil
18.189139366149902,23,11,0,14,17,12,21,6,18,23,19,11,18,10,sil
18.189139366149902,24,7,7,20,14,13,15,1,15,4,2,19,5,3,sil
18.20402455329895,0,0,0,7,1,2,-1,-4,0,-12,-8,4,-6,-6,sil
18.20402455329895,-3,-8,-15,-17,-11,-4,-6,-1,-9,-6,-10,-16,-5,-14,sil
18.219927310943604,-4,-12,-8,-23,-10,1,-7,1,-6,-9,-14,-13,-8,-10,sil
18.219927310943604,-12,-7,-7,-4,0,1,-6,-3,1,-17,-17,-8,-16,-8,sil
18.235187292099,-2,1,10,4,2,-5,-4,1,1,-5,-13,-6,-12,-5,sil
18.235187292099,3,0,9,2,-2,-4,6,7,4,6,-3,1,-1,2,sil
18.25120520591736,-8,-10,-10,-4,-5,0,15,2,8,8,0,-1,-1,5,sil
18.25120520591736,-13,-8,-5,-7,-4,1,11,-3,0,12,0,-9,-7,0,sil
18.266781091690063,-6,0,-2,-6,-9,-5,-4,-5,-12,8,0,-6,-12,-5,sil
18.266781091690063,-3,-3,4,-6,-17,-16,-18,0,-14,-7,-2,-1,-13,-8,sil
18.281941413879395,-5,-8,1,3,-10,-7,-10,-1,-4,-2,-8,-6,-4,-6,sil
18.281941413879395,0,-5,0,8,3,7,4,-1,0,10,-9,-10,1,3,sil
18.29757261276245,6,-1,11,-5,3,6,6,3,0,0,-2,0,-1,11,sil
18.29757261276245,8,-1,-1,-10,-6,-1,0,0,1,-4,2,4,0,4,sil
18.31350994110108,2,-2,-2,-4,-9,0,0,-4,4,7,1,0,9,0,sil
18.31350994110108,0,0,2,-2,0,3,3,0,10,16,5,6,19,14,sil
18.32824683189392,5,6,1,0,7,1,4,1,15,5,17,16,25,22,sil
18.32824683189392,5,5,4,3,5,-2,-1,0,10,-4,18,14,19,5,sil
18.34418559074402,-2,1,-5,0,0,-9,-8,-6,-7,-10,9,3,4,-13,sil
18.34418559074402,-6,1,-4,-5,-2,-7,-15,-10,-25,-22,-1,-6,-11,-21,sil
18.35920763015747,-6,1,0,0,1,1,-6,1,-17,-23,-3,-11,-10,-19,sil
18.35920763015747,-2,6,-1,4,11,5,8,12,0,-6,5,-4,0,-8,sil
18.37510848045349,2,12,5,11,12,0,6,3,0,6,12,3,4,1,sil
18.37510848045349,-1,2,2,9,7,-2,-1,-4,-1,3,0,-2,-1,-1,sil
18.3908007144928,-9,0,0,1,5,2,-1,2,3,-4,-19,-7,-10,-7,sil
18.3908007144928,-2,11,-2,8,5,10,1,3,12,0,-11,3,-6,2,sil
18.40630507469177,10,10,0,13,5,11,10,1,18,14,7,17,3,19,sil
18.40630507469177,15,4,9,8,11,9,20,6,18,18,11,15,13,24,sil
18.42231702804565,16,5,5,18,13,7,11,3,12,12,7,2,12,16,sil
18.42231702804565,10,0,5,12,-4,-4,-8,0,-3,1,6,3,-1,4,sil
18.43811869621277,0,-7,-2,-13,-19,-14,-14,0,-14,-1,5,8,-6,-3,sil
18.43811869621277,-3,-11,-13,-17,-12,-13,-8,0,-9,4,-3,-5,0,-9,sil
18.453903198242188,-9,-15,-6,-10,-10,-2,-4,-1,-9,1,-22,-22,-10,-14,sil
18.453903198242188,-19,-19,-6,-14,-17,2,-6,-7,-19,-13,-29,-23,-22,-19,sil
18.469756364822388,-11,-12,-4,-12,-10,0,-6,-5,-14,-14,-11,-13,-15,-12,sil
18.469756364822388,0,-1,-2,-4,1,-3,0,0,6,5,1,-7,0,1,sil
18.485281229019165,-4,-3,0,-13,-3,0,2,1,11,6,-3,-7,4,7,sil
18.485281229019165,-7,-7,5,-18,-7,2,4,0,7,-5,0,-1,3,2,sil
18.50111198425293,5,1,2,4,2,0,9,1,9,-1,12,8,3,2,sil
18.50111198425293,13,6,8,11,0,-1,-3,0,-7,-1,4,9,-8,1,sil
18.51614165306092,-1,1,-1,-10,-9,-1,-16,-6,-21,-12,-1,3,-15,-6,sil
18.51614165306092,-4,3,-4,-12,2,-3,-5,-3,0,-1,8,12,10,-2,sil
18.53223466873169,15,15,21,15,20,0,9,10,22,19,20,32,36,15,sil
18.547809839248657,17,17,12,24,19,8,14,10,16,21,23,22,27,21,sil
18.547809839248657,1,8,-1,7,6,4,11,1,6,4,14,2,12,14,sil
18.547809839248657,3,4,0,8,5,0,9,0,9,-7,3,4,14,9,sil
18.563168048858643,10,2,-5,12,5,0,3,-1,6,-9,-5,0,7,0,sil
18.563168048858643,-1,-4,-3,-3,-5,-3,-4,-5,-7,-8,-17,-18,-12,-10,sil
18.5790274143219,-12,-9,-5,-14,-11,-4,-5,-5,-10,-11,-18,-23,-18,-16,sil
18.5790274143219,-12,-5,-2,-11,-5,-4,-8,-4,-13,-22,-12,-14,-16,-20,sil
18.59441041946411,-16,1,-5,-2,0,-5,-10,-3,-18,-18,-8,-15,-15,-17,sil
18.611165523529053,-12,0,-9,10,4,4,0,4,-12,-2,-2,-14,-15,-10,sil
18.611165523529053,0,-3,5,7,2,9,0,7,-8,1,0,0,-16,-9,sil
18.611165523529053,-6,-2,4,-2,-2,-1,-11,0,-17,0,-8,0,-13,-10,sil
18.627195358276367,-19,0,-3,4,0,5,-5,0,-15,2,-22,-16,-15,-4,sil
18.627195358276367,-4,-2,-3,16,13,26,17,3,6,8,-15,-13,-12,2,sil
18.64172053337097,17,0,-4,13,10,18,26,1,22,24,8,8,8,16,sil
18.64172053337097,16,1,7,4,-6,0,17,1,20,34,16,22,22,29,sil
18.656213760375977,3,-10,0,-3,-11,-5,4,-3,9,17,6,4,8,21,sil
18.6717791557312,0,-17,-6,-15,-3,-9,-9,-8,2,0,-1,-4,0,3,sil
18.6717791557312,2,-7,0,-16,-7,-10,-20,-3,1,-1,0,8,7,-4,sil
18.687116146087646,1,-7,-8,-16,-14,-10,-17,0,7,0,7,14,11,-2,sil
18.687116146087646,5,-7,5,-15,-3,-9,-2,6,22,1,15,18,17,9,sil
18.70243811607361,6,6,9,-7,5,-5,3,2,28,-3,17,22,27,15,sil
18.70243811607361,5,11,0,-10,-6,-12,-7,-3,6,-13,13,10,17,0,sil
18.71823167800904,12,12,2,-7,-8,-16,-11,0,-8,-1,20,9,10,-2,sil
18.71823167800904,13,17,9,12,9,-5,-1,1,2,19,27,14,22,9,sil
18.73379945755005,1,13,8,13,11,0,-1,1,-2,6,11,4,11,-1,sil
18.73379945755005,-2,9,-4,9,2,1,0,3,-20,-13,-1,-4,-11,-13,sil
18.749245405197144,0,15,3,25,5,8,5,1,-28,-22,-9,-6,-22,-8,sil
18.749245405197144,-7,12,10,26,4,9,-7,-9,-37,-31,-26,-19,-32,-18,sil
18.764927625656128,-21,-8,-10,5,0,3,-11,-10,-31,-23,-28,-34,-32,-27,sil
18.764927625656128,-18,-15,-3,-8,2,11,13,5,-2,1,-11,-21,-13,-9,sil
18.780107498168945,-11,-9,-3,-7,0,12,26,9,15,11,-14,-13,-8,3,sil
18.78048586845398,-12,-10,-13,-10,-8,0,7,0,5,1,-33,-22,-21,-1,sil
18.79617571830749,-9,-9,0,-18,-4,-1,0,0,7,6,-12,-10,-5,0,sil
18.79617571830749,2,-9,-4,-22,-4,-2,0,1,19,16,13,7,14,7,sil
18.81209921836853,7,-11,-5,-13,-7,-3,-11,-5,6,-6,-6,8,-5,1,sil
18.81209921836853,4,-1,1,8,7,8,-1,-2,-1,-17,-17,2,-14,-4,sil
18.82718086242676,10,7,5,13,15,14,16,6,13,9,4,5,8,2,thankyou
18.82718086242676,10,0,9,-6,1,6,12,4,17,20,11,8,13,13,thankyou
18.842920064926147,-1,-4,0,-7,0,2,7,-2,4,6,13,9,8,12,thankyou
18.842920064926147,0,5,-1,9,6,1,5,3,0,3,22,13,12,3,thankyou
18.85907769203186,4,11,-4,11,2,-7,-7,0,-5,2,13,8,12,0,thankyou
18.85907769203186,1,8,-1,7,0,-12,-8,-8,-8,-4,2,1,11,5,thankyou
18.874303579330444,5,6,15,11,-2,-6,0,-5,-6,-3,9,9,13,9,thankyou
18.874303579330444,11,0,3,8,-3,-5,-7,-2,-8,5,11,7,7,2,thankyou
18.89003133773804,10,-1,2,0,-4,-6,-14,-1,-9,0,5,1,8,0,thankyou
18.89036679267884,9,4,10,3,-4,-2,-5,1,3,-1,13,11,13,5,thankyou
18.905064582824707,3,5,-2,8,0,0,-5,0,1,2,14,7,0,0,thankyou
18.905064582824707,-9,0,-4,-2,2,0,-10,0,-14,1,-9,-14,-16,-15,thankyou
18.921122550964355,-17,-5,-11,-8,0,1,0,1,-1,-3,-28,-20,-14,-14,thankyou
18.921122550964355,-14,-7,-7,-8,-3,0,2,0,9,-4,-24,-5,-11,0,thankyou
18.93716406822205,-6,-1,3,0,0,2,6,2,6,6,-11,-1,-8,4,thankyou
18.93716406822205,-3,0,-2,8,3,4,14,1,11,9,-3,-10,-4,-2,thankyou
18.953184843063354,-7,-7,-5,-3,0,1,8,0,12,-5,-8,-10,-5,-4,thankyou
18.953184843063354,-8,-8,-8,-13,-1,8,3,0,10,0,-4,-4,0,0,thankyou
18.96893119812012,1,3,1,7,2,11,7,2,17,18,7,4,5,5,thankyou
18.96893119812012,9,8,11,16,6,2,1,-2,3,1,9,8,-5,1,thankyou
18.984739542007446,5,0,-3,-2,0,-5,-7,-9,-26,-28,1,5,-12,-5,thankyou
18.984739542007446,3,0,1,-8,-6,-5,-1,0,-27,-19,6,10,-5,0,thankyou
18.999897718429565,6,0,5,1,0,-2,4,6,1,7,23,13,7,6,thankyou
18.999897718429565,4,-4,2,-10,0,-5,-6,3,12,6,19,5,17,0,thankyou
19.01497292518616,-6,-12,-7,-30,-13,-9,-17,-2,-7,-13,-5,-9,9,-8,thankyou
19.01497292518616,-13,-14,-13,-20,-11,-11,-8,0,-15,-14,-21,-22,-4,-10,thankyou
19.030977487564087,-11,-4,2,-11,2,-5,-5,5,-8,-9,-21,-19,-9,-11,thankyou
19.030977487564087,-15,-3,-10,-16,-8,0,-15,-3,-15,-11,-20,-24,-10,-14,thankyou
19.04614925384521,-5,-1,-10,-2,-15,2,-10,-11,-9,3,-10,-16,-1,0,thankyou
19.04614925384521,17,19,26,18,3,6,2,0,15,25,8,16,12,16,thankyou
19.061275005340576,16,14,12,12,0,0,1,4,10,14,8,18,4,4,thankyou
19.061275005340576,3,-5,-1,4,-7,2,0,-1,-12,-7,1,5,-6,-5,thankyou
19.077321767807007,14,12,12,33,26,17,10,0,0,1,14,20,7,17,thankyou
19.077321767807007,28,32,20,42,42,14,17,4,16,11,20,31,14,30,thankyou
19.09290862083435,14,12,14,16,12,5,15,3,7,6,6,15,2,13,thankyou
19.09290862083435,-4,-4,-9,0,0,3,15,0,7,6,-4,-5,-2,0,thankyou
19.10793876647949,-3,-2,-13,-6,4,-2,14,0,23,12,-5,-8,0,1,thankyou
19.10793876647949,-2,-5,-11,-10,-2,-3,16,1,28,20,11,0,10,3,thankyou
19.12314200401306,-13,-11,-13,-5,-10,0,5,0,6,7,10,-3,2,0,thankyou
19.12314200401306,-24,-12,-4,-8,-7,-2,-9,-1,-16,-21,-17,-16,-25,-14,thankyou
19.13999438285828,-15,-10,-4,-13,-1,-8,-6,-1,-6,-13,-13,-9,-17,-16,thankyou
19.14008045196533,4,0,3,-3,-1,-5,0,-1,5,3,8,6,9,-1,thankyou
19.15404343605041,5,2,-3,-1,-4,-4,-5,-4,-9,-11,-1,0,1,-3,thankyou
19.15404343605041,-2,-3,-8,-5,-3,-6,-9,0,-16,-11,-12,-12,-11,-11,thankyou
19.17053246498108,5,5,13,8,0,1,-3,5,1,9,7,2,7,0,thankyou
19.17053246498108,10,10,8,12,0,6,-5,0,4,5,17,12,23,10,thankyou
19.186304092407227,0,-4,2,-6,-3,0,-14,-3,-14,-14,0,2,3,-5,thankyou
19.20201849937439,-1,-4,6,3,1,-2,-12,0,-20,-19,-12,-1,-7,-16,thankyou
19.20201849937439,1,6,0,17,5,-6,-7,0,-12,-15,-12,0,0,-4,thankyou
19.20201849937439,-10,-4,-6,-12,-11,-13,-14,-3,-16,-14,-13,-6,-5,2,thankyou
19.217517137527462,-15,-19,-15,-26,-19,-6,-6,-1,-9,-2,0,-8,-10,0,thankyou
19.233633756637573,0,-6,0,-2,-5,6,8,1,1,10,15,1,-1,2,thankyou
19.233633756637573,2,3,5,8,0,9,7,-1,1,10,5,-4,-4,3,thankyou
19.233633756637573,-13,-6,-17,-6,-3,-1,-9,-4,-7,0,-19,-22,-17,-7,thankyou
19.25014638900757,-14,-10,-8,-20,-3,-5,-13,3,-6,0,-15,-13,-14,-7,thankyou
19.25014638900757,0,0,0,-7,4,4,4,4,6,12,5,0,2,6,thankyou
20.8051278591156,19,10,8,5,3,-3,-8,1,3,13,6,17,15,9,thankyou
20.8051278591156,21,8,8,4,2,-3,-11,-1,-5,-1,1,10,2,1,thankyou
20.82109498977661,10,0,-3,-8,-3,2,-2,-2,2,3,8,3,2,0,thankyou
20.82109498977661,4,2,9,-4,-2,3,1,2,20,17,24,12,18,3,thankyou
20.8360857963562,7,12,9,10,3,0,2,1,17,15,19,12,10,0,thankyou
20.8360857963562,9,14,1,6,-3,1,0,-8,-8,-6,0,0,-9,-6,thankyou
20.85172152519226,11,14,14,1,-10,5,-7,-2,-22,-17,0,0,-6,-4,thankyou
20.85172152519226,12,14,11,17,4,4,-3,8,-4,-2,14,13,7,13,thankyou
20.86686420440674,5,10,10,20,15,0,4,2,8,4,18,18,1,20,thankyou
20.86686420440674,-2,6,0,10,8,1,9,-6,8,-1,7,-1,-13,0,thankyou
20.882094144821167,-6,-2,-6,6,2,1,3,-5,-6,-4,-5,-22,-34,-16,thankyou
20.882094144821167,-15,-10,-4,-2,3,0,-8,-2,-26,-8,-12,-19,-57,-15,thankyou
20.897493600845337,-23,-9,-17,-9,1,-4,-7,-3,-17,-15,-7,-7,-49,-13,thankyou
20.897493600845337,-12,-1,-2,0,0,-10,3,0,5,-12,-2,3,-16,-5,thankyou
20.91271710395813,-3,-5,2,-5,-2,-8,2,0,3,0,-9,3,-19,2,thankyou
20.91271710395813,-10,-17,-14,-26,-8,-1,-5,-1,-8,-3,-22,-8,-25,-5,thankyou
20.92808771133423,-7,-14,-9,-21,-11,3,3,7,0,-6,-18,-6,60,-5,thankyou
20.9431893825531,8,0,1,6,0,9,20,8,17,15,5,10,138,15,thankyou
20.9431893825531,19,9,14,16,13,16,23,7,23,35,15,16,78,24,thankyou
20.9431893825531,13,1,10,8,11,11,17,4,15,19,8,3,3,12,thankyou
20.95919847488404,0,-11,-7,0,2,-2,4,-2,3,0,0,-4,12,1,thankyou
20.95919847488404,-2,-10,-3,-4,-2,-1,-2,-4,5,5,0,3,12,3,thankyou
20.97458958625793,4,0,-7,0,-4,1,0,-1,15,10,3,0,-18,0,thankyou
20.97458958625793,3,0,-5,0,-7,-10,-8,-1,-1,-10,-9,-11,-36,-7,thankyou
20.99001955986023,-7,-8,-5,-16,-8,-12,-17,-3,-14,-16,-15,-8,-28,-6,thankyou
20.99001955986023,-11,-12,-14,-22,-13,-7,-17,0,-9,-7,0,-6,-13,-4,thankyou
21.006839513778687,-8,-4,-3,-14,-23,-19,-34,-1,-21,-24,-1,-9,-18,-15,thankyou
21.006839513778687,-1,5,1,-1,-15,-26,-32,-6,-24,-28,-2,-2,-26,-16,thankyou
21.021111965179443,11,17,11,6,7,-7,-2,-1,3,1,18,13,-11,0,thankyou
21.03816938400269,14,23,18,14,23,10,0,3,12,12,23,15,0,3,thankyou
21.03816938400269,1,14,4,12,14,7,-9,0,-4,-1,8,5,-7,-3,thankyou
21.03816938400269,0,14,8,15,5,2,8,0,-10,-7,4,6,-14,-4,thankyou
21.05374956130981,2,17,11,19,12,12,21,0,-5,-8,0,1,-8,0,thankyou
21.05374956130981,0,0,10,6,15,27,19,1,1,6,-11,-8,16,5,thankyou
21.069939374923703,0,-9,5,1,10,30,30,10,16,33,0,-6,36,12,thankyou
21.069939374923703,-3,-4,-12,7,6,12,25,5,14,19,-4,-9,7,5,thankyou
21.083194732666016,-15,-10,-7,-3,-4,0,5,0,-2,-9,-29,-15,-20,-9,thankyou
21.100745677948,-7,-10,-8,-6,-10,1,2,-2,0,0,-20,-5,-2,-3,thankyou
21.100745677948,5,-1,-9,6,-5,2,2,-3,5,4,-1,3,2,7,thankyou
21.11482858657837,3,-1,-2,3,-5,-1,-7,-1,1,-7,-3,4,-7,5,thankyou
21.11482858657837,2,-6,-8,-8,-7,-13,-14,-4,1,-2,4,4,3,4,thankyou
21.130512952804565,3,-5,-1,-13,-6,-25,-22,-7,-5,-4,11,6,4,7,thankyou
21.130512952804565,-2,-5,-2,-10,-6,-20,-23,-2,-4,-4,5,0,-4,-1,thankyou
21.146095991134644,-8,0,-7,-3,-6,-4,-12,5,3,-1,0,-7,0,-11,thankyou
21.146095991134644,-7,7,3,-1,0,1,-3,2,-7,-1,2,-2,6,-8,thankyou
21.161247491836548,2,7,3,0,6,0,5,0,-12,11,22,12,17,6,thankyou
21.161247491836548,16,8,14,2,4,0,9,7,3,28,31,22,22,18,thankyou
21.17708659172058,9,2,11,-2,-3,0,7,10,2,14,8,6,9,6,thankyou
21.17708659172058,0,-5,0,-9,-10,-3,4,3,-7,-5,-6,-6,-2,-4,thankyou
21.19283080101013,3,1,5,0,-2,-2,3,-2,0,-5,1,1,-3,0,thankyou
21.19283080101013,3,4,-6,8,10,3,10,-7,11,-1,5,3,-1,1,thankyou
22.57609248161316,-1,-3,-4,10,-3,14,4,-2,10,14,-3,-10,-1,-5,thankyou
22.57609248161316,0,-2,-3,3,-1,2,3,-1,4,5,0,0,-3,-7,thankyou
22.592113256454468,-9,0,-6,7,3,3,1,1,9,0,3,3,-2,0,thankyou
22.592113256454468,-10,-5,-3,11,7,8,3,4,19,14,0,-9,-6,-2,thankyou
22.607802629470825,0,-11,2,6,6,11,5,3,17,22,0,-9,-5,-3,thankyou
22.607802629470825,-3,-11,-8,1,0,4,0,-1,12,7,-1,-6,-1,2,thankyou
22.62337684631348,-9,-10,0,-3,-3,0,-6,-3,12,0,-10,-9,-1,4,thankyou
22.638935089111328,-9,-17,-6,-11,-3,-2,-5,-7,14,19,-14,-11,2,1,thankyou
22.638935089111328,-8,-19,-18,-22,-6,-4,-3,-5,14,19,-10,-7,6,3,thankyou
22.638935089111328,4,-1,2,-20,-4,-3,4,5,16,4,1,4,14,10,thankyou
22.65484547615052,11,5,0,-10,-1,-3,13,5,10,-1,1,3,18,9,thankyou
22.65484547615052,-6,-10,-12,-28,-10,-8,5,0,-5,-13,-23,-10,-6,-6,thankyou
22.670058488845825,-17,-12,-16,-46,-13,-2,4,1,-4,-22,-26,-20,-25,-20,thankyou
22.670058488845825,-5,3,-7,-27,-5,0,8,0,4,-19,-8,-13,-9,-14,thankyou
22.685810089111328,0,5,5,-9,-5,-10,-3,-2,-3,-17,-7,0,1,-8,thankyou
22.685810089111328,-4,0,-4,-11,-8,-16,-6,1,-13,-6,-6,1,0,-5,thankyou
22.701001167297363,0,10,2,-2,-8,-4,1,6,-5,0,11,6,7,4,thankyou
22.701001167297363,14,12,14,16,-4,-3,-2,1,0,-7,23,19,18,15,thankyou
22.71658086776733,16,-1,5,9,-2,-14,-14,-3,-5,-4,20,22,15,11,thankyou
22.71658086776733,7,0,8,-7,1,-9,-15,0,-11,4,11,14,1,0,thankyou
22.73204708099365,10,16,12,10,15,2,-9,-3,-10,1,16,10,0,0,thankyou
22.73204708099365,24,24,25,43,22,2,-6,-5,-12,-2,28,20,3,5,thankyou
22.74813747406006,19,20,18,41,11,-4,-9,-1,-16,-1,27,27,4,3,thankyou
22.74813747406006,5,14,5,22,5,-7,-9,1,-13,-3,21,17,3,-2,thankyou
22.764189958572388,3,18,15,18,7,0,-7,0,-16,-13,18,7,-2,-4,thankyou
22.764189958572388,-1,12,0,20,7,3,-5,-3,-17,-20,0,-6,-16,-10,thankyou
22.779698848724365,-7,-6,-6,13,8,12,0,1,-7,-15,-17,-13,-18,-11,thankyou
22.779698848724365,-1,-10,2,12,10,24,19,8,8,3,-7,-4,0,4,thankyou
22.79508709907532,3,0,-3,9,0,18,29,0,14,12,1,-2,8,14,thankyou
22.79508709907532,1,-3,6,-1,-4,7,12,-2,15,16,-6,0,-1,10,thankyou
22.81097412109375,-6,-19,-2,-13,0,10,8,0,23,20,-9,-3,0,2,thankyou
22.81097412109375,-16,-19,-16,-24,-3,10,15,0,12,2,-20,-15,-3,-2,thankyou
22.82600688934326,-18,-7,-9,-18,-10,0,4,2,-1,-3,-24,-21,-12,-2,thankyou
22.82600688934326,-11,-4,-10,-5,-8,-6,-5,0,3,15,-8,-15,-4,0,thankyou
22.841055631637573,-11,-10,-12,-14,-5,0,-2,-5,7,13,-15,-16,0,-2,thankyou
22.85623455047608,-19,-16,-21,-17,-6,1,-1,-5,-2,-4,-29,-30,-11,-11,thankyou
22.85623455047608,-12,-13,-11,-5,-7,-3,-5,1,-5,-2,-14,-28,-8,-6,thankyou
22.871755123138428,0,-3,-1,-5,-4,-2,-6,-1,-4,2,-2,-7,2,1,thankyou
22.871755123138428,-1,-1,-16,-11,0,-3,-4,-7,-6,0,-6,0,3,0,thankyou
22.88717746734619,-3,-5,-3,-8,-1,-7,0,1,0,2,-1,0,6,0,thankyou
22.88717746734619,7,0,5,0,-3,2,5,4,11,9,6,9,10,3,thankyou
22.90277409553528,11,7,2,5,1,5,5,-1,11,12,9,15,1,-1,thankyou
22.90277409553528,2,6,10,1,4,-3,4,-1,4,0,8,17,-1,-5,thankyou
22.918800115585327,8,4,9,3,2,-9,-1,4,3,-2,12,21,10,6,thankyou
22.918800115585327,23,9,14,6,0,-4,-6,6,3,9,20,32,18,19,thankyou
22.93413043022156,18,9,11,7,2,3,4,0,9,17,24,29,19,16,thankyou
22.93413043022156,7,1,3,1,3,8,3,-1,6,5,16,15,13,4,thankyou
22.94998574256897,6,1,6,-3,0,0,-10,5,-4,-6,8,8,2,-2,thankyou
22.94998574256897,2,7,0,0,0,-14,-9,4,0,-12,4,0,-3,-3,thankyou
22.96532392501831,0,5,5,7,1,-12,-8,-2,3,-18,-6,-9,-4,0,thankyou
22.96532392501831,0,0,0,6,3,-6,-10,-2,-4,-16,-6,-9,-1,-5,thankyou
